0.0000000 0.7419424 0.6853946 0.5451215 0.5606349 0.5817728 0.4946369 0.4518967 0.6016813 0.5660678 0.3186458 0.4096522 0.6536569 0.5011173 0.2494266 0.3465051 0.5783749 0.1320250 0.1561077 0.3990908 0.3816027 0.5818082 0.4455933 0.3765068 0.2276112 0.3381597 0.3332087 -0.4779237 0.3397921 0.1998947 0.1303816 0.1956361 0.0049275 0.5400120 0.2671467 0.2147942 0.1135904 0.4101604 0.2559776 0.1799886 0.5226167 0.0518640 0.2641575 -0.3237776 0.0976533 0.1129234 0.1609374 0.5826668 0.1893956 -0.0634434 0.1932667 0.3840735 0.4518524 0.0357715 0.6696163 0.2485543 0.1820396 0.0748912 0.0419659 0.0957635 0.1382368 0.2926187 0.3310842 0.2876767 0.2854192 0.2209338 0.2530715 0.1222454 0.4474047 0.3295958 0.0022052 0.2963936 0.1155582 0.3079183 -0.0996689 0.2542649 0.4769904 -0.3328790 0.1014631 0.7258511 -0.4156223 -0.2197369 -0.1922835 -0.0543983 0.0630121 -0.2063655 0.4361479 -0.1446417 0.1606917 -0.0091767 0.0869774 0.1284985 0.1315612 -0.1352505 0.2211511 0.3833207 0.5380084 0.0481051 0.3215239 -0.2426802 -0.0185495 -0.0498676 -0.0929754 -0.4421840 0.1382156 0.1265319 -0.1477430 -0.2068497 -0.1997221 -0.1435854 -0.2279182 -0.0764134 -0.1646912 0.1065626 0.1200908 0.1057435 0.1251282 0.1945163 0.0595518 0.2120533 0.1526564 0.4256977 -0.0937024 0.4309484 0.4550500 0.3879036 0.3094417 0.1656088 0.4027944 0.2866553 0.3061645 -0.1118115 0.3477293 0.4538874 -0.3192761 0.0359910 0.3553751 0.3970618 0.3693825 0.3790076 -0.0304896 0.4383501 0.2591789 0.5604313 0.4380988 -0.1224937 0.3076485 0.4433382 0.2156942 0.5563794 0.1724372 -0.1743084 0.4140357 -0.0475268 0.3986925 -0.2453405 0.1777514 0.2251262 0.3814932 0.0844305 0.4910656 0.4320644 -0.2191639 -0.0313602 0.3546653 -0.1182336 -0.2065718 0.2810438 0.4130514 0.2350858 0.1778679 0.3931752 0.7950214 0.5045802 0.5603169 0.5113806 0.4031664 0.5433922 0.4077816 0.1738934 -0.0299735 -0.0423635 0.0102607 0.2421775 0.1118587 0.2099370 0.1966471 0.1536962 0.5531303 0.5895133 0.3062676 0.7111514 0.7335936 0.2014279 0.3153491 0.4012743 0.5776658 0.6114178 0.4934788 0.4482763 0.2033764 0.2543433 -0.0562740 0.1834547 0.0004147 0.5381582 0.4591577 0.4233483 -0.1336733 0.4315429 -0.1905439 0.3805810 0.0522446 0.0961206 0.3105936 -0.0329732 0.2219085 0.3422702
0.7419424 0.0000000 0.6656368 0.7637552 0.3763619 0.7603385 0.4664185 0.6676240 0.6527659 0.5838534 0.4577850 0.5075474 0.6676631 0.1789678 0.5444404 0.4684444 0.4417759 0.2047757 0.3205135 0.2074478 0.5336803 0.5256364 0.5319591 0.4452830 0.3329448 0.4953955 0.0720398 -0.4922625 0.4660581 -0.1118589 0.2312968 0.4155417 -0.0103555 0.5075887 0.5060091 0.4428830 0.3848689 0.6590554 0.2302368 -0.1256523 0.6684770 0.3172920 0.4675614 -0.3001469 0.2457585 0.3907831 0.3982196 0.7678768 0.1706241 0.3442316 0.4652060 0.2601774 0.5552014 -0.0035503 0.7993090 0.5088345 0.4618983 0.2326176 0.4408822 0.4209981 0.4574119 0.4947463 0.4768052 0.5383508 0.6353288 0.5162495 0.5261361 0.3563698 0.5896721 0.5283678 0.3568534 0.6084738 0.4206105 0.6410082 0.3411859 0.5265720 0.6790374 -0.2338807 0.3029989 0.6301778 -0.4078874 -0.2884110 -0.0940083 -0.0648806 0.0536619 0.0598695 0.2170538 -0.3380485 0.2149068 0.0336176 0.2632703 0.0317915 0.1318589 -0.3436495 0.2575536 0.2591143 0.4041372 0.1995061 0.1497475 -0.5146604 -0.2548121 -0.0055401 0.1061565 -0.5561056 0.3379972 0.0012410 0.1574687 0.0571410 0.0384120 0.1464827 0.0578744 0.2237883 0.1061762 0.2126301 0.1626279 0.1111021 0.1426941 0.2935957 0.1913765 0.4359621 0.3223325 0.4697665 0.2082683 0.2675724 0.2386981 0.2941049 0.4425828 0.3028256 0.2062006 0.2995200 0.1359374 0.1420858 0.2463989 0.2685347 -0.1145034 0.1487667 0.3446325 0.2115700 0.2916274 0.3776697 -0.0394841 0.2895648 0.1364190 0.6512786 0.2076112 0.0354440 0.1019205 0.4250447 0.1938499 0.4460425 0.3171042 -0.0673924 0.1546863 -0.0486076 0.1914107 -0.2079554 0.0031066 -0.0296236 0.0589605 0.2355133 0.3837855 0.4107442 -0.2461404 -0.1302772 0.2603443 -0.2001903 -0.2367744 0.2109601 0.2906935 0.3343285 0.0937999 0.4177898 0.5789039 0.6446916 0.7219623 0.5598008 0.4616137 0.5604672 0.4946508 0.4200900 -0.0618443 0.2209084 0.3582501 0.3803159 0.2796440 0.6588812 0.4969560 0.3898507 0.7796104 0.6675518 0.4898553 0.6159044 0.6598902 0.2754701 0.3908607 0.3401997 0.5541838 0.6240658 0.5923093 0.3946058 0.1871765 0.1844835 0.0936061 0.4030616 0.0098264 0.5106150 0.3703006 0.2765399 -0.0590809 0.6014726 -0.0365832 0.5436913 0.0925011 0.4408980 0.2649350 -0.1456727 0.0954392 0.1913988
0.6853946 0.6656368 0.0000000 0.4684701 0.7329981 0.4222858 0.2148224 0.3469876 0.4263865 0.4015078 0.1231817 0.3338827 0.6641228 0.1534343 0.1506196 0.1491489 0.5256306 -0.1544858 -0.1357245 0.4133208 0.3147542 0.4141010 0.2111391 0.2043442 -0.0537644 0.1112510 0.4684752 -0.4467484 0.1891064 0.2721349 0.1246989 0.0047041 0.0641265 0.2467684 0.0627202 0.1652837 0.0745016 0.2479061 0.1688674 0.3131410 0.6512262 -0.1029035 0.1118217 -0.2048181 -0.0965116 -0.0125843 0.0024324 0.5928497 0.0271570 -0.0633357 0.0414047 0.2201594 0.1700529 0.0859969 0.6148962 0.1223357 0.0574773 0.0565322 -0.0225957 -0.0095146 -0.0295758 0.0711938 0.4948877 0.1157687 0.1510057 0.2726470 0.0686936 -0.0058624 0.4900897 0.0952505 0.0573722 0.1759612 -0.0877305 0.2817919 0.1436400 0.0447579 0.2470091 -0.3407418 -0.1865458 0.3733496 -0.4265738 -0.4056277 -0.1358982 -0.1326009 -0.1752461 0.1445598 0.6765648 -0.2775964 0.1548702 -0.1385691 0.0894444 0.3701090 0.3968793 -0.2266089 0.2684316 0.3270646 0.6096109 0.1984446 0.3390579 -0.3383281 -0.0224954 0.1468055 -0.0597176 -0.4635644 0.1453791 0.1262099 -0.1215250 -0.2126194 -0.2252627 -0.2088197 -0.1084503 -0.0407795 -0.1577042 0.0066554 0.0619682 -0.0298687 0.0560126 0.2758590 -0.1019556 0.4597189 0.3364453 0.4262886 -0.1629504 0.2355527 0.6580471 0.5418824 0.3209375 0.2156391 0.5238346 0.1965701 0.4175024 -0.0229398 0.3265439 0.2957101 -0.2675614 0.0849576 0.3493925 0.4971451 0.5554964 0.5201178 -0.0267857 0.5383632 0.1161886 0.7064273 0.6493718 -0.2920837 0.4630001 0.4723756 -0.1334984 0.4078320 0.2010472 0.2142894 0.4495787 -0.0768504 -0.0115453 -0.0115069 0.2292544 0.3506568 0.1789108 0.1075547 0.3492863 0.3230817 -0.1251154 -0.0699536 0.2933009 0.0072348 -0.2170294 -0.1606130 0.0033876 0.1476836 -0.0312795 0.0150173 0.5062673 0.3064389 0.3396820 0.3825899 0.3775870 0.2775646 0.4008676 0.1402916 -0.2114339 -0.0668811 -0.0391783 0.2190265 0.2609737 0.2142028 0.3378378 0.3199993 0.4447773 0.3921227 0.3696534 0.4092754 0.4847077 0.2691236 0.4593721 0.4293996 0.5454843 0.3936915 0.2350980 0.5354973 0.5906666 0.2216525 -0.1913760 0.3290112 0.2815789 0.6664484 0.5809316 0.4560110 0.2745487 0.3784109 -0.0196117 0.4576358 0.3226077 0.0109163 0.1859364 0.0576371 0.1654930 0.2780095
0.5451215 0.7637552 0.4684701 0.0000000 0.1086298 0.9273575 0.4556617 0.9154020 0.7555435 0.8693133 0.8502632 0.5539561 0.8318895 0.3375014 0.5447453 0.8183867 0.6340656 0.2589682 0.6390623 -0.0023072 0.5065681 0.5462035 0.7049706 0.2812371 0.5555443 0.6967678 0.1306366 -0.6439838 0.4796460 -0.2609648 0.0563604 0.4553131 -0.3442284 0.3878821 0.5451907 0.3733625 0.3270083 0.5334810 -0.0914250 -0.3280067 0.2360922 0.3447662 0.6616798 -0.6394334 0.4204133 0.3626494 0.4954774 0.4188112 -0.0649434 0.3736042 0.5641529 0.5458748 0.5231973 -0.3390588 0.4973815 0.3544921 0.3541265 -0.0099780 0.4063873 0.3499276 0.6119500 0.3582099 0.0568794 0.5322958 0.6229458 0.2084704 0.5163897 0.2428710 0.2523817 0.6215783 0.1864224 0.6628619 0.4171237 0.5393170 0.1606570 0.6476630 0.7299341 -0.0497777 0.4573456 0.4665951 -0.2617501 -0.2566759 -0.2982864 -0.2867264 -0.1204256 -0.2400505 0.2233485 -0.0900824 -0.1758671 -0.1401380 -0.0385094 -0.0128952 -0.0218655 -0.0609082 -0.1386652 0.0897668 0.3070792 -0.0399133 -0.1555264 -0.3178272 -0.2419713 -0.0924893 -0.1430238 -0.3353960 0.2542012 -0.3500729 0.1171482 -0.1206229 0.1026926 0.0623892 -0.0560098 0.2015894 -0.0859464 -0.0483540 0.0097426 -0.0546770 -0.0588657 0.1472444 0.1384807 0.2619855 0.0783318 0.2611913 0.4255822 0.1370789 0.0806215 0.2886524 0.4109633 0.4383848 0.2591003 0.4810299 0.2921078 0.3579621 0.4152323 0.4986844 0.1615011 0.4486722 0.5319131 0.2149106 0.4155606 0.3124427 0.1640351 0.2059360 0.3160432 0.4976312 0.2686597 0.1060646 0.1677260 0.4176902 0.2013796 0.2950988 0.3433284 0.0777765 0.1459623 0.1938184 0.0556938 -0.0001703 0.2287093 0.1738163 0.2150048 0.3655721 0.3610123 0.2810853 0.0757988 0.1344473 0.2253323 0.1085428 0.0048090 0.1287262 0.5187601 0.3627717 0.0516275 0.4413980 0.5026843 0.1959585 0.5627262 0.5320126 0.4942767 0.5357407 0.4839383 0.3636335 0.0681335 0.1412281 0.2475326 0.1611218 0.0574916 0.4743437 0.3511601 0.0825550 0.7057178 0.7250399 0.4359860 0.5643003 0.5879201 0.3043974 0.3695912 0.3778795 0.4366106 0.5449909 0.4489240 0.3504466 0.1273059 0.4563506 0.2820247 0.3329750 -0.3140081 0.2809195 0.3728863 -0.0006605 -0.2175999 0.5128552 -0.0287255 0.3758633 -0.3134430 0.2849377 0.4109739 -0.1854308 -0.1601925 0.0988919
0.5606349 0.3763619 0.7329981 0.1086298 0.0000000 0.0707706 -0.1627384 0.0295130 0.1133349 0.1777429 -0.0296561 -0.2386320 0.2372825 0.0523425 -0.1968556 0.0190029 0.5076742 -0.1597045 -0.3260642 0.3428683 -0.2159064 0.2005294 0.2688009 -0.0906352 -0.1294197 0.0892173 0.5183761 -0.3326810 -0.2532698 0.5415282 0.2788815 0.0276186 0.1005334 -0.0246170 0.1149749 -0.2298067 0.1979045 0.1107296 0.3340603 0.3551072 0.6879509 -0.4277488 0.1447795 -0.0553803 -0.4119720 0.1049345 0.0642835 0.5215096 -0.0099164 -0.1830194 0.0022306 0.2269085 -0.1679338 0.2586458 0.5549314 0.2166079 0.1193796 0.2096020 -0.2057605 0.0286308 -0.3003274 0.1580306 0.5230300 -0.0524007 -0.2514222 0.3053442 -0.0199509 0.0215583 0.2936212 0.0599720 0.1272505 -0.0985590 -0.1391927 -0.0047327 0.0586174 -0.0716443 -0.0067043 -0.1021000 -0.2416850 0.2022819 -0.0955704 -0.3787100 -0.2065462 -0.2441985 -0.2377107 0.0404806 0.4457379 -0.1050935 0.1107495 -0.1095375 0.1877703 0.3063702 0.2589428 -0.0389414 0.2358782 0.2448933 0.3559424 0.1746811 0.4423116 -0.0127731 0.0347108 0.0863861 -0.0155854 -0.1373692 0.0033525 0.3167741 -0.3204071 -0.2332004 -0.3928000 -0.2689259 -0.0949941 -0.2902912 -0.1464788 0.1638015 0.2996213 0.0113615 0.0971891 0.3967000 -0.0250778 -0.0150944 0.2280054 0.5194787 -0.4195241 0.5516204 0.5368563 0.1935067 -0.0590179 0.0000567 0.2192230 -0.1119767 0.1866709 -0.1076343 0.0404857 0.1726208 -0.1940247 0.0281878 0.1724573 0.2279143 0.3578684 0.2446375 0.1013034 0.2617450 0.2485294 0.3942561 0.4171842 -0.0378530 0.3363656 0.3168244 0.0211353 0.2023063 0.0460152 0.1981936 0.2460784 0.0858888 -0.0483775 0.2329641 0.2006828 0.3267105 0.3277482 -0.0334581 0.3561583 0.0385597 0.0827676 0.0285902 0.2079422 0.1230324 0.0656105 -0.0036274 -0.1748371 0.0009056 0.1103009 -0.1511521 0.2772214 0.1064322 -0.0122127 -0.1036855 -0.1811096 -0.0886785 -0.1522039 -0.2910633 -0.2482957 -0.2025114 -0.1696697 0.2723531 0.4789353 -0.1467965 0.3742844 0.3868807 0.2333855 0.0245164 -0.1639753 0.0066652 0.0817932 -0.2001739 -0.0362800 0.0075588 0.0922894 0.0056139 0.1070389 0.1355734 0.4119530 0.1681278 -0.4038127 0.0998610 0.4836898 0.6174529 0.1911251 0.7105347 0.4037720 0.2254560 -0.3406089 0.0360065 0.5936913 -0.2584475 -0.0937931 0.4569155 -0.1352766 0.2372572
0.5817728 0.7603385 0.4222858 0.9273575 0.0707706 0.0000000 0.6563208 0.8527523 0.8748272 0.8616994 0.8257134 0.6497453 0.7311618 0.3412093 0.6187578 0.7838985 0.5887612 0.1726277 0.6344768 -0.1167371 0.5959989 0.3981196 0.7088209 0.3800074 0.5161608 0.6681845 0.0280660 -0.5967703 0.5325673 -0.2299418 -0.0615593 0.4481414 -0.2705725 0.4972958 0.5880469 0.4454250 0.3109551 0.5419861 -0.0016406 -0.3698458 0.1623581 0.3934423 0.6723925 -0.5722947 0.3914186 0.3397993 0.4596344 0.3835211 0.1396946 0.3028074 0.5585895 0.5100788 0.6441679 -0.1864246 0.5522158 0.3775287 0.3640541 0.2014175 0.4688478 0.3922606 0.6307851 0.4862866 0.2359765 0.7097844 0.7373606 0.2564693 0.5956898 0.3881145 0.3630570 0.7143238 0.2446621 0.7705623 0.5037054 0.7136698 0.1812243 0.7342015 0.8441616 -0.1259096 0.4863290 0.5852144 -0.2869600 -0.1973526 -0.1819186 -0.1217891 0.0253986 -0.1238098 0.1263267 -0.1141498 -0.0590476 -0.0529404 0.0825277 0.0444361 -0.0238530 -0.0718764 0.0304875 0.1797297 0.3182004 0.0767524 -0.0186732 -0.3553164 -0.1933241 0.0157441 -0.0033031 -0.3236939 0.2819130 -0.2927821 0.1188068 -0.0495335 0.1061388 0.1593016 0.0563019 0.1752671 0.0158768 0.0818479 0.1485360 0.0920830 0.0956606 0.2303504 0.2354476 0.2797734 0.0440012 0.2384899 0.3604236 0.1128528 0.0972066 0.2495418 0.2792714 0.3364806 0.2408788 0.3763423 0.2324807 0.2392298 0.3128493 0.3377891 0.0187706 0.2377055 0.4383782 0.2060102 0.3177409 0.2928016 -0.0148296 0.1855857 0.2058273 0.5890325 0.1666968 0.0075891 0.0648293 0.3734127 0.1942342 0.2366382 0.2642006 0.0875053 0.1112912 0.0761173 0.0174814 -0.0486194 0.1360412 0.0553762 0.0894500 0.3472598 0.3261943 0.2871283 -0.0637090 0.1106851 0.1164383 -0.0077665 -0.0202730 0.0982506 0.4782178 0.2726976 0.0320495 0.3975827 0.6052666 0.3226481 0.7023007 0.6237937 0.5656667 0.5726749 0.5424549 0.3896382 -0.0838044 0.1948566 0.3165169 0.2580392 0.1402581 0.6007681 0.4743412 0.2591501 0.8160689 0.7347505 0.4420477 0.6248792 0.6296487 0.2834037 0.3635366 0.3282712 0.5111409 0.5968085 0.6027081 0.3350567 0.0518042 0.2974060 0.3406032 0.3304216 -0.3579078 0.3291594 0.3543960 -0.0752878 -0.3154274 0.5739899 -0.0208111 0.4082527 -0.2928905 0.4512041 0.4724328 -0.2871412 -0.1612810 0.1489400
0.4946369 0.4664185 0.2148224 0.4556617 -0.1627384 0.6563208 0.0000000 0.4048319 0.7204539 0.4702843 0.2936658 0.8239029 0.4399081 0.3087694 0.6596907 0.2068038 0.2043785 -0.1362861 0.2659186 0.0304566 0.7844697 0.1509021 0.1983530 0.3875028 0.0458502 0.0483692 -0.1740461 -0.3762097 0.7428216 -0.1259977 -0.4596375 -0.0698551 -0.0442867 0.6416294 0.0789707 0.6735906 -0.2219225 0.2171047 0.0450389 -0.1955533 -0.1237618 0.5813467 0.1260314 -0.2682967 0.5187114 -0.1202121 -0.0809270 0.0843708 0.4014577 -0.0568946 0.0656044 0.3049098 0.8059570 -0.1171179 0.2271959 -0.0834238 -0.0741444 0.0207666 0.3597678 -0.0254729 0.5096905 0.1548278 0.0896185 0.5061797 0.6568941 -0.1034357 0.1518306 0.1470898 0.2206005 0.3155577 -0.1889930 0.6349507 0.1888088 0.5690732 -0.1802981 0.3533613 0.6685992 -0.4614275 0.1945746 0.7368848 -0.3780397 0.0701389 0.0427586 0.1454005 0.2227071 -0.0147754 0.0857136 -0.1981119 0.0016976 -0.1231855 -0.1420080 -0.2644171 -0.1494824 -0.2783530 0.0185404 0.1219305 0.1598529 -0.0397556 -0.0726299 -0.4511002 -0.2291018 -0.0264703 0.1088036 -0.4380169 -0.0062357 -0.2252100 0.1471839 0.0881962 0.1493771 0.0852328 -0.0673870 0.1782573 0.0488509 -0.0292857 -0.0927907 0.0362047 -0.0639648 -0.1096912 -0.0211074 0.2339795 -0.1660669 -0.1386269 0.0408166 -0.1273537 0.2207431 0.2855060 0.0545699 -0.0500452 0.3055094 0.2579630 0.1290638 -0.1703248 0.1195225 0.1177881 -0.3966220 -0.3208518 0.0084372 0.2857114 -0.0125508 0.1713761 -0.6164939 0.2578780 -0.2722098 0.3740328 0.0140546 -0.3463080 -0.1003260 0.0075814 -0.1416239 0.0280993 -0.1901692 -0.2231507 0.1585130 -0.5123773 -0.0152995 -0.5266324 -0.2083600 -0.3354022 -0.1768773 -0.0617090 -0.0946888 0.2132793 -0.5198773 -0.2343811 -0.2325455 -0.4775226 -0.5136580 -0.0829425 0.3406285 -0.0790706 -0.3411935 0.2237656 0.4876377 0.3472331 0.7843837 0.8286690 0.7483902 0.7350722 0.7795484 0.6536175 -0.0047647 0.3895671 0.3995510 0.2635931 -0.1313190 0.5822984 0.1859867 0.1752109 0.5797000 0.6758238 0.4863897 0.7507330 0.6949156 0.3930806 0.4169497 0.4403236 0.5749307 0.6862856 0.6828710 0.3929236 -0.1682056 -0.0336434 0.2376589 0.1763788 -0.2911016 0.2772943 0.3578185 -0.2145445 -0.6017994 0.4771270 0.1279158 0.5042596 -0.2466383 0.5625614 0.6402896 -0.6464671 0.0539948 -0.0176243
0.4518967 0.6676240 0.3469876 0.9154020 0.0295130 0.8527523 0.4048319 0.0000000 0.6838931 0.7991217 0.8956952 0.4319484 0.8456705 0.3392609 0.4164904 0.8925862 0.5430416 0.3800714 0.7983575 0.0180150 0.3706557 0.5068258 0.6971948 0.1601593 0.6896327 0.7894083 0.0567312 -0.5699263 0.3336490 -0.2814239 0.1480193 0.5663149 -0.4909529 0.2633082 0.6271921 0.1980818 0.4517236 0.6120337 -0.2262748 -0.4499140 0.1283163 0.2539023 0.6598024 -0.7009415 0.3895483 0.5157847 0.6237906 0.3680248 -0.1994221 0.4166639 0.6772917 0.4245707 0.4422843 -0.4304060 0.4613230 0.4355124 0.4823350 0.0244000 0.3980596 0.4868121 0.6315772 0.3782512 0.0672624 0.4981844 0.6118004 0.2559856 0.6270193 0.1807328 0.2817524 0.6254405 0.2732799 0.6828750 0.5177193 0.5206166 0.2676197 0.6610833 0.6883568 0.1309512 0.5876507 0.3511481 -0.1134586 -0.2212795 -0.2893845 -0.1666688 0.0348923 -0.2336802 0.0909461 0.0194464 -0.2077004 -0.0935253 0.0262468 -0.0260238 0.0389129 -0.0410175 -0.1547266 0.0493842 0.2475802 0.0972813 -0.2024668 -0.2468549 -0.4440688 0.0117976 -0.1123365 -0.3470797 0.1935213 -0.4153785 0.0959356 -0.0843162 0.0413992 0.0734794 -0.0646755 0.1386942 -0.0729390 -0.0501484 -0.0237087 -0.0688821 -0.0457455 0.1762296 0.2061732 0.2629210 0.1549072 0.2643346 0.5263553 0.1814756 0.0581419 0.2826228 0.4720738 0.5749428 0.2361364 0.5242621 0.3106586 0.5025753 0.5308745 0.5696813 0.1215892 0.5024649 0.5564464 0.1911628 0.3773380 0.2407287 0.1443424 0.1560450 0.2974500 0.3757001 0.2402791 0.0753333 0.1601791 0.2719407 0.1154284 0.1793175 0.2854004 -0.1051982 0.1036340 0.1085571 -0.0087965 0.0107458 0.1109102 0.1734954 0.0537906 0.2876622 0.1351943 0.2229515 0.0664235 0.1083350 0.1056861 0.2121282 0.0340192 0.0428212 0.5167900 0.2972531 -0.0123843 0.4442691 0.4320573 0.2273416 0.4567254 0.4559109 0.4427353 0.6187295 0.3947912 0.2011319 0.0649517 -0.0266184 0.1497756 0.0016487 -0.0124177 0.4701878 0.3533601 -0.0139200 0.6587935 0.6048572 0.3759899 0.4592149 0.4823820 0.3043127 0.3291212 0.3310720 0.4267994 0.5249361 0.4680280 0.3301780 0.0021299 0.3792797 0.2708311 0.2452517 -0.4468053 0.1502906 0.3309978 -0.0397137 -0.3612261 0.3852803 -0.2020177 0.2446493 -0.4667421 0.2256995 0.3739390 -0.1967654 -0.1512322 -0.0250845
0.6016813 0.6527659 0.4263865 0.7555435 0.1133349 0.8748272 0.7204539 0.6838931 0.0000000 0.7734628 0.6315123 0.7383814 0.6212447 0.3420462 0.7661794 0.5651419 0.5214392 0.1303865 0.4095877 -0.0927601 0.6890498 0.1962481 0.4890224 0.5685527 0.2385889 0.4468488 0.0977876 -0.4939493 0.6677262 0.0865827 -0.2825748 0.1791136 -0.0287995 0.7177151 0.3779708 0.5334204 0.0890296 0.2621610 0.2652036 -0.0452136 -0.0006542 0.4528669 0.5064525 -0.3616502 0.5791171 0.1280382 0.2328101 0.1341427 0.4512096 0.0440943 0.3668860 0.6205711 0.8249941 0.1307906 0.4765784 0.1739210 0.1520544 0.3291707 0.4577728 0.1959245 0.6691690 0.4026725 0.2312904 0.7662142 0.7971189 0.0920239 0.4320406 0.3740134 0.1614390 0.7170338 0.1029338 0.8304492 0.4641625 0.7670820 0.0012523 0.7143172 0.8980851 -0.0537981 0.4572526 0.6864167 -0.0775640 -0.0786147 -0.1380489 -0.0589733 0.0913877 -0.0834267 0.1967375 -0.0059720 -0.0883594 -0.1282505 -0.0824757 0.0427036 0.0880423 -0.0050318 -0.0711071 0.1333588 0.3773427 -0.0018058 -0.0442497 -0.3393997 -0.0840846 -0.1142677 -0.1288120 -0.2710778 0.0795917 -0.2918387 -0.1202671 -0.1877230 -0.0476675 -0.1662113 -0.1030294 -0.0750015 -0.1832549 -0.0324208 0.0371997 -0.1354072 -0.0828136 0.0057857 -0.1233759 0.1645782 -0.1439214 0.0904315 0.1707525 0.0111398 0.1216716 0.2923592 0.1999297 0.0728587 0.2897337 0.2796102 0.1887939 -0.0722751 0.2918253 0.3467256 -0.3169815 -0.0178523 0.1300809 0.1942025 0.1190897 0.2471180 -0.2454419 0.1542715 0.1761723 0.5266442 0.1759601 -0.1458227 -0.0691835 0.1030688 0.0004835 0.0987295 0.0532950 0.0417657 0.0850459 -0.0594335 -0.0452909 -0.1425711 0.2343385 -0.0903044 0.2378093 0.3085178 0.1399729 0.2433108 -0.1458405 0.2259724 0.0651153 -0.1513528 -0.1939895 0.0798837 0.5024515 0.2916899 -0.0619326 0.3361313 0.7264299 0.3865686 0.7172386 0.7458884 0.6795421 0.5619462 0.6565405 0.4038605 -0.2169568 0.1509419 0.2454968 0.2566123 0.2090464 0.6427048 0.5432731 0.3312639 0.8731772 0.8200022 0.4090137 0.7240535 0.6933375 0.3383687 0.4079415 0.4019414 0.5296315 0.6840721 0.7310631 0.3366420 0.0908756 0.1696083 0.1199440 0.0855584 -0.3743755 0.3341152 0.3452857 -0.0238766 -0.3838615 0.6753381 -0.1653316 0.3570860 -0.2088261 0.4359760 0.5992926 -0.3237876 -0.1962210 0.0968821
0.5660678 0.5838534 0.4015078 0.8693133 0.1777429 0.8616994 0.4702843 0.7991217 0.7734628 0.0000000 0.8370138 0.4364046 0.7172613 0.6111875 0.3832121 0.7839713 0.8241571 0.2489150 0.5369859 -0.0987849 0.3544503 0.3726645 0.8148558 0.0999712 0.4401773 0.6928345 0.2923125 -0.6537493 0.2861721 -0.0529121 -0.1515098 0.3431738 -0.4870365 0.2805019 0.5585721 0.1631677 0.3021885 0.3195023 -0.0096440 -0.2460033 0.1174762 0.1469872 0.7248228 -0.7262049 0.3452662 0.2426356 0.4700091 0.2503719 -0.0221152 0.1380404 0.5593824 0.7156354 0.4815219 -0.2324783 0.4136190 0.2387782 0.3010889 0.0237861 0.2409331 0.2892684 0.4822962 0.4228046 0.0142151 0.4670402 0.4466254 0.1369295 0.4694850 0.3354850 0.0914262 0.6185019 0.1172022 0.5604980 0.2529772 0.4171386 -0.0223330 0.5386388 0.6762640 -0.0402555 0.2766641 0.4262013 -0.1734655 -0.3327976 -0.3829983 -0.2875157 -0.1633298 -0.2509041 0.3411485 -0.1259143 -0.1925293 -0.2183595 -0.0535830 0.1782391 0.0846861 -0.0803098 -0.0929937 0.2751500 0.4311043 -0.0092279 -0.0380406 -0.2926671 -0.1362665 -0.0384113 -0.2594117 -0.3294656 0.1912269 -0.1899757 -0.0156846 -0.2757123 0.0520724 -0.0988148 -0.0704454 0.1089072 -0.1720696 -0.0478752 0.1119439 -0.0794913 0.0162351 0.2801827 0.1180020 0.1719172 0.0237781 0.2990028 0.2303303 0.1767051 0.2407066 0.4018567 0.3587568 0.4053499 0.4225073 0.5497294 0.4610291 0.2947930 0.4801036 0.6161156 0.1042014 0.4600026 0.5448538 0.3146692 0.4914934 0.2386736 0.1955302 0.2482355 0.4635646 0.5256386 0.3506693 0.0956108 0.3258161 0.5198352 0.2799722 0.2697143 0.1394721 0.0817789 0.2597797 0.2845148 0.1977885 0.1421925 0.3615261 0.2887625 0.4141502 0.2123902 0.4712174 0.2689438 0.2134860 0.1825044 0.3114256 0.1954201 0.1602810 0.2197690 0.6340392 0.2853594 0.2061676 0.4762699 0.6213226 0.0892139 0.3711817 0.4762968 0.4370952 0.4234702 0.3635389 0.0837460 -0.2195426 -0.0665464 0.0686835 0.1103873 0.0760834 0.2759644 0.2922178 0.0304570 0.6959167 0.7225292 0.3597679 0.5440741 0.5696933 0.3499989 0.3728573 0.4296128 0.4780324 0.5398060 0.3462773 0.3955868 0.1306848 0.5137043 0.1998247 0.1271685 -0.3430300 0.2058178 0.3982846 0.0634030 -0.2227456 0.5038041 -0.1664585 0.2392685 -0.2875970 0.0933902 0.4052745 -0.1533806 -0.2512357 0.0831300
0.3186458 0.4577850 0.1231817 0.8502632 -0.0296561 0.8257134 0.2936658 0.8956952 0.6315123 0.8370138 0.0000000 0.2445222 0.6370603 0.3786983 0.2911634 0.9700804 0.5820755 0.3720406 0.8377043 -0.1630898 0.1688797 0.3469046 0.8309593 0.0488767 0.7352774 0.8712327 0.0146960 -0.5215345 0.1723317 -0.3186521 0.1383733 0.6260697 -0.5643105 0.1203721 0.7356406 0.0771067 0.4986117 0.5112603 -0.2352748 -0.5608492 -0.0243283 0.1989231 0.8081284 -0.7202473 0.2996852 0.5322295 0.6918000 0.2085953 -0.1820453 0.3294276 0.7375839 0.5337657 0.3287325 -0.3775865 0.3600242 0.4550954 0.4972181 0.1156399 0.3921166 0.5291610 0.5945258 0.4825596 0.0082284 0.5389933 0.4796608 0.2151955 0.6781229 0.2951618 0.1476290 0.7170315 0.3282858 0.6130097 0.5398878 0.4289719 0.1917789 0.7070105 0.6399314 0.2478235 0.6096727 0.2149488 0.0095021 -0.1147861 -0.2201712 -0.1542180 0.0339454 -0.2539041 -0.0041498 0.2026404 -0.2045033 0.0171383 0.1017726 0.0750152 -0.0107878 0.2203426 -0.1520235 0.0752215 0.1914305 0.1109636 -0.1080946 0.0101076 -0.2098098 0.0877526 -0.0408657 -0.0335612 0.2678674 -0.3500167 0.0890047 -0.0302776 0.1275934 0.1755704 0.0826520 0.1065302 0.0131430 0.0747354 0.1464226 0.0740766 0.0550488 0.2508727 0.3394963 0.0234024 0.0558583 0.2765829 0.5623627 0.2777489 -0.0499888 0.0895230 0.2980727 0.5409460 0.1009371 0.4755290 0.3118342 0.5595077 0.4078093 0.5007850 0.3406112 0.5637952 0.5951661 0.0882704 0.3696093 0.1299825 0.3408811 0.0322819 0.4547280 0.2367519 0.1194381 0.2534347 0.1614623 0.3297048 0.3607923 0.1563580 0.3269465 0.0731219 0.0542781 0.3890094 0.0224698 0.2627163 0.2418624 0.2594876 0.2102865 0.3738453 0.2827684 0.1637512 0.3089323 0.3075676 0.1770882 0.3948529 0.3704030 0.2225743 0.5542569 0.3323432 0.2022707 0.4678362 0.3817977 0.0208577 0.3365207 0.2245965 0.1981762 0.3443505 0.1465481 0.0419255 0.0341207 -0.0108892 0.1593064 0.0600666 0.0831509 0.2854262 0.3451401 -0.0468916 0.5615211 0.4640809 0.1178923 0.2575277 0.2616306 0.0501150 0.0761758 0.0819702 0.1739705 0.2688114 0.3216597 0.1001199 -0.0532206 0.4166290 0.3796469 0.1817800 -0.4433036 0.0229569 0.1468512 -0.0940395 -0.2976801 0.2757240 -0.2032838 0.0037198 -0.4586399 0.1337033 0.2891939 -0.0100292 -0.3631170 0.0747928
0.4096522 0.5075474 0.3338827 0.5539561 -0.2386320 0.6497453 0.8239029 0.4319484 0.7383814 0.4364046 0.2445222 0.0000000 0.5404393 0.1871075 0.7835459 0.1680646 0.1876455 -0.0316238 0.1620884 -0.0385727 0.9748356 0.2053913 -0.0119790 0.5929911 -0.0523915 -0.0360166 0.0169951 -0.3355764 0.8790739 -0.0447993 -0.5063258 -0.2115638 0.1036551 0.7295700 -0.1307067 0.7495014 -0.3801691 0.0562843 0.0740588 0.0663715 -0.1514137 0.5596681 -0.0286707 -0.1946287 0.5846018 -0.3023159 -0.2393656 0.0063653 0.3600702 -0.0133002 -0.0868406 0.2325777 0.7855020 -0.0819353 0.1519744 -0.2314088 -0.2625612 -0.0295767 0.2933240 -0.2227022 0.4893976 -0.0718503 -0.0330400 0.5001390 0.7699999 -0.2380154 0.0349353 0.0142016 0.0909772 0.2542279 -0.2912235 0.6293328 0.1297538 0.6230472 -0.1923256 0.3887579 0.6486647 -0.4560144 0.1839848 0.6193631 -0.4232154 -0.0413141 -0.0813532 -0.0069149 0.0552133 -0.0861105 0.2336618 -0.2446522 -0.0803294 -0.1980502 -0.3269837 -0.1792360 -0.0400055 -0.2964207 -0.1218945 -0.0381314 0.2671369 -0.2092912 -0.2215466 -0.5659146 -0.1135685 -0.2209478 -0.1911055 -0.4911593 -0.0535521 -0.4200962 0.0663370 -0.1610640 0.0569586 -0.1528960 -0.2469044 0.1588199 -0.2276209 -0.3082026 -0.3272643 -0.2048948 -0.1940106 -0.3214963 -0.2792131 0.4548862 -0.1759857 -0.2304426 0.0746963 -0.3887058 0.1123902 0.4303515 0.2047448 -0.0378846 0.4242021 0.1825525 0.1188195 -0.2730820 0.2308060 0.1607242 -0.4340412 -0.2166281 -0.0136858 0.3549890 0.0459643 0.3882722 -0.4764295 0.3372286 -0.1597568 0.4835380 0.2118603 -0.4502940 -0.1136359 -0.0114871 -0.2594726 0.1156700 0.0371705 -0.0530854 0.2016691 -0.3747963 -0.0510044 -0.5186090 0.0463053 -0.2263017 -0.0549741 0.2062120 -0.0486557 0.3269149 -0.4634825 -0.0517980 -0.0634466 -0.4151432 -0.5740702 -0.1766026 0.3420404 0.1835125 -0.3184630 0.2088482 0.5211682 0.3684457 0.7002949 0.9414529 0.9445848 0.6772251 0.9472629 0.7188450 -0.0485807 0.2590969 0.2210066 0.0461832 -0.2346270 0.6638189 0.1394112 0.1513165 0.5623748 0.7499759 0.7557124 0.8278984 0.8080759 0.6381630 0.6899905 0.6507031 0.7011133 0.7736859 0.5695649 0.5591641 0.0584943 -0.0125460 0.1249881 0.1366893 -0.4271632 0.1675777 0.5148465 -0.2947575 -0.4376688 0.5265540 0.2381063 0.6625716 -0.3745662 0.5483712 0.6706040 -0.7024437 0.1651184 -0.0299900
0.6536569 0.6676631 0.6641228 0.8318895 0.2372825 0.7311618 0.4399081 0.8456705 0.6212447 0.7172613 0.6370603 0.5404393 0.0000000 0.4021287 0.2944196 0.6614775 0.5997131 0.2293504 0.5044955 0.3630654 0.4580483 0.7121029 0.4794351 0.1617100 0.4710780 0.5068245 0.3416308 -0.6556171 0.3791219 -0.0951354 0.1098994 0.2865546 -0.3908594 0.3003238 0.2855459 0.2088586 0.1633561 0.4513376 -0.2940191 -0.0997527 0.2431410 0.1074969 0.3441424 -0.6749196 0.2711748 0.2116372 0.3236820 0.3966960 -0.2571043 0.1977701 0.3581494 0.4113908 0.3620657 -0.4514812 0.4089551 0.1572189 0.1865010 -0.2481519 0.0980915 0.1452698 0.3604787 0.0432926 0.0341898 0.2008097 0.4136904 0.0797359 0.2737765 -0.1363131 0.3009626 0.2722428 -0.0348076 0.4299301 0.1285399 0.3015194 0.0400633 0.3046736 0.4692352 -0.1787902 0.2320988 0.3932333 -0.3846876 -0.3384113 -0.3557016 -0.2434937 -0.1263645 -0.2422963 0.4986177 -0.1100040 -0.2348936 -0.2628317 -0.1765762 0.0391495 0.1370932 -0.1524855 -0.1651019 0.0839429 0.4170553 -0.0256628 -0.1437304 -0.3456155 -0.3878706 -0.0074301 -0.2452709 -0.5329194 0.0351611 -0.3529172 0.0172992 -0.2528889 -0.1289020 -0.1393908 -0.3175443 0.0845816 -0.2464261 -0.2295481 -0.2370977 -0.1243256 -0.1220768 0.0537882 0.0134309 0.4029565 0.1817027 0.2344534 0.2889936 0.1640359 0.3585455 0.5870622 0.5393028 0.5387416 0.5453823 0.5696431 0.5058117 0.3080678 0.6543980 0.6692624 -0.0489250 0.4412479 0.5812044 0.4848314 0.5730023 0.4671359 0.0803510 0.4638169 0.2197347 0.5375415 0.6064664 -0.1699211 0.4022311 0.3764083 -0.0559967 0.3617554 0.2817456 -0.0833664 0.4139896 -0.0287730 0.0430181 -0.1394553 0.1537373 0.3916880 0.1341065 0.2052212 0.1917900 0.3547876 -0.0599030 -0.0041337 0.2128853 0.1628983 -0.1725332 -0.1045023 0.4473150 0.2342723 -0.1275048 0.3252389 0.5238084 0.2273364 0.4420330 0.5747908 0.5951601 0.6808025 0.5688015 0.2671415 0.1181268 -0.1190690 -0.0419072 -0.0961552 -0.1920879 0.2740155 0.0983675 -0.1527661 0.4952958 0.6346350 0.5068658 0.5993912 0.6566896 0.4687335 0.5541290 0.6085788 0.6315047 0.6248467 0.3438194 0.6221855 0.2739168 0.3976833 0.1223701 0.3131325 -0.2592751 0.3810664 0.6613213 0.1578330 -0.2418007 0.3116611 -0.0740529 0.4555819 -0.3369850 0.1252782 0.4771255 -0.1712244 0.1097547 0.0346925
0.5011173 0.1789678 0.1534343 0.3375014 0.0523425 0.3412093 0.3087694 0.3392609 0.3420462 0.6111875 0.3786983 0.1871075 0.4021287 0.0000000 -0.0525863 0.3726241 0.6124990 0.4788819 0.2169186 -0.0192426 0.0927517 0.2080884 0.4773484 0.0303791 0.1743226 0.3275720 0.4162392 -0.0882602 0.0206718 0.1540011 -0.1819337 0.0335815 -0.2769017 0.1719855 0.2019410 -0.1418640 0.0165096 -0.0132265 0.0320614 0.1032923 -0.0288564 -0.1160428 0.2289408 -0.3454334 0.2008337 -0.1044723 0.1436325 -0.0124174 0.0541717 -0.2505600 0.1829106 0.3192844 0.2859013 -0.0561168 0.0581646 -0.1153786 0.0135914 -0.1770430 -0.2128890 -0.0083912 0.0243185 0.1417283 -0.1811412 0.0298601 0.0575393 -0.0996896 0.1607395 0.1158613 0.0531064 0.1797777 -0.1422877 0.0724155 -0.1004951 -0.0327078 -0.1865201 0.0602200 0.2715623 -0.0421920 -0.0476607 0.3585956 -0.1058623 -0.3603691 -0.3514291 -0.0544504 -0.1165520 -0.3910968 0.3304936 -0.2122504 -0.0414475 -0.1717791 -0.1344181 0.3172218 0.1568993 -0.0959854 0.0646477 0.2710474 0.4835847 -0.1111319 0.1270770 -0.0379572 0.0446628 -0.1493096 -0.4008072 -0.2698055 -0.0525010 0.0845380 -0.3611291 -0.3831863 -0.2115188 -0.2283381 -0.2803566 -0.2137005 -0.1782673 0.0304513 0.1145314 0.0157212 0.0107565 0.0118769 -0.0679767 -0.0290341 -0.1970709 -0.0228185 -0.1604289 0.0039273 0.2113271 0.3969669 0.2141995 0.1835590 0.4515398 0.4077099 0.4014893 0.0224090 0.3521552 0.4695152 -0.1029996 0.2260124 0.3121679 0.3271374 0.3432076 0.1395224 0.2139603 0.2489398 0.5755376 0.2686428 0.3513082 -0.1804255 0.4480618 0.4739965 0.4482169 0.3440334 -0.0581157 -0.3714918 0.2989601 0.1140708 0.6587307 -0.1764808 0.2348219 0.3084652 0.5206849 -0.1021031 0.4997711 0.2077167 -0.0794990 -0.0469702 0.3241695 0.0463476 0.0282784 0.4143807 0.5339005 0.1831389 0.4076185 0.4889587 0.5917309 0.0274033 0.0001209 0.3000099 0.2939904 0.3649473 0.1877740 -0.1685744 -0.1691829 -0.2868583 -0.2644315 -0.0839695 -0.1495710 -0.1681980 -0.1816037 -0.2422170 0.3022886 0.5454559 0.1686405 0.5544503 0.5493214 0.3859763 0.3327010 0.4564653 0.4736540 0.4623375 0.1397504 0.3817102 0.1342643 0.2574239 -0.0677409 -0.2291124 -0.1611739 -0.0264604 0.3062918 0.1976579 -0.0699997 0.2681638 -0.3621278 0.2061964 -0.2612823 -0.1327404 0.3393031 -0.1817451 0.2132267 -0.0212957
0.2494266 0.5444404 0.1506196 0.5447453 -0.1968556 0.6187578 0.6596907 0.4164904 0.7661794 0.3832121 0.2911634 0.7835459 0.2944196 -0.0525863 0.0000000 0.1963024 0.0680408 -0.0321956 0.2223660 -0.2171206 0.8086465 0.0187247 0.0915969 0.7095656 0.0057779 0.1019435 -0.2515315 -0.2309943 0.8812403 -0.0904443 -0.3945997 -0.0068882 0.3074184 0.8172298 0.1079539 0.8133506 -0.1032310 0.1646640 0.3923007 -0.0388901 -0.0712312 0.7760321 0.2398924 0.0338386 0.7900222 0.0138610 -0.0041279 0.0277688 0.6085173 0.2162297 0.1309673 0.3730124 0.8924559 0.1851479 0.2552165 0.0524024 -0.0007498 0.2390672 0.6209627 0.0619878 0.7541361 0.2397261 0.0570106 0.7104308 0.8682841 -0.0046523 0.2183027 0.3670845 0.0079947 0.5537207 0.0151510 0.7982857 0.4855953 0.7610809 0.0403660 0.6393534 0.8130189 -0.0600719 0.4620165 0.6664215 0.0204818 0.1395525 0.0039045 -0.0555063 0.0972570 -0.0242541 -0.1358143 -0.0876693 -0.0819218 -0.1297089 -0.2098788 -0.3602874 -0.2043044 -0.1304495 -0.1950608 -0.1071725 -0.0089849 -0.2205778 -0.3156242 -0.4176315 -0.1111554 -0.3761792 -0.0547173 -0.1948946 0.0358261 -0.3392111 0.0343029 0.0065583 0.1489867 -0.0702985 -0.0430321 0.0681598 -0.0887781 -0.1107283 -0.1093952 -0.2943311 -0.3082524 -0.2911070 -0.3172062 0.0933222 -0.3011785 -0.2194365 0.1671929 -0.3314841 -0.2226725 -0.0145324 0.0423132 -0.2649202 -0.0684928 0.0447271 -0.2513431 -0.2481733 -0.0599863 -0.0235556 -0.3172028 -0.3032808 -0.2827391 -0.1488726 -0.3197846 -0.0021301 -0.5120236 -0.1389431 -0.2035439 0.2378416 -0.2475855 -0.0807457 -0.4911085 -0.2390076 -0.2057218 -0.1557216 -0.1056566 -0.0353862 -0.2767833 -0.3054940 -0.1812341 -0.3952869 -0.0149206 -0.5819191 -0.0234668 0.1975394 -0.1542323 0.0207439 -0.3344895 0.0443909 -0.2130259 -0.5363352 -0.5086599 -0.0222962 0.2659585 0.1656499 -0.3216179 0.1567556 0.3383600 0.3417041 0.7508477 0.7367169 0.6506046 0.5025049 0.6973573 0.7311635 0.0229897 0.5140014 0.5169508 0.3461876 0.1588703 0.8048930 0.4805489 0.4163006 0.7210690 0.7266352 0.4208519 0.6407822 0.5621848 0.3041383 0.2957539 0.2714912 0.2896378 0.5897982 0.7417397 0.0855148 -0.1108001 0.0244301 0.1327446 0.0989953 -0.2892511 0.2037784 0.0358881 -0.2596284 -0.3900230 0.7016037 0.0814951 0.3962126 -0.1241819 0.6122346 0.4857824 -0.5271515 -0.1369152 -0.0468773
0.3465051 0.4684444 0.1491489 0.8183867 0.0190029 0.7838985 0.2068038 0.8925862 0.5651419 0.7839713 0.9700804 0.1680646 0.6614775 0.3726241 0.1963024 0.0000000 0.5893488 0.4412263 0.8567602 -0.1157570 0.0749068 0.4583459 0.8363986 0.0659590 0.8295310 0.9212758 0.0822296 -0.5195765 0.0643656 -0.3125050 0.2575879 0.7103608 -0.5311304 0.0879074 0.7494115 -0.0647629 0.5793755 0.5704952 -0.2869872 -0.5027575 0.0557213 0.0597246 0.7728823 -0.6874214 0.1820023 0.6030271 0.7490943 0.2540272 -0.2548372 0.3964902 0.7410696 0.4501558 0.2194942 -0.3758250 0.3465131 0.4951263 0.5454621 0.0714532 0.2606870 0.5623367 0.4717171 0.4510218 0.0301602 0.4351237 0.4144290 0.2683774 0.6696262 0.2539121 0.2245979 0.6338291 0.3515749 0.5015831 0.5148675 0.3515639 0.2525561 0.6274856 0.5438210 0.2542561 0.5679573 0.1694120 -0.0153110 -0.2148461 -0.3034217 -0.2032748 -0.0165338 -0.2978731 -0.0202517 0.1444415 -0.2132848 0.0045719 0.1168468 0.0996917 -0.0471645 0.1909976 -0.1186554 0.0589856 0.1280048 0.0961254 -0.0948389 0.0203682 -0.2731973 0.0570286 -0.0792506 -0.0595353 0.2135601 -0.3021141 0.0256653 -0.0937860 -0.0169803 0.1909189 0.0098604 0.0167388 -0.0178821 0.0720163 0.1440980 0.1014860 0.0818589 0.2831809 0.3958395 0.0142151 0.0813406 0.2843288 0.5383570 0.2824672 -0.0936755 0.0986192 0.3113867 0.5673245 0.0738612 0.4606581 0.2704035 0.5699432 0.4463760 0.4819922 0.3681920 0.5895688 0.6231142 0.0450072 0.3920133 0.0921922 0.4048893 -0.0200223 0.4422488 0.2555848 0.1542519 0.2475349 0.1881187 0.3739353 0.3802814 0.1712336 0.3254001 -0.0095622 0.0119534 0.3720463 0.0671718 0.2274703 0.1393997 0.3425267 0.1532366 0.3107407 0.3174002 0.1104886 0.2705071 0.2191434 0.1704333 0.4168868 0.3849319 0.1874313 0.4584002 0.2552447 0.2113739 0.3888688 0.3432751 0.0414039 0.2930607 0.1775445 0.1528972 0.3761127 0.0614026 -0.0583092 0.0888050 -0.1271695 0.0349611 -0.0435231 0.0284123 0.2108707 0.2786130 -0.0911380 0.5026723 0.4100254 0.0717623 0.2346397 0.2641881 0.0406654 0.0683975 0.0902965 0.1932729 0.2816838 0.2908789 0.1131725 0.0032541 0.4368798 0.3903918 0.2352197 -0.3876844 0.0937649 0.1720500 0.0173029 -0.2231339 0.2376345 -0.2412699 0.0247700 -0.4433276 0.1158443 0.2304003 0.0745826 -0.2311810 0.0852643
0.5783749 0.4417759 0.5256306 0.6340656 0.5076742 0.5887612 0.2043785 0.5430416 0.5214392 0.8241571 0.5820755 0.1876455 0.5997131 0.6124990 0.0680408 0.5893488 0.0000000 0.1999779 0.1555169 -0.0820977 0.0922128 0.3059528 0.6971370 -0.0637349 0.1849258 0.4880968 0.6580345 -0.6592320 -0.0525076 0.3033392 -0.1762220 0.0920868 -0.3702292 0.0558743 0.3035306 -0.2100685 0.1632898 0.0417752 0.0518775 0.0872570 0.2749427 -0.3253237 0.4367951 -0.5799857 -0.0484903 0.0007124 0.2216481 0.2261080 -0.1755670 -0.1678158 0.2163265 0.5275396 0.1247364 -0.1604206 0.2719716 -0.0021270 0.0484521 -0.0717294 -0.2376291 -0.0006650 -0.0124831 0.1543648 0.0161784 0.1394300 0.1119542 -0.0316001 0.1380672 0.0923375 0.0290351 0.2873260 -0.1079232 0.2154620 -0.1020744 0.1404181 -0.1815180 0.1980060 0.3354758 -0.1634158 -0.1024584 0.2601568 -0.2216979 -0.6145844 -0.6077827 -0.4558777 -0.3871394 -0.3474119 0.4735413 -0.2714148 -0.1765840 -0.3144478 -0.1427499 0.2869228 0.0708853 -0.2002474 -0.0499685 0.1960194 0.3869231 -0.0997459 0.1263601 -0.2246891 -0.1123116 -0.1658406 -0.4399367 -0.3715990 -0.1010953 -0.0088768 -0.3365897 -0.5506951 -0.3421278 -0.3519953 -0.3254155 -0.1992207 -0.4252303 -0.2147821 0.0417824 -0.2347993 -0.1312213 0.2375021 -0.0430803 0.0822909 -0.0216344 0.2776168 -0.1754437 0.2049374 0.3990371 0.5166378 0.1364349 0.2893397 0.5537641 0.3417382 0.4815255 0.1368614 0.4760152 0.5707266 0.0464702 0.3908757 0.5380547 0.4426290 0.6488476 0.2812134 0.2944602 0.3259844 0.5849792 0.5216320 0.5652115 -0.1054457 0.5359456 0.6018463 0.2845730 0.2349015 0.0080396 0.0675591 0.3401009 0.2672132 0.1962403 0.1760412 0.3147727 0.5066523 0.4953478 -0.0103617 0.5852442 0.1065026 0.1997432 0.0547582 0.2888097 0.2991157 0.2148086 0.0938994 0.2732835 0.1186923 0.2497034 0.1598296 0.4663044 -0.1177298 0.0679393 0.3411327 0.2897701 0.3131082 0.1376205 -0.2445882 -0.2771136 -0.3900717 -0.3334791 -0.1138504 0.0006350 -0.0243008 0.1787307 0.0325294 0.4738048 0.5039282 0.2086639 0.3908132 0.4950064 0.3033557 0.3824601 0.4824416 0.4712189 0.4752858 0.1962970 0.4819755 0.4172178 0.5738356 -0.0246653 0.1014163 -0.0768518 0.2967509 0.4837442 0.4452243 0.1410849 0.5162596 -0.2859827 0.2779324 -0.0971686 -0.1519640 0.3523369 0.0703495 -0.1582963 0.1022369
