0.0000000 0.7335138 0.5551698 0.6665519 0.2991889 0.7116119 0.3701996 0.6841732 0.4626692 0.3965443 0.5797976 0.1906816 0.5148693 0.4349559 0.3645812 0.2664249 -0.0978292 0.4625531 0.2297530 0.3007133 0.2808786 0.1479622 -0.0669430 0.5501972 0.0574017 0.1056681 0.1008636 0.1440856 0.6982820 0.3621831 0.2991350 -0.0975347 -0.0212707 0.4612847 -0.1719769 0.3070469 -0.0521993 -0.0517162 -0.0765172 -0.2873225 0.2569128 0.4898040 -0.3958491 -0.4214633 0.6231168 -0.2550743 -0.2737524 0.1669568 -0.2192361 -0.3198744 -0.2647523 -0.3686050 0.4818155 -0.5264055 0.1175872 -0.2385578 -0.1567000 -0.2923296 0.4746080 -0.2077100 0.6679559 -0.2477309 0.1783091 0.0162998 0.4294914 -0.0127195 0.0825912 -0.0719078 0.0103874 -0.0186250 0.2129282 0.5872265 0.0985219 0.5318746 0.1081620 0.1707309 0.1212992 0.3297800 0.2431661 -0.0175858 0.4415790 0.0442644 -0.1034355 -0.0101385 -0.0254764 -0.2589993 -0.2212729 -0.3895394 -0.2316574 -0.2936453 -0.1788889 -0.0541638 0.2801728 -0.2433944 -0.0780299 0.0269651 0.0641407 0.3090017 -0.1895716 -0.0379212 -0.2432441 -0.1252613 -0.1890332 -0.0663184 0.0823349 0.0957967 -0.1261832 0.0569431 -0.1605300 0.3609338 -0.0390419 -0.1042354 0.1593826 0.3312170 0.3831871 0.2758847 0.3053893 0.4984553 0.2228965 -0.0479976 0.1215653 0.2574171 0.1299958 -0.0609109 -0.1910205 0.0036131 0.1092900 -0.0770749 0.0721662 -0.0483950 -0.2047552 0.1568456 -0.1539775 0.1192988 0.5232538 -0.1254032 -0.3148510 0.0683039 -0.2940490 0.0841014 0.4349326 0.1636587 0.5267196 -0.1779858 -0.2014467 -0.1299505 0.1147445 -0.1892270 0.4616020 0.2829033 0.2803238 -0.0509560 0.2826015 0.3517658 0.1564939 0.1237282 0.5723817 0.1286338 0.5265643 0.3097280 0.2142149 0.3812286 0.1746759 0.4883326 0.2648614 0.3293130 0.3270053 0.4454459 0.5039911 0.3640270 0.3522595 0.2802827 0.5575917 0.6081105 0.7703832 0.1780662 -0.2038625 -0.1699833 0.1789831 0.3904342 0.1878271 0.1446775 0.4318943 -0.1082301 0.5376604 0.4567728 0.5392760 0.3821882 -0.0153180 -0.1839622 -0.2767531 -0.0891250 -0.1778903 -0.2412586 -0.1116222 -0.0565202 -0.3097382 0.0145259 0.0542259 -0.0767113 -0.1990226 -0.0680589 -0.0685339 -0.0165571 0.3330094 0.7165131 -0.0532032 0.1029664 -0.3169676 -0.0973577 -0.1126229 -0.2688912 0.6323698 0.3191905 -0.1486619 0.0056635 0.1925809 0.2808380
0.7335138 0.0000000 0.8037749 0.7840434 0.4257419 0.8973988 0.4757811 0.4358731 0.7747554 0.7233015 0.5303666 0.2682740 0.2973787 0.6045662 0.4963102 -0.0117170 0.1257661 0.6061847 -0.2096860 0.5416154 0.3218378 -0.1139653 0.0472254 0.6412424 -0.3386182 -0.2317393 -0.0415833 0.1063799 0.7573384 0.3657193 0.1373249 -0.3297837 -0.0663363 0.5847942 -0.2656173 0.3996368 -0.4309718 -0.3425291 -0.1768299 -0.2390023 0.1484291 0.5994534 -0.3400438 -0.4951620 0.7000430 -0.5797307 -0.5526693 0.0176777 -0.0751727 -0.5723287 -0.4234461 -0.2901307 0.6112415 -0.2424522 -0.2368732 -0.5943149 -0.4094001 -0.1440187 0.5220404 -0.2926139 0.7182974 -0.1931756 -0.2669910 0.1564753 0.6411738 -0.2160175 -0.0440119 0.0492985 -0.3401198 -0.0322541 -0.0391850 0.6224017 0.1084934 0.4249569 -0.2828006 -0.1044696 -0.1496711 0.0791825 -0.0355126 -0.3568608 0.0316943 -0.1405258 -0.1786200 0.1811706 0.1173852 -0.2174402 -0.4593754 -0.1580118 -0.3112226 -0.2721096 -0.4727961 -0.5018969 -0.1962757 -0.1249546 -0.5020491 -0.3691020 -0.2786155 -0.0749901 -0.5438033 -0.0147012 -0.2236370 0.0332016 -0.2961717 -0.3466633 -0.1368651 -0.3134648 0.0739659 -0.0620067 -0.1384183 0.1227038 -0.4152311 -0.0938803 -0.1838477 -0.0096119 -0.0524474 -0.0328353 -0.0575549 0.2627236 -0.0361561 0.1126624 0.0693812 0.0737638 -0.2459463 -0.0145966 0.0708600 -0.0911060 0.0817478 -0.3056516 0.2055405 -0.0154556 -0.0349959 -0.0522105 -0.1610413 -0.0200619 0.3385137 -0.3042813 -0.1307510 0.2354259 -0.0755064 0.2488688 0.3007861 0.2426481 0.4415009 -0.0979171 -0.0141942 -0.1708085 0.2904747 -0.0552408 0.2465765 0.2994316 0.3774507 0.0576140 0.3693792 0.2315344 0.1668005 0.1756424 0.5132073 0.2471560 0.3631331 0.3856986 0.2975787 0.2956076 0.2047558 0.4540808 0.2945577 0.3176797 0.2443678 0.2609414 0.3142761 0.2351012 0.2858454 0.1341177 0.1417699 0.4087687 0.7941614 0.1634012 -0.4118601 -0.4644839 -0.0426787 0.3275953 0.1747469 0.3089588 0.5870005 0.2357804 0.5524384 0.6178431 0.4240217 0.1104031 -0.1743210 -0.3342804 -0.0757250 -0.3412762 -0.4778243 -0.4671085 -0.1729748 -0.3277805 -0.4401266 -0.2901545 -0.2154790 -0.2288378 -0.3496189 -0.3273395 -0.1753325 -0.1105596 0.3659222 0.4454192 -0.2778437 -0.1229618 -0.4101950 -0.2914548 -0.3097907 -0.3397955 0.4962605 0.0079694 -0.1331248 -0.1097899 0.0122615 0.2793285
0.5551698 0.8037749 0.0000000 0.6837543 0.6741219 0.6964363 0.5855027 0.4551789 0.5959944 0.6051715 0.5198814 0.3221900 0.3657417 0.6143812 0.1416116 -0.0919319 0.2063030 0.2152403 -0.4821917 0.6995432 0.3211108 -0.3597429 0.0066922 0.4334378 -0.6024173 -0.3426218 -0.0667830 0.1579706 0.4554566 0.3367592 -0.0255699 -0.4456554 0.0204516 0.3833172 -0.2657985 0.3120043 -0.5816332 -0.4539233 -0.0622327 -0.1315080 0.0389513 0.4619050 -0.3286384 -0.2767384 0.4998631 -0.7920411 -0.7769068 0.0527647 0.1122256 -0.7405726 -0.5185427 -0.4322780 0.4840653 -0.0907283 -0.2675833 -0.7711343 -0.6857940 0.0126364 0.3082861 -0.4269199 0.4626007 -0.3073890 -0.2378234 0.3067046 0.4757344 -0.4429289 -0.2123050 0.1134081 -0.5403342 0.0137321 -0.2950644 0.4764325 0.0869883 0.4180747 -0.4697991 -0.1906660 -0.1786224 -0.1769683 -0.2399256 -0.3414674 -0.1981830 0.1523849 0.0164467 0.2111993 0.0931595 -0.0321569 -0.2146724 0.1434904 -0.1348086 -0.0468939 -0.2296004 -0.3826088 -0.1153740 0.2123496 -0.2702847 -0.1668529 -0.1047163 0.1035146 -0.1940066 0.1287733 0.0119337 0.2334463 -0.1044192 -0.2428004 0.0625195 -0.1297445 0.0711620 -0.0330428 0.0193993 -0.0501834 -0.1883253 0.0872727 -0.1368222 -0.0261195 -0.0928501 -0.1446741 -0.1649649 0.0062050 -0.2389812 -0.0454783 -0.2121897 -0.0772054 -0.3167293 -0.2759437 -0.0817979 0.0232988 -0.1279678 -0.2525313 0.0982822 -0.2427746 -0.2367616 -0.0033309 -0.2555818 -0.3176303 0.3051876 -0.2349872 -0.1679224 0.1217176 -0.1474241 0.2198940 0.2548683 0.1346114 0.2903881 -0.0074472 -0.0712184 -0.2061779 0.1711725 -0.0830161 0.1696915 0.1892808 0.3174133 0.1550285 0.2271370 0.1856169 0.0005885 0.2652103 0.4521727 0.1382057 0.1746404 0.4346703 0.0462769 0.1294381 0.1045740 0.5483052 0.0595311 0.3243686 0.1345651 0.1376723 -0.0338277 0.1179682 0.1487834 -0.0351829 0.0718053 0.1917807 0.6141047 0.3495572 -0.2005928 -0.3363947 -0.1371533 0.1607775 0.0052978 0.2297306 0.3822387 0.2093425 0.3929557 0.6429635 0.3038076 0.1261935 -0.2699032 -0.3978464 0.0015154 -0.3365683 -0.2842662 -0.2664214 0.0453552 -0.1555576 -0.4595705 -0.1319471 -0.0975999 -0.2255838 -0.4582223 -0.1974465 0.0030796 -0.0058244 0.6693655 0.4805778 -0.3110096 -0.2449231 -0.5798933 -0.1740076 -0.2582169 -0.3075164 0.5685677 0.0831247 0.0511468 -0.4235725 -0.1432385 0.2190121
0.6665519 0.7840434 0.6837543 0.0000000 0.2745508 0.7457238 0.5598348 0.6645333 0.6847745 0.5332628 0.4652120 0.6272419 0.2982341 0.6178881 0.4301461 -0.0226705 0.1292345 0.5199426 -0.0967863 0.2369544 0.5815892 -0.0548067 0.0132448 0.6879474 -0.1614124 -0.2039943 0.1906493 0.3061610 0.6340438 0.5413305 0.1127648 -0.2658615 0.2071527 0.5238109 -0.2171568 0.3709902 -0.3399396 -0.2446229 0.2477771 0.1560099 -0.0020483 0.4064408 -0.1955539 -0.0914327 0.3742179 -0.4346818 -0.4293540 -0.1382013 0.2271708 -0.4121081 -0.3612672 -0.0735882 0.5200843 -0.1524362 -0.2324143 -0.4698267 -0.3825679 -0.1276405 0.2629937 -0.2835925 0.4539931 -0.1998099 -0.3481565 0.4456146 0.7202000 -0.3486987 -0.0918880 -0.1347303 -0.4491656 0.0090270 -0.1041766 0.7643353 0.0544629 0.6381964 -0.2247419 0.0672381 0.2530695 0.1051540 0.0811070 0.0508098 0.2725656 0.1114843 -0.0051562 0.2465519 0.1024188 -0.0259908 -0.1179784 -0.0486370 -0.0267897 -0.1316018 -0.1977559 -0.0755251 0.2585359 0.0886491 -0.1367332 0.0036725 0.1493427 0.2169629 -0.2684658 0.2140112 -0.1467076 0.1232422 -0.0955315 -0.0861094 0.1814493 0.0509226 0.0940536 0.1267354 0.0355443 0.0620784 -0.2004575 -0.0357581 -0.0496291 0.0374979 0.0129591 0.0128178 -0.0489760 0.3315497 0.0128839 0.1041185 0.0856951 0.0280163 0.1255713 0.0006380 -0.0282474 0.0191574 0.0959734 0.0425145 0.1189666 0.0049316 0.0266446 0.2678265 -0.0512352 -0.1254924 0.4882509 -0.0154458 -0.0101016 0.1271416 0.0417165 0.0677165 0.4368232 0.0923989 0.4731571 0.0405270 0.1108581 -0.0010854 0.2214229 0.1586626 0.3285405 0.1155493 0.1374488 0.2383426 0.2350393 0.3072464 0.2453594 0.2230964 0.5620537 0.3178476 0.4356787 0.3045779 0.2439317 0.1448699 0.2545839 0.5587109 0.2378532 0.3670528 0.3664212 0.3578021 0.3390909 0.1705738 0.3219145 0.1365769 0.1905492 0.4543752 0.6823778 0.3650183 -0.0331458 -0.1598565 0.0903629 0.2874159 -0.1001168 0.1576767 0.2679247 0.0786565 0.2390882 0.5885845 0.2403053 0.3066787 0.1478643 0.0159721 -0.0592836 0.1470667 -0.1358553 -0.1710574 0.0004900 -0.0319091 -0.2746464 0.0991625 0.1940182 -0.0956394 -0.0772906 -0.1472083 0.1253917 0.1499384 0.2512810 0.4407768 -0.1008583 0.0000006 -0.1856123 -0.0410652 -0.1139364 -0.1217952 0.4481958 0.1117104 0.1517883 -0.0131299 0.2133459 0.4783681
0.2991889 0.4257419 0.6741219 0.2745508 0.0000000 0.1326733 0.4540206 0.0542709 0.1512360 0.0754195 0.0039989 0.3817901 0.0470669 0.4960440 -0.0962586 -0.2923399 -0.0813285 -0.1821845 -0.4538498 0.4411152 -0.0634010 -0.4819008 -0.2285653 0.3182948 -0.5552513 -0.4527532 -0.1175813 0.3410480 0.0882121 0.2907171 -0.2267473 -0.6007407 0.3179892 0.1365835 -0.2130184 -0.2546567 -0.5053194 -0.5519751 -0.1508956 -0.1024844 -0.2315194 -0.0476708 -0.3104633 -0.0012256 0.1083204 -0.5723268 -0.4905082 -0.2117697 0.1285303 -0.4309812 -0.3070669 -0.4614854 0.0299917 -0.2585046 -0.2971184 -0.5445689 -0.4539356 -0.2947046 0.3167300 -0.3099795 0.0761613 -0.4052788 -0.1433080 -0.0104270 0.3428972 -0.3703443 -0.2408295 -0.2654675 -0.3652977 -0.3998483 -0.3681831 0.1956197 -0.3280508 0.4094955 -0.3855873 -0.4815037 0.0377990 -0.5403894 -0.5548736 -0.2790409 -0.3515190 0.3598658 -0.0987109 -0.1196176 -0.2525858 -0.2670489 -0.1972559 0.0933622 -0.3637711 -0.3477426 -0.2087793 -0.2614015 0.0091354 -0.0339853 -0.1538894 -0.1547069 -0.0664444 0.1215952 -0.0002290 -0.0340490 -0.2938736 0.0972908 -0.0823309 -0.4829659 0.0967285 -0.0994411 -0.0828877 -0.2649946 -0.1051776 -0.2607674 0.0332111 -0.1203165 -0.3267577 -0.2881214 -0.1832442 -0.2990910 -0.2882701 -0.1674206 -0.4114553 -0.3840878 -0.6260693 -0.3787665 -0.3604447 -0.5823805 -0.1956034 -0.2941352 -0.5915521 -0.2325468 -0.3803084 -0.5231611 -0.5552470 -0.1483563 -0.5147366 -0.4374790 -0.1759277 -0.3047972 -0.3729532 -0.3777603 -0.4650442 -0.1321801 -0.1807169 -0.3243098 -0.0543672 -0.0805063 -0.4041462 -0.4240161 -0.2837799 -0.2316887 -0.0643122 -0.1047992 0.1582421 -0.2772735 -0.1748233 -0.2068084 -0.1417727 -0.1247684 0.0121331 -0.2124305 -0.1016731 0.1125787 -0.2276643 -0.1305494 -0.2873325 0.1573384 -0.2728766 -0.0167584 -0.2067072 -0.0779846 -0.1157171 -0.0574991 -0.1532418 -0.1562996 -0.0831874 0.0217828 0.1684175 0.6540211 0.2798036 0.0226529 -0.4594711 -0.2914317 -0.1732223 -0.2206131 0.0928177 -0.0700233 0.3309065 0.5827624 0.4572561 0.4176341 0.1559192 0.0739682 -0.1564706 -0.1072027 0.1502927 -0.3004033 -0.1879039 -0.2840813 -0.4682146 0.1567464 0.1641016 -0.4725477 -0.2736902 0.2372719 0.4535469 0.4700877 0.7280299 0.4033210 -0.5725424 -0.1366302 -0.3207510 0.3345503 0.2974551 -0.1861421 0.4846439 0.3766668 0.1335171 -0.6331014 -0.4734887 -0.1498976
0.7116119 0.8973988 0.6964363 0.7457238 0.1326733 0.0000000 0.5205723 0.5977659 0.8521269 0.8814682 0.7984858 0.1775261 0.4427000 0.4962865 0.5245970 0.3464832 0.4096354 0.6337426 0.0370826 0.4693705 0.3646093 0.0828995 0.3854279 0.5244102 -0.1023933 0.1259604 0.1124127 -0.1104617 0.7816449 0.3064070 0.2556834 -0.0101977 -0.2757818 0.5804481 -0.0252316 0.6561393 -0.1525749 -0.0833319 -0.1005044 -0.2935998 0.3248251 0.8089595 -0.1315252 -0.5951844 0.8389786 -0.4147171 -0.3936639 0.2797528 -0.0424613 -0.5906033 -0.2322884 -0.1390951 0.7377658 -0.0438761 0.0083891 -0.4457933 -0.2420105 0.1703927 0.4351007 -0.0981112 0.8326256 0.0294130 -0.0564538 0.3678953 0.4557475 -0.0001473 0.1549170 0.3399011 -0.2188474 0.3549609 0.2131210 0.5461488 0.4402404 0.3005051 -0.0709359 0.2950554 -0.2325742 0.4184044 0.3034508 -0.2444419 0.1988972 -0.1678685 0.0060193 0.3950029 0.4038072 0.0295200 -0.3173246 0.0186855 0.0034945 0.0484486 -0.3411341 -0.3808671 -0.1855214 0.0969540 -0.3546687 -0.2330844 -0.1690263 -0.0456765 -0.3666304 0.0328888 0.0992524 0.1118825 -0.1788058 -0.0214485 -0.0877815 -0.1601065 0.2429061 0.1769625 0.0190301 0.3545129 -0.2724812 0.0881889 0.0735039 0.2389460 0.1398380 0.2299928 0.1854671 0.4551238 0.2551878 0.2981718 0.4260789 0.3741855 -0.1006343 0.2771386 0.1544781 0.0229600 0.4265395 -0.2273008 0.3739967 0.2564354 0.1568277 0.0952556 0.0652951 0.1824925 0.5770970 -0.1858860 0.0074513 0.4521862 0.0952345 0.4415758 0.5134938 0.5085726 0.5771868 -0.1474887 0.1550063 -0.0043109 0.4894867 0.0387004 0.4047126 0.4735557 0.4549927 0.1970105 0.5663068 0.4332439 0.2220054 0.3998898 0.6814249 0.3887088 0.5255353 0.4934652 0.3836301 0.4506723 0.4867507 0.5481860 0.4298079 0.5154328 0.4472113 0.4348941 0.3108126 0.3645551 0.4506190 0.2186981 0.3348846 0.5046236 0.8899477 0.0216872 -0.5168281 -0.4369049 0.2215879 0.6004170 0.3435463 0.5830491 0.6445995 0.3257992 0.4559635 0.3966873 0.3116519 -0.0958263 -0.4110971 -0.4988241 -0.0241026 -0.3989437 -0.5303789 -0.3491316 -0.1142873 -0.2262812 -0.3363688 -0.4260454 -0.3694480 -0.0540563 -0.3683557 -0.4620036 -0.3398353 -0.3385459 0.1059257 0.3884195 -0.0868437 -0.3508828 -0.4522892 -0.5291147 -0.4253563 -0.2523433 0.2978448 -0.2652620 -0.2350398 -0.0226817 0.2800113 0.5007772
0.3701996 0.4757811 0.5855027 0.5598348 0.4540206 0.5205723 0.0000000 0.6080368 0.5971487 0.5016429 0.5814905 0.6470182 0.3152576 0.4250773 0.2084210 0.2913208 0.5097721 0.0339970 -0.0217849 0.4301120 0.2562793 -0.1966809 0.3210955 0.4702906 -0.1643315 0.0541048 0.3182673 0.0455772 0.4840239 0.5684260 0.0972542 -0.0839286 0.0792003 0.4230725 0.1272715 0.3361423 -0.0583116 -0.1837153 0.3498163 0.2125893 0.0246581 0.4933711 0.0023037 -0.1376293 0.4698017 -0.3996054 -0.2956780 0.0693349 0.4410462 -0.5860135 -0.0691265 -0.0412359 0.5272562 -0.0070449 -0.0598873 -0.4329332 -0.1783380 0.0845737 0.3363245 0.0184521 0.3828725 -0.1099416 0.0033966 0.5414588 0.2585114 0.0023500 0.1701970 0.0224705 -0.3499280 0.1960941 0.1644731 0.3877550 0.2743766 0.4724430 -0.0951336 0.2797772 0.1344534 0.2160516 0.2186750 -0.0111588 0.2629320 -0.0070785 -0.1343057 0.0188283 -0.0419431 -0.1327005 -0.1517918 0.1735989 -0.0908690 -0.1108761 -0.2171853 -0.1871986 0.0006568 0.1616783 -0.1194443 -0.0820165 -0.0337314 0.1806822 -0.0301179 -0.1928505 -0.0266297 -0.0387640 -0.2430660 -0.2654068 0.0205325 0.0197974 -0.1018880 -0.1087551 -0.1212613 -0.1596529 0.0072942 -0.1689295 -0.0793556 -0.0752011 -0.0136570 -0.0312123 -0.0086205 0.2312525 -0.0112466 -0.2229957 -0.0769147 0.0158490 -0.0757119 -0.2473482 -0.3456050 -0.1825193 -0.1260924 -0.3313896 -0.2284287 -0.2890012 -0.3778342 -0.0930382 -0.3538363 -0.4135481 0.2882820 -0.3789230 -0.3936377 -0.1439210 -0.3373759 0.0572222 0.2460782 0.0542355 0.4532807 -0.4075128 -0.2649118 -0.3673100 -0.0227866 -0.1560032 0.4540922 0.2163072 0.2995002 -0.1372762 0.2450989 0.2907675 -0.0318342 0.2008903 0.5717400 0.0907865 0.4406953 0.3800443 0.0444739 0.2781382 0.2563582 0.4800399 0.1591929 0.5501536 0.3789698 0.4755510 0.0277314 0.3804651 0.3609561 0.1810175 0.0215019 0.2190057 0.4229251 0.5108543 0.1776380 0.0874764 0.0261395 0.2493617 -0.1507207 0.2524855 0.3449440 0.1377786 0.3449412 0.3369060 0.4628149 0.2014590 -0.0558429 -0.0439643 -0.3132346 0.0411805 0.1664709 -0.3373242 -0.2160683 -0.2086569 -0.3940402 -0.0703552 0.1424266 -0.3097292 -0.3031967 0.1073008 0.3248574 0.0704149 0.1724052 0.3416042 -0.2811199 -0.5206505 -0.3186965 0.0638724 0.0595631 -0.3219828 0.1015438 -0.2099391 0.1116132 -0.2697971 0.1979967 0.4883760
0.6841732 0.4358731 0.4551789 0.6645333 0.0542709 0.5977659 0.6080368 0.0000000 0.4061344 0.3511526 0.7207261 0.3244040 0.6713292 0.2581302 0.1550953 0.4838154 0.2344845 0.2551402 0.3409436 0.2054552 0.2106294 0.2008983 0.1379611 0.2976531 0.1965864 0.2908048 0.3504185 0.0079969 0.4176722 0.4063396 0.3015520 0.2115778 -0.1486973 0.2031036 -0.0862106 0.3339412 0.1618151 0.1540688 0.2463362 0.0449706 0.1788086 0.4252373 -0.2313789 -0.1575231 0.4004530 -0.1045683 -0.1506311 0.2170217 0.0334335 -0.3135454 -0.1839201 -0.1872404 0.3793321 -0.2286965 0.2484581 -0.1302234 -0.0802457 0.0710244 0.2156871 -0.1635865 0.4458699 -0.2069131 0.3323634 0.4789411 0.2290640 0.0502060 0.0698515 0.0118809 -0.0652477 0.3120704 0.2530025 0.5372717 0.3133034 0.5636423 0.1370098 0.4821577 0.2395093 0.4884032 0.4424808 0.1506509 0.6365729 0.0363735 -0.0178066 0.0908402 0.0520907 -0.1108324 -0.0964701 -0.0977278 0.0695965 -0.0052845 -0.1720665 0.0409487 0.2755800 0.1663487 0.0253978 0.0988770 0.1267153 0.3679705 0.0408518 0.0856459 -0.0027829 -0.1759344 -0.2064215 0.1833373 0.0376574 0.1621182 -0.1478924 0.1027093 -0.1731734 0.2592566 -0.0522662 -0.0346889 0.2163508 0.3174534 0.4116973 0.3521916 0.3692120 0.5633005 0.3539343 -0.1743470 0.2259841 0.3622851 0.2043473 -0.0421521 -0.4399076 -0.0836349 0.1822619 -0.0824186 -0.1290405 -0.0844098 -0.2573636 0.1238586 -0.1845396 -0.1210710 0.5394332 -0.1378349 -0.3078528 -0.0624811 -0.2278640 -0.0974429 0.4694767 0.0670412 0.5331850 -0.2939655 -0.0823956 -0.1651141 0.0086283 -0.0868951 0.5645060 0.0774809 -0.0168535 0.0793876 0.1605706 0.4697453 -0.0007320 0.2632760 0.6039119 0.1814343 0.6289855 0.1545680 0.1011064 0.2312742 0.2425392 0.4323264 0.2280226 0.4852299 0.4286890 0.5445559 0.3039331 0.3280722 0.4508416 0.2670878 0.5003297 0.6250118 0.6763506 0.2913559 0.0350488 0.0537554 0.2648556 0.3551943 -0.0833359 0.2963678 0.2932731 0.0138668 0.2859277 0.2619685 0.3570056 0.2540587 -0.1236165 -0.1080475 -0.4327489 0.1575955 0.1103676 -0.1226774 -0.1642044 0.0442278 -0.3402470 0.0420983 0.2318128 -0.1157580 -0.1866233 0.0209863 0.0113914 -0.0905654 0.1159660 0.5539948 0.0369609 -0.0998961 -0.3231238 -0.0534988 -0.2046828 -0.3048036 0.3252009 -0.0269278 -0.1363696 0.0498500 0.5192633 0.6789706
0.4626692 0.7747554 0.5959944 0.6847745 0.1512360 0.8521269 0.5971487 0.4061344 0.0000000 0.8750815 0.6236664 0.4785204 0.3622994 0.5785945 0.7828034 0.3407998 0.5695070 0.6915024 0.0805557 0.5468204 0.3958551 0.2316683 0.5033672 0.6202892 0.0132058 0.1602345 0.3097157 0.0338676 0.7409271 0.5897676 0.4084861 0.1269922 -0.1113926 0.5501456 0.1452284 0.4867630 -0.0408430 0.0057999 0.1020254 -0.0547442 0.4186168 0.6589740 0.1195399 -0.3429300 0.7213030 -0.2781210 -0.1903997 0.2984791 0.2263279 -0.4972215 0.0696628 0.1732438 0.6285820 0.2568596 -0.0109560 -0.3473889 -0.0270184 0.2964981 0.5333415 0.2113162 0.7498106 0.3107071 -0.1469933 0.4867585 0.5408119 0.1716483 0.3389438 0.3428413 -0.1948444 0.3868950 0.3110246 0.4169863 0.4624390 0.3147717 0.0193693 0.2778862 -0.2886957 0.3862072 0.3236663 -0.2849084 0.1258589 -0.1973267 -0.0193230 0.3551042 0.3609956 -0.0318860 -0.4036787 0.1763488 -0.0089637 0.0002268 -0.3678250 -0.3460028 -0.2957244 0.1098344 -0.2785246 -0.2148270 -0.1751453 -0.2852744 -0.3826314 0.0072970 0.0251975 0.0247763 -0.2523895 -0.1449194 -0.1459810 -0.0741537 0.1878429 -0.0036516 -0.0024111 0.0119428 -0.2042963 -0.0929994 -0.2064085 -0.1426876 -0.2520716 -0.0688412 -0.1611057 0.2329599 0.0055191 0.2666572 0.3096599 0.1001595 -0.1926687 0.2712517 0.2974221 -0.1053366 0.3241110 -0.2960179 0.3171231 0.2717913 0.2943796 -0.0236847 0.1803220 0.1845001 0.4484850 -0.2728584 0.1433512 0.4496177 0.2301173 0.5097700 0.3730928 0.5220315 0.4846221 -0.2030338 0.3211568 -0.0941173 0.6028928 0.2294900 0.3355405 0.5807745 0.6277052 0.2008356 0.7044526 0.3246881 0.3432106 0.2414302 0.6198571 0.5230056 0.4253134 0.6181549 0.5186412 0.5731714 0.4646607 0.5378693 0.5664779 0.4819691 0.4568815 0.4200806 0.2716049 0.4664898 0.4621289 0.2905986 0.2519260 0.2890374 0.6645373 0.1184464 -0.4260589 -0.3957076 0.0202132 0.3773517 0.2326549 0.4301163 0.5673965 0.3570184 0.4093331 0.5096424 0.3397333 -0.0736201 -0.2819590 -0.2490208 0.0167182 -0.2807999 -0.3457918 -0.4422641 -0.1910124 -0.3967729 -0.3246032 -0.3424502 -0.4159565 -0.1869595 -0.0946047 -0.2537144 -0.0015032 -0.0902835 0.1563980 0.2562937 -0.2862658 -0.3563026 -0.1673934 -0.3590865 -0.1053392 -0.1137900 0.2855051 -0.3747381 -0.0544934 0.1511638 0.3574751 0.5933067
0.3965443 0.7233015 0.6051715 0.5332628 0.0754195 0.8814682 0.5016429 0.3511526 0.8750815 0.0000000 0.7318511 0.1517383 0.4155297 0.5174132 0.5104208 0.3716833 0.6535931 0.5534280 0.0063174 0.5501828 0.3809850 0.1119613 0.6497034 0.4753803 -0.0956705 0.1791989 0.1462834 -0.1498768 0.7001106 0.3093865 0.3183688 0.0978699 -0.2143340 0.6225459 0.2339934 0.6959523 -0.0965379 0.0217165 0.0357456 -0.1582908 0.4724857 0.8658852 0.2106551 -0.5109440 0.8435331 -0.3251896 -0.2673401 0.4488245 0.2241177 -0.5646724 0.0102073 0.1628504 0.7932026 0.3195513 0.0831384 -0.3579951 -0.1235883 0.4273136 0.4492029 0.1565371 0.8080569 0.3469952 -0.0524981 0.5118962 0.3423236 0.1379158 0.3421044 0.5931395 -0.1645904 0.5450356 0.3075418 0.3908220 0.6124285 0.1354114 0.0126168 0.3876546 -0.3215310 0.4336930 0.3724978 -0.2242907 0.0494008 -0.1378681 0.1743010 0.5450564 0.5734812 0.2085031 -0.2474629 0.3219345 0.1824783 0.2705151 -0.2161511 -0.3562428 -0.4092533 0.3029048 -0.2352276 -0.2020953 -0.1884842 -0.2755867 -0.2437656 0.1387700 0.3139003 0.2070211 -0.0818267 0.0677164 -0.0777332 -0.1156706 0.3595793 0.1939890 0.1740787 0.1998894 -0.1391797 0.1274539 -0.0161046 0.0805464 -0.1176204 0.0413925 -0.0325895 0.2251258 0.1057764 0.4133407 0.4158667 0.2419742 -0.2327681 0.4258905 0.3551862 0.0908621 0.4458564 -0.2853091 0.4858971 0.3751796 0.2975867 0.0478005 0.1968840 0.2551475 0.4865794 -0.1947088 0.1623175 0.5977109 0.2307350 0.6886078 0.3976149 0.6737826 0.4760818 -0.0966741 0.2713308 0.0523096 0.6406521 0.1219065 0.2958946 0.6339859 0.6408684 0.2701860 0.7298447 0.3475532 0.2389633 0.4260489 0.6278102 0.4430142 0.3903083 0.6393402 0.4047328 0.5250366 0.5529566 0.5866315 0.4560630 0.5058465 0.4319664 0.3500171 0.1529951 0.3758140 0.3994568 0.1725536 0.2830074 0.3419630 0.7375017 -0.0379246 -0.5347594 -0.4444748 0.1508438 0.5909236 0.4530784 0.7220998 0.6993305 0.5637625 0.4272337 0.2805237 0.2648522 -0.2670185 -0.4743609 -0.5028638 0.1559589 -0.4685377 -0.5789165 -0.3334198 -0.0274722 -0.2544772 -0.1908415 -0.5233647 -0.5134487 0.0160683 -0.3271990 -0.4857836 -0.2924699 -0.3385221 0.0433574 0.2088141 -0.0624663 -0.5621461 -0.3597710 -0.6104215 -0.3341688 -0.0494030 0.1070740 -0.4634067 -0.0536122 -0.0557485 0.1921469 0.4368605
0.5797976 0.5303666 0.5198814 0.4652120 0.0039989 0.7984858 0.5814905 0.7207261 0.6236664 0.7318511 0.0000000 0.0740788 0.4974797 0.1601546 0.2317432 0.7201899 0.5198191 0.2363487 0.2447306 0.3571063 0.2965496 0.1016612 0.5687935 0.1498683 0.0677647 0.5243297 0.1063211 -0.4157647 0.5758897 0.1278935 0.1988078 0.2947594 -0.5081594 0.3023594 0.2202304 0.7432426 0.2092598 0.1437822 -0.0441456 -0.3496696 0.3399104 0.7937377 -0.0146262 -0.6362950 0.7376808 -0.2327497 -0.2348361 0.5032384 -0.0516043 -0.5346041 -0.0337831 -0.0980342 0.5998348 0.0891804 0.2467315 -0.2689426 -0.0931266 0.4460399 0.1826164 0.0413888 0.6334321 0.1037670 0.2692609 0.4407391 -0.0435637 0.1828574 0.3059664 0.5666723 -0.1117621 0.6828235 0.4154007 0.2264597 0.6938122 0.1122730 0.1012011 0.6643651 -0.2417221 0.6000179 0.5545470 0.0173793 0.3172572 -0.1555879 0.0846103 0.3104330 0.4125731 0.2281058 -0.0351442 0.1216296 0.2389267 0.2863190 -0.0670377 -0.1554780 -0.0411257 0.2173293 -0.0502765 0.0479198 0.0239421 0.1601595 0.0843211 -0.1442121 0.3979604 0.1811288 -0.0046558 0.1931606 0.0610199 0.1170524 0.2702312 0.3287984 0.1987562 0.5089019 0.1084675 0.3140583 0.4038302 0.5131417 0.4412733 0.4696747 0.4745549 0.5500637 0.4443489 0.2990372 0.5487971 0.5808280 0.0945121 0.2628141 0.0473921 0.1769065 0.5308855 -0.0386251 0.3802198 0.3001791 0.1177275 0.2034694 0.1495600 0.2148110 0.6378805 0.0135157 0.0232617 0.4899913 0.1024491 0.4417159 0.5927636 0.5767903 0.4840353 -0.1383129 0.1654813 0.1384869 0.4654709 0.0211778 0.4533894 0.4664661 0.3803394 0.2388550 0.5486607 0.5172179 0.1161686 0.5641215 0.6092601 0.3187345 0.4471554 0.4428993 0.2170363 0.4358141 0.5876535 0.4557842 0.3198797 0.5825171 0.4169978 0.4441056 0.0085731 0.3414673 0.3976131 0.1466631 0.5071980 0.5277104 0.7098058 0.0225486 -0.3216480 -0.1190353 0.4717735 0.6514983 0.3248358 0.5655174 0.4369394 0.1038535 0.2601008 0.0231237 0.1915210 -0.1487224 -0.5850490 -0.5772330 -0.0104595 -0.3300992 -0.2535599 -0.0530062 0.0150444 0.0481720 -0.1472649 -0.3566513 -0.2920316 0.1629479 -0.5271183 -0.4810820 -0.3671478 -0.4262277 -0.0024914 0.3481257 0.1577352 -0.5482475 -0.6358500 -0.6083940 -0.4195916 -0.1426724 0.1301384 -0.3189044 -0.3130895 -0.1615445 0.3508930 0.5028048
0.1906816 0.2682740 0.3221900 0.6272419 0.3817901 0.1775261 0.6470182 0.3244040 0.4785204 0.1517383 0.0740788 0.0000000 0.0105845 0.4923027 0.4167469 -0.0305139 0.1815405 0.1888492 -0.0107697 0.0760718 0.4678841 -0.0270517 0.0401279 0.5934257 0.0014512 -0.1108182 0.4200105 0.4414333 0.3201628 0.7808020 0.0731685 -0.1475372 0.4859645 0.2627637 0.0481886 -0.0365273 -0.0750407 -0.1928878 0.5569332 0.5390075 -0.1486712 -0.0260751 0.0981809 0.3791376 -0.0390368 -0.1652884 -0.0567621 -0.2831986 0.6103097 -0.1652734 0.0800632 0.2699226 0.1412565 0.1555829 -0.2754804 -0.2422409 -0.0442485 -0.0429907 0.1786574 0.0967107 0.0180839 0.0251126 -0.3320239 0.4707943 0.5165026 -0.1499904 0.1068365 -0.2583152 -0.3965301 -0.0486360 -0.0158359 0.3829410 -0.0404684 0.5967956 -0.0944747 0.0464248 0.3754467 -0.0824126 0.0229160 0.1841877 0.1768202 0.1832988 -0.0780505 -0.0462907 -0.1882483 -0.1272744 -0.0432052 0.1178065 -0.0910259 -0.2655253 -0.0775018 0.1283866 0.3040214 0.0469491 0.1359253 0.1474167 0.2477497 0.1242304 -0.0004225 0.0397376 -0.2817358 -0.0178864 -0.0777923 -0.2693222 0.2206973 0.2606473 -0.1061883 -0.1366442 0.0093788 -0.4206212 0.1430451 -0.2527894 -0.2607249 -0.3846887 -0.3231355 -0.3135720 -0.3794426 0.0052442 -0.3070772 -0.1342508 -0.2612010 -0.3709580 0.1238703 -0.2487681 -0.0437110 -0.1240272 -0.2719439 0.0732715 -0.1943516 -0.1893161 -0.0661754 0.1227275 -0.0810469 -0.2621074 0.1351703 -0.0526754 -0.0167262 -0.1518155 -0.0316653 -0.0742526 0.0979997 -0.1598223 0.1686457 -0.0268972 0.0565496 -0.1507454 0.0276423 0.2215353 0.1595309 0.0264900 0.1751287 0.0365542 0.0990100 0.0323048 0.2022330 -0.0720139 0.2642165 0.1980619 0.1443283 0.2723657 0.1277592 0.0879189 0.0585225 0.3607239 0.1144286 0.1810310 0.1985741 0.2332203 0.1207800 0.1579672 0.1327748 0.1041925 0.0265875 0.1110129 0.1163440 0.6236303 0.4849199 0.3073842 -0.1016706 -0.1092578 -0.3190610 -0.2495327 -0.0971712 -0.1255151 0.0053903 0.5173569 0.2682659 0.5251781 0.4950535 0.5386404 -0.0638620 0.5060614 0.4902453 -0.0593965 -0.0365724 -0.0379322 -0.1105715 0.4855292 0.4141134 -0.2066291 0.2779822 0.3445837 0.7494165 0.6029674 0.2537163 0.2107332 -0.2964019 -0.0176578 0.2274329 0.4601841 0.5125590 0.1372846 0.2907456 0.1683888 0.4362257 0.0054857 0.1961697 0.3969395
0.5148693 0.2973787 0.3657417 0.2982341 0.0470669 0.4427000 0.3152576 0.6713292 0.3622994 0.4155297 0.4974797 0.0105845 0.0000000 0.4240788 0.2540539 0.4555939 0.3499928 0.3408322 0.4370227 0.5674056 -0.0441791 0.5489385 0.2536682 0.3308382 0.3273405 0.3033060 0.4203655 0.1989248 0.3210201 0.4669474 0.7610311 0.4293678 0.0114385 0.2833710 0.1154634 0.0809015 0.2425464 0.4803208 0.2598347 0.0214012 0.7231195 0.4034348 0.0729173 -0.0446262 0.5194473 0.1367903 0.0882012 0.6893666 0.1038200 -0.1447083 0.1549044 -0.0077885 0.3898505 -0.0558683 0.6266488 0.1724445 0.1876924 0.1524227 0.5822308 0.1987575 0.6482637 0.2002940 0.6227950 0.4235395 0.2776072 0.4086107 0.3413118 0.2037243 0.3850287 0.3378043 0.4564116 0.4338137 0.3835570 0.4859751 0.4586069 0.3985857 0.0322611 0.5437401 0.4840363 -0.0591987 0.4969932 0.1066511 0.1534606 0.1776590 0.1752067 -0.2015398 -0.2783854 0.0830612 0.0957661 0.1127392 -0.1362281 0.0346603 -0.0993753 0.2684017 0.1278414 0.0460119 -0.0374594 -0.0426508 0.0057061 0.3483035 0.0488359 -0.3502168 -0.3028227 0.3108756 -0.1871286 0.1491770 -0.2584405 -0.1034811 -0.3155997 0.0343569 -0.0644729 -0.2328216 -0.1296147 -0.0004067 0.0285532 0.0071799 0.0052286 0.2362854 0.0763962 -0.2659295 0.0629175 0.0853279 -0.1761414 0.0922601 -0.3259503 -0.2252064 0.0872827 -0.4397622 -0.1412387 -0.0616109 -0.2420291 -0.1773161 -0.1179415 0.0819329 0.3672776 -0.4234129 -0.3245308 -0.0417223 -0.2697920 0.1527512 0.1942973 0.2225213 0.4496718 -0.4815304 -0.0829185 -0.3882347 0.1234131 -0.1451673 0.4777284 0.3524289 0.2880325 -0.0129783 0.4019086 0.3099304 0.0339998 0.0023435 0.5499135 0.2032488 0.5676927 0.3406038 0.2321109 0.5186481 0.0687432 0.4856602 0.4107916 0.3635660 0.3842589 0.4671153 0.4160064 0.5316610 0.4776071 0.4184533 0.6407890 0.4308063 0.5733515 0.0648331 -0.3049713 -0.3291343 -0.1456277 0.1362253 0.0635110 0.4216293 0.5678037 0.4030623 0.6193468 0.3594591 0.5682258 0.0636892 -0.2242119 -0.1710832 -0.4797052 -0.1229218 -0.1691416 -0.4308061 -0.3017830 -0.2936928 -0.4181135 -0.2035327 -0.1052155 -0.2783677 -0.0103563 0.2159289 0.0452985 -0.0366531 0.3271118 0.5559491 -0.1442912 -0.0388598 -0.1307371 -0.0854445 -0.0316908 -0.2343497 0.4246609 -0.1319275 -0.0103937 0.2289499 0.3992219 0.5448009
0.4349559 0.6045662 0.6143812 0.6178881 0.4960440 0.4962865 0.4250773 0.2581302 0.5785945 0.5174132 0.1601546 0.4923027 0.4240788 0.0000000 0.3930425 -0.1074465 0.3689536 0.4662421 -0.1240631 0.4500609 0.2088809 0.1191618 0.1938564 0.7611971 -0.1365675 -0.2293312 0.4676747 0.7328237 0.4262486 0.7134414 0.3814380 -0.2053277 0.5603179 0.5428538 0.1873017 -0.0424185 -0.2450079 -0.0445755 0.3635678 0.1859515 0.2132453 0.2216062 0.2364930 0.2260593 0.3806359 -0.2841632 -0.2059816 0.0975746 0.4229581 -0.2057328 0.0451269 0.1259189 0.4499418 0.0172862 0.0679203 -0.2382878 -0.1670536 -0.1112779 0.4362529 0.1242806 0.4956008 0.1162420 -0.1647411 0.4373399 0.7883691 -0.1403196 0.0685063 -0.0872504 -0.1689772 -0.0796578 -0.1167702 0.5573694 -0.0581226 0.5182646 -0.0005832 -0.1256037 0.0531153 -0.0396466 -0.1131958 -0.1478447 -0.0492962 0.2050849 -0.0005861 0.2143435 0.1097985 -0.1596972 -0.3195086 0.2250373 -0.0962206 -0.1360732 -0.2150397 -0.0734871 -0.0646676 0.2027884 -0.1417079 -0.0587805 0.0907852 -0.2402666 -0.3089290 0.4392519 -0.1978975 0.0128812 -0.2403143 -0.1119388 0.0189774 0.0192293 -0.0240092 -0.2318821 -0.1119782 -0.2915138 -0.1625137 -0.3202931 -0.4943835 -0.3888376 -0.4164144 -0.4062872 -0.4764734 -0.0804429 -0.3279320 -0.1671647 -0.2532028 -0.3421906 -0.1439867 0.0572226 0.0592654 -0.2665621 -0.1421396 -0.2821071 -0.0975397 -0.0576814 -0.0990146 0.0565644 0.0037694 0.0356401 0.3596372 -0.3045226 -0.0317635 -0.0195006 -0.0792578 0.3801485 0.2592591 0.1743376 0.5116418 -0.1731121 0.0481351 -0.2313412 0.2547883 0.2090942 0.3614324 0.4000508 0.5775736 0.1263873 0.3828031 0.2659189 0.4588347 0.0741227 0.5707022 0.3943045 0.4067143 0.6576123 0.4786976 0.4427726 0.1761814 0.7234864 0.4382654 0.3772159 0.4173016 0.3930511 0.5193964 0.4783908 0.4317733 0.4443358 0.1532473 0.0998212 0.5752405 0.4523075 -0.1073388 -0.4087497 -0.4662008 -0.0369062 -0.0400372 0.1502506 0.2982253 0.3282180 0.3569129 0.7131391 0.3952958 0.1151644 0.1929474 0.1652198 -0.1921269 0.0347002 -0.1776307 -0.4447134 -0.2045818 -0.4061267 -0.4697530 -0.0277605 -0.0371526 -0.3980614 0.1770700 0.2243564 0.3627136 0.4424968 0.3981722 0.3187888 -0.5330893 -0.0961286 0.0683278 0.1191830 0.2783719 0.1371479 0.3624525 -0.0047865 0.1939488 -0.0757339 0.0591578 0.3512933
0.3645812 0.4963102 0.1416116 0.4301461 -0.0962586 0.5245970 0.2084210 0.1550953 0.7828034 0.5104208 0.2317432 0.4167469 0.2540539 0.3930425 0.0000000 0.2929729 0.2890725 0.8356978 0.3566319 0.2859638 0.2511476 0.5864224 0.2798674 0.6261665 0.3559168 0.2388630 0.4254063 0.1363771 0.6419743 0.6313361 0.5736208 0.2943399 -0.0035395 0.4226484 0.0808494 0.1354222 0.1843940 0.1673749 0.1117070 0.0057116 0.4898733 0.3266468 0.1237100 -0.1364808 0.5071670 0.1042857 0.1938401 0.2210525 0.1301268 -0.1274063 0.3168520 0.2960098 0.3465897 0.2220489 0.0381025 0.0099253 0.3479761 0.1614948 0.5974018 0.4270902 0.6389098 0.4931543 -0.0625888 0.2395332 0.5683557 0.4036995 0.5047558 0.1772083 0.1110421 0.2257565 0.4889437 0.3182019 0.3364315 0.3355730 0.2482976 0.1983074 -0.2087804 0.3842456 0.3590180 -0.3000544 0.2099750 -0.2598472 -0.0842011 0.1567112 0.1873152 -0.2438212 -0.5061873 -0.0483853 -0.1702549 -0.2022772 -0.3864568 -0.2335150 -0.2261250 -0.1520963 -0.1896078 -0.2383538 -0.2303257 -0.3506520 -0.4756003 -0.0186763 -0.2432806 -0.2514816 -0.2830860 -0.1368989 -0.3234628 -0.0643903 -0.0182226 -0.1346219 -0.2123247 -0.0883888 -0.2173298 -0.2857743 -0.2917245 -0.2953415 -0.3131925 -0.1388380 -0.2417881 0.2312650 -0.0511684 0.2240910 0.2666896 -0.0516743 -0.1846928 0.2565397 0.3649806 -0.1922179 0.2277294 -0.2761770 0.2285134 0.2661528 0.3774186 -0.1649481 0.2489297 0.3986566 0.2080428 -0.2942586 0.1423509 0.3194470 0.2063166 0.3040790 0.1017740 0.3238960 0.2678188 -0.2959508 0.3031200 -0.1845426 0.4725857 0.1819008 0.1566408 0.4612204 0.5178927 -0.0312019 0.5677604 0.0691444 0.3315751 -0.1974656 0.3510732 0.3894727 0.2981212 0.4275558 0.5323760 0.5662692 0.1845051 0.2611305 0.5723290 0.1268987 0.2897683 0.2826276 0.4651141 0.4420743 0.3252186 0.3397115 0.3338065 0.2219517 0.3950333 -0.1203974 -0.4235745 -0.3153359 -0.0116896 0.1778299 0.2546366 0.1679831 0.4347921 0.2280260 0.3723855 0.5263798 0.3727880 0.1017488 -0.0089504 0.0463895 -0.0128661 -0.1492599 -0.1934133 -0.4093398 -0.2796170 -0.4240117 -0.1488246 -0.1106750 -0.4068089 -0.1729026 0.3324645 0.0509092 0.1778122 0.0691550 0.0645863 0.1155605 -0.3272692 0.0401111 0.2916033 -0.0645940 0.2150526 -0.0116595 0.3477456 -0.1886661 -0.0260964 0.5510267 0.5079401 0.5118582
0.2664249 -0.0117170 -0.0919319 -0.0226705 -0.2923399 0.3464832 0.2913208 0.4838154 0.3407998 0.3716833 0.7201899 -0.0305139 0.4555939 -0.1074465 0.2929729 0.0000000 0.5616649 0.1526335 0.7457263 0.0257203 -0.0847826 0.5671808 0.7203359 -0.0933126 0.6360707 0.9497655 0.3927669 -0.4243546 0.2415405 0.1149488 0.4147250 0.7770975 -0.5178620 -0.0281709 0.5434478 0.3719938 0.7818696 0.5885679 -0.0089825 -0.3477819 0.4839286 0.4409151 0.2996829 -0.3787715 0.4820939 0.4052534 0.4376342 0.6579851 -0.0867823 -0.0560255 0.5504443 0.1967993 0.2000038 0.2548161 0.6252282 0.3395761 0.5505655 0.5800321 0.1534966 0.5451621 0.4458739 0.4676534 0.6664641 0.3540076 -0.3091366 0.6988587 0.6134789 0.5619472 0.3947377 0.7870414 0.7704637 -0.1691987 0.7220042 -0.0648851 0.5953095 0.8691907 -0.2513908 0.7801271 0.7571045 0.1120311 0.4440902 -0.1526911 0.1298091 0.2120682 0.4192223 0.1693972 -0.0296927 0.1854896 0.3478222 0.3279247 -0.0010756 0.1033383 -0.0142298 0.1661942 0.1964622 0.1694040 0.1027432 -0.0048469 0.3007855 -0.1813819 0.3787761 -0.0674643 0.0055611 0.3974055 -0.0528864 0.3006034 0.2033225 0.2610696 0.1063096 0.5005547 0.3391827 0.1849744 0.3824224 0.4101844 0.4369608 0.5501009 0.5326903 0.5783188 0.5931787 0.2049375 0.6583122 0.6070592 0.1972389 0.4432360 0.1264989 -0.0694550 0.5918466 0.0097289 0.1698183 0.4696812 0.2335097 0.1306933 0.3469520 0.5325747 0.4546477 0.0297781 0.1159801 0.3441220 0.1569152 0.3554310 0.4023823 0.5156979 0.3152371 -0.3311788 0.2533664 0.1027856 0.3995510 0.1254062 0.4145686 0.4610516 0.3522262 0.0550177 0.5048807 0.3933094 0.1710098 0.3156842 0.3664137 0.3062804 0.4058833 0.2818608 0.2748923 0.5183568 0.5110913 0.1387948 0.3900902 0.4180473 0.3746070 0.4603958 0.1062005 0.4404198 0.3950692 0.2978873 0.6778707 0.4355198 0.3657959 -0.0537355 -0.1767690 0.1052692 0.4051476 0.4380164 0.3597399 0.4110736 0.2268766 -0.0171121 0.0846025 -0.2325667 0.1698739 -0.1842271 -0.4685032 -0.2526581 -0.1447968 -0.1598507 0.0639479 -0.0146349 -0.2240764 -0.0608453 -0.0328653 -0.2568664 -0.3610482 0.0971585 -0.1013357 -0.1391984 -0.1499261 -0.2513422 -0.2898995 0.1303549 0.0889461 -0.4744784 -0.1954833 -0.3967480 0.0004857 0.1064178 -0.1154911 -0.4329970 -0.4321104 0.1355432 0.5939963 0.5534107
-0.0978292 0.1257661 0.2063030 0.1292345 -0.0813285 0.4096354 0.5097721 0.2344845 0.5695070 0.6535931 0.5198191 0.1815405 0.3499928 0.3689536 0.2890725 0.5616649 0.0000000 0.1816227 0.1776921 0.2817030 -0.0092576 0.2630275 0.8844751 0.1520294 0.1615664 0.4481491 0.5692530 -0.0690288 0.1678782 0.3035302 0.3099666 0.4203271 -0.1269375 0.2440316 0.6192868 0.3547613 0.2930048 0.3008715 0.2716877 -0.0136826 0.3493167 0.4756933 0.6219176 -0.0537284 0.4764681 0.0010021 0.1127815 0.5004405 0.4263608 -0.3433740 0.4570364 0.3422392 0.4467966 0.5862615 0.3556245 -0.0266512 0.1873765 0.6778804 0.1162746 0.5384959 0.4374944 0.5469875 0.1908609 0.7380803 0.0755103 0.3496396 0.4268006 0.5543427 -0.0203330 0.6874065 0.3325919 -0.0138349 0.6087867 -0.0496608 0.2128321 0.5273031 -0.3670358 0.4286902 0.3743754 -0.1672473 -0.0293747 -0.0335331 0.2573902 0.5307871 0.6136502 0.3331054 -0.0782718 0.7144878 0.4548815 0.5311287 -0.0706442 -0.1118366 -0.3436308 0.6304020 -0.0433117 -0.0545998 0.0054979 -0.2833784 0.0542363 0.1799639 0.5218586 0.1919410 -0.0040008 0.3150057 -0.1194551 0.0527569 0.3607730 0.1438854 0.1502241 0.0380091 0.0392188 0.1258687 -0.0357210 -0.0306660 -0.1192147 0.0900714 -0.0001338 0.1723999 0.2105679 0.1767705 0.4038079 0.2358506 -0.1295163 0.4624589 0.2269103 -0.1766600 0.4224068 -0.2828618 0.1072656 0.3508318 0.2296372 0.0269612 0.3070315 0.2153618 0.4025372 -0.2043025 0.2011702 0.2931933 0.2459782 0.5766315 0.3338921 0.5294484 0.4156725 -0.3903866 0.3001480 -0.0472798 0.4570830 0.2610792 0.3757550 0.5224904 0.5397138 0.1613847 0.5498081 0.3806928 0.2526172 0.3859153 0.5278210 0.4210836 0.4030684 0.5830368 0.3720214 0.4955790 0.5684606 0.4428962 0.4476823 0.5800459 0.5167768 0.4534566 0.0544779 0.5002922 0.4935509 0.3342318 0.1203577 -0.0384949 0.3390180 0.0585011 -0.2790687 -0.2549455 0.0136861 0.3295984 0.2077696 0.6359385 0.3001310 0.5020140 0.0094107 0.0434654 0.0020042 -0.5048191 -0.4830372 -0.2794122 -0.0218583 -0.2935861 -0.1976177 -0.2401882 -0.2111395 -0.3378531 -0.2541653 -0.4743663 -0.5232300 -0.1541190 -0.0349714 -0.0706737 0.0091059 -0.1700418 -0.2470636 -0.1765794 -0.2759564 -0.7912048 -0.0943111 -0.3543666 0.0146558 0.1229146 -0.3666918 -0.8061519 -0.1453455 -0.0488131 0.4530938 0.6301404
