0.0000000 0.6540786 0.6799251 -0.0039210 0.7731225 0.3887537 -0.0289081 0.1740746 0.2244731 -0.0340080 -0.2512527 0.2843614 0.2267019 -0.1975119 0.2386912 -0.3416731 0.0571045 -0.5946871 -0.2025559 0.7804472 0.2082509 0.2197915 -0.2627728 -0.0810338 -0.0791380 -0.3100493 -0.1623587 -0.3038824 0.0017832 0.0446107 0.4622629 -0.1978223 -0.2576734 -0.0286073 -0.5305906 0.1501168 -0.3175769 -0.0891563 -0.2633385 -0.3210860 0.1176509 -0.1410851 -0.4819330 -0.2867390 -0.0831119 -0.2693354 -0.5095927 -0.0556213 -0.1680036 0.2683468 -0.5620005 -0.4818851 -0.0074778 -0.2159032 -0.2111115 -0.1431870 -0.3618804 -0.0097509 -0.4085995 -0.4739076 -0.4059201 -0.5090038 -0.1798308 -0.1302855 -0.1786075 -0.3304665 -0.5088576 -0.2724764 -0.3248280 -0.2033644 -0.4978177 -0.1468027 -0.4950192 -0.2022800 -0.3496718 -0.2292840 -0.0169485 -0.6215869 -0.5602402 -0.1548891 -0.6305158 0.5682591 0.3188100 0.2956722 0.2325204 -0.0171351 0.4307090 -0.0361016 0.1525305 0.2665137 -0.2356013 -0.3470807 0.0104240 0.2823055 0.0627568 -0.5094278 -0.5494654 -0.1384834 0.1448599 0.1553304 0.1455104 -0.1241748 -0.0935831 0.1615754 -0.4928364 -0.4670823 -0.2569095 -0.4436986 -0.2568602 0.0143180 -0.2551438 0.1740840 -0.1950233 -0.1628449 0.0857740 -0.1193206 -0.0500350 -0.0795871 -0.1519851 0.2470657 -0.2542172 -0.2692509 -0.0420920 -0.3963020 -0.0866891 0.3908315 -0.2184018 0.0472130 0.2521881 -0.3169955 -0.2182172 0.0713230 -0.2461240 -0.1079205 -0.0029759 0.0708805 0.0237931 -0.0350894 -0.0934507 0.1053044 -0.1200339 0.0018818 -0.3619567 0.3766315 0.1999544 0.0872303 -0.2128221 -0.2105632 -0.2208795 -0.1863619 -0.1578324 0.1604881 -0.1435615 -0.0485251 -0.2250305 0.0720571 -0.3134359 -0.1220241 -0.3394544 0.0414456 -0.2146576 -0.2104490 0.0008275 -0.2432864 -0.2750848 -0.0230720 -0.2025315 -0.1432467 -0.3996965 -0.3477426 -0.1847145 -0.2346335 0.5925995 0.2186119 0.5902734 0.1018612 0.2509163 0.2101787 0.3569713 0.2588318 0.1513597 0.1768468 -0.2455234 -0.0705441 -0.4415190 -0.4279981 -0.3954397 -0.1409956 -0.0664770 -0.0871996 0.4539575 -0.1175110 -0.1082419 0.0591721 0.4178932 0.2875439 0.3891673 -0.2587428 -0.4554075 0.4671139 -0.3301406 -0.1459870 0.0064704 0.3358188 0.8102128 -0.0625552 0.3429736 0.0700146 -0.3853349 -0.4470402 0.0163544 0.1704125 0.7813425 -0.0135926 0.2717993 0.1475834 0.0234332 -0.0568496
0.6540786 0.0000000 0.9095932 0.6114758 0.7273409 0.7697219 -0.0829683 0.5994570 0.6978399 0.5176782 0.2490597 0.4193830 0.5019090 0.3195958 0.6148293 0.0026113 0.5009373 -0.2154076 0.1591759 0.6499946 0.5431388 0.4790967 0.1491266 0.2226974 0.2786012 0.0721698 0.2683167 -0.1143233 0.5203845 0.3848518 0.5547154 0.1868889 -0.1155471 0.2605565 -0.1305184 0.5321057 0.0758209 0.2749778 0.1271454 0.1920988 0.4493582 0.4254976 -0.0275570 -0.0660801 0.4184441 0.0908107 -0.1048186 0.2794943 0.1521982 0.1344332 -0.1491617 0.0126252 0.4891439 0.2972942 0.1692232 0.1818157 0.0360030 0.3377129 -0.2242984 -0.0778237 0.0536476 -0.0196084 0.1020310 0.3775624 0.4163195 0.0874348 -0.1227484 0.2260796 0.0711665 0.3480827 -0.0435179 0.3071193 -0.0626515 0.3234541 0.1365334 0.3979822 0.4117477 -0.1711260 -0.0916937 0.2226343 -0.2274079 0.2107241 -0.1377336 0.0055331 0.0937087 -0.0708101 0.4209833 -0.4933598 0.0166614 0.0140355 -0.1919246 -0.0175263 0.3442729 -0.0843077 -0.2325999 -0.2179643 -0.1397422 0.2010574 0.0158790 -0.1575194 -0.0241399 0.1688134 -0.1089368 -0.2341930 -0.1395353 -0.1021287 -0.0200625 -0.2703903 0.1810193 0.2014760 0.1585096 0.4095330 0.0243646 0.0618856 0.3018988 0.0071944 0.1657704 0.1355611 0.0690252 0.2412365 -0.0240272 -0.0857236 0.1705206 -0.1979066 0.0064542 0.2842929 -0.1583453 0.1791864 0.1771957 -0.2175217 -0.1855138 0.3303860 -0.2268473 0.0892991 0.2328376 0.1050384 0.0542460 0.0311546 -0.1396630 0.2311148 -0.0057023 0.1085551 -0.0522013 0.3751801 0.2057467 0.2071734 -0.1552527 -0.2234259 -0.1337737 0.0253370 0.1589465 0.1255845 -0.0234885 -0.0224403 -0.2592660 0.1279451 -0.0164341 -0.0448818 -0.2242150 0.4218979 -0.1829872 0.0028808 0.1916491 0.1692866 -0.1600657 -0.0023927 -0.0225863 -0.1497076 -0.2957718 -0.1098639 -0.1537362 -0.2247993 0.2608015 0.1203698 0.5759638 0.2997405 0.3680946 0.3140894 0.5298359 0.5832053 0.3194219 0.6061446 0.1845163 0.3274403 -0.3335081 0.0562928 -0.3062994 0.0742688 0.2241533 0.2507461 0.4916519 0.2431482 0.0772353 0.4169146 0.4053201 0.2880821 0.2755462 0.0282503 -0.0248428 0.3119647 -0.1231536 -0.2258463 0.2212733 0.3688514 0.6922252 -0.0943870 0.2672090 -0.0754910 -0.2898834 -0.2705497 0.2317631 0.2050575 0.4337281 0.1674181 0.3677609 -0.1252278 0.0109569 -0.0832500
0.6799251 0.9095932 0.0000000 0.5901016 0.7799592 0.7886336 -0.0401888 0.6186336 0.6794703 0.4286945 0.1924906 0.4614699 0.5511008 0.3161854 0.5912149 -0.0502073 0.3686059 -0.1100056 0.1425769 0.7296545 0.5071572 0.4014212 0.0404304 0.2560026 0.1722285 -0.0082490 0.2040881 -0.0053752 0.4305829 0.3603365 0.5283060 0.0773453 -0.0575698 0.2427763 -0.1666217 0.4421105 0.0097479 0.2014534 0.1226371 0.1686115 0.2912807 0.2971425 -0.0594622 0.0329593 0.3189527 0.0888937 -0.1251227 0.1483544 0.2035283 0.1498898 -0.1928318 0.0143644 0.4019355 0.2572015 0.1281987 0.1974037 -0.0244323 0.3683964 -0.2612806 -0.1504828 -0.0455457 -0.0671100 0.0419021 0.3521389 0.3290241 -0.0091674 -0.2052213 0.1335889 0.0459929 0.2808913 -0.1375903 0.3069366 -0.1557317 0.3443653 0.0624751 0.2818740 0.3597660 -0.2385849 -0.1458681 0.1877260 -0.2142410 0.2246744 -0.0184672 0.0940817 0.1587564 -0.1051849 0.4586559 -0.3324396 -0.0124733 0.1356272 -0.2627596 -0.1273619 0.2754309 0.0794781 -0.3050486 -0.3647929 -0.3214928 0.1242370 0.0115683 -0.0272877 0.1047672 0.0568190 -0.1987168 -0.0658960 -0.2981039 -0.2457260 -0.1830960 -0.3561539 0.0303905 0.1275446 0.0297903 0.3424985 -0.0290912 0.0284361 0.2723760 -0.0209438 0.1093389 -0.0085533 -0.0231291 0.1479850 -0.2156520 -0.2403278 0.0408490 -0.3345752 -0.1012160 0.3162683 -0.3407993 0.0965906 0.2440729 -0.3673578 -0.2119649 0.3658227 -0.3430540 -0.0410787 0.2104862 0.0392551 0.0233403 0.1138205 -0.0855770 0.2616350 -0.0488153 0.1428301 -0.1521983 0.4122977 0.2503939 0.0862213 -0.0957441 -0.1848336 -0.3043528 -0.0329004 0.1251071 0.2064650 0.0099601 -0.1249034 -0.3042616 0.1182342 -0.1863617 -0.0498854 -0.3975116 0.3528119 -0.2959401 -0.0352138 0.0775009 0.0301058 -0.2506930 -0.0205607 -0.1372492 -0.3296503 -0.4316676 -0.1621835 -0.2590967 -0.3519076 0.3499375 0.1379325 0.5167541 0.2851514 0.3501568 0.3952767 0.4721796 0.5358345 0.3650704 0.4864818 0.0666764 0.2330729 -0.3406374 0.0403183 -0.2886232 0.1261656 0.2792866 0.2506510 0.3754637 0.2184342 0.1331873 0.2911203 0.3751314 0.3356435 0.3447801 0.0831480 -0.1121748 0.3754804 -0.2692688 -0.1819918 0.1484493 0.2959237 0.7225442 0.1462709 0.3018279 -0.0637597 -0.4314009 -0.2481636 0.1644802 0.2743985 0.5009875 0.1817847 0.3142805 -0.2461959 0.2005110 0.1045126
-0.0039210 0.6114758 0.5901016 0.0000000 0.2148942 0.5932881 -0.4779536 0.8523515 0.7459167 0.8679985 0.7530769 -0.0667770 0.4610478 0.7433932 0.5131258 0.4681504 0.7930854 0.2223819 0.5838417 0.1496887 0.5137321 0.5268279 0.6700069 0.3183222 0.6139248 0.5774283 0.7412935 0.2500039 0.6481687 0.6388715 0.3084538 0.5929881 0.0577289 0.3173256 0.5139969 0.5083851 0.5020172 0.5746715 0.6862450 0.6980703 0.5228517 0.4930477 0.6738542 0.4280217 0.4045602 0.5331113 0.4064944 0.5203042 0.4050251 -0.1564017 0.4053418 0.6744451 0.6313341 0.7816840 0.5551110 0.4761953 0.4129994 0.5986622 -0.1116638 0.4307334 0.1569343 0.5351358 0.0285905 0.7263243 0.7450513 0.4275570 0.3645188 0.7139915 0.4096953 0.7615225 0.4632751 0.6841369 0.4655474 0.5979490 0.5943202 0.7911172 0.6586056 0.4410059 0.4977299 0.5989584 0.4310764 -0.4016567 -0.5591128 -0.3722058 -0.1761996 -0.2043194 -0.0023652 -0.7215434 -0.2395818 -0.3566607 -0.1862261 0.3057667 0.5400713 -0.5188837 -0.4595339 0.1354716 0.2581245 0.3227091 -0.3103759 -0.5697732 -0.3436813 0.2540550 -0.1198991 -0.5609168 0.1509274 0.1645191 0.1512448 -0.0158523 0.4001004 0.1572345 0.2638305 0.3581596 0.1080687 0.1270095 0.1025022 -0.0131912 0.1285334 -0.0721888 0.0363274 -0.0266152 0.0326968 0.0921210 0.2405441 0.0110699 -0.0262619 0.0845327 0.0007103 0.1932126 0.1038417 -0.0219022 0.0260448 0.5605083 -0.0282948 0.1449729 0.5409710 0.1605181 0.1101988 0.1900858 0.0209968 0.2575561 0.2396397 0.1826965 0.2922937 0.3408814 0.2018314 0.2724800 0.0493831 -0.0251805 0.0976081 0.1746854 0.3844350 0.2187629 0.1381435 0.1767891 -0.1310864 0.3110382 0.1780714 0.1311320 -0.0763047 0.5947755 0.0084272 0.2190244 0.3203592 0.4219520 0.0824839 0.1504974 0.2248540 -0.0688113 -0.0769852 0.2924771 0.0912651 -0.0330576 -0.3393328 -0.1615052 0.1462212 0.1465263 0.1511349 0.1168027 0.3372793 0.4840248 0.0668364 0.5300394 0.3311623 0.3283230 -0.2190222 0.2672834 -0.2299831 0.0109337 0.4295811 0.5905069 0.1533939 0.5235492 0.2908675 0.3277141 0.1162161 -0.0133602 -0.0439732 0.3414237 0.5423437 0.0373846 0.1903521 -0.0072054 0.4051998 0.1797411 0.2035089 0.1597144 0.1198111 -0.0998360 -0.0623902 0.0531499 0.3248977 0.1117998 -0.1752640 0.2521378 0.1380299 -0.4338256 0.1642269 0.1975600
0.7731225 0.7273409 0.7799592 0.2148942 0.0000000 0.4385075 0.1294497 0.3162265 0.3266953 0.0758805 -0.1497519 0.5400779 0.3765014 0.0624112 0.4251575 -0.3141887 0.0453183 -0.1755380 -0.0936701 0.5831762 0.4997985 0.1762666 -0.2611644 0.3818530 -0.0537337 -0.2500690 -0.0705638 0.1082187 0.4125510 0.2779884 0.4130374 -0.1193575 0.1614046 0.4694271 -0.3871322 0.3800623 -0.2055794 -0.0032896 -0.0389159 -0.0662790 0.1622882 0.1247863 -0.3213178 0.0397787 0.2869302 -0.0938064 -0.2922021 -0.0070583 0.2930659 -0.0312337 -0.3701284 -0.2710029 0.3768506 0.0069986 -0.0702819 -0.0247243 -0.1934433 0.2802812 -0.4601277 -0.3819768 -0.1953334 -0.4109480 -0.1674399 0.1240557 0.0408577 -0.1482771 -0.4170737 -0.1949019 -0.1137352 -0.0126553 -0.3345344 0.0538085 -0.4077828 0.1178109 -0.0722048 0.0182908 0.1832770 -0.4384468 -0.2997604 0.1282035 -0.4364734 0.3871891 0.1424670 0.1608075 0.0698269 -0.1387374 0.3355585 -0.1019374 -0.0070560 0.1938188 -0.0616771 -0.2616890 0.1233875 0.2781167 0.1015349 -0.3982226 -0.3905262 -0.0016406 0.3226346 0.0957496 0.1599724 -0.0909037 -0.1701883 0.1328846 -0.2902767 -0.2688608 -0.3073987 -0.3938069 -0.1849719 0.0915572 -0.0932960 0.1255906 0.0886590 0.1323697 0.4028657 0.1518319 0.3050642 0.1550482 0.1810225 0.1623370 -0.1283745 -0.1492253 -0.0842429 -0.2099356 -0.0792062 0.3565102 -0.2906346 0.0141418 0.2285227 -0.3279947 -0.2064928 0.1338580 -0.3038491 -0.0205531 -0.0469038 -0.0160033 0.0297198 0.0385584 -0.0593363 0.2282571 -0.1741043 0.1103924 -0.2400512 0.3737876 0.2309012 0.0051774 -0.1023890 -0.1344798 -0.2433660 -0.0909475 -0.0847942 0.1832395 -0.0513264 -0.1228899 -0.2663939 0.0157288 -0.2260162 -0.0596119 -0.2463366 0.0403848 -0.2611516 -0.1687993 -0.0486641 -0.1386501 -0.2457603 -0.0143209 -0.1769203 -0.1361496 -0.2828871 -0.3395209 -0.1626045 -0.1738852 0.2901970 0.2437101 0.6566127 0.3724846 0.4696619 0.4116573 0.5480923 0.4426787 0.3303528 0.3215392 -0.1819047 0.0364205 -0.4724951 -0.2684704 -0.4341735 0.1064102 0.1491764 0.1302692 0.3134170 0.1014949 0.0269736 0.0336690 0.3428378 0.3012350 0.4264030 0.0013593 -0.1831458 0.4602126 -0.3178360 -0.1419582 0.2141348 0.4037159 0.7774171 0.0660342 0.3847698 0.2420527 -0.3797912 -0.2908144 0.2456049 0.2756971 0.6696758 0.2013011 0.2949631 -0.1198900 0.0216134 -0.0442196
0.3887537 0.7697219 0.7886336 0.5932881 0.4385075 0.0000000 0.1311761 0.6399146 0.7756436 0.4806732 0.4033790 0.3427620 0.6065828 0.2694617 0.5991859 0.3012860 0.3621642 0.1019878 0.4185657 0.5845371 0.1702062 0.5534061 0.3499135 0.1107756 0.4434885 0.3349735 0.2492126 0.0414295 0.2529107 0.2054256 0.5637002 0.3730362 0.0108002 0.0340190 0.1175910 0.2669744 0.3240741 0.4708293 0.1319988 0.2469537 0.5080981 0.3943669 0.1638878 -0.0117013 0.1935860 0.3372437 0.1829854 0.4109174 0.2009820 0.1027756 0.1206255 0.1762017 0.2584710 0.2304605 0.3924639 0.4329481 0.2950495 0.1035042 0.1144281 0.1531686 0.1303795 0.1774011 0.3141232 0.1405136 0.2138060 0.2919933 0.1295933 0.1826885 0.3570776 0.1776774 0.1748838 0.1610337 0.1276268 0.1392615 0.2486107 0.2668934 0.1156295 0.0177658 0.0697339 -0.0324572 -0.0496934 0.1723340 0.0093154 0.2584723 0.4186761 0.0825335 0.6896596 -0.2543743 0.2294660 0.2619826 0.1012093 0.2917837 0.4796746 0.0361351 -0.0734785 0.0690071 0.0480870 0.4328066 0.1212644 0.0246187 0.3153996 0.4456294 0.0251824 0.0069583 0.0298097 0.1701987 0.2960974 0.1129155 0.3643422 0.5439962 0.2787591 0.6279590 0.2227693 0.2736074 0.4503324 0.1589296 0.2817825 0.2432751 0.2330594 0.2514367 0.2364344 0.1681889 0.5044544 0.0696814 0.2609606 0.1638425 0.1166545 0.4688090 0.1694990 0.1213271 0.1144001 0.5936753 0.0760157 0.4424998 0.4416482 0.3671656 0.2917637 0.1838252 0.0506704 0.2660664 0.3396967 0.2463789 0.1238778 0.3512166 0.3170427 0.4503607 0.1405911 0.0899490 0.0018822 0.2819369 0.3877172 0.2538313 0.2693864 0.2710032 0.1258525 0.4014462 0.0869010 0.2713498 -0.1462532 0.4700575 0.1719060 0.3318105 0.5102643 0.1684440 0.1923578 0.3631321 0.1515798 -0.0297247 -0.1487716 0.1309039 0.0963296 -0.0569504 0.3548215 -0.0449328 0.3206029 0.1760310 0.0641912 0.0550197 0.1732612 0.3526822 0.1434065 0.5310167 0.3845396 0.4133174 -0.0278741 0.1624770 -0.0754074 0.0218607 -0.0090485 0.0416808 0.4304671 0.0309044 -0.0605715 0.6281552 0.3014919 0.2872624 0.0983004 -0.0387943 -0.1110122 0.1839622 -0.0299035 -0.3295610 0.0895969 0.1804375 0.5059542 -0.0984564 0.2150850 -0.2205180 -0.1084109 -0.3059858 0.1287405 0.0918145 0.2073460 -0.0620325 0.1501091 -0.1275127 0.0006278 -0.0967425
-0.0289081 -0.0829683 -0.0401888 -0.4779536 0.1294497 0.1311761 0.0000000 -0.4247902 -0.2031054 -0.5811754 -0.4575621 0.7140282 0.0115268 -0.4606998 0.0389900 -0.2205193 -0.6837916 0.3026505 -0.2423490 -0.0253632 -0.2426992 -0.2520125 -0.4838760 0.0034835 -0.3469278 -0.3008941 -0.6269342 -0.0762584 -0.2027683 -0.4877444 -0.0445845 -0.3276528 0.1409305 -0.0569365 -0.2949782 -0.1748855 -0.1488520 -0.2172623 -0.6286659 -0.4499498 -0.1991396 0.0510816 -0.4910200 -0.3761248 0.0063447 -0.1624791 -0.0251178 -0.2365059 -0.0082361 -0.0213832 -0.0798640 -0.4437050 -0.2888582 -0.5931131 -0.1880803 -0.0679166 -0.0184999 -0.3860529 0.3667682 -0.1844344 0.2270062 -0.2485562 0.4207169 -0.4791539 -0.4651865 -0.0580337 -0.0950467 -0.5662136 0.0809712 -0.4978222 -0.1892311 -0.5026151 -0.2411618 -0.1925798 -0.2083671 -0.4235956 -0.4229115 -0.2469085 -0.1943798 -0.4374614 -0.2337850 0.3915288 0.4896443 0.5923293 0.5305183 0.3544483 0.6271045 0.5686886 0.4802444 0.5860911 0.4947174 0.0500674 -0.1246296 0.6111215 0.4382608 0.1665027 -0.0132021 0.2724234 0.4778315 0.7656105 0.7599697 0.2062930 0.0501700 0.7178661 0.1497749 0.2654349 0.1348355 0.1894250 -0.0008718 0.3337823 0.1573956 0.0624536 0.2992343 0.3074062 0.4782160 0.3472213 0.3627728 0.5047784 0.4618568 0.0803091 0.3452651 0.1777889 0.1293093 0.2574798 0.3169272 -0.1132295 0.0912823 0.2325745 -0.0808151 0.2120226 0.1461506 -0.0788102 0.0893580 0.3145612 -0.1737884 0.0593693 0.0713615 0.0228465 0.0344599 0.0085622 0.0289468 0.0844295 0.0511069 -0.2086667 -0.0334843 -0.0075181 0.1728696 0.1431553 -0.0291374 0.2045662 0.0732396 -0.1126537 0.1954095 -0.0440143 0.2558499 -0.1085112 0.0915102 0.1006569 0.1719989 -0.2585812 0.0794711 0.1225517 0.0304724 -0.1021439 0.1125403 0.1220475 0.0039403 0.0910376 0.1234495 -0.1894619 -0.0849778 -0.0471553 0.4160828 0.0836343 -0.0162336 0.2292529 0.0386312 0.1243685 -0.1680839 -0.0746788 0.3583033 0.0344841 0.1232064 0.1938418 0.3921306 0.0658025 0.3262403 0.3125764 -0.2033314 -0.4606569 -0.0383134 -0.3369368 -0.2158212 0.2341570 -0.0152219 0.2323546 0.0877640 -0.1573756 -0.4394960 -0.0228227 0.0767159 -0.1997883 -0.2310893 -0.0367136 -0.0361478 -0.0945151 0.0041579 -0.0634585 0.2468536 -0.0935012 -0.1187759 -0.0198380 0.0982620 -0.2143518 -0.0261197 0.2405442 0.0243222 -0.0983110
0.1740746 0.5994570 0.6186336 0.8523515 0.3162265 0.6399146 -0.4247902 0.0000000 0.6611722 0.7907766 0.8165302 -0.0450527 0.7313476 0.4630739 0.4757737 0.6182707 0.6769443 0.0646419 0.7536603 0.4266844 0.3143584 0.8060353 0.7108650 0.3954169 0.7711134 0.6549914 0.5040745 0.2622287 0.4533051 0.4106502 0.6102176 0.6914727 0.1759542 0.3385286 0.5025386 0.2076834 0.5536499 0.7718747 0.4922788 0.4400626 0.7244767 0.1270887 0.5726956 0.2998428 0.0507085 0.6427949 0.4387745 0.6993757 0.3177768 0.0246409 0.3928821 0.4841067 0.3815278 0.5623012 0.6685982 0.6106277 0.4674646 0.3271488 -0.2803710 0.3804676 -0.1820904 0.3662729 0.0269425 0.4196642 0.4098584 0.4928943 0.3305632 0.5055134 0.5189634 0.4641424 0.4725358 0.4858417 0.4251902 0.3291699 0.6348046 0.5771314 0.4722807 0.4883430 0.4990125 0.4779071 0.4790834 -0.4263621 -0.5198470 -0.3071928 -0.1112930 -0.3853769 0.0914573 -0.6987108 -0.3002575 -0.2080967 -0.0945409 0.2793907 0.5299800 -0.3194353 -0.2738081 0.1326896 0.1807006 0.2852559 -0.0572889 -0.4476750 -0.2113966 0.2139283 -0.2058008 -0.3972334 0.1998162 0.1928127 0.0453095 -0.1244622 0.3777276 0.1794937 0.3894058 0.3161815 0.1825818 0.2197733 0.1410654 0.1738837 0.2852967 -0.0128445 0.1797112 0.0227844 0.0383695 0.1176354 0.2309411 0.0457949 0.0317883 0.1129525 -0.0332485 0.2080524 0.0650112 -0.0574105 0.0099008 0.5342150 -0.0012628 0.2015295 0.5407921 0.1997994 0.1651620 0.1209956 0.0412892 0.1865320 0.2737168 0.1204408 0.4490023 0.3233018 0.2150095 0.2972315 0.0303065 -0.0275331 0.3079704 0.1028924 0.2872688 0.1899530 0.1138260 0.3341411 -0.1347587 0.3337025 0.2766981 0.1334011 0.1247576 0.5769344 0.0339637 0.2319451 0.3864984 0.4580493 0.1034688 0.2690226 0.3198641 0.1429955 0.0849590 0.3991105 0.2703393 0.2211757 -0.2676672 -0.2831136 0.2936895 0.1424907 0.1487527 0.1098188 0.2370188 0.2979974 -0.0747439 0.2934261 0.0420227 0.0158694 -0.3685879 0.0552967 -0.3193513 -0.0787142 0.3038446 0.5566729 0.1965855 0.5141379 0.3031963 0.2943117 0.1140881 0.0426004 0.0856549 0.3229381 0.4218102 0.0963427 -0.0384888 -0.0872590 0.2874425 0.2001962 0.2847511 0.0029056 0.0920118 0.0917506 -0.2903463 -0.0841669 0.2141767 0.1649439 -0.0136655 0.2711292 0.1984510 -0.2031671 -0.0448747 -0.0081661
0.2244731 0.6978399 0.6794703 0.7459167 0.3266953 0.7756436 -0.2031054 0.6611722 0.0000000 0.8250063 0.6088494 0.1414412 0.5054496 0.6941987 0.8235527 0.3175912 0.6757600 0.2240075 0.3881397 0.3981607 0.3287556 0.4928431 0.5404884 0.2423467 0.4453600 0.4370606 0.6291645 0.1444616 0.5531577 0.5915653 0.4944754 0.4320414 -0.0763473 0.2093211 0.3135875 0.4098526 0.3829906 0.4248738 0.4849996 0.6148322 0.4771931 0.5545627 0.4345695 0.2533095 0.5148573 0.3187220 0.1984349 0.3967739 0.1735826 0.0462441 0.2109403 0.5135602 0.5377934 0.5989415 0.3802392 0.3466603 0.2874272 0.4550660 0.0424001 0.3565352 0.3294996 0.5119566 0.0565140 0.5521892 0.6186239 0.2808512 0.2854168 0.5649402 0.2994554 0.5975948 0.2868152 0.6037302 0.3681968 0.5047510 0.3311450 0.6633536 0.5266832 0.1627583 0.2290738 0.3037347 0.1410647 -0.0423888 -0.2730852 -0.2001789 -0.1135028 0.0062875 0.2693323 -0.6009419 -0.0038049 -0.2158640 -0.0694400 0.1047916 0.3049214 -0.3763403 -0.1392827 -0.0226337 0.0503793 0.1408994 -0.0333106 -0.3110213 -0.2201443 0.2371912 0.1081691 -0.4460774 0.0134611 0.0498849 0.1114923 -0.0200936 0.2252396 0.2514192 0.1936694 0.3590023 -0.0444443 0.0392331 0.2263202 -0.1065554 0.0409432 0.1622544 -0.0310570 0.2248319 0.1029220 0.0328454 0.2830656 -0.0573485 0.0646368 0.0661417 -0.0265121 0.0883149 0.0436134 -0.0736893 -0.1807357 0.3591905 -0.1380954 0.1533710 0.2351802 0.0495380 -0.0037398 -0.0980822 -0.1949958 0.0237862 0.0222584 -0.0538652 0.0332695 0.2270410 0.0889438 0.1817113 -0.1546402 -0.1727901 -0.0605699 -0.0655418 0.0413485 0.0758297 -0.0809254 0.0572236 -0.1417942 0.1443993 0.0030155 -0.0247319 -0.2268868 0.2392819 -0.0167200 0.0023117 0.2642685 0.0928468 -0.0359763 0.0461580 0.0808614 -0.1204675 -0.1796829 0.0345744 0.0192281 -0.0585687 0.0652252 -0.0282271 0.2162429 0.0806117 0.0386301 -0.0241067 0.2106637 0.3403398 0.0747833 0.4255182 0.3008026 0.3070451 -0.0689395 0.4386033 -0.0080213 0.1607181 0.3605048 0.3862835 0.3486286 0.2925779 0.0606781 0.3256079 0.2019620 0.0185872 -0.0424647 0.0574905 0.3192788 0.0330677 -0.0072225 -0.1963312 0.0795673 0.0833354 0.3388506 0.2454816 0.0158775 -0.1038155 -0.1461935 -0.1288486 0.1082067 0.0218517 0.1805394 0.1362035 0.0805634 -0.1451095 -0.1325715 -0.2133674
-0.0340080 0.5176782 0.4286945 0.8679985 0.0758805 0.4806732 -0.5811754 0.7907766 0.8250063 0.0000000 0.8375532 -0.2396897 0.4671670 0.8129856 0.5855379 0.5081842 0.9151453 0.1477725 0.5541976 0.1773189 0.3452582 0.6032684 0.7750797 0.2608624 0.6453055 0.6251001 0.8372512 0.2270570 0.5799190 0.7111901 0.4120726 0.6354531 -0.0719989 0.2406932 0.5568669 0.3695114 0.5021920 0.5872344 0.7290220 0.7697066 0.5924072 0.4381494 0.7033687 0.4314764 0.3976117 0.4637830 0.3498348 0.5704374 0.1841118 -0.0416091 0.3862140 0.7085780 0.5769034 0.8394690 0.5215159 0.3972957 0.3815093 0.5685025 -0.0798980 0.5012078 0.2270879 0.6361047 -0.0329789 0.7114970 0.7592841 0.4035178 0.4281828 0.8293416 0.3584759 0.8115323 0.4861172 0.7762008 0.5690245 0.5689578 0.5352531 0.8598909 0.6993390 0.4726620 0.4935046 0.5652273 0.4476734 -0.4473346 -0.6373747 -0.5771323 -0.4243613 -0.2630552 -0.1720949 -0.8534768 -0.3244517 -0.5623287 -0.1580211 0.2241479 0.3938726 -0.6897798 -0.2983474 0.1431809 0.2896337 0.1164822 -0.2519890 -0.6597168 -0.5911554 0.1621434 -0.0004414 -0.7390352 0.2077285 0.1567744 0.0978072 -0.0198847 0.3357801 0.0494510 0.2846305 0.2178140 -0.0381764 0.0132121 -0.0289139 -0.1068681 -0.0021045 -0.0352149 -0.0725569 0.0643377 0.0529204 0.0783287 0.2153878 0.0174206 -0.0285549 -0.0107516 0.0180205 -0.0103614 -0.0238944 -0.0380877 -0.1232707 0.3004903 -0.0430986 0.0785266 0.3257803 0.0047586 -0.0120364 -0.0737129 -0.1401444 -0.0086817 0.0594996 -0.0781185 0.2730310 0.1681330 0.0390127 0.1591308 -0.1529743 -0.1751228 0.1930343 -0.0733309 0.0769990 0.0274063 -0.1028594 0.1601088 -0.1940590 0.1273900 0.1902855 -0.0252962 0.0038705 0.3960285 0.0208012 0.0393169 0.2477012 0.3522654 0.0256456 0.0258409 0.2334731 0.0582289 0.0251693 0.2804014 0.1915306 0.1519146 -0.3242108 -0.1351266 0.0888186 -0.0045090 0.0039287 -0.0755651 0.1835509 0.2707189 -0.1176152 0.3096519 0.2315603 0.1552734 -0.1804949 0.3972134 -0.1183408 -0.0043254 0.4540170 0.6339770 0.1808621 0.5375203 0.2462329 0.1935994 0.0523673 -0.1436039 -0.1435374 0.2535565 0.6339774 -0.0939120 0.0745739 -0.1071587 0.1941609 0.0352180 0.0892683 0.1395492 -0.0872834 -0.0151574 -0.1564581 -0.0080741 0.1260518 -0.0046944 -0.1026424 0.2835768 0.0674062 -0.2282225 -0.2102885 -0.1513544
-0.2512527 0.2490597 0.1924906 0.7530769 -0.1497519 0.4033790 -0.4575621 0.8165302 0.6088494 0.8375532 0.0000000 -0.3044296 0.6060977 0.5408399 0.4648393 0.8803924 0.7045063 0.3307217 0.8769120 0.0926438 0.0185661 0.7762515 0.9193197 0.3321265 0.8574149 0.8932841 0.6158222 0.2499279 0.3897525 0.3691966 0.5094559 0.8687736 0.1336406 0.2250539 0.8498057 0.0191119 0.8362229 0.8703909 0.6390385 0.6325736 0.7682277 0.1960763 0.8514587 0.3695448 0.0462343 0.8158143 0.7460405 0.8366560 0.1888077 0.0894587 0.7560496 0.7821811 0.2545429 0.6891740 0.8521655 0.7591998 0.7591213 0.2916724 0.0901985 0.7974209 0.0789867 0.7834050 0.2288124 0.4073855 0.4671585 0.7648403 0.7614175 0.7620720 0.7498779 0.5546122 0.8288251 0.5129628 0.8390282 0.3220593 0.8304442 0.6810945 0.3969629 0.8092880 0.7854111 0.4354121 0.7376378 -0.6882248 -0.6605840 -0.4812974 -0.2696026 -0.2003136 -0.0994898 -0.7902784 -0.1928595 -0.4142019 0.0818066 0.3714984 0.4971265 -0.5644105 -0.1436155 0.3983541 0.4689866 0.3147059 -0.0006736 -0.5009369 -0.3650271 0.3848449 -0.0639658 -0.5272860 0.4969764 0.4563117 0.3057613 0.1538827 0.5713983 0.1851149 0.5915269 0.1825119 0.2225514 0.2681324 0.0057370 0.1499013 0.2158506 -0.0129405 0.1685632 -0.1162288 0.1943591 0.3362475 0.3097756 0.2789135 0.0714174 -0.2305222 0.1798915 0.0652160 -0.2119621 0.1855175 0.0118564 0.3542627 0.0823724 0.2839167 0.4873417 0.0534076 -0.0120782 -0.0657755 -0.1200165 -0.0675987 0.2191981 -0.0682044 0.6663067 -0.0439636 -0.0748861 0.2193829 -0.0714461 -0.1152225 0.5394115 0.0649378 0.2193810 -0.1003624 0.0024923 0.3728732 -0.0945523 0.1846160 0.4941263 0.0431183 0.3445157 0.4332120 0.1565510 0.2651276 0.3657544 0.5466952 0.2207919 0.1729350 0.4322786 0.2927827 0.3500309 0.6449083 0.4117928 0.4221277 -0.4755243 -0.5433711 -0.1392804 -0.1655879 -0.2071292 -0.2764531 -0.1215170 -0.0217617 -0.3655759 0.0837943 0.1976313 -0.0017197 0.0092711 0.3501944 0.0777850 0.0584843 0.1985978 0.4443310 -0.0464615 0.3855918 0.0899034 0.1948607 -0.1960613 -0.2809043 -0.3125142 0.1555604 0.6506892 -0.3016216 0.1193192 -0.1206004 0.0150663 -0.1534691 -0.2000321 -0.0208067 -0.2427728 -0.0994569 -0.0700136 -0.0098316 -0.0172863 -0.1566277 -0.3751124 0.0546240 -0.1136649 0.0400345 -0.1466233 -0.1171395
0.2843614 0.4193830 0.4614699 -0.0667770 0.5400779 0.3427620 0.7140282 -0.0450527 0.1414412 -0.2396897 -0.3044296 0.0000000 0.1716186 -0.2277745 0.3662063 -0.2719875 -0.3685415 0.0732140 -0.1828767 0.2664452 0.4063261 -0.0927216 -0.3991781 0.2908963 -0.2300650 -0.2960831 -0.4760458 -0.1633532 0.2874350 -0.2711752 0.1201306 -0.2614723 0.1614341 0.3584332 -0.3635733 0.3097407 -0.1724414 -0.1601606 -0.4742755 -0.3610319 -0.0496941 0.2594488 -0.4369225 -0.3766248 0.3988874 -0.1309508 -0.1399688 -0.1751293 0.1338071 0.0505923 -0.2045699 -0.3701620 0.1879363 -0.3849145 -0.1626978 -0.0300748 -0.1016510 -0.1112013 -0.0581613 -0.2986532 0.1612399 -0.2654380 0.1320593 -0.0380603 -0.0459827 -0.1136941 -0.2631105 -0.4121629 -0.0121677 -0.1694347 -0.2476652 -0.1428445 -0.2942175 0.2085803 -0.0957870 -0.0354677 0.0946328 -0.2466539 -0.1288294 0.0496103 -0.1704145 0.4478475 0.3677929 0.4420811 0.3452028 0.2503605 0.5383058 0.2158098 0.2287959 0.4978170 0.0083546 -0.1391356 -0.1198843 0.4910803 0.0302207 -0.1489676 -0.2707747 0.1579944 0.2782590 0.4890083 0.5101507 0.0251835 0.0615251 0.3353411 -0.1255250 -0.0164672 -0.2014635 -0.1855363 -0.1477477 0.1888628 0.0579384 0.1507974 0.1089512 0.1292898 0.5240513 0.2021450 0.3187066 0.5420540 0.3035609 0.2951155 0.1307243 -0.1303599 -0.1179135 -0.1261638 0.1965898 0.2328665 -0.2892144 0.1181584 0.1312861 -0.2609161 -0.1284918 -0.0032637 -0.2448674 -0.0133562 -0.1070438 -0.0141535 0.0030345 0.0247316 -0.0252504 0.2216024 -0.1254905 0.1525691 -0.1116895 0.0901119 0.0957448 -0.0882085 0.0421468 -0.0258651 -0.2622558 0.1019077 0.0708997 0.0283737 0.0932740 -0.3021817 -0.0851559 -0.1100424 -0.1046557 -0.0504544 -0.1169319 -0.0159676 -0.2841014 -0.0406822 -0.1141437 -0.0722355 -0.2033267 -0.0884288 -0.2287435 -0.2249539 -0.2284297 -0.4103181 -0.3893566 -0.3453097 0.2606402 0.2745109 0.4787089 0.6110630 0.5818089 0.6329809 0.4420243 0.4672827 0.7566772 0.3673334 0.0103074 0.2525274 -0.0364997 0.0411911 -0.0037257 0.4045968 0.2579479 -0.0054619 0.2906168 0.1547959 0.1967577 0.3054355 0.3489670 0.4914115 0.5150484 0.1935083 -0.2040694 0.3302335 -0.0700659 -0.0752111 0.0909314 0.3576293 0.2777175 0.0364163 0.2258123 0.1434768 -0.0531562 0.0736066 0.2495623 0.3929087 0.3710660 0.2497276 0.4530099 0.0653779 0.1699845 -0.0776959
0.2267019 0.5019090 0.5511008 0.4610478 0.3765014 0.6065828 0.0115268 0.7313476 0.5054496 0.4671670 0.6060977 0.1716186 0.0000000 0.1831234 0.4146480 0.5150621 0.3835691 0.1903068 0.6009288 0.6500464 -0.0487670 0.8200394 0.3512036 0.3921493 0.5086347 0.3877538 0.2035652 0.1340111 0.1683016 0.1524112 0.8926995 0.4417324 0.1902962 0.2879332 0.2904684 -0.1376640 0.4368318 0.6903986 0.1605855 0.1792035 0.6753251 -0.0307093 0.2477947 0.0576869 -0.0629122 0.5285974 0.3925057 0.6303707 0.1443743 0.3302963 0.3076513 0.2528572 0.0981764 0.2741012 0.5981519 0.6126440 0.4737642 0.1172903 -0.0246135 0.3110475 -0.0727272 0.2690810 0.3891739 0.0875420 0.1027004 0.5390637 0.3022256 0.2369548 0.6090423 0.1445098 0.4226601 0.2182185 0.2897442 0.1938553 0.5463740 0.2603931 0.1683864 0.3783137 0.3379287 0.1587051 0.3636638 -0.2987972 -0.3551257 -0.2007820 -0.0566397 -0.4304383 0.2314647 -0.5291315 -0.2305522 -0.0736446 0.0539579 -0.0354986 0.2397527 0.0404731 -0.0684255 -0.0507016 -0.0663535 0.1818693 0.3450776 0.0283508 0.0438177 0.0960057 -0.3547754 0.0142380 0.1553267 0.1339066 -0.0645977 -0.2149536 0.2460663 0.1088332 0.5054555 0.0410207 0.2247219 0.3142473 0.2062107 0.2870049 0.3420543 0.0636006 0.2798100 -0.0726548 -0.0118727 -0.0000820 0.0103370 0.0455270 0.0319662 -0.0924233 -0.2406041 0.0006606 -0.1184104 -0.1507045 -0.1190812 0.2910491 -0.2510472 0.2501465 0.1685255 -0.1032950 -0.0486663 -0.0448997 -0.1258884 -0.0390018 -0.0727938 -0.0866982 0.4472569 0.0106627 0.0015179 -0.0575828 -0.1318530 -0.2386487 0.2571716 -0.1371988 0.0094527 -0.1619990 -0.1044444 0.0730803 -0.3364621 -0.0769265 0.2450173 -0.1520657 0.2114530 0.1880370 -0.2066019 -0.0091175 0.0947831 0.2225100 -0.1371448 0.0019999 0.1625837 0.0841631 0.1239501 0.2595999 0.0776001 0.1683226 0.0906723 -0.3961951 0.1028036 -0.0070674 -0.0285099 -0.0067660 -0.0804462 -0.0700009 -0.1413566 0.0066463 -0.0557531 -0.1076612 -0.0393972 0.2500177 0.0998864 0.3558900 0.1404453 0.2416327 0.0110954 0.1956113 0.0187481 0.1249035 -0.0964881 -0.0380812 0.0128370 0.0600174 0.1441222 -0.0718741 -0.3861427 -0.0808519 -0.1733366 -0.0384782 0.3150477 0.0397404 -0.0761074 0.0624209 -0.4721153 -0.0532331 -0.0947035 0.0199486 0.2466218 0.0736965 0.0611822 0.2292871 -0.0821877 -0.0830559
-0.1975119 0.3195958 0.3161854 0.7433932 0.0624112 0.2694617 -0.4606998 0.4630739 0.6941987 0.8129856 0.5408399 -0.2277745 0.1831234 0.0000000 0.5205570 0.1772296 0.7363073 0.4162229 0.2427816 -0.1070877 0.4062492 0.1589123 0.4512350 0.2890777 0.2747084 0.3381723 0.8880244 0.4567281 0.6505792 0.9205921 0.0363867 0.3221254 -0.0031474 0.2681436 0.4412079 0.4317785 0.2694848 0.2311991 0.8496409 0.9358546 0.1573447 0.5491187 0.6331571 0.7261888 0.6083946 0.2428152 0.2261698 0.1805035 0.3753716 -0.1990628 0.2824233 0.7563118 0.6755134 0.9294651 0.2541337 0.1653523 0.1873077 0.8743589 -0.0091562 0.3757943 0.4113814 0.5957790 -0.0987373 0.8819683 0.8560650 0.1679315 0.2983668 0.8067070 0.1512912 0.9030337 0.2682586 0.8882236 0.3932778 0.7548087 0.3116831 0.7863962 0.6972017 0.2361267 0.3273490 0.5170526 0.2755349 -0.3603357 -0.5544814 -0.6301634 -0.5493044 -0.2334690 -0.2980848 -0.6116949 -0.3738788 -0.6717304 -0.1303665 0.0886361 0.2828048 -0.7279837 -0.3062284 0.0631744 0.2142005 0.0159655 -0.3350810 -0.6310385 -0.6207047 0.0487025 -0.0545219 -0.6636076 0.1071346 0.0456246 -0.0030885 0.0420561 0.1374283 -0.0810631 0.0566407 0.0123284 0.0066587 0.0623144 0.0160635 -0.0957994 -0.0313525 -0.1188383 -0.1003496 -0.1345079 -0.0701931 0.0016612 0.0660564 0.0317494 -0.1946002 -0.1317742 -0.0977037 -0.2172105 -0.0496422 -0.0755451 -0.1643057 0.0898437 -0.1686540 -0.0905295 0.0526605 -0.2186141 -0.1526584 -0.0524407 -0.1681652 -0.0571828 -0.1471305 -0.0937879 0.0327531 0.0435745 -0.0333842 -0.0844391 -0.1270182 -0.1478623 -0.1154960 -0.1435824 -0.0478119 -0.0165479 -0.1295720 -0.0964663 -0.2112510 -0.0756157 -0.0066364 -0.0577511 -0.1940773 0.1124971 -0.0642627 -0.1063311 0.0065895 0.1503519 -0.0645421 -0.1405052 0.0861982 -0.1382173 -0.0806859 0.0864173 0.0405205 -0.0307873 -0.2774748 0.0805433 -0.0923655 0.0191569 -0.0246302 -0.0300355 0.1485934 0.2278478 -0.0242977 0.2386439 0.2549120 0.2156735 -0.0846849 0.5166992 -0.0560382 0.0896551 0.5252709 0.6004588 -0.1042600 0.4142419 0.1870829 -0.0583576 -0.1174297 -0.2316251 -0.2687914 0.2676154 0.6176803 -0.1869895 0.0213851 -0.0608222 0.1600713 -0.1531827 -0.0204254 0.4361694 -0.1286319 -0.0568808 -0.1370648 0.0716754 0.1005338 -0.1112672 -0.1505381 0.2598276 -0.1551713 -0.5268749 -0.0706592 0.0538545
0.2386912 0.6148293 0.5912149 0.5131258 0.4251575 0.5991859 0.0389900 0.4757737 0.8235527 0.5855379 0.4648393 0.3662063 0.4146480 0.5205570 0.0000000 0.2858489 0.3271728 0.3875745 0.3547009 0.3062866 0.2870162 0.3991949 0.3566120 0.5650734 0.3623874 0.3889615 0.2771909 0.2634752 0.7077279 0.4452738 0.4408394 0.3689147 0.1614356 0.4274573 0.3373415 0.2431234 0.4550132 0.3751252 0.3111969 0.4685398 0.4012144 0.4120684 0.2909399 0.2685732 0.4892881 0.3544696 0.3105743 0.3403108 0.2626429 0.2030826 0.3197513 0.3760377 0.3861736 0.4242368 0.3828048 0.4243423 0.3961779 0.4456663 -0.0246896 0.4327395 0.1992165 0.4660232 0.1683428 0.4184786 0.4336927 0.3435711 0.3810572 0.3992876 0.4010918 0.3901507 0.2981298 0.4469468 0.4152499 0.4327065 0.3476400 0.4618383 0.3383814 0.1245782 0.2239736 0.1538757 0.0751869 -0.0819169 -0.2721143 -0.2042392 -0.1678828 0.1012730 0.3667086 -0.5109566 0.1274475 -0.1694965 0.1832279 -0.0093442 0.3001565 -0.3151901 0.1165127 0.0445455 0.0998342 0.1408993 0.3127282 -0.1974494 -0.1111607 0.3481394 -0.0445343 -0.3414341 0.2400268 0.1962038 0.0590909 -0.0881470 0.3052707 0.1931449 0.4287247 0.1236053 0.1628438 0.2555259 0.3655118 0.1587599 0.3018831 0.2685576 0.2160686 0.0006528 0.0684483 0.1817893 0.2042039 0.0941925 -0.1074121 -0.1981548 -0.0686174 -0.1472587 -0.2773667 -0.0797109 -0.4398652 0.0120393 -0.3044250 0.0187975 0.0219986 -0.2102914 -0.3282807 -0.3966385 -0.5126000 -0.2217014 -0.1843771 -0.2764372 0.1453606 -0.1292263 -0.2554693 0.0152362 -0.3930275 -0.3976568 0.0124650 -0.1888465 -0.1476123 -0.2414059 -0.2590622 -0.0063157 -0.2721933 -0.0974064 0.2192913 -0.2132923 -0.0050400 0.0007373 -0.1102270 -0.0770536 0.1487379 0.2285878 -0.1002392 -0.0905790 0.1859112 0.0328386 0.0792506 0.1308393 0.0846055 0.1169646 -0.0232308 -0.1914296 0.2477999 0.1047981 0.0447803 -0.0090797 0.1301557 0.1938443 0.0547737 0.2041362 0.0688661 0.0690441 -0.1263088 0.3913617 0.0048704 0.2567202 0.2375965 0.2565396 0.0937004 0.1471532 -0.1243674 0.1179218 -0.0380607 -0.1328728 -0.1552251 -0.0904948 0.2659487 -0.1607396 -0.0846103 -0.3454107 -0.1201090 -0.1205550 0.1725296 0.2057396 -0.2319485 -0.1138281 -0.2092360 -0.3030823 -0.0834382 -0.1706741 0.0975644 -0.0084731 -0.1002487 -0.0049376 -0.2023369 -0.3659869
-0.3416731 0.0026113 -0.0502073 0.4681504 -0.3141887 0.3012860 -0.2205193 0.6182707 0.3175912 0.5081842 0.8803924 -0.2719875 0.5150621 0.1772296 0.2858489 0.0000000 0.3757927 0.3533144 0.9588807 0.0094179 -0.2369773 0.7555172 0.8627652 0.2628283 0.8965838 0.9483724 0.2797522 0.1779850 0.1548853 -0.0197097 0.4558051 0.9219967 0.2542517 0.1176022 0.8995782 -0.2268405 0.9481932 0.9298015 0.4123323 0.3700835 0.7900324 0.0081465 0.7807378 0.2096150 -0.2342109 0.9305496 0.9003011 0.9055647 0.1560601 0.1756246 0.8910780 0.6473487 -0.0532361 0.3900674 0.9447061 0.8968990 0.9123128 -0.0354549 0.2280321 0.8624457 -0.0494393 0.7157329 0.3988755 0.0459249 0.1120216 0.8947722 0.8687018 0.5334139 0.8929425 0.2095416 0.9155128 0.1465655 0.8761827 -0.0157829 0.8667486 0.3798402 0.0311688 0.8770748 0.8499674 0.2040111 0.7606861 -0.6151243 -0.4445240 -0.2099786 0.0117993 -0.0025882 0.0682851 -0.5052565 0.0455023 -0.1438881 0.3023806 0.5214850 0.5587025 -0.3876290 0.0628083 0.6177825 0.5854751 0.4862187 0.1845392 -0.2924209 -0.0656307 0.5892287 0.0080335 -0.2704222 0.6644241 0.6766499 0.5075542 0.3763397 0.6918742 0.3629116 0.7089174 0.2388691 0.4310688 0.4570644 0.1040786 0.3492469 0.3841392 0.0879614 0.3692205 -0.1533976 0.3790038 0.5695914 0.4503620 0.4940118 0.2388561 -0.3231400 0.3988021 0.2175265 -0.2706009 0.4368508 0.2008408 0.3326068 0.2884911 0.4650529 0.5797257 0.1966697 0.0826786 -0.0090361 -0.0285783 -0.0449480 0.4087222 0.0311898 0.8432719 -0.1643603 -0.0849895 0.3633816 0.0796161 0.0502309 0.7608304 0.2788334 0.3720196 -0.1149591 0.1795916 0.5727170 0.1468229 0.3018334 0.6562144 0.2103271 0.5546052 0.4377329 0.3721605 0.4935949 0.5114409 0.6106211 0.4548422 0.3657187 0.5452851 0.4951300 0.5515625 0.8180247 0.5871814 0.5919477 -0.4485783 -0.6876652 -0.2278105 -0.2053988 -0.3107453 -0.3847662 -0.3027794 -0.2035726 -0.4618378 -0.0390619 0.2040912 -0.0539124 0.1445236 0.1659430 0.1580127 -0.0302878 -0.1196878 0.1564826 -0.1283989 0.1530657 -0.0764089 0.2734917 -0.2841643 -0.2649571 -0.3728629 0.0293468 0.4970855 -0.3701779 0.1888526 -0.1907661 -0.1091369 -0.2510668 -0.3911780 -0.2575100 -0.2678641 -0.1541104 0.0919863 -0.0717127 -0.0923440 -0.2455708 -0.5271317 -0.1579224 -0.2055251 0.2493421 -0.1158279 -0.1436950
0.0571045 0.5009373 0.3686059 0.7930854 0.0453183 0.3621642 -0.6837916 0.6769443 0.6757600 0.9151453 0.7045063 -0.3685415 0.3835691 0.7363073 0.3271728 0.3757927 0.0000000 -0.0908050 0.4074803 0.2253318 0.3384545 0.5644280 0.6706984 -0.0091328 0.5539377 0.4765395 0.8877166 -0.0165490 0.4097536 0.6895377 0.4009294 0.5266067 -0.3091745 0.0581614 0.3963905 0.3895244 0.3376484 0.4855221 0.6850965 0.6754046 0.5525142 0.3818726 0.5973011 0.2948195 0.3237848 0.3072284 0.1688242 0.5142414 0.0106349 -0.0129930 0.2111689 0.5973290 0.5353244 0.8005355 0.3942232 0.2442994 0.2206737 0.5387196 -0.0974979 0.3514081 0.1857230 0.5006361 -0.0697894 0.7067952 0.7681653 0.2838981 0.2792268 0.8115544 0.1795501 0.8151702 0.3597224 0.7453550 0.4197268 0.5230156 0.4049755 0.8070762 0.7195673 0.3620523 0.3696651 0.5767819 0.3435001 -0.3322385 -0.5862791 -0.5625455 -0.4117672 -0.2892067 -0.2746204 -0.8333112 -0.3697605 -0.6208594 -0.3509403 0.1348481 0.3000274 -0.7030869 -0.4231941 0.0345458 0.1659626 0.0316886 -0.4443672 -0.6823752 -0.6829956 0.0310325 -0.0028469 -0.7426945 0.0271814 -0.0081350 0.0852781 -0.0653002 0.2118384 -0.0619367 0.0995089 0.1920415 -0.1583955 -0.1376409 -0.2124684 -0.2562348 -0.1852755 -0.1990875 -0.2360008 0.0783361 -0.0157766 -0.0315951 0.1444731 -0.0819880 -0.0255692 0.0697625 0.0120841 0.0256964 0.0785175 -0.0498512 -0.0416931 0.3001690 -0.0289828 0.0692592 0.3300402 0.0433114 0.0529602 0.0150241 -0.0472039 0.0497179 0.0534946 -0.0306855 0.1850511 0.2611505 0.1183681 0.1576902 -0.1345364 -0.1618330 0.1690324 -0.0777968 0.0975699 0.0730274 -0.1161426 0.1207693 -0.2119579 0.1332074 0.0901668 -0.0395710 -0.0526501 0.4271625 -0.0132570 -0.0341712 0.1996648 0.2753043 -0.0401012 -0.0230996 0.1616864 0.0115493 -0.0918344 0.1616209 0.0937847 0.0197985 -0.2251621 -0.0316967 0.0744697 -0.0366886 0.0273902 -0.0705242 0.2234981 0.2768630 -0.1236273 0.3390371 0.2513771 0.1914516 -0.1813940 0.3038366 -0.1504203 -0.0583371 0.4372534 0.6083439 0.2250385 0.5160867 0.2632562 0.1667051 0.1051423 -0.1387517 -0.1129037 0.2410649 0.5908916 -0.0369913 0.0925253 0.0470246 0.2459135 0.1089343 0.1845239 0.0886904 0.0119293 0.0003389 -0.1292953 0.0812397 0.1771066 0.0077476 0.0165630 0.3031623 0.1360144 -0.1652244 -0.0819281 0.0299809
