0.0000000 0.5328350 0.0540102 -0.1450043 0.0180169 -0.0556709 0.3052235 0.0744514 -0.0488324 0.0948018 0.2471984 0.4862570 0.0948063 -0.1033219 -0.1645821 0.1463069 0.0203774 -0.0431283 0.0739205 -0.0466915 0.6395729 -0.1845556 0.0501335 0.0713483 0.0000384 -0.1091387 -0.3368016 0.1360043 -0.0017086 -0.0494659 0.2350497 0.0777403 0.0090828 -0.0008067 -0.1174260 0.4542249 -0.2927040 0.1355076 0.0411693 -0.1362631 -0.0643077 0.4660799 0.2051277 0.0193393 0.3047422 0.1269376 0.1949097 -0.0062030 -0.0213501 -0.2675929 0.0621516 -0.0910635 0.2503788 -0.0634693 0.0316842 -0.0799427 -0.0117994 0.0574093 0.5943134 0.0721538 0.6851084 0.0598845 -0.1668442 0.4006812 0.6158240 -0.0423074 0.0504368 0.0254202 -0.0348765 0.3975859 -0.0218394 0.4313236 0.2723531 0.4651416 0.3660933 0.5238912 0.5325391 0.3462807 0.5681094 0.6393717 0.2501631 0.0172605 0.2928661 0.3578931 0.5349054 0.0352777 -0.5404905 0.5514944 0.2384982 0.3635314 -0.3545289 -0.3049994 -0.1262919 0.1606562 -0.2634554 -0.1407957 -0.1578522 -0.2401209 -0.1230347 0.1623057 0.0605218 -0.3476823 -0.0825369 0.3967013 -0.3841612 -0.0024990 -0.0358341 -0.0231047 -0.3305771 0.2920336 -0.0593161 0.1927060 -0.2774945 0.2731701 0.3011913 0.1227910 0.1747434 0.1587958 0.0867339 0.1464089 0.3773114 0.4226674 0.1995123 0.2185750 -0.0668463 0.3261311 0.5156629 0.0304810 -0.2013326 0.3526192 -0.1307678 0.0788359 0.2238034 -0.0624130 -0.0918251 -0.1522840 -0.2510129 -0.1229473 -0.1727648 0.4004874 -0.1325166 0.2085151 0.3199297 0.1053404 -0.2541460 -0.0479859 -0.1459252 -0.1634013 -0.0544578 0.2750816 0.3349960 0.2325371 -0.1162877 -0.1069798 0.1580741 0.1854747 0.4239568 -0.0740314 0.6056085 0.2980088 0.0332383 0.2307104 0.0857588 0.3557769 -0.0309131 0.0627633 0.2399773 0.3347654 0.3602843 0.3057147 -0.0038856 0.1934454 0.4642485 0.6409591 0.5212682 0.4915586 0.7681813 0.1304503 0.7938796 0.5867962 0.1958815 0.5483599 0.1716643 0.3794691 0.3959036 0.5744136 0.1539899 -0.1638767 0.6391006 0.6157895 -0.1175917 0.5211906 0.5843701 0.1453517 0.1216805 0.4109392 0.5887402 0.6796614 0.6113123 0.3648290 0.1110730 -0.4818343 -0.6077219 -0.1582747 -0.0397248 -0.2370298 0.2533857 0.1092339 -0.4183748 0.0584948 -0.2491724 0.3571673 -0.0094274 0.4085275 0.4613175 0.2236069 -0.1064137 -0.5110629
0.5328350 0.0000000 0.7049795 0.2422726 0.6800083 0.2579542 0.5222261 0.0768546 0.2640197 0.0223647 0.0747313 0.7813147 0.4324124 -0.0712808 0.3455291 -0.1021811 0.0548290 0.3122816 -0.4061531 0.6032306 0.4959844 0.4049016 0.1018516 0.4442340 -0.3266433 -0.3750466 -0.1343409 0.4588605 0.2125252 -0.1870568 0.5809993 0.0304434 0.2868575 0.3526104 -0.2040207 -0.0666411 -0.4965292 0.3255474 -0.4674048 -0.4315185 0.4798607 0.3499006 -0.0617304 -0.1319763 0.5475080 0.1232037 0.0114800 0.6466127 0.0767868 0.0567268 -0.2974173 -0.2958739 0.7337006 -0.2646807 0.5679266 0.3523289 0.0253709 -0.0728255 0.4141258 -0.2412854 0.8326823 -0.0704267 0.2906036 0.6349283 0.8492036 0.0238226 -0.2744419 -0.1073980 0.4638971 0.3952214 -0.2813578 0.7456600 0.0606546 0.8763355 0.3095785 0.6698877 0.8729388 0.2331737 0.5233104 0.5453017 0.1567466 0.1130815 0.2073782 0.4146379 0.5686149 0.0521341 -0.4123756 0.3404800 0.1600599 0.1136174 -0.0280513 -0.2987816 -0.0508182 -0.2365465 -0.1441463 -0.2108906 -0.2653005 -0.0638095 -0.1968074 0.2010792 -0.1276339 -0.0945084 0.0420644 0.0756288 -0.3008271 -0.1061431 0.1151492 0.1756964 -0.1647264 0.3485714 -0.1607668 0.1349807 0.0484776 0.5141860 0.3628853 0.4460602 0.5291867 0.1632503 0.2221366 -0.0486788 0.3262133 0.2957018 -0.0597209 0.1429526 -0.0436562 0.1389308 0.3674284 0.0326021 -0.1597111 0.2501989 -0.0702057 0.0311569 0.0392818 -0.0150892 0.0046270 -0.1248846 -0.2441809 -0.2101542 -0.1916762 0.0211314 -0.0404871 -0.1948745 -0.2149250 -0.0738097 -0.1130269 0.1864591 -0.2477967 -0.3514938 -0.3032067 -0.1572241 -0.0730603 -0.0770085 -0.1294935 -0.0034703 0.2431187 0.1586941 -0.0409421 -0.0906341 -0.1612332 -0.0103062 0.1548604 -0.0797888 0.0015548 0.0739699 -0.0451763 0.0715844 0.0582524 -0.0592862 0.0121569 -0.0083538 -0.1303423 -0.2316383 0.2445684 0.3668626 0.7418040 0.6907447 0.6885825 0.1305035 0.4121537 0.2774790 -0.0462588 0.0583030 -0.2340736 -0.0557764 0.3555840 0.7968638 0.3920311 0.1799490 0.8541404 0.6549254 -0.3636955 0.3637746 0.3791924 -0.2429221 -0.1465726 -0.0163419 0.3854760 0.4701255 0.5734022 0.1420722 0.3308463 -0.2548589 -0.3430575 -0.1594415 0.3729923 -0.3180921 0.3371358 0.4859813 0.0103005 0.1155075 -0.0312801 -0.1984963 0.5230031 0.4175380 0.3792728 0.3390211 -0.2211410 -0.2181040
0.0540102 0.7049795 0.0000000 0.5891342 0.9674598 0.1855720 0.2054493 0.1965806 0.4401986 0.0665082 0.0818312 0.5784694 0.7284817 0.1390153 0.6507239 -0.1368346 0.2339885 0.5619397 -0.3986927 0.7455016 0.0063122 0.6139622 0.2723318 0.5225576 -0.2662428 -0.4039650 0.1223447 0.5426519 0.3743161 -0.0315529 0.5237227 0.2451647 0.1839979 0.4406113 -0.0721383 -0.4766526 -0.3800178 0.6743013 -0.7289134 -0.5338142 0.6904666 0.1742008 -0.1153018 -0.1169098 0.4749634 0.2836283 0.1717751 0.8964070 -0.0414225 0.5218235 -0.2347410 -0.3033805 0.5940496 -0.1383016 0.8178207 0.7056320 0.5135044 -0.0624267 0.0505589 -0.0900482 0.3420951 -0.0500828 0.6990509 0.4203473 0.3636335 0.4931134 -0.1226039 -0.1862999 0.6643913 0.2243750 0.0217352 0.5739609 -0.0325574 0.6701686 0.1280246 0.4122881 0.6009816 -0.2393658 0.1955326 -0.0135315 -0.4107321 -0.2424400 -0.1036027 0.0593617 0.1207323 -0.3433094 -0.2204110 0.1617119 -0.3331907 -0.3227483 -0.1360006 -0.5001067 -0.3620406 -0.2946604 -0.2327872 -0.4174111 -0.3816197 -0.3625963 -0.3318955 -0.0857700 -0.6384988 -0.3147456 -0.2152724 -0.1780591 -0.3616982 -0.4540503 -0.3080944 -0.0584411 -0.3819324 0.1154055 -0.4640960 -0.3534847 -0.1033257 0.1081638 0.0796078 0.2352939 0.2447962 0.0682091 0.1376580 -0.2942251 0.1159255 -0.0870214 -0.3160263 0.0593990 0.0052051 -0.3948762 -0.1366490 -0.1561088 -0.4478769 -0.1367591 -0.2267683 -0.2081728 -0.3904762 -0.0706414 -0.1297247 -0.2560016 -0.2978092 -0.3431290 -0.3838020 -0.4298521 0.0410093 -0.3837614 -0.6363163 -0.3786931 -0.2111125 -0.0189779 -0.2741132 -0.1854078 -0.0773034 -0.4078937 -0.5025525 -0.4131432 -0.2046996 0.1566775 0.1643696 -0.2013674 -0.6048753 -0.3215340 -0.4474107 -0.4933644 0.2649906 -0.2196874 -0.3410676 -0.4800997 0.0658029 -0.2557196 -0.1532399 -0.0816135 -0.4680726 -0.0713286 0.1657012 0.0026468 -0.2202276 0.1668477 0.3657650 0.5963020 0.3994771 0.4017170 -0.0663045 -0.2926593 -0.3282659 -0.4541069 -0.3340938 -0.3655461 0.1974061 0.3377606 0.5479456 0.7011026 0.5130148 0.1258241 -0.5412422 -0.2202576 -0.2404656 -0.6291617 -0.5583457 -0.5452694 -0.1262183 -0.2195141 -0.0397225 -0.4060756 0.1168538 0.2690349 -0.1278126 -0.3994505 0.7304795 -0.2084762 0.4216532 0.4341647 0.2018622 0.0997102 -0.2331247 -0.6972546 0.8123200 -0.0314216 0.3762143 0.0334982 -0.2252038 0.1727962
-0.1450043 0.2422726 0.5891342 0.0000000 0.5874832 0.4292399 -0.0299920 0.7233027 0.2536360 0.3220604 0.6551976 0.2516246 0.6841423 0.0672619 0.3737367 0.4958131 0.7501398 0.2657537 0.1961227 0.0940115 -0.1851048 0.5075457 0.8260350 0.3373765 0.4055010 0.0619233 0.0696768 0.3714886 0.3124096 -0.0804606 0.0314621 0.6515843 0.4855585 0.3417952 0.5240617 -0.4415442 -0.0310551 0.6117204 -0.0720318 0.0709472 0.2541207 0.4370680 0.5873259 0.4597733 0.5482303 0.2185672 0.0299111 0.2776360 0.4843936 0.1402431 0.4570228 0.4525264 0.4851883 0.5402850 0.1471071 0.1228227 0.2993934 0.5869062 0.0187837 0.5787664 0.2275459 0.5986299 0.1637823 0.5355680 0.1969540 0.2365604 0.5043496 0.5049862 -0.0068919 0.6107759 -0.0282691 0.2758846 0.4582467 0.1942613 -0.0885217 0.4583782 0.1356803 -0.3838156 0.3873301 -0.0365987 -0.5733482 -0.1978065 -0.0370970 -0.0563562 -0.2427880 -0.2413420 0.1529979 0.0778998 -0.2340124 -0.0172627 -0.1561479 -0.1484385 -0.3549973 -0.0001894 0.2079796 -0.3607170 -0.1264277 -0.3929769 0.1466663 -0.0608759 -0.2353226 -0.3887608 -0.3927742 0.1382606 -0.3644498 -0.0558106 -0.4282462 -0.2429325 -0.3092742 -0.0049870 -0.3713305 -0.3934920 -0.1828397 -0.1837376 0.0178077 0.0518431 -0.1339900 -0.0689575 0.0015921 -0.2429285 0.0364598 -0.4801456 -0.3919642 0.2134282 0.3136482 -0.3258370 -0.4813951 -0.3682445 -0.1440029 -0.1136595 0.1882642 -0.4231888 -0.3775619 0.2060653 -0.4686236 -0.3956600 0.1509222 0.1140636 0.1166468 -0.2783913 -0.1367722 -0.1880311 -0.4909867 -0.2738841 0.1121725 -0.2220009 0.0771691 0.1708427 -0.1117832 -0.2637044 -0.2730245 -0.1096581 0.0291347 -0.1995089 -0.3018275 -0.0718139 -0.4012784 -0.0945044 -0.3328510 -0.2966095 0.0140303 -0.0894042 -0.1881736 -0.3753098 0.0200845 0.0971580 0.2067351 0.2718517 -0.1695118 0.0188158 0.1909906 0.3545962 -0.2602847 0.0278298 -0.1040180 0.1605596 0.1205977 0.5370559 -0.1770809 -0.2474063 0.0494110 -0.3720366 -0.2759277 -0.4937926 0.0450234 0.1019294 0.3453274 0.4468725 0.0641360 -0.1628025 -0.5364080 -0.3131459 -0.3867523 -0.5087757 -0.4400883 -0.5132388 -0.3312158 -0.3998281 -0.2563172 -0.6275693 -0.0351260 0.4891506 -0.2054391 -0.6685524 0.5779977 -0.3836546 0.1672186 -0.2190313 -0.1396594 -0.0093676 -0.4571061 -0.3630639 0.6364965 -0.1171999 0.4406342 -0.5395942 -0.0506449 0.3928949
0.0180169 0.6800083 0.9674598 0.5874832 0.0000000 0.2822597 0.1630371 0.2538722 0.4671888 0.2413949 0.1644475 0.5302576 0.7955734 0.2182616 0.6628402 -0.1721025 0.3469470 0.5885022 -0.3806358 0.7097741 -0.0070228 0.5617311 0.2590995 0.5829366 -0.2041758 -0.4434010 0.2789732 0.5806889 0.3659843 0.0462815 0.5108684 0.3194139 0.2860332 0.4649128 -0.1317757 -0.5401501 -0.3586790 0.6962960 -0.6864413 -0.5052868 0.5811582 0.1831069 -0.0699252 0.0095078 0.5048419 0.3341002 0.1777057 0.8610825 0.0556308 0.4914947 -0.1880864 -0.2467899 0.5980560 -0.0454165 0.8265404 0.6905165 0.5123294 0.0237596 -0.0138631 -0.0089563 0.3004072 0.0234929 0.6650430 0.4052780 0.3732005 0.4640314 -0.0236622 -0.1087597 0.6299723 0.2194809 -0.0010038 0.5468137 0.0790438 0.6225880 0.1423109 0.4489359 0.6185383 -0.1663909 0.2540287 0.0303661 -0.4375111 -0.3279151 -0.2018863 0.0239678 0.1420094 -0.4336942 -0.3522175 0.2204105 -0.4092553 -0.3501866 -0.1796447 -0.5626094 -0.3671749 -0.3256417 -0.3162246 -0.4606242 -0.4472172 -0.4005836 -0.3765649 -0.1605201 -0.6263786 -0.3531133 -0.3326307 -0.1647610 -0.4011415 -0.4613239 -0.3803471 -0.1226913 -0.4387195 0.0809573 -0.5600020 -0.4631661 -0.0935205 0.0735711 0.0760845 0.2497673 0.1943331 0.1655164 0.1818533 -0.2144547 0.2291123 -0.0053336 -0.3046273 0.1813193 0.0916742 -0.2645713 -0.0717655 -0.1936113 -0.3559950 -0.0392809 -0.1351859 -0.1642729 -0.3102680 0.0584548 -0.0362784 -0.3236009 -0.2446318 -0.1520216 -0.2453053 -0.3006442 0.0938790 -0.2738893 -0.5922174 -0.3061392 -0.1315375 -0.0797266 -0.1200044 -0.0761316 -0.0095810 -0.3014142 -0.4154594 -0.3691581 -0.0595845 0.1802067 0.1738318 -0.1922324 -0.5618334 -0.2239170 -0.4172957 -0.4243174 0.2907010 -0.1143926 -0.3141176 -0.4279795 0.1329200 -0.1900714 -0.0319582 0.0315762 -0.3789710 -0.0011619 0.2041200 0.0714084 -0.4032872 0.0282726 0.3354390 0.5917191 0.4107356 0.4465140 -0.0497618 -0.2844406 -0.3724680 -0.5173797 -0.4274980 -0.4649929 0.1521715 0.2897978 0.4926951 0.6652266 0.5486931 0.1892161 -0.4972510 -0.1677455 -0.1934609 -0.5256091 -0.4382401 -0.4220880 -0.0246808 -0.2381740 -0.0566960 -0.3154290 0.1412420 0.3065228 -0.0639224 -0.3011089 0.6886444 -0.2931097 0.5140368 0.3813062 0.1697226 0.1505471 -0.2009846 -0.5935782 0.8177522 0.0856069 0.3699097 -0.0242671 -0.2119492 0.1756671
-0.0556709 0.2579542 0.1855720 0.4292399 0.2822597 0.0000000 0.1154195 0.2217899 0.5578362 0.4862864 0.5778832 0.4160858 0.3355760 0.2293274 0.3970305 0.0952190 0.5488028 0.4213035 -0.1829075 0.1597555 0.2481920 0.0283319 0.2875766 0.6439475 0.1379241 0.0232025 0.3272093 0.5939979 0.6651312 -0.0871684 0.0460103 0.2863643 0.9153248 0.7289188 0.1101659 -0.2545569 -0.0028336 0.0369638 -0.0387593 -0.0641915 -0.2014591 0.6425444 0.3252809 0.3829126 0.6904677 -0.0025342 -0.1089252 0.0711049 0.7045260 -0.0991311 0.2499737 0.2865653 0.6469679 0.3232020 0.0419404 -0.0488549 -0.2509180 0.4724452 0.0242824 0.3834356 0.3420720 0.5918463 -0.0514236 0.4910936 0.3521505 -0.3974103 0.3852772 0.4716848 0.0493845 0.6468050 -0.3011314 0.3284283 0.5544117 0.2679687 -0.1904456 0.6217399 0.3772163 0.3721711 0.5794575 0.2646645 0.1684814 -0.1099017 -0.0722518 0.0613930 0.3421147 -0.0845429 0.1142947 0.3033221 -0.0305174 0.1179419 0.1756035 0.1095135 0.0262731 -0.0665644 0.1659635 -0.1411565 0.0135547 0.0761687 -0.0658529 0.1724244 0.1214363 0.1857695 -0.0681049 0.2730815 0.1519474 0.2255587 0.1076568 0.0080346 0.1799493 0.0394005 0.1316114 0.1110839 0.2580953 0.0457618 0.3894520 0.2556220 0.1409514 0.3173242 0.3915996 0.0763364 0.0701739 -0.2803281 0.2619470 0.6121239 0.3219588 0.3135314 -0.2718224 0.3454718 0.4465593 0.3307826 0.3341931 0.1336046 0.0191457 0.6223214 0.2119391 0.2289213 0.2651174 0.4944451 0.3383048 0.2901749 0.3067191 0.1534341 0.1863155 0.4481976 0.5170176 0.3175898 0.0714905 -0.1271362 -0.0357167 0.1955118 0.2974945 0.4774239 0.1363034 0.0900893 0.0492822 0.5716838 0.1520882 0.2300200 -0.0720137 0.2521184 0.2337818 0.2237162 0.4761255 0.1486300 0.2033117 0.2980277 0.4861695 0.3924629 0.3221840 0.2062170 -0.0128244 0.1062883 -0.2181982 -0.3161117 -0.0279213 -0.0210461 -0.0085849 0.1152106 -0.1162144 -0.1383389 -0.0739000 -0.3440807 -0.2094480 -0.4448153 -0.1831398 0.1025398 -0.2380070 -0.0366284 0.2072653 0.0687336 0.0110801 0.0738102 0.0143507 0.0760133 0.1623284 0.0898759 0.1305195 -0.0666367 0.1890636 0.2218125 -0.0073449 0.0315830 0.2011603 -0.1166313 0.0195618 -0.3832585 0.1462115 -0.1428532 -0.3350528 0.2381857 0.3164141 0.1630092 0.0580135 0.3818643 0.0113521 -0.4198273 0.4309862 0.3438087
0.3052235 0.5222261 0.2054493 -0.0299920 0.1630371 0.1154195 0.0000000 0.0408600 0.0058877 -0.4859913 -0.2522838 0.3248755 0.1205639 -0.4744168 -0.0821539 0.1120832 -0.2295701 -0.1687064 -0.1141093 0.2813202 0.3381075 0.4199475 0.1469812 -0.0305250 -0.0588460 0.1957669 0.0385163 0.0672258 -0.1128049 -0.3556306 0.2565834 0.0560151 0.2348773 -0.1026157 0.2154473 0.0096725 0.1883882 -0.0119889 -0.0047283 0.0530217 0.1825050 0.0298335 -0.0077527 0.1716881 0.1624987 0.1583453 0.0152280 0.0681878 0.1735462 -0.1631070 -0.0401866 0.0200435 0.2988762 -0.2655573 -0.0546955 -0.0880919 -0.3420052 -0.0770015 0.3938209 -0.1635974 0.6342031 -0.1806236 -0.2676145 0.4837390 0.6829934 -0.4542610 -0.2492688 -0.0270052 0.0301836 0.2758277 -0.4733445 0.4935913 0.0692303 0.6515897 -0.0651930 0.3624216 0.4890631 0.1629203 0.3792508 0.4718162 0.4630794 0.2759615 0.2883304 0.5246453 0.4472829 0.3993679 -0.0116240 -0.0864892 0.3146341 0.3695652 0.0321257 -0.1671973 0.3583343 -0.3333650 -0.1932945 -0.3163228 -0.2311030 0.3815660 -0.0116476 -0.0966579 0.2095429 0.1716501 0.3088263 -0.0008643 -0.1640430 -0.0971945 0.5072478 0.3535527 0.0311259 0.4060589 -0.0478762 0.3761954 0.1951897 0.5641700 0.4610558 0.2613985 0.3741660 0.4041870 0.4207297 0.3550980 0.3377979 0.4758366 -0.0741740 -0.0903887 0.0816279 0.2096442 0.5411724 0.0585881 0.0647848 0.4425180 0.1683175 -0.1941808 0.2861668 0.2584953 -0.0871822 -0.1119053 0.0701856 0.0823101 0.1311403 -0.0150614 -0.2421930 -0.2369732 -0.0005934 -0.0572084 0.1570881 0.3905756 0.0448537 -0.1081716 -0.5655809 -0.1767204 -0.0130441 0.1204563 0.1908591 -0.0571052 0.4291100 0.3029179 0.1803637 0.1363403 0.0820878 0.1202075 0.3291559 0.0382914 0.3168041 0.1616152 0.1637744 0.3632432 0.3559988 -0.0056995 0.1537553 0.1785588 0.0382762 -0.0734460 0.3092809 0.0179922 0.3950306 0.1802576 0.1564185 -0.0899133 0.1546135 0.1971353 0.0988173 -0.0939312 -0.1008095 -0.0523709 0.3710814 0.6801974 0.2387113 0.0784078 0.4826856 0.3336306 0.1346076 0.2224926 0.2821251 0.0693881 0.0461949 0.0751907 0.2507607 0.4155798 0.5435381 0.1603190 0.0953539 0.2128849 -0.0614540 -0.2440372 -0.1661478 -0.0786266 0.2237040 0.0344536 0.3172758 0.6933465 0.3094325 0.0217625 0.1859995 0.5306914 0.2133391 0.3696409 0.1699683 0.0105432
0.0744514 0.0768546 0.1965806 0.7233027 0.2538722 0.2217899 0.0408600 0.0000000 -0.1468674 0.4961416 0.7421181 -0.1659625 0.6332211 0.0543637 -0.1006084 0.6893902 0.8267751 -0.1384134 0.5507851 -0.3332339 -0.3024209 0.4608041 0.8504136 0.0008517 0.6824137 0.1909911 0.2780407 0.0157445 -0.1974151 0.1162310 -0.0742830 0.6443827 0.3509876 -0.0472060 0.5235546 -0.3247478 0.0916505 0.5215227 0.4804482 0.5016328 -0.0837751 0.2895696 0.8175917 0.8297435 0.3046095 0.2559885 -0.1026643 -0.1264997 0.6571791 -0.1843886 0.5348584 0.8050979 0.2777636 0.8694225 -0.2545759 -0.3087163 -0.0002998 0.8683905 0.2073965 0.6478396 0.1836622 0.7348239 -0.3298598 0.6459965 0.2543726 -0.0950642 0.6157610 0.7710050 -0.4680936 0.6780442 -0.3187560 0.3589377 0.6599293 0.1512863 -0.0791534 0.3862809 0.0060720 -0.1952117 0.4878586 -0.0009182 -0.4205789 -0.0668556 -0.0557956 0.0132059 -0.1447575 -0.1062220 -0.2064226 0.0946243 0.0059476 0.2663870 -0.2108280 -0.2311220 -0.4202571 -0.0314633 0.0647972 -0.3791600 -0.0775312 -0.4944433 0.2356463 -0.1686850 0.0957221 -0.5917038 -0.4441134 0.3228438 -0.3973341 -0.0972211 -0.4432731 -0.4167280 -0.4377066 -0.0493616 -0.4705947 -0.3890631 -0.5322449 -0.4072932 -0.2538385 -0.3246537 -0.4579490 -0.2164400 -0.2409801 -0.1609959 0.1256270 -0.2565514 -0.6007451 0.1972844 0.2769256 -0.1190989 -0.1691593 -0.7388339 -0.0649139 0.0177225 0.2464202 -0.6075746 -0.2298293 0.3070560 -0.5418480 -0.8063823 0.1552553 0.3934833 0.3931826 -0.0759080 -0.4652213 -0.0567019 -0.3783326 -0.3798193 0.0685813 -0.5843053 0.3569671 0.3696375 -0.1366470 -0.1392212 -0.1608540 -0.1862375 0.2023679 -0.5021225 -0.3925321 -0.3074919 -0.2548413 -0.0123291 -0.0966321 -0.2386690 -0.1059733 -0.0032591 -0.1784973 -0.2661685 -0.0049675 0.1337806 0.3885935 0.4477656 0.0508782 0.1017242 0.1598895 0.4825433 -0.1848599 0.0170712 0.0056750 0.1264956 0.1301860 0.4276786 -0.0257472 -0.0739984 0.1477733 -0.1613172 -0.1603624 -0.2467085 0.1587563 0.1061957 0.1392306 0.0033217 0.1451024 0.0435794 -0.4728730 -0.1477609 -0.1427544 -0.2659835 -0.2461056 -0.1606280 -0.1026021 -0.1426307 -0.1177751 -0.3717451 -0.2132297 0.4223960 -0.3895650 -0.5681891 0.2539803 -0.3910025 0.3355590 -0.3166011 -0.1462079 0.1398166 -0.5491345 0.0152262 0.3905861 0.0244754 0.5709737 -0.4748592 -0.1072550 0.2116473
-0.0488324 0.2640197 0.4401986 0.2536360 0.4671888 0.5578362 0.0058877 -0.1468674 0.0000000 0.1457996 0.1420131 0.4206796 0.2068007 0.6187941 0.9071457 -0.2981847 0.2621868 0.9189449 -0.5435790 0.6718904 -0.0155044 0.1346150 0.0420935 0.9006848 -0.1697475 -0.0782285 0.3398155 0.9125470 0.8050984 0.4245717 0.6228136 0.3112919 0.5045103 0.8924102 -0.0549669 -0.5503632 0.1339127 0.1533590 -0.6218732 -0.3174727 0.3726623 0.3835947 -0.1254512 -0.0937315 0.7010134 0.2913205 0.1745956 0.4741958 0.0944429 0.6172714 -0.0641471 -0.2153667 0.5642705 -0.1642961 0.4837227 0.5423594 0.2125008 -0.0430669 -0.3476423 0.0527941 0.0912824 0.1452429 0.5002500 0.1810148 0.0902490 0.0875001 -0.0129828 -0.0280849 0.5057149 0.1588973 0.1329169 0.2221216 0.0263368 0.3034770 -0.2587579 0.2406655 0.3524128 -0.0026547 0.1975716 0.0228149 0.1167236 -0.3440973 -0.3177974 -0.2211746 0.1410415 -0.4274597 0.0337396 0.3241586 -0.5666328 -0.3612185 0.2011834 -0.0442659 0.0360848 0.0014646 -0.2477860 -0.3320721 -0.3501471 -0.1083806 -0.5620707 0.0425102 -0.4504868 0.2484482 0.2021663 -0.1834585 0.1206249 -0.3276598 -0.1075973 0.1848467 0.0461206 -0.0536343 -0.1971432 -0.0913693 0.2735738 -0.0449327 0.3126873 0.0413423 -0.0588883 0.3062263 0.2089533 -0.0623260 0.1200902 -0.1026908 0.1033961 0.6590485 0.4535649 -0.1256536 -0.2616088 0.2428219 0.2134249 0.2856298 0.2505762 -0.0504109 0.0068240 0.4351834 0.0188732 0.3347609 0.1995110 0.1298328 -0.0817856 -0.1515872 0.0641970 -0.2235205 -0.1512682 0.0553753 0.4132550 0.0810019 -0.1560839 -0.1559074 -0.1998555 -0.2744294 -0.2654966 0.1074339 -0.0537264 -0.0023128 0.1228187 0.3293889 -0.1649430 0.0695400 -0.1547671 -0.2011562 0.1868550 -0.2609498 0.4866824 -0.2643137 -0.0233820 0.0033801 0.0144549 -0.0295890 -0.1335072 -0.1757913 -0.1599097 -0.0520452 -0.4250858 -0.2052873 -0.1642606 0.0609742 -0.0379456 0.2822912 -0.2596994 -0.3954223 -0.2630666 -0.4033582 -0.5486112 -0.6508685 -0.4442881 -0.1449305 -0.1223039 0.5135906 0.2299694 -0.2079118 -0.0064766 -0.3734548 -0.3698980 -0.1350083 -0.1578538 -0.2936417 -0.2284697 -0.1265918 0.1897507 -0.0530482 0.3434744 0.0379002 0.1540587 -0.0468892 0.3157779 0.1004106 0.5062949 0.4015744 0.1355260 0.2433333 0.0762635 -0.1540012 0.0799881 -0.1131397 0.2444737 0.0344248 0.5838083 0.6587876
0.0948018 0.0223647 0.0665082 0.3220604 0.2413949 0.4862864 -0.4859913 0.4961416 0.1457996 0.0000000 0.7520765 0.0040335 0.4705273 0.5070554 0.1507017 0.0868182 0.7796550 0.2500804 0.1662808 -0.2066594 -0.0556548 -0.1715078 0.1961364 0.4088303 0.3192383 -0.3019549 0.3860106 0.3044930 0.1711684 0.3262047 -0.0235132 0.3580852 0.4622912 0.3523126 -0.2215441 -0.2238590 -0.2578570 0.3266459 0.1647930 -0.0063519 -0.3939809 0.3940516 0.4538532 0.4753553 0.3711819 0.1244548 -0.0520635 -0.0210203 0.5042912 -0.0911980 0.2409305 0.3373506 0.3022730 0.6677271 0.0846252 -0.0482062 0.1192766 0.6259233 0.0045533 0.5036133 -0.0141443 0.6487440 -0.0293216 0.2671907 0.0583040 0.0407777 0.6078351 0.4937738 -0.1506582 0.4120938 -0.0739147 0.1776017 0.6198906 -0.0302709 0.0810821 0.4196409 0.1528152 0.2290836 0.4567553 0.0708872 -0.3634471 -0.3908589 -0.3440524 -0.1924392 0.0821514 -0.4022412 -0.5285710 0.4073428 -0.2173059 -0.0735981 -0.1536944 -0.1963571 -0.4163944 -0.0316476 -0.0874649 -0.1324338 -0.0368205 -0.4784595 -0.1041639 -0.1081768 -0.0798153 -0.4173885 -0.5642872 0.2833540 -0.0948981 0.0007165 -0.5070333 -0.4427000 -0.2693052 -0.1642381 -0.2450904 -0.4182361 -0.2964597 -0.4321119 -0.2359452 -0.1289230 -0.3232540 -0.0409485 -0.1434003 -0.0762077 0.1544857 -0.2022154 -0.0259894 0.5281382 0.2225686 0.2461277 -0.1886385 -0.2295406 0.1604833 0.1058171 0.1502597 0.1214806 -0.0797695 0.3744442 0.1694384 -0.3203671 0.0691233 0.4778323 0.3356451 0.4240673 0.1881703 0.4354330 0.0824294 0.1560434 0.1223375 -0.4133149 0.3436154 0.2799470 0.4625800 0.3975759 0.2851015 0.0687119 0.2221475 -0.0398304 -0.2401093 -0.1187104 -0.0042612 0.1424277 0.0803716 0.0975701 -0.0693290 0.3299006 -0.1106871 0.0541104 0.1041045 -0.0138018 0.3032479 0.5883884 0.2887105 0.2339275 0.1156823 0.3705624 -0.4600076 -0.1325335 0.0122105 0.1974059 0.2726787 0.3706219 0.1288706 -0.0178687 -0.1323522 -0.0633561 -0.1494776 -0.1770803 -0.0936305 -0.1911986 -0.2062577 -0.1737114 0.2114898 0.2159159 -0.2093596 0.1137955 0.0833096 0.0830103 0.1691298 0.2630600 0.2572083 -0.1245507 -0.1363123 0.1564209 -0.0650700 -0.0876268 -0.0419784 0.0951250 0.1493571 -0.5395046 0.3090040 -0.0831117 -0.4709951 -0.1924582 -0.2093809 0.2816482 0.1011051 0.2036841 0.1886440 -0.4633586 -0.0975193 -0.0411150
0.2471984 0.0747313 0.0818312 0.6551976 0.1644475 0.5778832 -0.2522838 0.7421181 0.1420131 0.7520765 0.0000000 0.1547998 0.4927970 0.2285162 0.0484524 0.5311812 0.8995664 0.1206169 0.3725909 -0.3405289 0.0897711 -0.0076770 0.6749606 0.2971870 0.5564687 0.1002624 0.1481620 0.2672569 0.3014409 0.0755616 -0.1588136 0.5674073 0.5913298 0.3564776 0.3704454 -0.0726254 -0.0607251 0.3461848 0.3505289 0.2373741 -0.2784945 0.7313880 0.7826206 0.6658690 0.5835933 0.0710450 -0.0448726 -0.1429940 0.7037234 -0.2818919 0.5906453 0.6385827 0.4050701 0.8050911 -0.1770651 -0.2872342 0.0046595 0.8571567 0.1373344 0.7608833 0.2405528 0.8605701 -0.2176579 0.5404709 0.2259869 -0.0741922 0.7451405 0.7562624 -0.3619200 0.7873183 -0.0845625 0.2457809 0.7653121 0.0123067 -0.0052867 0.5564092 0.1205281 0.0843655 0.6098423 0.1829906 -0.2775062 -0.2349850 -0.0733499 -0.1130171 0.0036281 -0.3102094 -0.1651247 0.4604324 -0.0736873 0.2135558 -0.2892338 -0.1310281 -0.4725588 0.2386977 0.1398373 -0.2345329 -0.0202586 -0.5420384 0.0947893 0.1204205 0.0762170 -0.4830081 -0.5376139 0.5085702 -0.3036289 0.1461421 -0.4897855 -0.4898165 -0.3263362 -0.1499268 -0.2138674 -0.2867846 -0.3606263 -0.3807666 0.0491637 -0.1075605 -0.2802746 -0.0203421 -0.0116554 -0.1082935 0.1246390 -0.3585977 -0.0882450 0.5666156 0.2957091 0.1521795 -0.3295229 -0.2392424 0.0830995 0.0717992 0.1945798 -0.1915684 -0.2009416 0.3482171 -0.2430404 -0.3606802 0.1131971 0.4342742 0.2871462 0.2876322 -0.0495753 0.2801308 0.0206396 0.1483504 0.1580266 -0.3534448 0.1620033 0.1457059 0.1269376 0.2384028 0.2409569 0.2751782 0.0472616 -0.2613233 -0.4018033 0.1257107 0.0612470 0.0034594 0.1337375 0.1111576 -0.0980234 0.2109203 0.0526555 0.0144473 0.0024728 0.1442097 0.4644901 0.6351858 0.2819154 0.2405110 0.1042971 0.5214510 -0.1679012 0.0636688 -0.1054810 0.0604764 0.2606159 0.3693655 0.1910437 0.0415933 0.0960549 -0.0384425 -0.0575544 -0.2321977 -0.0652121 -0.0051609 -0.1041300 -0.1248898 0.1426038 0.1150949 -0.3415569 0.0705461 0.0254043 -0.0534962 -0.0055538 0.0950771 0.1247735 -0.0794694 -0.0034662 -0.0555533 -0.1712168 0.0334545 -0.3379824 -0.4216686 0.1496899 -0.4588587 0.1883726 -0.3886909 -0.6546459 -0.0525486 -0.4107376 0.2489801 0.1381243 0.1073621 0.3807905 -0.7050625 0.0547075 0.1092235
0.4862570 0.7813147 0.5784694 0.2516246 0.5302576 0.4160858 0.3248755 -0.1659625 0.4206796 0.0040335 0.1547998 0.0000000 0.2166192 -0.1151470 0.4295971 -0.2247882 0.0359765 0.4028194 -0.4830857 0.5838183 0.7600115 0.0753919 -0.0403974 0.5535590 -0.3835047 -0.2940844 -0.2890246 0.5562203 0.6039951 -0.4087124 0.4039808 0.0481885 0.4292039 0.5636399 -0.1209555 0.1675174 -0.3453147 0.1616813 -0.5688094 -0.7051873 0.3652892 0.6328107 -0.1393766 -0.3044129 0.6932042 -0.0339006 0.1083276 0.5480185 0.0595773 -0.0320221 -0.1482342 -0.4507281 0.7080327 -0.3960156 0.5201456 0.3304821 0.1133753 -0.1671557 0.2282535 -0.0834253 0.7417464 -0.1086788 0.3676239 0.4290850 0.6192060 0.1271362 -0.1433902 -0.2794766 0.4645899 0.4006229 0.0416603 0.5197423 0.0383753 0.6162095 0.1472763 0.6915872 0.8466145 0.1735437 0.5122955 0.6155314 0.1312152 -0.2275660 0.0490602 0.1559796 0.3493132 -0.1445114 -0.1258740 0.2957932 -0.0637674 -0.1207151 -0.1904035 -0.2426972 -0.0190967 -0.1955906 -0.1517580 -0.2766367 -0.3154572 0.0038320 -0.3337848 0.1385595 -0.3047477 0.0613947 -0.0712461 -0.0534245 -0.1947394 -0.0390046 0.0453763 0.0806322 0.0403521 0.1771080 0.0720845 0.1609667 0.3194803 0.4719982 0.6321187 0.5732937 0.6544205 0.4392701 0.4906964 0.1937182 0.3454479 0.1662352 0.2763878 0.2309411 0.1121206 0.2789929 0.0823068 0.4848846 -0.0191099 0.1251461 -0.0671249 0.3784699 -0.0542048 0.0549100 0.2104278 0.2721157 -0.1223980 -0.2062576 -0.2321412 0.2609641 0.3127073 0.1603330 0.0747156 0.3397691 0.0735347 0.4660067 -0.3154123 -0.3428364 -0.0330185 0.1172713 0.2340981 0.3393621 -0.1633053 0.2427565 0.1345358 0.4861809 0.2238438 -0.0180969 0.0121556 0.3117348 0.0734479 0.1174006 0.0997261 0.3109317 -0.0897450 0.1294627 0.0482866 0.0986661 0.1497214 0.1394362 -0.0613550 -0.1030717 0.2509288 0.2476425 0.3371916 0.3661697 0.6101207 0.0799324 0.4988800 0.2646371 -0.1878527 0.0374587 -0.0992120 -0.0659390 0.0914695 0.5127650 0.1717576 0.2125990 0.6653752 0.5169503 -0.0236455 0.4101116 0.3670734 0.0089173 0.0919113 0.0839483 0.4359538 0.3088175 0.4719498 0.2076458 0.3551586 -0.3028773 -0.0732017 -0.1309351 0.1772622 -0.3956628 0.0637909 0.2600022 -0.3159047 0.0662289 0.1807289 -0.0545506 0.2629831 0.3686517 0.0839639 0.0399211 -0.0920425 -0.2233331
0.0948063 0.4324124 0.7284817 0.6841423 0.7955734 0.3355760 0.1205639 0.6332211 0.2068007 0.4705273 0.4927970 0.2166192 0.0000000 0.2114337 0.3302578 0.3074335 0.5944019 0.3410984 0.1509919 0.2198356 -0.1294035 0.5114496 0.5993995 0.3392371 0.2884073 -0.1632042 0.3979495 0.3617856 0.2009458 0.1062423 0.1325562 0.5495107 0.2911459 0.2242588 0.1195697 -0.4329466 -0.2580125 0.8713474 -0.2240067 -0.0902393 0.1473527 0.2746709 0.3993358 0.4573667 0.3642591 0.4910544 0.3132698 0.4850169 0.2711149 0.2964380 0.2439794 0.2542245 0.3781150 0.4435513 0.4750600 0.4105944 0.4867631 0.4098202 0.2675539 0.4269068 0.2292641 0.4507991 0.3335122 0.4984625 0.2880976 0.3398039 0.4499131 0.3205463 0.3079260 0.4690891 -0.0363744 0.5046964 0.5447174 0.4834196 0.2618265 0.5312011 0.3688718 -0.0037997 0.4123803 -0.0964584 -0.5688848 -0.2413788 -0.0249838 0.2010708 0.2330442 -0.3702624 -0.3812507 0.2937132 -0.2573490 -0.0366153 -0.2734250 -0.5888416 -0.5255007 -0.1235007 -0.2112419 -0.3940266 -0.1864679 -0.5810827 -0.0699367 -0.1753819 -0.4028284 -0.7140180 -0.5508510 0.2621482 -0.4800572 -0.3024924 -0.5071607 -0.2946965 -0.6897541 0.1872045 -0.5729416 -0.5884293 -0.5272512 -0.1567089 -0.1614717 -0.0061592 -0.1500928 0.0048865 0.0309760 -0.3330585 0.0690340 -0.1865196 -0.3542861 0.1624860 -0.0355888 -0.3108477 -0.0910461 -0.4312145 -0.4765045 -0.0079041 -0.1878832 -0.4236470 -0.3584846 0.1070416 -0.2643950 -0.6154357 -0.3155249 0.0117113 -0.1265601 -0.2417182 -0.0176363 -0.2326804 -0.4854448 -0.3939407 -0.2776882 -0.3157932 -0.0005391 0.0312623 0.0597294 -0.1621472 -0.2901383 -0.3743143 -0.0344014 0.0925314 0.1544619 -0.3415243 -0.5460768 -0.3464029 -0.1275805 -0.4466350 0.4036930 0.0937245 -0.4155700 -0.5022121 0.3537043 -0.2656215 0.2385262 0.3682875 -0.3052502 0.2319207 0.4108795 0.4233128 -0.4283856 0.0737585 0.2900321 0.5547861 0.3196179 0.5281869 -0.1124826 -0.3435869 -0.2038222 -0.5236541 -0.1196943 -0.2956687 0.3904116 0.2577168 0.5057096 0.5003016 0.3500041 0.0471683 -0.6581042 -0.2533646 -0.2748888 -0.5767468 -0.5089492 -0.3801397 -0.0606881 -0.3884661 -0.2731270 -0.4027211 -0.3140998 0.5105761 -0.2976127 -0.5961854 0.6559314 -0.3455168 0.5706591 -0.0169520 -0.0171450 0.2369550 -0.4330717 -0.4634336 0.8144096 0.1477828 0.5610498 -0.3095188 -0.0987059 0.1487730
-0.1033219 -0.0712808 0.1390153 0.0672619 0.2182616 0.2293274 -0.4744168 0.0543637 0.6187941 0.5070554 0.2285162 -0.1151470 0.2114337 0.0000000 0.6562666 -0.1149475 0.3483523 0.7736391 -0.0725013 0.2750314 -0.3763369 0.1013659 -0.0302490 0.6682188 0.1837731 0.0116302 0.4674562 0.6065703 0.4178288 0.8744911 0.4961040 0.3428917 0.0961943 0.5774560 -0.1857608 -0.4596034 0.1136897 0.3239746 -0.2681888 -0.0230072 0.0807054 0.1873794 0.0691737 -0.0357563 0.3536638 0.4945226 0.2878095 0.2396378 -0.0622590 0.6128287 0.0375763 0.0417659 0.2264700 0.1758266 0.3333387 0.4659480 0.3220330 0.0560537 -0.2223619 0.1813072 -0.2575190 0.3420206 0.4298591 0.0203784 -0.3017026 0.2095818 0.2185091 0.0929286 0.3422100 -0.0039121 0.2798179 0.1042601 0.1723788 0.0379971 0.0357820 0.0511315 0.0179660 0.1907371 0.0721615 -0.3422981 -0.1014719 -0.3103854 -0.3956408 -0.2420308 0.0589176 -0.4677754 -0.2743695 0.1521098 -0.5583276 -0.4466700 0.3626748 0.0363445 -0.1180266 0.0653252 -0.2448116 -0.0517227 0.0153259 -0.3681727 -0.3767538 -0.0329215 -0.3892122 -0.0697850 0.0793884 -0.0950117 0.3461485 -0.3204419 -0.3964839 0.0312991 -0.0518475 -0.0710459 -0.1591963 -0.4080171 -0.2674537 -0.5126977 -0.4538715 -0.5289612 -0.6310202 -0.2724343 -0.4971370 -0.4078359 -0.2041191 -0.2630530 -0.2080881 0.4019824 0.2049508 -0.2628814 -0.2548079 -0.2225146 0.1195052 0.0424354 0.0960967 -0.1999642 -0.1370600 0.1991971 -0.1669365 -0.0012395 0.0316424 0.0937422 -0.0378015 -0.1288174 -0.2048317 -0.2064530 -0.2616673 -0.2853637 0.1374598 -0.5363971 -0.0674092 -0.0367360 -0.0394606 -0.3145204 -0.3226657 -0.3541112 -0.1565866 -0.3004115 -0.2154804 -0.3157523 -0.2884540 -0.1245980 -0.1163209 -0.3814155 -0.1895824 -0.3936931 0.0693487 -0.3981598 -0.2446186 -0.4107364 -0.3087296 -0.1162585 -0.2879166 -0.4475453 -0.3822742 -0.1513695 -0.5205493 -0.2264579 -0.1964132 0.0025676 -0.2027672 0.1745732 -0.3814202 -0.5329362 -0.3132253 -0.2150296 -0.2477550 -0.2381179 -0.3836958 -0.4521998 -0.3187980 0.1633917 0.0261089 -0.2878838 -0.1930361 -0.5266300 -0.4960937 -0.1651318 -0.1795750 -0.2694298 -0.3117168 -0.2770052 -0.1577149 -0.1324584 0.0993892 -0.0751122 -0.0931228 0.0813643 0.3769771 0.2010817 0.6268429 0.4931174 0.2092021 -0.0595827 -0.2702881 -0.0376626 -0.0765912 -0.3856774 0.3658399 0.0712073 0.4614349 0.4717549
-0.1645821 0.3455291 0.6507239 0.3737367 0.6628402 0.3970305 -0.0821539 -0.1006084 0.9071457 0.1507017 0.0484524 0.4295971 0.3302578 0.6562666 0.0000000 -0.3159832 0.2466841 0.9571060 -0.5126121 0.7885083 -0.1384907 0.3283368 0.0278077 0.9022424 -0.1818769 -0.1939364 0.2701717 0.9030670 0.7045269 0.4327319 0.7105198 0.3539362 0.3520281 0.8178102 -0.1309238 -0.6311368 0.0180319 0.3775042 -0.7689120 -0.4472851 0.5322915 0.2516462 -0.1704694 -0.2349959 0.6381285 0.4092469 0.2489235 0.6642583 -0.0674512 0.7646621 -0.1329155 -0.3079614 0.5774021 -0.2131111 0.6770510 0.7500357 0.4358085 -0.1596461 -0.3098752 -0.0001304 0.0710139 0.0633003 0.7085521 0.1624898 0.0268480 0.3424145 -0.0459426 -0.1708369 0.6651502 0.0534235 0.2308769 0.2587041 -0.0534207 0.3600959 -0.1264201 0.2513096 0.3849274 -0.1268493 0.1425338 -0.0816028 -0.1483257 -0.3935562 -0.3558125 -0.1934480 0.0210767 -0.4395614 -0.0267435 0.1105946 -0.6469452 -0.5529008 0.2596793 -0.0759529 0.0195584 -0.1669857 -0.2480317 -0.3164218 -0.3155529 -0.1408137 -0.5103619 -0.0999622 -0.6337798 0.1528833 0.1456024 -0.3577737 0.1331221 -0.4123533 -0.2146387 0.2236926 0.0249511 0.0304231 -0.2452820 -0.2651954 0.2117902 -0.0505239 0.0710720 0.0232705 -0.0819803 0.1267534 0.0006560 -0.1879500 0.0539107 -0.1671943 -0.1075438 0.4028156 0.3866108 -0.3034191 -0.2941490 0.0681097 0.0777653 0.1092649 0.1823366 -0.0676032 -0.1251748 0.2726469 -0.0629960 0.2081388 0.1421844 -0.0593188 -0.1462639 -0.2892029 0.0196606 -0.3161088 -0.3920660 -0.1942715 0.2839844 -0.0352477 -0.1500024 -0.0879642 -0.1621254 -0.4277370 -0.4256330 -0.1983499 -0.0752472 -0.0222315 0.0316888 0.0292984 -0.3602895 -0.0070214 -0.3484680 -0.3548857 0.0566198 -0.3690161 0.1537368 -0.3803222 -0.1234388 -0.1411161 -0.2334328 -0.1807493 -0.3283563 -0.3307575 -0.1972151 -0.1779136 -0.4711009 -0.1811742 -0.0971795 0.1765483 -0.0008097 0.3564713 -0.3279038 -0.4724253 -0.3389381 -0.4226232 -0.5473214 -0.5828162 -0.3316393 -0.1324133 0.0457663 0.6430577 0.2487637 -0.2142038 -0.1578686 -0.4710640 -0.4845766 -0.3133984 -0.2920725 -0.4917770 -0.3352449 -0.2663392 -0.0090387 -0.2914266 0.4123414 0.1182115 0.1326966 -0.0603899 0.5633378 0.0153019 0.5151223 0.5602940 0.3128470 0.0763035 -0.0483646 -0.3657918 0.3068749 -0.2226536 0.2990707 0.1307389 0.3620464 0.5840372
0.1463069 -0.1021811 -0.1368346 0.4958131 -0.1721025 0.0952190 0.1120832 0.6893902 -0.2981847 0.0868182 0.5311812 -0.2247882 0.3074335 -0.1149475 -0.3159832 0.0000000 0.4018878 -0.2857986 0.8495411 -0.5901373 -0.1300483 0.2331064 0.8233554 -0.2639696 0.8511398 0.6105443 -0.1906952 -0.1619469 -0.1694454 -0.0146380 -0.3825206 0.5553505 0.0724070 -0.2800323 0.7046769 0.1292971 0.1878421 0.3818351 0.5989308 0.7017514 -0.3248233 0.3039501 0.8935446 0.5824821 0.0379249 0.3410748 0.2436470 -0.4529203 0.3133798 -0.2256987 0.8088535 0.8353665 -0.0834557 0.6552680 -0.5209167 -0.3519154 -0.0120439 0.5610040 0.5508009 0.7181319 0.2384553 0.7242687 -0.4405730 0.3782958 0.1008346 -0.1352831 0.6744209 0.7279213 -0.4213111 0.5513868 -0.0189015 0.0141861 0.6882609 -0.0451522 0.2513434 0.3091537 -0.2872698 0.0765375 0.3888241 -0.0208699 -0.1912617 0.3499863 0.5370721 0.4580826 0.0684350 0.3021130 0.2266301 -0.0125164 0.3142559 0.5762162 0.0388494 0.2172099 -0.0194545 0.4060368 0.4403282 0.1415602 0.4588341 -0.1442293 0.6992201 0.1480709 0.4018068 -0.4274058 -0.0933748 0.6298832 -0.1656643 0.4032757 -0.0741515 0.0400090 -0.2618050 0.3970790 0.0466156 -0.0648146 -0.5248222 -0.0803102 -0.2337893 -0.2392256 -0.4234610 -0.3741868 -0.3420834 -0.2842999 -0.2520480 -0.3669717 -0.2400527 -0.1228383 -0.0614024 -0.2300502 -0.0529500 -0.4592349 -0.1618452 0.0942652 0.1324037 -0.5897860 -0.0373401 -0.0138126 -0.7635014 -0.4075528 0.0644233 0.0816265 0.1811907 -0.1206676 -0.4683400 -0.2412163 -0.0624511 -0.3463162 -0.1323132 -0.3237795 0.0717700 0.0901695 -0.3466074 -0.1450232 0.0069307 -0.0677170 -0.0397864 -0.4521590 -0.2101650 -0.1384346 0.0198611 -0.1766458 0.2529159 -0.0873446 -0.0360029 0.0087534 -0.0976679 -0.1417033 0.0670591 0.0705668 0.3020711 0.2562201 0.0266024 0.0588967 0.0404869 0.3092500 0.1931312 0.2710246 -0.0174748 -0.0088001 -0.0785927 0.2140736 -0.0923651 0.0155369 0.5298923 0.1402854 0.3338358 0.1703028 0.4275034 0.2486967 0.2543269 -0.0850619 -0.2548691 -0.2451115 -0.4593194 -0.2072818 -0.2270188 -0.3068518 -0.3040856 -0.2463287 -0.2746743 -0.1151985 -0.1912369 -0.4734036 -0.3853078 0.3168698 -0.6284128 -0.7253902 0.2344886 -0.0790628 0.0193461 -0.5213504 -0.1490548 0.0096407 -0.5747812 0.0537655 0.2108662 -0.0226676 0.5593729 -0.2921420 0.2055955 0.0882573
0.0203774 0.0548290 0.2339885 0.7501398 0.3469470 0.5488028 -0.2295701 0.8267751 0.2621868 0.7796550 0.8995664 0.0359765 0.5944019 0.3483523 0.2466841 0.4018878 0.0000000 0.2370187 0.2615594 -0.1654630 -0.2078500 0.1862848 0.6810138 0.4209796 0.5310907 -0.0229261 0.3747082 0.3935350 0.2139755 0.2414623 0.0446009 0.6779101 0.6484213 0.3994291 0.3025369 -0.4565360 0.0362712 0.4348218 0.2385633 0.2281069 -0.1342870 0.5062040 0.7166040 0.7419406 0.5938452 0.1927451 -0.1230409 -0.0272244 0.7452425 -0.0516799 0.4861286 0.6271591 0.4719456 0.8312518 -0.0762213 -0.1579491 0.0803349 0.8792149 -0.0650438 0.7075907 0.1103851 0.8133167 -0.1419800 0.5560230 0.1833257 -0.0307393 0.6928128 0.7360012 -0.3301122 0.6875855 -0.1905506 0.2789063 0.6841055 0.0592915 -0.2196839 0.4731197 0.1111216 -0.1601805 0.5589820 0.0781694 -0.4296789 -0.3713974 -0.3210773 -0.2509719 -0.1647583 -0.3752602 -0.2314788 0.3133638 -0.2763957 0.0310453 -0.2097423 -0.1959365 -0.4308839 -0.0159124 -0.0025605 -0.4371279 -0.2130801 -0.5214838 -0.0374275 -0.1656514 -0.0867443 -0.4278273 -0.5068149 0.2416625 -0.2898982 -0.1122325 -0.5424831 -0.4541606 -0.3217203 -0.2115663 -0.4500218 -0.4225570 -0.2728899 -0.4704221 -0.0701958 -0.1886407 -0.4115486 0.0031004 -0.0720122 -0.0525590 0.2386814 -0.3255619 -0.3164998 0.5966167 0.5220823 0.0363055 -0.3708162 -0.4429036 0.1703851 0.1240083 0.3882122 -0.2916015 -0.1711691 0.5472287 -0.2430489 -0.4986323 0.3170999 0.5645684 0.4506454 0.1366754 -0.1416031 0.1899394 -0.1908753 -0.0543431 0.3256866 -0.4656598 0.4007075 0.4045930 0.1077759 0.0760776 0.0100237 0.0827182 0.2830887 -0.3275598 -0.3957460 -0.0403956 -0.1470933 0.1780930 -0.0716655 -0.0808613 -0.0868339 0.1214233 0.0384737 -0.1536937 0.0240117 0.2113017 0.4484146 0.6033994 0.2093852 0.1730321 0.1565525 0.5363726 -0.4342394 -0.1303338 -0.1675817 0.0824415 0.1757111 0.5593058 -0.0064831 -0.1147974 0.0110935 -0.2281050 -0.3762819 -0.5025575 -0.1614796 -0.1236454 -0.0707498 0.0817573 0.1753404 0.0220140 -0.3100060 -0.1260218 -0.1526909 -0.1051589 -0.0662033 -0.0484007 -0.0381610 -0.1982951 -0.0908089 -0.2058231 -0.0084024 0.2659885 -0.1342632 -0.3327642 0.2506071 -0.5191023 0.3649934 -0.2444127 -0.3563081 0.0326395 -0.3882827 0.1403162 0.2681120 0.0549124 0.4369902 -0.6157689 0.0362618 0.3434628
