0.0000000 0.6805278 0.7521372 0.4817987 0.5846564 0.4283261 -0.0477875 0.4117063 0.3827012 0.3634098 0.2521992 0.3081294 0.3019158 0.3495328 0.1733610 -0.2126987 0.2860217 0.0929149 -0.2342436 0.3058829 0.1228765 0.0175495 -0.0445510 0.5897238 0.0595998 -0.1795793 0.3742555 0.2357029 0.3283804 0.2715084 -0.0359986 0.3726466 0.3028025 0.1792464 -0.1195340 0.1981738 0.1586965 -0.0610633 0.1604361 0.0070185 -0.0313262 -0.0234732 0.0266137 0.0948840 -0.2231590 -0.1435712 -0.1050178 0.1130146 0.1041823 -0.1047390 -0.0789075 -0.0279067 -0.0692391 0.0919695 -0.1038437 -0.1537737 0.0730266 0.1388249 -0.2939791 0.0887905 -0.4506310 0.0007039 -0.1920997 0.2650184 -0.3343390 -0.0795864 0.1462465 0.0813168 -0.3281089 0.2102557 0.1525123 0.3605270 0.1650110 0.2398307 -0.2649121 -0.0550101 0.3758545 0.0278669 -0.0482996 -0.0764201 0.3082022 0.0251770 -0.0887639 -0.1531572 -0.3480595 -0.2258917 -0.3939530 -0.1315446 -0.2777602 0.1689329 -0.4574407 -0.1071165 -0.2852375 -0.2175712 -0.5538489 -0.3134199 -0.1809766 -0.2291086 -0.2229606 0.3204839 0.3651517 -0.0733965 -0.0504539 0.0717821 -0.2597005 -0.2416795 -0.1099662 -0.4422430 -0.0475503 -0.3394544 -0.1583538 -0.0307053 -0.5487680 -0.4080833 -0.1830409 -0.2535005 -0.1462574 -0.1860955 -0.1696639 0.1525834 0.2521679 -0.4922551 -0.2643376 -0.3565387 -0.0144039 0.3526971 -0.5063666 -0.2073854 0.2602061 -0.3658680 -0.0875385 -0.1109168 -0.2372163 -0.0531511 -0.1502763 -0.0902388 -0.0207087 0.2145765 -0.0811854 0.2777793 -0.1363940 0.2006017 -0.0170929 -0.1232255 -0.0065831 -0.2945143 -0.1317791 -0.1542117 0.0840328 0.0627636 0.1317635 0.0673762 0.0407087 -0.0599490 -0.1876282 -0.0038082 0.3945841 0.0618422 0.0916426 0.2048990 -0.0909446 0.1066084 -0.1555427 0.5410260 -0.0189939 -0.0528481 -0.0212121 0.0777970 0.2207431 0.1933184 0.0592970 0.0279969 0.6015843 -0.2035127 0.3095470 0.2008419 0.3649012 0.3029259 0.2960391 0.0832727 0.1523812 0.1234556 -0.1449822 0.0805989 -0.2586510 -0.1839095 -0.0960106 0.1833495 0.5583265 0.6717602 0.2105960 0.5811783 0.6875258 0.2339416 0.3547149 0.3333630 0.3709421 0.6941804 0.6049297 0.3345445 -0.1346668 0.0545437 0.1220329 0.0591378 -0.2616934 -0.1897533 0.2887476 -0.3067366 -0.5175722 0.1447174 0.0207494 0.4648592 0.1122319 0.4318402 0.1487360 -0.1467815 -0.0236035 -0.1308731
0.6805278 0.0000000 0.5937857 0.7200060 0.6090781 0.7886121 0.3859291 0.6092829 0.4983352 0.3414426 0.4830812 0.5591238 0.5782231 0.1476428 0.1694402 0.0984096 0.0967081 -0.0578911 0.1059307 0.4582483 0.4133264 0.3533734 0.0010817 0.2179767 0.0988595 -0.2443120 0.0278202 -0.0927280 0.2929714 0.0372683 0.2092821 0.2288341 -0.0130647 -0.0854448 -0.1779453 0.4657547 -0.0062064 0.2149756 0.1285393 -0.2253529 0.1280698 0.3137070 -0.0801443 -0.0889793 -0.3801753 -0.1029397 -0.1960144 0.3219454 -0.1398619 0.1078951 -0.2292572 -0.2087785 -0.3669688 0.0675412 0.2283714 0.0538931 0.0975126 0.0771493 0.2074305 -0.1456683 -0.2043850 -0.2191777 0.1188130 0.1494749 -0.2713357 0.1827896 0.0436706 0.0659531 0.0432265 0.0140924 0.2341177 0.0986313 0.1139518 0.0829164 -0.1057573 -0.0602247 0.0899488 0.2326945 0.0260796 -0.1942872 0.2230984 0.2934610 0.2545369 0.1266704 -0.0497293 0.0649545 -0.0637245 -0.0516281 -0.0386474 0.2695327 -0.1470302 0.0003042 -0.0938021 -0.2399985 -0.3286661 -0.3341012 -0.2750208 -0.0200032 -0.0349048 -0.1006838 0.4826746 0.1544170 0.1670283 -0.3020663 -0.2590911 -0.2846351 0.2018605 -0.2193902 0.1976336 -0.1955531 -0.1045343 0.2152464 -0.6245003 -0.4252150 -0.2113637 -0.2969008 -0.1467222 -0.1014736 -0.2232819 0.4171747 0.3033178 -0.5888765 -0.3584768 -0.2761448 0.2130755 0.3622782 -0.4428327 -0.3973904 0.3326398 -0.5506861 -0.2843046 -0.4149770 -0.4032560 -0.2559812 -0.3027946 -0.3397419 -0.3176032 0.2201808 -0.2267017 0.4015680 -0.4378031 0.1458049 0.0676125 -0.5104006 -0.2751518 -0.5582966 -0.3055377 -0.3788110 -0.0637870 -0.0347290 0.0697338 -0.2871131 -0.0514425 -0.3539162 -0.3570279 -0.3393322 0.3561973 -0.2551523 0.1960831 0.1330156 -0.2944470 0.0122064 -0.4518876 0.4917765 -0.1774944 -0.2976506 -0.2230535 -0.0613976 0.1934761 0.0799519 -0.1418922 -0.0613192 0.6771871 0.1111027 0.6706001 0.3842929 0.3840824 0.2662788 0.4282610 0.2242579 -0.0131571 0.2998707 0.2727830 0.3425305 0.1941629 0.0950753 0.4065076 0.1306070 0.2579147 0.3195404 0.5723836 0.3064805 0.3467630 0.5675036 0.4885753 0.3366318 0.3275653 0.3828991 0.3423402 0.3521787 -0.4028190 0.2780610 -0.0278105 -0.0908236 -0.2052575 -0.2894288 0.4417906 -0.5798850 -0.5123894 0.4375978 0.0617574 0.5378298 0.0315137 0.1669333 0.0470336 -0.1069014 0.2112920 -0.3436195
0.7521372 0.5937857 0.0000000 0.6323413 0.8287760 0.3834867 0.0004773 0.6397771 0.1202210 0.2069536 0.3529689 0.0259192 0.6036152 0.0797284 -0.2181551 -0.2403974 0.0704733 -0.1852158 -0.1899486 0.6068688 0.2893086 0.1501662 -0.1269372 0.4190056 0.0683812 -0.1856658 0.0075778 0.0579242 0.2051196 -0.0816551 0.1615181 0.3972292 0.2022872 0.0562484 -0.1762271 0.3868146 0.1130115 0.0060373 -0.0094485 -0.1656180 0.0603394 0.1416050 -0.1635303 -0.0658045 -0.3346250 -0.1764695 -0.1614710 0.1766291 -0.1269674 -0.0599545 -0.2237079 -0.2388387 -0.2908630 -0.0079184 0.0702879 -0.1186100 0.1014957 -0.0657258 -0.2834278 -0.1579960 -0.4204084 -0.2275349 0.0528112 0.0464381 -0.2750721 0.0914583 -0.1197895 -0.0736960 -0.0952950 0.0007328 -0.0149768 0.0540664 -0.0665729 0.2301860 -0.1322204 -0.1807167 0.3004335 0.0490301 -0.1472185 -0.0709082 0.1992610 0.2157758 0.2116527 0.1221847 -0.0893561 0.1444524 -0.0492617 -0.0431133 0.1148371 0.3120167 -0.0995436 0.0920929 0.0368248 -0.1284781 -0.0731342 0.0793036 0.1066903 0.0113353 0.1951079 0.1673203 0.3793330 0.1106653 0.3693409 -0.0157572 0.1144840 0.2693200 0.0376920 -0.0971645 0.0754677 -0.1744696 0.1751638 0.0988728 -0.3194098 -0.2446961 -0.1388279 -0.2124681 -0.1336827 -0.1981999 -0.1825191 0.2038732 0.4013552 -0.1251322 -0.0187983 -0.1263048 0.1972680 0.3408028 -0.0500163 0.0737924 0.3907340 0.0363782 0.2969911 0.0272759 0.1825428 0.0255552 0.0767829 0.1302228 0.3600884 0.2858012 0.3392923 0.1203930 0.0908817 0.0929939 0.1367134 -0.3114477 0.2218098 -0.0793377 0.1798477 0.1412643 0.2499347 0.0610197 0.0092976 -0.0338619 0.1741491 0.1241643 0.0686642 -0.0720186 0.3322814 0.1861486 0.1899630 0.0972843 0.1169968 0.1885552 -0.1111030 0.4348712 0.2023402 -0.0261725 0.1344230 0.2659433 0.3665126 0.3284873 0.2664524 0.2460453 0.4368383 -0.0797229 0.3155012 0.1534868 0.4311962 0.2271578 0.4980557 0.1649800 0.1585751 0.3418968 0.0488495 0.2393461 -0.2466898 -0.0157381 -0.0190723 0.3634743 0.6719783 0.6320091 0.2571616 0.5912643 0.6704109 0.4117250 0.4870914 0.4260284 0.2340340 0.5070690 0.5048943 0.2385955 -0.2460186 -0.3051516 0.0309269 0.1528007 -0.1087519 -0.3257706 0.0106605 -0.3263317 -0.4407470 -0.1439346 -0.1158388 0.5310542 0.0037591 0.2493577 -0.0950288 -0.1090360 -0.3020249 -0.3192735
0.4817987 0.7200060 0.6323413 0.0000000 0.8669079 0.7771619 -0.0886587 0.9653053 0.1347820 0.4648248 0.8645540 -0.0236224 0.8057167 0.0851042 -0.2218552 0.1056587 0.3003493 -0.3046345 0.1608722 0.7582139 0.1005783 0.5347228 -0.0280504 0.1328033 0.3584418 -0.1145918 0.1245152 -0.4586816 -0.1918960 -0.2091175 0.4284506 0.5865794 -0.3720472 -0.4555912 -0.1310726 0.2778991 0.1393161 0.3935812 -0.0370448 -0.3815232 0.3542664 0.1054332 -0.1052035 -0.5086016 -0.4826225 -0.0148042 -0.2178867 0.4902453 -0.5811134 0.2912987 -0.2990412 -0.2730026 -0.6772326 -0.0166841 0.3911634 0.1424874 0.1551990 -0.1523263 -0.0620320 -0.1687672 -0.2824308 -0.2736600 0.3097557 0.1324414 -0.1228604 0.2505345 -0.0599292 0.0851159 0.0052916 0.0165429 0.1648478 -0.0819681 0.1160612 0.4440697 -0.1378235 0.1256030 0.1928078 0.2801335 0.1199138 -0.1348554 0.1779214 0.3501567 0.3309248 0.3892908 0.3524387 0.4821936 0.1790127 0.2874380 0.4569852 0.5837648 0.2221823 0.2543804 0.4681664 0.0580407 0.0898808 0.0588570 0.0655663 0.5094931 0.3559303 0.0969997 0.4721963 0.6534971 0.4173175 -0.0530265 0.1226022 0.1450114 0.6107523 -0.0351109 0.6452840 0.2001970 0.4455865 0.6580971 -0.2174831 -0.0142460 0.1459127 0.0219972 0.1427351 0.0875047 0.0019769 0.6693971 0.5178613 -0.0448802 -0.3321839 -0.2525090 0.4349528 0.5678512 -0.2135796 -0.2994585 0.6174998 -0.3258121 0.0051666 -0.1791249 -0.2091402 -0.4386506 -0.2921063 -0.2960491 -0.1159288 0.4789560 0.0109451 0.4001056 -0.2782332 0.2758599 -0.1708268 -0.5366492 -0.0528712 -0.5034291 -0.1169861 -0.2357151 -0.2550881 -0.1519988 0.0736138 -0.1724683 0.0783967 -0.3223337 -0.3210024 -0.3069456 0.1374735 -0.1662581 -0.0498423 0.1753513 -0.3261444 -0.0577944 -0.4502644 0.4100283 -0.2390462 -0.2499452 -0.2419762 -0.2069989 -0.0885022 -0.0722363 -0.2176723 -0.1987245 0.4771455 0.0284244 0.5780971 -0.1051550 0.0283610 -0.0893118 0.2549158 -0.1254095 -0.1048214 0.1526428 0.0876866 0.2163113 -0.0711370 0.3949046 0.3377568 0.5434375 0.3083762 0.1794954 0.8203989 0.0674693 0.1717850 0.7606983 0.6549995 0.3035893 0.0938117 0.1416310 0.3326282 0.5250602 -0.3367605 -0.0539125 -0.1789639 -0.1324662 0.2278324 0.0051683 0.4468791 -0.4617919 -0.2648006 0.1765641 -0.0648741 0.4850295 0.3016233 0.0559424 -0.2197791 -0.1445745 0.0667829 -0.2941302
0.5846564 0.6090781 0.8287760 0.8669079 0.0000000 0.4850180 -0.1638890 0.8991154 -0.0456229 0.2142985 0.5843891 -0.1214615 0.8159401 -0.0714112 -0.3611789 -0.2168213 0.0707241 -0.3504207 -0.1130419 0.7762340 0.1332171 0.2982761 -0.2297070 0.1923965 0.1720929 -0.2433403 -0.0303787 -0.3413168 -0.1438046 -0.2620006 0.2824270 0.5433259 -0.1773597 -0.3252061 -0.2353534 0.2942000 0.0841201 0.0946620 -0.1191125 -0.3677268 0.1793928 0.0623791 -0.2331852 -0.3736177 -0.4904275 -0.2218255 -0.3007092 0.2823269 -0.4567842 -0.0332405 -0.3791616 -0.3641017 -0.5910596 -0.1527721 0.1233025 -0.1255402 0.0762100 -0.2305146 -0.1957891 -0.2955360 -0.3614260 -0.4021513 0.1151854 -0.0827465 -0.2483931 0.1800650 -0.2239723 -0.1121595 -0.1077925 -0.1400857 -0.0267695 -0.1923187 -0.0903655 0.2234012 -0.2066293 -0.1311214 0.1741501 0.1073406 -0.0972067 -0.0399934 0.0298756 0.2799632 0.2283216 0.2502867 0.1544296 0.3055434 -0.0109349 0.1311291 0.3275141 0.4674375 0.0458633 0.1411834 0.3021322 -0.0433521 0.0149007 0.1668049 0.0384855 0.3009720 0.2665873 0.1974169 0.4421954 0.4172600 0.3697374 0.0134956 0.1148174 0.2864411 0.3277040 -0.0486628 0.4281945 0.0591616 0.4268475 0.4097339 -0.1748600 -0.0642295 0.0445049 -0.0259718 0.0336873 -0.0718206 -0.0168379 0.3923460 0.3920007 0.0153331 -0.1421624 -0.1154636 0.3487386 0.4584022 -0.1227295 -0.0569350 0.5637525 -0.0784616 0.2184898 -0.0503826 0.0270836 -0.2585782 -0.1775889 -0.0508684 0.1375436 0.4130566 0.2067698 0.2106233 -0.0583822 0.1533401 -0.0866771 -0.4488808 0.1049777 -0.2674755 0.0416124 -0.0358479 -0.0215668 -0.1511882 0.0105063 -0.1095469 0.0544118 -0.0783898 -0.1374791 -0.2019055 0.0957830 0.0012507 -0.0168004 0.1001498 -0.0998885 -0.0308269 -0.2981524 0.3271749 -0.0844985 -0.1344963 -0.0417374 0.0217399 0.0634765 0.0316626 0.0620525 0.0370926 0.3967487 -0.2286792 0.4038387 -0.1155799 0.1485806 -0.0083078 0.3577365 -0.0319417 -0.0127352 0.2673775 0.0493665 0.2186739 -0.1957913 0.2074472 0.1413636 0.5232658 0.5637789 0.4171404 0.5955038 0.3339737 0.4512921 0.7242768 0.5761679 0.3791712 0.1274046 0.2468227 0.3189334 0.4122781 -0.2886370 -0.2041973 -0.1510840 -0.0106707 0.1205303 -0.1871883 0.2649089 -0.3474994 -0.3539466 -0.0331297 -0.1795869 0.5036079 0.1677237 0.1240667 -0.1965528 -0.1563193 -0.2602819 -0.3664321
0.4283261 0.7886121 0.3834867 0.7771619 0.4850180 0.0000000 0.2896877 0.6559290 0.5717029 0.6697266 0.7482241 0.3690174 0.5429370 0.4521058 0.1585764 0.3435989 0.4890491 0.0033265 0.2398748 0.4106280 0.2287605 0.4295031 0.2924405 0.1775004 0.1951778 -0.0343486 0.3080043 -0.1594510 0.1895334 0.1246278 0.2245779 0.2234450 -0.1767453 -0.1472953 0.0430610 0.3406061 0.0287985 0.3415760 0.2981340 -0.0634867 0.1763951 0.3696129 0.1817393 -0.2384450 -0.0770578 0.0430829 0.0114492 0.3501724 -0.2225643 0.2943579 -0.0642210 0.0545196 -0.2898191 0.3146322 0.3373801 0.2302074 0.1436775 0.2716398 0.1868684 -0.0280038 -0.0531405 -0.0671505 0.2384947 0.5451014 0.1430405 0.1504483 0.0029799 0.4255542 0.1588463 0.3861878 0.1582429 0.3611479 0.2239305 0.5251449 -0.0775777 0.3095057 0.2693829 0.1824464 0.1732004 -0.2592468 0.2285658 0.2664948 0.3669426 0.2565081 0.1532396 0.3449092 0.2222465 0.0420636 0.2482648 0.4154739 0.2450458 0.3369281 0.2987249 -0.2456707 0.0362300 -0.0432072 0.0463398 0.3483952 0.2154320 -0.2241155 0.2943610 0.4794604 0.4396057 -0.3601290 0.1012574 -0.0844185 0.5100417 0.0593804 0.5190764 0.0544410 0.2608011 0.5335823 -0.3656071 -0.2071789 -0.0420241 -0.1753704 -0.0050209 -0.0062373 -0.1657923 0.6859259 0.5886787 -0.2601892 -0.3314363 -0.2387020 0.3323450 0.6201901 -0.2106649 -0.3211529 0.5321125 -0.4015637 -0.1012840 -0.1249746 -0.2693228 -0.1416931 -0.2471863 -0.2388610 -0.1677544 0.4196838 -0.0770300 0.5592401 -0.2967809 0.2645552 -0.1075965 -0.3563002 -0.0581050 -0.4739058 -0.1666522 -0.2732052 -0.2107793 -0.0791871 0.0990033 -0.0634887 0.0788497 -0.3276679 -0.3891592 -0.1789964 0.2343477 -0.1689337 0.0340094 0.1211938 -0.3604471 -0.0328690 -0.3982641 0.3667560 -0.2204203 -0.2372007 -0.2163840 -0.1441314 -0.0027705 0.0003081 -0.2758268 -0.2129752 0.4209840 0.3179502 0.7193426 0.1814514 0.1173987 0.0293855 0.2023492 -0.1068736 -0.2178521 0.0831698 0.2336178 0.1920958 0.1238391 0.3681705 0.4016436 0.2995562 0.1178693 0.1331967 0.7770366 -0.0276001 -0.0489890 0.6547423 0.7211892 0.2182783 0.2118089 0.0361092 0.2592787 0.5194859 -0.2736057 0.1957089 0.1150885 -0.0331215 0.0066886 0.0332994 0.5631696 -0.5614086 -0.2682768 0.3414783 0.3109392 0.4791867 0.1738366 -0.1205057 -0.1342615 -0.2068325 0.4051052 -0.1624392
-0.0477875 0.3859291 0.0004773 -0.0886587 -0.1638890 0.2896877 0.0000000 -0.1559997 0.3740352 -0.1326287 -0.0915262 0.4623818 0.0376223 -0.0061884 0.0560658 0.2045344 -0.3064528 -0.0396659 0.2331165 -0.2195792 0.6472919 0.0366985 0.2026891 -0.3722530 -0.2616695 -0.0950811 -0.2973731 0.2260343 0.5916879 0.1300248 -0.0390868 -0.5257730 0.2793154 0.3465326 0.0822426 0.6449839 -0.3259586 0.1263678 0.4338780 0.2735437 0.0162370 0.7875777 0.1913968 0.4390110 0.2487163 0.0282458 0.0217906 0.0702586 0.4211197 0.1389009 0.0340783 0.2013702 0.3016889 0.4369351 0.1694908 0.1754702 -0.1080949 0.5137313 0.6159046 -0.0946539 0.3750133 -0.0865104 0.1917903 0.2672914 0.2920215 0.0936779 -0.0993680 0.2376501 0.4181074 0.1993363 -0.0417549 0.2212103 -0.0569137 -0.2018290 0.2403923 0.0457903 0.0201368 0.2003369 0.1106299 -0.0192185 0.2074751 -0.0099689 0.0647969 -0.0310910 -0.2445491 -0.0557458 0.1702806 -0.4740041 -0.2253506 -0.3687117 0.0520184 -0.2056126 -0.3124355 -0.4655890 -0.0107017 -0.2970245 -0.2985757 -0.2919123 -0.0782332 -0.5142076 -0.1966412 -0.2869283 0.1238771 -0.5215425 -0.0247269 -0.2115458 -0.2031302 0.0460862 -0.0466629 -0.3449745 -0.3014888 -0.1709760 -0.3830281 -0.4161587 -0.4414154 -0.3961985 -0.3805289 -0.2644067 -0.3324443 0.0352070 0.1239723 -0.3451826 -0.1921388 0.1834640 0.3031218 0.1178026 0.1852342 -0.1994806 0.1799071 0.0410938 0.0812393 -0.0903877 0.0791952 0.1676657 0.0515046 -0.1003675 -0.0293529 0.1721257 0.0779923 0.2999182 -0.1761308 0.0853108 0.1540508 -0.1989550 0.0188467 -0.0944824 0.0209314 -0.0363516 0.0607448 0.2169280 0.0319519 -0.1201848 0.1537263 -0.1855095 0.0040470 -0.1290877 0.0531729 -0.0845257 0.0982972 -0.0422757 -0.0776728 0.2286865 -0.2548712 0.0034443 0.0482969 -0.1701026 -0.1423687 0.0436012 0.2010333 0.1610127 -0.0526954 -0.0084765 0.3385009 0.5834881 0.6006502 0.7873196 0.4910898 0.4605825 0.4741833 0.6140590 0.1892179 0.5522081 0.7260443 0.5484609 0.6061786 0.0067595 0.2799461 -0.3555909 -0.2095691 -0.0781478 0.0909249 0.1998495 0.0398924 0.2491229 0.2101711 0.2277359 0.2458773 0.0949394 0.0552321 0.0770817 -0.3157244 0.0517781 -0.0190558 -0.0211196 -0.3546109 -0.3733120 0.2485950 -0.2690073 -0.2913028 0.1675700 0.0629788 0.2486215 -0.4081907 -0.1661169 0.1943545 -0.2686601 0.2010257 -0.3675690
0.4117063 0.6092829 0.6397771 0.9653053 0.8991154 0.6559290 -0.1559997 0.0000000 -0.0435729 0.3253234 0.8367028 -0.1478520 0.8809310 -0.0531653 -0.3411872 0.1143033 0.2422023 -0.4773841 0.1918211 0.8307624 -0.0078298 0.5620451 -0.0202404 0.0400484 0.4229055 -0.0107394 0.0564714 -0.5740771 -0.3159859 -0.3299329 0.4943767 0.6551834 -0.4754383 -0.5668101 -0.0611241 0.2083966 0.2372870 0.3890040 -0.1435301 -0.4220578 0.3850058 0.0415957 -0.1403187 -0.6014715 -0.5358622 0.0328739 -0.1618295 0.4934250 -0.6725730 0.2533124 -0.2502067 -0.2991048 -0.7543391 -0.0541760 0.3680446 0.1396909 0.2397164 -0.2414985 -0.0864405 -0.1308597 -0.2371327 -0.2255307 0.3227254 0.0365536 -0.0723372 0.3396880 -0.0352738 0.0814308 0.0492038 -0.0239952 0.1808889 -0.2213573 0.1384374 0.4400039 -0.0578392 0.1624204 0.1661656 0.3066327 0.1596264 -0.0115848 0.1517725 0.3214670 0.3306821 0.3443447 0.3614497 0.4368496 0.1141361 0.2849340 0.4682743 0.5607836 0.1868517 0.2327063 0.4327181 0.0719463 0.1031614 0.1115257 0.0170104 0.4492434 0.3346900 0.0889406 0.4179218 0.5956550 0.3684111 -0.0401326 0.0958307 0.2185693 0.5729407 -0.0153982 0.6189773 0.2504880 0.4963964 0.6445355 -0.0833467 0.0752258 0.1932267 0.1216638 0.2075871 0.1019302 0.0901742 0.6403571 0.5058087 0.0918566 -0.2195236 -0.1281023 0.4237352 0.5733113 -0.1064596 -0.1804631 0.6058211 -0.1914868 0.0663399 -0.1301427 -0.0898504 -0.3966532 -0.2655825 -0.2018858 -0.0165004 0.4621704 0.0796543 0.3502752 -0.1917295 0.2509029 -0.1655149 -0.4436313 -0.0065742 -0.3855990 -0.0651753 -0.1700150 -0.2183354 -0.1442930 0.0956445 -0.1306667 0.0608538 -0.2247343 -0.2624393 -0.2377240 0.0986976 -0.1086101 -0.0577391 0.2351921 -0.2501145 -0.0431405 -0.3428624 0.4019558 -0.1980972 -0.1521518 -0.1362670 -0.1305613 -0.0572624 -0.0376529 -0.1297364 -0.1334825 0.3595366 -0.0157333 0.5003376 -0.2353674 -0.0885649 -0.1672349 0.1703335 -0.2252061 -0.1785292 0.0970553 0.0572415 0.1730402 -0.1015128 0.5093072 0.3403317 0.6461427 0.3108443 0.1343739 0.7666395 0.0163263 0.1330804 0.7612640 0.6366884 0.2830125 0.0963133 0.0840315 0.3346235 0.5449396 -0.2849534 -0.1581619 -0.1897820 -0.0463642 0.2985605 0.0360747 0.3955434 -0.3316411 -0.2179410 0.0662160 -0.1147512 0.5005535 0.3331311 0.0898645 -0.1790967 -0.1172639 0.0208608 -0.2200914
0.3827012 0.4983352 0.1202210 0.1347820 -0.0456229 0.5717029 0.3740352 -0.0435729 0.0000000 0.6565032 0.1038419 0.6794060 0.0196008 0.6531992 0.7266991 0.1981366 0.3194535 0.6728484 0.0304903 -0.0575942 0.3507301 -0.0013927 0.2405548 0.5274430 -0.1551765 -0.0925276 0.3326498 0.5500736 0.6997708 0.7442638 -0.1816409 -0.1699463 0.4817777 0.5331705 0.0210883 0.0758251 -0.1167153 -0.0296572 0.6165222 0.4570578 -0.1322621 0.1378104 0.3250334 0.4732541 0.2431992 0.0182167 0.2548473 0.0153289 0.4778861 -0.0629512 0.2067623 0.3721399 0.3210246 0.4635772 -0.0590132 0.0674223 0.0473799 0.6025995 -0.0635440 0.1168007 -0.2872146 0.0404756 -0.2294843 0.4356431 -0.0568383 -0.1072728 -0.0285700 0.2657212 0.1062713 0.3454446 -0.0626495 0.5607166 -0.0515809 0.1175769 -0.0969920 -0.0806221 0.2071601 -0.3450852 -0.3523443 -0.4574352 -0.0779097 0.2140718 0.3371797 0.1107947 -0.1233294 0.0069682 0.0278946 -0.0780038 -0.1602775 0.0825352 -0.0894867 0.0152410 -0.2000627 -0.1633341 -0.2605079 -0.2993461 -0.1457584 -0.0933124 -0.1514881 -0.2535275 0.2683113 0.0023372 0.2973525 -0.3435185 -0.1745610 -0.5206373 0.0808376 -0.0518768 0.0406895 -0.2999806 -0.3871764 0.0126105 -0.5794321 -0.5259622 -0.2797972 -0.4436870 -0.2689118 -0.1601270 -0.3650719 0.2238396 0.2354092 -0.5595764 -0.2344507 -0.1982747 0.0029775 0.2712108 -0.2689284 -0.2383428 0.1828591 -0.3435548 -0.1442148 -0.2452839 -0.2694406 0.0740822 -0.2090383 -0.1442867 -0.1807769 -0.0244673 -0.1357279 0.1897488 -0.2347531 -0.1348997 0.0009389 -0.1418483 -0.1426437 -0.2325741 -0.2604453 -0.2454718 0.0014731 -0.2058233 -0.3176185 -0.1378562 -0.1443340 -0.1441914 -0.2763570 -0.1177668 0.0845306 -0.1920387 0.1090732 -0.3749241 -0.1508833 -0.2197325 -0.2467494 -0.0700236 -0.0756761 -0.2902268 -0.1572479 -0.0153533 0.0676957 -0.1321118 -0.1308302 -0.0350875 0.2585707 0.4197980 0.2631513 0.5170987 0.3748759 0.5284364 0.1743513 0.1909907 0.0976709 -0.1201313 -0.1303336 -0.2090995 -0.1278519 -0.2743361 0.0010132 -0.1557037 0.2589127 0.3750298 0.2181852 0.2172573 0.0895666 0.0606375 0.2647110 0.2484587 0.3082216 0.1551224 0.0467166 0.2407275 -0.2858437 0.1765198 0.1406769 -0.1049798 -0.2445156 -0.3092054 0.2790287 -0.3798408 -0.4585739 0.1267753 0.2645305 0.2724710 -0.1553459 -0.1095739 -0.2209204 -0.1119907 0.2742942 -0.2250802
0.3634098 0.3414426 0.2069536 0.4648248 0.2142985 0.6697266 -0.1326287 0.3253234 0.6565032 0.0000000 0.5449679 0.0475990 0.2252925 0.8604472 0.2712496 0.1689236 0.7650801 0.4287343 0.0069286 0.2104320 -0.0504334 0.1768783 0.3663453 0.4568367 0.0872961 -0.0631470 0.6196442 0.2536044 0.1499014 0.5748327 0.0365895 0.1930366 0.1353304 0.1574081 0.0498599 -0.0749914 -0.0505483 0.2222777 0.5317202 0.3171429 0.0665069 -0.0147987 0.3846448 0.0424432 0.1774437 0.0333435 0.1733087 0.2281188 0.0409962 0.2506898 0.1291748 0.3598810 0.0201254 0.4541572 0.2718453 0.2082849 0.0750508 0.4264006 -0.3089082 0.1470488 -0.3450349 0.1366096 0.0857971 0.5924432 -0.0050043 -0.0218064 0.0235391 0.4543221 0.0781556 0.5448069 0.0484965 0.5489518 0.1696426 0.5922485 -0.0726277 0.2816480 0.3794938 -0.1295641 -0.0769037 -0.4578675 0.1276014 0.2586661 0.2808576 0.2711104 0.0707825 0.3429916 0.3109753 0.1624344 0.2082745 0.3792925 0.2536730 0.3257077 0.3475213 0.0278280 0.0446848 0.0129556 0.2881383 0.3867999 0.1525597 0.0926487 0.2438521 0.4470779 0.3788655 -0.0007366 0.2493805 -0.1844848 0.3123320 -0.1463413 0.4851132 -0.0581575 0.2094980 0.3202351 -0.3694291 -0.1810810 -0.0008888 -0.1533118 -0.0132532 -0.0461749 -0.2052832 0.4466530 0.4202097 -0.1942688 -0.2957365 -0.5136306 0.1292820 0.5001634 -0.2766379 -0.2461804 0.4075145 -0.3659480 0.0038773 0.1112825 -0.2209088 -0.1932000 -0.1091211 -0.0982050 -0.0173384 0.3671018 0.0945119 0.4681452 -0.0022503 0.3074516 -0.1936737 -0.0828296 0.1994896 -0.2124128 0.0389655 -0.0195772 -0.1599289 -0.0855477 -0.0491885 0.2468653 0.2100386 -0.1026662 -0.2003487 0.1176445 0.1481654 0.0858526 -0.0991420 -0.1257176 -0.1711873 -0.0667223 -0.2466265 0.1300189 -0.0423940 -0.1351384 -0.1884356 -0.1730245 -0.1740166 -0.0775645 -0.2051576 -0.2108839 0.2118369 0.2541861 0.2507147 0.0509435 0.0772064 0.0682946 0.0558945 -0.2168252 -0.1262727 -0.1736510 -0.2366314 -0.1400472 -0.3626597 -0.0386561 -0.1087963 0.2757828 0.3196533 0.2984405 0.4445815 -0.0302318 -0.0669683 0.2262723 0.4543426 0.1367606 -0.0231636 -0.0298559 0.1302881 0.3944648 -0.1887077 0.0165003 0.0790735 -0.2606165 0.1487813 0.1140153 0.3817084 -0.4042373 -0.1188582 -0.0083699 0.2052508 0.2755062 0.2399532 -0.2332999 -0.3229151 -0.1183235 0.3443819 -0.0185740
0.2521992 0.4830812 0.3529689 0.8645540 0.5843891 0.7482241 -0.0915262 0.8367028 0.1038419 0.5449679 0.0000000 -0.1999246 0.6426957 0.2065056 -0.2767573 0.4435443 0.5618406 -0.3637636 0.4529312 0.6344091 -0.1337017 0.6732986 0.3345292 -0.0734944 0.5617700 0.2504503 0.3023460 -0.4977467 -0.3224185 -0.1347822 0.5597117 0.5643125 -0.4803731 -0.4975207 0.2588664 0.1206637 0.3170059 0.6477124 0.1364080 -0.1711518 0.5217423 0.0544912 0.2581277 -0.5250903 -0.3408475 0.3607430 0.0986775 0.6051540 -0.5818817 0.6139238 0.0547996 0.0705725 -0.5864478 0.2675103 0.5589953 0.4893190 0.2959031 -0.0281603 -0.0756993 0.1822275 -0.1901643 0.0647470 0.4981461 0.3659121 0.1827279 0.3178180 0.1597901 0.3966713 0.1850465 0.2961381 0.2839407 0.0372429 0.3595265 0.6789165 0.0747767 0.5085689 0.3114149 0.3847288 0.4089209 -0.1091306 0.3559680 0.2835715 0.2521890 0.3648277 0.4149565 0.5005693 0.2296093 0.3046872 0.4773574 0.5090580 0.3213902 0.2236861 0.5261573 0.1185794 0.1559681 -0.0078479 0.0961350 0.5963716 0.3355507 0.1092950 0.2349795 0.6894622 0.3422197 0.0463980 0.2175986 0.1057988 0.6765887 -0.0506080 0.7744184 0.2373074 0.4695985 0.7375068 -0.1048064 0.0849688 0.1646471 0.0904913 0.1988241 0.1129439 0.0114964 0.7701870 0.5937664 0.0773219 -0.4856028 -0.3008194 0.4239641 0.7133990 -0.0191771 -0.4384195 0.6439526 -0.2846911 -0.0413966 -0.0559901 -0.1581612 -0.4542170 -0.3088163 -0.4000877 -0.1392669 0.5967035 -0.0207206 0.5233269 -0.2861373 0.4421494 -0.4127815 -0.3866740 -0.0073914 -0.4968311 -0.0888359 -0.2284313 -0.5035721 -0.1247045 0.1430117 -0.0060088 0.1945831 -0.4349927 -0.3201831 -0.2222486 -0.0315764 -0.1472165 -0.3042837 0.2768617 -0.4359813 -0.0494281 -0.4864087 0.3396483 -0.3292842 -0.2724190 -0.4039713 -0.4254301 -0.3439408 -0.1978514 -0.4668533 -0.4781004 0.4079516 0.2440176 0.6034910 -0.1388385 -0.1320484 -0.0980987 0.0795607 -0.2633222 -0.0732023 0.0082196 0.0469618 0.1485385 -0.0801380 0.5586210 0.2564027 0.5144091 0.0171582 -0.0739718 0.7667576 -0.2555254 -0.1440605 0.6162972 0.6400625 0.2584535 0.0916592 -0.0115479 0.3821778 0.6868171 -0.2816626 -0.1537303 -0.1320764 -0.1408901 0.3431180 0.2776115 0.5696964 -0.3001302 -0.1059637 0.1114324 0.0488788 0.3934046 0.3910125 0.0213903 -0.1908008 -0.2263309 0.2533566 -0.0786518
0.3081294 0.5591238 0.0259192 -0.0236224 -0.1214615 0.3690174 0.4623818 -0.1478520 0.6794060 0.0475990 -0.1999246 0.0000000 -0.0680266 0.0848895 0.7888187 0.1768616 -0.1205327 0.3951165 0.0449566 -0.0995822 0.3678245 -0.0464947 -0.0335123 0.3883533 -0.1350464 -0.0655666 -0.0035949 0.2806873 0.6528558 0.2892836 -0.1623507 -0.1821457 0.2658465 0.3225837 -0.0993198 0.0989668 0.0271579 -0.2186997 0.0820443 0.0425040 -0.2350714 0.1469064 -0.0818659 0.2880085 0.0564791 -0.0509644 0.0973391 -0.1601230 0.3410489 -0.3125595 0.0526085 -0.0424628 0.1884218 -0.0121387 -0.2861986 -0.1169840 0.1098895 0.1894213 0.3446071 -0.0045636 0.0420750 -0.0284549 -0.3423629 0.0415532 -0.1264472 -0.0206864 0.0795016 -0.0518688 0.0154143 -0.0902108 0.0814329 0.2103106 -0.0190045 -0.2809447 -0.0906503 -0.2907013 -0.1485412 -0.1888640 -0.2480180 -0.1570151 -0.1857117 0.0733310 0.2444971 -0.1152360 -0.1598599 -0.2936335 -0.3011349 -0.1328040 -0.3263602 0.0134849 -0.3348719 -0.0710072 -0.4757385 -0.2731580 -0.4148296 -0.3303280 -0.3833001 -0.3991707 -0.2883099 -0.4084301 0.3086843 -0.2739282 -0.0045412 -0.5100735 -0.5347357 -0.4873556 -0.0427208 0.0773901 -0.4015669 -0.1777813 -0.5570226 -0.1505566 -0.4013151 -0.4250360 -0.2347411 -0.3407414 -0.2009322 -0.0450713 -0.1962954 0.0042818 -0.0705294 -0.6324546 0.0438442 0.0810811 -0.2739704 -0.1215437 -0.3346819 -0.0658252 -0.2660477 -0.3841109 -0.4690826 -0.5086775 -0.3664675 0.2254835 -0.2419984 -0.1175762 -0.3862906 -0.4680863 -0.4700614 -0.1316677 -0.3921479 -0.4354396 0.2652698 -0.1415310 -0.5511330 -0.2501878 -0.5123770 -0.4444061 0.1383585 -0.1925453 -0.2185224 -0.4387220 -0.4782593 -0.1387316 -0.3295092 -0.2680480 0.2129166 -0.4041173 0.3888140 -0.1849067 -0.1355142 -0.2469849 -0.0360884 0.0457441 -0.1332004 -0.2008100 0.0230812 0.1580214 0.3332707 -0.0204806 -0.0177188 0.1687916 0.1356270 0.0821022 0.1384598 0.3798190 0.2285126 0.3133311 0.0003260 0.1674175 -0.0849608 -0.1285663 0.0631963 -0.1461966 0.2857167 -0.1092987 0.3676282 -0.3265345 0.0083175 0.1969022 0.0362243 0.1622764 0.0892837 -0.0497209 -0.0077408 0.0249596 0.3743160 0.1654595 -0.0669836 -0.0881566 -0.0892249 0.4928368 0.2348258 0.1941257 -0.3818511 -0.3097440 0.0361114 -0.1622079 -0.3353678 0.4413002 0.3158137 0.1002024 -0.1704314 0.1104241 0.0767925 0.1611986 0.2588079 -0.0457437
0.3019158 0.5782231 0.6036152 0.8057167 0.8159401 0.5429370 0.0376223 0.8809310 0.0196008 0.2252925 0.6426957 -0.0680266 0.0000000 -0.1262120 -0.2775955 0.2083845 0.0778234 -0.4429867 0.3315931 0.8516214 0.1442829 0.6506916 0.0615360 -0.0665194 0.4335799 0.0437223 -0.1223045 -0.4877677 -0.2042874 -0.2823334 0.5834970 0.5655391 -0.3765638 -0.4555164 -0.0060500 0.2383826 0.2316291 0.4236394 -0.0549601 -0.2812331 0.4497217 0.0857200 -0.1198149 -0.4346216 -0.5015051 0.0884931 -0.0125477 0.5641964 -0.5312983 0.1810333 -0.1460125 -0.2320546 -0.6618074 0.0056357 0.4052060 0.1928362 0.3856644 -0.1569518 0.0003165 -0.1199041 -0.1483647 -0.2169430 0.3619008 -0.0915925 -0.0655061 0.5607440 -0.0252476 0.0841339 0.3473898 -0.0589365 0.2303010 -0.3007178 0.0991556 0.2678088 0.1989243 0.0937247 0.1867127 0.2998760 0.0308379 0.1164458 0.0376225 0.2633469 0.3829341 0.3207093 0.2563137 0.3320714 0.0988728 0.1159049 0.3466096 0.4012935 0.0938455 0.0671972 0.1785971 -0.0498776 0.0573922 -0.0039558 -0.1689629 0.1870718 0.2918412 -0.2003595 0.3542236 0.3339034 0.3359464 -0.3326143 -0.0087199 0.0778009 0.3565063 -0.0511834 0.5228626 0.0464000 0.3527019 0.4849105 -0.2313671 -0.1449960 0.0145382 -0.0498142 0.0449272 -0.0314887 -0.0753853 0.5595054 0.4418994 -0.0214985 -0.0418514 -0.0877395 0.3879392 0.5539583 0.0211475 -0.0238583 0.5829465 -0.0533813 0.1388222 -0.0985317 0.0790970 -0.3101261 -0.1292064 -0.0312895 0.1268919 0.4073942 0.2743242 0.3086749 -0.0385968 0.1979323 0.0510751 -0.3514460 0.0991787 -0.1537445 0.1030890 0.0317723 -0.0012963 -0.0370469 0.0159554 -0.1104217 0.1345798 -0.0187265 -0.0665360 -0.1140237 0.1247941 0.0466195 0.1093105 0.1217094 -0.0343356 0.0633490 -0.2004137 0.3289100 0.0352914 -0.0059831 0.0311393 0.0831889 0.1405603 0.0895117 0.0900809 0.0890673 0.2428740 0.0804561 0.3914893 -0.1484665 -0.0542868 -0.0775659 0.2163357 -0.0861141 -0.2486303 0.1467917 0.1385746 0.1664654 -0.0343408 0.4974358 0.4423334 0.7017681 0.4667055 0.2597158 0.6667670 0.0755456 0.1181530 0.7086347 0.6256140 0.3891694 0.1331761 -0.0193850 0.2330835 0.5175931 -0.4208100 -0.3086575 -0.2714232 -0.0400372 0.2910020 -0.1154690 0.3423147 -0.2376070 -0.2855157 -0.0523876 -0.2361856 0.5340134 0.2688970 0.0550272 -0.1319622 0.0359946 0.1467902 -0.2069514
0.3495328 0.1476428 0.0797284 0.0851042 -0.0714112 0.4521058 -0.0061884 -0.0531653 0.6531992 0.8604472 0.2065056 0.0848895 -0.1262120 0.0000000 0.3042897 0.0703591 0.7643248 0.5145806 -0.1662271 -0.1296718 -0.0742575 -0.1420302 0.5092997 0.4388610 -0.1626357 -0.0538451 0.6958269 0.5509042 0.3052111 0.7252829 -0.2414566 -0.1273631 0.3850500 0.4293959 0.1729660 -0.0874915 -0.1446734 -0.0111278 0.6737220 0.5621194 -0.2055598 0.0562665 0.5581389 0.3132462 0.4539984 -0.0173504 0.2766492 -0.0632925 0.3846670 0.1308428 0.2921937 0.5715331 0.3902657 0.5891325 0.0844468 0.1372358 -0.0351217 0.6390441 -0.2673649 0.2427233 -0.2272139 0.3025856 -0.0072724 0.7454322 0.0878884 -0.1980498 0.0291678 0.5898243 0.0286432 0.7430614 -0.0648697 0.7805658 0.1716127 0.4903786 -0.0682184 0.3091854 0.3722143 -0.2858574 -0.0933108 -0.4856655 0.1282294 0.1028924 0.0560028 -0.0272731 -0.3055724 0.0266573 0.1903423 -0.1524128 -0.1067725 0.0678481 0.1280406 0.2806204 0.0919025 -0.2246695 -0.0576094 0.0211875 0.3246144 0.0704711 -0.0555242 0.0694596 -0.0277337 0.0549763 0.1982732 0.0180029 0.2827381 -0.1857483 -0.0881583 -0.1679484 0.1948301 -0.3361427 0.0969816 -0.0838104 -0.3946807 -0.3257810 -0.2758097 -0.3269010 -0.2579262 -0.3162697 -0.3630780 0.0903937 0.2313909 -0.2795898 -0.1701874 -0.4784400 -0.0975058 0.3551449 -0.1681622 -0.0916564 0.2042543 -0.2024371 0.0779425 0.3409530 -0.0722982 0.1494687 0.1070441 0.1327126 0.1412957 0.2896607 0.1637713 0.4106533 0.2101395 0.2781905 -0.1327703 0.1936604 0.3747982 0.0397217 0.1889465 0.1685597 0.0446194 0.0269297 -0.0137728 0.4722399 0.2673891 0.1014745 0.0193133 0.3513761 0.1764276 0.3043432 -0.0834382 -0.1552232 0.0529944 0.0251801 -0.0618498 0.0492579 0.1343687 0.0031921 -0.0165932 0.0245737 -0.0484253 0.0810049 -0.0320193 -0.0831623 0.0834548 0.2232331 0.1678792 0.2217177 0.2206237 0.1576398 0.0710625 -0.1739474 -0.0923945 -0.1475720 -0.1992029 -0.1381554 -0.3364294 -0.2430703 -0.3382505 0.0093795 0.2351725 0.3573617 0.0892131 0.0546676 -0.0194943 -0.0115425 0.2798337 -0.0071883 -0.0202704 -0.0025848 0.0791966 0.2170286 0.0671594 0.0695561 0.3259093 -0.1355545 -0.1069811 0.0638652 0.2692479 -0.3559058 -0.0211935 -0.0971454 0.3825939 0.1651909 0.0752986 -0.3207959 -0.2170483 -0.1889400 0.3060808 0.0922751
0.1733610 0.1694402 -0.2181551 -0.2218552 -0.3611789 0.1585764 0.0560658 -0.3411872 0.7266991 0.2712496 -0.2767573 0.7888187 -0.2775955 0.3042897 0.0000000 0.1869000 0.1022967 0.6918020 0.0153081 -0.2276407 0.0685488 -0.1023362 0.0013933 0.6197387 -0.0335114 0.0393320 0.2907339 0.4068430 0.5413635 0.5451274 -0.2048255 -0.0408156 0.2812713 0.3717132 -0.0870730 -0.3414865 0.1340797 -0.2047227 0.1360190 0.2287547 -0.1867911 -0.2501123 -0.0064190 0.3112347 0.1897572 0.0518304 0.2611306 -0.1322422 0.3853432 -0.3006154 0.2116463 0.1365786 0.3143951 0.0313562 -0.3099747 -0.0910957 0.1950249 0.2606739 0.0096507 0.2008049 -0.0967026 0.1792077 -0.4720129 0.0766100 -0.1517343 -0.0798848 0.2103984 -0.0035310 -0.0714499 0.0266528 0.1248036 0.2918424 0.0506270 -0.1306737 -0.0873550 -0.2204689 -0.0706695 -0.3643961 -0.3793189 -0.1961213 -0.3148615 0.0188870 0.2563581 0.0096750 0.0015968 -0.2026805 -0.2219814 0.1489193 -0.2176746 0.1095745 -0.2761360 0.0278720 -0.3920683 0.0672437 -0.3459661 -0.2745432 -0.2352934 -0.3039343 -0.2350493 -0.2736608 0.3325597 -0.1800913 -0.0108663 -0.3234808 -0.4965913 -0.5975063 0.0370417 0.0690045 -0.3371800 -0.0428242 -0.5510524 -0.1089730 -0.2640333 -0.2766780 -0.0072963 -0.1845171 -0.0352300 0.1205723 -0.0819554 -0.0276697 -0.1396112 -0.4762629 0.1408547 -0.0197084 -0.3693451 -0.1877193 -0.4135842 0.0169052 -0.3344752 -0.3674467 -0.4359904 -0.4394043 -0.4251394 0.1510460 -0.2111627 -0.0637308 -0.3520413 -0.5606987 -0.4325963 -0.2774027 -0.2756580 -0.4837918 0.2352070 0.0723013 -0.4584344 -0.1149726 -0.4674640 -0.3656666 0.1350923 -0.2454827 -0.3649987 -0.3349561 -0.4651929 0.0005258 -0.2860290 -0.1411684 0.1562116 -0.3178803 0.3631616 -0.3439615 -0.0445574 -0.3211354 0.1347333 -0.1098760 -0.0485133 -0.1047561 0.0971761 0.1348147 0.2247318 -0.1083404 0.0177788 0.1937298 -0.1424975 0.0999604 -0.2670027 0.0887771 -0.0638665 0.1816271 -0.3487045 -0.0797704 -0.1588458 -0.5433506 -0.3896746 -0.5702224 -0.0522514 -0.2097237 0.1664447 -0.1865718 0.0917772 0.2225358 -0.0763687 0.0236138 -0.0661879 -0.3504287 -0.2051520 -0.1595687 0.1569251 0.0410230 -0.1680776 -0.1404193 -0.0033260 0.3574316 0.1261850 0.0336701 -0.1077170 -0.0928788 -0.0747571 0.0228490 -0.1946936 0.1883367 0.1938007 -0.1644323 0.0425460 0.0768356 -0.0653500 0.3284035 0.3162557 0.1117714
-0.2126987 0.0984096 -0.2403974 0.1056587 -0.2168213 0.3435989 0.2045344 0.1143033 0.1981366 0.1689236 0.4435443 0.1768616 0.2083845 0.0703591 0.1869000 0.0000000 0.4465879 -0.1978689 0.9238086 0.2425957 -0.2172389 0.7551017 0.7563638 -0.2604330 0.7366102 0.8150196 0.2281981 -0.2949260 -0.1118422 -0.0248391 0.6812540 0.2750055 -0.3895520 -0.2610751 0.7371975 -0.2198516 0.6640923 0.7040835 0.2051987 0.1785731 0.5697834 -0.0732967 0.5313562 -0.2107900 -0.0481964 0.8649818 0.7401327 0.5419662 -0.2023399 0.6073676 0.6889107 0.4457158 -0.1508278 0.4075635 0.4825752 0.8237534 0.7458849 0.0939270 0.2651488 0.6838110 0.2281550 0.6028161 0.5008477 0.2760889 0.4645294 0.6264688 0.6139385 0.5822960 0.6845127 0.3575239 0.5910058 0.0408349 0.6409208 0.3696280 0.6448370 0.6333547 0.2009505 0.3545218 0.4606822 0.1347816 0.1804602 0.0093551 0.2035938 0.1333616 0.2661900 0.0726636 -0.0138588 0.0915889 0.1193393 0.1548402 0.0888553 -0.0083125 -0.0829563 -0.0162663 0.0022052 -0.2625936 -0.1821043 0.0009311 0.0994245 -0.4153994 -0.0512162 0.0318510 0.0163837 -0.3689356 -0.1071997 -0.2388538 0.2882585 0.0744466 0.2554031 -0.0013930 -0.0128259 0.3063640 -0.1237174 -0.1418701 -0.1205375 -0.1430788 -0.0228352 -0.0091580 -0.2158077 0.4399627 0.2297121 -0.1501315 -0.1186066 -0.1759808 -0.1172627 0.3921530 0.2757529 -0.1990230 0.0677734 -0.1383971 -0.3538760 -0.1069851 -0.0300510 -0.0491303 -0.1283279 -0.2183105 -0.1656999 0.0733713 -0.1485082 0.1505335 -0.2074785 0.1171718 -0.1135921 0.0005622 -0.1855821 -0.1346190 -0.0774211 -0.1067381 -0.2827040 -0.0287953 -0.0193833 -0.0683779 0.0718556 -0.2106702 -0.0590810 -0.0835275 -0.0641737 -0.0929076 -0.0490182 0.1573913 -0.1745850 -0.0260218 -0.0852540 0.1037196 -0.0797753 -0.0902932 -0.1680419 -0.1723063 -0.0817556 -0.0915143 -0.3382191 -0.2436602 -0.0783123 0.4011441 0.1838658 -0.0883844 -0.3462468 -0.0490019 -0.3450909 -0.2789010 -0.2543844 -0.3313031 0.0482599 -0.1567285 0.2265741 0.6362720 0.4648284 0.2267953 -0.2879145 -0.1993771 0.2144262 -0.6114851 -0.5895097 -0.0250592 0.2023965 0.0216812 0.1414165 -0.3546759 0.0817924 0.4035079 -0.1733069 -0.1344189 0.0419175 0.0908593 0.2877099 0.4055149 0.2948607 0.1941471 0.0883185 0.0531471 0.2102117 -0.0386860 0.3853959 0.0473721 0.0273298 0.2193988 0.6648953 0.4111284
0.2860217 0.0967081 0.0704733 0.3003493 0.0707241 0.4890491 -0.3064528 0.2422023 0.3194535 0.7650801 0.5618406 -0.1205327 0.0778234 0.7643248 0.1022967 0.4465879 0.0000000 0.1125416 0.2210869 0.1934089 -0.5027290 0.2818798 0.7029585 0.2583104 0.3821084 0.4188836 0.7852459 0.0359332 -0.1434134 0.3490191 0.2187024 0.3209708 -0.1184714 -0.0635839 0.5198526 -0.3417551 0.3930435 0.3120074 0.4185473 0.3209067 0.1397118 -0.1960984 0.6517325 -0.1691584 0.1841489 0.3908933 0.5164042 0.2054587 -0.0993023 0.3824302 0.5253245 0.5618673 0.0003561 0.4940971 0.2373009 0.4471519 0.3836106 0.2704285 -0.2686987 0.5745074 -0.1685306 0.5810237 0.2009593 0.6769472 0.2668837 0.1294269 0.3856227 0.7259226 0.1568950 0.7243553 0.2809297 0.5273823 0.5659043 0.7334359 0.1463494 0.6566283 0.4364797 -0.0005039 0.3042162 -0.2373374 0.2570939 0.0800844 0.0587372 0.0311226 -0.0036798 0.0950990 0.0079482 0.0874640 0.1125838 0.3451423 0.1453236 0.3410370 0.2414973 -0.0898310 -0.0376791 0.0669028 0.3099429 0.2606691 0.0400638 0.1883859 0.0182610 0.2598215 0.1165004 0.1300033 0.2516127 -0.0519770 0.2091129 -0.1025385 0.3734980 -0.0509750 0.3368238 0.2415399 -0.1381336 -0.0421319 -0.0459401 -0.0633045 0.0262142 -0.1271847 -0.1611844 0.3662446 0.3619258 -0.0649248 -0.2339173 -0.5124730 -0.1827508 0.5704353 -0.0620101 -0.1783300 0.2252393 -0.2679735 -0.1451738 0.3091261 -0.0980787 0.0134343 -0.0896577 -0.0284405 0.0470611 0.3581882 0.0034246 0.4124618 0.0825541 0.3900140 -0.3661037 0.1759322 0.2200528 -0.1181793 0.0946265 0.0445455 -0.2645631 -0.0644246 0.1199851 0.4526914 0.2293282 -0.0735076 -0.1203179 0.2530902 0.0687930 0.2055913 -0.2723283 0.1703589 -0.1600934 -0.0422016 -0.1002191 0.2150799 -0.0833494 -0.0278419 -0.1401476 -0.1915583 -0.2399171 -0.0391982 -0.2879847 -0.3150251 0.0224983 0.0394464 0.1683672 -0.2179820 -0.2049974 -0.1269391 -0.2725638 -0.5741888 -0.2737545 -0.3790943 -0.2889355 -0.2291191 -0.3274379 0.2504240 -0.1414738 0.2942831 0.0688862 0.1671603 0.2425495 -0.3743779 -0.2998625 0.0524933 0.3775554 -0.0440974 0.0117250 -0.1715137 0.2174184 0.4774478 0.0650218 -0.0027926 0.3409434 0.0120246 0.2062589 0.5158627 0.4009591 -0.0809496 0.1028154 -0.0603875 0.4307245 0.0905073 0.4594673 -0.0887136 -0.1238914 -0.0651391 0.4184194 0.4279461
