0.0000000 0.1602213 0.5960713 0.4471348 0.6560342 0.0342187 0.2340700 0.5435286 -0.3770245 -0.1206506 0.3685880 0.1468130 0.6667991 0.0924472 -0.5838808 0.2588921 0.1971304 -0.0450606 -0.0064583 0.0027626 0.1686226 0.2774721 0.3834800 -0.1733950 0.0596268 0.2590077 0.6008262 -0.0929729 -0.1047769 -0.0100661 0.3015815 0.5012281 -0.1312950 0.1076838 0.3893105 0.1048888 0.0332419 0.1890714 -0.0663699 -0.1893535 0.3827970 -0.1801104 0.2243594 -0.2327975 -0.1064635 -0.0871914 -0.0420149 0.2575293 -0.0940820 -0.1024360 -0.0568770 -0.0614606 0.0890964 -0.1753268 0.0142811 -0.0085037 -0.0975500 -0.0552207 0.0982373 -0.1689411 -0.1141853 -0.0855856 0.3150895 0.0387946 -0.0925583 0.0851658 -0.2284613 -0.2847858 0.2723332 0.0353310 -0.1479142 0.0790976 -0.1524565 0.0319728 0.2317457 -0.1673829 0.1774504 -0.0743580 -0.0532189 0.2590459 0.2238816 -0.1405411 0.2404007 0.3928119 0.2443867 0.4991830 0.6253118 0.2565208 0.4559936 0.3974193 0.2211174 0.4713244 0.2699895 0.2550909 0.3669371 0.0947307 0.4033980 0.3151036 0.1459488 0.1778438 0.1270722 0.3132922 -0.2003177 -0.0770658 0.1455264 0.1667699 0.0469765 -0.4565171 0.2843274 -0.3980478 -0.0589665 -0.0127815 -0.5494069 -0.5030410 -0.0174674 -0.4839768 -0.2500923 0.2525850 -0.0140040 0.6332169 0.3352522 -0.0728729 0.4493970 0.1980998 0.5072272 0.5715459 0.3504658 0.4307990 0.4254499 0.0283801 0.1830257 0.4323148 0.5982248 0.0036843 0.3519177 0.4290037 0.2233083 0.0593680 0.4137020 -0.0823201 0.4396428 0.2568294 0.2635607 0.1521096 0.4760787 -0.2087943 0.4696201 0.4230761 0.4809562 0.1941563 0.1495458 0.2537062 0.1742636 0.3119476 0.4555083 0.3058720 0.5595694 0.1514425 0.3808754 0.3862519 -0.0687200 0.2527066 -0.4879526 0.4745199 0.0913118 -0.0571648 0.0868209 0.4568474 0.4109684 0.1115804 0.2788245 0.3544513 0.5661957 0.2822085 0.0055823 0.2432473 0.2924044 0.3379452 0.3863107 0.3835147 0.2087836 0.1583123 0.0883973 0.0226867 0.2117460 -0.2341628 0.1340827 0.4073441 0.2891697 0.2477104 0.6046600 0.3624731 0.2576075 -0.0870752 0.5222616 0.0738637 0.0297164 0.0095506 0.3722796 0.3407382 -0.0856255 -0.5647205 -0.5144096 -0.4694400 -0.0184312 -0.1651951 -0.3842441 -0.3411117 -0.1254594 -0.4446754 -0.5756518 -0.3823687 0.1437657 -0.2235306 -0.3148536 -0.1763196 -0.4088753 -0.2034096
0.1602213 0.0000000 0.4929574 0.5667260 0.5727299 0.7552703 0.7543367 0.4164484 0.2319606 0.1600475 0.2671635 0.6955874 0.1724133 0.1652238 -0.0516005 0.0732846 0.2015088 0.1469749 -0.3105592 0.4170845 0.5573511 -0.2374746 0.1035567 -0.1521160 -0.3765988 -0.2367724 0.4127349 0.0110998 -0.1333537 0.1849341 0.0716412 -0.1364131 -0.2239537 -0.2542788 -0.0094199 0.3038216 -0.2181729 -0.5077243 -0.1262046 0.0213059 -0.1518596 -0.0135538 -0.0587759 -0.1384024 -0.2949455 -0.4497403 -0.2822912 -0.4797876 -0.1221643 -0.4029348 -0.0586173 0.0891920 0.1238941 -0.1603520 -0.2365350 -0.4870542 -0.4535042 -0.0298721 0.6372367 -0.1493668 0.2760188 -0.0557349 -0.1419574 0.2671282 0.1453148 -0.3335327 -0.3489933 -0.0189297 -0.1781032 0.0436996 -0.4904637 0.2908132 -0.3238941 0.4549758 -0.3267356 -0.3420753 0.3101459 -0.1915213 -0.2252105 0.4084310 0.6708244 -0.0695001 0.1673261 0.0965523 -0.1408662 0.4059913 -0.0802787 -0.4147637 -0.0195137 -0.1160093 -0.3357568 -0.2615411 -0.0248950 -0.0533005 -0.1146889 -0.0846863 -0.4313939 0.0451106 -0.1093114 0.0027597 -0.1908685 0.1455817 0.3273182 0.0301281 -0.4818875 -0.1341286 0.3547834 0.4313519 -0.2679873 0.2894747 -0.4895159 -0.0061536 0.3213162 0.3619223 0.1383021 0.2886235 0.4301239 0.4785294 0.3736354 0.0643638 0.3834570 0.5643992 -0.4442260 0.1604183 0.0265708 -0.0581967 0.4223659 -0.5288012 0.0622733 0.1991052 -0.0567550 -0.3940265 -0.0791370 -0.2936123 -0.0205973 -0.1614194 0.1358190 0.1263670 0.1819433 0.0638445 -0.2403026 -0.2092462 -0.1875437 0.1771214 0.2138588 -0.1715094 0.2134790 0.1851600 -0.1745699 -0.3175637 -0.3405204 0.1911199 0.0046579 -0.3697990 -0.0273955 0.1149821 -0.3911724 0.0098484 -0.3062010 0.0380607 -0.1387676 -0.3594134 -0.2853216 -0.1028468 -0.4567654 -0.0666445 -0.4508090 -0.3330869 -0.3950623 -0.4773042 -0.4963995 -0.4006548 0.2176168 0.5003576 0.7865607 0.7083440 0.5528664 0.4011301 0.5051832 0.3811044 0.4721751 0.4632291 0.5691797 0.5446367 0.6832982 0.2306318 0.7536989 0.6506477 0.5809162 0.7740024 -0.2820926 0.4576694 0.2973729 0.1086357 -0.1424324 0.2375972 0.0095279 0.1321713 0.7605467 -0.0661323 0.2831990 0.1222996 0.2674620 0.1845109 0.4835971 0.6156748 -0.1186041 -0.2826431 -0.1015265 0.3704017 0.1190616 -0.0112440 0.7129303 0.6062831 0.1067850 0.2929741 0.1928893 0.7154406
0.5960713 0.4929574 0.0000000 0.6573547 0.7844321 0.3267216 0.4595095 0.7025927 -0.2880158 -0.1874524 0.2659309 0.3223328 0.6666447 -0.1490841 -0.4285110 0.1716168 -0.0310779 0.0053243 -0.0698308 0.3899819 0.2403322 0.0332453 0.1395577 -0.2921221 0.0181966 -0.1018733 0.3905953 -0.2125811 -0.3987658 -0.0567399 0.1810888 0.3272189 -0.4007515 -0.3678183 -0.0009505 0.0161680 -0.1938856 0.0759566 -0.2568258 -0.2530674 0.2956631 -0.2882786 -0.1245674 -0.3329298 -0.4292540 -0.2982076 -0.2188013 0.1545667 -0.3152806 -0.2667209 -0.2325513 -0.2785838 -0.1581679 -0.3582201 0.1274462 -0.2036665 -0.2198863 -0.1210498 0.2996556 -0.3102464 -0.0310555 -0.2474726 0.1702746 0.3150074 0.2530808 0.0531364 -0.4745387 -0.3020210 0.0944684 -0.0541097 -0.5263250 0.1991414 -0.3807354 0.3200360 -0.1826871 -0.3485102 0.1831376 -0.3263163 -0.3060874 0.4313868 0.1961874 0.2118964 0.3668478 0.2955027 0.0834213 0.5747323 0.4526265 0.1598796 0.2814186 0.2550730 0.0494667 0.1551004 0.3305456 0.3472899 0.2961754 0.2349515 -0.0443098 0.5342480 0.2399094 0.3597850 0.0686762 0.3425303 0.3008479 -0.0804494 -0.0185360 0.1106758 0.2435370 0.0968650 -0.1066812 0.1547739 -0.2015169 -0.0674573 0.0913614 0.0948556 0.3312369 0.2016081 0.2779595 0.6278691 0.5364057 0.5107015 0.5413375 0.4015930 0.0144215 0.4625988 0.4635059 0.4715825 0.5200186 -0.0742724 0.3699235 0.3259093 0.1924601 0.1277769 0.2655971 -0.0031525 0.1962772 0.1551194 0.3342938 0.0564699 0.4663824 -0.1307860 0.1667532 0.0075666 -0.3048892 0.4069029 0.5456270 -0.1815941 0.4829910 0.4158319 -0.0140119 -0.1704519 -0.1447925 0.3257733 -0.1292868 -0.0048988 0.0517820 0.2825504 -0.1051549 0.1152435 -0.2369079 0.0326838 -0.3404275 -0.2132586 -0.3802586 -0.2635882 -0.3717698 0.0591876 -0.0734138 -0.0065011 -0.2330309 -0.5023933 -0.1138918 -0.1933114 0.2300776 0.3389848 0.3144357 0.4180310 0.3649570 0.4348914 0.5320472 0.6258073 0.6215148 0.5811949 0.1550045 0.3206758 0.3157296 0.0680526 0.3495841 0.4272235 0.3413985 0.3898826 0.2870861 0.4640864 0.3120019 0.1385663 0.3914956 0.3265306 0.3516864 -0.0652110 0.5423013 0.4387547 -0.0656271 -0.4453624 -0.2245062 -0.1296863 0.5112887 0.3112665 -0.2636875 -0.3041618 -0.2288072 -0.2685645 -0.2495789 -0.1839483 0.5394373 0.2047450 -0.1377020 0.0123692 -0.1706774 0.2773792
0.4471348 0.5667260 0.6573547 0.0000000 0.5653541 0.6692080 0.4303734 0.8976796 0.0362055 0.3772650 0.7810878 0.3905442 0.6509532 0.1725695 -0.2876976 0.6492071 0.4505005 0.1794874 0.2485686 0.5436337 0.3944702 0.2896864 0.6529584 -0.0960770 0.2379029 0.3295374 0.4216282 -0.1328510 -0.1119304 0.0889247 0.4959646 0.3541979 -0.1824067 -0.2174076 0.4416674 0.2310473 0.1118533 0.1631858 0.0444668 0.0022771 0.2768810 -0.0927158 0.1813171 -0.1420012 -0.2970826 0.1405317 0.1689327 0.1691761 0.1196913 -0.0031393 0.3149274 0.0866226 0.3115412 0.0793603 0.3894047 0.0976053 0.0281367 0.2960778 0.6099871 0.2297347 0.0736090 0.3889107 0.5542821 0.4492894 0.1075347 0.2364597 0.0954483 0.3249686 0.4666604 0.5434203 -0.0851659 0.4976752 0.2118154 0.3884753 0.2438974 0.1529230 0.5515872 0.2446331 0.2317020 0.5114079 0.6552560 -0.1324609 -0.0396468 -0.1357413 -0.1844456 0.1272388 0.1988119 -0.0502914 0.0022198 -0.0690087 -0.1765976 -0.1531814 -0.2514485 0.3965961 0.1222315 -0.3360564 -0.4474458 -0.1484384 0.0479030 0.3264466 -0.1176588 -0.2516933 -0.0913237 0.3059371 -0.5215887 -0.0502984 -0.2458055 -0.1222395 -0.4637565 -0.0436429 -0.4375413 -0.2661940 -0.0113092 -0.1150978 0.0276749 0.0278295 0.1481888 0.3646469 0.3178835 0.3132247 0.3675401 0.3186412 -0.0589610 0.0696759 0.4038275 0.2333256 0.3794413 -0.3263488 0.3699093 0.2178465 0.2929269 -0.2714578 0.2685464 -0.0680385 -0.1516017 -0.2207670 0.1872169 0.3190063 0.3489861 -0.1578031 -0.2551726 -0.0770518 0.0080826 0.0701046 0.3729913 -0.1227721 0.3175502 0.1917417 -0.2374158 -0.2340541 -0.3755740 0.0102194 -0.1604915 -0.3874676 -0.0308167 -0.0208424 -0.2501435 -0.1395831 -0.2227994 -0.0672605 -0.1405967 -0.2579091 -0.3457987 -0.1079482 -0.4013634 -0.2527556 -0.4380521 -0.3638029 -0.4162442 -0.4831994 -0.3791343 -0.4177602 0.1929331 0.4639681 0.4232781 0.3506984 0.2965409 0.1378489 0.4196257 0.2322430 0.3034778 0.3595267 0.4885780 0.4657380 0.5569075 -0.1428236 0.4303278 0.4353724 0.5605444 0.5457230 0.0799327 0.3089799 0.2038437 0.0650497 0.1383015 0.3185378 -0.1091150 0.0049935 0.5740546 0.1405725 0.0081533 -0.0792950 -0.0824033 0.0984910 0.2094724 0.3662251 -0.1460388 -0.2324486 -0.0657239 0.1676554 -0.1783187 0.0250675 0.4138077 -0.0072885 0.0054823 0.3262014 0.2953746 0.5103888
0.6560342 0.5727299 0.7844321 0.5653541 0.0000000 0.3876684 0.5916967 0.6038477 0.0079986 0.0410137 0.3304420 0.4792473 0.6323075 0.0381507 -0.2890989 0.2383973 0.2444340 0.0774188 -0.0530766 0.4552589 0.3204126 0.0624760 0.3416365 -0.1297427 -0.0675977 0.0814607 0.5493108 -0.1517186 -0.3410812 0.0253926 0.3416256 0.4423921 -0.2929651 -0.2524062 0.2734812 0.0464755 0.0386502 0.0493464 -0.0749539 -0.1260509 0.4438419 -0.2941162 0.2641075 -0.3247858 -0.3970428 -0.2226493 -0.0231379 0.1729066 -0.1874479 -0.1734830 0.0467567 0.0651699 -0.0005799 -0.2877062 0.0870714 -0.2085932 -0.1193857 -0.0723833 0.2602571 -0.1242146 0.0290605 -0.1453823 0.1017481 0.2953929 0.1953066 0.1369738 -0.3408418 -0.2337953 0.0477330 -0.0320692 -0.3271306 0.2506795 -0.3315224 0.3952036 -0.0330494 -0.2843843 0.2506420 -0.1750996 -0.2595159 0.5528281 0.2633216 0.1128471 0.3146302 0.3433281 0.1623806 0.5223404 0.2645941 0.0939996 0.1665668 0.1457816 -0.0512087 0.1765869 0.4077634 0.3196393 0.1846990 0.1537857 0.0284555 0.5831884 0.1224077 0.2183463 -0.0459885 0.4322506 0.3345616 -0.1993088 0.0686057 0.0262761 0.4507725 0.1816482 0.1443271 0.1078613 -0.3398196 0.1915986 0.0134097 0.1265606 0.3332628 0.0830377 0.2924497 0.6015126 0.4691491 0.5664750 0.5107908 0.4079002 0.0186956 0.4147562 0.4661381 0.5213047 0.4932824 -0.0840134 0.3879757 0.1004616 0.1393818 0.1578165 0.2275960 -0.2601612 0.1097600 0.2213173 0.2743454 0.1011950 0.3090081 -0.1336180 0.1190636 0.0772672 -0.2289546 0.3525869 0.4513052 -0.2961170 0.3790855 0.3608096 -0.0232863 0.0008827 -0.1342203 0.3320094 0.1353614 -0.0494461 0.1627317 0.2433481 0.0309728 0.1960912 -0.1767931 0.0948627 -0.1513574 -0.0178843 -0.5567262 -0.0472595 -0.2445705 0.0054257 -0.1935353 0.0221999 -0.1445299 -0.2680430 -0.1751273 -0.2058767 0.3478960 0.4034630 0.4560237 0.5667427 0.5069455 0.6707699 0.5376851 0.6064957 0.6198167 0.4177150 0.1380784 0.2244950 0.3720436 0.1515048 0.5055765 0.6645333 0.5262799 0.5865982 0.3745105 0.6302587 0.5302979 0.0730486 0.4464639 0.2395984 0.2834946 0.1542535 0.7109583 0.4524147 0.2172173 -0.3029771 -0.1362937 -0.1326410 0.5335863 0.3526942 -0.1406910 -0.1173741 -0.0524507 -0.0714810 -0.2134119 -0.2653218 0.6503834 0.2056467 0.0452947 0.1701974 -0.1008557 0.3559107
0.0342187 0.7552703 0.3267216 0.6692080 0.3876684 0.0000000 0.6757773 0.5468013 0.3585627 0.4752576 0.6399283 0.5664399 0.3633923 0.3234863 -0.1045478 0.5668487 0.4730871 0.1026863 0.1297857 0.7123388 0.6077249 0.1433583 0.4974163 -0.0063415 -0.0022692 0.2357199 0.3328988 -0.0451776 0.1206492 0.1156068 0.4196690 -0.1155750 -0.0817210 -0.1326858 0.2543064 0.5275198 0.0794577 -0.1937438 0.0320461 -0.0113134 0.0297882 0.1448359 0.1564722 -0.1113535 -0.1685666 0.0086202 0.0167840 -0.2441457 0.1129340 -0.0753087 0.2353113 0.2069527 0.3491288 -0.0114636 0.0972471 -0.0401004 -0.1528866 0.1780728 0.7579905 0.1588952 0.2784384 0.3367126 0.2153132 0.1522435 -0.1733417 -0.1393756 0.0879722 0.3324758 0.2160875 0.3505438 -0.0711187 0.3400321 0.1825133 0.2650763 0.1118520 0.0805133 0.3626443 0.2477528 0.1794014 0.2054120 0.6869850 -0.0477255 0.2457322 0.0246025 -0.0356952 0.2177161 -0.0320616 -0.1278683 -0.0318846 -0.0656008 -0.2951216 -0.2544180 -0.1141994 0.3294706 0.0307547 -0.1734407 -0.4614081 -0.1364540 0.1090579 0.2912590 -0.0188410 -0.0466262 0.2867028 0.2871310 -0.4199218 0.0877011 0.0936934 0.2526020 -0.3358885 0.3010066 -0.4227152 0.0244424 0.2157053 0.2101799 0.2691904 0.2403549 0.4865779 0.5509436 0.4329476 0.2256716 0.5007263 0.6324516 -0.1884689 0.1055476 0.2591039 -0.1527406 0.4464363 -0.4762849 0.1902001 0.2023976 0.1084173 -0.3793975 -0.0701376 -0.2757371 -0.0195884 -0.3620435 0.0731145 0.2955904 0.1431180 -0.0074399 -0.3344995 -0.0811901 0.0828955 0.0447083 0.1776425 -0.0931698 0.2381412 0.1658529 -0.2301200 -0.1750544 -0.3976063 -0.0141724 0.1810477 -0.4741754 -0.0181688 -0.0069862 -0.3438377 -0.0563953 -0.2096749 -0.1532739 0.1946172 -0.1586533 -0.2708788 -0.0901464 -0.1667629 -0.2707443 -0.5472892 -0.3973106 -0.4514768 -0.3340960 -0.4378101 -0.3780851 0.2549242 0.6897860 0.8200521 0.5695659 0.4620648 0.3391475 0.5272183 0.3947109 0.4781766 0.5955096 0.7319439 0.7659687 0.7558230 -0.0529425 0.7461129 0.4666668 0.4548617 0.5608309 -0.2552963 0.0606984 0.3391066 -0.1183411 -0.1665106 0.1888690 -0.3139607 0.2291483 0.6285373 -0.2736162 0.1004842 0.0012338 0.2311669 0.2951652 0.2874705 0.5512053 -0.1386966 -0.1301262 -0.1181057 0.3307984 0.0630433 0.1572298 0.5917642 0.2149908 -0.0631621 0.2741438 0.3380701 0.7535657
0.2340700 0.7543367 0.4595095 0.4303734 0.5916967 0.6757773 0.0000000 0.3818545 0.0829307 0.0129693 0.2664479 0.8346319 0.2821095 0.1223600 0.0000216 0.2100272 0.2453981 0.1773592 -0.1312651 0.4786565 0.7253824 0.0013214 0.2983807 -0.0433313 -0.1324114 -0.0236021 0.4162965 0.0343418 0.1243841 0.0667854 0.1655302 -0.1540499 -0.1450338 -0.0971454 0.1508324 0.5978231 -0.0433538 -0.3200336 -0.1113201 -0.1015384 0.0378477 0.1392161 0.1722363 -0.1831375 -0.1240351 -0.3593866 -0.1895574 -0.3932707 -0.1424784 -0.5265814 -0.0060455 0.0857104 0.1496907 -0.2382088 -0.3664202 -0.4790031 -0.3093381 -0.0068564 0.6441875 -0.1015086 0.4268751 0.0135827 -0.2512804 0.1711656 0.2304512 -0.3013373 -0.1929188 0.0608052 -0.1119726 0.0628515 -0.2294329 0.1647736 -0.1075437 0.4669381 -0.1423814 -0.1227071 0.2861553 -0.1152101 -0.0700352 0.3951755 0.5597760 0.1124833 0.4418973 0.5413169 0.3643883 0.6143342 0.0190071 0.0987928 0.2826200 0.3355899 -0.2129347 -0.0688843 0.1783820 0.1840684 0.1352108 0.0370112 -0.1256221 0.1427380 0.1744926 0.2052442 0.1673676 0.2227325 0.3025915 0.1175033 -0.2323532 0.0120908 0.3756045 0.1393272 -0.1238876 0.4996524 -0.3352595 -0.0315690 -0.0697301 0.0719637 0.1336616 0.0264726 0.2286730 0.4159663 0.2501152 0.3495268 0.4590491 0.4887030 -0.0090570 0.2723354 0.3530877 0.2555684 0.4678361 -0.2704010 0.3091580 0.2462482 -0.0381531 -0.0633164 -0.0316392 -0.1080803 0.2546779 -0.0155326 0.2262307 0.2776454 0.2442011 0.3137389 0.0916605 0.2662407 0.0803862 0.3777195 0.3874915 -0.1848501 0.4123150 0.4574872 0.0310022 0.1840083 0.1088336 0.4277120 0.3104347 -0.0842244 0.0817575 0.3090720 -0.0571430 0.2602699 -0.0045342 0.2950946 -0.1188830 0.1597328 -0.4773710 -0.0088334 -0.1512449 0.0838458 -0.3028874 -0.0716814 -0.1970642 -0.1034354 -0.2530040 -0.1674168 0.4378200 0.7075079 0.9102368 0.8507934 0.8036278 0.6803676 0.7282718 0.6375388 0.5115843 0.6663977 0.6526754 0.6810131 0.7381765 0.3545751 0.8456392 0.7975222 0.6081812 0.7421103 0.0240378 0.3985432 0.4278358 0.1534563 0.2011690 0.3675224 -0.0137341 0.3783633 0.8259479 0.1207237 0.0447731 -0.1571962 -0.1280484 -0.1278364 0.4599235 0.7070367 0.0944343 -0.0414456 -0.3483392 0.3016019 -0.3041294 0.0331775 0.8026346 0.5667214 0.2275780 0.2330621 -0.0738310 0.5186631
0.5435286 0.4164484 0.7025927 0.8976796 0.6038477 0.5468013 0.3818545 0.0000000 -0.0936295 0.2189984 0.7594084 0.4133140 0.8506285 -0.0009330 -0.3306746 0.7392998 0.2411211 0.0972378 0.4838554 0.5027550 0.4439142 0.4756681 0.6014319 -0.0790626 0.4122922 0.5115878 0.2921452 -0.2734558 -0.1364301 -0.0890107 0.6365648 0.5217140 -0.2450207 -0.1678942 0.5087786 0.2487209 0.3629794 0.3904114 0.0581420 -0.1109973 0.3809556 -0.1275913 0.2080131 -0.2785658 -0.3062994 0.2913474 0.3566400 0.3058341 0.0369298 0.0588832 0.3664841 0.1036376 0.3195247 -0.0387910 0.4332452 0.2714883 0.2763789 0.1615654 0.5102140 0.3165196 0.0481010 0.3599675 0.6347534 0.3853622 0.0858246 0.4278453 0.1754393 0.2093563 0.6590970 0.5271000 0.0689693 0.4132078 0.2372381 0.4055669 0.4280318 0.2680092 0.5393983 0.3848270 0.3484029 0.4858792 0.6059628 -0.0040353 0.0170175 -0.0727329 -0.0957948 0.1459554 0.2716215 0.0438495 0.0192568 -0.0343175 -0.1231982 -0.1232994 -0.1041882 0.3548341 0.1601878 -0.2300361 -0.3527429 -0.0159985 0.0268164 0.2900109 -0.0698102 -0.2232904 -0.1455025 0.2703187 -0.3421642 0.0354227 -0.2826172 -0.2498343 -0.3844616 0.0140734 -0.3391893 -0.2014286 -0.0956568 -0.1646829 0.1026310 -0.0318977 0.0841632 0.3439638 0.2711550 0.3803698 0.3501858 0.2062285 0.0884697 0.2930921 0.4888653 0.2216956 0.3154788 -0.1698668 0.4072768 0.3275253 0.3592009 -0.1400212 0.1587851 0.1742374 -0.0162451 -0.1317327 0.2217603 0.2385156 0.2649465 -0.1113444 -0.1678863 -0.0617299 0.0464213 0.0932156 0.3689735 -0.0172644 0.2969798 0.1779784 -0.2516641 -0.1219541 -0.1733957 -0.0026639 -0.0907835 -0.3184657 -0.0576006 0.0080519 -0.1412218 -0.1489479 -0.2182661 0.0887644 -0.1646027 -0.1061314 -0.2917645 -0.0394927 -0.2674066 -0.2611475 -0.3714618 -0.3291876 -0.3724587 -0.3929194 -0.2929914 -0.3528628 0.2441092 0.5557578 0.3303394 0.4378385 0.4554622 0.2470165 0.5875058 0.3801761 0.3586828 0.4657445 0.4794863 0.5294731 0.5433754 -0.1051169 0.3895408 0.4689030 0.5840625 0.4795402 0.1565418 0.3798400 0.1443251 0.0648991 0.1615721 0.4180226 -0.1228707 -0.0286643 0.4967058 0.0743309 0.1067241 -0.1689637 -0.1179714 0.0976193 0.1070356 0.2259537 -0.2208707 -0.2358656 -0.0089374 0.0480897 -0.1525966 0.0880960 0.3460740 -0.1071962 -0.0943115 0.1848086 0.0990580 0.3524222
-0.3770245 0.2319606 -0.2880158 0.0362055 0.0079986 0.3585627 0.0829307 -0.0936295 0.0000000 0.8199643 0.2812998 0.2061130 -0.2927937 0.2987610 0.6304733 0.1895265 0.4930084 0.3013930 0.0593480 0.5616335 0.0679449 -0.1688721 0.1960990 0.4330712 -0.0636482 0.1549031 -0.1939579 -0.0282224 0.2054306 0.0097560 0.0292824 0.0125240 0.1977324 0.0760469 -0.0690162 0.0851803 0.0533685 -0.1794587 0.0385010 0.0801892 -0.0530452 0.2354754 0.0538918 -0.0574832 0.0597555 0.1371662 0.1026364 -0.0695940 0.2824002 0.2516289 0.1746037 0.2032152 0.2508165 0.0581689 0.2287181 0.0490449 0.0137940 0.2150988 0.2268800 0.1121376 0.2279042 0.2140947 0.2046825 0.2543108 -0.0276783 0.1095405 0.1028147 0.3848347 -0.0661711 0.1389107 0.0936162 0.3408751 0.1197150 0.0726049 0.0381240 0.0403401 0.1170448 0.2965063 0.1270674 0.3596225 0.0594026 0.2427509 0.0570396 -0.1595873 0.0407044 -0.1606822 -0.2598452 -0.1033908 -0.1550695 -0.1870018 0.0535081 -0.0006532 -0.1578419 0.1955039 0.0817134 0.0910675 -0.2517450 -0.0733943 0.1999355 0.0459632 0.1487921 -0.0017939 0.4753049 0.3204198 -0.0282601 0.2736808 0.2832879 0.5698333 0.1572247 0.3121942 0.1942200 0.5591136 0.5439075 0.5332396 0.3629355 0.5049633 0.5382813 0.0767499 0.3744312 -0.0712586 0.1127679 0.3300059 -0.2660451 -0.0685884 -0.1589752 -0.2300831 0.0852543 -0.3124364 -0.1897539 0.0156718 0.0622461 -0.2145354 -0.0900933 -0.2895552 -0.3603971 -0.0883743 0.1263821 0.0401885 -0.0619973 -0.3446681 -0.3344341 -0.1572809 -0.2363779 -0.0333030 -0.2514016 0.3312025 -0.1501746 -0.1783122 -0.3744192 -0.0315998 -0.4245808 -0.0337012 0.1970015 -0.2385723 -0.1725920 -0.1936231 -0.4782896 0.0702373 -0.3319910 -0.5725272 0.2656154 -0.1141657 0.2963817 -0.3157303 -0.0120417 0.1241765 0.0350755 -0.2978434 -0.3462622 -0.0236939 -0.2393343 -0.3767155 -0.4885745 -0.1500047 0.3205039 0.0161272 -0.0519964 0.1541560 -0.2385934 -0.0661915 0.2345870 0.0230059 0.0997345 0.1287641 0.1065007 0.0496145 0.1262643 -0.1462205 0.0151290 0.1843127 -0.2131139 0.0854946 0.2259987 0.0931164 -0.1475210 -0.1012724 -0.1217138 0.2087941 0.1932163 -0.0390701 0.2253254 0.5498916 0.6610494 0.6396348 0.3411791 0.3509930 0.4846727 0.1604222 0.2999385 0.5418421 0.5496846 0.1710761 0.2421868 0.0483719 0.2964915 0.6931683 0.7260766 0.5904550
-0.1206506 0.1600475 -0.1874524 0.3772650 0.0410137 0.4752576 0.0129693 0.2189984 0.8199643 0.0000000 0.6880509 0.1375939 0.0287806 0.4765479 0.2968076 0.5391879 0.7895883 0.3554101 0.2636491 0.6159166 0.1642903 0.1025963 0.6003678 0.3750018 0.1448180 0.4347692 0.0761930 -0.0004322 0.3553278 0.0892160 0.3070100 0.2078476 0.2797398 0.2057807 0.3210654 0.2208736 0.1791760 0.0741128 0.2088767 0.1150090 0.1308847 0.3386317 0.3150629 0.0392945 0.1824071 0.3968590 0.2743874 0.1859358 0.5700022 0.4619007 0.4221152 0.3072684 0.5368742 0.3087071 0.5052705 0.3144275 0.1182698 0.5420133 0.3586953 0.3262746 0.2133385 0.5864997 0.6008208 0.3678922 -0.1529649 0.2324495 0.3309914 0.6755218 0.2588278 0.5520237 0.2463507 0.5781671 0.4385921 0.0758834 0.3403786 0.3066043 0.4253363 0.4982343 0.3325280 0.3945376 0.2227037 0.0837770 0.0006235 -0.2557994 -0.0140984 -0.2434977 -0.0563094 -0.0349095 -0.1207662 -0.2048731 0.0341650 0.0101441 -0.4280888 0.3605212 0.1297623 -0.1512551 -0.2801621 -0.3001424 0.1803848 0.1398205 0.1272403 -0.1971766 0.1772502 0.4793275 -0.1785901 0.2654362 -0.0735943 0.1858082 0.0127376 -0.0540488 0.0900211 0.3748289 0.3047810 0.1942683 0.2489027 0.2864640 0.3727554 0.0931890 0.3304199 0.1079291 0.1459172 0.2358275 -0.1448945 -0.1675238 0.0066123 -0.1001997 0.1381845 -0.2798965 0.0393024 -0.0459428 0.1829995 -0.2421951 0.1474000 -0.2698937 -0.4094056 -0.1425912 0.1589219 0.2610830 0.0941234 -0.4181310 -0.3488066 -0.0856101 0.0643265 -0.1921298 -0.1589995 0.3483496 0.0082622 -0.1278919 -0.2467996 -0.0129815 -0.4596722 -0.1895754 0.2487227 -0.2464438 -0.1042942 -0.2233440 -0.2920303 -0.0555600 -0.1095996 -0.4771991 0.3299032 -0.0476679 0.2505884 -0.1063244 0.0666636 -0.0827645 -0.0713847 -0.2430421 -0.2432549 0.0090710 -0.1616070 -0.2664178 -0.2399439 0.0159693 0.2544469 -0.1030247 -0.1575310 -0.0749955 -0.2176693 -0.1886619 0.0499423 -0.0707835 0.2068069 0.1440429 0.1560841 -0.2228485 0.0648193 -0.1784266 0.1621049 0.2240541 -0.0009128 -0.0162392 0.1153865 0.0148477 -0.0468968 -0.0569190 -0.4025859 0.0805187 0.1436617 -0.0192479 0.1089632 0.4059280 0.4060241 0.4998038 0.1121190 0.1725388 0.2974239 0.0103063 0.3296519 0.3542564 0.3006822 0.1025986 0.0899767 -0.2677872 0.1766005 0.6615888 0.7121477 0.4911083
0.3685880 0.2671635 0.2659309 0.7810878 0.3304420 0.6399283 0.2664479 0.7594084 0.2812998 0.6880509 0.0000000 0.3332517 0.5901737 0.2831103 -0.1732364 0.8988972 0.6609668 0.1301652 0.5329891 0.5885479 0.4835354 0.4337298 0.8271709 0.1174873 0.4168878 0.6965074 0.2553960 -0.2133152 0.3105243 -0.0724443 0.5784747 0.4246981 0.0089359 0.1542471 0.6412569 0.5052553 0.3618330 0.3373221 0.1781335 -0.1159473 0.2756741 0.2866988 0.4147009 -0.1725700 0.0956072 0.5084387 0.3738367 0.2787408 0.4039040 0.3180768 0.4730750 0.2307122 0.7050318 0.1401691 0.4965355 0.4153916 0.2173988 0.4368711 0.6428087 0.3841075 0.2881606 0.6566760 0.7602038 0.3454536 -0.1450805 0.3032845 0.3748344 0.5553110 0.6243683 0.7356342 0.2810397 0.6081413 0.5111178 0.2306986 0.5613426 0.4406881 0.6600397 0.5993012 0.4903340 0.4090390 0.5197083 0.0077780 0.0899672 -0.1030229 0.0682890 -0.0460864 0.2405817 0.1664414 0.0403769 -0.0182310 -0.0881925 -0.0662164 -0.3270420 0.5215057 0.2189087 -0.2238740 -0.2396364 -0.2609785 0.1316672 0.3346967 0.1386352 -0.2644283 -0.1230624 0.5579834 -0.2967796 0.2250806 -0.3098713 -0.2781816 -0.1818569 -0.1559540 -0.1412561 0.0607792 -0.1221539 -0.2119031 0.1537559 -0.0722786 0.1255064 0.2325346 0.2489551 0.4598203 0.3506009 0.1782851 0.1951446 0.1432826 0.4817108 0.2032852 0.2930893 -0.1099566 0.5203700 0.2217731 0.4744721 -0.1203831 0.3116726 0.0593554 -0.1462601 -0.1244233 0.3155354 0.5029375 0.3591891 -0.1393462 -0.1902411 0.1190881 0.3110798 -0.0732824 0.2403717 0.1676667 0.3600595 0.2007605 -0.0989872 0.1189634 -0.2359961 -0.0857491 0.2353024 -0.2530991 0.0558808 -0.0345401 -0.0505408 -0.0746611 0.0349315 -0.0989060 0.1844953 0.1274054 -0.1061996 0.0909308 0.0612873 -0.2267358 -0.2680300 -0.1905784 -0.2072322 -0.0865897 -0.1236112 -0.1735706 0.1939718 0.5025732 0.3857623 0.2547765 0.2387262 0.0627741 0.3110558 0.0909670 0.1018881 0.2125229 0.5623071 0.4745758 0.5217523 -0.2645789 0.3084288 0.1992370 0.4996997 0.4318134 0.2719645 0.1448164 0.1375496 0.0659453 0.2219908 0.3376920 -0.4699016 0.0870845 0.3594251 0.0166573 0.0409667 -0.0623469 -0.0702188 0.1736167 -0.0990203 0.0864773 -0.0420949 -0.2107638 0.1106926 0.1089377 -0.1289961 0.2138803 0.1608150 -0.4089040 -0.0396562 0.3414383 0.3027520 0.3198701
0.1468130 0.6955874 0.3223328 0.3905442 0.4792473 0.5664399 0.8346319 0.4133140 0.2061130 0.1375939 0.3332517 0.0000000 0.2350487 0.1408767 0.1989125 0.2207680 0.2530282 0.2020992 -0.0722097 0.4159655 0.8553984 -0.1147226 0.2812781 0.1485374 -0.2300450 0.0896460 0.2705528 0.0142428 0.2872591 0.0531042 0.1264074 -0.0907184 -0.0068266 0.1253656 0.2887610 0.6357734 0.2034977 -0.2296513 0.1311391 0.0278659 -0.0666229 0.3360357 0.3322610 -0.1262939 -0.0273441 -0.1525885 0.0712914 -0.3217433 0.0900374 -0.4331496 0.1841141 0.3331440 0.3195389 -0.0566664 -0.2141661 -0.3643108 -0.1035184 0.1779843 0.6242300 0.1136378 0.6453469 0.1826008 -0.0850649 0.4216361 0.3710620 -0.1145340 -0.0793206 0.1689683 -0.0440544 0.2111159 -0.1751171 0.4273170 -0.0986559 0.7319985 -0.0388991 -0.0274182 0.5100504 0.0526073 -0.0090885 0.5689790 0.5810406 0.1991492 0.2493567 0.3128373 0.2140579 0.3553672 -0.2268789 -0.0961148 0.0238648 0.0473035 -0.3624888 -0.2762341 -0.0291592 -0.0649150 -0.0983362 -0.0618490 -0.2713226 0.0185506 -0.0833633 -0.0451732 0.0177860 0.0945177 0.1584052 0.1676186 -0.3404140 -0.0676994 0.1406171 0.0698219 -0.1760348 0.4381010 -0.2926302 -0.0145726 0.0271544 0.1485502 0.0976299 0.0336494 0.1352311 0.1643740 0.1340160 0.1931174 0.2139667 0.2411539 -0.0807870 0.3315875 0.1954010 0.1589629 0.1989663 -0.2238023 0.3388596 0.2766284 0.0641932 -0.1072937 -0.1825365 0.1319723 0.1670078 0.0768289 0.3561614 0.3449013 0.1668250 0.4414520 0.0885502 0.2241319 0.1149030 0.3615515 0.3122012 0.1494610 0.3092133 0.3133743 -0.0571300 0.2925317 0.2746945 0.3953257 0.3422790 0.0062993 0.0368482 0.3824763 -0.0861458 0.2739256 -0.0198758 0.4494081 -0.0317052 0.2504904 -0.0961363 0.0454561 -0.0407859 0.2618376 -0.1472201 -0.1259536 -0.1750282 0.0115170 -0.1857283 -0.1899643 0.3352155 0.5763604 0.7992465 0.8569167 0.7930771 0.4645856 0.6319534 0.4431103 0.2894817 0.5084321 0.6251006 0.5731613 0.6358545 0.5424911 0.7577481 0.7538680 0.7706669 0.7616532 -0.0200374 0.6146898 0.2367325 0.3497440 0.1547009 0.4809675 -0.0925223 0.2962660 0.7306826 0.1067571 0.1250810 -0.0133191 -0.0424167 -0.0587587 0.3198432 0.6226029 0.2982449 -0.0677921 -0.2331757 0.3521625 -0.1039179 0.1646352 0.6019683 0.5383795 0.4045108 0.2727576 -0.1094650 0.3911293
0.6667991 0.1724133 0.6666447 0.6509532 0.6323075 0.3633923 0.2821095 0.8506285 -0.2927937 0.0287806 0.5901737 0.2350487 0.0000000 0.0690923 -0.4655262 0.6454131 0.1758730 0.1036896 0.4977265 0.4164553 0.3595577 0.6658982 0.5626572 -0.0509874 0.4582294 0.5666014 0.4009670 -0.1415140 -0.0919924 -0.0246895 0.7880146 0.6075028 -0.1302929 -0.0162305 0.5776945 0.2046170 0.4652889 0.5958146 0.1400146 -0.0831293 0.6544306 -0.1779598 0.3646284 -0.2111973 -0.2094468 0.3628641 0.4187947 0.5335910 0.0065805 0.2164602 0.3746464 0.2004953 0.1610660 -0.0066075 0.4709903 0.4363958 0.3811699 0.0688975 0.1994097 0.3129239 -0.1779206 0.3124698 0.6106710 0.0569757 -0.2065348 0.4737716 0.2028522 0.0756518 0.7097354 0.3663598 0.1625514 0.1310675 0.2565063 0.1293292 0.5590194 0.2803147 0.3200071 0.3093940 0.3212842 0.2416018 0.3982639 -0.0638006 0.1867606 0.1257758 0.0550559 0.2854240 0.4514200 0.2278849 0.1666321 0.1160206 0.0325978 0.1128923 0.1421118 0.3609626 0.2172576 -0.1207604 -0.0503590 0.2286451 0.1063090 0.3176315 0.0066163 0.0494928 -0.1415166 0.0495827 0.0115149 0.1330832 -0.2058265 -0.3701544 -0.0950291 -0.0986115 -0.2627061 -0.0922656 -0.2820341 -0.2987636 0.1759160 -0.1776472 0.0171416 0.4143137 0.1794939 0.5615996 0.4202466 0.1714685 0.2765430 0.2529779 0.5678696 0.2521963 0.4268763 0.0684138 0.3917753 0.2058379 0.2317525 0.0938795 0.2027208 0.0508745 0.1692465 -0.0241982 0.1061786 0.1115011 0.1797075 -0.2225324 0.0264797 0.0102457 0.1926933 -0.0448417 0.3169714 -0.1065619 0.2554950 0.1478560 -0.0085438 -0.0209813 -0.0559698 -0.0917682 0.0955353 -0.1049513 0.0132840 -0.0070673 0.2017554 -0.1467015 0.0252722 0.2017968 -0.0812183 0.1065918 -0.4012373 0.1991564 -0.0338000 -0.3711412 -0.2803910 -0.0234048 -0.0735613 -0.1369467 -0.0714322 -0.0507611 0.4808495 0.5688249 0.1792859 0.2894640 0.4119755 0.3670017 0.6161732 0.5646085 0.4485471 0.4834572 0.2577034 0.3972969 0.3436996 -0.3115811 0.2214446 0.3932744 0.3827047 0.1997849 0.3545861 0.1508606 0.0902298 -0.2039222 0.2176179 0.2019215 -0.2157118 -0.1245700 0.3157345 0.0257843 0.0010374 -0.4432637 -0.2625527 -0.0753720 0.0820851 0.0428983 -0.4062509 -0.2455872 -0.0242796 -0.3127220 -0.3182622 -0.1769562 0.2719429 -0.2778768 -0.3542751 -0.0233589 -0.1782336 0.0844640
0.0924472 0.1652238 -0.1490841 0.1725695 0.0381507 0.3234863 0.1223600 -0.0009330 0.2987610 0.4765479 0.2831103 0.1408767 0.0690923 0.0000000 0.0594534 0.1008902 0.7667412 0.5994591 -0.1675647 0.2274522 0.0681214 0.1026637 0.3910615 0.6708137 -0.2400243 0.1322885 0.6259139 0.8005114 0.4856350 0.8427456 0.2963582 -0.2270299 0.8397206 0.5819192 0.3158323 0.2018854 0.0143892 -0.1484457 0.6853630 0.7282810 0.0860401 0.3131671 0.4777066 0.7410547 0.3819861 0.0146158 0.1489008 0.0333383 0.7166141 0.2147855 0.3310894 0.6617941 0.1499419 0.7409927 0.0840123 0.1281322 -0.0414217 0.6863147 0.0369156 0.2299807 0.0457390 0.4931636 0.2656591 0.0748885 -0.3489035 -0.0683951 0.2812228 0.4355768 0.1199341 0.2561179 0.1642077 0.0988213 0.2966383 -0.1359300 0.3345605 0.0764055 0.0446267 0.2404802 0.1888911 -0.0290027 0.3200349 -0.1249622 0.1757746 0.2078108 0.1778571 0.2273453 -0.0005007 0.0134753 0.1895849 0.0537382 0.0111072 0.1661367 -0.4481524 -0.0462521 0.0760535 -0.2426449 -0.0272739 -0.2831109 0.0733224 -0.2446199 0.0460292 0.0849014 -0.0610305 -0.1339243 -0.1482821 0.1375434 -0.1040965 -0.0724711 0.1465616 -0.4000189 -0.0745374 0.0491585 -0.0653916 -0.2616358 -0.2366958 -0.2247867 -0.1696195 -0.1165176 -0.1591079 -0.0328744 -0.1403530 -0.1579220 0.0514889 -0.5360765 -0.1035790 -0.1650976 0.0166028 0.0189696 -0.0786477 -0.3888431 -0.2412776 0.0452014 0.1034893 -0.5783745 0.2036834 0.1719334 -0.0429698 0.2280456 0.0701792 -0.1829055 0.0786070 0.1978267 0.4752471 -0.3009553 0.0288774 0.2594603 0.1155274 0.1021338 0.2843534 0.1602850 -0.0960608 -0.1406833 0.4586342 0.1240050 0.2780789 -0.1562853 0.1627273 0.2688444 0.3466841 0.0048181 0.4277497 0.2073281 -0.0467046 0.2955254 0.2018189 -0.1178871 -0.0526564 0.1011900 0.2580684 0.3559402 0.0037632 0.1487628 0.2056199 0.0600441 0.1985717 -0.1762965 -0.2071783 -0.0601863 -0.2703830 0.0135891 0.1058933 0.0646584 0.0628275 -0.0092758 -0.1076838 -0.3744728 -0.0383950 -0.0168723 -0.1133603 -0.0007949 -0.0861617 -0.2789247 0.1484811 -0.3307182 -0.1476430 -0.3417118 -0.4161557 0.2963188 0.2087981 -0.1143211 -0.2984721 -0.0091491 0.1376474 -0.0570228 -0.0886740 0.0573042 -0.0367924 -0.1883015 -0.0921464 -0.0335054 -0.2166617 -0.4988374 -0.1342995 -0.1184820 -0.2504058 0.1937772 0.1652145 0.1913485
-0.5838808 -0.0516005 -0.4285110 -0.2876976 -0.2890989 -0.1045478 0.0000216 -0.3306746 0.6304733 0.2968076 -0.1732364 0.1989125 -0.4655262 0.0594534 0.0000000 -0.1510872 0.0375961 0.4391208 0.1003475 0.1225656 -0.0026405 -0.1068312 -0.1564104 0.5955172 0.0849076 0.0080433 -0.5143869 0.1629101 0.2697282 0.0658975 -0.1441930 -0.0461173 0.2707443 0.1367018 -0.1940347 0.0308655 0.1510385 -0.0112671 0.1594253 0.2576084 -0.0978708 0.2388211 -0.0171819 0.1303753 0.1941795 0.1738011 0.2448597 -0.0772628 0.1032045 0.0921779 0.1654498 0.2503952 -0.0103644 0.1767212 0.0179412 0.0171991 0.2611384 0.0706813 -0.0933489 0.2083784 0.1714851 0.1751611 -0.0945109 0.0739321 0.1933161 0.2361994 0.2335834 0.3376239 -0.0853309 -0.0071371 0.2343023 -0.0383027 0.1627000 0.0643797 0.0055899 0.1642232 -0.0796254 0.2086185 0.2406244 0.2935719 -0.0618379 0.1954671 -0.1397616 -0.1123364 0.0894290 -0.2060890 -0.4282640 0.0254242 -0.1398457 -0.1118379 -0.0188279 -0.1810212 -0.2350571 -0.1535845 -0.0502808 0.0007297 -0.2660137 -0.1767872 0.0436696 -0.1304337 0.1511764 -0.1829848 0.1529516 0.2532390 -0.1100969 0.0603473 0.0427582 0.3125722 -0.0019648 0.4393058 0.2161495 0.1737500 0.3296676 0.3234677 -0.0663740 0.2822204 0.0842391 -0.4566383 -0.1363256 -0.3198949 -0.1939165 -0.0379745 -0.1846505 -0.1960063 -0.1862517 -0.2137584 -0.0732542 -0.2264408 -0.2073232 0.2333679 0.0597349 -0.1603757 -0.2167441 0.0224458 -0.2682332 -0.0838199 0.1610116 0.0826973 -0.1039729 -0.0895789 -0.2306250 -0.0191850 -0.2321516 -0.1000818 -0.2114881 0.3928676 -0.2679436 -0.2021740 -0.3876880 0.1118973 -0.0574858 0.0348369 0.0615958 -0.1109180 -0.3880184 -0.2745645 -0.4447687 0.1159376 -0.3092486 -0.2848351 -0.1331396 0.0366451 0.3092445 -0.3565083 -0.1297491 0.2891647 0.1409303 -0.3065092 -0.3116516 0.0877343 -0.2327374 -0.3530711 -0.6249399 -0.3453908 0.1180198 -0.0648649 0.0339947 0.0978391 -0.2682246 -0.0985042 0.0446323 -0.0466974 -0.0739013 0.0013206 -0.1318772 0.2040208 -0.1752395 -0.1624168 -0.0981583 -0.0392234 -0.2511137 0.0327696 -0.1492544 0.2390309 -0.1501979 0.0309032 -0.0688294 0.1569388 0.0197879 -0.0267181 0.0135782 0.5683368 0.4742164 0.4565092 0.2254675 0.3756124 0.7432809 0.2044795 0.0742683 0.5931515 0.3522483 0.1916200 0.0665361 0.1751514 0.4614082 0.6429795 0.4608893 0.2307647
0.2588921 0.0732846 0.1716168 0.6492071 0.2383973 0.5668487 0.2100272 0.7392998 0.1895265 0.5391879 0.8988972 0.2207680 0.6454131 0.1008902 -0.1510872 0.0000000 0.4665120 -0.0040757 0.7812924 0.5306359 0.3875508 0.6693326 0.8176137 0.0924396 0.6413067 0.8620027 0.0686635 -0.3373654 0.1787698 -0.2232342 0.7131331 0.4372244 -0.0963088 0.0025283 0.6366148 0.4273018 0.5699663 0.4918024 0.1675237 -0.1608402 0.3420966 0.0889717 0.3916168 -0.2676251 -0.0537159 0.6512076 0.5575015 0.3178755 0.2116675 0.3099829 0.5666716 0.2025356 0.5544007 0.0570442 0.4925871 0.5434383 0.4717946 0.2378580 0.4965691 0.5227128 0.0998781 0.6191310 0.7150594 0.1387965 -0.2095218 0.4719388 0.5555554 0.4926694 0.7744166 0.6519830 0.5213820 0.3446072 0.6486343 0.1176524 0.7223166 0.5916188 0.4559348 0.7462910 0.6618181 0.2397505 0.4515158 -0.0464621 0.0000472 -0.1469281 0.0708117 -0.1508750 0.1757927 0.2683229 -0.0138529 0.0068845 -0.0409685 -0.0662647 -0.1852587 0.5921330 0.2637388 -0.2321860 -0.2190993 -0.2624780 0.1951197 0.4427894 0.1385267 -0.4084533 -0.1966324 0.5445730 -0.1935245 0.2479469 -0.3865847 -0.3566662 -0.2576762 0.0006486 -0.1397529 -0.0274812 -0.2316365 -0.2752836 0.1219607 -0.1435301 0.0612631 0.1878760 0.1442705 0.4186294 0.3436690 0.1713241 0.3151424 0.1729696 0.5726989 0.1173705 0.2210457 -0.0533200 0.4220820 0.2856705 0.4813678 -0.0621084 0.1802902 0.1839877 -0.0610041 -0.2175515 0.1590131 0.3696787 0.1556526 -0.1007198 -0.2161666 0.1368027 0.3204610 -0.0452399 0.2004280 0.0850492 0.2171199 0.1165149 -0.2097746 0.1461308 -0.1399636 -0.1065338 0.1835824 -0.3309894 0.0270484 -0.0869944 -0.0261609 -0.1375943 -0.0231568 -0.0867797 0.2312508 0.2030279 -0.1922220 0.0729160 0.1452308 -0.3064096 -0.3281090 -0.2772642 -0.2709658 -0.0321751 -0.1279962 -0.2063669 0.1464019 0.5287497 0.2883732 0.2543545 0.3220066 0.1796164 0.4135978 0.1762097 0.1383749 0.2981176 0.5317931 0.5460714 0.5129558 -0.2809202 0.2930579 0.2241499 0.3813796 0.2705846 0.1785648 0.0232175 0.1815546 -0.1019302 0.1357275 0.2909409 -0.4191967 0.1703364 0.2830328 -0.1393279 0.0384289 -0.0688640 -0.0625501 0.2167499 -0.1624610 0.0966809 -0.0244156 0.0637927 0.0428995 0.1880326 -0.1164878 0.3103212 0.1341026 -0.4422217 -0.0591477 0.2275532 0.2876777 0.2964528
0.1971304 0.2015088 -0.0310779 0.4505005 0.2444340 0.4730871 0.2453981 0.2411211 0.4930084 0.7895883 0.6609668 0.2530282 0.1758730 0.7667412 0.0375961 0.4665120 0.0000000 0.4283282 0.0442154 0.4870304 0.2132559 0.1205419 0.7764311 0.4408933 -0.0282903 0.3905461 0.5836449 0.3403006 0.4272879 0.4429849 0.3343182 0.0812158 0.4868741 0.3410375 0.5341920 0.3024407 0.1097386 -0.0051981 0.4503020 0.3460292 0.2367214 0.3114793 0.6200228 0.3256129 0.2376104 0.1751561 0.2060285 0.1675282 0.6752607 0.2252765 0.4401958 0.4645647 0.4322799 0.5085696 0.2862390 0.1114777 -0.0153407 0.7343139 0.2918539 0.2722944 0.2230560 0.5938859 0.4481681 0.3664109 -0.1088026 0.0916292 0.2814006 0.6141583 0.1730217 0.4882542 0.1858591 0.4987350 0.3927069 0.1203033 0.3592557 0.1973220 0.3883697 0.3200357 0.2002210 0.3690291 0.2855325 -0.0359210 0.1450735 0.1152407 0.2217065 0.0683214 0.0222407 0.1729501 0.1030565 0.0597418 -0.0421597 0.1608411 -0.3952208 0.3674946 0.2027051 -0.2228812 -0.0775750 -0.2512987 0.2188201 0.0852515 0.1277585 -0.0395527 0.0419394 0.1927294 -0.2012832 0.1740087 -0.0691713 -0.0845071 0.0594999 -0.2610702 -0.1059795 0.1244622 -0.0790049 -0.1784190 -0.0157620 -0.1130937 0.0373573 0.0638997 0.1346137 0.2801600 0.1367623 0.0843356 0.0734382 -0.2997510 0.2108311 0.2039306 0.1773899 -0.0970072 0.2508080 -0.2354704 0.1056579 0.0303812 0.3620527 -0.4692262 -0.0677790 0.1008898 0.2099300 0.4595733 0.2837352 -0.2070912 0.0033283 0.3109077 0.3329004 -0.0571414 0.1976621 0.1648305 0.3193860 0.2298797 0.1273640 0.2624773 -0.1792939 0.0420938 0.5014441 0.0274346 0.2482538 0.0068962 0.0952893 0.2748385 0.2397502 -0.1198756 0.3855998 0.2448835 -0.1181009 0.1458647 0.1825221 -0.0007168 -0.0574480 0.0469114 0.0696208 0.2376428 -0.0005139 -0.0117353 0.1712198 0.1309895 0.3254068 -0.0270701 -0.0981686 0.0296066 -0.1495494 -0.0491382 0.0437578 -0.0096788 0.1644924 0.0474814 0.0981194 -0.2185259 0.1491155 0.0955278 0.2039938 0.2737340 0.1914093 0.0034750 0.3362487 -0.1311154 0.2110095 -0.1363212 -0.3518199 0.3328783 0.3778263 0.1948419 -0.2040366 0.0224843 -0.0342480 -0.0436940 0.0637062 0.2033264 0.2205314 0.0033034 -0.0399500 0.1389508 -0.2633670 -0.2762567 0.0899259 -0.1927461 0.1305607 0.4396079 0.3520589 0.3255873
