0.0000000 0.3989039 0.3715416 0.0030335 0.0880237 0.2114134 0.1095924 0.2086083 0.4711369 0.0950717 -0.1948282 0.5130644 0.3616235 -0.3260005 0.3160391 -0.3953414 -0.2733661 0.0387826 0.0109555 -0.0283412 -0.0348775 0.2706188 -0.5619315 -0.1439632 -0.0694165 -0.2009982 -0.2049387 -0.1502775 0.0551487 0.0492054 0.0279205 -0.3696679 -0.0196210 0.2611034 -0.2690857 -0.0549368 -0.0485746 -0.0684795 -0.2091713 -0.5606143 0.3085295 0.1474119 -0.3191618 -0.5825126 0.1591055 -0.3703597 -0.3662071 0.1077686 -0.1505202 -0.1863555 -0.4712249 -0.3758486 0.3620584 -0.6487405 -0.0470589 -0.2575886 -0.1986487 -0.2793394 0.0598496 -0.4288939 0.3375301 -0.4538350 0.2318967 0.0994069 0.1166988 0.2501982 -0.2990538 -0.2134930 0.3501209 -0.0647410 0.0741413 0.3667908 -0.2710445 0.4562932 0.0624384 -0.0589466 0.1325196 0.1536250 -0.0323526 0.1298198 0.0959050 0.3720547 0.4431734 0.2277410 0.3462585 0.1918976 0.0421439 0.4135103 0.2369583 0.2151484 -0.3171817 -0.3252104 -0.1100222 0.1660406 -0.6161352 -0.4078147 -0.4064430 0.0018162 -0.4744787 0.2607378 0.4116137 -0.1097187 0.3439055 0.3419337 -0.1408185 -0.5618394 0.1895919 0.1655934 0.2317661 0.3029859 -0.1285980 0.0423066 0.0379112 0.0218291 0.3027688 0.1086341 0.0769062 0.2101274 0.1019817 0.3682860 0.2415270 0.0768132 0.2165026 0.0609021 0.5416989 -0.0005804 0.1325455 -0.1270023 0.3323770 0.3297756 0.2610140 -0.0179346 0.1245303 -0.0478216 0.4091332 0.0343786 0.3495306 0.1134252 -0.1484058 0.2019757 -0.0912789 0.3681255 0.5127461 -0.0874035 0.3096958 -0.0606656 0.2849580 0.4419058 -0.0509568 0.7206127 0.5214190 0.1560717 0.2575593 -0.0485376 0.0752153 0.0843243 -0.2087463 0.3253054 0.0367020 0.4553707 -0.0141741 0.4883571 0.2617343 0.2949932 -0.0887743 0.1956593 0.1132238 -0.0940741 -0.2984346 0.1525721 -0.0869564 -0.1772224 0.7430295 0.5391223 0.4533439 -0.0509688 0.0714232 0.1794802 0.1751668 0.3984712 0.5084985 0.6353733 0.4525107 0.7661547 0.5595905 0.3046389 0.2543911 0.4672668 0.5121000 0.3501381 0.1404265 0.2211461 0.2522335 0.2574781 -0.1215711 0.1511844 -0.3079486 0.3006769 0.1066820 -0.1059495 -0.3799433 -0.4294280 0.1764207 -0.0796572 0.1051989 -0.0453748 -0.5992295 -0.0283000 -0.3984132 -0.4339430 0.0730943 -0.5976710 -0.1927560 -0.3871725 -0.4318495 -0.0760527 -0.2061226 -0.3090066
0.3989039 0.0000000 0.8198410 0.2680270 0.7159419 0.4442586 -0.1962149 -0.0999748 0.1865110 -0.0342435 -0.3717096 0.2108427 0.4970328 -0.4001583 -0.0980590 -0.6490808 -0.3125551 -0.2488446 -0.2546883 0.4431104 0.3445961 0.2752504 -0.5675548 0.0660847 -0.4214607 -0.4311763 0.0244647 0.0091834 -0.0570361 -0.3036072 0.0562365 -0.4069413 0.0925570 0.1380933 -0.3070549 -0.1225395 -0.1351028 0.2264608 -0.3195180 -0.2815564 0.5072653 -0.0487309 -0.2349486 -0.4472937 -0.1898454 -0.3282012 -0.2024542 0.5757765 -0.0158522 0.4248381 -0.2668821 0.0803023 0.3726063 -0.3576546 0.5262997 -0.1997734 -0.1583736 -0.2637682 -0.0423137 -0.1962529 0.3296012 -0.0945988 0.4274135 -0.1429448 0.2267542 0.2128232 -0.1631899 -0.2897431 0.2191032 -0.2250207 -0.3056894 0.0480118 -0.3246324 0.1887370 -0.2599466 -0.4762955 -0.2654045 -0.4117590 -0.4433151 -0.3559880 -0.2649555 -0.0882990 0.0192498 -0.0547155 -0.0268833 -0.2962714 -0.4511507 -0.0994615 -0.2339562 -0.2895035 -0.2958840 0.2877354 -0.1604185 -0.3515000 -0.4225643 0.0929312 -0.0622565 -0.2982415 -0.3333796 -0.2777815 -0.2251593 -0.0899776 0.0710217 -0.3971439 -0.0477634 -0.1803337 -0.0449011 0.1797442 0.1950318 0.0896251 -0.1276994 0.0501349 0.2812621 0.0762525 -0.0577406 0.1253813 0.0168843 -0.2877095 -0.0153758 0.2745457 0.3182082 -0.1971477 0.5683630 -0.1328751 0.4097701 0.3783120 0.1267314 -0.3284422 0.3478439 -0.2561936 0.2189433 -0.3498480 -0.0652149 -0.1261246 0.0594120 -0.1110969 -0.3735189 -0.0713186 0.0099939 -0.0621276 -0.0986697 -0.0297323 -0.1188378 -0.1096476 -0.1580784 -0.2878061 -0.1900245 -0.1604996 -0.3242302 0.1072229 0.3610814 -0.0694900 -0.0830935 -0.0201114 -0.6604683 -0.0957859 -0.0082619 -0.1121615 0.1489265 0.2974776 -0.0275845 0.3274898 0.0165947 0.3751589 -0.2475305 -0.0879624 0.1136826 -0.0768993 -0.0605634 0.2112762 -0.0758264 -0.3136159 0.3499392 0.0255609 0.5353007 -0.0753964 0.2535860 0.1770608 0.5391020 0.4544875 0.3916077 0.5719778 0.3863203 0.4912246 0.6785309 0.3966807 0.5423717 0.4754240 0.4586097 0.0584866 0.2698549 0.2344275 0.4729792 0.1594890 0.3353029 -0.1229053 0.3989056 0.1976231 0.2357414 0.3603215 0.1883766 -0.2205564 0.0668711 0.2525715 0.2696796 -0.0237683 -0.3611764 0.0524889 0.2531767 -0.2687739 0.0150646 -0.2464369 0.4410129 -0.4009031 -0.4988662 0.0568153 0.2041516 0.0732333
0.3715416 0.8198410 0.0000000 0.4598203 0.8817689 0.4749955 -0.3603900 0.2046671 0.1642766 0.2352504 -0.0042446 0.0542544 0.7804056 -0.1603608 0.0531523 -0.3220123 -0.0735346 -0.2759937 -0.0658684 0.5963256 0.1509288 0.3983510 -0.3565830 -0.0884769 -0.2107033 -0.1490421 0.0912301 -0.0189484 -0.1036204 -0.3533057 0.2155820 -0.2293300 -0.1453359 -0.0038285 -0.1802226 -0.1750980 0.0432789 0.3216166 -0.1095353 -0.0909239 0.6365333 -0.0068141 -0.1044113 -0.4161295 -0.0548431 -0.3435442 -0.2037869 0.7070710 -0.2051164 0.3815508 -0.2016533 0.0403900 0.2656366 -0.4404884 0.6295654 -0.2147132 -0.0887845 -0.4419862 0.0431618 -0.1595830 0.1406477 -0.1791537 0.6774008 -0.0685868 0.3118942 0.2371606 -0.0858026 -0.2562867 0.3001892 -0.1467942 -0.1280197 0.0676108 -0.0907359 0.4094868 -0.1055879 -0.1035920 -0.0925429 -0.0812616 -0.0750165 -0.2050183 0.0848666 -0.1322667 0.1007782 0.0831311 0.1480625 -0.1437913 -0.3477103 0.2593631 -0.2074349 -0.1268605 -0.2510696 0.2658871 -0.1288745 -0.0325029 -0.3435974 0.0978832 0.0483991 -0.3120894 -0.3183771 -0.1405044 -0.0677478 0.0010080 0.3392829 -0.0725410 -0.1097433 -0.0335944 0.0969766 0.2803185 0.1651513 0.1599308 -0.1016489 -0.0054727 0.2817997 0.1407604 -0.0107634 0.1739674 0.0521390 -0.1406172 -0.0312786 0.3586371 0.4372859 -0.1440944 0.4637410 -0.2040175 0.3792122 0.4315189 0.2691080 -0.1225774 0.3302244 -0.1447198 0.1991966 -0.0600403 -0.0112743 -0.4099508 0.3750694 -0.0849581 -0.3594693 0.0992252 0.0758304 -0.2173978 -0.2713031 0.1313003 0.0246031 -0.2066326 -0.1874131 -0.3877588 -0.1822798 -0.1132550 -0.2721526 0.0002164 0.2659437 -0.1733371 -0.0219471 -0.2246423 -0.3587721 -0.1984953 0.0911178 -0.1840734 0.3429456 0.5077625 0.1844735 0.2414063 -0.1861770 0.4599365 -0.1518810 -0.2520829 -0.0944946 -0.2379199 -0.0824244 0.4007939 -0.2401999 -0.2921281 0.2000940 -0.0452178 0.3449561 -0.2295095 -0.0134159 0.2312952 0.2315695 0.3871684 0.5730450 0.4956987 0.4659322 0.5100062 0.6335886 0.5616940 0.6478502 0.7759153 0.5442788 0.1796269 0.2316824 -0.0298049 0.1885240 0.3424845 0.3207022 0.1225134 0.1949668 -0.1083730 0.1815453 0.4168974 0.1123205 -0.2429998 0.0416749 0.1887231 0.2272291 0.2764765 -0.4323699 -0.1629929 0.0840130 -0.2823793 -0.0282979 -0.4275053 0.5302738 -0.5728368 -0.6281356 0.0170053 0.1544301 0.0904457
0.0030335 0.2680270 0.4598203 0.0000000 0.4009364 0.7563856 -0.1489901 0.7213285 0.2481175 0.6492006 0.6255732 0.0517524 0.7409228 0.0871245 0.1533521 0.3350857 0.2322942 -0.1469035 0.3716830 0.3021434 0.3726495 0.8047081 0.2207739 0.2426219 0.3348428 0.4948386 -0.2410229 -0.0746600 0.2142688 -0.5184994 0.5728092 0.2178005 0.0347842 0.3269723 0.1258514 0.1576916 0.3722478 0.4114384 -0.0553017 0.1550868 0.4147023 0.2541809 -0.1328767 -0.1452826 0.4686547 0.0503090 0.1151156 0.3902310 0.1414067 0.4230104 0.0795157 -0.1536222 0.5342792 -0.0985741 0.4571529 0.2024748 0.2058145 -0.0077858 -0.2157941 0.0425290 0.1581589 -0.1799860 0.7980037 0.5297754 0.7226709 0.2182458 0.1326534 0.2435848 0.3597103 0.3859493 0.3325032 0.4652970 0.3435977 0.5874358 0.2422332 0.4282074 0.5111977 0.4317478 0.4711028 0.3764823 0.4189820 0.1397512 0.1787159 0.1726082 0.2241230 -0.2236538 -0.2988605 0.1951926 -0.1066495 0.1211472 -0.1837124 0.1377034 -0.5097412 -0.1426554 -0.1272361 0.0951021 -0.0422693 -0.5644321 -0.2898468 -0.1327532 0.1001553 -0.2395990 -0.0713725 -0.0157755 -0.0685826 -0.0153731 -0.2298234 -0.1294345 -0.2232115 0.2269122 -0.3200169 0.0489417 0.0004413 -0.1221138 0.0487137 0.0890630 -0.0657983 -0.2084501 -0.0808226 0.2847601 -0.0676337 -0.3872778 0.0845784 -0.4473035 0.1613485 0.0665640 -0.1294578 0.0198655 -0.0416841 -0.1729652 -0.2504093 0.3131896 -0.2454740 0.1184657 0.0126115 -0.0926036 -0.2425289 -0.2108016 -0.2192272 -0.0149461 -0.1211133 0.0765992 0.2618541 -0.1604774 -0.5873179 -0.4177860 -0.3698205 -0.3045115 -0.4539950 -0.1361833 -0.1628538 -0.4954872 -0.3476188 -0.2076661 -0.0126618 -0.3139523 -0.2983661 -0.4854230 0.0120206 0.2355334 -0.0638226 -0.3047442 -0.3270551 0.0560909 -0.6220369 -0.4228769 -0.3824448 -0.4007753 -0.1404829 0.0481977 -0.3136396 -0.2400825 -0.0723841 -0.2009290 0.0107919 -0.5042636 -0.1726926 0.0534798 0.2213245 0.5734187 0.4162799 0.4809080 0.4270058 0.1295875 0.0029019 0.3480356 -0.0091685 0.3602322 0.3039615 0.4860387 0.2097815 0.2343125 -0.0878919 -0.0178200 0.0823277 -0.0296156 0.0620847 -0.4522136 0.3427959 0.2663234 -0.0010565 -0.0778692 -0.1489299 -0.1203766 -0.1550116 0.4756305 -0.0936665 -0.0451258 -0.0848206 -0.2224449 -0.1653281 -0.2621307 0.3183685 -0.0655627 -0.1720043 0.4140400 0.1856627 0.1682320
0.0880237 0.7159419 0.8817689 0.4009364 0.0000000 0.3346144 -0.5653032 0.1181577 -0.0491346 0.2810681 0.0842885 -0.2368268 0.5612760 -0.1296227 -0.1557311 -0.2380387 0.1037777 -0.5348072 -0.1130428 0.6231684 0.0153342 0.3371477 -0.1985803 -0.1746727 -0.2430308 -0.2120461 0.2516166 0.0286558 -0.2497213 -0.2749755 0.0461202 -0.1464113 -0.1321179 -0.0752216 -0.2166269 -0.1899376 -0.1159314 0.1657850 -0.0797879 0.0990754 0.4879685 -0.0844460 -0.0931105 -0.2109243 -0.1507072 -0.2997874 -0.2309174 0.5990408 -0.1984691 0.4125703 -0.2362419 0.0298166 0.0572708 -0.2621671 0.5835633 -0.1429471 -0.1378591 -0.3742938 0.0121927 -0.1938934 -0.0223131 -0.1324626 0.5921884 -0.1572817 0.2396465 0.1881003 -0.1624248 -0.1815712 0.2383709 -0.2038262 -0.1297420 -0.1534213 -0.1321259 0.1828401 -0.1323889 -0.1368762 -0.2196977 -0.1090816 -0.1089675 -0.2740221 0.0010032 -0.1012656 0.0063936 0.0448712 0.0067761 -0.2520488 -0.4617113 0.0502484 -0.2532859 -0.2096472 -0.2564022 0.3306693 -0.0976694 -0.0389190 -0.2487674 0.2000019 0.1640657 -0.3197026 -0.1940217 -0.1234866 -0.1843929 -0.0874816 0.1675783 -0.1158149 -0.0158199 0.0985030 0.0227091 0.2678112 0.0654794 0.1056623 -0.0070719 -0.0602065 0.2294735 0.1656903 -0.0349005 0.0960649 0.0328417 -0.2618060 -0.1081736 0.1876879 0.2903161 -0.1933950 0.3981449 -0.3987692 0.1191373 0.4219633 0.1813146 -0.1004280 0.2314306 -0.3088980 0.0924422 -0.0910265 -0.2383068 -0.5259461 0.1903775 -0.1610684 -0.5133666 0.0126410 0.0338027 -0.3795328 -0.2073974 0.0900447 -0.1787531 -0.1376930 -0.2680893 -0.2258196 -0.3701152 -0.3317029 -0.2602749 -0.1346295 0.1598722 -0.1050316 -0.1910378 -0.1556986 -0.3887343 -0.2968955 0.2305112 -0.2817750 0.4050730 0.3286486 0.2445555 0.1857766 -0.2501226 0.3750746 -0.1038002 -0.3175819 -0.1059673 -0.2105321 -0.1697813 0.1682652 -0.2121781 -0.4088294 0.0686681 -0.1537130 0.1651558 -0.2536382 -0.1328925 0.0700448 0.0763932 0.1017038 0.3769297 0.2873269 0.3031592 0.3009913 0.4833889 0.4752067 0.6328445 0.5725375 0.2378149 -0.1081353 0.2158980 -0.2528511 0.0044803 0.2320050 0.3298028 0.0503789 0.3758000 -0.2264541 0.0366631 0.5623812 0.0714593 -0.2884709 -0.0494175 0.0865334 0.1564535 0.1923034 -0.2112123 -0.2269224 0.0374791 -0.3368562 -0.1528192 -0.3888350 0.4757355 -0.5650094 -0.5258664 -0.1363528 0.2121303 0.1264921
0.2114134 0.4442586 0.4749955 0.7563856 0.3346144 0.0000000 0.1137034 0.5020805 0.6784051 0.6332363 0.3552057 0.5445396 0.6900557 0.2016126 0.3765835 0.0750841 0.0663417 0.0597226 0.2604565 0.2614568 0.6215322 0.6263209 0.0108082 0.5334323 0.2048549 0.3825717 -0.3049056 0.1049754 0.5284906 -0.3111309 0.4863170 0.0754988 0.1977864 0.6507184 0.1223159 0.2713009 0.4687987 0.4833231 -0.1422934 0.1040006 0.5417476 0.3359177 -0.1149583 -0.1743538 0.5088528 0.1239717 0.1545997 0.5350341 0.3044661 0.4524338 0.0754148 -0.0451196 0.7611708 -0.0132661 0.5187731 0.2620677 0.3271860 0.1414631 -0.0885069 0.0994364 0.3955910 -0.0516841 0.6800822 0.5679807 0.6412063 0.4483396 0.1628538 0.2897046 0.3910733 0.4300561 0.2653491 0.5711143 0.3135679 0.5790635 0.2221165 0.2525168 0.4571274 0.2451115 0.3204060 0.4259774 0.2941607 -0.0670236 0.3176605 0.3918266 0.4379600 -0.0784900 -0.3226022 0.3310639 0.0765730 0.3480775 -0.0814879 0.1228913 -0.5386084 -0.1546018 -0.2036199 0.1299155 -0.1348988 -0.3879575 -0.3181807 -0.0652101 0.2625778 -0.1360775 0.1649799 -0.1258151 0.0015198 0.0158879 -0.0031073 -0.0024662 -0.0721679 0.4850558 -0.1446669 0.3257396 0.2655781 0.1063885 0.3473196 0.4498993 0.2229905 0.0945940 0.3043963 0.4358988 0.2580450 -0.0514723 0.3006627 -0.3074141 0.3570425 -0.0018864 0.0356877 0.1488033 0.1077839 0.1287348 0.0345793 0.1722061 -0.1286258 0.2656790 -0.1136039 0.0987987 -0.0717850 -0.2942000 -0.2804326 0.2021789 0.0363863 0.0690932 0.4013045 -0.0795136 -0.5968511 -0.1708429 -0.3584706 -0.2650628 -0.3681925 0.1345000 0.2820733 -0.2470074 -0.2918824 0.0634671 -0.0155184 -0.0155409 -0.1786923 -0.2808008 -0.0282499 0.4185296 -0.0700644 -0.0406731 -0.0545230 0.2545528 -0.4293358 -0.0853322 -0.1014444 -0.2679744 -0.1033309 0.2186218 -0.1707213 -0.4067191 0.2338286 0.0940260 0.4110538 -0.1501000 0.2928929 0.3202118 0.4558924 0.7356853 0.4657942 0.5899477 0.4472349 0.2337487 0.2095572 0.4070266 0.2019881 0.3942037 0.4650317 0.4967976 0.2841928 0.4530312 0.2700783 0.0402370 0.0869328 -0.0178543 0.0729668 0.0200109 0.6798298 0.0705840 -0.0218822 -0.1906443 -0.2362463 -0.1828589 -0.2344956 0.1070727 -0.2740954 0.0358066 -0.0348040 -0.2178372 -0.2208325 -0.4095365 0.2417161 -0.1818088 -0.0173013 0.4421872 0.1581306 -0.0785436
0.1095924 -0.1962149 -0.3603900 -0.1489901 -0.5653032 0.1137034 0.0000000 0.0759997 0.2022568 0.0185624 -0.0758449 0.5262759 -0.0883541 0.1328059 0.3392685 0.1572137 -0.2059204 0.2960638 0.2103114 -0.6849723 0.1759043 -0.0987246 0.0130514 0.1739513 0.2368764 0.1670062 -0.5718296 0.1688514 0.3954020 -0.0043118 0.1997143 0.1631736 -0.0260656 0.1979200 0.0323380 0.2792800 0.0989712 0.1218137 0.2273811 -0.1201263 -0.2899891 0.4193767 -0.0360985 -0.2378465 0.4601401 0.3246537 0.0783860 -0.3296238 0.1133655 -0.1714853 0.0113426 0.1804933 0.2450268 -0.0811512 -0.0168815 0.2920697 0.0952805 0.1412722 0.2714244 -0.0184189 0.4168478 -0.0663527 -0.0483049 0.2967691 0.2069558 -0.0605998 -0.0851463 0.0685426 0.0321159 0.2236607 -0.0756746 0.3962596 -0.0012848 0.2940162 0.1702659 0.1531999 0.3483035 0.0910662 0.1925044 0.2018398 0.2619135 0.1492946 0.3528207 0.2464875 0.3554041 0.5296661 0.4391324 0.2731972 0.4972222 0.5107327 0.4422150 0.0532329 0.0565817 0.2143299 0.2085433 -0.1443556 -0.2635563 0.2863253 0.3898359 0.4384017 0.5496107 0.5173897 0.3244328 0.1613661 0.0256407 0.0597648 0.2901069 -0.0044372 0.3429819 0.2262504 0.1228189 0.3386896 0.2529307 0.1025520 0.2430268 0.3943042 0.1833472 0.2828545 0.3893881 0.0842027 0.0258306 0.2201629 0.2817127 0.2915996 0.1778826 0.0298716 -0.0254537 0.2235968 0.2845732 0.4971978 0.2195098 0.3904145 0.2427142 0.4809886 0.0313126 0.5300097 0.5401081 0.2246850 0.0662478 0.4521986 0.3830820 0.0885482 0.3896095 0.4132169 0.2409990 0.0247877 0.2988670 0.3355375 0.1613636 0.2137822 0.1444933 0.3054865 0.1857321 0.1318736 0.1152377 0.2755212 -0.1714038 0.2996037 -0.2780981 0.3075268 -0.1599559 0.1396502 0.1966579 0.1001272 -0.1259303 0.1767466 0.0365569 0.0071493 0.2829356 0.2449818 0.2219319 0.0511538 0.1617945 0.3077684 0.4822530 0.3576712 0.3688350 0.2527529 0.0873565 0.1348266 0.0210804 0.0901058 0.1129934 0.0360588 -0.0950121 -0.1346362 -0.2848538 -0.0935138 0.2833191 0.3834910 0.0153788 0.5057369 0.3190035 -0.1624798 0.0471623 0.1413583 0.0307197 0.4123456 0.2313472 -0.2308417 -0.0694795 0.2793762 -0.2570509 -0.2682021 -0.3794718 0.1048640 0.1735091 0.0300430 -0.1154367 0.3518487 0.0091686 0.0359390 -0.3812435 0.6192238 0.1753540 0.4729163 0.0032775 -0.0046609
0.2086083 -0.0999748 0.2046671 0.7213285 0.1181577 0.5020805 0.0759997 0.0000000 0.3363483 0.7848023 0.8356981 0.1015576 0.6383560 0.2863826 0.2039584 0.6214591 0.4074539 -0.0960061 0.7722955 0.0366213 -0.0422089 0.7626177 0.3704803 0.0152674 0.7385890 0.7072535 -0.1170221 0.0081345 0.1433178 -0.2310907 0.5893748 0.4726739 -0.0115359 0.4147517 0.2010552 0.2646871 0.4666611 0.4097028 0.2380084 0.1376280 0.3133313 0.4580815 0.0868792 -0.1290420 0.7329444 0.2486313 0.0648055 0.2213154 0.1172768 0.1264967 -0.0092673 -0.0955168 0.4797440 -0.0938026 0.3648156 0.3687440 0.3040183 0.1703742 0.1505931 -0.0330710 0.2866172 -0.2182103 0.6185346 0.7174993 0.7080709 0.3424808 0.0860344 0.5302693 0.5789199 0.6056602 0.6223174 0.6414558 0.5155858 0.8084010 0.6339848 0.7956226 0.8116510 0.8505610 0.8493109 0.7005167 0.7926690 0.1304092 0.3692031 0.5149310 0.5809083 0.2702359 -0.1146565 0.4803924 0.3495717 0.4835252 0.0476249 0.0553795 -0.3160393 0.2849074 -0.0416601 -0.1500313 -0.1598983 -0.3374572 -0.0059741 0.2862693 0.5653454 -0.0463316 0.1775654 0.4794687 -0.1008546 -0.0322792 0.0222356 -0.0798802 -0.0499045 0.3898685 -0.0451384 -0.0940145 -0.1527243 -0.1395690 0.2651401 0.0407110 -0.0789754 0.1223965 -0.1254972 0.2043935 -0.2126440 -0.2468882 0.0815577 -0.5327030 0.0725199 0.0525640 -0.1887022 0.3624016 -0.0261255 0.0802512 -0.2056023 0.5637297 -0.2949495 -0.0097679 0.2838434 0.1245596 0.1325223 -0.1374000 -0.3351840 -0.0823122 0.0960134 0.2521713 0.6761054 0.0615190 -0.2821877 -0.1205695 -0.1956105 -0.0900667 -0.1170528 0.1256362 -0.0600201 -0.0975505 -0.2553698 -0.0482087 0.2698681 -0.1458553 -0.2411015 -0.1386620 0.0893557 0.5139528 0.0876450 -0.2360504 -0.1151692 0.2912398 -0.5033936 -0.1462215 -0.2826395 -0.3292731 -0.0853309 0.1386700 -0.1674596 -0.3128753 0.0930411 0.1471879 0.0088757 -0.3478324 -0.2491709 0.0927592 -0.1494808 0.4168087 0.4706173 0.4589243 0.6172518 0.3122533 0.0862473 0.3544542 -0.0121737 0.4290433 0.4080219 0.5587245 0.1084913 0.1544682 -0.1944243 0.0568835 -0.0756798 0.1561432 -0.2410287 -0.2859090 0.3323565 0.1264910 -0.3523769 -0.2570478 -0.2993621 -0.5109166 -0.3990417 0.4624322 -0.1637411 -0.1836261 -0.5055963 -0.3109330 -0.2979282 -0.5571703 -0.0066796 -0.1061754 -0.2010055 0.3325655 -0.1062992 -0.1622461
0.4711369 0.1865110 0.1642766 0.2481175 -0.0491346 0.6784051 0.2022568 0.3363483 0.0000000 0.4938163 0.1940719 0.7836730 0.3310698 0.3516887 0.6487761 0.0855056 0.1451998 0.3126073 0.2312158 0.0155166 0.4377827 0.4106316 0.0418643 0.5997508 0.2160686 0.3072952 -0.0614922 -0.0320856 0.4878338 0.2366198 0.1196128 0.0237709 0.2808051 0.7319365 0.1978522 0.3937709 0.5060858 0.3399541 0.0328598 -0.0051489 0.3680873 0.2851855 -0.0106985 -0.0664016 0.4356075 0.2157187 0.1551357 0.3890954 0.3347582 0.2989102 0.0677053 -0.0304702 0.7033833 0.0223680 0.2526022 0.3081546 0.3786512 0.3104736 0.0103352 0.1386183 0.4325170 -0.0046079 0.3107927 0.5244292 0.3047545 0.5471140 0.2041693 0.3766359 0.4003866 0.4643341 0.3911050 0.4848563 0.2555122 0.3811142 0.3743289 0.2212916 0.4797143 0.3025561 0.2582387 0.6133514 0.2253109 -0.1333651 0.3624144 0.5944460 0.5754726 0.2786294 -0.1881487 0.4928677 0.4095065 0.6029675 -0.0035349 -0.1607085 -0.4363990 0.1213945 -0.1388896 -0.0840361 -0.1183622 -0.1597014 -0.1931124 0.1490699 0.4546978 -0.1286678 0.2939847 0.0901717 0.1116609 -0.0967971 0.1355822 -0.0243259 0.0741458 0.5601674 0.2421152 0.2666830 0.1355686 0.0108955 0.4952615 0.3007914 0.1421900 0.2822853 0.2353090 0.2679540 0.1730770 0.0153410 0.2503930 -0.2331961 0.1984500 -0.0774678 -0.0539293 0.2951361 0.1646114 0.4774437 0.0910240 0.0055952 -0.0545303 0.3217701 -0.0416145 0.1545079 0.2524087 -0.2710572 -0.4646832 0.4184709 0.2714470 0.1902337 0.5353631 0.2183835 -0.2523550 0.3291937 -0.1180185 0.0156547 0.0440024 0.5256087 0.6341924 0.2640160 -0.0868867 0.4074261 0.1793650 0.5193992 0.0227635 0.1802937 0.0284245 0.4932288 -0.1308372 0.2890037 0.5313279 0.4827760 -0.1868759 0.5066171 0.4182169 0.2503226 -0.0446457 0.3881971 0.1869433 -0.2991940 0.4992717 0.3609237 0.3587814 0.0156523 0.3569304 0.2445884 0.3923572 0.6319286 0.2990222 0.5833762 0.4472367 0.3888365 0.2556345 0.1544658 0.1092450 0.2244740 0.4120036 0.3793231 0.0252552 0.4314217 0.3012544 0.0353016 -0.0709427 0.0103843 -0.2055614 0.2796811 0.7202314 -0.1130440 -0.3248120 -0.5467749 -0.3669826 -0.3469189 -0.4395121 -0.3044188 -0.5301055 -0.0734425 -0.2470779 -0.3727280 -0.3604493 -0.5768905 -0.1805257 -0.4327618 -0.0642205 0.0361542 0.0500517 -0.4071100
0.0950717 -0.0342435 0.2352504 0.6492006 0.2810681 0.6332363 0.0185624 0.7848023 0.4938163 0.0000000 0.8265545 0.1754644 0.5446650 0.5474294 0.3493980 0.6091100 0.6726619 -0.2781922 0.6226369 0.1348249 0.0877075 0.6851174 0.3875645 0.1119137 0.6351460 0.6516901 -0.1556689 -0.0270320 0.1315380 -0.1991520 0.3151793 0.4950088 -0.0724478 0.4244847 0.1579001 0.3769336 0.3902881 0.4272467 0.1405220 0.1957041 0.2633788 0.3600780 -0.0322855 -0.0936584 0.5939087 0.3163052 0.0193625 0.2975718 0.0893966 0.3086874 -0.0666485 -0.2419214 0.4396061 -0.1027738 0.4593812 0.4759371 0.2628279 0.1187811 0.0974449 -0.0781345 0.2667046 -0.2916444 0.6051549 0.5699148 0.6097354 0.3309295 -0.0386259 0.4079215 0.4980848 0.4209093 0.4784922 0.3845363 0.3123696 0.5239059 0.4932323 0.5848748 0.6114215 0.6397270 0.6643691 0.6058854 0.5942058 0.1119713 0.4972295 0.5899537 0.5615966 0.3279806 -0.2754102 0.4384022 0.4549754 0.5722509 -0.0112443 0.0427939 -0.2088469 0.3880291 0.0095460 0.0145248 -0.0664427 -0.1215923 0.0565375 0.4767401 0.5148077 0.0894084 0.3682128 0.4002616 0.0657895 0.1907801 0.2731250 0.1512332 0.0856173 0.5324296 0.1674124 0.1775985 0.1454008 0.1394761 0.4009567 0.2605625 0.0816355 0.0703313 0.0151906 0.2131800 0.0842533 -0.0904832 0.1997655 -0.6543275 -0.0855034 0.1869645 0.0513770 0.4364119 0.2027920 0.2336456 -0.0561016 0.4624323 -0.2915285 -0.0365623 0.0738988 0.2909252 0.1605834 -0.0848510 -0.3421678 0.1671480 0.2381881 0.4502282 0.4687546 0.3059894 -0.2926153 0.1951535 -0.3522080 -0.2080335 -0.2644418 0.1709432 0.0776723 0.1663537 -0.2749165 0.1289989 0.3512097 0.0897462 -0.0518766 -0.1433016 0.0173299 0.5083340 0.1131627 0.0359255 0.1225101 0.3991789 -0.4000949 -0.0045798 -0.0612602 -0.1750047 -0.2171518 0.1134719 -0.0402926 -0.5712763 0.0846725 0.1674283 0.1544178 -0.2547944 -0.0280937 0.1837333 0.0192257 0.3966020 0.3194325 0.4637404 0.5323600 0.2651093 0.1008238 0.2992613 0.1821062 0.2897540 0.2437824 0.3284968 0.0259540 0.0711719 -0.0528473 -0.0448247 0.0016483 0.0643423 0.1375175 -0.2032224 0.5573268 0.4146467 -0.4736561 -0.4219277 -0.4966458 -0.6632547 -0.5869130 0.1650562 -0.0082882 -0.3945453 -0.5655690 -0.3988461 -0.4677535 -0.6058723 -0.1327978 -0.2671097 -0.1392818 0.0622299 0.2580497 -0.0337288
-0.1948282 -0.3717096 -0.0042446 0.6255732 0.0842885 0.3552057 -0.0758449 0.8356981 0.1940719 0.8265545 0.0000000 -0.1648325 0.3896121 0.5372395 0.2263392 0.8682813 0.6269687 -0.0955798 0.6758511 0.0388096 -0.1502043 0.5594420 0.7116947 0.0461650 0.7226664 0.8359452 -0.0597868 -0.0457125 0.0005134 -0.1645637 0.4165678 0.6404665 -0.1220364 0.2489552 0.4416938 0.2023488 0.5383481 0.3949580 0.3636135 0.3957442 0.1271912 0.2280459 0.2564532 0.1166508 0.5722611 0.4325274 0.2769782 0.1735334 0.0834911 0.2378737 0.2597904 -0.0667865 0.2246546 0.1214195 0.3366817 0.5103442 0.4160167 0.2067329 0.0082441 0.2162769 -0.0543137 -0.0163980 0.4786846 0.6075261 0.4638465 0.2085210 0.2651088 0.5671039 0.3049819 0.5619104 0.6245218 0.3460860 0.6204795 0.4637204 0.5512963 0.8538578 0.7316635 0.7880257 0.8780579 0.7099939 0.7373103 0.0531851 0.3020861 0.4963557 0.4727875 0.3270509 -0.0194249 0.3372683 0.3658381 0.4762596 0.2018328 0.1033115 -0.2210382 0.2673114 0.3138099 0.1680363 0.1641415 -0.1231874 0.2192264 0.2801186 0.3970467 -0.0133588 0.1459629 0.3786442 0.1386470 0.3489880 0.0391199 -0.0948295 -0.0070193 0.2500736 0.1415862 -0.1570921 -0.1222067 -0.0897266 0.2018672 -0.0101779 -0.1121550 -0.0004749 -0.1871422 -0.0353847 -0.2626114 -0.2643203 -0.0151658 -0.6553141 -0.2214129 0.0945373 -0.1052375 0.5964343 -0.0259702 0.1273384 -0.1270675 0.5726510 -0.2224966 0.0013871 0.0206431 0.2440572 0.1928320 -0.0229724 -0.1369911 -0.1015544 0.1684949 0.3509177 0.4677033 0.1881705 -0.2715477 0.1042671 -0.1718740 -0.0940330 -0.0247921 -0.0364873 -0.2060734 -0.0104427 -0.2017767 0.0899766 0.4796637 -0.0848494 0.0109985 -0.1421144 0.2007358 0.2860828 0.2085925 -0.2798064 -0.1097275 0.2144118 -0.3097651 -0.0988963 -0.2136055 -0.1249410 0.0114690 0.0514890 -0.0544245 -0.2257265 -0.2833634 -0.1547410 -0.3173763 -0.4437433 -0.3963986 -0.1004724 -0.3489288 0.0928905 0.1324230 0.0880103 0.2847132 -0.0878662 -0.2716481 0.0887211 -0.1554636 0.1307805 0.0273537 0.3689590 -0.1227911 -0.0803854 -0.4064514 -0.1710558 -0.1103838 0.0315223 -0.0951387 -0.4755534 0.2783961 0.2375229 -0.2559972 -0.2139022 -0.3909750 -0.6129821 -0.5215708 0.3427922 0.0925742 -0.3383502 -0.3860531 -0.2251920 -0.3306789 -0.3859176 -0.0355095 -0.0424047 -0.0549814 0.1709569 0.1310563 0.0161623
0.5130644 0.2108427 0.0542544 0.0517524 -0.2368268 0.5445396 0.5262759 0.1015576 0.7836730 0.1754644 -0.1648325 0.0000000 0.2545675 0.0793463 0.6304589 -0.1703205 -0.2007010 0.2961047 0.1029384 -0.1698749 0.6223753 0.2413828 -0.2369560 0.3952059 0.1118053 0.0989465 -0.2650225 -0.0476804 0.7013206 0.2429609 0.0974763 -0.0663914 0.0553506 0.4995496 0.0085142 0.4550442 0.2869352 0.1978447 -0.0333206 -0.2863745 0.2574083 0.5515562 -0.1798582 -0.3663103 0.4885504 0.2078029 0.0894057 0.0985804 0.1449598 0.0939939 -0.0283649 -0.0277413 0.6018078 -0.2026030 0.0552161 0.2606927 0.2378182 0.0684000 0.1814432 0.0008527 0.6713208 -0.1294294 0.1458728 0.3726260 0.3910670 0.4025143 0.0246847 0.0375713 0.3139543 0.2556571 0.1596356 0.5001774 -0.0788818 0.3809847 0.2684940 -0.0288656 0.3223863 0.0707868 0.0199264 0.3642710 0.1006092 -0.0217907 0.2944014 0.3260407 0.3172055 0.1485106 -0.0544149 0.3856196 0.1503082 0.3778765 -0.1178353 -0.3433908 -0.3938026 0.0998067 -0.3637671 -0.3657744 -0.4165122 -0.0972345 -0.3248415 0.1070453 0.3221996 0.0441901 0.2518254 -0.0821808 -0.1559264 -0.3844209 0.0583727 -0.0335860 0.0976138 0.4234827 -0.0774364 0.3084431 0.1524979 0.0936745 0.4974397 0.4836011 0.3654333 0.3822535 0.5020501 0.1552243 0.2297293 0.2137127 0.2237377 0.1452003 0.1955290 -0.2636817 -0.0645138 -0.0047579 0.1067588 0.4456203 0.1287809 0.1457056 0.1190630 0.2686954 0.0312274 0.1945961 0.2469866 -0.0969557 -0.2741601 0.5726782 0.0334865 0.0854688 0.5019172 0.1044776 -0.1496427 -0.0403942 -0.0441865 0.0990153 -0.0429822 0.3891941 0.6177622 0.1679019 -0.0940199 0.0337825 0.0724145 0.2730760 -0.3197124 -0.0034783 -0.2797995 0.3268890 -0.4880954 0.1777991 0.3643266 0.1531004 -0.2951029 0.2145498 0.1192942 -0.0332809 -0.1434514 0.2189511 -0.0439553 -0.2590684 0.6246538 0.4353794 0.5459307 0.2353775 0.4969580 0.3287908 0.4853575 0.5912231 0.2522612 0.5253393 0.3657403 0.4258062 0.3008297 0.1568464 0.0614002 0.1276239 0.3801734 0.2808166 -0.0698495 0.6666129 0.4779984 -0.0754196 -0.2564731 -0.0457130 -0.1803848 0.4215223 0.5802890 -0.3445015 -0.1876823 -0.1418668 -0.1055620 -0.0182503 -0.2443389 -0.3215759 -0.3260760 -0.0009096 -0.0809348 0.0463711 0.0050353 -0.3334291 -0.2889488 -0.1005720 0.0103357 0.1433733 -0.0713271 -0.3147344
0.3616235 0.4970328 0.7804056 0.7409228 0.5612760 0.6900557 -0.0883541 0.6383560 0.3310698 0.5446650 0.3896121 0.2545675 0.0000000 0.0865343 0.2138331 0.0671646 0.0786937 -0.0793998 0.3080781 0.5133382 0.2312532 0.6498502 -0.1670657 0.0308003 0.2411334 0.3178171 -0.1713331 0.0738654 0.1429436 -0.3875849 0.5855060 0.0541150 -0.2050783 0.1646669 -0.0586879 0.0244877 0.2928683 0.5194535 0.0202122 -0.0020472 0.6137315 0.2972540 -0.1522566 -0.4190070 0.3618055 -0.1188215 -0.1194502 0.6014305 -0.1734940 0.2591281 -0.1215124 -0.0740904 0.4198039 -0.4035684 0.6228558 0.0042646 0.0520435 -0.3103350 0.1821707 -0.1308311 0.3002357 -0.3029126 0.7909784 0.2633738 0.6080893 0.2184787 -0.0229066 -0.0305569 0.4377552 0.1332275 0.1450432 0.3788555 0.1894400 0.7010096 0.1563624 0.3064037 0.3257121 0.3398058 0.3908794 0.1776893 0.4932048 -0.0437018 0.3585465 0.3232209 0.4184469 0.0200193 -0.2502605 0.4206256 -0.0628150 0.1262963 -0.2234273 0.0814218 -0.2797533 0.0368657 -0.2759811 -0.0252739 -0.2263498 -0.3626371 -0.3157765 0.0071391 0.1894452 0.0382029 0.4265141 0.1086313 -0.3388396 -0.0471542 0.1562082 0.2677246 0.0290596 0.3993219 -0.3010493 0.0807612 0.2675349 0.2188704 0.2549510 0.3635098 0.2384835 0.1452536 0.1429303 0.3460670 0.3490057 -0.0495353 0.2685546 -0.2071544 0.3116223 0.1773492 0.2098544 0.0789563 0.1571920 0.0280774 0.1312707 0.3768626 0.0428789 -0.2890356 0.4134483 0.1564748 -0.1532439 0.0116109 -0.0448515 -0.0094723 -0.2741838 0.2080095 0.3815031 -0.2694654 -0.3667758 -0.5044332 -0.2540164 -0.1189020 -0.3605796 -0.0550065 0.0362554 -0.2999937 -0.1658185 -0.3237233 0.0235168 -0.2532998 -0.2412982 -0.3404719 0.0972524 0.5451125 0.0319589 -0.0976550 -0.2570837 0.3290407 -0.4229014 -0.3144824 -0.3293150 -0.4867039 -0.1251262 0.2996617 -0.3731651 -0.3554810 0.0815254 -0.0489837 0.2839270 -0.2449595 0.0188293 0.3794087 0.1619811 0.6279253 0.6958407 0.5583882 0.5708820 0.4396478 0.4452546 0.6698846 0.4599167 0.7735808 0.5673061 0.4257356 0.1233687 0.1251977 0.1326000 0.2382541 -0.0125443 0.1166555 -0.0205878 -0.1670885 0.3980487 0.2019523 -0.0231463 -0.1348206 -0.0402942 -0.0075294 0.0700328 0.4910476 -0.2593938 -0.1377542 -0.1078525 -0.1989368 -0.0433901 -0.4292066 0.4620719 -0.3231359 -0.4222171 0.3304979 0.1254653 0.1280085
-0.3260005 -0.4001583 -0.1603608 0.0871245 -0.1296227 0.2016126 0.1328059 0.2863826 0.3516887 0.5474294 0.5372395 0.0793463 0.0865343 0.0000000 0.2907540 0.5899012 0.7510362 0.2066448 0.4829026 0.0288216 -0.0491446 0.0389921 0.4637721 0.1892863 0.5443590 0.5561743 0.1641099 0.2183564 -0.0090834 0.0645584 -0.0553614 0.5481604 -0.1777480 0.0444896 0.2488980 0.2561380 0.4229050 0.4671852 0.3484650 0.4846008 -0.1813120 0.0303725 0.2919572 0.2897485 0.1525390 0.5182766 0.1808408 0.1722938 -0.0437870 0.2114726 0.2399358 0.2210175 -0.0351289 0.3298023 0.3446362 0.4053010 0.3363451 0.2383544 0.3848531 0.2469212 0.0676331 0.0843511 0.0899260 0.1448837 0.0855712 0.0443384 0.1672223 0.3293020 0.0406330 0.1794613 0.1984183 -0.1101619 0.3838163 0.0321275 0.3026468 0.3695687 0.2789760 0.3475431 0.4669313 0.3809477 0.4579349 -0.3572804 0.2284058 0.4319435 0.3957930 0.4317820 -0.1529737 0.2852595 0.4064882 0.4640228 0.2284585 0.0563306 0.2119166 0.4689237 0.4532006 0.1051284 0.1213558 0.2236776 0.4296543 0.4546064 0.2784264 0.3598565 0.4381399 0.3141854 0.0016382 0.5534095 0.5037810 0.3672668 0.0985135 0.3276852 0.3770494 0.2698652 0.3966800 0.3753913 0.2417020 0.3301818 0.2253112 0.2207698 0.1593573 -0.1155378 0.1726888 0.3268685 -0.0759977 -0.1795591 -0.3800798 0.0921561 0.3547087 0.6262264 0.0216488 0.4630076 0.1047393 0.2429428 0.0871554 0.0566611 0.0078216 0.4249767 0.1890215 -0.0615717 -0.1156833 0.1080138 0.3339920 0.0604854 0.0715475 0.3868517 -0.1374307 0.4138432 -0.2036329 -0.1905199 0.0393746 -0.2415160 -0.0970350 0.3017398 -0.2124851 0.2749964 0.4213225 0.4986371 0.1276887 0.0110263 -0.0056175 0.2760598 0.1489869 -0.1513411 0.2432673 0.3207813 0.0321712 0.2767601 0.1719383 0.1358495 0.0640986 0.1893337 0.1158391 -0.3230189 -0.3282434 -0.0401172 -0.0907654 0.0974162 0.1772888 0.3844115 -0.0949512 0.1001178 0.0620175 -0.0549974 0.1498782 -0.1072139 -0.0602668 0.1212091 0.1729122 0.1038599 0.1249890 0.1583218 -0.2210060 -0.0300584 0.1461563 0.0157576 -0.0343416 0.1791752 0.1064241 0.1039076 0.5048080 0.1677709 -0.2466434 -0.1581361 -0.5518033 -0.4260382 -0.5836507 -0.0048586 0.1659103 -0.4441396 -0.2546096 0.0198008 -0.4461324 -0.0645013 -0.0335244 -0.1629509 0.0940965 -0.1611925 0.4107351 0.1181722
0.3160391 -0.0980590 0.0531523 0.1533521 -0.1557311 0.3765835 0.3392685 0.2039584 0.6487761 0.3493980 0.2263392 0.6304589 0.2138331 0.2907540 0.0000000 0.2660040 0.0649207 0.3666518 0.0154196 -0.3575328 0.2627912 0.1782164 0.2546196 0.3135423 0.0942707 0.3236378 -0.2452080 -0.2977209 0.3879917 0.2221189 -0.0819719 0.0583529 -0.2647984 0.2058282 0.3465865 0.1723814 0.4592804 0.0781299 0.2760306 -0.0281286 0.0465263 0.2478787 -0.0058791 -0.2903908 0.4307779 0.2387553 0.2652199 0.0032732 -0.0543483 0.1671980 0.2432422 -0.1105482 0.3398450 -0.2926983 0.0030099 0.2816704 0.3076670 -0.1455041 -0.0359691 0.2237988 0.1556123 -0.1223576 0.3568600 0.3696449 0.2160498 0.1907282 0.2343824 -0.0253894 -0.0121103 0.2834395 0.2087371 0.2907268 0.1124163 0.3393088 0.2270501 0.3389034 0.4695139 0.2537133 0.3047717 0.5251701 0.3615586 0.1411746 0.2978405 0.3321993 0.3298561 0.3884317 0.2932568 0.6738465 0.2702936 0.5914320 0.1410780 -0.2944070 -0.4347679 0.3816624 0.0560645 -0.0932471 0.0359089 0.0081410 -0.0922485 0.2796158 0.3923488 0.0226030 0.3704654 0.1765483 0.1723756 -0.0100377 0.0137751 -0.1342544 0.2536624 0.1986878 0.1301654 0.0606284 0.0819933 -0.0674802 0.3072209 0.2700003 0.1123535 0.1305619 0.2384788 0.0078813 0.0655037 -0.0712681 0.1461601 -0.0716250 0.0540578 -0.0438197 0.0232300 0.3180912 0.2945939 0.7209734 0.2658881 0.4138160 0.3429801 0.2753009 0.0241665 0.2890684 0.4822210 0.3797718 0.0509460 0.4457035 -0.0428429 0.4843051 0.4587634 0.3103121 0.0109495 0.0300428 0.3084350 0.4397925 0.1501393 0.3819883 0.5547469 0.2065328 0.2496382 -0.0044274 0.4630588 0.2760620 0.0151772 0.1129484 0.2105895 0.4186668 -0.2335698 0.3027916 0.2521812 0.2760637 -0.1326831 0.1324360 0.0676313 0.1954234 0.0587886 0.4314356 -0.0311499 0.0098477 0.2752476 0.1014090 0.1066074 -0.1548937 -0.0502671 0.0347595 0.0081254 0.1827965 0.1773412 0.2102879 0.1163450 0.1703450 -0.1423258 -0.0707555 -0.2216998 0.1311550 0.1759671 0.4064728 -0.2435027 0.3661941 0.0310101 -0.1535489 -0.1621953 0.1819781 -0.2009466 -0.0267696 0.3397286 -0.1125372 -0.1195694 -0.1739237 -0.2100187 -0.1704524 -0.4481650 -0.0588598 -0.2973295 -0.3541799 -0.1301602 0.0917723 0.0074053 -0.4157082 -0.3384712 -0.1054655 -0.2586418 -0.0251667 0.1846571 -0.0436084
-0.3953414 -0.6490808 -0.3220123 0.3350857 -0.2380387 0.0750841 0.1572137 0.6214591 0.0855056 0.6091100 0.8682813 -0.1703205 0.0671646 0.5899012 0.2660040 0.0000000 0.5706608 -0.0181796 0.6276104 -0.2127638 -0.1299771 0.3338026 0.8642431 0.0625728 0.7221147 0.8312539 -0.1115854 -0.1431155 0.0918685 0.0010751 0.3459497 0.7267457 -0.1156827 0.1212732 0.5512131 0.3685616 0.5143523 0.3382846 0.5589307 0.4139370 -0.0845729 0.2780259 0.3795078 0.2476866 0.5633928 0.5877436 0.4090911 -0.0175013 0.1242860 0.1756502 0.4133919 0.1038185 0.0925561 0.2373932 0.1824462 0.6199846 0.4735754 0.2748914 -0.0347628 0.3540478 -0.1326238 0.1364669 0.2105236 0.5617327 0.2919737 0.1402227 0.3455327 0.5712343 0.2198419 0.5788532 0.6065239 0.2689738 0.5849117 0.2441138 0.5979384 0.8206585 0.7051239 0.7179532 0.8035981 0.6672407 0.6140138 0.0019338 0.2158895 0.4529323 0.4009319 0.4989202 0.2459762 0.3039583 0.4587567 0.5347869 0.4104848 0.0937296 -0.0547532 0.3550480 0.5437454 0.1622055 0.3191975 0.0722021 0.4725600 0.3081247 0.4017000 0.2214357 0.1521370 0.3478830 0.2822340 0.4310523 0.0780341 -0.2164943 0.0739137 0.1382083 0.3588668 -0.1123345 -0.1803822 -0.1819956 0.1272616 -0.0722995 -0.2061839 0.0197473 -0.1943812 -0.1668469 -0.3290792 -0.2469277 -0.0150901 -0.4570953 -0.3877199 0.1161562 -0.2373800 0.6158012 -0.0171324 0.1857875 -0.2241833 0.5388526 -0.1763713 0.1075271 0.0478562 0.2867634 0.2921380 0.0808004 -0.0833485 0.0544827 0.3553757 0.2679910 0.3975359 0.3881300 -0.0639176 0.2416166 -0.0371570 0.0287688 0.2462653 -0.0719866 -0.2290199 0.1673492 -0.0650793 0.1899746 0.4877268 0.1248857 0.1540349 0.0363090 0.0843595 0.1543252 0.1510193 -0.2226056 0.0571747 0.1273026 -0.1461762 0.0539619 -0.0503524 0.1224126 0.1931047 0.1731033 0.2169626 0.0629720 -0.3690800 -0.1823096 -0.4042405 -0.3347359 -0.3912235 -0.2528054 -0.3819683 -0.1031355 -0.2157566 -0.1259585 0.1415470 -0.2567968 -0.4804058 -0.2733345 -0.4083518 -0.1659565 -0.1091215 0.2663891 -0.3048870 -0.0992276 -0.4997044 -0.3236236 -0.0510999 -0.0326520 -0.1424454 -0.5126284 0.1604472 0.1372064 -0.2385821 -0.0713005 -0.4558109 -0.5916726 -0.6451829 0.2385880 0.1929313 -0.3509871 -0.3027731 -0.0360242 -0.3263454 -0.1790528 -0.2905394 0.1698189 0.1005419 0.1194386 0.0812447 -0.0260083
-0.2733661 -0.3125551 -0.0735346 0.2322942 0.1037777 0.0663417 -0.2059204 0.4074539 0.1451998 0.6726619 0.6269687 -0.2007010 0.0786937 0.7510362 0.0649207 0.5706608 0.0000000 -0.2963177 0.5323009 0.1476362 -0.1851054 0.2900888 0.4487036 -0.1030912 0.5973273 0.4545160 0.3400032 -0.0586989 -0.2880006 -0.0568109 -0.1957614 0.5953563 -0.1829467 -0.0395110 0.0333101 0.3130317 0.1462702 0.2771100 0.1106145 0.2376463 -0.1611573 0.0325908 0.0760475 0.1897802 0.0838961 0.3691729 -0.0641282 0.0576249 -0.0810511 0.2103053 -0.0683949 -0.1631320 -0.0726903 0.1110737 0.2321407 0.3547422 0.1064305 0.1510855 0.2602398 -0.0827715 0.1311447 -0.2550280 0.1272430 0.1035330 0.2272069 0.0072495 -0.1320589 0.2388205 0.1899646 0.0552784 0.2273084 -0.1909738 0.1078518 -0.0096212 0.3373696 0.2664522 0.1966357 0.3694674 0.3485754 0.2817324 0.3355188 -0.1062320 0.0866262 0.2098306 0.1014966 0.1985303 -0.4664460 0.0774567 0.2870132 0.2263450 -0.1039608 -0.0488653 0.2212266 0.5522610 0.1820251 -0.1207482 0.0081387 0.0528640 0.2892358 0.4995359 0.1377315 0.1948877 0.1660465 0.4037928 -0.0391839 0.2665317 0.3110690 0.2606421 0.0047831 0.2191364 0.2960353 0.1270205 0.0874482 0.1555348 0.0610462 -0.0395438 -0.0551151 -0.1132967 -0.2275694 -0.0852060 -0.0014959 0.0245854 -0.1496673 -0.4939030 -0.5144237 0.1879843 0.1500915 0.2680462 0.0363202 0.0714754 -0.2238828 0.1638810 -0.2907765 -0.1803050 -0.0197068 0.1001350 -0.0327762 -0.0751637 -0.3251755 0.0878857 0.2285038 0.2235648 -0.1100973 0.4583583 -0.1013967 0.4139419 -0.3966003 -0.3792190 -0.2663812 -0.2064909 -0.2060226 0.2857451 -0.3387755 0.1226359 0.2593583 0.3217145 -0.0332737 -0.1855974 -0.1076958 0.1958058 0.0214076 -0.0739202 0.2723639 0.2591462 -0.2328112 0.0722509 0.0966940 0.0513492 -0.2318840 -0.0814425 -0.0030255 -0.5156490 -0.2050506 0.0758377 -0.1071845 -0.0586465 0.0074808 0.2103533 -0.0333903 0.1066418 0.0498825 0.1345729 0.2979616 0.0980630 0.0623524 0.1581456 0.2398435 0.0356737 -0.0179381 -0.0772751 -0.1386925 -0.1297624 0.0520533 0.0454867 0.0236342 0.1194802 0.3010217 -0.1023169 0.3889269 0.5453075 -0.4938237 -0.3493022 -0.5347102 -0.4896574 -0.5335925 -0.0250878 0.2880933 -0.5216835 -0.5180344 -0.2145560 -0.5268257 -0.1753362 -0.1449524 -0.3170693 -0.0669216 -0.4242656 0.3929040 0.1365835
