0.0000000 0.2361955 0.2075072 -0.0304482 0.0571738 0.0208083 -0.0123337 -0.1941062 -0.1292795 0.0159523 -0.2430126 0.3014341 -0.2006634 -0.0827305 -0.2259739 -0.3885718 -0.1843421 -0.4398544 -0.3298606 -0.1823578 0.2405093 -0.3489472 -0.3400334 -0.1330346 -0.2528437 -0.2642270 -0.3330753 -0.0648966 0.2946814 -0.0669014 -0.1856745 -0.3961927 0.2589556 0.1169206 -0.5055895 0.1436173 -0.5184836 -0.2260258 -0.1815066 -0.0537823 -0.2131456 0.1957873 -0.3732667 -0.0060896 0.2180607 -0.2267178 -0.3835989 -0.1955085 -0.0047598 -0.1482070 -0.3862270 -0.1783634 -0.0146399 -0.2213538 0.0670442 -0.1142326 -0.4642672 -0.1046894 0.1026861 -0.3777916 0.0032204 -0.2799799 -0.1789297 -0.3022466 0.0248773 -0.4316475 -0.4523206 0.0067332 -0.2650835 -0.2848966 -0.2201490 -0.3674949 -0.0536615 -0.0160554 -0.1491949 -0.1024544 -0.2464702 0.2278621 0.0751175 -0.0684263 0.0279479 0.4525445 0.2707482 0.4115489 0.1110148 0.3264205 0.1980300 0.3326191 0.2905907 -0.0175918 0.2705046 0.4270895 0.3499566 0.0986515 0.0756343 0.2289395 0.5118229 0.4442227 0.2339543 0.0415760 0.2746216 0.2648738 0.3432969 0.1308825 0.4729822 0.3723889 0.1115749 0.4461461 0.0202508 0.2311669 0.1261407 0.2208172 -0.3960076 0.0783023 0.1193640 -0.1928622 0.0711415 0.1730222 -0.0118125 0.1100541 0.0271254 0.3011301 0.0851579 0.0259536 0.1929969 -0.0839850 0.0624320 -0.0171937 0.0241329 0.0836065 0.0699656 0.1004649 0.0710914 0.0615168 0.1594122 -0.0060471 -0.1160500 0.0568427 0.0851810 0.1308480 0.2905213 0.1410096 -0.1561080 0.1617557 -0.0303993 0.3246776 0.0798821 0.1644419 0.1215095 0.2114802 0.1461998 -0.0402030 0.3007514 0.3700552 0.0538582 0.1631716 0.1598701 0.0726193 -0.2135474 -0.1282118 0.2967354 0.3820489 0.2442748 -0.1480855 0.4262570 0.1230190 0.3978008 0.2805459 0.2665904 0.3844895 0.2591500 0.2843243 0.8314072 0.3789234 0.3284362 0.0981477 0.2515630 0.1363645 0.1405336 -0.0219029 -0.1016171 -0.0103393 0.1893428 0.0469628 -0.0112660 0.1718304 0.0838462 0.1337329 -0.0119440 -0.0790086 0.1337756 0.0911429 0.2271293 0.0529573 0.0893980 -0.0737223 0.2325458 0.0886447 -0.0657531 0.0231380 0.0716580 0.0707147 0.1615682 0.2629617 -0.0997661 -0.3546843 -0.1575227 -0.1798971 0.0643223 -0.1935194 0.2163054 0.1676962 -0.3278174 0.1773902 -0.2190592 -0.1125969 0.0332138 -0.3445695
0.2361955 0.0000000 0.7753829 0.8217415 0.4820785 0.7223660 0.3983410 0.6854205 0.5458312 0.5590852 0.6736926 0.6277769 0.5566193 0.2760747 0.1689752 0.3651233 0.5041854 -0.2717222 0.3890771 0.0252642 0.6359231 0.2469486 0.1839922 -0.1999836 0.2745480 0.0115233 -0.0377244 -0.2415756 0.5198029 0.0953194 0.3783996 -0.1068966 0.0023384 -0.0187357 -0.0203192 0.6601753 -0.1510135 0.3855536 0.0942728 0.0845005 0.2180308 0.5603796 0.2882687 -0.3571348 0.2020792 0.1873688 0.0608978 0.3070950 -0.2606996 0.0683325 0.0069865 0.1927601 -0.0890883 -0.0951293 0.4467659 -0.0839223 -0.0661693 -0.1691673 0.4266262 -0.1103158 0.3560361 -0.1543626 -0.1774592 -0.0529841 0.0632921 -0.2080960 -0.3470744 0.1171107 -0.1866339 0.3140006 -0.2112167 0.2803636 -0.2837474 0.7709525 -0.1110344 0.5853111 0.7295553 0.0793416 0.4654334 0.7606268 0.5261248 -0.0266621 -0.1759779 -0.1283583 -0.3259771 -0.2569939 -0.3652589 -0.0450726 -0.2649565 -0.3654625 -0.5437761 -0.2511602 -0.4327927 0.0692356 -0.6048969 -0.0325320 -0.1413728 -0.2981955 -0.5131324 0.0491455 -0.2067790 -0.5071721 -0.1580982 -0.1418738 -0.3564462 -0.1522420 -0.4622052 -0.1218157 -0.3922640 -0.2949130 -0.5004512 -0.4410828 -0.3163177 -0.1822112 -0.1877453 -0.2468404 -0.0155122 -0.2009421 -0.0779985 -0.3016402 -0.1758889 0.0542151 0.2321951 0.3328183 -0.3286630 0.0410030 -0.0317409 0.2143879 -0.1555084 0.4370944 -0.0562997 0.3020894 -0.2166095 0.6382202 0.1658177 -0.0858647 0.2722697 0.1669492 0.1657255 0.5920728 0.1854272 0.1679653 -0.0533581 -0.0023383 -0.0778065 -0.0236877 0.0136414 0.0062896 0.1363105 0.1014730 0.2051248 0.0072994 0.2173365 0.0959751 0.2032526 -0.1680274 -0.2355005 0.0660859 -0.2115997 0.0617674 0.1590580 0.1101127 0.1344052 -0.1661060 0.1891528 0.1263577 0.2067113 0.1984197 0.1957773 0.1333003 0.0573185 0.1414173 0.4139130 0.3529836 0.6490666 0.2971122 0.2926158 -0.0389590 0.3564822 -0.0057998 -0.4027435 -0.0813436 0.4985647 0.3119444 0.6029168 0.4597812 0.6626283 0.8110883 0.7737815 0.7923828 -0.3445150 0.7937933 0.6101926 -0.1430291 -0.1131223 -0.0922616 0.0011102 0.2265628 0.6166682 -0.0074860 -0.0058556 0.0848561 0.1401584 0.4904567 -0.3133913 0.0116998 0.0299419 0.3555355 -0.0649914 -0.0149514 -0.0117306 0.5400853 -0.3144493 0.0209509 0.3790408 -0.1478365 0.2750053 0.3673877
0.2075072 0.7753829 0.0000000 0.6171398 0.7511957 0.4507194 0.2859789 0.6249926 0.2834366 0.2141412 0.5240869 0.5085191 0.5685036 0.0069571 0.0718601 0.2712481 0.2451356 -0.2552906 0.4256174 0.0937526 0.4874455 0.2097483 0.0143749 -0.3134449 0.3332718 0.0110608 -0.0285816 -0.2709398 0.1977934 0.0476402 0.3652765 0.1081601 -0.3539745 -0.3230505 -0.0603160 0.5207446 -0.1268603 0.2919155 -0.2049384 -0.2545148 0.3218597 0.3428202 0.0140482 -0.4932400 -0.0640948 0.0814539 -0.1787653 0.0980568 -0.5792417 -0.0933592 -0.2568504 -0.1456565 -0.3840373 -0.2672236 0.1917365 -0.3502645 -0.1511894 -0.4420761 0.3109764 -0.3260674 0.1307178 -0.2476732 -0.3592429 -0.3740662 -0.1755403 -0.2272778 -0.4145550 0.1485562 -0.4242351 0.1676014 -0.1732069 0.0129839 -0.2497201 0.5787560 -0.2746670 0.3719583 0.6106206 -0.0123803 0.3998702 0.5752840 0.2581451 -0.2193596 -0.3545818 -0.1906689 -0.3639544 -0.1685476 -0.1324817 0.0081907 -0.2612657 -0.0949861 -0.4486951 -0.1292887 -0.2357021 0.2568902 -0.4131410 0.2000414 -0.1193168 0.0243194 -0.1666855 0.3415491 0.0150899 -0.1652158 -0.2378109 0.1470947 -0.2284545 0.0680254 -0.2180061 -0.3067858 -0.0800110 0.0037245 -0.2461456 -0.2073477 0.0314288 0.1178980 0.0897556 0.0769204 0.2704131 0.0919815 0.2390972 0.0116347 0.0466575 0.2596218 0.1392117 0.4238908 -0.0723161 0.1181397 -0.2254111 0.1371657 -0.1898439 0.1398827 -0.0875613 0.3670372 -0.1199394 0.2754063 0.3725990 0.1284278 0.3474540 0.2002989 0.2134301 0.5413525 0.4966166 0.2874979 0.0542861 0.1140931 0.2886613 0.1431082 0.1445974 0.1553059 0.3495051 0.2168525 0.1853002 0.2925431 0.2095190 0.3233090 0.2833012 -0.0627748 -0.2482908 0.3263508 0.0070805 0.0473101 0.4139699 0.0771833 0.0792793 -0.1106741 0.1913260 0.3725226 0.2578319 0.3179661 0.2839616 0.0357463 0.2386020 0.2268475 0.1956734 0.1779671 0.5513398 0.4482704 0.4744592 -0.0125970 0.5095038 0.2363015 -0.2963487 -0.0405027 0.3304978 0.1882603 0.3775866 0.4040108 0.5681749 0.6436866 0.5797640 0.4153445 -0.0821283 0.5540704 0.4524968 -0.0668045 0.1017473 0.0821429 -0.1028054 0.3688162 0.4718139 0.0838524 -0.0524516 -0.0551605 0.2527548 0.4013357 0.1878210 0.1863013 0.2187138 0.3750074 -0.2754255 -0.1995053 0.0229383 0.4574042 0.1452058 0.3113386 0.5370320 0.0044580 -0.1028390 0.0977617
-0.0304482 0.8217415 0.6171398 0.0000000 0.4001463 0.8024861 0.5674003 0.8810217 0.6949984 0.6511170 0.7791859 0.6508500 0.7067824 0.2856478 0.1972381 0.4588013 0.5069468 -0.1804485 0.5739560 0.0849411 0.6884742 0.4832432 0.1363860 -0.1545031 0.5326898 0.1458373 0.0674407 -0.1970075 0.4890552 0.1091769 0.4592069 0.1164364 -0.0858349 -0.1556817 0.1530872 0.7612418 0.1619618 0.6805789 0.2534886 0.2845551 0.4153070 0.6403998 0.3857347 -0.2952311 0.2390727 0.4953371 0.2764542 0.5976820 -0.2694794 0.4138041 0.2701037 0.2938251 -0.1354186 0.1573798 0.7204126 0.2490739 0.3332858 0.1189296 0.6871898 0.2425217 0.6314774 0.1304983 0.2077296 0.1092211 0.0668419 0.2163426 0.0873263 0.3850791 0.0937972 0.5120620 0.2226577 0.5013495 -0.0535937 0.8625580 0.1968307 0.6686980 0.8880640 0.1615188 0.5727054 0.8474827 0.5956557 -0.2739000 -0.3630239 -0.3075192 -0.2279711 -0.3325076 -0.2561316 -0.0958019 -0.4399081 -0.4215344 -0.5640097 -0.4068090 -0.4562564 0.0193817 -0.6265266 -0.1521736 -0.3166098 -0.3421412 -0.4674787 0.1561574 -0.2520320 -0.5116883 -0.2397425 -0.0059761 -0.3816931 -0.1499985 -0.3860936 -0.2623832 -0.1876658 -0.2714067 -0.5049178 -0.4138844 -0.0470339 -0.0207823 -0.0617877 -0.0704348 0.0649318 -0.1184250 -0.0416176 -0.2344450 -0.2279508 -0.0568940 0.0546994 0.1669370 -0.4080399 0.2466329 -0.0693152 0.1325548 -0.0095259 0.3660829 -0.0901094 0.3519581 -0.1436645 0.6656843 0.1097152 -0.0905728 0.3343727 0.2596874 0.2499090 0.7227860 0.1897521 0.3254272 0.0066776 0.1405910 0.0785268 -0.0504615 0.1152336 0.0808508 0.1473592 0.2481768 0.4121605 0.1308634 0.2820323 0.0038233 0.2007884 -0.1229543 -0.1045567 0.0875451 -0.1398021 0.1091355 0.1723604 0.1801206 0.0496044 -0.0442552 0.1174160 0.1631767 0.1462898 0.1140141 0.1692269 0.2471175 -0.0455168 0.1279543 0.1908257 0.2048729 0.5719530 0.3707000 0.2515920 -0.0766315 0.4146901 0.1642614 -0.3847644 -0.0282980 0.6157867 0.3141416 0.7874658 0.5694304 0.8266025 0.8635181 0.8960535 0.8644480 -0.3897078 0.8648694 0.5449251 -0.2203863 -0.0391332 0.0100608 0.0080096 0.0898759 0.6916249 0.1904147 -0.1881017 0.0143378 -0.0216048 0.4121174 -0.3158750 0.0228289 0.2295961 0.1470823 -0.2158065 0.0378448 -0.0672463 0.5248396 -0.2783355 -0.0786763 0.5806642 -0.3116278 0.3571610 0.4752811
0.0571738 0.4820785 0.7511957 0.4001463 0.0000000 0.4469350 0.1916459 0.4586714 0.0865036 0.0725375 0.4944277 0.1806241 0.6619669 0.2525526 0.1058958 0.3747610 0.4360858 0.0963619 0.5064893 0.0463859 0.1319817 0.3831998 0.2272066 -0.2749245 0.4958675 0.1113620 0.3082591 -0.1146532 -0.1883182 0.3476043 0.4830138 0.4162548 -0.5435072 -0.5700850 0.1820627 0.1930353 0.0586340 0.4421116 -0.0085823 -0.3472658 0.5788414 0.0098643 0.2698212 -0.5883597 -0.3064783 0.0672907 0.0099772 0.2385591 -0.5936238 0.1245256 -0.0387166 0.0304011 -0.5787238 -0.0892350 0.1983371 -0.1283764 0.0541358 -0.2755157 0.1124337 -0.0859653 -0.0077425 -0.0304476 -0.0784358 -0.3796485 -0.3382558 -0.0070583 -0.2316811 -0.0319804 -0.1204885 0.1311276 -0.1232161 -0.2016391 -0.3121878 0.2716991 -0.0823848 0.2643635 0.4611124 -0.0484693 0.1742636 0.2982769 0.1382795 -0.0854498 -0.4951652 -0.3988063 -0.3375808 -0.2989582 0.0377710 -0.0794828 -0.3035282 -0.0275329 -0.2825247 -0.2607540 -0.0863669 0.0305026 -0.2627881 0.4818202 -0.2306012 0.0327941 -0.0315014 0.1591394 -0.0758073 -0.1745949 -0.2495681 -0.0183822 -0.3362593 0.0802637 -0.1790367 -0.2822506 -0.1274675 0.1245874 -0.0922991 -0.0689116 0.0451195 0.1939028 0.1515806 0.0019924 0.3284924 0.2329513 0.2190842 -0.0718556 -0.0050787 0.1059023 0.4507869 0.1618260 -0.0751958 0.1814050 -0.3185958 0.2518902 -0.1598304 0.0574721 -0.1535664 0.2412345 -0.1057684 0.0835147 0.1935968 0.0860647 0.1778710 -0.0372175 0.0039814 0.1686175 0.2103054 -0.0115276 0.1367251 0.0047655 0.1339031 -0.0701469 -0.1803327 -0.1247680 0.0782547 -0.0036087 -0.0016470 0.1034520 -0.1529097 -0.0194075 0.3941751 -0.1452178 -0.3658554 0.0047111 -0.0317764 -0.0360505 0.1387679 -0.1481423 -0.0884878 -0.1223195 -0.1015515 0.0992679 -0.2043120 -0.0719486 -0.0307995 -0.3068117 -0.0345303 -0.1771949 -0.0249827 0.0816413 0.0989630 0.2377849 0.2787366 -0.1969195 0.2522556 0.1253487 -0.2048640 -0.1105635 -0.0177325 -0.0797358 0.1097542 0.1761972 0.3273172 0.3468581 0.3678598 0.1688289 -0.1142786 0.2068908 0.0734691 0.0880231 0.0359316 0.1361496 -0.0573785 0.3252221 0.2430965 0.0502443 0.0595042 -0.0330084 0.1409711 0.1863132 0.4059349 0.3157284 0.0965276 0.2371087 -0.0002673 -0.1892540 -0.1554389 0.0046830 0.3329430 0.0498659 0.2606349 -0.0400206 0.0227278 0.2113769
0.0208083 0.7223660 0.4507194 0.8024861 0.4469350 0.0000000 0.6404129 0.5768034 0.6594755 0.5954500 0.5406345 0.4173376 0.5886438 0.4272375 0.2971369 0.1768870 0.5024639 0.0194013 0.3171503 -0.0051325 0.4733676 0.4092217 0.0608762 0.1489632 0.4455770 -0.1280814 -0.0842004 0.2180608 0.3831233 0.4300426 0.4822097 0.0538506 0.1074503 -0.0334508 0.0844998 0.6051552 -0.0671055 0.6045658 0.2983448 0.4300807 0.2367402 0.5321973 0.3840741 -0.0746687 0.2226506 0.3276501 0.1946616 0.5824112 -0.0489717 0.5277069 0.2380775 0.3564790 -0.0434804 0.1703037 0.7475223 0.2890383 0.1688339 0.2608670 0.4926383 0.2521357 0.5303761 0.0681988 0.2012059 0.0618741 0.2221430 0.1047569 0.0546489 0.1319447 0.1440004 0.2635167 0.0868057 0.2579129 -0.0294197 0.6821795 0.1996020 0.5469346 0.7063345 0.2442771 0.3963199 0.6035236 0.4396855 0.1673300 -0.2583370 -0.3332721 -0.2163870 -0.4765229 -0.0870752 0.0332254 -0.4059701 -0.5434091 -0.3486297 -0.3719887 -0.3936270 -0.0094184 -0.5654917 0.1604284 -0.1423943 -0.3596850 -0.5265984 -0.1100062 -0.3131892 -0.4874402 -0.3382869 -0.2544684 -0.2676816 -0.0325493 -0.3908353 -0.2085538 -0.2209432 -0.3434707 -0.4044637 -0.3192910 -0.1274707 -0.1545993 -0.1932274 -0.2255541 -0.0477752 -0.1107557 -0.1132963 -0.2750023 -0.1218194 -0.2647223 0.2386096 0.2734926 -0.3961079 0.4398319 -0.2041481 0.1106856 0.0115943 0.4322164 -0.1508926 0.1001188 -0.0743133 0.6851565 -0.2095837 -0.1725018 0.2148132 -0.0706251 0.0157820 0.4529915 -0.0649410 0.0202097 -0.1821954 0.0153176 -0.1527778 -0.3433234 -0.2591518 -0.2508701 -0.1207554 -0.0389019 0.2609329 -0.1349735 -0.0060628 -0.3150363 -0.0772203 -0.3371997 -0.3625280 -0.2050334 -0.4199462 -0.1214610 -0.1291281 0.0886364 -0.2016570 -0.3672601 0.0042625 -0.1520296 -0.2199673 -0.1858530 -0.1969806 0.0358433 -0.3068428 -0.1629462 0.2414862 0.1425366 0.3331788 0.2444592 0.1252120 -0.2417069 0.1619972 -0.0438942 -0.5555286 -0.2268541 0.3882888 0.0769835 0.5509180 0.5959539 0.6561449 0.7192780 0.7238247 0.6815416 -0.4562889 0.5760067 0.3174985 -0.3331442 0.0926803 -0.1263234 0.0931187 -0.0823392 0.4500126 0.2651201 -0.1001389 0.2264999 -0.1148148 0.3942833 -0.2118117 0.2029764 0.1038451 0.0593616 0.0172251 0.0277993 -0.0890332 0.2927126 -0.2814869 -0.2650221 0.3869285 -0.3087470 0.3611228 0.3895891
-0.0123337 0.3983410 0.2859789 0.5674003 0.1916459 0.6404129 0.0000000 0.4214396 0.7454100 0.5717640 0.2077580 0.5101218 0.3300058 0.1755834 0.4895549 -0.0608615 0.1508068 0.0627410 0.0704761 0.0757781 0.6027359 -0.0676169 -0.1513466 0.4462798 0.1204206 -0.2097390 -0.0903981 0.3005112 0.5342866 0.2991498 -0.0644733 -0.0670462 0.4014667 0.2825454 -0.0934450 0.7241836 -0.1218720 0.3174252 0.3564361 0.5854332 -0.0924144 0.7498369 0.2211750 0.2370342 0.5614999 0.3052626 0.0192738 0.2956677 0.2592425 0.5203707 0.0841663 0.3898492 0.3568763 0.3061154 0.5863741 0.1371064 0.1219585 0.4759198 0.6515104 0.2681221 0.7391808 0.1782187 0.0407414 0.3173701 0.5871102 0.1407083 0.2481893 0.3553641 -0.1126586 0.2008111 0.3504067 0.5093028 0.3222286 0.6765579 0.0405879 0.4122120 0.5080513 0.1645773 0.2793234 0.4077345 0.2210754 0.0636664 -0.0971466 -0.2258085 0.0381997 -0.4942514 -0.1967238 0.1522070 -0.4251942 -0.5541235 -0.3554767 -0.5259795 -0.3957705 0.1255442 -0.6180924 -0.0533366 -0.1849872 -0.2714784 -0.3301690 0.0040990 -0.3172246 -0.3296077 -0.2050602 0.0384826 -0.1356321 0.1789708 -0.1008559 -0.0395329 -0.0110955 0.2028475 -0.3901259 -0.0659755 0.1478042 0.1807709 0.3013039 0.0520605 0.2312930 0.2677586 0.1507118 -0.1191083 -0.0176401 -0.1639827 -0.2279683 0.1210836 -0.2018152 0.3738576 -0.2488930 -0.2131182 -0.0935988 0.3665804 0.0230294 0.0794828 0.1626546 0.4208442 -0.2079570 -0.2919735 0.2175701 0.1537569 0.1939578 0.6267167 0.0939217 0.3250881 -0.4640671 -0.0567005 0.0108117 -0.2442938 -0.0267527 -0.0855886 0.1624884 0.1632572 0.3764497 -0.1590280 0.3006764 -0.1859047 -0.2816445 -0.6254198 -0.2535741 -0.0110747 -0.2294924 -0.3839663 -0.2207063 0.2846206 -0.5697882 -0.4961452 0.2288005 -0.1373295 -0.1161059 0.0316072 -0.0718597 0.1731795 -0.1003824 0.1045120 0.3462523 0.2356084 0.5072875 0.6304550 0.3664502 0.2711153 0.3583235 0.0601192 -0.5513981 -0.3932860 0.4579705 -0.0706003 0.5598846 0.7625304 0.6658851 0.6634471 0.5627193 0.4511047 -0.3403477 0.4177432 0.4682234 -0.3492170 0.3058477 0.2700374 0.4165929 -0.0050312 0.3869713 0.2587532 -0.5391055 -0.0859919 -0.4132782 0.1598770 0.0620629 0.4250916 0.0058909 0.0510090 -0.4294474 -0.2450648 -0.2278786 0.4861182 0.0699663 0.0774673 0.2157695 -0.2352385 0.4209825 0.2113035
-0.1941062 0.6854205 0.6249926 0.8810217 0.4586714 0.5768034 0.4214396 0.0000000 0.6411247 0.5689722 0.8560779 0.5456030 0.8664905 0.1594333 0.1739013 0.6871450 0.5272956 -0.0203928 0.7869523 0.0397361 0.6095770 0.6115783 0.3762177 -0.3556156 0.6569481 0.4812669 0.1760133 -0.5077677 0.2417256 -0.0837134 0.4930196 0.3422805 -0.3981981 -0.4366084 0.3503515 0.7016017 0.4232071 0.7745687 0.1031464 -0.0059297 0.6404557 0.4714773 0.3978729 -0.5868984 -0.0170299 0.6027336 0.4547581 0.6219580 -0.5139804 0.4386262 0.4116564 0.2364539 -0.3670613 0.2387648 0.6059176 0.2409056 0.5247776 0.0123262 0.7068491 0.3115549 0.5969019 0.3452208 0.1726785 0.1281688 -0.1514957 0.4133703 0.2166933 0.4086800 0.1782559 0.6470801 0.3129215 0.5088313 -0.1465441 0.8047442 0.3214996 0.6583420 0.9048250 0.0787935 0.6484814 0.8623701 0.6732685 -0.5757619 -0.5907125 -0.5143423 -0.2423728 -0.4273632 -0.2626469 -0.3598067 -0.6589281 -0.3769937 -0.6562989 -0.5860041 -0.4632053 -0.1703019 -0.6790801 -0.3196818 -0.6123666 -0.3857312 -0.5376060 0.0531090 -0.3043852 -0.4843937 -0.3356351 -0.0982329 -0.5915013 -0.3361596 -0.4574000 -0.4401174 -0.2869352 -0.1691100 -0.6469607 -0.4311721 0.0519130 -0.0136549 -0.1057330 -0.0116406 0.0091524 -0.2160049 -0.1251699 -0.2181179 -0.4440880 -0.1246632 -0.1343345 -0.0285411 -0.4621018 0.1434499 -0.1448888 -0.0056673 -0.0054227 0.2012689 -0.1921732 0.4326049 -0.2753094 0.4925238 0.1865656 -0.1808886 0.1777186 0.3197471 0.1605659 0.7137122 0.1502364 0.3833757 0.1977433 0.0734063 0.1010076 -0.0766838 0.0669128 0.0425030 0.1292870 0.2975114 0.3348359 0.1478368 0.2193110 -0.0284779 0.2430847 -0.1344543 -0.0604328 0.0729399 0.1052663 0.2609817 0.1200864 0.1168224 -0.0345062 0.1137440 -0.0899399 0.1762178 0.0746370 0.0939529 0.2092260 0.1245663 -0.0287206 0.0481272 -0.0591965 -0.0018442 0.4186851 0.4523598 0.4025984 0.1212156 0.5989962 0.3734896 -0.0534224 0.1902578 0.5164328 0.3966729 0.7756299 0.4636141 0.8474167 0.8000835 0.9117053 0.8081267 -0.2361322 0.7791606 0.5136636 0.1447498 -0.0934712 0.3168602 0.0940959 0.3456092 0.8171126 0.1261916 -0.1115245 -0.1084356 -0.1020048 0.3146451 -0.2241925 -0.0570581 0.2747764 0.0807269 -0.2623946 0.1196602 -0.2013893 0.5003362 -0.1078347 0.0322908 0.6717039 -0.3573838 0.4093445 0.5396009
-0.1292795 0.5458312 0.2834366 0.6949984 0.0865036 0.6594755 0.7454100 0.6411247 0.0000000 0.7466912 0.4243141 0.6874334 0.5646569 0.0765684 0.6200339 0.1340461 0.2012667 0.1645450 0.2384091 0.1545053 0.7689660 0.1809333 0.0205666 0.3782252 0.2520546 0.0482221 -0.3005198 0.0607983 0.6431530 -0.0925232 0.1518486 -0.1879570 0.2828711 0.1962845 0.0458004 0.8456786 0.0881427 0.4895395 0.1903152 0.4844115 0.0226769 0.8159569 0.2281225 -0.0385126 0.5604105 0.3471526 0.2298243 0.4120112 0.1179114 0.5679451 0.2457033 0.2185775 0.2745003 0.1433888 0.7344638 0.1937073 0.2135565 0.2503209 0.7305601 0.2813484 0.8813261 0.1322676 0.0475745 0.4212098 0.4799997 0.1404892 0.2368713 0.2799298 0.0107320 0.3289812 0.2033701 0.6953175 0.1139490 0.8201720 0.1697915 0.5010608 0.6914877 0.1222885 0.4097266 0.6535377 0.4539896 -0.1579151 -0.3275903 -0.4316425 -0.3033755 -0.5837930 -0.2610410 -0.2887778 -0.5184720 -0.7609791 -0.5268524 -0.5727908 -0.5954471 -0.1794618 -0.7077110 -0.2760055 -0.3512691 -0.4676630 -0.6641080 -0.2338682 -0.4304243 -0.4853631 -0.4325275 -0.1606648 -0.3553121 -0.2094301 -0.3593245 -0.3368386 -0.2533013 -0.2573471 -0.6352665 -0.3445236 0.0422649 -0.0571350 -0.1581566 -0.0010184 -0.0460406 -0.1994533 -0.2034714 -0.3188110 -0.3302402 -0.3018633 -0.2731098 0.0277410 -0.5827017 0.0828608 -0.0507538 -0.1790250 -0.1680019 0.4645057 -0.2167077 0.1739893 -0.1487988 0.7074461 -0.1998448 -0.3486512 0.0644776 0.0924734 -0.0381206 0.6652501 -0.0860813 0.2637796 -0.3446321 -0.0115349 -0.2508662 -0.1605790 -0.2088576 -0.2358914 -0.1846910 0.1165083 0.3019743 -0.1089715 0.1753103 -0.2887932 -0.2384768 -0.4143482 -0.2361167 -0.2141587 -0.4064783 -0.1115083 -0.3022065 0.1714511 -0.3995100 -0.2627848 -0.0794371 -0.2410753 -0.1044052 -0.2281374 -0.2528753 0.1858994 -0.4331070 -0.1796397 0.1881208 0.0842911 0.4099772 0.4150146 0.3751249 0.2532982 0.4439803 0.1309845 -0.2483824 -0.1222186 0.5367685 0.2526564 0.7606172 0.7917034 0.8518047 0.8210304 0.7795438 0.6705742 -0.3672292 0.6459655 0.5390409 -0.1039962 0.0249611 0.2367427 0.3556341 -0.0130858 0.5601700 0.1300270 -0.1973131 0.1748570 -0.1835788 0.3959121 -0.3618350 0.0138856 0.1393291 -0.1347759 -0.1712555 0.2147394 -0.0070471 0.5959102 -0.3303858 0.0271262 0.4259222 -0.4190814 0.4592232 0.2545496
0.0159523 0.5590852 0.2141412 0.6511170 0.0725375 0.5954500 0.5717640 0.5689722 0.7466912 0.0000000 0.5930872 0.5143844 0.5636219 0.4707893 0.3110791 0.2328907 0.5788204 -0.0610273 0.2965519 -0.0374644 0.6078907 0.2851964 0.0587456 0.0987721 0.1592687 0.1438083 -0.0473839 -0.1446685 0.6514465 0.0695183 0.2220320 -0.2452826 0.2541460 0.1726103 0.1652460 0.6307660 0.0877994 0.5754668 0.4742402 0.4201954 0.1708030 0.6764633 0.4404082 -0.1414571 0.4631762 0.3309277 0.3433719 0.6215562 0.1000158 0.3953888 0.4365543 0.3539401 0.1932067 0.3484678 0.6748281 0.2134740 0.2236255 0.4593114 0.5320003 0.4230491 0.7646658 0.3126390 0.2422327 0.5536331 0.4048298 0.0878744 0.1948232 0.3197913 0.1777359 0.4982406 0.0292748 0.6912648 -0.0418813 0.7570833 0.2601295 0.5220720 0.6081475 -0.1220056 0.3581391 0.5636380 0.2925333 0.0099122 -0.3852697 -0.4790759 -0.0680524 -0.6051097 -0.4046245 0.0192986 -0.5946479 -0.6146669 -0.6311972 -0.5922034 -0.6528593 -0.2063669 -0.6832827 -0.3772273 -0.4473922 -0.5685865 -0.5313691 -0.1108215 -0.5535168 -0.6324189 -0.2055892 -0.1552608 -0.5140139 -0.2482154 -0.4780014 -0.1148074 -0.3961718 -0.2196038 -0.6117880 -0.3599630 -0.1582389 -0.0198914 -0.1699918 -0.2594638 -0.1826865 -0.1775301 -0.2443548 -0.3896265 -0.5070078 -0.2526118 -0.0199568 -0.0401585 -0.5142223 0.0073478 -0.2122613 0.0808350 -0.0487283 0.1791264 -0.2743379 -0.0689330 -0.1598866 0.4580188 -0.3484673 -0.5626782 -0.1540231 0.1436121 -0.0933037 0.4177866 -0.2476106 0.0590479 -0.3570660 -0.1046130 -0.1112061 -0.3073916 -0.0981326 -0.2342661 -0.2378162 -0.0416354 0.1741320 -0.3165865 0.1213777 -0.2590766 0.0122460 -0.2520638 -0.2555275 -0.3277007 -0.3703658 -0.2115854 -0.1775913 0.1488843 -0.1364329 -0.3073772 -0.0787522 -0.2642770 -0.1252223 -0.1603004 -0.0166686 0.1171775 -0.3149505 -0.0789125 0.3671320 0.3948868 0.1904289 0.0961664 0.0785895 0.1213697 0.2347498 0.0748054 -0.1187748 -0.0890726 0.4208620 0.0528544 0.5819572 0.5733819 0.6330905 0.6728104 0.6918433 0.7415745 -0.3369104 0.5822278 0.4389619 0.0939697 -0.0357610 0.3201582 0.2137883 0.0743172 0.4281909 -0.0665020 -0.1271708 0.3620702 0.0133933 0.3848899 -0.4552602 -0.2508936 -0.1975976 -0.2421491 0.1092998 0.4299105 0.1471233 0.4718872 -0.4637069 -0.4150098 0.1348593 -0.6938143 0.5270502 0.3080649
-0.2430126 0.6736926 0.5240869 0.7791859 0.4944277 0.5406345 0.2077580 0.8560779 0.4243141 0.5930872 0.0000000 0.2766758 0.8109408 0.4424669 0.0550432 0.7600791 0.7825739 0.0106117 0.8504302 -0.0086970 0.3095979 0.6815565 0.5012338 -0.4231542 0.6875355 0.5946894 0.4185065 -0.5062657 0.0895775 0.1411760 0.5335761 0.4294277 -0.4686206 -0.4591521 0.6161093 0.3826152 0.5271383 0.7887928 0.3250004 -0.0436098 0.7046622 0.2134773 0.6563099 -0.6890563 -0.1563739 0.5827882 0.5887688 0.6672395 -0.5096623 0.3256267 0.5604726 0.3327892 -0.4078124 0.2537192 0.4653506 0.2320122 0.5186050 0.0005491 0.4084254 0.4069584 0.3606582 0.3351427 0.2289835 0.1632488 -0.2310111 0.3210189 0.1324550 0.2229239 0.3024742 0.6995124 0.1097983 0.4351664 -0.3321112 0.6616568 0.3349309 0.6305085 0.8433168 -0.0283361 0.5311367 0.7397101 0.5124773 -0.4342711 -0.6254366 -0.5933740 -0.2844371 -0.4707272 -0.2565652 -0.3166769 -0.5903996 -0.2696740 -0.6046540 -0.5293202 -0.5120619 -0.1873711 -0.4961133 -0.3063767 -0.6109004 -0.4645316 -0.4603062 0.1090754 -0.3227270 -0.5824778 -0.3644167 -0.1223252 -0.7046590 -0.4589381 -0.5702006 -0.4423193 -0.4018756 -0.2795762 -0.5299007 -0.4530353 -0.1010707 -0.0699751 -0.1914625 -0.1041735 -0.0198238 -0.2300692 -0.1453016 -0.3525677 -0.4688450 -0.0853501 0.1110358 -0.0504388 -0.5205828 0.0819252 -0.2241300 0.1073017 -0.0750798 0.0139690 -0.3092952 0.1244458 -0.4525328 0.3572963 -0.0020231 -0.2663828 -0.0285323 0.0876425 -0.0651350 0.3250820 -0.1139597 -0.0030477 0.2073489 -0.0510637 -0.0045238 -0.3071215 -0.0557494 -0.1414606 -0.0747845 0.0118507 0.1335699 -0.0974073 -0.0718458 -0.2013498 0.3671013 -0.0789492 -0.1929377 -0.1654963 0.0303260 0.2647987 0.0443425 -0.1061866 0.0566180 0.1673857 -0.2253992 -0.0367216 -0.1176991 -0.0705730 0.0871233 -0.0636655 -0.1614234 -0.1349157 -0.0999276 0.0523648 0.1643250 0.1092156 0.0889446 -0.1485336 0.2560793 0.2222431 0.0432017 0.1692694 0.2686434 0.2173065 0.5553992 0.2262522 0.5649139 0.5775673 0.7583309 0.7952057 -0.2552308 0.6180144 0.2509277 0.1980034 -0.1986765 0.1766880 -0.1955149 0.2835014 0.6128033 -0.0781015 0.0400172 0.1483758 0.0357630 0.1983653 -0.1847124 -0.1155325 -0.0058123 0.1300364 0.0261214 0.3175550 -0.1990679 0.2074328 -0.1061710 -0.2632788 0.4682637 -0.4238104 0.4446292 0.6783352
0.3014341 0.6277769 0.5085191 0.6508500 0.1806241 0.4173376 0.5101218 0.5456030 0.6874334 0.5143844 0.2766758 0.0000000 0.3619654 -0.1717991 0.4668374 0.1318383 0.0085505 -0.2540611 0.0614171 0.0376954 0.9127908 -0.0923463 -0.1811462 0.0584179 -0.0200484 -0.1922354 -0.2839536 -0.1310381 0.7708339 -0.3452982 -0.0640071 -0.4411522 0.2465118 0.1973218 -0.4282669 0.8208594 -0.3035565 0.1897847 -0.0412167 0.2021888 0.0195473 0.8424811 -0.1036967 -0.0824732 0.5477191 -0.0802073 -0.2089365 0.1026209 -0.0548379 0.0790972 -0.2293329 -0.0829717 0.1813686 -0.2064693 0.5208764 -0.1918694 -0.1692859 -0.0860076 0.6210777 -0.2276848 0.6632085 -0.2145652 -0.2259002 0.1075171 0.2665683 -0.2189043 -0.1543840 0.3507509 -0.3721100 0.1455687 0.0029081 0.5043752 0.0788065 0.7329811 -0.2126986 0.3862469 0.5428335 0.0039281 0.3335503 0.6361484 0.3991793 -0.1588499 -0.1481031 -0.0639898 -0.4041863 -0.1796140 -0.4231123 -0.1163109 -0.1703372 -0.3981273 -0.5786110 -0.2837163 -0.4184128 -0.0155751 -0.6405524 -0.0810662 -0.1295813 -0.1868129 -0.2636763 -0.0154894 -0.2232565 -0.3936082 -0.0392543 0.0381477 -0.1907965 0.0150358 -0.1833949 -0.0422801 -0.1789244 -0.0425103 -0.3225061 -0.2795068 -0.1482378 0.1041469 0.1320837 -0.0623587 0.1808694 0.0060183 0.0040106 -0.1751263 -0.1487254 0.1399955 -0.0557619 0.0982921 -0.3345318 -0.2235823 0.1518463 0.1942704 -0.2712087 0.4581573 -0.1204270 0.5150562 0.0898790 0.5647595 0.3292314 0.0511556 0.2906627 0.3802024 0.3058840 0.7858417 0.4672406 0.5555790 -0.2245042 0.1324588 -0.0568124 0.4281233 0.2265411 0.2593957 0.2202910 0.4401919 0.3429468 0.2906259 0.5255307 0.3450906 0.2981137 -0.0896571 -0.0149385 0.2590574 -0.2986812 -0.0684699 0.2868411 0.3043860 0.0774752 -0.2081945 0.3403718 0.2953375 0.4479295 0.1951106 0.1793063 0.3870153 0.0681478 0.2343766 0.4998349 0.5094789 0.6775548 0.3605394 0.4428040 0.2574535 0.4777200 -0.0528753 -0.4234477 -0.2103126 0.6686452 0.3708346 0.7115011 0.6161185 0.7576666 0.8128941 0.6724320 0.5657595 -0.3059550 0.8058784 0.7878322 -0.1525456 -0.1113986 0.1052227 0.2571290 0.1258003 0.5122468 0.0106100 -0.1748763 -0.0629733 0.0908807 0.4860798 -0.4525620 -0.1383532 0.1821380 0.0545012 -0.3148445 -0.1621529 0.1246030 0.6886496 -0.4500118 0.1960922 0.2700617 -0.2308281 0.1867171 -0.0004134
-0.2006634 0.5566193 0.5685036 0.7067824 0.6619669 0.5886438 0.3300058 0.8664905 0.5646569 0.5636219 0.8109408 0.3619654 0.0000000 0.3143132 0.1655425 0.6372357 0.6307641 0.1454420 0.7283514 0.1279639 0.4620501 0.6931822 0.4412886 -0.2695029 0.6633003 0.4966640 0.1607099 -0.3799253 0.0878131 0.1038554 0.6396143 0.3698509 -0.4713154 -0.5531602 0.4605625 0.5659626 0.4821529 0.8459155 0.1277378 -0.0985633 0.7045465 0.3001894 0.4728676 -0.6973046 -0.1601385 0.4839071 0.5315770 0.6650116 -0.4972187 0.5272408 0.5048891 0.2440973 -0.4624856 0.2893377 0.6194763 0.2757762 0.5270057 0.0574623 0.4801181 0.3961086 0.4879479 0.3976428 0.2528057 0.1693013 -0.1371864 0.3939405 0.1758969 0.1790413 0.2863851 0.5656516 0.1128582 0.3594983 -0.3616294 0.6779961 0.4129726 0.5373690 0.8068744 -0.0702212 0.4496292 0.6860171 0.4810445 -0.3467579 -0.7295032 -0.7321549 -0.3388699 -0.6199700 -0.1502318 -0.4148315 -0.7454865 -0.4800337 -0.6132107 -0.6337318 -0.4396912 -0.2745317 -0.6143904 -0.1229077 -0.5962130 -0.3766432 -0.5243646 -0.1067992 -0.4600745 -0.4490688 -0.4740558 -0.2680896 -0.6446080 -0.3809653 -0.5258429 -0.5317904 -0.3574523 -0.2299691 -0.6239899 -0.4010533 0.0380986 -0.0332676 -0.2100709 -0.0997853 -0.0874627 -0.2435153 -0.2419829 -0.3368154 -0.5449539 -0.3042854 0.0666038 -0.0777196 -0.5250211 0.0921512 -0.3359658 0.0553473 -0.0933443 0.1208750 -0.3701171 0.2329763 -0.3999447 0.3817093 -0.0189590 -0.3447887 -0.0770464 0.0398400 -0.1736835 0.4553619 -0.1233257 0.0645561 0.0478066 -0.0898544 -0.0604598 -0.2747778 -0.3050237 -0.3163647 -0.2238127 -0.0296052 0.0276591 -0.0708626 -0.1300061 -0.3178431 0.2104297 -0.2187788 -0.3566749 -0.2758081 -0.1258810 0.0339787 -0.1234567 -0.1290518 -0.2005856 -0.0695580 -0.4266462 -0.1168884 -0.3071311 -0.2849157 -0.0892562 -0.2292635 -0.3309984 -0.3254042 -0.1373676 -0.0317811 0.1014338 0.2973196 0.3525624 0.0718914 0.5148374 0.3640746 0.0641335 0.1332564 0.1963895 0.1265013 0.4915795 0.4690208 0.7311273 0.6736177 0.8038533 0.6325327 -0.2618067 0.5297713 0.2976895 0.3517594 -0.1241034 0.4189626 0.0700710 0.3774745 0.6256544 -0.0203911 0.1496262 0.1377721 0.0723702 0.4217559 -0.0735953 -0.0914400 0.0932950 -0.1509355 0.0828683 0.3151328 -0.0546734 0.3522318 0.0024091 -0.1310357 0.5082848 -0.5152187 0.3501869 0.4166304
-0.0827305 0.2760747 0.0069571 0.2856478 0.2525526 0.4272375 0.1755834 0.1594333 0.0765684 0.4707893 0.4424669 -0.1717991 0.3143132 0.0000000 -0.0311298 0.2715488 0.8381842 0.1260791 0.2281823 -0.1140183 -0.1525552 0.3001801 0.3806672 0.0027182 0.1600235 0.1878098 0.5259310 0.1481427 0.0248570 0.6175926 0.3003157 0.1712897 0.0295318 -0.0144407 0.4416845 -0.0605317 0.1697685 0.3397332 0.5850230 0.2115527 0.1862077 -0.1154117 0.6845879 -0.0154874 -0.1040519 0.1652460 0.3962242 0.4241600 0.1494352 0.1847062 0.4555909 0.5928480 -0.0152679 0.5214559 0.2067316 0.3386906 0.2898284 0.5290023 -0.0244078 0.4631454 0.0578151 0.3277562 0.4157911 0.2572661 0.1306299 0.2847169 0.0588662 -0.0921458 0.4124043 0.3839639 0.0081816 0.0804784 -0.1517011 0.1887606 0.2654546 0.3623295 0.2818246 0.1008864 0.1460539 0.1982903 0.1503993 0.3086691 -0.0704677 -0.2666643 0.2949570 -0.2565916 -0.0891187 0.3669452 -0.2838280 -0.0015274 -0.1735541 -0.1977883 -0.1742335 0.1811146 -0.1857545 0.1765729 -0.1178391 -0.3231598 -0.0959401 0.0403052 -0.1437231 -0.2687243 0.0780644 -0.0873629 -0.2385524 -0.0881906 -0.2550834 0.1327225 -0.2597912 -0.1154971 -0.1846154 -0.1161225 -0.0976660 -0.0466086 -0.0668193 -0.2735395 -0.1001080 0.0545190 0.0743121 -0.2195836 -0.1794373 -0.0812321 0.5070132 0.2112521 0.0202976 0.1969277 -0.2702393 0.1829994 0.2095230 -0.0422420 0.0386988 -0.4623119 -0.1732029 0.0001448 -0.5427095 -0.4876923 -0.1559617 -0.0584365 -0.2078994 -0.1576093 -0.5103054 -0.3576113 -0.0955562 -0.3102365 -0.1094340 -0.5074423 -0.2742774 -0.3644507 -0.2979789 -0.4448403 -0.1110367 -0.5296392 -0.2607948 -0.3959260 0.0362528 -0.2848451 -0.3022476 -0.4149343 -0.0892039 -0.1026544 -0.2512227 -0.1493418 -0.0936228 -0.2179983 -0.2412023 -0.2968851 -0.4463479 -0.2253831 -0.0481461 -0.2941550 -0.1840442 -0.1769836 0.1606481 0.3692089 -0.1140892 -0.1350054 -0.2395927 -0.1470362 -0.0876096 0.0788682 -0.0481977 -0.0680374 -0.2470358 -0.4207991 -0.0743039 -0.0254095 0.0182812 0.1322963 0.2083310 0.3087593 -0.1102434 0.0779384 -0.0839957 0.1247341 0.0710466 0.0925476 0.0436464 0.1744946 0.1213089 -0.0954633 0.1865521 0.2727057 0.1118373 0.1538136 -0.0419999 0.1733585 -0.4268703 0.1260231 0.3823603 0.3549951 -0.0636340 -0.1027312 -0.0394893 -0.4074470 -0.1766883 -0.1442886 0.4065400 0.3993044
-0.2259739 0.1689752 0.0718601 0.1972381 0.1058958 0.2971369 0.4895549 0.1739013 0.6200339 0.3110791 0.0550432 0.4668374 0.1655425 -0.0311298 0.0000000 -0.0742025 -0.0281520 0.6427973 0.0097922 -0.0808647 0.2938192 -0.1559013 -0.1431981 0.6152753 0.0171426 -0.1835254 -0.0413467 0.3060548 0.3151927 -0.0320703 -0.2745932 -0.1433473 0.2247440 0.3038860 -0.1348923 0.2912705 -0.2009410 -0.0046875 -0.0812276 0.1326207 -0.1338632 0.3963825 -0.0516123 0.0982820 0.3536891 -0.1913092 -0.2412838 -0.1215989 0.1359110 0.1046635 -0.2144341 -0.1890218 0.3381873 -0.2913180 0.1445215 -0.3154946 -0.2212929 -0.0808495 0.3880730 -0.1779724 0.4762547 -0.2756352 -0.3828184 0.0327655 0.3364859 -0.1126582 -0.0136703 -0.1170587 -0.3808524 -0.1762672 0.0851738 0.2710873 0.2427043 0.2860163 -0.3644796 0.0077282 0.2635482 0.0294206 0.0461300 0.1588130 0.0651067 -0.1235006 -0.3320669 -0.3855899 -0.4150429 -0.4968133 -0.1832555 -0.2266215 -0.3207892 -0.3031005 -0.3595070 -0.4735953 -0.5743255 -0.1954247 -0.4958786 0.1334709 -0.3131737 -0.4995197 -0.3424616 -0.3442877 -0.1149923 -0.4584050 -0.4097543 -0.0716111 -0.2654227 -0.1441671 -0.2416767 -0.3113605 -0.2888606 -0.0286678 -0.2183261 -0.1946678 -0.0318961 -0.0378648 -0.0284561 0.0005928 0.1829119 0.0771972 0.0950998 -0.1761433 -0.0744541 -0.1023274 -0.0222152 -0.0098518 -0.4036473 -0.1385985 -0.0588867 -0.0633598 -0.3707605 0.1706681 -0.2757647 0.1048267 0.0495683 0.1978861 -0.0745198 -0.0949620 0.1151021 -0.0822236 -0.0412504 0.1659822 0.0265337 0.0997823 -0.1579548 -0.1009546 -0.2321476 -0.0578664 -0.1639068 -0.1128451 -0.0950880 0.1285741 0.2391545 -0.0299073 -0.0627581 -0.1700280 0.0045345 -0.3915729 -0.1671824 -0.0520460 -0.2887910 0.0830445 -0.1503935 -0.0084803 -0.4266212 -0.1521715 -0.0256521 -0.0911301 -0.2039191 -0.2704697 -0.4719482 0.0031504 -0.3734774 -0.3039436 0.0077623 0.1452154 0.0279322 0.0537131 0.0683465 -0.0125117 0.0038742 -0.2246121 -0.2861054 -0.4517628 0.1162042 -0.0078518 0.3865453 0.3635921 0.3702537 0.3296136 0.2592111 0.1576296 -0.1756408 0.1462442 0.1212559 -0.1812617 -0.0258326 0.0250915 0.3075678 -0.1763147 0.0727752 0.0399022 -0.2487833 0.0435008 -0.3096910 -0.1217312 -0.0406175 0.3807019 0.1554130 0.1849993 -0.2072006 -0.0973479 -0.3159128 0.0179963 -0.1483155 0.0425027 0.0504890 -0.0034297 0.2380496 0.0138917
-0.3885718 0.3651233 0.2712481 0.4588013 0.3747610 0.1768870 -0.0608615 0.6871450 0.1340461 0.2328907 0.7600791 0.1318383 0.6372357 0.2715488 -0.0742025 0.0000000 0.6954035 0.0090967 0.7475844 -0.1296078 0.1383456 0.5997072 0.8232979 -0.6408557 0.5043835 0.6665398 0.5886122 -0.6579715 -0.1676358 -0.0864588 0.4166677 0.4824348 -0.5686153 -0.5499068 0.5318701 0.1712994 0.5404815 0.6059293 0.2395908 -0.2585866 0.7759561 -0.0454081 0.6371411 -0.6452043 -0.4082068 0.3862742 0.6524345 0.5349044 -0.4897751 0.1869099 0.5800429 0.4326133 -0.4757509 0.3943088 0.2337294 0.2606536 0.6290824 0.0105143 0.1924564 0.3824656 0.1136622 0.5270068 0.2484656 0.2270178 -0.4312357 0.4852254 0.2675489 0.2414702 0.4336769 0.7368030 0.1756698 0.3789807 -0.3024222 0.3794426 0.3837951 0.5936485 0.6217472 -0.0909901 0.4010108 0.6233060 0.6204709 -0.5381044 -0.3842756 -0.3973612 -0.1571290 -0.2357451 -0.4331959 -0.4464903 -0.4386326 0.0069826 -0.5829465 -0.5584653 -0.2894878 -0.2723421 -0.4341215 -0.3321096 -0.7127402 -0.4071117 -0.3332960 -0.0880776 -0.3760852 -0.4785106 -0.0341677 -0.3471070 -0.7914282 -0.4772419 -0.4082528 -0.2050693 -0.4627726 -0.0999822 -0.4297328 -0.4102322 -0.0831288 -0.0939934 -0.0806738 -0.1893095 -0.0864051 -0.2812027 -0.1797265 -0.3311925 -0.4804639 -0.0850840 0.1310663 -0.1949184 -0.3275404 -0.1149455 -0.0064405 0.2430838 0.0160980 0.0702624 -0.1301262 0.3070895 -0.2823290 0.1627736 0.1970425 -0.1023487 0.0061091 0.2871134 0.0653246 0.2796435 -0.0825113 0.1351762 0.4229125 -0.1929609 -0.1011189 -0.1075718 0.0154480 0.0013738 0.0411804 0.0666630 -0.0660247 0.0167390 0.0147347 -0.0773523 0.5120845 -0.0936824 -0.0280340 -0.0209703 0.3616797 0.3220588 -0.0066292 -0.1746670 0.1365215 0.2224795 -0.2480750 0.1216808 -0.0394830 0.0373874 0.2689677 -0.2053197 0.0945229 -0.0513461 -0.3027598 0.0512425 0.0931351 0.1102500 0.1230936 0.0977241 0.2709935 0.1060069 0.1335274 0.2769493 0.1436311 0.3120782 0.3838615 -0.1618058 0.3074787 0.3294897 0.5367983 0.6000213 -0.2172916 0.5051805 0.3289766 0.4030461 -0.3619636 0.3109432 -0.0346920 0.5239582 0.6753597 -0.1903676 0.1711333 -0.2291772 -0.0708431 0.0738995 -0.2862536 -0.1152395 -0.0367806 0.2446715 -0.0090451 0.1115343 -0.3689546 0.1358504 -0.0092368 -0.1409241 0.2524761 -0.1571537 0.4384300 0.7315155
-0.1843421 0.5041854 0.2451356 0.5069468 0.4360858 0.5024639 0.1508068 0.5272956 0.2012667 0.5788204 0.7825739 0.0085505 0.6307641 0.8381842 -0.0281520 0.6954035 0.0000000 0.0628397 0.5811420 -0.1982149 0.0417701 0.5492860 0.6499166 -0.3451821 0.3984950 0.4544201 0.5876132 -0.2846263 0.0011070 0.4057927 0.4651030 0.3195848 -0.2656507 -0.3001105 0.5680440 0.1245937 0.3354638 0.6249141 0.5322237 0.0182810 0.5639267 -0.0114345 0.8103948 -0.4309823 -0.2497879 0.3297963 0.6045337 0.6445042 -0.2058895 0.2445358 0.6242584 0.6077343 -0.2824052 0.5273889 0.3390918 0.3111100 0.4608391 0.3428155 0.1227600 0.4982105 0.1665015 0.4798978 0.3507988 0.2941702 -0.1112110 0.3471277 0.1268174 0.0622567 0.4656237 0.6542138 0.0059649 0.2765221 -0.3251126 0.4264521 0.3718046 0.5953946 0.5884132 -0.0336404 0.3513665 0.5125522 0.4235432 -0.0212191 -0.3513078 -0.4859143 0.0365006 -0.4397707 -0.3298795 0.0073050 -0.5280000 -0.1227175 -0.5105706 -0.5076594 -0.3845959 -0.0982214 -0.4632833 -0.0838275 -0.5108409 -0.5124668 -0.3532228 -0.0737152 -0.3940729 -0.5541230 -0.0630041 -0.3229131 -0.6656771 -0.3496292 -0.5120191 -0.0736667 -0.5125286 -0.1784583 -0.4363264 -0.3491612 -0.2045219 -0.1260556 -0.1670187 -0.3683014 -0.1651425 -0.1608615 -0.1230950 -0.3825189 -0.4505975 -0.1531888 0.4179440 0.0428276 -0.2701499 0.0898312 -0.2789662 0.2612797 0.0993495 0.0078988 -0.1596735 -0.1629856 -0.3064330 0.1531125 -0.3006724 -0.4556105 -0.1653341 0.0597637 -0.1654399 0.0592063 -0.4014233 -0.2135603 0.0935380 -0.3209723 -0.1529306 -0.4876689 -0.2323578 -0.3168918 -0.2222244 -0.2833905 -0.1071976 -0.4114327 -0.1971153 -0.3500976 0.2946439 -0.2708583 -0.3146826 -0.3572559 0.0234026 0.0451349 -0.1761829 -0.1744419 -0.0133068 -0.1228405 -0.2907472 -0.1959901 -0.3566537 -0.1615784 0.0744849 -0.3093640 -0.1283193 -0.1850510 0.0395374 0.3070235 -0.0325469 -0.0453724 -0.0810278 -0.0895923 0.0793966 0.0738529 0.0006712 0.0628080 -0.0370037 -0.1038834 0.2128497 -0.0002714 0.2548146 0.3550872 0.5174778 0.6236109 -0.2338340 0.3667657 0.1540309 0.3115930 -0.1388584 0.2417545 0.0012837 0.3954089 0.4599788 -0.1760302 0.2020532 0.1738333 0.0413433 0.1948483 -0.2081961 -0.0032048 -0.3437023 0.1591315 0.2914202 0.3372763 -0.2134323 0.0399285 -0.1075110 -0.4526597 0.0352347 -0.3297724 0.5465975 0.6664390
