0.0000000 0.0130661 0.7858467 -0.2457885 0.5704408 -0.2864518 -0.2208890 0.3164669 -0.4587654 -0.2074519 0.2118397 -0.5313265 0.5307452 -0.2531135 -0.4236310 0.3633678 0.2280416 -0.4656004 0.4195631 0.3807010 -0.5169688 0.5659737 0.2544846 -0.4595524 0.5807898 0.3614728 0.1896509 -0.3436414 -0.4662935 0.0795446 0.4697114 0.6225262 -0.4891167 -0.5524632 0.1957743 -0.1825167 0.4762450 0.5326109 0.1405485 0.1175071 0.6100978 0.5526531 0.2910017 -0.3292620 0.2114687 0.4024462 0.4751292 0.6104878 -0.3439697 0.3512681 0.3743310 0.3306634 -0.2869906 0.1907966 0.4379308 0.4490220 0.6737044 0.0895008 0.5152071 0.3926118 0.5964592 0.4405368 0.5824704 0.2144530 0.1798591 0.8178717 0.4752908 0.4036652 0.5875344 0.2843225 0.6697298 -0.0833356 0.5358105 0.3125061 0.6431406 0.4346683 0.1730168 0.5025851 0.6520527 0.8152770 0.3399791 -0.3541184 0.1194947 0.2740653 -0.0226704 0.0784762 0.1381388 -0.2404510 0.0612507 0.1435210 0.0749426 0.2023658 0.1518723 -0.1761119 -0.0693260 -0.1291831 0.1694361 0.2188230 -0.0005256 -0.3782148 0.0569748 0.0682610 0.1308906 0.0199399 -0.0762739 -0.2806317 -0.1144336 0.3555276 0.2379218 0.1760926 -0.1085902 0.1767640 -0.3798463 -0.4104755 -0.0859747 -0.3697884 -0.4264280 -0.1850240 -0.5957573 -0.0852878 -0.2494701 -0.0480069 0.3561369 -0.4662325 -0.2722508 0.1455990 0.1615819 0.0759170 -0.0092266 -0.1654422 -0.2910983 -0.1701314 0.3881446 0.2211994 0.1640882 -0.0319483 -0.1616546 -0.2944579 -0.1726711 0.2032255 -0.1023505 -0.0168657 0.1379987 0.4395006 -0.1458353 0.0838727 -0.3153828 -0.2196571 -0.1859767 0.3006930 0.4142716 0.2241782 -0.3009031 0.0555198 0.4068201 0.1582358 -0.1370979 -0.2411995 -0.3387589 0.2376294 -0.2672738 -0.0584987 0.1495259 0.1727282 -0.3035012 -0.0866382 0.1041825 -0.1405489 -0.3447134 -0.1844697 -0.2835251 -0.2375152 0.1880225 0.2091116 -0.2382723 -0.1560648 -0.2647723 0.1261647 -0.3410273 0.0406256 0.3430787 0.4164139 0.6160089 0.5222176 0.3934421 0.5241199 0.0284495 0.3745548 0.6899799 0.4388220 0.0300845 0.5981846 0.5763773 0.2008145 0.2436751 0.1798443 0.1585602 0.4407939 0.4550861 -0.0269516 0.1186150 -0.4860223 -0.1792081 0.0556204 0.1494590 0.3800223 0.0514596 -0.3085977 -0.2109081 -0.3117018 -0.1271145 -0.2713941 0.1324882 -0.2269751 -0.4515335 -0.0151396 0.1883676 0.2186293
0.0130661 0.0000000 0.2699839 0.5829299 0.0311028 0.6292270 0.4474889 0.3205229 0.2842020 -0.0181960 0.1283163 0.3529904 0.3047516 -0.2304553 0.3130889 -0.0510155 -0.1981302 0.0365461 0.1720358 0.1912568 0.2167500 0.4135633 -0.0363127 -0.1192726 0.1354798 -0.0225450 -0.3706975 -0.1628736 0.1799267 -0.3764308 0.4828924 -0.0342722 -0.0742517 0.0928307 -0.1269867 0.3142502 -0.0395160 0.2621805 -0.2231789 -0.0624763 0.2416403 0.3713914 -0.1785889 -0.1832312 0.4917937 0.0575413 -0.0671157 0.3236428 0.0783319 0.1149253 -0.2003485 0.0417016 0.1811488 0.1641716 0.1172875 0.1279191 -0.0329377 0.1244329 -0.0235498 -0.1516849 0.3899434 0.0839649 0.1692662 -0.0009340 0.2212885 0.0313614 0.0584079 0.1613859 0.3147001 0.0136139 0.2525100 0.0077979 0.3251642 -0.0488094 0.2688081 0.3508598 0.2792301 0.5265551 0.3216188 0.0770375 0.4338105 0.0129781 -0.0763238 0.0390226 -0.1230242 -0.2212655 0.0732517 0.0719808 -0.0150389 0.0200610 0.1367505 0.0515465 -0.1428772 -0.0238578 0.1619615 -0.0352788 0.1510668 -0.0277945 0.1178605 0.0024306 -0.2252745 -0.1161855 -0.1098813 0.0864782 0.1555168 -0.1673149 -0.2709477 -0.0393499 0.1001316 -0.2298853 0.1316048 -0.1608537 0.0023104 -0.1844923 0.1135584 -0.2792077 -0.1131587 0.2580384 0.1361692 -0.0118534 0.0383732 -0.1165438 0.0108019 0.1033704 0.1036268 -0.2114789 -0.2421302 -0.0211515 0.2763409 0.0925036 0.2228798 0.0821211 0.2637442 0.2038967 0.1278847 -0.2169095 0.1215532 0.1299882 0.0763458 0.1172186 -0.2005417 -0.0264685 0.3543154 -0.0586223 -0.0324060 -0.0590708 -0.2047418 -0.2994902 -0.1142803 -0.0463979 0.1109249 0.0674881 0.0094073 -0.2512574 -0.1775046 0.0130693 -0.2704254 -0.0662181 -0.0925205 0.0624653 -0.3415535 0.1453584 0.0123103 0.1518168 -0.0714446 0.0626109 -0.4157548 -0.1193834 -0.1780010 0.0865580 -0.2386641 -0.1323097 -0.1824294 0.0950320 0.4221846 0.1381587 0.0166524 -0.0551566 0.0797181 0.2844781 0.1911488 0.2642724 0.0803289 0.2106334 0.0856491 0.1707005 -0.1586203 -0.1607318 -0.1495452 -0.0894695 -0.0417133 0.0898538 -0.2211178 0.0728700 -0.0056372 -0.0401938 0.0413796 0.2185480 0.0267707 -0.1318658 -0.0122347 0.0579073 0.0365064 -0.0920579 0.1921384 0.0520304 0.0625357 -0.0050567 0.0287733 0.0602396 0.0304880 -0.0077006 0.0597437 0.1694918 0.3401677 0.2145652 -0.2591298 -0.3874944
0.7858467 0.2699839 0.0000000 0.1426069 0.7518255 -0.1635397 -0.2588621 0.5918818 -0.1961252 -0.0615530 0.0915506 -0.2194252 0.7462265 -0.0579010 -0.2614859 0.1698038 0.0800852 -0.1695160 0.4641808 0.5683461 -0.1426918 0.6098738 0.0755490 -0.2809128 0.5582384 0.1538226 -0.0742148 -0.2213095 -0.2247110 -0.0772147 0.6042845 0.4304536 -0.2244289 -0.1685722 0.0732643 -0.0032381 0.2431081 0.5955094 0.0864673 0.0841112 0.4865287 0.3442919 0.1853157 -0.2451044 0.4497354 0.3127522 0.2672434 0.6281013 -0.0148880 0.3521825 0.2072966 0.2864774 0.1874570 0.1420037 0.4897967 0.4183068 0.4309643 0.0782816 0.5454849 0.2646260 0.8580978 0.3019112 0.6522022 0.4686479 0.6161593 0.5846371 0.3613164 0.2981326 0.5860458 0.3654543 0.5497457 0.4157653 0.4838636 0.5741518 0.6394357 0.5901067 0.5963484 0.5170757 0.5864113 0.7038308 0.2266801 -0.1979606 0.2312807 0.1469044 -0.0398684 -0.1316960 -0.1683831 -0.2386142 -0.1930094 -0.0701876 -0.1305008 0.1522990 0.0459210 -0.2443810 -0.3153280 -0.0113377 0.1823475 0.1684423 -0.3832268 -0.2994555 -0.0407340 -0.0206173 -0.0007653 -0.0983900 -0.0020827 -0.2104605 -0.0489645 0.0511864 -0.0237300 -0.0235853 -0.1418052 0.0879693 -0.2368158 -0.3181784 -0.0417665 -0.3173807 -0.2859145 -0.0500591 -0.2918741 -0.1412619 -0.1132617 -0.1049585 0.3132173 -0.2806036 -0.1912734 0.0869581 0.1759575 0.1648697 -0.1073266 0.0212454 -0.0454978 -0.0277826 0.3821199 0.2841780 -0.0868950 -0.0743258 -0.0031991 -0.2741051 -0.0487551 0.3133135 -0.3248610 -0.0782425 0.0929840 0.3608037 -0.1035885 0.0473887 -0.3962142 -0.3468256 -0.3362072 0.0792624 0.3648008 0.1652599 -0.3783137 -0.2322382 0.0730429 0.1999703 -0.1906933 -0.3224275 -0.2400774 0.2214541 -0.4339706 -0.1072106 0.1030335 0.1047936 -0.4180309 -0.0845506 -0.1927677 -0.3070159 -0.3626894 -0.1912480 -0.4203342 -0.4051313 -0.0976040 0.1746691 -0.0506588 0.0488859 -0.0366129 0.1117076 0.0259117 0.2629389 0.4086794 0.3629740 0.5835316 0.4981916 0.4744957 0.7099684 0.1754561 0.2914199 0.7769693 0.5709328 -0.1127964 0.6959566 0.4526614 -0.0190586 0.0643915 0.0080404 -0.1195850 0.7223575 0.2849079 -0.0895271 0.2772235 -0.3774138 0.1107536 0.0170161 0.2292770 0.3535642 -0.1367678 -0.2004383 0.0188131 -0.1511024 0.1655604 -0.1329618 0.1960166 0.1968095 -0.1096864 0.0953022 -0.0349335 0.0683045
-0.2457885 0.5829299 0.1426069 0.0000000 -0.0952547 0.6765577 0.1080538 0.6379722 0.6330332 0.3317456 0.2452729 0.5078659 0.3951037 0.1659333 0.5394057 -0.0040068 -0.0469062 0.1397774 0.0659462 0.2799211 0.4409549 0.0088794 -0.0433589 0.1891779 -0.1451537 -0.1283189 -0.4851780 0.0518036 0.3764507 -0.2391005 0.3196984 -0.2181049 0.3394798 0.5727327 -0.1080862 0.1964387 -0.1782078 -0.0169328 -0.0144795 0.1747958 0.0221964 0.0051032 -0.1690971 0.3261784 0.4672733 -0.1511192 -0.3353333 0.1274762 0.7610543 -0.0260205 -0.3336458 -0.0238152 0.7704676 0.3028261 -0.0449074 -0.1106923 -0.2673709 0.4093807 -0.0969978 -0.2582649 0.3100018 -0.0259739 -0.0937521 0.1617455 0.4101097 -0.1621334 -0.1758305 0.1155266 0.1258936 0.1861766 -0.1045763 0.4216721 0.0847650 -0.1434857 0.0487808 0.2568088 0.3439473 0.0933578 0.1802298 -0.0630274 0.1605034 0.2082228 -0.1154668 0.0093521 -0.2066398 -0.3067297 -0.3434770 0.2141952 -0.2720099 -0.1667038 -0.3035153 -0.3400563 -0.4157778 0.2790234 -0.0390096 -0.3279778 -0.2849531 -0.1834716 -0.0032098 0.2624388 -0.2335772 -0.2948776 -0.3515661 0.3012583 -0.2022192 -0.3298000 -0.2323261 -0.4732981 -0.2830570 -0.3559226 -0.0148194 -0.1419797 0.3889827 0.0285603 0.3274218 0.1233412 0.0524895 0.1942729 0.3117945 0.0112474 0.0545076 -0.1064569 -0.5737973 0.1421135 0.0670371 -0.1978471 -0.2240662 -0.4807975 0.0057173 0.0364384 0.1542119 -0.0989739 -0.2044016 0.1564923 -0.0364142 -0.3550879 0.0863520 0.0130302 0.0833844 -0.0989358 -0.1557391 0.0121737 -0.0124381 -0.0107767 0.0589191 -0.1454059 -0.1001967 -0.1877861 -0.0052534 -0.4124735 -0.4076302 -0.5180882 -0.1151836 -0.2578153 -0.2900887 -0.5556394 -0.3147655 -0.1055137 -0.0225222 -0.4718299 -0.1281434 -0.2921493 -0.5783048 -0.3498243 -0.0107451 -0.4817972 -0.5628130 0.1031254 0.0690778 -0.2623941 0.0309827 0.1152000 -0.6113248 -0.2939442 0.0464901 0.0437405 0.0035444 -0.4123157 0.1440955 -0.1061846 -0.1936864 0.1228754 -0.0698662 0.1537099 0.0765166 0.0325558 0.2880306 0.1497966 -0.1844417 -0.3020318 0.1408780 -0.1975135 -0.2501510 -0.3148773 -0.3001940 -0.3514113 -0.0037258 0.3404325 -0.2770868 0.2920882 -0.2144297 0.1838494 0.1627943 -0.2340745 0.2743292 0.0657778 0.3133555 0.0626821 -0.0265429 0.1526376 -0.1353937 -0.0289715 0.1842070 0.5811825 0.6388958 -0.0487618 -0.6458550 -0.6016275
0.5704408 0.0311028 0.7518255 -0.0952547 0.0000000 -0.4256373 -0.6317577 0.3996556 -0.3089373 -0.0382817 -0.0533276 -0.3597388 0.6706041 -0.0634114 -0.5254771 0.0111972 0.0544335 -0.1308400 0.3324553 0.6470394 -0.2149091 0.5533320 -0.0188867 -0.3152527 0.5432390 0.0315077 -0.0855943 -0.2214883 -0.3263856 -0.0809845 0.5683282 0.4215495 -0.2938518 -0.2779376 -0.0138747 -0.1353092 0.2060228 0.7217312 0.0562905 -0.0287569 0.4194237 0.1347249 0.1605106 -0.4015394 0.3451596 0.3794113 0.3624653 0.6431324 -0.2316968 0.3279496 0.2698698 0.1796593 0.1113424 -0.1448139 0.7682100 0.5284908 0.4871183 -0.1900177 0.5957174 0.2826195 0.7348519 0.0825890 0.7258119 0.6257803 0.7383003 0.5495145 0.3171486 0.0391570 0.5865587 0.3527018 0.5108934 0.5099163 0.2909839 0.9001718 0.6663337 0.5908162 0.7471848 0.4978030 0.3758644 0.6197296 0.0615963 -0.2800997 0.1305543 -0.0227836 0.0713504 -0.1196552 -0.2211504 -0.4871486 -0.2627364 -0.1454470 -0.0381579 0.0906734 0.1640681 -0.5515168 -0.2019503 0.2915350 0.1437565 0.4049044 -0.5752210 -0.4773594 -0.1469341 0.4192602 0.1594967 -0.5050023 0.0741608 0.1806822 0.3631848 0.1243291 -0.2203925 0.0381975 -0.2592479 0.2502922 -0.3193210 -0.2047894 -0.1620222 -0.1640162 -0.0397590 0.0061682 0.0534801 0.0256889 -0.0101780 -0.0379207 0.4926329 -0.4200930 -0.1056942 0.1601654 0.3357084 0.4311371 -0.1047067 -0.1139632 -0.1471778 0.0706838 0.5233624 0.0442066 -0.2645730 0.0177222 -0.0488653 -0.2336276 0.0216012 0.5008272 -0.3097540 -0.0187536 0.1718644 0.2393678 -0.1216056 -0.1212846 -0.3021705 -0.2552012 -0.3071589 0.0913947 0.4565756 0.2698867 -0.3636711 -0.2229718 -0.0404071 0.4443868 0.0452938 -0.4197109 -0.0104315 0.4389583 -0.3823864 -0.0471871 0.2310513 0.2249501 -0.3882337 0.1758291 -0.2552427 -0.3492193 -0.3777305 -0.0240154 -0.4053866 -0.4452134 -0.1009717 -0.0822056 -0.2453189 -0.2097154 -0.1369270 0.0926401 0.0428153 0.2915663 0.3466005 0.0685942 0.6115864 0.3273057 0.4797733 0.8048476 0.0799497 0.0713893 0.8409589 0.5156776 0.1840367 0.8690450 0.2662099 0.0635206 0.0647193 0.0456780 0.0546774 0.6754413 0.2418641 0.0272888 0.4006690 -0.3119520 0.2652805 0.2703015 0.1491435 0.3449266 -0.1475532 -0.0758790 0.1080790 -0.1029069 0.3476784 -0.1244997 0.1824493 0.2359140 -0.3535665 0.4050775 0.1879902 0.2069707
-0.2864518 0.6292270 -0.1635397 0.6765577 -0.4256373 0.0000000 0.5294889 0.3850705 0.5915417 0.2643181 0.5309550 0.4962991 0.1878574 -0.0030942 0.6314193 0.2164059 0.0870236 -0.0519394 0.1775982 -0.1093176 0.2133959 0.0385992 0.1561872 -0.0815130 -0.0902185 0.1161069 -0.2688451 -0.2278079 0.1828858 -0.1782373 -0.0065593 -0.2355697 0.0099183 0.2432164 0.0471871 0.2253320 -0.0049599 -0.0621013 -0.1278085 0.0524741 -0.0851679 0.3259462 -0.1526471 0.1583785 0.4424470 -0.1013792 -0.2925979 -0.0478585 0.4677295 0.0759318 -0.2814321 -0.0571970 0.3046788 0.4409259 -0.2747653 -0.1483412 -0.2322866 0.5311088 -0.3771833 -0.2384459 0.0267469 0.1497381 -0.2898877 -0.0399433 -0.0007264 -0.2288181 -0.0737105 0.3441326 -0.0733875 0.2093652 -0.0419978 -0.0736727 0.2594263 -0.4410313 -0.1314666 0.1750580 -0.0760986 0.2161747 0.1795014 -0.1041158 0.3560733 0.1631218 -0.0136635 -0.1595016 -0.1369144 -0.1209349 -0.0803071 0.3900971 0.1164602 0.1109534 0.2182578 0.0457035 -0.2143058 0.2855372 0.0585495 -0.1066625 -0.0242289 -0.0868275 0.2680964 0.4556844 -0.0600280 -0.0008903 -0.0708735 0.4026136 0.0995312 -0.0639097 -0.0456379 -0.1776966 0.1809131 -0.1515008 0.4079971 -0.0076065 0.2532391 0.1548764 0.2722650 0.0464217 0.0288574 0.2611169 0.1439769 0.0980194 0.0129427 -0.0171771 -0.3673090 0.2453504 0.0395089 -0.0028693 -0.3690497 -0.3983391 0.4660569 0.0735881 0.1285076 0.0995525 -0.2222008 0.0227916 0.2819414 -0.4583951 -0.0087376 0.4902101 -0.1421948 -0.1235034 -0.1519474 0.2007709 0.1603048 -0.3520540 -0.0408903 -0.2180041 -0.0720249 -0.1777413 0.0017927 -0.1770182 -0.2855731 -0.2632191 0.4086208 -0.2098022 -0.1775176 -0.4305728 -0.2196159 0.0840784 -0.0517722 -0.3273962 -0.0455459 0.1539561 -0.2658602 -0.0383412 0.0744662 -0.1283537 -0.3520940 0.1864199 0.2771691 0.1253241 0.0916328 0.1801141 -0.1042914 -0.0300554 0.3513953 0.1983136 0.1722873 0.0078706 0.0318081 -0.0599732 -0.0910764 -0.0336931 -0.2797119 -0.0940163 -0.3283575 -0.4134539 -0.2702920 -0.1123013 -0.5076981 -0.2315784 0.1697124 -0.3542231 -0.2776672 0.2592360 0.2503880 0.2125731 0.1360864 -0.0739215 0.0451182 -0.0051085 -0.1334351 0.4005137 -0.0694440 -0.1787538 0.0134109 -0.2869288 0.3495318 -0.2246706 -0.0283209 0.2109342 -0.1795628 -0.0132510 -0.0423395 0.2043562 0.3699927 -0.3147112 -0.4690860 -0.3600201
-0.2208890 0.4474889 -0.2588621 0.1080538 -0.6317577 0.5294889 0.0000000 -0.1685845 0.2554034 -0.1842817 -0.1051824 0.5604591 -0.3862620 -0.1111589 0.5490315 -0.1962963 -0.3546108 0.3032603 -0.1211372 -0.4398635 0.3655719 -0.1360600 -0.2205186 0.2419422 -0.3201433 -0.1464893 -0.0628382 0.2053846 0.4110209 -0.1058830 -0.3516085 -0.4381910 0.1940076 0.2099870 -0.2401871 0.6039495 -0.2705894 -0.4455271 -0.4252349 -0.3004563 -0.2672400 0.2619498 -0.4138231 -0.0000166 -0.0227691 -0.4012143 -0.4167791 -0.3638546 -0.0654011 -0.1690437 -0.4051459 -0.3198302 -0.1416135 -0.0379067 -0.5373050 -0.4181268 -0.4499387 -0.0396161 -0.4884228 -0.4108785 -0.2637731 -0.1481160 -0.4100763 -0.5845658 -0.4392695 -0.3637096 -0.2868489 -0.0145009 -0.3238255 -0.3443902 -0.2624892 -0.3550680 -0.1119795 -0.5586233 -0.3884269 -0.2598916 -0.3295801 -0.1030273 -0.0991086 -0.3107306 0.0629456 0.3184224 0.2561432 -0.0890204 0.1506023 0.0857534 0.1260174 0.5303313 0.4287679 0.4054719 0.2053600 0.1600555 -0.1506632 0.3513579 0.1101133 -0.1022256 0.0746747 -0.3842029 0.5843282 0.5077580 0.3667792 -0.3650789 0.0664619 0.4381071 0.1168433 -0.0421921 -0.3252188 -0.0177317 0.2571502 0.0411267 0.4312409 -0.0695326 0.2936266 0.0484693 0.1613757 -0.0059042 -0.1998425 0.2242028 -0.0375034 0.0553600 0.0448798 -0.1149427 -0.1317016 0.6038666 0.1932885 -0.0326796 -0.3081623 -0.1470265 0.3151318 0.3625059 0.3408265 0.2774067 -0.1161163 0.2105222 0.3828990 0.1109100 0.2323468 0.5026998 0.0065704 -0.0103125 0.1924854 0.3457141 0.1094737 -0.0202998 0.1620144 0.2395882 0.1560758 0.0490379 0.2006906 0.1742080 -0.0433536 0.1671908 0.5903370 0.1276977 0.0701079 -0.1123304 -0.0091338 0.4261869 0.0712308 -0.1086496 0.1476542 0.4263889 0.0712963 0.0779703 0.3083512 0.1580085 0.1905684 0.2325085 0.3871049 0.3341597 0.1915950 0.2385947 0.3971569 0.4782195 0.6617541 0.5527450 0.4578360 0.2686762 0.2407488 0.1059839 0.0014467 0.1984367 -0.3122054 -0.0648370 -0.3755724 -0.4568147 -0.2958492 -0.1623839 -0.4631242 -0.0783910 -0.1761022 -0.4492416 -0.1709196 0.2494065 0.2559676 0.1920140 -0.0514934 -0.4013893 -0.0939835 -0.1385255 -0.2900139 0.1422764 -0.3516868 -0.3195866 -0.0824647 -0.3710597 0.1557808 0.0199454 -0.1404262 0.0802045 -0.1651423 0.1550961 -0.2705700 -0.1924196 0.4296135 -0.4039725 -0.1846559 -0.0234847
0.3164669 0.3205229 0.5918818 0.6379722 0.3996556 0.3850705 -0.1685845 0.0000000 0.1378232 -0.0100899 0.4656345 0.1089610 0.8765621 -0.1383193 0.1554281 0.3447298 0.1028003 -0.1955663 0.6566210 0.2561180 0.0809604 0.5436880 0.1111103 -0.2724873 0.4982131 0.2013188 -0.3264394 -0.3855671 -0.1307119 -0.3250637 0.3782870 0.1543493 -0.1635275 0.1159040 0.0600134 -0.0019873 0.2107541 0.5165126 -0.0257089 0.1060811 0.1592776 0.3165812 0.0709936 -0.1624483 0.8026878 0.3544412 0.1061035 0.3016830 0.4103795 0.4998291 0.0801527 0.1108338 0.5838091 0.3487390 0.2730043 0.4174977 0.2723450 0.4520473 0.2118159 0.1398255 0.7982894 0.2456512 0.2519550 0.5795310 0.7048090 0.3977521 0.3285215 0.4834856 0.4910388 0.7078575 0.4719256 0.5534064 0.5381612 0.2985195 0.5099036 0.7743161 0.6276268 0.4795024 0.4887060 0.4736489 0.1861654 0.1943908 0.1816611 -0.0327670 -0.1709227 -0.2533457 -0.4417455 0.0169572 -0.2599040 -0.2105138 -0.0631182 0.0994596 0.0610974 -0.0756095 -0.2601655 -0.0864155 0.0145255 0.2649683 -0.2251249 0.1297746 -0.1869681 -0.0093559 0.0250762 0.1600954 -0.0394706 -0.2165010 0.1216862 -0.1924702 -0.1175979 -0.0610310 -0.0570768 0.0805035 0.0282882 -0.1174276 0.1657366 -0.0462549 -0.0990781 0.1283025 0.0854900 0.0540789 -0.0731151 -0.1321558 -0.1163338 -0.0573849 -0.1146734 0.2067101 0.0518328 -0.2047730 0.2077195 0.0387627 -0.0044478 0.1299060 0.2247670 0.2189118 0.0688524 -0.2476951 0.0357701 0.1758372 -0.0428774 0.3749901 -0.3738409 0.2684784 0.0579073 0.1420501 -0.0060676 -0.1923405 -0.2343608 -0.3600616 -0.2483485 0.0077172 0.0857345 -0.1157626 0.0176989 -0.3694973 -0.1655726 -0.1853787 -0.2997041 -0.2539316 -0.0930007 -0.1003239 -0.3374208 -0.0043699 -0.2190739 -0.2158496 -0.2220987 -0.2024666 -0.4014192 -0.1369012 -0.0549438 -0.0760864 -0.2052113 -0.1559378 -0.1547904 0.0186111 -0.0080592 0.0922950 0.0914068 0.0171033 0.1738433 0.1575691 0.2517873 0.0739723 0.2377804 0.2311886 0.0925616 0.3252209 0.0127280 0.0270609 0.3161218 0.2576584 0.2800199 0.4118897 0.1087312 0.1241130 0.1785730 0.0852808 0.1117498 0.6719668 0.0380201 0.2114920 0.0872675 -0.0473164 0.1332267 -0.0829028 -0.0409764 -0.0059083 0.3102061 -0.3595890 0.0433981 -0.0263191 0.1344380 -0.1368511 -0.1508855 0.4549689 0.2696435 -0.2290437 -0.3798300 -0.2650831
-0.4587654 0.2842020 -0.1961252 0.6330332 -0.3089373 0.5915417 0.2554034 0.1378232 0.0000000 0.6414810 -0.0380602 0.7922069 -0.0747450 0.5877155 0.8235754 -0.3307081 -0.1986139 0.5382306 -0.3092517 0.1163881 0.6758078 -0.4309184 -0.2531624 0.5400951 -0.5198108 -0.3644191 -0.4003601 0.3808810 0.6580636 -0.0365250 -0.2101454 -0.5263687 0.6469214 0.7784633 -0.2473558 0.3367024 -0.3937646 -0.4377347 -0.1763448 -0.1634471 -0.3644897 -0.3096248 -0.4210633 0.5306912 0.0091164 -0.5541426 -0.5720609 -0.2154793 0.7398353 -0.2193806 -0.5652257 -0.4014383 0.6887726 -0.0642547 -0.4525534 -0.6034868 -0.5828337 0.0560566 -0.3748085 -0.5401379 -0.2254515 -0.3789826 -0.5226455 -0.0931021 0.1365032 -0.6276427 -0.5199989 -0.3785765 -0.5378065 -0.2534169 -0.5876594 0.3656453 -0.3954462 -0.2070053 -0.5416140 -0.2914821 0.0390520 -0.3657158 -0.2610300 -0.4191079 -0.1578848 0.2827697 0.0147947 -0.4883026 -0.2490687 -0.3067445 -0.3657796 0.2368782 -0.1414736 0.0204230 -0.1741164 -0.1539718 -0.4456984 0.1557261 -0.3422851 -0.0282365 -0.1425241 -0.2792085 -0.0360916 0.3357652 -0.0475821 -0.0536323 -0.2287455 0.0410891 0.0796782 0.0937253 -0.0814610 -0.6282655 -0.3853607 -0.6246903 0.1843300 -0.1260690 0.2471359 -0.0860776 -0.1094361 -0.0375587 -0.1878909 -0.0622287 0.1905612 -0.2164868 -0.1937723 -0.4024814 -0.3442225 0.0917866 -0.1630925 -0.0229179 -0.5046245 -0.2044894 -0.2085348 -0.1899245 -0.0516147 -0.2908584 -0.5334576 -0.0616108 -0.3542139 -0.1672295 -0.1738941 0.2939934 -0.1726629 -0.0799492 -0.2566771 0.2088034 -0.1588785 -0.2994050 -0.1282717 -0.0386595 -0.1310177 -0.1545132 -0.1574349 -0.4928394 -0.4368389 -0.4693318 0.1928669 -0.3065487 -0.2492910 -0.4327997 -0.2565325 -0.1045776 -0.1413614 -0.3563730 0.0153393 -0.1806873 -0.2613224 -0.2400158 -0.0802115 -0.3499479 -0.3204283 -0.0029856 0.2218225 -0.1098301 0.0045990 0.0336065 -0.5466665 -0.2577669 0.0936515 0.2457136 0.3154898 -0.2034832 0.3868145 -0.0831787 -0.3293021 -0.2059793 -0.3412375 -0.2271947 -0.1901744 -0.3611858 0.0458917 -0.0359383 -0.2983093 -0.2084261 0.0000303 -0.4629579 -0.3394196 -0.1582006 -0.2543166 -0.0924692 0.0949480 0.0227896 -0.2066057 0.3282450 0.0694300 0.5593114 0.1838684 -0.0127175 0.1320690 -0.2070809 0.2881467 0.2899796 0.2328149 0.4731873 0.0329390 0.4445335 0.1024391 0.3372061 0.5144629 0.0199291 -0.3364602 -0.1507121
-0.2074519 -0.0181960 -0.0615530 0.3317456 -0.0382817 0.2643181 -0.1842817 -0.0100899 0.6414810 0.0000000 0.1596687 0.2068432 0.0124629 0.7955059 0.2261057 -0.0010125 0.4273006 0.1242596 -0.4125093 0.3089085 0.1694699 -0.5113668 0.2461741 0.2217772 -0.3743643 0.0291898 0.2262276 0.2165348 0.1787918 0.5671467 -0.0307230 -0.0176514 0.3255387 0.3117333 0.3111221 -0.0016176 0.0481130 -0.1902088 0.5070611 0.4036423 -0.0153441 -0.3619042 0.2517037 0.7302229 -0.3278815 -0.2545129 -0.1103153 -0.0446447 0.5910228 -0.0651374 0.0447330 0.2585107 0.3814985 0.2708999 0.0075112 -0.2770766 -0.1449421 0.2020879 0.1754892 0.0838315 -0.1713748 0.1645339 -0.0197450 0.1084234 0.0561032 -0.3053062 -0.1009849 -0.1225429 -0.3220849 -0.1034180 -0.3522635 0.2475650 -0.1673450 -0.0096664 -0.3164930 -0.2894859 0.0319024 -0.2544053 -0.1019414 -0.2279732 -0.0021625 -0.0705792 -0.0865262 -0.1831977 -0.1045398 -0.1022907 -0.4025919 0.1410509 -0.2848718 -0.1074092 -0.4716262 -0.4396793 -0.6993879 0.2205778 -0.2842412 -0.3097182 -0.4952329 -0.3868650 -0.2841356 0.1362777 -0.2145382 0.0198517 -0.2209059 0.0463520 -0.3488167 -0.0117826 0.0526950 -0.5095501 -0.4909050 -0.2608999 -0.0257281 -0.0758396 0.2135835 0.1148323 0.1200158 0.1781719 0.0695445 -0.0618374 0.1152610 -0.0078304 -0.0206641 0.0613211 -0.3979289 -0.1679578 -0.0834310 0.0543174 -0.1629456 -0.2823588 -0.2749376 -0.2439248 -0.1446524 -0.3838850 -0.4470544 -0.2890048 -0.4586955 -0.4731293 -0.1791467 -0.1076503 -0.0729618 -0.3283349 -0.2529454 -0.0903792 -0.4791148 -0.1976361 -0.0804827 -0.1409925 -0.1418897 -0.0059754 -0.2398808 -0.6872542 -0.5935582 -0.7081285 -0.2500081 -0.1889925 -0.3484626 -0.5147393 -0.2360727 -0.2177510 -0.3019125 -0.4992908 -0.0410336 -0.6203834 -0.4027592 -0.3641957 -0.2215828 -0.5592614 -0.3142794 -0.0301686 -0.0399058 -0.4423890 -0.0221448 -0.0402153 -0.5957476 -0.4551138 -0.3176317 -0.1120842 -0.1060668 -0.3852762 -0.0189777 -0.3692100 -0.4540220 0.0127906 0.1143499 0.1784088 0.3265697 -0.1540596 0.3941086 0.2333851 -0.0852298 -0.2283203 0.1918218 -0.2941229 -0.1813048 -0.3596449 -0.3289628 -0.2886598 -0.0244502 -0.1174752 -0.1084940 0.3680306 0.0895230 0.2101847 0.1298966 0.0796974 0.2852625 0.3238792 0.1364398 0.3981226 0.0649385 0.0908798 -0.1732792 0.2255404 0.4017100 0.3079875 0.1262518 0.1634318 -0.1208859 0.0696989
0.2118397 0.1283163 0.0915506 0.2452729 -0.0533276 0.5309550 -0.1051824 0.4656345 -0.0380602 0.1596687 0.0000000 -0.3310730 0.4609117 -0.2982608 -0.0743095 0.9164402 0.7302650 -0.8063318 0.5681604 -0.1425885 -0.5601063 0.3825772 0.8082822 -0.7492410 0.5120583 0.7916105 0.2518000 -0.8250093 -0.6399612 0.0550821 0.2627582 0.5266560 -0.6389538 -0.4280581 0.6910459 -0.3759111 0.7263391 0.4445191 0.3929199 0.5420343 0.3637533 0.4378214 0.5631404 -0.0096576 0.4198707 0.5769687 0.4065679 0.2241091 0.2525570 0.4142187 0.4299560 0.5156395 -0.0725187 0.8524486 0.1692659 0.4416765 0.5322123 0.8964915 0.0804804 0.4859837 0.1895573 0.7413668 0.0854288 0.4196449 0.0482628 0.4210116 0.5625983 0.8664396 0.2741556 0.7441559 0.5177146 -0.2140756 0.7924355 -0.2140808 0.2897055 0.5389628 -0.1430594 0.5289808 0.6155694 0.4245509 0.5964956 -0.0928929 -0.0379036 0.2186354 -0.1150941 0.1790139 0.1088467 0.1449084 0.1596739 0.0383922 0.2049982 0.0650237 0.0541649 0.1755918 0.0177551 -0.1467468 -0.0147795 0.1414268 -0.0227192 0.1758610 -0.1446501 0.1402035 0.1330803 0.4381019 -0.0605524 -0.2916299 0.1509580 0.2190871 0.4194600 0.1239652 0.2247494 0.2542282 -0.1148317 0.0809710 0.2431137 0.0235930 0.0371268 -0.0362396 -0.2083157 0.0329358 -0.1389238 0.1892955 -0.1599146 -0.1629462 -0.2584696 0.1657848 -0.0841086 -0.3036555 0.4604696 -0.1244772 -0.2353973 -0.0716140 -0.0377672 0.1300951 0.3793924 -0.5917959 -0.2260731 0.1793477 -0.3763248 -0.2073936 -0.2915544 -0.0608684 0.0871976 -0.1825477 -0.1818267 -0.3814485 -0.2824424 -0.2740524 -0.2365729 -0.0160151 -0.1400702 -0.2031843 0.0186841 -0.2203741 -0.1916043 -0.3285143 -0.3099367 -0.2276529 -0.3268453 -0.2389963 -0.2707945 -0.0544829 -0.2260649 -0.1381484 -0.2789861 -0.2563306 -0.2751497 -0.0164553 -0.1090741 -0.1634253 -0.1262770 -0.0601785 0.0593682 -0.0330258 -0.0071788 -0.1965847 -0.2862167 0.1013343 -0.4682789 -0.0805341 0.1957033 0.1116112 0.0553659 0.1130561 -0.1166612 -0.1230448 -0.1941096 0.0685890 -0.1635022 -0.0615988 0.2613273 0.0163110 0.1423980 0.3979132 0.4381583 0.3647302 0.1128148 0.1102951 0.4022832 -0.1497769 -0.0255727 0.0169406 -0.0562861 0.0571422 -0.0641122 0.0863767 0.2001955 -0.5171648 -0.1660731 -0.2741924 -0.2485074 -0.4023137 0.0295711 0.0085999 -0.2404517 -0.3848270 -0.2814689 -0.1422271
-0.5313265 0.3529904 -0.2194252 0.5078659 -0.3597388 0.4962991 0.5604591 0.1089610 0.7922069 0.2068432 -0.3310730 0.0000000 -0.1825753 0.3690505 0.8895796 -0.5502883 -0.5711588 0.7795690 -0.1872564 -0.0977882 0.9130189 -0.2994414 -0.5723517 0.6638339 -0.4665233 -0.5556687 -0.4932492 0.5084998 0.8034822 -0.2658794 -0.3748197 -0.7478938 0.6937831 0.8117830 -0.5390669 0.6441377 -0.6080200 -0.4858513 -0.5695598 -0.5293473 -0.5882092 -0.2401846 -0.6875478 0.1846882 0.0819533 -0.5912030 -0.6670314 -0.4405396 0.4307770 -0.1378929 -0.6750935 -0.6577259 0.5664519 -0.3768002 -0.4998452 -0.5410555 -0.7110453 -0.2489727 -0.4865203 -0.6793838 -0.1589368 -0.5988084 -0.5490222 -0.2413225 0.0831365 -0.6691466 -0.5483146 -0.4958831 -0.5240824 -0.3014590 -0.5594183 0.3965778 -0.4873753 -0.1409462 -0.5772926 -0.2249288 0.1960322 -0.4158071 -0.4430154 -0.5355720 -0.4367436 0.5329140 0.3214961 -0.5257687 -0.0357258 -0.3274341 -0.4259292 0.3772923 -0.0118515 0.1071711 -0.1218007 0.0428365 -0.2267775 0.0566623 -0.3820231 0.1040717 0.0362958 -0.2952071 0.0905485 0.4446261 0.1176418 -0.2250361 -0.0387065 0.0687129 0.2074477 0.1918853 -0.0777311 -0.5041426 -0.3512996 -0.4686935 0.1963205 -0.1033252 0.3121994 -0.0656607 -0.1126046 -0.0298684 -0.2292145 0.1282425 0.3435846 -0.1164099 -0.0742736 -0.4816056 -0.1914573 0.4048455 0.0637092 -0.0524029 -0.4093054 -0.0741584 -0.1300989 0.1185321 0.1952291 0.1339082 -0.2448732 0.0044292 -0.1666393 0.0638898 0.0395763 0.5047274 -0.0227118 0.2477205 -0.1878907 0.4576029 -0.1006214 -0.2626706 -0.0693019 0.0080963 -0.0209352 -0.1529746 -0.0916703 -0.1869889 -0.1409151 -0.1869516 0.4816366 -0.3201602 -0.2199615 -0.1987123 -0.1805416 0.0454601 0.0477348 -0.0995883 0.0152642 0.1977248 -0.0308571 -0.1816014 0.0560651 -0.0433371 -0.2490096 -0.0633217 0.2915318 0.2354948 -0.0522102 -0.0322037 -0.1320803 0.0407523 0.3820862 0.5280090 0.6617001 0.0393239 0.7512686 0.1979941 -0.1376851 -0.1760236 -0.3887274 -0.2673293 -0.3193738 -0.3860091 -0.1389378 -0.3207087 -0.3415559 -0.0916553 -0.0599933 -0.4247369 -0.5166529 -0.0076994 -0.1567064 -0.0381942 0.0554728 -0.0934527 -0.4626096 0.2486701 -0.0777395 0.3670743 -0.0751742 -0.2783400 -0.1449576 -0.4639693 0.2218406 0.2044196 0.1828735 0.3779949 0.1373834 0.4286400 -0.2429619 0.2838278 0.7315947 -0.0656259 -0.3683904 -0.2150694
0.5307452 0.3047516 0.7462265 0.3951037 0.6706041 0.1878574 -0.3862620 0.8765621 -0.0747450 0.0124629 0.4609117 -0.1825753 0.0000000 -0.1398933 -0.1192941 0.3678853 0.2110897 -0.3406911 0.6463427 0.4589236 -0.1470030 0.6545635 0.1781630 -0.4336700 0.6547450 0.2495805 -0.1963530 -0.4785404 -0.3085435 -0.2119913 0.5120973 0.3707724 -0.3593532 -0.1560741 0.1300262 -0.0957589 0.3164553 0.7352641 0.0769786 0.1301951 0.3027120 0.4281139 0.2218675 -0.2788918 0.7918490 0.5006562 0.3219779 0.5123123 0.1669829 0.5367472 0.2565055 0.2565709 0.3782232 0.3130870 0.5340849 0.5981682 0.4816859 0.3359340 0.4587651 0.3045905 0.9065664 0.3674403 0.5470843 0.6994733 0.7377892 0.5517687 0.4673791 0.4887775 0.6566843 0.7085883 0.6481250 0.4666761 0.6387163 0.5556809 0.6999900 0.8356574 0.6855190 0.6834915 0.6036564 0.6632103 0.3261696 -0.0995853 0.0243019 -0.0233231 -0.2597484 -0.2944562 -0.3162938 -0.2833585 -0.3798967 -0.3178846 0.0560007 0.2018449 0.1859899 -0.3642538 -0.2014232 0.0388881 0.1063249 0.4525237 -0.3779439 -0.2354476 -0.3634324 0.2566600 0.0344274 -0.1321184 0.0246866 -0.1234565 0.1833061 -0.0264189 -0.0594519 -0.0404360 -0.1762056 0.1028613 -0.1578653 -0.1709380 0.0073511 -0.1752070 -0.0895494 0.0405716 -0.0053013 0.0018398 -0.1593209 -0.0921487 0.1562862 -0.3787315 -0.2062625 0.0794948 0.0460301 0.0017147 0.1255041 -0.1690019 -0.1894891 0.0913448 0.3481394 0.1194114 0.0578374 -0.2745616 -0.1100467 -0.0138211 -0.1031128 0.4000542 -0.4435288 0.0692452 0.2229486 0.1252724 -0.1674534 -0.3104760 -0.3586681 -0.4199594 -0.3348282 0.0674733 0.2980985 0.0391765 -0.1582594 -0.4271037 -0.1103769 0.0855514 -0.2393655 -0.4125449 -0.0914709 0.1634030 -0.4547418 -0.0014699 0.0173595 -0.0075664 -0.3599465 -0.0447143 -0.4635103 -0.2406331 -0.3209860 -0.0507710 -0.3499918 -0.3170452 -0.1458492 -0.1086161 -0.1537816 -0.1868580 -0.1457507 -0.0274711 0.0264196 0.2114249 0.3308309 0.0788560 0.5131248 0.3625509 0.3001751 0.4993029 -0.0423407 0.0324366 0.5139369 0.3339777 0.3057675 0.6710848 0.1429810 0.1833096 0.1621773 0.1023465 0.2145811 0.6710905 0.2095672 0.0665654 0.2725092 -0.0662200 0.1857348 0.0568275 -0.0487536 0.1583474 0.1701990 -0.4364984 0.1546584 0.0147099 0.2436773 -0.1920630 -0.0348142 0.2919509 -0.0809996 0.0758138 -0.1052096 -0.0944668
-0.2531135 -0.2304553 -0.0579010 0.1659333 -0.0634114 -0.0030942 -0.1111589 -0.1383193 0.5877155 0.7955059 -0.2982608 0.3690505 -0.1398933 0.0000000 0.3260487 -0.4130070 0.0600546 0.5213855 -0.5474098 0.3178647 0.4423975 -0.7088958 -0.2039476 0.6157977 -0.5804708 -0.4083913 0.0688357 0.6333284 0.4972511 0.5640459 -0.3084586 -0.2948491 0.6332137 0.5246885 -0.1019574 0.1467687 -0.3838584 -0.4347876 0.2373531 0.0419966 -0.3040465 -0.4549588 -0.0784739 0.6733849 -0.4434396 -0.5389899 -0.3859403 -0.2125617 0.4722527 -0.2235117 -0.2363508 -0.0965829 0.4150354 -0.1743522 -0.1552672 -0.5014750 -0.4417605 -0.2084934 0.0384870 -0.2216045 -0.2027576 -0.2295088 -0.0491185 -0.0281408 0.0080907 -0.4859255 -0.3906558 -0.4533177 -0.4094505 -0.3104959 -0.6005574 0.3968603 -0.5234637 0.1067213 -0.4204497 -0.5065761 0.0887928 -0.5453507 -0.4004185 -0.3354019 -0.3375073 -0.1062710 -0.0448213 -0.2791470 -0.1557238 -0.1928713 -0.4665771 -0.0182619 -0.4032854 -0.2536342 -0.5569649 -0.3398409 -0.5451061 0.1064633 -0.3852594 -0.2342387 -0.3987873 -0.4070440 -0.2935421 0.0183725 -0.1041619 -0.0554778 -0.2886609 -0.1463391 -0.3013787 0.1073594 -0.0453689 -0.5258220 -0.5923019 -0.2874130 -0.1853992 -0.2696277 0.2368685 0.1162384 -0.0707977 0.1136090 0.0133877 -0.1406562 0.0318669 -0.0903665 -0.0037026 -0.0350453 -0.3544191 -0.1061034 0.0070892 -0.0056424 -0.1456034 -0.2736388 -0.4674003 -0.1535543 -0.0392104 -0.2685651 -0.5495599 -0.4466114 -0.5387757 -0.2206653 -0.1449868 -0.1650447 0.0568673 -0.2082957 -0.0879777 -0.0401793 -0.5265221 -0.2082049 -0.0867978 0.0075969 -0.0224233 0.0856348 -0.0552243 -0.6604909 -0.5036246 -0.5756920 -0.1324634 -0.0960573 -0.1210961 -0.3737637 -0.0514148 -0.0802660 -0.0892423 -0.3830444 0.0870687 -0.5007643 -0.2743501 -0.2781938 -0.1004938 -0.3781523 -0.0724340 0.0727129 0.1450207 -0.3195696 0.0839099 0.0496821 -0.4877173 -0.3170508 -0.3461778 0.0894052 0.2069156 -0.3067655 0.2772045 -0.3162853 -0.4869465 -0.1583149 -0.0226130 0.0053227 0.2155941 -0.1482169 0.3874809 0.2301052 0.0772563 -0.0046103 -0.0460027 -0.2541917 -0.1380743 -0.4600663 -0.3979153 -0.3219195 -0.1039075 -0.1714619 -0.2170397 0.3107540 0.0724051 0.2214180 0.0585030 -0.0267562 0.1752077 0.1309262 -0.0370839 0.3663096 0.1297419 0.3451255 -0.0189588 0.4565068 0.3097913 0.3720360 0.1781894 0.1663319 0.0314894 0.0955599
-0.4236310 0.3130889 -0.2614859 0.5394057 -0.5254771 0.6314193 0.5490315 0.1554281 0.8235754 0.2261057 -0.0743095 0.8895796 -0.1192941 0.3260487 0.0000000 -0.3266758 -0.3916903 0.5514041 -0.1240316 -0.1870168 0.7502349 -0.3062235 -0.3919476 0.5454254 -0.4312857 -0.4069259 -0.4516432 0.3514190 0.6966837 -0.2405855 -0.4295952 -0.6590773 0.5778616 0.7207515 -0.4214188 0.4673184 -0.4813296 -0.5370256 -0.5004596 -0.4283385 -0.5900518 -0.1195681 -0.6150871 0.2544182 0.1391738 -0.5329906 -0.6262897 -0.4564024 0.5394710 -0.1564214 -0.6648379 -0.6116651 0.5238665 -0.1653595 -0.6519711 -0.5660022 -0.6204994 -0.0127219 -0.5006784 -0.6569688 -0.2226205 -0.4445657 -0.6729479 -0.2347562 -0.0630141 -0.5935503 -0.4898481 -0.3223448 -0.5379314 -0.2024268 -0.4934506 0.2096846 -0.3572623 -0.3458482 -0.5783586 -0.2227124 -0.0315384 -0.3705371 -0.2930842 -0.4111235 -0.2474072 0.4181963 0.0972099 -0.5127475 -0.3353196 -0.3994493 -0.2766259 0.2925250 -0.0455988 0.0309483 -0.0036245 0.1083062 -0.1265503 0.0561297 -0.3572854 0.0019658 0.0587188 -0.2141545 0.1909198 0.3550975 -0.0012101 -0.2157674 -0.1792572 0.1605135 0.2073824 0.0015258 -0.2492932 -0.4931311 -0.1978834 -0.5922549 0.1595691 -0.1685732 0.2056793 -0.1802750 -0.2036394 -0.1586881 -0.3708462 -0.0993709 0.0739662 -0.2805328 -0.3247804 -0.5681154 -0.2513713 0.1629072 -0.1801506 -0.1620922 -0.6329169 -0.2355646 -0.1635338 -0.1584652 -0.0946146 -0.1147837 -0.4228321 -0.0000154 -0.0365886 -0.0720330 -0.2445027 0.4461872 -0.2751889 0.0861941 -0.2540334 0.3613420 -0.0112182 -0.3426957 -0.2652853 -0.1130438 -0.1676986 -0.2833503 -0.1262648 -0.1558573 -0.1651951 -0.2576436 0.4571023 -0.3812196 -0.1182030 -0.3189530 -0.3342311 -0.0650554 -0.0993517 -0.1569358 -0.0164596 0.1653352 -0.0623517 -0.2278179 -0.0250535 -0.1830025 -0.2280386 -0.0172281 0.2294948 0.1337921 -0.0631847 0.0075746 -0.1596698 -0.0231580 0.2754835 0.3466305 0.4733214 -0.0568097 0.5532038 0.1051609 -0.1450077 -0.2036015 -0.4056013 -0.2796632 -0.3887721 -0.5632499 -0.1965779 -0.2412159 -0.4454486 -0.2064484 -0.0761806 -0.5148515 -0.4617009 0.0804379 -0.1379901 0.0321102 0.2467916 -0.1256092 -0.3073111 0.2173714 -0.1128845 0.5084872 -0.1373095 -0.2886525 -0.2311936 -0.4631465 0.3393006 -0.0036778 0.1821631 0.4823624 0.0314411 0.3671658 -0.2429974 0.1460661 0.6062460 -0.1146511 -0.3152711 -0.2265542
0.3633678 -0.0510155 0.1698038 -0.0040068 0.0111972 0.2164059 -0.1962963 0.3447298 -0.3307081 -0.0010125 0.9164402 -0.5502883 0.3678853 -0.4130070 -0.3266758 0.0000000 0.7919089 -0.9083197 0.6094545 -0.2427388 -0.7193102 0.4592086 0.9056843 -0.8414573 0.6449370 0.9344482 0.4685828 -0.8638188 -0.8197545 0.1287270 0.3067635 0.7060345 -0.7548687 -0.6078649 0.8318336 -0.4975617 0.8805356 0.4977755 0.5155218 0.6332151 0.4657437 0.3621920 0.7470110 -0.0830956 0.2599045 0.7301344 0.6164129 0.2062037 0.0649219 0.4830495 0.6535307 0.6701364 -0.2770323 0.8506375 0.2348677 0.5804625 0.7137490 0.8402540 0.2131793 0.7040570 0.1867211 0.8497615 0.1771222 0.4147512 -0.0311456 0.5856126 0.7375171 0.9079566 0.3217930 0.7442094 0.6392037 -0.2782785 0.8449480 -0.1761716 0.3534585 0.5242241 -0.1965736 0.4965926 0.6163495 0.4748229 0.5191446 -0.0829004 0.0595501 0.4082645 -0.0014746 0.3300053 0.2126359 0.1354145 0.2443608 0.0760729 0.1108815 0.0664792 0.1314367 0.1981940 -0.0110711 -0.1892612 0.0190741 0.1072417 -0.0605469 0.1220060 -0.0583873 -0.0113963 0.2240594 0.4862170 -0.1161744 -0.3932998 0.1170165 0.3605741 0.4793232 0.2581341 0.1569722 0.2642785 -0.2353789 0.0236022 0.2255393 -0.0159361 -0.0036696 -0.1163389 -0.3397092 -0.0115428 -0.1208856 0.2541607 -0.0475191 -0.1618585 -0.2740568 0.2137537 0.1034169 -0.2069856 0.3712592 -0.0362886 -0.2139347 -0.0943256 0.1057184 0.2126365 0.3460708 -0.4697975 -0.1691648 0.0165574 -0.3403268 -0.2254926 -0.2596315 -0.1624939 -0.0539104 -0.0396187 -0.1399770 -0.2481897 -0.2774123 -0.2357344 -0.2960840 0.0765755 -0.0511661 -0.1106998 -0.1387748 -0.1370241 -0.1396323 -0.2269321 -0.3378240 -0.2173785 -0.4412263 -0.1782431 -0.2978693 -0.1153684 -0.1517299 -0.1943573 -0.3312254 -0.2560288 -0.0917015 -0.1424925 -0.2466423 -0.2602742 -0.2076164 -0.1692208 0.2016026 0.1306502 -0.0238989 -0.1675629 -0.3241481 0.1886712 -0.5293129 -0.0211426 0.3312634 0.2480092 0.1258327 0.1888073 -0.0253449 -0.0024127 -0.1051767 0.0972550 -0.0576072 0.0326170 0.1154376 0.0961379 0.3006125 0.3286186 0.4067454 0.3152932 -0.0451920 0.1146237 0.4010178 -0.2258004 -0.0373148 -0.2530721 -0.1199403 0.0680673 -0.0796156 0.2117854 0.0199771 -0.4622157 -0.2399450 -0.5301522 -0.2715603 -0.4789022 -0.0042142 -0.1037970 -0.3394810 -0.3967090 -0.1848738 -0.0593350
0.2280416 -0.1981302 0.0800852 -0.0469062 0.0544335 0.0870236 -0.3546108 0.1028003 -0.1986139 0.4273006 0.7302650 -0.5711588 0.2110897 0.0600546 -0.3916903 0.7919089 0.0000000 -0.7708682 0.1525817 -0.0377198 -0.6960429 0.0424082 0.9237858 -0.6544321 0.2771099 0.7597045 0.6785279 -0.5773705 -0.7368989 0.5699343 0.2220153 0.6436006 -0.5738129 -0.5493671 0.8662576 -0.5704494 0.7413525 0.2707048 0.7857959 0.8109756 0.4102638 0.0482984 0.8142547 0.2497062 -0.1368744 0.4539743 0.4544859 0.1552879 0.1633736 0.2077632 0.5977835 0.7814636 -0.2476308 0.8107071 0.3147375 0.3394970 0.5510239 0.7155335 0.4379906 0.6675344 0.0192088 0.8128888 0.2909111 0.4196237 -0.0893571 0.4144132 0.5531721 0.6677713 0.1881020 0.5406243 0.3587135 -0.1828661 0.5552480 -0.0675483 0.2167012 0.2307628 -0.1699857 0.2641059 0.4549526 0.3726390 0.4463248 -0.3564302 -0.1266608 0.3547970 -0.0104072 0.2650651 0.0654001 0.0195315 0.0424543 -0.0583421 -0.2132767 -0.3046748 -0.2369640 0.2187723 -0.0405818 -0.3524765 -0.3564136 -0.1426759 -0.2675309 0.0183249 -0.1222060 0.0120804 -0.0451599 0.3653426 -0.4046512 -0.3447249 0.0943167 0.1224986 0.0976276 0.2403004 -0.0456727 0.1770426 -0.1199760 0.1922370 0.3153090 0.1963611 0.1699955 -0.1536188 -0.2642537 0.0732123 0.0163498 0.4362698 -0.2165939 -0.2795008 -0.1770329 0.1460246 0.1751739 -0.3154131 0.1208371 -0.1371874 -0.2862676 -0.2838040 -0.0966858 -0.0964886 0.0325908 -0.6807423 -0.2885656 -0.2469226 -0.3049934 -0.4187397 -0.2524601 -0.3198100 -0.2804325 -0.1281089 -0.1794011 -0.3192641 -0.3211491 -0.1736934 -0.2602287 -0.2571619 -0.3061522 -0.3640390 -0.3777490 -0.0934187 -0.2591579 -0.3597818 -0.2817118 -0.2920750 -0.4341903 -0.3525149 -0.2460948 -0.4406406 -0.3367072 -0.2782288 -0.3720968 -0.4180460 -0.0780700 -0.0453821 -0.1902122 -0.4679999 -0.1344167 -0.1165874 -0.0271808 -0.0794060 -0.2517414 -0.3198465 -0.4309920 -0.0387737 -0.5645267 -0.2321682 0.0454971 0.2401467 0.2799288 0.3182023 0.2877773 0.0121018 0.2525684 0.2971184 0.0249287 -0.0604398 0.1554004 0.0411066 0.2419718 0.0362854 0.1678468 0.0500338 -0.0998319 -0.0242199 0.3536004 -0.0913670 -0.0967757 -0.2538404 -0.1222277 0.0615970 0.1270580 0.5119262 -0.0758570 -0.1542067 -0.3347244 -0.4303648 -0.3792017 -0.4081768 0.3353346 0.1298719 -0.3956972 -0.1335712 -0.0153061 0.1162235
