0.0000000 0.7641111 0.3440124 0.0400780 0.0001745 0.2028860 0.3322559 -0.0216326 0.2227886 0.1511408 -0.0410394 0.3686950 -0.0169967 0.0768315 0.0471582 -0.0343076 0.0661332 0.0090750 -0.1401579 0.5312160 0.2477252 -0.0222270 -0.1078358 0.0884556 -0.1663303 -0.1235667 -0.0276599 -0.0005313 0.1765090 0.0187754 -0.1458058 -0.1000617 0.1282868 0.1890540 -0.2376156 0.1526331 -0.1726392 -0.2611131 -0.0407223 0.0108349 -0.0722639 0.2175970 -0.2186113 0.0312048 0.2075323 -0.2955891 -0.3002064 -0.2074112 0.0853253 -0.3805773 -0.3158529 -0.1879358 0.0931931 0.0407302 -0.3834490 -0.3937867 -0.2552515 0.1320381 0.3109966 -0.3187125 0.2013618 -0.2186463 -0.0555660 0.1160742 -0.2041723 -0.0890598 -0.2757018 0.0885131 -0.3460148 0.1692822 -0.2015350 0.1102301 -0.1647393 0.2432978 -0.3091149 0.1096119 0.1630208 -0.1716365 -0.0277254 0.1907645 -0.0980289 0.2484974 0.3550040 0.4600377 0.3902304 -0.0116868 -0.0531260 0.3307727 0.1031210 0.0641149 -0.1714765 -0.1332105 -0.1152247 0.2464032 0.2884071 -0.1576330 -0.1777236 -0.0667230 -0.0900879 -0.1407447 -0.0523811 -0.2428225 0.0825544 -0.0499138 -0.2092638 -0.3736498 -0.0598172 0.2537313 -0.1628563 0.2501391 -0.4369728 -0.2536270 -0.0332634 0.0406791 -0.0905266 -0.0328616 0.0142308 0.2069532 0.1200980 0.0905722 0.0947252 0.2340303 -0.1359256 0.1452908 0.0905199 0.1441342 0.0638303 -0.2269399 0.1468305 -0.2055197 -0.1868332 -0.2314993 -0.1739764 0.0848877 -0.4554924 -0.1457545 -0.0627010 0.1928171 0.0575512 0.1366764 -0.1414933 0.2450771 -0.4026041 0.0823538 0.2135372 0.0164449 0.1591078 0.1124787 -0.3908420 0.1580234 0.1223842 0.1421070 0.0185836 -0.0751288 -0.0725183 0.1917817 -0.1052420 -0.0242952 -0.2867257 0.1721139 -0.0961107 -0.0690944 0.2050609 0.1245399 -0.1981355 0.1416879 -0.1462596 -0.1986214 -0.1907116 -0.0213873 -0.1332421 -0.3109669 0.2731941 0.2512377 0.4424406 0.3021332 0.2528269 0.4316240 0.2716753 0.4010258 0.4043447 0.2223466 0.0600929 0.1961856 0.5383410 -0.2326978 0.6123471 0.4218138 0.1603640 0.0040383 0.0097867 0.0486071 0.0638494 0.1591125 0.0836741 0.1811314 0.2349971 0.1813852 0.1012001 0.1085478 0.0763711 -0.1973186 -0.1359878 0.2575639 0.2263531 0.1462203 -0.2415953 0.1914271 -0.2005240 -0.1306887 -0.1036764 0.2875555 0.2529768 0.2135247 0.1080689 0.1772270 0.1865168 0.3558213
0.7641111 0.0000000 0.5852255 0.1639288 0.3445750 0.2722983 0.4503254 0.1466717 0.2887865 0.2757545 0.0338516 0.6058829 0.1983904 0.0964592 0.2363368 -0.0404072 0.1605527 -0.0883370 -0.1668345 0.6237652 0.5794335 0.0903173 -0.1693359 0.0241637 -0.1909585 -0.2730361 0.0481783 -0.1800111 0.4058210 -0.0606893 -0.0644991 -0.1075756 0.0358580 0.3068596 -0.4267179 0.4943784 -0.3978260 -0.2666956 -0.0648022 0.0054806 0.0846177 0.5521807 -0.2813660 0.0057878 0.5246399 -0.4352979 -0.5037432 -0.1727852 0.1777047 -0.2897418 -0.5121967 -0.2216147 0.3507031 0.0705360 -0.4220589 -0.4967285 -0.3606532 0.1116854 0.2374220 -0.4023667 0.2839776 -0.1885840 0.0717893 0.2854698 -0.0366471 0.0107450 -0.3400060 0.1349100 -0.3773341 0.2137317 -0.2343396 0.2809315 -0.2693505 0.4236898 -0.1056137 0.1289007 0.3188330 -0.1179780 0.1733123 0.3235011 0.2217006 0.1987561 0.3272142 0.5108348 0.3553577 0.1953912 0.1739229 0.2406997 0.1943977 0.1052529 0.0366490 0.0815488 0.1175632 0.2038952 0.3362177 -0.0496840 0.0824373 0.0656078 -0.0559103 0.1109054 0.1524570 -0.1715095 0.2704376 0.1000031 -0.0769402 -0.2238813 0.0449575 0.3416922 -0.0104986 0.2678362 -0.3410473 -0.1377884 0.0274940 0.1668632 0.0698060 0.1420027 0.1900219 0.1125248 0.2523815 0.2120883 0.2868187 0.3611669 0.0816661 0.2127030 0.2870765 0.3595842 0.2924012 -0.0549371 0.3290960 0.0031593 0.0664445 0.0219089 0.1189764 0.1391917 -0.2375809 0.1644088 0.1766839 0.3931165 0.3181908 0.3293673 -0.0267700 0.3035403 -0.2362705 0.3483664 0.4182679 0.1987368 0.3308262 0.2306184 -0.1432710 0.1413580 0.3461162 0.2975215 0.1557839 0.0298904 -0.0674095 0.4199221 0.1750983 0.1983013 0.0040856 0.4549505 -0.0831169 0.1295610 0.4277120 0.4108585 0.0031526 0.2877150 0.0255677 0.0061050 -0.0275971 0.2092731 0.0030325 -0.1430403 0.5700010 0.4441995 0.6669701 0.5257377 0.4857002 0.3728590 0.4383583 0.4999767 0.3844566 0.3393861 0.3630834 0.3610785 0.3353036 -0.0940719 0.5510228 0.5251780 0.4130400 0.2331721 0.2453104 0.2667344 0.2734413 0.5088204 0.3087411 0.4837156 0.5342555 0.3943257 0.3607176 0.4237398 0.3409638 -0.1721219 0.0707476 0.4178614 0.5325953 0.5368559 -0.0860439 0.4125615 -0.0831464 -0.0942995 0.1043108 0.4722222 0.6322483 0.5271503 0.3169848 0.3226111 0.2322032 0.3858783
0.3440124 0.5852255 0.0000000 0.7819339 0.8257109 0.7681651 0.6635498 0.7768157 0.7323835 0.7823886 0.6757195 0.7141745 0.7435395 0.5747338 0.4696491 0.4703718 0.7674744 0.2383328 0.3253753 0.7807739 0.6395606 0.5476606 0.4782472 0.3153316 0.3733406 0.2869015 0.5386610 -0.0022921 0.6637827 0.2562562 0.5080779 0.4714772 0.4279623 0.7291489 0.0698925 0.4918311 0.0961514 0.2117359 0.3711012 0.4564377 0.6517368 0.6263688 0.1872354 0.4795038 0.8401609 -0.1017518 -0.3429058 0.2736034 0.7368103 -0.4692810 -0.3168730 0.2381779 0.8297858 0.5122853 -0.0927113 -0.2801026 -0.1573535 0.6358460 -0.1503629 0.0332311 0.2772632 0.2901374 0.4612887 0.8340576 0.6597529 0.0410354 0.0515238 0.6308881 -0.0834089 0.7202220 0.0110349 0.7848208 0.3020127 0.8439771 0.0248617 0.6760362 0.7294994 0.2864860 0.7226585 0.6394421 0.4512770 0.4209474 0.3827835 0.6059569 0.3523981 0.6049945 0.6034820 0.1475690 0.4683739 0.3760036 0.5322815 0.4500097 0.6428997 0.1415644 0.5677930 0.5311999 0.6068172 0.5574206 0.1729022 0.3965942 0.2853956 0.3766527 0.5830272 0.2243570 0.5152920 0.2979886 0.5339861 0.6077775 0.5130167 0.4966310 0.1769870 -0.0145354 0.1332475 0.6262679 0.4498043 0.3412793 0.5895215 0.4624671 0.4157796 0.4247346 0.5836824 0.5905227 0.3918843 0.3361974 0.3946968 0.6026151 0.3375648 0.3515809 0.5413802 0.2750040 0.2960403 0.5278908 0.3175599 0.3099672 0.0529994 0.4928181 0.3287318 0.5528192 0.4433276 0.4862605 0.0856186 0.3044888 0.2353118 0.3871422 0.4437563 0.1229090 0.3676034 0.1295203 0.1148701 0.2738525 0.6599021 0.4849730 0.4216979 0.0217358 -0.0831556 0.5181274 0.6656827 0.4162780 0.5300678 0.7134387 0.0163580 0.5817472 0.5873840 0.7022059 0.3017685 0.4183093 0.3110597 0.2143783 0.3411512 0.5837795 0.1657209 0.0579481 0.2280988 0.1223680 0.2272128 0.4312345 0.1386397 -0.3127938 0.1638109 0.1267449 0.2491250 0.2010852 0.4453135 0.4364031 -0.0004885 0.2583992 0.2290671 0.3710290 0.5892138 0.5017861 0.2880687 0.2975426 0.1345556 0.5782778 0.5526185 0.5827988 0.2221935 0.4637588 0.3615785 0.5992858 0.6739268 0.0906590 0.4210709 0.5575117 0.6814294 0.6385936 0.4441698 0.6666744 0.4378258 0.2147808 0.1651250 0.3298740 0.7326649 0.6484536 0.4976783 0.2873666 0.3403693 0.4556126
0.0400780 0.1639288 0.7819339 0.0000000 0.7053534 0.8900877 0.6357124 0.9510927 0.8292687 0.8918077 0.9073214 0.6661812 0.7804284 0.7286681 0.6105345 0.6432111 0.8853802 0.4807859 0.6841195 0.5732782 0.6179921 0.7376383 0.7841848 0.4290417 0.7471014 0.6675697 0.7614020 0.1980053 0.7549289 0.4555553 0.5921354 0.7655299 0.5554303 0.8251417 0.4621365 0.4626005 0.3972141 0.4984381 0.6306882 0.7442217 0.6924043 0.5261433 0.5455339 0.7758683 0.8281493 0.2190246 -0.0536627 0.4311306 0.8751425 -0.4599655 0.0592885 0.6040935 0.8479591 0.7677352 0.0505348 -0.1200234 -0.0323073 0.8579237 -0.1439716 0.4160562 0.0229227 0.6353991 0.3231150 0.8297356 0.6366855 -0.1215902 0.3966720 0.8316483 -0.0405568 0.8756910 0.2219297 0.8550688 0.5986359 0.7923798 -0.0043130 0.8487132 0.8141135 0.3254630 0.8217172 0.6284209 0.3663822 0.5286705 0.4030236 0.5102687 0.2261150 0.6219018 0.3698737 0.3772879 0.5179490 0.4069532 0.3680493 0.4247590 0.5920333 0.2216103 0.4282306 0.5215532 0.5647561 0.4199650 0.1772083 0.5520700 0.2787151 0.3059445 0.5973800 0.2617363 0.4526389 0.3325197 0.7590996 0.5906281 0.4535896 0.6371721 0.2834350 0.0484052 0.3473404 0.7915785 0.8076566 0.5100854 0.7307577 0.7541207 0.5968510 0.4366954 0.6045739 0.6363836 0.4750044 0.2433818 0.3513534 0.5547346 0.2562168 0.3768343 0.5273160 0.4170507 0.3842745 0.4525668 0.4446024 0.2661497 -0.0691527 0.4767635 0.3984001 0.5873767 0.5384572 0.6282763 0.1286115 0.4527254 0.1995782 0.4572002 0.4752694 0.1479621 0.4719550 0.3228317 0.0570097 0.4002650 0.6814663 0.5429942 0.6027570 -0.0027433 0.1359711 0.4652593 0.6357508 0.5034407 0.6675896 0.7082969 0.1203530 0.6916679 0.4785985 0.6774056 0.3463612 0.3415795 0.2671018 0.2700519 0.3474062 0.4788421 0.1482309 0.0844203 0.1237078 0.1272694 -0.0675541 0.2555361 -0.0394641 -0.6751939 0.1497284 -0.0594474 0.3229502 0.2875124 0.4583977 0.5050340 -0.0992228 0.0094997 -0.0720011 -0.0568529 0.5551120 0.5859552 0.2496157 0.3317855 0.1454960 0.5417999 0.5259011 0.4565872 0.1270451 0.5630074 0.2651647 0.5269690 0.6896315 0.1010504 0.4317305 0.7010963 0.5359960 0.5066081 0.4334611 0.5531071 0.5240524 0.3536732 0.1655003 0.3356443 0.5892322 0.7162184 0.6092907 0.0338032 0.3508682 0.3086509
0.0001745 0.3445750 0.8257109 0.7053534 0.0000000 0.6929006 0.6257965 0.7935936 0.6657675 0.7231536 0.6294051 0.5649132 0.8221236 0.4907710 0.6161038 0.4366781 0.6547261 0.1445197 0.3325444 0.3572960 0.4822730 0.5080771 0.3781606 0.3005856 0.3413936 0.2599149 0.4562628 0.0142484 0.6212389 0.3185033 0.5349840 0.3449423 0.2925844 0.6352229 0.1550596 0.3447379 0.0816692 0.2712643 0.3913153 0.4787701 0.5268485 0.4336035 0.2744708 0.4780816 0.7685312 0.0406374 -0.1599269 0.2738100 0.6609309 -0.2059013 -0.1279986 0.3379259 0.8376668 0.4541904 -0.0193617 -0.1483085 -0.1419339 0.5219178 -0.4749646 0.1895431 -0.0722997 0.3623527 0.2354446 0.7383508 0.6751994 -0.0496523 0.1885533 0.5069918 -0.0458913 0.5138855 0.0364219 0.7332276 0.2609642 0.6972570 0.1434229 0.4647820 0.5661083 0.2246833 0.6356630 0.3249718 0.4147022 0.1910924 0.0853721 0.3054494 0.1445938 0.5571029 0.6963193 -0.0951380 0.3659136 0.2983365 0.5919736 0.5836571 0.6373760 -0.0646465 0.5347262 0.6883990 0.7009012 0.6493240 0.1890642 0.3717491 0.3133174 0.4366114 0.5195964 0.3769049 0.5442478 0.5190727 0.4505442 0.4496462 0.5177402 0.3262786 0.3523645 -0.0776192 0.0426697 0.5300544 0.3628709 0.2464171 0.5582520 0.3070284 0.2904775 0.3225055 0.4619450 0.4357828 0.3658652 0.1422493 0.3839940 0.4623501 0.1803113 0.4552227 0.4477410 0.1687649 0.3432275 0.4315731 0.3308006 0.0793730 0.1609097 0.3121400 0.2725696 0.5182197 0.3987299 0.1821572 -0.0807149 0.0439439 0.3358347 0.1274072 0.2540999 -0.1260503 0.2457597 -0.0486084 0.2485004 0.0007457 0.4298850 0.1892318 0.4464495 -0.0844100 -0.2267356 0.1795128 0.6457887 0.3459778 0.5367552 0.5322806 -0.1052192 0.5710640 0.3695098 0.5699558 0.3290425 0.2174848 0.3684877 0.2585952 0.4763794 0.6813746 0.2878903 0.2752800 0.1463722 0.0342917 -0.0220946 0.2728331 0.0437057 -0.4881335 0.0216421 -0.0352788 0.0046368 0.0227287 0.4018332 0.2141351 -0.4585295 0.1169382 -0.2543023 0.0577586 0.4374860 0.4382731 0.1807794 0.1881678 0.0308729 0.5173692 0.4224372 0.4681957 0.0545689 0.2791353 0.2203496 0.4193034 0.6624108 0.0178004 0.4923737 0.3545143 0.5040650 0.5045580 0.3265820 0.5251900 0.6101284 0.1005848 0.3730885 0.0270422 0.5470116 0.4549923 0.1589756 0.2245239 0.2459332 0.1058096
0.2028860 0.2722983 0.7681651 0.8900877 0.6929006 0.0000000 0.8495626 0.8526129 0.9438154 0.9656945 0.8197154 0.7163676 0.8090077 0.9005062 0.7228491 0.5127466 0.8755869 0.6081642 0.6019770 0.6203845 0.5437927 0.7049926 0.7238233 0.5729634 0.6738482 0.6068345 0.8570775 0.4660735 0.8038473 0.7053456 0.5797083 0.7047397 0.6482165 0.8799467 0.4579593 0.3734266 0.3468992 0.5422161 0.6867004 0.8286614 0.6897894 0.5711695 0.5529497 0.8565770 0.8809876 0.2122453 -0.0533069 0.5234414 0.9255126 -0.2877937 0.0509593 0.5606574 0.9229606 0.6874514 0.1280134 -0.0438316 0.0021011 0.7355955 -0.1306118 0.3747210 -0.0039520 0.5272839 0.3801611 0.9145874 0.7365855 0.0516618 0.3669205 0.7130751 0.0249097 0.8017665 0.2494074 0.9451168 0.5484081 0.8846188 0.1425908 0.7951843 0.8391172 0.3963844 0.8076682 0.6363539 0.3349589 0.5524059 0.4421701 0.5485744 0.3945371 0.4631136 0.3159778 0.4473548 0.5186977 0.4718464 0.4382878 0.3985306 0.5342658 0.2942545 0.4963675 0.5351802 0.5519521 0.3917067 0.1542200 0.4334278 0.1946622 0.1723815 0.4780808 0.3244639 0.4477229 0.3173612 0.5387905 0.5533646 0.5018058 0.5164797 0.2858541 0.0661170 0.2594501 0.6493548 0.6239313 0.3527561 0.5533050 0.6596134 0.3949864 0.5198825 0.6302415 0.5841977 0.2812441 0.3698561 0.4983711 0.6692353 0.4382467 0.2689084 0.6919753 0.4846216 0.5109417 0.3942190 0.5512772 0.4513927 -0.0989912 0.4111501 0.5283699 0.7148907 0.6241050 0.5887007 0.2127766 0.5388800 0.2573504 0.4312441 0.5830561 0.2304640 0.5492809 0.3329557 0.1599298 0.4325570 0.5799461 0.5477138 0.6274951 0.1615146 0.1431519 0.5004674 0.6482900 0.5838615 0.6100286 0.5875707 0.1309888 0.6596780 0.6382434 0.5875083 0.3863351 0.5196850 0.4367182 0.3784341 0.5226017 0.5521388 0.3130322 0.2430207 0.0952838 0.1037932 0.0671657 0.3134215 -0.0306828 -0.5538920 0.0396043 -0.1131279 0.2094864 0.1818333 0.4348481 0.3813120 -0.0706188 -0.0623660 -0.0490522 -0.0073286 0.5898399 0.5894643 0.3504916 0.3283061 0.1745652 0.6247572 0.6432364 0.6222127 0.1963630 0.5830943 0.2276051 0.6263244 0.7372846 0.1716005 0.3670171 0.6896867 0.4606813 0.4126162 0.4351226 0.6252543 0.5519598 0.3905497 0.0719864 0.3644460 0.5230533 0.6100682 0.4856089 0.2174163 0.5362270 0.4357643
0.3322559 0.4503254 0.6635498 0.6357124 0.6257965 0.8495626 0.0000000 0.5601913 0.8581057 0.7984492 0.4624579 0.8027471 0.6165223 0.7568668 0.7678247 0.1480253 0.6220644 0.5098125 0.2193045 0.5343427 0.5941356 0.4184956 0.3436638 0.4376829 0.2811733 0.2377012 0.6306343 0.3925400 0.7631644 0.5896460 0.2807295 0.3633270 0.4565956 0.7252257 0.0936785 0.4617865 0.0184850 0.2531091 0.4555865 0.6152236 0.4586936 0.5975793 0.2477775 0.6398126 0.7725353 -0.0570519 -0.2895039 0.3127228 0.7359861 -0.1456693 -0.2421257 0.2197147 0.8160843 0.3239826 -0.0062797 -0.1913457 -0.1891696 0.3789085 -0.1399088 0.0164257 -0.1748109 0.1298223 0.2093532 0.7674315 0.5162822 0.0925735 0.0260473 0.3329591 -0.1143174 0.4867446 -0.0253007 0.8268244 0.1113311 0.7731522 0.0466591 0.4418837 0.6988755 0.0828848 0.4995668 0.3876503 0.1633323 0.5893632 0.6058452 0.6382036 0.5120530 0.5129813 0.3865597 0.5256980 0.6627356 0.6393664 0.4346547 0.4576526 0.4383172 0.5794943 0.6219847 0.5124222 0.5439778 0.2633528 0.3769983 0.5737662 0.4881415 0.1463612 0.6053980 0.6641771 0.4167776 0.3832899 0.4508535 0.6472582 0.3569023 0.4370328 0.3340621 0.0436871 0.2396042 0.5235134 0.4038632 0.1802342 0.3580764 0.3794099 0.2089993 0.3435494 0.5050534 0.4765963 0.2582083 0.3844452 0.3056362 0.5019424 0.4634388 0.4310259 0.6307158 0.4060872 0.5078888 0.4027531 0.4963681 0.5720502 -0.0013840 0.5041753 0.5309997 0.6937595 0.6386327 0.5467299 0.4452726 0.5954652 0.2928394 0.5085805 0.6217476 0.4231185 0.6567670 0.4573121 0.3717780 0.5156057 0.5346715 0.5866343 0.6293785 0.4733415 0.2853432 0.5656763 0.5336614 0.7047676 0.4021490 0.4587200 0.2875974 0.6636331 0.7303343 0.4049514 0.5432424 0.6763874 0.6165811 0.5569225 0.5825543 0.6068835 0.5583710 0.4327323 0.2655343 0.2784064 0.4303079 0.5440856 0.2657502 -0.3112991 0.2533074 0.1545741 0.3151839 0.2906730 0.4931890 0.3260051 -0.1176630 -0.2813845 -0.0234443 0.1617802 0.6491119 0.5874477 0.2481883 0.3728916 0.3125386 0.5489846 0.4555329 0.6388765 0.4498327 0.5641344 0.0703664 0.5700060 0.6509482 0.2450446 0.4106529 0.7371967 0.4299863 0.3007836 0.2197623 0.5822729 0.3881467 0.2828638 0.2566793 0.4934725 0.4929258 0.4585622 0.2158746 0.3602361 0.5477937 0.4154311
-0.0216326 0.1466717 0.7768157 0.9510927 0.7935936 0.8526129 0.5601913 0.0000000 0.7470323 0.8477201 0.9195536 0.5390431 0.8867232 0.6625274 0.5552465 0.7219904 0.8490693 0.3600597 0.7443200 0.5142163 0.4677865 0.8089105 0.7579799 0.3976126 0.7588772 0.6739886 0.7197942 0.1881142 0.6461415 0.4640993 0.7233031 0.7555836 0.4995189 0.7662976 0.5030149 0.3140189 0.4406754 0.5761320 0.6261542 0.7312902 0.7246681 0.4175844 0.5810172 0.7459602 0.8343502 0.3328775 0.0648494 0.5039113 0.8106454 -0.3373919 0.1677058 0.6572603 0.8357819 0.7998347 0.1503503 0.0014484 0.0577660 0.8426629 -0.2355097 0.5092806 0.0323872 0.7312526 0.3585117 0.7752400 0.7068663 -0.0589192 0.5134134 0.8490812 0.0541613 0.7977018 0.3409622 0.7913692 0.6716213 0.7477714 0.1575074 0.7923263 0.7052457 0.4429232 0.8694220 0.5803756 0.4699859 0.3806761 0.2130374 0.3494672 0.1318275 0.5197554 0.4113350 0.1743727 0.3412504 0.2496185 0.3839755 0.4023491 0.5929953 -0.0286352 0.3319585 0.5253427 0.5488556 0.5133497 0.0668299 0.3783961 0.1532408 0.2730852 0.4739482 0.1430558 0.4364928 0.3117779 0.6201042 0.4285110 0.5051372 0.4673021 0.2299956 0.0007544 0.1912410 0.6616905 0.6674278 0.4255368 0.6632144 0.6504419 0.4923143 0.4549285 0.5637572 0.5418700 0.4615947 0.1546017 0.4688031 0.6009156 0.2236300 0.3190328 0.5264491 0.3447581 0.3928087 0.4270539 0.4512317 0.1028812 -0.0167576 0.3559012 0.3685679 0.5864539 0.4921190 0.4621264 -0.0604613 0.2880993 0.2138219 0.2820258 0.3793735 -0.0300482 0.3562096 0.1553041 -0.0206088 0.2205958 0.5801139 0.3690534 0.5418823 -0.2035487 -0.0715512 0.3099750 0.6084777 0.3738000 0.6287911 0.6747645 -0.1002493 0.6082296 0.3717444 0.6666686 0.1937699 0.2277877 0.1939947 0.0945636 0.3090774 0.4723331 0.0204988 0.0095731 0.0559383 0.0225476 -0.1817462 0.1398122 -0.1550532 -0.6999627 -0.0416474 -0.2088041 0.0999083 0.0904166 0.3584391 0.3507016 -0.2068366 0.1007287 -0.1396007 -0.0842698 0.4237078 0.4678136 0.2678549 0.2018681 0.0344375 0.5604835 0.5677151 0.4617337 0.0103907 0.4417914 0.3263170 0.5052377 0.6519562 -0.0259575 0.3911293 0.5390992 0.4508218 0.4985871 0.4309242 0.4484221 0.5502203 0.2578923 0.1966453 0.1416282 0.5361740 0.6283832 0.5354008 -0.0026439 0.2974900 0.2288297
0.2227886 0.2887865 0.7323835 0.8292687 0.6657675 0.9438154 0.8581057 0.7470323 0.0000000 0.9639929 0.7581203 0.7903190 0.6848984 0.9181383 0.8184244 0.4376566 0.8280536 0.7150554 0.5057358 0.5886394 0.5941491 0.5757413 0.6767763 0.7033583 0.5951526 0.5749651 0.8267904 0.5343634 0.9007099 0.7377547 0.4622872 0.6322026 0.7321911 0.9336834 0.4315453 0.3673114 0.3017330 0.4332069 0.6926614 0.8314911 0.6392425 0.5155412 0.5116511 0.8577275 0.8044681 0.1181187 -0.1349301 0.4514225 0.9494348 -0.3554348 -0.0403426 0.5268060 0.8994840 0.6339677 0.0442695 -0.1509021 -0.1133047 0.7070385 -0.2694975 0.2787144 -0.1613335 0.4025040 0.2061765 0.9296453 0.6181092 -0.0536895 0.2146506 0.6438914 -0.1306345 0.7834381 0.0799532 0.9494158 0.3953506 0.9100516 -0.0046027 0.7589949 0.8831406 0.2533184 0.6931284 0.5829051 0.2551931 0.4353792 0.3777941 0.5439617 0.3825795 0.4707659 0.3624352 0.4565442 0.5873774 0.5385406 0.5103696 0.4677042 0.4864806 0.3864944 0.6555468 0.5626069 0.5594617 0.3521714 0.1733329 0.4893457 0.2503014 0.2454674 0.4660844 0.4426071 0.4600609 0.3648593 0.5564237 0.5850311 0.4647898 0.5708418 0.3351686 -0.0011078 0.3175382 0.6801759 0.6498763 0.2999871 0.5536087 0.6771000 0.3602754 0.5019077 0.6363951 0.6108053 0.1302328 0.4007478 0.4577126 0.6226910 0.4483360 0.2853721 0.7026582 0.5022092 0.5366752 0.2464766 0.5406967 0.5362483 -0.1764782 0.4053778 0.5474337 0.7513342 0.6652836 0.5544065 0.2775080 0.6082916 0.2826631 0.4112155 0.6480776 0.3038993 0.6292196 0.3825798 0.2620053 0.4697538 0.5783206 0.5478429 0.7177551 0.3061663 0.1798281 0.4819488 0.7268167 0.6734243 0.6183119 0.5055045 0.2407869 0.7138178 0.6675817 0.5406670 0.5333838 0.5580314 0.5814704 0.5549934 0.6230985 0.6468404 0.5375294 0.4325399 0.2210051 0.2012118 0.1522147 0.4746979 0.1184052 -0.4416605 0.1214526 -0.0831422 0.2938509 0.2102264 0.4332129 0.3758088 -0.1804170 -0.1490695 -0.1191431 0.1107812 0.6916448 0.6498216 0.2866329 0.4423623 0.2967182 0.5488018 0.5729415 0.6084062 0.2518863 0.6570722 0.1759362 0.5907258 0.7908842 0.2341969 0.3216687 0.6785733 0.5552915 0.4475369 0.3694553 0.6814368 0.5721603 0.4597615 0.0101258 0.4047696 0.6078287 0.5681638 0.3816130 0.2570645 0.5416027 0.3915234
0.1511408 0.2757545 0.7823886 0.8918077 0.7231536 0.9656945 0.7984492 0.8477201 0.9639929 0.0000000 0.8591482 0.7269934 0.7666393 0.9168998 0.7407473 0.5726081 0.9081944 0.6085672 0.6128530 0.6241516 0.5666348 0.6734343 0.7593648 0.6302611 0.6843094 0.6343348 0.8901693 0.4550080 0.8656186 0.7288835 0.5814877 0.7047592 0.6956493 0.9370644 0.4910359 0.3689561 0.3504812 0.5295618 0.7601605 0.8740767 0.7242754 0.5268717 0.6075737 0.8769624 0.8639510 0.1928586 -0.0841516 0.5328068 0.9577640 -0.3440254 0.0271525 0.6255295 0.9310071 0.7261540 0.1065001 -0.0885763 -0.0469579 0.7762199 -0.2498693 0.3786618 -0.0895942 0.5179910 0.3185005 0.9568804 0.7086457 0.0037705 0.3344010 0.7314803 -0.0398553 0.8526820 0.1995472 0.9745970 0.5060969 0.9376628 0.1013588 0.8407886 0.9016578 0.3663141 0.8108615 0.6600079 0.3381142 0.4482694 0.3517754 0.5267682 0.3599441 0.4536965 0.3664300 0.3590792 0.5050980 0.4303761 0.4850530 0.4479103 0.5501724 0.2436759 0.5440883 0.5651831 0.5755681 0.4143799 0.0637585 0.4423954 0.1527265 0.1754469 0.4308114 0.3151864 0.4475735 0.3159366 0.5439184 0.5626060 0.4873922 0.6010610 0.2541822 0.0394521 0.3217437 0.7168452 0.7071975 0.4395113 0.6512513 0.7167332 0.4850014 0.5542050 0.6746309 0.6506861 0.2126315 0.4247938 0.5317320 0.7242318 0.4376087 0.2505514 0.7457773 0.5295482 0.5666943 0.3067777 0.5791788 0.4842023 -0.1930109 0.4229938 0.5782355 0.7530042 0.6861198 0.5942919 0.1755719 0.5635230 0.2123962 0.4350437 0.6313983 0.2706652 0.5782318 0.3472062 0.1388915 0.4092764 0.5848373 0.5378271 0.6451702 0.1694834 0.0971055 0.4881168 0.6991017 0.6208001 0.6295952 0.5444656 0.1562536 0.6491356 0.6402931 0.5697812 0.4302917 0.5034178 0.4536914 0.4205152 0.5125437 0.5401402 0.3798044 0.2767817 0.1084669 0.0884420 0.0340931 0.3633031 -0.0069237 -0.5681038 0.0297450 -0.1498558 0.1784449 0.1633213 0.3967765 0.3668978 -0.1621770 -0.0672492 -0.0969275 0.0333727 0.6611487 0.6458641 0.3582617 0.3916994 0.2178453 0.6665110 0.6797895 0.6670242 0.1895564 0.6416687 0.2263526 0.6688702 0.8028449 0.1491706 0.3686014 0.6735928 0.5538560 0.4889845 0.4770721 0.6785820 0.5999363 0.3647951 0.0454135 0.3586041 0.6118666 0.6740516 0.4877876 0.2117559 0.4378459 0.3607000
-0.0410394 0.0338516 0.6757195 0.9073214 0.6294051 0.8197154 0.4624579 0.9195536 0.7581203 0.8591482 0.0000000 0.4665316 0.7330970 0.7630452 0.4398573 0.8611556 0.8974197 0.5240679 0.8712549 0.5467783 0.3711601 0.8483455 0.9415208 0.5402544 0.9151691 0.8685763 0.8334177 0.3511884 0.6373436 0.6041472 0.7794863 0.8953047 0.6455615 0.8000030 0.7407767 0.1555899 0.6735085 0.7209520 0.8009986 0.8385760 0.8105671 0.3051333 0.7888201 0.8486839 0.7059731 0.5112627 0.2666829 0.6485680 0.8352839 -0.3166831 0.3735157 0.8399373 0.7286626 0.9206800 0.2971960 0.1773121 0.2591242 0.9353882 -0.2359662 0.6978910 0.0500989 0.8215883 0.4216049 0.7842969 0.6528576 0.0370933 0.6572069 0.9008590 0.1795532 0.8898383 0.5011690 0.7690778 0.8004374 0.7287908 0.2291135 0.8968376 0.7356151 0.5842989 0.8690864 0.6344533 0.4763431 0.3679654 0.1773412 0.3160055 0.1661368 0.3473392 0.2523018 0.1609601 0.2632280 0.1990137 0.3213468 0.2688758 0.5009767 -0.0360090 0.2448125 0.4024032 0.4008843 0.4128751 -0.1421640 0.2757963 -0.0503348 0.1590632 0.2517957 -0.0097559 0.3188753 0.1503210 0.4913550 0.3170649 0.3906122 0.5009770 0.0834283 -0.0746152 0.1327897 0.6429973 0.7217208 0.4134340 0.6860974 0.7469533 0.5180440 0.4790696 0.5630632 0.6023015 0.2912128 0.2220541 0.4769208 0.6225000 0.2695407 0.1896152 0.5418041 0.3874252 0.3523505 0.2878302 0.4424345 0.1880957 -0.0929052 0.3050465 0.3371747 0.5390036 0.4399832 0.4325964 -0.0400649 0.3470598 0.1851823 0.2144734 0.3551535 0.0262034 0.3397167 0.1828961 -0.0842716 0.2825643 0.5466050 0.3326896 0.5139460 -0.1696158 -0.0129368 0.2821226 0.5333716 0.3472041 0.6361272 0.5282165 0.0110007 0.5274329 0.3107639 0.5568797 0.2105307 0.1862752 0.1263301 0.0855938 0.2391808 0.3202787 0.0478555 -0.0139846 -0.0324215 -0.0394648 -0.2711333 0.0945797 -0.2187127 -0.6880281 -0.1392508 -0.3546933 0.0228337 -0.0100710 0.1711898 0.2657120 -0.1599598 0.1628781 -0.1525649 -0.1154286 0.4184031 0.4764096 0.2396974 0.2595712 0.0805259 0.5133235 0.5798386 0.4024803 -0.0829510 0.4988160 0.3072957 0.4400497 0.6042802 0.0325072 0.3345795 0.4748532 0.4409563 0.5143091 0.4841074 0.4541435 0.5227379 0.3449009 -0.0169519 0.1156632 0.5095619 0.5858028 0.5448273 0.0019434 0.2855991 0.2407062
0.3686950 0.6058829 0.7141745 0.6661812 0.5649132 0.7163676 0.8027471 0.5390431 0.7903190 0.7269934 0.4665316 0.0000000 0.4094829 0.6290428 0.7605542 0.0999691 0.5805574 0.5523873 0.1271348 0.5910668 0.9029510 0.2956758 0.3105047 0.4816785 0.2658248 0.1864789 0.5499787 0.2150009 0.8722799 0.3576164 0.0522716 0.3067963 0.4929726 0.7847946 -0.0223300 0.6357362 -0.1325873 -0.0210007 0.3666860 0.5271291 0.3502139 0.6747561 0.1185798 0.5723760 0.7778021 -0.3140766 -0.4913450 0.0042938 0.7392882 -0.4952465 -0.3905002 0.1783759 0.7834305 0.4476559 -0.3728737 -0.5377725 -0.4449514 0.5281387 -0.0601718 -0.0952319 -0.0538702 0.1712151 0.0511546 0.7130740 0.2853994 -0.2524170 -0.1139670 0.5035054 -0.4798698 0.6216472 -0.2550594 0.7667696 0.0520366 0.7665969 -0.2481400 0.5454054 0.8349081 0.0021353 0.5280755 0.6000427 0.4043729 0.4723584 0.5301351 0.5668124 0.2332251 0.5211325 0.2126039 0.6159307 0.6040116 0.5342806 0.2817994 0.2444580 0.2799910 0.5658992 0.6726994 0.2286414 0.3636071 0.0353982 0.3174099 0.7135332 0.4314030 0.1235371 0.5855467 0.4729070 0.2190538 0.1393103 0.5498316 0.5456138 0.2538518 0.4608580 0.2014567 -0.0437390 0.2377267 0.5187087 0.5939913 0.1750526 0.3957091 0.4753866 0.3401217 0.2922250 0.4549510 0.4869463 0.1123055 0.2082565 0.2729864 0.4605309 0.3732407 0.2316418 0.5234974 0.2847226 0.3047991 0.3086769 0.3741439 0.4109620 -0.0847258 0.4792832 0.4147654 0.5990066 0.5755695 0.6815081 0.3677260 0.6465813 0.2662547 0.6437783 0.6814998 0.4437912 0.6372266 0.5075456 0.3415318 0.5169540 0.7465847 0.7240127 0.6412114 0.4118203 0.2993423 0.6625746 0.6570894 0.6825945 0.5866867 0.7647054 0.2569284 0.7174641 0.6787488 0.7393170 0.5001213 0.5981738 0.4728305 0.5692377 0.5552124 0.6208483 0.4612873 0.3889615 0.6470477 0.6776461 0.5855930 0.8180565 0.6488708 -0.0704307 0.5916573 0.2643596 0.6624628 0.4695992 0.6101738 0.5860117 -0.0844258 -0.2479517 0.0299557 0.3007392 0.8892444 0.8067308 0.2266253 0.7462712 0.6676859 0.6064945 0.4254025 0.6560630 0.7226499 0.8390707 0.4502238 0.5835985 0.7536723 0.2600497 0.3113903 0.8239976 0.7062785 0.6857291 0.0748058 0.7066491 0.3010032 0.4623295 0.0893316 0.7790645 0.7931622 0.6806994 0.4928366 0.2646822 0.6706804 0.5821233
-0.0169967 0.1983904 0.7435395 0.7804284 0.8221236 0.8090077 0.6165223 0.8867232 0.6848984 0.7666393 0.7330970 0.4094829 0.0000000 0.6089423 0.5499161 0.5650940 0.7428693 0.2153265 0.6178282 0.4700397 0.3077149 0.7852087 0.5525510 0.2746843 0.5621245 0.4578075 0.6274569 0.1979843 0.5336390 0.4779345 0.7781706 0.6183212 0.3398278 0.6240732 0.3345129 0.2823746 0.3126382 0.6061403 0.4846743 0.5946271 0.7287113 0.4719543 0.4252013 0.5813169 0.8399001 0.3266660 0.0392423 0.5868557 0.6827578 -0.0465551 0.0772127 0.4562135 0.8137098 0.5427251 0.2832738 0.1299408 0.1162060 0.5519480 -0.2232592 0.3551438 0.0870487 0.5151977 0.4350743 0.7292482 0.7999694 0.1981821 0.3770551 0.5937637 0.1987236 0.5483017 0.3570359 0.7254448 0.5052448 0.6973693 0.3468188 0.5629218 0.5123734 0.3915341 0.7343066 0.3869496 0.3221292 0.2856408 0.1499711 0.3867504 0.3175872 0.5261431 0.5889480 0.0856944 0.3712200 0.3207467 0.5788529 0.5630024 0.7039876 -0.0647537 0.3099468 0.6711283 0.6903566 0.6905887 0.0797417 0.1959966 0.2278198 0.3678198 0.4765427 0.2419721 0.6124749 0.4950373 0.4882326 0.4486239 0.6583237 0.3305908 0.3185094 0.1254680 0.1654939 0.5748460 0.4062886 0.3565691 0.5437077 0.4407744 0.2979607 0.5485462 0.6450110 0.5075894 0.5095772 0.3182390 0.5730309 0.6184349 0.3970439 0.3730187 0.5909621 0.4694529 0.5564241 0.4544098 0.5397915 0.2157520 0.0966247 0.3788914 0.4727407 0.6774605 0.5438261 0.3256621 0.0143266 0.2305473 0.2340556 0.1958161 0.4016518 -0.0206499 0.4037813 0.1194385 0.0765817 0.1788718 0.4339066 0.2542832 0.5517763 -0.1158200 -0.0916684 0.2908305 0.5776979 0.4053061 0.4761503 0.4937582 -0.0982886 0.5829397 0.4874428 0.4908276 0.2599945 0.3386545 0.3830194 0.1276437 0.3710507 0.5828856 0.1263042 0.1117820 0.0005511 -0.1431260 -0.0897514 0.0419890 -0.2908757 -0.5970238 -0.2213317 -0.1802247 -0.1247412 -0.0094960 0.3713009 0.1876027 -0.1713754 0.1599765 -0.0408062 0.0166560 0.2320804 0.2116529 0.4021838 -0.0724692 -0.1842961 0.5179323 0.6054656 0.4739713 -0.0672045 0.2063482 0.1490959 0.5478431 0.6030442 0.0062190 0.3928456 0.4067889 0.3841378 0.3533367 0.5093638 0.4267849 0.5912656 0.1846109 0.3110068 -0.0315067 0.4568501 0.4683094 0.3460438 0.2216869 0.2402874 0.1729395
0.0768315 0.0964592 0.5747338 0.7286681 0.4907710 0.9005062 0.7568668 0.6625274 0.9181383 0.9168998 0.7630452 0.6290428 0.6089423 0.0000000 0.6648606 0.4652264 0.8379317 0.7889475 0.5809003 0.5449087 0.4174005 0.6005530 0.7726929 0.7355393 0.7000282 0.6729714 0.9448540 0.6988426 0.7773556 0.8880037 0.5342301 0.7230376 0.7824678 0.8860304 0.5900944 0.2052971 0.4412672 0.6011750 0.8017484 0.9054727 0.7157622 0.4413245 0.6625994 0.9118437 0.7132769 0.2750297 0.0283060 0.6099508 0.9199601 -0.2097380 0.1439604 0.6330959 0.8102182 0.6753836 0.2379853 0.0825125 0.0906246 0.6682488 -0.1892066 0.4318630 -0.0835224 0.4877730 0.3551262 0.8942101 0.6925542 0.1290767 0.3628143 0.6331753 0.0791578 0.7641168 0.2708889 0.9004434 0.5414323 0.8510325 0.1811830 0.7903035 0.8428514 0.4547885 0.7205641 0.6297493 0.3092524 0.4151405 0.3356269 0.4482273 0.4016564 0.2744240 0.1858825 0.4388302 0.4826304 0.4933911 0.4949362 0.2930554 0.4401029 0.3085804 0.4917671 0.4512871 0.4598949 0.2830410 0.0352988 0.3490950 0.0362114 0.1039714 0.2359346 0.2498728 0.4156756 0.2588169 0.3771695 0.4029278 0.5074870 0.4340406 0.2873146 0.1302060 0.2265546 0.5393338 0.5931003 0.2440792 0.4402495 0.6524690 0.2638895 0.5948479 0.6422205 0.5510311 -0.0051901 0.4832238 0.5600408 0.7160552 0.5705256 0.1076026 0.7790531 0.6103829 0.5989031 0.2594207 0.6141825 0.6270428 -0.1133081 0.3959828 0.6234413 0.7201555 0.6483505 0.5429467 0.3479020 0.6451201 0.3419764 0.3817692 0.6507601 0.3910994 0.5982703 0.3892425 0.2639884 0.5157024 0.5023193 0.5354113 0.6521383 0.3570640 0.2304942 0.4939032 0.6261034 0.6589256 0.5949747 0.3727725 0.2705196 0.6136172 0.6757561 0.4334867 0.4891171 0.6012307 0.5531819 0.5038286 0.6102640 0.5032492 0.4920805 0.4122522 0.0353822 0.0589149 0.0654765 0.3701048 -0.0166750 -0.4626898 -0.0735097 -0.2832705 0.0933770 0.0568434 0.2830871 0.2463816 -0.1347346 -0.0440621 -0.1330639 0.0082834 0.6311542 0.6153673 0.4151295 0.4215370 0.2949029 0.5901921 0.7002631 0.6557211 0.1996531 0.6332154 0.1858849 0.6372946 0.7517487 0.3702981 0.3173075 0.6048558 0.4290606 0.3863549 0.5224737 0.6530775 0.5936007 0.5601620 -0.1036276 0.3680898 0.4733705 0.4708113 0.4021694 0.3001380 0.5680360 0.4641809
0.0471582 0.2363368 0.4696491 0.6105345 0.6161038 0.7228491 0.7678247 0.5552465 0.8184244 0.7407473 0.4398573 0.7605542 0.5499161 0.6648606 0.0000000 0.0684795 0.5136664 0.5620777 0.2167791 0.1885457 0.6010066 0.2802609 0.2916011 0.5693760 0.2831515 0.2459327 0.5753719 0.4198091 0.8429685 0.5752596 0.1269073 0.2507377 0.4690155 0.7340341 0.1617202 0.3954680 -0.0863707 0.1398848 0.4600580 0.6410333 0.2656912 0.4266096 0.2705765 0.6435573 0.6952172 -0.1118895 -0.2885263 0.1283263 0.7326069 -0.2165431 -0.1768881 0.3149320 0.8089203 0.3641362 -0.1985973 -0.3671483 -0.4341881 0.4095231 -0.3776990 0.0618759 -0.4578083 0.2020018 -0.1859386 0.6734897 0.3859806 -0.3316258 0.0009557 0.3690260 -0.4390498 0.4425550 -0.2128164 0.7708242 0.0568253 0.6914559 -0.1568764 0.4062350 0.7053657 -0.0720788 0.4441249 0.3354902 0.1599357 0.2042735 0.1804213 0.2807460 0.0746196 0.4195562 0.2704315 0.4599488 0.5023406 0.4501606 0.3851488 0.4396182 0.2502924 0.3761912 0.6188695 0.4694655 0.4753733 0.1405447 0.2760429 0.5586061 0.3669966 0.2060676 0.4639804 0.6055827 0.3335749 0.4238966 0.4992713 0.4339518 0.3545782 0.3537395 0.4435828 -0.0217756 0.3511021 0.4976408 0.5344312 0.1752631 0.3551074 0.4326485 0.2176342 0.2950782 0.4179483 0.3343823 0.0116908 0.1708834 0.3393044 0.3795841 0.2611059 0.2473398 0.5143399 0.3773243 0.5180041 0.0742110 0.4733123 0.3439748 -0.2122889 0.2398505 0.5026649 0.6640472 0.6414642 0.4401691 0.2114581 0.4973180 0.2525803 0.4055273 0.6165823 0.2405876 0.6006474 0.3804231 0.3939460 0.2938201 0.4408483 0.4713816 0.7208736 0.3435387 0.1883013 0.3416567 0.7182729 0.6787230 0.5583782 0.4672186 0.1668628 0.6967153 0.5520337 0.5010136 0.5338596 0.4945819 0.6510700 0.6685991 0.7389759 0.7129210 0.6206227 0.6398533 0.4270324 0.4327907 0.2287508 0.5220125 0.3262665 -0.2757050 0.2496540 -0.0338328 0.3533998 0.2405395 0.5206800 0.3107433 -0.4251819 -0.4529862 -0.3799599 0.0103132 0.6523351 0.6272312 0.1809972 0.4872961 0.4036944 0.4539822 0.3567448 0.5388338 0.4187776 0.6050637 0.1690659 0.4802108 0.7332779 0.1447336 0.1632266 0.5841241 0.4661759 0.3508426 0.0326946 0.5595495 0.5071118 0.3662461 0.1063454 0.4196137 0.5166852 0.4703534 0.1908605 0.1717369 0.5448745 0.2250641
-0.0343076 -0.0404072 0.4703718 0.6432111 0.4366781 0.5127466 0.1480253 0.7219904 0.4376566 0.5726081 0.8611556 0.0999691 0.5650940 0.4652264 0.0684795 0.0000000 0.7031270 0.2170521 0.8868916 0.4568358 -0.0100058 0.8342778 0.8455874 0.2879615 0.8134289 0.8282737 0.6038627 0.1669550 0.2530119 0.4261438 0.8683575 0.8006813 0.3914527 0.4692644 0.7600746 -0.1856721 0.7992658 0.7716079 0.7388777 0.6360845 0.7753896 -0.0454590 0.8168759 0.5896722 0.3971822 0.7267340 0.5266551 0.7246501 0.4804547 -0.0813980 0.5472069 0.8477731 0.3602547 0.8070898 0.5116220 0.4390001 0.4976092 0.7887481 -0.2994523 0.7669756 0.0628314 0.7644465 0.4651664 0.4631091 0.4343108 0.2303289 0.7446241 0.7127563 0.3740381 0.6349331 0.6916560 0.4087600 0.7492066 0.4259175 0.3758097 0.6550957 0.3715767 0.5961712 0.6545354 0.3996449 0.3692741 0.2484389 0.0310729 0.1609365 0.1096780 0.1498126 0.2184652 -0.1405216 -0.0285936 -0.0733996 0.1134992 0.1053269 0.3204903 -0.2446264 -0.1004711 0.2133642 0.1359535 0.3581157 -0.4462989 -0.0483596 -0.2157246 0.0333449 0.0060876 -0.2169697 0.1182518 -0.0657279 0.1987292 0.0939829 0.1147059 0.3538890 -0.2625023 -0.3274744 -0.1026073 0.4643945 0.4562713 0.3301179 0.6128690 0.5548100 0.4635029 0.2697974 0.3446441 0.4876978 0.2891506 0.1561335 0.3103349 0.4256743 0.0591718 0.1586658 0.2915046 0.1875187 0.1423496 0.1148556 0.1942753 0.0076472 -0.1252280 0.1395511 0.0699410 0.2971911 0.1721856 0.1398597 -0.2576118 0.1075253 -0.0495774 -0.0522301 0.0711075 -0.1444707 0.1253955 0.0463625 -0.4012005 0.1360910 0.3643577 0.0515107 0.2750963 -0.4129789 -0.1397687 0.0517051 0.1812105 0.0759757 0.2940756 0.2358068 -0.0773520 0.2452299 -0.0062840 0.2165026 -0.0127047 -0.0563104 -0.1615793 -0.3063492 -0.1788138 -0.0291573 -0.2170815 -0.3446873 -0.2338590 -0.2558887 -0.4180896 -0.1873272 -0.4343710 -0.5845229 -0.4231323 -0.4952080 -0.2892880 -0.3135554 -0.2561516 -0.1034874 -0.1010910 0.2560184 -0.0622071 -0.0447364 0.0502577 0.0992708 -0.0033934 -0.0636816 -0.1791823 0.2400262 0.3412550 0.1121631 -0.3674614 0.1977790 0.1542524 0.1516160 0.2220536 -0.2296114 0.1707211 0.1459868 0.2805558 0.3499462 0.3382744 0.1434566 0.2603304 0.0119796 -0.0446431 -0.2194154 0.3234098 0.3516771 0.3290136 -0.0885753 -0.0606857 0.0306947
0.0661332 0.1605527 0.7674744 0.8853802 0.6547261 0.8755869 0.6220644 0.8490693 0.8280536 0.9081944 0.8974197 0.5805574 0.7428693 0.8379317 0.5136664 0.7031270 0.0000000 0.4582117 0.6639457 0.6082578 0.4657235 0.7305737 0.8277090 0.4071749 0.7265756 0.6540058 0.8995313 0.2495789 0.6659583 0.6343168 0.7078787 0.7489663 0.5203392 0.7945722 0.5271842 0.2942615 0.4371011 0.6151101 0.8217507 0.8243899 0.8322449 0.4905041 0.6865939 0.7645192 0.7860972 0.2945336 -0.0032337 0.5636188 0.8486125 -0.3205860 0.0893140 0.6769425 0.8163432 0.7433659 0.1575385 0.0316894 0.0565177 0.7897246 -0.2071352 0.4423090 0.0806039 0.5425253 0.4933819 0.8726796 0.7155779 0.0889094 0.3860526 0.7237934 0.0706025 0.8282242 0.3000453 0.8556780 0.5723410 0.8136438 0.1050800 0.8295250 0.7891004 0.3944461 0.7613069 0.6252410 0.3221890 0.5486379 0.4152877 0.5941800 0.4058994 0.5457791 0.3948068 0.3344959 0.5260908 0.4837165 0.4872241 0.3071587 0.6097899 0.2091672 0.3826531 0.5171476 0.5381411 0.4668204 -0.0864169 0.3482202 0.1207405 0.2874075 0.4310311 0.1367115 0.5187525 0.2804750 0.5520694 0.5320212 0.5233105 0.6042564 0.1447442 0.0326122 0.1856710 0.7654334 0.6924749 0.4735394 0.7670825 0.7659445 0.5900974 0.5528397 0.7005271 0.7439512 0.2808198 0.5420157 0.4380890 0.6380945 0.3735527 0.2368121 0.6333892 0.5123289 0.4147545 0.4218368 0.3805544 0.4895225 -0.0924833 0.4923743 0.4212991 0.6097035 0.5119669 0.5584306 0.1760096 0.5051327 0.1481970 0.4113473 0.5274500 0.2352973 0.5249927 0.3735502 0.0114172 0.5233489 0.6932522 0.5598975 0.6219450 0.1011425 0.2227324 0.5470323 0.5344509 0.5931292 0.5196380 0.5254351 0.2913928 0.6825396 0.5917881 0.5076088 0.4529144 0.5091836 0.3329861 0.2299251 0.3271651 0.4189111 0.2241134 0.0861310 -0.0599960 -0.0421237 -0.0552420 0.2212790 -0.1538318 -0.5518447 -0.1101185 -0.2227204 0.0899437 0.0417111 0.2123394 0.2411529 -0.0408945 0.0755366 0.0150718 0.0347909 0.5093746 0.4868827 0.3284856 0.2428032 0.0596206 0.5790882 0.6370400 0.5178170 0.0405340 0.4849705 0.1578485 0.5753833 0.7254659 0.2851532 0.5079752 0.6281399 0.6502885 0.5504583 0.5863121 0.7389186 0.6514030 0.3810455 0.1276687 0.2470789 0.5973547 0.6533962 0.4928297 0.3507348 0.3421582 0.4612473
0.0090750 -0.0883370 0.2383328 0.4807859 0.1445197 0.6081642 0.5098125 0.3600597 0.7150554 0.6085672 0.5240679 0.5523873 0.2153265 0.7889475 0.5620777 0.2170521 0.4582117 0.0000000 0.4332695 0.3290041 0.3660013 0.3637209 0.6278596 0.8801300 0.6179987 0.6471269 0.6588817 0.8386476 0.6682602 0.7116150 0.2010851 0.6184140 0.8609730 0.7242830 0.5806665 0.0682352 0.4722333 0.3858221 0.5296682 0.6782591 0.4095606 0.2220677 0.4719941 0.7948610 0.3663633 0.2293636 0.1391501 0.3886236 0.7386266 -0.2363363 0.2466802 0.4853733 0.4949611 0.5719194 0.1708495 0.0650852 0.1311897 0.5626210 -0.1173334 0.4046622 -0.1249226 0.4592023 0.0870768 0.5971170 0.3402361 -0.0594546 0.3158443 0.5464767 -0.0162865 0.6005570 0.1701435 0.6044053 0.4863598 0.5530588 0.0420908 0.6200556 0.6730509 0.4038139 0.5001987 0.5133930 0.3416737 0.1909779 0.1517931 0.1209447 0.0884488 0.0269283 -0.1439897 0.4769741 0.3058118 0.3629025 0.2580536 0.0798235 0.0779175 0.3478112 0.4343510 0.1201344 0.1368440 -0.0799620 0.1714203 0.3677126 -0.0122555 0.0529513 0.0340026 0.1966945 0.1310453 0.0880757 0.2656665 0.0986374 0.2561270 0.1582071 0.3293268 0.0198177 0.1157157 0.2170817 0.4669792 -0.1339019 0.0550552 0.4556000 -0.0831505 0.3307080 0.3154121 0.2174757 -0.2428694 0.0725812 0.3427454 0.3955496 0.4427249 -0.0057753 0.4678178 0.3871559 0.3418098 0.0417490 0.4842028 0.4068641 -0.0054172 0.1819831 0.3896862 0.4492556 0.3960232 0.3673427 0.3945501 0.5437031 0.5236200 0.2081171 0.4508134 0.3173399 0.4162315 0.2779073 0.4383174 0.4101076 0.3514349 0.3840634 0.5472079 0.4093583 0.2544751 0.2759452 0.5867879 0.4604515 0.6726983 0.3064641 0.2222331 0.5007141 0.3948184 0.4254686 0.4097492 0.3716180 0.4932972 0.5978102 0.6689439 0.4754165 0.5304768 0.5652607 0.2920124 0.3477334 0.1235081 0.4610361 0.2522364 -0.2097460 0.1440533 -0.2674194 0.2976545 0.1144755 0.2695519 0.3039245 -0.1931706 -0.0388191 -0.2890394 0.0005793 0.5929935 0.6171891 0.1847882 0.6207570 0.5666917 0.2395426 0.3697822 0.3662441 0.2844104 0.6738335 0.3188919 0.3054458 0.5078142 0.3939620 0.0073926 0.4118890 0.2054076 0.2943165 0.1890397 0.3593519 0.2993594 0.7697770 -0.4092670 0.4232727 0.3254896 0.1682606 0.3168917 0.0319712 0.7170828 0.3964335
