0.0000000 0.7646301 0.6979582 0.6261129 0.6196395 0.0750033 0.3936094 0.5178660 -0.2465592 -0.0200108 0.1258400 0.1671459 0.5864343 0.1843769 -0.5252732 0.0350488 -0.2787878 -0.2250624 0.2388988 0.8593529 0.2454653 0.6075793 0.2591815 -0.4748355 0.2188387 0.3024669 -0.1358082 -0.0815451 -0.2411497 -0.1239806 0.8445781 0.2928900 -0.3278289 -0.6100508 0.1697620 0.4927206 0.2734277 0.4569162 -0.1835380 -0.1933022 0.7428612 0.2697208 -0.0348647 -0.3971590 -0.3103858 0.2501086 0.1481949 0.6716248 -0.6165274 0.1191444 0.0756871 0.1186314 -0.5404925 -0.2623499 0.6363812 0.4542019 0.3492881 -0.3335233 0.4969528 0.5260332 -0.1879188 0.4265514 0.3847457 -0.1752152 -0.3270151 0.5101785 0.4830347 0.2568527 0.3588520 -0.0494716 0.3659344 -0.2188809 0.1519442 -0.0959790 0.3033264 0.0405072 -0.1488911 0.1895969 0.2777895 0.1827558 0.2191249 0.5558483 0.2304373 0.3872343 0.2473977 0.2320294 0.2165111 0.2129831 0.1706452 0.1414678 0.0120073 0.3073568 0.2948021 0.1313095 0.1073292 0.2045846 0.4281157 0.0896703 -0.0667839 0.0099916 -0.2299485 0.2840001 0.0163662 0.1061441 0.1017022 0.0623014 0.2701298 0.0198010 0.3059105 0.3823956 -0.1666637 0.2043704 0.1212217 0.2408818 0.3244803 0.3697679 0.3167020 0.3066966 0.3261385 0.5396643 0.2923140 0.1507472 0.3081939 0.1636564 0.4520899 0.5014172 0.1999123 0.3958038 0.2527548 0.3315572 0.3814626 0.5970588 0.3892394 0.2187307 0.5400386 0.3075744 0.3924374 0.2473433 0.3980958 0.4680807 0.4750939 0.5185872 0.6437717 0.6479423 0.2776787 0.1055687 0.3483499 0.2448064 0.6231881 0.1618991 0.3468244 0.4774731 0.4887480 0.3745742 -0.0943603 0.6878440 0.4682786 0.2393323 0.4995591 0.5550126 -0.4026463 0.1810080 0.5774576 0.5461817 -0.0246731 0.3600696 0.4758181 0.2827284 0.5189301 0.3707080 0.0740035 0.3421614 0.8582020 0.4968058 0.7442494 0.4377967 0.2224617 -0.3215345 0.2334858 0.0398224 -0.0929714 0.3007731 0.5826330 0.3845110 0.4540493 0.0664246 0.2267948 0.1113871 -0.0421877 -0.2070609 0.5988917 -0.0718474 -0.4023950 -0.0356543 0.4131540 -0.1275781 0.3341033 0.0063357 0.0897740 0.4311787 0.6963079 0.3721828 0.5320134 0.5059774 0.3706354 0.2899430 0.5299834 0.4986699 0.5816410 -0.0398081 0.5216364 -0.0631512 0.3158518 0.4497348 0.1654905 0.2839378 -0.3068334 -0.1094581
0.7646301 0.0000000 0.6253614 0.7326465 0.6366052 0.2390865 0.5804007 0.3711891 -0.0317566 0.0899069 0.0608618 0.5324546 0.4551122 0.2161985 -0.2900104 -0.1728693 -0.3797794 -0.1565281 0.0761007 0.6214391 0.5007773 0.4132124 -0.0763579 -0.1531085 -0.0010362 -0.1012046 0.0198142 -0.0959589 0.1861728 -0.0495324 0.5789579 -0.0183777 -0.0790105 -0.2299667 -0.1258756 0.2839901 -0.0114056 0.2810850 -0.2459619 -0.1594755 0.5005899 0.4725495 -0.3309239 -0.0613097 0.1049716 0.1262997 -0.0980498 0.4521387 -0.1842999 0.1771856 -0.2306429 -0.0333930 -0.1631961 -0.0196495 0.4084051 0.3062534 0.1342226 0.0188273 0.3518471 0.3264354 -0.0160056 0.2199810 -0.0136157 0.1046993 0.0154488 0.1965446 0.1428248 0.3425365 0.0531654 0.1491363 0.0728298 0.1146300 0.0972161 0.0672562 0.0500952 0.1355364 0.1100743 0.0932264 0.3036825 0.3288816 0.2341200 0.2473440 0.0127082 0.1754535 0.1819694 0.0777723 0.1982477 0.1750949 0.1290168 0.0317671 -0.0711160 0.3533856 0.3905685 0.0726313 0.0103368 0.2253187 0.4192812 0.1629709 -0.0977562 -0.1396859 -0.3246896 0.2616441 -0.0465984 -0.0661400 0.2583798 -0.0186467 0.2593716 0.0266579 0.2569873 0.3820671 -0.0728588 0.1328068 0.3987183 0.4257765 0.3327143 0.2178700 0.0790168 0.1485395 0.1358111 0.5736004 0.2391352 0.2097335 0.2359041 0.3236502 0.5421953 0.6143046 0.0910175 0.4330071 0.4853550 0.3591024 0.4278750 0.5029959 0.3795744 0.4297185 0.5074525 0.4604456 0.5005754 0.5238914 0.3807414 0.7208499 0.5735454 0.7241011 0.6553505 0.6538097 0.3697492 0.3752102 0.4818855 0.3234710 0.6221557 0.3635759 0.5530909 0.5439039 0.6927379 0.4300162 0.1859516 0.6768051 0.5179615 0.4383337 0.6223807 0.6114969 -0.0063433 0.4441836 0.6705911 0.5735694 0.4035168 0.5226887 0.6356294 0.3897069 0.5386368 0.4457569 0.3803590 0.5375733 0.5642790 0.4648439 0.8472251 0.6146220 0.3689361 -0.0874379 0.3706615 0.2303751 0.0943527 0.3096678 0.4141390 0.2248124 0.1333012 0.0663767 -0.0996481 -0.1455649 -0.0304093 -0.0649330 0.6895071 0.2383058 -0.2378484 0.2679485 0.6140167 0.0885875 0.5795948 0.1576545 0.2569241 0.6025988 0.7768940 0.2564993 0.3178837 0.5505755 0.6277319 0.3981013 0.5788107 0.7618098 0.6492265 -0.0797944 0.2863771 0.2623406 0.6183971 0.7121137 0.1865996 0.5567528 -0.1164817 -0.0091910
0.6979582 0.6253614 0.0000000 0.4128301 0.9368628 0.2391081 0.5071277 0.3677606 -0.1663739 0.1504395 -0.0160490 0.1893749 0.7849728 0.2724731 -0.4993269 -0.1412350 -0.1100151 -0.2078714 0.0596422 0.8492487 0.0873027 0.5335222 0.3572812 -0.5145903 0.2055409 0.3394340 0.2529789 -0.3259637 -0.1646575 -0.0213426 0.7164254 0.2816998 -0.5066039 -0.5564945 0.2553350 0.3988553 0.3219261 0.4780357 0.1653973 -0.1139268 0.8640115 0.4155973 0.2353519 -0.5359735 -0.1655821 0.2227332 0.2249054 0.7004307 -0.3655932 0.0277563 0.1658177 0.5059330 -0.2701857 -0.0108628 0.5653108 0.3462174 0.3363284 -0.1572889 0.0502493 0.3662636 -0.3533448 0.4924086 0.2455484 -0.3056343 -0.3568777 0.2562358 0.1420543 0.2488909 0.1133586 -0.1849388 0.1220069 -0.2372953 -0.0754659 -0.1357721 0.0691507 -0.1458704 -0.1002910 -0.0133989 0.0030311 0.0610813 -0.0855599 0.3998493 0.2201621 0.3253429 0.2137442 0.3691060 0.6106166 0.1385092 0.4522639 0.2955805 0.3809903 0.6126040 0.3286565 0.1189540 0.4496906 0.4056022 0.7088154 0.2583838 0.2456479 -0.0458828 -0.2137466 0.5119107 0.0428545 -0.1741974 0.4414670 0.2853077 0.4755470 0.2546573 0.4870299 0.5170538 0.2002614 0.4165912 0.3572883 0.4418026 0.2638317 0.4274213 0.0165185 0.0415484 0.4104385 0.6545745 0.4223940 0.2286987 0.5700546 0.4827877 0.5436913 0.7176433 0.4072692 0.6273290 0.5495331 0.5176442 0.6005262 0.5235220 0.6582968 0.3839622 0.2786868 0.5874643 0.6903253 0.4862883 0.7191162 0.5905003 0.3563023 0.6605279 0.4233990 0.8119549 0.6054619 0.2473020 0.5546806 0.5467472 0.4668819 0.0132346 0.1526105 0.5730520 0.4926116 0.2740480 0.2868406 0.5979683 0.5108550 0.2285250 0.4940481 0.2079771 -0.1456095 0.1041113 0.4666927 0.2980827 0.1496305 0.2946393 0.3535020 0.3243536 0.4725226 0.2152229 0.1464988 0.4118655 0.5036756 0.3743534 0.5681425 0.5048387 0.1523829 -0.0616918 0.0797027 -0.0590707 -0.0523552 0.0723249 0.2429964 0.0983547 0.2566920 -0.2192070 0.0418529 -0.0636379 0.1355794 0.0680509 0.6011651 0.1405111 -0.0232645 0.1164087 0.6108865 0.1433190 0.5318275 0.2725265 -0.0607728 0.6120611 0.7319200 0.4493033 0.6017180 0.5621849 0.5522262 0.1495628 0.6440936 0.4977942 0.6293047 0.0742813 0.6038121 0.0077908 0.5004972 0.4620512 0.1002285 0.0369329 -0.3702210 -0.0874566
0.6261129 0.7326465 0.4128301 0.0000000 0.4462742 0.0796443 0.1229174 0.5645402 0.0594279 0.0810748 0.2957236 0.2950872 0.3131566 0.2866476 -0.3829175 0.0196881 -0.3373915 -0.0928938 0.2850768 0.5261763 0.3968970 0.3120519 -0.1259538 0.0664097 0.1354032 0.0347537 -0.0873070 -0.0068319 0.2020456 -0.1247001 0.5613459 0.1034990 -0.1819540 -0.1345205 -0.1019162 0.3071307 0.1702985 0.2580929 -0.0455249 0.0605046 0.4207924 0.5493049 -0.4249062 -0.0964844 0.1666324 0.1685102 0.0522993 0.4579598 -0.0773084 0.2571076 -0.0942660 -0.2011212 -0.0823269 -0.0263036 0.4209019 0.3744021 0.1978471 0.1687625 0.4023069 0.2845871 0.1217769 0.0880540 -0.0113521 0.1202833 0.1064786 0.3892906 0.2545183 0.2350602 0.0868540 0.1289861 0.2841225 0.0673454 0.1835352 -0.0267872 0.1196365 0.1977712 0.0678161 0.2186570 0.3787065 0.3482698 0.2980747 0.3758752 0.0069629 0.1502335 0.2179124 -0.0651916 0.0716448 0.1790126 0.0368457 0.0389835 -0.1791277 0.0978106 0.2243880 0.2846437 0.1067596 0.1787553 0.2926983 0.0139140 0.0066619 0.2920651 -0.0217561 0.0227882 -0.2602979 0.3261401 0.0630401 0.0532408 0.0897257 -0.2763365 0.1279855 0.0191755 -0.0204192 0.0826067 0.0791959 0.2539313 0.4526023 0.2780304 0.1577401 0.4364566 0.1335090 0.3329048 0.1973630 0.2911568 0.3339491 0.3030879 0.4397081 0.2892198 0.1193918 0.3759448 0.2387576 0.4967104 0.4445680 0.6345764 0.3640191 0.2260254 0.6254983 0.3410155 0.3734427 0.1169258 0.2276591 0.4718136 0.7208212 0.4784712 0.7315086 0.3471021 0.2175172 0.2925762 0.3519755 0.3004122 0.8383852 0.4205586 0.5984679 0.5236953 0.6820258 0.5212668 0.2814633 0.6272836 0.6195104 0.6430874 0.7042333 0.5728409 0.1604830 0.5973017 0.7700782 0.6022274 0.4175814 0.6484904 0.7652778 0.4549768 0.7697392 0.7527135 0.5320431 0.7281354 0.4608616 0.0204177 0.5374453 0.1830537 0.0982580 -0.4811540 0.1543471 0.0453865 -0.1021859 0.1718194 0.3728203 0.1302458 0.0757448 0.0967879 -0.1081686 -0.1989340 -0.2989237 -0.3660062 0.4109602 -0.1511917 -0.6340438 0.1939012 0.2454503 -0.3298268 0.0194181 -0.2329135 0.1517717 0.1349562 0.4568303 0.1122542 0.2755157 0.3254767 0.5252887 0.3644712 0.2713478 0.3268802 0.3237188 -0.2669426 0.1803460 0.1955723 0.3242645 0.5191892 0.1587358 0.1386562 -0.2794278 -0.0446238
0.6196395 0.6366052 0.9368628 0.4462742 0.0000000 0.2605797 0.5885182 0.3699055 -0.1670995 0.0811971 -0.0641157 0.3704083 0.8231272 0.1795690 -0.4670448 -0.2859893 -0.2059466 -0.2900504 0.0282828 0.7697938 0.2348405 0.4450936 0.1257129 -0.4142455 0.1412604 0.1603151 0.1930387 -0.3736374 -0.0201764 -0.0890070 0.6523887 0.1800814 -0.4131010 -0.4106828 0.1020719 0.3284453 0.2023567 0.4716173 0.1162847 -0.2152559 0.7666371 0.6039246 0.0862626 -0.4782905 0.0498099 0.1852602 0.1327844 0.7120377 -0.1803262 0.0714981 0.0310449 0.3918389 -0.0593106 -0.0043145 0.4945095 0.3025348 0.2556724 -0.0649420 0.0887770 0.3498759 -0.1786482 0.4235293 0.1523693 -0.0742382 -0.1126239 0.1604104 0.0808607 0.3409495 0.0717262 0.0331403 0.0529881 -0.0094058 0.0227178 0.0950152 0.0419967 0.0744100 0.1442189 0.0374820 0.1556830 0.2412944 0.0289703 0.1979096 -0.0160459 0.1371904 0.0237385 0.1835008 0.5454428 -0.0617131 0.3011125 0.0849584 0.3277133 0.6185619 0.2139545 -0.0411009 0.3763423 0.3352850 0.6605211 0.1134389 0.1650601 -0.0946954 -0.3656617 0.3312919 -0.1372168 -0.3309891 0.3787550 0.1591275 0.2679407 0.0671483 0.3123701 0.3164490 0.1079016 0.1959480 0.2047575 0.3076241 0.1568971 0.3213459 -0.0397209 -0.0808306 0.3133390 0.4983455 0.2618188 0.1794342 0.3980966 0.3747411 0.3871906 0.6050598 0.2774172 0.4593031 0.4404668 0.4097276 0.4581136 0.3592812 0.5725666 0.2883123 0.1341048 0.4420683 0.5755208 0.3714281 0.5770856 0.5360051 0.2758704 0.5649684 0.4457232 0.7477843 0.4825959 0.1697077 0.4073483 0.3979647 0.4906900 0.0356868 0.1902115 0.4728413 0.4430486 0.3077344 0.2583943 0.5548293 0.5903625 0.1796482 0.6532198 0.2017712 -0.0804396 0.1191065 0.4288640 0.3382389 0.1789210 0.1960205 0.3846316 0.4924665 0.5527790 0.2252489 0.1268905 0.4758901 0.3909430 0.3308889 0.5709059 0.5696917 0.2513110 0.0062247 0.1941433 0.0530410 0.0259289 0.1277855 0.2558013 0.0859237 0.2290496 -0.0327811 0.0440492 0.0451680 0.2529996 0.1780735 0.5304248 0.2618991 0.0048574 0.0481994 0.5245643 0.0975558 0.4864168 0.3872563 0.1177079 0.5074720 0.6305522 0.2810265 0.4027157 0.4535067 0.5846070 0.2379231 0.4391965 0.4426556 0.4880290 0.0570273 0.3707597 0.0169815 0.6112833 0.5274793 0.0349999 -0.0115043 -0.2844242 -0.1223118
0.0750033 0.2390865 0.2391081 0.0796443 0.2605797 0.0000000 0.4871885 0.2171929 0.6364368 0.6753004 0.3894255 0.1666407 0.4335526 0.3154656 0.3167387 -0.0295470 0.3375705 0.1307563 -0.0319616 -0.0067325 0.1451461 -0.0910674 0.2275852 0.3336128 -0.0661514 0.0938197 0.4416678 0.1995626 0.5570558 0.3267392 -0.1133048 -0.0561728 0.2955595 0.4412465 0.1551396 0.0583753 0.0389836 0.1525980 0.2234733 0.3882298 0.0554277 0.4070261 0.2031874 0.3984018 0.3067629 0.1727016 0.0770482 0.0251029 0.3490513 0.3218926 0.0067362 0.4412690 0.3617276 0.4916309 -0.0046383 0.0913411 0.0588962 0.4866546 0.0208578 0.0408284 0.3140559 0.5036142 -0.0437738 0.2311608 0.2488191 -0.0346437 0.0100431 0.5795132 0.0705045 0.2672551 0.0357377 0.3191730 0.0052425 0.1744425 0.0503990 0.0986933 0.1391759 0.0977013 -0.0373703 0.0505351 -0.1633360 0.0228182 0.2876661 0.2773709 0.1416575 0.2431929 0.2416547 -0.1715677 0.3569522 0.2640273 0.3671325 0.6282529 0.1988943 -0.0801583 0.3428219 0.5813758 0.4896106 -0.0002366 0.3450981 0.0123743 0.3310996 0.0396005 0.1552263 -0.1486264 0.4534818 0.4219728 0.2393921 0.2121028 0.2589050 0.2393860 0.4602266 0.1769458 0.1745168 0.2640739 -0.0619745 -0.0682990 -0.0957240 -0.3376153 -0.1142406 -0.2000007 0.0497011 0.1849676 0.2148573 0.0925635 -0.1850545 0.0521951 0.2810443 0.2022294 0.0142236 0.1896886 0.1797728 -0.0888940 0.2440687 0.2047303 -0.1795566 0.2074541 0.2496536 0.1418354 0.1551564 0.0928956 -0.2320905 0.1962821 -0.0206022 0.1150793 0.1799047 0.2188055 0.1546970 0.1200670 0.0356045 0.4083566 0.2732713 0.0379977 0.2677419 -0.0051700 0.4174567 -0.0441541 0.2065954 0.1782764 0.1453720 0.1878414 0.2883635 0.2468915 0.0418027 0.1354938 0.3546885 0.1925457 0.1411024 0.2367975 0.0868139 0.0559595 0.3029326 0.1760717 -0.0521795 0.1519798 0.2248789 0.0913273 0.0266148 0.2260748 0.0270893 -0.0380833 -0.0587183 -0.1149837 -0.0137245 -0.0797010 0.0199628 -0.1135815 -0.1287730 -0.1219047 0.0764101 0.0577787 -0.3095626 0.0496075 0.0560428 -0.1950788 -0.1331831 0.1441028 0.0860147 -0.1403578 -0.1753210 0.1000652 0.1047924 0.0194527 0.0339829 0.0171417 0.0606339 -0.2790478 0.1289446 -0.0431500 0.1807549 0.1498365 0.1234312 0.0895410 0.1878979 0.1129328 0.1312956 0.0407922 0.5614728 0.2879798
0.3936094 0.5804007 0.5071277 0.1229174 0.5885182 0.4871885 0.0000000 0.0498479 0.1886938 0.3187259 0.0617992 0.5130895 0.5163752 0.3590722 -0.1987184 -0.2543379 0.1676470 -0.0787027 -0.1278591 0.2376381 0.3930508 0.0829048 0.0760314 -0.0251806 -0.2274596 -0.0921703 0.4443953 -0.2038756 0.2204117 0.1286915 0.1013481 -0.2162620 -0.0246817 -0.0128154 0.1159654 0.0472360 -0.1564725 0.0998916 0.1537114 0.0056550 0.2638692 0.3881208 0.1477393 0.0208185 0.1421081 -0.0141401 -0.0330629 0.2387603 0.0626464 0.0320614 -0.0539744 0.4785746 0.0835664 0.3213107 0.0872595 0.0197619 0.0009741 0.2196682 -0.1040305 0.2567042 -0.0688114 0.6181575 0.0156861 0.2881467 0.1602027 -0.1537621 0.1487797 0.6815282 0.0254859 0.4192031 -0.0495842 0.3239950 0.1954660 0.3437878 -0.0133516 0.3352346 0.2911869 0.0993517 0.2406290 0.2873294 0.0809600 -0.2162097 -0.1916869 -0.0387769 -0.1892662 -0.0559159 0.2447172 -0.2662579 0.0284611 -0.1690116 0.0290696 0.5546142 0.1073866 -0.2443157 0.0059821 0.3019223 0.3374433 -0.1201705 -0.0762837 -0.1704341 -0.3727268 -0.0124786 -0.1633387 -0.5025417 0.1725111 -0.0241836 0.0194988 0.0530336 0.0057061 0.2967839 -0.1156700 -0.0638549 0.3151346 0.2469869 -0.1039920 0.0356615 -0.0562476 -0.4584814 -0.0306556 0.1063524 0.0906263 0.1415353 0.1313758 0.1002821 0.0626219 0.2603086 0.0941403 0.1974610 0.1374488 0.1059890 0.1423590 -0.0248952 0.1933216 0.3350046 -0.0997366 0.1194285 0.3135540 0.3622083 0.1932312 0.4221249 -0.1006614 0.4345879 0.0603094 0.5666955 0.2812188 0.0705419 0.1778718 0.0463182 0.1464419 0.1991809 0.4435801 0.1764587 0.3964761 0.2530191 0.2366488 0.2956202 0.4551963 0.0059249 0.4186566 0.5493793 0.0926694 0.2118313 0.2354786 0.5288228 0.2253209 0.1281397 0.3185418 0.5340667 0.2780421 0.1157872 0.1684187 0.1503735 0.3365111 0.6588221 0.7158560 0.6962538 0.4514110 0.2597257 0.3687367 0.2558490 0.1887625 0.1868179 0.2244486 0.2071254 0.1252730 0.1352073 -0.0811963 0.1163936 0.2732810 0.1377404 0.1231484 0.3624560 0.1468226 -0.0453061 0.2571124 0.3192373 0.5068617 0.4076178 0.2402354 0.3756505 0.4634991 0.2530283 0.0754875 0.3894583 0.4837017 0.3172524 0.2868563 0.3930810 0.3572274 0.3400281 0.0807860 0.1655170 0.6533764 0.4822510 0.1149476 0.2774392 0.2297430 -0.1477631
0.5178660 0.3711891 0.3677606 0.5645402 0.3699055 0.2171929 0.0498479 0.0000000 0.1051283 0.3809440 0.7203651 0.1294884 0.7050068 0.0877521 -0.2881469 0.4589996 0.0282493 -0.3104985 0.7820672 0.5050338 0.2907425 0.5753853 0.4483671 -0.1560455 0.7322787 0.6360128 -0.0746393 -0.2304256 0.1579416 -0.4190802 0.5446889 0.7128633 -0.3261360 -0.1865574 0.5416055 0.3742817 0.7279358 0.7851552 -0.0499083 -0.0451699 0.4687195 0.4396442 0.1607507 -0.2904124 0.0848271 0.7060564 0.5930964 0.4758387 -0.2080863 0.7124485 0.5226789 0.1424518 -0.2152903 0.0697281 0.7556009 0.8281703 0.7576082 0.1058795 0.4574753 0.7469804 0.2335550 0.4012326 0.5853056 -0.0617005 -0.1202791 0.8481092 0.6744743 0.4654152 0.7316922 0.0607431 0.7936474 -0.0529689 0.4840589 -0.0681739 0.7529237 0.2859000 -0.0126195 0.7052976 0.5301766 0.4250537 0.5444910 0.3572073 0.2572508 0.5207899 0.4416938 0.2315546 0.0808808 0.1641969 0.1979165 0.1795957 -0.0559488 0.1268071 -0.0149065 0.4571178 -0.0097002 0.0386495 0.3154487 0.1134705 -0.2240522 0.5187964 0.0679230 0.2199576 0.0074100 0.4793095 0.0442292 -0.0223853 0.0936955 0.0101388 0.0473813 0.1981089 -0.2040045 0.0165659 -0.1379296 -0.0759190 0.1902605 -0.0255101 -0.2621164 -0.0311552 -0.2562508 0.1346679 -0.2163813 -0.1676966 0.4140867 -0.0574486 0.2152999 0.1212148 -0.0448945 0.2144299 0.1157943 0.2848893 0.2680326 0.5784826 0.0938658 -0.0298203 0.5020915 0.0544055 0.2253582 -0.0690239 0.3476539 0.3511388 0.2703983 0.2795972 0.5264655 0.3672332 0.2475067 -0.1269926 0.2406231 0.2981998 0.5295844 0.1540577 0.3196147 0.3998621 0.3644897 0.0311484 0.0242241 0.5837662 0.4105429 0.3132154 0.4633759 0.3354431 -0.2034622 0.1105896 0.4697160 0.3639974 -0.0239008 0.2166031 0.2410663 0.1263866 0.5140515 0.3313748 0.0496194 0.2464306 0.3754376 0.1734561 0.3404473 -0.0020396 -0.0033006 -0.3225506 0.1823453 0.1413046 -0.1764978 0.3138063 0.4590564 0.3350921 0.2606697 -0.0940792 0.0550161 -0.0771070 -0.1982655 -0.2163268 0.1796305 -0.2560322 -0.5665014 -0.0874244 -0.0564608 -0.5872801 -0.0849805 -0.1661070 0.1066355 -0.0392658 0.2072299 -0.3240903 0.0473231 -0.1853273 0.2181709 0.1365351 0.1554232 0.1208208 0.1619158 -0.3504959 0.1498696 -0.2795235 0.3089119 0.2565937 -0.1819848 -0.0043563 -0.0307072 0.4654366
-0.2465592 -0.0317566 -0.1663739 0.0594279 -0.1670995 0.6364368 0.1886938 0.1051283 0.0000000 0.6768140 0.4856158 -0.0699701 0.0333028 0.6417924 0.5915183 0.2987010 0.6275502 0.6473461 0.1076902 -0.3298262 0.0100609 -0.1736080 0.1980410 0.7503400 -0.0769675 0.0907611 0.6307302 0.5737277 0.4382207 0.5873829 -0.4286499 -0.1547850 0.5078669 0.6404754 0.2521570 -0.2515664 -0.0091728 -0.0643630 0.4764632 0.6870632 -0.2884933 0.0492626 0.0660170 0.6880363 0.2019065 0.0441710 0.0493508 -0.2832413 0.5561306 0.3409975 0.1409933 0.3087480 0.3441657 0.5364932 -0.2171882 -0.0318544 -0.0556067 0.5365468 -0.2368354 -0.0286181 0.2433558 0.2883948 -0.1019714 0.2017983 0.2392199 -0.0488968 0.0837902 0.3582755 0.0371018 0.2266599 0.1181962 0.2468837 0.0762588 -0.0184416 0.0364213 0.1540104 0.0255612 0.1821755 -0.0247161 0.0116425 -0.0749036 -0.2823073 0.0893512 0.1266560 0.1720265 0.1277468 0.1212653 -0.1280125 0.2751320 0.1992074 0.1005532 0.2963630 0.1560425 0.0973888 0.2118705 0.3755159 0.0331687 -0.0578534 0.2802042 0.0836247 0.4314121 -0.1453882 -0.0129485 -0.0183035 0.0380654 0.3562832 0.0714041 0.0404288 0.0109179 0.1745646 0.2779811 0.0876377 0.1331268 0.2080283 0.0941471 -0.0290449 0.0676166 -0.2218576 -0.1899105 -0.3619463 0.1602354 0.5047234 0.0248186 0.0044418 -0.2220602 -0.3222714 0.3233392 -0.1663746 -0.2797274 0.0825105 0.0112384 -0.2716219 -0.1361971 -0.0635791 -0.1088028 -0.1725863 -0.1103902 -0.2117356 -0.2059310 -0.0965807 -0.2999563 -0.1386522 -0.3161472 -0.2653166 -0.1846252 -0.0985778 -0.1893206 -0.1499590 -0.1408120 0.1194453 0.2723660 -0.2285138 -0.0154184 -0.1133721 0.2752419 -0.2347260 -0.0388590 -0.0223340 -0.1157463 0.2591025 0.5122533 0.1059282 -0.1289632 0.1254889 0.1169828 0.0267686 -0.0515207 0.0438280 -0.1519870 -0.0097448 0.1744796 -0.1173325 -0.1930245 -0.0687003 0.1400658 -0.1949225 -0.1949310 -0.0822768 -0.1319554 -0.1204199 -0.2220652 -0.2037764 -0.2594341 -0.2176443 -0.3785639 -0.2141745 -0.4720673 -0.2832405 -0.3475704 -0.2727683 -0.5446629 -0.2377717 -0.2193723 -0.1852046 -0.3371409 -0.1066100 -0.3482976 -0.3880963 -0.1490070 -0.3398346 -0.1167027 -0.0912391 -0.1914487 -0.1965068 0.2550067 0.0420293 -0.2561734 -0.1278002 0.0625559 0.2623076 -0.1502252 0.0869503 0.2825188 0.1877109 0.0230835 0.2008963 0.6889421 0.5122060
-0.0200108 0.0899069 0.1504395 0.0810748 0.0811971 0.6753004 0.3187259 0.3809440 0.6768140 0.0000000 0.7810673 -0.1542954 0.3264382 0.6161225 0.0629737 0.5338454 0.7571277 0.2893761 0.3077333 -0.0211241 -0.1570143 -0.0033305 0.5960988 0.2481972 0.1265764 0.4673792 0.5292805 0.0725410 0.2492003 0.1645364 -0.2290441 0.0700740 0.0283985 0.2308498 0.6256488 -0.1788647 0.2462696 0.1038146 0.4586943 0.3864758 0.0924150 0.0029154 0.5408039 0.2411395 -0.0304161 0.2264801 0.3648891 -0.1001324 0.1168125 0.3111028 0.4800397 0.5758578 -0.0494873 0.5120080 0.1415740 0.1895592 0.2600670 0.4147213 -0.3770831 0.1703132 -0.1247050 0.5460927 0.0877970 -0.1253551 -0.1632087 0.1608403 0.2421718 0.4672684 0.1344680 -0.0847277 0.2676195 -0.1022002 0.0126188 -0.2657901 0.1612929 -0.1160552 -0.2982757 0.1626962 -0.1672188 -0.2166927 -0.2021344 0.1261963 0.4621314 0.5883358 0.5615604 0.4409111 0.0702292 0.1946552 0.5411695 0.5719086 0.0181622 0.4338875 0.2060420 0.3128970 0.1133985 0.4495231 0.4162897 0.3104932 0.1153124 0.2295116 0.6357092 0.2859433 0.3487251 0.0762483 0.3687496 0.3479400 0.3840472 0.4275345 0.2593481 0.4429522 0.2734076 0.3654687 0.3370824 0.2413798 0.0396749 -0.1184167 -0.3334454 -0.2730541 -0.2842817 -0.0179407 0.1219308 0.1708137 0.5511365 0.2266706 0.1258509 0.0523775 0.3764889 0.3348464 0.1585894 0.3206266 0.3251880 0.1840551 0.2824395 0.0846815 0.1041477 0.2182331 0.3219918 0.1759452 0.3706477 0.1736946 -0.2282062 0.3255267 -0.1587815 0.1212702 0.3904318 0.1147742 0.3613291 0.4009955 -0.1583074 0.1637912 0.1823913 0.1550210 0.3216639 -0.1876697 0.4223034 0.1514485 0.1206148 0.1552119 -0.1207253 0.2345924 0.3646584 0.0718806 0.1329901 0.0882931 0.1502161 0.1609978 -0.0672735 -0.1225075 -0.0363613 -0.0363668 0.1698354 -0.1114474 -0.0646895 0.1626238 0.2454454 -0.1019830 -0.3229174 -0.1249289 -0.2924792 -0.3073791 -0.3148820 -0.3112039 -0.2174823 -0.1538678 -0.3035455 -0.5780579 -0.5436135 -0.5580902 -0.3447776 -0.3444810 -0.2946187 -0.3300582 -0.1925769 -0.1257028 -0.1564912 -0.0162327 -0.0352887 -0.3433284 -0.4410782 0.0472870 0.1239457 -0.1125588 0.1039632 -0.0902464 0.2686171 -0.2995966 0.2200628 0.0276726 0.3062023 -0.0233888 0.2799018 -0.0926667 0.2635678 0.0870462 -0.2612309 0.1017468 0.5598035 0.3771253
0.1258400 0.0608618 -0.0160490 0.2957236 -0.0641157 0.3894255 0.0617992 0.7203651 0.4856158 0.7810673 0.0000000 -0.1703056 0.3203176 0.3614149 -0.1099442 0.7604359 0.5417807 -0.0270609 0.7471321 0.0168779 0.0083045 0.1991707 0.5978408 0.1393946 0.5243078 0.6692992 0.2060552 -0.0805150 0.2287326 -0.2393625 0.0077739 0.4612692 -0.1982795 0.0920033 0.7078486 0.0407514 0.5986789 0.4080796 0.2699785 0.3304198 0.0883473 0.0939309 0.4366846 0.0035647 -0.0117132 0.5880102 0.6728547 0.0092512 -0.0546033 0.6414163 0.6939374 0.3605361 -0.1935980 0.3874553 0.4066744 0.5979635 0.6256591 0.3960642 0.0460339 0.5220691 0.1543508 0.5475152 0.3832911 -0.0709176 -0.1124341 0.6182399 0.6595041 0.5446562 0.5646918 0.0381332 0.7264183 -0.1104417 0.3827115 -0.2253371 0.6170038 0.1688662 -0.2275500 0.5875492 0.2634404 0.0853431 0.2540606 0.2072098 0.3834700 0.5820364 0.5722195 0.2592328 -0.1135058 0.1839653 0.2848999 0.3796214 -0.1687530 0.0856465 0.0089966 0.4793424 -0.0347199 0.1896536 0.1881446 0.1861940 -0.1175366 0.6067441 0.5406939 0.1117563 0.1746053 0.5175888 0.0479284 0.1478428 0.1334776 0.1680752 0.0314814 0.1990854 -0.0138714 0.1157594 -0.0388236 -0.0441915 0.1057081 -0.1651287 -0.3230606 -0.1407605 -0.4650905 -0.1559582 -0.1827866 -0.0710119 0.4343459 -0.0688713 0.0717610 -0.1775044 0.0789830 0.1388819 -0.0461491 0.2463355 0.2029399 0.4060576 -0.0023989 -0.0734803 0.3461316 -0.0774568 0.1069058 -0.1525252 0.2132010 0.0442110 -0.1008701 0.1176524 0.0629311 -0.0025898 0.2019430 -0.1730985 0.2055286 0.2623453 0.1378218 0.1412064 0.2424640 0.1700058 0.2940796 -0.2354150 0.1511290 0.2401692 0.1524489 0.2627545 0.0473469 0.3192739 0.0790790 0.1034300 0.2349133 0.2135064 -0.0211713 0.2021637 0.0550233 -0.0920779 0.2269487 0.2138554 0.1345282 -0.0560567 0.0835148 0.0702647 0.1533161 -0.3058135 -0.2986931 -0.3672628 -0.1227309 -0.0905155 -0.3462979 -0.0201238 0.1580816 0.1127724 -0.0273263 -0.3223042 -0.2708744 -0.3832652 -0.4387477 -0.4934111 -0.3073110 -0.5398599 -0.5754273 -0.2141352 -0.4083116 -0.5193799 -0.3071852 -0.5073884 -0.2696445 -0.2797371 -0.1060596 -0.4183643 -0.0829742 -0.3172700 0.1031388 -0.1622321 0.0285682 -0.1591603 0.0101772 -0.3647973 0.0987675 -0.3351837 0.1092124 -0.0837560 -0.3442064 -0.0348618 0.3191601 0.4363515
0.1671459 0.5324546 0.1893749 0.2950872 0.3704083 0.1666407 0.5130895 0.1294884 -0.0699701 -0.1542954 -0.1703056 0.0000000 0.2693629 -0.2408957 -0.0319104 -0.6164128 -0.4079828 -0.3344783 -0.1780754 0.1124969 0.9225433 -0.1560109 -0.5056419 0.1627954 -0.1949098 -0.4828828 -0.0042110 -0.2590709 0.6287319 -0.1763001 0.0344916 -0.1320836 0.1721212 0.3315821 -0.3495131 0.2805862 -0.1998161 0.1055021 -0.4292766 -0.3640597 0.0547125 0.6977667 -0.5125274 0.1209289 0.6950406 -0.0735328 -0.3342135 0.2628357 0.4161127 0.0861583 -0.4583647 -0.2894307 0.5606327 0.1266228 0.1486761 0.0447994 -0.0767792 0.3187708 0.2848205 0.2266045 0.4515357 -0.0436182 -0.0028533 0.7675602 0.6963082 -0.0524033 -0.0068351 0.5354765 0.0403948 0.7225426 -0.0598875 0.7880532 0.5043153 0.7921625 0.0265653 0.6630381 0.8182924 0.2793367 0.6433194 0.7712289 0.5735206 -0.3496611 -0.5888226 -0.4640872 -0.5438658 -0.6104845 -0.2155321 -0.1501027 -0.5622299 -0.6673136 -0.3618707 -0.1308063 -0.4247698 0.0527968 -0.4412065 -0.3890834 -0.1429190 -0.4830484 -0.5211481 0.0011148 -0.6138785 -0.3916726 -0.5363463 -0.1163687 -0.2289511 -0.6365369 -0.5149520 -0.4476276 -0.5214756 -0.2923836 -0.4488921 -0.6321615 -0.0394514 -0.2422520 -0.4082202 -0.4135466 -0.4029315 -0.5001614 -0.3837364 -0.1049095 -0.4772113 -0.3408228 -0.0227411 -0.2484479 -0.1865767 0.0424004 -0.5607529 -0.0077601 0.0168668 -0.2065418 -0.2056132 -0.0335100 -0.1115649 0.1348623 0.1513754 0.0398422 0.0487542 0.1773432 -0.1074985 0.4835613 0.3151458 0.2628341 0.3995134 0.3839137 0.0670807 0.1353398 -0.0196398 -0.1162017 0.4484198 0.5494878 0.5680869 0.1550067 0.3399983 0.4533041 0.1281590 0.3127735 0.4519299 0.2011952 0.6053438 0.3474354 0.0587063 0.4484063 0.2993276 0.4402785 0.4582059 0.1357275 0.4185296 0.6092228 0.3499610 0.2985851 0.2491893 0.4287685 0.1101682 0.3969008 0.4497209 0.7472128 0.8182603 0.5103143 0.8175745 0.7191680 0.6557135 0.6016275 0.4270077 0.4736917 0.3110972 0.6360871 0.2782533 0.4052399 0.5294285 0.5404800 0.2651379 0.7158380 0.2138151 0.2007715 0.1781842 0.0318369 0.3845346 0.5858280 0.7992806 0.1920490 0.2634086 -0.0278323 -0.4115260 -0.0374740 0.2273224 0.4992646 0.0066612 0.3003184 -0.0752246 0.1310535 -0.4935481 0.3550184 0.4692884 0.5360611 0.2132439 0.1732089 0.0488701 0.0034167
0.5864343 0.4551122 0.7849728 0.3131566 0.8231272 0.4335526 0.5163752 0.7050068 0.0333028 0.3264382 0.3203176 0.2693629 0.0000000 0.1716098 -0.3182323 0.0464645 0.0631251 -0.2991472 0.3855034 0.6681858 0.2400350 0.5878414 0.4454442 -0.3267644 0.4780674 0.4915706 0.2190577 -0.3398724 0.0781047 -0.1791085 0.6117076 0.5072243 -0.3573051 -0.2966329 0.4567409 0.3421852 0.5108427 0.7481419 0.1463347 -0.1021557 0.6830356 0.5708211 0.3348320 -0.4002473 0.0792080 0.5058459 0.4266600 0.6370569 -0.1748970 0.4215143 0.3569187 0.5157389 -0.0915136 0.1095201 0.6261332 0.5783822 0.5568721 0.0048792 0.2419718 0.6101873 0.0205259 0.6129135 0.4709649 -0.0830014 -0.1510912 0.4872038 0.4078390 0.5443449 0.4951496 0.0967055 0.4459101 0.0018324 0.2905391 0.0805269 0.4732322 0.2195048 0.1047462 0.4311154 0.3331151 0.3553529 0.2498366 0.1984079 0.1366026 0.3634197 0.1702341 0.2980495 0.4762378 -0.0793077 0.3260439 0.1334337 0.3219792 0.5966394 0.0893440 0.0907433 0.2719559 0.2911712 0.5897661 0.0839012 0.0358627 0.1538709 -0.2192732 0.3269936 -0.0452069 -0.1150642 0.2847990 0.1396484 0.2139649 0.1236202 0.2114658 0.3665391 -0.0292532 0.1234041 0.0313133 0.1291695 0.0877017 0.1747735 -0.1677515 -0.2657485 0.0703610 0.2679304 0.0270485 0.0006760 0.4106208 0.1295481 0.1935430 0.3921107 0.2000951 0.3290407 0.2478184 0.3351939 0.3604308 0.3207986 0.3585850 0.1355792 0.0990577 0.2188052 0.4462996 0.1734717 0.5293096 0.4554184 0.0709317 0.4150237 0.3530067 0.6911312 0.4133241 -0.0545286 0.2872037 0.3258188 0.3865441 0.0209045 0.2201342 0.4098427 0.3312832 0.1137214 0.1583859 0.5408087 0.5112514 0.1021126 0.5408308 0.2444820 -0.1864451 -0.0125849 0.3457134 0.3439592 0.0027192 0.0773052 0.2027613 0.3620848 0.4683465 0.1208052 -0.0258886 0.2640848 0.3935054 0.3822580 0.4912134 0.3678295 0.1698051 -0.0162891 0.2107728 0.1029900 -0.0818705 0.2092748 0.3342044 0.2223354 0.3101440 -0.0854285 0.1127777 0.1134909 0.1599918 0.1045033 0.2657264 0.0789593 -0.1402529 -0.1530113 0.2264656 -0.1424546 0.2643831 0.2460024 0.1152655 0.2904864 0.4355587 0.0273311 0.2507970 0.1392936 0.3875629 0.1477651 0.3058036 0.2512790 0.3618876 0.0423417 0.3140293 -0.1612780 0.5515425 0.4016597 -0.0446178 -0.0579699 -0.0403805 0.2203126
0.1843769 0.2161985 0.2724731 0.2866476 0.1795690 0.3154656 0.3590722 0.0877521 0.6417924 0.6161225 0.3614149 -0.2408957 0.1716098 0.0000000 -0.0381776 0.3206619 0.6685009 0.7059493 0.0220264 0.1049511 -0.2552305 0.1042388 0.3669288 0.3498969 -0.1875195 0.2096931 0.6980188 0.3762344 -0.1191906 0.6005084 -0.0512427 -0.2665049 0.0766188 0.0041012 0.3721265 -0.2972863 -0.0714067 -0.1986808 0.7183934 0.5521371 0.1147561 -0.1210177 0.2703554 0.2646355 -0.2436545 -0.1942805 0.0380024 -0.0778612 0.0192986 -0.1029958 0.2240276 0.4977744 -0.1818264 0.2374113 -0.1168609 -0.1529287 -0.1264419 0.1172014 -0.4642086 -0.0373949 -0.4566259 0.4205925 -0.1476003 -0.2009206 -0.2758796 -0.0872299 0.1199176 0.1550707 -0.1876559 -0.1129725 0.0348783 -0.2001564 -0.1279380 -0.3754971 -0.1718245 -0.1459982 -0.3609108 -0.0562055 -0.2304331 -0.2368383 -0.2991320 0.0508085 0.1750670 0.2532333 0.3022085 0.2875969 0.3005599 0.1306152 0.4245737 0.3857605 0.0211242 0.4744491 0.4072007 0.1306654 0.2698062 0.5351233 0.2865969 0.1452857 0.3342412 0.0724173 0.3633309 0.1665135 -0.0074109 -0.1442146 0.1532741 0.4448558 0.3540105 0.1274915 0.2971463 0.4252768 0.1762950 0.4583304 0.4169237 0.5116153 0.4139223 0.4367977 0.3182653 0.1753233 0.3093590 0.1883163 0.6616785 0.7573183 0.3998590 0.4949903 0.3129168 0.1446851 0.6805198 0.3230761 0.0743050 0.5029146 0.4476821 0.1079113 0.3754473 0.1521222 0.0779741 0.2358044 0.3326292 0.1290347 0.1945696 0.2642115 0.0460232 0.3289787 -0.1216072 0.2336670 0.1948102 0.1676950 0.2022056 0.2151574 0.0092521 -0.0177448 0.3823091 0.1790424 0.3177587 0.2378214 0.4379392 0.2731607 0.2937240 0.1068869 0.0311874 0.5390766 0.5469317 0.1608905 0.3258007 0.4210005 0.1307162 0.2875800 0.2117884 0.1693099 0.1011840 0.1531116 0.2527818 0.0517127 0.2683937 0.1682259 0.4712081 0.0114893 -0.3100123 -0.4733678 -0.4045831 -0.4882390 -0.4398021 -0.4355086 -0.3482503 -0.3003436 -0.4690863 -0.4714852 -0.6314798 -0.4382425 -0.5529502 -0.6071460 -0.1395146 -0.3930587 -0.3674445 -0.0269876 0.1196941 0.1335093 -0.1335643 -0.3350597 -0.3121086 0.0763690 0.3411071 0.4236392 0.4476957 0.3761604 0.6235103 0.2018593 0.1886931 0.1782884 0.4905754 0.3968966 0.4079672 0.2697762 0.3999504 0.4148421 0.1421149 0.2066337 0.2384023 0.0012258
-0.5252732 -0.2900104 -0.4993269 -0.3829175 -0.4670448 0.3167387 -0.1987184 -0.2881469 0.5915183 0.0629737 -0.1099442 -0.0319104 -0.3182323 -0.0381776 0.0000000 0.0007637 0.1503545 0.5211823 -0.1400098 -0.5517210 -0.0327870 -0.2222897 -0.2092723 0.5992228 -0.1235562 -0.3043505 0.2210997 0.6366241 0.3871573 0.4883977 -0.5008303 -0.2092538 0.7850431 0.6942038 -0.2407072 -0.3614590 -0.2586358 -0.1586890 -0.0349141 0.2878721 -0.5970766 -0.1794970 -0.2504399 0.7463094 0.2977776 -0.0690080 -0.2831568 -0.5284085 0.5601632 0.1699080 -0.2664995 -0.1781566 0.4680466 0.0992911 -0.4828574 -0.2274407 -0.2804034 0.1561358 0.0251480 -0.2914362 0.4456067 -0.3064319 -0.2759069 0.2351882 0.3294198 -0.2610509 -0.2904657 -0.1248591 -0.0935851 0.1872457 -0.1867074 0.3046788 -0.0378774 0.1138584 -0.0630457 0.0722091 0.1554718 0.0030518 -0.1151030 -0.0170139 -0.0624417 -0.5157748 -0.1217199 -0.2078946 -0.0806293 -0.0094784 -0.0618211 -0.0936600 0.0247484 -0.0155692 0.1791718 -0.0197917 0.0567484 -0.1342318 0.0254343 -0.0280312 -0.3428744 -0.0389951 0.1848285 -0.3403836 0.1585449 -0.1557761 0.0445729 -0.1614866 -0.0988219 0.1087439 -0.0870645 -0.0336631 -0.1043368 -0.0536367 0.1985072 -0.1347878 -0.1238243 -0.0448606 -0.0893115 -0.1848986 0.0924692 -0.1996393 -0.1493241 -0.4052544 -0.0737510 0.1978436 -0.5530194 -0.2663500 -0.4318098 -0.3318277 0.0157951 -0.5620795 -0.3297214 -0.3483494 -0.3662232 -0.6839827 -0.4264668 -0.3149503 -0.3915901 -0.3505374 -0.4421916 -0.2869806 -0.4534400 -0.3403819 -0.4465957 -0.4769576 -0.4580814 -0.5422311 -0.5160544 -0.1861329 -0.4722063 -0.4399673 -0.4744716 -0.1341861 -0.2003692 -0.5161662 -0.5151857 -0.4047648 -0.1883703 -0.5611139 -0.5945283 -0.3294859 -0.4472491 -0.3085175 0.2257020 -0.2671737 -0.5626877 -0.4243304 -0.0960322 -0.3599020 -0.4412997 -0.3036973 -0.6122891 -0.4776384 -0.1954094 -0.3754967 -0.5169539 -0.2921223 -0.2445728 -0.2966637 -0.1388726 0.2312683 -0.0440892 0.0168014 -0.0664059 -0.1345302 -0.3709932 -0.3170148 -0.3324578 0.0163491 -0.1905056 -0.0319932 -0.0936160 0.1322460 -0.4144359 0.0413791 0.1491912 -0.2185854 -0.2543362 0.0076108 -0.2767426 -0.1957760 0.0143587 -0.2833475 -0.3820349 -0.2872746 -0.4570195 -0.4041622 -0.1469063 -0.1272149 -0.4646426 -0.1411188 -0.1630410 0.1533571 -0.4235112 0.0791484 0.0078292 -0.0672973 -0.0074556 0.3135493 0.6427022 0.5366007
0.0350488 -0.1728693 -0.1412350 0.0196881 -0.2859893 -0.0295470 -0.2543379 0.4589996 0.2987010 0.5338454 0.7604359 -0.6164128 0.0464645 0.3206619 0.0007637 0.0000000 0.5516697 0.1655127 0.7854937 -0.0253748 -0.4629414 0.4246920 0.7016690 -0.0746656 0.6174320 0.7391645 0.1177341 0.0298622 -0.2349514 -0.2014522 0.0708519 0.4920231 -0.2500858 -0.2024572 0.6990979 -0.2389869 0.5714926 0.3295242 0.3276028 0.3060723 0.0303227 -0.4359645 0.5278706 -0.1126754 -0.4118668 0.5513821 0.6917995 -0.1884171 -0.3588075 0.4559954 0.7711768 0.3239250 -0.5807262 0.0802230 0.2580389 0.5077103 0.5875499 -0.0330801 -0.0367625 0.3603265 -0.1656868 0.3130571 0.2961475 -0.5399629 -0.5495344 0.5771232 0.5571233 0.0332677 0.4663258 -0.3957881 0.6517910 -0.6016159 0.1251281 -0.6710545 0.5620924 -0.2025668 -0.6661541 0.3771754 -0.0620479 -0.3068533 0.0087280 0.2020786 0.4627067 0.6357327 0.7700042 0.4936187 -0.0400696 0.3850484 0.4572555 0.6057503 -0.0619665 -0.0054190 0.2617779 0.4115933 0.0385049 0.1349912 0.0130304 0.5365347 0.0224391 0.3366160 0.5771920 0.4049340 0.3941449 0.4352071 -0.0003343 0.2833985 0.3590387 0.3481899 0.2249997 0.3781994 0.0274166 0.3635902 -0.0258057 0.0556670 0.3562780 0.1125789 -0.0523602 0.1681893 -0.1587115 0.0862999 0.1028985 0.0972499 0.2021604 0.0313629 0.2786680 -0.0670811 0.3077533 -0.0193323 0.0344862 0.2404278 0.2414973 0.2945289 -0.0391165 -0.2458494 0.2389422 -0.1706040 0.0208957 -0.1839633 0.2569639 -0.1468643 -0.2469993 -0.0416085 -0.2382155 -0.1556585 0.0996410 -0.3520851 0.1621402 0.2583342 -0.2319293 -0.4108342 -0.2210049 0.0828150 -0.0352155 -0.5754009 -0.1690570 0.0895506 -0.3373777 -0.0010753 -0.4042091 0.0001461 -0.0849840 -0.3411282 -0.0276724 -0.1778016 -0.4165828 -0.0245077 -0.3060503 -0.5719587 -0.1445997 -0.1590524 -0.2011808 -0.4304695 -0.0165521 -0.1417880 -0.0306137 -0.6029900 -0.6762385 -0.6044949 -0.4861357 -0.3949869 -0.6671696 -0.2812085 -0.1166045 -0.1785700 -0.2548038 -0.5978343 -0.4192637 -0.5499477 -0.7161901 -0.6939736 -0.1969554 -0.8011757 -0.6119731 -0.2953834 -0.2714394 -0.4888116 -0.3723594 -0.6595807 -0.5580274 -0.2354522 -0.1840888 -0.4060289 0.0706346 -0.2386788 0.1062646 -0.2898917 0.0247860 -0.0952567 0.1307671 -0.4457970 0.2767258 -0.4903803 -0.0081488 -0.2849119 -0.5353953 0.1117491 0.1923272 0.3967881
-0.2787878 -0.3797794 -0.1100151 -0.3373915 -0.2059466 0.3375705 0.1676470 0.0282493 0.6275502 0.7571277 0.5417807 -0.4079828 0.0631251 0.6685009 0.1503545 0.5516697 0.0000000 0.5413868 0.1729580 -0.2872096 -0.4153217 -0.1169430 0.5993530 0.2960945 0.0056366 0.4354093 0.6660018 0.1900176 -0.0591564 0.3459062 -0.4458974 -0.0378007 0.0620432 0.1873800 0.6644488 -0.4106834 0.1202001 -0.1497119 0.7022501 0.4727947 -0.1515972 -0.3679305 0.6867508 0.2261202 -0.2169200 -0.0127030 0.3028781 -0.3457562 0.0879847 -0.0106719 0.5453412 0.6386976 -0.0906759 0.3555286 -0.1747247 -0.1083174 0.0656122 0.1849949 -0.5892804 0.0213316 -0.3084072 0.4792977 0.0826873 -0.1853110 -0.2527173 -0.0160959 0.2477675 0.2495624 0.0604862 -0.0863782 0.2081499 -0.1978029 0.0612251 -0.2872493 0.0945275 -0.0938510 -0.3612814 0.1241330 -0.2554350 -0.3357224 -0.2750357 -0.1562302 0.2147923 0.2877742 0.2678677 0.2550176 -0.0014015 0.1140652 0.3142928 0.3805461 -0.0431335 0.2191922 -0.0077951 0.2233796 0.0341879 0.2412841 0.0084910 0.0997380 0.1168840 0.2186275 0.5729687 0.0676529 0.1389060 -0.0372039 -0.0199126 0.2569633 0.1400387 0.2343174 0.0160254 0.2480510 0.0717754 0.2299444 0.1055060 0.0370873 -0.0715293 -0.0241889 -0.1162187 -0.2899312 -0.1339354 -0.2467320 0.1758949 0.2428395 0.3245937 0.0607739 -0.1249905 -0.2459532 0.4116063 0.0310786 -0.1948203 0.1297354 0.0805510 -0.1877370 0.0574276 -0.1927171 -0.2104215 -0.1179834 0.0301020 -0.1380470 0.0901852 -0.1428179 -0.5110458 -0.0678431 -0.5886166 -0.0779290 0.1056717 -0.1975205 -0.0152560 0.0882362 -0.4946603 -0.1963516 -0.0220250 -0.1389358 -0.0951296 -0.2772977 0.2104619 -0.1028574 -0.1348418 -0.2184219 -0.4431479 0.0958865 0.3481457 -0.2306463 -0.1816400 -0.0398635 -0.1940995 -0.1596024 -0.3559912 -0.2003340 -0.3354221 -0.2982048 -0.1240753 -0.4688030 -0.1419941 0.0825293 0.0049342 -0.2713486 -0.4309695 -0.1955793 -0.4519097 -0.4472011 -0.4047562 -0.4693453 -0.4438076 -0.2432507 -0.3685106 -0.4956606 -0.4653753 -0.3128312 -0.3769788 -0.4104210 -0.5949533 -0.4633218 -0.1287019 -0.3418524 -0.3665666 -0.0083026 -0.3516115 -0.3444201 -0.4431138 -0.2357812 -0.1872951 0.0045778 0.0310170 -0.1929160 0.1248954 -0.2227256 -0.1092225 -0.2852028 0.0397477 0.2766297 0.1483272 -0.1048014 0.0748950 -0.1434513 -0.2220415 -0.0894505 0.5098557 0.1768978
