0.0000000 0.4819458 -0.0397783 0.3104667 0.0573361 0.3270490 0.1665832 -0.0640826 0.3194726 0.2875037 0.2038597 0.2391857 -0.0600422 0.2795324 0.1181235 -0.1055427 0.1602719 0.2631996 0.0202369 -0.1280279 0.5279523 0.2690421 -0.2542245 -0.1616869 0.3164946 0.0278127 0.4401305 0.0257399 -0.0434677 0.1715487 0.1645411 0.1203760 -0.1422674 -0.1213494 -0.0148940 0.3975468 0.1032333 -0.2116643 0.0315360 -0.3528616 -0.1817886 0.1612141 -0.1332727 -0.1353248 0.2598639 0.1961475 0.1550352 -0.3964928 0.2306634 -0.1418447 0.0972245 -0.1668285 0.3664278 -0.1949497 -0.5129760 -0.1208038 0.0556020 0.3052573 0.1906411 0.0480901 0.4300031 0.0060607 -0.2394138 0.4665476 0.2005568 0.0352747 0.0115863 0.0515585 -0.1974513 0.3019412 0.0266013 0.7001528 0.1447839 0.3224571 -0.0002237 0.4000798 0.5299989 0.1235951 0.4131473 0.4585217 0.4541660 -0.3693714 0.0108015 -0.2058432 -0.3620133 0.1336285 -0.0154495 -0.4127160 0.0872198 0.3505893 0.1643653 0.1920204 0.2355150 -0.2417842 0.0028860 0.2228587 0.1255629 0.0308335 -0.0108573 0.0763176 0.5775903 0.4189897 0.3064802 0.0082297 0.1435336 0.1061617 0.2343108 0.4211394 0.3145563 0.4514705 0.2079903 0.4839365 0.2925915 0.0376243 0.1251223 0.1315718 0.0057373 0.0063235 0.1252033 0.1426597 0.0346955 0.0097877 -0.1765904 0.2230857 -0.3717834 0.0831209 -0.0697811 -0.2268284 -0.0620422 0.0274188 -0.0958413 -0.1454775 -0.1233372 0.1049499 -0.1998568 0.0474087 -0.0349142 0.0372871 -0.1122403 0.1411974 -0.4150157 -0.1482296 -0.1429622 0.1795382 0.0608284 -0.5456038 -0.0555743 -0.2474070 -0.2487948 -0.3239455 -0.2141182 0.2171623 -0.0428902 -0.4331761 -0.4111728 0.1981178 -0.1362630 -0.2419805 -0.0690661 0.2417496 -0.3872472 -0.1252562 0.0379177 0.1849779 -0.1344655 0.0757355 -0.1803103 -0.0638619 0.0614129 0.0453505 -0.1249489 -0.2259205 0.7166451 0.5554104 0.2583053 0.2813475 0.5051052 -0.0668743 0.7059305 0.2555771 -0.4027700 0.1816553 0.1527598 0.1545443 0.3533906 0.1304444 -0.0327826 0.0093418 0.5792052 0.6497821 0.4589511 0.6751780 0.4091566 0.5025457 0.2981057 0.5886448 0.6451058 0.5558392 0.5820707 0.4706578 0.7218474 0.1529606 0.3271961 0.4322961 -0.3459359 0.0353861 0.1788289 0.6767163 0.4189244 0.6389813 0.3893817 0.4899040 -0.4065916 -0.2102153 0.6729842 0.4888721 0.7618358 0.6974123
0.4819458 0.0000000 0.1414192 0.0777914 0.1963398 0.6026823 0.5115930 0.2742766 0.3419018 -0.0488467 -0.0232149 0.4377973 0.0386119 -0.1556441 0.2807573 0.1298721 -0.2331445 0.0472504 0.0051542 -0.0394776 0.5410270 -0.0826221 0.1918041 -0.1729295 -0.0718867 -0.0280957 -0.0546029 -0.0803787 0.3228024 -0.2990683 -0.1711592 -0.2255941 -0.2126137 -0.0616098 -0.0288675 0.5584368 -0.3367599 0.1518392 -0.1169446 -0.3010031 -0.4202805 0.6515439 0.0410787 -0.3383466 0.6187940 0.1344293 -0.2199358 -0.3086418 -0.1130801 -0.1441380 -0.1298166 -0.0602385 0.2025897 0.0370118 -0.0909128 -0.1032110 -0.2299430 -0.1535931 0.2195612 -0.2434995 0.2109426 -0.3586753 -0.3266352 0.0275194 -0.1629490 -0.2620271 -0.3589271 -0.4240158 -0.0651549 -0.1417183 -0.4497392 0.2946157 -0.3666345 0.1289197 -0.4528668 0.0332312 0.3569806 -0.3727118 -0.0269309 -0.0679335 0.0005077 0.0801856 0.1185734 0.0111632 -0.0870079 0.1012191 -0.0556502 -0.0608972 0.0367621 0.0748927 0.2076773 0.0925126 0.0882813 -0.2284783 0.1441344 0.2476401 0.1999379 0.0378360 0.3109313 -0.0494641 0.4199945 0.1731004 0.1774269 -0.1189210 0.3045805 0.3328002 0.1719721 0.1739532 0.0093470 0.4248845 0.2667822 0.1510244 0.0016658 0.2568688 0.3860002 0.3225640 0.3701856 0.3408458 0.3201949 0.2900450 0.3337234 0.3581415 0.4456661 0.1282123 -0.0230733 0.0281272 0.3419672 0.0815306 -0.0965956 -0.0279509 -0.0277833 -0.0372553 0.1838182 -0.4238412 -0.0625157 0.1477093 -0.1526955 -0.0037005 0.0072048 0.2636390 0.1456541 0.1822173 -0.0632281 0.1001853 -0.0629107 0.1464809 0.0697111 0.0071982 -0.0629968 0.1860008 0.1545868 -0.0701576 0.1042351 0.2372475 0.1490921 0.1187792 0.2528058 0.1608750 0.1926572 0.2230608 0.1827022 0.1572975 0.1084371 -0.1034612 0.2038220 0.1383995 0.3814437 0.3712175 0.3715126 0.2287770 0.2636235 0.2874091 0.3244671 0.6168020 0.7218080 0.5788839 0.6911995 0.3990300 0.6915652 0.5837246 0.0813871 0.2770574 0.4057882 0.3017334 0.2572813 -0.2196739 0.0014856 -0.1256483 0.3825595 0.3592821 0.1899027 0.4039094 0.5062725 0.6039140 0.2699568 0.4335766 0.4831429 0.5717684 0.1569063 0.3987369 0.3088918 0.0585645 0.0693532 0.1738475 0.1415213 0.0429567 0.1971309 0.1984203 0.0987744 0.0891135 0.0127053 0.3138513 -0.0919267 0.0055247 0.1161694 -0.0566623 0.4369763 0.5570646
-0.0397783 0.1414192 0.0000000 0.2422397 0.8792992 0.2760440 0.3358604 0.7456694 -0.1127141 0.2205644 0.1227621 0.3023289 0.7644159 0.1418775 -0.0167864 0.0956778 0.0170657 0.1073631 0.3508998 0.5197716 0.4728897 0.1013965 0.1643116 0.3485063 0.0474673 -0.1175858 -0.0123944 0.0515123 0.4651719 0.1537989 0.0346393 0.3059061 0.2818015 0.3527973 -0.0683000 0.0223913 -0.0029606 0.5618304 0.2116133 0.1662120 0.3469638 0.0797198 0.0925662 0.1169727 0.0823528 0.0863554 0.1675267 0.5106802 0.2151138 0.2840322 0.0746966 0.0723530 0.3777119 0.0711266 0.4565053 0.3358216 0.1639455 0.0165816 0.3933370 -0.0037579 0.3869386 -0.1702419 0.3950377 0.2933099 0.4635992 0.2107682 0.0969738 0.0917350 0.3989501 0.3056889 0.0598590 0.1761292 0.1219729 0.5400450 -0.0494565 0.3853183 0.3761029 -0.1216963 0.1669737 0.3320318 0.0468060 0.3362979 0.0172668 0.1178365 0.1195498 -0.5419768 -0.5818432 0.1790214 -0.4752569 -0.2826320 -0.5620412 -0.6757788 -0.4161875 0.1146868 -0.5034286 -0.2250893 -0.3240423 -0.3522907 -0.2080391 -0.1188233 0.3317938 -0.7059421 -0.5846821 0.0454251 -0.4743442 0.0943156 -0.5341880 -0.4510346 -0.4895061 -0.5452912 -0.4044165 -0.5168382 -0.5272481 -0.5195939 -0.3066308 -0.4293418 -0.3045454 -0.1293511 -0.3656943 -0.4165179 -0.3203096 -0.2411083 -0.0027439 -0.4428385 -0.3937276 -0.5895632 -0.2650455 -0.2005992 -0.6104294 -0.2759776 -0.4923380 -0.0232877 -0.3484083 -0.1479363 0.3589856 -0.4129378 -0.4528488 -0.4901756 -0.3485727 -0.3856778 0.2944774 -0.1461229 0.7309584 -0.1829815 -0.5825067 -0.0678400 -0.2198067 -0.1764895 0.7433840 0.2164729 0.2409664 -0.4838638 -0.1193221 0.4541275 0.0705630 -0.0374888 0.5633027 -0.0573026 0.6779659 0.0741660 0.5115593 0.0273241 -0.1370235 0.1998343 0.1446534 -0.0312300 0.1664312 0.4986010 0.3461370 0.1352143 0.3259851 0.3609038 -0.3480465 -0.1344908 0.3971115 0.3684478 0.3731377 0.5898127 0.3208712 0.1784440 0.3028900 -0.2630376 -0.1621336 -0.2830044 0.3381127 0.4122083 0.5101505 0.2101691 0.1988432 0.2034416 -0.4149854 0.2021600 0.1839727 -0.1577008 -0.4989238 -0.3101292 0.0490395 0.1284125 0.2833967 -0.4265837 -0.1132791 -0.1813821 -0.6625659 -0.3841261 0.4749140 0.3393124 -0.3442436 -0.2557607 -0.5629235 0.1426172 -0.7116829 -0.2581157 0.4216419 0.3405544 -0.0197652 -0.4048202 -0.2166469 -0.0838739
0.3104667 0.0777914 0.2422397 0.0000000 -0.0237943 0.4728729 0.2923839 0.3440381 0.3603775 0.3857743 0.6601201 0.6838776 -0.0080498 0.5891945 0.4151257 -0.0851266 0.3924043 0.2170917 0.3003948 -0.1768176 0.6062736 -0.0526136 -0.2102936 0.5740948 0.1900331 -0.1146740 0.3183069 0.3502456 0.6270773 0.3892105 -0.0378454 0.0491261 0.5869181 0.6797445 -0.1609991 0.1617597 0.0404483 -0.0845362 -0.0518115 0.2512840 0.0325987 -0.2270748 -0.2367398 0.3454636 0.5032149 -0.1295191 -0.0458412 -0.1488392 0.7793148 -0.2668963 0.0344465 -0.1757297 0.7445206 0.0814807 -0.2780431 -0.1561853 -0.0090505 0.4044093 -0.1336162 0.0661041 0.1881967 0.0202063 -0.1561586 0.3872097 0.3020830 0.0346753 0.0000200 0.4170430 -0.0997040 0.4767474 0.1540344 0.6366123 0.1347300 0.1390731 0.0904451 0.3396855 0.5776279 0.1041311 0.1783620 0.3582798 0.1972988 -0.1441456 -0.1337245 0.0605761 0.1814762 -0.0673395 -0.0016834 0.1913375 -0.0185249 0.1986678 -0.1955480 -0.2811067 -0.2328259 0.4030723 0.0330147 0.1304188 -0.2388290 -0.4030218 0.0605169 0.0229701 0.1599767 -0.1568741 -0.1362880 -0.0557315 -0.2374498 0.1378215 -0.1259645 0.0086151 -0.1536569 -0.0631624 -0.1834948 -0.1286292 -0.0588185 -0.3851387 -0.3262396 -0.3548458 -0.3862530 -0.3946955 -0.3605045 -0.2206665 -0.3082799 -0.3147036 -0.3281554 -0.2603498 -0.5150014 0.0125653 -0.2541173 -0.2919809 -0.1415262 0.1004209 -0.0741634 0.1166018 -0.1817950 0.4411460 -0.1349018 -0.1012675 -0.0186657 -0.0957332 -0.0462258 -0.0379722 -0.0935763 -0.0252253 0.1996643 -0.1250545 -0.1086474 -0.2779002 -0.0278682 0.0354763 0.1578279 -0.0157830 -0.0248317 -0.1665116 -0.0194169 0.0672391 -0.0021081 -0.1139684 0.2272497 -0.1188163 0.4037069 0.1019597 0.0160429 -0.0457903 -0.0594131 0.1410793 -0.0429877 -0.1287906 -0.0783815 0.2581309 0.3953145 0.0739572 -0.0973385 0.1510467 0.3556400 0.1668134 0.0446829 0.1376132 0.2963577 0.0479019 0.3997590 -0.2732062 -0.2576157 -0.1291634 -0.2715442 -0.0973494 -0.1561725 0.0897451 -0.2197433 -0.0152511 0.2900060 0.2048704 -0.0035283 0.3315000 -0.0155345 0.0306704 0.0341800 0.1285948 0.3757793 0.2886536 0.2902178 0.1215151 0.2014158 -0.2600005 -0.0599831 -0.0606340 -0.3382672 -0.0551240 -0.1015561 0.1082610 -0.2736422 -0.0335113 -0.0216246 0.2655040 -0.5238816 -0.1141039 0.4029464 -0.1745299 0.0986662 0.1546826
0.0573361 0.1963398 0.8792992 -0.0237943 0.0000000 0.1718172 0.2397847 0.6068585 -0.3220088 -0.0459502 -0.2194408 0.0885580 0.8322251 -0.0677154 -0.2377513 -0.0726718 -0.2017004 -0.0683631 0.2097012 0.6143602 0.4707204 0.1916509 0.0272035 -0.0355148 0.0589270 -0.1943816 -0.0575024 -0.2458120 0.2486435 0.0242726 0.1457313 0.3884384 -0.0733398 -0.0590388 -0.0327473 0.1693167 0.0373134 0.6002736 0.0433467 -0.0223133 0.3564224 0.3139041 0.0504705 -0.0702535 -0.0669204 0.2397649 0.2637086 0.4923881 -0.0154332 0.3569234 0.1650592 0.1104127 0.1946987 -0.1510528 0.5082720 0.4917684 0.2899554 -0.0137187 0.7076432 0.1091737 0.6338445 -0.1752007 0.5436723 0.4535416 0.5944275 0.3743682 0.1596436 -0.1423042 0.5637995 0.2269699 0.1245902 0.2199895 0.1182982 0.7510470 0.0481192 0.3783013 0.4159203 0.0039714 0.3842832 0.4358360 0.3042606 0.1541164 -0.0444769 -0.0858880 -0.1347978 -0.5247306 -0.4850109 -0.0198271 -0.5347044 -0.4485869 -0.4684523 -0.5598099 -0.4027532 -0.2624678 -0.5894550 -0.3216873 -0.3256273 -0.2793779 -0.3140440 -0.3356688 0.3308180 -0.5269838 -0.3916992 -0.1068784 -0.4559418 0.0429353 -0.4361628 -0.3406848 -0.4295505 -0.4019397 -0.2976277 -0.3500495 -0.3446198 -0.2678719 -0.0541572 -0.1904300 -0.1205933 0.1106874 -0.1397606 -0.3235576 -0.2234969 -0.1175488 0.0424991 -0.4088129 -0.3992545 -0.5899071 -0.1761930 -0.2171740 -0.6352873 -0.2278321 -0.4776670 -0.2294417 -0.3435221 -0.1760078 0.4768808 -0.3954799 -0.4932943 -0.5090544 -0.4186270 -0.3145776 0.1707383 -0.1364700 0.6302320 0.0256939 -0.5542837 -0.1116625 -0.2506232 -0.2509721 0.6237559 0.1634941 0.1984405 -0.3314178 -0.1540490 0.3105355 0.0446864 0.1713117 0.4623153 -0.0959456 0.5855884 0.1722333 0.3120614 -0.0475158 -0.0984970 0.2891152 0.0128134 0.0269040 0.1081593 0.5124112 0.3180038 0.0838970 0.2058219 0.3196258 -0.2044950 -0.0013669 0.4119211 0.3403720 0.3993061 0.5639241 0.4396013 0.4409892 0.2738625 -0.0146845 0.1779543 0.0272920 0.6871391 0.5948761 0.7415852 0.4458281 0.3821821 0.3748991 -0.2769746 0.3974435 0.3846279 0.0758644 -0.3962044 -0.1109215 0.2139219 0.3082127 0.4758849 -0.3244349 0.0677061 -0.2002460 -0.4983313 -0.0685819 0.4599245 0.5064030 -0.4950442 -0.0734761 -0.4638932 0.2898596 -0.5741023 -0.0283065 0.5132208 0.3338487 -0.0016820 -0.1789076 -0.0958162 -0.0110812
0.3270490 0.6026823 0.2760440 0.4728729 0.1718172 0.0000000 0.3551721 0.6033434 0.3534647 0.3665052 0.4509629 0.4210771 0.2313810 0.3325883 0.2609491 0.1542482 0.1101479 -0.1031026 0.1678908 0.2546287 0.7165500 -0.1167289 -0.0520505 0.0510807 -0.0546572 -0.1929384 -0.2251782 -0.1134531 0.6959469 -0.2539034 0.1231911 -0.0317121 0.2465997 0.4402394 0.0409554 0.6181183 -0.1635194 0.3472155 -0.0906379 -0.0239683 0.0012206 0.3889332 0.0383493 0.2365876 0.6402787 0.0952164 -0.0995037 0.0179987 0.5630745 -0.0581509 0.0205629 0.2046865 0.7718133 0.2485144 0.0067958 0.0159472 -0.0148146 0.3826010 0.1127329 0.0568554 0.2168492 -0.1345550 -0.0987879 0.3935052 0.2277680 0.0435208 -0.0441228 0.1704765 -0.0124677 0.3963797 0.0823878 0.5201564 0.1060601 0.2456697 -0.0121252 0.5697497 0.6830346 0.0531014 0.2543520 0.2954989 0.2138576 -0.1826340 -0.2401318 -0.0233300 -0.1133781 -0.2495049 0.0597627 0.0175361 -0.1417091 -0.1619676 -0.1234717 -0.2364916 -0.2115237 0.2177172 0.1537619 -0.2114800 -0.2161925 -0.2331781 0.2884365 -0.1592507 0.2135895 -0.0746999 0.0387104 -0.1592262 -0.1745786 0.3887561 -0.1420988 0.0421534 -0.1538778 0.0082495 0.0544327 -0.0549582 -0.0972043 -0.1330965 -0.0492633 -0.1539004 -0.1821805 -0.1208665 -0.2658835 -0.3834749 -0.4051090 -0.3059815 -0.0765064 -0.4618889 -0.4220674 -0.2467362 -0.2890582 -0.3361364 -0.2873192 -0.3140526 -0.3670473 -0.2412020 -0.2884664 0.0298263 -0.0352313 -0.2715404 -0.2468963 -0.1826736 -0.2005531 0.0242273 -0.1272723 0.0088814 0.0157527 0.0116109 -0.2161413 -0.1688758 -0.1098434 -0.0986932 0.2219197 0.0848126 0.0017412 -0.1322736 -0.0770481 0.1099205 -0.0099693 -0.0028442 0.3334847 -0.0473043 0.4537701 0.0678187 0.0174987 -0.1003453 -0.0770626 0.0724259 -0.1250038 -0.0541436 0.1678746 0.5954248 0.5150612 -0.0809034 -0.1248272 0.0565970 0.2787679 0.5258540 0.2997130 0.2209016 0.3444652 0.3998398 0.5876778 0.2901473 0.0997322 0.2711235 0.2395146 0.2209467 0.0947620 -0.0304949 -0.0729539 -0.0431693 0.4055561 0.2517119 -0.1796653 0.4499375 0.1818624 0.2271380 -0.1593581 0.0992168 0.3296062 0.3580355 0.3456489 -0.0046377 0.0793837 -0.3341536 -0.2649698 -0.1716380 -0.2297672 -0.0765970 -0.1828907 0.1004927 -0.3660888 0.0237831 -0.1463633 0.2325005 -0.2523720 -0.3009222 0.1482585 -0.1509913 0.3608687 0.5765466
0.1665832 0.5115930 0.3358604 0.2923839 0.2397847 0.3551721 0.0000000 0.1921397 0.1967703 -0.2959135 -0.1819161 0.7602355 -0.0959034 -0.1386365 0.4023772 -0.2336864 -0.3783741 0.1869355 -0.3257572 -0.0967700 0.5870922 -0.5129506 -0.1033325 0.1034884 -0.6009866 -0.5129473 -0.2212085 0.1078769 0.5586903 -0.1426455 -0.4252561 -0.5387007 -0.1029274 0.1520355 -0.6279298 0.3498565 -0.6800298 0.0658977 -0.2874617 -0.3297933 -0.2851493 0.4423340 -0.3652874 -0.3454136 0.6773508 -0.5597811 -0.6422385 -0.1189854 -0.1106609 -0.4692658 -0.6045023 -0.4613540 0.0717374 -0.3211834 0.1758456 -0.5325346 -0.6081388 -0.4686270 0.1529839 -0.6769218 -0.0704759 -0.7278873 -0.3983711 -0.1152394 -0.2565659 -0.5748372 -0.7007796 -0.3961219 -0.3677288 -0.2947716 -0.6633903 0.0794742 -0.6339226 0.0263445 -0.6848241 -0.1525777 0.2213219 -0.5853244 -0.2949519 -0.2937366 -0.2331579 0.5883327 0.3702165 0.1802487 0.3565396 0.2383606 -0.3247673 0.5420933 0.1161338 0.1244658 -0.2225918 -0.3656053 -0.3862136 0.2226662 -0.0026137 0.3076606 -0.4413729 -0.2615230 0.2053919 -0.2335122 0.4756550 -0.1594512 -0.0815141 0.1202030 -0.1605772 0.5291797 0.1520296 -0.1430126 -0.4555098 0.2842040 -0.0462065 -0.1592901 -0.1578694 0.2986942 0.3865067 0.2941825 0.3884043 0.2361757 0.2751166 0.1882476 0.3107622 0.4669649 0.0508333 -0.0198197 -0.2807307 -0.3800266 0.4053020 -0.2797546 -0.5054170 0.0691955 -0.2821155 -0.3386248 -0.0267611 -0.4102156 -0.2099440 -0.3027841 -0.4733306 -0.4881749 -0.3847254 -0.2431906 0.3287060 -0.1523370 0.2091518 -0.2045779 -0.5766405 0.1833295 -0.3892959 -0.3565603 0.2294928 0.0646832 -0.0574669 -0.6553019 -0.2915338 0.4604805 0.0018486 -0.3852140 0.1255088 -0.2929146 0.2099511 -0.1831376 0.1168515 -0.1322811 -0.3456233 -0.3918265 -0.1019769 -0.4807809 -0.0886481 0.2514474 0.1237366 -0.1528861 -0.0089261 0.3478240 0.1533341 0.3487682 0.7711314 0.7532976 0.6630999 0.7393544 0.4788373 0.2706584 0.4374472 -0.1766650 0.1418380 -0.0540326 0.0354561 -0.3196723 0.2386841 0.0440978 0.2030866 0.2259436 0.1447201 0.2096655 0.3778722 0.2168731 -0.0752101 -0.0047651 0.4261987 0.4547996 -0.0337910 -0.0476101 0.0579976 -0.0520172 -0.2262380 -0.0058291 0.5906808 0.2416446 -0.0572279 -0.2115619 -0.1807363 -0.2123020 -0.1837115 -0.0363365 0.2998981 0.3576458 -0.0756234 -0.2857376 -0.1436900 -0.0724536
-0.0640826 0.2742766 0.7456694 0.3440381 0.6068585 0.6033434 0.1921397 0.0000000 0.1524505 0.4013852 0.4134836 0.2183341 0.7004719 0.0607543 0.1453741 0.2991631 -0.0074245 0.0714034 0.6008241 0.3791276 0.5253922 0.0561364 0.0480608 0.1908300 0.1699180 -0.1734217 -0.2604871 -0.1096688 0.5557745 -0.1995711 0.0133152 0.2381922 0.2438422 0.4210841 0.0431057 0.2942669 -0.0938094 0.5272201 -0.0079585 0.0283295 0.1003596 0.1520943 0.0516087 0.1078059 0.3672216 0.2581795 0.1217237 0.2658110 0.4038185 0.1512844 0.1265437 0.1657568 0.6554536 0.2390296 0.1795115 0.2626411 0.1403344 0.2309850 0.1817860 0.1175601 0.2977428 -0.0052113 0.0973929 0.3493392 0.3730959 0.1702147 0.2027324 0.2540220 0.2405661 0.5219378 0.1677279 0.3153719 0.2380270 0.3212164 -0.0249753 0.5136511 0.4324167 -0.0528974 0.2269149 0.3441419 0.0812181 0.0985299 -0.1109572 0.2765211 0.1357667 -0.5775586 -0.3155063 0.2058128 -0.4766727 -0.4021569 -0.5869660 -0.6083202 -0.5635102 0.3206286 -0.3734783 -0.3092107 -0.3330860 -0.4103913 -0.2565124 -0.1529776 -0.0694627 -0.6154658 -0.4461103 -0.2445062 -0.5224526 -0.0435775 -0.6190799 -0.3349202 -0.5611493 -0.4790930 -0.5157699 -0.5485160 -0.5004485 -0.4139377 -0.2255846 -0.3757122 -0.2638517 -0.0863633 -0.3958427 -0.5650753 -0.3874825 -0.2699369 0.0210771 -0.6415533 -0.4507478 -0.5097726 -0.2046456 -0.2394273 -0.5394986 -0.1890840 -0.3823361 0.0563349 -0.2214575 0.0711575 0.3036629 -0.2884028 -0.3158526 -0.3551338 -0.2385987 -0.2872405 0.1802381 -0.0537290 0.4371071 0.0356558 -0.4288269 -0.0527079 -0.0724930 -0.0497671 0.5146513 0.2342019 0.1918915 -0.2739978 0.0180458 0.3257017 0.0930067 0.1436560 0.4382770 0.1779756 0.5667177 0.0019085 0.4283950 0.0740766 0.0965509 0.0857956 0.1385889 0.2158103 0.2696577 0.5832312 0.4080450 0.0648766 0.2094343 0.3599184 -0.3788736 -0.1198357 0.2024116 0.1121005 0.2386277 0.5053405 0.3773311 0.2406367 0.2956045 -0.0347570 -0.0712364 -0.0991390 0.2211547 0.2047692 0.2102134 -0.0708655 0.1524273 0.0599953 -0.6030999 0.2316224 0.0654060 -0.1412866 -0.5723987 -0.3245577 0.0286868 0.2264339 0.3079329 -0.4117181 -0.1121370 -0.3805020 -0.5300792 -0.3175909 0.0791986 0.0466178 -0.3500198 -0.1573818 -0.7293664 0.0165461 -0.5991557 -0.1046757 0.1023782 0.1527119 -0.1078842 -0.3372488 -0.1491724 0.1231467
0.3194726 0.3419018 -0.1127141 0.3603775 -0.3220088 0.3534647 0.1967703 0.1524505 0.0000000 0.4867293 0.4122753 0.5438062 -0.3914782 0.3343291 0.8928302 0.2786105 0.2556105 0.6997960 0.1402620 -0.4429395 0.2815890 -0.2851537 0.3662387 0.4104798 0.0013447 -0.0676710 0.3534718 0.5372694 0.3791046 0.2382959 -0.3705981 -0.2755630 0.2423060 0.4347286 -0.3577290 0.2155227 -0.3557742 -0.4696960 0.0481586 -0.0759546 -0.5212693 -0.0166335 -0.2495213 -0.2263955 0.3793919 -0.3103770 -0.4602497 -0.5080425 0.1702330 -0.4990196 -0.4457529 -0.1751063 0.3227030 0.0647143 -0.4987559 -0.5396764 -0.5418686 -0.0457050 -0.3359204 -0.3800121 -0.2171767 -0.0702260 -0.6006542 -0.2242029 -0.4354452 -0.5083284 -0.2068346 0.2803238 -0.5684315 0.2450312 -0.3644508 0.1713334 -0.0214504 -0.4767866 -0.4438424 0.1224965 0.0161304 -0.4093010 -0.2355941 -0.0711238 -0.2548807 0.0981957 0.4659521 0.4405644 0.2375001 0.1779476 -0.2113960 -0.0773562 0.1875734 0.3923184 -0.1396000 -0.0828962 -0.0191033 0.4784192 0.1016168 0.3353427 0.0848466 -0.1701400 -0.0076896 0.2211201 0.2567957 0.0552540 -0.2085411 0.2970490 0.0926851 -0.1531326 0.1704105 -0.1376869 -0.0517517 0.2361109 -0.2322415 0.1254912 -0.1323652 0.0266030 0.1703997 0.1133450 0.2379077 0.1265891 0.1443660 0.2271510 0.2233877 0.1680564 -0.0355913 0.1940556 0.0853184 0.1344274 0.1599071 -0.0383537 0.1027108 0.2163307 0.1765058 0.3847168 0.2838651 0.1666150 -0.1033598 0.2996351 0.1761139 0.1339979 0.2222399 0.1584567 0.0856699 0.1120628 -0.0608549 0.2807485 0.1028048 0.0434225 0.1653310 0.1514916 -0.1690133 0.1425877 0.1174616 0.0593617 0.1687151 0.0671249 0.1001417 0.1155177 -0.1823958 0.1377661 -0.0728419 -0.0677140 0.0228189 0.1941423 0.4259315 -0.0895840 0.1938564 0.2677356 0.2080946 -0.1261418 -0.0493184 0.1475143 0.1649567 -0.0536091 0.1277747 -0.0537177 -0.0353684 0.0473924 0.1400480 -0.0675142 0.1600072 0.0793802 -0.1207625 -0.0610572 -0.2633579 -0.2479428 -0.3181950 -0.4658634 -0.3255601 -0.6658134 -0.2489341 -0.2293654 0.1180402 -0.0864131 -0.1202877 0.0083878 0.0012152 0.0624048 0.1063400 0.2215766 0.0837573 0.1369141 0.1390268 -0.0364073 0.0798084 -0.0437053 -0.1086476 -0.1434874 0.4276875 -0.0320347 -0.0329243 0.1415243 -0.0120755 0.1104202 -0.1889924 0.3266533 0.4066820 0.0758035 0.1209320 0.2586355
0.2875037 -0.0488467 0.2205644 0.3857743 -0.0459502 0.3665052 -0.2959135 0.4013852 0.4867293 0.0000000 0.8416910 0.0263377 0.1815499 0.5815918 0.2641779 0.5497276 0.6608952 0.4333515 0.6168550 0.0040084 0.1330433 0.3394277 0.1895316 0.4065478 0.5193373 0.3291249 0.3591723 0.2839993 0.1752750 0.2807245 0.2190555 0.3113794 0.5595988 0.5935374 0.3145043 -0.0003994 0.2983057 0.0389939 0.5395935 0.1954954 0.1982253 -0.3287319 0.2860395 0.4335124 0.0135876 0.2542971 0.3105785 0.0433975 0.6431910 0.1487365 0.2564299 0.2951916 0.6572018 0.4762218 -0.3394014 0.0986505 0.2043739 0.5774437 -0.3231462 0.2961494 0.0178142 0.4658486 -0.0566659 0.2389799 0.1275197 0.1787732 0.4575888 0.6910033 -0.1078674 0.7257590 0.3452777 0.3679368 0.6044723 -0.0624268 0.1794946 0.5715987 0.2450834 0.1304314 0.1797358 0.3885898 0.0155239 -0.1851387 0.0228446 0.3585536 0.1352381 -0.2893351 -0.1835798 -0.2118575 -0.0849453 0.2408149 -0.1777786 -0.0721892 0.1423159 0.4941401 -0.0257271 -0.0227696 0.1715209 -0.0687812 -0.0915953 0.4021171 0.0923102 -0.1651425 -0.2518356 0.2652367 -0.1028024 -0.1158474 -0.2193081 0.0011556 0.1255092 -0.2831830 -0.2316045 0.0180900 -0.1021015 -0.6114299 -0.5112674 -0.5016787 -0.4968081 -0.3600703 -0.4637336 -0.3337342 -0.4386886 -0.5483825 -0.2890572 -0.1624990 -0.1161341 -0.0684770 -0.5589512 -0.0821984 0.0255574 -0.2169685 -0.1483376 0.3319770 -0.2763927 0.3872306 -0.0119062 -0.0289461 0.1057243 0.0742765 0.0219583 -0.1340273 -0.1776239 -0.1742995 0.1233095 -0.1088883 0.0678156 -0.3861375 0.0478042 -0.0110194 0.1603309 -0.1328103 -0.0249025 0.1252140 0.0468566 -0.1735531 -0.2447079 0.0223599 0.1513235 0.0034806 0.1972152 0.0581123 0.1201697 0.0213110 0.1491187 0.2406418 0.1167034 0.2487068 0.0925394 0.0473944 0.1211687 0.1723269 0.1409364 -0.1438968 -0.1136375 -0.1324157 -0.3002996 -0.2394259 -0.1293882 -0.1756501 0.0432796 -0.2151458 -0.2127856 -0.0674509 -0.4127390 -0.3168348 -0.1820998 -0.0032697 -0.3480023 -0.4573606 -0.0532018 -0.0102962 -0.1551549 0.0570067 -0.3087354 -0.2418288 -0.2630419 -0.1296834 -0.1415384 -0.2485160 0.2253676 -0.1745866 0.1225787 -0.0427712 -0.2139884 -0.3592793 -0.4363949 -0.2567735 0.1103070 0.0963393 -0.0779983 0.3520585 -0.1923911 -0.1457245 -0.3562293 -0.2124726 0.3591308 0.0628023 0.2866845 0.3280195
0.2038597 -0.0232149 0.1227621 0.6601201 -0.2194408 0.4509629 -0.1819161 0.4134836 0.4122753 0.8416910 0.0000000 0.1510936 0.0581825 0.6141575 0.2695912 0.5030256 0.6649789 0.2581502 0.6280381 -0.1069529 0.1588877 0.2086728 -0.0067424 0.5101107 0.4778196 0.3319099 0.1882095 0.3376078 0.3120447 0.2142217 0.1771659 0.2251060 0.6785973 0.7463559 0.3167389 0.0028528 0.2886776 0.0166641 0.3801472 0.3287304 0.0909030 -0.3855878 0.2547530 0.5526335 0.3316135 0.2161560 0.2445891 -0.0348394 0.8025984 0.0367283 0.2850002 0.2002985 0.7469586 0.6062131 -0.3457176 0.0117544 0.1964986 0.6464513 -0.5054143 0.3016356 -0.1018811 0.4786271 -0.1800954 0.1656550 0.1052427 0.1194089 0.3442865 0.7263659 -0.1212752 0.6031239 0.3288307 0.3752938 0.4483515 -0.1760728 0.2295610 0.4059068 0.2598767 0.1635327 0.0370256 0.2451057 -0.0719290 -0.2376586 -0.1968729 0.2465811 0.2083402 -0.1888978 0.1051446 0.0807310 0.0037797 0.2839573 -0.0421307 -0.0214613 0.1139572 0.5537413 0.1447648 0.0166372 0.0991949 -0.0847391 0.0846845 0.4097417 -0.0953717 -0.0977408 -0.0767233 0.0296544 -0.0815667 0.0014393 -0.2043481 0.1402433 0.1153325 -0.2121523 -0.1614009 -0.0540164 -0.0790978 -0.5911708 -0.5665056 -0.5410963 -0.5655173 -0.5154892 -0.5570638 -0.3928130 -0.4793485 -0.5577054 -0.2389728 -0.2189492 -0.2313279 0.0573893 -0.4967024 -0.0929000 0.0678670 -0.2159644 -0.1080437 0.3258359 -0.2578895 0.3773356 -0.2125290 -0.0541733 0.1103139 0.1246252 0.0538960 -0.0812338 -0.2536985 -0.1370576 -0.0157942 -0.1783211 0.1213987 -0.3942207 0.1032567 0.0758525 0.0309615 -0.1432609 -0.0677550 0.1062094 0.0944322 -0.1777035 -0.1605735 -0.0391726 0.1244379 0.0148229 0.1486718 0.0054690 0.0973745 0.0228425 0.1290651 0.0489194 0.0889218 0.1454224 0.0631818 0.0769708 0.1835144 0.0813878 0.0286620 -0.0783699 0.0012377 -0.0641934 -0.2734826 -0.2510279 -0.1328618 -0.2214113 0.0239791 -0.3980753 -0.2183075 -0.0748296 -0.4310156 -0.2337945 -0.4072249 -0.0686253 -0.5803989 -0.4310680 -0.0613568 -0.1067409 -0.1972450 -0.0146455 -0.4236362 -0.2543724 -0.1467700 -0.1179978 -0.1424420 -0.2249233 0.0102355 -0.0784694 -0.0298829 -0.0739941 -0.1055157 -0.3515135 -0.5823438 -0.4864795 0.0690540 0.1528105 -0.1578152 0.0498569 -0.0214357 -0.1233516 -0.6605756 -0.3799850 0.2118728 -0.1205071 0.2442242 0.2908255
0.2391857 0.4377973 0.3023289 0.6838776 0.0885580 0.4210771 0.7602355 0.2183341 0.5438062 0.0263377 0.1510936 0.0000000 -0.1901606 0.2832913 0.7070081 -0.1806188 0.0292417 0.4116349 -0.0840591 -0.2822044 0.6683582 -0.4313419 0.1588124 0.5343348 -0.3095950 -0.3628350 0.2832217 0.4364101 0.7479140 0.3081061 -0.4524447 -0.4000084 0.3197414 0.5090680 -0.5680717 0.2536922 -0.4943828 -0.1379009 -0.1638719 0.0203246 -0.2675535 0.1647284 -0.3974988 -0.1435568 0.6015993 -0.5309001 -0.5635844 -0.2667668 0.2397486 -0.5078258 -0.4919720 -0.3733432 0.3609245 -0.1788414 -0.0888092 -0.4697340 -0.5377954 -0.2396572 0.0271435 -0.5058941 0.0264405 -0.5282331 -0.3519960 -0.0019717 -0.1316563 -0.4520328 -0.5279435 -0.1171483 -0.3019217 -0.0073509 -0.4758484 0.3194190 -0.3958301 0.0024149 -0.5109243 -0.0100894 0.3880401 -0.4462793 -0.1700429 -0.0538417 -0.1039865 0.3490854 0.3203246 0.2051452 0.3355177 0.1165323 -0.3619521 0.3015957 0.0419780 0.2071448 -0.2275165 -0.3872156 -0.2924238 0.3182845 -0.0088672 0.3412338 -0.2675843 -0.4222067 0.1566769 -0.1257445 0.4777506 -0.2157338 -0.2755300 0.1733678 -0.1042153 0.2779443 0.0910552 -0.2392330 -0.3410874 0.1610416 -0.1447810 -0.1272477 -0.1646554 0.0090984 0.1491230 0.0660131 0.1643005 0.0529573 0.1033029 0.2098009 0.2019082 0.2223910 -0.0662045 0.0034401 -0.2251524 -0.0742566 0.2126325 -0.2175995 -0.2318619 0.2177629 -0.0292192 0.0348377 0.0848819 -0.0281432 -0.1322232 -0.0386053 -0.1641301 -0.2423952 -0.0573387 -0.0061687 0.3009256 0.0747463 0.2745449 -0.1356508 -0.3130733 0.1502158 -0.1291357 -0.0183400 0.2013963 0.2027727 0.1084786 -0.4857290 -0.0906780 0.4567346 0.1857967 -0.2783989 0.2384118 -0.1212984 0.3896308 0.0131783 0.1925898 0.0354186 -0.1140164 -0.0767168 0.0711635 -0.2798193 0.0474392 0.2415386 0.3157401 0.1410340 0.0947841 0.3133907 0.2890554 0.2751282 0.5239773 0.6160619 0.6322658 0.4453132 0.4808563 0.0720457 0.0615271 -0.1944262 -0.0960206 -0.1327533 -0.1060660 -0.2387960 0.0289107 -0.0787112 0.1967090 0.1737454 0.1668892 0.2223828 0.2760152 0.2221531 0.1098454 0.1713626 0.4897652 0.4692968 0.1397527 0.1678144 0.1553297 -0.2087096 -0.1828534 -0.0638368 0.2989372 0.2615671 0.0828313 -0.2383488 -0.2327747 -0.1623394 -0.2265707 0.2009350 -0.0053213 0.3664362 0.2950424 -0.3309648 -0.0949918 0.0027189
-0.0600422 0.0386119 0.7644159 -0.0080498 0.8322251 0.2313810 -0.0959034 0.7004719 -0.3914782 0.1815499 0.0581825 -0.1901606 0.0000000 0.0453346 -0.4616584 0.0537101 0.0626583 -0.2116637 0.5066483 0.7158086 0.3486051 0.5084411 -0.0507084 -0.0841770 0.3460859 -0.0014432 -0.1219944 -0.4160920 0.1815659 -0.0993810 0.4681682 0.6019950 0.0440743 0.0093052 0.3137525 0.1209236 0.3041561 0.7783601 0.1228269 0.1425619 0.5206783 0.1772607 0.2332033 0.1894323 -0.1853601 0.5654621 0.5637010 0.5638303 0.1635531 0.5967585 0.4941163 0.3489992 0.3289078 0.0688813 0.4094017 0.7182351 0.5694121 0.2100459 0.5703122 0.4525312 0.6304334 0.1242579 0.5440821 0.5298686 0.6815420 0.5642711 0.5167431 0.1676605 0.5953367 0.4278940 0.4818097 0.2622940 0.5003714 0.7069986 0.2901145 0.5883408 0.4449581 0.2911343 0.5442533 0.5883538 0.3908462 0.0342327 -0.2954204 -0.1275653 -0.2464331 -0.6218917 -0.2997342 -0.1563612 -0.5362223 -0.5582025 -0.4829093 -0.5049359 -0.2835365 -0.2284864 -0.4304982 -0.4144745 -0.2050342 -0.0419240 -0.2915806 -0.2028960 -0.0262024 -0.4542807 -0.4392717 -0.1515285 -0.4700524 -0.0894706 -0.5591696 -0.3014384 -0.3176419 -0.5692873 -0.3521405 -0.3923011 -0.2387746 -0.4278821 -0.2733572 -0.2867518 -0.3019933 0.0008817 -0.2897666 -0.4618226 -0.3980064 -0.3408936 -0.0575631 -0.3978649 -0.2821852 -0.5886579 -0.3634052 -0.2383419 -0.5527293 -0.3963982 -0.5346142 -0.1390725 -0.4502978 0.0350301 0.4410629 -0.4411431 -0.4440983 -0.4443895 -0.4007483 -0.3904195 0.0252012 -0.2385698 0.4219260 0.0421068 -0.4432823 -0.2640299 -0.2305292 -0.2126319 0.5813514 -0.0259214 0.0072505 -0.1822355 -0.1944084 0.1456749 -0.0854005 0.2123495 0.4098358 0.0045132 0.5742413 0.0223734 0.2306408 -0.1730721 0.0451847 0.2884624 -0.0786346 0.1384689 0.1209268 0.5515171 0.3394853 -0.0452915 0.1250841 0.3403925 -0.2857286 -0.0828558 0.1543358 0.0816696 0.1999288 0.3717348 0.3343289 0.3791903 0.2487556 0.1307095 0.1231738 0.0303273 0.5860015 0.7024508 0.5407784 0.4519779 0.3606841 0.3181755 -0.3667499 0.3723885 0.2905982 0.0496480 -0.4421235 -0.1636377 0.1064930 0.1589422 0.4748024 -0.3798594 0.0629174 -0.1283183 -0.4458614 -0.1158516 0.1254940 0.4062520 -0.5534873 -0.0203459 -0.4608474 0.3012348 -0.5259677 -0.0551391 0.2635034 0.0258380 -0.1106646 -0.0611098 -0.0329216 0.0903024
0.2795324 -0.1556441 0.1418775 0.5891945 -0.0677154 0.3325883 -0.1386365 0.0607543 0.3343291 0.5815918 0.6141575 0.2832913 0.0453346 0.0000000 0.2382120 0.1497480 0.8556867 0.2381219 0.2296973 0.1609548 0.2972875 0.1507417 0.1050099 0.6249775 0.2804317 0.2131284 0.4938136 0.4682791 0.4452613 0.6720757 0.3933780 0.3608213 0.7375949 0.6871098 0.1232974 0.0108908 0.3857271 0.0291993 0.4409223 0.6250907 0.3724595 -0.2441700 0.1793831 0.6175087 0.0125726 0.0047560 0.2059923 0.1865302 0.6889622 0.1254231 0.2168035 0.3268285 0.5478963 0.3601042 -0.0395930 0.1336199 0.2277574 0.5497876 -0.0683700 0.3082500 0.1574897 0.3705247 0.2018987 0.2221273 0.2964217 0.2612855 0.3554636 0.7176766 0.0641495 0.4707069 0.4050214 0.3079795 0.5469571 0.0776655 0.3840891 0.5112894 0.3685946 0.3298343 0.2031660 0.4289393 0.1611846 -0.2469478 -0.2198585 -0.1909840 -0.1470747 -0.1339948 0.0316518 -0.2180462 0.0190827 0.2218702 -0.0216306 -0.1366097 0.2702280 0.1876979 0.1514473 -0.0860791 -0.0398705 0.0282045 0.2114956 0.1559924 0.3110494 0.0624568 -0.1601885 0.3477601 -0.1149795 0.0931122 0.0790947 -0.0234311 0.2701572 -0.1583771 -0.0202995 0.2164314 0.1192518 -0.4880497 -0.4306842 -0.3729047 -0.4744026 -0.4128797 -0.4047132 -0.2400870 -0.5218568 -0.6236534 -0.4785118 -0.0186830 -0.1263024 -0.0153178 -0.6908755 -0.3477370 0.0250278 -0.4081530 -0.2921545 0.0289899 -0.4775192 0.3827874 -0.0843304 -0.2815906 -0.0509832 -0.0382392 -0.0920714 -0.0515310 -0.4337227 -0.2096476 0.0388312 0.0122966 0.0324058 -0.5631158 -0.0863225 -0.0282606 0.1546382 -0.1933615 -0.1212407 0.0881082 -0.1400631 -0.2243106 -0.1187840 0.0027257 0.0246320 -0.3391909 0.2509009 -0.0010174 -0.2103342 -0.2128810 0.1247228 0.2967000 -0.2179372 -0.1212363 -0.1145378 0.0744579 0.1548378 -0.0981786 -0.1993130 -0.2731783 0.3808284 0.0785956 -0.3007363 -0.1817839 -0.1069817 -0.2423281 0.0341016 -0.2162078 -0.2387085 0.0714635 -0.2215351 -0.1323461 -0.1874712 0.3122673 -0.1809686 0.0549192 0.0378950 -0.0391482 0.1667352 0.0512394 -0.2635032 -0.0668082 0.0028156 0.0935919 0.0561890 -0.1227763 0.2506108 -0.0123545 0.0185795 -0.0490060 -0.1199453 -0.2284496 -0.4033537 0.0073888 -0.1061874 0.1306948 -0.1016485 0.2797153 0.0150780 0.0777360 -0.3918744 -0.1821036 0.5152597 0.0322065 0.3224099 0.2805573
0.1181235 0.2807573 -0.0167864 0.4151257 -0.2377513 0.2609491 0.4023772 0.1453741 0.8928302 0.2641779 0.2695912 0.7070081 -0.4616584 0.2382120 0.0000000 0.2518616 0.1056988 0.7225705 0.0446969 -0.5162524 0.2955518 -0.5624887 0.3454312 0.5457926 -0.2101788 -0.2078183 0.2789753 0.6585791 0.5375141 0.3203631 -0.6095382 -0.4169802 0.3202876 0.5156852 -0.5199014 0.2426010 -0.5109006 -0.4551220 -0.0014234 -0.0123202 -0.5216487 0.0709402 -0.2853651 -0.2229319 0.4853518 -0.5284539 -0.6376327 -0.4357961 0.1354155 -0.6360934 -0.5775706 -0.2263800 0.2211172 0.0389141 -0.3072810 -0.6116134 -0.6537611 -0.1532930 -0.2903111 -0.5062955 -0.2711074 -0.1763290 -0.5279063 -0.3280989 -0.4882436 -0.5618977 -0.3789372 0.0962142 -0.4767133 0.0541188 -0.5114000 0.0259247 -0.2762529 -0.4976031 -0.5139314 -0.1282897 -0.0703959 -0.5445170 -0.3924524 -0.2533487 -0.3722303 0.2512278 0.5302921 0.5126948 0.4693148 0.2413732 -0.2294316 0.2448262 0.2172718 0.3798840 -0.1186323 -0.1348391 -0.1577709 0.5323494 0.0553284 0.4092934 -0.0629283 -0.3157123 0.0299074 0.0108484 0.2763280 -0.0632413 -0.1657642 0.2975976 0.0392433 0.0310008 0.2410688 -0.1475691 -0.1866707 0.2829129 -0.2219942 0.0796572 -0.1386197 0.1427145 0.2820684 0.1516713 0.3225009 0.1830214 0.2055278 0.2721350 0.2943935 0.2867319 0.0601713 0.0602464 0.0583720 0.1318750 0.2873211 -0.0378581 0.0655102 0.3665256 0.2543701 0.3287369 0.3374239 0.1273783 -0.0583496 0.2473531 0.1603051 0.0671618 0.2032819 0.1459654 0.2162879 0.1907094 0.0876860 0.1811718 0.0237587 0.2355233 0.1574378 0.1955099 -0.0658300 0.3180848 0.2488236 -0.0899163 0.2030642 0.2579058 0.3062038 0.0226099 -0.0573494 0.0845583 0.0045795 0.0113711 0.1638463 0.2915067 0.2895590 -0.1141604 0.2664610 0.1089318 0.1824095 -0.0478682 0.0499982 0.2330953 0.1957835 0.1010658 0.0595020 -0.0797021 0.0744004 0.1318044 0.1569115 0.1177343 0.0838320 0.0329386 0.0575196 -0.1034967 -0.1850099 -0.1616295 -0.3332317 -0.5095666 -0.2317940 -0.5754242 -0.3189408 -0.3172824 0.1243047 -0.1821709 -0.1721068 -0.0513600 0.0239490 0.0159597 0.0747400 0.1864702 -0.0635346 0.0839010 0.0043245 -0.1671855 0.0123790 -0.0553090 0.1154156 -0.0810256 0.3091477 -0.1854845 -0.1830675 -0.1068901 -0.0797161 0.0769007 -0.0365910 0.5329156 0.3226959 -0.1652494 -0.1077141 -0.0003919
-0.1055427 0.1298721 0.0956778 -0.0851266 -0.0726718 0.1542482 -0.2336864 0.2991631 0.2786105 0.5497276 0.5030256 -0.1806188 0.0537101 0.1497480 0.2518616 0.0000000 0.4303233 0.3379965 0.6189166 0.0366318 -0.1886626 0.1408736 0.4562571 0.2965461 0.4056911 0.6080512 -0.0125193 0.3768933 0.0733416 0.0963776 0.0602519 0.2440851 0.3869850 0.3868153 0.5379094 0.0325904 0.2298114 0.2478674 0.7335330 0.3374263 0.0815239 0.1215311 0.7642605 0.3579451 0.1464894 0.3606992 0.2397358 0.2301641 0.1459910 0.3185458 0.2908044 0.6009406 0.1176145 0.8323006 0.0615654 0.2184751 0.2102605 0.3495600 -0.2583471 0.2730822 -0.1856757 0.6160426 -0.0121116 -0.3152224 -0.2778587 0.1139261 0.3831275 0.3037790 0.1581495 0.1523631 0.0091725 -0.2943504 0.2080783 -0.3871470 -0.0078979 -0.0252504 -0.3247587 -0.2196145 -0.3099876 -0.2104990 -0.4515197 0.0774650 0.1080296 0.5160069 0.3836196 0.0050050 0.0925749 0.1389835 0.1459693 0.2973133 0.2497515 0.2848237 0.3723753 0.3063431 0.2116406 0.1457295 0.4032097 0.2513019 0.2426474 0.2856951 -0.0341506 0.0075008 0.0809528 0.2784676 0.2297383 0.1301121 0.1478043 0.2488922 0.2792192 0.0083518 0.0477111 0.1633869 -0.0005290 -0.2375526 -0.1937598 -0.2054668 -0.1365333 -0.1000379 -0.1838687 -0.0632821 -0.1159303 -0.2094899 0.3071830 -0.0603854 0.3492649 0.0974860 -0.1971520 0.2505322 0.2415382 -0.2531673 0.0536676 0.3710302 0.0031107 -0.0847172 0.0717641 0.0888677 0.1616931 0.2324604 0.1589288 0.0763535 0.0050125 0.0280587 0.0294708 -0.0252572 0.2286622 0.0642749 0.2683083 0.2111886 0.1101598 0.1962122 0.2805812 0.2406762 0.3034724 0.0533268 0.1941263 0.1123554 0.2262417 0.2219928 0.0441237 0.2015710 0.4704667 0.3455124 0.2261605 0.0164255 0.4440104 0.3055523 0.3864678 0.1393416 0.1497813 0.3587199 0.4128244 0.0838150 -0.3723764 -0.1111016 -0.1338911 -0.3078835 -0.2844132 -0.0269420 -0.2639300 -0.0524202 0.1304469 0.0919161 -0.0189486 -0.0388361 -0.1790512 -0.1992682 -0.2935490 -0.4813220 -0.4485902 -0.4140415 -0.0766725 -0.3678107 -0.4652439 -0.1434492 -0.1008883 -0.1343254 -0.4772650 -0.4882504 -0.3273327 -0.1762906 -0.2179502 0.1347921 -0.1054452 -0.3564611 -0.1243262 -0.4211986 0.1472909 0.0373123 -0.0164327 0.0361584 -0.1135649 -0.2742170 -0.1132069 0.0097391 0.0132921 -0.1492207 0.2281892 0.1886752
0.1602719 -0.2331445 0.0170657 0.3924043 -0.2017004 0.1101479 -0.3783741 -0.0074245 0.2556105 0.6608952 0.6649789 0.0292417 0.0626583 0.8556867 0.1056988 0.4303233 0.0000000 0.3219228 0.5242349 0.0772280 0.0299290 0.4286473 0.2517309 0.5866984 0.5685462 0.5250011 0.5623657 0.4570029 0.1951181 0.6499040 0.4691490 0.4595879 0.7261758 0.5961426 0.4653140 -0.1413850 0.5557212 0.1436025 0.6898319 0.7021468 0.4209736 -0.2670181 0.4844198 0.6746018 -0.1377877 0.2868922 0.4448874 0.2022160 0.5500565 0.3638854 0.4610871 0.5453889 0.3678260 0.5853308 -0.1263198 0.2917792 0.4015861 0.5386015 -0.1689708 0.4997195 0.0781331 0.6353020 0.1386525 0.0672721 0.1411207 0.3183557 0.5815375 0.7009122 0.1096119 0.3893114 0.4670240 0.1179312 0.6523795 -0.0728229 0.3723345 0.3558246 0.1341550 0.3170723 0.1383212 0.3164057 0.0484150 -0.1694459 -0.2131745 -0.0234548 -0.0418797 -0.0906701 0.0453546 -0.2415150 0.0647810 0.2703193 0.1051443 0.0686732 0.5074115 0.1402906 0.2232619 0.0427844 0.2410187 0.2857743 0.2075249 0.2835942 0.0728517 0.1328709 -0.1467784 0.4117927 0.0387693 -0.0345206 0.1315969 0.1046047 0.4438870 -0.1542529 -0.0214046 0.2746931 0.2668117 -0.5034914 -0.4856940 -0.3223559 -0.4559236 -0.3827813 -0.3463408 -0.0880868 -0.3766302 -0.5743751 -0.3741992 0.1813835 0.2049618 0.1182292 -0.6152679 -0.1897464 0.2261021 -0.3990910 -0.1445479 0.2101880 -0.3613890 0.3634439 -0.1441714 -0.1654331 0.0914594 0.1021966 0.0394658 -0.0487105 -0.4007783 -0.2385983 -0.1074923 -0.0752881 0.1933123 -0.4929555 0.0097292 0.0592330 0.0640716 -0.2769311 -0.1785746 0.1916417 -0.0750065 -0.2810019 -0.1715163 -0.0486546 0.0121749 -0.1881978 0.1384546 -0.0087126 -0.0584686 -0.1460973 0.1737868 0.2514706 -0.0540900 -0.0334109 -0.0773566 -0.0294457 0.1049232 0.0419250 -0.0570114 -0.1756465 0.1850155 0.0139510 -0.3493530 -0.2648612 -0.1817070 -0.3234283 -0.1272966 -0.2710065 -0.2269424 0.0955488 -0.2173140 -0.1541172 -0.2209366 0.2581544 -0.3072685 -0.0147396 -0.0798498 -0.0892933 0.2334845 -0.0741403 -0.2802029 0.0129888 0.1205669 0.1513116 -0.0716424 -0.3248542 0.0876455 0.0303359 0.0595152 0.1136686 -0.0449919 -0.2464087 -0.4584086 -0.0243593 0.0123791 0.1070635 0.0816476 0.2534452 0.0231143 0.0215807 -0.4426875 -0.2334950 0.4291402 0.0703382 0.3501333 0.2489463
