0.0000000 0.5340227 0.8081771 0.6787045 0.0752553 0.4747243 0.4295639 0.6262746 0.6862912 0.6279263 0.4864691 0.4766734 0.4811050 0.6758158 0.6947184 0.4471898 0.6887626 0.1993693 0.5610446 0.1678433 0.3186510 0.4213046 0.6580240 0.4030690 0.3897310 0.5208473 0.3786278 -0.2654361 0.3609461 -0.3684295 0.4518654 0.3676640 -0.3102522 0.1124595 0.5914676 0.3312384 0.5299480 0.4092149 0.4078664 -0.3173123 0.4520542 0.4603043 0.5154693 -0.2526671 0.4117711 0.5392895 0.5480414 0.0885055 0.1319618 0.1115450 0.5247629 0.4460524 0.3288910 0.4454895 0.0978643 0.5250881 0.5085569 0.4420631 -0.0435610 0.5165997 0.3828983 0.4058119 0.2633750 0.4183263 0.4056827 0.4877970 0.4850080 0.4146644 0.3533140 0.4256260 0.5052260 0.5447593 0.3919329 0.5568655 0.5099599 0.4228364 0.4919711 0.3983303 0.5768753 0.3990709 0.6241571 0.2552406 0.4182319 0.4899923 0.2757248 0.4202046 -0.1084574 -0.1190504 0.1937119 0.2152097 -0.0514547 -0.0135423 0.4647015 0.1231515 -0.1751236 -0.2200509 -0.0463781 0.2165760 0.4031692 0.3931498 0.5323895 0.2719608 0.5912953 0.4966520 -0.2316550 -0.2401414 0.1989882 0.2787737 -0.4863784 0.5597799 -0.1690760 0.3920060 -0.6000563 -0.5311537 -0.0065251 -0.7035374 -0.6223652 -0.6571449 -0.6014070 0.2557332 -0.5189007 -0.5770336 0.5982007 -0.0100807 -0.6935108 0.0946818 -0.6055376 0.2605653 -0.3629143 -0.0119721 -0.4480024 0.2324732 -0.4138066 0.3588875 0.4104975 0.1735273 0.0593854 -0.6261332 -0.3310861 0.1640757 -0.0510203 -0.3968708 0.3842805 0.2503715 -0.2565192 0.2263278 -0.3221270 -0.0730753 0.1924817 -0.0521374 0.1042498 0.2175313 -0.4304751 0.2182178 -0.1760756 0.2301655 -0.1483194 -0.1255907 -0.4002282 0.1738149 -0.4728480 -0.2917600 0.1902795 -0.0094885 -0.3255064 0.2434879 0.2660216 0.1758856 0.0475011 -0.0166613 -0.0087301 0.2492297 0.6681819 0.2911217 0.3612478 0.2998532 0.1983252 0.3669211 0.2856958 0.4154840 0.5693829 0.3971905 0.0742874 0.1769397 -0.2021962 0.3360704 -0.0858165 0.4613939 0.5529803 0.4593828 0.3846611 0.5038599 0.4713052 0.7372065 0.4224746 0.5723114 0.1143695 0.3452122 0.4100135 -0.0604308 0.3208351 0.0341003 0.4185549 0.5184093 0.3929362 0.6744358 -0.3443160 0.5575839 0.1925245 0.1960110 0.2898137 0.1281789 0.6119799 0.6893003 0.0348653 0.6108039 0.2110580 -0.0284670
0.5340227 0.0000000 0.4714358 0.6572165 0.0022723 0.6289156 0.4423061 0.4055679 0.4021990 0.4361815 0.1921197 0.7657082 0.0905062 0.3410351 0.5551887 0.1665964 0.4239436 -0.3867024 0.3478527 0.4164551 0.7371953 0.1731711 0.4996341 0.4921876 0.1245787 0.1810715 0.6017622 0.0339701 0.7163040 -0.0109107 0.3128277 0.0595022 0.1234360 0.5776369 0.3614335 0.7986863 0.2234837 0.0872034 0.1808385 -0.0831803 0.1545526 0.7411627 0.2625246 -0.1819175 0.8417564 0.3502143 0.3949444 -0.0703338 0.4857264 0.0815036 0.3330760 0.2770583 0.7033298 0.3313584 -0.1165623 0.3035506 0.3066654 0.1387739 0.1097628 0.2801209 0.6695653 0.2713467 0.1834084 0.3747526 0.6729196 0.3936143 0.2273122 0.2415033 0.0817231 0.2291640 0.3857588 0.5875242 0.2382612 0.5735533 0.4436310 0.3032692 0.5036398 0.2811876 0.3610336 0.2881737 0.4515939 -0.1236364 -0.2277934 0.2977207 0.4623912 0.2866896 -0.2456719 0.0825503 0.4267150 0.5176078 -0.2040178 -0.0865102 0.1509997 -0.0536423 -0.0766339 -0.2021886 -0.0437817 0.1699086 0.5582112 0.4914540 0.6508908 0.4023932 0.4934724 0.3553402 -0.0846758 -0.0653689 0.4333963 0.1862278 -0.2474838 0.3876987 0.0250115 0.5655254 0.0177394 -0.1962258 0.0369695 -0.3016115 -0.4757867 -0.4129171 -0.0011553 0.1805432 -0.1158249 -0.3684999 0.3680048 0.6462370 -0.3426460 0.3614787 -0.2192994 0.0387909 0.1006110 0.2369262 -0.0105888 -0.1261098 -0.0928007 0.3792094 -0.1254931 -0.0120588 0.1403438 -0.0540486 -0.0321474 0.5678925 -0.1179892 -0.0806256 0.1881164 0.0239131 -0.1224926 0.4742666 -0.0125373 -0.1286561 0.1775808 0.1590547 -0.1222585 -0.1751584 -0.2244101 -0.0125330 -0.0863313 -0.1145201 -0.0426172 -0.3470725 -0.1086131 -0.1910480 -0.3134343 -0.1165144 -0.2757679 -0.0417288 -0.2834548 0.0046181 0.0405365 -0.0229202 0.1204913 -0.0867799 0.0132472 0.0306251 0.6157867 0.7170248 0.8022721 0.7832418 0.5943418 0.4680109 0.5239158 0.6593403 0.4317255 0.4371224 0.2382516 0.0867799 -0.0167221 0.3293651 -0.1564461 0.3443041 0.7022543 0.7156846 0.0145982 0.4803663 0.5602545 0.1814675 0.5362079 0.4885427 0.4256296 0.3649246 0.0131848 0.1275891 0.2286401 0.1257526 0.3530294 0.3869796 0.1903542 0.2805167 0.0239472 0.1983949 0.4268817 0.2265617 0.3892560 0.5100246 0.1380909 0.2121310 0.1582775 0.1697436 -0.0008354 -0.1681974
0.8081771 0.4714358 0.0000000 0.4968811 0.4725998 0.3000214 0.2710005 0.5970050 0.5535095 0.6413150 0.5004259 0.2704403 0.5813449 0.5870508 0.5725091 0.4287764 0.5916127 0.1113608 0.4998231 0.3266489 0.2114352 0.3834424 0.5563093 0.1572153 0.3065490 0.4835039 0.3535376 -0.4592805 0.2241513 -0.5883767 0.4677657 0.4388088 -0.4682008 -0.1581824 0.4993471 0.2954507 0.5233207 0.4584964 0.1153402 -0.5618112 0.7109669 0.6022158 0.4865643 -0.4859049 0.4293104 0.3844303 0.4606584 0.4650530 -0.1833808 0.3462988 0.4325635 0.4127076 0.0193680 0.4919050 0.2839856 0.4820588 0.4534721 0.5055034 0.3283359 0.4730663 0.6537076 0.4537367 0.4630925 0.3438947 0.1580382 0.5059804 0.4721655 0.4768751 0.4324126 0.4307733 0.3860847 0.4099358 0.3739115 0.4401282 0.3665013 0.3826472 0.3482416 0.0788566 0.5313716 0.2683642 0.4213478 0.3028964 0.2928752 0.4864610 0.2424569 0.5108034 0.0478553 -0.2290094 0.1187066 0.1255524 0.1281188 0.1345096 0.2882275 0.0222438 0.0157690 -0.1070624 -0.2371557 0.2970383 0.4375822 0.1770023 0.5075094 0.5440080 0.5792896 0.3957538 -0.0982674 0.0279767 0.2913140 0.3857571 -0.1139375 0.4780154 0.1040274 0.2732034 -0.4726025 -0.4702188 -0.2148661 -0.5474156 -0.5770374 -0.5492940 -0.5600170 0.4752139 -0.3064530 -0.4936602 0.6285134 -0.0080570 -0.4835313 0.2967947 -0.4007361 0.3858812 -0.0658935 0.1075826 -0.2258361 0.4123865 -0.1056333 0.4093879 0.4664654 0.3368888 0.1814047 -0.3905659 -0.1382825 0.4108045 0.1493474 -0.1392642 0.4627903 0.4829322 0.0814176 0.4091290 -0.1601588 -0.1165148 0.1868713 0.0819668 0.3977633 0.3088085 -0.2652416 0.2837526 0.0568944 0.3092277 -0.0938530 0.0732218 -0.4613234 0.1844522 -0.3189375 -0.0847567 0.1297837 0.0376402 -0.1607305 0.2444035 0.2802068 -0.0170315 0.0232230 -0.1399309 -0.0327547 0.0901790 0.5753089 0.0339074 0.2009308 0.2429292 0.1144985 0.3254041 0.2390873 0.4094552 0.5227340 0.5447496 0.3529405 0.3644370 0.1036229 0.4046268 0.2465056 0.4500796 0.3496431 0.2154987 0.5450530 0.1617786 0.1800429 0.6400997 0.5438530 0.5578972 0.2265679 0.1460039 0.2252267 0.2008843 0.4917841 0.1840341 0.5531955 0.4827485 0.4719944 0.5302300 0.0669874 0.5340724 0.4445459 0.1538977 0.4465504 0.1138835 0.6209481 0.5269260 0.1428513 0.5050276 0.2057761 0.2209077
0.6787045 0.6572165 0.4968811 0.0000000 -0.0735389 0.6855278 0.4323850 0.7690811 0.8115902 0.7987659 0.5876113 0.6811759 0.5165330 0.7307879 0.8823646 0.5636262 0.7246390 0.0851363 0.6734584 0.2173306 0.4403240 0.4411191 0.7533347 0.4456647 0.5450034 0.6106322 0.4984870 -0.1593277 0.7401149 -0.2263655 0.5474900 0.4612076 -0.1897243 0.4859992 0.6927565 0.4528338 0.6322563 0.5380384 0.5710745 -0.3455972 0.3915960 0.7093616 0.6229670 -0.2901123 0.7507611 0.7626242 0.6878059 0.0464266 0.3701122 0.4058633 0.6269761 0.5437872 0.6813278 0.5529368 0.2137123 0.7267046 0.6601205 0.4371130 -0.3235238 0.6258476 0.4167445 0.4518675 0.2787853 0.6423195 0.7364298 0.6403876 0.6039798 0.4415808 0.3658147 0.5062139 0.7080016 0.7152616 0.5722573 0.7358705 0.6407895 0.6236061 0.6589143 0.7156588 0.5973749 0.5742758 0.5453538 0.0610184 0.2981914 0.3069688 0.2025622 0.4178608 -0.1805900 -0.0273200 0.0033547 -0.0203830 -0.1615719 -0.2770553 0.2726730 0.0854190 -0.3992511 -0.0951905 0.0678165 0.1309560 0.1439273 0.4445271 0.4687665 0.4036609 0.7199636 0.5831801 -0.0069339 -0.2415869 0.1560470 0.3704011 -0.5799096 0.3066778 -0.3189928 0.3180881 -0.1791413 -0.2974183 0.1893074 -0.1612607 -0.3057221 -0.4865231 -0.1588528 0.2390267 -0.3594463 -0.2972449 0.5977291 0.3893185 -0.4764354 -0.0555099 -0.3495461 0.1148659 -0.3348767 0.1484505 -0.1659699 -0.1033334 -0.0709485 -0.1267040 0.0435307 0.0713874 -0.0484195 -0.5449444 -0.2721355 0.1926242 -0.1404993 -0.5033143 -0.0195322 -0.0845089 -0.4237515 0.3234659 -0.2533493 -0.1694729 -0.0537415 -0.0425217 0.0345356 -0.1279600 -0.4189338 0.1150300 -0.2078147 -0.0690124 -0.4786290 -0.3522226 -0.5809229 -0.1018929 -0.1892277 -0.2006613 -0.1415710 -0.3197743 -0.1234566 -0.1761566 -0.0543773 -0.1778546 -0.2116433 -0.3055725 -0.1518978 0.0255687 0.5546612 0.5009920 0.3992579 0.3471265 0.2656609 0.0118469 0.2363638 0.4423063 0.3870579 0.1894212 -0.1691309 -0.1620587 -0.3680185 0.3923228 -0.3547731 0.4686227 0.4674310 0.4292251 0.4398747 0.6801541 0.4125279 0.4295036 0.3081027 0.3091875 0.1011506 0.2500753 0.0558512 -0.1274880 0.4741787 -0.1863356 0.2348380 0.3461016 0.0621437 0.3555694 -0.4015463 0.2281980 0.3049320 -0.0962909 0.1136782 0.1478873 0.1499389 0.4711602 0.0133221 0.4232353 -0.0020835 -0.2945449
0.0752553 0.0022723 0.4725998 -0.0735389 0.0000000 -0.1439715 -0.1361791 0.2815425 0.0815183 0.2086574 0.3002879 -0.3662346 0.5293063 0.1559070 -0.0745594 0.2769035 0.0695249 0.1587670 0.2016766 0.5892569 -0.2188344 0.2153742 0.1487727 -0.4281689 0.1929091 0.3345791 -0.1141549 -0.5231299 -0.2546386 -0.5962127 0.5963355 0.4047161 -0.4472806 -0.4961516 0.1052716 -0.0083238 0.2893086 0.3430239 -0.2211725 -0.6146516 0.7224263 0.2411714 0.1027253 -0.4162289 -0.0099976 0.0202121 0.0406334 0.5077401 -0.4580804 0.1331102 -0.0047605 0.1162711 -0.3415146 0.2313460 0.1942276 0.0896153 0.1184167 0.2919492 0.5442694 0.1386696 0.5171917 0.1091349 0.3655314 0.0658322 -0.1622880 0.2701572 0.1593934 0.1779075 0.2794594 0.1559726 0.0059801 0.0411095 0.1066196 0.0549490 0.0501212 0.1579311 -0.0419656 -0.1770763 0.2950866 0.2840039 0.2565820 0.2456197 0.0247311 -0.0401975 -0.1697621 0.0741336 0.2505337 -0.1349505 -0.3207412 -0.2605213 0.2083838 0.1303339 -0.0827704 -0.0588468 -0.0873382 -0.1628201 -0.2029923 -0.0360822 -0.0196073 -0.1765010 -0.1432981 0.3892711 0.2589647 -0.2221236 0.0421671 0.0475923 0.1071107 0.4061964 0.3396064 0.1866947 0.1583405 -0.1033520 0.0442923 -0.0120887 -0.1748722 0.1002903 0.0333652 0.1638675 0.0182950 0.4711658 0.0565479 0.1349128 0.2339480 -0.1111649 0.0502794 0.0905308 0.2607070 0.1948454 0.0366743 0.2519202 0.1989339 0.5235385 0.2510520 0.2148389 0.4170820 0.2655871 0.1695865 0.1524391 0.1614908 0.3325614 0.2421236 0.3060133 0.3489833 0.2267832 0.3093677 0.2792405 0.1968844 0.1053179 0.2574776 0.2998478 0.4731317 0.1891026 0.3747368 0.3719825 0.3100783 0.2075053 -0.1503644 0.4256758 -0.1326227 0.2817786 0.2939905 0.4154588 -0.0508985 0.0181376 0.3745851 -0.0637427 0.0128005 -0.1575055 0.0239152 0.0355759 0.1140591 0.1020063 0.0157852 -0.2786795 -0.1956043 -0.1654639 -0.1623215 0.2376479 0.0272375 0.0516107 0.2973846 0.5965827 0.5900892 0.6280290 0.5094525 0.5338627 0.7097787 0.5231007 -0.0875234 -0.2552239 0.4379196 -0.0898129 -0.1870692 0.2673133 0.1969666 0.1760763 -0.1037955 -0.3439071 0.3744336 0.1322390 0.1050770 0.1220420 0.3418205 0.1828943 0.3896561 0.3627026 0.3291557 0.2052550 0.0997395 -0.0200370 0.2887195 -0.1866265 0.5085903 0.0074268 -0.0194846 0.3403473 0.1655630 0.3468617
0.4747243 0.6289156 0.3000214 0.6855278 -0.1439715 0.0000000 0.7876805 0.2612036 0.7156330 0.3992456 0.0807320 0.7895833 0.0947892 0.5949583 0.7060106 0.1332022 0.3821990 0.0258948 0.3160971 0.3851612 0.6153753 -0.0728124 0.3375668 0.7589448 0.1407761 0.1139341 0.3501283 0.1876052 0.6611215 0.0531306 0.2811859 0.0076124 0.2572533 0.6641122 0.2887313 0.6600653 0.1327981 0.1901671 0.4349561 0.0476960 0.0483782 0.4570354 0.2002771 0.0999573 0.6598460 0.4517042 0.3323527 0.0417071 0.5520149 0.1695888 0.2551218 0.1570092 0.6832872 0.1809023 0.1932403 0.3069339 0.2067504 0.0130667 -0.1194128 0.2220727 0.2334409 0.0300714 0.2349645 0.1843206 0.5477847 0.3408316 0.1948112 -0.0074144 0.1173436 0.0237115 0.4784803 0.3922765 0.0870582 0.3692852 0.3194801 0.1360839 0.2571546 0.3146620 0.1752754 0.1492994 0.2596428 0.1473429 0.2636660 0.4473496 0.4306113 0.3888295 -0.2482259 0.2560336 0.3913387 0.3704530 -0.0369421 -0.1826931 0.1283138 0.2528917 -0.1799358 0.0101498 0.1484540 -0.1649416 0.2516957 0.5368495 0.4910673 0.1423858 0.4129894 0.5605358 -0.0209379 -0.0832839 0.5177709 0.0918599 -0.2369031 0.3166580 -0.1042556 0.6273662 -0.4326457 -0.3870637 0.1375757 -0.3586311 -0.3335494 -0.2879643 -0.0114519 0.2668490 -0.2239261 -0.4825554 0.2723150 0.3091136 -0.5134976 0.2336595 -0.4949163 -0.1134656 -0.3530169 -0.1959539 -0.3716073 -0.4257880 -0.3627779 -0.1127671 -0.1647887 -0.0786106 -0.1923206 -0.5154901 -0.5219767 0.3820266 -0.2534793 -0.2839233 -0.2384971 0.1707263 -0.2661439 0.3621828 -0.3783354 -0.1991399 -0.3028620 -0.0067161 0.0706980 -0.0934833 -0.5232105 -0.0643099 -0.3662106 -0.0569356 -0.5064762 -0.3547950 -0.3942847 -0.1147246 -0.1391763 -0.3059657 -0.0906314 -0.2690473 -0.2835684 -0.0364914 0.0007154 -0.3310719 -0.3979674 -0.3565449 -0.3305851 -0.3169980 0.5430116 0.2578210 0.4831541 0.3629888 0.2611340 0.1959068 0.3890961 0.5568501 0.4007876 0.3250009 0.0008483 0.0630487 -0.1403888 -0.0407405 -0.3038791 0.0260858 0.3183302 0.4707860 0.1656908 0.3658400 0.2265807 0.1779725 0.3040213 0.2161885 0.2088298 0.2325275 -0.0317165 0.0984678 0.1558172 -0.0590014 0.3307906 0.2736576 0.2621975 0.3944529 -0.1341918 0.3724209 0.0492814 0.1601695 0.3867309 0.5183857 0.2429277 0.5566940 0.4710615 0.3932767 0.4285848 -0.0544499
0.4295639 0.4423061 0.2710005 0.4323850 -0.1361791 0.7876805 0.0000000 0.1348994 0.5084700 0.1829614 -0.0052856 0.5743250 0.0697257 0.5047551 0.5367053 0.0426549 0.3057149 0.1071059 0.0888627 0.2211851 0.3244766 -0.1243661 0.2740129 0.6053348 -0.0319643 0.0785058 -0.0078405 0.1168140 0.3160161 -0.0730026 0.1827312 -0.1044106 0.1390832 0.3841556 0.1869786 0.3522125 0.0153992 0.0190145 0.1663243 0.0689581 -0.0994794 0.1625338 0.1176049 0.1880095 0.4022045 0.1485110 0.1495972 0.0873344 0.4368235 0.1426039 0.1525751 0.1927919 0.4452780 0.2394479 0.1019827 0.1149918 0.0540239 0.0842533 -0.0502473 0.1188324 0.1168453 -0.0148563 0.0568386 0.1230304 0.3624199 0.0693026 0.1162902 -0.0091853 0.0034607 0.0080129 0.2457091 0.2986994 0.0389992 0.2487497 0.1223956 0.0822822 0.1508424 0.0191016 0.1540619 -0.0538967 0.1255411 0.2684434 0.3865302 0.4833734 0.2458290 0.3247625 0.0293882 0.1280561 0.5074302 0.2093119 0.2040200 0.0323049 0.0537713 0.1033749 -0.1182817 -0.0786476 0.2338298 -0.3292163 0.2407581 0.1323716 0.2099689 0.0379108 0.2224991 0.2419255 0.0778757 -0.0833329 0.5026069 -0.0367793 -0.0619560 0.3684290 -0.1020470 0.4731472 -0.5866386 -0.4746279 0.1719252 -0.5683959 -0.2802880 -0.1518814 -0.2007808 0.1229498 -0.2596351 -0.4778764 0.1233203 -0.1237935 -0.4359808 0.1236659 -0.6027941 -0.0821525 -0.5100893 -0.3969525 -0.5232872 -0.3814773 -0.5737224 -0.0207518 0.0002263 -0.1303530 -0.1881664 -0.5518775 -0.5531582 0.1529900 -0.0978499 -0.2002947 -0.1393004 0.1933199 0.0137363 0.1360074 -0.4035844 -0.1939090 0.0574963 0.0518754 0.2146227 0.0018508 -0.4846477 0.1151860 -0.3240989 -0.0141279 -0.1890315 -0.1862229 -0.0253881 0.0389816 -0.0983364 -0.1999186 -0.0321998 -0.0712677 -0.2090670 0.0073209 0.2311682 0.0944139 -0.0351418 -0.0770410 -0.1079783 -0.0343976 0.5320375 0.0368776 0.4409803 0.2658176 0.1216461 0.2616559 0.2156231 0.2857577 0.2414632 0.2447100 -0.0284650 0.0271470 -0.0921239 -0.1485583 -0.1826653 -0.0457801 0.1968562 0.2877476 0.0689319 0.1556258 0.0503740 0.0463989 0.0502706 0.0445567 -0.0447126 -0.0509120 -0.0926038 0.0361955 -0.1686814 -0.2619267 0.2606308 0.0113743 0.1449658 0.2971882 -0.1570823 0.2398584 -0.1537352 0.0669617 0.4480895 0.3051328 0.3417285 0.4076220 0.3048387 0.4195411 0.4212298 -0.0593220
0.6262746 0.4055679 0.5970050 0.7690811 0.2815425 0.2612036 0.1348994 0.0000000 0.7405261 0.8956860 0.9452616 0.1894946 0.8681550 0.5805874 0.7756382 0.9000156 0.8386777 0.1803587 0.9015764 0.1781354 0.0376305 0.8059981 0.9202613 -0.1328659 0.8492238 0.9419116 0.3020255 -0.6974996 0.4037542 -0.7085054 0.7355752 0.8130415 -0.7109225 -0.0783039 0.9030742 0.0177162 0.9273871 0.8139236 0.3548269 -0.7125570 0.6200131 0.6201594 0.8777592 -0.5584870 0.4459188 0.8323489 0.8278317 0.2803722 -0.0425828 0.3943343 0.8133705 0.8223882 0.2726124 0.8727980 0.2688898 0.8391409 0.8668116 0.8579298 -0.2248292 0.8855243 0.4907672 0.7627590 0.3821858 0.8303969 0.5126962 0.8019856 0.8725882 0.8120612 0.5727027 0.8428771 0.8069339 0.7209484 0.8686752 0.7906890 0.8116651 0.8947529 0.7430910 0.7453727 0.9014963 0.7680335 0.7081786 0.1673641 0.2397648 -0.0198199 -0.1903077 0.3023661 0.0458852 -0.3744727 -0.3307831 -0.1897308 0.0409675 -0.1488284 0.1616163 -0.0968913 -0.2864873 -0.2361672 -0.0323422 0.1391297 0.1767089 0.1228797 0.3533108 0.5429739 0.6195751 0.3138449 -0.0558787 -0.2684488 -0.1569174 0.4088379 -0.5006867 0.4266901 -0.3290998 0.0089518 -0.0688260 -0.2942600 0.2034142 -0.1048957 -0.3044871 -0.4129700 -0.2610665 0.2698760 -0.4272846 -0.1728363 0.4740887 0.2248636 -0.3513252 -0.2967755 -0.1896368 0.0515352 -0.3804915 0.2550719 -0.0791175 0.1867976 0.0676437 -0.1216935 0.1378622 0.0310506 -0.0057952 -0.3997438 -0.1522278 -0.0452296 -0.0105431 -0.5035431 0.2514423 -0.2069485 -0.3346667 0.2366667 -0.1060229 -0.0197016 0.1235194 0.0536203 0.1466711 -0.1577218 -0.1760383 0.2433021 0.0446368 -0.1070477 -0.4209525 -0.2032971 -0.4008624 0.0221133 -0.1682623 -0.0103394 -0.2540573 -0.4467500 0.0010187 -0.2722775 -0.1576138 -0.0928403 -0.0698372 -0.1022243 -0.0648574 0.3166949 0.2371795 0.2511447 -0.0255907 0.0186381 -0.0048007 -0.0298161 -0.0007384 0.0610410 0.2003993 0.1385172 -0.1602331 -0.1323289 -0.3679205 0.6530507 -0.0702117 0.7171480 0.3161524 0.0802527 0.4787035 0.5494886 0.2016634 0.4285529 0.0682324 0.1690875 -0.2297036 0.1227175 0.2895080 -0.3228368 0.3566167 -0.1021323 0.1670661 0.2930773 -0.0994202 0.3741180 -0.4807866 0.0160447 0.1452462 -0.2202324 -0.0457799 -0.2392576 0.1866932 0.2285033 -0.2844841 0.5156786 0.0406628 0.0203521
0.6862912 0.4021990 0.5535095 0.8115902 0.0815183 0.7156330 0.5084700 0.7405261 0.0000000 0.8139110 0.6699043 0.4441891 0.6714229 0.8205531 0.8891628 0.7109615 0.7911356 0.3811608 0.7939630 0.3024637 0.2363843 0.5389427 0.7645369 0.3343019 0.7048051 0.6867515 0.3579819 -0.3751121 0.5282184 -0.4563444 0.6532145 0.6367637 -0.3810550 0.1999806 0.7979445 0.2350989 0.7292613 0.7815297 0.6689300 -0.3786499 0.4871503 0.5883766 0.7499294 -0.1740965 0.5045509 0.8762413 0.7847388 0.3688684 0.2430015 0.4334638 0.7360963 0.6676302 0.4508526 0.6319440 0.4690376 0.8076410 0.7477122 0.5893444 -0.1868824 0.7599937 0.3543882 0.5251711 0.5321922 0.5917007 0.5185652 0.7846924 0.7364965 0.4947190 0.5775600 0.5962074 0.8124838 0.6722453 0.6211481 0.6901182 0.7222803 0.6660299 0.6184829 0.6401153 0.6717840 0.5829006 0.5615051 0.3583680 0.5466674 0.3179182 0.1860679 0.4588844 -0.0807047 -0.1656720 -0.0584998 0.0753913 0.0536455 -0.1382907 0.2093629 0.0467746 -0.2637569 -0.0124557 0.1334159 -0.0255240 0.1756296 0.4005808 0.5339131 0.3505995 0.6215813 0.5934980 -0.0114308 -0.1930924 0.0212978 0.3436895 -0.4483242 0.4124804 -0.1825362 0.2697112 -0.4022924 -0.4387228 0.1521529 -0.3034025 -0.3757201 -0.4593792 -0.3048163 0.1936751 -0.5375836 -0.4198800 0.4345746 0.1811806 -0.5622378 -0.2055498 -0.3991994 -0.0058941 -0.6125334 0.0639414 -0.2745173 -0.2119648 -0.1443483 -0.1695708 -0.0207968 -0.0648354 -0.1217765 -0.6823412 -0.4505686 0.0565861 -0.3195231 -0.5869544 0.0057778 0.0246005 -0.3928110 0.1734873 -0.3366620 -0.1347698 -0.2456607 -0.0295849 0.2368259 -0.0617725 -0.4604836 0.0243396 -0.2964609 -0.0431402 -0.6120308 -0.2547077 -0.5953833 0.0349925 -0.2650125 -0.1452638 -0.0875191 -0.4946482 -0.1683527 -0.1302246 -0.0611375 -0.3109862 -0.4103106 -0.2554799 -0.3139236 -0.0378910 0.3343839 0.0897160 0.0551586 0.0252130 -0.0468722 -0.0648145 0.0410203 0.1821555 0.2424686 0.1425522 -0.1281438 -0.0554013 -0.2658070 0.3049931 -0.1095717 0.4523859 0.2758464 0.1922474 0.4489469 0.5142862 0.1299959 0.3955783 0.0592205 0.1187878 -0.1771538 0.0915377 0.2606093 -0.2835496 0.2520919 -0.1913955 0.1973104 0.2815417 0.0508044 0.5291760 -0.5341193 0.2895591 -0.0061644 -0.0654267 0.0536327 -0.0325825 0.2777962 0.5204269 0.0467641 0.6481170 0.4039216 0.1128002
0.6279263 0.4361815 0.6413150 0.7987659 0.2086574 0.3992456 0.1829614 0.8956860 0.8139110 0.0000000 0.8714761 0.2777334 0.7781043 0.7589589 0.8166898 0.7821382 0.9302619 0.1570344 0.8724817 0.2775832 0.1292922 0.6572251 0.8738622 0.0129037 0.7870066 0.7552030 0.4913318 -0.6629085 0.5121019 -0.6624647 0.6234407 0.7503071 -0.6563898 0.0526732 0.8112041 0.1621869 0.7974183 0.7870161 0.5108567 -0.6637643 0.6145384 0.7040890 0.8068586 -0.5738612 0.4891244 0.8193198 0.7419040 0.4390181 -0.0656674 0.4196490 0.7088971 0.7182287 0.2914266 0.7246873 0.5183790 0.7967435 0.7815965 0.6949118 -0.0545279 0.7759624 0.5131720 0.6088256 0.4563013 0.6779684 0.4343606 0.8192044 0.7517725 0.6287090 0.4713517 0.6881100 0.7089524 0.6472037 0.7035762 0.7436692 0.6937575 0.7529159 0.6534596 0.5952522 0.7310293 0.5723061 0.5211798 0.1493566 0.1984013 0.0961784 0.0127248 0.2525286 -0.1788295 -0.3373550 -0.2800376 -0.0263090 -0.1135532 -0.2257329 0.0589970 -0.1833304 -0.3504863 -0.1956024 -0.1859447 0.0705462 0.1275563 0.1730454 0.4872785 0.4013649 0.5156427 0.4330261 -0.1756291 -0.2430646 -0.1372116 0.3033406 -0.5383275 0.4788260 -0.2995308 0.1543991 -0.1374829 -0.2545512 0.2926975 -0.1618143 -0.3800418 -0.4335304 -0.2586276 0.3058802 -0.3822543 -0.3267536 0.4218202 0.3113816 -0.3495695 -0.1192818 -0.2599667 -0.0592624 -0.3423913 0.1247100 -0.1758053 -0.0642793 0.0207231 -0.1557686 0.0334991 -0.1255723 -0.1889901 -0.4692292 -0.2994838 -0.0167287 -0.1192514 -0.4917152 0.1690410 -0.0565492 -0.4160522 0.1662962 -0.2084048 -0.0782109 -0.0572293 0.0089437 0.1468813 -0.1126976 -0.3424289 0.1263928 -0.0189198 -0.0594277 -0.5237550 -0.2796961 -0.5942468 -0.1272497 -0.2919021 -0.0839128 -0.2584101 -0.5695588 -0.1596521 -0.1532094 -0.2250708 -0.2128247 -0.3509663 -0.3046013 -0.2152855 0.0528661 0.2329354 0.2571975 0.0064799 0.0820338 0.0179049 -0.0619453 0.0120102 0.1772421 0.2177211 0.1243354 -0.0393311 -0.0933952 -0.1927615 0.4418566 -0.0267785 0.5770893 0.2808424 0.0766476 0.3951350 0.4068381 0.1731744 0.4264468 0.1696897 0.2569645 -0.0445000 0.2267539 0.1307999 -0.1758597 0.4711775 -0.0982403 0.1407935 0.3334817 -0.0418474 0.3475961 -0.4340761 0.0993141 0.2511989 -0.2216773 -0.1109866 -0.1482975 0.1391112 0.3729550 -0.2336648 0.3715823 0.1376248 0.0634536
0.4864691 0.1921197 0.5004259 0.5876113 0.3002879 0.0807320 -0.0052856 0.9452616 0.6699043 0.8714761 0.0000000 -0.0232955 0.8777056 0.5239125 0.6448179 0.9433515 0.8361000 0.2304660 0.9125227 0.1313249 -0.1205258 0.8556763 0.8704957 -0.3480948 0.8920794 0.9357934 0.1775266 -0.8364628 0.2538792 -0.7968401 0.6729440 0.8510229 -0.8575131 -0.2651270 0.8918728 -0.1824869 0.9281241 0.8633490 0.3089560 -0.7525008 0.5853322 0.4727999 0.8972111 -0.5930167 0.2382739 0.8112756 0.8008044 0.3811284 -0.2173368 0.3834175 0.8015303 0.8443902 0.1013054 0.8599886 0.3321097 0.8133118 0.8612654 0.9112434 -0.1961370 0.8859432 0.3997554 0.7708453 0.3721288 0.8133207 0.3548766 0.7994711 0.8735957 0.8308649 0.5955331 0.8814297 0.7470653 0.6574893 0.8719985 0.7418819 0.7798717 0.8980168 0.7114730 0.6699208 0.8802082 0.7199502 0.6309421 0.2346560 0.2100680 -0.1541563 -0.2490464 0.1838749 0.0790114 -0.5519109 -0.4240152 -0.2035614 0.0848423 -0.1508703 0.0945054 -0.2721362 -0.2200672 -0.2128235 -0.0920979 0.0960577 0.1115112 -0.0054330 0.3000975 0.4323682 0.4447452 0.1881086 -0.0772166 -0.2233863 -0.3269335 0.3150009 -0.4053975 0.4437810 -0.2561001 -0.0854324 -0.0035114 -0.2024928 0.3213179 -0.0412487 -0.2297469 -0.2891620 -0.2280317 0.1547160 -0.4292532 -0.1252948 0.2596058 0.1544159 -0.2646776 -0.4048946 -0.1256099 -0.1091311 -0.4350947 0.2108748 -0.0777905 0.1140609 0.0795397 -0.1589454 0.0260521 -0.1465797 -0.1226427 -0.3644854 -0.1709138 -0.2547106 -0.0853543 -0.5638051 0.1875440 -0.2563478 -0.3455404 0.0697996 -0.1246179 -0.0464512 0.0433137 -0.0536871 0.1060213 -0.2018536 -0.1619263 0.1452531 0.0280069 -0.1758863 -0.4310825 -0.2150213 -0.3552673 -0.0395201 -0.2246084 -0.0024673 -0.3158394 -0.5866846 -0.0447941 -0.3190090 -0.2920394 -0.1012845 -0.1219322 -0.0841538 -0.1411274 0.3178227 -0.0155303 0.1014243 -0.2285916 -0.1273887 -0.1010772 -0.1221054 -0.1069450 -0.1362500 0.0243178 -0.0117719 -0.2172798 -0.2011244 -0.3372287 0.5736615 0.0235822 0.6666101 0.2122449 -0.0818376 0.3367187 0.4363943 0.1069410 0.3084690 -0.1108189 0.0506653 -0.3382580 0.0882377 0.3038272 -0.4213247 0.2422159 -0.0821992 0.0781447 0.2348857 -0.2087012 0.3236028 -0.5288805 -0.0764785 0.0338217 -0.3086121 -0.1951417 -0.3781822 0.1102337 0.1283099 -0.4183685 0.4567092 0.0610336 0.1558139
0.4766734 0.7657082 0.2704403 0.6811759 -0.3662346 0.7895833 0.5743250 0.1894946 0.4441891 0.2777334 -0.0232955 0.0000000 -0.1346342 0.3308437 0.6059242 -0.0549026 0.2359291 -0.2973891 0.1411835 0.1022752 0.8979686 -0.1249105 0.2360428 0.8284784 -0.1098259 -0.0087785 0.3432274 0.3769941 0.8620559 0.2957847 0.0048627 -0.2534029 0.4051998 0.8490018 0.1828943 0.7986406 0.0244407 -0.0511958 0.2244539 0.1718557 -0.1039894 0.4970775 0.0766400 -0.0058094 0.8324573 0.3156182 0.2456822 -0.3137397 0.5888038 0.1514954 0.1651959 0.0434241 0.8584138 0.0460636 -0.1975153 0.2212262 0.1063034 -0.0940296 -0.2774939 0.0790127 0.2824864 0.0494888 -0.0352918 0.3051061 0.7242510 0.1529568 0.0375794 0.0503335 -0.0489109 0.0386472 0.3004291 0.5073736 0.0259710 0.4748673 0.2320347 0.1064859 0.4168051 0.3109084 0.1035168 0.0951862 0.2553025 0.1072807 0.0167323 0.4237353 0.6315111 0.2928317 -0.4124446 0.1968197 0.4858030 0.4017273 -0.3016238 -0.3636623 0.2856920 0.1372269 -0.1522783 -0.0893872 -0.0758351 0.0718690 0.2988299 0.6539145 0.5691612 0.1321575 0.4433289 0.5190616 -0.1143064 -0.0831520 0.5772917 -0.0437937 -0.2347796 0.2411056 0.0025792 0.7443287 -0.2169570 -0.3624863 0.0958601 -0.3593068 -0.4568402 -0.4895181 -0.0757015 0.0550274 -0.2488240 -0.5360811 0.2512285 0.5221916 -0.5015510 0.2952774 -0.5496316 -0.0339091 -0.0720352 0.0216841 -0.2417426 -0.2996013 -0.3156719 0.1918249 -0.1536811 -0.0232660 -0.0785651 -0.3664593 -0.3341685 0.4698952 -0.2842193 -0.3790171 -0.2468347 0.0109992 -0.2751653 0.3982050 -0.3427318 -0.3870775 -0.2117741 -0.2704205 -0.2939461 -0.2379315 -0.5807795 -0.2844859 -0.3829752 -0.2115593 -0.2860306 -0.5402013 -0.3916444 -0.4068119 -0.3060041 -0.5511880 -0.1733099 -0.0854902 -0.4699556 -0.1151978 -0.0878851 -0.2430245 -0.1016611 -0.4517018 -0.3702638 -0.3114069 0.5550395 0.5659370 0.7667992 0.7618124 0.7029790 0.3670798 0.6697176 0.7555846 0.4709142 0.2902208 -0.1362803 -0.1152935 -0.3050199 0.0372781 -0.5357919 -0.0017903 0.6591714 0.8208978 -0.0097398 0.5502613 0.6302701 0.2494839 0.5163651 0.4758048 0.5193045 0.4163677 -0.1909330 0.1421300 0.2557287 0.0277996 0.3234278 0.2477726 0.2731222 0.1912919 0.0049938 0.4343779 0.3216190 0.0567824 0.3661906 0.6981813 0.0786734 0.4585015 0.3614598 0.1229022 -0.0392937 -0.3457041
0.4811050 0.0905062 0.5813449 0.5165330 0.5293063 0.0947892 0.0697257 0.8681550 0.6714229 0.7781043 0.8777056 -0.1346342 0.0000000 0.5425979 0.5935569 0.8588658 0.7289301 0.3435786 0.7818321 0.2372830 -0.2876067 0.7708477 0.7870732 -0.3471324 0.8178275 0.9019748 0.1451903 -0.8205520 0.1019814 -0.8673731 0.8322306 0.8977812 -0.8438549 -0.3940829 0.7755835 -0.2338673 0.8625218 0.9040589 0.3202178 -0.7614754 0.8023467 0.4944164 0.7896417 -0.5305326 0.1862969 0.6677043 0.6721734 0.5674215 -0.3391457 0.4455216 0.6829785 0.7567026 -0.0600528 0.7728394 0.5220662 0.7616925 0.7777610 0.8156341 0.0135953 0.8055327 0.4606518 0.6665879 0.4578658 0.6500345 0.2374253 0.7702805 0.8152980 0.7061310 0.6138331 0.7589752 0.6514812 0.5217763 0.7682662 0.5956832 0.6370646 0.8014322 0.5326226 0.5247260 0.8071791 0.6919582 0.5498433 0.3487817 0.4384698 -0.0066179 -0.3574431 0.1766717 0.1327674 -0.3954637 -0.5370592 -0.4049159 0.1079932 -0.0819169 -0.0560460 -0.0994162 -0.3527858 -0.2534984 -0.0866134 -0.0799801 -0.0848220 -0.1276337 0.0884230 0.4448159 0.4789585 0.1199026 -0.0587946 -0.3262861 -0.3176442 0.3991986 -0.3227315 0.2177117 -0.3249612 -0.2057943 -0.1667225 -0.3704798 0.0223592 -0.0340422 -0.1788387 -0.2712431 -0.2785407 0.2682000 -0.3884410 -0.0475662 0.4031992 -0.0400938 -0.2075151 -0.3924522 -0.0430849 0.1069385 -0.4501421 0.2621138 0.0100140 0.2467657 0.1812370 -0.1568131 0.3568507 0.1110838 0.0822600 -0.3494537 -0.0986418 -0.0723610 -0.0021255 -0.3198989 0.3996381 -0.0530009 -0.0841660 0.1402479 0.0115876 0.1165550 0.1588918 0.2065923 0.4629504 0.0804218 0.0428741 0.2888080 0.2114059 0.1245385 -0.4155278 0.1812208 -0.3747347 0.2263744 0.0288984 0.2327386 -0.0369151 -0.3594115 0.2111567 -0.1407193 -0.0618702 -0.1277993 -0.0960721 -0.0262248 0.0019993 0.2742902 0.0847183 -0.1138602 -0.3026726 -0.3073633 -0.3363533 -0.0715082 -0.2467906 -0.1700068 0.1175618 0.2034745 0.0574163 0.1320519 -0.0573144 0.6690421 0.2859394 0.7662344 -0.0203745 -0.2782933 0.6040300 0.3062467 -0.1098212 0.4311803 -0.1134081 -0.0130763 -0.4619058 -0.1598092 0.3987726 -0.3153815 0.2883948 -0.1699285 0.0834740 0.0748402 -0.0200612 0.3799252 -0.4009513 0.0761844 0.0007640 -0.2552091 -0.1093540 -0.5211506 0.2990068 0.1483841 -0.2662588 0.5631497 0.2322347 0.2783258
0.6758158 0.3410351 0.5870508 0.7307879 0.1559070 0.5949583 0.5047551 0.5805874 0.8205531 0.7589589 0.5239125 0.3308437 0.5425979 0.0000000 0.6695384 0.5130183 0.7549404 0.4687049 0.5883739 0.4133268 0.1084072 0.3533435 0.6392463 0.3270487 0.5081542 0.4972771 0.3378071 -0.2987970 0.3217662 -0.4034225 0.5721655 0.5090296 -0.3552773 0.1473293 0.5616764 0.2528175 0.5300712 0.5577869 0.6508718 -0.4050989 0.4758486 0.4572686 0.5197563 -0.1919085 0.3494609 0.6121087 0.5171591 0.4069102 0.1413518 0.3398398 0.4670885 0.4511067 0.2995658 0.4148887 0.4963960 0.5842746 0.5293595 0.3769770 0.0260570 0.4946366 0.3037976 0.2159480 0.3918486 0.3250751 0.3055751 0.5787422 0.4943595 0.1871297 0.3745204 0.3358671 0.4707132 0.4853334 0.3621095 0.4885645 0.4089731 0.4169625 0.3711775 0.3145793 0.4391177 0.3283934 0.3331280 0.1984846 0.5269472 0.4695993 0.2428709 0.4163004 -0.0177731 -0.1056028 0.0324181 -0.0191544 0.0624501 -0.0374606 0.2584989 -0.0487458 -0.3580151 0.0504695 0.1296120 0.0015974 0.0655003 0.2336482 0.3436215 0.1745236 0.5246091 0.5073380 0.0644201 -0.1089024 0.0756524 0.3977747 -0.3755935 0.4640594 -0.1489868 0.2444079 -0.4266221 -0.1721839 0.2934211 -0.3199550 -0.1834383 -0.2569891 -0.2826355 0.2263378 -0.3790264 -0.3235950 0.5192435 -0.0511333 -0.5083449 0.0031085 -0.3424213 0.1124483 -0.5484440 -0.1352190 -0.3842750 -0.1725360 -0.2423453 -0.0677477 0.1332615 -0.0725107 -0.2475767 -0.7185574 -0.4402788 -0.0072655 -0.1551554 -0.3807198 -0.0052751 0.2317696 -0.3391850 0.0004305 -0.4190768 -0.1784028 -0.0276773 -0.0191212 0.3018314 0.1642582 -0.4652471 0.2702258 -0.3392952 0.1556677 -0.4200250 -0.1332825 -0.5744278 0.1290963 -0.2381057 -0.0285733 0.0320937 -0.3146506 -0.0768794 0.0332263 0.1027659 -0.0035727 -0.3539627 -0.1591354 -0.0971078 0.0502538 0.4700975 0.1013454 0.1657615 0.0654782 -0.0421185 -0.0382219 0.0203609 0.2565332 0.3504951 0.1903726 0.0702192 0.0608835 0.0065257 0.1236876 0.0464429 0.3782052 0.2331956 0.1285670 0.4182673 0.3479662 0.1423314 0.4189389 0.1894012 0.2681345 -0.0204341 0.0405736 0.1626489 -0.0804602 0.2841431 -0.3011803 0.2555526 0.3964560 0.1716889 0.5339430 -0.4183417 0.3384109 0.1054943 -0.0599245 0.1197318 -0.0630506 0.4127772 0.6322324 -0.0749745 0.5408885 0.2388481 -0.0959074
0.6947184 0.5551887 0.5725091 0.8823646 -0.0745594 0.7060106 0.5367053 0.7756382 0.8891628 0.8166898 0.6448179 0.6059242 0.5935569 0.6695384 0.0000000 0.6124731 0.7786865 0.1582019 0.7304028 0.0532621 0.3671036 0.4389566 0.7959569 0.4172956 0.6126024 0.6378459 0.4037712 -0.3352064 0.6899880 -0.4159255 0.4625614 0.5001566 -0.3121500 0.3516912 0.7620298 0.2846238 0.6608080 0.6338826 0.5149311 -0.3222742 0.3684456 0.6677869 0.7171625 -0.2406184 0.6553430 0.7927539 0.7211810 0.1934687 0.2933173 0.4110670 0.6945756 0.6769576 0.5475506 0.6846313 0.3409238 0.7223988 0.6678766 0.5831188 -0.2627715 0.7125405 0.3841017 0.5613182 0.3912862 0.6887659 0.6487769 0.6483946 0.6793704 0.5626577 0.3693857 0.5950616 0.7874979 0.6872756 0.6253744 0.7542340 0.6567997 0.6728912 0.6699666 0.6595614 0.6456780 0.4810636 0.5170077 0.2539834 0.3442885 0.2028419 0.1194161 0.3948929 -0.1879332 -0.0495742 -0.0213580 0.0627539 -0.0604795 -0.1814858 0.0731351 0.1331216 -0.2558031 -0.1360501 0.0140060 -0.0412418 0.2185865 0.3248238 0.5732641 0.4062971 0.5555050 0.6374138 -0.1096398 -0.2424619 0.0961313 0.1548697 -0.5654798 0.4012285 -0.3115355 0.3271687 -0.3604775 -0.5146042 0.1469552 -0.3620609 -0.5126198 -0.6038068 -0.3812995 0.2361797 -0.5135858 -0.5420650 0.4208346 0.2763299 -0.5209115 -0.1189554 -0.5308317 -0.0210089 -0.4641884 0.0294204 -0.3247325 -0.1646073 -0.1791675 -0.1995846 0.0132764 -0.0375928 -0.1471017 -0.6487932 -0.4825468 0.1162863 -0.1759723 -0.6020912 0.0666259 -0.0684161 -0.4146458 0.2357185 -0.3299081 -0.0965388 -0.1237697 -0.0003008 0.1101669 -0.2102580 -0.5547992 0.0368018 -0.1240773 -0.1664613 -0.5468421 -0.3709257 -0.5440569 -0.1293623 -0.2086398 -0.2808533 -0.2120056 -0.4590452 -0.2014691 -0.1972257 -0.1065509 -0.2492563 -0.2974919 -0.3534665 -0.3229171 -0.0435189 0.3888504 0.2118065 0.1686401 0.1887540 0.1343524 0.0366729 0.1673918 0.2933554 0.2615809 0.1059117 -0.2322927 -0.2030083 -0.4158725 0.3553221 -0.3019585 0.4013563 0.3572030 0.2909383 0.4099116 0.4813660 0.1914962 0.4083946 0.1748558 0.2012210 -0.0193102 0.2673856 0.0384949 -0.1854340 0.4199385 -0.1779585 0.1615519 0.2065448 0.0029527 0.2746367 -0.4524226 0.1975043 0.1798962 -0.1520109 0.0776759 0.1166412 0.1398014 0.4618386 0.0605267 0.4503584 0.2807787 -0.0456359
0.4471898 0.1665964 0.4287764 0.5636262 0.2769035 0.1332022 0.0426549 0.9000156 0.7109615 0.7821382 0.9433515 -0.0549026 0.8588658 0.5130183 0.6124731 0.0000000 0.7867283 0.2871633 0.9402144 0.1686714 -0.1609741 0.9243070 0.8627539 -0.3300394 0.9170326 0.9536625 0.1862414 -0.7461198 0.1921821 -0.7269317 0.7589270 0.8973810 -0.7934994 -0.2961456 0.9380681 -0.1852682 0.9472027 0.9000917 0.3829716 -0.6967393 0.5465005 0.4546709 0.9392029 -0.4506643 0.2324518 0.8529034 0.8981155 0.3901126 -0.1103164 0.4360569 0.9013578 0.8708619 0.1044653 0.8812878 0.3494322 0.8869198 0.9371710 0.9209198 -0.2115457 0.9569456 0.3925817 0.8408558 0.4706643 0.7835456 0.3507783 0.8753185 0.9555348 0.8464827 0.7635657 0.9073613 0.8578790 0.6641746 0.9359807 0.6886343 0.8806724 0.9161014 0.6901066 0.7020346 0.9005904 0.7827704 0.6385388 0.1563571 0.3160082 -0.0571991 -0.2700376 0.3226407 0.2263888 -0.5442996 -0.3416011 -0.1667193 0.2578083 -0.0379823 0.1672310 -0.2008271 -0.1026270 -0.0809170 0.1239470 0.1329054 0.2058250 0.1001339 0.3298251 0.4853082 0.5053520 0.2153655 0.0806976 -0.1841617 -0.3473841 0.4170498 -0.3348258 0.3194224 -0.1645988 -0.1525075 -0.0242181 -0.2240613 0.1762098 -0.0132496 -0.1709190 -0.2677810 -0.1850686 0.0694193 -0.4473370 -0.0440443 0.3161963 0.1189620 -0.3126530 -0.4463659 -0.0266089 -0.0239976 -0.4686253 0.2673875 -0.0004065 0.0692020 0.1801960 -0.1693951 -0.0494656 -0.1002101 0.0295529 -0.3242999 -0.0569930 -0.2168808 -0.1900267 -0.5083484 0.1503230 -0.2043338 -0.2620627 0.0806240 -0.1092507 -0.0929755 -0.0436453 0.0016597 0.1806824 -0.0939601 -0.0914951 0.1004691 -0.0999966 -0.0985581 -0.3836725 -0.1468179 -0.2764043 0.0876630 -0.2435252 0.1039521 -0.1936171 -0.5295849 0.0055377 -0.2589205 -0.1678821 -0.1332460 -0.1272977 0.0369729 -0.0969142 0.3197554 0.0331921 0.0324126 -0.2506725 -0.2256376 -0.2421938 -0.2106655 -0.2106475 -0.2116072 -0.0303482 -0.0238744 -0.1917558 -0.1622696 -0.3210226 0.5550465 0.0427149 0.6493504 0.1390582 -0.1078781 0.3488335 0.4546245 0.0152646 0.1821013 -0.2151761 -0.1056790 -0.4481759 -0.0360327 0.3824591 -0.4722150 0.1051202 -0.0892956 0.1054620 0.2450606 -0.2537453 0.3875058 -0.5728912 -0.1087786 -0.0935115 -0.1596721 -0.1267289 -0.4197881 0.0981673 0.0424461 -0.3188553 0.6156256 0.1439770 0.2404615
0.6887626 0.4239436 0.5916127 0.7246390 0.0695249 0.3821990 0.3057149 0.8386777 0.7911356 0.9302619 0.8361000 0.2359291 0.7289301 0.7549404 0.7786865 0.7867283 0.0000000 0.1310795 0.8627561 0.2182372 0.0520547 0.7109682 0.9227623 -0.0038496 0.7704620 0.7275780 0.4908652 -0.6671235 0.4103890 -0.6603250 0.6001236 0.7199875 -0.6875545 -0.0148976 0.8369290 0.0846481 0.7426304 0.7263431 0.5529958 -0.5767290 0.4803172 0.5906640 0.8326458 -0.4771494 0.3836484 0.7638910 0.7494819 0.4154134 -0.0435428 0.3348742 0.7582561 0.7770950 0.2712548 0.7474959 0.5181308 0.7666052 0.7839858 0.7141625 -0.0243591 0.7943838 0.4629026 0.6441095 0.4134663 0.6485099 0.4127973 0.7982700 0.7567634 0.6380408 0.4765673 0.6979463 0.6989153 0.6528045 0.7115863 0.7273776 0.7322961 0.7468560 0.6539798 0.5502044 0.7591288 0.5355346 0.5416996 0.1062875 0.2371503 0.1451375 -0.0285263 0.1950961 -0.1444500 -0.4263059 -0.1464418 0.0927901 -0.0759082 -0.1495766 0.0473384 -0.2785965 -0.3098484 -0.2888402 -0.1201820 -0.0137986 0.2250422 0.1286320 0.5015329 0.2670945 0.3972056 0.3196169 -0.2462353 -0.3480027 -0.2296773 0.1879636 -0.5942207 0.5253328 -0.3436932 0.1427267 -0.2574810 -0.3468174 0.3230504 -0.3507314 -0.4570477 -0.4387968 -0.3319790 0.1540875 -0.4466371 -0.3947164 0.3134462 0.1993238 -0.3859572 -0.1827588 -0.3434399 -0.1463767 -0.4634247 0.0121160 -0.2914936 -0.1838382 -0.1301760 -0.0719488 0.0121941 -0.2782391 -0.1728180 -0.4844913 -0.3188676 -0.1786012 -0.2188007 -0.4972033 0.2453834 -0.0486008 -0.3676600 0.0190198 -0.2394689 -0.0590396 0.0326799 0.0159016 0.1047784 -0.0262017 -0.3494055 0.0825533 -0.0817327 0.0050927 -0.3792211 -0.2548878 -0.3835573 -0.0790210 -0.4671447 -0.0807024 -0.1613768 -0.5485715 -0.2885906 0.0003402 -0.1160527 0.0022992 -0.2408975 -0.1052708 -0.1163135 0.1848013 0.2760120 0.2715762 0.0515014 0.0561692 -0.0633965 -0.0055768 -0.0826199 0.0488522 0.1311709 0.0613851 -0.0240654 -0.0944923 -0.1718469 0.3624215 -0.0018911 0.5565105 0.2852972 0.0732523 0.2096326 0.3890581 0.1768395 0.3377580 -0.0000878 0.1592169 -0.1892798 0.2288241 0.2297295 -0.2875776 0.2520990 -0.1193782 0.1015050 0.3074195 -0.1109641 0.4135282 -0.5904701 0.0402049 0.0860378 -0.1020266 -0.1320141 -0.2349888 0.1700592 0.3120109 -0.3006903 0.4541390 0.2550773 0.1433016
