0.0000000 0.8790296 0.2111627 0.3526376 -0.1228696 0.5346744 0.3246481 0.0039443 0.4420815 0.3350140 -0.1112391 0.7488682 -0.1105954 0.4117436 0.4817767 -0.0185514 -0.2330735 0.2811208 -0.0723160 0.3079727 0.7483976 0.1089376 -0.2164625 -0.0335372 -0.2904824 -0.0928628 0.1234235 0.0911892 0.6055784 0.3340667 0.0615624 -0.2079415 -0.1641960 0.0414942 0.3277440 0.6797919 -0.1589443 -0.0695749 0.0664641 0.0397576 -0.1190807 0.4140723 0.1627217 -0.1932972 -0.0215122 -0.2019085 -0.1562119 0.0102247 -0.3454250 -0.3929701 -0.2373786 -0.0462305 -0.1895305 -0.3626991 0.0788545 -0.1108042 -0.1893572 -0.3900875 0.3738200 -0.3330736 0.1482350 -0.0405650 0.4015246 -0.3723716 -0.0412732 -0.3476810 -0.2942966 -0.3539727 -0.0766818 -0.2814864 -0.4914142 -0.2178478 -0.4915192 0.0005561 -0.3878958 -0.3285527 -0.0965658 -0.4084514 -0.4773826 -0.1639171 -0.6780489 0.9001358 0.8706265 0.5799875 0.5440977 0.6790261 0.7644393 0.7441619 0.6403373 0.7987481 0.3636178 0.2366153 0.4822467 0.8720279 0.4433413 0.4884799 0.6989538 0.4782692 0.7727199 0.4230475 0.8529336 0.5615423 0.7787215 0.6949884 0.6458578 0.7782016 0.8463483 0.6332857 0.6220695 0.0999060 0.8977457 0.8319880 0.2824225 0.1281523 0.5409882 0.3381604 0.5984155 0.8073284 0.3714497 0.9285706 0.8727455 0.4707939 0.3806787 0.6630842 0.6934998 0.8869267 0.5744676 0.8303969 0.8250023 0.6779880 0.6433351 0.5045393 0.3794305 0.7022182 0.1639494 0.8203513 0.6255549 0.6766590 0.6590081 0.9052473 0.4670652 0.8619729 0.3839426 0.8689780 0.2877745 0.9212873 0.4589512 0.6187148 0.4361723 0.7943976 0.7726205 0.5781589 0.5832018 0.7633196 0.6267418 0.4694927 0.6504990 0.2968070 0.4924568 0.6131611 0.7531266 0.7909573 -0.0992079 0.5243078 0.7615116 -0.3790688 -0.1000376 0.3720321 0.4847297 0.7785674 0.3753519 0.6432723 0.7143637 0.5580063 0.8502258 0.5243947 0.3392275 0.0902839 0.6696909 0.5566537 0.5031691 0.4648614 0.4485035 0.0941814 0.3402427 -0.0830562 -0.1424682 -0.4071972 0.1479820 0.2277990 0.9388868 0.6399204 0.5310907 0.5769033 0.8674004 0.8734828 0.9468547 0.2065575 -0.3337402 0.8825895 0.5219621 -0.1598331 0.4149080 0.8392665 -0.2927080 -0.5986400 0.6842794 -0.3709287 0.1103685 -0.3863643 0.6222657 0.7795709 -0.5428023 0.2576269 0.3177485 0.0409896 -0.5036235 -0.5942663
0.8790296 0.0000000 0.3700721 0.5914786 -0.0983891 0.7793204 0.5131088 0.2509285 0.1703238 0.1769977 0.2453812 0.5081810 0.0914813 0.5394950 0.3884923 0.2661683 -0.0447838 0.2733647 0.1966386 0.4216765 0.5742433 0.3080607 -0.1114266 -0.1426596 -0.0773292 0.0093311 0.1866468 0.0633703 0.6407974 0.4703018 0.1106078 -0.1829854 -0.3267890 -0.1133338 0.3883874 0.6064285 -0.0862355 0.0865748 0.2589586 0.3252681 0.0005389 0.5563413 0.3387113 0.0410044 0.1650218 -0.0698820 -0.1252514 0.0253924 -0.5363539 -0.6083742 -0.0383924 0.1606524 -0.3745145 -0.1379958 -0.1283135 -0.2897783 -0.0907909 -0.0981198 0.4465927 -0.0128817 0.2780743 0.2748074 0.4778580 -0.3285933 0.2575582 -0.3864521 0.0015702 0.0345791 -0.1424323 -0.0505731 -0.3482466 -0.2216607 -0.2457947 0.3144899 -0.3079321 0.0022451 -0.1125521 -0.2362245 -0.2484955 -0.0676607 -0.4560890 0.6848561 0.7441279 0.3523843 0.2666267 0.5489257 0.6205941 0.5319101 0.4550994 0.6600790 0.2400364 0.1657678 0.2017495 0.8167010 0.5393540 0.4648107 0.5931707 0.4115462 0.7216460 0.4540801 0.7824644 0.4485491 0.6657755 0.6486471 0.4935179 0.5774415 0.7398590 0.3287688 0.6088020 0.0058178 0.7933352 0.8145369 0.1689121 -0.0087178 0.2399723 0.2044310 0.5651649 0.6646819 0.2803933 0.7889973 0.7917169 0.4397358 0.3577704 0.5020721 0.5217508 0.7230758 0.6923225 0.8121060 0.6705580 0.7318290 0.6812792 0.6543308 0.6532758 0.7046812 0.1774580 0.8105829 0.7060833 0.6005914 0.7244703 0.7316502 0.4802284 0.7276340 0.4425959 0.8077285 0.3003203 0.8896461 0.5726994 0.7088509 0.4740743 0.6643007 0.6619969 0.5148836 0.6936603 0.6949385 0.6827856 0.4939606 0.5150878 0.4604665 0.5500333 0.5672981 0.8290724 0.7035681 -0.1493068 0.3864156 0.8019242 -0.4397675 -0.1803999 0.5174723 0.5397659 0.6752211 0.4768144 0.7521894 0.3768589 0.3785028 0.8377633 0.3406168 0.1687787 0.1435679 0.5654068 0.6315448 0.6271909 0.5850092 0.5968878 0.3794488 0.4645672 0.2712158 0.1474523 -0.0896602 0.1215276 0.0989594 0.8318024 0.5647928 0.3372347 0.5055380 0.7140808 0.7250407 0.7779724 0.0744683 -0.1558069 0.7497808 0.4176776 -0.2318869 0.6056706 0.7703549 -0.3464712 -0.4068704 0.4399464 -0.3302407 0.2533798 -0.4481390 0.4995354 0.6263950 -0.3585331 0.2848542 0.2765534 0.3063703 -0.2424618 -0.4807641
0.2111627 0.3700721 0.0000000 0.2887953 0.2053356 0.2737123 0.3621665 0.7667950 -0.3133951 -0.4483398 0.1917673 0.1031830 0.5504379 0.1115296 0.5005919 0.4062535 -0.0068790 0.6067852 0.0221527 -0.2017595 0.1816485 -0.1497899 0.1004289 0.5948483 0.0547309 0.1006967 0.0078577 0.7233377 0.5514072 0.1399465 -0.2210573 0.2234329 0.5138192 0.2364441 0.0710397 0.1774373 0.1743124 0.0496514 0.0299373 0.2916275 0.0869261 0.4334728 -0.1003973 0.4242885 0.4492390 -0.1373852 0.0068248 -0.0424421 0.2720019 -0.6611439 0.1352113 0.1056179 0.1219329 0.4368126 -0.2485206 -0.4769361 0.1819705 0.4954819 -0.0016887 0.0881739 0.0670000 0.3666149 -0.3618322 0.4091457 0.6001589 0.1179247 0.1941885 0.7133248 -0.1092118 0.2336786 0.1096268 -0.1055747 0.2317847 0.4749275 0.1145326 0.3900842 -0.4139854 0.1388758 0.3188561 -0.3389756 0.1977729 0.1127576 0.2100646 -0.2257433 -0.4357558 -0.0691765 0.2188004 0.3251067 -0.0446447 0.1808635 -0.1146314 0.0410811 -0.2260771 0.0721009 0.1730293 0.1251103 -0.2852535 -0.1480874 0.1307554 0.1240755 0.2918805 -0.3774590 -0.0379198 0.0193397 -0.3800953 0.1361016 -0.0675308 -0.1857651 0.1104795 -0.0659164 0.0746181 0.2605772 -0.2027858 -0.3816180 -0.2486169 -0.4880900 -0.2952932 -0.2385465 -0.5671204 0.0685675 -0.0511504 -0.4075149 0.4704171 -0.3527353 -0.2867637 0.1221229 -0.0727193 0.3829015 0.0201092 -0.0188263 -0.1291528 0.1164771 0.0369408 0.5170614 -0.3680755 0.3764442 0.1595193 -0.0027359 0.1365075 0.0607649 0.3260586 0.0303013 -0.2423283 0.5466129 0.2413798 0.4508792 0.3956422 0.3016965 -0.0314635 -0.0423202 -0.1876513 0.2490401 0.2248201 0.1894670 0.4710502 0.0663040 -0.2277701 0.2375813 -0.1953144 -0.1845361 0.2861086 0.1521919 0.2929469 -0.1697076 0.4200539 0.0650069 0.1970174 0.2392264 0.2489112 0.2239824 0.5049850 0.5736065 -0.1100636 -0.0556224 -0.0809046 -0.4395132 -0.1952190 -0.2006476 0.1170955 0.2517956 0.1705970 0.3352728 0.2760686 0.5118548 -0.0427425 0.3155460 0.1283592 -0.1981762 -0.1852556 -0.1592656 0.1501372 -0.1460133 -0.3352823 -0.1295607 0.1534595 0.0964026 0.1673536 -0.3251372 -0.4124917 0.0985932 0.0748128 0.5800731 0.7104532 0.3820999 0.2798217 0.4810318 0.3687912 0.2454773 0.3389119 0.2619201 0.6933357 0.1676256 0.4431691 0.5188853 0.5297293 0.1320161 -0.1749501 -0.3216961
0.3526376 0.5914786 0.2887953 0.0000000 -0.5219315 0.8280111 0.2311234 0.5882256 -0.0751333 -0.0312668 0.7264594 -0.0727825 0.0676321 0.2921516 0.3130515 0.5392141 0.6721180 -0.0436528 0.5499125 0.0761701 0.1348008 0.2339207 0.6369095 0.1454116 0.5666522 0.6784896 0.7895726 0.2557197 0.5228710 0.8262824 -0.0407832 0.4722024 -0.0920479 0.1218456 0.7955777 0.0712680 0.6812863 0.3073535 0.8050733 0.8150524 0.2076333 0.3120481 0.7840413 0.6796770 0.1516522 0.5922292 0.6358688 0.2128454 -0.1983332 -0.0462583 0.7387067 0.8277314 -0.3088103 0.4967978 0.0616342 0.1876029 0.5693031 0.3976249 -0.0502106 0.6947516 -0.1533881 0.7984338 0.3851151 0.0829089 0.1105308 0.1620281 0.6608349 0.3632372 0.3076691 0.5627486 0.4911534 0.3076153 0.4617354 0.3370848 0.4157514 0.4485882 0.2188864 0.4544397 0.2246293 0.0857826 0.2291992 0.0850722 0.0317658 -0.2941995 0.0292528 -0.1109440 -0.0449889 0.0699943 -0.3144820 0.1143009 -0.2642418 -0.3332362 0.1301873 0.3607130 0.3091135 0.1760550 0.3359270 0.3696084 0.2417016 0.3411066 0.3104029 -0.0410007 0.2754311 0.4378035 0.0447887 0.2234169 0.1981964 0.1294323 0.0234125 0.4091482 0.2281450 0.4837520 0.4290654 0.2217741 0.1647441 0.3476712 0.4878154 0.2869032 0.3359934 0.2517571 0.4468975 0.3667361 0.3870428 0.2337154 0.1469378 0.1594484 0.4486712 0.5323467 0.1761597 0.3540582 0.3109500 0.3667116 0.4092604 0.2132137 -0.3177760 0.2529919 0.2507052 0.0677986 0.2083945 0.0971832 0.0266544 0.1866965 -0.0753639 0.2136901 -0.1468202 0.2551275 0.1443074 0.2767752 0.0024654 0.1127649 0.0242346 -0.2026530 0.0446089 0.2437613 0.1172508 -0.1304266 -0.0377373 -0.1141612 0.1301681 -0.0945690 0.4277546 -0.0180320 -0.5260588 -0.3536233 0.1931750 -0.6504169 -0.6323847 0.2488203 -0.0515173 -0.0526607 -0.0021944 0.3307007 -0.1045852 -0.0944705 0.3704502 -0.2916046 -0.3958091 -0.2908756 -0.0629604 0.1731430 0.5255010 0.2640388 0.3477126 0.4795776 0.1962393 0.0354155 -0.1458420 -0.1050935 -0.2153000 -0.1810501 0.2626059 -0.0072940 -0.0990738 -0.1077848 0.0899043 0.0613599 0.2219768 -0.3322184 -0.0650796 0.1190177 0.3348063 -0.2515021 0.1693671 0.1292477 -0.3247511 0.0258787 -0.1431503 -0.0774637 0.4343481 -0.3979906 0.0319667 -0.0179362 -0.0834988 -0.1783946 -0.3421330 0.4067064 0.3515523 0.2049763
-0.1228696 -0.0983891 0.2053356 -0.5219315 0.0000000 -0.2536141 0.4912321 0.0058603 -0.2810116 -0.2272789 -0.3247828 0.2439713 0.3607488 0.1636290 -0.0907608 -0.0232330 -0.4008026 0.2883419 -0.3031694 0.2434023 -0.2271280 -0.1054996 -0.2814173 -0.1802226 -0.4058175 -0.3267896 -0.4807134 0.1011733 -0.3327321 -0.1795258 0.0070706 -0.3994938 -0.1383262 -0.4410839 -0.4344218 -0.0145604 -0.4805801 -0.3668430 -0.4142222 -0.1592398 -0.3830828 -0.1074187 -0.4517136 -0.3434968 -0.1205680 -0.5376201 -0.6034344 -0.6018163 -0.2312866 -0.4522535 -0.5452421 -0.3871671 -0.1494484 -0.1252751 -0.6466817 -0.6868749 -0.5261619 -0.2076105 0.0310077 -0.3720659 0.1194364 -0.3145955 -0.6087564 -0.2883897 0.2500418 -0.3356445 -0.5855725 0.2067567 -0.6331264 -0.4903329 -0.4810836 -0.5717365 -0.2850254 -0.0160106 -0.6385928 -0.2547869 -0.6420814 -0.4818306 -0.0982310 -0.0610979 -0.1976280 -0.1760650 0.0280617 0.1052570 -0.3858030 0.0595025 0.0087709 -0.0801388 0.2477869 -0.1589261 0.0748061 0.1442245 -0.3287277 -0.3812066 -0.2841099 -0.2954727 -0.2832656 -0.6799083 -0.1906508 -0.6926246 -0.2685461 -0.2970497 -0.2499331 -0.5985041 -0.2289369 -0.2859418 -0.2699594 -0.4769551 -0.1124020 -0.5814102 -0.1228354 -0.4219707 -0.9229556 -0.8737566 -0.6402180 -0.8540481 -0.7512059 -0.4239862 -0.6750909 -0.1184322 -0.3834480 -0.6288002 -0.5306496 -0.4746370 -0.2933445 -0.0001273 -0.3569150 -0.4002621 -0.1527115 -0.2600158 -0.1880339 0.0108446 -0.0496743 0.0476086 0.0295590 -0.0523226 -0.0969817 0.0949435 -0.0620295 -0.0288690 -0.0070772 -0.1860178 0.0593707 0.0161310 0.3105952 0.0275661 0.0486826 -0.1243881 -0.0130543 -0.2477673 0.0677991 0.4330119 0.1340216 -0.1962677 -0.0659127 0.4787467 0.1373130 0.5067135 -0.0615454 0.3491981 -0.0713182 0.1888119 0.8237320 0.5277136 0.0490121 0.6260659 0.6668272 0.0666242 0.3259476 0.3088764 0.4425805 0.1027185 -0.0946572 0.2133835 -0.0739464 0.0525143 0.2520731 0.5236201 0.1855041 0.1540620 -0.2967045 0.0724032 -0.1956041 -0.0902524 -0.2328322 0.2834296 0.1503526 0.0605485 -0.1925506 -0.1601515 -0.0659776 -0.0626040 -0.1543970 0.4312902 0.1670256 0.1536104 -0.0351647 -0.0299859 0.2751010 0.0629338 -0.4041736 0.2870793 0.3064058 0.2836081 0.4268641 0.0898932 0.1468951 0.1900885 -0.4096762 0.5034112 0.2286058 0.1395534 0.3988489 0.4195459 0.5515350 -0.0906290 0.0218542 0.0222233
0.5346744 0.7793204 0.2737123 0.8280111 -0.2536141 0.0000000 0.4905024 0.4764211 0.1148293 0.1373220 0.6260661 0.0023495 0.2609367 0.6511589 0.2621394 0.6877361 0.4286288 0.2679138 0.6294956 0.4388640 0.1813142 0.5603483 0.2733284 -0.0707850 0.4795468 0.4305576 0.4249222 0.2370420 0.5664254 0.7484462 0.3323633 0.3281459 -0.2537395 -0.0714855 0.4804188 0.2410030 0.3065514 0.4915129 0.5126081 0.6665930 0.3824556 0.5098978 0.5131791 0.4863712 0.2904733 0.4101661 0.3224225 0.3609646 -0.4362514 -0.3605760 0.4576338 0.4931914 -0.4628137 0.1687167 0.0999699 0.0353135 0.3572398 0.2441571 0.4486996 0.5547307 0.1897856 0.5936424 0.5722162 -0.2059313 0.2359543 0.0620881 0.4528407 0.2915719 0.3068125 0.2708348 0.2128048 0.0278010 0.2660110 0.2772776 0.1727483 0.4797310 0.2041737 0.3478903 0.2629884 0.2826410 0.0743827 0.1916443 0.2561093 -0.1761164 -0.0824685 0.2548575 0.2196665 0.1209427 0.0418617 0.2729207 0.0684312 -0.0521226 0.1072607 0.5335114 0.4928180 0.3590656 0.4074060 0.4231375 0.5386893 0.4134962 0.4673902 0.2920981 0.5412534 0.5655756 0.2103911 0.2549461 0.5046621 0.2536892 0.3411812 0.3932722 0.4742494 0.6333101 0.3341363 0.1751129 0.1344582 0.3085797 0.5516499 0.4294441 0.4373631 0.4493291 0.6679351 0.5504178 0.3226204 0.4524531 0.3611325 0.3271396 0.7659959 0.6721416 0.3673847 0.7193523 0.6411791 0.6867286 0.7883086 0.5030024 0.0495832 0.5751303 0.6306638 0.3773826 0.5646117 0.3082251 0.3954383 0.4755402 0.2033965 0.4469745 0.2195118 0.4767822 0.4867959 0.5570243 0.4047698 0.4323037 0.4014280 0.2579344 0.4610275 0.5669840 0.4012617 0.3700050 0.2270186 0.3423641 0.4291531 0.2235809 0.7380038 0.3967342 -0.2312663 -0.0557477 0.5835166 -0.4594074 -0.2192431 0.6907629 0.3729296 0.3294451 0.4818765 0.6640494 -0.0543477 -0.0607219 0.5138366 -0.1441880 -0.3230263 -0.0905520 0.1781503 0.4496492 0.6391712 0.5868559 0.6539266 0.6443852 0.4937892 0.2287847 0.1485585 0.1009002 -0.2157582 -0.2672189 0.4763865 0.1659524 -0.1182303 0.1231244 0.2977497 0.2872958 0.3679244 -0.3395630 0.0172934 0.3324310 0.2954706 -0.3066533 0.4687638 0.3077672 -0.3102182 -0.1847986 -0.0602404 -0.2000801 0.5503340 -0.4611906 0.1754284 0.1199450 -0.1421115 -0.2267114 -0.2154365 0.5841098 0.0479622 -0.1171216
0.3246481 0.5131088 0.3621665 0.2311234 0.4912321 0.4905024 0.0000000 0.1387810 -0.4898679 -0.5081574 -0.0396136 0.0645038 0.0184449 0.1887910 -0.2167578 0.1520756 -0.2488995 0.0714304 -0.1033761 0.3734797 -0.2377424 -0.0350369 0.0704572 -0.3858057 -0.2253813 -0.0895765 -0.1250982 0.2881313 -0.0918529 0.2514387 0.2165193 -0.1941900 -0.2274960 -0.5255626 0.0997488 -0.0266548 -0.1844122 -0.2445530 -0.1564272 0.1483034 0.0087126 0.0132837 0.1230376 -0.0353455 -0.1134832 -0.3176481 -0.3361387 -0.1699109 -0.4631311 -0.7072549 -0.1262526 0.0126255 -0.6510433 -0.2056777 -0.5314693 -0.6154813 -0.1829148 -0.1942115 0.1822497 0.0221280 -0.0907881 -0.0497936 -0.1325530 -0.5835408 0.0711991 -0.1044188 -0.2186035 0.3296389 -0.2681546 -0.3732016 -0.2724650 -0.6644545 -0.0909409 -0.1172155 -0.3095813 0.1044523 -0.5643649 -0.1252642 0.2095693 0.3962109 0.0208051 0.0422783 0.2740628 -0.1351430 -0.2331658 0.2463047 -0.0734947 -0.0004718 0.0935351 -0.0881330 -0.3196648 -0.2877012 -0.0930572 0.0825318 -0.2160670 -0.2602303 -0.1714093 -0.4578120 -0.0327199 -0.3236586 0.0747746 -0.0578483 0.4571838 -0.0069987 -0.2610737 -0.2673031 0.1742642 -0.0645382 0.0372837 -0.1034977 0.1365057 0.0952286 -0.4416697 -0.5559134 -0.5112323 -0.4405495 -0.1127099 -0.0647559 -0.1505976 0.0666925 0.0864460 -0.0273380 0.1521008 -0.2034962 -0.1802571 0.0541522 0.3514239 0.0908500 -0.0057068 0.2513908 0.0854080 0.5676142 0.5835418 0.2296083 -0.0490719 0.2286200 0.1322243 0.0640001 0.0659344 0.0441920 -0.0428563 0.0376196 0.0050229 0.2591632 -0.0716353 0.4158465 0.0361212 0.0292108 -0.0433293 0.0631895 0.1303195 0.3326153 0.3300546 0.0126107 0.0759559 0.3388636 0.1415801 0.5115437 0.1147376 0.2702827 0.3941563 0.4107363 0.2908663 0.3657931 0.3766224 0.1683491 0.1837861 0.4342755 0.6066229 0.4574401 0.5033918 0.4274908 0.1715303 0.4321527 0.4227873 0.1032048 -0.0286913 0.2176179 0.0315050 0.2188540 0.1424447 0.1974945 0.0481167 0.0465510 -0.1861018 0.1097799 0.0231704 -0.0256043 -0.3627054 -0.3346649 0.1374648 -0.1586853 -0.0757315 0.3211986 0.1597016 0.2363340 0.1278922 -0.0041396 0.5137131 0.1277298 -0.3383681 -0.1871184 0.3711139 0.3190982 0.0691653 0.2056053 -0.0993169 0.0391484 0.0080649 -0.3491331 0.1028395 0.0616060 0.2536121 0.1724367 0.1624700 0.4558317 0.0533192 -0.1508036
0.0039443 0.2509285 0.7667950 0.5882256 0.0058603 0.4764211 0.1387810 0.0000000 -0.1505491 -0.1970894 0.6194469 -0.1198221 0.7254109 0.3884203 0.6281735 0.7540738 0.6207079 0.5306731 0.4466994 -0.0243609 0.0038656 0.2032395 0.4405324 0.6568882 0.5488501 0.5381754 0.4753297 0.6399033 0.5547536 0.5520172 -0.0739997 0.6108285 0.3243326 0.2049581 0.2836314 -0.0593556 0.5571862 0.3471514 0.5513820 0.7310831 0.2360950 0.3668594 0.1658286 0.7416071 0.3940047 0.3420541 0.4560592 0.0565009 0.1514087 -0.2692209 0.5483398 0.5346343 -0.0026599 0.8495695 -0.1306726 -0.1551755 0.4482141 0.7145178 -0.0554372 0.5560706 -0.0239251 0.7896622 -0.1761955 0.4870697 0.5473506 0.2065668 0.5549236 0.7864566 0.1124309 0.5588564 0.5489180 0.2049450 0.5305700 0.5727964 0.4170229 0.5778522 -0.1060542 0.4809828 0.4569515 -0.1866957 0.3942523 -0.2270284 -0.2224727 -0.5150282 -0.5891020 -0.4239397 -0.0150051 -0.0318829 -0.3963338 -0.0534193 -0.0612232 0.0333234 -0.1384281 -0.1082570 0.3495208 0.2395573 -0.0751755 0.0783444 0.1034199 0.1085183 0.0422095 -0.5172538 -0.2847237 -0.0967303 -0.3530171 0.1296671 -0.2759312 -0.3317023 -0.1608626 0.0930361 -0.1062970 0.1157144 -0.0476526 -0.2098179 -0.2093740 -0.2936650 -0.2218436 -0.3018986 -0.3997760 -0.0208892 -0.0266453 -0.3281698 0.1634724 -0.2498587 -0.2690946 -0.0285048 -0.1045482 0.2877973 -0.1352101 -0.0696385 -0.0630075 0.1619615 0.0469067 0.2739404 -0.5430639 0.1631368 0.1165013 -0.0885504 0.1171521 -0.1088272 0.2831253 -0.0994044 -0.3546225 0.2363628 0.2301373 0.1252769 0.3932921 0.2297030 -0.0563858 -0.2537738 -0.2279620 0.0599364 -0.0472752 0.1410878 0.2249419 0.0505509 -0.3847830 -0.0109103 -0.2676882 -0.3315984 0.1540518 -0.1983671 0.1779713 -0.5082651 0.1450921 -0.0644685 0.0135808 0.1893008 -0.1535773 -0.1580488 0.3399132 0.3805949 -0.5110581 -0.4863980 -0.2299748 -0.7729090 -0.5700513 -0.3630764 -0.1096840 0.1007037 0.1485220 0.2906940 0.3016697 0.7519620 0.1066291 0.3443767 0.0847565 -0.0214969 -0.4329938 -0.4300750 0.0403866 -0.2594429 -0.6286967 -0.3214551 -0.0228803 -0.1636463 0.0048332 -0.7529030 -0.4204383 -0.0886625 0.2924994 0.5320976 0.5782974 0.1242102 0.3020881 0.3850689 0.0946793 0.3848410 0.5317980 0.3939941 0.4349347 -0.1234676 0.5089497 0.1923518 0.0767833 0.3192176 0.1877870 0.1746815
0.4420815 0.1703238 -0.3133951 -0.0751333 -0.2810116 0.1148293 -0.4898679 -0.1505491 0.0000000 0.9005193 -0.0696857 0.4234733 0.1386621 0.5302390 0.5218868 0.1076101 0.0822597 0.4119547 0.2145522 0.2723266 0.6090149 0.4827844 -0.3576541 0.1975356 0.1070798 -0.0085805 0.0428856 -0.1296926 0.4526247 0.1057271 0.3007400 0.1448259 -0.0437722 0.3033598 -0.1047165 0.4471974 -0.1071626 0.4183840 0.0546362 -0.1120068 0.1522222 0.3093518 -0.2163076 -0.1686146 0.0989134 0.1485751 0.1154613 0.3451072 -0.0120544 0.2990123 -0.1553138 -0.2144657 0.2492139 -0.2236133 0.6503091 0.5054730 -0.0425764 -0.2196788 0.4865250 -0.2179974 0.3405321 -0.0935763 0.5329526 -0.0167609 -0.1255613 -0.0915960 -0.1381446 -0.6199118 0.3424141 -0.0938824 -0.1339875 0.2619657 -0.3213967 -0.0859321 -0.0570204 -0.2522533 0.5048793 -0.0920330 -0.3653134 -0.1437534 -0.5015113 0.4774006 0.3127608 0.4414845 0.3764949 0.4038153 0.6665886 0.3775520 0.5071984 0.5870963 0.8278473 0.6292354 0.5091887 0.5022372 0.6212656 0.7091437 0.7151023 0.7947063 0.7432977 0.5111797 0.4657740 0.6212778 0.2842581 0.4689229 0.7512697 0.7481152 0.5630567 0.6016234 0.4636025 0.2880048 0.5741633 0.4681117 0.5325473 0.5870401 0.8073098 0.6222784 0.5095185 0.6396321 0.5286947 0.6640730 0.6804595 0.4985878 -0.0792616 0.8438310 0.7917405 0.5999663 0.2860854 0.5021516 0.6226164 0.4837223 0.6090295 0.1348233 0.0155267 0.3866420 0.3335073 0.4951829 0.5474892 0.6000930 0.6031815 0.6490755 0.6292623 0.7157037 0.3347056 0.3956496 0.5553185 0.2656684 0.5079588 0.5015302 0.6102294 0.6398456 0.7043654 0.4600432 0.2664353 0.7404570 0.4061265 0.4716158 0.4622783 0.0091465 0.3731293 0.3516639 0.3265922 0.3886234 0.0080225 0.1604669 0.3652379 -0.1693513 0.1758903 0.2397332 -0.0053665 0.3109649 0.2029343 0.2335899 0.2619610 -0.1372912 0.1965930 0.2108113 0.1123781 -0.0754126 0.4872248 0.2862273 0.2065233 0.3500709 0.4546661 0.1951766 0.6090910 -0.1206910 -0.0029902 -0.1016317 0.1692189 0.1589692 0.6095536 0.5646885 0.2161720 0.2025278 0.5332048 0.4446351 0.5601267 -0.1078266 -0.5967562 0.5468372 0.6689156 0.0482262 0.1069842 0.2935460 -0.1215549 -0.7894815 0.5085723 -0.2628354 0.2422701 0.0993288 0.3633339 0.4158143 -0.5551185 -0.2290522 -0.0492290 -0.1477964 -0.5602360 -0.3224739
0.3350140 0.1769977 -0.4483398 -0.0312668 -0.2272789 0.1373220 -0.5081574 -0.1970894 0.9005193 0.0000000 0.1662415 0.4130547 0.1693116 0.5726646 0.3692231 0.1713225 0.1628489 0.2590953 0.4126670 0.2853809 0.6075703 0.5795635 -0.3133700 -0.0278144 0.2098486 0.0810048 0.0792120 -0.3960792 0.4045848 0.1876823 0.1464269 -0.0292672 -0.3163205 0.2445147 0.0016635 0.5562067 -0.1023775 0.4588637 0.2301667 0.0625304 -0.0552701 0.4191474 0.0052271 -0.1180002 0.1866611 0.3004646 0.1101569 0.1494793 -0.2071789 0.3309435 -0.0878042 -0.0556513 0.2596658 -0.1721951 0.4999744 0.4865979 -0.0325225 -0.1100705 0.4341810 -0.0798457 0.5300165 0.0726688 0.5926877 0.0036901 0.0545578 -0.2577708 -0.0244705 -0.5434817 0.1738665 0.0800883 -0.1810315 0.4009879 -0.2188575 0.1599120 -0.2186066 -0.2289209 0.6193291 -0.1861469 -0.4916654 -0.2549250 -0.5398664 0.3985442 0.2817546 0.5489468 0.4229660 0.4281511 0.6202943 0.3127518 0.5427687 0.5938916 0.7983881 0.5527194 0.2207124 0.5018967 0.6147328 0.5853414 0.7842488 0.7334912 0.7184561 0.4434968 0.4394735 0.6521094 0.1289345 0.4359735 0.8663850 0.6345328 0.5189152 0.3857667 0.5268212 0.1381571 0.5915892 0.4313228 0.4005943 0.4750101 0.6927789 0.5921361 0.4934816 0.6731532 0.5355123 0.6362067 0.6326097 0.5025427 -0.3139559 0.8131713 0.8456619 0.6026206 0.3100846 0.4087878 0.6564469 0.5096854 0.7304486 0.0210050 0.0979546 0.3510052 0.5191796 0.4494349 0.6041562 0.7156848 0.6624779 0.6153520 0.5179503 0.6811372 0.6077621 0.2678855 0.6211259 0.1426366 0.4877981 0.5744795 0.7217437 0.5964255 0.7218583 0.3164111 0.3558112 0.6562534 0.3473081 0.4715035 0.6105200 0.1627869 0.6005464 0.5428848 0.3700344 0.3633343 -0.1348441 0.2777521 0.3058540 -0.3548312 0.0001111 0.2463297 0.0280418 0.2884861 0.1202324 0.2115712 0.0834156 -0.1212321 0.2887990 0.2937113 0.2890274 0.2523779 0.5977941 0.4591774 0.3714774 0.4587357 0.5173551 0.2395525 0.7323148 0.1132479 0.1611755 0.0921883 0.3977817 0.3528322 0.5688129 0.7285440 0.3448188 0.3966873 0.5415655 0.4764559 0.5017034 0.0333381 -0.3880753 0.5800843 0.5205001 -0.1952948 0.0401919 0.3031172 -0.3745815 -0.8893477 0.3485024 -0.4778605 0.0244056 0.0931052 0.1865863 0.4709637 -0.6811057 -0.2516192 -0.0042289 -0.2510347 -0.2486539 -0.1366698
-0.1112391 0.2453812 0.1917673 0.7264594 -0.3247828 0.6260661 -0.0396136 0.6194469 -0.0696857 0.1662415 0.0000000 -0.3196098 0.4727100 0.4062872 0.1654434 0.8056736 0.7615584 0.1150319 0.9089867 0.0002595 0.0201351 0.5030868 0.5047365 0.1286988 0.8587580 0.7156872 0.5357096 0.0683798 0.4657831 0.6604028 -0.1014409 0.4494558 -0.1386109 0.2286261 0.4987395 0.1101609 0.6085136 0.6613843 0.7871958 0.8883574 0.1928448 0.5429285 0.6348882 0.8205236 0.5592020 0.8070124 0.6190016 0.1859829 -0.1210581 0.0317317 0.7895578 0.7707881 0.0145981 0.6534249 0.0939548 0.2514728 0.6557756 0.7872031 0.0471255 0.8837285 0.3120135 0.9439429 0.3448168 0.4178206 0.5539139 0.1855211 0.8759539 0.5951973 0.2819316 0.8567758 0.5887058 0.5970767 0.7470965 0.7066936 0.3856182 0.7072066 0.5046008 0.5496350 0.3387425 -0.0878401 0.4093372 -0.2770271 -0.2435388 -0.3395018 -0.2689382 -0.1845719 -0.1008801 -0.1454778 -0.2936314 0.0116505 -0.0762187 -0.1688710 -0.4210504 0.1061730 0.3775531 0.1117580 0.1476198 0.2828816 0.1836608 0.2988557 0.1071230 -0.0677535 -0.2016856 0.2219024 0.0185420 -0.0433284 -0.0529080 -0.2559208 0.0982166 0.2698107 0.0364863 0.2503724 0.2255427 0.1373444 -0.0383422 0.1806636 0.2061049 0.0514828 0.1651866 -0.0162596 0.1543309 0.2048383 0.0056183 0.0879546 0.0930068 -0.0520037 0.3013265 0.2758207 0.0447431 0.2750384 0.3593524 0.0497320 0.3741965 0.1901790 0.0077544 0.1396589 0.3422604 0.1478185 0.2794020 -0.1503592 0.1249568 0.0240275 0.1835513 -0.0430585 0.2239338 -0.1446330 0.2969013 0.3894392 0.2739908 -0.0415808 -0.0924899 -0.2924141 0.1409425 0.1567841 0.1081674 -0.0479890 -0.0497232 0.1480241 0.2940322 -0.0659099 0.3331814 -0.1572938 -0.4105833 -0.4088168 0.0892151 -0.5797626 -0.4341242 0.3625432 -0.0476825 -0.2018534 0.1011497 0.3085451 -0.6438477 -0.4783492 -0.0011965 -0.5038649 -0.3346720 0.0289276 0.0027621 0.3388091 0.5770216 0.4792053 0.5344564 0.7490459 0.4716084 0.4734799 0.3085735 0.3352289 0.0409447 -0.0448888 -0.0221985 0.0430760 -0.2790371 -0.1292586 -0.1090076 -0.1523240 -0.1211987 -0.3856439 0.0057818 -0.0660060 0.0744752 -0.2186725 0.2013692 -0.0912731 -0.3968214 0.0526130 -0.3701118 -0.2048894 0.3349829 -0.0358031 -0.1109178 -0.1470817 -0.0191631 -0.3067664 -0.2308047 0.2274121 0.5579713 0.3638605
0.7488682 0.5081810 0.1031830 -0.0727825 0.2439713 0.0023495 0.0645038 -0.1198221 0.4234733 0.4130547 -0.3196098 0.0000000 -0.0589481 0.2317745 0.5205479 -0.2763818 -0.3491958 0.2274279 -0.3176475 0.0925880 0.7815184 -0.1775328 -0.2756045 0.0480996 -0.5022431 -0.1560133 0.0288764 -0.0466537 0.3838617 0.1486887 -0.3284207 -0.4430136 -0.1440356 0.0971687 0.2071393 0.7187941 -0.2538708 -0.3881579 -0.0030299 -0.0898258 -0.6531054 0.2446135 -0.0089484 -0.4007818 -0.1724340 -0.3497565 -0.2996412 -0.5281848 -0.2165695 -0.1751403 -0.4822005 -0.1548932 0.1302984 -0.2904601 -0.1612602 -0.2020905 -0.4127623 -0.4710653 0.0081326 -0.6208050 0.1229773 -0.1923878 -0.0616731 -0.2128238 -0.0081143 -0.5635496 -0.5961165 -0.4525412 -0.4698408 -0.3490736 -0.6854751 -0.1436526 -0.6309486 0.0487132 -0.7178294 -0.7173072 -0.2588944 -0.7851710 -0.8398798 -0.5829727 -0.8934750 0.8170453 0.7592048 0.8327311 0.6105365 0.5403468 0.7404744 0.7767799 0.7229844 0.7513180 0.4102210 0.2925771 0.3053874 0.5576174 0.1988227 0.2514117 0.6423164 0.1732732 0.5421800 0.0036845 0.6245297 0.2929720 0.3041254 0.2605074 0.6552362 0.7407866 0.4994660 0.3290290 0.4329315 -0.2776841 0.7337361 0.4611548 -0.1345523 -0.2270596 0.4207810 -0.0019307 0.1235616 0.5867239 -0.0323970 0.8123556 0.5112033 -0.0152616 -0.0847853 0.3825680 0.5843879 0.9005661 0.0078057 0.4526723 0.7530577 0.2268263 0.3755418 0.0129574 -0.1526175 0.5150699 0.0988515 0.5504522 0.3251923 0.6795163 0.4288221 0.8644248 0.2379688 0.6527319 0.4018156 0.6701258 0.3723909 0.6659726 0.2515818 0.3988635 0.2848137 0.5074633 0.6590427 0.4830738 0.3510621 0.4759107 0.3786728 0.4044988 0.7202902 0.2240358 0.3581581 0.7263524 0.4152217 0.6126942 0.1410529 0.7393359 0.4349700 -0.2045767 0.0065924 -0.0310225 0.2718847 0.6927473 0.1583641 0.3483056 0.6653128 0.6503425 0.6568477 0.5956312 0.6771666 0.4074887 0.7981908 0.5163658 0.2404260 0.2914269 0.1161682 -0.1814863 0.1059488 -0.0865703 -0.2688725 -0.5469123 0.2952586 0.4701062 0.8020155 0.7134665 0.6511370 0.7886421 0.9310302 0.9004605 0.8940769 0.3423607 -0.3812701 0.8875310 0.3867532 0.0433989 0.2230333 0.9010864 -0.1548687 -0.6637176 0.8505586 -0.3403693 -0.4132808 0.1326811 0.6702695 0.9224182 -0.5109248 0.5017366 0.6365523 -0.4734212 -0.3362572 -0.3433321
-0.1105954 0.0914813 0.5504379 0.0676321 0.3607488 0.2609367 0.0184449 0.7254109 0.1386621 0.1693116 0.4727100 -0.0589481 0.0000000 0.6556689 0.5146262 0.7894796 0.3275344 0.8173500 0.5236114 0.2009061 0.0659963 0.5330841 -0.0972286 0.4559714 0.4492014 0.1877414 -0.0662468 0.3693579 0.4675623 0.2089127 0.1503664 0.3288098 0.1508310 0.1163255 -0.2630582 0.1435663 0.0586406 0.5573046 0.1749804 0.4278041 0.2377686 0.5502516 -0.2881204 0.4290264 0.6088557 0.1676862 0.0629280 0.0669222 0.0360058 -0.3639998 0.1382215 0.0467477 0.1621829 0.5357224 -0.0586680 -0.2202491 0.1426550 0.6240992 0.3667627 0.3011660 0.5082746 0.4955782 -0.0877991 0.4157500 0.7810464 0.0120973 0.2988384 0.6232926 -0.0046292 0.3385349 0.2133903 0.1172853 0.3188892 0.6319637 0.0700847 0.4955546 0.0202814 0.2497033 0.3349221 -0.2277255 0.1778600 -0.2458533 -0.1444572 -0.2518255 -0.6926609 -0.1322361 0.2552061 -0.0517370 0.0190078 0.0808538 0.4404606 0.4825145 -0.3685059 -0.1169406 0.5163073 0.3871026 -0.0508206 0.0993212 0.3137621 0.1155542 0.0439564 -0.2032156 -0.3893593 -0.1687778 -0.1072905 0.1034352 -0.1620294 -0.4048819 0.1476276 -0.1174253 0.0055396 0.0417877 -0.2579070 -0.2678531 -0.2430807 -0.3895298 -0.3517782 -0.2712817 -0.4280454 0.0391531 -0.0348899 -0.3171057 -0.2136458 -0.1098646 -0.0603816 0.0579816 -0.0654199 0.1768468 -0.0087531 0.0894149 0.1846582 0.1240308 0.1467977 0.4257914 -0.0051871 0.3110223 0.4063017 0.2317850 0.4196090 0.0147280 0.6224019 0.0716469 0.0608419 0.2618186 0.7417776 0.0634985 0.7045832 0.4633983 0.4133943 -0.0574019 0.0799477 0.4195595 0.2938667 0.3344837 0.4286541 0.5051637 -0.1108200 0.4224398 0.0435040 0.0091408 0.2269819 0.0576927 0.5280094 -0.1832943 0.3287350 0.2082901 0.5131097 0.4356345 0.1068564 0.0721845 0.6697524 0.4942567 -0.6440400 -0.6005351 -0.3333952 -0.6013663 -0.3112172 0.0273446 0.1940181 0.3580515 0.1337210 0.5543481 0.5338560 0.8422526 0.4671264 0.6662970 0.5278371 0.3381985 -0.1718811 -0.2932090 0.0909649 0.0212213 -0.5972747 -0.0741447 0.1031761 -0.0365429 -0.0082030 -0.6519275 -0.3970280 0.0463253 0.1751059 0.5547842 0.7328145 0.1763294 0.3125343 0.0942314 0.1769641 0.2048194 0.4194911 0.6374588 0.4864760 0.0154707 0.3995560 0.1646520 0.3169547 0.1843607 -0.0557022 -0.0423882
0.4117436 0.5394950 0.1115296 0.2921516 0.1636290 0.6511589 0.1887910 0.3884203 0.5302390 0.5726646 0.4062872 0.2317745 0.6556689 0.0000000 0.5033399 0.6796699 0.3280114 0.6182152 0.5596651 0.7369711 0.2752358 0.8524649 -0.2212950 -0.0131377 0.3181324 0.1154482 0.1092018 0.0119073 0.4904984 0.4845785 0.5256352 0.1438226 -0.4010840 -0.2062342 -0.0627355 0.3254232 -0.1130313 0.5354559 0.3077591 0.4176876 0.2726412 0.5076073 -0.0523307 0.1181992 0.2648652 0.1517608 -0.0140698 0.1723097 -0.5361223 -0.3114224 -0.0097396 0.0536191 -0.3096268 0.1231411 0.0456601 -0.0911687 -0.0861649 0.0935058 0.7035070 0.1940828 0.5004805 0.3633636 0.4784168 -0.2168834 0.3847393 -0.2969407 0.0781854 0.0888267 0.0321974 0.0058059 -0.0760345 -0.0851481 -0.0887520 0.3445861 -0.1671211 0.1770602 0.1427858 0.0284131 -0.0069194 0.1034119 -0.2759810 0.1450877 0.1923578 0.0667101 -0.2426100 0.2472902 0.5055296 0.0458867 0.3102652 0.3482546 0.6985819 0.5930849 0.1318340 0.3630952 0.7640724 0.6756030 0.5811883 0.5050382 0.7171435 0.2979870 0.3337238 0.3316541 0.1833988 0.2313483 0.4506252 0.4513210 0.4006929 0.0351565 0.3900621 -0.0085821 0.4771965 0.3942365 0.0254453 0.0082176 0.1153026 0.0983987 0.2508841 0.3321935 0.1803911 0.5597494 0.5902961 0.2753260 -0.2721171 0.5111278 0.4718863 0.4668903 0.4593888 0.4761500 0.3976572 0.5925818 0.6984636 0.6284647 0.5697868 0.5110945 0.2421021 0.5917290 0.7337310 0.5844058 0.7853555 0.4933597 0.7477555 0.5534549 0.3808663 0.4548230 0.7202085 0.4079189 0.8087742 0.6605558 0.6803850 0.4177680 0.7007827 0.6944842 0.5318223 0.7028254 0.5308913 0.8551454 0.3400752 0.4831577 0.4353896 0.4693841 0.5643303 0.4298313 0.3264912 0.1653080 0.5806581 -0.0232211 0.3368324 0.6165962 0.2560291 0.3753309 0.6810509 0.5879570 -0.2322449 -0.3073298 0.2969574 -0.0981444 -0.1910704 0.1118832 0.4133280 0.4996798 0.3290883 0.6383013 0.6816820 0.7103667 0.7399107 0.4974810 0.4170038 0.3314873 -0.1686426 -0.2994394 0.5924966 0.4108887 -0.2253091 0.3039854 0.4932815 0.3799720 0.4475598 -0.5042518 -0.2537653 0.4768424 0.5073096 0.0742075 0.6692688 0.4357183 0.0375417 -0.5162173 0.2629111 -0.0443928 0.4606305 0.1425997 0.3834001 0.2720259 -0.0720092 -0.0198165 0.0405477 0.4255570 -0.1926346 -0.1507324
0.4817767 0.3884923 0.5005919 0.3130515 -0.0907608 0.2621394 -0.2167578 0.6281735 0.5218868 0.3692231 0.1654434 0.5205479 0.5146262 0.5033399 0.0000000 0.3521398 0.3361079 0.6375866 0.1254744 0.0840345 0.5967182 0.1836964 0.0165627 0.7212278 0.1417493 0.2412118 0.4036878 0.4097282 0.7408660 0.3994459 -0.0721902 0.3518591 0.2637230 0.3447530 0.1908571 0.3589172 0.2521944 0.1701920 0.3926047 0.3356523 -0.0083839 0.3783671 -0.0854030 0.2323016 0.1553499 0.0666704 0.2511566 -0.0210149 0.1225863 -0.0789777 0.0776145 0.1676130 0.2002213 0.4554958 0.1282914 0.0116417 0.0731361 0.1863498 0.0934283 -0.0543880 0.0464839 0.3922007 0.0107384 0.3246591 0.2512356 -0.1395455 0.0471592 0.0656669 0.0176533 0.1805620 0.0822211 0.1783052 -0.1001051 0.3471331 0.0616662 -0.0724643 -0.0490524 -0.0239535 -0.1994766 -0.4794362 -0.3157568 0.3976320 0.2423766 0.1357664 -0.0060643 -0.0452842 0.5756389 0.4501161 0.1386163 0.4917044 0.4943601 0.4944036 0.3906534 0.3121356 0.6229101 0.6637131 0.5034070 0.5160288 0.5664468 0.3334175 0.4412967 -0.0833461 -0.0312629 0.1702183 0.2886812 0.8062658 0.1661264 0.1503431 0.1577989 0.0218643 0.3891289 0.4165199 0.1844887 0.0541440 0.4143441 0.0575002 0.0815628 0.2347110 -0.1550674 0.5786908 0.4242405 -0.1267546 0.0945386 0.2882840 0.2978075 0.5736177 -0.0992665 0.5788157 0.3989870 0.1026164 0.2137675 0.1473560 -0.1979013 0.4843418 -0.3593459 0.4785673 0.3242979 0.3327410 0.4318086 0.5473769 0.5679098 0.4375650 -0.1059755 0.6114325 0.4619561 0.4860620 0.5703622 0.4513735 0.2002799 0.2204996 0.3339320 0.4303820 0.0852613 0.5645549 0.4876807 0.3133379 0.0645216 -0.1146741 -0.0810827 0.0634274 0.2612835 0.1515554 0.2193375 -0.1073088 0.3492961 -0.1139134 0.0958275 0.0340908 -0.1845542 0.1834481 0.2792719 0.3908731 0.0607292 -0.1943141 0.0928799 -0.2526618 -0.1509371 -0.3131126 0.3632560 0.2337601 0.1202889 0.3058128 0.3340647 0.4755396 0.2881144 0.0822708 -0.1254770 -0.3508181 -0.1655646 -0.0923482 0.6032912 0.2912440 -0.1300554 0.0406885 0.5510649 0.3704135 0.6108799 -0.4948931 -0.8829606 0.4810750 0.7979722 0.6043449 0.5402138 0.5528718 0.2593800 -0.2712035 0.7455963 0.1965046 0.3737650 0.4647944 0.7959015 0.4345591 0.0020871 0.3670617 0.2879616 -0.0360924 -0.3373238 -0.1734155
-0.0185514 0.2661683 0.4062535 0.5392141 -0.0232330 0.6877361 0.1520756 0.7540738 0.1076101 0.1713225 0.8056736 -0.2763818 0.7894796 0.6796699 0.3521398 0.0000000 0.6293507 0.5974128 0.8635791 0.1926006 -0.0115871 0.6439533 0.3078635 0.3185873 0.8188737 0.5903245 0.2844179 0.4259581 0.5488785 0.6100812 0.2234285 0.6137014 0.0760981 0.1930739 0.1704819 0.0868882 0.4392797 0.7944856 0.4906345 0.7592694 0.4420018 0.6082938 0.2113476 0.7695685 0.6450458 0.6129776 0.4766735 0.3590390 -0.0338444 -0.2010342 0.6035611 0.4701113 -0.0211520 0.5664096 0.1864648 0.1305656 0.5682478 0.7311006 0.3574017 0.7487783 0.3895101 0.7659114 0.2374416 0.3283159 0.6079174 0.3202484 0.6724863 0.6416463 0.3993634 0.5898607 0.5350654 0.3398580 0.6486501 0.5395185 0.3736810 0.7782747 0.3551897 0.6116655 0.5516148 0.0589258 0.4259519 -0.2857471 -0.1955920 -0.4499495 -0.5630968 -0.0743808 0.0641262 -0.1056217 -0.1460515 0.0315865 0.1732422 0.0905990 -0.3051956 0.0554673 0.4717242 0.2816624 0.0451511 0.2544676 0.3395470 0.2590909 0.1271338 -0.0509541 -0.0758673 0.1645731 -0.0881224 0.0118498 0.0184003 -0.1387315 0.1555056 0.3577819 0.0831852 0.2588740 0.1200484 0.0453128 -0.0791058 -0.0058762 0.0383774 -0.0531101 0.0396803 0.0510447 0.2097146 0.1279495 0.0367805 0.1205905 0.0896216 0.0036088 0.3338008 0.3638306 0.0623556 0.3754988 0.3980667 0.2697341 0.4600424 0.4195576 -0.0068489 0.3393122 0.4995641 0.2422587 0.4151334 -0.0710124 0.4724400 0.1468019 0.0553216 0.1743507 0.5232779 0.0051316 0.5676341 0.4825473 0.4203857 0.0660603 0.0581470 0.1456736 0.2736662 0.3905803 0.2882788 0.3248128 -0.0599895 0.3568577 0.2148180 -0.0607261 0.4514864 0.0650438 0.0784787 -0.3558937 0.3422398 -0.1997770 0.1124076 0.6626442 0.1671584 0.0292310 0.5815781 0.5684544 -0.6246390 -0.5824923 -0.1403143 -0.6706462 -0.5037084 -0.0867952 0.0569016 0.3911608 0.4649358 0.6495514 0.6745085 0.9293615 0.5247991 0.4654723 0.3629214 0.2929754 -0.2663505 -0.3535122 0.0714641 -0.0768452 -0.5729638 -0.1618846 -0.0062468 -0.0935226 -0.0496433 -0.6799689 -0.1573152 -0.0171344 0.1223928 0.1106128 0.5228716 0.0094864 -0.0439204 0.0800939 -0.1806937 -0.0124932 0.5812505 0.1702220 0.2122427 -0.1499240 0.2024371 -0.3031012 -0.1149200 0.3867031 0.1754982 0.1134794
-0.2330735 -0.0447838 -0.0068790 0.6721180 -0.4008026 0.4286288 -0.2488995 0.6207079 0.0822597 0.1628489 0.7615584 -0.3491958 0.3275344 0.3280114 0.3361079 0.6293507 0.0000000 -0.0217304 0.6579107 0.0670864 -0.1948937 0.3833178 0.6837227 0.3336667 0.8182751 0.7937057 0.8249037 0.1523231 0.2231613 0.7190664 0.0515558 0.7292382 -0.0412826 0.1319303 0.4974244 -0.3155411 0.7798443 0.4555309 0.8783563 0.8124538 0.2612749 0.0317348 0.5139412 0.7195437 0.0669028 0.7746921 0.8129670 0.1844215 -0.0062110 0.4430319 0.8061887 0.8082796 -0.1129627 0.8113703 0.1589085 0.4253251 0.5981078 0.5472962 -0.1951279 0.8172351 -0.2117346 0.8277056 0.1822505 0.3238677 0.0594860 0.2742378 0.7223954 0.3588484 0.3895528 0.6774143 0.8034136 0.5367681 0.6230264 0.2956240 0.6155132 0.4613604 0.3892883 0.6484076 0.3456321 0.1039332 0.4409683 -0.4532113 -0.5889425 -0.5527319 -0.2918952 -0.5912265 -0.3460324 -0.3952166 -0.6309075 -0.2979453 -0.1007914 -0.1468752 0.0773690 -0.2103545 0.2667596 0.1545269 0.2025540 0.3175174 -0.0467425 0.0752996 -0.2477677 -0.3558450 -0.3410518 -0.0828003 -0.1208351 0.0283724 -0.3331701 -0.2125360 -0.4015247 0.3314937 -0.2612977 -0.0775480 0.2959168 0.2303147 0.0459310 0.2318826 0.1010283 -0.1395425 0.1388154 -0.1401529 0.0312725 0.0468180 -0.1594845 0.0389215 -0.0810910 -0.2181116 -0.0468930 0.0293981 -0.2306849 -0.0927452 0.0183983 0.0514527 -0.0019057 -0.2254789 -0.4576896 -0.2300527 -0.0698496 -0.1972977 -0.0621397 -0.2804261 -0.0589667 -0.2116621 -0.3126899 -0.3099984 -0.0765337 -0.3594465 0.0248477 -0.0494705 -0.1375679 -0.3426821 -0.2218854 -0.3616449 -0.4073868 -0.0537606 -0.2645476 -0.1820363 -0.3593088 -0.4101217 -0.2037746 -0.3812838 -0.1086418 -0.5378551 -0.2598760 -0.6643156 -0.3244232 -0.3142846 -0.3940168 -0.0472727 -0.5743892 -0.5654864 -0.2062947 -0.1352173 -0.5942895 -0.6333467 -0.2324756 -0.6684204 -0.6559794 -0.3975538 -0.3675716 -0.1893363 0.0832696 -0.0055018 0.0993846 0.4939902 0.1450337 0.0460539 -0.1254578 0.1119754 -0.4131816 -0.4107828 -0.1529827 -0.2672958 -0.5063779 -0.4118531 -0.2730346 -0.4014944 -0.2095573 -0.7061483 -0.1471781 -0.2935495 0.3464322 0.0501285 -0.0640859 -0.3172489 0.0324998 0.0811130 -0.3469763 0.2536605 0.4149609 0.1702578 -0.2128651 -0.4182867 0.1989974 -0.3765002 -0.5852282 0.3045131 0.5493194 0.6733461
