0.0000000 0.8345752 0.8976587 0.2945904 0.7262149 0.0636052 0.1240622 0.6196418 0.1059385 0.4320483 0.4322580 0.0728065 0.7481332 0.4015933 -0.0465442 0.4040363 0.4074381 -0.0706824 0.3881741 0.5936316 0.1584957 0.4919917 0.4360627 -0.1091027 0.4199127 0.5129707 0.4122769 -0.0943328 -0.2445909 0.1911176 0.5215540 0.3975677 -0.3013673 -0.2855403 0.3261221 -0.3526487 0.4747338 0.4060235 0.3097531 0.2925618 0.4205066 -0.2465786 0.3004763 -0.4172486 -0.2933530 0.2437094 0.1831637 0.3466362 0.0675101 0.0220886 0.2509888 0.3115708 -0.0448172 0.3501300 0.1857318 0.2034982 0.2785132 0.3825639 0.1115896 0.1895887 0.1346502 0.2998685 0.4614425 0.3651138 0.1895123 0.1565676 0.1782868 0.4051285 0.3685576 0.3697489 0.0625174 0.0766232 0.3798986 0.4620343 0.1932186 0.4855488 0.2596848 -0.2450641 0.5255665 0.4975349 0.0419247 -0.4472184 -0.3198031 -0.3490225 -0.4140908 -0.2071178 -0.0865108 -0.3104376 -0.3481395 -0.2020054 -0.2489113 0.1999742 0.1380370 -0.3832265 -0.3248706 -0.0304156 0.0901954 0.1023442 -0.1678708 -0.2171584 -0.3001542 0.0807786 0.0331665 -0.2242400 -0.1058764 -0.0672934 -0.1941156 0.1193057 -0.0608933 -0.0126329 -0.1338097 0.0121719 0.1675155 0.1282410 0.2180219 0.1050368 0.2057047 0.2850165 0.2503390 -0.0759333 0.0648459 -0.0884593 0.0493094 0.5727914 -0.3057518 -0.3433662 -0.0669433 0.2002398 -0.4845629 0.0368182 -0.1889767 -0.1280684 -0.1422891 0.2357891 -0.1749811 0.1476984 -0.0913050 -0.4129686 -0.2434395 0.1705435 0.0006547 -0.0911642 0.1969093 0.0173052 -0.3838678 -0.0183544 -0.2514677 -0.3071380 -0.2730533 0.0463776 0.0895925 -0.0994995 -0.2211209 0.0148265 -0.1963639 0.2714957 0.0134178 -0.1386701 0.0750419 0.0273269 0.1801974 0.0868384 0.0336947 -0.0229088 -0.0422054 0.0291957 -0.0566089 -0.3107712 -0.0315249 0.0446945 -0.1932791 -0.1265105 0.3802344 0.6111688 0.6659576 0.6496562 0.3090481 0.7321157 0.3414691 0.0715569 0.1634312 -0.3563100 -0.2268117 -0.4461064 0.0472032 0.4472670 0.2779818 0.4355742 0.2646782 0.0423654 0.0227030 0.1947873 0.6544688 0.1707613 -0.1648565 0.0609862 -0.1940587 0.5721616 0.4933002 -0.3035842 0.3940525 0.1750910 0.1825460 0.2800052 0.3885303 0.1467149 -0.4825466 0.2886756 0.0455477 0.1063156 -0.0432322 0.6099352 0.2232209 0.4896255 0.0088198 0.4245329 0.1310221 0.4400100
0.8345752 0.0000000 0.8133111 0.4852291 0.5576902 0.3663621 0.4549622 0.6497231 0.4634777 0.5572162 0.4845331 0.3635767 0.6374405 0.3899623 0.3415152 0.2869431 0.3103160 0.1010027 0.1784294 0.4976169 0.4557222 0.2381646 0.4266368 0.1982918 0.1651687 0.2092425 0.5001158 0.0669192 0.1011869 0.1886110 0.2291260 0.0527494 -0.0713929 0.0465855 0.1172900 -0.1730091 0.1096640 0.0579202 0.2155052 0.2243445 0.1558000 -0.1329743 0.1375389 -0.3624770 -0.0489220 -0.0901586 -0.1074299 0.0579849 0.2743290 -0.1897151 0.0128650 0.1921584 0.2551669 0.2877275 -0.1324025 -0.1146622 -0.0270374 0.3144702 -0.0693560 -0.0098431 0.1475384 0.2629750 0.1199708 0.5475147 0.3910546 -0.1126120 0.0778010 0.4232565 0.0000717 0.4514043 -0.1157221 0.3865966 0.3863320 0.4939896 0.0076161 0.5093999 0.4657645 -0.2143539 0.6679032 0.4085449 -0.0228298 -0.2447026 -0.1770286 -0.2298747 -0.1678435 -0.1319404 -0.1821166 -0.2516681 -0.2741416 -0.0574012 -0.3192146 0.1124774 0.2496781 -0.2536047 -0.3808425 -0.1118375 0.0314238 0.0672975 -0.2388118 -0.1867279 -0.1471511 0.0542532 0.0382058 -0.0077618 -0.2449318 -0.2292607 -0.1754814 0.0877753 -0.1875864 -0.0978056 -0.1683432 0.1354942 0.1905700 0.0785017 0.2377728 0.1195195 0.1747284 0.2368931 0.2400235 -0.0556258 -0.0124931 -0.0735420 0.0313783 0.6817815 -0.3266820 -0.2708458 -0.1481480 0.0829644 -0.4582439 0.0196514 -0.2418432 -0.0843469 -0.2949075 0.2896607 -0.2713064 0.0482190 -0.1598640 -0.4590589 -0.3037853 0.1130434 -0.0735514 -0.2327905 0.1035243 0.1560493 -0.3248184 0.1018076 -0.4024305 -0.3889979 -0.2565083 0.0081437 0.1247085 0.1202629 -0.3557738 0.0705852 -0.2950121 0.2660943 0.0460516 -0.1165319 0.1373320 -0.0065514 0.1126411 0.0565865 0.1666529 -0.0880214 -0.1789464 0.1466232 0.0224805 -0.2661900 -0.0168096 -0.0385451 -0.2046873 -0.0802060 0.2873512 0.5971181 0.7246691 0.6802650 0.4225724 0.4450036 0.3402235 -0.2642332 -0.2364723 -0.4745987 -0.1946514 -0.3761458 -0.0250905 0.3612986 0.1560544 0.2376454 0.2577455 0.0957739 0.1818108 0.2188268 0.3982756 0.1993473 -0.0533923 0.0861829 -0.1266853 0.2835328 0.2915116 -0.1967770 0.1374145 0.0647819 -0.0266896 0.0906343 0.1992497 0.0973277 -0.3543987 0.0082180 -0.1178885 -0.1175015 -0.2355807 0.5354747 -0.0336279 0.2850128 0.1192987 0.2361095 0.1629125 0.4964735
0.8976587 0.8133111 0.0000000 0.4204197 0.8697809 0.0776976 0.0852042 0.7710997 0.2968946 0.4565625 0.5405972 0.1864039 0.8628500 0.2841688 0.1387922 0.4644421 0.3956263 -0.1269864 0.4416504 0.7062342 0.2211632 0.5808908 0.5537893 -0.0221378 0.5246926 0.5551477 0.2416423 -0.1717631 -0.1308126 0.0973507 0.5562588 0.5206300 -0.2641845 -0.1347116 0.4067511 -0.3514808 0.5332682 0.4840291 0.4109221 0.3060648 0.5247139 -0.1186036 0.4160498 -0.4288031 -0.1306871 0.3378864 0.2977895 0.4565594 0.2036555 0.0962827 0.3604638 0.3532757 0.2155423 0.3460097 0.3085220 0.3113126 0.3953716 0.4306569 0.2721151 0.2972835 0.3829981 0.4255422 0.4948809 0.5494038 0.4861696 0.2450521 0.3321760 0.5395038 0.3863159 0.5058218 0.2059980 0.2698488 0.5353400 0.6519868 0.2879679 0.6728995 0.3652763 -0.0155939 0.6010145 0.3972179 0.1921367 -0.5664259 -0.4699359 -0.5132304 -0.5030415 -0.4152879 -0.2676637 -0.4255889 -0.4829683 -0.2708465 -0.3205394 0.0961796 -0.0125335 -0.4905322 -0.4028384 -0.0930433 0.0810261 -0.0341310 -0.2757351 -0.2173524 -0.3963953 -0.0701292 -0.2119042 -0.2588129 -0.0814395 -0.1814964 -0.4652453 -0.1383429 -0.1665414 -0.3387668 -0.2355726 -0.2907468 -0.0349062 -0.0510375 0.0287091 -0.1218534 0.0568301 0.1084451 0.0032481 -0.2644588 -0.0612675 -0.2280368 -0.1568346 0.3180847 -0.3795525 -0.3596466 -0.1496566 0.0640334 -0.4977184 -0.1804557 -0.3163940 -0.1569626 -0.1904904 0.1897754 -0.2477939 -0.0236210 -0.2138058 -0.4298738 -0.2906036 0.1503616 -0.0646096 -0.1906546 0.2816494 -0.0593526 -0.4068543 -0.2805557 -0.3885732 -0.4001540 -0.1829211 0.0659601 0.1650851 0.0816471 -0.3651181 -0.0972859 -0.3373858 0.3366180 0.1362381 -0.1405712 0.1876654 0.1219735 0.0553687 0.1301395 -0.0888575 0.1002429 -0.1525313 0.1629940 -0.2385377 -0.1852294 -0.0025797 0.1148523 -0.1310073 -0.0343426 0.3836735 0.4556150 0.4765289 0.4847944 0.2851798 0.5963911 0.4420066 0.1446262 0.1889374 -0.1965518 -0.0624416 -0.2685872 0.2364838 0.6639604 0.4119943 0.4817211 0.2684183 0.0605605 -0.1877114 0.1380266 0.4193808 -0.0975265 -0.2588745 -0.0943626 -0.2983366 0.3455506 0.4152162 -0.3278369 0.2517024 0.0553810 -0.0929244 -0.0771829 0.2995174 0.1177275 -0.4573000 0.1758331 0.0275380 -0.0261896 -0.2411162 0.4223213 0.0341123 0.1771963 -0.1444306 0.3144686 0.1342616 0.4993094
0.2945904 0.4852291 0.4204197 0.0000000 0.3215779 0.6716550 0.0648827 0.7750125 0.8669806 0.6346708 0.8258759 0.4686577 0.5931064 0.1496173 0.6023849 0.3197650 0.2257389 0.2730317 0.3133890 0.4814603 0.3845471 0.3428319 0.3866378 0.3584521 0.2585806 0.1433880 0.0489510 -0.1218755 0.4003172 -0.0471725 0.3080222 0.2303925 0.0144016 0.4597154 0.1136581 -0.0392195 -0.0374864 0.0170385 0.2871874 0.3525156 0.2258694 0.2141790 0.1741813 -0.1982889 0.2977124 -0.0262269 -0.1639689 -0.0343367 0.7256636 -0.1550790 -0.0325367 0.2018820 0.8061019 0.4390898 0.0976237 0.0792279 0.0215076 0.5490575 0.2349172 0.0097770 0.4320579 0.3376384 0.4301161 0.8702091 0.7048400 0.1299732 0.2329303 0.5058089 0.2684007 0.6506346 0.2001303 0.7467573 0.3032203 0.7470011 0.2981667 0.5768871 0.5530476 0.4976535 0.4231511 -0.0586302 0.5530703 -0.1542544 0.0252891 -0.0019107 -0.0017038 -0.0194786 -0.4014978 -0.1245231 -0.0810410 0.0213534 -0.1810943 -0.0753068 0.1027396 -0.1886530 -0.1780768 -0.3003235 0.1288818 0.0149265 -0.2178462 -0.0604240 -0.1970816 0.1039342 0.0194639 0.1077084 -0.1774232 -0.2677453 0.0254553 -0.0722189 -0.2110137 0.0187713 -0.1376226 -0.2867160 -0.0416640 -0.0154598 0.0560879 -0.0291962 -0.0022899 0.0733933 0.0248496 0.1983452 0.0438156 0.0741537 -0.0932196 -0.0193993 -0.1127147 0.0910971 -0.0413090 -0.0139390 -0.0617864 -0.0706907 -0.1389501 0.2220458 -0.1756513 0.4556290 -0.0250193 -0.2279512 -0.0549541 -0.1335354 -0.1305599 -0.0590251 0.2036069 -0.2914808 0.4578993 0.1706009 -0.0267497 -0.0685391 -0.1665774 -0.2022571 0.1337346 -0.0341297 0.2780013 0.2067021 -0.0612661 0.3520318 -0.0886230 0.5180387 0.4702819 0.1094068 0.5320763 0.2872170 0.0507823 0.3016368 0.2839412 0.2797109 -0.0172179 0.4373546 -0.0682832 0.1975265 0.1354901 0.2151045 0.0936234 0.1602142 0.2799474 0.0235165 -0.1323768 -0.1412019 0.0545918 -0.1665368 0.1439910 -0.1947437 -0.3186910 0.0431176 0.2648861 0.2407534 0.3213848 0.5190078 0.4166443 0.2818547 0.1929228 0.1064638 0.1461100 -0.0741014 -0.2545779 -0.2156295 0.0750479 -0.0229341 -0.1470837 -0.1752754 0.1593012 0.0424976 -0.2850712 -0.0465586 -0.3478374 -0.3431161 -0.2042547 -0.2444871 -0.2267801 -0.5706223 -0.2225713 -0.3256269 -0.4979907 0.0460329 -0.3106547 -0.3283682 -0.2684520 -0.3383281 -0.0030648 0.2457923
0.7262149 0.5576902 0.8697809 0.3215779 0.0000000 -0.1070118 -0.0117813 0.7224022 0.2905338 0.2979179 0.4792919 0.2284284 0.8282780 0.1302421 0.2349093 0.5604113 0.2495991 -0.1829545 0.5987419 0.5107858 0.2263653 0.6680099 0.5061009 0.0537548 0.5988486 0.6165454 -0.0201230 -0.2377786 -0.0885334 -0.0300661 0.5474373 0.5836300 -0.2117213 -0.0622793 0.4417366 -0.1884300 0.6302437 0.6432120 0.4079378 0.2123878 0.5459928 0.1174472 0.4734798 -0.4526124 -0.0258390 0.5386088 0.5333311 0.5610265 0.1392421 0.3115545 0.5371517 0.3162166 0.2419947 0.2343699 0.5373015 0.5642735 0.5935167 0.3598680 0.4752297 0.4755824 0.5406383 0.4820120 0.5982220 0.4633391 0.4824453 0.3999365 0.5452627 0.5313565 0.5076584 0.4332639 0.4352457 0.1912842 0.6262813 0.7099072 0.4596772 0.6316540 0.2612322 0.1031317 0.4261418 0.3329018 0.3181619 -0.5746602 -0.4745967 -0.4653144 -0.5063461 -0.3628007 -0.0654900 -0.5799114 -0.4334510 -0.2688585 -0.3727065 -0.0313096 -0.0824667 -0.4721121 -0.3276215 -0.1256776 0.0637232 0.0353548 -0.1744820 -0.0522399 -0.3527756 0.1112286 -0.2224861 -0.2925639 -0.0694414 -0.0991725 -0.3934038 -0.2483839 0.0635114 -0.4388258 -0.1926276 -0.4260615 -0.1793337 -0.1224190 -0.0860022 -0.2189263 -0.0241637 -0.0809351 -0.0749487 -0.1612816 -0.1012511 -0.2815646 -0.2252410 0.0839647 -0.1795396 -0.2838138 -0.1099954 0.0936766 -0.3156125 -0.2745815 -0.2184034 -0.0864949 -0.0245622 0.2684893 -0.0734693 0.0834071 -0.0581473 -0.1457792 -0.1849543 0.2503458 0.0160173 0.0056451 0.4477658 -0.0269144 -0.1411794 -0.3415587 -0.2159377 -0.2164712 -0.1166724 0.2365964 0.3237913 0.2233289 -0.2095234 0.0248667 -0.2386382 0.4743742 0.0892537 0.0926860 0.2253531 0.3291454 0.1761900 0.2302832 -0.0079776 0.2078144 -0.0063285 0.4006349 -0.2369086 -0.1204241 0.0638709 0.1771210 0.0673397 -0.0004556 0.4518638 0.2450968 0.2445975 0.2301988 0.2237707 0.6017888 0.6128828 0.4931328 0.4586216 0.1531665 0.1228536 -0.0914979 0.4777709 0.7938747 0.6305992 0.6932160 0.3420391 0.0210256 -0.2113754 0.1155792 0.3700858 -0.1542463 -0.2197608 -0.1358848 -0.2691792 0.3343242 0.5269185 -0.2634025 0.2020307 -0.0679053 -0.1343492 -0.1910076 0.2734035 0.2433940 -0.3137751 0.0487475 -0.0387694 -0.1202742 -0.2393771 0.3036659 0.1002433 0.1139421 -0.1794627 0.2603208 -0.0120799 0.4214145
0.0636052 0.3663621 0.0776976 0.6716550 -0.1070118 0.0000000 0.0710863 0.3177985 0.6933101 0.4302345 0.3570095 0.2623140 0.0887310 0.3876438 0.4085847 -0.1208260 0.3109256 0.5179702 -0.1952396 0.1877860 0.3019010 -0.1413877 0.1162237 0.4898983 -0.2256230 -0.1655085 0.2343576 0.2908797 0.5204648 0.1485152 0.0353897 -0.1369675 0.3848030 0.5665483 -0.0799064 -0.0302414 -0.2630801 -0.3957865 -0.1337525 -0.0497157 -0.1403435 0.0117422 -0.1880401 0.2062796 0.2892787 -0.3663520 -0.4518361 -0.3542551 0.4339572 -0.4320151 -0.2734785 -0.1667045 0.4090491 0.0769017 -0.2530153 -0.2293876 -0.3033674 0.1507151 -0.1524469 -0.2268324 0.0791380 -0.0845431 0.1222308 0.4194319 0.3491091 -0.1659516 -0.1183393 0.1672427 -0.0318973 0.1796879 -0.0121830 0.3952278 0.0088743 0.2375775 0.0182111 0.1987958 0.2167922 0.3308600 0.1362389 -0.2097675 0.2560630 0.0822599 0.1984140 0.1675620 0.2404501 0.1673598 -0.3215696 0.1503067 0.1209126 0.1264947 0.0541792 0.0600895 0.4849253 -0.0280938 -0.1641141 -0.1567148 0.0881397 0.2857427 -0.2697046 -0.3881634 -0.1622363 0.2143525 0.2156531 0.1350262 -0.0664375 -0.2583719 0.3406325 0.2803389 -0.0993148 0.3231657 -0.2035220 0.1787177 0.4267606 0.3047137 0.2880972 0.3367819 0.2204245 0.2029878 0.2135518 0.3957169 0.2874861 0.3399891 0.2397167 0.2385664 0.0341230 0.2327060 0.2542961 0.0827217 0.1998864 0.3759813 0.2053154 0.2614182 -0.0546306 0.2428024 -0.0545049 -0.0841690 0.1097125 0.1040156 0.1127901 -0.0910229 0.0980052 -0.1527182 0.2252302 0.1453356 0.1216751 0.3910293 0.0654812 -0.0258812 0.0460306 -0.0126207 0.0890795 0.1010166 0.1738809 0.4422349 0.0558224 0.3189128 0.3903154 0.1320311 0.3834505 0.1044459 0.1490242 0.1796300 0.3881476 0.1630551 0.0822525 0.2758475 0.3574024 0.1529069 0.2276649 0.0456773 0.0517895 0.1287307 -0.0459703 -0.0021334 -0.1315973 -0.1410307 -0.1263295 -0.4190465 -0.3288360 -0.5474692 -0.5677868 -0.2321037 -0.0294026 -0.0150557 -0.0679744 0.1738336 -0.1251602 -0.0554206 -0.1072745 -0.0351153 0.3090478 -0.1581192 -0.3903673 -0.0997053 0.1887313 -0.0195486 -0.0661873 -0.2704189 -0.1588012 0.0999426 -0.3403204 0.0578439 -0.1061346 -0.1468248 -0.3782291 -0.5211427 0.1147529 -0.4135906 -0.1417830 -0.2195576 -0.2392922 -0.1233318 -0.4714844 -0.2831754 -0.0864894 -0.4472426 0.3503899 0.2816592
0.1240622 0.4549622 0.0852042 0.0648827 -0.0117813 0.0710863 0.0000000 0.0303385 0.2561929 0.0166461 -0.0946076 0.7463067 -0.0009830 0.1186926 0.5787147 -0.2237470 -0.4414583 0.3869319 -0.2583529 -0.2703010 0.6751447 -0.3071408 -0.2235917 0.5808273 -0.3758449 -0.4659448 0.2065960 0.4747741 0.4186305 0.0947309 -0.4849773 -0.6155444 0.4533631 0.4395051 -0.5315223 0.1999542 -0.5481168 -0.4157178 -0.2813507 -0.2038937 -0.3635212 0.0435674 -0.4018906 0.0574799 0.3389306 -0.5392128 -0.4219353 -0.3727403 0.1732409 -0.2726153 -0.4017470 -0.3605499 0.2801983 -0.3807586 -0.4851557 -0.5416838 -0.4430883 -0.3941419 -0.4304183 -0.3467121 0.0186615 -0.2193183 -0.5325978 0.0937303 0.1533941 -0.4859563 -0.1707012 -0.2125568 -0.5459251 -0.0774228 -0.4138383 0.3293961 0.0120446 0.1429410 -0.4002404 -0.0671140 0.4985601 -0.3837496 0.3998979 0.2858675 -0.1731462 0.4742586 0.1805283 0.1192118 0.2776009 0.1286014 0.1951382 -0.0077843 0.1111571 0.3124248 -0.3277508 -0.2029366 -0.1112956 0.2052203 -0.0552572 -0.1356113 -0.1394283 -0.2308937 0.1247022 0.2119440 0.4023668 -0.0236617 -0.0345626 0.3127087 -0.2538330 -0.1389587 -0.0609784 -0.1095999 0.0784853 -0.2370845 0.2085830 0.2890384 -0.3180828 -0.4252568 -0.2656558 -0.2714407 -0.3614819 -0.2762915 -0.1685694 -0.1691739 -0.5339725 -0.4779255 0.0110227 0.4735904 -0.3545235 0.0887952 -0.5976337 -0.0027813 -0.2244966 -0.3390872 -0.5164596 -0.0002666 -0.5070596 0.1051116 -0.0470366 0.1037038 -0.4581462 -0.4003168 -0.5696335 0.2322872 -0.0542819 -0.0151449 -0.2995933 0.3969184 -0.0419131 0.1399577 -0.5427686 -0.4102221 -0.0932910 0.0239872 0.1498550 0.3635960 -0.4131271 -0.0237852 -0.4311563 -0.0470535 -0.1960594 0.0793321 -0.1502821 0.0721755 -0.2207429 -0.1666838 0.2133023 -0.1147723 -0.3313215 0.1460725 -0.0014916 -0.1240753 -0.0452126 -0.1044201 -0.0901713 -0.1009269 0.2293760 0.3007683 0.6327445 0.5897500 0.7501524 0.0270474 0.4911652 -0.2751903 -0.4021977 -0.3479222 -0.2578426 -0.2289470 -0.2164680 -0.1987732 -0.2134306 -0.2508367 0.3771054 0.4453919 0.3849535 0.5165082 0.0673474 0.4121913 0.3481336 0.3918693 0.4261072 -0.2344166 0.0368116 0.3102340 -0.1150888 -0.0665848 -0.0241077 0.1614246 0.2566306 0.5228726 -0.0033618 -0.3152318 -0.0217335 -0.2166225 -0.0475404 0.3853102 0.1494087 0.2173558 0.4951962 0.0217613 -0.1287112 -0.1159165
0.6196418 0.6497231 0.7710997 0.7750125 0.7224022 0.3177985 0.0303385 0.0000000 0.6435845 0.5002442 0.7907520 0.2919895 0.9248497 -0.0258816 0.4211017 0.5526541 0.2564583 -0.0850699 0.5731114 0.6568185 0.3510542 0.6381636 0.5144374 0.0901381 0.5836775 0.4567956 -0.0828952 -0.3473068 0.1840298 -0.1695638 0.5530905 0.4977428 -0.3104735 0.0744351 0.4054565 -0.0014334 0.4209777 0.4362253 0.3583454 0.2646816 0.5557272 0.2504914 0.4025420 -0.5568828 0.1423314 0.3231934 0.2536786 0.3830522 0.4050015 0.1200757 0.3242344 0.2967505 0.5850700 0.4064535 0.4401051 0.4005319 0.4429917 0.5194499 0.3301124 0.3094686 0.5242535 0.5368767 0.5941730 0.7935472 0.7875874 0.4011464 0.4598206 0.6485299 0.5042799 0.6582359 0.3974392 0.4759542 0.5822878 0.8430068 0.5206759 0.7565341 0.4327343 0.4884564 0.4701990 -0.0173201 0.4738804 -0.4162432 -0.1777609 -0.2116737 -0.2756946 -0.2014001 -0.2352507 -0.2814742 -0.2285101 -0.0245418 -0.0791831 0.1692495 0.0424566 -0.2765797 -0.0739579 -0.0163509 0.1978389 0.0053063 -0.1149762 -0.0314394 -0.1918959 0.0682056 -0.0693495 0.1615403 -0.0279765 -0.0086809 -0.2027946 -0.1106759 -0.0952307 -0.2150147 -0.0172921 -0.4731428 -0.0824100 0.0307438 0.0750355 -0.0915525 0.1095408 0.1401521 0.0454532 0.0367338 0.1013855 -0.0156353 -0.2782983 0.0294734 -0.0844056 -0.3405135 0.0255886 -0.0763130 -0.4203991 -0.1450489 -0.1720801 0.0598974 0.0389633 0.3033159 0.0241281 -0.2762846 -0.0258443 -0.3152318 -0.1218171 -0.0691534 0.0368861 -0.3779002 0.5783768 -0.1557775 -0.3498931 -0.4015138 -0.2236492 -0.1740147 0.0281058 0.0251958 0.1965824 0.1041245 -0.1593095 0.1213610 -0.1420309 0.3620698 0.4469748 -0.0931497 0.5236531 0.1804565 0.1697835 0.3070156 -0.0464591 0.2245689 0.0007734 0.2733772 -0.3037621 0.0860333 0.1655712 0.2514544 0.0773612 0.2381664 0.3184677 0.2217048 0.1387354 0.0334351 0.0522659 0.1970424 0.3968221 0.1989131 -0.0034585 0.1624682 0.2826927 0.2030709 0.4257790 0.7535191 0.5311354 0.4666935 0.1052515 -0.1262201 -0.1547823 -0.2111406 -0.0267715 -0.3530079 -0.2901004 -0.2842137 -0.4742189 0.0305898 0.2245969 -0.3634677 -0.0889137 -0.0862922 -0.2049097 -0.4110811 -0.0016197 0.0095199 -0.5344580 -0.2913582 -0.1558270 -0.2439766 -0.3594330 0.1113310 -0.2227177 -0.2511426 -0.4314802 0.0697934 -0.0616987 0.2797291
0.1059385 0.4634777 0.2968946 0.8669806 0.2905338 0.6933101 0.2561929 0.6435845 0.0000000 0.5802533 0.6908486 0.6049081 0.3929836 0.0687347 0.8315856 0.2690378 0.1010528 0.2787508 0.1993009 0.2528196 0.5775721 0.1417502 0.3764568 0.5563779 0.0988302 -0.0278450 -0.0218460 -0.0075279 0.6182936 -0.1050317 0.0383637 0.0185970 0.2156390 0.6506955 0.0413236 0.2143050 -0.1636958 -0.1000488 0.1886702 0.1499079 0.0413236 0.4218532 0.1056199 -0.1771369 0.5250399 -0.1218268 -0.1506512 -0.1030551 0.6581102 -0.1570617 -0.0232605 0.0563271 0.8514798 0.2442541 0.0000732 0.0003712 -0.0251494 0.3799188 0.2198745 0.0308754 0.5288204 0.3423093 0.1530224 0.8051950 0.7219076 0.0385410 0.3008388 0.4954513 0.0085338 0.5786211 0.1876417 0.7773741 0.3817448 0.6766043 0.2036885 0.5259925 0.5606613 0.4410656 0.3739435 -0.1297708 0.4074594 -0.0157454 0.1165603 0.1043208 0.1746726 0.0857210 -0.2251213 -0.2250782 0.0217014 0.1295349 -0.2330243 -0.0991224 0.2513437 -0.0895485 -0.1688448 -0.2101831 0.0843752 0.1203688 -0.1759176 0.0386113 -0.0302460 0.2505397 0.0913209 0.2054826 -0.1964783 -0.2361242 0.0810322 -0.0516644 -0.0908847 -0.1502510 -0.1457210 -0.1497293 0.0213535 -0.0059304 0.0819372 0.0097733 0.0334785 0.0016013 0.0477337 0.3083883 0.0417262 0.0976072 -0.0761180 0.0189929 0.0501060 0.1493368 0.0067287 -0.0042951 0.0999818 -0.0569804 -0.0018936 0.2678350 -0.1203266 0.4986961 -0.0011542 -0.1007256 0.0585169 0.0855647 -0.0362827 0.0228402 0.1173838 -0.2153793 0.4554727 0.2591857 0.2023615 0.0525546 -0.1321381 -0.1261018 0.1431465 0.0775415 0.3961663 0.4321271 -0.0475940 0.4159018 -0.1261737 0.5592774 0.4271942 0.2424950 0.5531291 0.3690090 0.0672347 0.3419819 0.4117203 0.2851066 -0.0063752 0.6387753 0.0614269 0.2430265 0.2248966 0.1907419 0.1882714 0.2249557 0.3119251 -0.0197184 -0.1129139 -0.1540656 0.1187383 -0.3055585 0.2215994 -0.2358682 -0.3988845 0.0840051 0.3334850 0.2661598 0.3975544 0.5237333 0.4249719 0.2916104 0.2474102 0.0942648 0.2919378 -0.0479079 -0.3491734 -0.1030362 0.1872756 0.0190906 -0.0617105 -0.2802331 0.0529057 0.1261270 -0.3993389 -0.2295933 -0.5332427 -0.4877569 -0.3262392 -0.2033222 0.0100471 -0.6769892 -0.3318050 -0.5192551 -0.6346427 -0.0199625 -0.4515730 -0.4307389 -0.1491845 -0.3769976 -0.0225747 0.3004574
0.4320483 0.5572162 0.4565625 0.6346708 0.2979179 0.4302345 0.0166461 0.5002442 0.5802533 0.0000000 0.8456685 0.0697976 0.4108479 0.4696478 0.2775699 0.6642290 0.6266820 0.1683164 0.5266554 0.5820598 0.0140870 0.3315604 0.7606102 0.1636183 0.4278685 0.4354694 0.4240577 -0.0384656 0.0689278 0.4095116 0.2648596 0.2670749 -0.2367291 0.0586227 0.4876548 -0.1135974 0.1914449 0.1776968 0.7043232 0.7066971 0.0492392 -0.0585748 0.5811056 -0.2811516 -0.1313406 0.2390373 0.0690547 0.0548122 0.5256769 0.1298596 0.2976877 0.5814842 0.4011238 0.6950538 0.0158049 0.1661027 0.1337726 0.7813204 0.2204973 0.3480289 0.1305616 0.6335216 0.2615182 0.7204126 0.3454841 0.1416966 0.3864446 0.7634797 0.1018008 0.7463932 0.1277461 0.5926785 0.5245250 0.3456247 0.1472402 0.6677575 0.3711726 0.0274487 0.6041262 0.2251401 0.3239497 -0.4158902 -0.1463130 -0.1374052 -0.0908439 -0.0831016 -0.1509274 -0.2671173 -0.2572486 -0.2440742 -0.2113070 0.2616193 0.1924302 -0.3166205 -0.3133615 -0.0073493 0.0836758 -0.0413813 -0.3714293 0.1373348 -0.3176330 0.0928266 0.2156211 -0.1393487 -0.1794734 -0.0946021 -0.0567975 0.1244502 -0.4304223 0.0358160 -0.4765409 -0.0972846 0.2378526 0.1700931 0.3062514 0.2004090 0.2010779 0.3834052 0.2766888 0.3185353 0.2045424 0.2016056 -0.0755852 0.2678903 0.1862625 0.0413078 0.0792748 -0.1121346 -0.0732168 0.1105380 0.1291355 0.0060597 -0.0957156 0.2751067 -0.1322379 -0.1162677 0.1341477 -0.0873064 0.0271163 -0.3251456 -0.1865855 -0.5115676 0.2171540 0.1382656 -0.0807061 0.1292964 -0.2058563 -0.2495637 -0.0382171 -0.3686386 -0.0881324 -0.1121426 -0.3169936 0.0839463 -0.1301412 0.2718915 0.1495172 -0.2354886 0.2211064 -0.0177711 -0.0818255 0.0548169 0.1054178 0.0821343 -0.1993770 0.1222534 -0.0212957 0.0299763 0.0551362 0.0591525 -0.0317713 0.0415457 0.4425841 0.4396619 0.0977270 0.1181372 -0.0335205 0.1240094 -0.0153051 -0.2246727 -0.0942130 -0.1640013 0.0465264 -0.0421880 0.1304078 0.3148726 0.4000173 0.3066122 0.1569818 -0.0634735 0.2072438 -0.0293589 0.1689200 0.0550887 -0.0137216 0.0335700 -0.1044234 0.2643965 0.2859290 0.0368391 0.1326949 0.0616279 -0.3913083 -0.0852703 -0.0753008 -0.1944943 -0.2712416 -0.0002288 -0.0425400 -0.1409171 -0.5194488 0.1211472 -0.1072266 0.0002248 -0.2653813 -0.0611476 0.0961918 0.5187756
0.4322580 0.4845331 0.5405972 0.8258759 0.4792919 0.3570095 -0.0946076 0.7907520 0.6908486 0.8456685 0.0000000 0.1832846 0.6948954 0.0839480 0.3696151 0.7556248 0.4323035 -0.0320909 0.7248933 0.6753459 0.1709999 0.6247519 0.7463161 0.0466582 0.6722207 0.5286463 0.0362595 -0.3893593 0.1369828 -0.0119343 0.4280901 0.4975039 -0.4008750 0.0834353 0.5200931 0.0496222 0.3326572 0.4188563 0.6624968 0.6145203 0.3551766 0.2685759 0.6062773 -0.5124113 0.0625904 0.3851269 0.2180795 0.2940906 0.6107793 0.2546151 0.3808968 0.5536746 0.6529983 0.7132994 0.3388682 0.3975708 0.3887755 0.8468436 0.4835606 0.4263507 0.4651635 0.7440922 0.5285226 0.9015093 0.6449190 0.4547617 0.5738388 0.8365927 0.4488482 0.8863652 0.4161950 0.6829452 0.6240150 0.6868116 0.5104761 0.8103189 0.5171330 0.4083758 0.5499996 0.0685075 0.5119170 -0.4075697 -0.0631740 -0.0689286 -0.1070214 -0.0550004 -0.1479749 -0.2755052 -0.1699726 -0.1046565 -0.1076804 0.2182094 0.0644139 -0.2425545 -0.0996907 -0.0230586 0.1750516 -0.0335457 -0.2233982 0.2424645 -0.2330774 0.1104374 0.1835845 0.0455574 -0.0806873 0.0049410 -0.0683543 0.0437947 -0.2780304 -0.0666443 -0.2306798 -0.3542073 0.0402842 0.1083940 0.2258396 0.0760360 0.1887100 0.3362783 0.2131099 0.2784414 0.1899971 0.1588238 -0.2112086 0.0202396 0.1245965 -0.0193022 0.0507133 -0.1016327 -0.1300873 -0.0346013 0.0147451 0.1354109 -0.0414649 0.4381713 -0.0012199 -0.2257649 0.0759996 -0.1195651 -0.0643423 -0.2084135 0.0136779 -0.4747737 0.5131111 0.0531287 -0.1240574 -0.1657053 -0.2253471 -0.2554341 0.1145772 -0.1653192 0.1360362 0.0516550 -0.1955881 0.1849049 -0.1081955 0.4447597 0.3921151 -0.0958838 0.4720009 0.1992861 0.0183833 0.3062026 0.0910349 0.2506246 -0.0507815 0.2895749 -0.1552473 0.1656078 0.0990150 0.2619412 0.1027675 0.1980387 0.4482845 0.1715060 -0.0551268 -0.1027226 -0.0538720 0.0679263 0.2157876 0.0512028 0.0010977 0.1971041 0.4159799 0.3212056 0.4825486 0.6043964 0.6615517 0.4325536 0.2222764 -0.0277530 0.0895027 -0.1405145 0.0022621 -0.1478228 -0.0494054 -0.0412255 -0.2300227 0.1251239 0.2943652 -0.0427429 -0.0797647 -0.1432542 -0.4503159 -0.3251963 -0.1552485 -0.1995358 -0.3710778 -0.2586972 -0.1989331 -0.3066709 -0.5950223 0.1038037 -0.2328596 -0.2396938 -0.4244882 -0.1113827 -0.1430774 0.3088464
0.0728065 0.3635767 0.1864039 0.4686577 0.2284284 0.2623140 0.7463067 0.2919895 0.6049081 0.0697976 0.1832846 0.0000000 0.2098383 0.0261253 0.8332202 -0.1644446 -0.4561200 0.4572479 -0.0965611 -0.1857956 0.8377055 -0.0843942 -0.1494604 0.7191916 -0.2003412 -0.3759552 -0.0104804 0.3035667 0.6115473 -0.1397851 -0.3633586 -0.3597252 0.5670960 0.7827482 -0.5412884 0.1849629 -0.4950485 -0.2930817 -0.2279336 -0.1615266 -0.1774073 0.3175769 -0.3761979 0.1006270 0.6314880 -0.4421317 -0.3686428 -0.3023010 0.5583900 -0.2713266 -0.3573302 -0.3696999 0.7092492 -0.2856125 -0.2782112 -0.3297446 -0.2894264 -0.1769288 -0.0775135 -0.2984404 0.4614898 -0.1326477 -0.1705505 0.4292368 0.4979884 -0.2656669 0.0398159 -0.0637809 -0.2091915 0.1352702 -0.0860568 0.6367712 0.1087396 0.6022529 -0.0688803 0.1490659 0.7383193 -0.0032852 0.3993177 0.2375661 0.1664408 0.4276271 0.2094859 0.1687534 0.3119389 0.1731016 0.0136355 -0.0698129 0.1710981 0.3459631 -0.4606477 -0.4852713 -0.1414078 0.1518454 -0.1034606 -0.4291070 0.0074678 -0.0837541 0.0894698 0.1297930 0.2534438 0.1252027 -0.1170817 0.1935296 -0.1820539 -0.3083762 -0.0295543 -0.2499446 0.1978823 -0.2826473 0.1592975 0.0025869 -0.4605356 -0.4912111 -0.3566915 -0.3808868 -0.4406943 -0.4148923 -0.3016482 -0.1228771 -0.5890450 -0.5386535 0.0588235 0.1669803 -0.4488621 0.3266695 -0.6537908 0.2158048 0.0172147 -0.5154179 -0.5970123 0.2364631 -0.6149032 0.3695168 -0.0668532 0.1420281 -0.5283486 -0.1819099 -0.6449072 0.4588105 0.2764562 0.1730892 0.0899525 0.5278804 0.2112663 0.0196908 -0.4942331 -0.4607804 0.2017635 0.3196332 0.5683483 0.6773145 -0.2049269 0.2674219 -0.4090069 0.4669781 0.1232633 0.4338944 0.2031036 0.5585933 -0.1508427 0.2323754 0.4499346 0.3033768 -0.1404863 0.6221434 -0.0084128 0.1426963 0.1129172 0.2186557 0.1771339 0.0535053 0.3264404 -0.1250690 0.2283444 0.2596714 0.7560432 -0.1329541 0.6347391 -0.1458408 -0.3561052 -0.0461306 0.0725114 0.0689429 0.2064041 0.2476971 0.1397207 0.0274425 0.6255819 0.6739877 0.3702061 0.5654253 -0.1423021 0.1951194 0.5039918 0.4373102 0.4431119 -0.3836748 0.1946450 0.4738366 -0.4199607 -0.3135398 -0.3164299 -0.1461726 0.0359341 0.2690435 0.1659512 -0.6917610 -0.1955151 -0.5196479 -0.3426751 0.3291942 -0.1024095 -0.0557776 0.3883781 -0.3627108 -0.2521322 -0.0987649
0.7481332 0.6374405 0.8628500 0.5931064 0.8282780 0.0887310 -0.0009830 0.9248497 0.3929836 0.4108479 0.6948954 0.2098383 0.0000000 0.0350737 0.2276739 0.5782062 0.2812543 -0.1381792 0.6366274 0.6902718 0.2412813 0.7983082 0.5043431 -0.0369161 0.6842153 0.6221393 -0.0820505 -0.3774114 -0.0275591 -0.0840787 0.6527833 0.5768404 -0.4032774 -0.0874958 0.4541139 -0.1363755 0.5660868 0.6300215 0.4316219 0.3363568 0.6330188 0.1253956 0.4696291 -0.5511794 -0.0359172 0.4520992 0.3984773 0.4996511 0.3078973 0.2910935 0.4353626 0.3795743 0.4295114 0.3988178 0.5345639 0.4972652 0.5412176 0.4831924 0.3729125 0.4113121 0.4535718 0.5353422 0.6397109 0.6398220 0.6236415 0.4551325 0.4893361 0.5597496 0.6140586 0.5647910 0.4335741 0.3522793 0.5696133 0.7818379 0.5692946 0.7179209 0.3881518 0.3373597 0.5333673 0.2145774 0.4675266 -0.5007557 -0.3483895 -0.3687465 -0.4437845 -0.3396560 -0.2004331 -0.3056944 -0.3593179 -0.1114985 -0.1574436 0.1174842 -0.0775395 -0.3263173 -0.1467321 -0.0956853 0.1868647 -0.0427507 -0.0977982 0.0217215 -0.2338619 -0.0264767 -0.1640327 -0.0256220 -0.0411024 -0.0347176 -0.3319299 -0.1422072 -0.0465105 -0.2465317 0.0044733 -0.4712850 -0.1744323 -0.0508180 -0.0096626 -0.1656408 0.0292015 0.0771325 -0.0115571 -0.1524911 -0.0136960 -0.1856340 -0.3062838 0.1019715 -0.2293088 -0.3458143 -0.0916836 -0.0693601 -0.5015739 -0.2025155 -0.2964996 -0.0584857 -0.0251788 0.2738186 -0.0262307 -0.1992160 -0.1397432 -0.4165394 -0.2639384 0.0401709 0.0203197 -0.2947916 0.4629648 -0.1216352 -0.4167536 -0.4438202 -0.3476236 -0.3270807 -0.0619055 0.0694836 0.1765420 0.0708796 -0.2493534 0.0001206 -0.2109352 0.3320678 0.2903595 -0.1273375 0.3317873 0.1676812 0.1615722 0.2162418 -0.1410949 0.1762631 -0.0353769 0.1604233 -0.3212772 -0.0466644 0.0431756 0.2167994 0.0294153 0.1094491 0.3073771 0.2395253 0.2412178 0.1577447 0.1420345 0.4856109 0.5274571 0.3975443 0.2825730 0.1779829 0.2108922 0.1069965 0.3666405 0.6949929 0.5286938 0.4606520 0.1713646 -0.0412321 -0.2517473 -0.0532420 0.1742544 -0.2838383 -0.2988713 -0.2201265 -0.3698359 0.1610569 0.4124761 -0.3265382 0.0223314 -0.0156615 -0.0453356 -0.1958006 0.1212588 0.1104807 -0.5307290 -0.0783609 -0.1431125 -0.0762322 -0.1963194 0.2528276 -0.0479514 -0.0492459 -0.3215766 0.2146101 -0.0311073 0.2487169
0.4015933 0.3899623 0.2841688 0.1496173 0.1302421 0.3876438 0.1186926 -0.0258816 0.0687347 0.4696478 0.0839480 0.0261253 0.0350737 0.0000000 0.0044481 -0.0294525 0.5451876 0.6107085 -0.1145400 0.1771492 -0.2008790 -0.1264618 0.1325411 0.4226306 -0.2046180 0.1204961 0.6975617 0.6567832 -0.0861649 0.8613171 0.1829146 -0.0511364 0.3618955 0.1430567 0.0393434 -0.6585163 -0.0362952 -0.2104503 0.2118351 0.3416962 -0.2181246 -0.6976985 0.0620033 0.4153268 -0.3305679 -0.0844997 -0.1986674 -0.2973973 0.1130479 -0.2331181 -0.0515999 0.1420026 -0.1769260 0.0939677 -0.2884698 -0.1574091 -0.2918963 0.0763627 -0.2914304 -0.0583607 -0.3626974 -0.1488167 0.1143979 -0.0013247 -0.2270153 -0.4118828 -0.2115779 0.0070353 -0.1767713 -0.0892846 -0.3123459 0.0177545 -0.0633974 -0.1098704 -0.3937345 0.0078890 -0.1088267 -0.4355156 0.2679586 0.3998723 0.1564654 -0.2935285 -0.4433019 -0.4149636 -0.3254397 -0.3093174 -0.3071713 -0.1588972 -0.4270054 -0.4227510 -0.3881755 -0.0688281 0.0887608 -0.4785090 -0.6312324 -0.3240888 -0.1450074 -0.0642250 -0.4358965 -0.4386957 -0.5079486 -0.0141416 -0.1515059 -0.5700543 -0.2882077 -0.4227066 -0.0949935 -0.0350146 -0.2665080 0.1751759 -0.5321658 0.1373402 0.1513471 -0.0605858 -0.0730896 -0.0065175 -0.1951356 -0.0993166 -0.0983920 -0.0100571 -0.1139943 -0.1493236 0.1364740 0.3763081 -0.1736949 0.1250231 -0.0819548 0.0221710 -0.0346626 0.1056263 -0.0537549 -0.2467243 -0.2114684 -0.0938650 -0.2526783 0.1141422 -0.0499687 -0.1076701 -0.0288216 -0.1043668 -0.1986653 -0.0494432 -0.2852102 0.2087683 -0.0171104 0.3720611 -0.0703801 -0.1671853 -0.3516219 -0.3246580 -0.2523086 -0.2601737 -0.2654363 -0.0370542 -0.1744735 0.0435591 -0.2894382 -0.1359971 -0.3069541 -0.1710353 -0.1351045 -0.3942524 0.0937262 -0.1209877 -0.2953020 -0.0710000 0.1041408 -0.2980356 -0.0855619 -0.2825225 -0.2619132 -0.3832281 0.2241646 0.5155308 0.1916456 0.3513508 0.0991683 0.3273773 -0.2345297 -0.3098583 0.0099617 -0.6190475 -0.7250670 -0.7344211 -0.4985476 -0.1121080 -0.2232835 0.1039575 0.0247745 0.0454545 0.1062218 0.2561429 0.3176492 0.1417606 0.0344012 0.0677354 0.1412635 0.2667522 0.3346374 0.1180916 0.4252705 0.5990696 0.2159570 0.4450264 0.3032982 0.0388595 -0.0558118 0.3207886 0.3562074 0.3851014 0.1346911 0.1231849 0.3505960 0.4567755 0.1214980 0.0288789 0.5988928 0.5467859
-0.0465442 0.3415152 0.1387922 0.6023849 0.2349093 0.4085847 0.5787147 0.4211017 0.8315856 0.2775699 0.3696151 0.8332202 0.2276739 0.0044481 0.0000000 0.0403306 -0.2919383 0.4469096 0.0321646 -0.1239487 0.7612935 -0.0475250 0.0290727 0.7726696 -0.1306878 -0.2726817 -0.1194852 0.2400434 0.7804236 -0.0927966 -0.2429117 -0.2873872 0.4597298 0.7954109 -0.2910276 0.3321895 -0.3975066 -0.2375764 -0.0555023 -0.0695375 -0.0890047 0.4731734 -0.1526686 -0.0176089 0.7003412 -0.2945465 -0.2019524 -0.2465269 0.4996761 -0.1718265 -0.1481083 -0.2164531 0.7899126 -0.1471521 -0.1606231 -0.1673206 -0.1646345 -0.0257843 0.0090120 -0.0712021 0.4639143 0.0947449 -0.1186228 0.5190751 0.5881901 -0.1633993 0.2085852 0.1751688 -0.2157838 0.2360368 0.0453454 0.6341520 0.2831116 0.5491619 0.0013508 0.2865504 0.5474430 0.2085456 0.2758363 -0.1019937 0.2101062 0.2722129 0.1384584 0.1544091 0.2221248 0.0895883 -0.0386835 -0.1519129 0.1004910 0.2980988 -0.4113655 -0.2635015 0.0396032 0.0780951 -0.1147643 -0.2803576 0.0479240 0.0193815 0.0764297 0.1605364 0.2314578 0.1887356 -0.0643084 0.2828380 -0.2651254 -0.1968142 0.0054430 -0.1912207 0.0771857 -0.2559252 0.0593311 -0.0968276 -0.2766574 -0.2722003 -0.1746502 -0.2211426 -0.2387410 -0.2917216 -0.1862141 0.1097460 -0.2957370 -0.2524610 -0.1342338 -0.0113893 -0.0671268 0.0834168 -0.3061420 0.0013440 -0.0554442 -0.3323557 -0.2544616 0.1903544 -0.2351662 0.3678594 0.0402770 -0.0390009 -0.1282553 -0.0683176 -0.2793602 0.1184068 0.0345361 -0.1237035 0.2356051 0.2784224 0.1806327 -0.0488293 -0.3057965 -0.2177563 0.1196638 0.1224787 0.3830893 0.4895679 -0.1906894 0.2997211 -0.2828844 0.4015950 0.1900374 0.2583293 0.3185042 0.3494322 -0.0503274 0.1617728 0.3831679 0.2221168 -0.1193154 0.6252244 -0.0317971 0.1888677 0.1429680 0.1380748 0.1946488 0.1447443 0.3357843 -0.0990243 0.0186251 -0.0417157 0.3681871 -0.2588724 0.4312110 -0.1298074 -0.3663128 0.0589733 0.1642401 0.1648632 0.2427083 0.3346779 0.2413446 0.1489003 0.3146097 0.2319773 0.2778368 0.1212111 -0.3766420 -0.0101415 0.2242960 0.0646869 0.0977240 -0.4705295 0.0101311 0.1898024 -0.4450850 -0.2767232 -0.4416005 -0.4027864 -0.1233473 0.1561214 0.0395596 -0.7457221 -0.2807310 -0.5599458 -0.4582624 -0.0452465 -0.2575689 -0.3589466 0.0272173 -0.2476416 -0.1095844 0.0495574
0.4040363 0.2869431 0.4644421 0.3197650 0.5604113 -0.1208260 -0.2237470 0.5526541 0.2690378 0.6642290 0.7556248 -0.1644446 0.5782062 -0.0294525 0.0403306 0.0000000 0.4804052 -0.3457514 0.9390176 0.6343657 -0.1247405 0.7512555 0.8772856 -0.2237997 0.8558562 0.8220083 -0.0511151 -0.4947534 -0.2126930 0.0240251 0.4796022 0.6146536 -0.6233596 -0.3326142 0.8196315 0.0989804 0.6885713 0.7285842 0.8014076 0.6189509 0.3730109 0.2339446 0.8887474 -0.6297648 -0.2677442 0.7899140 0.6691596 0.6004224 0.2074612 0.7096607 0.7858208 0.7351670 0.2304057 0.6610970 0.6012029 0.7407241 0.7128295 0.7432959 0.6043772 0.7963462 0.3280674 0.9296811 0.4931647 0.5474459 0.3660317 0.6530155 0.8146707 0.8903833 0.5126171 0.7705030 0.6021546 0.2844633 0.8103689 0.3703141 0.6217961 0.7669550 0.1631250 0.2689261 0.4187723 0.1285389 0.3342349 -0.5500465 -0.2274110 -0.2039209 -0.2445893 -0.1282170 0.2160545 -0.4792596 -0.2680934 -0.3090570 0.0236460 0.3317774 -0.0494496 -0.3221675 -0.0273005 0.2135618 0.1107064 -0.0744889 -0.2284572 0.4209451 -0.2731155 0.1504600 0.2024209 -0.1111974 0.0644284 0.2252378 -0.1196417 0.0063450 -0.1492319 -0.2086597 -0.2730056 -0.3366574 0.0283131 0.1209146 0.2173829 0.0873573 0.2410422 0.3285173 0.2783736 0.2459822 0.2312494 0.1626224 -0.2206786 0.0089857 0.3666147 -0.1011253 0.1707538 -0.1495568 -0.0924232 -0.0002198 0.1836142 0.0311750 0.2205878 0.2748470 0.1061751 -0.0354378 0.2794137 0.0494929 0.1174020 -0.2061110 -0.0397779 -0.3353363 0.3814796 -0.0604261 -0.0500038 -0.1458028 -0.0818903 -0.0623469 -0.0387873 -0.0890049 0.0218820 -0.0469975 -0.1777403 0.1037395 0.0205515 0.1866078 0.0759033 -0.1001527 0.2008438 0.0914380 0.1447167 0.2187840 -0.1147590 0.0940083 0.0395671 0.1136827 -0.1449173 0.0053151 -0.0071911 0.1581288 0.1285056 0.1106626 0.3652061 0.2444882 -0.0200028 -0.0972723 -0.1978794 0.3307564 0.2957934 0.4603363 0.4541785 0.4243250 0.4479677 0.3246798 0.5015676 0.5051849 0.6900820 0.4460648 0.0585061 -0.2610033 -0.0528801 -0.1863906 0.2331516 -0.0841474 -0.1749285 -0.1346741 -0.2565828 0.3525874 0.3227897 -0.1243484 0.2515115 -0.1068666 -0.2062095 -0.1681036 0.0366414 0.1089932 -0.2919423 0.1456616 -0.0321588 -0.0883028 -0.2818701 0.0745767 -0.0030548 -0.0791683 -0.4140905 0.1530411 -0.1339527 0.3036624
0.4074381 0.3103160 0.3956263 0.2257389 0.2495991 0.3109256 -0.4414583 0.2564583 0.1010528 0.6266820 0.4323035 -0.4561200 0.2812543 0.5451876 -0.2919383 0.4804052 0.0000000 -0.0840808 0.3844379 0.5651691 -0.5197051 0.2936327 0.6546713 -0.2443790 0.4202522 0.6145742 0.4359248 -0.1366409 -0.4213335 0.4492062 0.4243094 0.4828488 -0.3861298 -0.3601090 0.6492032 -0.5059384 0.5068051 0.3145781 0.6801103 0.6498061 0.0290061 -0.4673742 0.6737275 -0.2126107 -0.5185260 0.5056204 0.3363909 0.1533633 -0.0036836 0.2375208 0.4817730 0.7153033 -0.1358433 0.6663793 0.2242620 0.3563843 0.2520359 0.6258629 0.1517506 0.4083142 -0.1931084 0.5102454 0.4070941 0.2486494 0.0476915 0.1531693 0.2091257 0.5713428 0.2618546 0.3960284 0.1189176 0.0231196 0.2154558 0.0140887 0.1526278 0.3202710 -0.2909629 0.0071086 0.1494341 0.1645661 0.1965964 -0.6614520 -0.4764986 -0.4071255 -0.3438083 -0.2849877 -0.2444124 -0.2190230 -0.4378915 -0.4760424 0.2121154 0.3650473 0.2340462 -0.4569924 -0.2814555 -0.0019965 0.0196932 0.0160697 -0.5021332 -0.3658342 -0.5422124 0.1797960 0.1443404 -0.4383694 0.0562845 -0.0950696 -0.0053954 0.1177011 -0.2639008 0.1025647 -0.4355670 -0.0564593 0.4125931 0.2831885 0.2535950 0.1807215 0.2189937 0.2783610 0.1447003 0.2076940 0.2789175 0.2132340 -0.0561230 0.1348000 0.1729046 -0.0173366 0.3174041 -0.1854154 0.0636245 0.2059967 0.2788023 -0.3971744 0.1411316 -0.0233440 -0.4381436 -0.1248564 0.2584461 0.1396759 0.3514839 -0.3571068 -0.2326784 -0.2752019 -0.0554064 -0.0252926 -0.0863258 0.1739518 0.1331042 0.0182112 -0.3251911 -0.3619489 -0.2966759 -0.2729306 -0.1690030 -0.0301677 -0.0879231 0.0354937 -0.0985837 -0.2778696 -0.1485207 -0.2833204 -0.0828057 -0.1041654 -0.2612705 -0.1498350 -0.2000100 -0.1910606 -0.1023690 -0.2904843 -0.1199985 -0.1800570 -0.2780327 -0.1801268 0.0420381 0.3245407 -0.0755634 -0.0218312 -0.3752408 0.2912163 -0.3505770 -0.0481344 0.2395869 -0.1814095 -0.1477311 -0.1993950 -0.1072784 0.2385589 0.1640432 0.3339029 -0.1880500 -0.3126667 -0.0132154 -0.2117805 0.2635168 -0.0915932 -0.1837211 -0.1838551 -0.2250408 0.4372301 0.3240152 -0.1516145 0.3929393 0.3996658 0.0678536 0.1037961 -0.1572881 -0.2386694 -0.1654344 0.5683286 0.1330772 0.3986942 -0.0259543 -0.0378293 -0.1299732 0.1011632 -0.2380669 0.0448670 0.5481247 0.7678556
