0.0000000 0.7562938 0.7160247 0.1604010 0.4747887 0.4791466 0.6067269 0.2570762 0.6560777 0.1408621 0.3903801 0.4519124 0.2158635 0.4639404 0.4918333 0.3062289 0.1360787 0.3976650 0.2803377 0.1365496 0.5598191 0.3216268 0.3366481 -0.0777474 0.2186194 0.3467950 0.4989107 0.1071356 0.0976813 0.3182964 0.6279151 0.0931058 -0.0453633 -0.0052054 0.3318518 0.4079669 0.3416873 0.2497082 0.4371147 0.1838500 0.4335524 0.1509627 0.3765107 -0.0657584 -0.0863835 0.0677381 0.2770370 0.3410775 -0.0699516 0.1019171 0.2737429 0.1996995 -0.1132676 0.1131165 -0.0156294 0.0071698 0.1458862 0.2818911 0.3992761 0.2327631 0.1172346 0.2064416 -0.2225353 -0.2520474 -0.3040659 0.0098445 0.1713520 0.2495144 0.0800081 0.0904881 0.0528447 -0.2937726 0.1992671 -0.3261057 -0.0124382 0.1440418 0.0334498 -0.0501501 0.2719820 0.0889600 -0.3350610 0.1517873 0.1862862 -0.0540002 0.0317600 -0.1155014 0.0082986 0.5911172 0.0991277 0.1758702 0.2425124 0.1477574 -0.0733702 0.1245168 0.2415830 0.0708452 -0.0434786 -0.1571801 0.5311163 0.2568833 0.1011517 -0.3661593 -0.2106142 -0.0311683 0.0586458 0.0650701 -0.1850834 -0.2472653 0.2896017 -0.0905206 0.1902518 -0.0331004 -0.3970798 -0.0495065 -0.0521336 -0.1059411 0.0208861 -0.0904996 -0.0661518 -0.1427284 -0.2480136 -0.1212313 -0.5693929 -0.3562041 -0.2802052 0.1305702 -0.2687378 -0.5255906 0.1303274 -0.2682258 -0.1494319 -0.3039689 -0.2134498 -0.2381434 -0.1480985 -0.4565745 -0.2083919 0.3821170 0.0829797 0.0028015 -0.3192188 0.2318371 0.0315467 -0.2111759 0.0018130 -0.3539062 0.0722423 -0.0766921 -0.1881277 0.1410676 0.0933503 -0.3599996 0.2627161 -0.1706420 -0.1901416 -0.3311398 0.1400667 -0.0750938 0.0593626 0.0661049 -0.2544737 0.3225845 -0.2765770 0.1107525 0.0161767 -0.1431662 -0.0568728 -0.0860303 0.2151751 0.2630408 -0.0010605 0.1216478 0.8053852 0.6204572 0.6078518 0.6173800 0.4853162 0.6509230 0.5241339 0.4860345 0.5233072 0.4633538 0.3788171 0.3978916 0.4569809 -0.1144008 0.3431169 -0.0846713 0.1782686 0.2459774 0.1123308 -0.0157249 0.0717732 0.0860799 0.0907375 0.1383584 -0.0805346 -0.1068786 -0.1045783 0.1303960 -0.2446564 -0.3117160 -0.2638340 -0.1933323 0.4222789 0.0931388 -0.1219494 0.0043327 -0.6360431 -0.4861209 -0.6705782 -0.2661415 0.2655542 0.2133584 -0.2071359 0.2000618 0.1781546 0.2163676
0.7562938 0.0000000 0.4604593 0.2042885 0.2133844 0.8043658 0.6243682 -0.0923193 0.7737110 -0.0097985 0.1999229 0.0786312 -0.0863077 0.3903235 0.7099742 0.3373514 -0.0860118 0.4757066 0.2623415 0.0613969 0.3705977 0.2306526 0.4339622 0.1090400 0.2548808 0.3751374 0.3117832 -0.0730696 0.5804618 0.0783855 0.4892156 0.2030573 -0.1737099 0.1612102 0.4757895 0.7158933 0.3579491 0.2082802 0.3578820 0.2871259 0.1886278 0.5052374 0.5194523 -0.2082592 0.1001202 0.1628332 0.3995407 0.3294162 -0.3012156 0.2303769 0.4493910 0.4991091 -0.1549978 0.2449089 0.2053600 0.1693241 0.2786357 0.4015289 0.5479161 0.3890325 0.5164449 0.2959474 -0.2143359 -0.2780925 -0.0441801 0.1718655 0.1768252 0.2395616 -0.0311367 0.0147820 0.1287769 -0.3238854 0.2147456 -0.2418299 0.0382686 -0.0741221 -0.3439900 0.0603912 0.2313054 -0.2057176 -0.4775880 0.0764567 0.2549587 -0.3420596 -0.3116741 -0.3293729 0.1180309 0.4644598 -0.3019146 -0.1360840 0.0468782 -0.0802183 -0.2673536 -0.0166212 0.0713716 -0.2314932 -0.3520874 -0.1049463 0.5505589 0.2906369 0.2235465 -0.4110182 -0.0667514 -0.3883794 -0.2139373 -0.0581645 -0.4466144 -0.0471487 -0.2674950 -0.2888678 -0.0092804 -0.5169603 -0.3853567 -0.0942191 -0.0899423 -0.2801603 0.0064049 0.1044569 -0.0799397 -0.1039000 -0.1652549 -0.1195913 -0.5618993 -0.6359033 -0.2505648 -0.3217225 -0.2711855 -0.5776445 -0.2520427 -0.3376011 -0.1762566 -0.4333216 -0.1837218 -0.5639854 -0.1503431 -0.5059876 -0.3935055 0.0325626 -0.1327711 0.0001526 -0.3477039 0.1245404 -0.0795310 -0.4829388 -0.2225237 -0.4073972 -0.0973220 -0.2828476 -0.2550041 0.2818572 0.2849130 -0.3848132 0.1527554 -0.2339392 -0.3877771 -0.3950736 0.0131246 -0.1815006 -0.1023770 0.0430243 -0.2968003 0.4603002 -0.1429225 0.0070825 0.0243360 -0.2072456 -0.1428346 -0.1652350 -0.1097112 0.0670268 -0.0619642 -0.0162969 0.5973802 0.2381077 0.4710264 0.3253520 0.0983921 0.6272250 0.3342355 0.5742754 0.7323927 0.6567986 0.6016291 0.6109847 0.5643438 0.1313971 0.4383090 -0.1634405 -0.1392036 -0.0440783 -0.2075812 -0.1914021 -0.2511508 -0.2698910 -0.3187041 -0.3291661 -0.4400577 -0.4048086 -0.2771553 -0.3257993 -0.6376902 -0.6669082 -0.4720613 -0.5674066 0.2982315 -0.0512504 -0.3960976 -0.1993984 -0.7182542 -0.6433790 -0.4402892 -0.2997647 0.3390269 0.2701719 -0.2542855 0.3710495 0.2486431 0.1462401
0.7160247 0.4604593 0.0000000 0.5456755 0.8756374 0.3952233 0.4334288 0.5843671 0.4642762 0.3565499 0.6195170 0.4848172 0.5499194 0.6103165 0.2820707 0.3612020 0.3988234 0.3461456 0.2703873 0.3718299 0.2922096 0.1840109 0.2866131 0.0259896 0.1199931 0.3161607 0.6590467 0.4160406 -0.2901134 0.6056841 0.4786996 0.2355374 0.2695932 -0.1180917 0.4377414 -0.0734870 0.4620651 0.1326847 0.6626189 0.4558424 0.2484127 -0.2723555 0.4252751 0.3201094 -0.4653547 0.0283240 0.2267481 0.1064730 0.3116076 0.0053317 0.2559368 0.2091757 0.0753338 0.1802582 -0.0143113 -0.0745891 0.1445691 0.0587232 0.0427460 0.0265011 -0.2750860 -0.1553420 -0.0411734 0.0666790 0.0607749 0.1292928 -0.1312811 -0.0579983 0.0321835 -0.1178646 -0.2197591 0.1390564 -0.1788249 0.0268259 -0.2476400 -0.1056397 0.2541474 -0.3020511 -0.0740459 0.0999588 -0.1299501 0.1634586 0.0557054 -0.0366233 0.0994186 0.0491412 0.1560104 0.2064937 0.2682411 0.1687672 0.3367216 0.3555863 0.1135432 -0.0214830 0.3161184 0.3799477 0.2335034 -0.2086855 0.3086662 -0.0278525 -0.0531071 -0.2765118 -0.4088953 -0.0715821 0.3943762 0.2320083 -0.0268720 -0.4026966 0.3664255 -0.0813848 0.3006773 0.0728626 -0.6128803 -0.1716263 -0.2673586 -0.2337277 -0.0976920 -0.1510955 -0.2065508 0.1168396 -0.0619155 -0.0494496 -0.3751681 -0.1075968 -0.0639065 0.2341321 -0.1798360 -0.3364403 0.2076491 -0.1790900 -0.1185849 -0.2117839 -0.1657849 0.1336449 -0.0846726 -0.3090982 0.0140707 0.1988721 0.0608254 -0.1676185 -0.2913671 0.0379689 0.0518619 -0.2112513 -0.0449182 -0.2032873 0.0641541 -0.0004565 -0.0650147 -0.0791027 -0.2152973 -0.2436871 0.1405657 -0.2045190 -0.0076185 -0.3297823 -0.0057156 -0.0045154 0.0358069 -0.2289698 -0.1127543 0.1590179 -0.2068491 -0.0247941 0.0594830 -0.2786940 -0.1852401 -0.1577304 0.2598454 0.2419573 -0.1208732 0.1188480 0.4116607 0.5013896 0.4123602 0.8206707 0.6914346 0.4824370 0.3719363 0.0877998 0.1331869 -0.0445875 -0.1327632 -0.1363203 -0.1161519 0.1440978 0.0221345 0.2261016 0.4103779 0.3583773 0.1411039 0.0778029 0.3552846 0.0716112 0.1230412 0.0286396 0.2272248 0.3527492 0.0835583 0.2196157 0.1021085 -0.1304151 0.0706000 0.0766100 0.4804175 0.1863272 -0.3266770 0.2964675 -0.2946000 -0.2685770 -0.5687507 -0.2039205 0.2428014 0.1833388 -0.2965739 -0.1403042 -0.1181042 0.0272420
0.1604010 0.2042885 0.5456755 0.0000000 0.5599687 0.3350275 -0.0874905 0.6980038 0.2348480 0.4531364 0.6749899 0.2032668 0.6336645 0.3068226 -0.0256434 0.4712953 0.2458777 0.0128407 0.3533698 0.0974646 -0.1050427 0.1086902 0.4730338 0.0805602 0.1258689 0.3268660 0.4258293 0.2222386 -0.1997602 0.3890409 0.1108171 0.3467814 0.1315234 -0.1748357 0.5307462 -0.3100491 0.3736267 0.1862254 0.5026975 0.3187022 0.0820278 -0.4715965 0.4028138 0.1351282 -0.5082914 0.1406700 0.1612447 0.0701519 0.2107988 -0.0908952 0.2393687 0.1886501 0.0969664 0.1474273 0.1255033 0.0408044 0.1274813 0.1452037 -0.2634582 0.0449539 -0.2232637 -0.1263638 0.3392127 0.4891326 0.5631807 0.0254033 -0.1622471 -0.1605623 0.0159963 -0.0528074 -0.1468740 0.4828381 -0.2236432 0.4674017 -0.0654974 -0.2586012 0.1562328 0.0565223 0.0639719 -0.0691198 0.4586004 -0.0050700 -0.4027072 -0.3072825 -0.1374514 -0.4120681 0.0801070 -0.2782782 -0.1461828 -0.1037976 0.1822489 0.3996720 0.4297456 -0.3916242 -0.0216486 0.3069045 0.3409105 0.1113962 -0.1751746 -0.4056302 -0.3212426 -0.1470812 -0.5591849 -0.2481573 0.3867368 -0.1129436 -0.2428326 -0.4492435 0.0612669 -0.0896067 -0.1732692 -0.1346985 -0.4649981 -0.1646372 -0.2485512 -0.3177567 -0.2441030 -0.0893417 -0.2494054 0.1460315 -0.1523128 -0.1681460 0.1073400 -0.1379032 0.1866579 0.2837458 0.1483286 0.0761936 0.2548335 0.0892098 0.1659151 0.0328357 0.3005545 0.2024878 0.1943693 0.0820329 0.2378160 0.0244313 0.0982200 -0.0001524 0.1754169 -0.0100179 0.2567984 -0.2476426 0.2059508 0.2096742 0.0661199 0.0826034 0.2921115 -0.0444926 -0.2461466 0.0471540 0.0681754 0.2097475 0.0674110 -0.0035738 0.0344168 0.1754775 0.1976506 -0.2662191 0.1204119 0.1659258 0.0601990 -0.0117665 0.2152907 0.0545386 0.2423545 0.2047976 0.2902193 0.0633492 0.2167632 0.3162514 0.0043154 0.2705955 0.1500637 0.4271291 0.2236918 -0.0848949 -0.1692853 -0.2685853 -0.1550147 -0.4577754 -0.4477928 -0.4853602 -0.3274013 0.3556905 -0.4901807 0.0068038 0.1178039 0.1652100 0.2328300 0.0316737 0.4309067 -0.1458534 0.2762845 -0.1930301 0.2897283 0.4640454 0.3961706 0.1786260 0.1655783 -0.1177121 0.1115601 -0.0173892 0.1841396 0.3712457 -0.3860572 0.2256402 0.0264250 -0.1452156 -0.0523029 0.0278634 0.2966713 0.0100457 0.0411517 -0.2963108 -0.1740199 -0.1841122
0.4747887 0.2133844 0.8756374 0.5599687 0.0000000 0.1711217 0.2121662 0.6812079 0.2294354 0.4633560 0.6699831 0.4326131 0.7044795 0.3678356 -0.0225292 0.3385289 0.5392520 0.0059772 0.1555324 0.5350419 0.2825633 0.0706025 0.2931121 -0.2072993 -0.0055327 0.2522584 0.5858482 0.2742490 -0.4101667 0.5328510 0.3480444 0.2393186 0.1724398 -0.3095831 0.2804633 -0.2342838 0.3570511 0.0417767 0.5529777 0.3284128 0.1022384 -0.4581664 0.2116820 0.3610836 -0.6285703 -0.0406247 0.0366337 -0.0245890 0.4756764 -0.1418419 0.0332161 -0.0143449 0.2029567 0.2014259 0.0844072 -0.1085209 -0.0457899 0.0207333 -0.0633597 -0.2997326 -0.4987397 -0.4101986 0.2860799 0.3269726 0.3033425 -0.0826039 -0.3862712 -0.1830368 -0.0087799 -0.0815063 -0.4369297 0.4043773 -0.3986452 0.3445253 -0.3522108 -0.0436632 0.5090987 -0.3764645 -0.2270827 0.2681340 0.0881700 0.2256269 0.0349725 0.1734104 0.2729453 0.2534932 0.2236543 0.0961795 0.4255145 0.2424820 0.3261796 0.4839285 0.3668711 -0.1455808 0.1431735 0.4772635 0.4907299 -0.0831535 0.1257047 0.0417832 -0.1652942 0.0301272 -0.2561897 0.0003143 0.5137396 0.2341432 0.1865637 -0.2990183 0.4392297 0.0450786 0.2435806 0.2745910 -0.4150865 -0.0749731 -0.2275473 -0.1146534 -0.0513935 -0.1956926 -0.1378754 0.1793776 0.0652407 0.1075994 -0.1481989 0.1991755 0.0881585 0.3080332 0.0229603 -0.1515610 0.3306007 -0.0729474 -0.0276624 -0.0711595 0.0108928 0.3232886 0.0113777 -0.1535557 0.1655045 0.1189700 0.0566345 -0.2843649 -0.2260232 -0.1376946 0.0384842 -0.1463002 -0.0306518 -0.1499030 -0.0508173 -0.0598580 -0.0077375 -0.2743016 -0.3899184 -0.2196703 0.0171213 -0.2502747 -0.0431643 -0.2896039 -0.0796920 -0.0467223 -0.0355596 -0.3355349 -0.1487891 -0.0060834 -0.1023927 -0.0857284 -0.0162165 -0.2221877 -0.1485674 -0.1772975 0.2258541 0.2103304 -0.1366807 0.0547410 0.1623859 0.3025653 0.1989723 0.6326048 0.6501714 0.3766688 0.3153091 0.0248128 0.1076860 -0.2509695 -0.3380652 -0.3408216 -0.3354273 0.2603096 -0.1266035 0.3974484 0.6171257 0.4848708 0.1219665 0.2344805 0.3790864 0.1273575 0.1798008 0.0797885 0.4030799 0.4069827 0.3311627 0.3000797 0.3527258 -0.0215385 0.3314404 0.3684253 0.5253402 0.0439262 -0.3587363 0.3674653 -0.0241854 0.0966667 -0.2908331 0.0267661 0.3501964 0.1380075 -0.1480840 -0.3145747 -0.4209156 -0.2848251
0.4791466 0.8043658 0.3952233 0.3350275 0.1711217 0.0000000 0.7376119 -0.2107832 0.8366162 -0.1509110 0.2156187 -0.1449250 -0.2350403 0.4754512 0.7276539 0.3425597 -0.2444533 0.6425458 0.1457427 0.1024420 0.0340446 0.0673018 0.3145897 0.1495101 0.1046492 0.1328634 0.1804743 -0.0482474 0.4490055 -0.0604375 0.4988306 0.0332391 -0.1326452 -0.0219349 0.3772700 0.4377235 0.1802703 0.0171287 0.3303496 0.3091676 0.0137854 0.2808352 0.4594697 -0.3051603 -0.2176425 -0.0355503 0.2994363 0.1503335 -0.3903115 0.1433160 0.3259624 0.4370644 -0.1624885 0.1918457 0.0935657 -0.0205588 0.2050571 0.3115366 0.2255941 0.2514042 0.4591268 0.1233617 -0.1662985 -0.1772810 0.2553100 0.2463656 0.0037680 0.0452339 -0.1428078 -0.1684974 0.0387168 -0.1568517 0.0470927 -0.0212214 -0.0221884 -0.3005114 -0.3380796 -0.0029305 0.1066435 -0.1848609 -0.3585743 0.1393475 0.2985367 -0.6742642 -0.5978010 -0.4719532 0.3199461 0.2340243 -0.5145880 -0.4371620 0.2390516 0.0574162 -0.0907640 -0.2640281 0.1875168 -0.1972318 -0.3396064 0.1379780 0.4115053 -0.0884220 0.1042126 -0.2344825 -0.1020434 -0.4939392 -0.1012731 -0.0231105 -0.5481959 -0.0672081 -0.2846903 -0.4319831 -0.0751419 -0.5708839 -0.3829860 -0.0916577 -0.1093656 -0.2982686 -0.0000198 0.1815330 -0.0903578 0.1268263 0.0569248 0.0110440 -0.4618572 -0.5333733 0.0074074 -0.2556283 0.0371199 -0.4001037 -0.1869256 -0.0836725 0.0422781 -0.3069012 -0.0479230 -0.4943184 -0.0403016 -0.4088556 -0.1814365 0.0249047 -0.0622507 0.0379382 -0.3009451 0.1283239 -0.0320802 -0.4391887 -0.1477424 -0.3017360 0.0369056 -0.1043181 -0.1690344 0.3204834 0.2826906 -0.2624874 0.1908998 -0.2101335 -0.1688752 -0.3307129 -0.0224478 0.0065549 -0.0986298 0.0538323 -0.0425587 0.4773513 -0.0219340 -0.0407346 0.1728867 -0.2814857 -0.2819040 -0.2300261 -0.2192032 0.0375176 -0.0872807 -0.0550734 0.2415866 0.0571034 0.0801023 0.2659406 -0.0222331 0.6332980 0.1392275 0.3211821 0.3820452 0.3663462 0.2904459 0.3052370 0.2461038 0.4116739 0.3057015 0.0570987 0.0256985 0.0308145 -0.1979573 -0.0494603 -0.0728431 -0.2665051 -0.2509456 -0.3414577 -0.3308235 -0.1769182 -0.2099334 -0.3126041 -0.4532456 -0.5528215 -0.4685972 -0.6786697 0.2312701 0.1122735 -0.4358243 -0.2287947 -0.3957113 -0.6032289 -0.4238158 -0.1388130 0.3606652 0.3519284 -0.3582518 0.3168797 0.1779393 0.0904603
0.6067269 0.6243682 0.4334288 -0.0874905 0.2121662 0.7376119 0.0000000 -0.2753837 0.7365489 -0.3139188 0.0497823 0.0873005 -0.2773746 0.4334369 0.6830988 0.1405009 -0.2157431 0.6679125 0.0568755 0.2099154 0.2560964 0.2451838 0.0490770 0.0006932 0.0992603 -0.0490648 0.2292375 0.0780582 0.1981849 0.0643556 0.7511132 -0.1296008 -0.0744675 -0.0382145 0.0562437 0.3447320 0.0146579 0.0516996 0.3639296 0.3253703 0.2742441 0.2095728 0.2801451 -0.1522353 -0.2129577 -0.1632473 0.1627675 0.2507015 -0.2804286 0.2259861 0.1352301 0.2683432 -0.0021619 0.1958977 0.0174088 -0.0968357 0.0700752 0.2194343 0.1908788 0.1237215 0.3076946 0.1367436 -0.3732459 -0.3466425 -0.0814632 0.1582823 0.1121439 0.1753400 -0.0917182 -0.0854208 0.1287941 -0.2341875 0.1650705 -0.2242349 0.0236278 -0.0654135 -0.0853187 -0.0822644 0.0809624 0.1582320 -0.4946457 0.3384603 0.5122332 -0.4502500 -0.4192960 -0.2388144 0.2109629 0.5337130 -0.3241043 -0.2539123 0.1823704 -0.1111517 -0.2187985 0.0602077 0.2172951 -0.2505196 -0.4178196 -0.0532508 0.5721845 0.1142207 0.2559839 -0.1891698 0.0024531 -0.0800650 -0.1060004 0.1099566 -0.3978245 -0.0909553 0.0676733 -0.4052753 0.1903640 -0.2977943 -0.2945751 -0.0399062 -0.0837696 -0.1186396 0.0612104 0.0494635 -0.0360110 0.0742549 0.1073681 0.0694754 -0.5677658 -0.2420292 -0.0919155 -0.0501517 -0.0634647 -0.4753149 -0.0331631 -0.0910679 -0.0613082 -0.2538296 -0.2756945 -0.4609887 -0.0951928 -0.5168299 -0.1864622 0.2805396 0.0317703 0.1662734 -0.3616105 0.3176382 -0.0197797 -0.0708934 -0.1650465 -0.3851946 0.1297265 0.0096560 -0.2232170 0.3384283 0.3168863 -0.2432113 0.3521098 -0.2699976 -0.0448481 -0.2572756 0.1054296 0.0494613 -0.0224224 0.2518338 -0.0041252 0.3705184 -0.0866524 0.0890864 0.1549264 -0.2584746 -0.3880211 -0.2808080 -0.0845394 0.2017329 -0.1078190 -0.0713226 0.2746340 0.1738250 0.1018024 0.3581368 0.2517569 0.8972744 0.4985137 0.4803237 0.3616060 0.4745833 0.3173514 0.3560992 0.2548410 0.1860287 0.4156270 0.2000528 0.3024885 0.2473410 -0.1215769 0.1680428 -0.0177697 0.1249320 -0.0193541 0.1296495 -0.1816845 -0.1197037 -0.2051088 -0.1001489 -0.1434435 -0.1446498 -0.3787069 -0.3721744 0.2600774 0.1002286 -0.0647432 -0.1024497 -0.3584232 -0.3244151 -0.6542779 -0.0564476 0.2688140 0.4406116 -0.3744231 0.5155655 0.2526852 0.3036110
0.2570762 -0.0923193 0.5843671 0.6980038 0.6812079 -0.2107832 -0.2753837 0.0000000 -0.0650225 0.6302588 0.7592062 0.6369571 0.9513262 0.1592125 -0.3215453 0.4402180 0.6072690 -0.3187259 0.4215312 0.0781237 0.3476281 0.2554120 0.4552692 -0.1498994 0.2018300 0.4021916 0.6019636 0.3114591 -0.4673574 0.6566224 0.1125806 0.3665088 0.1947301 -0.1827933 0.4314441 -0.3877417 0.4609464 0.3514876 0.5966061 0.2483975 0.3260814 -0.5647138 0.3518572 0.4041383 -0.4267627 0.2768560 0.1663575 0.1652110 0.5289970 -0.0427108 0.1951105 0.0627595 0.2650154 0.1632250 0.0820352 0.1080228 0.1145611 0.1258938 -0.4122973 0.0116064 -0.6649931 -0.0620498 0.3215621 0.5381060 0.1665507 -0.0937147 -0.0140973 0.0360091 0.2291441 0.2319329 -0.1127170 0.4865508 -0.1394540 0.2996411 -0.0105022 0.1413100 0.5737471 0.0275935 0.1473817 0.3147521 0.5404736 -0.0579032 -0.4592599 0.2241497 0.3621721 -0.0175935 -0.0082878 -0.1549197 0.3591527 0.3747135 0.1764617 0.4388098 0.4185925 -0.0818028 0.0095118 0.4629050 0.5247998 -0.1392746 -0.1805861 -0.0444112 -0.2731673 -0.1195799 -0.5307465 0.2147383 0.4870406 -0.0384919 0.1414041 -0.5022193 0.5018857 0.2674402 0.0923733 0.3015387 -0.2967369 -0.0815308 -0.2113647 -0.0725653 -0.1779718 -0.3219279 -0.1687045 -0.0975746 -0.3230805 -0.1841055 0.1421188 0.0736411 -0.1363470 0.4449900 -0.0329018 0.0577228 0.3414259 -0.0640477 -0.0896704 0.1375538 0.1587383 0.3776453 0.2187847 0.1047893 0.1308609 0.1765717 0.1283755 0.0352322 0.1652883 0.0326567 0.2703374 0.1355546 0.2343142 0.1972520 0.0461050 0.0980992 0.2751088 -0.2488323 -0.4000011 0.1092409 0.0461252 0.1758101 0.1536800 0.1257465 0.1681128 0.1270056 0.2474349 -0.1874746 0.0711603 -0.0708044 -0.0912800 0.1464063 0.1141552 0.1488831 0.3191445 0.2460170 0.5722568 0.2223713 0.2907451 0.4545851 0.1827809 0.5023148 0.3369520 0.5393202 0.5902453 -0.1387159 0.2154918 -0.1189177 -0.1662858 -0.4340974 -0.4858508 -0.4973060 -0.4224920 -0.1811520 -0.6035107 -0.0883008 0.2736299 0.3611183 0.3718743 0.2742025 0.5599408 0.2400022 0.4852867 0.2395929 0.4665810 0.4794917 0.5873277 0.4017319 0.4001501 0.0985545 0.1679342 0.3898141 0.1437167 0.1748478 -0.2069301 0.2529796 -0.0141586 0.0997756 -0.1970407 0.0208305 0.0487192 -0.1582842 -0.0087167 -0.4843482 -0.2725618 -0.1796442
0.6560777 0.7737110 0.4642762 0.2348480 0.2294354 0.8366162 0.7365489 -0.0650225 0.0000000 -0.3285828 0.2051888 0.0461967 -0.1104522 0.4903211 0.8874868 0.2779951 -0.3476327 0.7398715 0.3191135 0.0030201 0.2538326 0.2705672 0.3425531 0.1407848 0.3158864 0.3013312 0.1953873 0.1463440 0.3912282 0.0867006 0.6809839 0.0726729 -0.0314422 -0.0496682 0.4386734 0.3924190 0.3352029 0.2037841 0.4533893 0.3554756 0.2166250 0.1836968 0.5358506 -0.2191357 -0.3016514 0.1068211 0.4609815 0.2967267 -0.3617517 0.2478465 0.4671958 0.4434674 0.0043586 0.2514882 0.0155469 0.0859416 0.3191256 0.4416706 0.1670374 0.3799995 0.3802640 0.3522648 -0.1320769 -0.1271533 0.1436412 0.2593349 0.1846429 0.2124119 0.1028038 0.0224301 0.1087944 -0.1909205 0.1768949 -0.1070695 0.0843818 -0.1690038 -0.2024757 0.0534293 0.3443685 -0.0913891 -0.2508282 0.1072577 0.3394523 -0.5619556 -0.5980510 -0.4574041 0.1768928 0.4519336 -0.4560232 -0.3845168 0.2156745 0.0305170 -0.0195670 -0.3785689 0.1432916 -0.2114784 -0.3387087 0.0867858 0.4810218 -0.0411799 0.0564759 -0.2501401 -0.0558074 -0.4324910 -0.0818445 -0.1471330 -0.5319508 -0.1647012 0.0364882 -0.4596151 -0.1092452 -0.3644772 -0.3564297 -0.0233402 -0.0627281 -0.2881576 -0.0458871 -0.0307960 -0.1088523 0.0744387 -0.0830180 0.0004600 -0.4822170 -0.4792060 0.0656067 0.0757060 0.0054849 -0.3132957 0.1496583 0.0316812 0.2111375 -0.1424106 0.1221184 -0.3768323 0.0230577 -0.3849689 -0.0682937 0.3198687 0.2537630 0.0606483 -0.2520945 0.2734627 0.0306548 -0.1775581 0.1520563 -0.2252928 0.2386746 0.1405645 -0.1775771 0.2939951 0.2013518 -0.1884170 0.2859125 -0.0900891 0.0181692 -0.2620409 0.0917762 0.1634035 -0.0247577 0.0961128 0.1182093 0.4536222 -0.1875013 -0.0147295 0.2987407 -0.1098954 -0.1220948 -0.1023471 -0.0489356 0.0440861 0.1765269 0.1489539 0.3929281 0.1318903 0.0532914 0.3332907 0.0965902 0.7082187 0.4047854 0.4937385 0.4173183 0.3950773 0.2591055 0.2841358 0.3074038 0.1708223 0.1875348 -0.1783560 0.0281715 0.1307208 0.1800566 0.0000911 -0.1099392 -0.0156983 0.0594979 0.0203109 -0.2324251 -0.2477274 -0.1556765 0.1006167 -0.3831482 -0.4891900 -0.5262517 -0.5882605 0.1628707 0.0470676 -0.1178168 -0.2698717 -0.4925158 -0.6357157 -0.6742123 -0.0979632 0.2852661 0.1767804 -0.4596291 0.3524937 0.1224107 0.1118649
0.1408621 -0.0097985 0.3565499 0.4531364 0.4633560 -0.1509110 -0.3139188 0.6302588 -0.3285828 0.0000000 0.6868593 0.4021507 0.5939574 0.2212476 -0.5494896 0.5022885 0.9055601 -0.4988050 -0.0088438 0.1484214 0.2788496 -0.2223598 0.3582902 -0.1979520 -0.2261790 0.1015922 0.6469574 -0.1226078 -0.2230004 0.3894420 -0.2629604 0.0264718 -0.0558637 -0.0323570 0.0696543 -0.1166172 0.0373889 -0.0966720 0.2665182 0.0122698 -0.1026918 -0.2445151 0.0483536 0.2177926 -0.1135489 -0.1068000 -0.2785551 -0.2099224 0.5644573 -0.4138517 -0.2334754 -0.0402557 -0.0255081 0.2088622 -0.1393268 -0.3064852 -0.3108977 0.0218116 -0.1087270 -0.2622699 -0.5103318 -0.3192724 0.0009540 0.3334025 0.0415297 -0.4252520 -0.2668321 -0.1024953 -0.3602627 0.0877543 -0.3796728 0.2401655 -0.3731211 0.2246889 -0.3771581 0.1556492 0.4448870 -0.2867038 -0.2267909 0.2972384 0.1189478 0.1203609 -0.3857541 0.3046509 0.5584726 0.1885446 0.0747214 -0.2467804 0.4274931 0.4250205 0.0989052 0.3319803 0.1087537 0.2964442 0.0374425 0.3279155 0.4331440 -0.1803575 -0.2771146 0.1378999 -0.2070901 -0.0744401 -0.3443063 0.2639532 0.1455816 -0.0191736 0.2558577 -0.2315080 0.0752984 0.3039509 0.0822363 0.1870508 -0.1652260 -0.1279279 -0.1876422 0.0354730 -0.0218527 -0.1184707 -0.0926787 -0.3218445 -0.3208784 -0.2531181 -0.0101492 -0.0584296 -0.3710619 -0.0635015 -0.1286528 -0.2926898 -0.1580515 -0.4135882 -0.5113540 -0.3377144 -0.2372216 0.0511033 -0.1557062 -0.1331609 -0.2459298 -0.2096028 -0.4111557 -0.1376685 -0.2001616 -0.2575092 -0.0744032 -0.2382808 -0.2644263 -0.2056794 -0.3787245 -0.4130709 -0.0770874 -0.4043816 -0.3384658 -0.2989132 -0.2386181 -0.3009796 -0.3563300 -0.1230108 -0.0421688 -0.3851915 -0.0857539 -0.2331172 -0.4592213 -0.2079215 -0.0503163 0.1379682 -0.3444935 -0.1476996 -0.0420675 -0.2220057 0.0700577 0.1126592 -0.2583139 -0.1564692 0.2109893 0.3760762 0.4677662 0.3081750 0.3931333 -0.1706565 -0.0399450 -0.1252704 0.1422380 -0.3142390 -0.2718268 -0.2780125 -0.2384839 0.0183955 -0.0586328 0.2649038 0.2525347 0.2248748 -0.1725633 0.1628949 0.4071641 0.0163678 -0.0556167 -0.0594467 0.2043356 0.3334936 0.3825675 -0.1214447 0.1949454 -0.1645570 0.1928647 0.2822601 0.3932260 0.1740485 -0.4353807 0.3359710 0.0198566 0.0571643 0.0524057 -0.1016070 0.2587271 0.2948540 0.2413755 -0.4521074 -0.1167040 -0.1050685
0.3903801 0.1999229 0.6195170 0.6749899 0.6699831 0.2156187 0.0497823 0.7592062 0.2051888 0.6868593 0.0000000 0.3074941 0.6927272 0.2550909 -0.1314273 0.8471060 0.6166710 -0.2121536 0.3796640 0.1813243 0.3352447 0.0232768 0.7478512 -0.4222513 0.0188320 0.3510979 0.6470404 -0.1040925 -0.1748263 0.3111905 0.2143613 0.0594532 -0.2198252 -0.4422064 0.4371705 -0.1159230 0.3157715 0.1359288 0.5467674 0.1663777 0.0746734 -0.3783515 0.4250457 -0.0326889 -0.5359743 0.1064694 0.1534165 -0.0452233 0.2488685 -0.0802649 0.1098323 0.0972039 0.0920819 0.3234226 -0.0747718 -0.1257299 0.0565624 0.3115904 -0.3556488 -0.1174888 -0.4900915 -0.2054209 0.2620581 0.5343312 0.3500628 -0.0520803 -0.2104643 0.0315782 0.0092404 0.1956475 -0.2362071 0.4668280 -0.2741490 0.3855249 -0.1273348 0.0633302 0.4873545 -0.1095290 -0.0216946 0.3533829 0.2433540 0.0483038 -0.3197714 -0.1168972 0.1223450 -0.0435499 0.2013617 -0.1543625 0.1777238 0.0609480 0.4616281 0.5321308 0.4838306 -0.1518965 0.2787316 0.3809126 0.4533518 0.1367427 -0.0524923 -0.0963998 -0.3803054 -0.0114172 -0.3871578 0.0376920 0.3583066 -0.0431567 0.0858288 -0.3556256 0.2453767 0.2165319 -0.0141663 0.1198155 -0.1384741 0.1488698 -0.0039233 0.1596635 0.1312702 -0.1370132 0.0764642 -0.1335171 -0.1953721 0.0459669 -0.0812681 -0.1688643 -0.2611110 0.1914779 0.1943550 -0.1844426 0.1344509 -0.2105157 -0.1430844 -0.1841353 0.0675012 0.0963381 -0.0033166 -0.1743609 -0.0064734 0.1751168 0.0407806 -0.0356597 -0.2130568 0.0106986 0.0317319 -0.0903489 0.0820251 -0.1786913 0.0516805 -0.0032574 -0.0528425 -0.2135552 -0.3069780 -0.1098033 0.1083027 -0.2071669 0.0291943 -0.0956080 0.0374448 0.0234413 -0.0668881 -0.1415601 -0.0562909 0.0377089 -0.1430032 0.0484676 0.0474485 -0.1546490 -0.1126755 -0.1964171 0.1963692 0.2271275 -0.0109852 0.1164048 0.2735517 0.3977940 0.1980381 0.3621418 0.3795394 0.2030900 0.1717898 0.0269302 0.0604011 -0.2916568 -0.3911315 -0.3519646 -0.3818654 0.1393154 -0.2701960 0.2235854 0.4680699 0.4678972 0.0441782 0.3395061 0.4880999 0.0550871 0.2059889 0.0847826 0.1515643 0.2821992 0.5051710 0.1218080 0.2247054 -0.1814434 -0.1304381 -0.0468042 0.3379885 0.1370009 -0.4550135 -0.0537232 -0.0628266 -0.0805204 -0.3340643 -0.0419063 0.3554904 0.1626286 -0.2803628 -0.5160241 -0.3779426 -0.2598050
0.4519124 0.0786312 0.4848172 0.2032668 0.4326131 -0.1449250 0.0873005 0.6369571 0.0461967 0.4021507 0.3074941 0.0000000 0.6450196 0.2907739 -0.0881322 0.0642981 0.5188529 -0.0240617 0.3174594 -0.0689261 0.7173149 0.4690996 0.0724911 0.1841157 0.3948460 0.3309176 0.6129329 0.4708089 -0.2704607 0.8216678 0.3215453 0.4214480 0.4193767 0.3471542 0.2442077 -0.0258378 0.4095441 0.4635472 0.6397419 0.4095182 0.6049135 -0.1233751 0.3135527 0.6112346 -0.0297816 0.2454946 0.1821622 0.4771255 0.6092021 -0.0059530 0.2344699 0.2614962 0.3793413 0.2250361 0.1438554 0.1489989 0.0779736 0.2124630 -0.1563175 0.2646344 -0.4259325 0.3264606 -0.1787779 0.0911452 -0.3350121 -0.1678837 0.3992114 0.3635028 0.2044494 0.3531721 0.1664495 0.0493525 0.2786861 -0.1346295 0.1185975 0.4434118 0.5132532 0.1020370 0.4296761 0.4467340 0.1605882 0.1110481 -0.0694255 0.3576305 0.4584474 -0.0616532 0.1098142 0.3294763 0.4121218 0.7088480 0.0054990 0.1792486 -0.1333105 0.3819917 -0.0578099 0.2057894 0.1363528 -0.4669413 0.1718889 0.3934600 0.3312100 -0.3280604 -0.4946173 0.4327478 0.3022535 0.0919673 -0.0283260 -0.4771948 0.6638182 0.1158394 0.5147383 0.2187139 -0.4665858 -0.4282115 -0.4604946 -0.2799703 -0.3468963 -0.3510949 -0.3717760 -0.1804068 -0.4087234 -0.4077271 -0.1182413 0.0026091 -0.3062717 0.1862616 -0.3515971 -0.2314841 0.0601219 -0.1450444 -0.4111026 0.1292675 -0.1505788 -0.0282377 0.2972807 -0.0606170 -0.2450291 0.1967990 -0.1210859 0.2973446 0.1293477 0.2811767 0.3555205 0.2802987 0.0282538 0.0763610 -0.0435757 -0.0494623 0.2638352 0.0541941 0.0474751 0.0437314 0.1482064 0.1304561 -0.0014268 0.1449168 0.4097773 0.0199396 0.3926399 0.1870500 -0.0522450 0.1359801 -0.0962938 0.5073449 0.1156274 0.2125644 0.3488161 0.2894263 0.5868496 0.3390325 0.3365234 0.4774288 0.4439205 0.7329963 0.6758938 0.7636081 0.8707798 0.1516881 0.6606893 0.3032979 0.1135578 0.0902721 0.0142775 -0.0072883 -0.0722301 -0.5481309 -0.2877208 -0.3574856 0.1176989 0.3065768 0.4077671 0.3467786 0.4098855 0.5953743 0.3767306 0.4085095 0.3297255 0.2602854 0.3079336 0.2202212 0.1086666 -0.0365700 -0.0734971 0.3321883 0.0366296 -0.0071950 -0.1068508 0.2746852 -0.4063958 -0.1364438 -0.5076732 -0.1228218 -0.2295969 -0.0981156 0.0331177 -0.0328992 0.3000778 0.2066550
0.2158635 -0.0863077 0.5499194 0.6336645 0.7044795 -0.2350403 -0.2773746 0.9513262 -0.1104522 0.5939574 0.6927272 0.6450196 0.0000000 0.0104093 -0.3330705 0.4220048 0.6262243 -0.3968302 0.5007297 0.1653605 0.4045507 0.3836744 0.4491162 -0.1830213 0.3522153 0.5030907 0.6246907 0.2251056 -0.3481742 0.6511398 0.1977065 0.5616792 0.1358485 -0.0862691 0.4751979 -0.2599907 0.5629539 0.4923862 0.6083252 0.3636384 0.4222071 -0.4192079 0.3627573 0.4312528 -0.3092998 0.4246395 0.2421953 0.3098226 0.6017288 0.0839676 0.2531387 0.1368993 0.4474580 0.2946374 0.3127222 0.2882141 0.1979876 0.2578596 -0.3126968 0.0276314 -0.5723722 -0.0128056 0.4621998 0.6281229 0.2391324 -0.0225453 0.0570205 0.1899120 0.3444330 0.3797588 -0.0091628 0.6104486 -0.0261912 0.3992984 0.1018906 0.3192446 0.6340920 0.1380486 0.1966361 0.3602334 0.5320030 0.0117591 -0.3329852 0.3480157 0.4823612 0.0643959 0.1520251 -0.0218151 0.4694824 0.5293090 0.1987221 0.4749497 0.3885578 0.0007463 -0.0146888 0.5098160 0.5978963 -0.1203744 -0.0087478 0.1252357 -0.0439449 -0.0668780 -0.4568686 0.3237588 0.5852939 0.0606542 0.1865692 -0.4298530 0.4872484 0.2767050 0.2438165 0.3301507 -0.2898856 -0.1533618 -0.2412308 -0.0772706 -0.1780238 -0.2807520 -0.1521776 0.0046375 -0.2104236 -0.0906064 0.2146078 0.1958910 -0.1126152 0.3551677 -0.0148625 0.0784690 0.2539718 -0.0643816 -0.1687884 0.2167053 0.1508056 0.3198842 0.3219606 0.1839323 0.0460039 0.0260794 -0.0190000 0.0206811 0.2412934 -0.0082772 0.2981972 0.1453056 0.1216856 0.2209276 -0.0498286 0.0174501 0.3616569 -0.2079683 -0.3052130 0.1607805 0.0101146 0.2101315 0.0896914 0.1691079 0.1438141 0.0995951 0.2555348 -0.1725519 0.0476818 -0.0316518 0.0377039 0.1469002 0.1085316 0.2260979 0.3627270 0.3140151 0.5932567 0.2073892 0.3002812 0.4664046 0.1714811 0.4689306 0.3091989 0.4846997 0.5893982 -0.1074153 0.2740120 -0.0381651 -0.0734348 -0.3157140 -0.3510494 -0.3743824 -0.3848274 -0.1313723 -0.5719557 -0.0991370 0.2960652 0.3851760 0.3683762 0.3128705 0.4844577 0.2833921 0.4238011 0.1982372 0.4096375 0.4018705 0.6001481 0.3273321 0.3640616 0.0849305 0.1700602 0.3939409 0.0717384 0.0259310 -0.2958508 0.2417143 -0.0244372 0.2203109 -0.1262549 -0.0273767 0.0435227 -0.1826619 0.0220039 -0.4442383 -0.2908773 -0.2697143
0.4639404 0.3903235 0.6103165 0.3068226 0.3678356 0.4754512 0.4334369 0.1592125 0.4903211 0.2212476 0.2550909 0.2907739 0.0104093 0.0000000 0.4420633 0.1050718 0.2340565 0.6761880 -0.1453858 0.2520918 0.0289890 -0.2181791 -0.0773772 0.4780011 -0.2122625 -0.1904725 0.4998552 0.5924526 -0.1054756 0.5424731 0.2400589 -0.1555835 0.5314799 0.2237072 0.0332268 -0.1105737 -0.0060502 -0.2697116 0.4350349 0.3682353 -0.0650798 -0.1819991 0.1920942 0.3753379 -0.3518573 -0.3462109 -0.1331410 -0.2035537 0.2789149 -0.2425669 0.0132978 0.2636490 -0.1056430 0.1227164 -0.4136369 -0.4349026 -0.1005651 -0.1053250 0.0531564 0.1222453 -0.1247633 -0.0449655 -0.6360230 -0.3152530 -0.1650434 -0.0440379 -0.1167452 -0.2710459 -0.5073690 -0.4322146 -0.3728531 -0.3534573 -0.3556395 -0.3294358 -0.5677726 -0.4700975 -0.1570688 -0.5864336 -0.2132161 -0.1961562 -0.4303193 0.1059716 0.1232680 -0.1597293 -0.1262419 -0.0590466 -0.0536679 0.1847052 -0.1253673 -0.1438613 -0.1327146 -0.1412655 -0.2143909 0.0158539 -0.0376117 -0.1844603 -0.2904783 -0.2351001 0.0048986 -0.2061927 -0.1074097 -0.1896013 -0.1261470 -0.2421824 -0.2529167 -0.2412850 -0.1236799 -0.0869055 0.0600500 -0.1969195 -0.1212749 -0.0326986 -0.4484918 -0.0946636 -0.1572938 -0.2571432 0.0008619 0.0935394 -0.1470644 0.0308395 -0.1106089 -0.2014326 -0.7114190 -0.4275724 -0.0133051 0.1197610 -0.4225647 -0.6219283 0.0932534 -0.3646131 -0.2029333 -0.5756807 -0.4156424 -0.2281728 -0.4689749 -0.6497618 -0.2306820 0.0510637 -0.1234185 -0.2468221 -0.5892546 -0.1407366 -0.3432019 -0.4404385 -0.2314774 -0.4825490 -0.1991916 -0.2451670 -0.4812077 -0.2925272 -0.3438591 -0.6070367 -0.2152052 -0.4600868 -0.2856004 -0.5923094 -0.2502134 -0.3642096 -0.2798464 -0.3697197 -0.3324546 -0.1594620 -0.5323553 -0.1820247 -0.2802213 -0.5450192 -0.4290780 -0.4435366 -0.2649542 -0.2501616 -0.3543060 -0.2832805 0.1550226 0.2089445 0.3113182 0.5874003 0.3386902 0.2917698 0.0826693 -0.0739695 0.1455648 -0.0856883 -0.1135076 -0.1304950 0.0663706 0.0779342 0.2066162 0.1583202 0.0085238 -0.0584809 0.0262958 -0.2450928 0.0358450 -0.1277831 -0.0734436 -0.0660866 -0.0611903 0.1340507 -0.3176886 0.1032969 -0.0903406 -0.2058921 -0.0763283 -0.1041905 0.5567675 0.4257885 -0.0407528 0.4471647 -0.1852344 -0.6013826 -0.6177972 -0.2905740 0.3101699 0.4226414 -0.1713857 0.1800031 0.3503173 0.5370200
0.4918333 0.7099742 0.2820707 -0.0256434 -0.0225292 0.7276539 0.6830988 -0.3215453 0.8874868 -0.5494896 -0.1314273 -0.0881322 -0.3330705 0.4420633 0.0000000 0.0376432 -0.4949496 0.8328184 0.2402178 0.0000479 0.1237126 0.2698613 0.1140323 0.3548968 0.3615387 0.2063268 0.0551001 0.2604287 0.5431903 0.0723829 0.5951412 0.1192964 0.0951054 0.2096387 0.3855192 0.4876746 0.3140251 0.2056546 0.3543115 0.4491249 0.2243415 0.4198334 0.5226912 -0.1097722 -0.0038632 0.1967488 0.5260317 0.3286236 -0.3960228 0.4436633 0.5775215 0.5906247 0.0256192 0.2468933 0.0740199 0.2328918 0.4437392 0.3551217 0.2853016 0.5572171 0.5844306 0.4849116 -0.3081782 -0.3205556 -0.0249937 0.4539749 0.3295859 0.2495618 0.1351729 -0.0360462 0.2574134 -0.3490731 0.2819834 -0.3387819 0.1345009 -0.2281722 -0.4712174 0.0781987 0.3030315 -0.3091707 -0.4348819 0.0679127 0.4998601 -0.4662613 -0.6077238 -0.3510390 0.1432197 0.4991268 -0.5066313 -0.4030720 0.0011391 -0.2559408 -0.3037331 -0.2563323 0.0968640 -0.3669029 -0.5784792 -0.0514577 0.5826537 -0.0022948 0.2521617 -0.3166990 0.1430097 -0.4099931 -0.2813205 -0.1051962 -0.5030314 0.0191036 -0.1875067 -0.4930530 -0.0784610 -0.4558921 -0.2983890 -0.0233392 -0.0322817 -0.3051727 -0.0208225 0.0669572 -0.0818935 0.0784565 -0.0297682 -0.0120639 -0.5160097 -0.5459207 0.0290781 -0.1072015 -0.2396882 -0.3352088 -0.0457550 -0.0718268 0.1022596 -0.1861519 -0.0815284 -0.5036102 -0.0729510 -0.4015731 -0.2322091 0.0962876 0.1421505 -0.0194308 -0.2691251 0.1699571 -0.0841467 -0.2083309 -0.0289508 -0.2262583 0.1420322 0.0792215 -0.2462454 0.2953135 0.2474300 -0.1638403 0.1311883 -0.0829381 0.0082015 -0.2630963 -0.0297287 0.0764701 -0.0896199 0.0428216 0.1311937 0.3647454 -0.2128605 -0.1285295 0.2289155 -0.1474862 -0.1947773 -0.0911382 -0.1596083 -0.1416637 0.0947397 0.0700013 0.2553959 -0.0818642 -0.0112509 0.1748517 -0.0785469 0.5883753 0.3286197 0.4733560 0.4045726 0.5555446 0.4520583 0.4668249 0.4296263 0.0794223 0.3006666 -0.2745298 -0.2643459 -0.1822969 0.0742050 -0.2359107 -0.3693504 -0.1341587 -0.1623979 -0.1265856 -0.4484644 -0.4326908 -0.4315085 -0.0481327 -0.5386388 -0.4293920 -0.5636423 -0.6604989 0.0487466 0.0070437 -0.0028908 -0.2526096 -0.4665239 -0.6339915 -0.5906995 -0.3009268 0.1450167 0.1394879 -0.4873009 0.5484580 0.2876796 0.2814569
0.3062289 0.3373514 0.3612020 0.4712953 0.3385289 0.3425597 0.1405009 0.4402180 0.2779951 0.5022885 0.8471060 0.0642981 0.4220048 0.1050718 0.0376432 0.0000000 0.4250892 -0.1571010 0.5731834 -0.0121489 0.3090017 0.1532743 0.8949808 -0.4068836 0.2010524 0.4755326 0.5580590 -0.3678724 0.2300432 0.0544648 0.2581868 0.0981351 -0.4561309 -0.2866195 0.5336577 0.2073521 0.3714151 0.2814292 0.4657569 0.2421535 0.0628167 -0.0142345 0.5537737 -0.2612200 -0.2402730 0.3095145 0.3264035 0.0587542 0.0247637 0.1974652 0.2501884 0.3158557 0.1758166 0.5334120 0.0291217 0.0667233 0.2965272 0.5717255 -0.2505559 0.1084351 -0.1546572 0.0585340 0.1890831 0.5165818 0.3506575 0.2030634 0.0492527 0.3214487 0.0949302 0.4035192 0.0676199 0.4351573 -0.0124367 0.3561055 0.1386848 0.1709442 0.3108447 0.1150714 0.0727214 0.2837374 0.0507818 -0.0822333 -0.3326327 -0.3042779 -0.0609519 -0.1679613 0.1693634 -0.0834662 -0.0353594 -0.0824830 0.3575460 0.2636914 0.2561510 0.0147399 0.2595311 0.0817650 0.1893906 0.1800527 0.0701918 0.0554870 -0.1762053 -0.0564946 -0.2904171 0.0200288 0.1258028 -0.2284380 -0.0450123 -0.1983972 -0.0492475 0.1670276 -0.0689434 -0.1073115 0.0107445 0.1946930 0.1213797 0.2554025 0.2656113 0.0358014 0.2528512 -0.1405720 -0.1206216 0.1530402 -0.1466161 -0.3320068 -0.4197517 -0.0681419 0.2201051 -0.3043762 -0.1419085 -0.3378855 -0.2727571 -0.3205352 -0.0058312 -0.2003474 -0.0899568 -0.2756191 -0.2418778 0.0891993 -0.1127517 0.1553912 -0.2515620 0.1530319 -0.1082782 -0.0778366 -0.0455120 -0.3025012 0.0396812 -0.0723231 -0.1779051 -0.0240892 -0.0442653 -0.0638731 0.1892471 -0.2282059 -0.0839958 -0.0662780 0.0216403 -0.0185480 -0.2060047 0.0358993 -0.0773639 0.1113185 -0.1214543 0.0383999 0.0250954 -0.1489503 -0.2075526 -0.2765782 -0.0115208 0.1354633 -0.0308566 -0.0000030 0.3129102 0.2818978 0.1377624 0.0765966 0.0998491 0.2569411 0.1519613 0.1574526 0.2163952 -0.0358255 -0.1229186 -0.0761075 -0.1974460 0.1540889 -0.1315813 0.1125951 0.3074890 0.4174820 -0.1045619 0.3111797 0.2453280 -0.0608805 0.0457052 -0.0127626 -0.2303217 -0.0094890 0.3491452 -0.1484774 -0.0405141 -0.3091581 -0.4803662 -0.3974233 0.0731124 -0.0278863 -0.4587716 -0.3552440 -0.2407433 -0.1712614 -0.3555019 -0.0858453 0.3035706 0.1951829 -0.4060394 -0.3791469 -0.2402499 -0.1338192
0.1360787 -0.0860118 0.3988234 0.2458777 0.5392520 -0.2444533 -0.2157431 0.6072690 -0.3476327 0.9055601 0.6166710 0.5188529 0.6262243 0.2340565 -0.4949496 0.4250892 0.0000000 -0.4843027 -0.0256697 0.3188111 0.4362801 -0.1641001 0.2396710 -0.2379432 -0.1699771 0.0436852 0.7326983 -0.0044827 -0.2368813 0.5340772 -0.1270906 0.1024897 0.0284537 0.0237536 0.0145607 -0.0779556 0.0821494 -0.0313719 0.3593891 0.1532531 -0.0015574 -0.1758501 0.0578966 0.4062071 -0.1010242 -0.0286140 -0.2272009 -0.1341756 0.7025563 -0.2452848 -0.1906861 0.0321986 0.1520421 0.2863859 -0.0136715 -0.2003177 -0.2373376 0.0149902 -0.1190075 -0.2553613 -0.6204850 -0.3015019 -0.0513793 0.2671211 -0.0785052 -0.3229595 -0.2191953 -0.0177245 -0.2896049 0.1213491 -0.3658809 0.2227590 -0.3639639 0.1076043 -0.3940662 0.2431811 0.5208950 -0.3750694 -0.2865747 0.3786059 -0.0256879 0.1283531 -0.1913032 0.5161555 0.7066535 0.4487212 0.1719891 -0.0852383 0.5951795 0.5618030 0.0558553 0.2755394 0.0471549 0.4064289 0.0166820 0.3312802 0.4122150 -0.2455092 -0.1096379 0.3322316 -0.0301853 0.0356616 -0.1607610 0.3910429 0.1630426 0.0699676 0.4543954 -0.0944664 0.1680550 0.4098295 0.2383825 0.3526356 -0.0787164 -0.0589121 -0.1308020 0.1399810 0.1015468 -0.0597069 0.0135456 -0.2385494 -0.1719508 -0.0945625 -0.1000688 0.0484930 -0.4417664 -0.0926296 -0.2407855 -0.3858725 -0.2034911 -0.5433095 -0.6724049 -0.3351223 -0.3909167 0.0045538 -0.1822592 -0.2121430 -0.3922810 -0.2995132 -0.5197675 -0.2361006 -0.3094167 -0.3543076 -0.1961160 -0.1492060 -0.4412899 -0.3139781 -0.4963202 -0.4926096 -0.1692940 -0.5340860 -0.4194201 -0.3480404 -0.3629063 -0.4267218 -0.3568488 -0.1881525 -0.1581042 -0.4824622 -0.2084773 -0.3030061 -0.4902109 -0.3615346 -0.1207923 0.0461329 -0.4307613 -0.2433425 -0.1949621 -0.2993307 0.0642670 0.0303203 -0.3475622 -0.1828816 0.1524785 0.3097695 0.4203212 0.3374488 0.5164663 -0.0761820 0.1825181 -0.0247727 0.1887309 -0.1943654 -0.1981125 -0.1957667 -0.2709963 -0.1226163 -0.0174353 0.3013676 0.3012678 0.2174363 -0.2056533 0.2115420 0.2903703 0.1236190 -0.1118827 0.0339362 0.1482634 0.2157935 0.2977953 -0.1148941 0.2175615 -0.0953769 0.1667899 0.3785545 0.4022152 0.0005547 -0.4422451 0.3460336 0.0208419 0.1393720 -0.0715603 -0.2107257 0.1723539 0.2658478 0.0562522 -0.4118371 -0.1602352 -0.0800210
