0.0000000 0.1665403 -0.0387428 -0.3046609 0.0739848 -0.4418372 -0.3737340 -0.1857847 -0.4271063 -0.4056616 -0.3616271 -0.2463977 -0.0723489 -0.3407464 -0.2962180 -0.2829795 -0.2908393 -0.2214182 -0.3244159 0.2854085 -0.3739451 -0.0616696 -0.2706165 -0.4000313 -0.2734423 -0.4016748 -0.6826797 -0.4328412 -0.3809770 -0.6323159 0.2658481 0.1002184 -0.3195395 -0.3862692 -0.3874103 -0.6448163 -0.1623546 -0.3780880 -0.8253695 -0.7272832 -0.0434354 -0.5791745 -0.6581196 -0.5668322 -0.3100108 -0.2055170 -0.2523636 -0.2816813 -0.5740947 0.0597271 -0.6673729 -0.8145358 -0.4841534 -0.7825075 -0.2036144 -0.1329212 -0.0418035 -0.7214751 -0.3668147 -0.6354951 -0.4679329 -0.7244004 0.0399430 -0.6183343 -0.4125258 0.2703423 -0.4047821 -0.4004358 0.0632995 -0.4992478 0.3501049 -0.5943538 -0.3911759 -0.5316044 -0.1079941 -0.4093241 -0.6583857 -0.1338570 -0.4923038 -0.4426415 -0.5544522 -0.3828253 -0.3967077 -0.0462926 -0.0146107 -0.2323340 -0.2877393 0.4981178 -0.2005284 -0.1327694 -0.2951854 -0.1802928 -0.4598205 0.4138025 -0.0404807 -0.1611522 -0.3067812 -0.6010441 -0.1063213 -0.3802619 -0.1439399 -0.4857827 -0.6164815 -0.3411357 -0.3021106 -0.1822510 -0.5783333 -0.6625950 -0.5235905 -0.3734143 -0.5704178 -0.6135712 -0.5558620 -0.2878978 -0.0586366 -0.1985713 -0.0468313 -0.0549503 -0.2212127 -0.3876868 -0.5494400 -0.4278015 -0.2850220 -0.4490161 -0.5616205 -0.2914794 -0.7197155 -0.4363514 -0.6373318 -0.7739530 -0.8104498 -0.3146357 -0.6221633 -0.5101303 -0.1043775 -0.6623128 -0.7977159 -0.5240765 -0.6430049 -0.4871318 -0.2918773 -0.1489790 -0.2525216 -0.7335197 -0.5438259 -0.5138221 -0.3536306 -0.1837376 -0.1043847 -0.3556085 -0.3959584 -0.5487011 -0.3407263 -0.2674732 -0.0722519 -0.4583293 -0.3038932 -0.4447894 -0.4731603 -0.2548007 -0.2056211 -0.5125228 0.1475156 -0.1666308 -0.3477822 -0.5438303 -0.1797543 -0.2884336 -0.3997441 -0.4747612 -0.3385359 -0.4175575 -0.1523422 -0.2932891 -0.0772617 -0.3750541 -0.1935793 -0.3314420 -0.1729612 -0.3942927 -0.2937424 -0.4467768 -0.3684692 0.0497583 0.4880273 -0.4283213 0.0469535 -0.4600112 -0.6155290 -0.5843230 -0.2395297 -0.4888432 -0.1963462 -0.5044429 -0.2811212 -0.4750280 0.2586564 -0.2196092 0.0202796 -0.0678764 0.0115440 0.3202429 -0.3669035 -0.4111066 0.3714252 -0.0830712 0.1553132 0.0994122 -0.0061414 0.2973472 -0.0300193 -0.5604385 0.4278254 0.5276659 0.3214951 0.1975703 0.1372355 0.3509585
0.1665403 0.0000000 0.7694640 0.6842270 0.4729604 0.4333645 0.5149242 0.7462567 0.2266343 0.4471461 0.5015309 0.3384344 0.6722436 0.2881130 0.3392328 0.4909598 -0.1249753 0.4745037 0.3901494 0.0834510 0.1992182 0.2618355 0.3536695 0.1602290 0.4109318 0.5777806 0.0537390 0.1804056 0.3214552 0.2467211 0.1981216 0.5922357 0.0702485 0.3929808 0.3892788 0.2783504 0.5253406 0.5015760 -0.0088590 0.0001595 0.2303246 0.1307251 0.1729414 -0.0339952 0.3737536 0.5626175 0.6168012 0.3970299 0.2231064 0.4667725 0.3912533 -0.0131414 0.5507991 -0.2703943 0.4470789 0.4260414 0.4359468 0.2194069 0.3141472 0.4184775 0.5197510 0.1726761 0.2484276 0.4560682 0.4496498 0.2299139 0.5453260 0.3385540 0.2110895 0.3675689 0.2408556 0.5627802 0.2424527 0.5821719 0.2487250 0.3341705 0.5129163 0.1459253 0.3612325 0.2038056 0.3551859 0.4007037 -0.2721417 -0.4938774 -0.6664933 -0.3469965 -0.1073959 -0.3255727 -0.4793043 -0.6388915 -0.3239246 -0.3968661 -0.4814497 -0.1715277 -0.2888897 -0.4093748 -0.4801720 -0.1764423 -0.3170171 -0.3954150 -0.6694297 -0.2456659 -0.4533649 -0.1550911 -0.4301077 -0.3738029 -0.3082845 -0.2742925 -0.4467281 -0.4015328 -0.2977121 -0.2603094 -0.3278024 -0.2097950 -0.3311342 -0.3488196 -0.2586232 -0.1824323 -0.3205826 -0.2894290 0.0011446 0.1629519 -0.2830870 0.2495920 -0.1104092 -0.7524125 0.1872619 -0.3334593 -0.5400028 0.2719277 0.1052587 0.0338242 -0.0460136 -0.1084522 -0.3131735 -0.1460242 -0.1716053 -0.4148722 -0.1216668 -0.5713781 -0.2992094 -0.5732480 -0.5160293 0.1387992 -0.2353098 -0.2576351 -0.1792795 -0.3711629 -0.2762839 -0.4737983 -0.3262295 -0.1976135 -0.1061995 -0.2933737 -0.2967089 -0.1833978 -0.3217763 -0.2429226 -0.3155019 -0.3822750 -0.3801353 -0.3838854 -0.2357306 -0.3648551 -0.1764287 -0.1757889 -0.2219515 -0.2425076 -0.3060456 -0.5400392 -0.4454381 -0.2004752 0.2831361 0.2259918 0.5395323 0.4337490 0.0892456 -0.1734561 -0.0225714 0.1460852 0.3113309 0.3518432 0.3358444 0.3755503 0.1421152 0.3720170 0.3698762 -0.0120646 0.4401805 0.3502240 -0.4318559 0.4096737 0.1029485 -0.2425211 -0.5379069 -0.4338958 -0.1891332 0.2399513 0.2036527 -0.7385596 0.3374272 -0.2098847 0.1926521 0.3472904 -0.2057237 0.3467537 -0.5684988 0.4447385 0.2831565 0.1219654 0.1716547 0.2313780 0.2481261 0.0084050 0.5087410 0.3843248 -0.1795635 -0.2207281
-0.0387428 0.7694640 0.0000000 0.6879965 0.7375202 0.5166186 0.5291365 0.7707827 0.2510541 0.4851006 0.5804847 0.4814043 0.8387288 0.1204719 0.3376355 0.4590097 -0.0140201 0.1877452 0.4144136 0.2218028 0.5080626 0.3847415 0.2866033 0.0752422 0.4189425 0.5594761 0.2217772 0.0513652 0.3473528 0.2686934 0.3155819 0.6159171 -0.0337280 0.3572524 0.3204656 0.4094231 0.6691125 0.5185761 0.0027266 -0.0341112 0.5159088 0.1509768 0.1240735 -0.1022538 0.4762271 0.4730517 0.5016171 0.6387615 0.2090161 0.5008408 0.4434460 0.0134029 0.6187876 -0.1390974 0.6541324 0.5172630 0.5084629 0.2744759 0.3031212 0.5395545 0.6869502 0.2330232 0.4990926 0.5464230 0.6620546 0.4136116 0.5544725 0.3892767 0.3011130 0.4082260 0.3748132 0.6487152 0.3356698 0.7562253 0.3255411 0.4146233 0.6125486 0.3396416 0.4504586 0.3527147 0.5193888 0.2646777 -0.2502691 -0.5365062 -0.6293651 -0.3594704 -0.2455269 -0.4920306 -0.4475361 -0.5970224 -0.2726600 -0.3866700 -0.3085227 -0.3650149 -0.3348543 -0.3723233 -0.4613260 -0.1086147 -0.3880056 -0.3518891 -0.4674081 -0.3310506 -0.3978254 -0.0897462 -0.3514482 -0.2869867 -0.2289844 -0.2735668 -0.3834817 -0.4443769 -0.2379972 -0.2248728 -0.4286531 -0.3488791 -0.4326958 -0.5028861 -0.3900439 -0.3313554 -0.4065108 -0.2744352 -0.0119646 0.0260159 -0.3063968 0.0826821 -0.1579652 -0.3777926 0.2473986 -0.1776619 -0.3702263 0.3410213 0.2273694 0.2537809 0.0176903 0.1052945 -0.1364399 -0.0260069 0.0672300 -0.2887661 0.0139344 -0.2493076 -0.2315347 -0.3859250 -0.3617457 0.3209918 -0.0970261 -0.0567935 -0.0772765 -0.3138594 -0.2277513 -0.2227599 -0.1177805 0.0300335 0.0611708 -0.1286167 -0.2955217 -0.0148038 -0.2422153 -0.1021266 -0.1011509 -0.1624238 -0.4048882 -0.2163952 -0.2056292 -0.1595334 -0.1985107 -0.0347951 -0.2290841 -0.0911696 -0.0849940 -0.4124002 -0.3765410 -0.1797209 0.3886330 0.2875369 0.4175085 0.5839222 0.3902438 -0.0933391 0.3957369 0.3510448 0.1241720 0.2797965 0.2284014 0.1666030 0.1239395 0.6058688 0.4301604 0.2180011 0.5713262 0.4427153 -0.2794181 0.5587411 0.3114071 -0.1409881 -0.3020312 -0.2277222 0.0480315 0.3426240 0.2905185 -0.4107471 0.3165030 -0.3233897 0.0995675 0.3698367 -0.0413498 0.2768709 -0.3677440 0.4182269 0.3208506 0.1902616 0.1480773 0.3837285 0.3344784 0.0490659 0.4102084 0.2999479 -0.2141068 -0.3536533
-0.3046609 0.6842270 0.6879965 0.0000000 0.3175185 0.8709280 0.6264366 0.8846942 0.6458715 0.8701655 0.8385591 0.5214388 0.6523030 0.4918273 0.5309606 0.7760869 0.2089579 0.5728210 0.5877333 0.0331363 0.4007649 0.1531770 0.5529491 0.4723468 0.5499092 0.7818336 0.3867011 0.4136895 0.4923106 0.5136010 0.1532837 0.4388857 0.3705873 0.7841513 0.5982573 0.6238260 0.5926988 0.6416007 0.3630500 0.3434304 0.2089312 0.2628345 0.5219156 0.3061659 0.4518548 0.5197295 0.6004793 0.4791889 0.6140637 0.4648231 0.7148421 0.3113995 0.8899278 0.0871235 0.5267023 0.3166314 0.3794481 0.6646174 0.3679603 0.7898910 0.7059045 0.5776961 0.0348376 0.8839322 0.7103070 0.0284094 0.7591401 0.5003594 -0.0970303 0.5899648 0.0568587 0.8954060 0.4909267 0.8024987 0.1564597 0.5384352 0.8551939 0.2380403 0.7120650 0.5648183 0.7038312 0.3536745 -0.2090154 -0.5085734 -0.6129486 -0.4201306 -0.0508638 -0.7081940 -0.4658819 -0.5642751 -0.2286443 -0.3590435 -0.1738037 -0.4717710 -0.3518276 -0.4173127 -0.3689640 0.0918706 -0.3121761 -0.2713940 -0.5742484 0.0053232 -0.2070720 0.0130156 -0.3580268 -0.4446056 0.0064433 0.0200664 -0.0813221 -0.1962623 -0.0459801 0.0864672 -0.0904272 -0.1045816 -0.1468415 -0.2202336 -0.2106461 -0.0188630 -0.1192622 0.1108164 0.3181484 0.1856258 0.0716330 0.3712368 0.2642668 -0.4986002 0.3218849 -0.0191385 -0.1222117 0.5005517 0.4725068 0.2289382 0.0659778 -0.0012897 -0.4468194 0.0520547 0.0532601 -0.1662130 0.0347979 -0.2892599 -0.3135485 -0.5211944 -0.5680711 0.3496293 -0.0183448 -0.1047446 -0.1967888 -0.4749895 -0.3874395 -0.3048898 -0.1937836 -0.1232861 -0.0593734 -0.3285808 -0.4088853 -0.0805222 -0.2313962 -0.2153975 -0.1773685 -0.4237652 -0.4891439 -0.2067472 -0.4166158 -0.3805030 -0.2475485 -0.0732342 -0.3590628 -0.2468890 -0.1463410 -0.3315009 -0.3991886 -0.1486817 0.3696631 0.3103422 0.2683779 0.5270770 0.2271511 0.1496811 0.1676738 0.5645841 0.4828342 0.5751810 0.4725021 0.3941035 -0.0509686 0.4313130 0.3530211 0.2908926 0.7922757 0.7459004 -0.1564960 0.6422934 0.3602987 0.1487252 -0.2543335 -0.0873018 -0.3147235 0.5143259 0.3626381 -0.6328885 0.4072066 -0.2722403 0.3623550 0.3985521 -0.4821582 0.1763699 -0.7204799 0.1679696 0.2572376 0.0694664 -0.0011447 0.5923422 -0.0605109 -0.3688892 0.0015734 0.1518274 -0.1349109 -0.4008868
0.0739848 0.4729604 0.7375202 0.3175185 0.0000000 0.0657283 0.0408435 0.4904347 -0.1165423 0.0903871 0.1956791 0.1448924 0.6847993 -0.4071060 0.0551807 0.0803805 -0.3646905 -0.2234890 0.2487126 0.1634081 0.2412365 0.6307799 -0.0701039 -0.2380431 0.4043620 0.2979820 0.1008441 -0.2371005 0.0182894 0.0395891 0.2282332 0.7032127 -0.3146693 -0.0505837 0.0448587 -0.0529948 0.6022989 0.4095651 -0.2763044 -0.2112871 0.5819430 -0.2066882 -0.0745998 -0.3302842 0.2608028 0.3887507 0.4094229 0.6044526 -0.2270383 0.3829464 0.2251226 -0.1545520 0.2352284 -0.2601743 0.5330750 0.4861149 0.5681877 -0.1206559 0.0434730 0.3082113 0.4096320 -0.0572515 0.6591758 0.1348183 0.4970276 0.6473363 0.2952496 0.1480927 0.4347166 0.1071299 0.5563476 0.3066430 0.1301077 0.5716218 0.2905509 0.2201244 0.2678541 0.2669781 0.3217111 0.4262048 0.3477313 -0.1710228 -0.4455707 -0.5366709 -0.5465657 -0.4361546 -0.4345055 -0.4842774 -0.3988672 -0.5663947 -0.2704379 -0.3512017 -0.3865957 -0.4481267 -0.3952427 -0.4200342 -0.4914035 -0.3347819 -0.5338155 -0.5223616 -0.4106185 -0.6232124 -0.4999618 -0.3525858 -0.3285935 -0.3471946 -0.3845172 -0.4692329 -0.2789943 -0.6749854 -0.3959932 -0.3133547 -0.6891563 -0.6923680 -0.5973604 -0.7654316 -0.5371727 -0.5543180 -0.6589850 -0.6272849 -0.4694132 -0.4360994 -0.4793904 -0.4099056 -0.6175714 -0.2345869 -0.0834933 -0.1967053 -0.5131164 -0.0585476 -0.2325835 0.0512411 -0.1659355 -0.1141053 -0.0717311 -0.2032425 -0.1846018 -0.4685782 -0.2473882 -0.1590121 -0.1998975 -0.2123704 -0.2175252 0.0422233 -0.2928659 -0.1908227 -0.3125477 -0.4049345 -0.3288606 -0.2628639 -0.1978097 -0.1433325 -0.1650420 -0.1743559 -0.3725684 -0.1057791 -0.3723302 -0.2046090 -0.0200780 0.0178958 -0.3948869 -0.2824418 0.1553899 0.0871481 -0.3428059 -0.0971302 -0.1424474 -0.2149250 -0.1320931 -0.3992735 -0.4045326 -0.3468930 0.2437534 0.0164179 0.1274311 0.3657340 0.4091864 0.0015020 0.4628026 0.1539230 -0.1349683 -0.0337143 -0.0986378 0.1364219 0.4941194 0.6923480 0.7447209 0.5464909 0.2998911 0.1105423 -0.4471701 0.2457719 0.1330125 -0.3647167 -0.4258562 -0.3721551 0.0144518 0.2263372 0.5311040 -0.1855428 0.4549141 -0.2253515 -0.1058846 0.2907822 0.2222430 0.2363852 -0.2007651 0.4504219 0.5143163 0.3967946 -0.0943107 0.1834877 0.5231771 0.3937428 0.1845100 0.2961201 -0.1078780 0.0213758
-0.4418372 0.4333645 0.5166186 0.8709280 0.0657283 0.0000000 0.8002721 0.6396288 0.8524404 0.8759656 0.6859950 0.7029057 0.3831723 0.6303775 0.7251208 0.6193087 0.3132634 0.6703092 0.3471978 -0.1496985 0.6177517 -0.0755558 0.4217032 0.7021382 0.2694657 0.5749010 0.5454429 0.6462450 0.6763383 0.6607867 0.0784161 0.0677051 0.5997115 0.9134161 0.4464979 0.8376170 0.3439994 0.4506979 0.5430784 0.5500203 0.0487056 0.4371590 0.5563150 0.6045162 0.3609957 0.2673222 0.2969793 0.2919197 0.8371116 0.2573194 0.6374759 0.4693989 0.8698393 0.2039655 0.3625574 0.1159467 0.0412035 0.7512051 0.4321956 0.7256020 0.6707999 0.5998610 -0.2037542 0.9112472 0.6749367 -0.3025817 0.6370341 0.3792561 -0.3314715 0.4647988 -0.2362144 0.8549526 0.3508645 0.6808444 -0.0929407 0.3616065 0.8335273 0.1149509 0.5506139 0.5158899 0.5962698 0.3706809 -0.0090794 -0.3588977 -0.3695786 -0.2018081 0.1846474 -0.6722632 -0.2494814 -0.2640267 0.0184210 -0.1360959 0.1698324 -0.4847622 -0.1195026 -0.1302560 -0.0518057 0.3276095 0.0218760 0.0548597 -0.2537597 0.3203170 0.1427455 0.3146944 -0.0678660 -0.1466291 0.1984058 0.3006370 0.1490377 0.0669172 0.3152159 0.3207906 0.1887445 0.0885784 0.0247047 0.0061702 -0.1048968 0.1008918 0.1047856 0.3209451 0.4302408 0.3119334 0.0549907 0.4570406 0.4871411 -0.2009482 0.3454226 0.0354038 0.2446877 0.5444884 0.6069886 0.1097957 0.0597820 0.2602234 -0.3540952 0.0735205 0.3107259 0.1783332 0.2806935 -0.0314066 -0.1862059 -0.3303496 -0.4642185 0.4764646 0.2628454 0.0091728 0.0998976 -0.1959882 -0.2572284 -0.0672234 -0.0368554 0.0871284 0.1978195 -0.2261774 -0.1454684 0.0079057 -0.0393176 -0.0373827 -0.0777890 -0.3935720 -0.2583168 0.0982380 -0.5923115 -0.4355376 -0.0180194 -0.0237456 -0.3552224 -0.1418989 0.0004140 -0.0532863 -0.2621615 0.0158352 0.3251624 0.3648063 0.3255527 0.6687525 0.3670058 0.3378160 0.2841648 0.6847051 0.5191797 0.6921105 0.5088434 0.2778686 -0.3240267 0.3081455 0.0907611 0.1907534 0.8170566 0.8944991 0.1442036 0.7337529 0.5582515 0.4856450 0.1346839 0.3205153 -0.1272475 0.6095048 0.2087994 -0.3405252 0.2654297 -0.3074085 0.4036179 0.4155894 -0.6094572 0.0056675 -0.4658884 -0.1037619 0.0404434 -0.0457868 0.0601294 0.6813806 -0.3505950 -0.4916677 -0.0385498 -0.0401532 -0.1040603 -0.4257919
-0.3737340 0.5149242 0.5291365 0.6264366 0.0408435 0.8002721 0.0000000 0.3838929 0.7142530 0.6554045 0.4609994 0.7704898 0.1810551 0.6991245 0.7054351 0.3712337 0.3946649 0.5991197 0.0686018 -0.3647539 0.6881302 -0.2257202 0.3179667 0.7096119 -0.0180514 0.3455122 0.5138833 0.6995828 0.7445732 0.6534314 -0.0809646 -0.1477321 0.6163870 0.7508697 0.3412976 0.8531000 0.1074947 0.1988376 0.5887721 0.5530264 -0.0797484 0.6290669 0.4355437 0.6681539 0.2516096 0.0605037 0.1066756 0.1101724 0.8312934 0.0181606 0.4488037 0.4237340 0.6516368 0.2084711 0.0944677 -0.0614004 -0.2281439 0.6175267 0.4280967 0.4624916 0.5489599 0.4121244 -0.3006554 0.7134506 0.4976871 -0.4998842 0.3401299 0.2053413 -0.3796806 0.2380540 -0.4763678 0.6567756 0.0504624 0.4926073 -0.2415287 0.0639163 0.6512638 -0.1670892 0.1717000 0.1481390 0.3119662 0.4842332 0.1898330 -0.1660019 -0.1913123 0.1379305 0.3137617 -0.3808842 -0.0564961 -0.0826032 0.1138795 -0.0492268 0.1816313 -0.2518341 0.0979926 0.0880392 0.0573780 0.3738357 0.2193893 0.2577563 -0.0655734 0.4146923 0.2592876 0.4778372 0.1171617 0.1358893 0.2540644 0.3779297 0.0469235 0.2672889 0.3679679 0.3095773 0.2796960 0.2816495 0.1593209 0.1669835 0.0599735 0.1667317 0.1937352 0.2986801 0.4738036 0.5646371 -0.1124140 0.5004300 0.4826041 -0.1290916 0.4423227 -0.0387876 0.2570208 0.5560761 0.5475460 0.0602907 0.0695663 0.4079721 -0.0358928 0.1669815 0.4215486 0.3097628 0.3423267 0.0399354 0.1295171 -0.1517939 -0.3132021 0.4763136 0.3990360 0.0568969 0.3689496 0.1619159 0.0506396 0.1150981 0.0418443 0.3311291 0.3832431 0.0538562 0.1634177 -0.0293140 0.0800223 0.2008153 0.0209320 -0.2861552 0.1154187 0.2758587 -0.4320942 -0.4135967 0.2826906 0.0108744 -0.1446116 0.0913882 0.0411804 0.0476347 -0.0402380 0.1875655 0.1015197 0.2399597 0.5527916 0.7376069 0.3118421 0.1335745 0.1730463 0.3809903 0.3520320 0.5649000 0.4235131 0.0076118 -0.5430157 0.2147015 -0.2158566 -0.1483111 0.6782221 0.7955812 0.1385798 0.6728994 0.4673945 0.4089877 0.1851076 0.3539591 -0.0281924 0.4704669 -0.1041895 -0.2357066 -0.0443034 -0.4856148 0.2949324 0.3673152 -0.5242918 -0.1179708 -0.1717846 -0.1581710 -0.2688053 -0.3028020 0.2153426 0.4892657 -0.3841571 -0.4856528 0.2781612 -0.1925313 -0.2430489 -0.4223070
-0.1857847 0.7462567 0.7707827 0.8846942 0.4904347 0.6396288 0.3838929 0.0000000 0.3422354 0.6755416 0.8162580 0.2800711 0.8660757 0.2219467 0.2711879 0.7636750 0.0116310 0.3271149 0.7849771 0.2821902 0.2803960 0.4605326 0.5662062 0.1056860 0.7479835 0.8636421 0.1780332 0.0734994 0.3280012 0.2702875 0.2322479 0.6960281 -0.0056823 0.4928220 0.6408534 0.4028077 0.7920741 0.8333977 0.1396963 0.1155005 0.4770035 0.1666852 0.4299354 -0.0593572 0.6652385 0.7468747 0.7884668 0.7336895 0.2707141 0.7501579 0.7047308 0.2548651 0.8179065 0.0560570 0.7750944 0.6272816 0.6971309 0.5260297 0.4637221 0.7740533 0.8148786 0.5571015 0.3911873 0.7535010 0.7049705 0.3795387 0.8583285 0.6825816 0.3212664 0.7472398 0.4399547 0.8262502 0.6988159 0.8508722 0.5358504 0.7766979 0.7805283 0.5877274 0.8198022 0.5885552 0.7885506 0.3844001 -0.2822873 -0.5442378 -0.6693304 -0.4786732 -0.1565498 -0.6057139 -0.4645638 -0.6154853 -0.2628921 -0.3342862 -0.2597393 -0.4050325 -0.3739195 -0.5383179 -0.4731899 -0.0286317 -0.3994216 -0.3691872 -0.6074930 -0.2723442 -0.3361386 -0.1743305 -0.4453946 -0.4811645 -0.1226786 -0.1195752 -0.1636563 -0.4334979 -0.1651539 -0.0861264 -0.2534295 -0.2874235 -0.4534446 -0.4967109 -0.4544312 -0.3412053 -0.4177628 -0.2396970 0.0502387 -0.0273738 0.0974766 0.2560954 -0.0407802 -0.6004842 0.3414090 0.0269652 -0.3688583 0.5074532 0.3758639 0.3758367 0.2108276 -0.0865950 -0.4202174 0.1015368 0.0215291 -0.3880158 0.0105791 -0.3167578 -0.4094657 -0.5560211 -0.4090879 0.3147986 -0.2274182 -0.0284521 -0.3138692 -0.5424950 -0.4546013 -0.3159484 -0.0827460 -0.1907967 -0.1700485 -0.3410859 -0.4546108 0.0132272 -0.2553473 -0.2374404 -0.1792573 -0.2093942 -0.5623663 -0.2961467 -0.2807620 -0.1738388 -0.2945670 0.0392771 -0.2323469 -0.3104447 -0.1871770 -0.3824820 -0.4028062 -0.1917925 0.4004697 0.3090629 0.2369479 0.4157148 0.1692783 0.0261992 0.1850442 0.5176863 0.4034957 0.4293256 0.4693903 0.4145221 0.1757251 0.6042301 0.5570346 0.4053379 0.6397688 0.4620432 -0.3778755 0.5318329 0.1805836 -0.0866246 -0.4805325 -0.3315920 -0.2962276 0.3281823 0.4153542 -0.6806477 0.4943723 -0.1211197 0.4331441 0.4422479 -0.1433100 0.5216140 -0.7193652 0.4570904 0.4793040 0.2130522 0.1594453 0.5160094 0.3000175 -0.0744238 0.1786017 0.4518083 -0.1738835 -0.4000064
-0.4271063 0.2266343 0.2510541 0.6458715 -0.1165423 0.8524404 0.7142530 0.3422354 0.0000000 0.6143480 0.3383542 0.8427908 0.1234896 0.6096851 0.8826283 0.3176085 0.2123462 0.7154763 0.0709218 -0.2704333 0.6715795 -0.2249566 0.1163974 0.8231905 0.0095104 0.2757757 0.5736119 0.7531218 0.6661571 0.6841080 0.1183343 -0.2141351 0.7618469 0.9201705 0.1729663 0.7676417 0.0454742 0.1574867 0.6118952 0.6099582 -0.1348859 0.3024380 0.5101538 0.7701959 0.0704081 0.0276353 0.0619157 -0.0293193 0.8851204 -0.0859932 0.4772648 0.4924519 0.7467459 0.2137191 0.1069285 -0.0924176 -0.2426691 0.5783083 0.2513453 0.5756360 0.3787431 0.4427023 -0.3479295 0.7088445 0.6252373 -0.5206922 0.3213112 0.0112857 -0.5255568 0.1546863 -0.4944154 0.6925797 -0.0061623 0.5007507 -0.3523492 0.0418918 0.6867743 -0.1466487 0.3016363 0.5267553 0.4660548 0.1971629 0.0757173 -0.1537280 -0.1192675 -0.0185188 0.2997162 -0.4979144 -0.0485168 -0.0614296 0.1929018 -0.0233140 0.1971882 -0.3785944 0.0614025 0.1454851 0.1415481 0.2898904 0.1844617 0.1343092 -0.0250208 0.3389833 0.1638021 0.4493468 0.0857765 0.0875999 0.1300947 0.2297006 0.1155466 0.1775811 0.3667737 0.2539573 0.1398550 0.1314927 0.1824267 0.1442668 0.0845775 0.2900767 0.2479225 0.4503765 0.4253353 0.3763064 0.0270611 0.3769090 0.5311763 -0.0071812 0.2396792 0.0800256 0.3551155 0.3549814 0.4770876 0.0196506 -0.0247075 0.2759250 -0.3380092 0.0243795 0.2240822 0.2727436 0.2824870 0.0518676 -0.0014680 -0.2617746 -0.2879047 0.3299876 0.3075707 -0.1390255 0.2150721 -0.0090331 -0.0319347 -0.0418451 -0.1109880 -0.0050612 0.1801717 -0.0549035 0.0112205 -0.1970060 0.0369431 0.0270417 0.1884579 -0.4326809 -0.0487110 0.1820099 -0.6007898 -0.4742383 0.0700506 -0.1614095 -0.2919131 0.1199258 0.1493852 0.1142101 -0.0403172 0.1657792 0.2713991 0.4033366 0.1881902 0.6432553 0.5043311 0.4314770 0.3367679 0.5099316 0.2629356 0.5859295 0.3609478 0.1833539 -0.4161602 0.0923971 -0.0852498 0.1641303 0.7883762 0.9157220 0.2930517 0.7720958 0.7589230 0.6406310 0.3077591 0.5327633 0.1094460 0.8205339 0.3576115 -0.0821466 0.2570645 -0.2433644 0.2863510 0.3505365 -0.6739870 -0.0856218 -0.2862717 -0.1722337 -0.1128679 0.1076971 -0.1201134 0.7602333 -0.6090610 -0.3149271 -0.0115354 -0.2586538 0.1262363 -0.1415007
-0.4056616 0.4471461 0.4851006 0.8701655 0.0903871 0.8759656 0.6554045 0.6755416 0.6143480 0.0000000 0.7984168 0.4164114 0.4003422 0.7054293 0.3918090 0.6954938 0.4524588 0.5657442 0.4468537 -0.0919982 0.3175672 -0.0768921 0.4770642 0.6192470 0.3958562 0.6815701 0.3915646 0.5754202 0.3651014 0.5126821 0.0173929 0.2002349 0.5411457 0.7628936 0.5723467 0.7158460 0.4686497 0.5107844 0.4925757 0.3409799 0.0905890 0.3108273 0.4342882 0.4755360 0.2849287 0.2824433 0.3363827 0.3830050 0.7256386 0.3758670 0.5847553 0.2956343 0.7355435 0.1043459 0.3856921 0.1246298 0.1636872 0.6688940 0.3155866 0.6752354 0.6234119 0.5016259 -0.1459680 0.8412835 0.4748560 -0.1613325 0.6359854 0.4153062 -0.2587279 0.4843371 -0.1203153 0.7678152 0.4115626 0.6110548 -0.0128780 0.4169366 0.7500890 0.1128240 0.5876248 0.4075502 0.5354007 0.3127281 -0.2619273 -0.4834358 -0.5350910 -0.4015591 -0.0521895 -0.7424639 -0.4648019 -0.4250828 -0.2656504 -0.3971762 -0.0494885 -0.5340318 -0.3651452 -0.4226453 -0.3677816 0.1186215 -0.2168521 -0.1789176 -0.4717797 0.1606348 -0.0222170 -0.0360314 -0.3402395 -0.4065994 0.1132152 0.1717556 0.0038192 -0.0383843 0.0561926 0.1709305 0.1428837 0.0056417 -0.0613113 -0.0698809 -0.2126355 0.0036294 -0.0011313 0.2566221 0.4335509 0.2683934 0.0990275 0.5356599 0.3971819 -0.2856739 0.3192948 -0.0238682 0.1174727 0.5727687 0.5539233 0.1607841 0.0489559 0.1488622 -0.3211755 0.0662659 0.2557090 0.0123245 0.1094744 -0.1820890 -0.2891610 -0.3783832 -0.6302976 0.4148929 0.0890904 0.1029645 -0.0958116 -0.2904348 -0.4181345 -0.1682459 -0.1785451 0.0482457 -0.0074867 -0.3284091 -0.3065061 0.0649132 -0.2034267 -0.1708655 -0.2813231 -0.4479295 -0.4030264 -0.1568561 -0.4667515 -0.4240451 -0.2041500 -0.0656145 -0.3946462 -0.2893047 -0.2153776 -0.2429683 -0.4198931 -0.2126045 0.2920930 0.3095215 0.2778202 0.4692182 0.1214640 0.1790358 0.0660645 0.4492599 0.4561717 0.4962064 0.3997705 0.2268060 -0.1360605 0.2027374 0.1955419 0.1680034 0.7067401 0.7275919 0.0643754 0.5433848 0.2826802 0.2895089 0.0179279 0.1264624 -0.3168438 0.3860031 0.1581711 -0.4725691 0.2779379 -0.1892592 0.4814415 0.4111918 -0.4511423 -0.0177572 -0.5408037 0.0204029 0.1162074 -0.1078951 0.1239188 0.5655828 -0.1119517 -0.5273661 -0.1807068 0.0897327 -0.1637350 -0.3362472
-0.3616271 0.5015309 0.5804847 0.8385591 0.1956791 0.6859950 0.4609994 0.8162580 0.3383542 0.7984168 0.0000000 0.2012220 0.5823647 0.4271867 0.0994837 0.9312549 0.4071092 0.2887285 0.7985122 0.1441191 0.1653943 0.1706306 0.8347503 0.1294493 0.7185009 0.8880211 0.2374293 0.0866797 0.2975262 0.3372674 0.0693266 0.4437067 0.0303522 0.4467923 0.8487371 0.4538794 0.5962383 0.6900629 0.3749854 0.1892647 0.2274830 0.3360919 0.5977589 0.0399947 0.6109651 0.5626372 0.6287056 0.5298454 0.3994957 0.5978389 0.7484546 0.3257698 0.7086414 0.2718312 0.5485872 0.3404063 0.4579742 0.7311146 0.4317691 0.7278623 0.7144362 0.6678928 0.0543353 0.8277873 0.5239928 0.0754262 0.7222097 0.7393470 0.0515928 0.7878237 0.1215954 0.7642175 0.6944752 0.6607345 0.4159360 0.7241467 0.7437716 0.4555867 0.7571542 0.3738335 0.7243040 0.4383270 -0.1622833 -0.4606872 -0.5508278 -0.3555532 0.0042377 -0.5509446 -0.4156680 -0.4718103 -0.2906793 -0.3155784 -0.0804605 -0.3502619 -0.3789064 -0.4936672 -0.4063918 0.1866848 -0.3159500 -0.2239093 -0.5423809 0.1074956 -0.0717430 -0.0861650 -0.3916501 -0.5069931 0.1524506 0.1662117 0.0303998 -0.1302250 -0.0354598 0.1687356 0.0814449 -0.0217325 -0.1710518 -0.1660495 -0.2659175 -0.1198561 -0.1488800 0.0935868 0.3482334 0.1515372 0.2535893 0.3464527 0.2551495 -0.4443044 0.4546062 0.0764335 -0.1169522 0.6328880 0.5704795 0.3760484 0.2986856 -0.0399452 -0.4150344 0.2437196 0.1906071 -0.2173727 0.1005827 -0.2733122 -0.3777457 -0.5220710 -0.4558891 0.3847425 -0.1133526 0.0980828 -0.2698498 -0.4819970 -0.4361703 -0.2367766 -0.0319505 0.0097953 -0.1172911 -0.3224887 -0.4756924 0.1481032 -0.2165879 -0.2379410 -0.3193266 -0.2506879 -0.5347526 -0.1979937 -0.2678164 -0.2544564 -0.2417668 0.0888768 -0.1972559 -0.3275632 -0.2503157 -0.2808043 -0.3199231 -0.1666201 0.1878284 0.1959420 0.1781519 0.2785908 -0.0335693 0.0305770 -0.0019825 0.4935184 0.5405597 0.5077060 0.5288754 0.3797054 -0.0984480 0.3846653 0.2471324 0.1949672 0.5675364 0.4686540 -0.1473103 0.4334822 0.0147999 0.0943503 -0.2547046 -0.1296573 -0.4684236 0.1003243 0.0468907 -0.6396058 0.2051894 -0.1943700 0.3538324 0.2598776 -0.3434892 0.2359420 -0.7000493 0.1181749 0.1455494 -0.2560342 0.1100084 0.3932440 0.0309911 -0.4930328 -0.0553030 0.1989731 -0.3907304 -0.5558601
-0.2463977 0.3384344 0.4814043 0.5214388 0.1448924 0.7029057 0.7704898 0.2800711 0.8427908 0.4164114 0.2012220 0.0000000 0.2023300 0.4188139 0.8675736 0.1131139 0.1176513 0.4921762 -0.0752294 -0.3253269 0.8699817 -0.1485875 -0.0343015 0.6401376 -0.1203060 0.1090766 0.5394327 0.5689659 0.6611529 0.5858803 0.2507577 -0.1757453 0.5920428 0.7217715 -0.0281852 0.6961998 0.0397190 0.0263224 0.4205729 0.3929914 -0.0129913 0.1966748 0.2769059 0.5575399 -0.0123153 -0.0405291 -0.0203827 -0.0351831 0.7136189 -0.1704435 0.3001416 0.3166453 0.6288652 0.0134297 0.0835593 -0.0798569 -0.2350801 0.3335722 0.0760895 0.3907095 0.3137530 0.1861725 -0.2226916 0.5487726 0.6591743 -0.3990792 0.1516263 -0.1515671 -0.4512926 -0.0374744 -0.4269332 0.5584832 -0.2236907 0.4566114 -0.3664012 -0.1286636 0.5624371 -0.2206664 0.0699601 0.4080722 0.3235421 0.1593912 0.0613215 -0.2151991 -0.1723724 0.0088770 0.1261775 -0.3807106 -0.0984973 -0.1388432 0.0797597 -0.0603037 0.1217619 -0.3987196 0.0716884 0.1498572 0.0977128 0.1473519 0.1195034 0.0541985 0.0163343 0.1547968 0.0148796 0.4061541 0.0457331 0.1308214 -0.0088516 0.0408933 -0.1136569 0.1105861 0.2115652 0.1105041 -0.1054049 -0.0087259 0.0955013 0.0255230 0.0509591 0.1777962 0.1212286 0.3035532 0.2766582 0.3025471 -0.2176354 0.1343220 0.3327869 0.0916381 0.1620452 -0.1372761 0.2605517 0.2050345 0.3343579 -0.0355628 -0.1480231 0.3533109 -0.1775263 -0.0978216 0.1662989 0.2632131 0.2330757 0.0869805 0.0573936 -0.1858142 -0.2845618 0.3052512 0.2776715 -0.2728893 0.3035931 0.0818643 0.0527602 -0.0196913 -0.1382706 0.0798171 0.2810529 0.0000647 0.0534436 -0.2307166 -0.0269831 0.0508278 0.2042094 -0.4027756 -0.0169753 0.2106687 -0.4834213 -0.4779809 0.0845761 -0.2879626 -0.3804180 0.1809087 0.1942952 0.0750653 -0.0816863 0.1182136 0.2621726 0.4574423 0.3898758 0.8141914 0.7530925 0.4091094 0.5876328 0.4594396 0.1219770 0.4728341 0.0673755 -0.0345418 -0.4798174 0.1641574 -0.1235970 0.0915257 0.7171802 0.8169470 0.2995731 0.8284460 0.8723432 0.5907449 0.3793399 0.5590462 0.3854583 0.8384823 0.3259659 0.0684230 0.2403586 -0.2288475 0.1917821 0.4107553 -0.4677009 -0.1169594 -0.0827672 -0.1723626 -0.1025196 0.1879512 0.0496844 0.6921172 -0.4516355 -0.1196477 0.1853301 -0.3301433 0.0618680 -0.0858956
-0.0723489 0.6722436 0.8387288 0.6523030 0.6847993 0.3831723 0.1810551 0.8660757 0.1234896 0.4003422 0.5823647 0.2023300 0.0000000 -0.0469832 0.1404041 0.4838580 -0.1179495 0.1167346 0.6059263 0.4950785 0.2724842 0.6420921 0.3124942 -0.1125210 0.6028367 0.6291064 0.0342905 -0.1437346 0.0726059 0.0456957 0.4810302 0.7577540 -0.1850771 0.2491760 0.3524588 0.2336252 0.7025519 0.7265603 -0.0718837 -0.1612508 0.7113123 -0.0579522 0.1374220 -0.2969639 0.5250011 0.6418854 0.6768243 0.7937321 0.0251470 0.7239079 0.5087393 0.0546059 0.6120814 -0.0743604 0.8297711 0.6786749 0.7390254 0.2965079 0.2971310 0.6303870 0.6792549 0.3764784 0.7102525 0.5189498 0.6266489 0.6309304 0.7123986 0.5881469 0.5098277 0.6194012 0.5991876 0.6502314 0.5958252 0.8178469 0.5833520 0.6994966 0.6166973 0.6143046 0.6410358 0.5097806 0.6544161 0.1393513 -0.3219187 -0.4867801 -0.6720851 -0.5163976 -0.2607154 -0.5002167 -0.5025128 -0.6454836 -0.3127696 -0.4414820 -0.4616962 -0.3380753 -0.4287349 -0.5183342 -0.5491781 -0.2475373 -0.5131223 -0.4316506 -0.5821755 -0.4729476 -0.4718330 -0.2777173 -0.4816697 -0.4030892 -0.3979617 -0.3743343 -0.4067620 -0.6550761 -0.3409018 -0.3616763 -0.4579789 -0.4966013 -0.5621102 -0.6083246 -0.5246488 -0.3996308 -0.4553407 -0.3436240 -0.0958759 -0.1512917 -0.1915727 0.1374326 -0.2119732 -0.4448601 0.2005661 -0.1327644 -0.4759672 0.3797701 0.1998081 0.3430433 0.1658247 -0.0124413 -0.3486689 -0.0451731 -0.0172503 -0.4708005 -0.0597445 -0.3213133 -0.4409597 -0.5017101 -0.2693224 0.2862495 -0.3351063 -0.0851058 -0.3197179 -0.5547192 -0.4117532 -0.3565737 -0.1559066 -0.2211055 -0.1843452 -0.2839810 -0.4908301 0.0574018 -0.3383226 -0.2633464 -0.1182570 -0.1221263 -0.5673608 -0.3859780 -0.2739305 -0.0574579 -0.4013884 0.0135295 -0.2527933 -0.1862528 -0.1494519 -0.4785676 -0.4021064 -0.2539918 0.4182154 0.3534655 0.2809276 0.4236898 0.3050733 -0.0829817 0.3785109 0.3573553 0.1433898 0.1866724 0.2158035 0.2509722 0.3049581 0.6571865 0.6209174 0.4421550 0.5567880 0.3009267 -0.2958507 0.4744373 0.2231103 -0.1937491 -0.4335971 -0.3798179 -0.0117081 0.3031932 0.4612620 -0.5105302 0.4921213 -0.1498871 0.1957984 0.3655870 0.0490985 0.4989123 -0.5927914 0.5975380 0.5337822 0.3449440 0.1056431 0.3895352 0.4609333 0.1648871 0.2918341 0.5135429 0.0109037 -0.2616685
-0.3407464 0.2881130 0.1204719 0.4918273 -0.4071060 0.6303775 0.6991245 0.2219467 0.6096851 0.7054293 0.4271867 0.4188139 -0.0469832 0.0000000 0.4079285 0.3994103 0.6383412 0.7324818 0.0811107 -0.1454918 0.2128668 -0.3781785 0.3493384 0.7766838 -0.0394936 0.3193538 0.2631930 0.7845516 0.3128739 0.4784773 0.0021995 -0.3014266 0.7481029 0.6707001 0.3816796 0.6710290 -0.0167685 0.0637464 0.6824094 0.4026535 -0.2313754 0.4245394 0.3233926 0.6900888 -0.0188621 -0.1027125 -0.0175704 -0.0668914 0.8377946 -0.0304397 0.2994197 0.2871014 0.4308298 0.1571126 -0.0599005 -0.2460499 -0.3263961 0.5463217 0.3214294 0.3267194 0.2748271 0.3111905 -0.4818946 0.5490772 0.1146850 -0.6047635 0.2127669 0.1102885 -0.5119299 0.2021215 -0.5566464 0.4281376 0.0373989 0.2045687 -0.2900392 0.0269667 0.4669027 -0.2909115 0.1186286 0.0008307 0.1201551 0.3390163 0.0380747 -0.0027186 -0.0810295 0.0843355 0.2987993 -0.2250699 -0.0680950 0.0306061 0.0026835 -0.1305725 0.0171092 -0.0920145 0.0919243 0.0299680 -0.0443596 0.1404035 0.2573381 0.1516576 -0.1371760 0.4137854 0.1433313 0.2623330 -0.0241526 0.0443196 0.1976683 0.2998202 -0.0900557 0.3781243 0.2428562 0.1134569 0.4223792 0.4630942 0.3631655 0.4538806 0.2656987 0.4072032 0.4362323 0.5490324 0.7096437 0.7140809 0.1641855 0.7343861 0.6864388 -0.1697686 0.3376706 0.0464706 0.2600047 0.5204342 0.5711469 0.1239461 0.0284956 0.3027324 -0.1477278 0.1746071 0.3251335 0.2407612 0.2385125 -0.1024062 0.0330318 -0.2375777 -0.3708491 0.3670643 0.2800226 0.1484048 0.2648328 0.1646271 0.0597417 -0.0366390 -0.0776354 0.2270786 0.1793140 0.0379882 0.1299986 0.0101649 0.0869049 0.0940838 -0.0796888 -0.3865893 0.0458566 0.0111299 -0.3865394 -0.3827827 0.1604545 -0.0284943 -0.0796996 0.1663801 -0.0402071 0.0412064 0.0002907 0.1598619 0.0818123 0.3066254 0.2337320 0.2808969 -0.0640292 0.0272103 -0.2768507 -0.0070794 0.2399838 0.2893888 0.3928082 0.0116946 -0.4305157 -0.1928067 -0.3549991 -0.2817230 0.4612275 0.5852261 0.1806723 0.3742747 0.1912904 0.3467604 0.1847862 0.2954313 -0.1740874 0.2959270 -0.1767378 -0.3222599 -0.0322191 -0.1475422 0.3761836 0.1840865 -0.5060792 -0.2326996 -0.2929606 0.0026397 -0.2356073 -0.2952635 0.1925504 0.4070001 -0.3756879 -0.5568294 0.1068491 0.0075173 0.0612454 -0.1359120
-0.2962180 0.3392328 0.3376355 0.5309606 0.0551807 0.7251208 0.7054351 0.2711879 0.8826283 0.3918090 0.0994837 0.8675736 0.1404041 0.4079285 0.0000000 0.1027353 -0.0811228 0.7008398 -0.1133068 -0.3197379 0.7458189 -0.1275732 -0.0730692 0.7589197 -0.1279037 0.1120623 0.5987999 0.7325307 0.7766559 0.6972858 0.0827562 -0.1283358 0.6757824 0.8445999 -0.0658623 0.7003792 0.0472120 0.0727419 0.4260620 0.6490537 -0.1125303 0.3392729 0.3550723 0.7130530 0.0641502 0.0525943 0.0726552 -0.0408661 0.7519411 -0.2180133 0.3521891 0.4196666 0.6661553 0.0983315 0.0610288 -0.0118598 -0.2026157 0.3978397 0.2471296 0.4466196 0.3201493 0.2901706 -0.2349891 0.5492213 0.6260456 -0.3872765 0.2858980 -0.1035755 -0.3925369 0.0159816 -0.3821513 0.5953813 -0.1218497 0.4831029 -0.3743974 -0.0900820 0.5809437 -0.2367021 0.1580396 0.4473989 0.2944319 0.2424929 0.2188666 -0.0926959 -0.0748197 0.0968228 0.2638365 -0.3876877 0.0549946 -0.0481851 0.3012996 0.1311878 0.2292418 -0.3104523 0.1853190 0.3112901 0.3120750 0.3184596 0.2327446 0.1978985 0.0486381 0.2924050 0.1481868 0.5490398 0.2606464 0.2393588 0.1430627 0.2010563 0.1088944 0.1925202 0.3979674 0.2710658 0.0686460 0.1540295 0.1663917 0.1297203 0.1875618 0.2828355 0.2347404 0.3156193 0.3090210 0.3762246 -0.1335926 0.2396821 0.4116417 -0.0279320 0.1910779 0.0116224 0.3012945 0.1989596 0.3521882 -0.0924248 -0.1031344 0.3422654 -0.1407496 -0.0088506 0.1824800 0.3570826 0.3061647 0.1322138 0.1635692 -0.0825871 -0.1531739 0.3457032 0.4566103 -0.1577805 0.3724350 0.0958383 0.1581549 0.0214420 -0.0154613 0.1126136 0.3767415 0.0766925 0.1689312 -0.1689805 0.1570764 0.2064422 0.3142233 -0.2626600 0.1095823 0.2987215 -0.4557128 -0.3128962 0.2351519 -0.0575283 -0.1980097 0.2312047 0.3236103 0.1503949 0.0154339 0.2955356 0.3343365 0.3514039 0.2861576 0.6790352 0.5639580 0.3724552 0.3793376 0.5036056 0.2382775 0.5712167 0.3045809 0.1528962 -0.3652361 0.2430784 -0.0480242 0.1455446 0.6805113 0.8328480 0.1528197 0.7094020 0.7517061 0.4760478 0.2128592 0.4186353 0.1935177 0.7926944 0.3247386 -0.0205529 0.2364922 -0.3197394 0.1386332 0.3424276 -0.5923104 -0.0724035 -0.1398710 -0.1182619 0.0101576 0.2226897 -0.1012273 0.6180933 -0.5259222 -0.1776368 0.1346338 -0.2146514 0.1586721 -0.1426072
-0.2829795 0.4909598 0.4590097 0.7760869 0.0803805 0.6193087 0.3712337 0.7636750 0.3176085 0.6954938 0.9312549 0.1131139 0.4838580 0.3994103 0.1027353 0.0000000 0.2764680 0.3669067 0.8428182 0.1912563 0.0030979 0.0989431 0.8665388 0.0940468 0.7504689 0.9098175 0.2949860 0.0751743 0.3128133 0.4197787 -0.0537246 0.4606664 -0.0176916 0.4202806 0.8666759 0.3039185 0.5954264 0.6689530 0.3616001 0.2610006 0.0098634 0.3429299 0.6733841 0.0263063 0.6465313 0.6665564 0.7140114 0.4253965 0.3467275 0.6088951 0.7563220 0.3457740 0.6505263 0.2387557 0.5624374 0.4250321 0.4908363 0.6625169 0.4935644 0.6967336 0.6737897 0.6640387 0.0395456 0.7273602 0.4194326 0.0421779 0.7309776 0.6945115 0.1239681 0.7769966 0.1141856 0.6876587 0.7071336 0.5721437 0.4686986 0.7174608 0.7071305 0.4559935 0.8037208 0.3886946 0.7032080 0.5155225 -0.0822010 -0.3698893 -0.4655423 -0.2201584 0.1168201 -0.4539829 -0.2622373 -0.3589908 -0.1179198 -0.1330887 -0.0350226 -0.2250580 -0.2445530 -0.3607748 -0.2729329 0.2420603 -0.1631532 -0.1764664 -0.4778225 0.1451534 -0.0238049 0.0030750 -0.2752601 -0.4287454 0.2157093 0.2034242 0.1362485 -0.1065390 0.0858004 0.2248822 0.1039465 0.0649908 -0.1684812 -0.1109668 -0.1662373 -0.1080980 -0.1492860 0.0826500 0.3352536 0.1855743 0.3237769 0.2940281 0.2763650 -0.6253077 0.4821047 0.1983955 -0.1422499 0.5524397 0.5604211 0.2993017 0.3680461 -0.2421295 -0.4415752 0.2739616 0.1334626 -0.1989215 0.2200634 -0.3907299 -0.3309819 -0.6011603 -0.3781401 0.2289229 -0.0518890 0.0712773 -0.1555407 -0.3845308 -0.3260324 -0.2597787 0.0188774 -0.0787952 -0.0059774 -0.2404536 -0.3430147 0.0055633 -0.0536694 -0.1709125 -0.2644435 -0.2511695 -0.4554778 -0.1205840 -0.2568874 -0.2351387 -0.0782772 0.1294675 -0.0569223 -0.2728855 -0.1312761 -0.1786558 -0.2079528 -0.0009028 0.3252051 0.2159437 0.0963084 0.1413280 -0.1616922 0.0674186 -0.2049400 0.4349591 0.5896560 0.5786736 0.6814933 0.6082545 -0.0678944 0.3071375 0.2462464 0.1523690 0.4538996 0.3986496 -0.3006338 0.3016482 -0.1209632 0.0565453 -0.3839387 -0.2030376 -0.6116750 0.0154984 0.0021719 -0.7512503 0.1361891 -0.2028102 0.2429445 0.1724930 -0.4488999 0.3336898 -0.7353151 0.1889316 0.1600920 -0.2328949 -0.0632966 0.3088015 -0.0734983 -0.4819106 0.0427779 0.2240667 -0.4063259 -0.5743124
-0.2908393 -0.1249753 -0.0140201 0.2089579 -0.3646905 0.3132634 0.3946649 0.0116310 0.2123462 0.4524588 0.4071092 0.1176513 -0.1179495 0.6383412 -0.0811228 0.2764680 0.0000000 0.0927304 0.0272861 0.1097357 0.0548334 -0.2917411 0.4667875 0.3587081 -0.1657635 0.0799125 -0.0352650 0.2918687 -0.0336664 -0.0078486 0.0431528 -0.4848588 0.4183542 0.2640689 0.3514482 0.3813728 -0.2742182 -0.1043916 0.4747130 0.0963575 -0.0483658 0.3087207 0.1378180 0.3284209 -0.0657823 -0.4120445 -0.2745452 -0.0410947 0.4859299 0.0170059 0.0862452 0.0734555 0.0835347 0.3003758 -0.2076770 -0.5120877 -0.4347891 0.4891146 0.1430422 0.0623077 0.1103954 0.2853450 -0.4269935 0.3263803 -0.1306972 -0.5114892 -0.0718926 0.2244503 -0.5217352 0.1667483 -0.4831539 0.1070954 0.1100797 -0.0312518 -0.2185973 0.0290750 0.1521880 -0.1890743 -0.0555051 -0.2612384 -0.0290575 -0.0401896 0.1532399 0.3172238 0.2402701 0.2076071 0.2549325 0.0518107 0.0834557 0.2845324 0.0078900 -0.1001801 0.0073435 0.1948213 0.1594214 -0.0059203 -0.0761116 0.0511150 0.2368888 0.3247881 0.1174306 0.3231285 0.1920719 0.2696164 0.0478949 0.0823578 0.2226633 0.2914331 -0.0366365 0.4091198 0.1101198 0.0580551 0.4174841 0.4397533 0.5644812 0.4910337 0.3066094 0.4422227 0.5146949 0.5586336 0.6254019 0.4294814 0.2979556 0.4652937 0.5701564 0.1332726 0.1490553 0.2029207 0.2416039 0.3762093 0.3665347 0.3382346 0.0320582 0.1557663 0.0090679 0.2435089 0.2316455 0.1767670 -0.0002204 0.1368480 0.0893182 0.0307974 -0.1180079 0.1405849 0.1226488 0.1730820 0.0770798 0.1121491 0.0882648 0.2374471 0.1220292 0.1992990 0.0796977 0.1447696 0.1122829 0.0134855 0.1090053 0.0792332 -0.0506181 -0.1154769 0.1263598 0.0865834 -0.0768673 -0.0737027 0.0407966 0.0517620 0.0388839 0.2071653 -0.0532494 0.1250807 0.2086599 0.0998519 -0.3379418 -0.1005405 -0.0818165 0.0276035 -0.2013422 -0.1387607 -0.1996143 -0.1213961 -0.0010646 -0.1413985 0.1056250 -0.3638751 -0.4339456 -0.2266802 -0.5094797 -0.3317739 0.1945131 0.2244816 0.2564111 0.0150189 -0.0300555 0.1670167 0.2207079 0.1893789 -0.1721067 0.0125761 -0.3674735 -0.1102519 -0.3769981 -0.2871186 0.1117985 -0.2223168 -0.1800828 -0.5070349 -0.1220296 -0.2145565 -0.5224077 -0.5814698 0.1134710 0.0186511 -0.1873807 -0.6169583 -0.0539515 -0.1948556 0.0731469 -0.2209933
