0.0000000 0.6766109 0.6937912 -0.3026380 0.5061246 -0.4727050 0.1243001 0.1060062 -0.2123994 -0.2004480 -0.4210721 0.0741852 0.4291809 -0.1866507 -0.3019090 -0.3253138 -0.4584621 -0.0770492 -0.1834051 0.2209945 -0.1663286 0.0325343 -0.1318604 -0.1601328 -0.2710807 -0.1553306 -0.5105722 -0.1332948 -0.4109351 -0.2389198 0.2426785 -0.2013603 -0.1310172 -0.3075610 -0.2632009 -0.3161413 -0.2359253 0.1411392 -0.2264605 -0.1879243 0.2468235 -0.5166627 -0.1914192 -0.0365208 -0.4833952 -0.4934806 -0.4496105 0.3261729 -0.2108853 0.0094519 -0.3563790 -0.1936818 -0.2569037 -0.1048981 -0.1672124 -0.4424250 -0.3945037 -0.2771653 0.3476538 -0.2481231 -0.0972426 -0.3644820 -0.2500138 -0.4326117 0.1737558 -0.3143182 -0.4996372 -0.4738174 -0.3904498 -0.6001720 -0.5926113 -0.2848702 -0.6527388 0.0450710 -0.4893204 -0.7085226 -0.4204414 -0.7834168 -0.8211790 -0.3351048 -0.7786069 -0.5414487 -0.3908268 0.3952887 -0.0660965 -0.1539200 0.0607518 0.0527980 -0.0927724 0.0567776 -0.2201059 -0.1195933 -0.3663224 -0.1870732 -0.0446290 -0.1693654 -0.3389881 -0.4168972 -0.2676107 -0.3697846 -0.1787641 -0.4206026 -0.4458982 -0.5629874 -0.4275393 -0.1781745 -0.2665629 -0.3477877 0.0153037 0.1326121 -0.1713222 -0.0131312 -0.4430605 -0.4228249 -0.4116834 -0.2277442 0.0312621 0.2257914 0.0051060 0.3815563 0.1850383 0.2737568 0.1797043 -0.2579410 0.1930467 0.6051495 -0.4111805 0.0549082 0.5432463 -0.6521126 -0.5223591 0.0905922 -0.4559313 -0.2229462 -0.0343358 -0.1288091 -0.4449664 0.2211340 -0.2085274 -0.2309160 0.5644585 0.3127119 0.2034168 0.1526588 -0.0396392 -0.1547775 0.0649246 0.3544292 0.4930463 0.2910489 0.1605856 0.1606264 0.2240398 0.4670481 0.1604174 0.2057718 0.1906755 0.5121393 -0.1581788 -0.1102493 0.4651271 0.4881805 0.0227403 -0.2011833 0.3740880 0.4918256 0.3604201 0.3976278 0.1004374 0.0628570 0.4685955 0.1529198 0.2630945 0.1258693 0.5476724 0.5563509 0.5498780 0.6628208 0.3375298 -0.0933355 0.3550650 0.0402660 0.2012773 0.3334036 0.5942916 0.1683428 0.5697699 0.3464788 0.2258383 0.3064601 0.3508390 0.0575177 0.1132117 0.3461667 0.5712528 0.5891481 0.7502217 0.3314143 -0.0813722 0.5928777 -0.0430200 0.2405457 -0.1604699 0.1420256 0.5518089 -0.1924388 0.4106794 0.4275648 -0.0741709 0.0308049 -0.1345111 -0.1228844 0.6275914 0.6680964 0.1600933 0.1055589 0.4357052 0.5065415
0.6766109 0.0000000 0.7147616 0.1637617 0.5069399 -0.3249704 0.3503377 0.4593885 -0.0155937 -0.1838808 -0.2008724 0.3730009 0.4429948 -0.1222220 0.0368220 -0.3463940 -0.5070953 -0.1234151 -0.1058329 0.3209595 0.1388224 0.0958294 -0.2150904 0.0365479 -0.3254568 -0.2885276 -0.3183759 0.1122889 -0.1292837 0.1468319 0.2161956 -0.2327989 0.0373483 -0.0507233 -0.3401887 -0.0524964 -0.2347073 0.2036351 -0.1497433 -0.1536897 0.2335699 -0.2183902 -0.2762793 0.0001306 -0.2814066 -0.3271771 -0.3454175 0.3457600 -0.0480961 -0.1342933 -0.3770986 -0.2789531 0.0649435 -0.0864911 -0.0235826 -0.2761963 -0.2969363 -0.2265811 0.2932209 -0.3121700 0.0749647 -0.3916933 0.0000326 -0.1349932 0.3183979 -0.2690331 -0.4131245 -0.3887041 -0.1339761 -0.4554804 -0.4860375 0.0149049 -0.5295547 0.2975561 -0.2319720 -0.4967383 0.0771605 -0.5735707 -0.6436025 0.1144110 -0.6235578 -0.3663489 -0.4686940 0.2518509 0.0004517 -0.1097529 0.2099482 0.1277510 -0.0725692 0.1606658 -0.0265724 -0.0979687 -0.3049766 -0.0735126 -0.0237373 -0.3540801 -0.0031610 -0.2517904 -0.0665482 -0.1178053 0.0446363 -0.3067088 -0.6558042 -0.3654113 -0.4919621 -0.1063569 -0.5273793 -0.5764918 0.0203874 -0.0525853 -0.0481293 -0.0826102 -0.4575367 -0.4771459 -0.4159207 -0.3088690 -0.0388551 0.1897944 -0.0819374 0.2170926 0.0784386 0.1010638 -0.3093205 -0.1945829 0.2395702 0.6443437 -0.6238400 -0.3149211 0.5682207 -0.5514557 -0.4095772 -0.1461312 -0.5626648 -0.4013972 -0.0372729 -0.3254095 -0.5891289 0.2942958 -0.0040041 0.0119214 0.1386741 0.3973502 -0.2049414 0.0049123 -0.1926262 -0.4875277 0.0097533 0.2809111 0.3758232 0.1699372 0.2648453 -0.1062058 0.2435532 0.0099908 -0.1051222 -0.0853605 -0.1966291 0.0670153 -0.2367886 -0.0967122 -0.0577693 0.2999666 -0.4496736 -0.1744229 -0.0539793 -0.0166527 -0.2732450 0.0106115 -0.1337563 -0.0456602 0.0770516 -0.0838679 0.1358054 0.1624565 0.6230446 0.7684902 0.7974444 0.6903359 0.5098453 -0.0153503 0.1106194 0.1585186 0.2998114 0.3103686 0.3322044 0.1910652 0.4029811 0.2816015 0.6588833 0.6499552 0.1311135 0.5704865 0.6397007 0.2650358 0.4647953 0.5880752 0.6204914 0.6270167 -0.0008911 0.6587104 -0.3047524 -0.1880778 -0.6463874 -0.1659537 0.1711674 -0.5173460 0.3284994 -0.0582393 -0.4303521 -0.3798790 -0.5101667 0.0567634 0.3226866 0.7133879 0.5475016 -0.2864335 0.0460901 0.2913896
0.6937912 0.7147616 0.0000000 -0.2825121 0.8641540 -0.6767527 -0.0636543 0.3335310 -0.1886111 -0.1998862 -0.4564507 0.0601090 0.7570749 -0.1770128 -0.1671884 -0.4080275 -0.5050625 -0.1590254 -0.0615569 0.6424817 -0.2758431 0.1479626 -0.0924504 -0.0880193 -0.2475342 -0.2619354 -0.2959173 -0.0021383 -0.3931835 0.0017059 0.3363354 -0.1738801 -0.0623768 -0.2948425 -0.2785658 -0.4682403 -0.2556073 0.2664568 -0.1482063 -0.0403824 0.3787272 -0.5662236 -0.2633208 -0.0015453 -0.4608686 -0.3848548 -0.3859309 0.6285306 -0.1638133 0.0403119 -0.2975741 -0.2619606 -0.2381732 -0.1028391 0.1666131 -0.3315813 -0.3589459 -0.4188902 0.4549075 -0.3059862 -0.0677333 -0.4505299 0.0591787 -0.4120748 0.4809451 -0.2643767 -0.5182432 -0.5600370 -0.1318263 -0.6726452 -0.5210098 -0.3819162 -0.6206638 0.3895218 -0.1378015 -0.6744369 -0.1956201 -0.4957463 -0.7131843 0.0502083 -0.6163169 -0.3567067 -0.2660708 0.5269929 -0.0163526 0.0615213 0.2653069 0.2937959 0.0935577 0.1491809 0.0822077 -0.0234155 -0.3899104 0.1431274 -0.1549798 -0.0808699 -0.2824275 -0.4591261 -0.3149473 -0.2939052 -0.1733514 -0.3561026 -0.5566273 -0.4919583 -0.1846630 0.0735770 -0.4249626 -0.5045014 0.0008786 -0.1668154 -0.2318943 -0.4168424 -0.6999765 -0.5615692 -0.5137155 -0.2085955 0.1403149 0.1360705 0.0237389 -0.1160728 0.2144221 0.3233607 -0.0203084 -0.4526535 -0.0284801 0.3411402 -0.5639847 -0.0591481 0.2077098 -0.7976765 -0.6810185 -0.1943661 -0.6946635 -0.5306630 0.0195082 -0.4800995 -0.7187117 0.0966510 -0.2680437 -0.4678166 0.2089288 0.0715221 0.0785332 -0.2596114 -0.1811513 -0.6041712 0.1620876 0.4666041 0.6516204 -0.0478244 0.0672152 -0.2630931 0.1254404 0.1511711 0.1390718 0.0295883 -0.1191091 0.3889258 -0.0780310 -0.2879604 0.2119272 0.4176312 -0.3624595 -0.3244171 0.3046299 0.1576623 -0.1051547 0.4277297 0.2472164 0.1879739 0.5169067 0.3604209 0.3837157 0.4213559 0.3384110 0.4971033 0.5131494 0.7544469 0.1347521 -0.4012064 0.0845491 -0.2372846 0.2515579 0.2933938 0.7023287 0.5428714 0.7326204 0.7559742 0.5292293 0.2299288 -0.1924329 0.0545763 0.1922790 -0.0688088 0.1671906 0.3495980 0.3703004 0.2894333 0.0856806 0.3457417 -0.2242371 0.2386179 -0.4941274 -0.3666498 0.6310231 0.0074704 0.1292415 0.0649659 -0.1293216 0.1994726 -0.4832576 -0.4571732 0.6856352 0.4939323 0.2531006 -0.0542279 0.5949036 0.6499571
-0.3026380 0.1637617 -0.2825121 0.0000000 -0.3542215 0.6835663 0.2665398 0.6489230 0.2599830 0.2631857 0.7736546 0.4382875 -0.1169965 0.1176943 0.3257022 0.3858894 0.2901099 0.0918329 0.5112009 -0.0904082 0.5349272 0.3371706 0.2290707 0.2619235 0.3101977 0.2710771 0.3421936 0.1697816 0.4321515 0.2839277 0.1924889 0.4031431 0.1501192 0.4686103 0.3373818 0.5177219 0.4464369 0.3253696 0.1177906 0.1058789 0.1216762 0.7178314 0.3100283 0.0460624 0.6900430 0.5963575 0.5613888 0.0703104 0.3715608 0.0939608 0.3708033 0.4126467 0.8477979 0.3310552 0.3693671 0.6078730 0.5824011 0.4875046 0.2091019 0.3584931 0.6699997 0.4459104 0.6095161 0.8403761 0.3632349 0.5249189 0.5569256 0.5552412 0.6708350 0.6531918 0.5485881 0.8169752 0.5278934 0.5326693 0.5563511 0.6436166 0.8051589 0.3093186 0.4911632 0.5627472 0.2792816 -0.1471534 -0.4103107 -0.5649858 -0.4071144 -0.3348102 -0.1151262 -0.4078340 -0.4527383 -0.3147109 -0.1109803 0.0291698 0.1309552 -0.2875782 0.0373211 -0.2118704 0.4872094 0.3120673 0.2078382 0.1201112 0.1126953 0.0773097 -0.3728090 0.1712131 -0.2475095 -0.1532135 -0.4332564 -0.2057635 -0.2394971 -0.3386061 -0.0350122 0.0102888 0.1790783 -0.0339845 -0.0277179 -0.1870599 -0.3057263 -0.2265565 -0.2796011 -0.1431624 -0.3858249 -0.3821070 -0.6739159 0.2351146 -0.0345876 0.0376275 -0.1234058 -0.5653813 0.1148037 0.3987462 0.3920528 -0.0532870 0.1767183 0.1787299 -0.2003339 -0.1488328 0.1427261 0.0105668 0.3133495 0.6941634 -0.5061261 0.1325080 -0.2341921 0.2586689 -0.0659365 -0.1770593 -0.1836209 -0.1829259 -0.4907083 -0.0768651 0.5570035 0.1800803 -0.1516332 -0.5530603 -0.3494237 -0.2014535 -0.0520748 -0.4423502 0.2377791 0.6288817 -0.4620434 -0.4332918 -0.3213423 0.4602501 -0.5816103 -0.2302257 -0.4075865 -0.5311856 -0.2776338 -0.4549224 -0.5977710 -0.3973097 -0.1330187 0.0018862 0.0249327 0.0568654 0.2106642 -0.0698178 0.4480024 0.4003593 -0.2412506 0.3050841 0.4037568 0.2497441 -0.1966982 -0.0275274 -0.1944602 -0.3571359 0.4576181 0.5873256 -0.0772766 0.7413877 0.5756423 0.2297669 0.0595595 0.1383997 0.0919523 0.5084210 0.2886095 0.0883430 0.0175218 -0.3468763 -0.3805807 -0.2097947 -0.7877696 -0.4731732 0.1243793 -0.1627543 -0.4941186 -0.3790128 -0.3288729 0.3004504 -0.6106560 0.0688898 0.4469018 0.0271872 -0.4971654 -0.1703134
0.5061246 0.5069399 0.8641540 -0.3542215 0.0000000 -0.6515308 -0.2228462 0.2748898 -0.3406036 -0.3117013 -0.3544082 -0.1623601 0.7688093 -0.3463483 -0.3596760 -0.2509467 -0.4939617 -0.3334446 0.0124752 0.6235558 -0.4268342 0.3113438 0.1039471 -0.2703641 -0.1035495 -0.0454087 -0.4165513 -0.2074001 -0.4775721 -0.2114004 0.3329220 -0.0238114 -0.2180125 -0.4023580 -0.0897505 -0.5899076 -0.0804104 0.3502855 -0.2939227 -0.2753977 0.4789767 -0.5415124 -0.0766968 -0.1406199 -0.3601449 -0.2861779 -0.2214294 0.6829034 -0.2696859 0.1482905 -0.1231543 -0.2159926 -0.2472089 -0.2027068 0.2335469 -0.2416544 -0.2189887 -0.3766228 0.3696392 -0.1219549 -0.0899174 -0.3183900 0.1144172 -0.4177002 0.4797301 -0.0938250 -0.3894841 -0.4176249 -0.0412847 -0.5584630 -0.3416075 -0.4411327 -0.4824635 0.3803912 0.0132917 -0.5740520 -0.1738403 -0.2439603 -0.5300465 0.2144278 -0.3615596 -0.3774375 -0.2794640 0.4810617 0.0230468 0.0219786 0.2223140 0.3589427 0.1615379 0.0859601 -0.0236333 -0.1861465 -0.3776643 0.2051593 -0.1823771 -0.1072778 -0.4124112 -0.3590888 -0.3341753 -0.3403874 -0.2966107 -0.1333762 -0.5735973 -0.4609321 0.0066280 0.1006152 -0.2318584 -0.6396346 -0.1017812 -0.2060925 -0.3755006 -0.5045282 -0.7381597 -0.5630286 -0.4745819 -0.1953756 0.2260293 0.3161425 0.1238154 -0.1112759 0.2310479 0.3431141 -0.0330545 -0.3797868 0.0550245 0.2168807 -0.4487653 -0.0841284 0.1194219 -0.7291350 -0.5674335 -0.3082013 -0.7493592 -0.6449138 -0.2716710 -0.6266987 -0.7441354 -0.0195288 -0.4011352 -0.5444773 -0.0690647 -0.1434017 -0.1447338 -0.3458132 -0.1858710 -0.6817468 0.0878611 0.3352439 0.5208148 -0.3217857 -0.0962249 -0.2423365 -0.1864216 -0.0597046 0.0015627 0.0509108 -0.1796645 0.2388671 -0.1618362 -0.3626026 0.0473247 0.1087422 -0.3087949 -0.3262905 0.1231190 0.1272462 -0.1776805 0.4456512 0.4463780 0.1358828 0.5199678 0.3976113 0.1797463 0.3262745 -0.0582650 0.2197916 0.2841522 0.4868860 -0.1576286 -0.5953618 -0.1720302 -0.5049605 0.0774653 0.0698060 0.6270311 0.6697298 0.7169941 0.8224115 0.5405462 0.0954527 -0.2887455 0.0496976 0.2309320 -0.3811350 -0.0554062 -0.0123881 0.1170191 0.1789377 0.3052501 0.1302774 -0.1880969 0.1686261 -0.4566418 -0.4457001 0.5881874 0.1457362 -0.0295073 0.0259679 -0.0731515 0.3566596 -0.4902786 -0.4774229 0.8094932 0.3143897 0.1577947 0.0247134 0.5958903 0.5662206
-0.4727050 -0.3249704 -0.6767527 0.6835663 -0.6515308 0.0000000 0.4371164 0.0465067 0.5450135 0.6277691 0.6153453 0.3605121 -0.4558615 0.3905920 0.5183664 0.3828940 0.6633338 0.4368711 0.5390334 -0.2593477 0.5836011 0.1188488 0.1945581 0.4354126 0.4936266 0.2546347 0.3271199 0.2844037 0.5800449 0.2445798 0.0156894 0.3561961 0.4000158 0.6197575 0.3986070 0.5713737 0.3734489 0.1602899 0.3907254 0.3487312 0.0303646 0.6179365 0.2446873 0.3769275 0.4842263 0.5569190 0.5596528 -0.1341682 0.6084298 -0.1270736 0.3794032 0.4858984 0.6080152 0.5617087 0.1834762 0.5268843 0.5298969 0.7725474 -0.1093419 0.3860424 0.3297932 0.4986861 0.3986988 0.8084441 -0.0685360 0.4468715 0.5962827 0.6778548 0.5081087 0.8014915 0.5613826 0.7182279 0.5992624 0.1000357 0.3036178 0.7482992 0.5496182 0.3235830 0.6196638 0.1224083 0.3957127 0.1705328 0.0362484 -0.5341416 -0.1163821 -0.1825199 -0.3154208 -0.4314188 -0.2263045 -0.2178882 0.0258166 0.1925364 0.2971571 -0.2680464 0.1399059 -0.1600866 0.3068643 0.3484777 0.2614894 0.2794339 0.0354357 0.3355307 0.1480245 0.3500718 -0.2940913 -0.4163017 0.0185500 0.2935408 -0.0154088 -0.1221701 0.1642846 0.3363195 0.5302143 0.2344458 0.3119942 -0.0459843 -0.2734157 -0.0531498 -0.1586572 0.1114312 -0.3249767 -0.4180736 -0.4004330 0.5802896 0.1878267 -0.0070645 0.3422643 -0.3087584 0.0589090 0.7706514 0.7614100 0.1283518 0.5623533 0.4925150 -0.1666522 0.1103891 0.6088738 0.0458848 0.3471876 0.7299849 -0.4379945 0.1299014 -0.2166328 0.4021107 0.2667229 0.2448515 -0.1982698 -0.3017024 -0.7491152 0.1070068 0.4047021 0.4909515 -0.0377347 -0.4881897 -0.2154152 0.0370419 0.0177446 -0.2436970 0.0808019 0.5841469 -0.2869342 -0.3674091 0.0424977 0.3742555 -0.4257441 -0.1557778 -0.2503297 -0.6354285 -0.3767897 -0.5317953 -0.6641988 -0.4225871 -0.2021018 -0.2780014 -0.2244433 -0.1743827 -0.0656723 -0.4210965 0.3013746 0.3976073 -0.1758317 0.3303289 0.0917164 -0.0169724 -0.4385698 -0.3688230 -0.5628976 -0.7066899 -0.0089799 0.2890333 0.2518257 0.3631746 0.2343593 0.3303157 0.0923010 0.0183249 -0.0667903 0.0928662 -0.0633788 -0.0307309 0.3770026 -0.2690409 -0.0774776 0.0388077 -0.8078553 -0.4852089 0.0818154 -0.0065408 -0.0052617 -0.2001796 0.1215862 0.5506584 -0.7239548 -0.2541034 0.0488563 0.1908131 -0.3751151 -0.2828398
0.1243001 0.3503377 -0.0636543 0.2665398 -0.2228462 0.4371164 0.0000000 -0.2375662 0.8312360 0.6644419 -0.1663315 0.8068599 -0.2813511 0.6887266 0.7451868 -0.5005675 0.1937280 0.6603182 -0.0061831 -0.0334226 0.8320053 -0.1558493 -0.5498044 0.7687913 -0.0496561 -0.4561740 0.0750761 0.7664715 0.6683759 0.6734399 0.0033241 -0.2324232 0.7973818 0.7454401 -0.3154499 0.6316091 -0.2762623 -0.0299960 0.6866584 0.4593355 -0.0075482 0.1817133 -0.4476078 0.7533539 -0.1439971 -0.1095413 -0.1769438 -0.0707948 0.7343643 -0.5137403 -0.2520160 0.0368673 0.2837221 0.6018773 -0.0773780 -0.0459854 -0.1776686 0.4105737 -0.2982111 -0.1932525 -0.1320261 -0.3037330 0.0164664 0.3340826 -0.2680633 -0.2450147 -0.1472005 -0.1232561 -0.0253844 0.0999478 -0.1757517 0.5012351 -0.2405869 -0.0872374 -0.2923304 0.0063103 0.3395477 -0.2435310 -0.0888675 -0.1433173 -0.1584893 0.1114090 0.1105972 -0.1137779 -0.0613330 0.0743920 -0.1354587 -0.3351084 -0.0181028 0.0090058 -0.0005311 -0.0256958 0.1650754 -0.1951708 0.1473429 -0.0995519 0.0795348 0.1716942 0.3913580 0.3254838 0.1087515 0.1587562 0.0306029 0.0652827 -0.3507282 -0.2582570 0.0199043 0.1161219 0.2730757 0.1177874 0.5872514 0.5531295 0.4086153 -0.0083854 0.1459700 -0.0736899 -0.1738466 0.3410347 -0.0040423 0.5032501 -0.1421711 -0.2003275 -0.4195793 0.5766491 0.5642854 0.6441247 0.1169273 -0.5013719 0.5393188 0.3158725 0.4324465 -0.2149983 0.3315665 0.3420099 -0.0158125 0.1440543 0.3057955 0.4308885 0.3067044 0.6855220 -0.0353286 0.6002046 -0.4317918 0.5239460 0.3075681 0.1174904 -0.2436868 -0.2220980 -0.4294284 0.5279789 0.5401458 0.5395301 0.4200079 -0.2254445 -0.2361469 0.0017633 -0.2370519 0.0197528 -0.4542207 0.3164302 -0.1735468 0.2133035 -0.2735190 0.0031752 -0.1282173 -0.0473556 -0.3773359 -0.4874533 -0.3220082 -0.1144930 -0.4165060 -0.2743824 -0.1165184 -0.1115595 0.3787338 0.5437532 0.6384422 0.1458081 0.7964717 0.5315740 0.2464838 0.6174068 0.0392806 0.1132076 -0.3227685 -0.5973595 -0.5010897 -0.5177562 0.2806422 0.6849629 0.5843846 0.5219785 0.5195594 0.7069147 0.6077307 0.6110908 0.4882787 0.2702372 -0.2778392 0.6137789 0.3049269 -0.3934426 -0.4170090 0.3108296 -0.2546715 -0.6124952 0.2955095 -0.1439280 0.1338785 -0.3842010 0.1444011 0.8372060 -0.4498462 0.3668888 0.3669854 -0.2360000 -0.3282749 -0.1173807
0.1060062 0.4593885 0.3335310 0.6489230 0.2748898 0.0465067 -0.2375662 0.0000000 -0.2608287 -0.2334021 0.4926341 0.1194405 0.5355628 -0.3987527 -0.1162383 0.3208904 -0.2697255 -0.3899539 0.4390553 0.2900823 -0.0233859 0.4507264 0.3530050 -0.1872645 0.1093252 0.2786180 -0.0670392 -0.2546068 -0.1273660 -0.1055386 0.3550948 0.3054089 -0.3023068 -0.0654219 0.2118282 -0.0513516 0.3392526 0.4064222 -0.3838864 -0.1770025 0.3035260 0.2829520 0.2448681 -0.3516779 0.4837855 0.2961258 0.3239633 0.3969789 -0.1204080 0.2933326 0.1883937 0.0411853 0.5881700 -0.1410020 0.4076462 0.3388599 0.3647201 -0.0440343 0.6672952 0.1282186 0.7402520 0.1949947 0.5876083 0.3905448 0.8419321 0.3927776 0.2098894 0.1945844 0.5303792 0.1260365 0.2021300 0.3576402 0.1432129 0.7996839 0.5552594 0.1480569 0.4528954 0.0156139 0.0111040 0.6665492 -0.0875158 -0.4084752 -0.6521685 -0.0928855 -0.3712252 -0.3956707 0.2046489 -0.0049270 -0.4514708 -0.2462370 0.0217815 0.1445576 -0.2734153 -0.0825464 -0.0718757 -0.1794225 0.2161575 -0.1141570 -0.1878033 -0.2208499 -0.0511816 -0.3288921 -0.7327243 -0.1975093 -0.2609879 0.0619683 -0.7738019 -0.5427918 -0.4485376 -0.4505342 -0.4916009 -0.5564657 -0.5565197 -0.4454887 -0.4445671 -0.3684189 -0.1889240 -0.2743304 -0.2872641 -0.4349699 -0.2070081 -0.1081229 -0.4251735 -0.3426707 -0.3073731 -0.0143896 -0.5351596 -0.3497234 -0.0037250 -0.2785905 -0.2947999 -0.0244188 -0.4133907 -0.3701528 -0.2841043 -0.5819404 -0.5384823 -0.2299950 -0.1425600 0.0126929 -0.4071294 -0.2011142 -0.0255855 -0.2544985 -0.4704687 -0.6271073 -0.0951867 0.1321108 0.0702915 -0.4166248 0.2898411 -0.2971583 -0.3410609 -0.3666681 -0.3316552 -0.1529639 -0.1164429 -0.2539414 0.2636215 0.3167313 -0.2918270 -0.2585361 -0.4077199 0.2278435 -0.3795490 -0.0609531 -0.3069784 -0.0814329 -0.0149139 -0.3348322 -0.1041567 -0.1659106 0.0952421 0.3032637 0.0211947 0.1094910 0.2392725 0.3388976 0.1612576 -0.0935025 -0.2873583 -0.1922188 0.5526573 0.3023200 0.4091352 0.6071168 0.5168258 0.3696608 0.6481239 0.4127423 -0.4673608 0.5464568 0.4821570 -0.2110376 -0.1297337 0.0550307 0.1062629 0.5882554 0.4844228 0.0250683 -0.4044906 -0.0878425 -0.4720983 -0.5597055 -0.3160098 -0.2068939 0.0625184 -0.0064739 -0.7121040 -0.0676572 -0.6702438 -0.4017529 0.0724185 0.2897988 0.4877156 0.0637215 0.0285545 0.2535404
-0.2123994 -0.0155937 -0.1886111 0.2599830 -0.3406036 0.5450135 0.8312360 -0.2608287 0.0000000 0.8995862 -0.1110511 0.8121212 -0.2454946 0.8688965 0.9198660 -0.4523298 0.4555596 0.8301864 0.1847938 0.0556240 0.8626651 -0.2136895 -0.5111970 0.9249908 0.0969719 -0.4685253 0.3069409 0.8438349 0.8698097 0.7457708 -0.0251821 -0.1797563 0.9440453 0.8876783 -0.2632490 0.7268190 -0.2808937 -0.0424819 0.8969694 0.7936971 -0.0363316 0.2914010 -0.4795802 0.9200871 -0.0301190 0.0280488 -0.0798749 -0.0812358 0.9043928 -0.4650785 -0.1728858 0.0882153 0.3210216 0.7456343 0.0728841 0.0850537 -0.1136961 0.4841436 -0.2635158 -0.2149930 -0.0468042 -0.2618696 0.1797077 0.4593417 -0.1809727 -0.1977420 -0.0538962 -0.0485238 0.1143214 0.2472204 -0.0485524 0.5200417 -0.0786159 -0.0054690 -0.0831673 0.2078033 0.4146031 -0.0251360 0.1621245 -0.0879474 0.0714452 0.4302005 0.4349220 -0.0498005 -0.0857175 0.1819471 -0.1861715 -0.2680791 0.0500784 0.0059761 0.2850799 0.2259728 0.3514232 0.0634349 0.1654220 0.2252051 0.0909725 0.2618267 0.4293640 0.5132927 0.1822822 0.1759843 0.3255524 0.2543462 -0.1186796 -0.0526580 0.1025786 0.4404463 0.3730888 0.0348108 0.6867320 0.4824490 0.4725084 0.1919204 0.3639821 0.1451680 -0.0488450 0.2089016 0.1245596 0.1935785 -0.0584529 -0.0933349 -0.2635336 0.6572301 0.3777912 0.2721254 0.4085871 -0.3477876 0.1483253 0.5495884 0.5455494 -0.1618268 0.6153199 0.5464477 0.1277928 0.2065401 0.5207594 0.2587789 0.2587308 0.6107220 -0.1688836 0.3657363 -0.2535137 0.3958143 0.3584404 0.1706479 -0.1989624 -0.2660689 -0.5190985 0.4395966 0.5232637 0.4456364 0.3869180 -0.2947938 -0.1833719 0.0097915 -0.2233338 0.0667808 -0.2633249 0.3942966 -0.1282335 0.2458348 -0.2564971 0.0167866 -0.0026863 -0.1583825 -0.4107361 -0.4308127 -0.1969267 0.0100484 -0.4062932 -0.1063387 -0.0267718 -0.0135812 0.1496886 0.2810932 0.3558638 -0.0101992 0.6539286 0.5631393 0.2799951 0.5794858 0.1220333 0.0677534 -0.3385926 -0.5097210 -0.5682895 -0.4574352 0.1312336 0.4537303 0.3105188 0.2565731 0.2032402 0.5278512 0.2832882 0.4003118 0.1308744 -0.0626326 -0.2548698 0.2897672 0.3945646 -0.2146787 -0.2763678 0.1930090 -0.2514393 -0.3296910 0.0607564 -0.2645058 0.3159827 -0.0774137 0.2737451 0.6254752 -0.5967514 0.0352616 0.2340934 -0.1499747 -0.2155155 -0.0993950
-0.2004480 -0.1838808 -0.1998862 0.2631857 -0.3117013 0.6277691 0.6644419 -0.2334021 0.8995862 0.0000000 0.0493010 0.6305308 -0.2035025 0.8523460 0.7799740 -0.2447614 0.6794636 0.8465567 0.4236677 0.1584174 0.7130071 0.0179895 -0.2258624 0.8665674 0.3720107 -0.1669104 0.4684440 0.7561434 0.7550559 0.6256953 0.1627296 0.1298446 0.8754631 0.8345813 0.0484644 0.6056694 -0.0067655 0.1406969 0.9029324 0.7839886 0.1721071 0.3220239 -0.2467990 0.9006483 0.1021537 0.2606065 0.1657507 0.1065077 0.9339029 -0.2734874 0.1155774 0.3214841 0.3980761 0.8205691 0.3000032 0.3209756 0.1226157 0.5983443 -0.1485859 0.0445005 0.0604438 -0.0128185 0.3871436 0.5881149 -0.0651319 0.0629172 0.1757282 0.1428815 0.3425143 0.4280603 0.1698982 0.5533928 0.1132666 0.1611446 0.0889895 0.3647167 0.4342958 0.0839288 0.3117017 -0.0475067 0.1842642 0.3165318 0.4354887 -0.1367330 -0.1888076 0.1980173 -0.1927238 -0.3919189 0.0306174 -0.1205149 0.1939767 0.2234811 0.3372518 -0.0952359 0.1598267 0.1350743 0.0514622 0.2288212 0.3900789 0.4139721 0.0884328 0.2476908 0.3223206 0.2862781 -0.1930503 -0.2186807 0.1138076 0.4580779 0.3148638 -0.1030263 0.5652250 0.3336261 0.4999247 0.1524365 0.2377120 0.0632100 -0.1379552 0.0557995 0.0030272 0.0538997 -0.1700107 -0.1720528 -0.2565149 0.5681036 0.1831745 0.1181694 0.4310495 -0.3227859 -0.0332444 0.5740127 0.5382762 -0.0740068 0.6393165 0.5540187 0.0803384 0.1250218 0.5521386 0.0796571 0.1019102 0.5559807 -0.1912957 0.1939384 -0.1435573 0.4059205 0.3162514 0.2177806 -0.2614244 -0.3003655 -0.6005052 0.3208952 0.5405367 0.4934756 0.1785517 -0.2923859 -0.1100718 -0.0034738 -0.2017034 0.1330077 -0.1235620 0.4086465 -0.0476403 0.1266187 -0.1372543 -0.0471679 0.0166045 -0.0930352 -0.2547156 -0.3854895 -0.1279027 -0.1602319 -0.3405883 -0.0441562 0.0289894 0.0469799 -0.0030916 0.0672981 0.1829376 -0.0293093 0.5353365 0.4615376 0.1671859 0.3915484 0.1349573 0.0861022 -0.1955175 -0.3754535 -0.4288593 -0.3797862 0.0786251 0.3209047 0.2096518 0.1289310 0.0498996 0.4953534 0.1916703 0.3184772 0.0492156 -0.1353002 -0.1060805 0.0967513 0.6084796 0.0049671 -0.2002127 0.1518308 -0.2488337 -0.2248771 -0.0834187 -0.0295971 0.4860759 0.1992192 0.2740722 0.5122830 -0.5057969 -0.0714264 0.0009853 0.1166565 0.0280013 0.1298021
-0.4210721 -0.2008724 -0.4564507 0.7736546 -0.3544082 0.6153453 -0.1663315 0.4926341 -0.1110511 0.0493010 0.0000000 -0.1446912 -0.1892680 -0.1903056 -0.1145143 0.8208458 0.5239398 -0.1523831 0.6523407 -0.1178767 0.0863975 0.5003514 0.7149890 -0.1602857 0.6307381 0.7491640 0.4144929 -0.2598020 0.0792335 -0.1988138 0.2769719 0.7680697 -0.2111103 0.0592942 0.7905889 0.2047785 0.8258084 0.5198843 -0.1490519 -0.1932774 0.2530897 0.6763658 0.7712797 -0.2263832 0.7604282 0.8606841 0.8608815 0.1310242 0.0482668 0.4492025 0.7542764 0.6701356 0.6216994 0.1425325 0.4786019 0.7983846 0.8676314 0.4965136 0.0554511 0.7568887 0.5929402 0.8481586 0.5758362 0.6946112 0.2602372 0.8419415 0.8588214 0.8237918 0.7047785 0.8158014 0.8136239 0.5148853 0.8470329 0.3977990 0.6527560 0.8099439 0.5405017 0.5499026 0.7155984 0.4144611 0.5241033 -0.0233982 -0.3062798 -0.6786600 -0.3336127 -0.2926631 -0.1969693 -0.4035905 -0.2769944 -0.3533336 -0.1914469 -0.1120043 0.3643133 -0.3138646 -0.0022674 -0.2255134 0.4024063 0.5087434 0.0836505 0.0714821 0.1311878 0.3507407 -0.1403124 0.3027604 -0.0434430 -0.2240216 -0.1207640 -0.1355262 -0.1783121 -0.3728293 -0.2212822 -0.0645489 0.2468277 0.2537477 0.1139650 0.0598895 -0.0517614 -0.3112262 -0.1165102 -0.2488522 -0.1928134 -0.1872595 -0.3412238 0.0661122 -0.2336221 -0.3938728 0.0823272 -0.2431180 -0.1944967 0.3886276 0.3625562 0.0420120 0.1726322 0.0907802 -0.1808476 -0.1183599 0.2211667 -0.1419175 0.1177353 0.4031782 -0.5000354 -0.1462217 0.0084450 0.1458798 -0.0415035 -0.0697992 -0.1440383 -0.2631705 -0.4804542 -0.3171926 0.2325943 0.1446232 -0.3773956 -0.4424604 -0.1421780 -0.1506722 0.1225380 -0.3704787 0.5468850 0.4003606 -0.3063445 -0.5921729 0.0857627 0.3114230 -0.4740517 -0.2642592 -0.1009441 -0.3674959 -0.0750088 -0.4546002 -0.4099984 -0.2373861 -0.1037795 -0.0336163 -0.2160067 -0.3744925 -0.2944600 -0.3457334 -0.0434912 0.2048979 -0.3410191 -0.0295206 0.1873469 0.0717616 -0.2758844 0.1448020 -0.1789999 -0.3509052 0.0786901 0.0827071 -0.2562954 0.3827386 0.1786630 -0.0654639 -0.3288379 -0.2831008 -0.2904907 0.1508230 0.3072604 -0.3315698 0.2140338 -0.1713279 -0.0969961 -0.3236178 -0.6996628 -0.2499071 -0.2015756 0.0354178 -0.2666202 -0.1959201 -0.3216908 0.0766161 -0.3931309 -0.3267875 -0.0788019 0.3605380 -0.3454781 -0.1627766
0.0741852 0.3730009 0.0601090 0.4382875 -0.1623601 0.3605121 0.8068599 0.1194405 0.8121212 0.6305308 -0.1446912 0.0000000 -0.0370181 0.7163765 0.7957726 -0.5469170 0.0288390 0.6739272 0.0227537 -0.0155940 0.9189900 -0.2041607 -0.6181269 0.8527148 -0.2101827 -0.5755452 0.0642558 0.7609194 0.8137686 0.7318496 -0.0544792 -0.3530782 0.7964020 0.8486720 -0.5046518 0.7435023 -0.4162749 -0.1160536 0.6416875 0.6459670 -0.0786314 0.3115365 -0.5914193 0.6919341 0.0333367 -0.1820274 -0.2793510 -0.0706960 0.7671096 -0.4234658 -0.4155514 -0.1360204 0.4911472 0.5869044 -0.0140154 -0.0687021 -0.2718271 0.3173548 0.0934123 -0.4291574 0.2087724 -0.4496805 0.1780805 0.4484355 0.0858812 -0.3201862 -0.2627880 -0.1954978 0.0630676 0.0493065 -0.2136055 0.6256645 -0.2804216 0.2017483 -0.0491627 0.0005658 0.5447756 -0.2041241 -0.0881284 0.1759105 -0.1428458 -0.0019618 0.0419960 0.0466025 -0.2280097 0.0212789 -0.0424139 -0.1682317 -0.1915625 0.0078416 0.1549304 0.1831102 0.0136007 0.0467917 0.2051170 0.1570117 0.1600259 0.0453805 0.4109284 0.3243729 0.1534803 -0.1355757 -0.1182728 0.0152236 -0.2327154 0.0821319 -0.2459859 0.0656471 0.1597470 0.0018688 0.5134646 0.3398128 0.1570268 -0.1565202 0.0662263 -0.1328963 -0.2357935 0.1862282 -0.0539989 0.2156587 -0.1666979 -0.1440300 -0.4185461 0.5326539 0.4234070 0.5044938 0.0446241 -0.4771547 0.3899469 0.3249110 0.3546409 -0.1036773 0.3458027 0.4154967 0.0335631 0.0989271 0.2174944 0.2525778 0.2929169 0.6567993 -0.1093092 0.4619140 -0.3181118 0.3716410 0.1686938 -0.0112149 -0.1313068 -0.0662962 -0.3271130 0.4632604 0.6523966 0.3615421 0.3411560 -0.2865332 -0.3275925 -0.0694038 -0.1742572 -0.0802459 -0.3388714 0.5137445 -0.2251817 0.2245958 -0.5126985 0.2524437 -0.1525082 -0.0042527 -0.4371758 -0.3298374 -0.1907484 0.0315526 -0.4230935 -0.2104386 -0.0492510 0.0031955 0.3304599 0.5330771 0.6566252 0.2300734 0.8467482 0.5717546 0.2631486 0.6667373 0.3908029 0.2661644 -0.0720077 -0.3521717 -0.2409923 -0.2149655 0.4823809 0.7849820 0.3028424 0.5737259 0.5246948 0.5486942 0.4761434 0.5777336 0.4521537 0.3205648 0.0159368 0.5178959 0.0484680 -0.2591927 -0.3786185 0.2403910 -0.2176218 -0.3484128 0.3152788 -0.3510836 -0.1044443 -0.1652674 0.1201633 0.5282107 -0.5085552 0.4047866 0.6382665 -0.3488118 -0.2594568 -0.0338427
0.4291809 0.4429948 0.7570749 -0.1169965 0.7688093 -0.4558615 -0.2813511 0.5355628 -0.2454946 -0.2035025 -0.1892680 -0.0370181 0.0000000 -0.3193892 -0.2762884 -0.2139708 -0.4560752 -0.3371828 0.2598042 0.8020552 -0.2953827 0.4730404 0.0672510 -0.2097207 0.0930916 -0.0108592 -0.3957839 -0.2454483 -0.3744122 -0.1971981 0.5965900 0.0681198 -0.2079214 -0.2864213 -0.0602268 -0.4453726 -0.0410304 0.4170295 -0.2221228 -0.1842175 0.6306555 -0.4150581 -0.1336491 -0.1647584 -0.2187284 -0.1932436 -0.1409975 0.7150045 -0.2052667 0.1677336 -0.1102063 -0.2470591 -0.0071571 -0.2709897 0.3949868 -0.1197906 -0.1268436 -0.4562756 0.5178026 -0.1836713 0.1717988 -0.3289634 0.3277337 -0.1896045 0.7922120 -0.0439150 -0.3784169 -0.4283820 0.1288943 -0.4793841 -0.3049289 -0.1888035 -0.4718961 0.5999433 0.2266642 -0.5120438 -0.0374944 -0.2433581 -0.4732294 0.2446315 -0.2819377 -0.2378746 -0.2679168 0.3001266 -0.1977157 -0.1361555 0.2685589 0.2977269 0.0089548 -0.0511450 0.0773359 0.0958577 -0.4232339 0.2396138 -0.1863448 0.1581818 -0.5798059 -0.4919984 -0.4210799 -0.3158778 -0.3425581 -0.5122444 -0.5309903 -0.3372441 -0.0288359 0.2271159 -0.5792027 -0.4883542 -0.2550032 -0.4567667 -0.2882411 -0.6143685 -0.7891851 -0.5840533 -0.4269171 -0.2191809 0.1776547 0.0995743 0.0784476 -0.2864542 0.1697641 0.3295021 0.0072356 -0.3419309 -0.1792138 0.0678085 -0.3874118 -0.0478075 -0.0686913 -0.6066181 -0.5874448 -0.1757170 -0.5801817 -0.4051692 -0.3060653 -0.5974578 -0.7116250 -0.3304392 -0.3644348 -0.5001284 -0.0862676 -0.4359476 0.0894181 -0.3022189 -0.3481039 -0.6245325 -0.0475022 0.3121039 0.4285662 -0.5116536 0.0137006 -0.3100816 -0.3054530 -0.0835499 -0.0069337 0.2086900 -0.1933830 0.1799076 -0.0507495 -0.0978465 0.2096092 0.1386526 -0.2251059 -0.2794818 0.2087278 0.2572403 -0.0788098 0.2762634 0.1615081 -0.1029668 0.4020387 0.1829334 0.0833680 0.2438665 -0.1211343 0.0380496 0.1414072 0.4113612 -0.1132339 -0.5269608 0.0453092 -0.3473608 0.3813029 0.3779471 0.6856877 0.8036381 0.6546909 0.7539992 0.5746451 0.1346093 -0.3835049 -0.0104001 0.0983289 -0.3885006 -0.1182511 -0.0531402 0.0932046 0.2731232 0.3152746 -0.0292543 -0.2041647 0.1052371 -0.5125770 -0.5404664 0.3446952 0.1158365 -0.0902662 0.2096681 -0.1157996 0.3247043 -0.6342071 -0.5875077 0.6186206 0.4240082 0.2416286 0.2568053 0.5806598 0.5194194
-0.1866507 -0.1222220 -0.1770128 0.1176943 -0.3463483 0.3905920 0.6887266 -0.3987527 0.8688965 0.8523460 -0.1903056 0.7163765 -0.3193892 0.0000000 0.7587063 -0.4521639 0.4982047 0.9436684 0.0568908 -0.0431565 0.7861777 -0.2541670 -0.4940908 0.9474651 0.0756931 -0.3942738 0.4847239 0.8805245 0.8443123 0.7617297 -0.0908410 -0.1592198 0.9413740 0.8610100 -0.2791191 0.6919580 -0.2931822 -0.1335674 0.9157256 0.7981718 -0.0384217 0.2890651 -0.4746784 0.8752807 -0.0369774 0.0138944 -0.1446654 -0.0911389 0.8849260 -0.2858665 -0.1746913 0.0993047 0.2420860 0.7407105 0.1200127 0.0946566 -0.1774853 0.4472797 -0.2566463 -0.2267233 -0.0823780 -0.2602166 0.1395277 0.4087217 -0.2666270 -0.2322195 -0.0806025 -0.0595669 0.0785162 0.2384965 0.0086891 0.4496056 -0.0324225 -0.0527598 -0.0110329 0.1987163 0.4125349 0.1305009 0.2214948 -0.0953618 0.2290668 0.3045829 0.6020759 -0.0367146 -0.0491807 0.4812752 -0.0533697 -0.1774755 0.2446306 0.1661290 0.2132311 0.1452062 0.2966295 0.0983507 0.3633798 0.2545548 0.1242811 0.1893453 0.6339466 0.5444914 0.3036436 0.2460432 0.4206444 0.4147529 -0.0207461 0.0046099 0.2298070 0.4171080 0.4862755 -0.0173716 0.7911558 0.4567734 0.5529015 0.1683499 0.2802771 0.0993071 -0.1770472 0.0350328 -0.0001546 0.1146423 -0.1115914 -0.1406520 -0.1781211 0.6148469 0.2844119 0.1213214 0.3914219 -0.1699218 0.0035767 0.5976021 0.5771585 0.0368958 0.6250015 0.6149238 0.3632405 0.3957081 0.5946170 0.1180689 0.3179037 0.5357320 0.0256072 0.2938023 -0.1511562 0.3632633 0.3578110 0.3613301 -0.0369293 -0.1408027 -0.4342317 0.4842819 0.3579447 0.3825909 0.3153169 -0.1752560 0.0040656 -0.1817295 -0.1577134 -0.0342238 -0.2445631 0.2319194 -0.0982783 0.1644093 -0.2696231 0.0505883 0.0304803 -0.1467224 -0.2267491 -0.2936596 -0.1645150 0.1034220 -0.4062463 -0.0678876 -0.0264008 -0.0889604 0.1599569 0.1604971 0.2124828 -0.0791474 0.5126119 0.5174152 0.2707127 0.5792808 0.0803227 0.0706898 -0.3085378 -0.4939412 -0.4828242 -0.3486866 0.0325062 0.2861042 0.2363314 0.0734275 0.0283024 0.4833272 0.2111974 0.2960713 0.0526758 -0.2079946 -0.1073988 0.0912192 0.4686921 -0.0538356 -0.0709078 0.3810432 -0.0797224 -0.0545415 -0.0768209 -0.3307175 0.5058413 0.1231334 0.4007330 0.5883671 -0.5959352 -0.0575465 0.0488631 -0.2184522 -0.0686262 -0.0445291
-0.3019090 0.0368220 -0.1671884 0.3257022 -0.3596760 0.5183664 0.7451868 -0.1162383 0.9198660 0.7799740 -0.1145143 0.7957726 -0.2762884 0.7587063 0.0000000 -0.4048730 0.3162008 0.7076281 0.0738812 -0.0121888 0.7891787 -0.3346498 -0.5042392 0.8702469 -0.0895061 -0.5430138 0.3175953 0.8365896 0.8222318 0.8185207 -0.1953676 -0.2980573 0.8494178 0.8464031 -0.3510013 0.6665064 -0.3473288 -0.2211751 0.7677723 0.8282436 -0.2483509 0.2986770 -0.5307082 0.7804510 0.0215100 -0.0099458 -0.1064644 -0.2166120 0.8124374 -0.5753740 -0.2635391 -0.0685616 0.3421205 0.6158289 -0.0407866 0.0352370 -0.1398881 0.3928907 -0.1170434 -0.3368241 0.0287385 -0.2851566 0.1660721 0.4582988 -0.1285747 -0.2473178 -0.0687664 -0.0337134 0.1348832 0.2097318 -0.0833553 0.5058837 -0.0523052 0.0331679 -0.0629499 0.2346810 0.4461707 -0.0478856 0.1407693 0.0596236 0.0031865 0.4048539 0.3495697 0.0221818 0.0205093 0.2033639 -0.0041858 -0.1490758 -0.0238700 0.0773125 0.4610697 0.4309807 0.2071093 0.1022219 0.1723133 0.1092142 0.3234464 0.1328914 0.3781898 0.4824852 0.2028125 0.0927107 0.2287087 0.2207808 -0.2379283 -0.0273728 -0.0716175 0.4047796 0.2682227 0.0464126 0.5302235 0.3150947 0.3320529 0.0707112 0.2179424 -0.0261271 -0.2110542 0.0412269 -0.0786054 0.0283208 -0.2006748 -0.2761145 -0.3741458 0.4543548 0.2349998 0.2339713 0.1842267 -0.3796575 0.0937373 0.4599012 0.4220336 -0.1236245 0.4884112 0.3756088 0.1565239 0.0800327 0.3709212 0.2345880 0.2691872 0.5570919 -0.2621041 0.3705587 -0.2889519 0.1794036 0.1906093 0.0508349 -0.1449496 -0.1702772 -0.4421717 0.4248173 0.4829988 0.1948939 0.4184814 -0.3422977 -0.2409366 -0.0836343 -0.3170670 -0.0505345 -0.2452432 0.3625241 -0.2780890 0.2376962 -0.4005882 0.0670304 -0.1272110 -0.2983473 -0.5718554 -0.4915549 -0.3192803 -0.0380626 -0.4835309 -0.2021013 0.0926309 0.0883835 0.1832116 0.3574336 0.4084741 0.0979923 0.6219014 0.4803891 0.1424894 0.5004762 0.1463134 -0.0029882 -0.2795662 -0.4839865 -0.4593009 -0.3825009 0.1698599 0.4413364 0.1731419 0.3280163 0.2966086 0.4286566 0.2306638 0.4063777 0.0842295 0.0669265 -0.2596438 0.2840621 0.1273250 -0.2069051 -0.2905813 0.0872807 -0.3377105 -0.3676726 0.1146232 -0.3602551 0.0799600 -0.1397587 0.2295948 0.4912095 -0.6327824 0.0375776 0.3350776 -0.3530140 -0.2348341 -0.0664065
-0.3253138 -0.3463940 -0.4080275 0.3858894 -0.2509467 0.3828940 -0.5005675 0.3208904 -0.4523298 -0.2447614 0.8208458 -0.5469170 -0.2139708 -0.4521639 -0.4048730 0.0000000 0.3982273 -0.3244306 0.5086372 -0.2606625 -0.3571050 0.2636240 0.8990380 -0.4883199 0.5298706 0.8485627 0.2130531 -0.5651675 -0.2830710 -0.5631227 0.0300079 0.6774019 -0.5095289 -0.3298563 0.8001306 -0.1890860 0.7790292 0.3993530 -0.4877442 -0.3203148 0.1109616 0.3972551 0.8559726 -0.4499475 0.5557028 0.7083039 0.7678804 0.0765553 -0.2810854 0.5613171 0.6821792 0.5511443 0.2137437 -0.0666838 0.2769535 0.5867455 0.7638183 0.3844103 0.1175044 0.7123289 0.4158753 0.8994322 0.3013378 0.3313395 0.1308372 0.7723486 0.7828663 0.8356841 0.4534260 0.6390889 0.7112141 0.0621270 0.8296120 0.1337776 0.4885392 0.6634586 0.0933235 0.4713513 0.5635447 0.1502603 0.3975895 -0.0606231 -0.2166957 -0.3840380 0.0413392 -0.1537535 -0.1054399 -0.0639594 -0.0513772 -0.0778524 -0.0182367 0.0258038 0.2754820 -0.1514072 0.1186250 -0.2924232 0.3991798 0.3590609 -0.0463722 0.0014452 0.1567782 0.4187062 -0.0365298 0.2679192 -0.0783225 -0.2954286 0.0455757 -0.1007253 -0.1078648 -0.2274849 -0.4936503 -0.1556231 0.0511230 0.2591908 0.0883982 0.0612938 -0.0039847 -0.3434143 -0.1153790 -0.2747420 -0.0290299 -0.0975357 -0.0098031 -0.1575004 -0.2663086 -0.5188669 0.0105924 0.1919463 -0.2492061 0.2139173 0.2301408 0.3459257 -0.0480814 -0.1471432 -0.0173226 -0.1182731 0.1324317 -0.1527620 0.0562767 -0.0287617 -0.3241711 -0.2353421 0.2143239 -0.1855879 -0.0366790 -0.0585714 0.1529947 0.0231977 -0.1730149 -0.3288597 -0.2133173 -0.0546679 -0.3354463 -0.2390656 0.0719358 -0.1415457 0.3054791 -0.2349424 0.6019723 0.0632031 -0.1924068 -0.5733804 0.2338318 0.2939288 -0.3682401 -0.2583974 0.0779563 -0.1033197 -0.0030533 -0.3732783 -0.2071754 -0.1347827 0.0880426 -0.0564717 -0.2611341 -0.4611810 -0.5037297 -0.3667441 -0.4278680 -0.1059598 -0.4394841 -0.3449578 -0.0168857 -0.1901214 -0.1651091 0.2737550 0.0302144 -0.2114452 -0.2472585 -0.3437903 -0.3158330 0.0091398 -0.1107775 -0.3207365 -0.4772362 -0.4651882 -0.4410340 -0.0884537 0.1256379 -0.4675253 0.0637386 0.0238453 0.1708393 -0.3852580 -0.4434426 -0.1217995 -0.1868293 0.0892016 -0.2502075 -0.0406163 -0.2356383 -0.2269107 -0.1065049 -0.5636709 -0.3720622 0.3428568 -0.0488864 -0.1146702
-0.4584621 -0.5070953 -0.5050625 0.2901099 -0.4939617 0.6633338 0.1937280 -0.2697255 0.4555596 0.6794636 0.5239398 0.0288390 -0.4560752 0.4982047 0.3162008 0.3982273 0.0000000 0.5415208 0.5559704 -0.0538095 0.3056430 0.1396215 0.3655517 0.3807908 0.6717212 0.3934377 0.7065983 0.2759677 0.4299736 0.1585172 0.1352143 0.5490764 0.4264961 0.4008069 0.5832113 0.3899094 0.4705182 0.3399115 0.5456971 0.4105115 0.1879751 0.4647422 0.3784496 0.4920936 0.3146248 0.6765006 0.5818251 0.0573104 0.5440896 0.1470294 0.5788929 0.6931548 0.2462646 0.6125906 0.3851997 0.6114120 0.5321072 0.6886887 -0.3328382 0.5503839 0.0753682 0.5913638 0.3411302 0.5530048 -0.2478839 0.4805567 0.6562733 0.6146886 0.4269014 0.7498577 0.5901568 0.3310603 0.6684408 -0.0085860 0.2624720 0.7261705 0.3034046 0.4487774 0.6899587 -0.1268264 0.5179211 0.4578276 0.4645915 -0.4185895 -0.0532951 0.2072485 -0.3494383 -0.3973931 0.1884565 -0.0843657 0.0729725 0.0171586 0.6794163 -0.1426441 0.1299319 -0.0023610 0.2394395 0.5736247 0.3442529 0.4541638 0.2784167 0.6051336 0.5277164 0.5437828 0.0009581 -0.3281418 0.4131582 0.4815281 0.4171279 -0.1295319 0.3752577 0.3554308 0.6971768 0.5923162 0.4670947 0.3814078 0.1050104 -0.1574135 0.1288080 -0.0643219 0.0181305 -0.0329661 -0.0256332 0.4219719 -0.0303084 -0.3799947 0.5898358 0.0088913 -0.3113368 0.6877658 0.6277956 0.1066536 0.6540095 0.5078210 0.2554355 0.2985865 0.7355921 0.0348724 0.1620581 0.4163227 -0.1819314 0.0476685 0.1248436 0.3393210 0.3923382 0.3725725 -0.0714775 -0.3194197 -0.5698486 0.1549360 0.2124545 0.4022332 0.0368100 -0.2042744 0.1804982 -0.0760041 0.0954689 0.0340661 0.3774671 0.1997708 -0.0020986 -0.1456446 0.2388696 -0.0329234 -0.0193630 -0.3228886 0.0102514 -0.3016935 -0.0415480 -0.1637527 -0.3115184 0.0366946 0.0354005 -0.0845821 -0.1223202 -0.3311671 -0.3404543 -0.3958025 0.0476619 0.3710150 0.0010859 0.2015786 -0.0464370 -0.0624184 -0.4438172 -0.2727560 -0.5098495 -0.5342418 -0.3258859 -0.1530614 0.0151783 -0.1050978 -0.2759914 0.2459760 -0.2180408 -0.1159706 -0.3737974 -0.4340925 -0.1260656 -0.3186626 0.7305870 0.0844705 0.1011984 0.0194919 -0.3391989 -0.1142425 -0.3601047 -0.0012881 0.5204786 0.1122261 0.2180025 0.3577004 -0.4840067 -0.5741353 -0.4833102 0.3502043 -0.0866213 -0.0648810
