0.0000000 -0.2156968 -0.3645864 -0.3834984 -0.0298985 0.1254034 0.5176282 -0.3581360 0.1231472 0.0291455 -0.2730652 -0.0373847 -0.1686600 0.1997893 0.2383773 0.0045481 0.1293558 -0.1517315 -0.0448482 0.2347400 -0.3421859 0.3310847 -0.0754419 0.1545249 0.0157756 -0.1824709 0.6416151 0.1950503 -0.2484510 0.4538654 0.2105119 -0.0652838 -0.1101964 -0.2022329 -0.0558182 -0.4542007 -0.1386232 -0.0531876 0.0112372 -0.1872510 0.1727720 -0.5822009 -0.2758382 -0.2337670 -0.4273135 -0.0637123 -0.1616008 0.1587342 -0.3297901 0.0751999 -0.1671206 -0.1068072 -0.4432506 -0.5115835 0.0862915 -0.0309377 -0.1615362 -0.4293291 0.0899384 -0.0438566 -0.4148539 -0.4454908 0.1278715 -0.6046782 -0.5246130 0.3078039 -0.4277411 -0.6052197 0.2901679 -0.4850795 -0.3047896 -0.3936758 -0.5931672 -0.5289653 -0.2385315 -0.5735369 -0.5900868 -0.3791729 -0.4835843 -0.4410119 -0.1711395 -0.2724065 0.1442784 0.1062151 -0.3970291 -0.0088655 -0.3442723 -0.2640629 0.0224677 -0.4040260 -0.1137853 -0.2238287 0.0518787 -0.2379976 0.0316552 -0.1453162 -0.3017526 -0.2021884 0.1101709 -0.2025488 -0.0173423 -0.0406752 -0.1361073 -0.1982972 -0.3702636 -0.2594161 0.1461910 0.0675913 -0.0667521 0.0213078 -0.1490610 -0.0423686 0.3267479 0.4399804 0.6256818 0.5948766 0.7305288 0.1923356 0.6111574 0.0778119 0.2788020 0.4404542 -0.1176671 0.3295827 -0.0995685 0.0051127 0.3811935 -0.0587839 0.0219924 0.1905943 0.1891988 0.0710501 0.1590550 -0.1910024 -0.1140570 -0.1431863 -0.0702593 -0.1345599 0.1552337 -0.1067313 -0.2579150 -0.0395763 0.4327579 0.1644652 -0.2627498 0.0043350 -0.1298491 -0.0341313 0.1796264 0.3329815 0.4545587 0.3288616 0.0195898 -0.1572693 -0.1927361 0.4131421 0.3971531 0.2347979 0.5285975 0.4284823 -0.1039613 0.3609009 0.4299958 0.4896844 0.0811241 0.2392322 0.1113330 0.1711911 0.1977739 0.2795040 0.0689886 0.1530474 0.2247478 0.2006138 -0.0393061 -0.0793592 -0.2970899 0.1149784 -0.4701558 -0.4432919 0.1016038 -0.2563628 -0.1047290 -0.3214125 0.0406617 -0.4926572 -0.2164004 -0.0656801 -0.4477705 -0.4618349 0.0769078 -0.4077289 0.3539787 -0.1500077 -0.0033038 0.0839869 0.1926232 0.0603049 -0.2786004 -0.0275515 0.4449580 -0.0345415 -0.2369457 -0.0362703 0.0593387 0.1652502 0.0546400 0.2516311 0.0698152 -0.0538114 -0.3232554 -0.3545217 0.0618684 -0.4470138 -0.3197704 0.2080326 0.5016286 0.4968357
-0.2156968 0.0000000 0.7477128 0.8553774 0.6432280 0.6629133 -0.2255859 0.6654355 0.3999952 0.3111317 0.4745099 0.6101954 0.6170356 0.0958832 0.2569989 0.0206038 -0.1112239 0.5573475 0.1324890 0.3184565 0.7153428 0.0996854 0.0267363 0.1179791 0.1540656 0.0402260 -0.1899436 -0.0540363 0.4917550 -0.3864132 0.2006899 0.3154260 0.1041510 0.3929719 0.0773752 0.6342409 0.0002501 0.3029118 0.0436466 -0.1770776 0.2318601 0.4611034 0.2536633 -0.0773237 0.5495975 -0.0079558 -0.0621499 0.4092913 0.0448410 0.1480802 0.1366261 0.0906248 0.6289602 0.2844873 0.2725151 0.2961530 0.0955180 0.0144008 -0.0135697 0.0047273 0.3248350 0.3145557 0.2856933 0.4660309 0.5469532 -0.1601511 -0.1167071 0.1486185 -0.0230431 0.0551904 -0.3420306 0.5817663 -0.0599102 0.3110285 -0.4504300 0.0916652 0.4419214 -0.4409065 -0.1241444 -0.0818087 -0.5416737 0.5057159 -0.0917939 -0.0252243 -0.0200447 0.1011079 -0.0312106 0.3695720 -0.0412144 0.1256110 -0.0205341 0.0053082 0.1476217 0.4364766 0.1273178 0.2256780 0.4302962 0.4382102 0.4310740 0.1477938 0.1565804 0.0785795 0.5335741 0.2726109 0.3650173 0.3012299 -0.0502776 -0.3412689 -0.0825613 -0.3563082 0.0590544 -0.3931090 -0.2374433 -0.1824823 -0.0386588 -0.1593222 -0.2670553 0.1231891 -0.1680411 -0.0894615 0.1771332 -0.1658479 0.2238917 0.3405236 0.3358340 0.3036798 -0.3474498 0.0952229 0.3216983 0.1486537 0.3781276 0.2990089 0.1029482 0.3514665 0.2952322 -0.1780859 0.3878521 0.4570810 0.6866195 0.1961396 0.4414127 0.6440753 -0.4194622 0.1580506 0.6655573 -0.0739922 0.7098585 0.5826855 0.2860500 -0.0246089 -0.3181006 0.5179019 0.5779293 0.6873534 -0.0162108 0.2906476 0.1268909 0.2413670 -0.2804976 -0.2197497 -0.1361542 0.2332615 0.0840598 -0.0789708 -0.1184004 0.3025349 0.5548950 0.5774693 0.4592270 0.2708994 0.6362860 0.5760275 -0.0505276 -0.7234911 0.2820805 0.0645106 0.3577212 -0.4700471 0.5712397 0.2729370 -0.4683880 0.5984421 0.0633386 0.6325356 -0.0983255 0.1410222 0.1563887 -0.1073679 0.3869449 0.6953524 -0.3654375 0.2264062 -0.4291360 -0.6102469 -0.2493437 -0.3185428 0.1483115 -0.3089325 0.0747708 0.3878749 0.0390483 -0.2594155 -0.1682990 0.5314445 0.1849402 -0.5623375 0.1967631 0.2685344 0.1344292 -0.1865072 -0.3145980 0.6859536 0.0026850 0.0413394 0.0449899 -0.2082177 -0.0167192 0.0051056
-0.3645864 0.7477128 0.0000000 0.8102064 0.7621069 0.2887640 -0.3904270 0.9166182 0.2604250 0.3173217 0.8226827 0.4074276 0.8986073 -0.2577001 0.0741350 0.4717875 -0.0479312 0.1646057 0.4306374 0.6207936 0.4420785 0.4452906 0.4756671 -0.2698218 0.5557533 0.4875421 -0.2324487 -0.5729113 0.3500854 -0.6219665 0.4468052 0.6134683 -0.1887162 0.1260199 0.5011944 0.5527417 0.3504637 0.6655954 0.3475777 -0.0679507 0.3587958 0.6219363 0.6037674 -0.1358758 0.5299763 0.4308738 0.3731537 0.6643714 -0.0191406 0.4683512 0.5021614 0.3431099 0.5661277 0.5575198 0.6301392 0.6598045 0.5039314 0.2675856 0.0439020 0.3918946 0.6375370 0.6164261 0.5672468 0.6813099 0.7042839 0.2695166 0.2374645 0.5017471 0.4025908 0.5333972 0.2195568 0.7142808 0.3190765 0.6151885 0.1503336 0.5283115 0.6829524 0.1559272 0.4061274 0.4462210 -0.0145851 0.5568723 -0.1327740 0.2141370 0.3274981 -0.0854700 -0.1922125 0.6272718 -0.1331708 0.3415894 -0.2004875 -0.1005033 0.0774079 0.5927314 -0.0974881 0.3010078 0.2167124 0.3561341 0.4013300 0.1970386 0.2767150 -0.0673918 0.4288768 0.2328999 0.3631362 0.5879418 -0.0577553 -0.2142249 -0.1657858 -0.0908001 0.3279943 -0.2441579 -0.3494641 -0.2049338 -0.0683349 -0.1790566 -0.2807099 0.2197409 -0.0863912 0.0556673 0.2728637 0.0122172 0.2430929 0.4017194 0.5258971 0.3516996 0.0335264 0.0417727 0.5081719 0.2154342 0.3748567 0.0888517 0.1733446 0.2997482 0.1866076 -0.2442543 0.1918505 0.7285686 0.5089295 0.5252062 0.2222586 0.7417916 -0.5384256 0.2165010 0.5896610 -0.2494946 0.4575739 0.1629515 0.1568253 -0.1189812 -0.3413719 0.4037894 0.2845006 0.3850032 -0.2873252 0.1148728 0.0422306 -0.1387333 -0.2205929 -0.2638360 -0.4351001 0.0145344 -0.1699244 -0.3044314 -0.5081099 -0.0194409 0.1166957 0.2523988 0.2161091 -0.0694605 0.2026201 0.1291056 0.0514621 -0.5304616 0.2315504 0.1134309 0.4555641 -0.0332932 0.5849007 0.5142586 -0.0485229 0.5535225 0.3459807 0.6245191 0.2597560 0.5109180 0.4829470 0.3085431 0.6429317 0.6146518 -0.1675145 0.3485959 -0.4895813 -0.2949269 -0.0381655 -0.2230542 0.1393380 -0.0849683 0.5078552 0.3952981 0.0060885 -0.1687754 -0.1721780 0.4611241 0.2905251 -0.2962154 0.3981672 0.2814613 0.0771538 0.0061049 -0.2961212 0.7326505 0.3447791 0.3601912 0.1254188 -0.0327776 -0.2299711 -0.2133154
-0.3834984 0.8553774 0.8102064 0.0000000 0.5145527 0.6410650 -0.1104600 0.8123779 0.5516693 0.4569015 0.6906371 0.6382061 0.6484945 0.0749241 0.4018187 0.1391283 0.0685945 0.4775033 0.2541017 0.3768068 0.6845370 0.1749463 0.1269196 0.0397603 0.2466252 0.0714494 -0.0211887 -0.2019755 0.5214441 -0.3462816 0.2995795 0.2325134 -0.0067123 0.3171492 0.0865927 0.6505744 -0.0282610 0.3847487 0.2285029 -0.0506826 0.4009562 0.5912982 0.3151637 -0.1583329 0.6182617 0.1952283 0.1011239 0.4080755 0.0281624 0.3197684 0.1195010 0.1712812 0.6265888 0.3375297 0.3056647 0.3685343 0.1729393 0.0380946 0.0306668 -0.0203120 0.4748044 0.3486026 0.1545067 0.5926493 0.5557826 -0.1716854 -0.0278784 0.2514591 0.0361265 0.2124319 -0.1543048 0.6578735 0.0609463 0.4086179 -0.0953181 0.2356664 0.5086636 -0.0911946 0.0719535 0.0926935 -0.3439073 0.3749051 -0.0580439 0.1667339 0.1165601 0.2063382 -0.1568507 0.2546896 0.0657603 0.2180832 -0.0803992 0.0691067 0.0639891 0.2608717 0.2049884 0.3230427 0.4286732 0.3607860 0.5307491 0.1103846 0.3281531 0.1280049 0.6489815 0.3286003 0.3630440 0.4534070 0.1019163 -0.2047250 -0.0382406 -0.1431087 0.1288972 -0.2426365 -0.0629888 -0.1051537 -0.2689798 -0.2524738 -0.4941900 -0.0939205 -0.4103078 -0.1266208 0.0357669 -0.4100518 0.3542975 0.1392552 0.1868855 0.2219715 -0.3775629 0.3032622 0.2438091 0.1407755 0.2987181 0.3118803 0.0176116 0.3247341 0.2565271 -0.0805395 0.2724128 0.4783782 0.6042573 0.2804606 0.4339692 0.5527221 -0.5711615 0.0852080 0.5109261 -0.0696476 0.5443977 0.3586507 0.1500892 -0.1254011 -0.3411873 0.3623149 0.4027586 0.5985808 -0.0150259 0.2009125 -0.0432525 0.0822456 -0.4524213 -0.3315356 -0.1195618 0.0774862 -0.0710710 -0.2031460 -0.1538242 0.1577630 0.4080759 0.3828990 0.3150244 0.1266999 0.4674006 0.4425180 -0.0007545 -0.5252285 0.2061577 -0.0829651 0.3056275 -0.4958000 0.4975959 0.2219253 -0.5037328 0.5113407 0.1595295 0.4794399 -0.1355417 0.2052016 0.1125047 -0.1804141 0.3123097 0.6050359 -0.3132760 0.2837615 -0.4998076 -0.6134028 -0.2618619 -0.3078753 0.1402449 -0.2857706 0.1069893 0.3867730 -0.0925228 -0.1338807 -0.0839249 0.5842740 0.1372292 -0.6867446 0.2117414 0.2685708 0.1273878 -0.0816728 -0.1933706 0.6887836 -0.1132385 0.0474679 0.0117887 -0.3039218 0.0158532 -0.1015957
-0.0298985 0.6432280 0.7621069 0.5145527 0.0000000 0.1278551 -0.3817999 0.7201660 0.1177301 0.1714963 0.6204217 0.3334050 0.7856787 -0.2477319 -0.0672321 0.4045356 -0.0885928 0.2194343 0.3769075 0.6578991 0.3881963 0.5557840 0.5458636 -0.2446681 0.6195267 0.4464206 -0.0920623 -0.4031661 0.2974136 -0.4911407 0.5590929 0.5950130 -0.2895700 0.0206468 0.4676957 0.4359673 0.2820427 0.5632683 0.2002647 -0.3250805 0.4295432 0.4063608 0.4253882 -0.2900917 0.3724453 0.2556494 0.2255534 0.6398643 -0.1826451 0.2489619 0.3567060 0.1535517 0.4073229 0.3318038 0.4300232 0.4967859 0.3493179 0.0769622 0.0618931 0.2697196 0.6056365 0.3498971 0.7286662 0.5747266 0.7066596 0.3481726 0.0256290 0.3030486 0.4608553 0.3800054 0.0356581 0.7114157 0.2263323 0.6566576 -0.0610965 0.3966552 0.5932560 -0.1072527 0.3429673 0.3642062 -0.0125214 0.5424230 -0.2501466 -0.0824243 0.0290620 -0.3486523 -0.1123828 0.6397829 -0.4376222 0.1012286 -0.2604584 -0.2934471 -0.0676095 0.4163536 -0.1074519 0.0643144 -0.0136660 0.2610023 0.2793172 -0.0930784 0.1056599 -0.1875967 0.0747682 0.1695651 0.1419022 0.3333540 -0.4052337 -0.3012415 -0.3707294 -0.2632750 0.1712450 -0.3864710 -0.4303646 -0.0389889 0.2014793 -0.0601353 0.1014870 0.3865628 0.3292338 0.1161841 0.4282413 0.3271428 -0.0275226 0.6433510 0.5988714 0.4428830 0.2054720 -0.2685913 0.4974521 0.1695856 0.2555234 -0.0937939 0.2084513 0.1053097 -0.0116602 -0.5391146 -0.0260062 0.6075414 0.4082404 0.5693001 -0.1438636 0.5484542 -0.2045282 0.1940662 0.4496144 -0.5134211 0.3094713 0.0154244 0.1525958 -0.2393855 -0.1114765 0.3938898 0.1459067 0.1732144 -0.5475263 0.1189530 0.2589234 -0.2028952 0.0075058 0.0946841 -0.5631166 -0.0722418 -0.0834594 0.0470868 -0.6037613 0.0054725 0.0702443 0.1699682 0.3419618 -0.1584299 0.0701592 0.0031566 0.2253393 -0.3830673 0.1230331 0.1278924 0.6055900 0.2721582 0.7366703 0.6732753 0.1774552 0.5013647 0.2796828 0.6122038 0.1988662 0.5687271 0.5449577 0.5266295 0.7332338 0.6807952 0.0014148 0.3131683 -0.3257812 -0.1453130 0.1375232 -0.0017837 0.2866439 0.0976346 0.5653876 0.4338294 0.0313531 -0.3649723 -0.2623185 0.3194342 0.5763926 -0.0362712 0.4426965 0.3994163 -0.0906369 -0.0158480 -0.1555699 0.6541029 0.4918476 0.4912594 0.2704306 0.1641620 -0.1242850 -0.0308835
0.1254034 0.6629133 0.2887640 0.6410650 0.1278551 0.0000000 0.4909169 0.3358773 0.8210036 0.6846269 0.2574059 0.7968966 0.1672392 0.5680767 0.7291162 -0.0967644 0.4275893 0.5682409 0.1300797 0.1574020 0.5653104 0.0782058 -0.1589361 0.5276983 -0.0218539 -0.2529838 0.2707580 0.4361242 0.5152127 0.2851925 0.1031777 -0.0180560 0.3749559 0.5605294 -0.1952256 0.3505584 -0.1551453 0.0920049 0.2416744 0.0684438 0.3149989 0.1152011 -0.0280428 0.1374663 0.4366645 -0.0139935 -0.0976739 0.2249554 0.2272046 0.1462043 -0.0377802 -0.0049790 0.4806156 0.0187300 0.0291446 0.0704658 -0.0576112 -0.0127201 -0.3459965 -0.0901744 -0.1182343 0.0094541 -0.0837595 0.0919991 0.0120770 -0.2059140 -0.1358624 -0.1834965 -0.1614658 -0.1773675 -0.3366351 0.2535268 -0.2843941 -0.1358374 -0.4247872 -0.2076996 0.1038050 -0.4088246 -0.3875524 -0.3829277 -0.4672501 0.0227306 0.1384628 0.2214747 -0.1760893 0.2167131 -0.2650523 -0.2311165 0.0994580 -0.2746523 -0.1813635 -0.1986844 -0.0667485 -0.0236257 0.0974161 -0.0419290 0.2218907 0.0197634 0.3225924 0.1667986 0.1734040 0.0535909 0.4529499 0.0087346 -0.0787047 -0.1101877 0.2493668 -0.1262315 -0.0363401 -0.2149577 -0.4256555 -0.1441624 0.2030797 0.0425600 0.0088542 0.0285278 -0.2148330 -0.1739203 -0.3983704 -0.0626908 -0.0132344 -0.4585701 0.0493962 -0.0673648 -0.3075757 0.1891536 -0.5532723 0.1707571 -0.0034726 0.0442941 0.1332846 0.1724730 -0.1150471 0.3385231 -0.0274350 -0.0952099 0.3810728 0.0989198 0.4663665 0.1312639 0.2640060 0.2478886 -0.4423468 0.1315454 0.2656804 0.0849305 0.3961441 0.4262511 -0.0462700 0.0448409 0.0142473 0.3480608 0.3854431 0.4161061 0.0397400 0.3981693 -0.2019264 0.2753651 -0.4876374 -0.0291387 -0.0357500 0.3030475 0.1309340 -0.0110419 0.0819463 0.2203009 0.3805302 0.3523835 0.1225624 0.3151950 0.4432545 0.5132054 -0.0892053 -0.4199289 0.3549554 0.1245499 0.1070137 -0.7622083 0.1103790 -0.2945552 -0.8771869 0.0507472 -0.3648876 -0.0229061 -0.5826314 -0.4309351 -0.5202339 -0.6372115 -0.0760683 0.3297084 -0.2052205 0.2789473 0.0901179 -0.7207664 -0.2736284 -0.1472369 0.3498396 -0.1535175 -0.2684805 0.3988028 0.0347217 -0.3048133 -0.1203268 0.6105245 -0.1435767 -0.6615663 0.1747029 0.2493764 0.0315122 -0.2832552 -0.4300336 0.4303545 -0.3419146 -0.3274743 -0.0210238 -0.5736530 0.3913412 0.3457508
0.5176282 -0.2255859 -0.3904270 -0.1104600 -0.3817999 0.4909169 0.0000000 -0.2701968 0.6939605 0.5796405 -0.1343449 0.3546327 -0.3411781 0.6450040 0.7597421 -0.0862481 0.6726730 -0.0460671 -0.0033286 0.0260798 -0.1388738 0.1639649 -0.1616341 0.5722303 -0.1411380 -0.3773929 0.6356050 0.5469555 0.0231130 0.7772035 0.0097513 -0.2944758 0.3085539 0.1989096 -0.2656461 -0.4386220 -0.2308851 -0.2504909 0.2191079 0.1180654 0.2611464 -0.5179956 -0.3366482 0.0997717 -0.1344990 -0.0746080 -0.1661985 -0.1386999 0.1229355 0.0004783 -0.2749875 -0.0917432 -0.1399880 -0.4051780 -0.2607509 -0.2887617 -0.2561509 -0.1626183 -0.2619160 -0.1539615 -0.5000280 -0.4460330 -0.3923254 -0.4324667 -0.5479211 -0.0489863 -0.2202461 -0.5258601 -0.1444671 -0.3672008 -0.0832287 -0.2967938 -0.4086098 -0.5079223 -0.1248267 -0.4568186 -0.4327141 -0.0923464 -0.3883316 -0.4210145 0.0149634 -0.4804365 0.1250100 0.1635326 -0.3420972 0.0051275 -0.4034832 -0.7418288 0.0730577 -0.5426496 -0.2289159 -0.2501161 -0.2885731 -0.5277262 0.1459576 -0.2528651 -0.3019545 -0.5065166 0.1054490 -0.0173305 0.0326811 -0.1338877 -0.1180931 -0.3142643 -0.5862133 -0.4250010 0.2183037 0.0703116 -0.1289020 0.0605822 -0.5088509 0.0968202 0.4978292 0.2844360 0.2046282 0.3142231 0.2378367 -0.2548361 -0.0669749 0.0324291 -0.1069900 -0.1709439 -0.2181298 -0.2528984 -0.6182457 -0.0084398 -0.1619653 0.0002703 -0.2868933 -0.0433396 -0.1892171 -0.1255563 -0.0433184 -0.0389546 -0.2815652 -0.0345733 -0.0698117 -0.3809215 -0.0296486 -0.0174442 -0.1779712 -0.3830077 0.0347378 -0.0192645 -0.4185890 0.0961186 -0.2470938 -0.0827455 -0.1621400 0.1026749 0.4328649 -0.0176730 -0.1309841 -0.1731972 -0.1234946 0.2035775 -0.1489704 0.1016433 -0.0734356 0.2797750 -0.0131938 0.1205825 0.0757956 0.2460225 0.1776515 0.0055301 -0.0453800 0.0129523 -0.0503555 0.1374797 -0.1076530 0.1114578 0.0510854 0.2890920 0.1646144 0.1232114 -0.1494333 -0.3009409 -0.4600515 -0.7333547 -0.5277006 -0.6625112 -0.5326420 -0.6696803 -0.4687597 -0.6820883 -0.7422283 -0.5994158 -0.5274448 -0.4033500 0.1945641 0.0024881 0.5106846 -0.2020414 0.0129470 0.2305543 0.3571254 0.1186708 -0.3662767 0.1233092 0.0916955 -0.1067195 0.0153036 0.1570917 -0.2267838 -0.1198429 0.0588695 0.1365078 0.0327128 0.0346114 -0.1806890 -0.2007824 -0.2968803 -0.4444297 -0.1403430 -0.2189920 0.5857311 0.5319547
-0.3581360 0.6654355 0.9166182 0.8123779 0.7201660 0.3358773 -0.2701968 0.0000000 0.3511950 0.4240782 0.9078012 0.4863519 0.8558939 -0.2888466 0.0715912 0.5464222 0.0738251 0.2225270 0.6547552 0.6261920 0.4831366 0.5188047 0.5702737 -0.2712153 0.6985786 0.5990497 -0.0824009 -0.4742341 0.4961574 -0.5403896 0.5977016 0.6360354 -0.1652069 0.1701325 0.5566982 0.6433498 0.4724236 0.8017946 0.5327811 0.0410381 0.5661441 0.7040981 0.6992301 -0.1381621 0.6084997 0.6229884 0.5832933 0.7658933 0.0354478 0.6279827 0.5763017 0.4647057 0.6041320 0.6184309 0.5895891 0.7296220 0.6498153 0.2961720 -0.0571929 0.4590523 0.6980678 0.6709767 0.5559300 0.7444923 0.6907508 0.3293822 0.3429395 0.5632588 0.4839874 0.6285105 0.2869688 0.7651299 0.4292879 0.7010752 0.2920835 0.6152680 0.7381216 0.2657177 0.5393026 0.5351076 0.1342809 0.5019258 -0.0529787 0.3078004 0.3569462 -0.0928006 -0.1213466 0.5327774 -0.1698790 0.3157982 -0.2385770 -0.0993915 0.0309614 0.4408112 -0.0728454 0.3251043 0.2899819 0.3558288 0.3474407 0.1599452 0.3011149 -0.0677424 0.4336434 0.3203173 0.3581981 0.6153820 -0.0836657 -0.1484992 -0.1983829 -0.1321186 0.2542394 -0.1875006 -0.2840238 -0.1418619 -0.1478398 -0.2450133 -0.3678108 0.2313223 -0.1471111 0.0266584 0.2002616 -0.1498370 0.2638066 0.3712744 0.4842939 0.2994484 0.0180455 0.1417826 0.3744615 0.2868231 0.3707567 0.0834212 0.0993462 0.4904656 0.0524114 -0.1729584 0.1763905 0.7059454 0.4417983 0.6804953 0.1646408 0.7017003 -0.4775665 0.2669389 0.6076621 -0.1772720 0.4352583 0.0766900 0.1212632 -0.1092609 -0.1978653 0.4056330 0.2875696 0.3705383 -0.2445593 0.1108309 -0.0453160 -0.1679064 -0.3610252 -0.2206269 -0.3940771 0.0345703 -0.2061419 -0.3226272 -0.4647194 -0.0445511 0.0947141 0.1274106 0.1236886 -0.1703142 0.0937149 0.0763454 -0.0040101 -0.3775796 0.1384388 0.0475465 0.3754083 -0.0915843 0.5688298 0.5369931 -0.1055287 0.5006091 0.3111423 0.5476423 0.1312090 0.5265531 0.4433942 0.2820222 0.6465904 0.6446153 -0.1490670 0.4326145 -0.4101702 -0.2977207 -0.0686944 -0.1887848 0.1499265 -0.0002122 0.5485187 0.3899657 -0.0463198 -0.0986732 -0.0602904 0.5353554 0.3949327 -0.2967769 0.3880083 0.3583366 0.0271359 -0.0007372 -0.1461107 0.7963601 0.3090558 0.4367756 0.2424401 -0.0940008 -0.2676057 -0.2591055
0.1231472 0.3999952 0.2604250 0.5516693 0.1177301 0.8210036 0.6939605 0.3511950 0.0000000 0.8005035 0.3588203 0.7629082 0.1545126 0.5743695 0.8666900 0.0154900 0.6715964 0.3390998 0.1636270 0.3445595 0.4025071 0.2815970 0.0374628 0.5251145 0.0853086 -0.1988861 0.4941466 0.3232396 0.4485254 0.3390971 0.1998143 -0.0687496 0.2830353 0.4202725 -0.0869323 0.1511942 -0.1408876 0.0615726 0.3380729 0.1257894 0.5000682 0.0612265 -0.0589424 0.0736900 0.4104680 0.0256328 -0.0286138 0.1925881 0.2145326 0.1474839 -0.0655565 0.0093265 0.3791961 -0.0038908 -0.0348158 -0.0095392 -0.0302424 0.0369074 -0.2856567 -0.0505904 0.0193565 -0.0517651 -0.1323910 0.1579347 0.0425623 -0.0691740 -0.0597058 -0.1117011 -0.0353909 -0.0122136 -0.0673222 0.3386951 -0.1127455 0.0126228 -0.1311169 -0.0546352 0.1502313 -0.0530316 -0.1146581 -0.1364407 -0.1147638 -0.1460843 0.0008937 0.2644471 -0.0946011 -0.0373153 -0.5819113 -0.2383652 -0.0769986 -0.2902033 -0.3989654 -0.3731289 -0.3202782 -0.1233765 0.1120945 -0.0698345 -0.1208186 -0.2172526 0.3809890 0.1952879 0.2728522 -0.1390724 0.2928931 -0.0566955 -0.3603319 -0.0714435 0.1643125 -0.0946405 -0.2787418 -0.0904739 -0.4828119 -0.1204906 0.2787937 0.2195732 0.0605200 0.1212633 -0.0969883 -0.1842669 -0.3013219 0.0661165 0.0093981 -0.4002919 -0.1412623 -0.0946260 -0.3591959 0.2850271 -0.3583502 0.0113537 -0.0099996 0.0417937 -0.0580725 -0.0792122 -0.0720198 0.1433719 -0.2583939 -0.2666993 0.0342184 0.1091248 0.1981451 0.3540845 0.0029546 0.0342353 -0.4561156 0.0654203 -0.0249856 -0.1260639 0.0572417 0.0392270 -0.2018062 -0.1091824 0.1130532 0.1787038 0.0420403 0.1297119 -0.2052465 0.2570243 -0.2586889 -0.0311226 -0.4370261 0.0330609 -0.1281586 0.0401152 -0.1114539 -0.0043679 -0.0587556 -0.0523566 0.0742457 0.1211917 0.0714005 0.0355465 0.0940194 0.2251253 0.1883225 -0.0900419 0.3797143 0.1520669 0.2954254 -0.4487641 0.1472560 -0.2788170 -0.7276625 -0.2255454 -0.3462590 -0.2181084 -0.5426812 -0.2926305 -0.4850410 -0.4837262 -0.0041015 0.2166750 0.0850758 0.3901375 0.1926866 -0.4270616 0.0116840 0.1853681 0.5357321 0.0633367 -0.0513853 0.5445367 0.0264766 -0.3461492 -0.0652555 0.4846059 -0.0909933 -0.4645344 0.3346464 0.3049542 0.0036972 -0.0935524 -0.2849508 0.4099873 -0.1893496 -0.0958968 0.1201759 -0.4421130 0.4997043 0.3291526
0.0291455 0.3111317 0.3173217 0.4569015 0.1714963 0.6846269 0.5796405 0.4240782 0.8005035 0.0000000 0.5885559 0.6405707 0.2444310 0.4836574 0.6449121 0.3564570 0.7630110 0.0817019 0.4549686 0.3005027 0.2347687 0.3387778 0.2712231 0.2942268 0.2756353 0.1660612 0.2040276 0.1477656 0.3609593 0.3790624 0.1505202 0.2230084 0.1785560 0.3458441 0.2930266 0.1063723 0.1939784 0.3218026 0.6452140 0.3525776 0.3814452 0.0553918 0.3363142 0.2259803 0.3096526 0.2995371 0.2642890 0.4090698 0.2895204 0.3781232 0.3020960 0.3502587 0.3236866 0.2888421 0.2449669 0.2382747 0.2326267 0.3364239 -0.4935112 0.2895827 -0.0858476 0.2591816 -0.0113608 0.2374898 -0.0207199 0.1744456 0.2863384 0.0986764 0.0702039 0.2562504 0.2724667 0.2938601 0.1155910 0.0306841 -0.0500844 0.1257451 0.2297464 -0.0084356 0.0350449 -0.0549081 0.0187921 -0.1229161 0.0866431 0.3738787 0.0767623 -0.1324597 -0.2917598 -0.1964628 -0.1324230 -0.3358241 -0.3229420 -0.4111674 -0.2351372 -0.1529795 -0.0876515 -0.2993956 -0.1624779 -0.1993242 0.1022723 0.1068603 0.0458199 -0.2000715 0.0856750 -0.0971926 -0.3051046 -0.1939277 0.0715984 0.0807005 -0.1491983 0.0490200 -0.4414043 0.1590871 0.0541137 -0.0356381 -0.0439399 -0.0568601 -0.1689020 -0.1517365 -0.3999721 0.2672898 0.1516571 -0.2599269 -0.2831658 -0.2384323 -0.3129926 0.5566264 -0.2850006 -0.0267577 0.2426222 -0.1066210 -0.1447461 -0.3173358 -0.3121475 0.2213992 -0.3327499 -0.1710094 0.1790679 0.2706717 0.1788769 0.4575096 -0.0762224 0.1712556 -0.5362685 0.3055027 0.0989646 -0.0692494 0.1038247 0.0287246 -0.2963647 -0.1412548 0.2499003 0.1263692 0.0187570 0.0091730 -0.2812623 0.2262575 -0.4444792 -0.1686432 -0.5874116 0.0898275 -0.3329723 -0.0525660 -0.2573248 -0.2707150 -0.2355987 -0.1862039 -0.1757347 -0.0369936 -0.2074617 -0.0938164 -0.0410879 0.1149104 0.1124990 -0.0342898 0.4737002 0.2187875 0.2579300 -0.3427546 0.1470376 -0.0918974 -0.5930779 -0.2699057 -0.3836936 -0.2795895 -0.4777555 -0.2694785 -0.4777594 -0.4600676 0.1057035 0.2220803 0.3031567 0.5053225 0.2300881 -0.2448745 0.2443347 0.2887404 0.6113255 0.1062315 -0.0629414 0.6668698 -0.1440230 -0.4439471 -0.2090304 0.4066777 -0.1447423 -0.4040093 0.5242165 0.1319224 -0.1798257 -0.2318418 -0.4421495 0.3337124 -0.1595119 -0.0542720 0.3546836 -0.4468518 0.2110024 0.2319843
-0.2730652 0.4745099 0.8226827 0.6906371 0.6204217 0.2574059 -0.1343449 0.9078012 0.3588203 0.5885559 0.0000000 0.3822601 0.7920099 -0.1763862 0.1066142 0.7503808 0.2910478 -0.0655981 0.7287174 0.5681838 0.2588532 0.5432349 0.6927846 -0.3691000 0.6971599 0.6745306 -0.0088097 -0.5839448 0.2915105 -0.3092288 0.4870946 0.6178376 -0.2929055 0.0075856 0.6949926 0.4331591 0.5044058 0.8185868 0.6993491 0.2025260 0.4809406 0.5066608 0.7738990 -0.1097560 0.3862613 0.7044073 0.6571822 0.7800578 -0.0291521 0.7500487 0.6397531 0.5954604 0.3759200 0.5799520 0.7244153 0.7801309 0.6742961 0.3207300 -0.1428875 0.5467338 0.5050740 0.6560724 0.4864530 0.5965601 0.4479473 0.4465776 0.4485405 0.4818196 0.5351339 0.6264470 0.4396933 0.5970185 0.4021414 0.5294762 0.3788669 0.5324974 0.5893403 0.3036287 0.5011903 0.4452313 0.2078504 0.2912337 -0.0753109 0.3788887 0.3966821 -0.1075819 -0.1425627 0.4211941 -0.1244645 0.2385942 -0.1875773 -0.1401188 0.0629952 0.3137895 -0.0829565 0.1702449 0.1288717 0.2702499 0.2626628 0.1496099 0.2512800 -0.0555021 0.2815137 0.2472481 0.2444928 0.4525222 -0.0094489 0.0548445 -0.0610258 0.1210338 0.2397925 0.0749992 -0.1725056 -0.0585403 -0.0957995 -0.1347041 -0.2436208 0.2245425 -0.1523674 0.2598123 0.3635127 -0.0177493 0.1720226 0.2411823 0.3746380 0.5192464 0.1532045 0.1655282 0.5634448 0.2635888 0.2675123 -0.0534627 -0.0346912 0.3746949 -0.0177702 -0.0898756 0.2287188 0.7851999 0.3339641 0.6991561 0.0718867 0.6593779 -0.4620191 0.4506407 0.5006816 -0.1112311 0.2919975 -0.0242464 0.0473411 -0.0613144 0.0155265 0.3713093 0.1846212 0.1846428 -0.2675636 0.2234178 -0.0943410 -0.2023057 -0.3406908 -0.0900320 -0.4124703 -0.0037575 -0.1962723 -0.3368876 -0.4582622 -0.0699868 -0.1040113 -0.0196813 0.0004858 -0.1638201 -0.0110071 0.0060795 0.1540290 -0.2237620 0.1773449 0.0184567 0.3561699 0.0391468 0.4390548 0.4780220 -0.0165425 0.3363854 0.2751694 0.2949664 0.0972609 0.3555770 0.2764055 0.1912327 0.5415563 0.4591225 0.1401100 0.4027787 -0.2658540 -0.1102419 0.1886764 0.0658842 0.3648789 0.0910295 0.3909874 0.5609568 -0.0430170 -0.1736232 -0.1092049 0.4887696 0.2769716 -0.2414792 0.5998340 0.2922825 -0.0003444 -0.0612319 -0.2305590 0.5979740 0.2574544 0.3419428 0.3251837 -0.0656703 -0.1957412 -0.1254233
-0.0373847 0.6101954 0.4074276 0.6382061 0.3334050 0.7968966 0.3546327 0.4863519 0.7629082 0.6405707 0.3822601 0.0000000 0.1579950 0.4673741 0.7329928 -0.0598423 0.4515408 0.6539970 0.1455857 0.1667718 0.8083302 0.0606608 0.0357726 0.6178588 0.0905628 -0.0529654 0.1825907 0.3207723 0.8194978 0.0965438 0.0903792 0.2399919 0.5004939 0.8065691 -0.0251101 0.5887350 0.0691367 0.1930374 0.3661189 0.1723123 0.2529200 0.4101055 0.1670656 0.2796101 0.7337537 0.1226367 0.0507711 0.2542539 0.5000784 0.0822330 0.0963076 0.1652923 0.8030123 0.3171189 -0.0018222 0.0789898 0.0956654 0.2533296 -0.2772429 -0.0087481 0.2137534 0.1930184 0.0504143 0.4359062 0.3582576 -0.0359560 -0.0070267 0.1056794 -0.1141862 0.1219699 -0.0704992 0.5918366 0.0766377 0.2437815 -0.2562463 0.1221190 0.4603272 -0.1372969 -0.0431131 -0.0061078 -0.1487923 0.2249930 -0.1045820 -0.0477696 -0.1268142 -0.2163507 -0.1999630 -0.0393349 -0.2728657 -0.3575595 -0.4458235 -0.4020757 -0.4424038 -0.0599101 -0.1441798 -0.1685496 0.0987170 -0.2274795 0.0605532 -0.0133479 -0.1532062 -0.4042279 0.1157143 -0.3120746 -0.1218084 -0.0196179 -0.2540940 -0.5340632 -0.3851318 -0.4901271 -0.4717026 -0.4170553 -0.1943741 -0.1661753 -0.0761672 -0.2741667 -0.2614255 -0.1044230 -0.3388030 -0.1905416 -0.1964331 -0.4102615 -0.1216227 0.0114226 -0.1487349 0.1059901 -0.4927391 -0.2224693 0.0118304 -0.1357542 -0.0970108 -0.1560993 0.0372887 0.4265997 -0.0170612 -0.4295657 0.0710064 0.2314034 0.2938383 0.4581764 0.0698177 0.1807438 -0.6157183 -0.1303620 0.2271595 -0.2475625 0.2937022 0.2172607 -0.1782800 -0.3231154 -0.2987859 0.1516191 0.3034569 0.2525274 -0.2529581 0.0475779 -0.3475739 -0.0052753 -0.5600622 -0.2132408 -0.3128172 -0.0225769 -0.2081962 0.0210168 -0.2042868 -0.0146710 0.1899426 0.2409742 0.1460154 -0.0931760 0.1664010 0.2211164 -0.2556977 -0.3978551 0.3851301 0.4225375 0.4646461 -0.4947819 0.4689630 0.0392697 -0.7484452 0.1115424 -0.1069315 0.2388205 -0.4061896 -0.0496383 -0.3058291 -0.4276422 0.2429622 0.6256280 -0.2353018 0.5937118 -0.0144530 -0.5749901 -0.2327185 -0.0924429 0.2610169 -0.1480844 0.1030073 0.3846792 -0.3189243 -0.3722955 -0.3206192 0.4520309 0.1751994 -0.4904697 0.2089332 -0.0094507 -0.2355456 -0.0554357 -0.3636507 0.7719111 0.0069804 0.0668096 0.2825654 -0.6787034 0.1093385 0.0926313
-0.1686600 0.6170356 0.8986073 0.6484945 0.7856787 0.1672392 -0.3411781 0.8558939 0.1545126 0.2444310 0.7920099 0.1579950 0.0000000 -0.3293303 -0.1007203 0.6289344 -0.0642622 -0.0476437 0.5543102 0.7523444 0.1275335 0.6662530 0.5933375 -0.4545180 0.7116512 0.5631290 -0.1350548 -0.6011110 0.0581451 -0.5312956 0.6630746 0.6326348 -0.3591455 -0.1640251 0.5574016 0.2826595 0.3873120 0.7371014 0.3075005 -0.2396803 0.5594131 0.3596760 0.5576141 -0.2969634 0.2143517 0.5107191 0.4436938 0.7476127 -0.2604073 0.5879794 0.5155725 0.2703103 0.2568190 0.3569949 0.6975764 0.7635011 0.5588481 0.0998351 0.0043636 0.4722619 0.5108530 0.4817926 0.7141109 0.4580253 0.5248134 0.3972522 0.1818301 0.3243839 0.6153797 0.4216543 0.1882132 0.4965712 0.1673660 0.5093249 0.2155115 0.3991978 0.4714564 0.1214187 0.3844021 0.3790522 0.0609608 0.5179430 -0.0055758 0.3234130 0.3214905 0.0234119 -0.1520548 0.5560418 -0.0157316 0.4015706 -0.0589655 0.0166261 0.2859105 0.6143033 0.0584898 0.4239958 0.2117375 0.4932354 0.5244674 0.2111715 0.4603571 0.1356966 0.4249659 0.4323437 0.3502244 0.6186061 0.0891547 0.0506354 -0.0598943 0.1064488 0.4664672 -0.0582385 -0.1419706 -0.0130542 0.1621180 0.0897530 -0.0391479 0.3918583 0.1779070 0.2237843 0.5075166 0.2389975 0.3230662 0.5867745 0.6175458 0.3747332 0.2827870 0.1821738 0.5341245 0.4463093 0.5698284 0.2054576 0.2549922 0.2537297 0.1119502 -0.1168273 0.2673187 0.6616073 0.5487546 0.4915532 0.1303045 0.7436497 -0.2019610 0.4281518 0.6066553 -0.1393811 0.4095900 0.1181886 0.3009336 0.1193395 0.0197785 0.5507942 0.2443971 0.3335694 -0.2830433 0.3021106 0.2967759 -0.0503670 0.0183486 0.0656186 -0.4089526 0.2064010 0.0656346 -0.1362252 -0.4628856 0.1063643 0.1133982 0.2057599 0.2714518 0.0889952 0.1609442 0.1144953 0.1719938 -0.4385736 0.0689581 -0.0253304 0.3062041 0.1209495 0.3858072 0.4249780 0.1448880 0.4310187 0.2181806 0.4679852 0.3119269 0.4346769 0.5405485 0.4817217 0.5586353 0.3805812 -0.0104121 0.1048364 -0.3786631 -0.1804393 0.0648335 -0.1737194 0.1903343 0.1129373 0.5025354 0.3240090 0.2979084 -0.0312435 0.0376014 0.5410577 0.4226828 -0.0761328 0.4514806 0.5934962 0.2780998 0.0800635 -0.1637981 0.5157137 0.4142797 0.3290354 -0.0109033 0.3006518 -0.1640408 -0.0386755
0.1997893 0.0958832 -0.2577001 0.0749241 -0.2477319 0.5680767 0.6450040 -0.2888466 0.5743695 0.4836574 -0.1763862 0.4673741 -0.3293303 0.0000000 0.6955752 -0.2698412 0.6749351 0.2322207 -0.3818933 -0.2699325 0.1471990 -0.2845700 -0.2788283 0.7380748 -0.4703005 -0.5309808 0.2131641 0.5993019 0.0265828 0.7678822 -0.4222211 -0.2866303 0.5621581 0.4380372 -0.4161061 -0.2115865 -0.3685352 -0.4401548 -0.1277415 0.1054221 -0.0737437 -0.4617607 -0.4393844 0.4639770 -0.1355286 -0.3532982 -0.3985834 -0.3539823 0.3774186 -0.2991285 -0.3551344 -0.3269847 0.0147033 -0.3114384 -0.2814723 -0.3683450 -0.4035987 0.0159575 -0.5064899 -0.3075859 -0.6348540 -0.4545669 -0.3087878 -0.3672542 -0.4621670 -0.2534668 -0.2514550 -0.5365748 -0.3649614 -0.5312633 -0.2624680 -0.2633153 -0.4545443 -0.5172977 -0.4641560 -0.5613511 -0.3435795 -0.4049249 -0.5856355 -0.6622093 -0.2912426 -0.2445046 0.1017970 -0.0793269 -0.1585059 0.1429271 -0.0854246 -0.5356833 0.1922122 -0.4989750 0.0080329 -0.1399922 -0.1482299 -0.2749562 0.2070255 -0.2990021 -0.1150895 -0.2753548 0.0134691 0.0471172 -0.1088911 0.0071969 -0.1113810 -0.3201123 -0.4134153 -0.4862710 0.1926695 0.0701874 0.1064353 0.1784766 -0.5865593 0.2581858 0.3919996 0.1488080 0.3144432 0.2619428 0.2004792 -0.1728642 -0.2158817 0.3209758 0.1058756 -0.0933492 -0.2785594 -0.2898150 -0.5617710 0.1984033 -0.3936573 -0.0962249 0.0888733 -0.1717880 -0.2562949 -0.1478016 -0.0769315 -0.1126135 -0.0898822 -0.1045061 0.2658807 -0.2069071 -0.0041854 -0.1072395 -0.0410920 -0.3415518 -0.1953003 0.0621895 -0.1452495 0.0620556 -0.0894563 0.2197780 -0.2993229 -0.0245711 0.2526596 -0.0359516 0.0397292 -0.0978956 0.0373841 0.3396760 -0.2104381 0.2311295 -0.2597504 0.3739256 0.0977864 0.1339830 0.2076412 0.4411569 0.2722210 0.1677281 0.0162417 0.0241159 0.1129979 0.3812313 0.1729352 0.2258021 0.0091283 -0.2080759 0.3395043 0.2955228 0.2517667 -0.3364152 -0.0867156 -0.5042714 -0.6754555 -0.5404774 -0.6833548 -0.5122162 -0.6491253 -0.7071822 -0.8281499 -0.6993736 -0.3644426 -0.1121270 0.3472174 0.0586138 0.4329782 -0.1637767 0.2219873 0.3195437 0.4761572 0.1039395 -0.5142809 0.3411480 0.0327725 -0.2376703 -0.0375980 0.3076168 -0.0956099 -0.1626473 0.3158587 0.0281508 0.0684530 0.0455932 -0.2320271 -0.0723665 -0.2423872 -0.3415120 0.0603854 -0.4159111 0.4366658 0.5995957
0.2383773 0.2569989 0.0741350 0.4018187 -0.0672321 0.7291162 0.7597421 0.0715912 0.8666900 0.6449121 0.1066142 0.7329928 -0.1007203 0.6955752 0.0000000 -0.2067165 0.5829631 0.3375612 -0.1555496 0.1319660 0.3708953 0.0703766 -0.2094238 0.6921639 -0.1818051 -0.4750323 0.5018424 0.3891862 0.3694020 0.4706914 -0.0322321 -0.2116746 0.3552378 0.4772282 -0.3281610 0.0100762 -0.3752252 -0.2139225 0.1626108 0.0303878 0.2066462 -0.0945989 -0.2730614 0.0771926 0.2999478 -0.1667535 -0.3144389 -0.0940743 0.2234066 -0.1028539 -0.3271713 -0.1326478 0.3201528 -0.1845783 -0.1843912 -0.2476972 -0.3249888 -0.0861271 -0.0906379 -0.3212073 -0.1536366 -0.2973955 -0.3274954 -0.0183252 -0.1003527 -0.2143373 -0.3419024 -0.3347936 -0.2657167 -0.2579724 -0.1962905 0.1633493 -0.3411619 -0.2230465 -0.2594430 -0.2926881 -0.0627935 -0.1552373 -0.3761713 -0.3285990 -0.2414535 -0.2104534 -0.0729776 0.0218758 -0.3390739 -0.0171239 -0.5204850 -0.4638629 -0.0243626 -0.4940304 -0.3877430 -0.3283718 -0.4335134 -0.3621987 0.0940480 -0.2211095 -0.1927723 -0.4612795 0.2668909 -0.0920530 0.0074361 -0.2489305 0.1070735 -0.3842425 -0.4265360 -0.2321930 0.0910075 -0.2871590 -0.2607622 -0.1253471 -0.4840108 -0.2211970 0.2461576 0.0867369 0.0118685 0.0392416 -0.0475841 -0.4064422 -0.2952549 -0.1492321 -0.2072319 -0.3489857 -0.1339410 -0.2246136 -0.5258426 0.0400954 -0.4452343 -0.0885614 -0.1180289 -0.2128378 -0.2156827 -0.0872487 -0.0094694 -0.0445644 -0.0495840 -0.3118463 -0.0972165 -0.1195063 0.2203683 0.0574109 -0.0001521 -0.1681120 -0.4491193 -0.2421404 -0.2655719 -0.1852340 -0.0344046 0.0616027 -0.2079618 -0.2190196 -0.0941270 -0.0158238 0.0043268 0.0550373 -0.2492394 0.1012171 -0.2495527 0.0266012 -0.2996235 -0.0784890 -0.1757781 -0.0565356 -0.1000744 0.1583331 -0.0277928 -0.0246747 0.1205104 0.2264334 0.1421205 0.0841907 0.1297032 0.2578831 0.0010084 -0.0714152 0.3691780 0.2154294 0.1892431 -0.4787869 -0.0256758 -0.4967482 -0.7439496 -0.2834965 -0.2801914 -0.2499650 -0.4364413 -0.4397804 -0.6106058 -0.6671515 -0.2901744 0.0466470 -0.0691164 0.2290442 0.1272572 -0.5309990 -0.1578823 0.0254052 0.3372664 -0.1616113 -0.2567568 0.2887873 -0.1574057 -0.2858336 -0.2773327 0.2759011 -0.1924197 -0.5120107 0.1066054 0.0099977 -0.0858143 0.0088624 -0.3800163 0.2331519 -0.2978426 -0.3813855 -0.1254729 -0.5141046 0.5611294 0.3699184
0.0045481 0.0206038 0.4717875 0.1391283 0.4045356 -0.0967644 -0.0862481 0.5464222 0.0154900 0.3564570 0.7503808 -0.0598423 0.6289344 -0.2698412 -0.2067165 0.0000000 0.3333559 -0.5505933 0.8305850 0.4685624 -0.3119721 0.6482321 0.9014355 -0.6352616 0.7747368 0.8229547 0.0681579 -0.6651842 -0.2048246 -0.0650426 0.4672461 0.5825737 -0.4633554 -0.3542207 0.8052223 -0.0489320 0.6451982 0.7944698 0.7490194 0.2095596 0.3183539 0.0529883 0.7208344 -0.0760006 -0.1350993 0.7948128 0.7801678 0.7159522 -0.2218941 0.8053618 0.7533434 0.5655680 -0.1123625 0.3447047 0.8025265 0.8413775 0.7537759 0.2640391 -0.2314030 0.7455129 0.1730705 0.4873226 0.5820358 0.1274138 0.0285270 0.7208316 0.5289822 0.2425110 0.7384620 0.5184557 0.5984093 0.1110540 0.2575153 0.2376348 0.5761232 0.3548673 0.2795071 0.4003405 0.4682904 0.3947252 0.5067956 0.0043092 -0.1534188 0.3233874 0.3234704 -0.1948469 -0.0851083 0.2850523 -0.1115499 0.1350150 -0.1298358 -0.1867402 0.1560513 0.3664214 -0.2757103 0.0241864 -0.1152231 0.1243455 -0.0237403 0.2767881 0.1817823 -0.0421652 -0.1007080 0.0841380 0.0330214 0.1917566 0.0728184 0.3109551 0.0517660 0.3887239 0.2742018 0.3356368 -0.0048716 0.0526622 0.2196734 0.2182485 0.1482278 0.4388844 0.1877368 0.5084713 0.5727288 0.3644815 0.1045090 0.3001591 0.3326601 0.4724437 0.5372753 0.0913213 0.5686689 0.4326518 0.2609988 -0.1730895 0.0010437 0.3356104 -0.1904109 0.0544554 0.2947570 0.6345018 0.0156483 0.6357286 -0.2089618 0.5001844 -0.0163466 0.6584298 0.3404821 0.0385993 -0.0445747 -0.2420972 0.0939055 0.2436777 0.4145636 0.3344624 0.0129946 -0.1863775 -0.2546032 0.3316415 0.0791891 -0.1398863 0.0666149 0.2530785 -0.4077592 0.1537079 0.0590036 -0.1626258 -0.4257416 -0.0357466 -0.3865691 -0.2590982 -0.1719864 -0.0787453 -0.3024867 -0.2650511 0.1578939 -0.0002455 0.0645833 0.1596324 0.1818560 0.4168283 0.0421748 0.3087744 0.3721413 0.0933624 0.2145303 -0.0185126 0.2566768 0.1461543 0.2147580 0.4021178 0.4297303 0.0512815 0.4147290 0.2109243 0.1801395 0.3085967 0.3995339 0.2882156 0.4445364 0.4886993 0.3696325 0.3848760 0.2439161 -0.1363105 0.0404033 0.3655544 0.2271393 0.2646850 0.6378443 0.3494707 0.0712595 -0.1073614 -0.2187775 0.1914531 0.4309750 0.2816536 0.2062459 0.2597731 -0.1100636 0.1623338
0.1293558 -0.1112239 -0.0479312 0.0685945 -0.0885928 0.4275893 0.6726730 0.0738251 0.6715964 0.7630110 0.2910478 0.4515408 -0.0642622 0.6749351 0.5829631 0.3333559 0.0000000 -0.0649273 0.2707248 0.1238318 -0.0469236 0.2340339 0.3761664 0.3381092 0.1554867 0.0559250 0.4040209 0.2166797 0.0839531 0.6933849 0.0041312 -0.0120705 0.2380019 0.2233918 0.1347208 -0.1812379 0.1026672 0.0843844 0.5119280 0.3839202 0.2783223 -0.2339862 0.0366584 0.4229962 -0.0187697 0.2176651 0.2390288 0.1034505 0.3403989 0.1749428 0.1596470 0.0585126 0.0270555 0.0535510 0.0636124 0.0784082 0.1502761 0.3529400 -0.6229809 0.2061775 -0.2949104 -0.0714103 -0.0196128 -0.0735473 -0.3154391 0.2740104 0.2418527 -0.1185572 0.1499072 0.0959697 0.3591685 -0.0095296 0.0153102 -0.1205078 0.1723634 -0.0248869 0.0444119 0.1932056 0.0379548 -0.0765732 0.3307616 -0.4310180 -0.0353602 0.2172492 0.0883295 -0.2122667 -0.3427968 -0.3323705 -0.1474712 -0.5052004 -0.4074765 -0.5180225 -0.3858817 -0.1859614 -0.2082453 -0.4340827 -0.4310757 -0.4616110 -0.1645612 0.1819799 -0.0042493 -0.2515364 -0.2486408 -0.3355855 -0.6336957 -0.4039891 0.1231444 0.2446410 -0.1556266 0.3463428 -0.6399944 0.3980462 0.3086936 0.1565825 0.2372718 0.2120469 0.0922750 -0.0968471 -0.2490336 0.5227047 0.2181978 -0.1284262 -0.4392994 -0.3195526 -0.5375451 0.4063724 -0.1379531 -0.1855261 0.1831657 -0.0756362 -0.3757154 -0.5185298 -0.2959377 0.0835066 -0.5704146 -0.2383730 0.0831494 0.0776932 -0.3181490 0.4663316 -0.4374008 -0.2469410 -0.3300878 0.2695520 -0.2097276 -0.1271747 -0.4150275 -0.3202683 -0.5390873 -0.1327352 0.4489069 -0.1377967 -0.2940655 -0.4649924 -0.2801021 0.2219841 -0.4714821 -0.2456174 -0.4139632 0.3856448 -0.2415162 -0.0955392 -0.1270262 0.0837239 -0.1651843 -0.2730209 -0.5175793 -0.4345321 -0.3160507 -0.1069455 -0.3816726 -0.2563923 0.1447929 0.1701255 0.4441335 0.4280742 0.3705522 -0.0024390 -0.0189473 -0.2230162 -0.4185717 -0.6172851 -0.4939846 -0.6268934 -0.5408786 -0.4051773 -0.6486289 -0.3596563 0.0209143 -0.0304717 0.6401368 0.4684806 0.6753920 0.1450258 0.5015198 0.6168969 0.7449432 0.5568581 -0.0464576 0.5769873 -0.0084376 -0.4246243 -0.0675282 0.3327684 -0.0538957 0.0216292 0.6194876 0.1481623 -0.1857129 -0.1218496 -0.2975499 0.1018752 0.0175391 0.0371829 0.3496617 -0.3986239 0.3861775 0.4683649
