0.0000000 0.5725697 0.5621410 0.4727740 0.2468860 0.2745742 0.1434289 0.1891903 0.1652591 0.3999549 0.2924820 0.4590680 0.2089673 0.1825180 0.1303076 -0.0049248 0.2069841 -0.0184589 0.0800098 0.1780937 0.5637550 0.1288197 0.0560376 0.2085853 0.0498770 -0.0802717 0.1371092 0.0152485 0.4119459 -0.0726029 0.1516768 -0.0211033 0.1675595 0.4074064 -0.0782431 0.4915853 -0.0841924 0.1768350 -0.1194784 -0.2454105 0.1060063 0.5807474 0.1478858 -0.0601298 0.5377443 0.0228026 0.1003812 0.0344643 0.2274889 0.1200878 0.0556223 -0.0305699 0.5794986 -0.0350032 -0.0185048 0.0778377 0.0233968 0.0847197 -0.0236001 0.0651586 0.2065101 0.0941975 -0.0461478 0.2879892 0.4940581 -0.1389326 0.2099724 0.1462179 0.1134017 0.1616811 0.1310113 0.4035853 0.1608373 0.4011241 0.0398269 0.2042352 0.3289305 0.1472488 0.3671386 0.5046512 0.1089070 -0.1822860 0.1546135 0.1263114 0.2347618 -0.1981310 0.0128048 -0.1364543 -0.0042358 0.4485282 -0.3518035 0.1454932 0.2441690 -0.2385568 -0.0109288 -0.0192983 0.0168090 0.4093266 0.2092058 -0.4395475 0.3308824 0.0135570 0.2313159 0.2735531 -0.1918978 0.2430943 -0.0117107 0.2214819 0.0829822 0.2435993 0.2748605 0.0588387 0.0106579 0.1773399 -0.0718017 0.1064601 0.0534159 -0.0496237 0.0112850 -0.3565033 -0.3456405 -0.2255820 -0.2526315 0.4710438 -0.2903311 -0.1142395 -0.2381154 -0.0351209 -0.1539232 0.3386297 0.1062188 0.2385439 0.2767416 0.1030566 0.0254745 0.2380835 0.2084981 -0.0214158 0.0882888 0.2540071 0.2841823 0.1599192 0.4477086 0.1141519 0.0503857 -0.0515555 0.2588067 0.3381594 0.1925006 0.3916172 0.4269677 0.2874212 0.1271488 0.0301771 0.3183233 -0.0567682 0.2207787 0.0752619 0.0475151 0.2726765 0.1425684 0.3591428 -0.0028944 0.0648548 0.1711835 0.1986938 -0.2272059 -0.2879655 -0.2107055 0.0605643 -0.2331744 -0.1370576 0.8214231 0.3512210 0.5186669 0.2143368 0.2164389 0.0857456 0.4132001 0.3380015 0.2366695 0.6063351 0.3117787 0.3179827 -0.2756074 0.0065318 -0.4192057 -0.1418238 0.1152137 0.4065629 -0.2878604 0.3789797 0.2085498 -0.0679662 -0.0595459 -0.1936255 0.2672643 0.5914848 0.1416404 -0.0114449 -0.0462882 -0.1982697 0.2966650 0.2322718 0.1016557 0.1784175 -0.0760675 0.4883597 -0.0869397 -0.3219765 0.0895023 0.2055487 0.0241875 0.4962910 0.3511679 0.3484784 -0.0784386 0.2217262
0.5725697 0.0000000 0.5682683 0.4900771 0.4119319 0.5678145 0.3902182 0.2182942 0.5362480 0.4017695 0.1928880 0.5166164 0.1321486 0.2846379 0.3543302 0.0896021 0.0408673 0.1050020 0.1964585 0.2229434 0.3617304 0.0978532 0.0409751 0.4469624 0.1811159 0.0630809 -0.3696402 0.1184495 0.5342405 -0.0561228 0.0867310 -0.0500135 0.3631237 0.6179982 -0.1430704 0.1530402 -0.0678619 0.0634480 -0.1650481 -0.1982888 0.0727334 0.4301140 -0.1506092 0.1249754 0.5052498 0.0017352 0.0264895 -0.0710581 0.3386720 -0.2970342 -0.0565895 -0.1964453 0.5173075 0.1739595 -0.2292987 -0.0453878 -0.0376486 0.2712879 0.0110601 -0.0432706 0.1749591 0.0077310 -0.1271136 0.3032354 0.3992876 -0.0897117 0.1437471 0.1949977 0.0273417 0.2431733 0.2261872 0.4510255 0.1823321 0.4514918 0.1752824 0.2934027 0.4684283 0.1840875 0.2893973 0.4320366 0.1732188 -0.0958119 0.0841779 0.2609330 0.2101896 -0.2574464 -0.1922477 0.0503896 0.1031505 0.5789791 -0.4693984 -0.1145959 0.1471030 -0.2939845 0.0658387 -0.3169198 -0.2292587 0.3125800 0.2791476 -0.4117380 0.2502183 0.0502988 0.2666265 0.0466385 -0.2926011 0.0066628 0.2890314 0.4642010 0.0759055 0.2179814 0.2803826 0.1941903 0.1332571 0.2334498 0.1196962 0.1104118 -0.2281690 0.0943699 -0.0329214 -0.2226536 -0.3258750 -0.2036777 -0.4053682 0.0620099 0.0132612 -0.2857404 -0.1387307 -0.2042060 -0.0474190 0.4203238 0.2085594 -0.1853104 0.1952971 -0.0604494 -0.5538767 0.0908765 0.0845451 0.1035805 -0.0621629 0.2032948 -0.2054572 0.2603036 0.3322077 0.0804739 -0.1334833 0.2799060 0.0441942 -0.0259762 -0.1553263 0.3712041 0.2014856 0.1073591 0.0599724 -0.1495249 -0.1580312 0.2325334 0.1513164 -0.2419007 0.0781733 0.0356737 -0.1079143 0.2693830 0.2736179 -0.0459024 0.0434446 -0.0665680 -0.3079638 -0.3809045 0.0390137 0.1594147 -0.3564580 0.0163240 0.6089987 0.1572588 0.4124755 0.0199255 0.1128243 0.1240040 0.2318411 0.1738204 0.1178392 0.4331269 0.4378377 0.3335177 -0.0351678 -0.0872047 -0.3018937 -0.0028684 0.2979495 0.4808753 -0.0828959 0.3684410 0.2087005 -0.2117391 -0.3036890 -0.4227928 0.0665102 0.5789177 0.3023349 0.0673041 -0.3212940 -0.4676938 0.0383607 -0.0390361 0.0188907 0.1904823 -0.0105748 0.2384255 -0.2458390 -0.3335206 -0.0405446 0.0698849 0.0274554 0.3898254 0.2742344 0.1849611 -0.1611244 -0.1459933
0.5621410 0.5682683 0.0000000 0.6867054 0.7032235 0.6541899 0.5966038 0.5358091 0.2478958 0.6143162 0.6281803 0.6831714 0.5914838 0.0814996 0.2028233 0.4905023 0.5479708 -0.0922312 0.5292195 0.3051578 0.5458958 0.4651718 0.4709556 0.3284116 0.4790405 0.3853917 0.0641088 -0.0474367 0.6761210 -0.1546523 0.4979704 0.1257971 0.4355006 0.5186028 0.3947847 0.2893485 0.1773807 0.4687910 -0.0620150 -0.2174730 0.3514431 0.4833450 0.1826658 0.1127939 0.4977505 0.3051675 0.3673777 0.2629146 0.6059843 0.2849512 0.2716617 -0.1711035 0.7138444 0.2253175 -0.0170273 0.2120213 0.2503961 0.5723637 0.0311573 0.2597222 0.0963733 0.1146550 0.1253452 0.5963243 0.4577543 0.0442549 0.4488548 0.4661525 0.3979592 0.5330463 0.4671705 0.6116300 0.4636960 0.5483142 0.4016844 0.6377764 0.5507350 0.5652469 0.7777839 0.6964387 0.5468276 0.2871521 -0.0336720 -0.3413523 -0.0326136 -0.3731777 0.3123783 0.0611282 -0.0172802 0.1085591 -0.2202286 -0.2216035 -0.0939495 -0.2014356 0.1035219 -0.2672591 -0.3161465 0.0919944 0.4678934 -0.3751099 0.3938903 -0.1704786 0.1090375 0.2365381 -0.4719601 0.0659973 -0.1600053 0.1896810 -0.0670769 0.0008205 0.0936927 -0.0731306 -0.3647313 -0.1895994 -0.5162109 -0.4710857 -0.5047502 -0.4613535 -0.6116042 -0.2984366 -0.4168332 -0.5350231 -0.2324356 0.3960219 -0.1378512 -0.1015338 0.0604063 0.1577348 0.0040672 0.4610379 0.3062486 -0.0402908 0.3903698 0.1109586 0.0908690 0.1118839 0.1834294 0.1328788 -0.0034790 0.1419179 -0.1737604 0.1468207 0.5599968 -0.1754772 -0.2409044 0.1031999 0.0061257 -0.0652212 -0.1736875 0.3699349 0.2802521 -0.0662961 0.0080182 0.0267514 0.0472864 -0.0948758 0.1260963 -0.2357252 -0.0148647 0.2117437 0.0869820 0.3033820 0.2204210 -0.0451521 0.0374998 0.0084215 0.0675078 -0.5266914 -0.2694285 0.1680337 -0.3432147 -0.2005213 0.5820245 0.2531940 0.3347498 0.4000527 0.3248297 0.0488088 0.2256279 -0.0641216 -0.3596133 0.0224870 0.3240164 0.1099585 -0.2241936 -0.1909843 -0.4529628 -0.2174424 0.0393683 0.5710437 -0.1725820 0.4417835 0.1676880 0.0218847 -0.0279740 -0.1044742 0.2368072 0.5913984 0.1958607 0.0853865 -0.2541901 -0.6188954 -0.0627276 -0.1722549 0.2861808 0.4652584 -0.0300432 0.0322819 -0.0609137 -0.4928818 -0.0602883 0.2692691 0.3482421 0.5896647 0.3974427 0.3221944 -0.3370904 -0.4487562
0.4727740 0.4900771 0.6867054 0.0000000 0.6821338 0.8573541 0.5994960 0.8289968 0.4488724 0.8535893 0.8286915 0.6839742 0.7500305 0.0266956 0.1770780 0.6842067 0.6908693 -0.2252935 0.7706271 0.3301032 0.5810616 0.6885355 0.6849430 0.2155021 0.6696294 0.4833036 0.1787403 -0.2008908 0.8680897 -0.3210368 0.6198671 0.1972475 0.3242230 0.6442917 0.4479343 0.6141875 0.2867388 0.5448920 -0.2612781 -0.3389308 0.4775979 0.6659794 0.3900821 0.0441322 0.6324935 0.4568566 0.5407781 0.2891874 0.5797495 0.3004714 0.3316482 -0.1417101 0.8000926 0.2622077 0.1276378 0.4101974 0.3825900 0.6072217 -0.4834596 0.3852228 0.0484239 0.2821020 0.3507670 0.7176000 0.4582141 0.1599402 0.5848884 0.6317612 0.5531798 0.7321506 0.6805590 0.8805109 0.6878109 0.7133509 0.5529131 0.8234839 0.7559894 0.7923027 0.7538982 0.8810383 0.7145874 -0.1114506 0.1360057 -0.3138549 -0.2314528 -0.3486660 0.5338229 0.2579457 -0.1192747 0.2020587 0.0123722 0.0726534 0.0126986 -0.0961911 0.3257747 -0.1075884 -0.1889164 0.0452151 0.3161915 -0.4523708 0.3333909 -0.0010478 0.2997207 0.4590303 -0.6346945 0.1361219 -0.0474058 -0.0154689 -0.3331816 -0.3884587 -0.1300979 0.2239653 -0.4327965 -0.5414840 -0.4918387 -0.5238401 -0.5095237 -0.2668809 -0.1061970 -0.3467556 -0.3942948 -0.4005679 -0.5670171 0.7172934 -0.1249815 0.2822106 0.3479649 0.2112842 -0.0394883 0.5266009 0.2574056 -0.0533497 0.5005468 0.3408237 -0.0044164 0.3340639 0.1522371 -0.0866452 -0.1319302 -0.0898048 -0.2020918 -0.0852646 0.3948711 0.0317298 -0.2393784 0.3349115 -0.1105483 -0.0758626 -0.3861785 0.2152136 0.0193196 -0.1355463 -0.2437211 -0.0272825 0.0916779 -0.1303504 -0.0593323 -0.3558003 -0.1266661 -0.0943356 0.1517555 0.1504136 0.2684534 -0.2563712 -0.0366532 -0.2829857 -0.1487178 -0.6760633 -0.3789407 -0.0370858 -0.5030622 -0.3081900 0.4689351 0.4562794 0.4128297 0.3141183 0.2264750 0.0577097 0.3190512 0.1389572 -0.2678695 0.1290848 -0.1971663 -0.3197862 -0.6760829 -0.1574275 -0.6729832 -0.2279712 0.3846822 0.8498299 -0.2096861 0.7872972 0.5334760 0.3934205 0.3464149 0.1403145 0.5385699 0.6366592 0.3181983 0.4102406 0.0887826 -0.3749019 -0.1250361 0.1993831 0.1299799 0.5612738 -0.0075147 0.2000745 0.2236882 -0.5271322 -0.1354725 0.6547006 0.1908086 0.4739129 0.2139445 0.4208155 -0.0775992 -0.1789598
0.2468860 0.4119319 0.7032235 0.6821338 0.0000000 0.6541353 0.4993290 0.7360700 0.1347754 0.5453773 0.6478194 0.5035663 0.7486677 -0.1539118 0.0258039 0.6651818 0.5447497 -0.3222480 0.7412138 0.3498650 0.4048815 0.6049021 0.6026609 0.0723072 0.6486691 0.4732030 0.0871801 -0.2417002 0.6539440 -0.2721270 0.6523509 0.2098070 0.1867802 0.3293009 0.5009128 0.2826910 0.3088537 0.5715086 -0.2524839 -0.2798978 0.5096404 0.4710140 0.2510904 -0.0357280 0.3607894 0.4511312 0.4860010 0.4206004 0.3409242 0.3342767 0.3952610 -0.1859693 0.4820125 0.1559617 0.2581443 0.3962501 0.4238507 0.4348747 -0.1048819 0.3628631 0.1124406 0.1513525 0.3448676 0.4445078 0.2718416 0.3471097 0.4747302 0.4039609 0.5167576 0.5183087 0.5689724 0.6214518 0.5125249 0.4610294 0.6058082 0.6349978 0.4514287 0.6013651 0.7473699 0.6194089 0.6013642 0.3815580 0.1121201 -0.3134219 -0.0643128 -0.0726563 0.4443985 0.0985895 0.1059103 0.0783147 0.0783522 0.0363820 0.0260871 -0.0187369 0.2349684 -0.0842394 -0.2305573 0.0305771 0.4106523 -0.1401503 0.3894342 -0.0154401 0.2192428 0.3775193 -0.3871807 0.1112705 -0.0008359 0.1234057 -0.1085876 -0.1852982 0.0151491 0.0618141 -0.2209593 -0.3027361 -0.3633633 -0.5048499 -0.5060429 -0.2740140 -0.4067079 -0.2057943 -0.2697895 -0.3624414 -0.0532139 0.4443721 -0.0306632 -0.0153724 0.1535878 0.4729308 -0.0278352 0.4648171 0.2836934 -0.0118156 0.3694031 0.4367676 0.0051705 0.4555725 0.3194771 0.0884532 -0.0424374 0.0781756 -0.0218629 0.0799696 0.5276931 0.0084882 -0.1042750 0.4287446 0.0275723 -0.0408556 -0.0785635 0.2155269 0.1466353 0.0905837 -0.0580838 0.2625560 0.1523813 0.1449136 0.1216269 -0.0971617 0.1054819 0.2111043 0.2491184 0.1702982 0.3810070 0.0205605 0.1367115 0.1487319 0.2859396 -0.3479933 -0.0703138 0.1977064 -0.1483793 -0.0131171 0.1759615 0.0404810 0.0732859 0.1673163 0.2910266 0.0800894 0.1937189 -0.0470480 -0.3310353 -0.1156581 0.1271073 -0.1393704 -0.1688416 -0.0851104 -0.3646586 -0.1007327 0.1094938 0.5637517 -0.1026080 0.3558337 0.1432052 0.0505745 0.0628858 -0.0281744 0.1479468 0.4723633 0.2014681 0.1409951 0.0580817 -0.3591371 0.0114074 -0.0230800 0.4718756 0.5927981 0.2003909 0.1101138 0.2785902 -0.2958810 -0.0069697 0.3769820 0.6051661 0.5124331 0.4529213 0.4336847 -0.0892274 -0.4038417
0.2745742 0.5678145 0.6541899 0.8573541 0.6541353 0.0000000 0.7587450 0.7049684 0.4552531 0.8186293 0.7005248 0.7187374 0.6367534 -0.0394413 0.1466721 0.6077981 0.5042153 -0.2469197 0.6790619 0.1188795 0.5779445 0.5674933 0.4869500 0.3069714 0.5354894 0.3508174 -0.2097806 -0.1916281 0.9041675 -0.4073658 0.4177092 -0.0278621 0.4139092 0.6815440 0.2246018 0.3920692 0.0754682 0.2832677 -0.3481278 -0.3969461 0.2072161 0.6135480 -0.0031545 0.1066577 0.6202965 0.2012841 0.3002497 0.0217428 0.5684817 0.0324650 0.0955746 -0.4474439 0.7731533 0.1741409 -0.1820362 0.1135106 0.1433784 0.5799593 -0.3962994 0.1212138 0.1084481 0.0070077 0.0377494 0.5496256 0.4203942 0.0274144 0.4167923 0.4737399 0.3164630 0.5724577 0.5721889 0.7227354 0.5260906 0.5655584 0.4599336 0.7349437 0.6357850 0.6081989 0.7141122 0.7730084 0.5845180 0.1137021 0.2564795 -0.0468957 0.0459833 -0.0889865 0.5242927 0.1399792 0.2147482 0.3701689 0.0838577 0.0656168 0.1316639 -0.0690114 0.3570254 -0.0333521 -0.1922234 0.1761671 0.4733813 -0.2534939 0.5011125 0.2779111 0.4702491 0.4952911 -0.4355675 0.1720203 0.2709769 0.2687084 -0.0403077 -0.1586132 0.1490016 0.4645641 -0.2383506 -0.3448864 -0.3692999 -0.4870165 -0.6325051 -0.2850587 -0.2006440 -0.2475442 -0.3369649 -0.3861190 -0.3247960 0.4701501 -0.0528417 0.3769937 0.3288518 0.3631969 0.0434640 0.4115852 0.2412512 0.0580030 0.3833685 0.4033671 -0.0236223 0.3905778 0.1592281 0.0200584 -0.1241034 0.0048839 -0.2115089 -0.0055821 0.4080170 0.1072643 -0.2438023 0.4762993 -0.0990212 -0.1817138 -0.3126169 0.2263839 0.0151210 -0.1346705 -0.1632172 0.0156046 -0.0464043 -0.0099724 0.1059562 -0.3661956 -0.0363627 -0.0044296 0.0893664 0.1331950 0.3424855 -0.0176991 -0.0486345 -0.2356099 0.0823446 -0.5542535 -0.1473104 0.1108022 -0.3859536 -0.1695150 0.3760254 0.4299852 0.4591787 0.3181137 0.2083488 0.2125758 0.3443055 0.1834157 -0.1415142 0.0119641 -0.0796278 -0.1851888 -0.5150871 -0.1882198 -0.5839190 -0.2101586 0.3049349 0.6538482 -0.0769151 0.6192499 0.4405546 0.4253951 0.3621250 0.1560441 0.5908862 0.6395585 0.3217082 0.5690616 -0.2197166 -0.5768822 -0.1814112 0.1642925 0.1334871 0.4177329 0.0290238 0.0686575 -0.0508274 -0.5627087 -0.1522419 0.7085169 0.1552913 0.5053583 0.3368512 0.2291220 -0.1773047 -0.3034831
0.1434289 0.3902182 0.5966038 0.5994960 0.4993290 0.7587450 0.0000000 0.4336445 0.4450428 0.4947714 0.3924777 0.7846929 0.4404486 -0.0409814 0.2954490 0.3727442 0.1752647 -0.0740661 0.4531784 0.2632697 0.4236467 0.3518220 0.2078493 0.4040846 0.3951555 0.2446984 -0.4013582 -0.0191700 0.6823411 -0.2299729 0.2778234 0.0779108 0.4719142 0.6087682 0.1291894 0.0100063 0.1021197 0.3076525 -0.1841568 -0.2190995 0.1707456 0.3021905 -0.2274575 0.2214169 0.5836151 0.2140073 0.2091480 0.1100018 0.4532082 0.0110084 0.0525402 -0.4730317 0.5071493 0.1175371 -0.1632076 0.0613156 0.1496920 0.4666892 0.0226924 0.0468458 0.2470020 -0.1338186 0.0145026 0.2731540 0.2763522 0.1977355 0.2784108 0.3050354 0.2765762 0.3024673 0.4212478 0.3531193 0.3007679 0.2355607 0.4140434 0.3981963 0.2963536 0.4554795 0.4355145 0.3863152 0.4778537 0.2635321 -0.0543171 -0.1172657 -0.0519841 -0.0439831 0.4789081 0.3158723 0.2745551 0.1955620 0.2008392 0.2335205 0.1451060 -0.0880322 0.3415856 0.2066818 -0.0340555 -0.0111194 0.5555021 -0.0576114 0.2619272 0.2156556 0.2841078 0.1919131 0.0121864 0.3765272 0.0017590 0.1814518 0.1948640 -0.1639436 0.2658794 0.2134741 -0.0910499 -0.2579026 -0.4157957 -0.3857273 -0.5098070 -0.3979098 -0.2364585 -0.1883099 -0.3544842 -0.4728442 -0.1757374 0.2815850 -0.0921224 0.2293795 0.2515574 0.2060258 0.1137582 0.2667971 0.1748148 -0.2142826 0.4958689 0.2999270 -0.1192537 0.1524050 0.1102610 0.1450161 -0.0752989 0.1202871 -0.3607305 0.1758044 0.4626674 0.0719470 -0.1885007 0.2969232 0.0020045 -0.1680470 -0.1111844 0.3204804 0.2029351 -0.0981870 0.0976784 -0.1151571 -0.2009291 0.0800296 0.1109305 -0.2640241 0.0216760 0.1997121 0.0675440 0.3093002 0.2933788 0.0324662 0.0551863 -0.1113447 0.1797278 -0.3822619 -0.0048681 0.2674949 -0.3060077 -0.0926889 0.1111182 0.1511711 0.2502785 0.2114734 0.2319502 0.1626451 0.1454205 -0.0638251 -0.2619291 -0.1753691 -0.0433160 -0.0327493 -0.1909863 0.0650533 -0.0869957 -0.0036965 0.0501736 0.2928355 0.0186051 0.3243306 0.2781874 0.2062651 0.2111046 0.0532220 0.3253902 0.5157190 0.3146507 0.3804734 -0.2043864 -0.4411127 -0.0465260 0.0334420 0.2354469 0.3682700 0.1803054 0.1358195 0.0219805 -0.2784702 0.0446421 0.5639795 0.3068107 0.4217768 0.2531947 0.3014063 -0.5144360 -0.5851501
0.1891903 0.2182942 0.5358091 0.8289968 0.7360700 0.7049684 0.4336445 0.0000000 0.0144036 0.7628253 0.9285639 0.4148749 0.9357496 -0.2993356 -0.2287387 0.8449131 0.7140650 -0.5269255 0.8787370 0.1562596 0.4254170 0.8574257 0.7826595 -0.1984649 0.6749359 0.5315430 0.2030078 -0.4962837 0.6207135 -0.5275482 0.7591047 0.0526751 -0.0736343 0.2129871 0.6111505 0.5762145 0.2895414 0.5512357 -0.4799241 -0.5192303 0.5530549 0.5909206 0.3933564 -0.2386584 0.2801464 0.4841475 0.5143213 0.3638042 0.2459382 0.4607380 0.3740878 -0.3169969 0.5288133 0.0211867 0.3364813 0.5104931 0.3608049 0.4039468 -0.4946501 0.3791563 -0.1192044 0.1608479 0.5056913 0.5416964 0.1755910 0.1050510 0.5104269 0.4354606 0.5937764 0.6125789 0.5988634 0.7585370 0.5450769 0.4778549 0.4756105 0.7074959 0.5349299 0.7257348 0.7620459 0.7305776 0.5955718 0.1762384 0.0997452 -0.4650460 -0.2715225 -0.0988104 0.6330036 0.1732176 -0.1443087 -0.0011891 0.2045190 -0.0336167 0.1419706 0.0027044 0.2288897 -0.0792146 -0.1010758 0.1881896 0.2677569 -0.1758509 0.3212553 0.0757363 0.3308522 0.5321155 -0.5106572 0.1165990 -0.0077173 0.0358977 -0.3879497 -0.4743935 -0.1862644 0.2245769 -0.4475363 -0.6871986 -0.5218276 -0.6827910 -0.6496104 -0.2785791 -0.2014628 -0.3282495 -0.2837211 -0.3290266 -0.3432603 0.7136626 -0.0991893 0.3536046 0.4387132 0.3858632 -0.0530731 0.6461852 0.3387039 -0.0164107 0.4167841 0.6263229 0.0375975 0.3348067 0.3679979 -0.1029625 -0.0607462 -0.1222003 -0.0869368 -0.2073855 0.2469312 0.0372628 -0.1585037 0.4114532 -0.1592909 -0.0545392 -0.4219611 0.0716057 -0.0492896 -0.1971213 -0.3617377 0.1411468 0.2637670 -0.0596245 -0.3282388 -0.2903338 -0.3792532 -0.1443862 0.3646214 -0.0251252 0.3194735 -0.4338754 0.0357841 -0.2089044 -0.0036575 -0.5699796 -0.5673675 -0.1717095 -0.2876694 -0.2583524 0.1431695 0.3918306 0.2454066 0.2782237 0.1917797 -0.0266318 0.1510837 0.0807957 -0.3027138 0.0266509 -0.1994166 -0.3542963 -0.6772156 -0.3048133 -0.6556830 -0.4245849 0.1360038 0.6535075 -0.2824493 0.5497834 0.3036025 0.3899034 0.4148380 0.1996158 0.5425031 0.3592853 0.0269939 0.4723663 0.0395823 -0.2608490 -0.1066479 0.0926360 0.2669940 0.4507695 0.0790230 -0.1196963 0.1713849 -0.5442879 -0.1681290 0.5107130 0.1280110 0.1476423 0.0484622 0.1984544 -0.1373959 -0.2254438
0.1652591 0.5362480 0.2478958 0.4488724 0.1347754 0.4552531 0.4450428 0.0144036 0.0000000 0.2432931 0.0334327 0.3876683 -0.0458729 0.6967574 0.8974477 0.1570748 -0.0021524 0.6435351 0.2101673 0.4894847 -0.0250199 0.0597435 0.1903304 0.8432723 0.3668545 0.3923952 -0.1244346 0.6302138 0.4718741 0.4820435 0.1247725 0.4662240 0.7929152 0.8246625 0.0764024 -0.0716430 0.4213443 0.2860110 0.4129743 0.4570622 0.2940684 0.0043793 0.1387730 0.7269218 0.5064048 0.3767748 0.4379618 0.1857681 0.6873709 -0.1133304 0.2843992 0.3417676 0.3853700 0.7165256 -0.0098217 0.2501109 0.4171983 0.6318903 -0.1914989 0.3434048 0.0384771 0.4862128 0.1604369 0.5403802 0.2890755 0.4194373 0.4689850 0.5961116 0.3314142 0.5172237 0.5440341 0.4019490 0.5535418 0.5225305 0.4672426 0.4336838 0.5754904 0.4635797 0.1215347 0.2775396 0.3728183 -0.4891315 0.0631707 0.0886952 -0.2310711 -0.5320112 -0.0843964 0.3933308 -0.0813574 0.2599130 -0.1997615 -0.0744456 -0.1544167 -0.0557149 0.2377745 -0.2726697 -0.0798749 -0.2300352 0.0968831 -0.3512734 -0.1281472 -0.1466023 0.0196193 -0.1793870 -0.3263066 -0.0800334 -0.0241773 -0.0092962 -0.0500452 -0.2811572 -0.1091087 0.1795920 0.0561131 -0.1389991 -0.1111628 -0.0483037 -0.1866526 0.0129704 0.1576268 -0.0861442 -0.3227178 -0.3490606 -0.5502637 -0.0186767 0.1056809 -0.1985391 0.0195246 -0.3465927 0.0107353 0.1142251 0.0783386 -0.4334156 0.2058303 -0.3123077 -0.3945455 0.0123841 -0.1714891 -0.0155589 -0.2210597 -0.0720086 -0.4635631 0.1681434 0.0036258 -0.0016538 -0.1735782 0.3345961 -0.1255866 -0.1716579 -0.3832065 0.2481946 -0.0171043 -0.0572528 0.0083473 -0.3625840 -0.4317158 -0.0364862 0.0700645 -0.3325193 0.1039747 -0.2003006 -0.3586435 0.2372356 0.0335878 -0.0656119 -0.2027279 -0.4053699 -0.3963183 -0.5156329 0.1369048 0.0917568 -0.5506366 -0.1356547 0.3021230 0.0703133 0.0044943 -0.1942980 -0.1736688 -0.0497771 -0.0622307 -0.2039174 -0.1891237 -0.0108154 -0.2116670 -0.1551423 -0.0933542 -0.0057682 -0.1517228 0.2300295 0.4788598 0.5269985 0.1135906 0.5143096 0.3980715 -0.1445552 -0.2915877 -0.2948448 -0.0239684 0.3552067 0.3794859 0.0054236 0.2386224 -0.2234350 -0.2951670 -0.0373731 0.0002171 0.3671181 -0.0317969 0.2591769 0.3068219 -0.1609953 -0.1746351 0.1946501 0.0625573 0.2772380 -0.0233421 0.2114099 -0.0746425 -0.1735304
0.3999549 0.4017695 0.6143162 0.8535893 0.5453773 0.8186293 0.4947714 0.7628253 0.2432931 0.0000000 0.8580672 0.6130554 0.6203111 -0.0370358 -0.0582296 0.6596997 0.7930700 -0.3798683 0.6139927 -0.1161260 0.6257230 0.5357666 0.6130553 0.0747624 0.3809560 0.3818371 0.1215648 -0.3226858 0.8397086 -0.4547433 0.4096222 -0.1815877 0.2460532 0.4487857 0.3637530 0.6457870 0.1002830 0.2279443 -0.2747040 -0.4186433 0.2339390 0.6767871 0.2295071 -0.0262316 0.3446500 0.1677525 0.2825849 -0.0252094 0.4930243 0.1517832 0.0781509 -0.3170675 0.7263832 0.1017694 -0.0656783 0.1587571 0.1069126 0.5055951 -0.5066014 0.1371648 -0.1230412 0.0422594 0.1045521 0.5856729 0.2876574 -0.1718384 0.3699810 0.4947018 0.2824716 0.5805789 0.4307677 0.7804698 0.5289346 0.5891171 0.2027860 0.7710371 0.6357254 0.6065934 0.7008608 0.8190826 0.5294291 0.1770392 0.0044365 -0.2870865 -0.0366047 -0.2790168 0.4130476 0.1182819 -0.1224088 0.1207489 -0.0814351 -0.0182141 0.0253271 0.1337226 0.0811495 -0.0928008 -0.1900235 0.1983533 0.2257692 -0.2474643 0.4430196 0.0391339 0.2229104 0.6043046 -0.5126606 -0.0351996 0.1186395 0.0063706 -0.1996972 -0.2498189 -0.0229186 0.3758957 -0.3144622 -0.4566233 -0.2676732 -0.4042986 -0.4611592 -0.0461582 -0.0490425 -0.0864120 -0.1929362 -0.1988790 -0.4794936 0.5489048 0.0885511 0.4703344 0.3791985 0.2135208 0.2316692 0.4273301 0.2438987 0.1163204 0.2179136 0.3836697 0.1125272 0.2611051 0.2752024 0.1640542 0.0680628 0.1501676 -0.0192036 0.0918701 0.3791888 0.1365961 0.0339968 0.2914322 0.0295957 0.0833712 -0.2488079 0.3782997 0.1904201 -0.0614711 -0.0887795 0.1595985 0.2536379 -0.0924777 0.0399155 -0.1323021 -0.0734798 -0.0287173 0.4151534 0.2871689 0.2480251 -0.1748216 0.1926027 -0.1708420 -0.0675404 -0.4822849 -0.3179072 0.1334421 -0.2430760 -0.0599697 0.5764720 0.6019871 0.5237572 0.5030231 0.2706180 0.1555610 0.3306690 0.3151159 -0.0814385 0.0864078 -0.1390655 -0.3065531 -0.6848478 -0.2696409 -0.7483507 -0.3746980 0.3314276 0.6486355 0.0607269 0.5868915 0.3889088 0.5076185 0.4757293 0.3439797 0.6299749 0.5569512 0.2339574 0.6269787 -0.2533183 -0.4709860 -0.1848254 0.0367892 0.0962016 0.2809366 0.1247140 -0.0452980 -0.1503559 -0.6000678 -0.0652166 0.6275151 0.0486342 0.4344119 0.2599404 0.0425034 -0.2107207 -0.2278475
0.2924820 0.1928880 0.6281803 0.8286915 0.6478194 0.7005248 0.3924777 0.9285639 0.0334327 0.8580672 0.0000000 0.4110505 0.8606894 -0.1416647 -0.1722052 0.8634979 0.8400286 -0.4199833 0.8140311 0.1036629 0.4717519 0.8353916 0.7995096 -0.0908869 0.6069752 0.5461246 0.3173005 -0.3928742 0.6761493 -0.4235016 0.7379024 0.0431359 0.0627674 0.2247531 0.6203822 0.6878792 0.2942852 0.5244069 -0.2876197 -0.4155270 0.5278324 0.6552942 0.4206339 -0.1277110 0.2449964 0.4564366 0.5316189 0.3326072 0.4018571 0.4760470 0.3793866 -0.2392674 0.6111943 0.0810806 0.2944713 0.4683930 0.3645793 0.5013964 -0.5067929 0.3881818 -0.2223463 0.1938539 0.4347838 0.6583562 0.2233096 0.0584903 0.5498712 0.5035208 0.5678538 0.6748850 0.6132003 0.7976891 0.5884164 0.5657690 0.4281416 0.8013872 0.6057184 0.7511792 0.8681962 0.8169301 0.6080426 0.1668452 0.1287846 -0.4742057 -0.1905412 -0.1830819 0.6171259 0.1508982 -0.1445343 0.0075401 0.0988820 -0.0942765 0.0842538 0.0987104 0.2069533 -0.1319708 -0.0829250 0.2269975 0.3002853 -0.2162068 0.4387182 0.0523995 0.3133363 0.6071507 -0.5509753 0.0566948 0.0274803 0.0259378 -0.3082047 -0.4042251 -0.1295225 0.2945482 -0.5064593 -0.6669591 -0.5271318 -0.6921097 -0.6042950 -0.2327222 -0.2320956 -0.2157887 -0.2369777 -0.3207075 -0.3155463 0.6391749 0.0112611 0.4292819 0.4495522 0.3093188 0.1227192 0.6039339 0.4080649 0.0554476 0.2947420 0.5083184 0.1783172 0.2355754 0.3713581 0.0447889 0.0665307 0.0277529 -0.0482020 -0.0741423 0.2527957 -0.0309201 -0.0372949 0.3062908 -0.0843863 -0.0060015 -0.4124516 0.2276791 0.1160269 -0.1772187 -0.2658671 0.0919541 0.2903710 -0.2496945 -0.1834890 -0.1989672 -0.3004607 -0.0264775 0.3368750 0.1190782 0.1215217 -0.3212733 0.0582160 -0.1776903 -0.0189915 -0.5893904 -0.5524258 -0.0632868 -0.2574502 -0.2316208 0.3493946 0.5349407 0.3244461 0.4040680 0.1736249 -0.0674963 0.1611942 0.1427523 -0.2818884 0.0647292 -0.1213203 -0.3251678 -0.6724303 -0.3750125 -0.7287364 -0.4302757 0.1690743 0.6650563 -0.1332333 0.5294591 0.2509026 0.4007863 0.4389920 0.3226946 0.5659667 0.3811492 0.0656266 0.5614463 -0.0538532 -0.4388141 -0.2118673 -0.0159611 0.2655415 0.4206602 0.1129904 -0.1608222 0.0556647 -0.6997556 -0.2087788 0.5339209 0.0864750 0.2706256 0.1496557 0.1062058 -0.1889189 -0.1694675
0.4590680 0.5166164 0.6831714 0.6839742 0.5035663 0.7187374 0.7846929 0.4148749 0.3876683 0.6130554 0.4110505 0.0000000 0.3868830 -0.0622900 0.2252200 0.2452222 0.3665082 -0.1336453 0.3854263 0.0580250 0.8082448 0.2192067 0.2140840 0.3601862 0.3311113 0.1401691 -0.1707706 -0.0874853 0.8363678 -0.3358089 0.1707963 0.0110473 0.4669461 0.6939852 0.0158211 0.2385681 -0.0099609 0.2141815 -0.3363335 -0.3411363 0.0054516 0.5253306 -0.0886484 0.1053945 0.7943192 0.0849426 0.0948189 -0.0378261 0.5398778 0.0407561 -0.0236297 -0.3676957 0.8087939 0.1213926 -0.2975344 -0.0486005 0.0350556 0.4722925 0.0781167 0.0088079 0.5551367 -0.0904247 -0.2024830 0.3506234 0.6569247 0.0061622 0.2460175 0.4037980 0.1582767 0.3236133 0.3087187 0.5076558 0.3434997 0.4557574 0.2714626 0.4518813 0.3993321 0.4161167 0.4206453 0.5317904 0.5785315 0.1480383 -0.0479041 -0.1115470 0.0075189 -0.2180055 0.1779048 0.0612483 0.1492635 0.2194862 -0.2168757 0.1732637 -0.0499373 -0.2991235 -0.0288336 -0.0381333 -0.1742948 -0.0769830 0.2424937 -0.4561401 0.3696427 -0.0197363 0.2504414 0.2997599 -0.2109473 0.1420315 -0.0911215 -0.0004664 0.0967277 -0.0281450 0.2138710 -0.0039632 -0.2446481 -0.0670393 -0.3709911 -0.2061542 -0.4136765 -0.4315342 -0.2397967 -0.4397438 -0.5796965 -0.5242881 -0.3854714 0.4875807 -0.3790322 0.2395266 -0.1247120 0.1887069 -0.1321032 0.0247845 -0.2197585 -0.0859742 0.2255582 0.1818519 0.0352546 0.2250187 -0.1861693 -0.0584765 -0.3680937 0.0504246 -0.2867181 0.0570426 0.7082360 0.3070727 -0.3477755 0.0909817 -0.1474102 -0.2583689 -0.0352928 0.2473535 0.1663410 0.1517865 -0.0451319 -0.0444536 -0.1673179 0.2751383 0.2129387 -0.3371549 0.1605044 0.2563317 0.0052224 0.2090575 0.4711097 0.1149490 -0.0703802 0.0510325 0.0982236 -0.4368849 -0.0444516 0.1261056 -0.4872719 -0.2622964 0.4279817 0.3625661 0.6179658 0.5096494 0.6342935 0.4878852 0.6149340 0.2570456 0.0054819 -0.0858822 0.0439070 -0.1506043 -0.3010306 0.2950011 -0.2455375 0.0598635 0.2079505 0.4168298 -0.1696828 0.5010263 0.5233097 0.3928811 0.3409455 0.1542486 0.4857431 0.8362065 0.4717256 0.2530737 -0.2495270 -0.3057551 0.1469658 0.3134242 -0.1027349 0.4681082 -0.0975988 0.2123961 -0.0742602 -0.0802494 0.1914076 0.6192813 0.3851849 0.6768058 0.3521014 0.3033181 -0.2465829 -0.4060602
0.2089673 0.1321486 0.5914838 0.7500305 0.7486677 0.6367534 0.4404486 0.9357496 -0.0458729 0.6203111 0.8606894 0.3868830 0.0000000 -0.3333533 -0.1866380 0.7968833 0.6038014 -0.4929434 0.8640172 0.2376778 0.3799854 0.8399886 0.7359142 -0.1680996 0.6807742 0.5194211 0.2029919 -0.4464573 0.5235695 -0.4639547 0.7857251 0.1146237 -0.0638836 0.2414215 0.6245612 0.4083926 0.3075339 0.6162204 -0.4347602 -0.4642254 0.5715437 0.4593860 0.3941383 -0.2103876 0.3402688 0.5056027 0.5564136 0.4225618 0.2355599 0.5760466 0.4383172 -0.2815437 0.5317125 0.0232444 0.3806108 0.5402907 0.4053706 0.3696354 -0.4471468 0.4085516 -0.0782553 0.1850531 0.5313276 0.5064921 0.1952122 0.1693159 0.5443595 0.3798778 0.6382445 0.5677092 0.6065259 0.6788945 0.5203204 0.3961519 0.5439119 0.6266335 0.4324373 0.6885861 0.7971381 0.6807251 0.5587072 0.2045277 0.1505543 -0.4379872 -0.2461694 -0.0066669 0.7075566 0.0409981 -0.0558913 -0.0224487 0.3311395 -0.0826806 0.1410366 -0.0922437 0.2814979 -0.0255367 -0.1534762 0.1897874 0.3589191 -0.1279396 0.2907926 0.1256333 0.3236397 0.4374272 -0.4427416 0.2259814 -0.0929956 0.1233315 -0.3055836 -0.3662464 -0.1386674 0.1463351 -0.3953055 -0.6094342 -0.6365199 -0.7063344 -0.6560471 -0.4778039 -0.3892522 -0.4077574 -0.3175678 -0.4414525 -0.2089759 0.7357860 -0.2453654 0.2125354 0.3682502 0.4738121 -0.2035749 0.6324993 0.3155308 0.1018430 0.4873644 0.6543402 0.1885789 0.3601268 0.3908370 -0.2089524 -0.0827805 -0.1963695 -0.0469680 -0.2878755 0.2400466 -0.0382123 -0.2499647 0.3524909 -0.1604123 -0.0258149 -0.3429299 -0.0075423 -0.0772726 -0.2151076 -0.3714304 0.1242697 0.3563848 -0.1224484 -0.3417333 -0.3106283 -0.4492657 -0.1221940 0.3263116 -0.1015984 0.2751269 -0.3624820 -0.0299469 -0.2054938 0.0577351 -0.5631611 -0.5927345 -0.2556671 -0.2980514 -0.3330708 0.0782208 0.2670700 0.1127241 0.1939855 0.1443414 -0.0495715 0.1026775 -0.0992726 -0.3997895 -0.0429254 -0.1964250 -0.2601208 -0.6414120 -0.3322641 -0.6287692 -0.4836508 -0.0438291 0.5834915 -0.4157653 0.5134060 0.2427642 0.3021157 0.3034423 0.0446744 0.5100639 0.3302330 -0.0805514 0.2775484 0.1299117 -0.2338168 -0.0604715 0.1198916 0.3849726 0.4526078 -0.0071147 -0.0958710 0.2642152 -0.5196297 -0.2101040 0.4361640 0.1562317 0.1265409 0.0449228 0.2443436 -0.1167172 -0.2335408
0.1825180 0.2846379 0.0814996 0.0266956 -0.1539118 -0.0394413 -0.0409814 -0.2993356 0.6967574 -0.0370358 -0.1416647 -0.0622900 -0.3333533 0.0000000 0.8196920 0.0216222 -0.0732990 0.8853979 -0.1042656 0.3974393 -0.3418794 -0.0422282 0.1181157 0.8243688 0.1447058 0.3928099 0.2151758 0.9151376 0.0172572 0.8689741 0.1378102 0.5231554 0.7149780 0.4343781 0.1543780 -0.1790675 0.5352737 0.2685894 0.7884448 0.8084532 0.3739292 -0.2447973 0.2985660 0.8205656 0.0706899 0.3740934 0.4099642 0.3215670 0.5459300 -0.0229830 0.3932606 0.6429847 0.0725524 0.7124357 0.2256662 0.3166168 0.4636410 0.4663431 0.1135664 0.4569061 -0.1187642 0.6387355 0.2256643 0.4992017 0.1783294 0.4141503 0.4476351 0.5174471 0.2812309 0.4122897 0.3750202 0.2132455 0.4327208 0.4743789 0.2905698 0.2317034 0.4396903 0.3115205 0.0369015 0.0694209 0.1858892 -0.4855493 -0.0394242 -0.0402815 -0.2957345 -0.5741250 -0.3179353 0.0643506 -0.3145637 -0.0154600 -0.3197400 -0.2508258 -0.1983182 -0.0760531 0.0103599 -0.3780261 0.2663843 -0.0749295 -0.2152373 -0.2387590 -0.3197579 -0.3057968 -0.1940531 -0.4121762 -0.1740121 -0.3892970 -0.1410306 -0.1578017 -0.0560901 -0.2597328 -0.2353229 0.0147445 0.0500804 -0.0594851 -0.0239001 0.0851213 0.0647983 0.1831642 0.2289012 0.0982900 -0.1299861 -0.1766477 -0.2468985 -0.2849923 0.1956943 -0.3614462 -0.0789928 -0.4978687 0.1058428 -0.0094018 0.0896668 -0.2991586 -0.0617887 -0.5211137 -0.2699284 -0.3052962 -0.1367670 0.0532217 -0.0034229 -0.0127765 -0.3162940 0.1724889 -0.2002598 -0.1644851 0.0599695 0.0216977 -0.1005725 -0.0434799 -0.3322376 0.1849640 0.0941563 -0.0771669 0.0272298 -0.4436557 -0.3772790 -0.1989141 0.0249287 -0.1391943 0.1168464 -0.0985981 -0.3265911 0.1856833 -0.2489214 -0.0285347 -0.2140584 -0.2302932 -0.5000420 -0.3381747 0.1563709 0.0207015 -0.3340899 -0.0609847 0.4004338 0.1164596 -0.1425427 -0.1212451 -0.2319239 -0.0989565 -0.2736369 -0.3446367 -0.1430779 0.0760083 0.0881860 0.0468977 0.2333791 0.0368840 0.0432415 0.3751462 0.4578701 0.3284734 0.1803615 0.2322652 0.1725337 -0.3961357 -0.5196321 -0.3652313 -0.2521831 0.1527852 0.2971723 -0.1947279 0.3056440 -0.0744511 -0.3648478 -0.2861799 -0.0331572 0.1169858 -0.0466371 0.1195823 0.2552881 -0.1768109 -0.4067437 -0.2221087 -0.1194867 0.1420382 -0.1735225 -0.0758889 -0.0665182 0.1582137
0.1303076 0.3543302 0.2028233 0.1770780 0.0258039 0.1466721 0.2954490 -0.2287387 0.8974477 -0.0582296 -0.1722052 0.2252200 -0.1866380 0.8196920 0.0000000 0.0421483 -0.1595689 0.8609463 0.0665149 0.5701852 -0.2274177 -0.0529844 0.1019680 0.9218706 0.3161526 0.4155934 -0.0218261 0.8559041 0.2096046 0.7642775 0.1127734 0.6433683 0.8411138 0.6984018 0.1211817 -0.3056937 0.5523297 0.3712859 0.6603806 0.7274733 0.3570082 -0.2591087 0.1899857 0.8689973 0.3864729 0.4571760 0.4920526 0.3472672 0.6613765 0.0261392 0.4277009 0.5586665 0.2117653 0.7953809 0.1515612 0.3282268 0.5424446 0.5907273 0.0614457 0.4539969 0.0569518 0.5991325 0.2215736 0.4775904 0.2541616 0.5821047 0.4941448 0.5524595 0.3786400 0.4327935 0.4995154 0.2071667 0.4938211 0.4205726 0.4760905 0.2668867 0.4214913 0.3713453 0.0331156 0.0745229 0.2871622 -0.4666085 0.0041826 0.0399609 -0.2697487 -0.5400517 -0.2076867 0.2876880 -0.1092255 0.1070353 -0.1932301 -0.1738192 -0.2556830 -0.0872955 0.1419276 -0.3233926 0.0126219 -0.3116831 0.0277325 -0.2673992 -0.2573627 -0.2708022 -0.1426360 -0.3951438 -0.1691757 -0.1383531 -0.2005484 -0.0606399 0.0403779 -0.2160028 -0.1276753 -0.0332997 0.1152606 -0.0218038 -0.1538240 0.0050472 -0.0704009 -0.0648527 0.0332057 -0.0748407 -0.3303797 -0.4196798 -0.3460083 -0.1716344 0.0392452 -0.4381585 -0.1570073 -0.4108907 -0.0693612 -0.0282921 -0.0024466 -0.4646087 0.1179714 -0.4677867 -0.3140789 -0.1337141 -0.2182296 -0.0478089 -0.2272048 -0.0731015 -0.4487817 0.1851392 -0.0875020 -0.1077192 -0.1535742 0.1691757 -0.1394988 -0.1689334 -0.2863397 0.2028435 0.0437093 -0.0210707 0.0662078 -0.4300573 -0.4535159 -0.0880127 0.0717148 -0.2533773 0.1187430 -0.0916468 -0.4448999 0.2258782 -0.1135303 0.0286193 -0.2586833 -0.2959198 -0.3570010 -0.4073762 0.2070504 0.0744679 -0.4801294 -0.1360992 0.1983082 -0.1119059 -0.2246712 -0.2654787 -0.1999271 -0.1031292 -0.2145518 -0.4264365 -0.2652954 -0.1365740 -0.1164126 -0.0721740 0.1708175 0.0857605 0.0689727 0.3612233 0.3444550 0.3470572 0.0864339 0.3268491 0.2442752 -0.3986731 -0.5324277 -0.4414022 -0.2553016 0.2243251 0.3154968 -0.2951527 0.3549140 -0.1321096 -0.3083745 -0.1642579 0.0704683 0.3305936 -0.0879494 0.2098640 0.4041295 -0.0358420 -0.2233548 -0.0658471 0.1296222 0.2190707 -0.0861477 0.1524793 -0.1190639 -0.1591937
-0.0049248 0.0896021 0.4905023 0.6842067 0.6651818 0.6077981 0.3727442 0.8449131 0.1570748 0.6596997 0.8634979 0.2452222 0.7968833 0.0216222 0.0421483 0.0000000 0.7176847 -0.1711382 0.9349323 0.1904358 0.1093599 0.8899912 0.9188551 0.0884280 0.8163239 0.8275799 0.2626424 -0.1314882 0.5423051 -0.1503190 0.8208151 0.3238351 0.2423955 0.2206924 0.8241780 0.4152607 0.6204244 0.7009423 -0.0898955 -0.0977014 0.7265046 0.3397888 0.5102099 0.1877849 0.1029084 0.7091519 0.7536535 0.5674630 0.4998818 0.5923723 0.6527069 -0.0495417 0.4199684 0.3720262 0.5220822 0.6927490 0.6498161 0.6835380 -0.4479628 0.6473255 -0.3029148 0.4369240 0.6543907 0.7324514 0.1016697 0.3710076 0.7283926 0.6538004 0.7778954 0.8075866 0.7994441 0.7457588 0.7435948 0.5928008 0.6002551 0.8422302 0.6724530 0.8409723 0.8087178 0.6938343 0.6349016 0.1651607 0.1334058 -0.5321806 -0.3442273 -0.2485857 0.5593803 0.2381880 -0.2111567 -0.1162421 0.2499809 -0.2644834 -0.0625908 0.2160447 0.2069380 -0.3079462 0.0155203 0.0589550 0.2183590 -0.0157494 0.2918006 -0.0475824 0.1880727 0.4385192 -0.5184755 -0.1371342 -0.0208467 -0.0086831 -0.3658024 -0.5792817 -0.2939028 0.2667438 -0.4144577 -0.7601535 -0.5717263 -0.8035948 -0.7081362 -0.2344521 -0.2664085 -0.1861367 -0.2851566 -0.4359107 -0.2304240 0.4754902 0.0592213 0.2413914 0.4403799 0.3233697 0.0198791 0.5257322 0.3487461 -0.1771214 0.2803492 0.4220405 0.0138975 0.2060806 0.3451945 -0.0574479 -0.0932903 -0.1110911 -0.1838302 -0.1242196 -0.0413439 -0.1049701 -0.0900332 0.4974440 -0.2705860 -0.1773152 -0.5645720 0.1077121 -0.0326712 -0.3001404 -0.3457174 0.0556104 0.0769056 -0.2249745 -0.3134567 -0.2720658 -0.3707360 -0.1589429 0.2503929 0.0405696 0.1253719 -0.3585365 -0.0636054 -0.2992088 0.0349963 -0.5654956 -0.4264481 -0.0713272 -0.2361766 -0.1834328 0.0335095 0.3087348 -0.0254994 0.2497642 0.0506021 -0.1199048 -0.1218771 -0.1484243 -0.4404673 -0.2649871 -0.2729343 -0.5295764 -0.4853600 -0.3532829 -0.5900162 -0.2627518 0.2675705 0.6541778 -0.1205370 0.5022387 0.2357359 0.1803175 0.2004301 0.1799754 0.3802256 0.2061630 0.0788407 0.4038721 0.0941995 -0.4196874 -0.5223455 -0.2031604 0.3297867 0.4467436 0.0387677 -0.3808341 0.2325195 -0.6617147 -0.4261734 0.3638032 0.1458565 0.1038350 -0.0349887 -0.0454453 -0.2916936 -0.3056731
0.2069841 0.0408673 0.5479708 0.6908693 0.5447497 0.5042153 0.1752647 0.7140650 -0.0021524 0.7930700 0.8400286 0.3665082 0.6038014 -0.0732990 -0.1595689 0.7176847 0.0000000 -0.3487832 0.6486729 -0.0523362 0.4566446 0.5995300 0.8080602 -0.1045783 0.5235600 0.5546780 0.5880599 -0.3217085 0.6254085 -0.3097610 0.5759260 0.1170478 0.1594490 0.1482902 0.6600252 0.6760575 0.3381917 0.4481541 -0.0866494 -0.2139053 0.4180508 0.5161478 0.5993689 -0.0381909 0.1024290 0.3899707 0.4681189 0.2847465 0.5184646 0.4959534 0.3624128 0.0516122 0.5687219 0.2517962 0.2236901 0.3692694 0.3438717 0.5681811 -0.3592891 0.4242648 -0.1345379 0.2974745 0.3270621 0.6805563 0.2958668 0.0221699 0.4964516 0.6247156 0.4574792 0.6969565 0.4862947 0.7602804 0.6510099 0.6488652 0.3288591 0.8295816 0.6433397 0.6972544 0.7291248 0.7649179 0.6837208 0.1927735 -0.0287087 -0.6354674 -0.2887237 -0.4059231 0.3800394 0.1151773 -0.3624970 -0.2815348 -0.1143480 -0.1579884 -0.3074644 0.1619260 -0.0456494 -0.2696483 -0.2398195 -0.0939026 -0.0271427 -0.3602286 0.3333705 -0.2797561 -0.0224313 0.5201790 -0.6775499 -0.2871462 -0.1416183 -0.3325021 -0.4499253 -0.3714954 -0.3243818 0.0192859 -0.6573103 -0.5723667 -0.4067747 -0.5487627 -0.3929987 -0.1478793 -0.2011741 -0.0711305 -0.1548268 -0.1576895 -0.3369802 0.5583103 0.0508083 0.4116907 0.3455541 0.2933330 0.1771633 0.2411533 0.1451907 0.0394950 0.1206983 0.2234643 0.3613434 0.1705856 0.0874485 0.0609265 -0.0246723 -0.0099707 -0.0516365 -0.0650791 0.3011257 0.0043573 -0.0602597 0.0916243 -0.1607171 -0.1095112 -0.3358193 0.1546565 0.0458100 -0.1011053 -0.2743523 0.2018762 0.2104325 -0.1606574 -0.0336798 -0.1450358 -0.0383531 0.0013602 0.2679877 0.0991918 0.2254280 -0.1734677 -0.0000822 -0.0737880 0.0714037 -0.4215327 -0.3614854 0.0072255 -0.2317826 -0.2238746 0.3845988 0.5361064 0.3382927 0.6328827 0.3933680 0.1054839 0.2892843 0.1864153 -0.2537576 -0.1220963 -0.1191873 -0.5316813 -0.5250952 -0.1593488 -0.6134788 -0.2151992 0.3691373 0.6532773 0.0362094 0.5321906 0.3564822 0.5074675 0.4931279 0.5190399 0.4522899 0.3599816 0.2539044 0.3992357 -0.0246013 -0.3451779 -0.2804993 -0.0281086 0.0263813 0.4736577 0.0381951 -0.2141841 0.0974644 -0.4125972 -0.0962933 0.4809563 0.3043921 0.4214266 0.2518569 0.0964914 0.0264786 -0.1862902
