0.0000000 0.6587101 0.6645717 0.7562465 0.5565695 0.6094151 0.1563048 0.5527591 0.5220398 0.4362275 0.4661148 0.3148787 0.5420979 0.4172790 0.2667870 -0.1106017 0.1434349 0.6835027 -0.1795286 0.3116974 0.3181871 0.4700386 0.0191689 0.3986581 -0.0174928 -0.0752320 0.4410742 0.2733726 0.4367535 0.2180448 0.3194881 0.0434150 0.1961259 0.2297947 -0.0786089 -0.2051721 -0.1379212 0.2347822 0.2101232 -0.0293128 0.2685856 -0.0677921 -0.0530530 0.0387990 0.5445678 0.1710305 -0.0890740 0.4046613 0.1894792 0.3306894 -0.2037331 -0.1394356 0.5373082 0.0142986 0.4039591 0.3294825 -0.0549369 0.1302563 0.0680984 -0.2184176 0.5178281 -0.1243724 0.5810685 0.3568184 0.6299222 0.3665482 -0.0720496 0.0385533 0.4921757 0.3102539 0.1317474 0.4387575 -0.0142602 0.7059141 0.5958293 0.0683093 0.1330580 -0.1062028 -0.2787168 -0.1730606 -0.1092427 -0.1292194 0.1137267 -0.2408293 -0.1906208 -0.0100467 0.1252549 -0.1625134 -0.0352353 0.0595053 0.4320035 0.3742347 0.3999408 -0.3930601 0.2713613 0.4366700 0.5420064 0.2475754 0.1083361 -0.4856049 0.1011499 0.1531918 0.2742385 -0.4494651 0.4901260 0.3143821 0.1754802 0.2567487 0.4946322 0.3142710 0.3801935 0.2611953 0.2719439 0.3875820 0.5030362 0.3188777 0.5452022 0.6088550 0.2439686 0.4126684 0.4114640 0.4903551 0.5219198 -0.3363547 0.0114399 -0.2506777 0.3436141 0.4864465 -0.1320352 0.3111814 -0.0815880 0.4747909 0.3205335 -0.3429005 0.3336183 0.4507834 0.0024573 -0.0617904 0.0995475 -0.1936501 0.3700465 -0.0849822 0.6214746 -0.0948767 -0.1470318 0.0740018 0.0944225 0.2223342 0.5486842 0.1236915 0.0019563 0.0371506 0.0281433 0.4290398 0.4395442 0.2133161 0.5491120 0.2792561 0.5751699 0.3891810 0.5487259 0.2983470 0.4675218 0.4950281 0.4530638 0.4663397 0.4525227 0.5050301 0.4763569 0.4574083 0.5127193 0.4634915 0.1190512 -0.3205442 -0.0995280 0.2734612 0.3493072 0.4681426 0.3215190 0.0792732 0.3767151 -0.4033154 -0.3871827 -0.5410380 -0.0562772 0.6202899 0.1909711 0.2196977 0.3907844 0.3365595 0.1700291 0.2673709 0.3102010 0.0926881 -0.0896603 0.0136066 -0.2479848 0.2480139 -0.0470699 -0.2936775 0.0021441 -0.3071783 0.0977092 -0.3336140 0.3557475 -0.0354804 -0.2421629 -0.1069834 0.1069831 0.0259303 0.2128682 -0.3061019 0.3462299 0.2978471 -0.1114770 -0.1422709 0.3699158 0.1328573
0.6587101 0.0000000 0.4627816 0.6746644 0.4337095 0.7752374 -0.0157213 0.5531615 0.3765368 0.5375144 0.5082748 0.2367009 0.4208705 0.5259160 0.0062865 0.1869045 0.4534526 0.4900233 0.0019801 0.2648585 0.4580324 0.3962569 0.2521336 0.1087476 0.0933584 -0.0114948 0.4745702 0.1884984 0.4639477 0.3058331 0.2846519 0.3049856 -0.1494951 -0.1590419 0.1109877 0.2991325 0.1704044 0.4008900 0.4549999 0.1763665 0.2833765 0.3000319 0.2210555 0.1410077 0.4604017 0.3671290 -0.2326628 0.3436057 -0.0211474 0.5325777 -0.2557047 0.0170254 0.2189855 0.2898104 0.3928939 0.4661152 -0.0595743 0.3550611 0.1588900 -0.1503303 0.5025958 -0.0890644 0.5121783 0.2888157 0.1838531 0.2669338 -0.0075567 0.2516363 0.3740617 0.4315784 0.1200116 0.2905300 0.0647922 0.5370840 0.5742491 0.4340111 0.3061167 0.0708753 -0.1567162 -0.0603974 -0.1152136 -0.3362697 -0.1145899 -0.2884954 -0.3280889 -0.1749033 -0.2304641 -0.2091631 -0.1781322 -0.0797103 0.1100739 -0.0356706 0.0240984 -0.2664252 -0.1103377 0.0692052 0.0707289 -0.0759682 -0.1706663 -0.3448341 -0.1055366 -0.1672181 0.0348452 -0.6519099 0.1761049 0.1039411 -0.0514792 0.1800486 0.1333381 0.1689328 0.2618784 -0.0123028 0.2609920 0.2324664 0.2434166 0.1862174 0.3215354 0.3335017 0.2252234 0.1511398 0.2768574 0.3398976 -0.0760170 -0.2698538 0.0753776 0.0256476 0.3612477 -0.0450641 0.0561441 0.4445989 0.1034056 -0.0405978 0.2536331 -0.4368039 0.0119617 -0.0753124 0.0288340 0.0191641 0.0672650 0.0141389 0.0056541 0.0147714 0.3018208 -0.0709836 -0.1319325 -0.1302865 0.0424662 0.0863959 0.1320396 0.2551448 0.2250576 -0.0201895 0.0770666 -0.0129425 0.2220890 0.2530937 0.2726164 0.1795339 0.2497094 0.3273215 0.3745954 0.2561114 0.2914020 0.2361103 0.3011227 0.2828938 0.1315596 0.1064957 0.0809572 0.1505266 0.2233373 0.1378650 0.4197780 -0.1032294 0.2382817 0.2089427 0.3754667 0.2778290 0.6364865 0.4621845 0.5715473 -0.0001179 0.0021386 -0.2812234 -0.2109876 0.5840645 0.0135915 0.3225353 0.4409091 0.2642538 0.1785432 0.1286604 0.0706297 0.2677401 0.1586390 0.1928260 -0.1883088 0.0642763 -0.0773233 -0.0628715 -0.0437409 -0.1877384 -0.2200578 -0.5533165 -0.0831411 -0.2257589 -0.1995764 -0.1144271 0.0804813 0.0666221 -0.1242745 -0.1456572 -0.0748682 -0.0898354 -0.2139752 0.0320063 0.1988497 -0.0654085
0.6645717 0.4627816 0.0000000 0.7543409 0.9315966 0.6584248 -0.1108078 0.7669077 0.4389582 0.6054360 0.6209610 0.2514155 0.8137662 0.5994450 -0.1156507 0.0380821 0.2880409 0.7147483 -0.1313979 0.4496016 0.5561956 0.5251359 0.1046834 0.2733132 0.0277339 0.0280511 0.0710862 0.3218718 0.2380186 0.2674375 0.3023724 0.1750246 -0.0250050 0.0076469 0.0232066 -0.0981147 -0.0577694 0.1667366 0.4042238 0.1171074 0.2954898 -0.0241216 0.0173100 0.1626791 0.5199812 -0.0363329 -0.3750557 0.3098163 0.1351931 0.1381094 -0.4344400 -0.1677312 0.4884359 0.0840060 0.1743037 0.0494680 -0.1604797 0.3190550 -0.3155366 -0.4278015 0.5679636 -0.4059978 0.4127771 0.5164851 0.4595279 0.1148106 -0.2753262 -0.1207917 0.3207231 0.4876802 -0.0502777 0.6172060 -0.2236734 0.5507865 0.3348464 0.0330036 0.2077441 -0.0843086 -0.4586427 -0.3227805 -0.2463634 0.1415272 0.3715242 -0.1677550 -0.1226187 0.1983740 0.2418244 -0.1772951 0.1271005 0.2021501 0.6581484 0.6596076 0.5942118 -0.4831921 0.3945894 0.7150704 0.7365056 0.4463324 0.2512065 -0.5960363 0.2525590 0.4369036 0.5332474 -0.5341031 0.8175501 0.6542109 0.4424515 0.5037264 0.7517764 0.4294348 0.6979581 0.4218446 0.4335144 0.5402620 0.5258976 0.4188962 0.5197474 0.5032163 0.3170187 0.3723100 0.4587383 0.5461692 0.5733276 -0.2295057 0.1153139 -0.0683697 0.5482546 0.6576788 -0.0039072 0.5521278 0.1846983 0.5778758 0.5849442 -0.5400272 0.5308433 0.5853664 0.2204519 0.1609544 0.3696664 0.1289335 0.6161568 0.3021102 0.8469413 0.1992106 0.0136481 0.3063455 0.4566562 0.5966651 0.7947310 0.5930501 0.4156934 0.2765212 0.4696335 0.6461464 0.8002107 0.4320594 0.7221510 0.7170562 0.6463118 0.7340077 0.8619970 0.8124922 0.7367582 0.7279967 0.8601354 0.7638604 0.7593397 0.5627285 0.5429704 0.7897783 0.6701920 0.5029198 -0.0014397 -0.5886645 -0.2248594 0.2599432 0.5046869 0.1959848 0.5394944 0.0445922 0.3172862 -0.3451621 -0.4622921 -0.5763322 -0.4272042 0.4112447 -0.1525723 -0.2063818 0.1589592 0.2502132 0.2749248 0.1618934 0.2577003 0.3940174 0.0591682 0.2363514 -0.1258360 0.1621347 -0.1605404 -0.1446516 -0.1101232 -0.3442396 0.3376516 -0.0782861 0.1553835 -0.1518482 -0.1432124 -0.3095097 -0.1438413 -0.0942463 0.1611196 -0.1916099 0.0895117 0.1261927 -0.0599598 -0.5547460 0.2027855 0.1539771
0.7562465 0.6746644 0.7543409 0.0000000 0.6871660 0.8076726 -0.2250570 0.8001955 0.6016868 0.8469183 0.8319250 0.4462947 0.6234511 0.7850863 0.0861394 0.2840150 0.5582661 0.7538256 0.1043319 0.1515532 0.6095618 0.5432218 0.4267387 0.3700616 0.2991908 0.2714587 0.4685216 0.4497389 0.3722874 0.5511981 0.3273033 0.4412179 0.0997210 0.0943670 0.3435952 -0.1902603 0.2029294 0.4995118 0.5529897 0.2883043 0.4127901 -0.1836148 0.3719614 0.3222953 0.3375670 0.3336639 -0.0949394 0.3820840 0.3151585 0.5256924 -0.0934200 0.1059359 0.5681303 0.3613280 0.2872245 0.2696630 -0.1830099 0.5267734 -0.4132975 -0.0821132 0.3212923 0.0080128 0.4697185 0.7181998 0.5630103 0.0952845 0.0469040 0.2740232 0.2130158 0.7614996 0.1973762 0.7534176 0.1748545 0.8207687 0.5986637 0.4763438 0.5872852 0.2872875 -0.1047898 0.1530556 0.0324009 -0.3340412 -0.0874670 -0.5375201 -0.4996921 -0.2337287 -0.0404380 -0.4901879 -0.2571924 -0.1601036 0.4212200 0.3367482 0.2479294 -0.6659200 0.1050756 0.4030043 0.4323175 0.0045567 0.0372648 -0.7164021 0.0267906 -0.1050975 -0.0025654 -0.7065998 0.5433731 0.3869157 -0.0971064 0.1085600 0.3554196 0.0862828 0.5367896 0.0535061 0.2360323 0.3006168 0.3386438 0.1603679 0.3655239 0.4129003 0.0993356 0.2234629 0.3412383 0.3673404 0.3496602 -0.2618931 -0.0270773 -0.0826412 0.3371611 0.3313580 -0.0828020 0.4463645 0.0732545 0.3577940 0.2778939 -0.3093391 0.3297047 0.2562111 0.0513674 0.0550719 0.2079293 0.2095177 0.3570875 0.2078863 0.5772776 0.3011141 -0.0530898 0.0620905 0.2016678 0.3414327 0.5412009 0.4259042 0.3790869 0.3570202 0.1675815 0.4077943 0.4576151 0.5684791 0.5241215 0.3473535 0.4544468 0.6973870 0.5745400 0.4452218 0.6586254 0.5634839 0.4937687 0.6319138 0.4963725 0.4501709 0.3471460 0.4700007 0.5660437 0.4194376 0.0616238 -0.3133635 -0.1274537 0.3999732 0.6648575 0.4040160 0.5789155 0.0191837 0.3211403 -0.4662583 -0.5627732 -0.7323822 -0.5638894 0.3365976 -0.1536642 0.0462931 0.6018455 0.6023811 0.1220362 0.5065187 0.5174009 0.4485998 0.1339790 0.2656180 -0.1316978 0.4601503 0.1892506 -0.1757499 0.0103487 -0.2122387 0.0005161 -0.3041154 -0.0530801 -0.2123668 -0.1341278 0.0283163 0.0660527 0.2495988 0.1056215 0.0718789 0.0375612 0.3849284 0.2433143 -0.4122557 0.2411246 0.0915528
0.5565695 0.4337095 0.9315966 0.6871660 0.0000000 0.6418653 -0.3448494 0.8899782 0.1757287 0.6177143 0.7304889 -0.0363541 0.9376322 0.6715571 -0.3477535 0.2982222 0.4896958 0.5885292 0.1139025 0.6205437 0.3603661 0.6375474 0.3101670 0.0274121 0.2284021 0.1893263 0.0317066 0.2727398 0.0570360 0.3499431 0.4991310 0.2395088 -0.2346482 -0.2299140 0.1130366 0.0567710 -0.0173643 0.2183005 0.5311619 0.2263050 0.3801846 0.1394576 0.2137503 0.0843601 0.5852396 0.0792359 -0.1304112 0.3563278 -0.0591386 0.1490166 -0.2138691 0.0747482 0.2810675 0.2247762 0.2257815 0.1714560 0.0581395 0.3251832 -0.2811860 -0.2385667 0.6401233 -0.1770133 0.4224628 0.3765868 0.3911604 0.1900628 -0.0644247 0.1138138 0.4224689 0.4995618 0.0956571 0.5039163 -0.0159435 0.4301717 0.3202236 0.1231058 0.1401227 -0.1226756 -0.5144377 -0.4037034 -0.3844513 0.3136630 0.5094264 0.0284579 0.0732381 0.3751945 0.3651638 -0.0388122 0.2926406 0.3444276 0.7207314 0.6853086 0.6743480 -0.2991362 0.4368930 0.7188351 0.7171050 0.5587673 0.3476234 -0.4038474 0.3875417 0.5430628 0.6246057 -0.3811143 0.8144955 0.7176145 0.5423498 0.6365903 0.7545885 0.4872519 0.7355162 0.5026167 0.5112646 0.5954723 0.5642011 0.4839149 0.5349338 0.4501206 0.3686654 0.3877577 0.5319785 0.5835967 0.4432534 -0.1734840 0.2629365 0.0434907 0.6096661 0.5821663 0.1274910 0.6038704 0.3645589 0.5236862 0.6655568 -0.5017318 0.4885604 0.5269960 0.3482078 0.2832644 0.4696813 0.1484378 0.6330748 0.3805389 0.6771529 0.1431017 0.1385878 0.2861215 0.5648816 0.6569663 0.7288508 0.5795760 0.3946092 0.2291542 0.5629762 0.6132626 0.7535120 0.2448753 0.5817952 0.7729744 0.5071776 0.5855252 0.8306564 0.7935899 0.5503786 0.5815507 0.8627866 0.6407459 0.6886599 0.4719444 0.4329316 0.7153409 0.6399177 0.4400944 0.1450054 -0.5124894 -0.2666219 0.0560651 0.3259641 0.0008650 0.4929190 0.1375113 0.3660862 -0.1687836 -0.2843888 -0.4002166 -0.5138168 0.4234062 -0.3482157 -0.3980760 0.0653193 0.2394728 0.3610552 0.0442256 0.1270156 0.5147233 0.1784794 0.3877682 -0.0872344 -0.0361560 -0.3105902 -0.0370061 -0.2223917 -0.3773107 0.2315113 -0.1762748 -0.0417538 -0.2126613 -0.0363649 -0.4826859 -0.2773696 -0.1606591 0.0312919 -0.2380933 -0.0946170 -0.0337096 -0.1607245 -0.6332077 0.0198033 0.0040864
0.6094151 0.7752374 0.6584248 0.8076726 0.6418653 0.0000000 -0.1007815 0.7738801 0.5618515 0.8560593 0.8088527 0.3372633 0.6096008 0.7860119 -0.0682103 0.3894647 0.6425834 0.6979709 0.1519313 0.2928998 0.5916489 0.4730195 0.4891869 0.2760425 0.2522898 0.2500453 0.4350817 0.4754276 0.5287407 0.5077355 0.3903496 0.4565657 0.0219856 0.0024892 0.3506247 0.1385119 0.2419335 0.4488802 0.7684525 0.5491641 0.3998029 0.1584690 0.5004913 0.5196910 0.5715186 0.3288243 -0.1567872 0.3849125 0.3203416 0.4821744 -0.1029897 0.3022773 0.5299052 0.6294005 0.3996308 0.3466550 -0.1073998 0.7488596 -0.1306152 -0.0746390 0.5007580 0.0022056 0.4016108 0.6902296 0.4709860 0.1009608 -0.0425575 0.3796244 0.2772834 0.6750937 0.0429314 0.6275377 -0.0521445 0.7279760 0.4673948 0.4515027 0.4112374 0.1328468 -0.1081762 0.1154786 -0.0889689 -0.1777413 -0.0313642 -0.2996923 -0.3394526 -0.0941273 -0.0678831 -0.2238504 -0.1085836 -0.0611962 0.3761516 0.2367714 0.1619322 -0.3707296 0.0950371 0.3278770 0.3279666 0.0107847 -0.0041812 -0.4555149 0.0788097 -0.0405274 0.1036881 -0.5298770 0.4075044 0.3059110 -0.0025085 0.1902554 0.3820070 -0.0295683 0.3766674 0.0649722 0.2259183 0.1927449 0.2623636 0.1484855 0.3631244 0.3868993 0.0898954 0.2961554 0.4290742 0.4131781 0.0038883 -0.1149138 0.1027479 -0.1768758 0.4304646 0.1002521 -0.0888976 0.5597904 0.0865025 0.1515506 0.3493645 -0.5407337 0.0518247 0.0070451 -0.0470646 -0.0602365 0.0416468 -0.0505020 0.0823857 0.0096210 0.4341214 -0.0995824 -0.2827532 -0.2504694 0.0757937 0.1381375 0.3449534 0.2863992 0.2273462 0.1301823 0.1801072 0.1182163 0.3367158 0.3631527 0.4638051 0.3173718 0.3756197 0.5330221 0.6040899 0.4407365 0.4329222 0.5131059 0.5151046 0.4690718 0.3737256 0.3191631 0.2897832 0.4177344 0.4602345 0.3439401 0.2207011 -0.2047811 0.1286891 0.3155724 0.5119785 0.2402967 0.6073723 0.2170211 0.4088486 -0.1609688 -0.1928789 -0.4295516 -0.3076438 0.5090837 0.0264526 0.2163611 0.4772881 0.3890449 0.1929317 0.2726617 0.2909956 0.2317205 -0.0390982 0.0263011 -0.2906883 0.2817145 0.0890095 -0.2769325 0.1032711 -0.1864720 -0.1499311 -0.6338267 -0.1585024 -0.1065663 -0.3994698 -0.1159366 0.0149996 0.0257055 -0.3501569 -0.1767887 -0.0144784 0.0674340 -0.0763045 -0.3201944 -0.0729880 -0.0655436
0.1563048 -0.0157213 -0.1108078 -0.2250570 -0.3448494 -0.1007815 0.0000000 -0.5109168 0.4096541 -0.4399087 -0.5402167 0.5666348 -0.4686729 -0.5050313 0.3757820 -0.5736418 -0.7005016 0.1826234 -0.4599511 -0.4239309 0.2402091 -0.4161295 -0.5479816 0.5414593 -0.4057948 -0.2790428 -0.1099025 0.0042664 0.3471372 -0.3962368 -0.4734425 -0.2109752 0.5031231 0.5590315 -0.2876835 -0.1000915 -0.0409240 -0.2193482 -0.4460358 -0.2984304 -0.3241102 -0.1314647 -0.5991521 -0.0077382 -0.0545168 -0.1877094 -0.2470785 -0.1385932 0.3162319 -0.1997738 -0.2592419 -0.5553782 0.3716326 -0.4127530 -0.1073116 -0.1887069 -0.1388503 -0.2267057 0.3490774 -0.2335482 -0.0264416 -0.4512154 0.0776172 -0.0178062 0.1671688 0.0140215 -0.3660650 -0.4975173 -0.0210216 -0.4178982 -0.3180190 -0.0147574 -0.5284836 0.1788192 -0.0624020 -0.3533662 -0.1929032 -0.1572389 0.1472278 0.0836119 0.1697463 -0.2301019 -0.2905258 -0.0902425 -0.1532600 -0.2214377 -0.2418633 0.0295903 -0.2053661 -0.2279880 -0.4009583 -0.3201365 -0.4181394 0.0123523 -0.1487409 -0.2516523 -0.1736494 -0.3056251 -0.2875422 0.0172508 -0.2401122 -0.2365757 -0.0815059 -0.0231275 -0.3823680 -0.4598017 -0.2160846 -0.3195985 -0.1603155 -0.3470681 -0.5292158 -0.3558786 -0.3800638 -0.4561596 -0.3338561 -0.3876019 -0.2495299 -0.0574758 -0.3339608 -0.1054496 -0.2821817 -0.2549116 0.0720978 0.0266272 -0.4451373 -0.5395613 -0.2543662 0.0112737 -0.5023944 -0.2769811 -0.6976763 -0.0455259 -0.2945427 -0.1362892 -0.3350215 -0.0859362 -0.6004105 -0.6612065 -0.6549252 -0.6032745 -0.4162638 -0.7424505 0.0519544 -0.3977947 -0.5926772 -0.3469626 -0.6553744 -0.5774685 -0.1535335 -0.5457589 -0.5249893 -0.3661652 -0.6078305 -0.2789347 -0.1398719 -0.1314898 0.2309220 -0.4470200 0.2671870 -0.1159367 -0.0438740 -0.3244518 -0.0698170 0.1921506 -0.2055773 -0.1843269 -0.1723977 0.1479774 0.2987706 -0.0029539 -0.0850250 0.1660130 0.0327360 -0.0165606 0.4639924 0.4549862 0.1909443 0.5260808 -0.0185727 0.0313806 0.1008025 0.0343744 0.0151912 0.1060353 0.5912750 0.2240356 0.5974772 0.5785548 0.0664172 -0.1283657 -0.3348039 0.0757631 0.1285111 -0.6378578 -0.6413258 -0.6696507 -0.2886132 0.2972301 0.1572135 -0.4377466 0.0671301 -0.0585644 -0.0325393 -0.0209102 0.3679243 0.2855315 -0.4713771 0.1875516 -0.0049074 -0.2755866 -0.1445716 -0.3033708 0.3177973 0.1176365 -0.1488040 0.2158223 -0.0336226 -0.0465824
0.5527591 0.5531615 0.7669077 0.8001955 0.8899782 0.7738801 -0.5109168 0.0000000 0.1599683 0.7918888 0.9310319 -0.0368052 0.9146741 0.8091815 -0.3767783 0.5802803 0.7554297 0.5332961 0.3850570 0.5523441 0.3634781 0.7270898 0.6022915 -0.0854195 0.4850635 0.4335415 0.2201964 0.2646596 0.0750622 0.5051399 0.6532610 0.4676178 -0.3248310 -0.3547920 0.3616672 0.1524965 0.1925864 0.4684023 0.7024249 0.3971178 0.5285323 0.2062256 0.5339599 0.1871049 0.5692958 0.3720238 0.1147265 0.4545143 -0.0487046 0.4109735 0.0704634 0.3624320 0.2203843 0.5065014 0.3700760 0.3823828 0.1724751 0.5117376 -0.2728287 0.0346228 0.5897991 0.1618209 0.4394435 0.4819606 0.3867015 0.2437994 0.1965851 0.4505894 0.4218366 0.7316996 0.2958640 0.5853922 0.2633437 0.5560195 0.4563728 0.4718206 0.3774553 0.0629512 -0.3356001 -0.1827149 -0.3123664 0.1028250 0.3114730 -0.0820156 -0.0702286 0.2004593 0.2614006 -0.1358336 0.1430881 0.1868900 0.6599205 0.5500535 0.5054186 -0.2816124 0.2971462 0.5765777 0.5814587 0.3429733 0.2884248 -0.3692345 0.3359663 0.2877297 0.3804443 -0.4153310 0.6991625 0.6208184 0.2830211 0.5410902 0.5705853 0.3178634 0.6883301 0.3452534 0.4948208 0.5319001 0.5259866 0.4110526 0.5077758 0.4157419 0.2811944 0.3078384 0.5528440 0.5741354 0.2620515 -0.1492336 0.2213685 0.0162992 0.6258286 0.3738871 0.0649892 0.6724226 0.3553060 0.4121941 0.6021336 -0.4021353 0.2974500 0.2758154 0.2446555 0.2171602 0.3654017 0.1697743 0.4346677 0.3271784 0.4805539 0.1083928 0.0406456 0.0440068 0.4199909 0.4841975 0.5846016 0.5024655 0.3865577 0.1983688 0.4300654 0.4405676 0.5630027 0.2432028 0.4811123 0.5857594 0.4091060 0.5348069 0.7106216 0.6273907 0.4419919 0.4928783 0.7124770 0.5231166 0.5470449 0.4289788 0.3489588 0.5596569 0.6367579 0.4501427 0.2301115 -0.3534087 -0.2080475 0.0355679 0.3359456 -0.0311744 0.5363117 0.2105560 0.4206825 -0.1159795 -0.2085368 -0.3944993 -0.5969029 0.4190716 -0.3833162 -0.3191562 0.2850898 0.4585942 0.2808179 0.1642529 0.1939285 0.5710505 0.2010087 0.3961692 -0.1677243 0.0269786 -0.2025194 -0.0898248 -0.1668104 -0.3049684 -0.0020565 -0.4190432 -0.2705542 -0.3207215 -0.0868194 -0.3969086 -0.1873685 -0.0237132 -0.1311396 -0.1605148 -0.2292468 0.0092505 -0.0620603 -0.6132760 -0.0318828 -0.1006070
0.5220398 0.3765368 0.4389582 0.6016868 0.1757287 0.5618515 0.4096541 0.1599683 0.0000000 0.5258022 0.2894814 0.8113404 0.0358494 0.3482435 0.6002492 -0.1531320 0.0217812 0.6397871 -0.2336222 -0.2739248 0.6402335 0.0294147 0.0537682 0.8402260 -0.0726443 0.0517327 0.5215943 0.5372980 0.6213596 0.2761918 -0.1432746 0.2508153 0.6549478 0.6879580 0.2736839 -0.4122948 0.2046043 0.2147471 0.1943272 0.1531565 0.0539295 -0.4472920 0.0680173 0.4746224 0.1147864 0.0325039 -0.3469641 0.0572757 0.7156775 0.2102065 -0.2295564 -0.1871614 0.8226184 0.0887310 0.0152204 -0.1114895 -0.4188484 0.3671051 -0.2841748 -0.1229238 -0.0318299 -0.2783087 0.2092196 0.7006985 0.5955899 -0.1028044 -0.2277420 -0.1337303 -0.0974573 0.3102295 -0.1246387 0.6087666 -0.3147346 0.7231333 0.3249246 0.1112221 0.4206299 0.2494951 0.1165279 0.3942167 0.2623426 -0.4669460 -0.3707644 -0.5896149 -0.6191330 -0.4208469 -0.2008019 -0.4146140 -0.3967843 -0.3643140 0.1112421 0.1126269 -0.1159104 -0.6274236 0.0595804 0.2053634 0.2119977 -0.3170654 -0.1034768 -0.6723221 -0.2807891 -0.3453102 -0.2294586 -0.5537087 0.2002160 0.0389749 -0.3544350 -0.3404106 0.0903921 -0.3517732 0.0888766 -0.3242361 -0.2870885 -0.2122608 -0.1197351 -0.2699717 -0.0147024 0.1162570 -0.2747860 -0.0141412 -0.0898085 -0.0362590 0.2824430 -0.2615581 -0.3980533 -0.3260122 -0.0999459 0.2552457 -0.3515518 -0.0223996 -0.4374973 0.2951215 -0.1929206 -0.2395805 0.1962783 0.1391217 -0.4132491 -0.3390455 -0.2665316 -0.1020995 0.0575806 -0.2140293 0.5236683 0.1550887 -0.3678333 -0.1077828 -0.2680730 -0.1250983 0.3414764 0.0203886 0.0144619 0.2688847 -0.2166824 0.1944111 0.1833033 0.5839886 0.4684306 -0.0405888 0.4503415 0.5106296 0.3383429 0.1136535 0.5737796 0.5044610 0.1815934 0.4490062 0.2863925 0.4040981 0.3147273 0.2767895 0.3385028 0.3235608 -0.2770019 -0.2785241 -0.0166195 0.5847776 0.6281971 0.5951521 0.2820663 -0.2454965 -0.0045649 -0.5581966 -0.5799921 -0.6519232 -0.1248131 0.1923829 0.2671034 0.4117626 0.5140211 0.3393166 -0.2253851 0.4937087 0.5408710 -0.1246663 -0.2636316 -0.2548909 -0.1589491 0.7105623 0.4627933 -0.3658457 0.4516174 0.0869870 0.1288305 -0.1481909 0.2970971 0.0514267 -0.3662980 0.3864677 0.4210114 0.2304990 0.0734757 0.0371445 0.3829572 0.4879161 0.2781526 -0.1027738 0.1138262 0.0724896
0.4362275 0.5375144 0.6054360 0.8469183 0.6177143 0.8560593 -0.4399087 0.7918888 0.5258022 0.0000000 0.9007102 0.2726657 0.6011967 0.9024273 -0.0056090 0.4802757 0.7548846 0.6089275 0.2493679 0.1825264 0.4999009 0.4516416 0.6133402 0.2723619 0.3515670 0.3536491 0.4577596 0.6015607 0.3954458 0.6648466 0.3920447 0.4889902 0.0917640 0.0387680 0.5039695 -0.0946627 0.2806317 0.4649992 0.8217637 0.6614843 0.4191417 -0.0884855 0.6733981 0.6258317 0.3713356 0.2992410 -0.0532386 0.2867419 0.4243207 0.4769277 0.0354923 0.4536884 0.5134578 0.7032389 0.2701083 0.2285280 -0.1731732 0.8065365 -0.4656222 0.0564326 0.2366216 0.1674250 0.2850109 0.8000029 0.5165770 -0.0739285 0.0683584 0.4616942 0.0624129 0.8166722 0.0783935 0.7090347 0.1275727 0.6884203 0.3801826 0.5311589 0.6066768 0.2932448 -0.0341946 0.3028711 0.0164069 -0.1643858 -0.0418428 -0.3985367 -0.4084705 -0.1513258 -0.0338174 -0.3484852 -0.1566304 -0.1093501 0.4479716 0.3210296 0.2318770 -0.4921548 0.1104492 0.3765837 0.3572544 -0.0261911 0.0846009 -0.5377598 0.0712480 -0.1024794 -0.0407319 -0.5039829 0.4899890 0.3718022 -0.0984186 0.0782956 0.2925816 -0.0704857 0.4703003 0.0418673 0.1794886 0.2184578 0.2359611 0.1321338 0.2932167 0.2806903 0.0575467 0.2094210 0.3440220 0.3126767 0.0914448 -0.1288846 0.0851925 -0.0358640 0.2875046 0.1591960 -0.0069114 0.4357992 0.1863940 0.2422977 0.2161102 -0.2654469 0.2358062 0.1022609 0.0924891 0.1088468 0.2334973 0.2202986 0.2726814 0.2648916 0.3914507 0.2593953 -0.0302907 -0.0398848 0.2379149 0.3214230 0.4345365 0.3940761 0.3608418 0.4409873 0.2662128 0.3141003 0.3017514 0.5660576 0.3836661 0.3640110 0.2900739 0.6557674 0.4923777 0.4058676 0.5719421 0.4823094 0.4444491 0.6095431 0.4818511 0.3519731 0.2141242 0.4043982 0.5163358 0.3212310 0.0257775 -0.1705777 -0.1617950 0.2426407 0.5070243 0.1632094 0.4702022 -0.0418998 0.1895136 -0.3680802 -0.4215503 -0.5914974 -0.6016112 0.2104158 -0.2465120 -0.0582007 0.5567539 0.5503897 0.1391248 0.4715321 0.4654527 0.4186617 0.1399575 0.2197903 -0.1212106 0.4217224 0.2855771 -0.1535801 0.2457471 0.0290557 0.0230124 -0.4211811 -0.2097692 -0.1738984 -0.1816798 0.0546046 0.1610897 0.3504335 -0.1208966 0.1057766 0.0025640 0.3073492 0.2533459 -0.4240231 0.0095203 0.0519250
0.4661148 0.5082748 0.6209610 0.8319250 0.7304889 0.8088527 -0.5402167 0.9310319 0.2894814 0.9007102 0.0000000 0.0818088 0.7373095 0.8742857 -0.2634927 0.6794048 0.8470403 0.5649925 0.4647059 0.3734295 0.3704427 0.6105705 0.7474593 0.0592931 0.5688709 0.5425974 0.4009602 0.3984966 0.1042504 0.6536745 0.5582860 0.5519674 -0.1425225 -0.1851939 0.5114164 0.0015707 0.2624207 0.5162468 0.7946763 0.5499123 0.4894738 0.0044105 0.7178525 0.3662438 0.3883821 0.4119235 0.1984059 0.3626007 0.1682956 0.4450897 0.2431471 0.5411556 0.3345112 0.6696190 0.2670727 0.2967408 0.0410975 0.6419799 -0.4287847 0.2025029 0.3319546 0.3432526 0.2774821 0.6101954 0.4384638 0.0615364 0.2940758 0.5784797 0.2027505 0.7739004 0.3097143 0.6273409 0.3258824 0.5999948 0.4109570 0.5497882 0.4717837 0.2190747 -0.1435931 0.1002673 -0.1415914 -0.0458091 0.0927383 -0.2297448 -0.2112592 0.0384594 0.1666645 -0.2445964 0.0114730 0.0428099 0.5591158 0.4258718 0.3265621 -0.3778393 0.2201838 0.4629077 0.4375687 0.1387912 0.2278341 -0.4373359 0.2762059 0.0684053 0.1114957 -0.3925113 0.5634330 0.5205577 0.0400905 0.2663532 0.4164653 0.0575353 0.5838627 0.1671141 0.2837492 0.3078694 0.3421039 0.2069044 0.3619996 0.3005889 0.0939327 0.2438327 0.4481444 0.4225812 0.1368758 -0.0854378 0.1661298 -0.0059008 0.4507669 0.2176007 0.0210670 0.5671535 0.2879558 0.2970422 0.4326727 -0.2872363 0.2279351 0.1379684 0.1596941 0.1662090 0.2714973 0.1942857 0.3149643 0.2865686 0.3374304 0.1601382 0.0035443 -0.0505047 0.3151429 0.3671746 0.4406528 0.4126636 0.3484450 0.3056225 0.3232836 0.3072827 0.4157491 0.3248950 0.3290576 0.4232961 0.2417218 0.4746089 0.5696376 0.4635411 0.3754384 0.3860332 0.5307219 0.4507361 0.3930180 0.3227461 0.2053098 0.3845529 0.5185569 0.3397164 0.1362363 -0.2109618 -0.1784784 0.1396103 0.4073596 0.0572302 0.4402167 0.0371052 0.2356713 -0.2507172 -0.3156399 -0.4859473 -0.6288439 0.2331617 -0.3498373 -0.1946034 0.3894300 0.5120674 0.1877514 0.3097125 0.3401641 0.4959302 0.1777026 0.3410229 -0.1109847 0.2280154 0.0330646 -0.1030316 0.0121536 -0.2407380 -0.1753802 -0.4663686 -0.3414207 -0.2390816 -0.0942615 -0.1635857 -0.0451442 0.1004286 -0.2282969 0.0187215 -0.1960499 0.1549653 0.1374769 -0.5393570 -0.1396915 -0.1440055
0.3148787 0.2367009 0.2514155 0.4462947 -0.0363541 0.3372633 0.5666348 -0.0368052 0.8113404 0.2726657 0.0818088 0.0000000 -0.2348756 0.1421685 0.4569176 -0.2365424 -0.1763986 0.5971880 -0.2571422 -0.6472356 0.7995212 -0.1663129 -0.1022427 0.7717086 -0.0807953 0.0520155 0.2407660 0.4211083 0.4739496 0.1754233 -0.3998497 0.2464550 0.5502013 0.5833373 0.1731160 -0.3969714 0.2894488 0.2368365 0.0126414 0.0595207 -0.0500911 -0.5196070 -0.1390187 0.3986627 -0.2015382 0.0753162 -0.3066833 -0.0052924 0.6358490 0.2468299 -0.2317144 -0.3530984 0.6849087 -0.0071774 -0.0928943 -0.1444821 -0.3935604 0.3017363 -0.3525533 -0.1511358 -0.2348702 -0.3061840 0.0849250 0.6673748 0.3528468 -0.2006609 -0.2093910 -0.2315657 -0.2903098 0.3412936 -0.1564718 0.6465256 -0.2606929 0.6226696 0.1781444 0.1645166 0.5212367 0.3240818 0.2700091 0.4907957 0.3814520 -0.5891865 -0.4899650 -0.6446461 -0.6755958 -0.5656220 -0.3523379 -0.4842005 -0.5380306 -0.4774947 -0.2163628 -0.1576073 -0.4413026 -0.5961130 -0.2006463 -0.0940227 -0.0346010 -0.5854211 -0.2841273 -0.6171333 -0.3053747 -0.5609893 -0.3922213 -0.5907697 -0.0875866 -0.2503615 -0.5462703 -0.5189777 -0.1438326 -0.5124619 -0.1486552 -0.5161861 -0.4363747 -0.4377807 -0.3894581 -0.5223801 -0.3154591 -0.1135256 -0.5084298 -0.2512026 -0.3451988 -0.3017134 0.2358859 -0.1511729 -0.5772236 -0.3976884 -0.2492160 0.1120809 -0.4953893 -0.1017672 -0.5743188 0.0822559 -0.2894538 -0.1562664 -0.0723709 -0.0000513 -0.4869534 -0.4838886 -0.4005424 -0.0998193 -0.1535180 -0.3446924 0.3148902 0.2505748 -0.4434435 -0.1600539 -0.4120508 -0.2314336 0.1478384 -0.0827143 -0.0319731 0.2573630 -0.4093151 -0.0001947 0.1064397 0.5776610 0.4153151 -0.2056880 0.3675015 0.4735769 0.1847438 -0.0597216 0.4472520 0.4840762 -0.0042615 0.3538858 0.1266163 0.3501159 0.3541612 0.1949184 0.2335776 0.3313450 -0.1057986 -0.0735401 0.3829778 0.8824467 0.8423826 0.7743029 0.3544569 -0.2177072 0.0247109 -0.4575346 -0.5712979 -0.5734980 -0.1343770 -0.0449889 0.2102976 0.4056453 0.5489961 0.4047758 -0.4141841 0.6644461 0.6903910 -0.1621104 -0.3671915 -0.2879259 -0.0989858 0.8293842 0.5695824 -0.3413238 0.2175917 -0.0630071 0.0094240 0.0297058 0.0821993 0.0011319 -0.3331912 0.4287032 0.1333936 0.1661692 -0.0006650 0.2412324 0.2178438 0.5505541 0.4895647 -0.1713228 0.1705171 0.0978928
0.5420979 0.4208705 0.8137662 0.6234511 0.9376322 0.6096008 -0.4686729 0.9146741 0.0358494 0.6011967 0.7373095 -0.2348756 0.0000000 0.6360414 -0.3820343 0.3777436 0.5628819 0.4032775 0.2468909 0.7472926 0.1840672 0.7744831 0.3716933 -0.1874077 0.3102284 0.2353837 0.0287512 0.1226531 0.0086349 0.3038653 0.7228880 0.2790677 -0.3848673 -0.3946924 0.1653647 0.1864354 0.0334386 0.3155142 0.5327664 0.2188459 0.5426146 0.3202644 0.3200912 0.0267035 0.6748749 0.2171530 0.0124873 0.5077144 -0.1899045 0.2719576 -0.0983168 0.2103716 0.1044043 0.2888328 0.4389840 0.3731928 0.2529284 0.3110677 -0.0809455 -0.1267821 0.7331247 -0.0257337 0.5053885 0.2868185 0.3283500 0.3746882 0.0378400 0.2476030 0.5888927 0.5180899 0.2223552 0.4092401 0.1277871 0.3811966 0.4171715 0.2250250 0.1351552 -0.0953733 -0.4494850 -0.4209393 -0.3853228 0.3509908 0.5554793 0.1284394 0.1502402 0.4000274 0.4017100 0.0435798 0.3230381 0.3614145 0.7650274 0.6962288 0.7209582 -0.1301604 0.4346301 0.6953969 0.7199356 0.5956782 0.3884790 -0.2312456 0.3840113 0.5689435 0.6261047 -0.2514356 0.8116662 0.7167618 0.5660985 0.7459646 0.7144384 0.5542836 0.7307294 0.5570190 0.6367716 0.7195255 0.6893302 0.6085763 0.6386334 0.5140551 0.4535082 0.3892944 0.6193080 0.6727183 0.3870176 -0.2121830 0.2942480 0.0466289 0.6841148 0.5415559 0.1308011 0.6299468 0.3978385 0.5622407 0.6638190 -0.4369775 0.4504926 0.4520304 0.3207395 0.2874727 0.4493473 0.1287744 0.5839234 0.3743503 0.5981390 0.0137316 0.1198659 0.1830643 0.5266983 0.5768337 0.6937860 0.5268144 0.3612870 0.1032282 0.5447636 0.5872200 0.6254496 0.1236358 0.5327125 0.7072629 0.4840708 0.4956306 0.7401269 0.7324912 0.4596577 0.4979927 0.8066318 0.5393471 0.6615268 0.4601421 0.3976903 0.6539524 0.6513771 0.4497603 0.1481529 -0.4871361 -0.3737210 -0.1849446 0.0967933 -0.2157298 0.4073896 0.2374750 0.4010376 -0.0384666 -0.0945851 -0.2549972 -0.4277298 0.5017429 -0.3162480 -0.4201813 0.0408612 0.2408355 0.3644727 -0.0736427 -0.0285355 0.5134837 0.1978442 0.3571905 -0.1924826 -0.2011850 -0.3755423 -0.0735926 -0.2245429 -0.2597167 0.2370866 -0.2953228 -0.0330914 -0.2204996 -0.0591123 -0.5096148 -0.2136842 -0.0862874 0.0482454 -0.3304316 -0.0941104 -0.1227829 -0.2564157 -0.5494585 0.0570700 -0.0230310
0.4172790 0.5259160 0.5994450 0.7850863 0.6715571 0.7860119 -0.5050313 0.8091815 0.3482435 0.9024273 0.8742857 0.1421685 0.6360414 0.0000000 -0.1020224 0.5690459 0.8411135 0.5263005 0.3218170 0.2417498 0.4575296 0.4825364 0.6922663 0.1181670 0.4000755 0.3600487 0.4440841 0.5703322 0.3629336 0.6033430 0.3467057 0.3882143 -0.0543859 -0.0622716 0.4961040 -0.0402151 0.2026060 0.4110850 0.8165083 0.6124758 0.3433604 -0.0182159 0.6896892 0.4020348 0.4465619 0.2717555 0.0485978 0.2871392 0.2094710 0.3888746 0.0934480 0.4892440 0.4323297 0.6829372 0.2525216 0.2876741 -0.0380820 0.7215971 -0.5038070 0.1154241 0.3252471 0.2287938 0.2044865 0.6452813 0.4722328 0.0527486 0.2037986 0.5925101 0.1426137 0.7872074 0.1961023 0.5959788 0.2619621 0.5603460 0.3621709 0.5218739 0.4291705 0.1208108 -0.2503709 0.0877175 -0.2269796 -0.0589263 0.0569713 -0.3393856 -0.3240783 -0.0718748 0.0332711 -0.3617954 -0.1143038 -0.0725368 0.3750294 0.3006543 0.3071540 -0.5495728 0.0849983 0.3192319 0.3417122 0.1361494 -0.0064254 -0.5903421 -0.0120835 0.0009884 0.0660675 -0.5397268 0.4518973 0.3289578 -0.0216903 0.1112125 0.3083809 -0.0265905 0.4357315 0.0791162 0.1501881 0.1973085 0.1715304 0.1478711 0.2158935 0.2042835 0.1365584 0.2587418 0.2893543 0.2291992 0.0359354 -0.1264081 0.2658924 0.1917926 0.2252391 0.1506038 0.2454774 0.3528444 0.3558511 0.1202115 0.2592572 -0.3695968 0.2016630 0.1984998 0.2965154 0.3146525 0.3975232 0.2461784 0.4160775 0.3660560 0.2859349 0.3161471 0.2060854 0.1495100 0.4029967 0.4708097 0.4257210 0.4202810 0.3604197 0.3746738 0.4011941 0.3901426 0.3509446 0.3613791 0.2436046 0.4667282 0.1731555 0.5049272 0.4743798 0.4466267 0.3797066 0.3444479 0.4344025 0.4968147 0.4808872 0.2615390 0.1222273 0.3985436 0.4244012 0.1958146 -0.0016934 -0.2270543 -0.1517013 0.2395149 0.5104675 0.1510044 0.5179174 -0.0014000 0.1729603 -0.3322161 -0.3948756 -0.5671114 -0.6682806 0.2408859 -0.3453570 -0.2141303 0.4118414 0.4398826 0.3146834 0.3729354 0.3850014 0.4867984 0.3379954 0.4511042 0.1521885 0.2705916 0.0451144 0.1330259 -0.0215664 -0.0713210 0.0393215 -0.2395589 -0.2489543 -0.2850486 0.0388039 -0.2121217 -0.1210669 0.1291778 -0.1219470 0.0759754 -0.1251453 0.1417121 0.1164050 -0.5493225 0.0081745 0.1592199
0.2667870 0.0062865 -0.1156507 0.0861394 -0.3477535 -0.0682103 0.3757820 -0.3767783 0.6002492 -0.0056090 -0.2634927 0.4569176 -0.3820343 -0.1020224 0.0000000 -0.4484684 -0.3262014 0.0792619 -0.4301004 -0.4643988 0.0489457 -0.2345049 -0.2271401 0.6000500 -0.3736072 -0.2557877 0.5332174 0.3539955 0.5125219 0.0363003 -0.3103696 -0.1941531 0.5884885 0.6443685 0.0468776 -0.5960648 -0.0281136 -0.0586685 -0.3698970 -0.2349712 -0.2203059 -0.5251163 -0.1599929 0.0677715 -0.0712237 -0.1414912 -0.1375412 -0.1210705 0.3899356 0.0469079 -0.0645088 -0.3045163 0.3735346 -0.3061191 0.0160193 -0.1223540 -0.2473899 -0.1522982 -0.0760571 0.0465231 -0.3767703 -0.0528000 -0.0115223 0.2106322 0.2940729 0.0016926 -0.0509269 -0.2002903 -0.1979233 -0.0986848 -0.0063986 0.1755797 -0.1029166 0.2619587 0.1924513 -0.1830867 0.1611597 0.1670228 0.1595958 0.3206937 0.2971829 -0.3237441 -0.2371564 -0.3161293 -0.3041307 -0.2905638 0.0015713 -0.1095673 -0.2036762 -0.1661983 -0.0864067 -0.0002360 -0.0743066 -0.3061560 0.1789602 0.0177612 0.0192621 -0.2440957 0.0515839 -0.3738445 -0.3270885 -0.3250676 -0.3333645 -0.1550111 -0.0733158 -0.1261307 -0.3096506 -0.5360444 -0.1793572 -0.2097604 -0.0964524 -0.2254702 -0.5097675 -0.3102864 -0.2593121 -0.3387170 -0.2444358 -0.1095867 -0.2786729 -0.0873379 -0.3667938 -0.3665582 0.2107606 -0.3289800 -0.2257750 0.0581829 -0.5585465 0.0610879 0.0473997 -0.6057336 -0.2507329 0.0826946 -0.5314521 0.0506432 0.2957513 0.1511899 -0.1512574 -0.0082039 -0.0353267 0.0315840 0.1053578 -0.0733826 0.2208198 0.2382018 0.0853383 0.2010250 -0.1581765 -0.1255956 0.0873730 -0.2068495 -0.1805449 0.2891093 -0.1939267 0.1879384 -0.2921627 0.4286456 -0.0156306 -0.1867992 0.1200615 -0.0036507 -0.2674166 -0.3053963 0.2624683 -0.0269131 -0.2605421 0.1897241 0.0195290 0.0756218 -0.0203312 -0.1359375 -0.0092965 -0.0226835 -0.3290546 0.0846186 -0.1423359 0.2306852 0.1197035 0.4087138 -0.2962877 -0.5232553 -0.3660993 -0.5928158 -0.4769398 -0.4694081 0.1337769 -0.1010710 0.2675287 0.3074979 0.2823415 0.0807037 -0.1166008 0.3028101 0.2514350 -0.2131228 0.0220079 -0.1439517 0.2691949 0.4121142 0.4161955 0.0692649 0.5122038 0.1802076 0.2707401 0.2333211 0.4112681 0.0407471 0.1002532 0.4086211 0.6222725 0.2985311 0.4512502 0.2907043 0.5483354 0.4170951 0.3481262 0.3354024 0.2378257 0.1783606
-0.1106017 0.1869045 0.0380821 0.2840150 0.2982222 0.3894647 -0.5736418 0.5802803 -0.1531320 0.4802757 0.6794048 -0.2365424 0.3777436 0.5690459 -0.4484684 0.0000000 0.8722425 -0.0578747 0.9031883 0.2363737 0.0548389 0.4951812 0.9504045 -0.3542122 0.8853643 0.8603385 0.2962682 0.0590013 -0.2382109 0.5198352 0.5375960 0.7081233 -0.4257208 -0.4667357 0.7741926 0.3605156 0.5734139 0.5821403 0.5943623 0.4400132 0.4292784 0.2633177 0.8708091 0.0175746 0.1583454 0.6379486 0.6083075 0.2754652 -0.2432949 0.3557343 0.6588890 0.6953266 -0.1953967 0.6159012 0.1855604 0.4025046 0.4927083 0.3623759 -0.2236214 0.6778438 0.1490724 0.6386267 0.0819907 0.1145152 -0.0071555 0.2296203 0.7243987 0.8329662 0.2125016 0.4900416 0.6298130 0.1767446 0.6599596 0.1256287 0.2930489 0.7111925 0.3056120 0.2837148 -0.0009250 0.0904527 -0.2528808 -0.0525921 -0.0127749 0.0458059 -0.0021890 0.0951134 0.1686787 -0.0589789 0.0672159 0.0011999 0.1995944 0.0914274 -0.0464911 0.0193600 0.0375672 0.0542827 -0.0401997 -0.0793255 0.1359867 0.0216067 0.0800100 -0.1000670 -0.0449073 -0.0922042 0.0827047 0.2210049 -0.1565485 0.1351688 -0.0666181 -0.2213757 0.2382090 -0.1835620 0.0017056 -0.0767529 -0.1095333 -0.1381856 -0.1309596 -0.2750189 -0.1699537 -0.1989346 0.0474643 -0.0077985 -0.3662142 -0.0469334 0.0692692 0.2441264 0.1728836 -0.2079144 0.1551370 0.2354316 0.2761715 -0.0932213 0.1172799 -0.0918005 -0.1270629 -0.3170373 0.0050234 0.1525362 0.0525680 0.1805893 -0.0371705 0.1868006 -0.2331068 0.0731850 0.0925210 -0.2556727 0.1023734 0.0270821 -0.0487551 0.1322658 0.1559983 0.0190812 0.1575073 -0.1016215 -0.0135628 -0.1298170 -0.1674931 0.0957723 -0.2040247 -0.0719525 0.1411544 0.1040241 -0.2612564 -0.1605235 0.1319025 -0.1868037 -0.1399366 -0.0895832 -0.2276579 -0.1142514 0.1071745 -0.0056258 0.1739173 -0.0167849 -0.0646893 -0.1473211 0.0626088 -0.2926065 0.2638703 0.2122595 0.1458296 0.2591061 0.1998604 0.0803345 -0.5454582 0.0633615 -0.5200202 -0.3449826 0.0932463 0.2985233 0.0134174 -0.0370221 -0.0579477 0.4441949 0.3113896 0.4441229 0.0900381 -0.1335287 -0.2063753 0.1953603 -0.1942671 -0.0885804 -0.4130825 -0.3701730 -0.7118227 -0.3888706 0.1565850 -0.3221962 -0.2412103 -0.1268864 -0.4783244 0.0280672 -0.6637025 -0.2960351 -0.0311221 -0.4724017 -0.5499069 -0.5073399
0.1434349 0.4534526 0.2880409 0.5582661 0.4896958 0.6425834 -0.7005016 0.7554297 0.0217812 0.7548846 0.8470403 -0.1763986 0.5628819 0.8411135 -0.3262014 0.8722425 0.0000000 0.1536552 0.6933732 0.3638051 0.1865039 0.5996066 0.9091225 -0.2614377 0.6983252 0.6145809 0.4340479 0.2285959 0.0226767 0.6056750 0.5715512 0.6184386 -0.3784427 -0.4060603 0.6761474 0.2550816 0.4224938 0.5895834 0.7915818 0.5602129 0.5106460 0.2269488 0.9030172 0.2006180 0.3183404 0.5466809 0.3256525 0.3882109 -0.1156716 0.4921927 0.3854536 0.7108250 -0.0089793 0.7481565 0.3359978 0.4685456 0.2618427 0.5811243 -0.2843371 0.4333756 0.2713065 0.5176980 0.1562234 0.3318066 0.1121032 0.2072588 0.5218568 0.8297661 0.2471233 0.6781328 0.5007786 0.3048169 0.5641926 0.2758357 0.4170639 0.7092743 0.3575877 0.2699749 -0.0802035 0.0827902 -0.2138815 -0.0607872 0.0386491 -0.1137411 -0.1312645 0.0279393 0.1002572 -0.1888945 0.0018701 -0.0031342 0.3223420 0.1900367 0.1447865 -0.2148590 0.0500204 0.1757374 0.1187987 0.0388099 0.0716368 -0.2428713 0.0312871 -0.0380018 -0.0117681 -0.3029746 0.2860236 0.3290850 -0.0626906 0.1807263 0.1083030 -0.0562769 0.3976887 -0.0034295 0.1589554 0.1411970 0.1019942 0.0846797 0.1118748 0.0051828 0.0599528 0.0339680 0.2286833 0.1715312 -0.2724988 -0.1509362 0.2524535 0.3267243 0.2565156 -0.1152585 0.2940175 0.3526606 0.4305172 -0.0401538 0.2168492 -0.2648824 0.0674922 -0.1370162 0.2135602 0.3366799 0.2920252 0.3027966 0.1877373 0.3820248 0.0051095 0.1604906 0.2076969 -0.0628657 0.3294060 0.2827145 0.1403063 0.3648361 0.3503697 0.1775659 0.3756917 0.1020514 0.1319923 0.1169995 -0.0467645 0.3162570 -0.1093495 0.1821488 0.2716691 0.3213558 0.0210450 -0.0094489 0.2860229 0.1233495 0.1222336 -0.0265319 -0.1835795 0.0662604 0.2093201 -0.0034063 0.0923986 -0.1030696 -0.1541984 -0.0909135 0.1866752 -0.2308669 0.3860409 0.1637873 0.1407162 0.0143145 0.0091510 -0.2010881 -0.6022063 0.1569967 -0.4274283 -0.2509147 0.1999814 0.2917117 0.2191557 0.0544646 0.0256060 0.5135612 0.4414858 0.5178735 0.1330460 -0.0554485 -0.1191921 0.2358655 -0.1074052 -0.0745597 -0.2704476 -0.3935797 -0.5087813 -0.3223296 0.1319254 -0.2511181 -0.1240773 0.0604431 -0.3029333 0.0788909 -0.4217835 -0.1993132 -0.0106891 -0.3936447 -0.2353190 -0.1932866
