0.0000000 0.7491782 0.7989134 0.6800338 0.8018670 0.6394506 0.5034218 0.6753356 0.6511417 0.6559744 0.6337768 0.5403735 0.7218415 0.5671832 0.5247542 0.0144499 -0.3462119 0.5869915 -0.1073678 0.0688093 0.6673067 -0.0269090 -0.4541774 0.6432446 -0.0993242 -0.2179289 -0.0358004 0.4739388 0.5990462 0.0491691 -0.0869759 0.1599331 0.6186149 0.6717683 -0.3021298 0.6259953 -0.0073265 0.0130832 -0.0220212 -0.5403349 0.3090287 0.6290575 -0.2610976 0.5190407 0.6597805 0.0584345 -0.0311691 0.2643708 0.7743612 -0.2571402 -0.0941962 -0.5222648 0.6613588 -0.3810400 -0.0694889 -0.1545949 0.0250247 0.6920144 0.0993860 -0.1716569 0.1419007 -0.5480527 -0.0390602 0.7147583 0.6664428 -0.0172049 -0.4392958 -0.3468534 -0.2047813 0.1654338 -0.4937579 0.5816803 -0.5533905 0.5875424 -0.5288695 0.0220592 0.5804254 -0.6699360 -0.2466320 -0.0592276 -0.4491153 0.1296025 0.2403008 0.2339328 0.0513080 -0.0543271 -0.0417198 -0.1675578 -0.0812874 0.0959905 0.3237423 0.2819923 0.2775325 -0.1906083 -0.1372127 0.4834833 0.4542663 0.2805535 -0.1213400 -0.4257627 -0.1050651 -0.0700957 -0.1683186 -0.6321938 0.6648788 0.3260550 -0.0783211 -0.2248945 0.1055007 -0.3062558 0.2255417 -0.0506868 -0.2719285 -0.2150373 -0.1573954 -0.3247645 -0.2952109 0.0098593 -0.3009465 0.2559076 -0.0672998 -0.0836014 0.1805670 -0.0342781 0.3473815 0.4456480 -0.1286397 -0.0907756 0.5408156 0.1132815 0.5708653 -0.2778345 0.0125886 0.2790689 -0.4508387 0.1043797 0.5184333 0.4941151 0.4838256 0.3524356 -0.0703582 0.1996471 0.1439108 0.2925762 0.2014545 -0.0721138 0.4156358 0.3282382 -0.1461374 0.2180999 0.1700163 0.2957560 0.6059966 0.0154209 0.0607690 0.3892252 0.1681371 0.2587128 -0.0032389 0.1254539 0.1503629 0.3366152 0.0648559 0.2036484 0.0890289 0.3583450 0.0389454 -0.1939893 -0.1382508 -0.1881062 -0.1056250 -0.4723079 0.2941202 0.3292703 0.4259553 0.0784629 0.0334507 -0.3729924 0.5374635 0.4466464 -0.3782089 -0.1127134 0.0530949 -0.3159219 -0.1336473 0.1725268 -0.3644776 -0.2453533 0.6449173 0.5999257 0.4097809 0.4459593 0.5854728 0.5209869 0.4743786 0.6240173 0.4017827 0.6440527 0.4308036 0.2698397 0.4543210 0.1638411 0.3524191 0.4431134 0.4426004 0.4917318 0.4283472 0.6500251 0.1264685 0.5059008 0.2428235 0.3651705 0.1262051 0.3683229 0.4455101 0.2356731 0.1810623 0.0340356
0.7491782 0.0000000 0.7134646 0.9049031 0.5220516 0.9657549 0.8381899 0.8587211 0.9138790 0.8238506 0.8578727 0.8870635 0.6430074 0.3977095 0.7915468 0.4776897 -0.2860851 0.6414965 0.0667954 0.0190452 0.8848448 -0.1071846 -0.4982245 0.7488172 -0.2124506 -0.1918523 -0.1289487 0.3213268 0.8848060 0.0712672 -0.1128614 -0.2048770 0.7557530 0.9184173 -0.2943455 0.7768810 -0.1819439 -0.0937770 0.1746717 -0.3444844 -0.0062331 0.6932485 -0.1612837 0.5549611 0.8237708 -0.2859388 0.0246870 -0.0891493 0.9199923 -0.4785189 -0.0101761 -0.2903937 0.9326491 -0.3432206 -0.4733114 -0.4464068 -0.1240837 0.7285326 -0.0985050 -0.0866929 0.0870280 -0.4767818 -0.2357403 0.8670935 0.9241070 -0.2931126 -0.3994581 -0.3229412 -0.3600492 0.3461740 -0.6352787 0.8076024 -0.6146991 0.6718432 -0.5512487 0.0604905 0.8239939 -0.7514517 -0.5044820 -0.2096954 -0.6601401 0.3061704 0.3076216 0.0432532 -0.1672013 0.0735106 0.2396705 -0.2777328 -0.1689300 -0.2292348 0.3006849 0.0114737 0.1615263 -0.0598895 -0.2744960 0.2908136 0.2533690 0.3525709 -0.1935602 -0.2779480 0.0620958 0.1061069 -0.0155725 -0.4295548 0.4844887 0.0294316 -0.2235208 -0.0496560 -0.1283651 -0.2034543 0.0373363 -0.1465904 0.0279926 0.0357546 0.1612642 -0.0554542 -0.0243528 0.2938536 -0.0360979 0.2912089 0.1730553 0.2165416 0.1266061 0.2212689 0.2067609 0.1763289 0.1255660 -0.2385689 0.4183337 0.4369185 0.3759785 -0.5017014 0.0078203 0.5687059 -0.7266103 -0.0328842 0.2136957 0.3584285 0.0515074 0.3728986 -0.2252804 0.1552136 -0.1664192 0.4658411 0.0776617 0.1459897 0.1993346 -0.0309610 -0.4581850 0.1039472 0.0784331 0.3604381 0.3539159 0.0718174 0.0138807 0.5043816 0.2535834 0.1141090 -0.1198484 0.1894996 -0.0718742 0.1464911 0.2412120 0.1898718 0.0118755 0.3254534 -0.0501310 -0.3154890 -0.2312622 -0.1582728 -0.1982493 -0.3944171 0.1606426 0.3658623 0.6863096 0.3940620 0.4134078 -0.0765576 0.8383057 0.5602015 -0.1014900 -0.1119757 -0.1257687 -0.4479846 -0.3583355 0.0141026 -0.6359252 -0.5722659 0.8196874 0.9143120 0.5203325 0.8501866 0.9237126 0.7212252 0.4464514 0.7076000 0.5259002 0.8981363 0.5620426 0.0982944 0.5231207 0.0478697 0.4760263 0.7922078 0.4660729 0.0104719 0.3167779 0.7756716 0.0796654 0.5402974 0.2593779 0.7446958 -0.0840928 0.6737070 0.7356927 -0.3376872 0.2270025 0.2975638
0.7989134 0.7134646 0.0000000 0.6882883 0.8644350 0.5612388 0.3839729 0.8110392 0.5051783 0.6102352 0.5462285 0.4406036 0.9549753 0.3218761 0.3396086 0.2407501 -0.2212448 0.2703174 0.3506261 0.3042259 0.4989376 0.3592269 -0.1734044 0.3511298 0.3186907 0.1814476 0.1113438 0.2650537 0.4268003 0.1373696 0.1076958 0.3889537 0.4155959 0.5054749 0.0330451 0.5050588 0.3288436 0.3669924 0.1773654 -0.2340286 0.5018024 0.4180886 0.1116619 0.3679442 0.6122023 0.2833398 0.3252159 0.4248391 0.5991032 0.0393436 0.2374367 -0.1080435 0.6268719 -0.0757785 0.0977916 0.1147848 0.3241023 0.6302524 0.1506379 0.2327146 0.0854116 -0.2232008 0.2190974 0.6071139 0.6884212 0.1939391 -0.1342065 0.0286106 0.1272123 0.3513317 -0.2366556 0.6412077 -0.2594238 0.7556537 -0.2106180 0.3582694 0.6362637 -0.3821668 0.0085157 0.2411108 -0.2830281 -0.0760050 0.5703273 0.2367146 0.1050577 0.4285111 0.4405108 -0.3674783 0.2715806 0.3184793 0.5514238 0.4622484 0.5730429 -0.4042620 0.1525838 0.5876228 0.5348931 0.5651547 -0.0652041 -0.5882321 -0.0558391 0.3016113 0.3476665 -0.7053786 0.6996337 0.4559028 0.2920953 0.2856400 0.4213181 0.1875983 0.4197313 0.3226440 0.0685068 0.0929230 0.1398322 -0.0496116 0.0009080 0.3492337 0.0249049 0.6260364 0.2908977 0.1495394 0.4611949 -0.0562880 0.6280470 0.5082552 0.0254460 0.2934978 0.6205148 0.3829828 0.7438125 -0.0249081 0.1081244 0.2480020 -0.4237864 0.4433935 0.5974391 0.5543757 0.4977425 0.4736435 -0.0174875 0.4294220 0.2303268 0.4175033 0.3001007 0.2042762 0.3817603 0.1303898 -0.4246583 0.3477591 0.4303388 0.4490598 0.6686493 0.1871007 -0.0703202 0.5902171 0.4291450 0.2955446 0.1714423 0.4874971 -0.2336345 0.5043105 0.4177101 0.4592365 0.0284712 0.6245469 0.2935779 -0.1129837 0.1222706 0.1099562 -0.0396825 -0.2920642 0.1999821 0.2115419 0.3388653 0.2693028 0.3027606 -0.1920136 0.5772278 0.5981302 -0.3873267 -0.1871230 0.0020240 -0.3853757 -0.0749215 0.4628503 -0.1845591 0.1154620 0.7037193 0.5974044 0.7180962 0.4507262 0.5553755 0.6529046 0.6007418 0.6979532 0.5942906 0.5344542 0.6410633 0.3953827 0.7993345 0.0032973 0.4323599 0.4390105 0.3713094 0.2920461 0.4491387 0.6262896 0.4232480 0.5324795 0.3474340 0.3061910 0.3839258 0.5248694 0.2889886 0.0343437 0.2595018 0.0516913
0.6800338 0.9049031 0.6882883 0.0000000 0.5178763 0.8573577 0.5851022 0.9405433 0.8389939 0.7974175 0.8650880 0.7664580 0.6993434 0.1953215 0.7046416 0.5891608 -0.1834655 0.3957915 0.0940778 0.1570159 0.8406483 -0.0489102 -0.5446344 0.4798620 -0.2006228 -0.2751069 0.0471495 -0.0427846 0.7983853 -0.2392046 -0.0937055 -0.1314604 0.4542726 0.7632734 -0.4391497 0.8515436 -0.1375431 0.0296420 0.0206629 -0.4694327 0.0365322 0.7804774 -0.2938348 0.2777068 0.8759189 -0.1425319 0.1100436 0.0695505 0.8146469 -0.3236960 -0.0790965 -0.3453364 0.9158231 -0.4271714 -0.3353516 -0.2586745 0.0474113 0.6302517 0.0581844 -0.0951740 0.2743542 -0.5426727 -0.0638699 0.8423116 0.8997104 -0.0741913 -0.4166755 -0.3054540 -0.1295395 0.4264598 -0.5181644 0.7773768 -0.5887503 0.6189971 -0.2817135 0.1174255 0.8097054 -0.5760838 -0.3610705 -0.0411129 -0.4950528 0.1437398 0.2628026 0.0558077 -0.2290023 0.1758024 0.4361990 -0.4799094 0.0397625 -0.1091955 0.5842357 0.2591640 0.3490013 -0.1765628 -0.0982481 0.5320965 0.3156510 0.3580809 0.0055414 -0.2664224 0.1340721 0.1503179 0.0288109 -0.4701306 0.6493309 0.2914243 -0.0623802 0.0438951 0.0210576 -0.0562902 0.2573248 0.0215427 0.0885152 0.1195916 0.1402473 0.0056032 0.0462167 0.2832123 0.0286429 0.3471732 0.1889287 0.2239409 0.3272297 0.1588843 0.1993578 0.3061882 0.1948643 -0.0468836 0.4517652 0.5256309 0.4546358 -0.4533527 0.1505841 0.5933148 -0.6258801 0.1240213 0.2917535 0.3791886 0.1489940 0.5920139 0.1031461 0.2609236 0.0235892 0.5032286 0.1169412 0.2988674 0.1889364 -0.0520258 -0.3660299 0.3222451 0.3213132 0.3937036 0.4298384 0.2631056 0.1781308 0.4881095 0.3551067 0.1918475 0.0498049 0.3715154 -0.0012096 0.3172751 0.3478045 0.3380127 0.1225865 0.4616225 0.0620681 -0.2685267 -0.0472560 0.0600846 -0.1080577 -0.3227947 -0.0663614 0.0362245 0.3661195 0.1519371 0.2323177 -0.2434600 0.8003277 0.6521549 -0.2425330 -0.1416262 -0.0087013 -0.3827039 -0.2718695 0.1343116 -0.5796099 -0.5319117 0.7449655 0.8671647 0.5312993 0.7941566 0.7838264 0.5475971 0.4630221 0.7065099 0.5329479 0.7386493 0.6165495 0.2860528 0.4816071 -0.1402682 0.4495357 0.6628321 0.3686133 -0.0413685 0.2041911 0.6079105 0.2357587 0.4124102 0.3068172 0.6935296 0.0091243 0.4754809 0.5964170 -0.1915948 0.2699301 0.1599031
0.8018670 0.5220516 0.8644350 0.5178763 0.0000000 0.3373471 0.1604068 0.5900902 0.3273088 0.4378804 0.3393107 0.1761020 0.8569459 0.3633616 0.1784881 0.0320438 -0.2212013 0.1612975 0.1878620 0.4378810 0.2898468 0.3500910 -0.2104906 0.2631024 0.3264213 0.0620412 0.2014603 0.2596291 0.2378458 0.1479574 0.1742045 0.5616992 0.2602300 0.2897001 -0.0749168 0.3542502 0.3749883 0.4239404 0.0339670 -0.2948831 0.6317481 0.3773610 -0.0772705 0.3174559 0.4339540 0.3597066 0.2619299 0.6021262 0.4485290 0.1048523 0.1492798 -0.2409401 0.3780567 -0.1527183 0.2945496 0.2108043 0.4603131 0.4947849 0.2379089 0.1884475 0.1540767 -0.2442562 0.3075317 0.3968625 0.4180157 0.4303164 -0.1541220 -0.0237693 0.2522774 0.1923000 -0.0655158 0.3937754 -0.2491827 0.5724840 -0.1020187 0.1649783 0.4646586 -0.2601913 0.0833753 0.2145232 -0.1456915 -0.1236825 0.2578357 0.1013201 -0.0285763 0.1116702 0.2967223 -0.3731815 0.0928452 0.2702048 0.5802896 0.4492078 0.4421569 -0.4278583 0.0637848 0.4985111 0.6864845 0.3216458 -0.0866595 -0.5058836 -0.1091880 0.0104218 0.0710552 -0.7175650 0.7571781 0.3879267 0.1687361 0.0225912 0.4501788 -0.0706581 0.4841298 0.2843731 -0.1875850 -0.1634277 -0.1312678 -0.2875391 -0.2559106 0.0229279 -0.2518161 0.3344745 -0.0033110 -0.1302875 0.4103289 -0.1175390 0.4167957 0.3750857 -0.1902096 0.2761810 0.3946915 0.1162682 0.5629082 -0.0129083 0.0810996 0.0679027 -0.3463672 0.4252376 0.5376879 0.3185816 0.5068179 0.2874896 0.0455911 0.2157713 0.2559067 0.1553140 0.0993936 0.1223082 0.1642106 0.1589580 -0.1721205 0.1972762 0.2902870 0.1371399 0.5062491 0.2737762 -0.0018328 0.2546437 0.4130169 0.0983411 0.2744461 0.3045499 -0.0813969 0.3973517 0.2639625 0.4620561 -0.0658552 0.3346926 0.4421559 0.1419469 0.3136061 0.2133527 0.1112823 -0.1140085 0.1046779 0.0367733 0.1561342 0.0013912 0.0062322 -0.4145019 0.3432577 0.4118045 -0.5051739 -0.1118078 0.1188319 -0.2685051 0.0482025 0.4518922 -0.0792927 0.1548410 0.5922397 0.3734905 0.4747004 0.2473230 0.3064742 0.3651844 0.3552544 0.4184730 0.2867411 0.3032825 0.3949468 0.2161185 0.5336889 -0.1074115 0.2788454 0.1310590 0.4058406 0.6370834 0.1776751 0.3362842 0.3641355 0.3306041 0.1723822 0.0657886 0.4867089 0.2570611 0.0285841 0.2869918 0.1366260 -0.2318019
0.6394506 0.9657549 0.5612388 0.8573577 0.3373471 0.0000000 0.8922064 0.7698073 0.9544290 0.8259971 0.8841632 0.9465456 0.4831364 0.4391784 0.8697969 0.5054538 -0.1740641 0.7090950 -0.0581338 -0.1421216 0.9328346 -0.2499191 -0.4916183 0.7886824 -0.3636840 -0.2439953 -0.1157567 0.2996518 0.9438569 0.0632786 -0.2406944 -0.3405892 0.7646427 0.9573150 -0.3192162 0.7946397 -0.2562353 -0.2240432 0.1439075 -0.2931543 -0.1828370 0.6986009 -0.1781368 0.5101585 0.8136622 -0.4224640 -0.0044361 -0.2276106 0.9162928 -0.6161730 -0.0305056 -0.2814721 0.9480343 -0.3484154 -0.5542095 -0.5169883 -0.2151063 0.6902529 -0.1988943 -0.1299339 0.0396141 -0.4674972 -0.2628316 0.8831160 0.9146611 -0.3941559 -0.3954919 -0.3491642 -0.4172747 0.3500393 -0.6731615 0.8105751 -0.5928719 0.6040395 -0.5633230 0.0600668 0.8012937 -0.7675937 -0.5518019 -0.2759086 -0.6814599 0.3488238 0.2188011 -0.0089094 -0.1724370 -0.0065793 0.1354654 -0.2474058 -0.2086975 -0.3046551 0.2124038 -0.0664690 0.0725502 -0.0268059 -0.2628075 0.2154283 0.1570067 0.2737542 -0.1942816 -0.2403046 0.0349660 0.0520676 -0.0564730 -0.3497613 0.3942711 -0.0501841 -0.2611922 -0.0771788 -0.2080748 -0.1971313 -0.0511259 -0.1994006 0.0675089 0.0719844 0.1913836 0.0002318 0.0189638 0.3143396 0.0162120 0.2613258 0.1890506 0.2677196 0.0981758 0.2787065 0.1541790 0.1591362 0.2024434 -0.2800415 0.3866127 0.4302717 0.2789396 -0.5336619 0.0035191 0.5783257 -0.7363945 -0.1096136 0.1162424 0.3206188 -0.0588799 0.3826707 -0.2653638 0.0882284 -0.2041552 0.4648214 0.0538327 0.1523397 0.1663400 -0.0817151 -0.4534714 0.0967815 0.0537104 0.3490230 0.2555434 0.0489855 0.0028574 0.4696417 0.2163517 0.0870676 -0.1640361 0.1381509 -0.0337992 0.0627814 0.2389287 0.1480773 0.0094389 0.2823359 -0.1101912 -0.3541583 -0.2940158 -0.2274737 -0.2763003 -0.4426605 0.0889965 0.3647623 0.6809506 0.3505751 0.3658736 -0.0917498 0.8111179 0.4831997 -0.0812003 -0.1688938 -0.2220133 -0.4849932 -0.4475648 -0.1177617 -0.7128033 -0.6793223 0.7544787 0.9021855 0.4849653 0.8534725 0.9248973 0.7112494 0.4468396 0.7131270 0.5027491 0.9125764 0.5127845 0.0979268 0.4299284 0.0315308 0.4081307 0.8087606 0.3629154 -0.1145910 0.2373292 0.7194241 0.0308074 0.4892870 0.2277085 0.7722332 -0.2501334 0.6411254 0.7609068 -0.3769059 0.2246793 0.3042201
0.5034218 0.8381899 0.3839729 0.5851022 0.1604068 0.8922064 0.0000000 0.5317283 0.8319010 0.6287280 0.6991577 0.9180463 0.2478640 0.4709198 0.8326618 0.3505174 -0.3354518 0.8067204 -0.0749603 -0.2508497 0.7930529 -0.2962697 -0.4058551 0.8912971 -0.3641936 -0.1964978 -0.3579906 0.5798641 0.8408371 0.3023232 -0.2178743 -0.4633457 0.8976899 0.9073315 -0.2165200 0.5463399 -0.3955134 -0.3710843 0.1530619 -0.1560134 -0.2866389 0.4535453 -0.1097554 0.5819769 0.5839348 -0.5455210 -0.2071484 -0.4171236 0.8025949 -0.6953806 -0.0627440 -0.2032906 0.7758268 -0.3071540 -0.6986151 -0.7076892 -0.4473390 0.5439775 -0.2448594 -0.1772003 -0.1361133 -0.3480537 -0.5104145 0.7361458 0.7752658 -0.6335462 -0.3329850 -0.3150157 -0.6464341 0.1653573 -0.6817822 0.6951740 -0.5119005 0.4985502 -0.7138971 -0.0602535 0.6337544 -0.7919221 -0.6289362 -0.3968794 -0.7492589 0.5210348 0.2512240 0.0466007 -0.0950810 -0.0555409 -0.0626430 0.0849861 -0.3920154 -0.4355072 -0.1663654 -0.3660149 -0.1257140 0.2441086 -0.3668816 -0.1279974 -0.0490529 0.3021767 -0.2618511 -0.0454732 0.0601520 0.0929653 -0.0726801 -0.0827542 0.0793173 -0.3121047 -0.4508307 -0.1427341 -0.4644028 -0.3031651 -0.3340092 -0.4421529 0.1145529 0.1135297 0.3166904 0.0969640 0.0939825 0.3206555 0.0771241 0.1166578 0.1932545 0.3020465 -0.2230616 0.4069399 0.0506964 -0.0727362 0.1459827 -0.4770372 0.2077657 0.2841007 0.0593603 -0.4558086 -0.1253873 0.4946877 -0.6496743 -0.3463149 -0.0819284 0.1663113 -0.2447071 0.0572097 -0.5276757 -0.0458569 -0.4735287 0.3490977 -0.0130759 -0.1181942 0.1001026 -0.0748592 -0.4224529 -0.1638900 -0.2674267 0.2616449 0.1037281 -0.2481388 -0.0482624 0.4183395 -0.0322038 0.0329222 -0.3928311 -0.1648700 -0.0025031 -0.1631875 -0.0079402 -0.1618167 -0.0070710 0.0885790 -0.3606170 -0.3769836 -0.4791815 -0.4579487 -0.2225297 -0.3675432 0.2512543 0.6393207 0.8866687 0.5095713 0.4628545 0.1665401 0.6866756 0.2707549 0.2235135 -0.0239582 -0.1945743 -0.3385051 -0.3522051 -0.1989461 -0.5943334 -0.6326931 0.6261004 0.7978811 0.2787954 0.7764828 0.8960089 0.7062117 0.2854649 0.5153847 0.3245990 0.9107691 0.3832976 -0.1890835 0.3231942 0.2921954 0.4159773 0.8411363 0.4438699 -0.1030798 0.2947835 0.7521492 -0.2628006 0.5116486 0.1016084 0.7314179 -0.3551028 0.6944603 0.8163633 -0.5174041 -0.0229232 0.4712171
0.6753356 0.8587211 0.8110392 0.9405433 0.5900902 0.7698073 0.5317283 0.0000000 0.7221204 0.7707063 0.7715456 0.7179392 0.8453326 0.1340762 0.6067516 0.6221168 -0.2202559 0.3364619 0.3442205 0.2933926 0.7529495 0.1996379 -0.3795693 0.4166316 0.0276559 -0.0617102 0.0610019 0.0428917 0.6830229 -0.0813632 0.1338373 0.0026610 0.4123430 0.6700995 -0.2846686 0.7483622 -0.0021953 0.1921566 0.0610146 -0.3938597 0.2021441 0.6492310 -0.1458512 0.2523245 0.8330244 0.0488452 0.1955274 0.1514240 0.7083309 -0.1782521 0.0235979 -0.2339101 0.8513143 -0.3174117 -0.2800541 -0.1816939 0.1194520 0.5965866 0.1320040 0.0259529 0.2475721 -0.3962335 -0.0775205 0.8161586 0.8938580 -0.0375204 -0.2679889 -0.0879596 -0.0740697 0.5133863 -0.4166777 0.8173161 -0.4227808 0.7333232 -0.2205397 0.2811645 0.8139205 -0.4754898 -0.1868997 0.1317559 -0.3773102 0.1242832 0.4740074 0.2343709 -0.0643948 0.4118590 0.5525825 -0.4632231 0.2034167 0.0575005 0.6345078 0.2842925 0.4293211 -0.1558990 0.0144399 0.5547159 0.3063125 0.5154571 0.0759164 -0.2734016 0.2151489 0.3470902 0.2248020 -0.4542807 0.6807972 0.3731032 0.0848037 0.1826509 0.1294321 0.0671145 0.3137847 0.1253856 0.1460948 0.1741424 0.2118652 0.0562367 0.0985679 0.3398928 0.0834477 0.4993710 0.2464585 0.2187047 0.3286548 0.0949839 0.4049080 0.4077767 0.0981197 0.0609250 0.5915618 0.5288031 0.6392896 -0.2378853 0.0924998 0.6295849 -0.4862048 0.1761650 0.4904245 0.5221044 0.3148792 0.6144553 0.0920068 0.4596463 0.0928487 0.6211329 0.2946370 0.2270501 0.3360084 0.0602528 -0.4202679 0.4065382 0.4012605 0.5743158 0.5752732 0.1502998 0.1274175 0.6817014 0.3872852 0.3639420 0.0611229 0.4753971 -0.0540435 0.4171029 0.3978924 0.3217213 0.2083731 0.6433830 0.0364075 -0.3491654 -0.0646429 0.1172288 -0.0642158 -0.2468100 -0.0158273 0.0708563 0.3507979 0.2580642 0.3773932 -0.0844061 0.8411697 0.7552540 -0.1652994 -0.0586766 0.0684901 -0.3168967 -0.1774349 0.2642782 -0.4613491 -0.3142203 0.7430466 0.8414076 0.6597924 0.7564353 0.7777526 0.6885490 0.6053866 0.7816632 0.6319662 0.7395265 0.7530337 0.3631330 0.6415008 -0.0214238 0.4477183 0.6999072 0.3937425 -0.0607185 0.3759290 0.6770228 0.2655413 0.5523338 0.2675226 0.6570975 0.1285546 0.5572780 0.5805547 -0.2611408 0.2417711 0.2906317
0.6511417 0.9138790 0.5051783 0.8389939 0.3273088 0.9544290 0.8319010 0.7221204 0.0000000 0.8381770 0.8982546 0.9343802 0.4357093 0.5397056 0.9193034 0.3915105 -0.1074868 0.7760114 -0.1885488 -0.0501179 0.9651170 -0.3104530 -0.5781476 0.8024320 -0.4160669 -0.3801596 -0.0358320 0.2850041 0.9770187 0.0604218 -0.3191732 -0.2913257 0.7092556 0.9497134 -0.4802050 0.8652867 -0.2927401 -0.2048813 0.0707715 -0.3207663 -0.1521262 0.8240151 -0.3410172 0.4899079 0.8820177 -0.4269448 -0.0656719 -0.1157901 0.9496444 -0.6849809 -0.1656207 -0.4329738 0.9425159 -0.4670381 -0.4554136 -0.4995939 -0.2015053 0.7182188 -0.0218860 -0.2579379 0.2274524 -0.6219119 -0.2351415 0.9138299 0.9015309 -0.3204999 -0.5315022 -0.4356806 -0.4183897 0.3173682 -0.6739809 0.8163215 -0.6685219 0.5625429 -0.5363608 0.0101710 0.7908864 -0.7733237 -0.5458684 -0.2152289 -0.6628844 0.3200157 0.1187452 0.0303296 -0.1512572 -0.1095037 0.1321218 -0.3267268 -0.2242307 -0.3154921 0.2182727 0.0144276 0.1114164 -0.0594410 -0.2821052 0.2154448 0.2618831 0.2439081 -0.1474098 -0.2135839 0.0986168 -0.0580269 -0.1715844 -0.3470846 0.4148302 -0.0132562 -0.3210142 -0.1523364 -0.2285924 -0.2471331 -0.0229349 -0.2542622 0.0689465 0.1159911 0.2030639 0.0356228 0.0493371 0.3022995 0.0264672 0.1641163 0.1007231 0.2689312 0.0882770 0.2127877 0.0760564 0.2015532 0.2414721 -0.3396797 0.3695731 0.4136053 0.2385860 -0.5722689 0.1204318 0.5869192 -0.7038991 -0.1470280 0.0904758 0.3180259 -0.0752388 0.4559484 -0.1140514 0.1011549 -0.1068972 0.3536162 0.0098888 0.1258327 0.1643848 -0.0204792 -0.3088403 0.2477934 0.1075923 0.2541686 0.3567405 0.1512217 0.1799870 0.4412133 0.2977248 0.0816132 -0.0007207 0.1074630 0.1535915 0.2045736 0.2512888 0.1802317 0.1749536 0.3032812 -0.0319404 -0.2214722 -0.1955096 -0.1715453 -0.1217793 -0.4011890 -0.0248902 0.2381918 0.5871484 0.1522787 0.1755339 -0.1918728 0.7512059 0.4614414 -0.1456453 -0.1661921 -0.0662162 -0.3811185 -0.3285253 -0.0434301 -0.6510703 -0.6912317 0.7430681 0.8936044 0.4167303 0.8444844 0.8849173 0.6038073 0.4219261 0.6766232 0.4260615 0.8650439 0.5159195 0.0970648 0.3557474 -0.0598842 0.4866234 0.7831604 0.4212219 -0.0553987 0.1673626 0.6462057 0.0407228 0.4700951 0.3278802 0.7767704 -0.1105069 0.5779354 0.7689730 -0.2944408 0.2002030 0.2534974
0.6559744 0.8238506 0.6102352 0.7974175 0.4378804 0.8259971 0.6287280 0.7707063 0.8381770 0.0000000 0.8981921 0.7712597 0.6188707 0.5407655 0.7002986 0.5267904 0.2136618 0.6320298 0.0855062 0.1522274 0.8342386 0.0862716 -0.1975442 0.5917229 -0.0991088 -0.0332098 0.3207967 0.1755123 0.8490253 0.1930779 0.0564514 0.0264694 0.4829539 0.7908426 -0.2009273 0.7599838 0.1013142 0.1516790 0.2779180 -0.1587861 0.2176291 0.7212693 -0.0990820 0.3211645 0.8797326 -0.0733707 0.2425896 0.1534153 0.7671717 -0.3679566 0.1104738 -0.2129176 0.8588652 -0.1413702 -0.1610493 -0.1981570 0.1080970 0.7510805 -0.0596061 0.0395038 0.2960720 -0.3534320 -0.0340446 0.8804888 0.8214090 -0.0450462 -0.2196127 -0.1462777 -0.1555279 0.6607740 -0.3773518 0.8947358 -0.4585634 0.6507028 -0.3540974 0.3067717 0.9093812 -0.5036751 -0.1849742 0.1574732 -0.2889922 -0.0657583 0.0368901 -0.0866572 -0.2022348 -0.0214240 0.1768747 -0.5860682 -0.1417715 -0.2130356 0.3619460 0.1928208 0.1703088 -0.3409942 -0.2670684 0.2377681 0.3873984 0.2615448 -0.1807907 -0.4526442 -0.0516005 0.0087316 -0.0196605 -0.5757804 0.4916540 0.0591516 -0.1269214 -0.0200386 0.0133257 -0.1475554 0.0819716 -0.0301679 0.0199379 0.0283765 0.0552475 -0.0690731 -0.0452476 0.1450735 -0.0734362 0.1657845 -0.0026682 0.1799994 0.2429002 -0.1252360 0.1879812 0.3727578 0.2081548 -0.2303134 0.5050665 0.5119047 0.4799120 -0.5750529 0.2880194 0.6922538 -0.5761019 -0.0326600 0.3903727 0.4437190 0.1877100 0.5671110 -0.1158494 0.1598513 0.2046878 0.5993180 0.0716573 0.2862228 0.2279938 -0.0389948 -0.3171242 0.3574055 0.3384421 0.3375114 0.4800851 0.1956988 0.1475767 0.6283774 0.5450844 0.0920183 0.2363299 0.4351814 -0.0303196 0.4443543 0.5228211 0.4564913 0.1822859 0.4377540 0.1261964 -0.1957054 -0.0475864 0.0440219 -0.1941385 -0.4011752 0.0392049 0.1774252 0.3672895 0.1549811 0.2338733 -0.2020272 0.7060198 0.5313952 -0.3785792 -0.3805606 -0.2097635 -0.5767507 -0.4412768 -0.0084947 -0.6069347 -0.4827361 0.7761833 0.8832471 0.4772276 0.8371571 0.8104992 0.6491618 0.5362476 0.8256055 0.6793839 0.7985556 0.7238565 0.3040298 0.5233437 -0.0233558 0.3551060 0.7268147 0.0970785 -0.0910426 0.1879899 0.6024900 0.2054026 0.6249442 0.1993772 0.7843570 -0.0048812 0.5571536 0.6229192 -0.2239962 0.3999459 0.1874122
0.6337768 0.8578727 0.5462285 0.8650880 0.3393107 0.8841632 0.6991577 0.7715456 0.8982546 0.8981921 0.0000000 0.8226188 0.5010193 0.4663793 0.8045634 0.5109262 0.0679601 0.5787278 -0.0899285 -0.0158643 0.8757283 -0.1659660 -0.4121119 0.6019475 -0.2987805 -0.2608665 0.1129310 0.0840522 0.9001680 -0.0705663 -0.2060330 -0.1699589 0.5617500 0.8694073 -0.3396921 0.7880615 -0.1213525 -0.0621533 0.1576085 -0.2931626 0.0365353 0.7434371 -0.1848630 0.2004218 0.8807145 -0.2960863 0.0935593 0.0390579 0.8275118 -0.5251951 0.0183884 -0.2686749 0.9335128 -0.3179985 -0.2925791 -0.3173517 -0.0343913 0.6514056 -0.0122289 -0.0491043 0.2437368 -0.4753864 -0.0571744 0.8603585 0.8651086 -0.1703768 -0.3612879 -0.3537103 -0.2583714 0.4742048 -0.5226408 0.8645859 -0.5927923 0.5205897 -0.4122128 0.1206195 0.7993684 -0.6287962 -0.4276832 -0.0741531 -0.5465922 0.0456133 0.0940915 -0.1001561 -0.2946554 -0.0209894 0.1898028 -0.4206304 -0.1614408 -0.3033330 0.3372886 0.2731671 0.3091096 -0.2242758 -0.2044810 0.3410318 0.3687435 0.4090373 -0.1317201 -0.3386685 -0.0715592 0.1078265 0.0211820 -0.4531569 0.5000983 0.1499167 -0.1785545 0.0701966 -0.1117924 -0.0762348 0.0737231 -0.1208658 0.2338471 0.2652747 0.2826673 0.1816528 0.2017057 0.3560576 0.1852288 0.2274581 0.2674071 0.4293550 0.3031555 0.2238702 0.0989913 0.2863907 0.4483960 -0.1804482 0.3609643 0.6445281 0.3457609 -0.6071029 0.4075756 0.5931394 -0.6981992 0.0664757 0.1809046 0.2849892 0.0012311 0.4956978 -0.0572731 0.0189734 -0.0020117 0.4810377 -0.0260842 0.3792304 0.1010121 -0.1876979 -0.3509059 0.2624236 0.2034705 0.2400076 0.3712356 0.2573468 0.2935386 0.4735875 0.3126773 0.0305631 0.0378210 0.2268240 0.0105231 0.3149274 0.3538890 0.3377877 0.1357501 0.3687167 -0.0184948 -0.1774945 -0.0536799 -0.1037715 -0.1666659 -0.4509806 0.0344304 0.2441922 0.4454862 0.0997373 0.1139598 -0.2971981 0.6315746 0.3854391 -0.3135271 -0.3432776 -0.1601286 -0.4753204 -0.3221849 -0.0256121 -0.5414884 -0.6120663 0.6965086 0.8814441 0.3606338 0.8042035 0.7762317 0.4979971 0.3943189 0.7016763 0.5047724 0.7685210 0.5854142 0.2070006 0.4119802 -0.0203117 0.5114529 0.7156960 0.1628486 -0.0839750 0.1332187 0.5572331 0.1035600 0.4320292 0.3347207 0.7645306 -0.1580333 0.4425857 0.6308344 -0.1621281 0.1942577 0.1178273
0.5403735 0.8870635 0.4406036 0.7664580 0.1761020 0.9465456 0.9180463 0.7179392 0.9343802 0.7712597 0.8226188 0.0000000 0.3827667 0.4148170 0.9348078 0.4956035 -0.2182140 0.7970368 -0.0579023 -0.1216411 0.9441415 -0.2694187 -0.4874716 0.8362517 -0.4181204 -0.2866346 -0.1816988 0.3935870 0.9397853 0.1559094 -0.1856103 -0.4451778 0.7670571 0.9371793 -0.4089043 0.7688103 -0.3904131 -0.2919850 0.0343179 -0.2845295 -0.2636810 0.6706705 -0.2623632 0.4698006 0.7937910 -0.4466851 -0.1276768 -0.3188460 0.8611955 -0.6982437 -0.1605035 -0.3405156 0.9113004 -0.4491852 -0.6592787 -0.6282549 -0.3569444 0.5872873 -0.1098404 -0.2640248 0.0737591 -0.5002138 -0.4478532 0.8960570 0.9057267 -0.5306873 -0.4274702 -0.3138894 -0.5421255 0.3320749 -0.7053306 0.8301958 -0.5466814 0.5713324 -0.5773473 0.0593885 0.7508716 -0.7630689 -0.5452551 -0.2500803 -0.6678228 0.4821759 0.2599524 0.1784311 -0.0211517 0.0410100 0.1168363 -0.1443579 -0.1750794 -0.3218086 0.1101247 -0.1928124 -0.0102530 0.1703546 -0.2428150 0.1029184 0.0022780 0.3073442 -0.0862424 -0.0432833 0.2000792 0.1069085 -0.0786842 -0.1329649 0.2899119 -0.0859513 -0.3386889 -0.1297664 -0.3582747 -0.2316116 -0.1658146 -0.3413950 0.1188168 0.1575233 0.2979917 0.1118816 0.1190244 0.3351963 0.0906267 0.2222552 0.1546846 0.2850670 -0.0878899 0.3016590 0.1458343 0.1585168 0.1561947 -0.3912964 0.4112446 0.3652018 0.2506145 -0.4298810 -0.0622950 0.6594622 -0.5821055 -0.2988026 0.1153598 0.3687836 -0.0780088 0.3779021 -0.2452986 0.2036944 -0.2544869 0.4777868 0.1516601 -0.0498183 0.2629337 0.0444068 -0.3549304 0.1761833 0.0153130 0.4427711 0.3173280 -0.1201454 0.0929528 0.5637711 0.1372774 0.2445601 -0.2145904 0.0383558 0.1596958 0.0725747 0.1400647 -0.0452283 0.2271065 0.3511458 -0.2863066 -0.4457295 -0.4137071 -0.2653176 -0.1638345 -0.3441015 0.0203741 0.3605421 0.6809169 0.3230289 0.3694781 0.0613080 0.8311993 0.4930886 0.1219194 -0.0187277 -0.0712975 -0.3006689 -0.3411244 -0.1360232 -0.6750636 -0.6922278 0.6593808 0.8909775 0.4284082 0.8568952 0.9419902 0.7469320 0.4847372 0.6995695 0.4430173 0.9474162 0.5485752 0.0610262 0.3589463 0.1456745 0.4054213 0.8915670 0.4457180 -0.2081286 0.3213856 0.7372368 -0.1295855 0.5417909 0.1582944 0.8181388 -0.2738421 0.6473437 0.8763861 -0.4881467 0.0874517 0.4898700
0.7218415 0.6430074 0.9549753 0.6993434 0.8569459 0.4831364 0.2478640 0.8453326 0.4357093 0.6188707 0.5010193 0.3827667 0.0000000 0.1935972 0.3028753 0.3493583 -0.1312160 0.1652987 0.4239065 0.4683755 0.4552571 0.4625529 -0.1269008 0.2316289 0.3524678 0.1888975 0.2710724 0.1357098 0.3673216 0.1135294 0.2984350 0.4376855 0.2497257 0.3984131 -0.0336610 0.5004736 0.3765307 0.4692355 0.1037147 -0.2474679 0.5737402 0.4183112 0.0512077 0.2360224 0.6102790 0.4111950 0.4006163 0.4955789 0.4934127 0.1435161 0.2155826 -0.1120732 0.5890390 -0.1131821 0.1547155 0.2116733 0.4323712 0.5236906 0.1937874 0.2343407 0.1625450 -0.2046485 0.2437225 0.5786367 0.6459579 0.3109662 -0.0892981 0.1174223 0.2617087 0.4571602 -0.1355158 0.6437377 -0.1858877 0.7286412 -0.0410293 0.4234961 0.6395768 -0.2331876 0.1262474 0.3548436 -0.1220377 -0.1352940 0.4755897 0.2452110 0.0997565 0.4492011 0.5578609 -0.5008662 0.3615722 0.3253930 0.7148118 0.4859132 0.5294598 -0.4205936 0.1882005 0.6205207 0.5222072 0.4925953 0.0040283 -0.5166003 0.0070697 0.2771378 0.3118841 -0.6708539 0.7744012 0.5023791 0.3081002 0.2477723 0.4564012 0.1675754 0.4630417 0.3540624 0.0189847 0.0513470 0.0780518 -0.0856618 -0.0285714 0.2535224 -0.0320554 0.5829087 0.1904901 0.0615363 0.4660471 -0.1647771 0.6034922 0.5362881 -0.0517637 0.3311868 0.6329164 0.3741705 0.7853093 0.0427180 0.1076009 0.3192156 -0.2786697 0.4244783 0.6956359 0.5705668 0.5830871 0.5506696 0.1343055 0.5346211 0.3410265 0.4726855 0.3339806 0.2105899 0.3853846 0.1620198 -0.3026088 0.4502721 0.5301481 0.4947628 0.6941600 0.2379175 0.0022579 0.6116974 0.5314537 0.3763962 0.2937676 0.5804674 -0.1396544 0.5820255 0.4649753 0.5047071 0.1496406 0.6839097 0.3518426 -0.0984336 0.2121797 0.3306002 0.0676769 -0.1122995 0.0319378 -0.0107465 0.1432204 0.1522903 0.2592944 -0.1974482 0.5986751 0.6708333 -0.3985343 -0.1443711 0.0637071 -0.3360871 -0.0725374 0.4467546 -0.2135081 0.1171058 0.6447873 0.5732331 0.7097010 0.4452869 0.4997230 0.6130506 0.6146455 0.6976412 0.5776218 0.4743741 0.6882666 0.4453424 0.7426677 -0.0812317 0.3123332 0.3815945 0.3478329 0.2482693 0.3861414 0.5136378 0.4306776 0.4892969 0.2082298 0.2924348 0.4399663 0.4247377 0.2447429 0.0245495 0.2515354 0.0226471
0.5671832 0.3977095 0.3218761 0.1953215 0.3633616 0.4391784 0.4709198 0.1340762 0.5397056 0.5407655 0.4663793 0.4148170 0.1935972 0.0000000 0.4802120 -0.1156665 0.1762974 0.7341567 -0.2789903 -0.0836431 0.4862041 -0.0416423 -0.0780158 0.6554539 -0.0301998 0.0070884 0.1680877 0.5629868 0.5591754 0.4862906 -0.3155838 0.2672372 0.4791394 0.5453656 -0.0232280 0.3756377 0.2023858 0.0945598 0.2079619 0.1050548 0.1877601 0.4836157 -0.0760255 0.3915313 0.4853002 -0.0887326 0.0992712 0.2644482 0.5396699 -0.4602953 0.1453522 -0.2517795 0.3836420 -0.0055239 0.1050984 -0.1498952 0.0952347 0.6634503 0.0285707 0.0537720 0.1610294 -0.1955491 0.0792055 0.5477353 0.3642861 0.0370137 -0.0913752 -0.0659050 -0.2079524 0.2965841 -0.1365063 0.4859557 -0.1815811 0.3783308 -0.3632221 0.1958025 0.4612970 -0.3842589 -0.0305843 0.0807064 -0.1990485 -0.0495011 -0.0840412 -0.1041130 -0.1117970 -0.3437439 -0.3464935 -0.2033778 -0.4072535 -0.1079885 -0.1115386 0.1070842 0.0887796 -0.2993841 -0.2274523 -0.0982460 0.5281056 0.1443958 -0.2357751 -0.4785979 -0.1570015 -0.2438783 -0.1455954 -0.5109556 0.2202375 -0.1089679 -0.1613432 -0.1387146 0.0607666 -0.2340364 0.0445925 -0.0726307 -0.0366703 -0.0375314 -0.0373941 -0.1012065 -0.1638595 0.0664030 -0.1053566 0.0083289 -0.0902925 0.0566072 0.0739330 -0.0180678 0.1451376 0.2798924 0.0884319 -0.2303173 0.2598187 0.0727867 0.1916537 -0.3002883 0.2131647 0.1468422 -0.4897069 -0.0908785 0.1295712 0.2015952 0.0546688 0.1361872 -0.2907537 -0.1995548 0.1454724 0.0035118 -0.1051510 -0.0094349 0.0860669 0.1283062 -0.1883116 0.1229102 -0.0088696 -0.1276561 0.3151642 0.0937622 0.0250263 0.2115031 0.2842687 -0.1497625 0.2045344 -0.0434406 0.1133377 0.2233627 0.2724972 0.2541257 -0.0128516 0.0783399 0.1694483 0.0765554 -0.0237933 -0.3261538 -0.1699053 -0.4907688 0.0533364 0.3306720 0.3354892 -0.1018800 -0.2018824 -0.4173880 0.1325320 -0.0389530 -0.4578746 -0.3673930 -0.1159345 -0.3626209 -0.1478848 0.0471466 -0.2452698 -0.1773628 0.4833308 0.3838713 0.2327642 0.3077545 0.3831517 0.3575654 0.3271745 0.4275883 0.2371437 0.4515485 0.3089752 0.0273273 0.2310502 -0.0474530 0.2532383 0.3256166 0.0613092 0.3052669 -0.0585644 0.2647084 0.0918728 0.4136609 0.2320801 0.2684199 0.0553006 0.3272909 0.2135461 0.0990180 0.1503817 -0.0702325
0.5247542 0.7915468 0.3396086 0.7046416 0.1784881 0.8697969 0.8326618 0.6067516 0.9193034 0.7002986 0.8045634 0.9348078 0.3028753 0.4802120 0.0000000 0.3741187 -0.1627523 0.7949256 -0.2917495 -0.0827564 0.9155666 -0.4022804 -0.5726806 0.8359497 -0.5389150 -0.4618792 -0.0984802 0.3812025 0.9240789 0.1170503 -0.2699555 -0.4019506 0.7207532 0.9024898 -0.5741161 0.7593212 -0.4237216 -0.3338420 -0.1259592 -0.3201535 -0.2343863 0.7059656 -0.4119513 0.3432837 0.7617514 -0.4509355 -0.1516029 -0.2121598 0.8264885 -0.7684459 -0.2413700 -0.4539722 0.8700779 -0.6235790 -0.5389015 -0.5476647 -0.2965385 0.4492395 -0.0114327 -0.3491006 0.1046838 -0.6053265 -0.3467260 0.8255824 0.8102872 -0.4167993 -0.5231875 -0.4125706 -0.4514231 0.2310947 -0.6741394 0.7697864 -0.5636393 0.4047363 -0.4851006 -0.0274474 0.6139884 -0.7194816 -0.5790930 -0.3097140 -0.6880332 0.4585036 0.0687889 0.1348725 -0.0382418 -0.1297920 0.0889397 -0.1455875 -0.1940654 -0.3904158 0.1650977 -0.0948182 -0.0136728 0.1444924 -0.1949472 0.1249012 0.1060990 0.2529399 -0.0805187 0.0096759 0.1290610 -0.0467756 -0.2180320 -0.1009843 0.3656705 -0.0288060 -0.4283679 -0.2295860 -0.3886350 -0.3106190 -0.1612614 -0.4285700 0.1152874 0.2022035 0.3266707 0.1705745 0.1724624 0.3243683 0.1252202 0.1364379 0.1394000 0.3031717 -0.0749103 0.3641162 0.0462539 0.1488839 0.2119981 -0.3632356 0.2915498 0.3242967 0.1523589 -0.3840108 0.0519613 0.5073021 -0.5220875 -0.2732623 0.0470785 0.2535207 -0.1052834 0.3379724 -0.0957454 0.1336590 -0.2408108 0.2608221 0.0441330 -0.0573523 0.1663548 0.0435077 -0.1407980 0.2099731 -0.0210659 0.2616142 0.3002799 0.0202952 0.2645612 0.3638388 0.1231613 0.2138109 -0.1242816 -0.1267116 0.3831239 0.0959230 0.0444175 -0.0535181 0.3140437 0.2828990 -0.2011339 -0.2498401 -0.2331853 -0.1507138 0.0400936 -0.1933135 -0.1696161 0.1966977 0.5311691 0.0275477 0.0610027 -0.1558635 0.6727265 0.3285112 0.0259319 -0.0151704 0.0255061 -0.1900624 -0.2282208 -0.1773307 -0.6199889 -0.7381536 0.5231732 0.7898208 0.2809181 0.7330652 0.7948348 0.5496046 0.3643711 0.5619175 0.1885153 0.8203770 0.4046268 -0.0132574 0.1639687 0.0009817 0.3623633 0.7216890 0.5130121 -0.0373169 0.1553509 0.5130734 -0.2161183 0.3126680 0.0976933 0.6734541 -0.2436348 0.4066874 0.7712625 -0.3067064 -0.0969379 0.2664969
0.0144499 0.4776897 0.2407501 0.5891608 0.0320438 0.5054538 0.3505174 0.6221168 0.3915105 0.5267904 0.5109262 0.4956035 0.3493583 -0.1156665 0.3741187 0.0000000 0.1514992 0.0131491 0.4963428 0.2522043 0.4340089 0.3492275 0.1256324 0.0741423 0.1339534 0.2703098 0.1504305 -0.3134834 0.4725610 -0.0200791 0.2915688 -0.0734859 0.0129473 0.3510078 0.0272869 0.3928730 0.1393537 0.2998276 0.2141627 0.1166717 0.0246434 0.3174637 0.1035038 -0.2245809 0.5225302 0.0627790 0.4574391 -0.0205830 0.1963001 -0.0882612 0.3545960 0.3030524 0.5011423 0.0651882 -0.3445360 -0.1284855 0.2579751 0.1949630 -0.1437450 0.4035478 0.0738104 0.2004138 -0.0642189 0.4617827 0.4953604 0.0188606 0.3215439 0.3641656 0.0868627 0.7614727 0.0622755 0.5492455 0.1158816 0.3251735 0.2173264 0.4944642 0.6337974 0.0320108 0.0822709 0.2534475 -0.0386852 0.0046627 0.2123729 -0.0970308 -0.3397361 0.4208166 0.5198654 -0.4210949 0.0988083 -0.1258463 0.4536542 -0.0430000 0.1134780 -0.0113550 0.0421165 0.0716522 -0.0271513 0.3239052 0.2239186 -0.0024332 0.3213411 0.3982325 0.3970139 -0.0701695 0.2571861 0.0529834 0.0869458 0.3158324 0.0667269 0.1856907 0.1808142 0.1699010 0.2869710 0.2524735 0.2278459 0.2020262 0.1812564 0.1927423 0.2119239 0.2824834 0.2002881 0.1734185 0.2415741 0.2542892 0.1514440 0.1313242 0.1203104 0.0247737 0.2692863 0.4550600 0.3015513 -0.2673715 0.0797378 0.5682398 -0.4427843 -0.0591962 0.1392838 0.1957194 -0.0264847 0.3836977 -0.1876495 0.1795346 -0.1895238 0.5263740 0.1584405 0.3084416 -0.0252968 -0.2257881 -0.5766420 0.1034555 0.2244956 0.4106746 -0.0236001 0.0322537 -0.0992796 0.4185125 0.2983005 0.1079539 -0.0366933 0.3725036 -0.3122250 -0.0124260 0.4740996 0.1912731 -0.1240738 0.3534047 -0.0867777 -0.4124643 -0.0437358 0.1391120 -0.2745524 -0.0804757 -0.3451428 -0.0842953 0.1143215 0.2041542 0.3697303 0.0420438 0.5647531 0.4262164 0.0169538 -0.0781106 -0.1594948 -0.2869486 -0.2946248 -0.0743042 -0.4341214 -0.3609965 0.3870318 0.5847531 0.4150294 0.6421708 0.5255030 0.4568481 0.3551171 0.5030424 0.4376866 0.4623250 0.5587948 0.1901731 0.3839427 -0.1314647 0.0177401 0.4952098 -0.0711701 -0.4660667 -0.0563552 0.2380696 0.2015673 0.2459874 -0.1913545 0.5541189 -0.2523546 0.3167616 0.2777498 -0.5389679 0.2572269 0.3454519
-0.3462119 -0.2860851 -0.2212448 -0.1834655 -0.2212013 -0.1740641 -0.3354518 -0.2202559 -0.1074868 0.2136618 0.0679601 -0.2182140 -0.1312160 0.1762974 -0.1627523 0.1514992 0.0000000 -0.1673532 -0.0094873 0.0759877 -0.1229949 0.1964440 0.5294200 -0.3470914 0.1588280 0.3186267 0.7515748 -0.4368017 -0.0578940 0.1307360 0.0408798 0.3474907 -0.4853000 -0.2074145 0.2987677 -0.0407387 0.5582437 0.3737389 0.2846213 0.5000575 0.2290785 -0.0056265 0.2807346 -0.4360257 0.0401567 0.1768723 0.5341915 0.3283367 -0.2720045 0.0935829 0.3942389 0.3522017 -0.1195288 0.4783218 0.5424731 0.4780165 0.4853527 -0.0086096 -0.0756596 0.4158510 0.2141426 0.3501896 0.5800324 -0.1003655 -0.2163982 0.4764788 0.3847432 0.3008185 0.4885290 0.4616208 0.4771583 0.0478909 0.3328228 -0.1156339 0.4608450 0.4169148 0.0764719 0.4609104 0.4470263 0.4622362 0.5170122 -0.6327022 -0.4428946 -0.4455974 -0.1585971 -0.1413631 0.0246996 -0.5712128 0.1075708 0.0298386 0.1688227 0.3534939 0.0872013 -0.6113489 0.1461297 -0.0524625 0.2906244 -0.1857644 -0.0268244 -0.3759514 -0.2839841 -0.1515180 0.1574816 -0.2593799 0.0026578 0.0081901 0.3147652 0.2637472 0.3937319 0.3317024 0.1820360 0.3992184 0.1432681 0.1073612 -0.0614654 0.0939177 0.0775050 -0.0500470 0.1088158 -0.0483219 -0.0419610 0.0968548 0.4501859 -0.3662974 0.0003889 0.2424232 0.3377352 0.2475112 0.0220901 0.2309396 0.0364317 -0.1331141 0.5059464 0.0182584 0.0342010 0.2576662 0.0791926 -0.0136625 -0.0044165 0.3110008 0.1346620 -0.1220993 0.5032337 0.0794900 -0.1215270 0.5583780 -0.1785476 -0.2944849 0.0088355 0.3316932 0.4473401 -0.1703219 -0.0604468 0.4683283 0.0596459 -0.0174808 0.5375120 -0.2725720 0.5878926 0.4331050 -0.2124534 0.3168201 0.6160960 0.5905186 -0.0295443 0.0850584 0.5106991 0.3356785 0.4935652 0.4036835 -0.1242830 -0.0078703 -0.3386598 -0.4020589 -0.5223786 -0.3709874 -0.2885210 -0.3075725 -0.2849048 -0.1466892 -0.5441182 -0.5478956 -0.3356751 -0.3250386 -0.2143394 -0.0739213 0.0647257 0.1416488 -0.0832389 -0.1297257 0.0496793 -0.0779183 -0.2584813 -0.1813051 0.0809029 0.1174924 0.1900919 -0.2897347 0.0814004 0.3229215 -0.0014968 -0.4083199 -0.2249193 -0.2345035 -0.7194106 -0.2573306 -0.4367786 -0.4748150 0.3923202 -0.1187815 0.0048866 -0.0534494 0.0510285 -0.2162564 -0.3644717 0.1372442 0.3708812 -0.3654241
