0.0000000 0.6944029 -0.6515341 0.1408483 -0.5396837 0.3076166 0.3969798 0.0942268 0.0098439 -0.0439566 0.1883707 0.5582967 -0.5357681 0.0034999 0.1287113 0.0736599 0.1996517 -0.3443256 -0.1452256 0.2536206 0.6177039 -0.0030720 0.1563049 -0.1346558 -0.0508250 -0.1140931 0.2396345 0.0976639 0.2749247 0.3331166 -0.0632290 -0.0091461 -0.2690488 0.0029662 0.3861075 0.7423679 0.1987034 -0.2072926 0.4054971 0.2041908 -0.4677822 0.0571733 0.4263132 -0.2173032 0.3708191 0.2291680 0.3880102 -0.4633601 -0.0550906 -0.1078156 0.3940532 0.4274693 0.2016415 0.3281933 -0.4020427 0.0114613 0.1416461 0.0640326 -0.5618341 0.3489909 -0.4164518 0.3321955 -0.5190539 0.0425548 -0.1575169 -0.5364180 0.1335042 0.0930769 -0.2739768 0.1103432 -0.3379944 0.4099984 0.0388657 -0.1651620 -0.1679470 0.2857085 0.4584347 -0.0099995 0.1929684 -0.0148874 -0.0011301 0.4400720 0.1027312 0.3969824 0.3362451 0.3573460 0.0682761 0.2761778 0.2466206 0.2266312 0.1332507 -0.0992216 -0.2948283 0.4301094 -0.0891821 -0.3374364 -0.2336130 -0.4091383 0.0196856 0.1650568 0.0857216 -0.3014370 -0.0776816 0.1062075 -0.3741336 0.0220443 -0.1718543 -0.1328386 -0.2935542 -0.2754473 0.0830170 0.1412225 0.0125608 -0.1953083 0.1760553 0.1581473 -0.1977804 0.0436023 0.1588748 -0.4479386 -0.4019299 -0.3358901 -0.1063771 0.0869862 -0.5801458 0.0361635 0.0759898 0.0349693 -0.0669616 -0.3136766 -0.3524084 0.1651650 -0.3804822 0.3615128 0.1991066 -0.3026487 -0.4813500 0.2874733 -0.4019131 -0.2161219 -0.1641607 -0.1114495 0.3571501 0.2890040 -0.3622009 0.0836186 -0.3649716 -0.6306624 0.2674846 -0.2948295 0.0165088 0.1796725 -0.0039929 -0.1654010 -0.4849190 0.2331624 0.1622381 -0.1360989 0.1873295 0.2159429 -0.4187448 -0.2187124 0.2379619 -0.0523029 -0.2178291 0.0186106 -0.0046952 0.2710505 0.2091770 0.0615947 0.3013006 0.2173599 0.7787981 -0.1761138 0.2828182 0.5262505 0.6438373 0.6193773 0.5700090 0.5986920 0.6004196 0.5575682 -0.2265327 -0.0822475 -0.5144784 -0.4025487 -0.6119416 -0.5320765 0.1877723 0.6678521 0.1479735 0.2889994 0.3407407 0.5981678 0.1660285 0.5000942 -0.0072478 0.3571044 -0.1904104 -0.0067412 0.0659196 0.1222359 0.0782879 0.3127328 -0.3383583 -0.4548971 0.0149882 0.0685285 0.0935422 0.2481245 0.1856042 0.1479644 -0.2698486 0.1537095 0.1776132 0.1620264 0.1901121 0.0229640
0.6944029 0.0000000 -0.2261228 0.6292294 -0.5467572 0.7096280 0.2956211 0.2084132 0.4202307 0.5132412 0.3965490 0.7663938 -0.4851850 0.4748840 0.5585367 0.0124546 0.6126906 0.1787473 -0.2236229 -0.3069497 0.6177167 -0.0956340 0.0568643 0.4341814 -0.0468113 -0.1616554 0.2866725 0.3730764 0.6030666 0.2876575 -0.2185034 -0.0358021 0.2521032 0.4376970 0.1540393 0.5820141 0.0730273 -0.1821980 0.3435808 0.2661465 -0.3902840 -0.3083860 0.2268166 0.2552504 0.4069438 0.0609539 0.1163298 -0.3700645 0.4248675 0.0455128 0.2457608 0.1732065 0.5361679 0.3061049 -0.2617418 0.0223111 -0.0331400 0.3675800 -0.6741914 0.1720108 -0.6051771 0.1512304 -0.4458522 0.3686734 -0.3193615 -0.6021206 0.0848639 0.1428253 -0.4713506 0.2701156 -0.4702765 0.6536969 0.0956670 -0.0042920 -0.3942648 0.4108686 0.5261986 -0.1634931 0.1500664 0.0400977 -0.2832277 0.1766167 -0.0524757 0.1669921 0.4805889 0.0331867 -0.0063366 0.4671122 0.0029779 0.2127021 -0.0533726 -0.1328247 -0.4463317 0.2285695 -0.4587809 -0.4910117 -0.3608442 -0.6707169 -0.2629603 -0.2428176 -0.1828934 -0.6499673 -0.3089198 -0.1895952 -0.3736781 0.0517417 -0.5697784 -0.3350648 -0.3851932 -0.7065946 -0.0291574 0.1312690 0.4193735 -0.3167547 -0.1476715 0.2199410 -0.5992535 -0.1521922 0.1193608 -0.4907676 -0.3477432 -0.4554338 -0.1678592 0.4035556 -0.5141108 -0.1430828 0.2312882 0.0757069 -0.1992029 0.0533787 -0.2359457 0.1471784 -0.2120867 0.6025402 0.0702145 -0.2261374 -0.3759141 0.1339971 -0.3057661 -0.0862350 -0.1526368 -0.1405511 0.3564543 0.2115436 -0.3829506 0.2981075 -0.4025077 -0.4422972 0.1439430 -0.2773339 -0.0346112 0.0085715 -0.1217376 -0.1039182 -0.1052235 0.1042168 0.0449491 -0.0790354 -0.0693304 0.0862342 -0.0296584 0.0111587 0.2206754 -0.0075170 0.0054289 -0.0038992 0.0983764 0.0424778 -0.2108386 0.1574348 -0.0091601 -0.0816286 0.4625335 -0.4087302 0.0185946 0.2582778 0.4823465 0.4762988 0.5035953 0.5964177 0.5366165 0.2080373 -0.5301555 -0.4046749 -0.6335874 -0.5063939 -0.6695556 -0.6637560 0.0663458 0.6823990 0.2531107 0.5056479 0.4501483 0.6401960 0.0160767 0.3331934 -0.2838842 0.4333341 -0.4904097 -0.2708117 -0.0098175 0.3121736 0.2616808 0.3772747 -0.0124873 -0.4746134 0.0564805 0.3518030 0.3473130 0.2294114 0.3479058 0.5705301 -0.0693784 0.3785536 0.4879342 0.0429629 0.3092628 -0.0382447
-0.6515341 -0.2261228 0.0000000 0.3463523 0.5487178 0.1511787 -0.3216348 0.1896530 0.4586472 0.4457876 0.1535360 -0.1099970 0.5605601 0.4862657 0.3699896 -0.0517376 0.1339712 0.6400006 0.1089763 -0.3371342 -0.4445341 0.1433327 -0.1486058 0.6372364 0.1439551 -0.1042425 -0.2064282 0.4249877 0.1955946 -0.1322070 0.0943281 0.0090093 0.6683239 0.4345491 -0.4119707 -0.6095435 -0.1635624 0.2217672 -0.1537224 0.2000313 0.3824903 -0.2600582 -0.3232721 0.5275283 0.0798575 -0.3868277 -0.3912001 0.3933632 0.4940687 0.2026538 -0.3542811 -0.3188521 0.2925898 -0.0634658 0.3514392 -0.1718451 -0.1679109 0.3823949 0.1705436 -0.3272721 0.1926538 -0.2543555 0.3985535 0.3571425 0.0982123 0.3181765 -0.1580221 0.0786154 0.0155640 0.1839507 0.1368524 0.0988144 0.1370343 0.3636715 -0.1478102 0.1544439 -0.1018635 -0.0116224 0.1390363 0.3276470 -0.0812877 -0.2719522 -0.0638720 -0.1972175 0.2664353 -0.5141013 -0.2359287 0.1412064 -0.1482065 0.1206557 -0.4805176 -0.1129205 -0.2292986 -0.2579076 -0.0836679 0.1475321 -0.0314541 -0.0294015 -0.0113121 -0.2674515 0.0276991 -0.2996262 -0.2868249 0.1556425 -0.0539197 0.2783873 -0.3157162 -0.0336307 -0.1342334 -0.0003296 0.0082592 -0.2062437 0.2414966 0.1568933 0.0190942 -0.1370405 -0.0768139 -0.0457126 -0.1701827 0.0571031 0.3308199 0.2280721 -0.0973310 0.3290112 0.1844859 -0.4039596 0.3702066 0.1779225 -0.3835669 0.4717497 0.1520380 0.1470124 0.0960653 0.0566622 -0.3155321 0.0798492 0.0033287 -0.5408534 -0.0168095 -0.0423417 0.2168852 -0.1195647 0.0823572 -0.5183718 -0.1261287 -0.0445131 -0.1255028 0.3513246 -0.1312459 0.2374726 -0.1194403 -0.4297857 -0.2931228 0.0225873 0.5557596 -0.3283415 -0.0688526 -0.2425930 -0.2691515 -0.2800079 0.4535606 0.3812277 -0.2460860 0.1422668 0.1169244 -0.3383655 -0.0849015 -0.2464153 -0.0949553 0.1195348 -0.5317486 -0.2644266 -0.6397434 -0.2293937 -0.5717164 -0.5602315 -0.5128316 -0.3615650 -0.4847607 -0.4264160 -0.1844686 -0.5394949 -0.2376790 -0.1689140 0.0950169 0.2121178 0.2688892 0.2418738 -0.1688053 -0.3396564 -0.3755013 0.0759069 -0.1444483 -0.4041880 -0.4625996 -0.6300527 -0.5414501 -0.1579317 -0.1116106 -0.4654211 -0.0100951 0.0071539 0.2105738 -0.0940019 0.3985024 0.2534368 -0.1834669 0.3900499 0.3470847 -0.3504693 -0.0439534 0.1733596 0.2275307 -0.1706105 0.0771208 0.0328419 0.0358720 0.0359301
0.1408483 0.6292294 0.3463523 0.0000000 -0.1186648 0.6944105 0.0025069 0.6296150 0.5980042 0.8394637 0.7168139 0.4636810 0.2040843 0.4248864 0.6140946 0.2998896 0.7144704 0.6286711 0.2111418 -0.4899033 0.2150456 0.1791181 0.2397516 0.7280917 0.3523425 0.1376515 0.3274428 0.3452265 0.5457499 0.2759790 -0.0162071 0.2647262 0.5866777 0.5904986 0.1621578 0.1041630 0.3041653 0.1322741 0.5073954 0.5681398 -0.1694493 -0.2996163 0.2738723 0.6230283 0.5599691 0.1022909 0.2158871 -0.1024622 0.5992647 0.4392961 0.3102991 0.2018246 0.6205591 0.3323911 -0.0981823 0.1743062 0.2051800 0.6928618 -0.6274444 0.2992380 -0.4928837 0.2288297 -0.1797681 0.6020607 -0.2036154 -0.3488038 0.3010308 0.4608730 -0.3171318 0.6111823 -0.3563143 0.6688054 0.4254631 0.1404506 -0.5928079 0.6828030 0.4227015 -0.4064367 0.2903000 0.1411061 -0.5550533 0.0781261 -0.0239965 -0.1654293 0.5467510 -0.3443855 -0.1626623 0.6473632 -0.1968486 0.3770285 -0.2924689 -0.2778645 -0.3655052 0.0173315 -0.3166438 -0.1825567 -0.6295919 -0.5290092 -0.0426586 -0.4403858 -0.0277042 -0.5452274 -0.2764213 -0.1441453 -0.3574023 0.4571501 -0.3862867 -0.3010806 -0.1966840 -0.4279649 0.1181147 0.3614051 0.7732864 -0.0654218 0.0231613 0.4482134 -0.5167616 0.0155115 0.2844225 -0.2259973 0.0586789 -0.1566451 -0.0948664 0.8220353 -0.2279066 -0.1877276 0.4626869 0.0765273 -0.2761591 0.4865245 0.1048957 0.0452523 -0.1956980 0.5401432 -0.3552391 -0.1292640 -0.1756328 -0.1347117 -0.2485155 -0.1155940 -0.2518816 -0.2061200 0.3287837 -0.0791433 -0.3371745 0.2614112 -0.4562017 -0.3620690 -0.1818114 -0.1237406 -0.0386973 -0.0451926 -0.2522526 -0.3144191 0.1377370 -0.0429620 -0.2518339 -0.1013827 -0.3640098 -0.0070691 0.0933223 -0.0786839 0.2062102 -0.0346517 -0.1423262 0.0492858 0.1468563 -0.3278458 -0.3850762 -0.1631350 -0.4022143 -0.4644340 -0.2994206 -0.7181403 -0.3477193 -0.2498939 0.1248374 0.1520751 0.2913585 0.4141414 0.3849275 -0.1856282 -0.7657289 -0.5962140 -0.6302131 -0.3850759 -0.6122743 -0.5658506 -0.0671228 0.3690171 0.1201020 0.3423961 0.0836823 0.3893239 -0.0957095 0.0225809 -0.5914419 0.2578209 -0.7078948 -0.3410964 0.0647084 0.5011114 0.5627584 0.3314310 0.1676190 -0.2821150 -0.0494697 0.5117088 0.6122074 0.0431538 0.4471050 0.4885351 0.0257615 0.1354978 0.2575115 0.2282065 0.5876165 -0.0039392
-0.5396837 -0.5467572 0.5487178 -0.1186648 0.0000000 -0.5756470 -0.2505319 -0.0813155 -0.3386199 -0.2192611 -0.4124478 -0.5273664 0.4853286 0.0706805 -0.3753705 -0.3869149 -0.2027793 -0.0000675 0.0213358 0.0198520 -0.2745516 0.3624697 -0.2492167 -0.0951094 0.0117718 -0.2224181 -0.0662176 0.0682957 -0.3903795 0.0189796 0.3771262 0.2691210 -0.1317159 -0.4317094 -0.4877324 -0.4603328 -0.1454449 0.4225898 -0.2982539 0.1105265 0.6710548 0.0542912 -0.5460472 0.0473404 -0.0429724 -0.4185830 -0.3369596 0.6452744 -0.3308462 0.3223047 -0.4475280 -0.3261420 -0.4986978 -0.1664592 0.5091528 -0.1994746 -0.1302538 -0.2439475 0.3504196 -0.2695275 0.6114527 -0.3051100 0.7252002 -0.3795851 0.6102859 0.6698893 -0.0885395 -0.0903559 0.3540120 -0.1751350 0.3591056 -0.5923375 -0.1577259 0.2882938 0.0838818 -0.2770783 -0.5069495 0.2408879 0.1795801 -0.1860977 0.4922710 -0.5178777 -0.0603074 -0.2585830 0.0217531 -0.4575154 -0.1934755 -0.2701080 -0.2809036 -0.2336852 -0.2740371 -0.0195892 -0.0389992 -0.1692474 0.0472413 0.2986358 0.1409884 0.2053380 0.0905735 0.0934718 -0.1164497 0.1045811 -0.1814527 0.3141986 0.1462081 0.1962349 -0.0293792 0.0863167 0.2356138 0.3954740 0.0963560 -0.1498403 0.0039600 0.1063659 0.1972100 -0.0935688 0.1528284 -0.2507711 -0.3493673 0.1957930 0.2504645 0.3915566 0.0124586 -0.2610808 0.1831269 0.2677337 0.1958822 0.1499074 0.0925575 -0.0776063 0.2224165 0.1700811 0.2980383 -0.6095046 -0.0979946 0.0851425 0.1272987 -0.1719827 0.1398806 -0.0511822 -0.2238540 -0.0289279 -0.1798529 -0.2690106 0.1399756 -0.1542964 0.0932897 0.3078953 -0.4216296 0.0235211 0.1901850 -0.0868818 0.1628969 -0.4870766 0.0200454 0.1245567 -0.3455408 0.0084330 -0.2714064 0.1837376 0.0819249 0.0574200 0.2463497 -0.0136004 -0.0714605 0.1333823 0.1497184 -0.4369754 0.0417537 -0.2191646 -0.3791145 -0.3717134 -0.3885050 -0.0238845 -0.2522296 -0.3208706 -0.1953810 -0.1896902 -0.1708970 -0.2405846 -0.1095756 -0.0884469 0.0407530 0.2418054 0.3744246 0.7992860 0.6032857 0.7119794 0.0028389 -0.4747303 -0.1370477 -0.4889141 -0.3312880 -0.2126853 0.1738093 -0.1200614 0.1975708 -0.3458124 0.2306313 0.2549712 0.5309970 -0.0603530 0.0722023 0.2226312 0.6364454 0.4799686 0.1463856 0.2626978 0.3494740 -0.0109571 -0.1149192 -0.4820349 0.6271739 -0.4425991 -0.6449062 0.6031481 0.1568967 0.3278131
0.3076166 0.7096280 0.1511787 0.6944105 -0.5756470 0.0000000 0.2919582 0.2657698 0.8456379 0.7930366 0.6137177 0.7634371 -0.2763447 0.4955785 0.7997379 0.1622614 0.5390700 0.4641742 -0.0370344 -0.4018836 0.1667463 -0.1982859 -0.0483849 0.7630834 0.0258005 -0.0525584 0.0920908 0.4153058 0.7461241 0.2392891 -0.2335071 -0.1794555 0.7487517 0.8415766 0.0891877 0.0916577 0.0531693 -0.1667050 0.4330440 0.3040428 -0.4075686 -0.3699552 0.2750138 0.5417259 0.3673125 0.1023947 0.0922771 -0.2955734 0.8588821 -0.0653287 0.1878602 0.0793002 0.8651856 0.1684351 -0.1606287 0.1410753 0.0051610 0.6785401 -0.4326342 0.0726444 -0.5027660 0.0725356 -0.4108212 0.7695474 -0.4378846 -0.6428518 -0.0187877 0.1280017 -0.4499842 0.3802357 -0.5613642 0.8681431 0.2000739 0.1358657 -0.5462039 0.5149447 0.6186525 -0.4791910 -0.0187648 0.3850899 -0.6369407 0.4238101 0.0888528 0.3697006 0.5919068 0.1237607 -0.1896315 0.6918649 0.2223225 0.4801841 -0.2603179 -0.2387450 -0.5374309 0.2406745 -0.2147459 -0.4916902 -0.4733136 -0.6591488 -0.0131715 -0.2504811 0.0715167 -0.7070958 -0.4380898 -0.1295962 -0.5596345 0.1008065 -0.4950355 -0.3794333 -0.5644375 -0.6286872 -0.1265403 0.0369247 0.3535258 -0.2541805 -0.1350962 0.0375965 -0.5748895 -0.0063646 0.1411773 -0.5260385 -0.2529151 -0.4185202 -0.1834403 0.6705790 -0.3950395 -0.6093520 0.2210658 -0.0944056 -0.5119993 0.3258708 -0.3026053 -0.1620431 -0.4812966 0.8088716 -0.2162597 -0.2990384 -0.4136492 -0.1873297 -0.4229413 -0.2162695 0.2188310 -0.1663044 0.4927495 -0.1317445 -0.5093235 0.1215419 -0.3851380 -0.2925275 0.4481628 -0.0359722 -0.3887373 -0.2769671 -0.4059187 0.3443186 0.2657594 -0.3254450 0.3072727 -0.2967738 0.1247209 -0.3943227 0.3343245 0.2287906 -0.2764074 0.0858490 0.1547959 -0.3884868 -0.1166126 0.3022911 -0.1031245 0.3802048 0.0382507 0.1325236 0.0554497 -0.2922476 -0.0542646 0.0246768 0.0381853 0.1487883 0.0040137 0.1850390 0.2748614 -0.1770758 -0.4349230 -0.4801487 -0.4901133 -0.5844248 -0.5606518 -0.6165068 0.0032012 0.4779878 -0.1629589 0.6605820 0.3533574 0.2104063 -0.4883344 -0.1522515 -0.7053964 0.4863611 -0.4829149 -0.6758567 -0.4650485 0.0965474 0.1976064 -0.0699736 -0.1092719 -0.3802764 -0.3622037 0.2705864 0.1278640 -0.2411724 0.1604645 0.7127244 -0.2695347 0.4818906 0.7166056 -0.3776405 0.2898982 -0.1078607
0.3969798 0.2956211 -0.3216348 0.0025069 -0.2505319 0.2919582 0.0000000 0.0422228 0.1331738 0.0941249 0.1461099 0.6615874 -0.4427914 0.0278513 -0.0196976 -0.0348340 0.0946827 -0.2137111 0.0186021 0.0995912 0.3353575 0.0518186 -0.0001068 -0.0492333 0.0387759 0.0558139 0.2831733 -0.0598426 0.1442790 0.4722366 0.0396090 -0.0403796 -0.0446365 0.0450590 0.2133866 0.2245617 0.2379063 0.0585869 0.4564418 0.0669746 -0.2635599 0.0220742 0.3226074 -0.0121646 0.3729057 0.2116611 0.3522783 -0.1680432 0.0702630 0.1710174 0.1477967 0.3719663 0.1972790 0.2349603 -0.1753196 0.0904143 0.2350792 0.2637450 0.0569648 0.3085377 0.1623279 0.2556741 -0.2882520 0.2943577 0.1810600 -0.2924065 0.0875033 0.0131419 -0.0540425 0.1906399 -0.2683777 0.3510873 0.0761698 0.4403303 -0.2610588 0.2575353 0.6114488 -0.2297491 0.2623098 0.3838047 0.0702003 0.0139994 -0.0992196 0.2568368 0.1860427 0.0650503 -0.4799466 0.1052721 -0.0017729 0.0504313 -0.2161051 -0.2728483 -0.4585042 0.0537336 -0.3067768 -0.4428525 -0.2599123 -0.4581819 -0.1575597 0.1459458 -0.3130202 -0.3961000 -0.5262530 -0.0505294 -0.5380127 -0.2836025 -0.1460415 -0.4940537 -0.3799827 -0.4277943 -0.3615173 0.0220487 -0.0416673 -0.5769110 0.1144903 -0.0804819 -0.5042983 -0.3083631 -0.1162230 -0.4374264 -0.3989656 -0.3341566 -0.3014126 0.0662538 -0.4187294 -0.0539927 0.1614421 -0.2951373 -0.1205237 -0.1457550 -0.1724538 -0.3253673 -0.2742002 0.3465441 -0.0125919 -0.4528533 -0.2975037 0.2350309 -0.1232240 -0.2212825 0.0929445 0.0353185 0.3652980 0.0839416 -0.2743164 -0.2330423 -0.1303708 -0.3894105 0.4189729 -0.2998955 -0.3709093 0.1597103 -0.1354819 0.1292137 -0.4664464 0.2283264 0.3335387 -0.3452435 0.2887778 -0.1825231 -0.2715326 -0.1209723 0.0888510 0.1438484 -0.2907300 -0.0990823 0.1275102 0.3891483 0.1203096 0.3256082 0.0870451 0.1687887 0.4829555 0.4015400 0.8044342 0.5193871 0.3296414 0.3908831 0.1611884 0.3233590 0.4517571 0.3304919 0.0988094 0.0927998 0.0386083 -0.0048717 -0.1691210 -0.0339832 0.5403508 0.5988881 0.0728754 0.5031330 0.5586926 0.4477561 -0.0100398 0.3025019 -0.0138120 0.8415430 0.2696783 0.0138494 -0.2383925 -0.2799592 -0.0925427 0.4381603 -0.0592758 -0.2092092 -0.2109285 0.1160418 -0.2166213 0.0429322 -0.0901068 0.3166834 -0.0243788 0.5127471 0.1917959 -0.0080602 0.2683402 0.0483024
0.0942268 0.2084132 0.1896530 0.6296150 -0.0813155 0.2657698 0.0422228 0.0000000 0.3401355 0.4641273 0.7949103 0.1314327 0.5952699 -0.1019649 0.2090291 0.6718707 0.3835053 0.4264718 0.7788586 0.0771685 -0.0236985 0.5148795 0.6585049 0.2498153 0.8597742 0.5859062 0.5329752 -0.1320725 0.0531753 0.1681013 0.1378454 0.5523466 0.1599895 0.2761257 0.6087090 0.0166361 0.7233347 0.1834976 0.6289248 0.3664450 -0.2703134 0.0055805 0.6367548 0.2005436 0.4787807 0.4544863 0.6198550 -0.2783630 0.1858735 0.5088637 0.6561306 0.5351570 0.3299657 0.2470984 -0.3462377 0.1703816 0.6258997 0.5554239 -0.3099932 0.6560395 -0.2438703 0.5000003 -0.2560050 0.5616480 -0.0257612 -0.0615834 0.6452998 0.7122317 -0.0948493 0.7799546 0.2161516 0.5033986 0.7150630 0.2400250 -0.0506227 0.8062126 0.4405800 -0.0985534 0.5126929 0.3465221 -0.2920203 0.1523779 -0.1761440 -0.3132970 0.2980820 -0.3683902 0.0979297 0.5535679 -0.1048826 0.2891761 -0.2974881 -0.2293850 -0.1161475 -0.0534383 0.0007793 0.1853754 -0.6627294 -0.0415029 0.1151148 -0.1835081 0.1003005 -0.0677584 0.1146428 -0.1546170 -0.2639454 0.4195737 0.0784400 0.0755176 0.0255341 -0.0759389 0.1744841 0.5196299 0.6567409 0.2361157 0.0374349 0.4740380 -0.1594998 0.3200656 0.4697297 0.0543946 0.3502717 0.2570213 0.1944833 0.7878367 -0.0643097 -0.0856014 0.5077011 0.2453121 -0.1780463 0.4934476 0.2352764 0.1023150 -0.2754612 0.3247247 -0.4568154 -0.0201915 -0.1135698 -0.2735801 -0.2313001 -0.1793266 -0.3088624 -0.2726116 0.1060690 -0.2369815 -0.3054448 0.0927680 -0.5121910 -0.5299433 -0.2897127 -0.0778476 -0.1233861 0.0249161 -0.3420646 -0.3461323 -0.0695950 -0.1415358 -0.2621487 -0.3264922 -0.4111463 -0.0805541 -0.3388753 -0.3713849 0.1067452 -0.0553053 -0.5488238 0.0691593 0.1808224 -0.2897238 -0.2398774 -0.4120212 -0.5634171 -0.4426007 -0.3562787 -0.4405411 -0.2087966 -0.1886345 0.0150518 0.1075300 0.1480836 0.2306150 0.2080747 -0.0480150 -0.3669977 -0.2122777 -0.3372087 -0.3032787 -0.4717263 -0.3323481 0.2136851 0.2743745 0.0175870 0.2029259 -0.0362737 0.1056734 -0.1029337 -0.1014915 -0.3734165 0.0858574 -0.2724152 -0.1210546 -0.0364852 0.3646245 0.6094490 0.3851693 -0.2780986 -0.2208399 -0.1737478 0.3366160 0.2074232 0.0273327 0.4501248 0.1408406 -0.3996692 -0.2657629 -0.0952629 0.2295570 0.2944332 -0.2290451
0.0098439 0.4202307 0.4586472 0.5980042 -0.3386199 0.8456379 0.1331738 0.3401355 0.0000000 0.8606576 0.6089029 0.5396748 0.0455794 0.5382420 0.8714178 0.2000080 0.5522649 0.7351487 0.1619475 -0.2685774 -0.1593268 0.0640570 0.0882563 0.8893494 0.2497334 0.1143602 0.1951007 0.4383936 0.6027543 0.2067787 -0.1943162 0.0172541 0.8420173 0.8616014 0.1214180 -0.1722941 0.2086834 0.0968934 0.3739794 0.3111258 -0.2003794 -0.4154602 0.2055314 0.6488598 0.2412313 0.1518584 0.1001688 -0.0461028 0.9193893 0.1335891 0.1626583 0.0759045 0.8118386 0.1340720 0.0479723 0.1904700 0.1540727 0.7831602 -0.2022458 0.0856928 -0.3211316 0.0669913 -0.1889522 0.8973638 -0.3666322 -0.3168107 0.0669632 0.2459498 -0.2105228 0.4236423 -0.2674170 0.8051228 0.3789008 0.2529949 -0.3467419 0.5435868 0.4915346 -0.3428555 0.1160634 0.5282058 -0.5739763 0.3568181 -0.0638385 0.1904514 0.5325331 0.0409753 -0.0689423 0.7218242 0.3264106 0.5119867 -0.3392561 -0.0832164 -0.4492601 0.1548319 -0.1102338 -0.1742411 -0.3567050 -0.4049189 0.0919718 -0.3170376 0.2079218 -0.5302769 -0.3486422 0.0251841 -0.4013336 0.2517099 -0.3549156 -0.0947944 -0.4096488 -0.3712744 0.0085813 0.0612052 0.3749586 0.0218403 -0.1628691 -0.0410944 -0.3792622 0.1600310 0.1659680 -0.2713341 0.1082694 -0.1383141 0.0280996 0.7359392 -0.1882812 -0.6783149 0.4182689 0.1514196 -0.5646252 0.5886161 -0.0873435 0.0148072 -0.3131093 0.7547446 -0.2970721 -0.0946872 -0.2473603 -0.3293367 -0.2815387 -0.0699435 0.3715600 -0.0888706 0.4316566 -0.3411107 -0.4096349 0.1634163 -0.2540173 -0.0425111 0.3712306 0.1788765 -0.3429046 -0.3226592 -0.3525786 0.4207614 0.4928902 -0.3543334 0.3129315 -0.2777162 0.0768556 -0.4169573 0.3816521 0.3516091 -0.3204869 0.2973865 0.2382508 -0.3834614 0.0210431 0.2582730 -0.0885539 0.3906234 -0.1042935 0.0938061 -0.2283524 -0.2408494 -0.1926608 -0.2702001 -0.2777049 -0.1110830 -0.2750204 -0.1247747 0.0526775 -0.4348391 -0.3717168 -0.4675589 -0.3203237 -0.4814491 -0.3729413 -0.4181700 -0.0876544 0.2550731 -0.2801416 0.6373385 0.2891483 -0.0990073 -0.6295331 -0.4237427 -0.8222296 0.3506100 -0.4205532 -0.7171848 -0.4627935 -0.0262652 0.3465528 -0.1611843 -0.1224110 -0.3785054 -0.3829036 0.4250187 0.1339505 -0.3864656 0.2365970 0.7289677 -0.3628675 0.2714414 0.6931136 -0.3395320 0.1750904 -0.0546236
-0.0439566 0.5132412 0.4457876 0.8394637 -0.2192611 0.7930366 0.0941249 0.4641273 0.8606576 0.0000000 0.7303071 0.5388409 0.1270486 0.5263822 0.8094204 0.2785967 0.8044744 0.8115886 0.1792286 -0.5172399 0.0548075 0.0425183 0.2238748 0.8849076 0.3486269 0.2464882 0.2882371 0.3403315 0.6376469 0.1897401 -0.2345967 0.1336291 0.7860627 0.7956592 0.1379992 -0.0396573 0.3035749 0.1190747 0.4800226 0.4822458 -0.2252285 -0.2937041 0.2517306 0.8224365 0.4483316 0.1745334 0.1639046 -0.0717980 0.8459666 0.3967741 0.2506889 0.2027489 0.7769441 0.3657918 -0.0128561 0.2623378 0.2027569 0.8540293 -0.3523924 0.2550695 -0.3622800 0.2283200 -0.2120143 0.8020826 -0.2899096 -0.3392133 0.2725585 0.4383209 -0.2593966 0.6034139 -0.3245760 0.7702015 0.5024226 0.2559392 -0.5305566 0.6076216 0.4909462 -0.4366253 0.1799832 0.3080442 -0.6240063 0.1858526 -0.0023025 -0.0635945 0.5163061 -0.1113944 -0.0958007 0.6663231 0.0694515 0.5273048 -0.1901202 -0.1633481 -0.3030132 0.0337314 -0.2409416 -0.2030155 -0.4748783 -0.5014480 0.0507766 -0.4249279 0.1023518 -0.5206908 -0.3110308 -0.0422379 -0.3022047 0.3837729 -0.3048060 -0.2166450 -0.2149987 -0.3739770 0.1604938 0.2897111 0.6226640 -0.0674557 -0.1319308 0.2201699 -0.5244558 0.0125675 0.1977936 -0.2234111 0.0824302 -0.2256328 -0.0420510 0.8042677 -0.1332713 -0.3875850 0.3827234 0.0330573 -0.3846852 0.6508892 0.1251851 -0.0357469 -0.1561834 0.7071338 -0.3747774 -0.0678326 -0.0627763 -0.1812042 -0.1311884 -0.0188319 0.0464267 -0.1419393 0.3294813 -0.1000315 -0.2587724 0.2790314 -0.2816073 -0.0931291 0.0617632 0.0054413 -0.1740661 -0.1101480 -0.2882810 0.1011526 0.3491434 -0.1129328 0.0288324 -0.0913386 -0.1359287 -0.1845835 0.2849061 0.1151876 -0.0222720 0.1903452 0.0770198 -0.0750936 0.1458416 -0.0673204 -0.3303829 0.0943714 -0.2608139 -0.2501647 -0.3763169 -0.5067970 -0.2511284 -0.2730595 -0.0903538 0.0050793 0.0112633 0.1818052 0.2319244 -0.3323512 -0.5448930 -0.5116569 -0.4116241 -0.4471078 -0.5130058 -0.5166455 -0.0687100 0.3369906 -0.0191350 0.5543618 0.2571331 0.1917903 -0.3264034 -0.1615617 -0.7337330 0.3921659 -0.5898894 -0.4902287 -0.2147317 0.2459631 0.4054949 0.0668001 0.0244532 -0.2759664 -0.2076399 0.4111384 0.3941009 -0.1461406 0.3324194 0.7639558 -0.1669191 0.3867003 0.5648863 -0.0894019 0.4335046 -0.0285785
0.1883707 0.3965490 0.1535360 0.7168139 -0.4124478 0.6137177 0.1461099 0.7949103 0.6089029 0.7303071 0.0000000 0.4660170 0.3040792 0.1105751 0.5309910 0.7824741 0.6138602 0.5145379 0.5493029 -0.1404095 0.1212281 0.0790807 0.6565466 0.4933743 0.6451970 0.5554567 0.3211191 0.0677273 0.4825093 0.1593468 -0.1031578 0.1823550 0.4553783 0.6520534 0.6089160 0.1483696 0.6043674 -0.0616213 0.7917799 0.5433648 -0.5263651 0.0245658 0.7916535 0.5236577 0.6353590 0.4944581 0.5946236 -0.4761502 0.5501407 0.3843360 0.6706203 0.6619112 0.7372508 0.5344408 -0.4807987 0.2608061 0.5510626 0.8293041 -0.4880605 0.6585682 -0.4992371 0.6370249 -0.5659715 0.7523069 -0.3252068 -0.3832997 0.5680091 0.6815705 -0.2490769 0.8787028 -0.1386951 0.7854386 0.7574848 0.0925339 -0.3448481 0.8872120 0.6175096 -0.2844239 0.4121347 0.4361151 -0.5403180 0.3539160 0.0732982 -0.1309583 0.3504404 -0.0663640 -0.0156156 0.5572187 0.0319022 0.5491372 -0.0376988 -0.2072999 -0.0532288 -0.0711898 -0.0882242 -0.0320023 -0.5198171 -0.2131582 0.1009888 -0.3372349 0.2444368 -0.2130372 0.0523434 -0.1054353 -0.2439538 0.3801134 0.0404258 -0.0939044 -0.0983242 -0.1400687 0.2140000 0.4862768 0.5930909 0.1448231 0.1522782 0.4702073 -0.2304659 0.3748992 0.4977599 -0.0623061 0.1922651 -0.0760990 -0.0308962 0.8603585 -0.0400446 -0.2860682 0.3438009 0.0169738 -0.2621252 0.6131632 0.2172765 0.0289144 -0.2867413 0.6895324 -0.3217421 -0.0529440 -0.0824231 -0.1321214 -0.1444542 -0.0725832 -0.0188596 -0.1436830 0.2685045 -0.0003503 -0.2319141 0.1254178 -0.4013962 -0.4292585 0.0195137 0.0181401 -0.1467750 0.1073441 -0.3886270 -0.0399223 0.0154428 -0.0843540 0.0150113 -0.2295178 -0.1696667 -0.1582164 -0.2366690 -0.2290026 -0.0546568 0.0830274 -0.4093960 -0.0659989 0.0322960 -0.0332211 -0.2065557 -0.1594005 -0.3121064 -0.2294937 -0.2807215 -0.5036719 -0.1643300 -0.0814610 0.0494318 0.1527046 0.1514844 0.3092264 0.3032329 -0.0985740 -0.5001889 -0.3933389 -0.5395713 -0.6581594 -0.7578265 -0.7077315 0.0376586 0.4063328 -0.0075043 0.4707884 0.1094648 0.2163513 -0.2578550 -0.1186563 -0.6127156 0.3244966 -0.4865677 -0.3424557 -0.2677852 0.3507679 0.3870429 0.1530719 -0.4398435 -0.2917443 -0.2492473 0.1115089 0.1810456 -0.0867070 0.3175123 0.5431753 -0.5214550 0.2035995 0.3803927 -0.0915849 0.3471813 -0.2398121
0.5582967 0.7663938 -0.1099970 0.4636810 -0.5273664 0.7634371 0.6615874 0.1314327 0.5396748 0.5388409 0.4660170 0.0000000 -0.4863060 0.5338260 0.6321058 0.0861869 0.5605422 0.1734038 -0.2372361 -0.2640924 0.5796652 -0.2524590 0.0542059 0.4918961 -0.0505689 -0.0820001 0.0954049 0.3852230 0.7496573 0.2764055 -0.1247311 -0.2900742 0.3973858 0.5743329 0.2033589 0.4836724 0.0402583 -0.2411008 0.4846329 0.2484993 -0.4377570 -0.0332046 0.3755797 0.3511186 0.6131252 0.1169981 0.1833944 -0.3840959 0.5546030 -0.0165275 0.2832230 0.3195433 0.7316678 0.4745352 -0.3291771 0.0477185 0.0113196 0.5640330 -0.4522544 0.2321726 -0.3482466 0.2630270 -0.5284751 0.5413063 -0.1713955 -0.5951095 0.0094984 0.0883026 -0.3464498 0.3239590 -0.4750792 0.7560457 0.1394481 0.2358825 -0.4430387 0.4157337 0.7470549 -0.2198366 0.1718605 0.3453160 -0.1946678 0.2500557 0.0542661 0.3224547 0.4336580 0.1020338 -0.2210019 0.3787605 0.0714044 0.3088810 -0.0992284 -0.3038106 -0.5181104 0.1784388 -0.4276139 -0.6938332 -0.3103417 -0.7747610 -0.2304170 -0.1246124 -0.0925161 -0.7285851 -0.5544524 -0.0554043 -0.5789232 -0.1886494 -0.5230638 -0.6388985 -0.6251437 -0.6974132 -0.2270117 -0.0930335 0.0867873 -0.5797696 0.0451721 -0.0920413 -0.7057355 -0.3018269 -0.1489102 -0.6468571 -0.4916824 -0.6598777 -0.3600828 0.3561449 -0.5174361 -0.3432465 0.1240308 -0.2307253 -0.3501513 0.0291548 -0.2851812 -0.0618750 -0.3708841 0.7179547 -0.0521943 -0.5155415 -0.4644101 0.1226583 -0.2498863 -0.1697999 0.0774061 -0.1153873 0.4951214 0.1815250 -0.4063100 -0.0850499 -0.3894002 -0.4132371 0.4388916 -0.3235001 -0.2969212 -0.0106163 -0.3589303 0.1820173 -0.1822476 0.1044075 0.3766622 -0.3683014 0.1559740 -0.1524385 -0.0255522 0.0240977 -0.0338384 0.1755491 -0.1427987 -0.3030997 -0.1586757 0.3669926 0.0480184 0.4127121 0.0671446 0.1441484 0.5090768 -0.1850909 0.2318857 0.4091224 0.4017063 0.4691364 0.2926753 0.4336062 0.5416931 0.2011400 -0.3229164 -0.2347529 -0.4878893 -0.4482806 -0.6353767 -0.5796691 0.2172135 0.7243267 0.0330440 0.6948434 0.5214039 0.5928927 -0.1862961 0.2283272 -0.4222331 0.8095470 -0.2016627 -0.3949174 -0.3325534 -0.0707119 -0.0198626 0.2416921 -0.1522438 -0.2968778 -0.1649662 0.1303404 0.0966261 -0.0291462 0.0163895 0.7407336 -0.1432191 0.6975903 0.6927773 -0.1299029 0.2912306 -0.0675489
-0.5357681 -0.4851850 0.5605601 0.2040843 0.4853286 -0.2763447 -0.4427914 0.5952699 0.0455794 0.1270486 0.3040792 -0.4863060 0.0000000 -0.1113971 -0.0499556 0.3663746 -0.0408355 0.3605060 0.7078030 0.1592395 -0.5427264 0.5156072 0.4276820 0.1227963 0.6710861 0.4874974 0.0954474 -0.0189783 -0.2921709 -0.1199697 0.4210052 0.5470624 0.1578239 0.0213014 0.2433030 -0.4887687 0.4125393 0.4397572 0.0999111 0.1939404 0.3579638 0.0725710 0.1485550 0.1183820 0.0073574 0.2464406 0.2675839 0.2969709 0.0097044 0.4331910 0.2413163 0.1096951 -0.0542131 -0.0482176 0.1614000 0.2241052 0.4379525 0.1768342 0.1065546 0.2207682 0.0825733 0.0587072 0.3638530 0.1520825 0.0366794 0.5505968 0.2712489 0.3186062 0.3652818 0.3123253 0.5067798 -0.1042540 0.3628307 0.0041442 0.2084258 0.3105929 -0.2339944 0.1883780 0.4150791 0.2671933 0.0071531 -0.1686126 -0.1727488 -0.4999663 -0.1242508 -0.5696458 0.1090467 0.0770012 -0.2025280 -0.0053432 -0.2959438 -0.1151782 0.1760715 -0.3753039 0.1499406 0.5603884 -0.1840613 0.4241263 0.1085624 -0.2404066 0.0912955 0.2667748 0.3228483 -0.0813539 0.1359291 0.3529729 0.2038635 0.3278830 0.1952316 0.4250674 0.1492181 0.1182086 0.3368562 0.5809473 0.2470379 0.3033674 0.3845772 0.3518248 0.2531681 0.4009961 0.6789687 0.6403461 0.2258049 0.3607475 0.2701844 -0.1044933 0.4146529 0.2955431 -0.1826930 0.4486051 0.3726233 0.1792395 0.0937520 -0.2825147 -0.4113668 0.2240551 0.1320002 -0.4736975 0.0370206 -0.0642263 -0.0531114 -0.1664306 -0.0651553 -0.4903737 -0.0167236 -0.0082672 -0.0857109 0.1523223 -0.3841178 0.2995141 0.0807508 -0.1346301 -0.1958093 -0.2580247 0.3527440 -0.2042632 -0.3132095 -0.1384003 -0.3589973 -0.0559185 -0.0040289 -0.0605771 -0.0344045 0.0277066 -0.2425622 0.0718252 0.1040939 -0.4016416 -0.0982589 -0.3362762 -0.5470703 -0.3629411 -0.7390871 -0.2357255 -0.4468614 -0.6601462 -0.5178782 -0.4666732 -0.3474235 -0.3405279 -0.3181808 -0.3630089 -0.1201625 -0.0493128 0.0614804 0.0740714 0.1243940 0.1568847 -0.2155338 -0.4921552 -0.2770075 -0.1828163 -0.3795939 -0.4746426 -0.2199741 -0.5035257 -0.2294369 -0.3820569 -0.0215172 -0.0971046 0.1074567 0.0912555 0.3273081 0.0422549 0.0118059 0.1187002 -0.1714012 0.1961918 0.1709174 -0.2031486 0.0614228 -0.3026484 -0.0674805 -0.5711558 -0.3557250 0.2384443 0.0779652 -0.1177592
0.0034999 0.4748840 0.4862657 0.4248864 0.0706805 0.4955785 0.0278513 -0.1019649 0.5382420 0.5263822 0.1105751 0.5338260 -0.1113971 0.0000000 0.7221975 -0.2963978 0.5149505 0.3735094 -0.3804468 -0.3477954 0.2278492 -0.1444781 -0.2172752 0.7559646 -0.2562257 -0.4481644 -0.0727143 0.8682301 0.6593913 0.2087692 0.1820691 -0.2000722 0.5874554 0.5204167 -0.2786289 0.0308317 -0.3157173 0.0075557 0.0479803 0.3149806 0.2419140 -0.3632054 -0.2448934 0.5461018 0.2400432 -0.2662638 -0.3550800 0.2035601 0.5898853 0.0229548 -0.1560038 -0.2682172 0.4990888 0.1205761 0.2059181 -0.0878627 -0.2546726 0.3086356 -0.3814706 -0.2816971 -0.3045681 -0.3058170 0.1220916 0.2939046 -0.1406087 0.0143902 -0.2915635 -0.2132542 -0.0617305 -0.0180182 -0.1626636 0.2797408 -0.1772793 0.0526467 -0.2011020 0.1051772 0.0290893 0.2278750 0.2177207 0.1708755 0.1243922 -0.1962636 -0.1020788 0.0591711 0.3285653 -0.2408049 -0.0694777 0.1849305 -0.1127278 -0.0506937 -0.2203458 0.0263891 -0.4354939 -0.0766501 -0.5509449 -0.3389272 0.1346606 -0.4184165 -0.4225085 -0.4615397 -0.2146643 -0.6120861 -0.5117298 -0.0739408 -0.1197682 -0.1328230 -0.8308674 -0.3225131 -0.4596581 -0.4472889 -0.2258555 -0.4395162 0.1555551 -0.1562471 0.0363977 -0.1757567 -0.3834082 -0.2354728 -0.3297003 -0.2983085 -0.0180818 -0.2451844 -0.1430390 0.1805316 -0.1645330 -0.4041983 0.3087952 0.2375441 -0.3484886 0.1836573 -0.0598151 0.4438775 0.1121656 0.2851006 0.1384817 -0.1111595 -0.2707406 -0.1040856 0.0107923 0.1218239 0.2170968 0.0883944 0.2890553 -0.1012365 -0.1703841 0.0521993 -0.0464025 0.2402909 0.1807956 0.1300918 0.0787118 -0.2266135 -0.0850334 0.0550353 0.3754691 0.0254017 0.2207505 -0.1229585 -0.0588283 -0.0160884 0.3657374 0.5606661 -0.0014808 0.3641635 0.2947047 -0.2747394 -0.0219600 0.0743674 -0.0308690 0.5090065 -0.1520885 -0.0444325 0.1169323 -0.2853800 -0.3382352 -0.1766954 -0.0667440 -0.0218950 -0.0509452 -0.0479426 0.0360247 -0.2558738 -0.4982518 -0.3683311 -0.4207558 -0.1213381 -0.1947421 -0.2366933 -0.3183422 0.0190672 -0.1336738 0.2748786 0.1356737 0.1189650 -0.3098056 -0.2115621 -0.3686049 0.1893140 -0.2872171 -0.4812552 -0.0222518 -0.0944934 0.0988695 0.1401588 0.3861141 -0.0650056 0.0776196 0.3763210 0.3960524 -0.2022697 0.0189091 0.5042818 0.3150547 0.2696343 0.5228805 0.0411064 0.2131698 0.1957652
0.1287113 0.5585367 0.3699896 0.6140946 -0.3753705 0.7997379 -0.0196976 0.2090291 0.8714178 0.8094204 0.5309910 0.6321058 -0.0499556 0.7221975 0.0000000 0.1470992 0.7008478 0.6977366 -0.1236973 -0.3959811 0.1303171 -0.1632315 0.1007449 0.9068085 0.0689055 -0.0102757 0.0552727 0.5922814 0.8166449 0.0804165 -0.1630703 -0.1499208 0.7778784 0.8512727 0.1177788 0.1212219 0.0224887 -0.1073528 0.2849893 0.3223434 -0.2158915 -0.2541457 0.1770871 0.6408977 0.3144374 0.0722737 0.0057429 -0.1377846 0.8633208 -0.0207310 0.2418566 0.0507062 0.8332932 0.3031844 -0.0733174 0.1071199 -0.0121896 0.6682772 -0.4447619 0.0515289 -0.4967381 0.0546572 -0.2639490 0.6842175 -0.4252630 -0.3575391 -0.0138579 0.1677735 -0.2699985 0.2790356 -0.2948945 0.7422468 0.2339371 0.0357431 -0.3294225 0.3777521 0.3932973 -0.1837457 0.0254416 0.3022980 -0.4506503 0.3536412 0.0787218 0.1688618 0.4219126 0.0563600 0.1272423 0.5833914 0.2068005 0.4023968 -0.0894139 -0.0683986 -0.3289291 0.1753764 -0.2271253 -0.3411133 -0.2324764 -0.5052702 -0.0597818 -0.3611870 0.2175971 -0.5470571 -0.2699850 0.0242502 -0.2831946 0.1246536 -0.4813995 -0.2056227 -0.4567921 -0.4062362 0.0254643 -0.0757033 0.2374831 -0.0951879 -0.1108625 -0.1181390 -0.4210556 0.0108141 -0.0309623 -0.3340669 -0.0506423 -0.3875127 -0.0340408 0.5744115 -0.2323182 -0.5629161 0.2067517 0.0998406 -0.4895165 0.4258377 -0.1181628 0.1755745 -0.2190785 0.6815328 -0.2424300 -0.1686665 -0.2577867 -0.1864324 -0.1953538 0.0393171 0.1964973 -0.1164729 0.3243668 -0.0817227 -0.3122538 0.1758435 -0.2815629 -0.0315983 0.2279761 0.0558737 -0.1157155 -0.2335261 -0.2953662 0.2963491 0.4454127 -0.1639395 0.2466263 -0.1678642 -0.0095226 -0.1568732 0.3605751 0.3130190 -0.1911494 0.2768960 0.2527066 -0.3055829 -0.1544781 0.1577094 -0.0950546 0.3316996 -0.0308440 0.0258514 -0.0405488 -0.4647983 -0.3862397 -0.2040044 -0.0968440 -0.0117770 -0.0531509 0.0072215 0.0965073 -0.3407842 -0.4756065 -0.4950853 -0.5273911 -0.5646201 -0.5336409 -0.5914915 -0.2367998 0.2832157 -0.1348129 0.5223953 0.1884603 0.1042688 -0.4454428 -0.2143265 -0.7449646 0.3351812 -0.4992110 -0.6385379 -0.3273198 0.0339544 0.2399950 -0.1791274 -0.1448471 -0.2772714 -0.1640542 0.2655514 0.2833880 -0.2743893 0.1789735 0.7859468 -0.2831949 0.3965427 0.8062087 -0.2483618 0.2000498 0.0269876
0.0736599 0.0124546 -0.0517376 0.2998896 -0.3869149 0.1622614 -0.0348340 0.6718707 0.2000080 0.2785967 0.7824741 0.0861869 0.3663746 -0.2963978 0.1470992 0.0000000 0.3188126 0.3004339 0.5450749 0.1802432 0.0452264 0.0466263 0.8474875 0.0573681 0.6085325 0.7306957 0.2497001 -0.2632612 0.1461636 -0.0426839 -0.1127556 0.1390974 0.0244593 0.2544067 0.7613515 0.2126550 0.6161196 -0.1779048 0.5917724 0.2957184 -0.5168586 0.2591519 0.8192074 0.2180803 0.4179557 0.4937444 0.6320223 -0.5359253 0.1022372 0.2838557 0.7470341 0.7462681 0.3342193 0.5091959 -0.6088942 0.1414686 0.6099049 0.5574990 -0.3181033 0.7627816 -0.3981684 0.7881809 -0.5782749 0.4494713 -0.2655762 -0.1517338 0.7255158 0.7347010 -0.1035537 0.7949369 0.1921956 0.4220592 0.8164641 -0.1403478 0.0234626 0.7064140 0.3285803 -0.0979758 0.3165140 0.1936269 -0.3997715 0.2846787 0.0065144 -0.3297968 -0.0477551 0.0157369 0.1680627 0.2386430 -0.0382145 0.3439416 0.2224224 0.1097695 0.3882291 -0.2028453 0.1238029 0.3000576 -0.2154916 0.2479568 0.1352439 -0.2683490 0.3787509 0.3036617 0.4055697 -0.0543049 0.1353143 0.2914825 0.4908719 0.1609811 0.2916221 0.2117728 0.2934516 0.5506563 0.3272316 0.3016091 0.1473593 0.3826358 0.1629138 0.5490308 0.5508794 0.3405796 0.3439852 0.1059521 0.0815877 0.5315954 0.3313775 0.0543283 0.0558007 0.0190432 0.1237148 0.5225321 0.4580272 0.0660136 -0.0334019 0.4113850 -0.1099204 0.1554793 0.2881053 0.1091686 0.1918366 0.2421977 -0.0646879 0.1034264 -0.0223737 0.2170179 0.1789114 0.0057631 -0.1150670 -0.3464407 -0.1633624 0.0906440 0.0922631 0.4350144 -0.1207197 -0.0761332 -0.1655289 0.1022944 -0.1032852 0.0175811 -0.1873410 0.0704827 -0.5417846 -0.4166484 0.0072558 0.1277597 -0.5033916 0.1528760 0.0396034 -0.0845181 -0.0958386 -0.3554655 -0.1351081 -0.1741874 -0.2650041 -0.3354050 -0.1103858 -0.0675859 0.0086518 0.0295524 0.1682448 0.1668606 0.0731828 -0.0527331 -0.2660085 -0.2127739 -0.3701550 -0.5985611 -0.6096713 -0.5825127 -0.0761828 0.1787784 0.1768722 0.0571920 -0.2119563 0.0852446 0.0290741 -0.0214300 -0.2585153 0.0513513 -0.3786866 0.0640097 -0.2339768 0.3032098 0.2909623 -0.0069764 -0.6457018 -0.2567067 0.0113541 -0.2423648 -0.0995066 -0.1108361 0.2812248 0.2777853 -0.6481882 -0.0165374 0.1623393 -0.1165683 0.0162880 -0.2313227
0.1996517 0.6126906 0.1339712 0.7144704 -0.2027793 0.5390700 0.0946827 0.3835053 0.5522649 0.8044744 0.6138602 0.5605422 -0.0408355 0.5149505 0.7008478 0.3188126 0.0000000 0.6365645 -0.0284782 -0.3754759 0.4742526 -0.0118328 0.4240973 0.6429450 0.2908508 0.2567906 0.4489741 0.2493249 0.6305689 0.2075122 -0.2462045 0.1483539 0.3554715 0.4765015 0.2979821 0.4096322 0.3520617 -0.0274864 0.5136504 0.5123079 -0.3014885 -0.0228527 0.3066428 0.7353013 0.5887272 0.1886634 0.2379740 -0.2044832 0.4939716 0.4418738 0.4643781 0.3999219 0.5408659 0.6328052 -0.2012057 0.1471360 0.2360759 0.6975123 -0.5302137 0.4915550 -0.3976329 0.4503440 -0.3278337 0.5051716 -0.1341302 -0.2691680 0.5286248 0.5587116 -0.2295571 0.5963737 -0.1374829 0.5856621 0.5511001 0.1212986 -0.3380107 0.4950447 0.3824770 -0.1595958 0.2365371 -0.0858310 -0.3303379 0.1465079 0.0112966 -0.1672501 0.4190781 0.0257707 0.2007146 0.5209066 0.0030355 0.4110263 0.1825521 0.0742632 -0.0779846 0.1219139 -0.2887930 -0.2165062 -0.3068565 -0.4615455 0.0089606 -0.3723348 0.1555035 -0.3240306 -0.2014781 0.0864553 -0.0704123 0.3152093 -0.2035710 -0.1656478 0.0277432 -0.2528258 0.3486322 0.3869425 0.5163523 -0.1639666 -0.1441709 0.1816924 -0.5260511 -0.1083591 0.0598244 -0.1486768 -0.0109967 -0.3673204 0.0418603 0.5424264 -0.0823856 0.0544868 0.1798964 0.0881443 -0.0305361 0.4518466 0.2834839 0.2188840 0.0575908 0.5789512 -0.1488791 -0.0470553 0.0957241 0.2129249 0.1133180 0.2354029 -0.3091001 -0.0243078 0.1164247 0.3525769 0.0198852 0.2897547 -0.2100020 -0.1988877 -0.1815634 -0.2043547 0.1786128 0.2904956 0.0114055 -0.2124402 -0.0224946 0.3475995 -0.1170955 0.1429988 -0.2368778 0.2956127 -0.0852932 -0.1269355 0.3610346 0.2679487 -0.0805361 0.2676476 0.2491514 -0.1863439 -0.2988777 -0.1140584 -0.1296793 -0.3757113 -0.0640712 -0.6537651 -0.2361490 -0.0456570 0.2671444 0.2580495 0.4241332 0.4461797 0.3708481 -0.0251077 -0.5651801 -0.3785355 -0.5391990 -0.4056664 -0.6736583 -0.6035485 -0.0680937 0.4670054 0.3261682 0.2777972 0.1413978 0.5399806 0.1546206 0.2958356 -0.3833033 0.3706663 -0.6270281 -0.0512478 0.0493895 0.3007069 0.3942862 0.2534607 -0.0616950 -0.2612262 0.1978047 0.2368253 0.4622288 0.0624523 0.4402578 0.7509954 -0.1453834 0.4227529 0.4734358 0.2066761 0.4560821 0.1502099
