0.0000000 0.9057646 0.6874397 0.6004451 0.4604339 0.6595270 0.7052031 0.4424820 0.9072195 0.5815515 0.4864392 0.7985211 0.2801828 0.6690093 0.8240040 0.4096575 0.5619623 0.2234306 0.2428854 0.0458609 0.7284584 0.3212497 0.5473694 0.0230458 0.0263672 0.2635184 0.0327724 0.1265919 0.6141838 0.3124515 0.2091078 -0.0066784 -0.1615101 0.3644440 0.4453779 0.6942808 0.2695384 0.2983345 0.2435813 0.4507992 0.3746357 0.6036145 0.5070252 -0.0784789 0.5335097 0.1740751 0.3501534 0.1964559 0.1598644 0.2641427 0.3505982 0.5409131 0.5607335 0.3224831 -0.2142478 0.2021775 0.1369719 0.2737299 0.1880300 0.2680170 0.6163294 0.3949594 -0.1481455 0.4135692 0.5459901 -0.0707462 0.1976322 0.3497768 0.0232382 0.3092573 0.0824075 0.5065859 0.3377701 0.4731698 -0.0793503 0.3541405 0.4148927 0.1565608 0.4145569 0.4004168 0.0378344 0.0360690 0.5226680 0.5037530 0.5790838 0.6972543 0.7405550 0.6026567 0.6447262 0.5788791 0.7060255 0.5160588 0.2194586 0.4923976 0.6401020 0.2238264 -0.1205530 0.3720969 0.4699682 0.5235194 0.6726587 0.4280121 0.4502874 0.6735924 -0.0337451 0.2964852 0.6986243 0.1412289 0.3610886 0.6118863 0.5525651 0.5211728 0.0272090 0.3555445 0.4718438 0.2447114 0.7387145 0.5799528 0.6678775 0.7493347 0.7991838 0.6790313 0.5304456 0.4244285 -0.1859994 0.3620795 0.5688636 0.5253613 -0.0049343 0.5442455 0.6071152 0.5247595 0.4991679 0.4623568 0.6769422 0.4482837 0.2286224 -0.0305560 0.3798996 0.6690942 0.4418656 0.7376390 0.1979698 0.6149149 -0.2378272 0.3730898 0.4380315 -0.1976539 0.6096623 0.7023606 0.5747594 0.3078133 0.8132740 0.4223028 0.5633739 0.0258825 0.2312695 -0.3415380 0.0522478 0.6073679 -0.1679877 0.7445775 0.1969546 0.3211185 0.6604934 0.1510316 0.1174736 0.5789371 0.5812827 0.5937518 0.1512642 0.6315872 0.5359822 0.6883162 0.5764277 0.4154087 0.4072777 0.5323617 0.8017872 0.6644464 0.4979667 0.6162177 0.4428842 0.4720501 -0.0572666 0.4016473 -0.1882548 0.3118986 0.2608421 0.0523534 0.6050863 0.5320851 0.0750987 0.8389386 0.7292922 0.9090586 0.3769806 0.4740367 0.3837556 0.6799640 0.4178718 0.3813132 0.4597746 0.6320880 0.1651128 0.4735671 0.1644413 0.2014882 0.3265788 0.4196384 0.1954792 0.5375454 0.0078959 0.4561948 0.0806748 0.2438540 -0.2757347 -0.2759305
0.9057646 0.0000000 0.7096186 0.6528224 0.4988883 0.5553278 0.5649154 0.3199101 0.8089080 0.4831123 0.4718563 0.6641592 0.1760805 0.6266484 0.5691066 0.3437666 0.4306509 0.3474538 0.0799876 0.0137248 0.6172963 0.2290831 0.4854593 0.1399543 -0.0825868 0.1786620 0.0096195 0.1204382 0.3574158 0.3652660 0.0890929 -0.1112669 -0.1518044 0.2507881 0.4256803 0.5180002 0.1910167 0.1298334 0.4044769 0.4765100 0.2693184 0.2475931 0.5661621 -0.0149730 0.2371937 0.0052177 0.2919588 0.1159564 0.1808428 -0.0227407 0.2952853 0.6241613 0.4137484 0.3750722 -0.2919533 -0.0282634 -0.0398518 0.1682391 0.0579327 0.1734103 0.4364139 0.3053257 -0.2368277 0.2966782 0.4543251 -0.2705965 -0.0004692 0.1794601 -0.2947708 0.1336073 -0.2058341 0.3829773 0.0867313 0.3383361 -0.3251138 0.1554618 0.3121694 -0.1228491 0.2281980 0.2786337 0.0420307 0.1831985 0.4672831 0.4817517 0.5335823 0.5101089 0.5907745 0.4869049 0.5836799 0.5026181 0.6391340 0.4664264 -0.0178865 0.5124231 0.5621016 0.2756880 0.0185891 0.2534621 0.3655462 0.5898787 0.4931735 0.2734526 0.2050818 0.3655514 0.0379130 0.2735689 0.5112185 0.0047019 0.3454014 0.3874328 0.5756183 0.3586607 0.0567450 0.1517727 0.3084840 0.2074555 0.5797639 0.6687750 0.6565767 0.6580506 0.6728091 0.5255885 0.4900316 0.3862431 0.0944096 0.4182182 0.3491924 0.5157144 0.1585151 0.4419842 0.5153254 0.5056962 0.3155762 0.3659259 0.7989112 0.2236881 0.1435404 0.1107331 0.3164079 0.5197035 0.3111865 0.7102701 0.2143777 0.4499930 -0.1049013 0.0580043 0.3974216 -0.0526584 0.6018664 0.6089103 0.4214693 0.2752090 0.6336746 0.1548771 0.5666650 0.1498225 0.1657186 -0.3509905 0.1125608 0.5040175 -0.0372403 0.8382317 0.2924086 0.2701984 0.4405501 0.0955773 0.0738101 0.3870874 0.3035876 0.4465027 0.1626108 0.3784608 0.1808375 0.5251014 0.5471926 0.5043306 0.5598639 0.4717328 0.7988537 0.4121809 0.2927937 0.3220747 0.1890105 0.3381395 -0.1643258 0.3592533 -0.2099895 0.2184396 0.2690939 0.0947337 0.6137825 0.5364090 0.2210732 0.7462643 0.7790925 0.8703754 0.4746789 0.3790017 0.4234987 0.6754157 0.3279066 0.0960903 0.3415906 0.5034965 0.1617094 0.3437630 0.0838125 0.0756212 0.2766802 0.2273429 0.0659634 0.5200495 -0.0380150 0.3506484 0.0837808 0.0979062 0.0618792 0.0365742
0.6874397 0.7096186 0.0000000 0.9237510 0.9113391 0.8042974 0.5780212 0.8289279 0.7579659 0.8243659 0.8612368 0.7570709 0.7258662 0.4800881 0.3265726 0.7329519 0.6681197 -0.0020590 0.4908766 0.1537197 0.7557155 0.6427427 0.7623860 -0.2655755 0.2976254 0.5393658 0.1070796 -0.2090569 0.4702929 0.1333730 0.3754910 0.3136111 -0.3647224 0.1917537 0.6876164 0.4157722 0.5104461 0.5591124 0.2223677 0.3757194 0.6554780 0.2741008 0.7937793 -0.2559528 0.4939958 0.4226605 0.6520994 0.5739382 0.2052554 0.3312678 0.6701596 0.7277509 0.6904112 0.5797821 0.2219956 0.3822845 0.3163158 0.5010924 0.3699850 0.5408947 0.8102854 0.6568498 0.1770228 0.5846542 0.7468691 0.1162786 0.4826263 0.6135792 0.1129523 0.5721236 0.2416490 0.7268423 0.5389350 0.7316449 0.0168611 0.6100432 0.7588681 0.1502673 0.6577756 0.6695092 0.3370739 -0.4464392 0.0606296 0.1134526 0.2818358 0.3269079 0.3894066 0.3540116 0.3395764 0.2215435 0.4481602 0.2233091 0.0966708 0.4322672 0.4153419 0.3074395 0.2071593 0.1369848 0.5129943 0.4453606 0.3927079 0.2121345 -0.0472010 0.4239594 -0.1750765 0.2652465 0.2908956 -0.2900095 0.0312329 0.1771944 0.3536155 0.0437410 -0.1947645 0.1574081 0.1103587 -0.0004364 0.4516970 0.2106718 0.3273776 0.2498244 0.4866494 0.4042643 0.0536129 -0.0303589 -0.1200070 0.0377719 0.5713870 -0.0390901 -0.0303663 0.5261331 0.5505778 -0.0667293 0.5666298 0.1728812 0.3391942 -0.0389266 0.2127823 0.1556072 0.4476325 0.4456415 0.0066198 0.3852890 0.0670346 0.2278077 -0.2557145 -0.0178631 0.1396743 -0.3244210 0.4361769 0.3640807 0.3675493 -0.0644191 0.5004296 0.0781812 0.1423850 -0.1182318 0.1898291 -0.3632794 0.0237407 0.4749717 -0.1187912 0.6528325 -0.0544385 0.2357662 0.4173154 0.0090583 0.0020944 0.4682914 0.3629226 0.4032614 0.2860527 0.4966579 0.1088758 0.4055172 0.1602267 0.6071136 0.6816061 0.4716472 0.7162462 0.3598580 0.0937120 0.1617361 0.1848929 0.3302263 0.2165791 0.7631524 0.3201657 0.7458461 0.7343666 0.5173514 0.1919213 0.7752222 0.5165736 0.6959664 0.2754844 0.5142271 0.8090789 0.7110852 0.7834696 0.7618193 0.4220822 0.1096512 0.1307884 0.4895113 0.0956546 0.5269824 -0.1591838 0.1568354 0.3597057 0.4366927 -0.1694173 0.4153917 0.0880858 0.5952926 0.1937171 0.0539680 -0.1494641 -0.2134413
0.6004451 0.6528224 0.9237510 0.0000000 0.8531930 0.7422519 0.4673208 0.8084735 0.6675695 0.8003286 0.9051671 0.7414257 0.6133625 0.5263466 0.2495978 0.7556337 0.6938769 0.0030975 0.4651781 -0.0397427 0.7369439 0.5137691 0.7515203 -0.0737492 0.2593933 0.4721595 -0.0173975 -0.2046608 0.5117830 0.0821100 0.1211503 0.2038283 -0.3076965 0.3326906 0.5933609 0.4141892 0.3454116 0.4424178 0.1656507 0.2374848 0.5121115 0.2524613 0.6875311 -0.2758292 0.4847481 0.3012223 0.5315201 0.4649107 0.2834793 0.1696443 0.5661410 0.5953635 0.7510417 0.5734625 0.1512321 0.2625260 0.2269894 0.5453107 0.1597073 0.4429560 0.7414621 0.6206239 0.1371692 0.5786503 0.7473275 0.0826986 0.4399606 0.6216723 0.0658927 0.5470632 0.2176458 0.6896945 0.5198412 0.7005056 0.0237062 0.6001679 0.7378142 0.1214189 0.6312175 0.6649009 0.2970104 -0.4811373 0.0043408 0.1261211 0.3308225 0.2730971 0.2251096 0.3247689 0.2851367 0.2307282 0.3263476 0.0931564 -0.0034509 0.3659865 0.3457374 0.2258526 0.1067525 0.1002400 0.5037477 0.3765030 0.3579513 0.2357449 -0.1146534 0.4072673 -0.1878560 0.2689344 0.2448671 -0.3463374 0.0921206 0.0987466 0.3601160 0.0808373 -0.1801162 0.0964017 0.1895129 0.0199600 0.4087521 0.2815972 0.2480301 0.2242746 0.4099423 0.4047508 -0.0980531 -0.1216322 -0.0179623 -0.0497858 0.4450760 -0.1510736 -0.0678483 0.3694844 0.3699871 -0.2318457 0.3549084 0.0679952 0.2083622 -0.2102608 0.0473827 0.0176799 0.1726549 0.3083458 -0.1161145 0.2045232 -0.1116509 0.0320644 -0.3694078 -0.1841791 -0.0814176 -0.4496974 0.3270345 0.1897580 0.2100323 -0.2775636 0.2725554 -0.0459585 -0.0064088 -0.2415737 0.1018586 -0.4262751 -0.1021665 0.3579844 -0.0502148 0.5922140 -0.2154697 0.2033987 0.3168474 -0.1534190 -0.0137920 0.4144334 0.2996185 0.2508879 0.3327116 0.4450676 -0.0088278 0.2834571 0.1948680 0.5220641 0.6643715 0.2782596 0.6736790 0.1497494 -0.0387023 0.0065915 0.0081181 0.1610246 0.0095515 0.7245214 0.1766504 0.6816218 0.6539586 0.3889288 0.2808354 0.6376924 0.3646527 0.5743139 0.3390697 0.4655317 0.7695559 0.5093810 0.6584539 0.6569384 0.0929614 0.0278347 0.0054063 0.2727117 -0.0245211 0.3215091 -0.2548569 -0.0465392 0.0972729 0.3180393 -0.3043688 0.3462158 -0.0790994 0.4654895 0.2424563 -0.1780108 -0.0591940 -0.2289159
0.4604339 0.4988883 0.9113391 0.8531930 0.0000000 0.6614083 0.3718615 0.8056331 0.6256478 0.7731454 0.8751680 0.6391435 0.7555088 0.3692838 0.0869062 0.7584788 0.5579808 0.0546246 0.4508557 0.2105614 0.7017979 0.6431695 0.7628106 -0.4000018 0.3184445 0.4737175 0.1488184 -0.4229095 0.3856282 -0.0247835 0.4154560 0.4102366 -0.5065855 0.0426651 0.5873502 0.4054531 0.3997693 0.5609636 0.1008172 0.1750072 0.7090729 0.1868250 0.6876387 -0.4077566 0.4564840 0.3479787 0.5906668 0.6552418 0.0487537 0.2844000 0.6177285 0.5813245 0.5784193 0.4657280 0.3429818 0.3153958 0.2404323 0.4364165 0.4172673 0.4749249 0.8144916 0.5707715 0.2640859 0.4385989 0.6482653 0.0725817 0.4861683 0.5701562 0.0969100 0.5375294 0.2391064 0.6530308 0.4829848 0.6577188 -0.0729360 0.5392956 0.7346569 -0.0199777 0.5025052 0.5312972 0.1969945 -0.6361326 -0.2572621 -0.0191035 0.2087807 0.0758433 0.1028609 0.1814500 -0.0016082 -0.0312910 0.2577299 0.1696527 0.1381037 0.3204634 0.1532805 0.3480102 0.2927015 0.1165858 0.3774773 0.4033350 0.2245660 0.1555764 -0.1943309 0.2772066 -0.1269883 0.2515000 0.0774429 -0.2818100 -0.2142305 0.1362354 0.1759247 -0.1833554 -0.2932918 0.1765359 0.0965036 -0.0733878 0.3503836 0.1132161 0.3063419 0.0177520 0.3376302 0.3752061 -0.0526800 -0.1286813 -0.0745275 -0.0397453 0.5559992 -0.2438053 0.0497475 0.3929184 0.4652191 -0.2873633 0.5111698 -0.0121231 0.1090947 -0.2294706 0.1443416 0.2295506 0.3740908 0.2859930 -0.1890976 0.1987520 0.1694967 -0.0677746 -0.2041077 -0.1182734 -0.0095542 -0.2810138 0.2099645 0.1519727 0.2219998 -0.3185702 0.3104415 -0.0925823 -0.0585014 -0.1397528 0.3685931 -0.2706583 0.2322603 0.4420851 -0.0410056 0.5001663 -0.0466973 0.3966981 0.2379854 -0.0853869 -0.0089293 0.2276167 0.2494438 0.3639953 0.2703471 0.2862124 0.0818025 0.1943654 0.0003310 0.5838488 0.7013801 0.3663871 0.6809434 0.2934798 -0.0942995 0.0674571 0.1365570 0.2687188 0.3571055 0.7853613 0.4995565 0.7477688 0.7715414 0.6318187 -0.1186601 0.5976400 0.5731464 0.5774908 0.0743289 0.2390577 0.8453058 0.6840457 0.7462346 0.6838210 0.3967275 0.1559602 0.0229302 0.3446209 0.1078542 0.4283836 -0.1460108 0.2251666 0.4191027 0.5724200 -0.2314873 0.2864702 0.2342598 0.6473680 0.4108326 0.1664852 0.0157355 -0.0466867
0.6595270 0.5553278 0.8042974 0.7422519 0.6614083 0.0000000 0.8172764 0.7796752 0.7380189 0.9043637 0.7752165 0.8347751 0.6338681 0.5558795 0.5997385 0.6532007 0.8199017 -0.2014716 0.5120025 -0.1658090 0.8026122 0.5982837 0.6488427 -0.0930134 0.2867844 0.5594091 0.2286189 -0.0722996 0.7007698 0.2734444 0.3814628 0.1740784 -0.0621723 0.5366014 0.6344371 0.5899573 0.4906279 0.4808066 0.2347468 0.4638162 0.4637426 0.5070704 0.7215552 -0.0945950 0.6503459 0.4237344 0.5687505 0.3713446 0.4517541 0.5217379 0.6135665 0.6983665 0.8347199 0.5847318 0.1062615 0.4145440 0.3778622 0.6781702 0.1714970 0.5342343 0.7066689 0.7489588 0.0682986 0.8017037 0.8196131 0.2056920 0.5814531 0.7549708 0.2492514 0.7795156 0.4593910 0.8295128 0.7045797 0.8537759 0.1381442 0.7640535 0.8442173 0.3531187 0.7510983 0.6754970 0.2527617 -0.4516217 0.1511960 0.1019587 0.3154805 0.4978696 0.3962871 0.4469870 0.5127041 0.4480769 0.4361707 0.1859562 0.2362951 0.1703331 0.4320270 0.2725551 0.0863119 0.2286351 0.6694152 0.2556717 0.6702939 0.4170529 0.0839147 0.5975361 -0.1376231 0.3148349 0.4123755 -0.3319120 0.1821135 0.2193970 0.4046079 0.2282591 -0.2908923 0.1021562 0.2940736 -0.0663321 0.4303457 0.1554489 0.2065301 0.3009239 0.4988122 0.3771124 -0.0205435 -0.0830434 -0.2891799 -0.3372190 0.4800387 -0.0303749 -0.4190951 0.4609408 0.4385075 -0.0784740 0.4365840 0.1004399 0.2016516 0.0689303 0.0788574 -0.2011850 0.2679861 0.6653080 -0.0684932 0.4519581 0.0874503 0.3414640 -0.5832693 0.0286523 -0.1001429 -0.7022015 0.4792615 0.5411660 0.6432024 -0.0014398 0.4132366 0.1041539 0.0761615 -0.2711417 0.1883807 -0.4999149 -0.1339192 0.6203770 -0.3348787 0.5913032 -0.2935236 0.1810466 0.3593235 -0.1250053 -0.1252665 0.4876893 0.4544263 0.3125400 0.0099119 0.3883729 0.2990859 0.5654989 0.1256073 0.2427440 0.2320829 0.1923154 0.5823160 0.5152837 0.1581280 0.3011274 0.1411248 0.1422184 0.0119801 0.6728110 0.0187464 0.7227462 0.6459557 0.4834215 0.3023412 0.8077745 0.4048634 0.5914534 0.1365644 0.4783576 0.5267342 0.6382734 0.6001051 0.4271765 0.3289413 0.1605044 0.1322993 0.4126746 -0.2977999 0.2325579 -0.4095729 -0.1195339 0.2115389 0.3288414 -0.1274504 0.4104125 -0.2874591 0.2534723 0.1096505 -0.1679508 -0.3974249 -0.4124193
0.7052031 0.5649154 0.5780212 0.4673208 0.3718615 0.8172764 0.0000000 0.4525536 0.6531262 0.5986627 0.4253832 0.8058536 0.3647494 0.7565329 0.6602520 0.3177341 0.5731864 0.0835313 0.2636932 -0.0072481 0.6184496 0.3821871 0.2939930 0.1676103 0.0556986 0.2706743 0.4043722 0.2925987 0.5466525 0.5602901 0.3538262 -0.0029579 0.1650037 0.5073100 0.3960184 0.5117690 0.3314522 0.2094212 0.5117231 0.6041529 0.2417351 0.4417325 0.5538668 0.1256356 0.4500635 0.2878452 0.3352045 0.1096756 0.4085754 0.3056657 0.4003269 0.6154411 0.6151805 0.4598896 -0.0857481 0.3000108 0.2257923 0.4189749 0.3139263 0.3681177 0.5090703 0.5436072 0.0347674 0.6622623 0.6499455 0.0418212 0.3271704 0.4747344 0.1110626 0.4978849 0.2191611 0.6516244 0.4428051 0.6016351 0.0173398 0.4835751 0.5403664 0.2643986 0.5176797 0.4656715 0.2533665 -0.1584527 0.4257891 0.3723833 0.4926132 0.7139019 0.5248047 0.4677910 0.6505570 0.5938262 0.5121414 0.2085971 0.3271051 0.2378188 0.5934850 0.3612295 0.1889660 0.4588559 0.7562734 0.4262919 0.6826155 0.6894298 0.3359156 0.4861752 0.0752574 0.4999215 0.6176372 -0.0236528 0.2577064 0.3866163 0.5314792 0.4467857 -0.0671339 0.2855720 0.5000979 0.2386158 0.5415175 0.3316600 0.2912947 0.4250856 0.5496456 0.4696409 0.0082628 0.1801526 -0.2697716 -0.2022292 0.3801019 0.0220654 -0.2764522 0.4732882 0.4468134 0.1896946 0.2571715 0.2502186 0.2683620 0.1330118 0.2070585 -0.1535895 0.2047800 0.5163967 0.1256136 0.5546038 0.0213983 0.3517988 -0.3514273 0.0671880 0.0107265 -0.4182782 0.5276246 0.5057911 0.4600233 0.1021231 0.5735670 0.2941911 0.1567953 -0.3004385 0.0146051 -0.2526789 -0.1684005 0.3927207 -0.0970999 0.5793827 -0.3461184 -0.0086944 0.5261319 -0.1398500 -0.2112156 0.4444225 0.3406676 0.0835454 0.1624886 0.4146116 0.4832472 0.8841934 0.4098437 0.4340572 0.2611590 0.2013067 0.5172527 0.4598645 0.1939027 0.3877990 0.3069003 0.1966114 0.1132586 0.4006816 -0.0446011 0.4504896 0.4821339 0.3417920 0.3203019 0.7685570 0.3707781 0.5201977 0.1917278 0.5589326 0.2976620 0.4086907 0.5915281 0.3187354 0.2689277 0.0411887 0.0791382 0.3040756 -0.2733659 0.3003153 -0.1685716 -0.1384292 0.0892316 0.1598451 -0.0967154 0.2584483 -0.2727381 0.0925022 -0.0395914 -0.1608294 -0.3221437 -0.2835332
0.4424820 0.3199101 0.8289279 0.8084735 0.8056331 0.7796752 0.4525536 0.0000000 0.6192372 0.9112143 0.8912656 0.6784134 0.9190117 0.2839559 0.3101836 0.8936280 0.7920371 -0.2574634 0.8391556 0.1656544 0.6374702 0.8342383 0.8232893 -0.4612181 0.6738049 0.7803383 0.0920066 -0.4340324 0.5550915 -0.0882548 0.5240424 0.6081380 -0.4302863 0.2261138 0.7650609 0.3847375 0.6624588 0.8293893 -0.0767628 0.1050872 0.7998735 0.4926778 0.7064739 -0.4037941 0.7434320 0.7103346 0.7837375 0.7794507 0.1436245 0.6196988 0.7924070 0.5250403 0.7538913 0.5477456 0.5378853 0.6808869 0.6308316 0.6461096 0.4580994 0.7266627 0.8634929 0.7822931 0.4250783 0.6110520 0.6625336 0.5384382 0.8129718 0.8208634 0.5504922 0.7695808 0.6725754 0.7562946 0.8422884 0.7686587 0.4046296 0.8240944 0.8188258 0.4550939 0.8354989 0.7261309 0.3950986 -0.6362875 -0.1084642 -0.0907892 0.1704155 0.1996338 0.2601197 0.2876644 0.1669185 0.1087244 0.2607759 0.0108156 0.1843918 0.2021857 0.2299546 0.0544978 0.0890285 0.0574792 0.4790828 0.1516113 0.3535626 0.1612696 -0.0933319 0.5428171 -0.3130097 0.1573624 0.1732960 -0.4165145 0.0015621 0.0558681 0.1504179 -0.0314400 -0.3792136 0.0846145 0.0140847 -0.1753735 0.2632061 -0.1384297 0.0185638 0.0388357 0.2955807 0.2603165 -0.1849417 -0.2953008 -0.3672348 -0.2655268 0.5575118 -0.2581509 -0.2879229 0.4114312 0.3925660 -0.3502779 0.5876720 0.0322621 -0.1190392 -0.1106229 0.1408477 -0.0884855 0.3178862 0.3257482 -0.2144673 0.0923502 -0.0639495 0.1209755 -0.4747524 0.0584885 -0.0869345 -0.5279126 0.0942650 0.1633486 0.3212880 -0.2911078 0.3072318 0.0463603 -0.1341428 -0.3297660 0.1811000 -0.3690859 -0.0436964 0.4004916 -0.3064694 0.3212987 -0.2869753 0.1683099 0.3174183 -0.0472830 0.1753882 0.4900162 0.5419474 0.3276240 0.2361717 0.5335336 0.1860092 0.2773468 -0.0071641 0.2887778 0.3503665 0.3486221 0.4174743 0.3694912 0.0728407 0.2011097 0.3201937 0.3563053 0.3562849 0.6858498 0.4687156 0.8463309 0.6936907 0.4520462 0.0382000 0.5888138 0.3999872 0.4699524 -0.0633610 0.1861337 0.5772036 0.7118688 0.6912855 0.4658612 0.2759772 0.2490348 -0.0502573 0.3007629 -0.1434136 0.4292240 -0.3259824 0.0419027 0.1782240 0.5019289 -0.2970623 0.1848570 -0.0541496 0.4715210 0.1749655 0.0478821 -0.3952222 -0.4623496
0.9072195 0.8089080 0.7579659 0.6675695 0.6256478 0.7380189 0.6531262 0.6192372 0.0000000 0.7908051 0.6968569 0.8283146 0.5000572 0.6284053 0.7323685 0.6785625 0.7796125 0.1785150 0.4490372 0.1099023 0.8203487 0.5605268 0.7946255 -0.2565193 0.2624484 0.5410867 0.1899094 -0.1796623 0.6621609 0.2427560 0.4022712 0.2688472 -0.3837694 0.3250467 0.6718407 0.7305711 0.4824069 0.4886735 0.1282698 0.3456309 0.5962190 0.6499854 0.7075486 -0.2832964 0.7188863 0.3257297 0.5846879 0.3899780 0.1411919 0.3493952 0.5879910 0.6778150 0.6658227 0.5240218 -0.0579356 0.2982645 0.3563165 0.5067484 0.2570153 0.5054006 0.7907597 0.6569133 -0.0334163 0.5394981 0.6358187 0.1183088 0.4725158 0.6092082 0.1454051 0.5732244 0.3102920 0.6935592 0.5432869 0.6214536 -0.0521936 0.5714271 0.6148688 0.1124877 0.5289490 0.4317790 -0.0524249 -0.1325543 0.2977171 0.2734266 0.4757518 0.4579157 0.5241370 0.4570817 0.4194420 0.3939113 0.5153791 0.3521381 0.1630446 0.3123623 0.3403297 0.0569029 -0.1740751 0.1887785 0.3345351 0.3850687 0.5645812 0.2586205 0.1983105 0.6134700 -0.1984984 0.1221321 0.4526149 -0.1227784 0.1340684 0.4400721 0.3337645 0.2306388 -0.3214551 0.1228948 0.2907321 -0.1014125 0.5169144 0.3448323 0.5392749 0.4977244 0.6617764 0.5287954 0.4027281 0.2019499 -0.3370800 0.1994980 0.5609988 0.3700787 -0.1388148 0.5000100 0.5886117 0.2540927 0.5684028 0.2940069 0.4670107 0.2838275 0.1168869 -0.1098865 0.3906279 0.6720037 0.1884756 0.7076886 0.3524905 0.5125536 -0.3912381 0.2931826 0.3675656 -0.3375510 0.4447070 0.6715409 0.6478840 0.1529066 0.6850416 0.2408400 0.4161137 0.0217178 0.4401230 -0.4896622 0.2237093 0.7676205 -0.3997776 0.6697237 0.2106109 0.5345956 0.4469119 0.1572832 0.1282695 0.3949183 0.5376318 0.6546411 0.0396432 0.4962965 0.5320537 0.5508857 0.3812554 0.3644861 0.4283233 0.4967357 0.8348541 0.7195132 0.3567990 0.5976189 0.4916442 0.5474385 0.1095001 0.5585909 -0.0234718 0.5033061 0.4462063 0.2902971 0.3925165 0.5488816 0.2583068 0.8861072 0.4986849 0.7384820 0.5011390 0.6993844 0.4868573 0.6660520 0.4504092 0.4163705 0.3091143 0.5561466 -0.0286816 0.3580750 0.0465103 0.1150329 0.3245682 0.5929130 0.0177499 0.3704047 -0.0285792 0.5233784 0.2766383 0.3064109 -0.2558195 -0.2475839
0.5815515 0.4831123 0.8243659 0.8003286 0.7731454 0.9043637 0.5986627 0.9112143 0.7908051 0.0000000 0.9241939 0.8011881 0.7867780 0.4345104 0.4815726 0.9011885 0.9178352 -0.1876077 0.7310493 -0.0287586 0.7993809 0.7828427 0.8826301 -0.3572673 0.5577708 0.7752482 0.1778980 -0.4208850 0.6795673 0.0510187 0.4800866 0.4638771 -0.3879313 0.3787037 0.8017516 0.5932304 0.6270356 0.6994081 -0.0017398 0.1983801 0.7031598 0.5546205 0.7986138 -0.3890985 0.7850677 0.5546070 0.7503854 0.6165026 0.2482691 0.5260786 0.7787894 0.6641253 0.8178215 0.6328377 0.2854076 0.4981201 0.5562216 0.7285500 0.2660749 0.6984475 0.8399623 0.8640088 0.2052252 0.7197576 0.7511884 0.3943152 0.7806910 0.8734351 0.3705361 0.8520861 0.6187205 0.8458223 0.8225441 0.8234388 0.1845096 0.8381002 0.8629306 0.2924032 0.7722784 0.6220854 0.1538787 -0.5274525 -0.0398894 -0.0483858 0.2778590 0.2476873 0.2665955 0.3252729 0.2659772 0.2364786 0.2961196 0.0664627 0.1161575 0.0873615 0.1754254 0.0438024 -0.0460536 0.0393126 0.4635554 0.1548847 0.4881383 0.1928200 -0.1196924 0.5539195 -0.3134738 0.1224973 0.1976764 -0.4964202 0.0046080 0.0931679 0.1982817 -0.0206254 -0.5358911 -0.0554849 0.1026027 -0.2995375 0.2649667 0.0056649 0.1582045 0.1199483 0.3639196 0.2749967 -0.0799410 -0.2510783 -0.4030900 -0.3186088 0.4654834 -0.1041328 -0.4263551 0.3626616 0.3731217 -0.2529819 0.4947515 -0.0322800 0.0466508 -0.0692176 -0.0354717 -0.2487110 0.2326692 0.5292446 -0.2325452 0.3302380 0.1420496 0.2158514 -0.6520616 0.0095890 -0.0942174 -0.6765080 0.2167688 0.3978717 0.5559208 -0.1632300 0.3150247 -0.0229069 -0.0392657 -0.1987123 0.3415040 -0.5547170 0.0526027 0.6595918 -0.4609324 0.4932582 -0.1678650 0.3597339 0.2204913 -0.0308904 0.0781374 0.3699131 0.4896346 0.4074849 0.0548713 0.3698593 0.2771467 0.3520803 0.0731556 0.2039032 0.2948832 0.2280648 0.5996090 0.5112287 0.0577010 0.2822973 0.2584628 0.2977958 0.1792124 0.7020354 0.1915112 0.7723864 0.6553960 0.4955375 0.1684417 0.6303680 0.4499637 0.6276333 0.0613656 0.3521760 0.5813195 0.7344770 0.6165421 0.4335920 0.2788823 0.2552209 -0.0117986 0.3169532 -0.3287446 0.2009016 -0.4108021 -0.1278115 0.1558420 0.4994953 -0.2932983 0.2224316 -0.2275434 0.3657763 0.2455589 0.0012302 -0.3189899 -0.3614154
0.4864392 0.4718563 0.8612368 0.9051671 0.8751680 0.7752165 0.4253832 0.8912656 0.6968569 0.9241939 0.0000000 0.7663914 0.7362139 0.4318359 0.2442007 0.9187297 0.8034173 -0.0463697 0.6336925 -0.0703765 0.7888856 0.6904874 0.8712702 -0.3592455 0.4806439 0.6538517 0.0329925 -0.4854220 0.5943331 -0.0908293 0.3275095 0.3784968 -0.5333190 0.2179398 0.6861559 0.5241490 0.4574988 0.6068539 -0.0504898 0.0620359 0.6603157 0.3783199 0.7244606 -0.5151408 0.6498791 0.3760777 0.6395792 0.5887178 0.1243071 0.3088743 0.6719855 0.5807036 0.7320060 0.5694205 0.2134464 0.3009061 0.3615152 0.6367388 0.2526749 0.5526026 0.8274733 0.7496384 0.1261340 0.5805431 0.7092097 0.2162096 0.6525630 0.7911705 0.1833547 0.7303713 0.4302846 0.7320746 0.6833154 0.7371311 0.0137532 0.7305979 0.8190232 0.0751377 0.6482639 0.5565314 0.0777657 -0.6329012 -0.1441587 0.0123983 0.3203402 0.1516426 0.1237214 0.3204124 0.1528082 0.1628487 0.2651556 0.0784502 0.0817184 0.2280412 0.1314758 0.1405905 0.0264793 0.0496885 0.4336725 0.2810561 0.3833658 0.1494765 -0.1964840 0.4396029 -0.2305817 0.1761173 0.1301829 -0.4640882 -0.0786829 0.0673320 0.2257486 -0.0992348 -0.4575363 -0.0269235 0.0838545 -0.2146449 0.2421173 0.1019408 0.2068307 0.0581973 0.3195697 0.2993392 -0.1828872 -0.2223544 -0.2201261 -0.2539891 0.4786998 -0.2606534 -0.2780356 0.3615440 0.3494841 -0.4115080 0.4586181 -0.0532067 0.0013214 -0.2411734 -0.0252548 -0.1321560 0.1392271 0.3732968 -0.3279870 0.2240400 -0.0298857 -0.0015174 -0.5164945 -0.1514908 -0.1598236 -0.5743651 0.1072074 0.2292650 0.3299392 -0.3447247 0.2128255 -0.1574391 -0.1132899 -0.2039157 0.2347379 -0.4748987 -0.0187667 0.5102178 -0.2400848 0.5348372 -0.1703857 0.3399548 0.2107502 -0.1379696 -0.0447417 0.2305037 0.2887423 0.3216054 0.2088967 0.3201718 0.1274877 0.2274245 0.0643625 0.3743928 0.5252776 0.1764525 0.6536671 0.3035475 -0.1214726 0.0711761 0.0815090 0.1665036 0.1537193 0.7328522 0.2587449 0.7383590 0.7115383 0.5641248 0.1280308 0.5415431 0.4775537 0.5984018 0.1135558 0.3183959 0.7813906 0.6636941 0.6115434 0.5287228 0.1692709 0.1730547 -0.0786237 0.2561143 -0.2067326 0.1622214 -0.3776474 -0.1057845 0.1187703 0.4962051 -0.3599822 0.2272116 -0.1161489 0.4526365 0.2952572 -0.0423634 -0.0822685 -0.2080080
0.7985211 0.6641592 0.7570709 0.7414257 0.6391435 0.8347751 0.8058536 0.6784134 0.8283146 0.8011881 0.7663914 0.0000000 0.4843174 0.7480995 0.6595243 0.6796141 0.7079921 0.1478363 0.4488472 -0.1016547 0.8901977 0.5274334 0.6581915 -0.0324286 0.2356265 0.3995301 0.0945235 -0.0818815 0.7889591 0.1631213 0.2983038 0.0938134 -0.2870143 0.4012051 0.5097403 0.7963048 0.2961754 0.4347482 0.1509900 0.3034293 0.4877383 0.6152454 0.5893233 -0.3180763 0.6700151 0.2298125 0.4403253 0.3470937 0.1247783 0.2861079 0.5004081 0.5361608 0.7019426 0.3997795 -0.1082157 0.2191788 0.1985894 0.4428518 0.3163737 0.3973474 0.7738901 0.6079474 -0.0786857 0.5647897 0.7157258 0.0141912 0.4819179 0.6422629 0.0814632 0.5844855 0.3013415 0.6672323 0.5983407 0.6612621 -0.0983041 0.5925646 0.6510210 0.1168254 0.5543875 0.4568078 -0.0159804 -0.4172800 0.1971629 0.3924277 0.6442673 0.6023914 0.5219124 0.5778275 0.5011325 0.5036230 0.6167135 0.3571304 0.2765015 0.3633264 0.4929679 0.3605906 -0.0161892 0.4057210 0.6830505 0.5210836 0.7147106 0.5571858 0.2437160 0.6856533 -0.0123307 0.4947308 0.5782361 -0.1041537 0.1453203 0.4889110 0.5185795 0.3310982 -0.2434361 0.3302398 0.5296238 0.1727470 0.6527165 0.4671608 0.5493126 0.4588573 0.6452113 0.6440063 0.0289753 0.1473611 -0.3039040 -0.1141278 0.5676065 -0.0253030 -0.2641196 0.4719318 0.4788856 -0.0031777 0.4085346 0.1719198 0.2515637 0.0478001 0.0674268 -0.1830194 0.1333108 0.5429940 -0.0265799 0.5232168 -0.0647990 0.2584552 -0.5270579 0.0976208 -0.0019456 -0.5434744 0.2942005 0.4490341 0.4609591 -0.0951966 0.5912285 0.1468143 0.0939377 -0.2006402 0.1724103 -0.4288003 -0.1268290 0.5751745 -0.1471523 0.7153434 -0.1650466 0.2792650 0.5661474 -0.0852742 -0.0870957 0.3860148 0.4270449 0.3415791 0.2788605 0.5272984 0.5375632 0.7036040 0.4643810 0.4665336 0.4570074 0.2330527 0.8116505 0.5608195 0.1486866 0.4276143 0.3237398 0.2593336 0.0905842 0.5847445 -0.0156468 0.5228775 0.4929067 0.3284748 0.3707522 0.5611464 0.3285609 0.7633878 0.4022477 0.6832189 0.5678107 0.5109282 0.5383233 0.5187826 0.2394510 0.3371928 0.0970808 0.3935581 -0.1947908 0.2482211 -0.1615161 -0.0685222 0.1180480 0.4910813 -0.1656085 0.3368644 -0.1932698 0.3685136 0.1575637 0.0295773 -0.2147840 -0.2838635
0.2801828 0.1760805 0.7258662 0.6133625 0.7555088 0.6338681 0.3647494 0.9190117 0.5000572 0.7867780 0.7362139 0.4843174 0.0000000 0.1710645 0.1511346 0.8127695 0.6549674 -0.1691427 0.8516407 0.4532029 0.4271954 0.9292444 0.7216433 -0.6114419 0.7545017 0.8245758 0.3244256 -0.4352460 0.3173901 0.0029791 0.7717552 0.7887704 -0.4249238 0.0410301 0.8009782 0.1902578 0.7961825 0.8809852 0.0370415 0.1771896 0.8950502 0.3575782 0.7350273 -0.2965981 0.6378613 0.8203263 0.8683772 0.8637795 0.0770565 0.6823829 0.8589654 0.5735428 0.5735858 0.5745711 0.7023509 0.7719795 0.7182635 0.5765327 0.6544379 0.8129004 0.7886816 0.7507306 0.5544101 0.4932175 0.4949123 0.6192651 0.8130722 0.7274714 0.5914406 0.6960666 0.6581936 0.6606265 0.7639120 0.6615004 0.4371241 0.7371989 0.7336396 0.4356035 0.7521141 0.6496730 0.4910748 -0.5312420 -0.1937276 -0.1938948 0.0012492 0.0152965 0.1571856 0.1308035 -0.0176354 -0.0767974 0.1727860 -0.0297791 0.2128582 0.1735853 0.1074617 0.0442679 0.2927546 0.0257061 0.3230052 0.1351133 0.1640133 0.0405664 -0.1732973 0.3468540 -0.2329573 0.1288259 0.0100039 -0.4097490 -0.0603610 -0.0521652 0.0205719 -0.1793896 -0.3817155 0.0299694 -0.1577726 -0.2473973 0.1066389 -0.3266544 -0.0961603 -0.1036456 0.2001979 0.1282029 -0.1631900 -0.2880682 -0.3131962 -0.1996596 0.5160347 -0.2813667 -0.1106420 0.4395349 0.4653887 -0.3492817 0.6234041 0.0753638 -0.2303958 -0.1601727 0.2932596 0.1344074 0.5037792 0.1992237 -0.2980987 0.0790043 0.0622032 0.0886998 -0.2537074 0.0606687 0.0394464 -0.3079191 -0.0431040 0.0746130 0.2463381 -0.3097615 0.3042509 -0.0476119 -0.1092017 -0.3426639 0.2163862 -0.2837064 0.1147501 0.3153593 -0.3263490 0.1611354 -0.2327372 0.1338444 0.1843795 -0.0331391 0.2406167 0.3325500 0.4317564 0.2622661 0.1386675 0.3969280 0.1063720 0.2295992 -0.1821432 0.3150847 0.3174308 0.4929033 0.2398037 0.3566888 0.0961735 0.2146852 0.4610286 0.5072410 0.6012645 0.6165470 0.7201773 0.8720421 0.7443092 0.5350188 -0.2097908 0.5756171 0.5052777 0.3112043 -0.2970485 -0.0290546 0.4739712 0.7934929 0.7791714 0.4006190 0.4408413 0.2062579 -0.0986536 0.2646528 -0.1398478 0.4983777 -0.2045499 0.1413499 0.3045681 0.5358293 -0.2887078 0.0641432 0.0209743 0.4627964 0.2250232 0.1950545 -0.3628261 -0.3375120
0.6690093 0.6266484 0.4800881 0.5263466 0.3692838 0.5558795 0.7565329 0.2839559 0.6284053 0.4345104 0.4318359 0.7480995 0.1710645 0.0000000 0.4965849 0.2919767 0.4846624 0.5754393 0.0506781 -0.0327006 0.5973266 0.1667953 0.2703054 0.3196818 -0.1550176 0.0581653 0.4329059 0.3870649 0.5084762 0.6497597 0.1303643 -0.1772209 0.1160578 0.5218873 0.2054883 0.5576206 0.0302911 -0.0543535 0.6161536 0.5614422 0.1080926 0.3694072 0.4125312 0.1639280 0.3790031 -0.0700270 0.1240851 -0.1082604 0.4072314 -0.0185416 0.1871497 0.5412065 0.5623974 0.4795789 -0.3509191 -0.0552151 -0.0896403 0.3997855 0.1562194 0.1249600 0.4641690 0.3681190 -0.1935535 0.4588645 0.5501752 -0.2676837 0.0600637 0.3396843 -0.1835227 0.3015031 -0.0933451 0.4712633 0.1892881 0.4546491 -0.2381175 0.3045887 0.4531268 -0.0526746 0.2634970 0.3426919 0.0446687 -0.0693803 0.3597824 0.5902392 0.6200536 0.5699107 0.2065070 0.4677459 0.4073807 0.5390873 0.4393291 0.2833334 0.3539458 0.4309750 0.4670404 0.4032909 0.2373912 0.5803094 0.5499262 0.6315200 0.5811491 0.6983810 0.3586111 0.3870920 0.3326538 0.6115393 0.5761437 0.1593284 0.3767107 0.4889370 0.6030841 0.5339833 0.1083540 0.3341767 0.6933713 0.3646091 0.5789723 0.6079239 0.4321613 0.5498855 0.6825619 0.6890854 0.1072329 0.4315959 0.1494952 0.0913685 0.4030349 0.0322094 0.1317172 0.5028562 0.5425916 0.0745283 0.1266287 0.4184706 0.1749112 -0.0466687 0.2817627 0.0557823 0.0906542 0.3566568 -0.0176993 0.5729343 -0.0549146 0.1055442 -0.1256261 -0.0794575 0.0483437 -0.2735601 0.3332313 0.3422746 0.2179836 -0.2706095 0.4614741 0.0221248 0.2692700 -0.4989805 0.0148034 -0.3351383 -0.1528850 0.2870472 0.0957987 0.5755776 -0.3462122 0.1635000 0.4152827 -0.4659229 -0.3158012 0.1106041 0.0702386 0.0082306 0.1104986 0.2625800 0.3682170 0.7571241 0.4096397 0.5763649 0.4955599 0.2526914 0.6238969 0.2661921 0.1644766 0.3430849 0.2173333 0.1783800 -0.0788457 0.3927226 -0.1152474 0.3664649 0.4907775 0.2927047 0.3621939 0.5391760 0.1351471 0.4359948 0.4222387 0.5757985 0.3604560 0.2858934 0.4496156 0.4441667 0.0684069 0.0621965 0.1215812 0.1758363 -0.2317946 0.1010245 0.1238913 -0.1447237 0.0247153 0.2651574 -0.0754178 0.2958125 -0.3017066 0.1643546 0.3271336 -0.1886962 -0.0104504 -0.0792500
0.8240040 0.5691066 0.3265726 0.2495978 0.0869062 0.5997385 0.6602520 0.3101836 0.7323685 0.4815726 0.2442007 0.6595243 0.1511346 0.4965849 0.0000000 0.2545120 0.5453671 -0.0274409 0.2763466 -0.1402218 0.5983312 0.2315413 0.3757483 0.0553235 0.0713069 0.2502152 0.0249816 0.1955164 0.7447317 0.2475979 0.2021955 -0.0488955 0.0562200 0.5364295 0.3087805 0.7453582 0.2297235 0.2839222 0.0364300 0.3703632 0.2177028 0.8465291 0.2489100 0.0352062 0.6627651 0.2088833 0.2348304 0.0572225 0.2166555 0.5109806 0.2272005 0.2929265 0.5368156 0.1503240 -0.2255401 0.2935663 0.2325995 0.3114731 0.0260479 0.2190686 0.4493568 0.3304488 -0.1984872 0.4191470 0.4202637 0.1160592 0.2727266 0.3772098 0.2815345 0.3826207 0.3386858 0.4195178 0.4598507 0.4345402 0.1782698 0.4141232 0.3385703 0.4308062 0.4351025 0.3362529 -0.0621191 0.0668466 0.5202143 0.3973601 0.4517909 0.7190162 0.7210851 0.6003710 0.6340170 0.6150506 0.6166659 0.4806357 0.3494629 0.2259721 0.5496636 0.0596337 -0.3340989 0.3670646 0.3985019 0.2105277 0.7728839 0.4357154 0.6059817 0.8390537 -0.0505115 0.2052840 0.7182417 0.2047507 0.4659162 0.6498070 0.4267058 0.6449141 -0.0055702 0.3466178 0.5333975 0.1601256 0.6577918 0.3824027 0.4944883 0.7480419 0.7334901 0.5965759 0.5429574 0.3786258 -0.3718201 0.1539561 0.4994561 0.5891884 -0.2697969 0.4228750 0.4621600 0.5279762 0.4333105 0.4308394 0.4532717 0.6568049 0.1458246 -0.2895088 0.2704807 0.7675218 0.4430363 0.6567012 0.1971433 0.7487655 -0.4274094 0.6056596 0.3363690 -0.4073548 0.4825484 0.7487358 0.7482107 0.3960111 0.7110661 0.5078102 0.5136699 -0.0583619 0.2406891 -0.3804065 -0.0628123 0.6497605 -0.4014929 0.4543667 0.0927485 0.2741687 0.5831897 0.1555815 0.1613303 0.5889895 0.7211168 0.5901850 -0.1470543 0.5833228 0.7149367 0.6435555 0.4350688 -0.0686511 -0.1420570 0.3494698 0.5057281 0.8057964 0.6761857 0.8090699 0.5011227 0.3920200 -0.1895326 0.2049078 -0.3943214 0.1964421 0.0021745 -0.1588238 0.6084757 0.3171544 -0.2353133 0.6305880 0.5515026 0.7478690 -0.0448076 0.3442910 0.0341233 0.3201919 0.3550614 0.5828770 0.5353966 0.5822059 -0.0425241 0.2578133 0.1053729 0.1249603 0.2374276 0.3833027 0.3657035 0.4854774 -0.1932084 0.2092699 -0.0020911 0.2264141 -0.5941730 -0.5361078
0.4096575 0.3437666 0.7329519 0.7556337 0.7584788 0.6532007 0.3177341 0.8936280 0.6785625 0.9011885 0.9187297 0.6796141 0.8127695 0.2919767 0.2545120 0.0000000 0.8180269 -0.0896096 0.8307933 0.1443855 0.6715571 0.8545661 0.9389692 -0.4960831 0.7291942 0.8415513 0.0987550 -0.6163482 0.5505227 -0.1563183 0.4970236 0.6471238 -0.6262661 0.1486135 0.8368199 0.4776076 0.6610930 0.8041940 -0.1733054 -0.0364203 0.8328477 0.4691342 0.7580821 -0.5812689 0.7498829 0.5852111 0.8186517 0.7660441 -0.0111874 0.4041043 0.8362107 0.5398137 0.6517279 0.5862933 0.3873551 0.4831928 0.6126074 0.6196015 0.3810576 0.7582328 0.8366904 0.8285455 0.2780373 0.5055641 0.5764237 0.4837481 0.8406039 0.8396331 0.3768348 0.7523516 0.6314415 0.6936898 0.8013510 0.6549029 0.1805254 0.7627851 0.7288957 0.1815240 0.6826097 0.4959008 0.0868562 -0.5246229 -0.2353696 -0.1445577 0.2144717 -0.0233381 0.1381565 0.1712109 -0.0035366 -0.0149829 0.1798420 -0.0381475 -0.0398240 0.0711922 -0.0423787 -0.1002022 -0.1034748 -0.1198950 0.2332399 0.1119411 0.2199040 -0.0372398 -0.3009943 0.4230252 -0.3781203 0.0276725 -0.0248279 -0.5758398 -0.1398830 -0.0469480 0.0146542 -0.2403150 -0.6407532 -0.1455147 -0.0760081 -0.3905199 0.1122360 -0.0946266 0.1147494 -0.0568212 0.2013347 0.1694859 -0.1837377 -0.3481628 -0.3994617 -0.2168579 0.3863263 -0.2293328 -0.2936843 0.2404004 0.2799317 -0.4199051 0.4511935 -0.1202995 -0.1252408 -0.2559364 -0.1027543 -0.1648941 0.1747999 0.2459493 -0.3998953 0.1465005 0.0333544 0.0378183 -0.5839980 -0.0409520 -0.0551885 -0.5245007 -0.1369039 0.1172405 0.3054326 -0.3294319 0.2083024 -0.1882009 -0.1742632 -0.1328896 0.3320950 -0.5434862 0.1158732 0.5212477 -0.4520281 0.3379804 -0.0664484 0.3922431 0.0925494 0.0530346 0.2456688 0.1804163 0.3783913 0.3622251 0.1665896 0.3437829 0.1698383 0.1369364 0.0328104 0.2337665 0.3886139 0.2644259 0.5279648 0.3750049 -0.0463340 0.1976244 0.3463829 0.4183507 0.3421507 0.6431181 0.3714530 0.7118047 0.5702646 0.4050737 0.0086471 0.3686981 0.4414783 0.5507968 -0.0014422 0.2056435 0.5736966 0.6870960 0.5917961 0.3987975 0.1737052 0.2880165 -0.1930151 0.1671042 -0.3144148 0.1648622 -0.3070705 -0.1254493 0.0421456 0.5740685 -0.4553371 -0.0015379 -0.1716600 0.4246394 0.3155040 0.1298939 -0.1733166 -0.2558292
0.5619623 0.4306509 0.6681197 0.6938769 0.5579808 0.8199017 0.5731864 0.7920371 0.7796125 0.9178352 0.8034173 0.7079921 0.6549674 0.4846624 0.5453671 0.8180269 0.0000000 -0.1936449 0.6804107 -0.0530177 0.7234956 0.6574918 0.8318641 -0.2736870 0.4830501 0.7891798 0.2826602 -0.2647009 0.6971213 0.2122922 0.3553063 0.4280885 -0.2274642 0.5509583 0.7831788 0.5080884 0.6470783 0.5681835 0.0231238 0.2508977 0.5565835 0.6224784 0.7626854 -0.2359384 0.8454197 0.5484516 0.7167545 0.4196655 0.4382835 0.4787007 0.7369180 0.6739826 0.8877787 0.7636931 0.1765693 0.4953148 0.6408348 0.8811989 0.0975807 0.7192117 0.7711964 0.9193411 0.1780842 0.8303793 0.7689562 0.4879522 0.7691876 0.9219500 0.4472088 0.9018534 0.6732531 0.8881491 0.8360879 0.8335916 0.3178360 0.8974301 0.8456429 0.3996261 0.8205445 0.6662423 0.1504625 -0.3569247 0.0859045 -0.0955405 0.1725220 0.2322256 0.1730994 0.2336236 0.2611695 0.2463065 0.1209393 -0.1089244 0.0450234 -0.0370780 0.0729803 -0.2288000 -0.2459330 -0.0815686 0.3034838 -0.0335899 0.4184523 0.1230165 -0.0826769 0.5435261 -0.4322431 -0.0717083 0.1627773 -0.5015078 0.0766980 0.0290039 0.0803357 0.0529857 -0.5448226 -0.1996512 0.0771592 -0.4225824 0.1458329 -0.0915299 -0.0175053 0.1334195 0.3255183 0.1888143 -0.0423975 -0.2507562 -0.4481182 -0.2595598 0.3634937 -0.0057729 -0.4707444 0.3174049 0.3232550 -0.2373081 0.4073311 0.0500264 -0.0149147 0.0183296 -0.0642722 -0.3638146 0.1850540 0.5323881 -0.1411215 0.3474863 0.1530908 0.3194469 -0.6689165 0.0886324 -0.0103181 -0.7094010 0.2599716 0.4289051 0.5836789 -0.1046692 0.2545281 0.0548439 0.0322936 -0.2702667 0.3075797 -0.6463924 -0.0197542 0.6340329 -0.6147495 0.3282638 -0.2195986 0.3706532 0.1427053 -0.0190120 0.0480471 0.3456631 0.4567238 0.3788050 -0.0981628 0.3813620 0.2986159 0.3259853 0.0254136 0.0823240 0.1842747 0.2113425 0.4893328 0.4564110 0.1554554 0.3450565 0.2877508 0.3391565 0.0488896 0.6420018 0.0267971 0.7233496 0.5736313 0.3820992 0.2390225 0.5914404 0.2405233 0.5724881 0.0760413 0.3587636 0.4205905 0.6851269 0.4821581 0.3829349 0.1388692 0.2206595 0.0154033 0.2456974 -0.4231691 0.1015318 -0.3028244 -0.2259989 -0.0079137 0.4033527 -0.2555514 0.1257697 -0.3496107 0.2904496 0.2785711 -0.1021529 -0.4421101 -0.5031220
