0.0000000 0.8403710 0.6960496 0.4945232 0.6884993 0.5761581 0.6685990 0.4735854 0.5782091 0.4152124 0.4099758 0.8083964 0.3360798 0.4149484 0.2904931 -0.0299633 -0.0424456 0.2905948 -0.1134248 0.0198123 0.6931723 -0.0542952 -0.2303120 0.4389675 -0.1729476 -0.2114811 -0.0436794 0.2464788 0.7097865 0.0602168 0.2153054 -0.0720104 0.4393635 0.5459972 0.0590027 0.4360941 -0.0707500 0.0798167 -0.0700874 0.1245772 -0.0453402 0.0658647 -0.0828106 0.2928191 0.0249599 -0.0315043 0.1486607 -0.0654423 0.5199282 -0.1878112 0.0474335 -0.0922433 0.6010896 0.0177396 -0.0251551 -0.1190603 -0.1492878 0.0109767 -0.1633924 0.1017787 0.0778515 0.1873995 0.1656920 0.3844984 0.4581451 -0.1866527 0.0365586 0.0234734 -0.2671880 0.0348358 -0.1949834 0.4895247 0.1640437 0.2946553 -0.4395058 -0.0236226 0.5175425 -0.2842255 0.1192216 0.4152947 -0.0073408 0.0572509 -0.1005083 -0.0604792 0.0123403 -0.0681431 -0.0684394 -0.0045904 -0.0625216 -0.1764739 -0.1646846 -0.2083599 -0.1602547 -0.0671357 -0.3674826 -0.3055885 -0.1346893 -0.3037599 -0.3814712 -0.1128583 -0.2748881 -0.1443948 -0.2555957 -0.0559988 -0.2152116 -0.4021013 -0.0205697 -0.2182343 -0.0224510 -0.0129152 -0.3187387 0.1243666 -0.0437040 -0.1557070 -0.0200434 -0.0041306 -0.1391218 -0.2545627 -0.1169225 0.3114260 -0.1144612 -0.2466531 -0.3777520 -0.0892319 0.3772867 0.3950333 -0.3510367 -0.3082875 0.3864597 -0.2845277 -0.1105026 -0.4140790 -0.4200387 0.0902843 -0.5154539 -0.4005379 -0.2745321 0.3030067 -0.1430270 0.3930713 -0.2766539 0.3530682 -0.4639268 -0.0679824 -0.2674615 -0.4124695 -0.1566719 -0.3348471 -0.2077147 -0.0769349 0.0449571 -0.3818172 -0.0497160 -0.2178302 -0.4627332 -0.3259744 -0.4392600 -0.2131345 -0.4264119 -0.0376502 -0.2731218 -0.2407378 -0.4275310 -0.3020055 -0.4421696 -0.3010147 -0.3160021 -0.2812469 -0.3368942 -0.4347479 -0.3413184 -0.4004783 0.5803187 0.5223644 0.7165547 0.6990342 0.6338342 0.3331986 0.5271650 0.0968893 0.1299485 0.1661472 -0.1267324 0.0863055 -0.0765179 0.2755607 -0.0936172 0.0693954 0.6286209 0.5410761 0.3646275 0.6329505 0.6873334 0.5249641 0.4422848 0.3670905 0.3989421 0.6276480 0.1857795 0.3985312 -0.1603245 -0.4263641 -0.0287794 -0.0587347 0.8192331 0.1680215 0.4354652 0.0246371 0.1193691 -0.0323030 0.3664756 0.5028753 0.6134984 0.4863687 0.1214869 -0.0863721 0.3949848 0.3256685
0.8403710 0.0000000 0.6617414 0.5445212 0.6221701 0.6353708 0.7737703 0.5427846 0.5088535 0.4170966 0.6144653 0.6849204 0.5421699 0.5650750 0.3746676 -0.0242236 0.3366987 0.3872440 -0.1886568 0.3742156 0.5952711 0.0452581 -0.0569536 0.4531672 -0.2776503 -0.2020002 0.2801347 0.3921196 0.6641960 0.3030704 0.4512253 -0.0434055 0.4550249 0.5751555 0.0350380 0.2892537 -0.0160947 0.0202621 0.2662186 0.2992016 -0.0642420 0.0031311 0.0116432 0.3905231 0.1696521 0.0401839 0.0570357 0.0316541 0.5119657 -0.1711441 0.0019471 0.0256835 0.5205046 0.2766365 0.1446551 0.0129545 -0.1898245 0.1443428 -0.4466271 0.0508405 -0.1041328 0.2377163 0.3878001 0.4277352 0.2572919 -0.1635857 -0.0159613 0.0934488 -0.2072748 0.1997765 -0.2448476 0.4873142 0.2104633 0.5489516 -0.4236250 0.1693264 0.5279269 -0.3812324 0.0864669 0.3329947 -0.1105166 0.1740252 0.0315107 -0.1305238 -0.0451912 0.0098060 -0.1206851 -0.1344608 -0.1193264 -0.1392156 -0.0733188 -0.1599629 -0.2074791 -0.1830425 -0.3033245 -0.1914709 0.0004623 -0.2138061 -0.3018935 -0.2055727 -0.2039124 -0.1149583 -0.0386037 -0.2101122 -0.1105018 -0.3578887 0.0402080 0.0676595 0.0014027 0.1673948 -0.1483245 0.1885526 0.1098714 0.1193949 0.1833808 0.2263737 0.1119150 -0.1376219 0.0911800 0.1318039 -0.0306112 0.0521603 -0.1972637 0.1151273 0.1468561 0.2466801 -0.0103640 -0.1747015 0.2479027 -0.0603133 0.0217326 -0.3114248 -0.1867170 0.0777234 -0.3592667 -0.2305205 -0.1001591 0.2497056 0.0488375 0.3924751 -0.1983796 0.3002654 -0.3734251 0.0939162 -0.0779238 -0.1528668 -0.0384276 -0.1233124 -0.1300441 0.0540344 0.2671445 -0.1570523 -0.0200644 -0.1469926 -0.2390665 -0.1445713 -0.2335832 -0.1023136 -0.2832794 0.1460747 -0.1769597 -0.0104153 -0.1491109 -0.0731865 -0.2553398 -0.2128917 -0.1755964 -0.1396129 -0.2531082 -0.1424347 -0.2305079 -0.2552108 0.4598909 0.2940788 0.7164041 0.5771634 0.5125701 0.1363107 0.3621641 -0.0807544 -0.0167170 -0.0105217 -0.2489767 0.0117977 -0.1307684 0.2343039 0.1513221 0.3894992 0.6329302 0.4966621 0.1888342 0.5061740 0.5119353 0.3421344 0.2790406 0.2568461 0.2550426 0.4656309 0.2492899 0.2901405 -0.0542346 -0.5852609 -0.0376526 -0.2360908 0.7309788 0.0201418 0.2474533 -0.2328551 0.1453579 -0.1932206 0.1561841 0.3909463 0.5754184 0.3204844 0.0808039 -0.2178838 0.2265998 0.2274351
0.6960496 0.6617414 0.0000000 0.8032768 0.8178033 0.8411330 0.5482305 0.7915572 0.7076463 0.6116340 0.6260507 0.6217918 0.6649916 0.6972980 0.5245312 0.0350365 0.0973112 0.6041996 -0.0184750 0.1768226 0.4522912 -0.0944869 -0.2934695 0.6623790 -0.0807193 -0.1873796 0.1986568 0.6108661 0.7191641 0.5060272 0.3774928 -0.0156618 0.5715968 0.7546415 -0.0552637 0.0028054 -0.1219790 0.1538365 0.2208265 0.5704966 -0.0356117 -0.2209407 -0.0782210 0.6235132 0.1641718 0.0757001 0.1023199 0.0804247 0.7020464 -0.1493795 -0.0018430 -0.0126715 0.7108482 0.3372499 0.1767151 -0.0175858 -0.2732572 0.4722482 -0.3382443 -0.0081336 0.1071166 0.2256793 0.5015034 0.6416580 0.5814954 -0.3290755 -0.0797428 0.2681239 -0.1687044 0.2784532 -0.3099991 0.6084535 0.2905975 0.5877042 -0.3649252 0.0899948 0.4972617 -0.4693031 -0.0793433 0.1733335 -0.1290284 -0.2098268 -0.0827444 -0.3474408 -0.3384675 -0.1183938 -0.1809946 -0.3207150 -0.3457490 -0.3717585 -0.0861787 -0.1560881 0.0454024 -0.4621717 -0.3421734 -0.2013838 -0.0774520 0.1171202 -0.4094173 -0.3776125 -0.2393193 0.0257504 -0.0373024 -0.3907957 -0.1132631 -0.2839570 -0.1395328 0.0041270 -0.0765240 0.0006268 -0.1331107 -0.1175045 0.0568834 0.0957582 0.0869637 0.1752927 0.0563013 -0.2034786 0.0440838 0.0595817 -0.0597325 0.0422309 -0.1912781 0.0454648 0.1173099 0.1656966 0.0136060 -0.0907297 0.1485908 -0.0418567 -0.0223997 -0.2769418 -0.2193607 0.0158936 -0.4054728 -0.2259786 -0.1718619 0.0823990 -0.1198444 0.1721914 -0.1221165 0.1189108 -0.2503186 0.0474676 -0.1684361 -0.2343421 -0.2164829 -0.2758905 -0.0531991 -0.1393214 -0.0105627 -0.2192260 -0.1569561 -0.0795909 -0.3492837 -0.2046241 -0.3158994 -0.1878752 -0.2187491 -0.0857309 -0.2185330 -0.1859360 -0.2989876 -0.2697147 -0.2931883 -0.2333375 -0.2092530 -0.1433824 -0.2107378 -0.2402730 -0.1861437 -0.2198458 0.1532208 0.0009893 0.2584989 0.2698924 0.2928040 -0.2463618 0.1108061 -0.3793470 -0.3656058 -0.4077542 -0.4683177 -0.4185687 -0.1607445 0.6489183 0.3556764 0.5067665 0.6874159 0.3941106 0.0912990 0.4395944 0.5002613 0.2005523 0.2114994 0.1390275 0.2110996 0.4700744 0.2513160 0.1763495 0.0102651 -0.4659419 -0.1187507 -0.2298658 0.4603370 -0.0212463 0.2830426 -0.1911373 0.2258718 -0.0636731 0.0873942 0.2911881 0.5487426 0.2668999 0.0504090 0.0076548 0.0895096 0.0063202
0.4945232 0.5445212 0.8032768 0.0000000 0.6505889 0.9101457 0.5169810 0.8555426 0.7596540 0.7094999 0.6593304 0.6248657 0.6066920 0.7097044 0.6372880 -0.1465168 0.2297070 0.6407174 -0.1757739 0.2579396 0.3446131 -0.2990912 -0.2905534 0.6414471 -0.1474076 -0.2266333 0.4051983 0.5070243 0.7118762 0.5074423 0.1282912 -0.0918120 0.5773189 0.8081190 -0.1216476 -0.2639085 -0.2180915 -0.0490416 0.1857473 0.5449868 -0.0822303 -0.4404296 -0.1936977 0.6114117 -0.1431517 -0.0540748 -0.0954778 -0.0040232 0.7554929 -0.2376580 -0.1277376 -0.0146142 0.8288444 0.4345924 0.0682170 -0.1442311 -0.3876675 0.6661371 -0.3974893 -0.1511023 -0.0028567 0.2569828 0.5522671 0.8205232 0.7263132 -0.2798513 -0.1679921 0.4957221 -0.0855373 0.5040518 -0.3937934 0.7927170 0.3810069 0.6240052 -0.2252134 0.3239171 0.6114248 -0.4679592 0.0088901 0.2571659 0.0251864 0.0111299 0.2173158 -0.1248596 -0.0774293 0.0317210 -0.3594609 -0.0886071 -0.2579205 -0.1527735 -0.3392623 -0.4383973 -0.1155019 -0.3543819 -0.4870070 -0.4034936 -0.3455601 0.1423549 -0.5263243 -0.2433234 -0.1976325 -0.0017502 0.1818990 -0.5194050 -0.2994206 -0.4268314 0.1349937 0.0962486 -0.2027937 0.2631847 -0.3006628 -0.0825638 0.2055781 0.2184786 0.3120872 0.3582973 0.2098951 0.1384913 0.2135987 0.2689571 0.1621437 0.1154352 -0.3112132 -0.0126781 0.2672152 0.2782134 -0.0745305 -0.3099066 0.2561024 -0.1336117 -0.0616791 -0.4493607 -0.2774515 0.1596312 -0.4045794 -0.3057787 -0.1751789 0.1917995 -0.1238937 0.3320602 -0.4117763 0.2536738 -0.2534867 0.1704777 -0.1244313 -0.3030948 -0.1586577 -0.3158109 -0.2770462 0.1510722 0.3466297 -0.1746931 0.0312803 -0.3714907 -0.4693040 -0.1871634 -0.0862630 -0.2463916 -0.1970404 0.3224688 -0.4831470 0.1254902 -0.2126106 0.1105647 -0.2957612 -0.3028917 -0.3423287 -0.2764580 -0.2859177 0.0471131 -0.3698388 -0.3242558 0.0038481 0.0509681 0.1663507 0.1449230 0.2364344 -0.2656813 -0.0853250 -0.6317841 -0.6297223 -0.6426774 -0.6351110 -0.6388909 -0.2758481 0.6671404 0.4370673 0.5385947 0.7658166 0.5489445 0.2332261 0.4724088 0.5980944 0.2852651 0.3800772 0.3641881 0.4512277 0.5986097 0.5455717 0.2721771 0.1132699 -0.3649778 -0.1733296 0.0707109 0.4202218 0.2088405 0.4699271 0.1897397 0.3743129 0.2862569 0.1124614 0.4021085 0.6483980 0.5226903 0.4454995 0.3306889 0.3834531 0.3512307
0.6884993 0.6221701 0.8178033 0.6505889 0.0000000 0.6189663 0.4879790 0.6575273 0.5925299 0.3965162 0.5540933 0.6550651 0.4845823 0.4455466 0.4882777 -0.0431738 -0.0700735 0.5090395 -0.0766530 -0.0391173 0.5061671 -0.1886863 -0.2605993 0.5418880 0.0086510 -0.1910801 -0.0220134 0.4555556 0.6449784 0.1820140 0.1909459 0.0583291 0.4180347 0.6189104 -0.0009912 0.1045069 -0.1261748 0.1317290 -0.1279717 0.2414643 -0.0819374 -0.0752932 -0.1564443 0.3513801 0.2606398 0.1230047 0.1828012 -0.0019892 0.4890228 -0.1174698 -0.0299096 -0.1225074 0.6791856 0.0909003 0.1235805 0.0354387 -0.1885058 0.1170331 -0.1555798 -0.0372118 0.2727447 0.1467918 0.3699212 0.4251062 0.6674907 -0.2485747 -0.1010035 0.0892558 -0.1096035 -0.0048161 -0.2943210 0.5469412 0.0200130 0.3793674 -0.3417452 -0.1329097 0.3525842 -0.5018191 -0.2119819 0.1838070 -0.2676953 -0.4413914 -0.2203136 -0.3835595 -0.3376251 -0.3042131 -0.3189730 -0.2875480 -0.3995310 -0.3412219 0.0298552 -0.0928809 -0.1261984 -0.2914576 -0.2435057 -0.1360928 0.0315712 -0.0505021 -0.3279850 -0.3566004 -0.1854543 -0.2249323 -0.2885304 -0.1694953 -0.0639919 -0.2497516 -0.3586054 -0.1981649 -0.0696668 -0.2442081 -0.0856227 -0.2153405 -0.2075077 -0.1886445 -0.2094953 -0.1526003 -0.2624509 -0.4660407 -0.2582154 0.0781470 -0.3066266 -0.2716282 -0.2571806 0.0093987 0.1233894 0.0599400 -0.1058635 -0.1698957 0.0058991 -0.2391247 -0.2931330 -0.3480864 -0.3877444 -0.1067406 -0.5195309 -0.2569115 -0.4043251 -0.0164966 -0.2900171 0.0182425 -0.2213300 0.0258470 -0.4263625 -0.0766214 -0.3691425 -0.2737683 -0.3792985 -0.3877179 -0.2083006 -0.3509295 -0.2003777 -0.3461549 -0.3412653 -0.1942877 -0.3513162 -0.3236883 -0.4710709 -0.3613623 -0.4791574 -0.3206005 -0.1737401 -0.4151915 -0.3214683 -0.4325786 -0.4450913 -0.3776277 -0.3558294 -0.3274369 -0.3708854 -0.4904973 -0.3376298 -0.3838686 0.5093923 0.3000388 0.2701960 0.2862762 0.4361108 0.1109786 0.2431687 -0.1300774 -0.1115998 -0.2095123 -0.3359966 -0.3122231 -0.0849896 0.6440147 0.1557128 0.2586472 0.5775124 0.4078685 0.1497992 0.4344603 0.4930943 0.1633441 0.0756945 0.0103634 0.0992196 0.4192009 0.1514965 0.1041306 -0.1872180 -0.3933379 -0.2652087 -0.4162113 0.3638940 -0.1517333 0.2974922 -0.1494739 0.1224692 0.0601724 0.1296300 0.1875770 0.2738039 0.3724677 0.0006016 -0.3022411 0.1810001 -0.0358363
0.5761581 0.6353708 0.8411330 0.9101457 0.6189663 0.0000000 0.6101411 0.7821965 0.8733771 0.8288367 0.6842047 0.6914786 0.6972492 0.8790510 0.6486831 -0.0514086 0.3623239 0.6091206 -0.1241859 0.2845305 0.3215649 -0.2053605 -0.2080702 0.6552527 -0.1542829 -0.1350518 0.4013796 0.5436925 0.7876295 0.5653368 0.3187363 -0.0617220 0.5813126 0.8506484 -0.0561547 -0.1104201 -0.1936924 0.0274661 0.2816966 0.6329965 0.0015044 -0.2635356 -0.1130787 0.6343801 0.0066871 -0.0332609 -0.0510566 0.1104332 0.7665179 -0.2420580 -0.0520408 0.0544698 0.8413441 0.5500048 0.1855768 -0.0979487 -0.3946837 0.7187911 -0.3904674 -0.0884311 -0.0216430 0.3431119 0.6382979 0.8566430 0.6515438 -0.2351109 -0.1461710 0.5527256 -0.0163914 0.5591317 -0.3554675 0.7250658 0.3736650 0.7405191 -0.2528869 0.3639648 0.6212498 -0.5028868 0.0024397 0.2134503 -0.0581897 0.0337504 0.2702773 -0.1342594 -0.1319722 0.1475880 -0.2021484 -0.1892141 -0.1592961 -0.1700917 -0.2064156 -0.3005404 -0.0155523 -0.3970148 -0.3655455 -0.3000452 -0.2629316 0.1769571 -0.4002634 -0.2550849 -0.1421859 0.0729092 0.2263166 -0.4332702 -0.2512798 -0.3255597 0.1779648 0.0991834 -0.1999576 0.2699617 -0.2037309 -0.0104154 0.1869589 0.2303374 0.3165174 0.3662481 0.2031056 0.0218358 0.1854171 0.0150473 -0.0503323 0.1103045 -0.2191771 -0.1252973 0.0389942 0.1428769 -0.0828078 -0.2224537 0.1272984 -0.1163991 -0.0111362 -0.3837748 -0.2130998 0.0058055 -0.3947756 -0.3200878 -0.1291114 0.0646480 -0.0980230 0.2458201 -0.3329291 0.1180256 -0.1751090 -0.0123903 -0.1413378 -0.2594791 -0.2357019 -0.2913182 -0.1313277 0.0468796 0.2006126 -0.2526536 -0.0927795 -0.2361333 -0.4151756 -0.2546248 -0.1183890 -0.2552272 -0.0908158 0.1610287 -0.4277331 0.0259945 -0.2860786 -0.0218423 -0.2429159 -0.2932172 -0.2181833 -0.0975558 -0.1563900 0.0021953 -0.2530431 -0.1962133 -0.0632992 -0.0199629 0.2632432 0.2527092 0.2081542 -0.2964256 -0.0602374 -0.5624437 -0.5527519 -0.5741220 -0.4911733 -0.4516023 -0.1691856 0.6378212 0.5234716 0.6666337 0.7540734 0.4587241 0.0215857 0.3878286 0.4998220 0.1402292 0.2389222 0.2640205 0.3427090 0.5044433 0.4548775 0.1280776 0.0566410 -0.4926047 -0.1224952 -0.0360176 0.3801462 0.1752994 0.3441374 0.0887525 0.3637540 0.1216951 0.0375698 0.3289344 0.6032603 0.4183668 0.2810441 0.3461173 0.2439393 0.2679116
0.6685990 0.7737703 0.5482305 0.5169810 0.4879790 0.6101411 0.0000000 0.5177383 0.5058342 0.4148315 0.4410340 0.7900079 0.4730020 0.5125917 0.3174823 -0.2421495 0.0386311 0.3989092 -0.2865091 0.3970063 0.6562181 -0.0220770 -0.3561330 0.4787237 -0.2600743 -0.4850834 -0.0062290 0.4404113 0.7232668 0.3202581 0.2097496 -0.1854183 0.5262409 0.6563680 -0.3343230 0.1869808 -0.3136153 -0.0539427 0.0010524 0.1188056 -0.1352609 -0.0659773 -0.4309274 0.4599647 0.2018644 -0.1945754 -0.2401730 -0.1292727 0.5891504 -0.3245031 -0.3702930 -0.3451485 0.5630359 0.0304683 -0.0747902 -0.2430370 -0.4737041 0.2455158 -0.3606212 -0.3166484 -0.0822816 -0.1105730 0.1215545 0.4858552 0.3754448 -0.4130137 -0.3542272 -0.0614144 -0.3482172 0.1141932 -0.4942875 0.3966162 -0.0737260 0.4557563 -0.6019838 -0.0354149 0.4438234 -0.6423988 -0.1189878 0.2750767 -0.1880049 -0.1111296 -0.0763019 -0.3293683 -0.1572159 -0.1957545 -0.3962480 -0.1849900 -0.3109017 -0.3012299 -0.4038716 -0.4597636 -0.3243673 -0.2769918 -0.4364478 -0.3473399 -0.2013137 -0.2250467 -0.3594712 -0.1324670 -0.2970008 -0.3724596 -0.1895719 -0.2800503 -0.3801900 -0.3732855 -0.1519414 -0.1169221 -0.1310843 -0.1162503 -0.1702751 0.1376313 0.1054384 -0.1552988 -0.1003676 -0.0154989 -0.1904500 -0.2933675 -0.1173461 0.0591965 -0.2885720 -0.1667819 -0.1651993 0.0748659 0.0147476 0.0747635 -0.1614579 -0.2557695 0.0900459 -0.2265809 -0.3053244 -0.4186722 -0.3708484 0.0141867 -0.5152285 -0.4256433 -0.3310051 0.0704403 -0.2630737 0.3479136 -0.3947440 0.2268915 -0.3578104 -0.0045950 -0.3213026 -0.3619273 -0.3168171 -0.4245982 -0.2641241 0.0114547 0.2279175 -0.3405987 -0.1222792 -0.2835372 -0.4532242 -0.2391862 -0.1703437 -0.4066527 -0.2826904 0.1814316 -0.3453354 -0.0591945 -0.1000546 -0.0560948 -0.3882192 -0.3321630 -0.2444805 -0.2557680 -0.3089680 -0.1168017 -0.3969825 -0.3259786 0.4033578 0.3713251 0.7394067 0.7039174 0.6335947 0.1964642 0.3681624 -0.1468367 -0.0340802 -0.0135978 -0.2428757 0.0108090 -0.1678589 0.2835688 0.2932452 0.3739561 0.5580315 0.3913616 0.1872554 0.5047658 0.5099596 0.3492993 0.2769236 0.3532184 0.4621889 0.5396481 0.2111181 0.1235339 0.0539864 -0.4845879 0.0704781 0.0161508 0.5499005 0.0098904 0.1013184 -0.1036015 0.2207509 -0.1195653 0.3290268 0.4950959 0.5466666 0.3750797 0.1655010 -0.1254530 0.2615250 0.2963174
0.4735854 0.5427846 0.7915572 0.8555426 0.6575273 0.7821965 0.5177383 0.0000000 0.6445079 0.6685673 0.8042093 0.4645951 0.8542037 0.6467969 0.4510967 0.1303132 0.2772422 0.6055118 0.1323534 0.1221959 0.3269740 -0.0571026 -0.0862188 0.4928456 0.1259036 -0.0552932 0.5085162 0.4281322 0.6164628 0.5015567 0.3160043 0.0720803 0.3679060 0.6198522 0.1211484 -0.1380892 -0.0071131 0.2150743 0.2657472 0.5207827 0.0329006 -0.3296923 -0.0199388 0.4899856 0.1205847 0.1527110 0.1372414 0.2044367 0.5418075 -0.0209748 0.0325338 0.0819979 0.7426059 0.4861617 0.2664962 0.0991555 -0.1935915 0.4453426 -0.2336392 0.0097596 0.1462491 0.2869299 0.5629812 0.5501101 0.5660059 -0.1984823 -0.1090828 0.3258024 0.0257237 0.2388941 -0.2859792 0.7379861 0.2614605 0.5933088 -0.2988801 0.1903879 0.4323025 -0.4695571 -0.0174376 0.1754783 -0.0992272 -0.0574922 0.1027898 -0.4250818 -0.3967412 -0.0548583 -0.2497524 -0.3285752 -0.4419292 -0.4147220 -0.1768703 -0.2574575 0.0351696 -0.5423195 -0.4129670 -0.1552277 -0.0193191 0.2141892 -0.5265778 -0.4336967 -0.1876973 0.0260567 0.1824899 -0.5460825 0.0371286 -0.2165107 0.0040064 0.1814946 0.1542056 0.0838790 0.0825639 -0.0393254 0.3370064 0.2064530 0.2170000 0.3067649 0.1885441 0.0272348 0.2289826 0.0251446 0.0854116 0.1906886 -0.0897007 0.0944594 0.0191892 0.0307796 0.0991971 0.0139753 -0.0118668 0.0554466 -0.0267142 -0.1683192 -0.0984391 0.3129782 -0.1741372 -0.0196242 -0.0551745 -0.0035555 -0.0370975 0.2197244 -0.1436960 0.1622771 -0.1777267 0.3687816 -0.0386739 -0.0246103 -0.1013350 -0.1678104 -0.0803138 0.1418522 0.3099446 0.1205390 -0.0729735 -0.1017478 -0.3450105 0.1244023 -0.1609329 -0.1546110 -0.1624549 0.2221563 -0.3657365 0.0813757 0.0218427 -0.0514182 -0.2174061 -0.1619436 -0.1648918 -0.1330333 -0.2379877 -0.0097307 -0.2306601 -0.2144445 0.0581128 -0.0914429 0.0923815 0.1261988 0.2706462 -0.2408854 0.0109895 -0.4511653 -0.4045064 -0.5041477 -0.4618136 -0.5224688 -0.1002191 0.5675283 0.5401281 0.5923179 0.6746103 0.4241981 0.0006668 0.3369302 0.3706823 0.1519120 0.1516415 0.1513783 0.2652683 0.3197338 0.3257108 0.0708416 0.1320577 -0.2579092 0.1575240 0.0458167 0.3105679 0.1773888 0.3053234 -0.0635157 0.1961506 0.1814994 0.3304263 0.3152296 0.5265699 0.4741822 0.2527848 0.1063437 0.0202785 0.0081445
0.5782091 0.5088535 0.7076463 0.7596540 0.5925299 0.8733771 0.5058342 0.6445079 0.0000000 0.7867917 0.5340278 0.7177927 0.6039572 0.8307948 0.7465721 0.0453937 0.2918823 0.6718289 -0.0397363 0.1434545 0.1737146 -0.0145265 -0.1701965 0.7155743 0.0385794 -0.0049783 0.2799362 0.5179914 0.6951478 0.4749443 0.3066326 0.1551007 0.6503199 0.7794308 -0.0244115 -0.2208096 -0.0777864 0.2446871 0.1555673 0.5880807 0.2521696 -0.3330376 -0.1039702 0.6308781 -0.0407783 0.0475398 0.0143597 0.3184083 0.7467869 -0.0221058 0.0277960 0.0661030 0.7401286 0.4954355 0.3224069 0.0368100 -0.2491007 0.5377213 -0.1917410 -0.0082080 0.0531887 0.3264756 0.6429535 0.6619699 0.6128258 -0.0479001 -0.1198914 0.3674253 0.2188880 0.2867500 -0.2748859 0.6009917 0.1686065 0.4517163 -0.0865758 0.1417896 0.3690825 -0.4349710 -0.1473223 -0.0067673 -0.1151617 -0.0241746 0.3159352 -0.0983249 -0.1803630 0.2169055 -0.1275197 -0.3240579 -0.0898933 -0.1747009 -0.1123681 -0.1591335 0.1381865 -0.4275529 -0.2130674 -0.1354918 -0.1547483 0.2172966 -0.3312622 -0.3622735 -0.0999365 0.0782953 0.2331736 -0.3970617 -0.1957637 -0.1562187 0.2174606 0.1083429 -0.3289812 0.2460846 -0.1695018 0.1117434 0.2820590 0.2233383 0.3184569 0.3706907 0.1867391 0.0928604 0.2378563 -0.0997404 -0.1099932 0.0908863 -0.0618595 -0.1497033 -0.0444336 -0.0444531 -0.1791809 -0.1418569 -0.0597636 -0.1859816 -0.1664816 -0.3067403 -0.3482539 -0.1750600 -0.4404795 -0.2735394 -0.2862672 -0.2148182 -0.3460438 -0.0331775 -0.2509166 -0.1642456 -0.0419154 -0.3129480 -0.3383948 -0.1654662 -0.4781811 -0.3828742 0.0364490 -0.2659670 -0.1028094 -0.3822368 -0.3733912 -0.0839082 -0.3601359 -0.4556539 -0.0793309 -0.3303814 0.0090086 -0.0631097 -0.3217467 -0.1992561 -0.3356856 -0.0871697 -0.2138093 -0.2193847 -0.0518235 0.0458087 0.0206323 -0.0791891 -0.1234577 -0.0601447 0.0327134 0.1102020 0.1323315 0.1628804 0.1268985 -0.1941972 -0.1480690 -0.5289420 -0.5369654 -0.5225058 -0.4363640 -0.4728593 -0.0845184 0.5090239 0.3965102 0.4374325 0.5719884 0.3367299 -0.1129010 0.2041849 0.4280880 0.0898250 0.1634375 0.2219520 0.3085338 0.4200522 0.3122166 -0.0862936 0.0681307 -0.3271122 -0.0356377 0.0639863 0.3032894 0.1761514 0.1806225 0.1824556 0.5031691 0.3064991 0.2685113 0.2975172 0.3982128 0.4865661 0.1995333 0.3714169 0.3059473 0.3050577
0.4152124 0.4170966 0.6116340 0.7094999 0.3965162 0.8288367 0.4148315 0.6685673 0.7867917 0.0000000 0.7175513 0.4264149 0.6354971 0.8309011 0.3513254 0.1624728 0.4355540 0.3350495 0.0101186 0.0557923 0.0450058 -0.1388461 0.0999463 0.2587539 -0.1862925 -0.0273917 0.3400993 0.1662891 0.5013579 0.3126308 0.2198103 -0.2067565 0.2340098 0.4860130 0.0806748 -0.0222721 -0.2274884 -0.0849620 0.3123480 0.5353444 -0.0462702 -0.1105439 0.0380672 0.3241844 -0.0344692 -0.2543225 -0.0518211 0.0817966 0.4491189 -0.3238882 0.0681440 0.2765016 0.7393948 0.6124513 0.0637369 -0.2152345 -0.3438471 0.5589911 -0.2101919 0.0334564 0.2043155 0.4414817 0.4921112 0.6380145 0.5287412 -0.1513779 -0.0116619 0.6248925 0.1042421 0.6188067 -0.2165844 0.6475147 0.3780549 0.5263418 -0.2764088 0.4968156 0.4685957 -0.2691342 0.0768938 0.1263967 -0.0487597 0.1391696 0.2065457 -0.1421189 -0.2011640 0.1240739 -0.1917403 -0.2175934 -0.1838675 -0.2442414 -0.2821495 -0.3058865 0.0158702 -0.4072090 -0.4053696 -0.2744936 -0.3200901 0.1193172 -0.4106881 -0.3283283 -0.2667409 -0.0382258 0.1705410 -0.4454439 -0.2081808 -0.2469800 0.1762247 -0.0304523 -0.0687850 0.1407272 -0.0568082 -0.1945860 0.1771628 0.1410243 0.2333309 0.3084428 0.1665956 0.0634650 0.1814732 -0.1346807 -0.1072940 0.1272871 -0.1589846 -0.3680179 -0.1358920 -0.0231423 -0.1141498 -0.1419681 -0.0446870 -0.1814078 -0.0433413 -0.2088247 -0.1658699 -0.1019458 -0.1925787 -0.1855589 -0.1504106 -0.1119615 -0.1119187 0.1183640 -0.2664872 -0.0248543 -0.0420184 -0.0855679 -0.1654788 -0.0967313 -0.2774821 -0.2455365 -0.0709557 0.0426337 0.1866496 -0.1458346 -0.2019753 -0.1859334 -0.3876322 -0.1311354 -0.1099113 -0.3153263 -0.0291395 0.2091627 -0.5153897 -0.0118357 -0.2310871 -0.0382650 -0.2399944 -0.2823112 -0.1768199 -0.0807494 -0.0818489 0.0348473 -0.2525554 -0.1315514 -0.1652845 0.0195608 0.0568012 0.0521662 0.1163181 -0.0947526 -0.0537914 -0.3539576 -0.4567203 -0.5061664 -0.2459031 -0.3151862 -0.0140307 0.3229450 0.6011670 0.5058901 0.4904092 0.2034346 -0.1805513 0.1152459 0.1921824 0.0163490 0.0649231 0.1191545 0.1481055 0.2333529 0.3245367 -0.0721161 -0.1160218 -0.3124601 -0.0699978 0.0572574 0.2186555 0.3705913 0.2335544 0.3201549 0.1415867 0.2283274 0.0600349 0.2817523 0.4507747 0.4941362 0.3303320 0.4172338 0.0888510 0.2350217
0.4099758 0.6144653 0.6260507 0.6593304 0.5540933 0.6842047 0.4410340 0.8042093 0.5340278 0.7175513 0.0000000 0.3130810 0.7964993 0.7042757 0.2132470 0.3597652 0.5686592 0.3810430 0.1807778 0.0601798 0.2773664 0.0354888 0.3290726 0.2040574 0.0161081 0.1596170 0.5747293 0.1527677 0.5131276 0.2603841 0.4244664 0.0665713 0.0877499 0.3720970 0.3629803 0.1034798 0.1472894 0.1303413 0.4218571 0.5325035 -0.0279742 -0.0808405 0.3131233 0.1876441 0.1597139 0.1680561 0.2514145 0.1935023 0.2803043 -0.0421407 0.3089105 0.4550156 0.6353373 0.7332032 0.3015388 0.1781393 -0.0389508 0.2630046 -0.2572045 0.3031586 0.1386555 0.6145829 0.5347632 0.4251284 0.3670181 0.0067578 0.1763796 0.5157614 0.1067205 0.4077028 -0.1020237 0.7141404 0.4322213 0.6573577 -0.2874163 0.5023386 0.5109016 -0.3087266 0.1633884 0.2517495 -0.1856478 0.0583059 0.1520049 -0.4126830 -0.4646592 0.1046449 -0.1863779 -0.4383911 -0.3416336 -0.3245651 -0.0473332 -0.1296492 -0.0382079 -0.5408115 -0.3844473 -0.1360584 -0.0015827 0.0812015 -0.4444096 -0.5725079 -0.1434522 0.0200610 0.2471600 -0.4962797 0.0844302 -0.2674851 0.1368926 0.2103526 0.1782877 0.1714203 0.1825021 -0.0691838 0.3142371 0.2837133 0.2681384 0.3755594 0.2861842 -0.0108763 0.2673172 -0.1442602 0.0435267 0.2819102 -0.0862910 -0.0516640 -0.1479691 -0.0236055 0.1750127 0.0548816 -0.0774597 0.0981899 0.1557618 -0.0726354 0.1272500 0.2559244 -0.0248018 0.0591241 0.1213744 -0.0231697 0.2068461 0.1957296 -0.0790858 0.1007361 -0.2181717 0.3507990 0.1146056 0.1388527 0.0071482 0.0712302 -0.0043747 0.1252758 0.2893252 0.2128825 -0.1894205 -0.0303689 -0.1720542 0.1301658 -0.2373994 -0.0781346 -0.1495570 0.1334099 -0.3458332 -0.0289992 -0.0330563 -0.1540793 -0.1891024 -0.1668401 -0.0736904 -0.0054799 -0.1696760 -0.0771623 -0.1626384 -0.1641310 0.0648208 -0.1080994 0.1089196 0.1098457 0.2097393 -0.1092262 0.1284716 -0.2043143 -0.2053250 -0.3305117 -0.2617806 -0.2413444 -0.0094281 0.2792654 0.4629627 0.5594708 0.5997162 0.3592127 -0.1676642 0.2461587 0.2022316 -0.0214896 -0.0301126 -0.0198541 0.0029708 0.1673390 0.2512708 0.0231441 -0.0256012 -0.4956860 0.0665968 -0.2005429 0.2957550 0.1481221 0.2095344 -0.1802105 0.0015644 -0.0990739 0.0838845 0.1635912 0.3941835 0.3084185 0.1162334 -0.0431576 -0.1491292 -0.0415559
0.8083964 0.6849204 0.6217918 0.6248657 0.6550651 0.6914786 0.7900079 0.4645951 0.7177927 0.4264149 0.3130810 0.0000000 0.2948671 0.4630122 0.5465051 -0.3367329 -0.1118179 0.4231983 -0.3561080 0.1677379 0.6937299 -0.1810016 -0.4671432 0.6244345 -0.1619352 -0.3660623 -0.0795631 0.3908742 0.8326797 0.1586877 0.0901029 -0.0297570 0.6039986 0.7688565 -0.2308033 0.1668943 -0.2644132 0.0599717 -0.2515541 0.0869630 0.0420058 -0.1627582 -0.4109701 0.4275408 -0.1162144 -0.1154814 -0.1391018 -0.0656800 0.6700059 -0.2414602 -0.2566653 -0.3449426 0.6819558 -0.0275625 -0.0403032 -0.2289022 -0.3806110 0.2115774 -0.2632512 -0.2222670 -0.1155876 0.0086760 0.1728415 0.5656275 0.6338026 -0.3017892 -0.2688833 0.0598756 -0.2246816 0.0611500 -0.4513502 0.5454873 -0.0155716 0.3470105 -0.3591904 -0.0718577 0.5547806 -0.5118385 -0.0258131 0.3839090 0.0056212 -0.1334188 0.0365358 -0.0524524 0.0605290 -0.0412166 -0.2502969 -0.0155532 -0.0937970 -0.1286951 -0.3081826 -0.3763316 -0.2470601 -0.1004390 -0.3486149 -0.3888686 -0.3098477 -0.1703558 -0.3644929 -0.0188996 -0.1817762 -0.2270982 -0.1763685 -0.1133747 -0.4778473 -0.4073465 0.0142201 -0.2372430 -0.3530211 0.0226392 -0.4196092 0.1394601 -0.0207782 -0.1846081 -0.0152949 -0.0228736 -0.2175184 -0.2387132 -0.1770319 0.2790269 -0.2776049 -0.3631729 -0.3943529 -0.1576956 0.2864874 0.3065557 -0.5216367 -0.4998721 0.2804160 -0.4609673 -0.3796541 -0.6483103 -0.6230422 -0.0066981 -0.7501888 -0.6519633 -0.4874203 0.1554496 -0.4306015 0.3354625 -0.5804605 0.2576155 -0.4779739 -0.2474774 -0.5040950 -0.6190254 -0.4257528 -0.6124760 -0.3729198 -0.1411981 -0.0269538 -0.6396410 -0.1600956 -0.4330819 -0.6235496 -0.5693392 -0.3099683 -0.5015805 -0.4022943 -0.0511641 -0.4498928 -0.2786937 -0.5021382 -0.1911550 -0.5249723 -0.4686833 -0.3912019 -0.3363102 -0.3550108 -0.3688905 -0.4813310 -0.4570081 0.5024202 0.5362267 0.6683334 0.7158188 0.6309165 0.2138834 0.3583388 -0.1961883 -0.1161413 -0.0274380 -0.3524286 -0.1176526 -0.3048552 0.4391707 -0.0104395 0.1518377 0.6944431 0.6196899 0.3872425 0.6528750 0.7888442 0.4926677 0.4993150 0.5363178 0.6428893 0.7776667 0.3650959 0.3073520 0.0153813 -0.4664051 -0.1064138 0.1140689 0.6025424 0.1458305 0.4159462 0.1601080 0.3884772 0.1037484 0.3500952 0.5747541 0.5630569 0.5486660 0.2671741 0.0753030 0.5625583 0.4539351
0.3360798 0.5421699 0.6649916 0.6066920 0.4845823 0.6972492 0.4730020 0.8542037 0.6039572 0.6354971 0.7964993 0.2948671 0.0000000 0.7224172 0.4561408 0.2919028 0.5572568 0.5696175 0.2208627 0.2661511 0.0783225 0.2442370 0.1520984 0.4360809 0.1947179 0.1374803 0.6501721 0.4846250 0.4347804 0.6389610 0.6575502 0.2452867 0.2969083 0.4955547 0.2140477 -0.1526606 0.1484685 0.4048922 0.5194573 0.6276038 0.2677141 -0.2418344 0.1594683 0.4988902 0.3354930 0.2898878 0.1678171 0.5175739 0.3963407 0.1609483 0.1159020 0.2096900 0.4927382 0.6631453 0.5734362 0.3319913 -0.0958166 0.4011321 -0.2937795 0.0749314 0.0168027 0.3076278 0.7319806 0.3589579 0.2071754 -0.0517804 -0.1205961 0.2332802 0.2441711 0.1556698 -0.2006454 0.5032001 0.1137902 0.6237221 -0.1824948 0.1630582 0.2080033 -0.4417035 -0.1225193 -0.0788574 -0.2422335 0.0314016 0.1896024 -0.4646020 -0.5192127 0.0921035 -0.0201974 -0.5460426 -0.3636984 -0.4271245 0.1425751 0.0793204 0.2314493 -0.6261449 -0.1056479 0.2002495 0.2989126 0.3587496 -0.2773065 -0.5136392 -0.0322712 0.1556662 0.3544659 -0.4742252 0.2859044 0.0864301 0.0616814 0.3857313 0.1937578 0.1576341 0.3893557 0.1017253 0.4450464 0.3990696 0.3382275 0.4343163 0.3487623 0.0381694 0.3605415 -0.4103054 -0.0566984 0.3925442 0.2368370 0.1391017 -0.4179747 -0.3134191 0.3042242 0.3014479 -0.3482386 0.2446589 0.0546719 0.0912576 0.1079940 0.1103475 0.0110188 0.1850357 0.0753390 -0.3095203 0.0267260 -0.0345536 0.1187661 -0.1438368 0.0796120 0.2101562 0.0148744 0.3062742 -0.1433873 0.0138916 0.2356951 -0.0089114 0.1271860 0.2216295 -0.2700622 0.2184957 -0.0430642 0.1902336 -0.0324090 -0.0566233 0.1175027 0.0511841 -0.1158903 0.0428917 0.1626624 -0.0793270 0.0365720 0.0001108 0.1675840 0.2317260 0.0590979 0.1101539 0.0862515 0.1246165 -0.0775715 -0.3234477 0.0258329 0.0154043 0.0660667 -0.3777056 -0.1351951 -0.4385709 -0.3666238 -0.4885078 -0.3470956 -0.3871854 -0.0008411 0.3773216 0.6798084 0.7464718 0.4619631 0.1726339 -0.4085589 -0.0030239 0.0068678 -0.1653460 -0.1687351 -0.0927089 -0.0195395 -0.0498812 0.1350922 -0.2606870 0.1800409 -0.3026225 0.2863410 -0.1156992 0.0742867 0.0180995 -0.0369054 -0.3349407 0.1978656 -0.0210827 0.2111241 0.1186743 0.2771438 0.2060681 -0.0341239 -0.0049385 -0.3047974 -0.2552906
0.4149484 0.5650750 0.6972980 0.7097044 0.4455466 0.8790510 0.5125917 0.6467969 0.8307948 0.8309011 0.7042757 0.4630122 0.7224172 0.0000000 0.5699919 0.1222146 0.5316701 0.6723809 -0.0149822 0.3426702 0.0833629 -0.0194116 -0.0262265 0.5911388 -0.1357553 -0.0085819 0.4538806 0.5604288 0.6290825 0.6338765 0.4419340 -0.0139031 0.5184840 0.7098227 0.0023904 -0.1780681 -0.0993216 0.0637493 0.4634823 0.7498474 0.0104260 -0.1420195 0.0593560 0.6014973 0.2151377 0.0460567 -0.0044281 0.2173693 0.6622678 -0.1363965 0.0819905 0.2403763 0.6703573 0.7265169 0.2981540 0.0522686 -0.3173075 0.6622503 -0.3124650 0.0285050 -0.0003112 0.4414512 0.7237155 0.7311805 0.3825962 -0.1391275 -0.0795106 0.5658889 0.0966550 0.5445655 -0.2867865 0.5088931 0.3318689 0.7531035 -0.2318592 0.3764865 0.4120765 -0.5019172 -0.1409832 -0.0611264 -0.2984604 0.0370490 0.3552909 -0.1606020 -0.2612554 0.2956762 -0.1159837 -0.3738388 -0.0528454 -0.1013453 -0.0513916 -0.1325531 0.0895368 -0.4645257 -0.2132447 -0.1535240 -0.1239289 0.1894903 -0.2157752 -0.3946592 0.0015250 0.1585372 0.3532510 -0.4276388 -0.1132237 -0.2098582 0.2429538 0.2489220 -0.1886273 0.2961556 -0.0370092 0.0561860 0.2925121 0.3582615 0.3620279 0.4792565 0.3437901 0.0828285 0.3271688 -0.2741769 -0.0477748 0.3179839 0.0259925 -0.1299882 -0.2498033 -0.1483464 0.1392043 0.0247050 -0.1499245 0.0160452 0.0799615 -0.1423823 -0.0102029 -0.1430064 -0.1954218 -0.0670586 0.0080029 -0.2047341 -0.0149729 -0.0220491 -0.0659321 -0.1870733 0.0277468 -0.1025515 -0.0340291 0.0302961 -0.2688205 -0.0700085 0.1300443 -0.1019276 0.1261702 -0.1038615 -0.2990408 0.0334048 -0.1269802 -0.1788775 0.0186813 -0.1222566 0.1340855 0.1107216 -0.2041822 -0.0050914 -0.1375899 0.0175931 -0.0290960 -0.1223538 0.0465736 0.1584444 0.0868128 0.1201312 0.0009532 0.0573676 -0.2010783 -0.1708515 0.1214963 0.0541956 -0.0651662 -0.3664459 -0.2448588 -0.5526892 -0.5420245 -0.6217915 -0.3405482 -0.3932133 0.0299486 0.4915391 0.6399131 0.7537721 0.5049973 0.1620604 -0.3037161 0.0763100 0.1834332 -0.1643127 -0.0611486 -0.0213313 0.0279043 0.2323013 0.1892859 -0.1794471 0.0096516 -0.4400034 -0.0655921 -0.1814831 0.2156887 0.0037614 -0.0201840 -0.0642026 0.3473872 0.0392048 0.0181722 0.0637146 0.3291002 0.1802943 0.0450755 0.3267339 0.0451462 0.1569240
0.2904931 0.3746676 0.5245312 0.6372880 0.4882777 0.6486831 0.3174823 0.4510967 0.7465721 0.3513254 0.2132470 0.5465051 0.4561408 0.5699919 0.0000000 -0.2634447 0.2835975 0.7316953 -0.3010027 0.4935690 -0.0051437 0.0083834 -0.2895075 0.8150616 0.0017944 -0.1166924 0.3758046 0.7483115 0.4610646 0.6578875 0.3453999 0.2725161 0.7456881 0.7601354 -0.2528542 -0.5609069 -0.0898939 0.2302283 0.2034318 0.4927214 0.3497691 -0.5696521 -0.2126589 0.7235923 -0.0850523 0.1310881 -0.1969676 0.4152571 0.6654923 0.1012191 -0.2331601 -0.1457586 0.3827707 0.3046005 0.4260981 0.1418552 -0.2600473 0.4952975 -0.4475423 -0.2781651 -0.2420765 0.0062981 0.7303966 0.4909310 0.3706470 -0.0991070 -0.3237421 0.0817831 0.2782996 0.1033621 -0.3658779 0.3901117 -0.0492024 0.3682860 0.1773033 -0.0429055 0.1521237 -0.3677246 -0.2732368 -0.1805182 0.0193561 -0.0802040 0.2698139 0.0311533 0.0208281 0.1353716 -0.0631329 -0.2516592 -0.0622758 -0.0503202 0.0704545 -0.0012562 0.1279661 -0.2911441 0.1036808 0.1215956 0.0334396 0.3581902 -0.0762035 -0.2045974 0.0231494 0.1034458 0.2525454 -0.3408494 -0.1213170 0.0756117 0.0980688 0.2458938 -0.4716691 0.3105244 -0.1627557 0.1025460 0.2008066 0.3408425 0.4043159 0.3808889 0.2661101 0.2057962 0.2624839 -0.0573866 -0.0302739 0.1727901 0.0924454 0.1249219 -0.0617560 -0.0751587 0.0057811 -0.1329458 -0.0983114 -0.0866960 -0.2484511 -0.3069961 -0.3881986 -0.2896589 -0.4501621 -0.2109499 -0.3624016 -0.2374300 -0.4474866 -0.1404958 -0.2211314 -0.2367089 0.0340940 -0.3337855 -0.3836969 -0.0574648 -0.4775564 -0.4004814 0.0163005 -0.3187259 -0.1418769 -0.3636009 -0.2883610 -0.0864095 -0.1747517 -0.4255754 0.1995577 -0.2958924 0.0825694 -0.0632061 -0.0879683 -0.0758869 -0.1431676 0.2077221 -0.0605694 -0.1342294 0.0087051 0.0684219 0.0687499 0.1172035 -0.0191427 0.0512945 0.0306497 -0.0446431 -0.0211619 -0.0990653 -0.0437846 -0.4248772 -0.4043301 -0.7391191 -0.7325620 -0.6476694 -0.6976855 -0.7193972 -0.3816701 0.5362212 0.3363057 0.4694590 0.4187190 0.3017796 -0.0415555 0.0615188 0.3173633 0.0550458 0.1636553 0.2494186 0.2949567 0.2915301 0.4229085 -0.0924158 0.1948050 -0.2086470 -0.1416691 0.0109683 0.0631749 -0.0169434 0.0250703 0.0092429 0.6223335 0.3340004 0.0933966 0.2112318 0.1819330 0.3018692 0.2080874 0.1674244 0.2957892 0.1337436
-0.0299633 -0.0242236 0.0350365 -0.1465168 -0.0431738 -0.0514086 -0.2421495 0.1303132 0.0453937 0.1624728 0.3597652 -0.3367329 0.2919028 0.1222146 -0.2634447 0.0000000 0.4565221 -0.1375088 0.9070133 -0.3775236 -0.2283047 0.5623299 0.7434337 -0.2436833 0.6461053 0.8261314 0.3332833 -0.2690365 -0.0583729 -0.0117637 0.4275783 0.5522276 -0.2821184 -0.3350127 0.7716123 0.1761648 0.7927218 0.5662557 0.4882282 0.4661959 0.3854916 0.2165646 0.8077709 -0.1210328 0.2648647 0.5741836 0.8052359 0.5373574 -0.2201387 0.6014533 0.8711833 0.8190977 -0.0210000 0.5485183 0.5678527 0.6734094 0.7848039 -0.0900499 0.4694764 0.8710569 0.5270943 0.6829226 0.2029320 -0.2676226 -0.1195918 0.7528766 0.7823786 0.1849281 0.6202071 -0.0133254 0.7954803 0.0772858 0.4335190 -0.0448395 0.3522315 0.2708642 -0.1930925 0.4189084 0.2686998 -0.1627465 0.0020699 0.0923431 0.1919830 -0.2906223 -0.5129814 0.3118122 0.4564694 -0.5074781 -0.0629890 -0.2754027 0.3909551 0.4837602 0.6109135 -0.5092762 0.2016747 0.4816463 0.5071136 0.3642867 0.0924471 -0.5170243 -0.0084610 0.4694808 0.3965080 -0.2544081 0.7002830 0.4413246 0.1532650 0.4707170 0.5963988 0.0989246 0.5900693 0.2314956 0.4821304 0.3639930 0.1966010 0.2855320 0.3219731 0.1404741 0.4102862 -0.4631726 0.2068279 0.5044738 0.5288056 0.3361231 -0.2688727 -0.2861053 0.5439368 0.7201152 -0.2441972 0.7002010 0.6457814 0.7416734 0.6891768 0.2010608 0.6692631 0.6755891 0.5913403 -0.1878021 0.5061403 -0.2637359 0.6998786 -0.2480797 0.4487693 0.2711828 0.5430674 0.6983216 0.3558071 0.5744876 0.7303498 0.0279379 -0.0966674 0.6533984 -0.0357696 0.7378077 0.4151320 0.4435881 0.0610792 0.5344182 0.4256447 -0.2348509 0.3160257 0.0359145 0.3692941 -0.1825971 0.3894203 0.6286600 0.6419398 0.6378054 0.4837117 0.0861527 0.5973584 0.5195561 -0.2996497 -0.4984678 -0.4006526 -0.2414359 -0.2996393 -0.2372373 -0.0216079 0.2877250 0.1963600 0.1556499 0.4008624 0.2241040 0.5266092 -0.2682816 0.1216942 0.0417625 -0.0998774 -0.2723190 -0.5414521 -0.2897882 -0.3303522 -0.3475164 -0.4189620 -0.4470615 -0.4643354 -0.4414589 -0.1929921 -0.2582673 0.1957477 0.1578398 0.5863790 -0.0467519 -0.0243653 0.1677836 -0.2656537 -0.3368060 -0.1351915 -0.1436666 0.1249302 -0.3682551 -0.0951875 -0.1915932 -0.3020640 -0.0497437 -0.6081665 -0.3639956
-0.0424456 0.3366987 0.0973112 0.2297070 -0.0700735 0.3623239 0.0386311 0.2772422 0.2918823 0.4355540 0.5686592 -0.1118179 0.5572568 0.5316701 0.2835975 0.4565221 0.0000000 0.1129255 0.2189161 0.3872777 -0.3447656 0.3744685 0.6875800 0.0044105 0.0795120 0.5133446 0.8443529 0.0670508 0.0586283 0.4277980 0.6589035 0.3189808 -0.0188897 0.0532672 0.4548431 -0.1590375 0.4340699 0.2063109 0.8339997 0.6438951 0.3520774 -0.0633726 0.6243134 0.1555769 0.0720458 0.2929186 0.2183310 0.5645287 0.0134128 0.2720568 0.4309744 0.7066306 0.0804933 0.8610403 0.6075711 0.4499012 0.2608072 0.3146881 -0.2891213 0.3980538 -0.0984970 0.6241644 0.6893070 0.1378416 -0.1970652 0.4640421 0.3488693 0.4645721 0.5904120 0.4523200 0.2963279 0.3044805 0.4370413 0.4714219 0.3513647 0.6392836 0.1163382 0.1775632 0.2531336 -0.1170781 0.0933210 0.4949077 0.5444755 0.0816704 -0.0595555 0.5472241 0.3522097 -0.2906831 0.1387974 0.0604348 0.3239517 0.3093128 0.2963351 -0.3294725 0.2177502 0.3738653 0.2916715 0.3731267 0.1359020 -0.2865174 0.1272355 0.4057519 0.6772569 -0.3323243 0.3872813 0.2779362 0.4720964 0.6352475 0.1890265 0.5838164 0.3636381 0.2355494 0.5068024 0.7058566 0.6824676 0.6898285 0.6873916 0.4469649 0.6388941 -0.4339527 0.2342949 0.7034813 0.3957767 0.1692264 -0.3992103 -0.2196310 0.5053109 0.3448317 -0.2079233 0.4965513 0.5010817 0.3228536 0.4737218 0.0120945 0.4039388 0.3920206 0.4291460 -0.1482261 0.4087696 -0.0541425 0.2508824 -0.1832529 0.3673601 0.1522533 0.3944901 0.6165192 0.2208871 0.4124522 0.4265181 0.2181776 0.2918930 0.4585927 0.0193248 0.3292299 0.3263851 0.3002177 0.4077447 0.2981032 0.4715858 0.2387976 0.0594337 0.3618167 0.3351880 0.3685992 0.3926213 0.3337698 0.4567159 0.5374817 0.4112491 0.5059714 0.3780150 0.4504725 -0.4086977 -0.5034143 -0.1766006 -0.2961787 -0.3499834 -0.4482210 -0.3443631 -0.2894737 -0.3634125 -0.3484307 -0.1069417 -0.1333362 0.0218634 -0.1328345 0.4964396 0.5826964 0.1525817 -0.0102677 -0.5036684 -0.2919933 -0.2614301 -0.3358673 -0.2464900 -0.1424435 -0.2354212 -0.2960814 0.2840027 -0.2046379 0.2288468 -0.1743576 0.2499171 -0.0602110 -0.0303812 0.2160763 -0.1753149 -0.1907893 0.1827024 -0.0192894 -0.1773869 -0.1369357 0.0672845 -0.0437112 0.0650375 0.1416472 -0.3169102 -0.0842849
