0.0000000 0.3986345 0.1362297 0.3896544 -0.1537073 0.2660597 0.0937703 0.4468621 0.3567299 0.3898399 0.4277665 0.0256946 0.1827804 0.1007070 0.0702352 0.7320266 0.2191923 0.3502466 0.2641003 -0.1569734 -0.0432633 0.0554815 0.4054511 0.2302068 0.2020240 0.2836392 0.2152204 0.3611816 0.2191077 0.1701283 0.0258179 0.1032435 0.2571026 0.2093159 0.3063450 0.1422897 0.0525020 0.2123051 0.4008391 0.3904382 0.1082004 0.3014619 0.4257728 0.5323464 0.1171510 0.2033947 0.2176682 0.1191876 0.3486547 0.2459983 0.3017535 0.2661456 0.1834880 0.5177124 -0.0605094 0.1465900 0.1553544 0.5643814 -0.3339307 0.4187600 0.2143234 0.4501458 -0.1130821 0.2409208 0.0970175 -0.0401861 0.4167990 0.5778785 0.0055491 0.5875821 0.1073361 0.3234045 0.4358308 0.1962603 0.1937420 0.3901954 0.2014076 0.1055577 0.2103678 0.4709807 0.0620773 -0.1901363 -0.2510187 -0.2749514 -0.0110829 -0.3413317 -0.2938457 -0.1309514 -0.1026208 -0.3102672 -0.3731286 -0.2378940 -0.2296475 -0.0311791 0.1491712 0.2028736 -0.0589615 -0.1150120 -0.0229146 -0.0425959 0.0323477 -0.2103730 -0.2244938 0.0058930 -0.2282039 0.3093139 -0.3664545 -0.3138021 -0.2673311 -0.0643331 -0.1993777 -0.2337163 -0.1995945 -0.1903730 -0.1943021 -0.2072286 -0.0268246 -0.0079319 0.0900551 -0.2766441 -0.1794779 0.0838726 -0.1747031 0.0698305 -0.2327068 -0.5035839 -0.0839943 -0.1582217 -0.3817893 -0.3427485 -0.4060669 -0.2515617 -0.4260342 -0.2015976 -0.3898942 -0.3765660 -0.4367011 -0.3851396 -0.3517116 -0.0997962 -0.5592801 -0.1748166 0.0978533 -0.4101604 -0.5007533 -0.4998973 -0.4176895 -0.4312602 -0.5406269 -0.1520049 -0.2407963 -0.4418108 -0.3854065 -0.6283075 -0.1331380 -0.3461449 0.0355498 -0.5251523 -0.1006689 -0.2972315 -0.1748968 -0.2770887 -0.3091672 -0.2466406 -0.2979547 -0.3953261 -0.5869295 -0.4523827 -0.1308747 -0.3083012 -0.5628911 -0.2304510 0.6393852 0.4865082 0.2568094 0.0605035 0.0916894 0.1725154 0.0227310 0.1940931 0.4711853 0.2744669 -0.0266428 0.0512573 -0.0940036 0.1906203 -0.1573231 -0.1680945 0.1775625 0.2528128 -0.1818645 0.0844971 0.1478826 0.3411010 -0.2852484 -0.0693875 -0.2275422 0.0485101 0.4174330 -0.5095321 -0.0472629 -0.2284647 -0.3348453 -0.1461843 -0.2480005 -0.1617560 -0.2795313 -0.1627808 0.0884720 0.0389524 -0.0985982 0.2240115 0.2263067 0.1175179 -0.1388121 0.2671559 0.3102103 -0.2664678
0.3986345 0.0000000 0.7441555 0.8265429 0.3603579 0.7957904 0.6859043 0.7470990 0.7052530 0.4445399 0.6903130 0.5616569 0.3821869 -0.2152747 0.5058819 0.6092550 0.3980358 -0.0389375 0.4124829 -0.3044656 0.5940389 0.1168318 0.5887118 -0.0507768 0.3859941 0.5292536 0.2478237 -0.2545326 0.5705104 -0.1536799 -0.0657025 0.4480207 -0.1943839 0.1769600 0.6138555 0.8138002 0.4577004 0.4740975 0.4270516 0.4466112 0.4219998 0.6501076 0.6275914 0.3020074 0.3863445 0.5790085 0.6345879 0.3473546 0.2752971 0.4696222 0.6692659 0.6416634 0.4083295 0.6483616 0.2933743 0.5547252 0.6415420 0.6270265 0.1428705 0.7233003 0.4473860 0.6087290 0.2206762 0.4330955 0.3852447 0.5241205 0.5965331 0.6050175 0.2913869 0.5475665 0.3204858 0.3722442 0.4117312 0.3688666 0.1839413 0.3001001 0.3375657 -0.3223843 -0.3883004 0.3055556 -0.6543962 0.0397230 0.1596326 -0.0716663 0.1218774 0.1687880 0.1438414 -0.0260149 0.4068191 0.3042216 0.1718215 0.0534269 -0.0886590 -0.0140780 0.1263352 0.4004428 0.0765772 -0.0208143 -0.2281627 -0.0721367 0.0266408 -0.0143885 -0.1284981 -0.3601778 0.0147766 0.2292468 0.0778317 -0.1289903 -0.0035988 0.0288310 -0.0568964 0.1008323 -0.0178695 -0.1329525 -0.0510594 0.0736270 0.1016435 0.0118682 0.0517090 -0.1499601 -0.0439090 0.0889108 -0.1020723 0.2079209 -0.1519810 -0.1840597 0.2809312 -0.2557133 -0.1800394 0.2675794 0.0870484 -0.0054491 0.1770475 0.0853480 -0.5776001 -0.2010143 -0.0016427 -0.0505130 0.1563123 0.4886233 -0.0742861 0.2565695 0.0406006 0.3612065 -0.0556843 -0.0905764 0.1015490 0.0919227 -0.4340633 0.3122726 0.3900762 0.2047444 0.0685085 -0.0153113 0.2150412 0.3901139 0.2211023 0.0039290 -0.3719241 0.3467264 0.1409081 0.1974581 0.2813905 0.2285286 0.1142063 0.1819391 -0.1639702 -0.1948603 -0.0471808 0.1002262 -0.1061547 -0.0102986 -0.1164493 -0.0056745 0.7515163 0.5393796 0.4979770 0.5513003 0.4247564 0.5025782 0.5751771 0.4633948 0.2959394 0.1296140 0.1938403 0.2351719 -0.0170792 0.0038364 0.2299692 0.3142598 -0.0889029 0.3779449 0.2693086 0.0161807 0.2470106 0.2292398 0.1963246 0.1278508 0.3524240 -0.1115246 0.0428174 -0.0870328 0.0726515 0.3429051 0.2389633 -0.6302871 -0.1642891 -0.3755637 0.0234910 0.0940491 0.1310557 0.3120667 0.2798924 0.3197668 0.1901512 -0.2198388 0.2734916 -0.2025788
0.1362297 0.7441555 0.0000000 0.6100148 0.8080321 0.5682029 0.6573726 0.7199917 0.5095177 0.2273869 0.6404523 0.6271055 0.6644636 -0.4470318 0.2175274 0.4149303 0.2389004 -0.2569420 0.3620527 0.0879969 0.5298125 0.3103863 0.5464488 -0.3343760 0.2467864 0.4106188 0.1943856 -0.5292151 0.2570342 -0.3920464 0.3344012 0.3741422 -0.4563069 -0.0309287 0.4297287 0.7995744 0.4321372 0.5358795 0.1336107 0.0366980 0.6393089 0.6330663 0.4102016 -0.1536316 0.3357957 0.4504802 0.3791970 0.4350177 0.0939205 0.4860814 0.3909350 0.4292011 0.4224224 0.3284080 0.5638956 0.6175392 0.4915922 0.4067568 0.4936303 0.4235490 0.6172638 0.2720008 0.5617105 0.5169828 0.5353773 0.6161909 0.2870980 0.3122888 0.5614720 0.3859183 0.4406330 0.4607841 0.2433866 0.6349397 0.4626894 0.2859370 0.5471423 -0.0978369 -0.2625237 0.4574519 -0.4406301 0.3724431 0.4230652 -0.0203037 0.4072968 0.1703563 0.0162855 0.2253564 0.3704192 0.3283736 0.1128538 -0.1710074 -0.1869500 0.2121037 -0.0691354 0.2085595 -0.2465211 -0.2581289 -0.4610685 0.2113497 -0.2216158 -0.1482055 -0.2240541 -0.1571565 -0.1881790 0.2490181 0.0961737 -0.0719618 -0.1822374 0.2013580 -0.3534716 -0.0249889 0.1330046 0.0138938 0.1066185 0.1207078 0.0142559 -0.1395937 -0.0612978 -0.2263232 -0.2150150 0.0240987 -0.0889309 0.0542796 -0.1505027 0.0123291 0.1174617 -0.3506847 -0.0055862 0.2139272 0.0860664 0.1374014 0.0976971 0.2840287 -0.3472921 -0.2989196 -0.0353483 -0.0730836 0.1133582 0.4877227 0.0242231 0.2181352 0.1025620 0.4429455 -0.0760329 -0.1008680 0.0309573 0.0754113 -0.3903887 0.1168017 0.2637680 0.3566745 -0.0031443 0.0972224 0.2122466 0.5342382 0.1251126 0.0615045 -0.3065084 0.2582412 0.2610614 0.0112943 0.2143461 -0.0291926 0.1716967 0.1787011 -0.1524901 -0.2512386 -0.3430072 -0.1564874 -0.1339639 -0.2006907 -0.3591283 -0.0723711 0.5628770 0.5603311 0.6084257 0.7509704 0.5379349 0.5073642 0.5563159 0.4548969 0.5989651 0.3032694 0.6262486 0.4766826 0.4658862 0.4348596 0.4673426 0.4279000 -0.2243888 0.5484698 0.3816557 -0.1233642 0.3411124 0.2114622 0.3190411 0.2404160 0.5214531 0.0496938 0.0341884 -0.3118329 0.0542157 0.3444515 0.5185680 -0.2737352 -0.2017126 -0.2038533 -0.1688267 0.1804342 -0.1431581 0.3515162 0.6948187 0.5553295 0.4254302 -0.0633984 0.0316584 -0.1922894
0.3896544 0.8265429 0.6100148 0.0000000 0.1367338 0.7191470 0.4498915 0.8381906 0.5569515 0.6671259 0.7675731 0.3754822 0.4765905 -0.0364058 0.2572715 0.7684213 0.6052800 -0.0488687 0.3023732 -0.5708877 0.2953709 0.0964472 0.5979730 -0.1820690 0.3959786 0.6560559 0.5182190 -0.2516398 0.2984115 0.1273266 -0.2180585 0.4518144 -0.2918878 0.0035561 0.6592778 0.5692007 0.4812423 0.4611386 0.6898855 0.5830496 0.4975257 0.5221274 0.6907409 0.3522509 0.2179494 0.4881471 0.6249249 0.4217025 0.3156764 0.4190600 0.6748818 0.7389367 0.3613306 0.7534798 0.2167107 0.4112990 0.6167677 0.7899967 -0.1685541 0.7462478 0.3703619 0.7606680 0.0844559 0.5905337 0.4624205 0.3211408 0.7079647 0.7939597 0.2268290 0.7583883 0.3559319 0.4901709 0.6419392 0.4671253 0.2472832 0.5214023 0.3639890 -0.0463888 0.0042893 0.4562289 -0.2979401 -0.2344119 -0.1847723 -0.3624579 -0.1033862 -0.1491906 -0.0916050 -0.1975348 0.1859922 0.0583171 0.1483416 0.0369018 -0.0989312 -0.2455646 0.0038714 0.5449844 0.2062588 0.0359068 0.0339519 -0.2200764 0.2070281 -0.0514607 -0.2230145 -0.5612412 0.2072648 0.1983552 -0.2658149 -0.3908496 0.1458938 -0.2269282 0.1807304 -0.1785208 -0.1222154 -0.1696575 -0.1547917 -0.0768524 0.0684352 0.1122481 0.1319998 0.0274772 0.2046593 0.1781588 -0.2394453 0.3459745 0.0668580 -0.0437966 0.3437954 -0.1048173 0.0012089 0.3708852 0.1981066 0.0103963 0.2580725 0.0169768 -0.3158865 -0.0393175 0.1092229 0.1150859 0.3214017 0.4892973 -0.0810767 0.3607572 0.4259885 0.2437187 0.0038870 -0.0441923 0.2360351 0.1872650 -0.2339441 0.5092256 0.4364303 0.0700949 0.1978165 -0.0672689 0.4607753 0.2246493 0.4980198 0.0560695 0.0498071 0.3625454 0.2350285 0.3626694 0.1009209 0.2540746 0.2681622 0.0360219 -0.2547745 -0.1652786 0.1709885 0.3111196 0.0123462 0.2270518 0.0701251 0.0621573 0.5343320 0.3940037 0.3697944 0.4090817 0.2611241 0.4701691 0.5164024 0.4377409 0.0519798 0.0103774 0.1307019 0.3745586 -0.0581160 0.0798622 0.2581973 0.3052281 0.0767975 0.2239484 0.1442110 0.2400525 0.2528201 0.2897622 0.1506304 0.0287029 0.4799248 0.0364809 -0.0122115 -0.4362802 -0.2621434 0.1107016 -0.1380112 -0.6087855 0.0497883 -0.4437577 0.0663161 -0.0197864 -0.1221270 0.2627463 0.1737478 0.2227182 0.1284250 -0.0549621 0.5603336 -0.0918287
-0.1537073 0.3603579 0.8080321 0.1367338 0.0000000 0.2589180 0.4585783 0.2802008 0.2889568 -0.1119320 0.2226971 0.4629280 0.4783770 -0.5095533 0.1834777 -0.0569394 -0.0328525 -0.3266743 0.1165152 0.4975598 0.4096398 0.4427281 0.2579486 -0.2982685 0.0505614 0.0903647 -0.0571725 -0.5031300 0.0952400 -0.4522255 0.5955132 0.1786066 -0.3863823 -0.0891206 0.1228145 0.5789237 0.2741180 0.3034458 -0.1691709 -0.2147330 0.5270605 0.4183911 0.0849265 -0.2994732 0.2663500 0.1624789 0.1126676 0.3319795 -0.0919863 0.1900756 0.0927529 0.1091944 0.2098507 -0.0205062 0.5380627 0.4617291 0.2320464 -0.0173677 0.7961294 0.0603521 0.5526286 -0.1182026 0.6908759 0.1997844 0.3453612 0.5695359 -0.0590646 -0.0974908 0.5930326 -0.0540464 0.3659994 0.1374998 -0.0432912 0.4177296 0.3923886 0.0683173 0.3029697 -0.0464107 -0.2874392 0.1594234 -0.3312019 0.5444206 0.5884490 0.1985273 0.4745637 0.3255789 0.1166612 0.3248419 0.3119374 0.3307815 0.1474907 -0.0306067 0.0381585 0.3401109 -0.1339126 -0.0475054 -0.2624192 -0.1594105 -0.4863473 0.4081442 -0.3367886 0.0205197 0.0248315 0.2133777 -0.2608604 0.0390154 0.4029754 0.3204433 -0.1227198 0.4663005 -0.4578782 0.1727069 0.3986113 0.2897150 0.3604867 0.3159675 0.1235023 -0.0751886 -0.0153828 -0.1306120 -0.2264761 0.0824940 0.1105228 -0.0504774 -0.1437141 0.1220793 0.1072361 -0.2873662 0.1042543 0.0653743 0.0613998 0.1165025 0.0079407 0.2261446 -0.1907807 -0.2944044 -0.0724629 -0.0208528 0.0337255 0.2595789 0.1075793 0.0820906 -0.2253259 0.3479531 -0.0378888 -0.0231369 -0.0154316 0.0354913 -0.3711632 -0.1384348 0.0691585 0.3768487 -0.0056991 0.1628934 0.0768477 0.4753842 -0.1867195 0.1349712 -0.4446300 0.1250414 0.2992504 -0.1363826 0.1663098 -0.1393453 0.1937422 0.1689991 -0.0259685 -0.2646695 -0.4869052 -0.3023542 -0.1254585 -0.3529690 -0.6135143 -0.2890046 0.2511176 0.2964329 0.3879549 0.5197702 0.4027294 0.3042264 0.1880451 0.2443760 0.7462021 0.4612435 0.7484967 0.3908847 0.7235921 0.5701109 0.3213956 0.1784262 -0.1508635 0.3981359 0.2550209 -0.3328842 0.2815830 0.0252425 0.2379300 0.1232904 0.2597728 0.1574645 0.1492292 -0.1489637 0.1959796 0.2602733 0.7624266 0.1487606 -0.1545882 0.1722483 -0.0363067 0.1902167 -0.0932077 0.1543239 0.7202826 0.5024185 0.4161361 0.1513735 -0.1423112 0.0038285
0.2660597 0.7957904 0.5682029 0.7191470 0.2589180 0.0000000 0.8342914 0.6133804 0.9231606 0.6298355 0.4214718 0.8001387 0.4082883 0.1796406 0.5176118 0.4318691 0.2287989 0.0824307 0.2845377 -0.2394211 0.7423123 0.1359789 0.2696539 0.2594738 0.2045786 0.4227329 0.1816965 0.0182437 0.7174493 0.1040824 -0.0256310 0.3251250 0.1434640 0.5251977 0.4655288 0.7846558 0.4798725 0.4000050 0.4421711 0.3075271 0.3351947 0.7339533 0.3776977 0.3828455 0.5741872 0.3786135 0.6365637 0.4051613 0.6392220 0.2497770 0.6280516 0.3873501 0.7281349 0.4122685 0.3346846 0.5023412 0.7039828 0.6762401 0.0610533 0.6730467 0.5727518 0.4999638 0.1985745 0.7037146 0.6478494 0.4721325 0.5268757 0.5526208 0.3290216 0.5808688 0.1960459 0.6439098 0.3647185 0.5332358 0.2550964 0.2970818 0.5750226 -0.2625987 -0.2539647 0.4050658 -0.4940755 0.0454435 0.1643000 0.2705384 0.4278713 0.4567352 0.1606108 0.0318615 0.6415562 0.4382270 0.1149041 0.0492900 -0.2161792 0.2671117 0.2564940 0.1794536 -0.1081971 -0.2233713 -0.0768332 0.1394483 0.2951995 -0.2009831 -0.1653378 -0.1761800 -0.1696947 -0.0376683 0.0439720 -0.2007255 -0.1650250 0.1620370 -0.1712602 -0.0774873 -0.1549256 -0.2632702 -0.1379853 -0.0304816 -0.0098380 -0.1844249 -0.0906809 -0.3075805 -0.2152530 -0.0009338 0.0736978 0.0498827 -0.2896838 -0.2372998 0.1233020 0.0468651 -0.2594562 0.1393558 -0.0986868 -0.0187779 -0.0066717 0.2948078 -0.4399918 -0.2563671 -0.1924076 -0.1679704 -0.0937171 0.2798654 -0.2041745 -0.0002231 0.0714143 0.2234865 -0.1823313 -0.2811008 -0.1211152 -0.1470719 -0.3216718 0.0740438 0.0924906 0.0576734 -0.0928531 -0.1609679 0.1007201 0.1354370 0.1047418 -0.2182609 -0.2723787 0.0334659 -0.0760009 0.0310063 0.0471613 0.0147221 -0.0623173 -0.0963270 -0.2783664 -0.1747748 -0.0561389 0.0383947 -0.1952425 -0.0397008 -0.0058992 0.1896139 0.5713278 0.6314523 0.6783804 0.5757675 0.5871972 0.3855138 0.4445217 0.4245401 0.2747155 0.1735326 0.1579536 0.2236301 -0.0352566 0.0993624 0.4435755 0.5150881 -0.2099678 0.5608494 0.4123712 0.2140643 0.2447011 0.3848509 0.2510608 0.3617308 0.5213362 -0.1259115 0.4042489 -0.0019032 0.1777226 0.4008490 0.1524824 -0.4814054 -0.1518271 -0.1433947 0.2253285 0.3929776 0.0066108 0.4054561 0.1829928 0.5195117 0.5178993 -0.2222401 0.1787883 -0.2182568
0.0937703 0.6859043 0.6573726 0.4498915 0.4585783 0.8342914 0.0000000 0.4699810 0.8472096 0.4698623 0.3198682 0.9281841 0.4181950 0.1277340 0.5730074 0.2127774 0.0819570 0.1106065 0.1498999 0.0289546 0.8522871 0.0203008 0.2032939 0.3149478 -0.0435908 0.1697161 0.1067232 0.0084921 0.7788481 -0.0197648 0.1516795 0.1473972 0.1680657 0.6185929 0.2668656 0.8151535 0.3836285 0.3052626 0.1868784 0.1139773 0.2515576 0.7162856 0.2215737 0.1511312 0.6720020 0.2994181 0.4627126 0.2547710 0.5515477 0.4055201 0.4231162 0.2325896 0.7874763 0.1800096 0.3760471 0.5271828 0.5614310 0.4543590 0.3428742 0.4453780 0.6015428 0.2367280 0.2945437 0.6165695 0.6059089 0.5049616 0.2273530 0.2796536 0.3464218 0.3523832 0.1082349 0.6285875 0.0625194 0.5097304 0.2174346 0.0860035 0.6105272 -0.3667322 -0.4212852 0.3879631 -0.5668252 0.3150618 0.3740857 0.4465030 0.6632263 0.5377630 0.2002308 0.2067736 0.6520716 0.5287565 0.0700705 -0.1304686 -0.3307562 0.3423808 0.3327493 -0.1309366 -0.4020301 -0.3956210 -0.2443615 0.1668812 -0.0541116 -0.2806651 -0.2205294 -0.0988249 -0.3680186 -0.0193362 0.1832529 -0.0705460 -0.3880901 0.3814035 -0.4010394 0.0635259 -0.0507287 -0.2070332 -0.0633790 0.0717837 -0.0676161 -0.3798695 -0.2121380 -0.5320692 -0.4602354 -0.1607237 0.0104247 -0.0802291 -0.4512563 -0.2557042 -0.0757308 -0.0915562 -0.3181188 0.1044690 -0.1016460 0.0448741 0.0055947 0.4450073 -0.4759007 -0.2961618 -0.1676607 -0.2692694 -0.1638518 0.3106577 -0.1183012 -0.0866479 -0.1888910 0.3833646 -0.1224249 -0.2593755 -0.2131124 -0.1757165 -0.3651354 -0.1201742 0.0355374 0.2630203 -0.1843803 -0.0509344 -0.1929759 0.3189833 -0.1648369 -0.2330183 -0.4340266 0.0086912 -0.2583838 -0.1605113 0.1300359 -0.0901584 -0.2500194 0.0193483 -0.1833792 -0.1589676 -0.2791591 -0.1686757 -0.2700975 -0.2474569 -0.1898167 0.1206316 0.6727620 0.7300245 0.7423805 0.7301231 0.6393513 0.3389567 0.4000093 0.3033140 0.4221758 0.1562987 0.2446874 0.1459210 0.0736765 0.1309718 0.4884784 0.5539102 -0.4622964 0.6897541 0.5339835 -0.0812149 0.1626864 0.3124439 0.3345909 0.5585189 0.5028057 -0.1062854 0.3764744 0.2103409 0.4330748 0.5556373 0.5479595 -0.2281888 -0.2112986 0.0845321 -0.0252655 0.5147423 0.0712148 0.4816419 0.4235389 0.6798573 0.6622412 -0.3590090 -0.0808212 -0.1059709
0.4468621 0.7470990 0.7199917 0.8381906 0.2802008 0.6133804 0.4699810 0.0000000 0.5169210 0.5457074 0.7997419 0.4941426 0.7874429 -0.1831605 -0.0292730 0.7477502 0.4259963 -0.2350120 0.6173238 -0.2225923 0.3439753 0.4041861 0.6455176 -0.2624279 0.5688169 0.7196851 0.3186913 -0.3643592 0.2161497 -0.1403810 0.2063914 0.5897977 -0.3551035 -0.0343479 0.6931240 0.6368712 0.5858638 0.7733819 0.5154937 0.3275287 0.7148016 0.6656930 0.6437150 0.1114651 0.2153408 0.6520516 0.6621832 0.6435333 0.2625111 0.6773699 0.6805798 0.6151348 0.3785460 0.5871288 0.5482466 0.6643168 0.7131654 0.7965531 0.0175026 0.7485943 0.5417212 0.6938454 0.3095740 0.6743003 0.5702879 0.5405561 0.7412744 0.7791929 0.4746900 0.8252567 0.5671359 0.5793339 0.7196626 0.7177187 0.5498006 0.6812895 0.6196585 0.1839301 0.1413919 0.7227116 -0.1561747 -0.1147546 -0.0579555 -0.2064683 0.1688213 -0.2194392 -0.3924151 -0.1276537 0.1597900 0.0117565 -0.2285766 -0.3586577 -0.4625868 -0.1155385 -0.1181884 0.4067690 -0.1701394 -0.3773513 -0.3015289 0.0548506 -0.1450890 -0.4570431 -0.6094201 -0.3556229 -0.1025676 0.2893707 -0.3321962 -0.6291607 -0.2134097 -0.1669878 -0.1738662 -0.3517284 -0.1739364 -0.3500193 -0.1203407 -0.1367317 -0.1500610 -0.1379642 -0.1923653 -0.1699446 -0.0763144 -0.0833609 -0.1693728 -0.0446590 -0.0813981 -0.0920336 0.0584005 -0.0810573 -0.0856587 0.2767497 0.0516827 0.1859747 0.0910153 0.2421235 -0.1840677 -0.0415204 0.0086307 -0.0876517 0.1197220 0.5803938 -0.0734202 0.3195892 0.4983035 0.3500074 -0.0947757 -0.1540189 0.0423312 0.0680301 -0.2740910 0.3583481 0.3578347 0.1556394 -0.0216013 -0.0672388 0.2051674 0.3673143 0.4056545 -0.0954327 -0.0404765 0.2905356 0.0933391 0.1520442 0.1534434 0.1140519 0.0605371 0.0052824 -0.3005382 -0.2433981 -0.1009526 -0.0525024 -0.1786243 -0.0170316 0.1891506 0.2110137 0.4992611 0.5309624 0.5748610 0.6492570 0.4759454 0.6376601 0.7616516 0.6667727 0.3430989 0.1892364 0.4511483 0.6489036 0.2510165 0.4022975 0.5635768 0.5294541 -0.1892167 0.4956063 0.3847764 0.2114554 0.3221195 0.2783730 0.2531744 0.2219898 0.6676310 -0.1562732 -0.0078318 -0.4428249 -0.1993461 0.1922591 -0.0832982 -0.4904410 -0.2364569 -0.4616087 -0.1182476 0.0829263 -0.2671853 0.4661212 0.4366646 0.3787059 0.2206639 -0.0417707 0.1526012 -0.3701704
0.3567299 0.7052530 0.5095177 0.5569515 0.2889568 0.9231606 0.8472096 0.5169210 0.0000000 0.6318180 0.2664660 0.8155750 0.3984013 0.3199770 0.5712994 0.3160979 0.1524727 0.2894984 0.1755276 -0.0027246 0.7793055 0.1246823 0.1712064 0.4852364 0.0971601 0.2489518 0.1198260 0.2394552 0.8068081 0.2418781 0.1409904 0.2145145 0.3543301 0.7175440 0.3388260 0.7260484 0.4097750 0.3246238 0.4477747 0.3168291 0.2759752 0.7538149 0.2855856 0.5244439 0.7094528 0.3304905 0.5509018 0.3681602 0.7662897 0.2908683 0.5200621 0.2647998 0.8233446 0.3048241 0.3516310 0.5440693 0.5951381 0.6334554 0.1766116 0.5444653 0.7111720 0.3964752 0.2556940 0.6684667 0.7041763 0.3892022 0.4167285 0.4801058 0.3820868 0.5167453 0.0921351 0.6521349 0.2658252 0.5498438 0.2563953 0.2312047 0.6091308 -0.2839666 -0.2658228 0.4101896 -0.4792125 0.1205883 0.2136862 0.3773336 0.5124828 0.4827523 0.1744804 -0.0615734 0.5722596 0.3641990 -0.0983010 -0.0902372 -0.2508458 0.2733528 0.1887699 -0.0615377 -0.2928064 -0.3170308 -0.1777128 0.2369431 0.1319387 -0.2601996 -0.2093936 0.0050709 -0.4013836 -0.2306843 0.0537827 -0.1584944 -0.3153285 0.2400503 -0.3743332 -0.0564099 -0.1764240 -0.3165146 -0.1324362 -0.0672079 -0.1096896 -0.3073017 -0.2133105 -0.3850779 -0.3845345 -0.1310634 0.2232799 -0.1050495 -0.3564111 -0.3020049 -0.0340540 0.0141562 -0.3217912 -0.0287829 -0.2487325 -0.0195033 -0.1661799 0.3648814 -0.4680045 -0.3605580 -0.3059094 -0.2900865 -0.2898110 0.2423326 -0.2949353 -0.0988209 -0.1237036 0.1990598 -0.2583631 -0.3612084 -0.3104732 -0.3032164 -0.4837259 -0.1171452 -0.0772965 0.0601477 -0.2433316 -0.2652456 -0.1536658 0.0870839 -0.1187826 -0.3424894 -0.4337897 -0.1142742 -0.2560591 -0.1797066 -0.0399125 -0.0992105 -0.2888514 -0.1902564 -0.3970784 -0.3515783 -0.2290116 -0.1957373 -0.4305779 -0.2956226 0.1007596 0.3409259 0.6300076 0.6871315 0.7279938 0.6029282 0.6804679 0.4811784 0.4981471 0.4606945 0.3675223 0.2217888 0.1629007 0.2953558 0.0140562 0.1521568 0.5213713 0.5705986 -0.2528114 0.6464950 0.5039221 0.2853089 0.2308568 0.4509597 0.3219452 0.4452780 0.5696708 -0.1579626 0.5399638 0.1115724 0.3511428 0.5455577 0.3076628 -0.3295371 -0.3061806 -0.0021870 0.3284997 0.5571814 0.0777602 0.5698054 0.3040375 0.6448767 0.5598530 -0.2019957 0.1245373 -0.1553344
0.3898399 0.4445399 0.2273869 0.6671259 -0.1119320 0.6298355 0.4698623 0.5457074 0.6318180 0.0000000 0.5531085 0.5060077 0.4215241 0.4870155 0.2767759 0.6222510 0.6976111 0.3016501 -0.0752313 -0.4123121 0.3241751 0.0313043 0.4543475 0.3227940 0.1109528 0.4943962 0.7066054 0.2259916 0.4722478 0.6076382 -0.0743187 0.1962352 0.1722438 0.4657409 0.5588955 0.3340891 0.5271560 0.2340722 0.8629328 0.7067430 0.2996494 0.4352301 0.5923007 0.5871139 0.4391468 0.2449799 0.5982940 0.3934406 0.6629102 0.4726637 0.6130746 0.5505807 0.6053820 0.6457800 0.1425571 0.3515190 0.5720151 0.8622229 -0.2061658 0.6476826 0.4494709 0.7625105 0.0418849 0.6276248 0.5371119 0.1700740 0.6342516 0.8027044 0.2407630 0.7992014 0.2313613 0.6028110 0.6414003 0.4230269 0.3206347 0.5904049 0.4500533 0.1743311 0.3491705 0.5990339 0.0902426 -0.2047569 -0.2841009 -0.0735204 0.0950078 -0.1661734 -0.1035215 -0.1748823 0.1112401 0.0508676 -0.1473202 -0.1205247 -0.2424985 -0.1541542 0.1724549 0.1345107 -0.0425356 -0.1905700 0.2803861 -0.2957783 0.1453614 -0.3477585 -0.3713413 -0.4326821 -0.0215795 -0.0581291 -0.5238127 -0.4634542 -0.1367920 -0.1854746 0.0209460 -0.3670004 -0.2278597 -0.2878789 -0.2425043 -0.1775245 -0.1453814 -0.1608539 -0.0754592 -0.1952907 0.0353439 -0.0402109 -0.0785939 0.1979520 -0.0143015 -0.1305813 0.1592835 0.2139754 -0.0107539 0.2941804 0.1164553 0.0990224 0.1754933 0.2290729 -0.0118594 0.0891450 0.1166239 0.1411560 0.1597693 0.4342717 -0.1222991 0.2561813 0.3860498 0.1647558 0.0862984 -0.1408320 0.0760299 0.0423188 -0.1861857 0.3351064 0.1976046 0.0797334 0.1900379 -0.1568673 0.1616200 0.0258157 0.2281148 -0.0544996 0.1678764 0.1131743 -0.0980392 0.2415603 -0.0360065 0.1596605 0.0058690 -0.1051395 -0.2648158 -0.2124283 0.2399782 0.2312376 -0.1182318 0.0792080 0.4143695 0.4439738 0.4935687 0.3654139 0.3876368 0.3334794 0.2722462 0.4006583 0.3763125 0.2920386 -0.1416118 -0.2078698 -0.1352085 0.3844625 -0.1748061 0.0895935 0.3487981 0.4057452 -0.1862880 0.2882357 0.2125515 0.3782453 0.0953613 0.4004677 0.1406859 0.2798767 0.6403362 0.0411503 0.3870224 -0.0455617 0.0140828 0.2557445 -0.1454914 -0.1160750 0.1826974 -0.0672937 0.3094547 0.4521341 -0.1231306 0.4904741 0.1288571 0.3510901 0.3666130 -0.0079686 0.5256172 0.2152936
0.4277665 0.6903130 0.6404523 0.7675731 0.2226971 0.4214718 0.3198682 0.7997419 0.2664660 0.5531085 0.0000000 0.3228967 0.5362873 -0.3759288 0.0115689 0.8489292 0.7423276 -0.2466508 0.3252913 -0.4136813 0.1338644 0.2159290 0.8783237 -0.3965895 0.3987407 0.7326305 0.6683751 -0.4462472 0.0913570 -0.1363476 0.0091580 0.4249516 -0.5205974 -0.2053810 0.7732833 0.5133082 0.5853697 0.5156561 0.5139437 0.4834540 0.5530046 0.3755719 0.8013057 0.0658103 0.0676064 0.4838655 0.5727499 0.4514850 0.0299931 0.6836153 0.6369277 0.7260029 0.1757435 0.7676991 0.2533487 0.4495989 0.5797344 0.7177797 -0.0389663 0.7141375 0.2802102 0.7546253 0.2326867 0.3912763 0.2403154 0.4461581 0.6760054 0.7479363 0.3176027 0.7454125 0.5807170 0.3570720 0.6937924 0.3752658 0.4555210 0.6518510 0.3222474 0.2258386 0.2173805 0.5947601 -0.0641158 -0.0590084 -0.1154460 -0.4645840 -0.0631764 -0.4232554 -0.2114693 0.0688642 -0.0189444 0.0722993 0.0533547 -0.1064580 -0.1559022 -0.1569707 0.0686736 0.5528942 0.1252254 -0.0707967 0.0157554 -0.3359861 -0.0549641 -0.2219942 -0.3246639 -0.5761504 0.1981956 0.5633148 -0.4370244 -0.3640419 -0.0268513 -0.2161842 0.0729267 -0.2486851 0.0395718 -0.0404556 -0.0683793 0.0042723 0.0505172 0.0794641 0.1350703 -0.0894252 0.1919181 0.1856355 -0.3927780 0.3784978 0.0822605 -0.0454469 0.4000010 -0.1815382 0.0839990 0.4818217 0.3271219 0.1057694 0.3623999 0.0468063 -0.1501301 0.0717713 0.2700189 0.2179548 0.4373916 0.5902910 0.0351996 0.5075458 0.5612130 0.2828646 0.1318488 -0.0213887 0.3170864 0.3073745 -0.2024126 0.5388070 0.4982298 0.2133549 0.3207051 0.0531887 0.4755103 0.3686855 0.5015001 0.2075711 0.1631022 0.4429264 0.3888406 0.4124929 0.2608413 0.2894094 0.3935761 0.2451836 -0.0519716 -0.0990991 0.1882337 0.2519428 0.1113663 0.1931565 0.1238242 0.1013386 0.5116187 0.2097549 0.2508546 0.4431617 0.1089007 0.4150101 0.5313048 0.3455373 0.0179239 -0.1301784 0.1367400 0.4198047 0.0609824 0.1402217 0.1926119 0.2568800 -0.2299881 0.1659618 0.0764445 -0.0146870 0.1134130 0.0567111 -0.0402553 0.0266643 0.5093225 -0.0858927 -0.1448509 -0.3142674 -0.3148244 0.0346135 -0.0843131 -0.3051468 0.1409201 -0.4068654 -0.1291780 0.0334940 -0.2314189 0.2157013 0.3682341 0.1567809 0.0642688 0.0971131 0.3637057 -0.1012744
0.0256946 0.5616569 0.6271055 0.3754822 0.4629280 0.8001387 0.9281841 0.4941426 0.8155750 0.5060077 0.3228967 0.0000000 0.5902831 0.1384451 0.3940254 0.1856611 0.0913029 0.0344776 0.2496264 0.1570941 0.8820447 0.2084406 0.2376092 0.2975364 0.0698782 0.2824749 0.1087481 -0.0401397 0.7107500 -0.0529986 0.3288895 0.2465551 0.1456115 0.6148114 0.3593226 0.8260024 0.5210921 0.4647364 0.2113771 0.0383846 0.3980619 0.7536573 0.2452209 0.0554075 0.6837165 0.3767692 0.5449077 0.4612825 0.5541126 0.4592301 0.4944023 0.1987592 0.8025249 0.1313059 0.5865369 0.6755420 0.6744556 0.4845291 0.3817636 0.4958489 0.7090889 0.2870093 0.4811904 0.6799255 0.7114541 0.6468316 0.3210612 0.3024735 0.5671527 0.4220767 0.2930629 0.6742336 0.1902688 0.6566016 0.4783319 0.2557636 0.7620718 -0.1164911 -0.2009493 0.5513650 -0.3597769 0.3734322 0.4328552 0.5470085 0.7740655 0.5105679 0.0890220 0.2479943 0.6069377 0.5377020 -0.1079608 -0.2791038 -0.4713850 0.4437793 0.1890032 -0.1913030 -0.5313642 -0.5914866 -0.3206499 0.2847384 -0.1045186 -0.4967987 -0.3862652 -0.0206965 -0.4452109 -0.0663788 0.0402740 -0.2058372 -0.4904984 0.2596687 -0.4786181 -0.1630249 -0.1450094 -0.3415078 -0.1080421 -0.0543677 -0.2797215 -0.5297562 -0.4259517 -0.5099151 -0.5084402 -0.3280160 0.1822144 -0.2431359 -0.3644585 -0.1261693 -0.1556792 0.0698183 -0.1760496 0.1593963 -0.0686589 0.2555783 0.0078364 0.6507627 -0.2240613 -0.1978234 -0.1066937 -0.1840126 -0.1652364 0.4137253 -0.0145019 0.0050318 0.0125197 0.4748871 -0.0371955 -0.2404710 -0.1950670 -0.1420984 -0.2649979 -0.0884320 0.0472017 0.3834066 -0.1254674 0.0408207 -0.1766854 0.3788014 -0.1053271 -0.1627161 -0.3402818 0.0193833 -0.2500690 -0.1241790 0.2150650 -0.0511698 -0.2382053 0.0741454 -0.0887760 -0.1271130 -0.2383739 -0.1724858 -0.2096457 -0.2596101 -0.0721024 0.2865534 0.5972879 0.7720293 0.8602477 0.7872099 0.7908406 0.4729723 0.5138479 0.4554828 0.4625029 0.1671770 0.3307774 0.3476476 0.2052862 0.3511670 0.6358236 0.6679254 -0.4782998 0.8025693 0.5860076 0.0975972 0.3419031 0.4869443 0.4584107 0.6236792 0.6359902 -0.0362428 0.5058551 0.2315668 0.4520540 0.6293352 0.4519843 -0.1502798 -0.1970083 0.0300296 0.0237795 0.6654723 -0.0412152 0.6058533 0.4354632 0.7135034 0.7858552 -0.3191257 -0.2287164 -0.1840439
0.1827804 0.3821869 0.6644636 0.4765905 0.4783770 0.4082883 0.4181950 0.7874429 0.3984013 0.4215241 0.5362873 0.5902831 0.0000000 -0.1392726 -0.2482332 0.4002781 0.1851582 -0.3256141 0.5175850 0.1634223 0.3711426 0.5984831 0.4578171 -0.2359888 0.4600221 0.5755376 0.1610613 -0.3876177 0.0688709 -0.2266025 0.5856098 0.4894084 -0.2850493 -0.0092917 0.5465885 0.5802085 0.5887280 0.8289523 0.3182836 0.0244678 0.8606515 0.6599037 0.4339071 -0.1550643 0.2382023 0.5267313 0.5466363 0.8379277 0.2126025 0.6402772 0.5335641 0.3534190 0.3607462 0.2699032 0.8404558 0.7925326 0.6705943 0.5724670 0.2973168 0.5499086 0.6779051 0.4611155 0.6703381 0.6668081 0.6794463 0.6839911 0.5611106 0.5262495 0.7909280 0.6452235 0.7172913 0.5759616 0.6162330 0.8817635 0.8481511 0.7014386 0.7701693 0.4910034 0.3644080 0.8406490 0.1600908 0.0921334 0.0723193 0.0521917 0.4472984 -0.1644925 -0.5637455 0.0333738 0.0790983 -0.0049444 -0.4907516 -0.5991621 -0.6505425 0.0936915 -0.2574547 -0.0203352 -0.5460286 -0.6696235 -0.4372424 0.3583072 -0.3890969 -0.6688222 -0.7798252 -0.0273677 -0.3792958 0.0727748 -0.2954231 -0.6184537 -0.3829868 -0.0874198 -0.4155547 -0.4801213 -0.1484701 -0.3661240 -0.0064592 -0.1464828 -0.3643366 -0.3421572 -0.4582376 -0.1559923 -0.2617756 -0.3201752 0.0947976 -0.3246035 -0.0705996 0.1279023 -0.1698578 0.1706266 0.1356395 0.2102188 0.0459673 0.4696637 -0.0057758 0.5934396 0.1330987 0.0443121 0.0233209 -0.0303618 0.0046392 0.5509727 0.0692311 0.2346422 0.4420609 0.4288719 0.0333630 -0.1212658 -0.0705392 -0.0058703 -0.2705888 0.1178518 0.1597258 0.3611381 -0.0493928 0.0335394 -0.0329348 0.3996618 0.1548211 -0.0743844 -0.0965538 0.1240975 -0.0973589 -0.0486929 0.1515014 -0.0259739 -0.1107113 0.0006760 -0.2218521 -0.3303754 -0.2939594 -0.2519944 -0.2412387 -0.2664474 0.1549792 0.2826572 0.2689497 0.5273955 0.6873476 0.7286466 0.6533045 0.7054436 0.7385809 0.7511741 0.5603630 0.3356877 0.7058825 0.8758095 0.6099093 0.7920237 0.7920425 0.6486708 -0.1840798 0.6543985 0.5162937 0.3063572 0.5021620 0.4390594 0.4692133 0.4139548 0.7828543 0.0610252 0.2937440 -0.2995231 -0.0091403 0.2931533 0.0693509 -0.0604745 -0.1709252 -0.1723982 -0.0226180 0.3636385 -0.3380448 0.6096871 0.6092148 0.5451143 0.5464220 0.1057973 -0.1203314 -0.2116575
0.1007070 -0.2152747 -0.4470318 -0.0364058 -0.5095533 0.1796406 0.1277340 -0.1831605 0.3199770 0.4870155 -0.3759288 0.1384451 -0.1392726 0.0000000 0.3014594 -0.0680514 -0.0346253 0.7220839 -0.2967141 -0.0974191 0.2050465 -0.3476917 -0.3818625 0.7888788 -0.2786493 -0.2478924 0.0632050 0.7856332 0.4370336 0.7844281 -0.2306368 -0.2499558 0.7828971 0.7310317 -0.2594636 -0.1814184 -0.2203977 -0.2823136 0.3986837 0.2521382 -0.3239141 0.0189790 -0.1624190 0.5343325 0.3072332 -0.1886493 -0.0360618 -0.1751031 0.6656542 -0.1814986 -0.0477256 -0.1146476 0.4316804 -0.0621542 -0.1949991 -0.1634748 -0.0801358 0.1861299 -0.3972327 -0.0515145 0.0450279 0.0740849 -0.4051252 0.2623213 0.2482198 -0.3803727 -0.0179085 0.0816186 -0.2429083 0.1098924 -0.4509794 0.3050504 -0.0870481 0.0402458 -0.2392628 -0.1169425 0.1720575 -0.1418734 0.0871143 0.0591015 0.1306242 -0.1811884 -0.1655993 0.3330445 0.1485410 0.1483117 0.0177489 -0.1651923 0.1446341 -0.0728840 -0.2518435 -0.1774361 -0.2401779 -0.0117449 0.1042229 -0.3837184 -0.1826948 -0.1764011 0.2044750 -0.0067350 0.1594658 -0.1721178 -0.1264457 -0.0078242 -0.1478972 -0.4814580 -0.2377250 -0.2647710 -0.1607787 -0.2042025 0.0084879 -0.2597963 -0.4363278 -0.4354505 -0.4176607 -0.3757654 -0.3573840 -0.3689094 -0.2902941 -0.2044690 -0.2192674 -0.3538332 0.1689495 -0.1880605 -0.0997468 -0.1304145 -0.4157368 0.2668342 -0.1631614 -0.2058358 -0.2393386 0.0406059 -0.1779561 0.1904123 0.1640842 -0.0006119 -0.1451978 -0.1350268 -0.2835524 -0.0911324 -0.1141692 -0.2341743 -0.0621103 -0.0840801 -0.0778625 -0.1078652 -0.2310318 -0.2501949 0.1015325 -0.1493618 -0.2382600 -0.1572420 -0.1885576 -0.1817269 -0.3482016 -0.3156916 -0.1845405 -0.3293893 0.0814760 -0.3082462 -0.5986926 -0.1750604 -0.2504604 -0.1579853 -0.4937813 -0.3260811 -0.2045669 -0.0041072 0.0927925 -0.0025694 -0.2137887 -0.0098306 0.4517647 0.5076349 0.0679495 0.2523282 0.1531105 -0.0741407 0.1550549 -0.0448686 -0.0311024 -0.0500232 -0.3305499 -0.2702115 -0.4022638 -0.1232573 -0.4370501 -0.2458861 0.1485236 0.2117612 0.0003624 0.1505941 0.1852273 0.4861408 -0.0724150 0.4182473 0.2834138 0.3258600 0.1387876 0.1408913 0.3375521 0.1955048 0.2634084 0.2419453 -0.1564493 0.0269691 0.0433337 0.2157399 0.2157488 0.3451377 0.1034411 0.3574571 -0.2615044 0.1530358 0.2586051 -0.2627079 0.1705693 0.1816234
0.0702352 0.5058819 0.2175274 0.2572715 0.1834777 0.5176118 0.5730074 -0.0292730 0.5712994 0.2767759 0.0115689 0.3940254 -0.2482332 0.3014594 0.0000000 0.0157869 0.1954043 0.5270757 -0.2116187 0.0056440 0.6178417 -0.2973736 0.1107547 0.5375190 -0.2139467 -0.1020893 0.1500609 0.2913790 0.8079189 0.3134543 -0.2431217 -0.0243513 0.3395695 0.5915925 0.0577513 0.4959820 0.0379684 -0.2173400 0.3080819 0.4477785 -0.2021935 0.3011226 0.2430525 0.4113249 0.5548778 0.1074004 0.2364265 -0.2185310 0.2822791 -0.1014475 0.2514544 0.3449324 0.3788278 0.2933479 -0.1381951 0.0907280 0.1383127 0.0591045 0.2074394 0.2247876 0.2416809 0.1757982 -0.0519630 -0.0309824 0.0214558 0.1085118 0.0376012 0.0099106 -0.0434194 -0.1176099 -0.1939125 -0.0158074 -0.2019633 -0.2008881 -0.3222768 -0.3316031 -0.1208884 -0.6217005 -0.6470834 -0.2730377 -0.6758193 0.3079175 0.4337794 0.3306628 0.1861407 0.4960343 0.5629305 -0.0049998 0.3767733 0.3404371 0.4029392 0.3441564 0.2186610 0.0225034 0.1238061 0.0106856 0.2325462 0.1745566 -0.0794277 -0.1525774 0.0818006 0.3040728 0.4148174 -0.0700135 0.1556841 -0.2565679 0.2977429 0.3918582 0.1323445 0.1158865 0.1112881 0.2348329 -0.0573852 -0.0917603 -0.2876686 -0.0822613 -0.0210454 -0.2035943 0.0299050 -0.1549448 -0.0530536 -0.0342175 0.1293334 0.1867693 -0.0505587 -0.0591587 0.1101090 -0.2319362 -0.1369789 0.0942984 0.0975967 -0.0702048 0.2242852 -0.0924290 -0.4180617 -0.2181836 0.0173922 0.0436650 0.0783958 0.1629660 0.0801396 0.0777519 -0.4594763 0.2520779 0.0376405 0.0878044 0.1133586 0.0907011 -0.1404431 0.0699795 0.2241591 0.1882966 0.1255263 0.1267168 0.0238226 0.2332085 -0.0928058 0.0749339 -0.3725174 0.2351721 -0.0029860 0.1291623 0.2709006 0.2426971 0.0277800 0.2335402 0.1613900 0.1486001 0.1416546 0.2423435 0.0937987 0.1232738 -0.3310398 -0.1123180 0.5748196 0.2801382 0.1339353 0.0483914 0.1886731 0.1006492 -0.0261213 0.0017749 0.0748136 -0.0082350 -0.1970773 -0.3249510 -0.2359739 -0.3859321 -0.2586071 -0.1401848 0.0085990 0.0488080 -0.0854090 -0.1260261 0.0670098 0.1730109 0.1618549 -0.0485703 -0.1481541 0.2148435 0.0828753 0.3549130 0.3451247 0.3181224 0.5565405 -0.1982956 0.1318695 0.0831924 0.0694957 0.0953219 0.3415712 0.0471148 0.0251614 0.1287657 0.1437073 -0.2908799 0.2371983 0.2005787
0.7320266 0.6092550 0.4149303 0.7684213 -0.0569394 0.4318691 0.2127774 0.7477502 0.3160979 0.6222510 0.8489292 0.1856611 0.4002781 -0.0680514 0.0157869 0.0000000 0.6242073 0.0689783 0.3290986 -0.5156873 0.0351708 0.0801324 0.7529291 -0.1209855 0.3663752 0.6543973 0.5816847 -0.0626897 0.1577344 0.0932487 -0.1240973 0.3407927 -0.1901425 -0.0166777 0.6370317 0.3120834 0.3596831 0.3897647 0.6160207 0.5521727 0.3459458 0.3417329 0.7229707 0.3585125 0.0736540 0.4020649 0.4687890 0.2602183 0.2445808 0.5057767 0.5657465 0.6200211 0.2176885 0.7998789 0.0575141 0.2675998 0.4551727 0.8106710 -0.3634782 0.6826660 0.2029709 0.7520751 -0.0640232 0.4542462 0.2270528 0.2018426 0.6628278 0.8333478 0.0926652 0.8490744 0.3480409 0.4584793 0.6949398 0.3460462 0.3209302 0.6630762 0.3235246 0.1859517 0.2893828 0.6439214 0.0313718 -0.2158958 -0.2712152 -0.4304392 -0.0823673 -0.4291190 -0.2448819 -0.0093363 -0.0021342 -0.0996858 -0.0756544 -0.1450088 -0.2098339 -0.1655525 0.1841101 0.5460887 0.1091175 -0.0550814 0.0869960 -0.3454598 0.0831409 -0.2292847 -0.3092989 -0.5227486 0.0888102 0.5879456 -0.4881578 -0.4448368 -0.1167320 -0.2197500 0.0271988 -0.2947415 -0.1257634 -0.1074010 -0.1402253 -0.1071949 0.0325325 0.0708582 0.1585232 -0.2179017 0.0523821 0.1698470 -0.4202573 0.3188203 -0.0716367 -0.3087230 0.1816286 -0.1723196 -0.1496889 0.1393164 0.0083387 -0.0783977 0.0182959 -0.1183577 -0.2333260 -0.1140231 -0.0394590 -0.0379224 0.1486191 0.3217673 -0.2614563 0.2282959 0.5039645 -0.0446979 -0.1646253 -0.2550663 0.0365453 0.0016202 -0.2886908 0.3495400 0.2491470 -0.1243904 0.0406937 -0.2810759 0.3152767 0.0196187 0.4110441 -0.1208585 0.1739149 0.1515983 0.1512371 0.1978195 -0.0065372 0.0584944 0.1359221 -0.0516273 -0.3262792 -0.2264086 0.1442743 0.1213379 -0.1430659 0.1138727 0.4264315 0.3279658 0.4352762 0.2103337 0.2032394 0.3378912 0.0373458 0.2686972 0.5209030 0.2607583 -0.1497395 -0.1842565 -0.0505635 0.2879519 -0.1846955 -0.0814312 0.2062727 0.3000375 -0.2123336 0.1211175 0.1162490 0.2186848 -0.1286095 0.0419631 -0.1353336 0.0541668 0.5492457 -0.2880974 -0.1890780 -0.4064986 -0.4378391 -0.1015290 -0.3112650 -0.3768096 -0.0285835 -0.4243809 -0.1259132 -0.0198305 -0.2242929 0.2168821 0.1857500 0.0940786 -0.0509838 0.0797640 0.4610750 -0.2114402
0.2191923 0.3980358 0.2389004 0.6052800 -0.0328525 0.2287989 0.0819570 0.4259963 0.1524727 0.6976111 0.7423276 0.0913029 0.1851582 -0.0346253 0.1954043 0.6242073 0.0000000 0.0537854 -0.1671721 -0.4567759 -0.0301165 0.0229603 0.7620372 -0.1411536 0.1927057 0.5835508 0.9204413 -0.1855722 0.1181373 0.3930371 -0.1776967 0.2900301 -0.3687089 -0.0837636 0.6881221 0.1628043 0.5816210 0.1202877 0.7917903 0.8287411 0.2686179 0.1157023 0.7930734 0.3463086 0.1745182 0.3021008 0.5195919 0.2330152 0.0511446 0.4930807 0.5603860 0.7739343 0.1216865 0.8048473 -0.0284175 0.2178548 0.3992155 0.5999916 -0.0685908 0.5558296 0.2084180 0.7644697 0.0852036 0.1341641 0.0785137 0.1445070 0.5683375 0.6765066 0.1755520 0.5591704 0.3807920 0.0900385 0.6321244 0.0213923 0.2208702 0.5335575 -0.0427396 0.2409878 0.3316095 0.2854924 0.0912346 -0.1348666 -0.2333081 -0.4661819 -0.3631963 -0.4591351 0.0699476 -0.2562287 -0.2860563 -0.0613440 0.1652686 0.1722239 0.1829816 -0.4874621 -0.0663952 0.4835347 0.4188646 0.2036078 0.3167335 -0.6890415 0.0381930 -0.0159662 -0.0504542 -0.6135466 0.4268078 0.1576076 -0.5300537 -0.1609514 0.2162296 -0.3243725 0.3534597 -0.2103812 0.0086111 0.0298169 -0.1375656 -0.0702121 0.0301080 0.1252165 0.1937998 0.1378280 0.4679055 0.1944951 -0.2106411 0.4982544 0.3719758 0.1304061 0.5438442 -0.0367673 0.2838987 0.5725191 0.5175250 0.0811340 0.5678765 -0.1581702 0.0737405 0.2762042 0.4960315 0.5243247 0.6374645 0.5734482 0.1499008 0.6637396 0.4778516 0.2611490 0.3742276 0.2037679 0.5443670 0.5015145 0.0367940 0.7196154 0.6048982 0.2524132 0.6348110 0.1673664 0.5939153 0.2741043 0.5324731 0.4762025 0.3786674 0.5806223 0.4970699 0.6724260 0.2642237 0.5714947 0.5805497 0.3268802 0.1540586 0.0591212 0.5666896 0.5944204 0.3565105 0.3989607 0.1082236 0.0500762 0.4557780 -0.0380054 -0.0630260 0.0083590 -0.1229932 0.3453517 0.1734136 0.1080557 -0.2588429 -0.3139023 -0.2046487 0.2674586 -0.1186733 -0.0061296 -0.1600336 -0.1056885 -0.0009649 -0.1892983 -0.2924617 0.0298387 0.0936877 0.1044764 -0.1238469 -0.2583885 0.2608202 0.1921554 -0.0747739 -0.1207885 -0.2313774 -0.0035823 -0.1145667 -0.0758080 0.4172618 -0.2951817 0.1132556 0.0244438 -0.1342318 0.0718677 0.0527376 -0.0867414 -0.1131769 0.1136659 0.6243069 0.3670259
