0.0000000 0.3483413 0.1305228 0.2400718 0.3269023 0.3147351 -0.2058690 0.2007736 0.1556813 0.4247044 0.4403590 -0.0009767 0.1205724 0.3667907 -0.0425026 0.3907873 0.3286267 0.0129983 0.1528303 0.1204752 0.4093637 -0.2787882 0.3173659 -0.0328722 0.0234346 0.1534508 0.1904775 -0.0211959 0.0052327 0.3002389 -0.2873125 0.1453085 0.0067102 -0.1109841 0.2531319 0.2999147 0.2147531 -0.0164051 0.1278663 0.1695758 -0.0632779 0.5931990 0.2309030 0.1431668 0.1090222 0.0407243 0.1518847 -0.0418148 0.1031657 -0.1329696 0.2096359 0.2249619 -0.0609379 0.1555602 0.0267177 0.0421690 0.1587663 0.1014748 0.2365608 0.2544548 0.4336153 0.2791654 0.1634863 0.0208755 0.2388989 0.2299255 0.2381160 0.2430468 0.2730777 0.1384518 0.1742427 -0.0557561 0.2736679 0.0919210 0.3043245 0.1534287 -0.1933994 0.1647766 0.2322512 0.2293296 0.0639821 0.5426927 0.3846142 -0.1618445 -0.0445465 0.2132560 -0.0606906 -0.2269580 0.0958305 0.0373248 0.1355609 -0.1239804 0.3833203 -0.0200007 0.3423528 0.2186877 -0.1742164 0.1711892 -0.0107346 0.4209058 0.3511501 0.5416466 0.3876047 0.4566192 -0.1840498 0.2447449 0.4745053 -0.0508563 0.3877537 -0.1229048 0.2558938 0.6587807 0.0040278 0.3242480 0.5828677 0.4727625 0.2888818 0.2651506 0.3783330 0.1084710 -0.0316331 0.2325665 0.1055563 -0.1319923 -0.1452627 0.0098173 -0.2420102 -0.1427381 -0.0735515 0.0530426 -0.2310679 0.0618255 -0.4039533 0.2066641 0.3477807 0.1321753 -0.1842893 -0.1028600 -0.2447064 0.0855627 -0.1221711 0.0991757 0.6133797 0.0288457 0.0556355 0.2740660 -0.0169958 0.0062544 0.0517390 0.1135407 -0.1293865 -0.0056204 -0.0163518 0.0273940 0.1063117 0.3518097 0.0717560 0.2413147 0.5057984 0.0665957 0.3263877 -0.0882460 0.5138208 -0.0464732 0.0522448 0.0100324 0.0912330 0.1813918 -0.1865722 0.0018198 -0.0010686 -0.2660540 0.3068243 0.3781730 0.2407719 0.1780111 0.4331481 0.2433145 0.5241192 0.3666469 0.0918462 -0.2653784 0.1518726 -0.1295432 -0.0168019 0.3970006 0.2757022 0.0561823 -0.0712256 0.0923755 0.3755650 0.1291816 0.1896407 0.3021040 0.0454774 0.0542724 -0.1703569 0.0385427 0.0849976 0.0135122 -0.3550702 -0.1614418 0.1589938 -0.2544132 -0.0691346 -0.0036581 -0.2490469 -0.6363784 -0.2168598 0.0830104 0.3880021 -0.1007676 0.1526568 0.1960033 -0.1232158 -0.0377752 0.4058903 -0.0120117
0.3483413 0.0000000 0.2829485 0.5641521 0.1744085 0.3784859 0.5012145 0.1509770 0.3448064 0.2317183 0.0953225 0.3295445 -0.0650721 0.4247356 0.4748147 -0.0333455 0.0983162 0.4194241 -0.1999163 -0.0791469 0.2711817 0.2813345 0.0347715 0.4157978 0.0840608 -0.0774639 -0.0672762 0.3692448 0.3932918 0.4057997 0.2232388 0.3381330 0.0826421 0.3020304 0.1364636 0.3264815 0.0643441 0.2551976 -0.1429951 -0.0418388 0.2107524 0.1832002 -0.0439709 -0.1211626 0.0944341 0.0516269 0.0266974 0.2698960 -0.0840627 0.1204860 0.1398820 -0.0441729 0.2285134 -0.1532204 0.3081754 0.2355557 0.1120875 -0.1592141 0.1155223 0.0916157 -0.1100165 -0.0256684 0.2963108 0.1016317 0.1109462 0.2185690 0.0690316 -0.0161691 0.2159636 -0.0354611 0.3696598 0.2086559 0.1169640 0.2016513 0.3699902 -0.0132674 0.0679194 0.2522621 0.0688964 0.1129338 0.0629691 -0.0799619 0.2703692 0.0490477 -0.0205638 -0.1355113 -0.2507364 0.0588037 -0.0588576 0.0140437 0.1738901 0.0306693 0.5933071 -0.2607291 -0.1668998 0.2787476 0.4247631 0.6899155 0.0000282 -0.2029422 -0.0138401 0.3430699 -0.0277274 -0.1575622 0.4787920 -0.1395783 0.0736724 0.1251158 0.1868621 -0.1113497 0.0451254 0.0968896 0.0424592 0.1529656 0.0483443 -0.1978761 0.1132888 0.0312211 0.0824356 0.1253276 0.2178429 0.0772693 0.2400742 0.2898947 0.2317981 -0.1206077 -0.0797911 0.1848106 0.1220453 0.0980492 0.0373932 0.2419190 -0.1208537 0.2377082 0.0082104 0.2113249 0.0776701 0.0675203 0.1131800 -0.0594023 -0.0688665 0.0851571 -0.1612267 -0.1400010 0.0816619 -0.0737453 0.0626835 -0.0102629 -0.0862788 -0.0686936 -0.0131923 -0.2530902 0.0387764 -0.0290979 0.0187241 -0.3772086 -0.4109275 -0.1168916 -0.2467187 -0.4856775 -0.1754939 -0.0817652 -0.3606334 -0.4845434 -0.1297742 -0.1476187 -0.0868645 -0.2545408 -0.2787781 -0.2482513 -0.0266124 -0.1033270 -0.2132675 0.5178424 0.5563734 0.2279912 -0.0204224 0.0061311 0.1224717 0.3857757 0.1582565 0.3856647 0.2833321 0.2528944 0.2730505 0.1410216 0.0675606 0.4401792 0.1753407 0.1816508 0.0877694 0.2709400 -0.0192317 -0.1814238 -0.0788347 -0.1131801 -0.2543423 0.0025951 0.1147292 -0.0463068 0.1512086 -0.0168208 -0.1080878 -0.2750869 0.0355028 0.4345095 0.2166620 0.1637179 0.2828824 0.1308739 0.1800881 -0.2807440 0.1755077 0.1217702 0.1875657 0.1544293 0.3192258 0.1800619
0.1305228 0.2829485 0.0000000 0.6498567 0.7676880 0.1971450 -0.1529757 0.6566610 0.3009854 0.0831728 0.1422731 -0.0085820 0.6023064 0.2072437 0.0104852 -0.0842261 -0.0074604 0.2820169 -0.1059483 0.2928130 -0.2440151 0.2562649 0.1324252 0.4405619 0.0896567 0.1699621 -0.0404715 0.4250968 -0.0791119 0.2360111 0.2845281 0.5383428 0.3811019 0.2287982 0.2189151 -0.4804520 0.1854895 0.4674516 0.0869335 -0.0512207 0.6060658 -0.1712172 0.1168608 -0.2120737 0.0799643 0.1309258 0.0625641 0.5815546 -0.3491424 0.2238110 0.1146466 0.0581786 0.0945069 -0.2256503 0.5748266 0.3795555 0.1851201 -0.4421998 0.3344839 0.0557985 0.2513986 -0.0257269 0.6428733 -0.1141019 0.2584834 0.2663158 -0.1079082 -0.0168473 0.5204121 -0.1794807 0.4699374 0.0231409 0.0980521 0.1330802 0.6924427 -0.1212731 -0.0148009 0.6100248 0.2479627 0.4715682 0.3620274 0.1198549 -0.2762903 -0.3414054 -0.3156789 -0.3388730 0.2168154 -0.2937208 -0.3281796 -0.4397187 0.1439602 0.2969783 0.3103939 -0.5280569 -0.0528713 0.1238417 0.3096985 0.2178956 -0.4400033 -0.2643184 -0.4928703 0.0914752 -0.2795125 -0.2852526 0.3160234 -0.3043325 -0.0602492 0.0139402 0.0680179 0.1795053 0.1843935 -0.1285661 -0.3181133 0.0445911 -0.0284730 -0.1338648 -0.0208971 0.0223823 -0.1360243 0.0179214 -0.0019995 -0.0262878 0.1216756 0.0951846 0.2121911 -0.1240713 -0.0209942 0.1446693 0.0963266 -0.2070376 0.0676590 -0.2735994 0.1729468 -0.1168296 -0.1800748 0.1094421 0.0359979 0.3934784 0.2873951 0.0850333 0.0117957 0.2268506 -0.1383029 -0.2873614 0.1878194 0.0966330 0.3130068 0.2800078 -0.2362840 -0.0762884 -0.1604368 0.0140248 0.3346428 0.0758221 -0.0775324 0.1727479 -0.0804875 -0.2697685 -0.2333430 0.0099802 -0.3176521 0.3321116 0.2398484 -0.0212971 -0.2122438 -0.1768109 -0.2311300 -0.3580614 -0.0491493 0.2074306 -0.2326833 -0.0631943 -0.3357312 0.1142294 -0.1863533 0.0958841 -0.1129500 -0.2879991 -0.3774929 -0.3346683 -0.2775871 0.3061605 0.4711418 0.3318593 0.4229994 0.2548461 0.3268718 0.3578113 0.1962264 0.1615483 -0.3223125 0.1875636 -0.0027335 -0.2508995 -0.0992493 -0.0569909 -0.2977249 -0.2231655 0.1887863 -0.0251547 0.5036567 0.3050057 0.1386709 0.0152731 0.7136656 0.5646299 0.3330103 0.0457790 0.4774305 0.6015180 0.4925357 -0.0729300 0.5377963 0.2223541 0.4320052 0.1028387 0.0054304 0.0820338
0.2400718 0.5641521 0.6498567 0.0000000 0.4469092 0.6425155 0.3014423 0.7371365 0.6061138 0.3344823 0.3066742 0.4488270 0.2819897 0.0809267 0.4673696 0.1131193 -0.1272029 0.3673168 0.1332219 0.0705557 0.0888176 0.4796667 0.1598253 0.5447382 0.1882155 0.0929488 -0.1400043 0.3287423 0.4107218 0.1298495 0.4812168 0.5156829 0.3135829 0.5612917 0.3056367 -0.1061319 0.2601891 0.5796070 -0.0836427 -0.1974279 0.7033797 0.0119656 0.0927027 -0.3574267 0.4539770 0.1790096 0.2084095 0.6390993 0.1498662 0.1461692 0.2859292 0.0888446 0.6623044 -0.1905011 0.5785560 0.4136281 0.3393397 -0.2194911 0.0458823 0.2113477 0.0259060 0.0417577 0.6682247 0.5110414 0.4836141 0.5528130 0.1482239 -0.0122094 0.6425044 0.1603019 0.5807694 0.6036761 0.1873186 0.4399846 0.5923382 0.0083819 0.3809963 0.4168757 0.0970746 0.2722563 0.0416472 -0.1182690 -0.1302901 -0.1099031 -0.0720482 -0.1109491 -0.0465093 -0.0915698 -0.1343479 -0.1502926 0.4424907 0.2929818 0.4715166 -0.4128017 0.1634395 0.3079617 0.3823339 0.3724967 -0.0571244 -0.4432665 -0.1705260 0.3991747 -0.0612658 -0.3667934 0.3793425 -0.1954205 -0.0367109 0.1327332 0.0823728 -0.0984013 0.1304382 -0.1499920 0.0179700 0.1568421 -0.0205708 -0.3251333 -0.0017563 0.1580586 0.1164842 0.0582330 0.1961034 0.2150286 0.2440355 0.2345675 0.2153250 -0.2755697 0.2065148 0.1871309 0.0539089 0.1189235 0.1934463 0.0240128 0.2089708 -0.0766118 -0.1230048 0.1927183 0.1342233 0.2006133 0.2613772 -0.0843054 0.1382728 0.1343905 -0.3007568 -0.2116819 0.0011831 0.0931162 0.2307766 0.2098827 -0.1680531 -0.1036359 -0.1442215 -0.2281279 0.2214783 0.1747224 0.1087498 -0.1189544 -0.3326479 -0.2708412 -0.2928942 -0.3463061 -0.1091690 0.2038036 -0.1577084 -0.4080520 -0.0205006 -0.2427682 -0.1167194 -0.3253516 -0.2139323 0.0222510 -0.1027285 -0.0334490 -0.2390428 0.1209035 -0.0129602 0.1502062 -0.1924059 -0.4502772 -0.3319890 -0.1847049 -0.2811816 0.2323945 0.4187753 0.3084337 0.2965188 0.0831943 -0.1215056 0.3924321 0.2708408 0.3247270 -0.0694668 0.3783505 0.1745618 -0.3396338 -0.2440377 -0.3432409 -0.0812820 0.2534108 0.0844242 0.0488988 0.4458962 0.0549094 -0.2799512 -0.2902023 0.5074575 0.3284949 0.2485588 0.3179618 0.5296257 0.4717562 0.1733247 -0.2211210 0.4641167 0.3487458 0.2917675 0.1609684 0.0581139 0.1747830
0.3269023 0.1744085 0.7676880 0.4469092 0.0000000 0.4053101 -0.3744975 0.7255631 0.2798813 0.4831706 0.4473234 -0.1015381 0.8451394 0.2566977 -0.3442753 0.3329639 0.4730567 0.0800972 0.2476809 0.6627671 0.0188647 0.3796245 0.5122603 0.0786208 0.3921906 0.5941831 0.4302611 0.3056820 -0.1399878 0.6253112 0.3137783 0.6478515 0.3338171 0.0206718 0.5616741 -0.4861439 0.6307132 0.5417489 0.5011868 0.4939316 0.4834307 0.3100550 0.4567065 0.3097941 0.3515277 0.4862012 0.5134122 0.6208249 0.0235450 0.3840395 0.5299747 0.4644069 -0.0121836 0.1933295 0.7381818 0.6287238 0.5800415 -0.0384664 0.4656540 0.5096029 0.6678636 0.3766251 0.7530008 -0.0279522 0.4769846 0.5254382 0.1790260 0.3900634 0.6934758 0.1000518 0.6422706 -0.1355887 0.5515895 0.0984746 0.8676629 0.2393030 -0.0793369 0.8108992 0.7080891 0.8390928 0.6306452 0.1359177 -0.2433563 -0.4279344 -0.3319567 -0.0993900 0.1930897 -0.5488819 -0.0677821 -0.3265936 0.0513604 0.0288179 0.0488001 -0.2873771 0.1498212 -0.0193706 0.1675563 -0.0839076 -0.4241035 -0.2128385 -0.2930559 0.2502563 -0.0156091 -0.1142380 0.0109344 -0.2736456 0.1232541 -0.4139705 0.4831404 -0.1407168 0.4248797 0.1387078 -0.3264257 0.0620065 0.3048978 0.0681394 0.0974375 0.1386449 -0.1180083 -0.0210795 -0.1283569 0.0040990 -0.0980941 -0.1705324 -0.0165106 -0.2055834 0.0479798 -0.1117000 -0.1648650 -0.3248798 -0.1447438 -0.3914708 0.1115856 -0.3053918 -0.3502057 -0.1806174 -0.1799971 0.0768839 -0.0674371 0.0512597 -0.1991862 0.0133616 0.1306844 0.0013050 0.0178414 -0.0820771 0.0274299 0.0113921 -0.2639851 -0.1416046 -0.4040810 0.2346414 0.0981219 -0.1070718 -0.0272396 0.5779532 -0.1746590 -0.1647557 -0.2231379 0.1744500 -0.0552859 0.0635688 0.4350485 0.0513123 -0.2175239 -0.2017290 -0.3473309 -0.3260485 -0.2723993 0.0921001 -0.3366158 -0.3262586 -0.0582662 0.2706828 -0.1360718 0.1866213 0.2036174 -0.3316249 -0.0743720 -0.3715193 -0.3740725 -0.0900295 0.4275620 0.0500683 0.3313395 0.5471783 0.5590843 0.4327183 0.2412939 0.1891643 -0.1726622 0.3294257 0.1804859 -0.1079536 -0.1952330 -0.1098254 -0.2322222 -0.1576418 0.4868473 -0.1859182 0.3810348 0.0167860 0.4309291 0.2178914 0.5358488 0.4512494 -0.0108980 -0.1654514 0.2116810 0.6400284 0.5186756 0.0776926 0.8183329 0.2155429 -0.0608064 -0.1799042 0.2180157 0.1113816
0.3147351 0.3784859 0.1971450 0.6425155 0.4053101 0.0000000 0.0167076 0.5719687 0.7634653 0.7881206 0.4267249 0.4828411 0.3346288 0.3193978 0.2190492 0.4255242 0.4551571 0.4229816 0.4049820 0.4467280 0.5046539 0.5855088 0.5300575 0.3382981 0.4236786 0.3842607 0.4115558 0.2683855 0.4960977 0.4780609 0.4339483 0.3984615 0.3965334 0.5285360 0.5419490 0.0653647 0.4966622 0.5344024 0.3749602 0.2078445 0.5096751 0.4413213 0.3750942 0.1608403 0.7980770 0.4072544 0.4874757 0.5686594 0.6013136 0.1070049 0.5293783 0.3992795 0.6524014 0.1116491 0.5884631 0.5077923 0.5641671 0.0690894 -0.1099789 0.4732068 0.2189877 0.2132171 0.6079944 0.4743371 0.6175603 0.6849136 0.2681982 0.1019978 0.4727354 0.1706074 0.5338125 0.5026525 0.3060614 0.2019582 0.4186301 0.0823994 0.2592630 0.3649712 0.2073097 0.3134072 0.0019957 -0.3187351 -0.1194484 -0.1841077 -0.0935141 0.0879149 -0.1571130 -0.2381184 0.1649578 -0.0211792 0.3111296 0.0696542 0.1696024 -0.1968714 0.5236830 0.1453985 0.1909940 0.0317526 0.0500034 -0.4963623 0.0423840 0.4458947 0.0728762 -0.3186070 0.0654259 -0.0220295 -0.0712319 -0.2854747 0.4441932 -0.5411170 0.4642272 0.0697407 0.2219823 0.1494358 0.2683093 -0.0605030 0.2137847 0.3339698 0.1978566 -0.1666322 -0.0094834 0.2306715 0.0234213 0.0799827 -0.1848522 -0.4626336 0.3257825 0.0928304 -0.3868808 -0.0793791 -0.2087268 -0.0806127 0.0908202 -0.2599264 -0.3023504 0.0413208 -0.2922537 -0.3714635 -0.3109482 -0.3224243 0.2224740 -0.3617033 -0.1098452 0.0378635 -0.3370660 0.2683534 -0.2509689 -0.1868567 -0.1634065 -0.2779797 -0.4094072 -0.0304498 -0.2597393 0.2611197 0.4691019 0.2932551 -0.2791721 -0.0186946 -0.3655055 -0.0972161 0.3274895 -0.1779001 0.0166344 -0.3342172 0.0910114 -0.1464869 -0.0000684 -0.3058545 -0.3864488 -0.1144381 -0.2243373 -0.3016141 0.3247253 0.2263290 0.0438345 0.1648146 0.0333136 -0.6101320 -0.0544516 -0.2781825 -0.4898623 -0.1563337 0.2829857 0.0722721 -0.0297524 0.1213788 -0.1987783 0.2076891 0.2816772 0.3193129 -0.0439617 0.4450163 0.4276633 -0.2863017 -0.4348360 -0.4735173 0.1288055 0.3535556 0.0257940 -0.1629791 0.2948674 -0.1155129 0.1516342 0.0555499 0.2226041 0.0677815 -0.2703430 0.2449115 0.2668992 0.4647440 0.2998032 -0.0492555 0.4102895 -0.0121763 -0.3577907 -0.2424400 0.5031504 0.2988113
-0.2058690 0.5012145 -0.1529757 0.3014423 -0.3744975 0.0167076 0.0000000 -0.0278872 0.0341768 -0.1708654 -0.0721030 0.4731593 -0.3565119 -0.2292308 0.5733920 -0.0349996 -0.3626374 0.1266334 -0.0413132 -0.4561772 0.1764526 0.2578458 -0.1811885 0.1149601 0.0535807 -0.2567929 -0.2906276 -0.0139340 0.4542420 -0.1611475 0.2323333 0.0215914 -0.3423711 0.1783506 -0.1354026 0.3579177 -0.1822321 0.1462551 -0.3720525 -0.1537592 -0.0753231 -0.1612419 -0.1889949 -0.2779366 0.0839777 -0.0674241 -0.1545529 0.0649891 -0.0066508 0.2013754 -0.0134578 -0.1298683 0.4164231 0.0058298 -0.0294071 0.0109766 -0.0916759 0.1842569 -0.4203049 0.0834758 -0.5427697 0.0393436 -0.1349235 0.5567124 -0.0167559 0.0708948 0.3440744 0.0379568 0.0959291 0.3961054 -0.0273888 0.4363720 0.0871221 0.4747196 -0.0672130 0.2611289 0.5469710 -0.3454611 -0.1789503 -0.1589168 -0.3686070 -0.3035562 0.2677530 0.5719317 0.4132123 0.0583991 -0.4523754 0.6342155 0.1729126 0.4832540 -0.0130541 -0.1538208 0.1631033 0.1125641 -0.1045870 0.4153020 0.3435155 0.5009355 0.4655582 -0.3791131 0.2345707 -0.1272077 0.0881805 -0.4965628 0.4258801 0.1021343 0.1057656 0.6370615 -0.2830758 0.1328321 -0.4318883 -0.1157219 0.4794667 0.2994740 -0.2634354 -0.2093292 -0.2385255 -0.1854753 0.1476610 0.3348408 0.3886198 -0.0432138 -0.0692133 0.5643863 0.4011007 0.2566965 0.1200252 0.0694847 0.3863414 0.5386285 0.3670337 0.4849197 0.1808448 0.2177053 0.1562112 0.1278429 0.4186998 0.1962658 0.2815388 0.2255728 0.0892066 0.2554649 -0.4308866 0.3032709 0.2795929 -0.4330000 0.2088602 0.0959606 0.1771931 0.2655903 0.4952708 0.0827384 0.1777087 -0.0541215 0.0294588 -0.7974077 -0.1299991 0.1176322 -0.1462197 -0.3132732 0.0826619 0.1806646 -0.8071965 -0.1209984 0.3134117 0.2612127 0.1051203 0.0937541 0.1442982 -0.1031761 0.4199161 0.3777952 -0.0585532 0.2508782 0.5136334 0.1973245 -0.1478559 -0.0669259 0.0033412 0.2825236 0.0971601 0.1065809 -0.3022353 -0.0665138 -0.0239773 -0.0806448 -0.2200942 0.4096065 0.3314631 0.1864540 0.3094627 0.2616484 0.0233637 0.1509957 0.2658836 0.2088614 0.2734973 0.2900693 0.0199136 0.4738040 -0.0337291 -0.2294103 -0.6892871 -0.2129018 -0.0423546 -0.0119992 0.4060757 0.5157811 0.0141271 -0.1746263 -0.5460850 0.1433157 0.0015049 0.3690567 0.4326721 0.0834924 -0.1168143 0.3347752
0.2007736 0.1509770 0.6566610 0.7371365 0.7255631 0.5719687 -0.0278872 0.0000000 0.3632011 0.5622164 0.6721696 0.1951810 0.7642003 -0.0441205 -0.0094206 0.5294618 0.1762139 0.0653881 0.5242724 0.3462908 0.1535552 0.4075161 0.4707613 0.1378604 0.4181145 0.4826641 0.3046440 0.0230190 0.1937453 0.2769856 0.3649194 0.5569198 0.1253827 0.2533613 0.4424533 -0.2581827 0.5320962 0.6304304 0.3497442 0.2374290 0.5852239 0.2895560 0.4097315 -0.0269981 0.5782022 0.4662559 0.4421408 0.6214896 0.1854286 0.3565360 0.4692666 0.4385537 0.4473690 0.2597857 0.6291849 0.5569489 0.4837961 0.1372569 0.1161137 0.5530880 0.4043120 0.4948200 0.6954526 0.4922655 0.6487497 0.5137279 0.4107666 0.4619210 0.7497113 0.4121434 0.4675712 0.2558963 0.5759864 0.3613740 0.6965749 0.3989827 0.2462177 0.5082366 0.5325029 0.7178144 0.3122517 0.1315135 -0.1318976 -0.1658006 -0.0673788 0.0734928 0.1202907 -0.2847110 0.1272513 -0.0851631 0.0559906 -0.0479740 0.0176704 -0.1089648 0.1632123 -0.0454219 0.0740556 -0.1541777 -0.1999633 -0.3729448 -0.1300144 0.1652071 0.0106402 -0.3127053 -0.0519425 -0.2471883 0.0683232 -0.1626151 0.3275251 -0.0277629 0.2453705 0.0446868 -0.1609040 0.0350946 0.0859284 -0.1391051 -0.2500569 -0.0254677 -0.0274122 -0.0845299 0.0146122 0.1132576 -0.0385858 0.0161064 -0.1338934 -0.1048411 0.1708631 -0.0841794 -0.0880337 0.0375130 0.0526861 -0.2601616 0.1949695 -0.1773792 -0.3464221 -0.0384587 0.0283313 0.1123346 0.0935538 0.1781822 -0.1541962 0.1156399 0.0270478 0.1222899 -0.0122597 -0.0743795 0.0859986 0.0996053 -0.4227948 -0.0892869 -0.2606911 0.1397892 0.1314841 -0.1969452 0.0077614 0.3359573 -0.3101613 -0.2769703 -0.3304763 0.1767793 -0.0443983 0.1182851 0.1901850 0.0054903 -0.1456528 -0.2095250 -0.3666889 -0.4594465 -0.3503367 0.0257171 -0.3048662 -0.3053938 0.0072836 0.1237182 -0.1353469 0.1931387 0.1272305 -0.4504994 -0.0971095 -0.3148208 -0.3501340 -0.1029318 0.2218318 -0.0707903 0.0859301 0.2366835 0.1218598 0.3675002 0.3356206 0.3448893 -0.1282492 0.5309923 0.3756630 -0.0878564 -0.1327164 -0.1022366 0.0542140 0.1718117 0.4297148 0.1491250 0.4077059 -0.2323257 -0.1306655 -0.1431380 0.6151287 0.0723075 -0.0297058 0.0569216 0.2959033 0.5803363 0.1078983 0.1911622 0.6744076 0.5327040 0.1625495 -0.1644550 -0.0822851 -0.0083521
0.1556813 0.3448064 0.3009854 0.6061138 0.2798813 0.7634653 0.0341768 0.3632011 0.0000000 0.4489394 0.0007787 0.6440493 0.1848028 0.4601694 0.5468451 -0.0789055 0.1071130 0.7593106 0.0460619 0.2432549 0.4129817 0.4981671 0.0631552 0.7085557 0.1835340 0.0086653 0.1308487 0.5787479 0.6760915 0.3479215 0.3750010 0.2579384 0.6911386 0.8216896 0.1584514 0.0770380 0.1923767 0.3974270 0.0998777 -0.0263158 0.4608754 0.2311229 -0.0520870 0.0133813 0.6982794 0.1102370 0.1550183 0.5266824 0.5279690 0.0295117 0.1943077 -0.0198096 0.7288202 -0.2566103 0.5059213 0.3516076 0.3250963 -0.1983864 0.0021601 0.1035646 0.0525429 -0.2120898 0.6912626 0.3691193 0.4192805 0.6121148 0.0448711 -0.3072311 0.4530745 0.0346610 0.5775392 0.5996426 -0.0318042 0.2114366 0.4317233 -0.1791613 0.3702323 0.3811087 -0.0431017 0.0920285 -0.0220612 -0.4048944 -0.1913728 -0.2187318 -0.1068898 -0.0496994 -0.1953685 -0.1074696 -0.0323371 -0.1250701 0.4303683 0.2366466 0.3336445 -0.3834043 0.3500047 0.3201846 0.4102530 0.3918524 0.0898781 -0.5002596 -0.1216302 0.5390254 0.0007036 -0.2571417 0.4531808 -0.0329686 0.0239707 -0.0626764 0.1019472 -0.2274543 0.0403185 -0.0333970 0.2064932 0.3631984 0.1659572 -0.0366416 0.3642619 0.5343170 0.2875556 0.1140591 0.1953613 0.4138244 0.3553084 0.1199123 0.2085088 -0.1784307 0.4108996 0.4499064 0.0057432 0.2131653 0.2501020 0.2393256 0.5093503 -0.0794495 0.0638471 0.3357560 0.1243502 0.0820030 0.1602172 -0.1816970 0.6141993 -0.0352925 -0.2231344 -0.2378530 0.0298959 0.3196687 0.2085172 0.2985612 0.2548748 0.0088360 -0.0932845 -0.0379413 0.1296974 0.6352873 0.4851974 0.0471561 -0.1447966 0.1509569 -0.1823674 -0.2154205 0.2751574 0.2593579 -0.1039932 -0.3314970 0.3140248 0.0227983 0.3264217 0.0527050 -0.0223817 0.2642029 0.1155765 0.0563225 0.0474141 0.1249006 -0.1263490 0.0562562 -0.2338912 -0.6043278 -0.3284114 -0.3880537 -0.5247385 0.1650671 0.5205814 0.3614180 0.1818139 0.0040325 -0.3343244 0.0603496 0.1771863 0.3397012 -0.0817635 0.2670010 0.2354636 -0.2784295 -0.1417834 -0.3269431 0.0635253 0.2894226 -0.1952135 -0.0278775 0.4409422 0.1189348 0.0503692 0.1541718 0.2527550 0.2919855 0.1626265 0.3520223 0.4052134 0.3391082 0.3902383 -0.1827591 0.1510395 -0.0418169 0.0245462 0.0042580 0.4730441 0.3376051
0.4247044 0.2317183 0.0831728 0.3344823 0.4831706 0.7881206 -0.1708654 0.5622164 0.4489394 0.0000000 0.7269667 0.0769971 0.5440681 0.3820801 -0.0816409 0.6574395 0.7266286 0.2436399 0.4994589 0.4728690 0.4358369 0.3968945 0.6475886 0.0098215 0.4414174 0.4609439 0.7738011 0.0407315 0.3056536 0.6588304 0.2936603 0.3891080 0.1231366 0.1667344 0.3920270 0.2189142 0.5558633 0.4564326 0.6204055 0.4826889 0.3210127 0.7356350 0.4818791 0.4959624 0.7245307 0.5697938 0.5153823 0.4668002 0.5344356 0.3630012 0.4445054 0.5109577 0.2962238 0.5141346 0.4921197 0.5409406 0.4957581 0.4348130 -0.0313062 0.5819864 0.4623988 0.5696516 0.4665507 0.3319375 0.5389561 0.4219807 0.3856160 0.5221272 0.4183057 0.3568477 0.3037714 0.0097007 0.5705305 -0.0533778 0.4183475 0.4554404 -0.1155550 0.3223956 0.5882115 0.5495845 0.1817189 0.0802201 0.2241531 -0.0079629 0.0947319 0.3512653 0.0583006 -0.1725627 0.4926618 0.2298959 0.0611478 -0.2908373 -0.0420548 0.1977702 0.4649065 -0.0906197 -0.0587866 -0.1779298 0.1511332 -0.1640752 0.3158184 0.3367394 0.1204130 -0.0225551 -0.1483277 0.1592276 0.2366247 -0.3793001 0.6427770 -0.3389899 0.5015648 0.4487071 0.0571708 0.0709505 0.4322984 0.1840438 0.0910236 0.2374629 0.2449990 -0.0220793 0.1205213 0.2571457 -0.0563239 0.0325787 -0.2731250 -0.1627569 0.0266528 0.0217659 -0.2381723 -0.0115314 -0.2006569 -0.1380571 -0.1112498 0.0110401 -0.2210149 0.0542084 -0.2084542 -0.2828561 -0.2987375 0.0767569 -0.0147771 -0.1353701 0.3526881 0.3131412 -0.1771862 0.1275186 -0.2331038 -0.1720470 -0.2388187 -0.0350791 -0.2426173 0.2472488 -0.1965947 -0.1370789 0.2971991 0.5602445 -0.1793974 0.0122177 -0.1427202 0.2097418 0.3119680 -0.1756260 0.2917183 -0.0798825 0.0157395 -0.0355060 -0.1253884 -0.2510314 -0.3883241 -0.0646520 -0.2186850 -0.3951785 0.3694026 0.2108511 0.0886693 0.0391455 0.1846653 -0.4320541 0.2529656 -0.0378631 -0.2228943 -0.3282729 0.0764480 -0.3075819 -0.2729641 0.2372161 -0.0313958 0.0188024 0.0088782 0.0291569 0.1016665 0.3656295 0.3577085 0.1062284 -0.1364349 -0.1052342 -0.0451988 0.0484203 0.2405976 -0.1204937 0.0045635 -0.4028721 0.1621199 -0.1066271 0.2259159 -0.0824308 -0.3450958 -0.0443817 -0.0446770 0.2790353 0.1310483 0.0561064 0.4575845 0.0815874 -0.4401307 -0.2800025 0.3967353 0.0664301
0.4403590 0.0953225 0.1422731 0.3066742 0.4473234 0.4267249 -0.0721030 0.6721696 0.0007787 0.7269667 0.0000000 -0.1436133 0.5732283 -0.0749311 -0.1971858 0.8812698 0.5319511 -0.2427963 0.7459062 0.2465363 0.2280665 0.1208558 0.7674828 -0.2952565 0.5619783 0.6107849 0.6206112 -0.3466716 0.0702221 0.3486404 0.0157288 0.4414981 -0.3258064 -0.1301469 0.4607630 0.0023825 0.6312888 0.5015850 0.6439464 0.5421280 0.0943368 0.5153084 0.7245851 0.4090508 0.4127094 0.6888597 0.5792895 0.3155173 0.2648861 0.4759650 0.4813514 0.7285861 0.0791409 0.7720055 0.3749471 0.5314072 0.4583209 0.6376008 -0.1514434 0.7202391 0.3112082 0.8339777 0.2581710 0.3419004 0.2937826 0.2647689 0.5916798 0.7703901 0.4540634 0.4959168 0.1409065 -0.1919305 0.7316161 -0.0467293 0.3513476 0.6538889 -0.1759036 0.1681841 0.5799537 0.5441231 0.2346941 0.4876071 0.3591527 0.1146403 0.2021973 0.4200029 0.3507288 -0.0883235 0.5178268 0.3168332 -0.0865087 -0.3697192 -0.1706559 0.4293441 0.2715854 -0.2474901 -0.0868856 -0.3490268 0.0720532 -0.0148549 0.3415472 0.0844088 0.1534666 -0.0101970 -0.2823217 0.0712465 0.3124891 -0.2262522 0.5711504 -0.0136394 0.2925241 0.4575925 -0.2132098 -0.0039079 0.5013640 0.1789758 -0.1956445 -0.0113344 0.2077098 -0.0012213 0.0061708 0.1512524 -0.0460029 0.0285910 -0.3062133 0.0417202 -0.0920489 -0.1869150 -0.1250468 0.0279187 -0.2018754 -0.3239410 -0.2464502 -0.0154784 -0.2109928 -0.0188851 -0.1349489 -0.0658218 -0.2014303 0.3948219 -0.2839772 0.1473740 0.4377550 0.4209533 0.0014104 -0.1183169 -0.0478884 -0.0464319 -0.3445328 0.1286199 -0.1032337 0.2939574 0.0632952 -0.4277721 0.1676399 0.4519359 -0.1300359 0.0142673 -0.0271607 0.4149576 0.2488177 -0.0341272 0.3195823 0.2087378 -0.0080037 0.0298055 -0.2500062 -0.2467061 -0.2787756 0.0374355 -0.1276545 -0.3005698 0.2419968 0.2448686 0.0562690 -0.0548772 0.2648515 -0.1801119 0.3210619 0.0861142 0.0124419 -0.4967833 -0.2846991 -0.6054933 -0.4150375 0.0902207 0.0399595 0.0281428 -0.0265438 -0.0654145 0.2828761 0.2271890 0.2050605 0.2729819 0.0570918 0.1659320 0.0072494 -0.0372972 0.4480466 0.1466872 -0.2396321 -0.6833110 -0.1689044 -0.4193310 0.3195951 -0.1895607 -0.3600542 -0.1710383 -0.2074132 0.0519656 -0.1411598 0.2070270 0.4175840 0.5266980 -0.1059795 -0.3354799 0.0992131 -0.1369768
-0.0009767 0.3295445 -0.0085820 0.4488270 -0.1015381 0.4828411 0.4731593 0.1951810 0.6440493 0.0769971 -0.1436133 0.0000000 -0.1757741 0.1590590 0.7143209 -0.0391761 -0.1860995 0.4769961 0.1508307 -0.0691423 0.6693401 0.2081978 -0.1321675 0.5409294 0.0787285 -0.1654118 -0.0951818 0.1979570 0.8391922 -0.0920933 0.0852085 -0.1297243 0.3168886 0.7606814 0.0107197 0.1958532 -0.0777814 0.0157963 -0.2824804 -0.1063660 0.0327528 0.1063416 -0.2302410 -0.3576657 0.4780767 -0.1910831 -0.0968836 0.0455651 0.4032425 -0.3301271 0.0577501 -0.0861527 0.8015146 -0.2244689 0.0777501 -0.0303982 0.0487707 -0.1032026 -0.1208077 0.0682341 -0.1667421 -0.1782889 0.3500663 0.6175858 0.4326923 0.4086354 0.2865729 -0.2890879 0.2549439 0.2042241 0.3019369 0.8444039 -0.0199384 0.6704235 0.1309162 -0.1212540 0.8276225 -0.0125937 -0.2877922 -0.0444891 -0.2479172 -0.5146297 -0.1300668 0.0897430 0.1352841 0.0092049 -0.5958536 0.1071934 0.0595322 0.0921367 0.0344352 0.0280287 0.1950095 -0.1774578 0.1240724 0.3335038 0.3054621 0.4469424 0.1295689 -0.4520328 -0.0761384 0.2778343 0.1977963 -0.3912430 0.2429266 -0.1504547 -0.1097077 0.1799066 -0.2498504 -0.1960073 -0.3490851 -0.2474025 0.4112239 0.4800565 -0.0246107 -0.1081209 0.1064471 0.1958311 0.1182615 -0.0664640 0.0458173 0.2980096 0.0207391 0.1731316 0.0341210 -0.0525432 0.6246721 0.0313547 -0.0695786 0.4274660 0.2198141 0.3540466 0.5274020 -0.0905149 -0.0127230 -0.0226180 0.1387716 -0.0763161 0.0358254 -0.2278700 0.3463877 -0.1144835 -0.3486820 -0.0295328 -0.1039639 -0.0630360 0.0849664 0.1360069 0.1121720 -0.0531962 -0.0715750 -0.1472550 -0.0151656 0.4331032 0.4022275 -0.4161785 -0.3479601 0.2401268 -0.2972278 -0.2555564 0.2685345 0.0239698 -0.4908972 -0.2510183 0.2490446 -0.0243639 0.1546801 0.0319603 -0.2013664 -0.1554478 0.1142900 -0.0802801 0.2324680 0.3640070 0.2984385 0.5138317 0.1396356 -0.2158919 -0.0236036 -0.1580288 -0.3790098 0.0869142 0.2361339 0.3119904 0.1930902 0.0152957 -0.1621723 0.4384896 0.6610052 0.7611770 -0.0608215 0.5996563 0.5130386 -0.2179253 -0.1516923 -0.2188193 0.5452607 0.7703903 -0.0232445 0.3393133 0.2564287 -0.1286363 -0.2666363 0.1625748 -0.0725126 -0.0231297 -0.0117538 0.2808310 0.0499772 0.2031778 -0.0103825 0.1370641 -0.0409442 0.3015886 0.2352155 -0.2427441 0.2464691 0.4318132
0.1205724 -0.0650721 0.6023064 0.2819897 0.8451394 0.3346288 -0.3565119 0.7642003 0.1848028 0.5440681 0.5732283 -0.1757741 0.0000000 0.0567817 -0.4142052 0.5073804 0.4571438 -0.0108973 0.4264014 0.6539356 0.0792786 0.4199334 0.5493529 -0.1204813 0.5231762 0.6867448 0.6009657 -0.0188715 -0.0872687 0.4950067 0.3122325 0.6607165 0.0669912 -0.0318593 0.4556596 -0.3423159 0.6558552 0.6371717 0.6260328 0.5732720 0.4395529 0.3839166 0.4962245 0.4164655 0.4906557 0.6359587 0.5473780 0.6087887 0.0447584 0.5328229 0.5079350 0.5243584 0.0312887 0.4259924 0.6911850 0.6874645 0.5774560 0.2366054 0.1886903 0.6201579 0.5183649 0.5878487 0.6331170 0.0551092 0.3804632 0.4464394 0.3995684 0.5940672 0.6481663 0.2820866 0.4231587 -0.2517097 0.6668071 -0.0636691 0.6956879 0.4692192 -0.1546565 0.6109200 0.7439101 0.8183006 0.5001079 0.1826712 -0.1206588 -0.3105882 -0.2304779 0.0167184 0.2558854 -0.4434705 0.1886300 -0.1214477 -0.1610832 -0.2457258 -0.2555834 -0.0180704 0.1301891 -0.2047257 -0.0040824 -0.3512161 -0.2987861 -0.2835573 -0.1975108 -0.0167114 -0.0831739 -0.2189722 -0.0558035 -0.2125554 0.1178943 -0.4308268 0.5257646 0.0079345 0.3384300 0.2067615 -0.3087430 -0.0229262 0.2187683 0.1969271 -0.0692078 0.0690828 -0.0600798 0.0014793 -0.0388497 -0.0383606 -0.0269447 -0.1724445 -0.1835920 0.0239804 0.0520610 0.0708295 -0.1131293 -0.1355843 -0.0617648 -0.2765909 0.2083917 -0.2537062 -0.3124959 0.0433368 -0.0620623 0.1292808 0.0110131 0.3189932 -0.1665016 0.0975582 0.1908011 0.1400573 0.1545202 -0.0380374 0.0522464 0.0822124 -0.2756709 -0.0433471 -0.2348689 0.4664464 0.1212687 -0.2254985 -0.0971437 0.5939925 -0.0372100 -0.1023780 -0.2258325 0.4734593 -0.0132338 0.1651766 0.4292114 0.2973353 -0.1425371 0.0108906 -0.2515516 -0.3485594 -0.1527956 0.2287183 -0.2876080 -0.2762460 0.0294737 0.1093269 -0.2921848 -0.0540828 0.0919971 -0.4531870 -0.0586977 -0.3856368 -0.3370792 -0.1197246 0.1412528 -0.1725069 0.0041904 0.2807540 0.3188768 0.2359503 0.1202862 0.0885091 -0.2343360 0.2492197 0.1149727 0.0338307 0.0219242 0.0963007 -0.1404397 -0.2831090 0.4238232 0.0001327 0.3128457 -0.1222944 0.2869731 0.1030635 0.6068884 0.1635271 0.0060729 -0.0650157 0.1852740 0.4801237 0.3463206 0.3374189 0.6808288 0.2916658 -0.0159730 -0.2529889 0.0221295 -0.0983997
0.3667907 0.4247356 0.2072437 0.0809267 0.2566977 0.3193978 -0.2292308 -0.0441205 0.4601694 0.3820801 -0.0749311 0.1590590 0.0567817 0.0000000 0.1461777 -0.1844951 0.4830163 0.7678381 -0.3713678 0.2044092 0.3424974 -0.0381125 -0.0049600 0.5808456 -0.2654686 -0.2577921 0.3037728 0.6585190 0.2716447 0.5955397 0.0057475 -0.1250150 0.6191427 0.2884654 -0.1659310 0.2928236 -0.2090153 -0.1857214 0.0831180 -0.0130271 0.0695704 0.3454368 -0.2033350 0.0717032 0.1253232 -0.2179124 -0.2696208 0.0544916 -0.0306510 -0.1036638 -0.2436694 -0.2546997 -0.0802758 -0.2327382 0.0839368 -0.0409747 -0.2027914 -0.3184518 0.2731050 -0.2428123 0.3502785 -0.2278906 0.2777651 -0.3080471 0.2647438 -0.0566613 -0.2420369 -0.2008179 -0.0423476 -0.3126664 0.1292110 -0.0940628 -0.1794171 -0.0657682 0.2441451 -0.2771886 -0.2319678 0.2582788 0.0818034 0.1136879 0.0694172 -0.0216225 0.1297917 -0.0560297 -0.0208958 0.1579248 -0.1627023 -0.0933685 0.0527221 -0.1013059 0.1388836 0.1889211 0.5415786 -0.3569465 0.0923734 0.2643373 0.1274223 0.4501778 -0.1309061 0.0501853 0.0644469 0.4944561 0.1935611 0.1499309 0.1278417 0.1997972 0.2834627 -0.0901074 0.2881263 -0.2239440 0.2944091 0.4149141 0.0828522 0.0443590 0.1939670 0.1579339 0.3246194 0.2895691 0.1766583 0.0442440 0.0485883 0.1379341 0.0497415 0.1936892 -0.0405312 -0.1185156 -0.2566387 0.1090326 -0.0845322 -0.1041292 -0.1624519 -0.0019121 -0.1350851 0.3758493 0.0202695 0.1256675 -0.1695373 -0.1254031 -0.1372815 -0.0907431 0.1070421 -0.0935287 0.3006275 -0.0456914 -0.1255709 0.3686421 -0.1288390 -0.0882939 -0.0547041 -0.0560502 -0.1471431 -0.0260211 -0.1606824 0.1455419 0.2139566 0.3064391 -0.0662701 0.0222189 -0.0004073 -0.0032206 -0.0024165 -0.1257749 0.2439542 -0.1304138 -0.1161983 -0.1315307 0.0015371 -0.0127682 -0.1502612 -0.0818527 -0.1679047 -0.2664106 0.1528445 0.2220830 0.3207319 0.2368990 0.1821057 -0.0285123 0.1903991 0.0575551 -0.1534991 0.0779412 0.4011401 0.1579936 0.1001416 0.4061976 0.2134878 0.0030030 0.0415841 0.0657556 0.0711237 0.2499435 0.2452606 0.0790341 -0.0845903 0.0070137 -0.1330465 -0.0737126 -0.1418335 -0.1523057 0.1292398 0.2235235 0.4388904 0.1854709 -0.0040481 0.2399416 -0.1342594 -0.2207874 -0.0053927 0.2554220 0.4726573 -0.0701787 -0.0204696 -0.3681906 -0.1032933 -0.1578129 0.4924670 0.2735813
-0.0425026 0.4748147 0.0104852 0.4673696 -0.3442753 0.2190492 0.5733920 -0.0094206 0.5468451 -0.0816409 -0.1971858 0.7143209 -0.4142052 0.1461777 0.0000000 -0.3121260 -0.4492322 0.5553666 -0.1402121 -0.5180597 0.2238164 0.0475234 -0.4047637 0.7041319 -0.1850941 -0.5406756 -0.3342135 0.2325228 0.8273343 -0.2657292 0.0511209 -0.1068158 0.2078017 0.8020641 -0.4029239 0.3467264 -0.3178038 0.0117883 -0.4966936 -0.3960771 0.0820938 -0.1368710 -0.4461764 -0.4430028 0.2018983 -0.2333862 -0.3393966 0.0752367 0.2616211 -0.1411585 -0.3428583 -0.3738594 0.7058726 -0.2940443 -0.0255117 -0.0634082 -0.2248484 -0.1122559 -0.2429517 -0.2671073 -0.5066874 -0.3221411 0.2111035 0.4393837 -0.0025515 0.0547643 0.0118398 -0.4116318 0.0886438 0.0768936 0.0646695 0.6262773 -0.2862208 0.3045416 -0.0672968 -0.1848036 0.4801886 -0.2284467 -0.4668414 -0.3870550 -0.4138140 -0.2083943 0.2617196 0.3779581 0.4104880 0.0324127 -0.1927265 0.5065391 0.1121578 0.2792952 0.1499711 0.0384113 0.3128437 -0.0111755 -0.0053675 0.2643372 0.3288620 0.6248627 0.4431367 -0.1589884 0.0906008 0.1797372 -0.1094979 -0.1751088 0.5122408 0.0731865 -0.0321563 0.4969064 -0.5014449 0.2813041 -0.5861724 -0.2214435 0.1379829 0.4679320 -0.0373482 -0.1924831 0.1417098 0.1992580 0.3250155 0.2388782 0.4739456 0.5285920 0.4631711 0.4183255 0.4328555 0.1540103 0.3040214 0.3883075 0.4275167 0.6135227 0.5535033 0.5352508 0.3883434 0.3432699 0.3590973 0.3658446 0.5169356 0.3874155 0.4873790 0.0312400 0.5486734 0.3673849 -0.3292351 -0.2637863 0.2409557 0.0350728 0.5265944 0.5398159 0.2976892 0.3285115 0.3676979 -0.3258404 0.4248081 0.4249926 0.3376129 -0.6726083 -0.2721061 0.1933108 -0.0900201 -0.4899446 0.0679084 0.3689622 -0.5808592 -0.4391163 0.3440183 0.0829037 0.2969088 0.1940397 0.0544608 0.0951858 0.4019085 0.2652925 -0.1665132 0.1701410 0.2405903 0.0683061 -0.2930797 -0.0662954 -0.1641662 0.2037525 0.1061489 0.4107285 0.1368312 0.2688045 0.0279300 -0.3567057 -0.5085854 0.0033474 0.1015497 0.2779584 -0.0021991 0.1462302 0.0695056 -0.1741877 0.1459491 -0.0579240 0.0355841 0.3722422 -0.3103250 0.2326700 0.0798336 -0.1021398 -0.6146007 -0.3223127 0.0512602 0.0907648 0.3565094 0.3678391 0.1591802 -0.2602877 -0.2114390 -0.3452576 -0.3158208 0.2725517 0.4830159 0.1677524 0.0598065 0.1147287
0.3907873 -0.0333455 -0.0842261 0.1131193 0.3329639 0.4255242 -0.0349996 0.5294618 -0.0789055 0.6574395 0.8812698 -0.0391761 0.5073804 -0.1844951 -0.3121260 0.0000000 0.5622370 -0.3501628 0.8782325 0.2957866 0.4320190 0.1116388 0.8025728 -0.4937294 0.6018383 0.7090968 0.6277427 -0.4976546 0.0622551 0.2937720 -0.0725593 0.3089658 -0.4388888 -0.2131806 0.5632867 0.0130317 0.6838369 0.3962607 0.6149331 0.6716343 -0.0719289 0.5920558 0.7505228 0.4549351 0.5074665 0.6947688 0.6735503 0.1539360 0.3487148 0.3442606 0.6349005 0.8149302 0.0876773 0.8433998 0.2649057 0.4815315 0.5593818 0.7432518 -0.2895081 0.8563986 0.3174209 0.9111287 0.1345539 0.3861272 0.3627971 0.3576366 0.7791306 0.8210496 0.4110199 0.5561845 0.0434745 -0.1216496 0.7815304 0.0580341 0.1733886 0.6978377 -0.0393707 -0.0088383 0.5258006 0.5050763 0.0460417 0.3389864 0.3273943 0.1102507 0.2035731 0.4659403 0.0826269 -0.1233583 0.5964419 0.4051915 -0.2813815 -0.5174137 -0.3320619 0.5104768 0.3736551 -0.2614188 -0.2086449 -0.4967798 0.1116849 -0.0515742 0.4249304 -0.0048978 0.3058699 -0.0889591 -0.4423397 0.1246041 0.2289394 -0.2726451 0.6208467 -0.2123514 0.2789321 0.4445135 -0.0587568 0.0825799 0.5434068 0.3607734 -0.0520935 0.0543005 0.2764453 -0.0430836 -0.0624384 0.1168807 -0.2441774 0.0142127 -0.4364125 -0.0679457 0.0772545 -0.3389233 -0.3667760 0.0022433 -0.3744415 -0.2193900 -0.2082634 -0.1792641 -0.2433016 -0.1645188 -0.3157042 -0.3487524 -0.4686717 0.2557527 -0.2968280 -0.0848384 0.4339716 0.5778112 -0.1470085 -0.1310348 -0.2826398 -0.2706946 -0.2683495 -0.0233523 -0.2171755 0.3895192 -0.1934837 -0.3988582 0.1900077 0.4460453 -0.0572845 0.1512143 -0.0352420 0.5199798 0.4050912 -0.2311008 0.2033716 0.3337607 0.0168321 0.0492068 -0.2607763 -0.1934845 -0.3278788 -0.1167754 -0.1989469 -0.4100261 0.5001344 0.3487144 0.1844129 0.0886538 0.4564393 -0.1278338 0.4888858 0.0801709 -0.0274015 -0.6470160 -0.4546074 -0.6904839 -0.5230072 0.1464639 0.0828042 0.1403104 0.1834321 0.1323836 0.2487492 0.3323215 0.3842137 0.2749040 -0.0719915 0.0606532 0.1982451 0.1460503 0.3800953 0.1004676 -0.3491599 -0.6401582 -0.0419218 -0.2321362 0.0640043 -0.4386805 -0.5339291 -0.2384622 -0.3847116 0.0395464 -0.1583698 0.4298536 0.3715376 0.4364080 -0.3070606 -0.5813084 0.1097787 -0.0543062
0.3286267 0.0983162 -0.0074604 -0.1272029 0.4730567 0.4551571 -0.3626374 0.1762139 0.1071130 0.7266286 0.5319511 -0.1860995 0.4571438 0.4830163 -0.4492322 0.5622370 0.0000000 0.0917762 0.3596342 0.6735581 0.3413946 0.2248095 0.7854835 -0.1741356 0.4877303 0.5902794 0.8756612 0.0931324 -0.0462090 0.7540459 0.0497012 0.2670576 0.0849519 -0.1707753 0.5104251 -0.0614883 0.5179636 0.2615920 0.8049222 0.6991745 -0.0576650 0.5104765 0.6541636 0.7158718 0.3213249 0.5409754 0.4885164 0.2180858 0.1956979 0.2937337 0.4246369 0.6313411 -0.2547943 0.5639530 0.3738877 0.4458121 0.4137346 0.3294254 -0.0160061 0.5154719 0.4348233 0.4849860 0.1886905 -0.1967840 0.1991666 0.2248833 0.2495314 0.4394432 0.0985936 -0.0195603 0.2126881 -0.4130903 0.4617022 -0.3246723 0.2688470 0.2411622 -0.3909376 0.3098557 0.5033567 0.4472589 0.3221447 0.0355004 0.0891539 -0.0938639 -0.0724770 0.2575934 0.1353385 -0.2886219 0.3673868 0.0851060 -0.0880479 -0.1804307 -0.1206117 0.1351378 0.3645461 -0.1268339 0.0685519 -0.2280509 -0.1259420 -0.1208764 0.1519806 0.1514535 0.1510651 -0.0556316 -0.2049661 0.1136415 0.1662111 -0.5264023 0.7390333 -0.4665764 0.6217354 0.4464875 -0.0139997 -0.0759083 0.5667659 0.3447580 0.2108252 0.2054739 0.0780517 -0.1369058 -0.2547791 -0.0779646 -0.2891645 -0.0219724 -0.3889519 -0.2555956 -0.0804115 -0.1630230 -0.4862401 -0.4395364 -0.6138170 -0.4582599 -0.2963832 -0.2105899 -0.4161568 -0.1975590 -0.5949411 -0.4832871 -0.6502921 -0.0245534 -0.1606169 -0.3737933 0.3686547 0.3823424 -0.2893099 0.0621087 -0.4578231 -0.4399299 -0.2350307 -0.1694970 -0.3701854 0.3899058 -0.3584225 -0.1505427 0.3763024 0.6675087 0.0375905 0.1781082 -0.1528583 0.4440647 0.3470508 -0.3383327 0.4011990 0.2382695 -0.0528701 0.0486908 -0.1275183 -0.1981274 -0.2339595 -0.0820395 -0.2649073 -0.3973937 0.4485886 0.3534246 0.1718922 0.0478954 0.3251788 -0.2544295 0.3002835 -0.1378416 -0.2705292 -0.5208968 -0.1020218 -0.3821814 -0.2656273 0.3445057 0.3233061 0.0773325 0.0587277 -0.1283217 0.1514698 0.1514208 0.1915005 0.1387286 -0.2216350 0.0172942 0.0337893 -0.1843504 0.2857361 -0.2067481 -0.1833133 -0.3064478 0.5827976 0.2265031 0.0664360 0.0729626 -0.5495818 -0.1565231 -0.3210618 0.2082458 0.3054435 0.2527514 0.3572989 -0.1683070 -0.5501092 -0.5616105 0.6252630 0.2767353
