0.0000000 0.5702838 0.5554085 0.5858323 0.5166236 0.5689332 0.5567308 0.5507495 0.2828383 0.1632121 -0.0703092 0.6367015 0.5285297 0.3489847 0.4547278 0.0209521 0.3201716 0.3319218 0.3319168 0.4863440 0.6082534 0.2988102 -0.1503645 0.2856825 0.2514474 -0.1406138 0.2563483 0.3837443 0.4298555 0.1842003 0.4106103 0.4004499 0.3272866 0.2993423 0.0890880 0.4493414 0.1523825 0.3880935 0.3268211 0.2367475 0.2985275 0.2674345 0.1905036 0.2204173 -0.0821192 0.0530180 0.2201650 0.4812822 0.2175448 -0.0325476 0.2332515 0.1708797 0.4087725 -0.0555270 0.4791737 0.3450640 0.2380695 -0.1043706 0.3858021 0.3291318 0.4828387 0.2190527 0.5373467 0.4819116 0.4292920 0.4413633 0.3993089 0.0197569 0.5435416 0.3230775 0.5026507 0.4200245 0.4316731 0.6376309 0.4163255 0.4881930 0.7242873 0.5916374 0.5281946 0.5695831 0.6525505 0.0658378 0.0206235 0.1638407 0.1482011 0.2578624 -0.0230725 -0.1783737 0.1021886 0.1650119 -0.1808629 -0.2149320 -0.2348057 -0.1556377 -0.0902165 0.2454078 -0.0683560 -0.1818716 -0.1895161 0.1603123 0.2820067 0.1692390 0.1960576 -0.0111103 -0.1560089 -0.0223095 0.0952049 0.1638070 -0.0340831 0.1282225 0.0192385 -0.0157554 0.0673403 0.1754689 0.2085064 0.1046953 0.2004886 0.2262645 0.3320844 0.0484778 0.2524937 0.2299154 -0.4722547 0.4954203 0.0007196 0.0388818 0.3785516 -0.2281856 -0.0813136 0.3604893 0.0038923 -0.1839899 0.0568978 0.4064326 -0.2922039 -0.0556719 0.0021549 -0.1016770 -0.1295911 0.3658043 -0.0983155 0.0444921 0.1881090 0.0463628 -0.0718470 -0.2408182 -0.1085923 -0.1446825 0.0187274 0.2392879 0.1481607 -0.0144248 0.0305527 -0.0533972 0.0501202 0.0615902 0.2556188 0.0251241 0.0532039 0.1669317 0.0049968 0.1951538 0.1354665 0.1840341 0.1594769 -0.0302181 0.1117574 0.0183545 -0.0129148 0.0181522 0.0494546 0.1110306 0.1253577 0.1323772 0.5868618 0.6575482 0.5085471 0.0799306 0.3811477 0.0570027 -0.0788884 0.4348779 0.3319459 0.4819301 0.3780559 0.6272270 0.4758111 0.6020588 0.7183378 0.6749128 -0.0392547 0.4941851 0.5550481 0.0760821 0.0792896 0.1098943 0.1165668 0.4771664 0.4830348 0.0607745 0.1905861 -0.2082250 0.2742916 0.5995262 0.1224949 0.6956886 0.0410561 0.2247258 0.1318966 0.1718313 0.1876255 0.3967525 0.4321752 0.3533002 0.1935378 0.5181564 0.2978258 -0.1185887
0.5702838 0.0000000 0.6652704 0.6863945 0.5306451 0.7548820 0.5618419 0.4331800 0.4207642 0.0691491 -0.1487507 0.6940462 0.5131522 0.3917823 0.7528505 0.0593449 0.2261463 0.1607075 0.1887237 0.3064993 0.6077239 0.4426707 -0.1709933 0.5873146 0.2410869 0.0405792 0.3309142 0.6240276 0.6382185 0.4547441 0.4703412 0.5507629 0.5582094 0.2272462 0.2373728 0.3586007 0.3744905 0.4816960 0.2123952 0.1690317 0.2689830 0.3319011 0.1251299 0.3515832 -0.1216670 0.1817274 0.3027281 0.3981281 0.3572196 0.2076670 0.4008289 -0.0670803 0.4933954 -0.1819423 0.5268587 0.3581668 0.3613763 -0.2343075 0.3661280 0.4217094 0.3765752 0.0719509 0.4138849 0.3904815 0.4769470 0.4254214 0.2022339 -0.2765313 0.3061068 0.1062717 0.0460278 0.5996849 0.2121055 0.5080504 0.0588002 0.4958850 0.6460209 0.1848744 0.6473459 0.4878778 0.5835451 0.1793353 -0.0526684 0.1956937 0.1331314 0.4642040 0.2715086 -0.1866635 0.2223212 0.1499749 -0.0018710 0.1027767 -0.0803060 -0.2842556 0.3356447 0.2463416 -0.0503353 -0.0819004 0.0481109 -0.0057473 0.3648477 0.0120233 0.5329564 -0.1582092 -0.1335364 0.2590775 0.0805873 0.3939429 -0.1148298 0.1569506 0.1704631 -0.0765295 0.1165204 0.4343882 0.1933798 0.1942873 0.4098466 0.1167387 0.4394210 -0.1738472 0.3038599 0.5753198 -0.2819474 0.6549891 -0.1904852 -0.1814228 0.6698348 -0.1708534 -0.2287129 0.5293543 0.0039164 -0.2530691 0.3618834 0.4082537 -0.2845688 0.0125374 -0.0277644 -0.2411601 -0.1863197 0.1215170 -0.1120964 -0.1740596 -0.3109437 -0.0555361 -0.1740945 0.0073282 -0.2215124 -0.2713419 0.0353484 0.0436370 -0.0384663 -0.0431841 -0.1098803 0.0194199 -0.0673614 -0.0766761 -0.1279942 -0.0617013 -0.3242028 -0.0961613 -0.1529391 0.0325189 -0.0113388 -0.0404903 0.0297589 -0.0344016 0.1185299 0.1559504 -0.0355877 0.0109763 0.0569236 0.0039879 0.0777751 0.1735339 0.6017236 0.5410129 0.4201052 0.2878684 0.3906754 0.1691263 -0.0213226 0.3374726 0.3828473 0.3754592 0.3741446 0.5376000 0.2596408 0.2509208 0.4622589 0.3722477 -0.2611881 0.3308423 0.2551978 -0.1208651 -0.1571227 0.0447707 -0.1335165 0.2905242 0.4068918 -0.0775715 0.3961541 0.0384866 0.1752949 0.4189504 0.4353528 0.5702961 -0.0465485 0.2830008 0.4225434 0.3307768 0.2385745 0.3815450 0.3547176 0.4675626 0.2659482 0.3167443 0.3456054 -0.2293052
0.5554085 0.6652704 0.0000000 0.5835084 0.6208502 0.4489749 0.3316463 0.6153913 -0.0346501 -0.2980743 -0.3010490 0.3837675 0.7651458 -0.0885254 0.3322234 0.0213392 -0.1502936 0.0790254 0.5780327 0.3547324 0.2993545 0.5077095 -0.1759746 0.3213421 0.6358019 0.1766420 0.0397210 0.3847402 0.1423658 0.1367689 0.6000512 0.6932199 0.1674440 -0.0320646 0.4122588 -0.0275613 0.6339552 0.7636573 -0.0150120 -0.2172580 0.3296085 -0.3043935 -0.0357220 -0.0034312 -0.5500899 0.5145765 0.5450932 0.5471055 0.0083005 0.2688651 0.4836230 -0.3585979 0.3300119 -0.5623377 0.7502946 0.6335287 0.6288165 -0.5646470 -0.0554534 0.5610513 -0.2162084 -0.1149082 0.5498508 0.1649285 0.2157019 0.7368369 0.3938846 -0.4577726 0.5374197 -0.0198895 0.3427928 0.5141487 0.1019919 0.4052315 0.3496514 0.2431305 0.5251154 0.3914624 0.4950085 0.2742197 0.5737010 0.0677031 -0.1763296 -0.2161725 -0.3677250 0.3776261 -0.0731509 -0.3934245 -0.0234374 -0.2447157 -0.0209144 0.1726298 -0.1672029 -0.3204260 0.1434416 0.3626845 0.1449413 -0.2458832 -0.0563505 -0.0180037 0.0009282 -0.0732809 0.3361058 -0.2051337 -0.1364437 0.0538715 -0.1953558 0.2193334 -0.2461667 0.0642007 -0.0342391 -0.4006954 -0.1673064 0.3025908 0.0692464 0.0201048 0.4006928 -0.0919824 0.2171149 -0.2213052 0.2289346 0.5802102 -0.2227929 0.7026264 -0.2234180 -0.0559041 0.6710538 -0.1543883 -0.2071438 0.5663673 -0.0293876 -0.1185636 0.4535409 0.1856113 -0.2263230 -0.0140499 -0.0924636 -0.2334626 -0.1564353 -0.1235151 0.2383610 -0.2218729 0.0002591 -0.2424806 -0.2071291 0.3305427 -0.1502833 -0.1467302 0.4040222 -0.1836143 -0.2692253 -0.0966670 -0.0724686 0.3544557 0.2027508 -0.1391590 -0.2904725 0.0892383 0.0534062 -0.3744830 0.2957107 -0.1325122 0.0019776 -0.3141564 -0.0103671 0.3497949 0.4473711 0.2853301 -0.0407624 -0.2439969 0.4563176 0.1470750 -0.1247370 -0.0093624 0.4574596 0.4735876 0.2291970 0.3244114 0.1443617 0.1605155 0.2850839 0.4473087 -0.2121023 0.1811848 0.0387974 0.2457018 0.2091817 0.2313438 0.3764138 0.3072047 -0.3348772 0.1934470 0.2622789 -0.1861054 -0.0987523 0.0436099 -0.1461077 0.2523489 0.2280842 -0.1280890 0.4810119 0.1500616 0.4910273 0.7269228 0.4472140 0.5325360 -0.1050775 0.4804560 0.4519775 0.0525258 0.2654043 0.3783132 0.3369071 0.4286508 -0.0296712 0.4856550 0.0213589 -0.3073346
0.5858323 0.6863945 0.5835084 0.0000000 0.6310469 0.6995263 0.4739826 0.8096420 0.3856324 0.2431379 0.1603528 0.6688772 0.6568958 0.3898789 0.5610425 0.1180874 0.2253346 0.3176065 0.4534301 0.6114060 0.5809427 0.5531664 -0.2677192 0.6738074 0.1896846 -0.0002122 0.1584823 0.5124611 0.6543083 0.4944210 0.6039582 0.3187402 0.5572557 0.6288603 0.2050625 0.4916053 0.1107938 0.1959478 0.5354500 0.2008321 0.0649464 0.2888016 0.3999543 0.3876864 -0.0032250 -0.1401877 0.1443407 0.2141738 0.6447608 -0.1278374 0.3614105 -0.0397217 0.8514269 -0.1627507 0.3382078 0.1574178 0.1863210 -0.1147594 0.2898233 0.3550878 0.3369508 0.2805293 0.4674333 0.6315278 0.6383669 0.4135263 0.4733448 0.0144706 0.3529963 0.2799763 0.3974423 0.6320332 0.6250396 0.6474377 0.3309704 0.6300583 0.7746431 0.5765091 0.8358149 0.7208893 0.7812888 0.3054399 0.3008785 0.3464390 -0.0139273 0.4425160 0.2348333 -0.0599893 0.1524627 0.1180454 -0.0456757 0.0175981 -0.2839233 -0.0229528 0.1527122 0.1214058 -0.1261051 -0.2167995 -0.1005904 0.0538650 0.2434016 -0.1305078 0.3682707 -0.0751526 -0.2228942 0.0832780 -0.0210307 0.3520366 -0.2475097 0.0287795 0.0300148 -0.2907979 -0.2800829 0.2503001 0.0436921 -0.1368272 0.2878267 0.0133760 0.2250810 -0.3800517 0.1061299 0.3574021 -0.5193295 0.6146640 -0.3415325 -0.4499029 0.5316122 -0.3046558 -0.4299748 0.5081124 -0.1594024 -0.1088398 0.3012399 0.3941055 -0.3300904 -0.1087061 -0.1687937 -0.3645330 -0.2808656 -0.1994313 0.0018061 -0.3200607 -0.1983344 -0.2749844 -0.3270073 0.0283872 -0.2284351 -0.2284112 0.0380424 -0.0997752 -0.3588901 -0.2979715 -0.1050420 0.0311188 0.1520331 -0.3646010 -0.1854942 -0.0830190 -0.0101800 -0.3440666 0.1382396 -0.2269779 -0.2853264 -0.2854750 -0.0289965 -0.1032177 0.1016653 0.3427173 -0.0077746 -0.3184131 0.1031155 0.1241246 -0.3281730 -0.3241881 0.6466725 0.7322438 0.4507755 0.3225533 0.3821985 0.0443456 0.0848879 0.5482456 0.2895605 0.4847236 0.2928628 0.6366659 0.4064420 0.4099071 0.6473893 0.5807309 -0.5252020 0.5821907 0.5641881 -0.4158583 -0.4174721 -0.2669067 -0.4587677 0.4242198 0.7695145 -0.4122095 0.3934018 0.1344368 0.5882186 0.5058592 0.2797833 0.5768847 -0.4324018 0.3209295 0.4812148 0.5884214 0.4479124 0.3629337 0.2433159 0.5572235 0.0944463 0.3082984 0.4336111 -0.2934939
0.5166236 0.5306451 0.6208502 0.6310469 0.0000000 0.6653961 0.6363216 0.6607719 0.4350938 0.3387315 0.1868846 0.4146933 0.8153231 0.4240988 0.1568385 0.0162037 0.4021518 0.0793149 0.1820290 0.5434567 0.2578366 0.7142605 0.1087671 0.1589712 0.0551291 -0.0776876 0.5109440 0.0972901 0.0262653 0.4496079 0.6586637 0.5261433 0.1827759 0.0725469 0.2167219 0.0621204 0.1404356 0.4507339 0.4772184 0.2946752 0.1734115 -0.0293188 0.2339705 0.3056065 -0.0132223 0.1384344 0.0907055 0.4716351 0.4596229 -0.0144003 0.0956223 0.2702293 0.4032427 0.1016178 0.5395413 0.3625945 0.1437216 0.1612312 0.2043232 0.1603661 0.1666343 0.4809639 0.7475495 0.6734155 0.5680918 0.5201754 0.0828012 0.1801351 0.6176378 0.5110164 0.2127419 0.6229255 0.2656891 0.6777414 0.4384842 0.3727868 0.5546607 0.3972947 0.4094946 0.3664970 0.5568856 -0.1433067 -0.2081026 0.0451946 -0.2627770 0.5670277 0.0482322 -0.2253899 0.1877170 0.0490876 0.1248937 0.0463016 -0.1275368 -0.1383346 0.1151865 0.1140248 -0.0944629 -0.2463130 0.0765263 -0.0061707 -0.0201948 -0.0171738 0.2709706 0.1531478 -0.2078802 0.1313838 -0.0434060 0.1286409 -0.1808310 -0.1118801 -0.2202373 -0.2320482 0.0015559 0.1538368 -0.0024213 -0.0030791 0.1588109 -0.0112875 0.0892052 -0.1118271 0.1106805 0.1972140 -0.4001885 0.4097899 -0.1102303 -0.0736484 0.2931504 -0.4044477 -0.1165994 0.1869827 -0.0193958 -0.3827252 0.2548953 0.1453010 -0.2282143 -0.1343166 -0.0647500 -0.1241860 -0.0558415 0.0797892 -0.3896642 -0.0586022 0.1566433 -0.1743656 -0.1347242 -0.3347399 -0.0396230 -0.0129112 -0.1565372 0.0164107 -0.1373870 -0.1759565 -0.0088696 -0.1746202 0.1028832 -0.0044435 0.0734050 -0.0582874 -0.0132282 -0.1845371 -0.0764870 -0.0143687 0.0368765 -0.1049991 -0.0220551 -0.0913841 0.0531241 0.0796044 -0.3010649 -0.2709521 -0.0377367 -0.2562305 -0.4026250 -0.0357697 0.4230797 0.5970351 0.6153312 0.4938852 0.4748680 0.3545499 0.1689833 0.5527295 0.1608535 0.3927479 0.3800055 0.3934756 0.6525416 0.6720237 0.5721839 0.4612185 -0.2053380 0.3735739 0.6424359 -0.0602458 -0.0516416 0.1443942 0.0227245 0.6529330 0.3393396 -0.0313316 0.6152382 -0.3167912 0.2720808 0.6961838 0.1613109 0.6172898 -0.1130752 0.0058112 0.5549478 0.2423834 0.1116421 0.2611766 0.5571043 0.5084135 -0.0746941 0.2974134 0.3502447 -0.1021554
0.5689332 0.7548820 0.4489749 0.6995263 0.6653961 0.0000000 0.7385625 0.4286307 0.7012368 0.4721176 0.3095497 0.7481276 0.4279712 0.4370656 0.5094105 0.0793728 0.4666418 0.1156664 0.1110411 0.3462872 0.6271725 0.3401411 0.0108918 0.4113302 -0.1508457 -0.1934091 0.3778183 0.3612173 0.5631925 0.4504532 0.3050814 0.3223676 0.3956096 0.2950205 0.0617946 0.5483318 0.0037637 0.1036436 0.6010939 0.2632318 0.1738513 0.3856564 0.2750696 0.3239103 0.0225774 -0.1032889 -0.0199175 0.3337698 0.5587339 -0.0293081 0.0580030 0.2029628 0.5998122 0.0806789 0.2999716 0.0767216 0.0021280 0.1727688 0.5536538 0.0333353 0.4401100 0.2640988 0.3776616 0.6148240 0.5341324 0.2128060 -0.0433096 0.0711405 0.1611518 0.4191727 -0.1013129 0.5044981 0.1647041 0.5777971 -0.1192601 0.4721412 0.6933967 0.1325457 0.5612814 0.7190878 0.4777167 0.1938443 0.0530521 0.3998480 0.2717626 0.3472293 0.1071166 -0.0078233 0.2498810 0.2918373 -0.0570943 0.0575042 -0.1197523 -0.1813310 0.3973700 0.3778743 0.0157187 -0.0428026 0.2467354 0.0835348 0.3008426 -0.1639375 0.3522152 -0.0432265 -0.0641647 0.4481663 0.1305705 0.3490256 -0.1021241 0.1580223 0.0389495 -0.0713961 0.1847136 0.3732316 0.2246525 0.1785089 0.2795002 0.0589496 0.3316654 -0.1472327 0.2270670 0.3692896 -0.2639818 0.5163259 -0.1622855 -0.2445566 0.4700965 -0.1931802 -0.2239283 0.2405211 -0.0659539 -0.2619143 0.2597268 0.4229446 -0.3270058 -0.0196367 -0.0534904 -0.1526271 -0.1395556 0.2629429 -0.3130306 -0.0235140 -0.1007136 0.0113614 -0.1558614 -0.1707607 -0.0906557 -0.1020217 -0.2139220 0.2012006 0.0189730 -0.0891302 0.0382902 -0.2021692 0.0775131 -0.0143621 0.0598405 -0.1077316 -0.2880388 0.0912354 -0.2275717 0.1256381 -0.1686022 0.0303432 0.1224139 -0.3335589 -0.1222397 0.1058472 -0.1586900 -0.0926516 -0.1514620 -0.0456757 0.0603254 0.2774676 0.6582654 0.7557597 0.7116689 0.4620113 0.6332492 0.3235754 -0.0090438 0.4726740 0.5453318 0.5223736 0.4895351 0.4873663 0.4634927 0.4377222 0.6467290 0.5362675 -0.2470936 0.5921386 0.5613301 -0.0610381 -0.1597154 0.1615225 -0.0848527 0.5243813 0.4888277 -0.0987615 0.3205986 -0.2704213 0.1209421 0.4913019 0.4529125 0.5273107 -0.1148484 -0.0251894 0.1984956 0.3611369 0.0606816 0.4161743 0.6925896 0.6740358 0.3712550 0.1709383 0.5138919 -0.0118043
0.5567308 0.5618419 0.3316463 0.4739826 0.6363216 0.7385625 0.0000000 0.2591869 0.5680330 0.3221472 0.0891507 0.7479490 0.3391880 0.2886382 0.2614462 -0.1495786 0.4607734 -0.2753286 -0.0155498 0.3467482 0.6120462 0.2461200 -0.1652767 0.2149012 -0.3308564 -0.3513053 0.4797307 0.1435913 0.4175218 0.3231589 0.2349857 0.3052339 0.1172206 0.0213001 -0.0065157 0.4851614 0.0580834 0.1628484 0.3603846 0.3953329 0.1117833 0.3635807 0.0676335 0.1438664 -0.0297007 -0.0346084 0.0075406 0.4266391 0.2217632 -0.0395397 0.0011832 0.3078961 0.2981484 0.1669507 0.3323753 0.1003741 0.0014320 0.1747887 0.5147732 0.0686178 0.3616836 0.3852351 0.4730113 0.6054547 0.5467534 0.2099968 0.0925235 0.0371740 0.2965444 0.4512930 0.0196357 0.6208988 0.1601785 0.6127349 0.0833233 0.4262620 0.6818803 0.2186556 0.4494548 0.6786137 0.5388478 -0.0526879 0.0217659 0.0906946 -0.0696752 0.1516915 -0.0068624 -0.3810878 -0.0630661 -0.0515575 -0.1961378 -0.2633248 -0.1777881 -0.2946426 0.1294325 0.1500050 -0.1585531 -0.2560024 0.0820382 -0.1017171 0.1082126 -0.2000898 0.0421749 0.0123570 -0.1223470 0.2094613 -0.2119657 0.0212029 -0.1314208 -0.2133183 -0.2576845 -0.2476430 0.0807323 -0.1041943 -0.1519091 -0.0108189 -0.2078890 -0.1886290 0.0079476 -0.1601424 -0.1098273 -0.0870198 -0.1226831 0.3471940 -0.1223162 0.0626148 0.1217476 -0.0123078 -0.0016827 0.2678219 0.0035130 -0.1582064 0.1790088 0.4952040 -0.2281078 0.0290880 0.0930135 0.0317515 0.0641578 0.5117065 -0.3683030 0.0899913 0.0233066 0.1325235 -0.0358457 -0.3114972 0.0176220 0.0012940 -0.2762714 0.2475518 0.1153437 0.0165417 0.1049789 -0.2845773 0.0247920 0.2781383 0.1721711 -0.0401093 -0.0994747 0.1441876 -0.1870807 0.1627519 0.2523578 0.1222566 0.1631695 -0.2154026 -0.1071533 0.1265038 -0.0723071 -0.0497785 -0.3253782 -0.1020820 0.0724315 0.2922676 0.7222796 0.8223840 0.8383166 0.6470688 0.8573257 0.6813845 0.2087757 0.5596727 0.4155489 0.4993180 0.6874327 0.5257459 0.7437222 0.6012785 0.7702979 0.7437452 -0.1291477 0.7673375 0.7934785 0.1373095 0.0972929 0.5289669 0.2351064 0.7514937 0.4752847 0.2010802 0.3520649 -0.5370018 -0.0116196 0.5120074 0.1378428 0.4775525 0.1338442 0.0325547 0.0622462 0.1082602 -0.1129544 0.6915542 0.4752278 0.5592920 0.3560733 0.0492194 0.2475364 0.0344866
0.5507495 0.4331800 0.6153913 0.8096420 0.6607719 0.4286307 0.2591869 0.0000000 0.2835217 0.2936734 0.2712248 0.3295433 0.8609293 0.2882181 0.2229008 0.2722219 0.3491864 0.2448313 0.5756237 0.6833362 0.1986763 0.6998220 -0.0917288 0.5037901 0.3651214 0.1741786 0.1441289 0.2997263 0.2113973 0.3411745 0.6682671 0.2918525 0.4076361 0.4793877 0.0928427 0.0998686 0.0938749 0.2873194 0.3651132 0.2400842 0.0766292 -0.1184151 0.1633826 0.4262905 -0.1294983 -0.1344397 0.0842320 0.2610570 0.5709729 -0.2848638 0.1443930 0.0693215 0.6855051 -0.0919450 0.3369084 0.1220890 0.1496487 -0.0674794 0.0351996 0.1712778 0.1312111 0.1761333 0.4855650 0.6524053 0.5385650 0.4872681 0.4064354 0.1397296 0.4969426 0.4244223 0.5694454 0.6270160 0.6007362 0.6711017 0.6126453 0.6819307 0.6749690 0.7577028 0.6656556 0.4592287 0.7195815 0.1451510 0.1700997 0.1636257 -0.2094063 0.4422223 0.0761536 -0.1930245 -0.0529008 -0.0878197 -0.2220756 -0.1987231 -0.3900775 0.0955545 -0.2085757 -0.1188756 -0.2874151 -0.4526082 -0.3843470 -0.0278134 -0.0253327 -0.0705801 0.2301626 0.0308182 -0.4166852 -0.2782511 -0.1857428 0.3146333 -0.4076364 -0.2359824 -0.3435502 -0.4765417 -0.3004221 0.1545223 -0.1241039 -0.2587104 0.2083135 -0.0153436 0.0418494 -0.2905975 0.0641089 0.2807196 -0.5899611 0.5380330 -0.2377267 -0.2875145 0.4760943 -0.4554508 -0.2791540 0.4632333 -0.1159614 -0.2172423 0.2013551 0.2057141 -0.2971968 -0.2193584 -0.1618693 -0.2800327 -0.2202070 -0.2477652 -0.0314671 -0.2616354 -0.0837707 -0.3440119 -0.2574384 -0.0987765 -0.1892990 -0.1474110 0.0925518 -0.2047821 -0.4048601 -0.3037980 -0.1334111 -0.0002297 0.1229629 -0.2994193 -0.2177680 -0.0564609 0.0231429 -0.4508044 0.2786005 -0.2729567 -0.2021926 -0.3637304 -0.1516858 -0.0232456 0.1043104 0.0712147 -0.2951787 -0.4853326 0.1023592 -0.1353522 -0.4886782 -0.4849849 0.4621383 0.5742844 0.2166171 0.1624303 0.1052764 0.0063004 0.1369408 0.4820684 -0.0125616 0.3373389 0.0881557 0.5929604 0.4254706 0.4749556 0.5579098 0.4923475 -0.4010821 0.4358332 0.5503317 -0.2948792 -0.2655086 -0.2390027 -0.3407742 0.4514110 0.6154875 -0.3453499 0.3534702 0.2276933 0.6867821 0.4962815 0.1289605 0.6775492 -0.3869159 0.1120647 0.4334902 0.4748524 0.5497421 0.0333474 0.2881997 0.5005160 -0.2678650 0.4469298 0.2196308 -0.2098457
0.2828383 0.4207642 -0.0346501 0.3856324 0.4350938 0.7012368 0.5680330 0.2835217 0.0000000 0.7632126 0.6714321 0.4398332 0.1696594 0.5792168 0.2798754 0.4774313 0.7552382 0.0711529 -0.1104440 0.2844211 0.3214674 0.3781069 0.3502679 0.2840862 -0.3880718 0.0608701 0.5109912 0.3147155 0.3453599 0.5651720 0.2583649 -0.0588955 0.4009327 0.2615067 -0.0773956 0.4103896 -0.3322317 -0.2113819 0.5082805 0.6614363 0.0183091 0.3689706 0.3248367 0.5698372 0.3881838 -0.4419826 -0.3583641 0.0675707 0.5959076 -0.2671775 -0.2617870 0.6796068 0.4095394 0.4921489 -0.1704158 -0.3710366 -0.3924756 0.4972725 0.3695963 -0.3329812 0.5747484 0.3798998 0.1376280 0.6271549 0.3819385 -0.1489710 -0.3156278 0.4998388 -0.0285063 0.6065411 -0.1847084 0.4056088 0.2085991 0.4364510 -0.0927257 0.5459792 0.4428034 0.1457528 0.3750280 0.4684704 0.3142311 -0.0841817 -0.0873441 0.4068284 0.2642984 0.0478671 0.0714722 0.0508992 -0.0408642 0.1887764 -0.1664967 -0.0723561 -0.0043491 -0.1048581 0.0737806 -0.0737277 -0.1285703 -0.0654525 -0.0208756 -0.0700873 0.0827941 -0.0692791 0.0094451 -0.0537650 -0.1019193 0.2049578 0.0463159 0.3142725 -0.0366238 -0.2088396 -0.2374862 -0.0575683 0.3536970 0.1166900 0.0256351 0.0935476 -0.0079339 0.0473765 0.0970014 0.0031747 0.0985688 0.0721039 -0.0706282 0.1606493 0.0725405 -0.1325018 0.1618253 -0.0986241 0.0416048 0.1393356 0.1203044 -0.2805845 0.1979129 0.3652101 -0.1395500 0.0430320 0.1774810 0.1287952 0.1147537 0.3274317 -0.5315723 0.1977333 -0.1277964 0.1850242 0.1169780 -0.5435614 0.1219836 0.1079205 -0.4587468 0.3256481 0.2093703 0.0879139 0.2201338 -0.4761997 0.1096139 0.2061693 0.2473460 0.0584142 -0.4119001 0.2830293 -0.1111069 0.2715672 0.0133972 0.2360825 0.2549073 -0.2564639 -0.3113056 -0.1970172 -0.2717972 0.1051935 -0.3841194 -0.2147554 0.1111988 0.1997030 0.4871845 0.4447875 0.4714817 0.2334607 0.4616663 0.2125376 -0.2789825 0.1603182 0.5054739 0.2653764 0.3605718 0.5000695 0.3933436 0.3777623 0.4160807 0.3520275 -0.0348701 0.4528314 0.4651543 0.0990870 -0.0147955 0.1709692 0.0572416 0.5372691 0.4067935 0.0070439 0.3332148 -0.3494344 -0.0675873 0.0559790 -0.0116295 0.4565242 -0.0302080 -0.2931610 0.1761800 0.1324783 0.1436482 0.1314760 0.3978953 0.4722345 0.3582001 -0.0327560 0.5085149 0.3669414
0.1632121 0.0691491 -0.2980743 0.2431379 0.3387315 0.4721176 0.3221472 0.2936734 0.7632126 0.0000000 0.8262645 0.2256512 0.1247766 0.6307684 -0.0735926 0.4145140 0.9015908 0.0282702 -0.2614308 0.1138290 0.1510404 0.2845615 0.2896904 0.0025150 -0.5366604 -0.1430227 0.5147613 -0.1744403 0.0841383 0.4194301 0.0072249 -0.3290166 0.2020218 0.3256255 -0.3882933 0.2620481 -0.5892410 -0.4413441 0.5795662 0.6717119 -0.2140920 0.3066586 0.1205442 0.5482335 0.5817900 -0.6114230 -0.6210630 -0.1734240 0.6247572 -0.4482798 -0.6093541 0.7663046 0.2444471 0.7647542 -0.3762022 -0.5006911 -0.6150922 0.8163282 0.2709166 -0.6000442 0.5140481 0.4252005 0.0614609 0.6518487 0.3057525 -0.3204561 -0.3635987 0.7815380 -0.0048008 0.6892854 -0.1754749 0.1440456 0.2324315 0.3732490 0.0643202 0.4401725 0.2325917 0.1907548 0.1244058 0.2934818 0.1002545 0.1104590 0.1402455 0.4872994 0.2673159 0.2657042 0.2318757 0.1929321 0.1517261 0.3959656 -0.0775323 -0.1486142 0.1135383 0.3232937 -0.0368053 -0.1413618 -0.1633221 0.0881884 0.0425030 0.0393489 0.1324415 0.1577238 0.1069598 0.3056495 0.0052283 0.0821263 0.1837116 0.3848431 0.0969136 -0.2378505 -0.2520045 0.0719447 0.3114581 0.1123335 0.0314199 0.0670651 -0.0086006 0.2171111 0.0046600 0.2142415 0.1580461 -0.0300156 -0.1453172 -0.1451559 0.2950720 0.0277803 0.0626509 -0.1548653 0.2238834 -0.1077064 0.1985779 -0.1832617 -0.0750161 0.2984874 0.0976787 0.0417675 0.1941723 0.2372326 0.1880188 0.3687052 -0.7265871 0.3571618 0.0183574 0.2637832 0.2349757 -0.6475797 0.2291339 0.2574674 -0.6721245 0.3803917 0.2750681 0.1056114 0.2588927 -0.7136514 0.1262172 0.2739098 0.4665141 0.0099356 -0.3716074 0.3716135 -0.2970208 0.3015094 0.0202393 0.3714573 0.2011791 -0.5621703 -0.5350360 -0.3402426 -0.3326937 0.0845693 -0.6511361 -0.4220173 -0.1025369 0.0101411 0.1507638 0.2532302 0.3844655 0.0271226 0.3729489 0.1082437 -0.2973565 0.1036103 0.4388940 0.1836463 0.2372117 0.3074705 0.3095314 0.3975159 0.3887387 0.3164449 0.1851851 0.3547672 0.4215411 0.2196959 0.1409913 0.1127540 0.2267696 0.3940339 0.2094793 0.1345356 0.0887506 -0.2558962 0.0361387 0.0544219 -0.2000786 0.4106274 0.0747082 -0.6352365 -0.0525299 0.3277025 0.2490349 -0.2725613 0.4750125 0.2299731 0.0076439 0.1507319 0.4192599 0.2660328
-0.0703092 -0.1487507 -0.3010490 0.1603528 0.1868846 0.3095497 0.0891507 0.2712248 0.6714321 0.8262645 0.0000000 -0.0422301 0.0548743 0.3233249 -0.1863305 0.5263837 0.6229111 0.0526245 -0.0505631 0.1037889 -0.1110520 0.2509537 0.3267639 -0.0304470 -0.4509193 0.0163537 0.2334018 -0.0888511 -0.0271350 0.3518411 -0.0803301 -0.5399176 -0.0022690 0.1687488 -0.3478850 0.1179599 -0.6844834 -0.6295473 0.4491327 0.3894520 -0.4714648 0.0224240 0.1974505 0.3721127 0.3588999 -0.6708943 -0.6877101 -0.4377480 0.5069410 -0.6154298 -0.6259587 0.5532722 0.2744021 0.4818666 -0.5567142 -0.6854331 -0.7021220 0.6711418 0.1944512 -0.7121050 0.2560886 0.3750285 -0.1129567 0.5432040 0.1931899 -0.3877529 -0.2797295 0.8010184 -0.2213779 0.6429707 -0.0466270 0.1213013 0.2432175 0.2897667 0.0272528 0.3605161 0.1686130 0.2265355 0.1463891 0.2396212 0.0802864 0.2209365 0.2629798 0.4923635 0.1821709 0.0731421 0.2054846 0.1864097 0.0700892 0.3034970 -0.0610896 -0.0090804 0.0359753 0.4691132 0.0596728 -0.1020849 -0.0085001 0.0205040 0.1444565 0.2534637 0.1040369 -0.0782109 -0.0504035 0.3341040 0.0651862 0.1919162 0.0052539 0.3818186 0.0112063 -0.2898848 -0.2305354 -0.1153297 0.1230374 0.0587672 -0.0488105 -0.0538885 0.0224723 0.0134578 -0.1330411 0.0698548 0.0547645 -0.0032931 0.0076651 -0.1722863 0.1987500 -0.1743678 -0.0678611 -0.0623480 0.1120259 -0.1526447 0.1017390 -0.0197942 -0.0539333 0.1883813 0.0509595 0.0753305 0.1224563 0.1877618 0.1563508 0.1210266 -0.4928582 0.3151983 0.1043668 0.1356611 0.1604907 -0.3340895 0.2488138 0.2940270 -0.4905390 0.3274449 0.1075170 0.0515791 0.3006084 -0.5534757 0.2559494 0.0903979 0.2334864 0.0775655 -0.1683039 0.2146090 -0.0380591 0.2160927 -0.2920860 0.1279880 0.2298066 -0.3707709 -0.5714936 -0.4066316 -0.3686242 -0.0598159 -0.4326092 -0.2231553 -0.0513305 -0.0993577 0.0068981 0.1076380 0.0498261 -0.0260652 0.0914402 -0.0196806 -0.1937047 0.1108378 0.3003245 0.1485806 0.1412234 0.2245712 0.2047228 0.2478239 0.2774266 0.2263733 0.0110701 0.2968857 0.3319497 0.0005786 -0.0507125 -0.0538760 -0.0212709 0.2683792 0.2312215 -0.1341297 -0.0501004 -0.0982054 0.2073182 -0.0484760 -0.3021136 0.2904217 -0.1506779 -0.5235412 -0.1637711 0.1958625 0.3392836 -0.3071128 0.2246213 0.3116106 0.0851194 0.0292146 0.2703057 0.2607442
0.6367015 0.6940462 0.3837675 0.6688772 0.4146933 0.7481276 0.7479490 0.3295433 0.4398332 0.2256512 -0.0422301 0.0000000 0.2473203 0.4234578 0.6252082 0.0915241 0.3598260 0.1191086 0.1927671 0.2590329 0.9427268 0.0794903 -0.1467542 0.4795891 -0.0021534 -0.0304994 0.4155936 0.4741163 0.7393816 0.4493678 0.1701379 0.4011838 0.3686167 0.4455497 0.2748645 0.7079763 0.2793023 0.2331313 0.3097178 0.2753223 0.2128743 0.4769777 0.2260699 0.1152540 0.1042067 0.1212312 0.2914162 0.4260574 0.2852712 0.1944492 0.3689093 0.0812575 0.5189797 -0.0176227 0.4226859 0.2848755 0.2925032 -0.0953723 0.3527060 0.4203354 0.3782966 0.2547841 0.4059676 0.4273335 0.4382826 0.3587648 0.4000764 -0.1245264 0.3370834 0.1790527 0.1154861 0.4463708 0.3090955 0.4449236 0.0885585 0.4408001 0.6660364 0.2364708 0.5440907 0.7616464 0.5187622 0.1081856 0.0947327 0.2469023 0.1701162 0.1439517 -0.0202190 0.0097666 0.0597121 0.1092309 -0.2615429 -0.1371101 -0.0859935 -0.2251218 0.1574659 0.2151684 -0.0250218 -0.0185402 -0.0128272 -0.0952237 0.1948605 -0.0737244 0.1968036 -0.2960204 -0.1190400 0.1537395 -0.0014608 0.2165740 -0.1036856 0.0438583 0.0391202 -0.0945448 0.0252797 0.1438373 0.0463107 0.0548433 0.1099930 0.0070408 0.2570487 -0.1755875 0.1210956 0.2841841 -0.2097289 0.5369826 -0.2018017 -0.0210163 0.4720278 -0.0455928 -0.1469659 0.4340945 -0.0402035 -0.1367486 0.2475797 0.5966671 -0.2715761 0.0192341 0.0117786 -0.1005864 -0.1220832 0.3238392 -0.0312758 -0.0872226 -0.2197832 0.0900260 -0.1064425 -0.0421842 -0.1367219 -0.2013417 -0.0324003 0.1240065 0.0255421 -0.0367739 -0.0017081 -0.0271258 0.0520661 0.0140442 0.0973630 -0.0520186 -0.2035539 0.0768065 -0.0299990 0.0662309 0.0762038 0.1369274 0.1333717 -0.1671284 0.0822977 0.3226682 0.1440497 0.0825250 -0.1216947 0.0783305 0.2188915 0.3014233 0.7161784 0.7285487 0.7840925 0.4068099 0.7949282 0.3005681 0.0274883 0.4200610 0.3456343 0.3826609 0.3950332 0.4605900 0.4089525 0.3290478 0.6446531 0.6842437 -0.2066322 0.6803665 0.5810017 0.0205566 0.0037869 0.2937219 0.0705363 0.5036233 0.5384294 0.1264026 0.2747989 -0.0728968 0.2191556 0.4356505 0.3240176 0.4255160 0.0748746 0.2754826 0.1265955 0.2691604 0.1676869 0.6514651 0.3604734 0.5309638 0.4784708 0.1558538 0.4278994 0.0377993
0.5285297 0.5131522 0.7651458 0.6568958 0.8153231 0.4279712 0.3391880 0.8609293 0.1696594 0.1247766 0.0548743 0.2473203 0.0000000 0.2448306 0.2054789 0.0635573 0.2434696 0.1133058 0.3462593 0.6604358 0.0821576 0.8359566 -0.0327142 0.4000661 0.3641988 0.0563236 0.3270703 0.2024902 0.0139595 0.3830432 0.7564129 0.5609821 0.3284842 0.1587838 0.2174558 -0.1437353 0.2947876 0.5373351 0.3461244 0.2011083 0.2257027 -0.2110104 0.0943309 0.4171649 -0.2999548 0.1402926 0.2371890 0.4516079 0.4210800 -0.0704175 0.2348856 0.0266110 0.4234189 -0.0980957 0.6287679 0.4092908 0.3314801 -0.0673432 0.0633124 0.2816653 0.0060976 0.1803789 0.7371516 0.5494034 0.4762162 0.6720074 0.3001249 0.0003571 0.6918325 0.3332049 0.4699010 0.6486728 0.3779024 0.6816574 0.6081946 0.4317805 0.5486492 0.5493817 0.4448940 0.2150325 0.6131577 0.0114393 -0.1129834 -0.0155227 -0.3209153 0.5587996 0.1151099 -0.3639024 0.0198774 -0.1598989 -0.0791282 -0.0874798 -0.3370455 -0.0247972 -0.1445089 -0.0848493 -0.2754157 -0.4847919 -0.2579746 -0.0648866 -0.0394929 -0.0569580 0.1960563 0.1461258 -0.4153047 -0.2157985 -0.2578349 0.0774212 -0.3845279 -0.2387811 -0.3085988 -0.4235881 -0.2781241 0.0699203 -0.2011850 -0.2483647 0.1505748 -0.0894065 -0.0171240 -0.2453499 0.0182333 0.2878365 -0.5720258 0.4413025 -0.2264788 -0.1378447 0.4058827 -0.5095958 -0.2012901 0.3035899 -0.1487165 -0.3527846 0.1528711 0.0237536 -0.2979869 -0.2473291 -0.2113130 -0.2701101 -0.2242453 -0.1806160 -0.1823822 -0.2593253 0.0232779 -0.4052792 -0.2787238 -0.1685961 -0.2139215 -0.1906981 0.0874655 -0.2542763 -0.3655598 -0.3286916 -0.2073431 0.0049497 -0.0005082 -0.2217873 -0.1644123 -0.1471438 0.0281573 -0.4619878 0.0746410 -0.2267354 -0.0820627 -0.3172320 -0.2392455 -0.0235857 0.1108294 0.0345149 -0.2991105 -0.4385319 0.0994915 -0.2295949 -0.4307592 -0.3006905 0.2987276 0.4790617 0.2780713 0.2812710 0.1416939 0.2176521 0.2341806 0.5149156 -0.0216755 0.3749161 0.2305188 0.4991658 0.5395006 0.5950633 0.4962507 0.3657093 -0.3127070 0.2350181 0.5076808 -0.1706984 -0.1455009 -0.0185099 -0.1586749 0.4740542 0.3609882 -0.1734689 0.4628890 0.1596356 0.4368569 0.6716399 0.2078789 0.6840167 -0.2352098 0.0452490 0.5185303 0.3740201 0.3408117 0.0576872 0.3826683 0.3980621 -0.3742872 0.4678946 0.2125142 -0.3532230
0.3489847 0.3917823 -0.0885254 0.3898789 0.4240988 0.4370656 0.2886382 0.2882181 0.5792168 0.6307684 0.3233249 0.4234578 0.2448306 0.0000000 0.4490102 0.3404124 0.6836374 0.5057729 -0.2727643 0.3437752 0.4350211 0.3585054 0.2527150 0.1634193 -0.1776127 0.1318927 0.6737574 0.3208281 0.3013113 0.7238238 0.2837411 0.1572987 0.3924310 0.3936317 0.0294797 0.3623604 -0.1848104 0.0183718 0.4503556 0.6761963 0.0458891 0.5391271 0.3928184 0.5593842 0.6753591 -0.1539262 -0.1375069 0.0858089 0.6296737 -0.1720105 -0.0155695 0.5850288 0.3357022 0.5412509 0.1235327 0.0595602 -0.0918979 0.4630586 0.2942933 0.0303683 0.7313543 0.5084236 0.3464874 0.5125510 0.4838010 0.1673535 0.0334447 0.5066159 0.3325234 0.4107851 0.1368735 0.1812645 0.4559338 0.3518798 0.3041872 0.4279253 0.2232529 0.1661157 0.2387873 0.1973221 0.1647090 -0.0980431 -0.1788506 0.5445905 0.3636273 0.4802105 0.2799073 0.3668239 0.4708105 0.5500734 0.1670573 0.0260748 0.2407247 0.1413277 -0.0210028 -0.1840850 -0.2129932 0.2216103 -0.0280933 -0.0166215 0.3557195 0.4695402 0.3313226 0.0638320 -0.0582910 0.0566499 0.4900167 0.2352463 0.2445818 -0.0087175 0.1670019 0.4655107 0.3843801 0.3006832 0.2302989 0.2826330 0.2732485 0.5592342 0.4251125 0.3241584 0.3775771 0.2081489 -0.3219332 0.0893407 0.2276383 0.0765466 0.1552899 -0.2870899 0.1483861 -0.0311085 0.1829230 -0.3420875 -0.0231753 0.2276674 -0.0583154 0.0469487 0.1364552 0.1188367 0.0341759 0.3091942 -0.6057706 0.1798432 -0.2279637 0.2200353 0.1848046 -0.6502494 0.0333842 -0.0496674 -0.5629592 0.3397284 0.3326032 0.0789008 0.0620248 -0.5638655 -0.2037826 0.1109313 0.4607003 -0.0421159 -0.4486606 0.3130839 -0.4307470 0.3398892 0.0848621 0.4681423 0.1192186 -0.3934556 -0.3743060 -0.3271949 -0.3060625 0.3024821 -0.5041529 -0.4903707 -0.1009188 0.0304070 0.1237581 0.1433536 0.3674938 -0.2332287 0.2885385 -0.2330012 -0.5949567 -0.0785078 0.4951402 0.1483234 0.3431920 0.3947522 0.3095254 0.3379960 0.2378333 0.2961642 0.2790619 0.0973525 0.2403454 0.2676166 0.1767809 0.0035803 0.1986829 0.2414880 0.1913384 0.2342658 0.2138711 -0.0715617 0.0221543 0.0854608 -0.2074886 0.3141531 0.1779297 -0.2475499 0.3345382 0.3712042 0.2719037 -0.2138637 0.1779059 0.1139128 0.1694786 0.0786043 0.4638201 0.0369726
0.4547278 0.7528505 0.3322234 0.5610425 0.1568385 0.5094105 0.2614462 0.2229008 0.2798754 -0.0735926 -0.1863305 0.6252082 0.2054789 0.4490102 0.0000000 0.0604505 0.0570767 0.5812605 0.1774392 0.2774270 0.5788354 0.1562036 -0.0985651 0.6926955 0.2939972 0.1326675 0.2825514 0.8255072 0.8171789 0.4970572 0.2345669 0.4039587 0.5974541 0.4099510 0.3187619 0.3893849 0.2282125 0.2109792 0.1799733 0.0368778 0.1532020 0.4336192 0.3957051 0.2258762 -0.0353801 0.0927589 0.3371467 0.1596092 0.3088449 0.1744297 0.5949139 -0.2228146 0.4927609 -0.2807382 0.3773308 0.2724264 0.3566083 -0.3126629 0.4613545 0.4847401 0.4486821 0.1437249 0.3002448 0.2426665 0.3880138 0.3450466 0.4056669 -0.2707249 0.2169856 -0.0951195 0.2303812 0.3414916 0.3299732 0.3691777 0.0352264 0.3147142 0.4608337 0.0685730 0.4847138 0.4010556 0.4236539 0.2118195 0.0421470 0.2776661 0.4206849 0.1129914 0.1915162 0.1366361 0.3084606 0.2728293 -0.0912619 0.0551350 -0.2105481 -0.0749839 0.2216391 0.0640304 -0.0870828 -0.0679591 -0.0838971 0.1453350 0.4177034 -0.0810520 0.2817724 -0.2008947 -0.2623531 0.1210191 0.1563865 0.1687371 -0.1693165 0.3642520 0.4195040 0.1232703 -0.0994482 0.2547126 0.1438807 0.0067492 0.3148560 0.1024890 0.3756170 -0.3128134 0.1022268 0.4389473 -0.4286436 0.3977888 -0.4240836 -0.4269799 0.3513070 -0.3237432 -0.4872327 0.2053561 -0.3423547 -0.3396183 -0.0229446 0.1456270 -0.5477203 -0.2188327 -0.3413868 -0.4912998 -0.5192488 -0.0935099 0.1405229 -0.4036356 -0.2578663 -0.2415162 -0.4161345 0.0788256 -0.5239669 -0.6182821 0.2275170 -0.0789575 -0.1446427 -0.2953729 -0.3888031 0.2197417 -0.3104424 -0.4082432 -0.1107470 -0.3258505 -0.0770045 -0.1276205 -0.0995142 -0.1141216 -0.2799895 -0.0426139 -0.1552133 -0.1413269 0.0948615 0.1308416 0.1657816 0.0345507 0.1459395 0.1832859 0.2292479 0.0997262 0.2980450 0.2825239 0.2224964 0.0052242 0.1800430 -0.1661938 -0.1440098 0.1793208 0.5108630 0.4314287 0.3760006 0.5724486 0.1882324 0.1756248 0.2619180 0.2371189 -0.3665740 0.1670315 0.0638884 -0.3181196 -0.3917920 -0.2630136 -0.3443636 0.0583565 0.4575421 -0.2850250 0.0254151 0.2593123 0.0623802 0.0815057 0.2425912 0.3047077 -0.2651054 0.3320157 0.2709646 0.3785396 0.2443028 0.3208880 -0.0194534 0.2766287 0.3403105 0.1106023 0.4998173 -0.1997767
0.0209521 0.0593449 0.0213392 0.1180874 0.0162037 0.0793728 -0.1495786 0.2722219 0.4774313 0.4145140 0.5263837 0.0915241 0.0635573 0.3404124 0.0604505 0.0000000 0.4106228 0.2634370 0.1973049 -0.0587172 0.1288737 0.2754798 0.4813746 0.0480369 0.2154731 0.7456227 0.2762310 0.3452629 -0.0384000 0.4705507 0.1599036 -0.1051493 0.1415228 0.1871957 0.2360089 0.0452387 0.0245600 -0.0022312 -0.0732958 0.3630037 -0.0566279 -0.1855835 0.1303028 0.3045409 0.3680485 -0.0387678 -0.0367404 -0.0989762 0.1510416 -0.0706421 -0.0753657 0.4021391 0.1152075 0.1808459 -0.1828645 -0.1451514 -0.0330162 0.0661194 -0.4345589 -0.0641096 0.0320497 0.0336279 -0.0377958 0.0388602 -0.2344162 0.0553629 -0.0020956 0.3949821 0.0845164 0.1692222 0.0619228 -0.0334924 0.1644608 -0.0923542 0.2181894 0.2599198 -0.0381630 0.2632391 0.1125193 -0.0458117 0.0361393 -0.0701335 -0.2436686 0.1696949 -0.0468834 -0.0545805 -0.0708799 0.2610645 -0.2122583 -0.0129967 -0.1365051 0.2313821 0.3895447 0.0966186 -0.1765765 -0.1332252 0.2351361 0.2567739 -0.2234273 -0.1033628 -0.1391254 0.3040669 -0.0333229 -0.3388661 0.1220452 -0.0954962 0.0313960 0.4988339 0.1441851 -0.2870862 -0.1398972 -0.0662656 0.2758040 0.2220514 0.0706849 0.1311377 0.3076092 0.1965299 0.0984193 0.2706641 0.3983975 0.4766535 0.2643807 0.1114130 0.3722667 0.2125827 0.4370315 0.1695416 0.3511716 0.3372900 0.4221505 0.0110557 0.3819771 0.2967599 0.2662677 0.3076903 0.3889636 0.3818308 0.3077180 0.0641544 -0.0931421 0.3192948 -0.1734946 0.2869014 0.4277051 -0.0879260 0.3359283 0.2958381 -0.1216562 0.2105135 0.2252798 0.3574893 0.4188034 -0.1908569 0.4566641 0.2186006 0.2283853 0.4645910 -0.4021828 0.2122392 0.4337011 0.3103269 0.1207904 0.3127441 0.4226593 0.2748644 -0.0196636 -0.2042704 -0.1246379 0.3762319 -0.0508097 -0.0766847 0.1918934 0.0415124 0.0535398 -0.1733924 -0.1207980 -0.3111518 -0.0479048 -0.3387490 -0.4566496 -0.2276617 -0.2353418 -0.4070581 -0.4014536 -0.0117040 -0.2638943 -0.1651592 -0.0943095 -0.0013015 0.1852090 -0.0744650 -0.0620846 0.1984526 0.2656791 0.0255036 0.1763711 -0.0007551 -0.0388212 0.1767210 0.3058351 0.3156426 0.3786552 -0.0304359 -0.2288759 0.2818722 0.1858650 -0.0482489 0.2004658 -0.2185708 0.6505279 -0.2748913 -0.0584014 0.0755051 0.1952164 0.2114378 0.1802594 0.3899712
0.3201716 0.2261463 -0.1502936 0.2253346 0.4021518 0.4666418 0.4607734 0.3491864 0.7552382 0.9015908 0.6229111 0.3598260 0.2434696 0.6836374 0.0570767 0.4106228 0.0000000 0.0011307 -0.1904641 0.1763256 0.2374682 0.3031238 0.3003755 0.0734620 -0.3676785 -0.0293934 0.6792295 -0.0601011 0.1047903 0.4371590 0.0577215 -0.0966675 0.2254378 0.2484236 -0.3224954 0.1922950 -0.3732124 -0.1798318 0.3775513 0.7327293 -0.0716355 0.2473086 -0.0311735 0.5207019 0.4586584 -0.4157379 -0.4337690 0.0618766 0.5077792 -0.3377508 -0.4933910 0.7512861 0.1767233 0.7092395 -0.1330339 -0.3146840 -0.4102699 0.6609498 0.2664789 -0.4465511 0.5138735 0.3887793 0.1967029 0.6890129 0.3724176 -0.1148801 -0.2454042 0.6084772 0.2037739 0.6980404 -0.0620876 0.3021082 0.2212625 0.4801946 0.2279708 0.5499225 0.3385732 0.2471532 0.1395045 0.2917350 0.1969211 -0.0530964 -0.0226705 0.3120089 0.2041783 0.2358406 0.0980299 0.0235855 0.0344863 0.2361487 -0.2856654 -0.3710555 0.0067100 0.1943489 -0.2059000 -0.2598413 -0.3162816 -0.1025087 -0.1813210 -0.1139015 0.0402620 0.1635848 0.0880307 0.2008477 -0.2083679 -0.1311743 0.0600769 0.3276424 -0.0532995 -0.3416883 -0.4079858 -0.0191661 0.3299165 0.0555947 -0.0961150 0.0344335 -0.0766414 0.1723010 0.0025408 0.1794222 0.1117897 -0.0139788 -0.2248428 -0.0225640 0.2167856 0.1628609 0.1288511 -0.2492687 0.2470115 0.0089480 0.1662281 -0.3576534 -0.0965050 0.3221129 -0.0430249 -0.0537801 0.1660631 0.2012719 0.1334616 0.4861143 -0.6828107 0.2965336 -0.0431320 0.2500452 0.1997612 -0.7082646 0.0991293 0.1068228 -0.5547172 0.3185662 0.2885341 0.0971432 0.1187153 -0.6452940 -0.0600039 0.3422777 0.4337643 -0.0586041 -0.4129414 0.3241022 -0.2828480 0.2818300 0.2084078 0.3836024 0.0979240 -0.5077929 -0.4274566 -0.4016841 -0.4028976 0.0771996 -0.6621365 -0.5652110 -0.0347548 0.1056299 0.2448065 0.3183765 0.4610353 0.0576111 0.4442371 0.2160177 -0.2380992 0.1173665 0.3759422 0.1900150 0.3107927 0.4411033 0.4512651 0.4859140 0.4527954 0.4199095 0.2135008 0.3991819 0.4845003 0.3264234 0.2549150 0.2763731 0.3697139 0.5142788 0.2175596 0.2850331 0.1200429 -0.2398653 0.0006420 0.1005660 -0.1909137 0.5283083 0.2058903 -0.5747553 -0.0364198 0.2635671 0.2568099 -0.1722491 0.5024396 0.2938851 -0.0132650 0.2114345 0.3527646 0.3188273
