0.0000000 0.4530086 0.4351454 0.0956012 0.3946328 0.3853673 0.8146069 0.0707817 0.2340532 0.1457955 -0.0823079 0.6036071 0.0683231 0.2552929 0.4060335 -0.0490107 0.2231005 0.2796724 -0.1586068 0.3070693 0.2447236 -0.0816516 -0.0348246 0.2690404 -0.2715192 -0.1589347 0.1901526 0.1710330 0.2629709 0.2539274 0.1228533 -0.0951480 0.1094021 0.1970720 -0.2009786 -0.0757275 -0.0106091 -0.0980541 0.0261702 0.1055863 0.0052096 0.1923527 -0.0916747 0.0319597 0.3355720 -0.1233374 -0.1784397 0.0494715 0.0382472 -0.1050967 -0.1782667 0.2750084 0.1510412 0.2488130 -0.0027707 -0.0358151 0.1263569 0.0341945 -0.3716425 -0.1108197 0.0154547 -0.1763227 0.1451230 -0.0058276 0.1208590 0.1966759 -0.3008239 -0.0601964 -0.0331945 -0.1881194 -0.1453563 -0.0458850 -0.1083166 0.0731846 -0.1243276 -0.1226263 -0.1048435 -0.1229227 0.0431037 0.2867549 0.2483585 -0.4870988 -0.4022333 -0.3538005 -0.2017593 -0.4319878 -0.2742762 0.1315094 -0.1260453 -0.4616067 -0.1210009 0.2957858 -0.2936932 0.1819198 -0.5238095 -0.1110275 -0.2354052 -0.3986359 -0.5982439 -0.0684244 -0.4977472 -0.4600426 -0.5469519 -0.0839624 -0.1843382 -0.4413788 -0.3972415 -0.3924826 -0.5561905 -0.2986920 -0.4236077 -0.6791626 -0.2982356 -0.2727568 -0.1038073 -0.1641135 -0.2554033 -0.0326816 -0.3105514 -0.4384127 -0.3911479 -0.2389187 0.3206415 -0.0345071 -0.5283055 -0.2726715 -0.4109245 -0.0454891 -0.4488906 -0.3613939 -0.4969865 -0.1382529 -0.2908178 -0.1887415 -0.3302860 -0.0602510 -0.0487456 -0.3324227 -0.0825286 -0.1050506 0.0350627 -0.0413585 -0.5687528 -0.0848893 0.0807222 0.0298601 0.0521280 0.0235612 0.0275799 -0.1970724 -0.3967166 0.1388625 -0.0870085 0.0914352 -0.2155533 0.1469823 -0.1934541 0.0263883 -0.2850146 -0.0482451 0.0153598 -0.2000397 0.0944932 -0.1144340 -0.0665649 0.1304846 0.0694765 0.1149394 -0.1086128 -0.1304475 0.2510948 0.0768289 0.3701373 0.0491980 0.3647705 0.5813131 0.3375892 0.3680975 -0.0797180 -0.4595876 -0.3293757 -0.6366164 -0.4184662 -0.4856722 -0.3186452 -0.1059120 -0.2320305 0.0580621 -0.0161114 0.1191145 -0.4715010 0.4686909 0.5056718 -0.3951229 -0.4586875 -0.2010505 0.0708481 0.7763650 0.4505609 0.0851548 0.1553699 0.0226865 -0.2842679 -0.4774759 0.0534148 0.2269033 0.4751090 -0.1004929 0.1326590 0.3140453 -0.3394241 -0.1647930 0.2397559 0.1926647 -0.0702963 -0.0702305 0.3871374 0.2986135
0.4530086 0.0000000 0.8318470 0.5370013 0.6810594 0.6918778 0.4725738 0.4289708 0.4207751 0.4924259 0.2899854 0.7696133 0.4717918 0.2783785 0.4742945 0.0878995 0.4417373 0.2441884 -0.1760433 0.5704282 0.7098909 0.3479432 0.2006701 0.2382345 -0.2798245 0.0052195 0.2514165 -0.0065717 0.5459326 0.3000683 0.5987574 -0.0032899 0.1888589 0.3848692 -0.0155641 0.5059463 0.1898170 0.0346169 0.0533950 0.1900357 0.1268315 0.5187655 -0.0545833 0.1585449 0.4971864 -0.1840560 -0.1573344 0.1940949 0.3425582 -0.2153379 -0.0654234 0.2419674 0.5146353 0.4376546 0.2288145 -0.0280486 0.2378726 0.4022536 0.1028913 -0.0793547 0.4186691 0.0118462 0.5400630 0.5182019 0.6417836 0.3423128 -0.0221590 0.2660016 0.4103248 0.2531364 0.0824961 0.4971908 0.0804262 0.6496993 0.1699069 0.3020036 0.4915384 0.1464345 0.5074494 0.6167429 0.6500743 -0.1324038 -0.3599161 -0.3149513 -0.4730718 -0.5291176 -0.2199182 -0.5889687 -0.5761013 -0.8675996 -0.5057172 -0.1136567 -0.5320708 -0.4901595 -0.6075445 -0.3939885 -0.5134346 -0.4482900 -0.7395676 -0.4245265 -0.6668965 -0.5108470 -0.6553098 -0.6196188 -0.5477413 -0.6642340 -0.5729189 -0.4979362 -0.6981727 -0.4664082 -0.6150440 -0.7212292 -0.6271359 -0.6159034 -0.5875033 -0.7139814 -0.7069430 -0.5947717 -0.7569936 -0.7069567 -0.7307844 -0.5162520 -0.1940518 -0.5286921 -0.6012427 -0.3448359 -0.7173341 -0.4623223 -0.5327902 -0.6729112 -0.7549009 -0.2181220 -0.6310126 -0.3724545 -0.3263727 -0.5570655 -0.4849885 -0.4043906 -0.3095929 -0.2154842 -0.4740225 -0.5261390 -0.2724947 -0.1151452 -0.1689069 -0.5744653 -0.3645980 -0.1771320 -0.5702093 -0.6731801 -0.2661931 -0.4726501 -0.6670347 -0.4745887 -0.5291543 -0.3491485 -0.0164846 -0.4433913 -0.1886048 0.0698692 -0.3843033 -0.6170167 -0.3685181 0.1347620 -0.7059423 -0.4469030 -0.4900472 -0.4971916 -0.2643927 -0.3204194 -0.4437534 -0.6031537 -0.2056820 -0.4394141 0.2892277 0.1305761 0.4136514 0.1514430 0.2711345 0.1246046 0.2461604 -0.2561272 0.1105359 -0.0955780 0.1900163 0.4923184 0.1569143 0.3423453 0.6452091 0.7418774 -0.5385228 0.4539439 -0.2689604 -0.0398163 -0.1508491 -0.1367222 0.1712360 0.0465277 0.6180400 -0.0771159 -0.1628814 -0.2138484 -0.1483257 -0.1635727 0.4288875 0.4446028 -0.3296083 -0.0072765 -0.0290871 -0.1199335 -0.0383463 -0.2923973 0.4487871 0.4968246 0.0269091 0.2206639 0.3818378 -0.0280473
0.4351454 0.8318470 0.0000000 0.5716832 0.9181129 0.5487648 0.4148416 0.6718832 0.3159837 0.4635569 0.3916108 0.6417105 0.7205716 0.3381665 0.4198733 0.1587535 0.4928298 0.2266295 -0.1140067 0.5077543 0.4588072 0.3557096 0.2646162 0.1731705 -0.2128488 0.0179645 0.3019173 -0.0244563 0.4369531 0.3249965 0.6542051 0.0547760 0.1407054 0.3236049 0.0177951 0.2595976 0.2684082 0.1015751 -0.0388166 0.1294614 0.0469714 0.5105769 -0.0690697 0.1179951 0.5928131 -0.1920073 -0.1522907 0.1911033 0.2943056 -0.1602099 -0.0324524 0.1525585 0.4530755 0.4867056 0.3588971 0.0512171 0.3479099 0.4060382 0.0186396 -0.0350712 0.5404507 0.0837170 0.7475813 0.5473391 0.6806007 0.5168116 0.0796092 0.3225664 0.6260605 0.3391022 0.2063737 0.4449771 0.1480411 0.7176510 0.3153027 0.3918808 0.4980396 0.3007373 0.5761458 0.6325986 0.8058574 -0.4491095 -0.4348709 -0.4612824 -0.5148888 -0.5433067 -0.0564603 -0.6295909 -0.5778732 -0.8942637 -0.3391251 0.0022657 -0.5704132 -0.6435519 -0.4675066 -0.2601510 -0.5327141 -0.4785296 -0.5730595 -0.6208202 -0.6020155 -0.4806492 -0.7177931 -0.5869225 -0.4301003 -0.5093505 -0.6030223 -0.5117725 -0.5749379 -0.3861670 -0.4095059 -0.6899385 -0.6095536 -0.5241394 -0.4915641 -0.7089125 -0.6108329 -0.6203204 -0.7711810 -0.7309579 -0.6618644 -0.4353326 -0.4323685 -0.5850673 -0.6279086 -0.3735127 -0.5911752 -0.6673259 -0.5642860 -0.6117418 -0.6699518 -0.4734189 -0.7287179 -0.6395517 -0.4413082 -0.6829040 -0.5490193 -0.5194931 -0.4433716 -0.4076184 -0.5861365 -0.6504055 -0.2975784 -0.3637424 -0.4007257 -0.6708198 -0.5018283 -0.3615333 -0.6232031 -0.7042987 -0.4536286 -0.6199864 -0.6126001 -0.5623785 -0.5330290 -0.5365965 -0.2349794 -0.5150863 -0.2391439 -0.1171992 -0.3126665 -0.5935692 -0.5458625 0.0174676 -0.5370197 -0.6236748 -0.6061114 -0.5317296 -0.3878475 -0.5083929 -0.4579600 -0.5579524 -0.3342074 -0.4582498 0.1020073 0.1046340 0.3988806 0.2885380 0.2342682 0.0654748 0.1341967 -0.3487699 -0.0101483 -0.1838606 0.1474894 0.6182752 0.2192028 0.5532816 0.6917784 0.6394089 -0.6586956 0.3735249 -0.2074454 -0.2296538 -0.2931803 -0.2808708 -0.0467837 0.0491308 0.7352243 -0.1759490 -0.2649844 -0.4028866 -0.2670149 -0.4055178 0.5841178 0.5716618 -0.2937097 -0.1739389 -0.2177716 -0.2753938 -0.3223488 -0.5790019 0.5865430 0.4019707 -0.1692455 0.1080450 0.3817065 -0.1099037
0.0956012 0.5370013 0.5716832 0.0000000 0.5875713 0.8883403 0.1583450 0.8966571 0.8796367 0.9444688 0.9332427 0.5922397 0.8562671 0.8443292 0.8471202 0.8318025 0.9424358 0.7704658 0.6763735 0.6609111 0.4240779 0.8724077 0.8625039 0.6895658 0.5830971 0.7727135 0.8231596 0.3887746 0.9003928 0.7132523 0.9018879 0.6737252 0.6738213 0.8633465 0.7607516 0.6254394 0.8388561 0.8018800 0.6402071 0.6852168 0.7081227 0.8979110 0.6624936 0.7180261 0.8639190 0.5942257 0.6283291 0.8043589 0.8545009 0.5096139 0.7081992 0.6687017 0.8703958 0.9358063 0.8264720 0.7046177 0.8002189 0.9237526 -0.3158832 0.6703558 0.6863172 0.8128249 0.8079599 0.9237997 0.8075111 0.7060633 0.7668056 0.8903494 0.8338334 0.9033760 0.8163520 0.8805183 0.8215597 0.8436670 0.8094617 0.8199801 0.7834461 0.8581234 0.8308550 0.0313324 0.6324907 -0.1305091 0.0095827 -0.1066708 -0.1466991 -0.5140528 -0.1080064 -0.3996012 -0.5407914 -0.4216782 -0.3127192 0.0334297 -0.4494314 -0.7674432 -0.1945963 -0.1265061 -0.3381294 -0.3649490 -0.3434077 -0.7450962 -0.6667909 -0.4115264 -0.3983342 -0.8565745 -0.4563606 -0.3310944 -0.1873818 0.0063415 -0.6204673 -0.0042791 -0.2616774 -0.1730337 -0.0033108 -0.1152869 -0.2024599 -0.2513944 -0.2126745 -0.4494993 -0.3037194 -0.2924450 -0.1600007 -0.1881010 -0.0963589 -0.0732731 -0.0306279 -0.7543630 -0.2679511 -0.3632885 -0.5767465 -0.1593285 -0.2722044 -0.6190909 -0.6780267 -0.3589046 -0.8253110 -0.6437232 -0.6988028 -0.5953397 -0.5625028 -0.6551338 -0.8678366 -0.8703788 -0.2028861 -0.6001320 -0.7524877 -0.6179666 -0.8005288 -0.7470985 -0.8866229 -0.7835304 -0.2950253 -0.7166219 -0.6903885 -0.8205416 -0.7187068 -0.5515834 0.0360836 -0.8561403 -0.1170840 0.1100573 -0.8182228 -0.5819430 -0.4599400 0.3022843 -0.7185485 -0.5995312 -0.5543381 -0.6498337 -0.1628692 -0.2673640 -0.6839662 -0.4537724 -0.5285496 -0.6077751 -0.5244939 -0.4721991 -0.0707343 -0.3751920 -0.3099185 -0.2212529 -0.2639428 -0.4846172 -0.3502049 -0.3415652 -0.1856647 0.5715516 -0.1943120 0.0206608 0.7176922 0.8137478 -0.4460981 -0.2121956 -0.7603373 -0.4140477 -0.5076665 -0.6555498 -0.4727399 -0.4196545 0.1913730 -0.7091972 -0.1167441 -0.0157510 0.1896847 -0.0435873 0.2012279 0.3010480 -0.4823089 0.1990086 0.1108628 -0.0601367 0.2450300 -0.5749797 0.0128698 0.5847645 -0.0954321 0.1503417 0.5136349 -0.3083031
0.3946328 0.6810594 0.9181129 0.5875713 0.0000000 0.5205775 0.2470832 0.7306996 0.3243844 0.4309157 0.4347489 0.5010755 0.7749160 0.3688451 0.4001593 0.2837520 0.5164272 0.3459298 0.0404300 0.4351281 0.3092433 0.4580193 0.3818450 0.3400821 -0.0648599 0.1454654 0.2989566 0.1883354 0.4500337 0.4573028 0.7058036 0.1566541 0.3379196 0.4195364 0.1964280 0.2097886 0.3586047 0.2194331 0.1445633 0.2972741 0.2078719 0.5665061 0.1127513 0.3060319 0.5921791 -0.0824839 -0.0024808 0.3442389 0.4096427 -0.0227097 0.1429909 0.2739007 0.4676581 0.5423226 0.4654521 0.1653531 0.4574637 0.4823149 -0.0992912 0.1314015 0.5395312 0.2137572 0.8257969 0.5276152 0.6743600 0.6247600 0.1716155 0.4305541 0.7118904 0.4022191 0.3039561 0.3708040 0.2424866 0.6853547 0.4139668 0.4480797 0.4442663 0.3641506 0.5773844 0.5131746 0.8344514 -0.5849684 -0.4437592 -0.4442397 -0.3962565 -0.5327355 -0.0484883 -0.6200810 -0.5449085 -0.8318572 -0.3711979 -0.0560246 -0.6052087 -0.6023765 -0.4108419 -0.2230946 -0.5562535 -0.5547320 -0.5486066 -0.5954071 -0.5983800 -0.5321742 -0.6930885 -0.5208726 -0.4268705 -0.4507935 -0.5008012 -0.4893314 -0.5712235 -0.2725873 -0.3923050 -0.5639468 -0.4368002 -0.4515808 -0.3615310 -0.5846974 -0.5402801 -0.4895243 -0.6025986 -0.6012792 -0.5613146 -0.4518566 -0.4224437 -0.4475979 -0.4967771 -0.4351337 -0.5643029 -0.6223791 -0.4982194 -0.5224086 -0.6025425 -0.5436328 -0.7258355 -0.5913095 -0.5182826 -0.7138100 -0.5603243 -0.5025435 -0.5458425 -0.4701577 -0.6860870 -0.7051405 -0.2589829 -0.4554852 -0.4289222 -0.6188470 -0.5954421 -0.4613674 -0.6299045 -0.7263091 -0.4379690 -0.6204316 -0.6303511 -0.6181946 -0.6480286 -0.5669649 -0.2640644 -0.5178087 -0.1853458 -0.1589256 -0.3216074 -0.6719536 -0.5284524 0.0445193 -0.5367666 -0.5782194 -0.6246273 -0.5538604 -0.5695746 -0.6336266 -0.5085515 -0.6261174 -0.3165990 -0.4670668 -0.0861857 0.0787302 0.4146265 0.2848973 0.2083330 0.0178233 0.0373587 -0.4528588 -0.1417295 -0.3394092 0.0437708 0.6759215 0.2438020 0.6739406 0.6629184 0.5287062 -0.5252855 0.3090389 -0.1767601 -0.2335316 -0.3326185 -0.3282884 -0.2031969 -0.0623290 0.6679763 -0.2498046 -0.2961264 -0.3766879 -0.2870498 -0.5391116 0.4549822 0.5275582 -0.3285761 -0.3074857 -0.2204218 -0.2802186 -0.3557408 -0.6265533 0.6437239 0.2507046 -0.2669530 0.0822015 0.3717279 -0.2550929
0.3853673 0.6918778 0.5487648 0.8883403 0.5205775 0.0000000 0.3736938 0.6827248 0.9207155 0.9175106 0.7519236 0.7571195 0.6567007 0.7832052 0.8888306 0.6879152 0.8851075 0.7762007 0.4835997 0.6596212 0.5936622 0.7230103 0.7337702 0.7330322 0.3524040 0.6232270 0.7368806 0.3946268 0.9565417 0.6719295 0.7946168 0.4799759 0.6858879 0.8939722 0.5709784 0.6791963 0.6466100 0.6171424 0.6392617 0.7058564 0.6509355 0.8841334 0.5503562 0.6984767 0.8573070 0.4423058 0.4344927 0.7127566 0.8307022 0.3213492 0.5103133 0.7387473 0.9035540 0.8933621 0.6173087 0.5179208 0.6302545 0.8564137 -0.3073423 0.4860307 0.6122546 0.6086222 0.6245599 0.8437315 0.7926238 0.5596884 0.4812645 0.7401507 0.6008835 0.7229687 0.5737638 0.8471338 0.6374016 0.7931528 0.5810868 0.6609740 0.7318135 0.6122127 0.7360814 0.1327443 0.5923000 -0.1377056 -0.0467280 -0.0623490 -0.1180848 -0.5253964 -0.3060967 -0.3191275 -0.4905073 -0.5092824 -0.4115861 -0.0333125 -0.4558493 -0.5148214 -0.3888228 -0.2986205 -0.3810418 -0.4174776 -0.5867318 -0.5174676 -0.7921396 -0.5109909 -0.4412566 -0.7761854 -0.5368416 -0.5149267 -0.2103720 -0.1059788 -0.7991244 -0.0706224 -0.4831579 -0.3618278 -0.1102938 -0.1929330 -0.2120626 -0.2871679 -0.2955718 -0.3535883 -0.3414851 -0.3582328 -0.2803536 -0.2454683 0.0289996 -0.0649875 -0.1394770 -0.7813752 -0.4509397 -0.2559052 -0.6024415 -0.2887125 -0.4133091 -0.4857888 -0.6104210 -0.2847565 -0.7399074 -0.5540392 -0.5781239 -0.5190694 -0.4065168 -0.5500567 -0.7111612 -0.7297374 -0.3706339 -0.4559987 -0.5057800 -0.5455461 -0.6071100 -0.5307209 -0.7395453 -0.7785230 -0.3030414 -0.5343536 -0.6729471 -0.6638052 -0.7403774 -0.3804251 0.0816661 -0.7427277 -0.1250248 0.2039945 -0.7805594 -0.5908857 -0.2625372 0.3306069 -0.7645179 -0.3806105 -0.3958089 -0.5159236 -0.1397739 -0.1712338 -0.5522575 -0.4232829 -0.2773159 -0.5225832 -0.2894969 -0.2652295 0.0344470 -0.3200167 -0.2731309 -0.3059150 -0.2534219 -0.5641508 -0.3445586 -0.3641860 -0.1847738 0.4673939 -0.1826553 -0.0365072 0.6714157 0.8581669 -0.5135198 0.0042846 -0.5482023 -0.4082631 -0.5565823 -0.6081822 -0.3449805 -0.1375501 0.2249676 -0.5972188 -0.1073238 -0.0367259 0.0584989 -0.1445481 0.1117759 0.2529062 -0.3166052 0.1849642 0.1287195 0.0078839 0.2040720 -0.4530848 0.0230022 0.6371849 -0.0045806 0.1217568 0.5749257 -0.1943345
0.8146069 0.4725738 0.4148416 0.1583450 0.2470832 0.3736938 0.0000000 0.0583167 0.2744911 0.1888478 -0.0134649 0.6936592 0.0114041 0.3643378 0.4384415 -0.0262928 0.2528243 0.2739022 -0.1523321 0.2292476 0.3070272 -0.1264830 -0.0077392 0.2126071 -0.2764807 -0.0950519 0.3088005 0.1510006 0.2382512 0.3185858 0.1447690 -0.1090734 0.0219001 0.1420319 -0.1806264 -0.0007617 0.0138786 -0.1034483 -0.0403317 0.0617224 -0.1402372 0.0652586 -0.1709948 -0.0094429 0.2417334 -0.1078265 -0.1297259 -0.0598344 0.0241524 -0.1147287 -0.1795297 0.1384657 0.1312526 0.1707455 -0.0718721 -0.0617732 0.0281614 0.0721036 -0.4799266 -0.1576529 -0.0845083 -0.1332174 0.0803098 0.0951760 0.1610797 -0.0232297 -0.2015841 0.0117497 -0.0945206 -0.1274503 -0.1763348 0.0703544 -0.0280390 0.1195297 -0.1811743 -0.1451486 -0.0798549 -0.1189360 0.0601285 0.3089824 0.2096438 -0.1687102 -0.2935698 -0.4651959 -0.3099220 -0.4923800 -0.1448953 0.2011490 -0.2024224 -0.3826549 -0.0380395 0.4110686 -0.3706395 -0.0037204 -0.3923568 -0.0318325 -0.2404063 -0.4080294 -0.4827765 -0.2085380 -0.3087759 -0.4501146 -0.6032147 -0.2389732 -0.1551469 -0.3725346 -0.5352817 -0.3507132 -0.4596689 -0.4016607 -0.2479297 -0.6281000 -0.3714735 -0.3129415 -0.3183465 -0.2673088 -0.3098612 -0.4028451 -0.4993203 -0.6040375 -0.4411648 -0.1975671 0.2871615 -0.1474563 -0.6672249 -0.2322521 -0.3584008 -0.1265078 -0.6190055 -0.4021930 -0.5336479 -0.1560116 -0.4490639 -0.0606324 -0.4292756 -0.0616486 -0.2470075 -0.5662635 -0.2877681 0.0503159 0.0530187 -0.0818361 -0.3485250 0.0093241 -0.0671177 0.0692864 -0.0593586 -0.0643883 -0.0930101 -0.1439522 -0.1878274 0.1580721 -0.1994513 0.1010874 -0.0305853 0.2262174 0.0120858 0.0483420 -0.1756170 0.1898142 -0.0433580 -0.0562290 0.0840776 0.0472212 -0.0978324 0.0247642 0.1027059 0.0315904 0.1604665 0.1430990 0.2282744 0.1492544 0.2204177 -0.0090993 0.4824889 0.5901893 0.4094395 0.3935828 0.0327809 -0.2149527 -0.1096174 -0.5469882 -0.4493336 -0.4964451 -0.4252590 -0.0893101 -0.4402712 -0.2700063 0.0350118 0.1843660 -0.5150629 0.4151684 0.3080512 -0.2271100 -0.3280419 -0.0775712 0.0371572 0.7348561 0.5268227 0.0070457 0.3655845 0.2638844 0.0328353 -0.2497891 0.0067288 0.1900644 0.2783538 0.1779614 0.2616710 0.5205140 -0.1323990 -0.0332662 -0.0253749 0.3054599 -0.0064613 0.0309303 0.3112573 0.4523943
0.0707817 0.4289708 0.6718832 0.8966571 0.7306996 0.6827248 0.0583167 0.0000000 0.6610216 0.7925498 0.8954237 0.4126319 0.9707467 0.7097742 0.6672234 0.7691651 0.8347758 0.5973521 0.6009735 0.5144585 0.2238887 0.7873092 0.7668138 0.5033547 0.5295208 0.6556713 0.6830204 0.2764910 0.6955575 0.5710301 0.8295840 0.6253406 0.5151806 0.6837379 0.6606049 0.4039823 0.7769991 0.7461694 0.4425744 0.4939460 0.5857526 0.8311967 0.5360609 0.5683121 0.8393651 0.4839330 0.5234628 0.7382545 0.6961556 0.4663073 0.6259736 0.4612320 0.7164731 0.8362365 0.8569888 0.6610947 0.7849180 0.7841949 -0.2444006 0.5783809 0.7752406 0.7433784 0.9077705 0.8264389 0.7736295 0.7682697 0.7228146 0.7990232 0.9508351 0.8416023 0.7915293 0.7361981 0.7579155 0.8254439 0.8278112 0.8132136 0.7346838 0.8743942 0.7914923 0.0977825 0.6705636 -0.3756148 -0.0514666 -0.1712502 -0.2265815 -0.4511123 0.0753177 -0.4862866 -0.5446301 -0.4648142 -0.2049493 0.1588470 -0.4099044 -0.7896124 -0.1005720 -0.0367194 -0.3391553 -0.3132465 -0.1896383 -0.7698526 -0.5919706 -0.3085237 -0.3666554 -0.7387836 -0.3366918 -0.1805949 -0.2182934 0.0299180 -0.4477728 0.0746325 -0.1289164 -0.1275988 -0.0576685 -0.1046727 -0.1758794 -0.2838504 -0.1780283 -0.4174336 -0.3100006 -0.3029391 -0.1640865 -0.2055368 -0.2452438 -0.1831168 -0.0846867 -0.6035726 -0.2012914 -0.5378121 -0.4781601 -0.1543048 -0.2462125 -0.7389132 -0.6700745 -0.5176070 -0.7394346 -0.6893297 -0.6802111 -0.5655387 -0.5864439 -0.6568875 -0.8410101 -0.8214099 -0.1811440 -0.6273179 -0.8055206 -0.6537651 -0.8230583 -0.7713890 -0.8307261 -0.7099948 -0.3230899 -0.7635807 -0.5765762 -0.8057953 -0.6862870 -0.6475641 -0.1777942 -0.7811703 -0.1480827 -0.0352692 -0.6659796 -0.5338981 -0.5525039 0.1523702 -0.5606436 -0.6835436 -0.6303093 -0.6795730 -0.3107649 -0.4543914 -0.6655836 -0.4529693 -0.6231298 -0.5765904 -0.5730866 -0.4521756 -0.0809492 -0.2408608 -0.2275537 -0.1761191 -0.2476932 -0.4177597 -0.2778550 -0.2844775 -0.0823326 0.6807830 -0.0186065 0.2647893 0.7348597 0.6937521 -0.4870014 -0.1729554 -0.6420213 -0.4471934 -0.4848218 -0.6255789 -0.4904021 -0.3971221 0.2533707 -0.6232168 -0.2054951 -0.2376315 0.0110162 -0.2201484 0.4087197 0.5008132 -0.4643304 -0.0207192 -0.0889346 -0.2398992 -0.0208676 -0.6875378 0.2162203 0.4957850 -0.2291453 0.0726438 0.5456042 -0.2859053
0.2340532 0.4207751 0.3159837 0.8796367 0.3243844 0.9207155 0.2744911 0.6610216 0.0000000 0.9327059 0.8089677 0.5856381 0.5942169 0.8551857 0.9115342 0.7673734 0.8839555 0.8521296 0.6561029 0.6228959 0.4423861 0.7320506 0.7582068 0.7715950 0.5663895 0.7302166 0.8432823 0.4369827 0.9469070 0.6356504 0.7563582 0.5848302 0.7201432 0.9186906 0.6924146 0.6396681 0.7269409 0.7222413 0.7064294 0.7267595 0.7036307 0.8361373 0.6349349 0.7589819 0.8134823 0.6089119 0.6005119 0.7319959 0.8593547 0.4715252 0.6310801 0.7267762 0.8815376 0.8849246 0.6497067 0.6224041 0.6508677 0.8830506 -0.3884438 0.5889356 0.5990656 0.7300814 0.5152785 0.8265149 0.7011025 0.4803060 0.6309590 0.7830579 0.5407149 0.7875617 0.6718927 0.8470854 0.7514784 0.6970988 0.5930675 0.6519921 0.6886714 0.7087469 0.6628042 -0.0942281 0.4465987 -0.1080017 0.1746753 0.0864611 0.0541440 -0.4024661 -0.1812173 -0.1252211 -0.3454970 -0.2182724 -0.2226452 0.1193247 -0.3597851 -0.5289555 -0.1598141 -0.1306976 -0.1860941 -0.2946687 -0.3899023 -0.5761561 -0.6299552 -0.3599463 -0.2566146 -0.7515595 -0.4203715 -0.3615945 -0.0549876 0.1442890 -0.6686417 0.1042338 -0.3152676 -0.1245080 0.0453555 -0.0402081 -0.1018610 -0.1240348 -0.1066141 -0.2580828 -0.1777028 -0.1804549 -0.0573854 -0.1128184 0.1710024 0.0268680 0.0441952 -0.8194140 -0.2194656 -0.1391362 -0.5485369 -0.1009212 -0.1973477 -0.5580974 -0.5191523 -0.2593971 -0.7748095 -0.4864753 -0.5848259 -0.4659405 -0.3927659 -0.5817896 -0.6973418 -0.7043590 -0.2036411 -0.4620708 -0.5824579 -0.4227293 -0.6113719 -0.6133552 -0.7142154 -0.6399106 -0.1868715 -0.4475940 -0.5487565 -0.6506496 -0.6200249 -0.3102057 0.2287278 -0.7116673 0.0307006 0.2939910 -0.7830403 -0.3895844 -0.1968070 0.4274967 -0.6090849 -0.3252620 -0.3324904 -0.4472140 -0.0211749 -0.0187179 -0.5170132 -0.2779476 -0.2843697 -0.4344489 -0.4521327 -0.3862441 -0.1244351 -0.4601950 -0.3921545 -0.3116174 -0.3173254 -0.4867980 -0.4202514 -0.3555454 -0.2394485 0.3836947 -0.2561907 -0.2099687 0.5708696 0.7345533 -0.4043412 -0.1836154 -0.5885375 -0.4459697 -0.5899869 -0.6586543 -0.4582022 -0.2204169 0.0156464 -0.6949472 0.0487924 0.0810680 0.1557650 -0.1031773 -0.0041998 0.0724653 -0.2694685 0.4064498 0.2919128 0.1293227 0.2504794 -0.4182622 -0.1678847 0.5990856 0.0774696 0.2010955 0.5908094 -0.1911476
0.1457955 0.4924259 0.4635569 0.9444688 0.4309157 0.9175106 0.1888478 0.7925498 0.9327059 0.0000000 0.9161128 0.5692543 0.7688710 0.8188138 0.8403638 0.8137898 0.9501921 0.7250591 0.6566370 0.6951330 0.3984278 0.8170794 0.8276793 0.6129956 0.5706431 0.7661897 0.8521131 0.2441583 0.9023254 0.6042719 0.8279947 0.6681034 0.5914781 0.8515960 0.7017175 0.5769385 0.8133819 0.7818769 0.6108252 0.6200363 0.7120119 0.8924323 0.6306990 0.6449272 0.9093765 0.6153888 0.5767728 0.7715626 0.8075088 0.4864346 0.6192667 0.6567210 0.8762309 0.9464924 0.7611242 0.6793639 0.7427872 0.9125461 -0.2686280 0.6023205 0.7301408 0.7750972 0.6954751 0.9074272 0.7633088 0.6295754 0.7122080 0.8579212 0.7270123 0.8844812 0.7699350 0.9112463 0.8192955 0.8007353 0.7242604 0.8124018 0.7897300 0.8108745 0.8224745 -0.0202566 0.5645526 -0.1342722 0.0412999 -0.0016391 -0.1000087 -0.4682464 -0.2269340 -0.2661542 -0.4777744 -0.3286888 -0.3032284 0.0312037 -0.3578252 -0.6162307 -0.2197551 -0.2376822 -0.3169493 -0.2777975 -0.3641270 -0.6356911 -0.6927559 -0.3502460 -0.3151116 -0.7693477 -0.4729931 -0.3866528 -0.0968658 0.0872783 -0.6789908 0.0521479 -0.3128403 -0.1825469 0.0192276 -0.0226563 -0.0908766 -0.1850621 -0.1171686 -0.2897834 -0.2383662 -0.2186717 -0.0723874 -0.0813653 -0.0244645 -0.0031299 0.0706523 -0.8051272 -0.2121853 -0.2375690 -0.5464531 -0.1102450 -0.2007194 -0.5299885 -0.5488386 -0.3607068 -0.7320481 -0.5448242 -0.6022255 -0.5050375 -0.3932508 -0.6811090 -0.7532074 -0.7761006 -0.3168265 -0.5565176 -0.6700115 -0.5942767 -0.6698582 -0.6518309 -0.7900939 -0.7446494 -0.3408947 -0.6098679 -0.5893205 -0.7260429 -0.7102370 -0.4456385 0.0333149 -0.8246493 -0.1471596 0.1244525 -0.8367830 -0.5369653 -0.3149194 0.2903051 -0.6618617 -0.4328734 -0.4285722 -0.5370195 -0.1123678 -0.1912865 -0.5936019 -0.3471177 -0.4096690 -0.4951729 -0.5036283 -0.4826402 -0.1957585 -0.4681906 -0.4447907 -0.3587305 -0.3402344 -0.4454564 -0.3218896 -0.2375795 -0.1483880 0.4535253 -0.2094861 -0.1084251 0.6514962 0.8082881 -0.5486494 -0.2156175 -0.6921916 -0.5491375 -0.6362848 -0.7442450 -0.4728026 -0.3104345 0.0629173 -0.7102881 -0.1371286 -0.0713891 0.0782497 -0.0766845 0.1276468 0.2093686 -0.3273032 0.2326300 0.0837362 -0.0761714 0.1943820 -0.5453227 -0.0728636 0.5973578 0.0078541 0.0843764 0.5388455 -0.3075433
-0.0823079 0.2899854 0.3916108 0.9332427 0.4347489 0.7519236 -0.0134649 0.8954237 0.8089677 0.9161128 0.0000000 0.3386970 0.8499235 0.7807766 0.7045634 0.9233935 0.9160297 0.6591128 0.8031055 0.5376795 0.1745407 0.8836141 0.9142290 0.5558374 0.7392633 0.8847075 0.8231855 0.2742317 0.7667365 0.6130631 0.8215083 0.7864858 0.5672115 0.7672372 0.8520093 0.4564667 0.9049581 0.9000071 0.6261690 0.6083466 0.7618376 0.8387291 0.7358267 0.6490511 0.8304388 0.7271370 0.7336796 0.8514525 0.7720803 0.6511891 0.7772782 0.5930231 0.7620118 0.9011380 0.8843145 0.8019822 0.8249838 0.8834881 -0.3224429 0.7368459 0.7270472 0.9152847 0.7761835 0.8725309 0.7050907 0.6877115 0.8837247 0.9286355 0.8653241 0.9528861 0.8841672 0.8355535 0.9281551 0.7583773 0.8631315 0.8742641 0.7377631 0.9232915 0.8006335 -0.1504607 0.4971489 -0.1104931 0.1299945 0.0317749 -0.0347960 -0.3606140 0.0067412 -0.2765756 -0.4276255 -0.1826848 -0.1646322 0.1142145 -0.2579463 -0.6700443 0.0247406 -0.0435595 -0.2630231 -0.1759223 -0.0761148 -0.6634571 -0.5082644 -0.2049825 -0.1883795 -0.6906494 -0.3088631 -0.1158513 0.0206839 0.2495032 -0.4355511 0.2264840 -0.0443037 0.0746206 0.2039510 0.1384609 0.0221802 -0.0509389 0.0486205 -0.2562954 -0.0872139 -0.0679047 0.1026329 0.0254411 -0.0958678 0.0564077 0.2152056 -0.6968638 -0.0015206 -0.2495328 -0.4084192 0.0767924 -0.0224724 -0.5753943 -0.4963522 -0.2755520 -0.7261080 -0.4927474 -0.6005614 -0.5013823 -0.4762402 -0.6398755 -0.7609909 -0.7550370 -0.1317278 -0.5857548 -0.7818824 -0.5112591 -0.7558950 -0.7279577 -0.7749236 -0.6277356 -0.2220689 -0.6323647 -0.5107296 -0.7178768 -0.6427494 -0.4549206 0.0096759 -0.7645761 -0.0678460 0.1109176 -0.7634553 -0.4646003 -0.3217439 0.3001535 -0.5444414 -0.4679589 -0.4172584 -0.5638279 -0.1302093 -0.2273405 -0.5994610 -0.3009980 -0.5957013 -0.5568093 -0.7047175 -0.6136515 -0.2887369 -0.4969509 -0.4385509 -0.3009988 -0.3594694 -0.3747527 -0.3428140 -0.2447809 -0.1892297 0.5218733 -0.2039296 -0.0695149 0.6258920 0.6844120 -0.4156540 -0.3742224 -0.7757290 -0.5165169 -0.5663768 -0.7281547 -0.5824087 -0.4943424 -0.0431282 -0.7424642 -0.1196291 -0.0275059 0.2067122 -0.0213038 0.1266044 0.2543810 -0.4326368 0.1156829 0.0335052 -0.1043214 0.2308356 -0.5519121 -0.0893646 0.4669855 -0.1193232 0.0632612 0.5254209 -0.3034316
0.6036071 0.7696133 0.6417105 0.5922397 0.5010755 0.7571195 0.6936592 0.4126319 0.5856381 0.5692543 0.3386970 0.0000000 0.3549235 0.6438206 0.7667026 0.2823254 0.6246525 0.6146056 0.0835907 0.4569148 0.8072679 0.2646855 0.3485401 0.5263871 -0.0804606 0.1804186 0.5080197 0.3341830 0.7045316 0.5806450 0.4428731 0.0955876 0.4223510 0.5859137 0.1347582 0.6188220 0.2855410 0.2043918 0.2205565 0.4111065 0.1380741 0.5802811 0.1167045 0.3748606 0.5911546 0.0653862 0.0425469 0.2720672 0.5177866 -0.0773647 0.1082582 0.4590626 0.6452393 0.5773482 0.2325499 0.1553908 0.3082238 0.5308609 -0.3300739 0.1175319 0.2686892 0.1524565 0.3944480 0.5931611 0.6085777 0.3006291 0.0818890 0.3792220 0.2633283 0.3583177 0.1926554 0.5526144 0.2488789 0.5999646 0.2322001 0.3702198 0.4909661 0.2773981 0.5701214 0.5243865 0.5814810 -0.1742758 -0.3633804 -0.4373747 -0.3723019 -0.6611542 -0.4355886 -0.3141536 -0.5194771 -0.6707625 -0.4449699 -0.0775930 -0.6279282 -0.4424181 -0.5427417 -0.3160619 -0.5030603 -0.6488267 -0.6703664 -0.5083647 -0.6798327 -0.7116517 -0.6908179 -0.6348377 -0.6012524 -0.6144214 -0.5461576 -0.5139745 -0.7350602 -0.4433413 -0.5440303 -0.6813968 -0.3403463 -0.4096457 -0.4105501 -0.4312987 -0.5151181 -0.5461654 -0.5513694 -0.6351977 -0.5626685 -0.3504197 0.0046991 -0.1278866 -0.5376104 -0.3715162 -0.6124494 -0.3510859 -0.5802418 -0.4634220 -0.5839789 -0.3327263 -0.6600373 -0.1671451 -0.5990956 -0.4481519 -0.3952383 -0.4840484 -0.3595215 -0.1598983 -0.4455598 -0.4687302 -0.4571340 -0.1958702 -0.2032114 -0.4271762 -0.3585271 -0.3037470 -0.5536363 -0.5928533 -0.2994476 -0.3253660 -0.5190370 -0.4185092 -0.5033431 -0.2813062 -0.0675224 -0.5362731 -0.3230591 0.1300779 -0.5137485 -0.4693383 -0.2998337 0.0908433 -0.5941145 -0.3898626 -0.3476764 -0.3883639 -0.0632304 -0.1109559 -0.3428847 -0.3154470 0.0670854 -0.2145094 0.2748829 0.2421394 0.4850954 0.2216067 0.0597868 -0.1681841 -0.0690069 -0.6333661 -0.3569350 -0.4756087 -0.2845599 0.2811950 -0.2845994 -0.0471157 0.5036202 0.6943156 -0.4218839 0.4146856 -0.1962033 -0.1032117 -0.1900140 -0.1364402 0.0928251 0.2752038 0.6646244 -0.1413668 -0.1588038 0.0152914 -0.0068147 -0.0643427 0.0833595 0.1880540 -0.0729960 0.2153458 0.0244320 0.1216288 0.0512105 -0.1490816 -0.0431748 0.6780731 0.0050814 -0.0867447 0.3234760 0.0105868
0.0683231 0.4717918 0.7205716 0.8562671 0.7749160 0.6567007 0.0114041 0.9707467 0.5942169 0.7688710 0.8499235 0.3549235 0.0000000 0.6133893 0.5788693 0.6938403 0.7849117 0.4919169 0.5063316 0.5693161 0.1496072 0.7913545 0.7181176 0.4201262 0.4470105 0.5890085 0.6094711 0.1755046 0.6374392 0.5163505 0.8558587 0.5976829 0.4479762 0.6192456 0.5809495 0.3124864 0.7318017 0.6865113 0.4011073 0.4274836 0.5763110 0.8006746 0.4864567 0.4986631 0.8353928 0.4058287 0.4331271 0.7038708 0.6311974 0.4178588 0.5455615 0.4127947 0.6721719 0.8049804 0.8376844 0.6111295 0.7649829 0.7409536 -0.1111442 0.5182265 0.7884774 0.6809590 0.9461357 0.7823370 0.7517989 0.8119981 0.6586775 0.7545741 0.9691849 0.7855207 0.7566780 0.6980064 0.6893486 0.8099450 0.8056402 0.7855647 0.7132476 0.8125230 0.7801775 0.1028147 0.7042113 -0.3942469 -0.1392649 -0.2082567 -0.3019274 -0.4721313 0.0033222 -0.5165900 -0.5854540 -0.5414828 -0.2843782 0.0691929 -0.4039698 -0.7423064 -0.2191096 -0.1466892 -0.3696200 -0.2968413 -0.2788137 -0.6976030 -0.6414082 -0.3108731 -0.4026645 -0.7148261 -0.3563655 -0.2588359 -0.2523883 -0.0486667 -0.4943354 -0.0107953 -0.2134727 -0.2045540 -0.1419309 -0.1738460 -0.2124952 -0.3458095 -0.2390429 -0.4062121 -0.3637363 -0.3380417 -0.2231386 -0.2631971 -0.3239683 -0.2318293 -0.1071386 -0.6435504 -0.2730102 -0.5618870 -0.5171259 -0.2391309 -0.3178203 -0.6774156 -0.6686750 -0.6218568 -0.6744923 -0.7332807 -0.6886058 -0.5815165 -0.5696067 -0.7555762 -0.8479227 -0.8537360 -0.2722990 -0.6915235 -0.8063372 -0.7363389 -0.8101939 -0.7478786 -0.8228135 -0.7845702 -0.4510840 -0.8316510 -0.6341202 -0.8209785 -0.7240852 -0.7084057 -0.2735925 -0.7947745 -0.2335610 -0.1763065 -0.6548427 -0.6287747 -0.6112960 0.0492583 -0.6040646 -0.6955416 -0.6720206 -0.6887467 -0.3958062 -0.5681174 -0.6744562 -0.5239175 -0.6270700 -0.5874005 -0.5579633 -0.4555224 -0.1211647 -0.2544695 -0.2563572 -0.1829593 -0.2309121 -0.3606565 -0.1722911 -0.1823695 0.0226488 0.6653162 0.0637731 0.3713932 0.7178956 0.6732263 -0.5717496 -0.1885991 -0.6161200 -0.4969027 -0.5374289 -0.6787559 -0.5226235 -0.4178353 0.2537161 -0.6395190 -0.2575853 -0.3293360 -0.0964881 -0.2897028 0.4913295 0.5815818 -0.4900555 -0.1381199 -0.1561459 -0.3513765 -0.0869350 -0.7943919 0.3641593 0.4045655 -0.2629570 0.0767256 0.4535211 -0.3747475
0.2552929 0.2783785 0.3381665 0.8443292 0.3688451 0.7832052 0.3643378 0.7097742 0.8551857 0.8188138 0.7807766 0.6438206 0.6133893 0.0000000 0.9213032 0.7920376 0.9082875 0.9274542 0.7146065 0.4371906 0.3353251 0.6830460 0.7965984 0.7983082 0.5969394 0.7546875 0.9186889 0.5872413 0.8540129 0.8463221 0.6710131 0.6576343 0.7129155 0.8367587 0.7163555 0.5193637 0.7401787 0.7786535 0.6756777 0.7491284 0.6183101 0.7618308 0.6778548 0.7539473 0.7905876 0.6782134 0.6549869 0.7271136 0.7980705 0.5603021 0.6853456 0.7161728 0.7629386 0.8665622 0.6982517 0.7353528 0.7216830 0.8157585 -0.5456190 0.6746421 0.4533527 0.7483601 0.5561068 0.7610910 0.5912363 0.5748055 0.6705956 0.7837723 0.5661538 0.7641600 0.7148627 0.7152489 0.7655320 0.6183582 0.7132152 0.6530863 0.5802404 0.7501242 0.6476512 -0.1016719 0.4124485 -0.1434310 0.0138308 -0.1779945 -0.0435657 -0.5302028 -0.2043735 0.0084066 -0.3625301 -0.1965351 -0.1767307 0.1210100 -0.4498433 -0.5529642 -0.1092637 -0.0023671 -0.2722609 -0.4489522 -0.2835989 -0.6566378 -0.5608856 -0.5004647 -0.3865365 -0.6969775 -0.3996638 -0.2380700 -0.1474835 0.0081081 -0.5701580 0.0325651 -0.1818527 -0.1028921 0.1754671 0.0371654 -0.0648701 0.0307152 -0.0139471 -0.3461779 -0.1100452 -0.1879638 -0.0131046 -0.0626987 0.1295236 0.2313572 -0.0160170 -0.6840133 -0.1611653 -0.1774915 -0.5381246 0.0240026 -0.1385037 -0.5884489 -0.5984839 -0.1738411 -0.9110918 -0.4526284 -0.5305914 -0.6016369 -0.5253856 -0.5445540 -0.6684567 -0.6642680 -0.3451976 -0.6436310 -0.7092608 -0.3454002 -0.6383460 -0.6793731 -0.6973672 -0.5629801 -0.3449711 -0.5031435 -0.4534329 -0.5865428 -0.5388925 -0.3880947 -0.0286177 -0.7139388 -0.2008576 0.0684097 -0.7048498 -0.3645057 -0.3500782 0.1667260 -0.4867285 -0.4618616 -0.3447979 -0.4423267 -0.0149372 -0.1035227 -0.4379361 -0.1700531 -0.2052471 -0.2861211 -0.4332799 -0.2460341 -0.0268381 -0.2490170 -0.4250848 -0.4087805 -0.4467409 -0.6395677 -0.5908590 -0.5157131 -0.4568410 0.2709032 -0.4473582 -0.2204691 0.4527376 0.5833820 -0.3152944 -0.2328800 -0.5072365 -0.4468692 -0.5156589 -0.5832854 -0.5262801 -0.1473706 0.1663805 -0.6572967 -0.0279085 0.1986193 0.2277358 -0.1061918 -0.0713780 0.1153779 -0.2011647 0.2439657 0.1196495 0.1211790 0.1811105 -0.4500018 -0.3197790 0.5134326 -0.2649449 -0.1059497 0.4022508 -0.1041199
0.4060335 0.4742945 0.4198733 0.8471202 0.4001593 0.8888306 0.4384415 0.6672234 0.9115342 0.8403638 0.7045634 0.7667026 0.5788693 0.9213032 0.0000000 0.6923190 0.8577496 0.9100829 0.5951886 0.5918263 0.5456924 0.6335765 0.6859510 0.8244522 0.4843602 0.6150735 0.8155082 0.5700292 0.9411495 0.7245170 0.6622923 0.5138252 0.7357314 0.8877924 0.5876952 0.6656008 0.6465223 0.6633328 0.6550730 0.7222298 0.5969414 0.8089017 0.5835856 0.7435132 0.7966823 0.5482071 0.5465435 0.6817088 0.8194293 0.4315614 0.6029982 0.7529509 0.8486726 0.8552755 0.6244505 0.6130110 0.6616081 0.7807346 -0.4656893 0.5844927 0.4602461 0.6386663 0.5104184 0.7563438 0.6486004 0.5475929 0.5436935 0.6658196 0.5039049 0.6739258 0.6455979 0.7608400 0.6417019 0.6524410 0.6105703 0.5668738 0.6317669 0.6893664 0.6110852 -0.0059204 0.4328378 -0.1682705 0.0590195 -0.0880900 -0.0436081 -0.4973864 -0.2278808 -0.1356244 -0.3767868 -0.3337780 -0.2192574 0.1489487 -0.4150939 -0.5526085 -0.2634557 -0.0369302 -0.1702722 -0.3973216 -0.4370832 -0.6243015 -0.6826446 -0.4705831 -0.3669935 -0.7862437 -0.4070656 -0.3483429 -0.1946575 -0.0102841 -0.6579299 -0.0333634 -0.3334366 -0.2459392 0.0035554 -0.1275915 -0.1912420 -0.1226755 -0.1767851 -0.3567652 -0.2183217 -0.2864300 -0.1755214 -0.2032327 0.2013047 0.0641034 -0.1384554 -0.7147101 -0.3075083 -0.2453524 -0.6093939 -0.1546306 -0.2909724 -0.6193366 -0.6070335 -0.2637521 -0.8657873 -0.5064633 -0.5344559 -0.5504578 -0.4408709 -0.5373120 -0.6840406 -0.6787882 -0.3501627 -0.5121016 -0.5972801 -0.4149215 -0.6055413 -0.6323873 -0.6995513 -0.6264332 -0.2936599 -0.4855896 -0.5188789 -0.6337420 -0.5749736 -0.3796192 0.0722928 -0.7360609 -0.1508865 0.1599596 -0.7294638 -0.3591771 -0.3361903 0.2325479 -0.5803563 -0.4529848 -0.3739288 -0.4305883 0.0465795 -0.0523982 -0.4501153 -0.2134853 -0.2219569 -0.3896251 -0.3139586 -0.2450028 -0.0029487 -0.3031917 -0.3759431 -0.3734031 -0.4037363 -0.6291307 -0.5143960 -0.4840074 -0.3587029 0.2938048 -0.3791648 -0.1839260 0.5114691 0.7140810 -0.3333091 -0.1134439 -0.4875213 -0.3926935 -0.4816463 -0.5506814 -0.3496250 -0.0650552 0.2049985 -0.6015647 0.0387274 0.1072784 0.1782578 -0.0572803 0.0944086 0.1948256 -0.1872917 0.3845568 0.2703212 0.1574871 0.2431288 -0.4244072 -0.1634557 0.6987454 -0.0501640 0.0998923 0.5452434 -0.0668477
-0.0490107 0.0878995 0.1587535 0.8318025 0.2837520 0.6879152 -0.0262928 0.7691651 0.7673734 0.8137898 0.9233935 0.2823254 0.6938403 0.7920376 0.6923190 0.0000000 0.8679373 0.7468196 0.9233438 0.3662966 0.0926340 0.8084684 0.9610877 0.6953169 0.8327977 0.9655123 0.7607462 0.5124365 0.7287374 0.7128346 0.6558369 0.7878939 0.7132817 0.8064704 0.9347309 0.4240086 0.8823385 0.9402346 0.7810669 0.7365072 0.8255228 0.7818301 0.8688423 0.7761356 0.7312575 0.8297885 0.8522943 0.9186356 0.8156030 0.7461964 0.8944536 0.7141193 0.7255605 0.8570626 0.8333368 0.8541216 0.8062680 0.8539256 -0.5562361 0.8554831 0.5275064 0.9664080 0.6400229 0.7626240 0.5857899 0.6248932 0.8738971 0.9265568 0.7361884 0.8920872 0.8682853 0.7172960 0.9534635 0.5980949 0.8322668 0.8122906 0.5997066 0.8734160 0.7045668 -0.3031384 0.3565946 -0.0879599 0.1524678 0.0471258 0.1048209 -0.3231394 -0.0851956 -0.1323027 -0.3323372 -0.0175947 -0.1585762 0.0759436 -0.1894995 -0.4485350 0.0586730 -0.0017273 -0.2053651 -0.2009480 -0.0010928 -0.4677347 -0.4478261 -0.2332502 -0.0907325 -0.5475238 -0.2322648 -0.0005606 0.1478094 0.2905519 -0.3698471 0.3049285 0.0235575 0.1986764 0.4525729 0.2860718 0.1931950 0.1827409 0.1889021 -0.0886837 0.1611108 0.0821856 0.2409181 0.0965795 0.0359447 0.3330370 0.3332056 -0.6567694 0.0668059 -0.1110120 -0.3420121 0.2112828 0.0860103 -0.5297972 -0.3938873 -0.0176481 -0.7595822 -0.3338492 -0.4740837 -0.4803376 -0.4871083 -0.5227758 -0.6626675 -0.6260987 -0.1649926 -0.5241881 -0.6809653 -0.3163501 -0.7147175 -0.7224544 -0.6309141 -0.5156104 -0.1129519 -0.4367041 -0.4202950 -0.5930014 -0.6268006 -0.3007700 0.0033478 -0.6664723 -0.0705741 0.1656974 -0.7517316 -0.3899187 -0.1343658 0.2987404 -0.4716232 -0.2625329 -0.2167862 -0.4333057 -0.0691021 -0.1214165 -0.4733596 -0.1405267 -0.4638191 -0.4903333 -0.7454481 -0.5603485 -0.2855820 -0.5053019 -0.5337507 -0.4418026 -0.5331049 -0.5413858 -0.5771903 -0.4623891 -0.4668857 0.3790254 -0.4116066 -0.2474377 0.4450546 0.5352047 -0.2260868 -0.4186438 -0.6683107 -0.4641155 -0.5333262 -0.6716070 -0.6416766 -0.4090050 -0.1470374 -0.7456240 -0.0656054 0.1225018 0.3062621 0.0420526 -0.1185193 0.1509659 -0.3368721 0.0850437 0.0935670 0.0514219 0.3559788 -0.3933840 -0.2492049 0.4185599 -0.1172222 -0.0492945 0.4570350 -0.3080446
0.2231005 0.4417373 0.4928298 0.9424358 0.5164272 0.8851075 0.2528243 0.8347758 0.8839555 0.9501921 0.9160297 0.6246525 0.7849117 0.9082875 0.8577496 0.8679373 0.0000000 0.8099669 0.7154918 0.5944069 0.3613727 0.8165413 0.8938001 0.6821700 0.5952467 0.8143566 0.9056699 0.3727728 0.8817692 0.7701978 0.8111576 0.7201300 0.6416574 0.8533343 0.7650396 0.5168689 0.8577281 0.8303953 0.6377081 0.6878861 0.7124080 0.8938486 0.6944324 0.6848260 0.9173378 0.6661696 0.6285622 0.8161233 0.8123902 0.5431763 0.6732846 0.7112336 0.8341639 0.9791276 0.8054801 0.7494132 0.8130922 0.9185361 -0.4293086 0.6730234 0.6654575 0.8035082 0.7533305 0.8842338 0.7338608 0.7037148 0.7329489 0.9059799 0.7607387 0.8932846 0.7903035 0.8253453 0.8563674 0.7736079 0.7867537 0.8437122 0.7148775 0.8279448 0.8469678 0.0154933 0.6005350 -0.2260291 -0.0905425 -0.1488414 -0.1176340 -0.5614634 -0.2592807 -0.2118392 -0.4850564 -0.3421176 -0.3128540 0.0150520 -0.4489975 -0.5998901 -0.1995621 -0.1891257 -0.4436149 -0.4290192 -0.3458747 -0.6809613 -0.6817085 -0.4845268 -0.4311814 -0.7006224 -0.5060240 -0.3543653 -0.1329492 -0.0146006 -0.6841612 0.0436638 -0.2731112 -0.1965410 0.1286635 0.0391802 -0.0125204 -0.0888526 -0.0686707 -0.2835106 -0.1781160 -0.2145139 -0.0457130 -0.0479815 -0.0298682 0.1391081 0.0525941 -0.7468253 -0.1991973 -0.2192339 -0.5137165 -0.0331153 -0.1778868 -0.5388896 -0.5948370 -0.2570511 -0.8209732 -0.5095892 -0.5556102 -0.5565250 -0.4753999 -0.6241010 -0.7456523 -0.7503936 -0.3892702 -0.6163510 -0.6780843 -0.5139592 -0.6842509 -0.6710882 -0.7698322 -0.7125207 -0.3998114 -0.5819628 -0.5402868 -0.6771127 -0.7338932 -0.4303019 -0.0834439 -0.7972895 -0.2402855 0.0531045 -0.7859476 -0.5806749 -0.3163716 0.2141435 -0.6051372 -0.4293088 -0.4038958 -0.5213746 -0.1885397 -0.2664694 -0.5436185 -0.3157708 -0.3167171 -0.4177802 -0.4915793 -0.3451738 -0.0634143 -0.2946212 -0.4220309 -0.4441393 -0.4298903 -0.6087049 -0.4822650 -0.4180409 -0.3215471 0.4305000 -0.3080042 -0.0763508 0.6036223 0.7252667 -0.4939333 -0.1603341 -0.5972948 -0.5557706 -0.6243189 -0.7016363 -0.4955758 -0.2347241 0.1744860 -0.6560305 -0.2008481 0.0060097 0.0916418 -0.1442718 0.0043674 0.1856893 -0.2510961 0.0904951 -0.0133073 -0.0419816 0.1246956 -0.5232089 -0.1306937 0.5273449 -0.1670780 -0.0995558 0.5034042 -0.2752345
