0.0000000 0.6048076 0.4021169 0.1024908 0.2393191 0.3890603 0.4923224 -0.0145370 0.5042869 0.3536081 0.0207412 0.5223038 -0.1342017 0.3453758 0.4569335 -0.0826056 0.1408748 0.2806419 -0.1768048 -0.0252534 0.2590994 -0.0759219 0.0431201 0.2888890 -0.0613677 -0.0921112 0.3255245 0.3353535 0.1047510 0.4340764 -0.0028699 0.0537190 0.2624192 -0.0272713 -0.0025649 0.2052065 -0.0283297 -0.1526322 0.1334394 0.1940501 -0.0760578 0.1329483 -0.0646127 0.2302236 0.2047062 -0.2247239 -0.1211208 -0.0151431 0.1424741 -0.1487133 -0.1138453 -0.1620268 -0.1441314 -0.1198964 -0.1117003 -0.1958165 -0.0932822 0.1717393 0.3314980 -0.0803222 0.2451281 -0.1425749 0.1753984 0.0409612 -0.1585063 0.0214972 -0.1376933 -0.0824732 0.0479752 0.0164923 -0.0471933 -0.2230898 -0.0803763 -0.0203695 -0.0742871 -0.0521620 -0.1062832 -0.1425965 -0.0767872 -0.2212273 -0.0312670 -0.0234891 0.4156750 0.2393205 0.1882110 0.6655733 0.6898852 0.2302036 0.7694040 0.5864718 0.5427358 0.0911414 0.0395363 0.4173436 0.4088543 0.1192563 0.0657142 -0.0435640 0.4757928 0.3000402 0.4570176 0.4497098 0.4774262 -0.0926168 0.2286607 0.3563512 0.3754312 0.4473843 0.3567537 0.4118575 0.3199533 0.4561777 0.1178928 0.1497506 -0.1041018 -0.1205519 0.1111779 -0.2228004 -0.0903145 0.1887681 0.2427361 0.3465404 0.7387080 -0.4146015 0.0795895 0.2082647 0.0795400 0.5000783 0.1595753 -0.0028659 0.1389622 0.6796419 0.1812643 0.0957708 0.6295551 0.3828843 0.1342439 0.2463174 0.3017881 0.2975642 0.5550319 0.5021405 0.6447356 0.3488397 0.1521680 0.4806540 0.3126649 0.4817352 0.6292707 0.5620400 0.3939000 0.4998003 0.4273374 0.4599046 0.0882176 0.5669431 0.6341523 0.5376568 0.6520406 0.2891149 0.2668508 0.5303285 0.6734388 0.4876611 0.3605976 0.5798954 0.5092593 0.6353310 0.5774595 0.6624096 0.3394285 0.5432073 0.5498117 0.4935072 0.6788498 0.2944253 0.1725454 0.6002248 0.2974787 0.5355546 0.6220527 0.5982386 0.3554537 0.3054170 0.1701387 0.1214743 0.1579591 -0.0078554 -0.1285206 -0.1285505 0.1534433 -0.1908416 -0.0681998 0.1095320 0.0778455 -0.1879926 -0.1377373 0.0673859 -0.2166659 0.1973682 0.6637166 0.5227037 0.7157372 0.3720081 0.4327136 0.4006002 0.2953603 0.2847520 0.6990115 0.4036944 0.6344965 0.3630169 0.3073622 0.0397327 0.4272982 0.4365534 0.4355963 0.6006982
0.6048076 0.0000000 0.6428885 0.6767236 -0.0350361 0.7532729 0.3577553 0.5804274 0.4793365 0.2827493 0.4063720 0.7003374 0.3745608 0.0925967 0.2849125 0.5240302 0.2059569 -0.0031989 0.4105684 -0.1556656 0.5989894 0.3517417 0.5941568 0.1784425 0.5603089 0.4870438 0.5308712 0.1772684 0.4388954 0.2909857 0.2515773 0.6132948 0.0676468 0.4134477 0.5433372 0.4771849 0.5348981 0.4601235 0.5944054 0.5045743 0.1329923 0.4760468 0.5750993 0.1804313 0.5628411 0.3299613 0.4996631 0.2924999 0.2792290 0.3337805 0.4785577 0.5165461 0.5120352 0.4813858 0.3834146 0.2727845 0.4926344 0.3353264 0.6528959 0.5066227 0.6735628 0.5093988 0.0899264 0.4659673 0.4096522 0.4931348 0.3916800 0.5179137 0.4173632 0.5870527 0.5053267 0.4571448 0.5231401 0.5566463 0.5163413 0.6023154 0.4583172 0.4338767 0.5204885 0.3119957 0.3393370 -0.0047439 0.1956930 -0.1089660 -0.0576913 0.3096267 0.3022755 -0.1663397 0.4459052 0.5377561 0.6457145 0.1288363 0.1883703 0.0736150 0.4955513 0.1387827 0.2610295 0.0484477 0.4800398 0.4130927 0.6102199 0.5744664 0.1671037 -0.3150724 0.4432854 0.4980758 0.5199490 0.4474200 0.7100392 0.2854751 0.4626745 0.6593965 0.2288220 0.1992901 0.0435896 0.1237932 0.3493493 -0.0905459 0.1395147 0.3035848 0.3514937 0.3353331 0.6449219 0.1399104 0.3034550 0.3151881 0.1869317 0.7258825 0.4825790 0.5456295 0.5540350 0.7671742 0.4564373 0.3951264 0.3483745 0.6496222 0.5780249 0.5851236 0.4929517 0.4433579 0.5502168 0.6439749 0.7918451 0.4277634 0.5494188 0.4150291 0.8205395 0.6466992 0.5043770 0.5874545 0.4825964 0.4461450 0.8010786 0.4525064 0.2759817 0.3383505 0.5782294 0.6754870 0.6445979 0.4551798 0.4034139 0.7594419 0.5987237 0.5600305 0.5706785 0.5422101 0.5866857 0.6316789 0.6650175 0.7804302 0.4488865 0.6302177 0.3599199 0.4287767 0.7000521 0.6129147 0.4218474 0.4896354 0.4663698 0.5603445 0.5172313 0.5397270 0.5414754 0.4453877 0.3298726 0.4634379 0.1566052 0.3865768 0.3194793 0.2665683 0.2254045 0.2314136 -0.0152650 0.1796451 0.2448906 -0.1005211 -0.0009122 -0.0567652 0.0115178 0.3050810 0.5866550 0.4028833 0.4527344 0.1172114 0.0544754 0.3869053 0.4110702 0.1744862 0.3902070 0.2718915 0.5317906 0.3140854 -0.0008661 0.2483049 0.1717996 0.1027688 0.5306281 0.5349043
0.4021169 0.6428885 0.0000000 0.5528484 0.4183009 0.5334749 0.0496679 0.5337013 0.5077309 0.4791778 0.3974633 0.2226051 0.5379159 0.2660516 0.2693102 0.2944372 0.4416803 -0.0219904 0.1119947 0.2699358 -0.0003561 0.2033799 0.4090021 0.1233897 0.2124579 0.3366527 0.4179294 0.1466470 0.1175331 0.3201763 0.3530203 0.3309905 0.2149159 0.3056353 0.3621462 -0.1888487 0.2233277 0.1910930 0.6701932 0.5848055 0.3516115 -0.0257233 0.3149175 0.4332532 0.2721422 -0.0044660 0.1612410 0.2487559 0.4005829 -0.0217836 0.2323064 0.2212533 0.3634186 0.4062363 0.2165601 -0.0295862 0.1405502 0.4503015 0.4957939 0.2834353 0.2885667 0.2632029 0.2277913 0.1932888 0.0131673 0.1025251 0.2058365 0.2361061 0.3256094 0.3355063 0.1122801 0.1793634 0.2748817 0.1303268 0.1949910 0.3213533 0.1303007 0.0855995 0.1981545 -0.1154304 -0.0061597 -0.1659328 0.0608613 0.0124191 -0.0694881 0.3421433 0.4271068 -0.2339109 0.5640347 0.5564031 0.4478413 0.0275054 0.0647172 -0.0238303 0.6810852 0.3573783 0.2073457 0.2386048 0.7549001 0.3275224 0.6213004 0.4146947 0.1024666 -0.0777125 0.1773261 0.6424123 -0.0223363 0.3220362 0.2822148 0.0378957 0.5931391 0.1071235 0.0386329 -0.0094841 -0.1546193 -0.2167977 -0.0189313 -0.2901176 0.2122879 -0.1300255 -0.1635394 0.1183671 0.2570780 0.1410305 -0.0089120 -0.0957530 -0.1451618 0.4101750 0.1548600 0.0599813 0.0978743 0.6312879 0.0534406 0.1026485 0.2382299 0.1826145 0.1689413 0.1368699 -0.0376210 -0.0741911 0.1421895 0.0030425 0.4127051 -0.0312044 0.2118712 0.1892591 0.2672925 0.1098002 0.1598462 0.0530316 -0.0279479 0.0699663 0.3121650 0.2285679 -0.1155494 0.1096055 0.1760754 0.2733858 0.3174180 -0.0262106 0.1663765 0.3333156 0.2424764 0.0984898 0.2159805 0.4067493 0.5403819 0.4222896 0.2461818 0.3061702 0.5125575 0.4708877 0.0238469 -0.0286840 0.2501542 0.4712371 0.0176135 0.1722409 -0.1101974 -0.0651177 0.1247884 0.0939708 0.2899718 0.3949167 0.2506095 0.0799328 0.0575502 0.2600081 0.1656587 0.0096334 -0.1107279 -0.1601489 -0.2009719 0.2282611 -0.1621726 -0.2311270 -0.4360773 -0.3752889 -0.2969039 -0.1227729 0.4676670 0.0704536 0.2219782 0.0485708 0.3522323 0.3086647 -0.0713688 0.5040032 0.3894236 -0.0343211 0.3108631 0.0764521 0.5443708 0.1107492 -0.0715784 0.3611655 0.5506675 0.4208813
0.1024908 0.6767236 0.5528484 0.0000000 -0.2857681 0.8702218 0.1537215 0.9360236 0.5430687 0.4485169 0.7467927 0.4696985 0.6317630 0.1693943 0.1132734 0.7985467 0.3174320 0.1006932 0.7989488 0.0153719 0.4318436 0.6660824 0.7169519 0.2188815 0.7745647 0.8278845 0.5343144 0.0730252 0.6238017 0.2816087 0.5124302 0.6741733 0.2402454 0.7616433 0.8535717 0.3327228 0.6755608 0.6612424 0.8451022 0.5858545 0.3522842 0.5142101 0.8460280 0.5084905 0.5635021 0.7343608 0.7760215 0.3009091 0.6335973 0.4254153 0.7967634 0.6364617 0.8039439 0.8433211 0.3035150 0.5905092 0.6759296 0.7085092 0.5472183 0.7112632 0.6657600 0.7785762 -0.0810826 0.8076752 0.6786061 0.4895519 0.6514159 0.7826977 0.5304618 0.8586995 0.5655872 0.7365033 0.6906184 0.6904460 0.5926691 0.8126798 0.6768568 0.5726945 0.6871874 0.5260741 0.3466020 -0.0571842 -0.2801982 -0.2684911 -0.2801070 -0.1006886 -0.0726690 -0.5388688 0.0847890 0.4346938 0.5437337 0.3308808 0.5051885 -0.1058768 0.4500625 0.1610457 0.4741013 0.2254163 0.3784157 0.5833352 0.7495120 0.4592409 -0.1066362 -0.2607760 0.3816904 0.3755921 0.4682760 0.3388497 0.5009078 0.1357586 0.5992255 0.4710891 0.1918606 0.1561807 0.2283498 0.3004385 0.4699412 0.1274993 0.4297255 0.0699032 0.1287211 -0.0098017 0.1656879 0.4441032 0.0939730 0.0402805 0.0754564 0.4232674 0.2858084 0.4813168 0.3537791 0.2417433 0.2366123 0.4254034 -0.2353656 0.3244830 0.3451616 0.3120890 0.1030438 0.1674726 0.1934153 0.2268063 0.4377738 0.1217187 0.2736929 0.1384080 0.5494152 0.2745246 -0.0408330 0.2276482 0.2066728 0.0696099 0.5188796 0.1552695 0.1923478 0.0316294 0.1778533 0.4172777 0.2459546 0.2462689 0.2673551 0.4055311 0.0550589 0.2383089 0.3706727 0.1923947 0.2218420 0.1703007 0.2576611 0.3965451 0.3811405 0.3636654 0.0057267 0.1160392 0.2996775 0.5762800 0.2861918 0.0025722 0.1317448 0.0950127 0.1017655 0.1993965 0.6122767 0.3570908 0.1649441 0.4047774 -0.1303912 0.3925715 0.3815438 0.4165798 0.0041414 0.3923804 -0.0423592 0.0803855 0.1354953 -0.0137355 -0.0376065 -0.2502748 0.0065095 0.0090829 0.2516934 0.2834174 0.2369543 -0.0945554 -0.1762075 0.0285614 0.2580023 0.1841568 0.1087819 0.2256118 0.4304211 0.1012164 -0.1110749 0.1226327 -0.1644607 -0.0353745 0.5397627 0.5019761
0.2393191 -0.0350361 0.4183009 -0.2857681 0.0000000 -0.2214000 0.0223436 -0.2567831 -0.0613468 0.1906756 0.0781019 -0.2804829 0.1088501 0.1183673 -0.1424318 -0.2552416 0.5069407 -0.0604553 -0.5590219 0.3964704 -0.5865417 -0.5482606 -0.1203492 -0.2500571 -0.5043081 -0.3616061 0.0500034 -0.2178154 -0.6317545 -0.1728939 -0.1282323 -0.3624704 -0.2015528 -0.5443793 -0.2993175 -0.6280987 -0.3538006 -0.5011466 -0.0096116 -0.0595789 0.3341160 -0.6793964 -0.2985195 -0.1935099 -0.4266001 -0.4678896 -0.4297671 0.0221762 -0.4074773 -0.3344846 -0.3773498 -0.2887523 -0.5503444 -0.3187784 -0.1412502 -0.3243910 -0.3442495 -0.3586381 0.2067943 -0.3352037 -0.4530727 -0.3584906 0.5215007 -0.6845845 -0.7390841 -0.3513643 -0.3515114 -0.4100862 -0.1697751 -0.5183072 -0.4998026 -0.5608908 -0.3864751 -0.5755225 -0.4926825 -0.5059169 -0.6324580 -0.4773444 -0.4810834 -0.7365320 -0.3075005 -0.3689597 0.1395199 0.2842069 0.1081776 0.5530063 0.3937032 -0.0305411 0.4135153 0.1621992 -0.1686418 0.1572947 -0.0860086 -0.0651270 0.2249481 0.1453792 -0.0480668 -0.0369332 0.4119621 -0.0984676 0.0379262 -0.0192767 0.2695353 -0.0673468 -0.1939540 0.3678915 -0.4162324 0.0049956 -0.3512858 0.0769443 0.0021280 -0.3055095 0.1153607 0.1790856 -0.1429349 -0.2500036 -0.1353876 -0.4759552 -0.1437156 -0.2370187 -0.2593198 0.1503837 0.1078475 -0.3734715 -0.1230063 -0.2515259 -0.3815864 -0.0036720 -0.1314479 -0.6246456 -0.4993862 0.1945028 -0.4281901 0.0139880 0.4878830 -0.1627982 -0.2578441 -0.1287879 -0.2258295 -0.1481838 0.1389742 -0.1666531 0.0130802 -0.0651109 -0.1448279 0.1720288 -0.3042004 -0.1931831 0.1855884 -0.1469262 -0.2122291 -0.0202685 -0.2342046 0.1482340 -0.3843967 0.0718064 0.1007378 -0.1485058 0.1675558 -0.2091072 -0.3077054 -0.1379400 0.2034227 -0.0281364 -0.2364837 0.0696655 0.3045894 0.2549005 0.2081420 -0.0109278 0.1424000 0.2721384 -0.0049915 -0.1833311 0.0600752 -0.0085179 -0.2376050 0.2204982 -0.3657661 -0.1894128 0.1334313 -0.1140101 0.1276834 0.3349561 0.3064056 -0.3276429 0.3382988 0.0461112 -0.2763194 -0.5999623 0.0067203 -0.6800214 -0.1296166 0.4077558 -0.0489835 0.1781081 -0.2856656 0.0246097 -0.2743141 -0.2355063 0.2407618 -0.0617795 0.0955592 0.1504750 0.6065033 0.2765921 -0.4084021 0.1442897 0.3917314 -0.0680800 -0.0900080 0.0972974 0.6942832 0.0783203 0.3254473 0.3971258 0.2193994 -0.0108962
0.3890603 0.7532729 0.5334749 0.8702218 -0.2214000 0.0000000 0.3276533 0.6910432 0.7282230 0.5944356 0.6385776 0.5675808 0.4245499 0.3996357 0.3712745 0.5791950 0.3487388 0.3882342 0.5190078 -0.0573102 0.4863372 0.3856932 0.5624790 0.3782397 0.5585108 0.6251623 0.6177319 0.2737903 0.6480845 0.4925762 0.2704824 0.5048165 0.2802818 0.6460089 0.6633382 0.3882104 0.4870305 0.4344653 0.7603480 0.5767340 0.1580205 0.5481409 0.6588347 0.4530493 0.6249249 0.5230354 0.5713622 0.2377272 0.5222667 0.2937404 0.5959965 0.5004088 0.6246134 0.6279764 0.1422773 0.4205895 0.4474254 0.5933164 0.5775750 0.5087309 0.6899629 0.5793910 -0.1760728 0.6417554 0.5020432 0.2775039 0.4248595 0.5869036 0.2944688 0.6544737 0.3697559 0.4779325 0.5077280 0.4721515 0.3679662 0.5909838 0.4145461 0.3408648 0.4989038 0.3331064 0.1982394 -0.2808564 -0.1470265 -0.2541496 -0.2501859 0.0182839 0.1313032 -0.4084068 0.1869511 0.4580272 0.6223858 0.2111215 0.2665239 -0.0186395 0.4214165 -0.0006575 0.2773991 -0.0961424 0.4026930 0.4409751 0.7765499 0.2918426 -0.0131365 -0.3446180 0.2453812 0.3966285 0.5035711 0.3625787 0.5375462 0.1634640 0.5506604 0.5395819 0.0874371 0.0256973 0.1735839 0.1021425 0.3917584 0.0515499 0.2376403 0.1665738 0.2318946 0.0296802 0.2800347 0.0774132 0.1123070 0.2160866 -0.1013355 0.3488478 0.3330331 0.3381743 0.4002384 0.3494775 0.2208620 0.3006611 -0.0811050 0.4129847 0.3379809 0.4096766 0.2798875 0.2695629 0.3455650 0.3341935 0.4676489 0.2083988 0.2379332 0.3010151 0.6183476 0.4039490 0.0744213 0.3179065 0.2983104 0.1789965 0.5451524 0.1858412 0.0195845 0.1393652 0.3149940 0.4492429 0.3473295 0.2696137 0.1391498 0.4054130 0.1997415 0.3278720 0.2743945 0.2739044 0.2763160 0.3254195 0.3884006 0.4604328 0.3361305 0.3692024 0.2889034 0.2327754 0.3778509 0.4289304 0.1964796 0.2772598 0.2317164 0.2843953 0.3799621 0.4117760 0.6374137 0.3545402 0.1343525 0.3255029 -0.1681539 0.1997749 0.1678432 0.2197093 0.0433305 0.1709266 -0.2095098 0.2113113 0.2229942 -0.0690406 0.0238965 -0.2803260 -0.2082605 0.1953322 0.2336325 0.2529642 0.3356061 -0.0633894 -0.0599213 -0.0045531 0.3367187 0.0885038 0.1857064 0.0811931 0.5396103 0.1630381 -0.0374464 0.0095815 -0.1157791 -0.0437757 0.6265324 0.6905101
0.4923224 0.3577553 0.0496679 0.1537215 0.0223436 0.3276533 0.0000000 0.0704739 0.3627042 0.1493877 -0.0881616 0.6286848 -0.2207869 0.2075656 0.2197702 -0.1588378 -0.2779381 0.3647519 -0.0911937 0.2058694 0.1655999 -0.0479193 -0.2006681 0.1757015 -0.0870512 -0.1193414 0.0341506 0.1995013 0.2188448 0.2042041 0.2285308 -0.1239917 0.3265313 -0.0476312 0.0469204 0.0051360 -0.0925529 0.0008531 -0.1219446 -0.1584071 0.0478145 -0.0757900 0.0069433 -0.1096157 0.0976933 0.0912450 -0.0304261 0.1609940 0.0799330 0.0966622 -0.0723216 -0.3342808 -0.2799165 -0.2562733 0.0910282 0.2577732 0.0461236 -0.0401336 -0.1282026 -0.1744916 -0.1303032 -0.1847501 0.2396941 0.0830921 -0.0730891 0.0908730 -0.2222976 -0.1395457 0.1471628 -0.0868725 0.0155015 -0.1662454 -0.1666648 -0.0258870 0.0226612 -0.0238527 -0.0374141 0.0310082 -0.0220964 -0.0739656 0.0124756 0.1188668 0.3498841 0.3920751 0.4809476 0.5321057 0.4797896 0.3466940 0.4293395 0.5852380 0.4381973 0.5011328 0.2433495 0.5955752 0.4027031 0.2304507 0.2118570 0.0401859 0.4940075 0.1939510 0.4452812 0.2446398 0.4797289 -0.2944030 0.1488516 0.3935747 0.2461512 0.7325925 -0.1816051 0.4642404 0.2108881 0.0348976 0.3330501 0.3672719 -0.4289520 -0.0275636 0.1365457 -0.4788139 0.2277161 -0.2114134 0.0004479 0.6229176 0.3135212 -0.1418364 -0.3744747 -0.2174641 0.4283539 0.1213977 -0.2631051 0.1604409 -0.0587487 0.1672588 0.4563657 0.0044941 0.3635604 0.0016198 0.0635541 -0.0982687 -0.0235584 -0.0391689 0.3560930 0.1919402 0.4397252 -0.1260780 0.0357804 0.0779253 0.0794885 0.2739659 0.3989082 0.1247652 0.0001972 0.1535058 0.1489701 0.2414782 0.1215421 0.0141040 0.1485998 0.3568967 0.2737992 -0.0194933 0.1826238 0.1421081 0.3268482 0.0752592 0.2497404 0.0302714 0.1845630 0.4044228 0.1857009 0.2723277 0.3268547 0.3946570 0.2676623 0.4123663 0.6764149 0.3901807 -0.0466981 0.4188585 -0.0873093 0.1178498 0.4217044 0.0231194 0.1326697 -0.0928070 -0.2875981 -0.1562697 -0.2824268 -0.0557912 -0.2548631 -0.2291601 -0.2308239 -0.1873989 0.0459023 -0.1359819 -0.1422386 -0.1519692 -0.2355818 0.2848646 -0.0469220 -0.2714454 0.3483090 0.6156635 0.6287030 -0.0909217 0.5968374 0.2275667 0.0827456 0.0252052 0.4246899 0.5287469 0.3720253 0.0075989 0.3019687 -0.0995397 0.3183673 0.2060489 0.0100461 0.3389519
-0.0145370 0.5804274 0.5337013 0.9360236 -0.2567831 0.6910432 0.0704739 0.0000000 0.3057168 0.2433894 0.6734970 0.3293245 0.7878247 -0.0403860 -0.0983704 0.8471594 0.2039127 -0.0699574 0.8174695 -0.0057718 0.3237786 0.7539458 0.7428077 0.0202462 0.7713282 0.8859051 0.3737725 -0.0901785 0.4297987 0.1010120 0.6468545 0.7589085 0.1285966 0.6097134 0.8922057 0.2098891 0.7646073 0.7405234 0.7939739 0.5019302 0.4596145 0.3380290 0.8829093 0.4201548 0.3336801 0.7799914 0.8244707 0.2991597 0.5628055 0.4556567 0.8547008 0.6551931 0.7908014 0.8606393 0.4368156 0.6430775 0.7549511 0.6222795 0.5053626 0.8035402 0.5821867 0.8294898 0.1296914 0.7349160 0.7155242 0.6306947 0.7679092 0.8445596 0.6999781 0.8831270 0.6817639 0.8323936 0.7837270 0.7741922 0.7356243 0.8690235 0.7649133 0.7272346 0.7843503 0.5969038 0.5242136 0.0627287 -0.3586347 -0.3314066 -0.3287873 -0.1275918 -0.0880784 -0.5514607 0.0221609 0.3833710 0.3947183 0.3411841 0.5189661 -0.1871539 0.4074108 0.1757070 0.4398436 0.3909990 0.3363696 0.6156974 0.6279198 0.4275894 -0.1359546 -0.2697373 0.3260689 0.3064539 0.3221051 0.2231479 0.3891683 0.0184185 0.5231910 0.4393857 0.2209576 0.2347190 0.2581164 0.4186222 0.4853286 0.1592452 0.5095848 0.0020433 0.0020704 0.0177963 0.1314692 0.5336657 0.0387111 -0.0735382 0.2068813 0.4203666 0.2035276 0.4877258 0.2837436 0.1713776 0.1936036 0.3857747 -0.2570585 0.2332401 0.2480153 0.2885610 -0.0300786 0.1341342 0.0169135 0.1695900 0.4584431 0.0950651 0.1847529 0.0266198 0.4409835 0.1086842 -0.0437350 0.1827496 0.1888157 -0.0096780 0.4479497 0.1228790 0.2168178 0.0064845 0.1825316 0.3222853 0.2831522 0.2967791 0.2872153 0.3917873 0.0482468 0.2685130 0.3830017 0.1017629 0.1459998 0.1040429 0.2275136 0.3890795 0.2889063 0.2863229 -0.0521514 0.1253072 0.2710059 0.6304271 0.3840011 0.0044907 0.1379922 0.0150901 0.0492121 0.0787463 0.5251639 0.3723275 0.2449476 0.5209863 0.0179468 0.6137176 0.5781934 0.5279917 0.0522598 0.4845896 0.1740493 0.0708244 0.0999251 0.0654404 -0.0371653 -0.1286134 0.2099224 -0.1041097 0.3172175 0.2593004 0.1479082 0.0040666 -0.2448612 0.1219284 0.1342279 0.2670870 0.1290186 0.2749855 0.2808288 0.1816741 -0.0753427 0.1926453 -0.1584862 0.0621147 0.4840516 0.3232644
0.5042869 0.4793365 0.5077309 0.5430687 -0.0613468 0.7282230 0.3627042 0.3057168 0.0000000 0.8506739 0.3880834 0.4320262 -0.0304021 0.8144876 0.7844948 0.0441538 0.3221193 0.6483129 0.1459040 0.2271460 0.2250890 0.0856315 0.0492445 0.7769486 0.1436185 0.1311160 0.3950258 0.6900034 0.6433492 0.7980395 0.1475409 -0.0429710 0.7284407 0.5866987 0.1985601 0.1301654 -0.1124171 0.0224990 0.4297826 0.5036549 -0.0242109 0.4388289 0.1115898 0.6965488 0.6686824 0.0578153 0.0163228 0.0735876 0.6526971 -0.1169682 0.0395186 -0.0717133 0.2736200 0.2013810 -0.2298751 -0.0143110 -0.1251283 0.6354507 0.1299673 -0.0619652 0.4151248 -0.0021108 -0.4160881 0.4588602 0.0729325 -0.2711494 -0.1524786 0.0269677 -0.0444805 0.2585760 -0.2024459 -0.0286556 -0.1038506 -0.0009629 -0.1170600 0.0996256 0.0045613 -0.2484334 -0.0994598 -0.1103445 -0.3903840 -0.0411186 0.2436979 0.2843328 0.2264822 0.2611317 0.3325676 0.0374075 0.5126593 0.6568717 0.6878028 0.1370954 0.2786112 0.4247202 0.6239837 0.2545005 0.3075704 0.0104656 0.6143007 0.1737682 0.8120831 0.3303782 0.1696199 0.1118732 0.3240116 0.4513573 0.4412494 0.5308447 0.3516011 0.3445047 0.6519162 0.1712407 -0.1606789 -0.2201864 -0.2465922 -0.3309280 -0.0286529 -0.1696992 0.1201972 -0.0109987 0.1436269 -0.0286645 0.1987044 -0.1381853 0.0116430 0.0968022 -0.1738016 0.1881946 0.0931975 0.1195473 0.2495879 0.4320133 0.1818554 0.0342904 -0.0615706 0.2338404 0.2416034 -0.0860645 0.1600534 -0.2060704 0.3724627 0.0320146 0.1620046 -0.1128024 0.1508764 0.2246261 0.2429586 0.3025783 -0.0209174 0.0305067 -0.1175724 0.1305046 0.1537465 0.1808126 -0.0997817 0.1024540 -0.0246256 0.3871743 -0.0110407 -0.2387127 0.1583048 0.0549495 -0.0441213 -0.1195934 0.1642283 0.1968616 0.2846266 0.2522862 0.0225434 0.1222968 0.5121792 0.4007606 0.2997228 0.1794248 0.2254188 0.1132903 -0.2636250 -0.0094087 -0.1362093 0.0913052 0.1225854 0.2656926 0.3023698 -0.0196547 -0.3224075 -0.1898247 -0.5341945 -0.3764007 -0.3606005 -0.2163905 -0.3344753 -0.2684544 -0.6013095 -0.1173949 -0.1370591 -0.4269875 -0.3574500 -0.5691297 -0.6628104 0.0122882 0.1664492 0.3260129 0.4897347 -0.2431820 0.3244751 -0.2507053 0.1754582 0.0811156 0.2358880 0.0918454 0.6467312 -0.2771353 0.1205069 -0.4493668 -0.2680463 0.0074282 0.4201280 0.7028934
0.3536081 0.2827493 0.4791778 0.4485169 0.1906756 0.5944356 0.1493877 0.2433894 0.8506739 0.0000000 0.5726677 0.0426570 0.1009007 0.9199395 0.5340595 0.0343974 0.6509874 0.6032038 0.0375767 0.4596073 -0.1660648 -0.0744432 0.0228834 0.6335168 -0.0243866 0.0514031 0.4933250 0.5142596 0.3297982 0.7018996 0.1937614 -0.1385118 0.5371896 0.3542075 0.0715493 -0.1520065 -0.2316314 -0.1614803 0.4105230 0.4034421 0.1822403 0.1827087 0.0538578 0.5859262 0.3835523 0.0037517 -0.0851000 -0.0354825 0.4287453 -0.3037205 -0.0316175 -0.0638833 0.1052954 0.1462318 -0.4055223 -0.0938180 -0.2365969 0.4533437 0.2162620 -0.1388607 0.2566876 -0.0348537 -0.3365604 0.2035699 -0.1325080 -0.4473662 -0.1805773 -0.0375061 -0.1643710 0.1300173 -0.3890291 -0.1401159 -0.1825740 -0.1848072 -0.3139220 -0.0577175 -0.2142028 -0.3680773 -0.2312790 -0.3063163 -0.4852058 -0.1549576 0.1714371 0.3143315 0.1532106 0.1435529 0.1200003 -0.1663847 0.3047887 0.5197753 0.3576481 0.1583818 0.3827685 0.2479439 0.4419166 0.2214383 0.4228817 0.1399902 0.5092655 0.1615139 0.7198337 0.0955432 0.1514628 0.1124242 0.3146487 0.3971320 0.2369090 0.3372650 0.2137855 0.1163107 0.6956870 0.1039026 -0.1556415 -0.1524188 -0.1502202 -0.2631632 0.0110214 -0.2358592 0.0527179 -0.1023732 0.0074622 -0.1542754 0.0805700 -0.2707363 -0.0138733 -0.0165024 -0.4459161 0.1233587 0.0081584 -0.2203728 0.0055938 0.2638375 -0.2360065 0.0514738 -0.1300388 0.1312463 -0.0058372 -0.1501508 -0.0150160 -0.2146656 0.2960546 -0.0783109 -0.0254266 -0.0082280 -0.0648381 0.2746876 0.0525992 0.0247503 -0.1978181 -0.0717821 -0.1461380 0.0553001 -0.0989369 0.1969800 -0.2789656 0.1203393 -0.0836326 0.2178112 -0.0695867 -0.3217596 -0.0633703 -0.1391667 -0.1561259 -0.1657854 -0.0075030 0.0539104 0.2259267 0.1023499 -0.0158955 0.0236265 0.3578786 0.2430139 0.3064677 0.1347861 0.0963404 0.0062779 -0.4362648 -0.0407740 -0.2727723 0.0166812 0.1369275 0.2594254 0.4372559 0.2531360 -0.1455271 -0.2644375 -0.3764053 -0.3304680 -0.4577219 -0.4218215 -0.2640229 -0.4770308 -0.7562898 0.0418382 -0.0769089 -0.2716888 -0.3551368 -0.6840679 -0.7269855 -0.0874530 -0.0018532 0.0522796 0.2006108 -0.3499759 0.2421559 -0.4487816 -0.0734498 0.0687303 0.1037013 -0.0950868 0.3472049 -0.2761690 0.1297706 -0.4730983 -0.3269015 0.1087328 0.5931576 0.6034034
0.0207412 0.4063720 0.3974633 0.7467927 0.0781019 0.6385776 -0.0881616 0.6734970 0.3880834 0.5726677 0.0000000 0.0258893 0.5888693 0.2578445 -0.1430585 0.7431417 0.7849247 0.1420740 0.5680483 0.0372781 0.0381942 0.2544490 0.6844688 0.0107462 0.4585373 0.5834048 0.5386104 -0.2119451 0.1989858 0.0333173 0.1647633 0.3750298 -0.0879514 0.4156514 0.5869332 0.1786120 0.4274811 0.2455101 0.7117195 0.3162719 0.3340904 0.2702896 0.6643306 0.3051128 0.2727294 0.5182942 0.5209267 0.0359661 0.2445148 0.0362091 0.5769327 0.5590413 0.4728701 0.7144334 -0.1001488 0.2938146 0.3912550 0.4460747 0.6271107 0.4724257 0.4983311 0.6164523 -0.0727768 0.4412963 0.3909243 0.1521539 0.4662610 0.6247190 0.1083851 0.5458940 0.1976860 0.4101080 0.4228913 0.3911961 0.1490491 0.4426889 0.2338648 0.2514800 0.3847131 0.1041941 0.2072296 -0.3648689 -0.2818235 -0.2233812 -0.3018319 0.0094151 -0.1623375 -0.6167966 0.0199281 0.2947267 0.1336475 0.2837861 0.5091480 -0.1932201 0.0906955 -0.1097054 0.3470631 0.1056924 0.1296747 0.4941635 0.5276918 0.2646948 0.0438403 -0.2771732 0.1824865 0.0811205 0.4732971 0.0715679 0.4441040 0.2348559 0.3885110 0.4422975 0.1303987 0.1804716 0.4497177 0.3902681 0.4876045 0.1325266 0.1326413 0.1949386 0.2109984 -0.1607480 0.1496804 0.1364486 0.2801374 0.1559105 -0.2907481 0.2930442 0.3754854 0.0326485 0.0932108 0.0889722 -0.2792002 0.6130196 -0.0997139 0.3731028 0.1748137 0.3830613 0.1252427 0.2569076 0.3128480 0.2599219 0.2406674 0.3736245 0.1824003 0.3686368 0.3675658 0.1536767 0.0149018 0.2505150 0.2253540 0.2658042 0.2860695 0.2246246 -0.0994307 0.2762848 0.2675590 0.2823787 0.2931470 0.2367597 -0.1027186 0.2373254 0.0374102 0.2766914 0.0573192 0.1852113 0.2012778 0.0683227 0.3196216 0.3262422 0.1979363 0.2251068 0.0648278 -0.0362788 0.1150587 0.2035960 0.1377926 0.0655469 0.1017148 0.1710854 0.2407796 0.3649794 0.8054172 0.5745153 0.4261936 0.3646732 0.1826395 0.3566853 0.0993746 0.0103656 0.2827192 0.0352373 -0.2055750 0.4199662 0.4481715 0.3738374 0.1209690 -0.1851244 -0.0140732 0.1036275 0.1190675 0.0308366 0.0661294 -0.0568051 -0.2047647 -0.1267773 0.1652783 -0.0050731 0.0442620 0.0663547 0.1884152 0.1671936 -0.1564199 0.0711354 0.0126548 0.0435797 0.6600838 0.3029310
0.5223038 0.7003374 0.2226051 0.4696985 -0.2804829 0.5675808 0.6286848 0.3293245 0.4320262 0.0426570 0.0258893 0.0000000 -0.1093748 -0.0072629 0.3836225 0.2689061 -0.2203355 0.0401068 0.3576606 -0.2209985 0.7877878 0.3309888 0.3101955 0.2797071 0.4882599 0.3216759 0.3997518 0.2884759 0.6887671 0.3316907 0.1852017 0.4207755 0.2725184 0.4974067 0.4545461 0.5190137 0.3914585 0.5115615 0.3463133 0.3460343 0.0917921 0.5157458 0.4171229 0.1632763 0.6396310 0.3728203 0.4345806 0.5254760 0.3363557 0.5534943 0.3641328 0.2225139 0.3206839 0.2302383 0.4694768 0.4491891 0.4928535 0.3315825 0.2054785 0.3082831 0.3545271 0.2805872 0.0690660 0.5491456 0.3371314 0.5110776 0.2205783 0.2758495 0.4013843 0.4047055 0.4862189 0.2781988 0.3046054 0.4116630 0.4468473 0.4707587 0.4682669 0.3532948 0.3845026 0.3912270 0.2034219 0.1744236 0.1645592 0.0324850 0.0933133 0.3167374 0.2980179 0.0280446 0.4077927 0.4729555 0.8147928 0.3272870 0.1886729 0.2124572 0.5381166 0.3308811 0.3149683 -0.1323646 0.4472781 0.2532074 0.5470760 0.6192320 0.2577271 -0.1958834 0.4513025 0.5176237 0.4735078 0.7070992 0.3852939 0.4856802 0.3466976 0.3429700 0.5049593 0.3824953 -0.0981295 0.1787871 0.4043540 -0.1335316 0.3801823 0.0483723 0.2449998 0.5315890 0.5738133 0.2112828 -0.0224043 0.0686485 0.5187162 0.5434165 0.1386769 0.6135818 0.3704140 0.3899704 0.7479366 0.1768303 0.2243612 0.3715480 0.4505550 0.1895248 0.2773232 0.2512563 0.5599889 0.4399842 0.6642987 0.0576433 0.4028895 0.2532417 0.6131488 0.6914044 0.4067000 0.4491116 0.2882671 0.2557334 0.7305702 0.3917926 0.6092353 0.0472224 0.3149093 0.6849091 0.3438236 0.2649858 0.6166408 0.5743888 0.5192238 0.3242026 0.6772890 0.4318877 0.4748300 0.5575433 0.4241166 0.5662445 0.5431570 0.6177273 0.0478344 0.3206282 0.6006981 0.5599440 0.3546046 0.2075652 0.2219465 0.3083276 0.1959866 0.1781556 0.2372644 -0.0765853 -0.1201880 0.1216284 -0.2093889 0.0433239 0.1946446 0.3306029 -0.1425906 0.3537244 0.2268503 -0.2839359 -0.0698444 -0.2979698 -0.1178566 0.2065658 0.0210871 0.0731105 0.4618592 0.7336994 0.6864210 0.0984589 0.2337395 0.4627151 0.3678527 0.0140204 0.3620526 0.5768221 0.7276631 0.1584417 0.0341560 0.2183202 0.2652973 -0.1745507 0.0793490 0.4912250
-0.1342017 0.3745608 0.5379159 0.6317630 0.1088501 0.4245499 -0.2207869 0.7878247 -0.0304021 0.1009007 0.5888693 -0.1093748 0.0000000 -0.1608937 -0.3258384 0.7561036 0.3490853 -0.1418160 0.5255311 -0.0137723 0.0071082 0.5095817 0.7049595 -0.2620432 0.5320220 0.7820307 0.2394128 -0.3033874 -0.0684069 -0.1334811 0.4967609 0.6733461 -0.2063496 0.1570168 0.7284778 -0.0498986 0.7068147 0.4898088 0.7062023 0.4196399 0.5188960 -0.0160009 0.7310940 0.1779127 -0.1131287 0.5679919 0.6661279 0.1388815 0.1807365 0.3207527 0.7394984 0.6585011 0.5652860 0.7126145 0.3858004 0.4709030 0.6078323 0.2598482 0.6423963 0.7781235 0.4165999 0.7493478 0.3742054 0.2409035 0.4316502 0.5115892 0.7489178 0.7518990 0.6274982 0.6523521 0.5312225 0.6932998 0.7500029 0.5612777 0.6014125 0.6482626 0.5049158 0.6210826 0.6541823 0.4078074 0.5668516 -0.1874531 -0.4979025 -0.4850433 -0.5606035 -0.1889615 -0.1032260 -0.6577588 -0.1291116 0.0691950 -0.0034523 0.2011948 0.2715840 -0.4994606 0.1761522 -0.0760519 0.1528117 0.2763287 0.1654457 0.4578581 0.3039849 0.0611362 -0.3188633 -0.3081074 0.0170177 0.1791969 -0.0624680 -0.2568454 0.2097482 -0.3435321 0.2378545 0.3914303 0.0514742 0.1439614 0.4436980 0.3421973 0.4086746 0.2483971 0.2761785 0.0742716 -0.0799313 -0.1323683 0.0053897 0.2879068 0.1251321 -0.0142771 -0.0844570 0.2455636 0.2589773 0.1327950 0.1449328 0.1346975 -0.1829337 0.3223183 -0.2139937 0.1332174 0.0456485 0.4082420 -0.0547648 0.2161055 -0.2082612 0.0973524 0.2982229 0.1848066 -0.0194205 -0.0140577 0.2595154 -0.1922629 -0.1268582 0.0975470 0.2275951 -0.1584205 0.2320165 -0.0326923 -0.0972273 0.0192836 0.2846321 -0.0399166 0.3329714 0.3837892 -0.0614695 0.2598756 0.0427302 0.3816895 0.0835035 -0.0575251 0.0042898 0.0040681 0.3487096 0.3180351 -0.0502413 0.1119025 0.0903497 0.0914158 0.0981470 0.4644903 0.4278291 0.1745089 0.2037793 0.0026522 0.1469419 0.0732549 0.5005048 0.6060879 0.5525915 0.5840572 0.3817422 0.8154788 0.6822910 0.4191101 0.3045581 0.3198845 0.2399690 0.4403621 0.2751958 0.3490938 0.1772932 -0.1047712 0.2351715 0.0131997 0.2911665 -0.0904607 -0.1371113 0.2226717 -0.3480836 0.1422681 -0.0549395 0.2609938 0.1700870 -0.0574365 -0.0238696 0.3893437 0.0592350 0.2708735 -0.1325461 0.1854788 0.5711399 0.1477622
0.3453758 0.0925967 0.2660516 0.1693943 0.1183673 0.3996357 0.2075656 -0.0403860 0.8144876 0.9199395 0.2578445 -0.0072629 -0.1608937 0.0000000 0.6761760 -0.2715676 0.4158996 0.7278692 -0.2029526 0.4421617 -0.1908785 -0.2393615 -0.2759444 0.7615554 -0.2448465 -0.2021009 0.3264679 0.7185478 0.3126760 0.8188235 0.1097180 -0.3535473 0.6311721 0.1984896 -0.1850649 -0.2094014 -0.4743853 -0.2936091 0.1174773 0.2833291 0.0284163 0.1254454 -0.2233284 0.4990559 0.3209774 -0.1854964 -0.3257873 -0.0799252 0.3277687 -0.3847777 -0.2877517 -0.3130997 -0.1100929 -0.1643415 -0.4652264 -0.2345037 -0.4755327 0.2760843 -0.0745954 -0.3847625 0.1015875 -0.3148607 -0.4298347 0.0314050 -0.2869289 -0.6213032 -0.4289421 -0.3083317 -0.3075610 -0.0953184 -0.5534598 -0.3392781 -0.4202442 -0.3636744 -0.4439753 -0.2777917 -0.3687553 -0.5313551 -0.4401776 -0.3810713 -0.6228655 -0.0238076 0.2902112 0.4176108 0.2892793 0.1285022 0.1741459 0.0716713 0.2622419 0.4509001 0.3148262 0.0703151 0.2418325 0.3689313 0.3872489 0.2331511 0.3121780 0.0741523 0.4456610 -0.0790957 0.5648003 -0.0980301 0.1785551 0.2125772 0.2735503 0.3228001 0.1223180 0.3100012 0.0765338 0.0352696 0.5995748 -0.0301330 -0.2700121 -0.2538357 -0.3341956 -0.4249092 -0.1665951 -0.2934975 -0.0256276 -0.1678983 -0.0500594 -0.1134842 0.0344754 -0.4503820 -0.1093916 -0.0326937 -0.3759931 -0.0115337 -0.1431761 -0.2557019 0.0054070 0.2045494 -0.1638094 -0.2164030 -0.1730158 0.0523620 -0.0740889 -0.3105460 -0.0135661 -0.3274790 0.2298870 -0.1644568 -0.1589510 -0.1268561 -0.1950322 0.1973554 -0.0803174 -0.0487961 -0.2680380 -0.1779757 -0.2335588 -0.0191969 -0.2814198 0.1369851 -0.2925592 0.0371804 -0.2086340 0.1205276 -0.2296106 -0.4519553 -0.0773763 -0.3265905 -0.2407899 -0.2906091 -0.0669217 -0.0879442 0.1009944 0.0016875 -0.1749991 -0.1290166 0.2420673 0.0937687 0.3975357 0.2058953 0.0031532 -0.2017346 -0.5872797 -0.0669821 -0.3079101 0.0030757 0.0944154 0.1801002 0.1622560 -0.0070244 -0.3883780 -0.4263118 -0.5234986 -0.5468912 -0.5968519 -0.5107463 -0.3892282 -0.5767495 -0.7988395 -0.1348672 -0.2051952 -0.4282468 -0.3739016 -0.6912601 -0.8303367 -0.1054235 -0.1087845 0.0209794 0.1731545 -0.3904470 0.2749792 -0.5756747 -0.1518593 -0.0394749 0.0342654 -0.1625781 0.2889843 -0.3818627 0.0956429 -0.6646600 -0.4309353 0.0207332 0.3698409 0.5037145
0.4569335 0.2849125 0.2693102 0.1132734 -0.1424318 0.3712745 0.2197702 -0.0983704 0.7844948 0.5340595 -0.1430585 0.3836225 -0.3258384 0.6761760 0.0000000 -0.3081755 -0.0376424 0.6032814 -0.1151359 0.0122329 0.3106821 -0.0830841 -0.2413743 0.8603007 -0.0372687 -0.1174066 0.0792421 0.8834370 0.5834485 0.8038981 -0.0735125 -0.1764338 0.7279130 0.3851799 -0.0928020 0.1596520 -0.2858679 -0.0796007 0.1154983 0.4755961 -0.2178068 0.4615690 -0.2062695 0.5670301 0.6041285 -0.2046068 -0.2090389 0.0640556 0.4899520 -0.0724633 -0.2185201 -0.2078185 0.1382322 -0.0885279 -0.1330660 -0.1792093 -0.3083119 0.3951457 -0.1427697 -0.2351524 0.3014804 -0.2464395 -0.4629233 0.2085200 -0.0807903 -0.3297345 -0.3320388 -0.2428049 -0.0982609 0.0181304 -0.2913754 -0.1992082 -0.2716073 -0.1964017 -0.1594845 -0.1275289 -0.0992448 -0.4117535 -0.3262731 -0.1139023 -0.5588091 0.1738334 0.4802155 0.3801957 0.3174688 0.1741638 0.2954272 0.3458616 0.4413468 0.3450156 0.6120259 -0.1881439 -0.0509260 0.4058576 0.5398968 0.2096574 0.0502379 -0.1863554 0.4515913 -0.2705103 0.4674015 0.1703677 0.0275860 0.4533169 0.2585295 0.3523276 0.2041493 0.3270924 0.2878104 0.1654408 0.3574817 0.0338712 -0.3215821 -0.4334162 -0.3185876 -0.5059669 -0.2311324 -0.0441241 -0.0216718 0.0668928 0.1987101 -0.0922687 0.1281455 -0.2466710 0.1282789 0.2099864 -0.1355974 0.0295779 0.0674115 0.1276040 0.3503317 0.4459725 0.2489857 -0.2678336 -0.1417059 0.1214172 0.2256422 -0.2040288 0.2261015 -0.3359564 0.2192273 -0.0694535 -0.0440156 -0.2491056 0.1471786 0.0098561 0.1466740 0.2630366 -0.0748657 -0.0959866 -0.2448499 -0.0413607 0.0592173 0.0439201 -0.0249572 -0.0698561 -0.1584966 0.2248373 -0.2262015 -0.3513594 0.2375795 -0.0511144 -0.0696279 -0.2314782 0.1749287 0.0735316 0.2048492 0.2927722 -0.0437736 -0.0201849 0.3865756 0.3297516 0.3683722 0.2797372 0.0914492 -0.1001872 -0.2364786 -0.0858292 -0.0615647 0.1094909 -0.0601176 0.1571675 -0.1421523 -0.3254992 -0.5301300 -0.3395039 -0.6041938 -0.5848752 -0.3464427 -0.2016781 -0.4273282 -0.2411533 -0.5487197 -0.3580230 -0.2906781 -0.6325608 -0.3271811 -0.6075363 -0.7277790 0.1669813 0.0846325 0.2670919 0.3960716 -0.2065807 0.2556364 -0.2481176 0.0982798 -0.0682924 0.1701217 -0.0723049 0.6164204 -0.4134565 0.0403118 -0.5967246 -0.3865249 -0.2091316 0.1693023 0.6145962
-0.0826056 0.5240302 0.2944372 0.7985467 -0.2552416 0.5791950 -0.1588378 0.8471594 0.0441538 0.0343974 0.7431417 0.2689061 0.7561036 -0.2715676 -0.3081755 0.0000000 0.3389190 -0.2002681 0.8509016 -0.3412317 0.4700772 0.6566681 0.9484034 -0.1989764 0.8397597 0.9235948 0.4650447 -0.3346333 0.3193360 -0.1498876 0.3237846 0.8430952 -0.2734265 0.4951025 0.9085477 0.4699623 0.9089097 0.7155051 0.7879497 0.4365143 0.3831529 0.4350219 0.9531559 0.1908618 0.2712374 0.8021304 0.9165470 0.2666264 0.2541747 0.5345650 0.9434364 0.8731423 0.7648543 0.9150883 0.4133651 0.6117729 0.8525253 0.4409131 0.6779932 0.9165430 0.6409541 0.9567493 0.1282152 0.6377251 0.7654493 0.7327267 0.8992947 0.9603327 0.5493291 0.8666191 0.7713168 0.8521951 0.8872713 0.8398119 0.7147219 0.8623869 0.7460915 0.7794591 0.8467977 0.6492515 0.6890310 -0.1488814 -0.5068156 -0.5822311 -0.6027607 -0.1783252 -0.2306284 -0.7215616 -0.1472519 0.0720818 0.2379158 0.2709100 0.4140388 -0.4551619 0.0578218 -0.1020022 0.2835854 0.1026730 -0.0362259 0.5681302 0.3365393 0.3738069 -0.1569963 -0.3687110 0.2397376 0.0422949 0.4215474 -0.0489351 0.5592307 0.0556579 0.2221720 0.6373997 0.3100207 0.3485871 0.6461668 0.6584907 0.6934765 0.4052497 0.3074682 0.2853194 0.2277652 -0.0427292 0.2548162 0.4369462 0.3106299 0.1932768 0.1253857 0.4717949 0.4552030 0.4433127 0.3265506 0.0915486 0.0667650 0.5896038 -0.1811412 0.4322946 0.2957394 0.5929012 0.1990621 0.4994300 0.1508565 0.4234949 0.4953118 0.4131273 0.2517920 0.2095992 0.6048876 0.2367959 0.0671870 0.4360951 0.4865928 0.1672295 0.6097008 0.1580893 0.3069945 0.1661582 0.4369190 0.3173535 0.4313146 0.6039398 0.1835968 0.5376078 0.2139945 0.5601431 0.3443847 0.2291287 0.1364252 0.0763780 0.4856514 0.5470231 0.0686848 0.2092909 -0.0404268 0.0685389 0.1803398 0.4605049 0.6212885 0.0884544 0.4278907 0.2594426 0.1611033 0.2898091 0.6634898 0.5073513 0.5287921 0.7252866 0.3475841 0.7300383 0.6928449 0.6233561 0.4122032 0.6291322 0.3525490 0.2781900 0.4550164 0.3776017 0.3548073 0.1137156 0.4048504 0.2138158 0.3110784 0.1726202 0.0743706 0.2552143 -0.5207600 0.2092874 0.2989755 0.0727837 0.0851308 0.2324478 0.2430911 0.4686578 -0.3173209 0.4158379 0.0801268 -0.0978045 0.4807394 0.1907688
0.1408748 0.2059569 0.4416803 0.3174320 0.5069407 0.3487388 -0.2779381 0.2039127 0.3221193 0.6509874 0.7849247 -0.2203355 0.3490853 0.4158996 -0.0376424 0.3389190 0.0000000 0.0995485 0.0564965 0.1572818 -0.2679300 -0.2164689 0.4044991 -0.0178824 0.0132312 0.1566719 0.5698258 -0.1580223 -0.1300097 0.0945038 -0.1280487 0.0516438 -0.1774274 0.0824778 0.1340414 -0.1158094 0.0220259 -0.1724175 0.5337504 0.2335165 0.3181151 -0.0025383 0.2386695 0.2017291 0.0984862 0.0300745 0.0639742 -0.0022199 -0.0492690 -0.2883613 0.1374981 0.2978500 0.0839452 0.3356311 -0.2922160 -0.1247914 -0.0327721 0.1735100 0.5913902 0.0867855 0.2160470 0.2083457 0.0084253 -0.0502050 -0.1642345 -0.2422345 0.0989571 0.1752473 -0.2063367 0.0882424 -0.2241229 -0.0870954 0.0363213 -0.1338934 -0.2882173 -0.0185588 -0.2629696 -0.2135994 -0.0613888 -0.3631420 -0.1620053 -0.5106961 -0.0892460 -0.0341133 -0.2101436 0.1281965 -0.0791595 -0.4812453 0.1286395 0.1896460 -0.0616718 0.0364771 0.2000553 -0.2678011 0.0444625 -0.0838646 0.1906800 -0.0662621 0.1738786 0.1854063 0.3521551 0.0693829 0.1227392 -0.0693801 0.0628346 0.1490435 0.1478058 -0.0454677 0.2958665 0.1212925 0.3252997 0.1905267 0.0869705 0.0751984 0.3468349 0.1382902 0.2859751 -0.0445383 -0.0429275 0.1317653 0.1210588 -0.1545537 0.1841290 -0.1734987 0.2999632 0.1632697 -0.5794203 0.2175525 0.3233942 -0.3777285 -0.1077454 0.1478652 -0.5475521 0.4096131 0.0847072 0.2981086 0.0016179 0.2297046 0.0682271 0.1712034 0.3844472 0.1209521 0.0291705 0.3726001 0.0836707 0.5258904 0.1549313 0.0688422 0.0202826 0.1664390 0.1131276 0.2645799 0.0981395 0.3270303 -0.2573740 0.3391072 0.2199042 0.1828909 0.2074439 0.0312730 -0.2008308 0.0810193 0.1243922 0.1671741 -0.0693512 0.2866264 0.3896211 0.1766022 0.3090442 0.1996505 0.2247050 0.2253469 0.0798894 -0.1329190 -0.0512716 -0.0419061 -0.0967309 0.0957281 -0.0565322 0.1242773 0.2131688 0.3538490 0.6561680 0.5982536 0.4866502 0.0431762 0.2980359 0.0858352 -0.1635281 -0.3467259 0.2345957 -0.3671048 -0.3988161 0.4966314 0.3459766 0.2941281 -0.0384292 -0.2986883 -0.2956274 0.1333943 0.0278398 -0.2025470 -0.0647256 -0.0376451 0.0070295 -0.0976581 -0.0697159 -0.0372037 0.0613846 -0.2085019 0.0726889 0.1050002 0.1207184 0.0299284 0.0450667 0.0974557 0.6737546 0.2503523
