0.0000000 0.6644186 0.3087867 0.1989536 0.3326756 0.6222594 0.6362523 0.0088445 0.5076922 -0.0551161 -0.1180661 0.8016743 0.1077900 -0.2140713 0.4648951 -0.2959452 -0.3213193 0.0399812 -0.2154050 0.0630617 0.5665234 0.0131977 -0.4576787 0.2617658 -0.1739520 -0.3538911 -0.4341330 -0.0754016 0.5208091 -0.0858590 0.0948299 -0.3922728 0.2185890 0.4618817 -0.5164302 0.4102291 -0.4464791 -0.3357955 -0.3745350 -0.3877670 -0.2214189 0.4921003 -0.4383895 0.0237498 0.5176455 -0.2250990 -0.3056796 -0.4095221 0.0015902 -0.3671446 -0.3836648 -0.5845583 0.2460629 -0.4883096 -0.3624284 -0.2586101 -0.3673574 -0.3619931 -0.2103988 -0.3829599 0.2571282 -0.6130768 -0.3656477 0.2204797 0.1093933 -0.2735769 -0.2448345 -0.6604924 -0.3306490 -0.2820056 -0.3012984 0.3830641 -0.3849253 0.3479547 -0.0919148 -0.2441360 0.2598470 0.0048991 -0.0322835 0.2244908 0.1364763 -0.2366211 0.2576197 -0.0135650 -0.2656031 0.1838847 -0.5916820 -0.0911873 -0.1155660 0.0590778 -0.5621715 -0.6735869 -0.0234126 -0.3817722 -0.1068838 -0.5464861 -0.3591866 -0.1957088 -0.2056515 -0.0875998 -0.4003674 -0.0314065 0.0865659 -0.1652167 -0.3914705 -0.3416058 0.0224060 0.0625038 0.2475222 -0.0182924 -0.2389379 0.2558686 0.2658336 -0.0461692 -0.0859051 0.4811518 -0.1373373 0.0163641 0.5506356 0.4608164 0.2752827 -0.1774923 0.0710474 0.1438210 0.3296361 0.4775332 -0.2087251 0.0308047 0.5637006 0.2096453 0.3546722 0.0058853 0.0247642 0.2898949 -0.1216213 0.3684078 0.2954414 0.5172084 0.2983534 0.2561304 -0.0705105 0.4120007 0.0147681 0.0638588 0.2738923 -0.0847527 0.0812478 0.1467294 -0.2245548 0.2380389 0.0758293 0.0694970 0.0743263 -0.1296589 -0.0617165 0.0006278 0.1160789 -0.1573138 0.3056481 0.1960089 -0.4114732 0.0370180 -0.1784992 0.2294027 -0.2486526 -0.1594190 -0.2933913 -0.2593073 0.1306115 0.0076629 -0.6260546 0.1080326 0.3738252 0.3789225 0.4163947 0.5440168 0.6444648 0.1307309 0.3062088 0.2180195 0.2920958 -0.2645128 -0.0644173 -0.3246288 0.0097361 -0.0010405 -0.2840144 -0.0785495 0.1223582 0.5047306 0.3747127 0.3375354 0.2997986 0.6023739 0.3452466 0.3274390 0.3266471 0.5080835 0.3143390 0.3777324 -0.2924102 0.1941994 0.7322638 0.6978657 0.1157237 0.4085696 0.3685261 0.3024076 -0.3888326 0.3776518 0.6739449 0.6037304 0.0282842 0.6372942 0.3373960 -0.0078333 0.2541542 0.1607283
0.6644186 0.0000000 0.6164645 0.6494806 0.4343289 0.9049727 0.5576965 0.3744767 0.8115643 0.4186136 0.3648687 0.7844801 0.3450018 0.4413673 0.7588962 0.2279050 0.1443833 0.5673494 0.2521720 0.0193706 0.7171073 0.1837135 -0.2165540 0.6951324 0.2018647 -0.1032524 0.1288998 0.3218502 0.6747184 0.0443050 -0.0421641 -0.1891740 0.2948989 0.5836244 -0.3517518 0.6302243 -0.2326574 -0.2371087 -0.1106007 -0.3214869 -0.2194288 0.7514818 -0.3279288 0.0239989 0.6028219 -0.2343137 -0.3840978 -0.3904759 0.3661318 -0.4143128 -0.2811071 -0.3414680 0.5656740 -0.1131290 -0.3702642 -0.3190973 -0.1623384 0.1602513 -0.1318311 -0.0623767 0.4157034 -0.3525701 -0.3068178 0.5486353 0.2638320 0.0300131 0.2426834 -0.0690870 -0.0405131 0.3108997 0.1850771 0.6917960 0.2645478 0.5882641 0.3121433 0.3295321 0.6209088 0.4241920 0.4563497 0.5530702 0.4723451 0.1388205 0.6045374 0.2050991 -0.0627561 0.3093139 -0.2172352 0.2535400 -0.0314318 0.1943609 -0.5681711 -0.5033744 -0.0158336 -0.1855982 -0.3846169 -0.3674432 -0.2878669 -0.1306589 -0.4401550 0.3936567 -0.3657108 0.1812232 0.4052653 0.0644287 -0.2349180 -0.3386579 0.2661543 0.2991619 0.3432846 0.3096677 -0.2726542 0.3737056 0.5250631 0.2621730 0.2335468 0.6887506 0.2191481 0.3813230 0.7244589 0.4509146 0.5051622 0.3239744 0.2182245 0.4484203 0.4980224 0.3317092 -0.0135872 0.1479143 0.4001403 0.4146778 0.5826860 0.1957680 0.1861172 0.0810994 -0.0584840 0.2999343 0.2932868 0.4659674 0.3674547 0.3602959 -0.0107357 0.4350301 0.0419496 -0.0768392 0.3360835 -0.1861556 0.1964133 0.2948187 -0.1970771 0.3957169 0.1259889 -0.1208650 0.0188243 -0.2268240 0.1068694 -0.1009985 0.0272216 -0.0718622 0.1756408 0.1913094 -0.2232855 0.1979319 -0.2368227 0.1461121 -0.0286777 -0.1686405 -0.3386534 -0.3362199 -0.0579664 0.0769746 -0.5187368 0.0077675 0.5013984 0.2386885 0.5446663 0.4246908 0.5644602 -0.1955819 0.3878717 0.2457201 0.1847718 0.0065881 0.2683360 0.0136618 -0.0583135 -0.0083148 -0.3604835 -0.1670655 -0.0987167 0.6921283 0.2463078 0.6018818 0.2826121 0.2828773 0.0606069 0.0308717 0.2062535 0.5443225 0.5380809 0.2852885 -0.5198435 -0.0969792 0.5544319 0.6734580 0.1050218 0.5623161 0.2240440 -0.0246301 -0.6136180 0.1184268 0.5326542 0.5642338 -0.0136503 0.4893431 0.0804069 -0.2817979 -0.1469411 -0.1986873
0.3087867 0.6164645 0.0000000 0.6824527 0.7476514 0.6750313 0.4731183 0.7512809 0.7333961 0.5186543 0.5802655 0.5441353 0.8402900 0.4399463 0.5034168 0.4169560 0.4374586 0.7249731 0.5749890 0.3059283 0.5469520 0.5466810 0.1099538 0.4087591 0.5568957 0.3165157 0.4255622 0.3039616 0.2609636 0.2074641 0.1290128 0.3405218 0.0290542 0.0801776 0.1756705 0.3428468 0.3820083 0.3849268 0.1000272 -0.1014191 0.2842116 0.3922718 0.1757483 -0.0410223 0.1432159 0.3784179 0.2734975 0.2596422 0.1715632 0.2401542 0.3472420 0.1344477 0.3721217 0.0144806 0.3119980 0.3740168 0.4226471 -0.0215272 0.2710499 0.4466302 0.4413663 0.0956415 0.2072977 0.3642841 0.2826633 0.3932933 0.4105224 -0.0899698 0.3483884 0.2248343 0.4816906 0.7574834 0.4203733 0.5963323 0.2557126 0.3546118 0.6044898 0.6294293 0.5843941 0.6767100 0.7185203 0.1280717 0.3005187 -0.1300032 -0.3945899 -0.1604189 -0.3002043 -0.2079328 -0.3556753 -0.2088428 -0.5127857 -0.4772388 -0.0349148 -0.3507288 -0.3102162 -0.3030880 -0.1340463 -0.1771091 -0.2864507 0.1594124 -0.4831886 -0.1300211 -0.0090350 0.0842991 -0.1889936 -0.3058879 0.0312302 0.1920037 0.1698354 -0.1110959 -0.2338574 0.0702203 0.3725781 0.1055893 0.0153185 0.4985327 -0.0153418 0.2522616 0.6219500 0.1395700 0.2543818 0.0870590 0.2281295 0.4836495 0.0853698 -0.0549713 0.1293692 0.3313627 -0.1337474 0.0961398 0.1641146 0.1307284 0.0878044 0.0151569 -0.1968905 0.2685937 -0.0348635 -0.0034483 0.0118323 0.0114254 -0.1289797 0.0612273 0.0051106 -0.0092208 0.0903973 -0.0352946 -0.1004161 -0.0164927 -0.1968499 0.0863514 -0.0783935 -0.0697361 -0.2626221 -0.1756791 -0.2414440 0.0874372 -0.0650120 -0.1582505 0.0433416 0.1969930 -0.3147985 -0.1205364 -0.0520309 0.0560174 -0.1607385 -0.2188782 -0.3300771 -0.2803686 -0.3375229 -0.1752490 -0.3989930 -0.2682374 -0.0219131 0.1921859 0.4398808 0.5525844 0.4663291 -0.0892061 0.3558473 0.1437100 0.3037511 -0.0327047 0.4598191 0.0376561 0.4932908 0.3487313 0.0505475 0.0962103 0.0450107 0.6857718 0.0934353 0.7156598 0.6202981 0.1939472 -0.1676371 -0.0982111 0.2190867 0.6224448 0.7817049 0.0494520 -0.0178281 -0.2970036 0.3266113 0.6515252 0.0837330 0.5680565 -0.2534674 -0.0929288 -0.4710578 0.0454310 0.3313642 0.6795281 0.0507778 0.2976547 -0.2762010 -0.5012332 0.1397932 -0.0589767
0.1989536 0.6494806 0.6824527 0.0000000 0.2479678 0.7479083 -0.0133301 0.8603682 0.7430880 0.8293711 0.8117961 0.4225948 0.5555367 0.5616519 0.6487318 0.6378527 0.5493837 0.6210602 0.5054620 -0.0806292 0.7420967 0.3893982 0.1296394 0.7087291 0.4327367 0.3545946 0.2674992 0.2419363 0.6348449 -0.1265385 -0.0940154 0.0466206 0.3944491 0.5262876 0.1300752 0.5591438 0.2862114 0.0630246 0.1927303 -0.0952244 -0.1159672 0.5613762 0.0484882 0.2765456 0.5575330 0.1399332 0.1573618 -0.1549084 0.6104827 0.1137785 0.3221221 0.0391688 0.7906567 0.2214546 -0.1154237 0.0014379 0.3382141 0.3916579 -0.1883518 0.5522586 0.4546778 0.2177772 -0.2558328 0.8306123 0.5921432 0.2529671 0.7530273 0.3610000 0.2886839 0.7596005 0.6726146 0.8709438 0.7554221 0.8245284 0.4918266 0.8419849 0.8845031 0.7997934 0.8950071 0.8924573 0.8789554 0.4687614 0.4409835 0.2045266 0.0730783 0.0492152 -0.0531300 0.1550914 -0.0720485 0.1182102 -0.3630241 -0.3221366 -0.0619932 -0.1205512 -0.4543122 -0.1263934 -0.0315430 -0.0541900 -0.4175243 0.4847114 -0.2421887 0.1538504 0.1678603 0.2952076 0.0344871 -0.4118534 0.2574822 0.2305578 0.2422863 0.2165654 -0.3246933 0.2092522 0.4226810 0.1439279 0.2112860 0.6446814 0.0702609 0.3810217 0.7001242 0.1955396 0.2105579 0.1560450 0.0165339 0.6263637 0.2431053 -0.0858086 -0.1088587 0.1164728 -0.0886165 0.0996131 0.1674538 -0.1071822 -0.1638910 -0.0375896 -0.2741297 -0.0985406 -0.0685830 -0.0429362 -0.0427959 -0.0139727 -0.2436548 0.0040969 -0.2131652 -0.2479403 -0.1112094 -0.4073958 -0.2464290 -0.1359728 -0.2448975 -0.0461417 -0.1946156 -0.3119854 -0.3885822 -0.3093435 -0.2946896 -0.2269706 -0.2097806 -0.4134184 -0.1482560 0.0213357 -0.3813775 -0.2124869 -0.3518265 0.0798317 -0.2770020 -0.4279929 -0.3569542 -0.3154427 -0.3999220 -0.1643988 -0.4057886 -0.2998494 -0.0827426 -0.3102158 -0.0151594 0.1813563 0.3867432 -0.1284201 0.5279166 0.3830124 0.3114782 0.1685555 0.2212671 0.1289123 -0.0279842 0.0883932 -0.4845636 -0.2907529 -0.0240410 0.7662427 0.2778891 0.8704770 0.5579254 0.2711528 -0.2135615 -0.1890829 -0.0977189 0.6651223 0.8350138 -0.1330272 -0.3069468 -0.4568964 0.1100968 0.5470378 -0.3902735 0.2822876 -0.2574655 -0.3558257 -0.4506022 -0.2271646 -0.0000570 0.6782282 -0.4009699 -0.0240042 -0.4684809 -0.5289059 -0.2371154 -0.4696182
0.3326756 0.4343289 0.7476514 0.2479678 0.0000000 0.4369410 0.7474886 0.3618889 0.5919418 0.0617914 0.1384403 0.5451095 0.6291766 0.0527282 0.4273089 -0.0284223 0.0423566 0.4199181 0.3081150 0.5177337 0.2288787 0.4103726 -0.1279087 -0.0417115 0.3235820 0.0621280 0.1614608 -0.1649355 -0.0246181 0.0939036 0.3521238 0.2090366 -0.3247038 -0.2165175 -0.0141424 0.0548250 0.1973368 0.2573816 -0.3037796 -0.1458809 0.3663853 0.0638451 -0.0765894 -0.3109314 -0.1595640 0.2769285 0.1378564 0.2519525 -0.1703893 0.1809247 0.1413954 -0.0889974 0.0021282 -0.3006946 0.3462602 0.3910714 0.2336462 -0.3512763 0.3218421 0.1344641 0.2214887 -0.1788501 0.3153447 -0.1184142 -0.0566734 0.2982077 0.0174904 -0.3901286 0.1632596 -0.2225136 0.1254704 0.3953581 0.0452631 0.2021606 0.0615501 -0.1099941 0.2596932 0.2812879 0.2252645 0.3208769 0.3757382 -0.1509823 0.1969093 -0.3435890 -0.5358758 -0.0184588 -0.3219400 -0.2560666 -0.2983549 -0.3334144 -0.5688559 -0.5338333 -0.3082243 -0.4030326 -0.1911502 -0.4657759 -0.3863318 -0.4211444 -0.2330129 -0.2330206 -0.6355049 -0.4035823 -0.0431276 -0.3925343 -0.5066452 -0.3037928 -0.3497962 -0.1271453 -0.0518796 -0.4544773 -0.3517629 -0.2336850 -0.0778352 -0.3167531 -0.4108027 -0.0106043 -0.3555404 -0.2681082 0.2291221 0.0512992 0.0510446 -0.1479098 0.1978426 -0.0077054 0.0028933 0.0890990 -0.0690435 0.3138945 0.0802698 -0.1667640 0.0705566 0.2559776 -0.0313577 0.0143951 -0.0656565 0.3919416 -0.0785684 0.1845602 -0.0285494 0.1141344 -0.1183691 0.1573666 0.1669067 0.0718163 0.1299649 0.1518081 -0.0218547 -0.0041559 -0.1437913 0.1061228 0.0637166 0.0829286 -0.0338242 -0.1413627 -0.0950466 0.2348432 0.2240457 0.0750535 0.2817317 0.2970753 -0.2090921 0.0265027 0.1759194 0.1774631 -0.0883977 -0.0923755 -0.3314127 -0.2623069 -0.0059866 0.0403561 -0.3252598 -0.0905950 -0.1038479 0.3277243 0.5783863 0.5393068 0.4118640 -0.0887445 0.1260979 0.0021512 0.1891540 -0.1576712 0.3032035 -0.1092553 0.6022730 0.2558503 0.1900803 0.2049404 0.0984985 0.4324406 -0.0058946 0.4161416 0.4342974 0.0986023 0.0188546 0.0804936 0.4228866 0.4697950 0.4742269 0.2467456 -0.0439610 -0.0947796 0.3401000 0.4909231 0.4523182 0.6559832 0.0980022 0.2990439 -0.4687775 0.2538068 0.3595369 0.5117724 0.3679454 0.5772420 0.1993407 -0.2802688 0.3290768 0.4256724
0.6222594 0.9049727 0.6750313 0.7479083 0.4369410 0.0000000 0.5045560 0.4538482 0.9119572 0.5307040 0.4370831 0.8184441 0.3746940 0.3720349 0.8230033 0.2134859 0.2248870 0.5517319 0.1916589 0.0223033 0.7648297 0.2141236 -0.1384513 0.7292301 0.1847436 0.0324883 0.0752672 0.1233197 0.6523467 0.0426915 0.0034449 -0.2564065 0.3822701 0.6621731 -0.1717557 0.4790071 -0.1483741 -0.1865955 -0.0297274 -0.2191903 -0.2314437 0.5833622 -0.1410928 0.1567484 0.6175827 -0.0459591 -0.1337201 -0.3920097 0.4487501 -0.2619811 -0.0527302 -0.1802810 0.6707709 -0.0105690 -0.3318752 -0.2138327 -0.1250748 0.1030184 -0.2634768 0.1679628 0.3405481 -0.1476944 -0.3646424 0.6291526 0.3803145 -0.0837390 0.3135176 -0.1350843 -0.0935619 0.3809953 0.2334590 0.8029911 0.3267954 0.7162300 0.1691801 0.4139505 0.6487371 0.4331858 0.5476383 0.6251465 0.5857876 0.0707078 0.3756516 -0.0033204 -0.1609467 0.0543373 -0.3168501 0.1130462 -0.2629160 0.0690715 -0.6324191 -0.5250028 -0.1758253 -0.2623378 -0.3929513 -0.4909329 -0.3356603 -0.2971770 -0.4138825 0.2918629 -0.3724818 -0.0227933 0.1275584 0.1230269 -0.2885320 -0.4462782 0.0997935 0.0531212 0.1943838 0.1194832 -0.4172523 0.1375891 0.3733900 0.1165397 0.0726494 0.6509156 0.0315161 0.2708440 0.6941682 0.2214116 0.2465985 0.0624477 -0.0226176 0.4209841 0.2514865 0.1675336 -0.2253454 -0.0588553 0.1937146 0.1328992 0.3445341 -0.0825641 -0.0793216 0.0868310 -0.3642985 0.0535522 0.2341453 0.2488323 0.2499018 0.0689809 -0.2926735 0.1908139 -0.2686623 -0.2700637 0.1427333 -0.3994202 -0.0907433 0.0517940 -0.4596006 0.0708532 -0.2126294 -0.3530681 -0.3120073 -0.4606130 -0.2413694 -0.3330220 -0.2722160 -0.4076986 -0.1239603 -0.0534919 -0.4998069 -0.1761824 -0.4284804 -0.0556994 -0.3599106 -0.4335842 -0.5411667 -0.5667720 -0.3310246 -0.2263363 -0.6896312 -0.3040587 0.3659468 0.1917520 0.2951319 0.5141275 0.6401026 -0.0520236 0.4153866 0.2532850 0.2954453 -0.1688953 0.0648457 -0.1583841 -0.1340835 0.0208117 -0.5018267 -0.1749584 0.0262021 0.7928862 0.1811077 0.6681215 0.4844048 0.3801022 -0.0877119 -0.0315288 0.1104316 0.5967535 0.6933111 0.1305372 -0.4294936 -0.0830461 0.4906659 0.6367109 -0.0459848 0.5174891 0.0530294 -0.0844161 -0.6309910 0.1133630 0.3856147 0.6300043 -0.1802570 0.3857142 -0.0626903 -0.4679241 -0.0564088 -0.1700928
0.6362523 0.5576965 0.4731183 -0.0133301 0.7474886 0.5045560 0.0000000 -0.0844706 0.5071447 -0.2716166 -0.2414810 0.7485207 0.2247036 -0.1570129 0.4352985 -0.4019410 -0.3089095 0.3031908 -0.1034854 0.2705180 0.3243621 0.0265014 -0.4104145 0.0438904 -0.0339741 -0.3162373 -0.0704771 -0.1405436 0.1351377 0.0559579 0.1468597 -0.1241805 -0.0957564 0.0488175 -0.3717616 0.1635701 -0.3168144 -0.0758812 -0.4004498 -0.2043587 0.0856859 0.2543236 -0.3047372 -0.1978176 0.0954230 -0.0753355 -0.2454623 -0.0608401 -0.1462051 -0.2286627 -0.2767769 -0.2709527 -0.0153944 -0.3749924 0.0254169 0.0307092 -0.2803656 -0.3837399 0.2594239 -0.2738100 0.2406700 -0.4157252 0.0971218 -0.1569546 -0.0912565 -0.0906844 -0.3393262 -0.6120889 -0.1640436 -0.4654714 -0.2995952 0.2256857 -0.3076828 0.1171297 -0.1160721 -0.4170388 0.0272252 -0.0853749 -0.1171224 0.0618135 0.0427032 -0.3144010 0.2476568 -0.2162449 -0.3390374 0.0860895 -0.3489952 -0.0608187 -0.1571733 -0.0523773 -0.6627047 -0.5764222 -0.1948864 -0.2774624 -0.1888921 -0.5359956 -0.3958466 -0.3414367 -0.0902826 -0.1110677 -0.4080462 -0.2525513 0.0250254 -0.3032505 -0.5287236 -0.2640265 -0.1517093 -0.0636029 0.0411201 -0.1842595 -0.2352747 0.0071527 0.0061672 -0.1489312 -0.2849836 0.1128344 -0.1710842 -0.1673858 0.2607377 0.1624702 0.1500749 -0.1165622 0.2708822 -0.0850310 0.0405600 0.2787101 -0.0759786 0.2130202 0.2939908 0.0316397 0.2359257 0.2559292 0.1157987 0.1447201 0.0185412 0.5336944 0.1952162 0.4142767 0.2703924 0.2722125 0.0877748 0.3306400 0.2208511 0.1040926 0.3535458 0.2353132 0.2045135 0.2055193 -0.0949458 0.2740396 0.1480015 0.1521167 0.1329914 -0.0525381 0.1244262 0.1822122 0.2040948 0.1552842 0.3287761 0.2353728 -0.1870471 0.1551179 0.1060111 0.1551403 -0.0115119 0.0764633 -0.2133574 -0.1912766 0.2102337 0.1260535 -0.3157556 0.1341611 0.3436063 0.6307546 0.7655734 0.7622013 0.5786731 0.1542452 0.1319800 0.0732241 0.1847626 -0.1789715 0.2519285 -0.1130704 0.3783445 0.2690722 0.1774069 0.3952843 0.1946714 0.3650456 -0.0077388 0.1873378 0.2908676 0.1595928 0.1465377 0.1799329 0.4495797 0.2979264 0.2416359 0.3734837 -0.1996206 0.2526473 0.6311940 0.5392865 0.5392686 0.6367842 0.4279400 0.3350800 -0.3929320 0.4228979 0.6103483 0.4163757 0.4328995 0.7150300 0.4665807 -0.1278277 0.3886687 0.4684711
0.0088445 0.3744767 0.7512809 0.8603682 0.3618889 0.4538482 -0.0844706 0.0000000 0.5642698 0.7963365 0.8965298 0.2371280 0.8066975 0.5446032 0.4374610 0.7563470 0.6643739 0.6218936 0.7400540 0.1210771 0.5102618 0.6408827 0.2776185 0.4171420 0.6815305 0.5634135 0.4104587 0.2547083 0.3094558 0.0175795 0.0613051 0.3789979 0.1244768 0.0886186 0.3331784 0.4044726 0.6027322 0.4454972 0.2255813 -0.0794582 0.2482120 0.3619250 0.2448305 0.1029388 0.2105176 0.4372932 0.4384785 0.2544067 0.3186014 0.4665364 0.5533331 0.1650421 0.4984689 0.0981865 0.2901821 0.3652025 0.6113508 0.1792240 0.0266412 0.6625771 0.4399874 0.3167491 0.0275311 0.5634344 0.4487566 0.4001507 0.7864597 0.3299740 0.4515548 0.5943692 0.7567417 0.7270779 0.7342735 0.6488673 0.4498641 0.7400571 0.7916497 0.8615513 0.8759540 0.8706509 0.9321908 0.4468476 0.3153586 0.1086779 -0.1102593 -0.1100186 -0.0940627 -0.1618383 -0.0873420 -0.0817746 -0.2239843 -0.3002785 0.0201802 -0.2426552 -0.2825294 0.0144547 0.0854286 0.0212178 -0.3071709 0.3047314 -0.2475184 0.0121251 0.0222606 0.2382155 0.0686039 -0.2580128 0.1474523 0.2516612 0.2245158 -0.0299699 -0.1687333 0.1563319 0.3024036 0.0293173 0.1250839 0.4509280 -0.0102486 0.2761103 0.5887247 0.1851287 0.2086634 0.1414609 0.1707755 0.5761910 0.1518493 -0.2015338 0.0922783 0.3581782 -0.2300910 0.0305480 0.0076867 -0.0159510 -0.0802338 -0.0429572 -0.1159764 0.0504552 -0.2618900 -0.1053766 -0.1826744 -0.0112582 -0.1667488 -0.0245523 -0.0180955 -0.0076302 -0.1215752 -0.1739594 -0.1954859 -0.1494917 -0.0695743 -0.0112186 -0.0823527 -0.0557888 -0.2637528 -0.1288466 -0.2721977 0.1272887 -0.0554552 -0.2423906 0.0080183 0.1787654 -0.2922496 -0.1767832 -0.1063271 0.2052767 -0.1616278 -0.2877579 -0.2480885 -0.1282458 -0.3243742 -0.1040825 -0.2200667 -0.2514032 -0.4237218 -0.3591421 0.0122385 0.1608220 0.2319702 -0.1451236 0.4374616 0.3096820 0.2991576 0.1725274 0.3126849 0.1212698 0.3001145 0.2020080 -0.2257816 -0.2059938 0.0022943 0.6706620 0.2700186 0.8375125 0.6107721 0.1976147 -0.2209324 -0.1844631 -0.0889453 0.6342593 0.8430717 -0.1877459 -0.0340123 -0.5427763 -0.0416614 0.4813468 -0.3232905 0.3103418 -0.3406297 -0.2938192 -0.3655385 -0.2247992 -0.1086541 0.6683968 -0.2585159 -0.0443644 -0.5260225 -0.5023594 -0.1897443 -0.4241728
0.5076922 0.8115643 0.7333961 0.7430880 0.5919418 0.9119572 0.5071447 0.5642698 0.0000000 0.5590405 0.5544646 0.7784662 0.5302262 0.4046530 0.7595360 0.3463196 0.3012294 0.6560315 0.4094690 0.2526727 0.6298211 0.4155465 -0.0048388 0.4792853 0.3954412 0.2572971 0.1508930 0.0090519 0.4279440 0.0209386 0.2147722 -0.0659939 0.1636603 0.4335333 0.0018520 0.3402459 0.1166461 0.0028962 -0.0641896 -0.1990074 -0.0156563 0.4427094 -0.0608948 0.0193636 0.4507819 0.1537359 0.0558359 -0.2029942 0.2644357 -0.0609344 0.1418689 -0.1435467 0.5795019 -0.1267161 -0.1202919 0.0361116 0.1489289 -0.0858308 -0.1843418 0.3408400 0.3232397 -0.1033299 -0.1220147 0.5015682 0.3332779 0.1261976 0.4707559 -0.1747365 0.1597579 0.3262885 0.4393294 0.8315717 0.4186694 0.6877705 0.3595219 0.4273850 0.6803805 0.5924424 0.6200034 0.6827530 0.6934255 0.0189058 0.3087421 -0.1879943 -0.2987002 -0.0479367 -0.3399600 0.0445585 -0.3395646 -0.1262903 -0.6833377 -0.5657273 -0.3200916 -0.3668373 -0.4547667 -0.5754125 -0.4812322 -0.4533362 -0.5227746 0.1060084 -0.5859574 -0.1650417 0.0019095 -0.0062687 -0.4402324 -0.5211513 -0.1081658 -0.1125303 0.0809284 -0.0997939 -0.5441839 -0.0433201 0.1867445 -0.0672180 0.0113656 0.5302519 -0.0304396 0.1557752 0.6980320 0.1288797 0.1654229 0.0500524 -0.0536321 0.4091835 0.1890114 0.0252300 -0.1982593 0.0553595 0.0581365 0.0359955 0.2563482 0.0221390 -0.1335683 -0.0035960 -0.3657792 0.1345118 0.0761559 0.1448681 0.1073516 -0.0247267 -0.3983023 0.0951011 -0.2685550 -0.2336559 0.1084843 -0.3554542 -0.1374155 -0.0303142 -0.5095661 -0.0315468 -0.2758038 -0.3420153 -0.3599399 -0.4953121 -0.3095899 -0.2651637 -0.2599892 -0.3748390 -0.1519287 -0.0506978 -0.5693979 -0.2541726 -0.3818981 -0.0546070 -0.4367821 -0.4492818 -0.6071325 -0.6254518 -0.3996088 -0.2562721 -0.6595908 -0.3840249 0.1276893 0.1040255 0.2232002 0.4638020 0.5389972 -0.1035380 0.2812494 0.1362677 0.2249311 -0.2696272 0.0744628 -0.2165039 0.0115611 0.1217512 -0.4206329 -0.1619975 -0.0016268 0.7917369 0.1404554 0.7195044 0.4971055 0.2945143 -0.1536117 -0.1103060 0.1000242 0.6076375 0.7280432 0.0287134 -0.3631443 -0.1715237 0.3437167 0.5780192 -0.0217364 0.4679521 -0.0366653 0.0391886 -0.6812912 0.0791335 0.2752184 0.6369114 -0.1117647 0.3339677 -0.0636592 -0.4004668 0.0258984 -0.0617750
-0.0551161 0.4186136 0.5186543 0.8293711 0.0617914 0.5307040 -0.2716166 0.7963365 0.5590405 0.0000000 0.9312894 0.2452844 0.5659844 0.7692505 0.5013729 0.8472386 0.8161189 0.4229081 0.7034243 0.1589838 0.4540583 0.5792343 0.4970687 0.6041719 0.6483522 0.6240067 0.4999790 0.2575349 0.3730380 0.1707854 0.1294231 0.2115869 0.1859845 0.2900847 0.3790092 0.3272471 0.4546493 0.2985720 0.2940099 -0.1333776 0.1212343 0.3172783 0.2819207 0.0922765 0.3053936 0.3000774 0.2851850 0.0623064 0.4106153 0.1581945 0.3612416 0.1193835 0.5454334 0.1907902 -0.0094096 0.0304839 0.3868013 0.3197238 -0.3425796 0.5448216 0.1386406 0.2338630 -0.1747558 0.6184974 0.3023014 0.2064514 0.7237307 0.4379290 0.2746312 0.7473598 0.6639206 0.6656372 0.6951832 0.5990880 0.3343960 0.7886768 0.7043712 0.6670602 0.7839867 0.7299795 0.7242053 0.4069989 0.2201209 0.1535465 -0.0905260 -0.1307836 -0.0154733 -0.0968448 -0.1934907 -0.1317721 0.0674943 0.0315511 0.0256911 -0.2500486 -0.1496780 0.1297515 0.0464254 -0.0516238 -0.4553322 0.3522065 -0.1399389 0.0492117 0.0431985 0.3734172 0.1447211 -0.1320178 0.1065738 0.1272948 0.1315266 0.0504326 -0.1554954 0.0942803 0.3126311 0.1608104 0.3641989 0.5076114 0.2223720 0.4404578 0.4921899 0.1596352 0.2237836 0.2134218 0.0110335 0.5474852 0.2621131 -0.2317141 0.0079645 0.0295002 -0.1897770 0.0407552 0.0534405 -0.1854600 -0.1392572 -0.0703598 -0.2043963 -0.2905877 -0.1587721 -0.1283221 -0.1565346 -0.1200563 -0.2490784 -0.0687633 -0.2323958 -0.1865252 -0.1748530 -0.3850894 -0.2454552 -0.1286250 -0.1482978 -0.0880512 -0.2494248 -0.3002429 -0.3728165 -0.2180909 -0.3092756 -0.1490300 -0.3235816 -0.4255327 -0.2214659 -0.0938957 -0.2942358 -0.2194930 -0.2169225 -0.0710414 -0.2461941 -0.3097023 -0.2609846 -0.2690859 -0.4506407 -0.2315004 -0.2740369 -0.3426236 -0.0709296 -0.2897206 -0.1620917 -0.0496760 0.1781453 -0.1674473 0.3299872 0.1851045 0.1963846 -0.0172966 -0.0297835 -0.0947736 -0.2297833 -0.2026920 -0.5262719 -0.4021228 -0.0375499 0.6013336 0.1924776 0.6288461 0.3767724 0.1549970 -0.2957026 -0.2594338 -0.1762721 0.4459140 0.6578391 -0.2587659 -0.1870963 -0.3403735 -0.1913085 0.1253687 -0.3708645 0.1932341 -0.4020677 -0.2438782 -0.4392536 -0.1251496 -0.2465885 0.3318740 -0.4341196 -0.1246623 -0.4873761 -0.2952563 -0.4204493 -0.5693720
-0.1180661 0.3648687 0.5802655 0.8117961 0.1384403 0.4370831 -0.2414810 0.8965298 0.5544646 0.9312894 0.0000000 0.1958466 0.7189213 0.7656142 0.4537348 0.9309422 0.8090611 0.5930980 0.8533917 0.2040110 0.3787471 0.7070435 0.4939070 0.4603494 0.8064307 0.7077468 0.5371126 0.3198857 0.2344925 0.1687410 0.1784558 0.4143054 0.1013686 0.1251528 0.4264972 0.3003950 0.6258066 0.4816840 0.3113044 -0.1100798 0.2944390 0.3049293 0.3364931 0.0402268 0.1915492 0.4491531 0.3928346 0.2483862 0.2806593 0.3625792 0.4834451 0.1754007 0.4532576 0.1119852 0.2186085 0.2595261 0.5651266 0.2125355 -0.1872155 0.6392358 0.2231506 0.2798903 0.0163156 0.5220731 0.3076305 0.3413686 0.8304127 0.4347244 0.4331343 0.6886673 0.7859186 0.6496504 0.7610262 0.5475869 0.4593289 0.7903773 0.7029163 0.7906379 0.8262510 0.7540053 0.8193411 0.3785333 0.2237588 0.1108032 -0.1123572 -0.1820962 -0.0505045 -0.1320748 -0.1276799 -0.1287242 -0.0244360 -0.0898928 0.0140613 -0.2484101 -0.1654976 0.1099406 0.0321756 -0.0124792 -0.4220920 0.3031955 -0.1747540 0.0157476 0.0137460 0.3001690 0.0993146 -0.1096591 0.1146620 0.1615183 0.1547076 0.0082693 -0.1329809 0.1140139 0.2694433 0.1379706 0.3291043 0.4419378 0.2213889 0.4014503 0.5196880 0.1255350 0.2314329 0.3089945 0.1090394 0.5914971 0.2189259 -0.2883367 0.1897749 0.2446207 -0.2527701 0.1178896 0.0566449 -0.0119466 0.0018864 -0.1272895 -0.0894780 -0.0625334 -0.2279884 -0.1227549 -0.1289949 -0.0585134 -0.2293685 -0.0561509 -0.1291814 -0.0508044 -0.0896986 -0.2714514 -0.1139516 -0.0511498 -0.1244435 -0.0138071 -0.1478366 -0.1644554 -0.2639378 -0.2050811 -0.2145535 0.0047426 -0.2311970 -0.2464321 -0.1465706 -0.0077674 -0.2203067 -0.1630847 -0.1982919 0.0164366 -0.1467237 -0.3000823 -0.2875062 -0.2326779 -0.4225481 -0.1808015 -0.2167661 -0.3393819 -0.2633028 -0.3264043 -0.1162858 -0.0400375 0.0864004 -0.2503183 0.2611289 0.1438602 0.1135991 0.0275447 0.1162151 -0.0120459 -0.0273405 -0.0108399 -0.3617698 -0.3662110 -0.1312270 0.5857731 0.1428452 0.6621680 0.3644042 0.0654897 -0.3406561 -0.3086417 -0.2675071 0.4006479 0.6785775 -0.2998887 -0.0686606 -0.4011930 -0.1799994 0.2127682 -0.3099704 0.2322772 -0.3321099 -0.2279960 -0.4212741 -0.1736707 -0.2196571 0.3927166 -0.2827416 -0.1464956 -0.4878263 -0.3582944 -0.4101628 -0.5789430
0.8016743 0.7844801 0.5441353 0.4225948 0.5451095 0.8184441 0.7485207 0.2371280 0.7784662 0.2452844 0.1958466 0.0000000 0.3855979 0.0927659 0.7799450 -0.0399259 -0.0089140 0.2850101 0.1040199 0.2854910 0.6621531 0.2718160 -0.1437163 0.4012241 0.1574216 -0.0340242 -0.0156977 -0.1566722 0.5020267 0.1099537 0.2634244 -0.2152935 0.0705906 0.4100278 -0.1969105 0.3812088 -0.1829207 -0.0856702 -0.2829135 -0.3631020 -0.0213273 0.4502605 -0.1730177 -0.0951845 0.4399956 0.0502688 -0.0819353 -0.2170564 0.0508075 -0.1985290 -0.1300690 -0.3362274 0.3325054 -0.4076742 -0.1667625 -0.0692640 -0.1999708 -0.3339272 -0.2882800 -0.0525268 0.1801289 -0.4098899 -0.2119248 0.2696065 0.0810121 -0.1846049 -0.0288403 -0.5087059 -0.1889087 -0.0972260 -0.0742087 0.5746061 -0.0868212 0.4642859 -0.0297247 -0.0358243 0.4180553 0.1790056 0.2437925 0.4297725 0.3761275 -0.1646916 0.2710727 -0.1478516 -0.3489445 -0.0146809 -0.5137228 -0.1407435 -0.2340964 -0.0534874 -0.6374891 -0.6400644 -0.2473584 -0.3827173 -0.1557555 -0.4756773 -0.4624772 -0.4401071 -0.3732052 0.0382672 -0.4100328 -0.2515182 -0.0767346 -0.0504967 -0.4570833 -0.3096235 -0.1471147 -0.1220891 0.1034096 -0.1193399 -0.3245669 0.1117042 0.1267934 -0.0858362 -0.0337187 0.4299829 -0.0473245 0.1061132 0.6027798 0.2963100 0.2273061 -0.1085973 0.1351659 0.3028785 0.2841338 0.2080957 -0.1423458 0.0919111 0.3213143 0.0889171 0.2257845 -0.0075233 -0.0233523 0.1033503 -0.1859971 0.3247426 0.1311315 0.3763171 0.1953960 0.1300873 -0.1748210 0.2538953 -0.1057586 -0.0641211 0.2018405 -0.1549523 0.0090319 0.0899904 -0.3060977 0.1094278 -0.1066366 -0.0783715 -0.1110218 -0.2714342 -0.1031587 -0.0206361 -0.0656076 -0.2783710 0.1436744 0.0131097 -0.4801820 -0.0677436 -0.1746374 0.0925710 -0.3097675 -0.2687389 -0.4460099 -0.4437847 -0.0265538 -0.0843994 -0.6518195 -0.0771074 0.3239941 0.4524670 0.4749739 0.6483858 0.7045365 0.1242170 0.3291952 0.2079664 0.2665983 -0.2983320 -0.0462086 -0.3389308 -0.0633142 -0.0608892 -0.3951034 -0.0229922 0.1765111 0.6951352 0.1498103 0.4734333 0.4266397 0.3807133 0.0106586 0.0693569 0.2211724 0.5135473 0.5451473 0.1978241 -0.3772676 0.2729756 0.6108474 0.6232740 0.1998196 0.6400837 0.3536271 0.2624944 -0.6079417 0.5385756 0.5218431 0.6460084 0.0116732 0.6063910 0.3210197 -0.2185384 0.1029144 0.0594660
0.1077900 0.3450018 0.8402900 0.5555367 0.6291766 0.3746940 0.2247036 0.8066975 0.5302262 0.5659844 0.7189213 0.3855979 0.0000000 0.4864217 0.3998573 0.6210254 0.5752419 0.5645531 0.8132379 0.5454268 0.2801373 0.8552486 0.3948934 0.1499197 0.8337510 0.5728947 0.4977197 0.2211688 0.0028312 0.3222474 0.4261761 0.6378372 -0.2413915 -0.2275146 0.4133384 0.1471491 0.7086235 0.7268280 0.1155322 -0.1712295 0.6468565 0.1488527 0.3887902 -0.2150950 -0.1431380 0.6993755 0.5388101 0.6068635 -0.1308029 0.5792739 0.5273481 0.1711037 0.0821412 -0.1742132 0.6316706 0.6587243 0.6603876 -0.2186841 0.1300055 0.5256413 0.1853671 0.0794240 0.4074013 0.1282468 0.0473139 0.4881317 0.4701210 -0.0605241 0.4596929 0.1566031 0.5656308 0.5434502 0.3788074 0.3524721 0.2309954 0.3099755 0.4806962 0.6410213 0.5367467 0.5847420 0.6913798 0.0384179 0.1062167 -0.1952933 -0.5236480 -0.3046739 -0.3771891 -0.4593949 -0.3227796 -0.3851511 -0.2561892 -0.4001871 -0.0843578 -0.3877651 0.0293231 -0.0717749 -0.1437258 -0.1662541 -0.3532014 -0.0357435 -0.4160388 -0.2833557 -0.1591325 0.0100592 -0.1609059 -0.0034311 -0.1534256 0.0636844 0.0120289 -0.3317906 -0.1317853 -0.0422288 0.1348268 -0.0055961 0.0146030 0.2192055 -0.0087788 0.1860612 0.4506717 0.0498643 0.1615082 0.1222243 0.2748639 0.4988776 0.0948194 -0.2491361 0.3834937 0.4319832 -0.2184134 0.0579777 -0.0409917 0.1628991 0.1502322 -0.1862943 -0.0465715 0.2950482 -0.3214178 -0.0873167 -0.1750239 -0.0612082 -0.2056069 -0.0524459 0.0391391 0.0899346 -0.0346459 -0.0070487 -0.0714217 -0.0400261 -0.1131307 0.0411482 -0.0482452 0.0335300 -0.1529617 -0.1452843 -0.1782986 0.2679675 -0.0172427 -0.0364632 0.1193663 0.1371767 -0.1534171 -0.0857172 0.0212850 0.0616908 -0.0674688 -0.2561026 -0.3445052 -0.2367037 -0.2997435 -0.1754369 -0.3350644 -0.2796688 -0.3144511 0.1272363 0.2697663 0.3033463 0.1724859 -0.2285342 0.1398548 -0.0376236 0.0608980 -0.1037750 0.2991901 -0.0826821 0.4362458 0.1888788 0.0775401 -0.0771808 -0.0960343 0.5031724 -0.0433908 0.5463123 0.4217954 0.0149670 -0.3183464 -0.2418479 -0.0658369 0.4006054 0.6523636 -0.1635870 0.1986140 -0.2041975 0.1007950 0.4252267 0.1748760 0.5460922 -0.1553739 0.0860650 -0.4195651 0.1830938 0.1540776 0.5545248 0.1745322 0.2092343 -0.2235368 -0.3829051 -0.0626582 -0.2088020
-0.2140713 0.4413673 0.4399463 0.5616519 0.0527282 0.3720349 -0.1570129 0.5446032 0.4046530 0.7692505 0.7656142 0.0927659 0.4864217 0.0000000 0.2829511 0.8592756 0.8574259 0.5579558 0.7807844 0.1921303 0.1522452 0.5416668 0.4450555 0.4653343 0.7142895 0.4115223 0.7285362 0.6143030 0.1195776 0.3218429 0.0512549 0.3652185 -0.0473502 0.0349290 0.2000369 0.2192173 0.3853859 0.3176266 0.2043854 -0.3057959 0.2496917 0.2921729 0.1665220 -0.2122921 0.0288378 0.1334140 -0.0362897 0.1696802 0.1799346 -0.0405727 0.0636071 0.0626395 0.2072210 0.1272991 0.0546482 -0.0444015 0.3553253 0.4007717 -0.0998903 0.2735492 0.0140064 0.0318052 0.0640824 0.3165655 -0.0411324 0.4347085 0.5910014 0.5038162 0.3551294 0.6279523 0.6206329 0.3462171 0.6204414 0.2401964 0.3994211 0.6249654 0.4061106 0.5576696 0.5247450 0.4178032 0.4243726 0.3164304 0.3113639 0.1872776 -0.0879697 -0.0463153 0.1278444 0.0817849 -0.1489486 -0.1533731 0.1335093 0.1171988 0.0604232 -0.0010346 -0.0278892 0.2228138 -0.0332711 0.0396948 -0.5687969 0.4331497 -0.1280899 0.1634568 0.2612035 0.3335103 0.1140149 0.1650941 0.1963033 0.2885568 0.0662016 0.2792950 -0.0435909 0.1772649 0.4649116 0.5301547 0.6081132 0.4106046 0.6211137 0.6358811 0.3649100 0.1094620 0.4371400 0.6751619 0.2031670 0.5535469 0.3662267 -0.1924731 0.4668986 0.1572715 -0.1707009 0.3683510 0.2884800 0.1824268 0.3062660 -0.3081797 0.0671380 -0.0778755 -0.0991873 -0.0875522 0.0203127 0.0368830 0.0370279 -0.0076416 0.0492611 -0.1177895 0.0021154 -0.1233586 0.0749395 0.1436480 0.0641834 0.2129664 0.0214003 -0.2296783 -0.1142712 -0.0320802 0.0954281 -0.0053331 -0.1839236 0.0434428 -0.0512013 -0.0647770 0.1791964 0.1265825 -0.0072228 -0.1764307 0.1801594 0.0066827 -0.0436014 -0.1136659 -0.3458940 -0.1082978 -0.0337065 -0.1615261 0.2387868 0.0312672 0.1397670 -0.1182135 -0.1439289 -0.4868952 -0.0144816 -0.1643751 -0.2516201 0.0767610 0.2461324 0.1355882 -0.1705389 -0.1398540 -0.1523285 -0.2499664 -0.4280504 0.2225093 -0.1488488 0.2869523 -0.0477002 -0.3281773 -0.3627276 -0.4060739 -0.2520731 0.0396132 0.2848071 -0.1893740 -0.2757483 -0.3212902 -0.2247695 -0.0709586 0.0621311 0.2710584 -0.2394273 -0.1923065 -0.4984023 -0.1259019 -0.0567893 -0.0128250 0.0235976 0.0075856 -0.3277418 -0.1579437 -0.4924504 -0.5803254
0.4648951 0.7588962 0.5034168 0.6487318 0.4273089 0.8230033 0.4352985 0.4374610 0.7595360 0.5013729 0.4537348 0.7799450 0.3998573 0.2829511 0.0000000 0.2083232 0.1339250 0.3807888 0.2313677 0.1058078 0.6542576 0.2889085 -0.0457826 0.6699284 0.2179261 0.1039337 0.0807124 -0.1220291 0.5757206 0.1287160 0.1442216 -0.2206030 0.2237771 0.5071335 -0.0788087 0.4479675 -0.0717784 -0.0932151 -0.0365281 -0.1439610 -0.1032543 0.4526036 -0.0669625 0.0721903 0.4508104 0.0576123 -0.0332185 -0.2738703 0.3379686 -0.0922502 -0.0038503 -0.1328771 0.5168636 -0.1025903 -0.2066728 -0.1170680 -0.1608741 0.0254813 -0.4108626 0.1591122 0.1882561 -0.1123194 -0.3768277 0.4633247 0.2062174 -0.2405743 0.2505395 -0.0069764 -0.1961237 0.3618888 0.1290071 0.6287664 0.3247455 0.5059057 0.0390233 0.3771862 0.6072191 0.3250586 0.5538950 0.5619056 0.5534477 0.1621095 0.3988563 0.0931322 -0.0990040 0.1567128 -0.1930473 0.0221467 0.0070365 0.1722822 -0.4448580 -0.4156008 -0.1682757 -0.2137801 -0.1598976 -0.2192968 -0.2301477 -0.2238661 -0.2722980 0.2657259 -0.1440921 -0.1294381 0.1719264 -0.0032612 -0.1666804 -0.1960431 -0.0046646 -0.0019890 0.2495543 -0.0232593 -0.1988069 0.1310309 0.1040088 -0.1135588 -0.0804038 0.3128022 -0.1268755 0.0809504 0.4639706 0.2882995 0.2219769 0.0530906 0.1259704 0.2902161 0.3523812 0.2055344 -0.2098756 0.0742778 0.3379979 0.0529964 0.2557586 0.0223976 -0.0732653 0.0518465 -0.0896749 0.1370003 0.1468462 0.4418065 0.2385016 0.2473937 -0.3103694 0.3406682 -0.1599861 -0.0934684 0.2151193 -0.4321704 0.1025035 0.2089524 -0.3603750 0.1731762 -0.0410788 -0.1376451 -0.0270804 -0.5021959 0.0000043 -0.1519421 -0.0492668 -0.2507525 0.0343866 0.0504904 -0.3254886 0.0273083 -0.4028249 0.1520157 -0.1660853 -0.4967920 -0.6244903 -0.5040858 -0.0677519 0.0324918 -0.5782696 -0.1999710 0.1318167 0.0500695 0.3012038 0.3296790 0.5860675 -0.0874631 0.4531453 0.3617284 0.2875784 -0.0369374 -0.0541553 -0.1563163 -0.2056306 -0.2601902 -0.6022285 -0.3736797 0.0684644 0.7545298 0.2114871 0.5781171 0.3481492 0.3322895 -0.0559767 0.0353408 0.0277882 0.4731609 0.6396568 0.1673006 -0.3399699 0.1260046 0.4591507 0.5265043 0.0454852 0.6356251 0.3735084 0.0379713 -0.5667842 0.3183706 0.2743080 0.5935724 -0.1209108 0.4043350 0.1595414 -0.5006623 -0.3254213 -0.2109732
-0.2959452 0.2279050 0.4169560 0.6378527 -0.0284223 0.2134859 -0.4019410 0.7563470 0.3463196 0.8472386 0.9309422 -0.0399259 0.6210254 0.8592756 0.2083232 0.0000000 0.8537088 0.5239926 0.9041549 0.2318732 0.1323464 0.6976634 0.6004941 0.3241395 0.8289256 0.7010349 0.6231503 0.4906345 0.0456553 0.2389386 0.1748682 0.5202838 -0.0241750 -0.0414364 0.4556153 0.1928272 0.6868884 0.5138913 0.3713889 -0.1112591 0.3638125 0.2158401 0.3667704 -0.0614748 0.0254518 0.4020249 0.3256480 0.3379393 0.1462307 0.3268218 0.4178335 0.1964823 0.2592741 0.1413723 0.2602811 0.2470083 0.6409221 0.2741733 -0.1156036 0.5581265 0.0992389 0.2486174 0.1535190 0.3836569 0.1416601 0.4882880 0.8116804 0.5388558 0.5605674 0.6716983 0.8240231 0.4347031 0.7305049 0.3414080 0.5386825 0.7412132 0.5439261 0.7423731 0.6751521 0.5722291 0.6210096 0.3775085 0.1870127 0.1508998 -0.0748438 -0.1520942 0.0806992 -0.0513981 -0.0972910 -0.1844290 0.1943174 0.1161390 0.1028908 -0.0894852 -0.0452269 0.2760654 0.0663104 0.1010511 -0.4653938 0.3059303 -0.1063289 0.1335371 0.1046662 0.3385045 0.1917988 0.1100978 0.1439389 0.2280825 0.0959317 0.1001628 -0.0228674 0.1254774 0.3047493 0.2981486 0.5143967 0.3646770 0.4346635 0.5297474 0.4145214 0.0930523 0.2959599 0.5217296 0.1237226 0.6128148 0.2796244 -0.3355319 0.4153029 0.2227617 -0.2979823 0.2507300 0.0959329 0.0970350 0.1571698 -0.2807215 0.0198621 -0.0880409 -0.2666730 -0.2064580 -0.1662627 -0.0821192 -0.1399517 -0.1106172 -0.0531538 -0.0434116 -0.1038476 -0.2151974 -0.0437766 -0.0086504 -0.0105169 0.0321419 -0.0828671 -0.1652945 -0.1750862 -0.0994637 -0.0806676 0.0205309 -0.2053662 -0.0745649 -0.1430354 -0.0452141 0.0070728 -0.0438213 -0.1252198 -0.0877840 0.0237409 -0.1592727 -0.1356168 -0.1130539 -0.4172531 -0.1547144 -0.0427998 -0.2627223 -0.1935616 -0.3121922 -0.1522764 -0.2428352 -0.2041526 -0.3923338 0.0346538 -0.0676417 -0.1339899 0.0759653 0.1740089 0.0897412 -0.0683532 -0.0525115 -0.1922591 -0.3644383 -0.3119381 0.3039964 0.0197445 0.4382401 0.0762787 -0.1654774 -0.3729538 -0.4000731 -0.3505686 0.1532768 0.4198045 -0.3576166 -0.0117228 -0.4291661 -0.3527217 -0.0224049 -0.2194769 0.0643860 -0.3877649 -0.2106415 -0.3075106 -0.2398299 -0.2569689 0.1344060 -0.1581946 -0.2474974 -0.4933629 -0.1643851 -0.4863289 -0.6410932
-0.3213193 0.1443833 0.4374586 0.5493837 0.0423566 0.2248870 -0.3089095 0.6643739 0.3012294 0.8161189 0.8090611 -0.0089140 0.5752419 0.8574259 0.1339250 0.8537088 0.0000000 0.3778870 0.7675454 0.2533212 0.0640370 0.6714632 0.5429061 0.2781560 0.7491822 0.5602368 0.6724184 0.3847478 -0.0391690 0.2954261 0.1397302 0.3982648 -0.1406061 -0.1508864 0.4127344 0.0047312 0.5944675 0.4994813 0.1966767 -0.3128852 0.3827677 0.0051595 0.3640531 -0.1946303 -0.1314395 0.4021160 0.3192461 0.3404277 0.0860015 0.2889106 0.3679914 0.1741965 0.1128188 0.0976554 0.2554101 0.1872251 0.5201885 0.2530077 -0.1654167 0.4807225 -0.0897754 0.2086836 0.0811383 0.2643107 -0.0178780 0.4135593 0.6505864 0.4072995 0.3608039 0.5876849 0.6794247 0.2836117 0.6009959 0.2473108 0.2290320 0.6228946 0.3703234 0.5971839 0.5734423 0.4803600 0.5217117 0.2712190 0.0236368 -0.0254241 -0.2376332 -0.3258007 0.0135220 -0.2211160 -0.3492353 -0.4074297 0.1884399 0.0934804 -0.0902860 -0.0525220 0.1084940 0.2389596 -0.0270183 -0.0767374 -0.5621380 0.2636311 -0.1006537 -0.0772685 -0.0866219 0.4110690 0.0674732 0.1753390 -0.0322792 0.0657028 -0.1682726 -0.0067397 -0.1456346 -0.0568962 0.2441316 0.3181356 0.4270225 0.2495733 0.3997338 0.4861928 0.2745836 -0.0855275 0.1751473 0.3725663 0.0280936 0.5244487 0.1158750 -0.4193207 0.3558143 0.0176077 -0.4326160 0.0083910 -0.1137507 -0.1665873 0.0063138 -0.3706440 -0.1759448 -0.3250455 -0.3854742 -0.3763030 -0.3049003 -0.2875628 -0.1272995 -0.3316834 -0.1034959 -0.2576263 -0.3601644 -0.1727983 -0.3078071 -0.2582529 0.0158341 -0.1390968 -0.2531228 -0.3394366 -0.3947358 -0.0384742 -0.2622970 0.0121866 -0.3452198 -0.2289953 -0.1656242 -0.2418638 -0.0394489 -0.2341467 0.0505364 -0.2758539 -0.0910299 -0.0994133 -0.0481322 -0.1250131 -0.4954986 -0.3543515 -0.0620795 -0.3184001 -0.1114964 -0.0698536 -0.1243834 -0.0481928 -0.2264332 -0.3324934 -0.0536192 -0.1938101 -0.1976319 -0.0370796 0.0719829 -0.0108339 -0.0947374 -0.0853482 -0.1747028 -0.1634098 -0.2767595 0.1779359 -0.1985007 0.3148235 0.1877060 -0.3002270 -0.4935107 -0.4797697 -0.3532154 0.1024318 0.4014553 -0.4052721 -0.1296403 -0.4371651 -0.4676348 -0.1826673 -0.0714727 0.1918602 -0.4344250 -0.2382031 -0.4470453 -0.1454023 -0.3133521 0.0709040 -0.0873143 -0.0759801 -0.4978323 -0.2433506 -0.3676402 -0.5649974
