0.0000000 0.2395425 0.2076540 -0.4998937 0.1188634 -0.2988962 0.4170572 -0.4740323 -0.1589998 -0.3700664 -0.4157965 0.1355049 -0.3118332 -0.0232719 0.3235540 -0.3938953 -0.5259945 0.2873911 -0.3343441 -0.3447200 0.1208373 -0.1085486 -0.3223080 0.1777445 -0.3370565 -0.0826712 -0.7112697 0.2720351 0.1631000 -0.3127015 -0.0370242 -0.1582453 0.1146252 0.1066902 -0.1197142 0.0527737 0.0588129 -0.0350425 -0.6050126 -0.3549884 0.1768529 0.1726918 -0.3670656 -0.1716953 0.1221185 0.1123135 0.2484872 0.2189599 -0.1467030 0.3563106 0.2746737 -0.5012652 -0.1031912 -0.2960962 0.0786139 0.1780827 0.0923677 -0.1924798 -0.0789556 0.2422251 -0.0252518 0.0746100 -0.1334149 -0.2515752 -0.0321833 0.1209976 0.2717245 0.0232960 -0.0777866 -0.1017681 -0.1072543 -0.0421909 -0.0077600 -0.0851851 0.2853423 -0.0984099 0.0260891 -0.1129404 -0.0726455 -0.1048978 -0.2730768 0.6420701 0.5081946 -0.1429366 -0.1656321 0.2244945 0.6354923 0.0157771 0.5058969 0.3616461 0.1622498 0.1930754 0.0185611 0.0469575 0.3823241 0.3030459 0.3607461 0.0813033 0.3265529 0.2495814 0.2835858 0.0259955 0.0724468 -0.0495557 0.2945897 0.1534626 0.2470686 0.1571344 0.1254741 0.0312689 0.3318214 0.2444082 0.1352945 0.1116644 0.3423865 0.1382093 0.1313930 0.1731896 0.0528298 -0.0322689 -0.1737832 -0.0128938 -0.0400969 0.1045008 -0.1065828 0.1408299 -0.0883096 0.0000771 -0.0972133 -0.0930557 -0.2165882 -0.1103797 -0.3068503 -0.2260693 -0.1058540 0.1671635 -0.2073070 -0.0401880 -0.1860943 0.1876112 0.1070548 0.0913600 -0.3360242 0.1224048 -0.1490737 0.5638111 -0.0837859 -0.0405019 -0.1184308 0.2375032 0.1732538 0.1941941 -0.1654257 0.2229397 0.1249043 0.3955058 -0.1050655 0.2313344 -0.2288258 -0.0084568 0.2306288 0.2022167 0.5904792 -0.1306274 0.2112617 0.4302276 0.3296907 -0.0701137 -0.1325164 0.1948680 0.0244373 -0.0672489 -0.1232380 0.1079319 0.0611078 0.0086943 0.0927412 0.4227991 0.2441149 0.3725504 0.3935645 0.2242743 0.2309821 0.1690523 -0.0372377 -0.0027082 -0.1413855 -0.0207513 -0.0591079 0.0409914 0.1962419 -0.1171120 -0.1951815 0.0609780 0.1961518 0.0643417 -0.1880402 -0.2023408 -0.3069488 -0.0784009 0.1986702 0.2725746 0.3207315 -0.0194049 0.2736178 0.0614333 0.6206821 0.1963678 0.3320392 0.0334089 0.3060775 0.2033346 0.2873055 0.1712672 0.2615776 0.1865203 0.0836568 0.2048563
0.2395425 0.0000000 0.5985708 0.2576984 -0.0605936 0.2323472 0.3169762 0.2555395 0.5523156 0.2779987 0.0599678 0.5994235 0.3712007 0.2904528 0.4160686 -0.0846741 0.0105621 0.4275862 -0.1882133 0.3479994 0.5362973 0.0956667 -0.0717063 0.2867388 -0.1284689 -0.2980500 -0.0934915 0.2517470 0.3720573 0.1437345 0.1504996 0.0131090 0.1642522 0.2799897 -0.1162806 0.1457096 -0.0666631 0.1343935 -0.0015535 0.0055922 0.1863159 0.1892051 0.0507571 0.0632913 0.3549563 -0.1368759 0.0607548 0.3505635 0.1844841 -0.0418573 -0.0659858 0.2059876 0.4246701 0.0210270 0.4106149 0.0543352 0.0546915 0.0888746 0.6431114 -0.0823114 0.5650606 0.0467356 0.2601107 0.1838140 0.4753453 0.0535020 -0.1510959 0.0756713 0.1793640 0.0789641 -0.1862365 0.5282107 0.0234324 0.6507062 -0.0485191 0.2034782 0.4875481 -0.0916142 0.1839854 0.4120623 0.2611964 0.0421372 -0.0335493 0.1815988 0.2247773 0.2433029 0.5916200 0.0845904 -0.0796101 0.2692964 0.3072957 0.3756107 0.1923014 0.1097270 0.0314210 0.0034603 0.2009279 0.3530024 0.0852125 0.4230539 0.4956473 0.3715828 0.2712539 0.2109673 0.2653919 -0.1887836 0.3547524 0.0935030 0.3583490 0.1395717 0.0107206 0.6668410 0.2261720 0.2082007 0.3839016 0.1817620 0.1117214 0.1997011 0.2284787 0.4255588 0.2137919 0.0712282 0.2459414 0.4139994 0.3178091 0.4520993 0.0772684 0.3990346 0.3889405 0.2811927 0.2497740 0.4616890 0.2528505 0.6061170 0.4853268 0.2458969 0.1970763 0.4596969 0.2145219 0.6453659 0.2788756 0.5535550 0.1565452 0.3723356 0.3737602 0.0571086 0.2648884 0.1942911 0.2144154 0.3503378 0.6609216 0.2958896 0.4714579 0.3667488 0.1532602 0.2099340 0.5921279 0.2787905 0.5156449 0.6018510 0.2592428 0.3656907 0.4059874 0.4381529 0.3156746 0.2494810 0.3868594 0.3464915 0.4521553 0.6611996 0.3942442 0.3185905 0.4006860 0.5058879 0.7690429 0.7238535 0.7469580 0.4659251 0.6963426 0.5750907 0.5400592 0.5170526 0.4261822 0.6334387 0.7930291 0.7667622 0.5933383 0.7699923 0.6457311 0.6123878 0.6476599 0.6775935 0.6707049 0.3454277 0.5314965 0.4790761 0.5896116 0.4841052 0.6100300 0.5839089 0.4197915 0.1340015 0.3984977 0.2424440 0.3705501 0.7182028 0.3903857 0.4558649 0.6483854 0.5210071 0.3325253 0.0305190 0.5886018 0.7993221 0.2634570 0.2227871 -0.1771405 0.0287104
0.2076540 0.5985708 0.0000000 -0.1595682 0.4394776 -0.2372593 -0.1615423 0.0155263 0.1441997 -0.1380503 -0.5130141 0.1630656 0.4464049 0.1422508 -0.0483354 -0.6265492 -0.2499597 0.3840819 -0.3597440 0.2292437 0.1121789 0.0895711 -0.5500132 0.2696156 -0.0930456 -0.3948535 -0.0962762 0.3164537 0.0721499 -0.0308343 0.1587337 0.4169445 0.3582572 0.1075180 -0.2166421 -0.3988894 0.3242811 0.4561262 -0.3588836 -0.2586473 0.2984095 -0.4457459 -0.3624846 -0.1657744 -0.1706050 0.2093249 0.2443461 0.2824835 0.0943776 -0.2162794 -0.1023439 -0.1538265 0.0460689 -0.5760761 0.7145669 0.4511548 0.4574490 -0.4837994 0.0537158 -0.0014835 -0.0040298 -0.3915333 0.7071678 -0.3350487 -0.0619615 0.3618759 -0.0754071 -0.4100336 0.4933438 -0.5004245 -0.2207069 -0.0397081 0.0655443 0.2055982 -0.0800155 -0.1273528 0.0084474 -0.0471350 0.1741869 0.1468680 0.2949407 -0.0792595 -0.2066712 -0.3395162 -0.3241073 -0.4288650 0.2796399 -0.3422017 -0.4730870 -0.3169528 -0.2135887 -0.1161112 -0.1266375 -0.4825282 -0.1536618 -0.2946991 0.0481943 -0.1162676 -0.2370826 -0.0828517 0.0751379 -0.3289034 -0.4892428 -0.2570617 -0.1276505 -0.4280871 -0.3978588 -0.5768383 -0.4035583 -0.5236889 -0.3698754 0.2227865 -0.4480388 -0.4304651 -0.1482790 -0.4608106 -0.4669768 -0.3711037 -0.3935760 -0.2487044 -0.3256957 -0.4518727 -0.4081378 -0.1770776 -0.3398079 -0.1638921 -0.5964619 -0.2418127 -0.3278372 -0.2421668 -0.1877424 -0.0934018 -0.2898072 0.0941972 0.0897251 -0.3028952 -0.2582576 -0.1829565 -0.3000885 0.4703442 -0.4245206 -0.0123182 -0.0298430 0.2876771 -0.1160889 -0.3004106 -0.3256497 -0.3243666 -0.2782693 -0.0968521 0.3087815 -0.0835716 -0.2566824 -0.3037006 -0.2218694 0.3692205 0.2082949 -0.3442531 0.1960576 0.6098641 -0.3219279 -0.1681456 0.0302383 0.4525227 -0.2975935 -0.1676798 -0.2444514 -0.2410196 -0.0532340 0.1161489 -0.2154134 -0.2337722 0.0671548 -0.1230771 0.0689677 0.2891067 0.6279762 0.6372758 0.5083899 0.3726699 -0.0931313 -0.1940275 -0.3233567 -0.0362098 0.5105491 0.4919961 0.7476755 0.8240961 0.4527252 0.3995845 0.2346330 0.3688227 0.6909369 0.3638423 -0.0640070 0.4141252 0.5100040 0.5632079 0.5425756 0.0909446 0.6211320 0.5787085 0.6658316 0.4334883 0.1090293 0.7962849 -0.0525335 -0.0314938 0.6753049 0.7109998 0.7671106 0.5503063 0.4342597 0.6463441 0.1387468 -0.2559746 0.1842887 0.1849381
-0.4998937 0.2576984 -0.1595682 0.0000000 -0.7723416 0.9253573 0.3322920 0.8112629 0.6735190 0.7290111 0.7733993 0.6428204 0.3931792 0.3419615 0.4644120 0.7300122 0.5607134 0.1977942 0.4199494 0.2679728 0.6255787 0.2163520 0.6333325 0.3003902 0.2255210 0.3823943 0.3680092 0.1965762 0.5835300 0.5180736 -0.0098233 -0.0265674 0.2654163 0.5131591 0.4972377 0.4526094 -0.2197064 -0.2004844 0.7675811 0.6930606 -0.4616454 0.4765454 0.6501810 0.6672004 0.7062584 -0.0407813 -0.0023852 -0.3970396 0.5763083 -0.1111005 0.2487604 0.7831976 0.7445553 0.7790052 -0.2310179 -0.1664190 -0.1202660 0.7791520 0.6733954 0.1632895 0.7888071 0.6104237 -0.2378888 0.8230185 0.7567436 -0.3781434 0.0345982 0.6641657 0.0097553 0.7494357 0.2428545 0.7832689 0.4401808 0.7800501 0.0574570 0.6181304 0.7451974 0.2787204 0.3048495 0.6608642 0.4298332 -0.1730682 -0.2216575 0.5822661 0.5669282 0.3572031 -0.0917544 0.4264369 -0.0651684 0.3356409 -0.0351864 0.1075105 0.2112575 0.3765854 -0.3549905 -0.0033374 -0.1574112 0.3829341 -0.0683931 0.2851529 0.4635798 0.2599071 0.3696662 0.3740475 0.1806454 0.1397822 0.2423378 0.2122204 0.2561147 0.2165506 0.0359319 0.2430632 0.3508315 0.2630984 0.1512011 0.2909862 0.2326248 0.2914164 0.4155154 0.5025105 0.4412350 0.3311582 0.2878332 0.5477400 0.4757007 0.3441354 0.4623129 0.3436000 0.4974966 0.5380233 0.4469351 0.4934794 0.5126666 0.7271403 0.2796283 0.1661163 0.4400856 0.5084901 0.4159089 0.0992220 0.2983481 0.3097587 -0.0626472 0.0247734 0.4890463 -0.1586889 0.4102622 0.3194477 0.2663184 0.1663848 0.2739711 -0.0173889 0.5557584 0.2400509 0.0330780 -0.4888320 0.2278590 0.2197083 0.3862442 0.2805580 0.0451835 0.0837090 -0.0757314 0.1593516 0.1783825 -0.1114588 0.1721916 0.4137048 0.4793417 0.1729018 0.3260939 0.3747501 -0.0140474 0.2067908 0.5582460 0.6032702 0.3876539 -0.2609706 0.2394797 -0.2076622 0.2322419 0.2135161 0.3070557 0.2158315 0.4180195 0.6135377 0.2226425 0.2609185 0.5575538 0.5818485 0.4991062 0.7570949 0.5059508 0.2542403 0.4308013 0.2884953 0.5141898 0.2383251 0.5100353 0.5062025 -0.1272094 -0.2433569 -0.0705190 0.1306912 -0.1998445 0.1030370 0.0753209 0.4388506 -0.0987834 0.0619476 -0.1980036 -0.2608971 -0.0915099 0.4256288 0.2515401 0.1676940 0.1989201 -0.0056038
0.1188634 -0.0605936 0.4394776 -0.7723416 0.0000000 -0.8809298 -0.6270459 -0.5409132 -0.5664023 -0.5189128 -0.7021163 -0.6263870 -0.1233138 -0.2245665 -0.6856470 -0.7590153 -0.2810843 -0.2690452 -0.4007446 0.0260629 -0.5309532 -0.1556867 -0.6638681 -0.4031731 -0.1315723 -0.6353425 0.0873693 -0.3491795 -0.6778053 -0.3946484 0.1101763 0.2594863 -0.3411852 -0.5691759 -0.6041682 -0.4189934 0.2742098 0.3136157 -0.5266999 -0.6237986 0.5797093 -0.6024827 -0.5595888 -0.7618017 -0.7837823 -0.0084992 -0.1360823 0.5124372 -0.5951521 -0.1074036 -0.5040329 -0.4928237 -0.6581979 -0.7613346 0.4819328 0.1898397 0.2071500 -0.8205593 -0.4902724 -0.3250407 -0.6576296 -0.7913317 0.6060522 -0.7620766 -0.7247337 0.6312031 -0.1459260 -0.7848060 0.3211739 -0.8235390 -0.1575293 -0.6831731 -0.3688077 -0.6135614 -0.1776811 -0.5453221 -0.7442125 -0.2120273 -0.1236349 -0.5402612 -0.1441429 -0.3349698 -0.2108275 -0.5832069 -0.5690967 -0.6031038 -0.1229690 -0.4500435 -0.3968767 -0.5743565 -0.0685473 -0.4371304 -0.3814591 -0.5920045 0.1710461 -0.3542092 -0.0392422 -0.5478752 -0.3525854 -0.5414414 -0.6216791 -0.3751744 -0.5831703 -0.5556418 -0.4329549 -0.4634148 -0.4599881 -0.5254123 -0.4232413 -0.5101853 -0.3897937 -0.0435174 -0.5303265 -0.4640579 -0.2853775 -0.5322094 -0.4799768 -0.5043600 -0.6308530 -0.5114977 -0.5095097 -0.5535301 -0.3612491 -0.7003285 -0.5031639 -0.4196794 -0.6028244 -0.4365537 -0.5185391 -0.6355019 -0.3928772 -0.4664305 -0.3760779 -0.6383957 -0.0079821 -0.5026296 -0.4180487 -0.5053940 -0.3430443 0.1018021 -0.4679948 -0.2443825 0.3520733 -0.0056258 -0.3852913 -0.4062419 -0.4648435 -0.4045306 -0.1517090 -0.2425671 -0.1519170 -0.2187027 -0.5606060 -0.3803887 -0.2388296 0.3167348 0.0672274 -0.5185842 -0.0756772 0.0654056 -0.3294100 -0.1253317 -0.3395516 0.3192743 -0.3800905 -0.3157939 -0.4029004 -0.3606668 -0.3268218 -0.0269969 -0.3014730 -0.3308254 0.2540289 -0.1604670 -0.5159935 -0.5204487 -0.1474619 0.3916662 0.0446815 0.3566024 -0.3482653 -0.1704005 -0.4011461 -0.0982816 -0.1897825 -0.3216010 0.2080429 0.1738938 -0.4154121 -0.4490623 -0.3638856 -0.5506697 -0.1821894 -0.1585308 -0.4329575 -0.1181749 -0.2520694 -0.0436502 -0.0522112 -0.4343165 0.2406792 0.3087083 0.0457936 -0.1997783 0.2253534 0.2903434 -0.3096259 -0.3427664 0.1385630 0.1788470 0.1825046 0.2417904 0.2803319 -0.1484614 -0.2742964 -0.2774114 -0.3087858 -0.0535364
-0.2988962 0.2323472 -0.2372593 0.9253573 -0.8809298 0.0000000 0.5819348 0.6981387 0.6730024 0.6717416 0.8114430 0.7380987 0.2768474 0.3220981 0.6598922 0.7960249 0.4325723 0.3105331 0.3886545 0.1339196 0.7106703 0.1033241 0.7379653 0.4455318 0.1384468 0.5509399 0.1293316 0.3576415 0.7445385 0.5185361 -0.1718713 -0.0735889 0.3959569 0.6575520 0.6068500 0.5446030 -0.1897204 -0.2422010 0.7312293 0.7868883 -0.5264909 0.6441131 0.6933667 0.8438997 0.8620779 0.0446448 0.1099309 -0.3166962 0.7007580 0.0909615 0.4216400 0.7790617 0.8160384 0.8575485 -0.2559814 -0.1008664 -0.0704929 0.9082124 0.7106841 0.2594372 0.8076066 0.7170556 -0.4528709 0.9063231 0.8383274 -0.4111962 0.0501790 0.7723798 -0.2057997 0.8390194 0.1893591 0.8170752 0.4675860 0.8057844 0.0233311 0.6639933 0.8725912 0.2526708 0.2889492 0.7056750 0.2326874 0.0940602 0.0540492 0.6557874 0.5836495 0.5065341 0.0065078 0.5773737 0.1201572 0.4781468 -0.1142738 0.1987235 0.2803863 0.6323718 -0.3880597 0.0939905 -0.1254101 0.4887254 0.1342867 0.5312084 0.5442994 0.3911093 0.5335191 0.6026185 0.2283122 0.2041421 0.3572741 0.4362672 0.2575628 0.3996635 0.0459134 0.1303483 0.4572536 0.3609719 0.2639528 0.4718679 0.4184011 0.5162216 0.6116279 0.6250490 0.5594577 0.4910105 0.3799725 0.7256534 0.5967647 0.5023547 0.5713285 0.4520685 0.6124681 0.7128840 0.5439828 0.5935140 0.5597324 0.7828516 0.2340933 0.3498114 0.5950167 0.6212004 0.5100848 0.0800750 0.4864100 0.3699410 -0.1874874 0.1329386 0.6090859 0.0890398 0.5654033 0.5157682 0.2716414 0.2309599 0.2392905 0.1431828 0.6169250 0.4030258 0.2247585 -0.4416881 0.1241250 0.4234843 0.2470557 0.1969785 0.2474196 0.1283659 0.0248271 -0.0238902 0.3194532 0.1478731 0.4006758 0.4845994 0.4756352 0.1610954 0.4536957 0.4290187 -0.1425348 0.1846993 0.6070182 0.6185559 0.3426299 -0.2909474 0.1960765 -0.2533957 0.4015772 0.2382847 0.4623996 0.2814178 0.4150030 0.5669712 0.0264998 0.1585620 0.5515004 0.5994983 0.5375413 0.7598689 0.3832083 0.1541247 0.5278330 0.3010107 0.4278601 0.1083627 0.2472174 0.6174221 -0.3256131 -0.2875106 -0.0521587 0.1414619 -0.0915997 -0.1211429 0.3190910 0.4512488 -0.2034211 -0.0389913 -0.2271381 -0.3050625 -0.0906965 0.4458761 0.4367535 0.0937895 0.2247384 -0.0253102
0.4170572 0.3169762 -0.1615423 0.3322920 -0.6270459 0.5819348 0.0000000 -0.0792654 0.3412585 0.2442952 0.3089055 0.7969737 -0.3513403 0.1917917 0.8323710 0.3381048 -0.1559227 0.4553964 -0.1578779 -0.2095420 0.7057092 -0.3247888 0.2864195 0.5412434 -0.4734721 0.2438999 -0.4319335 0.5336524 0.7541308 0.2590779 -0.3798096 -0.4952018 0.4404043 0.7349351 0.1802324 0.3957997 -0.2565136 -0.4807707 0.1014671 0.4602029 -0.3826844 0.6459957 0.1411061 0.6016660 0.8180547 -0.1866106 0.0711283 -0.0243889 0.5176182 0.3158608 0.3317913 0.1637998 0.7135444 0.4635469 -0.4106631 -0.3077552 -0.2047331 0.6280651 0.4547855 0.1319637 0.5214298 0.4570110 -0.6521859 0.5547425 0.7207898 -0.3609534 -0.0060892 0.4814284 -0.5491961 0.4817174 -0.2276720 0.7171645 0.0957697 0.5710563 -0.2223121 0.2371897 0.7915905 -0.2262976 -0.0869660 0.2973759 -0.3402780 0.6383296 0.4964517 0.3130774 0.3079226 0.5436159 0.2363271 0.4273840 0.4893145 0.6129483 0.0833547 0.2614313 0.3785141 0.6611068 0.0017397 0.2570286 0.1596481 0.4940543 0.5827929 0.6712586 0.3586886 0.4666646 0.6240404 0.5540022 0.1677518 0.3084956 0.5722793 0.6684745 0.2811665 0.4514620 0.3055163 0.0928225 0.4863396 0.3867253 0.3244184 0.5688562 0.5225086 0.5684558 0.6228196 0.5038527 0.3808024 0.4507150 0.2809862 0.6274137 0.4623242 0.6412188 0.5498753 0.3952025 0.5968516 0.6080313 0.4483382 0.4001299 0.4192763 0.4362316 -0.0372466 0.4001526 0.5101404 0.6191243 0.4801418 -0.0098208 0.6075606 0.2087332 -0.3784816 0.2620637 0.5091530 0.5145491 0.5959890 0.5918698 0.1560809 0.1083881 0.1926240 0.3559812 0.4633532 0.6612620 0.5112167 -0.0880708 -0.0980274 0.6912712 -0.0549782 0.0140880 0.5912909 0.1079624 0.4416828 -0.3760312 0.5562528 0.6290299 0.7375272 0.4538625 0.3266750 0.1741363 0.5629662 0.4461667 -0.1882405 0.4518061 0.6882802 0.6453417 0.2385532 -0.2006801 0.0662985 -0.2039843 0.5113342 0.3004038 0.5681820 0.3832537 0.3040104 0.3422511 -0.3024717 -0.0226008 0.5190559 0.5917701 0.4578471 0.5142215 0.0105478 0.1026184 0.6286439 0.3903756 0.2693207 0.0355889 -0.2394356 0.6215211 -0.1487517 -0.0116300 0.3001011 0.2963603 0.3357532 -0.2468142 0.7800926 0.4253966 0.1028372 -0.0859788 -0.0827338 -0.0440025 0.2804200 0.3606950 0.7141220 0.1500911 0.1114447 0.0008233
-0.4740323 0.2555395 0.0155263 0.8112629 -0.5409132 0.6981387 -0.0792654 0.0000000 0.5829777 0.6140191 0.7135016 0.3025469 0.7862144 0.3104667 0.2058725 0.6226504 0.6290335 0.1245673 0.6063953 0.4312961 0.3762557 0.5893062 0.6295385 0.1512512 0.5981169 0.4863594 0.3824140 0.0603174 0.3647539 0.3120791 0.3162715 0.3652355 0.1551680 0.2052212 0.6058284 0.4229363 -0.0198333 0.2046079 0.6837742 0.4820390 -0.1306059 0.3169384 0.7060150 0.4649494 0.4149364 0.2960278 0.1199806 -0.3100758 0.3756536 -0.1569942 0.3080542 0.7735147 0.4125925 0.5910254 0.1221127 0.3080312 0.1318983 0.5347381 0.6554774 0.2707911 0.7281727 0.5230241 0.1085734 0.6240013 0.4916503 -0.1345526 0.1653101 0.5728484 0.4173764 0.6403463 0.5076857 0.4857921 0.5923169 0.6188460 0.4346942 0.7167943 0.4754659 0.6408207 0.5914370 0.7455308 0.7730991 -0.2450156 -0.1714636 0.5358863 0.4386090 0.1953328 0.1505343 0.3732341 -0.1434633 0.1817831 -0.1284735 0.1384313 0.0522518 0.2054796 -0.2875271 -0.0966341 -0.1005703 0.3062296 -0.2537308 0.1962815 0.6001745 0.1078903 0.1694944 0.3093419 0.3164232 -0.0125498 0.0356233 -0.0119778 0.1971317 0.1081893 -0.0957809 0.3112412 0.1866266 0.1657212 0.1733188 0.1024367 0.0620995 0.1497291 0.2003187 0.3589881 0.3271529 0.2155456 0.2783020 0.3835603 0.3353644 0.1033793 0.1970599 0.2820279 0.2361829 0.3577564 0.2093383 0.4158733 0.2299519 0.6150598 0.4334456 0.1889449 0.1923461 0.2322038 0.1397229 0.3244788 0.1211885 0.3974245 0.0293014 -0.0734135 0.2747519 -0.1922110 0.1574377 0.0933842 0.2417674 0.3764561 0.3287577 -0.0932797 0.3733892 0.0028006 -0.1147278 -0.3066563 0.3632142 0.0092403 0.4309389 0.3249091 -0.0911243 0.2439396 -0.1052186 0.3937888 0.0235472 -0.2394430 -0.0568723 0.2263631 0.3474442 0.2438858 0.0946469 0.1590265 -0.0599083 -0.1332531 0.2961021 0.2793784 0.3372638 0.0199257 0.3516519 0.0607757 0.2714056 0.1721932 0.1949223 0.1548500 0.4026108 0.5726388 0.3947101 0.3479328 0.2723214 0.2683416 0.3677096 0.5688943 0.5627516 0.1088963 0.1919856 0.0039604 0.2824903 0.0830436 0.6435580 0.1904059 -0.0945478 -0.3015738 -0.2323518 -0.1081153 -0.3781705 0.2636465 -0.0947784 0.2969327 -0.1004838 0.1292365 -0.1036191 -0.2116493 -0.2566592 0.4322084 0.0119732 0.2130834 0.1455331 -0.0465502
-0.1589998 0.5523156 0.1441997 0.6735190 -0.5664023 0.6730024 0.3412585 0.5829777 0.0000000 0.8372601 0.4805599 0.7013337 0.5190412 0.7495073 0.7028323 0.4862828 0.5656092 0.7017804 0.5362920 0.3023227 0.6665049 0.3475230 0.4579615 0.6728571 0.4206910 0.3344391 0.2709233 0.5924006 0.7151717 0.7459993 0.2267547 0.2221115 0.5188396 0.6446475 0.5815055 0.3961604 0.2758907 0.3020597 0.6227555 0.5813376 -0.0242545 0.4709313 0.6179937 0.6523107 0.6723994 0.2805647 0.5128578 0.1243796 0.7435203 0.1165900 0.5263357 0.6338941 0.7138587 0.5394981 0.1379292 0.0377823 0.3051592 0.5885463 0.5792661 0.5201128 0.6030276 0.6390368 -0.2931887 0.6284793 0.5848017 -0.3261214 0.3666865 0.6644051 -0.0818697 0.6150014 0.2933265 0.5061519 0.5675673 0.5930911 0.0634248 0.6807482 0.6039861 0.2639581 0.3752203 0.7304919 0.3602842 0.0994761 -0.0606793 0.7343211 0.7260163 0.5146447 0.3893644 0.4741562 0.0349948 0.5511827 0.1837719 0.4766242 0.4264268 0.4393627 -0.2908593 0.3051811 0.0740995 0.4745186 0.1042153 0.5561618 0.6628755 0.3218802 0.4660764 0.4938494 0.4999314 0.2920452 0.4310611 0.2725629 0.4374248 0.4565420 0.0461472 0.3038798 0.5294649 0.5787233 0.6357899 0.5836468 0.5557439 0.6235432 0.6969263 0.7492200 0.7207561 0.6149198 0.3851226 0.7468693 0.7095859 0.5366930 0.4997735 0.5875332 0.6706608 0.6845456 0.6783964 0.7101283 0.6109204 0.8744197 0.4969080 0.2613946 0.6141159 0.7568097 0.5396194 0.4140683 0.4067743 0.6985158 0.1873705 0.2336827 0.7134143 -0.0224848 0.5766225 0.5040307 0.3383340 0.5631125 0.4370339 0.4025592 0.7676156 0.3536049 0.3296402 -0.1278157 0.5453945 0.4861497 0.5844799 0.3335553 0.2914813 0.4463312 0.2053595 0.2772829 0.4555406 0.1323573 0.3726600 0.5425944 0.6746483 0.4699411 0.4658232 0.5285141 -0.0120183 0.2398602 0.5943548 0.6218746 0.5546472 -0.0049433 0.4517759 0.1640217 0.4693892 0.2983377 0.4675094 0.3307702 0.4423772 0.4960664 0.2365198 0.3565027 0.5433633 0.4757685 0.5473581 0.7037359 0.5455688 0.1907166 0.4156963 0.3143790 0.5490927 0.2931291 0.6015916 0.7090465 0.0588336 -0.1964340 0.0525760 0.1119462 0.1822768 0.3684694 0.2661704 0.4865356 0.2154953 0.1460876 0.0928026 -0.3359541 0.2776752 0.5358125 0.2202032 0.2873811 0.1932543 -0.0004207
-0.3700664 0.2779987 -0.1380503 0.7290111 -0.5189128 0.6717416 0.2442952 0.6140191 0.8372601 0.0000000 0.6981150 0.5738440 0.3954964 0.8490283 0.5974289 0.6747289 0.8515519 0.5675645 0.7115050 0.3064916 0.7027085 0.3636191 0.6390153 0.5673424 0.4633998 0.4099067 0.5797743 0.4636596 0.6702033 0.7998633 0.3034821 0.1319684 0.4150993 0.6286785 0.5912100 0.6693161 0.2014467 0.1625300 0.8206910 0.7667183 0.1102482 0.6304909 0.7523986 0.6501095 0.6678034 0.2423700 0.2847256 0.1243444 0.6853888 0.1156194 0.4426453 0.7691275 0.7409717 0.7132140 -0.1774257 -0.0889886 0.1768354 0.7173748 0.6123899 0.4565766 0.6380036 0.5962112 -0.4184606 0.7802023 0.5968774 -0.2401140 0.4674046 0.7089355 -0.0178791 0.7109637 0.5475974 0.5329912 0.6816827 0.5000093 0.0535764 0.7947839 0.5558911 0.3977066 0.5056151 0.7072321 0.4401084 0.0246362 0.0035581 0.7908764 0.7352635 0.4351319 0.1442432 0.6575199 0.1080639 0.5418485 0.1675126 0.1577910 0.3887052 0.5098728 -0.1154673 0.1350125 0.0510898 0.4119261 0.0851606 0.3659780 0.4162017 0.2413565 0.5152675 0.4914101 0.3227095 0.3697514 0.4107891 0.3602011 0.3908469 0.4191086 0.0338945 0.2236868 0.5686447 0.6141624 0.5388230 0.6118493 0.6139052 0.5928714 0.6598414 0.7496169 0.7664677 0.7020291 0.4590185 0.5623048 0.7723950 0.4898679 0.6879454 0.5722553 0.7370689 0.7081032 0.7758985 0.6366854 0.7744601 0.6606452 0.6039918 0.0729307 0.7054888 0.7533394 0.7289154 0.2919362 0.4868403 0.5934914 0.3497709 0.0102174 0.7741796 -0.2367767 0.6945899 0.6309688 0.5997907 0.5360779 0.3176165 0.2376652 0.7309439 0.4399517 0.4616216 -0.3081571 0.5892125 0.5082133 0.6458776 0.1643893 0.3711939 0.5001538 -0.0552319 0.3237000 0.5520781 0.0160713 0.3598139 0.7013546 0.7834659 0.4648145 0.5943902 0.7072885 -0.1809219 0.2203252 0.4969797 0.3991723 0.2366194 -0.2868685 0.2318511 -0.0547668 0.4000798 0.2911060 0.5146518 0.3555959 0.2502532 0.3465704 -0.0040323 0.1374175 0.2959856 0.2297818 0.3374052 0.5191129 0.2530442 -0.1270114 0.3430785 0.0829766 0.2929428 -0.0009914 0.5441514 0.5421702 -0.0982097 -0.3742242 -0.2860762 -0.2029604 0.1807462 0.1825855 0.2498597 0.5005736 -0.0450138 -0.1306083 -0.3530452 -0.3883252 0.2562598 0.3516992 0.3305296 0.4702392 -0.0135869 -0.2790208
-0.4157965 0.0599678 -0.5130141 0.7733993 -0.7021163 0.8114430 0.3089055 0.7135016 0.4805599 0.6981150 0.0000000 0.4168318 0.2643527 0.3023624 0.4527662 0.9344097 0.6903380 0.0499852 0.5866141 0.1408068 0.5529750 0.2336694 0.9190441 0.1286886 0.3037373 0.5677847 0.3730064 0.0482674 0.4850466 0.4472153 -0.0094276 -0.1131134 0.0293002 0.3328291 0.5648370 0.7872397 -0.2576647 -0.2075016 0.8092576 0.7730722 -0.2119532 0.7707597 0.8444718 0.6339625 0.6657593 0.0158301 -0.1025326 -0.1265082 0.4129970 0.1721829 0.2852757 0.8391595 0.5643990 0.9238657 -0.3515993 -0.1077291 -0.1895725 0.8855031 0.7414480 0.1581634 0.7466138 0.6215194 -0.4586474 0.9023754 0.6974009 -0.2423552 0.1054279 0.7590617 -0.1333911 0.8518966 0.4279591 0.6368962 0.4496757 0.5885280 0.1622824 0.7287861 0.6292247 0.3690713 0.3723747 0.5978299 0.2909750 -0.0302313 0.1512478 0.7767399 0.6494081 0.5722003 0.0253138 0.7495643 0.3045570 0.5193718 0.0741796 0.1261233 0.2821515 0.7286343 -0.0855129 0.0492438 -0.0643630 0.4887107 0.2006903 0.3944731 0.4281087 0.4938137 0.6870992 0.6473554 0.2509329 0.2707575 0.4796933 0.5855727 0.4269318 0.5456060 0.1369612 0.2031731 0.6098024 0.5524566 0.3330443 0.5910540 0.5521285 0.5562978 0.6269602 0.7030432 0.6740644 0.6373017 0.5820187 0.6153224 0.7084569 0.5242533 0.7056471 0.5859574 0.6764271 0.6783937 0.5440870 0.5695510 0.6131844 0.6104881 0.5161142 0.3849805 0.6082369 0.5963507 0.5982643 0.1855571 0.6586103 0.4806280 0.1762244 0.0207679 0.5760811 0.0342567 0.6354648 0.5946528 0.6292790 0.4421022 0.2874434 0.1315083 0.6424959 0.5441285 0.3481142 -0.4700989 0.3593098 0.4670150 0.4009413 0.0762681 0.3932399 0.4287495 -0.0789452 0.1312380 0.4660380 0.1429162 0.4520665 0.6647101 0.5961722 0.3553868 0.5943797 0.5995331 -0.1243521 0.1708049 0.4713929 0.2704397 0.0107576 -0.3654238 0.0894058 -0.1429865 0.5106392 0.4369077 0.6400067 0.4739817 0.2962688 0.3542215 -0.1440244 -0.0563709 0.1147231 0.1510587 0.3607972 0.4352669 0.0611378 -0.1847720 0.4979880 -0.0202627 0.0210746 -0.2183892 0.1604807 0.4217467 -0.4868755 -0.6668051 -0.5451999 -0.3452496 -0.1147180 -0.2720168 0.3031756 0.3850325 -0.4714427 -0.3700340 -0.6621786 -0.4744152 -0.1673683 0.1795639 0.2718628 0.3278681 -0.1936948 -0.2781660
0.1355049 0.5994235 0.1630656 0.6428204 -0.6263870 0.7380987 0.7969737 0.3025469 0.7013337 0.5738440 0.4168318 0.0000000 0.0451898 0.4860805 0.8802489 0.3488822 0.1489742 0.6363814 -0.0191571 -0.0544622 0.9136710 -0.1336473 0.2704645 0.6507765 -0.2734013 0.1447982 -0.0897481 0.6246135 0.8743541 0.5304334 -0.2275703 -0.2916987 0.5402593 0.8248656 0.2399366 0.4113626 -0.1741898 -0.2997659 0.3005810 0.6039548 -0.3389144 0.5783756 0.2606205 0.6720337 0.8845762 -0.1379404 0.1223243 -0.0313511 0.6881065 0.0653845 0.3093258 0.4377840 0.8955094 0.5154583 -0.1871123 -0.2627606 -0.0981628 0.6685817 0.6854986 0.2220188 0.7243045 0.5146610 -0.3559172 0.6785041 0.8585074 -0.4042338 0.0945980 0.5629442 -0.3108856 0.5076074 -0.1440536 0.8353854 0.3226586 0.8264720 -0.2135786 0.4145581 0.9087103 -0.1418403 0.0634691 0.5148554 0.0382148 0.2960080 0.1084084 0.4799158 0.4902887 0.5407044 0.2539280 0.4203179 0.2482097 0.6186797 0.1055640 0.1847428 0.3299154 0.4999800 -0.1869114 0.0911772 -0.0296180 0.4371648 0.3764882 0.5704361 0.5364446 0.3334635 0.5045148 0.4854484 0.1405722 0.2015852 0.4817054 0.3710390 0.2436188 0.2554538 0.1924709 0.3272390 0.4557506 0.3670216 0.3219891 0.4910107 0.4392190 0.4800406 0.5950389 0.6113918 0.4676098 0.4273524 0.1701330 0.7019592 0.5153861 0.6220339 0.4676690 0.4093670 0.6142676 0.6483398 0.5517274 0.4716499 0.5229654 0.7175816 0.2840412 0.1401513 0.5584041 0.7018068 0.5215430 0.2851398 0.4600661 0.3611312 -0.1144284 0.2783955 0.6132921 0.0793984 0.5626450 0.5052418 0.3199088 0.1840577 0.4413461 0.1955056 0.5496320 0.5674028 0.3508253 -0.2348614 0.2864356 0.5246579 0.4284457 0.3919250 0.3568619 0.1136809 0.3098712 0.0360375 0.4731058 0.3413804 0.5733453 0.5855027 0.5844702 0.3136051 0.6013802 0.5764961 -0.1192814 0.3966267 0.7990505 0.9033732 0.6541734 0.0062752 0.4211554 -0.0651175 0.5040202 0.3589508 0.5123123 0.4728235 0.6089366 0.7049245 0.2025482 0.4111438 0.8014841 0.8446150 0.7271259 0.8858239 0.5169956 0.3745978 0.6808419 0.6245206 0.6997138 0.4139062 0.3240719 0.7721247 0.1107106 0.0546886 0.3709592 0.3363152 0.1891764 0.1955358 0.6510511 0.4729951 0.2990387 0.2246646 0.0657271 -0.0072934 0.3633228 0.6461012 0.6609162 0.1561363 0.1312294 -0.0200426
-0.3118332 0.3712007 0.4464049 0.3931792 -0.1233138 0.2768474 -0.3513403 0.7862144 0.5190412 0.3954964 0.2643527 0.0451898 0.0000000 0.3523446 0.0081429 0.1939583 0.4697721 0.2849945 0.5311214 0.5799979 0.1218627 0.7296771 0.2959814 0.2453161 0.7212834 0.3246876 0.3173414 0.1996436 0.1872264 0.2417324 0.5488479 0.7069706 0.2931606 0.0747196 0.5158624 0.0778967 0.3762986 0.7089381 0.3972575 0.1796134 0.2830143 -0.0482501 0.4919562 0.2346848 0.0470866 0.5850085 0.4091671 0.0249110 0.3163156 -0.0996869 0.2996259 0.4875380 0.1604286 0.0819990 0.5689690 0.6881857 0.5471090 0.0484694 0.3809437 0.3230579 0.3968010 0.1730314 0.4223164 0.2123237 0.1443328 0.1888141 0.1899998 0.2007478 0.6671697 0.2230051 0.4891081 0.0992827 0.5545453 0.3555806 0.4558801 0.5671952 0.1436423 0.6733758 0.6975117 0.6991178 0.8247397 -0.1620379 -0.1224318 0.2853307 0.1857504 -0.1296009 0.3618469 0.1380614 -0.3478271 -0.0961706 -0.1777829 0.2348312 0.0949206 -0.0817043 -0.2144967 -0.0602994 0.1434445 0.2627862 -0.3092214 0.1165507 0.4899951 -0.0763049 -0.1089881 0.1537980 0.3910921 -0.1133890 -0.2052294 -0.2553009 0.0212735 -0.0187845 -0.2842271 0.2212313 -0.0548201 0.0186970 0.1816315 -0.0999785 -0.1151394 -0.0068362 -0.0121295 0.1506498 0.1898320 0.0530226 0.1425219 0.1695997 0.1399764 -0.0560521 -0.1385003 0.1974850 0.0037202 0.1515350 0.0771287 0.3587202 -0.0070491 0.4875328 0.3951467 0.1712410 0.0019684 0.0467354 -0.0781290 0.4999322 -0.0983140 0.3883718 0.0855671 0.0987173 0.1250853 -0.1760847 -0.0366022 -0.0694654 0.0085755 0.4285753 0.3625734 0.0835229 0.2098993 -0.2310135 -0.1028042 0.1522116 0.4028814 -0.1210170 0.3545679 0.4198402 -0.1536242 0.2897182 -0.0381154 0.5312896 -0.0956176 -0.2281695 -0.2125752 -0.0178635 0.2054198 0.2845048 -0.1324156 -0.0641283 -0.0647122 -0.2792423 0.0931103 0.0893278 0.3378329 0.2565258 0.3656851 0.2840375 0.1199777 -0.0874252 -0.0535902 -0.0381648 0.4177352 0.4506560 0.5242331 0.5173227 0.1871195 0.0828813 0.1526249 0.3753061 0.6243610 0.0245690 -0.0713837 -0.0701295 0.1998329 0.1681052 0.7245412 0.0722440 0.1796873 -0.1086798 -0.0287546 0.0326910 -0.2125113 0.5529664 -0.2657377 0.1488867 0.1813613 0.2916944 0.2964003 0.0413504 -0.0464829 0.5016728 -0.1147213 0.1244448 0.2054393 0.0488284
-0.0232719 0.2904528 0.1422508 0.3419615 -0.2245665 0.3220981 0.1917917 0.3104667 0.7495073 0.8490283 0.3023624 0.4860805 0.3523446 0.0000000 0.6111084 0.2974032 0.6752061 0.8306848 0.6179106 0.1997316 0.6382548 0.3856137 0.3153632 0.7602998 0.4348218 0.3215206 0.4151258 0.7126106 0.6753851 0.7553489 0.4344737 0.2629991 0.6184538 0.6766582 0.5177650 0.5144574 0.4976364 0.4064061 0.4900176 0.5694837 0.4153119 0.4730590 0.4828312 0.5110288 0.5090277 0.4722661 0.5296791 0.3439123 0.6768264 0.1895627 0.5592825 0.4490179 0.6087612 0.3423551 -0.0207590 0.1119924 0.4417465 0.4039558 0.3689940 0.6438233 0.3863588 0.4344058 -0.3312964 0.4817230 0.3607429 -0.0930992 0.7097385 0.5260269 0.0691348 0.4234007 0.5567489 0.2552141 0.7567576 0.2526074 0.0937735 0.6848794 0.3528118 0.3873835 0.5354739 0.6055816 0.4002718 0.2734062 0.1688196 0.6057910 0.5423184 0.2798048 0.3450466 0.5352538 0.1686704 0.5111918 0.1427899 0.1157826 0.3715892 0.3265224 0.0330224 0.1769469 0.2051524 0.2993971 0.1554583 0.3149201 0.3628792 -0.0144212 0.3123145 0.3498471 0.3357073 0.4128758 0.2830003 0.2018264 0.2217289 0.2553168 0.0212120 0.1462665 0.4331024 0.5408628 0.5819030 0.5283657 0.5712057 0.5265474 0.5384972 0.5820839 0.6360622 0.6381755 0.2591743 0.3920535 0.6046086 0.3633548 0.4915458 0.4357230 0.5440114 0.5660158 0.6827020 0.4671716 0.5827150 0.4227488 0.5382329 -0.1003537 0.5674150 0.6132324 0.5940491 0.3651813 0.3193527 0.5126231 0.3235053 0.0160471 0.6578412 -0.2106299 0.5607825 0.5353048 0.4876881 0.5645116 0.2870867 0.2769042 0.5070337 0.3391318 0.5358238 -0.0201834 0.5709439 0.4829793 0.5904603 0.1422810 0.3722362 0.5031780 0.0674096 0.3341581 0.5526148 0.0792427 0.3070713 0.5717048 0.6872683 0.4387169 0.4774480 0.6163660 -0.3865048 0.0650297 0.3065517 0.2560101 0.2286588 -0.0952064 0.2408361 0.0350318 0.3431932 0.1187107 0.3695169 0.2138178 0.1299975 0.1947789 -0.0262371 0.1535499 0.2011273 0.1031931 0.1997808 0.3423109 0.1839345 -0.1921926 0.1583754 0.0374971 0.2084092 -0.0249653 0.5000337 0.3877055 0.1357600 -0.1230239 -0.0869170 -0.1695645 0.3208044 0.3269403 0.3385389 0.4027622 0.1981723 -0.0453284 -0.0897159 -0.1325896 0.4513680 0.3591958 0.4032380 0.4922275 0.0719060 -0.2646123
0.3235540 0.4160686 -0.0483354 0.4644120 -0.6856470 0.6598922 0.8323710 0.2058725 0.7028323 0.5974289 0.4527662 0.8802489 0.0081429 0.6111084 0.0000000 0.4453688 0.2195325 0.7554179 0.2246464 -0.1795618 0.8590297 -0.0060415 0.4190700 0.7602126 -0.0852152 0.4022338 -0.1766739 0.7615033 0.9312965 0.5834831 -0.1226214 -0.2583850 0.6053468 0.8470135 0.4587082 0.5531316 -0.0086419 -0.1501328 0.2988031 0.6451031 -0.1723437 0.7503188 0.3924557 0.7527203 0.9053676 0.1116282 0.3449628 0.0767634 0.7413598 0.3414435 0.5908159 0.3683057 0.8126711 0.5541749 -0.2742134 -0.1275957 0.0326682 0.7122551 0.5762891 0.4855038 0.6285863 0.6654561 -0.6275607 0.6952753 0.7757552 -0.4158503 0.3752269 0.7238304 -0.4106777 0.6261905 0.0829689 0.6574320 0.4828802 0.6224066 -0.0027726 0.5640668 0.8116142 0.0165241 0.1652563 0.5547148 -0.0190826 0.5947732 0.4214530 0.6411009 0.5864723 0.7135059 0.4552891 0.6093235 0.5696601 0.8174024 0.1988540 0.3707377 0.4821274 0.6911951 -0.0000344 0.3673895 0.1729671 0.5607115 0.6000787 0.6955420 0.6350523 0.3723152 0.6727819 0.6335826 0.4035254 0.4997371 0.6267650 0.5954293 0.3820589 0.5101211 0.3593001 0.2029819 0.6672852 0.6345793 0.5714498 0.7517597 0.7289903 0.7342660 0.8072831 0.7304230 0.6669701 0.7224634 0.3378032 0.8118542 0.6709095 0.6984486 0.6467746 0.5820436 0.6989135 0.7748574 0.6388801 0.5521041 0.5393735 0.6549484 0.3183530 0.3352011 0.6442953 0.7629088 0.5933766 0.2761129 0.6410507 0.4728673 -0.0977796 0.2600793 0.6537708 0.3534957 0.6929786 0.6653475 0.4169048 0.4575219 0.4067970 0.4206324 0.6225343 0.6931201 0.5946807 -0.0879063 0.2824918 0.7621703 0.3569749 0.1675487 0.5911040 0.3607709 0.4795700 -0.0867721 0.6978732 0.5621100 0.7359894 0.6661449 0.6292204 0.3669980 0.6636039 0.6631215 -0.3494575 0.2996245 0.6723802 0.6671502 0.3836446 -0.1034163 0.2591607 -0.0724333 0.6325221 0.3486159 0.6492822 0.4312558 0.3875649 0.4339638 -0.1362005 0.0993304 0.5248705 0.5467478 0.5723914 0.6413811 0.2131014 0.1044370 0.6264755 0.3604645 0.3621690 0.1071107 0.1017638 0.6829259 -0.0314144 -0.1370491 0.1526497 0.1362150 0.2446983 -0.0296963 0.7862872 0.4792016 0.1526480 -0.0709913 -0.0566853 -0.1078506 0.3070903 0.4522676 0.6528149 0.3452150 0.1250301 -0.0764416
-0.3938953 -0.0846741 -0.6265492 0.7300122 -0.7590153 0.7960249 0.3381048 0.6226504 0.4862828 0.6747289 0.9344097 0.3488822 0.1939583 0.2974032 0.4453688 0.0000000 0.6849184 0.0443467 0.6770846 0.2165296 0.4369308 0.3269182 0.9644714 0.1641141 0.3743741 0.6985962 0.3628904 0.0844676 0.4569675 0.5128986 0.0715821 -0.0470155 0.0670187 0.3397790 0.7045756 0.7128669 -0.0740762 -0.1325309 0.8506534 0.7780808 -0.2329186 0.7455067 0.8716745 0.6408770 0.6283942 0.1039939 0.0995535 -0.1442623 0.4317760 0.2274410 0.4590344 0.8163613 0.5136271 0.9363353 -0.3724362 -0.1255489 -0.0625105 0.8856091 0.5789749 0.3210385 0.6157001 0.7348361 -0.6102691 0.8436604 0.5761996 -0.2809293 0.2110212 0.8165642 -0.2548351 0.8949270 0.4815468 0.5461132 0.4583536 0.4239687 0.1508360 0.6888891 0.5238120 0.3925517 0.2845376 0.5375351 0.1576754 0.0716597 0.2101139 0.8061956 0.7502420 0.5511986 0.0271476 0.7657141 0.2938899 0.5568961 -0.0070227 0.1762438 0.4226970 0.7669856 -0.1768803 0.1509582 0.0137554 0.5749353 0.2061329 0.4615737 0.4155531 0.5752342 0.7212017 0.6862344 0.3420165 0.3752511 0.5400711 0.6682960 0.5004906 0.6738030 0.1799847 0.1328955 0.6243937 0.6106470 0.4073450 0.6356243 0.5752492 0.6065669 0.6803877 0.6646193 0.6554137 0.6541932 0.5144914 0.6034296 0.6804673 0.5420506 0.6896096 0.4989113 0.6855598 0.6079224 0.4922451 0.5167030 0.5498368 0.5720163 0.2963617 0.4339540 0.5665162 0.6257688 0.5284380 0.0960820 0.6163179 0.5007354 0.0069938 0.0304198 0.5455273 0.1152356 0.5958359 0.5668755 0.4368136 0.4228914 0.1708462 0.1600404 0.6397485 0.4404762 0.3093027 -0.5361808 0.1512124 0.4505625 0.1763120 -0.0438914 0.3645372 0.4274668 -0.1128929 -0.0200784 0.3844977 0.0699333 0.3747563 0.5300923 0.4593571 0.2626559 0.4623404 0.4713794 -0.1767138 0.1385927 0.3579497 0.1642195 -0.0641006 -0.4062304 0.0004673 -0.1783804 0.4737820 0.3662185 0.6094042 0.3105261 0.1236638 0.1435964 -0.3084399 -0.2612907 -0.0104119 0.0410083 0.2779906 0.3149490 -0.0863638 -0.1633228 0.4506749 -0.0244903 -0.0651032 -0.3166988 0.0258257 0.4320520 -0.5333201 -0.7550033 -0.4912543 -0.3149137 -0.1401848 -0.3670384 0.2554185 0.3255050 -0.5020380 -0.5270469 -0.5927098 -0.5201678 -0.2563147 0.0287796 0.1563614 0.2991741 0.0415805 -0.0885532
-0.5259945 0.0105621 -0.2499597 0.5607134 -0.2810843 0.4325723 -0.1559227 0.6290335 0.5656092 0.8515519 0.6903380 0.1489742 0.4697721 0.6752061 0.2195325 0.6849184 0.0000000 0.2125840 0.8351531 0.3442829 0.3855556 0.5444751 0.6930962 0.2024914 0.6373416 0.3881063 0.8388526 0.1475459 0.2947786 0.7169835 0.4356700 0.2600498 0.0999444 0.2360803 0.5869172 0.6350151 0.2750655 0.3122403 0.8448584 0.6671247 0.3000060 0.5054961 0.8167334 0.3783409 0.3250044 0.3120652 0.2253358 0.1891623 0.3862806 0.1877700 0.3463304 0.7525886 0.3970786 0.6059217 -0.0938729 0.0439155 0.2504554 0.5162331 0.4190445 0.4112289 0.4228900 0.4318589 -0.2612271 0.6296221 0.3302861 0.0697035 0.4799537 0.5836400 0.1777445 0.5960134 0.7494567 0.2497563 0.6543043 0.2208189 0.2323342 0.7468534 0.1902769 0.5025022 0.5338356 0.5562900 0.4815351 -0.2156298 -0.0964775 0.7640171 0.6945754 0.2781453 0.0557754 0.6722537 0.0645889 0.3723945 0.1475315 -0.0243455 0.3959041 0.3588489 0.0138485 0.0911466 0.1326500 0.3810036 -0.0317849 0.0369303 0.2143506 0.1980909 0.4045480 0.3139441 0.3293453 0.3899248 0.3007692 0.2675716 0.3568310 0.3589209 0.0417613 0.2454749 0.5147364 0.5741997 0.4396516 0.4708432 0.4598364 0.4048974 0.4499417 0.5771000 0.6384489 0.5745395 0.3878572 0.3303803 0.6029655 0.3640709 0.5209578 0.4519540 0.5374656 0.4119758 0.5331150 0.4500587 0.5654214 0.4305295 0.6295929 0.0207791 0.4730173 0.5275147 0.5372903 0.3754516 0.3774243 0.5448960 0.4777947 0.0365581 0.5085070 -0.3607810 0.4789617 0.4227222 0.6061178 0.5747790 0.3422942 0.1191145 0.5405933 0.2748560 0.2772690 -0.3261817 0.5811739 0.2363863 0.5777139 0.1993169 0.1597164 0.5819879 -0.2816448 0.5230911 0.3391297 -0.2487062 0.1302701 0.5752846 0.6725009 0.4813887 0.4104954 0.5660563 -0.1649732 0.0829225 0.1517251 -0.0177762 -0.0356410 -0.2576770 0.1511056 0.0528306 0.2501505 0.2387124 0.4024538 0.2413823 0.1182307 0.1384719 -0.0231778 0.0138897 -0.1120593 -0.1572898 0.1576156 0.1961165 0.0419448 -0.2406854 0.2272770 -0.0892720 -0.0513698 -0.1981589 0.4943314 0.2764400 -0.1314795 -0.6364356 -0.5720647 -0.4751602 -0.0194034 0.1355365 0.0030048 0.3625322 -0.2913146 -0.4122923 -0.4807792 -0.3719526 0.0947557 0.1107341 0.0210210 0.4590398 -0.0840891 -0.1635013
