0.0000000 0.7111745 0.5214465 -0.0239213 0.4497422 0.4171226 0.6149019 0.1633025 0.3131404 0.0621220 0.0443857 0.2268277 0.1350620 0.6367550 -0.3951535 0.0126409 0.0684071 0.4250170 -0.3327013 0.5257087 0.3009523 -0.5249224 0.0523155 0.2224306 -0.4558217 -0.3458624 -0.1730745 0.0226428 0.3763046 0.1979102 -0.2011783 -0.3700775 -0.0100298 0.4523023 -0.3988939 0.7366604 -0.5842564 -0.4332306 -0.4036756 -0.4320294 -0.4437097 0.6032423 -0.3105636 -0.0728149 0.4403985 -0.4831226 -0.4725957 -0.3878896 0.0364948 -0.4109315 -0.3676197 -0.4959434 0.1162521 -0.4449875 -0.5210247 -0.4800185 -0.5912279 -0.1032020 0.0990253 -0.3715948 0.0730676 -0.4036195 -0.4198816 0.0787841 0.0301747 -0.5698024 -0.3630728 -0.2894357 -0.4308781 0.2069522 -0.4597633 0.0480551 -0.1733804 0.0333931 -0.0966504 0.2162540 -0.0201947 0.0177019 0.0768583 -0.1332023 -0.0325388 0.3474892 -0.2252943 -0.3289489 -0.5873945 -0.2472391 0.2493428 -0.5082220 -0.2543006 -0.2756469 0.3057092 0.1161018 -0.0541522 -0.4459746 0.0701959 -0.0314564 0.1258430 0.0658812 0.1401050 -0.0157084 0.0400361 0.1092401 -0.0850981 -0.4840325 0.2581995 0.0500075 -0.2731506 -0.2128939 0.0607687 -0.3678862 0.4105322 -0.0915376 -0.1240024 -0.1950803 -0.1212417 -0.1074854 -0.0433984 -0.0742923 0.0353852 0.1293831 0.1762600 0.0976219 0.2400036 0.0912000 0.1825024 0.4695053 0.0278128 0.1890569 0.4452922 0.0354652 0.2437272 0.0259440 0.2139524 0.4602197 0.3351884 0.4488385 0.2710953 0.1786637 0.2266374 0.2011924 0.4291835 0.2191040 -0.0685098 0.1581085 0.1863853 0.4138301 0.2265712 0.2620836 0.0915398 0.2400686 0.2406489 0.0479884 0.1764561 0.4413631 0.2227978 0.1492547 -0.2506376 0.2983071 0.0329489 -0.1097884 0.2289959 0.1609118 0.3131735 -0.2229528 0.2131045 0.2165837 0.4299885 0.1193424 -0.2273450 -0.1664265 0.2248334 -0.0960703 0.8996741 0.6145703 0.5272231 0.4020983 0.1170946 0.1750517 0.3713631 0.3852072 0.0135378 0.1599405 0.2513413 -0.0466433 -0.1700902 -0.2580762 -0.2793259 -0.3357787 -0.4165120 -0.3475693 0.1849342 -0.3646728 -0.4700653 0.1532619 0.2921200 0.4757595 0.5078940 -0.5021293 -0.1528187 0.4898094 -0.3160398 -0.3490475 -0.0916752 -0.0519061 0.0236804 0.2710492 0.0006628 -0.0090139 -0.3255731 -0.2920201 0.0417225 0.0655073 0.0388938 0.1582125 0.3172348 0.1536515 0.2526570 0.1271784
0.7111745 0.0000000 0.5000217 0.1227580 0.6501087 0.5290244 0.6378376 0.2598373 0.4788741 -0.0803181 -0.0935305 0.2911614 0.4057915 0.2226555 -0.0429648 -0.0968715 -0.2064515 0.1819207 -0.2343424 0.2892913 0.2446397 -0.1906786 -0.1232966 0.1164252 -0.3087775 -0.2725642 -0.3399954 -0.0018691 0.2272658 -0.0013664 0.1154842 -0.3310393 -0.0431913 0.3029640 -0.3417887 0.6714176 -0.4234206 -0.2646248 -0.5582919 -0.3949019 -0.2911090 0.6925961 -0.4181346 -0.1365256 0.6240050 -0.3572143 -0.3177631 -0.2216179 -0.0012251 -0.2175424 -0.3400151 -0.4249269 0.2367241 -0.4078849 -0.2636236 -0.2819843 -0.3633564 -0.0425072 0.3487413 -0.2742389 0.4967623 -0.3249895 -0.1594954 0.3365335 0.4799849 -0.3232592 -0.2840447 -0.1856368 -0.2690756 0.2858286 -0.2766610 0.4135693 -0.0942397 0.4582996 -0.0999406 0.3274684 0.1524584 0.1826203 0.1895235 0.0441982 0.1439614 0.4017026 0.0196285 -0.0605895 -0.4060333 -0.1777704 0.2629933 -0.3380045 -0.1494653 -0.2393802 0.0995557 0.1229075 -0.0472512 -0.4720103 -0.0054741 0.0073200 0.0768020 0.0897287 0.0746724 0.0515470 -0.0343956 0.0597192 -0.0267950 -0.5332592 0.2174581 -0.0106096 -0.2525266 -0.0533330 -0.0502506 -0.3475456 0.3027904 -0.1051397 -0.1021286 -0.2516132 -0.2247437 -0.2649240 -0.2921668 -0.2166838 -0.2034758 -0.0240127 -0.0461976 -0.2311069 0.4496012 -0.1581639 0.0008620 0.1594398 -0.2503002 0.4174035 0.2690519 -0.2862452 0.0207415 0.3016330 0.1104958 0.3927223 0.5673884 0.5436210 0.2331160 0.1682114 0.2523674 0.2186589 0.5201954 0.2716311 0.0681542 0.4011398 0.2729060 0.3338699 0.2718775 0.2816606 0.3180403 0.2390013 0.1894710 0.1852649 0.2435658 0.4794930 0.2494926 0.2069475 -0.2185576 0.3093978 0.2200080 -0.0896929 0.2700741 0.1105680 0.3761090 -0.1707621 0.2475796 0.1933241 0.4399038 0.2658055 0.0264954 -0.1645324 0.3517055 0.1138152 0.7829848 0.7107817 0.8634407 0.5928719 0.1530491 0.1931805 0.3404267 0.2780016 0.1814269 0.4998745 0.3714342 0.1283571 0.0942764 0.2136330 -0.0510916 -0.2027976 -0.2967341 -0.0634902 0.0620522 -0.1000663 -0.5111728 0.0931424 0.0791318 0.2303870 0.1220892 -0.5083403 -0.1088269 0.1267012 -0.3684257 -0.5023395 -0.2534207 -0.3101366 0.1236371 0.5232349 -0.3277312 -0.0121567 -0.3341793 -0.1642880 -0.2481079 -0.0866037 0.1722015 0.3686871 0.2850701 0.3686384 -0.0581041 -0.1409379
0.5214465 0.5000217 0.0000000 0.6603211 0.7530767 0.5753056 0.2549994 0.7302282 0.6487939 0.5340349 0.5219178 0.7982299 0.5827331 0.3560649 0.4474028 0.1293188 0.4321166 0.7039333 -0.1063227 -0.0601177 0.8455320 -0.1678254 0.0163785 0.6583995 -0.1632726 -0.1124548 0.3536770 0.2840740 0.7459171 0.4173933 -0.0531545 -0.0292908 0.4681387 0.6724467 -0.1250086 0.6961525 -0.1330108 -0.1355612 -0.2463310 0.1643452 -0.2238951 0.2843006 -0.3362231 0.3593658 0.5210387 -0.1537069 -0.1752044 -0.0401919 0.6278980 0.0473259 -0.2725124 -0.3093346 0.3847630 -0.1827940 0.0984775 0.0369115 -0.0796967 0.1860848 -0.0643866 -0.2334628 0.2961098 -0.2099158 0.1580822 0.3949834 0.0464612 -0.0548827 -0.2017509 0.0997753 0.0371493 0.6420129 -0.1271707 0.5236156 0.3213281 0.3095734 -0.0920978 0.7322511 0.7085053 0.5118490 0.6880494 0.5603058 0.4908688 0.2524165 -0.0485787 -0.3187936 -0.2264927 -0.3956847 -0.0970769 -0.0355144 -0.3889133 -0.2655850 -0.1761638 -0.1668037 -0.4964455 -0.5288855 -0.2545662 -0.1973655 -0.3070187 -0.1520790 -0.3497538 -0.4415469 -0.2861484 -0.2110695 -0.3041626 -0.3343503 0.0069397 -0.1443374 -0.6527222 -0.3744711 -0.2999395 -0.6958157 0.0651720 -0.6173976 -0.6256030 -0.6408260 -0.7528072 -0.5332191 -0.6961695 -0.7320055 -0.6483636 -0.6120506 -0.6057306 -0.6262869 0.1888456 -0.5656933 -0.5524537 -0.2196092 -0.3890103 0.1856815 0.0707843 -0.4437533 -0.3235089 0.0965002 -0.1719540 0.4731998 0.4330405 0.4324958 0.0011273 0.2646150 0.0163279 0.3694061 0.2778065 0.2434379 0.0931859 0.2533165 0.0591493 -0.0732367 0.1878418 0.1028004 0.1941172 0.3307227 0.3552122 0.2117490 0.2436651 -0.0250058 0.2020330 0.1250960 0.0356523 0.1729163 0.1950357 0.2608227 0.1456187 0.2505443 -0.0039653 -0.1563374 0.1180677 0.2649553 0.0508806 0.0614911 0.0125906 -0.0059311 0.1256979 -0.0386036 0.3058273 0.5922604 0.5665645 0.8052432 0.7312551 0.4378010 0.8556931 0.5348399 0.2083417 0.3540006 0.0062554 0.3407372 -0.2707395 -0.1638999 -0.1893205 -0.2950467 0.1869394 0.3998930 -0.4965770 0.4117835 -0.1239377 -0.3160763 -0.3088283 -0.0345840 0.3718620 -0.3115432 0.3693500 -0.0773535 0.2550283 -0.2366673 -0.1765622 -0.1624904 0.5531932 0.5478700 -0.0706642 0.1202869 0.2562498 0.1739888 -0.1390702 -0.0649399 0.2814883 0.3470954 0.0639181 0.2417678 0.1973754 -0.0095077
-0.0239213 0.1227580 0.6603211 0.0000000 0.5517451 0.7043162 -0.2776929 0.8524470 0.2843724 0.7740216 0.8150611 0.6880895 0.6484845 0.1404429 0.6786167 0.1676332 0.7177699 0.4638261 0.0731914 -0.4637161 0.7850876 0.1605533 -0.1308442 0.7037143 0.0333629 -0.0045440 0.7313198 0.5258359 0.7320504 0.6074004 0.0949778 0.1092499 0.7577986 0.6236683 0.0615321 0.4497460 0.1838217 0.0398108 0.0090582 0.5102433 0.0543619 0.0564841 -0.2781662 0.5974935 0.3071452 0.0692464 -0.0503102 0.0641786 0.8611259 0.1938303 -0.2116908 -0.2266238 0.4277544 -0.0819410 0.3349357 0.2312336 0.1240633 0.2459840 -0.5135382 -0.1504331 0.0295767 -0.1835673 0.2437742 0.6334597 0.2153296 0.1223757 -0.1357567 0.1319632 0.1290025 0.5841828 0.0029371 0.6797796 0.3629734 0.3209586 -0.0748781 0.5460956 0.7223103 0.4879634 0.5333301 0.5363681 0.4589877 0.0220992 -0.1670282 -0.5076220 -0.3163167 -0.3737708 -0.3238310 -0.0677134 -0.5229632 -0.3951220 -0.5272517 -0.1896068 -0.3795654 -0.5727637 -0.4800561 -0.2104941 -0.3044437 -0.1074893 -0.6319300 -0.7102939 -0.5514493 -0.2892508 -0.2311458 -0.4493874 -0.1155153 -0.2782568 -0.4437596 -0.2953819 -0.3687563 -0.5133037 -0.2740809 -0.4414340 -0.3884005 -0.3425710 -0.4924160 -0.3219252 -0.4975564 -0.5045948 -0.5103455 -0.5218353 -0.5793740 -0.6353183 0.1500518 -0.4534009 -0.5508856 -0.3072163 -0.3723750 0.1997202 -0.3103828 -0.4696961 -0.4829889 0.2009929 -0.1852024 0.1452382 0.3608765 0.3030968 -0.1535498 0.0031247 -0.1657339 0.1325209 0.2397451 0.0710289 0.2892553 0.1204951 -0.1445522 -0.1400303 0.0342724 -0.0554563 0.2979538 0.1913858 0.1877389 0.0900293 0.1452598 -0.0630902 0.1923691 -0.0280506 0.3203305 0.0629650 0.3080825 0.3144016 0.2437404 0.3240385 -0.1183463 0.0510278 0.2781531 0.1753219 -0.0268298 0.1176763 0.3065397 0.3198841 0.2422707 0.2603767 -0.1450625 0.2015038 0.2609771 0.4801835 0.5240746 0.0848581 0.6177631 0.3307556 0.1510801 0.1218153 -0.3387009 0.1184835 -0.4326334 -0.0708692 -0.1751039 -0.2903709 0.3115254 0.5021800 -0.3890867 0.5488422 0.0550684 -0.1886732 -0.2491695 -0.0788484 0.2527573 -0.2005588 0.3718934 -0.1853445 0.4401923 -0.1560358 -0.2372786 -0.2269050 0.4000288 0.3857097 -0.2816692 -0.1877148 0.4766088 0.1323497 -0.3278963 -0.3808293 0.0766816 -0.0071702 -0.3997869 0.1934482 -0.0179053 -0.2068209
0.4497422 0.6501087 0.7530767 0.5517451 0.0000000 0.5900239 0.3330789 0.6972867 0.4494005 0.3560942 0.3519008 0.6988095 0.5991504 0.2750498 0.3324840 0.1529302 0.3158219 0.3697680 -0.0374744 -0.2452666 0.7719052 -0.0938552 -0.0909765 0.5246717 -0.1198820 -0.1682585 0.1580235 0.3525961 0.6308460 0.4022407 -0.0536488 -0.0244391 0.4757640 0.7084893 -0.3092910 0.7379518 -0.1843918 -0.0868666 -0.3231953 0.0744517 -0.2160232 0.4743768 -0.4062442 0.3025214 0.6473024 -0.1193632 -0.2114842 -0.0749651 0.5328076 0.1719477 -0.3515992 -0.3552960 0.5454676 -0.1872930 0.1098114 0.0612371 -0.1461089 0.1922362 0.0846562 -0.3044237 0.5587823 -0.2143726 0.2101596 0.4715298 0.4718309 -0.1463412 -0.2307708 0.1335544 0.0523745 0.7216849 -0.1694357 0.6912121 0.3151820 0.5581952 -0.1907850 0.7725368 0.7262707 0.6118877 0.7011057 0.5711834 0.6947533 0.2964249 -0.0812979 -0.2396055 -0.3016962 -0.3680381 -0.1718296 -0.2659292 -0.3822594 -0.3678508 -0.3676965 -0.3706156 -0.4436646 -0.6062524 -0.3857272 -0.3783210 -0.4381289 -0.3484036 -0.3654359 -0.2848547 -0.3476193 -0.3223684 -0.3086955 -0.3566420 -0.2178650 -0.3459724 -0.5806068 -0.3784990 -0.4324804 -0.5600475 -0.0572000 -0.4991177 -0.6118831 -0.5288632 -0.5176955 -0.6632756 -0.5636381 -0.4841623 -0.5621163 -0.4046666 -0.4922109 -0.6465801 0.1630304 -0.6201193 -0.4225576 -0.2319654 -0.6050106 0.1415851 -0.1272305 -0.6634289 -0.4437293 0.1620311 -0.3387023 0.3548028 0.4407212 0.2460112 -0.1783918 0.0973505 -0.1364459 0.1727067 0.1844728 0.1352384 -0.0579092 0.3819266 -0.0457905 -0.1799938 0.1257370 0.0051733 0.1509507 0.1948353 0.2283825 0.1750709 0.1867206 0.0216476 0.1242905 0.3490627 -0.1973534 0.0902694 0.2079723 0.1665101 0.0105958 0.0328207 0.2585469 -0.2180491 0.0435502 0.1902590 0.1590303 0.0254164 -0.0183814 -0.2257902 0.0279214 -0.0858422 0.2871410 0.4149271 0.6446840 0.6615510 0.4889912 0.1144784 0.7540860 0.3581631 0.0624828 0.5180915 0.3627323 0.4239480 -0.1427405 0.0731771 -0.2690132 -0.3095493 -0.0368302 0.2336123 -0.4232722 0.4674653 -0.3363938 -0.3926413 -0.2787271 -0.1363580 0.2334346 -0.2359076 0.4081850 -0.1915821 -0.0815454 -0.2495084 -0.3152521 -0.3922512 0.3210082 0.7654557 -0.2753062 -0.1701825 -0.0338586 0.2370459 -0.3188164 -0.3092494 0.4003929 0.5382748 0.1147067 0.4758374 0.0473563 -0.0558650
0.4171226 0.5290244 0.5753056 0.7043162 0.5900239 0.0000000 0.1123773 0.5627382 0.4575304 0.6574860 0.4896857 0.4561559 0.3946287 0.5301031 0.2453829 -0.0966574 0.5833650 0.5365460 -0.3375733 -0.1598919 0.5728219 -0.3182406 -0.3291099 0.7094566 -0.4936230 -0.4687229 0.4405475 0.6213767 0.7116911 0.6441387 -0.2289081 -0.4637858 0.6857904 0.6455757 -0.4248976 0.7804369 -0.4400165 -0.4212976 -0.3576833 0.1676207 -0.3596369 0.5611882 -0.6234290 0.5471450 0.4557990 -0.3983760 -0.5365351 -0.3816392 0.5641996 -0.2701471 -0.6494337 -0.7297758 0.1398817 -0.6065990 -0.1584872 -0.2560005 -0.4700642 -0.1817830 -0.3478660 -0.5783993 0.0327782 -0.6923233 -0.2019844 0.4503120 0.3045347 -0.4121280 -0.6097182 -0.4270409 -0.3310336 0.2506846 -0.5308169 0.4436208 -0.1437588 0.3041886 -0.2936565 0.2619420 0.3614770 0.1099644 0.2185216 0.1832157 0.1610408 0.0587985 -0.3792509 -0.5459179 -0.6875165 -0.4102930 -0.1854309 -0.4490111 -0.5944342 -0.6090297 -0.2790689 0.0097819 -0.0378764 -0.6212576 -0.3788735 -0.1020843 0.0026991 0.1042989 -0.3800889 -0.4943792 -0.4536877 -0.0723650 -0.1343681 -0.6869844 0.1118479 -0.2233328 -0.2507733 -0.2737088 -0.2517342 -0.4027815 -0.0183930 -0.0933894 -0.0758131 -0.1090893 -0.1774549 -0.1635344 -0.2023404 -0.1733828 -0.1251304 -0.0008582 -0.0675886 -0.3311013 0.1636392 -0.0208562 -0.0348803 0.2482685 -0.2816831 0.2220783 0.0421103 -0.3601615 -0.1263036 0.1673395 0.0136097 0.1088505 0.4241382 0.4068985 -0.0354774 -0.0273803 0.0215503 0.0857298 0.3825967 0.1480780 0.2482322 0.0034844 -0.0527989 0.1384792 0.1145198 0.0931120 0.3498607 0.1672152 0.1481618 -0.1024998 0.1292569 0.2182836 0.2250715 -0.1239545 0.1787026 0.1718192 0.3446193 0.0509884 0.2541188 0.2743475 0.0023386 0.0075032 0.3790352 0.0947064 0.2371302 0.2603657 0.1976635 0.1821793 0.4058148 0.2770855 0.4045979 0.3798461 0.4499983 0.4073605 0.1765354 0.0199220 0.4445221 0.4741503 0.2043565 0.2612316 -0.1401337 -0.0451988 -0.3345550 0.0041033 -0.1018255 -0.3111962 0.0157003 0.1569561 0.1466142 0.1033403 -0.2090169 0.1586449 0.2573520 0.2644992 0.3371686 -0.4236557 0.0625651 0.2064628 0.0392695 -0.4174250 -0.3488939 -0.2459411 -0.0317456 0.2721247 -0.4658342 -0.4428960 0.0284229 -0.2527927 -0.4031729 -0.4683680 -0.1570326 -0.0663069 -0.2838395 0.2269397 -0.1171733 -0.2721585
0.6149019 0.6378376 0.2549994 -0.2776929 0.3330789 0.1123773 0.0000000 -0.0448393 0.5408223 -0.4078690 -0.3617436 0.3527214 0.0578874 0.2408867 -0.1355409 0.0772127 -0.3244785 0.2149511 -0.1369338 0.3152719 0.1526477 -0.3556100 0.2665223 0.0064446 -0.2236059 -0.0826788 -0.4889252 -0.1675880 0.1213976 -0.0406373 -0.0362626 -0.2202359 -0.3646777 0.2081066 -0.1555498 0.4486052 -0.2892000 -0.1812605 -0.0751741 -0.3307266 -0.2081415 0.5841323 -0.0118425 -0.3355320 0.5400828 -0.2689935 -0.1434233 -0.1126661 -0.3242288 -0.1350343 -0.0567090 -0.0822458 -0.0061383 -0.1379338 -0.4127348 -0.2844516 -0.2761558 0.0177700 0.4967376 -0.0820429 0.3492143 -0.1297009 -0.3547080 -0.2485853 -0.1093455 -0.3541509 -0.1293582 -0.1049339 -0.3030075 0.0539849 -0.2418985 -0.1270189 -0.0366163 -0.1641345 -0.2487663 0.1348592 -0.1477716 0.0172566 0.0599985 -0.1342987 -0.0772077 0.6264613 0.3361243 0.0646025 -0.1493156 0.1043397 0.4874905 -0.3755914 0.1261749 0.0626380 0.5475706 0.2723343 0.1272009 -0.1307302 0.4248222 0.1684904 0.2623562 0.2295211 0.4924151 0.1583237 0.4914769 0.4096070 0.2050523 -0.0548277 0.4922942 0.3648747 0.0267143 0.1466953 0.3963951 0.0502152 0.7424124 0.0715932 0.0072501 0.0066845 0.0140314 0.1365637 0.0551160 0.0317850 0.0526131 0.1336733 0.2032511 0.2166331 0.3287315 0.0274730 0.2728327 0.1204442 0.2741776 0.1197541 0.5340525 0.2615297 0.4973675 -0.0031678 0.4275709 0.4686640 0.2987993 0.3574396 0.5752782 0.3994553 0.5499753 0.4004769 0.2513412 0.4162020 -0.3094604 0.5498425 0.5271891 0.4380615 0.5360317 0.5628797 -0.0787085 0.4936352 0.5089624 0.4536640 0.5426419 0.3168689 0.4334128 0.5330626 -0.1916089 0.5623731 -0.1941045 0.2137255 0.2247340 0.3258843 0.5827436 -0.2099756 0.3245752 0.5148458 0.4794650 -0.0089173 -0.1863885 -0.1568412 0.1350162 -0.1858555 0.5789576 0.6866022 0.5133980 0.4433362 0.2911469 0.4731200 0.3420257 0.2166139 -0.1113997 0.0666548 0.5469603 -0.0148592 0.0767944 -0.1957388 -0.2443587 -0.3936297 -0.4445653 -0.1930649 0.0912844 -0.2317580 -0.4358566 -0.1358799 -0.0156944 0.0088758 -0.0097936 -0.4161678 -0.2563587 0.0241918 -0.2180736 0.0037456 0.3533507 0.3468491 0.1848821 0.2315806 0.2705461 0.3642484 -0.1318154 -0.0362373 0.4246521 0.2864503 0.1203475 0.3318900 0.7031002 0.1739640 0.2982921 0.3533257
0.1633025 0.2598373 0.7302282 0.8524470 0.6972867 0.5627382 -0.0448393 0.0000000 0.2295603 0.5436122 0.8397283 0.7464712 0.8948142 0.1063965 0.5074077 0.5058044 0.5801436 0.3378948 0.3322188 -0.2546794 0.8543776 0.3123367 0.2575677 0.5115711 0.2559091 0.2770212 0.6241553 0.2809360 0.6788826 0.4752730 0.3187926 0.3439756 0.5286396 0.7133922 0.2632274 0.5701704 0.3179160 0.3107266 0.1599504 0.3237442 0.2731380 0.0861545 0.0047847 0.3669128 0.4465533 0.2715022 0.1322429 0.3391579 0.8625225 0.4706319 -0.0093020 -0.0034166 0.7413890 0.1665091 0.4384087 0.3860184 0.2514830 0.5674154 -0.3206520 -0.0031675 0.2069921 0.0477560 0.3698042 0.7427752 0.2995407 0.2051386 0.0583232 0.4268987 0.2996892 0.8494734 0.1814517 0.8048561 0.6305889 0.3815302 0.1401671 0.7469180 0.8014320 0.7452752 0.7039148 0.6080007 0.6575407 0.2357152 -0.0098659 -0.4241097 -0.2827746 -0.2862230 -0.2139135 -0.1324704 -0.3870641 -0.2741853 -0.4264209 -0.2349289 -0.3928473 -0.6487105 -0.3195106 -0.2137027 -0.3142178 -0.1592350 -0.4546676 -0.5623586 -0.3641918 -0.2864833 -0.1781041 -0.3610958 -0.0564585 -0.1139935 -0.5422012 -0.2565928 -0.3143158 -0.5684183 -0.0495487 -0.5180627 -0.4812124 -0.3940414 -0.5333288 -0.4368235 -0.5125979 -0.5290687 -0.5545696 -0.5448747 -0.6050221 -0.6153034 0.3178689 -0.5345461 -0.5580043 -0.2803668 -0.3368043 0.2362836 -0.1641036 -0.4387452 -0.4050358 0.3008980 -0.0680346 0.3451835 0.5524526 0.3809849 0.0485124 0.2181726 0.0010146 0.3198336 0.3282356 0.2664621 0.2009256 0.4699619 0.1016645 -0.0109623 0.2866022 0.1892461 0.2261110 0.4367883 0.4309882 0.3974969 0.3878872 0.0171808 0.4507872 0.3350068 0.2692288 0.2959648 0.2654064 0.5425844 0.3950056 0.4533592 0.1942980 0.1168447 0.3946272 0.4375023 0.1419840 0.0323727 0.2231743 0.3052331 0.2454842 0.1496514 0.0232126 0.3303374 0.3932578 0.6080766 0.6303624 0.1380608 0.7717864 0.3369279 0.0494264 0.1646521 -0.0545367 0.2456577 -0.4024303 -0.0976117 -0.3960252 -0.2958184 0.1583499 0.4319603 -0.4276471 0.6002210 -0.0723871 -0.2254166 -0.2489066 -0.0273836 0.3301960 -0.1881101 0.4276838 -0.1354127 0.3428312 -0.1886731 -0.1054032 -0.1374107 0.5756682 0.6643027 -0.0746569 -0.0769720 0.4170021 0.2755189 -0.1585310 -0.1169063 0.3967217 0.3788613 0.0448768 0.3392305 0.1203701 -0.0390926
0.3131404 0.4788741 0.6487939 0.2843724 0.4494005 0.4575304 0.5408223 0.2295603 0.0000000 0.1833179 -0.0480761 0.6218281 0.1639118 0.2623406 0.4636575 -0.2401822 0.0814778 0.6545156 -0.3980973 -0.0437930 0.4506812 -0.4246935 -0.1651025 0.4616067 -0.4423220 -0.3173442 0.0256467 0.2077524 0.4388813 0.2466117 -0.1891293 -0.3839179 0.1650529 0.2836325 -0.2917857 0.4436920 -0.3272697 -0.3818236 -0.2204208 0.1388380 -0.4215720 0.3474654 -0.4407054 0.1616228 0.3985295 -0.3999151 -0.3051547 -0.2363853 0.1176834 -0.2157899 -0.3841530 -0.3107766 -0.0978320 -0.3233073 -0.2031990 -0.2355389 -0.2371103 -0.1279999 0.1432027 -0.3112935 0.2596780 -0.3739034 -0.1169869 -0.0105845 -0.1216871 -0.2374861 -0.4165471 -0.1916092 -0.2500228 0.1482189 -0.3666323 0.1236729 -0.0893838 0.0833784 -0.4649226 0.3030378 0.2969430 0.0865304 0.3259070 0.2667947 0.0796943 0.2858509 0.1384838 -0.0543051 -0.0569896 -0.2279164 0.0034824 -0.0218395 -0.2144836 -0.1561628 0.0677935 -0.0528265 -0.2546006 -0.0764293 -0.1087286 -0.1345593 -0.1152160 0.0129741 -0.0960538 -0.1986071 -0.0043080 0.0948639 -0.0755833 -0.1077706 0.1784999 -0.0532759 -0.2718907 -0.0965298 -0.0406759 -0.2583210 0.2435676 -0.2791493 -0.2838059 -0.3509103 -0.4348088 -0.1738353 -0.4079189 -0.4301575 -0.3216864 -0.3066336 -0.2649611 -0.3127410 0.0602690 -0.2392765 -0.2070766 -0.1826377 -0.1569200 -0.0121922 0.1984494 -0.1548390 0.0068723 -0.1125103 -0.0219227 0.3749874 0.1977352 0.2941807 0.1583509 0.2916491 0.2163544 0.3521614 0.1038418 0.2968176 -0.1730848 0.2185236 0.2318664 0.0498518 0.2848794 0.2137633 0.0045101 0.2910549 0.3126769 0.2227083 0.3009764 -0.0775575 0.1144102 0.1274534 -0.0345105 0.2482934 -0.0943729 0.1896778 -0.0463170 0.1526052 0.0217070 -0.2476175 0.0488122 0.2874043 0.0625574 -0.0770001 -0.1597837 -0.1597531 0.0149236 -0.1885576 0.2600664 0.6322064 0.4049205 0.5702811 0.5829293 0.6137591 0.5726575 0.5110265 0.2137089 0.2388433 -0.0050137 0.0474649 -0.0839342 -0.0706941 0.0474106 -0.2541330 0.1388504 0.3781990 -0.2509577 0.2074227 -0.0377362 -0.3653784 -0.2789647 -0.2713414 -0.0613080 -0.2913309 0.0872821 -0.2002285 0.3225258 -0.0073603 0.0262741 0.1508735 0.3117128 0.1663754 -0.0187630 0.3255792 0.3276194 0.1326655 0.0596493 -0.0632496 -0.0460117 0.1498234 0.1326962 0.0516666 0.1962693 0.1300905
0.0621220 -0.0803181 0.5340349 0.7740216 0.3560942 0.6574860 -0.4078690 0.5436122 0.1833179 0.0000000 0.7383620 0.3596555 0.2219138 0.5558608 0.3203574 -0.0920621 0.8796494 0.6526672 -0.2318360 -0.3792475 0.6012154 -0.2593269 -0.3381503 0.8469057 -0.2801165 -0.3527390 0.7670402 0.7998803 0.7869175 0.8165175 -0.3645090 -0.1381826 0.9331544 0.6099212 -0.2824749 0.4562788 -0.1848366 -0.2975080 -0.0673421 0.5794035 -0.2824166 0.0928132 -0.4575476 0.8672594 0.1213968 -0.1613047 -0.3486675 -0.2930081 0.7809888 -0.1226733 -0.4636644 -0.5282178 0.0825919 -0.3753259 0.1128517 -0.0183671 -0.2171960 -0.1810971 -0.4742810 -0.4771818 -0.1314905 -0.5247070 0.0500328 0.3384066 0.0090519 -0.1562725 -0.4697272 -0.3039919 -0.0864148 0.2263568 -0.4035833 0.3419642 -0.0446511 0.2444752 -0.2820816 0.2879089 0.5093567 0.0848944 0.3279961 0.4157155 0.2408625 -0.1756836 -0.4332188 -0.6687817 -0.4169908 -0.3860537 -0.4128410 -0.0538967 -0.6062880 -0.5070402 -0.5060905 -0.2500302 -0.2681208 -0.4726700 -0.5532513 -0.2993702 -0.2833884 -0.1042474 -0.6895084 -0.7512090 -0.6981834 -0.2507173 -0.2374907 -0.4126708 -0.2593677 -0.4930890 -0.3232388 -0.3708648 -0.4485938 -0.4024036 -0.4607238 -0.2454227 -0.2370007 -0.1914043 -0.2905830 -0.3300042 -0.2813258 -0.2578331 -0.2012879 -0.2271778 -0.2966015 -0.4433521 -0.2550033 -0.1392588 -0.3125943 -0.0049794 -0.4306129 -0.1158002 -0.3763679 -0.4391675 -0.4575975 -0.1338380 -0.4001316 0.0009779 -0.0743437 -0.0261356 -0.4495330 -0.3299081 -0.4263624 -0.1997851 -0.0724195 -0.2559735 0.1990464 -0.3540325 -0.4739981 -0.2724970 -0.3260134 -0.3911696 0.0938626 -0.2110086 -0.1451533 -0.4095196 -0.2862362 -0.2288018 -0.1820573 -0.3127126 0.1574194 -0.3190258 0.2435904 -0.0311298 -0.0840454 0.0217570 -0.3672370 -0.0526553 -0.0348091 -0.2076702 -0.2200242 0.0205959 0.0627163 0.1119067 -0.0132541 0.0431316 -0.1445640 -0.1252321 -0.0059064 0.2062714 0.2492560 0.0535553 0.4124095 0.4458414 0.3544691 0.1345292 -0.3772670 0.1105900 -0.2837407 -0.0158538 0.1242104 0.0300998 0.5066515 0.3937852 -0.1355047 0.3237916 0.3262543 -0.0092046 0.0349998 0.0781015 0.4404701 0.0428309 0.4418146 0.0531508 0.3804584 -0.1443438 -0.3832520 -0.2775627 0.0875512 0.0563799 -0.3776449 -0.4257178 0.2643285 -0.0227740 -0.4549692 -0.5285026 -0.0910023 -0.1412787 -0.5676739 0.0112408 -0.1728853 -0.3178659
0.0443857 -0.0935305 0.5219178 0.8150611 0.3519008 0.4896857 -0.3617436 0.8397283 -0.0480761 0.7383620 0.0000000 0.4697812 0.6671958 0.2328752 0.3601783 0.5031619 0.8097432 0.4014142 0.3068603 -0.2562789 0.6842054 0.2634040 0.2616127 0.5402383 0.2239913 0.2392784 0.7990505 0.4144663 0.6418150 0.5861226 0.1764528 0.3198294 0.6664273 0.6725807 0.3032042 0.4264107 0.3217992 0.2707843 0.3026717 0.4671544 0.3021474 -0.0399076 0.1076118 0.5506219 0.2570098 0.3134234 0.1379512 0.2965607 0.9226322 0.3821437 0.0525449 -0.0289438 0.6184850 0.1730780 0.4611983 0.4090348 0.2586916 0.4590515 -0.4880687 -0.0172881 -0.0472173 -0.0127251 0.3117759 0.6324017 0.1417516 0.2541252 0.0573582 0.2640427 0.3075368 0.6141616 0.1290187 0.6134834 0.4711141 0.2142239 0.1729959 0.4809167 0.6028289 0.4687477 0.4616455 0.4261794 0.3766374 0.0150173 -0.1862235 -0.5763471 -0.3461245 -0.2305925 -0.2553163 -0.0765620 -0.4211071 -0.2915865 -0.4306559 -0.1600528 -0.2822959 -0.5589182 -0.3332914 -0.1847833 -0.2089215 -0.0794713 -0.5144995 -0.6489120 -0.4476806 -0.2582176 -0.1453352 -0.3337180 -0.0856150 -0.1479327 -0.3965666 -0.2437681 -0.2783734 -0.4697208 -0.1883911 -0.3509291 -0.2565928 -0.2088112 -0.3575300 -0.2240698 -0.2912534 -0.3308275 -0.3044292 -0.3550602 -0.3927157 -0.3733080 0.0982519 -0.2494069 -0.3810269 -0.1052997 -0.1387851 0.0717906 -0.2031294 -0.2059654 -0.2856465 0.1257392 -0.0194468 0.1674012 0.2695601 0.2327856 -0.0017169 0.0267744 -0.0667082 0.1227932 0.1999097 0.1000647 0.2392279 0.1241263 -0.0247612 -0.0034211 0.1246085 0.0677368 0.1161750 0.2514770 0.2567940 0.1561680 0.1936977 -0.0811020 0.3376262 0.0975734 0.3277511 0.1557616 0.1795589 0.3955997 0.3819065 0.4217534 -0.0129626 0.1732638 0.3905905 0.2813718 -0.0051048 -0.0318570 0.1607765 0.4159119 0.1948422 0.1474247 -0.1220905 0.0335980 0.0567711 0.3149095 0.4070671 0.0086795 0.5253217 0.3232352 0.0643294 0.0375375 -0.2153541 0.1590806 -0.4405057 -0.1477660 -0.2909381 -0.1167940 0.2695416 0.3382799 -0.2367553 0.3892932 0.1329576 0.0093443 -0.0454785 0.1226901 0.4163012 -0.0854358 0.3415478 -0.0176116 0.3656666 -0.1364222 -0.0972934 -0.1164312 0.3964584 0.3253630 -0.0011233 -0.2125685 0.3614819 0.0650548 -0.1688086 -0.2189776 0.1627858 0.0227369 -0.2497245 0.1514881 -0.0449401 -0.2121567
0.2268277 0.2911614 0.7982299 0.6880895 0.6988095 0.4561559 0.3527214 0.7464712 0.6218281 0.3596555 0.4697812 0.0000000 0.5648631 0.1319690 0.6666624 0.3035110 0.4116876 0.5396048 0.1018464 -0.3514065 0.9162879 -0.0314998 0.1695551 0.6156442 0.0529026 0.1069504 0.3587545 0.2416255 0.7302832 0.4426239 0.0219836 0.1648697 0.3823611 0.6674272 0.0765653 0.5294918 0.1636047 0.0423129 0.1014461 0.3265879 -0.0354370 0.2082432 -0.1132546 0.2664409 0.5392851 0.0165148 0.0270875 0.1078295 0.5684921 0.2534687 -0.0751728 -0.0342659 0.3979061 0.0733826 0.1376143 0.1577331 0.1130189 0.3861860 -0.1476816 -0.0469602 0.2484017 -0.0139016 0.1206048 0.2597141 -0.0885473 0.0178550 -0.0298566 0.3132229 0.0821400 0.6708472 0.0346845 0.4472456 0.5376755 0.0323890 -0.1961108 0.7258125 0.6949800 0.6231067 0.6986757 0.5672633 0.5330592 0.3909465 0.1514702 -0.2975636 -0.1317349 -0.2942362 -0.0831845 -0.1743092 -0.3398590 -0.1989831 -0.1438545 -0.1467462 -0.4402617 -0.4558283 -0.1596549 -0.1492510 -0.2894174 -0.1204096 -0.2740840 -0.5053426 -0.1098801 -0.1069135 -0.1912794 -0.1838371 0.1028151 0.0050651 -0.5014875 -0.2586469 -0.1113005 -0.4544700 0.2077915 -0.5608394 -0.5933599 -0.4574219 -0.5857133 -0.2912823 -0.5266227 -0.5908365 -0.6122817 -0.6159897 -0.5993570 -0.5213323 0.2323525 -0.6233776 -0.5142597 -0.4573767 -0.1625542 0.1238060 0.0249191 -0.2661001 -0.2030748 0.0758285 -0.0106125 0.4444797 0.4124888 0.3551458 0.1601526 0.3902651 0.1483398 0.4909776 0.1966628 0.3611931 -0.0600865 0.5018127 0.1852919 -0.0690415 0.3878123 0.2692023 0.0843085 0.5535318 0.5955245 0.4933287 0.5281851 -0.0718451 0.3961491 0.4097461 0.1752050 0.3835887 0.0459362 0.5865221 0.2047712 0.4719704 0.2103489 -0.1026269 0.2990007 0.5519605 0.1391805 -0.0362256 0.1007322 0.1354293 0.1084714 -0.0301910 0.0057652 0.5570210 0.4190342 0.7392516 0.8678817 0.4596093 0.9140143 0.3918294 -0.0705530 0.0432818 0.0608876 0.1915523 -0.3916989 -0.3694877 -0.4325101 -0.6131455 0.0497525 0.4291197 -0.5928323 0.5603033 -0.1551081 -0.5732073 -0.5198930 -0.3116547 0.1681603 -0.3029776 0.3285679 -0.3325332 0.4151057 0.0952529 0.1433051 0.1466980 0.6055448 0.5066038 0.1488353 0.2417331 0.5285088 0.3442197 0.1641579 -0.0197411 0.2291386 0.2693230 0.1661660 0.1872837 0.3924860 0.2829596
0.1350620 0.4057915 0.5827331 0.6484845 0.5991504 0.3946287 0.0578874 0.8948142 0.1639118 0.2219138 0.6671958 0.5648631 0.0000000 -0.1477610 0.4202684 0.5771207 0.2458686 0.0800944 0.4909231 -0.0889679 0.6077015 0.5628399 0.4095449 0.1643559 0.4339389 0.4794116 0.3489522 -0.0163984 0.3608523 0.1317885 0.6259190 0.4447995 0.2060990 0.4666055 0.4633749 0.4338038 0.4614995 0.5272777 0.1520810 0.0917350 0.5091494 0.0489031 0.2004785 0.0552181 0.4546491 0.4353557 0.3498846 0.5705554 0.6542136 0.5842951 0.2300606 0.1995246 0.8296891 0.3060447 0.5575738 0.5228519 0.4428220 0.6785683 -0.0787647 0.2052905 0.3711267 0.2497597 0.5016143 0.8286684 0.4881841 0.3955396 0.2649987 0.5550150 0.4490199 0.8295759 0.3934046 0.8779152 0.6718423 0.5156867 0.3614821 0.6948144 0.6799504 0.7622281 0.6306614 0.5175054 0.5944863 0.2822800 0.1722084 -0.1614290 -0.1461292 -0.1365627 -0.0364473 -0.0273553 -0.1524158 -0.0967313 -0.3202922 -0.1263931 -0.3139094 -0.5328128 -0.1484186 -0.1079778 -0.2111909 -0.0866427 -0.2585212 -0.2884235 -0.1910359 -0.2355780 -0.0863937 -0.2887918 0.0211262 0.0267657 -0.4717123 -0.0928203 -0.2197313 -0.5121700 0.0580060 -0.4515584 -0.3584290 -0.3771826 -0.5134305 -0.3960264 -0.5213557 -0.5121866 -0.5400448 -0.5073670 -0.5590375 -0.5503852 0.4911039 -0.5017755 -0.5028819 -0.2743956 -0.2590776 0.3572380 -0.0511207 -0.3506681 -0.2946909 0.4378954 0.0796850 0.4176229 0.6668857 0.4738308 0.2503033 0.3117482 0.1824259 0.3679088 0.4369425 0.3676964 0.2196828 0.6640417 0.3386828 0.1545663 0.4228699 0.3666914 0.2563328 0.5017810 0.4329026 0.5766634 0.4912557 0.1345991 0.5709210 0.4477542 0.2144332 0.4310255 0.2352619 0.5211070 0.5474675 0.4631105 0.3403032 0.1706692 0.4770996 0.5063425 0.2237614 0.0453906 0.2319591 0.3016776 0.3279361 0.1955690 0.1197716 0.4164836 0.5334037 0.6240355 0.5351038 0.1480209 0.6058926 0.2206659 0.0799346 0.2960872 0.0796071 0.3057735 -0.1837188 0.1314487 -0.3109763 -0.1203659 0.0721253 0.3803810 -0.3618275 0.5103794 -0.1482915 -0.0827620 -0.2298351 0.0263478 0.1795124 -0.2060792 0.3013771 -0.1560933 0.2020475 -0.2607345 -0.0498757 -0.1496327 0.6255208 0.7548350 -0.0229215 0.0983040 0.2833805 0.2826726 -0.1450698 0.0628532 0.5130787 0.5272379 0.2403551 0.4418755 0.0233538 -0.1045733
0.6367550 0.2226555 0.3560649 0.1404429 0.2750498 0.5301031 0.2408867 0.1063965 0.2623406 0.5558608 0.2328752 0.1319690 -0.1477610 0.0000000 -0.3625446 -0.2319755 0.5736846 0.6586019 -0.5915352 0.1828514 0.3344501 -0.7899678 -0.2424776 0.5661737 -0.7031621 -0.6403540 0.3167245 0.5937973 0.6198382 0.7220534 -0.6226273 -0.5593200 0.5039010 0.5625141 -0.6301310 0.6822149 -0.6789485 -0.6955440 -0.1441287 0.1141587 -0.6551105 0.4738378 -0.5138951 0.5075432 0.1546202 -0.6043278 -0.7336835 -0.6601573 0.2501029 -0.5684609 -0.6758943 -0.6956744 -0.1774835 -0.6015052 -0.5216677 -0.5576416 -0.7348459 -0.4254712 -0.2126193 -0.6478130 -0.2127027 -0.7606255 -0.4576967 -0.0497618 -0.1373585 -0.6777502 -0.7123329 -0.6172289 -0.5620641 -0.0531184 -0.7823936 -0.1435855 -0.4038777 -0.0456588 -0.4964243 0.0051158 -0.0341635 -0.2365549 0.0066306 -0.0520364 -0.0847958 0.1396442 -0.4076826 -0.6940169 -0.6595712 -0.2547123 -0.0663741 -0.5149570 -0.4807956 -0.4662393 0.0847287 -0.0006825 0.1022120 -0.4293607 -0.1769358 -0.1327373 0.1087891 0.1632058 -0.1423783 -0.4180410 -0.2392748 0.1915166 0.0144539 -0.4478107 0.0972689 -0.2382757 -0.0183469 -0.1952489 -0.0573616 -0.0788105 0.0818027 0.1693263 0.0742438 0.1287668 0.1514175 -0.0047945 0.2053659 0.2286837 0.3345709 0.3627619 0.3312585 0.1368512 -0.1334331 0.3747463 0.3138615 0.5958072 -0.0716935 -0.1057850 0.1149771 0.0006555 0.1006065 -0.1830508 -0.0527400 0.2203075 -0.0551019 0.1037396 -0.0965183 -0.1697091 -0.0963815 -0.1090551 0.0948175 -0.0745221 -0.0193615 -0.2404153 -0.1882898 0.2312197 -0.0901455 -0.0951508 0.0065419 -0.0979649 -0.0071924 -0.3491556 -0.1612712 0.1968021 -0.0901555 -0.0540780 -0.0309777 -0.0660846 0.1063679 -0.1090396 -0.0378524 0.0587932 0.0999516 -0.0764857 0.0575252 -0.0022418 0.2867084 0.0665501 -0.2077760 -0.0559015 0.0811814 -0.1180536 0.4251808 0.0581476 0.0012149 0.0118783 -0.0296606 0.0869792 0.2734407 0.4989397 0.1250754 -0.0358008 -0.0529478 -0.2125190 -0.2055422 -0.1808412 -0.0088060 -0.1272562 -0.0494908 -0.2004804 0.3929101 -0.2550170 -0.0153149 0.1908884 0.5062994 0.4178418 0.5806800 -0.2014967 0.0890074 0.5281863 -0.0261053 -0.1478670 -0.1578783 0.0258042 -0.1441759 -0.0217625 -0.1239240 -0.3474563 -0.1106181 -0.2460807 -0.0754524 -0.2142201 -0.1226902 -0.0559277 -0.0414335 0.0937649 0.1613049 0.0512588
-0.3951535 -0.0429648 0.4474028 0.6786167 0.3324840 0.2453829 -0.1355409 0.5074077 0.4636575 0.3203574 0.3601783 0.6666624 0.4202684 -0.3625446 0.0000000 0.1519164 0.2972703 0.3482258 0.2418400 -0.5677615 0.5151823 0.3391331 -0.0080790 0.4206601 0.2487693 0.2243332 0.3839702 0.2763730 0.2960241 0.2175829 0.1968820 0.2456689 0.3770058 0.1732427 0.2761866 0.0020334 0.3857544 0.2566148 0.1576168 0.6082998 0.2112859 -0.1495060 -0.0301909 0.3539003 0.2017810 0.2875126 0.3328550 0.3248128 0.5167061 0.3937096 0.1303100 0.1738974 0.2616293 0.2599746 0.4999410 0.4501963 0.4730640 0.3514617 -0.1283765 0.1134451 0.2273559 0.1632843 0.4261655 0.2585923 -0.0143191 0.4421275 0.1377427 0.3564763 0.3816993 0.3855657 0.2739622 0.4339765 0.4086220 0.1082367 -0.0447590 0.4051396 0.5790536 0.3690145 0.4477279 0.4690987 0.3242446 0.0620286 0.2424056 0.1087422 0.3049224 -0.1690363 -0.2535100 0.3777879 -0.1465116 -0.0005876 -0.4084874 -0.2105085 -0.4096416 0.0296926 -0.3090344 -0.1794624 -0.3706128 -0.2031836 -0.4173443 -0.3193238 -0.1771316 -0.2454856 -0.2136111 0.1629825 -0.1188229 -0.1068405 -0.3586959 -0.1246231 -0.2363241 -0.3181124 -0.1554053 -0.4983643 -0.4491744 -0.4524891 -0.5333551 -0.1998899 -0.5173520 -0.5642940 -0.5898491 -0.6426127 -0.6258586 -0.5213985 -0.0092476 -0.6088288 -0.5561377 -0.7784479 -0.1928975 -0.0190539 -0.2254851 -0.2819662 -0.3098907 -0.0158505 -0.1723719 -0.0377224 0.1355626 0.0873537 -0.0422051 0.2515850 0.0241639 0.3338814 -0.1022352 0.2117820 -0.0628697 0.1393555 0.0793245 -0.3584257 0.1684377 0.0379203 0.0026452 0.2718841 0.2916063 0.2859578 0.3066559 -0.4214906 0.0610092 -0.0206072 0.1550487 0.1222608 -0.0778382 0.3637157 -0.0562006 0.1876712 -0.2820223 -0.1425196 0.0457132 0.1757243 -0.3530075 -0.1559760 0.1282839 0.0823802 -0.0793353 -0.0191781 -0.4439858 0.2326808 0.1547802 0.4530216 0.6520966 0.3453381 0.4816594 0.1952809 0.1072690 0.1561029 -0.1839051 0.2283701 -0.2744238 -0.0929310 -0.0256687 -0.2282540 0.4112053 0.6774488 -0.6619025 0.5957382 0.1692497 -0.6211395 -0.6973368 -0.6796212 -0.3861553 0.0054268 0.2424967 -0.7394175 0.4786660 0.0573629 -0.0368419 -0.0978228 0.4665885 0.1680469 0.0090051 0.2636169 0.5459658 0.2531910 -0.0898327 -0.2335431 -0.0338208 -0.0039968 -0.2747642 0.0270196 -0.0293025 -0.1055094
0.0126409 -0.0968715 0.1293188 0.1676332 0.1529302 -0.0966574 0.0772127 0.5058044 -0.2401822 -0.0920621 0.5031619 0.3035110 0.5771207 -0.2319755 0.1519164 0.0000000 0.1953610 -0.0963788 0.8654241 -0.1463016 0.3552837 0.5683419 0.8920525 -0.0830000 0.7208400 0.8117571 0.1400981 -0.1629575 0.0797875 -0.0021421 0.3868842 0.7095803 -0.0659810 0.2466459 0.7202837 0.1440052 0.6152406 0.7525729 0.5723820 0.0678273 0.7269023 -0.1356107 0.7504276 -0.0748103 0.2444376 0.7824309 0.7092785 0.7580208 0.4382784 0.7211948 0.6573247 0.4583835 0.6696641 0.6213148 0.5900787 0.7171236 0.5822422 0.8198908 0.0323939 0.2505205 0.1573141 0.4517464 0.4459540 0.3004151 -0.0040577 0.4402466 0.4479587 0.6478920 0.6708255 0.5606525 0.4794401 0.3444924 0.7680719 -0.0884965 0.6403223 0.4461486 0.3417601 0.5551903 0.4156483 0.2818096 0.3849919 0.0882570 0.0773650 0.0516175 -0.0147166 -0.0954540 -0.1062864 -0.1056075 -0.0594606 -0.0234479 -0.1716665 -0.1222951 -0.1335737 -0.0830676 0.0464913 -0.0505853 -0.1415872 -0.1138511 -0.0352612 0.0797605 0.1042282 -0.2664643 -0.1925782 0.1930307 0.0338392 0.2696578 -0.3800499 -0.2024311 -0.0740075 -0.3430244 0.2469996 -0.3719328 -0.2580368 -0.2052609 -0.1783413 -0.0542311 -0.0484624 -0.1395975 -0.1943043 -0.1881742 -0.1563401 0.0209663 0.0834754 -0.2590083 -0.0585528 -0.2122193 0.2840292 -0.1402653 0.2766891 0.1799353 0.2299338 -0.0330934 0.3155126 0.1878413 0.2287636 0.0347023 0.4229622 0.5446999 0.4285619 0.5221445 -0.0092328 0.5290147 -0.1996018 0.4885692 0.5210854 0.0448441 0.6207155 0.5662270 -0.2884347 0.6707806 0.6515150 0.6475465 0.6768125 -0.1976888 0.6141693 0.4689106 0.1383681 0.6018420 -0.2366536 0.6418747 0.3884105 0.5466219 0.2587291 0.1860854 0.4843880 0.5671781 -0.0008492 -0.3473282 -0.0782254 0.2629017 0.0167993 -0.1434681 -0.0489904 0.1391084 0.1408686 0.3172001 0.4104767 0.1589207 0.4067383 0.2125375 -0.1316778 0.0353784 0.3284559 0.3115606 -0.1990772 -0.2470437 -0.4549614 -0.1508969 -0.0415951 0.1672733 -0.2542130 0.3012371 -0.0106692 -0.1644547 -0.1791805 -0.0526171 0.1101383 0.1420042 0.1908873 -0.1736261 0.0926209 -0.0079931 0.2398399 0.1686745 0.2859328 0.3427737 0.5904343 0.2103732 0.0991098 0.1828249 0.2373115 0.2988614 0.1914850 0.3358699 0.4145802 0.0556546 0.1693206 0.2228341
0.0684071 -0.2064515 0.4321166 0.7177699 0.3158219 0.5833650 -0.3244785 0.5801436 0.0814778 0.8796494 0.8097432 0.4116876 0.2458686 0.5736846 0.2972703 0.1953610 0.0000000 0.6453951 -0.0751521 -0.3660263 0.6450779 -0.1879035 -0.0553017 0.7351880 -0.1992828 -0.1845765 0.8550553 0.7661970 0.7186754 0.8658953 -0.3339209 -0.0768715 0.8803667 0.6682647 -0.1305264 0.4745144 -0.0708466 -0.1731020 0.2174489 0.6310954 -0.1279268 0.0504695 -0.2269194 0.8208307 0.0800442 -0.0345048 -0.2296856 -0.1339667 0.8428726 0.0008941 -0.3235931 -0.3645987 0.2425358 -0.1324977 0.1663430 0.0929509 -0.1110404 0.0739173 -0.5889947 -0.3857433 -0.2474905 -0.4018008 0.0921386 0.3276877 -0.0474595 -0.0823831 -0.3509602 -0.1139676 0.0309732 0.3314348 -0.2980568 0.2798051 0.1215172 0.0265995 -0.1877169 0.2663836 0.4340493 0.1508442 0.3107990 0.2979553 0.2301119 -0.0987804 -0.4015328 -0.6649960 -0.4363156 -0.3660155 -0.4495445 -0.2157619 -0.6017416 -0.4705918 -0.4408890 -0.2549845 -0.1908394 -0.3959955 -0.4958054 -0.3028101 -0.2248010 -0.0978631 -0.5705828 -0.6432196 -0.4872318 -0.2048235 -0.2200966 -0.2550936 -0.1696091 -0.3374977 -0.2784206 -0.3615129 -0.3421454 -0.3200911 -0.2558640 -0.1981750 -0.2097524 -0.1118420 -0.1365771 -0.1055393 -0.0493277 -0.0781103 -0.0347785 -0.0678817 -0.1158683 -0.1874370 -0.2226133 -0.0208398 -0.0996432 0.0611683 -0.1341883 -0.1882612 -0.1909315 -0.1502709 -0.1946019 -0.1502654 -0.1689863 -0.0016349 -0.0200228 0.0157505 -0.2076011 -0.0636123 -0.1849002 0.0217571 -0.0497989 0.0115886 0.0458503 -0.2407141 -0.2087678 -0.1120004 -0.0200494 -0.1127597 -0.0267469 0.0582973 0.1328843 -0.1557679 0.0099638 -0.2139253 0.0072674 -0.1184884 0.2265026 -0.0229008 0.0762764 0.2249696 0.0176704 0.2223713 -0.1880536 0.0475261 0.1692264 0.0819727 -0.0821615 -0.1090595 -0.0249967 0.2150227 0.0258643 -0.0241928 -0.1614412 -0.1401217 -0.1971275 0.0625789 0.2619531 -0.0221196 0.4545500 0.4704734 0.0463901 -0.0387132 -0.2968099 -0.0161346 -0.5159557 -0.2550750 -0.1621011 -0.1790420 0.2720808 0.2350766 -0.0576214 0.2459750 0.2018188 -0.1097248 0.1060056 0.0284274 0.3822239 -0.0107424 0.3255555 0.0397187 0.3179455 -0.0758234 -0.2092615 -0.1119981 0.0838311 0.0608303 -0.0270428 -0.3661890 0.2729634 -0.0783190 -0.1996058 -0.4173458 -0.1392999 -0.1896177 -0.4341723 0.0893788 0.0495467 -0.1208019
