0.0000000 0.6793559 -0.0783221 0.3812274 -0.2172711 0.1614099 0.0835608 0.1918149 0.0656751 0.1669754 -0.0294393 0.3685211 0.0045978 -0.0636806 -0.2676874 -0.2574629 0.0581807 -0.4176745 0.0074890 0.4573063 -0.1686231 -0.3679585 -0.5356848 -0.0040509 -0.2053512 0.1370629 -0.5105083 0.1008996 -0.5132512 -0.0108901 0.1007767 0.0835467 -0.0256522 -0.0065329 0.0912622 -0.2109119 0.3366466 0.2526613 0.0731379 -0.3764577 0.4533000 0.0916310 -0.0252948 -0.4046641 0.3199514 0.3307663 0.4816758 0.4138178 -0.3229790 0.4478352 0.4083791 0.1091407 0.2437178 -0.2745897 0.1784578 0.2850445 0.4056818 -0.4356353 0.5079230 0.4826017 0.2921033 -0.0127238 0.0058030 0.0950992 0.2905435 0.5071251 0.2287273 -0.2568745 0.3268327 -0.0873033 0.3313666 0.1198533 -0.1266708 0.0374993 0.4271743 -0.1849717 0.3489002 0.2502014 -0.0084922 0.6649380 0.1657630 -0.0625528 -0.3083100 -0.2045076 0.3012409 -0.0272083 -0.0523057 -0.6633371 0.0742814 -0.1513691 -0.2469587 -0.0021552 -0.1683163 -0.1751987 0.3099448 0.3926267 0.0197261 -0.2033429 0.1865345 -0.1590837 -0.1887069 -0.3219078 -0.4188842 -0.4618512 0.0569097 0.4596332 -0.3729850 -0.8574631 0.2616391 -0.5314922 0.0341678 0.0013641 -0.9594741 -0.6941130 -0.7449344 -0.7788670 -0.7012925 -0.7884596 -0.6195990 -0.3392412 -0.7019234 -0.5364261 -0.0542309 -0.3038128 -0.4068063 0.3139263 0.0264622 0.0680734 0.3568110 0.0368474 -0.0394305 -0.1835997 0.4505363 0.4277913 0.1908892 0.2439569 0.1329729 0.2841240 0.1195354 0.3669385 0.1562622 0.3163207 -0.3888568 0.6241924 0.0742748 0.1712236 0.2185439 0.0838979 -0.0483520 0.3406096 0.4275969 0.1400097 0.0782174 0.0494801 -0.0799665 0.3390451 -0.3718825 -0.1210528 -0.2047683 0.2110450 -0.2805343 0.0156298 -0.4150489 -0.2726048 -0.3410891 0.0235573 -0.0235136 0.1654809 -0.0285239 -0.0034521 -0.0298389 -0.0695982 0.1990735 0.7384839 0.5224272 0.4466157 0.2459968 0.1735263 0.1171058 -0.2223046 -0.1625444 0.0136130 -0.0127550 -0.0914051 -0.1070929 -0.0228611 0.0140360 -0.0971371 0.2690664 -0.0309527 0.1593970 0.5379334 0.4063356 -0.0998522 0.2907184 0.0815035 0.1014958 0.2815747 0.4841448 0.4147824 0.3370549 -0.0994907 0.3637784 0.1945467 0.5086870 0.4222167 0.2782612 0.5707681 0.1915084 0.4246992 0.3456401 0.3938718 0.5361644 0.3648043 0.3607095 0.4370379 0.0979653 0.1540685
0.6793559 0.0000000 -0.1156602 0.5634716 -0.0874464 0.6705311 0.5933285 0.2982171 0.5923787 0.5840627 0.4033392 0.7170339 0.1147618 0.4005798 0.4319163 0.2923936 0.3612282 -0.0025215 0.0933022 0.2829732 0.3369861 -0.1170252 0.0395469 0.4949211 0.0192038 0.3345349 -0.1930790 0.4091686 0.1650321 0.2437888 0.2647520 0.1076117 0.2054402 0.3691999 0.4679617 0.2142243 0.3095941 0.3062807 0.1650288 -0.2362819 0.4258545 0.4361600 0.1236236 0.0575109 0.6259070 0.3544317 0.4094174 0.3824489 0.2256806 0.6164944 0.3584424 0.2236662 0.3834537 0.0753093 0.1756591 0.3764985 0.4102152 0.0132878 0.5751861 0.4593765 0.4195702 0.1123166 -0.0574785 0.1707688 0.4965505 0.4438943 0.2264279 -0.0125654 0.3868320 0.0813147 0.2856413 0.2645890 0.0699604 0.3053182 0.2171566 0.1571938 0.6772327 0.0718723 0.1948885 0.7163726 -0.0805706 0.0658622 -0.2960428 -0.0297067 0.1941090 -0.0957262 -0.0916346 -0.4942662 -0.0611888 -0.1204332 -0.1472476 0.2162920 -0.0381832 0.1003435 0.4100179 0.5118165 0.1123776 0.0058665 0.1462111 0.0812659 0.0150538 -0.1318590 -0.2653797 -0.5061364 0.1542347 0.5099361 -0.2618070 -0.6944101 0.4159350 -0.4316821 0.1660276 -0.0747921 -0.5050042 -0.3371878 -0.5851949 -0.2790762 -0.4443446 -0.6891945 -0.2555979 -0.0190878 -0.2356801 0.0681032 0.3159103 -0.0893418 -0.2098030 0.6500557 0.4854813 0.3828393 0.4859826 0.2917832 0.1978453 0.4413929 0.8658155 0.7326727 0.1344309 0.5268870 0.6089509 0.6194737 0.6166804 0.7683220 0.5211450 0.6879255 -0.2055569 0.8786227 0.6078765 0.5104613 0.7366041 0.6635408 -0.0195167 0.6303721 0.6961349 0.5840916 0.5764907 0.2000923 0.4954117 0.5526362 -0.1540018 0.4958505 -0.1744817 0.5909790 0.2247677 0.5574560 -0.2096952 0.0144627 0.2319044 0.1839030 0.1880745 0.1597115 0.1168660 0.4583559 0.1843582 0.0831670 -0.0056534 0.7009703 0.7026852 0.5799496 0.5429333 0.3641135 0.4647541 0.3042694 0.3103514 0.4044466 0.3131391 0.2613767 0.0428658 0.4563471 0.2513593 0.1996852 0.4251224 0.1507191 0.4774745 0.4307135 0.3863229 0.2566653 0.7070336 0.3232139 0.5411509 0.3034794 0.4721692 0.7141247 0.6557847 0.3783426 0.6572067 0.5603519 0.6388255 0.4141439 0.6061216 0.6713306 0.5218203 0.6303475 0.5227410 0.5814048 0.5479799 0.4107776 0.5537103 0.3824400 0.4023187 0.4316052
-0.0783221 -0.1156602 0.0000000 0.2140915 0.4176250 -0.2573103 0.1617566 0.7182619 -0.5031226 -0.5540090 0.3449602 -0.2591094 0.8512210 -0.6620511 0.3722699 0.4839557 -0.5193990 -0.0210763 0.6347346 0.4186289 -0.0712268 0.3253123 0.0948667 -0.5981467 0.3380362 0.4550388 -0.1481520 -0.6257762 -0.1774717 -0.3228906 0.0568344 0.6097638 -0.6292184 -0.4775116 0.4210706 0.2694047 0.5864011 0.3685778 0.0446054 0.8725215 0.0586149 -0.0939473 0.3556140 0.6035195 -0.2680032 0.3797086 0.5899134 -0.1536603 0.4538326 -0.3395340 0.5682602 0.4456768 0.1647799 0.7508987 -0.2628458 0.1239478 0.6041572 0.5670489 0.2053861 0.5940015 0.2768266 0.7072532 0.2189752 0.7677324 0.3195877 0.4485437 0.6391678 0.6135211 0.6761721 0.7216966 0.3781511 0.6086491 0.7721747 0.6313094 0.6509873 0.7421087 0.5308434 0.5134153 0.7238436 0.2477406 0.5660208 -0.0010800 0.2190330 -0.0116421 -0.0113541 -0.0692073 -0.2733696 0.6695305 -0.2919733 -0.0026576 -0.3807185 -0.3685332 -0.4878931 0.6441291 -0.3533019 -0.1068617 -0.3554760 -0.1091821 -0.1319068 0.4118810 0.2296201 -0.2275410 0.0055347 0.5494212 -0.3882648 0.2278978 -0.2520424 0.3014744 -0.5636241 0.0453505 -0.0372810 -0.0866561 0.1792501 -0.0574597 -0.2025771 -0.1762827 -0.2104900 -0.1509075 0.0123676 -0.1717547 -0.0484687 -0.1341954 -0.3322727 0.2386656 -0.2112425 -0.4921214 -0.2538661 -0.1472800 -0.5737112 0.0714939 0.0709461 -0.1335006 -0.4133867 -0.3513994 -0.8134782 -0.2336946 -0.4330941 -0.5627233 -0.3459855 -0.4344402 -0.6059329 -0.3937766 -0.0680687 -0.3564366 -0.5886987 -0.2198745 -0.5918027 -0.4314303 -0.5776971 -0.2405989 -0.2881621 -0.4711390 -0.5585111 -0.5602665 -0.3831448 -0.3410517 0.2488506 -0.1818657 -0.1020862 -0.4405843 -0.3325685 -0.3256531 -0.4056191 0.0522642 -0.1289137 -0.4280980 -0.7132218 -0.7416446 -0.5719401 -0.5431041 -0.1339798 -0.5406159 -0.1661841 -0.0643027 -0.1330487 -0.0971917 0.0262001 0.1357716 0.0745291 -0.1556878 -0.0565087 0.0473547 0.0418761 0.0384974 0.2556540 0.4126202 0.4617501 0.0553613 0.6963554 0.6494795 0.0766892 0.3928911 0.5719907 -0.3996866 -0.0888201 -0.3679317 -0.0907749 0.3185194 0.3463389 -0.5525260 -0.2873220 0.2293848 -0.4468586 -0.1993686 0.4587295 0.6132827 -0.1349989 -0.0665799 -0.4884214 0.1756884 -0.4443859 -0.4061594 0.2765916 0.3549291 0.0287221 -0.0211900 0.2976644 0.4762775
0.3812274 0.5634716 0.2140915 0.0000000 -0.2968269 0.7047075 0.8188106 0.4725941 0.4929673 0.4836101 0.7159721 0.7353294 0.1930577 0.2754452 0.4220175 0.3799621 0.5689558 0.1901319 0.3208771 0.0982451 0.4810460 0.4508363 0.4197405 0.2600686 0.3520983 0.6699074 0.0643173 0.0877686 0.3491366 -0.0276872 0.0468153 0.0042868 0.2394158 0.4974082 0.5655491 0.4338135 0.5344408 0.2486754 0.3573311 0.2694949 0.1446166 0.5044254 0.3379999 0.4493718 0.7932416 0.5654144 0.4110588 0.2534133 0.6199045 0.1392705 0.1951802 0.2926766 0.8923030 0.2829859 -0.3784696 0.2652386 0.5160120 0.3026493 0.2653963 0.4295035 0.4445588 0.2779238 -0.2349759 0.5815047 0.7849675 0.3853625 0.1720910 0.1709547 0.2910108 0.4977732 0.1308736 0.6872668 0.3976933 0.6036224 0.1047675 0.5807163 0.8017511 0.1214284 0.4960669 0.7961965 -0.1375754 0.1764846 -0.5035095 -0.6048425 -0.5448734 -0.6584717 -0.2343384 -0.1534514 -0.4587472 -0.5384257 -0.0720266 -0.0381665 -0.6990319 0.5210236 0.3178014 -0.1929880 -0.6033218 -0.6260263 0.2082984 0.1828186 -0.0332612 -0.3924120 -0.6682218 -0.0101838 -0.4327973 0.0135344 -0.7830528 -0.5180701 0.0741280 -0.5921041 0.3446253 -0.3007500 -0.3245641 -0.3555647 -0.5885262 -0.3464836 -0.5208306 -0.6088320 0.1208126 -0.3719708 -0.5082631 -0.1675399 0.1868780 0.4940745 -0.7646401 0.5404005 -0.1253224 -0.0553476 0.1751518 0.5102710 0.0700454 0.4815172 0.2589628 0.6150125 0.1592825 0.3087447 0.5142623 0.3694844 0.6133520 0.6281333 0.0382686 0.6489368 -0.2113551 0.3699884 0.2612078 0.3610202 0.2988791 0.3645562 -0.1344143 0.7300070 0.8496298 0.3294770 0.3699432 -0.2276212 -0.2176204 0.0505262 -0.0468276 0.0639261 -0.2212314 0.6572636 -0.2667958 0.3174144 -0.2703297 -0.0835210 -0.3067244 -0.2330473 -0.2244952 -0.2356342 -0.1817468 -0.0039838 -0.3316376 -0.2684718 0.4312902 0.7002434 0.7618327 0.7012853 0.4419142 0.2626958 0.3962536 0.2752776 0.0993326 0.6416467 0.4061220 0.4268874 0.1377188 0.1725773 0.0687814 -0.1179645 0.5562030 0.6236261 0.4429728 0.8290559 0.6975042 0.1793510 0.4427522 0.1817039 0.6272857 0.3585032 0.5574354 0.4675664 0.6627909 0.3641692 0.3015584 0.2749468 0.1412196 0.2022301 0.6373742 0.7595673 0.4677741 0.5297210 0.2556946 0.3423003 0.0385954 0.2528766 0.4740209 0.0030597 0.1678508 0.3293549
-0.2172711 -0.0874464 0.4176250 -0.2968269 0.0000000 -0.2492702 -0.0384517 0.4565312 -0.4304015 -0.5499406 0.0844343 -0.4093490 0.6106743 -0.5594852 0.2940653 0.1934454 -0.7082562 -0.2413328 0.4603824 0.6433707 -0.1487470 -0.1139005 -0.2695067 -0.5399841 0.0948931 0.0626404 -0.3364420 -0.6934454 -0.1527534 -0.1411242 0.5324345 0.5528592 -0.8406114 -0.5507858 0.1655615 0.2090223 0.0543370 0.4185483 -0.2457951 0.4905070 0.4898676 0.0513326 -0.0736490 0.0610505 -0.3329808 -0.2044404 -0.0605885 0.2726055 -0.0235238 -0.2194759 0.4342752 0.4879174 -0.5024292 0.5915284 0.6759415 -0.3695885 -0.0980000 0.5406219 -0.2149898 0.2286486 0.0372952 0.5261346 0.8134781 0.1841385 -0.2248596 0.0871126 0.3820397 0.6556435 0.2159931 0.3448272 0.0976539 -0.0740298 0.4337113 0.0284161 0.2916255 0.3290774 0.0090818 0.1873215 0.2815904 -0.1650617 0.3173292 -0.2150262 0.0264252 0.0475457 0.3038707 0.3745868 -0.3092050 0.2502267 -0.0106374 0.1154892 -0.5949005 -0.5721129 0.1406261 0.1263172 -0.5442607 -0.0095596 0.1167682 0.5463604 -0.3626554 0.2038251 0.1933390 0.0298530 0.4745139 0.1906928 -0.0408612 0.2886621 0.1710200 0.1968961 -0.6684185 0.0449550 -0.5214837 -0.3543839 0.3778392 0.1426890 -0.0637320 0.3558073 0.1314740 0.0984700 0.1208695 0.1730612 0.3333146 0.0701759 -0.5767886 0.3721045 0.2058697 -0.4201759 -0.0969564 -0.1353651 -0.5389230 -0.3252650 -0.3518358 0.0047151 -0.1467135 -0.1935442 -0.8064061 -0.2442338 -0.2204974 -0.4323149 -0.5024485 -0.4817620 -0.1809630 -0.4875423 -0.5342252 -0.1627673 -0.2450960 -0.3427929 -0.3456841 -0.2658958 -0.6731396 -0.5415931 -0.4588937 -0.2717445 -0.3051740 -0.3839189 0.2282334 -0.1111427 -0.4091003 0.3854146 -0.6281344 -0.4854040 0.2387184 -0.3721735 -0.5624808 -0.4467279 0.2490380 -0.4613313 -0.4749529 -0.5803946 -0.5980426 -0.4808332 0.5347489 -0.2292657 -0.8809033 -0.3669088 -0.4837529 -0.4938998 -0.1232478 -0.0930093 -0.1696509 -0.0956260 -0.1608372 -0.1729482 -0.3343653 -0.2693502 -0.4256135 0.4166339 0.5120404 0.5551362 0.2179468 -0.0863167 0.0422568 -0.1762918 0.0325834 -0.4023012 -0.0512754 -0.3209762 -0.2779311 -0.0595363 0.0795013 -0.3895370 -0.5857899 -0.0095894 -0.5686200 -0.1928718 0.5083468 0.2192862 0.0702043 -0.0696481 -0.6187349 -0.0104115 -0.6512439 -0.1516746 0.5852948 -0.0059734 0.0385976 0.2274947 0.2159163 0.2976981
0.1614099 0.6705311 -0.2573103 0.7047075 -0.2492702 0.0000000 0.8938205 0.0360753 0.8210037 0.8918006 0.7391795 0.8949041 -0.1517476 0.6301914 0.5229419 0.2639730 0.7669455 0.1827394 -0.0782088 -0.2423351 0.8499640 0.2408259 0.5902939 0.6168569 0.0011325 0.2100117 0.0886267 0.4090524 0.7187976 0.0066129 -0.0246068 -0.3209737 0.4681852 0.6649374 0.5446258 0.6792762 0.0245253 -0.0886595 0.5762864 -0.0365882 -0.0373640 0.8371405 0.4240780 0.2936431 0.9151331 0.0946552 0.0782315 0.0672204 0.5979184 0.1915956 0.0101725 0.2609657 0.7095613 0.2224107 -0.1154755 0.0245412 0.1536893 0.3518078 0.2060565 0.1277646 0.5696431 0.1117279 -0.4101458 0.2443287 0.7296439 -0.0620307 -0.0539159 0.1292989 -0.0924653 0.2426229 -0.1763389 0.4087087 0.1354818 0.4633392 -0.3934108 0.3468644 0.6059322 -0.3583588 0.2415201 0.6431087 -0.4430747 0.3780945 -0.3111994 -0.3865589 -0.3141663 -0.4940197 -0.2116183 -0.3988074 -0.2538689 -0.1994618 -0.0114501 0.1467373 -0.3479946 0.2335026 0.4971109 -0.0436714 -0.1354845 -0.3541996 0.1170802 0.3344721 0.0928462 -0.2750637 -0.2945873 -0.3583701 0.0037401 0.0493386 -0.4734971 -0.3954735 0.2659985 -0.4549944 0.5566669 -0.1588389 -0.0935844 -0.2682121 -0.3892258 0.0022087 -0.3191290 -0.4135821 0.3218102 0.1516722 -0.1864737 0.1443430 0.5250850 0.3626292 -0.2462810 0.9071909 0.4347300 0.2082641 0.6248748 0.7166977 0.3918203 0.6823997 0.7009116 0.6576037 0.3979473 0.5801198 0.8843654 0.8001259 0.9341275 0.9243420 0.5543267 0.9073845 -0.0549815 0.4836875 0.6916124 0.6775780 0.7177857 0.6959937 0.0501760 0.8975729 0.8501285 0.8218499 0.9017865 0.1610965 0.4038204 0.1986200 0.0686199 0.4318904 -0.1178707 0.7288953 0.1633876 0.7953326 0.0505160 0.1472533 0.2403922 0.0585773 0.2417521 0.1212089 0.2686258 0.5315389 -0.0092117 0.1931946 0.3008003 0.5842197 0.8139570 0.7886537 0.7557189 0.5156294 0.7216249 0.6655338 0.4789095 0.7452147 0.5400853 0.5497010 0.0263155 0.4228919 -0.0327977 0.0249249 0.3270816 0.2861114 0.6958509 0.3745056 0.3880984 0.6641162 0.8237465 0.6861846 0.9262150 0.4166722 0.4740657 0.8672686 0.6659696 0.3769991 0.6219914 0.7456879 0.0831006 0.0362985 0.8069039 0.5791802 0.5801445 0.5475186 0.5805704 0.7479076 -0.0130034 0.2932274 0.6176888 -0.2488959 0.0174254 0.0943281
0.0835608 0.5933285 0.1617566 0.8188106 -0.0384517 0.8938205 0.0000000 0.3204245 0.6149638 0.6471319 0.9102136 0.8107616 0.2074741 0.3385656 0.6776400 0.4500746 0.5839325 0.1434354 0.1875804 -0.0379850 0.8044903 0.4898461 0.6674072 0.3454316 0.1320381 0.4447952 0.0570161 0.1401385 0.6681191 -0.0899381 0.0160717 -0.1154025 0.2176451 0.5458286 0.8054902 0.7725455 0.2486890 0.0337612 0.5748890 0.3633843 -0.0305268 0.7652172 0.5937869 0.5834318 0.8159973 0.3114080 0.2604740 0.0055255 0.8295598 0.0763810 0.1989554 0.3562088 0.7915295 0.5757711 -0.2413659 0.1355694 0.3574231 0.6456773 0.2466007 0.3596470 0.6080536 0.3757434 -0.2476835 0.5496178 0.8253520 0.0719452 0.1531560 0.4077969 0.2307750 0.5598097 -0.0532047 0.6880974 0.4523772 0.7331101 -0.1515836 0.6745442 0.8143880 -0.1958927 0.5413554 0.7059125 -0.2683965 0.2314756 -0.3198590 -0.4042417 -0.4440107 -0.6010064 -0.3746992 -0.1226388 -0.5113712 -0.3108539 -0.2154490 -0.1018224 -0.5300926 0.5159277 0.3070229 -0.1080552 -0.4221593 -0.3598294 0.0884346 0.3932744 0.1634784 -0.3125339 -0.3544957 -0.1796067 -0.3033825 0.1843043 -0.6138169 -0.2658975 -0.0421245 -0.5252375 0.4584915 -0.2440424 0.0252198 -0.2489744 -0.5011732 -0.0216032 -0.3785580 -0.4773570 0.3754490 0.0317169 -0.1539074 0.1639752 0.2693888 0.5405785 -0.4336417 0.6968388 0.2505107 0.0195722 0.2862101 0.7093183 0.3276567 0.6221127 0.4698961 0.5533147 0.0392304 0.3654559 0.6564492 0.4790680 0.7570302 0.7322551 0.1974613 0.6838783 -0.1741392 0.2901607 0.4000855 0.4771491 0.4625155 0.4733603 -0.2876400 0.7584962 0.7234839 0.5826691 0.6386275 -0.2106306 0.2025721 -0.0311082 0.1223615 0.3487434 -0.2745952 0.5678660 -0.0366717 0.6542203 -0.2130762 0.1454895 0.1041217 -0.2344225 -0.1634989 -0.2912051 -0.0898518 0.2398322 -0.1658611 -0.1764706 0.2212436 0.5892098 0.7661108 0.7320451 0.7200329 0.4512561 0.6781169 0.5092475 0.3231290 0.7613890 0.6017265 0.5917640 0.1245344 0.5667707 0.1347873 0.0729074 0.6454090 0.6291873 0.6832755 0.5091407 0.6497184 0.3902402 0.7623580 0.4460260 0.8708131 0.4361912 0.5422838 0.6031438 0.5245627 0.3767770 0.3250151 0.5674686 0.2286738 0.2490026 0.7070151 0.5507080 0.3532300 0.4960256 0.2717209 0.5726646 0.0373734 0.3929776 0.5318383 -0.2432172 0.0787511 0.2324218
0.1918149 0.2982171 0.7182619 0.4725941 0.4565312 0.0360753 0.3204245 0.0000000 -0.1955592 -0.3546413 0.4384134 -0.0883113 0.8764678 -0.3078141 0.5616297 0.6924201 -0.3863328 0.1560152 0.9256105 0.6024210 -0.1051449 0.0423661 -0.0095898 -0.2420139 0.6847625 0.8088215 -0.2092966 -0.5081573 -0.1142199 -0.1017058 0.4227764 0.8639288 -0.5680431 -0.3492515 0.2761166 0.2181639 0.8535271 0.8737389 -0.2573107 0.5863219 0.6107824 0.0765710 -0.0854260 0.3858200 0.0162726 0.5247455 0.6013132 0.4852057 0.3506690 -0.1207806 0.6837434 0.6636195 0.1475832 0.5634500 0.1301948 0.0935009 0.6510939 0.3903546 0.0396157 0.6965319 0.1838258 0.7551333 0.4587986 0.7235277 0.3096096 0.8207716 0.7410907 0.6202122 0.5945055 0.7117872 0.6260471 0.4895367 0.8092184 0.3565097 0.7525682 0.7562886 0.6576964 0.7739872 0.7505803 0.4362841 0.5745216 0.0101697 -0.2593437 -0.2186779 0.0563860 -0.0733420 -0.3155032 0.4070613 -0.2032368 -0.3232786 -0.3682310 -0.2718774 -0.4284076 0.7124345 -0.3984802 -0.1489939 -0.2258938 -0.1271438 -0.3004360 0.3020314 -0.0630115 -0.3201616 -0.1973419 0.4856276 -0.2842113 0.0478240 -0.3635573 -0.2060081 -0.3451138 -0.1221960 -0.2852685 -0.5441258 0.0060141 -0.0215146 -0.3101539 -0.1367498 -0.2713137 -0.3660674 -0.1671481 -0.4184118 -0.1869041 -0.1421820 -0.1612219 0.4625792 -0.3529089 -0.2237147 -0.2025533 0.1899828 -0.4226591 -0.0599057 -0.2686627 0.3739441 -0.0416177 0.2390083 -0.6061176 0.1845334 0.0648120 -0.1733774 -0.1163511 -0.1359810 -0.1239505 -0.0063754 -0.3232797 0.2433086 -0.0515126 0.0753645 -0.1815695 0.0463565 -0.3425052 -0.0083598 0.1626066 -0.1511137 -0.2515956 -0.2432587 -0.1002672 0.2515366 -0.2500616 0.2100246 -0.3152033 0.0746335 0.0528376 -0.3278154 -0.4505854 -0.3686759 -0.0525824 -0.2126037 -0.4240745 -0.4720144 -0.4960312 -0.4179655 0.2610237 -0.2530603 -0.4047385 0.0596721 -0.0482967 -0.1106959 -0.0453088 0.0272017 -0.0107906 0.0347836 0.0226494 0.0644640 -0.2721391 -0.1933176 -0.1468733 0.2751463 0.5000186 0.1533467 0.4790513 0.4028485 0.0424439 0.6737251 0.4988335 -0.3123878 -0.0454160 -0.3503946 -0.0511229 0.2544076 0.4894649 -0.2129224 0.0409080 0.5684220 -0.1255904 -0.1457651 0.6319155 0.5039886 0.3677939 0.4200401 -0.1251292 0.5603835 -0.2569953 -0.2402084 0.6414379 0.2110514 0.4135433 0.3993402 0.6255482 0.7758317
0.0656751 0.5923787 -0.5031226 0.4929673 -0.4304015 0.8210037 0.6149638 -0.1955592 0.0000000 0.8974445 0.3047169 0.8340446 -0.4563001 0.9053954 0.4592859 0.2736299 0.8594205 0.5273194 -0.3331401 -0.3007976 0.6625715 0.3149037 0.5106384 0.8622604 0.1356920 0.0973800 0.5284798 0.7309379 0.7682070 0.5302643 0.1830551 -0.4306453 0.7483965 0.8661462 0.2585958 0.2721996 -0.2105545 -0.1564040 0.2339698 -0.2948872 -0.0104972 0.4654341 0.0713351 0.2814549 0.8053931 -0.0104654 -0.2530201 0.1559956 0.3948663 0.5690509 -0.4366987 -0.1175245 0.4935401 -0.1628570 -0.1523496 0.1540820 -0.1668791 0.0783130 0.3168896 -0.2974234 0.1847543 -0.3797876 -0.3938155 -0.2306923 0.3487276 -0.1731395 -0.4614515 -0.3431866 -0.2274743 -0.2466268 -0.3390371 -0.0179056 -0.2943518 0.1994329 -0.5223076 -0.0295442 0.2976575 -0.4639290 -0.2113959 0.2597517 -0.7276316 0.2851245 -0.1558199 -0.1333800 -0.3487456 -0.1698654 0.3146830 -0.3431597 0.0403573 -0.0333960 0.4863433 0.5827915 0.0797750 -0.0947965 0.6988384 0.2523260 0.0334599 -0.0488565 0.4542088 0.0498923 0.2408921 0.2567765 -0.1015901 -0.3111638 0.2384651 -0.0152464 -0.0209280 -0.2417322 0.6818201 -0.0977142 0.4111596 0.1527436 -0.0296230 0.1371837 0.0063587 0.2850847 0.1429151 -0.0422760 0.3995111 0.3099563 0.1369823 0.3897605 0.5900712 0.0725813 -0.0552003 0.7278448 0.3753405 0.2165151 0.5385504 0.3413080 0.2615845 0.6176718 0.6427797 0.5920498 0.5120126 0.3762841 0.7551899 0.7325446 0.8918863 0.8577486 0.5860347 0.8207703 0.2449258 0.5659708 0.8248855 0.4594225 0.8617670 0.8878078 0.3376021 0.6822406 0.7976702 0.6285735 0.8107072 0.3366206 0.4524243 0.3105596 0.1197511 0.5979115 0.1171500 0.8077595 0.4292108 0.7538414 0.3452034 0.2185051 0.3811221 0.2492263 0.4892089 0.3232288 0.3760693 0.6889018 0.0214186 0.2877493 0.2794995 0.3496645 0.6284509 0.5575745 0.4134016 0.2943723 0.4018995 0.6688962 0.5231921 0.7125668 0.5806789 0.6488219 0.2994961 0.2356068 0.0984044 0.2537819 0.0249220 0.0163772 0.5081992 0.0349599 -0.0907280 0.6409591 0.5775551 0.4546936 0.6721937 -0.0270915 -0.0298261 0.7203215 0.8762877 0.4054987 0.6641269 0.5421482 -0.1546134 -0.3371153 0.5295394 0.5458120 0.8953614 0.2661417 0.5787952 0.4335742 -0.2065306 -0.1490926 0.2147889 0.0319816 0.2359301 0.1737774
0.1669754 0.5840627 -0.5540090 0.4836101 -0.5499406 0.8918006 0.6471319 -0.3546413 0.8974445 0.0000000 0.4263920 0.8808529 -0.5194630 0.8042736 0.2627149 0.0283135 0.9013510 0.2093184 -0.4496328 -0.4881734 0.7607990 0.1595169 0.5255234 0.7857988 -0.2003552 -0.0786336 0.2323828 0.7223118 0.6761204 0.1670680 -0.1883651 -0.5999267 0.7654025 0.7909480 0.3219670 0.4163029 -0.2462609 -0.3756109 0.5496061 -0.3757267 -0.2512073 0.6418063 0.3353254 0.1098310 0.8282958 -0.0354771 -0.0924982 -0.0971373 0.3742319 0.3566089 -0.2824797 -0.0913417 0.6030114 -0.1448341 -0.2242473 0.1182285 -0.0423182 0.0217039 0.2842110 -0.1521384 0.3976288 -0.2790479 -0.6338204 -0.1085312 0.5320529 -0.2666098 -0.3451756 -0.2654021 -0.2685772 -0.1490493 -0.3170478 0.1507927 -0.2625929 0.2483915 -0.5816210 -0.0478008 0.3230019 -0.5501816 -0.1214493 0.4361850 -0.6156212 0.3622372 -0.1517354 -0.1756271 -0.2534426 -0.3746176 0.0537875 -0.5233452 -0.0720540 -0.0339156 0.2748749 0.4263097 -0.0916546 -0.0828541 0.6917445 0.1372604 0.0363638 -0.2788304 0.2893599 0.1381927 0.0858308 -0.0660068 -0.2305278 -0.5185867 0.1990254 0.0226252 -0.2299879 -0.3330688 0.5719357 -0.2939706 0.6375342 0.1496415 -0.1771993 -0.1994544 -0.1904314 0.0017377 -0.1694734 -0.2540165 0.2528020 0.2669106 -0.1093180 0.2123216 0.6671777 -0.0009460 -0.0669965 0.9263329 0.5341511 0.2424049 0.7997143 0.6403193 0.5000268 0.4969768 0.7310351 0.5608084 0.6776765 0.5290484 0.8028324 0.8642310 0.9558059 0.9568068 0.6270835 0.9002495 0.2080830 0.4808445 0.7378926 0.6522070 0.8255698 0.7279392 0.3377203 0.8682267 0.7770934 0.8241271 0.9307200 0.3749803 0.4315623 0.2269760 0.2219113 0.3232274 0.1689111 0.7270097 0.1849147 0.8870723 0.3381009 0.3535878 0.2705437 0.2988159 0.5131779 0.4313556 0.5505922 0.7629544 -0.1122077 0.3481045 0.4962627 0.5405955 0.7965931 0.7790797 0.6709718 0.4610140 0.6473605 0.6098592 0.5012305 0.6417235 0.6073470 0.5813562 0.1906407 0.2339518 -0.2119781 -0.0679352 0.0708291 0.0804552 0.5716428 0.1111692 0.1091517 0.7605778 0.7464181 0.7465345 0.8415253 0.2613753 0.2061690 0.9053139 0.7346569 0.2203902 0.7634489 0.7480883 -0.1497613 -0.1483658 0.5590142 0.4000679 0.7274465 0.3349147 0.7592516 0.7267580 -0.2499948 0.1775218 0.3949760 -0.2783730 -0.1076191 -0.1308527
-0.0294393 0.4033392 0.3449602 0.7159721 0.0844343 0.7391795 0.9102136 0.4384134 0.3047169 0.4263920 0.0000000 0.5436965 0.4387413 0.0982226 0.6337674 0.4676951 0.3460266 -0.0091197 0.4129938 -0.0997356 0.6939790 0.3400792 0.6791623 0.1418492 0.1257470 0.4951368 -0.1761789 -0.0913365 0.5267787 -0.4191077 -0.1966872 0.0711888 -0.0013975 0.2488054 0.7643239 0.8435889 0.4218048 0.1163901 0.5812146 0.4972628 -0.1174924 0.7437903 0.6443614 0.5298457 0.5756712 0.3765183 0.4528825 -0.1253570 0.8417488 -0.2834397 0.4510883 0.4942819 0.6968612 0.7333820 -0.2401940 0.0723009 0.5406186 0.6888492 0.0064089 0.5629963 0.6122375 0.6687528 -0.2201974 0.7801795 0.8272960 0.1719939 0.4524758 0.6952857 0.2952608 0.8197274 0.1682598 0.8461401 0.7228628 0.7019752 0.0127424 0.8408087 0.8114552 0.0193927 0.7972643 0.6935149 0.0773006 0.2200768 -0.3243660 -0.3675987 -0.3279998 -0.7063317 -0.6641650 0.0581052 -0.6364013 -0.3864725 -0.4442005 -0.3347882 -0.6637279 0.7486997 -0.0363169 -0.3586356 -0.4332385 -0.4795716 -0.2780016 0.4887721 -0.0522908 -0.5726513 -0.4042505 -0.0499229 -0.4282874 0.0626510 -0.7193760 -0.1757276 -0.3280310 -0.5222820 0.4011289 -0.4499773 0.1421054 -0.3050964 -0.4918062 -0.1167991 -0.4969188 -0.5147729 0.2241096 -0.1346334 -0.2231519 0.0875749 0.2343803 0.6211046 -0.3998950 0.5744083 0.2613506 0.1130420 0.2008022 0.7749755 0.3413969 0.6008822 0.3278956 0.4376041 -0.0710029 0.4460525 0.5630816 0.3607018 0.5757358 0.5279312 0.1182801 0.5271016 -0.2111474 0.1111969 0.2225121 0.5399695 0.2348945 0.2385806 -0.3200015 0.6744892 0.5098750 0.5607118 0.5029637 -0.2235311 0.1400563 -0.0541010 0.1601853 0.1375746 -0.2472232 0.3874518 -0.1470393 0.5058970 -0.2377916 0.1589363 0.0329195 -0.2005771 -0.2452566 -0.3282983 -0.0885344 0.1094391 -0.1513222 -0.1632215 0.1523894 0.4743500 0.5926816 0.5964292 0.6861598 0.4122129 0.6872367 0.3867405 0.2510807 0.5136408 0.3656728 0.3123064 -0.0633120 0.5126153 -0.0299443 -0.1768473 0.6263937 0.7121787 0.5156073 0.5872256 0.7646132 0.2952465 0.6363599 0.4391987 0.7724763 0.5892340 0.6774371 0.4634566 0.2139257 0.3650796 0.2098881 0.4964970 0.2856552 0.4400595 0.6462019 0.3062874 0.0396577 0.5392434 0.1837909 0.5262819 0.0927224 0.5812741 0.6406883 -0.4083128 -0.0436741 0.1447496
0.3685211 0.7170339 -0.2591094 0.7353294 -0.4093490 0.8949041 0.8107616 -0.0883113 0.8340446 0.8808529 0.5436965 0.0000000 -0.2920738 0.5802220 0.3360640 0.0908924 0.8346340 0.1120770 -0.2944057 -0.1172724 0.7338279 0.3934260 0.4350142 0.5572914 -0.1257096 0.1386288 0.1714945 0.5182566 0.5625556 0.1915522 0.0088810 -0.4851654 0.5707681 0.7951035 0.5999904 0.4462997 -0.0610813 -0.2377025 0.5735548 -0.1117670 -0.0667295 0.6374149 0.4629834 0.2938568 0.9394634 0.1704115 0.0521509 0.0408959 0.4910171 0.4738191 -0.1358585 -0.0007050 0.7815831 0.0672785 -0.2586429 0.2363366 0.1088924 0.2122500 0.5014087 0.0626632 0.5128729 -0.1553224 -0.4402540 0.0984732 0.6854065 -0.1035242 -0.2562413 -0.1694392 0.0342989 0.0250221 -0.2808882 0.3540541 -0.1118911 0.5199396 -0.3609724 0.1480972 0.5746633 -0.4625139 0.0323244 0.6516634 -0.5946366 0.2169527 -0.2630500 -0.3470300 -0.4002166 -0.4397442 0.0023721 -0.5240218 -0.2425598 -0.1592974 0.0929943 0.2271565 -0.2805662 0.0149912 0.7287430 0.2207978 -0.2646274 -0.2926189 0.4788795 0.1205008 0.2223675 -0.0803433 -0.3553178 -0.4956201 -0.0494601 0.2899009 -0.4363596 -0.4611040 0.4060233 -0.5223062 0.5601560 0.1248379 -0.3420693 -0.3446304 -0.5004037 -0.1495412 -0.3427432 -0.4704965 0.2775665 0.1487258 -0.2417716 0.0815762 0.3581621 0.1374252 -0.3924607 0.8405331 0.2821134 -0.0421704 0.5672174 0.5967551 0.3657403 0.3867249 0.6309086 0.5978541 0.4157078 0.3028949 0.6522489 0.6524959 0.8651632 0.9223515 0.3283394 0.8106270 -0.0544942 0.4792379 0.5227660 0.4257288 0.6832109 0.5977091 -0.0363760 0.8297295 0.8536304 0.6074960 0.7431321 -0.0172599 0.2016564 0.0411332 0.0968937 0.3049280 -0.1228540 0.6794800 -0.0488974 0.7702989 -0.0587565 0.1926021 0.0483903 -0.0765541 0.1054216 0.0412727 0.1389693 0.4636410 -0.2655750 -0.0523944 0.4811199 0.7601919 0.9357469 0.8822368 0.6977442 0.4483004 0.6028773 0.4578009 0.3014426 0.7907011 0.7467239 0.7224853 0.2850663 0.3704583 0.0322940 0.0966242 0.4404348 0.3379349 0.6928365 0.3373067 0.4060969 0.5012035 0.7971479 0.5283112 0.8474635 0.2679261 0.3352004 0.7982535 0.7833861 0.1565459 0.5499882 0.6296536 0.0509924 0.0188321 0.5887321 0.6522981 0.6607430 0.3476835 0.5269128 0.6783739 -0.1037419 0.2287031 0.3480248 -0.1075345 -0.0091095 0.0542281
0.0045978 0.1147618 0.8512210 0.1930577 0.6106743 -0.1517476 0.2074741 0.8764678 -0.4563001 -0.5194630 0.4387413 -0.2920738 0.0000000 -0.5495546 0.5068285 0.6125451 -0.5932109 -0.0823139 0.8782805 0.5107556 -0.1675315 0.0180590 0.0384809 -0.4263719 0.4193059 0.6366696 -0.3659657 -0.5801258 -0.2005092 -0.2984332 0.1754332 0.8464379 -0.6995169 -0.5271007 0.3992098 0.2502783 0.7580404 0.6770216 -0.1706767 0.6832312 0.3411497 -0.0266342 0.1276407 0.3985724 -0.2836296 0.5024480 0.6650056 0.1244839 0.3827240 -0.2911482 0.8008924 0.5506129 -0.0302245 0.7553974 0.0917017 0.1709586 0.6836835 0.4969623 -0.0051344 0.7818371 0.1593682 0.8631154 0.4575960 0.7696826 0.2182830 0.6735657 0.8597636 0.8014923 0.7401643 0.7999887 0.6803634 0.5702692 0.8886777 0.3931954 0.7916832 0.7800964 0.5763400 0.7152476 0.8421722 0.2873765 0.7441874 -0.1605983 -0.0836299 0.0859048 0.1991399 -0.0762109 -0.5168917 0.5511138 -0.3628890 -0.2145803 -0.5857567 -0.4639044 -0.3155962 0.7583534 -0.6183923 -0.1070406 -0.1960964 0.0313651 -0.4891904 0.2976260 -0.0918311 -0.3193897 -0.0785338 0.3844696 -0.3706578 0.2267050 -0.2591758 0.0475501 -0.5840233 -0.0783468 -0.3178448 -0.4680868 0.1957565 -0.0017592 -0.2622793 -0.1126097 -0.2594081 -0.3165219 -0.2331627 -0.3368211 -0.0002795 0.0172295 -0.2764164 0.3278664 -0.1703133 -0.3460521 -0.0433795 0.1590456 -0.5131182 -0.0111844 -0.1163833 0.1814505 -0.1271864 0.0076375 -0.7778021 0.0529052 -0.1804132 -0.3852079 -0.3106937 -0.3240068 -0.2989892 -0.2828151 -0.2881003 -0.0133621 -0.2922121 -0.0167657 -0.3345108 -0.2202745 -0.5036523 -0.1898562 -0.2090580 -0.2059169 -0.3817953 -0.3642638 -0.0308939 0.0646467 -0.0434968 0.0562464 -0.2735598 -0.2309229 -0.0632469 -0.2886583 -0.4789071 -0.1131300 0.0021139 -0.2308337 -0.5472925 -0.5729948 -0.5101502 -0.4181380 0.1610423 -0.3744317 -0.4852358 -0.0395899 -0.1877019 -0.2242928 -0.0100461 -0.0154401 0.0311888 -0.1616295 -0.0746427 -0.1594504 -0.2454969 -0.2780711 -0.1210854 0.3937100 0.3888973 0.0543317 0.5527767 0.5172068 -0.0659861 0.4409915 0.5378843 -0.4450337 -0.0475186 -0.3565074 -0.1235349 0.2751184 0.4208665 -0.3710196 -0.3115931 0.3617888 -0.2992034 -0.1742320 0.6987883 0.7081710 0.0795324 -0.0015299 -0.4737734 0.3482989 -0.3988200 -0.2429373 0.5906420 0.4267141 0.2732937 0.1965705 0.4108021 0.5542799
-0.0636806 0.4005798 -0.6620511 0.2754452 -0.5594852 0.6301914 0.3385656 -0.3078141 0.9053954 0.8042736 0.0982226 0.5802220 -0.5495546 0.0000000 0.3181368 0.2513429 0.8026204 0.6239428 -0.3174670 -0.5196923 0.4364575 0.1102726 0.4842640 0.9725468 0.2104165 0.0706113 0.5799275 0.8404074 0.6875155 0.5599859 0.0436293 -0.3818765 0.8538842 0.7835762 -0.0672280 0.0360318 -0.1982737 -0.1231588 0.0017835 -0.5112904 -0.0836506 0.2373704 -0.1948422 0.0940455 0.5610568 -0.0063673 -0.3033526 0.1346951 0.2128635 0.4773315 -0.5261726 -0.2744614 0.2730618 -0.4093114 -0.1584974 0.1816280 -0.2132516 -0.2024125 0.0689565 -0.4144671 -0.1101059 -0.4848710 -0.4385401 -0.3850530 0.0902046 -0.1404536 -0.4731328 -0.4492212 -0.3630530 -0.3801612 -0.2005948 -0.1887807 -0.3864956 -0.1329245 -0.5144294 -0.1999993 0.0458723 -0.3250508 -0.3137056 0.0116178 -0.6034356 0.2403201 -0.1622632 0.0431422 -0.2529054 -0.1241529 0.3652437 -0.2419660 0.1294182 -0.0765224 0.6493432 0.7110696 0.2524253 -0.1101028 0.5144313 0.1483757 0.1847167 -0.0454680 0.2575461 -0.1071201 -0.0194576 0.2975346 -0.1192791 -0.2289161 0.3117510 -0.2939144 0.1417264 -0.1671167 0.7865219 0.1018520 0.2786185 0.0870039 0.0680736 0.3305250 0.2934197 0.3467612 0.3035889 0.1302068 0.2283093 0.1820412 0.2155500 0.4715609 0.7302743 -0.0555061 0.0974224 0.6215026 0.4107962 0.4251751 0.5424719 0.1925331 0.1802411 0.6497159 0.5652284 0.5675898 0.6819332 0.4682498 0.7210444 0.7317752 0.7879594 0.7282615 0.6881626 0.7441245 0.4284812 0.5577624 0.8869895 0.5128457 0.8628740 0.8906992 0.6722899 0.5733814 0.6631756 0.6254655 0.7489290 0.6020431 0.4832289 0.5023426 0.1428359 0.4933667 0.3568999 0.8325069 0.5466263 0.6404054 0.6201528 0.2679539 0.3938827 0.5575583 0.7446147 0.6138292 0.6061154 0.7844707 0.0771882 0.5087275 0.2668563 0.1264494 0.3854450 0.3130433 0.1571580 0.0847373 0.2101584 0.5890892 0.5086598 0.4104513 0.3101769 0.3682662 0.2033156 -0.0665523 -0.1301112 0.0438955 -0.3408855 -0.1676559 0.1679528 -0.0824588 -0.3504945 0.6285448 0.2962990 0.3908914 0.4451395 -0.1700100 -0.2236425 0.6284186 0.7895757 0.4354542 0.7271814 0.3876491 -0.3303815 -0.4674337 0.3649761 0.3144576 0.9087433 0.1745658 0.6350100 0.2745202 -0.3138893 -0.2704721 0.1394456 0.0476519 0.2137208 0.0666093
-0.2676874 0.4319163 0.3722699 0.4220175 0.2940653 0.5229419 0.6776400 0.5616297 0.4592859 0.2627149 0.6337674 0.3360640 0.5068285 0.3181368 0.0000000 0.9109730 0.1461024 0.5659247 0.4641882 0.0786562 0.5237995 0.3721199 0.6246840 0.3736983 0.5606869 0.5407350 0.3185038 0.0815841 0.6778841 0.2301180 0.3529643 0.3938491 -0.0078549 0.2313296 0.5339088 0.5659101 0.3390779 0.3961257 0.0373163 0.4961196 0.1838463 0.3775619 0.1866782 0.7623514 0.3298554 0.2336022 0.2133037 0.1078006 0.7811725 0.1228566 0.2151055 0.4280571 0.2762458 0.6455671 -0.0575445 0.1335438 0.3145843 0.6862479 0.1986409 0.2586949 0.2803359 0.4549311 0.0634394 0.4337762 0.4099281 0.2810622 0.3027725 0.4912855 0.3451892 0.4921420 0.1723078 0.3980894 0.5678572 0.5492970 0.1167212 0.7215553 0.6711030 0.1378504 0.5452218 0.2595218 -0.0273324 0.2271746 0.0309309 0.0790297 -0.1156878 -0.0678948 -0.0849785 0.4364823 -0.1796217 -0.0103828 0.0182308 0.1766702 -0.1136921 0.6030271 0.0186253 0.0913010 -0.0188067 0.1301028 -0.0641793 0.4720615 0.3196494 0.0889405 0.1273690 0.2603312 0.0069317 0.0879370 -0.0244947 0.1704668 0.0368765 0.1299815 0.1115075 -0.1888955 0.4811350 0.3620140 0.0566961 0.4474423 0.1682685 -0.0098928 0.3782242 0.2198141 0.4034308 0.5318915 0.3327053 0.3878422 0.0639688 0.1926418 0.3554401 0.3701042 -0.0724327 0.2701408 0.2169520 0.7499911 0.3519772 0.3093996 -0.3821586 0.3207709 0.4606936 0.2299187 0.4727039 0.3283590 0.2525810 0.3674716 0.1513935 0.2985611 0.4638884 0.3541412 0.3926298 0.5970528 -0.1385285 0.2899596 0.3360799 0.3163241 0.3534368 0.0132048 0.4750949 0.2465379 0.2373065 0.7052435 -0.0241943 0.3658334 0.5094823 0.4174506 0.0537393 0.2061509 0.5870176 0.0388299 -0.0074161 -0.2719002 -0.0793272 0.2771832 0.2895259 0.0156833 -0.3205272 -0.0333662 0.1824280 0.1282201 0.3168822 0.3001944 0.3996144 0.6101708 0.5701770 0.5246128 0.3144232 0.3955364 0.2432327 0.6815815 0.5556445 0.4082096 0.4545269 0.4235449 0.4227166 0.1944201 0.2213502 0.2668549 0.4196549 0.0933824 0.4572925 0.1817370 0.2080315 0.1551405 0.3857447 0.7854448 0.2362258 0.3363494 0.3969163 0.2268166 0.4576800 0.2889519 0.3031292 0.4667090 0.0791764 0.0156061 0.2464243 0.1403068 0.3393024 0.0784569 0.6377171 0.6896273
-0.2574629 0.2923936 0.4839557 0.3799621 0.1934454 0.2639730 0.4500746 0.6924201 0.2736299 0.0283135 0.4676951 0.0908924 0.6125451 0.2513429 0.9109730 0.0000000 0.0014639 0.6804181 0.6496861 0.0831080 0.2179035 0.3018266 0.5343892 0.3276578 0.7858318 0.7162924 0.3652543 0.0485004 0.4769451 0.2749880 0.3171276 0.6076471 -0.0345916 0.0867664 0.3154877 0.2981313 0.5741428 0.5883934 -0.2335380 0.4781069 0.2298106 0.0680006 -0.0433793 0.7293427 0.0941689 0.4292812 0.3472922 0.1706744 0.6744454 0.0774225 0.2484953 0.3536690 0.1808704 0.5094210 -0.1677502 0.2726313 0.4597386 0.4735737 0.1145385 0.3145797 0.0410043 0.4592716 0.0993308 0.4672824 0.2569890 0.5265406 0.4135853 0.4260442 0.4439860 0.4942491 0.4220655 0.3846508 0.6194985 0.3990307 0.3655773 0.7074987 0.6068048 0.4598740 0.5850052 0.1544931 0.2036213 0.1460343 0.0098271 0.1677398 -0.0871972 -0.0422641 -0.0133017 0.6427049 -0.1502470 -0.1178156 0.1379029 0.2531889 -0.1089456 0.7148120 -0.1595736 0.0248266 -0.0455191 0.0607291 -0.1472221 0.3392168 0.1335507 0.1014796 0.0119542 0.4836123 -0.0588973 -0.0898560 0.0142857 0.1942626 0.0777478 0.2740364 -0.0557840 -0.2473445 0.4598296 0.4876993 0.1993983 0.3608967 0.2205352 0.0417557 0.1659746 -0.0419593 0.3605821 0.4860063 0.3316101 0.3012544 0.0120255 -0.0510533 0.1988926 0.4653588 -0.2467544 0.0719741 0.0684732 0.7012823 0.1523496 0.2596055 -0.3999966 0.2969058 0.2861556 0.0641160 0.2806551 0.1188806 0.1403998 0.2165783 0.2687878 0.2831145 0.3559979 0.2829049 0.2449932 0.5050026 0.0370948 0.1394018 0.2350310 0.1102738 0.0905166 0.0780136 0.2861790 0.3628502 0.2476238 0.5298243 0.1488634 0.3451077 0.4698274 0.1598951 0.1461080 0.1824080 0.4419589 0.1782037 0.0087652 -0.2020201 -0.0798430 0.1636876 0.2422251 0.0097254 -0.3048871 -0.1619727 -0.0163449 -0.0870487 0.0199161 0.0914063 0.1548208 0.4333775 0.4710326 0.2864086 0.0845948 0.1691651 0.2739613 0.4240442 0.5058191 0.2449623 0.3162441 0.4278936 0.1047478 0.2899908 0.1521620 0.0807123 0.0852633 -0.1585426 0.1764388 0.0756192 0.1095802 -0.0810652 0.3528927 0.8665561 0.1886947 0.0651243 0.3532201 0.2397379 0.2688138 0.2037757 0.2914434 0.4356330 0.0159826 -0.2886073 0.2367353 0.0537184 0.2370083 0.2281613 0.7643298 0.7850997
0.0581807 0.3612282 -0.5193990 0.5689558 -0.7082562 0.7669455 0.5839325 -0.3863328 0.8594205 0.9013510 0.3460266 0.8346340 -0.5932109 0.8026204 0.1461024 0.0014639 0.0000000 0.3264926 -0.4436160 -0.5395680 0.6290808 0.4253425 0.5919319 0.7396644 -0.0549580 0.0531873 0.4546187 0.7155268 0.6677985 0.2697409 -0.2245306 -0.6921414 0.8826344 0.9306906 0.2724532 0.2384715 -0.2130856 -0.4245189 0.4345048 -0.3098672 -0.3515753 0.4243159 0.2618947 0.2052469 0.7999017 0.1123287 -0.2052832 -0.1017700 0.4035333 0.3438902 -0.5087455 -0.3214078 0.6969795 -0.2422563 -0.4672755 0.2304884 -0.1091211 -0.0284680 0.1719244 -0.2865636 0.1551093 -0.4361749 -0.6348151 -0.1453176 0.4329226 -0.3086882 -0.5269648 -0.3908634 -0.2798783 -0.1806116 -0.3835443 0.1704683 -0.3214122 0.2107530 -0.6172865 -0.0624100 0.2213728 -0.5393406 -0.1850079 0.2978918 -0.7161904 0.1969967 -0.2811465 -0.2802615 -0.6002978 -0.5347425 0.1416818 -0.4007484 -0.2267435 -0.2553091 0.4329444 0.4038986 -0.1575104 -0.0451465 0.6591748 -0.0218923 -0.2840516 -0.3952868 0.4324479 -0.0908137 0.0164420 0.0489956 -0.4234831 -0.3780258 -0.0746851 -0.1482616 -0.3025529 -0.2622604 0.5464758 -0.3169885 0.5411964 0.1325680 -0.1332125 -0.0632977 -0.0959063 0.0254354 -0.0574520 -0.1390151 0.3413326 0.0628072 -0.1142304 0.2232689 0.5247616 0.1062216 -0.3173271 0.7822594 0.1955176 -0.0093676 0.5653744 0.5121314 0.2960320 0.4202482 0.4141593 0.5302018 0.7395176 0.2745631 0.6242198 0.6440352 0.8515423 0.8350542 0.3448900 0.7663929 0.2302330 0.3014724 0.5723783 0.4114402 0.6756834 0.5965837 0.3543406 0.7699476 0.7813479 0.5861832 0.7312091 0.1800486 0.0967266 0.0408688 0.2174816 0.1265247 0.1690062 0.7813168 -0.0117186 0.7190669 0.3326708 0.3136701 -0.0255612 0.1559165 0.3619293 0.3147622 0.3890158 0.5684588 -0.4123301 0.1206878 0.6719595 0.5091716 0.7406433 0.7035739 0.4171887 0.1891606 0.3886422 0.4262960 0.2610508 0.6191392 0.6301845 0.6159718 0.3004748 -0.0462468 -0.3110155 -0.1603991 0.0019242 0.2066005 0.3651601 0.1443458 0.0783432 0.5687595 0.4742391 0.4929998 0.6935616 0.0170578 -0.0086302 0.7054838 0.7711998 0.1020818 0.5564944 0.4326373 -0.4458553 -0.3590180 0.3743515 0.3955007 0.7778346 0.0788659 0.5622519 0.4937756 -0.5442387 -0.0579503 0.1213272 -0.2636553 -0.1868356 -0.2169564
