0.0000000 0.1621558 0.6718662 0.1696898 0.7013775 0.2786480 0.3541781 0.3186671 -0.4593848 -0.0866238 0.0810797 -0.1780229 0.4603345 -0.5263555 -0.4675154 -0.1889870 0.0055542 -0.3554952 -0.2506577 -0.0920124 -0.2200105 0.0993077 -0.1043613 -0.4061934 -0.1266963 -0.4536103 -0.1511995 -0.4096558 -0.2392276 -0.5444696 0.3298482 -0.0243444 -0.3370034 -0.3031940 -0.1182304 -0.1250359 -0.2795947 0.2563639 -0.3614896 -0.2581511 0.3380284 0.0515679 -0.1581912 -0.1246837 -0.2659467 0.0300284 -0.0733746 0.3231284 -0.1122391 0.0936350 -0.1432702 -0.1409368 -0.2736922 -0.2576899 0.4588260 0.3729216 0.0114354 -0.3102722 0.2237935 -0.2263775 -0.0656563 -0.2516439 0.2547455 -0.2755931 -0.1271782 0.1914380 -0.4307255 -0.4128558 0.4804624 -0.3343694 -0.1522117 -0.1885348 -0.5006421 0.2631299 0.3677013 -0.2536719 -0.1477149 0.0701332 -0.0453161 -0.0266030 -0.0359628 0.4775124 0.1664937 0.3230157 0.6950114 0.0945137 -0.1511237 0.4052348 0.4083616 0.3277363 0.0705619 -0.2634888 -0.0733100 0.2416304 0.1672678 0.4608792 -0.2772975 0.0750863 0.4370145 0.1817429 0.2399878 0.2078232 -0.0738985 0.3826000 0.1583461 0.7486821 0.6029984 0.5690476 0.0828689 0.7863128 0.5303426 0.3958313 0.0233329 0.5417184 0.6785291 0.3327969 0.5912434 0.7703828 0.6038398 0.5275158 0.6127925 0.3706652 0.4638818 0.5860961 0.5240999 -0.4410164 0.2783766 0.5797250 -0.0488963 0.5878723 0.6378569 0.6955715 0.0152954 0.0869342 0.0152638 0.6756033 0.3867395 -0.0301751 0.0601848 0.0315796 0.4466449 -0.1347836 0.6537161 0.4948200 0.4786970 0.1998593 0.2749373 0.0943022 0.0038514 0.1159926 0.1240054 0.6134732 0.5784501 0.4346513 -0.2023603 0.4637872 0.5907888 0.3286605 0.5286814 0.3749061 -0.2052068 0.1426253 0.6221530 0.5962809 0.2165848 0.6100313 0.6970844 0.1000307 0.1940694 0.0494317 0.3720675 -0.0698489 0.1151311 -0.2883281 -0.0353513 0.0575751 -0.0678543 -0.1313948 -0.3391827 0.0707084 -0.2086770 0.1095257 0.3688432 0.0912966 0.3152493 0.0834941 0.5560822 0.5389287 0.2207480 -0.0343135 0.0778654 -0.0768141 -0.1395643 -0.2356743 -0.5968854 -0.4247430 -0.4787971 -0.1269604 0.0162901 -0.3870537 0.4543759 0.2992273 0.4120382 0.4635800 0.5405720 0.2848161 0.0107629 -0.2442616 0.2227597 0.4627138 0.5956332 0.0701772 0.4489565 0.6383127 0.4019161 -0.2463287 -0.3959694 -0.6452263
0.1621558 0.0000000 0.2499585 0.3249539 0.2887536 0.4971993 0.6427236 0.0591676 0.1530447 -0.2495570 -0.4736217 0.5622797 -0.0426141 -0.0424561 0.1793772 -0.4603647 -0.5133880 0.2557493 -0.2819321 0.2547437 0.5148076 0.1492838 -0.4658169 0.0200147 -0.1758322 -0.3579426 -0.5423137 -0.0878851 0.4386425 -0.0724115 0.3603953 -0.2796052 0.0305703 0.2468936 -0.2578059 0.2320838 -0.1893344 -0.0157240 -0.1833571 -0.1566281 0.3454896 0.2389783 -0.4723925 -0.1708959 0.2937975 -0.2697733 -0.2326023 0.3596375 -0.0620826 0.2202656 -0.2531733 -0.2425778 0.1001751 -0.1829759 0.2624932 -0.1361655 -0.0850879 -0.2262728 -0.0917439 -0.1170081 0.1494107 -0.2407794 0.1144340 0.1075814 0.2568100 0.2649885 -0.3681443 -0.2486360 0.0471680 -0.3121892 -0.2254827 0.1127237 -0.2748883 -0.0394397 0.0342895 -0.4993163 -0.4289018 -0.4214671 -0.4163576 -0.2895287 -0.5571075 -0.4129080 -0.2198335 -0.3217144 -0.2221475 -0.0840213 0.0792746 -0.2610739 -0.0836126 -0.1431005 0.2352227 0.2005298 0.1702052 -0.3282503 -0.1558570 0.0962674 0.2237538 0.0688314 -0.2040657 -0.3176761 -0.3157023 -0.0417396 -0.1080412 -0.3598603 0.6263299 0.0046371 -0.0813865 -0.2759016 -0.2094514 0.0167674 0.1138477 -0.3182931 -0.3367642 0.2845731 0.3369163 0.2245370 0.4638684 0.3003348 0.3570648 0.1517636 0.2799344 0.3279493 0.2594966 -0.2538542 0.3266495 -0.0070337 0.1581486 0.3172833 0.1375511 -0.1914305 0.2644783 0.1340609 0.3961522 -0.4332624 0.2518789 0.0710381 -0.1010287 0.1257157 0.3208646 -0.4640501 0.4358843 -0.2696386 -0.0730918 -0.0627941 0.1954098 -0.0714839 0.1390480 0.0542506 0.2063869 0.0374927 -0.5734454 -0.0293188 -0.1419359 0.3378011 -0.2601081 -0.0040126 -0.1155501 -0.0570291 -0.1384783 -0.2346417 -0.3440667 0.1961394 0.0467518 -0.1358592 -0.1722111 0.1480820 0.1344428 0.2093027 -0.4276759 -0.2165794 0.2886214 -0.2061436 -0.0626716 -0.2657017 0.3980627 0.0382888 -0.0731359 -0.4902340 0.2135391 -0.3394793 -0.4584741 0.1134267 0.0266019 0.2190132 -0.1532734 0.2325316 0.4067846 0.1071861 -0.3260385 -0.4745473 -0.2969555 -0.2700835 -0.5111701 -0.3277362 -0.3789643 -0.3953344 -0.3778472 -0.3816211 -0.4866481 -0.0669347 0.2864467 0.1785991 -0.0158073 -0.0734654 0.6100893 -0.1793611 0.2073628 0.6251304 0.4019843 -0.0864279 0.2447576 -0.0204857 0.4896708 0.0904922 -0.0633323 0.4923521 0.0313236 -0.1115101
0.6718662 0.2499585 0.0000000 0.5581576 0.9556826 0.5842120 0.2533686 0.6297504 -0.2896455 -0.0803023 0.2127986 -0.1284414 0.7424437 -0.3383277 -0.3209395 0.0205220 0.0771645 -0.4659249 0.0267476 0.3512261 -0.2177213 0.2907751 -0.1722636 -0.5728155 0.3083084 -0.3639691 0.0072395 -0.6814711 -0.1296929 -0.3803578 0.4459474 0.3442946 -0.6176392 -0.4955251 -0.1095279 -0.0333808 -0.1791405 0.5011941 -0.1767041 -0.4419356 0.4851216 0.0137746 -0.0331603 -0.5364405 -0.2611190 0.2655578 -0.0391086 0.5495383 -0.5448592 0.2120493 -0.1465835 -0.2415121 -0.4938717 -0.4043302 0.6297937 0.4886780 0.0720063 -0.3467960 0.2872973 -0.1046216 0.0287119 -0.1906855 0.4894201 -0.4364313 -0.0609487 0.3487170 -0.1016656 -0.0924961 0.4391571 -0.0634098 0.1041219 -0.0240820 -0.0863133 0.4171105 0.5955513 0.0529938 0.1101970 0.1706696 0.2324763 0.2064004 -0.2364319 0.3585578 0.1992392 0.2524614 0.4615209 0.0182550 0.0888614 0.5758075 0.0479278 0.2257974 0.0247632 0.0101883 0.1757451 0.4798085 0.1545844 0.2668843 -0.0559579 -0.2182053 0.1155728 0.2650661 0.0754634 -0.1279043 -0.1256354 0.4140005 0.1690730 0.6105955 0.0956131 0.4589771 0.0198811 0.5550565 0.2357127 0.1899023 0.4758675 0.4671906 0.5540081 0.3254417 0.2939031 0.3730949 0.2417078 0.1546321 0.2824953 0.1364165 0.4961078 0.5462262 0.3313677 -0.5784055 0.0788220 0.7231593 -0.0664190 0.4811913 0.5390867 0.7635486 0.2909510 0.3065851 0.4106641 0.6174884 0.6393529 -0.0191354 0.2739669 -0.4426014 0.5494539 -0.2714534 0.5550305 0.0761327 0.5120961 0.1892590 0.6017089 0.2144756 0.4748537 0.2085962 -0.1907076 0.3865326 0.7204892 0.6723614 0.1058214 0.1278702 0.4856393 0.6000847 0.3777338 0.0504749 0.3227585 0.4799708 0.2937039 0.5149361 0.6484067 0.4998763 0.6481286 0.3865304 0.2695195 0.2409639 0.6685228 0.2142443 0.1546111 -0.1342032 -0.0609468 0.2211226 0.0742102 0.1024924 -0.4134647 -0.0698024 -0.3422188 -0.0687285 0.3661335 0.0014835 0.3333301 0.1894825 0.6008473 0.5712555 0.3249169 0.2278625 -0.0071060 -0.1238006 -0.1273385 -0.0762265 -0.4628297 -0.2980759 -0.4195682 -0.0190551 -0.1182920 -0.3746682 0.4069210 0.2925494 0.3826163 -0.0092995 0.6111323 0.1982705 0.1128087 -0.1716592 0.1828959 0.4609025 0.5177960 -0.3897688 0.5636427 0.6039262 0.3439779 -0.1269018 -0.4224387 -0.4941671
0.1696898 0.3249539 0.5581576 0.0000000 0.4888293 0.6164682 0.2882096 0.8920505 -0.0251861 -0.0238454 0.2554505 -0.0288334 0.5440130 -0.1817807 -0.0281495 0.3154221 -0.0677690 -0.1983979 0.5463183 0.5826432 0.1664208 0.5094956 -0.2628159 -0.2553886 0.4950584 -0.1514802 -0.2301110 -0.4637870 0.2192362 -0.3617916 0.5223005 0.3563033 -0.4258657 -0.1648359 -0.3784991 0.1509396 -0.1735546 0.5485568 -0.2015506 -0.5048161 0.6055412 0.1700967 -0.1925657 -0.5405061 0.0193842 0.2105272 -0.2063819 0.5077812 -0.4743462 0.3835612 -0.2278270 -0.3537713 -0.2488045 -0.4201559 0.4417908 0.2570219 0.0663366 -0.2523459 0.4536426 0.0278909 0.2746005 -0.2995037 0.5756381 -0.0568302 0.2732441 0.4214918 0.1325309 -0.2030153 0.3048210 -0.0822054 0.3852276 0.3782238 -0.0402197 0.5662691 0.5777587 0.0393818 0.4314745 0.1774045 0.3711044 0.2219570 0.0459437 -0.1684075 -0.2405766 -0.0983244 -0.1514131 -0.3327985 0.3107532 0.0745329 -0.3555953 -0.1714300 0.0956438 0.2609197 0.1271485 0.3032530 -0.0296754 -0.2973203 -0.1681175 -0.1755274 -0.2918477 0.3332552 -0.2183101 -0.0100340 -0.4003856 0.3011614 0.3243361 0.2593533 -0.0947347 0.0972857 -0.2231618 0.0819305 -0.0233019 -0.0854310 0.1984155 0.3729026 0.4907207 0.3587811 0.1752928 0.2578721 0.1692463 0.1747408 0.2614394 0.1192191 0.3643775 0.3136017 0.2777193 -0.2800368 0.0408130 0.5582621 -0.0658831 0.2809433 0.2578375 0.4296452 0.3532611 0.1570251 0.3781270 0.4046126 0.5203219 -0.1504191 0.2789994 -0.6975428 0.5472310 -0.3046235 0.3299626 -0.0564042 0.4031230 0.1672861 0.3133167 0.0304254 0.3809509 0.1714402 -0.2725070 0.3856728 0.3295374 0.5533555 -0.0682649 0.1176779 0.3654412 0.6658280 0.2553007 0.0013018 0.2638312 0.4396204 0.0542082 0.2794446 0.4833906 0.3926656 0.3268138 0.2432223 0.1160533 0.2389834 0.5772368 0.3710492 0.0869266 -0.3067780 -0.1345155 -0.1295528 -0.2292927 -0.2118294 -0.1910136 -0.2965492 -0.5356271 -0.0452907 0.3024534 0.2715379 0.4122670 0.2592002 0.4164072 0.4381182 0.4721895 0.0619175 -0.1417490 -0.1123123 -0.1338498 -0.4222166 -0.4668175 -0.5066790 -0.2799724 0.0312291 0.2012104 -0.2320931 0.1201713 0.3888849 0.3673314 -0.1193995 0.4494171 0.1327724 -0.0912844 0.1101306 0.1391242 0.3679332 0.3339199 -0.5719911 0.5669174 0.3493122 0.3913513 0.2650398 -0.1901392 -0.2717753
0.7013775 0.2887536 0.9556826 0.4888293 0.0000000 0.5315262 0.2746583 0.6055244 -0.2385687 -0.0421636 0.2563986 -0.1686061 0.7417475 -0.2515724 -0.3459850 0.0375028 0.1898467 -0.3182592 -0.0399500 0.2319629 -0.3006081 0.2055094 -0.0757298 -0.4885231 0.2509747 -0.2408982 0.0081973 -0.5244107 -0.1070850 -0.3045551 0.3698350 0.3202509 -0.4551070 -0.3630084 0.0143970 -0.0304156 -0.0524914 0.4852299 -0.0786000 -0.2573061 0.4635666 0.0860598 0.0022963 -0.3345148 -0.1431011 0.3026242 0.1194261 0.5373533 -0.3450588 0.2159981 -0.0341051 -0.0740957 -0.3117442 -0.2078107 0.6842362 0.5583451 0.2220565 -0.2442606 0.1792360 -0.0371239 0.0592676 -0.0622375 0.6004712 -0.3367737 -0.0013738 0.4327015 -0.0184687 -0.0602813 0.5411399 -0.0611540 0.1460268 -0.0289644 -0.0656857 0.3362083 0.5898171 0.0051225 0.0402286 0.2903791 0.2546266 0.3111488 -0.1045233 0.3130237 0.1597987 0.2856620 0.4955961 -0.0627955 -0.1298666 0.5137323 0.0333100 0.1647405 -0.1451854 -0.2159910 -0.0294952 0.4013026 0.0678247 0.1976655 -0.2023970 -0.2154086 0.1455108 0.1247081 -0.0337961 -0.1133462 -0.1646040 0.3696381 0.0304830 0.5609017 0.1687658 0.4146420 -0.0215259 0.6026713 0.2092956 0.1138404 0.4049253 0.4262812 0.5074508 0.2213993 0.2262429 0.3740803 0.1821751 0.1300833 0.2531672 -0.0051507 0.3620571 0.4856828 0.4111625 -0.5839626 0.0295680 0.5591625 -0.0227595 0.3547653 0.4899024 0.7905070 0.1959139 0.2044783 0.3768302 0.5509608 0.5302061 -0.0412276 0.1858198 -0.3905222 0.4924467 -0.2696725 0.4890196 0.1033777 0.5279251 0.0837556 0.5483864 0.1761236 0.4370289 0.1850819 -0.2309464 0.3477071 0.6496796 0.5281423 0.0661170 0.1855907 0.3603140 0.5281921 0.2797954 -0.0593386 0.3256490 0.2949482 0.2924686 0.4267693 0.5857784 0.4897562 0.5605277 0.2920093 0.1509203 0.0764297 0.5764125 0.0664547 0.3011888 -0.1501605 -0.0269185 0.1568061 -0.0076757 0.0202922 -0.5037048 -0.1451517 -0.3332850 -0.1287002 0.2557351 0.0320824 0.2307575 0.1473633 0.6135686 0.6499632 0.3373568 0.3123387 -0.1782547 0.0274158 -0.1943988 -0.2087305 -0.5538331 -0.4182119 -0.4681857 -0.1018779 -0.0080038 -0.4354885 0.4523935 0.1248022 0.2170892 -0.0474429 0.5528907 0.3041758 0.0580534 -0.1927878 0.2286070 0.4158388 0.4475493 -0.4223414 0.5625843 0.6340510 0.3245494 -0.1763648 -0.3155509 -0.4669585
0.2786480 0.4971993 0.5842120 0.6164682 0.5315262 0.0000000 0.6365616 0.4735048 0.4093863 0.3799149 0.2893261 0.3839019 0.4891302 0.2288972 0.3027972 0.0373864 0.0564740 0.1382044 0.0039943 0.4476867 0.4757936 0.2560790 -0.2078249 -0.1054923 0.2272993 -0.1597262 0.1192719 -0.3279268 0.4159479 0.0905826 0.4282248 0.3012270 -0.3378941 -0.0818881 -0.1353863 0.5555121 0.0125323 0.2915927 0.2412306 -0.2177978 0.4751445 0.4955328 0.0777021 -0.2589846 0.2438626 0.2284622 0.0110376 0.5477882 -0.2724632 0.1252324 -0.1531065 -0.1311182 -0.1642217 -0.0861478 0.5199624 0.2716835 0.1453803 0.2127951 0.3269121 -0.0175533 0.4612202 -0.0613518 0.4508724 0.0491848 -0.0198368 0.4501371 -0.0618419 0.2902474 0.3489687 0.3741002 0.0747003 0.2131756 0.3133504 0.3401769 0.2072775 0.3035350 0.2245572 0.0888536 0.2658544 0.1817019 -0.2126072 0.1309239 0.1602591 0.0362262 0.0882448 0.1156883 0.2884292 0.3036187 -0.0142681 0.1198039 0.2698570 0.3478013 0.3502949 0.2984450 0.2245293 0.2762931 0.2364385 0.0862132 -0.0266190 0.3267941 0.0453178 0.0800021 0.2066794 0.1282343 0.4312192 0.3711161 0.0070113 0.2762277 0.1053067 0.1530375 0.2653649 0.2272491 0.4276663 0.3113339 0.4673547 0.4203143 0.2348792 0.1272781 0.1823865 0.0610647 0.1649944 0.2501946 0.3039500 0.1440705 0.2173584 -0.1658594 0.1190115 0.5811676 0.1771040 0.1526424 0.3898112 0.5357145 0.4095034 -0.1996604 0.3538459 0.6163206 0.3849874 0.1655742 0.5361471 -0.3720778 0.5399139 -0.2955489 0.3291280 0.1767567 0.4078899 0.1304833 0.4976391 0.2729629 0.2384221 0.0967476 -0.0871245 0.3086372 0.2341572 0.6200748 0.1362502 0.1667212 0.3030134 0.4146462 0.2154085 0.2586710 0.0726782 0.4793320 0.2274246 0.4295906 0.2974283 0.5072646 0.4541190 0.2384450 0.0213032 0.1975804 0.4306736 -0.0099473 0.0439364 0.1308814 0.3346313 0.2765773 0.2947562 0.0743032 0.2549035 0.2625834 -0.1707526 0.3126385 0.5772846 0.2908016 0.3809852 0.2570543 0.4515765 0.3920006 0.0556550 0.0258077 0.1477370 -0.1179057 0.0719258 0.0116345 -0.2125307 -0.1075734 -0.0403466 0.0402106 -0.1122504 0.0156239 -0.0520759 0.1037905 0.0406739 -0.1942134 0.5792009 0.2397683 0.3761418 0.2304267 -0.0182338 0.1350176 0.0033604 -0.0113161 0.6405138 0.4388675 0.3807328 0.1911526 -0.2241110 -0.0967436
0.3541781 0.6427236 0.2533686 0.2882096 0.2746583 0.6365616 0.0000000 0.1439676 0.0857978 -0.0863625 -0.0574328 0.6303724 0.1707746 -0.0085228 0.0968919 -0.1479733 -0.2340851 0.2375201 -0.1528453 0.1696358 0.5947955 0.1033996 -0.5292238 0.1450991 -0.1300768 -0.4852976 -0.2407936 0.0702086 0.5599899 0.1057892 0.3494952 -0.2044866 0.1037577 0.2353958 -0.2670773 0.6541326 -0.2801469 0.0742954 0.1041219 0.0496029 0.3442417 0.6612171 -0.2041582 0.1322357 0.3452791 0.0612108 -0.0631940 0.3026126 0.1434482 0.2056822 -0.1126372 0.0275659 0.1152987 0.1149996 0.2759009 0.0732637 -0.0064883 0.1650967 0.2876552 -0.1032760 0.3872420 -0.0660007 0.1534196 0.1914533 0.0896628 0.1701841 -0.2733157 -0.0892715 0.2309528 -0.0602364 -0.2245816 0.1002427 -0.1268899 0.1647715 0.0025149 -0.2286228 -0.1602409 -0.2433227 -0.1765185 -0.0945611 -0.2967657 0.0312469 0.0046562 0.0603013 -0.0308666 0.1292195 0.0374303 0.1313209 0.2726841 0.2615879 0.2514885 0.1467916 0.1820324 0.1936679 0.2096728 0.3812318 0.3343147 0.2417697 0.1288182 0.2121541 0.0294951 0.1862332 0.0421865 0.2092954 0.5185534 0.3438210 0.2749987 0.0913377 0.0037770 0.2193971 0.2461812 0.2177741 -0.0709679 0.3855995 0.4200736 0.2798368 0.4382633 0.3455617 0.4250026 0.1828756 0.2927936 0.3237521 0.2917203 0.0865868 0.1576513 -0.4115186 0.2038211 0.3854702 -0.1703766 -0.0412488 0.1543817 0.5173839 0.1799369 -0.3691729 -0.1964679 0.3373820 -0.1726045 -0.0983375 0.1433157 -0.2431966 0.3304515 -0.2856520 0.2773240 0.1183478 -0.0422042 0.0796708 -0.1213294 -0.2567386 0.1056756 0.2561461 -0.0619285 0.0921080 -0.0937275 0.4040278 -0.2967377 0.0809903 0.1449606 -0.1466208 0.1130693 0.1434021 -0.2737503 0.3580220 0.1368491 0.0773348 -0.1502733 0.2683715 0.3393127 0.1328246 -0.1517634 -0.1010051 0.2132363 -0.0823587 -0.0968416 0.1341737 0.7185770 0.4750557 0.3233040 -0.1772218 0.2873918 0.2692562 -0.1034886 0.6526592 0.6998760 0.6666300 0.3040378 0.3106947 0.1620467 0.1765806 -0.1626288 -0.3163647 -0.0452059 -0.1122950 -0.0931138 -0.1936127 -0.5529907 -0.3600600 0.0673845 0.0232866 -0.2372402 -0.3236952 0.1905508 0.1621702 0.2413695 0.3821894 0.4310238 0.2562617 0.0617475 0.1497454 0.2891149 -0.1166684 0.0909366 0.2611297 0.4373811 0.1921222 0.1852142 -0.0827627 -0.3382047 -0.2130129
0.3186671 0.0591676 0.6297504 0.8920505 0.6055244 0.4735048 0.1439676 0.0000000 -0.1392859 0.0362944 0.4944062 -0.2939530 0.6223174 -0.1895311 -0.1730576 0.4378275 0.1329015 -0.2068557 0.5653263 0.4149508 -0.1159154 0.3736359 -0.1358017 -0.2505060 0.4962714 -0.0675501 -0.0806153 -0.4044783 0.0873646 -0.3653374 0.3690173 0.4028730 -0.3812404 -0.1651024 -0.3439340 0.0420260 -0.1750523 0.5036305 -0.1447848 -0.4193903 0.4897251 0.1899134 -0.1187620 -0.3732870 0.0155487 0.2742653 -0.1303576 0.3442798 -0.3285063 0.1959691 -0.2241960 -0.2896323 -0.1646827 -0.3230232 0.3841312 0.3192838 0.0893901 -0.1742309 0.4865182 -0.0577720 0.2983210 -0.2899547 0.6643600 -0.0753059 0.2321701 0.3291075 0.2101539 -0.2107634 0.4240650 -0.0563490 0.4388877 0.3795621 -0.0267974 0.6470096 0.6073224 0.1428005 0.5912833 0.3805465 0.5407936 0.4989329 0.3269414 0.0061753 -0.2795000 0.0194522 0.0583015 -0.4320730 0.1252474 0.1092141 -0.3843830 -0.2044635 -0.1626557 0.0751353 -0.0969721 0.3943361 -0.0985160 -0.3579090 -0.3875209 -0.2258392 -0.2369141 0.4250940 -0.2286375 0.1046426 -0.5347726 0.4702067 0.0216703 0.3125089 0.1373252 0.2007989 -0.2706007 0.2164831 -0.0775299 0.0859588 0.3127561 0.3775454 0.4914938 0.2606596 0.0770840 0.2907546 0.0668099 0.2396150 0.2677072 -0.0753283 0.2480463 0.4482599 0.3402290 -0.3938539 -0.0547448 0.4498874 -0.0473718 0.3220986 0.2775901 0.5881843 0.2147634 0.3617292 0.2701195 0.5126488 0.6471222 -0.2548222 0.1850197 -0.6543321 0.5051137 -0.3489706 0.5322101 -0.0008785 0.5334243 0.1367409 0.3567624 0.0775372 0.3220376 0.1483002 -0.2086668 0.5213901 0.4616315 0.4327842 -0.0386018 0.2703283 0.4861767 0.8000339 0.4421579 0.0387381 0.4144695 0.2862015 0.1308466 0.4039156 0.5819678 0.4839235 0.3660175 0.1436131 0.2450053 0.2112128 0.5335978 0.3909617 0.2515755 -0.2927669 -0.2776487 -0.1276157 -0.2906702 -0.0939067 -0.4754803 -0.2823724 -0.4378606 -0.1752798 0.2657007 0.2346222 0.4978075 0.2210474 0.4453235 0.6505278 0.6909879 0.3280350 -0.1281616 0.1176230 0.0166937 -0.4993772 -0.5484256 -0.5879959 -0.3444084 0.1682245 0.4990916 -0.3727380 0.2221664 0.2448693 0.3478801 -0.0470992 0.2781866 0.3896812 -0.2999305 -0.1443139 0.0825421 0.4572803 0.2770253 -0.5963939 0.4889599 0.4801147 0.4467482 0.0532264 -0.2827103 -0.3482609
-0.4593848 0.1530447 -0.2896455 -0.0251861 -0.2385687 0.4093863 0.0857978 -0.1392859 0.0000000 0.7067693 0.2035476 0.3671081 -0.2227352 0.9026799 0.8492229 -0.0212751 0.2513593 0.7948305 -0.1588412 0.0985460 0.4507695 -0.1702818 0.1975756 0.6020617 -0.0380042 0.4298582 0.4944963 0.4471609 0.5743732 0.7365930 -0.1632852 0.0862210 0.3613961 0.4971448 0.1025087 0.4842926 0.3450073 -0.2574711 0.6831349 0.3475230 -0.1276624 0.5023568 0.2271103 0.3327624 0.7046466 -0.0991038 0.1490981 -0.0522650 0.3325066 -0.3829156 -0.0675679 0.1802859 0.4839995 0.3983725 -0.1005805 -0.2035097 0.1101906 0.6764563 -0.0666481 0.0001363 0.6104038 0.2214871 0.1472482 0.6189448 0.2561249 0.0943853 0.1934500 0.6419012 -0.0575811 0.6454555 0.1018191 0.4947075 0.6478013 0.0419476 -0.3532265 0.4988352 0.2613479 0.2193838 0.3114177 0.3772001 0.1624008 -0.3381979 -0.0688820 -0.2338660 -0.3269435 -0.0802651 -0.0185439 -0.2917163 -0.4116335 -0.3749609 -0.2019286 0.1978640 -0.1004190 -0.3157007 -0.3004788 -0.1982936 0.1719120 0.0466282 -0.3135835 -0.1200883 -0.2638885 -0.0359187 0.3109828 -0.4934770 -0.0942034 -0.4920073 -0.2666070 -0.2916590 -0.1214255 -0.4852323 -0.2551493 -0.1824163 0.0865098 -0.3898530 -0.3295169 -0.2412368 -0.3706414 -0.4431571 -0.4397813 -0.3324720 -0.3993846 -0.2184324 -0.4847133 -0.5211678 -0.2699055 0.4359719 -0.2232886 -0.3641307 0.3174116 -0.5073022 -0.2417530 -0.2346392 0.0484027 -0.4245894 0.1288290 -0.1484408 -0.1624539 0.1460346 0.1589542 -0.0073727 -0.2025084 -0.1141254 -0.3329183 -0.1565115 0.0191574 -0.3721419 0.0814307 0.3150440 -0.2394517 -0.3141015 -0.0793876 -0.2401622 -0.3946631 -0.2977931 0.1073686 -0.1008146 -0.4708240 -0.0673215 -0.3303149 -0.1045180 0.0738738 -0.2822558 -0.2127157 -0.2327680 -0.2329176 -0.0880289 -0.3534841 -0.2529037 -0.4872212 -0.3349263 -0.4150023 -0.5216870 0.0113936 0.1616827 0.1078677 -0.1448964 0.1161970 0.1255235 0.4809263 0.2147958 0.2972767 0.1235249 -0.0483837 0.1199246 0.0198439 0.1697777 0.0666575 0.0916225 -0.0431133 0.3011734 -0.0860974 0.3819993 0.2846810 0.0327870 0.3382903 0.2467827 0.1696984 0.1701359 0.1493619 0.3383794 -0.4260152 -0.4753595 -0.7407864 -0.4528950 -0.0453281 0.2432897 0.2719472 0.4862114 -0.2435995 -0.1618742 -0.7922827 0.2847922 0.1483353 0.0515748 0.2123336 0.3930257 0.4544128 0.5659616
-0.0866238 -0.2495570 -0.0803023 -0.0238454 -0.0421636 0.3799149 -0.0863625 0.0362944 0.7067693 0.0000000 0.6631730 -0.0366126 -0.0338350 0.6709885 0.4455918 0.2560238 0.6206514 0.4136217 -0.1851762 -0.2384512 0.0558518 -0.3795303 0.5547460 0.1708048 -0.0391972 0.5502261 0.5635480 0.2117669 0.0763148 0.4778327 -0.2628536 0.3089904 0.0455626 0.0749079 0.3307740 0.1895596 0.5479982 -0.1887117 0.6757417 0.4048798 -0.1342486 0.2592765 0.4538655 0.3328774 0.3041394 0.1609462 0.3983635 -0.0536268 0.2270866 -0.4121872 0.1907144 0.3567552 0.2103542 0.4899592 0.0540118 0.0919483 0.3255305 0.6187496 -0.0955132 0.1535438 0.2707509 0.3938917 0.1843633 0.2263689 -0.0483969 0.2475338 0.1874477 0.6491535 0.1158538 0.6842088 0.0835284 0.1830463 0.6432943 0.0575891 -0.2282712 0.7084588 0.4168144 0.4288544 0.4653992 0.3994028 0.3833566 0.1296818 0.1276335 -0.0072952 0.0878471 -0.0347639 -0.2497522 0.0155439 -0.1405391 -0.2542924 -0.1968836 -0.0899656 -0.0911780 0.0145512 -0.0200903 -0.0482636 -0.1518108 0.2127560 0.1082663 0.0274430 -0.0676675 0.1781726 0.3832733 -0.1757079 -0.2447031 -0.0849249 0.0244887 0.1839596 0.1986365 -0.1172610 0.1281241 0.1048206 0.3964524 -0.1909345 -0.0808823 -0.0281615 -0.2764421 -0.2020298 -0.1983541 -0.0545450 -0.1258647 -0.2093733 -0.4934523 -0.0320297 0.0079779 0.3102512 -0.3153631 -0.2639874 0.3749744 -0.1815640 0.0294828 0.0025886 -0.2720766 -0.4021391 0.1820572 0.2743660 0.0782842 0.1649167 0.1767111 0.2289952 -0.1725545 -0.1916811 -0.1075662 0.3051767 0.2527740 -0.1088848 0.2931489 0.5693955 -0.5066546 -0.5185454 0.2621754 0.1509122 -0.0914146 -0.2070604 0.1753692 0.2470515 -0.0754174 0.1858932 -0.0556060 0.3457289 -0.0093573 -0.3285909 0.1602517 0.2926341 -0.1011983 0.2538222 -0.1142305 -0.5088788 -0.1350531 -0.0725081 -0.4021728 -0.4684608 0.0256639 0.1150014 -0.1609563 -0.1407796 0.1876703 0.2703956 0.2908530 0.3455003 0.2149147 -0.0681318 0.0615665 -0.1632926 0.0264943 0.0284088 0.0287254 0.1185091 0.0758312 0.4248017 0.3064108 0.3607596 0.3860029 0.1433102 0.3014077 0.2747755 0.1252630 0.0820473 0.3642533 0.2721309 -0.5229780 -0.5446476 -0.5641243 -0.4044137 -0.1024966 0.3867345 0.1428248 0.0911925 -0.5352698 -0.0448485 -0.5923851 0.3354397 0.0081809 0.3812621 0.3228896 0.0067895 0.2693273 0.2842075
0.0810797 -0.4736217 0.2127986 0.2554505 0.2563986 0.2893261 -0.0574328 0.4944062 0.2035476 0.6631730 0.0000000 -0.4400366 0.3648429 0.3669838 -0.1037269 0.7633037 0.7777060 0.0846400 0.2840049 -0.0919352 -0.3463428 -0.1494122 0.5194836 -0.0776794 0.3913887 0.5309832 0.5145269 0.0959804 -0.0924880 0.2574276 -0.0644675 0.6427645 -0.0403310 -0.1081493 0.3301124 0.1336206 0.4716923 0.2086963 0.5748986 0.3159473 0.1532665 0.2698428 0.5830863 0.2793404 0.1124821 0.6419183 0.5552848 0.0883638 0.1519516 -0.0858767 0.3802764 0.4394335 0.0962567 0.4542965 0.2501521 0.4612270 0.5114566 0.4064552 0.0866966 0.3241292 0.1752033 0.4601485 0.4777165 -0.0713103 -0.0895141 0.3362251 0.4795455 0.4300912 0.3627485 0.4566618 0.3846885 0.0981562 0.5616596 0.2059334 0.1857150 0.6101701 0.5620422 0.6375209 0.6814113 0.6192800 0.6239596 0.3450761 0.0821090 0.2735795 0.2274523 -0.1177957 -0.3100905 0.2399696 -0.0723831 -0.1287130 -0.3393621 -0.2432801 -0.1411805 0.4763478 0.1098529 -0.2320816 -0.2933525 0.1301171 0.0984008 0.2885293 -0.1249399 0.2692853 0.0702620 0.3841132 -0.4746267 0.1710881 0.2424670 0.3641451 0.1185973 0.1596795 0.0219273 0.3414318 0.6065549 0.0672244 0.0955771 0.0729916 -0.2807003 -0.1118653 -0.2226928 0.0071523 -0.0642771 -0.3601009 -0.2897379 0.2496611 0.0685151 -0.1919398 -0.2723640 -0.1304279 0.0575677 0.0421386 -0.0477416 0.4241451 -0.2390068 0.0249240 0.0348002 0.4017278 0.2393263 -0.2448631 -0.0491478 -0.0511264 -0.0753091 -0.3773868 0.2707570 0.2284606 0.2594000 -0.0470289 0.1645650 0.2632659 -0.1645889 -0.2831130 0.1620545 0.2819247 0.0583031 -0.1118552 0.1880788 0.2898641 0.2172411 0.4102845 0.2108490 0.2713818 0.2784996 -0.1510044 0.0926797 0.4069246 0.2154650 0.3195200 0.0098468 -0.3816599 0.2733314 0.1325341 -0.1214416 0.0073899 0.2901842 0.1830001 -0.1049112 0.0635444 0.0766891 0.2840360 -0.3134435 0.2266492 0.0835131 -0.1138572 0.2436193 0.0017834 0.2151850 -0.0424900 -0.1462524 0.2597797 0.3487336 0.5833303 0.2617867 0.3116219 0.3509518 0.0229405 -0.0282842 -0.0132163 0.2136153 0.2245319 0.6479050 -0.0905176 -0.1446256 -0.4058780 -0.2065180 -0.2311265 -0.1751703 0.6731493 -0.2440445 -0.3476684 -0.2804335 0.0693157 -0.3307764 -0.1031167 0.0850829 0.4737414 0.2665484 -0.3517062 -0.1250746 -0.0260890
-0.1780229 0.5622797 -0.1284414 -0.0288334 -0.1686061 0.3839019 0.6303724 -0.2939530 0.3671081 -0.0366126 -0.4400366 0.0000000 -0.3180870 0.2179451 0.6177013 -0.4488974 -0.4413682 0.3144346 -0.2486956 -0.0285056 0.8265573 -0.1707879 -0.5414101 0.2724868 -0.3305600 -0.4684108 -0.2038069 0.0864429 0.5094124 0.3655395 -0.1867453 -0.5482437 0.0453946 0.1781683 -0.2789755 0.4422490 -0.3163300 -0.3053854 0.1803798 0.0699663 -0.2494698 0.3205709 -0.3225663 -0.0242156 0.2643338 -0.4325039 -0.3405231 -0.1225737 -0.0455949 -0.1221716 -0.2530257 -0.1640257 -0.0021044 0.0716201 -0.2066547 -0.4722975 -0.3754774 0.3151087 0.2520184 -0.1928886 0.3355646 -0.1539523 -0.3580120 0.3163568 0.1748965 -0.1884375 -0.2358396 0.2176256 -0.2360197 0.2052313 -0.3763537 0.1452353 0.0973702 0.1156553 -0.3478552 0.0491357 -0.0753031 -0.4219263 -0.2568571 -0.2203627 -0.5202437 -0.2807329 -0.1240573 -0.4133721 -0.4924335 0.0071261 0.1982212 -0.0497644 -0.0405318 0.0954238 0.3340568 0.3608845 0.3394822 -0.1138746 0.1144155 0.3260755 0.6444364 0.1730361 -0.0861966 0.0182469 0.0593490 -0.0901154 0.0836494 -0.2056448 0.6424691 -0.1960268 -0.2654933 -0.3416234 -0.0157190 -0.3768435 -0.0819521 -0.1571854 -0.1275311 -0.0669391 -0.0761276 -0.0375415 0.1139878 -0.0684908 0.1682598 -0.1269609 -0.0614171 0.1412238 -0.0935713 -0.1499319 -0.1996458 -0.0694039 -0.0555644 0.0779814 -0.1442497 -0.4563107 -0.1665571 -0.0478524 0.1240616 -0.3906625 0.0412403 -0.1051094 -0.3902247 0.1248397 0.1969917 -0.1067777 0.0835323 -0.0099692 -0.3323818 -0.2514093 -0.4065913 0.0492561 -0.1083772 -0.2139154 0.0452881 0.1809401 -0.0182149 -0.4162315 -0.2027171 0.2327986 -0.1382064 -0.4192750 -0.3098252 -0.4581904 -0.3746008 -0.1202622 -0.1483528 0.2250903 -0.2882872 -0.3133000 -0.2727317 -0.2797281 -0.0784111 0.0608679 -0.4831975 -0.2475497 -0.0639007 -0.2492991 -0.5475015 0.2180764 0.5018420 0.4443744 0.5937402 0.1226525 0.7293848 0.2388871 0.1361702 0.4387096 0.3869087 0.3065110 0.1253268 0.5193688 0.1220306 -0.1701044 -0.3303546 -0.2885942 -0.0159765 -0.0065150 0.0946417 0.0403844 -0.1016340 0.0652575 0.1644721 0.0765563 -0.5234290 -0.0870889 -0.2849349 -0.0179220 0.0610060 0.1298767 0.0353266 -0.2609656 0.1742251 0.3980795 -0.1772265 -0.4664717 -0.1717231 0.4311890 -0.0687965 -0.3088607 -0.0951980 0.0926229 -0.0175737 0.1867292
0.4603345 -0.0426141 0.7424437 0.5440130 0.7417475 0.4891302 0.1707746 0.6223174 -0.2227352 -0.0338350 0.3648429 -0.3180870 0.0000000 -0.2485786 -0.3913386 0.2856469 0.3224856 -0.4048178 0.2916825 0.5340520 -0.2541351 0.5643722 -0.0302305 -0.3892739 0.4745981 -0.0731807 0.2113740 -0.5091592 -0.0535233 -0.3269888 0.5436653 0.5515930 -0.4405510 -0.3558903 0.0721887 0.2571749 0.0724500 0.7229787 -0.0654597 -0.3291403 0.5551907 0.1566165 0.2717764 -0.3255124 -0.1822616 0.6277698 0.2557199 0.6339094 -0.3433255 0.4610437 0.1033273 0.0317719 -0.3383279 -0.1882839 0.7266490 0.7841350 0.3982369 -0.0550078 0.2800798 0.1071990 0.1084369 0.0426439 0.6982751 -0.2623229 -0.3038152 0.4601444 0.2234159 0.0802118 0.5653606 0.1966108 0.3703455 -0.1097745 0.1109860 0.2209867 0.5894491 0.1605681 0.1876116 0.4118193 0.3847794 0.3142393 0.0922849 0.5288534 0.4889623 0.6182379 0.5596975 0.2615794 0.2185232 0.7043011 0.2397261 0.5080196 0.0418713 -0.0725933 0.0017155 0.6541106 0.3817796 0.2683029 -0.2437097 -0.3403581 0.2494001 0.4906461 0.3496564 -0.1442900 0.0475908 0.6419524 -0.1282819 0.6811693 0.1093768 0.6106396 0.2391216 0.5549034 0.2791719 0.3425154 0.5457082 0.2513781 0.3685701 0.2813659 -0.0276395 0.0646626 -0.0480217 -0.0999397 0.0254739 -0.0014232 0.5783344 0.4973475 0.2455426 -0.4369910 0.2450877 0.6044775 0.0354154 0.6057626 0.4318095 0.6190667 0.2758635 0.4159619 0.1464517 0.5124412 0.6356186 0.1512052 0.2784767 -0.1284850 0.4616817 0.1713118 0.5965055 0.2330480 0.4213969 0.3135411 0.4673150 -0.0548129 0.5818401 0.5364267 0.1991321 0.4604333 0.6687861 0.6020975 0.3217763 0.2975034 0.5332508 0.5637715 0.4289165 0.1837553 0.5125945 0.5687271 0.3774840 0.5061102 0.7755922 0.5384622 0.6529705 0.5965807 0.5758446 0.4927396 0.7276013 0.4844224 0.5466048 0.2382342 0.1034239 0.1992972 0.0076520 0.1492588 -0.3874164 0.1918725 -0.1043758 0.1461383 0.3852736 0.2408891 0.3458427 -0.2314601 0.3141258 0.5420049 0.4302523 0.2845742 -0.1227330 -0.0551562 0.0169745 0.0511934 -0.2635269 -0.1742025 -0.0156356 0.0726825 0.1669743 -0.1375491 0.2466294 0.3051918 0.3160755 -0.0546106 0.3742519 0.2451887 0.2850957 -0.5080259 0.2051843 0.5018082 0.3413142 -0.5763412 0.4949040 0.3472629 0.3720476 -0.2551067 -0.2990249 -0.2467554
-0.5263555 -0.0424561 -0.3383277 -0.1817807 -0.2515724 0.2288972 -0.0085228 -0.1895311 0.9026799 0.6709885 0.3669838 0.2179451 -0.2485786 0.0000000 0.7016149 0.2399476 0.4501484 0.8071122 -0.0377428 -0.0487617 0.2425636 -0.2456763 0.3737105 0.5544831 0.1434100 0.6145435 0.6248587 0.5606188 0.4275465 0.8610157 -0.3152542 0.2499548 0.4348760 0.4542345 0.3411533 0.4051411 0.5005406 -0.1757266 0.8463876 0.5105645 -0.1368866 0.4730382 0.4810894 0.4730722 0.6563881 0.1066876 0.3807252 -0.0722910 0.4197289 -0.3198754 0.1916897 0.3857895 0.5085652 0.5952094 -0.0762144 -0.0726840 0.2958682 0.7572307 -0.1042888 0.2227782 0.5499805 0.4540793 0.1970221 0.5392936 0.2722531 0.1483986 0.4656568 0.7283719 0.0662038 0.6821391 0.2873736 0.4001939 0.7803165 -0.0137057 -0.2435705 0.5597243 0.2408486 0.4116338 0.4588593 0.5017128 0.3292602 -0.3195657 -0.1144018 -0.1648367 -0.3348803 -0.1433281 -0.2234502 -0.2590780 -0.4003611 -0.3834770 -0.3473222 0.0027516 -0.1444407 -0.2857429 -0.2810554 -0.2886596 0.2186129 0.1720288 -0.3779707 -0.2378152 -0.3820559 0.0740437 0.3155397 -0.4658185 -0.2866050 -0.5427421 -0.1679958 -0.3292925 -0.1790751 -0.4804922 -0.3873754 -0.0972537 0.1404494 -0.3883896 -0.4315354 -0.3118163 -0.4689245 -0.5263353 -0.5638584 -0.3549941 -0.4757295 -0.3682086 -0.6542005 -0.6099696 -0.3366544 0.3263890 -0.2227005 -0.5449589 0.1376621 -0.5983448 -0.4795709 -0.1529444 0.0172582 -0.3596352 0.0853541 -0.2326984 -0.2894732 -0.1007141 -0.0930175 0.0451582 -0.3215316 -0.2010115 -0.3729013 -0.2393551 -0.1134043 -0.5864163 -0.1033017 0.1561941 -0.1561082 -0.3352788 -0.1516766 -0.4137144 -0.5422985 -0.4824594 0.1779928 -0.2293763 -0.5721699 -0.1504156 -0.4125638 -0.2608660 0.1780493 -0.4370544 -0.4213659 -0.3458712 -0.2344541 -0.2686398 -0.5685861 -0.3491920 -0.4434957 -0.4119121 -0.5316863 -0.5129924 0.0853356 0.2822797 0.1466234 -0.0483105 0.1644811 0.2418704 0.2829394 0.1822610 0.3662924 0.0160557 -0.0933371 0.0384290 -0.0043155 0.1717498 -0.1236329 0.0138787 -0.0869034 0.4355097 -0.0337499 0.4511108 0.3543166 0.0898946 0.3625943 0.2977522 0.3134098 0.2182965 0.2562206 0.2739234 -0.3648406 -0.6298681 -0.8424167 -0.4741093 -0.2600468 0.3470904 0.1541731 0.3547390 -0.2293487 -0.2753173 -0.8629284 0.2592462 0.0405247 -0.0067854 0.0309671 0.2009585 0.3557221 0.4996617
-0.4675154 0.1793772 -0.3209395 -0.0281495 -0.3459850 0.3027972 0.0968919 -0.1730576 0.8492229 0.4455918 -0.1037269 0.6177013 -0.3913386 0.7016149 0.0000000 -0.2215029 -0.0660756 0.6502203 -0.0713901 0.0665467 0.6264321 -0.1370724 -0.0869220 0.5997293 -0.1251126 0.0627116 0.3295796 0.3061752 0.5536140 0.6154668 -0.3176144 -0.2504761 0.2150323 0.3917485 -0.2252643 0.3504508 -0.0746897 -0.3657668 0.4498071 0.1175821 -0.3535957 0.3617840 -0.0857576 0.1030068 0.5527427 -0.4792589 -0.3035095 -0.2831876 0.1172791 -0.4970888 -0.3799006 -0.1669593 0.2786061 0.1081069 -0.3897989 -0.5609934 -0.3313106 0.5500508 0.2241760 -0.2532411 0.6332991 -0.1336354 -0.1569990 0.6136273 0.3620451 -0.2349141 0.0469628 0.4704719 -0.2520924 0.5294252 -0.0194063 0.5665692 0.4463225 0.2995709 -0.3833780 0.4683426 0.3842445 0.0152074 0.2247703 0.2900293 0.0147410 -0.4705483 -0.2834660 -0.5354458 -0.5604276 -0.2255455 0.1898001 -0.3392426 -0.5358567 -0.3646454 -0.0463452 0.4403658 -0.0007719 -0.3658374 -0.3063397 -0.1562203 0.3782050 -0.0171751 -0.4679266 -0.0014777 -0.1812908 -0.1098976 0.0574683 -0.4748767 0.1626118 -0.6033598 -0.3816983 -0.5087684 -0.3038421 -0.6990939 -0.4498670 -0.2437603 -0.0773461 -0.4534125 -0.3817558 -0.3405465 -0.3138890 -0.3772318 -0.3532497 -0.2979747 -0.3782707 -0.1590213 -0.4501490 -0.4384670 -0.4116304 0.3491726 -0.2352804 -0.2617844 0.0874161 -0.5376552 -0.3357625 -0.3191559 0.1207878 -0.2005350 0.1361043 -0.2279459 -0.1752926 0.0848549 0.1422877 -0.1056406 -0.1315404 -0.0455785 -0.3589958 -0.3863470 -0.1612597 -0.2814549 -0.0025728 0.1327864 -0.1538466 -0.1677453 -0.0539958 -0.3434945 -0.2887683 -0.1859330 -0.0318785 -0.3513967 -0.4599236 -0.1529753 -0.3495193 -0.1769883 0.0945045 -0.1808847 -0.3837925 -0.3571557 -0.2484809 -0.3043564 -0.3603722 -0.1648969 -0.5665334 -0.3813941 -0.3653983 -0.4302638 -0.3658585 0.0929836 0.0239578 -0.0443279 0.2522148 0.2725971 0.5835982 0.1928091 0.3817797 0.1475038 0.0304040 0.1288990 0.2350786 0.4867347 0.2038580 0.0899270 0.0510526 0.2184998 -0.0737873 0.4009950 0.4485512 -0.0250413 0.2563114 0.2462773 0.1265217 0.3741528 0.0234143 0.2042027 -0.4258720 -0.2351218 -0.4378598 -0.1968761 -0.1567796 0.0130952 0.1672305 0.5646086 -0.3371805 -0.1849662 -0.6652404 0.3919219 -0.0133061 -0.1772286 0.1787682 0.4386376 0.3936171 0.5444360
-0.1889870 -0.4603647 0.0205220 0.3154221 0.0375028 0.0373864 -0.1479733 0.4378275 -0.0212751 0.2560238 0.7633037 -0.4488974 0.2856469 0.2399476 -0.2215029 0.0000000 0.6586552 -0.0655613 0.7051607 0.0269676 -0.3593677 0.1997820 0.5405261 -0.2019344 0.7443423 0.5924650 0.3287928 0.0537363 -0.2492077 0.1347172 -0.0267358 0.7343953 -0.0758285 -0.2271458 0.4315485 -0.0299532 0.4979112 0.5042707 0.4082389 0.1908606 0.2987888 0.0133518 0.6608937 0.0868277 -0.1119093 0.7346491 0.5468468 0.2194577 -0.0378520 0.3692403 0.5941169 0.4265970 -0.0786713 0.3339421 0.2687743 0.4922794 0.6052921 0.1981440 0.1257880 0.6728899 -0.0122909 0.5285208 0.4186631 -0.2134330 -0.0009517 0.4350607 0.7857967 0.2858178 0.3561360 0.2742566 0.7044122 -0.0336222 0.4935042 0.1419929 0.4459025 0.4154106 0.4283688 0.6357184 0.6605890 0.4304122 0.6128530 0.0507104 -0.0853739 0.0982680 -0.1338690 -0.2076093 -0.1803937 0.1487307 -0.1097301 -0.1119120 -0.1294207 -0.1840296 -0.0229756 0.3606910 0.2094055 -0.4268874 -0.0878126 0.1996451 -0.2153573 0.0964409 -0.2415462 0.2251790 -0.0550135 0.2951341 -0.3376870 -0.0044500 0.0454078 0.0503425 -0.0784305 -0.0895336 -0.2317440 0.1739430 0.3301434 -0.0120503 -0.0597336 0.0452061 -0.3121349 -0.2214412 -0.2826200 -0.0809661 -0.1644106 -0.3282411 -0.2272418 -0.0047660 -0.0755265 -0.1668559 -0.0511841 -0.1702646 -0.2873828 0.0018285 -0.4184947 0.2179461 0.0097017 0.1704701 0.0958109 0.0739931 0.0184808 -0.4722662 -0.2908253 -0.1102266 -0.0578702 -0.2802400 0.0421785 -0.0269831 -0.0575169 -0.2035086 -0.2053315 -0.1936670 0.1825264 -0.1109074 -0.0070312 -0.0156158 -0.2065687 -0.1695723 0.1602097 -0.0646646 0.0434147 0.2183652 -0.0433774 -0.0344979 0.2753588 -0.1240302 -0.3013405 0.0522420 0.1684796 -0.0925443 -0.3130951 -0.2253495 0.2917288 0.1568255 -0.0588910 0.2404228 0.1910431 0.2132966 -0.0204019 0.0576273 0.0051751 0.2497765 -0.4095238 -0.0032245 0.0354664 -0.2071559 0.0991838 -0.0587051 0.1690211 -0.0097765 -0.3680756 -0.0223615 0.2229912 0.3698262 0.1799738 0.1055260 0.2933720 0.0397650 0.0399719 0.0447321 0.4365312 0.2003991 0.5569588 -0.0029002 -0.0460465 -0.1396505 -0.0963110 -0.2258763 -0.3381297 0.3364724 -0.2280890 -0.2298866 -0.0921691 -0.0379230 -0.1564639 -0.3049972 0.0010920 0.0374555 -0.0730756 -0.2158796 -0.0721757 -0.0248372
0.0055542 -0.5133880 0.0771645 -0.0677690 0.1898467 0.0564740 -0.2340851 0.1329015 0.2513593 0.6206514 0.7777060 -0.4413682 0.3224856 0.4501484 -0.0660756 0.6586552 0.0000000 0.0888327 0.0805331 -0.1792485 -0.5451619 -0.0860088 0.7933428 -0.0357437 0.3093238 0.6580958 0.7043938 0.2433945 -0.2412014 0.4033992 -0.1775862 0.5731060 0.1015711 -0.1067116 0.6437710 0.0087888 0.7014499 0.2232392 0.7071556 0.5635932 0.0187768 0.0956204 0.7352990 0.3964142 0.0613833 0.6205703 0.7674038 0.0892184 0.2342274 -0.0134278 0.6025649 0.7550280 0.1278296 0.6163972 0.2753075 0.5460598 0.6708085 0.4209821 -0.2059353 0.4690188 -0.0110214 0.7567446 0.4037408 -0.1350135 -0.1496735 0.3618194 0.5920736 0.5784737 0.2997327 0.5363813 0.4075115 -0.0831998 0.6057946 -0.0137043 0.1646417 0.5690206 0.3408865 0.7154434 0.5894457 0.6082261 0.5815425 0.2690515 0.2871402 0.3077157 0.2197288 -0.0052455 -0.5243998 0.3372641 0.0255649 -0.0312445 -0.4279134 -0.4223102 -0.3943539 0.3056023 0.1102638 -0.1311710 -0.2692245 -0.0706643 0.1328213 -0.0272703 -0.0985598 -0.1014401 0.1870046 0.1594713 -0.6683579 -0.0045867 -0.0257889 0.1678134 0.0554199 0.0245105 -0.1132023 0.0505626 0.3956303 -0.3583382 -0.3262259 -0.3316732 -0.5702599 -0.3551488 -0.5004071 -0.3608737 -0.4191444 -0.5686784 -0.4133722 0.0391718 -0.1657688 -0.1258977 -0.3175140 -0.3608455 -0.0517253 -0.0921959 -0.2640602 0.1396413 -0.3442336 0.0123683 -0.0056158 0.0264272 -0.0283225 -0.1352515 -0.2450781 0.2277096 -0.3380320 -0.1476602 -0.0081435 0.0819457 0.0471482 -0.2174982 0.0247761 0.1494628 -0.1113106 -0.2971993 0.2485047 -0.0196876 -0.0270071 -0.3546992 0.0927365 0.0656711 -0.1485171 0.0707883 -0.1462763 0.0305011 0.2647988 -0.3416167 -0.0034752 0.0761287 0.0527760 0.0439472 -0.1888383 -0.3212526 0.1451631 -0.0540214 -0.2965598 -0.2001604 0.2656161 0.2890911 -0.0591782 0.0444207 0.1342910 0.4612755 -0.3246143 0.2697883 0.3640433 -0.1534697 -0.0114615 -0.1267523 -0.0205340 -0.1248514 -0.2120064 0.1873729 0.2731311 0.6882158 -0.0147996 0.5027262 0.4369695 0.1705690 0.1521922 0.2507509 0.3330568 0.2495266 0.5220785 -0.0044957 -0.0442658 -0.3876199 -0.4446203 -0.2463358 -0.2893766 0.4963288 -0.0006079 -0.2868152 -0.1509932 0.1370982 -0.4414503 -0.0123339 -0.0628363 0.2647790 0.2059391 -0.3656543 0.3130805 0.2597946
