0.0000000 0.2684170 -0.0123826 0.0723458 0.0993066 0.1540142 0.4495920 0.0090938 -0.1299104 -0.0884638 -0.0568399 0.1656309 -0.1394207 -0.2432359 0.0143136 0.0135233 -0.1684022 -0.0858230 -0.3135114 0.2536422 -0.0397593 0.0080099 -0.1095562 -0.3104135 -0.2237204 0.0654831 -0.0992239 -0.2317358 -0.2795781 -0.1366706 -0.0486002 0.1072172 -0.3227850 -0.3692153 -0.0786036 -0.3768251 0.2060407 -0.1762183 -0.1211606 -0.0141628 0.0722595 -0.0525449 -0.0583067 -0.1135144 0.0896403 -0.0721625 0.0434023 0.2372178 -0.1753072 0.1473491 0.1478318 -0.0259805 -0.2235516 -0.0057263 0.1371803 -0.0379590 0.0921616 0.0002997 0.5471651 0.0872852 0.0553005 -0.0427142 0.0338787 -0.0476001 -0.3550937 0.2960484 -0.0288415 0.2360111 -0.1562595 -0.0141077 0.0708151 -0.2606998 0.0171944 -0.3853404 -0.2875011 0.0728906 -0.0219362 -0.4244088 -0.0105072 0.3409567 -0.2410848 -0.2972868 -0.1338694 0.0308940 0.1965642 0.0116355 -0.0478703 0.0466953 -0.0215033 -0.1163335 0.4764485 0.2355503 -0.0200507 0.3561646 0.3151404 0.4497787 -0.1718691 -0.1878270 0.1960359 0.2924356 0.0136290 -0.0595587 0.1772618 0.4451047 -0.0153862 0.2533496 -0.0424861 -0.0880925 -0.3657085 0.0494199 0.0301620 -0.3107449 -0.1039909 -0.0054472 -0.1451523 -0.0972335 -0.1186986 -0.1015410 0.0025460 -0.0768961 0.1304092 -0.0019487 0.2663101 -0.2037865 0.3881035 -0.1000950 0.0474770 0.4673395 0.0285198 -0.0374420 0.3799185 0.5704483 0.1595669 -0.0316814 0.0446478 -0.0443821 0.5049968 0.4870334 0.5203142 0.0922211 0.3487127 0.0959285 0.1156051 -0.0285903 0.5160790 -0.3194142 0.5731937 0.5463696 0.4926428 0.2512557 0.0385198 0.2124391 0.4903109 0.0749313 0.4238162 -0.0164703 0.1237070 0.4246811 0.4766506 0.0088341 0.4797927 0.2911572 -0.2155635 0.1990245 0.5616476 0.0382712 0.1077230 0.4245439 0.2494099 -0.1120142 0.4708324 0.3993367 -0.1640119 -0.1814302 0.2337600 0.2613419 0.0150807 -0.2143739 0.0398675 -0.3134725 -0.4248572 -0.1247544 0.0051360 -0.1394177 0.6670455 -0.2049666 0.7075867 0.2079228 -0.1666668 -0.1830510 -0.3702711 0.0609981 -0.2250337 -0.0856062 -0.0769662 -0.1569838 -0.1415693 -0.3191436 0.1406562 -0.1323628 0.0287392 0.0175128 -0.1573991 0.3354939 0.4208784 -0.0866435 0.0510198 0.2666200 -0.1923106 -0.2527897 -0.2608411 -0.0121859 0.3675924 0.0964741 -0.5563267 0.0323017 -0.1227705 0.2311055
0.2684170 0.0000000 0.0889397 0.1973693 -0.3481969 0.0708274 0.2551424 -0.0745836 -0.0037996 0.0772087 0.3499225 0.3534371 -0.1688729 -0.0069426 0.1536479 0.1068193 -0.1607562 0.0585694 -0.0782051 -0.3537804 0.1423458 -0.3010823 0.1057238 0.0475270 0.0220888 0.2552252 -0.0789994 0.0167816 0.0781082 0.0069678 -0.2801964 0.0652216 0.0292139 0.0553498 0.2532096 0.1531386 0.3144933 0.1729960 0.0648829 0.1802659 -0.0253464 0.3026136 0.1231863 0.0849836 -0.1320410 0.3892544 0.4449366 0.4255618 0.0776492 0.2383807 0.2724180 0.2051698 0.0838573 0.3619847 -0.1880206 0.2282405 0.2648864 0.1129360 0.4378575 0.1534440 -0.0961470 0.3921691 -0.5982714 0.1766035 -0.0329250 -0.2065638 0.1614004 0.1618457 -0.5515850 0.0527911 -0.1460271 0.1321671 0.1164148 -0.2758832 -0.3649958 -0.1181706 -0.1996659 -0.2378188 -0.1315805 -0.1546501 -0.5287471 0.3991413 0.5334342 0.1349855 0.2227540 0.2123978 -0.1766101 0.4329160 0.1253540 0.2086850 0.1290329 -0.3968294 0.2101576 0.2428054 -0.2667938 -0.1259253 0.1168510 0.1989919 -0.3245720 0.3525890 0.0491873 -0.0002300 0.3850030 0.4357231 0.2230566 0.0166990 -0.0350797 0.2586354 0.0502301 -0.0543799 -0.1408110 -0.0067251 0.2295725 0.0354676 0.0710790 0.0633197 0.0634144 0.0894309 -0.0247347 0.0231613 0.0573522 0.0168278 -0.1493754 0.1108444 0.0828016 -0.2322290 0.0177572 -0.2031384 0.1892866 0.2456912 0.3757237 0.0314261 -0.2087297 0.4579629 -0.4134841 -0.3627670 0.3593450 0.3852986 0.0971903 -0.1256468 -0.2599052 0.0028031 -0.1482162 -0.1749171 0.3138425 -0.2038392 0.1371578 -0.1547247 -0.3681916 0.2127974 0.2315694 -0.1226206 0.1046165 -0.2667148 -0.4660269 -0.1229925 0.2356151 -0.0337514 0.3794179 0.2490647 -0.3652367 0.3754316 0.1201740 0.2217885 0.0103644 -0.0933991 -0.0517423 -0.0988957 0.0102072 0.3167875 -0.0670224 0.0015065 -0.0129420 0.2745149 0.2806603 0.8626684 0.7043684 0.5374202 0.3646423 0.3766865 0.2883961 0.3567775 0.1583756 0.0918720 0.0806318 -0.2250227 0.2914829 -0.5339274 0.0679354 0.3098471 -0.1773337 0.2259162 0.0248226 -0.0455209 -0.2710216 -0.0575475 -0.3127395 0.3150630 -0.2855483 -0.3107628 -0.6116125 -0.2843262 -0.3378909 -0.1515162 -0.0245889 -0.3005494 -0.4686178 -0.5350186 -0.6793330 -0.5589656 -0.2748404 0.0441169 -0.3173081 0.4121386 -0.4663401 -0.6941164 -0.4847351 -0.4041193
-0.0123826 0.0889397 0.0000000 0.5726572 0.6743113 0.4537039 0.3780927 0.4215767 0.1176477 -0.0336483 0.1908968 0.2879747 0.5506389 -0.0465532 0.3704969 0.0771481 -0.0531652 -0.0772549 0.0153962 0.4686323 0.1650356 0.5113455 0.0090583 0.0523881 0.0405082 0.1256503 -0.0260585 -0.0348123 0.1699822 -0.0966111 0.5113499 0.5484999 -0.0404463 0.0010724 -0.1965927 -0.0272260 0.2318862 0.2612780 -0.2304392 -0.0461089 0.5303139 0.3239279 -0.2007680 -0.1118274 0.4066710 0.0444722 -0.0203675 0.4580153 0.0754588 -0.1389095 -0.0237946 -0.1373884 0.2558256 0.1466841 0.3751504 0.1055229 0.2753665 0.2149507 -0.1303719 0.1736936 0.3160241 0.1345788 0.4506260 0.3154900 0.4054371 0.5778808 0.2837282 0.2622319 0.4609494 0.1100356 0.5224673 0.0916277 0.3409780 0.4589335 0.2567811 0.1962290 0.2364884 0.2167979 0.2707198 0.2403133 0.1393555 0.1647794 0.1958604 0.5180069 0.0274235 0.3456424 0.0142719 -0.2580474 0.0590518 -0.2710874 0.1773843 -0.2688481 0.0582290 0.1651663 0.1799768 -0.0210302 -0.3099078 0.0670003 -0.0206615 0.0673530 0.1427497 0.2531802 0.0789554 0.1722953 0.0217126 0.2082744 -0.0052162 -0.0738248 0.1309778 0.0726882 0.2036939 0.0973400 0.0268866 0.0450299 -0.1131678 -0.0820262 -0.0621451 -0.1727276 -0.1120383 -0.1334209 -0.1156381 -0.1381565 -0.2547587 -0.1535036 0.1194419 -0.1967103 -0.4148468 -0.2346863 -0.0618184 -0.3744958 -0.0482380 -0.1154167 -0.3222817 -0.0225334 -0.3301535 -0.3181439 0.1108228 0.0508980 0.2049784 -0.0428993 -0.1605502 0.0013775 -0.5671379 -0.1999647 0.3258798 -0.1492054 0.2844347 0.2333835 -0.1871501 0.2045007 -0.1168424 -0.1630414 0.2031889 -0.2878378 -0.2180778 -0.1076353 -0.4246105 -0.0063210 -0.5035224 -0.3373969 -0.2241473 -0.0119351 -0.2855261 -0.4969936 -0.0713354 -0.2103652 -0.0894201 -0.3594885 -0.4700487 -0.4503050 -0.2287151 -0.4445109 -0.2695127 -0.2869565 0.0500823 0.1880894 0.0376962 -0.0465301 0.1416024 -0.1752165 -0.1009410 0.0708481 0.0828224 0.0050772 -0.2079158 0.4867868 0.1322943 0.4972753 0.1859177 -0.1673709 -0.2483286 -0.1678053 -0.0305082 -0.2510775 -0.2428719 -0.4531176 -0.3337304 0.0988751 -0.1024919 -0.2974600 -0.3522490 -0.3118629 -0.0264804 -0.1313921 0.2475437 0.0087409 0.0071950 -0.3762364 -0.2079209 -0.3398321 0.0421372 0.1004580 0.2895058 -0.1573540 -0.1380477 -0.1042566 -0.1780052 -0.2858823
0.0723458 0.1973693 0.5726572 0.0000000 0.5034244 0.7347113 0.3102963 0.6853333 0.4831231 0.7083310 0.8143215 0.6380221 0.6577271 0.4857410 0.4658310 0.5652514 0.6663775 0.1758159 0.4061541 0.3248914 0.4642766 0.5149695 0.6484540 0.1350442 0.4240790 0.6192958 0.4762766 0.0588942 0.3395269 0.2407517 0.4874183 0.5444629 0.0048715 0.2371376 0.5349002 0.2850932 0.6553140 0.5029257 0.3161682 0.4128568 0.5923802 0.5127359 0.5228530 0.0792623 0.7040006 0.3637606 0.4768730 0.6829084 0.3344584 0.0189436 0.6248615 0.5627503 0.7441081 0.6070703 0.6069040 0.3477669 0.6119597 0.7886046 -0.0028692 0.7474273 0.4530337 0.7168440 0.2533131 0.8385538 0.7314011 0.4540250 0.5800240 0.8176419 0.0884748 0.7126007 0.4916988 0.5835951 0.7892970 0.4196784 0.4153528 0.6962381 0.5399530 0.4899483 0.6745926 0.4023152 0.2612352 0.0239935 -0.0126801 0.0923015 0.0596033 -0.0884208 -0.5092074 -0.2600187 -0.4953180 -0.7678071 -0.1402352 -0.5165074 -0.2479388 -0.1377097 -0.3357473 -0.4254525 -0.4361089 -0.3383807 -0.5894031 -0.2535621 -0.5107787 -0.2124029 -0.1685866 -0.0166003 -0.2449179 -0.3181718 -0.5326494 -0.4106976 -0.2325944 -0.5034862 -0.3963619 -0.3877443 -0.0319279 -0.5317759 -0.4634195 -0.4472668 -0.6197914 -0.4545099 -0.4673893 -0.4593524 -0.4329856 -0.5778093 -0.5873372 0.4145926 0.0427576 -0.2895432 -0.5627958 -0.4525915 0.0868908 -0.1010618 0.1375914 -0.4377304 -0.2306128 0.2243340 -0.6533370 -0.4110627 0.3565675 0.1889573 0.2525575 0.1861242 -0.2300725 0.1236216 -0.6375916 0.1853555 0.5996793 -0.1720877 0.2476306 0.0041888 -0.2718885 0.2987002 0.2664165 0.1074669 0.1309024 -0.3601015 -0.0362600 0.2624936 0.0351887 0.0492856 -0.1880815 0.3488677 -0.0821225 -0.0318813 -0.0376359 0.1930697 -0.1501306 -0.2311969 -0.0456870 -0.3901756 -0.6827298 -0.2865547 -0.2701963 -0.4399290 -0.0080655 -0.2875077 -0.4154893 0.2037846 0.2576245 -0.1939653 0.3918234 -0.3218660 -0.4833679 -0.0114297 0.1819467 0.0344070 -0.2241307 0.1597823 -0.0548142 -0.0298160 0.2200810 -0.0347642 -0.6054984 0.0701670 -0.0798788 -0.4691564 -0.4351715 -0.3943762 -0.2334923 0.3255245 0.1005665 -0.2334567 -0.3748585 -0.4744433 -0.5148213 -0.3598946 0.1747180 -0.0367316 -0.2502715 -0.3866948 -0.2970348 -0.5056564 -0.3410677 0.3801661 0.4101563 0.2435873 0.0290822 -0.2177430 -0.4288462 -0.3817249
0.0993066 -0.3481969 0.6743113 0.5034244 0.0000000 0.4258676 0.2624062 0.4742600 0.3159425 0.1274089 0.0940545 0.2915721 0.5733681 0.0822281 0.4437924 0.0133730 0.1648229 0.0845980 -0.0303667 0.7147766 0.2375490 0.6257379 0.0643576 0.1088971 -0.0257028 0.0942669 0.2382644 0.0135933 0.2634598 -0.0285444 0.6965144 0.4932599 -0.0262980 0.0316447 -0.0807148 -0.0900421 0.2854687 0.0526612 -0.0335979 0.1099085 0.4714656 0.1810202 0.1175402 -0.0470297 0.5378193 -0.1474960 -0.0732732 0.2445341 0.0905529 -0.4000112 0.0486670 0.1046512 0.2689561 0.1777747 0.4065653 -0.0581721 0.2691229 0.3488412 -0.3475748 0.1560934 0.1695040 0.0496036 0.7399972 0.2965321 0.2974296 0.6711673 0.0215415 0.3503741 0.4492785 0.1986072 0.3572519 0.0555181 0.2443790 0.4098676 0.2001547 0.3245701 0.4323823 0.1307769 0.2464941 0.3971473 0.1612466 -0.2272492 -0.2393436 0.2506019 -0.1498107 -0.0529426 -0.0841858 -0.2108086 -0.2650078 -0.5236303 0.0926966 -0.1597033 -0.1564450 0.0055437 0.1833297 -0.0952151 -0.4530218 -0.3041081 -0.0310481 -0.4797535 0.0105562 -0.0424947 -0.3517194 0.0688185 -0.2932847 -0.1396516 -0.4031639 -0.4038104 -0.2104673 -0.2201870 -0.1248450 -0.2557313 -0.1553352 -0.3697156 -0.4391914 -0.4857463 -0.4895121 -0.4229858 -0.4458714 -0.2928440 -0.2280851 -0.4746815 -0.1388772 -0.0810797 0.1311326 -0.1482813 -0.4750060 -0.0296641 -0.1916393 -0.4367182 -0.0132964 0.0463146 -0.1295933 -0.0171565 -0.2091533 -0.0834160 0.1869464 0.0137386 0.4895533 0.1845782 0.1912922 0.2356739 -0.5432480 0.2260030 0.3523461 0.0106653 0.4905057 0.5514095 0.1868017 0.3231650 0.0195379 0.2727457 0.4046375 -0.0488760 0.2795460 0.2060981 -0.1564805 0.3791972 -0.4217153 0.0152493 0.2858781 0.0004942 -0.1541083 -0.1550694 0.3339978 -0.0494674 0.1866733 -0.0251099 -0.1198489 -0.4695085 0.1745189 -0.0019432 -0.2128531 -0.5151880 -0.3075497 -0.3137338 -0.2428175 -0.4549601 0.0010710 -0.6079843 -0.6391627 -0.3699690 -0.2407480 -0.4038295 -0.2486536 0.2485587 0.1061138 0.6808031 0.2280017 -0.3195265 -0.3652772 -0.2608433 -0.1504493 -0.3810017 -0.2703316 -0.5563273 -0.3347022 -0.0998344 -0.0090246 -0.1516309 0.1092595 0.0709561 0.0178277 -0.0912300 0.4998146 0.1992994 0.2165392 0.0628188 0.2618728 -0.0982431 0.0844564 0.1920331 0.6470695 -0.0103768 0.1314483 0.0898315 -0.0316799 -0.0793721
0.1540142 0.0708274 0.4537039 0.7347113 0.4258676 0.0000000 0.7256139 0.7495457 0.5610003 0.6514483 0.6891827 0.5346365 0.5622501 0.2183201 0.4167804 0.6534350 0.5333820 -0.0352238 0.4611375 0.2777732 0.3414411 0.5498446 0.3881132 -0.2163356 0.4841035 0.6109460 0.2355896 -0.2793964 0.1047464 -0.0471615 0.3597164 0.3773987 -0.4223414 -0.1844069 0.3324045 -0.0657592 0.4377741 0.4504380 -0.1358670 -0.1019431 0.3140639 0.4033310 0.1671420 -0.3970782 0.7058053 0.2061214 0.2123963 0.4388021 -0.1574690 0.1381697 0.4390986 0.1891815 0.3656510 0.1566057 0.3905344 0.1369568 0.2424407 0.4273897 0.2037641 0.5423850 0.4426523 0.3495556 0.0660659 0.5414311 0.3337074 0.2408643 0.4155578 0.6190720 0.1046790 0.3517450 0.4412555 0.1233800 0.5556153 0.0874623 0.2857774 0.4372679 0.2900816 0.1753232 0.4879308 0.3839420 0.1962061 0.0653350 0.0661885 0.4002244 0.3407102 0.2416350 -0.2337049 -0.2056224 -0.0753794 -0.5444603 -0.0102737 -0.1730950 -0.2188142 0.0963288 0.0311845 0.0983204 -0.3705105 -0.3681808 -0.3505513 -0.0257183 -0.2875774 -0.0941485 -0.0206719 0.2743349 -0.4111485 0.1336599 -0.2228602 -0.2586119 -0.3690530 -0.1280605 -0.3299507 -0.3555289 -0.0619976 -0.3491378 -0.3568975 -0.3463606 -0.4040527 -0.2942392 -0.2237025 -0.2569316 -0.0586784 -0.3356867 -0.2392085 0.0218194 0.1608970 -0.2073783 -0.3026414 -0.1877883 -0.0450078 -0.1329375 0.2476468 -0.1105869 0.1070762 0.0295740 -0.1763700 -0.2154304 0.5211167 0.3714007 0.5356883 0.3307502 0.1204629 0.2622475 -0.5106562 0.0503186 0.6672084 -0.0893376 0.5557004 0.2773918 -0.0652135 0.3492749 0.3861206 0.3172638 0.3748349 -0.0704609 0.0020675 0.4024851 0.1945162 0.3636045 -0.1394838 0.1635287 0.1049838 0.1037697 0.0462753 0.2817205 0.0796149 0.1168634 0.1550714 -0.3689078 -0.4608442 -0.3610709 -0.1194833 -0.3555522 -0.5855462 -0.5544724 -0.1556978 0.2211341 0.1744244 -0.1346979 0.3568822 -0.2888984 -0.4665184 -0.1584692 0.1051454 -0.0561756 -0.0683517 0.1460843 -0.0159239 0.0280499 -0.2205003 -0.2955202 -0.5183471 -0.0223757 -0.2420196 -0.3913890 -0.3200161 -0.3892324 -0.4212620 -0.1818087 0.1928016 -0.2513880 -0.1676917 -0.0321915 -0.1753386 0.1075400 0.1357100 -0.0163383 0.1478634 -0.1185745 -0.3144619 -0.0689873 0.0100076 0.0774772 0.3142339 0.0278520 -0.2677876 -0.0764402 -0.4252808 -0.0121080
0.4495920 0.2551424 0.3780927 0.3102963 0.2624062 0.7256139 0.0000000 0.5249823 0.3675197 0.1916185 0.3276412 0.5196729 0.2114236 -0.2090071 0.3509775 0.3899012 0.0006305 -0.1515237 0.1110094 0.0565231 0.3742980 0.1843324 -0.0483154 -0.3402361 0.1012336 0.2995971 -0.2275612 -0.4231329 0.0357996 -0.2976470 -0.0404715 0.1686795 -0.5221444 -0.4059161 -0.0828963 -0.1886570 0.2400642 0.0289956 -0.4061906 -0.3678867 -0.0561465 0.3579131 -0.1891911 -0.4981687 0.5719557 -0.1465945 -0.1516105 0.1300942 -0.3626907 -0.0961563 0.0616063 -0.2098939 0.0443509 -0.2138032 -0.0291332 -0.2027763 -0.1299976 0.0668909 0.4803276 0.1299986 0.4565906 -0.0811735 -0.1460584 0.2579976 -0.0596808 -0.0007194 0.0935811 0.3201825 0.0147044 0.0818883 0.1023926 -0.1081835 0.1757717 -0.0831180 -0.1694542 0.1848351 0.2369460 -0.3155513 0.1339724 0.5446177 -0.0824155 0.2380058 0.1669805 0.4727224 0.3229205 0.3078051 0.1308410 0.0342854 0.1989947 -0.2168761 0.3266463 0.0735278 -0.0980882 0.4967454 0.3835797 0.4862200 -0.2925618 -0.3119247 0.0708805 0.3863192 -0.0715806 0.0146692 0.1676493 0.6924071 -0.1887313 0.4812168 0.0267240 -0.0697592 -0.3917979 0.2592294 -0.0920911 -0.3622020 -0.2416569 -0.0835287 -0.1898128 -0.2353126 -0.1130609 -0.1979808 -0.0695968 -0.1753769 0.1155268 -0.1150031 0.1094113 -0.3939859 0.1103334 -0.2414547 -0.2548518 0.1856376 -0.2117489 -0.3805969 0.1477991 0.3174156 -0.0319738 -0.2333095 0.0528418 -0.0859701 0.3360027 0.4548890 0.4808906 0.3789880 0.3018876 0.2298325 -0.3120013 -0.0643187 0.6525494 -0.1989205 0.7015142 0.4803912 0.0891302 0.3620947 0.3105789 0.3775809 0.4979837 0.0719360 -0.0641217 0.0991403 0.2660276 0.5126799 0.1307652 -0.0669089 0.1158400 0.3396072 -0.1434138 0.1497287 0.2746601 0.1426882 0.2076649 -0.0554261 -0.0542973 -0.0995645 0.1269103 -0.0296188 -0.7718214 -0.4452835 0.3794021 0.4457506 0.2914225 0.1354411 0.4655084 -0.0678764 -0.2458925 -0.1074108 0.0577022 -0.1468849 0.2598957 0.1167693 0.3744730 0.1782943 -0.2073438 -0.1533954 -0.5124455 0.1579406 -0.1826886 -0.2164090 -0.2925253 -0.3398513 -0.4517443 -0.3732203 0.3376041 -0.2404817 0.0655019 0.1774487 0.0530147 0.4469715 0.1814488 0.0255678 0.1145159 0.0146627 -0.3021172 0.0915514 0.1771780 0.0914749 0.1051822 0.0192551 -0.5358973 -0.0383452 -0.4136837 0.1393651
0.0090938 -0.0745836 0.4215767 0.6853333 0.4742600 0.7495457 0.5249823 0.0000000 0.3411171 0.4370784 0.6162018 0.3914417 0.8006421 -0.0187948 0.0917737 0.8188901 0.5976687 -0.3211944 0.7529525 0.3681983 0.4352473 0.7304601 0.5727185 -0.3171975 0.6397062 0.7489913 0.2047096 -0.4919143 0.0787690 -0.2681820 0.5589986 0.4543428 -0.4665666 -0.2405837 0.3955737 -0.1257410 0.5215987 0.4557543 -0.1725395 -0.0856728 0.4184315 0.2238729 0.2515497 -0.4604928 0.7601737 0.1697315 0.1071105 0.3740473 -0.1906194 -0.0924446 0.4378654 0.1714447 0.4181998 0.1098659 0.3567679 0.1546033 0.2209928 0.4704460 -0.1417018 0.5024516 0.6777316 0.4010278 0.2339064 0.6168320 0.6525610 0.3469710 0.3989915 0.6693090 0.4244085 0.4922507 0.4930705 0.2985674 0.5955870 0.4677559 0.5176569 0.6016341 0.4743979 0.3847943 0.6716299 0.6210421 0.5091324 0.2179958 -0.1332056 0.0348723 -0.0780633 -0.1640009 -0.0378019 -0.1863724 -0.2980340 -0.6888618 -0.1061632 -0.3208404 -0.4933606 0.1839705 -0.1338969 -0.1319101 -0.5931997 -0.6543570 -0.3573410 -0.2484100 -0.4579843 -0.3899136 -0.2895024 0.2438482 -0.5487396 -0.0820960 -0.3789144 -0.5758578 -0.4180995 -0.3421574 -0.5005860 -0.6099491 -0.4955673 -0.6178000 -0.5642032 -0.6092838 -0.5274963 -0.6214900 -0.5027204 -0.4237643 -0.3389341 -0.5719240 -0.3133031 -0.0751941 -0.2323721 0.0194322 -0.6804387 -0.0783364 0.0782738 -0.6044719 -0.2144455 -0.1690989 -0.2761373 -0.3281154 -0.2330597 -0.1425805 0.0808950 -0.0299960 0.1547561 0.2676783 -0.0179213 0.0210688 -0.3447936 0.0820847 0.3109757 -0.0836101 0.2255393 -0.0400578 -0.3248929 0.2846107 0.2046666 0.1087614 0.1013749 -0.1233903 -0.0224687 0.4299872 0.1303461 0.0733050 -0.1206417 0.1673457 -0.0070058 -0.0724606 -0.1400688 0.1685668 -0.1261508 -0.2512217 -0.0944373 -0.4245602 -0.6027460 -0.4330587 -0.2853655 -0.4173706 -0.4247445 -0.6754841 -0.0643686 0.0574589 0.0467820 -0.3074592 0.4292067 -0.3403348 -0.5198979 -0.3228227 -0.1561374 -0.1565597 -0.2220074 0.5656049 -0.1190214 0.1866392 -0.1388747 -0.1319831 -0.5065998 0.0955278 -0.2538269 -0.3718439 -0.1268505 -0.1064106 -0.2497015 -0.1179265 0.4855190 0.0753792 0.1573370 0.1108289 0.0022257 0.1141875 0.1419086 0.3947432 -0.0174496 0.0339727 0.0609983 0.1441465 0.2559123 0.2148817 0.4132821 0.1091598 -0.0733509 0.2373326 -0.5019492 -0.3381492
-0.1299104 -0.0037996 0.1176477 0.4831231 0.3159425 0.5610003 0.3675197 0.3411171 0.0000000 0.7571463 0.6000387 0.8239315 0.1717679 0.6498791 0.8638620 0.2257517 0.4665558 0.6664567 0.1368123 -0.0418142 0.7475106 0.0485671 0.3217168 0.5234205 0.2823207 0.2758253 0.3702136 0.3572935 0.7732680 0.4070809 0.0987349 0.2281509 0.2618169 0.5179476 0.4011691 0.4851700 0.4324900 0.1561231 0.4153673 0.3178036 0.0528653 0.5310482 0.5014137 0.2137619 0.6156713 0.1204609 0.2754996 0.0789052 0.4046525 -0.2718396 0.4213284 0.5503568 0.7035682 0.3009979 0.1221696 0.0716102 0.2967841 0.5552414 -0.0387221 0.5010696 0.0626136 0.3398374 -0.0402203 0.6295409 0.2699455 -0.0344206 0.2755818 0.4909181 -0.2015342 0.4678513 -0.0101312 0.4645120 0.3715386 0.0446136 0.0160048 0.5502941 0.5467013 0.0415911 0.2586026 0.2989128 -0.1701116 -0.1595379 -0.3079847 -0.1216699 -0.2274017 -0.2055776 -0.3858045 -0.0776492 -0.3978433 -0.4685475 -0.0620703 -0.2076598 -0.4202237 -0.2957657 0.0251352 -0.2253785 -0.3644768 -0.4123815 -0.2038852 -0.2509540 -0.4376577 -0.3996482 -0.4204583 -0.0392590 -0.3982213 -0.1807812 -0.5460248 -0.3269753 -0.4659108 -0.3198005 -0.5183439 -0.4567056 -0.1708606 -0.5233538 -0.4849769 -0.5935896 -0.6188378 -0.4514405 -0.5591738 -0.6505872 -0.5394082 -0.6756517 -0.4870127 0.3305325 -0.2997527 -0.4699470 -0.3807678 -0.5118608 -0.3442443 -0.0004649 0.0100522 -0.1727308 0.0373979 0.1215379 -0.0983429 -0.3937914 0.0963784 0.0121597 0.2829737 0.1937156 -0.0891613 0.0157491 -0.6556650 0.2063779 0.3658436 -0.3048495 0.1968526 0.1119079 0.1479442 -0.0534880 0.3105535 0.3173739 -0.0349328 -0.2987603 0.0559497 0.0639519 0.1417409 0.2287331 -0.2047080 0.3093547 0.0502753 -0.1962669 -0.0935158 0.2965031 -0.0325948 -0.0117721 0.0857143 -0.0221401 -0.1125845 -0.0816016 0.0646814 0.0759671 -0.3530696 -0.1066989 -0.4154449 0.0978613 0.3560547 0.0781431 0.2502314 -0.3729379 -0.4741411 -0.2741466 -0.0423388 -0.3207588 -0.2675759 -0.3245632 -0.1861265 -0.1149257 0.1587079 0.0423697 -0.6936579 0.2365549 -0.0516754 -0.6798940 -0.6332387 -0.5429168 -0.5054184 0.0996519 0.0150046 -0.2678190 -0.0650206 -0.0594616 -0.5427967 -0.3910774 0.1229296 -0.3586096 -0.0398649 0.0183618 0.0207994 -0.1392111 -0.2968438 0.3299341 0.0411752 0.3202594 0.3029807 -0.2010474 -0.2760217 0.0668185
-0.0884638 0.0772087 -0.0336483 0.7083310 0.1274089 0.6514483 0.1916185 0.4370784 0.7571463 0.0000000 0.8675248 0.6467385 0.2483241 0.7766752 0.5344656 0.5417366 0.8206379 0.5097008 0.3833868 -0.1210721 0.4945570 0.1167369 0.6587193 0.3187725 0.4469541 0.5362312 0.5717293 0.2730615 0.4736131 0.4574900 0.0783250 0.1457682 0.1690538 0.4333542 0.7019578 0.4448545 0.5063372 0.3291821 0.5556590 0.4617367 0.1266722 0.4582132 0.7324033 0.2041329 0.5623273 0.3154189 0.4765131 0.2583503 0.4017974 0.0113121 0.6577254 0.7319581 0.7553328 0.5329507 0.3103344 0.2136989 0.4069504 0.7285977 0.0326218 0.7134198 0.1772130 0.6211540 -0.1262409 0.7631904 0.4674370 -0.0630071 0.4321616 0.6558452 -0.2959179 0.6951575 0.0812446 0.6135056 0.5856603 0.1176207 0.2067516 0.5996923 0.4762146 0.3321451 0.4785919 0.2013078 0.0875381 -0.0388479 -0.0940196 -0.1309337 0.1162086 -0.1777888 -0.6429691 -0.0977846 -0.4788890 -0.6220297 -0.3240631 -0.3926077 -0.3228541 -0.3244295 -0.3846029 -0.4136522 -0.2597192 -0.3812114 -0.6188055 -0.2899489 -0.5910388 -0.3552107 -0.2225071 -0.1563597 -0.3834824 -0.3893694 -0.5275454 -0.2618071 -0.3855087 -0.4561139 -0.6147753 -0.3943479 0.0610374 -0.5586679 -0.3493539 -0.4258945 -0.6068529 -0.2816358 -0.4026061 -0.4101459 -0.3610349 -0.5342985 -0.5521869 0.6084133 -0.1084625 -0.4120548 -0.2751625 -0.4755802 -0.1317522 0.2350859 0.1941043 -0.4528017 0.0570931 0.3189380 -0.4065812 -0.2843773 0.3347018 0.1154620 0.1922456 0.2406687 -0.0773429 0.1604008 -0.4580216 0.3831645 0.4614734 -0.0282184 0.1263276 -0.0777535 -0.0909404 0.0657885 0.4284689 0.3446460 -0.0048250 -0.1828188 0.0089509 0.4121250 0.3163054 0.1571408 0.0135493 0.5851812 0.0002790 -0.0894091 0.2588597 0.5418543 -0.1439698 0.0885307 0.1377829 -0.2508767 -0.3634652 0.0112942 -0.1119837 -0.1567524 -0.0162629 -0.0426435 -0.5772366 0.1001105 0.3954544 0.0290110 0.2997546 -0.2574959 -0.4683429 -0.1443944 0.1266825 -0.0733138 -0.2804317 -0.3352140 -0.3266100 -0.4508734 0.1574303 0.1281461 -0.5092350 0.2543973 0.0592723 -0.4718764 -0.5425967 -0.3658434 -0.1922388 0.3279327 0.1054149 -0.2613413 -0.2004593 -0.3042251 -0.5742449 -0.3276499 -0.1490183 -0.2817992 -0.2145416 -0.1953167 -0.2113734 -0.2771053 -0.4276931 0.3528377 0.0710180 0.3527270 0.1937741 -0.2866653 -0.2685011 -0.0665018
-0.0568399 0.3499225 0.1908968 0.8143215 0.0940545 0.6891827 0.3276412 0.6162018 0.6000387 0.8675248 0.0000000 0.6954575 0.3824273 0.5788461 0.4186868 0.7362657 0.7939636 0.2643180 0.5561868 -0.1485887 0.4865084 0.1726668 0.7466438 0.1424782 0.5457671 0.6965882 0.3904513 0.0386497 0.4123155 0.2026988 0.1014021 0.2142954 0.0052936 0.2729811 0.6754447 0.3655403 0.5955945 0.4215427 0.3446038 0.3441276 0.1550469 0.5869455 0.6295754 0.0191454 0.6418638 0.3782943 0.4836188 0.4197837 0.2574211 0.0099564 0.6613125 0.6028658 0.7393401 0.5921476 0.2214410 0.2284488 0.4419313 0.7450013 0.0638690 0.7255035 0.4043974 0.7571401 -0.1875110 0.8351876 0.6527479 -0.0087421 0.5556314 0.7497298 -0.2190997 0.7358679 0.1930130 0.6602907 0.7010604 0.2304076 0.2531579 0.6083508 0.4442309 0.3996924 0.5995874 0.2330614 0.1570087 0.3092924 0.1152414 -0.0535284 0.0742170 -0.1001553 -0.4830709 0.0507109 -0.4161242 -0.6207647 -0.2575722 -0.5985374 -0.3603681 -0.0158789 -0.4314296 -0.4545623 -0.4233986 -0.4311110 -0.6993695 -0.1022924 -0.5321363 -0.3337772 -0.0334376 0.1428457 -0.3561975 -0.2455364 -0.4546205 -0.2196310 -0.3409628 -0.4192149 -0.6029635 -0.4479493 -0.0404630 -0.5366047 -0.3679935 -0.4590229 -0.5361780 -0.3728393 -0.4665535 -0.4238407 -0.3958941 -0.5440725 -0.5075613 0.4341320 -0.1787221 -0.3413676 -0.4006332 -0.3956084 0.0422312 0.0598322 0.1400282 -0.3966666 -0.1402949 0.2539352 -0.5071955 -0.3999380 0.3021642 0.0995349 0.1039277 0.0944489 -0.2237010 -0.0062276 -0.4085715 0.1661292 0.4584699 -0.1073267 0.0762209 -0.2305462 -0.3648140 0.0535631 0.2792530 0.0774469 -0.0653445 -0.2722826 -0.1937226 0.3474958 0.3039517 -0.0199523 0.0757352 0.5032438 -0.1998954 -0.0608005 0.1590013 0.4473194 -0.2913836 -0.1290111 -0.0351559 -0.4644656 -0.5682548 -0.0393459 -0.3304573 -0.3753157 -0.0660168 -0.0892687 -0.3192974 0.4007801 0.5720376 0.1655538 0.4050259 -0.0999747 -0.3083302 0.0332367 0.2139670 0.0603410 -0.3302267 -0.0520697 -0.3202475 -0.4590413 0.1484363 0.2002036 -0.5578105 0.2515056 0.0140401 -0.5055653 -0.5086248 -0.3196375 -0.2914058 0.4070906 0.1246031 -0.2838921 -0.2949088 -0.3707259 -0.5591814 -0.3089823 -0.1570457 -0.1792019 -0.4307813 -0.3580786 -0.3197697 -0.3970110 -0.3852033 0.3255493 0.0121953 0.4109578 -0.0712926 -0.3355196 -0.4585827 -0.3668245
0.1656309 0.3534371 0.2879747 0.6380221 0.2915721 0.5346365 0.5196729 0.3914417 0.8239315 0.6467385 0.6954575 0.0000000 0.2143612 0.5346966 0.8374289 0.2846836 0.4015745 0.5458826 0.0618712 -0.0733132 0.8411211 -0.0429248 0.4018937 0.4288892 0.1512113 0.3671553 0.2790531 0.2697356 0.7553608 0.3429553 0.0040807 0.3247365 0.2132436 0.4435347 0.4136027 0.5577188 0.6448252 0.1342079 0.4242494 0.4002714 0.1259275 0.7154160 0.5360615 0.2456152 0.7215220 0.1774055 0.3888725 0.3208095 0.4278443 -0.2752010 0.5127024 0.5618788 0.7565767 0.4458625 0.1605608 0.1145383 0.4496547 0.6701033 0.1848579 0.5932405 0.3131759 0.4929717 -0.0313911 0.7445175 0.4033706 0.0583347 0.4097562 0.6580396 -0.2269597 0.6290933 0.0407906 0.5949715 0.5388330 0.1113190 -0.0604914 0.6519461 0.6421944 0.0549611 0.3718433 0.4730678 -0.1843657 0.0247719 -0.1697463 -0.0743636 -0.1829652 -0.2299664 -0.3287981 -0.0433282 -0.4965789 -0.5563740 0.0443773 -0.3217402 -0.3728421 -0.0248253 -0.0299601 -0.2339355 -0.4831283 -0.4482879 -0.2583008 0.0088292 -0.5116064 -0.3742596 -0.1987260 0.2612973 -0.1937122 -0.1379175 -0.5567444 -0.2757697 -0.4835657 -0.3406684 -0.4660995 -0.5684203 -0.2104495 -0.5048530 -0.4843483 -0.5842030 -0.6094504 -0.4940238 -0.5824448 -0.6826413 -0.5668306 -0.6858152 -0.4451320 0.3016047 -0.1642620 -0.5403975 -0.5081086 -0.3844169 -0.1905091 -0.0903326 0.1411082 -0.1080164 -0.1673774 0.1696236 -0.3576945 -0.4321293 0.1685519 0.2292044 0.2746067 0.2443898 -0.1373934 0.0531486 -0.6229472 0.1916280 0.5882301 -0.4022654 0.3094665 0.1165257 0.0094436 0.1348302 0.2488085 0.2636703 0.0957170 -0.3361568 0.0256629 -0.0915245 0.2151802 0.2323365 0.0487307 0.3352262 0.0223804 0.0069303 -0.1827362 0.2654887 -0.0014547 -0.1879393 0.0165199 0.0116882 -0.2238867 0.0640103 0.0371062 0.0219973 -0.2043241 -0.0684008 -0.2405931 0.4427865 0.5826124 0.1707321 0.5107967 -0.1999439 -0.3896871 -0.0310989 0.1449627 -0.1972766 -0.1047277 -0.2408728 0.0643125 -0.1170659 0.3025841 0.1469818 -0.8465679 0.3158957 -0.0427844 -0.6127346 -0.7004453 -0.5614497 -0.4847303 0.2393102 0.0910430 -0.3495128 -0.1428193 -0.2855003 -0.6373150 -0.3478612 0.2394959 -0.3087450 -0.3755057 -0.1339019 -0.1549627 -0.3977070 -0.4518606 0.5148338 0.0731483 0.4263949 0.0378906 -0.2654397 -0.3961005 -0.1093061
-0.1394207 -0.1688729 0.5506389 0.6577271 0.5733681 0.5622501 0.2114236 0.8006421 0.1717679 0.2483241 0.3824273 0.2143612 0.0000000 0.0623721 0.0428063 0.5670941 0.5124064 -0.3253281 0.6640062 0.5495254 0.2729820 0.8663159 0.5899271 -0.1943387 0.6517957 0.6838582 0.3941060 -0.2727187 0.0090438 -0.0111622 0.8046711 0.7758563 -0.2807625 -0.1164913 0.4327542 -0.1249115 0.5676780 0.7304177 -0.0423390 0.0840948 0.7520503 0.0778119 0.2215974 -0.1984193 0.5860266 0.3936812 0.2849344 0.6271876 -0.0159932 0.0549610 0.4689940 0.2311034 0.3635865 0.2161320 0.6870234 0.4690016 0.4976091 0.4810902 -0.3620439 0.5700871 0.4801297 0.4490218 0.5243348 0.4287301 0.6832524 0.6495230 0.5909999 0.6009167 0.6473066 0.4167999 0.7799584 0.1482396 0.7297129 0.4069958 0.7783366 0.5938689 0.3110268 0.6753336 0.7638632 0.4031914 0.6370520 -0.0270297 -0.2374483 0.0133309 -0.1554144 -0.1286099 -0.0146942 -0.4122805 -0.2957308 -0.5788655 -0.2212923 -0.2328626 -0.4163214 -0.1712986 -0.0962665 -0.1993345 -0.5580192 -0.4849714 -0.2146302 -0.3604584 -0.3727274 -0.3201841 -0.3678851 -0.0434213 -0.4650852 -0.2364373 -0.3706502 -0.6003828 -0.3398047 -0.4488339 -0.3447750 -0.4536940 -0.4393816 -0.5589686 -0.6090550 -0.5103216 -0.5276327 -0.5776893 -0.4649797 -0.3664065 -0.3251588 -0.4854817 -0.3025359 0.0595855 -0.0415245 0.0994962 -0.5953408 -0.3043359 0.1623961 -0.3972088 -0.0812965 -0.2890202 -0.1185415 -0.1275697 -0.2514424 -0.2493842 0.1098602 -0.0208541 0.1520827 0.2510195 -0.3067025 0.0819626 -0.3489830 0.0920748 0.1433120 -0.1239382 0.0849968 -0.1462018 -0.4265625 0.3536651 0.1153932 -0.0381509 0.0321676 -0.3392465 0.1819361 0.2523372 -0.1169903 -0.1162658 -0.4876243 0.1013658 0.0062793 -0.2393925 -0.2240490 0.0073923 -0.1816470 -0.4771824 -0.3519018 -0.4427649 -0.6636239 -0.4913084 -0.3956425 -0.4833231 -0.1906200 -0.6648708 -0.2824433 -0.1962627 -0.2488528 -0.5197013 0.2366807 -0.2909585 -0.4019873 -0.2268720 -0.1582104 -0.0831926 -0.3186838 0.5565626 -0.2029598 0.2715525 -0.2425945 -0.4567612 -0.3665443 -0.3329334 -0.4875530 -0.2918174 -0.0474066 -0.1292480 -0.1665949 -0.1308950 0.2779271 0.0646005 0.0139201 -0.0949220 -0.0096716 -0.0714532 0.3384411 0.4744693 0.0252894 -0.0609412 0.0099779 0.0046818 0.1321252 0.2362375 0.5431487 0.0476166 0.1583475 0.3084744 -0.4713612 -0.4890847
-0.2432359 -0.0069426 -0.0465532 0.4857410 0.0822281 0.2183201 -0.2090071 -0.0187948 0.6498791 0.7766752 0.5788461 0.5346966 0.0623721 0.0000000 0.5938797 0.1422756 0.6380652 0.8038271 0.0564645 -0.2266624 0.4149006 -0.1463440 0.5661781 0.7044574 0.2220335 0.2300750 0.7221090 0.7536127 0.6655706 0.8446022 -0.0225015 0.1800884 0.6486450 0.7947932 0.5870943 0.6362398 0.3627296 0.2387722 0.8396817 0.7723060 0.1282214 0.4364120 0.7390618 0.6840053 0.3230056 0.2917441 0.4368926 0.1358826 0.7789322 -0.1568785 0.4742576 0.8036157 0.7597737 0.7043574 0.3101907 0.2472154 0.4853741 0.7502561 -0.1754423 0.6309454 -0.1076283 0.5983489 0.0187365 0.6070322 0.4220156 -0.0275641 0.4853654 0.4821750 -0.2765928 0.6769756 0.0249671 0.6414825 0.5445741 0.1173951 0.1666567 0.5411757 0.4401376 0.4680152 0.4074066 -0.0415608 0.0697222 -0.1615578 -0.1580184 -0.2955327 -0.1074088 -0.2644267 -0.7352581 -0.1970711 -0.5322103 -0.4618751 -0.4975492 -0.4222216 -0.3253770 -0.6155140 -0.3532867 -0.5752429 -0.2393025 -0.2107579 -0.4312922 -0.2370738 -0.4682596 -0.3406627 -0.2780820 -0.3985769 -0.2400267 -0.5129081 -0.4991641 -0.1148644 -0.2678212 -0.4532045 -0.4602235 -0.1503706 0.1618771 -0.3982305 -0.2373137 -0.2682938 -0.4967845 -0.1295554 -0.3022905 -0.3664942 -0.4090208 -0.4121540 -0.5481006 0.8475718 -0.1117274 -0.5261094 -0.1868633 -0.6103118 -0.2397992 0.4449937 0.1814316 -0.5723196 0.0539011 0.5293250 -0.4227026 -0.3852495 0.1857448 -0.0486405 0.0015669 0.1127965 -0.3160374 0.0527013 -0.3078099 0.4754929 0.1722545 -0.0654819 -0.1544777 -0.1667579 -0.0866520 -0.1875457 0.2229857 0.1629507 -0.2619922 -0.3861863 0.0944589 0.1749698 0.0526150 -0.1172287 -0.2132583 0.5068266 -0.1422871 -0.3614279 0.2010625 0.3179629 -0.3213529 -0.0950581 -0.0962170 -0.2349599 -0.2683471 0.1660276 -0.2176459 -0.1062630 0.3400945 0.3897447 -0.6485893 -0.0664543 0.3505546 0.1229659 0.0571513 -0.1255322 -0.2524894 -0.0036104 0.1690003 -0.0394463 -0.4340019 -0.5383315 -0.4999905 -0.4663833 0.3516475 0.1763432 -0.3230401 0.1025847 0.1805494 -0.3962112 -0.6281875 -0.4832857 -0.0160168 0.5872402 -0.0763658 -0.3465571 -0.2364660 -0.5887204 -0.6807157 -0.5434554 -0.1701173 -0.4108234 -0.2661201 -0.2949841 -0.1398249 -0.4421324 -0.6969713 0.5258529 -0.0028824 0.4567036 0.5079475 -0.3287750 -0.0230470 -0.0637231
0.0143136 0.1536479 0.3704969 0.4658310 0.4437924 0.4167804 0.3509775 0.0917737 0.8638620 0.5344656 0.4186868 0.8374289 0.0428063 0.5938797 0.0000000 -0.1229038 0.1568119 0.7666966 -0.2731617 0.0221601 0.6558206 -0.0795776 0.0797428 0.6698704 -0.0780144 0.0140160 0.2555418 0.5396057 0.8011445 0.4525315 0.0578852 0.2790147 0.4408153 0.6006257 0.1573723 0.5290716 0.4027399 0.0039263 0.4205646 0.3738580 0.1070156 0.5809868 0.3687455 0.3857301 0.4757586 0.0706188 0.2744325 0.1670693 0.5251454 -0.3046939 0.2741989 0.4511004 0.6322866 0.3462343 0.1406076 0.0480689 0.3796564 0.4621016 0.0227948 0.3715583 -0.0738331 0.2290006 0.0853421 0.5073892 0.1423306 0.1051654 0.1918136 0.3425319 -0.2193262 0.3273400 -0.0306400 0.3894507 0.2549656 0.0293598 -0.1732900 0.3764862 0.4714426 -0.0981682 0.0571124 0.1983779 -0.4018293 -0.1850373 -0.1608418 0.0985402 -0.1421296 -0.0101561 -0.3475865 -0.0692075 -0.2908911 -0.3171162 0.1274274 -0.1869663 -0.1403944 -0.1985751 0.1575771 -0.1568238 -0.2640173 -0.1209497 -0.0706002 -0.0989924 -0.1769419 -0.1204169 -0.2011410 0.0334710 -0.1063416 -0.0735266 -0.4158116 -0.0917617 -0.2746525 -0.1543624 -0.2316225 -0.2078076 0.0695910 -0.2569154 -0.2870903 -0.3913546 -0.4439141 -0.2580747 -0.4214068 -0.5124439 -0.4211859 -0.5150940 -0.4357196 0.2791823 -0.0615068 -0.6201003 -0.2802274 -0.4911741 -0.3976864 0.0768760 0.1743231 -0.0679652 -0.0157812 0.2898766 -0.2189413 -0.4212510 0.1769108 0.1373128 0.3742422 0.0994427 -0.0560228 0.0887812 -0.7563486 0.1454322 0.4777059 -0.3093887 0.3371132 0.3174329 0.2535954 0.0344041 0.1704913 0.2815869 0.1487139 -0.3012234 0.0227163 -0.1754428 -0.0344393 0.3168597 -0.2196063 0.1406122 0.0538970 -0.0346776 -0.1330090 0.0331158 0.1371957 0.0391322 0.1719616 0.1244717 0.0151565 -0.0337672 0.2222209 0.1717300 -0.2361561 0.0330528 -0.3768160 0.2284398 0.4115611 0.1875633 0.1983217 -0.3243120 -0.3583426 -0.1159698 0.0412768 -0.3188475 -0.1940723 -0.4037862 0.0602809 0.0486563 0.3700240 0.0597078 -0.6318167 0.1631766 0.0584747 -0.6080076 -0.7324257 -0.7367791 -0.5679390 0.2058951 -0.2413852 -0.4846555 -0.2697027 -0.2501684 -0.5556844 -0.4516911 0.2376388 -0.5295174 -0.1335932 -0.1337934 -0.1067966 -0.4162976 -0.4295916 0.3293439 0.0228998 0.2301328 0.1815040 -0.3715631 -0.1237430 0.0849380
0.0135233 0.1068193 0.0771481 0.5652514 0.0133730 0.6534350 0.3899012 0.8188901 0.2257517 0.5417366 0.7362657 0.2846836 0.5670941 0.1422756 -0.1229038 0.0000000 0.7440349 -0.2977815 0.8724850 0.0154430 0.2852553 0.4616954 0.7508182 -0.3790056 0.7700871 0.8678603 0.3327959 -0.4404711 -0.0173118 -0.1206949 0.2421904 0.2352861 -0.4437648 -0.2341401 0.5871039 -0.0984750 0.4250727 0.5124049 -0.0545708 0.0307089 0.2053422 0.2431337 0.3492424 -0.3959291 0.5926899 0.2916956 0.1837003 0.2916868 -0.1764156 0.0759757 0.5033237 0.2862734 0.3488061 0.2843870 0.2053446 0.1815937 0.1608934 0.5216338 0.0254355 0.5797295 0.6162626 0.5971400 -0.1152501 0.5926028 0.6107392 0.0435360 0.5405674 0.7040911 0.1436701 0.5754566 0.3740409 0.3422979 0.6649854 0.2753065 0.4597022 0.5456522 0.2981275 0.4723756 0.7263432 0.3920873 0.5587914 0.3782887 0.0512573 -0.1073330 0.0565911 -0.1785378 -0.2369326 -0.0872734 -0.2756184 -0.5989365 -0.3897825 -0.4545228 -0.5711435 0.1381437 -0.3733101 -0.2244995 -0.5269421 -0.6569314 -0.5486853 -0.0237093 -0.5281929 -0.4964348 -0.1267263 0.2603512 -0.5739500 -0.1130944 -0.2921923 -0.3898607 -0.4233724 -0.3641022 -0.6213480 -0.5377440 -0.3665039 -0.5573886 -0.4192688 -0.4277434 -0.3986725 -0.4163609 -0.2954203 -0.2631183 -0.1980709 -0.3788390 -0.2467867 0.1670789 -0.2173290 0.0384767 -0.4695021 -0.0409867 0.2076231 -0.2819801 -0.0690018 -0.3008006 -0.1697686 -0.1208662 -0.2509124 -0.1543385 0.2142863 0.0287966 0.0210687 0.2243105 -0.1142429 -0.0456439 0.0340523 0.1323803 0.2119684 -0.0218356 0.0272831 -0.2795778 -0.4943841 0.0917514 0.2715706 0.0080637 -0.1043934 -0.1412209 -0.1050587 0.5868231 0.3069160 -0.1405232 0.0993569 0.3554054 -0.1831448 -0.1549824 0.0958815 0.4219961 -0.3627534 -0.2413503 -0.2260784 -0.6368430 -0.6596622 -0.1944826 -0.5312502 -0.5422081 -0.2565075 -0.3350580 0.0429834 0.2142008 0.2588057 -0.0881643 0.4020372 -0.0477961 -0.2991783 -0.1223927 0.0249294 0.0677349 -0.2233152 0.3611525 -0.3579193 -0.2966797 -0.2487836 0.0199797 -0.3325343 0.1583489 -0.1561367 -0.2192038 -0.0876948 0.0582181 -0.0373673 0.0677408 0.5285793 0.0765539 0.0981623 -0.0331535 -0.1118361 0.1779714 -0.1536926 0.3053566 -0.0977912 -0.0876852 -0.1270259 0.1088582 0.0694237 0.2309751 0.2160894 0.3275294 -0.1481066 0.1057508 -0.5075537 -0.3203843
-0.1684022 -0.1607562 -0.0531652 0.6663775 0.1648229 0.5333820 0.0006305 0.5976687 0.4665558 0.8206379 0.7939636 0.4015745 0.5124064 0.6380652 0.1568119 0.7440349 0.0000000 0.1637967 0.6836995 0.0439431 0.3317512 0.3385642 0.8740154 0.0570446 0.6235677 0.6964264 0.6402458 0.0366040 0.2832051 0.3010813 0.2868988 0.2210249 -0.0080898 0.2271443 0.7472374 0.2666012 0.5121163 0.4516060 0.4373020 0.4034535 0.2433721 0.3399589 0.7262153 0.0521683 0.6249436 0.3437475 0.4143854 0.2845449 0.2349652 0.0041089 0.6628546 0.6592058 0.6375279 0.5561118 0.4030930 0.2610868 0.4366899 0.7668261 -0.2094013 0.7480046 0.4059839 0.7156873 0.1645424 0.6800599 0.7092520 0.1332275 0.5800493 0.7422322 0.0574842 0.7720831 0.3265486 0.5730807 0.7516362 0.2911802 0.5382990 0.7030646 0.4574297 0.6833180 0.7734122 0.2235445 0.5463645 0.0294121 -0.2302653 -0.2976624 -0.0736516 -0.3752399 -0.4567181 -0.2152060 -0.6177501 -0.7616829 -0.5388480 -0.4351503 -0.5659459 -0.2548362 -0.4681395 -0.5033177 -0.5217591 -0.6308107 -0.6317725 -0.3645938 -0.6475199 -0.5019894 -0.2896463 -0.1361065 -0.5351037 -0.4467362 -0.5300508 -0.4057261 -0.4449251 -0.5940791 -0.6735937 -0.5171704 -0.1730181 -0.6757143 -0.4761214 -0.5106988 -0.6433345 -0.4207742 -0.4655993 -0.3862381 -0.4057766 -0.5659995 -0.3732166 0.5429467 -0.1259174 -0.1118270 -0.3565300 -0.2504778 0.1229617 0.0720128 0.0865052 -0.4715667 0.0612055 0.1708135 -0.3352903 -0.1457228 0.2162441 -0.0417057 0.0580903 0.2164242 -0.1348396 0.0596637 -0.1082513 0.3952290 0.2079417 0.0686602 -0.0752044 -0.2654164 -0.2697188 0.0019191 0.1876015 0.1334893 -0.1527768 -0.1300476 0.2119559 0.5305031 0.2891067 -0.0768473 -0.0226886 0.5610230 0.0652900 -0.2941857 0.2162795 0.4940237 -0.3022287 -0.1667053 -0.1099047 -0.4349629 -0.5898718 -0.1205725 -0.3653371 -0.3791192 0.1464706 -0.1985253 -0.5575489 -0.1169619 0.1553385 -0.2375104 0.1992108 -0.2304666 -0.4648503 -0.1266305 0.1130582 0.0349543 -0.4032465 0.0005863 -0.5786615 -0.3301525 0.0221362 -0.0295657 -0.3779603 0.0136636 -0.0976262 -0.3701206 -0.2694970 -0.1653515 0.0162513 0.2728908 0.2863868 -0.0329167 0.0927752 -0.2354873 -0.3939595 -0.2183610 -0.0960598 0.0962225 -0.2214706 -0.0270529 0.0746866 -0.0928046 -0.3122417 0.3578898 0.2729862 0.3331517 0.2320273 0.0883384 -0.2030063 -0.2113716
