0.0000000 0.4131291 0.3561920 0.2512454 0.2150642 0.3688362 0.4267439 0.2247109 0.3778983 0.3486154 0.3930198 0.3091066 0.2283351 0.3647620 0.3429739 0.6604006 0.5210353 0.4639238 0.3427395 0.2358133 0.2221229 0.3341733 0.4021601 0.1787601 0.3293414 0.2236612 0.6549269 0.2371237 0.2467568 0.4485089 0.3371723 0.3585520 -0.0576485 0.1897270 0.2220216 0.4572536 0.2726278 0.3670805 0.5649863 0.4027066 0.3772311 0.3163772 0.3864865 0.1916872 0.1533457 0.3602406 0.3220609 0.3631383 0.2003316 0.2951969 0.3310243 0.5011533 0.2016161 0.3878976 0.4149301 0.4200866 0.4230750 0.3284191 0.3682591 0.4780935 0.2911052 0.3881506 0.3079168 0.1342753 0.0695756 0.4945291 0.4059678 0.3362563 0.5336812 0.1942486 0.4532482 0.1217259 0.3380050 0.1959307 0.4247105 0.3046884 0.2012734 0.3684554 0.3625638 0.2647473 0.2197312 -0.2217864 0.1368557 0.3079088 0.2577591 0.3267678 0.2312105 0.1705627 0.3542769 0.3487948 0.6108033 0.6272742 0.2969426 0.0544717 0.4582637 0.4152112 0.4945350 0.2621546 0.3242555 0.0973444 0.0901321 0.2218232 0.2157202 0.1932150 0.4514721 0.3168760 0.1813373 0.1483796 0.4757104 0.0383190 0.2563773 0.1812286 0.0484706 -0.0195708 -0.1174154 0.0238311 -0.0279083 -0.1985917 -0.0778080 -0.1676672 0.1851398 0.1479265 0.2213453 0.1459505 0.0965522 -0.0306710 0.3547293 0.2909282 0.1741558 0.4813108 0.3914297 0.4154689 0.2023325 0.5515775 0.3971473 0.2213579 0.2812343 0.2452480 0.4130802 0.0472177 0.3319789 0.1400675 0.6084027 0.2647076 0.2782400 0.2119461 0.3710429 0.3314714 0.6020783 0.1468214 0.0351515 -0.1563749 0.2502684 0.4620804 0.4172937 -0.0413240 0.5637243 0.2734505 0.6409625 0.0920662 0.3580487 0.2099514 0.4524326 0.3937045 0.4034561 0.2342918 0.5029455 0.7102892 0.5237097 0.3795589 0.5745555 0.6606926 0.4355293 0.1450892 0.4866248 0.3441134 0.1328130 0.1909238 0.6419563 0.5006090 0.4128476 0.5128137 0.4405415 0.5197797 0.3675568 0.2144703 0.4289124 0.2664263 0.3949882 0.2787401 -0.2764822 0.2754706 0.4079518 -0.0925215 -0.0891350 -0.0586457 -0.0477700 0.3934585 0.1457252 0.0128380 0.3919863 -0.0434614 -0.1272619 -0.2091500 0.1665165 -0.1953896 0.0537577 0.1915693 0.3894474 -0.0091266 -0.0987795 0.1708856 -0.0781917 -0.0647188 -0.1655223 0.1867300 -0.1626079 -0.2086741
0.4131291 0.0000000 0.5069291 0.7310981 0.5201954 0.8134236 0.5500944 0.6982156 0.7386679 0.6147723 0.7109643 0.6433421 0.5609090 0.5438819 0.7397352 0.7019548 0.6157743 0.3744161 0.6660889 0.0864969 0.5052231 0.5582810 0.2106841 0.4394975 0.5776518 0.1786307 0.4373791 0.0817570 0.7880401 0.2415610 0.2549136 0.4513469 0.1105249 0.7452222 0.2916075 0.7255977 0.3217321 0.5430769 0.5062622 0.4092157 0.3212080 0.7452939 0.5874907 0.4276218 0.8137022 0.6971083 0.6195653 0.2981933 0.5583171 0.6188137 0.5973406 0.7703732 0.7422368 0.5516119 0.5903779 0.6951528 0.6171012 0.5877653 0.6174908 0.7153909 0.7285407 0.7672443 0.6262676 0.3667948 0.5262371 0.5516033 0.7000275 0.7015065 0.6941561 0.5706214 0.6521693 0.3712300 0.7416298 0.0743749 0.6860474 0.7130799 0.3735038 0.6606681 0.4978346 0.0540439 0.2119399 -0.1507732 0.1262956 0.1792462 0.2982076 0.1011288 -0.2641203 0.0256246 0.2465043 0.2987123 0.3173173 0.3069941 0.1375283 0.1033761 0.2258672 -0.1086150 0.3205502 0.1301326 -0.0059699 0.0198545 0.0505975 0.1061153 0.0337178 0.0662116 0.2001284 -0.0411536 0.1542507 0.1306985 0.3747846 -0.0565884 -0.0086806 0.2448484 -0.0547519 -0.1123317 -0.1216272 -0.1086523 -0.1998913 -0.1029354 -0.1982446 0.0438900 0.0677764 -0.1177951 0.1897846 -0.0129605 0.2304637 0.1244029 0.0766355 0.2656588 0.3933100 0.2768590 0.3535214 0.3141950 -0.0311957 0.0471269 0.1687701 0.3022985 0.3607977 0.5046077 0.5596612 0.1924165 0.2969804 0.2986220 0.5761496 0.4856515 0.4053683 0.0713997 0.5981320 0.5195709 0.4025292 0.2786123 0.2012671 -0.0068679 0.4767478 0.3783492 0.4891263 0.2655996 0.5057312 0.3295574 0.5969410 0.2970936 0.3708345 0.3183158 0.4313645 0.3428563 0.4241141 0.4055183 0.2811682 0.4595246 0.6025268 0.4481263 0.4282003 0.5955091 0.1617080 -0.3431997 0.8114390 0.5665838 -0.1322118 0.0794507 0.6258162 0.5517921 0.3525365 0.5294503 0.6006433 0.4686795 0.4441321 0.2182557 0.2267315 -0.0783629 0.2381624 0.3520762 -0.0326022 0.1864232 0.1579779 -0.1817563 -0.0379188 -0.2285132 -0.0887063 0.1605711 -0.2453377 0.1274854 -0.0825314 -0.5450705 -0.0342220 -0.2970878 -0.0888659 0.0195617 0.2373897 -0.3161345 -0.1125749 -0.6792464 0.0398242 -0.0480219 -0.1326360 0.3772119 0.0862481 -0.2438663 -0.1710217 -0.0203486
0.3561920 0.5069291 0.0000000 0.5599232 0.8403569 0.2468795 -0.0199947 0.8307043 0.0604751 0.1740440 0.4329552 0.2141212 0.8515727 -0.0102269 -0.0266972 0.6773106 0.2120391 -0.0889064 0.4724508 0.5325591 0.3877361 0.6902220 0.5398694 -0.0786165 0.5473364 0.4253196 0.5073704 -0.1570507 0.2226531 -0.0120101 0.5813164 0.5666911 -0.1605495 0.1231763 0.4165225 0.5580540 0.3657163 0.5146060 0.2963516 0.3395413 0.6804389 0.4986893 0.3885097 0.1038324 0.4837388 0.3500796 0.3553673 0.5834240 0.2317487 0.3822688 0.3549075 0.4611916 0.4482370 0.4439646 0.4933785 0.3665001 0.3640618 0.4236428 0.5478810 0.4850370 0.6937374 0.5982316 0.6640523 0.3766661 0.2942224 0.4804696 0.5497860 0.7066948 0.4405094 0.4303173 0.5458448 0.4354047 0.7062319 0.6866659 0.2344923 0.6693130 0.6363074 0.6325968 0.7683282 0.6716412 0.6914820 0.1624462 -0.1126477 -0.1872100 -0.0740743 -0.2482000 0.0159422 0.0831077 -0.1430762 -0.0586685 0.1523212 0.0323706 -0.0026517 0.1665571 -0.1880133 -0.2887798 0.0580992 -0.0462627 -0.1591198 0.1876044 -0.1492266 -0.1210862 -0.3825584 0.1695737 0.1265281 -0.2116211 -0.1718408 -0.2863596 0.0322232 -0.1056083 -0.0277108 -0.0985865 -0.2401940 -0.2055302 -0.0591532 -0.2993152 -0.2299469 -0.3506517 -0.2686921 -0.3938869 -0.3327631 -0.3946298 0.2765990 -0.3317931 -0.3359235 -0.0117025 -0.3282223 0.1791778 -0.0793432 -0.0497809 -0.0872934 0.0892967 -0.2884142 0.1572019 0.0664956 0.1278410 -0.0603229 -0.0683705 0.0981928 -0.0987661 -0.0183662 -0.1288936 0.2550853 0.4038852 -0.0787659 0.1234325 0.0673210 -0.0129211 -0.0258008 -0.1506799 -0.1273237 0.0404344 -0.0957223 0.0754760 0.0150774 -0.0019338 0.1934800 0.0001903 0.2574212 -0.0937353 -0.1886442 -0.1980530 0.1013651 0.1718172 -0.1135001 -0.0317711 0.1202639 0.0151224 0.0626433 -0.1149865 -0.1287406 0.1213371 -0.1561654 -0.2728502 0.1550325 0.0946355 -0.0083101 0.1667833 0.2716265 0.3208286 0.2675657 0.3109564 0.4505657 0.3799133 0.5019243 0.5792946 0.4741227 0.4606350 0.5285497 0.1971258 -0.5205307 0.1906158 0.2576125 -0.3792604 -0.2641108 -0.0070082 -0.0325233 0.1442333 0.3552483 0.0412060 -0.0837013 -0.4316326 -0.3359425 -0.3433205 0.1643086 0.2777088 -0.1343552 -0.0449677 -0.2432588 -0.5907223 -0.1487086 -0.1005617 0.3513928 0.3559711 -0.2949105 -0.1378268 -0.2422451 -0.1510213
0.2512454 0.7310981 0.5599232 0.0000000 0.5488858 0.7980122 0.5059172 0.6323932 0.4878862 0.7180817 0.9218707 0.6271206 0.3821567 0.4464420 0.2945902 0.6689134 0.6120070 0.0183642 0.2326911 -0.1980161 0.7039511 0.2975547 0.0316229 0.0808719 0.1722926 0.0207506 0.3817947 0.0003272 0.5844303 0.3541881 0.0934002 0.1324621 0.0183431 0.5986481 0.1062410 0.6093765 -0.0121858 0.1676514 0.4258744 0.5229287 0.1870294 0.4337284 0.2084688 0.5390905 0.7456293 0.2974588 0.2100966 0.1098008 0.7069512 0.2264978 0.1854856 0.6036094 0.8447695 0.7233970 0.2135665 0.3049099 0.1835003 0.7957159 0.1671714 0.2929202 0.4243205 0.4813234 0.3382670 0.7362378 0.3184810 0.1054631 0.2751411 0.6943803 0.3146035 0.8515858 0.2316543 0.6256455 0.4538897 0.1719292 0.2742057 0.7420440 0.5512239 0.3607370 0.3697078 0.1895424 0.2611640 0.0327244 0.2758695 -0.0026052 0.0943416 0.2032362 0.1670109 -0.2465073 0.3166405 0.3105616 0.3353778 0.3262742 0.3987625 -0.0963771 0.2362087 0.0958340 0.4305703 0.4771206 0.1592800 -0.2752072 0.1796608 0.4225241 -0.0473861 -0.1086717 0.4149228 0.1635150 0.3388343 0.2081610 0.3914262 0.3374712 0.2372589 0.3881025 0.3792147 0.2837494 0.2912009 0.2267235 0.1961781 0.2850434 0.2568680 0.2722613 0.3196215 0.1194574 0.3699658 0.2729788 0.3345822 0.4845744 0.1987553 0.4571331 0.4734120 0.2629176 0.3612281 0.4685241 -0.0907613 -0.2117471 0.3640687 0.4717323 0.3478023 0.4640884 0.3982701 0.5001682 0.4379063 0.5182389 0.4675692 0.7247318 0.3640857 0.3196699 0.3299240 0.2758886 0.3940018 0.5074046 0.4954762 0.3670358 0.3931535 0.5367752 0.2672179 0.4854487 0.2881421 0.4083646 0.3968357 0.5226348 0.2622425 0.4910752 0.3478745 0.1691773 0.3533319 0.4742651 0.3591047 0.3775818 0.4946608 0.4898108 0.3190659 0.4399937 -0.1050637 -0.4717177 0.3827428 0.3571018 -0.0104607 -0.0707700 0.3266440 0.0924241 -0.1044376 0.0095815 0.0756214 -0.0544446 -0.0333319 0.0035381 -0.1010998 -0.2302025 -0.0178026 0.2744914 0.1616779 0.3240465 0.1175549 0.1367145 0.2385306 0.2313590 0.2748434 0.1687149 0.0594304 0.4732494 -0.2172356 -0.5007679 -0.2342266 -0.3283342 -0.0160631 0.2336563 0.5028976 -0.4436757 -0.3080401 -0.5496264 0.1855192 0.1022388 -0.1810011 0.2760678 0.2867995 -0.5922487 -0.3864864 -0.1983128
0.2150642 0.5201954 0.8403569 0.5488858 0.0000000 0.3621913 -0.0921523 0.7668513 0.1215139 0.2423558 0.4286343 0.1267993 0.7998102 0.1202697 0.0117470 0.5897738 0.3575350 -0.1459413 0.3753988 0.4692213 0.4145490 0.5860927 0.4344307 -0.1226133 0.4890609 0.3500371 0.2594447 -0.0709764 0.2916642 -0.0879694 0.4568719 0.5332599 -0.1457585 0.0295755 0.3710279 0.5010759 0.3511487 0.4380148 0.2121719 0.1308331 0.5245898 0.4557670 0.4012401 0.0830898 0.4085963 0.3757970 0.3751946 0.4174914 0.1026578 0.4217932 0.4002461 0.3366321 0.2919671 0.2188286 0.4591377 0.3911492 0.3610266 0.2198643 0.5164049 0.3786272 0.6057685 0.4204243 0.6801501 0.2001465 0.2592993 0.4264927 0.3931728 0.4777516 0.4308627 0.2339335 0.4447788 0.3594637 0.5384317 0.5486165 0.2370823 0.4221036 0.5346876 0.5677543 0.6136135 0.5901288 0.5726010 0.1333178 -0.3013109 -0.3517832 -0.1009549 -0.3691455 -0.0099908 0.1169149 -0.2882226 -0.2117809 -0.0469302 -0.1904951 -0.0571687 0.2563287 -0.2803638 -0.3790477 -0.1315788 -0.1147034 -0.2563354 0.1261419 -0.2346526 -0.1900593 -0.4879187 0.1414676 -0.1350485 -0.3750853 -0.2609037 -0.3982862 -0.1606727 -0.1040260 -0.2169066 -0.2377998 -0.3671096 -0.3605879 -0.2153981 -0.4695240 -0.3953633 -0.3317493 -0.3844927 -0.3468783 -0.3847914 -0.5110182 0.0493835 -0.2723635 -0.3156992 0.0426741 -0.3736749 0.0788168 -0.0535233 -0.2048267 -0.1731233 -0.0852396 -0.4520422 0.1025751 -0.0946686 -0.0444865 -0.1804813 -0.0631579 -0.0316691 -0.0523548 -0.1719032 -0.1435236 0.0784174 0.3353601 -0.1508131 -0.0639836 -0.0880102 -0.1809625 -0.1461358 -0.2484337 -0.1640849 -0.1366709 -0.2501500 -0.0490889 -0.2187609 -0.0545784 -0.0196698 -0.1931905 0.0457163 -0.0599328 -0.3664875 -0.2809715 -0.1400234 0.0905861 -0.3264827 -0.1432418 -0.0073949 -0.0765049 -0.1539821 -0.2040366 -0.2980340 -0.0671226 -0.0860263 -0.2429563 0.2884716 0.3262896 0.0230338 0.2517831 0.2920053 0.2399379 0.2632951 0.3104025 0.4441780 0.3678609 0.4583693 0.5971500 0.4750922 0.5313223 0.5276487 0.1661135 -0.3641344 -0.0496921 -0.0239254 -0.3443160 -0.2526836 -0.1060317 -0.0843732 -0.0309215 0.1474989 0.0592331 -0.3212176 -0.1363142 -0.0710953 -0.1374777 0.1744103 0.0724968 -0.0600430 -0.1644607 -0.4146258 -0.4206973 0.1072849 0.1532854 0.2094175 0.3063464 -0.2793928 -0.2593161 0.1247050 0.0544483
0.3688362 0.8134236 0.2468795 0.7980122 0.3621913 0.0000000 0.7249783 0.3886496 0.8836241 0.9190215 0.8285105 0.8186825 0.2050561 0.7254930 0.5964284 0.6565832 0.7879105 0.3865471 0.3536587 -0.2043566 0.6522904 0.1963435 -0.0631718 0.3969128 0.2423808 0.0170944 0.2697591 0.2397377 0.6853701 0.3659711 -0.0616647 0.1500546 0.1818059 0.6760741 0.1101171 0.6092861 0.0918207 0.2063724 0.5727067 0.4171890 0.0231519 0.4264431 0.3801271 0.6254497 0.6054752 0.4984452 0.4017138 -0.0325284 0.6386577 0.4070000 0.3837088 0.6933879 0.7355646 0.5940710 0.2697259 0.5067642 0.3747773 0.6525704 0.1963327 0.4003401 0.3173559 0.4636813 0.3006961 0.4523261 0.2174611 0.1999917 0.2927442 0.4651880 0.5023821 0.6071648 0.2702756 0.4850137 0.3847652 -0.1649817 0.6115115 0.5764363 0.2800075 0.3908372 0.2786276 -0.0367608 0.0610666 -0.1880125 0.1657007 0.1354775 0.2929528 0.2920466 0.0894983 -0.0671747 0.3697567 0.3486920 0.4303735 0.4766126 0.4363553 0.0113829 0.4185878 0.2817652 0.4860446 0.4042220 0.2288450 -0.2208277 0.1718231 0.3902264 0.1028625 -0.0961769 0.3925206 0.2455626 0.3065210 0.1772511 0.4261088 0.2340556 0.2360826 0.3136098 0.2390688 0.0723037 -0.0123280 0.0791380 -0.0401672 0.2004003 0.0675544 0.2697947 0.3623409 0.1532173 0.1752967 0.3831391 0.4219160 0.4327062 0.3695883 0.4469135 0.5958919 0.4020698 0.4643218 0.4817969 -0.0407742 0.0230161 0.2953389 0.3926789 0.3964957 0.6266148 0.4779502 0.5207540 0.4623453 0.5785476 0.5209110 0.5699779 0.4504308 0.2382220 0.4204021 0.3496946 0.5507864 0.5283868 0.4555558 0.1030966 0.4235772 0.6133423 0.2646182 0.3994423 0.3503152 0.3655778 0.3899398 0.5374009 0.3097824 0.5041308 0.2737195 0.2272271 0.3729568 0.4517794 0.4132694 0.5877794 0.5566368 0.5600277 0.4914888 0.5920441 0.0402783 -0.3846351 0.7075580 0.5890681 -0.0782395 -0.0800504 0.4464741 0.1872735 -0.0006460 0.1842234 0.1977022 0.1324574 0.0160064 -0.1294470 -0.1172444 -0.2732932 -0.0988582 0.1818558 0.1894219 0.1322443 0.0223595 0.1696586 0.2256013 -0.0490234 0.0702365 0.0946977 -0.2211159 0.3763042 -0.2059101 -0.2292870 -0.0386697 -0.3310719 -0.1087550 0.0070782 0.5360274 -0.4324286 -0.1912293 -0.3731013 0.2397221 0.3050485 -0.4608616 0.1385691 0.2608507 -0.5761954 -0.2020753 -0.2426527
0.4267439 0.5500944 -0.0199947 0.5059172 -0.0921523 0.7249783 0.0000000 0.1525810 0.7572344 0.6668732 0.6621169 0.7294849 -0.0826172 0.4456250 0.6852148 0.5023837 0.5274034 0.4687467 0.2636389 -0.3131825 0.3647664 0.1872997 -0.1257674 0.4177680 0.1578658 -0.0552633 0.2871920 0.0499410 0.5787000 0.3962793 0.0381992 0.0412620 0.1042533 0.6752818 -0.0403307 0.3893461 -0.0525116 0.1353011 0.4072257 0.2812815 0.0656824 0.3187025 0.1311857 0.3584391 0.4577976 0.2723272 0.1786143 0.0372379 0.4819844 0.1833284 0.1677013 0.4596684 0.4761532 0.4696365 0.1543939 0.2944569 0.2015761 0.4582555 0.0644274 0.3136370 0.1142757 0.4217909 0.1538917 0.2834926 -0.0047873 0.1436394 0.2972284 0.3305313 0.3549313 0.4542711 0.1719110 0.2322037 0.2241463 -0.4161360 0.3640313 0.3706215 -0.1139340 0.1352205 0.0031263 -0.3007168 -0.2711305 -0.1678859 0.4842994 0.4232337 0.4261562 0.5043987 0.0893266 0.0121133 0.4964647 0.5080415 0.4520218 0.6498038 0.4909552 -0.0745181 0.4677953 0.4459626 0.6014180 0.5156431 0.3153176 -0.1927017 0.1996643 0.4547516 0.4746424 -0.1325346 0.4667715 0.4397884 0.4667955 0.5200269 0.5467875 0.3036723 0.3457133 0.4592002 0.4212382 0.3174883 0.1703416 0.3198487 0.2063718 0.2239932 0.2641901 0.2624640 0.4453981 0.2934185 0.1461888 0.3550330 0.4486112 0.1719206 0.3680513 0.3647832 0.4428906 0.4202641 0.4536971 0.4936709 -0.0096866 0.1483857 0.3221345 0.4801127 0.4516054 0.4886819 0.4343606 0.3048669 0.6244728 0.4721506 0.5684705 0.4214960 0.4588785 0.3099242 0.5220481 0.5228474 0.7162992 0.5537523 0.4047101 0.1814429 0.6367292 0.7479615 0.5423292 0.3674859 0.4879724 0.5045087 0.5324087 0.4570575 0.6063881 0.6397362 0.5183349 0.2481496 0.6239387 0.5838063 0.5857148 0.7397470 0.7220789 0.6982030 0.7473730 0.7130323 0.0551095 -0.2278005 0.6540763 0.5400960 0.0369505 0.0028635 0.3275316 0.2462025 0.0720736 0.1916875 0.1122479 0.1148076 -0.1027450 -0.3746748 -0.2648537 -0.4619148 -0.2191358 0.1865926 0.1330113 0.1605471 0.1939605 0.1345063 0.1377092 0.0213683 0.0454063 0.4345159 -0.2153486 0.1900251 0.2011109 -0.2762600 -0.2089568 -0.3895872 -0.0139596 -0.2154136 0.4298268 -0.1333508 0.2366514 -0.1451769 -0.0346917 -0.0730976 -0.5566950 -0.0605767 0.4123629 -0.2263739 -0.1650418 -0.1929677
0.2247109 0.6982156 0.8307043 0.6323932 0.7668513 0.3886496 0.1525810 0.0000000 0.2447039 0.2253568 0.5639391 0.2387778 0.8921322 0.1357818 0.3287701 0.7160814 0.3285608 -0.0178597 0.6884425 0.4086419 0.2774128 0.8063049 0.4747154 0.0388415 0.6941571 0.4223133 0.4836347 -0.2437204 0.5061471 0.0118747 0.6046521 0.6378315 -0.2538907 0.3619424 0.4596261 0.5595507 0.4031714 0.6826068 0.2639901 0.2862261 0.7092810 0.7295447 0.4751450 0.0358680 0.7667630 0.5447601 0.5359111 0.6706931 0.2538704 0.5616244 0.5222175 0.5156772 0.5080249 0.4014856 0.6499095 0.5509029 0.5317807 0.3898609 0.6424946 0.6726664 0.8354039 0.7634304 0.7820776 0.3272938 0.5050586 0.5995030 0.7581515 0.8039769 0.5809447 0.4933008 0.6880436 0.4220259 0.8440277 0.4133452 0.3899263 0.7266626 0.4551620 0.7267451 0.6945229 0.3900042 0.5068779 0.1122200 -0.1002277 -0.1777067 -0.0445768 -0.1409186 -0.1098765 0.0052639 -0.0646778 0.0346857 0.1152096 0.0514569 -0.1190054 0.0121082 -0.1579830 -0.4279598 0.0249126 -0.0882878 -0.2236423 0.1102348 -0.1483419 -0.0642781 -0.1646828 0.0672467 0.0225904 -0.3240727 -0.0403102 -0.0529940 0.1057560 -0.1094183 -0.1440641 0.0263854 -0.1595746 -0.1164892 -0.0462614 -0.2183297 -0.2248887 -0.3100342 -0.2689322 -0.3019923 -0.2662891 -0.3775161 0.1677963 -0.3293306 -0.1660331 -0.1121312 -0.3008098 0.1373799 0.0255439 -0.0114600 0.0230868 0.0316536 -0.2569747 -0.0064322 -0.0392441 0.1698946 0.1146754 0.0752813 0.2444870 -0.1589281 0.0585123 -0.1431767 0.2912171 0.4636142 0.0947272 0.1003277 0.2948893 0.2126965 0.0292808 -0.0777577 -0.0329529 0.0472919 0.1493239 0.1313315 0.2416123 0.0857470 0.3521550 0.1387299 0.3871553 0.0860516 0.0148295 -0.0403900 0.2238378 0.3217073 0.0819527 0.1776979 0.1816691 0.0700912 0.2123339 0.0758889 0.0146174 0.2412055 -0.0366098 -0.3747034 0.3573392 0.1942370 -0.2064787 0.0303828 0.2244168 0.4613149 0.3394679 0.3629219 0.5609671 0.3791696 0.5418160 0.5580168 0.3163300 0.1920212 0.4590273 0.2401644 -0.4608721 0.0684838 0.1326465 -0.5048035 -0.3104113 -0.2395497 -0.2455021 0.1570969 0.1067970 -0.1051467 -0.2165203 -0.5492315 -0.3427455 -0.4517809 0.1300124 0.1247427 -0.1175663 -0.0581933 -0.3263202 -0.7204412 -0.1994707 -0.3507562 0.1805423 0.3959152 0.0009417 -0.0406418 -0.0804134 0.0589778
0.3778983 0.7386679 0.0604751 0.4878862 0.1215139 0.8836241 0.7572344 0.2447039 0.0000000 0.8406067 0.6035411 0.8248850 0.1186546 0.7254188 0.7644260 0.5690404 0.6999927 0.6252070 0.4651605 -0.0887310 0.4588311 0.1750270 -0.1108235 0.6070182 0.3128253 0.0076995 0.2001038 0.2498884 0.6689673 0.2825057 -0.0848307 0.1545921 0.2374058 0.7057020 0.0806703 0.5372479 0.1445003 0.2627230 0.5530808 0.3090446 0.0000415 0.4493276 0.4154024 0.5432255 0.4989516 0.5390260 0.4659607 -0.0166994 0.5414427 0.4433700 0.4440850 0.6838794 0.6089183 0.4813910 0.2827492 0.5406542 0.4506097 0.5016669 0.2542269 0.4958078 0.2773735 0.5244715 0.2317136 0.2321651 0.1125008 0.2813137 0.3983026 0.3720894 0.5256416 0.3951359 0.3387258 0.2892002 0.4036095 -0.3486360 0.7375828 0.4725513 0.0090037 0.3824413 0.2387271 -0.1731570 -0.0526448 -0.3101037 0.0755875 0.2728470 0.3574269 0.2621323 -0.0659938 0.0813359 0.2996662 0.2810363 0.4093744 0.5078324 0.2763849 0.0431988 0.4028284 0.2520961 0.3997669 0.1959779 0.1550592 -0.1097763 0.0494350 0.2348655 0.1786024 -0.1044314 0.3051394 0.1923354 0.1818295 0.0909505 0.3696148 0.0426763 0.1321587 0.1688111 0.0781568 -0.0732803 -0.1782690 -0.0234660 -0.1861426 0.0354332 -0.0923673 0.1073395 0.2348745 0.1220341 -0.0159448 0.2584658 0.2974722 0.2148651 0.3333404 0.2815040 0.4682379 0.3918767 0.3673107 0.3329753 -0.0548612 0.2198416 0.0928769 0.2171640 0.3087337 0.5409233 0.4176540 0.3175268 0.3386749 0.3991952 0.4463845 0.3148538 0.3552538 0.1315215 0.4152898 0.3614092 0.5186529 0.3823343 0.2900641 -0.0492538 0.3629768 0.5305269 0.3028865 0.2238385 0.3768942 0.2771720 0.3462062 0.4039291 0.3338419 0.3554813 0.1973360 0.2366590 0.3416572 0.3304987 0.3656792 0.5949973 0.5375334 0.4565757 0.5340856 0.6509610 0.0672935 -0.3473858 0.7539329 0.5111095 -0.1648924 -0.1226802 0.3916348 0.2835944 0.0980258 0.2991813 0.3028704 0.2803252 0.1040814 -0.2206640 -0.1155016 -0.3049483 -0.1474592 0.0786518 0.0136721 0.0201689 0.0469121 0.0335953 0.0759294 -0.2819127 -0.1050154 0.0778229 -0.2863992 0.1690621 -0.1400042 -0.1842529 -0.1103067 -0.4096947 -0.1572611 -0.1024088 0.3525096 -0.3269425 -0.0608405 -0.3009521 -0.0400081 0.1607294 -0.4624337 0.1359436 0.1231176 -0.3931503 -0.1379329 -0.3067676
0.3486154 0.6147723 0.1740440 0.7180817 0.2423558 0.9190215 0.6668732 0.2253568 0.8406067 0.0000000 0.8208095 0.8236732 0.0299590 0.8083362 0.4415972 0.6166995 0.8038917 0.4311009 0.1964794 -0.2431861 0.6579709 -0.0221796 -0.2064671 0.3912869 0.0463003 -0.1160752 0.2645974 0.3380473 0.5406703 0.4680720 -0.2299398 -0.0547906 0.2416493 0.6059359 -0.0280076 0.4994529 -0.0654946 0.0213530 0.6177351 0.4970110 -0.0990987 0.2461193 0.2198569 0.7448812 0.4562443 0.2864982 0.2058582 -0.1506557 0.7211964 0.2101532 0.1935341 0.6819797 0.7244094 0.6767091 0.0497463 0.3137164 0.1869610 0.7244630 -0.0156228 0.2569206 0.0849663 0.3347311 0.0549021 0.5339445 0.0169314 0.0106700 0.1236165 0.3815985 0.3064998 0.6287385 0.1167395 0.4898958 0.2227660 -0.2323118 0.5410734 0.5274729 0.2045779 0.2415263 0.1967332 0.0449944 0.0622371 -0.2697048 0.0825868 0.1372775 0.2089624 0.3548442 0.2441279 -0.1261000 0.3753231 0.3098564 0.4716034 0.5313582 0.4935738 -0.1127888 0.4806808 0.4441119 0.5065946 0.4473552 0.3386763 -0.3594727 0.1785192 0.4816720 0.0882370 -0.2018089 0.4881575 0.3681211 0.3313427 0.1214329 0.4166645 0.4040192 0.3481260 0.3029140 0.4136947 0.2177143 0.1343625 0.2442112 0.1061434 0.3617779 0.2561131 0.3142406 0.4832473 0.3663227 0.1718539 0.5620994 0.4057088 0.5408390 0.5114762 0.4821196 0.5798704 0.4845003 0.4204534 0.5253308 -0.0327734 0.1247657 0.3169836 0.3455600 0.3215097 0.5730874 0.3528111 0.6214703 0.4574924 0.6285508 0.4161228 0.5462449 0.3678107 0.3356422 0.2426401 0.2066745 0.5806799 0.5863118 0.5554016 0.2436974 0.3092208 0.6857350 0.1475214 0.3604500 0.2010257 0.3736978 0.1962830 0.6087117 0.2782078 0.5008699 0.1070140 0.0988584 0.3138324 0.3518689 0.4325774 0.6094957 0.4812827 0.5155510 0.4947728 0.6081841 -0.1427417 -0.4676791 0.4787879 0.3534155 -0.1065081 -0.3083673 0.2764697 -0.0251747 -0.2248798 -0.0427908 -0.0313929 -0.0481431 -0.1805401 -0.3314188 -0.2268375 -0.3452724 -0.2974325 0.0799100 0.1803710 0.2163693 0.0807576 0.3395579 0.3474381 0.0934488 0.1954242 0.1117088 -0.0108695 0.4798068 -0.2889747 -0.0991469 -0.1901937 -0.3742380 -0.0486953 0.1022766 0.5911807 -0.4511648 -0.2553083 -0.2226856 0.1407077 0.3703430 -0.4557796 0.1281963 0.2055820 -0.6735124 -0.2944012 -0.4119253
0.3930198 0.7109643 0.4329552 0.9218707 0.4286343 0.8285105 0.6621169 0.5639391 0.6035411 0.8208095 0.0000000 0.6688162 0.2455881 0.6260791 0.4441716 0.7466086 0.7602404 0.2053555 0.2623225 -0.2256049 0.6608416 0.2512707 -0.0522975 0.1475194 0.1696966 -0.0682351 0.4550460 0.0519204 0.6562837 0.5042448 0.0552124 0.0869434 -0.0421093 0.6418247 0.0253271 0.5860183 -0.0774270 0.1676787 0.5084004 0.5490453 0.1767295 0.4660677 0.1779002 0.5392018 0.7365044 0.2668542 0.1764100 0.1341447 0.7230926 0.2068607 0.1709358 0.6772208 0.7890017 0.7664040 0.1914858 0.2991584 0.1836753 0.7914646 0.1367407 0.3672599 0.3347729 0.5320729 0.2638244 0.6733945 0.1927606 0.1368316 0.3372516 0.6630236 0.3221429 0.8189816 0.2849864 0.5393221 0.4123097 -0.0226511 0.3445068 0.6905428 0.3376049 0.3255990 0.2903551 0.1639506 0.1603785 -0.1561206 0.2221394 0.0924179 0.1072510 0.3444194 0.2114288 -0.2651738 0.3717881 0.3522224 0.4101881 0.4680755 0.4135919 -0.2618531 0.3608293 0.2621089 0.4838952 0.4965921 0.2353635 -0.3948151 0.1402048 0.4940743 0.1312428 -0.2225603 0.4431419 0.2349866 0.4049279 0.3379278 0.4530190 0.4425731 0.2590437 0.4207401 0.5180542 0.3927602 0.3352603 0.3562317 0.2637879 0.3530005 0.3481786 0.2948531 0.4462169 0.2990618 0.2729600 0.3991953 0.3922153 0.4394937 0.3698192 0.4541890 0.4919155 0.3819171 0.3922721 0.5082613 -0.0789559 -0.0594420 0.3634745 0.4422471 0.3670967 0.4793872 0.3912621 0.4852538 0.5046664 0.5211855 0.5050982 0.6950630 0.3972636 0.3772325 0.3585316 0.3459066 0.5529264 0.5571956 0.5491140 0.4024218 0.4687697 0.6894980 0.3781055 0.4297345 0.3372321 0.5106694 0.4208539 0.6015394 0.4412209 0.5723328 0.3331529 0.1899401 0.4786094 0.5104089 0.5019758 0.5604082 0.5783821 0.5932428 0.5153667 0.6165007 -0.0424831 -0.4627168 0.4476870 0.3622031 -0.0436910 -0.2195849 0.3198147 0.1445015 -0.0926662 0.0104195 0.0645625 -0.0494734 -0.0781316 -0.1399280 -0.1138508 -0.3063068 -0.0856862 0.3289162 0.1250708 0.3861809 0.2452804 0.1861226 0.2619359 0.2149561 0.2341788 0.3420741 0.1410201 0.4320830 -0.1985097 -0.3681015 -0.3243817 -0.3947323 0.0810887 0.1271005 0.5393409 -0.3546026 -0.2447825 -0.3725195 0.0648116 0.0356379 -0.3010332 0.2001159 0.3242237 -0.5049472 -0.2790361 -0.1950855
0.3091066 0.6433421 0.2141212 0.6271206 0.1267993 0.8186825 0.7294849 0.2387778 0.8248850 0.8236732 0.6688162 0.0000000 0.0850908 0.5089907 0.4662214 0.5257636 0.6807272 0.2383472 0.2169077 -0.2738851 0.7263476 0.0505498 -0.2082746 0.2874621 0.1136967 -0.0823173 0.3423185 -0.0341343 0.5657319 0.2584396 -0.2730419 -0.0508434 0.1173402 0.5932655 -0.1621624 0.5505822 -0.0905975 -0.0056605 0.4292579 0.3982305 -0.1532519 0.3788604 0.0589704 0.5552026 0.4706775 0.2203332 0.1213813 -0.1937329 0.6503307 0.1467936 0.0689080 0.5799635 0.7276692 0.6690444 -0.0138086 0.2208748 0.1344048 0.6637980 0.2026354 0.2420600 0.2836317 0.4954162 0.1115945 0.4531561 0.0693853 0.0787442 0.3016822 0.4389594 0.3341798 0.5964269 0.1768395 0.5115662 0.3763057 -0.1689258 0.4499761 0.6115662 0.1292110 0.2641358 0.3471251 0.0219884 0.0591519 -0.1911459 0.3136381 0.4055789 0.4425801 0.2150165 -0.0353695 0.0774895 0.2599303 0.2638693 0.3261153 0.3882470 0.2360381 0.0945921 0.2619207 0.2887894 0.4591501 0.1881853 0.1419001 0.0072503 0.2279261 0.1698553 0.0761995 -0.0094625 0.3476569 0.2439636 0.1231455 0.2009655 0.2482993 0.2188329 0.2288601 0.1488794 0.2601820 0.1051133 0.0300344 0.1182282 -0.0177809 0.1059247 0.1104174 0.1222470 0.2680392 0.2527416 0.1377256 0.2717255 0.1799087 0.3102479 0.3323622 0.3533349 0.3299530 0.3286702 0.2369670 0.4155666 -0.0422262 0.0862850 0.1943600 0.3569965 0.2383526 0.3920921 0.3428914 0.4082312 0.4065491 0.4534359 0.4217740 0.4358454 0.2807710 0.3825665 0.3572191 0.3928555 0.4856385 0.4427342 0.3216565 0.2807994 0.3460260 0.6143309 0.3489219 0.6038705 0.4211567 0.3815578 0.3659091 0.3556123 0.3679268 0.3762730 0.2216058 0.3215737 0.3596485 0.4796756 0.4878822 0.5017245 0.5188889 0.4148553 0.5177608 0.5865431 -0.0456938 -0.2311349 0.5498474 0.4587121 0.1831934 -0.0072569 0.2780978 0.1484168 0.0188451 0.0643903 0.1249998 0.0709488 0.0208742 -0.2085828 -0.0500046 -0.2433981 -0.1374984 0.1530338 0.0893819 0.1861027 0.0878685 0.1912699 0.1429166 0.0288113 0.2488038 -0.0136964 -0.0390888 0.3066080 -0.1707043 -0.2394358 -0.2924114 -0.5448796 -0.4097939 0.1346798 0.4052944 -0.5383487 -0.1975439 -0.3132172 -0.0926125 0.0810293 -0.4747463 0.0854245 0.0909109 -0.5715433 -0.3041592 -0.3911410
0.2283351 0.5609090 0.8515727 0.3821567 0.7998102 0.2050561 -0.0826172 0.8921322 0.1186546 0.0299590 0.2455881 0.0850908 0.0000000 -0.0161344 0.1687100 0.6238027 0.1564655 -0.0173235 0.7403917 0.5965128 0.0915852 0.8549291 0.7179649 0.0888858 0.7880950 0.6632035 0.4713129 -0.1105133 0.2472330 -0.1525723 0.6743336 0.7846289 -0.1033244 0.1301521 0.6426795 0.4394909 0.6430790 0.7680238 0.2599270 0.1614929 0.7662278 0.5897350 0.5895999 -0.0337330 0.4749349 0.6117953 0.6453726 0.7108859 0.0154547 0.6347280 0.6248557 0.3655779 0.2654100 0.1563153 0.7331620 0.6188494 0.6438449 0.1464065 0.7169232 0.6466276 0.8237047 0.6037225 0.8591564 0.0878718 0.5075364 0.7011636 0.7003389 0.5995869 0.6694453 0.2012556 0.6985148 0.2953496 0.8208468 0.5372513 0.4476547 0.5517376 0.4853841 0.8086633 0.7705129 0.4351974 0.6280554 0.1579733 -0.2476934 -0.2388781 0.0012648 -0.2859254 -0.1651638 0.2120519 -0.1633398 -0.0450622 0.0785847 -0.0620291 -0.1853670 0.2804543 -0.2464406 -0.5402627 -0.1019081 -0.2522969 -0.2503337 0.3646838 -0.1478981 -0.2571180 -0.3007734 0.2780432 -0.0480889 -0.3621213 -0.2016442 -0.3062416 -0.0065852 -0.2828189 -0.1480933 -0.1293787 -0.4449436 -0.3616917 -0.2490350 -0.4446215 -0.4011558 -0.5115223 -0.4720000 -0.4753783 -0.4446892 -0.5324834 0.1740400 -0.4343745 -0.3324425 -0.2465421 -0.4363899 0.1192234 -0.0878678 -0.0578395 -0.0343473 -0.0384886 -0.2042370 0.1602431 -0.0524614 0.0946326 0.0436652 0.0019435 0.2261022 -0.2910251 -0.0637430 -0.2856022 0.2472485 0.3228283 0.0188618 -0.0118576 0.2327452 0.1079773 -0.0610635 -0.2813650 -0.2565697 -0.1839286 -0.0536880 -0.0538515 0.0621575 -0.0805100 0.3107950 -0.0523652 0.3121471 -0.1351289 -0.2313029 -0.2858752 0.1388530 0.3485681 -0.1342175 -0.0171687 0.0323778 -0.0147994 0.0375434 -0.1312399 -0.1500930 0.1004517 -0.0909359 -0.2201455 0.3235867 0.1623484 -0.1670440 0.2034728 0.2480630 0.4417659 0.4233685 0.4848268 0.6778144 0.5655660 0.7222151 0.7813368 0.4974452 0.4728420 0.6136164 0.0362030 -0.5949623 -0.1304329 -0.0328953 -0.6202251 -0.4477186 -0.4062921 -0.3898766 -0.0620810 -0.0031682 -0.2567757 -0.1441317 -0.4004736 -0.1446907 -0.3409329 0.0889328 0.1018740 -0.3275416 -0.0028485 -0.2404180 -0.7044625 -0.1340095 -0.1970849 0.3054167 0.3763154 -0.2057874 0.0695480 -0.0001768 0.1115535
0.3647620 0.5438819 -0.0102269 0.4464420 0.1202697 0.7254930 0.4456250 0.1357818 0.7254188 0.8083362 0.6260791 0.5089907 -0.0161344 0.0000000 0.5426261 0.5022369 0.7910245 0.6033643 0.3491567 -0.1164100 0.3802752 -0.0198669 -0.1125280 0.5330503 0.1839430 -0.0942290 0.3396701 0.5981574 0.5758245 0.6619897 -0.1943824 0.0522451 0.2967075 0.5653272 0.0985126 0.4161171 0.0811062 0.2109038 0.7744924 0.5922910 -0.0648514 0.3408893 0.4106869 0.7111397 0.4116443 0.4158846 0.3659408 0.0289504 0.5969244 0.3454966 0.3726302 0.7461994 0.5074942 0.5417565 0.2227613 0.4410824 0.3532530 0.5528315 0.1129990 0.4526408 0.1289294 0.2907597 0.0025960 0.3346928 0.2028574 0.1475615 0.2151823 0.2961066 0.3079648 0.4057096 0.2914153 0.1521523 0.2479955 -0.2052148 0.6884524 0.3790764 0.1745253 0.2838945 0.0963630 -0.0091015 0.0964015 -0.4751472 -0.1708779 0.0565820 0.0003808 0.3369616 0.0375511 -0.2625670 0.3263296 0.2524674 0.3933904 0.4534639 0.3856871 -0.2917096 0.5208838 0.3509933 0.2698525 0.3305112 0.2802238 -0.4032910 0.0955262 0.3934150 0.1732953 -0.2141360 0.3183040 0.1988510 0.2861650 0.1296981 0.3986543 0.2938208 0.1818061 0.3141511 0.3754934 0.2578242 0.1532329 0.3053294 0.1846706 0.4328758 0.2700631 0.4018603 0.5175919 0.4791028 -0.0545243 0.5385543 0.5159651 0.4320369 0.5570196 0.2741442 0.6001838 0.5247166 0.4765435 0.4180343 0.1909374 0.1081365 0.2712331 0.1090670 0.4298702 0.6245021 0.4231752 0.5062487 0.2995158 0.5248238 0.4032159 0.4543825 0.4891138 0.0145083 0.3367578 0.2856241 0.5901449 0.5038415 0.5352131 0.1828809 0.3796759 0.4401673 0.2834688 0.0746468 0.1998070 0.4045851 0.2156117 0.5573958 0.3910533 0.4598574 0.0841756 0.0564704 0.4051238 0.2281110 0.1543478 0.6070946 0.5063148 0.5152114 0.5088003 0.6468758 0.0621454 -0.3127253 0.5119028 0.3129715 -0.2313101 -0.4703904 0.3908326 0.1492708 -0.1131713 0.1188072 0.1243822 0.0881025 -0.0034629 -0.2140844 -0.1018597 -0.2381435 -0.1319140 0.2252279 0.2333274 0.2598941 0.1548207 0.3056215 0.3601309 -0.0403453 0.0490761 0.1724250 -0.0027425 0.3367395 -0.3245181 0.0462311 0.0658291 -0.0568784 -0.0183918 0.1490780 0.5398292 -0.3202875 -0.2310925 -0.0705802 0.1571467 0.3196394 -0.1817729 0.2559625 0.2027439 -0.3086069 -0.0549682 -0.0688860
0.3429739 0.7397352 -0.0266972 0.2945902 0.0117470 0.5964284 0.6852148 0.3287701 0.7644260 0.4415972 0.4441716 0.4662214 0.1687100 0.5426261 0.0000000 0.4407887 0.4778894 0.6592954 0.6150839 -0.0447335 0.1520535 0.3752178 0.0194591 0.6548482 0.4776708 0.0223584 0.2324642 0.1039554 0.7807546 0.2753745 0.1313246 0.3022358 0.1508526 0.7766090 0.1414836 0.5104792 0.2596949 0.4893145 0.3813186 0.1955626 0.1645177 0.6605073 0.4900804 0.2611884 0.6353487 0.6184299 0.5520589 0.2370616 0.3962787 0.5269191 0.5391267 0.5975357 0.4279607 0.3260521 0.5003420 0.6132211 0.5751688 0.3068945 0.4586933 0.6863834 0.4404265 0.6527129 0.3441808 0.0816514 0.3224041 0.5141586 0.6495734 0.4419374 0.5361820 0.2801728 0.5732520 0.0073433 0.5209291 -0.3306954 0.6408615 0.3667483 -0.0933634 0.3973422 0.1007631 -0.3185214 -0.1949328 -0.3056628 0.1642470 0.4120992 0.3762608 0.2857556 -0.3618447 0.0996622 0.3231239 0.3612478 0.2878262 0.3873185 0.0604335 -0.0168189 0.3377993 -0.0251337 0.2307478 0.0801107 0.0434506 -0.0327581 -0.0189108 0.1266379 0.4035212 -0.0647567 0.1132937 0.0013462 0.2471427 0.2910866 0.3971312 -0.0834415 -0.0783100 0.2811212 0.0039221 0.0034321 -0.0637483 0.0595931 -0.0694572 -0.0008084 -0.1065307 0.1446043 0.1607312 0.0443685 -0.1185716 0.0320107 0.3566684 -0.0264408 0.1687585 0.0426186 0.3689399 0.2945352 0.3473256 0.1542374 0.0282159 0.1401530 -0.0062310 0.1217020 0.3885295 0.4970146 0.5086242 0.0645056 0.2530001 0.2113152 0.4462212 0.1988114 0.4262951 -0.1143484 0.6243667 0.5969475 0.4695584 0.2710991 0.2019263 -0.0490325 0.5760508 0.3267178 0.6153203 0.0394936 0.4929287 0.3719524 0.5443895 0.3403605 0.5797924 0.3720817 0.4475621 0.3023841 0.5485611 0.3932273 0.2177519 0.5563149 0.6591945 0.5216496 0.6038164 0.6961212 0.2550650 -0.2821224 0.8308200 0.5166574 -0.2133425 -0.0246764 0.5425161 0.5975968 0.3738420 0.5842742 0.5528909 0.4903650 0.3004052 -0.1263722 0.0119358 -0.3248927 0.0165756 0.3025755 0.0447353 0.1168161 0.1867040 -0.1409175 -0.0091686 -0.3348511 -0.1994355 0.3106252 -0.3773513 -0.0035310 0.0430739 -0.4032346 -0.0158798 -0.2271796 -0.0511309 -0.2500268 0.2289962 -0.1466079 0.1481977 -0.3396827 -0.2038077 -0.2884094 -0.2414782 0.3106754 0.2313093 0.0658975 0.0623707 0.1070507
0.6604006 0.7019548 0.6773106 0.6689134 0.5897738 0.6565832 0.5023837 0.7160814 0.5690404 0.6166995 0.7466086 0.5257636 0.6238027 0.5022369 0.4407887 0.0000000 0.6483937 0.4169745 0.6520599 0.1722758 0.3560941 0.6530040 0.5151913 0.2345815 0.6318576 0.4802376 0.6460540 0.1079363 0.4266344 0.2761589 0.4389941 0.5897554 -0.1090363 0.4157477 0.4991240 0.5693834 0.4498677 0.5982499 0.6127225 0.3936751 0.6151460 0.5323577 0.5239574 0.2958114 0.5560371 0.5772721 0.5620360 0.5536570 0.3803398 0.5161578 0.5601038 0.7005749 0.5578097 0.5665298 0.5810830 0.6183046 0.6015284 0.5333308 0.4021717 0.6947290 0.5400460 0.6829978 0.5957665 0.3120707 0.1453599 0.5953364 0.6329543 0.6684928 0.6924284 0.5161969 0.6562177 0.3582077 0.6949161 0.1709665 0.6251315 0.6663349 0.3581506 0.7451737 0.6656106 0.3570264 0.5526999 -0.3290840 -0.1445572 -0.0588964 0.0624902 0.1609704 0.1099606 -0.0946947 0.2219225 0.2315698 0.5115795 0.5128501 0.2181626 -0.1445699 0.2761128 0.0697435 0.3131384 0.1803924 0.1002226 -0.1485086 -0.0962707 0.1889662 0.0402523 -0.1486764 0.3960320 0.0839664 0.1341407 0.0136344 0.3558822 0.0389392 0.1724685 0.1508138 0.0983082 0.0050506 -0.0363034 0.0115295 -0.0710607 -0.0682050 -0.0337805 -0.1131853 0.1528987 0.0683161 0.2733060 0.1139210 0.0939199 0.0857266 0.2304148 0.5030689 0.3589613 0.3580270 0.3300177 0.4651240 -0.0790013 0.2062315 0.3453404 0.3807748 0.2702454 0.3977022 0.4648933 0.1067397 0.4074015 0.1849698 0.6564905 0.4932650 0.3249201 0.3086489 0.4179957 0.3535390 0.5265725 0.2114698 0.1383131 0.0365466 0.2627735 0.5857873 0.2924603 0.0602963 0.5070372 0.3753990 0.5387880 0.2588670 0.2715844 0.1921679 0.2875927 0.3650789 0.3121246 0.2939270 0.4676899 0.5615039 0.4472964 0.3419415 0.4555505 0.6389435 0.0089614 -0.2850682 0.5254976 0.3013733 -0.1145261 -0.1009604 0.3615019 0.3181366 0.1110161 0.2919462 0.3977750 0.3200629 0.3036448 0.2758376 0.2439940 0.1395718 0.2853131 0.0997101 -0.3810677 0.2259798 0.2742107 -0.2023568 -0.0815151 -0.2070648 -0.2147196 0.2157893 0.1657973 0.0559278 0.0264178 -0.2675080 -0.2503665 -0.4958661 0.1468013 0.1241305 0.1362090 -0.1366957 -0.0253008 -0.4543278 -0.0865257 -0.0127827 -0.1559080 0.1020122 0.0058144 -0.2480371 -0.1509275 -0.1667514
0.5210353 0.6157743 0.2120391 0.6120070 0.3575350 0.7879105 0.5274034 0.3285608 0.6999927 0.8038917 0.7602404 0.6807272 0.1564655 0.7910245 0.4778894 0.6483937 0.0000000 0.2390276 0.2581177 -0.1709283 0.6574131 0.0998791 -0.0541956 0.1422027 0.2061692 -0.0461293 0.5190824 0.1609611 0.6554556 0.5223469 -0.1824491 0.0972430 -0.0565930 0.4146959 -0.0644633 0.5816455 0.0230520 0.1510643 0.5853821 0.4918450 -0.0318063 0.5192941 0.1878226 0.5006645 0.4748619 0.3025795 0.2146030 0.0202983 0.5173688 0.2512582 0.1951801 0.6211041 0.5096733 0.5922454 0.1584172 0.3379752 0.2688007 0.5466127 0.3412687 0.3695427 0.3497904 0.4251917 0.1844452 0.3628136 0.1776338 0.2493995 0.3332935 0.4123960 0.3996762 0.4717010 0.3356935 0.3850124 0.3703893 -0.0480235 0.5052346 0.4849795 0.1996452 0.3363131 0.3488193 0.2219127 0.1969563 -0.3330533 0.0218549 0.2267912 0.2373198 0.2387469 0.0669949 -0.0261940 0.2093666 0.1914145 0.3032461 0.3027501 0.1665483 -0.0756730 0.3143778 0.2609863 0.2659931 0.1702725 0.1569879 -0.0969488 0.1500635 0.2049782 0.0950317 -0.0066042 0.1839849 0.0782531 0.1278738 0.2199489 0.2081803 0.3240254 0.0686321 0.1272070 0.3138287 0.1807057 0.0694225 0.1666332 0.0540652 0.1794762 0.1568718 0.1445741 0.3362691 0.3460423 -0.0730564 0.3957952 0.2568859 0.3037670 0.4396425 0.2531506 0.3427553 0.3708587 0.2874469 0.3240020 0.0295779 0.1575695 0.1873998 0.1449686 0.2841588 0.3967414 0.3384251 0.3871459 0.2773882 0.3568508 0.4050969 0.5254616 0.3572416 0.2023707 0.3096312 0.3297863 0.5345920 0.3443265 0.3569535 0.2279573 0.2867566 0.5122842 0.3573028 0.4164799 0.4302535 0.3910059 0.3988329 0.4558949 0.3825052 0.3471878 0.1443789 0.4205782 0.3500068 0.4329150 0.4374654 0.5970238 0.4618214 0.4447506 0.5108130 0.6174261 0.2571896 -0.0906404 0.6078837 0.5583250 0.1880231 -0.0648272 0.4688495 0.3012092 0.1595823 0.2035356 0.2838935 0.1978451 0.1820335 0.0330757 0.2006755 0.0248496 0.1648169 0.3726384 0.1043953 0.1942261 0.0838451 0.1667188 0.1428667 -0.0281389 0.1779096 0.0458211 0.1048859 0.2667785 -0.3698953 0.0812075 -0.1346140 -0.3313380 -0.1995533 0.0355947 0.4384850 -0.4425663 -0.3368600 -0.0358914 0.0152887 0.2158689 -0.3119937 0.1577379 0.1027927 -0.3392798 0.1032871 -0.0144529
