0.0000000 0.3964821 -0.0269915 -0.2953746 0.0836994 0.0188716 0.2445678 0.1810655 -0.1264119 0.3089860 0.0916177 -0.1663497 -0.0422967 -0.3156351 -0.3728211 0.2910648 0.6676877 -0.0126921 0.3553942 -0.4619512 -0.5018623 0.5689488 0.3704093 -0.2351243 0.1621553 0.3266003 0.4057514 -0.3512062 -0.5208649 -0.1467468 -0.1853511 -0.1696836 -0.4544927 -0.3623896 0.2891061 -0.3638617 0.1798801 0.2192097 0.0388531 -0.2893072 0.1115282 0.0992425 0.2315999 -0.3871529 0.0227074 0.3521815 0.2742603 -0.0827037 -0.6083235 0.4559380 0.2726411 -0.0308379 -0.5576164 -0.1657182 0.5267111 0.4918489 0.0685861 -0.5053326 0.2868069 0.2248707 0.0649518 0.3746737 0.4633128 -0.6866996 -0.6411629 0.0595279 0.3043166 -0.0059343 0.3728436 -0.2012873 0.0133796 -0.5837293 0.1011209 -0.4991721 0.2507224 -0.0387449 -0.6578828 0.0158722 -0.3140542 -0.3257543 -0.3318676 0.1704221 0.2289455 0.1441091 0.1281080 0.1030669 0.4570916 -0.0843989 0.3589775 0.3880616 0.3339309 0.0647322 0.2038411 0.0885456 0.3216301 0.4802949 0.3843389 -0.0762465 0.1066612 0.2408595 0.4650019 0.2945827 -0.0184214 0.1791777 0.3292677 0.4983763 -0.2686626 -0.0760622 0.4588230 -0.5387770 0.2670429 -0.0151629 -0.0966038 -0.5198397 -0.6099436 -0.3921986 -0.6505905 -0.8039547 -0.7351429 -0.5625768 -0.5789742 -0.5191362 0.3298853 -0.6288215 -0.6205663 0.2407679 -0.0512064 0.3116053 -0.0488427 0.2180326 -0.2282488 0.2917987 0.3847113 0.5292681 0.4091279 0.2848881 0.2877932 -0.0464539 0.2046210 0.5384775 0.4028869 0.1367811 0.2935057 0.3502431 -0.1189627 0.1979653 0.1028046 0.0538740 -0.0937928 0.6584749 0.8208169 0.1514684 0.1646822 0.1890136 -0.1121524 0.2828615 0.3549563 0.1897710 0.1522964 0.7175543 0.2656675 0.6195795 0.4936006 0.5287118 0.2874649 0.0761742 -0.3670060 -0.2598428 0.2424984 0.6491816 0.1195531 0.0996410 0.3599888 -0.4221235 0.2176660 -0.2584474 -0.1887653 0.0724429 -0.2435128 -0.0309030 -0.0241985 -0.2821570 0.2764467 0.3267773 0.3366865 0.2014716 -0.0154705 -0.0831280 -0.2331790 0.1857029 -0.1103080 -0.1842261 0.0122918 0.3210062 0.0105595 0.2262670 0.1471045 -0.3040744 -0.6111615 0.2890685 -0.0197324 -0.0149731 -0.0319129 -0.1938031 0.0596105 0.1613850 0.1636198 0.4174429 0.2568279 0.1157603 0.2493110 0.0658520 -0.0432411 0.0831355 -0.1162599 0.3164618 0.3766846 0.1823863
0.3964821 0.0000000 -0.3522650 0.6316342 -0.3247510 0.6358428 0.6274000 0.3246456 0.0340496 0.5457748 0.6812649 0.5329230 -0.1173700 -0.1205633 -0.1636285 0.4755848 0.2946147 0.1763057 0.5227907 -0.5101246 0.3021268 0.6123031 0.5437345 0.2720539 0.5591229 0.4819621 0.5628122 0.2039412 0.3419495 0.3677114 -0.2666032 -0.0837103 0.1024077 0.2864927 0.5228957 0.3659536 0.4005373 0.3407560 0.4691350 0.1586512 0.1670778 0.4791203 0.5596532 -0.0702259 0.3687052 0.4439826 0.5703193 0.0677369 0.0591784 0.7112660 0.5530085 0.1011000 0.2632557 0.1485721 0.2620731 0.4965695 0.1943272 0.1858279 0.2829963 0.3501214 0.4148201 0.4443898 0.1997495 0.2534286 0.0579738 -0.2007258 0.2434333 0.4898035 0.3570400 0.5194989 -0.0986596 0.3096151 0.2448743 0.3015104 0.4304121 0.5620862 0.1562641 0.3049160 0.1802535 0.0195286 0.2294624 0.4562983 0.7355869 0.4001847 0.3873630 0.3049723 0.4821618 -0.1277587 0.4982624 0.3745343 0.4074204 0.1049621 0.1934192 -0.1692958 0.4694863 0.4360343 0.2284455 0.1935916 0.1270247 0.1236247 0.3797382 0.6495039 0.3539142 0.2772840 0.5661013 0.4631263 0.1025556 0.2481109 0.6692313 -0.2476145 0.3417785 0.2473978 0.2533044 -0.2060192 -0.4212672 0.1028380 -0.3157096 -0.4342577 -0.2981566 -0.3158621 -0.2878069 -0.3498097 0.4308898 -0.1337966 -0.3702649 0.3188259 0.3986991 0.4890694 0.0672893 0.4677412 0.0909692 0.6231485 0.3009469 0.5599157 0.4568163 0.5242626 0.5157225 0.0529649 0.4552170 0.6075226 0.5660190 0.2875250 0.2332492 0.3321057 0.2735219 0.6058349 0.4584593 0.3437281 0.3694834 0.6832598 0.4364199 0.4409786 0.2190094 0.3807330 0.4477742 0.4128391 0.0376779 0.3226065 0.3413914 0.1926373 0.6557724 0.7458089 0.3598131 0.0381038 0.5929720 0.0035706 -0.0000486 0.3176152 0.3015624 0.4523499 0.6099770 0.5931225 0.9116636 -0.2407159 0.2438266 -0.3001765 0.1316426 0.1604503 0.1631158 -0.0772067 -0.3411327 0.0219652 0.2583487 0.1211035 -0.0305995 0.4277350 -0.1464691 -0.4509316 0.0885760 0.6454008 0.0290106 0.5274640 0.2159433 0.2004495 0.2049476 0.2656762 0.4083460 -0.0552385 0.0069824 0.3885448 0.1425526 0.5362140 0.4579265 0.3828526 -0.0911288 -0.1034955 0.4110749 0.1486257 0.1408305 0.1636781 0.6198448 0.4308570 -0.1988792 -0.2791225 -0.1240378 0.1530583 0.4948545 0.2713080
-0.0269915 -0.3522650 0.0000000 -0.3937879 0.8999492 -0.3167266 -0.1537691 0.2701021 -0.0400513 -0.2838353 -0.2446634 -0.3497729 0.8659721 -0.2781674 -0.3118273 -0.0443222 0.2602505 -0.5369934 -0.0749766 0.4530516 -0.3545540 -0.4262223 0.0295769 -0.5318996 -0.4864779 -0.2438302 -0.1213225 -0.6516004 -0.3390548 -0.3265911 0.1672738 0.2985765 -0.4760301 -0.4669796 -0.1783611 -0.1769703 -0.2446845 0.1541077 -0.4831418 -0.5480342 -0.0680471 0.0074098 -0.0217290 -0.4584659 -0.1087495 -0.2069582 -0.3036464 0.3879867 -0.3395842 -0.0969748 -0.2450256 0.0864900 -0.3175389 0.0131128 0.4182160 -0.0299310 -0.2124926 -0.2778890 0.2039500 -0.1479977 0.0456663 -0.0087997 0.3302621 -0.2508419 -0.4111152 0.1803866 -0.0745954 -0.3355782 -0.0502594 -0.2248277 -0.1602477 -0.1556978 -0.3411473 0.0526525 -0.1421638 -0.3553997 -0.0564822 -0.5805894 0.3156432 0.3677696 -0.4335300 -0.4842696 -0.4283316 0.2176023 0.1530906 0.2160899 -0.3095316 0.1822552 -0.2791371 -0.0498591 0.1341971 0.2677654 0.2098006 -0.4056863 0.0051767 0.0553882 -0.2690815 0.2895643 0.0595805 -0.4326736 0.0731544 -0.1148543 0.1771087 -0.4670870 -0.2100708 0.0684502 0.3694106 0.2320998 -0.3038390 0.4478772 0.1654533 -0.0064679 0.0539492 0.5586454 0.5462077 0.4903993 0.5222950 0.2733499 0.3408423 0.2349463 0.4460539 0.5282890 -0.2888080 -0.1617806 0.3584146 -0.1274812 -0.0076116 -0.3477321 -0.0615898 -0.0788162 0.2326088 -0.3653840 -0.0463143 -0.1189821 -0.5295756 -0.3727858 0.1447556 -0.1516602 -0.0980194 -0.3887438 -0.4237839 -0.1569624 -0.2049374 0.3097410 0.1321483 -0.3707059 -0.1623191 -0.0073501 -0.1627660 -0.3110599 -0.0365489 0.1528024 -0.0470724 -0.4302648 -0.1976562 0.3583506 0.1072787 -0.0541176 0.0153197 0.1141064 -0.3847956 -0.3850216 -0.0020866 0.0821043 -0.3257181 0.0363426 -0.0743291 -0.0088149 0.0803864 -0.3046041 -0.5542126 -0.4885685 -0.3558266 0.1479987 0.2961505 0.5797712 -0.2447566 -0.1007063 -0.3089855 0.1396344 0.0910552 -0.0183039 0.0924761 0.0625870 0.6400805 -0.0033891 0.8142484 0.7775226 0.2743195 -0.3719724 -0.2057102 -0.6713987 -0.5627492 -0.2750186 -0.0340264 -0.3708684 -0.5447489 -0.3896062 -0.0440242 -0.3327914 0.2198015 -0.1294972 -0.6316055 -0.6625427 0.3969793 -0.2280366 -0.4482439 -0.1716741 0.1973327 0.4420682 -0.4741987 -0.5485272 0.7159631 0.4730378 0.0454982 -0.1757615 -0.2238324 -0.2207240
-0.2953746 0.6316342 -0.3937879 0.0000000 -0.4928682 0.7922687 0.4229142 0.3999162 0.3518281 0.4969295 0.6702061 0.6444274 -0.0710927 0.2816608 0.3746765 0.1867849 -0.2608181 0.3570353 0.2401176 -0.0233335 0.6504133 0.1609446 0.2188041 0.5415997 0.3418769 0.2316446 0.1369671 0.6078370 0.7229808 0.5588387 0.0695479 0.1788815 0.5698020 0.6105244 0.2514906 0.6044940 0.2922491 0.2190096 0.4516682 0.4218338 0.1692160 0.2673068 0.3174393 0.3223314 0.3820073 0.1816842 0.3016694 0.2347345 0.5859228 0.4308121 0.3063522 0.1683530 0.7229825 0.1522211 -0.0634571 0.1157635 0.2125860 0.5945443 0.0281962 0.1869624 0.3048326 0.1930273 -0.0098997 0.7362762 0.5993614 -0.0326468 -0.0529852 0.4697281 0.1063757 0.6195355 -0.0365662 0.6821414 0.1482498 0.6961215 0.3125795 0.5436444 0.6864513 0.4109530 0.2235971 0.0381901 0.4410182 0.1774031 0.4645100 0.2006248 0.2047789 0.2594999 0.1029623 -0.0990703 0.3410269 -0.0060286 0.1724584 0.0792093 0.0090473 -0.2923505 0.3810921 0.1651289 0.1514341 0.0874994 0.2939290 -0.2141521 -0.0881073 0.4311305 0.3914294 -0.0513353 0.4272446 0.1755995 0.2880163 0.4045159 0.3762987 0.1868095 0.1402542 0.2998036 0.4562198 0.1701438 0.0484339 0.3961415 0.1329419 0.1646120 0.2725357 0.1193982 0.0744935 -0.0409708 0.2715080 0.2847859 0.0669951 0.1128594 0.3125373 0.1959254 0.0561631 0.3120462 0.1962500 0.3173507 -0.1204920 0.2664247 0.2029988 0.3436960 0.3252384 0.0487583 0.1564577 0.2421518 0.3624113 0.2214874 0.2686298 0.1274752 0.3446676 0.4793795 0.3621032 0.2487725 0.5679531 0.2913652 -0.1775094 0.4636781 0.2587651 0.4410006 0.5077522 0.3008585 -0.1515496 0.4777307 0.3663682 -0.3493011 0.5654482 0.3156971 0.0483065 -0.3577023 0.5253791 0.3250293 0.5367597 0.5638138 0.2734001 0.0579307 0.5778690 0.6883160 0.5707674 0.1053168 -0.1316096 -0.2465458 0.1505620 -0.0962483 0.1863147 -0.1473225 -0.4950308 0.1898863 0.0075264 -0.1672791 -0.2945483 0.3697354 -0.1824203 -0.3615914 0.3565333 0.5102441 0.1515568 0.6908080 0.0946489 -0.0899607 0.0912333 -0.0137093 0.3151667 0.0693410 0.1639156 0.1814569 0.1287020 0.4404901 0.5292865 0.5318086 -0.2031216 -0.1976402 0.1881054 -0.1875581 0.0480851 -0.1083539 0.4469932 0.4371962 -0.2465588 -0.5033441 -0.0101716 0.0750694 0.3223538 0.1784891
0.0836994 -0.3247510 0.8999492 -0.4928682 0.0000000 -0.2905964 -0.0092050 0.0904583 -0.0565101 -0.2149183 -0.3764203 -0.1560911 0.7572618 -0.3798338 -0.3888675 -0.2067985 0.3707311 -0.5539491 -0.2026389 0.2965075 -0.3434438 -0.4459882 -0.1118996 -0.3938173 -0.6113568 -0.4021234 -0.1354611 -0.5945164 -0.2943042 -0.4601001 0.0621077 0.1312928 -0.3811867 -0.4406302 -0.3223971 -0.2245587 -0.4426769 -0.0281091 -0.5670888 -0.4920285 -0.1937342 0.0274124 -0.2391529 -0.3138615 -0.0918330 -0.3192413 -0.4514912 0.2857038 -0.3079276 -0.2613989 -0.4223255 -0.1106440 -0.3461274 -0.1466325 0.3123258 -0.1938688 -0.4676138 -0.3510992 0.0814316 -0.3757232 0.0078693 -0.2464179 0.1790436 -0.3370884 -0.5009221 0.0242397 -0.2468446 -0.5080748 -0.2279751 -0.4234546 -0.2875835 -0.2054580 -0.5368308 0.0015235 -0.2917180 -0.5288686 -0.1684894 -0.7532158 0.1723741 0.3526865 -0.5303757 -0.5763307 -0.4995405 0.0815877 0.0715643 0.0681205 -0.2966728 0.3563839 -0.3350511 -0.0975202 0.0106647 0.0912851 0.0986968 -0.2452118 -0.1766766 -0.0028608 -0.2709256 0.1500508 -0.0769137 -0.3968884 0.0177846 -0.2416878 0.0029514 -0.4539969 -0.2813002 0.0571881 0.1911350 0.0289976 -0.2646744 0.2635888 0.1478008 -0.0584969 -0.1026417 0.2881851 0.3710058 0.2631952 0.2814879 0.1250841 0.1682889 0.0900623 0.2065860 0.2760071 -0.3317476 -0.2909200 0.1799652 -0.2013720 -0.2512023 -0.3656966 -0.0839471 -0.3319901 0.0223318 -0.5309305 -0.1540999 -0.2477922 -0.5878921 -0.3957815 -0.0528696 -0.1737566 -0.0634263 -0.4353442 -0.4597191 -0.2758204 -0.4187903 0.2253430 -0.0156360 -0.4275396 -0.2157653 -0.1007431 -0.3059727 -0.3619673 -0.0519560 0.0157430 -0.1527583 -0.4549763 -0.3400377 0.2658582 0.0588776 -0.2764453 -0.0927098 0.1934305 -0.5382693 -0.3911698 0.0450852 0.1602215 -0.4270174 -0.0438716 -0.2091071 -0.2083428 -0.0443768 -0.2239348 -0.7021139 -0.5574707 -0.3339390 0.0045365 0.3484322 0.5260735 -0.1988753 0.0211703 -0.2550042 0.1105819 0.0861138 -0.1237384 -0.0145674 -0.0204446 0.5519856 -0.0534940 0.7721954 0.7405174 0.1126325 -0.4857280 -0.2161448 -0.7215090 -0.5011569 -0.2634930 -0.1101859 -0.3779268 -0.6628903 -0.3738361 -0.0604055 -0.3881020 0.2089541 -0.2542555 -0.6646829 -0.6918767 0.5177806 -0.2132133 -0.4892720 0.1014610 0.1166816 0.3944465 -0.5671609 -0.6015028 0.7233294 0.6569412 0.0478493 -0.1659791 -0.0558226 -0.0299818
0.0188716 0.6358428 -0.3167266 0.7922687 -0.2905964 0.0000000 0.6149918 0.3321226 0.5657401 0.6988071 0.6220765 0.7042614 0.0412950 0.3902994 0.4055164 0.1335629 0.1117828 0.5371240 0.1392423 -0.0876864 0.4473917 0.3051065 0.2172477 0.6648009 0.2106052 0.2013555 0.2434838 0.6311537 0.6388571 0.5107726 0.0260615 0.1796826 0.5462012 0.6918601 0.1947460 0.4124922 0.2303486 0.2473181 0.3082556 0.3320408 0.1921644 0.1354174 0.2019944 0.3542929 0.3603979 0.2247572 0.2651673 0.3516485 0.4988923 0.3063306 0.2181363 0.1544662 0.6925300 0.0018233 0.0694311 0.1219629 0.1444976 0.5124029 0.0351007 0.1223940 0.2807140 0.1959238 0.1657273 0.4864611 0.3489628 0.0369846 -0.0795898 0.3810588 0.2425396 0.4460693 -0.0655201 0.5259418 0.0444651 0.5724392 0.4112968 0.3902816 0.5071445 0.2628576 0.1481997 -0.0203791 0.2607634 -0.1160779 0.3430081 0.3249805 0.3497549 0.2586972 0.2836181 0.0197482 0.4754568 0.1726124 0.3215458 0.0510006 -0.1601587 -0.2882578 0.4947780 0.4323480 0.2728173 -0.0815452 0.3156974 -0.3405113 -0.0364417 0.4202584 0.2995131 -0.2465352 0.5899335 0.5619582 0.1703606 0.4104143 0.5498179 0.0605394 0.3525444 0.3314665 0.3304030 0.0182403 -0.1250942 0.2192022 -0.0796464 -0.0885882 0.0117137 -0.0907481 -0.1419551 -0.2413910 0.4115323 -0.1050965 -0.1930364 0.0926728 0.2331828 0.2203625 -0.0611437 0.3267769 0.1105240 0.2584692 -0.0367121 0.2811603 0.1797993 0.3067831 0.2545762 -0.0368546 0.1896148 0.1399078 0.3531376 0.1540217 0.3630259 0.1782759 0.1614027 0.4190709 0.3363552 0.2320405 0.6321204 0.3180078 0.0132463 0.4131955 0.2286601 0.4432028 0.4300843 0.3254972 0.0076261 0.4209971 0.5403516 -0.1522165 0.4912995 0.3380689 0.1467989 -0.2152777 0.5577369 0.3455695 0.3746352 0.4052901 0.3741545 0.1183928 0.4337155 0.5983491 0.6192014 0.0280823 -0.0382129 -0.2654421 -0.1012918 -0.2231627 -0.0608895 -0.3262945 -0.5760748 0.0602540 -0.0473184 -0.1308203 -0.1518595 0.4260583 -0.1286655 -0.3178289 0.2319799 0.4037202 0.0003014 0.5295673 -0.2183492 -0.1833365 -0.0585845 -0.1961111 0.0080792 -0.2821478 -0.1168789 0.0915135 0.0781419 0.2212434 0.3858638 0.3057622 0.0186160 -0.2079338 -0.0002182 -0.1945738 0.1400700 -0.0242011 0.4925735 0.2412569 -0.0360732 -0.3711616 -0.1491061 0.0075088 0.6251843 0.1602651
0.2445678 0.6274000 -0.1537691 0.4229142 -0.0092050 0.6149918 0.0000000 0.4966550 0.3000014 0.5764607 0.6336188 0.7269532 0.1501913 -0.2282881 -0.1511054 0.3297755 0.3966239 0.3381802 0.4147232 -0.2195112 0.2120109 0.4737621 0.3323343 0.3642832 0.3439356 0.3864370 0.5243297 0.1260721 0.3704194 0.1772385 -0.1684854 0.2171063 0.1688531 0.2529885 0.3663183 0.3818602 0.2163328 0.3332049 0.3806730 0.4630283 0.1393080 0.6008413 0.2606570 0.1698682 0.5809142 0.3212485 0.2546829 0.2879735 0.1737112 0.3272831 0.3061000 0.2640043 0.3295228 0.1851336 0.1996445 0.2628214 0.0227377 0.2367329 0.3457835 0.2126903 0.6672705 0.2286890 0.2355300 0.1882649 0.1205343 -0.0090934 0.1163730 0.3559179 0.2605528 0.3985786 0.0537014 0.2718125 0.0974286 0.4440051 0.4105080 0.4350177 0.2855878 0.2130570 0.4039775 0.4360333 0.3000254 0.0049074 0.4677680 0.3846349 0.3344090 0.3461114 0.0602310 0.0420828 0.3334698 0.3903299 0.1315291 -0.1940612 -0.0633167 -0.3045344 0.3851274 0.1232591 0.0456986 0.1491269 0.4220052 -0.2776515 0.3745091 0.2948942 0.4243514 -0.1902293 0.2930461 0.4132937 0.3253532 0.2838646 0.6050903 0.0230628 0.4061348 0.4500816 0.3164399 -0.0123908 -0.1273057 0.2121368 -0.1312030 -0.1501182 -0.0135479 0.0264364 -0.1075114 -0.2172613 0.1892899 -0.0251908 -0.0208149 0.3750271 -0.0308425 0.4245934 0.4298961 0.2367611 0.3230912 0.4155442 0.1022928 0.1840849 0.3213607 0.4544080 0.4903923 0.3419833 0.5513089 0.4669264 0.3498722 0.5133256 0.1132594 0.5035010 0.5237962 0.3408543 0.5955724 0.4428808 0.5463916 0.4744891 0.2218326 0.5564920 0.2761182 0.2214686 0.5759601 0.3583019 -0.0931551 0.3658400 0.2688803 0.1595905 0.1699468 0.5147531 0.0458670 -0.0738102 0.1987831 0.1826793 0.1744845 0.3319811 0.3804373 0.3875405 0.2506475 0.4582062 0.5093920 -0.2660931 0.3559463 -0.0840929 -0.1314996 0.1289982 0.0083049 0.0515082 -0.3925200 0.0229464 0.2365592 0.0501301 0.0701912 0.5496560 0.1827519 -0.0827804 0.1771290 0.1398059 0.2483931 0.4293681 -0.0322855 0.2650086 0.3558330 0.2094736 0.0329893 -0.3025034 0.1186977 0.3661454 0.1397485 0.0546924 0.0347330 0.2161294 0.4964569 0.2469746 0.3742888 0.2006606 0.0590893 0.2433351 0.2921219 0.2528308 0.1925470 -0.0951372 0.0215383 0.1990729 0.6177463 0.3345166
0.1810655 0.3246456 0.2701021 0.3999162 0.0904583 0.3321226 0.4966550 0.0000000 0.2102068 0.3424193 0.5549907 0.1183958 0.5470644 -0.2180243 -0.0469282 0.3931818 0.2074566 0.0677937 0.5302889 0.1535853 -0.1175691 0.3322240 0.4500572 -0.1427510 0.2489823 0.5234270 0.3787427 -0.2145054 -0.0530373 0.2529726 0.2464322 0.5854351 -0.1610173 -0.1070358 0.4023039 0.1980269 0.4278575 0.6555429 0.3612260 0.1851281 0.3980248 0.3882537 0.4385986 -0.2224229 0.3151292 0.3268761 0.2152099 0.5415670 -0.0895804 0.5999749 0.3417404 0.3911097 0.0422267 0.2818488 0.6507346 0.5095333 0.2884825 0.0748203 0.5406363 0.3895838 0.5431093 0.4997908 0.7160235 0.0470991 0.0575370 0.4369817 0.1902258 0.3485360 0.4469909 0.3749057 0.1846049 0.0105563 0.1796144 0.4532683 0.4869688 0.4567820 0.3179901 0.3238848 0.4683956 0.3725306 0.2468732 -0.0083321 0.3256251 0.4375962 0.3893305 0.5587053 -0.0640657 -0.1731011 0.3636732 0.2790543 0.2412968 0.0613557 0.1718288 -0.6048051 0.6055985 0.2474692 0.1727775 0.2582926 0.6918997 -0.3819883 0.4233866 0.4421600 0.6843251 -0.3165007 0.2908107 0.3666594 0.5886604 0.4766670 0.3767803 0.3271348 0.2918088 0.4654854 0.5565435 0.3733819 0.2238142 0.5535371 0.2567195 0.0817288 0.2583779 0.2339086 0.2078400 0.1412078 0.1381362 -0.0338761 0.2203983 0.2915328 0.0991965 0.1836231 0.1846342 0.4131983 0.3568000 0.3512116 0.1538702 0.4574819 0.3637423 0.3183800 0.7032110 0.0770646 0.2043322 0.4451990 0.3154461 0.4353330 0.5544972 0.5451811 0.5024858 0.2257762 0.4260090 0.3699726 0.6410647 0.5178685 0.2809960 0.6646884 0.4094422 0.2226877 0.4409848 0.5605255 0.1682210 0.7089327 0.5314125 0.1522906 0.3629087 0.3615900 0.0532467 -0.0376806 0.3004498 0.5155135 0.3861472 0.5046523 0.5952534 0.2990652 0.2285102 0.4315021 0.2823032 -0.1598393 0.0713477 -0.0278686 -0.3421365 -0.2375858 -0.3349516 0.0112350 -0.3781670 0.0301238 0.3995702 0.1905240 0.4625416 0.7458631 0.4689954 0.3552168 0.6277596 0.2305868 0.2294419 0.2419517 -0.1415594 0.1171606 0.2398603 -0.0079536 0.0679075 -0.4825904 -0.2122339 0.2134468 0.2804812 0.0806496 -0.1372286 -0.0798541 0.2636473 0.2576970 0.0974995 -0.1987956 0.3656640 0.0862705 0.1524241 0.0972449 0.2355463 -0.3786384 -0.1732500 0.4267586 0.2779877 0.0824311
-0.1264119 0.0340496 -0.0400513 0.3518281 -0.0565101 0.5657401 0.3000014 0.2102068 0.0000000 0.5935263 0.4188991 0.4659105 0.2765693 0.3763112 0.6213544 0.0032027 0.0624810 0.5514566 -0.0144115 0.1981613 0.2115976 0.0235378 -0.1064231 0.5327333 -0.0141131 0.0547410 0.0494463 0.4924057 0.3918408 0.3036657 0.1971278 0.4967402 0.4486731 0.5349627 0.0200858 -0.0972701 0.2012545 0.3770108 0.2499044 0.4130957 0.4620361 -0.2800292 0.0309129 0.3330471 0.1947498 0.1069043 0.1516356 0.6568898 0.3580451 -0.0487202 0.0674732 0.3520064 0.4008462 -0.1700408 0.2329421 -0.0381130 0.2459155 0.2352455 -0.4516046 0.1584816 -0.1112256 0.0180808 0.1413339 0.2275926 0.0364029 0.4744863 -0.1461476 0.0609100 0.0941437 0.0080329 0.3197176 0.1615388 0.0026546 0.2595094 0.1978756 0.0930804 0.2716000 0.1780622 0.1760326 -0.0131509 0.2838919 -0.5241481 -0.2009204 0.2136936 0.1924662 0.1615691 0.0345532 0.2035912 0.1391563 -0.1742540 0.1047264 -0.0421103 -0.0292642 -0.1977939 0.1813912 0.2436479 0.4378376 0.0470032 0.1902736 -0.3575807 -0.3884961 0.0616179 0.2501844 -0.4791681 0.2891532 0.2117963 0.2948234 0.2941655 0.2308944 0.4135053 0.1527270 0.0442072 0.1958006 0.2823624 0.3067824 0.2257892 0.2932989 0.3455779 0.3753871 0.4500880 0.2986161 0.2400073 0.0426582 0.1525892 0.2738919 0.3211139 0.0815956 -0.1312765 0.1291839 -0.0309852 0.2277631 -0.0745758 -0.2912826 -0.0237673 -0.0994912 -0.0757143 0.0758578 0.2008099 0.0429841 -0.1548480 0.0068766 0.1811926 0.3287220 -0.0431568 0.1962150 -0.0928355 0.1200104 -0.0276793 0.4734022 0.1224491 -0.2002636 0.2465052 0.3029621 0.2158352 0.1266927 0.0041719 -0.0238243 0.3998255 0.3541146 -0.2372830 -0.2011396 -0.0882987 -0.3459783 -0.3693495 0.0340500 0.4217435 0.6000912 0.3770394 0.2229421 -0.3372540 0.1778822 0.3916182 -0.0075211 0.0428026 -0.2846017 -0.1457942 -0.2550243 -0.4780118 -0.3483309 -0.5776223 -0.7775363 -0.4677126 -0.5480719 -0.5786393 -0.2853615 0.0792957 0.0886978 0.1826040 -0.0427912 -0.3159223 0.3582861 -0.0074473 -0.4728427 -0.1918139 0.1867284 -0.2437989 -0.0555880 -0.2514887 -0.1906700 0.1716538 0.3006933 -0.2669259 -0.0157123 0.0926729 0.3948832 0.0764158 -0.1048280 -0.2637815 0.1637423 -0.0340951 -0.0313350 -0.0123564 0.2348636 -0.1493752 0.1915599 0.0677304 0.6379116 0.4045292
0.3089860 0.5457748 -0.2838353 0.4969295 -0.2149183 0.6988071 0.5764607 0.3424193 0.5935263 0.0000000 0.6971088 0.5818163 0.0991250 0.1113932 0.2112749 0.4336628 0.3460312 0.4813393 0.4249636 -0.2564897 0.0859714 0.4767363 0.4653107 0.5186631 0.3116455 0.4277185 0.4396710 0.3576379 0.4175045 0.3775380 -0.1461322 0.1408028 0.3907238 0.4656673 0.4954740 0.1741816 0.4508574 0.5268926 0.4249924 0.2898049 0.2749505 0.2215468 0.4173677 0.2505529 0.4395243 0.3614303 0.5849153 0.4959715 0.2633167 0.4092314 0.5021477 0.3710883 0.2677587 0.1742499 0.2540700 0.2941786 0.4018074 0.3063550 -0.0195025 0.4324092 0.3023010 0.4142868 0.2275465 0.1783617 -0.0934822 0.3753911 0.2408304 0.3744824 0.4168051 0.3516067 0.2854866 0.1729744 0.2282211 0.1633611 0.5628584 0.3269328 0.0935028 0.3093786 -0.0471867 -0.0850345 0.0513100 -0.2587833 0.2793873 0.4413869 0.4184840 0.4057606 0.4794044 0.0922941 0.5386659 0.3037378 0.4683774 0.1527871 0.1001627 -0.1789239 0.5768989 0.5779593 0.6925986 0.0299567 0.4084266 -0.2889353 0.1169057 0.4838509 0.3954042 -0.2392173 0.7801335 0.5430473 0.2738657 0.3984562 0.7217437 0.1381882 0.5617425 0.3179753 0.4844749 -0.0052370 -0.0186734 0.1945833 -0.1278648 -0.0659887 0.0391955 0.1061455 -0.0557536 -0.2299488 0.5599542 -0.0816541 -0.0154906 0.5131042 0.2368512 0.4744865 0.1615655 0.2934508 0.2450758 0.2225011 0.0666684 0.5151836 0.1204372 0.5592785 0.4401600 0.1833119 0.3477382 0.3372860 0.6463129 0.2850604 0.3952354 0.2955796 0.2658801 0.5083888 0.2964768 0.0939815 0.4965557 0.6231178 0.3084737 0.4386274 0.5575300 0.6707177 0.4075220 0.3693385 0.0824111 0.5831358 0.3098692 0.1677894 0.3381621 0.5387828 0.3562743 -0.0258731 0.5949687 0.4812997 0.4784969 0.2840641 0.4376158 0.3504726 0.5382450 0.7262611 0.5077247 -0.3025353 -0.0904286 -0.4368945 -0.2437860 -0.1988515 -0.2130408 -0.3685172 -0.7422789 -0.3225287 -0.1998620 -0.2820509 -0.2110959 0.1743815 -0.0411538 -0.1772021 -0.1511105 0.1054137 0.4579268 0.2512209 -0.0282728 0.1900122 0.3420705 -0.0542995 0.3019256 -0.0476769 -0.2295741 0.4630742 0.4641371 0.1188159 0.4170132 0.2707826 0.2124727 -0.0239902 0.1343359 -0.0408998 0.4881784 -0.0514569 0.4884057 0.2578342 0.0463987 -0.3159667 -0.0609778 0.0973226 0.5899380 0.3329302
0.0916177 0.6812649 -0.2446634 0.6702061 -0.3764203 0.6220765 0.6336188 0.5549907 0.4188991 0.6971088 0.0000000 0.4737682 0.0972096 -0.0407196 0.0077252 0.7273566 0.3029920 0.2836619 0.7441761 -0.3077101 0.2329223 0.5958277 0.6974776 0.2075869 0.6914003 0.7361300 0.6782010 0.1448005 0.4025052 0.5007675 -0.3202553 0.2106397 0.0876629 0.3306445 0.7855488 0.3836269 0.6172708 0.7172868 0.5814340 0.3604455 0.2473452 0.4720360 0.7398160 -0.0291034 0.6289277 0.6829996 0.7356253 0.3896344 0.1201982 0.6480088 0.7562808 0.5926391 0.3848534 0.4725910 0.3004938 0.6169814 0.6080276 0.3822183 0.2295026 0.7200108 0.5335785 0.6926207 0.2266825 0.3431807 0.2332494 0.2892194 0.5317969 0.7745374 0.6091256 0.7453011 0.4278680 0.3138238 0.6241380 0.3067653 0.7725836 0.7777364 0.3115771 0.6561925 0.4475423 0.2592748 0.4417950 0.1964761 0.6342403 0.6445215 0.5879056 0.4786248 0.3524280 -0.2158607 0.4086910 0.3606848 0.4658823 0.1242061 0.2207319 -0.4241388 0.6437878 0.4029740 0.3605973 0.2917711 0.3905348 -0.1727823 0.3794495 0.6203251 0.6294787 0.0200385 0.6660615 0.4470023 0.5608593 0.5341816 0.6547718 0.3385862 0.4485621 0.5278402 0.6494673 0.2929828 0.1150963 0.4384872 0.1384804 0.1004861 0.2243209 0.3082712 0.2453167 0.1058638 0.5530636 0.2938943 0.2479635 0.5720848 0.4209551 0.6124887 0.3622090 0.5944275 0.5673706 0.6564180 0.1828965 0.5789100 0.3029767 0.6261156 0.7629075 0.3266970 0.5274599 0.5429900 0.5558433 0.6074245 0.5291458 0.4477530 0.6565354 0.5877592 0.5855542 0.5003051 0.7000006 0.6865212 0.3495103 0.6127262 0.4867751 0.5102983 0.7904718 0.3994537 0.1281354 0.6863934 0.4176250 0.1399731 0.4239920 0.6196768 0.1203920 -0.0784368 0.4532790 0.2145325 0.4888174 0.6452591 0.6366765 0.2375263 0.7136487 0.7419497 0.6029659 -0.2218880 0.0079053 -0.3389080 -0.1269739 -0.0384348 -0.0153429 -0.0766200 -0.5714896 0.0000813 0.1577434 0.0201115 -0.1291175 0.3060590 -0.0199196 -0.2813658 0.1335105 0.3740911 0.5044366 0.5870263 0.1667908 0.4067791 0.5893841 0.2691114 0.5310869 -0.0479199 0.1277658 0.6086590 0.3364956 0.3874214 0.4743673 0.4999056 0.0764305 0.1016004 0.4947803 -0.1711093 0.2692489 0.1729177 0.6780640 0.3875555 -0.0533714 -0.3567214 0.0089811 -0.0008425 0.4007349 0.2431811
-0.1663497 0.5329230 -0.3497729 0.6444274 -0.1560911 0.7042614 0.7269532 0.1183958 0.4659105 0.5818163 0.4737682 0.0000000 -0.0780233 -0.0314292 0.1403215 -0.0729803 -0.0165598 0.3863040 0.0098049 -0.1572782 0.6911860 0.1519348 -0.0874844 0.7926913 0.0834860 -0.0331136 0.0894340 0.5663502 0.8000075 0.1081338 -0.0897860 -0.0046071 0.7060744 0.7001498 0.0252445 0.5326797 -0.0524931 0.0341626 0.3149789 0.6068854 0.0502900 0.3003487 0.0064113 0.6340779 0.3847277 -0.0739344 0.0868436 0.2254141 0.6804805 0.0349659 0.0445622 0.0585311 0.7096461 0.0154406 -0.1548233 -0.1734999 -0.1846374 0.5468056 -0.2003614 -0.1052373 0.3064826 -0.1918610 -0.2447834 0.6316744 0.4102956 -0.2408850 -0.2643132 0.2256953 -0.1976006 0.3221451 -0.1604655 0.6590964 -0.1294742 0.6321277 0.0266044 0.2656717 0.5510197 0.1202792 0.1664864 0.1691870 0.3505128 -0.0893865 0.2253412 0.0767237 0.1038649 0.1424847 0.0835285 0.3962104 0.2453799 0.0568064 -0.1195114 -0.1534297 -0.1628834 0.0605918 0.1151942 -0.0197452 0.0343206 0.0701227 0.0976078 -0.1933057 -0.1962637 0.1937658 0.1858051 -0.1632279 0.2193959 0.1195111 0.1937038 0.1948504 0.4000217 0.0438406 0.1016115 0.2367998 0.2447787 -0.0394735 -0.0356171 0.1939687 -0.0766253 0.0677598 0.1437954 0.0969628 -0.0924117 -0.2347607 0.0310049 0.2454413 0.0406629 0.1737251 -0.0281571 0.1566871 0.2565729 -0.0918885 0.1274074 0.0354979 -0.2981227 -0.1172979 0.0025501 0.2804907 0.0726694 0.2820848 0.3319166 0.1639900 0.2455670 0.2604786 -0.1739987 0.0885979 0.3028656 0.3231750 0.3056129 0.1204030 0.4438731 0.2066282 -0.2870677 0.3321967 0.1467205 0.3043545 0.3064394 0.1233079 -0.4792886 0.1329068 0.0240128 -0.3566200 0.0462474 0.2510934 -0.0853312 -0.4759344 0.1609719 0.2512651 0.4181643 0.3798889 0.0559611 0.0201268 0.3108261 0.5707719 0.4045423 -0.1575582 0.1370565 -0.0443313 0.2604106 0.1829827 0.3238178 -0.1225613 -0.4412624 -0.0152348 -0.2735902 -0.4190240 -0.4902014 0.2093071 -0.1287939 -0.2766323 0.0905580 0.1176680 0.2458672 0.4736856 0.0091389 0.0279132 0.1714567 0.0638552 0.0248639 0.1019928 0.3485997 0.1408367 0.1275739 0.0857000 0.2590506 0.4687820 0.2287876 -0.1178811 0.1756144 0.1792419 -0.1484922 -0.0691250 0.1649746 0.4129445 -0.0662590 -0.0905143 0.1798707 -0.0107003 0.5379624 0.5555886
-0.0422967 -0.1173700 0.8659721 -0.0710927 0.7572618 0.0412950 0.1501913 0.5470644 0.2765693 0.0991250 0.0972096 -0.0780233 0.0000000 -0.1069995 -0.0492683 0.1751009 0.2677174 -0.2462777 0.1381440 0.4507359 -0.3087778 -0.2382276 0.2283316 -0.2907500 -0.2657622 0.0222062 0.1254607 -0.3998700 -0.1220913 0.0449954 0.2503963 0.6159951 -0.2705949 -0.2397094 0.0375601 -0.0918500 0.0872746 0.4787771 -0.1552424 -0.2731201 0.2499301 0.1360701 0.1846703 -0.3688832 0.1127326 0.0030221 -0.0585736 0.7494748 -0.1775117 0.1175014 -0.0296286 0.3067487 -0.1437559 0.1278131 0.5913425 0.1275723 0.0246098 -0.1186550 0.2526116 0.0630381 0.2572755 0.1884048 0.5547642 -0.0931716 -0.3719566 0.4432819 -0.0287910 -0.1467652 0.1812137 -0.0279502 0.0268874 -0.0616268 -0.2368917 0.3012658 0.1391386 -0.1077517 0.1369547 -0.3929088 0.5037654 0.5051588 -0.2208608 -0.5879877 -0.2335652 0.4669683 0.3901653 0.4678244 -0.1942314 0.0815843 -0.0316347 0.0496054 0.3362375 0.2589553 0.2380188 -0.6803843 0.2578956 0.2648169 0.0382603 0.3651306 0.3286068 -0.6267851 0.1381883 0.1199163 0.5078157 -0.6280104 0.0760857 0.2631194 0.6142061 0.4330277 0.0033541 0.6339422 0.4094082 0.1867515 0.2837680 0.6741881 0.6380424 0.6770199 0.6481957 0.4067717 0.5211597 0.4212664 0.5671655 0.5684968 -0.1091050 -0.1757603 0.4406513 0.0949980 0.1589866 -0.1810707 -0.0210264 0.0655858 0.3717360 -0.1791241 0.0061496 0.0882574 -0.3534484 -0.1727578 0.3450462 -0.1337894 -0.0131517 -0.2836860 -0.1914762 -0.0705032 0.0785170 0.3497582 0.2639087 -0.2130458 0.0110902 0.0415567 0.1922398 -0.1107417 0.0222377 0.3521241 0.1483896 -0.1837852 0.0451942 0.4673982 0.2079980 0.2024362 0.3516922 0.1110714 -0.1957640 -0.2446199 -0.0109193 0.0173371 -0.0649772 0.2186223 0.1694629 0.2077744 0.3098458 -0.2136854 -0.3242176 -0.1757741 -0.1024676 0.0937299 0.1816966 0.3505548 -0.4709998 -0.3479922 -0.5307831 -0.1308626 -0.3451311 -0.1755751 0.0526840 -0.0556649 0.6440372 0.3004431 0.9041732 0.8316560 0.3341612 -0.3513068 0.0478083 -0.4764070 -0.5952920 -0.3086947 0.1073496 -0.4727518 -0.4475532 -0.5415663 -0.1437059 -0.1656430 0.4827296 -0.1061498 -0.5457703 -0.5983224 0.5921849 -0.0901732 -0.4099643 -0.3480219 0.4451331 0.4050618 -0.3146873 -0.5146321 0.8169727 0.1767005 -0.1181416 -0.0086999 0.1044382 -0.1285863
-0.3156351 -0.1205633 -0.2781674 0.2816608 -0.3798338 0.3902994 -0.2282881 -0.2180243 0.3763112 0.1113932 -0.0407196 -0.0314292 -0.1069995 0.0000000 0.8508684 -0.0503288 -0.4666298 0.5650827 -0.1945226 0.3525114 0.1169385 -0.2299733 -0.1219461 0.3901829 0.0247396 -0.1413539 -0.2389095 0.7194979 0.2858317 0.6015217 0.3612082 0.3467126 0.4442045 0.3766619 -0.2043245 -0.0183323 0.1514391 -0.0893867 0.0934467 0.0331005 0.2860957 -0.3141108 -0.0771296 0.2231961 0.0278410 0.0309244 0.0062715 0.1837079 0.3420949 -0.1486282 -0.0873616 0.0994230 0.2888013 -0.1926383 -0.2958165 -0.2795541 0.1756975 0.1943280 -0.2040487 -0.0533699 -0.1203200 -0.0343121 -0.0322005 0.1950821 0.1487070 0.1350827 -0.2040683 -0.0976180 0.0270517 -0.0146381 -0.0248466 0.1555811 -0.0930201 0.1084914 0.0081669 -0.1374701 0.1382971 -0.0203413 -0.1854978 -0.3069575 0.0702556 -0.2071254 -0.0521713 0.0199536 -0.1392896 0.0438544 0.0460378 -0.2919839 0.1532982 -0.1347574 0.2729689 0.2183256 -0.0662398 -0.1596216 0.1207428 0.1333733 0.3121906 -0.1088450 0.1507313 -0.1511841 -0.3850711 -0.0148121 -0.0374679 -0.2187652 0.1821035 0.0463225 -0.0914585 0.1993744 -0.0457182 0.1317194 0.1029979 -0.1342442 -0.0804467 0.1208147 0.0490710 -0.0405435 0.2213893 0.2256658 0.1712052 0.0704073 0.1422674 0.1766965 0.1370611 -0.1190748 -0.0566700 -0.0831979 0.3438965 -0.0729561 -0.2467653 0.1112335 -0.0047712 0.0521996 -0.0227491 -0.1022173 0.0044341 -0.1246452 -0.3007195 -0.2407815 -0.4130700 -0.3798973 0.0003310 -0.3334265 0.2827875 -0.3506182 -0.2590504 -0.0221774 -0.1750863 -0.2747680 0.1532205 -0.3165857 -0.2519219 -0.0610723 -0.0534266 0.1919628 0.0074624 -0.1572338 0.1130877 0.1035025 0.3394384 -0.3195241 0.2802066 -0.2540449 -0.0868785 -0.1470860 0.3872401 0.1249661 0.1995227 0.0873597 -0.0294996 -0.1802541 0.1673918 0.0696533 -0.0361411 0.5434048 -0.3712779 -0.2093525 -0.1945507 -0.4358019 -0.2484556 -0.3957792 -0.2589332 -0.0008745 -0.2132843 -0.1427830 -0.0874940 -0.0061470 -0.2201306 -0.1305431 -0.2063633 -0.0729064 -0.1394706 0.0348735 -0.2790378 -0.5408714 -0.2757096 -0.4205572 -0.0872857 -0.0246620 -0.2417104 -0.1213278 -0.1026259 0.0289964 0.1563561 0.0377631 -0.0758465 -0.0668119 -0.2464239 -0.4551247 0.0362897 -0.0620161 0.1569776 -0.0787288 0.0159398 -0.3827102 -0.1897066 -0.0247827 0.0598349 -0.4259760
-0.3728211 -0.1636285 -0.3118273 0.3746765 -0.3888675 0.4055164 -0.1511054 -0.0469282 0.6213544 0.2112749 0.0077252 0.1403215 -0.0492683 0.8508684 0.0000000 -0.1900730 -0.5703668 0.6310969 -0.2732231 0.4491281 0.2408633 -0.2542637 -0.3069251 0.5443652 -0.0909463 -0.1532444 -0.3143872 0.7894502 0.3592067 0.5313537 0.5504170 0.4874693 0.6044702 0.4787554 -0.2608233 -0.0373020 0.1922958 -0.0139060 0.2167364 0.3452240 0.5081156 -0.3889828 -0.1603056 0.4061712 -0.0069386 -0.0673606 -0.0306466 0.3894923 0.4844066 -0.1195035 -0.1221087 0.1416775 0.3532085 -0.2156023 -0.1364723 -0.2805049 0.1929433 0.2672693 -0.3815891 -0.0567903 -0.2279192 -0.1241654 0.0532993 0.2957021 0.2086534 0.3019687 -0.3034023 -0.1004544 -0.0734339 -0.0715472 0.1542183 0.1494672 -0.0960434 0.2410366 -0.0519468 -0.0658615 0.3003514 0.1022437 -0.1143456 -0.2979712 0.2033408 -0.3290594 -0.1496393 -0.1144010 -0.1770338 0.0867476 -0.0351963 -0.1381339 0.2040560 -0.2485652 0.0840511 0.0864285 -0.0565159 -0.1436407 0.0640958 0.0820717 0.4211567 -0.0794496 0.2335184 -0.2594808 -0.5357041 -0.0235141 0.1134357 -0.3748594 0.1033322 -0.0589256 0.0040357 0.1845088 0.0115095 0.2191250 0.0064528 -0.0811077 0.0231808 0.1599818 0.1925103 0.0571498 0.2893295 0.3590367 0.3258692 0.2661589 0.2047316 0.1982170 -0.0185379 0.0259670 0.0862122 -0.0322947 0.1982185 -0.2186805 -0.1880390 -0.0614776 -0.0533241 -0.0881800 -0.2126161 -0.0990647 0.0384751 -0.1526595 -0.2869216 -0.1196936 -0.4376428 -0.2907614 -0.0105155 -0.2181909 0.3321670 -0.3784787 -0.2007147 -0.0851670 -0.1672390 -0.3641748 0.2463461 -0.2240577 -0.3510339 -0.0061629 0.0466720 0.2389429 -0.0863323 -0.1791635 0.0328120 0.1528334 0.3855598 -0.3917157 0.1107742 -0.2734140 -0.2523636 -0.2604352 0.2406859 0.3448277 0.4454158 0.1385343 0.0140221 -0.2315234 0.1374615 0.1817622 -0.0997160 0.4475837 -0.4461632 -0.2152865 -0.1839748 -0.5749721 -0.2937517 -0.5308166 -0.4822029 -0.1925148 -0.3884083 -0.3579354 -0.2399479 0.1387012 -0.1393315 0.0397211 -0.0860932 -0.2130022 0.1078460 0.0579271 -0.3381518 -0.4500058 -0.2185782 -0.3574232 -0.0102212 -0.0939120 -0.2984461 -0.0709737 0.0074352 -0.1939348 0.0587615 0.0612540 0.0317517 0.0184494 -0.2292171 -0.4009468 0.1138364 -0.2776648 -0.0693751 -0.0007256 -0.0197821 -0.4568549 -0.0328257 0.1491279 0.2703173 -0.0581304
0.2910648 0.4755848 -0.0443222 0.1867849 -0.2067985 0.1335629 0.3297755 0.3931818 0.0032027 0.4336628 0.7273566 -0.0729803 0.1751009 -0.0503288 -0.1900730 0.0000000 0.3534498 0.0260368 0.9230799 -0.2873303 -0.2797979 0.5324940 0.9342848 -0.2851239 0.7520797 0.8015516 0.7616354 -0.2348084 -0.0740972 0.4626393 -0.3637402 0.2214508 -0.3783859 -0.2142530 0.8625434 0.0893633 0.6949150 0.7489668 0.4199326 -0.0796789 0.2663439 0.5682471 0.8526202 -0.4889409 0.6143952 0.8087647 0.8020900 0.3140431 -0.3740210 0.6782637 0.8127881 0.6309972 -0.2072598 0.5596211 0.3562970 0.7101205 0.6804794 -0.0460837 0.4371198 0.8043414 0.5933623 0.8747340 0.3397065 -0.1347308 -0.2425851 0.3440944 0.7754107 0.5920018 0.7404797 0.5405203 0.4829387 -0.1485866 0.6861879 -0.1655414 0.7577143 0.5601331 -0.2073488 0.4211604 0.3430045 0.2522551 0.1014332 0.2430218 0.6321113 0.7337314 0.5176471 0.5675303 0.4000050 -0.5103984 0.3171394 0.5001527 0.7201970 0.3447614 0.4931447 -0.5188773 0.6200598 0.4154256 0.4608148 0.4388316 0.3728320 -0.0567945 0.6206369 0.5796128 0.6040011 0.1114740 0.5702832 0.3394765 0.5032885 0.4655044 0.5184801 0.2959122 0.5952670 0.4123075 0.5116005 0.2994273 0.1173247 0.3305669 0.1849901 0.0413270 0.1294142 0.2609689 0.3336261 0.2677331 0.5954524 0.0221515 0.2291617 0.6002425 0.5419688 0.7667239 0.2926798 0.6278353 0.5777163 0.7303610 0.4667231 0.6780336 0.2775183 0.6370586 0.7472880 0.1661218 0.3776855 0.5124401 0.5713346 0.3680124 0.5022169 0.4590722 0.5120034 0.5117118 0.3675392 0.3035323 0.3553725 0.5840255 0.6759182 0.4800785 0.3487321 0.4120407 0.6493004 0.4272410 0.4115853 0.5056838 0.3489515 0.5229051 0.4094862 0.5874264 0.3447938 0.3443948 0.4519969 -0.0445757 0.1457461 0.3679535 0.6252429 0.4305627 0.5645251 0.3779717 0.4287153 -0.1432527 0.1217035 -0.3191425 -0.2972397 0.0253885 -0.1963303 0.0559026 -0.3213922 -0.0591646 0.3612459 0.2967144 0.2506966 0.1637318 0.1631544 -0.0964305 -0.2119149 0.1588634 0.4487192 0.1987901 0.2674131 0.4694523 0.6294190 0.2678730 0.5617106 0.0092999 -0.0247378 0.6356795 0.3578649 0.3742291 0.2841602 0.1972589 0.1534466 0.2168733 0.4699121 -0.1631493 0.4187679 0.3775966 0.6314121 0.1377542 0.1401480 -0.2220288 -0.1502029 -0.0308063 0.0679428 -0.1415626
0.6676877 0.2946147 0.2602505 -0.2608181 0.3707311 0.1117828 0.3966239 0.2074566 0.0624810 0.3460312 0.3029920 -0.0165598 0.2677174 -0.4666298 -0.5703668 0.3534498 0.0000000 -0.2082309 0.3690072 -0.5210234 -0.4956587 0.5181763 0.4958223 -0.3349020 0.2024804 0.4143234 0.6625866 -0.5339306 -0.3553732 -0.0970522 -0.5269297 -0.1464348 -0.5550787 -0.2390859 0.4518851 -0.3252846 0.1404061 0.3972160 -0.0627110 -0.2744354 -0.1699505 0.0989932 0.2423367 -0.4549683 0.0894600 0.4098190 0.2851042 0.0628247 -0.5661863 0.2060702 0.2910564 0.0192907 -0.3137220 0.0151378 0.4988985 0.5151695 0.1504894 -0.3441193 0.2342945 0.3068831 0.0855932 0.3629654 0.3440609 -0.5108293 -0.4856203 0.2377011 0.3685517 0.1458845 0.5130179 -0.0111887 0.1838438 -0.3718044 0.1787527 -0.3217276 0.4972525 0.1429030 -0.4135581 0.0206014 0.1708678 0.2257593 -0.1645574 -0.0904047 0.0889927 0.4521918 0.5767247 -0.0401566 0.2738305 0.0584389 -0.0080187 0.2415683 0.2935811 -0.1915489 -0.0285083 -0.1649362 0.1800727 0.4700252 0.1104971 -0.1247481 -0.0921674 0.0106558 0.5406434 0.1365740 0.0174114 0.0995898 0.3730965 0.6102617 0.0156786 -0.0878140 0.3538902 -0.1052361 0.3652541 0.1246872 -0.0110476 -0.2042145 -0.2444126 -0.1516828 -0.3451931 -0.4391768 -0.3961691 -0.2392611 -0.2450579 -0.2621122 0.3597353 -0.3646575 -0.2575515 0.2550986 -0.1214018 0.2201792 0.0495028 0.2299876 0.0390266 0.1635338 0.3162208 0.3994807 0.0612985 0.1033923 0.4156640 0.0259230 0.5244220 0.1775141 0.0610651 0.2003937 0.1841283 0.3696841 0.1038299 -0.0098125 0.3132353 0.4604153 0.0395629 0.4404610 0.6130088 0.0309536 0.2043192 -0.0893541 0.1964210 0.2111243 0.4670390 0.1470997 0.1917604 0.6553260 -0.0629734 0.3241280 0.2495420 0.4407548 -0.0425518 -0.2104795 -0.3506162 -0.1392133 0.2797530 0.1911075 -0.0849301 -0.0303434 0.3287154 -0.5122071 0.1581755 -0.1837631 -0.3702510 -0.0249939 -0.3270617 -0.0916206 -0.1720721 -0.2737789 0.1658300 0.1868319 0.3470122 0.0328753 0.2338579 0.0854946 -0.0293227 0.1001494 0.0016684 -0.1230650 -0.0438010 0.2695744 0.2254979 0.0459738 -0.0758216 -0.4283957 -0.2565091 0.2224347 0.2781057 0.0106983 -0.0170863 -0.2417175 0.2508039 0.1184129 0.0630724 0.1508052 0.2871180 0.3302486 0.2520202 -0.3170370 0.2894718 0.3028995 -0.1732243 -0.0175373 0.4031188 0.1557800
