0.0000000 0.6446588 0.4642554 0.7091680 0.2316286 0.6638596 0.2086177 0.6881074 0.4786878 0.6357832 0.5970002 0.4935528 0.3221412 0.6630787 0.3735959 0.3519699 0.5405855 0.2348185 0.3156110 -0.2636085 0.4404600 0.0184730 0.5542867 0.3298710 0.1386938 0.6004157 0.5912784 0.5234655 0.2731395 0.6815665 0.2517704 0.1144492 0.3469689 0.3815661 0.4018565 0.4211908 0.5455322 0.2060769 0.7311294 0.7073797 0.1667369 0.2350133 0.5548693 0.6080612 0.2642250 0.1144545 0.3288623 0.3163771 0.4194517 -0.0999333 0.4647107 0.6306111 0.5682358 0.4987811 0.2029886 0.1830140 0.4290811 0.3716202 0.1482739 0.5872079 0.5469730 0.6379142 0.2206427 0.7313808 0.5887184 0.1208561 0.4356107 0.5472083 0.2138182 0.7290323 0.4495535 0.7109144 0.5210093 0.8850868 0.5047489 0.8343543 0.8433163 0.5850092 0.7507278 0.8082793 0.6211183 0.0253750 -0.2728382 -0.4243143 -0.1485611 -0.3174696 -0.1871350 -0.2895074 -0.3106698 -0.3097080 -0.3132116 -0.1064530 0.1078910 -0.4616310 -0.1611113 -0.2713963 -0.1536550 0.2901249 -0.2830117 0.3735260 -0.3385358 0.0363113 -0.0095686 -0.3115098 -0.1674994 0.0018183 -0.2302485 -0.0858619 -0.2618132 -0.0928121 -0.0599813 0.0543188 0.0006589 0.0500536 0.0922869 -0.0572974 0.0243718 0.3250995 0.2080411 0.5156751 0.0685665 0.0469775 0.0892043 0.3521777 0.0963973 0.2719878 -0.0177280 0.0571490 0.2889724 0.1973114 0.1296638 0.1463702 0.0335311 0.2528659 -0.1338672 0.0030733 0.1025277 -0.0250906 0.0554879 0.3725272 -0.1815250 0.0757790 0.4297996 0.1234340 0.1694889 -0.1439320 0.0768490 -0.0872023 -0.0628610 0.1759768 0.2008590 0.0095912 0.0483974 -0.1007168 -0.0489592 0.2221480 -0.1042210 -0.0010190 0.0195986 0.1491944 -0.3266981 0.0300861 0.1923364 0.0391036 -0.1419653 0.1036749 0.1172076 -0.0617237 -0.1203166 -0.0505696 -0.0787109 -0.2124057 0.5152042 0.6134929 0.5287486 0.5704222 0.5431756 0.6127805 0.4706622 0.3978908 0.4010887 0.4030204 0.2948675 0.2860504 0.5972127 0.7683585 0.6657315 0.7737168 0.8355545 0.8132913 0.6169901 0.6654303 0.6408262 0.4071566 0.4219123 0.5241014 0.5246590 0.6624930 0.3715318 0.3074036 0.4741939 0.1104223 0.1739283 0.4434924 -0.1409885 0.3271514 0.1348674 0.4963748 0.2353590 0.2026015 0.1713311 0.2059865 -0.0719954 0.2110257 0.3016279 0.5237683 -0.1685068 -0.1705385
0.6446588 0.0000000 0.3071628 0.6188663 -0.1224409 0.6802637 0.5882795 0.7424812 0.7325858 0.4804289 0.3198199 0.6593556 0.1201428 0.4300505 0.5721487 0.2733007 0.3211478 0.6209094 0.5590754 -0.2906246 0.5954180 0.2103026 0.2716540 0.4987306 0.4795632 0.2962122 0.5702393 0.4969517 0.5993717 0.4720490 0.0759879 -0.0499954 0.3908353 0.5450794 -0.0866785 0.5449442 -0.0500585 0.2770229 0.4922145 0.4437897 0.0250443 0.5381302 0.2253798 0.5387125 0.6347821 0.1393103 -0.1705237 0.0781832 0.4043810 0.0857053 -0.1320181 0.3995031 0.7976736 0.1617268 -0.0050243 0.2438956 0.0834513 0.1125495 0.5434151 0.0255032 0.8360058 0.1863125 0.0438926 0.7003907 0.8686038 0.1011433 0.2642913 0.2458582 0.1603145 0.5459486 0.3202360 0.7860089 0.2844848 0.7232446 0.3793746 0.4957509 0.5847037 0.3723519 0.3072694 0.4177678 -0.0164710 -0.1321963 -0.1859203 -0.2884886 0.2621835 -0.0442188 0.1984363 -0.0460561 -0.0557705 -0.1138684 -0.0922674 0.0309630 0.2185799 -0.1344100 0.2054919 0.0613825 -0.0817659 0.2445696 0.0304622 0.3456047 -0.1491060 0.1148844 0.0734836 -0.1273032 -0.1471293 0.2659625 -0.0231453 0.0160438 -0.2509726 -0.0088873 0.2278770 0.1202941 0.3430704 0.2251677 0.2076226 0.2271605 0.0675059 0.0620528 0.1327276 0.3591243 0.1116424 0.0332321 0.1138122 0.4537891 0.0948923 0.3594583 0.1564620 0.2341859 0.3905207 0.4639471 0.3544436 0.3790734 0.3060613 0.3934123 0.1410826 0.2107399 0.3923956 0.1252117 0.2999134 0.3219389 0.1507899 0.1766188 0.3335664 -0.0255342 0.2628561 0.0928029 0.3463251 0.2601861 0.1799666 0.2701676 -0.0477085 -0.1037599 0.2197080 0.1644050 0.3737393 0.1090243 -0.3222291 0.2913800 0.0369890 -0.2301885 0.1570712 0.0502133 0.2396274 -0.3483770 0.2484646 0.2687292 0.3380098 0.2830250 0.1748661 0.0618517 0.2609388 0.2124695 0.4578678 0.8665016 0.7796852 0.6738614 0.4571100 0.3997871 0.3478029 0.1998205 -0.0245818 0.4992464 0.6422771 0.5315793 0.6012357 0.7890839 0.2629560 0.2171484 0.2870080 0.2434626 0.4186070 0.4884235 0.4356181 0.2587401 0.4052327 0.5481763 0.5442422 0.5871488 -0.1969253 0.4029623 0.1465292 -0.3381045 -0.0938171 0.1701069 0.0067052 0.0025496 -0.1565708 0.3863482 -0.0540120 -0.3631021 -0.0783530 0.0239555 -0.1631149 0.0990711 0.0563774 0.0459001 0.0122634 0.0462324
0.4642554 0.3071628 0.0000000 0.2143928 0.7535729 0.0550747 -0.2027296 0.4368318 -0.0860583 0.3101639 0.3741333 -0.0461017 0.8021239 0.4477313 -0.1602886 0.4401079 0.6624563 -0.0463509 0.1248677 0.3735652 0.0707615 0.4357829 0.5406591 -0.1952889 0.1535470 0.5237734 0.6302662 0.3666805 -0.0228657 0.3562460 0.6674041 0.3462633 -0.0859158 -0.1236739 0.5885424 -0.0419129 0.5010164 0.4052666 0.4857110 0.4910027 0.5316572 0.0203258 0.6334344 0.4722492 -0.1814380 0.3653574 0.4968790 0.5061146 -0.1145616 0.2075488 0.4956967 0.6109802 -0.0322346 0.4723423 0.4907155 0.4606365 0.5291763 0.1584686 0.4712710 0.5166551 0.1893485 0.5305697 0.7148758 0.1839212 0.1504901 0.4542595 0.1599183 0.2916183 0.6647036 0.3428437 0.3262066 0.1680011 0.2226522 0.2785660 0.6102341 0.4173209 0.3087734 0.5828864 0.4294698 0.4015564 0.5061543 0.1055772 -0.1652119 -0.3835887 -0.1915651 -0.3106124 -0.0347266 0.1553326 -0.1905834 -0.0962937 0.1523522 0.1796064 0.2358285 0.0140207 0.0986679 -0.0602055 0.3467751 0.1712710 0.1385106 0.2751888 0.0708066 -0.0368488 0.0004726 -0.0882665 0.2643478 0.0265986 -0.1995961 -0.0633302 -0.0347351 -0.0029487 0.1301173 -0.0847789 -0.0661922 -0.0191083 0.0561137 -0.0772053 0.0732471 0.2565877 0.0681921 0.2198498 0.1337736 -0.0401121 -0.0344597 0.2050192 0.3076978 -0.0581734 0.0107058 0.1295571 0.0720891 0.0452741 0.0543023 -0.1258541 0.0616925 0.1573802 0.1816617 0.0362137 0.1842707 0.0333710 0.0858710 -0.0014206 -0.2181992 -0.0071086 0.2868556 0.0000701 0.1563654 -0.0812552 0.2248352 0.2976725 -0.0416840 -0.0191741 0.0047034 0.0258449 0.0688221 -0.2034454 0.2542399 0.0768445 -0.3014315 0.1466636 0.0426909 0.0165110 -0.0227885 0.0990579 0.0769488 -0.1590966 0.0295800 0.0551045 -0.1853636 -0.2280755 -0.3293542 -0.1077318 -0.0738836 -0.1976081 -0.0203733 0.0779124 0.2529170 0.1200575 0.1131598 0.0952428 0.0124633 0.0815411 0.2370574 0.0542497 0.2760724 0.0996671 0.4967175 0.2961896 0.6448732 0.6180362 0.2825566 0.2281685 0.1260799 0.3752928 0.2281736 -0.0925479 -0.0043939 0.0203201 0.0833571 0.0982981 0.1532336 0.0601045 0.4212553 -0.3105053 -0.2686869 0.1436220 0.5265453 0.6065700 0.1185388 0.3298480 0.3587590 -0.1011913 -0.4258889 0.0290585 0.3846586 -0.1247160 0.0692358 0.3832225 -0.0764622 -0.0836326
0.7091680 0.6188663 0.2143928 0.0000000 -0.0689765 0.9092072 0.5620426 0.8730219 0.7136786 0.8595456 0.8462787 0.7538861 0.2046489 0.8393345 0.6813361 0.5700017 0.5274296 0.5573188 0.5971208 -0.5426753 0.6327750 -0.0859628 0.4863603 0.6836872 0.2092019 0.5818719 0.5852067 0.8335385 0.4013636 0.8369165 0.1204326 -0.0340757 0.6018405 0.6477024 0.3281126 0.7141603 0.3736471 0.2480073 0.7539084 0.7792770 0.0085016 0.5985441 0.3781065 0.6270338 0.5216599 0.1433451 0.2025590 0.1378527 0.6528904 0.1527057 0.3139838 0.5716798 0.7017185 0.5242550 0.0956416 0.2490056 0.3866666 0.5745038 0.4566468 0.5004166 0.6900618 0.6850020 -0.1492685 0.8740639 0.6698927 0.1019474 0.6516256 0.7203253 -0.0451241 0.8056214 0.4472304 0.6882350 0.7071033 0.7330726 0.2530711 0.7498596 0.5273508 0.3663959 0.6012062 0.5321966 0.2795611 0.1614359 0.0570863 -0.1045101 0.2641587 -0.0237480 -0.0551315 -0.3315878 0.0536813 -0.0391204 -0.2301640 0.0664033 0.3640333 -0.3453136 0.0496949 -0.0662297 0.0229404 0.4695282 -0.1209881 0.1798245 -0.1345772 0.3010526 0.2837013 -0.1705654 0.0320910 0.2658383 0.2687637 0.3610013 0.1888592 0.4144398 0.2109246 0.5858948 0.1985779 0.1999036 0.1281781 0.1574909 0.1018598 0.1621576 0.2786801 0.5511635 0.1263792 0.1109278 0.0116398 0.4278838 0.1675181 0.6258214 0.1479272 0.0603948 0.5662361 0.3812619 0.3524744 0.1844400 0.1996219 0.2657603 -0.2286125 0.1279206 0.3005469 0.3689169 0.3403384 0.5059928 -0.0479670 0.3921932 0.0717287 0.3491198 0.4240273 -0.0452295 0.2799044 0.1451395 -0.1550778 0.2263999 0.3088699 0.2180472 0.3156544 -0.1109820 0.0716580 0.3676412 -0.0395726 0.2666413 -0.1358259 0.2653665 -0.1071675 0.2131483 0.3034707 0.1692426 0.1529698 0.2181123 0.1879532 -0.0220901 -0.0950038 0.1929060 0.0952251 -0.1283006 0.4981522 0.5892745 0.3903594 0.6716580 0.6869595 0.4249510 0.7925220 0.7289529 0.2306564 0.7492740 0.6699063 0.6090988 0.6247137 0.6965558 0.2077614 0.3232193 0.4438174 0.4782220 0.6867447 0.3139568 0.2597315 0.3621041 0.7177268 0.6746817 0.6356777 0.3936518 0.1413357 0.6148986 0.3903296 -0.0023122 0.4038054 0.4807724 -0.0641424 -0.1346968 0.2688258 0.3620385 0.2757438 0.0456914 0.4657356 0.1257836 -0.0839822 0.1969579 0.3045396 0.4761954 -0.1591470 -0.2088387
0.2316286 -0.1224409 0.7535729 -0.0689765 0.0000000 -0.1418132 -0.4395261 -0.0387431 -0.4194296 0.2229113 0.2890575 -0.3345310 0.5326386 0.2744772 -0.3662666 0.3201166 0.5969381 -0.3653002 -0.2699908 0.4511563 -0.3776166 0.2269953 0.5381292 -0.3395002 -0.2011122 0.3351065 0.2339187 0.1510258 -0.3918938 0.0688916 0.5541343 0.2552238 -0.0786418 -0.3409415 0.7063103 -0.4206288 0.5035803 0.1235869 0.2783583 0.2479167 0.4000715 -0.4484306 0.5846223 0.3283218 -0.6130717 0.1314820 0.6994174 0.3655970 -0.1350688 0.0294225 0.7207360 0.4620289 -0.3215974 0.4104394 0.4278368 0.2231166 0.4243914 0.1498874 0.0011658 0.5979109 -0.2474740 0.5207758 0.5556720 -0.0543768 -0.1468401 0.2482753 0.0581464 0.2341004 0.5082196 0.1421077 0.0291568 -0.0853297 0.0890461 0.0680890 0.3460226 0.1940644 0.1779225 0.3118902 0.2236940 0.2015583 0.5511178 0.0564298 -0.0256400 -0.1647768 -0.3944932 -0.1964331 0.1010969 0.1863834 -0.0752424 -0.0857270 0.3499081 0.3195340 0.1294466 0.0514378 0.0898220 -0.0143471 0.3945342 0.0978255 0.1065867 0.2224971 0.1158893 0.0032730 0.0387303 0.0002910 0.3046893 -0.1504450 -0.1850428 -0.0379446 -0.0099961 -0.0393505 -0.0281221 -0.1724329 -0.1255346 0.0098575 0.0532339 -0.0988248 0.1721660 0.2605504 0.0752134 0.0689354 0.1071489 0.0319389 -0.1015254 -0.0743507 0.2310556 -0.3677268 0.0379115 0.0087585 -0.2340474 -0.2177523 -0.1531862 -0.2408816 -0.0506369 -0.0439509 0.1883043 -0.0733294 -0.0307496 -0.1689196 -0.1361155 -0.3376732 -0.2495487 -0.2459628 0.3108281 -0.0226248 0.0025689 -0.1126549 -0.0093298 0.0293764 0.0053826 -0.2365438 -0.1460472 0.0255789 -0.1115909 -0.1277802 0.0519881 -0.0529895 -0.0833035 -0.0824085 0.0770314 0.0271546 -0.1887018 -0.0511165 -0.0439907 -0.0393887 -0.1713099 -0.0542014 -0.1797992 -0.2428690 -0.2426547 -0.1370044 -0.1735037 -0.2437885 -0.1221907 -0.2462465 -0.1137411 -0.1941918 -0.1524905 0.0303851 -0.2704372 -0.0611170 0.4762845 -0.1410282 -0.1710592 -0.2314316 0.0868945 0.0155485 0.5287063 0.5859384 0.2670686 0.2414079 -0.0197615 0.2683886 0.1525520 -0.0113544 -0.2305940 -0.2547781 -0.2931841 -0.0804391 0.2662828 -0.3313821 0.3517345 -0.0978447 -0.1736203 0.0704132 0.3489066 0.5970138 -0.0379650 0.0649530 0.3410389 0.1180319 -0.2430173 0.0625521 0.3453933 -0.3674974 0.0512304 0.4007159 -0.2013196 -0.3034463
0.6638596 0.6802637 0.0550747 0.9092072 -0.1418132 0.0000000 0.7059143 0.7310703 0.8342898 0.8196354 0.7376903 0.8274513 0.0497106 0.7991950 0.7879503 0.4042581 0.4616262 0.6705002 0.5565301 -0.4669850 0.6713027 0.0089307 0.4115127 0.7992909 0.2608686 0.4774258 0.5275971 0.7786329 0.5089486 0.7743666 0.1103725 -0.0060302 0.7181938 0.7553771 0.2552157 0.7389730 0.2294288 0.2422226 0.6898584 0.6822632 -0.0062112 0.6223118 0.3047185 0.6429352 0.6229909 0.0984790 0.0958365 0.1431614 0.7788436 0.0737755 0.2270777 0.4902934 0.8180394 0.4645748 0.0846350 0.2206020 0.2769833 0.5672462 0.3873094 0.3856027 0.6719158 0.5475139 -0.2078319 0.8913317 0.6861978 0.0710105 0.5781189 0.6153393 -0.0922160 0.7454686 0.3907095 0.7221457 0.6124500 0.7231676 0.1412335 0.7024557 0.5889438 0.2747145 0.5192499 0.5024587 0.0938068 0.1155941 0.0935922 -0.0357549 0.2937486 0.1170972 0.1338515 -0.3437134 0.1497693 -0.0275120 -0.0880394 0.2476447 0.3861244 -0.3525370 0.1694491 0.1521357 0.0639385 0.4254312 -0.0638351 0.2155066 -0.0936096 0.3908308 0.3413486 -0.1931134 0.0561804 0.3897305 0.3022212 0.3877111 0.0985438 0.3261849 0.2565860 0.5052870 0.3863450 0.3130292 0.1927598 0.3171082 0.1880082 0.1645605 0.3571702 0.5404463 0.1873990 0.1952857 0.1581285 0.4975242 0.1953946 0.6030220 0.2164288 0.1783193 0.5438398 0.4677139 0.4215482 0.3085722 0.3047782 0.3585856 -0.0306714 0.2432975 0.3876883 0.2668983 0.3865872 0.4783564 0.1612109 0.3617996 0.2237402 0.2591119 0.3991293 0.1398765 0.3556551 0.2422524 0.0486602 0.3325744 0.2057061 0.1792895 0.3828077 0.1297340 0.2533399 0.3767614 0.0229406 0.3550801 0.0171621 0.1539689 0.1028311 0.2714710 0.4225987 0.1017238 0.2912303 0.3650647 0.4156880 0.2030827 0.1429993 0.2966060 0.2908336 0.0869722 0.5210731 0.6649065 0.5693435 0.7437229 0.6653254 0.4307262 0.7301323 0.6011756 0.1329417 0.7499333 0.6325164 0.6122935 0.5708991 0.6255666 0.1106681 0.1865143 0.3880791 0.3865488 0.5947106 0.3170851 0.2840121 0.3651062 0.6867222 0.6476484 0.5678841 0.5223854 -0.0048641 0.4992069 0.3045324 0.0348333 0.4213570 0.4074459 -0.1114726 -0.2200512 0.0929338 0.4600367 0.2189205 0.0479557 0.4834781 0.1111103 -0.1421403 0.1783054 0.3004068 0.3010074 -0.0945848 -0.1870133
0.2086177 0.5882795 -0.2027296 0.5620426 -0.4395261 0.7059143 0.0000000 0.4595288 0.7055310 0.5254079 0.3791601 0.8368500 -0.1491900 0.3286326 0.7844472 0.2518451 0.1278972 0.7578889 0.4643359 -0.4340245 0.7065970 -0.0010026 0.0783912 0.7489764 0.4029515 0.1387803 0.4000120 0.5904586 0.6731805 0.4726283 -0.1746803 -0.0957549 0.5151873 0.7244190 -0.2244270 0.7065182 -0.1443669 0.0285404 0.3091267 0.2362918 -0.1998942 0.7141050 -0.0802978 0.2884619 0.7887308 0.0149694 -0.2532183 -0.1846775 0.5541384 -0.1083908 -0.1438231 0.1574877 0.6894672 0.1160584 -0.2073622 0.0313871 -0.0660724 0.2929622 0.3915021 0.0137224 0.6143341 0.1043672 -0.3579196 0.6492933 0.5560920 -0.0730905 0.3894282 0.3193684 -0.2847925 0.4429862 0.1503896 0.6123626 0.3270929 0.4450907 -0.1651915 0.3042784 0.2942724 -0.1197693 0.0438266 0.1307810 -0.3820189 -0.1183094 0.1577654 0.0267922 0.4044044 0.2510870 0.2333739 -0.2029627 0.1668297 0.0224907 -0.1018364 0.2168548 0.2279826 -0.0669974 0.2413692 0.3378128 0.0213551 0.0870951 0.0326110 0.1089952 -0.0076401 0.2735911 0.2908987 -0.0701059 0.0099528 0.4359124 0.3684217 0.3108497 0.0740572 0.2400907 0.3321411 0.4782528 0.4697698 0.3251654 0.1173845 0.3992470 0.1675869 -0.1244675 0.3146099 0.3313111 0.0684140 0.0214110 0.0425603 0.3859680 0.0535035 0.6541394 0.2549485 0.1714506 0.5330202 0.4704352 0.4553045 0.3318750 0.4457418 0.3383673 0.1056680 0.3394350 0.4176776 0.3179963 0.4192229 0.4302142 0.3325385 0.4243008 -0.0203189 0.2887645 0.3767639 0.2242813 0.3697499 0.3197834 0.2281796 0.3867102 0.1188391 0.2623960 0.3866896 0.2378432 0.3006592 0.3431021 0.0313248 0.4721143 0.1048783 -0.0429171 0.3767018 0.2804413 0.4259936 -0.0241802 0.4544522 0.4875614 0.4436628 0.3802902 0.4056294 0.3791508 0.4378948 0.3644908 0.3450318 0.6130980 0.5562295 0.7534559 0.6367148 0.2924977 0.5479794 0.3490548 -0.1941804 0.5124099 0.5952856 0.5798854 0.4134677 0.3825860 -0.1899139 -0.2558280 -0.0115298 0.0291907 0.4127370 0.1113898 -0.0287767 0.1569398 0.6308244 0.5018426 0.4952980 0.3117238 -0.3127248 0.6058453 -0.1474408 -0.2860505 0.1086973 0.0563272 -0.1581263 -0.4563846 -0.1043502 0.1684941 -0.0901620 -0.2545799 0.1844341 -0.0175795 -0.2955102 -0.0083473 0.2626764 -0.1820732 0.0109736 0.1382817
0.6881074 0.7424812 0.4368318 0.8730219 -0.0387431 0.7310703 0.4595288 0.0000000 0.6917185 0.6936821 0.7035915 0.7061069 0.4681278 0.7534683 0.6108608 0.6349492 0.5344454 0.5666706 0.7710222 -0.3025539 0.6769519 0.1819431 0.4968895 0.5526657 0.4627291 0.7176237 0.6899294 0.7811513 0.5190830 0.7913899 0.3160089 0.1294630 0.4434366 0.5803149 0.2909976 0.7475295 0.3216104 0.4447327 0.7457662 0.7116689 0.1808510 0.7049009 0.4183100 0.6747616 0.6301778 0.3382375 0.1238303 0.2785182 0.5010084 0.3323236 0.1468032 0.5611694 0.6807917 0.4759891 0.2311068 0.4577593 0.4708836 0.4785311 0.6899179 0.3663544 0.8486057 0.5756431 0.1137494 0.7967785 0.7483135 0.3722083 0.6061032 0.6157817 0.2588786 0.7777048 0.6488056 0.6353439 0.6672048 0.6320543 0.5585659 0.7112358 0.4239654 0.6264888 0.6152268 0.4040685 0.2468177 0.1622646 -0.0628173 -0.2008917 0.2894563 -0.1233028 -0.0781413 -0.0786087 -0.0231421 -0.0074822 -0.2832678 -0.0886544 0.4271470 -0.1798511 0.0446763 -0.0397900 0.0369891 0.5147100 0.0304618 0.3085931 -0.0339049 0.2272719 0.1599904 -0.0482914 -0.0253041 0.2974268 0.1433173 0.2433762 0.0689116 0.2661835 0.2318935 0.3791801 0.2385857 0.2560219 0.2844403 0.2517828 0.2227466 0.2894574 0.3432174 0.5078194 0.2494510 0.2288857 0.1887442 0.4658058 0.2327583 0.4839154 0.2553084 0.2199927 0.5391665 0.4525063 0.4043883 0.3026701 0.2954538 0.2437494 -0.0380838 0.1997135 0.3568959 0.3565499 0.4047305 0.4889002 0.0517875 0.3685556 0.2098127 0.1433922 0.4234239 0.0100147 0.4076676 0.3180012 -0.0072023 0.3077786 0.2754282 0.0609095 0.3755370 -0.0583300 0.2141205 0.2394981 -0.2329054 0.3326566 -0.0391607 0.1087474 0.0005873 0.2349469 0.2352701 -0.0660723 0.2374005 0.2051365 0.1541386 0.0592219 -0.1298971 0.1211841 0.1396913 -0.0064383 0.3209692 0.5784983 0.4400164 0.5690285 0.5384137 0.1986373 0.6420409 0.5102258 -0.0263404 0.6210009 0.7873150 0.6210510 0.7246431 0.7876018 0.3777719 0.3016617 0.2843239 0.3246548 0.5131253 0.2213577 0.1588776 0.1006329 0.4951916 0.5030662 0.5280638 0.2588120 -0.0233424 0.5292369 0.1992494 -0.2220460 0.0380890 0.2193168 0.1077686 0.0075314 0.2409988 0.3693336 0.1466593 -0.1772708 0.1069577 -0.0471543 0.0230982 0.1808026 0.1213801 0.3423009 -0.1106871 -0.1599547
0.4786878 0.7325858 -0.0860583 0.7136786 -0.4194296 0.8342898 0.7055310 0.6917185 0.0000000 0.5327677 0.3644465 0.8282445 -0.0750256 0.5762660 0.8397050 0.1245997 0.0653353 0.8167295 0.6371451 -0.3586536 0.7692854 0.1258231 0.0749542 0.7396476 0.4563002 0.3630705 0.3603357 0.6044121 0.7005651 0.5979860 0.0783652 0.0132636 0.5280734 0.7827666 -0.0447826 0.7808821 -0.0517695 0.3439249 0.4743129 0.3788474 0.0133127 0.7628396 0.0107213 0.4061458 0.8100841 0.1262573 -0.1948557 0.1097634 0.6250962 0.1378459 -0.1940801 0.1416198 0.8955610 0.1064801 0.0733192 0.2640296 0.1252577 0.2658330 0.3601573 -0.0338799 0.6893277 0.1136182 -0.1334194 0.7057119 0.6744563 0.1542207 0.2655757 0.2131461 0.0337402 0.4556877 0.3727362 0.5633747 0.3094621 0.4916895 0.2604446 0.4347020 0.3506073 0.2753862 0.3001473 0.2971112 -0.1234051 -0.0918488 -0.0328918 -0.0450590 0.3364060 0.0649811 0.0946710 -0.2814638 0.0424088 -0.0843400 -0.1911194 0.1199717 0.3228940 -0.3045683 -0.0022482 0.0873155 0.0024914 0.3140008 -0.0914788 0.0545579 -0.1485023 0.2426645 0.1249623 -0.1957288 -0.0216363 0.2706615 0.2281115 0.2271417 0.0543873 0.1867950 0.1633069 0.3032140 0.3140034 0.2035039 0.1653833 0.2805697 0.1042516 -0.0185534 0.1908606 0.2320392 0.0677849 0.1771644 0.2911854 0.2831723 -0.0504084 0.4465725 0.1297823 0.2631980 0.4486001 0.4014373 0.3199913 0.3990114 0.2135295 0.1868549 0.0945726 0.3092315 0.2953055 0.2873852 0.3207921 0.5152259 0.2576353 0.3997786 0.1848815 0.1436615 0.2958391 0.2426795 0.3225181 0.2548114 0.0789777 0.3438266 0.2248820 0.0424038 0.3924350 0.1740386 0.2558066 0.3920445 -0.0884725 0.3251875 0.0303652 0.0645633 0.1821345 0.2870992 0.4180084 -0.0136661 0.3169817 0.3312306 0.3894838 0.2714359 0.1628580 0.2620737 0.2859966 0.1852377 0.2145196 0.5982409 0.6052605 0.7164458 0.6175530 0.2258243 0.6506173 0.3488831 -0.2246073 0.5085594 0.5963926 0.4765911 0.3541714 0.4966963 -0.0634802 -0.0675608 0.1095830 0.0914057 0.2683999 0.1509276 0.1991583 0.0491130 0.4227689 0.4949660 0.4875927 0.4522647 -0.1517215 0.4788645 0.0494252 -0.0975349 0.2234504 0.1719324 0.0111490 -0.3997336 0.1323938 0.5285156 0.0251193 -0.1328601 0.3590724 0.1336603 -0.0082447 0.2969576 0.2721238 0.0777729 0.0916154 -0.0040123
0.6357832 0.4804289 0.3101639 0.8595456 0.2229113 0.8196354 0.5254079 0.6936821 0.5327677 0.0000000 0.9147144 0.6480750 0.3129441 0.8322963 0.5351739 0.6855077 0.6945110 0.4618430 0.3520845 -0.2929825 0.4862022 -0.1249168 0.6757364 0.5540636 -0.0188711 0.5538474 0.5916355 0.8577985 0.2688555 0.7487408 0.2313568 -0.0844579 0.5023665 0.5183506 0.5231480 0.5270113 0.3251926 0.0577236 0.6973741 0.7249418 -0.0025783 0.3696449 0.4851712 0.5722191 0.3379550 -0.0807522 0.2668899 0.0848172 0.5612136 -0.1210690 0.4686564 0.6526152 0.5742170 0.5789797 0.0694236 0.1038570 0.2806229 0.5427304 0.3147560 0.6058440 0.5769406 0.7379691 -0.1022435 0.8497555 0.5904248 0.0493975 0.5650552 0.7445476 -0.0026765 0.8269788 0.3001695 0.6865795 0.6229298 0.6897464 0.2036699 0.7218594 0.5823702 0.2648780 0.4701351 0.4808036 0.2714065 -0.0719729 -0.0938505 -0.2244819 0.0129866 -0.1607647 -0.0763671 -0.4481879 -0.0621523 -0.2743349 -0.1263760 0.1829063 0.3579584 -0.4547296 -0.0318622 -0.0696091 0.1095378 0.3641999 -0.1771520 0.1458666 -0.1903169 0.2042522 0.1682716 -0.3516389 0.0740044 0.1251119 0.1165574 0.2783774 0.1095716 0.2141259 0.0796473 0.4262913 0.1739803 0.1970673 0.0717302 0.2087274 0.1767011 0.1011107 0.3340749 0.4151591 0.0571700 0.0826145 -0.0690426 0.2785059 0.0914223 0.3732962 0.1504054 -0.0859010 0.2596933 0.1598109 0.1726360 -0.0047255 0.1610684 0.0856426 -0.1228701 -0.0079067 0.1343353 0.0775665 0.1259046 0.2070846 -0.1211696 0.1064520 0.1091064 0.1994016 0.1896914 -0.1464571 0.1060441 0.0651837 -0.0978621 0.0367102 0.1306405 0.1001607 0.1090653 -0.0936693 -0.0150567 0.2674734 -0.1285497 0.1015210 -0.0803207 0.1633027 -0.1741729 0.0967657 0.2169793 0.0633659 0.0154954 0.1443453 0.1238792 -0.0445046 -0.1185708 0.0912541 -0.0070567 -0.1387255 0.4144461 0.4091973 0.3134953 0.5886735 0.6214155 0.4199113 0.6124818 0.5475971 0.3083629 0.5395932 0.4545345 0.4012467 0.5039156 0.6406466 0.3489860 0.3775359 0.4508245 0.4849971 0.5709605 0.3354084 0.2025973 0.3226054 0.5869531 0.5587047 0.5033834 0.3425577 0.1347310 0.3790565 0.3137085 -0.1377129 0.2484224 0.3442181 -0.1245701 -0.0690236 0.0044107 0.2510111 0.2854829 0.0938614 0.2766444 0.1839040 -0.1724628 -0.0564813 0.3157458 0.3899708 -0.1807640 -0.2604274
0.5970002 0.3198199 0.3741333 0.8462787 0.2890575 0.7376903 0.3791601 0.7035915 0.3644465 0.9147144 0.0000000 0.5360568 0.4583823 0.8562800 0.4428162 0.8198491 0.7936007 0.3141245 0.4538936 -0.2702839 0.3742840 -0.0346652 0.7519718 0.5024311 0.0440048 0.6906913 0.5926542 0.8774990 0.1325555 0.8273386 0.3184045 0.0842259 0.5435621 0.4231538 0.6353629 0.5482045 0.5198760 0.1853452 0.7617111 0.7999256 0.1087847 0.3921350 0.5599330 0.6848205 0.2643258 0.1710136 0.4338532 0.2199307 0.5882422 0.1018785 0.5987926 0.7019049 0.4008074 0.7309111 0.2224020 0.2632192 0.5074346 0.7388917 0.4191315 0.7399503 0.5234665 0.9060555 -0.0348772 0.7985124 0.4484980 0.2274140 0.7831740 0.9071575 0.0418949 0.8819764 0.4916698 0.5519719 0.8372705 0.6040289 0.2361503 0.7870833 0.4764353 0.4019647 0.6457776 0.4272833 0.4050759 0.2905727 0.1426680 -0.0346067 0.1237245 -0.0062633 -0.0110397 -0.2352025 0.1092533 -0.0338161 -0.0695275 0.2022999 0.4678267 -0.2706235 0.0867889 0.0749264 0.2382164 0.5199008 -0.0330841 0.2945888 0.0185160 0.3570784 0.3645250 -0.0906621 0.1716918 0.3014349 0.2700816 0.4628428 0.2039839 0.3924714 0.1800136 0.5478631 0.2693105 0.3312940 0.2380936 0.2995170 0.3409934 0.3771157 0.5164093 0.6364023 0.3089412 0.2573131 0.0363891 0.4499742 0.3861622 0.4368530 0.3045148 0.0202704 0.4183312 0.3316020 0.3699792 0.0667087 0.3049807 0.2488672 -0.1398201 0.0787754 0.3070618 0.2324384 0.3434294 0.3045912 -0.0525100 0.2400333 0.1514703 0.2653362 0.3858379 -0.0802847 0.2906182 0.2080300 -0.0614091 0.2021130 0.2824371 0.2183548 0.2893718 -0.0822687 0.0756055 0.2552447 0.0622882 0.2544625 0.0432615 0.2902235 -0.1036983 0.2473632 0.2217344 0.1971411 0.1430546 0.2045989 0.1351272 -0.0287146 -0.0912262 0.2104329 0.0920417 -0.1051825 0.4553364 0.3230334 0.1304241 0.4159821 0.4917788 0.3002305 0.6150239 0.6717728 0.3486290 0.6679889 0.5544430 0.5415005 0.6385196 0.5765448 0.4127624 0.4174328 0.4366075 0.5008236 0.6558753 0.2237252 0.0973566 0.3167423 0.6009719 0.4298872 0.3820788 0.1908759 0.1763334 0.3429936 0.3306261 -0.0566467 0.2623989 0.3264232 -0.0298095 0.1012478 0.1433688 0.2050276 0.3001182 0.0911665 0.2923498 -0.0448649 -0.0261581 -0.0066225 0.2268707 0.4991472 -0.3189096 -0.4150476
0.4935528 0.6593556 -0.0461017 0.7538861 -0.3345310 0.8274513 0.8368500 0.7061069 0.8282445 0.6480750 0.5360568 0.0000000 0.0823042 0.5935558 0.9514924 0.3328519 0.3253313 0.7869517 0.6491551 -0.4149024 0.8717559 0.1661344 0.2664779 0.9123645 0.5146961 0.4616819 0.5539842 0.7063967 0.8608285 0.6360477 0.0649686 0.1470274 0.7184684 0.9510980 0.0476903 0.8424807 0.1429543 0.3022428 0.6019234 0.4230672 0.0439318 0.7957360 0.2223851 0.5451981 0.8400532 0.1759058 -0.0507107 0.1429181 0.7706531 0.0633593 0.0439787 0.3742792 0.8935204 0.3799161 0.0898688 0.2951457 0.2458160 0.5453415 0.4509340 0.2567987 0.7081007 0.3317139 -0.1184669 0.8379587 0.7447557 0.1877401 0.5441808 0.5195532 0.0282329 0.6632777 0.4643138 0.6742525 0.5314394 0.5986068 0.2007761 0.5832217 0.4514873 0.2833485 0.3764184 0.2228158 -0.1815060 -0.0277521 0.0870169 -0.0499252 0.3887241 0.1100406 0.0850181 -0.2297873 0.1187921 0.0282648 -0.1766209 0.1023267 0.3509520 -0.2645599 0.1547479 0.2101018 0.0062026 0.3461458 0.0285988 0.2348794 -0.0818707 0.3607973 0.2857838 -0.1353774 0.0360215 0.3867339 0.2864614 0.3073341 0.1120800 0.2015787 0.3599818 0.4155405 0.4305888 0.3908305 0.2578840 0.3996725 0.2872717 0.0827513 0.4258086 0.3746594 0.1266721 0.2487332 0.2755113 0.4274337 0.0624600 0.5820387 0.2909138 0.3334889 0.5091239 0.4346398 0.4173822 0.5123388 0.3936270 0.2192162 0.1934577 0.4117052 0.3479450 0.2483579 0.3675800 0.4291274 0.3482674 0.4073320 0.2493431 0.1766130 0.3929964 0.2658437 0.3933123 0.2936459 0.2701035 0.4179489 0.0999778 0.1476402 0.4506905 0.2554747 0.2697144 0.3595518 -0.1522439 0.4254388 0.0152194 -0.0914871 0.2204071 0.3406646 0.4561350 -0.1303901 0.4193402 0.4839141 0.4863535 0.3641201 0.2412366 0.3571447 0.4023290 0.2832313 0.2902715 0.6158668 0.6086597 0.8345562 0.7137848 0.1768056 0.6441887 0.3568281 -0.2580204 0.5705782 0.6346812 0.5911018 0.5056574 0.5968611 0.0191641 -0.0377541 0.1386721 0.1637416 0.4063649 0.0574757 0.0033447 0.0532839 0.5537032 0.4986374 0.4987711 0.3024916 -0.3373067 0.5404722 0.0202947 -0.0233581 0.1129449 0.0708881 -0.1472569 -0.4459243 0.0395964 0.3632265 0.1316475 -0.0560094 0.2783808 0.0077955 -0.2556162 -0.0427317 0.1418275 -0.0311869 -0.1734780 -0.1434159
0.3221412 0.1201428 0.8021239 0.2046489 0.5326386 0.0497106 -0.1491900 0.4681278 -0.0750256 0.3129441 0.4583823 0.0823042 0.0000000 0.4797429 -0.0538033 0.5774187 0.7212660 -0.0246694 0.3518635 0.5159158 0.2398113 0.5775517 0.6430105 -0.0602480 0.3226517 0.7161434 0.7089359 0.4256547 0.1290823 0.4775001 0.8312830 0.5965434 -0.0149063 0.0173264 0.6955425 0.2403782 0.5420935 0.5536408 0.5556476 0.5062699 0.6687001 0.2498699 0.7075176 0.5163816 0.0615076 0.4844431 0.4527362 0.6884398 0.0303335 0.3318781 0.4650028 0.6458065 -0.0249827 0.6627221 0.6497526 0.6095829 0.6619324 0.4373529 0.5709827 0.5624458 0.2680597 0.5845617 0.6961401 0.2560847 0.1048139 0.7169513 0.4052117 0.4836171 0.6896207 0.4727945 0.6467942 0.0325894 0.4430913 0.1008801 0.6630383 0.4901973 0.1399636 0.7339313 0.5400490 0.1474500 0.3544075 0.2570144 -0.1518857 -0.3361243 -0.1615871 -0.3010926 -0.1733531 0.1017279 -0.1271545 -0.0414792 0.0043937 0.0511863 0.3698978 -0.0416789 0.0234763 0.0928689 0.3585889 0.2981779 0.2436350 0.3648752 0.2213859 0.0642593 0.0131902 -0.0330891 0.2743472 0.2354775 -0.1329849 0.0521752 0.1029229 -0.0834703 0.2198209 -0.0744587 0.0813710 0.1269986 0.1900710 0.1935078 0.3187170 0.4417369 0.4145585 0.2397228 0.2976932 0.2321854 0.3167325 0.3242756 0.4250598 -0.0104844 0.1650557 0.3114572 0.1254739 0.1177019 0.1751100 0.0738106 0.1908531 0.1007819 0.2975447 0.1878232 0.2200153 0.0457255 0.2062391 0.1036537 0.0155087 0.0950765 0.3517685 -0.0849577 0.2121136 0.0728716 0.3530819 0.4663017 0.1330442 0.2174659 0.1524633 0.0479391 0.2554154 -0.0793961 0.3055707 0.1157464 -0.2382876 0.2853644 0.2199459 0.0754492 0.1066674 0.3174282 0.1637728 -0.1151247 0.2082839 0.1721156 -0.0927096 -0.0804670 -0.2802634 0.0590229 0.0732389 -0.0138171 -0.1570126 -0.1231929 0.1170320 0.0517057 0.0851692 -0.2200340 0.1331448 0.0748699 -0.1030257 0.0683235 0.3518422 0.1827961 0.5218138 0.2657964 0.6279770 0.3902274 0.0765818 0.0828705 0.0047103 -0.0397605 -0.1736464 -0.3767655 -0.0601814 -0.1514300 -0.0540812 -0.1824300 -0.0708314 -0.0071181 0.1751095 -0.1999474 -0.3071928 -0.1199773 0.4410802 0.4348957 0.1391438 0.2713414 0.3804007 -0.0233364 -0.4097017 -0.2081088 0.2974886 -0.1940749 -0.0623734 0.2077001 -0.1893536 -0.2070375
0.6630787 0.4300505 0.4477313 0.8393345 0.2744772 0.7991950 0.3286326 0.7534683 0.5762660 0.8322963 0.8562800 0.5935558 0.4797429 0.0000000 0.5540452 0.5344194 0.6691686 0.4937009 0.4859358 -0.1042384 0.5550081 0.1822371 0.5713007 0.5561782 0.1845861 0.7408174 0.6096755 0.8247937 0.3103871 0.8362773 0.4909156 0.2577177 0.5444345 0.5461371 0.6540504 0.5729642 0.5685061 0.4004917 0.8129167 0.8034234 0.2522067 0.4856742 0.5622734 0.7265416 0.3450422 0.3158649 0.4541693 0.4008474 0.6183790 0.2406265 0.5322270 0.6369177 0.5456472 0.6527814 0.4143570 0.4671713 0.6171535 0.6654218 0.4461803 0.6750218 0.4696734 0.7802385 0.2060814 0.7342044 0.4549160 0.3616673 0.6183486 0.6877209 0.2951513 0.7307162 0.5479997 0.4819187 0.6617729 0.5460944 0.4263204 0.7491706 0.4725907 0.5435082 0.6765955 0.5135139 0.3802007 0.2389830 0.1077966 -0.0457281 0.1352801 -0.0023615 -0.0100586 -0.2085907 0.1080099 0.0035266 0.0010181 0.2963521 0.5526199 -0.2757248 0.0974028 0.0983045 0.3085052 0.5606087 0.0483298 0.1028182 -0.0110233 0.4508423 0.3550129 -0.2042187 0.2838433 0.3205987 0.2799192 0.4325517 0.2231862 0.3895902 0.2517097 0.4664273 0.2558899 0.3063263 0.2497375 0.2908280 0.3020094 0.3207454 0.3984718 0.5232886 0.2794566 0.2992617 0.2228935 0.4282056 0.3172241 0.4193678 0.2431470 0.2210774 0.4262793 0.3357603 0.3385665 0.1312272 0.2719975 0.1778946 0.0699175 0.2332639 0.2961946 0.2206977 0.3488075 0.3352386 0.0604825 0.2816345 0.2963982 0.1962022 0.3540273 0.1279822 0.3673000 0.3287797 -0.0083458 0.2436412 0.2524324 0.1775104 0.3996683 0.0153014 0.2206886 0.3554910 -0.0258856 0.2972913 0.0163615 0.2392771 0.0351515 0.3730950 0.3596738 0.1259025 0.2380961 0.2796400 0.2410053 0.0158560 -0.1328703 0.2352479 0.1611273 -0.0803586 0.2259225 0.3156125 0.3848946 0.5394870 0.5522008 0.2244673 0.6682071 0.5622044 0.1361036 0.5676222 0.5439032 0.4579378 0.6096813 0.4880147 0.3499465 0.3773291 0.3948176 0.3870633 0.4784734 0.2506922 0.1989220 0.1570507 0.5398349 0.4654167 0.4030068 0.2935544 0.1359650 0.3687290 0.4002378 0.0790256 0.3486466 0.3924325 0.1787486 0.0883064 0.3117350 0.5543971 0.4196075 0.1672017 0.3459483 0.1275882 0.1394924 0.1822695 0.2478410 0.4926919 -0.1466737 -0.3282430
0.3735959 0.5721487 -0.1602886 0.6813361 -0.3662666 0.7879503 0.7844472 0.6108608 0.8397050 0.5351739 0.4428162 0.9514924 -0.0538033 0.5540452 0.0000000 0.2153532 0.1819593 0.7982915 0.6200249 -0.4363114 0.7727363 0.1759324 0.0895875 0.9465241 0.5154026 0.4009585 0.3463546 0.6385390 0.8282041 0.5433403 0.0040549 0.1498530 0.8015851 0.9658308 -0.0398193 0.7782069 0.1068940 0.3189271 0.4787829 0.2580865 0.0061033 0.7860909 0.0580723 0.5019638 0.8022505 0.2297441 -0.0424061 0.1119574 0.8449707 0.1320339 -0.0138946 0.1740347 0.8606505 0.2555932 0.0897847 0.2992072 0.2384964 0.5560729 0.3864034 0.1588912 0.5918133 0.2468181 -0.1670083 0.7458016 0.6454725 0.1791807 0.4905302 0.4252446 0.0041157 0.5472357 0.4149271 0.5617049 0.5023969 0.4822425 0.1185919 0.5014714 0.3440084 0.2253732 0.3496995 0.1358405 -0.2310849 0.0260389 0.2287984 0.1384379 0.4498436 0.2443039 0.1940809 -0.1004181 0.2255514 0.1486234 -0.1039962 0.1724503 0.3331614 -0.1702342 0.1979888 0.2993943 0.0486511 0.3358878 0.0358657 0.1570750 -0.0398740 0.4232816 0.3521879 -0.0359160 0.0545668 0.3725964 0.3736885 0.3703551 0.1056109 0.2876097 0.3203166 0.4133052 0.4851240 0.4712580 0.3631277 0.4495652 0.3707241 0.1330645 0.4148695 0.3522925 0.1940888 0.3599740 0.3353842 0.3450983 0.0581250 0.4972886 0.3907813 0.3647738 0.4797836 0.4587775 0.4312917 0.5517814 0.4233676 0.1801500 0.2243562 0.4335895 0.3539713 0.2849509 0.4041884 0.3781421 0.4468578 0.4220923 0.2494024 0.1594856 0.4125122 0.3285649 0.4112898 0.2898670 0.3037619 0.3978922 0.0722591 0.1140092 0.4992030 0.3310725 0.2996735 0.3093275 -0.0740698 0.4298462 0.0095996 -0.1142686 0.2976817 0.3413851 0.4117211 -0.1124303 0.4608733 0.4567441 0.5258363 0.4143005 0.3018339 0.3653625 0.4497597 0.3239055 0.2032502 0.5625797 0.5449603 0.7351366 0.6055936 0.0762373 0.5599872 0.2936565 -0.2953437 0.5429712 0.5953386 0.5443300 0.4261891 0.4615934 -0.0891084 -0.1239021 0.0411635 0.0527523 0.3128964 -0.0565554 -0.0330097 0.0283155 0.4553786 0.3735233 0.3649895 0.2449884 -0.3514607 0.4333148 -0.0559418 0.0456262 0.1126650 0.0061830 -0.0822604 -0.5234040 0.1121627 0.3677763 0.0414725 -0.0533275 0.3589213 -0.0289254 -0.1452977 0.0279244 0.1282638 -0.0525705 -0.1246638 -0.1822365
0.3519699 0.2733007 0.4401079 0.5700017 0.3201166 0.4042581 0.2518451 0.6349492 0.1245997 0.6855077 0.8198491 0.3328519 0.5774187 0.5344194 0.2153532 0.0000000 0.7765087 0.1765186 0.5267225 -0.0774367 0.1458876 0.0716074 0.7969200 0.2727123 0.1420415 0.6489461 0.5182096 0.7503523 0.0428306 0.6024514 0.3287113 0.0644582 0.3396533 0.1879941 0.5057920 0.4386529 0.2681093 0.1609860 0.5641255 0.5847223 0.1212001 0.3236457 0.4899631 0.6115261 0.2369441 0.1991119 0.2656879 0.1393956 0.3520507 0.1896103 0.3700917 0.6021363 0.2032005 0.6134150 0.1665120 0.2733885 0.3871415 0.5883825 0.5565310 0.4979699 0.6165935 0.7273862 -0.0013056 0.6279157 0.4524156 0.3572528 0.7224292 0.8156680 0.1362741 0.8031585 0.5320372 0.4389727 0.7769322 0.3941306 0.3228754 0.5814094 0.2371482 0.4398655 0.4448518 0.0673550 0.2612617 0.2916002 0.1080992 0.0086625 0.1919189 -0.0050315 0.0790284 0.0812542 0.1395090 0.0381678 -0.0489022 0.0444421 0.4747430 0.0027938 0.1357588 0.1489905 0.2458481 0.5153142 0.1385936 0.5098031 0.2184835 0.2359760 0.2617359 0.1949574 0.0510954 0.3024764 0.1907560 0.3958180 0.0800225 0.2573729 0.1438027 0.3559430 0.3469591 0.4262779 0.4011074 0.4375058 0.5115327 0.4837051 0.6237978 0.5650205 0.4747073 0.3824452 0.0860787 0.4273947 0.4841041 0.1934000 0.4880261 0.0323850 0.2847485 0.3699538 0.4191840 0.1395124 0.4313781 0.2261138 -0.0251505 0.0375000 0.3529550 0.1739824 0.3755921 0.1351458 0.0356181 0.1061525 0.1775429 0.0230376 0.3375080 -0.1138609 0.3385135 0.2880665 0.1122695 0.2044499 0.1751792 0.0234140 0.2385026 -0.0007020 0.1388824 -0.0328885 -0.0416211 0.2578830 0.1798621 0.0924298 -0.0365524 0.1373955 0.0113237 -0.0406131 0.1733668 0.1153285 0.0711229 0.0989298 -0.0126758 0.1304988 0.1274878 0.0863080 0.3682511 0.2259458 -0.1046679 0.0866653 0.1383510 0.0111691 0.2729989 0.4032747 0.1875640 0.5378506 0.5890354 0.5432538 0.5983346 0.6007218 0.4947815 0.2702277 0.1562058 0.2727906 0.4685760 0.0236485 -0.1461492 0.1246010 0.2977188 0.1234399 0.1140369 -0.0971937 -0.0376468 0.1015486 -0.0129548 -0.4188432 -0.2043875 -0.0899167 -0.0188415 0.2149034 -0.1249212 -0.1469164 -0.0058870 -0.2636791 -0.1355446 -0.3942784 -0.0260313 -0.2016317 -0.0780267 0.2471156 -0.3663413 -0.4525517
0.5405855 0.3211478 0.6624563 0.5274296 0.5969381 0.4616262 0.1278972 0.5344454 0.0653353 0.6945110 0.7936007 0.3253313 0.7212660 0.6691686 0.1819593 0.7765087 0.0000000 0.1076535 0.3523105 0.1282320 0.2103956 0.3464552 0.9015531 0.3024079 0.1540632 0.6522937 0.7541809 0.6617033 0.1265852 0.5875099 0.5883274 0.3397453 0.4479673 0.2631111 0.7610504 0.2931189 0.5227859 0.3497400 0.7391599 0.7399656 0.4340892 0.1707048 0.8506251 0.7940081 0.0583456 0.2662237 0.5215476 0.4978825 0.4260218 0.1898107 0.6761984 0.9018067 0.2512684 0.8820331 0.4486958 0.4375721 0.5602301 0.6852529 0.5315336 0.7669717 0.4169488 0.8522082 0.3211815 0.6276907 0.4326982 0.4294810 0.6514732 0.8269188 0.3746270 0.7891008 0.5166780 0.4354960 0.6791678 0.5109133 0.4092449 0.6985054 0.4864343 0.5549827 0.5742198 0.2859851 0.3293709 0.3019290 0.0445509 -0.1807006 0.0263347 -0.0615434 0.1192579 -0.0214528 0.1459197 0.0441213 0.2047047 0.2822081 0.4514562 -0.1404741 0.3262713 0.2134688 0.3451398 0.4651981 0.2557981 0.5753831 0.2169346 0.3041985 0.3175309 -0.0079515 0.2644068 0.3667292 0.0682213 0.2992062 0.1078169 0.1216750 0.3566576 0.2121524 0.3120687 0.3440755 0.2641726 0.3166126 0.4021751 0.4670653 0.5430580 0.5194602 0.3850162 0.2899926 0.1632366 0.5431795 0.5503736 0.1967082 0.3124603 0.2336193 0.2382757 0.2770326 0.3347625 0.1837428 0.3409729 0.3229873 0.2186793 0.1754269 0.3755846 0.0038888 0.2781063 0.0327066 0.0573323 0.0394663 0.4514725 -0.0028056 0.3194340 0.0611551 0.3812207 0.3690838 0.2163566 0.2055153 -0.0329998 0.0862936 0.2459001 0.0905168 0.3493509 0.0808588 -0.1574423 0.3200013 0.1518193 -0.0160165 0.0566385 0.2109471 0.2318936 -0.1382358 0.2352053 0.2890194 0.1966892 0.0890028 -0.0422910 0.1753419 0.2216202 0.0650959 0.3493273 0.2337263 0.2153692 0.2622782 0.2071437 0.0824619 0.2224867 0.3149422 0.2528114 0.4982623 0.4552861 0.4408126 0.6328794 0.5476410 0.5658636 0.4745106 0.3249170 0.3337494 0.3850438 0.1914806 0.0201027 0.1119874 0.2793903 0.1605275 0.1064794 0.0831895 -0.0965251 0.0332456 0.3875777 -0.1174995 -0.0414586 0.1075490 0.0965817 0.3314748 -0.1562418 0.1501197 0.4330195 0.0108448 -0.1088776 -0.2143587 -0.0207165 -0.3775863 -0.0974192 0.2884785 -0.4138335 -0.4807004
0.2348185 0.6209094 -0.0463509 0.5573188 -0.3653002 0.6705002 0.7578889 0.5666706 0.8167295 0.4618430 0.3141245 0.7869517 -0.0246694 0.4937009 0.7982915 0.1765186 0.1076535 0.0000000 0.5987525 -0.1382720 0.6865176 0.2694691 0.0343342 0.7699895 0.5005345 0.2567242 0.3711795 0.6309794 0.7052701 0.4584543 0.0429974 0.1087305 0.5232452 0.7822909 -0.1490729 0.6649559 -0.1398480 0.2420369 0.3678735 0.3003913 -0.0066815 0.7089973 0.0126912 0.4354431 0.7874166 0.1988985 -0.1782260 -0.0266366 0.6117526 0.1222406 -0.2137593 0.1519844 0.7986267 0.1397057 0.0255805 0.2987913 0.0681422 0.3084074 0.4623088 -0.0603291 0.5957420 0.0214203 -0.0550326 0.6150460 0.6200444 0.1939826 0.2596056 0.2166469 0.0914425 0.3718317 0.3214092 0.5429789 0.2477070 0.3840461 0.1593161 0.2556650 0.2261401 0.1364897 0.0482417 0.0442868 -0.3936702 -0.1425776 0.1829562 0.1996925 0.5314841 0.3296679 0.2757824 -0.0593218 0.3237164 0.1599802 0.0293543 0.2945724 0.4165072 0.0180714 0.2664559 0.3174493 0.1929139 0.2764943 0.2267126 -0.0286422 0.0946006 0.4033474 0.3304462 -0.0603533 0.0845156 0.4127901 0.4525190 0.3998144 0.1028306 0.2970549 0.3960661 0.3872921 0.4870175 0.3874676 0.2270385 0.4926249 0.2728438 -0.0903160 0.3137818 0.2465275 0.2498696 0.2693846 0.3480025 0.3840900 0.1150429 0.4879477 0.3610365 0.3695202 0.4466770 0.5134284 0.4939072 0.4806280 0.5087017 0.2042975 0.3899963 0.4585708 0.4247022 0.1974140 0.4379930 0.3014281 0.5545659 0.3141125 0.2515126 0.0287639 0.2766488 0.4839968 0.4462499 0.4053600 0.3956256 0.4169594 0.0573314 0.0224246 0.4578197 0.5031051 0.4111878 0.2665183 -0.0411877 0.4462344 0.1327782 -0.1708005 0.4915147 0.3599506 0.4723269 -0.2122004 0.5456625 0.5068490 0.6324638 0.5653438 0.4315430 0.4257757 0.5720248 0.5230468 0.1428611 0.5243554 0.5460932 0.6446998 0.4623988 0.0047889 0.4328435 0.1451213 -0.4562887 0.4349078 0.5938740 0.5492368 0.4117692 0.3527099 -0.1560784 -0.2993570 -0.1036453 -0.1374742 0.1848565 0.0264859 -0.0142888 -0.0730831 0.4217439 0.3798643 0.3285505 0.3177509 -0.3992963 0.4393138 -0.1544205 -0.3470826 0.0413867 -0.1190138 -0.0246601 -0.3414528 -0.1306870 0.2926721 -0.1081767 -0.4143197 0.0950445 -0.1529011 -0.0688072 0.1722882 -0.0275655 -0.2936373 0.0196222 -0.0699174
