0.0000000 0.4771701 0.4211912 0.1387396 0.1298121 0.3430876 0.4525488 0.1784207 0.1342665 0.5454378 0.2897202 0.3065805 0.0260249 0.3274911 -0.0128346 0.4736235 0.5911180 0.3940239 0.2751536 -0.4788937 0.2667993 0.2383980 0.3093225 0.2757888 0.1547963 0.1167767 -0.0519195 -0.0584953 0.2242989 -0.0820179 -0.1698423 0.0236998 -0.1195303 -0.0142640 0.1541558 0.2295364 0.1652057 0.0500568 -0.3685158 -0.5207174 -0.1055898 0.1263515 -0.0966180 -0.3650563 -0.1549685 0.0849965 -0.0151041 0.0310714 -0.1857806 -0.2122452 -0.1269699 -0.4218804 -0.0763306 -0.0874127 -0.0386502 -0.0660435 0.0800651 0.1115941 -0.0206823 -0.1930998 0.0078745 -0.0955156 -0.1803994 0.0881821 0.1043747 -0.2528607 -0.1614210 0.3035076 0.0092233 0.3066400 -0.5943354 0.0393248 0.2741737 0.2252679 -0.6767085 0.3388908 0.2605943 -0.2771071 0.3183790 0.4687012 0.3541764 0.0623768 -0.0052111 0.2452222 0.2317833 0.2310559 -0.0177101 0.0633946 0.1156225 -0.0654126 0.2381377 -0.0857861 0.4019695 0.0386773 -0.0419437 -0.1023214 0.4792624 0.0797145 -0.2779419 0.2848269 0.2039007 0.0467005 0.1225006 0.0340616 0.3848767 -0.4506472 0.1894830 0.0902486 0.2057853 0.3356515 0.2375223 0.1793843 0.1332616 0.0447252 -0.1677408 -0.0302978 -0.1152557 -0.0062317 -0.0245644 0.1079551 0.0863758 0.1501718 0.1939434 0.0834646 -0.1337015 0.0536548 0.1908690 0.2025561 0.1383878 0.4747012 0.0159395 0.2150321 0.2160331 0.6236615 0.5233655 -0.2250388 0.1364413 0.5123516 -0.0157699 0.4834450 0.2049920 0.4235568 0.2228561 0.1325150 -0.1156274 -0.0357819 0.3160312 -0.0177726 0.4625573 0.4332643 0.4919323 -0.0058434 0.3923619 0.0372271 0.1957867 0.1360699 0.4613970 0.0958754 0.3571958 0.3998353 0.2971151 0.5072563 -0.0726139 0.3820137 0.3861000 -0.0472339 0.0111102 0.5158088 0.5256759 0.4767004 0.3289232 0.5370016 0.7078528 0.4964340 0.5264752 0.5489707 0.4606538 0.6289598 0.4486873 0.5463140 0.5719433 0.4674661 0.1659929 0.2079765 -0.1948594 0.1199463 0.1016190 0.2139722 0.3708560 0.4964621 0.3837410 0.5307300 0.6048409 0.4931921 0.2689238 0.5235067 0.6665661 0.6007554 0.5274917 0.1360650 -0.0936994 -0.2818228 -0.1068924 0.2058174 -0.1454595 0.1831330 -0.4115660 -0.0311868 -0.3380690 -0.1055223 -0.1776286 0.3261698 -0.1015055 0.4593993 0.3701194 -0.2403494 -0.1916288 -0.2357631
0.4771701 0.0000000 0.8464123 0.6993637 0.7073780 0.6154904 0.1720186 0.8500219 0.6005917 0.6435311 0.6820069 0.7835833 0.5885429 0.2526566 0.4668317 0.4629868 0.4793811 0.1962224 0.1049509 -0.2061498 0.6916951 0.0982416 0.3587987 0.4405217 0.0236961 0.2777441 -0.0346620 -0.0716960 0.6050438 -0.4249809 -0.0166476 -0.1179353 0.1296568 0.2336421 0.3529398 0.5812788 0.0385238 0.0712181 -0.6835786 -0.4523157 0.0863534 0.3683613 -0.0478922 -0.2754504 0.0926980 -0.0252569 -0.1577736 0.0987307 0.0141872 -0.2987432 -0.0738709 -0.2632862 0.1774554 -0.1296450 0.0759560 -0.1933434 0.0709100 0.1735174 0.1987089 -0.0129412 0.2434453 -0.2150287 -0.1730098 0.3954928 0.4511077 -0.1470906 -0.1237830 0.4617388 -0.2055213 0.4876335 -0.4349372 0.4212652 0.3797442 0.5772490 -0.4430030 0.5717433 0.6610347 -0.0145080 0.5360245 0.7523349 0.3789538 0.3376486 -0.0285982 0.1960953 -0.0521699 -0.0470363 -0.2058566 -0.1634406 -0.2017010 -0.2605880 -0.2408513 -0.2539330 0.0525360 -0.1923371 -0.3519686 -0.1418067 0.0684109 -0.0534004 -0.5090379 -0.4194594 -0.1872392 0.0129191 0.1502104 -0.3177820 -0.1015624 -0.5032792 -0.0374178 0.0373889 -0.0883918 0.1765696 -0.2180211 -0.1579671 0.1888939 0.1144946 -0.1600075 -0.0075897 -0.1127870 -0.2578151 -0.1560390 -0.2549618 -0.1078789 0.2266505 -0.2169757 0.0270587 -0.1714153 -0.1425067 0.3300742 -0.1894317 0.1067179 0.5779623 0.3193675 -0.2644048 0.3025065 0.3944761 0.2410337 -0.2097871 0.2826589 0.2425845 0.0172134 0.4080153 0.2344653 0.1025866 0.2319995 0.1461689 -0.0380705 -0.0801297 0.1124770 0.0824031 0.1465405 0.1054259 0.1643806 0.0641825 0.0778230 0.0716038 -0.0555620 0.2862909 0.2085097 -0.0741505 0.2862288 0.0668996 -0.0104794 0.1587875 0.0607599 0.1445111 0.1359303 -0.0302241 0.0834048 0.1959232 0.2724292 0.1750253 0.2325716 0.3182229 0.3398386 0.3158581 0.8042435 0.7802822 0.7813192 0.5583549 0.6146042 0.5180149 0.4751255 0.2547645 0.3525376 0.1131956 -0.1822640 0.5425859 0.5885379 0.6755512 0.7052018 0.6561919 0.0376762 0.6326273 0.3545756 0.2643343 0.0538022 0.4738684 0.1810032 0.2663563 0.5603309 -0.1320894 0.0483500 -0.0888180 -0.1556000 0.0191334 0.2319696 0.5132858 -0.1081155 0.5748994 0.0726343 0.1334964 0.0622891 0.4935403 0.2329075 0.7867152 0.5950393 0.3408352 -0.5529242 -0.1927442
0.4211912 0.8464123 0.0000000 0.4366038 0.6253899 0.3948229 0.0419688 0.6807591 0.3978653 0.3769095 0.3404455 0.5688320 0.6274472 0.0670460 0.2700184 0.2444198 0.2831560 -0.0848995 -0.1747286 -0.0469682 0.4255371 0.1023236 0.1163008 0.1881805 -0.2105533 0.0809309 -0.0064923 -0.0577094 0.3091690 -0.2987730 0.0447185 -0.0792276 0.0557140 0.0590726 0.1904937 0.2995606 -0.0200224 -0.1335537 -0.5740089 -0.3508830 0.1032435 0.0279660 -0.1146912 -0.3009668 -0.1358683 -0.1071738 -0.2991741 -0.0158346 -0.1314279 -0.4666336 -0.2638365 -0.2164280 -0.0410131 -0.0768865 0.1156961 -0.1829498 0.0541290 0.0413195 0.1945863 -0.2109076 -0.0875167 -0.2825470 -0.0261329 0.1291376 0.1415353 -0.0697332 -0.3389152 0.2827313 -0.1821374 0.1790713 -0.5185230 0.1247981 0.1953149 0.3806257 -0.4155911 0.2987716 0.3924675 -0.1514722 0.3304364 0.5982815 0.2402476 0.2696433 0.0123719 0.2697040 0.0382734 0.0235887 -0.0066520 -0.1542909 -0.0902241 -0.2141406 -0.1927832 -0.2780934 0.2055846 -0.1232726 -0.3858175 -0.2294126 0.1478069 0.0032167 -0.5246464 -0.3191600 -0.1004325 -0.0618491 0.0267273 -0.2193060 0.0170163 -0.5438911 -0.0435021 -0.0530905 -0.0427057 0.2673470 -0.1907233 -0.2721374 -0.0009826 0.0471504 -0.1796009 -0.0773209 -0.0534135 -0.0896565 -0.1526569 -0.1175205 0.0846290 0.1511085 -0.3728901 -0.0537301 0.0107116 0.2403800 0.1168897 -0.2525445 0.3723168 0.3212359 0.4528924 -0.1928352 0.3349455 0.3402155 0.5246962 -0.3181863 0.4328595 0.2628460 0.3552018 0.3331286 0.3251207 0.2645563 0.4411464 0.0721534 0.2316358 -0.4112915 0.3276786 0.3391631 0.3698815 0.2394401 0.0850386 0.0069815 0.2302817 0.0252898 0.1059825 0.0286257 0.3424226 0.0703827 0.5577665 -0.0271423 0.0659193 0.1164483 -0.2273950 0.1706071 0.1762450 -0.1249724 -0.1396305 0.3630055 0.4845805 0.1347087 0.3197952 0.5217666 0.2396270 0.3895405 0.6997164 0.7281310 0.6959555 0.5649501 0.4095330 0.3816582 0.4101122 0.0676901 0.1659786 0.1114774 -0.0680686 0.3178773 0.6574334 0.5618946 0.6367604 0.7159761 -0.1977412 0.5917927 0.4655301 0.0947002 0.3718364 0.4709069 0.3800312 0.2575896 0.5789041 0.2089026 -0.0110236 -0.1734742 -0.1933530 0.0660255 0.4742120 0.6562015 0.1327722 0.5283935 -0.0445771 -0.1364042 -0.0107259 0.3182581 0.3976728 0.4893963 0.3549302 0.4012064 -0.5332564 -0.1431233
0.1387396 0.6993637 0.4366038 0.0000000 0.4519261 0.7549643 -0.0850493 0.8225956 0.7162755 0.5729181 0.7540045 0.8027984 0.5996948 0.6094756 0.8862795 0.3429513 0.2650600 0.5892810 0.2146079 -0.1708582 0.7928357 -0.0520386 0.2970470 0.7697650 0.1590528 0.3432874 0.0172191 0.3409038 0.8033436 0.0012776 -0.0659510 -0.3959720 0.5590054 0.5748407 0.1486644 0.7242374 -0.1759618 -0.0282765 -0.3202482 -0.1577387 -0.2340936 0.6571863 -0.0270008 0.1008614 0.5229661 -0.1543299 -0.0910510 -0.1078445 0.4359777 -0.0282326 0.1026566 -0.0846058 0.5974237 -0.0183648 0.2074231 -0.0682245 -0.0929865 0.3932767 0.0456853 0.1917974 0.6079831 0.1285164 0.1368717 0.6766351 0.7783373 -0.3426210 0.2608186 0.5511800 -0.0969880 0.6875366 -0.2430748 0.7899354 0.5403553 0.6139750 -0.3072326 0.6862041 0.7650240 0.3233379 0.6475723 0.6491992 0.2963232 0.2516916 -0.0487501 -0.0511339 -0.2083324 -0.1344092 -0.2204884 -0.1937627 -0.3299599 -0.0883775 -0.2769484 -0.0787908 -0.1431351 -0.1760361 -0.3991061 0.2161815 -0.0636726 -0.0451500 -0.3636622 -0.4434261 -0.2092491 0.1041368 0.1479288 -0.2432116 -0.0963185 -0.2168340 -0.0859027 -0.0577233 -0.0583911 -0.0157206 -0.2628177 0.0503524 0.0732576 0.1368256 0.0452179 0.1593185 0.0117097 -0.2757292 0.0201090 -0.1053858 -0.1537518 0.0831822 -0.2404128 0.0517948 -0.0342226 -0.2717505 0.2372215 -0.2074454 0.0776660 0.5353848 0.0991755 -0.5880733 0.0614953 0.1382997 -0.3056691 -0.0680525 0.0075853 0.3121284 -0.2129069 0.1822039 -0.0121548 0.0555928 -0.2822503 0.0335953 -0.0599417 0.2970839 0.0224446 -0.1197195 -0.1592783 -0.0849446 -0.0049799 -0.0042116 -0.0472096 0.1181810 -0.2302880 0.0507992 -0.3023634 -0.1958443 -0.2153947 -0.2060487 -0.1309428 0.0939701 0.1058446 -0.3513230 0.0026547 -0.1261921 0.1066676 -0.1170456 -0.1439865 -0.0558144 0.0681461 -0.0392078 0.1354684 0.2356990 0.6380385 0.5968434 0.5504815 0.1804492 0.5153633 0.2710369 0.2157251 0.2143166 0.4152765 0.0389435 -0.2292007 0.6808585 0.4030966 0.5672888 0.5653404 0.4380596 0.1184781 0.5190206 0.1716803 0.2309124 -0.0447325 0.3105232 -0.1047724 0.1857066 0.2709841 -0.3348922 0.2838121 0.0338654 0.0827650 0.1937657 -0.0261901 0.0324775 -0.1484442 0.5140214 0.3973595 0.3609110 0.3585144 0.6866705 -0.0984249 0.6032938 0.5413070 0.1629892 -0.3354055 -0.1270906
0.1298121 0.7073780 0.6253899 0.4519261 0.0000000 0.4373687 0.1207360 0.6876259 0.4778127 0.5061979 0.6651412 0.6463940 0.6572745 0.0030775 0.1638735 0.3061829 0.2792938 0.0697447 0.0687082 -0.1962098 0.5502726 -0.2807309 -0.0565594 0.0863030 -0.0293531 -0.0332075 -0.3701729 -0.2004597 0.3142517 -0.6590922 0.1046664 0.1545688 0.1112123 0.1293159 -0.0671358 0.3466452 -0.1230346 0.2002035 -0.7586321 -0.6319362 0.1023918 0.0919146 -0.4562199 -0.4105009 0.0404705 0.0490986 -0.3373071 0.2898284 -0.0927136 -0.2022603 -0.4156343 -0.4436284 0.0993624 -0.1561040 0.0817989 -0.4076230 -0.1871869 -0.0881503 -0.1180942 -0.3041923 0.0257823 -0.5140169 -0.3815567 0.1974966 0.2927615 -0.1168928 -0.4317550 0.0910865 -0.4625105 0.1906629 -0.2981842 0.3658873 0.0060519 0.5470216 -0.1241325 0.2914989 0.6044300 -0.0751204 0.2165464 0.5376138 0.3584487 0.3926802 0.0788450 0.0701084 -0.0166584 -0.0138770 -0.3417448 -0.2385406 -0.1024577 -0.3191828 -0.2474064 -0.4334599 -0.0819382 -0.2461848 -0.3055446 -0.1859552 -0.2479724 -0.1879301 -0.6158350 -0.4774613 -0.3111333 0.0190654 0.0729737 -0.3633846 -0.1867753 -0.3428755 0.0173880 0.1025036 0.0565148 0.2929586 -0.1674091 -0.1663018 0.0280812 0.0818003 0.0155060 0.0259278 -0.0183701 0.0694709 -0.0559592 -0.0770686 -0.0800357 0.1897809 -0.1146312 -0.0475307 0.0580798 -0.0586379 0.2924516 -0.0834415 0.0896496 0.2394148 0.2499374 -0.0407249 0.2759519 0.1768352 0.1978496 -0.0189573 0.1945152 0.1923786 0.1502729 0.4676469 0.2242270 0.1308723 0.4154999 0.2780602 0.0584691 0.0034248 0.1844911 0.2610529 0.2658444 0.1427294 -0.0062690 0.2275095 0.1620808 0.1954647 0.0291239 0.4793087 0.3252456 0.0828301 0.3420353 0.0719009 0.1997002 0.1497076 0.1769755 0.1612312 0.2393887 0.1642537 0.0702528 0.2648707 0.2316476 0.1416820 0.1657311 0.2806520 0.2056711 0.2539508 0.7474373 0.6590127 0.7358998 0.5078748 0.5399502 0.4619982 0.3413285 0.1497097 0.0885926 -0.0587384 -0.2488895 0.3499176 0.3421027 0.6830954 0.6724387 0.5408093 -0.0184920 0.5485178 0.2746340 0.3155155 -0.0533540 0.2974875 0.1166600 0.1221591 0.3355541 -0.1211466 -0.1230789 -0.1311628 -0.2312451 -0.1611554 0.3929814 0.5538875 0.2072418 0.3372368 -0.0402959 -0.0140278 0.0040897 0.1461417 0.3288968 0.5431282 0.5178536 0.2704024 -0.5744619 -0.2698034
0.3430876 0.6154904 0.3948229 0.7549643 0.4373687 0.0000000 0.1911603 0.6369421 0.7250038 0.7416799 0.6124710 0.6655814 0.4562608 0.6896342 0.5986732 0.2779973 0.4083181 0.6311082 0.1367676 -0.2358531 0.6020857 -0.0825744 -0.0841724 0.6357629 -0.0885691 -0.0095972 -0.1946278 0.2794909 0.6961775 -0.1002694 0.1729280 -0.3996330 0.5227872 0.5412037 0.0016890 0.4287145 -0.3195959 -0.0483485 -0.4536562 -0.5279106 -0.0684266 0.4585415 -0.2051190 -0.1210789 0.4105759 -0.2543550 -0.2582350 -0.0051348 0.3036226 -0.2586056 -0.0846896 -0.4514694 0.5362445 -0.4056841 0.1126062 -0.2888928 -0.1888543 0.1011112 -0.2328026 -0.0742731 0.3687188 -0.3316304 -0.0654492 0.4695794 0.6657985 -0.4094540 -0.1155782 0.3039956 -0.2130167 0.5114428 -0.4996450 0.6939711 0.3475697 0.4672873 -0.4622223 0.5138227 0.6498211 0.0687968 0.5101543 0.5727234 0.2914031 0.0716183 -0.3377102 -0.2360614 -0.2095649 -0.2120140 -0.2995293 -0.3522731 -0.4596197 -0.3678964 -0.4059313 -0.2788057 -0.1157974 -0.2240301 -0.5609296 -0.1528015 0.0335534 -0.2266477 -0.6095866 -0.3569175 -0.3138629 0.0032847 0.0381634 -0.3255032 -0.0960345 -0.5684119 -0.0798625 -0.1842696 0.0122135 0.0412350 -0.2020699 -0.0537714 -0.1357612 -0.0825288 -0.3275966 0.0202579 -0.2800772 -0.3182894 -0.1162509 -0.1611050 -0.1649794 -0.0017726 -0.2508524 0.0712691 -0.1194148 -0.2926988 0.1640205 -0.2085216 -0.1094732 0.4532569 -0.0622522 -0.4198525 0.0611815 0.3597161 -0.0067577 -0.1898078 0.0616378 0.3154260 -0.3304821 0.0104897 -0.2182215 0.0614903 -0.2751827 -0.2339194 -0.2128079 0.2129994 0.0176428 -0.1732869 -0.0785297 0.0375285 -0.2027646 -0.2989023 -0.0281304 -0.1220256 -0.2363437 -0.0865447 -0.3345825 -0.3027508 -0.2714964 -0.3067343 -0.0957508 -0.0114967 0.0027727 -0.3613811 -0.0778372 -0.3171360 0.0485485 -0.0892755 -0.1580685 -0.2276752 -0.1026563 -0.1018883 0.2807952 0.4872414 0.6743885 0.6483056 0.4926554 0.4152963 0.3491773 0.1373274 0.3742521 0.1121542 0.0772221 -0.1643026 -0.4583428 0.4865898 0.2438129 0.4580400 0.4550279 0.4254256 -0.0097896 0.5296344 0.3817574 0.1740116 0.0520860 0.2882189 0.0879068 0.4540790 0.2578850 -0.3580160 0.2185844 0.0997965 -0.0599650 0.3713128 -0.0268051 -0.0753863 -0.3468022 0.5078419 0.2973902 0.4182720 0.2536392 0.6761059 -0.1930323 0.4897437 0.6408944 0.2982759 -0.0850807 -0.0981419
0.4525488 0.1720186 0.0419688 -0.0850493 0.1207360 0.1911603 0.0000000 -0.1630123 0.1644502 0.4875250 0.0846386 0.2401218 -0.3917535 0.0198188 -0.1855933 0.1064162 0.3276057 0.1646492 -0.0207759 -0.3498861 0.1738928 0.1641250 -0.2183888 0.2196720 -0.0284094 -0.3173077 -0.0307561 -0.0626988 0.2660241 -0.2880710 0.1742896 -0.0261653 -0.0657387 0.1489683 -0.0854924 0.1079593 -0.0145593 0.0741029 -0.2653794 -0.3076382 0.2871833 0.2376089 -0.0869741 -0.1012357 0.1789086 0.0880051 0.1178456 0.2141515 0.0010504 -0.2243997 0.0414692 -0.1773974 0.0583292 0.1784941 -0.3910801 -0.3304034 -0.0793871 0.2934495 0.1199060 -0.1492860 0.2349918 -0.1532215 -0.4613928 0.1392163 0.1483430 -0.2213664 -0.0780088 0.2427873 -0.0846849 0.2240160 -0.2479744 0.0148176 0.2060451 0.1597685 -0.2101393 0.2625557 0.1867091 -0.0884473 0.1637613 0.2513436 0.1959675 -0.0160174 0.0497538 0.1328964 0.1532320 -0.0020044 0.1810892 0.1973078 -0.0711650 -0.0492557 0.2216835 0.2893890 0.2551826 0.2242748 0.0289130 -0.0345828 0.5069950 0.0521145 -0.1395919 0.1810811 0.0327892 -0.0084172 0.0197035 0.0941409 0.3479478 -0.1827341 0.0151966 0.1581072 0.0443431 0.0142794 0.1467856 0.0931312 0.3016344 0.0792544 -0.0033348 0.1229224 -0.0698014 0.1574645 0.1677877 -0.0444243 0.1354861 0.4653093 0.4337667 0.4261468 -0.2940605 -0.3957509 0.2271207 0.3224495 -0.4371675 0.4580898 -0.1996130 0.1885124 0.0177884 0.4907321 0.2183988 0.2759398 -0.2153020 -0.0423090 -0.4575382 0.1912876 0.0883225 -0.0243125 0.1271917 0.0265334 -0.4665604 0.2490110 -0.1435934 -0.3708638 0.1510739 0.1881276 0.2245606 -0.1818760 0.0380673 0.0826683 -0.3404738 0.1877711 0.1489624 -0.0927994 0.0548708 0.1821922 0.0653753 0.1250295 0.3036633 0.2219195 0.0977494 0.0819528 0.3799581 0.1688744 0.1086115 0.2578587 0.2281503 0.1252372 0.4638198 0.3909267 0.4035588 0.3897875 0.2490417 0.3697295 0.1730098 0.2291225 0.3883073 0.2200442 0.0787033 0.1705947 0.1951474 0.2350469 0.2853194 0.1276176 0.2540150 0.3076853 0.2763890 0.2737861 0.2097168 0.1898398 -0.0817724 0.1889978 0.2184795 0.2231716 -0.0170651 -0.3072537 0.0042255 0.1098272 0.3021813 0.1835800 -0.3370815 -0.0477192 -0.3972957 -0.0678867 -0.2060083 0.0927514 -0.0501669 -0.1772168 -0.2273832 0.2679697 0.1244408 -0.1182699 -0.0182487 0.0763724
0.1784207 0.8500219 0.6807591 0.8225956 0.6876259 0.6369421 -0.1630123 0.0000000 0.6795335 0.5025167 0.7927574 0.7552063 0.8386648 0.2617084 0.6625765 0.5452556 0.2662747 0.2861639 0.2653809 -0.0247330 0.7297939 0.0896460 0.3189999 0.4843612 0.1968602 0.4412947 -0.2072856 0.0698568 0.6623213 -0.3211836 0.0420921 -0.0586820 0.2976339 0.3484026 0.3035416 0.6449746 0.0570778 0.1932439 -0.6186137 -0.3533913 0.0632475 0.4506651 -0.2170801 -0.1434183 0.1996841 0.0324900 -0.0935579 0.1539547 0.1707058 -0.0371901 -0.0161928 -0.3345442 0.3256602 -0.1288812 0.3673752 0.0118716 0.1180258 0.2154694 0.0724055 0.1281031 0.2815991 -0.1500008 -0.0326238 0.4860717 0.5383948 -0.1426007 -0.0051164 0.4299083 -0.0903402 0.5428272 -0.2617061 0.5938981 0.4501600 0.6278809 -0.2443769 0.6155411 0.6619201 0.2243873 0.6210248 0.5558418 0.2612665 0.5229009 -0.0003595 0.0824872 -0.1715802 -0.0537713 -0.3513754 -0.1932345 -0.1994146 -0.2286250 -0.4385426 -0.3385474 -0.1353534 -0.2208861 -0.3834414 -0.0253884 -0.1663347 -0.0645794 -0.4768616 -0.5975138 -0.2656525 0.0604284 0.1247195 -0.3649586 -0.2874195 -0.3932939 -0.0716667 -0.0394262 -0.1006468 0.1612490 -0.3294885 -0.1134409 0.0926782 0.0709939 -0.1333725 -0.0495117 -0.1288106 -0.2866955 -0.1972863 -0.2921250 -0.2446948 -0.0061590 -0.2500584 -0.0932922 -0.0298603 -0.1593656 0.2122455 -0.2224082 0.1546669 0.4805775 0.3124238 -0.3433613 0.3427584 0.1840118 -0.0900676 -0.1279821 0.2939259 0.2987510 0.0685993 0.3849408 0.2060885 0.1055670 -0.0444741 0.1703140 0.0420648 0.0662132 0.0972250 0.1412839 0.0172511 0.0348089 0.0850402 0.1557870 0.0344463 0.1489942 -0.0212026 0.2979802 0.0253756 -0.0337951 0.0978300 0.0249524 0.0427173 0.1257386 0.1473843 -0.0116373 0.1625649 0.0264573 0.0927072 0.1427005 0.1235009 0.0990960 0.2293248 0.2024539 0.0011416 0.0332514 0.6199998 0.5395444 0.6088662 0.3285743 0.5883366 0.4112191 0.2895567 0.1703927 0.4187482 -0.0018548 -0.2686570 0.5703301 0.4727607 0.6517108 0.5735752 0.3839425 -0.0496514 0.3971510 0.0787306 0.2289481 -0.1323314 0.3294017 0.0022604 0.0830525 0.2562516 -0.1610289 0.1027373 -0.0879284 -0.1428460 -0.0473353 0.3850833 0.4281022 -0.0483887 0.6260273 0.2189355 0.1278125 0.2997269 0.6159139 0.3534725 0.7661540 0.5805408 0.3940446 -0.6032120 -0.3605218
0.1342665 0.6005917 0.3978653 0.7162755 0.4778127 0.7250038 0.1644502 0.6795335 0.0000000 0.5969908 0.6441800 0.7847212 0.5976409 0.4740580 0.7297762 0.3443553 0.3652664 0.4637641 0.2026732 0.0444259 0.7403866 0.1854244 -0.0364792 0.7218743 0.0929610 0.2847488 -0.3309193 0.3593564 0.7574308 -0.1726707 0.1088626 -0.0865287 0.4894628 0.6325117 0.0035630 0.6914076 0.0552077 0.2128610 -0.4563261 -0.3338931 0.1592763 0.6919166 -0.3665193 0.0828478 0.5604136 0.1124737 0.0055469 0.2578291 0.4236322 -0.2324285 -0.0022384 -0.4037700 0.5646557 -0.0821686 0.2085363 -0.0400607 0.1310851 0.4961656 0.2360926 0.0778599 0.6696067 -0.0536479 0.1290238 0.6925724 0.7758273 -0.1075293 0.1840859 0.5560847 -0.0256269 0.7031904 0.0207475 0.7549735 0.6468980 0.7159213 -0.0047953 0.7348624 0.7720427 0.5714049 0.7429395 0.6196479 0.4802887 0.0689089 -0.3365127 -0.3458584 -0.5352171 -0.4501342 -0.4670777 -0.4552978 -0.5607273 -0.3970343 -0.5542697 -0.1420428 -0.4643595 -0.4131893 -0.5047224 0.0571771 -0.1851034 -0.2828827 -0.4413679 -0.5022544 -0.4461788 -0.1346642 -0.0592148 -0.5258626 -0.2612725 -0.4418825 -0.1951170 -0.1930294 -0.2847485 -0.0456392 -0.4154412 -0.1880134 -0.1387247 -0.0815092 -0.2183924 -0.0404321 -0.1929620 -0.2623060 -0.1314795 -0.3005067 -0.3779964 -0.1248887 -0.0352185 -0.2654047 -0.3595863 -0.5508071 -0.0734954 -0.1848085 -0.3090800 0.3697223 -0.1809821 -0.2213715 0.0302150 0.1921303 -0.1813890 -0.1137918 0.0800327 0.1818381 -0.4454574 0.1486709 -0.1174275 -0.1440153 -0.2848061 -0.0762191 -0.3549276 0.2773646 -0.1920269 -0.2570701 -0.1756661 -0.3036725 -0.2488733 -0.1691557 -0.2934897 -0.0145738 -0.3554774 0.2180041 -0.2250380 -0.3810039 -0.1269097 -0.2103027 -0.1969337 -0.1947449 0.2482627 -0.1722417 -0.2315603 -0.0499002 0.2525049 -0.0793330 -0.1833750 -0.1488019 -0.0113332 -0.1036526 0.2136465 0.0351308 0.5738464 0.5124763 0.5094943 0.3115056 0.5234367 0.3273583 0.4546226 0.2143890 0.4551963 0.0192791 -0.0095085 0.6921656 0.5075387 0.5796976 0.6052139 0.4084818 -0.0467352 0.4249406 0.0562280 0.2521502 -0.3053388 0.2374778 -0.2701561 -0.0933712 0.0880582 -0.6148654 0.0347042 -0.1158072 -0.1838967 -0.0922856 -0.0022985 -0.1489683 -0.4757914 0.3200626 0.2593597 0.1468558 0.0983493 0.2616353 -0.0346766 0.4670258 0.4666155 0.1527207 -0.2436811 -0.2344579
0.5454378 0.6435311 0.3769095 0.5729181 0.5061979 0.7416799 0.4875250 0.5025167 0.5969908 0.0000000 0.7776315 0.6466201 0.2771082 0.5628019 0.3215768 0.5698503 0.7481705 0.4258997 0.3009499 -0.4009726 0.6319425 0.1018454 0.1163247 0.5708789 0.1364483 0.0763039 -0.3337516 0.0920574 0.6189187 -0.2341999 0.1592554 -0.1699147 0.3086797 0.3813939 -0.1164345 0.5467910 -0.1561040 0.1360281 -0.5579581 -0.6858155 -0.0655268 0.5011354 -0.3219621 -0.3852157 0.2532666 -0.0280446 -0.2124710 0.1373188 0.0732497 -0.2074078 -0.2696493 -0.5292726 0.3318337 -0.1088863 0.1006886 -0.3259511 -0.1558774 0.2599310 -0.0430096 -0.2344993 0.4259087 -0.2089718 -0.1222354 0.4587009 0.5617711 -0.4581086 -0.1409776 0.5574743 -0.2392026 0.6383323 -0.4524928 0.5519028 0.4865321 0.5929606 -0.5509820 0.6444256 0.6855378 0.0672573 0.5852244 0.6072054 0.4159539 0.1970629 -0.1297386 0.0033451 0.0261893 -0.1484275 -0.3089535 -0.1366530 -0.2125005 -0.2297797 -0.1034582 -0.0826181 0.0746642 -0.0965440 -0.2951125 -0.1488376 0.1614821 -0.1232725 -0.4829421 -0.0763871 -0.1312146 -0.0434398 -0.0310786 -0.1428572 0.1075913 -0.4422594 -0.0424931 -0.0389224 0.1319473 0.1143839 0.0521223 0.0128095 -0.1202047 -0.0599040 -0.1322360 -0.0938091 -0.2758245 -0.1315926 -0.0293156 -0.1535280 -0.2192424 0.0884776 0.1169629 0.1142074 -0.2416826 -0.4233518 0.1196085 0.0910474 -0.1851589 0.4575294 -0.2115527 -0.0426492 -0.0392543 0.2735420 0.0630329 0.0158569 -0.1057365 0.2531457 -0.4019020 0.3173587 -0.0140388 0.1604273 0.0325825 -0.0424981 -0.3871367 0.2816472 0.0254823 -0.2249876 0.0996186 0.1999816 0.1790224 -0.0667170 0.0901970 0.1020910 -0.1774890 0.3025277 0.1064626 -0.1710421 0.0797885 0.1440657 0.1080374 0.2616915 0.1935634 0.0814494 0.0803267 0.0156524 0.1861037 0.1062044 0.1062112 0.1686907 0.1546142 0.1252787 0.5292674 0.5053160 0.7585231 0.6693476 0.5584111 0.4320781 0.5322977 0.4505715 0.4115254 0.4674199 0.2906913 0.1764487 -0.2478038 0.4879649 0.2881286 0.4823139 0.5030347 0.4216080 0.2064307 0.5222573 0.3325835 0.4300883 -0.1271766 0.2724175 0.0779039 0.3828839 0.3620987 -0.4676895 -0.1773741 -0.1453531 -0.1455876 -0.0164332 -0.1623384 0.0856015 -0.4276175 0.1634653 -0.1026781 0.1887070 -0.0248377 0.4220340 -0.2176489 0.5802515 0.6808810 -0.0551466 -0.3742326 -0.3674759
0.2897202 0.6820069 0.3404455 0.7540045 0.6651412 0.6124710 0.0846386 0.7927574 0.6441800 0.7776315 0.0000000 0.7255651 0.6152642 0.3771433 0.5383349 0.7496136 0.5491331 0.4635240 0.5563030 -0.2757066 0.7727811 0.0383042 0.3832153 0.5478712 0.4537353 0.4518768 -0.4225486 0.0065385 0.6696173 -0.3615334 -0.0030051 0.0450577 0.2663355 0.3577108 0.0362939 0.7422837 0.0447497 0.3651872 -0.6256779 -0.5584297 -0.0933583 0.5930344 -0.3987531 -0.3118489 0.2702450 0.1687835 -0.0562346 0.2498663 0.1162933 0.1483653 -0.1681822 -0.4929688 0.3507711 0.0080985 0.3260470 -0.0869043 -0.0154240 0.3146397 -0.0038339 0.0007218 0.4943384 -0.0597775 -0.1001360 0.5563858 0.6295045 -0.2907293 0.0319026 0.5446804 -0.1743703 0.6968300 -0.1861722 0.6801916 0.5196212 0.7220576 -0.2681734 0.7135660 0.7627211 0.2683626 0.6474925 0.5699373 0.3997870 0.5064175 0.0623095 0.0412020 -0.0379168 -0.0361895 -0.4989375 -0.0923713 -0.1100318 -0.1206676 -0.2152185 -0.2242349 -0.1078686 -0.1662467 -0.2289380 0.0191464 -0.1935330 -0.0442646 -0.3703961 -0.3318042 -0.1713678 0.1314799 0.1357566 -0.2361075 -0.1539801 -0.2609438 0.0436498 0.1017730 0.1027124 0.2121270 -0.0474613 0.1234803 0.0727313 0.1130520 0.0841178 0.0053570 -0.0986259 -0.1121082 -0.0287744 -0.1280229 -0.3032367 0.0235770 0.1289594 -0.0284486 -0.0650990 -0.3755421 0.2396587 0.0662243 -0.0310261 0.4671247 -0.0117260 -0.1174677 0.1605157 0.1090365 -0.2257376 0.0923411 -0.0145211 0.3477021 -0.1994028 0.5222957 0.1625185 0.1616815 -0.0285300 0.2161243 -0.2017675 0.3883708 0.0578565 -0.0492869 0.0537592 0.0932217 0.2756778 0.2561435 0.0867189 0.2967945 -0.0442674 0.5549747 0.1285015 -0.0225265 0.0539529 0.2859643 0.2004794 0.3515711 0.3574868 0.1164130 0.2460810 0.2349550 0.2277685 0.1675404 0.0742056 0.2945997 0.2378593 0.1503217 0.2336252 0.0935096 0.6370528 0.4912182 0.5668256 0.3027944 0.7002296 0.5658753 0.3015925 0.5036983 0.5109600 0.1507713 -0.2487236 0.5718628 0.2352567 0.5979393 0.5457784 0.2810241 0.2825931 0.4128012 0.0823681 0.5101821 -0.3420044 0.2519912 -0.0923903 0.1494744 0.2449847 -0.3948640 -0.1610878 -0.2346294 -0.1955756 -0.2455148 0.0347632 0.2146374 -0.2656074 0.2230855 -0.0234301 0.1088087 0.1068758 0.4712951 0.0735046 0.7529377 0.6777109 -0.0274637 -0.5898326 -0.5344833
0.3065805 0.7835833 0.5688320 0.8027984 0.6463940 0.6655814 0.2401218 0.7552063 0.7847212 0.6466201 0.7255651 0.0000000 0.5756216 0.4523709 0.6626360 0.3529167 0.3139588 0.5259715 0.0059876 -0.1555095 0.9692149 -0.1016265 0.1376561 0.7649465 -0.0492735 0.1110901 -0.1957125 0.3836262 0.8736501 -0.1915566 -0.1060775 -0.3343085 0.5707753 0.7124654 0.0549188 0.8400490 -0.2031982 -0.1148749 -0.4793403 -0.2705581 -0.1890526 0.7226113 -0.1288216 0.1389098 0.6258611 -0.1918649 -0.2413036 -0.0928929 0.5075431 -0.3587966 -0.0751280 -0.1999128 0.6533512 0.0894375 -0.0862515 -0.2962439 -0.2317644 0.5612459 0.0440097 -0.0899174 0.5853369 -0.0893990 -0.1294028 0.8136259 0.8487752 -0.4558517 -0.0074958 0.6086804 -0.2981546 0.7724516 -0.3469284 0.8156637 0.5277896 0.8817314 -0.3519494 0.7975715 0.9463927 0.3465861 0.7181634 0.8577936 0.6289188 0.1864069 -0.1614266 -0.1350338 -0.3105799 -0.2309740 -0.1583196 -0.3683269 -0.4294792 -0.3035581 -0.2983228 -0.0350453 -0.1334071 -0.4096272 -0.5121396 0.1524470 -0.0081960 -0.1935429 -0.6268757 -0.5240321 -0.3706459 -0.1045609 -0.0376369 -0.4702066 -0.0888444 -0.3828846 -0.2275161 -0.1683146 -0.2125606 -0.0398629 -0.4009340 -0.1290728 0.0205407 -0.0247329 -0.0481731 0.0060697 -0.0685874 -0.2407126 -0.1105087 -0.1272386 -0.2383020 0.0582024 -0.1045378 -0.1572786 -0.1727417 -0.3349111 0.1022870 -0.2413330 0.0735792 0.4771117 -0.0004623 -0.4248035 -0.0014608 0.2047950 0.0096226 -0.2122767 -0.0376705 0.4400442 -0.2504376 0.4407262 0.0265689 0.1267188 0.0152887 0.0897928 -0.2392188 0.1026025 0.0188505 -0.2138473 0.0197761 -0.0861963 0.0422119 -0.0720922 0.0032178 -0.0028776 -0.3370264 0.2479120 0.0319131 -0.2946837 0.0529322 -0.0684618 -0.1809875 0.1387962 0.0420125 -0.0828775 0.0170919 -0.1532596 0.0044473 0.1075949 0.0861333 0.1864278 0.1455385 0.1743367 0.3825186 0.2083008 0.8443818 0.8162339 0.8741787 0.5381773 0.8336230 0.6592119 0.6071112 0.2497146 0.3888690 -0.0777737 -0.1976925 0.8600816 0.6121385 0.8678103 0.8854672 0.6458981 0.2261129 0.7221932 0.2653966 0.5104805 -0.0381438 0.6072350 0.1025178 0.1475807 0.3357948 -0.3581088 0.2557458 -0.2222478 -0.0318959 0.0602596 0.0075998 0.2016845 -0.2271691 0.3710444 0.2852001 0.0701616 0.1194377 0.4385255 -0.0331896 0.7268819 0.5367048 -0.0150478 -0.5716441 -0.3186448
0.0260249 0.5885429 0.6274472 0.5996948 0.6572745 0.4562608 -0.3917535 0.8386648 0.5976409 0.2771082 0.6152642 0.5756216 0.0000000 0.1547401 0.5222811 0.4577580 0.1902530 0.1893389 0.1589703 0.2320878 0.5451650 0.0095122 0.0624389 0.2701711 0.0937419 0.3274727 -0.4911068 0.1051624 0.3967061 -0.2961998 0.1248849 0.0439899 0.3011068 0.2765395 -0.0518574 0.4731725 -0.0233668 0.1320024 -0.6081833 -0.3810983 0.0120601 0.2319180 -0.5285811 -0.2033296 0.0958349 -0.0083299 -0.2919866 0.1380591 0.0874964 -0.0970432 -0.3595190 -0.4930803 0.2176159 -0.1168287 0.4119764 -0.0410497 0.0108899 0.1279556 -0.0508574 -0.1653018 0.1016354 -0.2305639 0.0969797 0.3541482 0.3832555 -0.1152046 -0.2329976 0.3003686 -0.2030428 0.3610734 -0.1845665 0.4946405 0.3314500 0.5981632 -0.0884453 0.4448225 0.5344767 0.3044733 0.5108778 0.4491859 0.3372467 0.3900889 -0.1078999 -0.1208286 -0.2480483 -0.1517517 -0.4159952 -0.3522583 -0.2406026 -0.2913871 -0.4887800 -0.4199275 -0.2191347 -0.3625613 -0.5318519 -0.1640387 -0.3568645 -0.1432383 -0.5059439 -0.6206255 -0.3666949 -0.0441730 -0.0869448 -0.4629735 -0.4035984 -0.4544270 -0.1192808 -0.1864384 -0.1100603 0.2209179 -0.3569520 -0.2184813 -0.2001405 -0.0798521 -0.1216009 -0.1682267 -0.1379584 -0.1636036 -0.2848623 -0.0869093 -0.2490198 -0.2928412 -0.3731722 -0.3818584 0.1237456 0.1367428 -0.1031520 -0.3635156 0.3585017 0.0557569 0.2014645 -0.2448188 0.2305139 -0.0734185 0.0294251 -0.2766457 0.2533089 0.3987782 0.2578910 0.3029857 0.1276432 0.2005442 0.1068034 0.0146622 0.1500335 -0.1400956 0.1994404 0.2643825 0.1277380 -0.0148886 -0.0820007 0.0605864 0.0559074 0.0488422 0.0577306 0.1535203 0.0588813 -0.0306839 0.2077744 -0.0687390 0.0618543 0.0547383 -0.0666027 -0.0743201 0.1139800 -0.0645699 -0.1916375 0.2277416 0.1193757 0.0226677 0.1424799 0.2252574 -0.0570521 -0.0390594 0.4483465 0.3791252 0.5098127 0.3661153 0.4952856 0.3743556 0.3132406 0.0632308 0.2455468 -0.1366644 -0.2327146 0.4381600 0.3621235 0.6341787 0.5382807 0.3064673 -0.1264553 0.3493729 0.1060835 0.2791690 0.0243345 0.3446953 0.0446892 -0.0068988 0.2475828 0.0583702 -0.0439851 -0.3510390 -0.3581526 -0.2253126 0.4691145 0.3645507 0.0214078 0.3747783 0.1337813 -0.1894429 0.1393439 0.3666342 0.4347484 0.4401831 0.4031655 0.2705693 -0.5774181 -0.5094086
0.3274911 0.2526566 0.0670460 0.6094756 0.0030775 0.6896342 0.0198188 0.2617084 0.4740580 0.5628019 0.3771433 0.4523709 0.1547401 0.0000000 0.5073343 0.0699018 0.4344846 0.6999486 0.0246971 -0.1364176 0.4573566 -0.0477250 -0.0468610 0.6879585 -0.1163281 -0.0685518 -0.0353458 0.6629972 0.4877991 0.4001184 0.1192931 -0.5383203 0.7309749 0.6198668 -0.0837262 0.3363136 -0.3353649 -0.1853342 -0.0069764 -0.2100941 -0.3895850 0.4310357 -0.0278647 0.2199869 0.5225666 -0.3510104 -0.2531634 -0.2315627 0.5456168 -0.2899368 0.0272678 -0.2101885 0.6725134 -0.3681513 -0.0071733 -0.1751631 -0.2839776 0.2311579 -0.3462062 -0.0741703 0.3846448 0.0086452 0.1660358 0.5611950 0.6445953 -0.5846728 0.1654161 0.4230221 -0.0976201 0.5854171 -0.3461092 0.6906552 0.4340436 0.4030834 -0.5719280 0.5291576 0.5847919 0.2635620 0.5278725 0.4196087 0.4382471 -0.3505869 -0.4522128 -0.4031803 -0.3683943 -0.3974907 -0.1449194 -0.4332319 -0.4774389 -0.3465336 -0.1731397 0.0822672 -0.2420790 -0.2975496 -0.3897281 0.1633681 0.1701126 -0.4257782 -0.4284896 -0.1318349 -0.2826433 -0.3469378 -0.2996249 -0.2793232 0.0838230 -0.2401966 -0.3289733 -0.4566636 -0.1757701 -0.2870637 -0.2802628 -0.1384502 -0.4249307 -0.3622533 -0.3504453 -0.1999130 -0.3311492 -0.4507062 -0.1665172 -0.1254876 -0.3096296 -0.2524913 -0.2924953 -0.0957476 -0.3183801 -0.3102173 -0.2009138 -0.2658383 -0.0965148 0.1790723 -0.4622165 -0.2762845 -0.4411922 -0.0143827 -0.1813948 -0.3451252 -0.3306724 0.2671886 -0.5149535 -0.1719180 -0.5421385 -0.0295089 -0.4614726 -0.2649495 -0.3906485 0.2244887 -0.1513704 -0.4733139 -0.3284157 -0.1768765 -0.2484618 -0.3876187 -0.1844241 -0.2809459 -0.3241735 -0.2692736 -0.4246949 -0.4623491 -0.4426709 -0.4115689 -0.2909948 -0.0867098 -0.1207773 -0.5532546 -0.3048345 -0.4372663 -0.1092098 -0.3409119 -0.3104136 -0.3039098 -0.2759429 -0.2996916 0.5310581 0.4765998 0.4262499 0.4351755 0.2786811 0.1212139 0.2468159 0.1015973 0.2334037 0.0290235 -0.0655768 -0.2249164 -0.5162001 0.4063682 -0.0860228 0.2587742 0.2334173 0.1809011 0.1160468 0.3758604 0.2202853 0.3668411 0.0929447 0.3162126 0.0772274 0.2763941 0.2218668 -0.3882175 0.3575599 0.0454439 0.0824721 0.3607160 -0.3938202 -0.4184146 -0.3313922 0.1476284 0.4606712 0.4268244 0.2567334 0.6262831 -0.5953559 0.1489523 0.4280066 -0.1770527 0.0897653 -0.0803557
-0.0128346 0.4668317 0.2700184 0.8862795 0.1638735 0.5986732 -0.1855933 0.6625765 0.7297762 0.3215768 0.5383349 0.6626360 0.5222811 0.5073343 0.0000000 0.2677564 0.0685584 0.5633904 0.2365515 -0.0725791 0.6781086 0.0536248 0.2945181 0.7908134 0.2304498 0.4805600 0.1130617 0.4300124 0.7701107 0.2148076 -0.2076820 -0.3311112 0.5179113 0.5667802 0.1287511 0.7009795 -0.0418844 -0.0540134 -0.0769626 0.1377158 -0.1708917 0.6991002 0.0326622 0.3098315 0.5644560 -0.0380211 0.1434480 -0.1241406 0.5023974 0.1129576 0.2557195 0.0642626 0.5715808 0.1796056 0.2973016 0.2209958 0.0958506 0.5492879 0.2738331 0.3547692 0.7132637 0.3758438 0.4143711 0.6695726 0.7381428 -0.1315983 0.4897033 0.5419577 0.1818326 0.6503721 0.0290707 0.7195118 0.6129913 0.5034565 -0.0142951 0.6225109 0.6065970 0.5017611 0.6281477 0.5274107 0.1762455 0.2082771 -0.0123603 -0.0726223 -0.2595154 -0.1117460 -0.1330093 -0.1350490 -0.3084336 0.1002738 -0.2873134 0.0557794 -0.1871384 -0.1101856 -0.3566719 0.3559886 -0.0949313 0.1170030 -0.1199961 -0.3292540 -0.0782334 0.2063492 0.2252531 -0.1413951 -0.0487658 -0.1120095 0.0055393 -0.0055507 -0.0565598 -0.0155672 -0.2132395 0.1842794 0.0984758 0.2205327 0.1499325 0.2641467 0.1505536 -0.1851936 0.1180627 -0.0295661 -0.0868003 0.0104900 -0.1254217 -0.0319310 0.0418309 -0.2694243 0.1223380 -0.1473105 0.0685124 0.4821633 0.1214038 -0.6026171 0.1075587 0.0951020 -0.4074342 0.0052873 0.1012954 0.3342880 -0.1819457 0.0966645 0.0113669 0.0777781 -0.4698187 -0.0226077 0.0332375 0.3470201 0.0546752 -0.0835818 -0.1967283 -0.1769841 -0.0387809 0.0113353 -0.0742939 0.1690853 -0.1748619 -0.0462594 -0.4077360 -0.1436046 -0.2575719 -0.2272550 -0.1642463 0.0396735 0.0912442 -0.3597648 -0.0446090 -0.0560767 0.1527829 -0.1197442 -0.1975317 -0.0595943 0.1225874 -0.0667479 -0.0847802 0.0119520 0.3852515 0.3561541 0.3216136 -0.0083143 0.3810416 0.1257750 0.1003170 0.1748667 0.5330328 0.1360087 0.0559176 0.6379624 0.4633815 0.3695761 0.4422417 0.3367453 0.0272658 0.3814798 0.0806452 0.0532837 -0.0691298 0.1864961 -0.2612339 0.0551759 0.1030811 -0.3326045 0.2802072 0.0372268 0.1199812 0.1836980 -0.0219018 -0.1558169 -0.2415231 0.4394276 0.3749882 0.2838992 0.3350041 0.5250062 -0.0416722 0.4259050 0.2516618 0.1187681 -0.1201645 -0.0357061
0.4736235 0.4629868 0.2444198 0.3429513 0.3061829 0.2779973 0.1064162 0.5452556 0.3443553 0.5698503 0.7496136 0.3529167 0.4577580 0.0699018 0.2677564 0.0000000 0.6034259 0.2616429 0.7074351 -0.1950309 0.4470383 0.4013559 0.5490237 0.2767064 0.6606511 0.6500717 -0.4669780 -0.2131853 0.4022416 -0.3270373 -0.0293550 0.2839644 -0.1290452 0.0100300 0.0689342 0.5543196 0.3283854 0.4847176 -0.6007954 -0.4962111 0.1282685 0.4044382 -0.4372431 -0.4699219 -0.1222147 0.3692308 0.1612036 0.3733135 -0.2131410 0.3605410 -0.1732838 -0.5964645 -0.0643169 0.1688041 0.4252352 0.2137641 0.2682837 0.3110188 0.1650119 -0.0177397 0.2540728 0.0753831 -0.0197993 0.2782049 0.2348876 -0.1158318 0.0113115 0.5604380 0.1059366 0.5616453 -0.1118972 0.2711663 0.5913066 0.4923450 -0.2135360 0.5968871 0.3618811 0.2232957 0.6078139 0.3161678 0.2559007 0.6265038 0.1994334 0.2737787 0.1999569 0.1721761 -0.3355181 0.1885070 0.1760771 0.1030592 0.0043894 -0.0694411 0.1863575 0.0734736 -0.0381314 -0.1134951 0.0325146 0.2658138 -0.0564775 -0.0418529 0.1243112 0.2326495 0.1477496 -0.0016623 -0.0575960 -0.2741952 0.1765635 0.1984969 0.2107274 0.3397463 0.2015914 0.2799820 0.1872868 0.1071798 0.0693635 -0.1348857 -0.1885394 -0.0463422 -0.1383028 -0.0966426 -0.2544303 -0.1028654 0.3092457 -0.0426177 0.0028985 -0.1707001 0.1074324 0.2203624 0.0967890 0.3987560 0.0447093 0.1537571 0.3154832 0.1226471 -0.0739460 0.1515993 0.1076972 0.4178314 -0.0007450 0.5976322 0.3347824 0.3626338 0.0363657 0.1973733 -0.1321953 0.2656904 0.1865961 0.0694314 0.2191357 0.3036661 0.6132419 0.3321363 0.2589671 0.3728012 0.2022987 0.5686297 0.3459297 0.1976216 0.2536154 0.6462796 0.3670921 0.5546973 0.3358300 0.4635101 0.4388050 0.3747054 0.1886467 0.4296185 0.2912543 0.6066809 0.4843474 0.3744798 0.1135765 -0.0962471 0.3020975 0.1438886 0.2540555 0.2755197 0.5570004 0.5744222 0.2812547 0.5653934 0.5613105 0.2902127 -0.0196537 0.3429443 0.1993276 0.3199935 0.2635912 0.0362317 0.3017117 0.1513896 0.0285616 0.4636066 -0.3010897 0.2175459 0.0627879 0.1838538 0.1888377 -0.0986175 -0.3431639 -0.3797059 -0.2281413 -0.3766845 0.0744182 0.2716383 -0.4726746 0.0313755 -0.3379594 -0.1507870 0.0057524 0.3186895 0.3077397 0.6849899 0.3841068 -0.1264430 -0.5283392 -0.7046793
0.5911180 0.4793811 0.2831560 0.2650600 0.2792938 0.4083181 0.3276057 0.2662747 0.3652664 0.7481705 0.5491331 0.3139588 0.1902530 0.4344846 0.0685584 0.6034259 0.0000000 0.2252849 0.3035586 -0.1239490 0.2960014 0.2316169 0.2545785 0.2619068 0.1647367 0.2171098 -0.3878880 -0.1239928 0.2212040 -0.3411688 0.2000543 -0.0021212 -0.0195463 0.0348245 -0.1022847 0.2949236 0.0383981 0.2802329 -0.6410823 -0.6800788 0.0960670 0.2124575 -0.3348415 -0.5366138 -0.1059768 0.0555985 -0.1892627 0.3024919 -0.2277648 -0.1649761 -0.3794014 -0.5953096 -0.0374672 -0.2126107 -0.0528499 -0.2936153 -0.0212415 0.1043274 0.0518747 -0.3677262 0.2253453 -0.1518985 -0.1619285 0.2330530 0.2595509 -0.2409674 -0.1697369 0.5599411 -0.2865607 0.4855628 -0.2154146 0.2441121 0.4716016 0.4286927 -0.4546954 0.5048057 0.4448932 0.1231017 0.5080702 0.5153712 0.5671801 -0.0723335 -0.2834075 -0.0880809 -0.0374554 -0.3126134 -0.3324666 -0.2019751 -0.2559210 -0.2966173 0.0341118 0.0276129 -0.0171492 -0.1859771 -0.2864832 -0.3328575 0.1318748 -0.1546780 -0.2076199 -0.0211145 -0.1465843 -0.1721363 -0.1711280 -0.2513653 -0.0763384 -0.4541331 -0.0758555 -0.0461158 -0.0383263 0.0414737 0.0629524 -0.0987137 -0.1130418 -0.1748597 -0.2275669 -0.2739926 -0.4078524 -0.3054719 -0.2985861 -0.1845327 -0.3141874 -0.0834084 -0.0316100 -0.0920915 -0.4198598 -0.2611755 -0.0278658 -0.1080924 -0.1754136 0.1814040 -0.3433008 0.1498915 -0.1794328 0.0277637 0.1552673 -0.1918772 -0.1890682 0.1097068 -0.3751971 0.0889190 -0.2083912 -0.0346880 0.1699693 -0.2206761 -0.4884574 0.0943004 -0.1428766 -0.2833823 -0.0579941 -0.0637240 0.1117098 -0.1770049 -0.1422263 -0.0549419 -0.1070647 0.2754815 0.1119319 -0.2669735 0.0864749 0.1316159 -0.0591186 0.0978391 0.1291469 0.1026431 -0.1177042 -0.0097623 -0.0062978 -0.0240802 -0.0406032 0.1030257 -0.0611704 -0.0205374 0.6445852 0.3661844 0.4387626 0.3570065 0.3162030 0.4136982 0.3358494 0.3976265 0.4093278 0.3326381 0.1084576 0.0976367 -0.1676467 0.3126751 0.0415512 0.3129617 0.2641445 0.1762752 0.1942026 0.3513607 0.2334442 0.4616380 -0.0878944 0.2973403 0.0217064 0.2243525 0.5064569 -0.2872911 -0.3065572 -0.2372163 -0.3304964 -0.3056175 -0.3096615 -0.0461933 -0.5799139 -0.0927734 -0.1491647 0.1267493 -0.2078127 0.1466657 -0.1235877 0.3569130 0.3880344 -0.1442857 -0.1883594 -0.4133700
