0.0000000 0.1583759 0.3515311 -0.4366417 0.3807393 -0.3313290 -0.2305302 -0.2478470 -0.4161905 -0.1297827 -0.4504335 -0.5498740 0.0745837 -0.3251109 -0.6743589 -0.0165265 -0.0572700 -0.4832530 -0.3111804 -0.1085049 -0.4625648 -0.2297849 0.3024968 -0.4257881 -0.2397233 -0.0995412 -0.3839483 -0.3153271 -0.6665678 -0.4049865 -0.1010795 -0.0837043 -0.2371788 -0.4905847 -0.2246746 -0.3762776 -0.1728865 -0.2067830 -0.4951530 -0.5862264 -0.2937278 -0.5673126 -0.2530362 -0.2366350 -0.5620459 -0.2726651 -0.2821811 -0.2645936 -0.3837289 -0.1281395 -0.3677518 -0.3335813 -0.5057692 -0.6671105 -0.1830328 -0.2806494 -0.3812785 -0.3739789 -0.4387284 -0.3896317 -0.4389880 -0.4068420 0.2070204 -0.4651689 -0.3793914 -0.0938442 -0.4984715 -0.3827976 -0.0312083 -0.3820961 -0.0328320 -0.2814877 -0.4357126 0.0857505 -0.2606865 -0.4134354 -0.3294343 -0.2475802 -0.2980111 -0.0614950 0.4952234 -0.2543699 -0.3283748 -0.3288868 -0.4460712 -0.1973452 0.0286946 0.0606639 -0.3784202 -0.1396178 0.0257890 -0.0075491 0.0714165 -0.0941876 -0.1495345 -0.2541064 0.2237204 0.1350515 0.0896048 -0.1960961 -0.2228826 -0.0120760 -0.1222389 0.0561886 0.1270184 -0.1638249 -0.3661911 -0.1972669 -0.1984903 -0.3637660 0.1459221 -0.3178215 -0.4533801 0.0197678 0.2078418 -0.1777736 0.1104113 0.0408588 -0.1349129 -0.1756220 -0.3229712 -0.0356431 0.0506188 -0.5241616 -0.2416229 -0.3412871 -0.1122281 -0.0178683 -0.1531672 -0.5031944 -0.2452958 0.0278488 -0.1084619 -0.3213574 0.4176036 0.1389083 -0.1171579 -0.1380907 0.0078942 -0.2499081 0.2761654 -0.1553051 0.4473622 -0.0980515 -0.0316786 0.0109718 -0.0321022 -0.1194479 0.2079838 -0.0335755 0.0533074 0.0060458 -0.2068378 0.1540316 -0.3598560 -0.0006310 0.4024579 -0.1957704 0.3446630 0.2925746 -0.3475760 -0.0430140 -0.0173411 0.2186111 -0.2791717 -0.0518612 0.1475223 0.1180877 0.3960318 0.0439121 -0.0949839 -0.0482606 0.5737874 0.6265869 -0.0074742 0.0411231 -0.1024660 0.3414438 -0.1193899 -0.1039728 0.1672537 -0.1497305 -0.4036198 -0.1856881 0.0085721 0.1637902 0.4883956 0.4637500 0.4192648 -0.1310942 0.0311259 -0.3539556 -0.2875895 0.4331159 -0.0136932 -0.1307214 -0.3530058 -0.1398008 -0.0241782 -0.4583213 0.0695737 0.2681058 0.3482231 0.1008141 -0.2941516 0.4171166 -0.4903262 -0.0209925 0.2972121 0.1343784 -0.2385651 0.0939714 -0.2346226 -0.2449296 -0.1365407 0.2443782 0.1281754 0.1055127
0.1583759 0.0000000 0.4479427 0.4303368 0.2940829 0.4633748 0.1425848 0.4622927 0.2668948 0.1344007 0.2713236 0.0516390 0.3488865 -0.1372707 0.1667348 0.7159768 -0.1544826 0.0512350 0.4023702 0.0745164 -0.1029518 0.3022472 0.5714272 0.1388535 0.3969896 0.4250883 -0.2158563 0.0768042 0.0662789 0.0561357 0.3435467 0.4466485 0.2486598 0.1904342 0.1779048 -0.2525287 0.4972289 0.2026807 -0.3384619 -0.1624279 0.3482101 -0.1642246 0.0767776 0.3537765 -0.0884533 0.3372290 0.5071162 0.1370304 0.2692251 0.4456525 0.3496833 -0.2233978 0.1176683 0.0599800 0.1968946 0.4712540 0.4934863 0.1867264 0.2430427 0.3472705 0.1624878 0.0882658 0.4466470 0.2512653 0.3073896 0.4178670 0.4835785 0.3426927 0.5531795 0.2742542 0.5107516 0.2706367 0.4455640 0.3591634 0.7215719 0.3282073 0.2770634 0.4145767 0.4047127 0.1915282 0.0816344 0.6084182 0.3151954 0.2496277 0.1120597 -0.0226934 -0.3335338 0.1365127 -0.2929696 -0.3073811 -0.2286224 0.0450141 0.3118553 0.0140687 -0.2902864 0.1487014 0.2277184 0.5345457 0.0121769 0.0239751 0.0828374 0.0134505 0.0956128 -0.0206744 0.2530110 -0.0653611 -0.0219795 0.1814772 -0.0800425 0.1816706 0.0138177 -0.0296570 0.0205148 -0.1951711 -0.2363117 -0.1747151 -0.3037720 0.1037271 -0.1922763 -0.1080415 -0.1648166 -0.2747902 0.2085385 -0.0229248 -0.2529455 -0.3140135 0.0249206 0.1579379 -0.4068234 0.0161550 -0.1724052 -0.1029541 -0.0943995 -0.1211008 -0.2377237 0.0826407 -0.2172692 -0.2725150 -0.1901072 -0.2236950 -0.0085203 -0.3584203 -0.0734346 -0.3734382 -0.3216764 0.0953387 -0.2638673 -0.2687670 -0.1304831 -0.2866281 -0.2493223 -0.4119919 -0.4386512 -0.0725731 -0.0998283 -0.2624505 -0.0461442 -0.3965522 -0.2884261 -0.0531783 -0.2484102 -0.3945333 -0.3499229 0.0687797 -0.3701234 -0.5006905 -0.2694434 -0.2449886 -0.1626107 -0.2651734 -0.3098028 -0.3223890 0.3624235 0.2724775 0.3127317 0.0188316 -0.2852467 -0.1408124 -0.1862872 -0.2908279 0.0162581 -0.1812481 0.1176462 0.0449086 0.4880153 0.1899643 0.2011413 0.1799306 0.1750615 0.3189212 -0.1429220 0.0172954 -0.2130365 -0.0012311 -0.2402979 -0.3386041 -0.4011204 -0.3948824 -0.0823973 -0.0423142 0.2099243 0.1579085 0.3069894 -0.3811818 0.4009266 0.1401094 -0.2505973 -0.0529205 0.0196608 -0.1534234 0.5179679 -0.3866578 0.4028845 -0.4011829 -0.2812523 0.3033720 -0.3436608 -0.2547602
0.3515311 0.4479427 0.0000000 -0.2335705 0.9419929 -0.1754314 -0.2743165 0.0319489 -0.2940532 -0.1471212 -0.3077922 -0.2285978 0.3998665 -0.6283394 -0.3621849 0.3018367 0.1095346 -0.5786635 -0.1876328 0.6178162 -0.2345130 -0.0953932 0.2997556 -0.4630917 -0.2735955 0.0519564 -0.1819870 -0.4962216 -0.5398152 -0.4381660 0.2105942 0.1804679 -0.4139366 -0.4238845 -0.1641457 -0.5501261 0.0318192 0.1896576 -0.1401731 -0.1807335 0.2854859 -0.5487006 0.1150950 -0.3166675 -0.6539550 -0.2853978 -0.1570119 0.2663356 -0.3586275 0.1638205 -0.2450030 0.0853107 -0.4753106 -0.2305577 0.3864627 0.1709327 0.0194349 -0.3811619 -0.1000537 -0.2126994 -0.4388945 -0.0931605 0.8152999 -0.4354497 -0.2080399 0.5612851 -0.2867135 -0.2952917 0.6127299 -0.4763045 0.5030214 -0.1569318 -0.1965081 0.5665733 -0.0429581 -0.4737820 -0.3382600 -0.1120309 -0.2009191 -0.0225006 0.5494626 -0.1642238 -0.3717257 -0.1995043 -0.4093388 -0.4787628 -0.1647954 -0.5083028 -0.4446452 -0.6522367 -0.1899529 0.0280786 0.0068654 -0.5947699 -0.5571736 -0.3708032 0.2137234 0.2153672 -0.5191420 -0.5487735 -0.4867286 0.2280368 -0.2350656 -0.5935434 0.0062521 -0.5031663 0.0800612 0.1051246 -0.0582834 0.1095996 -0.3110557 -0.2817557 -0.1585376 -0.0192066 -0.2746112 -0.1311406 0.0185852 -0.0069723 -0.0063380 0.0243711 -0.1416813 0.0257827 0.4202995 -0.2798696 -0.3028503 -0.3842383 -0.0795748 0.2019232 -0.3108449 -0.5944364 -0.3594581 -0.4550369 0.0906103 -0.6950680 0.1331658 0.4662751 -0.2709432 -0.3024691 -0.0495583 -0.3290258 0.2989809 -0.3735318 0.2437734 -0.3806588 -0.2952432 0.6115462 -0.1207101 -0.1348233 -0.0680441 -0.2789055 -0.1266993 -0.3249428 -0.3679072 0.2690054 -0.0731810 0.0074764 0.7474892 -0.2810802 0.2882804 0.6593592 -0.0065907 -0.1614691 0.2775381 0.7676622 -0.2166086 -0.2423672 0.4320236 -0.0823612 0.5542092 0.3473855 -0.1602869 -0.2322062 0.0018169 -0.0785868 -0.3498611 -0.1375975 -0.0809042 0.4727828 0.2227319 0.2154704 -0.2371692 -0.2899920 -0.1552832 -0.0687388 0.5361765 0.5460379 0.7995816 0.8214880 0.7777241 -0.0725128 0.1845321 -0.6052091 -0.5748370 0.1907212 -0.0674017 -0.3938837 -0.5084642 -0.3789811 -0.0014561 -0.1316538 0.2722192 0.3306809 0.2653453 -0.1114248 0.1626788 0.4221444 -0.3011740 0.0753456 0.2623255 0.3761190 0.1414693 -0.1285281 0.3132603 -0.3439857 -0.0791124 0.6330363 0.1106604 0.1342078
-0.4366417 0.4303368 -0.2335705 0.0000000 -0.3820717 0.8838933 0.6332023 0.7952482 0.6101875 0.4216436 0.7396219 0.7322379 0.2934134 0.6294080 0.7169674 0.6164119 -0.1807075 0.6631818 0.7901486 -0.1660621 0.5379862 0.5176633 0.1468504 0.7619601 0.7642780 0.4416627 0.2595112 0.6619062 0.7751412 0.6604036 0.3731356 0.3173045 0.6860566 0.8270075 0.2697600 0.4871570 0.5155821 0.3063692 -0.0432062 0.0989811 0.4227372 0.4869151 -0.0906269 0.5305700 0.6215099 0.5787132 0.6724256 0.2644892 0.7399193 0.3267753 0.5679186 -0.3101498 0.8444707 0.3276465 0.2170071 0.5429819 0.5958578 0.5970362 0.6044351 0.5096861 0.6888068 0.2637022 -0.1167923 0.8620196 0.8597535 0.2315225 0.7628183 0.5964967 0.2934130 0.7950867 0.4025357 0.8206756 0.8521880 0.3567505 0.7643068 0.8679322 0.8216887 0.6994797 0.9000231 0.5537118 -0.0589087 0.6947118 0.4696757 0.1904872 0.5580442 0.2418600 -0.1946350 0.4384108 0.2469148 0.2690451 -0.2282376 -0.1005100 0.2841095 0.4453439 0.2285639 0.5330195 0.0399799 0.2676038 0.3783953 0.4954097 0.2979964 -0.2250898 0.0028657 0.2942166 0.2104009 0.5304602 -0.1142907 -0.0358617 -0.1229694 0.0204136 0.0812150 0.0640021 0.1695664 -0.1500398 -0.2122891 -0.0837163 -0.4063746 -0.0949787 -0.1622614 -0.0481680 0.0640944 -0.2154188 0.1165769 0.2096556 -0.0504654 0.0413164 -0.0426802 0.1524527 -0.1723139 0.6231808 0.2087192 0.2818595 -0.0372583 0.4147430 -0.1784062 -0.1598327 0.0706392 0.0225286 -0.0586189 0.2060333 0.0449607 0.1062957 -0.0179607 -0.0550732 -0.0737696 -0.2495314 -0.0223153 0.0530640 0.2280511 0.1511666 0.0347258 -0.1633769 -0.0179454 0.1133674 0.0427494 -0.1303504 -0.4619560 0.0356783 -0.2395440 -0.3383506 0.1285600 -0.1468723 -0.3600070 -0.3225062 0.0658321 -0.2028640 -0.2889052 0.1417981 -0.3078964 -0.3468271 0.3066697 0.2411884 -0.0132969 -0.0653793 0.2326830 0.2892100 0.1134345 -0.3713231 0.0464295 -0.1694746 -0.0204764 0.1563898 0.3483465 0.2425765 0.2905762 0.0449138 -0.4210257 -0.4522383 -0.3049597 0.6809360 -0.1994957 0.6560157 0.5093270 -0.3690417 -0.1910563 -0.1502263 0.1127877 0.1402083 0.3013503 0.1484290 0.2782279 -0.0380494 0.0577738 -0.2476429 0.4606516 -0.1312698 0.2109534 0.1368195 -0.2007790 -0.1102886 0.4484073 -0.0890014 0.2892109 0.1510463 0.2802469 -0.2362812 -0.5391494 -0.4162600
0.3807393 0.2940829 0.9419929 -0.3820717 0.0000000 -0.3823418 -0.3605753 -0.1102647 -0.4187312 -0.3859304 -0.5136342 -0.2604543 0.3973490 -0.6602974 -0.4462433 0.1652635 -0.0313186 -0.6160333 -0.2494665 0.6985832 -0.2219107 -0.1059447 0.1038653 -0.5007981 -0.3336299 -0.0443291 -0.1113803 -0.4654767 -0.6099313 -0.3875397 0.2371808 0.2150008 -0.4278065 -0.4909134 -0.2031499 -0.5236117 -0.0542124 0.2560722 -0.0943432 -0.1322705 0.3492577 -0.5756166 0.0410886 -0.3707928 -0.6905811 -0.2988971 -0.1941600 0.3939124 -0.4599514 0.2296307 -0.2780434 0.0587500 -0.5754712 -0.2448582 0.4954948 0.1908853 -0.0247037 -0.5222983 -0.1035405 -0.2661044 -0.5499398 -0.1475821 0.8771722 -0.5609620 -0.3651385 0.6170264 -0.3887649 -0.4782094 0.6555585 -0.5848105 0.5129533 -0.3090399 -0.3431022 0.5132733 -0.1666905 -0.5678825 -0.4289616 -0.2264244 -0.2882395 -0.1147546 0.5032840 -0.2368624 -0.4499185 -0.1752939 -0.4679914 -0.4909930 -0.1505941 -0.4517355 -0.4691358 -0.6053868 -0.0897043 0.0157104 -0.0429595 -0.5446614 -0.5633718 -0.4650851 0.1846704 0.1405078 -0.4555298 -0.5119064 -0.4906949 0.1990163 -0.2340291 -0.5605044 0.0242558 -0.5137826 0.1127086 0.1983760 0.0720500 0.0968340 -0.1551473 -0.3403752 -0.0467314 0.1295716 -0.1167438 0.0317655 0.1504164 0.1457410 0.1240090 0.2230788 -0.0074633 0.1694888 0.3560011 -0.1906772 -0.1054601 -0.2756910 0.0253708 0.1747854 -0.1469703 -0.5420716 -0.2442481 -0.3365634 0.1681362 -0.5925189 0.2687229 0.4371577 -0.1121966 -0.1834790 0.0510082 -0.2146471 0.3333707 -0.2197520 0.3379821 -0.2256998 -0.1399168 0.5561336 -0.0561393 -0.0361515 -0.0290839 -0.1509182 -0.0351306 -0.1837167 -0.3428403 0.2734046 -0.1032648 0.0812459 0.7210541 -0.1526072 0.4102238 0.6670795 0.0243010 -0.1227615 0.2633120 0.7222469 -0.2442282 -0.1242416 0.4179968 -0.0373382 0.5230725 0.2940185 -0.0972400 -0.2180551 -0.1104397 -0.1372718 -0.4776278 -0.2352201 -0.1040520 0.4194504 0.2532399 0.2683257 -0.3083885 -0.2653441 -0.2243509 -0.1183892 0.4646528 0.5490724 0.8601334 0.8338489 0.8204860 -0.2163392 0.3238489 -0.6926341 -0.6375465 0.0750824 0.0132009 -0.4512525 -0.3618060 -0.4270422 -0.1361629 -0.0193013 0.2538017 0.2262168 0.1407169 -0.1210000 0.2306637 0.4883098 -0.1552433 0.0602573 0.3346400 0.2596363 0.0578975 -0.1700010 0.3152039 -0.3529626 -0.0571193 0.6897267 0.0856019 0.0473208
-0.3313290 0.4633748 -0.1754314 0.8838933 -0.3823418 0.0000000 0.5447447 0.7382764 0.6667298 0.6092799 0.8405242 0.5661729 0.2740627 0.3734684 0.7260355 0.6371041 -0.1401287 0.5419844 0.6645222 -0.2477809 0.3869010 0.5311670 0.3540587 0.5684036 0.6601157 0.4584606 -0.0868197 0.4107525 0.6868667 0.3073743 0.2493535 0.2358994 0.5074135 0.6863437 0.3205327 0.3967047 0.5726795 0.2748009 -0.2387896 -0.1009262 0.2878385 0.4130733 0.0885018 0.4417548 0.5382497 0.5544977 0.5640390 0.1998317 0.6310276 0.1542092 0.5539378 -0.2080136 0.7468221 0.2933606 0.1332417 0.4492281 0.5536534 0.6301390 0.4445630 0.5953611 0.6413084 0.4958285 -0.1400747 0.7896595 0.7412381 0.2042835 0.7893427 0.7375717 0.1669478 0.7721711 0.3626426 0.7146887 0.8404375 0.2003824 0.6972851 0.7389221 0.6437491 0.6145276 0.7274395 0.2759889 -0.1412872 0.6112080 0.5329708 0.0991125 0.3948827 0.2687499 -0.0779080 0.2228919 0.2885085 0.2211435 -0.1544920 -0.0042012 0.3802997 0.2263539 0.2797256 0.4815777 0.0011963 0.3092633 0.3244196 0.2922423 0.3773749 -0.1517200 0.1075526 0.2200799 0.1909779 0.5403776 -0.1319972 -0.0747411 -0.1753429 0.0313164 0.0308742 0.1603691 0.1607230 -0.0218219 -0.0447009 -0.0388834 -0.2145467 -0.0942841 -0.0588089 -0.1921877 0.0892733 -0.1036225 0.1899007 0.2382729 0.0203986 -0.0027995 0.1116055 0.1821500 -0.1725833 0.5863756 0.2348307 0.2012663 -0.0373555 0.2905909 -0.1930873 0.0222706 -0.0117322 0.0411285 -0.0601153 0.1782202 0.1181656 0.1002793 0.0046152 0.0183403 -0.0978070 -0.0413091 -0.0050532 0.0285128 0.1350901 0.1294034 0.0934802 -0.0609435 0.1254172 0.1304015 0.2763166 0.0135023 -0.2649915 0.0180248 -0.2488164 -0.2191386 0.2659999 0.0592753 -0.1306738 -0.1573505 0.2470474 -0.1000961 -0.0885998 0.0596008 -0.1307706 -0.0956815 0.2211036 0.2130409 0.0492821 0.0275587 0.3638770 0.2699403 0.0164062 -0.3676785 -0.0519325 -0.2089324 0.0359561 0.1428918 0.4014160 0.2570692 0.3334995 -0.1308936 -0.4306987 -0.4498617 -0.3644635 0.5049338 -0.3718479 0.5284859 0.3215764 -0.2616124 -0.2462508 -0.0800219 0.0008273 0.0350876 0.1376455 0.0981433 0.3327292 -0.0424379 0.2011727 -0.1677513 0.3493534 -0.2111826 0.1421340 0.1404902 0.0200577 -0.1016627 0.4847757 -0.0789401 0.2875683 -0.0001996 0.0329983 -0.0389487 -0.5179790 -0.4357839
-0.2305302 0.1425848 -0.2743165 0.6332023 -0.3605753 0.5447447 0.0000000 0.4877745 0.3277468 0.2803558 0.4890553 0.7437295 0.0856164 0.4028190 0.3348402 0.4097855 -0.1877842 0.4548838 0.6936552 -0.1865658 0.6490585 0.3881641 -0.0500375 0.4610921 0.6863632 0.2367851 0.1132570 0.3572900 0.5008976 0.3529786 0.1896758 0.0655908 0.3625847 0.4985709 -0.0195331 0.5865082 0.2824174 0.1311137 -0.1548460 -0.0598199 0.2254861 0.3790405 -0.2916605 0.1027381 0.4052520 0.3605888 0.3355481 0.0780435 0.2744073 0.2324159 0.2259842 -0.3161367 0.4937391 0.1758831 0.0093715 0.2333457 0.2786460 0.2519300 0.3196847 0.1886673 0.3329754 0.1715290 -0.2248791 0.4630611 0.4193615 -0.0338594 0.4592656 0.2851142 -0.0226348 0.4238801 0.0995050 0.5915908 0.4087556 0.1410375 0.2980473 0.4516245 0.6764721 0.3314613 0.5088630 0.4425617 0.1014208 0.4074084 0.3808323 0.1410385 0.5177987 0.3327282 0.1156207 0.4539076 0.4366746 0.3964187 0.2346259 -0.1389941 0.1298909 0.2014417 0.4267790 0.6215095 0.2538266 -0.0000512 0.3863061 0.2133953 0.1619277 -0.4543836 -0.2093971 0.2702515 0.4143750 0.5901703 -0.2141954 -0.3137494 0.0361424 -0.1211669 0.3489591 0.3701430 0.1556212 -0.0112215 0.1069720 0.1354709 0.0743983 -0.0592843 0.2584388 -0.0521127 0.1321927 0.0583755 0.2338017 0.2224628 -0.1200542 0.3787570 -0.2216026 0.3350830 0.0478702 0.4153903 0.2023344 0.3271748 -0.0077971 0.3838778 -0.1391399 0.0946370 0.1241470 0.0939726 0.0376764 0.4169602 0.2072841 0.2722989 0.1197785 0.1949049 0.0646242 0.0212064 0.0490663 0.0910240 0.3803022 0.3508095 0.2710195 0.0701343 0.0677323 0.3756986 -0.0873778 0.0491792 -0.3207407 0.1229180 -0.0356898 -0.1462588 0.0734999 0.0393205 -0.1745556 -0.2902952 0.0162891 -0.0151056 -0.0398996 0.2767628 -0.0534686 -0.3156194 0.4442181 0.3924751 0.0738392 0.0978995 0.2723232 0.8047379 0.6408411 0.0022085 0.4215685 0.3090681 0.2198801 0.5247630 0.3643333 0.4603466 0.0597333 -0.0781878 -0.5280966 -0.4280293 -0.1092296 0.6754714 0.0351006 0.4894974 0.7506992 -0.1127067 0.3294794 0.3989602 0.5427172 0.5328274 0.4226030 0.2845534 0.3988856 -0.2009669 0.3673090 0.2339617 0.0035794 -0.0194560 0.3274368 0.4022168 -0.2078913 -0.0913299 0.2153137 0.3828599 -0.2753535 0.5877900 0.6125982 -0.2388731 -0.1486442 -0.1607732
-0.2478470 0.4622927 0.0319489 0.7952482 -0.1102647 0.7382764 0.4877745 0.0000000 0.2105104 0.4237522 0.7497914 0.4996409 0.6587995 0.3516769 0.4685857 0.7712936 -0.0539905 0.3187556 0.7348081 0.1468470 0.2764236 0.7243738 0.4111420 0.4927305 0.7419033 0.7780200 0.2052715 0.4010888 0.4224974 0.4327601 0.6392998 0.6224513 0.4843153 0.5226784 0.6039266 0.0474289 0.8011075 0.5805627 -0.0287679 0.1399566 0.5411521 -0.0039387 0.2776554 0.4046890 0.2227747 0.7225094 0.7575971 0.3441162 0.5162724 0.6003347 0.6907486 -0.0514535 0.5496516 0.4178941 0.3861795 0.7392245 0.8043998 0.5910585 0.4318411 0.6559043 0.4594084 0.4200620 0.1932307 0.6751452 0.7616757 0.4474743 0.6627440 0.5392137 0.3867920 0.6210011 0.4725995 0.8655173 0.7811674 0.6010683 0.7565915 0.6558966 0.6714767 0.7509267 0.6393216 0.4176284 -0.0216633 0.5550055 0.3480247 0.1139191 0.3474782 0.1977917 0.0798251 0.2555258 0.1418680 0.0990929 -0.2752544 0.1427318 0.1530090 0.1847510 0.1112471 0.5757938 -0.1115177 0.2316583 0.2231185 0.2073905 0.0744041 0.1187281 0.1187034 0.0688715 -0.0386047 0.4672191 -0.1165045 -0.0548073 -0.3583103 -0.0648924 -0.2145691 -0.0023604 0.0553605 -0.1014716 -0.1345060 -0.1005105 -0.2403860 -0.1451005 -0.1242016 -0.2259863 -0.1212768 -0.2427097 -0.0044788 -0.0386307 -0.1502281 -0.2382024 0.0831432 0.0147436 -0.1875344 0.3456730 0.1570384 -0.0277877 -0.0533770 0.0340318 -0.2769023 -0.1301562 -0.0511631 0.0003570 -0.0107490 0.0325965 -0.0479283 -0.0379439 -0.0201464 -0.2684905 -0.0565652 -0.2262164 -0.0094716 0.0104945 -0.0521728 -0.0081067 -0.0861237 -0.2321514 -0.0789577 -0.0501704 -0.1635468 -0.2071433 -0.2120016 -0.0246508 -0.2377651 -0.1333851 -0.0179535 -0.1895374 -0.3382543 -0.0619157 -0.0640901 -0.2075283 -0.3140004 -0.0922265 -0.2428198 -0.2669225 0.1059811 -0.0182608 -0.1130818 -0.1586402 0.0008030 0.0732859 -0.0291971 -0.1502943 -0.1262217 -0.3355637 0.0201844 -0.2163999 -0.1274862 -0.1786291 0.4519306 0.4178731 -0.0607627 -0.1452924 -0.0340821 0.6409650 -0.3038735 0.4884663 0.2140624 -0.1028024 -0.3582886 -0.2590989 -0.1473209 -0.1896946 0.0800076 -0.0510439 0.2526731 -0.1972885 0.0946783 -0.3109735 0.5137090 -0.1551630 -0.0161781 0.1295419 0.0725063 0.0028534 0.2980407 -0.0265207 0.3644268 -0.0296969 0.2889572 0.0862343 -0.2511904 -0.2140409
-0.4161905 0.2668948 -0.2940532 0.6101875 -0.4187312 0.6667298 0.3277468 0.2105104 0.0000000 0.5101980 0.5581998 0.5026820 -0.1173878 0.2724416 0.7397258 0.3267543 0.0393998 0.5636188 0.4925053 -0.2229725 0.4129673 0.2066166 0.1851721 0.4010085 0.4848701 0.0743056 0.1944528 0.2168534 0.7022534 0.2754530 -0.0223055 0.0729752 0.2397916 0.5569695 -0.0187848 0.4639257 0.1762208 0.1121779 0.1172820 0.1615340 0.1681096 0.6891828 0.0237691 0.3425860 0.6198548 0.2145631 0.2753746 0.1463661 0.4432752 -0.1043405 0.2038080 -0.0175419 0.5375737 0.2957769 -0.0053856 0.1531641 0.2003334 0.3659252 0.4575560 0.2465514 0.6049686 0.3251122 -0.2325620 0.5120847 0.3712634 0.0025063 0.6844891 0.4907129 0.0651037 0.5091668 0.1975127 0.1708372 0.6034538 -0.2128279 0.4842042 0.5420309 0.4241938 0.3258982 0.5017386 0.1022879 -0.3120433 0.4852888 0.5593791 0.3870172 0.5915637 0.0960318 -0.2527764 0.2975549 0.2543620 0.2322052 0.1246771 0.1089537 0.6097386 0.2707735 0.1719229 0.2244599 0.2814024 0.5872018 0.3490892 0.4418343 0.4954302 -0.0425994 0.2660857 0.2681413 0.4469465 0.2249523 0.3060145 0.3295132 0.3113049 0.5120948 0.2951202 0.4948511 0.4672266 0.1246558 -0.1286052 0.1648789 -0.1443724 -0.0291974 0.1460551 0.0132057 0.2137895 -0.0558629 0.2298984 0.5045600 0.0819995 0.3233537 0.0960159 0.2777017 -0.0539330 0.5366458 0.1526247 0.2913686 0.1230760 0.3799867 -0.2652225 -0.0450263 0.0627435 0.0113489 -0.1238019 0.1736066 -0.1336800 0.1056286 -0.2537465 0.1279238 -0.1207795 0.0080581 -0.0191194 0.0240220 0.0113556 0.0963300 0.0637823 0.0312533 0.1192790 -0.0189923 0.3450599 0.1538636 -0.3848264 0.0630177 -0.2316962 -0.3533113 0.2059823 0.0161312 -0.0277407 -0.3185048 0.2213083 -0.0379918 -0.1400257 -0.0293305 -0.2873655 -0.0987132 0.0539407 0.1106245 0.0387525 0.1228628 0.6007229 0.2664761 0.1810339 -0.4325677 0.1355920 0.0668757 0.0466923 0.3429066 0.7586730 0.4411878 0.2511321 -0.5613831 -0.5358401 -0.4995323 -0.4156549 0.1821803 -0.1298421 0.2472335 0.2362745 -0.3698276 0.0767064 0.1303586 0.1396540 0.2995060 0.0805644 0.3211134 0.3629205 0.4085727 0.3756403 0.1619400 0.3556868 0.0180717 0.2670535 0.1562295 -0.2087882 0.0031768 0.7410484 -0.1911763 0.3142724 0.1099479 -0.2245848 -0.1264046 -0.4880229 -0.2567226
-0.1297827 0.1344007 -0.1471212 0.4216436 -0.3859304 0.6092799 0.2803558 0.4237522 0.5101980 0.0000000 0.7859205 0.1347535 -0.0698636 0.1727538 0.4552799 0.4410202 0.5798470 0.2134997 0.3537320 -0.3326838 -0.0190662 0.1743116 0.6161516 0.0703221 0.4255978 0.4034396 -0.0527007 -0.1607979 0.3314310 -0.1795859 -0.1337229 0.0551514 -0.0848184 0.1972128 0.0617934 0.0280462 0.3529509 -0.0321031 0.0325270 0.0288450 -0.1677995 0.2732839 0.2258779 -0.0338922 0.2759806 0.1271479 0.0817087 -0.2660507 0.1905130 -0.3233214 -0.0153068 0.2485358 0.3235774 0.0670668 -0.3263220 -0.0842979 0.1603445 0.4900268 0.1158861 0.1086141 0.3518525 0.2567944 -0.3552140 0.4192652 0.3071350 -0.1969226 0.3747376 0.5780976 -0.3345853 0.4010989 -0.0791822 0.3110786 0.4918244 -0.1483541 0.3102160 0.2956473 0.2278072 0.3692253 0.1276705 0.0671196 -0.0696991 0.2731375 0.5463170 0.1914567 0.5100267 0.3968235 0.3487714 0.1438749 0.5011221 0.2933592 0.1565996 0.3254814 0.0854239 0.1186585 0.4374854 0.3630656 0.0863936 0.1767168 0.2415185 0.1791221 0.3223655 0.2061009 0.2664881 0.1963663 0.1016990 0.3833820 0.1070177 -0.0127684 -0.2443848 0.1696592 -0.1717802 0.3158841 -0.0744548 -0.2022647 -0.2776959 -0.1413634 -0.0586924 -0.4144500 -0.1092589 -0.6479831 -0.3804312 -0.3221091 0.2010117 -0.2442231 -0.4124838 -0.2890135 -0.0700161 0.0793328 -0.5062135 0.0285750 -0.3007342 -0.1519872 -0.2752485 -0.1587244 -0.2774408 0.1105707 -0.4313489 -0.4110176 -0.4464542 -0.2568012 -0.0645598 -0.3312933 -0.1968706 -0.2049821 -0.4341661 0.0876053 -0.2599773 -0.2750307 -0.0512062 -0.2198501 -0.1361196 -0.1552298 0.0080741 -0.0017381 0.2031615 0.0416773 0.0090575 -0.1623158 -0.1386727 -0.1354264 0.1298897 -0.0280374 0.1282133 -0.0037635 0.2779075 -0.1625541 0.0518205 -0.0319171 0.0334465 0.0752502 -0.0325383 0.0643725 -0.0141170 0.0421986 0.4681745 0.1879661 0.0705744 -0.0072984 -0.1823987 -0.1409247 0.2346334 -0.0873505 0.2435451 -0.0395135 0.2561089 -0.3503539 -0.3617485 -0.2938887 -0.3451601 0.1232127 -0.5182912 0.2600488 0.1746797 0.1376206 -0.2238456 0.1863802 -0.3483586 0.1645549 0.2747967 -0.3882833 -0.0200295 0.2793715 0.4886779 0.2401062 -0.0664471 -0.2331226 -0.3814937 0.0787956 -0.2385743 0.3839337 0.4609169 0.1833282 -0.0104107 0.1034330 -0.1536864 -0.1328249 0.0762772 0.1139029
-0.4504335 0.2713236 -0.3077922 0.7396219 -0.5136342 0.8405242 0.4890553 0.7497914 0.5581998 0.7859205 0.0000000 0.4117558 0.2259973 0.3884331 0.7383968 0.6033322 0.2177431 0.4893939 0.6562631 -0.2041066 0.1879114 0.6192687 0.4881553 0.4627790 0.6842917 0.5936778 0.0633629 0.2704371 0.6258653 0.2333738 0.2520588 0.3307289 0.3710251 0.5870034 0.4829555 0.1925485 0.6654682 0.3020957 0.0113021 0.1676447 0.2092029 0.3660748 0.3788435 0.3751319 0.5405929 0.6030619 0.5374358 0.0511433 0.5591596 0.1663879 0.5356999 0.1525008 0.6724246 0.5011274 -0.0120020 0.3735361 0.5971205 0.7938909 0.3819963 0.6055334 0.6424790 0.5972300 -0.2836968 0.7977702 0.6823044 0.0501449 0.7586720 0.8469907 -0.0751651 0.7796854 0.0859025 0.6903036 0.8095820 0.0377033 0.6358475 0.7022477 0.5839096 0.5755292 0.4946394 0.1175773 -0.3700938 0.6259556 0.7153058 0.3352512 0.5977768 0.5064476 0.2076491 0.2373009 0.4800291 0.3358677 0.0227121 0.2125246 0.1288748 0.2806732 0.4201040 0.5757233 -0.1330819 0.1500445 0.2949378 0.3385553 0.4150119 0.1273221 0.4072456 0.2598773 -0.0156138 0.5388045 -0.0231022 -0.0546466 -0.3108092 0.0779067 -0.1884147 0.3296163 0.1655732 -0.1251555 -0.1584339 -0.0366748 -0.1665835 -0.3771593 -0.0955598 -0.5012782 -0.1515281 -0.2584089 -0.0633626 0.0705188 -0.1378223 -0.1402420 0.0718195 -0.0972938 -0.2936889 0.4353861 0.0152440 -0.0797138 -0.2695134 0.1454521 -0.5238846 -0.1923630 -0.2699598 -0.1640489 -0.3105115 -0.0408066 -0.1861968 -0.1301883 -0.2636935 -0.2007376 -0.2824182 -0.1693248 -0.2284254 -0.2241467 -0.1054773 -0.1563093 -0.2007820 -0.2283123 0.0042921 -0.1040224 0.1016633 -0.1931775 -0.3563671 -0.1587329 -0.3724442 -0.4297523 0.0806707 -0.1296537 -0.2258830 -0.3023955 0.1129855 -0.2404090 -0.2874495 -0.0899880 -0.3143851 -0.2450296 0.0277243 0.0599901 -0.1268243 -0.0929518 0.4495580 0.1586734 -0.0189962 -0.3706002 -0.2666329 -0.3478521 0.1858337 -0.0582191 0.2210934 -0.0646789 0.2617686 -0.1838798 -0.5333248 -0.5557453 -0.4886652 0.4367151 -0.5896183 0.5799510 0.3523805 -0.1711505 -0.3542288 0.0666284 -0.0775835 0.0503020 0.0375605 -0.0883070 0.0959293 -0.1345968 0.1751549 -0.1001091 0.2382416 -0.4844519 -0.0434720 0.0289210 -0.0707045 -0.0504598 0.4254918 -0.0095844 0.1098979 0.0210531 -0.0005484 -0.1204246 -0.1259338 -0.1510577
-0.5498740 0.0516390 -0.2285978 0.7322379 -0.2604543 0.5661729 0.7437295 0.4996409 0.5026820 0.1347535 0.4117558 0.0000000 0.2300969 0.4944728 0.5243164 0.2530007 -0.2491791 0.5480164 0.6082543 0.1440789 0.9514349 0.3124333 -0.2738433 0.5748373 0.5627069 0.1489691 0.3595985 0.4981481 0.7632462 0.5992645 0.2461056 0.0786290 0.4410373 0.6508598 0.0541942 0.7533446 0.2176811 0.3596982 0.2037173 0.2797472 0.4829176 0.5903816 -0.1640591 0.2862225 0.5254829 0.3636621 0.3630203 0.4555880 0.4512582 0.2728482 0.3575862 -0.1583983 0.6217950 0.4058467 0.3859853 0.4468235 0.3664895 0.2836638 0.4420056 0.3270234 0.4100249 0.2355384 -0.0213773 0.5295952 0.5460228 0.2580549 0.5520440 0.1959138 0.2736558 0.4102903 0.3820390 0.5671207 0.4565072 0.3137155 0.3238694 0.4980329 0.7647978 0.3394696 0.6558554 0.5282151 0.0021465 0.3303472 0.2203053 -0.0259397 0.4509298 0.0745060 -0.0693753 0.2366519 0.4015004 0.2424346 0.0286113 -0.1110842 0.3067916 0.2271307 0.3098985 0.5378995 0.2809724 0.1239202 0.2847623 0.3115172 0.1225852 -0.4473686 -0.3611983 0.1100636 0.3984576 0.5039597 0.0691650 -0.1124254 0.3071880 0.1135341 0.3184734 0.2686577 0.3169121 0.0993376 0.0624151 0.2209635 0.0382134 0.2187758 0.3646361 0.3924427 0.4570501 0.1997412 0.3368254 0.5408179 0.2178502 0.5699381 -0.0820219 0.5120700 0.2838631 0.6277426 0.5091266 0.4465118 0.3741660 0.5635393 0.0234370 0.1504898 0.4970764 0.3850294 0.3480951 0.6661683 0.1062744 0.5499011 0.0541209 0.4017227 0.3274311 0.0158755 0.3827177 0.4821680 0.2549725 0.5775936 0.4892102 0.2865072 0.3627209 0.1977900 0.2313173 0.2784727 -0.3461940 0.4821806 -0.0112727 -0.0013786 0.3359108 0.2774134 0.0210610 -0.1585185 0.3120016 0.2606359 0.0259169 0.1907724 -0.1067959 -0.0480846 0.4754211 0.3769145 -0.1771630 -0.1218095 0.0756291 0.5349551 0.6145104 -0.1041668 0.6146619 0.4367655 -0.1088177 0.5577504 0.5050363 0.5308516 0.1950220 0.0191746 -0.3974528 -0.3277264 -0.0155621 0.5796532 0.2811685 0.4242494 0.5968613 -0.4519810 0.3381131 0.1546301 0.5945783 0.4842852 0.3827800 0.5727992 0.5179925 -0.0577391 0.1003770 0.1211354 0.3725292 0.1990671 0.6778876 0.5143224 -0.1571792 0.0278142 0.3612761 0.1892223 0.2392698 0.5931587 0.6246378 -0.1037144 -0.3358469 -0.2092898
0.0745837 0.3488865 0.3998665 0.2934134 0.3973490 0.2740627 0.0856164 0.6587995 -0.1173878 -0.0698636 0.2259973 0.2300969 0.0000000 -0.1468354 0.0266292 0.5369844 -0.1720461 -0.2664640 0.2947939 0.5956909 0.1703821 0.7278118 0.2819209 -0.0180412 0.2997346 0.5582853 0.1530494 0.0520711 -0.0851340 0.1706053 0.8224982 0.7034757 0.1444236 0.0404580 0.6447706 -0.1435607 0.6946919 0.8319143 -0.0043629 0.0734460 0.7134099 -0.4187475 0.4507737 0.1614946 -0.2785269 0.6425672 0.5820068 0.6893898 0.0690313 0.7201858 0.6169282 0.1476962 0.0192567 0.2807996 0.8133582 0.8429316 0.6751717 0.1472491 0.0542326 0.5908396 0.0344225 0.4803151 0.6564190 0.1863536 0.3495358 0.7707621 0.3458023 0.0294314 0.6607398 0.1725871 0.6207744 0.4936992 0.3570240 0.7813427 0.4069581 0.1899568 0.3698851 0.3950829 0.2854940 0.2258558 0.1035934 0.1653560 0.0267915 -0.0813761 -0.1270319 -0.1326800 0.0292973 -0.1294456 -0.1948777 -0.1447908 -0.2428414 0.1624300 0.2791005 -0.1264571 -0.1835533 0.1290009 -0.0685299 0.2799483 0.0581673 -0.0378300 -0.1110509 0.2191995 0.0484322 -0.1246397 -0.0476069 0.1369391 -0.1865433 -0.0351224 -0.1699375 -0.2080410 -0.1407538 -0.2097630 -0.0018949 0.1221600 0.0640013 -0.0775884 -0.0214253 0.0033759 0.1183264 0.0996964 0.0475972 0.0261315 -0.1329522 0.0598480 0.1685910 -0.1251622 0.1332539 -0.0752745 0.1407279 0.1209627 0.2894253 -0.1282839 0.1463041 -0.0890396 -0.0808755 -0.0437500 0.1233282 0.2190592 0.2667079 0.1698208 0.0050811 0.1708060 0.2675800 -0.1726729 0.1251742 -0.1360070 0.1997681 0.2182128 -0.0810978 0.1221477 0.0557047 -0.0842215 -0.0073470 -0.0434344 -0.2082795 -0.1091500 0.1112744 0.0631048 0.1777015 0.1974704 0.0207249 -0.0003017 -0.2002339 0.1959968 -0.1050135 -0.0102960 -0.1177457 -0.0122391 0.0337178 -0.0209762 0.1271959 -0.0160189 -0.1697335 0.0091414 -0.2656303 -0.1143294 -0.0272986 0.0615102 0.0620298 -0.1367789 -0.0827635 -0.2258958 -0.3846030 -0.2474418 0.3475480 0.6479514 0.4438723 0.3018418 0.4625933 0.3742686 0.0470903 0.0543997 -0.1747363 -0.0667095 -0.1822695 -0.3294070 -0.0740748 -0.3033791 -0.2082884 0.0764232 0.5242123 -0.1384712 0.0481661 -0.1512871 0.6356592 0.1553764 0.1018862 0.3698100 0.6682957 0.0557075 0.0349034 -0.0193718 0.5238813 -0.1654424 0.2814193 0.6378971 -0.1631305 -0.1820381
-0.3251109 -0.1372707 -0.6283394 0.6294080 -0.6602974 0.3734684 0.4028190 0.3516769 0.2724416 0.1727538 0.3884331 0.4944728 -0.1468354 0.0000000 0.4466339 -0.0099985 -0.0483074 0.7785927 0.4540198 -0.4090562 0.3918917 0.0639408 -0.2004812 0.8289333 0.4349846 0.0956367 0.4145649 0.8506976 0.7164261 0.8238901 -0.0916313 -0.1384308 0.7692562 0.7780914 0.0848861 0.5683655 -0.0097182 -0.1175261 0.1925843 0.2739040 -0.0943232 0.6282512 -0.3216705 0.5988747 0.7481765 0.2669455 0.3039030 -0.1781954 0.7829117 0.0099241 0.2667541 -0.3671282 0.8212707 0.2362883 -0.2291929 0.0364889 0.1096402 0.6168244 0.4405970 0.1426066 0.6587356 -0.1826667 -0.5802213 0.7498552 0.7391908 -0.3603039 0.2891352 0.3711462 -0.2155363 0.6793830 -0.2277100 0.6028536 0.3951736 0.0332867 0.2965905 0.7483368 0.6804316 0.3283197 0.6671411 0.5153221 -0.1591220 0.4303825 0.1944776 -0.0107360 0.5167761 0.3215730 -0.0434346 0.4922381 0.3687099 0.5094748 -0.1299837 -0.1667180 -0.1079316 0.7770006 0.4636858 0.5407227 -0.0764231 -0.1594705 0.4379885 0.7297662 0.2705948 -0.3195529 -0.0824660 0.5441818 -0.0206224 0.5086192 -0.2184561 -0.3089760 -0.1775275 -0.2364144 0.0666227 -0.0195735 -0.0366413 -0.2769153 -0.1813554 -0.0932484 -0.4035932 -0.1914385 -0.3659634 -0.0827296 -0.0045382 -0.1981100 -0.1470958 -0.0406893 -0.0375564 0.0845258 -0.1859591 -0.0842129 -0.0591870 0.5076555 0.1249846 0.4335715 -0.2238109 0.6075816 -0.0071614 -0.4601028 0.1243580 0.0584616 -0.0629010 0.1236805 -0.0893735 0.1421293 -0.0414835 0.0102989 0.0445676 -0.6302879 -0.0143461 0.0086001 0.3322935 0.1508167 -0.0186646 -0.0922984 0.0527919 -0.0436288 -0.1624088 -0.2824643 -0.6294769 0.0571673 -0.2115806 -0.5568683 -0.1383272 -0.1549438 -0.4555871 -0.6288584 -0.0044152 -0.1131098 -0.4419089 0.2494442 -0.3963405 -0.4548731 0.2978227 0.3513717 0.1308611 0.0284247 0.1851106 0.2399340 0.1342857 -0.3598780 -0.1024901 -0.2386036 0.1671286 0.2555662 0.1544473 0.1085929 -0.1214613 -0.0168876 -0.5789340 -0.5944800 -0.4991603 0.5441866 -0.2082596 0.8089611 0.7625899 -0.3353863 -0.1779520 -0.0104791 0.2389866 0.3903784 0.3678643 -0.0529305 -0.2023494 -0.1125978 -0.3501884 -0.2824558 -0.0023171 -0.2616004 0.1523119 -0.1383376 -0.4670587 -0.1845310 -0.0360178 -0.0385350 -0.1909727 0.2893383 0.3830051 -0.7205835 -0.1127466 -0.0666352
-0.6743589 0.1667348 -0.3621849 0.7169674 -0.4462433 0.7260355 0.3348402 0.4685857 0.7397258 0.4552799 0.7383968 0.5243164 0.0266292 0.4466339 0.0000000 0.3952470 -0.0656913 0.7564878 0.6588118 -0.1778443 0.3441505 0.4595763 0.0451875 0.6750238 0.6134680 0.2865378 0.1695496 0.4917308 0.8368661 0.4278026 0.1188321 0.2326433 0.5308526 0.7879291 0.2010405 0.4266728 0.4127745 0.3492521 0.1069042 0.3325719 0.3555666 0.6997168 0.0844556 0.5149999 0.8069507 0.4752451 0.4667236 0.3288345 0.6835937 0.0857149 0.4408902 -0.0392453 0.7788437 0.5418760 0.1332952 0.3783295 0.4881652 0.6408518 0.7160062 0.4692322 0.7494134 0.5086065 -0.2576665 0.7616246 0.6079158 0.1226526 0.7662498 0.7686566 0.1351382 0.7402354 0.1698103 0.4065174 0.7953670 -0.1619952 0.5633761 0.7387299 0.4493961 0.4426754 0.6144675 -0.0439152 -0.4879307 0.6556013 0.5836489 0.4198873 0.6046260 0.2735469 -0.1288157 0.2792450 0.3997196 0.3345393 0.0677537 0.0482604 0.1964031 0.4551265 0.3200572 0.3203556 -0.2461685 0.1650953 0.3618340 0.5622205 0.5743017 -0.0261747 0.4083489 0.2918827 -0.0142102 0.4616577 0.1084743 0.2730796 -0.0607527 0.3781427 0.0391355 0.2775387 0.6104141 0.2191901 -0.0732608 0.3512545 -0.0982403 -0.1748272 0.0677736 -0.1434137 0.3542845 0.1401608 0.0998427 0.4453143 0.2602630 0.0665238 0.3745882 0.0400455 -0.1582008 0.7480276 0.2272329 0.2441652 -0.0669556 0.4065011 -0.3026853 -0.1830939 -0.0432839 -0.0253923 -0.2230097 0.0631896 0.0001639 0.0792339 -0.1894026 0.0555021 -0.1634908 -0.1178963 -0.1775829 -0.0878882 0.0614239 0.0265543 -0.0610438 -0.0767084 0.0382821 0.0534951 0.3633270 -0.0035628 -0.4107328 0.0143611 -0.2714769 -0.4866116 0.3508962 -0.0882793 -0.1609049 -0.3871190 0.2178219 -0.1090792 -0.2491787 0.0082215 -0.3785795 -0.2598842 0.1923435 0.1857031 -0.2552751 -0.3258361 0.3271250 -0.0108686 -0.1027062 -0.7057030 -0.1373763 -0.2003300 -0.0702390 0.1649362 0.5696676 0.1327797 0.2786472 -0.3747871 -0.6488817 -0.7242830 -0.6520300 0.1399775 -0.4898803 0.4520670 0.2821494 -0.6657172 -0.3678150 -0.1871289 0.1119747 0.0453028 -0.1060187 0.1720628 0.1232087 -0.0671296 -0.0476899 -0.2533560 0.5056739 -0.3695210 0.2879696 -0.1497463 -0.1774714 -0.1862552 0.5274638 -0.4477510 0.2572419 -0.1074577 -0.1441210 -0.1452393 -0.4246289 -0.4608809
-0.0165265 0.7159768 0.3018367 0.6164119 0.1652635 0.6371041 0.4097855 0.7712936 0.3267543 0.4410202 0.6033322 0.2530007 0.5369844 -0.0099985 0.3952470 0.0000000 0.0585284 0.1438790 0.7772846 0.1067301 0.0105060 0.6733187 0.6423872 0.1958002 0.7689281 0.7814030 0.1165874 0.0676757 0.1630990 0.1276319 0.5181319 0.7438090 0.1783955 0.2628681 0.3105381 -0.1553360 0.7734338 0.5112314 -0.1191779 0.0330208 0.4673124 -0.0733948 0.1709918 0.1456444 0.0255303 0.5745545 0.6992173 0.2989966 0.2214254 0.5239915 0.4206017 -0.0359615 0.2602677 0.2213518 0.3124293 0.6653976 0.7338948 0.3478445 0.5260929 0.4209147 0.3664423 0.3324688 0.3581215 0.4233840 0.4423640 0.4767894 0.6356581 0.4248475 0.4543706 0.4747904 0.5073955 0.4990438 0.7110343 0.4491388 0.8028326 0.4745333 0.3923041 0.7095947 0.4392822 0.2211575 0.0385575 0.6318190 0.5063819 0.4461755 0.4525621 0.2254148 0.0952256 0.2702458 0.0878987 0.1209406 0.0510034 0.3073976 0.2158305 0.0362809 0.0162691 0.3961805 0.1015029 0.4934271 0.3025268 0.1566542 0.2605823 0.2928604 0.2907096 0.1477821 0.2832557 0.3141152 0.0708285 0.2554876 -0.1306150 0.1567337 0.0356301 0.1626197 0.2373742 -0.0332126 -0.2600421 0.0314907 -0.1292004 -0.1624757 -0.0071499 -0.3009516 -0.1983101 -0.2194731 0.2342554 -0.0979627 -0.2672309 -0.3152635 0.1793266 0.1139533 -0.4258812 0.1644190 -0.1677300 -0.0580713 -0.2442828 -0.1547501 -0.2842246 0.0862492 -0.3549043 -0.3510461 -0.3454902 -0.2177859 0.1518719 -0.3219827 0.1273921 -0.4042711 -0.4105141 0.0721812 -0.3516447 -0.3108270 0.0299482 -0.2160299 -0.2555230 -0.4229528 -0.4466710 0.1685989 -0.1781523 -0.2140862 0.0328888 -0.3147323 -0.0304409 -0.0734963 -0.0201881 -0.4096961 -0.3280015 0.0708396 -0.2526560 -0.4635127 -0.2022445 -0.0247896 -0.0664123 -0.3170809 0.0412141 -0.0587820 -0.0607478 -0.0450311 0.1693488 0.1353364 -0.1025752 -0.0732345 -0.1535827 -0.2220163 0.2094078 -0.1624194 0.0742363 -0.0283118 0.6668838 0.2543556 0.0893276 0.0102829 0.0805445 0.4050450 -0.2884432 0.2143577 -0.0470288 -0.0072720 -0.2430668 -0.2409770 -0.3094250 -0.3379720 -0.0470090 -0.0821495 0.2595541 0.0210745 0.4324054 -0.2150470 0.5570917 -0.0747761 -0.2273505 0.0800962 0.0569413 -0.0458503 0.6025898 -0.1898526 0.3444377 -0.2533091 -0.0733980 0.3142237 -0.2915918 -0.3170907
-0.0572700 -0.1544826 0.1095346 -0.1807075 -0.0313186 -0.1401287 -0.1877842 -0.0539905 0.0393998 0.5798470 0.2177431 -0.2491791 -0.1720461 -0.0483074 -0.0656913 0.0585284 0.0000000 -0.2451342 -0.1139015 -0.0229217 -0.3006471 -0.2093932 0.4486618 -0.4022307 -0.0774890 0.2197240 0.2798294 -0.5085501 -0.1638059 -0.3126177 -0.3265331 -0.0305686 -0.5203424 -0.3408533 -0.0796570 -0.3081597 0.0039776 -0.2023658 0.5742118 0.4275350 -0.4165273 0.0220055 0.3389340 -0.3294031 -0.1551698 -0.2208667 -0.2081636 -0.4500350 -0.2308919 -0.3899165 -0.3594909 0.6905652 -0.2177911 0.0393325 -0.3768201 -0.3042696 -0.1126598 0.1472721 -0.1154583 -0.2761566 0.0452453 -0.1042928 -0.2137530 -0.0922973 -0.0887528 -0.3434636 -0.1401552 0.0126364 -0.4379117 -0.0959034 -0.4188385 -0.1401720 -0.0573971 -0.1069487 -0.0853534 -0.1782240 -0.1363481 0.0694709 -0.3925703 0.0667056 0.0103147 -0.1822549 0.1891131 0.1896793 0.3570151 0.2141052 0.4995631 -0.2554701 0.3571685 0.1812378 0.2288370 0.4795361 -0.2923491 -0.1006371 0.2191644 0.1300856 0.1022643 0.0002143 -0.0817222 0.0304001 0.1203306 0.5330607 0.1697960 0.0778275 -0.0545249 -0.0672384 0.3428090 0.0262066 -0.0499706 0.1693680 -0.3574244 0.2843451 -0.2538002 -0.4550934 -0.6474667 -0.2934321 -0.0860746 -0.5339783 -0.1866880 -0.5601580 -0.5499426 -0.3942985 0.0663264 -0.5063639 -0.5473285 -0.3300212 -0.2719810 -0.0937037 -0.4772603 -0.4897414 -0.6542193 -0.4647888 -0.4281552 -0.4300531 -0.3244631 0.0726161 -0.6200803 -0.6110583 -0.5551975 -0.5290664 -0.2620113 -0.5991025 -0.2447211 -0.4932278 -0.5961434 0.0866032 -0.3714209 -0.4192816 -0.1983359 -0.5093052 -0.4255057 -0.3885526 -0.2045006 -0.1706359 -0.0382629 -0.2036565 0.2488174 -0.3446805 0.0869062 0.0143216 -0.0981060 -0.2017267 0.1413373 0.1717778 0.0691664 -0.2893461 0.0586697 -0.0296732 0.1556544 0.1924691 -0.1991435 -0.0344155 -0.1478893 -0.0415286 0.1678252 0.0117328 0.1090091 0.4435226 -0.1315573 0.0605511 0.4267878 -0.1534841 -0.0201408 -0.1301139 0.1004355 -0.0320429 0.0510513 0.1654335 0.0241271 -0.1120697 -0.2198381 0.0250785 -0.0157269 0.4410996 -0.0342965 0.3332714 -0.4491146 0.1608580 0.2875238 -0.4944914 -0.3825846 0.3820369 0.2578950 0.3356927 -0.2624916 -0.1881119 -0.5883961 0.0653247 -0.3367900 0.5572436 0.1314546 0.2229978 -0.1222331 0.1400283 -0.1372301 -0.0936489 0.6557863 0.6482014
