0.0000000 0.6634577 0.4609686 0.3337777 0.6617190 0.5749636 0.5753276 0.2361340 0.6532517 0.2290424 0.0492825 0.3765580 0.4251135 0.6706896 0.6483404 0.2925518 0.5944901 0.6616089 0.2730215 0.3014310 0.0617606 0.6878332 0.5564722 0.6823739 0.4191193 0.4831310 0.7967051 0.7318738 0.3784256 0.7670115 0.4193962 0.2475310 0.5124538 0.5958347 0.3929124 0.1323579 0.4969942 0.4400146 0.3059916 0.6878920 0.2161460 0.2548178 0.1879637 0.3116989 0.4132962 0.3455405 0.4098349 0.1867409 0.2338088 0.4243626 0.2006938 0.0250254 0.4261399 0.0979662 -0.0655073 0.0721400 -0.0243829 0.0002038 0.0120515 -0.0816227 0.0534310 0.0322821 -0.3127053 0.2681512 0.3609280 -0.0952744 -0.0904927 0.0713670 0.3236431 0.0852640 -0.0935857 0.3174854 -0.1216741 -0.0274685 0.3506185 -0.0672038 -0.0792361 -0.0259069 -0.0341576 -0.3221660 0.1836532 -0.1686914 0.2528440 0.3422475 0.8196247 0.5697612 0.4412211 0.1814149 0.7406493 0.2756128 0.8309405 0.7613933 0.4061837 0.0070573 0.8739637 0.8835311 0.7530676 0.4115684 0.3263733 0.1586830 0.1413106 0.6369499 0.4462412 0.6628557 0.8627440 0.8107920 0.1427638 0.4984789 0.6005437 -0.3867929 0.8294538 -0.0605189 -0.3099033 0.4729863 -0.5132648 0.0331375 0.1975589 -0.3403302 -0.1191025 0.1318919 0.4040120 0.5676402 0.6723865 -0.2922197 0.1457116 0.5053258 0.6604255 0.5507612 0.5201111 -0.0010888 0.3437870 -0.1947960 0.4916773 -0.3946782 0.3364824 0.7425746 0.5624345 0.3559399 0.5916661 0.4961549 0.8019581 0.3347792 -0.1051501 -0.0175304 0.0505740 0.3012808 0.5783395 0.4486234 0.6583313 0.0965716 0.5746905 0.2304592 0.0129915 0.7076599 0.5032109 -0.0015268 0.6975939 0.5175322 0.3473485 0.6118562 0.3167980 0.4220970 0.1345927 0.6930227 0.6813504 0.5108910 0.8258750 0.6171258 0.5485100 0.5363183 0.7019911 0.6981792 0.3917576 0.4170264 0.1821926 0.0672240 -0.1258287 0.1260630 -0.0671114 -0.1189350 -0.0721424 -0.0535288 -0.0233824 -0.2760423 0.1368327 0.2922537 0.1224500 0.1978515 -0.1862605 0.1305578 -0.3044446 -0.2436781 -0.4835635 -0.2421408 0.0401265 -0.0369214 0.3900970 -0.1566341 -0.0514237 0.4937296 0.5605415 0.1950932 0.3255122 0.2141245 0.3142837 0.4570145 0.2583460 0.5700158 0.7416553 0.0084184 0.4270206 0.3844703 0.4181467 0.4185352 -0.2972554 0.5458199 0.8677516 0.4196316
0.6634577 0.0000000 0.3349546 0.8814093 0.5196576 0.7704221 0.6727893 0.7758991 0.7482229 0.8105839 0.6696002 0.8717455 0.4794373 0.9005299 0.6457937 0.7851215 0.9809996 0.5695050 0.7408445 0.1559270 0.7442459 0.8820976 0.9013187 0.6704209 0.8861741 0.5304334 0.8265118 0.6609963 0.9101547 0.8096101 0.6926973 0.7683953 0.6282835 0.8240861 0.4994340 0.7146355 0.6169257 0.7803339 0.8217821 0.8579328 0.4590368 0.8815552 0.6980652 0.6782966 0.8905218 0.7105662 0.7542652 0.3602825 0.7587526 0.6430441 0.6800196 0.5226308 0.8061456 0.7337343 -0.0451126 0.5055265 0.4948687 0.6688433 0.6970977 0.5843377 0.7356342 0.7036385 -0.3259382 0.8533856 0.9263330 0.4625950 0.5389826 0.6457040 0.6070737 0.6971518 0.5576673 0.8271885 0.5112096 0.6786831 0.6417601 0.6275487 0.5662645 0.5355541 0.6463668 0.4042769 0.4447736 -0.4684141 0.0512059 -0.0336062 0.4117485 0.3618470 0.2814486 0.1330601 0.7925253 -0.1634560 0.3909225 0.4536956 0.1642363 0.0705987 0.5682850 0.5905863 0.5294640 0.1158093 0.6470130 0.2454160 0.2466230 0.2589079 -0.0693024 0.6150784 0.4433892 0.6013544 -0.2395560 0.2620091 0.5299523 -0.6355953 0.3931931 -0.0764663 -0.5652774 -0.0896525 -0.8833321 -0.4049930 -0.2618154 -0.6985078 -0.5859173 -0.0505118 -0.0040086 0.1989348 0.3029733 -0.7104292 -0.2330072 0.5832975 0.3728387 0.6900722 0.6707474 0.4760502 0.3849898 0.1538989 0.3540257 -0.0527125 -0.0225654 0.8307796 0.3555300 0.6023402 0.4894900 0.7591088 0.8031856 0.6014496 0.1426925 -0.0159239 -0.3105777 0.1241935 0.5416535 0.3913078 0.5583478 0.4622597 0.7813060 0.1294499 0.2583605 0.6293204 0.7618620 -0.0100635 0.5649281 0.4269009 0.2882308 0.8780060 0.5111670 0.6555920 -0.0416189 0.8193933 0.7149731 0.6120637 0.5305708 0.4502251 0.4103421 0.6973128 0.6710637 0.7502985 0.2299434 0.3280164 0.4778260 0.6193712 0.5706351 0.5891698 0.5504979 0.4763661 0.3802606 0.5043175 0.6408730 0.3327410 0.6643698 0.8896040 0.6997574 0.5555298 0.4460679 0.6804533 0.0267560 0.4067019 0.2698670 0.1593386 0.3154157 0.3146270 0.5993780 0.5232562 0.4722951 0.6909183 0.0895853 -0.4299961 -0.1025571 -0.3566465 0.0645899 0.0009083 0.1573330 0.3029982 0.1887210 -0.5435371 -0.1033446 0.1470601 0.0907764 0.5064407 -0.0154321 0.3456774 0.7755878 0.2993340
0.4609686 0.3349546 0.0000000 0.1458495 0.6694262 0.2348944 0.4450813 0.0085798 0.3184615 0.0328755 -0.0635244 0.2230222 0.1531869 0.1047605 0.2305578 0.2531477 0.3459533 0.1461647 0.3139448 0.1158957 0.0929808 0.3962424 0.3390816 0.0245975 0.4517592 -0.1625006 0.6776926 0.1797415 0.1980793 0.0544651 0.3269333 0.1871588 0.0088301 0.0658691 -0.1870685 0.2422193 -0.2189510 0.2110345 -0.0536036 0.1017177 0.0470987 0.1621595 -0.0422818 -0.0351608 0.2809172 0.3511771 0.2431934 0.0158917 0.2610650 -0.1482504 0.2651036 -0.1974855 0.3451886 0.0577395 0.4073929 0.3778314 0.0024183 0.1001598 0.1607793 -0.0320330 0.2323972 0.1362796 0.2203867 0.3414763 0.2970518 0.1038907 0.2721447 0.0710520 0.5109933 0.1228275 0.2475856 0.2107287 0.1549202 0.2352834 0.7577207 0.1529524 0.1973983 0.2165083 0.1854235 -0.1004375 0.2094052 -0.1997204 0.4262126 -0.0574075 0.3408983 0.2748557 0.2034149 0.2333489 0.3920834 0.5836845 0.3885006 0.3565873 0.4408441 0.5159275 0.2561978 0.4982370 0.4415326 0.4226251 -0.0486449 0.4371117 0.7074117 0.4937227 0.2187123 0.7332262 0.4511043 0.4459039 0.3484468 0.8584259 0.6864260 0.2002276 0.6042648 0.1963982 -0.1145794 0.6173209 -0.4699292 0.1536097 0.2284240 -0.5036218 -0.0100751 0.1053789 0.3636810 0.3580194 0.6655177 -0.1189306 -0.2704512 0.6117675 0.7605798 0.1834245 0.3461633 0.6271094 0.6935999 -0.0603110 0.6054656 -0.4975381 0.1397981 0.6264649 0.3622416 0.3251576 0.5930709 0.4297480 0.5071969 0.2896770 -0.0048975 0.1102539 -0.3963696 0.5253261 0.3794888 0.3694164 0.3186692 0.0139523 0.3362648 -0.1329828 0.3014567 0.3821220 0.1413642 0.0266540 0.2915013 0.0470659 0.1419848 0.2170393 0.0385688 -0.1793722 0.1025347 0.2058654 0.4307332 -0.2105042 0.3517131 0.1547192 0.1672260 0.0097924 0.1849594 0.2818014 -0.1232645 0.0891895 0.2576493 0.1823684 0.1548034 0.4220852 0.1390827 0.1250624 0.2613201 0.1522008 0.0187020 -0.1093195 0.1874538 0.2731479 0.2661881 0.5729022 0.2334092 0.1633361 0.0426366 -0.0679716 0.0965161 -0.0143828 0.2455412 0.1168589 0.3499952 0.0282844 0.3479443 0.5736796 0.2568024 0.0145376 0.2333188 0.1743632 0.0303104 0.0904922 0.1937379 0.5589882 0.2356431 -0.3822025 0.4295812 0.6944498 0.0180086 0.0667117 -0.4619038 0.7399058 0.2728458 -0.3207268
0.3337777 0.8814093 0.1458495 0.0000000 0.1931828 0.7458009 0.5651070 0.7855976 0.5433427 0.7723257 0.7539092 0.7779789 0.3339832 0.8090369 0.4575859 0.7675793 0.9255909 0.4411325 0.7415031 0.1484327 0.7566434 0.8240463 0.8072862 0.5509418 0.9237998 0.5011197 0.6379902 0.5355774 0.8994385 0.6735922 0.6927346 0.9147675 0.5690396 0.7665546 0.4518607 0.6486119 0.6162668 0.7431440 0.8689534 0.7993668 0.4960171 0.9025453 0.7677805 0.7580968 0.9043270 0.7842580 0.6878387 0.3528038 0.8692035 0.5953411 0.6965276 0.6921269 0.8021390 0.8836143 0.0310041 0.5621094 0.6173947 0.7916686 0.8143105 0.8026910 0.8270242 0.9129775 -0.2426276 0.9370109 0.9273800 0.5202177 0.7719786 0.7334762 0.4953227 0.7884968 0.7197579 0.8383917 0.7617985 0.8436959 0.5614931 0.8632301 0.7326070 0.7877212 0.8506957 0.6616900 0.5283657 -0.4630656 -0.0444704 -0.1667702 0.0777000 0.2322726 0.2394933 0.1381656 0.5977655 -0.2819336 0.1397241 0.1996822 -0.0024769 0.0426956 0.3112426 0.3189709 0.3088083 -0.0590254 0.6766118 0.1562623 0.2243474 0.0437157 -0.2262023 0.2994785 0.0944573 0.3879421 -0.3945505 0.0737551 0.2501003 -0.6232303 0.0443721 -0.0603715 -0.6401506 -0.3821767 -0.8386831 -0.5672314 -0.3473810 -0.6756000 -0.6111932 -0.1214355 -0.1511165 0.0122866 -0.0400175 -0.6941794 -0.3643250 0.4206218 0.1463323 0.5554944 0.4432126 0.5294769 0.2283527 0.2700556 0.1433975 0.3201096 -0.1055289 0.6094691 0.1744596 0.4846528 0.3287511 0.6186793 0.5973617 0.5006897 0.3968189 0.0012926 -0.3716497 0.0280345 0.4287663 0.2906295 0.4612571 0.5393629 0.7188773 0.0875223 0.3013738 0.4889532 0.6772818 0.1112705 0.3693934 0.1792139 0.3054776 0.7000924 0.4105726 0.5122221 0.0171554 0.5457972 0.4949667 0.5283735 0.2376398 0.2846923 0.2685329 0.5945273 0.4348682 0.6208245 -0.0490834 0.0636565 0.3145675 0.6461133 0.6187425 0.5431011 0.5585417 0.5324733 0.4500159 0.4950035 0.6843373 0.3430376 0.6184728 0.8897661 0.6810884 0.5192907 0.6256501 0.8823924 0.1497799 0.7459807 0.5616396 0.2906272 0.3080134 0.3354432 0.4956130 0.7027561 0.4467503 0.5261174 -0.1009943 -0.5369178 -0.1796013 -0.4900556 -0.0523394 -0.3760924 -0.1723627 0.1246775 -0.0590485 -0.6223779 -0.2521210 -0.0407110 -0.1332225 0.2488002 -0.0332191 0.2255267 0.4886075 0.0877944
0.6617190 0.5196576 0.6694262 0.1931828 0.0000000 0.5345848 0.7252603 0.1591943 0.7846733 0.3300890 0.0140210 0.5679843 0.2927051 0.2951603 0.6642175 0.3107336 0.4276913 0.3310076 0.2039019 -0.2573340 0.3251842 0.3868017 0.5640548 0.4378804 0.3947731 0.2768449 0.7052344 0.5189957 0.3491113 0.2865581 0.2244882 0.1884802 0.5651610 0.4547321 0.1937419 0.2770915 0.0469773 0.1839275 0.1108902 0.4183579 -0.1164119 0.2897022 0.1628496 0.3659515 0.4074265 0.3604544 0.2379973 -0.1454702 0.3802800 0.0858123 0.1116759 0.0388464 0.5904773 0.0017248 -0.1570999 0.0938393 -0.2231654 -0.0597813 0.2852612 -0.1018135 0.1822161 0.0279693 -0.1946037 0.2786117 0.3696735 -0.0904514 -0.0951465 -0.0769727 0.2612857 -0.0372889 -0.0109704 0.2226392 -0.2306716 0.0940677 0.5138588 -0.0926322 -0.0065833 -0.1656122 0.0717254 -0.3090193 0.4813516 -0.4200741 0.1694124 0.1110408 0.2919074 0.1525793 -0.1093336 -0.0584716 0.4272995 0.2866035 0.2692420 0.3057381 -0.0407125 -0.0729607 0.3496488 0.4821543 0.3088999 -0.0741101 0.0902601 -0.1096608 0.1764798 0.1614563 -0.0474729 0.7518277 0.4812817 0.3368209 -0.1364249 0.4079030 0.4270820 -0.1969360 0.7087901 -0.3112632 -0.3510138 0.2266316 -0.5911510 -0.2978985 -0.1805418 -0.6619801 -0.4571593 -0.3940694 -0.0290314 0.0471707 0.4194420 -0.5410436 -0.3457685 0.2040728 0.3794945 0.0529832 0.2708611 0.2492505 0.3384329 -0.5554698 0.2081231 -0.5263263 -0.1954006 0.4980497 0.2424737 0.0807570 0.2538500 0.3299733 0.4118114 0.0299290 -0.3818679 -0.4547712 -0.5108479 -0.0273266 0.0721191 -0.0758648 0.3306037 -0.1533827 0.2722657 -0.3498435 -0.2316763 0.3032968 0.0184210 -0.4437413 0.3495385 0.0755478 0.0849276 0.3768740 -0.1656249 0.1375134 -0.3909549 0.5228160 0.2581414 -0.0062166 0.5343297 0.3767071 0.1752458 0.0677704 0.2079216 0.2680582 0.3637281 0.7880033 0.7165862 0.4834891 0.2860185 0.5909209 0.2407437 0.1532410 0.1890587 0.1102944 0.0086985 -0.0678487 0.1818963 0.2814792 0.5082398 0.5666399 0.0593900 0.0160887 -0.4979039 -0.3419817 -0.1386530 -0.4714789 -0.2639905 -0.2868248 0.0401363 -0.2341826 0.4995782 0.2777125 0.0192637 -0.1765403 -0.1734043 -0.1376803 -0.1857781 0.0946473 0.6027778 0.2372537 0.1774571 -0.4238055 -0.0220198 0.2713659 0.0141200 0.1360353 0.1692149 0.2426701 0.5341785 0.2469440
0.5749636 0.7704221 0.2348944 0.7458009 0.5345848 0.0000000 0.8989888 0.3381716 0.8801753 0.4511516 0.2539307 0.7578038 0.0104805 0.7873356 0.8024107 0.3824189 0.7728214 0.6840470 0.2414625 -0.0213532 0.5228415 0.7317282 0.6423978 0.8558195 0.6538877 0.5459340 0.7423891 0.8672708 0.7377771 0.6832302 0.6243689 0.7596024 0.8602357 0.9577230 0.2714062 0.2233782 0.4208636 0.3796609 0.4812497 0.8488373 0.2839572 0.6297002 0.3854149 0.8731557 0.8761835 0.5972545 0.2799159 -0.0025455 0.7319154 0.2910117 0.1567732 0.4187453 0.9244471 0.5100641 -0.3537325 0.1142550 0.0200283 0.2874454 0.4782819 0.3201836 0.3590100 0.5008399 -0.5354736 0.6751077 0.7161596 0.0460101 0.2538631 0.1922782 0.1582316 0.2187627 0.1481529 0.4097291 0.2438638 0.3987812 0.2643752 0.3924403 0.2186437 0.2604907 0.4996783 0.0479300 0.8025370 -0.7559608 -0.3011563 -0.1281621 0.1690787 0.2222907 0.0656434 -0.1552408 0.4992378 0.1314468 0.2585616 0.2267018 -0.1369076 -0.4003460 0.4135492 0.4167561 0.3784115 -0.1282731 0.7583266 -0.3072312 0.1826752 0.1417941 -0.2674855 0.2281874 0.2400728 0.5606087 -0.4876739 -0.0263192 0.2190815 -0.5624225 0.5210057 -0.5909012 -0.8851757 -0.2730652 -0.8822756 -0.6953069 -0.1113554 -0.7361570 -0.4635479 -0.3667597 -0.0002814 0.1686856 0.0121124 -0.5609018 -0.2895018 0.1875391 0.2267485 0.1992811 0.0669922 0.2719399 0.1818320 -0.1974666 0.0807784 0.1842644 0.0901346 0.4609381 0.2406029 -0.0028268 0.1979154 0.2061418 0.5711676 0.0057852 0.2874005 -0.2442330 -0.4590633 0.0293695 0.1807326 -0.0122662 0.7206697 0.0572794 0.4513150 -0.0452323 -0.2068872 0.6153013 0.3777676 -0.0063170 0.5282025 -0.0968796 0.5437461 0.4076979 -0.0341587 0.1734717 -0.1689878 0.4530043 0.2549397 0.4370042 0.5938273 0.6294283 0.4014528 0.2708605 0.3121665 0.5634311 -0.1045687 0.4697615 0.4418093 0.6787096 0.3100167 0.4253473 0.1504934 0.1514681 0.2948585 0.0370618 0.1705372 -0.1177288 0.1373585 0.5335025 0.4655691 0.5286083 0.2040402 0.4450113 -0.4481995 0.2700293 0.1274266 -0.3553325 -0.1817888 -0.2608862 0.2929980 0.0934504 0.3923709 0.1859402 -0.0909551 -0.2832457 -0.1198471 -0.1632830 -0.2348881 -0.2928090 0.0716045 0.1186248 0.0813937 -0.4724292 -0.2736269 -0.2274225 -0.2135907 -0.0893359 0.1190696 0.1474261 0.4513270 0.0722067
0.5753276 0.6727893 0.4450813 0.5651070 0.7252603 0.8989888 0.0000000 0.1632029 0.9179188 0.3483980 0.0702158 0.7094822 -0.0758095 0.6533502 0.9032984 0.3133733 0.6305458 0.7463132 0.1930132 0.0396388 0.4410831 0.6997742 0.6094251 0.8234875 0.6040660 0.3048908 0.8337718 0.8775557 0.6510923 0.5883558 0.6655089 0.6681384 0.8573530 0.8160382 0.0736487 0.2111415 0.2031249 0.3115636 0.3025433 0.7560675 0.3136664 0.5531816 0.2825093 0.8181396 0.7638457 0.5124097 0.1547859 0.0835640 0.6270002 0.1587974 0.0492815 0.3543363 0.8294669 0.4161845 -0.2182140 0.0999488 -0.1024928 0.2323026 0.3816835 0.1936419 0.2892180 0.3861732 -0.6181713 0.5299893 0.6318703 -0.0319670 0.1326411 0.1563698 0.0985925 0.0942209 0.0815355 0.2263939 0.1506528 0.2599809 0.3123644 0.2674335 0.0406825 0.1286998 0.4500999 -0.0577409 0.7290787 -0.7371722 -0.2566306 -0.1768523 0.2193777 0.3407063 0.1410521 -0.1229961 0.5261692 0.3830560 0.3062756 0.2943400 -0.0863297 -0.2230004 0.4389984 0.5116972 0.4768166 -0.0915694 0.5568207 -0.2648353 0.3494025 0.1896140 -0.1424889 0.4303413 0.3800320 0.5090481 -0.3074537 0.1357891 0.3446756 -0.4508433 0.5883977 -0.6324686 -0.8412161 -0.1078719 -0.8598489 -0.6622145 -0.0651147 -0.8380877 -0.4427482 -0.4980564 0.0715002 0.1811265 0.2123545 -0.5137689 -0.3593613 0.1880255 0.3488237 0.1123009 0.0353081 0.4178222 0.4083017 -0.3008815 0.1875979 0.0639143 0.0740050 0.4239667 0.4229989 -0.0400697 0.3357055 0.2134970 0.5516919 -0.0145433 0.2196352 -0.3490925 -0.5283672 0.1199346 0.1919379 -0.0141968 0.7528036 0.0825426 0.4856930 -0.2675357 -0.1830324 0.6587566 0.2581592 -0.0184925 0.5964846 -0.1924384 0.6227290 0.3600346 -0.1485749 0.0693867 -0.1510914 0.4942059 0.2391285 0.2402878 0.6663738 0.7222250 0.5236242 0.2229132 0.3082385 0.5835878 -0.0499265 0.5883388 0.6592631 0.6362586 0.2650903 0.4509995 0.0972470 0.0963208 0.2026533 -0.0106695 0.0296445 -0.2075182 0.0252159 0.4506356 0.4565398 0.5205559 0.0368695 0.2185276 -0.5954135 0.0442956 0.0565395 -0.5351705 -0.2850711 -0.4097110 0.1762420 -0.0314053 0.4448279 0.1621060 0.0381892 -0.1502904 0.0065955 -0.0686924 -0.1289748 -0.2904266 0.2720100 0.3253392 0.1587341 -0.4062032 -0.1457745 -0.0634774 -0.0351581 -0.1216549 0.0933436 0.2832346 0.4355600 0.0063849
0.2361340 0.7758991 0.0085798 0.7855976 0.1591943 0.3381716 0.1632029 0.0000000 0.2947202 0.9308344 0.9707190 0.7011873 0.7430800 0.5810626 0.1435939 0.9224819 0.7801405 0.0647917 0.9005298 -0.0114689 0.7959201 0.5634429 0.8286299 0.2018755 0.7707287 0.5588884 0.3619495 0.1459557 0.7610322 0.4912562 0.3745185 0.6005502 0.3011465 0.4648461 0.7221225 0.8712042 0.6910425 0.8153461 0.9483103 0.5630806 0.3295008 0.8307466 0.9062907 0.4087594 0.6161404 0.6922750 0.9089346 0.4002163 0.6308617 0.7917874 0.9122951 0.6820516 0.4984164 0.7498855 0.1241647 0.6868464 0.8008310 0.7694795 0.8475695 0.8100235 0.8815528 0.7771678 0.0679951 0.7491155 0.7808970 0.7101392 0.6996922 0.7909889 0.6732670 0.8798013 0.8059489 0.9562217 0.6126747 0.8177773 0.6242796 0.7029396 0.7967536 0.6509468 0.6246277 0.7381993 0.1366569 -0.0553555 0.2742245 0.1214939 0.0624961 0.1064565 0.0854301 0.1311247 0.5603245 -0.6640978 -0.0113580 0.1977071 0.0072356 0.1660975 0.2109309 0.1954746 0.1055569 -0.1170920 0.3729922 0.3313152 -0.0608131 -0.1022113 -0.1740030 0.4453661 0.0481111 0.1172140 -0.2825781 0.0945718 0.2225552 -0.4994431 -0.1694889 0.2741820 -0.2021471 -0.3452647 -0.5150187 -0.3146281 -0.5776205 -0.3886117 -0.7041015 0.0202536 -0.3441072 -0.2088231 -0.0370146 -0.7810518 -0.2315454 0.3949206 -0.0330640 0.6216716 0.7372903 0.3473256 0.0837292 0.2635573 0.0892021 0.0641092 -0.4131320 0.5789509 0.0139885 0.7315906 0.2115562 0.8036190 0.3970518 0.7005574 -0.0087810 -0.0075619 -0.1646910 -0.2135689 0.3834478 0.2936960 0.0150961 0.6104645 0.6235613 0.1637138 0.4131679 0.1196850 0.6280468 -0.1495248 0.1571537 0.5622337 -0.1764957 0.8446587 0.6218268 0.8271044 -0.1028832 0.6732944 0.5492636 0.5396469 0.0121261 -0.0439034 0.0049426 0.6703518 0.4542568 0.3939474 0.3764303 0.1134383 0.3508235 0.5380297 0.7608189 0.6512681 0.8512666 0.7696820 0.4944375 0.8063634 0.9103390 0.7196866 0.9244069 0.8746499 0.7995211 0.4496028 0.6990374 0.8091729 0.4083974 0.5693815 0.5109096 0.5500502 0.4528494 0.6236802 0.4196834 0.7900774 0.4942022 0.6332988 -0.1708175 -0.6256231 -0.3921720 -0.7453665 0.0395891 -0.0792816 0.0964197 -0.0498436 -0.1408363 -0.5574774 -0.2809865 0.1321549 0.0132580 0.6129667 0.1740079 0.0099122 0.5632932 0.3992896
0.6532517 0.7482229 0.3184615 0.5433427 0.7846733 0.8801753 0.9179188 0.2947202 0.0000000 0.5171970 0.1563943 0.8139395 0.0629298 0.7012332 0.9308990 0.3330093 0.6698083 0.6611472 0.1939886 -0.1540734 0.5533174 0.6120595 0.6293766 0.8314030 0.5312361 0.4011607 0.7692433 0.8339862 0.6580596 0.6330901 0.4882754 0.5261288 0.8583783 0.8578211 0.2051663 0.3132029 0.2544916 0.2793171 0.3612725 0.7459536 0.1421553 0.5822611 0.2949746 0.7883253 0.7505894 0.3932946 0.2158412 -0.0448725 0.6357219 0.2171237 0.0836200 0.2650162 0.8460160 0.3264033 -0.4730472 -0.0159369 -0.1424912 0.1941339 0.4120850 0.1045218 0.3082282 0.2802229 -0.6312282 0.5316390 0.6479733 -0.0485185 0.0084824 0.1178411 0.1167161 0.1352119 0.0197779 0.3329994 -0.0015232 0.2470923 0.2872800 0.1811707 0.0825040 0.0042601 0.3680238 -0.1191157 0.7228452 -0.7682908 -0.3172082 -0.1648993 0.2774170 0.1648699 -0.0318246 -0.1088753 0.4897436 0.1343352 0.2698801 0.2332485 -0.1849500 -0.3475853 0.4336041 0.4563948 0.3804231 -0.1613638 0.5502842 -0.2825011 0.1101308 0.0832539 -0.2642535 0.4605489 0.4094480 0.4811749 -0.4482303 0.0008531 0.3079720 -0.6006944 0.6326410 -0.6197303 -0.6999368 -0.1351154 -0.8439610 -0.6097782 -0.2265795 -0.7925171 -0.5449629 -0.4850072 -0.0887021 0.0912408 0.1968128 -0.6006662 -0.3438951 0.1560821 0.2168226 0.2090953 0.1779055 0.2470649 0.2308458 -0.3330662 0.0827762 -0.1614108 -0.0434966 0.4969669 0.2543147 0.0068967 0.1815732 0.2588068 0.5710724 0.0151298 -0.0677521 -0.4211530 -0.5293894 -0.0527475 0.0881816 -0.1051579 0.6037282 -0.0397694 0.4024470 -0.2518291 -0.3248360 0.5520171 0.2999709 -0.2681397 0.4974176 -0.0254912 0.3859835 0.4857052 -0.0685977 0.2696466 -0.3884296 0.6164198 0.2786025 0.3020100 0.6416183 0.6180694 0.3872500 0.2640495 0.3577310 0.5211899 0.2145516 0.7638895 0.7042740 0.6597427 0.3497300 0.4731555 0.1986677 0.1104727 0.1467133 0.0507812 0.1454870 -0.0389642 0.1633693 0.4907998 0.5223958 0.4742546 0.0647986 0.1906183 -0.5803084 -0.0185981 -0.0168300 -0.4802349 -0.2697924 -0.3293230 0.1994361 -0.0611990 0.4602799 0.1937957 -0.0526653 -0.3175920 -0.1989705 -0.1534297 -0.2377125 -0.0748307 0.3704998 0.1489468 0.1326220 -0.4567197 -0.2911807 -0.1814907 -0.0561514 0.1247784 0.2778553 0.1025407 0.5847749 0.2971961
0.2290424 0.8105839 0.0328755 0.7723257 0.3300890 0.4511516 0.3483980 0.9308344 0.5171970 0.0000000 0.8738498 0.8551482 0.5719278 0.6042127 0.3725024 0.8383423 0.7740827 0.1437002 0.7917063 -0.1764869 0.9174809 0.5294511 0.8123719 0.3205552 0.7479778 0.4414925 0.4296604 0.2522619 0.8046732 0.4842974 0.3655758 0.5922240 0.4495566 0.5534349 0.5655956 0.8947053 0.5141694 0.6739865 0.8636255 0.5743962 0.2417140 0.8900169 0.8226947 0.5665349 0.6935943 0.5769775 0.7504502 0.2758065 0.7406136 0.6341380 0.7693027 0.6252143 0.6342821 0.7120884 -0.1144449 0.5163059 0.6068587 0.7536504 0.8850636 0.7023472 0.8874696 0.7240523 -0.1556660 0.7775850 0.8403461 0.5881481 0.5798175 0.7261774 0.5292721 0.8167693 0.7140219 0.8864717 0.5195809 0.7926786 0.5858810 0.6735257 0.7419224 0.5360288 0.6974579 0.6534603 0.3346974 -0.3281269 0.0150967 -0.1168932 0.0042354 -0.0239843 -0.0621190 0.1119211 0.4804726 -0.6217415 -0.0994511 0.0522512 -0.1851718 0.0564552 0.1378007 0.1332304 0.0546191 -0.2656726 0.3847027 0.1839067 -0.0708045 -0.2468264 -0.3739989 0.4711720 0.0495773 0.0622207 -0.4596268 -0.0448325 0.1885494 -0.6369943 -0.0913661 0.0343974 -0.2842157 -0.4244525 -0.6540405 -0.4762052 -0.6972405 -0.5972662 -0.8276716 -0.2312931 -0.4820471 -0.3165527 -0.0552330 -0.8475466 -0.4206236 0.2856272 -0.1201094 0.5388826 0.6389029 0.4082505 0.0834722 0.1553763 -0.0205989 -0.0339494 -0.5005209 0.5508611 -0.0432685 0.5741689 0.1053189 0.7137939 0.3979990 0.5632218 -0.1262120 -0.2120819 -0.4031821 -0.3005098 0.2026936 0.0890500 0.0369030 0.4711539 0.5590445 -0.0947067 0.2013031 0.1337131 0.5482797 -0.3224136 0.1226360 0.3718298 -0.1554690 0.8195578 0.4508465 0.7700222 -0.3520283 0.7073884 0.4447100 0.4045422 0.0430171 0.0177399 0.0058148 0.5764271 0.3873913 0.3767125 0.4234277 0.3605628 0.5964060 0.6820680 0.8483089 0.7061792 0.8490114 0.7080132 0.4166875 0.7326354 0.8718885 0.7188101 0.8580788 0.8923783 0.8787325 0.4740699 0.6557825 0.6935908 0.1948702 0.5104871 0.5411702 0.3571596 0.2843102 0.4382669 0.3373668 0.6861073 0.6173114 0.5251250 -0.2836879 -0.7635996 -0.5248585 -0.7504493 -0.1424776 -0.1410478 0.1983544 -0.1129502 -0.2328168 -0.6783282 -0.4702135 -0.0583408 -0.0615574 0.5873044 0.3534998 -0.0850858 0.5627871 0.4493926
0.0492825 0.6696002 -0.0635244 0.7539092 0.0140210 0.2539307 0.0702158 0.9707190 0.1563943 0.8738498 0.0000000 0.6462952 0.6660631 0.4881105 -0.0055496 0.9216336 0.7042336 -0.0290670 0.8827435 -0.0021929 0.7969832 0.4808449 0.7622572 0.0857578 0.7274188 0.5069402 0.2277949 0.0243824 0.7459521 0.3662713 0.3828019 0.6274355 0.2072641 0.3866857 0.6709146 0.8646931 0.6427300 0.8064447 0.9306372 0.4667108 0.3873994 0.8173161 0.9129596 0.3458817 0.5852759 0.7075747 0.8854437 0.4325235 0.5594987 0.7640936 0.9121253 0.7341455 0.4293527 0.7993078 0.2136532 0.7675082 0.8780987 0.8035907 0.8565725 0.8937034 0.8828735 0.8247043 0.1497773 0.7185053 0.7470874 0.8208945 0.7703775 0.8136187 0.6896388 0.8732738 0.8608741 0.9046144 0.6897119 0.8508923 0.5676945 0.7425111 0.8109438 0.6792454 0.6306654 0.8363423 0.0715305 -0.0043130 0.2648538 0.1157458 -0.0824749 0.0780355 0.0455318 0.0005152 0.4873444 -0.6710678 -0.1528729 0.1230762 0.0097680 0.1678910 0.0773511 0.0643706 0.0145470 -0.1394620 0.3988379 0.3209826 -0.0077717 -0.1458309 -0.2288702 0.3141190 -0.1279464 0.0231120 -0.2462422 0.0393557 0.1713754 -0.3490990 -0.3164762 0.2740938 -0.2163462 -0.4371735 -0.4262595 -0.3278600 -0.5356537 -0.2947844 -0.6367878 0.0586702 -0.3323438 -0.2445320 -0.1585197 -0.7101511 -0.1740379 0.3594732 -0.0975624 0.5135173 0.6504569 0.3895257 0.0947351 0.3440538 0.0805954 0.2191281 -0.4109822 0.4464143 -0.0177438 0.7055248 0.1599344 0.7262218 0.2605740 0.6746796 0.1250661 0.0859138 -0.1114320 -0.1979492 0.3429175 0.2754578 -0.0425441 0.6556389 0.5474893 0.2262074 0.4946931 0.0331517 0.5784960 -0.0376860 0.1105469 0.4994741 -0.1620549 0.7336270 0.6132364 0.7382459 -0.0319888 0.5574511 0.4593410 0.5272056 -0.0866549 -0.0951794 -0.0341676 0.5901597 0.3637024 0.3012192 0.2185549 -0.0222868 0.3054176 0.5660525 0.7992432 0.6658127 0.8892848 0.8628762 0.6149690 0.8769014 0.9429769 0.7922149 0.9210165 0.8481749 0.7932805 0.4835260 0.7446977 0.8049456 0.5044721 0.6179431 0.6138779 0.6129234 0.4990943 0.6612446 0.4178702 0.8668551 0.5487082 0.5834243 -0.2690217 -0.6060613 -0.4021761 -0.7811491 0.0382966 -0.1686282 0.0891321 -0.1195746 -0.2848620 -0.5348825 -0.3375811 0.1123463 -0.0575107 0.4978544 0.2182344 -0.0641201 0.3720688 0.2315290
0.3765580 0.8717455 0.2230222 0.7779789 0.5679843 0.7578038 0.7094822 0.7011873 0.8139395 0.8551482 0.6462952 0.0000000 0.2699186 0.7287608 0.6461946 0.7194972 0.8439621 0.4072537 0.5813692 -0.1845874 0.9254715 0.6331841 0.8128663 0.5843182 0.7536587 0.4261553 0.6383380 0.5435934 0.9143522 0.5509527 0.5742739 0.7310184 0.6717556 0.8058950 0.3575328 0.7548071 0.3676300 0.5784333 0.7075230 0.6954823 0.3141674 0.9072713 0.6446897 0.7342616 0.9030739 0.6168400 0.5752229 0.1545661 0.7649483 0.4466108 0.5280946 0.5351852 0.8740346 0.6941418 -0.2612356 0.4211287 0.3599331 0.6229471 0.7957455 0.5614862 0.7358014 0.6622797 -0.3752631 0.8094140 0.9138388 0.4889629 0.4527755 0.5286554 0.4882633 0.5745753 0.5093862 0.6976472 0.4110963 0.6918382 0.5190757 0.5731985 0.5313090 0.3560577 0.6564690 0.4071538 0.5946013 -0.6785209 -0.2056796 -0.2143999 0.0617185 0.0630500 -0.1060456 -0.1758900 0.5448445 -0.2316727 -0.0161322 0.1228175 -0.1462920 -0.1576480 0.2197615 0.2515310 0.2169085 -0.1986618 0.6640650 -0.0220280 0.1851420 -0.0637905 -0.4644310 0.4589903 0.1169428 0.3193738 -0.4705632 -0.0250310 0.3504213 -0.5411143 0.2662861 -0.3682660 -0.6436651 -0.3710283 -0.8699321 -0.6368072 -0.4362585 -0.7657851 -0.7073020 -0.3276914 -0.2534316 -0.0867323 0.0232802 -0.7669476 -0.3733524 0.3270459 0.0834564 0.3573791 0.4365789 0.5113931 0.2916339 0.0244065 0.1259794 -0.0071907 -0.2515440 0.5678412 0.1256096 0.3561502 0.1678300 0.5227026 0.5106706 0.3509782 0.0597751 -0.2007047 -0.5287902 -0.0970291 0.1665413 0.0173597 0.3818987 0.2796388 0.4990425 -0.0888035 0.0458959 0.3812675 0.5078355 -0.1975136 0.3756253 0.1554813 0.1892789 0.6794444 0.2540509 0.4949471 -0.3597867 0.6912240 0.3982389 0.4299059 0.3739937 0.3659334 0.2229983 0.4031532 0.3887629 0.4731455 0.1485672 0.5241370 0.7454202 0.8889888 0.7941671 0.7685740 0.6889105 0.6164659 0.5387335 0.5805143 0.6724685 0.5114171 0.6406917 0.8467605 0.8580397 0.6968986 0.5118428 0.5281442 -0.0990320 0.3400481 0.4382206 0.0074581 0.1287995 0.1426722 0.4325865 0.4700172 0.7712276 0.4584309 -0.3099725 -0.6333806 -0.4260288 -0.5285827 -0.2479231 -0.1703020 0.3741627 -0.0167388 -0.2164272 -0.7010623 -0.5057968 -0.1254085 -0.1805390 0.3175771 0.4032447 -0.0109226 0.4912214 0.1967224
0.4251135 0.4794373 0.1531869 0.3339832 0.2927051 0.0104805 -0.0758095 0.7430800 0.0629298 0.5719278 0.6660631 0.2699186 0.0000000 0.2358701 -0.0642886 0.7223978 0.4484371 -0.1124028 0.7274042 0.0090971 0.2931661 0.3401864 0.6692079 -0.0215137 0.4616042 0.6219482 0.2508204 -0.0127885 0.2982343 0.3141523 0.0334812 0.1367743 0.1021170 0.1182313 0.8539287 0.5507171 0.6850899 0.6583502 0.6437587 0.3422064 0.0502484 0.3335131 0.6900602 -0.0133944 0.1297247 0.5488146 0.8363150 0.2976820 0.2058056 0.7587956 0.7506969 0.4108590 0.1115397 0.2537730 0.3185456 0.5564010 0.5694440 0.2771246 0.4540837 0.4220441 0.4732330 0.3169714 0.3723077 0.2763749 0.3026855 0.4107841 0.3296287 0.4182905 0.6043132 0.5030663 0.4820843 0.6955439 0.1510211 0.3712594 0.5771725 0.1837536 0.4367976 0.2919749 0.0742614 0.3031570 -0.1931289 0.4389605 0.7590582 0.6325924 0.2664812 0.2287307 0.1438976 0.2004341 0.5217600 -0.4993321 0.2121442 0.4301856 0.1720042 0.2495325 0.3548451 0.3608094 0.1395444 0.0139129 -0.0873213 0.3535365 -0.2380080 0.0851226 0.2699745 0.6143073 0.2872383 0.0863109 0.0542705 0.4069847 0.2283629 -0.1937558 0.0027325 0.5276267 0.1624670 0.0744997 -0.1091930 0.0695979 -0.4041878 -0.0520351 -0.4860442 0.1665977 -0.1739241 -0.1177349 0.1995273 -0.6149589 -0.0013028 0.3151246 0.1182154 0.4909482 0.7500098 -0.0250047 -0.0049867 -0.0900197 0.1467631 -0.2515875 -0.3995523 0.5001412 0.0803013 0.6852409 0.2664600 0.7517016 0.2548534 0.5987588 -0.3558426 -0.0784800 0.1254827 -0.2352579 0.4128337 0.3411803 -0.1511039 0.4262782 0.4785245 0.2089480 0.3425025 -0.0484154 0.3370986 -0.2836239 0.1160584 0.7677718 -0.3863006 0.7025021 0.5111880 0.7598402 0.0046457 0.5892779 0.5191289 0.4001614 0.0545740 -0.1393817 -0.0834767 0.5585025 0.4003053 0.2114901 0.6614290 0.1699612 0.1535597 0.1087318 0.3503034 0.4697483 0.5915840 0.5242213 0.2710102 0.5812216 0.5233409 0.4044804 0.7098374 0.4422449 0.5059718 0.2551967 0.3816885 0.4980063 0.3039715 0.0742304 0.0193481 0.3898667 0.2856988 0.4963971 0.1475459 0.3703409 0.1781865 0.5546451 0.1199042 -0.2225850 -0.1957733 -0.5538061 0.2487683 0.2402928 0.2521049 0.0817338 0.1973179 -0.2074914 0.1449471 0.5105172 0.2674722 0.6155007 -0.0059258 0.1220737 0.6412824 0.5682369
0.6706896 0.9005299 0.1047605 0.8090369 0.2951603 0.7873356 0.6533502 0.5810626 0.7012332 0.6042127 0.4881105 0.7287608 0.2358701 0.0000000 0.7027778 0.5665648 0.8832113 0.7955038 0.5224613 0.3968049 0.5501826 0.8946562 0.7164363 0.8400824 0.7153864 0.4843170 0.7581851 0.8002441 0.8482995 0.9480832 0.7850416 0.7556809 0.6542187 0.8823894 0.3813177 0.4791948 0.6550789 0.7083788 0.7317172 0.9098403 0.6359043 0.7712374 0.5460390 0.7007282 0.8397440 0.5366151 0.5646677 0.4675244 0.5755362 0.6261463 0.4492159 0.4746806 0.6760194 0.7072464 -0.1333524 0.3103874 0.4024655 0.5897234 0.4256511 0.4758841 0.4982858 0.5870979 -0.5768967 0.6942483 0.8106592 0.3411509 0.3650097 0.5780177 0.4015004 0.5445546 0.3247171 0.6042345 0.4536681 0.4511590 0.3034728 0.5171976 0.3086336 0.4153832 0.5271315 0.2893936 0.3404704 -0.4701582 -0.1744443 -0.0554522 0.5462905 0.5183176 0.4688625 0.0652627 0.7945292 -0.0375063 0.5438099 0.5500370 0.2606785 -0.0541008 0.7130974 0.6575980 0.6789739 0.2552835 0.8002660 0.1625489 0.2386640 0.4051096 0.0666788 0.3725416 0.5160812 0.7443026 -0.1480691 0.0951175 0.5011204 -0.6653426 0.4154720 -0.2259420 -0.6461580 -0.0822447 -0.7792332 -0.3532243 0.0000447 -0.5144126 -0.3254089 0.0577238 0.2168169 0.4279756 0.3077648 -0.4480757 0.0409912 0.5385399 0.3956023 0.7076389 0.5177565 0.3131832 0.3699537 0.2765047 0.3961535 0.1482349 0.3014369 0.7026301 0.5155286 0.4752830 0.5258965 0.5698933 0.8375509 0.5165208 0.3676150 0.1364366 -0.0453462 0.2701086 0.6110072 0.4656528 0.7634881 0.4761891 0.7642563 0.3183888 0.2210220 0.8105790 0.8447882 0.2656157 0.7348305 0.4009317 0.5631238 0.7715111 0.5492520 0.5985403 0.1769759 0.7706293 0.7033481 0.7805645 0.6864303 0.6774464 0.6577303 0.7563328 0.7859950 0.8790157 0.1009254 0.1990238 0.2841155 0.4368950 0.2842972 0.2543972 0.2445613 0.2246851 0.1871344 0.2675396 0.4530573 0.1308330 0.4035357 0.7338819 0.3954039 0.2933012 0.1365581 0.5011406 -0.0706745 0.3379632 0.0536966 0.0495338 0.2752757 0.1931752 0.6419654 0.4080744 0.1988654 0.5432344 0.2763434 -0.1565281 0.1600766 -0.0775366 0.2507629 0.0829775 0.0485114 0.4012868 0.3694733 -0.2193714 -0.0051193 -0.0070030 0.2489786 0.4289053 -0.0957445 0.3482558 0.7272363 0.2588023
0.6483404 0.6457937 0.2305578 0.4575859 0.6642175 0.8024107 0.9032984 0.1435939 0.9308990 0.3725024 -0.0055496 0.6461946 -0.0642886 0.7027778 0.0000000 0.1794516 0.5413638 0.8279546 0.1002247 0.0814304 0.3607099 0.6380579 0.5088579 0.9089498 0.4424278 0.2587009 0.7679760 0.9145934 0.5492557 0.7137206 0.5435573 0.4755653 0.8646221 0.7831867 0.0865012 0.1626831 0.2425201 0.2331087 0.2747937 0.7586848 0.2680120 0.4777591 0.2092915 0.8013445 0.6226435 0.2456882 0.0644698 0.1234152 0.5252649 0.1995744 -0.0572575 0.2578569 0.6764891 0.2920325 -0.4153096 -0.1496815 -0.2053391 0.1737764 0.2217920 0.0249566 0.1780355 0.2022869 -0.8279431 0.3792386 0.5276608 -0.2005376 -0.1043773 0.1369633 -0.0899152 0.0655328 -0.0967168 0.1628925 -0.0155411 0.0696654 0.1206704 0.1217457 -0.1007601 -0.0238462 0.3407788 -0.1644270 0.5970246 -0.6808691 -0.3934918 -0.2098585 0.3905981 0.3354404 0.2083923 0.0441437 0.5014298 0.2495383 0.4211623 0.3177735 -0.1305923 -0.2578560 0.5589591 0.5550271 0.5175987 -0.0836161 0.4569584 -0.2648818 0.1118674 0.1471052 -0.0522108 0.4133801 0.5487669 0.4908720 -0.3266043 -0.0244180 0.2771065 -0.6786544 0.5755740 -0.6217960 -0.6594238 -0.0689644 -0.7507727 -0.5535387 -0.1287863 -0.7394599 -0.4325031 -0.5018346 0.0125979 0.1784361 0.2847784 -0.4542168 -0.2823830 0.1019134 0.2436059 0.2639937 0.1000516 0.1962828 0.2630695 -0.2796721 0.0946535 -0.0625928 0.0929803 0.4085472 0.4240279 -0.0487523 0.2884895 0.2075561 0.5946197 0.0049983 0.0190856 -0.4263272 -0.3937396 0.0272426 0.1774358 -0.0255611 0.7039593 0.0638580 0.4903854 -0.2999823 -0.3080848 0.6751451 0.3206359 -0.1227495 0.5809369 -0.0720675 0.5547324 0.4498579 -0.0693301 0.2614997 -0.2150684 0.6104758 0.2821628 0.2905543 0.6893157 0.7373937 0.5823429 0.3686084 0.4393204 0.6450075 0.2393641 0.6870828 0.6290074 0.4308404 0.1166616 0.2084828 -0.0323294 -0.1171291 -0.1357865 -0.1517904 -0.0252405 -0.2377216 -0.0407564 0.3712020 0.3042519 0.1888947 -0.1894215 0.0576359 -0.6769211 -0.0677681 -0.1574282 -0.5648025 -0.3417139 -0.4363933 0.1087849 -0.1377799 0.2024705 0.0880661 0.1957940 -0.1092474 0.0464678 0.0245379 -0.0208729 -0.0803975 0.2527085 0.3375669 0.3413448 -0.2135622 -0.1176115 -0.1963937 0.1925496 0.1162896 0.1272323 0.2073190 0.6076217 0.3326697
0.2925518 0.7851215 0.2531477 0.7675793 0.3107336 0.3824189 0.3133733 0.9224819 0.3330093 0.8383423 0.9216336 0.7194972 0.7223978 0.5665648 0.1794516 0.0000000 0.8017852 0.1617773 0.9488531 0.1186071 0.7676116 0.6694727 0.9213846 0.2210677 0.8589582 0.5279218 0.5105838 0.2180475 0.8227260 0.4711096 0.5696041 0.7121910 0.3403350 0.4743463 0.6644621 0.8837498 0.6488908 0.9152196 0.9117294 0.5991481 0.4918374 0.8494392 0.9264353 0.3955523 0.6713281 0.8565418 0.9508490 0.5264239 0.5750810 0.7932655 0.9298943 0.7448907 0.5298854 0.8107361 0.3640975 0.8721205 0.8371103 0.7746955 0.8409712 0.8581463 0.8728081 0.8265213 0.1007568 0.7411525 0.8141626 0.8070125 0.7544943 0.8053826 0.8051373 0.8122414 0.8473743 0.8868065 0.6564290 0.8128917 0.7407311 0.6891508 0.7144890 0.6420134 0.6104351 0.7154476 0.1127958 -0.0376670 0.4228741 0.2222506 0.1070067 0.3239742 0.1980556 -0.0133886 0.7151412 -0.3841542 0.0665000 0.3762351 0.1785203 0.2756259 0.2938661 0.3493583 0.2679057 -0.0010098 0.4118013 0.3771216 0.2157590 0.0873117 -0.0461170 0.5997488 0.1221153 0.2262629 -0.0778619 0.3305967 0.4265739 -0.2816030 -0.0485830 0.2258264 -0.3511516 -0.2247291 -0.5723144 -0.3353567 -0.4046197 -0.4569027 -0.6371048 0.0318881 -0.1354774 -0.0659246 0.1074250 -0.7663045 -0.1741861 0.5213628 0.1979050 0.5405488 0.7310957 0.5376500 0.3715336 0.2165915 0.3160958 0.1151720 -0.3156933 0.6129263 0.2552013 0.7725658 0.4226796 0.8504484 0.4389220 0.7344142 0.1546884 0.0613004 -0.1576699 -0.0204350 0.5198794 0.4074302 0.1847893 0.7066062 0.7167077 0.1953107 0.5627140 0.2475488 0.6136687 0.0201139 0.3589918 0.5404134 0.0228510 0.8199850 0.5986930 0.7074290 0.0682434 0.7123153 0.6109915 0.5461133 0.1806551 0.1347054 0.1766268 0.6491073 0.5013827 0.4783429 0.2320788 0.1063467 0.4699173 0.6200498 0.7665334 0.7883466 0.8659029 0.8685625 0.6698559 0.8726878 0.8522512 0.6524704 0.8947729 0.8857514 0.8546586 0.6474803 0.6601715 0.7580197 0.3606419 0.4489855 0.5003516 0.4419627 0.4621580 0.5617138 0.4734863 0.7777528 0.6363153 0.7165133 -0.0878491 -0.4557437 -0.2319058 -0.6886427 0.1643060 -0.1230203 0.2805984 0.1575524 -0.0939704 -0.5355251 -0.1397382 0.3687016 0.0834824 0.4794579 0.0999711 0.1928273 0.5208010 0.1709923
0.5944901 0.9809996 0.3459533 0.9255909 0.4276913 0.7728214 0.6305458 0.7801405 0.6698083 0.7740827 0.7042336 0.8439621 0.4484371 0.8832113 0.5413638 0.8017852 0.0000000 0.5115800 0.7575382 0.1716344 0.7442969 0.8823964 0.8802810 0.6065365 0.9158425 0.5344101 0.7899559 0.6036640 0.9233609 0.7591130 0.7166295 0.8273212 0.5598000 0.8123548 0.4801304 0.7032322 0.6128105 0.7955677 0.8325836 0.8274721 0.4829554 0.8875237 0.6994601 0.6470023 0.9225849 0.7721336 0.7761078 0.3438750 0.7741599 0.6209225 0.7191245 0.5314887 0.8211648 0.7833537 0.0225884 0.5816033 0.5596716 0.7014658 0.7258015 0.6532933 0.7623602 0.7736377 -0.2218743 0.9083383 0.9434209 0.5344075 0.6486252 0.6606475 0.6670240 0.7289003 0.6253358 0.8534227 0.6068004 0.7536722 0.6669895 0.7062922 0.6422179 0.6276142 0.6853057 0.4722995 0.4574997 -0.4634343 0.0753494 -0.0427699 0.3440394 0.3398791 0.2726850 0.0952484 0.7643689 -0.1527122 0.3453917 0.4192531 0.2038005 0.0839608 0.5038855 0.5356160 0.4955572 0.1496450 0.7054767 0.2741616 0.3175710 0.2817878 -0.1015212 0.5339460 0.3430353 0.6129607 -0.2263082 0.2823280 0.5239348 -0.5499269 0.3507573 -0.0343820 -0.5964715 -0.1122791 -0.8808172 -0.3946924 -0.2017551 -0.6619569 -0.5260773 0.0298973 0.0370667 0.2258479 0.2425598 -0.6661378 -0.2140720 0.6239407 0.3906813 0.6620303 0.6379837 0.5244075 0.3947662 0.2303170 0.3800412 0.0338308 0.0216681 0.8209914 0.3191561 0.6121553 0.4853467 0.7354898 0.7809970 0.6049795 0.2634612 0.0920755 -0.3028435 0.1821821 0.5556129 0.4251976 0.5568457 0.4702921 0.7548367 0.2136163 0.3297382 0.6126704 0.7705947 0.0828687 0.5384588 0.3938020 0.3026264 0.8196528 0.5246239 0.5772991 0.0269020 0.7228432 0.6988920 0.6172840 0.4780392 0.4024940 0.3668991 0.6471955 0.6195712 0.7156740 0.0733014 0.1900970 0.3756836 0.6396013 0.5892907 0.6030257 0.5648572 0.5258203 0.4850043 0.5385498 0.6715509 0.3495556 0.6812185 0.9044425 0.6917048 0.6209491 0.5400212 0.7649039 0.1316026 0.5099395 0.3608828 0.2461149 0.3948935 0.3819862 0.6623454 0.5956974 0.4930893 0.7153575 0.0362741 -0.4372901 -0.0946552 -0.3565468 0.0342532 -0.0612556 0.0670444 0.2721541 0.1178783 -0.5810290 -0.1037869 0.1614345 -0.0116983 0.4237883 -0.0722363 0.3638267 0.6763551 0.1571099
