0.0000000 0.0197955 0.5431726 0.1779654 0.5166106 0.4364349 0.1678893 0.2146936 0.1503604 0.1673108 0.3563276 0.4182714 0.1407043 0.2071910 0.2671282 0.4543004 0.3787318 0.3158684 0.1346354 -0.0414407 0.4914154 0.1008252 0.5522121 0.2898617 0.5003068 0.5266767 0.4126725 0.1570676 0.2844469 -0.0287997 0.1018852 0.5402168 0.2653152 -0.0077344 0.5894731 0.3582916 0.4407861 0.1970098 0.0217789 -0.1786687 0.1878985 0.0271476 0.3054613 -0.1189688 -0.0995010 0.2638252 0.1044488 0.2019511 0.2285062 -0.0411537 0.2318972 0.1957283 -0.0298581 -0.2039296 0.1589604 0.0120849 0.2683931 0.0128350 -0.3232083 0.1844510 -0.2820088 -0.0880528 0.4138004 -0.0431812 -0.0731516 0.1963977 -0.1786476 -0.1774116 0.0871557 -0.0741682 0.1134629 -0.1181121 -0.1727065 -0.1126148 0.1620849 -0.1193857 -0.0269030 0.0287813 -0.0605213 0.1801327 0.0337505 -0.2932544 -0.2379854 -0.3243231 -0.0743030 -0.1339577 0.1242443 -0.4291447 -0.0926669 -0.0976131 0.1197114 -0.0530741 0.0138442 -0.5566540 0.0403176 0.0124991 0.0026980 -0.0287517 0.2362629 0.0623175 -0.0788475 0.0166919 -0.0740478 -0.5027949 -0.0007337 0.0398375 0.1036184 0.0114899 -0.0121267 0.1654001 0.1318819 0.4179309 -0.0281460 0.1757659 -0.0413305 0.1421654 0.2681281 0.0428710 0.1276245 0.6726877 0.2831192 0.0976902 0.3016959 0.0200947 0.4717316 0.3877618 0.1131151 0.0369836 0.5330306 -0.0902173 0.0395579 0.1711601 -0.1870383 -0.0744994 0.6370387 0.1268915 -0.0325225 0.1400975 -0.1613655 0.2709629 0.2616850 0.3020482 0.6639141 0.3819884 -0.1244052 0.1203973 -0.1169258 0.0361622 0.6562535 0.3257688 0.2410161 -0.3216507 -0.0036534 0.2733933 -0.0112717 -0.0607319 0.0477406 -0.0519633 0.5373770 -0.0300321 0.0665808 0.1508458 -0.1316552 -0.2300487 0.0913921 -0.2086062 0.0988326 0.3217072 -0.1127052 0.0391554 0.0921485 0.2700599 0.5699771 0.5307131 0.2773519 0.4803936 0.5481565 0.1081751 0.5042129 0.4563561 0.2847865 0.4303147 -0.1573758 0.1571620 -0.3414190 -0.1847044 -0.0197923 0.1255947 -0.0759272 -0.1605159 0.7432211 0.3545751 0.2987033 0.1805420 0.7241633 0.2565956 -0.0759742 -0.0233155 -0.0513447 0.2996882 0.7116060 -0.4816844 -0.2762914 -0.2026892 0.0948852 -0.0771800 0.2111107 -0.2846693 0.6121580 -0.5870352 0.2251771 -0.1896918 -0.1311103 -0.5834517 -0.4625906 0.2671295 0.6034134 0.4850655
0.0197955 0.0000000 -0.3242466 0.6097252 -0.2880800 0.5172512 0.6872740 0.2869115 0.6863153 0.7543816 0.4969617 0.7046444 -0.2720689 0.0686798 0.4794689 0.2860882 0.0550212 0.1904918 0.4902801 -0.2493080 -0.0108387 -0.1586983 -0.2010509 0.3292613 0.0251291 0.0244718 -0.3501515 0.1705172 0.6510247 0.0431073 -0.2381153 -0.3417613 0.1646809 0.5205322 -0.2416906 0.2131180 -0.3147004 -0.2719929 -0.0569905 -0.0402162 -0.2031306 0.6783981 -0.2010406 0.1372395 0.5850873 -0.2532773 -0.1503429 -0.4923687 -0.0657358 -0.0764507 0.0224530 -0.0458694 0.3506447 0.5047468 -0.3780199 -0.1479619 -0.1961889 0.1560886 0.7249372 -0.0976163 0.6412087 0.2970087 -0.2335952 0.3358088 0.4651497 0.0768407 0.3337600 0.3719627 0.0796566 0.3813466 0.3252946 0.5011424 0.3567410 0.3106407 0.3931891 0.2163011 0.2222603 0.2322147 0.0045133 -0.1908728 0.0452732 0.1790562 0.6811421 0.6741551 0.7173090 0.7398917 0.5860992 0.6177438 0.7365760 0.6921614 0.6128158 0.4931077 0.5652735 0.4010922 0.5803777 0.5834640 0.6112163 0.6294900 0.6222766 0.4924839 0.8491659 0.6326771 0.8082854 0.0182610 0.5601588 0.5539250 0.7001992 0.7936526 0.6690487 0.6451831 0.6831318 0.6192809 0.4438586 0.5285881 0.5125350 0.4967364 0.4791431 0.5642411 0.5563351 0.4984470 0.6926072 0.3948245 0.3972756 0.6124627 0.4541066 0.5784024 0.2563697 0.1223436 0.4249057 0.5471274 0.6144128 0.0523020 0.1995019 -0.3715194 0.0041348 0.5516299 0.2807140 0.6388760 0.5633063 0.3852384 0.6326866 0.7692714 -0.2418849 0.2192947 0.4430898 0.5071222 0.6786878 0.2644153 0.0853404 0.7244143 0.1536470 0.3979206 0.7215846 0.6535782 0.0216635 0.4482289 0.4141401 0.5520851 0.3921640 0.2334063 0.4430754 0.7974780 0.3706624 0.2769603 0.6028004 0.4632280 0.6278977 0.5769731 0.3664048 0.7240671 0.7531244 0.6696834 0.2108686 0.3193012 0.7019220 0.1556477 -0.2898271 -0.2055617 -0.3248551 -0.0947498 -0.4953080 0.0773736 0.6470512 0.4500306 0.6995871 0.4448525 0.3246026 -0.1752767 0.0613546 0.2068039 0.1731551 0.0437660 -0.0849930 -0.2435860 0.2492903 -0.0015023 -0.2271335 -0.2239503 -0.1860970 0.6044404 -0.3086974 0.0550439 0.1676737 -0.4168893 -0.1490163 -0.1447231 0.5735497 0.1991952 -0.3510011 -0.1215891 0.3538271 -0.2542447 -0.0278698 0.4207184 -0.2438008 -0.1471440 -0.2733330 -0.3173072
0.5431726 -0.3242466 0.0000000 0.0050989 0.6670055 -0.0113658 -0.2432778 0.1827542 -0.2028955 0.0100645 0.1743407 0.1100783 0.6610126 0.4571360 0.2780546 0.2114696 0.6169746 0.4695958 -0.1247022 0.5366449 0.6019371 0.3614394 0.4925139 0.3413006 0.3074121 0.2692278 0.6776993 0.3040970 0.0990191 0.2869943 0.5736397 0.4937707 0.3770101 -0.0898840 0.3524687 0.2819641 0.3699400 0.2825898 0.0899181 -0.1107287 0.2488166 -0.1911949 0.2257356 -0.2835249 -0.1164943 0.3469469 0.0826835 0.2761764 0.1259011 -0.1079669 -0.0512014 0.0340529 -0.0314722 -0.6689372 0.1115006 -0.0224943 0.2265200 -0.4798901 -0.4890201 0.0570308 -0.2637336 -0.3972477 0.4813679 -0.3123865 -0.2584544 -0.0095654 -0.3655594 -0.7413785 -0.0075325 -0.5002657 -0.0865520 -0.3124480 -0.5490116 -0.1896096 -0.1424134 -0.3450702 0.0630713 -0.0864650 -0.0735626 0.3470007 0.1439902 -0.1009288 -0.6251193 -0.5835464 -0.4941715 -0.5630161 -0.0543563 -0.7146224 -0.5582042 -0.5939454 -0.1839498 -0.3261858 -0.3698145 -0.4157374 -0.1276400 -0.2501356 -0.3078581 -0.4816716 -0.1539241 -0.2530180 -0.5065098 -0.5169172 -0.5720360 0.0509189 -0.1083209 -0.1627536 -0.4578105 -0.4231388 -0.2955047 -0.3506091 -0.1778902 -0.2079418 -0.6091381 -0.4068298 -0.5071724 -0.4495115 -0.2632126 -0.3995912 -0.4604210 0.0535236 -0.1992057 -0.2817669 -0.0264736 -0.4116782 -0.0653929 -0.0680577 -0.0344148 0.0931036 -0.0769467 -0.1102717 -0.2715771 0.1141989 -0.2635946 0.3769028 0.2768322 -0.0732235 -0.2189545 -0.3207283 -0.3322179 -0.0432684 -0.1850126 -0.1539128 0.5288394 0.3620982 -0.3965238 0.0247129 -0.3828694 -0.0932888 0.3617867 -0.0377059 0.3875868 -0.2224919 -0.3910414 -0.1570364 -0.2023616 0.0064298 0.1475241 -0.2862712 0.3374769 0.0241470 -0.1743219 -0.2574238 -0.0014389 -0.3293535 -0.1275257 -0.1913453 -0.1970066 -0.0592673 -0.3863881 -0.2339274 -0.1847722 -0.0777642 0.2285773 0.1209777 -0.1658723 0.3819413 0.7372237 0.6531317 0.5822874 0.4112702 0.5863060 0.2998856 -0.3919257 -0.0255836 -0.4449324 -0.4415557 -0.1736361 0.1018951 0.1856305 0.0421001 0.1900788 0.3254670 0.1154824 0.2616605 0.1993755 0.1206149 0.2297092 0.2180956 0.0975350 -0.0701801 0.6254702 -0.4064889 -0.2188788 0.1990803 0.5936420 0.1839684 -0.2459093 -0.1334360 0.5861544 -0.3689359 -0.0068306 0.2262917 0.4307591 -0.5384541 0.0766794 0.2895739 0.3815311 0.3413362
0.1779654 0.6097252 0.0050989 0.0000000 -0.0821584 0.4773663 0.3028413 0.8222585 0.8353632 0.8114845 0.8468352 0.7022554 0.2874779 0.3435303 0.7075961 0.7876606 0.6053587 0.3766607 0.6753618 0.0354082 0.2205359 0.1409942 0.4130419 0.3059578 0.3683192 0.4700500 0.1089119 0.1440296 0.5586005 0.1826759 0.0963457 0.0851334 0.1122695 0.2193438 0.1882781 0.2659843 0.0982223 0.0884164 0.1921561 0.1861994 0.0783056 0.4690312 0.3646990 -0.0052020 0.4054614 0.0169718 0.0580685 -0.1658451 0.0196593 -0.2873138 0.2656642 0.4529298 0.2902286 0.3756668 -0.1497752 -0.1228570 0.0561735 0.1101358 0.3180959 0.2385543 0.5461257 0.4494460 0.1214811 0.3981416 0.5740148 0.1986223 0.3772984 0.1862290 0.3281638 0.4080884 0.5608428 0.5825388 0.4486999 0.4825998 0.7177195 0.4258178 0.5688829 0.6138755 0.5174722 0.2752648 0.6388447 -0.0371146 0.3581894 0.3697783 0.3244374 0.1787157 -0.0705385 0.1342952 0.0522604 0.0698980 -0.0400424 -0.1967278 -0.1243445 0.0394698 -0.0117296 -0.1494851 0.0689010 0.0172141 -0.0034592 -0.0759150 0.2158809 0.1164501 0.3079869 -0.0582233 -0.0163548 -0.1879281 0.2936498 0.3566187 0.0878939 0.1945810 0.0276890 0.3220886 0.0077358 0.0282464 0.0874004 0.1113287 0.0807305 0.1447883 0.1283530 0.2030549 0.3251207 0.0690449 0.0039870 0.1251109 0.0417948 0.3577366 -0.0459607 -0.1292631 0.0375757 0.2895755 0.1908068 -0.0639688 0.1260764 0.0345593 0.0495964 0.1720686 0.0168459 0.0998377 0.2128035 0.3746318 0.3779361 0.3419650 0.1270205 0.1583573 -0.0411774 0.2496791 0.1562794 0.0183248 0.3063995 0.5363356 0.5353183 -0.0436603 0.1828320 0.4000152 -0.2059435 0.4298927 0.3700015 -0.0284273 0.4133207 0.3202120 0.0691002 0.3597897 0.2504911 0.1923224 0.0895003 0.1535585 0.3228701 0.3610304 0.1333819 0.2505722 0.3021430 0.3155107 0.3755022 0.1190962 0.1317422 0.0082029 0.0269676 -0.0058407 -0.0967737 0.0736964 -0.1437697 0.1255765 0.2526963 0.2266224 0.4843058 0.2788596 0.5228915 0.2266952 0.3792233 0.3357590 0.0701977 0.3605141 0.1123492 -0.2774768 0.0825115 -0.3392085 0.0277941 -0.1304862 0.1970378 0.4509727 -0.2089919 -0.3562651 -0.4238026 -0.5410867 -0.0570790 0.2667158 0.3674312 0.1767798 -0.1256306 -0.2022520 0.0217811 0.0777214 0.2152130 -0.0059710 -0.0120876 -0.0738132 0.0220217 -0.0948798
0.5166106 -0.2880800 0.6670055 -0.0821584 0.0000000 -0.2568074 -0.2790370 0.2644964 -0.3969237 0.0867796 0.2128302 0.0008410 0.5743960 0.5840244 -0.0340838 0.2117701 0.4321388 0.1963501 0.1826466 0.0162821 0.5607330 0.4871434 0.3615792 -0.0512390 0.5653810 0.4228459 0.3928762 0.4815427 -0.0468130 0.3428393 0.5316525 0.7789828 0.0114249 -0.3547386 0.4607864 0.4414470 0.6492394 0.6141536 -0.1999026 0.0435803 0.5882181 -0.0342639 0.0750062 -0.4697362 -0.1299728 0.6634022 0.3745816 0.6412239 -0.3324464 0.1859312 0.2068949 -0.0681714 -0.2468375 -0.4459305 0.5976511 0.4200884 0.6399303 -0.6102013 -0.2744567 0.1969357 -0.1370427 -0.1791716 0.8121118 -0.1942579 0.0288561 0.6086660 -0.0232223 -0.4965051 0.4679435 -0.3032194 0.2030229 -0.0080960 -0.2640848 0.2637644 0.0344425 -0.0008014 0.2978613 0.0611442 0.2169456 0.7514390 0.2087472 -0.2590083 -0.4458162 -0.5944432 -0.3347684 -0.2179576 0.1196387 -0.5868997 -0.2620626 -0.3437839 -0.3054892 -0.2518201 -0.0409588 -0.6765381 -0.4464765 -0.3092866 -0.2441722 -0.1580371 -0.1254719 -0.1419147 -0.2701580 -0.2230065 -0.2824522 -0.4084964 -0.1627054 -0.2230473 -0.1476367 -0.2763130 -0.1126963 -0.0155452 -0.0841310 0.2649156 -0.2601714 -0.0719419 -0.2711888 -0.0834419 0.0772320 -0.2869813 -0.1638013 0.4061937 -0.0503975 -0.1395821 0.1147686 -0.2192978 0.3169974 0.1372699 0.4762912 0.0936102 0.3465113 -0.0038297 -0.1753158 -0.0217535 0.1596513 0.5414795 0.2935190 0.0490942 -0.1162033 0.0314812 -0.4383833 0.4442053 0.0674827 0.0887129 0.3775748 0.4400134 -0.2721775 0.1323182 -0.2160004 -0.1492832 0.3582875 0.0522527 0.3419939 0.0502165 -0.0091285 0.0990878 0.0400230 0.2658152 -0.0873316 0.0616252 0.2400131 0.3020327 -0.0478631 -0.0452513 -0.0752410 -0.1582309 0.0828971 0.2056678 0.1104113 0.0324687 -0.0572699 -0.0722610 0.0053945 -0.0623878 0.3923382 0.5483124 -0.0780978 0.2753398 0.5386634 0.4641729 0.6899116 0.6206816 0.6060956 0.5785328 -0.1617855 0.2265304 -0.1898871 0.0784969 0.2155597 0.5756413 0.4233556 0.0214371 0.6236685 0.5036178 0.5223409 0.3981742 0.5854991 0.3029228 0.1909444 0.4908696 0.4573893 0.2084631 0.3274105 -0.2572811 -0.1031096 0.3070680 0.2351192 0.1708872 -0.0723491 -0.2117683 0.3576652 -0.2531965 0.0655887 0.3497908 0.2713042 -0.4521147 -0.1342212 0.4182400 0.1888097 0.0217125
0.4364349 0.5172512 -0.0113658 0.4773663 -0.2568074 0.0000000 0.4907438 0.0302411 0.6457778 0.3260315 0.1846103 0.6334104 -0.4053893 -0.1807002 0.4564481 0.2616999 0.0626108 0.1818481 -0.0011336 -0.0121220 0.3826100 -0.3505338 0.1710913 0.4375167 -0.0315677 0.0352746 0.0752320 0.0956348 0.6775580 -0.1080987 -0.3320474 -0.1560066 0.4013696 0.4460343 -0.0133738 0.4581775 -0.2356188 -0.4379094 -0.1152340 -0.2099903 -0.3463933 0.4833896 0.0187070 0.1031327 0.3799993 -0.4297148 -0.3945924 -0.4365029 0.4494496 -0.3131754 -0.1317553 0.1149703 0.4391647 0.1779139 -0.4691977 -0.5083748 -0.2965574 0.3383893 0.2598804 -0.0905678 0.2558363 0.0834833 -0.0796500 0.2630563 0.2767337 -0.2143482 -0.1804896 0.1375256 -0.2369665 0.1328517 -0.0065498 0.2004441 0.0375945 -0.0586785 0.1832089 -0.0178726 0.0829876 0.0998724 -0.0689402 -0.3276084 0.0293672 -0.0470910 0.1693436 0.3106175 0.2089069 0.0501300 0.1102999 0.1173835 0.0832268 0.1573005 0.3920500 0.1774191 0.1329266 0.0583067 0.4011653 0.1779439 0.0569479 -0.0036184 0.2677596 0.2926622 0.2663958 0.0183523 0.1976198 -0.1736410 0.0351475 0.1730575 0.1010640 0.1658396 -0.0550541 0.2066959 0.1428286 0.1904420 -0.0129499 0.0338198 0.0940527 0.0945372 0.1712797 0.1082358 0.1657646 0.2906882 0.2705504 0.1469994 0.4096387 0.0685349 0.0976080 0.2050192 -0.3174077 0.0797230 0.1722524 -0.0509137 0.0457371 0.3240327 -0.2727385 -0.2816805 0.4618014 0.2848554 -0.0714831 0.1114951 0.2928270 0.2269828 0.4317400 0.3802652 0.4909382 0.3114403 0.0295004 0.3674949 0.2869337 0.5333334 0.4245652 0.6737031 0.4943792 -0.1694970 0.1803807 0.3667339 0.1555738 0.0432829 0.1942835 0.1221065 0.5741370 0.0957824 0.2676943 0.3492363 0.0929182 -0.1518201 0.2162281 -0.1354920 0.1905157 0.4717088 0.0810968 0.1890973 0.2586057 0.4971605 0.3220263 0.1636513 0.4352664 0.3606564 0.1306362 -0.0873624 0.0959427 0.2308291 -0.1149989 0.3137955 0.3712244 0.4105294 0.2278164 -0.0895929 0.0723316 -0.1600202 -0.0122444 0.2565716 0.1717887 0.1292257 0.0860542 -0.1467908 0.2053523 -0.1841551 -0.2396003 -0.4070723 -0.4776319 0.1341556 0.1065267 -0.3657385 -0.4161905 -0.6459919 0.0573915 -0.0260565 0.1187787 -0.2525601 0.2592412 -0.3982340 0.2597826 -0.1671535 -0.0430343 -0.1778808 -0.2070700 0.1556948 0.5461686 0.4389869
0.1678893 0.6872740 -0.2432778 0.3028413 -0.2790370 0.4907438 0.0000000 -0.0693755 0.6508798 0.5555939 0.2223289 0.8090695 -0.4216092 0.1274461 0.3803340 0.0344513 -0.0337451 0.2086413 0.1985368 -0.4516014 -0.0911730 -0.3949601 -0.3316816 0.1258000 -0.0899573 -0.1819910 0.0279078 0.2630070 0.5954892 0.2351852 -0.3821109 -0.2331924 -0.0167792 0.2579642 -0.3301565 0.1538656 -0.2664377 -0.3767064 0.2636693 0.1224962 -0.1135863 0.5931769 -0.3265095 0.5138425 0.4394706 -0.3262318 -0.3323170 -0.3963843 -0.0257503 0.1968694 -0.2379162 -0.2675724 0.1594556 0.4140661 -0.2904866 -0.0397679 -0.2535113 0.3838347 0.7163190 -0.3220056 0.4522848 -0.0033098 -0.0815381 -0.0176338 0.1654128 0.0163651 -0.0274503 0.4319253 -0.0018815 0.0845863 0.1027563 0.0814890 0.1373503 -0.1079271 0.1243016 -0.1605621 -0.2716070 -0.0928149 -0.1574046 -0.1669025 -0.0839916 -0.0506840 0.7394110 0.7737765 0.8465405 0.6965354 0.3962164 0.4835084 0.6068209 0.7166220 0.7027215 0.5994526 0.5847748 0.0439024 0.5968272 0.6109339 0.6469077 0.5374981 0.4282822 0.4355575 0.5722269 0.6282546 0.7691756 -0.2940979 0.5403093 0.5178655 0.7456592 0.7525145 0.5635116 0.7121050 0.5576230 0.5839793 0.4167238 0.5134140 0.4191445 0.4673584 0.4400273 0.4095612 0.5111364 0.4297310 0.7466873 0.4477995 0.1341611 0.5862912 0.4453303 0.7006126 0.1422935 -0.0328452 0.5462305 0.4091664 0.7438115 0.0263693 -0.0749557 -0.6388786 0.4394928 0.4806392 0.5520847 0.6441433 0.7935570 0.1189161 0.6071653 0.6533365 0.1533182 0.2284924 0.6765319 0.3939518 0.6365633 0.4270085 0.4078803 0.6000510 -0.1109586 0.2400762 0.5684034 0.5962962 0.0081896 0.1779601 0.1202911 0.3728196 0.5054862 -0.1471341 0.1934031 0.6395363 0.2610408 0.0714552 0.5010711 0.1983225 0.5258408 0.6345699 0.4283533 0.6483769 0.6151014 0.7051781 -0.0241313 0.3647055 0.8501014 0.5720383 0.1145606 -0.0613698 -0.3817798 -0.0646284 -0.6429064 0.1524785 0.7586700 0.5877085 0.4996320 0.2275851 0.2060995 -0.2945987 -0.3427534 -0.0007532 0.1145882 0.1059056 0.1905570 -0.4166723 0.2202292 0.1044126 -0.5271782 -0.1888266 0.0050659 0.5688917 0.1312419 0.1738393 0.2012597 -0.4663558 0.1715352 -0.3021049 0.3873632 0.0195835 -0.0187939 0.2474687 0.4816833 -0.5962818 0.1716727 0.5908053 -0.5113214 -0.0892062 -0.0816663 -0.0758759
0.2146936 0.2869115 0.1827542 0.8222585 0.2644964 0.0302411 -0.0693755 0.0000000 0.5122436 0.7134235 0.9230123 0.4083450 0.6871058 0.5818090 0.5760500 0.8693469 0.7706397 0.3846202 0.8197854 0.1810816 0.1596836 0.5602759 0.5766544 0.1595684 0.6890151 0.7601553 0.1552610 0.1848611 0.1955234 0.2709181 0.4514011 0.4567735 -0.0339812 -0.0331643 0.5163145 0.0770390 0.5041473 0.5637757 0.1653348 0.2943949 0.4503618 0.1255319 0.5617461 -0.2348974 0.1136975 0.5137622 0.4956449 0.2979816 -0.2079661 -0.0438794 0.6124380 0.5715999 0.0151220 0.2674169 0.2876707 0.2885720 0.4719213 -0.1623473 0.0171765 0.5802353 0.3102992 0.5589104 0.3288735 0.3580952 0.4848833 0.5059618 0.6186654 0.0866561 0.6353129 0.4442996 0.7670593 0.5551191 0.5041099 0.6350528 0.7976042 0.5722125 0.6418434 0.7519298 0.6801927 0.5654400 0.7572221 -0.1274560 0.1757718 0.0569667 0.0861037 0.0569938 -0.0964845 -0.1126017 -0.0800555 -0.1495327 -0.3678935 -0.4574086 -0.2733119 -0.1954574 -0.3476420 -0.3707945 -0.0459128 -0.0595575 -0.1524727 -0.2728795 -0.0224715 0.0165715 0.0692945 -0.0763773 -0.1071343 -0.3607996 0.2005506 0.1907388 0.0128590 0.1273147 -0.0908647 0.2911629 0.0506066 0.0674748 0.0397652 0.1390642 0.1167703 0.1337663 0.0714622 0.2066417 0.1738205 0.0238905 -0.2057857 0.0041225 0.1358294 0.2911348 0.2363521 -0.0605021 0.0451314 0.3811136 0.1225962 -0.1024003 0.4001071 0.3773742 -0.1019475 0.0988870 0.0746783 0.0890349 -0.0332585 0.4066827 0.2218909 0.2142799 0.0733229 0.1192749 -0.1158581 0.1406038 -0.0098664 -0.2477858 0.3168453 0.2771844 0.4358794 0.0296640 0.1214167 0.3095463 -0.1489498 0.3958999 0.4097850 -0.0454539 0.3291758 0.4444331 0.0759608 0.2201721 0.0970199 0.3412903 0.0659801 0.2666024 0.3075732 0.2468594 0.1604181 0.1866457 0.2169651 0.1306299 0.5011533 0.1955652 -0.1817033 -0.2148122 0.0173847 0.0743082 0.0540707 0.1530747 0.1446046 0.1078129 -0.0513270 0.0450437 0.2911850 0.4047115 0.6168334 0.5376823 0.4572704 0.1343797 0.2108417 0.3495942 0.1300645 -0.0517217 0.1518452 -0.1973307 0.2904919 0.1533145 0.5026698 0.4505269 -0.1891385 -0.4351716 -0.3989011 -0.2110465 -0.1908536 0.3560572 0.3511774 0.2984820 -0.1267954 -0.2237800 -0.2551373 0.2340602 0.2257516 -0.2046175 -0.0105363 0.0835376 -0.1029148 -0.3083725
0.1503604 0.6863153 -0.2028955 0.8353632 -0.3969237 0.6457778 0.6508798 0.5122436 0.0000000 0.7220981 0.6385380 0.8299980 -0.0451228 0.2487618 0.7717871 0.5854278 0.3643949 0.4484018 0.5179750 -0.0827050 -0.0386230 -0.0626604 0.1868362 0.3804949 0.2160664 0.2816999 0.1339215 0.2046132 0.6426709 0.2632597 -0.1408165 -0.0646863 0.1173771 0.3519182 0.0506418 0.0698588 -0.0333914 -0.1223098 0.3815907 0.2617992 0.0127760 0.4989032 0.2488830 0.4114644 0.4705502 -0.1554621 -0.0571725 -0.2742158 0.1781190 -0.0494246 0.1752289 0.3206798 0.3392007 0.5852203 -0.2563304 -0.1183216 -0.0870364 0.4618124 0.5312466 0.1639031 0.5718202 0.4559521 -0.1188538 0.4185086 0.4808887 0.0542376 0.3214520 0.4694358 0.1798153 0.4953109 0.4984278 0.4874828 0.5049325 0.2628418 0.6335480 0.3056047 0.2578573 0.4903241 0.3562001 -0.0443494 0.4640487 -0.1475678 0.6151433 0.7040632 0.5813999 0.3917102 -0.0084690 0.3088040 0.2607869 0.2995785 0.2161133 -0.0058174 0.0531634 0.0827777 0.2831758 0.1185140 0.2798218 0.1449026 0.1094822 0.1452838 0.3091137 0.2724265 0.4711945 -0.1086510 0.1566646 0.0598696 0.4703701 0.5204927 0.1679858 0.3868986 0.1620156 0.3110893 0.2367851 0.2217629 0.2601226 0.2861576 0.2561502 0.3192540 0.3083511 0.1535020 0.4883320 0.2481530 -0.0114977 0.2555932 0.0816350 0.4428502 -0.0876388 -0.0530419 0.0970379 0.3735521 0.4436976 0.0845805 0.0870915 -0.2909760 0.1440813 0.3303878 0.3182264 0.2798626 0.5613599 0.1272045 0.4742502 0.3936057 0.1920005 0.1127852 0.3102362 0.2939145 0.3744392 0.2314824 0.4192701 0.5643836 0.2710559 0.0151779 0.3201812 0.4773151 -0.0687288 0.2227272 0.3835857 0.0786156 0.5146372 0.1497973 0.1437685 0.4308824 0.1813380 0.2556383 0.2448374 0.1282301 0.4069995 0.5324210 0.3310866 0.4402316 0.4226983 0.5313165 0.2898810 0.1326329 0.3365809 0.0921797 -0.0819029 -0.1861071 -0.4013247 -0.1190245 -0.4704704 -0.0301317 0.4788544 0.3570613 0.5840662 0.3025089 0.4712208 0.0116171 0.0352996 0.2564261 -0.0804098 0.1673363 0.0032816 -0.4872090 -0.0459581 -0.3693642 -0.2686557 -0.3943373 0.0671207 0.4244266 -0.1110433 -0.2104918 -0.3100862 -0.6909236 -0.0672791 0.0696010 0.3060939 0.2861495 -0.0249677 0.0209981 0.1081465 -0.2796680 0.1986446 0.2683944 -0.2578355 0.0004275 0.0348155 -0.0566085
0.1673108 0.7543816 0.0100645 0.8114845 0.0867796 0.3260315 0.5555939 0.7134235 0.7220981 0.0000000 0.8385559 0.8066344 0.2801638 0.5270932 0.6277466 0.6039680 0.5533464 0.3289756 0.7535387 -0.0554537 0.1505400 0.2217598 0.1103199 0.1361418 0.4190864 0.3669011 -0.0239351 0.3461132 0.5191941 0.3402502 0.1855606 0.1121850 -0.0507612 0.1386081 0.0480397 0.2564100 0.0970345 0.1532732 0.0313673 0.1984040 0.2069907 0.5271904 0.0383811 -0.0953651 0.3847473 0.1644269 0.0996986 -0.1006807 -0.3525266 0.0690193 0.2308506 0.1468037 0.0731513 0.3941858 -0.0426292 0.1578433 0.1572072 -0.1397545 0.5398971 0.1718554 0.5745890 0.4015145 0.2177207 0.1752670 0.4823722 0.4089589 0.4781583 0.2387860 0.4775865 0.2925763 0.6156604 0.4711788 0.4128470 0.4593540 0.6333238 0.3119599 0.3569812 0.5020813 0.3557295 0.3350230 0.4813976 0.0287460 0.6191669 0.5483769 0.6103510 0.5267694 0.3830255 0.3002157 0.3832882 0.3969480 0.2328076 0.1468018 0.2639369 -0.0211443 0.1523384 0.1690007 0.4053690 0.3586915 0.2391769 0.1448750 0.4760398 0.4177136 0.5715793 -0.1628612 0.3482621 0.1441373 0.6136937 0.6471108 0.4400628 0.6140084 0.3794599 0.6269355 0.2772431 0.3771221 0.2975541 0.3945256 0.3665823 0.3673497 0.3579073 0.4711738 0.5977111 0.3074563 -0.0155386 0.4019409 0.4509424 0.6809002 0.3551748 0.0595526 0.4221406 0.6420468 0.5774129 0.0087754 0.3265968 0.0048055 0.1793210 0.4837843 0.4137841 0.5749350 0.5501354 0.5503496 0.6201537 0.7291465 0.0758697 0.3840664 0.3862042 0.5119253 0.5591307 0.2258121 0.4469378 0.7355536 0.4047765 0.3683691 0.5848285 0.6891962 -0.0039308 0.5269520 0.4666310 0.3876687 0.6360178 0.3664779 0.3431308 0.7151213 0.3172380 0.3136972 0.5324613 0.4813829 0.6631095 0.6476308 0.4277439 0.6374344 0.6834563 0.6060550 0.3516756 0.4119000 0.4786077 0.2436458 0.0837017 0.1651739 -0.1067680 0.2007645 -0.1909963 0.3267611 0.5463460 0.5351985 0.6281110 0.5042694 0.6310570 0.2286058 0.1984345 0.0774345 0.2635457 0.3129382 0.2241299 -0.1740409 0.2901362 0.0137066 0.0287981 0.1798512 0.3474809 0.7678570 -0.2260219 -0.2669540 -0.1669425 -0.4001581 -0.0106294 0.0789675 0.5659114 0.1425988 -0.2386906 -0.0953705 0.0569686 -0.0825282 0.3555865 0.2085693 -0.2630092 0.0437497 -0.2038731 -0.4400588
0.3563276 0.4969617 0.1743407 0.8468352 0.2128302 0.1846103 0.2223289 0.9230123 0.6385380 0.8385559 0.0000000 0.6461584 0.5306527 0.5575355 0.6941828 0.9115132 0.7541032 0.4762653 0.8711957 0.0960695 0.2057886 0.4603922 0.5597416 0.2810375 0.6948245 0.7525362 0.1469957 0.2191581 0.3587205 0.2423539 0.3957148 0.3564006 0.1086078 0.1054100 0.4974683 0.1388492 0.4237172 0.4519285 0.2147841 0.3016775 0.3765628 0.2608747 0.5219548 -0.1078508 0.1842103 0.4257356 0.4117141 0.1325499 -0.1330603 0.0326078 0.5649120 0.5635447 0.0358353 0.3805863 0.1598242 0.2536726 0.3886323 -0.0511419 0.1454362 0.5008542 0.3447618 0.5526162 0.2312717 0.3423141 0.4732062 0.4469238 0.5774475 0.2080627 0.5638812 0.4592354 0.7544165 0.4791386 0.5218162 0.5516337 0.8150341 0.5143364 0.5184749 0.6949463 0.5531462 0.4685708 0.6758943 -0.0137438 0.3099119 0.2018925 0.2656138 0.2294492 0.1148741 -0.0106617 0.1093347 0.0578206 -0.0964312 -0.2090083 -0.1103797 -0.1681347 -0.0892737 -0.1034649 0.1389206 0.0876829 0.0707612 -0.0535884 0.1693118 0.2151776 0.3020935 -0.1059012 0.0821424 -0.1009587 0.4132660 0.4311568 0.2030348 0.3435802 0.1248108 0.4910589 0.1381890 0.2159336 0.1077427 0.2158564 0.1875682 0.2281097 0.1760379 0.4132703 0.3552696 0.0747465 -0.0682336 0.1784952 0.3196289 0.4693260 0.2291860 -0.0359694 0.2551511 0.4243348 0.3042918 -0.0659743 0.3503479 0.1499965 0.0394412 0.2187952 0.1711367 0.2820830 0.1579123 0.4565547 0.3191258 0.4267369 0.0952748 0.1837018 0.0382660 0.1932766 0.1463866 -0.1437756 0.3691912 0.4053968 0.3593516 0.0313412 0.2572479 0.4135614 -0.2249360 0.4065219 0.4946182 0.0510604 0.4809649 0.3493449 0.1094471 0.4008822 0.1356187 0.3547891 0.1948847 0.2522162 0.3729476 0.3682313 0.1916463 0.3510169 0.3656392 0.3038847 0.5034815 0.3504358 0.1323354 0.0079430 0.0974432 0.1359757 0.0470741 0.2119507 0.0473103 0.2027903 0.0975311 0.1800263 0.3126304 0.4244564 0.5640486 0.3750475 0.3283525 0.0603572 0.3542320 0.4302349 0.1048951 -0.0053074 0.3446850 0.0204786 0.2113651 0.1492565 0.3865008 0.5771962 -0.0302412 -0.3534933 -0.2699511 -0.2500798 -0.0882060 0.3252956 0.5197515 0.2874296 -0.0760648 -0.2601211 -0.1115532 0.0981307 0.2070233 -0.0965505 -0.1131766 0.0545652 -0.0429068 -0.2725724
0.4182714 0.7046444 0.1100783 0.7022554 0.0008410 0.6334104 0.8090695 0.4083450 0.8299980 0.8066344 0.6461584 0.0000000 0.0103070 0.4285034 0.7409003 0.5305906 0.4753353 0.5149594 0.5050420 -0.1669170 0.2953152 -0.0694366 0.1814043 0.3984562 0.3107406 0.2689854 0.3126621 0.4206142 0.7918636 0.3705521 -0.0328209 0.1072039 0.2303584 0.3209127 0.0522896 0.4023660 0.0716010 -0.0553663 0.3013879 0.2152040 0.1158550 0.6681608 0.0765171 0.2944056 0.5358084 -0.0384552 -0.0864031 -0.1907024 0.0712981 0.0697837 0.0377839 0.1046654 0.2988181 0.3578751 -0.1460712 -0.0034595 0.0342292 0.2251367 0.5633972 0.0017686 0.5684547 0.1772300 0.1962531 0.1901876 0.4329296 0.2060445 0.1179185 0.2506856 0.2450961 0.1872123 0.4039872 0.3260889 0.2259268 0.1905066 0.4532067 0.0845609 0.1594700 0.2715483 0.1927767 0.1627785 0.3394014 -0.1084318 0.5262349 0.5579721 0.5888962 0.4247293 0.2432408 0.1407772 0.2924702 0.3496105 0.4242064 0.2414439 0.2750716 -0.1619679 0.3737494 0.2876629 0.3809271 0.2235075 0.2555099 0.2451166 0.3471209 0.3302791 0.5534649 -0.2831889 0.3194283 0.2440036 0.5521620 0.6002811 0.3204673 0.5595598 0.3448894 0.5520776 0.1543465 0.2788857 0.2115047 0.2751536 0.3109704 0.2427801 0.3059091 0.4687539 0.6032001 0.2403998 0.1389093 0.3161603 0.3622543 0.6321123 0.0919627 -0.0180019 0.4302743 0.4079899 0.5240933 0.0651797 0.0131143 -0.2723506 0.4729849 0.4730790 0.3497428 0.4461572 0.5660333 0.3329370 0.6009285 0.6086550 0.3966735 0.3702699 0.3466365 0.4681774 0.4550059 0.3504232 0.5985666 0.7052686 0.3253357 0.0931208 0.4271702 0.6115350 -0.0835581 0.3943588 0.3387443 0.2274350 0.7419993 0.1210322 0.1664092 0.5765898 0.3126729 0.0784246 0.4077048 0.2052038 0.5085551 0.6590389 0.3359848 0.5484895 0.5627468 0.6834242 0.2996187 0.4542189 0.6426802 0.5419000 0.3134008 0.1676515 -0.0819341 0.2115882 -0.3045277 0.3608601 0.6068995 0.5972464 0.4907533 0.2563892 0.4084893 0.0149775 0.0724540 0.2338809 0.2569170 0.4195595 0.2901476 -0.2648129 0.3407182 0.0169335 -0.2533043 -0.0985131 0.1264846 0.5905958 0.1747264 -0.1692685 -0.1331666 -0.4912777 0.2830607 0.0662367 0.3682746 0.0574782 0.1213930 -0.0310520 0.3622475 -0.2564771 0.3897046 0.2433555 -0.3501572 0.0829372 0.1329953 0.0186296
0.1407043 -0.2720689 0.6610126 0.2874779 0.5743960 -0.4053893 -0.4216092 0.6871058 -0.0451228 0.2801638 0.5306527 0.0103070 0.0000000 0.7295425 0.3693659 0.4994389 0.7873008 0.4676058 0.3993840 0.5336069 0.2039403 0.7599630 0.5206714 0.1299969 0.5969399 0.5693824 0.4706882 0.3123621 -0.1288234 0.4745396 0.7923043 0.6297566 0.0137997 -0.2445291 0.4861676 -0.0704646 0.6163201 0.7093105 0.2079795 0.2450806 0.6134071 -0.2716228 0.4601126 -0.3139815 -0.1337741 0.7093382 0.5401667 0.5708923 -0.2434959 0.1090945 0.4090352 0.3088729 -0.1720245 -0.2665822 0.4498804 0.3989564 0.5559405 -0.5223724 -0.3352367 0.4859141 -0.0215334 0.1387009 0.4792762 -0.0414049 0.0422426 0.3791799 0.2957333 -0.4117901 0.4950906 -0.0398410 0.4621945 0.1079252 0.0186583 0.3168665 0.3376590 0.1873177 0.4052086 0.4302083 0.4634758 0.6445338 0.5857332 -0.1851726 -0.3001336 -0.3580030 -0.3416415 -0.3414170 -0.1847334 -0.5386723 -0.4586452 -0.5715827 -0.5627556 -0.6318921 -0.4941553 -0.3733789 -0.4682578 -0.4991605 -0.2738028 -0.3963180 -0.3788455 -0.4490847 -0.4887650 -0.4044914 -0.4570002 0.1089033 -0.1684171 -0.4217223 -0.2676851 -0.2691327 -0.2436045 -0.2537740 -0.2910478 -0.1653596 -0.3283709 -0.2684637 -0.3204631 -0.2403871 -0.1662369 -0.2057316 -0.3458375 -0.1298736 -0.2031623 -0.2314035 -0.4095746 -0.3696427 -0.1087233 -0.0388691 0.2354471 0.0612704 -0.2266374 0.2333170 -0.1132789 -0.0348105 0.2723298 0.6575255 -0.1626086 -0.0518527 0.0229832 -0.2140946 -0.2677937 0.0378494 -0.1580429 -0.1942557 0.1522255 0.1586164 -0.2605606 -0.0044166 -0.3004575 -0.3453656 0.2435060 -0.1475984 0.3087156 0.0434303 -0.2237020 -0.0693052 -0.1549544 0.2071555 0.2861604 -0.2156778 0.1722621 0.2882851 -0.1124816 -0.2064945 0.0004453 0.1190746 -0.0847507 0.1700088 0.0169997 -0.0622466 -0.0906887 -0.0889661 -0.0761294 -0.1614472 0.3116499 0.0597077 -0.4919338 -0.1525547 0.3078653 0.4489495 0.2376833 0.1823385 0.4599660 0.0465570 -0.3685127 -0.1220403 -0.0938198 0.0670272 0.3031019 0.4931063 0.3966681 0.0345876 0.0088997 0.2493007 0.0582840 0.1337973 -0.0554061 -0.0963134 0.4300537 0.3497535 0.5832129 0.0926518 0.0918564 -0.3926476 -0.2696788 0.2326843 0.1875039 0.3622597 -0.1104893 0.2953293 0.1411342 -0.1076879 -0.3721588 0.3619077 0.5080779 -0.3223325 0.1358012 0.2504773 -0.1104559 -0.2480896
0.2071910 0.0686798 0.4571360 0.3435303 0.5840244 -0.1807002 0.1274461 0.5818090 0.2487618 0.5270932 0.5575355 0.4285034 0.7295425 0.0000000 0.5675550 0.4618438 0.6773340 0.6802045 0.5379824 0.1049397 0.1732521 0.6725693 0.3150160 0.1707412 0.6922442 0.5246377 0.5526996 0.8003023 0.1832074 0.8822775 0.6463724 0.7162464 -0.0625014 -0.2070033 0.4005648 0.0838792 0.6684762 0.6755451 0.3128222 0.5353782 0.8164602 0.1183463 0.2332660 0.0530588 0.1573708 0.7151443 0.5079488 0.6069679 -0.3752582 0.4901620 0.3712565 0.0890509 -0.1401771 0.0760684 0.5310036 0.5879239 0.6633420 -0.3141128 0.2277193 0.4181810 0.3505147 0.2463641 0.5666620 0.0861099 0.2892575 0.6601937 0.3998676 -0.0834840 0.6772523 0.1233828 0.6778408 0.3279210 0.2146460 0.4932421 0.4941121 0.2671100 0.4649985 0.4973841 0.5897297 0.7451425 0.6569010 -0.3948349 0.1014657 0.0888829 0.1269735 0.1465411 0.0465619 -0.3209927 -0.0574712 -0.1750982 -0.3313242 -0.4106032 -0.1092412 -0.5330898 -0.3014349 -0.2630626 -0.0447425 -0.1173554 -0.2553626 -0.0529518 -0.1789300 -0.0896028 -0.0188897 -0.2507283 -0.0227773 -0.1955123 0.1471553 0.0572884 -0.0198186 0.1854480 -0.0605116 0.2141989 -0.0631815 0.0448400 -0.1452704 0.0540203 0.1844902 -0.0858120 -0.0526332 0.1169331 0.1817899 -0.0060959 -0.1722424 -0.1151038 0.1477697 0.3121455 0.5369285 0.1936790 0.1301973 0.4716185 0.2613481 0.0646371 0.4741808 0.4456074 0.0318959 0.2905501 0.3791158 0.2189660 0.1358385 0.2415800 0.1937889 0.1543285 0.2684886 0.4063366 0.1614512 0.2339710 0.0803696 -0.0852368 0.4915536 0.1488494 0.3133332 0.2753989 0.2036989 0.2578372 -0.0146152 0.3323766 0.3132813 0.1141513 0.4449290 0.4501783 -0.0382385 0.0794296 -0.0347504 0.2855001 0.2783346 0.4647630 0.3755942 0.2728129 0.2906043 0.2908194 0.2716947 0.1892053 0.4081288 0.4775254 -0.0688636 0.0661140 0.2720246 0.3577054 0.0691644 0.2630034 0.1406908 0.2215369 0.1925581 0.4330100 0.3897517 0.4442555 0.6488400 0.6229787 0.4232336 0.1943490 0.1404719 0.4779026 0.2749740 -0.0981471 0.1373990 -0.0953852 -0.0004211 0.1872253 0.7476861 0.3931428 0.0935550 -0.1885019 -0.1742174 -0.0300382 0.1981719 0.2438608 -0.0801032 0.3811306 0.2759502 0.1650490 -0.1021558 0.1587476 0.6709189 0.0616403 -0.2393632 0.5260266 -0.1212001 -0.3573083
0.2671282 0.4794689 0.2780546 0.7075961 -0.0340838 0.4564481 0.3803340 0.5760500 0.7717871 0.6277466 0.6941828 0.7409003 0.3693659 0.5675550 0.0000000 0.7039404 0.6023824 0.8731071 0.5470070 0.3471776 0.1805038 0.4010980 0.4798109 0.7289853 0.5137123 0.5190879 0.4189096 0.5217580 0.5920748 0.5452437 0.4077417 0.2301825 0.4782808 0.4223049 0.3431093 0.0529416 0.2719704 0.2433144 0.4344971 0.3612492 0.3504502 0.3101615 0.4664837 0.3318961 0.4155212 0.2298317 0.2513062 0.0177896 0.2663838 0.1596726 0.3369799 0.4402517 0.3017293 0.3942289 -0.0547173 0.0562210 0.2214711 0.1898627 0.3085441 0.4139293 0.4764112 0.4577845 -0.0103571 0.4320972 0.4051514 0.1181880 0.3559971 0.1851455 0.2737738 0.4225289 0.6136068 0.4121030 0.4083182 0.3504842 0.6527064 0.3633924 0.4394346 0.6287944 0.4794446 0.1521136 0.6363690 -0.1608543 0.2259639 0.3834336 0.1884663 0.1159999 0.0664523 -0.1284899 0.0008231 -0.1228855 -0.0011847 -0.2746643 -0.2024533 -0.1109452 0.2204871 0.0110806 0.0432822 -0.1934353 0.0335693 0.1902107 0.0303327 -0.1060444 0.1165846 0.0858748 0.0921204 0.0703597 0.1443994 0.2578452 -0.0620054 0.1829870 0.0433705 0.0779031 -0.0818844 -0.0227438 -0.0549098 -0.0269644 0.0731426 0.0835467 -0.0545490 0.0425899 0.1837467 -0.1039910 0.0234170 -0.1156899 -0.0361266 0.1640624 -0.0234612 0.2193445 -0.1058811 0.3515096 0.2381097 0.2890482 0.2448852 0.1143086 -0.0011610 0.3713309 0.2088828 0.0873093 0.3127992 0.0398119 0.2198653 0.1797840 0.2438693 0.2643815 0.1041773 0.2668676 0.1944572 0.1237503 0.3849014 0.3556931 0.3926290 0.0438605 0.1596970 0.2456225 -0.1230692 0.2860706 0.5744462 0.0328025 0.5790649 0.2826657 0.0834015 0.1847448 0.0996352 0.2443064 0.2305420 0.2173309 0.2588771 0.3346641 0.1331350 0.3261014 0.3131952 0.3696183 0.5021181 0.2649198 0.0900035 0.0395399 0.0853434 0.1853149 -0.1367006 0.0860390 -0.0660129 0.0468393 0.2418644 0.3421690 0.4294219 0.2715963 0.4374055 0.1811347 0.2906760 0.3329261 -0.0390310 0.3006662 -0.1664762 -0.1367133 -0.0210581 -0.2404931 -0.0026955 -0.2662424 0.0996217 0.1696029 0.0665839 -0.3241022 -0.3202179 -0.3542963 0.1901501 0.3841676 0.0100220 0.5039498 0.2418588 -0.1206996 -0.0328663 0.0540736 0.4831470 0.0648456 -0.0938760 0.3201415 0.1132280 -0.0898759
0.4543004 0.2860882 0.2114696 0.7876606 0.2117701 0.2616999 0.0344513 0.8693469 0.5854278 0.6039680 0.9115132 0.5305906 0.4994389 0.4618438 0.7039404 0.0000000 0.7184739 0.5474720 0.8007556 0.1598128 0.2940316 0.5002271 0.8081963 0.4013643 0.7847675 0.8876682 0.2815074 0.1741357 0.3310288 0.1704923 0.4334680 0.4734451 0.2569663 0.1158670 0.7027263 0.1552027 0.5538559 0.5386431 0.2575472 0.3129462 0.4337214 0.1768093 0.7471619 -0.0637728 0.1388231 0.4655747 0.4909426 0.2476557 0.1071871 0.0137242 0.6504255 0.7589346 0.0966082 0.3654213 0.2443000 0.1989337 0.4686130 0.0789548 -0.0321948 0.6344152 0.2475230 0.6038403 0.2224846 0.4539489 0.4809517 0.3862861 0.5100825 0.1947335 0.4963530 0.5108186 0.7246592 0.4589648 0.5400425 0.5395126 0.8233851 0.5971885 0.5972653 0.7645583 0.6602379 0.4589538 0.7392061 -0.1198001 0.0613860 0.0195755 -0.0072868 -0.0344542 -0.1171647 -0.2784754 -0.1343825 -0.2228996 -0.2865242 -0.4149514 -0.3290598 -0.3257532 -0.1895251 -0.2756380 -0.1296012 -0.1975764 -0.0658075 -0.0655140 -0.0741689 -0.0607267 0.0700211 -0.1618226 -0.1742402 -0.2432992 0.1546725 0.1886955 -0.1095034 0.1151727 -0.1186573 0.2877594 -0.0298483 -0.0035969 -0.0689192 0.0119303 0.0117843 0.0312692 -0.0373097 0.2806578 0.0708809 -0.1885857 0.0206647 -0.1273903 0.1084589 0.1867957 0.0289395 0.0089216 0.0738218 0.1382648 0.0188254 0.0563565 0.3293101 0.2673160 0.0678074 0.1118719 -0.0161360 0.0076126 -0.0739960 0.3708909 0.1436708 0.1547949 0.2223043 0.1442455 -0.1874695 0.0626450 -0.0787481 -0.1529380 0.3356246 0.2272633 0.4051171 -0.2000382 0.0181758 0.1927118 -0.2022222 0.3241505 0.3768882 -0.1298848 0.3939803 0.2897189 -0.0138638 0.1125271 0.0214775 0.2285678 -0.0308823 0.0739769 0.1273898 0.1645022 0.0109694 0.0682534 0.1013565 0.1034489 0.6081287 0.3332074 -0.0795278 -0.0827874 0.1229304 0.0957235 0.1657462 0.2788059 0.2031464 0.2041270 -0.0693743 0.0810432 0.1448943 0.2984082 0.4561150 0.4345289 0.4359016 0.1536832 0.3633514 0.4982876 0.0692242 0.1349347 0.3374412 -0.0230295 0.3059505 0.0474519 0.2596836 0.2756984 0.0617998 -0.4452870 -0.4333184 -0.2074793 -0.0838706 0.4965093 0.2744118 0.2455023 0.1230712 -0.3638884 -0.1654357 0.2527222 0.1468365 -0.3074762 -0.0143849 0.1492109 0.2206206 -0.0225784
0.3787318 0.0550212 0.6169746 0.6053587 0.4321388 0.0626108 -0.0337451 0.7706397 0.3643949 0.5533464 0.7541032 0.4753353 0.7873008 0.6773340 0.6023824 0.7184739 0.0000000 0.5095389 0.5175847 0.3726078 0.4934998 0.4322773 0.6661478 0.3125269 0.5895973 0.6390623 0.6272026 0.2909329 0.3195867 0.3840394 0.5031425 0.5488577 0.2494545 0.0351754 0.5246209 0.2938130 0.5815108 0.4938581 0.3641034 0.3576907 0.4052284 0.1148453 0.5959090 -0.1461169 0.1354617 0.5071774 0.3996733 0.3549309 0.0451159 -0.0351993 0.4031892 0.4856494 0.1549718 -0.0703847 0.2737141 0.2770312 0.4626849 -0.1882044 -0.1576068 0.4390911 0.2001317 0.1708769 0.5109637 0.1905999 0.3617995 0.3732959 0.2278166 -0.2142540 0.5116479 0.0928345 0.5169401 0.2908421 0.0894126 0.3598467 0.4860050 0.2161081 0.4315733 0.4274659 0.4408040 0.5844085 0.6445057 -0.0503663 -0.0814731 -0.1801559 -0.1497369 -0.2481942 -0.2351839 -0.3977424 -0.3857415 -0.3655070 -0.2904921 -0.4149232 -0.3877567 -0.3154754 -0.3096974 -0.4056585 -0.1626267 -0.3155992 -0.3228326 -0.4850753 -0.3676058 -0.2072736 -0.1637013 0.0566953 -0.1436506 -0.3911886 -0.0288885 -0.0180549 -0.1310460 -0.0492914 -0.2200426 0.0827535 -0.2471131 -0.1750050 -0.2027305 -0.1388765 -0.0858927 -0.1231050 -0.1203682 0.1095386 0.0560670 -0.0264517 -0.3206524 -0.1293078 0.0383958 0.2062846 0.0270577 -0.2124821 -0.0178442 0.2698692 -0.0255508 -0.2145596 0.0451012 0.3360790 0.1241760 -0.0380752 -0.0353091 -0.1028116 -0.0875577 0.2340914 0.0458101 0.0566669 0.4425601 0.0854574 -0.2780005 0.0880815 -0.2165655 -0.2228118 0.4751784 0.1462108 0.4485534 -0.1951127 -0.1577027 0.1561153 -0.3190828 0.2570848 0.4811683 -0.2716380 0.5103876 0.3431729 -0.1252945 0.0520177 0.1437099 0.1865634 -0.0768238 -0.0143849 0.1104702 0.2447736 0.0985811 0.0893476 0.0530929 0.1560797 0.2470053 0.0746738 -0.1578327 0.1380679 0.4519767 0.4720824 0.3170081 0.3152318 0.3279138 0.2493915 -0.1695510 -0.0075199 -0.0172748 0.0947085 0.3809002 0.4032264 0.4092944 0.2371590 0.1335184 0.5042025 0.2721257 -0.0042208 0.1433563 -0.0439180 0.2530260 0.2470563 0.4764678 0.3273613 0.2648481 -0.3206247 -0.2869344 -0.0072312 0.3471033 0.4538271 0.1967875 0.1695338 0.1710554 -0.1051790 -0.1429704 0.2534399 0.5150941 -0.2718338 0.1419017 0.1775826 0.1489925 0.0461562
