0.0000000 0.6717511 0.6892899 0.3948683 0.7541046 0.3768969 0.6040949 0.5032178 0.1502784 0.1591095 0.3450852 0.3694233 0.6606876 -0.1248668 0.2213241 0.3310588 0.0690778 0.0634742 0.4614686 0.7089132 0.5004468 0.6842315 0.2347079 0.1940990 0.6816957 0.4230051 -0.1762389 -0.2104308 0.2927147 -0.1638189 0.7940278 0.7507141 0.0393584 0.2252424 0.4095765 0.4648757 0.6068053 0.7478896 0.0366721 -0.0212561 0.7092569 0.4056057 0.2843673 0.2465457 0.2555511 0.5376724 0.3881437 0.7007715 0.2579817 0.5992133 0.3645595 0.1090611 0.3172548 0.1671716 0.6627173 0.6070382 0.5972324 0.2207127 0.6978920 0.2633549 0.5350312 0.1223248 0.5584693 0.2616537 0.3758554 0.6637733 0.2161241 0.1303276 0.4822667 0.2101841 0.2930529 0.4096484 0.1459325 0.4108315 0.4410504 0.1049616 0.4041518 0.1652072 0.2179495 0.4026331 0.3461079 0.1188509 0.0481021 0.2143420 0.3643414 0.2638174 0.2462122 -0.0740539 0.2622215 0.2460390 0.5531333 0.2643500 0.2597343 -0.4070265 0.3461367 0.4779814 0.3545292 0.2686919 0.3033084 -0.1765478 0.4348025 0.3883132 -0.0324327 -0.0942983 0.3701754 0.3663472 0.3492930 0.1872530 0.4108528 0.2969578 0.4837196 0.2425583 0.2233561 0.2839053 0.2810309 0.2188078 0.3183213 0.4092560 0.1710338 0.4440621 0.2979328 0.4339992 0.4941267 0.1141632 0.2230283 0.5756173 0.3218259 0.5280874 0.4403193 0.3023284 0.1862157 0.3704326 0.0897223 0.3043024 0.3172572 0.5492242 0.0476184 0.3881553 -0.0270713 0.4502491 0.4885123 0.4689513 0.7627291 0.5589783 0.1686547 0.6566071 0.1725414 0.1585089 0.3954766 0.4780562 0.4257206 0.5526161 0.3666225 0.4385494 0.5145094 0.6155796 0.6564797 0.4455920 0.5922324 0.6112747 0.4570953 0.6452975 0.4301243 0.6004301 0.5380598 0.4351965 0.3767838 0.3868602 0.5508215 0.7217136 0.5331940 0.5191832 0.6110964 0.6732642 0.7502579 0.6742699 0.5300764 0.4755220 0.4572019 0.3266463 -0.1120170 0.3727093 0.4437689 0.2866607 0.6291174 0.5311630 0.6473009 0.6055177 0.5271828 0.6329047 0.4828412 0.6141965 0.2659503 0.0538058 0.5374151 0.6112344 0.4754165 -0.0447550 0.4243608 0.5057773 0.2467631 -0.2247524 -0.0581184 -0.0373830 0.0515015 0.2982078 0.5967377 0.0795083 0.0306568 0.2674376 0.0114740 -0.0948578 0.3296567 -0.2126382 -0.3591853 0.4201396 -0.0412881 -0.2209598
0.6717511 0.0000000 0.8988208 0.5949094 0.7819419 0.6933106 0.7239287 0.5866546 0.6164972 0.4180506 0.5076412 0.7943313 0.7186851 0.2919134 0.6511961 0.4998367 0.3418034 0.3398753 0.5265093 0.6877953 0.6617906 0.7904636 0.4969983 0.5016114 0.6400756 0.5927400 0.1565279 0.1058342 0.7365997 0.0225125 0.6846606 0.6059409 0.0977592 0.4929560 0.5368983 0.5679583 0.6231307 0.7557795 0.3902645 0.3830211 0.7307061 0.6643938 0.4218337 0.2523582 0.6692837 0.5744925 0.4777046 0.7519233 0.4600460 0.5842060 0.4959977 0.3729624 0.6402025 0.3678389 0.5910718 0.6081171 0.6538645 0.4784527 0.6148359 0.4336247 0.7459218 0.3987903 0.5775614 0.5269679 0.6509014 0.7103168 0.4628310 0.4279006 0.6036147 0.4464699 0.5236716 0.6041469 0.4656425 0.6187224 0.5734736 0.4619892 0.6349060 0.3673390 0.5295037 0.5103222 0.5068565 -0.0061534 0.2744361 0.4269604 0.4473981 0.3829075 0.3921539 -0.1687475 0.3240053 0.2992450 0.3491723 0.1149250 0.4279256 -0.6445721 0.4986948 0.2933899 0.3534112 0.5551333 0.4852783 -0.1687014 0.4831554 0.5355492 0.1826754 -0.2233322 0.2888710 0.4752731 0.3564080 0.3379059 0.1001903 0.3573310 0.4139256 0.1287138 0.2818242 0.4008597 0.4821967 0.3524953 0.3455559 0.5521152 0.1931032 0.5002895 0.4254756 0.4368672 0.1747395 0.2690664 0.5254019 0.4969740 0.4549052 0.2711390 0.5738091 0.5908157 0.5201615 0.4436791 0.3156247 0.6325516 0.3425207 0.2505639 0.3411808 0.5612108 0.2456073 0.3949083 0.4490122 0.3677364 0.5619136 0.5211260 0.5300465 0.3668079 0.4070588 0.2280203 0.3916875 0.3562449 0.2848311 0.7150306 0.5578384 0.3839325 0.3939043 0.4726289 0.3122743 0.6913798 0.4585972 0.3819420 0.3227136 0.6870700 0.4964421 0.2090565 0.6393643 0.6354129 0.4444484 0.4031330 0.4252343 0.6698749 0.6067298 0.5085438 0.1558797 0.3859819 0.6790852 0.5690659 0.3701146 0.0670353 0.2993700 0.1560322 -0.4890117 0.2629692 0.5020706 0.3847213 0.6408632 0.6475564 0.5650924 0.5984253 0.6063074 0.7312316 0.2813593 0.5465699 -0.0031405 -0.0222875 0.4188913 0.4827988 0.4340162 -0.1642614 0.4057143 0.4829623 0.1246785 -0.0992927 0.0415795 0.0823745 0.3104755 0.2995728 0.5160503 0.2551636 0.3365252 0.2547664 0.0664642 -0.1193618 0.4248942 -0.2103204 -0.4248668 0.4969216 0.3816137 0.0603065
0.6892899 0.8988208 0.0000000 0.6221054 0.9320600 0.7141644 0.6457378 0.6743766 0.5156178 0.4949853 0.6389732 0.5762487 0.8494124 0.3385949 0.5580974 0.5915897 0.4399972 0.2533832 0.6060835 0.6618034 0.6270510 0.8070017 0.5743882 0.3208764 0.6981620 0.6820252 0.1936769 -0.0926797 0.6022667 0.0025293 0.7332074 0.7175908 -0.1974682 0.2644941 0.6192705 0.5086684 0.7257746 0.7910559 0.4411545 0.3092249 0.7949564 0.5819413 0.4983767 0.0823301 0.6273764 0.6603360 0.5495211 0.8188193 0.2276771 0.5330015 0.5709297 0.4688282 0.5129172 0.4920203 0.7111499 0.6871830 0.7157909 0.5775631 0.5532139 0.5092002 0.7452854 0.4985396 0.6544639 0.6193305 0.7255197 0.8172397 0.5378968 0.5525707 0.6184140 0.5381466 0.5793451 0.6575759 0.5736641 0.7232482 0.6319019 0.4984758 0.6726834 0.3837254 0.5648884 0.5646256 0.5912233 -0.1369209 0.1124598 0.2887471 0.3262594 0.2848029 0.1948828 -0.3008146 0.2764203 0.2555680 0.2424803 -0.0896861 0.1892909 -0.6483711 0.4084584 0.1499324 0.2110781 0.2807631 0.3855469 -0.3677638 0.4297021 0.3663620 -0.0116510 -0.3351054 0.2048833 0.2984056 0.2861980 0.1320164 0.2002009 0.2546874 0.2537640 0.0546439 0.1139343 0.2432806 0.3513155 0.1967246 0.2291621 0.4364700 0.0318750 0.4266862 0.3141585 0.3286675 0.1729780 0.0964247 0.3635452 0.5407840 0.2771172 0.2112843 0.5704523 0.4066231 0.3960539 0.3066891 0.1283574 0.4360747 0.2980430 0.2206115 0.2796492 0.5952783 0.1929141 0.4263253 0.4177460 0.4239850 0.6423975 0.4988529 0.4356768 0.3911683 0.3705219 0.2490620 0.3416934 0.3574786 0.2819841 0.6859968 0.5386514 0.3235350 0.3732919 0.5574591 0.3733321 0.6011151 0.4489285 0.4964159 0.3200380 0.7148771 0.4451183 0.3365438 0.5862199 0.5485993 0.2634137 0.2918064 0.3732757 0.6579653 0.5017664 0.3903657 0.2979344 0.4198018 0.6265366 0.5530693 0.4251715 0.1350609 0.3875516 0.2191417 -0.5088719 0.2436298 0.3867448 0.2509892 0.5687245 0.7580380 0.6856149 0.7730322 0.7338670 0.7082377 0.2829980 0.5341789 0.1207872 0.0294278 0.4616261 0.5380563 0.4457970 -0.1291930 0.5301812 0.5216326 0.1457860 -0.1711258 -0.0557555 -0.0973786 0.3272507 0.4533794 0.5370462 0.1086336 0.2891890 0.3256714 -0.0269975 -0.2098877 0.5445489 -0.2338129 -0.5276929 0.4964642 0.3194426 -0.0799228
0.3948683 0.5949094 0.6221054 0.0000000 0.5030734 0.9502487 0.4966134 0.9502267 0.8423681 0.9449744 0.9444264 0.5058090 0.8259067 0.7918104 0.6062805 0.9346025 0.8759475 0.0494341 0.9206884 0.2333559 0.2835680 0.8089191 0.9298309 0.4655371 0.8162689 0.9382100 0.6830469 -0.0783535 0.5489930 0.6040249 0.5313117 0.5515401 -0.0769819 0.3827295 0.9090876 0.0897753 0.8693409 0.6888219 0.9081715 0.6646550 0.5428965 0.2864499 0.8667221 0.1488153 0.6712210 0.8907721 0.9028871 0.5320400 0.2812936 0.6111402 0.9125164 0.8453353 0.6755063 0.8415930 0.6334414 0.7951665 0.8108254 0.7973903 0.1875061 0.8885601 0.5575800 0.8866002 0.7501923 0.8883027 0.8166536 0.6313290 0.9024437 0.8676166 0.7711285 0.9072980 0.9076399 0.9241749 0.8751014 0.9071114 0.7993752 0.8845657 0.9085078 0.8501635 0.8800863 0.6887500 0.7934303 -0.1761522 -0.0455690 0.0825349 0.1369766 -0.0014907 -0.0490129 -0.1851460 -0.0321497 -0.0233866 0.0568534 -0.2313064 -0.1550501 -0.3957656 0.0948603 -0.1106151 -0.2122161 0.0253763 0.0469083 -0.3467377 0.0525567 0.0563525 -0.1083308 -0.2965226 -0.1902243 -0.0150081 0.0972284 0.0529263 -0.0850501 0.1192417 -0.0678370 0.0465675 0.0514887 0.1291594 0.3186412 0.1507048 0.2578963 0.4068740 0.2951109 0.2990616 0.3608971 0.1938993 -0.2528140 0.5057929 0.4852343 0.2221331 0.3587358 -0.1381741 0.3875577 0.5544290 0.4972301 -0.1505143 0.2497972 0.4154044 -0.2430254 -0.0524438 0.3027166 0.3136909 0.1824276 0.1568290 0.1235644 0.0986276 0.0454226 -0.0027680 0.4031173 0.0950296 0.3796360 0.1765004 -0.0942585 -0.0027042 -0.0436126 0.3171251 0.4722601 -0.0500732 0.0987716 0.0760319 -0.0811886 0.4746878 -0.1464552 0.0101392 -0.0048088 0.3097251 -0.0755440 -0.0886404 0.3440315 0.3769986 -0.0316473 0.0238542 0.0989200 0.3342962 0.3176133 0.1898634 0.0455622 0.1703867 0.2335408 0.3276164 0.3166581 0.1794277 0.0986279 -0.1804195 -0.4758103 -0.1746312 0.0897627 -0.1939018 0.1810545 0.5521313 0.1876742 0.4857829 0.8510827 0.7148536 -0.2489457 0.5296875 0.4717844 -0.1226915 0.2016300 0.3197887 0.2380718 0.3533969 0.5131520 0.2051662 0.1468303 -0.3943747 -0.2144676 0.0036978 0.0167695 0.2875693 0.3046253 0.3724849 0.0530868 0.0652598 -0.2158989 -0.0419613 -0.0162549 -0.4088140 -0.3729850 0.0213455 0.3818880 -0.1110512
0.7541046 0.7819419 0.9320600 0.5030734 0.0000000 0.5584062 0.5171041 0.6060051 0.2904349 0.3566520 0.5421867 0.3698187 0.8000470 0.1802528 0.3749500 0.5108045 0.3126327 0.2651001 0.5578272 0.6724854 0.4914717 0.7088435 0.4747962 0.1626757 0.6480954 0.6076752 0.0748988 -0.1198262 0.3957162 -0.0969621 0.7580774 0.7063294 -0.2228153 0.1096177 0.5841087 0.4093759 0.6916531 0.7612240 0.3029545 0.2130264 0.8070169 0.4303728 0.4709616 0.1226090 0.4209628 0.6436099 0.5112352 0.8264508 0.1543472 0.5176136 0.5214354 0.3944526 0.3186006 0.4226292 0.7835897 0.6767326 0.7050794 0.4406550 0.4578022 0.4389546 0.6008217 0.4012696 0.5844688 0.4644206 0.5483927 0.8590208 0.4242013 0.4162435 0.5426275 0.3848351 0.4744472 0.5018462 0.4219217 0.5838738 0.5435785 0.3212672 0.5069500 0.2406973 0.3817547 0.4391981 0.4587579 -0.1199545 0.0206907 0.2363248 0.3244556 0.2810013 0.1757259 -0.2923386 0.3090217 0.2570995 0.2565336 -0.0309073 0.1400382 -0.6088168 0.3157307 0.2520138 0.3167319 0.1906715 0.3052738 -0.4609662 0.3750115 0.3575407 -0.0965265 -0.3159236 0.2920822 0.2629025 0.2869400 0.0282273 0.2983430 0.1815387 0.2575752 0.0022464 -0.0124923 0.1654966 0.2114149 0.1218832 0.1820145 0.3231404 -0.0640648 0.3974231 0.2691152 0.3252623 0.2444273 -0.0019283 0.2567467 0.4736341 0.2115151 0.2904878 0.5158838 0.2940676 0.2783678 0.2984429 0.0952128 0.3213682 0.3180018 0.2947350 0.2124299 0.5062500 0.0994949 0.3784954 0.3810649 0.3910921 0.6702906 0.4955296 0.3184635 0.4083100 0.2630284 0.1771131 0.3177244 0.3346598 0.2634740 0.6179321 0.4338274 0.3010164 0.3414151 0.5933425 0.4491153 0.4825795 0.4992710 0.5154389 0.3058119 0.6453072 0.3642443 0.4260834 0.5050975 0.4543023 0.2443836 0.2718589 0.3726247 0.6167806 0.4415230 0.3453456 0.4632188 0.5224322 0.6015069 0.5326830 0.3866586 0.2249632 0.3795743 0.2315309 -0.3909684 0.1916916 0.2394442 0.0971685 0.4820838 0.6422132 0.6445239 0.7428342 0.6318115 0.6094629 0.3373151 0.4947665 0.2260497 0.0365081 0.3937726 0.5150409 0.3978176 -0.1539026 0.4749257 0.4650151 0.2051554 -0.1042517 -0.0370154 -0.1461117 0.2423411 0.3993737 0.5558106 0.0949121 0.2669338 0.3265488 -0.0385857 -0.2410865 0.5439806 -0.2404795 -0.4972206 0.5038924 0.1171127 -0.1187528
0.3768969 0.6933106 0.7141644 0.9502487 0.5584062 0.0000000 0.6352173 0.8961131 0.8830121 0.9163157 0.9230787 0.6037110 0.7994520 0.8155957 0.7058940 0.8785914 0.8701872 0.1392844 0.8483596 0.2066518 0.4559855 0.7747718 0.8880438 0.5059606 0.7535896 0.8728316 0.6908173 -0.0149153 0.6922947 0.5314550 0.5087258 0.4990342 -0.0860577 0.4493088 0.8443062 0.2665299 0.8008845 0.6361335 0.8764510 0.6417779 0.4759049 0.4662107 0.7984946 0.1037633 0.7996307 0.8050528 0.8208331 0.4949203 0.3390726 0.5274075 0.8579566 0.8225866 0.7550197 0.8437584 0.5592472 0.7224055 0.7411400 0.8686597 0.3025695 0.8380044 0.7035240 0.8667114 0.7349160 0.9374385 0.8877994 0.6051886 0.8840482 0.8994973 0.7348332 0.9199414 0.8658511 0.9555941 0.9088588 0.9475880 0.7479169 0.9241854 0.9461060 0.8268197 0.9304580 0.7568526 0.8318184 -0.1604668 0.0946747 0.1972410 0.1934195 0.1109137 0.0438971 -0.2663279 0.0511535 0.0619673 0.0151827 -0.2852526 -0.1234536 -0.5387055 0.1426853 -0.1616317 -0.1854415 0.0465631 0.1523894 -0.3783042 0.1495086 0.1250473 -0.0193164 -0.3621241 -0.2093327 0.0268460 0.1446586 0.1211997 -0.1045567 0.1703485 -0.0553966 0.0658392 0.0785141 0.1557683 0.3766616 0.1882720 0.2472957 0.4436514 0.2660767 0.3083133 0.3360923 0.2101945 -0.2156921 0.4366534 0.4771769 0.3187746 0.3057770 -0.1110133 0.3968578 0.5267588 0.4768953 -0.0442113 0.1616107 0.4826586 -0.0953198 -0.0626036 0.2611462 0.3561258 0.1395054 0.2241029 0.1893541 0.1175171 0.1268880 0.1097682 0.4496961 0.0758886 0.3575165 0.1661735 0.0144329 0.0534492 0.0364466 0.4370925 0.4647314 0.0062850 0.0775397 0.1122302 -0.0393877 0.4951160 -0.0482952 0.0513315 -0.0306810 0.3795240 0.0085606 -0.0587964 0.3529542 0.4334375 0.0628312 0.1136202 0.1899547 0.3944352 0.3617942 0.2554512 -0.0666438 0.1187174 0.3746014 0.4184326 0.4087408 0.1688670 0.2176925 -0.0087566 -0.5620225 -0.0308746 0.2474749 -0.0481228 0.2802153 0.6788617 0.3075949 0.5809468 0.8951131 0.8145431 -0.1551435 0.6116404 0.4031092 0.0131949 0.3079849 0.4262057 0.3612052 0.3041152 0.5836639 0.2984140 0.1160900 -0.3515520 -0.1711788 0.0731829 0.0563817 0.3618525 0.2843408 0.3168317 0.1686372 0.1580517 -0.1861961 -0.0311414 0.1062853 -0.3158868 -0.3815067 0.0413650 0.4864523 -0.0571663
0.6040949 0.7239287 0.6457378 0.4966134 0.5171041 0.6352173 0.0000000 0.4708793 0.5684702 0.3900443 0.4086702 0.6840758 0.5087032 0.2365374 0.5049504 0.3401369 0.3728823 0.0971444 0.3787670 0.3347620 0.7785002 0.6448302 0.3956494 0.4795333 0.5931356 0.3683036 0.1515761 -0.0226733 0.6834060 0.0131246 0.4535852 0.6221233 0.2215782 0.5696547 0.4415828 0.6458979 0.5233866 0.5957771 0.3396183 0.3134127 0.4064491 0.6295514 0.3722044 0.2843513 0.6699898 0.4403982 0.4027434 0.4745814 0.5070622 0.5072920 0.4670905 0.3384709 0.6731802 0.3738031 0.4422459 0.5052913 0.4667150 0.5097478 0.7851011 0.4576889 0.7841592 0.3767397 0.5766937 0.5330325 0.6661854 0.4431156 0.4769734 0.4142018 0.5158419 0.5067538 0.4600098 0.6736243 0.4961048 0.6433669 0.4128115 0.5157717 0.6932894 0.4265914 0.5882724 0.8416590 0.6363870 0.2296334 0.3655200 0.3116604 0.2358863 0.2234775 0.2989000 -0.3011037 0.1663080 0.1803927 0.3074582 -0.0215553 0.0443695 -0.5932446 0.2401978 0.1408185 -0.0017530 0.1286622 0.2274861 -0.2072373 0.3385820 0.1640021 0.0008187 -0.2610468 -0.0321587 0.2118740 0.1276151 0.2459378 -0.0275276 0.2029174 0.2501838 0.1273703 0.2648929 0.1400866 0.3391706 0.1686227 0.1923284 0.3888291 0.1600196 0.2160043 0.0960848 0.2506671 0.2510930 0.1002016 0.1615318 0.6654509 0.1500502 0.2173427 0.4405412 0.2346512 0.1260899 0.1447601 -0.0951025 0.4245020 0.1537810 0.1427189 -0.1284452 0.4589617 -0.1584392 0.5428544 0.2889111 0.3635889 0.4473339 0.4300532 0.2357388 0.2312361 0.0601529 -0.0826793 0.2161717 0.3827003 0.4339244 0.4602140 0.2422203 0.1816939 0.1277109 0.2159413 0.3739554 0.3236176 0.3430950 0.4166669 0.0942043 0.5157009 0.2358212 0.3273974 0.3065004 0.3336198 0.3290255 0.2323758 0.4833695 0.5651407 0.3846494 0.4121455 -0.0152215 0.2629369 0.8503356 0.8491211 0.8089932 0.4848493 0.6457742 0.4688567 -0.2642796 0.4441377 0.6579223 0.4681475 0.5898005 0.7931258 0.6493977 0.7393719 0.7009051 0.8756710 0.3781021 0.8678312 0.3055465 0.2745184 0.6847693 0.8088605 0.7734922 0.2832803 0.7728924 0.6624574 0.1970136 -0.2486592 0.0136325 0.3204105 0.0969263 0.5655747 0.4133420 0.1716420 0.2257909 0.5218331 0.1108778 0.2735980 0.4835279 0.1879996 -0.1071838 0.1293691 0.3938892 0.0032583
0.5032178 0.5866546 0.6743766 0.9502267 0.6060051 0.8961131 0.4708793 0.0000000 0.7463315 0.9008919 0.9605842 0.4432717 0.9146369 0.6957570 0.5631353 0.9572493 0.8208511 -0.0310635 0.9826926 0.3014653 0.3959300 0.8405394 0.9063935 0.3621153 0.9007322 0.9366464 0.6565253 -0.2067786 0.5265356 0.5460911 0.6126764 0.6610217 -0.1728514 0.2791895 0.9136897 0.1985789 0.9270341 0.7726289 0.8197893 0.5470747 0.5616909 0.3546919 0.8397602 0.1030431 0.6854698 0.9479638 0.9324129 0.6108416 0.1694239 0.7059185 0.9078344 0.7829590 0.5926779 0.8136568 0.7598972 0.8531911 0.8856673 0.7786600 0.2586488 0.8626852 0.6270255 0.8246337 0.7304802 0.8506905 0.8270939 0.7568521 0.8748726 0.8281157 0.7711373 0.8542909 0.9226586 0.8851677 0.8231732 0.8956248 0.8671723 0.8085757 0.8509347 0.8357909 0.8543400 0.6461778 0.8034655 -0.1340056 -0.0913786 0.0475272 0.1609094 -0.0072011 -0.0866572 -0.1966118 0.0127189 0.0314134 0.0801763 -0.2395374 -0.1962664 -0.4506899 0.0698924 -0.0774189 -0.1875566 -0.0328945 0.0492249 -0.4632258 0.0850519 0.0748378 -0.1871170 -0.3521411 -0.1577766 -0.0065456 0.1312765 0.0151271 0.0215599 0.1353972 -0.0218519 0.0301454 0.0130403 0.0719041 0.1975367 0.0404987 0.1781554 0.3137887 0.1835842 0.2570358 0.2837522 0.1225426 -0.1386832 0.4324660 0.3963344 0.3972626 0.2509372 -0.0869069 0.5076300 0.5009591 0.4692823 -0.0991853 0.1336451 0.4457775 -0.1851461 0.0355110 0.3382433 0.4247332 0.2261731 0.3309999 0.1676178 0.2913175 0.1653991 0.1546935 0.4417862 0.1837102 0.4158456 0.2456577 -0.0501372 0.1747402 0.1154921 0.4229952 0.5193449 -0.0159220 0.1155387 0.2718130 0.0378222 0.4820287 -0.0607400 0.1957493 -0.0277417 0.4048206 0.0024754 0.1295350 0.3461365 0.3789345 -0.0644301 0.0166696 0.1165846 0.3868286 0.2818735 0.1551081 0.1332873 0.1886215 0.2393809 0.3870774 0.4033897 0.1539351 0.2268639 -0.0781065 -0.5312559 -0.0642528 0.1055568 -0.1463111 0.2531597 0.6361452 0.2900653 0.5259939 0.8349975 0.6813369 -0.1486299 0.5030586 0.4681687 -0.1947359 0.3472558 0.4175789 0.3094211 0.2887885 0.5390832 0.3639167 0.2082821 -0.4281234 -0.2167192 -0.0764671 0.0004719 0.3218137 0.4391633 0.3138079 0.0831525 0.1008544 -0.1901014 0.0108592 0.0893441 -0.4037279 -0.3800495 0.1501421 0.3613007 -0.1356039
0.1502784 0.6164972 0.5156178 0.8423681 0.2904349 0.8830121 0.5684702 0.7463315 0.0000000 0.8250447 0.7564948 0.7811635 0.6084615 0.7840740 0.8334111 0.7860986 0.7686025 0.1712604 0.7277867 0.1028260 0.4261488 0.6746763 0.8139624 0.7215359 0.6590064 0.7439818 0.7369456 0.1693149 0.8383679 0.5283117 0.2761674 0.3918089 0.2359842 0.6838244 0.7000165 0.1783003 0.6617077 0.5551802 0.8499457 0.7672336 0.3564141 0.4341455 0.7013436 0.3296532 0.8816920 0.6812357 0.7081676 0.4220805 0.5629693 0.5437621 0.7405278 0.7473835 0.8772830 0.7619773 0.4311555 0.6059539 0.6191507 0.7779334 0.1871334 0.7573301 0.5930729 0.7948977 0.5997944 0.8156016 0.8246463 0.4520278 0.8179519 0.8111535 0.6552952 0.8249866 0.8099247 0.8564587 0.8441643 0.8041972 0.6836592 0.8967786 0.8503655 0.7929322 0.8969528 0.6770127 0.7062426 -0.0212200 0.2307334 0.2810088 0.2197237 0.1093197 0.0659899 -0.0986481 0.0799516 0.1036625 -0.0141703 -0.2524152 -0.0887406 -0.4050854 0.2113491 -0.1557063 -0.2344464 0.0957538 0.1896797 -0.1932343 0.1193247 0.0931388 0.0631088 -0.2283931 -0.2646685 0.0825786 0.1050236 0.2301601 -0.3248909 0.2124586 -0.0144413 0.1224409 0.2074802 0.1801221 0.4039330 0.2126636 0.2073483 0.3919362 0.3095923 0.2031312 0.3000280 0.1454297 -0.3845144 0.5082937 0.4995795 0.2486275 0.3508818 -0.3073397 0.4139776 0.5925143 0.5515919 -0.1301416 0.2440382 0.4982480 -0.2078968 -0.2527960 0.3762211 0.3371060 0.2764830 0.1523949 0.0136169 0.0876834 -0.1429862 0.0145097 0.5285426 -0.0505763 0.4239290 0.1744925 -0.1094903 0.0072346 -0.0730555 0.3422185 0.4669616 -0.1209704 -0.0251211 -0.0266503 -0.2899613 0.4931532 -0.2430482 -0.1223851 -0.1076695 0.2353735 0.0527037 -0.2621636 0.2884448 0.4016539 0.0167523 0.0059398 0.0270711 0.2009852 0.2582990 0.1574751 -0.2599605 -0.0062662 0.2236304 0.2823950 0.2831985 0.0185662 0.0373992 -0.2055216 -0.4796283 -0.1794762 0.1534556 -0.0477622 0.1293345 0.5441799 0.1217268 0.3809386 0.6890749 0.6541836 -0.3316668 0.3967100 0.1526253 -0.2073318 0.1869301 0.2139693 0.2235225 0.1838726 0.4253543 0.2427353 0.0765242 -0.2891785 -0.0988560 0.0502766 0.0443090 0.1713718 0.1584078 0.3625348 0.2274134 0.0053701 -0.1110768 -0.0044288 0.0003537 -0.2646974 -0.3069075 0.0304761 0.7099659 0.0918512
0.1591095 0.4180506 0.4949853 0.9449744 0.3566520 0.9163157 0.3900443 0.9008919 0.8250447 0.0000000 0.9482156 0.3912160 0.7390688 0.9071730 0.5422988 0.9118184 0.9769383 -0.0269912 0.8677159 0.0159987 0.2377059 0.6674928 0.9272110 0.3532179 0.6830401 0.8549438 0.8234982 -0.1225080 0.4860603 0.7354201 0.3578664 0.3961994 -0.2243460 0.2362222 0.8451175 0.0303005 0.7591291 0.5144910 0.9552028 0.6486694 0.3267738 0.2636560 0.8339512 -0.0142163 0.6854204 0.8038824 0.8649210 0.3338391 0.1279893 0.4763512 0.8722587 0.8687854 0.5784690 0.8888519 0.5004702 0.6718313 0.7040659 0.8638727 0.0419769 0.8804567 0.5399460 0.9209972 0.6487606 0.9290538 0.8319020 0.5114963 0.9185280 0.9416597 0.6903491 0.9562690 0.9142257 0.8955440 0.9306981 0.9125373 0.7556474 0.9390259 0.8706858 0.8966617 0.9311604 0.6745567 0.8187105 -0.2103425 -0.0543932 0.0320046 0.0343127 -0.1079917 -0.1382438 -0.1878303 -0.1198278 -0.0908261 -0.1032221 -0.3758698 -0.3022343 -0.3084017 -0.0420057 -0.2897704 -0.3991109 -0.1282088 -0.0400220 -0.3817878 -0.0578861 -0.0855253 -0.1681841 -0.3207594 -0.3543476 -0.1363356 -0.0100986 -0.0131930 -0.1617316 0.0591296 -0.2556482 -0.0658624 -0.0402493 0.0592374 0.2551025 0.0973726 0.2122959 0.3247081 0.2765188 0.2035424 0.2943494 0.0995322 -0.4106172 0.4693067 0.4304568 0.1521726 0.2485051 -0.3466484 0.3616715 0.4633498 0.4793780 -0.3092164 0.1797042 0.3098218 -0.3254183 -0.2570433 0.3248021 0.3402139 0.2302618 0.1208691 -0.0032949 0.0710274 -0.1254571 -0.1273537 0.4339397 -0.1172595 0.4079070 0.2082191 -0.1865949 -0.0381232 -0.0884771 0.1948374 0.4640844 -0.1954961 -0.0892142 -0.0843536 -0.2236397 0.3766936 -0.2962019 -0.0763214 -0.2088350 0.2378550 -0.2517055 -0.1705916 0.2013860 0.2610438 -0.1811481 -0.0892773 -0.0094203 0.1964023 0.1689892 0.0500926 -0.1760625 -0.0470382 0.0386803 0.1847136 0.2793057 0.0693989 0.0864447 -0.1713897 -0.5218781 -0.2344411 -0.0043491 -0.2700251 0.0253988 0.5691936 0.1029355 0.4421057 0.8119106 0.5954534 -0.3284157 0.4208033 0.5074642 -0.0895734 0.1689087 0.2626930 0.1951308 0.4674068 0.5308972 0.1420442 0.0331600 -0.4179957 -0.3090164 -0.0421364 -0.0030158 0.3173848 0.2087183 0.3025116 0.0002868 0.0575499 -0.3064752 0.0360973 -0.0088558 -0.2864378 -0.2418913 -0.1330729 0.4616470 -0.0180471
0.3450852 0.5076412 0.6389732 0.9444264 0.5421867 0.9230787 0.4086702 0.9605842 0.7564948 0.9482156 0.0000000 0.3865258 0.8493859 0.8290704 0.5910101 0.9675241 0.8967318 -0.0058552 0.9299167 0.1841634 0.3041272 0.7376701 0.9383233 0.3060437 0.7804811 0.9290836 0.7531406 -0.1604822 0.5072989 0.6162522 0.5064333 0.5138779 -0.2737413 0.2176156 0.8968198 0.1256207 0.8474215 0.6301031 0.8891980 0.5562275 0.4585558 0.3420661 0.8469751 0.0028802 0.6837360 0.8803401 0.8912934 0.4978884 0.1195429 0.5540482 0.8899596 0.8443814 0.5793172 0.8888762 0.6407685 0.7748351 0.8029038 0.8755249 0.1508639 0.8631293 0.5717007 0.8962308 0.7022625 0.9364674 0.8370225 0.6703363 0.8984269 0.9250695 0.7201791 0.9352420 0.9059332 0.8997716 0.9045868 0.9249455 0.8071536 0.8888018 0.8686921 0.8393477 0.8962426 0.6271589 0.7854068 -0.1977793 -0.0949524 0.0367874 0.1245354 -0.0054781 -0.1297901 -0.1855915 -0.0113414 0.0146538 -0.0454572 -0.3596559 -0.2658306 -0.3671453 0.0250675 -0.2192757 -0.2839370 -0.0986992 0.0656019 -0.4354239 0.0722092 0.0243431 -0.1514977 -0.3127218 -0.2324057 -0.0787194 0.1311430 -0.0108368 0.0027271 0.1534792 -0.1266174 0.0507680 -0.0259753 0.0829002 0.2446125 0.0799984 0.2063431 0.3482398 0.2202405 0.2676190 0.3098260 0.1107811 -0.2639592 0.4302391 0.4174184 0.3154408 0.2041335 -0.1793850 0.4302713 0.4464918 0.4720804 -0.1496563 0.0919469 0.3828150 -0.1836598 -0.0385910 0.3437848 0.3664977 0.2536028 0.2442972 0.1528613 0.2040014 0.0745598 0.0717470 0.4487807 0.1272138 0.4347098 0.2794111 -0.0639972 0.0891590 0.0407858 0.3697160 0.5079128 -0.0376143 0.0720363 0.1716650 -0.0830958 0.4602747 -0.1638408 0.0747926 -0.0663294 0.3351077 -0.0917450 -0.0124003 0.3080306 0.3807418 -0.1208273 -0.0140564 0.0399452 0.2961117 0.2415935 0.1099832 0.0268190 0.0855575 0.1671417 0.2508333 0.3069723 0.1468647 0.1351764 -0.0848960 -0.4936227 -0.1371898 0.0647256 -0.2024713 0.1465745 0.6107448 0.2011931 0.4900425 0.8452881 0.6398887 -0.2388188 0.4380994 0.4569541 -0.1360577 0.2879533 0.3498970 0.2771482 0.2954574 0.4998277 0.2853794 0.1178987 -0.4271185 -0.2791283 -0.1380513 0.0777397 0.3211990 0.3600083 0.2641741 0.0433103 0.0376966 -0.2799949 -0.0595296 0.0530546 -0.4003470 -0.3616206 0.0253898 0.3810726 -0.0945148
0.3694233 0.7943313 0.5762487 0.5058090 0.3698187 0.6037110 0.6840758 0.4432717 0.7811635 0.3912160 0.3865258 0.0000000 0.4832524 0.3695304 0.8351537 0.4445040 0.3179050 0.3956629 0.4110267 0.4426848 0.6342121 0.6579894 0.4694131 0.7515386 0.5195889 0.4475023 0.3860173 0.4144880 0.8830639 0.2085831 0.4020071 0.4165434 0.4555193 0.7367310 0.4030310 0.5127306 0.4546119 0.6116910 0.4365455 0.5224291 0.4689480 0.7049702 0.3797580 0.5264900 0.8131951 0.4578760 0.4030643 0.5679720 0.7173931 0.5949860 0.4196524 0.3524285 0.7838433 0.3896446 0.3987000 0.5065512 0.5294438 0.5083842 0.5221443 0.4015818 0.6552163 0.4049650 0.5369780 0.4900331 0.5869208 0.4982029 0.4521371 0.4425155 0.5896994 0.4678029 0.4958724 0.5397416 0.4810882 0.5041920 0.5540894 0.5501355 0.5658398 0.4475453 0.5910765 0.4640660 0.4347816 0.2734647 0.5349932 0.6073261 0.5597015 0.4990241 0.4650068 0.1027126 0.4362866 0.4137525 0.3366854 0.1140723 0.3532311 -0.4104746 0.5652863 0.2531690 0.2129413 0.5069056 0.5614075 0.0695709 0.5131296 0.5141365 0.4075496 0.0171661 0.1509036 0.5358061 0.4238415 0.5813095 -0.1449112 0.5359555 0.4605315 0.3777916 0.5199026 0.5076701 0.6327317 0.4875217 0.4124010 0.5962470 0.4227139 0.4108554 0.4591576 0.4411661 -0.0479389 0.5006478 0.6011442 0.4366608 0.5495272 0.0175601 0.5385191 0.7110132 0.6406835 0.3090306 0.3818735 0.6703703 0.1734206 0.0293500 0.4698188 0.4841446 0.3845619 0.2977518 0.2679810 0.2822179 0.1826019 0.3027348 0.6194972 0.2619645 0.5054380 0.2790701 0.2504954 0.2618203 0.1111288 0.5264633 0.5677474 0.2449778 0.2685233 0.1885215 -0.0072631 0.6763014 0.1806746 0.0796903 0.2490973 0.4907883 0.4641126 -0.0661975 0.5507440 0.6352952 0.3990671 0.3226190 0.2593084 0.4483120 0.5212386 0.4502605 -0.1366834 0.2824424 0.5157315 0.3824968 0.2967013 0.0322395 0.1275818 0.0257249 -0.3260833 0.1266612 0.4759347 0.3693322 0.4287458 0.5199191 0.3309483 0.3747058 0.4026277 0.5561358 0.0907126 0.3215207 -0.2015050 -0.1777767 0.3622989 0.3239146 0.3642436 -0.1915793 0.2612753 0.4138899 0.0791125 -0.0215793 0.1193206 0.0649598 0.1860947 0.0669646 0.3707571 0.2946550 0.3918697 0.1006894 0.1387302 -0.0427430 0.1831947 -0.1627992 -0.2980813 0.3566940 0.7033642 0.2728883
0.6606876 0.7186851 0.8494124 0.8259067 0.8000470 0.7994520 0.5087032 0.9146369 0.6084615 0.7390688 0.8493859 0.4832524 0.0000000 0.5178200 0.5049510 0.8426947 0.6592021 0.0976567 0.8851911 0.5500603 0.5270589 0.9298323 0.7988211 0.2981311 0.8864586 0.8779897 0.4706077 -0.1664158 0.4960860 0.3714042 0.7805831 0.7731751 -0.2600885 0.1694282 0.8427296 0.3692192 0.9143099 0.8862998 0.6545891 0.4301071 0.7456889 0.4707202 0.7455730 0.0906552 0.6411221 0.9094793 0.8486854 0.7861533 0.0942711 0.7246539 0.8213419 0.6603641 0.4692304 0.6791713 0.8419833 0.8837866 0.9186584 0.6822391 0.4227563 0.7545780 0.7072865 0.7035008 0.8051522 0.7260778 0.7643310 0.8976927 0.7625673 0.7170762 0.8238727 0.7159352 0.8414962 0.7603470 0.7213246 0.8170720 0.9059820 0.6559913 0.7381580 0.7049944 0.7312033 0.5809864 0.7755936 -0.1518608 -0.0489536 0.1457173 0.2553441 0.1352363 0.0476865 -0.1959891 0.1393360 0.1228860 0.2574388 -0.1183641 -0.0272443 -0.5305636 0.2651353 0.0898558 0.0225460 0.1201202 0.1722276 -0.4592345 0.2536234 0.2401190 -0.0931601 -0.3651672 0.0539452 0.1606348 0.2237693 0.0785587 0.1355589 0.2042352 0.1361998 0.0546109 0.0528913 0.1581858 0.2649852 0.1039848 0.2157018 0.3636499 0.1356571 0.3340015 0.3203188 0.2423806 0.0552665 0.3468902 0.3844208 0.4994528 0.3364204 0.0578904 0.5870294 0.5350597 0.4858226 0.0947714 0.2091730 0.4712999 0.0079358 0.1415709 0.3876137 0.5900260 0.2776147 0.3855539 0.2944231 0.4100473 0.4432479 0.2608001 0.4558618 0.3249912 0.4559621 0.3162934 0.1278439 0.2750488 0.1520564 0.5053816 0.5869792 0.1565650 0.2849354 0.4175528 0.2450456 0.5556845 0.2191512 0.3693134 0.2031756 0.6032226 0.2284673 0.2927982 0.4950039 0.4568770 0.0551253 0.1438908 0.2288468 0.5604755 0.4046858 0.2480279 0.2803997 0.4045354 0.3670530 0.4495671 0.4516935 0.1238316 0.3501690 0.0883003 -0.5535532 0.1030585 0.2263092 0.0118304 0.4204735 0.7087863 0.5556406 0.6928612 0.7806561 0.6358046 0.1156383 0.4733118 0.3200947 -0.0813690 0.4563275 0.5233913 0.3839996 0.1061126 0.5489565 0.4657315 0.2850980 -0.2351100 -0.0808509 -0.1002304 0.1048506 0.4136877 0.5934865 0.2723909 0.2373600 0.2894984 -0.0375027 -0.0695691 0.3231298 -0.3638325 -0.4702954 0.4317580 0.3888897 -0.0871047
-0.1248668 0.2919134 0.3385949 0.7918104 0.1802528 0.8155957 0.2365374 0.6957570 0.7840740 0.9071730 0.8290704 0.3695304 0.5178200 0.0000000 0.5789782 0.7972833 0.9280470 0.1354830 0.6645593 -0.1284650 0.0765850 0.4273802 0.8584196 0.2898673 0.3889346 0.7155948 0.9061535 0.1440303 0.4684864 0.7797161 0.1485377 0.0613164 -0.2210858 0.1938058 0.7059491 -0.0757725 0.5097030 0.2378379 0.9338080 0.6634884 0.1083992 0.2478018 0.7517599 -0.0441876 0.6305068 0.5958816 0.6968774 0.1222657 0.1445966 0.2743916 0.7324155 0.8486365 0.5221116 0.8772306 0.2694121 0.4690447 0.5078780 0.8671415 -0.1645938 0.7630449 0.3742671 0.9032674 0.5034373 0.8841234 0.6870826 0.3414735 0.8272312 0.9294424 0.5518483 0.9067599 0.7945342 0.7483566 0.9043677 0.7786838 0.6028115 0.9325666 0.7285314 0.8197888 0.8642481 0.4973394 0.6587808 -0.2658936 -0.0039057 0.0937146 0.0638577 -0.0302922 -0.0790184 -0.0415620 -0.0992620 -0.0860640 -0.2303877 -0.4127505 -0.2748189 -0.1409881 -0.0640140 -0.3693777 -0.3949607 -0.0912629 0.0226938 -0.2690895 -0.0756556 -0.0472042 -0.0084535 -0.1920813 -0.3613723 -0.1373575 0.0471470 0.0243417 -0.2368349 0.1319626 -0.3190020 -0.0167838 -0.0666350 0.1297338 0.3333088 0.2047612 0.2689528 0.3498086 0.3449201 0.2250286 0.3560815 0.1176154 -0.5805382 0.4922573 0.4951607 -0.0186459 0.2467540 -0.4624326 0.2637819 0.4413964 0.5308325 -0.2781080 0.2244155 0.2963595 -0.2365528 -0.3558894 0.4101402 0.2581798 0.3486977 -0.0483370 -0.0365486 -0.0555764 -0.3031649 -0.2342989 0.5117850 -0.2518385 0.4623113 0.2736061 -0.1673875 -0.1412179 -0.2282297 0.0975929 0.4362709 -0.2037295 -0.1649294 -0.2713884 -0.4391164 0.3523423 -0.4146266 -0.3282211 -0.2676220 0.0839551 -0.3719985 -0.4327190 0.1363515 0.2745794 -0.1844727 -0.0798610 -0.1295093 0.0103288 0.1231532 -0.0123159 -0.3835226 -0.1947201 -0.0987382 -0.0778525 0.0485566 -0.0348258 -0.1348510 -0.2095139 -0.4066093 -0.3751324 -0.1033107 -0.3481890 -0.1580606 0.3950459 -0.1048334 0.2540350 0.6291979 0.4208267 -0.4144187 0.2091848 0.3592204 -0.0440854 0.0149494 0.0810125 0.1003085 0.3675766 0.3269091 0.0000627 -0.0272599 -0.2563679 -0.2880569 -0.0865604 0.1245487 0.1977105 0.1275497 0.3635252 0.0697407 -0.0692496 -0.3501363 -0.0216184 -0.0740220 -0.2235224 -0.1078949 -0.2215715 0.5482987 0.2469853
0.2213241 0.6511961 0.5580974 0.6062805 0.3749500 0.7058940 0.5049504 0.5631353 0.8334111 0.5422988 0.5910101 0.8351537 0.5049510 0.5789782 0.0000000 0.6549503 0.4523112 0.4586975 0.5734322 0.3344534 0.4596338 0.5439096 0.6045369 0.7866297 0.5313873 0.6257342 0.5932702 0.3386336 0.9011854 0.2750312 0.3882897 0.3545430 0.3339340 0.7536995 0.4902551 0.3116233 0.5544931 0.4975512 0.5805962 0.4835000 0.4084837 0.6119586 0.4625568 0.3969427 0.8444077 0.5183747 0.4688351 0.5143243 0.6789100 0.4690422 0.4854817 0.4670740 0.8695773 0.5841792 0.4001286 0.4839939 0.5319544 0.6580692 0.2896368 0.4527836 0.5495425 0.5556670 0.4652755 0.6727060 0.6950554 0.4868987 0.5354351 0.6231594 0.4685396 0.6320553 0.5631047 0.6625368 0.6254670 0.6305593 0.5626633 0.7053743 0.7002209 0.5193590 0.6735815 0.4223553 0.3846076 0.1612610 0.4834103 0.5698897 0.5804061 0.4752565 0.3410353 0.1385176 0.4929331 0.5239856 0.1781928 -0.0251708 0.1666698 -0.3240811 0.5263416 0.1251482 0.1189123 0.2412261 0.5804090 0.0122297 0.4964060 0.4050540 0.2929630 0.0648567 0.1096110 0.3998915 0.4822914 0.4763707 0.0118894 0.5459115 0.3583140 0.4794401 0.4511061 0.3679902 0.4916133 0.3015779 0.2469246 0.4636009 0.2861327 0.3719773 0.3948369 0.2426322 -0.1675980 0.4438510 0.5303226 0.3633088 0.3436597 -0.0140734 0.4830176 0.5499670 0.5729545 0.2426604 0.1883949 0.5673538 0.2269972 0.0869833 0.4540050 0.3087504 0.3753511 0.1838998 0.3485135 0.1953823 0.0692419 0.3199948 0.6329511 0.2961247 0.5383720 0.4299575 0.2644447 0.1992082 -0.0068101 0.6373105 0.5742171 0.2645441 0.3028831 0.2731142 -0.1402158 0.6981849 -0.0196697 -0.0323659 0.1525818 0.3846474 0.3783000 -0.1561202 0.5357096 0.7180297 0.3333620 0.2910200 0.1902938 0.3459593 0.4754041 0.3825515 -0.0759422 0.1638681 0.3858732 0.2222253 0.1234744 0.0701317 -0.0800668 -0.1714494 -0.3327792 -0.1213947 0.2571654 0.0831637 0.2783199 0.4865819 0.1168500 0.2567059 0.5223213 0.5610627 -0.2059235 0.2276432 -0.1503224 -0.2808022 0.2048737 0.1455138 0.1645086 -0.2761827 0.1506517 0.3115109 0.0641660 -0.1345421 -0.0088912 -0.1651833 0.2530952 -0.1083228 0.2666925 0.3126720 0.3240588 -0.1501093 -0.0836456 -0.2509116 -0.0027232 -0.4025008 -0.5005379 0.2796328 0.6580624 0.1594503
0.3310588 0.4998367 0.5915897 0.9346025 0.5108045 0.8785914 0.3401369 0.9572493 0.7860986 0.9118184 0.9675241 0.4445040 0.8426947 0.7972833 0.6549503 0.0000000 0.8336642 0.0635250 0.9604794 0.2332417 0.2620462 0.7516187 0.9538313 0.4166948 0.8055152 0.9580538 0.7681713 -0.0726481 0.5520481 0.6262832 0.5080890 0.5250897 -0.1095455 0.3157643 0.9199145 0.0617778 0.8780318 0.6738782 0.8808873 0.6216761 0.5100696 0.3172807 0.8819170 0.1731652 0.6835974 0.9204233 0.9258985 0.5658991 0.2271353 0.6293373 0.9090618 0.8360759 0.6130209 0.8644485 0.6871290 0.8217990 0.8563876 0.8200186 0.0905939 0.8758894 0.4927190 0.8936140 0.6948305 0.8664454 0.7797023 0.7162714 0.9017435 0.8817658 0.7569883 0.8862021 0.9306162 0.8459891 0.8722230 0.8527678 0.8554585 0.8624611 0.8208264 0.8387957 0.8619837 0.5439894 0.7144990 -0.1307791 -0.0748971 0.0743307 0.1864745 0.0307468 -0.0884696 -0.0531745 0.0468127 0.0717959 0.0158775 -0.2644704 -0.2349268 -0.3099810 0.0821593 -0.1217805 -0.2097336 -0.0494459 0.0828728 -0.3754852 0.0891032 0.0632489 -0.1101951 -0.2279031 -0.1615289 -0.0261937 0.1478178 0.0257805 -0.0398542 0.1779375 -0.0353615 0.1036989 -0.0100840 0.0749227 0.2134948 0.0562368 0.1748840 0.3056791 0.2219283 0.2219327 0.3116206 0.0847972 -0.3070817 0.5146694 0.4239359 0.2959894 0.2514117 -0.1942284 0.4476140 0.5136325 0.5123301 -0.1378082 0.1808404 0.4320895 -0.2129561 -0.0328163 0.4204028 0.3404661 0.3285300 0.1812054 0.1196283 0.1820027 -0.0071722 0.0383566 0.4747760 0.1549556 0.4744948 0.3083532 -0.1148372 0.0476138 -0.0556024 0.3515052 0.5202736 -0.0490469 0.0811621 0.1655812 -0.1788249 0.4821162 -0.2345768 -0.0150884 -0.0628940 0.2704785 -0.0547981 -0.0903844 0.3077570 0.4061556 -0.1216025 -0.0609432 -0.0529420 0.2273859 0.2171254 0.0543431 0.0397899 0.1337284 0.1061202 0.1827997 0.2316095 0.1324709 0.0361793 -0.1841266 -0.4284438 -0.2403875 -0.0143388 -0.2737805 0.0811825 0.5184032 0.1071598 0.3972705 0.7542870 0.5587677 -0.3412524 0.3281616 0.3475424 -0.2534624 0.2396532 0.2627534 0.2053519 0.1738666 0.3845649 0.2671208 0.1853396 -0.3270543 -0.1749490 -0.1598344 0.0701995 0.1919396 0.3793031 0.3544044 0.1092192 -0.0262415 -0.1940732 -0.1012952 -0.0054226 -0.4673215 -0.3863462 0.1107172 0.4440395 -0.0552045
0.0690778 0.3418034 0.4399972 0.8759475 0.3126327 0.8701872 0.3728823 0.8208511 0.7686025 0.9769383 0.8967318 0.3179050 0.6592021 0.9280470 0.4523112 0.8336642 0.0000000 -0.0582344 0.7690252 -0.1011277 0.1932522 0.5665862 0.8868375 0.2432647 0.5686504 0.7576365 0.8275331 -0.1178798 0.4226919 0.7410345 0.2438112 0.2942387 -0.2919324 0.1397825 0.7878019 -0.0160281 0.6531529 0.4019964 0.9423568 0.6519703 0.2190897 0.2197139 0.8062010 -0.0697942 0.6432331 0.7196202 0.8019288 0.2220016 0.0737945 0.3844181 0.8271639 0.8785635 0.5020172 0.8993720 0.4222328 0.5892518 0.6121049 0.8807628 -0.0331878 0.8596449 0.5067040 0.9189232 0.5964832 0.9185644 0.7990665 0.4364172 0.8975732 0.9474109 0.6332335 0.9453772 0.8703007 0.8530645 0.9343969 0.8895002 0.6659168 0.9275799 0.8175234 0.8614954 0.9176465 0.6894034 0.8160631 -0.2508776 -0.0870968 -0.0089910 -0.0515891 -0.1750753 -0.1864246 -0.2206745 -0.1994701 -0.1782111 -0.2011526 -0.4655057 -0.3805740 -0.2663769 -0.1532426 -0.3793148 -0.4889075 -0.2051902 -0.1096233 -0.4225648 -0.1440658 -0.1732290 -0.2190262 -0.3473087 -0.4450310 -0.2198929 -0.0951712 -0.0901174 -0.2294759 -0.0051645 -0.3815128 -0.1712399 -0.1383202 0.0305387 0.2455112 0.1139486 0.2299912 0.3055410 0.2776344 0.1748172 0.2690126 0.1049429 -0.4947210 0.3976276 0.3931355 0.0936707 0.1991772 -0.4560351 0.3257927 0.3824220 0.4366360 -0.4069949 0.1458253 0.2044920 -0.3582243 -0.3863175 0.2924398 0.3536240 0.2117735 0.0915450 -0.1052172 0.0447020 -0.1900287 -0.1973344 0.4137199 -0.2572153 0.3726511 0.1554053 -0.2462120 -0.0656534 -0.0966349 0.0857179 0.4164979 -0.2983569 -0.2243750 -0.2044286 -0.2751733 0.2801200 -0.3387324 -0.1158640 -0.3129659 0.1866505 -0.3880306 -0.2141807 0.0962725 0.1541139 -0.2642169 -0.1549170 -0.0506414 0.1153682 0.0796698 -0.0216339 -0.2781466 -0.1296033 -0.0045094 0.1417594 0.2843735 0.0704771 0.1033322 -0.1117705 -0.4818814 -0.2617683 -0.0617001 -0.3153938 -0.0783490 0.5726761 0.0917164 0.4725427 0.7860273 0.5534652 -0.3117608 0.4112350 0.5686569 -0.0068589 0.1498045 0.2625877 0.2198216 0.5563184 0.5808051 0.1056380 -0.0291163 -0.4190724 -0.3758926 -0.0491168 -0.0017860 0.3989213 0.1627946 0.2529759 -0.0362106 0.0934712 -0.3713812 0.0785601 0.0606695 -0.1452093 -0.1121621 -0.2533988 0.4707474 0.0632766
0.0634742 0.3398753 0.2533832 0.0494341 0.2651001 0.1392844 0.0971444 -0.0310635 0.1712604 -0.0269912 -0.0058552 0.3956629 0.0976567 0.1354830 0.4586975 0.0635250 -0.0582344 0.0000000 0.0106521 0.3780722 0.0796425 0.1198384 0.0675624 0.4650183 -0.0932153 0.1731032 0.1303385 0.7332713 0.2436176 0.0277724 0.4237393 -0.0616591 0.1897694 0.2629380 0.0612766 0.2103199 0.1200059 0.0851892 0.0727538 0.0340073 0.3332269 0.3462681 0.0951731 0.2137235 0.1448393 0.0620770 0.0331336 0.2491770 0.3247502 0.0386882 0.0493755 0.0255111 0.1632651 0.0567491 0.0601776 0.1000951 0.1818566 0.0299535 0.1093966 -0.0300330 0.1726307 0.0843981 0.2757557 0.0376690 -0.0237844 0.2317258 -0.0219210 0.0623295 0.1824232 0.0393357 0.0078392 -0.0266487 0.0442856 0.0216238 0.1713736 0.1465882 0.0967050 0.0476881 -0.0136217 -0.1008535 -0.0690142 -0.0168294 0.5283430 0.7173713 0.6830186 0.7462296 0.7465952 0.2461335 0.6758582 0.5483801 0.4101622 0.4774045 0.4812593 -0.1488623 0.6398813 0.5166887 0.7088851 0.4210674 0.5091687 0.1657521 0.5061044 0.6438420 0.5859457 0.2412975 0.5960594 0.5819132 0.5681128 0.5011706 0.2195268 0.4035374 0.4689870 0.3967589 0.3157725 0.3998115 0.4050517 0.3780869 0.2527541 0.3104182 0.1716082 0.3827552 0.4265788 0.4652352 0.1299216 0.2432060 0.3862317 -0.2065263 0.4916546 0.3615182 -0.0005143 0.4186028 0.3107823 0.5782600 0.4991711 0.3024315 0.5844951 0.2683147 0.2229740 -0.0236817 0.0805647 -0.3410567 0.4782319 -0.2448647 0.2333256 0.0314832 0.2587692 0.1472739 0.2180355 0.3045593 0.5383746 -0.1224696 -0.4352823 0.2998060 0.2538968 0.4968003 0.4475253 -0.0003916 0.1371726 0.4333987 0.4204044 -0.2091900 0.4391238 0.2934942 0.3285107 -0.1655477 0.5036511 0.5849632 0.6795071 0.6325943 0.4112496 0.4116688 0.6303330 0.5183388 0.1276414 0.5414934 0.3049307 -0.0222627 -0.1893375 0.0000711 -0.1823457 -0.0631405 -0.1291718 -0.1009405 0.1566047 -0.0771471 0.2372243 0.0051261 0.1205778 0.0865077 0.0130030 0.0967495 0.1639316 -0.0557112 -0.2818913 0.2483604 -0.2298437 -0.1006203 -0.1669531 -0.4101828 -0.1884454 -0.2120781 0.1323645 0.5750850 0.3553409 0.0493527 0.1726819 -0.3181148 0.1192641 0.4119031 0.5339383 0.1266706 0.1656909 -0.3562006 -0.0262512 -0.2254712 -0.4114950 0.4625469 0.2514991 0.3718926
