0.0000000 0.4836363 0.4653637 0.6737574 0.5861970 0.7646177 0.4728544 0.5746175 0.6660343 0.8263301 0.4803043 0.6507311 0.5782847 0.6717777 0.1864272 0.2486773 0.5924919 -0.2048102 0.1638171 0.4421329 0.3185633 0.1853115 0.1480778 0.3854061 0.1023602 0.0309004 0.2497845 0.1795388 0.5322274 0.1948648 0.3836541 -0.0281952 0.6738717 0.5362298 0.2439590 0.2970986 0.0191955 0.1124709 0.1904177 0.1353962 -0.2494106 0.5239964 0.2791585 0.1302752 0.4695000 0.1814927 0.1366510 -0.1081890 0.4350668 0.1983189 0.1821723 0.1441590 0.5236611 0.2260114 0.1131616 0.2215105 0.1701693 0.3778349 0.4654887 0.1340249 0.6283201 0.2194062 -0.0495280 0.4539789 0.5735752 0.2079475 0.0529552 0.2059482 0.2149906 0.1054447 0.1033504 0.5602640 0.1078112 0.5472776 0.1593638 0.0392888 0.2897981 0.0351326 0.0533562 0.1269605 -0.1861156 -0.0499128 0.2185910 0.0706452 0.1466145 0.0140811 0.0760653 0.1957659 -0.0340795 -0.0153264 -0.0524083 0.0383435 -0.1353483 0.0885521 -0.1754959 0.0778815 -0.0606695 -0.0545874 -0.4531240 -0.0095851 -0.3499971 0.0653272 0.3225268 -0.3772335 -0.1679757 -0.0184060 -0.0898172 0.3007226 -0.3689597 -0.0180695 -0.5284505 -0.0274603 0.0782665 0.1928468 0.1612845 0.1904312 0.1588081 0.2274880 0.1486312 0.1151304 0.2257134 0.0599539 -0.0207968 0.1836372 -0.0114785 -0.1565774 -0.0102209 -0.0231985 -0.1595148 0.0245442 -0.2584461 -0.2892013 -0.0303923 -0.1260721 -0.2170828 -0.2300474 -0.1364136 -0.3050345 -0.4199139 -0.1298692 -0.1948601 -0.1894628 -0.1926830 -0.1842934 -0.1305512 -0.1996361 -0.2661344 -0.3183389 -0.0513794 -0.1873116 -0.2813407 -0.1608808 -0.1023685 -0.1378428 -0.0123341 -0.1518739 -0.1825676 -0.1248450 -0.1077778 -0.4110057 -0.0570156 -0.1746844 -0.2799344 -0.2668959 -0.0336367 -0.0407607 -0.1252244 0.0913353 -0.0380316 -0.1518770 -0.0428123 -0.0395432 0.7211573 0.2907991 0.4370041 0.5187991 0.3829035 0.1162652 0.1920321 0.0838355 0.1644567 0.1724702 0.3484721 0.2318497 0.3999276 0.5481438 0.3805504 0.3808385 0.2541446 0.1669740 0.0221071 0.1376982 0.0100838 -0.0513526 -0.0450831 0.0133071 -0.0100953 0.0354712 0.0827248 -0.1942646 0.3409815 0.1727880 0.0777985 0.0262860 0.6974018 -0.1471631 -0.2438011 0.0438712 0.4650814 0.1079003 0.0673092 -0.5712791 0.1437694 0.4443580 0.0531550 -0.4488001 0.3346504 -0.0846989
0.4836363 0.0000000 0.9549707 0.7634058 0.8487562 0.7562048 0.9223827 0.6040667 0.6465303 0.5735179 0.5118411 0.7662467 0.5112003 0.5661061 0.6197005 -0.0283265 0.5979497 0.6216255 -0.3027653 0.3323116 0.5995774 -0.1430248 0.0585181 0.6155765 -0.3280284 -0.2548146 0.5167319 0.3592164 0.6550074 0.2259087 0.0885183 -0.2952117 0.7312068 0.6808193 0.0281122 0.5853688 -0.2341056 -0.2345336 0.5603605 0.3573195 -0.1904436 0.2674021 0.6099664 0.2606546 0.3346503 -0.3239048 -0.1566752 -0.1574172 0.8194692 -0.2848455 0.1018096 0.4086321 0.6711909 0.4123402 -0.1848315 -0.2376636 -0.2030869 0.5964006 0.2331438 0.2002664 0.3868808 0.5240150 -0.0678350 0.6850634 0.6572157 -0.1525564 0.1716023 0.4114226 -0.0492303 0.2077239 -0.0750987 0.6348623 0.1399500 0.6577109 -0.1507475 0.0885722 0.4573673 -0.1767927 0.0727658 0.2639518 -0.0731874 0.1969503 -0.2035813 -0.3077683 -0.3372852 -0.3267979 0.2324688 -0.3567466 -0.4382343 -0.5613550 0.0275498 0.1470474 -0.0438055 -0.2918061 -0.3247560 0.0268276 -0.0008789 -0.0884530 -0.4348717 -0.3281725 -0.5006948 0.0041195 -0.0139103 -0.4852697 -0.0237902 -0.0249219 -0.2098988 0.0774694 -0.0501293 -0.2716107 -0.3133744 -0.2411468 0.1163653 0.0186893 0.1497796 0.2062236 0.1113992 0.2001451 0.0960089 0.2531180 0.3905586 -0.0614408 0.1642189 0.1806900 0.0867755 0.1910945 0.0100437 0.1772625 0.0993115 0.1161041 0.1080284 0.1325128 0.1103464 0.1713060 0.0993471 0.2262910 0.3282235 0.1806182 0.0492591 0.1831098 0.1363647 0.2080628 0.1197325 0.0725143 0.1953233 0.2920274 0.1463495 0.1106154 0.1615947 0.0789570 0.0851999 -0.0850655 0.0722218 0.1825382 0.1262884 0.0241021 0.0112705 0.1128666 -0.0002972 -0.0303191 0.1069499 0.0651002 -0.2031207 -0.0922878 0.1135728 -0.1410283 0.0273128 0.0367207 -0.0289646 0.1246093 0.0277100 0.0154388 0.1778658 0.2324088 0.8559281 0.5053762 0.4319327 0.2976545 0.4591389 0.5004055 0.4485868 0.4318663 0.3929348 0.2127553 0.2467342 0.5521396 0.4275647 0.5458259 0.4028623 0.3261313 0.1528101 -0.0808179 -0.2610497 0.0737453 0.1371686 0.0969160 -0.0427498 -0.1748293 0.4960842 0.0712622 -0.1062354 -0.1907093 0.0549068 -0.1534356 0.3934779 0.0809634 -0.1139619 0.2880963 0.0956154 -0.0582745 -0.0067848 -0.1401243 0.3765323 0.4045157 0.3436498 0.1136366 -0.0842609 -0.1495578
0.4653637 0.9549707 0.0000000 0.7780842 0.8931619 0.7245782 0.8578112 0.6164745 0.6276803 0.5779451 0.5140675 0.7429736 0.5331920 0.5621642 0.6105022 -0.0306079 0.5946935 0.5684212 -0.3268191 0.3706115 0.5913786 -0.1746793 0.0574577 0.6146682 -0.3480038 -0.2576109 0.5185588 0.3596947 0.6698787 0.2563909 0.0951184 -0.2757793 0.7490453 0.7065979 0.0755378 0.5205526 -0.2393169 -0.2483161 0.5383793 0.3637283 -0.2010192 0.2110902 0.6308253 0.2483881 0.3248645 -0.3283150 -0.1373084 -0.1267029 0.8378137 -0.2987036 0.1526651 0.4343623 0.7263753 0.3825315 -0.1682205 -0.2222594 -0.1757661 0.5368173 0.1450508 0.2636317 0.3826303 0.4839459 0.0124758 0.6806686 0.6847030 -0.1059995 0.1698702 0.3331458 -0.0489614 0.1241521 -0.0816473 0.6728221 0.1124076 0.6690340 -0.1903448 0.0139623 0.4086284 -0.2252517 0.0057179 0.1615497 -0.1862358 0.3395497 -0.1353113 -0.2039893 -0.2466093 -0.2390167 0.2713520 -0.3021913 -0.3575686 -0.4976119 0.0523999 0.2117772 0.0634312 -0.2275036 -0.2459025 0.0831530 0.1050462 0.0491909 -0.3940819 -0.3386366 -0.4280198 0.1532320 0.0783899 -0.4339768 0.0582985 0.0193174 -0.1261965 0.1093779 0.0082029 -0.1728944 -0.2895352 -0.1469105 0.1105837 0.0855437 0.2066447 0.2466819 0.1679551 0.2637632 0.1623761 0.2653221 0.4153272 -0.1203171 0.1962594 0.2090024 0.1787421 0.1786039 -0.0072230 0.2133565 0.1204967 0.1720526 0.2066444 0.0994176 0.1720182 0.1727278 0.0810413 0.2793678 0.4014615 0.1882304 0.0746793 0.1721877 0.1630567 0.2241409 0.1338285 0.0636099 0.2869004 0.3382550 0.1382822 0.1326906 0.2006987 0.0602905 0.0217592 -0.1287476 0.0954651 0.2177134 0.1620149 -0.0089665 0.1223719 0.1089868 0.0908156 -0.0351346 0.1361264 0.1024850 -0.2467708 0.0252163 0.1773697 -0.1639624 0.1010950 0.1618569 0.1165147 0.1846211 0.1124866 0.1260740 0.1429562 0.2460206 0.7957714 0.5153759 0.4182332 0.2200271 0.3984311 0.4184926 0.3054682 0.3203616 0.2642645 0.0826619 0.1317531 0.5531124 0.3931632 0.5028993 0.3728293 0.2739411 0.1579895 -0.1313544 -0.1927646 0.0709530 0.1429623 0.1151973 -0.0204303 -0.1294305 0.4036861 0.0757870 -0.0461180 -0.1472250 0.1656379 -0.0779765 0.4047293 -0.0032666 -0.0697612 0.2554970 0.1689285 -0.0756845 0.0894193 -0.1421334 0.3512225 0.3994995 0.2599058 0.0210918 -0.1335650 -0.1605064
0.6737574 0.7634058 0.7780842 0.0000000 0.7566399 0.9247074 0.7935766 0.9291318 0.8649217 0.8941945 0.8649863 0.8781461 0.8272654 0.6642293 0.6343662 0.4771863 0.7841291 0.3232683 0.2055027 0.5432293 0.6041614 0.2805904 0.4875712 0.8037940 0.1516894 0.1804440 0.3185088 0.0192568 0.9157693 -0.0468895 0.4955240 0.1490488 0.7308892 0.8815999 0.4147584 0.5511520 0.1652202 0.1958743 0.2877311 0.0477965 -0.0862106 0.6438818 0.6368823 -0.1110415 0.7308957 0.1873001 0.3102609 0.0809089 0.6263320 0.1265457 0.4343054 0.2349279 0.8779874 0.1434345 0.1616614 0.2572570 0.3200409 0.4752633 0.5968440 0.4365313 0.8059938 0.4400464 0.0794502 0.8724602 0.9108738 0.3530439 0.4166726 0.4890550 0.3930357 0.4774517 0.3031421 0.7882585 0.3957843 0.8546983 0.2842447 0.3741261 0.5480544 0.1596782 0.3465985 0.3821385 -0.0954865 0.0920888 0.1468585 -0.0319180 0.0250476 -0.0568935 0.2719525 -0.1122372 -0.1623187 -0.3203391 0.0870484 0.2249263 -0.0059404 -0.0666359 -0.2341623 0.2014183 0.0916691 0.0980991 -0.6035987 -0.3478421 -0.3756255 0.2030615 0.3284605 -0.6421598 0.0398055 0.1258278 -0.0007382 0.4272331 -0.0472442 -0.0513509 -0.3864745 -0.1647211 0.2326890 0.1679661 0.2522012 0.3507590 0.3213595 0.4276310 0.2950574 0.4666342 0.6160916 0.1331922 0.1988070 0.3560756 0.2243942 0.0652826 0.0927394 0.1600239 0.1670965 0.2796683 0.1452974 -0.0797297 0.1696202 -0.0750034 -0.0256110 0.0156823 0.2273850 0.1936046 -0.0443876 0.1631042 0.0562278 0.2252461 0.0999107 -0.2715956 0.0651475 0.1621648 0.1365817 0.0543494 0.2297988 0.1861804 -0.0077376 -0.3431890 0.1725580 0.1708667 0.2163022 -0.0286390 0.1578793 0.1108720 0.1418986 -0.1137028 0.1945692 0.1945774 -0.2585732 0.0038571 0.2247028 -0.1499140 0.0424256 0.2270632 0.2553283 0.3212348 0.2061386 0.2715173 0.2691043 0.3703382 0.7353576 0.4965240 0.3742722 -0.0962569 0.3534164 0.3345694 0.1484866 0.2619173 0.5463382 0.2658531 0.5884430 0.7931253 0.6201843 0.5734692 0.3367112 0.1819064 0.3677176 -0.1299991 -0.4377246 0.1384495 0.1841528 0.1902281 -0.0055078 -0.4087356 0.2950264 -0.0203950 -0.0435165 0.0037360 -0.1092907 -0.1649397 0.5708632 -0.0202403 -0.1790335 0.3713217 0.2108114 -0.1950627 0.1420256 -0.5648785 0.1472756 0.2842502 0.1319977 -0.0465058 -0.1214988 -0.1656875
0.5861970 0.8487562 0.8931619 0.7566399 0.0000000 0.7369747 0.7231140 0.5300458 0.6133591 0.6197906 0.3955753 0.6475298 0.5205739 0.6904847 0.3698154 -0.1376103 0.6120168 0.3233993 -0.4030167 0.5507384 0.3285773 -0.2915494 -0.0722382 0.4815403 -0.4341281 -0.3741604 0.4475787 0.4926537 0.5433805 0.3412496 0.0561651 -0.3887194 0.7925794 0.5424663 0.0046090 0.3641226 -0.3416050 -0.3692471 0.5549335 0.4563235 -0.4632424 0.2279365 0.5477449 0.4128229 0.1856511 -0.4034210 -0.2545082 -0.3266339 0.7574079 -0.3657499 0.0155004 0.4813421 0.5467447 0.4205337 -0.2116215 -0.2788709 -0.2627197 0.4780872 0.3565091 0.1339887 0.4511832 0.3361858 0.0324684 0.5328951 0.6244983 -0.1743298 -0.0954741 0.0769927 -0.1070035 -0.1239843 -0.2895466 0.5669768 -0.1717403 0.6053374 -0.2973707 -0.2465341 0.2286386 -0.4046559 -0.2646285 -0.1120489 -0.5052155 0.2845581 0.1428876 0.0606380 -0.0121059 -0.0789894 0.1094882 0.0498142 -0.1629034 -0.2086734 -0.1695615 -0.0147995 -0.1307462 0.1030611 -0.3346538 -0.0676892 -0.0917759 -0.1162720 -0.4269091 -0.0441917 -0.3196989 0.0398872 0.2140290 -0.3127141 -0.1718778 -0.1402619 -0.1593525 0.1930172 -0.1761922 -0.0842920 -0.5021134 -0.0512936 0.0334378 0.0554944 0.2163502 0.2104795 0.1341109 0.2809040 0.1091738 0.1740493 0.3508963 -0.2054305 -0.0676247 0.1157974 0.0834024 0.0122379 -0.1270829 -0.0538896 -0.0509555 0.0215028 -0.0305293 -0.1685099 -0.0278267 -0.0093927 -0.2030660 -0.0267014 0.1371060 -0.0075390 -0.2176886 -0.0173310 -0.1146690 0.0375582 -0.1440794 -0.2275767 0.0078174 0.0667905 -0.0912506 -0.1309351 -0.0444961 -0.1908458 -0.2613574 -0.3277046 -0.1300933 -0.0542720 -0.0550900 -0.3246686 -0.0734211 -0.1553622 -0.1216551 -0.3470458 -0.0963961 -0.1951229 -0.4278280 -0.1596066 -0.0596349 -0.3385749 -0.1358268 0.0415292 0.0061324 -0.0801762 -0.0554079 -0.0320861 0.1741815 0.0424971 0.6217159 0.4605986 0.2942724 0.2025876 0.1811936 0.1811835 0.4047756 0.2798503 0.2463647 0.2068654 0.2810747 0.6227289 0.5988209 0.5869453 0.2674867 0.1205327 -0.0017765 -0.2319199 -0.1873441 -0.1698487 -0.0401374 -0.0361958 -0.1645672 -0.1297256 0.1412010 -0.1037228 0.1208461 -0.0062040 0.1764955 -0.1018721 0.4548895 -0.3525371 -0.2493135 0.0872880 0.3944035 -0.0181527 0.1796605 -0.3117914 0.3164714 0.3222754 0.0479353 -0.3153175 0.0493905 -0.0825752
0.7646177 0.7562048 0.7245782 0.9247074 0.7369747 0.0000000 0.8419442 0.8082714 0.9399415 0.8988693 0.7433242 0.9243114 0.7369873 0.6873461 0.6302222 0.4117810 0.6836844 0.2837261 0.1754816 0.5184134 0.4859714 0.2612635 0.3797258 0.8156407 0.1197286 0.1249953 0.2484456 0.1335182 0.8382242 -0.0449224 0.4586281 0.0954939 0.8055467 0.8701325 0.3124943 0.4078636 0.1112337 0.1560884 0.2116949 0.0395643 -0.1122224 0.5668493 0.4621537 -0.0102523 0.6760487 0.1523265 0.2210266 0.0367421 0.6191714 0.1298796 0.2800742 0.1345176 0.7988136 0.1538552 0.1952977 0.2204962 0.2298018 0.4831527 0.5672834 0.2521788 0.7257760 0.3423616 0.1195219 0.7813960 0.8451792 0.2954877 0.2868022 0.4504962 0.3378034 0.3745383 0.2280004 0.7159172 0.2985624 0.7924988 0.2408783 0.2823554 0.4524314 0.1198028 0.2524846 0.3131965 -0.0720784 -0.0627047 0.1358551 0.0099033 0.0495985 -0.0114224 0.2162293 -0.0580775 -0.1485033 -0.2829018 0.0422937 0.1738439 -0.0417598 -0.0396710 -0.2361960 0.1827741 0.0652395 0.0536359 -0.6142292 -0.3458476 -0.4096016 0.1923532 0.3284841 -0.6293931 -0.0283068 0.0732277 0.1056524 0.4528557 -0.1047325 0.0662468 -0.4961074 -0.0285803 0.3007605 0.2847369 0.3366893 0.4116011 0.3652700 0.4408720 0.3446414 0.3141360 0.4745448 0.1747445 0.0929108 0.3709910 0.1463017 -0.0899309 0.0956835 0.0618874 -0.0355969 0.2022983 -0.0076067 -0.2193761 0.1197725 -0.1260578 -0.1041766 -0.1158912 0.0617422 -0.0163407 -0.1701545 -0.0637452 -0.0628469 -0.0227854 0.0527903 -0.3544053 -0.0808576 0.0064892 0.0309896 -0.0550304 0.1867516 0.0169887 -0.1677201 -0.4208486 0.0890926 0.0678808 0.1625017 -0.1954142 0.0809597 -0.0157041 0.0917460 -0.2578986 0.1319703 0.0358524 -0.3565546 -0.0740853 0.1465178 -0.1983600 -0.0454716 0.2188282 0.1801809 0.1490995 0.1312118 0.1870143 0.3693152 0.2921627 0.6827046 0.4583636 0.3352499 -0.0188806 0.2570633 0.2333901 0.1914612 0.1718929 0.4485067 0.2034321 0.5775638 0.7802408 0.6338487 0.6191182 0.2838107 0.1337937 0.1869934 -0.1011823 -0.3220962 -0.0520905 -0.0050053 -0.0138463 -0.1574618 -0.2888478 0.3202175 -0.1940198 0.0056215 -0.1149682 -0.0901356 -0.3571662 0.5316251 -0.0101765 -0.3413537 0.2123213 0.1909497 -0.1711596 0.0979222 -0.6300200 0.2202725 0.2928060 0.0345591 -0.0985145 0.1151954 -0.0807876
0.4728544 0.9223827 0.8578112 0.7935766 0.7231140 0.8419442 0.0000000 0.7023201 0.7802597 0.6374752 0.6398057 0.8813518 0.6385549 0.4991710 0.7789560 0.2172573 0.5626706 0.6511616 -0.0620481 0.4166769 0.6072604 0.1244079 0.2958237 0.7735738 -0.0936808 -0.0030147 0.3661788 0.1579200 0.7480872 -0.0071626 0.3146743 -0.0663830 0.6681671 0.7954786 0.1900267 0.5005590 -0.0072856 0.0234254 0.3451777 0.0851061 0.0414704 0.2978329 0.5365412 -0.0064836 0.5332914 -0.0717229 0.0737144 0.0866758 0.6938896 -0.0293060 0.2241809 0.1799888 0.7552891 0.1662005 0.1080146 0.0226815 0.0222113 0.4565832 0.2483038 0.2310673 0.4647997 0.4091400 0.1430194 0.7655835 0.7388821 0.0729912 0.3085706 0.4532242 0.1931722 0.3910717 0.1429878 0.6888936 0.2838135 0.7303420 0.0933703 0.2837552 0.5465676 0.0447583 0.2581166 0.4202413 0.0760701 0.0945525 -0.1745877 -0.2978708 -0.2868312 -0.2209608 0.3839072 -0.4137451 -0.3780205 -0.5834621 0.2527214 0.3231037 0.0544456 -0.2989547 -0.1647569 0.2355809 0.1662440 -0.0046561 -0.4200580 -0.4635619 -0.4452274 0.1394767 0.0701986 -0.5495275 0.1569799 0.1548175 -0.0280509 0.2489309 0.1255011 -0.1981861 -0.2108228 -0.2034822 0.3102385 0.1271317 0.1823534 0.2970702 0.2326465 0.2599787 0.2243290 0.2763514 0.4165999 0.1677685 0.2903952 0.3592368 0.1424067 0.0709552 0.1904781 0.2875619 0.0714397 0.2528155 0.1483439 0.1291358 0.2311290 0.1300540 0.2093696 0.2423882 0.2606659 0.2149698 0.0835086 0.1078440 0.2274784 0.1635084 0.2741480 -0.0388240 0.1325481 0.3333975 0.2522751 0.1918528 0.3507233 0.1835545 0.1202272 -0.1876530 0.2071704 0.3146055 0.2684730 0.0599934 0.1523752 0.2068382 0.1625929 0.0372179 0.2573067 0.1978864 -0.1357362 0.0089466 0.2501355 -0.0456680 0.1367258 0.1889564 0.1111523 0.2790328 0.1968293 0.1942317 0.2410393 0.3598135 0.8759486 0.4576499 0.3946348 0.1561983 0.4256261 0.4523883 0.3254548 0.2967599 0.3626835 0.1001555 0.3251523 0.6244906 0.4323748 0.5620548 0.4089630 0.3174644 0.1974639 -0.0465322 -0.3489611 0.0611109 0.0786086 0.0104682 -0.1447412 -0.3113978 0.5171054 -0.0500418 -0.2147245 -0.2540309 -0.0434226 -0.3823376 0.3482081 0.1850545 -0.1916966 0.3054817 -0.0278565 -0.1912008 0.0118720 -0.2911653 0.3228976 0.3015227 0.2681225 0.2496706 -0.0926185 -0.1320334
0.5746175 0.6040667 0.6164745 0.9291318 0.5300458 0.8082714 0.7023201 0.0000000 0.8100016 0.8356632 0.9450862 0.8064910 0.9102733 0.5212179 0.6797856 0.6875129 0.7450432 0.3007577 0.4483069 0.5318888 0.6177290 0.5537296 0.7208462 0.7910291 0.4127359 0.4461304 0.2302386 -0.2508775 0.9309260 -0.2302017 0.7151770 0.3919487 0.5491084 0.8723226 0.5874823 0.5280025 0.4187181 0.4778684 0.0966208 -0.2111558 0.2165076 0.6684403 0.6013243 -0.4169268 0.8580338 0.4429205 0.5438565 0.3606933 0.4236794 0.3572470 0.6141255 0.0542297 0.8865567 -0.1089655 0.3963947 0.5122939 0.5617813 0.2770783 0.5075089 0.5835176 0.8205105 0.3667734 0.2107821 0.8910465 0.8999545 0.5677349 0.6325784 0.5310017 0.6250107 0.6979261 0.5871675 0.7925431 0.6212762 0.8437062 0.5549127 0.6232328 0.6671536 0.4564975 0.6088395 0.5886329 0.1482797 0.0251971 0.0606736 -0.1749161 -0.0448456 -0.0858209 0.4564673 -0.2464138 -0.1601966 -0.3944187 0.3449731 0.4289958 0.0481031 -0.1614156 -0.0176714 0.4250239 0.2836621 0.1287552 -0.4958025 -0.4469561 -0.3352654 0.2403901 0.2816737 -0.6480123 0.2789029 0.3686931 -0.0561712 0.4531759 0.0857182 -0.2048434 -0.1995191 -0.3224380 0.3157288 0.0834391 0.0685884 0.2441025 0.2437847 0.2840402 0.2393432 0.4038087 0.5356446 0.3277171 0.4416024 0.4929734 0.1389419 -0.0067137 0.3020308 0.3925853 0.1660255 0.4735857 0.2587237 0.0960372 0.3824836 0.0962325 0.2045472 0.1860722 0.3488342 0.2792935 0.1244757 0.2175142 0.2843889 0.2826287 0.3219153 -0.1776275 0.1167414 0.3350983 0.3152873 0.2431061 0.4311203 0.3825196 0.1515474 -0.2773496 0.3639780 0.3983283 0.4336863 0.2324126 0.3341595 0.3272320 0.3309645 0.1085370 0.4261107 0.4124635 0.0292510 0.1811590 0.4383006 0.1106087 0.2615016 0.3405542 0.3862426 0.5304775 0.4129741 0.4496354 0.3100420 0.5008119 0.7189358 0.4390493 0.3602336 -0.1712650 0.3592158 0.3169572 -0.0125456 0.1629960 0.5036639 0.1276902 0.5295651 0.7360564 0.4626548 0.4480594 0.3592789 0.2047550 0.3843426 0.0271788 -0.4249079 0.2013982 0.1688813 0.1677540 -0.0249985 -0.4156459 0.3275391 -0.0658620 -0.1247780 0.0974032 -0.1735520 -0.1744586 0.4733431 0.1997407 -0.1639599 0.4815867 0.0565497 -0.2694040 0.0974556 -0.5216327 0.0202334 0.2034232 0.1666424 0.1247412 -0.3004640 -0.2255684
0.6660343 0.6465303 0.6276803 0.8649217 0.6133591 0.9399415 0.7802597 0.8100016 0.0000000 0.8807960 0.7691360 0.8315078 0.7580750 0.6722892 0.7296972 0.4611668 0.6486205 0.3689948 0.2614309 0.5150040 0.3603373 0.3718700 0.4550345 0.8926185 0.2296747 0.2218387 0.1799110 0.0489161 0.8395441 -0.1928635 0.5422843 0.2449395 0.7949741 0.8829366 0.3453911 0.2783988 0.2303753 0.2743273 0.0359160 -0.1560021 0.0229280 0.5358036 0.3931769 -0.1670088 0.7294845 0.2345611 0.3276584 0.1564436 0.4865180 0.1359829 0.3102445 -0.0459446 0.7864870 -0.0406560 0.3048241 0.3188176 0.3676842 0.3126544 0.4931098 0.2748686 0.7257902 0.1851342 0.2425218 0.7651880 0.8631042 0.4665966 0.3384033 0.3921851 0.4900628 0.4324478 0.3610049 0.6883503 0.3792115 0.7923330 0.3876492 0.3788949 0.4251459 0.2713758 0.3611550 0.3081046 0.0535854 -0.1879496 0.0990682 0.0132994 0.1275414 0.0726561 0.3542775 -0.1015584 -0.0013546 -0.2223239 0.1990692 0.3243310 0.0718566 -0.0783364 -0.0402419 0.3629896 0.2590832 0.1456379 -0.5403708 -0.3972083 -0.2213109 0.2605389 0.3782626 -0.6135604 0.1809192 0.2694695 0.1999492 0.5517030 0.1106467 0.0571321 -0.3406448 0.0558484 0.4380453 0.2944186 0.3036028 0.4265015 0.4179873 0.4218574 0.4111962 0.2496515 0.4597940 0.3809774 0.2835091 0.5547925 0.1086740 -0.1055574 0.3122290 0.2447376 -0.0437672 0.4055308 0.2082312 -0.0877508 0.3158266 0.0028949 0.0898558 0.0527292 0.2109891 0.0686793 0.0501386 -0.0395849 0.1410750 0.0080041 0.2660624 -0.4057160 -0.0671879 0.1739518 0.2391098 0.1623070 0.3845810 0.1804914 -0.0778005 -0.4259809 0.3147085 0.2644203 0.3806525 -0.1113658 0.2990862 0.1523563 0.2923475 -0.0572864 0.3431177 0.2327146 -0.1822993 0.1710262 0.3567942 0.0149856 0.1773134 0.3881033 0.3844283 0.3533767 0.3660417 0.3891265 0.2270237 0.2356343 0.5946334 0.2853458 0.1545743 -0.2115916 0.0841755 0.0730010 -0.0449956 -0.0440680 0.2842812 0.0226879 0.5457878 0.8030882 0.5985254 0.5990323 0.1989687 0.0052982 0.1545330 -0.1567762 -0.3054894 -0.1267988 -0.0628112 -0.1195587 -0.2845616 -0.2539971 0.2763184 -0.2361583 -0.1222495 -0.1385113 -0.1411394 -0.4691481 0.3524222 0.0537297 -0.3786128 0.1180579 0.0141661 -0.3498984 0.0547608 -0.5988723 0.0394259 0.1137717 -0.1014696 -0.0605948 -0.0860884 -0.2308252
0.8263301 0.5735179 0.5779451 0.8941945 0.6197906 0.8988693 0.6374752 0.8356632 0.8807960 0.0000000 0.8345686 0.7920981 0.7714432 0.8114232 0.4284434 0.5013998 0.8344120 0.1029427 0.2921144 0.5548053 0.5178067 0.3366280 0.4579953 0.6635195 0.2243896 0.1805974 0.3789178 0.0726947 0.8252357 0.0674959 0.5089620 0.1594562 0.7602319 0.7905291 0.4580850 0.5047629 0.1868408 0.2525990 0.2468037 0.0487113 -0.1374229 0.7309504 0.5807492 -0.0705162 0.7139574 0.2890612 0.3700287 0.0443677 0.5791504 0.1833438 0.4615004 0.2078403 0.7963949 0.1663080 0.2173472 0.3194158 0.3701764 0.4694729 0.6259775 0.4129925 0.8491657 0.3845384 0.0495516 0.8046359 0.8623482 0.3707573 0.3519181 0.4331644 0.3765801 0.4244793 0.2938392 0.8170400 0.3566246 0.8129242 0.3126771 0.3354125 0.5230648 0.1899249 0.3124541 0.3584827 -0.0279943 -0.0699230 0.1285426 0.0028292 0.1149689 -0.0720420 0.1152775 -0.0133595 -0.1146945 -0.1626114 0.0264421 0.0929316 -0.0694931 -0.0502671 -0.2509593 0.1271373 0.0038546 0.0175229 -0.6464537 -0.2463030 -0.3144369 0.0671385 0.2684338 -0.6036531 -0.0474750 0.0413657 0.0251723 0.3572846 -0.1620516 0.0139457 -0.4372004 0.0047006 0.1440963 0.1550086 0.2060778 0.2442074 0.2644745 0.3587952 0.2367177 0.4192620 0.5511608 0.1631829 0.1021633 0.3260784 0.2079500 0.0569849 0.0619211 0.0742648 0.1386061 0.2084444 0.0710773 -0.1699806 0.0953589 -0.0808961 -0.0968271 -0.0995615 0.0999611 0.0589144 -0.1195401 0.1142106 -0.0417904 0.1146643 -0.0217794 -0.2715741 0.0190476 0.0204734 0.0152510 -0.0571803 0.1183092 0.1019688 -0.0848650 -0.2125522 0.1144449 0.0360223 0.1378568 -0.0547310 0.0874478 0.0834159 0.0662992 -0.1972718 0.0910264 0.0892705 -0.2213637 0.0108600 0.1102721 -0.0051414 0.0535736 0.2423112 0.2287584 0.2021813 0.1599082 0.1971394 0.3566164 0.3606805 0.5670979 0.5410085 0.4057827 -0.0759392 0.3192599 0.2590776 0.0953631 0.2344632 0.5178449 0.2748368 0.6240494 0.7857373 0.5804206 0.5503789 0.3636528 0.2020456 0.3426361 0.0507856 -0.1767297 0.1265253 0.1705905 0.1721428 0.0552353 -0.1812473 0.2503321 -0.0244923 0.1557970 -0.0841609 -0.2782609 -0.2166348 0.6250845 -0.0403833 -0.1536706 0.1473241 0.3334070 -0.1915150 -0.0902501 -0.6667059 0.1047382 0.3013828 0.0491149 -0.2889847 0.0298424 -0.1271556
0.4803043 0.5118411 0.5140675 0.8649863 0.3955753 0.7433242 0.6398057 0.9450862 0.7691360 0.8345686 0.0000000 0.7571536 0.7975868 0.5433865 0.6108142 0.7394426 0.7892757 0.3130519 0.4885093 0.4172854 0.7046415 0.5538967 0.7613232 0.7339017 0.4395729 0.4821216 0.3070287 -0.2518618 0.9237623 -0.1824501 0.6304062 0.4049856 0.5003820 0.8310598 0.6409214 0.6413313 0.4662693 0.4882828 0.1525683 -0.1879329 0.2096668 0.7404865 0.6716903 -0.4210901 0.8520937 0.4725191 0.6193421 0.3336444 0.4552232 0.3221078 0.6785740 0.0991232 0.8745293 -0.0627094 0.3240451 0.4709955 0.5890394 0.3669175 0.4994245 0.6221417 0.8034358 0.4471965 0.0664678 0.9188939 0.8560553 0.5233605 0.6684679 0.6130627 0.5528874 0.7759573 0.5740136 0.8157151 0.6536780 0.8061143 0.5242601 0.6842613 0.7014002 0.4447271 0.6496821 0.6558041 0.2282111 0.0130482 -0.0243891 -0.1947157 -0.0721369 -0.1547008 0.3134948 -0.2946829 -0.2027829 -0.3803586 0.2812661 0.3284463 0.0499215 -0.2504301 -0.1041926 0.3151659 0.2045734 0.1215291 -0.5045140 -0.4673129 -0.3055524 0.1556364 0.1722971 -0.6590085 0.2155537 0.2565637 0.0206707 0.3530258 0.0936666 -0.1272339 -0.1160107 -0.2469184 0.2365267 0.0749176 0.0749802 0.2230768 0.2518230 0.2990352 0.2344966 0.5465830 0.6235682 0.2918266 0.3639837 0.4191412 0.2679110 0.1644982 0.2156271 0.3086112 0.3505799 0.3908856 0.2954457 0.0830898 0.2742868 0.0576285 0.1762364 0.1666131 0.3321289 0.3864093 0.1823442 0.3443799 0.2483183 0.4028525 0.3006044 -0.1004118 0.2362070 0.3098010 0.3196591 0.2501942 0.3921068 0.4340668 0.2366966 -0.1068383 0.3433401 0.3531095 0.3461786 0.2776973 0.3679508 0.3885777 0.3414769 0.1679878 0.3475300 0.4402757 0.0329599 0.2537924 0.3535936 0.1425249 0.3046138 0.3622926 0.4273701 0.6001300 0.4066654 0.4556226 0.1494363 0.5732355 0.6869963 0.4835623 0.4112760 -0.1834989 0.4667043 0.4488222 -0.0058075 0.2723746 0.5928755 0.2101975 0.5511754 0.6630776 0.3950980 0.3815294 0.3930888 0.2761231 0.5563116 0.0677623 -0.3813678 0.3752527 0.3437474 0.3327541 0.1618241 -0.4164731 0.3667649 0.1226236 -0.1217954 -0.0950536 -0.3562544 -0.1807031 0.4409216 0.2321300 0.0002159 0.4872424 0.0457885 -0.3439648 -0.0753131 -0.4934921 0.0549326 0.1732809 0.2137516 0.1615447 -0.2693704 -0.1021363
0.6507311 0.7662467 0.7429736 0.8781461 0.6475298 0.9243114 0.8813518 0.8064910 0.8315078 0.7920981 0.7571536 0.0000000 0.6935296 0.4980138 0.6985739 0.4621329 0.6050888 0.2882676 0.1917813 0.3915059 0.6818265 0.3137624 0.4270142 0.7751602 0.1434208 0.1891613 0.2554095 -0.0573132 0.8719006 -0.0830396 0.4604669 0.1216735 0.6324027 0.8865382 0.3463198 0.5028255 0.1452485 0.2008619 0.2282070 0.0015956 0.0418542 0.5323312 0.4944411 -0.1378858 0.7305698 0.1906506 0.2651457 0.1447602 0.6080886 0.1993263 0.3635413 0.1558631 0.8611218 0.1460138 0.2257827 0.2451563 0.2373626 0.5043714 0.4351600 0.3281163 0.6529777 0.4656822 0.1247791 0.8358939 0.8216223 0.2875727 0.4563395 0.6011088 0.3387471 0.5059112 0.3261156 0.7322076 0.4414653 0.7774854 0.2693294 0.4029861 0.5643229 0.1872250 0.3637521 0.4761607 0.0519890 0.0594910 -0.0211959 -0.1086365 -0.1265896 -0.0939912 0.2719303 -0.2817479 -0.2800018 -0.4762266 0.1758553 0.2904640 -0.0153059 -0.2394746 -0.2000182 0.2501459 0.1543230 0.0469655 -0.5675090 -0.4977674 -0.4842484 0.2254638 0.2275448 -0.6536233 0.0914806 0.1460441 0.0699354 0.3437246 -0.0466178 -0.0282001 -0.3749593 -0.1721557 0.2611616 0.2195095 0.2304852 0.3287409 0.2681252 0.3360784 0.2684129 0.3063727 0.4204152 0.1319452 0.2265711 0.3450751 0.1588863 -0.0527654 0.1116176 0.1951170 0.0260373 0.2472762 0.0402580 -0.1075234 0.2230939 -0.0694409 0.0583641 0.0332197 0.1238409 0.0416686 -0.0781252 -0.0370924 0.0641520 0.0315440 0.2025950 -0.1400558 0.0744730 0.1337092 0.1035274 0.0404188 0.3370804 0.0946445 -0.0708766 -0.2985891 0.1420958 0.2160456 0.2563257 0.0057169 0.1997517 0.0790736 0.2353054 -0.1701471 0.2379714 0.1347575 -0.2105236 0.0132406 0.2460606 -0.1446609 0.1107338 0.3378649 0.2573147 0.2495701 0.2295161 0.3109342 0.4166647 0.4374647 0.7643195 0.5529095 0.4870092 0.0608453 0.4527147 0.4105680 0.1993794 0.2684781 0.5006036 0.1947776 0.4642861 0.6788654 0.4652216 0.5369107 0.3628076 0.2559702 0.2303732 -0.0011474 -0.3356402 0.1198414 0.0760489 0.0662600 -0.0637238 -0.3530826 0.4176236 -0.1231761 -0.0606073 -0.1206242 -0.0407862 -0.3157564 0.4511992 0.1071816 -0.2518125 0.2881857 0.1181997 -0.1730650 0.1159226 -0.5948986 0.2098177 0.2386738 0.1036254 0.0922135 0.1128847 0.0341987
0.5782847 0.5112003 0.5331920 0.8272654 0.5205739 0.7369873 0.6385549 0.9102733 0.7580750 0.7714432 0.7975868 0.6935296 0.0000000 0.4821972 0.6026120 0.6164988 0.6363449 0.2482332 0.4324842 0.7887742 0.4076748 0.5876070 0.6823143 0.7158840 0.4034456 0.4126596 0.1759750 -0.2420983 0.7641102 -0.2265109 0.8193813 0.4073495 0.4607463 0.7458879 0.5858224 0.3181543 0.4047626 0.5274719 -0.0120946 -0.2800807 0.2854224 0.5013256 0.4967252 -0.4545038 0.7783291 0.4680541 0.5393178 0.4698360 0.2664429 0.4646745 0.5978446 -0.0386923 0.7468736 -0.2453250 0.6106931 0.6165811 0.5725238 0.0162556 0.4444765 0.5316359 0.7707663 0.1496813 0.4888016 0.7319345 0.8222127 0.6137185 0.5057980 0.2527918 0.7052625 0.5354468 0.5542231 0.7358362 0.4797799 0.7818738 0.5893669 0.4962137 0.5828964 0.4680202 0.5044018 0.4742311 0.0697398 -0.0213536 0.1282745 -0.1680876 0.0443961 -0.0010139 0.5762432 -0.1716998 -0.0699470 -0.2850889 0.4983254 0.4986797 0.1660084 -0.0349023 0.1607781 0.5297972 0.3459571 0.1634095 -0.3743723 -0.3408537 -0.1531200 0.2831644 0.3329442 -0.4937165 0.3991215 0.4955636 -0.0322816 0.5133300 0.2258222 -0.2500818 -0.0762520 -0.2092236 0.3785472 0.0546256 0.0206375 0.1823151 0.2211757 0.2207427 0.2193319 0.3158992 0.4777469 0.4360672 0.4930119 0.5559285 0.1224063 -0.1021617 0.4166521 0.4673583 0.0723494 0.5139687 0.2565304 0.1621443 0.4300154 0.1046142 0.2756507 0.2232141 0.2513574 0.2442483 0.0886859 0.1529942 0.3589036 0.2007576 0.2631358 -0.2639188 -0.0155924 0.3759984 0.3230062 0.2446668 0.4213923 0.3774254 0.1569939 -0.3302559 0.4147394 0.4176872 0.4660674 0.2009685 0.2214311 0.3313973 0.2257429 0.1114586 0.4390586 0.4028786 0.0841824 0.0984102 0.4474166 0.2268942 0.2455456 0.2628295 0.2633765 0.4357242 0.3906136 0.3722481 0.4302489 0.4146185 0.5993770 0.3000551 0.2139967 -0.2529223 0.1949320 0.1327713 -0.0987601 -0.0047405 0.3124636 -0.0240789 0.4890298 0.7387463 0.4612033 0.4443776 0.3453878 0.1691762 0.3038227 0.0390323 -0.4012354 0.0566789 0.0478809 0.0165142 -0.1713315 -0.3968151 0.1833296 -0.1819426 -0.0591204 0.1490791 -0.1540284 -0.2878775 0.5190248 0.0940641 -0.2100158 0.2938563 0.1269974 -0.2856549 0.1054497 -0.5641028 -0.0230109 0.1853855 0.0627951 0.0211049 -0.3669111 -0.3888240
0.6717777 0.5661061 0.5621642 0.6642293 0.6904847 0.6873461 0.4991710 0.5212179 0.6722892 0.8114232 0.5433865 0.4980138 0.4821972 0.0000000 0.1300149 0.1291401 0.8897811 0.1414579 -0.0564525 0.5297420 0.2965423 -0.0324140 0.1608563 0.3754445 -0.1043977 -0.1563444 0.6943606 0.5296636 0.5027928 0.5119195 0.1725288 -0.1442452 0.8127589 0.4488907 0.3208734 0.4822040 -0.0628137 -0.0944221 0.5990147 0.4784967 -0.3747840 0.4871585 0.6974114 0.3948496 0.2363766 -0.0874611 0.0843017 -0.2260535 0.7085807 -0.2381304 0.3358268 0.5573257 0.4547765 0.5129238 -0.1262103 -0.1066464 0.0148338 0.6129591 0.4899865 0.3979534 0.5320699 0.4816873 -0.1554423 0.5580596 0.5775623 -0.0694872 0.0957254 0.2640021 -0.0526609 0.0932486 -0.1167082 0.6159740 0.0514924 0.5313922 -0.1266293 -0.0028348 0.2342915 -0.1715231 -0.0313025 0.0360602 -0.2086980 -0.0678950 -0.0433604 -0.0747476 -0.0242198 -0.2225782 -0.0972908 0.0131320 -0.1784586 -0.0929072 -0.2428453 -0.1981701 -0.2038708 -0.0642152 -0.3832212 -0.1771238 -0.2256979 -0.2019691 -0.5499448 -0.0478661 -0.2709147 -0.2794525 0.0155393 -0.4799465 -0.2703947 -0.2170833 -0.2358128 0.0152415 -0.3091086 -0.1384135 -0.4616633 0.0268555 -0.1993519 -0.1606843 -0.0380198 -0.0838332 -0.0719300 0.0538643 -0.1192105 0.2183523 0.3237101 -0.1310831 -0.1750091 0.0332484 -0.0055251 0.0975723 -0.1861747 -0.1621325 0.0568336 -0.0569492 -0.0467426 -0.1930403 -0.1181365 0.0859710 -0.2223596 -0.1611071 0.1054196 0.0180297 -0.1447785 0.1526635 -0.1676358 0.1088203 -0.2558984 -0.2511247 -0.0401892 -0.0583066 -0.1020690 -0.1426430 -0.1911453 -0.0631824 -0.1656811 -0.1091311 -0.0781304 -0.1768091 -0.0880146 -0.2418462 -0.1250157 -0.0724428 -0.2284311 -0.2835316 -0.1547187 -0.1368663 -0.2519195 -0.0414457 -0.1492745 -0.0762068 -0.0736517 -0.0416791 0.0001187 -0.0413482 -0.0954401 -0.1095577 0.0711291 0.1609273 0.4672071 0.4432064 0.2746938 0.1517786 0.2002287 0.2179037 0.2795325 0.3229490 0.4014596 0.2769694 0.4338883 0.5637189 0.4893250 0.4282084 0.1983284 0.0490631 0.1539170 -0.0249678 0.0950902 -0.0766336 0.0464798 0.0539100 0.0049590 0.1603995 0.1183138 -0.0020167 0.4010611 -0.2084852 -0.3134595 -0.2129935 0.5134267 -0.1631528 -0.1629851 -0.0186453 0.4950207 -0.2212728 -0.3604105 -0.3743883 0.1648706 0.2450190 0.0196250 -0.5063490 0.0486928 0.0100125
0.1864272 0.6197005 0.6105022 0.6343662 0.3698154 0.6302222 0.7789560 0.6797856 0.7296972 0.4284434 0.6108142 0.6985739 0.6026120 0.1300149 0.0000000 0.3828043 0.2555901 0.6838540 0.2016999 0.2118118 0.3907980 0.3738694 0.4535287 0.9038237 0.2112727 0.3101443 -0.0513673 -0.2467675 0.7288709 -0.4959077 0.4645037 0.3112758 0.4126017 0.8118060 0.2220658 0.1561892 0.2601465 0.3068115 -0.1650814 -0.4080259 0.3851087 0.1810926 0.2160043 -0.4434450 0.6791793 0.1799116 0.2914691 0.3877361 0.2639663 0.1515331 0.2321901 -0.2879490 0.7193441 -0.3044440 0.3335728 0.3019780 0.3361944 0.0501668 0.0600713 0.1993279 0.3901381 0.0666881 0.3614785 0.6349400 0.6754573 0.4855135 0.4623614 0.4022401 0.5294459 0.5315033 0.4964922 0.4616181 0.5127975 0.6166913 0.4384732 0.5218846 0.4140852 0.3903404 0.5180549 0.4147638 0.2881152 0.0215696 -0.0961866 -0.1694731 -0.0776329 0.0968508 0.6743762 -0.4420812 -0.0309563 -0.4504759 0.5613711 0.7019235 0.3738115 -0.3072817 0.2752376 0.6279665 0.6133824 0.3648087 -0.1726326 -0.5873846 -0.1172530 0.4978209 0.3092888 -0.4622750 0.5863418 0.5799780 0.2463824 0.4905726 0.5398415 -0.0898345 0.1151622 -0.1150054 0.5878654 0.2745488 0.2344805 0.4585445 0.4260352 0.3233183 0.4509853 0.1707913 0.3573005 0.4731722 0.6670260 0.6144797 0.1175985 -0.0359423 0.5327792 0.6362856 0.0293543 0.6022433 0.4874490 0.3350344 0.5933412 0.1865582 0.5309859 0.5092187 0.4649671 0.2996486 0.4111294 0.0544684 0.5549912 0.1520320 0.6907529 -0.1072268 0.1310981 0.5620719 0.5565948 0.5250276 0.7467290 0.4469690 0.2389875 -0.2960671 0.5705403 0.6734172 0.6688515 0.2326065 0.5581831 0.4008083 0.6002427 0.3697274 0.6696563 0.5825277 0.1226541 0.3671616 0.6887855 0.1676786 0.4515064 0.4982184 0.4986235 0.6550227 0.6075720 0.6177543 0.0725663 0.2938550 0.6246104 0.0476253 0.0249326 -0.2652219 0.0899824 0.1195985 -0.2114560 -0.1771106 0.0476657 -0.2480932 0.1815774 0.5295315 0.2531239 0.3812746 0.1297719 0.0223037 0.1521551 -0.2196992 -0.4618735 0.0025526 -0.0115807 -0.1165055 -0.3228928 -0.3993204 0.3620738 -0.1438316 -0.5440987 -0.0467914 0.1112269 -0.3787103 -0.0178787 0.3303829 -0.2400780 0.2868819 -0.4178518 -0.3323365 0.2701197 -0.1794944 -0.0633040 -0.0364934 0.0296546 0.4812167 -0.4142987 -0.3737312
0.2486773 -0.0283265 -0.0306079 0.4771863 -0.1376103 0.4117810 0.2172573 0.6875129 0.4611668 0.5013998 0.7394426 0.4621329 0.6164988 0.1291401 0.3828043 0.0000000 0.4137491 -0.0780571 0.9242721 0.3063661 0.3929419 0.9110244 0.9570534 0.5209945 0.8969656 0.9066829 -0.0556595 -0.5520416 0.5944856 -0.4020218 0.8349785 0.8388348 0.0287076 0.5371722 0.8508445 0.2600555 0.8652367 0.8951947 -0.2691061 -0.4816075 0.6180404 0.5458083 0.2866537 -0.6841297 0.7661984 0.9025741 0.9253231 0.7353238 -0.0917262 0.7910116 0.7950569 -0.2032359 0.5092869 -0.3677711 0.6824482 0.8381964 0.8967099 0.0179897 0.3325556 0.6522902 0.5116520 0.2025813 0.2169271 0.5247343 0.4409028 0.7621059 0.7752721 0.5450044 0.7468466 0.8269970 0.8428045 0.3850069 0.7929017 0.3559984 0.7943035 0.8327490 0.3991218 0.7679780 0.8084371 0.6380235 0.3767484 -0.2052929 0.0351020 -0.1521352 0.0052972 0.0602318 0.3677345 -0.1950920 -0.0233168 -0.2050778 0.4243691 0.4340245 0.2027750 -0.1689824 0.2403061 0.4936506 0.3524149 0.3289512 -0.2158372 -0.4977606 -0.1548745 0.3090153 0.2391004 -0.5421355 0.3547992 0.4626841 0.1683859 0.3968378 0.1485102 -0.0122583 0.0966856 -0.2404066 0.2511112 0.1047111 -0.0726136 0.1138016 0.1585980 0.1082115 0.1615395 0.2943260 0.2577050 0.4072394 0.3183336 0.3646569 0.0723520 -0.2102629 0.2587384 0.2474837 0.0930404 0.3381906 0.0815557 -0.0550747 0.2913874 -0.0513102 0.1525747 -0.0215466 0.0770058 0.1722269 0.0728386 0.0989327 0.1956144 0.1445478 0.2833906 -0.2202967 -0.0149193 0.0975032 0.2413604 0.1830187 0.3765808 0.4083263 0.1619884 -0.2536545 0.3564967 0.3137084 0.3823728 0.2474949 0.3155967 0.2839967 0.3481712 0.1476013 0.4111929 0.4691297 0.1225556 0.2197254 0.4051215 0.1582153 0.2265092 0.2739691 0.3767078 0.5356334 0.3751121 0.4485768 0.2609606 0.6155644 0.3045103 0.1067657 0.1080724 -0.3640564 0.1887516 0.1682891 -0.3382410 -0.0839754 0.3941489 -0.0589681 0.3753305 0.2485682 0.0258187 -0.0885646 0.0102266 -0.0239509 0.4097041 0.1054022 -0.3069855 0.2174500 0.0780875 0.1273267 0.0501698 -0.3543776 0.0832244 -0.1461887 0.0316293 0.0560061 -0.2921510 -0.2244937 0.3115483 0.3865344 -0.1257305 0.5096962 -0.0221850 -0.3871467 -0.0070880 -0.4838033 -0.1011828 -0.0351229 0.0153498 0.2844880 -0.1407303 0.0990536
0.5924919 0.5979497 0.5946935 0.7841291 0.6120168 0.6836844 0.5626706 0.7450432 0.6486205 0.8344120 0.7892757 0.6050888 0.6363449 0.8897811 0.2555901 0.4137491 0.0000000 0.1963076 0.1733555 0.5148045 0.5846832 0.2088732 0.4715187 0.4508487 0.1244050 0.1165116 0.7315457 0.2525289 0.6838759 0.3975837 0.3686621 0.0731886 0.6696126 0.5596025 0.5712015 0.7231521 0.1902533 0.1541299 0.6202746 0.3649549 -0.1290878 0.6269492 0.8910898 0.1230693 0.4458774 0.1494105 0.3577239 0.0159361 0.6886866 -0.0237842 0.6334403 0.5848366 0.6245859 0.4257331 -0.0058779 0.1020328 0.2609590 0.6358689 0.5095240 0.6833664 0.6271287 0.6736547 -0.1832580 0.7566257 0.6770197 0.0966118 0.4420085 0.5057200 0.1400885 0.4428826 0.1672548 0.7401220 0.3700003 0.6310277 0.0944996 0.3276215 0.4792473 0.0712778 0.2941368 0.3598734 -0.0379333 0.0099772 -0.1529698 -0.2702078 -0.2115679 -0.3487566 0.0429563 -0.2186367 -0.3266502 -0.3253114 -0.0640395 -0.0318440 -0.1684255 -0.2576655 -0.3474754 -0.0488426 -0.1346190 -0.1548196 -0.5695745 -0.2585919 -0.3929671 -0.2369633 -0.0416369 -0.6494604 -0.1235662 -0.0683579 -0.3412832 0.0133485 -0.2402876 -0.3198172 -0.3029348 -0.2766604 -0.1905670 -0.2626887 -0.1826151 -0.1404861 -0.1257161 0.0010968 -0.1680691 0.3908139 0.4446499 -0.0646213 0.0226645 0.0827197 0.0490309 0.1910463 -0.1081674 0.0142369 0.2578793 0.0801293 0.0692038 -0.0240363 0.0085082 0.1650881 -0.0471761 -0.0033335 0.2673458 0.2636136 0.0078820 0.3788076 0.0226724 0.3690280 -0.0815357 -0.0968475 0.1491478 0.1381589 0.0837993 0.0336977 -0.0165314 0.2056758 0.0839862 -0.0175635 0.0787040 0.0354731 0.0594754 0.0627202 0.0198544 0.1558453 -0.0747617 -0.0749545 0.0231286 0.1216173 -0.0702958 0.0661713 0.0200921 0.0264323 0.0821808 0.0247587 0.1114210 0.2350135 0.0544614 0.0638733 0.0949178 0.4575081 0.6683081 0.5638954 0.4317735 0.1121839 0.4505177 0.4679950 0.2510203 0.4672476 0.6231184 0.3326071 0.4661352 0.5432330 0.3827289 0.3272056 0.3052319 0.1869454 0.3966552 0.0608848 -0.1011279 0.2086115 0.2494643 0.2797735 0.1839341 -0.0656620 0.2214804 0.1396798 0.2889969 -0.1372618 -0.3855229 -0.0920542 0.5710701 0.0329062 -0.0173515 0.3051789 0.4063996 -0.3054078 -0.3452629 -0.3732669 0.1291256 0.2446399 0.2182899 -0.2426760 -0.1322476 0.0524640
