0.0000000 0.3659278 0.6409574 -0.1472865 0.6231845 -0.0515632 0.0816621 0.1089543 -0.1260154 -0.1250558 -0.2143921 0.0373360 0.2802988 -0.3644301 -0.0050157 0.0506325 -0.0267429 0.0244124 0.1668658 0.2287895 0.0030742 -0.1211772 0.0912503 0.2464453 0.2433692 -0.0276256 0.0201297 0.1843389 0.0928038 -0.1801326 -0.0294228 0.2871217 0.2219553 0.2045284 0.1469789 -0.1163946 -0.2121030 0.1545208 -0.4735059 -0.0582038 0.0736143 0.0472854 0.0662551 0.0182104 0.0571641 0.0678213 -0.2318281 0.0832512 -0.1143163 0.1111487 -0.0971366 -0.3592480 -0.0722775 -0.0181984 0.3210010 0.2006059 -0.3305139 -0.1809106 0.2811118 -0.3597155 0.3321074 -0.1970008 0.4408591 -0.1064499 0.0680773 -0.1432161 -0.1389793 0.1640286 -0.0559539 -0.2811962 -0.2190601 -0.2032921 0.0000468 0.0945187 -0.2016856 -0.2972198 -0.1425666 -0.4149330 -0.1842525 -0.1131922 -0.2960792 -0.5216586 -0.3198708 -0.2497093 -0.1704581 0.0194507 0.0207749 0.1489407 0.0623132 -0.0851983 0.0870919 0.3345389 -0.0811204 -0.1093059 -0.2080601 -0.0237477 0.2893542 -0.3780542 -0.2166135 -0.4235618 -0.2842523 -0.2154756 0.1337344 -0.2071767 0.1062171 -0.2278216 -0.1119728 -0.1292015 -0.0974933 -0.4008147 -0.0889462 -0.3772183 -0.0288825 -0.0734685 -0.1480294 0.0921379 0.1241859 0.0709150 -0.0377579 -0.1278375 0.0837678 0.0523594 -0.0572642 -0.1072394 -0.1537954 -0.1467670 0.1102381 -0.4255993 -0.1266695 -0.3523899 -0.1694481 -0.4568920 0.0560939 -0.0219428 0.0134955 -0.1926635 -0.0433618 0.0689423 0.2377941 -0.1637180 -0.0958759 -0.2936212 -0.0603372 -0.0993269 0.0243541 -0.1447163 0.2018231 0.1147391 -0.0092809 -0.2626197 0.3631090 0.2333860 0.0702269 -0.0093221 0.1645464 -0.0497199 0.1645022 -0.1036369 -0.0276830 -0.0009380 -0.2436450 -0.0351421 -0.1411986 -0.0174675 -0.0268905 0.2725849 0.0914051 0.0192866 -0.0418128 -0.0276381 -0.0063358 -0.0595447 0.2951053 0.5152223 0.4943412 0.5109719 0.1673509 -0.0392116 0.1227609 -0.0113406 0.1423160 0.1761319 0.1034982 0.1373288 0.2499319 0.5029747 0.3894948 0.3691306 0.1966633 0.1364550 -0.2004560 0.0979463 0.2200191 -0.1932797 -0.2735328 -0.3872450 -0.2763559 -0.0332365 0.2136603 0.0189384 0.2336909 -0.0970762 -0.0566042 -0.1853418 0.0303026 -0.3205669 0.1166870 -0.1498467 0.0325095 0.2435476 -0.1589043 -0.3937785 0.2854217 -0.0054916 -0.0251069 0.2533436 0.1339827 0.2733488
0.3659278 0.0000000 0.7694597 0.5721837 0.6952314 0.7523721 0.5086624 0.7584954 0.1776696 0.7293419 0.5566066 0.3408093 0.8428142 0.2531399 0.4819006 0.5165908 0.5384036 0.1383087 0.7519845 0.1776884 0.3276292 0.4379827 0.6425343 0.4639324 0.6950349 0.4582166 0.1845541 0.2892422 0.6551424 -0.1232122 0.1567626 0.3868630 0.3770027 0.6012487 0.6226651 0.3405042 0.3963140 0.7122198 -0.3131450 0.0472562 0.2676440 0.5611837 0.5801484 0.4690939 0.6017821 0.4256407 0.1494420 0.3541197 0.4936694 0.3188043 0.3863691 0.0719079 0.4950457 0.6382837 0.4020902 0.4373218 0.1630821 0.5467379 0.0709059 0.3297078 0.4744121 0.4527015 0.2249362 0.3750778 0.3655491 0.0319190 0.4013171 0.4604639 -0.1865489 0.1661219 0.1790662 0.1997301 0.2317836 0.1751782 -0.3103532 0.3155905 -0.0018888 -0.1864391 0.4677197 0.2299082 -0.3415713 -0.3142601 -0.5281950 -0.3026837 0.0533895 -0.3983256 -0.3279593 0.0887924 -0.3175416 -0.2961339 -0.0702836 0.3996714 0.2033253 0.1389888 -0.3981098 0.0397644 0.4376993 0.0679931 -0.7417360 -0.3625207 -0.3877687 -0.1534358 -0.3193596 -0.3272492 0.1789112 -0.5710039 -0.2731039 -0.2035061 -0.2564095 -0.3698000 -0.2626680 -0.3881394 -0.1899250 -0.2148657 -0.3025375 -0.2216327 -0.1846742 -0.3210584 -0.2377925 -0.2981590 -0.1056622 -0.2633804 -0.0375005 0.1277492 0.0228832 -0.0710389 0.1085515 -0.0734120 0.2232017 -0.2107308 0.0296962 0.0381655 0.2903786 -0.0506624 0.1573264 -0.1131202 -0.0303304 0.4334246 0.3115435 -0.0896471 -0.2155026 0.1655214 0.0506566 0.1297549 0.1307126 -0.1087594 0.1401955 0.1564418 -0.1282302 0.0135984 0.2079836 0.1709181 0.0243061 -0.1450265 0.4233045 0.0594055 0.1312385 -0.2836285 -0.1137220 0.1234049 -0.2306282 0.0659369 -0.1545482 0.1116552 -0.1734059 -0.0201034 -0.2753883 -0.4015987 -0.2471830 0.0697120 -0.3063540 -0.2345605 -0.1731313 0.4720198 0.5662243 0.5492485 0.2419626 -0.0191467 0.2441463 0.2261619 0.1294583 0.0158381 0.0454404 -0.1952268 -0.1880067 0.3424056 0.2527713 0.2316041 0.0831615 -0.0544312 -0.2867097 0.0085905 0.0040189 0.0063165 -0.0660775 -0.0748666 0.2965735 -0.0898689 0.3745340 0.3958675 0.4395605 0.4824726 0.3207854 0.1033380 0.3651756 0.3119449 0.3207149 -0.0834813 0.3191605 0.8003798 0.3358962 -0.0499539 0.6012935 0.2276147 0.1091004 0.2717497 0.3619573 0.2310933
0.6409574 0.7694597 0.0000000 0.2330525 0.7778671 0.5471448 0.4498042 0.5045609 0.0675951 0.3989510 0.2877556 0.2939781 0.7360064 -0.1454262 0.2602522 0.3942404 0.4186060 0.1619908 0.4288881 0.4988303 0.3576778 0.3730500 0.4333375 0.4594252 0.4428624 0.0762420 -0.1191399 0.1933655 0.4505528 -0.2723066 0.1887703 0.3911061 0.4159140 0.5077269 0.3304839 0.2870611 -0.0629982 0.5184595 -0.2474173 0.0765371 0.4054131 0.4451584 0.3577977 0.5154950 0.3676294 0.1900513 -0.1393205 0.4472067 0.4210483 0.0829280 0.0269653 -0.0971429 0.2165500 0.4420569 0.5715744 0.4033792 -0.1688842 0.3245188 0.2798342 -0.0964273 0.4965704 0.1193121 0.5173306 0.2173878 0.2916580 -0.0359848 0.1415639 0.3343130 0.0085943 0.0670837 0.0283778 0.1118501 0.1696423 0.2190989 -0.1983503 0.1272281 0.0521493 -0.4003653 0.1574644 -0.0175568 -0.4301915 -0.2703119 -0.2690060 -0.1259917 0.2109638 -0.2392104 -0.1402910 0.2309796 -0.0545685 -0.1309967 -0.0586159 0.3964411 -0.1244487 0.0901623 -0.3073959 -0.0953151 0.3855182 -0.2774217 -0.5133323 -0.2323563 -0.2966810 -0.4037581 -0.2880780 -0.1024958 0.1367381 -0.5570261 -0.4163843 -0.3576208 -0.0673364 -0.4749346 0.0265047 -0.3827208 -0.3149713 -0.3425532 -0.3805290 -0.3707005 -0.2954399 -0.3637450 -0.3991426 -0.4055636 -0.1839824 -0.3481316 0.0949984 0.0515315 -0.1554700 -0.0232623 0.0120650 -0.3102283 0.1039023 -0.2977672 -0.0645180 -0.1270802 0.1631425 0.1122761 0.2924712 -0.1546265 0.1295646 0.4380168 0.4531472 0.0344098 0.0394199 0.0969667 0.3005690 0.0670403 0.1975577 -0.0983391 0.3656812 0.3262638 0.0716412 0.0924756 0.4289080 0.3883190 0.3413204 0.1118738 0.5509340 0.2564126 0.2729883 -0.0292532 0.0921372 0.0950365 0.0059920 0.2839534 0.1159036 0.1908446 0.1532572 0.3504096 0.0503548 -0.1202696 -0.0236993 0.2627246 0.0968141 0.1182721 0.1069909 0.4866966 0.5707806 0.6821369 0.3356206 0.0240610 0.3890452 0.2536703 0.3417480 0.2507707 0.2046986 -0.0026767 0.0460951 0.5737255 0.3486817 0.3954511 0.2786329 0.0947647 -0.4130395 0.0309105 0.0677766 -0.1211862 -0.1096202 -0.1898054 0.1471905 -0.1073334 0.3738904 0.3444283 0.4441436 0.3708135 0.3051581 -0.0463170 0.4992698 0.1855845 0.4644547 -0.0548248 0.2438629 0.5876316 0.2989034 -0.2210235 0.6903347 0.0671860 0.1308172 0.4208547 0.2621670 0.2769177
-0.1472865 0.5721837 0.2330525 0.0000000 0.1389383 0.8168189 0.3528199 0.8713109 0.3125381 0.8920617 0.8782512 0.2705594 0.6252403 0.3926599 0.5400093 0.6095651 0.4795703 -0.1478887 0.5710096 -0.0623068 0.2657567 0.4942296 0.6557309 0.2722158 0.5006329 0.5093466 0.2473259 0.1093979 0.6596653 -0.0007285 0.3574440 -0.1714738 0.2519932 0.4565810 0.4441909 0.1707316 0.3671964 0.4073903 -0.1848909 0.0378558 0.0985662 0.3095563 0.2730294 0.4496270 0.5407160 0.2532862 0.3327849 0.1017457 0.4997340 0.0933446 0.3866881 0.2361183 0.4955261 0.5224190 -0.0798774 0.2616355 0.2734908 0.7012211 -0.3834947 0.4130956 0.0524614 0.3601209 -0.0921488 0.4504709 0.4381032 0.0748244 0.5227852 0.2789660 -0.0850588 0.3127069 0.3684739 0.3284602 0.1573701 0.0517592 -0.0170900 0.2976648 0.0500410 0.1087091 0.3790967 0.1033885 -0.1226891 -0.0204449 -0.3687163 -0.3858863 -0.1098216 -0.2570333 -0.3555620 -0.2574752 -0.3709150 -0.5375738 -0.4035035 -0.2182391 -0.0621768 0.0014607 -0.2936134 -0.2951329 -0.1429843 0.2328904 -0.5688738 -0.1333568 -0.2345117 -0.0983171 -0.3415005 -0.4728385 -0.2731002 -0.6549307 -0.2530204 -0.2535317 -0.1826990 -0.2486210 -0.1841232 -0.3771896 -0.2635275 -0.3520232 -0.4179940 -0.3988114 -0.4747007 -0.4937285 -0.3906116 -0.3754834 -0.4211637 -0.4997799 -0.1516621 -0.0953224 -0.1864354 0.0883314 -0.2768220 -0.1096716 0.1960195 -0.0673111 -0.1622176 0.0180840 -0.1214366 -0.0376405 -0.0776037 -0.0359382 -0.1286177 0.0741122 -0.0469410 -0.1281658 -0.1848180 0.1846970 -0.3688577 0.4872800 -0.0561474 0.1551297 -0.2546724 -0.1465059 -0.0780033 0.0154717 -0.3014669 0.0185365 -0.1961228 -0.0741549 0.2630245 0.3394530 -0.0899643 -0.2598417 -0.2214790 0.2012119 -0.1368474 -0.1056659 0.0890679 0.0753232 -0.2813287 -0.1172643 -0.2878168 -0.3025910 -0.2238451 -0.1139578 -0.3644385 -0.2976213 -0.5317474 -0.0585494 -0.0008097 0.1445913 0.1585827 0.1385179 0.0964076 0.1187481 -0.1077236 -0.3662870 -0.2910084 -0.4818610 -0.6145806 -0.1961010 -0.2115330 -0.2246563 -0.2832232 -0.2573321 -0.2283647 0.0016950 -0.1292813 0.1944828 0.0668950 0.2413939 0.2277568 0.0344772 0.1600293 0.1588010 0.0784828 0.1282746 0.1492271 0.0776425 0.0419032 0.3715316 -0.1438749 -0.1321329 -0.0586951 0.3238392 0.2434297 0.3374148 0.1580154 0.1991117 -0.0933099 -0.2915067 0.1477222 0.1216685
0.6231845 0.6952314 0.7778671 0.1389383 0.0000000 0.4806698 0.4380316 0.3747385 0.1263563 0.3517415 0.2148668 0.3145883 0.5403065 -0.0919683 0.2912189 0.2762525 0.3351987 0.1872383 0.2608442 0.2430082 0.2674697 -0.0103813 0.2932359 0.5674815 0.2983964 0.1085219 0.0119808 0.4070771 0.4287902 -0.0649071 -0.0367460 0.2661582 0.5217049 0.6391098 0.2022318 0.0535593 -0.1042321 0.3749973 -0.1762961 0.1772147 0.3209767 0.2917271 0.3125595 0.5453386 0.4531618 -0.0166178 -0.3852371 0.4435179 0.4370337 0.0705614 -0.0746165 -0.0917848 0.3885566 0.4118375 0.4732566 0.0668852 -0.3844569 0.1388084 0.2794595 -0.1580205 0.4100527 0.1345552 0.3998855 0.2655855 0.3098931 -0.4189181 0.0221522 0.3407904 -0.2234890 0.1055563 -0.3002998 0.1735856 0.0991458 0.4266666 -0.4780314 0.1734351 0.1867156 -0.5641998 0.2675314 0.2324763 -0.4204104 -0.4966242 -0.3733796 -0.1907250 -0.1279667 -0.2222075 -0.1479430 -0.1552703 -0.1176154 -0.2427280 0.1665679 0.4355479 0.0001941 -0.3077308 -0.2742330 -0.0145935 0.2998335 -0.0961851 -0.5436184 -0.1013750 -0.4579692 -0.1510550 -0.1366870 -0.2488813 0.0302493 -0.4692711 -0.2370882 -0.2404236 -0.2766478 -0.5568757 -0.3502663 -0.4355484 -0.3226633 -0.2663863 -0.3466948 -0.3754259 -0.3320409 -0.3960494 -0.4729525 -0.4339439 -0.3506563 -0.4000055 -0.2325294 -0.1510463 -0.2495647 -0.2812072 -0.1952001 -0.4267439 0.0025260 -0.4048181 -0.2589439 -0.2616617 0.0945512 0.1376447 0.1370817 -0.3249675 -0.1609173 0.2254877 0.1895014 0.0900105 -0.2840869 0.0198742 0.0952179 -0.0332345 -0.0297143 -0.3781050 0.1681429 0.2060578 -0.1911666 -0.0129123 0.2945950 0.0739925 -0.0115885 -0.2601032 0.4466611 -0.1537358 0.0080583 -0.3180997 -0.1081879 -0.0345253 -0.0898372 -0.0193471 -0.1997242 -0.0624346 -0.0564260 0.0544028 -0.2081826 -0.2000223 -0.1564484 -0.0233225 -0.0950884 -0.0774240 0.0278675 0.3904806 0.4548808 0.7236249 0.4111771 0.1429789 0.3312730 0.1784943 0.2346276 -0.0043903 -0.0595317 -0.2062750 0.0306209 0.5784159 0.3571138 0.5978028 0.4949408 0.2963005 -0.3598151 0.3439677 0.2703086 0.0111444 -0.1895295 -0.2029483 0.0567014 0.1137933 0.6327756 0.1420971 0.5691701 0.0730922 0.0409233 0.0321270 0.3195804 0.0062203 0.2303893 -0.1493019 0.3219395 0.6031031 -0.0627171 -0.0020846 0.6368603 0.0698728 0.1123659 0.2391274 0.0052376 -0.0467725
-0.0515632 0.7523721 0.5471448 0.8168189 0.4806698 0.0000000 0.6030806 0.8537825 0.4702992 0.9077869 0.7916184 0.4679877 0.7363010 0.4807196 0.6631553 0.5602984 0.5862635 0.2362268 0.5769088 0.1305076 0.4196132 0.4571366 0.6619693 0.5290615 0.5220553 0.4374690 0.0917084 0.3341201 0.7266895 0.0651615 0.2790463 -0.0353156 0.4897143 0.6707951 0.4505873 0.1515052 0.2205879 0.4687996 -0.0659525 0.1133734 0.2453990 0.2983725 0.4568089 0.6883665 0.5475312 0.1711665 0.0843419 0.3123429 0.7448568 -0.0039747 0.2348732 0.1625106 0.6172170 0.6694325 0.1791024 0.2118020 0.0652236 0.5903697 -0.3026688 0.2477234 0.0629327 0.3339662 0.0345726 0.5424842 0.5054942 -0.1107111 0.2986692 0.2034482 -0.1827475 0.3639252 0.1067474 0.4844257 0.0619278 0.2336009 -0.1699318 0.3922065 0.2414458 -0.1243533 0.4497541 0.1655880 -0.2058170 -0.0130270 -0.2914194 -0.2212711 0.0947270 -0.3959169 -0.3879672 -0.1277977 -0.3830607 -0.3739121 -0.1923489 0.1591185 0.0293294 0.0187524 -0.3202071 -0.1274339 0.1163804 0.2717162 -0.6670771 -0.1100519 -0.2606672 -0.1257100 -0.4138860 -0.3656526 0.0092932 -0.6223257 -0.3335410 -0.2787358 -0.1246341 -0.3978442 -0.1918171 -0.3409244 -0.3334654 -0.4410978 -0.5496293 -0.5641806 -0.6012954 -0.6663675 -0.4833685 -0.4039787 -0.4244145 -0.6009954 -0.0624789 0.1288374 -0.1041726 0.0965384 -0.1848870 -0.0770920 0.3241384 -0.0209482 -0.0227085 0.0454367 0.0914790 0.2022590 0.0760849 -0.1041820 0.0066907 0.3562156 0.2278624 0.0985254 -0.1348934 0.2749856 -0.0596102 0.3411674 0.1233306 0.1336356 0.0360175 0.1158867 -0.1948811 0.1392124 -0.0387121 0.2018044 0.0154193 -0.0562149 0.4847991 0.2693208 -0.0435251 -0.1767307 -0.1984469 0.0764492 0.0195673 0.0496590 0.1503390 0.0947999 -0.0178882 0.0027677 -0.2544944 -0.3774508 -0.2299598 0.0313286 -0.2583111 -0.1826444 -0.4595975 0.0234330 0.1226362 0.3279196 0.2779955 0.1031193 0.2486971 0.2229818 0.0006146 -0.3409208 -0.3121430 -0.5910546 -0.6013606 -0.0330380 -0.1893311 -0.0347569 -0.0317483 -0.0954637 -0.2393072 0.1201356 -0.0650720 0.2218565 0.1231724 0.2004426 0.4591313 0.0512517 0.3714619 0.3834278 0.4295448 0.4013489 0.4642096 0.2818922 0.2856908 0.3740525 0.1858840 -0.1387359 0.2519528 0.5778138 0.4771077 0.3773256 0.4016856 0.1140591 0.0815256 -0.0561877 0.0574932 0.0402527
0.0816621 0.5086624 0.4498042 0.3528199 0.4380316 0.6030806 0.0000000 0.2905761 0.7192760 0.4279694 0.2668829 0.9202731 0.3761825 0.4105842 0.7788604 0.0988229 -0.0074257 0.4711505 0.1828381 0.4375065 0.8408388 0.3906417 0.1361123 0.5167579 0.2503768 0.1285502 -0.1907306 0.4323014 0.7789106 0.1206404 0.3071330 0.2997139 0.6369301 0.6991207 0.0778792 0.3362122 0.0836479 0.6001050 -0.2279883 0.0028186 0.5942552 0.2457188 0.2241379 0.5973978 0.5836562 0.2063319 -0.0847458 0.7326382 0.7303659 -0.2828362 -0.0548543 0.1292373 0.7697114 0.4802027 0.6732903 0.3018539 0.0105928 0.2209007 0.1427225 -0.1043653 0.2232293 0.2877154 0.3223118 0.7936300 0.7351384 0.0726336 -0.1004613 0.0066426 -0.0542649 0.6575349 -0.1473651 0.7580244 -0.0541834 0.7872295 -0.2885228 0.5416505 0.7598981 -0.4250057 0.2759167 0.2493148 -0.5377712 -0.2156909 -0.2688217 -0.2150169 -0.1047145 -0.1692286 -0.1139041 -0.1477521 -0.1995434 -0.3521663 0.0429161 0.1438007 0.0600599 -0.0816526 -0.1928221 -0.0576955 0.3448460 0.2138310 -0.4945037 -0.3288926 -0.3252531 -0.1342335 -0.2122233 -0.4611197 0.1512040 -0.3728633 -0.3420849 -0.2718632 -0.1060018 -0.5364759 0.0380259 -0.4206828 -0.0169280 -0.4421924 -0.6103661 -0.3152451 -0.5044993 -0.5304440 -0.2066312 -0.3798363 -0.3271386 -0.4074515 0.0398597 0.2905734 -0.1843563 0.2747073 -0.2344858 -0.0499295 0.5229615 -0.0624314 0.0022887 -0.0440990 -0.0064609 0.4915569 0.0369935 -0.1648573 -0.1715955 0.2605058 0.1753919 0.4566959 0.2328305 0.3944145 0.0497712 0.2901964 0.0874961 -0.1539550 -0.0146231 0.0553575 0.1303705 0.3501730 0.2919103 0.2770663 0.1781084 0.4020773 0.5549308 0.1377979 0.3694393 0.1382996 0.1469621 0.4011511 0.3993227 0.3739451 -0.0549545 0.4603324 0.3534853 0.2853123 0.2091538 -0.0914957 -0.0140862 0.2892646 0.1197769 0.0062190 -0.1711365 -0.0546312 0.2296044 0.6486226 0.8047986 0.4166272 0.7481956 0.7528599 0.1909378 -0.0230515 -0.0865359 -0.2419276 -0.1864027 0.1781835 0.0571493 0.3622987 0.4376485 0.4076018 0.0017395 0.5902010 0.1732262 0.6321897 0.5152908 0.5538028 0.5696006 0.5058381 0.5769282 0.3549929 0.4463764 0.1602156 0.3294552 0.5680358 0.5856654 0.0842357 0.4122887 0.4062574 0.0011112 0.4534865 0.1804658 0.2998878 0.5407951 0.5276410 0.7077659 0.1393774 -0.1879073 -0.0766300
0.1089543 0.7584954 0.5045609 0.8713109 0.3747385 0.8537825 0.2905761 0.0000000 0.2855008 0.8710972 0.7764132 0.2003639 0.8348515 0.3419408 0.5389359 0.6925656 0.5614711 -0.0264796 0.7353957 -0.0429923 0.1976947 0.4495926 0.7149817 0.5219182 0.6196916 0.5247377 0.1988222 0.2617821 0.6396960 0.0555826 0.3743965 -0.0596932 0.3806534 0.5600077 0.6104746 0.0997471 0.4026687 0.5066852 -0.1585241 0.2185349 0.1012342 0.3106128 0.4104515 0.5251143 0.4984373 0.3765010 0.3725762 0.0716308 0.5244620 0.1185755 0.4363801 0.2226806 0.4440713 0.5895106 -0.0242422 0.3304905 0.2977462 0.6331602 -0.4290576 0.4053098 0.0725539 0.3103132 0.0133193 0.3395044 0.4022677 0.0720807 0.5143850 0.3198790 -0.0421958 0.1631111 0.3180747 0.2042968 0.1325685 -0.0631559 0.0149445 0.2018528 -0.1204710 0.1051544 0.4043651 0.0720549 -0.0314042 -0.0649995 -0.4222805 -0.3019041 -0.0288165 -0.3794665 -0.4172906 -0.0545796 -0.3562691 -0.4054195 -0.3553400 0.1251895 0.0213913 0.1131531 -0.4228760 -0.2593317 0.0052697 0.1088586 -0.7047696 -0.1692271 -0.2796921 -0.1838497 -0.3888628 -0.2936030 -0.0783862 -0.6376294 -0.2687531 -0.2506896 -0.0808070 -0.2539421 -0.2046525 -0.2278833 -0.4192230 -0.3589552 -0.4014770 -0.4478459 -0.3900742 -0.4165833 -0.4185447 -0.1731449 -0.2797255 -0.4764566 0.0157576 -0.0641315 0.0222330 0.1262675 -0.0890231 -0.0932303 0.2784298 -0.0516172 -0.0149503 0.0916733 0.0829526 -0.0874372 0.0998651 -0.0178131 0.1181121 0.3748101 0.2568318 -0.0758865 -0.2206917 0.2069131 -0.1923951 0.2933613 0.1758123 0.1517391 0.0831491 0.1172512 -0.2018003 0.0482571 -0.0490837 0.2010267 -0.0494409 -0.1577298 0.2520219 0.2998603 -0.1195622 -0.2224187 -0.2378670 0.0646912 -0.3375504 -0.0633703 0.0681485 -0.0836078 -0.3267069 -0.1635815 -0.4159171 -0.3983424 -0.2568205 -0.0941781 -0.3916325 -0.2608960 -0.5423567 0.1028939 0.0820843 0.1658260 0.0277351 -0.0764815 0.0501095 -0.0102469 -0.1033103 -0.2866335 -0.3191493 -0.4921145 -0.6040314 -0.0811909 -0.1815724 -0.2334255 -0.3377363 -0.3436880 -0.2211209 -0.1550937 -0.1981488 -0.0049018 -0.0046232 0.0508349 0.3085531 -0.1438712 0.1788086 0.4206791 0.2690774 0.3624986 0.3460317 0.0804723 0.0827640 0.3659616 0.0561811 -0.2055385 0.2013657 0.5087325 0.4243994 0.1933747 0.2834283 0.1149371 -0.1760284 -0.0339516 0.2483739 0.2146368
-0.1260154 0.1776696 0.0675951 0.3125381 0.1263563 0.4702992 0.7192760 0.2855008 0.0000000 0.3739572 0.1423176 0.8570299 0.0866917 0.6121232 0.9035315 0.0013493 -0.1523139 0.5286747 0.1413160 0.0818680 0.7034190 0.0443680 0.0297585 0.6646248 0.2664433 0.1887653 -0.0183855 0.7474733 0.7073887 0.6150867 0.2945706 0.1874036 0.8204641 0.6890166 0.2064668 -0.0572863 0.2279215 0.2944780 -0.0080951 0.1763742 0.3371676 -0.1450514 0.2727135 0.5821452 0.4625685 0.2042702 0.1843676 0.3939035 0.7427374 -0.6206148 0.1857279 0.2216683 0.8224016 0.4054303 0.3473931 0.0160610 0.2205768 -0.0221207 -0.4248341 0.0962449 -0.2758206 0.2615117 0.0319667 0.7547275 0.6387506 0.1869813 -0.1603988 -0.2314865 -0.1103643 0.6113388 -0.2571767 0.7710485 -0.3469699 0.6218339 -0.2047067 0.4125387 0.6943668 -0.2762084 0.1480233 0.1278630 -0.0674377 -0.2355700 -0.3565185 -0.4173469 -0.3481299 -0.3890066 -0.2553001 -0.2347081 -0.4576841 -0.4588893 -0.0892082 0.1690205 0.1847428 -0.1829718 -0.4232039 -0.0478359 0.1936580 0.3001726 -0.5355012 -0.3818186 -0.4504536 -0.1913292 -0.3990984 -0.5083917 0.2790171 -0.1091459 -0.4437724 -0.3994389 -0.0693515 -0.5315467 -0.1199759 -0.2046172 -0.1758230 -0.5948944 -0.7240858 -0.4214151 -0.5568277 -0.4534314 -0.1329126 0.0187993 -0.2855527 -0.4391179 0.3010927 0.2358750 -0.0304796 0.4690483 -0.2012641 0.2858639 0.6272196 0.1548232 0.0953708 0.1028209 0.0692677 0.6055856 0.0721924 -0.0438645 0.0174582 0.2289828 0.1944999 0.5268121 0.2828201 0.3663677 -0.0624329 0.1305995 0.1463600 0.0024827 0.0020385 0.0761877 -0.1230790 0.2924438 0.2120412 0.2152269 0.0055659 0.2609934 0.1007843 0.0223023 0.1059105 0.2186360 -0.0251970 0.3037239 0.1582308 0.1585666 -0.0724558 0.1773799 0.2000261 0.0677089 -0.0345995 -0.3161468 -0.1848686 0.0032222 -0.0895852 -0.2440105 -0.4986883 -0.5734967 -0.4166884 0.1284189 0.5740554 0.1552748 0.5887170 0.6223054 -0.0609221 -0.3522794 -0.5993040 -0.5992034 -0.6045547 -0.3279635 -0.3948275 -0.0765083 0.0759540 0.1910511 0.4561560 0.4719995 -0.0439899 0.8073759 0.7243509 0.6930299 0.7451420 0.5328396 0.4991601 0.4668819 0.4991950 0.1956558 0.5041775 0.8256959 0.4009255 0.1127022 0.3122465 0.4891652 0.0929088 0.3656758 0.3617859 0.4907134 0.2391510 0.5276385 0.6196427 0.0099580 -0.3132346 -0.1232426
-0.1250558 0.7293419 0.3989510 0.8920617 0.3517415 0.9077869 0.4279694 0.8710972 0.3739572 0.0000000 0.8499179 0.3599650 0.6652972 0.4650891 0.5998692 0.5967924 0.6125261 -0.0140876 0.6349733 -0.1123828 0.3270312 0.3600504 0.7261818 0.3755114 0.6356739 0.5727578 0.2210249 0.2502446 0.6925156 -0.0156901 0.1797686 0.0682149 0.3627368 0.5710948 0.5801152 0.2567819 0.4325358 0.4310302 -0.1758370 0.0040177 0.0943601 0.4357867 0.4714520 0.5324159 0.6197753 0.2919266 0.3216371 0.1517084 0.6499401 0.1405795 0.4980370 0.1875078 0.6378485 0.5703290 0.0386322 0.2436028 0.2693975 0.6613127 -0.3293408 0.4543845 0.1578146 0.3966679 -0.0735911 0.5527821 0.4492584 0.0658033 0.4714956 0.3643075 -0.1476827 0.3490896 0.2268830 0.4208957 0.0549968 0.1362642 -0.1052918 0.3888363 0.0866827 -0.0258906 0.4467724 0.1884017 -0.0799600 -0.1282594 -0.4441073 -0.3697882 -0.0006998 -0.4475194 -0.4860332 -0.2361295 -0.4935993 -0.4610130 -0.3082296 0.1072764 0.1599026 -0.0934258 -0.3636197 -0.0512067 0.1397363 0.2890047 -0.7249765 -0.1762549 -0.3116648 -0.1110358 -0.4248475 -0.4488320 0.0037141 -0.5643650 -0.3164529 -0.2640222 -0.1864117 -0.3599834 -0.2575111 -0.3050969 -0.2866226 -0.3332737 -0.4283869 -0.4622660 -0.5030509 -0.5551853 -0.4465565 -0.3824499 -0.3888300 -0.5141958 -0.0533718 0.0312704 -0.0776037 0.0697487 -0.1586285 0.0675794 0.2915148 -0.0172334 -0.0207529 0.1873218 0.0366043 0.0577353 0.1473556 0.0140491 -0.0007451 0.2816865 0.1464708 -0.0332673 -0.1413317 0.2821274 -0.1046867 0.3729489 0.0827135 0.0648141 -0.0371956 0.0863863 -0.1413377 0.1032895 -0.1116960 0.0806818 -0.0783542 -0.1593475 0.3208152 0.1888059 -0.0348801 -0.2295899 -0.1909539 0.1556946 -0.0673935 -0.0111321 0.0437855 0.0828081 -0.1741819 -0.1336838 -0.3621347 -0.4394410 -0.2474659 -0.0405689 -0.3967948 -0.3143698 -0.5175674 -0.0275184 0.0693202 0.2200303 0.1739626 0.0282604 0.1518948 0.1562014 -0.0593614 -0.3296121 -0.2611761 -0.5397107 -0.6114380 -0.0899124 -0.1508602 -0.1246039 -0.1297272 -0.2350851 -0.2499548 0.0162590 -0.1591097 0.2441393 0.0993164 0.2305501 0.3878008 0.0112216 0.3693753 0.3043556 0.3010341 0.3170080 0.3376433 0.2162677 0.1781310 0.5087952 0.0299515 -0.1328784 0.1233211 0.5773009 0.3787652 0.3340908 0.3568273 0.1905363 -0.0075290 -0.0755778 0.1976273 0.0189983
-0.2143921 0.5566066 0.2877556 0.8782512 0.2148668 0.7916184 0.2668829 0.7764132 0.1423176 0.8499179 0.0000000 0.1396848 0.6146275 0.2702945 0.3748965 0.8004069 0.6795628 -0.2671880 0.5243072 0.0479136 0.2215198 0.4067287 0.8070271 0.1126340 0.5014323 0.5864926 0.3345044 -0.0144236 0.5789172 -0.1183187 0.1759746 -0.1251209 0.1590979 0.3428199 0.3321366 0.2613208 0.3129858 0.2464340 -0.1194978 -0.0364266 -0.0218627 0.4773074 0.1228728 0.5075019 0.5540888 0.0967710 0.1980808 0.0103750 0.5476545 0.2410004 0.2238951 0.1019258 0.4121789 0.4907387 -0.1357074 0.2033223 0.1758756 0.8434852 -0.2491735 0.4194545 0.1352369 0.3543516 -0.0732670 0.3873499 0.1906386 -0.0253761 0.6381035 0.5314624 -0.0740806 0.4116067 0.3913285 0.3132790 0.3290558 0.0519562 0.0521183 0.4482922 0.0245219 0.1257719 0.5480765 0.2547014 -0.0884447 -0.0243595 -0.3302802 -0.1872688 0.1913467 -0.3061269 -0.4384627 -0.2707209 -0.3127252 -0.4478649 -0.3809478 -0.1915889 -0.0088040 -0.0353892 -0.1627006 -0.1365799 -0.0319906 0.2553960 -0.5327649 0.1375911 -0.2483677 -0.0607284 -0.3138086 -0.3681526 -0.2584529 -0.6246528 -0.1754841 -0.1798849 -0.2235689 -0.1628867 -0.1163002 -0.3698549 -0.3201203 -0.1686287 -0.2230344 -0.4771831 -0.4606683 -0.4389666 -0.5137420 -0.4269653 -0.4282075 -0.4495162 -0.3359599 -0.2008722 -0.2300958 -0.0532092 -0.1923221 -0.2447207 0.0468790 -0.0389236 -0.2084561 -0.0362739 -0.0078756 -0.0434819 0.0310599 -0.0936868 -0.0974635 0.1048089 -0.0557353 -0.1011314 -0.2509490 0.2133415 -0.3030910 0.4212672 -0.0970383 0.0286433 -0.1556292 -0.0427370 -0.0553127 0.1029506 -0.3612225 -0.1142959 -0.0859075 -0.2034665 0.4376238 0.2751755 -0.1443991 -0.3184848 -0.2097395 0.1135745 -0.0218652 -0.0519683 0.1290614 0.0407392 -0.1722965 -0.2221844 -0.3496665 -0.2964464 -0.1370030 -0.0760689 -0.3392492 -0.2025961 -0.4606063 0.0730820 0.1079606 0.2368754 0.1561721 0.2723843 0.0663781 0.0322975 -0.0359101 -0.3376002 -0.1751284 -0.4669268 -0.5370245 -0.1861062 -0.1097383 -0.0250993 -0.0771385 -0.0923175 -0.4918144 0.0686760 0.0782363 -0.0324934 -0.1016839 0.0909466 0.1124952 0.0724480 0.2491326 0.1293958 0.1262495 0.1945591 0.0823475 -0.1070981 0.1241001 0.5660651 -0.2753145 -0.2281771 -0.0351308 0.3493031 0.1968640 0.4356572 0.2117648 0.1338457 -0.2047748 -0.4200352 0.2128915 0.1928852
0.0373360 0.3408093 0.2939781 0.2705594 0.3145883 0.4679877 0.9202731 0.2003639 0.8570299 0.3599650 0.1396848 0.0000000 0.1952761 0.3926056 0.8169842 -0.0196885 -0.1948081 0.3924706 0.1168281 0.2416723 0.9243948 0.1599138 0.0013294 0.5483484 0.2602810 0.0877476 -0.1953062 0.5820882 0.7960152 0.2936723 0.2159518 0.3398651 0.7449408 0.7292027 0.0983311 0.3029311 0.1481334 0.5043258 -0.1240928 0.0239174 0.4898082 0.1684626 0.2460085 0.5815979 0.6125564 0.2358788 0.0646128 0.6539402 0.7714172 -0.4655783 0.0553507 0.2072289 0.8551898 0.4093911 0.5864011 0.1575735 0.1334572 0.0958273 -0.0126694 -0.0435814 0.0745918 0.2822216 0.2082340 0.8816710 0.7793434 0.2117635 -0.1379083 -0.0648251 -0.0877049 0.7093957 -0.2253938 0.8391306 -0.2166024 0.8448624 -0.2822721 0.5821337 0.8575497 -0.4213137 0.1885407 0.2421645 -0.4389035 -0.3205339 -0.3247084 -0.3477730 -0.2270255 -0.3142158 -0.2368372 -0.1396965 -0.3715320 -0.4030726 -0.0468690 0.1999808 0.1632018 -0.1858240 -0.3417141 -0.0094759 0.3779918 0.1954458 -0.5546285 -0.4343509 -0.3537598 -0.2150134 -0.2999657 -0.5123016 0.2548646 -0.2234812 -0.4158250 -0.3686047 -0.0429085 -0.6102858 0.0863549 -0.3204278 -0.0371817 -0.5041477 -0.6345204 -0.2993617 -0.5098750 -0.4472199 -0.1242578 -0.1958426 -0.2918324 -0.4029146 0.1362779 0.3081537 -0.1078231 0.4606471 -0.2152901 0.1095343 0.6622011 0.0345407 0.0758520 0.0673364 0.0689506 0.6226556 0.1346064 -0.0556688 -0.0789985 0.2936232 0.2495714 0.6075211 0.3853505 0.4987247 0.0715481 0.3031333 0.1587350 -0.1987206 0.0547426 0.1395997 0.1361958 0.4289466 0.3946926 0.3113361 0.1865128 0.4187871 0.4402020 0.0592552 0.3812495 0.2666802 0.1626371 0.5706636 0.3838317 0.3805524 -0.1181132 0.4725054 0.3642058 0.2803344 0.1714733 -0.1709368 -0.0669533 0.2430558 0.0731886 -0.1146218 -0.2598934 -0.2765410 -0.0298829 0.5201716 0.8475882 0.3354096 0.8429741 0.8395000 0.1202636 -0.0839369 -0.2215443 -0.3210785 -0.3120573 0.0079040 -0.1389854 0.2211012 0.3766132 0.3981001 0.2199345 0.6397189 0.0953285 0.8168095 0.7217470 0.7376790 0.6949303 0.6335317 0.6280562 0.4512535 0.4378084 0.0620028 0.3361693 0.7254248 0.5250344 0.0176080 0.4207201 0.5256636 -0.1220615 0.4057523 0.2007172 0.3626369 0.4071037 0.6352701 0.8345415 0.0993681 -0.2971566 -0.1569891
0.2802988 0.8428142 0.7360064 0.6252403 0.5403065 0.7363010 0.3761825 0.8348515 0.0866917 0.6652972 0.6146275 0.1952761 0.0000000 0.1031584 0.3701924 0.6105499 0.5090448 -0.0219645 0.6668236 0.3002083 0.2668215 0.6204528 0.5806446 0.5045626 0.5186899 0.4061979 0.0688378 0.1507681 0.5808535 -0.1014933 0.4299106 0.0647619 0.3174702 0.5579458 0.5563098 0.2457599 0.3222433 0.6952820 -0.1790588 0.2318063 0.2872435 0.3999322 0.4220639 0.4973805 0.4331316 0.4632841 0.2604288 0.2774754 0.4544118 0.1787252 0.2973515 0.2011204 0.3058731 0.6875953 0.2515961 0.4886327 0.2230010 0.6354076 -0.0182336 0.2969881 0.3092956 0.3342759 0.3253763 0.2131360 0.3337791 -0.0023476 0.4157535 0.4062885 -0.0167578 0.0891982 0.2303145 0.0443472 0.2471837 -0.0126645 -0.0707543 0.1840009 -0.1279995 -0.0315115 0.3823143 0.0754986 -0.2174087 0.0509427 -0.2299714 -0.0564817 0.1077572 -0.1937550 -0.2210063 0.1776592 -0.1036986 -0.2183480 -0.1014324 0.2709903 -0.0987169 0.3162292 -0.2974050 -0.2398561 0.1220683 -0.0874098 -0.6442908 -0.0656064 -0.1558732 -0.1821987 -0.2223585 -0.0354593 -0.0107829 -0.6873901 -0.1823323 -0.1596352 0.0622105 -0.1544628 0.0154653 -0.1579173 -0.4644390 -0.2778339 -0.2305793 -0.3668275 -0.2425049 -0.2491145 -0.3687934 -0.2062610 -0.1890882 -0.3660993 -0.0377879 -0.0484509 0.0039056 -0.0157099 -0.0936269 -0.2433738 0.1754293 -0.1800902 -0.0580560 0.0849709 0.1176081 -0.1883097 0.1595867 -0.0374720 0.0812181 0.4593072 0.3142565 -0.0305182 -0.1929921 0.1940729 0.0694795 0.1250775 0.1863472 -0.0493253 0.1942640 0.1515822 -0.0634007 0.1122163 0.1176648 0.2183044 0.0731594 -0.0840606 0.4386554 0.2540947 0.0733225 -0.2003242 -0.0285067 0.0562282 -0.3049820 0.0537682 0.0645721 -0.0156443 -0.2519281 -0.0082796 -0.2116096 -0.1736319 -0.0766946 0.1020600 -0.1320694 0.0043470 -0.3165835 0.3912691 0.4551306 0.4820947 0.1678717 0.1364430 0.2125711 0.1161623 0.2331093 0.0416161 -0.0086486 -0.1685281 -0.2270216 0.3078250 0.1371625 0.0858568 -0.1022031 -0.1579294 -0.4231599 -0.1196415 -0.0119541 -0.2324103 -0.1713399 -0.1372355 0.1805453 -0.1781360 0.1607599 0.4511828 0.3186922 0.4267830 0.1867782 -0.1410667 0.2821413 0.2658402 0.2697717 -0.1916241 0.2600026 0.5295743 0.3097253 -0.0270524 0.4881568 0.0462183 -0.0762165 0.1934587 0.3441462 0.3312861
-0.3644301 0.2531399 -0.1454262 0.3926599 -0.0919683 0.4807196 0.4105842 0.3419408 0.6121232 0.4650891 0.2702945 0.3926056 0.1031584 0.0000000 0.6799859 0.1753683 0.2624925 0.5803079 0.5013918 -0.0969756 0.2090320 0.1132564 0.3454082 0.3381326 0.4631766 0.5750570 0.2618447 0.5173733 0.4378971 0.5446336 0.1493625 0.0195897 0.3400839 0.3228753 0.4036939 -0.1928748 0.4754258 0.1729657 -0.0940174 0.0993821 -0.0905589 -0.1298518 0.3712603 0.2373650 0.2302837 0.1456848 0.2142603 -0.0130180 0.4482501 -0.0876396 0.3424146 0.1446358 0.5591907 0.4093473 -0.0687312 -0.1374492 0.2522039 0.2045626 -0.5934724 0.4363458 -0.4277194 0.4334027 -0.4867533 0.4113069 0.2454062 -0.0015275 0.0866982 -0.0453483 -0.3582399 0.2966752 0.0240207 0.4038438 -0.0124550 0.1137467 -0.1149045 0.3092360 0.2060920 0.2415913 0.4586047 0.1930290 0.3104344 0.0026460 -0.3663331 -0.3077412 -0.1558268 -0.4480981 -0.3877372 -0.1602929 -0.5597502 -0.3597644 -0.1043217 0.1630454 0.2712304 0.0870008 -0.3223233 0.0653850 0.0696893 0.4278708 -0.3546618 -0.3555938 -0.2006019 0.0713388 -0.3110565 -0.4037453 0.2614534 -0.1112282 -0.1199376 -0.0735676 -0.2343417 -0.1812590 -0.3533914 -0.1552281 -0.0031121 -0.2257026 -0.4179702 -0.1905706 -0.2384832 -0.3345368 0.0113874 0.0852560 -0.0580491 -0.1816929 0.0862103 0.2369895 0.0501662 0.1453691 0.1177526 0.3710389 0.2829801 0.0536093 0.1101136 0.0177990 0.2389433 0.0456325 -0.2663788 -0.1989823 -0.1757830 0.0495812 -0.0694010 -0.0125505 -0.2278684 -0.0029505 -0.3299290 -0.1110966 -0.0354107 0.1096251 -0.1701332 -0.1461937 -0.3371529 -0.1668559 -0.2325480 -0.1054383 -0.2378113 -0.1292603 -0.1494759 -0.2777140 -0.1810011 -0.1136370 -0.2507664 -0.2267722 -0.1197766 -0.1760950 -0.2689375 -0.1460670 -0.0506956 -0.3482737 -0.3128143 -0.3989799 -0.2744861 -0.1605738 -0.3627910 -0.3642163 -0.5231569 -0.3615097 -0.2564608 -0.2362386 0.0082125 -0.0357653 -0.0365250 0.1120219 -0.4699565 -0.6360189 -0.5724732 -0.6365275 -0.6304607 -0.5497391 -0.4198897 -0.3296328 -0.2362044 -0.1170672 0.3320812 0.1358796 -0.0450352 0.4263258 0.3683503 0.3118643 0.5583292 0.1907997 0.1593291 0.2393318 0.3613651 0.5109289 0.5763418 0.6412447 0.1376693 0.3085166 0.1198977 0.2104277 0.3297469 0.4129476 0.3850701 0.5144964 0.0509353 0.2750356 0.2211929 -0.0618060 0.1003613 0.1739544
-0.0050157 0.4819006 0.2602522 0.5400093 0.2912189 0.6631553 0.7788604 0.5389359 0.9035315 0.5998692 0.3748965 0.8169842 0.3701924 0.6799859 0.0000000 0.2823062 0.1574702 0.4753445 0.4558702 0.0995544 0.6795208 0.1907568 0.3469971 0.6992265 0.5363750 0.4525816 0.1615922 0.7313689 0.8743697 0.5313103 0.3740704 0.2532350 0.8057975 0.7955750 0.4375737 0.0635628 0.4374078 0.4982191 -0.2734010 0.1179078 0.3582114 0.0770118 0.3723330 0.6693375 0.6643736 0.3949397 0.2829008 0.4008514 0.7857062 -0.4516301 0.3523625 0.1121856 0.8871463 0.5540484 0.3780978 0.1813925 0.3082816 0.2234222 -0.4040336 0.2628909 -0.1269999 0.4279319 0.0591810 0.7337636 0.6316531 0.1624762 0.1063141 0.0664654 -0.1330849 0.5774529 -0.0816305 0.6561790 -0.1009152 0.5276833 -0.1973586 0.4597642 0.5194104 -0.2649705 0.2902145 0.0692076 -0.1764488 -0.3058881 -0.5415711 -0.5409180 -0.3659455 -0.4111861 -0.3818080 -0.2075425 -0.4929405 -0.6297561 -0.1447668 0.2427735 0.1265194 -0.1251662 -0.4712035 -0.0914390 0.2308322 0.1874479 -0.7447304 -0.4802685 -0.5591173 -0.2711002 -0.4323277 -0.6465717 0.2076613 -0.3786092 -0.4643175 -0.4272180 -0.1550001 -0.6071938 -0.2063502 -0.3648903 -0.2656107 -0.5876112 -0.7437466 -0.4571180 -0.5428819 -0.4856896 -0.2359305 -0.1433515 -0.3177151 -0.4712450 0.2115087 0.1522232 -0.0807386 0.3210380 -0.1680166 0.1742372 0.5591152 -0.0225752 0.0147214 0.0447319 0.1242029 0.3544692 0.0751691 -0.0467117 -0.0962566 0.2531060 0.1718693 0.2793726 0.1442331 0.3319513 -0.1473212 0.1571936 0.1024687 -0.0875412 -0.0269354 0.0543344 -0.0227680 0.2191075 0.1318715 0.1952894 -0.0144388 0.2064523 0.2321459 0.0386805 0.2061194 0.0807943 0.0606818 0.2752043 0.0236052 0.1496034 -0.1030749 0.2154173 0.1155348 0.0265673 -0.0706944 -0.2575592 -0.0784040 0.0983312 -0.1023672 -0.2017632 -0.5023719 -0.3837951 -0.1608246 0.2467311 0.5390650 0.1415062 0.5505396 0.5864180 -0.1182954 -0.3667355 -0.5335595 -0.5930142 -0.6302553 -0.2067816 -0.2784397 -0.0613633 -0.0267365 0.0187295 0.1787416 0.3536487 -0.1030723 0.6721986 0.5384048 0.5450227 0.6527883 0.3623502 0.4664058 0.4301495 0.4322567 0.2834991 0.4575413 0.6613337 0.4217030 0.2565307 0.3092722 0.4003572 0.0846379 0.5044914 0.2970259 0.3765914 0.4032638 0.5849889 0.4850645 0.0551007 -0.0713281 0.0630044
0.0506325 0.5165908 0.3942404 0.6095651 0.2762525 0.5602984 0.0988229 0.6925656 0.0013493 0.5967924 0.8004069 -0.0196885 0.6105499 0.1753683 0.2823062 0.0000000 0.7282406 -0.2628752 0.6523624 0.1038264 0.1532624 0.2535014 0.8512261 0.1976464 0.5864564 0.6275512 0.2928360 0.0361534 0.4904173 -0.0487940 0.2237025 -0.0129380 0.1837794 0.2630492 0.2865159 0.2674821 0.3802022 0.2504557 -0.2084226 0.1626070 -0.0841606 0.5587158 -0.0800664 0.5241335 0.5315944 0.1452424 0.2156481 -0.0848063 0.4724887 0.2436622 0.1221722 0.0239228 0.2524085 0.3482127 -0.1746675 0.1625497 0.2125315 0.8297835 -0.2659134 0.4029663 0.0919873 0.3159223 -0.1137343 0.2232606 0.0530537 0.0517595 0.8116965 0.7746648 0.0989407 0.3725591 0.5625327 0.1180907 0.6229243 -0.0459008 0.3051529 0.4678604 -0.1502116 0.3159847 0.6582398 0.2001436 0.0110570 -0.1789390 -0.4899014 -0.1517701 0.2115730 -0.3881945 -0.5673240 -0.1236052 -0.2527997 -0.4749895 -0.5437498 -0.0460173 -0.1022218 0.0098661 -0.2533261 -0.2775330 -0.0399373 -0.1013916 -0.5264721 0.1132529 -0.3141103 -0.3026021 -0.3622865 -0.2306874 -0.2946391 -0.6369599 -0.1698956 -0.2344243 -0.2200663 -0.1696802 -0.0425139 -0.3280012 -0.4725430 -0.0964994 -0.1526987 -0.5091341 -0.3235249 -0.2660829 -0.5978987 -0.2308686 -0.3118034 -0.3676145 -0.2558240 -0.4290568 -0.1918281 0.0035923 0.0040289 -0.4216690 0.0145210 -0.2316761 -0.2162767 -0.1837656 0.1544065 -0.2959846 0.0921669 -0.2262434 -0.0242781 0.1902124 0.0356610 -0.1208280 -0.2877440 0.1863846 -0.3505963 0.1827123 -0.0334427 -0.2145492 0.1067894 0.1417971 0.1021137 0.1259234 -0.1842476 -0.0522654 0.1442734 -0.1834514 0.3922516 0.1505939 -0.0923479 -0.2174492 -0.0274609 -0.0027246 -0.1651854 0.0875992 -0.0517097 -0.0830806 -0.1211298 -0.3666712 -0.4123856 -0.1551344 0.0610681 0.0539808 -0.1877654 0.0012009 -0.3666270 0.1744546 0.1248874 0.2012101 0.0437132 0.1330103 0.0290274 -0.1226082 -0.2781093 -0.2833764 -0.1309427 -0.3496362 -0.4297506 -0.1727628 -0.0856540 -0.0292687 -0.1219606 -0.1177957 -0.5825686 -0.0270477 0.0743399 -0.2586777 -0.1251486 -0.0643773 0.0543011 -0.0062477 0.2144363 0.1907224 0.0714725 0.2507362 0.0793132 -0.1974978 0.1580150 0.6140807 -0.2225477 -0.0811870 -0.0623855 0.3012060 0.0696254 0.3082578 0.2836751 0.2831255 -0.2870114 -0.2551150 0.3800579 0.4873731
-0.0267429 0.5384036 0.4186060 0.4795703 0.3351987 0.5862635 -0.0074257 0.5614711 -0.1523139 0.6125261 0.6795628 -0.1948081 0.5090448 0.2624925 0.1574702 0.7282406 0.0000000 -0.0289995 0.6307785 0.0738428 -0.1339711 0.1848587 0.8459727 0.0783496 0.6102911 0.5647207 0.4324807 0.0615771 0.2679783 -0.0699327 -0.0439065 0.0646478 0.0601694 0.2152120 0.4706667 0.0794181 0.2640494 0.0632730 -0.2254210 -0.0461116 -0.1325158 0.4050077 0.2807046 0.4156586 0.3550915 0.0165455 0.0158123 -0.1299458 0.3137540 0.2539328 0.2956095 -0.2682293 0.1173944 0.4163383 -0.1068555 -0.0019630 -0.0324860 0.6100951 -0.2054199 0.4412186 0.0717112 0.3861202 -0.1481006 -0.0752769 -0.2583549 -0.2459689 0.5834663 0.6303309 -0.1972774 -0.0407804 0.2881366 -0.1600206 0.4950708 -0.2932714 -0.0052767 0.1661814 -0.3531770 0.0630639 0.4070227 -0.1196844 0.0924389 -0.0491943 -0.2819283 -0.1908199 0.2630703 -0.3676071 -0.4735554 -0.0112075 -0.3004108 -0.3308664 -0.2639912 0.1810004 -0.1605423 0.0062865 -0.2183508 -0.0089480 0.0219229 -0.1628917 -0.4324554 0.0423269 -0.2575631 -0.2992308 -0.3850440 -0.2193931 -0.0889845 -0.5730258 -0.2697431 -0.2579897 -0.2301759 -0.2445764 -0.2476145 -0.3215137 -0.4340655 -0.1455961 -0.1763837 -0.4659569 -0.2993429 -0.3688009 -0.4994135 -0.4467627 -0.2876887 -0.3378151 -0.1640863 -0.2069781 -0.2328364 -0.3473236 0.0519632 -0.1537373 -0.2885611 -0.2974682 -0.2404090 -0.0844293 0.2674051 -0.3081664 0.1605637 -0.0751544 -0.0566195 0.1048378 0.0149342 -0.4950071 -0.3467351 -0.0941068 -0.0427741 -0.0051024 -0.0754665 -0.0247204 0.0714862 0.1264039 -0.0081847 -0.1957506 -0.3691002 -0.1145209 0.0025199 -0.3280264 0.2669605 0.0603304 -0.0945793 -0.2854337 -0.0063393 -0.3352602 -0.1467051 -0.1123098 0.1682702 -0.1293087 -0.0653674 -0.1312196 -0.2417071 -0.0812030 0.0837863 0.0676119 -0.0839738 0.0358523 -0.1774894 0.1476825 0.2379428 0.0281053 -0.2183128 -0.1283972 -0.1963715 -0.2063121 -0.1645350 -0.2780098 -0.0694197 -0.3155106 -0.3227580 -0.0035581 0.0249534 -0.0560383 -0.1815905 -0.3799043 -0.6141138 -0.2856004 -0.1101367 -0.3496301 -0.4268982 -0.3697421 -0.0608359 -0.3972893 0.0217286 -0.0235514 0.0742337 0.4610696 0.2022118 -0.2723997 0.1641985 0.6463974 0.0074072 -0.3064717 0.2541836 0.4141836 0.1853954 0.0440302 0.3618751 -0.1226587 -0.3995405 -0.0270596 0.5593660 0.3987896
