0.0000000 0.8227561 0.5895863 0.5216106 0.5849449 0.5098188 0.3870680 0.3838046 0.0004399 0.0434225 0.3066102 0.1852896 0.4245004 0.2582834 0.2291642 0.4439991 0.4195002 0.3483633 0.0611840 0.3573205 -0.1408343 -0.1252098 0.3259604 0.0542843 -0.0282229 0.2918892 0.2803498 -0.0298320 -0.2869349 0.3069724 0.0806378 0.1590124 -0.0701306 -0.0213855 -0.0199124 -0.3493327 0.0947260 -0.0298504 0.0207401 -0.3957936 0.2564656 -0.1509021 -0.0816200 -0.3039130 -0.0969798 -0.2397130 -0.0075161 0.1060770 -0.1005276 -0.2499331 -0.0580497 -0.2931562 0.1131056 -0.3552652 -0.0271529 -0.3180103 -0.1683392 -0.2074126 0.0815965 -0.1495443 0.0550326 -0.2369563 -0.0705940 -0.0392643 0.0431367 -0.2507742 -0.2095610 -0.1500625 -0.3616513 -0.2208518 -0.2504121 -0.1050397 -0.3018708 0.1364895 -0.0684684 -0.3510935 -0.2878792 -0.4441242 -0.4687596 -0.1309907 -0.7580361 -0.1428164 -0.3389817 -0.4106808 -0.4685556 -0.5259626 0.0198396 0.0443085 -0.4979155 -0.4733372 -0.2815148 -0.2256409 -0.2340785 0.3321849 -0.2226580 -0.0169048 -0.2158702 -0.1882488 -0.1350247 0.3224293 -0.2347099 -0.3556651 -0.5128450 0.1182336 -0.3845111 -0.2020195 -0.4499433 -0.3608617 -0.5030211 -0.2500781 -0.4560678 -0.4071600 0.1752264 0.0630540 -0.1600427 -0.0420211 -0.0835469 -0.3684519 0.0132311 -0.4796135 -0.1480670 0.1574603 -0.3274972 -0.0773742 -0.1354029 -0.4970474 -0.2869797 -0.3651320 -0.3693297 -0.1637077 -0.1214832 -0.4081163 -0.0775782 0.1896850 -0.1374884 -0.4643849 -0.0174119 -0.4603725 -0.2862829 -0.5879708 0.1172905 -0.6315399 -0.2165608 -0.2296645 -0.2305917 -0.1054014 -0.3814113 -0.2132262 0.2460135 -0.5738619 -0.6158157 -0.5012345 -0.5269528 0.3187902 -0.1852715 -0.6031160 -0.4564462 -0.5223918 -0.2560286 -0.5914950 -0.3609226 -0.6328617 -0.1350232 -0.4611499 -0.4514293 -0.2419540 0.2810565 0.3788386 -0.1244823 -0.4838222 0.0034771 0.0952687 0.6680755 -0.0956578 0.4378132 0.2740185 0.3473628 0.5566932 -0.0957664 -0.0636567 0.4300869 -0.0211993 -0.0357637 0.0129455 0.1327510 0.0493769 0.2397349 0.1555405 0.0156601 -0.2732606 -0.5443094 -0.1860962 -0.4188984 -0.4785698 -0.5229403 -0.4692417 -0.3179585 -0.3392375 -0.6152298 -0.4059585 0.0767178 -0.0335466 -0.1067496 -0.3672742 0.2601558 -0.2287583 -0.5966526 -0.3086031 0.1891664 0.1093188 -0.0602228 -0.1730679 0.0647307 0.2434807 -0.0388975 -0.4461065 0.1442272 0.0951743
0.8227561 0.0000000 0.5779481 0.6395592 0.6187413 0.7038006 0.6675593 0.4869711 0.3038632 0.2615161 0.6188449 0.4759819 0.4567017 0.4692348 0.4777689 0.7122464 0.6795945 0.3177201 0.1354361 0.3721515 -0.2336850 -0.2318204 0.4895094 0.3009951 -0.1074691 0.3249213 0.5041042 0.0401550 -0.2827807 0.2091238 -0.1630948 -0.0204741 0.1270802 0.0544927 -0.0458914 -0.4139744 -0.0084945 -0.1700853 0.2063274 -0.5218328 -0.0008254 0.0022692 -0.0496406 -0.0812581 -0.0846551 -0.2609548 -0.0630356 -0.0944984 -0.0371075 -0.3777347 -0.1446807 -0.4286928 0.1210618 -0.4464373 -0.1286263 -0.2684383 -0.2216536 -0.1647988 0.2953533 -0.2638206 0.3040755 -0.3814978 -0.0930920 -0.0051086 -0.0273341 -0.3302587 -0.3238249 -0.2391499 -0.2515973 -0.2994291 -0.3152979 0.0846721 -0.3491436 0.2249225 -0.1695684 -0.3679691 -0.2845618 -0.4239625 -0.4036402 -0.3256979 -0.7113669 -0.1896962 -0.2440232 -0.4452098 -0.5916129 -0.4282827 -0.2190487 -0.0524067 -0.6232785 -0.4666971 -0.4537939 -0.3839554 -0.4976576 0.3174596 -0.3377203 -0.2120247 -0.3028409 -0.3065339 -0.1250886 0.1375031 -0.2030164 -0.4780243 -0.4736107 0.1819662 -0.4554687 -0.1714435 -0.5417919 -0.5564162 -0.5502736 -0.3330583 -0.3996567 -0.4550500 0.0973108 0.0855141 -0.1164671 -0.0961011 -0.0354989 -0.3162324 -0.0342813 -0.5459788 -0.2895531 0.1582987 -0.4916437 -0.3854795 -0.1795808 -0.4650083 -0.4789578 -0.5261164 -0.2941830 -0.4578634 -0.2476191 -0.5165219 -0.2077332 -0.0260639 -0.2570996 -0.5894765 -0.1051671 -0.4349278 -0.2835582 -0.6647770 0.0435160 -0.6885271 -0.3594251 -0.3924395 -0.2788000 -0.1513350 -0.4808850 -0.2966488 0.1074900 -0.5512895 -0.6025599 -0.5352145 -0.6201240 0.2570316 -0.2946120 -0.5415439 -0.5625420 -0.5265019 -0.3316008 -0.6459136 -0.4531250 -0.6225096 -0.1927163 -0.4759427 -0.5538641 -0.2502942 0.2869115 0.3625414 -0.1269654 -0.5237312 -0.0769513 0.0586548 0.4860221 -0.2833733 0.4786152 0.2657079 0.2613586 0.5307308 -0.3004326 0.0277012 0.4181064 0.0418244 0.1843483 0.2648136 0.2742608 0.0584829 0.3479567 0.0776472 0.1880379 -0.2161142 -0.5994795 -0.2942734 -0.5066000 -0.4813155 -0.5730993 -0.4887525 -0.2620553 -0.4220112 -0.6432108 -0.3693698 -0.2351882 0.0722886 -0.0776724 -0.3631340 0.1906933 -0.5696552 -0.6724287 -0.3690578 -0.1092224 0.0304099 -0.1934705 -0.1732746 -0.0498336 0.0275422 0.0059242 -0.4216963 0.1470413 0.2227312
0.5895863 0.5779481 0.0000000 0.7401144 0.9737187 0.4364393 -0.1269014 0.7571912 -0.1832106 0.0628499 0.3937511 -0.2242962 0.9251240 -0.0092173 -0.1002880 0.5670967 0.1898471 0.1785169 0.3899567 0.8193920 -0.6234836 0.4265428 0.0137717 0.1087353 0.2037572 0.2040792 -0.1571005 -0.1027249 -0.4166389 0.0015675 0.4654684 0.1154151 -0.0799996 0.1206394 -0.2837514 -0.8270310 -0.1211801 0.2846244 -0.3645593 -0.6649752 0.5152796 -0.5552045 -0.3999661 -0.5990237 -0.5245447 -0.1296854 -0.0613956 0.3933575 -0.3333411 0.0575456 -0.3351424 -0.6975130 0.1318849 -0.7231895 0.2263353 -0.1926743 -0.3334138 -0.6262104 -0.2449656 -0.5256881 -0.1543019 -0.6657569 0.0862979 0.0756610 0.2013073 -0.3362178 -0.4828604 -0.6146862 -0.1325555 -0.4260670 -0.2956330 0.2060960 -0.5761412 0.5714938 0.2656683 -0.4617843 -0.1678923 -0.3233112 -0.5467278 -0.3027672 -0.5556914 0.2160765 0.0722554 -0.3225289 -0.2030208 -0.1553867 0.3692347 -0.2032786 -0.1060220 -0.2927225 0.0346665 0.1335747 -0.2860831 0.0133518 0.0425513 0.0662582 -0.1449113 -0.4447269 -0.0445170 -0.1098199 -0.4342760 -0.3283955 -0.1273230 0.2134854 -0.2561564 -0.2243189 -0.4168513 -0.3517474 -0.3344271 -0.4097295 -0.3626126 -0.2495354 0.0304445 -0.3631363 -0.1778544 -0.3317779 -0.3190977 -0.2493039 -0.0867548 -0.2674741 -0.2153771 -0.1362403 0.1043483 0.2176418 -0.2913920 -0.2724020 -0.3141103 -0.1686193 -0.2964974 -0.0968660 -0.1962129 -0.1780339 -0.1856705 0.2323947 -0.0619124 -0.3102504 -0.0486958 -0.1738701 -0.1845650 -0.6595213 0.2233249 -0.5571124 -0.1375877 -0.2763358 -0.2120758 0.0039070 -0.4693132 -0.3519686 -0.1108854 -0.6347763 -0.6825148 -0.5006636 -0.6518897 0.2707049 -0.4587496 -0.3410282 -0.4460207 -0.5219707 -0.1031708 -0.5396158 -0.5012255 -0.4858479 0.1552994 -0.4486384 -0.5921642 -0.0345726 0.3642255 -0.0264452 -0.1553822 -0.3549501 -0.0641900 -0.0705516 0.1630710 -0.3415009 -0.2453559 -0.0047956 0.0695574 0.3802634 -0.6056777 -0.6377172 -0.0549710 -0.5208320 -0.3860030 -0.3047847 -0.1475115 0.1867401 0.0800067 0.3528347 0.3952062 0.0940544 -0.1712840 -0.1589790 -0.2268758 -0.0424862 -0.2164618 -0.0013301 0.2571036 -0.2416217 -0.4126075 0.0488552 -0.4072204 -0.2496291 -0.3058750 -0.2004743 0.7641760 -0.0145329 -0.2267573 -0.1565663 -0.2703178 -0.1614779 -0.3831425 -0.3048411 0.4817111 0.3537276 0.3735576 -0.2463797 -0.1040728 -0.1525488
0.5216106 0.6395592 0.7401144 0.0000000 0.7336817 0.8719855 0.1592160 0.8527899 0.4497400 0.6337992 0.7843241 0.3486542 0.6811876 0.4361274 0.2104582 0.8020809 0.7012243 0.1106143 0.4691702 0.4133105 -0.1149592 0.0772280 0.4197534 0.3725620 0.1659761 0.4967470 0.1703460 0.1134842 0.1388893 0.0373289 0.0688854 0.0593528 0.1351362 0.5267745 -0.0639229 -0.4844459 0.0836557 0.0436989 -0.0480734 -0.4463218 -0.0035981 -0.1554164 -0.2224390 -0.3283175 -0.0629962 -0.0711568 0.0651507 0.0562387 0.1280036 -0.1293761 -0.1710264 -0.4877851 0.6034247 -0.3279149 -0.0019855 -0.0861367 -0.1266219 -0.0983359 -0.0792734 -0.3568439 0.2449309 -0.4316711 0.0159965 0.6073801 0.6042331 -0.1173138 -0.2389594 -0.2482793 0.0682103 0.1154239 -0.0544021 0.6495003 -0.1746885 0.7638520 0.2413243 0.0757405 0.2498396 -0.0480907 0.0223791 0.1422756 -0.2348085 -0.0969746 -0.1006978 -0.3751378 -0.1400786 -0.0822807 0.0843614 -0.4725816 -0.2587146 -0.1599506 -0.1346019 0.0654634 -0.0936785 -0.2183224 -0.1126246 -0.1166505 -0.1434421 0.0007578 -0.1205449 -0.3583536 -0.3625763 -0.0319186 -0.0090337 0.0463904 -0.1119369 -0.0654457 -0.1175836 -0.2265861 -0.1847134 -0.0304442 -0.2036722 -0.0181706 0.4003257 0.1151144 0.2251435 0.0511997 0.1571553 0.2003466 0.2020526 -0.0633124 0.1023086 0.2307109 -0.2191885 0.2060432 -0.2101493 -0.0825081 -0.2724246 -0.3950046 -0.2027306 -0.2176395 -0.1308742 -0.4473489 -0.2499954 0.1100191 -0.4034201 -0.5371243 -0.0764347 -0.0260242 -0.0419817 -0.4110806 -0.0685964 -0.2986170 -0.4007498 -0.3346534 -0.1244453 -0.2916640 -0.2581552 -0.2643130 -0.2335195 -0.3209424 -0.3360825 -0.3314823 -0.3155148 -0.0309066 -0.3384470 -0.4436005 -0.4067994 -0.4460631 -0.1874581 -0.2836718 -0.5452805 -0.1675599 -0.1205646 -0.3179324 -0.3981292 -0.2706701 0.0438537 -0.0021583 -0.1994454 -0.2285157 -0.2280028 -0.0977738 0.2823638 -0.1656471 0.0174844 0.3933369 0.4007235 0.5072472 -0.4062847 -0.3132641 -0.2425479 -0.4929583 -0.1268048 -0.2121976 -0.0588195 0.4767100 0.3281428 0.2961585 0.6730094 0.4390575 -0.0529585 0.2335194 0.0280665 0.1007228 -0.1274277 0.0213164 0.2976687 0.0768152 -0.1785584 0.1942319 -0.4957451 -0.2358374 -0.3333300 -0.2031807 0.4769194 -0.3535738 -0.2026803 -0.1407068 -0.4390553 -0.0339202 -0.5072921 -0.2805667 0.4322297 0.2657755 0.3405935 -0.2013844 -0.0664162 0.0423412
0.5849449 0.6187413 0.9737187 0.7336817 0.0000000 0.4700128 -0.0974812 0.7020419 -0.1167518 0.0683412 0.3800672 -0.2068118 0.8779133 0.1145302 -0.0086761 0.5506342 0.2282532 0.2854017 0.3587462 0.8219948 -0.6343907 0.3559585 0.0751060 0.2422532 0.2179301 0.2059718 -0.0376853 0.0194574 -0.4134781 0.0845168 0.3969982 0.1294544 0.0615583 0.1811269 -0.2927561 -0.8659371 -0.1555649 0.2458882 -0.2621652 -0.6780240 0.4627138 -0.5617167 -0.3878518 -0.5577475 -0.5768385 -0.1932311 -0.1321736 0.3492641 -0.2845039 -0.0177821 -0.3949986 -0.7303017 0.1154882 -0.7623781 0.1569152 -0.2733528 -0.4049553 -0.6341113 -0.2351239 -0.5824355 -0.1801493 -0.7162125 -0.0121936 0.1172368 0.1991769 -0.4305005 -0.5754313 -0.6518156 -0.2248790 -0.4775705 -0.4019301 0.2486125 -0.6553891 0.6084733 0.1417522 -0.4955663 -0.1492576 -0.4028548 -0.5803352 -0.3034505 -0.5866854 0.2454005 0.1096433 -0.3253216 -0.2215636 -0.1039498 0.3489572 -0.2636705 -0.1275524 -0.3089470 0.0249195 0.1024850 -0.2499477 0.0094771 -0.0018807 0.0450225 -0.0978449 -0.3992656 -0.0434384 -0.1348965 -0.3894047 -0.2900687 -0.0838013 0.3029660 -0.1980691 -0.2206055 -0.4093228 -0.3979258 -0.3296307 -0.3942945 -0.3381484 -0.2793808 0.0350449 -0.3160207 -0.1001234 -0.2528786 -0.2435372 -0.2346273 -0.0239857 -0.3079600 -0.2464649 -0.1479308 0.1210892 0.1825697 -0.2537416 -0.3187719 -0.2967164 -0.1473001 -0.2767693 -0.1027772 -0.1475962 -0.1501206 -0.1362841 0.1803216 -0.0150985 -0.2655828 -0.0196365 -0.1936326 -0.1601364 -0.6414438 0.2679694 -0.5732781 -0.1354208 -0.2665525 -0.1685517 0.0413376 -0.4505409 -0.3000649 -0.0785975 -0.5650719 -0.6388402 -0.4380744 -0.6364322 0.3035555 -0.3965038 -0.2791552 -0.4287985 -0.4463399 -0.0701319 -0.5246140 -0.4349075 -0.4466162 0.1646935 -0.4307090 -0.5388623 0.0121644 0.3773361 0.0318871 -0.1272465 -0.3372356 -0.0119989 -0.0545303 0.1679360 -0.3982873 -0.2211468 -0.0568663 0.0316585 0.3321565 -0.6427150 -0.6706526 -0.0666440 -0.5429581 -0.3830572 -0.2613089 -0.1813428 0.1839861 0.0515127 0.3714015 0.4454293 0.1238403 -0.2137520 -0.1126408 -0.1820388 -0.0550377 -0.2874644 -0.0195337 0.2836107 -0.2183032 -0.4324034 0.0199987 -0.3834838 -0.1995326 -0.1700965 -0.1051714 0.7507865 -0.0975218 -0.2728951 -0.0873718 -0.2550878 -0.1130826 -0.3139203 -0.2120127 0.5260431 0.3794542 0.4237758 -0.1468672 -0.0356444 -0.0725544
0.5098188 0.7038006 0.4364393 0.8719855 0.4700128 0.0000000 0.5032429 0.6509458 0.7211759 0.7608126 0.8359099 0.6804412 0.3623968 0.6589275 0.4044780 0.8202200 0.9073840 0.0781222 0.3650981 0.0837362 0.1798251 -0.2062278 0.6770304 0.4288079 0.0884022 0.5757095 0.5403313 0.2614708 0.2789825 0.1078261 -0.2302151 0.0561086 0.1774909 0.4677096 0.0533059 -0.1989969 0.1749842 -0.1080965 0.2684405 -0.2929104 -0.2643697 0.1275411 -0.0378026 -0.1260025 0.1847478 -0.0841303 0.0094714 -0.1543397 0.1995428 -0.2795606 -0.1084678 -0.3086327 0.5618434 -0.1709508 -0.1778848 -0.0875166 -0.0459568 0.1077185 0.1252125 -0.2027675 0.4436512 -0.2755652 -0.0784294 0.5919831 0.5340687 -0.0635277 -0.1379199 -0.0528516 0.0518622 0.2268725 -0.0133761 0.5904243 -0.0102329 0.5700489 0.0555039 0.2201220 0.2978570 0.0389897 0.2046460 0.2539797 -0.1660925 -0.1071121 -0.0457486 -0.2654007 -0.0999720 -0.0242963 -0.1869198 -0.3587021 -0.3513974 -0.0325810 -0.2436706 -0.0556457 -0.0528594 -0.1219703 -0.2287043 -0.1647020 -0.1183563 0.1520846 -0.0395530 -0.2242636 -0.0984857 0.0958631 0.0367366 0.1540880 -0.0359538 0.1095690 -0.0258312 -0.1392212 -0.1453893 0.0713900 -0.0750742 -0.0233090 0.4806557 0.3758791 0.2895701 0.2041689 0.3004100 0.1569750 0.2028779 -0.2006249 0.0364073 0.3546180 -0.4366070 -0.0702529 -0.1886645 -0.1578246 -0.2931442 -0.4762778 -0.2082576 -0.3669345 -0.1431651 -0.4352706 -0.2281146 -0.0946472 -0.4115112 -0.5385250 -0.1191119 -0.1102253 -0.0626457 -0.2709520 -0.1085486 -0.2356116 -0.4253050 -0.3179236 -0.1339213 -0.2748647 -0.1909773 -0.2205947 -0.1441671 -0.1566585 -0.1112213 -0.2318464 -0.1903385 -0.0307811 -0.2127586 -0.3883324 -0.3194766 -0.3364954 -0.2141556 -0.1487545 -0.4282097 -0.1090509 -0.2303809 -0.1917138 -0.2798409 -0.2923991 -0.0148062 0.1420422 -0.1652288 -0.1980135 -0.1728256 -0.0539016 0.4529232 0.0314942 0.3985234 0.5429955 0.5213961 0.5325290 -0.1524982 0.0447436 -0.0532915 -0.1859626 0.1340523 0.1022623 0.1278157 0.5075630 0.4602712 0.1620703 0.6045348 0.3688899 -0.2259311 0.3096783 0.0190824 -0.1117513 -0.2749320 -0.2034758 0.0905552 0.0761725 -0.1842966 0.0144965 -0.3450107 -0.0139693 -0.0899245 -0.1221444 0.1544394 -0.5620254 -0.3090195 -0.0619211 -0.3477509 0.1712598 -0.2522675 -0.0948066 0.1806448 0.1172762 0.2513211 -0.1677399 0.1291937 0.2723875
0.3870680 0.6675593 -0.1269014 0.1592160 -0.0974812 0.5032429 0.0000000 0.1036105 0.4994203 0.2901545 0.4841763 0.8207247 -0.1083980 0.4303676 0.5120740 0.4514361 0.6329051 -0.0078428 0.0491285 -0.3442787 0.1943909 -0.4756094 0.5369891 0.2031314 -0.1945841 0.2990453 0.6221027 0.1133737 -0.0249626 0.0583934 -0.4873268 -0.1025762 0.1135867 -0.1149161 0.2001697 0.2159594 0.1896622 -0.2689325 0.4563345 -0.1414403 -0.3444735 0.5167136 0.2575553 0.3441051 0.4062118 -0.0132557 0.0421302 -0.3226235 0.0954820 -0.2965520 0.1530239 0.0412564 0.0063801 0.0115394 -0.1744247 0.0487999 0.1382182 0.2691213 0.6347610 0.2019243 0.6494067 0.1011561 -0.0179608 -0.1182427 -0.2488514 0.0236199 0.1216703 0.2253571 0.0205140 0.0296058 0.0454331 -0.0781551 0.1758239 -0.2541219 -0.2404789 0.0339636 -0.2294786 0.0257461 0.0848562 -0.1855328 -0.3086228 -0.3192899 -0.1706523 -0.1385460 -0.3482426 -0.2556270 -0.6750248 0.2139528 -0.5553326 -0.0898507 -0.5094746 -0.4809730 -0.4581939 0.4150118 -0.3599486 -0.2528016 -0.1702278 -0.0987981 0.0498085 0.2745591 0.2582268 -0.2323874 -0.3527721 0.1180610 -0.2423702 0.1687507 -0.3238150 -0.2754823 -0.2321311 -0.2378845 0.0103056 -0.2760809 0.1298760 0.3396949 -0.1733501 0.0094693 0.0876672 -0.2633466 -0.1801518 -0.4241148 -0.1890319 0.3218054 -0.7353684 -0.7054062 -0.0343449 -0.2428055 -0.3307603 -0.5415274 -0.0915719 -0.5774785 -0.2629710 -0.3982418 -0.1971061 -0.2876993 -0.2762968 -0.4645169 -0.1895093 -0.3095690 -0.2473461 -0.2424556 -0.1243927 -0.2683095 -0.3200154 -0.2869189 -0.2730348 -0.1328515 -0.2530516 -0.2280882 0.1598805 -0.1175472 -0.0795447 -0.3162748 -0.1960341 0.0878755 -0.1510786 -0.3512332 -0.2982828 -0.2844398 -0.3443713 -0.2727023 -0.1626891 -0.2917316 -0.2944392 -0.1372748 -0.2180469 -0.2999209 0.0430646 0.3583948 -0.0033078 -0.2698077 -0.0556633 0.1294185 0.3680068 -0.0026362 0.7893635 0.4297327 0.2832425 0.3512875 0.1023054 0.6070318 0.5364221 0.5556984 0.6345083 0.6862867 0.5986930 -0.0067841 0.4791846 -0.2484598 -0.0847270 -0.3563366 -0.5412956 -0.2828093 -0.5017259 -0.5696205 -0.4193963 -0.5972309 -0.5426887 -0.4164476 -0.4285850 -0.3937528 -0.0991083 0.4436397 0.2009711 -0.2275492 -0.3045030 -0.6381065 -0.5425651 -0.3674588 -0.1119719 0.1793045 0.1495525 0.0065339 -0.5392679 -0.3572582 -0.3150948 -0.4876877 0.1681388 0.3528668
0.3838046 0.4869711 0.7571912 0.8527899 0.7020419 0.6509458 0.1036105 0.0000000 0.1501893 0.4248219 0.5793992 0.1328655 0.8459163 0.0882945 -0.1587050 0.6862297 0.4005419 -0.1735350 0.7533642 0.3544656 -0.2828923 0.3649327 0.2127730 0.1356473 0.3911703 0.5387454 -0.1869759 -0.0245893 -0.0011579 -0.2172514 0.3651292 0.2519282 -0.0308929 0.3492688 -0.0398544 -0.5620614 0.2470976 0.3778837 -0.3218730 -0.5739022 0.2365406 -0.2763246 -0.3047933 -0.4420872 -0.0673769 0.3054150 0.2473773 0.3488537 -0.1112864 0.2776630 -0.0437948 -0.5108771 0.4943962 -0.3949033 0.3732792 0.2844365 0.1198102 -0.2389556 -0.0524972 -0.1591429 0.3105836 -0.3412910 0.4066496 0.4062616 0.4920260 0.1477154 -0.0122198 -0.1814271 0.3876862 0.1111510 0.2379489 0.4599800 -0.0385272 0.6658729 0.6090891 0.1135616 0.1143379 0.2559716 0.0362553 -0.0151734 -0.2049744 -0.0384833 -0.0003912 -0.3634872 -0.0428215 -0.0828328 0.0062457 -0.4142775 -0.2081066 -0.0379995 -0.0227991 0.1374250 -0.1805126 -0.2009853 -0.0246344 0.0363144 -0.0192784 -0.1135781 0.0339450 -0.3390381 -0.2552504 -0.0154343 -0.0035784 0.0273170 0.0314009 0.0981004 -0.1895430 -0.1006396 0.0392699 -0.2324371 0.0097412 0.0181076 0.4440325 0.0256515 0.0065685 -0.1006567 0.0170062 0.0791258 -0.0274474 -0.0507698 0.1382070 0.1880643 -0.1846249 0.2215759 -0.1338955 0.0192727 -0.2274299 -0.3737454 -0.1049708 -0.2834411 -0.2485728 -0.2951219 -0.3447954 0.0892186 -0.2813316 -0.4650625 -0.1762008 0.0710562 -0.1019373 -0.3720939 0.0667138 -0.2135754 -0.2409402 -0.3907068 -0.2763214 -0.1654383 -0.3520705 -0.4407315 -0.1439957 -0.2714601 -0.3065567 -0.4800454 -0.3349437 0.1080028 -0.5472686 -0.4506435 -0.2808486 -0.5933067 -0.0794610 -0.2119722 -0.5240427 -0.1039387 0.0318352 -0.1932070 -0.4257579 -0.2718815 0.1935611 0.0071508 -0.0596851 -0.1331791 -0.1334982 0.0235932 0.0119874 -0.2858076 -0.1276652 0.4203497 0.3638706 0.4756113 -0.4547039 -0.4306265 -0.3363391 -0.4840485 -0.2253065 -0.2766877 0.0689975 0.5688431 0.4661245 0.4022989 0.6055200 0.3496653 -0.0822981 0.0433172 -0.0807755 0.0891332 -0.0584272 0.0476960 0.2064542 -0.1071503 -0.2021320 0.2805237 -0.6323053 -0.1110125 -0.3655946 -0.2300547 0.6618218 -0.2297075 -0.0933994 -0.2483748 -0.6288151 -0.0892123 -0.4618162 -0.3126300 0.3564653 0.2268494 0.2252209 -0.4185111 -0.2681401 -0.1581081
0.0004399 0.3038632 -0.1832106 0.4497400 -0.1167518 0.7211759 0.4994203 0.1501893 0.0000000 0.8363020 0.6395520 0.8474079 -0.2543448 0.7802814 0.5784234 0.4528503 0.7907393 0.0683215 0.0381020 -0.3415900 0.5608075 -0.4945663 0.6671329 0.5214801 -0.1448426 0.3732528 0.6616540 0.4232556 0.6304373 0.1666200 -0.5768616 -0.1616871 0.4418865 0.5821772 0.1770444 0.3142558 0.1023394 -0.4391387 0.5175528 0.1892368 -0.6687073 0.4877039 0.1794449 0.4264218 0.4605862 -0.1300266 -0.0116110 -0.5439612 0.5780664 -0.4739223 0.0284956 0.0820875 0.5439982 0.3370868 -0.4908957 -0.0974315 0.0519675 0.5660523 0.2656127 0.0243184 0.5082070 0.0784276 -0.2368113 0.5862438 0.4191103 0.0529159 0.0757637 0.2898234 0.0737119 0.4453388 0.0796505 0.5733769 0.3080352 0.3090597 -0.2166484 0.4906317 0.4846473 0.1026989 0.5401095 0.4270561 0.2325569 -0.3216218 -0.0697476 -0.0488986 -0.0375022 0.1129054 -0.3222187 -0.3201897 -0.2669696 0.0493678 -0.3282205 -0.1842474 0.1101631 -0.2366579 -0.3315233 -0.3948952 -0.1070041 0.4306686 -0.2062686 -0.3307652 -0.0223412 0.2577654 0.1377211 -0.1515305 0.0477067 0.0406954 0.2720525 0.0375609 0.0420774 0.3890498 0.0184683 0.1875082 0.3472152 0.5107042 0.4823308 0.3527581 0.4701333 0.3981669 0.1942372 0.0826020 0.1747982 0.3216385 -0.4775743 -0.2691020 -0.0217811 0.1322042 -0.1535533 -0.3861062 -0.0091876 -0.3060604 0.0045089 -0.5153562 -0.1842727 -0.2681785 -0.5367351 -0.4619869 -0.0996310 0.0576787 0.0630202 0.2064542 -0.4470611 0.1642155 -0.5259547 -0.1267951 0.0231096 -0.4761329 0.0785737 0.0151362 -0.2332420 0.2005065 0.2354594 0.1313818 0.2177800 -0.4022601 0.0600230 -0.2632960 -0.1985227 -0.0161030 -0.2811088 0.0743286 -0.1524714 0.2285164 -0.5132459 -0.0916543 0.0743598 -0.4232469 -0.4408022 0.0566713 -0.2055561 -0.0246177 -0.2523067 -0.1929971 0.2265474 0.2411428 0.4178324 0.4875954 0.4164694 0.2196326 0.1450567 0.4093425 -0.1334347 0.0075426 0.3849562 0.2343282 0.1773251 0.3286479 0.3018520 -0.0353932 0.4496149 0.4566183 0.0452431 0.4770321 0.2880814 0.1458092 -0.0205915 -0.0124339 0.1217014 0.3662145 0.1642924 0.0976067 -0.1437083 0.0853962 0.0122146 0.0990507 -0.3258504 -0.5530872 -0.0085294 0.1381066 -0.2069175 0.2041754 -0.1396874 0.1889970 0.0010874 -0.0604470 0.0833610 0.1351403 0.2480003 0.4067810
0.0434225 0.2615161 0.0628499 0.6337992 0.0683412 0.7608126 0.2901545 0.4248219 0.8363020 0.0000000 0.6951715 0.6776454 0.0095740 0.6833520 0.3120579 0.5673313 0.7530350 -0.0869232 0.2006818 -0.2022359 0.5445626 -0.2014602 0.5083863 0.4033935 -0.0437872 0.3118768 0.4172560 0.3089837 0.6955037 0.1209359 -0.4004879 -0.2531531 0.2484639 0.6165846 0.0371256 0.2367556 0.0320116 -0.2900206 0.1782375 0.1299109 -0.5841941 0.4554491 -0.0345888 0.1306577 0.5061624 -0.0991095 -0.0218845 -0.4057465 0.4224874 -0.3085136 -0.0677524 -0.0387087 0.6243561 0.2823768 -0.3604176 -0.0238569 0.0147444 0.4706493 0.1935604 -0.0913441 0.5988708 -0.0213932 -0.1228673 0.7025675 0.5370843 0.1105358 0.0941412 0.2301347 0.2141017 0.6070145 0.2218480 0.7657897 0.3540490 0.5396382 0.1200628 0.6295610 0.6925576 0.3056004 0.6229306 0.4644575 0.3143247 -0.2891303 -0.1675739 -0.2334620 -0.0001153 0.0006428 -0.1679653 -0.5393791 -0.2721150 0.0160564 -0.2710327 0.0179962 0.0886817 -0.5085974 -0.3096452 -0.4209998 -0.1520911 0.3011738 -0.2929547 -0.5337703 -0.2507759 0.1716316 0.0896061 -0.3064363 -0.0154486 -0.0316840 0.1933282 -0.0086772 -0.0283051 0.3984427 -0.0593784 0.1953151 0.2759328 0.3446278 0.5364447 0.2856010 0.4612805 0.5426245 0.1897523 0.1273718 0.1261374 0.2335107 -0.4373407 -0.1416744 -0.2307743 0.1793568 -0.3575610 -0.4615613 -0.0873502 -0.3457115 -0.1514926 -0.4848304 -0.3931380 -0.2479701 -0.5581612 -0.5341450 -0.2004522 0.1401946 0.0587484 0.1818094 -0.3485521 0.1822141 -0.4415936 -0.2988745 -0.0992602 -0.4515224 0.0155372 -0.1492507 -0.3025349 0.1370829 0.2515283 -0.0161041 0.1664075 -0.3394179 -0.1816200 -0.2798091 -0.0327070 -0.2088210 -0.1900687 0.2417995 -0.3979521 0.2660705 -0.3439480 0.1218839 -0.1055242 -0.3597830 -0.3040924 -0.0736816 -0.1099188 0.0583151 -0.2794389 -0.1449313 0.3015668 0.3558416 0.3558078 0.7234067 0.6275276 0.4984285 0.1951497 0.3133940 -0.2362019 -0.1405578 0.3038494 0.1114999 0.2414502 0.4771475 0.4569988 0.0831358 0.7075051 0.6802943 0.0955664 0.5548062 0.4287340 0.2820723 0.0522262 0.1811500 0.3600351 0.4633577 0.2650335 0.3139010 -0.3252739 0.1058259 -0.2475186 -0.0101666 -0.1194310 -0.3002471 0.1773492 0.1247475 -0.4334185 0.3266315 -0.3924638 0.0989411 0.1482289 0.2459042 0.3151553 0.0553497 0.1952838 0.3432400
0.3066102 0.6188449 0.3937511 0.7843241 0.3800672 0.8359099 0.4841763 0.5793992 0.6395520 0.6951715 0.0000000 0.7096689 0.3525247 0.4155457 0.3517465 0.8897786 0.8781231 -0.1261513 0.3097671 0.1956291 0.0373238 -0.1059146 0.5677689 0.2780494 -0.0255446 0.3751767 0.3993357 -0.0573943 0.1619835 -0.1606158 -0.2778184 -0.2897951 -0.0097350 0.3027563 -0.0254149 -0.1582897 -0.0253838 -0.1646878 0.1583125 -0.3070831 -0.3408774 0.1640383 -0.0239960 -0.1080997 0.1185398 -0.1676994 -0.0572017 -0.2316950 0.0959618 -0.2522171 -0.1603924 -0.3376681 0.4045939 -0.1861042 -0.1677589 -0.1027566 -0.1606526 0.0936836 0.0664439 -0.3133574 0.3589493 -0.3464719 -0.2096527 0.4476565 0.2940592 -0.2055750 -0.2352983 -0.2290213 0.0162911 0.1431046 -0.1300454 0.5895610 -0.0803063 0.4077491 -0.0709174 0.1355075 0.1834443 0.0002137 0.1848698 0.0453150 -0.1210014 -0.1022427 -0.0103404 -0.1359622 -0.1289124 0.0498155 -0.2431761 -0.1938324 -0.2782955 -0.0082180 -0.3728607 -0.1450895 -0.2870114 -0.0472390 -0.2215593 -0.3147470 -0.2800712 -0.0721924 -0.0735947 -0.2501327 -0.1846368 -0.1355769 0.0550638 0.0877916 -0.2928361 0.0057303 -0.0670257 -0.1915068 -0.3277616 0.0381228 -0.1682926 -0.0305398 0.2380658 0.2551081 0.1788519 0.0944686 0.1896063 0.2087278 0.2267099 -0.1771083 -0.0871743 0.3842827 -0.4653658 -0.1468471 -0.4302109 -0.1510285 -0.3797557 -0.5387354 -0.3401685 -0.5031168 -0.3769414 -0.4602919 -0.3738933 -0.1661333 -0.4895249 -0.5655154 -0.2773299 -0.1924070 -0.2148325 -0.3887679 -0.2140070 -0.2801122 -0.5428857 -0.3548229 -0.2530075 -0.2497517 -0.3180702 -0.3445393 -0.3720438 -0.3450411 -0.1839817 -0.2960855 -0.3298879 -0.1569080 -0.3510750 -0.2435543 -0.3833301 -0.3332952 -0.3867703 -0.2006848 -0.4959886 -0.2281512 -0.2230966 -0.2227917 -0.3985055 -0.2192360 -0.1154578 -0.1131674 -0.2604919 -0.2357773 -0.3101721 -0.1556427 0.3242713 0.0031737 0.2436347 0.3953911 0.3666004 0.5215590 -0.2461977 0.1603944 0.0567769 -0.0660340 0.2288511 0.1912104 0.0276797 0.1852316 0.2247443 -0.1537511 0.4724208 0.2914574 -0.0773280 0.1218985 -0.1000060 -0.0794195 -0.1704199 -0.1433089 0.2219605 0.0434923 -0.1533356 0.0560976 -0.4320471 -0.1110311 -0.1543462 -0.1607489 0.0789121 -0.5335114 -0.3215167 -0.1501099 -0.3572238 -0.1128665 -0.3679933 -0.1971753 0.0266395 -0.1294610 0.2094370 -0.1962568 0.0349928 0.2237485
0.1852896 0.4759819 -0.2242962 0.3486542 -0.2068118 0.6804412 0.8207247 0.1328655 0.8474079 0.6776454 0.7096689 0.0000000 -0.2446700 0.5942720 0.5781396 0.5155849 0.8271596 -0.0735562 0.0201168 -0.4358661 0.5169165 -0.5482044 0.6257574 0.3163235 -0.2458353 0.3193970 0.6367515 0.1833712 0.4285706 0.0167395 -0.6365504 -0.2699980 0.1905060 0.2580533 0.1775514 0.4199614 0.1303756 -0.4376103 0.4766332 0.0900451 -0.6456718 0.6506447 0.2195193 0.4008104 0.5960076 -0.1058350 -0.0047714 -0.5483343 0.4048248 -0.4335584 0.0938702 0.0992212 0.3784476 0.2852604 -0.4060653 -0.0314342 0.0985865 0.5461689 0.4685725 0.1184195 0.6601841 0.1184034 -0.2089611 0.3286736 0.1326397 0.0485066 0.1345364 0.2874118 0.0558419 0.3725514 0.0926882 0.3372464 0.3268490 -0.0040155 -0.2643469 0.3932667 0.2175165 0.1362650 0.4574009 0.2446675 0.0515407 -0.3833607 -0.1770050 -0.0425555 -0.1523960 -0.0613721 -0.5986673 0.0024728 -0.4192263 0.0429003 -0.5181938 -0.3904717 -0.1751294 0.1155218 -0.3848889 -0.4185501 -0.2420038 0.2302833 -0.1104883 -0.0083110 0.1204179 0.0197469 -0.0871663 -0.0696934 -0.1813623 0.1103458 0.0543072 -0.0664483 -0.1246468 0.1619600 -0.0113436 0.0429498 0.2883608 0.5006440 0.2089603 0.2516240 0.3313282 0.1758563 0.0887908 -0.0938927 0.0425014 0.4266043 -0.6857515 -0.4812557 -0.0948892 0.0054802 -0.2748719 -0.5125669 -0.0881460 -0.4682917 -0.1753252 -0.5320276 -0.2230313 -0.2552161 -0.5660594 -0.5350392 -0.1689792 -0.1059972 -0.0981321 0.0232998 -0.4308448 0.0240472 -0.5551063 -0.1693092 -0.1284412 -0.4015926 -0.0431865 -0.1049589 -0.1770316 0.0202445 0.1605617 -0.0535347 0.0635312 -0.3070343 -0.0397194 -0.3191384 -0.2872623 -0.1402055 -0.4531529 -0.0386440 -0.2251009 -0.0412991 -0.5008127 -0.1090923 -0.0979763 -0.4367270 -0.3473183 0.0798797 -0.2138632 -0.1802920 -0.2917739 -0.1230760 0.3695710 0.2225842 0.6725140 0.5616603 0.4372670 0.3539110 0.2143771 0.6684494 0.2573992 0.3738418 0.6203348 0.5242406 0.3939615 0.1241529 0.3748849 -0.2979278 0.1771402 0.0869323 -0.1508787 0.1742250 -0.0850117 -0.1860640 -0.1301911 -0.2843433 -0.1765575 0.0563238 -0.0570768 -0.0814599 -0.1346093 0.2085039 0.0622353 -0.0914219 -0.3955532 -0.5938164 -0.2631085 -0.1532375 -0.1774739 0.1327981 -0.0509168 0.0602651 -0.3243735 -0.2721178 -0.1151286 -0.2580955 0.1866162 0.4054318
0.4245004 0.4567017 0.9251240 0.6811876 0.8779133 0.3623968 -0.1083980 0.8459163 -0.2543448 0.0095740 0.3525247 -0.2446700 0.0000000 -0.1277526 -0.2091740 0.5208772 0.1061154 0.0299344 0.6119227 0.6634310 -0.6821401 0.5721574 -0.0704957 0.1115147 0.3804824 0.3025560 -0.3192493 -0.0852499 -0.4043656 -0.1923833 0.5916755 0.2446956 -0.0682490 0.1310149 -0.1978903 -0.8342469 0.0462566 0.5026951 -0.4051265 -0.6616042 0.5975838 -0.5526608 -0.3663159 -0.5702513 -0.4415899 0.1394468 0.1121819 0.5611118 -0.3475518 0.3203963 -0.1983014 -0.6319388 0.1679796 -0.6700226 0.4713932 0.0922884 -0.1143600 -0.5826349 -0.2302343 -0.3793141 -0.0366158 -0.5577101 0.2919903 0.0909468 0.1923359 -0.1226098 -0.3121520 -0.5207498 0.1197834 -0.3219276 -0.0837527 0.2321529 -0.4212671 0.5511838 0.4619048 -0.3526785 -0.1995758 -0.0575862 -0.4164583 -0.3438403 -0.4346699 0.1443272 0.1013699 -0.3050238 -0.0734007 -0.0773369 0.2015373 -0.2043969 -0.0579207 -0.1163839 0.0815817 0.1609895 -0.3288556 0.0096545 0.1089894 0.1514448 0.0003487 -0.4381973 0.0867040 -0.1490596 -0.2826336 -0.2299868 -0.0510255 0.2298891 -0.0755295 -0.0355721 -0.4086990 -0.2854024 -0.1283691 -0.5524052 -0.1208085 -0.1932240 0.1039368 -0.3527909 -0.2860111 -0.3405795 -0.2974358 -0.1986900 -0.1342053 -0.1556251 -0.0465726 -0.0148383 0.1208669 0.2553147 -0.1602480 -0.1273358 -0.1450557 -0.1239538 -0.1203490 -0.0992648 -0.1668811 -0.0419005 -0.1427917 0.2323780 0.0295623 -0.1950050 -0.0214413 -0.0281506 -0.0914593 -0.6189159 0.2987058 -0.4268705 -0.0055732 -0.3020540 -0.1760406 0.1017779 -0.4105148 -0.3573741 -0.0477210 -0.4761422 -0.5536421 -0.4965141 -0.5411305 0.3283391 -0.4932649 -0.2643796 -0.3263226 -0.4678981 0.0344959 -0.4379779 -0.3609263 -0.3176060 0.2974936 -0.3016290 -0.4534065 0.0213117 0.4362180 0.0132804 -0.0016145 -0.1970154 0.0405850 0.0594150 -0.0202221 -0.4347786 -0.3447343 -0.0001483 0.0327574 0.2991408 -0.6587127 -0.6872533 -0.1827833 -0.5152028 -0.4045946 -0.2971527 -0.1171853 0.2390680 0.1406485 0.3374629 0.3699952 0.0422458 -0.1277936 -0.2515268 -0.2964768 -0.0290405 -0.1067604 -0.0135625 0.1778224 -0.3190280 -0.3665202 0.1288989 -0.5281035 -0.1755628 -0.2558178 -0.1648120 0.8175000 -0.0075863 -0.1590527 -0.2306585 -0.4508812 -0.2101728 -0.3417300 -0.4059261 0.3779269 0.2396745 0.2698992 -0.3477696 -0.2379404 -0.1876050
0.2582834 0.4692348 -0.0092173 0.4361274 0.1145302 0.6589275 0.4303676 0.0882945 0.7802814 0.6833520 0.4155457 0.5942720 -0.1277526 0.0000000 0.7502667 0.3640819 0.7078609 0.5235927 -0.1014336 -0.1932319 0.3755731 -0.4663470 0.5498071 0.7873887 -0.1567387 0.2763820 0.7772132 0.6769408 0.4435184 0.5686034 -0.5216236 -0.0863710 0.6858803 0.6056922 0.1229849 0.0919336 0.0142273 -0.4138520 0.6139320 0.1225471 -0.4495923 0.4074623 0.1719192 0.3815638 0.2936147 -0.3187086 -0.0733657 -0.4091392 0.5718742 -0.5582616 -0.0501500 0.0487647 0.4071260 0.1648015 -0.4840603 -0.2863502 -0.1038090 0.4188469 0.3316341 -0.1159993 0.4627243 -0.0227601 -0.3020573 0.4969751 0.2824119 -0.1100812 -0.1099995 0.1955545 -0.1454077 0.2334433 -0.1171844 0.5146717 0.0735620 0.3849275 -0.2926754 0.1909520 0.3628256 -0.1607575 0.1934031 0.2087804 -0.0557391 -0.4130410 -0.3043261 -0.3540322 -0.2564514 -0.1489230 -0.1852880 -0.4479755 -0.4006279 -0.2041442 -0.2635427 -0.1516318 0.0358897 -0.2232692 -0.3239942 -0.2968701 0.0330729 0.2367879 -0.2523506 -0.2759968 -0.0788604 0.0692546 -0.1610643 -0.0998639 0.0430069 -0.0699911 -0.0775406 -0.3543344 -0.1580621 0.1380084 -0.0990228 -0.1482349 0.0727954 0.2854351 0.3811819 0.2688359 0.4376034 0.2271501 0.1311410 -0.0953627 0.0404783 0.1520093 -0.3922636 -0.3487504 0.0818021 -0.0768620 -0.1945384 -0.3187741 0.0777405 -0.1787526 0.1938718 -0.3907657 -0.0038457 -0.1944727 -0.2361800 -0.3110235 0.1186873 -0.0169309 0.2007805 -0.0182554 -0.1010106 -0.0895243 -0.2016469 -0.2664687 0.1613357 -0.2460358 0.1115486 0.1640326 0.1467840 0.2157488 0.0696672 0.0506252 0.1419184 -0.0258780 0.1647655 -0.2719908 -0.0999303 0.0375819 0.0032335 -0.0648211 -0.0251190 0.1741499 -0.2336230 -0.0095764 0.1199983 -0.1632911 -0.0325596 0.3939776 0.1132322 0.0234381 0.0598778 0.1059464 0.4045061 0.1007684 0.5035797 0.3761714 0.3456729 0.2235921 0.0959509 0.2273761 -0.0100436 -0.0421610 0.3373875 0.2737854 0.2383573 0.2314503 0.3231287 0.1057810 0.4435294 0.2661538 -0.2461739 0.3110236 0.1672543 -0.0341836 -0.2647928 -0.1734872 -0.0258011 0.1807999 -0.0672284 -0.1299126 -0.0949227 0.2170565 0.0709103 0.0192963 -0.2863386 -0.4845714 -0.1593646 0.0600578 -0.1522274 0.4237591 -0.1148416 0.0869846 -0.0123103 0.1730730 0.0951913 0.1532391 0.3608875 0.4919392
0.2291642 0.4777689 -0.1002880 0.2104582 -0.0086761 0.4044780 0.5120740 -0.1587050 0.5784234 0.3120579 0.3517465 0.5781396 -0.2091740 0.7502667 0.0000000 0.2296019 0.5588724 0.6792212 -0.4776331 -0.1142747 0.1488818 -0.7185431 0.2386909 0.6981759 -0.5966361 -0.0528635 0.6767371 0.4262919 0.1293982 0.4975027 -0.7034039 -0.2976651 0.6042272 0.2813159 0.0444092 0.1336260 -0.1760668 -0.6883679 0.6809317 0.0887640 -0.4574459 0.5157201 0.2295488 0.6050859 0.2006052 -0.4785785 -0.1142345 -0.5964950 0.5929583 -0.7519607 -0.0451549 0.0756142 0.2104881 0.0949650 -0.5958431 -0.3719424 -0.1959706 0.3465537 0.5272375 -0.1616854 0.3876317 -0.0753584 -0.3493636 0.1979280 0.0241063 -0.2429482 -0.2345273 0.0413706 -0.2541277 -0.1133733 -0.3209954 0.2158258 -0.1333706 0.0691620 -0.5379891 -0.1843234 -0.0131202 -0.4314268 -0.0813585 -0.0280951 -0.1306402 -0.4480889 -0.3989958 -0.2409846 -0.4275055 -0.2411146 -0.2426498 -0.0240874 -0.3246669 -0.2815993 -0.2985339 -0.3687757 -0.2267428 0.2438325 -0.1427134 -0.2637423 -0.2233065 0.0291103 -0.1440558 0.1001085 0.0285092 -0.2431917 -0.3700341 0.0212295 -0.2780495 -0.1414543 -0.2315865 -0.6057465 -0.2906207 -0.0967514 -0.2106406 -0.2002335 -0.1644591 0.0026218 0.0964184 -0.0163155 0.0944209 -0.0148713 0.0212816 0.0105760 -0.0408707 -0.0326507 -0.2313010 -0.4060076 0.2867765 0.0054947 -0.1781166 -0.0680971 0.3122699 0.0638942 0.3965594 -0.3469975 0.3307449 0.1442478 -0.2674773 -0.1628755 0.4344215 0.0661808 0.3671562 -0.1805028 -0.2560997 -0.1664328 -0.1951512 0.0082695 0.4308415 -0.2760837 0.2810583 0.4486857 0.0247720 0.0638636 -0.1022729 0.1917551 0.0958865 -0.1751169 0.4286322 -0.1637031 -0.4073846 0.2572009 -0.1654538 -0.3467816 -0.0252367 -0.1253460 -0.2617323 -0.2853734 0.0239228 -0.0875012 -0.0576548 0.2014685 -0.0714747 -0.2457536 -0.1704771 -0.0393111 0.2063621 -0.1864234 0.4221251 -0.0590368 -0.1428522 -0.1615606 -0.1020199 0.3095928 0.2920122 0.2376233 0.5482448 0.4636508 0.2780570 -0.1621867 0.0936556 -0.2051750 -0.0088109 -0.2154908 -0.1356285 -0.0861010 -0.2467460 -0.1359498 -0.0897688 -0.2208500 -0.2913103 -0.1456961 -0.1691432 -0.2060949 -0.1455200 -0.0125128 -0.0364956 -0.2336323 -0.3879932 -0.4709361 -0.3247202 -0.3009083 -0.0690528 0.0245313 -0.2167553 -0.2378109 -0.2134514 -0.2287358 -0.0967822 -0.0515659 0.1226157 0.2897322
0.4439991 0.7122464 0.5670967 0.8020809 0.5506342 0.8202200 0.4514361 0.6862297 0.4528503 0.5673313 0.8897786 0.5155849 0.5208772 0.3640819 0.2296019 0.0000000 0.7859321 -0.0547955 0.4359035 0.3348626 -0.1708513 -0.0271064 0.6340616 0.2175063 0.0977804 0.5343382 0.4268493 -0.0373501 -0.0812289 -0.0003637 -0.1546715 -0.0314924 -0.0859360 0.1379204 0.1666598 -0.3566494 0.1851793 0.0302215 0.2186686 -0.4176975 -0.0954749 -0.0234314 0.1268719 -0.2222385 -0.1077202 0.0365336 0.1669413 0.0335244 -0.0740562 -0.0552841 0.0167652 -0.2850700 0.2443916 -0.3469741 0.0857076 0.0836564 0.0078308 -0.0556487 0.0943910 -0.1696363 0.2828986 -0.2846047 0.0607072 0.3128551 0.2235846 -0.0616769 -0.1360998 -0.2158594 0.1608597 0.0056676 -0.0073251 0.3721460 -0.0909559 0.3604209 0.1547222 -0.0291175 0.0085135 0.0219255 -0.0108286 -0.1929287 -0.3461912 -0.0010137 0.0394737 -0.1580197 -0.1277520 0.0361820 -0.1356419 -0.1676133 -0.2145675 0.0167116 -0.1356591 0.0384504 -0.2392389 -0.0140755 -0.0141413 -0.0228159 -0.0841866 -0.1729637 0.1650954 -0.1458899 -0.0771594 -0.1272998 -0.0058177 0.1950470 -0.1830881 0.1807289 -0.1616175 -0.2079637 -0.2804606 -0.0757653 -0.0482780 -0.0840855 0.2537612 0.2050043 0.0444266 -0.0467042 0.0678490 -0.0479539 0.0629385 -0.4023271 -0.2405998 0.2748016 -0.4530694 -0.1375703 -0.4357847 -0.3578747 -0.4416892 -0.5575860 -0.3931476 -0.5218966 -0.4120426 -0.3029743 -0.4016307 -0.1676195 -0.2098357 -0.4727659 -0.3087334 -0.2667543 -0.2985816 -0.5477129 0.1312430 -0.4444428 -0.2865173 -0.5077440 -0.3378223 0.0145905 -0.3988641 -0.4350730 -0.0788410 -0.3465013 -0.3465975 -0.4924114 -0.4176931 0.2027528 -0.4026238 -0.2906876 -0.2816276 -0.4333952 -0.1345536 -0.2861386 -0.4691974 -0.2318879 0.0299578 -0.1612864 -0.3885607 -0.0351951 0.2555974 0.1299777 0.0131085 -0.0952661 -0.0427097 0.1458155 0.2891585 -0.1073029 0.2677935 0.3777238 0.2877389 0.5403599 -0.3718148 0.0109624 0.1005595 -0.0539080 0.1296310 0.1580777 0.1031703 0.2592197 0.3597816 -0.0314701 0.4147842 0.1726276 -0.3077782 -0.0746880 -0.2798410 -0.2104815 -0.3809414 -0.2689403 0.0574646 -0.2339129 -0.4382633 -0.1222775 -0.5251545 -0.0599235 -0.2026120 -0.2962867 0.1533738 -0.5764811 -0.4303140 -0.2973182 -0.3934679 -0.0749200 -0.3445443 -0.2935420 -0.0432766 -0.1677237 0.1454591 -0.2517602 -0.1073238 0.0187156
0.4195002 0.6795945 0.1898471 0.7012243 0.2282532 0.9073840 0.6329051 0.4005419 0.7907393 0.7530350 0.8781231 0.8271596 0.1061154 0.7078609 0.5588724 0.7859321 0.0000000 0.0459593 0.1692427 -0.0428387 0.3055644 -0.3417840 0.7478991 0.3937069 -0.0423091 0.4741142 0.6883506 0.1376920 0.3152062 0.0856317 -0.4392634 -0.1439690 0.1399052 0.3755782 0.0967951 -0.0033728 0.0902203 -0.2746312 0.4210272 -0.1814883 -0.4720790 0.3030112 0.1114359 0.0390699 0.2913293 -0.2068711 -0.0413692 -0.3280443 0.2578691 -0.3903472 -0.0665756 -0.1494902 0.4513079 -0.0181963 -0.2838240 -0.1440235 -0.0758429 0.2766632 0.1915279 -0.1666766 0.4765361 -0.1480645 -0.2327254 0.5018485 0.3564956 -0.1242374 -0.1187860 0.0361178 -0.0393963 0.2824954 -0.0845381 0.5592756 0.0516984 0.3883551 -0.1795745 0.2355217 0.2539934 -0.0219839 0.2705396 0.1939361 -0.1194753 -0.2596330 -0.1987127 -0.2965911 -0.2386224 -0.1081575 -0.3190080 -0.3148418 -0.4711074 -0.1064498 -0.4100521 -0.2064618 -0.1856720 -0.1163601 -0.3411392 -0.2787284 -0.1732530 0.0987323 -0.1229078 -0.2413743 -0.0868627 -0.0431199 -0.0799237 0.0419294 -0.1658552 0.0524025 -0.0842156 -0.2275005 -0.3437294 0.1646618 -0.1335825 -0.1594071 0.3033185 0.4891918 0.3050013 0.3029389 0.4482473 0.2423349 0.3284809 -0.2807289 -0.0173498 0.4916707 -0.6116638 -0.2468827 -0.2728352 -0.2640961 -0.2898670 -0.5934513 -0.2677472 -0.5003046 -0.2384328 -0.4842407 -0.2785321 -0.2741747 -0.4007802 -0.5459591 -0.2101191 -0.2731157 -0.1288839 -0.3122711 -0.1484643 -0.3162533 -0.4079120 -0.4168753 -0.1738651 -0.2382791 -0.2058584 -0.2070417 -0.0858259 -0.1440202 -0.0693521 -0.2360554 -0.1977280 -0.0465072 -0.1688623 -0.2830364 -0.2218785 -0.2455287 -0.2294677 -0.1159929 -0.3403533 -0.1335593 -0.2549570 -0.0930573 -0.2111278 -0.2101212 -0.0505954 0.2035710 -0.1098353 -0.1822496 -0.1489337 0.0154049 0.5117363 0.0811422 0.5157871 0.5030914 0.5116977 0.5341216 0.0104264 0.3150449 0.0928879 0.0212638 0.2983409 0.2459340 0.1300849 0.3081489 0.3941921 -0.0154048 0.4721623 0.2542877 -0.3158396 0.2268018 -0.0282309 -0.2590450 -0.3801600 -0.3628558 -0.0204868 0.0943636 -0.1552335 -0.1770611 -0.1946206 0.0286900 -0.0333839 -0.2050227 -0.1697304 -0.6676087 -0.4565555 -0.0943228 -0.1783660 0.1662063 -0.2172096 -0.1347649 -0.0973528 -0.0732367 0.0522502 -0.0897929 0.2083680 0.3754560
