0.0000000 0.4247265 -0.0554352 -0.1967785 0.3568230 -0.0047698 0.6999846 -0.0381511 0.3993874 -0.4025890 -0.3107389 0.7418161 -0.0450775 -0.2109818 0.4723864 -0.5328370 -0.4350902 0.0490515 -0.3975591 -0.2135452 0.7056304 -0.5388431 -0.6118946 0.2509054 -0.3489409 -0.4445122 -0.4691926 -0.0940176 0.5130373 -0.3703916 -0.4509588 -0.3970445 0.1576941 0.3215745 -0.4960203 0.3904075 -0.4895846 -0.2389826 -0.5023174 -0.4951259 -0.4330709 0.5410778 -0.5384095 -0.0104107 0.4121353 -0.3888688 -0.4869067 -0.2527373 0.3088211 -0.1540205 -0.4821737 -0.3927364 0.3767386 -0.2176712 -0.4595907 -0.4576547 -0.5544743 0.2778143 0.6385657 -0.5035040 0.5792202 -0.3127820 0.0060634 0.4570010 0.5507623 -0.6098436 -0.4949766 -0.1972755 -0.3988602 0.1175826 -0.5400335 0.4582541 -0.3945256 0.6307405 -0.4525633 -0.0585416 0.2132199 -0.4317546 -0.1387552 0.3128359 -0.1910735 -0.3223903 -0.3920677 -0.3321351 -0.1631410 -0.2795808 -0.1384602 -0.0874705 -0.3333081 -0.1926396 0.1782700 0.4067866 0.0100372 0.0002423 0.1646980 0.0032946 -0.0798583 0.0012837 0.1823720 0.1953108 0.0877958 -0.2075952 -0.3938685 0.2384976 0.0159270 0.2142563 -0.1140840 -0.3887742 -0.1032825 -0.1746335 0.0823883 0.0425095 -0.2600075 0.3819774 -0.2851386 0.1251868 0.5367302 0.0640839 0.4261477 0.5106471 0.5877375 0.6696192 0.2336099 0.4971853 0.6440284 0.4889315 0.4313685 0.3664895 0.6689478 0.2627422 0.5498548 0.2588889 -0.0676558 0.5339715 -0.0920756 0.4922366 0.3973514 0.5903916 0.3274241 0.6083549 0.1995928 0.4361127 -0.1097209 0.3762867 0.1990384 0.3256974 0.3847020 0.2777178 0.2411165 0.4391123 0.2522842 0.0357801 0.4572057 0.3205014 0.2511156 0.2656261 0.5058231 0.4056276 0.4483934 0.3357099 0.4326034 0.5562992 0.3676085 0.4962501 0.6382918 0.4336759 0.4739189 0.3304573 0.3067670 0.4433615 0.4427368 0.4384162 0.7611417 0.4102035 0.3110900 0.5441157 0.5963323 0.3559451 0.6724495 0.4516264 0.3494425 0.2404629 0.4834357 0.1951042 0.3019277 0.4393426 0.0019892 0.2959650 0.3941112 0.6270548 0.1763652 0.5324395 0.4921670 0.1929699 0.5078874 0.3727072 0.3350104 0.4285172 0.3553264 0.5098527 0.0818094 0.0115331 0.0862337 0.0359112 -0.2237544 0.0344891 0.3646408 0.2163578 -0.3788813 0.2347593 0.1247672 0.2914957 -0.1337708 0.4943125 0.4799468 -0.2643690 -0.0967031 0.1478211
0.4247265 0.0000000 0.3564197 0.5453782 0.1348805 0.7372165 0.6602670 0.3627663 0.4024844 0.2397914 0.1546115 0.3554662 0.4845142 0.3897572 0.2268077 0.1894605 0.0902193 0.0494249 0.2897892 0.2528572 0.3581382 0.2125648 0.1648258 0.1102834 0.3963231 0.2570496 0.1386012 0.0595501 0.0440761 0.4541861 0.0583288 0.1740610 -0.0235125 0.0374122 0.1972740 0.7071138 0.2729885 0.3695583 0.2786938 0.3695046 0.1142398 0.4021225 0.1172988 0.0574940 0.1572588 0.4339086 0.2464615 0.2565075 -0.0821175 0.3023659 0.2021823 0.2344352 0.1881043 0.0530236 0.4751357 0.4630980 0.1901111 0.0064145 0.6772698 0.1123692 0.4345161 0.0197382 0.1877518 0.0069464 0.2700086 0.0490719 0.1747157 0.0287153 0.2188208 -0.0907712 0.0100526 0.2088250 0.2594325 0.2710044 0.1454185 -0.0447509 0.1455294 -0.0039211 -0.0591049 -0.0392837 -0.2615979 0.1985265 0.0630292 0.0199212 -0.3433507 0.0815404 0.1900274 0.2178213 0.2231703 0.2052449 0.2744624 0.1730325 0.4289005 0.4710246 0.0160304 0.2304136 0.1473402 0.5192149 0.1092540 0.6009973 0.3551350 0.3523915 0.0796995 0.3937590 0.3798470 0.3518659 0.3194050 0.2188757 0.2631040 -0.1134953 0.3536340 0.3515094 0.3469485 0.4258102 0.2749262 0.6007688 0.3082283 -0.0079521 0.6739671 0.3933202 0.1437854 0.4551252 0.4647010 0.6168450 0.5291903 0.0619022 0.2539906 0.5716247 0.3246398 0.3310552 0.3094187 0.6305510 0.0267796 0.4572312 0.0219968 0.4504225 0.4739118 0.3931334 0.1712360 0.2854130 -0.0671008 0.2165639 0.1203665 0.0627711 0.3073649 0.0395340 0.1896187 0.0798271 -0.0413213 0.1486724 -0.0356330 0.2830482 0.5696136 0.0318652 0.2337579 0.1475267 0.0443448 0.3970858 0.2001800 0.1658008 0.3402082 0.3189801 0.2395966 0.2201410 0.4047651 0.1239316 0.3587490 -0.0122611 0.4052775 0.5233351 0.2320799 0.1443888 0.5796666 0.2598401 0.7933687 0.4192344 0.4271616 0.4254672 0.4838357 0.8154617 0.7697987 0.8711576 0.7111646 0.8536396 0.5831623 0.3544896 0.3848110 0.3875412 0.2005167 0.1553321 0.7248448 -0.0935908 -0.0838575 0.5633188 0.5398403 0.3487839 0.1811287 -0.0271298 -0.2995115 0.0141733 0.3478298 0.2151968 0.4008576 0.5993964 0.0752495 0.0835474 0.1996252 -0.0190605 0.1475796 -0.1014975 0.4328522 0.1327204 -0.0797440 -0.1263653 -0.0469191 0.1731246 0.1167462 0.3331162
-0.0554352 0.3564197 0.0000000 0.4095978 0.6832259 0.3745050 -0.1137852 0.4100521 0.1076805 0.1020387 0.1634228 -0.1311895 0.7626442 0.1268738 -0.0893454 0.0996109 0.0683243 -0.1455062 0.4038392 0.4922246 0.0631155 0.5184733 0.0389452 -0.2112070 0.4866451 -0.0670714 0.6100858 -0.2597724 0.0462823 0.1131250 0.6154019 0.3792181 -0.3041730 -0.2713821 -0.0399064 0.2746057 0.1090721 0.6501807 0.1862992 0.1551163 0.5530728 0.0557179 0.1492072 0.1170999 -0.1678396 0.2813856 -0.0275292 0.7519425 -0.3007375 0.6175427 -0.0233115 0.0661036 -0.2707891 -0.0508884 0.5544450 0.4193047 0.1947044 -0.0244350 0.3149004 -0.0401063 0.0164406 -0.0791720 0.5177661 0.0491395 0.2866389 0.2920836 -0.0193481 -0.1678171 0.6880687 -0.1180125 0.0586803 0.2305464 0.0094196 0.1853552 0.3857072 -0.1335083 0.0993063 -0.1976261 -0.3650207 -0.3158111 -0.5412324 0.2970030 0.3133227 0.3716622 -0.0253082 0.2794205 0.2589626 0.3044270 0.3802688 0.2785466 0.2087806 0.1004254 0.1972768 0.2657267 0.1147867 0.3030868 -0.0061168 0.1678684 0.0339794 0.2435782 0.0666118 0.1783279 0.1816793 0.1175589 0.0798212 0.1610095 0.1489856 0.3536825 0.1498556 0.0561930 0.1175213 0.3128509 0.2399170 0.0239925 0.0477955 0.0250129 0.2376077 -0.3321802 0.0640115 -0.0245865 -0.0643777 -0.0459580 -0.1343244 -0.1504987 -0.0655425 0.1189864 0.2695161 0.1189595 -0.0232407 0.0500582 -0.0692746 0.1707221 -0.0398562 -0.0812039 -0.2295304 0.2169581 0.0326371 -0.0364991 -0.1697264 -0.0501391 0.1425522 0.0390594 -0.1046968 -0.1075589 -0.0245774 0.1617374 -0.1864455 -0.2183467 0.2190074 0.0585255 0.1090250 -0.0468663 -0.1383582 0.3312610 -0.1726157 0.3071488 0.2788667 -0.1421897 0.1895817 0.1390815 0.0428372 0.0047159 0.2260319 0.2350539 0.1598196 0.1894330 0.3188610 0.4240680 0.3751684 0.3526480 0.2864524 0.3421108 -0.1388783 -0.3695785 0.0309243 -0.2455154 -0.1391186 0.2651065 0.0120433 0.3197471 0.2975719 0.3773166 0.3756040 0.4448775 0.4498427 0.4621921 0.3500282 0.4088838 0.5296440 0.1644967 0.1116179 -0.0543438 -0.1012555 -0.0943937 -0.0467816 -0.3412062 0.0722688 -0.3311256 -0.2318536 0.0792330 -0.3322221 -0.3616610 -0.2832679 0.0201212 0.4093406 0.2471032 0.0401831 -0.0078688 -0.2130609 -0.4032107 -0.2190837 -0.2038441 0.1850966 -0.1380607 -0.0592607 0.2162274 0.2119036 0.1622927
-0.1967785 0.5453782 0.4095978 0.0000000 0.1898910 0.8291470 0.1646112 0.7577582 0.3761661 0.5904508 0.4328438 0.0760373 0.6718233 0.5305119 0.1871813 0.5023084 0.4726381 0.2688995 0.3838604 0.3113640 -0.0061741 0.2389432 0.5592046 0.2400009 0.3601146 0.3132496 0.5644406 0.2556584 0.0950468 0.7490554 0.1073041 0.0543374 0.0184955 0.0582216 0.2899299 0.3305164 0.4066653 0.2251706 0.4620282 0.6776296 0.0617130 0.2522518 0.2852343 0.2007737 0.0871357 0.3280460 0.3003957 0.2066321 -0.1928979 0.2876149 0.3161101 0.4824807 0.0804969 0.4011810 0.6227203 0.4880473 0.2336591 0.2311849 0.1443187 0.2578719 0.1294176 0.3189599 -0.0579499 0.0579372 0.1961026 0.0958591 0.3300891 0.4062530 0.2218858 0.2241289 0.0326297 0.1289501 0.4636933 0.1375625 0.1673326 0.2725896 0.2895971 0.1814374 0.0655605 -0.0683377 -0.1115452 0.4068853 0.3767907 0.1331967 0.0206735 0.1075750 0.0499255 0.0857273 0.2129493 0.3304900 -0.1085418 -0.1894256 0.2019993 0.1923800 -0.3462744 0.1192534 0.0565301 0.3908026 -0.2782577 0.2873452 0.2557599 0.3071088 0.3184509 0.1527259 0.3186323 0.1261512 0.3396080 0.5128911 0.1714592 0.0104991 0.0686974 0.3667238 0.6049511 0.2554017 0.4689786 0.6001177 -0.1812609 -0.0372658 0.2955603 0.0230967 -0.2759942 -0.0979698 0.3604633 0.1402596 0.1197737 -0.3303579 0.1459351 0.2423954 -0.1165913 0.2226533 -0.1331401 0.2408430 0.0073462 0.0321282 -0.0022765 0.0504515 0.0151894 -0.0805868 -0.1856215 -0.0798037 -0.0947371 -0.1760057 0.1325133 -0.2201224 0.0513478 -0.3006894 -0.2111713 -0.1962726 -0.1512576 -0.1282618 -0.1279943 0.0828771 0.0436023 -0.1646520 -0.1812585 -0.0037317 -0.4362533 -0.0997856 -0.0741196 -0.1297148 -0.1287205 -0.0075042 0.1875249 -0.2549174 -0.1109389 -0.0176058 0.0837933 -0.2076126 0.0871473 0.3215015 0.0917259 -0.0296372 -0.0642832 -0.0121934 0.3237313 -0.0766983 0.0512527 0.0630475 0.0356471 0.4298514 0.3015680 0.5042639 0.3064035 0.4829057 0.0464064 0.1080047 0.0220564 0.1009189 -0.0845252 -0.1592946 0.4819739 -0.2995707 -0.4251384 0.3512984 0.1067279 0.0829888 -0.1669367 -0.2853552 -0.2838620 -0.3580789 0.0580686 -0.1520732 0.0932896 0.3414907 0.0802970 0.1992946 -0.0941255 -0.0300784 -0.0470482 -0.4469206 0.1795272 0.0267265 -0.2117950 -0.2862219 -0.1262082 0.3242555 0.1360811 0.1393092
0.3568230 0.1348805 0.6832259 0.1898910 0.0000000 0.1622783 0.2041834 0.2785388 0.1541906 -0.2153564 0.0162939 0.3190416 0.5277163 -0.1964249 0.2226421 -0.3038402 -0.2678906 -0.0162103 -0.2154263 0.2640763 0.3776103 -0.1445773 -0.3763892 0.0760131 -0.2091989 -0.5403943 0.2540030 -0.2392163 0.5289211 -0.2249465 0.0971822 -0.1531708 -0.1665737 0.0186300 -0.4970045 0.2056308 -0.4449002 0.0132271 -0.2712200 -0.2574953 -0.0180947 0.3086078 -0.2725360 -0.1035790 0.0975783 -0.3220407 -0.5129382 0.2199039 -0.1385302 0.1595518 -0.4390665 -0.2396534 0.0106470 -0.2008426 0.0484996 -0.1405923 -0.4041343 0.1949012 0.4527012 -0.4608923 0.2897249 -0.2975706 0.3863654 0.4965369 0.5892659 -0.3155198 -0.4605728 -0.1832597 0.2532022 0.2448927 -0.4616532 0.4626594 -0.2842175 0.6163054 -0.1741467 0.1292927 0.4185870 -0.4325450 -0.2851331 -0.0324011 -0.3928982 0.1284268 0.0229059 0.0721434 0.1595315 -0.0858395 -0.0335409 0.0503123 -0.0387848 -0.0383988 -0.0641119 0.1409545 -0.0395864 -0.0319590 -0.0372124 0.0614936 -0.1426742 0.0038814 -0.1805214 0.0521317 -0.0399473 -0.1167860 -0.1256560 0.1006356 -0.0770629 0.0427366 0.0349205 0.0017954 -0.0881637 0.0710730 -0.1267785 0.2380272 -0.0956139 -0.0278625 -0.3282707 -0.1060164 0.2280860 -0.3162127 -0.0662909 0.1300323 0.1573827 0.0781461 -0.0273094 -0.0912060 0.1375075 0.2688957 0.4896404 0.0474667 0.2492633 0.0785813 0.0627248 0.0839675 -0.0543356 0.0992205 -0.3252311 0.1692762 -0.0136723 0.1195137 -0.1881653 0.2351983 0.1196692 0.1787364 -0.1559837 0.0431547 -0.0554895 0.1675309 -0.1939424 -0.2039224 0.2363785 0.2808180 0.2982961 -0.1987440 -0.1981575 0.2653100 -0.2673858 0.3096297 0.3190235 -0.2599454 0.2169753 0.2098271 -0.0213424 0.2923181 0.4152171 0.2369165 0.2430541 0.4004015 0.3489642 0.4113870 0.0818533 0.4519545 0.3922018 0.4244979 0.1160984 -0.1347547 -0.0450038 -0.0889975 0.1065034 0.2453579 0.2382218 0.2841447 0.1736256 0.0919989 0.3829903 0.1496914 0.2654306 0.6077870 0.0807688 0.4790770 0.5685785 0.4185461 -0.0030307 0.4130442 0.2137169 -0.0774259 0.1065082 -0.1553958 0.1682286 0.0476730 0.2324882 0.2952875 -0.3559978 -0.5797925 -0.4014185 -0.1246188 0.1253866 0.3116523 0.0693115 0.1195752 -0.5521803 -0.3157150 -0.3334206 -0.0287928 -0.0371264 0.2341143 0.2486482 -0.1257011 -0.1011004 0.0094351
-0.0047698 0.7372165 0.3745050 0.8291470 0.1622783 0.0000000 0.4294865 0.6540350 0.3502359 0.7265824 0.6552492 0.1006237 0.6791172 0.4954715 0.0412954 0.6136469 0.4911998 0.1076903 0.4574611 0.3233939 0.0526500 0.1623882 0.6357599 -0.0242219 0.3732223 0.4970308 0.4220302 -0.0219473 -0.0240974 0.6542287 0.0398568 0.0811335 -0.2465638 -0.2141525 0.5161294 0.5356222 0.5312565 0.2329015 0.6568035 0.7446019 0.1111110 0.1219437 0.5218071 -0.0374816 -0.1399569 0.4438070 0.4916161 0.2012577 -0.3474283 0.1321279 0.5057584 0.6574779 -0.0414080 0.4873511 0.5736135 0.5299777 0.4120178 0.0732751 0.4569968 0.4586727 0.1259627 0.4624551 0.2340797 -0.0287153 0.1541537 0.2084007 0.4763515 0.5244875 0.3755177 0.2739077 0.2088860 0.2096537 0.6377062 0.2239580 0.2520567 0.4042110 0.4527159 0.3219721 0.2205966 -0.0540703 -0.0734278 0.0991548 0.0973326 -0.0248594 -0.2542464 -0.0381441 -0.0476420 -0.0494913 0.0916359 0.0374046 -0.1311208 -0.3252603 0.0755609 0.2398428 -0.3597221 -0.1224290 -0.1935387 0.2660624 -0.3786844 0.3133322 0.0650752 0.1676986 0.0593011 0.1715767 0.1109917 -0.0644656 0.2776858 0.2608018 0.0269955 -0.0504098 -0.0054516 0.2514922 0.2802297 0.0731605 0.3936431 0.5460457 -0.1381925 -0.0990959 0.5155018 0.0521604 -0.3133134 0.1156710 0.2970883 0.2451241 0.1487314 -0.2855439 0.1242764 0.2472915 -0.1384288 0.0809510 -0.1987092 0.4027724 -0.0254435 0.0650217 0.1437763 0.0041161 0.1577544 -0.0816609 -0.1428307 -0.1103652 -0.2007070 -0.2394463 0.3137503 -0.3087972 0.0352853 -0.5257811 -0.2331643 -0.1814018 -0.1372881 -0.2665804 -0.3667235 0.0440486 0.1072007 -0.2375800 -0.1668803 -0.2658779 -0.3608024 0.0130929 0.0163113 -0.2433202 -0.1567779 -0.0794125 -0.0110909 -0.2376049 -0.1058031 -0.1633459 0.0960391 -0.1635142 0.2386530 0.2833172 0.0330208 -0.0825830 0.2248389 -0.0071998 0.5989023 -0.0018706 0.0444413 -0.0242745 0.1408083 0.6512927 0.5222532 0.7457713 0.5300243 0.7412736 0.4052378 0.3935564 0.4289479 0.4295484 0.0626118 -0.1825392 0.6329329 -0.3310839 -0.4638407 0.4741378 0.2151854 0.0478414 -0.1652355 -0.3412473 -0.4833537 -0.3568630 0.2215622 0.1209575 0.1704370 0.4259895 0.0454901 0.0968826 -0.1587044 -0.2803668 0.1218779 -0.3711086 0.2657650 -0.0019239 -0.1222357 -0.4452522 -0.3196241 0.1956842 0.1003211 0.1354872
0.6999846 0.6602670 -0.1137852 0.1646112 0.2041834 0.4294865 0.0000000 0.1568229 0.1754938 -0.1253176 0.0302588 0.6590919 0.1882678 0.0024886 0.2905879 -0.0654834 -0.2513717 -0.0380488 -0.1641848 0.1163873 0.6271223 -0.3413140 -0.1773873 0.1073877 -0.1989314 -0.0083111 -0.2530059 -0.0578412 0.2574394 0.0455301 -0.3506789 -0.2369865 -0.0893188 0.0671433 -0.1221526 0.7120564 -0.1509803 -0.2156066 -0.1363657 -0.1147858 -0.3455452 0.4530696 -0.2082389 -0.3874492 0.2175773 -0.0467714 -0.0944194 -0.2805590 -0.0796159 -0.1447024 -0.0507884 -0.0528242 0.2257862 -0.1619855 -0.0280579 -0.0362157 -0.2499323 -0.0025981 0.6951079 -0.1375747 0.5673154 -0.0959122 0.0365107 0.2546980 0.3647084 -0.3937466 -0.1177575 -0.0009672 -0.1727007 0.1909315 -0.3323609 0.2811098 -0.0159451 0.5136694 -0.2912739 0.1731172 0.3273517 -0.0981462 0.1159153 0.1724329 0.0050111 -0.1016451 -0.2179000 -0.2117711 -0.1746339 -0.2424058 -0.0546437 -0.2420822 -0.1338877 -0.0777156 0.0335097 0.1347387 0.1742947 0.0266742 -0.1459291 -0.1754503 0.0222378 0.3617135 -0.0812487 0.2580773 0.1735007 0.1758758 -0.1974743 0.2868299 0.1626573 0.0763503 0.2547800 -0.1126040 0.0862617 0.0628792 0.1458061 0.3339081 -0.1312916 0.1995018 0.0387389 0.3498498 0.1213986 0.0321274 0.4390113 0.5601923 0.3393509 0.4505411 0.5068667 0.5958416 0.7128425 0.2693742 0.3004805 0.5096949 0.5824402 0.2418636 0.3618254 0.4591664 -0.1106036 0.6762266 -0.0748095 0.3641115 0.3479257 0.4696667 0.0107567 0.4824379 -0.2504211 0.3026372 0.1410134 0.0956543 0.1333672 -0.0087822 0.0320112 -0.0662401 -0.1789572 0.2868331 0.0786830 0.0671904 0.4012833 -0.1756207 0.0039693 0.0057537 -0.0119748 0.2227736 0.1327449 0.1840710 0.2555172 0.4706254 0.2427589 0.1680574 0.3202021 0.1836922 0.2757476 -0.1379866 0.0201956 0.4098509 0.1618287 0.0060036 0.6828371 0.4818991 0.7644491 0.6272523 0.5971093 0.2353711 0.6659801 0.7065842 0.4872389 0.4829235 0.5758066 0.4565834 0.2983099 0.4652714 0.1024639 0.3035673 0.0014683 0.2211135 0.6364156 0.2608774 0.1813235 0.5819369 0.7364310 0.5662597 0.2898965 0.3551047 0.0792041 0.1995266 0.3032358 0.2995776 0.4505407 0.4904467 -0.2886801 -0.0577352 0.1889114 -0.0331636 0.0203322 0.1154252 0.5190565 0.2712153 -0.2331271 0.1868872 0.1309965 -0.2018460 -0.2211181 0.0478567
-0.0381511 0.3627663 0.4100521 0.7577582 0.2785388 0.6540350 0.1568229 0.0000000 0.1941330 0.4377585 0.5652007 -0.0020628 0.7344314 0.0739448 -0.0698579 0.4727163 0.3116157 0.1046277 0.4239697 0.0034478 -0.0409394 0.1270834 0.3834667 -0.0979451 0.2969989 0.2694827 0.2855990 -0.1622014 -0.0088322 0.3509429 0.0758241 -0.1119732 -0.2859601 -0.1977000 0.2731032 0.1703429 0.4087102 0.2272521 0.3929948 0.4011305 -0.0695036 -0.0397152 0.3285575 -0.0733732 -0.1960003 0.2068004 0.2180644 0.1115680 -0.3995478 0.3767122 0.2841872 0.4882563 -0.1902096 0.4226966 0.4198567 0.3410900 0.1866076 0.1250793 0.0071111 0.3143141 -0.1215946 0.5070117 -0.0044091 0.0075970 0.1567815 0.0946236 0.2902989 0.5588521 0.2868443 0.4150211 0.1114843 0.2220626 0.3885057 0.2749114 0.3767539 0.4016855 0.3762585 0.3004190 0.1939068 0.0511316 -0.0113539 0.1233059 0.2597697 0.0631036 0.0920790 0.0838484 -0.0796087 -0.1964740 0.0146232 0.2166070 -0.1218504 0.0379549 0.1758425 -0.1072873 -0.3017969 0.0356943 0.0949650 0.3163919 -0.3674994 0.0631568 0.1625137 0.2420719 0.3141840 0.1048556 0.1253343 0.0413388 0.2833281 0.3798386 -0.0311703 0.0242695 -0.0794021 0.3464989 0.3003175 0.0410742 0.3432962 0.3261257 -0.3279862 -0.0790207 0.1005217 0.0256875 -0.2217397 -0.2779229 0.3520611 -0.0495088 0.1388319 -0.2660345 0.2047516 0.3504736 -0.0928565 0.1696090 -0.1175161 0.1691923 -0.1324638 0.0726026 0.0155639 0.1625388 -0.0279141 -0.1467382 -0.2638465 -0.2126750 0.0696158 -0.3319563 0.2416802 -0.3965806 0.0594513 -0.3271007 -0.2153429 -0.2567220 0.1155292 -0.2710342 -0.3416486 -0.2757486 -0.0131085 0.0906301 -0.2678380 -0.1256585 -0.1932978 -0.1595591 0.2667822 -0.2889348 -0.0208442 -0.0776944 0.3666509 -0.1522343 0.0060897 0.2994958 0.4520435 0.2095220 0.4239010 0.4359051 0.4784236 0.3240291 -0.0289290 -0.2997019 0.1312447 -0.2766022 -0.1595240 -0.1847980 -0.0161726 0.3379361 0.2153436 0.2642905 0.0851204 0.2286418 -0.1256651 0.2565565 -0.1179015 0.0649099 -0.0189546 -0.1524556 0.2950878 -0.2579648 -0.5579028 0.1981479 -0.0143911 -0.0677481 -0.3297065 -0.4950347 -0.3177900 -0.3592837 -0.1610778 -0.0938426 0.1068633 0.1243866 -0.1692350 -0.0182092 -0.3716759 -0.3643283 -0.1514698 -0.3784691 0.1948998 -0.0045960 -0.2179844 -0.2614437 -0.2056097 -0.1182982 -0.0395562 -0.2694501
0.3993874 0.4024844 0.1076805 0.3761661 0.1541906 0.3502359 0.1754938 0.1941330 0.0000000 0.3159730 -0.0733021 0.4940457 0.0107836 0.5875440 0.7612888 -0.2313701 0.2806112 0.5534843 -0.1525033 -0.0337833 0.3729539 -0.1737224 0.0215155 0.6794732 -0.0553389 -0.2092092 0.2247581 0.5205379 0.6472527 0.3834748 -0.1940623 -0.1065649 0.5959554 0.6036462 -0.1889968 0.2448807 -0.0194096 0.0662339 -0.0613581 0.2111550 -0.0095291 0.6616781 -0.2409504 0.5719851 0.6235016 -0.1381195 -0.1656494 0.1149723 0.6060241 0.0467057 -0.2653277 -0.0239503 0.6132942 0.2870042 -0.0890796 -0.1089041 -0.2162834 0.7402005 0.3760551 -0.2659433 0.5449783 -0.1605289 0.0123719 0.5267769 0.5463351 -0.2587233 -0.2707308 0.0181917 -0.1491824 0.1542461 -0.3500626 0.4844401 -0.1286233 0.3726738 -0.3043405 -0.0801876 0.2009170 -0.4405514 -0.3220381 0.1526520 -0.4347464 -0.0803283 0.0151261 -0.1814895 -0.0700711 -0.1078132 -0.1355541 0.1890258 -0.1223014 -0.2184079 0.1109859 -0.1387884 -0.0545459 0.0335320 0.1169074 -0.0596515 -0.2998198 -0.1732575 0.1450142 0.1842251 -0.1364959 -0.3134539 -0.1583855 -0.1215995 0.1655469 0.1519458 -0.0322042 -0.0866022 0.0064465 -0.2009035 -0.0842331 -0.0152368 0.0980243 0.3594723 0.0307705 0.3446910 0.4292272 0.2347165 0.6514045 0.1832721 0.3396355 0.6119017 -0.0229842 0.3530702 0.2194193 0.2280274 0.0366929 0.1209047 0.1910222 0.0132003 0.1636435 0.1772660 0.0750377 0.1966443 -0.0185866 0.4204654 0.2521602 0.4622528 0.3852301 0.4159279 0.2685996 0.3329725 -0.4631601 0.4788172 0.3052856 -0.0232823 0.3518800 0.1870343 0.0557661 0.1994329 0.2206784 0.4944239 0.3821213 0.1905384 -0.0245529 0.3671550 0.2461555 0.3711065 0.1550026 0.3313951 -0.1309959 0.2876179 0.1716399 0.3638776 0.2668798 0.0975842 0.1205550 0.0574889 0.2960834 0.3134795 0.1473052 0.1569712 0.2722502 0.1784550 -0.0252076 0.0600442 0.2197516 0.0310791 0.2464096 0.1801133 0.0556626 0.3867750 0.5705393 0.3766496 0.2466639 0.0398231 -0.1064527 0.0690667 0.3547375 0.5369053 -0.0569039 0.2474737 0.1655242 -0.2394232 0.0902440 -0.0108485 0.3192346 0.1069572 0.2600017 0.3379872 0.1720584 0.0054849 -0.0418737 0.1789941 0.3491114 0.5555650 0.5197593 0.5337633 -0.2721451 0.2329570 -0.0138953 0.0680557 0.2536292 0.3909659 0.5149859 0.3711327 0.1423457 0.4485931
-0.4025890 0.2397914 0.1020387 0.5904508 -0.2153564 0.7265824 -0.1253176 0.4377585 0.3159730 0.0000000 0.7964006 -0.2833521 0.3132201 0.5435693 -0.1525511 0.7514046 0.7717102 0.1166296 0.5159100 0.1350001 -0.3778414 0.1808946 0.8767893 -0.0790467 0.3922587 0.6798586 0.3924474 0.0163231 -0.1803778 0.6473929 0.0554123 0.0973794 -0.1425935 -0.2347378 0.7589317 0.0302870 0.7682088 0.1595528 0.8609856 0.8971938 0.1785673 -0.2013586 0.7719584 0.1381914 -0.2731823 0.4615704 0.6882776 0.1334447 -0.2050125 -0.0598702 0.6667441 0.8662948 -0.0701787 0.8495719 0.3674471 0.4484864 0.6559646 0.2250842 -0.0025978 0.7024413 -0.2542806 0.7199655 0.1434678 -0.1331826 -0.1555765 0.4606118 0.6567036 0.7447652 0.2969598 0.3720301 0.4450336 0.1251791 0.7634938 -0.0834518 0.3472650 0.4934642 0.4285685 0.4710401 0.3051273 0.0227418 0.0235616 -0.1722960 -0.0520441 -0.1730048 -0.3818891 -0.1682731 -0.3190820 -0.0249156 -0.1266791 -0.2729399 -0.3569646 -0.6880972 -0.2482002 0.1355284 -0.4152509 -0.3780759 -0.4529910 -0.1734817 -0.5179224 0.0429111 -0.3154968 -0.1834263 -0.0772217 -0.1162729 -0.2307627 -0.4132805 -0.0652258 0.0320254 -0.2635415 -0.2700474 -0.3487896 -0.2225164 0.1230789 -0.1499127 0.3218143 0.3331587 -0.3183416 -0.0888500 0.3430533 -0.4275936 -0.6020574 -0.0769614 -0.0672354 0.0084943 -0.3789598 -0.5489076 -0.2862625 -0.1578943 -0.6307598 -0.2382194 -0.5391951 -0.0198078 0.0006526 -0.3190382 0.3705676 -0.3409254 -0.0720047 -0.4306961 -0.0766824 -0.4457320 -0.0394176 -0.5204222 0.2634373 -0.3035909 -0.0858714 -0.7997631 -0.1967962 -0.0777401 -0.0527363 -0.5911367 -0.6023618 0.0335085 -0.1509463 -0.2333751 -0.2160587 -0.4909170 -0.4021941 -0.0580018 -0.0590665 -0.5241129 -0.4537524 -0.4891844 -0.4294476 -0.4828376 -0.3905148 -0.4456540 -0.2259734 -0.1774655 0.1992125 -0.1859816 -0.1809681 -0.2394641 -0.1266272 -0.3052776 0.0823806 -0.3733649 -0.3771116 -0.4073345 -0.3135681 0.1260052 0.1381864 0.4218265 0.1429847 0.4148926 0.1902590 0.0390892 0.3612723 0.2542403 0.0002280 -0.3631588 0.1051130 -0.4592171 -0.5953509 0.0346092 -0.3350929 -0.3473619 -0.4323454 -0.5388508 -0.5124368 -0.5626543 0.2411704 0.1962143 -0.0187876 0.1510460 0.1225246 0.0840949 -0.3398429 -0.2727125 0.2081888 -0.2372502 0.0238853 -0.1068857 0.0422185 -0.5728873 -0.4355172 0.2982030 0.1533869 0.0939672
-0.3107389 0.1546115 0.1634228 0.4328438 0.0162939 0.6552492 0.0302588 0.5652007 -0.0733021 0.7964006 0.0000000 -0.3428555 0.4210744 0.1297045 -0.4646093 0.8066730 0.5961222 -0.1253775 0.5432561 0.0931265 -0.3821958 0.1009427 0.7558359 -0.4299578 0.2789708 0.6230129 0.2091832 -0.4713906 -0.3217282 0.3007174 0.0826677 -0.0468530 -0.5986011 -0.5677333 0.7314563 0.0032596 0.6825088 0.0594356 0.8520213 0.6514494 0.0399922 -0.4307684 0.8598002 -0.3660152 -0.5845891 0.4205562 0.6420992 0.0133901 -0.6271538 -0.0551411 0.6925635 0.8955209 -0.3637855 0.7515389 0.3335325 0.4249070 0.6196380 -0.0464868 0.0199689 0.7418673 -0.4436993 0.7937847 0.2233056 -0.1874834 -0.2123125 0.4300524 0.6297537 0.8196720 0.4221896 0.5340055 0.4530179 0.1929600 0.7497942 0.0746918 0.4641559 0.6774097 0.5935349 0.5878931 0.4356350 -0.0187901 0.1222734 -0.2306316 -0.1325088 -0.1697803 -0.3303155 -0.1838553 -0.3848316 -0.2238927 -0.1892255 -0.3094018 -0.4335976 -0.5133093 -0.1256766 0.0423002 -0.5322192 -0.4450547 -0.3043875 -0.0062721 -0.7566596 -0.0020368 -0.2611065 -0.0499414 -0.0380842 0.0635868 -0.3638394 -0.5228054 -0.0016193 -0.0119444 -0.3814283 -0.2023669 -0.3852664 -0.1109427 -0.0910149 -0.3558271 0.1604792 0.1397873 -0.4896117 -0.2692710 0.0756955 -0.3829625 -0.6412085 -0.3397389 0.0091752 -0.0563973 -0.2687442 -0.5647760 -0.1626200 -0.1079367 -0.5703453 -0.2769931 -0.5942875 -0.0662661 -0.1611397 -0.2301060 0.2098722 -0.3850236 -0.2038424 -0.5405210 -0.3606804 -0.5557046 -0.1153768 -0.6496616 0.4418951 -0.5141014 -0.2173225 -0.7752589 -0.4145660 -0.2706116 -0.0144750 -0.6746302 -0.7638176 -0.3014518 -0.3254608 -0.1794187 -0.2707387 -0.6280684 -0.4043085 -0.2293059 0.0037258 -0.6883523 -0.3022580 -0.4799685 -0.2753551 -0.5459884 -0.3272554 -0.2464713 -0.0049809 -0.0029153 0.1889397 -0.0892590 -0.0032466 -0.1169663 0.0144006 -0.4845829 0.1284931 -0.4223573 -0.4354657 -0.4044792 -0.2710675 0.2416882 0.2986069 0.3309671 0.0467923 0.3081867 0.1181329 0.2811822 0.3709112 0.3843670 0.0038709 -0.4882069 0.1625043 -0.4379203 -0.6907565 0.1494432 -0.2986258 -0.3454786 -0.5734534 -0.6016307 -0.6007342 -0.6507728 0.1085180 0.0940349 0.0146054 0.0649631 -0.1745418 -0.1317260 -0.6338151 -0.6054406 0.1302866 -0.3748469 0.0198263 -0.1232353 -0.1900267 -0.6455774 -0.6224740 -0.1405863 -0.0364873 -0.2522803
0.7418161 0.3554662 -0.1311895 0.0760373 0.3190416 0.1006237 0.6590919 -0.0020628 0.4940457 -0.2833521 -0.3428555 0.0000000 -0.0292566 -0.0540197 0.7694913 -0.5109410 -0.4577671 0.2496124 -0.5067402 -0.2057650 0.9159403 -0.5492671 -0.4984956 0.5527772 -0.4234708 -0.3760144 -0.3063232 0.2526666 0.8063086 -0.0759599 -0.4241160 -0.5141047 0.4377781 0.6104127 -0.5600720 0.5938643 -0.5198479 -0.3521766 -0.4793147 -0.3406521 -0.4600716 0.8251522 -0.6153602 0.0431489 0.6843545 -0.4472420 -0.4380622 -0.3276444 0.5244267 -0.3723583 -0.4886959 -0.3338175 0.6758172 -0.2460609 -0.4027287 -0.4726739 -0.6236581 0.4532794 0.6227120 -0.5081088 0.8094163 -0.3678842 0.0315418 0.7666936 0.8272247 -0.7184617 -0.4286030 -0.1225124 -0.4073978 0.3379651 -0.6765247 0.6254910 -0.2834536 0.7818989 -0.5823706 0.1617714 0.3670061 -0.3887270 0.0850553 0.5098914 0.0163980 -0.1442476 -0.3575650 -0.5120131 -0.0265123 -0.3816313 -0.1882313 -0.3040212 -0.3135061 -0.2255849 -0.1047633 0.1970468 -0.1172317 -0.3104559 -0.0992228 -0.1039512 -0.1117180 -0.0514330 0.0194727 0.0814229 0.0344852 -0.2748209 -0.4249784 0.0628993 0.0152134 0.0790742 -0.0404568 -0.3567738 -0.1283357 -0.1452642 -0.1219883 0.0830947 -0.1048867 0.2004174 -0.2755180 0.1758160 0.4018199 0.0774477 0.4204828 0.6342529 0.5811825 0.5844671 0.4142867 0.4296782 0.6665432 0.4823525 0.1426232 0.4471091 0.6570226 0.0284365 0.3045263 0.1735327 -0.0216513 0.5502748 -0.2990088 0.3432943 0.0680586 0.4348090 0.0654837 0.6053988 -0.0374256 0.3240869 -0.3155282 0.2583620 -0.0587316 0.1642156 0.1523177 0.0064064 -0.1249798 0.3086950 0.2811142 -0.0092441 0.1818493 0.0119878 0.0591569 0.1847208 0.2222629 -0.0267546 0.1805416 0.3451404 0.1301159 0.4306850 0.2273418 0.3512218 0.2689809 0.1511468 0.1357448 -0.1262570 -0.0994864 0.2690316 0.1707310 0.0952837 0.4529089 0.3590639 0.2796632 0.6895234 0.8525679 0.3307240 0.8685876 0.4903976 0.1912269 0.2518647 0.6044177 0.1567971 0.1277139 0.4549638 -0.1982440 0.2665134 0.3242122 0.6938083 0.2834440 0.7246764 0.6597173 0.2392971 0.7084817 0.5946940 0.5831377 0.7526635 0.6839189 0.5310927 0.3613935 0.0536852 0.1574623 0.2513510 -0.2859956 0.3895438 0.4720113 0.4896063 -0.1896819 0.4437526 0.1532658 0.5106677 -0.2120117 0.6737218 0.7563832 0.0498212 -0.2010121 0.2347676
-0.0450775 0.4845142 0.7626442 0.6718233 0.5277163 0.6791172 0.1882678 0.7344314 0.0107836 0.3132201 0.4210744 -0.0292566 0.0000000 0.0125771 -0.2243295 0.4325799 0.1233644 -0.2567494 0.4662284 0.3896506 0.0625390 0.3045958 0.2995279 -0.3046608 0.4425560 0.2494323 0.4461714 -0.3144950 -0.0452657 0.2401728 0.3297838 0.1454154 -0.3936691 -0.3687236 0.2287835 0.4091635 0.2869621 0.4310385 0.3815644 0.3730314 0.1743677 -0.0312133 0.3423428 -0.0079151 -0.2724293 0.3273171 0.1660528 0.3960235 -0.4419728 0.4488246 0.2617211 0.3810770 -0.2993940 0.1866765 0.5988006 0.4736253 0.2340608 -0.0763791 0.3184829 0.2349845 0.0428156 0.3515423 0.3512071 0.0230593 0.2619194 0.1616638 0.2637559 0.2397577 0.5347216 0.2204374 0.0496911 0.2013880 0.3718275 0.3033110 0.3444715 0.2867754 0.3513147 0.1357568 0.0699431 0.0025818 -0.2146430 0.1927748 0.1577847 0.1710772 -0.0937016 0.0116034 0.0178104 -0.0523215 0.1012512 0.2761569 -0.1281722 0.0111483 0.0790513 0.1462642 -0.2962953 0.1203930 -0.0393036 0.2769482 -0.3154007 0.1976131 0.1776449 0.2027953 0.0933630 0.2416190 -0.0138239 0.0046609 0.1386125 0.3006807 -0.0359026 0.0130930 -0.0425863 0.2880552 0.2676312 -0.0521422 0.2525858 0.2674381 -0.1238921 -0.2480763 0.1280421 0.0597081 -0.2115130 -0.0895414 0.2916973 -0.0673575 0.0364918 -0.0943746 0.3681894 0.3971322 -0.0080484 0.2313637 -0.0318698 0.3494732 0.0916663 0.0640283 0.0860815 0.1208090 0.1418168 -0.1668684 -0.1865978 -0.0794681 0.0742243 -0.2077803 0.3397184 -0.3862188 -0.0243555 -0.2071060 -0.2090481 -0.1600893 0.2463125 -0.0534871 -0.1483523 -0.3379821 -0.1222401 0.1354921 -0.2178378 -0.0397497 0.0094141 -0.2234802 0.3636158 -0.1825242 0.0562249 -0.0369520 0.2445544 -0.1285449 0.0739537 0.2200389 0.4160733 0.2872761 0.3952052 0.4128651 0.4067066 0.3411768 -0.0808547 -0.2130788 0.3056632 -0.0850228 -0.0485220 0.0278564 0.0802379 0.4407490 0.3145973 0.3878375 0.2535146 0.4101967 0.2702216 0.5463688 0.2991960 0.3740517 0.1873737 -0.1220197 0.4155470 -0.1253511 -0.3268421 0.3105889 0.1366273 -0.0563561 -0.1238824 -0.3641239 -0.3116393 -0.1709095 -0.2054527 -0.1612445 -0.0928255 0.1511111 0.0116019 -0.0767601 -0.2647416 -0.3178962 -0.0907779 -0.4823013 0.1000732 0.0291506 -0.0780126 -0.3179453 -0.2360966 0.0344328 0.1233501 -0.0495678
-0.2109818 0.3897572 0.1268738 0.5305119 -0.1964249 0.4954715 0.0024886 0.0739448 0.5875440 0.5435693 0.1297045 -0.0540197 0.0125771 0.0000000 0.3432291 0.2458824 0.6928730 0.4491632 0.3070563 0.4930610 -0.0333469 0.3272584 0.5030203 0.3609812 0.3512968 0.1998239 0.6879735 0.5520105 0.0219686 0.7898674 0.1542787 0.3897192 0.2478308 0.1440583 0.2148926 0.2674440 0.4085436 0.3019325 0.3178583 0.5576906 0.4514071 0.3127636 0.1495673 0.3500649 0.2311065 0.3279447 0.2736356 0.3800049 0.1306049 0.2337285 0.1723139 0.1880681 0.1640882 0.2785232 0.3826008 0.3568900 0.3233386 0.2962972 0.1413685 0.1078248 0.1638434 -0.0458395 -0.1169233 -0.0611901 -0.0332483 0.2994091 0.1357689 0.0086985 0.0830892 -0.2667290 0.1440608 -0.0386298 0.1074140 -0.2645241 -0.0057096 -0.2810932 -0.1392611 -0.1687666 -0.4103480 -0.4519922 -0.4273767 0.2239115 0.4663675 0.3163723 -0.0562693 0.2943577 0.2655098 0.3911200 0.4414576 0.1737182 0.3343367 -0.4130003 0.1803081 0.3298520 0.1723588 -0.0137038 -0.1341591 0.0994191 0.2111902 0.2734568 -0.0528778 0.1989680 0.2672427 -0.1574507 0.4278387 0.1423137 0.3224229 0.4398032 0.4664132 0.1612540 0.2932577 0.3012606 0.3840363 0.3486076 0.5043127 0.4884171 0.1672326 0.2213598 0.5255178 -0.0282749 -0.0471531 0.1891469 -0.2572591 0.2717982 0.0243244 0.0029497 -0.2509403 -0.1977512 -0.1016777 -0.1037605 -0.1153527 0.0819788 -0.1167029 -0.0664727 -0.0389289 0.1446740 0.1096852 0.2601258 0.0994382 0.1156981 -0.1408037 0.2698941 -0.3084362 0.3097121 0.1459860 -0.1108097 -0.0758585 -0.1533013 -0.3838025 0.0500078 0.1798010 0.7629132 0.2299603 -0.2097260 -0.2217552 0.2229594 -0.3108310 0.3381819 -0.4530729 0.2869949 -0.3438685 0.0569237 -0.1740979 0.1016547 -0.1830707 -0.3818419 -0.3149546 -0.3589450 -0.0740879 -0.0135821 -0.4426896 -0.4425350 -0.0412464 0.1848157 0.1906434 -0.0883178 -0.0592086 -0.0065777 -0.0882211 0.1652317 0.0597021 0.5031932 0.4382854 0.5570095 0.2580516 -0.2448629 0.1291339 -0.0654384 -0.0719714 -0.0073403 0.1820389 -0.3703749 -0.1949038 -0.1008982 -0.0127974 -0.1021769 0.1648481 -0.1298127 -0.2632533 -0.0062556 0.1335837 0.1124916 0.0818228 0.3164608 0.6090660 0.4272201 0.4872364 0.3423246 0.0600538 -0.0794875 0.1028690 -0.2588562 0.3208034 -0.0735774 0.0262896 0.6432999 0.3469729 0.5097343
0.4723864 0.2268077 -0.0893454 0.1871813 0.2226421 0.0412954 0.2905879 -0.0698579 0.7612888 -0.1525511 -0.4646093 0.7694913 -0.2243295 0.3432291 0.0000000 -0.5689593 -0.2097024 0.6291037 -0.5150665 -0.1131672 0.6318630 -0.3309217 -0.4042106 0.8835235 -0.3791620 -0.4787575 0.0283395 0.6712363 0.8425140 0.2125052 -0.2747813 -0.2811680 0.7108069 0.8329424 -0.5733130 0.3090034 -0.4662387 -0.2318992 -0.4926061 -0.1568602 -0.1610619 0.8601648 -0.6780486 0.3614802 0.8434334 -0.4195415 -0.4274333 -0.0978508 0.6925585 -0.2022443 -0.5325162 -0.4290022 0.7656066 -0.2105621 -0.2692093 -0.3732021 -0.5724232 0.6258727 0.3250912 -0.5663173 0.6992745 -0.5524212 -0.0760473 0.6329443 0.6443148 -0.5454528 -0.4698638 -0.2576533 -0.3541746 0.0676598 -0.5331485 0.3854636 -0.3808047 0.4136498 -0.5128118 -0.1367725 0.0869900 -0.4795191 -0.2159636 0.1911941 -0.1328328 0.1273086 0.0253828 -0.2389455 0.2030655 -0.0949114 0.0375203 0.0574385 -0.0208912 -0.1009194 0.1227974 0.0464858 -0.0517802 -0.2016013 0.1596841 0.0532894 -0.0884390 -0.1143155 0.3008945 0.0893025 -0.0209504 -0.2225331 -0.1431296 -0.1729398 0.3161750 0.2689761 0.0897019 -0.0644436 0.1710674 0.0088593 0.0520977 0.1365319 0.1333794 0.3870360 -0.1071591 0.2018446 0.4659699 0.1804163 0.3814836 0.3568227 0.4699490 0.5047419 0.1047113 0.2880984 0.3845174 0.3624219 0.0405091 0.0982039 0.3965293 0.0000685 0.1898623 0.0502713 -0.0818448 0.2995128 -0.3811584 0.3041890 -0.0190859 0.4948017 0.1178034 0.4995219 -0.0893062 0.4457370 -0.6076683 0.4553139 0.1097328 0.2225932 0.1645630 -0.0227868 -0.2867395 0.3321441 0.4717991 0.4233091 0.2811928 -0.1063979 -0.0063980 0.4427323 0.1330322 0.0706159 -0.1334635 0.5522892 -0.1049174 0.3936553 0.2217263 0.4548647 0.1334786 0.0282662 -0.1227383 -0.2744363 -0.1927338 0.2118607 -0.0531488 -0.0582355 0.2147693 0.3706340 0.0113767 0.3233999 0.5564914 0.2944396 0.4881976 0.1902518 -0.0161261 0.1811396 0.5189139 0.1559512 0.0373371 0.0118195 -0.3332021 -0.0083162 0.2911969 0.7272317 0.0197328 0.5101549 0.5586729 -0.1007042 0.3438595 0.2848543 0.5182413 0.5437560 0.5976462 0.4691910 0.2284272 -0.0621211 0.0806757 0.2240298 0.1721456 0.6656315 0.6300757 0.7309571 -0.2361445 0.3622256 0.0106609 0.2089243 0.0716011 0.6354350 0.7423357 0.3823567 -0.0639355 0.4437891
-0.5328370 0.1894605 0.0996109 0.5023084 -0.3038402 0.6136469 -0.0654834 0.4727163 -0.2313701 0.7514046 0.8066730 -0.5109410 0.4325799 0.2458824 -0.5689593 0.0000000 0.6228272 -0.2818028 0.8009686 0.2546970 -0.5216472 0.4083125 0.8819948 -0.4399980 0.5672213 0.8558266 0.3241872 -0.3390745 -0.5871433 0.4391822 0.3044813 0.2286821 -0.5130200 -0.5654025 0.9006172 0.0441158 0.8016349 0.2512612 0.9024679 0.7708713 0.2036158 -0.4545119 0.8769698 -0.1527750 -0.5215814 0.7358813 0.8663884 0.1464201 -0.5793060 0.1185107 0.9300217 0.8896982 -0.3972131 0.6844226 0.5892947 0.6916677 0.8034047 -0.1646859 -0.1543911 0.9097098 -0.4388233 0.8369059 0.0619010 -0.4582536 -0.4236799 0.5920505 0.8768484 0.6804418 0.4008968 0.2405222 0.6093007 -0.1167048 0.8592333 -0.3082721 0.5690342 0.4518754 0.2636965 0.6944111 0.4283163 -0.0850095 0.1431832 -0.0351495 0.0333810 -0.0201477 -0.3703306 -0.0626354 -0.1769684 -0.1044493 0.0094362 0.0440272 -0.3020406 -0.4925855 -0.0270119 0.2434381 -0.5634446 -0.2238438 -0.1246983 0.1481420 -0.5339499 0.1511028 -0.0226743 0.1718596 0.1028650 0.1835367 -0.1643143 -0.4156931 -0.0439476 0.1931788 -0.1658312 -0.1758908 -0.0948124 -0.0843004 0.2608666 -0.1765074 0.4913681 0.3168192 -0.5188061 -0.2185292 0.0234261 -0.4336842 -0.7529366 -0.4147869 0.0735316 -0.0054532 -0.3543038 -0.6690590 -0.1930951 -0.0521494 -0.6138456 -0.1126416 -0.5415970 -0.0366164 -0.1140558 -0.2141461 0.2329523 -0.4422743 -0.2015470 -0.5705403 -0.3277831 -0.6012997 -0.2711241 -0.6157838 0.4975639 -0.5241991 -0.2453003 -0.6418184 -0.3431169 -0.1687910 -0.1737963 -0.5965380 -0.6582425 -0.1954653 -0.2642056 -0.3573502 -0.0977812 -0.5197129 -0.5121898 -0.1810809 -0.1001907 -0.5935710 -0.1192553 -0.5620198 -0.3515282 -0.6044091 -0.3855977 -0.3975550 -0.1825997 -0.2512839 0.0697054 -0.2547472 -0.2109920 -0.3160356 -0.1515075 -0.2154482 0.2404940 -0.2507483 -0.3811072 -0.2834888 -0.3619482 0.1490745 0.2625718 0.3515364 -0.1288906 0.3197010 0.0404340 0.0062188 0.3785700 0.0667875 -0.2791251 -0.6553340 0.2925526 -0.5995090 -0.6532938 0.3098103 -0.2888226 -0.2046962 -0.6051215 -0.5593489 -0.7079844 -0.7603581 0.0709973 0.2393936 0.1471867 0.1377167 -0.1201895 -0.3903132 -0.5770976 -0.5211217 0.2744824 -0.4309215 0.1801954 -0.1317803 -0.1825935 -0.7919218 -0.7268226 0.1409458 0.2546672 -0.0308536
-0.4350902 0.0902193 0.0683243 0.4726381 -0.2678906 0.4911998 -0.2513717 0.3116157 0.2806112 0.7717102 0.5961222 -0.4577671 0.1233644 0.6928730 -0.2097024 0.6228272 0.0000000 0.2152745 0.5318958 0.2558478 -0.4626733 0.2054804 0.8443083 -0.1046732 0.3496809 0.3736307 0.5564015 0.0446859 -0.3373881 0.5157318 0.0438207 0.2291602 -0.1588522 -0.2952766 0.5633865 -0.1223865 0.6044672 0.2041355 0.6542636 0.6547664 0.2324787 -0.2321175 0.6236948 0.2174954 -0.2720618 0.3583580 0.4715022 0.2093538 -0.2250700 0.1740791 0.4602504 0.5827130 -0.2552749 0.7060465 0.3300563 0.3584421 0.5206147 0.1198643 -0.1071505 0.4616790 -0.3115134 0.4959868 -0.1698857 -0.2733083 -0.2986674 0.4006015 0.3643278 0.4737143 0.1517258 0.0045063 0.3401103 -0.0802452 0.4147400 -0.3214502 0.1440657 0.0512093 0.0068230 0.1722662 -0.1248425 -0.3909289 -0.2524822 -0.0413311 0.3252359 0.2632152 -0.0650021 0.2269032 -0.0291198 0.1261724 0.1598940 0.0576013 0.0344050 -0.4738131 0.0395655 0.2801679 -0.1318465 -0.1678048 -0.2246633 -0.0040122 -0.2316674 0.0869022 -0.0704647 0.0764677 0.2711319 -0.0098328 0.0448843 -0.1499777 0.0927887 0.3078013 0.0520754 0.0112653 0.0308816 0.0381813 0.1866953 0.0283522 0.4317785 0.3035384 -0.2150886 0.1890669 0.2789803 -0.2530519 -0.3440693 -0.1100769 -0.3334793 -0.0293957 -0.2078172 -0.3287064 -0.1538573 -0.3531377 -0.4043980 -0.1284400 -0.3235808 -0.0384376 0.0179372 -0.4067410 0.2327298 -0.1465334 0.0314046 -0.1614388 0.0484357 -0.2518317 0.0881212 -0.2208277 0.1103996 -0.0607602 0.0151688 -0.3944552 -0.1538956 -0.0154112 -0.0659570 -0.3094291 -0.3052053 0.2891937 -0.0767511 -0.0182219 -0.1707880 -0.2021738 -0.4501581 0.2718614 -0.2641219 -0.2843260 -0.3068858 -0.2407624 -0.2068254 -0.3386764 -0.2651694 -0.3008274 -0.1301849 -0.0768166 0.1011760 -0.1142047 -0.2741925 -0.2589083 -0.0694164 -0.0924506 -0.0142537 -0.4138098 -0.4474371 -0.3446303 -0.4208283 -0.0337488 -0.0038875 0.2664583 0.0225575 0.2665024 0.0652532 -0.2027890 0.2195570 -0.1076323 -0.2624729 -0.4957667 0.0582713 -0.6475032 -0.6470069 -0.0811726 -0.3444171 -0.3061154 -0.3229188 -0.5070690 -0.5416473 -0.3594701 -0.1107610 -0.0730909 -0.2034638 -0.1180899 0.2799619 -0.0239613 -0.0417440 -0.1915307 -0.0767991 -0.3865920 -0.1282045 -0.3469486 0.0663782 -0.4286910 -0.3525697 0.1717169 0.3928281 0.0654001
