0.0000000 0.4083806 0.3907750 -0.2447284 0.1509826 -0.0761540 0.4309572 -0.1848269 -0.4422730 -0.2125717 -0.3515782 -0.1068212 -0.0192583 -0.2687486 -0.5911797 -0.3672514 -0.3496504 -0.3210611 -0.0368317 -0.2268229 -0.2474800 0.1162088 -0.2331075 -0.3104803 0.1880038 -0.1676396 -0.2225289 -0.1414898 -0.3984135 -0.2226594 0.3629644 0.5893413 -0.3720008 -0.5685886 -0.0348846 -0.3146869 0.0960323 0.1723563 0.1188454 0.1651044 0.3626640 0.0007716 0.0831658 -0.3204657 -0.2283708 0.1461151 -0.2855357 0.1695302 -0.3969630 -0.2289954 -0.1577963 0.1801594 -0.3290686 0.1946993 -0.2799266 -0.4438382 -0.2830932 0.0321836 0.6253013 -0.1871079 -0.2671570 -0.0930314 -0.4291801 -0.2719616 -0.3374154 -0.1896216 -0.3110366 -0.0811309 -0.4749962 -0.3133504 -0.4048338 -0.3404358 -0.4016712 -0.3811800 -0.3669304 -0.4673045 -0.5375745 -0.4951564 -0.5455758 -0.3521959 -0.3308909 0.1474734 -0.3793163 -0.4666857 -0.1421203 -0.3301649 0.0842056 0.1016988 0.0768812 -0.0005236 0.2790383 0.3160560 0.2034389 -0.3718847 0.2273883 0.2496880 0.4377318 -0.1046520 -0.0499291 -0.1818284 -0.0018452 -0.0430272 -0.5155499 0.0153567 0.4492003 0.1992187 -0.0605637 -0.4436072 0.1611499 -0.4097242 0.2326144 0.1548339 -0.0386879 -0.1380210 -0.1080568 -0.2427273 -0.1128429 -0.0946231 -0.1650487 -0.1404739 -0.0965605 -0.1119755 -0.3129178 0.1775924 -0.0552123 0.0956536 -0.1345943 0.0798081 0.0746563 -0.1876601 0.0091222 -0.0303398 -0.1678963 -0.2681657 0.3651747 -0.0173975 0.0044068 0.1522038 0.2819914 0.1339125 0.2246336 0.1789499 0.2587643 0.2380438 0.2027301 -0.0489788 0.3175762 0.4049573 0.3213386 -0.0048894 0.0659839 0.0238492 0.1469637 -0.2305427 0.1392595 -0.2152481 0.3936114 0.2057643 0.4574254 0.0578881 -0.3175070 -0.1797644 -0.1167892 0.4652421 -0.3279973 -0.0122058 -0.0392775 0.3498764 0.6203267 -0.1869412 -0.0125102 0.1940094 0.6787172 0.5958474 0.5661606 0.2526222 0.0732952 0.4337317 0.0260340 0.3445247 -0.2603103 0.3204568 0.6487890 0.5724372 0.5395740 -0.2143965 0.4603049 0.3546772 -0.3028237 -0.4975138 -0.3677161 -0.3510495 -0.4425354 -0.2817208 -0.1539098 -0.1825932 0.0046648 -0.0221207 0.0367924 0.0659553 0.0638804 0.2981499 0.0402431 0.2646063 0.3338584 0.0708944 0.3381266 0.3313784 0.1430547 0.2989161 0.0009565 -0.0187515 0.2947939 -0.0180528 0.1462214 0.4683748 0.2597906 0.4702482
0.4083806 0.0000000 0.6110533 0.1548011 -0.0573782 0.0499112 0.4420861 0.0361280 -0.0908913 -0.1956857 -0.0708622 0.3788491 -0.0650508 0.0049611 -0.1862115 -0.1932206 -0.0467943 0.0159955 -0.1966956 -0.4301275 0.0936312 0.0692509 -0.1246509 -0.2585602 0.2283014 -0.4623070 0.2415247 -0.2739961 0.0154810 0.0312917 0.0609021 0.2316281 -0.3603749 -0.3171320 -0.2792799 0.0135790 -0.1931196 -0.0446403 0.0472357 -0.0022520 0.3829028 0.0874162 -0.2302889 -0.1533012 -0.2872747 -0.1342320 -0.3854265 0.0529703 -0.3014462 -0.1887853 -0.3187446 -0.0001494 -0.1594103 0.0391889 -0.2454086 -0.4350857 -0.4490790 -0.0339156 0.0216089 -0.3883161 -0.2231382 -0.2898409 -0.1956896 -0.1176952 -0.1414460 -0.3996237 -0.3401649 -0.2224550 -0.4911539 -0.1759010 -0.1979916 -0.0803115 -0.3062247 -0.1719550 -0.2488649 -0.3033917 -0.2874250 -0.1796272 -0.2859392 -0.3000320 -0.2258644 0.1232232 0.2233637 0.1573088 0.4723033 0.2295040 -0.0014932 0.4394307 0.4263019 0.3309916 0.3078074 0.1351976 0.4748417 0.4043260 0.2016242 0.1773058 0.4467161 0.1924461 0.1306897 0.1307026 0.2881256 0.3853056 0.0650119 0.1373638 0.5525724 0.2333055 0.4093468 0.1803214 0.4358787 0.1808680 0.4761075 0.3780655 0.4228910 0.0420495 0.2845182 0.1560134 0.0710267 0.0848572 0.1238919 -0.0581366 0.0074879 0.0470918 -0.3371968 0.2390542 0.1580489 -0.0440955 -0.0133850 0.2223706 0.2240592 0.0709776 0.3480771 -0.2813959 0.1136633 0.2769715 0.4744233 0.5350566 0.3096745 0.3948480 0.4058379 0.3946676 0.5887982 0.3909952 -0.1357571 0.5187054 0.4369378 0.4837611 0.4816961 0.5099107 0.4497320 0.5531193 0.6235997 0.3896607 0.4450251 0.4549316 0.2974059 0.1537709 0.2516891 0.6134034 0.0897763 0.5501668 -0.0950638 0.2944839 0.2409279 -0.0138331 0.0780697 0.4276611 0.3429347 0.1155111 0.0338861 0.0389718 0.2214437 0.1572584 0.4432970 0.1310802 0.3870319 0.1071542 0.0181928 -0.0725557 0.0758436 0.1331618 -0.3354819 -0.1683081 0.0855670 -0.0341478 -0.0349893 -0.2684120 -0.1603269 -0.1597976 -0.2792114 -0.3371343 -0.2513670 -0.1810783 -0.1900865 -0.5001103 -0.1252807 -0.4854521 -0.0773378 -0.0203611 -0.1661665 -0.1621079 0.2390875 0.3000825 0.2813980 0.1207587 0.1923486 0.2479310 0.2578690 0.1733716 0.2047259 0.1951285 0.1831172 -0.1116560 0.1345505 0.2093592 0.4272293 0.3822458 0.3796164 0.4770544
0.3907750 0.6110533 0.0000000 -0.1676317 0.4877084 0.0373578 0.1878177 0.2108596 -0.4845657 -0.1668487 -0.0436856 0.0817360 0.2120967 -0.3822540 -0.5063298 -0.2951297 -0.3119390 -0.5159967 -0.0621762 -0.1149121 0.2358931 -0.0386987 -0.1101936 -0.3545134 0.1090282 -0.2390482 -0.1371330 -0.3516562 0.0054470 -0.2755486 0.3586897 0.2857069 -0.3639512 -0.2980513 -0.0146060 0.2637865 0.1647293 0.0387441 0.1416668 -0.0000981 0.2197260 0.2684369 0.1174197 -0.2970287 0.0380361 0.0997705 -0.1314711 0.1448086 -0.2793025 0.1441088 -0.0526184 0.0623492 -0.1014747 0.0762041 -0.0784478 -0.1904491 -0.1665282 -0.0615626 0.2469683 0.0155350 -0.0231389 0.0697732 -0.0172157 -0.0720399 -0.1344470 -0.1270817 -0.1375317 0.1137552 -0.1366496 -0.0000589 -0.2547883 -0.0332143 -0.1712992 -0.1583088 -0.0933198 -0.1576122 -0.1502922 -0.2696438 -0.2466348 -0.1050926 -0.0621910 0.2094227 -0.1954091 -0.3107370 0.0032590 -0.2113892 -0.2575953 0.2554948 -0.0050606 0.0129810 -0.1900403 -0.2588555 0.1851457 0.0822019 -0.1418995 -0.3322431 0.1410836 0.1037486 -0.1795672 -0.1327398 0.0411122 0.0708065 -0.2572062 -0.2351769 0.2444072 -0.1582041 0.0052781 0.0006570 -0.0009994 -0.1651110 -0.0258196 -0.0327984 0.3345220 0.0296774 -0.0598044 0.0636800 -0.0085949 -0.0131184 -0.0497944 -0.1319735 0.0202545 0.0489075 -0.5435863 0.4210579 0.0146276 -0.1525151 -0.1019376 -0.2410428 0.0357490 -0.1150000 0.1287888 -0.6030879 0.0527962 0.1500442 0.5346997 0.3757741 0.2666567 0.2225916 0.3924851 0.2333133 0.6011407 0.2232745 -0.1921953 0.3406451 0.3240080 0.3587570 0.4120975 0.4605330 0.2828738 0.2648622 0.3105905 0.3564259 0.1261886 0.2085656 0.1072890 0.2076237 -0.1360159 0.4811038 -0.2506013 0.1141014 -0.2350331 -0.0788037 0.2266597 -0.2210587 -0.1912697 0.2906013 0.1584576 -0.1897699 -0.1011354 -0.5339475 -0.2505313 -0.1788224 0.2132352 0.0707469 -0.0462573 -0.0401473 -0.0729679 -0.1283737 0.1212904 0.0766849 -0.5902649 -0.1294907 0.2246173 0.0363222 0.1442194 -0.2764246 0.0742843 -0.0085625 -0.2112258 -0.2465228 -0.4690971 -0.0091578 -0.1404168 -0.5823933 -0.2607610 -0.4848280 -0.1469231 -0.0904154 0.0337232 -0.2400975 0.1865532 0.0634419 0.0590286 0.0118446 0.0577622 -0.0720558 0.1466308 0.0684131 -0.0246332 -0.1114717 0.0414438 -0.1412851 0.0218032 0.0987469 0.2451727 0.2753338 -0.0112443 0.1796861
-0.2447284 0.1548011 -0.1676317 0.0000000 -0.0383544 0.6116075 0.4094099 0.4763412 0.5820547 0.3140221 0.6791855 0.7904633 0.1669620 0.3805196 0.4756506 0.6535002 0.7261949 0.3305785 0.3939497 0.3544226 0.5905364 -0.0205264 0.7165476 0.3228802 0.1686915 0.3949240 0.3279375 0.2139719 0.7359927 0.4286115 0.1658402 0.0079484 0.1949136 0.7129616 0.5216233 0.3080312 0.4370768 0.4808265 0.5773035 0.5754456 0.3516563 0.6143308 0.3962165 0.6233682 0.5019457 0.3344169 0.6205066 0.3919952 0.5773493 0.4917105 0.5630761 0.4672741 0.6728294 0.4586737 0.5914872 0.6004834 0.5891481 0.4732725 -0.0785402 0.4148354 0.5088862 0.3158761 0.5538397 0.5573270 0.6601727 0.5440527 0.4717509 0.4474214 0.4144566 0.5208886 0.6931970 0.4889852 0.5905249 0.5564942 0.6411659 0.5385704 0.4851639 0.7082010 0.5879443 0.5124890 0.6037351 0.1108083 0.4131681 0.1695138 0.2463568 0.3375710 0.3240052 -0.3013260 0.1605455 0.0661568 -0.0090613 0.0063003 -0.3023350 0.3718549 0.4792857 0.4037409 -0.5300620 -0.2822438 0.5697900 0.0931068 0.1579972 -0.2476725 0.5448199 0.3026906 -0.4329009 0.3975986 -0.1373627 0.2277743 -0.1551717 0.3162729 0.3525904 -0.3417243 -0.0838314 0.0797626 -0.1308583 0.0205211 -0.2596450 -0.0053503 -0.1050308 -0.2197379 -0.1222223 0.0759870 0.0003354 -0.3252698 0.0442054 -0.5710512 0.3367659 0.0194847 -0.5562540 0.2880075 -0.1573447 0.0533666 -0.1229295 -0.1632146 -0.5071121 -0.2841444 -0.4748606 -0.5256055 -0.6273196 -0.5387781 -0.4735290 -0.5201410 -0.0119575 -0.5122981 -0.6065094 -0.3660934 -0.5654684 -0.5434913 -0.3919375 -0.1256634 -0.1068799 -0.4825974 -0.3619140 -0.0012137 0.1288382 -0.3512782 0.2232763 -0.3680956 -0.0638106 -0.1276373 0.2949667 -0.1882317 -0.3106485 0.3099662 0.1966469 -0.2670270 -0.1425621 -0.0836278 0.2250804 0.2812919 0.2353533 0.0509708 -0.4346396 -0.4274114 -0.0729955 0.4166472 0.3459650 -0.4630883 0.2101015 -0.0829313 0.3068957 -0.0684990 -0.0612730 -0.0625122 -0.1327642 0.4785519 -0.2073386 -0.1644529 0.4043857 0.4615644 -0.2115340 0.5716890 0.4172961 -0.2383519 -0.4846924 -0.4236852 -0.4363050 0.1820153 0.3812238 -0.5855199 -0.0209516 -0.0127570 -0.3506944 -0.4103904 0.4598750 0.6126069 -0.6074270 -0.1423482 -0.1052114 0.2490277 -0.2934775 -0.2397630 0.5106941 0.2747170 -0.2070663 -0.3143271 0.2850331 -0.2571747
0.1509826 -0.0573782 0.4877084 -0.0383544 0.0000000 -0.0151456 -0.0667221 0.3986653 -0.5437896 -0.3413274 0.2816524 0.0848513 0.3837154 -0.6415037 -0.4442383 0.2198326 -0.1725251 -0.7667413 0.0462834 0.4177016 0.1494697 0.0208505 0.2514397 -0.5288632 0.0986525 0.3132343 -0.3866214 -0.5465354 0.0976782 -0.4349893 0.3012162 0.2095236 -0.5547005 -0.0271250 0.2849232 0.0835406 0.2795905 0.2631571 0.1934486 0.2358504 -0.0806846 0.4420340 0.3050204 -0.0981037 0.5634210 -0.0202442 0.1593529 0.2867563 0.1435702 0.5570485 0.2217912 0.1645024 0.3876578 0.4268333 0.2369964 0.2265497 0.2570866 0.3513553 0.0302317 0.3392531 0.3195219 0.3351369 0.1580233 0.3521264 0.3391215 0.2816212 0.1039688 0.4127643 0.3331063 0.2911427 -0.0582100 0.2877070 0.1751076 0.2922517 0.1992448 0.1677654 0.1520662 0.0593128 0.1491433 0.3040280 0.3784593 0.2134606 -0.3763147 -0.5807662 -0.4259361 -0.6148509 -0.3404013 -0.1857611 -0.5960672 -0.4397640 -0.5308151 -0.4586517 -0.4981741 -0.0952792 -0.3249656 -0.3978469 -0.3630343 -0.4820643 -0.1898456 -0.0465142 0.0044403 -0.2702989 -0.2686482 0.0210217 -0.3947200 -0.3426894 -0.5365666 -0.2153479 -0.5751262 -0.1555175 -0.3392810 -0.5117431 0.0789405 0.1401446 -0.1968994 -0.0521519 -0.1271490 0.2985287 -0.0344806 -0.0152175 0.1176619 0.1272606 -0.0010527 0.4238990 0.0763338 -0.4803777 -0.0603136 -0.1095152 -0.5555314 -0.3306474 -0.4896588 -0.2124922 -0.4349509 -0.3243620 0.1791834 -0.2383278 -0.4179787 -0.4726739 -0.2858699 -0.4380838 -0.1493647 -0.4732230 -0.0198900 -0.1636745 -0.2784016 -0.1959254 -0.3008746 -0.2888786 -0.2142042 -0.3942197 -0.2722670 -0.0935046 -0.6357553 -0.2888844 -0.4670365 -0.1253103 -0.3043676 -0.3319175 -0.3842422 -0.3996546 -0.4260527 -0.7317378 0.0381577 0.0314345 -0.4795980 -0.2205746 -0.0957098 -0.3389907 -0.0414829 -0.6939337 -0.4173883 -0.3348400 -0.2982559 -0.1359710 -0.4931491 0.0031304 0.0840633 -0.5221043 0.1464006 -0.1413516 -0.2394174 -0.0692112 -0.0499228 -0.0260441 -0.0424931 0.2713004 0.2287871 0.3815199 0.1619119 0.1433617 -0.4580639 0.3911928 -0.2526301 -0.4084940 -0.5121924 -0.4177849 -0.3163917 -0.0958512 0.3855509 -0.3855264 -0.2225149 0.1801602 -0.1817653 -0.0562615 0.0488634 -0.2193910 -0.4554875 -0.2056785 -0.2263077 0.1669616 0.0380364 -0.2413696 -0.0347233 -0.2755529 -0.3872817 -0.3471205 0.0860845 -0.3870754
-0.0761540 0.0499112 0.0373578 0.6116075 -0.0151456 0.0000000 0.3138619 0.4410588 0.5470366 0.6349123 0.6046648 0.2306314 0.4015432 0.3507416 0.2524019 0.3547455 0.6791148 0.1837562 0.5749231 0.5506128 0.1554672 0.2475210 0.5527445 0.5349666 0.3592792 0.3435166 0.4001535 0.4215972 0.4051365 0.6700264 0.3516660 0.2536334 0.4556934 0.5671275 0.5494061 0.0344515 0.5536137 0.4473014 0.7561767 0.6391577 0.4691741 0.2888463 0.6824072 0.5187567 0.2968516 0.3486262 0.4331663 0.4838236 0.4359813 0.3377063 0.4725913 0.5418797 0.3144111 0.3962802 0.3568131 0.2493424 0.3741445 0.3143895 0.2380752 0.4015988 0.1376797 0.4033180 0.2509994 0.2511603 0.1196165 0.3574619 0.3806447 0.3828044 0.0882829 0.4110192 0.5021994 0.2175279 0.3675865 0.0825648 0.4061462 0.3017445 0.1871685 0.4163059 0.2940006 0.2283599 0.2190983 -0.2073682 -0.0149702 -0.0879172 -0.1669710 -0.1169444 -0.1098901 -0.4967611 -0.2369046 -0.3151021 -0.3573055 0.0851698 -0.2442773 0.1086478 0.0564132 0.2131084 -0.2646260 -0.1601042 -0.0654733 -0.0695961 -0.2002493 -0.3619084 -0.0025196 -0.3056728 -0.3840473 -0.1454494 -0.3901727 -0.0491600 -0.3180967 -0.1660268 -0.1618369 -0.4712401 -0.2614196 -0.0298764 -0.5733476 -0.1876729 -0.2885495 -0.2663361 -0.3862117 -0.2337774 -0.1269695 -0.0490618 -0.4304158 -0.3978282 0.0186931 -0.2555184 0.0079774 -0.3777967 -0.3019638 0.0022692 -0.1804693 -0.1656395 -0.2101109 -0.4912268 -0.5719302 -0.3845009 -0.5039192 -0.3816963 -0.3938004 -0.4567406 -0.4153369 -0.3003683 -0.2265219 -0.4964007 -0.5361309 -0.4106019 -0.4078594 -0.3765663 -0.4938562 -0.2958369 -0.3044959 -0.5771025 -0.3026059 -0.2861899 -0.0718807 -0.2087436 -0.0031571 -0.3582595 -0.0835702 -0.2345746 -0.1040050 -0.2369831 -0.0920674 0.1808606 -0.0424060 -0.1718911 -0.2139872 -0.1790764 0.2679819 0.0992949 -0.0555538 0.0041121 -0.0679928 -0.0835343 0.0836108 0.1902383 -0.0388473 -0.0929734 -0.2035403 -0.3327746 0.0413001 0.0263815 0.1498708 0.1141429 0.1952526 -0.1063632 -0.0379949 -0.1024198 0.2763169 0.1847819 -0.1499304 0.3040397 0.5858956 0.0067607 -0.1984608 -0.0747423 -0.1292204 -0.1439670 0.0690318 -0.2546800 0.4467408 -0.0424624 -0.4616536 -0.3552587 0.4537876 0.2981492 -0.3964254 0.1025788 0.3386258 -0.0015882 -0.5567355 -0.1330316 0.4042118 -0.1516144 -0.2530542 0.0873155 0.2816595 0.0007621
0.4309572 0.4420861 0.1878177 0.4094099 -0.0667221 0.3138619 0.0000000 -0.2909167 0.1610712 -0.2852560 -0.1503520 0.5920452 -0.3132300 0.0325623 0.1021305 -0.0347274 0.0694174 0.1273644 -0.0705206 -0.1378634 0.2300270 -0.2198431 0.0333236 0.1212333 -0.2125910 -0.1930951 -0.1449167 0.3106390 0.3708153 0.0850715 0.3183277 -0.0599724 0.1233514 0.0488625 0.0474175 0.0397031 0.2296077 0.0034212 0.2014909 0.4613980 0.3039752 0.2775002 0.0484735 0.5165759 0.0405435 0.0578286 0.0676469 -0.1233232 -0.1003311 0.2478002 0.0548616 0.2382304 -0.1313976 0.1659076 -0.1470751 -0.1078813 -0.0005303 -0.0124443 -0.0003050 0.0223707 -0.1676712 -0.1598448 -0.2565924 -0.2169792 -0.0022813 -0.0790412 -0.0938231 -0.0617045 -0.2424553 -0.1766512 0.2792406 -0.3147202 0.0628083 -0.1905106 0.0567967 -0.0075506 -0.2762576 0.2014173 0.0190225 -0.1772299 -0.1357704 0.3578159 0.2964874 0.0041797 0.4623015 0.2648656 0.5998438 0.1385158 0.3417624 0.4519907 0.2513726 0.1815886 0.2489327 0.2561169 0.3831962 0.5792066 0.1083173 0.0395037 0.3479688 -0.1631703 0.5270373 0.2512948 0.2985986 0.2060509 0.2954249 0.6165193 0.2055625 0.2727400 0.2863529 0.3007659 0.5735551 0.0716633 0.1617067 0.2914078 0.0385479 -0.0449204 -0.1912929 0.2555663 -0.1852786 -0.1336915 -0.0095205 -0.0047581 0.0227544 -0.0775042 0.2826639 -0.3091465 0.3015946 0.3493141 -0.1313366 0.4046102 0.2831093 0.0703386 0.0100957 -0.1964413 -0.0029444 0.1055414 -0.0856615 -0.0094527 -0.0561483 -0.1675208 0.0532724 -0.0354313 0.0792425 -0.1047193 -0.0812198 -0.1055792 0.0033524 -0.0112546 0.2810874 0.1843708 0.2387912 -0.1971684 0.1525770 0.1246863 0.1741879 -0.2186844 0.5314677 0.0910854 0.3758317 0.2514603 0.0001579 -0.0247661 -0.2493221 0.5564693 0.2103032 0.0667133 0.1427850 0.1047900 0.4005299 0.1345671 0.2674623 0.2965685 0.1490281 -0.1627981 0.3964716 0.3866046 0.0953481 -0.2026401 0.0523262 0.1767646 -0.0625509 -0.1872188 0.1003895 -0.0781873 -0.1569506 -0.1496539 -0.3935299 -0.3589405 -0.4100679 -0.3659392 -0.4393860 -0.1591092 -0.1663238 -0.5971349 -0.4744117 -0.6406286 -0.5110481 -0.2292308 -0.2666769 -0.4197702 0.0205343 0.2543762 -0.2331534 -0.0022925 0.7528227 0.6076112 -0.0887693 0.2630562 -0.0453877 0.1667042 -0.0979610 -0.0663038 0.7056859 -0.0115523 0.2061083 0.3520946 0.4933917 0.5565275
-0.1848269 0.0361280 0.2108596 0.4763412 0.3986653 0.4410588 -0.2909167 0.0000000 0.0713801 0.4002706 0.8010022 0.2214310 0.8707912 0.0429593 -0.0942493 0.5985022 0.4996493 -0.1852081 0.6950654 0.3995542 0.3888084 0.4767172 0.7714235 -0.0616633 0.6233191 0.5355004 0.3986564 -0.3186171 0.2091501 0.1643011 0.2617718 0.3244811 -0.2847895 0.3173617 0.6176126 0.3532821 0.3441221 0.7123043 0.6294869 0.2734326 0.0802017 0.6762269 0.6038248 -0.1042136 0.6182398 0.4247680 0.4888978 0.6303985 0.5389220 0.4302941 0.5705203 0.5094141 0.7832902 0.5483310 0.7697074 0.5541109 0.5175180 0.6453515 0.2702551 0.5667233 0.7605402 0.6714622 0.7017188 0.8371040 0.6574423 0.5760030 0.6119942 0.7392712 0.5418919 0.8108764 0.4021647 0.8443987 0.5288080 0.7161193 0.6658970 0.5090686 0.7065533 0.4394191 0.4213080 0.6891551 0.7269759 -0.2743223 -0.1265739 -0.1835052 -0.4115594 -0.2482424 -0.4595989 -0.4578924 -0.3190508 -0.3827114 -0.5641331 -0.3249180 -0.6042296 0.0092930 0.0497708 -0.2422908 -0.5850537 -0.5311137 0.1693857 0.1878632 -0.3649640 -0.6341263 -0.0050572 -0.0167426 -0.6814425 -0.3256252 -0.5431891 -0.1573432 -0.5452674 -0.1081785 -0.2799297 -0.5805475 -0.4114541 -0.2299450 -0.4830679 -0.1411738 -0.2071082 -0.2422291 -0.0908001 -0.1904491 -0.1206469 0.1197500 -0.3362022 -0.1977198 -0.2005102 -0.4485869 0.0417331 -0.5210248 -0.5054987 -0.2081771 -0.4915155 -0.3307628 -0.1075644 -0.1458032 -0.2852718 -0.5026862 -0.4493224 -0.5430749 -0.4810786 -0.3946832 -0.4086142 -0.5014747 -0.0992844 -0.4680791 -0.5606079 -0.3341580 -0.5250441 -0.4227495 -0.7276057 -0.3560729 -0.3528930 -0.3820078 -0.6094429 -0.3895998 0.0192762 -0.3750802 -0.4585274 -0.4389404 -0.4650447 -0.5147727 0.0250992 -0.3508276 -0.1613923 -0.3218289 -0.3125991 -0.4603958 -0.5637237 -0.4983996 -0.0546332 -0.3309097 -0.4519366 -0.4334118 -0.2436561 -0.0723355 -0.2883520 0.0379843 0.1220862 -0.1758148 0.2170645 -0.0009688 0.1741296 0.3021457 0.2577669 0.3290220 0.3183332 0.4817352 0.2778213 0.2397778 0.7446041 0.6150255 -0.1824182 0.7673982 0.3328646 0.0775195 -0.3065542 -0.0718736 -0.1737102 0.2183448 0.7399049 -0.3935799 -0.0749735 -0.2815894 -0.2530037 -0.2982146 -0.2400632 -0.0920014 -0.5327906 -0.2571864 -0.1535670 0.0192243 -0.4089029 -0.0318878 -0.1776714 0.1504171 -0.4047780 -0.4201599 -0.1623284 -0.6563509
-0.4422730 -0.0908913 -0.4845657 0.5820547 -0.5437896 0.5470366 0.1610712 0.0713801 0.0000000 0.5223001 0.3317933 0.3331816 -0.0480884 0.8786005 0.9007375 0.3055603 0.6533248 0.8753400 0.2066292 0.2659349 0.2428163 -0.1724686 0.2687446 0.8618855 -0.1479784 0.2305077 0.5712282 0.7432825 0.5545482 0.8152246 -0.2202784 -0.2954722 0.6852123 0.6314969 0.3188999 0.2864337 0.3121907 0.0829834 0.2166529 0.2099089 0.0088496 0.0832657 0.1104683 0.5511106 0.1559680 0.3123783 0.3847901 -0.0035672 0.2758102 0.1535658 0.3532515 0.2203056 0.1473450 -0.1013651 0.2535135 0.3820640 0.2945214 -0.1230342 -0.1527022 0.2133899 0.1053287 0.0156678 0.3213794 0.0344959 0.1857365 0.2567358 0.3057264 -0.0077392 0.1960781 0.1266508 0.5082407 0.1010714 0.3562191 0.1741418 0.3407268 0.3744262 0.3484256 0.4602641 0.3836479 0.2567503 0.1557604 -0.1809519 0.3062042 0.3887831 0.1600153 0.2954537 0.2770469 -0.1693164 0.1327208 0.0326826 -0.0023548 0.0849453 -0.1090793 0.3995250 0.2788301 0.2656831 -0.2742332 0.0903784 0.2314377 -0.0918842 -0.0340060 -0.0944397 0.3212370 -0.0171864 -0.3040405 0.2704916 -0.0588629 0.1220980 -0.0776480 0.1553578 0.0472853 -0.1987819 -0.1162264 0.1002705 -0.1090326 0.1528293 -0.0380893 -0.2754604 -0.1672009 -0.0894506 -0.0428303 -0.0743568 0.1101655 -0.5989270 0.0697981 -0.1259314 0.3813672 -0.0513984 0.0609773 0.4281397 0.3283675 0.3913215 0.2489662 0.0468597 -0.5249299 -0.1913446 -0.1520240 -0.0632333 -0.2077650 -0.2293727 -0.3047193 -0.1309654 -0.2254031 -0.4135584 -0.3639591 -0.3317721 -0.2114083 -0.2497104 -0.1454836 0.0546456 -0.1269781 -0.3672948 0.0919167 -0.0371798 0.2733139 -0.2257729 0.1821700 -0.1493266 0.1503282 -0.0792080 0.3140857 0.2600817 -0.3671297 0.0250536 0.4836314 -0.1288443 -0.1667839 0.0944049 0.1795543 0.4461495 0.3612108 0.3245930 -0.3080544 -0.4115166 -0.1152420 -0.0966044 -0.2336599 -0.0127658 -0.3049701 -0.1618144 0.4558709 0.0006378 -0.1999344 -0.1001147 -0.1344823 0.0929795 -0.2852083 -0.2467704 0.2846955 0.3182410 0.1479036 0.1930219 0.5197248 0.2951632 0.0118251 0.2069031 -0.1781253 -0.2615055 -0.1165531 -0.1611304 0.1224928 -0.1523112 -0.4013329 -0.5554009 0.3244444 0.3153952 -0.2803516 0.0744597 0.0427489 -0.0861826 -0.5178241 -0.1662991 0.2939922 0.2259749 -0.0155075 -0.0423502 0.1973180 0.1278653
-0.2125717 -0.1956857 -0.1668487 0.3140221 -0.3413274 0.6349123 -0.2852560 0.4002706 0.5223001 0.0000000 0.4352480 -0.2280077 0.3447115 0.4973012 0.2354807 0.1457804 0.5064250 0.3207189 0.6064979 0.4374273 0.0566924 0.1779459 0.3329156 0.6067237 0.3825962 0.4171752 0.4282006 0.4454697 0.1013133 0.6017889 0.0689589 0.2877520 0.5728724 0.4740271 0.4272918 0.0676673 0.4299434 0.3756804 0.5147901 0.2385735 0.4186280 -0.0320512 0.5474953 0.1723826 0.0110809 0.5033737 0.4248679 0.4992088 0.3030368 -0.0529014 0.3961480 0.3098700 0.1790645 0.0657091 0.3423745 0.2885291 0.3720933 0.0682853 0.4652302 0.2432928 0.1434374 0.3325623 0.3716049 0.1569010 -0.0496770 0.3680420 0.3308168 0.2569354 0.1444484 0.3018084 0.1967416 0.1958659 0.1673067 0.0106991 0.2430682 0.1385289 0.2202582 0.0554947 0.0591012 0.1663238 0.1260851 -0.3554583 -0.1463709 0.0332412 -0.3199430 -0.0297288 -0.2447385 -0.5085945 -0.1258378 -0.4094748 -0.1756159 0.0956698 -0.0971424 -0.2298928 -0.0043189 -0.0829765 -0.1576527 0.1106137 -0.1879883 -0.1286045 -0.6168272 -0.4550566 -0.1863797 -0.5215057 -0.2943718 -0.2741394 -0.2401481 -0.2303923 -0.1857887 -0.4589714 -0.2989266 -0.2171990 -0.3139894 -0.3740656 -0.4852232 -0.1629629 -0.1936778 -0.7095323 -0.3109828 -0.2699006 -0.3101316 -0.2202033 -0.5042117 -0.4383790 -0.3968343 0.2046508 -0.1753309 -0.5898503 0.0258753 -0.0925203 -0.1393593 -0.0837487 0.0388091 -0.1558575 -0.4462349 -0.2586963 -0.1037005 -0.0866372 -0.1028858 -0.0339749 -0.2226849 0.0250676 -0.1082270 -0.2419399 -0.2304934 -0.1654658 -0.1113772 -0.0318880 -0.4078380 -0.2148379 -0.3509354 -0.3133278 -0.0632491 -0.1636995 0.1514449 -0.0135540 -0.0363723 -0.0989888 0.0231492 -0.2840181 0.1768099 0.0695732 0.0081782 -0.0748088 -0.0184274 -0.1324433 -0.2149326 0.1030011 0.1263389 0.2405485 0.0373230 -0.0748759 -0.0354916 0.1137690 0.0320742 0.1161010 0.0181660 0.3622446 -0.1327403 -0.2624106 0.0367508 0.2178788 0.3264826 0.3050770 0.5214891 -0.0981294 0.3342915 0.0436482 0.3854074 0.3184509 0.2415363 0.1640194 0.7001865 0.4914482 0.3096808 0.4899185 0.3596561 0.1874693 0.1864214 0.2031471 0.4964274 -0.3134569 -0.2426187 -0.4175060 0.0415630 0.0419594 0.0434352 -0.1191904 0.3746160 -0.1458713 -0.4658052 -0.1199608 0.0342813 0.1989050 -0.1896189 -0.0600112 -0.2132616 -0.1758401
-0.3515782 -0.0708622 -0.0436856 0.6791855 0.2816524 0.6046648 -0.1503520 0.8010022 0.3317933 0.4352480 0.0000000 0.3671368 0.6512129 0.2612864 0.2277065 0.7797776 0.8455824 -0.0328532 0.4197965 0.6774595 0.4860944 0.3127822 0.7566495 0.1374056 0.4024337 0.5227866 0.5768479 -0.1337408 0.5433082 0.5105724 0.3295230 0.1859659 0.0157236 0.7053016 0.5192035 0.2673531 0.3607435 0.6888384 0.6616062 0.3528151 0.2173810 0.5615751 0.4828936 0.2808172 0.5831371 0.2432786 0.5154083 0.6992956 0.8397297 0.4587617 0.5023830 0.3763675 0.8693808 0.6014734 0.7614957 0.5866922 0.5193699 0.7037135 0.0409917 0.4394525 0.5883149 0.5302783 0.6524514 0.7991213 0.5780750 0.5464767 0.4860042 0.5395273 0.4752471 0.7151185 0.4472639 0.7596124 0.4369711 0.6517710 0.5162244 0.3953715 0.5925218 0.5110058 0.4190017 0.5650432 0.6376935 -0.1256929 0.0927165 -0.0963859 -0.1760241 -0.0424836 -0.2055599 -0.3741106 -0.1836830 -0.3130665 -0.4616909 -0.2709371 -0.5878396 0.2294158 0.1572201 -0.0172084 -0.6357593 -0.5183000 0.2844736 0.3449045 -0.1549614 -0.4760152 0.1489324 0.1155459 -0.6618179 -0.2339803 -0.4632531 -0.1929537 -0.4126101 -0.0550250 -0.1013376 -0.5169705 -0.3033433 -0.1329585 -0.3478640 -0.0090898 -0.1177664 -0.0960713 -0.0430838 -0.1081876 -0.0471108 0.1290602 -0.0971763 -0.2060234 -0.0535679 -0.3812983 0.0351875 -0.2812595 -0.5328688 -0.2287195 -0.5066956 -0.2369348 -0.3145628 -0.3677137 -0.4346057 -0.5149209 -0.6427074 -0.6210065 -0.6542018 -0.5494531 -0.6220096 -0.5865133 -0.2024988 -0.4956925 -0.6321363 -0.3944530 -0.6745092 -0.6366449 -0.7393572 -0.4738597 -0.4839959 -0.3720811 -0.6210250 -0.3352566 -0.2526543 -0.2061574 -0.4104661 -0.5374393 -0.4401058 -0.4805691 -0.0560087 -0.3391449 -0.0527400 -0.0522665 -0.2255929 -0.2443809 -0.2757043 -0.2467960 0.0383478 0.0876377 -0.0973844 -0.2702380 -0.4035961 -0.2150663 -0.2931262 0.1158586 0.3616870 -0.3353756 0.2488661 -0.2133845 0.1391719 -0.0212151 -0.0525948 0.0111899 0.0594723 0.4383148 0.1024065 0.2016009 0.7207204 0.6806705 -0.0765345 0.8024922 0.6338439 -0.0203655 -0.2802517 -0.1229425 -0.1019347 0.3326908 0.5760667 -0.3007005 -0.0547232 -0.2779143 -0.2890607 -0.4082620 0.0304741 -0.0118625 -0.6762660 -0.1493993 -0.0887046 0.0572410 -0.3030092 -0.3626073 0.0555865 0.0966208 -0.5611601 -0.4744511 0.0323801 -0.5200811
-0.1068212 0.3788491 0.0817360 0.7904633 0.0848513 0.2306314 0.5920452 0.2214310 0.3331816 -0.2280077 0.3671368 0.0000000 -0.0863744 0.2349127 0.4159927 0.4142158 0.3857737 0.2560634 -0.0250129 0.0368080 0.6712741 -0.2526797 0.4290779 0.0846007 -0.1587581 0.0393510 0.1418200 0.0714350 0.7546303 0.1267993 0.1504767 -0.1522976 -0.0694806 0.4318779 0.3155152 0.4177560 0.2957851 0.2184902 0.2976969 0.3896527 0.1547572 0.6568502 0.0825804 0.4509606 0.4917739 0.1954662 0.3949575 0.0624251 0.3024999 0.5064379 0.3831265 0.3210043 0.4870619 0.3234740 0.3824918 0.4665362 0.3561253 0.2927381 -0.3030396 0.3076486 0.4244687 0.1311387 0.4239938 0.3799654 0.6500340 0.3499287 0.2964109 0.2899201 0.3676204 0.3100766 0.5598478 0.3293924 0.4965427 0.5181975 0.5185097 0.4914576 0.3784622 0.6403862 0.5558229 0.4427783 0.5483841 0.3416304 0.4617715 0.1080026 0.4699456 0.3834722 0.5358185 0.0995448 0.3395854 0.3674197 0.1611481 -0.0388800 -0.1935273 0.5767239 0.5878430 0.3900897 -0.4582163 -0.2380616 0.7022918 0.0030672 0.4673971 -0.0136384 0.6039552 0.5610251 -0.2274176 0.6565256 0.0160041 0.3302696 -0.0503598 0.5146903 0.5358352 -0.2396276 0.1479508 0.2781743 0.1808608 0.1650672 -0.1304519 0.2715219 0.0180351 -0.1275386 0.0481882 0.1713304 0.1324692 -0.1280046 0.2415497 -0.7240517 0.4908179 0.2234976 -0.4697412 0.4274591 0.1353058 0.0001270 -0.0329811 0.0842498 -0.2187689 -0.0301167 -0.2793359 -0.3540813 -0.4022580 -0.4564892 -0.1592091 -0.4684236 -0.0255859 -0.3288936 -0.3955292 -0.2334495 -0.3263878 -0.3499711 -0.0030123 0.1573099 0.2286754 -0.2190127 -0.1838330 0.1591295 0.2201281 -0.3087695 0.3025725 -0.1342053 -0.1216081 0.0967713 0.2420151 -0.1595779 -0.4045499 0.2862865 0.2991608 -0.1299283 -0.0315257 -0.1379994 0.1994278 0.0687836 0.2089490 0.1864717 -0.4372678 -0.5521393 -0.1573660 0.2549149 0.2309016 -0.6083493 0.2368947 0.1362882 0.3008635 -0.1403479 -0.2334452 -0.2000989 -0.4204275 0.5242216 -0.3931289 -0.2138721 0.1478151 0.2298381 -0.4353763 0.4477984 0.0821925 -0.5974643 -0.6975173 -0.7380603 -0.6878648 0.0381196 0.2867292 -0.7706813 -0.2945982 0.1063084 -0.2688908 -0.2380358 0.4612369 0.6900230 -0.5808991 0.0319626 -0.3992972 0.2234662 -0.1197951 -0.2011943 0.5918385 0.3779799 0.1563997 -0.1105758 0.3521858 -0.0771543
-0.0192583 -0.0650508 0.2120967 0.1669620 0.3837154 0.4015432 -0.3132300 0.8707912 -0.0480884 0.3447115 0.6512129 -0.0863744 0.0000000 -0.0081126 -0.2481831 0.3918632 0.4059193 -0.2970869 0.6910733 0.3964386 0.1815941 0.6801588 0.5307559 -0.1049705 0.6553815 0.4318189 0.4223519 -0.2953475 -0.0251566 0.2017288 0.4651069 0.3490390 -0.2747340 0.1395797 0.4670640 0.2356266 0.2714333 0.7427068 0.5915791 0.1736005 0.0030583 0.5247914 0.5537780 -0.2075962 0.5023147 0.3369384 0.3096663 0.6200767 0.4960638 0.3549843 0.3855225 0.4358903 0.5816203 0.5349510 0.6092187 0.3208893 0.3349821 0.6050452 0.4545920 0.4439638 0.5639228 0.5978165 0.4050326 0.6749507 0.3644036 0.3845350 0.4196544 0.5730147 0.3587153 0.6443957 0.1777841 0.6451779 0.2732449 0.4902776 0.4527248 0.2427542 0.4832431 0.1704129 0.1139564 0.4380169 0.4557592 -0.3354909 -0.2501646 -0.2880884 -0.5309482 -0.3772834 -0.5066866 -0.3908915 -0.3620589 -0.3555249 -0.7144374 -0.3915631 -0.5593395 -0.1038563 -0.1001441 -0.3699372 -0.4660581 -0.5236582 -0.0073673 0.2419289 -0.3822332 -0.5889218 -0.2565343 -0.1184246 -0.5684775 -0.5012068 -0.5372569 -0.3585265 -0.4506086 -0.2621634 -0.4006529 -0.4599260 -0.6303383 -0.3318661 -0.6237017 -0.2955395 -0.1701918 -0.2506691 -0.1636211 -0.0753497 -0.0805034 0.0568537 -0.3429641 -0.2238233 -0.2163144 -0.1610998 -0.1454897 -0.6272189 -0.2829907 -0.4489888 -0.5242078 -0.3687152 -0.1236204 -0.3331255 -0.2134740 -0.6291141 -0.4464603 -0.3889188 -0.3153499 -0.2728202 -0.4329445 -0.3491792 -0.1935441 -0.4161087 -0.4454253 -0.3456039 -0.4222071 -0.3255866 -0.7625465 -0.5444517 -0.5740454 -0.3509080 -0.5308437 -0.6408284 -0.1115143 -0.4002125 -0.6701776 -0.4558375 -0.3856172 -0.6658352 -0.2713534 -0.3189979 -0.1129355 -0.3544584 -0.5673083 -0.4400457 -0.6509173 -0.5247881 -0.0649315 -0.3764902 -0.6491914 -0.5954751 0.0347494 0.1680508 -0.1215865 -0.1653546 0.0558968 0.1094309 0.2494635 0.1452208 0.1274140 0.4261601 0.4263271 0.4669709 0.5115243 0.2408998 0.3869205 0.3450846 0.5860703 0.3706350 -0.0545763 0.5588067 0.2231196 0.2641801 -0.0935893 0.1692728 0.0327305 0.1440074 0.5949101 -0.0965103 -0.1106784 -0.3759438 -0.2460992 -0.1598428 -0.3111147 -0.3951970 -0.3453879 -0.0723733 -0.1670574 -0.1271054 -0.4249075 -0.0069133 -0.3179894 -0.0100640 -0.4277587 -0.2655131 -0.2870256 -0.4503766
-0.2687486 0.0049611 -0.3822540 0.3805196 -0.6415037 0.3507416 0.0325623 0.0429593 0.8786005 0.4973012 0.2612864 0.2349127 -0.0081126 0.0000000 0.7960672 0.1346314 0.6049846 0.8632391 0.0685420 0.1490675 0.2579275 -0.0890233 0.0748755 0.7985073 -0.1090115 0.1155762 0.7354001 0.6760160 0.4195910 0.8255214 -0.1112997 -0.1112184 0.6069294 0.4922190 0.2495076 0.3191326 0.2678392 0.1601040 0.1862550 0.0249752 0.0257616 0.0189405 0.0111112 0.2599036 0.0398945 0.4288487 0.2714350 0.0771225 0.2482070 -0.0670666 0.2810225 0.1990530 0.0868790 -0.0997785 0.2723014 0.2926155 0.1576784 -0.1069381 0.0246559 0.1296532 0.0961605 0.0433767 0.3463132 0.0266140 0.0553982 0.2161549 0.2496057 -0.0563663 0.1215122 0.0916841 0.3054180 0.1251219 0.1764744 0.1582854 0.1709801 0.2049819 0.2975676 0.2422207 0.1599710 0.1970619 0.0993259 -0.2350497 0.1682880 0.2606859 0.1401615 0.2921024 0.2837182 0.0342920 0.3402104 0.1565413 0.1621371 0.1646613 -0.0793819 0.3293171 0.4795207 0.2460559 -0.1820655 0.0546336 0.3349557 -0.0150150 -0.0809857 -0.1493132 0.1267529 0.0536411 -0.1530655 0.3385083 -0.0310719 -0.1369836 0.0444673 -0.0484574 0.1558707 -0.0781187 -0.1849849 -0.1118825 -0.0864357 0.1210150 0.0190400 -0.4664991 -0.1800153 -0.1525708 -0.1173431 -0.1597005 -0.0383420 -0.5937189 -0.0935038 0.0177659 0.2833842 -0.1382221 0.2139006 0.2876866 0.3861994 0.2103264 0.2620962 0.1477133 -0.3606240 -0.1769220 -0.0486609 0.0756300 -0.0346488 -0.0740239 -0.1672788 -0.0325828 -0.1748069 -0.2499054 -0.2052534 -0.2905894 -0.0281988 -0.0386744 -0.0157746 0.1467356 -0.0781136 -0.1501130 0.2194946 -0.1010409 0.4168250 -0.1415860 0.1310894 0.0256059 0.1688089 -0.0446232 0.2714213 0.3530751 -0.3980622 -0.0428931 0.4001963 -0.0043872 -0.1988539 0.2697153 0.3167276 0.4379682 0.3738600 0.3857334 -0.1178312 -0.1739621 0.0021274 -0.2612384 -0.1824368 0.2856426 -0.2287412 0.0148751 0.4047664 0.1502352 -0.0488605 0.0877123 0.0592658 0.0925869 -0.0525530 -0.0240676 0.3460435 0.2965781 0.1141920 0.1748265 0.5522012 0.2861941 0.0820185 0.2919014 -0.0293452 -0.0892235 0.0014876 -0.0250111 -0.0215564 -0.3112225 -0.3416986 -0.5320109 0.1375326 0.1694040 -0.1334723 0.2287140 -0.0657653 -0.1250379 -0.5137068 -0.2223833 0.2440513 0.4243448 0.1568974 0.1106305 0.0995903 0.2184385
-0.5911797 -0.1862115 -0.5063298 0.4756506 -0.4442383 0.2524019 0.1021305 -0.0942493 0.9007375 0.2354807 0.2277065 0.4159927 -0.2481831 0.7960672 0.0000000 0.2946948 0.5139489 0.8435743 -0.1072171 0.2025041 0.3654390 -0.4299541 0.1318323 0.7728787 -0.4729112 0.1000893 0.4245502 0.6760360 0.6760312 0.6465867 -0.3141381 -0.5415031 0.6180765 0.6322115 0.1632869 0.4046747 0.1985721 -0.1374539 -0.0612512 -0.0078771 -0.2106111 0.0599164 -0.1485004 0.5154843 0.1832342 0.1538705 0.3141625 -0.2374830 0.2266961 0.1920198 0.2467006 -0.0316555 0.1206853 -0.2705340 0.1749509 0.4364848 0.2391251 -0.2567169 -0.4357373 0.1506955 0.0905423 -0.1337801 0.3210494 -0.0316084 0.2457656 0.2000296 0.2177209 -0.1304988 0.3033840 0.0063469 0.4395817 0.0416723 0.3330062 0.2149447 0.2788707 0.3990131 0.3790860 0.4653565 0.4627616 0.2866029 0.1838461 0.0050642 0.4094952 0.4159086 0.2812367 0.3784621 0.4189076 0.0290432 0.1935847 0.1384414 0.0430309 -0.0622416 -0.0963354 0.5430099 0.2692677 0.1790448 -0.3614954 0.1596892 0.3074268 -0.1122016 0.1325457 0.0808699 0.4589120 0.1614372 -0.3073014 0.3540944 0.0424877 0.2146463 -0.0695782 0.3175154 0.0714742 -0.1507381 0.0852066 0.3143184 0.1830636 0.3818434 0.1549640 -0.0249770 0.0375866 0.0884360 0.1532652 0.0661976 0.3688367 -0.4245210 0.2289073 -0.1801541 0.5188998 0.1202171 0.0773472 0.5109116 0.4398599 0.4489816 0.2779413 0.2156555 -0.4350845 -0.0548071 -0.0612511 -0.0268455 -0.1799033 -0.2326390 -0.2379748 -0.1664430 -0.2846856 -0.3654635 -0.2942564 -0.2670890 -0.1868181 -0.2805035 -0.0059551 0.1085165 -0.0471247 -0.2180460 0.1218621 0.0854032 0.1791382 -0.1451573 0.1226408 -0.1184996 0.0009938 -0.0401681 0.3488530 0.2696759 -0.3913165 -0.0305188 0.5990081 -0.0790927 -0.0451367 0.0688032 0.0378945 0.4271040 0.3916550 0.3711525 -0.5179995 -0.6159747 -0.3497026 -0.1929240 -0.2282102 -0.2255085 -0.2391901 -0.1047189 0.4897982 -0.1635276 -0.4814367 -0.3449922 -0.4432987 0.2145775 -0.4394910 -0.2835735 0.2039967 0.3396547 0.1796497 0.1947746 0.4233058 0.1692921 -0.0291228 0.1010828 -0.2746690 -0.2669655 -0.1556302 -0.2081692 -0.0768884 -0.1458175 -0.3216715 -0.5089210 0.2568892 0.2670409 -0.3368475 0.0895055 -0.1700904 -0.1765227 -0.3291101 -0.2118748 0.2426632 0.2709181 0.0358937 -0.1095338 0.1335085 0.0625475
-0.3672514 -0.1932206 -0.2951297 0.6535002 0.2198326 0.3547455 -0.0347274 0.5985022 0.3055603 0.1457804 0.7797776 0.4142158 0.3918632 0.1346314 0.2946948 0.0000000 0.7200329 0.0693631 0.3242897 0.4112430 0.4387724 0.1251843 0.8724486 0.1160818 0.1572656 0.5197850 0.3450468 -0.1457934 0.4842271 0.2836268 -0.0180879 -0.1457671 -0.0661450 0.5259571 0.4076885 0.2463714 0.0750827 0.3861038 0.3122483 0.1898429 -0.1487953 0.5330294 0.2508425 0.2872917 0.4903980 0.0811857 0.4101447 0.2604846 0.6454822 0.3515399 0.4180787 0.1959251 0.7870815 0.3670028 0.6565661 0.5675229 0.4431730 0.5607554 -0.2617674 0.4196808 0.5866123 0.3425109 0.5747985 0.7269599 0.7335785 0.4194898 0.5538020 0.4751931 0.4188633 0.6223527 0.6314535 0.7230894 0.5624906 0.6929783 0.5392234 0.5175216 0.6865721 0.7019364 0.5897908 0.6364923 0.5929997 -0.1766476 0.2156293 0.0571540 -0.1125359 0.0493858 -0.1135568 -0.4290190 -0.1859346 -0.2139630 -0.3601669 -0.2680558 -0.4824701 0.1408774 0.1662086 0.2719531 -0.5168240 -0.4897975 0.4447123 0.3014034 -0.0514993 -0.3020931 0.4408595 0.2343610 -0.6137178 -0.0702305 -0.3509896 0.0735131 -0.3578896 0.2290058 -0.0037319 -0.4607884 -0.1680936 0.1939384 -0.0886542 0.1968289 0.0196249 0.1776718 0.1886212 0.0065723 0.0776514 0.3110734 0.3439892 -0.2149824 0.1652917 -0.4856812 0.4412814 0.1875797 -0.5699928 0.2011758 -0.3726412 0.1297748 -0.0638379 -0.2239473 -0.3868918 -0.4211638 -0.5225823 -0.6645946 -0.7843948 -0.5467053 -0.6803277 -0.6164061 0.0702753 -0.6085076 -0.6954851 -0.4323932 -0.8207882 -0.7924971 -0.6747438 -0.3163726 -0.3144340 -0.4979485 -0.5983385 -0.2186581 -0.2096674 -0.3481436 -0.2551074 -0.6172172 -0.2626311 -0.3446073 0.2782381 -0.1959347 -0.2184282 -0.0867331 0.1171405 -0.4220291 -0.3195994 -0.2545981 0.0200485 0.1926132 0.0446424 -0.0225110 -0.4539370 -0.3797087 -0.2514440 0.3660708 0.2636060 -0.4469247 0.1232872 -0.1237006 0.2476140 -0.1808137 -0.1936331 -0.1500189 -0.2089832 0.5168079 -0.2156243 -0.0798340 0.7083906 0.7998267 -0.0721770 0.7820772 0.4272770 -0.0607060 -0.3643782 -0.2462248 -0.3839154 0.2047052 0.4169033 -0.4297309 -0.2113828 -0.2644981 -0.2224242 -0.3153627 -0.0429974 0.0141128 -0.7035230 -0.2853964 -0.1172364 0.0188175 -0.2531310 -0.0299539 -0.0751542 -0.0942611 -0.7529506 -0.5698046 0.1367379 -0.5472191
-0.3496504 -0.0467943 -0.3119390 0.7261949 -0.1725251 0.6791148 0.0694174 0.4996493 0.6533248 0.5064250 0.8455824 0.3857737 0.4059193 0.6049846 0.5139489 0.7200329 0.0000000 0.3569884 0.3342976 0.5564622 0.4153817 0.2754060 0.6278936 0.4670745 0.2726447 0.3913026 0.7583950 0.2383826 0.5818884 0.7980777 0.2592196 0.0316111 0.3611995 0.7627045 0.3872508 0.1855993 0.2691191 0.5446253 0.5902771 0.3280398 0.2440827 0.3347929 0.3312697 0.4770247 0.3232820 0.2250320 0.4249599 0.5103480 0.7998619 0.2320225 0.3862111 0.3183311 0.6498881 0.4319041 0.6068779 0.4354946 0.3707820 0.5331071 -0.0370471 0.2836994 0.3464907 0.3302648 0.4797100 0.5717903 0.3739528 0.3746978 0.4058583 0.2930497 0.2263026 0.5299643 0.5360144 0.5466203 0.3462415 0.4509356 0.3814360 0.2904868 0.4548873 0.5261342 0.3334552 0.3691759 0.3835767 -0.2558226 0.2377337 0.0828141 0.0278891 0.2092454 0.0333787 -0.3158214 0.0834732 -0.0654836 -0.2304482 -0.0799024 -0.3463543 0.2830844 0.3252175 0.3067621 -0.4319266 -0.3336928 0.3982850 0.3361851 -0.0688374 -0.2971105 0.2673494 0.1074922 -0.4424794 0.0000816 -0.2314811 -0.1332899 -0.1211215 0.0029987 0.1247739 -0.2920117 -0.3112490 -0.1030537 -0.2632984 0.0092303 -0.0900223 -0.1698590 -0.1035976 -0.1194731 -0.1015503 0.0217466 -0.0059290 -0.4741451 -0.0217467 -0.1934250 0.1351403 -0.0948038 -0.3056622 -0.0051427 -0.2527055 -0.0858892 -0.1682332 -0.3617354 -0.5348119 -0.4504248 -0.5470843 -0.4549254 -0.5919414 -0.4425518 -0.6350601 -0.4239461 -0.1493711 -0.4962478 -0.5731025 -0.4048443 -0.6070060 -0.5894881 -0.6034502 -0.3149287 -0.3895520 -0.4186957 -0.3516867 -0.2680267 -0.1350827 -0.1728112 -0.2073216 -0.4399329 -0.1437825 -0.2756894 0.0542304 -0.0434995 -0.1274366 0.0487329 0.0234812 -0.1337559 -0.2025216 -0.0191227 0.1829000 0.4577083 0.1863592 0.0134047 -0.2579241 -0.2072835 0.0058446 0.1550441 0.3070415 -0.1261079 0.1111978 -0.1829389 0.2158621 -0.1091808 -0.1055534 -0.0690938 -0.0037015 0.2265401 -0.1037575 -0.0155277 0.5980896 0.5820807 0.0532076 0.6017469 0.7714349 0.0678891 -0.1277512 -0.0228986 -0.0537310 0.2754160 0.2699070 -0.1662513 -0.0157334 -0.3788281 -0.3516629 -0.4552469 0.1413246 0.0995908 -0.5334421 -0.0036123 0.0289918 -0.0456877 -0.4065797 -0.3037524 0.1745749 0.0788544 -0.4507966 -0.2553125 0.1763597 -0.1797014
