0.0000000 0.7918893 0.7824066 0.3089293 0.7681635 0.5940137 0.2160716 0.2364908 0.6024129 0.3762131 0.1467566 0.4656047 0.3071065 0.7334560 0.4958763 0.2353351 0.2136655 0.5251351 0.4001422 0.3671990 0.4104643 0.4308411 0.3943138 0.4998701 0.4576857 0.3551114 0.3561729 0.5906907 0.4448962 0.3777922 0.3583294 0.6445278 0.3374153 0.5073480 0.3578778 0.4491964 0.4484152 0.5940482 0.2584584 0.2910272 0.4191206 0.2827895 0.1387357 0.2824841 0.3931655 0.4808455 0.2056856 0.6639025 0.3867044 0.3158559 0.1788221 0.4837168 0.2884426 0.4975128 0.5004978 0.6733749 0.5705058 0.5342934 0.5421745 0.2952012 0.4199556 0.2359806 0.3602289 0.2112796 0.4792811 0.3508316 0.3237121 0.3633964 0.4595430 0.2328557 0.3528127 0.0317429 0.4175158 0.5475588 0.2934251 0.2338898 0.1561778 0.2652263 0.3849238 0.4024346 0.2650984 0.2779482 0.3180459 0.3567086 0.3745833 0.4840182 0.2291677 0.3081912 0.4746207 0.5308540 0.1783941 0.3694450 0.2345645 0.2528146 0.3880030 0.3984973 0.4746376 0.1708965 0.3435843 -0.0164854 0.4358628 0.2391022 0.2322766 0.1222358 0.4431066 0.3037205 0.3955334 0.1091990 0.4135975 0.2495806 0.3981568 0.6269414 0.0818291 0.1554657 0.3437758 0.1064242 0.1545049 0.2191651 0.1220416 0.3739606 0.3617651 0.1338585 0.2202877 0.2459476 0.4596989 0.4951956 0.0842923 0.1939176 0.4401182 0.1466169 0.4287234 0.3294081 0.1287817 0.1923937 -0.1461972 0.3669188 0.3301536 0.4993792 0.4397595 0.4398443 0.2167375 0.5842574 0.2273690 0.3322316 0.4173371 0.2390138 0.4210574 0.3016707 0.2089860 0.4976047 0.6096439 0.2340680 0.5541699 0.1780315 0.1920799 0.1221125 0.5326933 0.2829982 0.4787541 0.4122062 0.1248476 0.4546434 0.2093910 0.1887546 0.3019785 0.0913830 0.2133717 0.4724086 0.6209133 0.5676595 0.2724254 0.3908110 0.1032414 0.3851449 0.4065479 0.4217746 0.5067168 0.1872977 0.4901579 0.4762844 0.5306589 0.4897688 0.5327197 0.5648289 0.6323498 0.5872172 0.5123356 0.5320913 0.3643513 0.0513476 0.4743645 -0.0144830 0.0854367 0.3712161 0.5131058 0.2658492 0.5316183 -0.1385795 0.2052587 0.3584883 -0.3244995 -0.4951622 -0.1129070 -0.0340061 0.1170455 0.4559706 0.3537033 -0.3289173 -0.4905996 -0.4413584 -0.0910705 -0.2711131 0.0942842 0.1911177 -0.0943910 -0.2283295 -0.2533622 -0.5241755
0.7918893 0.0000000 0.8600344 0.7439604 0.7965997 0.9149132 0.2484965 0.6782391 0.8971223 0.4542680 0.1765225 0.6604797 0.3324774 0.8386930 0.6486233 0.2021326 0.0655783 0.7351212 0.4306247 0.2064844 0.4175396 0.2520480 0.2818127 0.5834562 0.3574484 0.2113627 0.2361267 0.5291863 0.5766594 0.3576658 0.1622377 0.5363267 0.3680282 0.6332855 0.2959763 0.3700669 0.4032755 0.5081703 0.2251715 0.3260995 0.1511379 0.2429185 0.0913419 0.2269372 0.4908140 0.4857967 0.1758085 0.4078162 0.4156403 0.2755544 0.1446125 0.3885754 0.4729592 0.4938653 0.1705639 0.5240515 0.5400816 0.5505726 0.3796552 0.2525370 0.4077628 0.1409354 0.1001127 0.3407001 0.5305133 0.3343557 0.2665135 0.2456507 0.3054515 0.1563595 0.3369047 0.2382790 0.1962512 0.5688112 0.2804404 0.1169244 0.2463138 0.2130224 0.2290177 0.2647819 0.2325859 -0.0742823 0.0471308 0.1118549 0.1137805 0.2737359 -0.0182072 0.2546911 0.2073329 0.4796511 0.1495222 0.1416067 0.0418142 -0.0548872 0.2260328 0.1602792 0.1936094 0.0039303 0.1225863 -0.2292947 0.2448648 0.0604192 0.0898352 -0.1543369 0.3157214 0.1596944 0.2011204 -0.1020533 0.3654079 0.0387934 0.2504367 0.5138442 -0.0789486 0.0700881 0.2714168 0.0083365 0.1201394 0.1785526 -0.0075759 0.2352913 0.1720412 -0.0331300 -0.1337152 0.0342341 0.1749086 0.2712421 -0.0984487 -0.0437152 0.2260201 0.0365416 0.1834257 0.1214697 -0.0674204 -0.0481903 -0.3371881 0.0337570 0.0402829 0.2010728 0.1229517 0.2455538 -0.0327853 0.3173667 0.0797993 -0.0084680 0.1334700 -0.0849857 0.0978974 -0.0492577 0.0661103 0.2917199 0.3483112 0.0040082 0.2877760 -0.0864232 -0.0900124 -0.1774669 0.4042902 -0.0533343 0.2522085 0.3856207 -0.1655665 0.2202001 -0.0166772 0.3203704 0.0353448 -0.1614585 -0.1696313 0.1565803 0.4315563 0.4226678 -0.0046849 0.2477017 -0.0097154 0.3252263 0.5077436 0.4701371 0.3570016 0.1671508 0.3157095 0.4656924 0.4288610 0.4666455 0.3403109 0.4124602 0.4464229 0.5686580 0.2263222 0.3132030 0.3646554 0.1999922 0.3420232 0.0991556 0.2422880 0.2744479 0.2883668 0.1719683 0.3359823 -0.1041709 0.1185251 0.1987566 -0.2208587 -0.4128963 -0.3180257 -0.2584658 -0.1621089 0.3561476 0.0041767 -0.5163843 -0.2692399 -0.0940758 -0.1706904 -0.3991296 0.0136615 -0.0535672 -0.2618534 -0.3488122 -0.0065996 -0.3230044
0.7824066 0.8600344 0.0000000 0.5730447 0.8284324 0.8016835 0.3141695 0.5523514 0.8394262 0.5324715 0.1674712 0.6270362 0.5769830 0.8471946 0.7499917 0.2525753 0.1428504 0.7113397 0.4713308 0.1217377 0.4995380 0.3966426 0.1803382 0.7227226 0.4916513 0.3051362 0.2356290 0.7151714 0.6936484 0.3717475 0.2573786 0.6371165 0.5014833 0.8122935 0.2094795 0.4423784 0.5096478 0.5786479 0.1569847 0.1968359 0.3158345 0.2259110 0.0669474 0.4763454 0.4684470 0.5016738 0.1993702 0.4674900 0.6708356 0.3557653 0.1334001 0.2932452 0.6699693 0.4371193 0.1842525 0.4382433 0.5246119 0.6511349 0.4027475 0.2662002 0.5240920 0.3012208 0.0449962 0.5655928 0.6973353 0.2639075 0.3222081 0.4285350 0.2187971 0.3874954 0.3692005 0.4681212 0.3738529 0.5945163 0.2784640 0.2727135 0.4122139 0.2427836 0.2450078 0.2403922 0.2700263 0.0290470 0.0705577 0.1051657 0.1354182 0.1662576 -0.0162073 0.0567454 0.1983392 0.3330402 0.1066752 0.1539811 0.0060631 -0.0256903 0.1501026 0.1254979 0.2244149 -0.0420367 0.1240576 -0.3169972 0.2075063 -0.0310729 -0.0340810 -0.0152940 0.2864166 0.0780219 0.0622784 -0.1166711 0.2683240 -0.0413820 0.1955004 0.2682942 -0.1392202 -0.0786573 0.0540021 -0.0727558 -0.0057941 -0.0005579 -0.0633928 0.0947218 0.1161435 -0.0537796 -0.0342378 0.0144649 0.1295417 0.1879643 -0.0354530 -0.0027245 0.1578609 0.1687477 0.2167016 0.1206152 -0.0028800 0.1290378 -0.1602989 0.1179184 0.1335165 0.2412936 0.2301115 0.2795557 0.0541883 0.3517867 0.1173174 0.1068092 0.1638428 0.0249162 0.1990335 0.0974510 0.1696289 0.3098889 0.4521368 0.1040549 0.2908269 -0.0035776 0.0202530 -0.0709106 0.5063031 0.0305801 0.3277851 0.3524778 -0.0492777 0.2189941 0.0816268 0.3018587 0.0995231 -0.1556311 -0.0947618 0.2550095 0.5826210 0.5244008 0.0952737 0.3534327 -0.0567541 0.1852934 0.2955862 0.2899611 0.2136639 -0.1927242 0.3702539 0.3895196 0.2192528 0.3257947 0.3015517 0.2552655 0.3776425 0.5824988 0.2440689 0.1424252 0.4529690 0.3569574 0.1484533 0.2186067 0.2039624 0.0366024 0.1242215 -0.0103360 0.3051561 -0.0522423 0.0659229 0.1396979 -0.2438358 -0.2928888 -0.1959827 -0.2115440 -0.0309088 0.3023830 0.0490175 -0.4835511 -0.2606074 -0.1501460 -0.1235409 -0.3724213 -0.0472588 0.0125015 -0.1305770 -0.4890199 -0.0199286 -0.4343886
0.3089293 0.7439604 0.5730447 0.0000000 0.5900214 0.8485523 0.0774183 0.8342098 0.7641597 0.1074604 -0.0596719 0.5275048 0.1546410 0.5251969 0.3540516 -0.0571707 -0.1681544 0.6965755 0.2235391 -0.0843107 0.2737350 -0.2050166 -0.1008910 0.2440415 -0.0451439 -0.2740113 -0.2183684 0.1444621 0.4140282 -0.0026596 -0.3825235 0.0446868 0.2400840 0.4901141 -0.1235988 0.0691998 -0.0444082 0.0554516 -0.0974132 0.0857563 -0.4192898 0.0103480 -0.2050964 -0.0651140 0.3182515 0.1093544 -0.1404448 -0.1285416 0.2958284 -0.1331112 -0.1561288 -0.0619339 0.5301977 0.3008268 -0.2841118 0.0856427 0.2433204 0.3203014 0.1187622 -0.1118004 0.4076835 -0.1342097 0.0408257 0.4495614 0.4839987 0.3489453 -0.0917011 -0.0718972 0.2517502 0.0166723 0.1714466 0.4622579 -0.1856278 0.4657653 0.3275606 -0.0983396 0.3555559 0.1228475 0.0375638 0.2864320 0.2225292 -0.3307774 -0.2688830 -0.2174181 -0.2750119 -0.0574779 -0.3720184 0.3238411 -0.2403264 0.3171844 0.1329970 -0.2503939 -0.2309667 -0.3904708 -0.0922523 -0.2316664 -0.1658562 -0.2421012 -0.2528466 -0.5247306 -0.0206610 -0.1551478 -0.0300362 -0.4891956 0.0785420 -0.0903260 -0.1514033 -0.3518328 0.2042797 -0.3576231 0.0610301 0.1366052 -0.2798052 -0.1223052 -0.0758346 -0.1737612 -0.0958258 -0.1030538 -0.2794168 -0.2155526 -0.2030442 -0.2788869 -0.5162807 -0.2431881 -0.3795751 -0.2428179 -0.3749965 -0.3149690 -0.2390581 -0.1875020 -0.2516703 -0.2351725 -0.3742577 -0.1894300 -0.4004728 -0.3368948 -0.3323925 -0.2698166 -0.3415584 -0.1219130 -0.2896867 -0.1693237 -0.1000569 -0.3772562 -0.3006332 -0.3417264 -0.3920799 -0.4967629 -0.1647064 -0.1158702 -0.1049850 -0.2184747 -0.2480252 -0.3315419 -0.4878164 -0.3107682 0.0997192 -0.3597680 -0.0690900 0.0863777 -0.4503543 -0.2447149 -0.1183739 0.2586120 -0.3372266 -0.3152314 -0.4463405 -0.3002193 -0.0957605 -0.1042961 -0.3524155 -0.0825523 -0.3267309 0.2230284 0.5140937 0.4088530 0.0313904 0.1949532 0.0030575 0.2620846 0.1331159 0.2953309 0.0973491 0.2326866 0.1273320 0.4321741 -0.1638981 -0.0315849 0.3022490 0.3791888 -0.0929380 0.1570251 0.4337725 -0.1761168 -0.2485882 -0.1779675 -0.1343978 -0.1003879 0.1269021 -0.1612665 -0.0308984 -0.1315106 -0.3720475 -0.3881095 -0.3902315 0.3014167 -0.3973710 -0.4663731 0.0986596 0.3950486 -0.2451730 -0.4024571 -0.1125983 -0.1661076 -0.2018394 -0.3042730 0.3326981 0.1505007
0.7681635 0.7965997 0.8284324 0.5900214 0.0000000 0.7474278 0.0470490 0.3962840 0.7335450 0.1389286 -0.1421236 0.4984138 0.3806398 0.7690933 0.3846288 0.0574124 -0.1031441 0.7140540 0.2812894 0.3063876 0.5939840 0.1610905 0.0653725 0.4102385 0.2147007 0.0047617 -0.0702238 0.5325065 0.5297789 0.1923811 0.0960389 0.4224475 0.4849430 0.6540962 0.0233736 0.3814055 0.2175604 0.4051788 0.0098863 0.0799813 0.0493978 0.1806874 -0.1194424 0.3104939 0.3974858 0.2990801 -0.0256699 0.4022076 0.4628732 0.1106477 -0.0708340 0.0332472 0.4381664 0.4707957 0.2733154 0.4721946 0.4923754 0.5686640 0.4419033 0.0349476 0.4884328 0.1080254 0.3576973 0.3804092 0.6549215 0.4231702 0.0860865 0.2215449 0.4709741 0.1284588 0.2742186 0.2290757 0.2221456 0.5740138 0.3321021 -0.0396512 0.1980897 0.0940803 0.0605569 0.3834839 0.0589957 0.1300073 0.0326144 -0.0005390 0.0328689 0.2096106 -0.0240907 0.2594896 0.1115677 0.2842521 0.1203299 0.0970863 -0.0493162 -0.0424182 0.1074071 0.0698853 0.2531143 -0.1033135 -0.0239954 -0.4352542 0.1600142 -0.0522601 -0.0398510 -0.1575356 0.3183353 0.0123582 -0.0042061 -0.2580115 0.2865704 -0.2063139 0.1866194 0.2966610 -0.2508373 -0.1888592 -0.0116033 -0.1918593 -0.1430861 -0.0946027 -0.1751088 0.0514150 -0.0041594 -0.1925848 -0.1547978 0.0587903 0.0304253 0.1035062 -0.2455078 -0.1075862 0.0490214 -0.0795870 0.0542092 -0.0362243 -0.1870343 -0.1137481 -0.1532600 -0.0221070 -0.0379467 0.1272055 0.0983176 0.1562743 -0.1629952 0.2218700 0.0233975 -0.0875068 -0.0223509 -0.1528489 0.0204134 -0.0730167 -0.0006963 0.1868260 0.3539816 -0.0937259 0.1370740 -0.1887419 -0.1301120 -0.0398285 0.3942613 -0.0786982 0.2746363 0.2238605 -0.2009156 0.0804128 0.0797864 0.2523782 -0.0446590 -0.2383436 -0.1891973 0.1458979 0.3988464 0.3514063 -0.0671238 0.1882814 -0.3607471 0.2410439 0.2872398 0.3531770 0.2993871 0.1753085 0.4378025 0.4858549 0.2737812 0.3691718 0.3609825 0.4079388 0.4389478 0.6898474 0.2949743 0.2841707 0.2678456 0.1716354 0.1623990 -0.0018769 0.1968282 -0.0149336 0.1247512 -0.0032188 0.1904168 -0.2302767 0.0178620 0.0254585 -0.0590362 -0.1989426 -0.0474343 -0.0361203 0.2079362 0.6342793 0.0936767 -0.2532779 -0.1233174 -0.0493757 -0.0659572 -0.2401636 0.2200834 0.1808627 -0.0910186 -0.2389104 0.0998441 -0.2601593
0.5940137 0.9149132 0.8016835 0.8485523 0.7474278 0.0000000 0.1300017 0.7481355 0.9585240 0.3231677 0.0513680 0.6830617 0.2785835 0.8367195 0.6112077 0.1129617 -0.0047990 0.8419250 0.3427008 0.0000221 0.4588657 0.0122877 0.1817632 0.5843658 0.1744005 0.0627483 0.1448128 0.5572910 0.6404029 0.3684325 -0.1196439 0.3721727 0.5232558 0.7174997 0.2521442 0.2156914 0.2443212 0.3127365 0.2511541 0.3669685 -0.0904759 0.0461322 0.1111462 0.3454691 0.4191010 0.3933975 0.1508754 0.1731959 0.4677159 0.1003919 0.1402241 0.3070630 0.5591830 0.4369575 -0.0193954 0.3679106 0.3782039 0.4596270 0.1970404 0.2072586 0.4030037 -0.0076678 0.0146744 0.3604117 0.5439032 0.2359421 0.1596317 0.0958755 0.1982539 0.0758116 0.1891970 0.3220701 0.0173927 0.4171513 0.2160613 -0.0214049 0.2632093 0.0939230 0.0671732 0.2125001 0.1510125 -0.1839339 -0.0748394 -0.0207604 -0.0280005 0.1694652 -0.1682256 0.2989821 0.0530633 0.4364743 0.1659031 0.0566717 -0.0056670 -0.1952815 0.1310202 0.0607591 0.0851908 -0.0151788 -0.0327753 -0.4187253 0.0681665 -0.0086916 0.0514868 -0.3482393 0.2258887 0.0943950 0.0819266 -0.1703569 0.2964901 -0.0727715 0.1825970 0.3303153 -0.1047281 0.0572321 0.1423949 0.0057369 0.0902707 0.1185866 -0.0358770 0.0393384 0.0588893 -0.0578945 -0.2314058 0.0249804 -0.0179469 0.0678428 -0.1565085 -0.1375964 0.0501446 0.0418668 0.0671683 -0.0231912 -0.1220174 -0.1158190 -0.3061834 -0.1441222 -0.0608450 0.0448730 -0.0361905 0.1469311 -0.0966127 0.1422057 -0.0390419 -0.2332426 -0.0476044 -0.3298429 -0.0617371 -0.2199743 0.1291940 0.1484810 0.1213682 -0.1156083 0.1159160 -0.1043577 -0.1979821 -0.3292260 0.2575704 -0.1435172 0.1858558 0.0781262 -0.2184434 0.0694927 -0.1694535 0.1472687 -0.0539032 -0.1388875 -0.2291276 0.1335094 0.3791904 0.2933192 0.0197140 0.3117129 -0.0816874 0.3604294 0.4652606 0.4255240 0.2227388 0.1301798 0.1717052 0.3001462 0.1986709 0.3173362 0.1297128 0.2363684 0.2126730 0.4562093 -0.0738690 -0.0226102 0.2329427 0.2127393 0.0698386 0.1890786 0.3321525 0.0381227 0.0587471 0.0504481 0.2111586 -0.0741972 0.0875676 0.0755952 -0.1930088 -0.4123663 -0.4481355 -0.4280147 -0.2897950 0.4028837 -0.1174564 -0.4995277 -0.1421457 0.0557313 -0.2909300 -0.4442801 -0.1225435 -0.0902692 -0.1531365 -0.4292911 0.1539019 -0.2246923
0.2160716 0.2484965 0.3141695 0.0774183 0.0470490 0.1300017 0.0000000 0.2634649 0.2668845 0.6001624 0.4286218 0.5873402 0.2868165 0.2453784 0.6251129 0.3032116 0.4863682 -0.1043698 0.2515372 -0.4835399 0.0496818 0.3829226 0.0030776 0.5781097 0.4355630 0.2652791 0.1823170 0.0305397 0.1994030 -0.0371470 0.0732196 0.0607188 -0.2063045 0.3236244 -0.0960006 0.2687626 0.2347517 0.1609568 -0.2037081 -0.2247972 0.2202075 0.1933448 -0.0991312 -0.0061676 0.1636208 0.0077121 -0.1061945 -0.0603888 0.3064049 0.2157429 -0.1187706 0.1375878 0.3852102 -0.2105508 -0.1914729 -0.2918890 -0.1491669 0.2338684 0.1042711 0.0256437 0.0932006 0.1600859 -0.4596131 0.1936808 -0.0214472 -0.3859985 0.0396038 0.1520937 -0.3457740 0.2851648 0.0495194 0.2498003 0.2591530 0.1126403 -0.1647291 0.3265311 0.2669510 0.1398124 0.1645134 -0.1826949 0.0284362 0.4386444 0.4352131 0.5056972 0.6520804 0.1523532 0.2625877 -0.1132987 0.4412765 0.2410332 -0.0892719 0.1024464 0.1750642 0.4802479 0.1800048 0.1446680 -0.1383812 0.1246329 0.5003794 0.4163938 0.4112097 0.1976419 0.0668678 0.5531088 -0.0652063 0.1938139 0.3275342 0.4479197 0.0203196 0.4041793 0.0848545 0.2630908 0.3912514 0.3170246 0.3792852 0.3517474 0.3672612 0.2561722 0.3542883 0.4651028 0.2895688 0.3069293 0.1861219 0.0345852 0.3001807 0.4356427 0.3048448 0.1521182 0.2326661 0.2404591 0.1866889 0.3201938 0.1895585 0.3072066 -0.0594462 0.3126757 0.1344106 0.2018310 0.1897823 0.2610600 0.3312314 0.3059151 -0.0533587 0.4385788 0.2314227 0.3346519 0.1031680 0.1641805 0.0267599 0.0069370 0.1083163 0.2439808 0.1625077 0.2205833 0.1112856 0.0365195 -0.0400570 0.0436012 -0.1780188 0.3356686 0.0824263 0.1082339 0.1299816 0.0443684 -0.0429425 -0.0010588 0.0274193 0.0982452 0.1131345 0.0467627 0.1022835 -0.0362958 0.5392416 0.0289739 0.5174830 0.2954249 0.5431310 -0.2332825 0.1894024 -0.0607132 0.2658293 -0.0108577 0.1030022 -0.1144862 0.0938674 -0.0882901 0.1180461 0.2044116 0.3601854 0.3487043 0.4114570 0.1761277 -0.1190372 0.4039127 0.3762544 0.2031960 0.4158611 0.2469921 -0.0404536 0.3330118 -0.4247231 -0.2302028 0.1824632 0.2090795 -0.3375041 -0.3286381 0.1500774 -0.5167379 -0.4031781 -0.1925136 0.4204155 0.0561072 -0.3885955 0.0770128 -0.0436305 -0.5053219 0.1655168 0.0289524
0.2364908 0.6782391 0.5523514 0.8342098 0.3962840 0.7481355 0.2634649 0.0000000 0.7099159 0.4892066 0.3958222 0.4091729 0.4533862 0.5237235 0.4985981 0.3620097 0.1111792 0.4145123 0.5593535 -0.1334249 0.0154719 0.1573013 0.1334548 0.3948983 0.3289666 0.1334173 -0.0287293 0.1159443 0.3009114 0.0706988 -0.1252154 0.2184065 0.1504493 0.3889627 0.0919032 0.1349857 0.2446701 0.2995351 0.0164155 0.1223102 -0.1713318 0.0270775 -0.0024429 -0.0707204 0.2226215 0.4361674 0.1607123 -0.1035978 0.2689851 0.1592087 0.1010005 0.1613458 0.4565117 0.2809504 -0.4192404 0.1605076 0.4028635 0.3344492 0.0814377 0.1907920 0.3752573 0.1721840 -0.3348627 0.5268294 0.4378899 0.3034709 0.2411826 0.1880754 0.0392661 0.3404756 0.3836274 0.5371684 0.0777802 0.4824613 0.3711336 0.2714951 0.4973075 0.4204223 0.3297122 0.2043423 0.4018503 -0.2485934 -0.0399370 0.0616991 -0.0388667 0.0851933 -0.1202862 0.3087387 -0.0152290 0.4623872 0.3281210 -0.0340306 0.0194896 -0.2070984 0.1502373 0.0235852 -0.0171755 0.0760417 0.0723901 -0.1909481 0.2080752 0.1430584 0.1763763 -0.2712562 0.2997189 0.2104442 0.1100077 0.0099723 0.4231907 -0.0196866 0.3082913 0.2889465 0.0694732 0.2027676 0.2385090 0.1767666 0.2893202 0.2315285 0.1082967 -0.0190266 0.1500911 0.0631534 -0.2424335 -0.0192125 -0.1141002 -0.0578652 0.0450655 -0.0005378 -0.0151066 0.2362981 0.0693634 0.0796181 -0.0066259 0.1348730 -0.1889228 -0.0393929 -0.0192644 -0.1019460 -0.1414787 0.0343392 0.0648973 0.0951346 0.2205486 -0.1134765 -0.0213369 -0.0732649 -0.1604960 -0.2740766 0.1661580 0.1539233 0.0287613 0.1307686 -0.0124823 -0.0067860 -0.1289393 -0.2090054 0.2135941 -0.1562957 0.0874946 0.1592195 -0.2021524 0.0284974 -0.0025178 0.3557747 -0.0962015 -0.0863371 -0.2370650 -0.1154456 0.0728697 0.1749906 -0.1008918 0.1728646 -0.0292361 -0.0197583 0.4129613 0.2692092 -0.0879847 -0.1124940 -0.0390861 0.2092860 0.1949738 0.3504158 0.1264220 0.1731989 0.1536099 0.3559114 -0.1550429 -0.0780501 0.4446635 0.4729796 -0.0079945 0.2496524 0.3894829 -0.1208937 -0.1898579 -0.1908206 -0.0058603 0.0704453 0.1305448 0.0688217 -0.3126642 -0.2797814 -0.4467553 -0.5180155 -0.5748089 -0.1451298 -0.2769165 -0.7747586 -0.1570209 0.2353305 -0.3144756 -0.6294168 -0.3962471 -0.5556735 -0.2861301 -0.5566951 0.0880731 -0.0609960
0.6024129 0.8971223 0.8394262 0.7641597 0.7335450 0.9585240 0.2668845 0.7099159 0.0000000 0.3898102 0.0421044 0.7219988 0.3232400 0.8414227 0.6457925 0.0781728 -0.0069253 0.8022181 0.2833503 -0.0270314 0.3999385 0.0626445 0.0741888 0.7105838 0.1919309 0.0973752 0.1899825 0.6294238 0.5898512 0.4564734 -0.0735955 0.3772726 0.5431573 0.7639793 0.2781604 0.1325090 0.3079727 0.2855749 0.3096053 0.4108020 -0.0630790 -0.0510325 0.1959321 0.3946161 0.2973651 0.4109353 0.1979821 0.1092180 0.4353456 0.1199183 0.1969282 0.3459781 0.5260880 0.2673084 -0.1017476 0.2892766 0.2937679 0.3831759 0.0827201 0.2588855 0.2682881 -0.0400648 -0.1271919 0.3195965 0.4847100 0.0590213 0.1461415 0.0826328 0.0264868 0.0756200 0.0886179 0.3061397 0.0079945 0.3596975 0.0621433 -0.0456204 0.2348687 0.0057139 -0.0275897 0.1101634 0.0456253 -0.1338784 -0.0344564 0.0433522 0.0358144 0.1678194 -0.1176069 0.1779977 0.1106438 0.3811387 0.1271171 0.0824126 0.0030667 -0.0963993 0.1748576 0.0828458 0.0391646 -0.0099168 0.0403959 -0.3650670 0.0742780 -0.0088701 0.0264456 -0.2548504 0.1888564 0.1253575 0.0772837 -0.1102372 0.2600091 -0.0369284 0.1656084 0.2976866 -0.0505356 0.0995873 0.1672515 0.0786567 0.1557418 0.1847666 0.0461919 0.1500661 0.1095087 -0.0193602 -0.2129963 0.0900070 0.0690278 0.0970896 -0.1217644 -0.1298393 0.0960718 0.1109988 0.1007213 0.0172595 -0.0752219 -0.0874192 -0.3410420 -0.1034024 -0.0021120 0.0637656 0.0014298 0.0809036 -0.0698450 0.1378930 -0.0933399 -0.1970698 0.0189719 -0.2697264 0.0009294 -0.1124492 0.1332496 0.1134848 0.0875765 -0.0479942 0.1392680 -0.0804676 -0.1474023 -0.3564534 0.2274796 -0.1261099 0.1499422 0.1351540 -0.2218476 0.0524217 -0.1778993 0.1870727 -0.0905049 -0.1383136 -0.2048504 0.1857492 0.4562465 0.3150073 0.0636725 0.3326113 0.0239429 0.4128309 0.4688601 0.4586808 0.2753732 0.0560306 0.0983863 0.1672700 0.1386052 0.2068455 0.0081375 0.0902811 0.0984526 0.3492994 -0.1422781 -0.0527124 0.2368961 0.2323612 0.1078560 0.1805458 0.3014639 0.1152599 0.0951458 0.1002286 0.2049533 0.0434774 0.0635627 0.0394496 -0.1834599 -0.3492747 -0.3424591 -0.3163664 -0.3369538 0.3105219 -0.1069437 -0.5426895 -0.1662905 0.0833201 -0.1884030 -0.4066361 -0.2543574 -0.1220266 -0.1800060 -0.5332724 0.2177638 -0.2205864
0.3762131 0.4542680 0.5324715 0.1074604 0.1389286 0.3231677 0.6001624 0.4892066 0.3898102 0.0000000 0.8766359 0.3487064 0.6730777 0.5036117 0.8063153 0.7712703 0.7120161 0.0065073 0.7456428 -0.0620133 0.0020446 0.7959361 0.5750856 0.6409013 0.8817110 0.8006612 0.5990856 0.2478780 0.3236652 0.2626488 0.5700665 0.6701143 -0.0748321 0.2952381 0.4186137 0.4759061 0.7632792 0.7237454 0.2133017 0.1241491 0.6733540 0.2936451 0.2689244 0.2136352 0.2294913 0.6607624 0.4603664 0.4201107 0.4557618 0.6995565 0.3713357 0.5871079 0.3753298 0.2957626 0.0553141 0.2787643 0.4823674 0.5472087 0.2867396 0.5712168 0.2697289 0.6907602 -0.5133449 0.4071329 0.2212076 0.0281319 0.6981962 0.6731266 -0.2315536 0.6428569 0.5798358 0.3176379 0.6887476 0.2526591 0.1647980 0.7550478 0.3299998 0.5713211 0.5546237 -0.1452026 0.2839706 0.1063976 0.3970893 0.4866670 0.5078993 0.2576781 0.3704639 -0.1773680 0.4934488 0.3581154 0.1594089 0.3612023 0.2953851 0.2377240 0.3453988 0.3920573 0.2551141 0.3177428 0.5809652 0.3528469 0.4704003 0.2721230 0.1822557 0.4401144 0.3149756 0.3902632 0.4176468 0.4368759 0.2905536 0.4977735 0.3267631 0.3644985 0.3697966 0.3537290 0.4199220 0.3732848 0.4619264 0.3555219 0.4258450 0.2959073 0.4909997 0.4329720 0.3377677 0.1720367 0.4179413 0.4305232 0.5501649 0.3986091 0.3272408 0.5818463 0.5102416 0.5085537 0.4614968 0.5004957 0.0996009 0.5075610 0.4115451 0.3493572 0.3889578 0.4322859 0.4992484 0.5254852 0.3323597 0.4908858 0.4629789 0.4026138 0.3962814 0.3447538 0.3950112 0.4773636 0.4970302 0.4224104 0.4898907 0.3760098 0.4436670 0.0211690 0.3855073 0.2865781 0.2351224 0.3489510 0.3398732 0.4488119 0.1631734 0.1805209 0.3594421 0.0917486 0.1441746 0.3622202 0.5539147 0.6252120 0.3164375 0.3934733 0.4550767 -0.2648144 0.1339088 0.0101153 0.1211993 -0.5710140 0.2797790 0.1802572 0.2759257 0.2516834 0.2689136 0.0428676 0.3009970 0.1292280 0.2665124 0.1425540 0.3940206 0.2347542 0.2710940 0.1584052 -0.1914930 0.2014656 0.2508654 -0.0521022 0.4117571 0.0183658 -0.1461772 0.4401352 -0.5499965 -0.4556929 -0.1620183 -0.2075866 -0.2319929 -0.3939517 0.1963698 -0.6295246 -0.5085757 -0.4179938 0.0282048 -0.3735175 -0.3230430 -0.3062060 -0.1085251 -0.5227002 -0.3465453 -0.5066276
0.1467566 0.1765225 0.1674712 -0.0596719 -0.1421236 0.0513680 0.4286218 0.3958222 0.0421044 0.8766359 0.0000000 0.0607038 0.5652956 0.2078947 0.5393693 0.9117888 0.7669660 -0.3350665 0.8199677 -0.0217529 -0.1750538 0.7904320 0.7207516 0.3260461 0.8685342 0.8149231 0.4882859 -0.0984346 0.0846124 0.0289207 0.5439455 0.5200592 -0.2889067 -0.0566216 0.3692696 0.4786416 0.6163623 0.6776927 0.1020962 -0.0159954 0.6237508 0.3387083 0.1906824 -0.0351013 0.1463105 0.6161446 0.4409030 0.3556777 0.2489695 0.6749403 0.3374889 0.5218017 0.1516247 0.3366478 0.0411208 0.2924689 0.4969767 0.4297551 0.3148723 0.5252002 0.2709329 0.7680565 -0.4555513 0.3373922 0.0860435 0.1718099 0.7443694 0.6661179 -0.1170328 0.6882833 0.6885571 0.2315306 0.7291807 0.2054811 0.3213504 0.8640842 0.3323360 0.7468152 0.7421950 -0.0364979 0.4001073 0.1328583 0.4689361 0.5509701 0.5227636 0.3135461 0.4696243 -0.0014078 0.4922882 0.4148617 0.3033524 0.4027289 0.4250149 0.2613044 0.3976641 0.4770346 0.3172268 0.4829806 0.6435442 0.5630919 0.5621113 0.4479090 0.3443900 0.4564045 0.4087979 0.5153538 0.5365080 0.5849517 0.3938626 0.6200317 0.4638441 0.4105772 0.5219353 0.4848852 0.5098244 0.4902524 0.5723131 0.4297013 0.5382683 0.2440502 0.5918422 0.5732295 0.4845503 0.2488944 0.4383606 0.4597375 0.7129096 0.5751565 0.3720413 0.6450775 0.5773658 0.6252136 0.5977184 0.6214771 0.3102397 0.6244160 0.4875409 0.3868414 0.4197392 0.4921782 0.6425068 0.5734618 0.5257095 0.5805280 0.5229913 0.5090223 0.4109752 0.3514275 0.4800713 0.5851049 0.5003442 0.5415813 0.5190242 0.5208082 0.5696319 0.1935234 0.3375766 0.4208984 0.2851783 0.2362871 0.4809590 0.5492193 0.2790700 0.0999559 0.4808126 0.2867431 0.2851060 0.3375045 0.3552786 0.5621546 0.3595679 0.3612127 0.4466584 -0.4491304 0.0300394 -0.0950146 0.0105812 -0.5153433 0.2860553 0.2250424 0.3761710 0.3702349 0.3813190 0.1727110 0.3843407 0.0833843 0.3093900 0.1790443 0.3781730 0.1900711 0.2321441 0.1424934 -0.2199317 0.1207565 0.2211371 -0.1134810 0.3920062 -0.0476986 -0.1214832 0.5640353 -0.6455088 -0.5343907 -0.2033203 -0.2841076 -0.2163055 -0.5196329 0.2856227 -0.5535463 -0.5582851 -0.5098468 -0.0691242 -0.4225365 -0.2796288 -0.3919446 -0.0467498 -0.3466512 -0.5407597 -0.4875135
0.4656047 0.6604797 0.6270362 0.5275048 0.4984138 0.6830617 0.5873402 0.4091729 0.7219988 0.3487064 0.0607038 0.0000000 0.1607240 0.5814763 0.7216456 0.0744423 0.1820295 0.4751038 0.2091560 -0.2820333 0.6749213 0.1099684 0.0811608 0.6838574 0.1998454 0.0611092 0.0391997 0.3770291 0.7643642 0.0488859 -0.1165760 0.0798910 0.2918511 0.7685605 -0.0783871 0.4320979 0.0300432 0.2221549 -0.1097171 -0.0567488 0.0329425 0.3204683 -0.2006107 0.2924167 0.5424090 0.0361021 -0.1881953 0.1349476 0.6140223 0.1914844 -0.2145502 0.1191393 0.7283737 0.1308493 0.0862164 0.0432087 0.0046936 0.4220607 0.2247692 -0.0886912 0.3621907 -0.0835079 -0.0007513 0.3001497 0.3145355 -0.0855991 -0.0839091 -0.0072010 0.0806473 0.0858751 -0.0151931 0.3992756 0.0164884 0.1924502 0.0475158 0.0415095 0.3135965 -0.0082609 -0.0347718 0.0015406 0.0089273 0.1562232 0.2516383 0.2703170 0.4086635 0.1764329 0.0762123 0.0845525 0.2944552 0.3772031 0.0000714 0.1384914 0.1473419 0.2766336 0.1329703 0.1040584 -0.0472566 0.0321136 0.2835605 -0.0088656 0.3372799 0.0110629 -0.0059993 0.2359635 0.0195914 0.1653700 0.2284961 0.1039716 0.1199970 0.2095939 0.1264074 0.3108016 0.0895360 0.1272646 0.2050528 0.1423548 0.1786344 0.1537371 0.1340385 0.2765114 0.1463671 0.0746606 0.0584791 0.0936224 0.1843506 0.3698430 0.0226895 0.0085326 0.2067940 0.0570401 0.1146939 0.2041355 0.0380645 0.0707399 -0.0764924 0.1085747 0.0376471 0.2819180 0.2211169 0.3484924 0.1396651 0.2680816 -0.2042557 0.1657574 0.1508666 -0.0470163 0.0834558 0.0447293 0.0866892 0.0765588 0.0806808 0.0323040 0.2324720 0.0958914 -0.0796114 -0.0446049 0.1092793 0.0619327 0.0221346 0.0586652 -0.0225576 0.1215558 0.0681393 -0.1592071 -0.0136097 -0.0421734 -0.0559212 0.2420601 0.3581161 0.1914526 0.1463736 0.2033951 0.1991067 0.3466788 0.6216480 0.6202089 0.6759332 -0.0316279 0.4685535 0.2852820 0.4062039 0.2392632 0.1449909 0.0397435 0.1392403 0.1155453 -0.0573390 -0.0328808 0.2644825 0.4132685 0.2791670 0.4474350 0.1612670 0.2679252 0.3416970 0.2439556 0.5103522 0.1313125 -0.0238108 0.3518146 -0.4240790 -0.4422203 -0.1984044 -0.1855659 -0.2341319 0.2337453 0.1875594 -0.3427117 -0.3979961 -0.2278377 0.0048466 -0.1830708 -0.1893219 0.3567835 0.1384653 -0.5181437 0.2480621 -0.0556561
0.3071065 0.3324774 0.5769830 0.1546410 0.3806398 0.2785835 0.2868165 0.4533862 0.3232400 0.6730777 0.5652956 0.1607240 0.0000000 0.3203849 0.5796053 0.6944076 0.2946037 0.0855331 0.7839366 0.0273139 0.2373899 0.7565671 0.2588115 0.5099513 0.7945125 0.5881147 0.0620411 0.2750135 0.3869319 0.0434251 0.5163570 0.6054779 0.1868597 0.4784399 0.1417123 0.4933197 0.6492717 0.7604462 -0.0362582 -0.1473415 0.4361949 0.1929614 0.0646887 0.2479522 0.1250636 0.7057818 0.4224980 0.2977263 0.4914812 0.7334630 0.2497908 0.1074194 0.4490960 0.2061721 -0.0376153 0.3929617 0.6765399 0.4581172 0.2255497 0.4075384 0.4105551 0.6743739 -0.3541781 0.6706581 0.5640047 0.3556356 0.6331372 0.6238629 0.0282487 0.7354217 0.7141190 0.5449355 0.6646179 0.4518271 0.4358139 0.7207572 0.4572890 0.6570742 0.4961849 -0.0692947 0.3575377 0.1114569 0.3383661 0.2930262 0.2716368 0.1466386 0.2184225 -0.0606621 0.2725437 0.2349531 0.1968382 0.2177872 0.1047447 0.1515801 0.1978792 0.1829868 0.2203527 0.1816876 0.3017383 0.1178670 0.4051368 0.0769134 0.0032392 0.2965782 0.3652452 0.2511007 0.1036820 0.1352050 0.3282173 0.1054450 0.3400310 0.0577238 0.1112961 0.0447058 0.0540620 0.1170728 0.1744371 0.0083418 0.1939930 -0.1181001 0.2422528 0.1649808 0.1757014 0.1881115 0.0810106 0.0126383 0.3103961 0.3282271 -0.0187714 0.5203122 0.3571832 0.3139742 0.3155489 0.5110071 0.3757315 0.3916452 0.3455772 0.0860663 0.3198485 0.2547385 0.3271940 0.3170567 0.4159101 0.3672309 0.2304750 0.3262873 0.2533192 0.3213481 0.3080858 0.3985308 0.5316724 0.3673314 0.2330107 0.2319407 0.3425474 0.3639305 0.6146273 0.2486103 0.3877507 0.3338917 0.1867576 0.2170998 0.4893659 0.3352662 0.1886538 -0.0119612 0.0236104 0.1957154 0.4316516 0.5490635 0.1414908 0.3581661 -0.1666382 -0.5773374 -0.2639548 -0.1884133 -0.1988870 -0.6708813 0.3716911 0.3573826 0.1946782 0.3161236 0.2194039 0.0316254 0.2400446 0.4296929 0.1899085 -0.0754225 0.3193312 0.3668881 -0.0515007 0.1009735 -0.2356645 -0.3322160 -0.2186187 -0.5135758 0.0550910 -0.2217505 -0.3696232 0.0962708 -0.4631464 -0.1375259 -0.0895881 -0.3199370 -0.0747283 -0.2843280 -0.0291103 -0.6158763 -0.3524181 -0.1936426 -0.1935944 -0.6054032 -0.2295870 -0.3999796 -0.2259774 -0.5775902 -0.2292258 -0.4010493
0.7334560 0.8386930 0.8471946 0.5251969 0.7690933 0.8367195 0.2453784 0.5237235 0.8414227 0.5036117 0.2078947 0.5814763 0.3203849 0.0000000 0.6535304 0.2716156 0.2876001 0.6979206 0.3894369 0.0617422 0.3840902 0.2315068 0.3845472 0.6377099 0.3832776 0.3080018 0.4241529 0.6829290 0.5643650 0.5052997 0.1266429 0.5608077 0.4819293 0.6200773 0.3683081 0.3462095 0.4302177 0.4398585 0.3340383 0.3959014 0.2628734 0.1492489 0.1978946 0.5171374 0.4382362 0.4285570 0.1843393 0.4395639 0.5345100 0.1564077 0.1961873 0.4964761 0.4460738 0.5876816 0.2086670 0.3966591 0.3931062 0.6645339 0.4069289 0.3326022 0.4428583 0.2399463 0.0161054 0.2817482 0.5071109 0.1316309 0.2882315 0.3967263 0.1335070 0.2279779 0.2285409 0.1524082 0.3267509 0.3877556 0.1443452 0.0995948 0.1876545 0.1202978 0.1725673 0.2618240 0.1015311 0.1095586 0.1001096 0.1673325 0.2112253 0.3090822 0.0913207 0.2096523 0.2909408 0.4348431 0.2014569 0.2951649 0.1926892 -0.0363777 0.2748167 0.3060158 0.3633271 0.1587465 0.1998189 -0.3078110 0.1611534 0.1790783 0.1601055 -0.1292319 0.3683761 0.1842545 0.2692581 0.0576959 0.3333626 0.1551621 0.2471461 0.4579397 0.0624008 0.1584044 0.2942380 0.1254518 0.1810890 0.2427642 0.1243341 0.2837848 0.2601355 0.1546612 0.0530484 0.1326137 0.2689972 0.3488601 0.0937700 0.0356092 0.2927805 0.1927484 0.2871981 0.1400305 0.0640679 -0.0328512 -0.1925282 0.0802358 0.1178339 0.3163267 0.1689047 0.3363697 0.0905220 0.4236739 0.1025646 -0.0463660 0.1353431 -0.1689484 0.1669031 -0.0554071 0.3314640 0.3305776 0.3295639 -0.0173447 0.3574708 0.0714774 0.0732760 -0.3651163 0.3036841 -0.0270211 0.3091108 0.1121528 0.0320870 0.3284833 -0.2400870 0.1304859 0.2000187 -0.0464771 -0.0221090 0.4117536 0.6460938 0.5501934 0.2489230 0.4748321 0.1829474 0.3669933 0.4130462 0.3248466 0.3394176 0.0389095 0.2823861 0.2616325 0.1521136 0.2565048 0.3159857 0.3150867 0.3936240 0.4613526 0.2157156 0.1762503 0.2820285 0.0804827 0.2459159 0.1399841 0.2550390 0.2180380 0.3305874 0.2510457 0.4505075 0.0331025 0.1888360 0.2917370 -0.2119894 -0.4992866 -0.2691768 -0.1752285 -0.0504908 0.4386385 0.2245012 -0.4147989 -0.2496175 -0.2278915 -0.0687335 -0.2302266 -0.0315000 0.0551189 -0.0106903 -0.3722316 -0.0630802 -0.4988981
0.4958763 0.6486233 0.7499917 0.3540516 0.3846288 0.6112077 0.6251129 0.4985981 0.6457925 0.8063153 0.5393693 0.7216456 0.5796053 0.6535304 0.0000000 0.5045286 0.4711370 0.4115676 0.5728444 -0.2055606 0.4351303 0.5585026 0.3867078 0.8570002 0.6783127 0.5852331 0.4725265 0.5285326 0.7330942 0.3322601 0.3557468 0.6155744 0.2699199 0.7261410 0.3255219 0.5399947 0.6285371 0.6138579 0.1781980 0.1264084 0.5114137 0.3212869 0.1775058 0.4805681 0.4891274 0.5061798 0.3264846 0.4020168 0.7111339 0.5829257 0.2534723 0.4449256 0.7151311 0.2755076 0.1204370 0.2524311 0.3692592 0.5732918 0.2651015 0.4249820 0.3824320 0.4400116 -0.3201439 0.4902379 0.4069546 -0.0327165 0.5028033 0.4261664 -0.1272036 0.4480647 0.3992190 0.4682446 0.4674305 0.3026304 0.1058319 0.5116286 0.4115065 0.3203464 0.3189781 -0.1388355 0.2119595 0.1245736 0.3046432 0.3377455 0.4426918 0.2053766 0.1704861 -0.1335166 0.4105263 0.3316946 0.0226208 0.2572853 0.1638361 0.1421789 0.2014907 0.2224348 0.1221849 0.1267710 0.3534303 0.1210199 0.2995819 0.0658604 0.0007014 0.3016433 0.1373622 0.1820287 0.2643655 0.2042362 0.1479957 0.2949800 0.1485928 0.2659027 0.1586344 0.1561401 0.2383857 0.1616928 0.2416515 0.1396359 0.2072057 0.2091002 0.2703817 0.2302019 0.2015702 0.0563019 0.2645830 0.3716577 0.2857508 0.1940901 0.2192484 0.3729886 0.3497895 0.3234880 0.2604261 0.3207574 0.0048815 0.2838624 0.2485771 0.2929546 0.3565652 0.4308762 0.3036145 0.4102526 0.0571437 0.3286024 0.2840866 0.1505050 0.2999646 0.2482108 0.2447975 0.2958704 0.3940001 0.1839319 0.3780208 0.2297253 0.2174390 0.0032678 0.3670334 0.1778277 0.1839613 0.2697557 0.2135629 0.2948029 0.1226615 0.0275080 0.2374579 0.0024209 0.0149092 0.3034136 0.5340665 0.4952788 0.2584683 0.3440277 0.2926119 -0.0607574 0.2912357 0.2045497 0.3118892 -0.4278983 0.4054598 0.2754613 0.2718106 0.2354903 0.1841385 0.0129963 0.2297285 0.2206577 0.1361667 0.0001320 0.3663910 0.3309723 0.2406910 0.3254777 -0.0781907 0.1846686 0.2553319 0.0182274 0.4896295 -0.0280566 -0.1863271 0.3587645 -0.4720735 -0.4647909 -0.1739842 -0.2376492 -0.1827360 -0.0613788 0.0899954 -0.5188892 -0.4027403 -0.3587724 0.0344217 -0.2771809 -0.1886974 0.0179831 -0.1042642 -0.5288872 -0.1012235 -0.4120523
0.2353351 0.2021326 0.2525753 -0.0571707 0.0574124 0.1129617 0.3032116 0.3620097 0.0781728 0.7712703 0.9117888 0.0744423 0.6944076 0.2716156 0.5045286 0.0000000 0.6938596 -0.2755509 0.9226731 0.0761802 0.0514662 0.8209101 0.7667003 0.3466640 0.9016355 0.8034939 0.3282631 -0.0016762 0.2194855 -0.0422892 0.5527347 0.5420020 -0.1056298 0.0823548 0.3128216 0.6167880 0.5587070 0.7732258 0.0235391 -0.1259661 0.6038382 0.3828123 0.1007442 0.0823309 0.2263037 0.6757636 0.4220855 0.4274077 0.3642184 0.7156387 0.2816790 0.3972055 0.2281674 0.4506137 0.1478215 0.4481057 0.6072276 0.5255317 0.4498133 0.4633547 0.4341266 0.8144967 -0.2938188 0.4362156 0.2779803 0.3266526 0.7637562 0.7206760 0.0896285 0.7675757 0.7670494 0.2846645 0.8300864 0.3250188 0.4619803 0.8802049 0.3861780 0.7901928 0.7759657 0.1140664 0.4290045 0.1879521 0.4928679 0.5249453 0.5151511 0.3357510 0.4744316 0.1389379 0.4730753 0.4403637 0.3525832 0.4277684 0.4464734 0.3195661 0.4012482 0.5101937 0.3703572 0.5258190 0.6276834 0.4899367 0.5987895 0.4501141 0.3115754 0.4407419 0.4932784 0.5448471 0.5056293 0.5321510 0.4621074 0.5771905 0.5530722 0.3832474 0.4812904 0.4177441 0.4443755 0.4444242 0.5096940 0.3512588 0.5201854 0.1493725 0.5924465 0.5410005 0.5503693 0.3491840 0.4392367 0.4841842 0.7020478 0.6162947 0.3859398 0.6605438 0.6183968 0.6487398 0.6311665 0.6480264 0.4910274 0.6517925 0.5276610 0.4733091 0.5009865 0.6458190 0.6579004 0.6840482 0.6026839 0.6090950 0.5233394 0.4354249 0.4370603 0.3755622 0.5792134 0.7243151 0.6661776 0.5765970 0.5805484 0.5468719 0.6191946 0.3304937 0.4385637 0.4859819 0.4370869 0.1842775 0.4757517 0.6426512 0.3685942 0.0851511 0.5102703 0.3281557 0.2920199 0.4457212 0.4441391 0.6768386 0.4132267 0.4878405 0.2584757 -0.4788587 -0.0887458 -0.1392701 0.0092399 -0.5059670 0.4836316 0.3829687 0.4444645 0.4764933 0.4792576 0.2690816 0.5049401 0.2935412 0.3948356 0.1735906 0.3736888 0.2160445 0.1178986 0.1791560 -0.2294190 -0.0485373 0.1899124 -0.1873099 0.4503837 -0.1906116 -0.1768480 0.6162906 -0.7408515 -0.6157212 -0.2818190 -0.3886586 -0.0521164 -0.3643755 0.4127801 -0.5396298 -0.6356787 -0.6213024 -0.2392174 -0.5479189 -0.1721048 -0.3328993 0.0534335 -0.3949455 -0.5699749 -0.6058217
0.2136655 0.0655783 0.1428504 -0.1681544 -0.1031441 -0.0047990 0.4863682 0.1111792 -0.0069253 0.7120161 0.7669660 0.1820295 0.2946037 0.2876001 0.4711370 0.6938596 0.0000000 -0.2710828 0.5340514 -0.1836240 -0.0582466 0.5574939 0.6778481 0.2308530 0.6542463 0.5967326 0.5708838 -0.0970809 0.1039668 -0.0567810 0.2605877 0.3030366 -0.3999277 -0.0657478 0.2013449 0.3956365 0.3181320 0.4222424 0.0096054 -0.1034527 0.5676340 0.2616383 0.0507108 0.0267078 0.1384390 0.2263995 0.1141374 0.3599848 0.4219868 0.3448147 0.0709962 0.4578203 0.2315591 0.3008589 0.2621384 0.0369771 0.1171789 0.5005431 0.4000070 0.2444903 0.2880173 0.5042679 -0.2207515 0.1134884 -0.1081607 -0.0747910 0.3861652 0.5092435 -0.1357689 0.4556532 0.3450425 0.0546127 0.6113807 -0.1130549 0.0709952 0.6485887 0.0825221 0.4485881 0.5061115 -0.0542831 0.1228802 0.2415837 0.4406122 0.5032285 0.6180419 0.1973866 0.3824188 -0.0918181 0.4716793 0.3056653 0.0427049 0.2894623 0.3312264 0.4567303 0.2225567 0.3884553 0.2389034 0.3418609 0.6405392 0.3905699 0.5020811 0.3159829 0.2378051 0.5949811 0.1547315 0.3759664 0.4821477 0.5686443 0.0972845 0.6279959 0.2720928 0.3254435 0.4690616 0.3842277 0.3718554 0.4008779 0.3988684 0.2857165 0.4412030 0.1935558 0.4391596 0.4745126 0.4769487 0.1768198 0.3882527 0.4890762 0.5904503 0.3824317 0.2666773 0.4343434 0.3970332 0.4467573 0.4240526 0.5386567 0.1721248 0.5369795 0.3203908 0.4146612 0.2967268 0.6313639 0.5886567 0.5563515 0.1807909 0.6005489 0.4178741 0.3669403 0.2678963 0.2071454 0.4286340 0.3993060 0.4041589 0.3932162 0.4322050 0.4800848 0.3801064 0.0081385 0.0025951 0.3520905 0.0476377 -0.1124890 0.4117131 0.4353852 0.0529971 -0.3390857 0.3587511 0.2164448 0.2921862 0.4722340 0.4185334 0.3800036 0.4110178 0.3450088 0.5481144 -0.1029906 0.1922476 -0.0967567 0.2290947 -0.4275579 0.3154339 -0.0312634 0.2035302 0.0399752 0.3258453 0.0349239 0.2956926 -0.1199208 0.3473735 0.2000205 0.1552402 -0.0042147 0.0946662 0.0409183 -0.3150156 0.1055863 0.3177186 -0.0386871 0.5088923 -0.0759134 -0.0575939 0.5664089 -0.6434857 -0.5929811 -0.1850054 -0.1154084 -0.0581313 -0.2660682 0.5143973 -0.3125615 -0.6085049 -0.6070623 0.0439679 -0.1108220 -0.2816783 0.0256569 0.4677891 -0.3779543 -0.2813535 -0.3254653
