0.0000000 0.3530356 0.3525242 0.0893468 -0.1025674 0.1790442 0.2403638 0.0011568 0.1045228 0.3134094 -0.1325605 0.3710424 0.0718863 0.0068554 0.1420940 -0.4054821 -0.1805225 -0.0594738 -0.3671165 -0.3011232 0.2402842 0.0694033 -0.6322521 0.0145204 -0.2712433 -0.5426403 -0.2642892 -0.0537423 0.1064979 -0.1939464 -0.1272499 0.1050314 -0.0304707 -0.0047981 -0.5413941 0.2488331 -0.3994413 0.1319723 -0.1882886 -0.0156507 0.0770692 0.0883681 -0.4776463 -0.1388499 -0.0192884 -0.2131920 -0.4247348 0.3718781 -0.1996268 -0.1547112 -0.5388486 -0.0282637 -0.0924752 -0.0529612 -0.1645293 -0.2676673 -0.3190351 -0.1178353 -0.1596243 -0.5447670 0.0236795 -0.3907466 0.0066290 -0.1601277 0.0157588 0.0935650 -0.5731627 -0.3652804 -0.1395488 -0.5451102 -0.1385834 0.0122295 -0.5985506 -0.0018172 -0.2439179 -0.3830448 -0.2499927 -0.2594230 -0.3281978 -0.0863351 -0.4597534 0.2123157 0.4622898 0.2946598 0.1812534 0.3430701 -0.0928060 0.0439621 0.3341673 0.1689721 -0.0448731 -0.1710591 0.2974669 0.1177621 0.0801063 -0.0746967 -0.1256119 0.0483650 0.1586501 0.1536686 0.2897065 0.1181620 0.1744114 0.1770550 -0.0136063 0.1802986 0.2772068 0.1114655 0.3396774 0.0928586 0.3655478 0.3819569 0.1206781 0.2320461 0.3795256 0.2066867 0.2153621 0.1709189 0.0846903 0.1317663 0.0942588 0.2865578 0.3833118 -0.0946267 -0.0267754 -0.0088224 0.1319822 0.2743868 -0.0202270 -0.2361393 -0.2191670 0.1853068 -0.1298388 0.1734933 0.0313766 0.4547423 -0.2115966 -0.3619671 -0.4874129 -0.0278328 -0.1223470 -0.2070451 -0.1162088 0.0873681 -0.3060572 0.4799165 -0.3911109 -0.1944439 -0.0918022 -0.1102782 -0.2108067 0.2115210 -0.4005577 -0.2340839 -0.1479164 0.2976141 -0.0503357 -0.0699092 -0.0815935 0.0525224 -0.0954744 -0.2290852 0.1248160 0.1085379 -0.2544718 -0.0310442 -0.3255059 -0.4732463 -0.0968000 -0.1576593 -0.2910564 -0.3257290 0.4517747 -0.0338889 0.3111672 0.3138040 0.1707509 -0.1099418 0.1641104 0.1574324 -0.0309996 0.0998561 0.0762766 0.0502154 -0.1917871 -0.0568332 -0.3190208 -0.0148792 -0.0465180 -0.1087930 0.2049159 -0.0157750 0.0565858 0.1428044 0.2062652 0.2640363 0.0970333 0.0483032 -0.2423687 -0.0593212 -0.2728615 -0.1126325 0.1752130 0.0514979 0.3352878 -0.2729279 -0.2733284 0.0346632 -0.1915074 -0.2983718 -0.0037661 0.1510323 0.0265951 -0.1140177 -0.1117182 0.0091383 -0.2709632 -0.1926920
0.3530356 0.0000000 0.4297073 0.5610373 0.1918067 0.3919854 0.3095210 0.6014606 0.5037852 0.4681202 0.1060322 0.5674380 -0.0395047 0.3225096 0.4378527 0.0749101 0.1200075 0.3465170 0.1217233 -0.1708681 0.6783904 -0.0438952 -0.2988460 0.5478569 -0.0613754 -0.0723600 -0.3817668 0.3404191 0.5985633 0.0630331 0.0387082 0.1869988 0.3753595 0.5701177 -0.2002522 0.7102523 0.0354472 0.3344276 -0.2964828 0.0493765 0.3351369 0.5698461 -0.2601749 0.1915747 0.3889548 0.0031204 -0.0928416 0.4849742 0.2296168 0.4035780 -0.0252454 -0.1135415 0.4837582 -0.3017441 0.0195167 0.0642411 0.0863373 -0.2126018 0.0709627 -0.1675725 0.2712099 -0.2482900 -0.2435803 0.4940003 0.5525830 0.2828359 -0.0531014 -0.3308104 0.0230560 -0.1160888 0.0890661 0.5673377 -0.0594554 0.5089405 -0.1527964 0.3662085 0.3836721 -0.1651032 0.1991014 0.2488683 -0.1614173 0.1262724 0.2795243 0.4145129 0.4314494 0.1634796 0.2108426 0.3988901 0.3614196 0.3001414 0.1302737 -0.0880162 -0.0664958 0.2637717 0.2495218 0.2774800 -0.1293366 0.0140791 0.2648413 0.4322189 0.1939812 -0.0562078 -0.0908160 0.2826334 -0.0597788 0.5358991 0.1473711 -0.0154554 0.2193632 -0.1980036 0.2442939 0.0809111 -0.1335602 -0.0767069 -0.0404513 0.0438511 -0.0185828 -0.0298165 -0.1713551 0.3723094 0.3317091 0.1758187 0.1276536 0.1355033 0.3128468 0.3775657 0.4578321 -0.0627698 0.3553258 0.3120528 0.2651337 0.2300468 0.3860109 0.4064143 0.2224739 0.2050222 0.3886434 0.2644939 -0.0254284 0.0742191 -0.0661986 0.1677043 0.1499558 0.2935106 0.3838531 0.1726608 -0.1549780 -0.1543220 0.0264297 -0.1221342 -0.0484404 0.1279294 0.1233540 -0.1622860 0.0031658 -0.0092592 0.0001357 -0.0172073 0.0856745 0.2995855 0.1160550 -0.1489575 -0.2144967 0.1735870 -0.0092779 -0.1625363 -0.1186802 0.0870523 0.0491121 -0.2698725 0.0592848 -0.0895899 0.5171259 -0.0123766 0.5942909 0.3698742 0.5056797 -0.0668988 0.6101687 0.5501909 0.1895575 0.4191747 0.3004691 0.3117049 0.0469034 0.4831230 0.0563687 0.2298620 0.1973445 0.2356191 0.4057649 0.2849035 0.2509967 0.1768271 0.3847072 0.3419859 0.3591382 0.2960267 0.1476230 0.2799283 0.2803837 -0.1101881 0.3154283 0.2469229 0.4028223 0.1562250 0.2976718 0.1743864 0.4827734 0.1290943 0.2975406 0.2375853 0.3697072 0.1796858 0.3971575 0.0629689 0.1984252 0.2111099
0.3525242 0.4297073 0.0000000 -0.0211489 0.5031556 -0.3372363 -0.2285051 0.4061952 -0.2929128 0.1936887 0.2494264 0.0959981 0.4983822 -0.1970412 -0.1620900 -0.0292988 -0.1768054 -0.2309444 -0.0480008 0.0047794 0.0851541 0.0547936 -0.2642181 -0.0025058 0.0925202 0.2085466 -0.5150743 -0.1326766 0.0910386 -0.3329714 0.3371883 0.5413858 0.0515443 0.1412604 -0.0825217 0.1273675 0.1472864 0.4760036 -0.2099639 -0.1415312 0.4647872 0.1446221 -0.0306081 -0.0261803 0.1551499 0.0748728 0.1125795 0.6053357 -0.0468695 0.5119037 0.0287126 -0.0430362 -0.0126206 0.1165143 0.3177122 0.2853300 0.3155674 -0.0341383 0.1264664 0.0564634 0.1932540 -0.0193775 0.3825949 -0.1671267 -0.0342014 0.6896916 0.2468626 0.1013517 0.4205445 0.1929807 0.2579547 -0.0292667 -0.0128585 -0.0554182 0.1911359 0.0560109 -0.0511037 0.2047523 0.1436311 -0.0201643 -0.0724286 0.4265241 0.5991756 0.4611137 0.3047340 0.3192295 0.0947258 0.1993164 0.3564616 0.2128978 -0.0908143 -0.1436689 0.3452423 0.0612197 0.1547829 0.0513589 0.1670413 0.4088024 0.3288908 0.0203142 -0.0612815 0.2457092 0.1282076 0.1415263 -0.0256367 0.3544748 0.2760736 0.1633685 0.3916526 -0.0566832 0.1628218 0.2632757 0.1646965 0.1340872 0.1225746 0.2156247 0.3149753 0.1468266 0.0437073 0.3824882 0.4952031 0.5287508 0.4561640 0.1877595 0.4556912 0.5547258 0.6514677 0.2146989 0.4430816 0.2563743 0.3131291 0.5272017 0.2365843 0.3533810 0.0402026 0.1618537 0.4282306 0.3884515 0.0928371 0.2713907 -0.1353106 0.4933858 0.0708117 0.2386266 0.4354935 0.3176009 -0.0226451 0.0268465 0.0614970 0.2733825 0.0459083 0.1987730 0.3396975 -0.0027449 0.1671323 0.1451600 -0.2866734 0.3421485 -0.1676168 -0.0100533 0.3212791 0.2731129 0.1844572 -0.1439201 0.3478127 0.1663217 0.1980155 -0.0806004 -0.1741296 -0.0226341 0.3382323 0.0746890 0.5010265 -0.0202829 0.2332449 0.1674164 0.1518001 -0.1635427 0.1338148 0.2129654 0.0389929 0.3391145 0.1584949 0.3196003 0.2925929 0.1955703 0.1591672 0.1120196 0.0147606 -0.0263925 0.3614511 -0.0561084 -0.1946259 0.0647197 0.3606796 0.2452192 0.2103172 -0.2606067 -0.1804854 0.5439343 -0.0083242 -0.1107746 -0.0985060 -0.1242360 0.6305929 0.2764349 0.3837837 0.1117829 0.1112824 -0.3835824 -0.0214475 0.0247440 0.4543194 -0.1010573 -0.1235593 0.1870078 -0.4753051 -0.3602135
0.0893468 0.5610373 -0.0211489 0.0000000 0.1726318 0.6228153 0.3909467 0.6905956 0.7041492 0.1492802 -0.1420945 0.5807792 -0.0406285 0.0222866 0.6054382 0.0163504 -0.1758375 0.2521387 0.0450977 -0.4298032 0.6469323 -0.0761388 -0.3443811 0.3233177 -0.1237392 -0.1903643 -0.3316836 0.0397399 0.7620398 -0.2093161 -0.2929962 -0.0333667 0.0522845 0.6028094 -0.2739644 0.5064449 -0.1823676 -0.0650024 -0.6128870 -0.4900959 -0.1864514 0.5810435 -0.3377614 -0.2017377 0.6050362 -0.0478202 -0.2290866 0.0840647 -0.0063643 -0.0972543 -0.1256251 -0.3471927 0.5139549 -0.6280083 0.0836574 -0.1682921 -0.2020372 -0.3768704 0.0865415 -0.2503395 0.2673971 -0.3752747 -0.3959152 0.5071922 0.5205460 -0.1784741 -0.2451502 -0.2474843 -0.3183066 -0.1117035 -0.2447745 0.6501035 0.0808336 0.6603408 -0.3671278 0.4024215 0.5359683 -0.3801608 0.1296442 0.3020517 0.0889964 0.1752964 0.1208809 0.1441427 0.2453158 0.1684746 0.0193617 0.1996092 0.0231188 0.1034425 0.2927861 0.1775097 0.0333501 0.1364246 0.0294316 0.1974856 -0.0371723 0.1653798 -0.0548177 0.4602978 0.1402899 0.2271315 0.2768563 0.1313767 0.1730328 0.2063005 0.1996701 0.3265872 0.3901716 0.1762069 0.3171856 0.1368516 0.2657235 0.3621253 0.3722143 0.4275298 0.0869049 0.0269939 0.1862087 -0.2144476 0.0601569 0.1499299 -0.0405095 0.2618781 -0.0930965 0.0261788 0.3281646 -0.3057385 -0.1245002 0.1798472 0.1073679 -0.1340074 0.1474221 0.3670243 -0.1318598 0.0067700 0.1432466 -0.0549013 -0.1508640 -0.1798199 -0.2441355 -0.1922514 0.1697796 0.0663303 0.0731047 -0.1640393 -0.4117229 -0.3766630 -0.0759059 -0.3090380 0.0815226 -0.0795210 -0.2704735 -0.4388336 -0.3183104 -0.2395602 0.1865262 -0.4875130 0.1120206 0.2303290 -0.2644612 -0.2927318 -0.3172304 0.1533367 -0.3615627 -0.4738061 -0.4087939 0.0252269 0.1258026 -0.1030875 -0.3461646 -0.1171357 -0.2320380 -0.4212482 0.0503852 -0.0619559 0.0450383 -0.1593440 0.2574913 0.0505242 -0.3586546 0.0308108 0.1573716 0.0664869 -0.0364865 0.4303975 0.1709369 0.1541918 0.3983420 0.4433278 -0.2822752 0.2839769 0.1356148 -0.1188903 -0.1733267 -0.0652424 -0.1552752 0.2914823 0.4433553 -0.0628827 0.4621993 -0.1802105 0.5663169 0.4215902 0.0359146 0.1305692 -0.0380843 0.0775495 0.5760144 0.1927135 0.6085278 0.0154312 0.2169047 0.0500163 0.1778831 0.1106221 0.4724316 0.4417681
-0.1025674 0.1918067 0.5031556 0.1726318 0.0000000 -0.2135287 -0.2118270 0.2832956 -0.2663166 -0.3114971 -0.0094462 -0.0642547 0.6336158 -0.4397394 -0.1752362 0.1313682 -0.3559079 -0.3730334 -0.3329360 0.1435806 -0.0723350 0.2705528 -0.1711519 -0.1534045 -0.2533973 0.1499466 -0.3302461 -0.3746359 0.1287119 -0.5687132 0.4535874 0.3579074 -0.1991463 0.0963601 -0.2196561 -0.0177178 -0.0985079 0.0249561 -0.4401250 -0.2970599 0.2775985 0.1766182 -0.1148507 -0.2540318 0.2686359 -0.1674960 -0.2310980 0.3987499 -0.1952935 0.2946538 -0.0873253 -0.2155776 -0.0184681 -0.0690327 0.5350141 0.0814926 0.0054194 0.0629848 0.3354195 0.0746971 0.2684790 0.1324376 0.4135165 -0.1581508 -0.0469932 0.2347214 0.1125928 0.3139215 0.2650284 0.3518760 -0.1966822 0.0127025 0.1936160 0.0086721 0.1229765 0.0751848 0.0341049 0.0422831 0.0273503 -0.1431411 0.1065478 0.2289251 -0.0572704 0.1942498 0.3136675 -0.0888034 0.0084261 0.2501902 -0.0622927 0.2680931 0.0292243 -0.1951691 0.0365176 0.2607571 0.1433306 0.0169520 0.0908774 0.4797251 0.2453283 0.1323047 0.0612342 0.2344594 0.1695787 0.1743145 -0.0149891 0.1115014 0.0043630 0.2745306 0.1368969 -0.1079853 0.1517877 -0.0829075 0.1854093 0.1662685 -0.0239137 0.2845010 0.1063729 -0.1247493 0.1387078 -0.1387464 0.1632098 0.4308096 -0.0642150 0.2530014 -0.0622850 0.0697855 0.4767845 -0.3818346 -0.0522803 0.2586915 0.1294433 -0.0374588 0.0205277 0.3654440 -0.1409077 -0.5304414 0.0890532 0.0662715 -0.1523468 -0.0284763 -0.4489425 0.1251893 -0.0366572 -0.0680165 -0.0327479 -0.3691340 -0.2907558 -0.2788759 0.0232117 -0.0188981 -0.1120908 -0.3823306 -0.0419827 -0.1652652 -0.1814047 -0.3366161 -0.2858008 -0.0725287 -0.1809808 -0.2339395 0.0609812 -0.0695958 -0.2258880 -0.3397669 -0.0013183 -0.1505802 0.0529275 0.0694573 -0.2416554 -0.1977990 0.0139321 -0.1093281 0.0676886 -0.1933970 -0.0307951 0.0036215 0.0602222 -0.2753769 -0.1610383 -0.1346909 -0.3108015 0.1064008 0.1547215 0.1724456 0.6659798 0.2244212 0.6401627 0.1519493 0.0406325 -0.0225893 -0.1360225 -0.1438054 -0.2963047 -0.1049872 -0.0239300 -0.0650027 -0.2634073 -0.2625056 -0.0677772 0.0803351 -0.1514280 -0.3679956 -0.2998408 -0.1348971 0.4452959 0.4090960 0.0575082 -0.1347328 -0.1013041 -0.4604575 -0.1403806 -0.1972832 0.4175099 0.0001828 -0.0532002 0.1284639 -0.1596153 0.1004057
0.1790442 0.3919854 -0.3372363 0.6228153 -0.2135287 0.0000000 0.6797811 0.2368944 0.7297620 0.4625837 -0.0246667 0.6611542 -0.4799841 0.5223379 0.5996255 0.0212969 0.3723963 0.5397794 0.0170579 -0.5051792 0.6203326 -0.3597370 -0.0644668 0.4200646 -0.1135453 -0.4362757 0.1217821 0.3586275 0.5838691 0.3142764 -0.4898583 -0.3871894 0.2411024 0.4456352 -0.3063166 0.6394163 -0.3361388 -0.1016814 -0.0427631 0.0188343 -0.3250283 0.5491807 -0.2373801 0.0910435 0.3447906 -0.2166895 -0.3556334 -0.0231033 0.1965978 -0.2516494 -0.3109766 0.2195808 0.5199873 -0.3120877 -0.4834105 -0.4784480 -0.3347293 -0.1142183 0.1667145 -0.3310246 0.2267590 -0.1138010 -0.6155655 0.5591676 0.5933283 -0.3263722 -0.4276173 -0.2590202 -0.5545557 -0.1836631 -0.1444890 0.5993974 -0.0332557 0.5691834 -0.5058316 0.2793794 0.3596747 -0.3952293 0.0447668 0.2806360 -0.1175073 -0.0654401 0.0180322 -0.0045138 0.1374614 -0.1947277 0.0762609 0.0725459 0.1042305 0.1737823 0.1035007 0.0919879 -0.1878828 0.1583917 0.1751637 0.0212303 -0.3412971 -0.3668059 0.0942869 0.5342740 0.3833188 -0.2800473 -0.2280262 0.1989309 -0.1167723 0.2308930 -0.1100474 -0.2184972 0.1320365 -0.3116242 0.2260670 0.1153786 -0.2895464 -0.1153056 -0.1304224 -0.1321989 -0.3696097 -0.3284182 -0.3501449 -0.0121723 -0.1320415 -0.2242699 -0.2799939 -0.3601931 -0.1260295 0.0595572 0.0174984 -0.3085565 -0.0193398 -0.3562005 -0.3849559 -0.4368930 -0.1762403 0.0465812 -0.1157997 0.0179527 -0.1081472 -0.0974043 -0.3208769 0.0551110 -0.1126536 -0.1495531 0.1173471 0.3198222 -0.1230615 -0.0695264 -0.3587561 -0.1929020 -0.1710167 -0.2122062 0.2599063 0.0394473 -0.3707423 -0.3603149 -0.2084115 -0.1551122 0.4460552 -0.4018475 0.1921984 0.5145618 -0.3220171 -0.1945439 -0.3603892 0.5108364 -0.4560985 -0.4387046 -0.4604095 -0.0691283 0.3986468 0.0806451 -0.4495014 -0.2150539 0.0489654 -0.1054100 0.2524882 0.0492103 0.0829898 -0.0800207 0.3878225 0.3438759 0.2066105 0.2613480 0.4150016 0.2806785 -0.2483039 0.2843540 -0.1422179 0.2183573 0.2939310 0.3237185 -0.0161334 0.2981442 0.3774123 0.1972940 0.1509179 0.2057348 0.1852195 0.4126280 0.1085801 0.0539143 0.0878173 -0.1089226 0.3797724 0.3782781 -0.1973568 -0.0406075 -0.0133647 0.0934852 0.2510103 0.0964707 0.2193985 0.3448337 -0.0578427 0.2021873 0.4613744 -0.1398812 0.6206911 0.4367489
0.2403638 0.3095210 -0.2285051 0.3909467 -0.2118270 0.6797811 0.0000000 0.0535784 0.4729892 0.1450507 0.0241793 0.8564541 -0.4254683 0.2043794 0.5681414 -0.1448659 0.0819253 0.1019217 -0.1428187 -0.3110447 0.6104777 -0.0777135 -0.2386567 0.2381308 -0.3308620 -0.4677862 0.2781394 0.1357648 0.5792387 0.2356041 -0.1302545 -0.4181075 0.0180612 0.3524676 -0.4455274 0.5356440 -0.3739122 -0.2156157 0.0015573 0.1999271 -0.1318212 0.5065463 -0.2071106 -0.0432891 0.3537207 -0.3056267 -0.3698836 0.1117610 0.0677098 -0.1932867 -0.2903262 0.0899950 0.3140006 -0.2401995 -0.3944940 -0.3636904 -0.3895900 -0.0789118 0.0992040 -0.3065155 0.1834139 -0.0957745 -0.2886759 0.3272895 0.3571321 -0.4647759 -0.2927695 -0.2065067 -0.4137854 -0.1938548 -0.0046145 0.4225412 -0.0031273 0.3830307 -0.5363443 0.2247829 0.2911668 -0.2789961 0.0585791 0.2445352 -0.3495220 -0.4171241 -0.3082876 -0.2092878 -0.2596050 -0.2874786 -0.2075658 -0.3344595 -0.0471919 -0.1944651 -0.0152394 -0.4575637 -0.5370576 -0.1779025 -0.1531277 -0.1764572 -0.6063644 -0.5940477 -0.2142881 0.4608702 -0.1156273 -0.3483187 -0.2601099 0.0096990 -0.1120468 -0.1121169 -0.1334432 -0.2141711 -0.0466602 -0.1303708 -0.0911179 0.1232694 -0.2285434 -0.1260123 -0.1146055 -0.1693822 -0.3028009 -0.1802201 -0.3406115 0.1477114 -0.0401040 -0.2426373 -0.4379882 -0.3820386 0.0331385 0.1888893 -0.0206515 -0.3713091 0.0721189 -0.4058385 -0.4030202 -0.5157984 -0.2674091 -0.1139160 -0.2685949 -0.0861415 -0.3959650 -0.0168382 -0.5596819 0.0804128 -0.2406990 -0.1558869 -0.2608138 0.1647309 -0.2206143 -0.0710223 -0.4451460 -0.4374551 -0.3802546 -0.4712342 -0.0343862 -0.0007727 -0.3123891 -0.3238317 -0.3089390 -0.2507238 0.1275768 -0.4376247 -0.0933140 0.3240286 -0.5430509 -0.2827946 -0.3548725 0.3055303 -0.5380797 -0.2424997 -0.3972834 -0.2064498 0.1483888 -0.2054012 -0.3259392 -0.4111320 0.1404624 0.2350220 0.5108350 0.3617424 0.3939462 0.4230260 0.4470272 0.4004877 0.2986365 0.2455360 0.3126611 0.1912391 -0.1686515 0.1193202 -0.0862645 0.0717284 0.2769727 0.3410487 0.1450486 0.3289340 0.4150489 0.3197024 0.2755934 0.3481105 0.2483930 0.3136039 -0.0490702 0.0547761 0.0505644 0.0049100 0.1741412 0.3513712 -0.1309683 -0.4505770 -0.1080396 0.1083228 0.1752489 0.0971042 0.1165686 0.4507093 -0.3415757 0.0406862 0.4782374 -0.1964915 0.1935424 0.1385977
0.0011568 0.6014606 0.4061952 0.6905956 0.2832956 0.2368944 0.0535784 0.0000000 0.3437325 0.3878614 0.4054038 0.3538763 0.2862015 0.0577357 0.2164323 0.4089642 0.0679160 0.1074684 0.4470816 -0.2689828 0.4837719 -0.1146707 -0.0801683 0.3500344 0.1475685 0.2100672 -0.5610645 0.0935998 0.5380783 -0.2544468 -0.0138910 0.2326742 0.2107666 0.5594939 -0.0472340 0.5391924 0.0285850 0.4844804 -0.4753546 -0.2976934 0.1483801 0.5931831 -0.1695074 0.1145719 0.6468797 0.1004889 0.0926333 0.4706108 0.1761726 0.3351081 0.1511771 -0.3900019 0.5188590 -0.1525250 0.3727383 0.2839031 0.2306620 -0.0598489 0.3629312 0.0471713 0.5292948 -0.2206467 -0.0432293 0.4377915 0.6206134 0.4401201 0.2867607 0.0950494 0.2810852 0.2998110 0.3360461 0.6132706 0.3741690 0.4995163 0.1270927 0.5870373 0.4849400 0.1693562 0.5307057 0.2964998 0.2430208 0.2985386 0.4394677 0.4643255 0.4133916 0.3116358 0.1047374 0.2734496 0.3148050 0.1871657 0.2013280 0.3387330 0.3526453 0.2767034 0.2614815 0.3650496 0.3150984 0.3136591 0.3174441 0.4320855 0.0821653 0.2749313 0.0965953 0.4201956 0.2793589 0.4969129 0.4469580 0.2060588 0.7216137 0.0315274 0.4702307 0.3296097 0.2557448 0.2706245 0.2595116 0.3882898 0.3734840 0.3046992 0.1819636 0.3136276 0.6505681 0.5772255 0.2919006 0.4437774 0.4656876 0.4956182 0.8007568 0.0482308 0.3121542 0.4727018 0.5053825 0.2516268 0.3644643 0.5335793 0.1613538 0.2317286 0.6006306 0.4961306 0.1787781 0.2440995 0.0456842 0.4826743 0.3698596 0.3347789 0.5109674 0.0853727 -0.1032913 -0.1787956 0.1050284 0.2109509 0.4052587 0.1708902 0.3376252 -0.1010054 -0.0004095 0.0672726 0.1910618 -0.0918254 0.1399781 0.3570709 0.0331665 0.2558612 0.0245246 0.1134406 0.1521581 -0.0772553 0.0306462 0.1662005 0.1576782 0.1721764 0.1531336 0.3456682 0.1506883 -0.5487459 0.2151217 0.1759225 0.1426492 -0.4215737 0.3069323 0.3141411 -0.1511954 0.4194108 0.3448243 0.4097013 0.3758323 0.7338272 0.2170155 0.1012133 0.2869022 0.3260984 0.1809570 0.2043515 -0.0525783 -0.3468045 0.0262071 -0.0722052 0.0689863 0.0242361 0.4737820 0.3535744 0.3069752 0.0245833 0.4739074 0.1442109 0.4260079 0.4565175 0.4919570 0.1644375 0.5084160 0.1940372 0.5428402 -0.1283465 0.3311965 0.1721839 0.2704149 0.0560613 -0.0361803 0.0307340
0.1045228 0.5037852 -0.2929128 0.7041492 -0.2663166 0.7297620 0.4729892 0.3437325 0.0000000 0.4302919 -0.1880671 0.5902219 -0.4077452 0.4871522 0.8282894 0.1258296 0.1946505 0.6955027 0.2457241 -0.2551972 0.7137349 -0.1395880 -0.0564772 0.6560698 0.0093625 -0.3222252 0.0851575 0.5526127 0.7067914 0.3848232 -0.4108886 -0.2299581 0.4404743 0.6386508 -0.2027539 0.5355843 -0.1680311 -0.0483077 -0.4007970 -0.1679781 -0.3722926 0.4758384 -0.3619508 0.2250358 0.4304138 -0.0394337 -0.1964780 -0.0706000 0.3605269 -0.1857477 -0.2139321 -0.1466928 0.6709062 -0.6383382 -0.4508266 -0.2872597 -0.1712995 -0.4421490 -0.0904972 -0.3669748 0.0714696 -0.2326487 -0.6965713 0.6962222 0.5714386 -0.2435111 -0.2983945 -0.4774229 -0.4028396 -0.3371287 -0.0401871 0.5588649 -0.0105861 0.5210401 -0.2541021 0.3407118 0.5336018 -0.2935183 0.1350294 0.4806721 0.0686845 -0.1848464 -0.0281525 0.0444468 0.1793724 -0.0609537 -0.0522088 0.1623873 0.1693022 0.1390391 0.1193080 0.1365329 -0.2718547 -0.0069365 0.1687223 0.1976004 -0.1521109 -0.3029374 0.0717685 0.4232803 0.2812819 -0.2556438 -0.1241776 0.0464599 0.0598832 0.2723400 -0.2043004 -0.1969969 -0.0160550 -0.0794858 0.2012257 -0.2815396 -0.2271026 -0.1295036 -0.0065608 0.0019657 -0.2346747 -0.1239892 -0.1043653 -0.1898874 -0.2362943 -0.2703174 -0.2394586 -0.0446094 -0.1869661 -0.0627739 0.0334490 -0.2208347 -0.0851303 0.0513098 0.0076732 -0.3108897 0.2575366 -0.1374783 -0.0327572 0.1029329 0.1127965 -0.1804277 -0.0115008 -0.1375586 0.0168022 -0.2616760 -0.0109634 -0.0799998 0.0280108 -0.1393198 -0.1308660 -0.0594343 -0.0467474 -0.2877640 0.0314349 -0.1112208 -0.2725092 -0.2784218 -0.2139894 -0.2355713 0.1035418 -0.3016963 0.0754421 0.3665048 -0.2979287 -0.4224320 -0.4070366 0.3218841 -0.4036497 -0.3668235 -0.3601136 -0.0472413 0.1397234 -0.3116753 -0.3359733 -0.1958139 -0.0498946 0.0245444 0.2312846 0.2004470 0.3300863 0.1364868 0.4895580 0.1954994 -0.1154125 -0.1612153 -0.0283226 -0.1731009 -0.3643529 0.2103895 -0.1561431 -0.0477181 0.1971979 0.4022665 -0.1672463 0.4719020 0.4915117 0.2320411 0.0843691 0.2303614 0.1972572 0.5681860 0.4544001 -0.1309261 0.2660449 -0.3080646 0.2580269 0.3004235 -0.2461070 -0.1033257 -0.0891336 0.1974781 0.4534162 0.2805751 0.2354724 0.3560008 0.0810387 0.3030792 0.3694516 -0.0285203 0.6994952 0.3861554
0.3134094 0.4681202 0.1936887 0.1492802 -0.3114971 0.4625837 0.1450507 0.3878614 0.4302919 0.0000000 0.4788069 0.3308730 -0.0410540 0.7957238 0.3133849 0.3043178 0.7646227 0.5729903 0.4339654 -0.0704188 0.2980075 -0.1219878 0.1217137 0.4695644 0.2256254 -0.1082241 0.0595398 0.6129683 0.1461360 0.5230721 -0.0585355 0.0046955 0.4882018 0.2475971 -0.0318968 0.4151475 -0.0473172 0.6337876 0.1315985 0.3165527 0.1259016 0.2059735 -0.1723748 0.4792932 0.0242236 -0.0428978 0.0704396 0.3979586 0.3970708 0.0833102 -0.0091289 0.1840671 0.3464819 0.1985653 -0.3735278 -0.0305434 0.2332426 0.1230040 0.0437208 -0.1085493 0.1063083 -0.0459495 -0.1940475 0.3490917 0.5183445 0.4711703 0.0863517 -0.0302592 0.1558588 0.0636504 0.4971676 0.2817278 0.0669903 0.0657596 0.1449516 0.1709094 0.0269291 0.2349672 0.2175924 0.0720497 -0.1315949 0.1161459 0.5694504 0.3586162 0.3898138 0.1367652 0.1682902 0.1604514 0.4776258 0.3598181 -0.0854163 0.2859032 0.2382751 0.1804902 0.3523837 0.0339865 0.0121814 -0.1327373 0.4642257 0.1766964 0.4436138 -0.1938803 -0.3130200 0.3117748 -0.0760977 0.4854287 0.1679205 -0.4201598 0.3952305 -0.3458641 0.3223243 0.2594072 -0.4249938 -0.3259211 -0.1839639 -0.2590712 0.0514416 0.1248723 -0.1928682 0.5226063 0.4028800 0.1586480 0.1611842 -0.1194882 0.4426667 0.4528029 0.3248525 0.1929901 0.4432307 -0.0701884 0.0347437 0.0387659 0.1517154 0.1761879 0.1418592 0.4645792 0.5128210 0.2643317 0.1498191 0.3948369 0.2675283 0.3589230 0.1526484 0.4181897 0.4186232 0.3370343 0.0835044 0.2001876 -0.0069551 0.3533690 0.3687076 0.3926404 0.1704521 -0.0145482 0.1339496 0.3596239 0.2301884 0.1508702 0.0993766 0.4061421 0.0206095 0.2556083 0.1879525 0.3004379 0.0713483 0.1236971 -0.0252760 -0.1226443 0.1700258 0.1936239 -0.0095043 0.1320011 0.6634728 0.0745487 0.4834541 0.2993922 0.1441651 -0.1275485 0.2910527 0.4152160 0.3393540 0.3478181 0.1665641 0.2630532 -0.1915004 0.2692146 -0.5199721 -0.1235727 -0.1630314 -0.0308172 0.5202684 0.0473263 0.0981202 0.1675560 0.4072686 0.3077101 0.3994840 0.0354537 -0.0514217 0.4467930 -0.1738125 0.0797970 0.1402316 -0.1039878 0.2974615 0.0989737 0.4901777 0.3867425 0.0527350 0.0651981 -0.0346751 0.1510895 0.1243434 0.2055486 0.3302541 0.0692222 0.1157275 0.0289435
-0.1325605 0.1060322 0.2494264 -0.1420945 -0.0094462 -0.0246667 0.0241793 0.4054038 -0.1880671 0.4788069 0.0000000 -0.0014998 0.3417491 0.3473732 -0.2231248 0.7196524 0.6090634 -0.0036051 0.5536388 0.0496367 -0.0940328 0.0711815 0.5263390 0.0794307 0.1462393 0.4879497 -0.0049190 0.2181739 -0.1532612 0.2843676 0.2700705 -0.0092829 0.1844712 0.0049940 0.3102276 0.1495463 0.1779588 0.6324142 0.3277394 0.4787454 0.2904595 0.0043940 0.3406258 0.4161918 -0.0211484 0.2116360 0.3267371 0.4408617 0.3439779 0.4193151 0.4179087 0.1636836 0.1074908 0.6862997 0.1923932 0.4782630 0.4135764 0.5461080 0.1754241 0.4301867 0.1386746 0.3570594 0.3191713 0.0309380 0.3265454 0.4559871 0.6932983 0.6444474 0.5513977 0.6918546 0.8368078 0.0495522 0.6753581 -0.0799018 0.2698262 0.4208566 -0.0297119 0.6794755 0.6151767 -0.0530392 0.0971184 -0.0740282 0.2001659 0.2534065 0.0771544 0.1518172 0.3560784 -0.0779581 0.2843083 0.0962181 0.1011174 0.2129880 0.2285261 0.1127406 0.1482835 0.1450473 0.0347651 0.0332968 0.2494277 0.0101083 -0.0259134 0.0368527 -0.2223658 0.3933094 0.1624103 0.3450073 0.3842897 -0.1186786 0.4212576 -0.1121676 0.1694523 0.4707117 -0.0731394 -0.0854311 -0.1883915 -0.1464634 0.3370987 0.4118313 -0.1250148 0.7418586 0.6869051 0.3323274 -0.0497685 0.0393084 0.7737876 0.6008479 0.4328912 0.0517462 0.6304232 0.0570498 0.2614669 0.1292631 0.1420671 0.3674043 0.1088792 0.2889153 0.5066325 0.7015435 0.2194832 0.5213624 0.2915134 0.7282606 0.1300023 0.6122522 0.6049655 0.3092548 0.1287314 -0.0677878 -0.2093759 0.4716853 0.4202486 0.5712722 0.5637450 0.1260971 0.1092215 0.3168261 0.3363537 0.1234426 0.1731542 0.2625310 -0.0201358 0.6917752 0.2069947 0.1533658 0.3134573 0.1708288 0.1640452 0.0528589 0.2686784 0.4810447 0.2736491 0.3176737 0.4392331 -0.1531654 0.3370542 0.2577228 0.0984737 -0.1153838 0.1161543 0.3906629 0.4510274 0.5494070 0.2324476 0.4597252 0.3373910 0.4664602 0.0622654 0.1756337 -0.0868978 -0.1814994 0.6644718 -0.0927973 -0.1545399 -0.0363164 0.3564031 0.1704954 0.2764090 -0.2832212 -0.0276841 0.5234683 -0.0033944 0.5173247 0.0830112 -0.1330203 0.2427475 0.2964809 0.7872808 -0.0342307 0.0028067 0.3049190 -0.0125971 -0.0502544 -0.1081699 -0.0312831 0.4049528 -0.1956867 -0.3388857 -0.1838111
0.3710424 0.5674380 0.0959981 0.5807792 -0.0642547 0.6611542 0.8564541 0.3538763 0.5902219 0.3308730 -0.0014998 0.0000000 -0.3212012 0.2360929 0.7403482 -0.2122059 0.0190596 0.2223136 -0.0888227 -0.3487738 0.8351313 -0.0761088 -0.3641126 0.4320093 -0.2078976 -0.4483621 0.0422967 0.2283312 0.7968570 0.1434335 -0.0295154 -0.0807772 0.1962846 0.6076556 -0.4189587 0.6764979 -0.2282005 0.0041840 -0.1898916 -0.0316828 -0.0863097 0.6711100 -0.2193469 0.0274486 0.5298161 -0.2205376 -0.2315349 0.3336983 0.1557354 -0.0730556 -0.2254381 0.0273254 0.5088490 -0.4440069 -0.3266734 -0.2742062 -0.1351922 -0.3421591 0.1988279 -0.2489665 0.2787529 -0.1013283 -0.4047871 0.4727578 0.5058337 -0.1085808 -0.2414467 -0.3276041 -0.3555145 -0.2240116 0.0315068 0.5972757 -0.0890161 0.5178371 -0.5039726 0.3323756 0.4485552 -0.3479497 0.1246029 0.4063443 -0.2873069 -0.2330304 -0.0308343 0.0031168 -0.0016685 -0.2184289 -0.2294469 -0.0710648 0.1250326 0.0415028 -0.1565087 -0.3761208 -0.3689755 -0.0799023 -0.0108056 -0.0779969 -0.4415723 -0.3972213 -0.0047149 0.6022153 -0.0267512 -0.3227243 -0.2303791 0.0710528 -0.1654199 0.0841887 -0.1626315 -0.2125902 0.1287922 -0.2573644 0.1167121 0.0954848 -0.1805145 -0.1118248 -0.0304971 -0.0371377 -0.2649859 -0.2150499 -0.2664261 0.1407837 0.0320597 -0.0979427 -0.2061172 -0.2552796 0.0705693 0.2754764 0.2370374 -0.2832893 0.1506247 -0.2067868 -0.2102636 -0.3355202 -0.0525025 0.0508731 -0.2424619 -0.0003997 -0.1352318 0.0442597 -0.3538644 0.2570399 -0.2168780 0.0017627 -0.0553371 0.1986604 -0.0440038 0.0758132 -0.3381035 -0.2530264 -0.1977529 -0.2963001 0.1198306 0.0396071 -0.2103907 -0.3134979 -0.2275972 -0.1426584 0.1203666 -0.3295616 -0.0050778 0.5031207 -0.3681522 -0.2142662 -0.2310724 0.4141013 -0.3990388 -0.2076149 -0.3396234 -0.0770594 0.2008628 -0.1802091 -0.2312942 -0.2536643 0.2519011 0.1645180 0.4615896 0.4639484 0.5280318 0.3058421 0.5945033 0.4715479 0.1673214 0.2704079 0.3574807 0.2505996 -0.1460402 0.2367289 -0.0773069 0.0711360 0.3695297 0.5333641 0.1574313 0.4431690 0.4532641 0.2900999 0.3045734 0.3797055 0.3048693 0.3783236 0.1005928 0.1326851 0.1149239 -0.1670011 0.2779095 0.4197500 0.1362918 -0.2388791 -0.0325230 0.3620385 0.3817323 0.0031544 0.2376941 0.5179691 0.0400215 0.2296173 0.4537787 0.0377445 0.1332417 -0.0083072
0.0718863 -0.0395047 0.4983822 -0.0406285 0.6336158 -0.4799841 -0.4254683 0.2862015 -0.4077452 -0.0410540 0.3417491 -0.3212012 0.0000000 -0.3023420 -0.3424332 0.3144503 -0.1850005 -0.4050342 0.0175852 0.4090174 -0.4014974 0.6444749 -0.0530559 -0.2412552 -0.0560363 0.3209039 -0.2260435 -0.2669560 -0.2346090 -0.4318122 0.5638585 0.4273438 -0.1815857 -0.1371177 -0.0142587 -0.3162354 -0.0553287 0.4338990 -0.3693274 -0.1323278 0.3790506 -0.2130169 -0.1254327 -0.1002788 -0.0052753 0.0425312 -0.0004061 0.5444008 -0.1228885 0.2456191 0.0966267 -0.3317508 -0.2204017 0.3006551 0.6609211 0.3728467 0.1730112 0.2514555 0.0507986 0.1578860 0.0626267 0.0790789 0.7011199 -0.3632879 -0.1188516 0.4334494 0.3507278 0.4836642 0.6587308 0.4248154 0.1907190 -0.2412716 0.2638572 -0.3284460 0.4767688 -0.0491158 -0.2298928 0.5048601 0.1452995 -0.3237396 0.1863326 0.2354503 0.2365672 0.3755141 0.2396646 0.3416119 -0.0389317 0.0443261 0.1443164 0.1243662 0.0572074 0.0198985 0.4239156 0.2149630 0.1068654 0.0319900 0.3158216 0.6517170 0.2334545 -0.1759698 0.0172195 0.4907000 0.3321738 0.1925863 0.3435795 0.0833469 0.4287014 0.3474693 0.4690255 0.2896241 0.2885910 0.2663708 0.3616877 0.3639126 0.3347111 0.3947929 0.6512501 0.5760996 0.5428116 0.0821882 0.4590589 0.6664919 0.1992433 0.5262599 0.2382278 0.0708717 0.4727907 0.0435921 0.0489395 0.3618790 0.3794884 0.1857001 0.1446140 0.4512524 0.0180824 -0.0252853 0.2999716 0.0229878 0.0110777 0.0281366 -0.0647209 0.1752395 -0.0923234 -0.1527551 0.0987731 0.0134152 -0.1362013 -0.2214944 0.0134090 0.2417940 -0.1637258 -0.0029568 0.0802016 0.0402269 -0.0733329 0.1411130 -0.2693212 0.0905519 -0.1843555 -0.4476855 0.0449895 0.1751818 0.2804527 -0.5013562 0.1756047 0.2443240 0.2117808 -0.1110785 -0.3585634 -0.0093829 0.0976151 0.0825307 0.1854543 -0.2427238 -0.0289977 0.0083608 -0.1464652 -0.2040444 -0.4242348 -0.3103632 -0.3890822 -0.0713975 -0.2229580 -0.0803795 0.4746881 0.1708938 0.3053476 -0.1031382 -0.1784260 -0.2688282 0.0238634 -0.3025954 -0.4799889 -0.2686391 -0.0912148 -0.1711076 -0.3498186 -0.4858975 -0.0519421 0.0170577 -0.2199248 0.0084203 -0.2431162 -0.2815974 0.5200931 0.2751904 0.1423685 -0.1869759 -0.2804361 -0.2031152 -0.1654766 -0.4482322 0.2539919 -0.2120704 -0.2778059 0.0612778 -0.4942909 -0.1112296
0.0068554 0.3225096 -0.1970412 0.0222866 -0.4397394 0.5223379 0.2043794 0.0577357 0.4871522 0.7957238 0.3473732 0.2360929 -0.3023420 0.0000000 0.3310608 0.2936933 0.8614187 0.8462908 0.5074536 0.1733997 0.3079238 -0.1127034 0.4429782 0.6306840 0.3599007 0.0826302 0.3655533 0.8574441 0.1362757 0.8574962 -0.0996579 -0.0217687 0.6857835 0.3091813 0.2852428 0.4177218 0.2505101 0.4596623 0.3242942 0.4189244 0.1013038 0.1546712 0.1309473 0.6627260 -0.0987316 0.2280526 0.2704607 0.1415735 0.6276276 0.1801218 0.2349070 0.4775941 0.4565842 0.0747895 -0.4058675 0.0942391 0.3553592 -0.0399851 -0.0231771 0.1754248 -0.0839189 0.2813724 -0.4435614 0.5236654 0.5077902 0.2266308 0.1805148 -0.1213829 0.0726478 0.0665357 0.4413694 0.3170571 0.1417607 0.1976088 0.1178946 0.3264977 0.2115139 0.1847079 0.2883333 0.2282265 0.0828762 -0.2843910 0.0919504 0.0517226 0.0733600 -0.2496007 0.1421354 0.0482524 0.2787471 0.1620051 -0.2003109 0.1167555 -0.2128891 0.0518236 0.2373923 0.1166601 -0.1804968 -0.4510935 0.2551356 0.1703367 0.2406564 -0.5755946 -0.5997796 0.0308941 -0.2005407 0.2737024 -0.2066330 -0.6637560 -0.0903232 -0.5286427 0.0033685 -0.0529957 -0.6989861 -0.6172972 -0.5210125 -0.6272556 -0.3881310 -0.1545154 -0.4966282 0.4122556 0.0089113 -0.3686885 -0.2253421 -0.3863238 0.2602918 0.1711827 -0.1114320 0.0206267 0.3603324 -0.1160959 -0.0314266 -0.1690920 0.1835067 -0.0911214 0.2009211 0.2132524 0.2927590 0.1585750 0.2663399 0.3387403 0.3948067 0.1849850 0.1844384 0.2818942 0.2859083 0.2032840 0.2323124 0.2789929 -0.0073764 0.2066156 0.2590066 0.3134485 0.1428710 0.1143874 0.1493741 0.2256732 0.3710494 0.1115758 0.2593342 0.4834129 0.0217029 0.1941623 0.0395996 0.4884123 0.0677995 0.0875733 0.0296583 0.1400420 0.4002882 0.2073648 0.0203487 0.1352723 0.4463528 0.2823074 0.2902249 0.1665923 0.2137592 0.1095988 0.4064818 0.5036484 0.5769542 0.2579894 0.1547448 0.1762524 -0.3606572 0.1707439 -0.3777530 0.1276654 0.0296188 0.1283657 0.4676490 0.2780829 0.4155055 0.3125556 0.4344053 0.3307044 0.5212750 0.3597984 0.0944924 0.1952277 -0.0526070 0.1712451 0.1096516 0.1709760 -0.0573747 0.1403319 0.3466756 0.2263819 0.1018501 0.3533662 -0.1118858 0.3777470 0.1335896 0.3893472 0.5119254 -0.1646034 0.3704857 0.0905617
0.1420940 0.4378527 -0.1620900 0.6054382 -0.1752362 0.5996255 0.5681414 0.2164323 0.8282894 0.3133849 -0.2231248 0.7403482 -0.3424332 0.3310608 0.0000000 -0.1117973 0.0360547 0.4695959 0.0542341 -0.1302443 0.6811494 0.1010245 -0.1978560 0.5411548 -0.0336425 -0.4421999 0.3272321 0.3932392 0.7126955 0.3271861 -0.0325042 -0.0608913 0.2787410 0.5958150 -0.2091842 0.3920496 -0.1409508 -0.0657641 -0.2752957 -0.1479350 -0.3250153 0.4313476 -0.1796021 0.1083142 0.4333817 -0.1799072 -0.1056130 0.1146726 0.2486131 -0.2609620 -0.1131655 -0.1475931 0.5487403 -0.6675990 -0.4726792 -0.3977189 -0.0763205 -0.5449689 0.0124049 -0.2300533 0.0730989 -0.0596166 -0.6339555 0.5358720 0.4165107 -0.1803087 -0.2414645 -0.5284130 -0.5197265 -0.4211753 -0.1063771 0.4515742 -0.1944128 0.4198493 -0.4804296 0.2228511 0.4564066 -0.4681178 0.0219327 0.4777664 -0.1441755 -0.2868644 -0.1250672 0.0482175 0.1508114 -0.1698139 -0.2449862 0.1784791 0.1134599 0.1659552 -0.1847800 -0.1976107 -0.3507784 0.0364820 0.1034360 -0.0806679 -0.3732530 -0.2054392 0.0165164 0.4727234 0.1615109 -0.2904023 -0.0842489 0.0721045 -0.1276575 0.1452584 -0.3938457 -0.1449542 -0.0978660 -0.1415836 0.1605205 -0.2977730 -0.0980700 -0.0517660 0.0777669 0.1275913 -0.2352548 -0.1547256 0.0499242 -0.3096824 -0.3172864 -0.2950259 -0.2440896 0.0428082 -0.3101816 -0.1518350 0.0079506 -0.2635269 -0.2022494 -0.0288063 -0.0807875 -0.3536767 0.1372682 -0.0288414 -0.1434699 0.0052821 0.0729011 -0.2808294 -0.0001053 0.0821381 0.0063917 -0.2491622 -0.0386057 -0.1048247 -0.0008885 -0.0054397 0.0005880 0.0811043 0.0267212 -0.2028703 0.0736401 -0.0918450 -0.3210747 -0.1680931 -0.1005517 -0.1486518 0.0179000 -0.2163583 0.0915837 0.3360329 -0.2403049 -0.4740251 -0.1854182 0.2674560 -0.4197794 -0.1780421 -0.3054730 0.0545949 0.0404972 -0.3673363 -0.3153955 -0.1996203 -0.0321065 0.2486290 0.2690992 0.3699895 0.4579118 0.4669304 0.4166851 0.0828706 -0.1377024 -0.2349133 -0.0658808 -0.1958048 -0.3802670 0.0102389 -0.1123280 -0.1061620 0.2175486 0.4640482 -0.2527960 0.4213314 0.4750586 0.2994037 -0.0148824 0.1727609 0.0623424 0.4288076 0.2749059 -0.2335095 0.2517655 -0.4184041 0.1076719 0.3306076 -0.0818743 -0.2572353 -0.2567560 0.3139178 0.5035385 0.0799412 0.1841960 0.3994397 0.1919253 0.3032844 0.1654969 0.1849019 0.4827796 0.2445014
-0.4054821 0.0749101 -0.0292988 0.0163504 0.1313682 0.0212969 -0.1448659 0.4089642 0.1258296 0.3043178 0.7196524 -0.2122059 0.3144503 0.2936933 -0.1117973 0.0000000 0.5061366 0.1875033 0.6501214 0.0911196 -0.0755536 0.0689095 0.6800229 0.2717818 0.1165044 0.4865684 -0.0223202 0.3438599 -0.0373357 0.2645118 0.0724235 -0.1918708 0.3204278 0.1519049 0.2697928 0.1202151 0.0264916 0.4177188 -0.0186913 0.3225928 -0.0312622 0.0490774 0.0974942 0.5154741 0.1510794 0.1721673 0.1083707 0.1935738 0.4903831 0.3440116 0.2198018 -0.1042973 0.3305867 0.4154053 0.1302520 0.3668587 0.1978555 0.4806574 0.1575873 0.2190814 0.1909991 0.2961349 0.1220555 0.2625065 0.4208400 0.2161333 0.5552084 0.5442860 0.4486008 0.6261460 0.6368239 0.1086562 0.7539097 -0.0023851 0.4162730 0.4923492 0.1745201 0.6697695 0.6580735 0.1101395 0.4094098 -0.1240470 -0.0174520 0.3182012 0.2857181 0.1227362 0.3636347 0.1756041 0.3279100 0.2344782 0.3269499 0.4329405 0.1197132 0.2484254 0.4020773 0.3976781 0.2621875 0.0715862 0.4113428 0.0693267 0.2241755 0.0421657 -0.1877970 0.4687607 0.3916446 0.5153125 0.1716856 -0.1169497 0.2198122 -0.0573925 0.3042560 -0.0240929 -0.1077302 -0.1090988 -0.2287246 -0.0331788 0.2824256 0.3606342 -0.0111688 0.3544736 0.4157059 0.2353741 -0.1780431 0.2268829 0.4525839 0.3340814 0.4109337 -0.0569874 0.3740597 0.3455854 0.4384089 0.0140922 0.3920727 0.1296709 0.2291189 0.1170221 0.5551549 0.4949859 0.3256349 0.1982499 0.3038949 0.5196934 0.0580104 0.2450357 0.4767818 -0.0781144 0.1852302 -0.0233273 -0.0296752 0.3608717 0.2559271 0.1649783 0.4677383 0.1511454 0.0680778 0.0007138 0.1567257 0.1159290 0.1326518 0.1254560 -0.0161504 0.3847332 -0.1343161 0.0140353 0.2386734 0.0031724 0.1968496 0.1227617 0.1378277 0.1480760 0.2243482 0.2712814 0.1576527 -0.2288000 0.2372155 0.2233527 0.1559440 -0.2316803 0.1236405 0.1909357 0.1155767 0.1901445 0.0222316 0.1307633 0.4136085 0.5313253 0.2729158 0.0505526 -0.1409442 -0.1537148 0.2857508 0.0473395 -0.0375894 -0.0576663 0.2200853 0.1182163 0.1871447 -0.0621697 0.2950949 0.2614763 0.0279641 0.1437775 -0.1497881 -0.2292677 -0.0605207 0.3483543 0.6144023 -0.2181219 0.0193495 0.3366981 -0.1541626 -0.0784125 -0.0989549 0.1204987 0.4324570 -0.3300340 0.0770217 0.1311756
-0.1805225 0.1200075 -0.1768054 -0.1758375 -0.3559079 0.3723963 0.0819253 0.0679160 0.1946505 0.7646227 0.6090634 0.0190596 -0.1850005 0.8614187 0.0360547 0.5061366 0.0000000 0.5466051 0.4885132 0.1142713 -0.0240906 -0.1976641 0.5565428 0.2969759 0.2504317 0.1455795 0.3749724 0.5960819 -0.1747581 0.7486557 -0.0155544 -0.2078983 0.4037912 -0.0225295 0.2471081 0.2022954 0.1253649 0.4522868 0.5071140 0.5761007 0.1509698 -0.0231204 0.1773156 0.5386684 -0.2426851 0.0270125 0.2170530 0.0950583 0.4304361 0.1256094 0.2387519 0.4141058 0.1816499 0.4658074 -0.3599003 0.0568484 0.2949890 0.3919986 0.0562478 0.2061261 -0.0500482 0.2717014 -0.1188791 0.2431553 0.3523028 0.2634064 0.3283474 0.2671224 0.1960486 0.3483107 0.5592922 0.0811556 0.3707569 -0.0865824 0.2062759 0.2051445 -0.0759216 0.3708527 0.2590416 -0.0717840 -0.0464778 -0.1571611 0.1277517 0.0023670 0.1157172 -0.1868866 0.3036073 -0.0243056 0.1556206 0.1984657 -0.0760068 0.2695100 -0.0340906 0.0770756 0.1906562 -0.0485388 -0.1383828 -0.3358840 0.2670417 -0.0272210 0.2900426 -0.3846260 -0.5139761 0.1845097 -0.2256511 0.2500926 -0.0124596 -0.5617747 0.0242876 -0.4724439 -0.0320169 0.1129190 -0.6288072 -0.5762072 -0.5813174 -0.6052300 -0.2033124 -0.0800434 -0.4449995 0.5428923 0.2579962 -0.1421912 -0.2372457 -0.3357708 0.4140073 0.3576471 -0.0121935 -0.0376796 0.4297607 -0.2318867 -0.1213012 -0.1891551 -0.0221355 0.0189802 0.0972324 0.1609546 0.3749625 0.3944956 0.2294652 0.3770223 0.3078331 0.3827670 0.1218635 0.4895449 0.4098024 0.0769641 0.2067974 0.2059770 -0.1302632 0.3436614 0.4146626 0.3437833 0.2757530 0.0738714 0.1182787 0.2207111 0.3711807 0.0979524 0.1688616 0.3488360 -0.0332548 0.3898029 0.0574606 0.2949850 0.1018205 0.0811053 0.0370814 0.0330341 0.2907084 0.3560609 0.0277301 0.1678218 0.4823537 0.1770378 0.3421567 0.1223010 0.0156447 -0.0504852 0.1336316 0.3796291 0.6001034 0.3941152 0.1908187 0.3108695 -0.0949318 0.1530004 -0.3998964 0.0020547 -0.2567865 -0.1994694 0.5551393 -0.0869847 0.0411185 0.1918307 0.3649099 0.2147627 0.3769222 -0.0512486 -0.1494975 0.4247459 -0.2119044 0.2909325 -0.0151153 -0.1884913 0.0082641 0.1629478 0.5943914 0.2078222 -0.1204896 0.2239605 -0.1942501 0.0877175 -0.1052493 0.1870747 0.4582662 -0.0841220 0.2199551 0.1486038
