0.0000000 0.6450577 0.5622753 0.3292868 0.5153359 0.1506271 0.2303441 0.6339164 0.0674241 0.1801382 0.4215738 0.1403010 0.5612111 -0.0320625 -0.1006232 0.3821841 0.4004975 -0.0083167 0.3794978 0.1788385 0.0526116 -0.0111022 0.3573160 -0.2269140 0.2449945 0.2753671 0.4854226 -0.0986265 -0.2341969 0.1779058 0.0616316 0.5566349 -0.1660487 -0.1657190 0.3600324 -0.1033672 0.4469633 0.5156825 0.5070228 0.4181307 0.4844527 -0.0985610 0.2970856 -0.0278430 -0.0717126 0.4646723 0.3467878 0.4463512 -0.0788070 0.1931794 0.2978276 0.3311042 -0.0189747 0.2895365 0.5393177 0.5225220 0.4023263 0.0521955 0.1308886 0.3794714 0.4276291 0.2199518 0.5298980 0.1686959 0.2640367 0.4736944 0.1858990 0.1483929 0.5329963 0.1472872 0.3922159 0.0740401 0.2974402 0.3575330 0.4418214 0.2249196 0.2027698 0.3806351 0.5619793 0.4099543 0.2707697 0.3242198 0.1233723 0.0752253 0.1419926 -0.0358247 0.1362307 -0.3609485 0.1150385 0.0040139 0.0171710 0.0239416 -0.1580570 -0.3518473 0.1927664 -0.1881640 0.0081502 -0.0712566 -0.1600199 -0.1834253 -0.2406163 -0.2473029 0.0948194 -0.1123941 -0.2208147 -0.2147714 -0.1008770 0.0263106 -0.1516426 -0.0391068 -0.1109310 -0.0349977 -0.0968286 -0.2101475 -0.2169959 -0.0509805 -0.1116267 0.0888453 -0.0162558 0.1117210 0.0231729 -0.0864624 0.2414556 0.0539414 0.1794273 0.0108168 -0.1504722 0.1058071 -0.0249495 -0.0125933 -0.1423941 0.1915121 -0.2576495 -0.1552706 0.2465776 -0.1166226 -0.1840437 -0.1046534 -0.1756662 0.1155704 0.2507677 -0.0880644 0.4611416 0.0162341 -0.1949256 0.0686054 -0.1993713 -0.0757268 0.2607981 0.3033714 0.3487357 0.1136844 -0.0590060 0.1793775 -0.0455360 0.1544197 0.3668374 0.3315476 0.3864313 0.3402494 0.2746155 0.2714952 0.0444331 0.1581611 0.2163776 0.0492501 0.2652803 0.1693596 0.3673583 0.2377498 0.1664132 0.1823813 0.1322333 0.5029499 0.3095457 0.3864554 0.4442257 0.4475295 0.2453797 0.2018041 0.2869435 -0.0045583 -0.2264871 -0.0800377 0.2826511 0.6085927 0.5630458 0.6647041 0.3173863 0.1692451 0.0441800 0.1970117 0.2999144 0.1864782 0.0648846 0.0140611 -0.1272721 0.1814730 0.3185889 -0.0727544 0.4836305 0.4656707 0.7263251 0.2714364 0.5543698 0.4678739 -0.0418476 0.0994498 0.4126510 0.5498991 0.7159758 0.1034052 0.5095888 0.2639251 -0.0394967 0.2060819 0.3995466 0.3640218
0.6450577 0.0000000 0.4471690 0.8464672 0.1052808 0.7230452 0.7463076 0.8197156 0.4742044 0.5069292 0.7364640 0.6764824 0.5984075 0.2531965 0.4660231 0.5440450 0.6015235 0.3215543 0.5781129 0.2606476 0.4259197 0.4943983 0.5130101 0.2737758 0.3294025 0.3731493 0.4392392 0.1415777 0.4200473 0.1460482 0.4864307 0.2442195 0.2405250 0.3800406 0.4384338 0.4430058 0.4280675 0.4944091 0.4693603 0.3559656 0.4732290 0.5113060 0.4102107 0.2117455 0.5911603 0.4989749 0.4842857 0.2950218 0.3615773 -0.0109297 0.4930154 0.4790322 0.5515644 0.5364878 0.3540173 0.4477505 0.2029632 0.4725696 -0.0263864 0.4147758 0.7604393 0.4723025 0.0924597 0.6689262 0.6752813 0.0016494 0.5349118 0.3904217 0.1038376 0.5299999 0.4160969 0.6284544 0.6167526 0.7218594 0.5826234 0.6784870 0.5856292 0.5083796 0.7136854 0.4616797 0.2443557 0.4554358 0.3668602 0.5148690 0.2974315 0.2409390 0.0712134 -0.0889837 0.3139712 0.3000985 0.0434322 0.0333449 -0.1418774 -0.0231501 0.2878637 -0.0755748 0.0441735 0.0810628 0.0376980 0.3035795 0.0751149 -0.1294156 0.3520654 0.0519750 -0.1099789 -0.0839824 0.2908905 0.1980654 0.0636475 0.2346612 0.1647390 0.3936084 -0.0164723 -0.1140303 0.2294232 -0.0451163 -0.1704937 0.4948938 0.2517733 0.4350132 0.1529232 -0.1211300 -0.0508761 0.6064963 0.2966938 0.4747739 -0.1624469 -0.1870409 0.3279243 0.3010125 0.0951612 0.1312220 -0.1374393 0.3760910 0.0980515 0.0084678 0.0089933 0.1207543 -0.1215115 0.5258547 0.2102518 0.2929609 0.2710139 0.4680327 0.1523574 0.5023413 -0.2099186 -0.1001588 0.2157123 0.3722965 0.4170393 0.4241482 -0.0339265 0.2705860 -0.2809659 0.2115882 0.2704819 0.2958120 0.3298961 0.2591661 -0.1363452 0.2889685 0.1361585 0.1766483 -0.1066309 0.0630531 0.3888746 0.2864170 0.5829358 0.2156592 0.0679466 0.1404524 0.2762963 0.5661395 0.6700729 0.5392549 0.5322803 0.3260840 0.4098135 0.2939987 0.4025798 0.2733748 0.2359426 0.1725583 -0.1307711 0.4726739 0.0669998 0.2503115 0.6114119 0.4781629 0.4711788 0.4275211 0.2521199 0.5356944 0.4502015 0.4387729 0.3639579 0.3190458 0.1951392 0.3985777 0.4999970 0.1195126 0.6198999 0.4807927 0.4251872 0.5509965 0.3412163 0.3821565 0.4181843 0.2979242 0.7086989 0.4822623 0.4303412 0.3681885 0.2500643 0.4595156 0.2903622 0.4196879
0.5622753 0.4471690 0.0000000 0.1795012 0.6723106 -0.0701694 0.2875301 0.5200036 -0.2087956 -0.2861461 0.0851512 0.1678311 0.8335640 -0.3334924 -0.2023925 0.0069928 0.0563818 -0.2833803 0.0804277 0.5547036 0.1124672 0.2275940 0.0119144 -0.2778432 -0.0657650 -0.0090864 0.0231431 -0.2475602 -0.1443289 -0.3566873 0.2624576 0.3200868 -0.2962529 -0.2962502 -0.0774382 -0.1253134 0.2556604 0.4695806 -0.0992830 -0.1575837 0.4418405 -0.1792629 -0.2491773 -0.2862070 -0.1125060 0.2080771 -0.0373545 0.6095426 -0.2891220 0.2185970 -0.2044589 -0.0591267 -0.1830671 -0.0782798 0.6267372 0.3817905 0.2141294 -0.3271805 0.5851392 -0.1392910 0.5640511 -0.2649625 0.5735595 -0.0142452 0.3318197 0.3752056 -0.2059840 -0.2329167 0.5492400 -0.2061889 0.2269708 0.0137742 -0.0097677 0.4197698 0.2927465 0.0164782 0.1945660 0.3091711 0.3407248 0.3715383 0.2227980 0.0823192 -0.0008200 -0.0935152 -0.3207049 -0.4736482 -0.1583940 -0.3885793 -0.3006891 -0.4926607 -0.2977337 -0.2181684 -0.2569332 -0.4528421 -0.0729969 -0.2530640 -0.4609209 0.0415095 -0.4100782 -0.3762879 -0.5292080 -0.3434818 -0.1051020 -0.4398619 -0.6145577 -0.2117897 -0.2714281 -0.1653337 -0.3735486 -0.0413205 -0.4605095 -0.1622365 0.1366746 0.2704192 0.1144728 0.2826131 0.3576780 0.2943141 0.3888379 -0.0634361 0.1274817 0.2289746 -0.1556018 -0.0904719 -0.2022472 0.1225656 -0.0824008 -0.2039531 0.0087015 -0.3382904 -0.3757173 -0.2234711 -0.5076188 -0.3090892 0.1882990 -0.1717234 -0.4143859 -0.2929360 -0.4655192 0.0745971 -0.3082803 -0.1843118 -0.0533552 0.0103501 -0.2185611 -0.1508262 -0.5440562 -0.3351574 -0.1582590 -0.1095734 0.0202554 -0.0454787 -0.4959933 -0.3224460 -0.3214463 0.0295890 -0.1435199 -0.1163124 -0.1322056 0.0086624 -0.2167588 -0.1904177 -0.0162743 -0.1160337 -0.3001806 -0.2046443 -0.2103661 -0.2780135 0.0056114 -0.2627418 -0.2952209 -0.2555092 0.2402276 0.2969047 0.2432714 0.3523986 0.4727702 0.6136300 0.3075088 0.3228513 0.4748515 0.2506108 0.0839690 0.1624126 0.6669440 0.7780375 0.8086479 0.7683328 0.3461501 0.2485122 -0.0436559 0.2679635 0.3804688 0.1655357 0.1153407 0.1146427 -0.0853554 0.3545789 0.4085207 0.0518474 0.2089868 0.1724874 0.3995859 0.2833365 0.8922934 0.4555410 0.0036303 0.1441854 -0.1525981 0.3652235 0.3293911 0.1597464 0.8162961 0.3285836 0.0478042 0.4398141 0.1109704 0.1653490
0.3292868 0.8464672 0.1795012 0.0000000 -0.2040343 0.8933102 0.7426372 0.7381092 0.7020013 0.6947515 0.8489344 0.7178500 0.3939224 0.4886207 0.7130516 0.5609577 0.6435702 0.4658070 0.5010082 0.0246660 0.3096566 0.5685679 0.5353647 0.5821516 0.2719535 0.3049613 0.3841123 0.3118220 0.6072616 0.1156812 0.4877717 0.0838750 0.4873636 0.6418152 0.3846733 0.4457489 0.2946624 0.4212969 0.3981170 0.2761095 0.3829022 0.5886633 0.4339054 0.3411212 0.7018136 0.4272553 0.4797938 0.1874126 0.6042801 0.0034362 0.6687599 0.5121472 0.7857757 0.6343743 0.1945562 0.3514497 0.2013783 0.7088453 -0.1250559 0.4780541 0.6632978 0.6286183 -0.1691294 0.8337634 0.6114706 -0.0949086 0.7212923 0.5992247 -0.0468241 0.7384731 0.4313766 0.7724573 0.7808097 0.6319867 0.5733779 0.8208261 0.6167689 0.3372833 0.6259466 0.3178522 -0.0181899 0.1693557 0.1214508 0.4392466 0.2512297 0.2421521 -0.1565800 0.1314456 0.2592573 0.2413186 -0.2250863 -0.2142007 -0.3742059 0.1722041 0.1358948 -0.1949561 -0.1148298 -0.0574087 0.0250931 0.4721738 0.1033797 -0.1349136 0.2667653 0.0835206 -0.1982222 -0.1035239 0.2724425 0.0823356 -0.0144909 0.1073482 0.0797272 0.3521868 -0.1705763 -0.2205523 0.2732978 -0.2017189 -0.3647661 0.4328043 0.0519880 0.3642826 -0.0037802 -0.3670151 -0.3063355 0.6578258 0.3070869 0.4058289 -0.3127263 -0.4349684 0.3852793 0.2993455 0.2000927 0.0524096 -0.0617916 0.3368029 0.1561428 -0.2025460 0.1179555 0.2570770 0.0399234 0.4158101 0.0561276 0.3435680 -0.0087238 0.3202996 0.1911247 0.4361704 -0.0045025 0.0669599 0.0749315 0.2478798 0.1630922 0.2339849 0.0545990 0.0659041 -0.1731315 -0.0111615 0.0617949 0.0638277 0.1507737 -0.0424774 -0.3581783 0.1397807 -0.1367348 -0.0689180 -0.2699174 -0.1654876 0.2099838 0.1900429 0.5371821 0.0656629 -0.0845512 0.0487435 0.1156975 0.3732752 0.5231679 0.4102562 0.3680500 0.1250732 0.2139639 0.0377443 0.2090668 0.1238039 0.2221846 0.0955501 -0.2516826 0.1203998 -0.1683135 -0.1279805 0.5414016 0.3869510 0.3916899 0.2927481 -0.0468622 0.4054526 0.3565260 0.3549104 0.3225244 0.1605146 -0.1481580 0.3103902 0.2417182 0.0787805 0.3329203 0.2338128 0.1242007 0.2812837 0.3260913 0.3567061 0.2580451 0.0535058 0.5615880 0.4087088 0.0641503 0.2040868 0.2578670 0.3529636 0.2914556 0.4253400
0.5153359 0.1052808 0.6723106 -0.2040343 0.0000000 -0.3119259 -0.1871396 0.3584893 -0.2899499 -0.2506159 -0.0298459 -0.2715108 0.6484459 -0.4394962 -0.3634054 0.0083098 0.0609949 -0.3349060 -0.0077867 0.3220407 -0.1609601 -0.1050281 0.1534982 -0.4538557 0.1517699 0.1760426 0.2362020 -0.1983608 -0.5238803 -0.1001398 0.0609174 0.5339897 -0.3673544 -0.5511558 0.0311769 -0.4366741 0.3433065 0.5171856 -0.0090526 0.0085573 0.5295006 -0.5229004 -0.1966788 -0.3070604 -0.4795761 0.1955510 -0.0341183 0.7558566 -0.4291625 0.1881205 -0.2724854 -0.2688195 -0.5420456 -0.1810404 0.7013208 0.3634554 0.3748359 -0.4858932 0.3168935 -0.0695910 0.0164725 -0.4919841 0.9045691 -0.4129912 -0.1034101 0.5120457 -0.3114261 -0.5474543 0.8242220 -0.5250411 0.1790085 -0.3350062 -0.3524242 -0.0659245 0.0149876 -0.3978211 -0.3098908 0.1362562 0.0811386 0.2331562 0.1783950 0.0981461 -0.1034891 -0.0893307 -0.1001564 -0.4249067 0.0782691 -0.3958453 -0.1469150 -0.2455157 -0.0015726 0.0876804 -0.1268158 -0.4377523 0.0003655 -0.0736183 -0.1376241 -0.0336307 -0.3393652 -0.8058159 -0.3615383 -0.3760870 -0.3006751 -0.5052962 -0.2902703 -0.0749040 -0.3470263 -0.1722828 -0.2064938 -0.1575589 -0.4436787 -0.2540667 -0.1206675 -0.0593459 -0.1986575 0.0270947 0.1881398 -0.0919418 0.1448669 -0.1474093 -0.0199114 0.2182162 0.2664580 -0.4990046 -0.3972181 -0.1499673 -0.1077128 0.2657023 -0.3728135 -0.5787490 -0.5105028 -0.1827604 -0.5303285 -0.3182296 -0.1054355 0.0157825 -0.4997482 -0.3620295 -0.3845839 -0.1127974 -0.1084030 -0.3710599 0.0322228 -0.1829717 -0.3298810 -0.5245295 -0.4381850 -0.3558943 -0.1483838 -0.2285790 0.0714874 -0.1245448 -0.3378844 -0.2348488 -0.2899854 -0.0961625 -0.0735832 0.0792453 -0.0963962 0.1998339 0.1874970 -0.0730162 0.0235620 -0.0455137 0.0986799 0.0820532 -0.2093421 -0.2659033 -0.3667301 -0.1114893 -0.0748514 -0.1686539 0.0260095 0.0044711 -0.1168261 0.0216421 0.1066628 0.3378002 0.0660933 0.1901288 0.1171233 -0.1005636 -0.3538235 -0.2138441 0.6025114 0.6354795 0.7710323 0.8322483 -0.0923906 -0.0708537 -0.0121304 0.0968933 0.3399465 -0.1040884 -0.1250129 -0.2249279 -0.1913746 0.1230681 0.3398640 -0.1198354 0.1413910 0.4708168 0.2588336 0.1461545 0.5676685 0.2870171 -0.1980729 -0.3140434 -0.1276854 0.5184133 0.2246235 -0.0964068 0.6128032 0.0450616 -0.1721720 -0.0085267 0.2691198 0.0203900
0.1506271 0.7230452 -0.0701694 0.8933102 -0.3119259 0.0000000 0.7513804 0.5399346 0.8679303 0.8722995 0.7812357 0.7508267 0.1625682 0.7117351 0.8172879 0.5668655 0.6227830 0.7035722 0.5562936 -0.0578491 0.3574618 0.5889352 0.5699983 0.7364555 0.4462030 0.4433087 0.4324635 0.4902532 0.7045063 0.3875059 0.4357412 0.1495289 0.6655017 0.7860578 0.4760408 0.5241778 0.3876585 0.3684295 0.4856915 0.4622981 0.2757928 0.6646752 0.5212585 0.5261204 0.7913752 0.4519516 0.6088862 0.0701291 0.7616513 -0.0392723 0.7349151 0.5385866 0.8501074 0.7210439 -0.0168781 0.2446651 0.2390539 0.8259407 -0.1156610 0.5746882 0.5615555 0.7084230 -0.3151855 0.8463385 0.5194255 -0.1561406 0.7285298 0.6716222 -0.1627307 0.7626063 0.3875070 0.8286498 0.8276837 0.5306337 0.4487814 0.8227511 0.5513501 0.2035961 0.5573736 0.2209902 -0.0941738 0.1536698 0.0450575 0.4921263 0.3914267 0.4322792 -0.0847489 0.2912183 0.3769032 0.4240445 -0.1474643 -0.1957428 -0.3861510 0.4019878 0.1282428 -0.1425896 -0.0373022 -0.1565334 0.1538767 0.5562329 0.2757196 -0.1023658 0.1979278 0.2408897 -0.0568804 -0.0254925 0.2850278 0.0679510 0.0276491 0.1667716 0.1850457 0.3490202 -0.2196537 -0.2853191 0.2814597 -0.2818181 -0.4113506 0.4466969 0.0120639 0.3242356 -0.1085827 -0.4546118 -0.3310732 0.7354224 0.2601838 0.3875682 -0.4403896 -0.3275225 0.3456519 0.3404210 0.1888854 0.1015220 -0.0302741 0.5549171 0.0281160 -0.0807310 0.1919471 0.3085248 0.0971794 0.3743628 0.1369109 0.3179880 -0.0533082 0.3064416 0.2516373 0.4901528 0.0082419 0.0309747 0.0218155 0.1323819 0.0607708 0.1964650 0.0621565 0.1301303 -0.2583950 -0.0939096 0.0168410 0.0216392 0.0808179 -0.1292285 -0.3607857 0.1040403 -0.1534765 -0.1235284 -0.2514431 -0.1616010 0.1802471 0.2041101 0.3734095 0.0127341 -0.1101947 0.0000826 -0.1051174 0.2538812 0.4674255 0.2244366 0.1864418 -0.1408963 0.1020455 -0.1043482 -0.0249468 -0.0173500 0.2802628 -0.0563471 -0.3466796 -0.1064106 -0.3999263 -0.3158384 0.4760546 0.3406825 0.3922276 0.2090376 -0.1522141 0.4073411 0.3387346 0.3048627 0.3435523 0.0110627 -0.2627218 0.2928565 0.1353872 0.0008199 0.1884924 0.1517421 -0.1026073 0.1248069 0.2870319 0.3673398 0.3110115 -0.0095220 0.5316397 0.3510757 -0.1919177 0.1067007 0.3073262 0.2492424 0.4262098 0.4119220
0.2303441 0.7463076 0.2875301 0.7426372 -0.1871396 0.7513804 0.0000000 0.4429696 0.4785006 0.4633476 0.4606045 0.8843461 0.3535828 0.4988531 0.5441400 0.2704618 0.3085794 0.4636542 0.4318210 0.2394413 0.5912833 0.6137095 0.2179933 0.5816451 0.2725434 0.2542066 0.0916350 0.3687470 0.6738278 0.1380583 0.5563832 0.1210721 0.5384737 0.6596297 0.2361668 0.6171251 0.2925448 0.3738690 0.2404248 0.2064428 0.3113403 0.6855644 0.2204804 0.3727303 0.7970177 0.3790408 0.4059074 0.1523432 0.5707976 -0.1269970 0.3927541 0.3845441 0.7191174 0.4495442 0.0182136 0.1585979 0.0375798 0.4887569 0.0378288 0.2839545 0.7753512 0.4732504 -0.3180594 0.7489875 0.6709692 -0.2634191 0.4527389 0.4621439 -0.2039683 0.5568774 0.1939962 0.7464322 0.6330376 0.7408554 0.4215721 0.7410383 0.7576967 0.1888341 0.6475746 0.5052084 0.0251985 0.2568301 -0.0098594 0.3483820 0.1349074 0.2021280 -0.1711766 -0.0247432 0.1633812 0.1981519 -0.2833738 -0.1467292 -0.2838502 0.1986796 0.0310804 -0.0458472 -0.1804873 -0.1217105 -0.0261160 0.5423529 0.0699890 -0.1613554 0.1820884 0.1814832 -0.2873710 -0.1028052 0.2345330 0.0752231 -0.2565565 0.3376844 0.0119103 0.3168941 0.1778949 0.1763339 0.4342579 0.2202870 0.1564602 0.8050300 0.4969440 0.3820977 0.2104565 0.0225150 -0.2660204 0.6922798 0.2073447 0.6381188 -0.1400939 -0.5747757 0.5073195 0.4003742 0.2828459 -0.1728447 -0.0401841 0.3221622 0.0165649 -0.2331021 0.1399453 0.2581184 0.0475469 0.4889240 -0.1252629 0.3874923 -0.0219426 0.5200087 0.1863261 0.6505501 -0.0757382 0.0807606 0.0012298 0.1526665 0.0908577 0.3592668 -0.1299878 0.0980623 -0.1688830 0.2642471 0.0231081 -0.0309669 0.0429129 -0.0740714 -0.4985697 0.0366828 0.0330748 0.0115278 -0.4700280 -0.0605375 0.1677723 0.0887758 0.3856717 -0.0679488 -0.2066933 -0.1669373 0.1514133 0.5936733 0.8369533 0.6460893 0.6549852 0.3674399 0.5013882 0.2690463 0.4469299 0.3229962 0.3918008 0.2808889 -0.1983216 0.1789994 -0.1924633 -0.0793809 0.7008432 0.5914152 0.3618966 0.5220277 0.2451278 0.6247832 0.6281355 0.6471733 0.5030454 0.3610381 0.0873661 0.4788725 0.3122732 0.0756622 0.3184521 0.5001280 0.2809329 0.2948113 0.4596853 0.5187555 0.2675617 0.2752186 0.4609100 0.6317739 0.1941638 0.2785341 0.4180324 0.3324292 0.1399235 0.2531357
0.6339164 0.8197156 0.5200036 0.7381092 0.3584893 0.5399346 0.4429696 0.0000000 0.3704452 0.4296792 0.8127409 0.3503893 0.8156139 0.0521403 0.2618320 0.6763578 0.6491829 0.0915426 0.6769712 0.3872438 0.1257223 0.4943707 0.6602916 0.0516854 0.4287527 0.4848491 0.4985882 -0.0335793 0.1195482 -0.0934305 0.5721331 0.4183054 0.0186337 0.0811649 0.5509953 0.0836430 0.6128429 0.7162640 0.4093974 0.1718654 0.6457949 0.1190037 0.4293726 -0.0474103 0.2287476 0.6612900 0.5539051 0.5011452 0.1108736 0.2936681 0.5176692 0.4386737 0.2814568 0.3285830 0.7219753 0.7473607 0.5121278 0.2015769 -0.0387763 0.4866741 0.5435775 0.3517528 0.4496728 0.4398094 0.5688384 0.2862734 0.6230723 0.2195829 0.4994566 0.3606753 0.6613083 0.4129896 0.5593574 0.5776210 0.7125032 0.5469131 0.3621736 0.6355907 0.6374570 0.3709541 0.2794044 0.2706361 0.1972137 0.3550817 0.2233959 0.0852794 0.0157174 -0.0931988 0.2564525 0.1595712 -0.0687812 0.0014887 -0.2741341 -0.1786752 0.1849397 -0.1917765 -0.0420692 0.0458169 -0.0591578 -0.0211777 -0.0776862 -0.2508597 0.1541568 -0.2241264 -0.2283631 -0.1037201 0.1455423 0.0295373 0.0517580 -0.0676780 -0.0428279 0.2657419 -0.3450319 -0.3967021 -0.0177252 -0.3585488 -0.4235243 0.1722513 -0.0357196 0.1925220 -0.1447495 -0.3231062 0.0684181 0.2420850 0.1351174 0.2927405 -0.2094184 -0.1090699 0.1301396 -0.0053171 -0.1395460 0.1473961 -0.2553690 0.1680230 0.1272506 -0.1159422 -0.1513018 -0.0060760 -0.2286409 0.3640418 0.1431419 0.1231171 0.1765322 0.2597212 -0.0280043 0.1611664 -0.2541933 -0.1887566 0.2318878 0.2327105 0.2984030 0.2310820 -0.0595078 0.0987036 -0.2867009 0.0549808 0.1916427 0.2543055 0.2648185 0.2026172 -0.0843892 0.1855574 0.0298121 0.1122321 -0.0415784 -0.0025710 0.2212483 0.2233339 0.4382177 0.1450977 0.0786087 0.1938394 0.4136669 0.3728840 0.3925888 0.4082781 0.3740884 0.3151472 0.2559163 0.2099021 0.3281279 0.2078452 0.0087749 0.1342154 -0.0132013 0.5843984 0.2623069 0.4781823 0.4475843 0.3226771 0.3173296 0.3190288 0.2432336 0.3130714 0.2462701 0.1950047 0.1702718 0.3282885 0.2129222 0.2358303 0.5025531 0.3649144 0.6545216 0.3762378 0.3504761 0.4825380 0.1760566 0.2382493 0.2708899 0.3538042 0.7037855 0.3208787 0.4230254 0.3289093 0.1285701 0.5684535 0.4312663 0.3941613
0.0674241 0.4742044 -0.2087956 0.7020013 -0.2899499 0.8679303 0.4785006 0.3704452 0.0000000 0.9025796 0.6508002 0.5111875 0.0164614 0.7663619 0.8580274 0.5198003 0.5321035 0.8393810 0.4803966 -0.2096482 0.1066832 0.5138263 0.5834780 0.7262364 0.4898135 0.4440555 0.4572498 0.4794873 0.5523549 0.4753703 0.1846234 0.2070034 0.6656141 0.7127712 0.4902998 0.2521337 0.3343017 0.3198091 0.4705104 0.5309239 0.1627105 0.4236292 0.4467928 0.6366011 0.6007309 0.3582338 0.5360821 0.0617980 0.7474802 -0.0187984 0.6961125 0.5056559 0.6785512 0.7511287 -0.1267276 0.1446242 0.2523799 0.8282813 -0.1236751 0.5217186 0.1984347 0.6538518 -0.2978015 0.6251603 0.1841094 -0.1578619 0.5592358 0.6171442 -0.1671462 0.6195988 0.2641764 0.6360834 0.7166480 0.2005953 0.2181547 0.5937709 0.2499176 -0.0382472 0.2898747 -0.1110306 -0.3366132 -0.0303921 0.0040329 0.4963133 0.4771335 0.5590453 -0.0368703 0.6368765 0.5043274 0.4734697 -0.1276857 -0.1655494 -0.4254156 0.6552832 0.2490411 -0.0145640 -0.0151232 -0.1829700 0.2913004 0.4788153 0.3581652 0.0294971 0.1463593 0.4014446 -0.0225626 0.2192153 0.1017214 -0.0234231 -0.0679534 -0.0986468 0.1661199 0.0426632 -0.2490693 -0.3264408 0.1245039 -0.3129315 -0.4709784 0.2700822 -0.1834186 0.0390388 -0.3209192 -0.6070642 -0.4292278 0.5114373 0.1652465 -0.0420526 -0.6209641 -0.2828313 -0.0023764 0.0798049 -0.0353629 -0.0150380 -0.1111062 0.4706467 -0.1142423 -0.1640455 0.0160801 0.0713339 -0.0109752 -0.0230595 -0.0529328 -0.0309320 -0.1675581 -0.0845848 -0.0354893 0.3454490 -0.0062004 -0.0069293 -0.0608656 -0.0795304 -0.2038782 -0.0641977 -0.0667310 -0.0149392 -0.1758135 -0.3894185 -0.0158457 -0.2147390 -0.0209241 -0.2703783 -0.2291858 -0.0822645 -0.3861081 -0.2135237 -0.1960591 -0.2441492 0.0086759 0.1849618 0.1701317 -0.0747907 -0.1559668 -0.0142657 -0.3513036 -0.0947332 0.0799156 -0.1425465 -0.1469304 -0.4300516 -0.2193934 -0.3911983 -0.3982489 -0.4026668 0.0151545 -0.4344192 -0.2700050 -0.3692444 -0.4230419 -0.3919008 0.1928921 0.0588194 0.1042167 -0.1529823 -0.4747654 0.0320376 -0.0638917 -0.0805656 0.0021436 -0.3505216 -0.5668179 -0.1062216 -0.1875223 -0.0152728 -0.1015105 -0.2715281 -0.2459918 -0.1815630 -0.0706604 0.1693306 0.1638771 -0.1058046 0.2879303 -0.0000657 -0.4232690 -0.1280021 0.0694705 0.0757863 0.5760341 0.4019264
0.1801382 0.5069292 -0.2861461 0.6947515 -0.2506159 0.8722995 0.4633476 0.4296792 0.9025796 0.0000000 0.7895566 0.4127344 -0.0100887 0.7367813 0.6624465 0.6937016 0.7077798 0.6983416 0.5974986 -0.1692715 0.0258223 0.4597451 0.7264257 0.6040594 0.6378550 0.6091447 0.6431020 0.4400581 0.4060605 0.5229452 0.3021667 0.3879566 0.5665146 0.6279541 0.6151538 0.2524833 0.4861660 0.4075638 0.6841277 0.6628447 0.3283496 0.4422227 0.6696551 0.5076426 0.5566881 0.5062708 0.6946235 0.1170101 0.6628927 0.0755399 0.8202697 0.6414934 0.6650099 0.8042316 -0.0223816 0.2833546 0.4282979 0.8323895 -0.1973831 0.7538873 0.2439299 0.8190460 -0.2380229 0.6467965 0.1820306 0.0130719 0.7192833 0.7523988 -0.0664288 0.7213903 0.4524412 0.5648678 0.7979145 0.1945374 0.3109321 0.6217666 0.2422099 0.0460282 0.3915387 0.0148921 -0.2063711 -0.0049770 -0.0030329 0.3861042 0.3860515 0.5120125 0.0137654 0.4136544 0.4772420 0.5000279 -0.0800717 -0.1656866 -0.4436982 0.4818784 0.1168903 -0.1411848 0.0384399 -0.3698226 0.2301389 0.4086047 0.2718345 -0.1819937 0.0533610 0.2445443 0.0292252 -0.0086298 0.1007633 -0.0561005 0.0488150 -0.0799132 0.1563237 0.1102776 -0.4565552 -0.5526923 -0.0472724 -0.4812673 -0.5978890 0.1089979 -0.2897803 0.1047128 -0.3286254 -0.6305377 -0.1795508 0.4586864 0.2279256 0.0594325 -0.5571322 -0.1326949 0.1890497 0.2231800 0.1688471 0.2160069 0.0242377 0.4397693 0.0579895 -0.1101122 0.2355623 0.3366269 0.2570237 0.1018791 0.2123483 0.1834846 -0.0102463 0.0128580 0.1420782 0.2889660 0.2312294 0.2042727 0.0611436 0.0834822 -0.0695913 -0.0134548 0.2151810 0.1328116 -0.0148274 -0.2883217 0.0706919 0.0595751 0.1071018 -0.1812876 -0.0954027 0.1097878 -0.3389353 -0.1845315 0.0001962 -0.1654462 0.1399877 0.2265885 0.2198022 0.0393472 0.0137640 0.0620578 -0.3195845 0.0635484 0.1701247 -0.0074659 -0.0915459 -0.3572016 -0.1974000 -0.3925522 -0.3327007 -0.3652672 -0.0049024 -0.3235127 -0.3352722 -0.3197722 -0.4233956 -0.3268344 0.1622022 0.0050077 0.1221838 -0.0891722 -0.3669332 0.0806744 0.0254166 -0.0539400 0.0761105 -0.2792336 -0.4547563 -0.0371980 0.0783409 0.2038899 0.1013510 -0.1188268 -0.3000533 -0.0785181 0.0794408 0.1710056 0.4519536 0.0206012 0.5118666 0.0402059 -0.3901102 -0.0691432 0.0870103 0.0148675 0.6844447 0.5201684
0.4215738 0.7364640 0.0851512 0.8489344 -0.0298459 0.7812357 0.4606045 0.8127409 0.6508002 0.7895566 0.0000000 0.3416862 0.3846578 0.3332809 0.4590675 0.8466116 0.8772691 0.2615935 0.6749967 0.0753257 -0.0464636 0.5549946 0.8227500 0.2705595 0.5296891 0.6191128 0.6975947 0.0671693 0.2086795 0.0730304 0.5636270 0.4092827 0.1983098 0.3288629 0.6682302 0.1213387 0.6000629 0.6050611 0.6587953 0.4254908 0.6116500 0.2962615 0.7071764 0.0931966 0.4168102 0.6758144 0.7268970 0.3422937 0.3359448 0.2736185 0.8307252 0.6492674 0.5245236 0.6608352 0.4263343 0.6195997 0.5549787 0.5940547 -0.1596999 0.7820827 0.4555067 0.7336312 0.0551276 0.6016392 0.3636893 0.1979733 0.8210861 0.6119984 0.1873895 0.6426076 0.6606596 0.4651516 0.7936863 0.3739346 0.5523208 0.6327295 0.2764550 0.3473308 0.5127702 0.1555678 -0.0104354 0.0927778 0.1601574 0.3709510 0.2384929 0.2826585 0.0610601 0.1257949 0.3894760 0.3022757 -0.1053360 -0.1652485 -0.4383813 0.0419252 0.1091920 -0.3438365 -0.0218702 -0.2837689 0.0966915 0.1929467 0.0113394 -0.3702300 0.0530531 -0.0968564 -0.1235530 -0.1804197 0.1174231 -0.0828338 0.1447508 -0.1526816 0.0823498 0.2056562 -0.5687401 -0.6453099 -0.1544111 -0.5830017 -0.6750043 0.0164870 -0.2939114 0.1400750 -0.3134166 -0.6166694 -0.0264962 0.3440713 0.1628467 0.1775842 -0.4391217 -0.1282955 0.2694234 0.1344100 0.0877903 0.3414261 -0.0782550 0.2476704 0.2291819 -0.1193394 0.1210526 0.2482918 0.0893716 0.2446372 0.2736313 0.2399501 0.0829397 0.1184332 0.1376319 0.2101792 0.0801902 0.1098143 0.2359482 0.1994769 0.1108383 0.0326638 0.1661210 0.1355774 -0.1064248 -0.1853159 0.1317200 0.2175427 0.2385360 -0.0600813 -0.0957941 0.1646032 -0.2164483 -0.1172021 -0.0067276 -0.1803877 0.2223278 0.2785231 0.4591048 0.0998069 0.0963272 0.2042566 0.0811688 0.2803447 0.3000713 0.2549350 0.1352239 0.0017373 -0.0588064 -0.1971138 0.0265666 -0.0783405 -0.0402628 -0.0610257 -0.2115170 0.1089211 -0.0726807 0.0227842 0.2316233 0.0537111 0.1984964 0.0437757 -0.1484607 0.1316574 0.0838493 0.0186047 0.0866260 0.0089856 -0.2023400 0.0880768 0.3998439 0.3274466 0.4207038 0.1254430 -0.0212814 0.1618685 0.1590324 0.1360407 0.4926560 0.0997979 0.7396505 0.1311218 -0.0323415 0.0703024 0.0202500 0.2832612 0.5654491 0.5009983
0.1403010 0.6764824 0.1678311 0.7178500 -0.2715108 0.7508267 0.8843461 0.3503893 0.5111875 0.4127344 0.3416862 0.0000000 0.2362530 0.5704528 0.6957513 0.1464948 0.1664250 0.6096520 0.3268801 -0.0131389 0.8215128 0.3590368 0.1187400 0.7472538 0.1492796 0.0765618 0.0226074 0.5484864 0.8721481 0.2670219 0.2219460 -0.0996381 0.7390901 0.8089397 0.1674437 0.7838936 0.1079314 0.1944646 0.1589665 0.2427756 0.0488232 0.7548672 0.1740197 0.6184838 0.8129350 0.2242070 0.2800800 -0.0287800 0.7713183 -0.1766316 0.3099077 0.3115203 0.8105022 0.4116270 -0.1076545 0.0467813 -0.1336148 0.5850279 -0.0420461 0.1268129 0.7105134 0.3231828 -0.3259358 0.8160525 0.7856469 -0.3019376 0.3951088 0.3827309 -0.2364665 0.5758818 0.1411926 0.8743761 0.5447618 0.8032887 0.4654890 0.7873743 0.8356917 0.3120256 0.7162912 0.5742136 0.1838885 0.3497676 -0.0019452 0.4204092 0.2361705 0.1937723 -0.3519558 0.0256587 0.0767628 0.2179271 -0.2090226 -0.1355601 -0.1321275 0.2554737 0.1074890 0.0353728 -0.1128069 0.1802266 -0.0046844 0.5654539 0.2367782 0.1164126 0.3609103 0.2660784 -0.1561030 -0.0004556 0.4066276 0.2610172 -0.1870477 0.4636410 0.0894732 0.4365093 0.3183831 0.3045860 0.6938699 0.2857250 0.1617090 0.8361089 0.5024599 0.5087149 0.3186604 0.0364228 -0.3804827 0.8074841 0.3345620 0.6592749 -0.1304422 -0.5511860 0.4044355 0.4457478 0.2741247 -0.2567160 0.0099850 0.4283055 -0.0386009 -0.1387643 0.1281062 0.2273050 -0.0055638 0.5554619 -0.0954149 0.3477299 -0.0308551 0.5421808 0.2126110 0.6139284 -0.1660812 -0.1275064 -0.1486320 0.1890213 0.1903715 0.4629199 -0.0897081 0.1023592 -0.3513764 0.3323331 -0.0065958 -0.0925579 0.0397951 0.0512657 -0.5366744 0.1162432 0.0923015 0.0656273 -0.4339290 -0.0162671 0.1569511 0.0329037 0.3570079 -0.0062471 -0.2658920 -0.1716812 0.0616090 0.4292544 0.7398721 0.5106738 0.6293339 0.2617726 0.6286164 0.4107786 0.3623011 0.3287140 0.5203973 0.2283792 -0.2850560 0.1976198 -0.2962588 -0.1486726 0.8154686 0.7830052 0.5390946 0.6457058 0.2996608 0.7471460 0.6800652 0.7161282 0.5925458 0.3843406 0.1724894 0.5660369 0.1895259 -0.0939433 0.2834729 0.4847395 0.1393880 0.3769935 0.4469327 0.5770693 0.0951438 0.2151679 0.3160586 0.7362953 0.1165705 0.3732289 0.6032705 0.3333188 0.0190906 0.1795416
0.5612111 0.5984075 0.8335640 0.3939224 0.6484459 0.1625682 0.3535828 0.8156139 0.0164614 -0.0100887 0.3846578 0.2362530 0.0000000 -0.1811246 -0.0204604 0.2972747 0.2494468 -0.1051179 0.4402449 0.6375879 0.1518224 0.4198239 0.3181574 -0.1334281 0.2197172 0.2418611 0.1664098 -0.0996864 -0.0118859 -0.2632434 0.4991247 0.3908690 -0.1483160 -0.1528743 0.2266583 0.0055050 0.4807264 0.6661995 0.0318922 -0.1309020 0.5611354 -0.0471601 -0.0319967 -0.2076432 0.0000088 0.4370334 0.2204543 0.6303559 -0.1412715 0.2865435 0.0479862 0.0959427 -0.0120305 -0.0342628 0.7920036 0.6287175 0.3859704 -0.2259357 0.2371522 0.0671038 0.5162875 -0.0960502 0.6670908 0.1744701 0.5253987 0.3469848 0.1656914 -0.1441750 0.6538595 0.0114467 0.4819309 0.2291152 0.1976727 0.5634488 0.5831790 0.2687170 0.3114359 0.5739162 0.5184320 0.4331314 0.3611213 0.2413715 0.0788248 0.1297334 -0.0335607 -0.2375311 -0.1140043 -0.2503889 -0.0624052 -0.1567417 -0.1920584 -0.0216587 -0.2311083 -0.3451715 0.0110313 -0.1328561 -0.2445171 0.1300098 -0.3153584 -0.2774261 -0.3052780 -0.2456251 0.0705199 -0.4276746 -0.4573386 -0.1408166 -0.0187648 -0.0165255 -0.2030091 -0.0006859 -0.3290658 0.1123801 -0.0730320 0.0010757 0.1206539 0.0146579 0.0270613 0.2657698 0.2777758 0.0541472 0.0079079 0.0826318 -0.0009518 0.0138665 -0.0812387 0.2783050 -0.0782177 -0.1843178 0.0100475 -0.2432787 -0.3545471 -0.2186262 -0.4757343 -0.0752097 0.0347544 -0.1879457 -0.4020364 -0.1920819 -0.4469674 0.3011746 -0.1795882 -0.0407719 0.0677779 0.2165593 -0.2052316 -0.0596079 -0.4925441 -0.3745942 0.0222951 0.0651281 0.2006694 0.2104284 -0.3184831 -0.1380938 -0.3580246 0.1244850 0.0455915 0.0764927 0.0630307 0.1942647 -0.1759776 0.0261201 0.0575537 0.1071810 -0.1842473 -0.0054761 0.0011017 -0.0484780 0.1669310 -0.0382404 -0.0984379 -0.0560256 0.4364166 0.3222609 0.3371793 0.4272925 0.4499765 0.5123288 0.3856727 0.4165382 0.4570407 0.3048618 0.0708581 0.2223093 0.3043882 0.7856699 0.5515139 0.7576718 0.4609888 0.3719862 0.1819414 0.3981001 0.4573272 0.3115000 0.2741068 0.2434376 0.1514538 0.4865586 0.4353703 0.2333465 0.4065460 0.3499997 0.5470176 0.4228302 0.6857335 0.5578107 0.1485951 0.2832800 -0.0152280 0.5146364 0.4366153 0.3623638 0.7391181 0.4320887 0.1963574 0.6056417 0.2703249 0.3008493
-0.0320625 0.2531965 -0.3334924 0.4886207 -0.4394962 0.7117351 0.4988531 0.0521403 0.7663619 0.7367813 0.3332809 0.5704528 -0.1811246 0.0000000 0.6978493 0.1380903 0.1741632 0.8489082 0.2836400 -0.3048469 0.2507729 0.2505417 0.1973760 0.8516341 0.2768155 0.1485420 0.1323443 0.7340138 0.6361869 0.7211578 0.0087819 0.0274358 0.7907077 0.8002994 0.2338381 0.4752307 0.1213487 0.1070882 0.2422984 0.3631000 -0.1476515 0.5441088 0.2096357 0.6392773 0.4859931 0.1531208 0.3544332 -0.1970133 0.7953042 0.0137608 0.5681254 0.2903331 0.7248813 0.4461556 -0.3058388 0.0107156 0.1513712 0.6964258 -0.1539859 0.3931121 0.1970593 0.5636184 -0.4028276 0.7290869 0.2658216 -0.1336831 0.4730389 0.6844868 -0.2026392 0.7562348 0.1259724 0.7317832 0.6364148 0.2939215 0.3183462 0.6441927 0.4762881 -0.0716660 0.3680779 0.0972464 -0.1927938 0.0043875 -0.3057592 0.1326951 0.3770968 0.3963142 -0.2581101 0.3303755 0.1078900 0.3064097 -0.3081525 -0.2471082 -0.3726640 0.4586885 -0.1432987 -0.0550649 -0.0530812 -0.2386814 -0.0385827 0.5495441 0.3725752 0.1912966 0.2867618 0.3036243 -0.0403346 0.0187883 0.2846889 0.2469864 -0.1672552 0.3137616 0.0307351 0.2423731 -0.0712938 -0.0953752 0.2991168 -0.1324338 -0.2831720 0.3495414 -0.0617772 0.1776190 -0.0394847 -0.3026586 -0.4157638 0.6329763 0.3291859 0.1318330 -0.3406609 -0.3273461 0.1738131 0.4058770 0.1836211 -0.0995507 0.0299981 0.4198688 0.0932929 -0.2976624 0.2009411 0.3149864 0.1744340 0.2033317 0.0492283 0.2237299 0.0466654 0.0352557 0.0734418 0.3398415 0.1799098 0.1697290 -0.0883999 0.2012719 -0.0286142 0.0447253 0.2170672 0.1300888 0.0289040 -0.1143809 0.0863984 -0.0870411 0.0959035 -0.1037100 -0.2540348 0.1931557 -0.2475280 -0.0778538 -0.1383879 -0.0774520 0.1588986 0.1077737 0.2127641 0.0658985 -0.1349971 -0.1090414 -0.3839678 0.1742692 0.2253515 0.0186087 0.0003511 -0.3013431 0.0164367 -0.1494749 -0.2233913 -0.1939529 0.1685748 -0.2187459 -0.3384401 -0.3901142 -0.4867622 -0.4482783 0.3816459 0.2424562 0.1283884 0.0681503 -0.2608264 0.2512913 0.1885908 0.1940162 0.2383816 -0.0805874 -0.3786670 0.0839334 -0.1438260 -0.0036663 -0.0651255 -0.1695494 -0.2285173 -0.0811829 0.2120626 0.4169651 0.1650873 0.0485349 0.1715688 0.2322204 -0.4312840 0.0822531 0.3998765 0.0237255 0.3865235 0.4409823
-0.1006232 0.4660231 -0.2023925 0.7130516 -0.3634054 0.8172879 0.5441400 0.2618320 0.8580274 0.6624465 0.4590675 0.6957513 -0.0204604 0.6978493 0.0000000 0.1874112 0.3208491 0.8027506 0.1864645 -0.3345800 0.3741345 0.3831327 0.3089824 0.8468323 0.1585053 0.1297405 0.1819182 0.5616672 0.7693028 0.4045961 0.1071560 -0.2055491 0.7822893 0.8204189 0.2189878 0.4635475 -0.0044365 0.1087135 0.1627953 0.2785461 -0.0284352 0.5616673 0.1737645 0.6749019 0.6884235 0.0869902 0.2308686 -0.0681587 0.8223255 -0.2266839 0.4558825 0.1983807 0.7419123 0.5470770 -0.2480952 -0.0845441 -0.1198393 0.7639269 -0.2614590 0.1857598 0.2150042 0.3524243 -0.3874519 0.6658664 0.3096932 -0.4601841 0.4115211 0.3762265 -0.3309428 0.5350825 -0.0400806 0.7552244 0.4878906 0.3023151 0.1528201 0.5772398 0.3755185 -0.0599947 0.2548483 -0.0101110 -0.3074224 0.1756230 0.0257678 0.5764833 0.5333410 0.4605537 -0.0932231 0.4999231 0.3881272 0.4574828 -0.0806394 -0.0262397 -0.1927513 0.5845713 0.3119328 0.1487417 0.0922903 0.1131421 0.2439863 0.5110173 0.4862257 0.2572300 0.3235012 0.4296962 0.0815952 0.3187427 0.3403249 0.2143960 -0.0319221 0.1841673 0.2549620 0.2854509 0.0547707 -0.0141230 0.4219939 -0.0520521 -0.2311294 0.4758511 0.0722921 0.2537973 -0.0271284 -0.2968896 -0.4656771 0.6402501 0.1339378 0.1487997 -0.3963303 -0.3891018 -0.0274364 0.1592832 0.0036140 -0.2336299 -0.1260710 0.5390518 -0.2957961 -0.1365306 -0.0772988 -0.0164882 -0.1298111 0.1769854 -0.1330882 0.0413582 -0.1456287 0.1317842 -0.0116159 0.4225355 -0.1367607 -0.1437826 -0.1073514 -0.0036075 -0.0155273 0.1485791 -0.1060839 0.0386889 -0.3188206 -0.1659853 0.0105147 -0.2322662 0.0196531 -0.0894331 -0.3331694 0.0109304 -0.1342114 -0.0520687 -0.2929906 -0.0546692 0.1132388 0.1838791 0.2428465 0.0355622 -0.1749306 -0.0254742 -0.2255193 -0.0155898 0.2190795 -0.0495098 0.0017948 -0.3152111 0.0385994 -0.0787802 -0.1924505 -0.1552862 0.1168056 -0.2799853 -0.3873662 -0.3024428 -0.4910563 -0.4985741 0.3066460 0.2746795 0.3998089 0.0819914 -0.3214147 0.2412677 0.1540179 0.2043458 0.2642832 -0.1637199 -0.4588338 0.1665956 -0.2580596 -0.1977780 -0.1852877 -0.1077045 -0.2127952 -0.0916190 0.0655976 0.1444830 -0.0458912 -0.1307167 0.0783516 0.2363510 -0.3365199 -0.1249419 0.1862818 0.0398126 0.1547238 0.1332833
0.3821841 0.5440450 0.0069928 0.5609577 0.0083098 0.5668655 0.2704618 0.6763578 0.5198003 0.6937016 0.8466116 0.1464948 0.2972747 0.1380903 0.1874112 0.0000000 0.7975156 0.1507291 0.8505686 0.1624234 -0.0650530 0.5078350 0.8907142 0.0333775 0.7843605 0.8218954 0.7674068 -0.1340304 0.0061738 -0.0500648 0.4514315 0.6426787 0.0363884 0.1302011 0.8563957 0.0051788 0.7782442 0.6324105 0.7912155 0.5713815 0.6400584 0.1314425 0.8710654 0.0928828 0.2965247 0.8101853 0.8519623 0.3495476 0.1814330 0.3707500 0.7522467 0.8443604 0.2967475 0.6505233 0.4314226 0.6808390 0.6480185 0.4700727 -0.1158598 0.8268936 0.2855406 0.7305055 0.0970526 0.3315377 0.2592507 0.3317043 0.7237474 0.5326119 0.1965665 0.4353254 0.7880979 0.1785246 0.7010213 0.2393310 0.4504644 0.4390938 0.0946390 0.4156155 0.4630539 0.1195970 0.1552989 -0.0127432 0.2964879 0.4194817 0.1464873 0.3854682 0.0779723 0.2815784 0.5027688 0.3709846 0.0603961 -0.0910688 -0.3125420 0.1353069 0.1923682 -0.2461233 0.0071883 -0.2709353 0.3074617 0.1109728 0.0146792 -0.3933395 -0.0539607 -0.0323822 -0.0534674 -0.0773100 -0.0041359 -0.2177066 0.1936920 -0.3706986 0.1184640 -0.0171445 -0.5958076 -0.6769637 -0.2692705 -0.5750938 -0.6024041 -0.0905696 -0.3102117 -0.0022701 -0.4167116 -0.6886511 0.1272169 0.1167189 0.1841469 0.0746098 -0.4622935 0.0081486 0.2365480 0.0518118 0.1148845 0.4022661 0.1133828 0.1697737 0.2022881 0.0386606 0.2244932 0.2362598 0.1837732 0.0570387 0.2533855 0.1271527 0.0016074 0.0210196 0.1178115 0.2043615 0.1495479 0.0985736 0.1998481 0.0547379 -0.0548841 -0.0119744 0.1352820 0.1252762 -0.0447917 -0.1905920 0.0702397 0.1670973 0.1439001 -0.1345362 0.0085000 0.0254730 -0.2920508 -0.1168810 0.0831035 -0.2057101 0.0699535 0.2391968 0.2656580 -0.0122359 0.1110997 0.2077770 0.0677342 0.0677098 0.1779102 0.1727077 0.0884188 -0.0302910 -0.0893097 -0.2676252 -0.1013619 -0.2022221 -0.0425976 -0.1238113 -0.2017444 0.1189676 -0.1138025 0.1446535 0.1104017 -0.0080221 0.0072979 -0.0251478 -0.0726995 -0.0086889 -0.0443908 -0.1356074 -0.0514343 -0.0553275 -0.0667642 -0.0505929 0.5093272 0.3961713 0.4321441 0.1272128 -0.1771827 0.0779530 0.0287629 0.1207699 0.5908326 0.1518535 0.6598636 0.0331727 -0.0870982 0.1209529 -0.0176458 0.2730882 0.6961881 0.4701855
0.4004975 0.6015235 0.0563818 0.6435702 0.0609949 0.6227830 0.3085794 0.6491829 0.5321035 0.7077798 0.8772691 0.1664250 0.2494468 0.1741632 0.3208491 0.7975156 0.0000000 0.1270370 0.5429519 0.1390838 -0.1108733 0.4426758 0.9077711 0.0500882 0.5607444 0.7394237 0.8979638 -0.1839257 0.0149044 0.0180254 0.5021810 0.4845292 0.0086441 0.1159708 0.6669774 -0.0318234 0.5790449 0.6012538 0.7747757 0.5775455 0.6772030 0.1350445 0.7422444 -0.0040685 0.2753131 0.6648582 0.6302344 0.4270732 0.1492254 0.3486379 0.6430868 0.6615249 0.2715629 0.7248192 0.3848429 0.5163625 0.4801068 0.5265992 -0.0503404 0.7330564 0.2900120 0.6297177 0.0758996 0.3403218 0.1112133 0.1677939 0.6043138 0.5341274 0.1697391 0.4260003 0.5430860 0.1855139 0.6616232 0.1137735 0.3409333 0.3824133 -0.0175156 0.1626242 0.2958886 -0.0609717 -0.1411203 0.1219857 0.2165670 0.3725538 0.1445271 0.3015764 0.2661289 0.0798941 0.4945674 0.3381549 0.1084141 -0.0193456 -0.2728547 0.0681022 0.2991802 -0.2347628 0.1406104 -0.2705206 0.3346912 -0.0050613 -0.0209095 -0.4285300 -0.1934776 -0.0682170 0.0380806 -0.0754720 -0.0245522 -0.2424191 0.2187121 -0.3161228 0.2487515 0.0285658 -0.6815765 -0.7197828 -0.3793799 -0.5885717 -0.5601006 -0.1936058 -0.4331717 -0.1142184 -0.4660883 -0.6251678 0.1729053 0.0906694 -0.1373714 -0.0596752 -0.5519805 0.0559619 0.0498975 -0.0848298 -0.0284961 0.3804668 -0.1761725 0.2213026 0.0669523 -0.0503138 -0.0137957 0.0756795 0.0480500 0.0632158 0.2814295 0.0346746 0.1669201 0.0058182 -0.0315426 0.0968909 0.0375444 0.0223775 0.3512619 0.1123149 0.0265675 -0.0599552 0.1749361 0.2011593 -0.0499989 -0.1987765 0.2388334 0.1825771 0.3243982 -0.0619761 0.1927558 0.1625244 -0.1781865 -0.0724540 0.2538279 -0.1129908 0.2299184 0.3945763 0.3853244 0.1769634 0.2966033 0.3766673 -0.0270909 0.1438113 0.1064208 0.0077556 -0.0195316 -0.1655584 -0.1605030 -0.2841453 -0.1787293 -0.2650230 -0.1647332 -0.2098662 -0.0711295 0.0568678 -0.0163049 0.0010785 -0.0640489 -0.1953363 0.0648487 -0.1554369 -0.2944150 -0.0283294 -0.1150180 -0.1734164 -0.1188022 -0.2512795 -0.2782360 -0.1365230 0.3650657 0.3977126 0.3527462 0.0119150 -0.0935589 -0.0269034 -0.1157951 -0.1104161 0.6521679 0.1358756 0.7410499 -0.0855734 -0.0126906 -0.1999056 -0.2693223 0.1660534 0.6278038 0.3704166
