0.0000000 0.6067711 0.6859815 0.2874973 0.6251624 0.2800150 0.5638564 0.6371804 0.2669122 0.4081276 0.4125831 0.3502455 0.6850763 0.0302301 0.1970335 0.1176259 0.3348734 -0.0671588 0.2328896 0.4514190 0.2978965 0.4983077 0.2858994 -0.3674451 0.4350512 0.2410394 0.3157930 -0.5647796 0.2030270 -0.1384034 0.1870157 0.6169507 -0.6235569 -0.2626294 0.4122208 0.3914566 0.6041344 0.4486082 0.2292230 -0.3983539 0.5282105 0.3199456 0.4035958 -0.5986162 -0.0455550 0.4389251 0.4942492 0.4726500 -0.5367607 0.1925708 0.4189573 0.3473197 -0.1369374 0.2817787 0.4118568 0.3860530 0.6324736 0.0217781 0.2478959 0.4111607 0.2207835 0.1579559 0.2454171 0.3365056 0.0206517 0.5514880 0.2730571 0.2532856 0.3724574 0.4025722 0.4390919 0.2717382 0.2230245 0.4629806 0.4977067 0.3865343 0.6264850 0.3853388 0.3176997 0.6554345 0.3449976 0.0610375 -0.1100963 -0.2001131 -0.4291874 -0.2058571 -0.1904202 -0.7102455 -0.1991965 -0.2065516 -0.0269355 -0.0422628 0.2277790 -0.6096463 -0.4685397 -0.0131208 0.1529893 0.1748927 -0.3471597 -0.6189832 -0.2200633 -0.0377611 -0.0807827 -0.6557711 0.1337386 -0.1350925 -0.2975329 -0.1192146 -0.0042313 -0.2376269 -0.0040594 0.1087672 -0.1870174 -0.2676455 -0.2197731 -0.3528692 -0.3375553 -0.2252542 -0.3056584 0.1343335 -0.1188828 -0.3304612 0.4348468 0.1003703 0.1295817 0.1002820 -0.0094256 -0.0086300 0.1984557 0.1091243 0.0105617 0.1250489 -0.0767464 -0.1092190 0.2486774 0.1878539 0.0909800 -0.0383885 -0.2047584 -0.0285653 0.0772966 0.0915265 0.2489617 0.3172549 0.0913835 0.0928336 0.1014759 0.1380591 0.2736700 0.1071432 -0.0275710 0.1821819 0.0987027 0.1296994 0.0792551 0.5750567 0.1160817 0.1605613 0.3729557 -0.1226136 -0.0761899 0.0872824 0.3550554 0.0499796 0.0547842 0.2986842 0.1877576 0.1071410 0.1726009 0.0046230 0.0657502 0.1021599 0.5983505 0.3091986 0.5883303 0.6134697 0.4661552 0.2288411 0.3691761 0.2603326 0.0955345 0.2254634 0.3822037 0.1610542 0.3066705 0.3320599 0.2854800 0.6047870 0.4729804 0.4144491 0.3237908 0.4983185 0.4423830 0.3175392 0.1574666 0.1058381 0.1295993 0.3217076 0.5999973 0.1487756 0.2046279 0.3527377 0.4520702 0.3844051 0.4004136 0.5701154 0.3069787 0.0153306 0.2046896 0.2013085 0.0532235 0.2590701 0.4987920 0.3372673 0.3177321 0.4669228 0.2713743 0.4055867
0.6067711 0.0000000 0.5452936 0.4241888 0.3772612 0.7625314 0.3517249 0.4736831 0.5955098 0.5826245 0.5464775 0.4776870 0.4267391 0.3838054 0.4499613 0.3418087 0.5578937 0.3421196 0.2426133 0.2805155 0.3605243 0.3635976 0.3155011 0.2628182 0.4473595 0.3670102 0.4231117 -0.0985322 0.3467219 0.0423702 0.0693402 0.4471029 -0.1436180 0.1666526 0.3287212 0.5163803 0.6257703 0.4274000 0.2725994 -0.3779916 0.5457679 0.4746576 0.4769518 -0.4086262 0.2378033 0.4742892 0.5202112 0.4789587 -0.2432362 0.2063727 0.3553883 0.3744478 0.1185654 0.0310076 0.4980749 0.3297470 0.5625681 -0.1342670 0.5594929 0.2827448 0.5606444 0.1075633 0.1297670 0.2489548 0.1851738 0.4032293 0.1994945 0.1197794 0.2323700 0.3127416 0.2842524 0.1793968 0.1369700 0.2874064 0.3520133 0.3396820 0.4058700 0.2693603 0.3479335 0.5083432 0.1211144 0.1335992 0.2131937 0.3004161 0.0083260 0.1685656 -0.1835963 -0.4820982 -0.0465416 -0.0052591 -0.1962218 -0.1658230 0.0086083 -0.5950445 -0.4191706 -0.0993139 -0.0412964 0.0605966 -0.1851592 -0.4404763 -0.0925274 -0.0587919 -0.0699566 -0.6436935 -0.0866581 -0.0953553 -0.2162304 -0.0799723 -0.1177278 -0.1786341 0.0334239 -0.0354704 -0.0558782 -0.2997140 -0.3180238 -0.4377211 -0.4483947 -0.1669058 -0.3189865 0.0478703 -0.0869884 -0.2601317 -0.0102833 0.2342655 0.0682728 0.0920874 -0.0437933 0.0510197 0.2135994 0.1402953 0.0819279 0.1053651 -0.0312875 -0.3580679 0.1613228 0.1988545 0.0190329 0.0057068 -0.0465048 -0.1223367 0.0585950 0.0095451 0.1871201 0.1523707 -0.0291208 0.0651516 0.0150885 0.0579030 0.1293923 0.0090374 -0.1315961 -0.0364462 0.0325613 0.0853562 0.0122093 0.3362725 -0.0540304 0.0715424 0.2707855 -0.1727758 -0.1146528 0.1136855 0.1145270 -0.1394573 -0.0192803 0.1067947 0.1262864 0.0151601 0.1073439 0.1475002 0.0998137 0.0464895 0.7037699 0.5567043 0.6120270 0.5037295 0.2921631 0.0311192 0.3028324 0.2097897 -0.0558255 0.3061252 0.6280959 0.3010127 0.5775715 0.4169194 0.5125629 0.4729338 0.3066483 0.3272743 0.2046935 0.3926239 0.3110712 0.2564020 0.1277528 0.0546695 -0.0448999 0.1396046 0.3850951 0.0500362 -0.1223447 0.2688822 0.2655928 0.0712435 0.2316381 0.4511830 0.0884296 -0.1582137 -0.2159955 0.1085459 0.1349926 -0.0028370 0.4533623 0.3315150 0.2295086 0.0411952 -0.0120936 0.0677142
0.6859815 0.5452936 0.0000000 0.7459537 0.6689330 0.4005486 0.4036779 0.7772932 0.5012913 0.4349615 0.4168195 0.6686526 0.7753217 0.2493818 0.3288923 0.1498647 0.2841086 0.0720130 0.4765561 0.6985941 0.6140548 0.6848763 0.1935890 -0.0913107 0.5869400 0.3056341 0.2818234 -0.3431155 0.5171215 -0.0717398 0.4302554 0.7129490 -0.3845256 0.0827828 0.4302226 0.5808910 0.5879570 0.7869166 -0.0297865 -0.4483423 0.8033543 0.4835661 0.4598296 -0.4110820 0.2598385 0.6599092 0.6918775 0.7809820 -0.2977321 0.5633110 0.5364283 0.2958268 0.3317168 -0.0569690 0.6638476 0.6190962 0.7351877 -0.3574660 0.0881142 0.3722730 0.5415657 -0.1119012 0.4361689 0.3879175 0.4670903 0.6593520 0.2119148 -0.1499365 0.6130117 0.1855312 0.5061927 0.6329883 -0.0120144 0.5514449 0.6427058 0.1877617 0.5679868 0.2122392 0.0792525 0.5500521 0.1356067 -0.0410777 -0.1914485 -0.3262856 -0.3877009 -0.1996431 -0.3844318 -0.7422808 -0.3323509 -0.3817128 -0.3037812 -0.4965688 -0.1115528 -0.5726871 -0.5862282 -0.4239286 -0.2925887 -0.1354562 -0.6155820 -0.6197633 -0.4362193 -0.3008106 -0.2610100 -0.7223299 -0.2547031 -0.4275031 -0.3470353 -0.3297610 -0.3030974 -0.5114769 -0.3460791 -0.1972919 -0.3050955 -0.5347268 -0.5098415 -0.4725449 -0.6129151 -0.4229418 -0.5772867 -0.0142924 -0.3739469 -0.5434357 0.1139661 -0.0264880 -0.2043340 -0.1090345 -0.2693984 -0.2349719 0.1939461 -0.2209258 -0.3102031 -0.1450397 -0.3635177 -0.4976433 -0.1244838 -0.1843067 -0.2594661 -0.2742138 -0.4219514 -0.1025306 -0.2738256 -0.1626719 -0.0719554 0.1990202 -0.2421934 -0.1150586 -0.2801008 -0.1968436 -0.1388566 -0.2087431 -0.2928733 -0.1818653 -0.2226154 -0.1696656 -0.2598382 0.1936280 -0.2839841 -0.1919600 -0.1115892 -0.4301782 -0.3049719 -0.1774875 0.0707870 -0.3602586 -0.2189470 -0.0741544 -0.1441843 -0.2708736 -0.2228710 -0.2245163 -0.1683848 -0.1342781 0.2000679 0.0623810 0.2852145 0.5656453 0.4311346 0.1533808 0.3406198 0.1695223 -0.1082666 -0.1704866 0.2034822 -0.2947507 0.1223355 0.5493706 0.4708826 0.6831080 0.6006953 0.5565998 0.4606901 0.5247171 0.3303673 0.5313182 0.1809790 0.3387427 -0.1074260 0.2497364 0.6225984 -0.1164585 0.1174726 0.1686012 0.0904874 0.0418759 0.5504883 -0.0047604 0.2398399 0.1433239 0.1931904 0.1499590 -0.1525644 0.0571480 0.4854406 0.2265144 0.3647454 0.2144736 -0.0527461 0.2884939
0.2874973 0.4241888 0.7459537 0.0000000 0.2015698 0.5771477 0.0036664 0.8178021 0.6578965 0.5829885 0.6132461 0.4583945 0.6424645 0.5119504 0.4556855 0.4598966 0.4548331 0.2173756 0.6944997 0.6092222 0.4206252 0.7153244 0.3154329 0.2778203 0.6952111 0.5321830 0.3433554 0.0070645 0.5263907 0.0484565 0.6088027 0.5952305 -0.0028398 0.3133880 0.3892233 0.4697251 0.5714034 0.8190036 -0.0866039 -0.4022564 0.7043260 0.4570676 0.4838943 -0.1989497 0.2790866 0.7976002 0.7695412 0.6736760 -0.0539962 0.7918678 0.5672521 0.2107260 0.4176015 -0.1443039 0.6985185 0.7263630 0.7159404 -0.3644000 0.3794158 0.3425299 0.7090653 -0.0482205 0.5852191 0.4011960 0.5244332 0.5740770 0.3946975 -0.0280601 0.7232560 0.3548734 0.5341861 0.6813263 0.2196215 0.6048939 0.7173185 0.4076070 0.5436785 0.4070428 0.3453220 0.3477736 0.2079284 0.0572570 0.1278374 -0.0363082 -0.0464329 0.1740884 0.0194563 -0.4869890 0.0868111 -0.1486316 -0.0846475 -0.4464807 -0.1224447 -0.3441407 -0.1700671 -0.2564939 -0.3105983 -0.1092032 -0.1422264 -0.3208502 -0.1394610 -0.1534072 -0.0044297 -0.5618164 -0.2306886 -0.1503820 0.0304006 -0.0879267 -0.0094313 -0.3746211 -0.0711531 0.0078768 -0.3300637 -0.5016856 -0.4189138 -0.3774787 -0.5231078 -0.3116364 -0.4708826 0.0567810 -0.1960126 -0.3790111 0.0090157 0.1904191 -0.1529935 0.0382394 0.0175865 -0.0983861 0.2257102 -0.0732589 -0.1895710 -0.0139549 -0.0671555 -0.4334135 -0.2550557 -0.0496463 -0.2255859 -0.0988161 -0.2309132 0.0210276 -0.2227673 -0.0737151 -0.1552917 0.0854336 -0.1857166 0.0175924 -0.2875889 -0.3340696 -0.2382062 -0.2028970 -0.2892028 -0.1564390 -0.2068568 -0.0686975 -0.2720041 -0.0280500 -0.2499340 -0.1450102 -0.2473911 -0.4050383 -0.1604930 -0.2119206 -0.0756186 -0.3656480 -0.1727762 -0.0598075 -0.0648932 -0.2201546 -0.2817746 -0.1517490 -0.0304844 -0.0554799 -0.0037283 -0.0362626 0.1100199 0.1790893 -0.0100869 -0.1035780 0.0044531 -0.0563156 -0.2632602 -0.1996167 0.3816545 -0.2467247 0.4119681 0.6788287 0.7051627 0.5587438 0.4236115 0.3465007 0.3701363 0.1543263 -0.0988588 0.3656244 0.2312190 0.2152902 -0.2133574 -0.2104492 0.3766112 -0.0306841 -0.0198276 0.1445055 0.0078304 -0.3129141 0.4085221 -0.1366059 0.1596074 0.0792672 0.0965467 -0.0071346 -0.0224182 -0.0449064 0.1344158 -0.0225159 0.3256626 0.1012696 -0.3200115 0.2099911
0.6251624 0.3772612 0.6689330 0.2015698 0.0000000 0.0859310 0.4915884 0.4155312 0.1877616 0.1543999 0.1359041 0.3796926 0.4302393 -0.0111420 -0.0054764 -0.0530053 0.0812657 -0.0197457 0.1498253 0.3571368 0.3687034 0.4031292 0.0366087 -0.1890743 0.3186848 0.1576576 0.0736946 -0.2612983 0.1872316 -0.0823339 0.1439776 0.4870347 -0.2919387 -0.0126967 0.2619039 0.3154581 0.3602496 0.4137286 0.1637109 -0.1700710 0.5673061 0.1730010 0.3394310 -0.3234544 -0.0277133 0.3245418 0.3815068 0.5350945 -0.2893020 0.2480790 0.2883314 0.3144268 -0.0048740 0.2022246 0.4415044 0.3419550 0.4171356 -0.1849426 -0.3375400 0.1516351 -0.0563901 0.0050935 0.2504989 0.0674401 0.0173467 0.3901568 -0.1339806 -0.1325676 0.3240139 -0.0042101 0.1575414 0.2292922 -0.1587120 0.2463490 0.3102354 -0.0624335 0.3754329 -0.0528115 -0.1707375 0.4955816 -0.0674452 -0.2016718 -0.3941088 -0.3375534 -0.2813701 -0.1958630 -0.4320484 -0.6691963 -0.4334229 -0.1821255 -0.3916012 -0.3826798 -0.1901663 -0.4082868 -0.6071943 -0.3956741 -0.2990985 -0.0906958 -0.5566475 -0.6853403 -0.2520098 -0.1963032 -0.3470091 -0.4484052 -0.2014916 -0.2952576 -0.3808059 -0.3942274 -0.4744616 -0.3117960 -0.3572933 -0.2626812 -0.0972152 -0.3256779 -0.3202774 -0.3877982 -0.5030558 -0.4085683 -0.5019863 -0.2584919 -0.4817957 -0.5559174 -0.0096036 -0.2448967 -0.3187493 -0.3965921 -0.3929677 -0.3433014 -0.1702419 -0.2779022 -0.3816990 -0.2289497 -0.5862161 -0.4311245 -0.1263279 -0.2407783 -0.2830917 -0.4663187 -0.4878932 -0.2704193 -0.3213082 -0.3098282 0.0531865 0.0779781 -0.2800078 -0.0988315 -0.2506713 -0.1188724 -0.1700545 -0.2284875 -0.3699231 -0.1025584 -0.3129717 -0.2870039 -0.3408211 0.4759345 -0.3194116 -0.3528836 0.0908875 -0.3488476 -0.4872118 -0.2433683 0.4505438 -0.3021391 -0.3875226 -0.1484450 -0.1715717 -0.3510525 -0.2701280 -0.3915066 -0.4695054 -0.4254789 0.1915195 0.0141749 0.1534676 0.5594383 0.7429490 0.5379559 0.6891752 0.5759185 0.3221380 0.1828855 -0.1931123 -0.1257788 -0.3524748 0.0608988 -0.0652485 0.6558016 0.5415045 0.5385186 0.2413713 0.5977530 0.7006890 0.3843202 -0.1849741 0.1220052 0.0693265 0.6663403 0.5082748 -0.2992262 0.3344153 -0.0495320 0.1742759 0.3456772 0.4145569 0.1807781 0.1190830 0.1948883 0.2896959 0.1370942 -0.1014359 0.0898193 0.7658042 0.4859059 0.2068760 0.0920513 0.4600635 0.4488243
0.2800150 0.7625314 0.4005486 0.5771477 0.0859310 0.0000000 0.1260010 0.5765311 0.8032917 0.6470742 0.7127078 0.4543141 0.4861046 0.4529861 0.5749057 0.5512311 0.5555343 0.3872337 0.4487935 0.4771693 0.3226743 0.4387035 0.4891243 0.4830210 0.5890418 0.6696142 0.3662608 0.0673073 0.4302118 0.0725614 0.4092214 0.4789445 0.0454592 0.3413836 0.5065713 0.4488757 0.7609900 0.5914335 0.2936198 -0.2624806 0.6216002 0.4401028 0.6670240 -0.2075303 0.2850517 0.6280293 0.6924718 0.5824863 0.0245576 0.4504124 0.5520784 0.4779074 0.2607865 0.0645541 0.6833460 0.5040200 0.6827098 0.0544362 0.6239449 0.4025520 0.6548829 0.2418850 0.4287009 0.5112379 0.2908813 0.4951438 0.4459796 0.3062641 0.4322750 0.5238774 0.4672695 0.3564849 0.3608338 0.4701856 0.5603210 0.5002871 0.4486200 0.3974367 0.5418454 0.4169935 0.2532402 0.0174374 0.2693472 0.3666807 0.0486097 0.2240818 -0.1386835 -0.3344909 0.0348771 -0.0718733 -0.2911275 -0.3500708 -0.2198306 -0.3686382 -0.3205155 -0.2088899 -0.2784674 -0.1047970 -0.0432391 -0.1637347 -0.2073561 -0.1940350 -0.0876066 -0.5624674 -0.3004827 -0.1767765 -0.1481302 -0.0845265 -0.0636602 -0.3049604 -0.0052751 -0.0656717 -0.0718765 -0.4001504 -0.2548931 -0.4864710 -0.5285503 -0.0877549 -0.2954443 0.0891528 -0.0073815 -0.2093172 -0.2061405 0.4475305 0.1448664 0.3139002 0.0444497 -0.0216254 0.4108480 0.1842434 0.1709038 0.1220895 0.0744574 -0.2904117 0.0718287 0.1205065 0.0335150 0.1712821 0.1637131 -0.0233655 0.0457782 0.0677867 0.0958899 0.0484795 0.0760622 0.0343383 -0.0803798 -0.1309858 0.0092299 -0.0236856 -0.1632712 0.0876751 -0.0716035 0.0876290 -0.1895222 0.1310597 -0.1242618 0.0071391 0.0912757 -0.2924045 -0.2049014 -0.0107143 -0.0632718 -0.2883306 -0.1379020 0.0561795 0.1309581 0.0369216 0.0078131 0.0644016 0.1209620 0.0894814 0.3707450 0.4037489 0.3755869 0.1490116 -0.0265978 -0.1717715 -0.0488966 -0.1771995 -0.3020793 0.0102122 0.6246029 0.1537904 0.6811214 0.6164290 0.7101411 0.4316312 0.2209905 0.1671191 0.1726982 0.1526484 0.1011087 0.1547320 0.3004530 0.0467530 -0.2692106 -0.1387956 0.3141713 0.2026153 -0.1704251 0.3718684 0.1979853 -0.3815139 0.2020770 0.2929572 -0.0050416 -0.1541912 -0.1681211 0.2598863 0.2277355 -0.1690281 0.1577067 0.0020380 0.2197894 -0.1222533 0.0050019 0.0268394
0.5638564 0.3517249 0.4036779 0.0036664 0.4915884 0.1260010 0.0000000 0.2243889 0.1155324 0.1015558 0.0472988 0.4451416 0.3547427 0.1769366 0.0615510 0.0110803 0.2529811 -0.1079545 -0.1323891 0.2340817 0.2323265 0.1352606 -0.0663030 -0.2172007 -0.0548066 0.0905720 0.2045613 -0.1953986 0.0545349 0.3799556 -0.0198207 0.1118994 -0.3647537 -0.0951171 0.0347266 0.2262862 0.3167115 0.0405849 0.2816543 -0.2947188 0.1166187 0.0394890 0.0839977 -0.2664009 -0.0136183 -0.0200635 0.1547402 0.1037296 -0.2134686 -0.0561743 0.1032870 0.0220582 0.0253949 -0.0097365 0.0270111 -0.1201295 0.1194608 -0.0270855 0.0446941 -0.0097683 0.1344149 -0.0906027 -0.2198989 0.2176849 0.0681987 0.0048722 -0.0909590 0.1037467 -0.2120146 0.2828231 -0.1557281 0.1303755 -0.0005074 0.4158082 -0.0117006 0.3497221 0.4893407 -0.0203048 0.1183497 0.6517833 -0.2146692 -0.0736966 0.0192186 -0.1011311 -0.1330594 -0.0734809 -0.3274851 -0.2868449 -0.1843306 0.0087151 -0.2216513 0.0162342 -0.0652575 -0.1038912 -0.2512177 -0.2963852 0.1163746 -0.1100958 -0.2813800 -0.3499022 -0.3568634 -0.1989854 -0.1346274 -0.3445252 -0.0421829 -0.4506086 -0.3373938 -0.2254746 -0.2630822 -0.3112475 -0.1177292 -0.2042324 -0.1548015 -0.2313369 -0.2952270 -0.4101913 -0.3562265 -0.3843695 -0.3422127 -0.1904869 -0.2208365 -0.2762697 0.0899583 -0.0453672 -0.0761691 -0.1442670 -0.1343090 -0.2761479 -0.1132319 0.0526334 -0.0607218 -0.2627676 -0.0074665 -0.2432190 -0.0268681 0.0496689 0.0970875 -0.1415808 -0.1110280 -0.1940639 0.0638843 -0.0236033 -0.0735365 0.2162243 0.0778594 0.2074144 0.1366085 0.2090156 -0.0825866 0.0065828 -0.0839842 0.1150885 0.0335499 -0.0121927 0.0031206 0.2856086 -0.0831922 0.1248864 0.1298911 -0.2290146 -0.2295811 -0.0376520 0.2475392 -0.1299116 -0.1508475 0.1760452 0.0561583 -0.0766789 0.1103627 -0.1824932 -0.1300518 -0.1056093 0.2170866 0.1059309 0.3490728 0.6529860 0.7382147 0.7004883 0.4735886 0.2399852 0.5280206 0.2230873 0.1308826 0.0652639 0.0284279 0.1582976 -0.0768531 0.6046003 0.5276065 0.5026323 -0.0265419 0.4989516 0.6363306 0.1012173 -0.0759966 -0.0431831 0.1145292 0.6196115 0.4443816 -0.1832181 -0.0398001 0.0216831 0.2753924 0.3805217 0.1732117 0.0743563 -0.0961066 0.0601201 -0.1370746 0.1958136 -0.0800335 0.4470465 0.2164101 0.3175006 0.2063547 -0.1965947 0.1019306 0.1241057
0.6371804 0.4736831 0.7772932 0.8178021 0.4155312 0.5765311 0.2243889 0.0000000 0.6755584 0.7429560 0.8258149 0.5063486 0.9089400 0.4687608 0.4465335 0.6147181 0.5708105 0.2398070 0.8016526 0.7048046 0.4270053 0.8847897 0.6012625 0.1157221 0.8255962 0.7122679 0.2814252 -0.1915340 0.5587004 -0.0429610 0.7290134 0.7287256 -0.2347552 0.2323014 0.6693606 0.4575039 0.8124198 0.8855880 0.1115406 -0.3853346 0.7889123 0.4125672 0.6904079 -0.3484528 0.2508107 0.8753979 0.8810765 0.7218612 -0.1873164 0.7624715 0.7456532 0.3949356 0.2393906 0.1867690 0.7594496 0.7837267 0.8750384 -0.1658031 0.4152347 0.5572743 0.5498786 0.2642324 0.7119946 0.5658036 0.3382256 0.6540299 0.6268908 0.3404432 0.7828973 0.6101020 0.6577176 0.7026028 0.5176396 0.8112811 0.8215276 0.6211877 0.8039509 0.6344943 0.5426449 0.5768331 0.4983955 0.0783260 0.0013071 -0.1247582 -0.2383975 -0.0028643 -0.0990247 -0.6114591 -0.1393798 -0.2444013 -0.1369799 -0.3946864 -0.0038627 -0.3767054 -0.3928393 -0.1945905 -0.1816039 0.0247385 -0.2228700 -0.3903217 -0.1808036 -0.1114901 -0.0152473 -0.5548069 -0.1576285 -0.1592247 -0.0546352 -0.0659020 -0.0126958 -0.3515250 -0.1003103 0.1449935 -0.1828161 -0.4301762 -0.1595676 -0.3529748 -0.4949314 -0.1733484 -0.3857372 0.1867546 -0.1561643 -0.4331235 0.0905543 0.3267057 0.0813302 0.1422605 0.0500552 -0.1634797 0.3474095 0.0337977 -0.0442559 0.0058229 -0.0603463 -0.3216802 -0.1492551 0.0374937 -0.1018701 0.0210453 -0.1852209 0.0541435 -0.1211494 0.0036603 -0.0027318 0.2698341 -0.0183637 0.1390041 -0.1701885 -0.2086286 -0.0487016 -0.1163568 -0.2273288 0.1791677 -0.1306711 0.0249676 -0.2434493 0.2929066 -0.1118718 -0.0271383 0.0131854 -0.4190568 -0.2398888 -0.1733919 0.1240468 -0.2651898 -0.1749297 0.1280158 0.0601111 -0.0438653 -0.1270951 -0.1595656 0.0003362 -0.0004739 0.1522968 -0.0326106 0.1842803 0.2867532 0.1893176 0.0229723 0.0820337 -0.0386404 -0.2380073 -0.1396391 0.3782576 -0.1944840 0.4772130 0.7001709 0.6977233 0.7430404 0.5343144 0.3786952 0.4622320 0.2827764 0.1841289 0.4044877 0.3279379 0.2589839 -0.1704655 -0.0006227 0.5651969 0.0919886 0.1523450 0.4161540 0.3157739 -0.0504851 0.4631737 0.2650328 0.2582275 0.1108551 0.2516240 0.2461130 0.1336192 0.0854717 0.2963392 0.0664862 0.4217944 0.3897328 -0.0291973 0.3309686
0.2669122 0.5955098 0.5012913 0.6578965 0.1877616 0.8032917 0.1155324 0.6755584 0.0000000 0.7340469 0.7965215 0.4831813 0.5719989 0.5189697 0.7697230 0.6759581 0.6145259 0.5469062 0.6357199 0.6900735 0.3250721 0.7708774 0.7045945 0.5585728 0.7646342 0.8069109 0.4397635 0.1120264 0.5596082 0.1151966 0.7218565 0.5729713 0.0663692 0.5027874 0.5552155 0.3319604 0.8055100 0.7471337 0.2412922 -0.2080565 0.7634566 0.3205088 0.7433920 -0.1417531 0.4896957 0.7271735 0.7257698 0.6756986 0.1006940 0.6159700 0.5870055 0.4151458 0.3700744 0.1759218 0.7529961 0.6301573 0.7012560 0.0252871 0.5211790 0.4094416 0.6067154 0.1568050 0.5382403 0.5112258 0.3418856 0.5102494 0.5191023 0.2906811 0.5300421 0.6022016 0.4209080 0.5357567 0.3612565 0.5595583 0.5929342 0.5276486 0.5371106 0.4068557 0.4911049 0.3652815 0.2117011 -0.0367313 0.1167487 0.1844411 -0.0890614 0.1068282 -0.1415531 -0.4489844 -0.1498144 -0.1147223 -0.3080313 -0.4667496 -0.2232219 -0.2407465 -0.2556933 -0.2180534 -0.3092756 -0.1040692 -0.0435980 -0.0997820 -0.0695910 -0.2119719 -0.1668617 -0.4470318 -0.3335327 -0.0868773 -0.1097975 -0.1232385 -0.1978891 -0.3777194 -0.0955246 -0.1965944 -0.0024256 -0.4366447 -0.1896248 -0.4209313 -0.5290813 -0.0272982 -0.3168715 0.0879907 -0.0932838 -0.3553865 -0.2563620 0.4656005 0.1137232 0.1540309 0.0458710 0.0207692 0.2571483 0.1644870 0.1059983 0.1057519 0.0674391 -0.3431196 -0.0477453 0.1041642 0.0592695 -0.0053478 0.0652009 -0.1863565 0.0184448 -0.0859466 0.0323932 0.1182883 0.0433741 0.1905019 -0.1157170 -0.1419730 0.0010624 -0.1510757 -0.2912011 0.0648625 -0.1192815 0.1368743 -0.2200952 0.1182076 -0.1614133 -0.0371466 -0.0242824 -0.4802546 -0.2298925 -0.1267772 -0.0715046 -0.3320310 -0.1552390 0.0395172 0.1350232 0.0891435 -0.0570027 -0.0824528 0.1279853 0.0703314 0.1309215 0.0934452 0.0762246 0.1489435 0.0439051 -0.1108073 0.0297814 -0.1098350 -0.2906061 -0.2581623 0.3000742 -0.2502763 0.5116302 0.6605773 0.6776341 0.5011371 0.3245064 0.2524839 0.2470285 0.1394249 0.1356170 0.3226336 0.2103011 0.1605760 -0.2884748 -0.0838202 0.2945232 0.0474165 0.0786622 0.4283194 0.0600236 -0.3004679 0.4191099 0.1389528 0.0793141 0.1447339 0.0654335 0.3054586 0.1202397 -0.2569858 0.2103848 0.0641317 0.2438898 0.1272078 -0.0594387 0.2847195
0.4081276 0.5826245 0.4349615 0.5829885 0.1543999 0.6470742 0.1015558 0.7429560 0.7340469 0.0000000 0.9333269 0.3012717 0.5927448 0.7250575 0.4094501 0.7251427 0.9155249 0.3520117 0.6929760 0.4891820 0.2053167 0.7029769 0.7348632 0.2676013 0.7235841 0.7089617 0.3284426 0.0153974 0.4406625 0.1348780 0.6014423 0.5048946 -0.0621152 0.3567174 0.4866483 0.2836456 0.6297148 0.6114693 0.3852955 -0.3207274 0.5854863 0.3531940 0.5097794 -0.2959554 0.4456942 0.6354580 0.5733738 0.4464631 -0.0909524 0.4525039 0.3928812 0.1412204 0.0876277 0.2027629 0.4832639 0.4463219 0.5805904 0.1011576 0.6816840 0.2832994 0.5279150 0.2272285 0.3421678 0.5269502 0.1355687 0.3667209 0.4881168 0.4412467 0.3693488 0.6985691 0.3632434 0.4031422 0.5103381 0.6213003 0.4948272 0.6476970 0.6597633 0.5098304 0.5880729 0.3833842 0.3614346 -0.0126205 0.0802235 0.0298404 -0.1217731 0.0480561 -0.0438240 -0.3920166 -0.1799460 -0.2068078 -0.1884649 -0.1922575 0.0366162 -0.1464194 -0.3728053 -0.0176587 -0.0821456 0.0996350 -0.0996836 -0.0186416 -0.0395814 -0.0691363 0.0062853 -0.3596760 -0.1209538 -0.0251700 0.0033861 0.0447801 -0.0313241 -0.1937573 -0.0605637 0.2129956 -0.0998403 -0.2881350 0.0305849 -0.3061760 -0.3399019 -0.0100459 -0.2611988 0.1446891 -0.1455386 -0.3453041 -0.2553432 0.2823976 0.0887211 0.0513911 0.0066383 -0.1873887 0.2295807 0.0603543 0.0525454 0.0333731 0.1132776 -0.2561039 -0.0706895 0.1152771 -0.0441598 0.0780038 0.0146867 0.0870160 0.0100952 -0.0037340 -0.0471854 0.2987653 -0.0060516 0.2889567 -0.0683836 -0.1020999 0.0207493 -0.0679158 -0.2261864 0.1495582 -0.0216866 0.0654676 -0.0887297 0.1258177 -0.0448896 0.0303739 0.0428665 -0.3392363 -0.1890839 -0.0463298 -0.0835851 -0.1492345 -0.0879400 0.0676542 0.0886166 0.0734597 0.0067536 0.0341205 0.0999242 0.0532296 0.1774476 0.0256976 0.1020768 0.1453417 0.0904866 0.0245955 0.0357746 -0.0474724 -0.1328096 -0.0689077 0.4392765 -0.0778311 0.6766927 0.5941135 0.7278567 0.4863090 0.2992467 0.1724851 0.3283529 0.0366837 0.1949007 0.2510157 0.2039778 0.1204317 -0.3133001 -0.1191593 0.2700566 -0.0124085 -0.0255688 0.3100958 0.0656479 -0.1626988 0.3582872 0.3415483 0.1456282 0.0027802 -0.0120382 0.2255443 -0.0241889 -0.0415779 0.2860117 0.0967708 0.2692516 0.2905952 -0.0636372 0.1823884
0.4125831 0.5464775 0.4168195 0.6132461 0.1359041 0.7127078 0.0472988 0.8258149 0.7965215 0.9333269 0.0000000 0.3620364 0.6944638 0.6518130 0.5361306 0.8650151 0.8019643 0.4805663 0.8280527 0.5184242 0.2449434 0.7953209 0.8478081 0.4095071 0.8188235 0.8521182 0.2851543 0.0820449 0.5368667 0.0380017 0.7208176 0.5350649 0.0379636 0.4456620 0.6693531 0.2973329 0.7890018 0.7176145 0.2919503 -0.2149133 0.6377455 0.3325910 0.7075398 -0.1868233 0.4019452 0.7818319 0.7423268 0.5130533 0.0136793 0.6219808 0.6294478 0.3671989 0.1610094 0.3000218 0.6302245 0.6211793 0.7175034 0.0501575 0.6706400 0.5112849 0.5103688 0.4399889 0.5866790 0.5555467 0.1705815 0.4347860 0.7146987 0.5739829 0.5620106 0.7461420 0.5223183 0.4979072 0.7027200 0.6902455 0.6444896 0.7327433 0.6972219 0.7057816 0.7182059 0.4221283 0.5688484 0.1273738 0.1457905 0.1421159 -0.0611821 0.1348203 0.0207492 -0.3727601 -0.1034586 -0.1293635 -0.1236490 -0.2640406 0.0439158 -0.1824080 -0.2819216 -0.0177327 -0.1023694 0.1364990 0.0384459 -0.0564247 0.0477169 0.0149279 0.0886162 -0.3037231 -0.1312284 0.0538360 0.0981696 0.1182975 0.0591815 -0.1543318 0.0305691 0.2526843 0.0440542 -0.2358411 0.1249089 -0.2199584 -0.3067452 0.1138803 -0.1501030 0.2722955 0.0147476 -0.2619453 -0.1695519 0.5041956 0.2782700 0.2281007 0.1622115 -0.0747815 0.3777151 0.1895752 0.1938158 0.1153541 0.1430181 -0.2199408 -0.0780699 0.1764540 0.0239887 0.2107527 0.0707543 0.0852564 0.0385664 0.0669225 0.0482563 0.2567489 0.0911872 0.2920146 -0.0564038 -0.1315836 0.0737813 -0.0337925 -0.1680853 0.2947706 -0.0089524 0.1500860 -0.1271425 0.2069762 -0.0016919 0.0758131 0.1252658 -0.3300157 -0.1559218 -0.0498322 -0.0045737 -0.1618471 -0.0784864 0.1473184 0.1578607 0.1475682 0.0184739 0.0297244 0.1616818 0.1019274 0.1929641 0.0571004 0.0896781 0.0707528 0.0113961 -0.1154069 -0.0640484 -0.1433890 -0.3088407 -0.1085268 0.4417886 -0.0939717 0.6967268 0.6284511 0.7486648 0.5386016 0.2902924 0.1339055 0.3437820 0.0415620 0.1189295 0.2492901 0.3111766 0.1632711 -0.2579634 -0.1520739 0.3231092 0.1400728 0.0500392 0.4757752 0.2842305 -0.1125012 0.3174905 0.4484372 0.1667088 0.0193054 0.0712066 0.2743306 0.2403496 -0.0559741 0.2196896 0.0138014 0.3032805 0.3852486 -0.0254429 0.2018201
0.3502455 0.4776870 0.6686526 0.4583945 0.3796926 0.4543141 0.4451416 0.5063486 0.4831813 0.3012717 0.3620364 0.0000000 0.5757950 0.3191800 0.4495948 0.3022980 0.1758085 0.3387154 0.4034500 0.4872525 0.8771930 0.4212929 0.2703247 0.2754434 0.4153232 0.4448619 0.0952600 0.0263141 0.8238102 0.1443551 0.3729044 0.3419669 -0.0164720 0.5311990 0.6205147 0.7060675 0.6062441 0.5757200 0.0778606 0.0257797 0.5647483 0.5388721 0.6060732 0.1475461 0.5267633 0.5101549 0.6588744 0.5443344 0.3231424 0.4923409 0.6928561 0.4918015 0.7546324 0.0112326 0.4609831 0.4422038 0.5376194 -0.3479937 0.0986018 0.5830148 0.6178431 0.1335985 0.2997350 0.5296738 0.7238693 0.2335061 0.4359968 -0.0484907 0.3222366 0.1453037 0.2170290 0.7485609 0.1294148 0.6253313 0.3066633 0.2268253 0.5267157 0.1847359 0.2016540 0.6688089 0.1716217 0.1119544 -0.0111851 -0.0140057 -0.0648347 -0.1831864 -0.4953933 -0.2515104 -0.4034531 -0.2171712 -0.4544894 -0.5059291 -0.1251738 -0.2882870 -0.4437394 -0.5672569 -0.2918104 -0.2024631 -0.5577489 -0.3995332 -0.4951355 -0.3589325 -0.1354762 -0.3123159 -0.5056603 -0.6235496 -0.2970158 -0.1820409 -0.4322955 -0.4192490 -0.5216156 -0.2496351 0.0823214 -0.4113817 -0.2216139 -0.2957574 -0.5305894 -0.1258997 -0.3740786 0.1776370 -0.2464263 -0.4506629 -0.1089958 0.2064314 0.0334084 0.1053290 -0.2842310 -0.3016048 0.4196530 -0.1621501 -0.1616646 -0.3857578 -0.3592001 -0.5668791 -0.3838597 -0.3092618 -0.1938468 -0.0391752 -0.3062675 0.0285649 -0.3286849 -0.1323303 -0.2211814 0.2395358 -0.1405523 -0.0800243 -0.2965087 -0.2149761 -0.2350805 -0.2802865 -0.2546647 -0.1467422 -0.2475291 -0.2610251 -0.3920240 -0.0461877 -0.3828077 -0.1608037 -0.1720311 -0.4957707 -0.4280779 -0.2290516 -0.2646709 -0.5298131 -0.3583909 -0.2415403 -0.2969818 -0.1987833 -0.1373562 -0.2292217 -0.1992424 -0.1369404 0.0819886 0.1282613 0.1668352 0.6012479 0.5403843 0.1300912 0.3022577 0.0429806 -0.2746850 -0.2549393 0.1493043 -0.3933148 0.1051300 0.5879699 0.3650866 0.6284210 0.6262533 0.5848929 0.5531515 0.6779030 0.3217898 0.6126316 0.4915224 0.6754690 0.0119551 0.4626744 0.7150239 -0.0037103 0.1494305 0.3147420 0.3813522 0.2849407 0.3195930 -0.0420835 0.0899985 0.2513005 0.1329116 0.4706865 0.2899364 0.3004797 0.1575248 0.1841332 0.4872440 -0.0090021 -0.1920978 -0.0609543
0.6850763 0.4267391 0.7753217 0.6424645 0.4302393 0.4861046 0.3547427 0.9089400 0.5719989 0.5927448 0.6944638 0.5757950 0.0000000 0.2817366 0.4682363 0.4945370 0.3764756 0.2215068 0.6674368 0.7243489 0.4141994 0.8229619 0.5480756 -0.0052671 0.6723640 0.5315000 0.1279586 -0.3438626 0.5346946 -0.2052163 0.6456250 0.6519089 -0.3884404 0.0912170 0.6277184 0.3651392 0.7659371 0.8215205 -0.0657667 -0.4286131 0.7174753 0.2940826 0.6087612 -0.4059640 0.2913719 0.7257878 0.7572203 0.7018906 -0.2840042 0.6080550 0.6844136 0.3590502 0.2317691 0.0768221 0.7088292 0.6462212 0.7899918 -0.2368137 0.2715623 0.5120700 0.4637248 0.2306094 0.6390335 0.5198399 0.3536920 0.5930948 0.5776898 0.2869544 0.6724188 0.4581510 0.5836991 0.6014045 0.4650295 0.7465222 0.6883573 0.5159619 0.6746490 0.5339665 0.4193155 0.5347323 0.4616456 0.0232576 -0.1491992 -0.2209928 -0.3832241 -0.2207752 -0.3386774 -0.5639139 -0.3736288 -0.4113809 -0.2932031 -0.4824157 -0.1310856 -0.4014616 -0.5301470 -0.3452062 -0.2196121 -0.1214050 -0.3500187 -0.3440036 -0.3411501 -0.2456966 -0.2081425 -0.5005978 -0.2502887 -0.3066550 -0.2607259 -0.2098424 -0.1505037 -0.4531217 -0.1957310 -0.0498780 -0.1214344 -0.3872629 -0.1929778 -0.3626692 -0.4502909 -0.1988115 -0.3317891 0.0907355 -0.1333181 -0.3619607 0.0342992 0.2872610 0.1155080 0.0908444 -0.0199568 -0.2183586 0.3033916 -0.0340444 -0.0345447 -0.1428394 -0.1448090 -0.3346714 -0.1464759 -0.0521451 -0.1546776 -0.0201123 -0.2185480 -0.1031785 -0.1200164 -0.0936017 -0.0475159 0.2427594 -0.0616038 -0.0180279 -0.2009049 -0.1926073 -0.0676293 -0.1879515 -0.1971062 0.2561092 -0.1701232 -0.0125682 -0.1924152 0.3200754 -0.1267970 -0.0221699 -0.0336782 -0.4544671 -0.2441530 -0.2103665 0.1117878 -0.2975411 -0.1972131 0.1632235 0.0062346 -0.0750007 -0.1451364 -0.2146488 -0.0046090 -0.0453342 0.1512362 -0.0818564 0.1376074 0.2457653 0.2227321 0.0375513 -0.0045944 -0.2003811 -0.3011127 -0.2798748 0.2555647 -0.2388605 0.3853221 0.6784667 0.6312608 0.6973552 0.4527422 0.2890047 0.3056781 0.3053867 0.3103745 0.3016203 0.2642584 0.2359539 -0.3083565 0.1227760 0.5556824 0.0122193 0.0449907 0.4985269 0.3475775 0.0116824 0.3496544 0.2308052 0.0873627 0.1061686 0.1596016 0.3677560 0.1709151 0.0470503 0.2620236 0.0709270 0.3349269 0.4500665 -0.0104995 0.1351729
0.0302301 0.3838054 0.2493818 0.5119504 -0.0111420 0.4529861 0.1769366 0.4687608 0.5189697 0.7250575 0.6518130 0.3191800 0.2817366 0.0000000 0.2900720 0.7032435 0.8147393 0.5456048 0.6071340 0.0805587 0.2476297 0.4735910 0.3230492 0.5634441 0.4915325 0.5552934 0.3338675 0.5493776 0.3907299 0.6226237 0.3591617 0.2075361 0.3898394 0.6541857 0.1599707 0.3213744 0.3560344 0.3665185 0.3543395 -0.2003012 0.2457954 0.2862878 0.2135370 0.0577373 0.4154612 0.4906282 0.4075212 0.1116361 0.1771061 0.4609381 0.2152465 -0.0841296 0.2540303 -0.1513555 0.2194084 0.2801001 0.2814354 -0.2483154 0.6348658 0.0491817 0.5457878 0.0225982 0.1459513 0.1882269 0.1681241 0.0635810 0.2606671 0.2077518 0.1571142 0.5198707 0.1070419 0.3616153 0.3641357 0.4427932 0.2710329 0.5717043 0.5255471 0.3733862 0.4675356 0.2652983 0.0736277 0.2667290 0.3630515 0.3021303 0.3050267 0.3958824 0.1780383 -0.0823955 0.1097422 0.1292947 0.0147961 -0.0428189 0.0909102 0.0400364 -0.0149902 0.0883999 0.0245452 0.1868075 0.0942443 0.0241929 0.1679516 0.1339600 0.2895151 -0.1347550 -0.0175724 0.0711905 0.2859273 0.2797152 -0.0321300 0.1375736 0.0106749 0.2576957 -0.0583489 -0.1137213 0.1276694 -0.0775077 -0.1824548 0.0343839 -0.1343873 0.0694844 -0.1279540 -0.2298615 -0.3444179 0.2201302 -0.0421176 -0.0886833 0.0357078 -0.2660570 0.0804441 0.0484438 0.0339549 -0.0553563 0.2231894 -0.4228691 -0.2363013 0.0714164 -0.0510714 0.0912432 0.0453403 0.0049561 -0.0567536 -0.0273000 -0.2200796 0.2218979 -0.1039876 0.3433862 -0.0414134 -0.0545333 -0.1597278 -0.0924410 -0.2340257 -0.1050294 0.0118822 -0.0287435 -0.1262031 -0.2072465 -0.1513866 -0.0067696 -0.0827101 -0.2790858 -0.1763067 -0.0440325 -0.1967425 -0.1997708 -0.1165578 -0.1025197 -0.0530602 -0.1146290 -0.0516388 0.0327780 0.0010012 -0.0617807 0.0529094 0.0146771 0.0260609 0.2189889 0.1641631 0.1217606 0.1685188 0.1041615 0.0307729 0.0103625 0.3709276 -0.1709238 0.5342840 0.3020203 0.5223979 0.3766999 0.3306647 0.2904294 0.2291710 -0.0302965 -0.0084331 0.2463837 0.0895806 0.0894248 -0.1108069 -0.1723408 0.0680224 -0.2129499 -0.1449487 0.1506593 -0.0845723 -0.1099306 0.1702556 -0.0037989 0.0348231 -0.0007109 -0.2374229 -0.0329006 -0.1226247 0.0447897 0.0930805 0.0377184 0.2077134 -0.0897013 -0.4456217 0.0205672
0.1970335 0.4499613 0.3288923 0.4556855 -0.0054764 0.5749057 0.0615510 0.4465335 0.7697230 0.4094501 0.5361306 0.4495948 0.4682363 0.2900720 0.0000000 0.4839596 0.2417772 0.6784184 0.4532431 0.5248264 0.3951980 0.6136707 0.4876443 0.5694812 0.6711896 0.5918720 0.5621336 0.1962912 0.6532802 0.1143687 0.6184262 0.5440274 0.1604950 0.4768820 0.4582694 0.3929700 0.6989073 0.6277682 0.1233479 0.0393843 0.5852438 0.4058876 0.6358696 0.0492973 0.5775133 0.6173983 0.5644952 0.5666948 0.2004286 0.5966669 0.5500776 0.4968059 0.5412507 -0.0058698 0.6902507 0.6008093 0.6007081 -0.1684885 0.4382167 0.4525552 0.6300373 0.0365666 0.5315189 0.3614220 0.5318173 0.4727909 0.4819123 0.0149603 0.4526195 0.3259678 0.2887221 0.4628313 0.1971189 0.4002652 0.3999911 0.3500008 0.3505000 0.2504461 0.4050403 0.3354155 0.1595745 -0.0250457 0.0486859 0.1879622 -0.1467941 -0.0949102 -0.1659090 -0.2560330 -0.1694817 -0.1390034 -0.2857164 -0.4424925 -0.3184117 -0.3173669 -0.0532581 -0.1675057 -0.3075379 -0.2841546 0.0669527 -0.0969377 -0.0546953 -0.3595783 -0.2978415 -0.3780137 -0.4635825 -0.0453078 -0.2924497 -0.2068291 -0.3245796 -0.3561876 -0.1551309 -0.3870682 -0.1371785 -0.5034977 -0.2530850 -0.4412311 -0.4827399 -0.1256467 -0.3166350 -0.0773485 -0.1467388 -0.3508695 -0.2094262 0.3134328 0.0192983 0.0501986 -0.0537759 0.0039107 0.0903304 -0.0283849 -0.0524547 -0.0449842 -0.0505791 -0.4014676 -0.1857420 -0.0882813 -0.1224015 -0.1917409 -0.2077120 -0.4102916 -0.1926312 -0.3551736 -0.2205203 0.2052746 -0.2185037 -0.1734706 -0.3113038 -0.3457455 -0.1301906 -0.4290468 -0.4055056 -0.0841681 -0.2871562 -0.0593094 -0.2688125 0.0339084 -0.3470410 -0.1921823 -0.2428345 -0.5475697 -0.2118342 -0.3279718 -0.3194153 -0.4769122 -0.2290347 -0.1209158 -0.1381069 -0.0929991 -0.2493479 -0.2743505 0.0014685 -0.0733686 0.2500342 0.2821189 0.1443422 0.1454736 0.0086688 -0.2034407 0.0678356 -0.0548381 -0.4628226 -0.4029349 0.2489871 -0.3817029 0.4277798 0.6353428 0.6787558 0.4004549 0.3255772 0.3072005 0.1394703 0.2050549 -0.0901535 0.3973219 0.1838801 0.2531737 -0.3508883 -0.0705746 0.3365691 -0.0992127 0.2488123 0.6950778 0.2599192 -0.0834998 0.3752000 0.1056508 -0.2414197 0.4749939 0.2077376 0.5107026 0.3525186 -0.2484629 0.0922083 0.3095644 0.3497945 0.3138031 -0.1254059 0.1940813
0.1176259 0.3418087 0.1498647 0.4598966 -0.0530053 0.5512311 0.0110803 0.6147181 0.6759581 0.7251427 0.8650151 0.3022980 0.4945370 0.7032435 0.4839596 0.0000000 0.6967893 0.6572170 0.8149297 0.2540790 0.1173190 0.6719476 0.7994169 0.6678915 0.6091333 0.8074868 0.1682676 0.4016953 0.4826602 0.1624437 0.6158325 0.1871892 0.3423137 0.6146499 0.5586205 0.1258520 0.6427611 0.5163928 0.1126094 -0.0492558 0.3670089 0.1369762 0.6022215 0.0909571 0.4051013 0.6260425 0.6029566 0.2602668 0.2514970 0.5897606 0.5642614 0.3158791 0.2286636 0.2813391 0.4467937 0.4500859 0.4589443 -0.0946102 0.6105893 0.4527858 0.3898184 0.5910930 0.5204093 0.3526226 0.1299117 0.1138252 0.7435712 0.6489263 0.4040044 0.6291723 0.3544395 0.4177755 0.8030461 0.5754323 0.4590863 0.7122455 0.5115367 0.7386742 0.6614751 0.2315260 0.5364540 0.4022587 0.4096741 0.3705099 0.2815285 0.4415856 0.2161362 -0.0170388 0.1018607 0.2060429 0.0676171 -0.0995686 0.1079397 0.0920004 0.0354802 0.0697990 0.0699654 0.1932775 0.3422618 0.1752788 0.3466758 0.2612930 0.3383838 0.0779987 -0.0141685 0.2345682 0.3927882 0.3228752 0.1882793 0.0840030 0.2360166 0.3231049 0.3305169 0.0602392 0.3461769 0.0967006 -0.0296535 0.3166042 0.1474943 0.3511084 0.2654966 0.0199986 -0.2016646 0.6691081 0.4313322 0.2520822 0.3642777 0.0860209 0.3461571 0.3673220 0.3933379 0.1455317 0.3178803 -0.1247637 -0.1489093 0.3190208 0.1559496 0.3891595 0.2430375 0.0749632 0.1802389 0.1776052 0.0998117 0.1851498 0.2043288 0.4700072 0.1142867 0.0151021 0.0906860 0.0732084 0.0294096 0.4263120 0.1562601 0.3001129 0.0118370 0.1431082 0.1140687 0.2344174 0.2006850 -0.1431201 0.0429236 0.0747028 0.0776204 -0.0362316 0.0523401 0.2586623 0.2655314 0.2355133 0.1134356 0.1477956 0.2808309 0.1702145 0.0393262 -0.0432260 -0.1099869 -0.0838967 -0.0852386 -0.1671492 -0.1728095 -0.2027238 -0.3132745 -0.0769550 0.3083431 -0.0873950 0.6083547 0.4437784 0.5531032 0.4074510 0.1358768 -0.0160319 0.1795885 -0.1181563 -0.0462108 0.0845621 0.2421684 0.0979319 -0.1185829 -0.2039305 0.0857121 0.1254510 -0.0492263 0.3951285 0.3187877 0.0028337 0.1305857 0.3740817 0.1145121 -0.0257351 -0.0861720 0.0965515 0.4051449 -0.0566871 0.0490919 -0.1061590 0.2185506 0.2741723 -0.2367610 0.0124038
0.3348734 0.5578937 0.2841086 0.4548331 0.0812657 0.5555343 0.2529811 0.5708105 0.6145259 0.9155249 0.8019643 0.1758085 0.3764756 0.8147393 0.2417772 0.6967893 0.0000000 0.2892153 0.5219708 0.2729167 0.0515403 0.5283665 0.5882540 0.2708994 0.5059477 0.6126898 0.3895907 0.1245749 0.2249448 0.3763739 0.3926436 0.2914624 -0.0079752 0.3091329 0.2730472 0.1983990 0.4806329 0.3627094 0.4677213 -0.3747496 0.3559549 0.2433768 0.3177677 -0.3002792 0.3105461 0.4344650 0.4013948 0.2040012 -0.1106413 0.2720999 0.1928020 -0.0282670 -0.0437176 0.1759517 0.2470791 0.2058435 0.3595212 0.1436681 0.7521666 0.0875663 0.4579598 0.1810967 0.0886181 0.3831669 -0.0257059 0.1617662 0.3311328 0.4879046 0.1175354 0.7197998 0.1889984 0.2462383 0.4620477 0.5270523 0.3291460 0.6821495 0.6199847 0.4479996 0.5536002 0.3484854 0.1990383 0.1018687 0.3035214 0.1589554 0.0674363 0.2917340 0.1252595 -0.2459693 0.0530683 0.0575980 0.0058720 0.1014324 0.1743575 0.0218205 -0.1779988 0.1502727 0.1678469 0.2245359 0.0732954 0.0563572 0.1189826 0.1209980 0.2060275 -0.2748871 0.1112906 0.0744102 0.1739212 0.1731117 0.1136204 -0.0296559 0.1360082 0.3405939 -0.0733846 -0.1436598 0.0986179 -0.2052631 -0.2118579 0.0263348 -0.1618130 0.1608025 -0.0522641 -0.2140513 -0.1653764 0.2786011 0.1139966 0.0555917 0.1171795 -0.0781899 0.1495518 0.2308320 0.1703295 0.1298206 0.3434572 -0.1188271 0.0357907 0.3284380 0.1561757 0.1785768 0.1930027 0.1526161 0.2084596 0.1694763 0.0365028 0.3246162 0.1542739 0.5332076 0.1829858 0.1424336 0.1082546 0.1320492 -0.0550751 0.2051956 0.1920264 0.2248898 0.0891208 0.1426097 0.1077714 0.2249686 0.1871838 -0.1356029 -0.0380260 0.1411049 0.0378112 0.0488988 0.0689255 0.2216490 0.2599393 0.1881134 0.1954237 0.1946074 0.2091766 0.1721806 0.2136626 0.0650233 0.1844743 0.2163058 0.1321224 0.1580067 0.0989046 0.0520907 0.1236290 0.1689701 0.5096275 0.1084745 0.6930463 0.4119970 0.5405288 0.4081792 0.2705883 0.1733410 0.2211980 -0.0184165 0.1771883 0.1261760 0.1177915 -0.0341481 -0.1245475 -0.1223228 0.1304672 0.0004288 -0.1297401 0.1317358 0.0045949 -0.1028390 0.2794780 0.3178389 0.1908787 -0.1146841 -0.1827888 0.0142254 -0.1369214 0.0750162 0.2271059 0.0792297 0.2212305 0.0760595 -0.1654900 0.1496710
