0.0000000 0.6349452 0.6604300 0.5891341 0.6422591 0.4895135 0.5484020 0.0651060 0.3127240 -0.3027178 -0.1153091 0.2997005 -0.1455784 -0.2753438 -0.0047060 0.0422040 -0.3288564 -0.1359025 -0.1611084 -0.0972003 0.3444958 0.0115337 -0.1337837 0.0105035 0.0014253 -0.0744050 -0.2994364 -0.0331386 0.1595034 0.0764644 -0.1123168 -0.1069585 -0.0048877 0.1016874 -0.0302663 0.3677145 -0.0074718 -0.0602432 -0.1207423 -0.1080559 0.1953210 0.3083974 -0.2630979 -0.3112123 -0.1088345 -0.0930184 -0.1772100 0.0935787 -0.2042701 -0.0280484 -0.0669351 -0.2908364 0.0925264 -0.2400018 0.0512213 -0.0497357 -0.0915759 0.0495030 0.0768175 -0.1165373 -0.2831868 -0.2802506 0.0618705 -0.0193045 -0.0689318 -0.1617478 -0.1158166 -0.2196226 0.0044270 0.0017468 -0.0981900 0.0393399 -0.1982075 0.1327250 -0.0080959 -0.1529549 0.0593853 0.0181290 -0.0050564 0.0023165 0.1918501 -0.1831350 0.0112022 -0.1243382 0.0966301 0.0482640 0.5170639 -0.2038951 0.0627096 -0.1835213 0.2223838 -0.0054267 0.3068627 -0.3400787 0.0468746 0.0759314 0.1124149 0.4453213 -0.1458124 0.4841863 -0.0310157 0.3242687 0.0615510 0.0703951 0.2735941 0.0706861 0.2660429 0.1670532 0.1394488 0.0030119 -0.1402728 0.6577418 0.1403275 0.2866508 0.5784983 0.2734428 0.3826357 0.4256226 0.2819843 0.5277121 0.4078540 0.4446632 0.3226655 0.1278379 0.5344286 0.5308508 0.3515066 0.0581595 0.5557183 0.3722765 0.4385939 0.1204138 0.3869458 0.1254775 0.4056015 0.2596890 0.5809748 0.5045762 0.5671348 0.3226093 0.5369812 0.3705371 0.2403088 0.3703765 0.5225043 0.5588726 0.5860801 0.6407444 0.3959114 0.6026990 0.4093920 0.5331059 0.4954807 0.3660704 0.4203633 0.1939192 0.2056264 0.4639969 0.3833942 0.1661155 0.1647604 0.4374210 0.2985695 0.1269736 0.2519539 0.3959388 0.4408333 0.3296645 0.3354144 0.0739869 0.2235848 0.4486034 0.1684453 0.4017757 0.6452483 0.5228546 0.6016736 0.4196202 0.6978529 0.7406515 0.4800729 0.6901448 0.5354274 0.6319880 0.2825134 0.2214725 0.1658865 0.2257707 0.3847674 0.4413887 0.4499818 0.2432714 0.0592476 0.5788730 0.5431844 0.5671954 0.3061260 0.1586197 0.1942891 0.6010680 0.2869614 0.1497594 0.4842404 0.2960251 0.2072706 0.3714078 0.4603077 -0.0041796 0.5152005 0.2838491 0.4558243 0.3242703 0.1754589 -0.0268518 0.2750257 0.3007294 0.4309406 0.0543938
0.6349452 0.0000000 0.5751198 0.6922577 0.4199211 0.7597975 0.7513243 -0.2746719 0.6618147 -0.2586228 -0.2855026 0.6749484 -0.2420162 0.1741196 0.2081077 -0.3622305 -0.0280504 0.2039670 -0.4386073 -0.2621419 0.6384755 0.0442245 -0.3859093 0.3650405 -0.3417043 -0.4193614 -0.0425891 0.3870583 0.5758931 0.3383297 -0.2919781 -0.3859263 0.4354675 0.4788106 -0.3409550 0.6917267 -0.3017946 -0.4360782 -0.0092390 -0.2280380 -0.0921391 0.6626385 -0.3557326 0.1202533 0.4633739 -0.4073586 -0.3826532 -0.2359397 0.2823623 -0.3162158 -0.2405853 -0.3287911 0.4210887 0.0505260 -0.2010930 -0.3161923 -0.3602899 0.0852214 -0.0181181 -0.2561140 0.0396210 -0.1756168 -0.1060208 0.0173829 0.2746798 -0.2841157 -0.3895983 -0.1161719 -0.2496029 0.0736364 -0.2914667 0.3675942 -0.2691638 0.1873656 -0.1615764 -0.0326974 0.2902127 -0.1167228 -0.1265568 -0.0341032 -0.2640636 -0.4021952 -0.0746192 0.2215858 0.4366725 0.1962325 0.0002296 -0.2574476 0.0903010 0.3321661 0.0032792 -0.0756124 0.3416642 -0.3736380 0.0407170 0.2350293 0.2077826 0.4174835 -0.1346916 0.5213202 0.2872961 0.3105987 0.2622622 -0.1541534 0.3319006 0.1681727 0.3820189 0.4292338 0.4871854 0.1032829 0.1638777 0.4781198 0.3796260 0.3730469 0.4307576 0.3237013 0.3420451 0.3819921 0.2719385 0.4864928 0.4747945 0.5538037 -0.0993740 0.1845117 0.5257628 0.4847108 0.4608597 -0.1305898 0.5012801 0.5878796 0.5955970 -0.1089983 0.4956520 0.0168734 0.1499600 0.0399228 0.6386755 0.5954350 0.5532965 0.0218823 0.3630460 0.2411710 -0.1948318 -0.0909181 0.6525443 0.6352186 0.7038043 0.7145909 -0.0039406 0.4150221 -0.1655828 0.3147185 0.5858943 0.1247628 0.5944557 0.0442482 0.2323024 0.5630944 0.0587086 -0.2814062 0.3014218 0.1200067 0.1496652 -0.0439702 0.2887920 0.3782699 0.2926186 0.0387415 0.3669931 -0.1256378 -0.0168339 0.2210146 -0.3364050 0.1830293 0.7272486 0.5782792 0.5941854 0.2435816 0.6254621 0.5001420 0.0516204 0.5637110 0.3987082 0.4255689 0.1152127 0.2084649 0.0125395 -0.0453412 0.4039678 0.4000302 0.2921740 0.3654309 -0.0156012 0.2130087 0.3178044 0.2322315 0.1658614 -0.0508746 -0.1959685 0.3866668 0.1340543 -0.1672983 0.1341448 -0.0413035 0.2518666 -0.0592781 0.2421535 0.1261679 0.3918681 -0.0374307 0.1929696 0.2690958 0.2094157 -0.0758817 0.1937713 0.2076744 0.4339688 0.3108365
0.6604300 0.5751198 0.0000000 0.6429164 0.5751114 0.2952386 0.4740460 0.3059729 0.4903277 -0.1672632 0.0863676 0.4285148 0.3769402 -0.1048715 0.3668473 0.1246277 -0.1051314 0.0725324 0.0118752 0.1344962 0.5188703 0.2021876 -0.1264002 0.0262961 -0.0704632 0.0281190 -0.2755435 0.0471220 0.2911138 0.2379003 0.1519062 0.1142887 0.0593567 0.1418370 -0.0486001 0.4930187 0.1441518 0.2791624 -0.0254611 0.0721475 0.4018553 0.4832158 -0.2897692 -0.1643808 0.2772899 0.1693324 0.0735646 0.4133663 -0.0652979 0.3606319 0.0943259 -0.3018748 0.2667823 -0.2473403 0.3862018 0.2660471 0.1322139 -0.0745591 0.3466585 0.0184849 0.2283906 -0.0227102 0.3072159 0.3388602 0.3891521 -0.0111286 0.1262311 0.0766279 0.2514657 0.1431011 0.0956011 0.3636229 0.2353356 0.5719512 0.1448746 0.3313929 0.4930967 0.3129710 0.5552400 0.5383029 0.3224510 0.0671773 0.4135375 0.1824034 -0.0082220 0.1209221 0.3657740 -0.1206190 -0.0273038 0.0362221 0.0021141 0.1536459 0.3169324 -0.1843320 -0.0114572 0.3157229 0.3170579 0.2938850 -0.1723351 0.3083703 0.3191651 0.0996422 0.0568570 0.1499481 0.2332172 0.3115427 0.1025597 0.3206042 0.1503707 -0.1416627 -0.1121040 0.3443780 0.2283441 0.2070794 0.3000419 0.2344701 0.3764019 0.2934066 0.3736394 0.4813334 0.5395185 0.5354606 0.3972356 0.3953739 0.4101417 0.3065235 0.6032319 0.3393430 0.3730317 0.6180481 0.5635922 0.2917448 0.7058294 0.4343192 0.4556628 0.4400732 0.7784173 0.5014095 0.7050209 0.1876971 0.5592309 0.3928219 0.3068610 0.2697580 0.6745555 0.6334233 0.7543037 0.7172743 0.4401347 0.7545384 0.3210910 0.5331574 0.6857811 0.5866377 0.5139233 0.3875644 0.5506606 0.6695489 0.6560129 0.2270975 0.4898938 0.5706665 0.5286761 0.4358290 0.5853404 0.5259992 0.7176149 0.4543160 0.3200160 0.4595934 0.4562032 0.4945842 -0.1035780 0.5150704 0.4118829 0.4133293 0.5782548 0.2622514 0.6898928 0.5152797 0.2284995 0.6345550 0.4678404 0.4806428 0.4749542 0.6682792 0.5310067 0.6059634 0.8079442 0.6751166 0.1441140 0.5828609 0.0046662 0.2369708 0.2109971 0.2065163 0.0301720 0.0811985 0.4041234 0.3386294 0.4431215 0.0838463 0.6131256 0.3034648 0.3323429 0.4370713 0.0637783 0.1901131 0.7426064 0.3990377 0.4156093 0.2009945 0.4042220 0.2194325 0.2165283 0.2477586 0.3940966 -0.0201534
0.5891341 0.6922577 0.6429164 0.0000000 0.4788231 0.6507884 0.4315463 0.2583868 0.4258513 -0.1806963 0.1300852 0.3299413 0.1270984 -0.0444352 0.1366543 0.1534436 -0.0734635 -0.0647895 -0.0643074 0.1343251 0.3415214 0.3388457 -0.1573127 0.1004439 -0.0357831 0.0213589 -0.2758620 0.0891045 0.4107206 0.0940078 -0.0134212 0.0036249 0.1949610 0.3157168 0.0848120 0.5026230 0.1802003 -0.0068533 -0.0573254 -0.3501320 0.2391685 0.5020425 -0.1453197 0.0299213 0.3983424 0.0308147 0.0763884 0.1692837 0.2498148 0.1520468 0.1593396 -0.0356059 0.5427663 0.1029475 0.2398086 0.1425360 0.1305343 0.2783611 0.0914177 0.1996244 0.1486752 0.1084004 0.2878602 0.4695435 0.3638246 0.1154191 0.0310579 0.1249768 0.1998047 0.4488865 0.1232513 0.6909453 0.0187235 0.5111760 0.2693026 0.2576433 0.5022172 0.2604568 0.1293313 0.2089468 0.0090930 -0.1934988 0.0957397 0.1102997 0.2771024 0.2259340 0.1654026 -0.1638659 0.3465292 0.3189362 0.2710546 0.1868917 0.4088310 -0.1729025 0.2281394 0.4211589 0.4444489 0.2924580 0.0258398 0.4014008 0.1861431 0.2208305 0.0929522 -0.0671779 0.6234837 0.3775522 0.3232824 0.2661340 0.6095741 0.0425123 0.3727001 0.4069308 0.1433618 0.1635973 0.2240493 0.0465388 0.1321971 0.2134282 0.0526171 0.3800600 0.2745904 0.3131995 0.1629016 0.1145995 0.3868059 0.4010558 0.5509245 -0.0323504 0.4985060 0.6961540 0.6500594 0.1788287 0.6092831 0.2585333 0.5865474 0.1740430 0.7196900 0.5547009 0.6283353 0.2203852 0.5183434 0.6010257 0.2260673 0.1617163 0.7144343 0.4848088 0.7239678 0.6434808 0.4500661 0.6691752 0.1511375 0.4543154 0.5754596 0.3562000 0.3677017 0.0214185 0.3271489 0.4776666 0.4084091 -0.1877586 0.1694441 0.2847793 0.0820872 0.1796329 0.3272398 0.3254359 0.4914128 0.4612761 0.3468551 -0.0197383 0.2917699 0.4815215 -0.1571896 0.3378280 0.3790531 0.2963648 0.2930694 -0.1327336 0.3986825 0.3110902 -0.0885569 0.4314229 0.2309877 0.3281578 0.3074385 0.3213466 0.2559129 0.1291523 0.4664376 0.3852790 0.4115952 0.2849648 -0.2081934 0.1102861 0.2692498 0.0951999 0.0911327 -0.2157226 -0.0623863 0.3828851 0.4560680 0.0528135 0.3758889 0.1235116 0.2303966 0.0800694 0.2928407 0.2545758 0.7066780 0.2373963 0.3795733 0.0948732 0.2647064 0.0226862 0.2697567 0.3994069 0.5981906 0.2088541
0.6422591 0.4199211 0.5751114 0.4788231 0.0000000 0.1318073 0.1424576 0.1427632 0.0558923 -0.5722773 0.0140185 0.0240183 0.2431544 -0.2013381 -0.1168742 0.2266503 -0.3538400 -0.3485665 0.0426479 0.1814990 0.0985409 0.2608213 -0.2375412 -0.0621906 0.0737994 0.1530632 -0.5399031 -0.0352584 0.0222847 0.1039412 0.3335825 0.2575985 0.0454497 0.0627674 0.0944364 0.0709601 0.2859804 0.2687713 -0.1925669 -0.1465760 0.4140184 0.1749481 -0.4947651 -0.3471626 -0.0279382 0.2077674 0.1740976 0.3028066 -0.1155987 0.2496273 0.1444149 -0.2771235 0.2605832 -0.1837308 0.0905393 0.1327559 0.1868697 0.0435175 0.4387334 0.0491067 0.1371799 0.0514139 -0.0427202 0.1439003 0.1455441 -0.0668591 0.2534101 0.1832154 0.1687526 0.1617472 0.2333694 0.2480372 0.3280472 0.4659000 0.2600088 0.2894543 0.3769089 0.3669521 0.3906593 0.3722470 0.1625567 -0.2360611 -0.1058461 -0.4925383 -0.2690727 -0.1274689 0.4938256 -0.5660444 -0.1253751 -0.2302429 0.0209182 -0.0463008 0.2406613 -0.5637186 -0.1511587 0.2126139 0.2910725 0.3761177 -0.2418060 0.2535468 -0.0263504 0.2519504 0.0655430 0.0119926 0.1859842 0.0269973 0.0792178 0.1075440 0.0144370 -0.2762480 -0.1711244 0.2613658 0.0381006 0.0830510 0.2413363 0.1195116 0.1477443 0.1622711 0.0884141 0.1338793 0.1709197 0.1961929 0.1902570 -0.0533648 0.1692492 0.1224460 0.2226678 0.0292756 0.1646421 0.2443832 0.3006267 0.1073594 0.2080224 0.0402269 0.4453670 0.1754582 0.3732852 0.2875357 0.3563397 -0.1246136 0.2765764 0.0822136 0.2457768 0.0123470 0.2980321 0.3957674 0.4487349 0.4300164 0.2511147 0.5564099 0.2447651 0.1309340 0.3888419 0.1877945 0.2826957 0.2175956 0.3399821 0.1944396 0.2475986 0.1693780 0.0483351 0.3450850 0.2928583 0.2473276 0.1014637 0.1913443 0.2771241 0.1656466 0.1470428 0.1110937 -0.1178988 -0.0292103 -0.2372013 0.1682929 0.1197539 0.1741784 0.1203960 -0.1064204 0.2379555 0.3123564 0.0851552 0.2431564 0.3127018 0.2339974 0.5403975 0.4816432 0.4524164 0.3797405 0.5474597 0.2707299 -0.0644450 0.2910181 -0.1939608 -0.0230933 -0.0072976 -0.0100322 -0.3304787 -0.1983495 0.0897468 0.0729411 0.0784196 -0.0260616 0.3358131 0.0605368 0.1761024 0.2436804 0.0234086 -0.0965404 0.3516844 0.2032731 0.3198024 -0.2152655 0.2134228 -0.1786321 -0.0214680 0.3119177 0.2584349 -0.1210581
0.4895135 0.7597975 0.2952386 0.6507884 0.1318073 0.0000000 0.7559151 -0.2786755 0.6340074 0.0191334 -0.1359245 0.6333252 -0.5044946 0.1292853 -0.0517749 -0.2743603 0.0713117 0.1103565 -0.5279388 -0.2335725 0.4701492 -0.2788510 -0.0963704 0.2969917 -0.4147310 -0.3789177 0.2099189 0.2555844 0.4897217 0.1014925 -0.4508482 -0.5193026 0.3159062 0.4085439 -0.1392762 0.6131525 -0.3660089 -0.5595436 0.3224338 0.0249021 -0.2952553 0.5412579 0.0250683 0.3657562 0.3113199 -0.4942432 -0.4681667 -0.4199959 0.3882660 -0.4362282 -0.2581397 0.0978585 0.2864162 0.2823856 -0.3544139 -0.4282941 -0.4740101 0.2803569 -0.2172147 -0.2049505 -0.2265893 -0.1744725 -0.2010035 -0.0258505 0.0268329 -0.3923709 -0.4856803 -0.2050651 -0.4093533 0.0360466 -0.4179993 0.2686478 -0.4491826 -0.1049874 -0.2823778 -0.2411944 0.0309639 -0.2652822 -0.4211782 -0.3948782 -0.3143022 -0.1646053 0.0409951 0.1842020 0.5372428 0.1962700 0.0354101 -0.1534001 0.3321465 0.2049097 0.3446915 0.1109278 0.2006174 -0.1198557 0.2824139 0.2150315 0.1881308 0.2450800 0.0737543 0.4427075 0.0491424 0.2377640 0.0017435 -0.2030618 0.6236892 0.2007226 0.3529369 0.1105835 0.6072726 0.2029847 0.3915443 0.4161646 0.1323011 0.2128500 0.3592069 0.1349189 0.1187786 0.2119958 0.0443565 0.3321282 0.1756260 0.2041258 -0.1026139 0.1375931 0.4436561 0.5914860 0.1677160 -0.0782818 0.6019312 0.3166693 0.4658164 0.1022453 0.2162012 0.0665357 0.1617904 0.0013908 0.5344255 0.4583365 0.4420463 0.0256872 0.2888569 0.2738832 -0.0638086 -0.1847077 0.5933364 0.3080990 0.5172769 0.5005662 0.0086198 0.2226341 -0.1404891 0.2217183 0.4041256 0.0757191 0.2352993 -0.2298083 -0.0678263 0.3035111 -0.0379125 -0.3090591 -0.0378273 0.0335460 -0.0693272 -0.1971916 0.0561277 0.0275798 0.1760385 0.0438109 0.2243929 -0.2244073 -0.0528651 0.2540422 -0.1545276 0.0549190 0.7579381 0.6230840 0.5390245 0.2966129 0.4970446 0.4522838 0.1292063 0.4921657 0.3679674 0.3527061 -0.0037778 -0.1544202 -0.3031869 -0.2744298 0.0220542 0.1349255 0.4347301 0.0896850 0.1097457 0.3843330 0.5728836 0.4063864 0.3008420 0.0131345 -0.3673804 0.4760473 0.3315821 0.2011046 0.1296884 0.0878525 0.1107963 -0.0510896 0.4260966 -0.0342618 0.3954267 0.1191903 0.1989940 0.2626422 -0.0947877 -0.1854289 0.0682630 0.1591274 0.6138494 0.5390824
0.5484020 0.7513243 0.4740460 0.4315463 0.1424576 0.7559151 0.0000000 -0.3512154 0.5734942 -0.1858814 -0.3852073 0.7882081 -0.3914390 0.0630437 0.0807509 -0.4258253 -0.0656678 0.0309023 -0.4955848 -0.1724762 0.6515350 -0.3635189 -0.2795137 0.2343168 -0.4894000 -0.5169668 0.1611782 0.1645632 0.4587670 0.1973173 -0.4294402 -0.5562130 0.2585579 0.3399378 -0.4672051 0.5778084 -0.4857130 -0.4664770 0.0209481 0.1126412 -0.2341769 0.3987893 -0.2901161 -0.0145024 0.1353311 -0.5015273 -0.5874250 -0.3495340 0.0346251 -0.4030916 -0.4617044 -0.2172981 0.0589648 -0.1090657 -0.3170100 -0.4274843 -0.5545262 -0.0870473 -0.1927090 -0.4517110 -0.2692982 -0.3506658 -0.2507203 -0.2601248 0.1018928 -0.4191187 -0.5894266 -0.2979458 -0.4416227 -0.2960587 -0.4745422 -0.0007678 -0.4518486 -0.0740006 -0.3500760 -0.3394733 0.0242514 -0.3029103 -0.3105891 -0.2586576 -0.1577331 -0.1140970 0.2618903 0.3713731 0.2894295 0.3577931 0.1598839 0.0365577 0.1713260 0.1164584 0.2595068 0.2441618 0.3656804 -0.0492249 0.2919011 0.3195680 0.2101725 0.4844020 0.0524817 0.3538988 0.0707278 0.3964172 0.2689096 -0.2886726 0.4710278 0.3350665 0.3407868 0.3651391 0.3805636 0.1791564 0.1656689 0.4488959 0.4386075 0.4309065 0.4677638 0.4353734 0.4476075 0.4568755 0.4751910 0.5276318 0.5610233 0.5655635 0.1763712 0.5004283 0.5812671 0.6179887 0.3613848 0.2035206 0.5737395 0.4294358 0.5205690 0.1821058 0.3408411 0.2491459 -0.0393706 0.2135390 0.5147585 0.4935155 0.3721725 0.0515248 0.3985567 0.1207016 -0.2036142 0.0652203 0.5720041 0.5368533 0.4617374 0.5040812 -0.0564411 0.3220030 -0.1100642 0.3621077 0.5056044 0.3256312 0.5852032 -0.0189551 0.1519357 0.6519690 0.0695971 -0.0935697 0.3969779 0.3388970 0.1924004 0.0011579 0.4237669 0.4332175 0.3961186 -0.0098314 0.2579867 0.1279161 0.1542222 0.2998047 -0.1744766 0.2163570 0.9172529 0.8558861 0.8408020 0.6035580 0.6938842 0.5177526 0.2550840 0.5365866 0.3026626 0.3427161 -0.1042510 0.0776562 -0.2277678 -0.0760448 0.2465933 0.4438165 0.3187940 0.4039346 0.3408828 0.4461654 0.5782992 0.5209493 0.3860633 0.3959373 -0.0306718 0.5243994 0.4031128 0.1222394 0.3693153 0.4067331 0.2053375 0.1874204 0.4240954 0.2658903 0.4503774 0.2092902 0.3330577 0.6611994 0.0279657 0.1189404 0.2683847 0.1352154 0.3287490 0.3036478
0.0651060 -0.2746719 0.3059729 0.2583868 0.1427632 -0.2786755 -0.3512154 0.0000000 -0.4181643 0.1182732 0.7033399 -0.4313851 0.7111724 -0.4758603 -0.1516172 0.8807116 -0.1507949 -0.2200306 0.8705155 0.7449824 -0.3889563 0.6718834 0.3724672 -0.5677231 0.7821864 0.7987877 -0.5602846 -0.6104689 -0.4407832 -0.5573152 0.6378606 0.7449232 -0.5548059 -0.5153377 0.6696580 -0.3443171 0.8038275 0.8416303 -0.2947747 -0.1995277 0.7429940 -0.2298217 0.2800357 -0.3571252 -0.0992511 0.8848462 0.7805298 0.8365689 -0.2458531 0.8689125 0.7346044 0.3191224 -0.1021942 0.1511637 0.8299431 0.8980744 0.8239794 0.4270920 0.5771684 0.7630606 0.3769808 0.4833271 0.7138189 0.6958599 0.0051811 0.5511072 0.8056002 0.5109719 0.8569635 0.6311207 0.6265672 0.3070653 0.6071253 0.6158950 0.7522428 0.6406678 0.2290954 0.6765187 0.6180822 0.4216404 0.6786547 0.3000433 0.3586913 0.0666325 -0.0685233 0.1990928 0.2853714 0.0434037 0.1210405 0.0434442 0.3030005 0.3915478 0.2929232 -0.0685874 0.1070859 0.1418112 0.4640887 -0.0054367 0.2239939 -0.2006613 0.2095328 -0.0097670 0.0060476 -0.0010693 0.2171834 0.3759947 -0.0316587 0.0038494 -0.0848801 -0.0658145 0.1134919 -0.0232750 -0.2004717 -0.1307792 -0.1314209 -0.2730771 -0.1132791 -0.1743649 -0.1141302 -0.0381153 0.0136412 -0.0156130 0.5501373 -0.0841466 -0.1948212 -0.1037968 0.3477048 0.5136085 -0.0747420 0.1574089 0.0808608 0.4851944 0.4263876 0.2838369 0.5114509 0.4320032 0.2276712 -0.1987993 0.2351239 0.0747932 0.1418316 0.1777594 0.7810781 0.3734243 0.0058967 -0.0028457 0.1536103 0.0517544 0.6469525 0.3201992 0.6027926 0.1095323 0.1063578 0.2664461 0.1070710 0.2184041 0.2142607 -0.0090393 0.6140679 0.5614632 0.2615970 0.4404828 0.2017238 0.4483973 0.3486214 0.0017054 0.2573339 0.5126456 -0.2366048 0.4911730 0.3609585 0.2486034 0.1819872 0.2865312 -0.4249035 -0.4655036 -0.2201052 -0.2263868 -0.0681131 -0.0372485 0.1969121 -0.0198953 -0.0000358 -0.0656337 0.5506676 0.3850137 0.7203897 0.7273240 0.1852974 -0.0550562 -0.0930625 -0.2049835 -0.3432631 0.0217578 -0.0608768 -0.0351708 -0.1142635 -0.1372523 0.5705948 -0.0493776 0.3668200 0.1230323 0.4593670 0.2980155 0.1613723 0.3902146 -0.0835447 0.2751327 0.4338414 0.3819774 0.3632058 -0.2921070 0.2664024 0.1492746 -0.1772353 0.5502261 0.2517940 -0.4114428
0.3127240 0.6618147 0.4903277 0.4258513 0.0558923 0.6340074 0.5734942 -0.4181643 0.0000000 0.1391448 -0.3582243 0.7950643 -0.3336274 0.4984063 0.6435603 -0.5669680 0.2529343 0.6279469 -0.6340416 -0.4440262 0.7987605 -0.2906055 -0.3039802 0.6890876 -0.6357819 -0.4858068 0.4181917 0.6928081 0.8200982 0.6098579 -0.3457814 -0.4777963 0.6105038 0.6942987 -0.3836338 0.8387899 -0.4405245 -0.4827003 0.4145115 0.2307071 -0.2560735 0.7959344 -0.1294450 0.5398229 0.6746285 -0.5165345 -0.4378742 -0.3155555 0.5172060 -0.3311212 -0.3051840 -0.2036868 0.5372394 -0.0331591 -0.2309195 -0.3816293 -0.4393480 -0.1749690 -0.2673941 -0.3555608 0.0378418 -0.1722127 -0.0935366 -0.0072536 0.4554803 -0.2563307 -0.4855851 -0.3183593 -0.3674673 -0.1625842 -0.3581335 0.3147003 -0.3810097 -0.0017309 -0.3822695 -0.1322546 0.3247978 -0.2538737 -0.0890654 0.1031273 -0.3087773 -0.1092464 0.1009862 0.2222915 0.3094900 -0.1387209 -0.1768984 -0.0428414 -0.0032821 0.1727883 -0.2334322 -0.1690763 -0.1082551 -0.0745577 0.0590337 0.1630519 -0.1063806 -0.0685881 -0.1437164 0.2405571 0.1047566 -0.1846659 -0.1589666 0.0321422 0.2003432 0.0815206 0.0360567 0.1202294 0.3996098 0.0069390 0.0648563 0.1752222 0.1888366 0.1070166 0.1288815 0.1356531 0.1014026 0.0913345 0.0867393 0.3211139 0.2628319 0.3177306 -0.2849745 0.1959700 0.3530566 0.2929089 0.2921725 -0.2202158 0.4150388 0.4631138 0.4778214 -0.0767126 0.3664336 0.0090758 0.0790744 -0.0928847 0.5439355 0.5523655 0.3927016 0.1816156 0.3056492 0.3325952 -0.2746790 -0.1662554 0.6423205 0.4434108 0.5681618 0.5447128 -0.0574722 0.3058646 -0.3154473 0.3339032 0.4928993 0.2157910 0.2265230 0.0390166 0.1285422 0.4861489 0.1340752 -0.4851014 0.1127099 -0.0768469 0.0667079 -0.2019998 0.1586658 0.2486686 0.2738855 0.0917534 0.6175033 -0.1675922 0.1734115 0.3703546 -0.2443617 -0.0577638 0.5348350 0.4877690 0.4949916 0.1915014 0.5401580 0.3553735 -0.1560608 0.4905020 0.3015504 0.3749478 -0.1584958 0.2334582 -0.1605283 -0.1898391 0.4299671 0.5332389 0.2617636 0.5198578 0.0900585 0.0738013 0.1794326 0.0809676 0.1958215 -0.0306135 -0.1783667 0.3100431 0.1137899 -0.0563187 -0.0906910 -0.1402347 0.3110654 -0.0454008 0.1639005 -0.0431349 0.2966636 -0.0888596 -0.1866805 0.2660152 0.2397128 0.1213609 0.3583959 -0.2626374 0.2407086 0.4091139
-0.3027178 -0.2586228 -0.1672632 -0.1806963 -0.5722773 0.0191334 -0.1858814 0.1182732 0.1391448 0.0000000 0.4997949 -0.0126032 0.0214662 0.2815186 0.2060934 0.0932921 0.7084395 0.4113156 0.0958990 -0.1302420 -0.1667899 0.0156911 0.6781023 0.1260510 0.1131043 0.2426397 0.4390907 0.0456811 -0.0728662 -0.0846036 0.0648653 0.1351348 -0.0999631 -0.1239986 0.4356428 -0.0135000 0.1483442 -0.0115699 0.5575112 -0.0078403 -0.0008104 0.0633037 0.8616427 0.5553484 0.1663120 0.0903236 0.1711885 -0.0071491 0.2369173 0.0451089 0.3355484 0.5614828 -0.1707989 0.5685030 0.0665978 0.0970622 0.1169547 0.1921730 0.0103559 0.3912653 -0.0378613 0.3668148 0.2109664 0.0903158 -0.3108522 0.1257346 0.1263956 0.2123465 0.0624164 0.1601051 -0.0354781 -0.1085845 0.0522089 -0.3068611 -0.0997174 0.0925679 -0.3468082 -0.1305970 -0.0661373 -0.1956271 0.1315800 -0.0301635 0.0635850 0.3230363 0.4583777 0.0451646 -0.1805284 0.0556288 -0.0181219 0.1409157 -0.1325020 0.0512058 -0.3048019 0.2940715 0.1726358 -0.2564263 -0.1477888 -0.3706343 0.1960967 -0.0921253 0.3431514 -0.2942166 -0.2057044 0.3688306 -0.1581084 -0.0517431 0.0493415 -0.0899974 0.0193176 0.2290571 0.0992784 -0.0519455 -0.2302279 -0.1133103 -0.1025981 -0.1863198 -0.1120936 -0.0326096 -0.1365553 0.0990278 -0.0464638 -0.1130994 -0.2035353 -0.1504885 0.1105077 0.1163214 0.0217308 -0.0267408 0.1123911 -0.1475661 -0.0073809 0.0865996 0.0515577 -0.0577720 -0.1674503 -0.1129403 -0.0103792 0.0539467 0.1572320 -0.0084389 -0.3064946 0.1725414 0.0556213 -0.0826135 -0.2084833 -0.4059919 -0.0926932 -0.0692327 -0.0335360 -0.3770101 0.0062617 -0.2099358 -0.0365688 -0.2626257 -0.3757159 -0.0126338 -0.1235519 -0.2449332 0.0760625 -0.0033382 -0.0728534 -0.2522087 -0.0952355 -0.0811812 -0.1362698 -0.2430299 -0.2672348 -0.0808197 -0.0509018 0.0123974 0.1980595 0.1758627 0.4506156 -0.0982765 -0.2006886 -0.2990550 -0.1998316 0.1015773 -0.1323377 -0.0959259 0.1455220 -0.0090676 0.0984519 -0.0148636 0.0103361 -0.3337854 0.0032790 0.0578494 -0.4011369 -0.4034048 0.2481468 -0.3545512 0.1919995 0.1354858 0.1520594 -0.0696667 0.2102605 0.2047007 0.1130211 0.0820454 -0.0784773 -0.1181156 -0.2122325 -0.2081875 0.1414616 -0.1054640 -0.2791564 0.0300902 -0.1777709 -0.1409688 -0.2920560 -0.0762822 0.1699734 0.1706587 -0.2313828 -0.0089232 0.1619528 0.1612155
-0.1153091 -0.2855026 0.0863676 0.1300852 0.0140185 -0.1359245 -0.3852073 0.7033399 -0.3582243 0.4997949 0.0000000 -0.4578220 0.6005720 -0.2931683 -0.2377015 0.7504248 0.1957017 -0.2447386 0.6092035 0.3137687 -0.5649601 0.4963297 0.6141457 -0.5524451 0.5488229 0.5784000 -0.3511088 -0.5463733 -0.5811226 -0.4948800 0.4583302 0.6044423 -0.5528294 -0.6007144 0.7009328 -0.4385166 0.6377704 0.5385027 0.0938900 -0.2532077 0.4342331 -0.2769046 0.5514295 0.0281282 -0.0969278 0.6255855 0.5896730 0.4716761 -0.0140227 0.5325824 0.6498674 0.4419646 -0.1585112 0.5876367 0.4320212 0.5637733 0.5850198 0.6195380 0.4713948 0.7359159 0.1876488 0.5362694 0.4109368 0.5377852 -0.3574672 0.2583923 0.6223093 0.6811554 0.5170630 0.6725760 0.2664340 0.1809421 0.5438593 0.2745993 0.3520928 0.5681839 -0.1226213 0.2648715 0.3635253 0.0674258 0.3836430 0.1140293 0.0626754 0.1158972 0.3250475 0.2056710 0.0875093 -0.1451143 0.1294452 0.1906958 0.2006946 0.2561170 0.0836790 0.1044408 0.1292427 -0.0329032 0.4068437 -0.1718188 0.2799956 -0.0896675 0.4349297 -0.0424251 -0.1035277 0.2294765 0.0985726 0.0744255 0.0980337 -0.0897492 0.0679753 0.0482539 0.2224083 -0.0333088 -0.3978891 -0.2401200 -0.1385521 -0.3905748 -0.2633300 -0.1393277 -0.2848689 -0.0642257 -0.1926493 -0.2701672 0.1939066 -0.3563927 -0.0338190 0.0655520 0.0444648 0.3131759 0.0382419 -0.1669335 -0.0380497 0.2843803 0.2246578 0.1570675 0.1937388 0.2080220 0.1669785 -0.0841680 0.4172718 -0.1588972 -0.1504555 0.2401083 0.4786514 -0.0709888 -0.2354320 -0.3885991 0.1471429 0.1195621 0.2382525 -0.1319219 0.3815484 -0.2883430 0.0797398 -0.1288395 -0.3124598 0.1122363 0.2641343 -0.3177868 0.3849673 0.4041573 -0.0469183 0.0415588 0.0835780 0.4629207 -0.0356077 -0.3098047 -0.1032365 0.1016297 -0.3737300 0.2726787 0.1020343 0.0383271 0.1773608 0.1504784 -0.4050922 -0.3908938 -0.3325385 -0.0942635 -0.2552486 -0.1757887 0.2420195 -0.1324710 0.0046555 -0.1834542 0.4700810 -0.1121718 0.5037420 0.5664374 -0.1816874 -0.4727840 0.0241762 -0.3991458 0.0382255 -0.0487999 0.0384009 -0.2101975 -0.1464783 0.0383223 0.2365450 -0.0825019 0.2287444 0.1195779 0.1929325 0.0425781 0.0472722 -0.0554280 -0.3705856 0.0615658 0.1921625 0.2232479 0.2175404 -0.4080779 0.1298566 -0.0747155 -0.4702657 0.3887607 0.4886277 0.0406339
0.2997005 0.6749484 0.4285148 0.3299413 0.0240183 0.6333252 0.7882081 -0.4313851 0.7950643 -0.0126032 -0.4578220 0.0000000 -0.4788246 0.3461664 0.3592286 -0.6456229 0.0831530 0.4102038 -0.5846909 -0.2909572 0.9263593 -0.3816241 -0.3845728 0.6017604 -0.5769739 -0.5882288 0.2613040 0.5057592 0.7925589 0.3406674 -0.3268045 -0.5852161 0.5619733 0.6412717 -0.5230512 0.8241350 -0.5195750 -0.5438075 0.1718170 0.2201080 -0.2697738 0.6849437 -0.1753946 0.3873261 0.5375412 -0.5654943 -0.5468299 -0.4333773 0.4685366 -0.4351821 -0.3919097 -0.1149521 0.4192206 -0.0271289 -0.4205931 -0.4978295 -0.5749169 -0.1816538 -0.2935053 -0.4058801 -0.0308463 -0.1469381 -0.3814879 -0.1548925 0.4193156 -0.4353468 -0.5985496 -0.3367616 -0.5207948 -0.2833864 -0.5013830 0.2045779 -0.4457997 -0.0707158 -0.4419303 -0.2181144 0.2667832 -0.3401376 -0.1771804 -0.0575872 -0.3806967 -0.1466451 0.3198018 0.4397714 0.3166241 0.1198391 -0.1026747 -0.0590206 -0.0954287 0.0779005 -0.0518982 0.0561927 0.0516288 -0.1398044 0.1569137 0.3321723 0.0316683 0.1465764 -0.0576035 0.1779859 0.0205398 0.0587176 0.0907395 -0.1863849 0.3036005 0.2911676 0.1100480 0.2193400 0.3810961 0.1108883 0.1246337 0.2621674 0.2603367 0.1884198 0.2170430 0.2087720 0.2611550 0.2663932 0.2827758 0.3751604 0.4349794 0.3931516 -0.1690039 0.4127405 0.4098916 0.5056903 0.3170161 0.0110087 0.5450501 0.5044189 0.5869212 -0.0083903 0.3560069 -0.0700618 -0.2092768 0.0267862 0.4077974 0.5816848 0.2314146 0.1866756 0.2762992 0.1119697 -0.4121107 -0.1721711 0.5138746 0.5348046 0.3869863 0.3556761 -0.2789159 0.2724849 -0.1802197 0.2848248 0.4797615 0.2647634 0.3894375 -0.0666757 0.0708435 0.6231020 -0.0401583 -0.2998742 0.3137598 0.1286949 0.0955960 -0.2735266 0.3140257 0.3698841 0.2308046 -0.1690651 0.3978357 -0.0225938 0.0813698 0.2270728 -0.1766605 -0.1543518 0.6566070 0.6409933 0.7366776 0.2952720 0.7036183 0.4667642 -0.0969222 0.5004551 0.2815756 0.3180809 -0.2180671 0.2457012 -0.2901139 -0.2347078 0.3448200 0.5147055 0.2367996 0.5358648 0.0989753 0.2289121 0.3732712 0.2837767 0.3795251 0.0787430 -0.1973644 0.4942725 0.0366449 -0.2195413 0.0167783 0.0036969 0.2321601 0.0771298 0.2682060 0.0756032 0.2558855 -0.1898685 -0.0531992 0.3628225 0.1212053 0.1533147 0.2920528 -0.2156443 0.1438082 0.2620547
-0.1455784 -0.2420162 0.3769402 0.1270984 0.2431544 -0.5044946 -0.3914390 0.7111724 -0.3336274 0.0214662 0.6005720 -0.4788246 0.0000000 -0.1930054 0.1375698 0.6585188 0.0656461 -0.2010193 0.6961000 0.5445747 -0.3981330 0.6983621 0.2128172 -0.4691332 0.4713625 0.6071108 -0.4180991 -0.3774802 -0.4148683 -0.0882867 0.6412643 0.7388210 -0.3875001 -0.4383519 0.3932039 -0.3859292 0.6777314 0.8381072 -0.2501432 -0.2418408 0.6554846 -0.2362597 -0.0497451 -0.3523451 -0.0057880 0.7822581 0.7191005 0.8077521 -0.2923070 0.8355629 0.5568349 -0.0606806 -0.0616154 -0.0087380 0.7776561 0.7993603 0.7468929 0.1059426 0.6367521 0.5274929 0.5154732 0.4046161 0.6421075 0.5847906 0.1700967 0.5129323 0.7449567 0.6441316 0.7623811 0.4886881 0.6066154 0.2854706 0.7952771 0.7145366 0.6275130 0.7587625 0.3561084 0.6495224 0.7845604 0.6661935 0.5816382 0.1459649 0.1564636 0.0017123 -0.2602235 0.1424080 0.1268155 -0.0182897 -0.0079201 0.2122424 -0.1165130 0.2225342 0.2442092 0.0350477 -0.0709802 0.1418586 0.4104859 0.0314942 0.0308037 -0.1953692 0.4469469 -0.0382702 0.1275441 0.1352897 -0.0854419 0.2044939 -0.0381118 0.2347175 -0.1664202 -0.1807755 -0.0502157 -0.2230782 0.0457243 -0.0179107 -0.2083659 -0.0453345 0.0066466 -0.0804054 0.0700253 -0.0444498 0.1195084 0.1223479 0.3839016 -0.0090276 -0.1479615 -0.3664557 0.3841331 0.3688901 -0.3422291 0.1630615 0.0055488 0.2893114 0.3936878 0.4155019 0.3638440 0.2973066 0.1860663 -0.1738898 0.2641862 -0.2350280 0.0084795 0.0986454 0.4660128 0.2033353 -0.0413350 -0.0548048 0.1817987 0.1343950 0.4217079 0.2147669 0.1830432 -0.0636993 0.1442614 0.1584212 0.1428091 0.3608937 0.5028062 0.0147898 0.5350515 0.3643486 0.3493780 0.2632185 0.2804297 0.6610849 0.3428939 0.1092902 0.2713219 0.3538644 -0.1722334 0.5145435 0.3153321 0.0723622 -0.1749969 0.3947365 -0.5096813 -0.4154046 -0.3588042 -0.2521948 -0.2815506 -0.3448241 -0.0393784 -0.2241660 -0.1659529 -0.2527116 0.5253966 0.4732772 0.8187444 0.8094401 0.4181824 0.0572004 -0.3473366 0.1019060 -0.0959167 -0.3903746 -0.4598686 -0.4650555 -0.5042749 -0.0049339 0.5484526 -0.4190016 0.3112154 -0.0151349 0.3616052 0.1908357 0.1832057 0.1355217 -0.5248871 0.3702746 0.3313010 0.3276209 0.2201324 -0.2150644 0.3823797 0.1895752 -0.1685202 0.3845841 0.0619975 -0.3712019
-0.2753438 0.1741196 -0.1048715 -0.0444352 -0.2013381 0.1292853 0.0630437 -0.4758603 0.4984063 0.2815186 -0.2931683 0.3461664 -0.1930054 0.0000000 0.4038759 -0.6205776 0.7739519 0.7286228 -0.3717746 -0.3315740 0.2929904 -0.1037184 -0.3228783 0.8588144 -0.3142283 -0.3000419 0.7373769 0.8740328 0.5781483 0.7488036 -0.1421463 -0.2751159 0.8608131 0.7501547 -0.2176822 0.2717425 -0.2362471 -0.3029119 0.3562863 -0.0199166 -0.3299376 0.2503312 0.0341197 0.5905696 0.5952186 -0.3016830 -0.0938351 -0.3460495 0.6053407 -0.1974622 -0.0468857 0.0539006 0.4335556 0.1836062 -0.2483990 -0.2560715 -0.2068050 -0.4010873 -0.2167661 -0.1382337 0.2675063 0.2992590 -0.0792271 -0.2001909 0.3511840 -0.0454397 -0.1963488 0.0914121 -0.3166070 -0.1405398 -0.0218291 0.1381503 -0.0266157 -0.1921486 -0.1698849 0.0223428 0.2424001 0.0116882 -0.0176046 0.2187949 -0.0965842 -0.2018591 -0.2831648 0.0011881 0.0117269 -0.5056297 -0.5696404 0.0957068 -0.3305306 0.0165844 -0.6898592 -0.4980233 -0.6473697 0.0860813 -0.2681056 -0.2060236 -0.3845169 -0.5079895 -0.3323833 -0.1944095 -0.0568909 -0.6190728 -0.4097244 0.0010803 -0.2487048 -0.3161932 -0.4505660 -0.2470815 -0.0713014 -0.3925167 -0.2101085 -0.5489579 -0.1821081 -0.3149655 -0.5066836 -0.1292578 -0.2837524 -0.2875661 -0.2162488 -0.2659987 -0.2087498 -0.1283987 -0.4486247 -0.1142387 -0.2633447 -0.2222935 -0.0061563 -0.2598951 -0.1794871 -0.0231677 -0.1400886 -0.0502158 -0.1783055 -0.2828311 -0.2070008 -0.1759269 -0.1937576 0.0654044 -0.2051157 -0.3149557 -0.0939805 -0.1790895 -0.3821826 -0.2661197 -0.0868188 0.0883601 -0.1109463 -0.0221233 -0.4142235 -0.2431235 -0.6963991 -0.1074066 0.0226247 -0.1042442 -0.1676339 0.2102288 -0.0027793 -0.1626138 -0.2701977 -0.4625210 -0.1911808 -0.3460522 -0.0242041 -0.2454835 -0.2504196 -0.0434211 -0.2098134 -0.4159186 0.0685246 -0.2195878 -0.2819990 -0.3422057 -0.1946977 -0.5117016 -0.0697761 0.0534026 -0.1364770 -0.1425964 -0.2413214 -0.4558322 -0.5193202 -0.3504058 -0.2848909 -0.3103572 -0.2611987 0.0555901 -0.1760373 -0.2846313 0.1446051 0.0940856 -0.1643791 0.3910959 0.1108113 -0.3493289 -0.3639926 -0.4856898 -0.1464641 0.0794559 -0.0732787 -0.2307081 -0.4466347 -0.4627919 -0.6301152 -0.6332320 -0.0627130 -0.4946296 -0.2696084 -0.0882048 -0.4541973 -0.4473267 -0.7405601 -0.0474509 0.0096457 -0.0542414 0.0478319 -0.3768750 -0.2844108 0.2611366
-0.0047060 0.2081077 0.3668473 0.1366543 -0.1168742 -0.0517749 0.0807509 -0.1516172 0.6435603 0.2060934 -0.2377015 0.3592286 0.1375698 0.4038759 0.0000000 -0.3203897 0.2371386 0.5537083 -0.1934813 -0.2826614 0.5243948 0.1062411 -0.2471232 0.5144359 -0.3130792 -0.1588364 0.2571410 0.4733838 0.6083311 0.5733660 -0.0236767 -0.0254291 0.3780978 0.4731430 -0.2105348 0.5095147 -0.0316281 -0.0726220 0.1416689 -0.0249050 0.0429153 0.5567899 -0.0809580 0.2065946 0.6270581 -0.1059876 0.0241402 0.0587244 0.2074718 0.0543795 0.0238384 -0.2501861 0.4720626 -0.1729919 0.1693897 0.0446891 0.0521523 -0.2665933 -0.0732839 -0.0441309 0.3162267 0.0150748 0.2494154 0.2041666 0.6094644 0.2920420 -0.0829183 -0.0634157 0.0878095 0.0057447 0.0116180 0.3415412 -0.0701683 0.2695223 -0.0546863 0.1471003 0.4337686 -0.0455390 0.2308075 0.4766371 -0.0694118 -0.0332743 0.1312869 0.2978974 0.0986372 -0.0069026 -0.1249415 0.2353373 0.0920117 0.3785627 -0.3699312 -0.0227370 -0.0235850 0.1812710 0.1796581 0.2868349 -0.0054452 -0.1711266 0.1005415 0.0939927 0.3230939 -0.2117795 -0.0011270 0.3054144 -0.0808462 0.2146076 -0.0111966 0.2582173 0.2745344 -0.0432915 0.0694095 0.0388156 0.2659594 0.0666562 -0.0997300 0.0404189 0.0615683 0.0012961 0.0731010 0.2988298 0.3211057 0.4126121 -0.0902366 0.0702189 0.2365838 0.0254692 0.5161734 -0.1881497 0.1984035 0.5670508 0.4100919 -0.1069701 0.5450127 0.1578704 0.1739486 -0.0179602 0.3936460 0.4960544 0.3064054 0.3238045 0.3146474 0.4797654 -0.2032760 0.1053472 0.3785760 0.3929499 0.4444276 0.3933366 0.1585202 0.2943830 -0.2220781 0.2788922 0.4793315 0.3052821 0.2255320 0.2017321 0.3683015 0.4965826 0.3680613 -0.3824724 0.3935705 -0.0622615 0.0454138 0.1035482 0.3956033 0.4037986 0.2972810 0.3097978 0.7473170 0.0644951 0.5736955 0.4998739 -0.1499988 0.0915128 0.0184386 -0.0005097 0.0936232 -0.1076623 0.2053801 0.0286680 -0.2801067 0.2360909 0.0320120 0.2559737 -0.1528771 0.4522032 0.1973230 0.0175413 0.4836402 0.5440533 0.1844808 0.4585725 -0.0928813 -0.2801484 -0.1897936 -0.2243489 0.1443835 -0.0712953 0.1559662 0.1445249 0.0429452 -0.2620326 -0.0449908 -0.1242553 0.3498653 -0.0144485 -0.0581685 0.2991904 0.2128187 -0.1137231 -0.1566965 0.2569086 0.5047456 0.5004774 0.6001075 -0.2419822 -0.1376557 0.0742120
0.0422040 -0.3622305 0.1246277 0.1534436 0.2266503 -0.2743603 -0.4258253 0.8807116 -0.5669680 0.0932921 0.7504248 -0.6456229 0.6585188 -0.6205776 -0.3203897 0.0000000 -0.2268765 -0.4808337 0.8306638 0.7107127 -0.6469676 0.5911383 0.5631841 -0.7432528 0.7357541 0.8580633 -0.5937456 -0.7781521 -0.6683995 -0.6839755 0.6092041 0.8251272 -0.7419008 -0.7078898 0.7930817 -0.5513348 0.8297786 0.7931767 -0.1918842 -0.2001835 0.7089297 -0.3600471 0.3244717 -0.4535738 -0.3227385 0.8612073 0.7520781 0.7718692 -0.4456601 0.7587007 0.6957694 0.3831369 -0.3169065 0.2156253 0.6978334 0.8100867 0.8090058 0.5220515 0.6679351 0.7482066 0.2431904 0.4088671 0.6031988 0.5440465 -0.2656074 0.5433810 0.8195320 0.5444914 0.8160678 0.5859098 0.6362392 0.1355388 0.6327186 0.4791325 0.7143583 0.5402375 -0.0242553 0.5957965 0.4531189 0.1995647 0.5953598 0.2545481 0.2328847 -0.1220533 -0.0724807 0.2677009 0.4727704 -0.0874936 0.2840929 0.0511038 0.4680959 0.4612901 0.3828537 -0.0432969 0.2010617 0.1145612 0.5122752 0.1191245 0.3597746 -0.0331615 0.2482108 0.1948135 0.0777205 0.0918199 0.2310523 0.2988523 0.1344709 0.0119466 -0.0475073 0.0012965 0.2025971 0.0715016 -0.1657086 -0.0582167 -0.0158198 -0.2329134 -0.1174695 -0.1388235 -0.1522178 -0.0296089 -0.0582269 -0.0701569 0.5420568 -0.1842030 -0.1162324 -0.0622499 0.1615280 0.4155321 -0.0728003 -0.0360307 -0.0054108 0.4380879 0.2348489 0.3438021 0.5586967 0.3590657 0.1858964 -0.2365523 0.2362519 -0.0680890 0.0301805 0.1555666 0.8014939 0.2754748 -0.0715218 -0.1763066 0.1121130 0.0194273 0.6614360 0.2288609 0.6096780 -0.0484576 0.0428844 0.0939154 0.0047143 0.1224302 0.1826153 -0.1588881 0.5166626 0.5934563 0.1337895 0.3890857 0.1538028 0.4957766 0.2199123 -0.1321900 0.1636778 0.5247075 -0.2551608 0.4368681 0.2746081 0.1698999 0.2017514 0.3552956 -0.4349141 -0.5167976 -0.3748520 -0.2235043 -0.2397273 -0.0501944 0.3403055 -0.0594785 0.0922091 -0.0328504 0.6352560 0.1507734 0.6817527 0.6403593 -0.0788646 -0.3507475 -0.0491394 -0.4967893 -0.3112049 0.0193097 0.0098128 -0.0054996 -0.1883605 -0.1601965 0.4352497 -0.1036482 0.3782578 0.3181815 0.4969576 0.3389569 0.1600683 0.4111667 -0.0459008 0.2187375 0.3549340 0.5347901 0.5028230 -0.3664132 0.2191215 0.1069692 -0.2888889 0.6827333 0.3317796 -0.2826502
-0.3288564 -0.0280504 -0.1051314 -0.0734635 -0.3538400 0.0713117 -0.0656678 -0.1507949 0.2529343 0.7084395 0.1957017 0.0831530 0.0656461 0.7739519 0.2371386 -0.2268765 0.0000000 0.5452939 -0.1103320 -0.1738735 -0.0543415 0.0248364 0.2784309 0.5016861 -0.0667538 0.0664978 0.7179509 0.4984284 0.1884882 0.4467162 -0.0110729 -0.0345789 0.4341709 0.3142811 0.2130399 0.0563019 0.0283636 -0.0730981 0.5838640 -0.0693743 -0.1690542 0.0943482 0.5066407 0.6016748 0.3507150 -0.0374625 0.1384532 -0.1335391 0.4012677 0.0164624 0.2314959 0.3743210 0.0698778 0.4630438 -0.0398420 -0.0245325 -0.0006981 -0.1535879 0.0230573 0.1860673 0.1682898 0.4228374 0.1180031 -0.0570693 -0.0106042 0.0153726 0.0665536 0.3219316 -0.1054675 0.0439361 0.0564459 0.0053804 0.1941444 -0.2054688 -0.0719212 0.1712164 -0.0328665 0.0987028 0.0725815 0.0873186 0.1759785 -0.1809295 -0.1769974 0.1025220 0.1728564 -0.2245658 -0.3580372 0.0267310 -0.2078334 0.0718768 -0.4979010 -0.2277847 -0.5173743 0.2248878 -0.1088995 -0.2855703 -0.2560456 -0.3971782 -0.1768535 -0.1318340 0.2495339 -0.4672981 -0.3170424 0.2530656 -0.2534440 -0.2366200 -0.2016946 -0.1266603 -0.1102192 -0.1456217 -0.1368963 -0.3964015 -0.1732159 -0.1676006 -0.3177702 -0.0404863 -0.1076261 -0.0979590 -0.0802798 -0.0864759 -0.0913163 -0.0837356 -0.2931044 -0.0648186 -0.0883415 -0.1313936 0.0664910 -0.0767969 -0.1528498 -0.1153952 -0.1419892 0.1462866 -0.1230193 -0.0462560 -0.1433007 -0.0951990 -0.1213210 -0.0054021 0.0111043 -0.3932874 -0.2465272 -0.0911306 -0.0824383 -0.1648356 -0.1761923 -0.2074341 -0.1342817 -0.0386126 -0.2036769 -0.3585374 -0.4588699 -0.2301287 -0.0377974 -0.2281472 -0.2859654 0.1798377 -0.0461193 -0.3097291 -0.1290192 -0.1929176 -0.1563875 -0.3035299 0.0002185 -0.0648007 -0.2351734 -0.1892735 -0.2141316 -0.2950543 -0.1724712 -0.0282335 -0.1049415 -0.1960027 0.1061413 -0.1967493 -0.1640781 -0.1172025 -0.2469491 0.0062263 -0.3000813 -0.4091024 -0.1688333 -0.2692984 -0.1053807 -0.2517606 0.0256213 -0.1368755 0.0008580 0.0144103 -0.0802500 -0.2015829 -0.0256422 0.0565299 0.2479032 -0.1129111 -0.1814646 -0.3573632 -0.1308365 0.2553933 0.1130495 -0.2003852 -0.2466305 -0.3470801 -0.3783003 -0.4503074 -0.0842384 -0.3803727 -0.4836860 -0.0014276 -0.3591655 -0.2630646 -0.5472999 -0.0569598 0.0089754 -0.0244070 -0.2398864 -0.1105328 -0.0878389 0.1794517
