0.0000000 0.7552891 0.8662652 0.3613085 0.7611233 0.3734204 0.1765023 0.5473789 0.3841504 0.1530614 0.1382417 0.3727149 0.5459369 -0.0274299 0.4192319 -0.1806248 -0.0663996 0.0854078 -0.1469253 0.1977086 0.3261131 0.1361452 -0.0883430 0.1574033 -0.0734257 -0.2136883 -0.0298563 0.0961297 0.0720582 -0.0774824 0.4106071 0.1653579 0.0756690 0.0969925 -0.0900347 -0.0584523 0.0271253 0.1079187 -0.1492921 -0.1095018 0.2746615 -0.0112162 -0.0994949 0.0946590 -0.0143215 -0.1148732 -0.0346128 0.2832141 0.1281342 -0.0480604 -0.0337579 -0.1976438 0.1129126 -0.1952516 0.1843478 -0.0917329 -0.0870825 -0.0863860 -0.2825274 -0.0350447 -0.0495429 -0.1202272 0.3003695 0.1860022 0.1367665 0.1270297 -0.1335253 -0.1956921 -0.0971490 -0.0817000 -0.1665479 0.4229152 -0.3495924 0.5742151 -0.1122992 -0.0489091 0.4453181 -0.2103750 -0.1285215 0.4281234 0.0235326 -0.4344208 -0.3653276 -0.4820386 -0.2463929 -0.2508797 0.1343985 -0.1030838 -0.1865127 -0.1175801 -0.0094880 -0.1328589 -0.2298601 0.1468221 -0.2314856 -0.2093307 -0.2877871 -0.2611082 -0.4500181 -0.2705914 -0.2300427 -0.2746400 -0.2703133 -0.2182862 -0.2079419 -0.2722970 -0.1570352 -0.3099256 -0.3223512 -0.0645771 -0.2581550 -0.4663539 -0.3922000 -0.3387656 -0.2243774 -0.3692415 -0.2170951 -0.0624668 -0.2064020 -0.3980090 -0.3209810 -0.3328602 -0.1532427 -0.3264799 -0.4508095 0.0856789 -0.2106837 -0.2984025 0.0636195 -0.1459079 -0.2283692 -0.2960506 -0.2658353 0.2114149 -0.1555901 -0.3200530 -0.1554455 -0.1238512 0.0745345 -0.0900200 -0.5663495 -0.1073689 0.2425268 0.1999231 -0.1501342 -0.4749543 -0.2378851 -0.3940457 -0.2178718 -0.0644277 0.0039237 -0.3761183 -0.0355457 -0.4594106 -0.3216730 -0.1459951 0.3515251 -0.3577054 0.4697316 0.2084386 -0.5510980 0.0065948 -0.3550843 0.2986644 -0.2497337 -0.5023507 -0.3481154 -0.2670060 0.2960246 0.1294146 -0.3484266 0.0908918 0.1110188 0.1742436 0.3032130 0.1730329 0.5024452 0.2876799 0.4083715 0.2812524 0.0609812 -0.0757132 -0.2535979 -0.3901731 -0.1443499 0.2473311 0.3231250 0.5264644 0.6714452 0.3217771 -0.4813775 0.3469206 0.2566302 -0.1506562 0.0524145 0.0095293 0.1085470 0.5310551 0.2749781 0.0743237 0.3543747 -0.0316909 -0.1248719 -0.1029586 0.2443600 -0.2737025 -0.0733067 0.0962732 0.0286252 0.3202444 -0.1378703 -0.0884376 0.3856680 0.6705676 0.2460470 -0.1281828 0.1312339 0.2677041
0.7552891 0.0000000 0.8526476 0.4392989 0.7457504 0.7088416 0.0860599 0.4822913 0.6195615 0.2155711 0.1863294 0.4839596 0.5256399 0.0593887 0.5718832 -0.0482694 -0.0521996 0.3501153 0.1416625 0.0900356 0.5035077 0.2789547 0.0679026 0.4939452 0.1847299 0.0171881 -0.1663604 0.2935452 0.3437042 -0.1431269 0.4770527 0.4023274 0.2428083 0.3100954 0.2115831 0.2660676 0.1907453 0.3766556 -0.2546325 -0.2595854 0.3319530 0.3247014 0.0423616 0.0584381 0.1106607 0.2062264 0.3014598 0.5298205 0.2569466 0.2763173 0.2684141 -0.1334770 0.2252980 -0.2024030 0.3997903 0.2214994 0.1970863 -0.0313753 -0.0806862 0.2782676 0.0882259 0.2123884 0.4388761 0.2811980 0.1988164 0.3912016 0.1936396 0.0465111 0.2818331 0.1896937 0.1649821 0.4398687 0.0168320 0.5366316 0.1800296 0.3692234 0.6227817 0.1685004 0.2918222 0.6324013 0.2068152 -0.1139638 -0.0752355 -0.4717207 -0.2429221 -0.0627468 0.3695869 -0.1464781 -0.2419867 -0.0576275 -0.0266214 -0.2931094 -0.2614747 0.2814470 -0.2870522 -0.2240854 -0.2997372 -0.0955992 -0.3550987 0.0285854 0.0191426 -0.0752947 -0.1057920 -0.0142885 -0.1550979 -0.2629671 -0.2545245 -0.2707141 -0.2677507 0.1490794 -0.1484279 -0.1971224 -0.3011949 -0.4567982 -0.5419548 -0.5521382 -0.6143498 -0.5566617 -0.5595937 -0.5800453 -0.5040814 -0.5851366 -0.2667720 -0.4916853 -0.6006781 0.1213551 -0.3550152 -0.2718337 -0.1465576 -0.1804945 -0.2564452 -0.2885610 -0.4017296 0.2913109 -0.3269898 -0.3100961 -0.2458124 -0.0855686 0.1502885 0.0280181 -0.5351720 -0.0319248 0.0189807 0.0845311 -0.3876708 -0.4536039 -0.1930214 -0.4065432 -0.3376547 0.1197031 0.1219708 -0.3766145 0.0881797 -0.5630468 -0.3412775 -0.3269393 0.3760021 -0.4357452 0.2413077 0.2153349 -0.6051903 0.2275935 -0.4925614 0.3233185 -0.1910692 -0.6105596 -0.4537405 -0.3212705 0.3505567 0.2156642 -0.3457593 0.0301574 -0.0921120 0.0658943 0.4247276 0.3000761 0.5340144 0.0205914 0.4526442 0.2471768 -0.1162399 0.1761872 0.0911537 -0.0114309 -0.0026873 0.2347614 0.3029266 0.4118790 0.6988369 0.4182740 -0.4444403 0.4334972 0.2627752 -0.4013047 -0.1189673 -0.1487835 0.1282131 0.3441416 0.2392473 0.1460806 0.2010263 -0.4466860 -0.4296678 -0.4143540 0.2773703 -0.1650550 -0.0200345 -0.1531105 -0.1038560 -0.1328626 -0.3681391 -0.2169300 0.3082704 0.3430180 0.2027286 -0.1364567 -0.0484838 0.2240051
0.8662652 0.8526476 0.0000000 0.2446122 0.8681010 0.4446113 -0.0665430 0.6045343 0.4733220 0.2616019 0.2578449 0.1624612 0.6272779 0.0275848 0.3845265 0.0300058 0.0070272 0.1212545 0.1095388 -0.0193935 0.3915721 0.2543324 0.0597150 0.2410783 0.1109725 0.0638457 -0.0025782 -0.0110774 0.1499563 -0.0615058 0.5156730 0.3296834 0.0638713 0.1462794 0.1507183 0.1494378 0.1545108 0.2522226 -0.1075992 -0.0765344 0.1542047 0.2564918 0.0455793 0.1407324 0.1055428 0.0263202 0.1064445 0.3968326 0.1993063 0.0702351 0.1670746 -0.0528510 0.1998351 -0.0842857 0.3800720 0.0439596 0.0175715 0.0427994 -0.0669674 0.1256656 0.1991702 0.0968207 0.4793428 0.3317632 0.2916113 0.2792700 0.0637280 0.0154492 0.1697683 0.1261886 0.0192821 0.4325725 -0.0986929 0.6530997 0.0120706 0.1793267 0.5170147 -0.0149699 0.0856098 0.6640891 0.1589360 -0.4191482 -0.3419281 -0.5031641 -0.2496532 -0.0783669 0.1209509 -0.0087473 -0.2059952 -0.0378394 -0.1784049 -0.4738438 -0.3933086 0.0159072 -0.5183551 -0.3802924 -0.4558871 -0.2156806 -0.3311933 -0.2322492 -0.2598896 -0.1257433 -0.1778233 -0.2188441 -0.3068788 -0.3720427 -0.2438519 -0.4485669 -0.3780302 -0.0468210 -0.1604472 -0.4639854 -0.4742605 -0.5375075 -0.5241145 -0.6391478 -0.5332590 -0.3765357 -0.5301753 -0.4496655 -0.4531809 -0.5891289 -0.0758327 -0.5871849 -0.5835726 0.2533294 -0.3916866 -0.1159483 -0.0480845 -0.3560572 -0.3765847 -0.1596388 -0.4686028 0.2682107 -0.1948612 -0.2449212 -0.2246872 -0.0307887 0.2999166 0.1618495 -0.5611779 0.1224793 0.2157661 0.3492213 -0.2972496 -0.5667244 -0.0272061 -0.3743999 -0.2721887 0.1565838 0.2066834 -0.2324856 0.2137300 -0.5367961 -0.3988550 -0.1255074 0.4540053 -0.5133234 0.3273351 0.3820830 -0.7409827 0.2370606 -0.4486300 0.4543382 -0.3125065 -0.6036226 -0.3923234 -0.2974818 0.4028141 0.3056068 -0.4162629 0.0308863 0.1577506 0.1296604 0.3374921 0.0844872 0.3441556 0.1401819 0.5051287 0.5414165 0.0295301 0.2343657 0.0308511 -0.1062619 0.0426515 0.4496734 0.4756640 0.6430159 0.6465690 0.3382862 -0.3293296 0.4552420 0.3845074 -0.1230990 0.0816532 -0.0602373 0.3082123 0.5420645 0.3903209 0.2979937 0.1399016 -0.2031962 -0.3891994 -0.2898284 0.1210845 -0.4116254 0.0604916 -0.0484636 -0.1647577 0.2618304 -0.4390148 -0.0534755 0.3741074 0.5368461 0.3887315 -0.0154084 0.1717222 0.3781629
0.3613085 0.4392989 0.2446122 0.0000000 0.1027193 0.6847664 0.2736352 0.4819142 0.4797217 0.1447774 0.0462518 0.8109784 0.3261488 -0.1687678 0.6179417 -0.3172739 -0.2834072 0.2475625 -0.3183469 0.3674936 0.6271190 -0.0611582 -0.2614437 0.3768864 -0.1717233 -0.1417947 -0.3314409 0.1932939 0.3706706 -0.3353918 0.0028460 -0.1690537 0.1741988 0.3487871 -0.0509895 0.2723483 0.1644047 -0.1587370 -0.2947744 -0.4533326 -0.1812605 0.2656423 -0.1604954 -0.1377345 0.3927428 0.0137924 0.1416538 -0.1235718 0.2102431 0.0819806 0.0175197 -0.3667098 0.4584142 -0.3454237 -0.0137615 0.1306531 0.0650284 -0.0760975 -0.2532671 -0.0042711 0.3015903 -0.0818688 -0.2009086 0.2883851 0.5113437 -0.0674165 0.0470472 -0.0180474 0.0002148 0.0603214 0.0566149 0.6544929 -0.0526027 0.5344317 0.1678396 0.3006127 0.6194837 0.1840931 0.3239101 0.2020451 0.1538564 -0.2689977 -0.1604955 -0.5088997 -0.4404645 -0.4084104 -0.0498797 -0.4200387 -0.3472946 -0.2880139 -0.3457735 0.0178708 -0.2063996 0.1400988 -0.0716894 0.0594452 0.0317657 0.0992970 -0.4942843 0.2154736 -0.0781452 -0.1942063 -0.2952271 -0.0506250 -0.0441605 0.0096985 -0.3821328 -0.0819523 -0.2383365 -0.2725911 -0.4224212 0.0835992 0.1866323 -0.1075591 -0.1021332 -0.0094963 -0.1431630 -0.2086299 -0.0675530 -0.3242844 -0.1544667 -0.0392892 -0.3002198 0.1133904 -0.2505555 0.2474359 0.1483889 -0.3521728 0.3556170 0.3659146 0.2278976 -0.1663631 0.0885835 0.5538529 -0.1309278 -0.2163463 0.1832049 0.3222547 0.0968493 -0.0006032 -0.2036763 -0.0034793 -0.0062805 0.1332025 -0.0923865 0.1051118 -0.0200794 -0.2700719 -0.1130556 -0.0757077 0.0267395 -0.3383262 0.0940240 -0.2533023 -0.1369221 -0.1997979 0.3513113 -0.0473047 -0.1127659 0.3002611 -0.1261289 0.0491898 -0.0161021 0.4224584 0.1004388 -0.1283698 -0.2349728 -0.0605476 0.0985513 0.0663608 0.0039497 0.0851213 -0.2849427 -0.3040640 -0.1321369 0.3860481 0.7389465 -0.1715033 0.4877245 -0.2412739 -0.3205028 -0.1080654 -0.1320274 -0.1873684 -0.2234536 0.3363125 -0.1339267 -0.0239357 0.5677412 0.6045478 -0.3430330 0.6660882 0.3638849 -0.2102053 0.1610167 0.1964467 -0.0927951 0.2885182 0.1880300 0.0401396 0.4622193 -0.2312595 0.4012911 0.2507336 0.0434748 0.0396892 0.0471849 0.2511250 -0.1599721 -0.3597171 0.3816230 0.1038589 -0.2711602 0.4328175 0.3001885 -0.5540740 -0.1108380 0.3251992
0.7611233 0.7457504 0.8681010 0.1027193 0.0000000 0.2159826 0.1027850 0.4249618 0.1953902 -0.0231108 -0.0943127 -0.0008554 0.6263362 -0.1655485 0.1071639 -0.1929401 -0.1351841 -0.1202788 -0.0371262 -0.0082871 0.0608196 0.2682659 -0.1948596 0.0395176 0.0571918 -0.1487993 -0.0691607 -0.1294220 -0.0745787 -0.1479107 0.4021695 0.4356481 -0.0853328 -0.1148176 -0.1343138 -0.0715071 -0.0314436 0.2416088 -0.2885886 -0.1798880 0.2732645 0.1297297 -0.2029575 -0.0626696 -0.1318175 -0.0306892 -0.0424777 0.5132156 -0.0947102 0.1237948 -0.0671951 -0.2715554 -0.1480306 -0.2582628 0.3967839 0.0155976 -0.0158566 -0.1904610 0.0779504 -0.0163798 0.0060981 -0.1346487 0.6064561 -0.0267596 -0.0690160 0.3414764 -0.0350666 -0.2628308 0.2283637 -0.1827143 -0.1185691 0.1210036 -0.3649452 0.4120670 -0.0726669 -0.0099980 0.2482506 -0.1609008 -0.1193352 0.5337331 -0.1091474 -0.2576472 -0.0045459 -0.1787146 0.0188051 0.1703875 0.2077700 0.3448497 0.0208362 0.2871709 -0.0555515 -0.2502418 -0.0868693 0.1832787 -0.5278345 -0.1645979 -0.1920600 -0.1147966 -0.0913323 -0.0668239 0.0075309 0.0906818 0.0742426 -0.0065966 -0.0689490 -0.2347287 0.1103394 -0.0826724 -0.1026006 0.3097776 0.0311743 -0.4600497 -0.3591052 -0.2354086 -0.3612060 -0.4554168 -0.2620131 -0.1747737 -0.3163561 -0.5052773 -0.4232802 -0.4270853 0.1299930 -0.4624359 -0.5657207 0.0116858 -0.2968893 -0.0514524 -0.2340165 -0.2463907 -0.2945132 -0.1238162 -0.3168966 0.2263940 -0.0951446 -0.1732626 -0.1291981 -0.1216003 0.2917570 0.0846245 -0.3699437 0.0984535 0.3962054 0.2528520 -0.0781854 -0.4791776 0.0457198 -0.1223274 -0.1446330 0.1952488 0.1644104 -0.1844919 0.1716010 -0.3659445 -0.2284816 -0.1421430 0.3327395 -0.3301845 0.4189215 0.2443661 -0.5433813 0.2102590 -0.4318417 0.2619442 -0.1809289 -0.4947571 -0.2569784 -0.1647269 0.4196801 0.2536711 -0.2780275 0.1883296 0.0308525 0.1390919 0.4994589 0.1438446 0.1004953 0.1848615 0.1427292 0.3843788 0.0306256 0.0332663 0.1246104 -0.1449030 0.1760872 0.1160625 0.4373735 0.5688076 0.4310198 -0.0261322 -0.4446904 0.1251049 0.1107579 -0.2982042 -0.1525528 -0.2265321 0.1430848 0.4177915 0.1163438 0.1253931 0.0160566 -0.0974454 -0.4355573 -0.3779254 0.3685469 -0.4019982 0.0902660 0.0253636 -0.0860592 0.2345388 -0.4437844 -0.2456371 0.5014272 0.3742466 0.3706134 0.1448473 0.4052386 0.3772217
0.3734204 0.7088416 0.4446113 0.6847664 0.2159826 0.0000000 -0.0427734 0.3091883 0.8559168 0.5190153 0.3401871 0.6942407 0.2739948 0.3753746 0.8217227 -0.0638520 0.0745570 0.7132367 -0.0190593 0.2739605 0.7607391 0.1453415 0.0755061 0.8055885 0.0654150 0.0070798 -0.0879017 0.6241009 0.7704285 -0.0054015 0.2180054 0.0835867 0.5999320 0.7671461 0.3307769 0.5460396 0.2073274 0.1792823 -0.0914794 -0.1580813 -0.0021251 0.4783619 0.2134460 0.3722198 0.5297680 0.1549331 0.3354111 0.1108951 0.6942144 0.1333263 0.3727572 0.0234591 0.6883258 0.0349203 0.1064461 0.2165299 0.1726556 0.3107024 -0.3710542 0.3476623 0.1928168 0.4389207 -0.1286874 0.5842649 0.5324358 0.1201960 0.2670360 0.4514956 0.1257970 0.4755362 0.2132361 0.7061256 0.4232514 0.4394078 0.1842086 0.3814368 0.6894995 0.3169445 0.5073945 0.3152694 0.3384811 -0.1051704 -0.1247328 -0.4896892 -0.3465465 -0.2369649 0.2133768 -0.4954284 -0.4131606 -0.4177603 -0.0737123 -0.2058324 -0.3694423 0.1054660 -0.0519512 -0.1687912 -0.2309522 0.0211346 -0.5171833 -0.0223449 -0.0480966 -0.2020995 -0.2121816 -0.1111969 -0.1174524 -0.1682881 -0.3888435 -0.4091636 -0.4121896 -0.1217592 -0.2980223 0.0676945 -0.2461861 -0.5599064 -0.4620014 -0.5149590 -0.6984807 -0.6196393 -0.6102505 -0.5292071 -0.4778318 -0.6098103 -0.4397856 -0.3971590 -0.5261824 0.2197223 -0.3147472 -0.2202644 -0.0504930 -0.0592486 -0.1607733 -0.2508790 -0.2991712 0.3155156 -0.4445171 -0.2188478 -0.2290921 -0.0425314 0.0839825 -0.0220472 -0.4732553 -0.1351669 -0.2932615 -0.0645194 -0.5063428 -0.2448608 -0.2687047 -0.5065138 -0.4064536 -0.0031751 0.1121573 -0.4257431 -0.0417577 -0.5906660 -0.4516451 -0.3425604 0.2719556 -0.4666731 -0.0265396 0.1079670 -0.5221095 0.0637768 -0.3201998 0.2109651 -0.2624179 -0.5268519 -0.5030198 -0.3674347 0.0997011 0.0159545 -0.3439961 -0.2144439 -0.2597968 -0.2590401 0.0336289 0.2637988 0.6528088 -0.3747824 0.6150973 -0.0357466 -0.4932922 0.2670805 -0.0759106 0.1046400 -0.3338883 0.3100523 -0.1160955 -0.0639707 0.5977066 0.6773440 -0.4056996 0.5535595 0.2309632 -0.4124085 -0.0674427 -0.1059695 0.0223785 -0.0267615 0.1649024 0.1511046 0.0078131 -0.6577909 -0.2112196 -0.3049782 0.0939925 0.0910161 -0.1394069 -0.2510169 -0.4202595 -0.5416280 -0.1554472 -0.1776590 -0.0770598 0.1660981 0.0252756 -0.4185229 -0.2243492 0.1752807
0.1765023 0.0860599 -0.0665430 0.2736352 0.1027850 -0.0427734 0.0000000 -0.2658322 -0.3933274 -0.6063794 -0.5913177 0.3715902 -0.1277950 -0.5312788 -0.0217033 -0.6165232 -0.4055142 -0.3414366 -0.5290162 0.4669178 -0.0539613 -0.3408535 -0.6713220 -0.3397500 -0.4458832 -0.5126139 -0.3913462 -0.1070071 -0.2637781 -0.4003214 -0.2602399 -0.1397706 -0.3188828 -0.3051714 -0.5823729 -0.0013038 -0.3747027 -0.1569171 -0.4368258 -0.3932100 0.3288690 -0.1441032 -0.5939542 -0.4286532 -0.2617357 -0.0837550 -0.2895326 0.1812756 -0.3593929 0.1138287 -0.4949871 -0.5381943 -0.3493195 -0.4433107 -0.0863549 -0.0392954 -0.1835941 -0.4248097 0.1792081 -0.3742298 -0.3011831 -0.6229576 0.1289514 -0.4692705 -0.3022639 -0.1363879 -0.3513140 -0.5130498 -0.1002361 -0.6230457 -0.3529866 -0.2342888 -0.5827881 -0.0870772 -0.0886323 -0.2347510 -0.0373100 -0.3221682 -0.2634510 -0.0235476 -0.5904000 0.3661618 0.4669902 0.3742335 0.1387727 -0.0070575 0.0250225 0.1446576 -0.0319532 0.1809373 0.0605806 0.4312977 0.5231269 0.3761936 0.1669534 0.3302977 0.5730356 0.3963539 0.0152009 0.2564688 0.1641154 0.2312408 0.0870838 0.0296515 0.3401426 0.1900829 0.1623552 0.5268690 0.3055742 0.1818495 0.0281061 0.0888603 0.4081464 0.5282324 0.2399765 0.5469794 0.3985596 0.2310357 0.4288205 -0.1399786 0.1774339 0.5359175 -0.0454529 0.6115306 0.1503908 -0.2407807 0.5596428 -0.0644892 0.0886797 0.5849258 0.5646166 0.1171291 0.5186430 0.3102943 0.1403592 0.1301399 0.5368103 0.0252947 0.0072818 -0.0283615 0.4645265 -0.0085125 0.2878977 0.0497225 0.5235579 0.4598779 0.0681041 0.4633051 0.2757697 0.1575521 0.0587109 0.1584256 0.0906037 0.5347511 0.6463042 0.1972926 -0.0019119 0.5689340 0.0181479 0.0381228 0.5284304 0.1344503 0.4336599 0.0309367 0.5684373 0.4959249 0.4461329 0.3171218 0.2140014 0.1398666 0.5113811 0.6569398 -0.1192640 0.2558843 0.6084184 0.7786350 0.1963894 -0.0002378 -0.1779830 -0.3419633 -0.1222158 -0.3364911 0.2116863 -0.0752475 0.2557882 -0.2440140 -0.1230268 -0.1106065 0.1448277 0.0121363 -0.4218611 -0.0987429 -0.2326923 -0.4220809 -0.2171397 -0.2095353 -0.3393501 0.0032061 -0.3552121 -0.3117840 0.3211839 0.0215303 0.3735851 0.1678802 0.6438669 0.3184702 -0.0012406 0.6327812 0.4987857 -0.1013838 0.5549560 -0.0565328 0.3424870 0.3925291 0.1910407 0.0029425 -0.1307120 -0.2667020
0.5473789 0.4822913 0.6045343 0.4819142 0.4249618 0.3091883 -0.2658322 0.0000000 0.4714541 0.2508612 0.2862496 0.2480724 0.8378957 -0.1655623 0.4097593 0.1528750 -0.2184220 0.0833898 0.3525016 -0.2240574 0.4004937 0.4209540 0.2436767 0.3232097 0.4582639 0.4780740 -0.1980804 -0.0324824 0.2291323 -0.2473243 0.6424248 0.4271498 0.1970936 0.2307425 0.3976203 0.0869436 0.6059096 0.3894040 -0.0776071 -0.2877517 0.0339629 0.1862535 0.1569498 -0.1195379 0.3243795 0.4113492 0.5238216 0.2555692 0.0813966 0.3464513 0.4709429 -0.0867098 0.3287480 -0.2780971 0.5802875 0.4746687 0.4632039 -0.1357324 0.0319182 0.4156211 0.5773777 0.2533882 0.3737555 0.3450298 0.5033041 0.4711558 0.4691721 -0.0641609 0.4172956 0.1881624 0.5004759 0.5404773 0.0875703 0.7626564 0.5192139 0.5403578 0.5699087 0.4759605 0.4357515 0.5908362 0.5493090 -0.4705059 -0.4090505 -0.6979929 -0.2436134 -0.1527834 0.0935114 -0.1375228 -0.0168466 0.0399754 -0.1288289 -0.1749853 -0.4091779 0.0757087 -0.2305886 -0.0020391 -0.2233817 -0.1352474 -0.1917839 0.1063924 -0.0646786 -0.1132485 -0.2317179 0.1286310 -0.0341035 0.0833620 -0.2207749 -0.2241525 -0.1317630 -0.1513316 -0.1552575 -0.3551912 0.0678104 -0.2277320 -0.2139767 -0.2756456 -0.1828340 -0.1093780 -0.1549735 -0.2533867 -0.2750513 -0.3214062 0.0638763 -0.2154122 -0.2599997 0.1128282 -0.1802542 -0.2544554 0.0261708 0.0833356 0.0625763 -0.0142292 -0.1071602 0.4410905 0.0263803 -0.2496456 0.1280288 0.0927044 0.1180254 -0.0270374 -0.4006617 -0.0289868 0.2877589 0.1801607 -0.0157903 -0.2732234 -0.0704973 -0.3185066 -0.0343221 -0.2110173 -0.0307192 -0.3320416 0.0396838 -0.3783506 -0.3342562 -0.3113724 0.3657294 -0.1472202 0.1551150 0.2683420 -0.3839765 0.1069790 -0.2535068 0.4118213 0.0165171 -0.2949579 -0.2175377 -0.0282244 0.1331780 0.0171093 -0.0826777 -0.0031167 0.1005778 -0.1282017 -0.2186358 -0.1586211 0.3230075 0.2446792 0.3903104 0.2702197 0.2146452 0.0752650 -0.0568192 -0.1858399 0.0496707 0.5670692 0.6092570 0.6344390 0.5760034 0.3345447 -0.1454952 0.5469017 0.3770115 0.1582234 0.0770245 0.0237793 0.0532765 0.4691396 0.6516175 0.0899568 0.3653155 -0.0916873 0.0800181 0.0735186 -0.3210948 -0.5326278 0.0329663 -0.1402590 -0.2378064 0.0417141 -0.0858316 0.0230556 -0.2924577 0.3411783 0.2040179 -0.3257955 -0.0695180 0.2938387
0.3841504 0.6195615 0.4733220 0.4797217 0.1953902 0.8559168 -0.3933274 0.4714541 0.0000000 0.7137512 0.5329385 0.5594295 0.3958792 0.5418012 0.8612119 0.1434123 0.1607777 0.8614676 0.2266694 -0.0972950 0.7876426 0.2811836 0.3736315 0.9324185 0.2855338 0.2438563 0.0777039 0.7181370 0.8607359 0.1345732 0.4098752 0.1917670 0.7881348 0.8680508 0.5729601 0.5185883 0.4155413 0.2614190 0.0687720 0.0003339 -0.0833367 0.4449900 0.4559280 0.5797556 0.5751238 0.2358155 0.4809828 0.0243606 0.7872788 0.1387447 0.5840316 0.2091254 0.7571449 0.1555394 0.2123088 0.2985949 0.3232006 0.3726156 -0.4296183 0.5209550 0.3012303 0.6754868 -0.0329397 0.7212365 0.5716060 0.2567717 0.4383898 0.5163172 0.2132943 0.6216460 0.3573712 0.8023369 0.5352936 0.5351947 0.2885620 0.4256840 0.7461564 0.4233573 0.4953819 0.3358062 0.4990566 -0.2858244 -0.3863039 -0.6040489 -0.3482140 -0.1275898 0.2638743 -0.4749660 -0.2381250 -0.4473359 0.0799676 -0.2097356 -0.5007778 -0.0251620 -0.0014694 -0.0849676 -0.3238163 -0.0507034 -0.4258644 -0.2097910 -0.1705933 -0.1646168 -0.1987123 -0.1592856 -0.0821649 -0.0318180 -0.3133737 -0.5191428 -0.4009716 -0.1913899 -0.2246259 -0.1146218 -0.4021875 -0.6953226 -0.5265156 -0.6432619 -0.6913627 -0.5281627 -0.6127882 -0.4759830 -0.4607932 -0.7065564 -0.2838146 -0.5816179 -0.5164917 0.3009421 -0.3424156 -0.0976466 -0.1684936 -0.1596180 -0.2811695 -0.2090780 -0.3309717 0.3397110 -0.4214536 -0.1513575 -0.2623874 -0.0739652 0.0070919 0.0285341 -0.6034455 -0.0911877 -0.3049986 -0.0089335 -0.5336412 -0.3414109 -0.3189124 -0.6903925 -0.4641663 -0.0400251 0.1674137 -0.3948621 -0.0956886 -0.6873980 -0.7224433 -0.3920844 0.3363390 -0.5535149 -0.0089984 0.0966596 -0.6492267 0.1047535 -0.3615942 0.1779429 -0.3156478 -0.5683574 -0.5409453 -0.4056348 0.0996624 -0.0396080 -0.4065445 -0.3396322 -0.0474535 -0.2373788 -0.2359695 -0.0735165 0.5950728 -0.2699239 0.6681570 0.1462778 -0.2978394 0.3974580 -0.1976582 0.0998374 -0.4100154 0.3895765 0.0985624 0.1127883 0.6262078 0.6338407 -0.2687838 0.5393100 0.2429304 -0.1999018 0.0293669 -0.0782189 0.1708714 0.0485021 0.2813182 0.2693523 -0.0536059 -0.5796011 -0.2514090 -0.3134168 -0.2693862 -0.2754015 -0.1968357 -0.4669264 -0.4341149 -0.3947255 -0.2543376 -0.1335357 -0.2979100 0.0086090 -0.0661376 -0.4812631 -0.2488690 0.0914777
0.1530614 0.2155711 0.2616019 0.1447774 -0.0231108 0.5190153 -0.6063794 0.2508612 0.7137512 0.0000000 0.8662831 0.1763399 0.2532012 0.8699681 0.5268332 0.5040568 0.7089405 0.7120272 0.2445719 0.1036460 0.5236853 0.2194218 0.4491703 0.5821848 0.1554119 0.3029505 0.7036402 0.4726508 0.5984514 0.7118644 0.2640573 -0.0260388 0.4973935 0.6589144 0.5410673 0.2366700 0.4007631 0.0967598 0.6613736 0.6211968 -0.1991677 0.2134848 0.6634897 0.7358533 0.5639636 -0.0532411 0.2686944 -0.1621991 0.7964915 -0.1898636 0.4428310 0.6344584 0.7924724 0.6916407 0.0220844 -0.0330095 0.0675531 0.7977460 -0.7079477 0.2532172 0.1724341 0.6088578 -0.2844820 0.8925067 0.5649689 -0.0869332 0.1086146 0.7920417 -0.1112867 0.8155806 0.0943726 0.7412515 0.6463768 0.2611589 -0.1059305 0.1759816 0.3836072 0.0796626 0.2882378 -0.0052235 0.3309723 -0.4089337 -0.5220264 -0.6401415 -0.3718440 -0.3380860 -0.1628569 -0.6070369 -0.3683409 -0.5890380 -0.1184399 -0.3573880 -0.7193736 -0.2753984 -0.0025523 -0.4016012 -0.6182290 -0.3606933 -0.3947919 -0.5428895 -0.4719157 -0.3217961 -0.1852494 -0.3621433 -0.4028884 -0.1931330 -0.4381790 -0.7311176 -0.5228105 -0.4779224 -0.2610701 0.0247456 -0.5400255 -0.8485599 -0.4794270 -0.5495889 -0.6065456 -0.4194747 -0.5052164 -0.2164216 -0.2313029 -0.6618739 -0.2604086 -0.5998965 -0.3206670 0.4383233 -0.5249649 0.0936482 -0.0381256 -0.4925299 -0.5138373 -0.3284205 -0.5082023 -0.0262684 -0.5010810 0.0330681 -0.3925378 0.0850492 0.2070207 0.0238558 -0.6384205 0.0263155 -0.5338859 0.0161466 -0.5518993 -0.3571696 -0.0905691 -0.6247318 -0.6173571 0.0341064 0.1534231 -0.1864439 -0.0004091 -0.7479274 -0.8297408 -0.1611726 0.1190438 -0.7423426 -0.0282356 0.0566343 -0.7276647 -0.0469991 -0.3304349 0.0378622 -0.5902944 -0.4867260 -0.6363227 -0.6538465 -0.1235342 -0.0664769 -0.6545062 -0.7742600 -0.0307568 -0.5175876 -0.5648612 -0.4648009 0.3632319 -0.4906642 0.5903256 0.1203982 -0.5361149 0.2606268 -0.5197130 -0.1621626 -0.7056329 0.3957464 -0.2168236 -0.0772921 0.1370750 0.2902109 -0.1016768 0.2563642 0.1715189 -0.1232458 0.1016201 0.0948613 0.3411293 -0.0950955 0.1842632 0.4689974 -0.1731697 -0.1235930 -0.3386180 -0.3436083 -0.5111236 -0.1848600 0.0653486 -0.4627256 -0.6133315 -0.0743411 -0.3585286 -0.1734172 -0.2046439 -0.0488791 -0.0668258 -0.3637244 -0.0047444 0.2838481
0.1382417 0.1863294 0.2578449 0.0462518 -0.0943127 0.3401871 -0.5913177 0.2862496 0.5329385 0.8662831 0.0000000 0.0750042 0.1710799 0.7141914 0.3957027 0.8024075 0.7820312 0.5198949 0.4365032 0.0718942 0.4003029 0.0542114 0.6479232 0.3863121 0.1614713 0.4829933 0.6528343 0.2788680 0.3611114 0.6851575 0.2550685 -0.0634772 0.2395738 0.4147041 0.6128083 0.0526732 0.4618774 0.0835428 0.7629531 0.6498540 -0.1897536 0.0991498 0.7484664 0.5461491 0.4562916 -0.0250447 0.3081200 -0.1387722 0.5959491 -0.2428480 0.4836266 0.7701256 0.6664961 0.7203265 0.0088184 -0.0850210 0.0452858 0.7803002 -0.5492884 0.2423052 0.2160261 0.5816697 -0.2001979 0.8687204 0.5582813 -0.1097924 0.0501258 0.7828699 -0.1734230 0.8895221 0.1529517 0.6454500 0.5999176 0.3262652 -0.0682813 0.3390491 0.4220769 0.0798551 0.3212722 0.1678393 0.3755814 -0.2405732 -0.5485710 -0.6811209 -0.4711885 -0.4877435 -0.3048837 -0.5644103 -0.5137075 -0.6176063 -0.2229376 -0.5145536 -0.8108593 -0.1812384 0.0172867 -0.6213639 -0.7639488 -0.5019293 -0.4501798 -0.4946764 -0.4788931 -0.3891432 -0.1961433 -0.3983813 -0.6142978 -0.3779080 -0.6087327 -0.7213906 -0.5744623 -0.5496184 -0.3329192 -0.0018020 -0.4298931 -0.8006500 -0.5580648 -0.4826558 -0.5985226 -0.4890888 -0.5050911 -0.1143613 -0.1888863 -0.5758732 -0.2702764 -0.5448513 -0.2703731 0.4361713 -0.5722702 -0.0237764 0.0350876 -0.5651935 -0.5621661 -0.4132039 -0.6535992 -0.1421916 -0.4831357 -0.0430306 -0.4365647 0.1651570 0.2771683 0.0220294 -0.6513625 0.0968322 -0.6198760 0.0688850 -0.6278752 -0.3378203 -0.0040754 -0.5526096 -0.5962453 0.0794426 0.1012503 -0.1093438 0.0960003 -0.6965463 -0.7241485 -0.0725791 0.0990852 -0.7338147 -0.0705423 0.1505440 -0.6682223 0.0121666 -0.3142564 0.1854677 -0.5902050 -0.4027967 -0.6191942 -0.6468414 -0.1342458 0.0762182 -0.6448674 -0.7747708 0.1824000 -0.3714736 -0.5500853 -0.5812308 0.2761826 -0.2509538 0.5137059 0.2167433 -0.2905333 0.2155657 -0.4829321 -0.2036546 -0.5501056 0.4799564 -0.1072074 0.1179568 0.1287185 0.2935905 0.0783306 0.3288903 0.3112280 0.0538733 0.1778595 0.1785506 0.4060662 0.0279846 0.3622664 0.4582255 -0.0589732 -0.0713730 -0.3592392 -0.3337873 -0.5543248 -0.1378472 0.1010508 -0.4431850 -0.5272200 0.0651311 -0.3787789 -0.0791252 -0.0768476 0.0999861 -0.0464755 -0.2582977 -0.0074170 0.2685807
0.3727149 0.4839596 0.1624612 0.8109784 -0.0008554 0.6942407 0.3715902 0.2480724 0.5594295 0.1763399 0.0750042 0.0000000 0.1553860 0.0472619 0.7975971 -0.3133910 -0.1818691 0.5328481 -0.2412150 0.2887812 0.7317971 -0.1471915 -0.1553779 0.5161321 -0.1821391 -0.1968296 -0.2488446 0.5415389 0.5368453 -0.1920503 -0.0433501 -0.1560822 0.3593657 0.4944475 0.0248680 0.3663972 0.1331015 -0.0332436 -0.2520162 -0.3391963 0.0884185 0.2360469 -0.1148535 0.0603081 0.3651672 0.1231512 0.2286996 0.0040319 0.3626156 0.1431997 0.0873816 -0.2929878 0.4773578 -0.2437818 0.0132043 0.1956323 0.1547350 -0.0146536 -0.3461214 0.1006323 0.1242151 0.0414850 -0.1471949 0.3107317 0.3696185 -0.0077546 0.0808750 0.0526856 -0.0117144 0.1301338 0.0827473 0.6101351 0.0485260 0.4024235 0.1752251 0.3157934 0.6405165 0.1633662 0.3355562 0.1319204 0.1355054 -0.0327266 -0.0807680 -0.3773965 -0.3132639 -0.3258443 0.1675524 -0.5793754 -0.2139502 -0.3611546 -0.0065419 0.1884991 -0.0026407 0.2642989 0.2083829 0.1967749 0.0951227 0.2212952 -0.5018011 0.1490865 0.0043283 -0.1503021 -0.2219896 -0.0201935 0.0678410 0.0950743 -0.2094947 0.0008732 -0.0928714 -0.2297432 -0.3408313 0.1803960 0.1562039 -0.1006033 -0.0464861 0.0922828 -0.1465302 -0.1523446 0.0320192 -0.2588511 -0.0056937 0.0325035 -0.4535105 0.1936213 -0.0737667 0.1281789 0.2013075 -0.3105746 0.2472206 0.4459610 0.3065649 -0.2657184 0.1447776 0.4907112 -0.2884171 -0.1190395 0.2012698 0.1813213 -0.1214369 -0.0764912 -0.2470494 -0.1232518 -0.1989259 0.0070097 -0.0429260 0.1321433 -0.2006154 -0.3045240 -0.2609165 -0.0456405 0.0532378 -0.3202809 -0.0572941 -0.2411422 -0.1099327 -0.2241554 0.3113501 0.0085178 0.0240646 0.1369831 -0.0643583 0.0768403 0.0110304 0.2585564 0.1758862 -0.0949498 -0.2449178 -0.1665073 0.1273762 0.0106670 0.0023562 0.0812143 -0.1523951 -0.0277824 -0.0040081 0.5116475 0.9117210 -0.1810698 0.5297244 -0.2862133 -0.3028813 -0.0689901 -0.1741471 -0.1081537 -0.3142162 0.1921305 -0.1482541 -0.0888171 0.6110209 0.6470907 -0.3922626 0.4923219 0.2365480 -0.3272426 0.0752267 0.1478164 -0.1067557 0.1863738 0.0808258 -0.0516774 0.5039353 -0.2835881 0.3411380 0.1586846 0.0883114 0.1073557 -0.1646536 0.0606337 0.0604133 -0.3820396 0.4793632 0.0192142 -0.2399957 0.2790693 0.0186155 -0.7156056 -0.3912296 -0.0545030
0.5459369 0.5256399 0.6272779 0.3261488 0.6263362 0.2739948 -0.1277950 0.8378957 0.3958792 0.2532012 0.1710799 0.1553860 0.0000000 -0.0817268 0.3381628 0.0701939 -0.1054370 0.0739160 0.3186408 -0.0779151 0.2578451 0.5657645 0.0527271 0.3010961 0.4504260 0.3699725 -0.0060383 0.0290181 0.2344387 -0.0608323 0.7201966 0.5844311 0.1973421 0.2077763 0.2701120 0.0644608 0.5195218 0.5444725 -0.0079252 -0.1265919 0.2908356 0.2116258 0.1094891 -0.0567845 0.2903626 0.4187275 0.4775346 0.5005822 0.0712165 0.4331293 0.3634499 -0.0432700 0.2280452 -0.1510840 0.7286792 0.5225577 0.4596630 -0.0645297 -0.0040518 0.3319763 0.3876305 0.1938015 0.5729426 0.2676874 0.2851807 0.5343267 0.3675727 -0.0748494 0.5478057 0.1156630 0.3485417 0.4414365 0.0139226 0.6139396 0.4174487 0.3883118 0.4327126 0.2869949 0.2956376 0.4906353 0.2403638 -0.3126992 -0.0968243 -0.4594418 0.0714617 0.1263480 0.2560962 0.0755674 0.1765066 0.2751728 0.0535967 0.0267964 -0.2996807 0.2220791 -0.1813955 0.1261389 -0.0320693 -0.0147073 0.0324019 0.1034261 0.0281850 0.1717942 0.0653174 0.2237530 0.2074493 0.2463097 0.0623511 -0.0419718 0.1075787 0.0757337 0.1472374 -0.3324810 -0.0032699 -0.2373288 -0.2981461 -0.2782898 -0.2075808 -0.1330862 -0.1527231 -0.4783537 -0.3524640 -0.4179948 0.2499542 -0.2794938 -0.3291328 -0.0309368 -0.2477071 -0.0316971 -0.2782814 0.0275221 0.0525809 -0.0134300 -0.0731544 0.4220128 -0.0788709 -0.0116051 0.1787406 -0.0015545 0.3103619 -0.0361393 -0.3042650 0.0101415 0.3712358 0.1078207 0.1240127 -0.2260957 0.0365167 -0.1362867 -0.0882096 0.0350055 0.1081940 -0.1863827 0.0886641 -0.3707112 -0.3227881 -0.2850913 0.3105797 -0.1376537 0.3422139 0.1645701 -0.3774289 0.2220187 -0.2120503 0.2010000 0.0830508 -0.2332251 -0.1856690 -0.0810179 0.2639761 0.0530904 -0.0499944 0.0554161 -0.0505252 -0.2472244 -0.0731326 -0.1519201 0.1701732 -0.0060446 0.2294270 0.2072896 -0.0351320 0.0639208 0.0154309 -0.1441950 0.0408136 0.3577656 0.5427671 0.5751855 0.4579186 0.0715167 -0.3978649 0.2027860 0.0722888 -0.2612509 -0.2780340 -0.3141969 -0.0091416 0.2270418 0.3304363 0.0878874 0.1283383 -0.1180461 -0.1217565 -0.2495266 -0.0755289 -0.5452582 0.1485946 -0.1757183 -0.3377836 -0.0542470 -0.2103153 -0.3193719 -0.0653898 0.2329348 0.2119262 -0.2133372 0.0707413 0.3189493
-0.0274299 0.0593887 0.0275848 -0.1687678 -0.1655485 0.3753746 -0.5312788 -0.1655623 0.5418012 0.8699681 0.7141914 0.0472619 -0.0817268 0.0000000 0.3420782 0.4482853 0.7851708 0.7415805 0.2097029 0.1234871 0.2836300 0.1466489 0.4482013 0.5140679 0.1091362 0.1328266 0.7587189 0.6158493 0.5140688 0.8228930 0.0909714 -0.0307045 0.5268550 0.5956201 0.4482399 0.1497842 0.2063351 0.1171452 0.6696881 0.7281046 -0.0231612 0.0346745 0.6373732 0.8119125 0.3303341 -0.0879541 0.1707721 -0.1200897 0.7654926 -0.2158216 0.3555214 0.6839374 0.5848247 0.7748299 -0.1225254 -0.1317949 0.0210342 0.7889330 -0.6869355 0.2282260 -0.1740203 0.6063051 -0.3567819 0.6816738 0.2236137 -0.0997582 0.0254343 0.7854820 -0.2155001 0.7297330 -0.0008115 0.4258874 0.6637470 -0.1502649 -0.2360107 -0.0315190 0.0820301 -0.0333507 0.1590374 -0.2337621 0.2118804 -0.1640699 -0.3233343 -0.3271959 -0.1714455 -0.2385375 -0.0224799 -0.5211094 -0.2578264 -0.5206741 0.1342905 -0.1909317 -0.4691364 -0.1711783 0.2022012 -0.3313062 -0.5145299 -0.3702981 -0.2386637 -0.5332264 -0.2698159 -0.3366329 -0.1207871 -0.2507560 -0.3125289 -0.1829155 -0.2520470 -0.5946969 -0.3920743 -0.2530613 -0.1077226 0.1349617 -0.5679715 -0.6964485 -0.3013235 -0.4529134 -0.5215362 -0.3249140 -0.4312042 -0.1448675 -0.1924013 -0.5843562 -0.3633879 -0.5242206 -0.2086025 0.1896282 -0.5420713 0.0828659 -0.1965172 -0.5187221 -0.5316531 -0.3372254 -0.4469803 -0.3257863 -0.4767082 0.0210781 -0.5133755 -0.1816109 -0.0229723 -0.1442538 -0.5286645 -0.1799293 -0.6067679 -0.2481857 -0.5364069 -0.3754434 -0.2765753 -0.5337697 -0.5512852 -0.0395050 0.0065635 -0.2085565 -0.2385221 -0.6185895 -0.6902486 -0.1971624 -0.1802712 -0.6546420 0.0295877 -0.2622627 -0.5491914 -0.2253369 -0.3655379 -0.3118376 -0.6136054 -0.4639039 -0.5522137 -0.6162945 -0.2740226 -0.2363489 -0.6191376 -0.8007542 -0.1028839 -0.3633447 -0.3755030 -0.4026391 0.1804872 -0.4625028 0.3240460 -0.0343470 -0.5188467 0.1879665 -0.5131749 -0.0924620 -0.7099396 0.0304577 -0.3842045 -0.3215756 -0.1198614 0.0701916 -0.1174869 -0.1079155 -0.1133789 -0.2193776 -0.0882893 -0.0269078 0.1898158 -0.3787349 -0.0617760 0.2669768 -0.3142542 -0.1086151 -0.4861579 -0.4583473 -0.3094559 0.0719004 -0.0967549 -0.5855544 -0.4506783 -0.0853504 -0.4229982 -0.3080574 -0.0341463 -0.2577646 -0.3721503 -0.1788640 -0.0642047 0.0514551
0.4192319 0.5718832 0.3845265 0.6179417 0.1071639 0.8217227 -0.0217033 0.4097593 0.8612119 0.5268332 0.3957027 0.7975971 0.3381628 0.3420782 0.0000000 -0.0488996 -0.0078660 0.7914619 0.0424232 0.0378336 0.9139459 -0.0077580 0.0893971 0.7994913 0.0318582 0.0945307 -0.0814734 0.6844637 0.8656659 -0.0294478 0.2008931 0.0109376 0.6819860 0.8396391 0.3530032 0.6090981 0.3096840 0.1589795 -0.0810615 -0.1177906 0.0031484 0.5167531 0.1571005 0.4999502 0.7041514 0.2244739 0.3898249 0.0424852 0.7550403 0.0953533 0.3959800 -0.0219642 0.8013561 0.0404177 0.2083136 0.2945467 0.2339121 0.3058479 -0.3784696 0.3800243 0.3905657 0.4058391 -0.0257715 0.6785887 0.6544214 0.0967118 0.3028988 0.3898420 0.1125313 0.4490341 0.2567582 0.8351766 0.3818576 0.6603950 0.2679611 0.4328488 0.8559170 0.3264076 0.4809412 0.3829246 0.3694131 -0.0993843 -0.2257552 -0.4386505 -0.2247689 -0.1609221 0.1949322 -0.5206064 -0.2016565 -0.4490070 0.1079665 -0.0649553 -0.2321299 0.0335704 0.0670276 0.0080314 -0.1301273 0.2564425 -0.5349317 -0.1714046 -0.1844942 -0.0415952 -0.0691240 -0.2168086 0.0230896 0.0062361 -0.1769010 -0.2728436 -0.2360237 -0.3301833 -0.2357574 -0.0304789 -0.1329344 -0.5018068 -0.3651364 -0.3185651 -0.4806508 -0.3226480 -0.3154936 -0.3406846 -0.1625678 -0.3683719 -0.2403865 -0.2291580 -0.2613311 0.2913548 -0.0576434 0.0008690 -0.0072447 0.1448830 0.0477357 -0.2612266 -0.1340066 0.5144218 -0.5385636 0.0688538 0.0742033 0.0774523 0.0648621 0.1099834 -0.4988186 -0.0082081 -0.3466263 0.1599459 -0.2740855 -0.0072314 -0.2039931 -0.5114718 -0.5266685 0.0585827 0.3255005 -0.2130470 0.0242643 -0.5071114 -0.4509309 -0.1252404 0.5186963 -0.3213577 0.1171845 0.2748862 -0.4280540 0.2663742 -0.0312597 0.3635239 -0.0741759 -0.2841273 -0.4397378 -0.4127810 0.2997005 0.1523451 -0.2503592 -0.1118766 0.1517117 -0.0651187 -0.1413318 0.2068882 0.7707804 -0.2832729 0.7697875 0.1289565 -0.2801211 0.3749012 -0.1350384 0.1347836 -0.2905015 0.4735210 0.1260755 0.1743483 0.7889954 0.8230079 -0.2825174 0.6304851 0.3322645 -0.2341031 0.0785447 -0.0483698 0.1789847 0.1460732 0.3156330 0.2303500 0.1039407 -0.5881824 0.0694933 -0.1075241 -0.1765211 -0.2209337 -0.2222591 -0.2336614 -0.2873268 -0.4160853 0.1694704 0.0013509 -0.3235657 0.2124443 0.0321562 -0.7383261 -0.4060058 -0.0535006
-0.1806248 -0.0482694 0.0300058 -0.3172739 -0.1929401 -0.0638520 -0.6165232 0.1528750 0.1434123 0.5040568 0.8024075 -0.3133910 0.0701939 0.4482853 -0.0488996 0.0000000 0.6999337 0.1870919 0.6930179 -0.1536481 -0.0324915 0.0711327 0.8193856 0.1195340 0.3680813 0.7237294 0.5027442 0.0270762 0.0093159 0.5580613 0.2667246 0.1377242 -0.0208888 0.0364929 0.6865664 -0.1837938 0.5184744 0.2315311 0.7548936 0.5567638 -0.0957054 -0.1112639 0.7941942 0.1860942 0.1268036 0.1879877 0.4094697 -0.0040552 0.1592509 -0.0327504 0.5624787 0.8394798 0.2441722 0.6103870 0.1241894 0.0623749 0.2143520 0.5315160 -0.1286050 0.3435795 0.1431412 0.5876432 0.0282364 0.5125296 0.2524798 0.1045310 0.1864881 0.5926923 0.0312151 0.7667036 0.3435156 0.1777573 0.5464103 0.0801507 0.1227696 0.4156477 0.1009244 0.2027283 0.3144976 0.1975917 0.3660201 0.0491285 -0.3200095 -0.3864019 -0.2821693 -0.2900297 -0.2500854 -0.2143712 -0.3337392 -0.3083062 -0.1179164 -0.4505259 -0.6618898 -0.0594049 0.1198010 -0.5185443 -0.6255920 -0.5144415 -0.0791887 -0.2235913 -0.1751485 -0.2294934 -0.0805065 -0.1291674 -0.4863229 -0.2598542 -0.4623805 -0.4465967 -0.3260417 -0.2869096 -0.0715570 -0.0569362 -0.2201403 -0.4753192 -0.4841823 -0.3559626 -0.4410760 -0.4412933 -0.4270016 -0.0322186 -0.2151873 -0.4363741 -0.1173476 -0.4305785 -0.1599395 0.1643805 -0.5584164 -0.0477911 -0.1780160 -0.5298704 -0.4706859 -0.1707853 -0.5507986 -0.3239884 -0.1728448 -0.0852266 -0.4033925 0.0366277 0.1928343 -0.0504981 -0.3302476 0.0692056 -0.4347822 -0.0730501 -0.4863494 -0.2907107 0.0586773 -0.2519025 -0.2624286 0.0824240 -0.0478915 0.0253251 0.0583741 -0.3759822 -0.4449397 -0.1134831 -0.1473114 -0.4597453 -0.1278302 -0.0113890 -0.3503626 0.0149845 -0.2607023 0.0405315 -0.3942061 -0.1756458 -0.2979264 -0.3148797 -0.2139282 0.0371791 -0.3488736 -0.6041650 0.2257654 -0.2052891 -0.4304906 -0.7148801 -0.1921929 0.0031851 0.0659260 0.2195301 0.0269928 0.1461769 -0.2272496 -0.0792211 -0.1954529 0.2929004 0.0466447 0.2083852 -0.1942660 -0.0636442 0.2548326 0.0390751 0.1613883 0.1794994 0.0157948 0.0301438 0.2399563 -0.1073311 0.3528276 0.2320658 -0.1464926 -0.0050485 -0.4457201 -0.4003330 -0.4849625 -0.0943462 0.0672574 -0.5311972 -0.3794287 0.1246146 -0.5021690 -0.1221872 0.0382764 -0.0937353 -0.2070088 0.1161597 0.0432252 0.1149890
-0.0663996 -0.0521996 0.0070272 -0.2834072 -0.1351841 0.0745570 -0.4055142 -0.2184220 0.1607777 0.7089405 0.7820312 -0.1818691 -0.1054370 0.7851708 -0.0078660 0.6999337 0.0000000 0.2977098 0.1854112 0.3434480 -0.0383999 -0.0173763 0.4691135 0.0802773 -0.0767023 0.1584083 0.8947253 0.2054062 0.0775301 0.9487579 0.0223096 -0.1772069 0.0070183 0.1210707 0.3088639 -0.2394358 0.0721139 -0.0500215 0.9176680 0.8933031 -0.0796651 -0.1745282 0.6829145 0.4960737 0.1318192 -0.2909112 -0.0360785 -0.1466430 0.4011571 -0.3932298 0.1529933 0.8689620 0.3172946 0.8865959 -0.2522264 -0.3515667 -0.2179891 0.8280029 -0.6251893 -0.0732385 -0.2580064 0.3839992 -0.3359839 0.5737935 0.1146965 -0.2960534 -0.2775048 0.7379817 -0.3534558 0.7167350 -0.2076680 0.2289347 0.4257426 -0.2132930 -0.4333486 -0.0616471 -0.0749480 -0.3233636 -0.0331842 -0.2652756 -0.0813591 -0.0361806 -0.2641143 -0.3263328 -0.2990710 -0.3931047 -0.3798362 -0.4032155 -0.4751273 -0.4993648 -0.1637202 -0.3465484 -0.6372956 -0.0758665 0.1398330 -0.5900295 -0.6115288 -0.6027254 -0.2746879 -0.4945144 -0.3448772 -0.3654999 -0.1049776 -0.3315325 -0.5662798 -0.3843011 -0.4118777 -0.5876248 -0.4699119 -0.3028235 -0.2537826 0.1262689 -0.5138460 -0.6133622 -0.3965664 -0.3020991 -0.4228099 -0.3823380 -0.3749046 -0.1022242 -0.1684381 -0.4643910 -0.2887879 -0.4287732 -0.2075810 0.1794288 -0.6207474 0.0094359 -0.0770588 -0.6592926 -0.6331021 -0.3739613 -0.6107824 -0.4657294 -0.3639591 -0.0149239 -0.5328030 0.0020101 0.2632294 -0.1622077 -0.3881838 0.0029808 -0.5571671 -0.1758006 -0.4893627 -0.3585094 0.0565010 -0.2215558 -0.4439145 0.1567015 -0.0545596 -0.0360193 -0.0077068 -0.4897654 -0.5264951 -0.0606278 -0.2956208 -0.6513497 -0.0804037 -0.1708835 -0.4968623 -0.2053591 -0.3287116 -0.2228274 -0.6237527 -0.3009651 -0.4503036 -0.5520041 -0.3529823 -0.1117203 -0.6007801 -0.7787885 -0.0455019 -0.3647505 -0.3550451 -0.5630813 -0.0104457 -0.3623624 0.1020647 -0.0727804 -0.5286132 -0.0852111 -0.5347866 -0.3339602 -0.6722954 0.0616200 -0.4928043 -0.2623139 -0.3686780 -0.1826835 -0.0659620 -0.2123352 -0.1077288 -0.1812942 -0.0600142 0.0622624 0.1850400 -0.3216400 -0.1361959 0.2556861 -0.2749135 0.1634332 -0.5308634 -0.5110284 -0.1887913 0.2048184 0.1322067 -0.3766263 -0.4721581 0.1200687 -0.4722647 -0.3702501 0.2922919 -0.0882541 -0.1875256 0.0669824 0.2689071 0.2131855
