0.0000000 0.6573398 0.1476985 -0.1152168 -0.0512208 -0.0098088 0.4118258 -0.0372573 -0.4449671 0.0621367 0.0370696 -0.2098464 -0.0228294 -0.3691648 -0.3334717 0.0628395 0.0261322 0.2435331 0.3015757 0.0008223 -0.1932635 0.4948695 0.1331490 -0.1974534 0.4842633 0.2823551 -0.0003573 0.0342208 -0.2482554 -0.0787289 0.1476830 0.5261562 -0.0831970 -0.1182754 0.1760718 -0.0062404 0.3637817 0.3101518 0.1047213 0.0628172 0.3442570 0.1439196 -0.0916206 0.1901350 0.1571956 0.2551270 0.1504336 0.2691094 -0.0797584 0.0901738 0.1685055 0.0304326 -0.1165320 0.0327206 0.0770633 0.0711743 0.2199148 -0.0541309 0.1624505 0.1878795 0.2050109 -0.0665608 0.0600553 -0.1712470 0.0827220 0.3165653 0.2064370 0.0240621 0.0101029 -0.0233948 0.3210312 -0.1140941 0.2229188 -0.0231747 0.2527255 0.1689427 -0.1575241 0.3662271 0.1911186 -0.0042557 0.0932429 -0.1303418 -0.0188100 0.0399472 0.2514349 0.0984786 0.2875098 -0.2777875 0.0797759 0.2138247 0.1185679 0.4819581 0.4409456 0.0064489 0.2377297 0.2263851 0.2275377 0.3248978 0.1292224 -0.1730683 0.0182166 0.2846380 0.3519494 -0.0045605 0.0971630 0.2999764 0.3037961 0.2037855 0.1822458 0.2856317 0.3044768 0.0145663 0.0949429 0.5295189 0.6372813 0.3737820 0.5009315 0.8002030 0.5036741 -0.2259208 0.0947366 0.2547699 0.1271627 -0.0462428 0.0219177 -0.3649409 0.0266951 0.0217172 -0.1422808 -0.2242456 0.0738679 -0.1448557 0.1261818 -0.1336687 -0.1057887 -0.0244781 0.0791183 0.0518792 0.2395886 -0.1997681 -0.1088138 -0.1389589 -0.1776337 0.0626331 -0.0633921 -0.1688621 0.2368528 0.1699732 -0.2068109 -0.1671705 -0.1653293 0.2183832 0.1336122 -0.1522953 0.0074571 0.2244534 0.4192258 -0.1810399 0.3236796 0.0275457 0.0335744 -0.0026025 0.3581450 0.3173848 -0.0027422 0.0232359 0.0204306 0.0333952 0.5500035 0.3222848 -0.3373227 -0.1947042 0.8902784 0.6656593 0.4985604 0.4912259 0.2715173 -0.1676037 0.1026566 0.2564150 0.1199614 0.0551838 0.1424053 -0.0028533 0.2212200 0.0895763 0.1971590 0.1479984 0.0855590 -0.0179858 -0.3727600 -0.1040276 0.0731966 -0.3113296 -0.3580303 -0.3344525 -0.1262881 -0.1613248 -0.0465685 -0.4043736 0.5586958 0.4514524 0.4369460 0.4149092 0.2476103 0.4856860 -0.0161730 0.1184322 0.4624782 0.1181075 0.3718102 -0.3481195 0.3001935 0.1804032 0.3347567 0.4453685 -0.1515112 -0.0433535
0.6573398 0.0000000 -0.0768381 -0.2023987 -0.1758492 -0.0955672 0.0594535 -0.2976214 -0.1633715 -0.0841773 -0.0821761 -0.0820635 -0.2958357 -0.1209269 -0.2002670 -0.0625195 0.1064920 0.1431533 -0.0885255 -0.1171781 -0.0022806 0.2467646 0.0133114 0.0590236 0.0844588 -0.0612681 -0.0704777 0.1667105 -0.2389634 0.2762226 -0.0474640 0.0851794 0.1212759 -0.3243481 0.0246994 0.2301315 -0.0542466 -0.0066154 0.2934912 -0.1250187 0.0646305 0.0417476 0.0386572 0.1838793 -0.2243157 0.0556607 -0.0371417 -0.0470421 -0.1549000 -0.1721564 0.0097789 -0.0781643 -0.3978669 -0.2119318 -0.2655575 -0.1388842 -0.0208812 -0.1588256 -0.0557300 0.0109232 -0.1289287 -0.2718578 -0.2542921 -0.2384753 -0.3192885 0.0718416 -0.0880408 -0.2651737 -0.2214907 -0.3201393 0.0036875 -0.2301489 -0.0588481 -0.2977439 -0.0272805 -0.1473372 -0.2787932 0.0867770 0.0952281 -0.0628337 0.0083204 0.4016038 0.1224277 0.3426139 0.6368209 -0.1820450 0.1912066 0.1492295 0.3123125 0.5368568 -0.1411901 0.3179258 0.4343456 0.3907971 0.3683322 0.3727169 0.2827310 0.2834905 0.1829758 0.2831519 0.3077711 0.0695008 0.1414644 0.4945066 0.1079957 0.5060832 0.1934029 0.0926295 0.0499957 0.2354968 0.1518442 0.1643448 0.3327669 0.4051567 0.5881502 0.3802731 0.3426566 0.5898317 0.4215336 -0.0367365 0.0966194 0.2939834 0.1472276 0.3325328 -0.0380891 -0.2137730 0.1583498 0.2506154 -0.2006179 -0.0696443 0.0460143 0.0357241 0.3501843 0.0447191 0.1633771 0.1643714 0.1192011 -0.0089454 0.2421094 -0.1487097 0.0181826 -0.1712501 -0.0119529 0.1218210 -0.1471140 -0.0491377 0.1031408 0.1344899 -0.0831218 -0.2615837 -0.2911356 -0.0481078 0.0125462 -0.1299120 0.1983349 0.1685709 0.1132353 -0.1640103 0.2232227 0.1315187 0.1053173 0.0006992 0.1294947 0.0289277 0.0219136 -0.0907973 -0.0526043 -0.0614136 0.1670075 0.0740047 -0.1802032 -0.1176530 0.7752272 0.4937931 0.6526842 0.6911477 0.5274711 0.2064579 0.2666900 0.3024007 0.3864195 0.3187886 0.2582637 0.4667268 0.0264787 -0.4637565 -0.2325968 -0.2694177 0.1069860 0.1745658 -0.1501350 0.0795358 0.4240253 0.0576854 -0.2024195 0.0367315 0.3335112 0.1317764 0.0207193 -0.1057849 0.5153745 0.5154029 0.2352212 0.3336821 0.1212793 0.4439005 0.1152939 0.1577111 0.3541652 0.3227017 0.1152613 0.1245194 0.1968762 0.4387621 0.4778866 0.2127296 -0.2788327 -0.0485141
0.1476985 -0.0768381 0.0000000 0.2448752 0.7345012 0.1707627 0.4511603 0.3902658 -0.0429941 0.2565918 0.1033288 -0.0970656 0.6181277 0.2993905 -0.2275184 0.0931086 0.3253615 0.2555496 0.2735480 0.6972382 -0.0644956 0.6588195 0.3224466 -0.2389915 0.3938575 0.2179486 0.4934450 -0.2103633 -0.1561392 -0.0210708 0.8519548 0.5229473 -0.4160626 -0.0796300 0.3333207 0.2859879 0.2977544 0.6957120 0.1868364 0.1886800 0.8329915 0.2922713 0.1018786 -0.0795436 0.2258226 0.4616412 0.4728207 0.8653483 -0.2357162 0.6718226 0.4113653 0.2202229 0.1087859 0.1291841 0.8321029 0.7485791 0.5396722 -0.1480736 0.3541710 0.5066523 0.3519545 0.3347968 0.8451468 -0.0436180 0.2238972 0.6931024 0.6064292 0.0370360 0.8795247 0.0982327 0.6091202 0.0801976 0.3334114 0.3583682 0.7346281 0.1539044 -0.0603074 0.4250195 0.2598296 0.1222718 0.4051328 -0.3307661 0.1789052 0.3244394 0.0707939 0.2955709 0.1549922 -0.0346268 -0.3179155 -0.2437020 0.4840016 0.5212539 0.3740429 -0.3000695 0.2049258 0.1471290 0.4498812 0.4329966 0.2900627 -0.1184543 0.0768515 0.2726873 0.5204634 -0.3591209 0.2448823 0.2281290 -0.0498575 0.6311377 0.0922648 0.5416721 0.2070537 0.0927634 0.1331115 0.4910326 0.4142714 0.1236312 0.2782148 0.2509021 0.2245852 -0.1762218 0.1929014 0.0865534 0.0806945 0.0696220 -0.0839140 -0.4676352 0.1865695 0.0138371 -0.0395003 0.3463687 0.2437459 -0.1704187 0.1665409 -0.2246842 -0.3409397 0.0292765 -0.0118246 0.0418767 0.4114858 -0.1789045 -0.1812589 -0.0045616 -0.0105757 -0.0800712 -0.0410491 0.0038759 0.2036344 0.1293238 -0.1429586 0.0382999 0.1528258 0.3742319 0.1191794 -0.0868296 0.0867202 0.3220557 0.4049378 0.0762194 0.4301691 0.0675150 -0.0604390 -0.0599155 0.3289281 0.0690095 -0.0292390 0.0949051 0.1346673 0.1635211 0.5336375 0.2236556 -0.1940168 -0.0056160 0.2635227 0.3271195 -0.1026794 0.0671590 -0.0809788 -0.1427562 0.1003778 0.1504136 -0.1130566 0.1075849 0.2665043 -0.1270975 0.5020951 0.4428251 0.4818338 0.7017214 0.2301395 -0.0351586 -0.4002045 -0.0701023 -0.2292887 -0.3723914 -0.3964285 -0.5344493 -0.4981568 -0.1803892 0.2161539 -0.6901735 0.5893864 0.1365516 0.0982816 0.1131592 0.6538496 0.5075749 -0.3036600 0.6188452 0.6354273 0.5332663 0.2168741 -0.3742379 0.6719488 0.3969462 0.2113685 0.8063078 0.4823554 0.2010211
-0.1152168 -0.2023987 0.2448752 0.0000000 0.3038046 0.9110354 0.5856834 0.8515315 0.6040060 0.9042000 0.9156055 0.5830539 0.6467914 0.6336514 0.2925148 0.9306099 0.8612629 0.1339658 0.6681915 0.3120184 0.3212734 0.4290182 0.9073875 0.1052666 0.4886831 0.8208704 0.8440836 0.0141710 0.4123948 0.1480610 0.4564063 0.3452098 -0.0595816 0.6793314 0.8737333 -0.2454204 0.5785672 0.6787142 0.6449575 0.6245653 0.5136141 -0.1873963 0.8492457 0.2269956 0.6977430 0.7514501 0.7874066 0.3662166 0.4490829 0.6954746 0.8497649 0.7720235 0.8490417 0.4724708 0.3785721 0.6192081 0.6537621 0.3896877 -0.2482719 0.8107625 0.4092010 0.7804083 0.2378820 0.8074132 0.7030670 0.5210490 0.7212325 0.6068086 0.4690351 0.8521123 0.6350980 0.9141000 0.7125429 0.9101604 0.6030880 0.7869398 0.8587734 0.4846048 0.6493408 0.9158969 0.6320911 -0.4222495 -0.2332292 -0.0526620 -0.2654179 -0.0408744 -0.6418168 -0.0372917 -0.2482039 -0.5102202 -0.1515083 -0.4079266 -0.4227175 -0.3240217 -0.3055319 -0.5400200 -0.5464468 -0.4445028 -0.3779724 -0.3375532 -0.4275426 -0.3351748 -0.0982896 -0.5216854 -0.6395189 -0.5325854 -0.0650113 0.0300403 -0.4537787 -0.0225146 -0.3691517 -0.5009559 -0.2107036 0.0057871 0.0593818 -0.3115187 0.0497731 -0.0893678 -0.2747110 -0.3080048 0.1969934 0.2823420 -0.5396596 0.0255721 -0.3364916 -0.4921730 -0.1486258 -0.6228637 -0.5232242 -0.0788324 -0.3888879 -0.7150863 -0.3791765 -0.0268715 -0.8095288 -0.5189366 -0.4796117 -0.3122726 -0.4202416 0.0199625 -0.5934547 -0.1927603 -0.4920215 0.0491139 -0.0617024 -0.4628039 0.0174725 -0.0754639 -0.4256457 -0.0736322 0.2868822 0.0805836 0.0778614 -0.4102696 -0.2388848 -0.1813152 0.1029143 -0.0008951 0.1099528 0.3148658 -0.2912878 0.1287575 -0.2118811 0.3154275 -0.0029782 -0.4342631 -0.2027302 -0.0997274 0.3961318 0.3067548 -0.3277421 -0.2161207 -0.0320590 0.5362746 0.4013680 0.4293578 0.2838889 0.1895132 -0.0075443 -0.2366192 -0.2338640 -0.4550849 -0.5378653 -0.6024454 -0.2131646 0.3957193 -0.1188628 0.1319864 0.5416031 0.6631320 -0.4671256 0.6817082 0.3339370 -0.1305034 -0.5132530 -0.0867393 -0.1033612 0.6971495 0.8258484 -0.1195525 0.0147447 -0.5270686 0.2969505 0.0379471 -0.0499185 -0.0242705 -0.4175105 0.6331605 -0.2228597 0.4338280 0.1349564 0.2071120 -0.2597759 0.2632613 0.5677048 -0.0113041 0.0734501 0.5287168
-0.0512208 -0.1758492 0.7345012 0.3038046 0.0000000 0.0742409 0.1412848 0.6026141 0.0459640 0.2552040 0.2666052 -0.0680952 0.8247235 0.2246931 -0.3233045 0.1732766 0.4168015 -0.2813069 0.3842716 0.7931782 -0.0180463 0.6955845 0.2859710 -0.4587106 0.5085097 0.2386140 0.3664399 -0.6358325 -0.1730465 -0.3952381 0.8371142 0.7014963 -0.5345019 -0.1621030 0.2489721 0.2183523 0.4887029 0.6691209 -0.0040010 -0.0933262 0.8196525 0.2468136 0.0985534 -0.3069469 0.1119437 0.5184429 0.4680015 0.8812895 -0.2338171 0.5562344 0.3766461 0.1539699 0.0738488 0.0884980 0.7890511 0.7396706 0.6775948 -0.1598657 0.3681096 0.5718368 0.4055487 0.2756211 0.8344184 -0.0085616 0.0865995 0.7823656 0.6692528 0.0252361 0.8215171 0.1426770 0.5857411 0.1512870 0.3930749 0.3052716 0.6939563 0.1471387 0.0665704 0.4753415 0.2873735 0.2377349 0.3674852 -0.5408029 -0.3056455 0.1127011 -0.1643390 -0.1264182 -0.0918438 0.0489889 -0.2488474 -0.2548494 0.0477345 -0.0491227 -0.1645236 -0.0417447 0.1845433 -0.3329594 0.0475870 -0.0842873 0.2705841 0.1544763 0.0492828 -0.3437663 -0.1264118 -0.1851470 -0.1247211 -0.0151392 -0.6477060 -0.0132963 -0.3701508 -0.0898621 -0.2656870 -0.4859563 -0.3486585 -0.0873688 -0.1221137 -0.3841341 -0.3008686 -0.2228910 -0.1601340 -0.4093621 -0.3179007 -0.4113300 -0.3934309 -0.0336956 -0.3551957 -0.5795545 -0.2545986 -0.3978784 -0.2114314 0.0088513 -0.0770746 -0.4069924 0.0009062 -0.3892311 -0.2637340 -0.4421985 -0.2725397 -0.2148038 0.0821436 -0.3069140 -0.3886127 -0.1861307 0.2485862 -0.2926337 -0.3162108 -0.4036850 -0.2305252 -0.2288291 0.1339815 -0.1131364 -0.0456530 -0.0945339 -0.2846984 -0.3608766 -0.3462014 -0.1908865 0.4077465 -0.4253032 0.4737131 -0.1023224 -0.4826011 -0.3418680 -0.2483374 -0.0646792 -0.5343902 -0.4099666 -0.3792647 0.1542189 0.2577342 -0.1647983 -0.2892292 0.1096875 0.1220378 0.2105626 -0.1622900 0.0475241 -0.0688134 -0.0215447 0.0893297 0.1115330 0.2452234 0.0766386 0.2214044 -0.0413088 0.5176673 0.3246521 0.4802599 0.6687332 0.2974297 -0.1532957 -0.4807089 0.0331445 -0.0556915 -0.3219832 -0.4798950 -0.4837568 -0.4720124 -0.0325654 0.2231526 -0.6182064 0.2350503 0.0943891 -0.3655633 -0.4093986 0.8263958 0.5715706 -0.2133321 0.5250511 0.3810349 0.2585919 -0.3175168 -0.4811134 0.6532260 0.2083280 0.3495366 0.5528561 0.2764947 0.1657474
-0.0098088 -0.0955672 0.1707627 0.9110354 0.0742409 0.0000000 0.7490889 0.6253938 0.6794054 0.9222864 0.8923148 0.7277872 0.3906698 0.6713623 0.5013122 0.9084159 0.7888487 0.4369816 0.5617302 0.1041833 0.4796499 0.2948062 0.8472968 0.3644899 0.3597404 0.7592982 0.7791769 0.3443858 0.5813924 0.3242288 0.2439017 0.2218692 0.1417086 0.7733286 0.8271004 -0.1129364 0.4498527 0.5275906 0.6530605 0.6292691 0.3802308 -0.0027870 0.8046921 0.3716653 0.7562725 0.6220111 0.6861527 0.2334040 0.5675448 0.5778459 0.7667768 0.6820074 0.8218903 0.3954792 0.2468629 0.4660460 0.4821934 0.4394125 -0.1938058 0.6531422 0.4221579 0.6016458 0.0883620 0.8209752 0.7250393 0.3966069 0.5289231 0.5094314 0.3183526 0.8016515 0.4722790 0.9563741 0.5620041 0.9132993 0.4969665 0.7634021 0.8868508 0.4071540 0.6143752 0.8501707 0.6210212 -0.2746194 -0.0861258 -0.0847446 -0.2263475 0.0746967 -0.4651945 -0.1596104 -0.2382742 -0.5066083 -0.1094493 -0.2710586 -0.2280987 -0.3851342 -0.3515750 -0.2767401 -0.4595456 -0.2891237 -0.4210563 -0.4111037 -0.4392107 -0.1301082 0.0999791 -0.5229937 -0.5408534 -0.3993701 0.1889920 0.2057477 -0.2330694 0.1648560 -0.1784757 -0.3026871 -0.0709724 0.1698832 0.2636685 -0.0840579 0.2658242 0.0959369 -0.1111760 -0.2614614 0.2856559 0.4918430 -0.3430676 0.0185002 -0.2952132 -0.4259098 -0.0897160 -0.4737768 -0.4685831 -0.0905043 -0.3674041 -0.6340498 -0.4486862 0.0377305 -0.6969821 -0.3807248 -0.4153762 -0.1958046 -0.3718923 0.0549517 -0.3946805 -0.1409875 -0.5823511 0.0505301 0.1307037 -0.3833395 0.2801131 0.1747126 -0.5296875 0.0482886 0.3558121 0.2552316 0.3238159 -0.3019634 -0.0118260 0.0241508 -0.0146635 0.2527220 -0.0172016 0.3574955 -0.0859759 0.3080439 -0.0523926 0.2205846 0.2672381 -0.2914822 -0.1434723 -0.1800582 0.4793499 0.4809145 -0.3200599 -0.3043958 0.0702742 0.5769235 0.5321211 0.4935405 0.4086963 0.2125482 0.1331380 -0.0397760 -0.1587285 -0.2714305 -0.4184821 -0.4640729 -0.1647962 0.3943276 -0.0651057 0.1323897 0.6567978 0.8521153 -0.3811439 0.7150677 0.4495572 -0.0273480 -0.4693565 0.0259831 0.0427143 0.7192041 0.8246177 -0.0267347 0.1934121 -0.4922244 0.4802891 0.2648929 -0.1387493 0.0331339 -0.3966320 0.6349904 -0.1307304 0.4805195 0.2965830 0.2765831 -0.2674498 0.3518319 0.4759582 -0.0111767 -0.0010998 0.4306704
0.4118258 0.0594535 0.4511603 0.5856834 0.1412848 0.7490889 0.0000000 0.4432328 0.3541662 0.7468658 0.6268151 0.4430140 0.3047807 0.5242101 0.2517853 0.6645223 0.5910127 0.6823898 0.5930617 0.2300759 0.2644861 0.5482015 0.6819373 0.2196610 0.5464058 0.6853501 0.6678412 0.3396311 0.2746355 0.2150704 0.3957417 0.4579909 0.1324557 0.5585063 0.7034596 0.0494362 0.5376206 0.6163353 0.5198248 0.5466757 0.5281397 0.2871107 0.4665808 0.4232669 0.7470822 0.5625710 0.6013302 0.4878486 0.4737704 0.6129028 0.6711137 0.5242498 0.5974863 0.4114910 0.4296346 0.4884403 0.4956312 0.4179889 0.2900618 0.5943764 0.6530526 0.4754445 0.3389977 0.4718596 0.6681320 0.5127602 0.5725131 0.4412454 0.4159912 0.6376470 0.5707473 0.6362664 0.5446967 0.7747452 0.5916210 0.6900148 0.5478351 0.4875673 0.5640205 0.5668166 0.5809258 -0.4416282 0.0271939 -0.0745589 -0.1657544 0.3340658 0.0663044 -0.4190436 -0.2776340 -0.4532995 0.2888996 0.2539529 0.2134219 -0.4957167 -0.1151983 0.0388364 -0.0298226 0.1631719 -0.1264674 -0.5080799 -0.3253579 0.3020323 0.4654349 -0.5883014 -0.0961522 -0.0457249 0.3705756 0.5248850 0.1790297 0.4608893 0.2050586 -0.0417063 0.0032694 0.5007992 0.6239647 0.1902049 0.4875252 0.5474227 0.1985304 -0.2711292 0.2781285 0.4542854 0.0334244 -0.1355707 -0.1164825 -0.5019560 -0.0565104 -0.2085530 -0.2405195 -0.0922166 -0.0916984 -0.3979899 -0.3348167 -0.0489714 -0.4755858 -0.1658778 -0.2113340 0.0126643 -0.0675444 -0.1623747 -0.2352681 -0.1246625 -0.4233464 0.0369752 0.2185593 -0.3235740 0.4869013 0.3366683 -0.4377298 0.0097746 0.1668771 0.5031364 0.4270425 -0.1642153 0.1034779 0.3731314 0.3623530 0.3314939 0.2290000 0.1284064 0.0942734 0.2077468 0.3375990 0.3066019 0.3459844 -0.0046856 0.0447387 -0.0541384 0.7747698 0.6308417 -0.3336804 -0.1975765 0.4591745 0.7038445 0.5632962 0.5156930 0.4028957 0.1417424 0.3107783 0.3324599 -0.0732746 -0.0047356 0.0107255 -0.3470892 0.3015402 0.6308393 0.3943534 0.5377980 0.6533783 0.6217467 -0.3564225 0.3739352 0.2230743 -0.1700432 -0.4710999 -0.3091864 -0.1828803 0.2227279 0.5577016 -0.3502878 0.6449087 -0.0555813 0.6055875 0.4411110 0.1102890 0.3857510 -0.4074123 0.5551820 0.4464107 0.5647129 0.5699201 -0.1542652 0.1294383 0.2721787 0.2708227 0.5053878 0.3402077 0.5102875
-0.0372573 -0.2976214 0.3902658 0.8515315 0.6026141 0.6253938 0.4432328 0.0000000 0.3188334 0.7378891 0.7975914 0.2927804 0.9046542 0.3861775 -0.0300131 0.7940893 0.7398345 -0.1749503 0.8510683 0.4764943 0.0685626 0.6519526 0.8439034 -0.2481504 0.7618550 0.8476615 0.7504745 -0.4065107 0.1410133 -0.2289515 0.6531405 0.6544516 -0.2636713 0.5024063 0.8065831 -0.2983313 0.8164834 0.8574603 0.4674156 0.5440471 0.6857330 -0.1398866 0.6767489 0.1111355 0.6876762 0.8657075 0.8594682 0.6061299 0.2997499 0.8263819 0.8502876 0.7619448 0.7773744 0.6359139 0.6150276 0.8031168 0.8623782 0.3992802 0.0045778 0.9166144 0.5308298 0.8485171 0.5356218 0.6327415 0.6723984 0.7243351 0.9245543 0.7095208 0.6973889 0.8133895 0.8409003 0.7127768 0.8779171 0.8020933 0.7791476 0.7813009 0.6777532 0.6544573 0.6746247 0.8345078 0.6130884 -0.6567129 -0.4260725 -0.0677506 -0.3852116 -0.1420710 -0.6101419 -0.1283908 -0.2819195 -0.5382362 -0.0888987 -0.3691920 -0.4347487 -0.3641328 -0.1588420 -0.6474867 -0.4273817 -0.3766758 -0.2151167 -0.3022247 -0.3991805 -0.3977822 -0.2140841 -0.5276145 -0.5263254 -0.5108823 -0.3782759 -0.0999456 -0.5115772 -0.1420022 -0.3679727 -0.6421442 -0.3120240 -0.0440156 -0.0832921 -0.3850017 -0.0835586 -0.1254187 -0.2068517 -0.3303587 0.0715979 0.0165556 -0.5941780 0.0105176 -0.3323834 -0.5707446 -0.2675559 -0.6601570 -0.5273443 -0.1716564 -0.3533029 -0.6535910 -0.2394005 -0.2991894 -0.7672741 -0.6018192 -0.5747607 -0.4750954 -0.3534824 -0.2310407 -0.7155067 -0.3637909 -0.1964143 -0.0479525 -0.3756190 -0.5370698 -0.2867760 -0.3658993 -0.1257423 -0.2508184 0.0768289 -0.0833172 -0.2897106 -0.4423086 -0.4509401 -0.2537159 0.4132758 -0.3237485 0.4193678 0.0250288 -0.4567291 -0.2568700 -0.2249310 0.3159118 -0.3659284 -0.4472870 -0.2136657 0.1461101 0.3981790 0.0196961 -0.3127302 0.0110751 0.0109318 0.4794032 0.1772834 0.2730416 0.0871542 0.0894855 -0.1089238 -0.2705412 -0.1988786 -0.5000103 -0.4248739 -0.6227492 0.0009860 0.5248438 0.1048483 0.3408303 0.4080998 0.3139212 -0.5025031 0.5026565 0.1404776 -0.3461287 -0.5310031 -0.4097267 -0.3681885 0.4535340 0.6832845 -0.3598440 -0.0545762 -0.3815140 0.0649815 -0.1380264 0.2157187 0.0957285 -0.5318540 0.5318767 -0.1417370 0.2623595 -0.0624576 -0.1539855 -0.0754320 0.0458851 0.4445990 0.1668894 0.1410345 0.4973236
-0.4449671 -0.1633715 -0.0429941 0.6040060 0.0459640 0.6794054 0.3541662 0.3188334 0.0000000 0.5103315 0.5883843 0.8625210 0.0997864 0.6643553 0.8225941 0.5328765 0.5961202 0.1457357 0.0764585 0.0951149 0.6940866 0.0450778 0.4612672 0.6948102 -0.0055272 0.2839971 0.3881529 0.3285901 0.7630736 0.3820951 0.1012369 -0.1348848 0.4809341 0.6872300 0.4447671 0.1368940 0.0826911 0.1098523 0.5378236 0.3037803 -0.0248591 0.0602964 0.6297729 0.3596474 0.3210224 0.2878641 0.4204858 -0.0695924 0.7129766 0.3193346 0.4532238 0.4608677 0.4837056 0.2225815 -0.0489094 0.2180646 0.2340116 0.4950176 -0.2054782 0.3234903 0.1649710 0.2552258 -0.1369313 0.7140851 0.3596016 0.0694010 0.1691668 0.2317056 0.0914652 0.5410520 0.0854595 0.6900912 0.2259106 0.5117655 0.1555792 0.4325167 0.7462105 0.0310390 0.3029542 0.5598115 0.2894517 0.1206030 0.1912748 0.2090632 0.0163379 0.0998291 -0.2920247 0.2628225 0.1136677 -0.1904749 -0.1920494 -0.4016973 -0.2284292 0.0009413 -0.0943856 -0.0851370 -0.2592301 -0.2315561 -0.0587987 0.2188360 0.0445208 -0.2698536 -0.0624803 0.0498432 -0.2366779 -0.0886334 -0.0851609 0.0742587 -0.1117858 -0.0172726 -0.1404681 -0.2103401 -0.2431928 -0.1815239 -0.0602712 -0.2955447 -0.1578842 -0.2725589 -0.3931435 0.0324834 0.1310244 0.2678071 -0.1836821 0.1032595 -0.1039543 -0.0606829 0.0762670 -0.1649037 -0.0811037 0.1562877 -0.1131024 -0.1610268 -0.1704161 0.1395723 -0.0666078 -0.1639479 -0.1320868 0.0527797 -0.1948916 0.1994955 0.0299975 0.1607208 -0.1529240 -0.0819073 0.2683402 -0.2265152 0.2569636 0.3074078 -0.0386670 0.3069947 0.3719818 0.0179248 0.2888776 -0.0278986 0.2909958 -0.1843115 -0.0508367 0.4209484 -0.0258481 0.2484507 0.1807702 0.4086093 -0.3723615 0.0130061 0.3944547 -0.2278385 -0.2703512 0.0464076 0.2050784 0.3232997 0.1538145 0.1504548 -0.2280734 0.0084352 0.2119089 0.1553062 0.2764345 0.3090439 0.3144597 0.0690649 0.1551100 0.0278694 -0.2180870 -0.1000536 -0.2091402 0.0614518 -0.1853189 -0.0558069 0.4052778 0.6205787 0.0407085 0.6362708 0.4251433 0.3238554 -0.0686875 0.2506332 0.2153043 0.6656918 0.4782443 0.2980125 -0.0003213 -0.4631474 0.2000270 0.0877796 -0.0747717 -0.0290271 -0.0388878 0.4882711 -0.1484063 0.2669912 0.0568240 0.4838314 -0.2240184 0.2878319 0.2943824 -0.1884369 0.0244172 0.2396182
0.0621367 -0.0841773 0.2565918 0.9042000 0.2552040 0.9222864 0.7468658 0.7378891 0.5103315 0.0000000 0.9458290 0.5281787 0.5266907 0.7218218 0.2032842 0.9602396 0.8810702 0.3681947 0.7300445 0.2567613 0.3341774 0.4472950 0.9001162 0.0436017 0.5615877 0.8572345 0.8870487 0.0968015 0.3811420 0.1173299 0.3701988 0.4458709 -0.1214959 0.5982155 0.8463048 -0.0541183 0.6244825 0.6608736 0.5672482 0.6044241 0.5335392 0.1105922 0.7553888 0.2300077 0.7955419 0.7036066 0.7132581 0.4189159 0.3702352 0.6304966 0.8024749 0.6612983 0.7961333 0.4158343 0.3968288 0.5540905 0.6029019 0.3421884 -0.0743625 0.7558853 0.5109321 0.6571751 0.2564925 0.7390764 0.7023057 0.5526654 0.6718389 0.5395444 0.4193948 0.8165309 0.6231012 0.9086009 0.6911819 0.9373309 0.6283415 0.8230996 0.8334623 0.5932936 0.7598989 0.8912835 0.7755983 -0.5125297 -0.3133995 -0.1400268 -0.2739229 0.0397674 -0.4412203 -0.2465938 -0.1991285 -0.4806849 -0.0039895 -0.2921163 -0.3171145 -0.3158650 -0.2013052 -0.4111882 -0.4559310 -0.3412005 -0.3036724 -0.4527993 -0.4494285 -0.1584096 -0.0011515 -0.6181452 -0.5636759 -0.3938302 0.0902914 0.1062064 -0.3014798 0.0836932 -0.2135946 -0.4250655 -0.1337620 0.1311906 0.1702646 -0.1642775 0.1785814 0.0667333 -0.1133123 -0.4337536 0.1430370 0.3037162 -0.5137269 -0.0374572 -0.3582880 -0.6025775 -0.2359156 -0.6611327 -0.5367040 -0.1601899 -0.3664958 -0.7695035 -0.4855639 -0.0576826 -0.7585247 -0.5840127 -0.4701057 -0.2621855 -0.3522767 -0.0850476 -0.6543182 -0.2475944 -0.5332973 0.1234438 0.0221206 -0.5792930 0.1784651 0.0551876 -0.5834722 -0.0548913 0.2753942 0.2738611 0.1832453 -0.5385372 -0.2092652 0.0051019 0.1284814 0.0417287 0.0621246 0.2888001 -0.2884133 0.0992657 -0.0732047 0.3018082 0.0222931 -0.4238647 -0.2674833 -0.3105869 0.4710184 0.3770625 -0.5732922 -0.4272297 0.1662787 0.6766734 0.5634197 0.5959401 0.3876245 0.1831062 0.0950255 0.0146103 -0.0232582 -0.2194246 -0.3015242 -0.4162346 -0.0354081 0.4489803 0.0434893 0.2870209 0.7140967 0.7925484 -0.5554488 0.6870378 0.4628180 -0.1602279 -0.6127986 -0.1462828 -0.0964476 0.6635519 0.9026628 -0.2336570 0.2747941 -0.4711022 0.4123862 0.1567817 0.0265345 0.2108717 -0.5166629 0.6763740 -0.0447869 0.4879766 0.2489850 0.0893202 -0.1030225 0.3528904 0.5026054 0.1889486 0.1448343 0.5535152
0.0370696 -0.0821761 0.1033288 0.9156055 0.2666052 0.8923148 0.6268151 0.7975914 0.5883843 0.9458290 0.0000000 0.6338189 0.5493966 0.5902198 0.2976200 0.9766618 0.8737441 0.1613556 0.7483266 0.1872286 0.4263611 0.4557382 0.8932332 0.1031962 0.6178299 0.8783064 0.7718573 0.0095562 0.4891275 0.0467314 0.3277982 0.4776299 -0.0298593 0.6678374 0.8245732 -0.1024431 0.6889726 0.6281349 0.5565720 0.5684283 0.4582426 0.0724710 0.7705701 0.2591337 0.7793049 0.7395178 0.7449301 0.3306954 0.4952833 0.6178206 0.8084084 0.6914371 0.8136174 0.4840110 0.2875026 0.5247138 0.6475791 0.4648031 -0.1423786 0.7718242 0.4959379 0.6408848 0.1453668 0.8406727 0.7273381 0.5211350 0.6789193 0.6107659 0.3546670 0.8760525 0.6089041 0.9307902 0.7506293 0.8776086 0.5808497 0.8679052 0.9179434 0.5750524 0.7374552 0.9300151 0.6775787 -0.4821069 -0.3924986 -0.1109463 -0.2786883 -0.0745634 -0.5478608 -0.1902546 -0.0878366 -0.4126988 -0.1696507 -0.4689736 -0.4296100 -0.2041959 -0.1686940 -0.5253880 -0.5568372 -0.4508128 -0.2775614 -0.2871347 -0.3797702 -0.3440827 -0.1646027 -0.4441895 -0.6267945 -0.4343961 -0.0860402 -0.0816613 -0.3837153 -0.0821877 -0.2783632 -0.5844879 -0.2772138 -0.0072996 0.0254206 -0.2647624 0.0576268 -0.0222992 -0.1937669 -0.3600459 0.0947868 0.2559670 -0.5975929 0.0078293 -0.3156403 -0.5249175 -0.2527809 -0.7066762 -0.5239645 -0.2099978 -0.3990824 -0.7463442 -0.4091259 -0.0646979 -0.6959221 -0.6604904 -0.4937604 -0.3037382 -0.4142607 -0.0525740 -0.6397488 -0.2549966 -0.4409961 0.0997666 -0.0670025 -0.6397338 0.0238863 -0.0424192 -0.4200756 -0.0554415 0.2603112 0.1214066 0.0409906 -0.5320324 -0.2334746 -0.2017307 0.1831284 -0.0655367 0.1404289 0.2840825 -0.2871416 0.0781711 -0.2527674 0.3295632 -0.0518396 -0.5021509 -0.3778403 -0.1863808 0.4428068 0.2917319 -0.4767419 -0.2838357 0.1115045 0.5884110 0.5122001 0.5482444 0.3994770 0.2121987 0.1213824 -0.0230362 0.0651577 -0.2683628 -0.3873462 -0.4279591 -0.1541459 0.3863804 -0.0462478 0.1605445 0.6211518 0.7224941 -0.4858407 0.7928943 0.5545955 -0.0867033 -0.5350966 -0.0774684 -0.0115009 0.7765577 0.8462123 -0.0928987 0.1119212 -0.5290819 0.3199482 0.0900186 0.0480713 0.1659079 -0.4204893 0.6355351 -0.1929816 0.2904163 0.1064215 0.1490000 -0.1811152 0.2975929 0.5581353 0.0271965 -0.0470896 0.4451823
-0.2098464 -0.0820635 -0.0970656 0.5830539 -0.0680952 0.7277872 0.4430140 0.2927804 0.8625210 0.5281787 0.6338189 0.0000000 0.0387269 0.4912274 0.8276632 0.5832734 0.5354870 0.2357537 0.1626502 -0.2197354 0.8993402 -0.0191526 0.4629008 0.6829516 0.0594500 0.3481737 0.2682311 0.3530783 0.8349420 0.2693829 -0.0491045 -0.1085987 0.4152971 0.7066210 0.3943884 0.2386203 0.0708715 0.0852161 0.3869778 0.2624040 -0.0329017 0.2281573 0.4873990 0.2494942 0.4933523 0.2247917 0.3672073 -0.1374575 0.6931844 0.2822501 0.3831018 0.3509557 0.5804607 0.2343109 -0.2030185 0.0897144 0.1213003 0.5548567 -0.1373072 0.2566661 0.3770380 0.1800576 -0.2809328 0.8103350 0.5912166 -0.0299698 0.1471767 0.3330163 0.0164560 0.6024558 0.0298858 0.7257844 0.2610707 0.5341132 0.0852527 0.5228769 0.7865395 -0.0909110 0.1558452 0.4976972 0.0949905 0.0669386 0.1293074 0.0896176 -0.0652807 0.1609997 -0.1633831 -0.0912257 0.0802889 -0.2099195 -0.1240146 -0.2602742 -0.0573922 -0.0670631 -0.1237913 -0.0464486 -0.3210813 -0.1521967 -0.1405120 0.1098099 0.0139129 -0.0992235 0.1038978 -0.0059662 -0.2309645 -0.0763193 0.1234554 0.1590120 0.0660075 0.1306109 0.0396805 -0.1237296 -0.1831582 0.0355786 0.0997372 -0.0513806 0.1077793 -0.0119217 -0.2675985 0.2033506 0.2661068 0.4890281 -0.0036171 -0.0286793 0.0545629 0.0884519 0.1161249 -0.0920692 -0.0273604 0.1096518 -0.1627852 -0.1534184 -0.2129721 0.3415913 -0.1503485 -0.0548025 -0.1052971 0.0672620 -0.2783400 0.3527628 0.1568436 0.1210456 -0.1033442 0.1307071 0.3175781 -0.0547598 0.2546411 0.3118087 -0.0450245 0.3026737 0.4213287 0.2158004 0.3158658 0.1673424 0.3732783 0.0295390 0.0443258 0.4788129 0.1114143 0.4510848 0.3533910 0.4783138 -0.0920806 0.1500363 0.5086984 -0.0267533 -0.0848833 0.1437287 0.4258903 0.4588788 0.2032403 0.1498847 -0.1352716 0.0903148 0.3017053 0.2505459 0.5219316 0.4151597 0.5407928 0.2463748 0.1646090 0.1253715 -0.1331529 -0.0596242 -0.2251257 0.2796663 -0.0700109 -0.0330983 0.4015104 0.6536714 0.1612935 0.7965233 0.6272574 0.5247455 0.0786845 0.4564839 0.4659820 0.7220843 0.4069136 0.4773692 0.0888793 -0.4507860 0.3499785 0.3335886 -0.1341091 -0.0957092 0.0613587 0.3910730 -0.1367756 0.1599513 0.2385588 0.5757242 -0.2419020 0.3817246 0.2479393 -0.2439296 -0.1526916 0.0151323
-0.0228294 -0.2958357 0.6181277 0.6467914 0.8247235 0.3906698 0.3047807 0.9046542 0.0997864 0.5266907 0.5493966 0.0387269 0.0000000 0.2378963 -0.2379186 0.5255716 0.5561758 -0.2604716 0.7293945 0.6505810 -0.1124511 0.7114108 0.6447798 -0.4187174 0.6887556 0.6333650 0.6268216 -0.5457327 -0.0813873 -0.3341308 0.7856936 0.7334003 -0.4378022 0.2329621 0.6348874 -0.2277040 0.7388855 0.8796675 0.2896639 0.3292031 0.8405068 -0.0972974 0.4738439 -0.0492030 0.4775546 0.8055523 0.7727139 0.8076900 0.0258701 0.7875058 0.7091093 0.5738456 0.5238582 0.4637907 0.8231713 0.8957509 0.8692960 0.1332704 0.1634300 0.8417608 0.4704253 0.7003068 0.7925328 0.3157341 0.4367282 0.8523859 0.8973107 0.4588015 0.8721821 0.5212169 0.8245246 0.4846976 0.7121794 0.6361203 0.8435162 0.5033979 0.3822954 0.6600284 0.5450822 0.6113906 0.5561062 -0.6406632 -0.3984909 -0.0445423 -0.3788100 -0.2193794 -0.4982499 -0.0717326 -0.4332989 -0.5515540 -0.0899866 -0.2149352 -0.3299190 -0.3912893 -0.1458235 -0.5390845 -0.2379340 -0.2498301 -0.1435462 -0.2427048 -0.3547798 -0.4031069 -0.1834622 -0.4983180 -0.4202300 -0.4074553 -0.5435656 -0.0577476 -0.5582775 -0.1154209 -0.3987955 -0.6016094 -0.2565443 -0.0234460 -0.0675509 -0.3642477 -0.1281302 -0.1624408 -0.1050907 -0.4164540 -0.0616665 -0.1598534 -0.5396046 0.0345958 -0.4541258 -0.6530506 -0.3066438 -0.5671124 -0.5288509 -0.1679597 -0.3343619 -0.6050607 -0.1564248 -0.4903480 -0.6810996 -0.5349580 -0.5835852 -0.5205678 -0.2106778 -0.3736072 -0.6361053 -0.4101838 -0.0419361 -0.2661052 -0.5003366 -0.4595901 -0.3453518 -0.4251741 -0.0102884 -0.3028947 -0.0430267 -0.1754904 -0.3729517 -0.4130166 -0.5125425 -0.2161311 0.3754013 -0.4636374 0.4607742 -0.1290275 -0.5802064 -0.4058568 -0.2020197 0.0666733 -0.5433143 -0.4438109 -0.2184520 0.2142521 0.3128337 -0.1560156 -0.3097591 0.0578303 0.0587707 0.4228483 -0.0124615 0.1260281 -0.0739303 -0.0312334 -0.1842118 -0.2601588 -0.1796739 -0.4134308 -0.2493115 -0.4929072 0.2528684 0.4763372 0.2858568 0.5113250 0.3658122 0.0834689 -0.5687325 0.2185341 -0.0687803 -0.5005639 -0.5980116 -0.5664308 -0.5378394 0.1891009 0.5221670 -0.5890924 0.0002366 -0.1434173 -0.1619705 -0.2948411 0.4642830 0.2524831 -0.5262440 0.5163274 0.0325342 0.2987591 -0.2402575 -0.4011044 0.1919174 0.0307515 0.3906479 0.3207526 0.1512193 0.3531510
-0.3691648 -0.1209269 0.2993905 0.6336514 0.2246931 0.6713623 0.5242101 0.3861775 0.6643553 0.7218218 0.5902198 0.4912274 0.2378963 0.0000000 0.2744326 0.6145128 0.7527480 0.4296634 0.2623302 0.3022824 0.4138538 0.1707076 0.5760902 0.1978995 0.1131097 0.3697633 0.7472724 0.1876480 0.2862159 0.3124993 0.2932401 0.0003428 -0.0043418 0.3262553 0.5130581 0.2908823 0.1336993 0.3179919 0.4812255 0.3490046 0.2748254 0.2160321 0.5691819 0.0901161 0.4181259 0.3108627 0.3822705 0.2619203 0.2325052 0.4038481 0.4816430 0.3873435 0.4718153 0.1583448 0.2576707 0.3468888 0.2594887 0.2003034 0.0530855 0.4314501 0.3492568 0.4143013 0.2026969 0.4831038 0.3400365 0.2577768 0.3493090 0.2159163 0.3155492 0.4751585 0.2693260 0.6121625 0.3027881 0.6560473 0.3445314 0.4296698 0.5391177 0.1999210 0.4756800 0.5636969 0.5911489 -0.2155907 -0.0204354 0.0611818 -0.0655245 0.1533512 -0.1382854 -0.0105704 -0.1020046 -0.3106231 0.1902405 -0.1494095 -0.1510475 -0.1329565 -0.0307399 -0.1272093 -0.1603822 -0.1440897 -0.0588822 -0.1436506 -0.1294617 -0.0044054 0.0678842 -0.3722868 -0.2041578 -0.0886044 0.1177809 0.2708909 -0.0751850 0.1982446 -0.1132602 -0.0443740 0.0194010 0.0551726 0.1093417 -0.1449001 -0.0007327 -0.1283916 -0.2478135 -0.1905978 0.1060738 0.1825094 -0.2049040 0.0120729 -0.2159002 -0.3307442 -0.0699009 -0.2760624 -0.2194342 0.1568988 -0.1264620 -0.3635579 -0.3410891 0.1636119 -0.3332911 -0.2154684 -0.2061480 -0.0336096 -0.1786039 0.0025882 -0.3188045 -0.0482062 -0.2294957 0.1694317 0.2233767 -0.2805668 0.2620769 0.1961101 -0.3825306 0.0539265 0.2314921 0.2958092 0.2617652 -0.2730681 0.0705990 0.1988941 -0.0071613 0.3271328 -0.0298845 0.2523960 -0.0492493 0.1452852 -0.0304286 0.0739526 0.2122409 -0.2133921 -0.1250304 -0.3256317 0.2046685 0.2877103 -0.2815299 -0.2301899 -0.0882871 0.2848748 0.3966083 0.4482635 0.3828954 0.4151560 0.3116361 0.2229275 0.1215237 0.1756249 0.0696049 -0.0113927 0.0923942 0.2580961 0.0463346 0.2875889 0.6513681 0.7262301 -0.1878661 0.5378706 0.4094888 0.1737921 -0.2888998 0.0577707 0.0783534 0.4874097 0.7094809 -0.0726583 0.3567221 -0.3360509 0.2256386 0.0724605 -0.0070552 0.1722656 -0.3498630 0.5730203 0.1575712 0.6625897 0.2258298 0.2794414 0.0273999 0.4156336 0.2374235 0.2521115 0.5120157 0.6229662
-0.3334717 -0.2002670 -0.2275184 0.2925148 -0.3233045 0.5013122 0.2517853 -0.0300131 0.8225941 0.2032842 0.2976200 0.8276632 -0.2379186 0.2744326 0.0000000 0.2425448 0.1554594 0.2700826 -0.1682769 -0.2818756 0.6794716 -0.2484520 0.1690149 0.9252607 -0.2337433 0.0719529 0.0279454 0.6099683 0.8921746 0.4795141 -0.2342024 -0.3619294 0.7030436 0.7397210 0.1866999 0.0730395 -0.1498449 -0.1908965 0.3481059 0.2848975 -0.3385413 0.0823775 0.3615108 0.4850877 0.2488381 0.0086910 0.1718399 -0.3801207 0.7769722 0.0993613 0.1724687 0.2711434 0.3609640 0.1746629 -0.2892778 -0.0683871 -0.0792488 0.5351501 -0.2716245 -0.0311333 -0.0304801 0.0095506 -0.3897265 0.6208224 0.3504954 -0.2538661 -0.1674219 0.1551110 -0.1608235 0.3652742 -0.1927344 0.4874764 -0.0213875 0.2653739 -0.1212624 0.2685403 0.5892729 -0.1926015 0.0211286 0.2545016 -0.0155605 0.3796224 0.4269907 0.1979576 0.0501953 0.2438976 -0.1337287 0.1626141 0.1540027 -0.0977891 -0.1365713 -0.2037009 0.0207605 -0.0797315 -0.1698558 0.2057234 -0.0968679 0.0116819 -0.0968806 0.1560717 0.0825432 0.0087367 0.1764605 0.1488297 0.0038964 0.0021728 0.1746334 0.2109838 0.2098455 0.1494885 0.1645773 0.0921316 -0.0598450 -0.0219838 0.0284041 0.0214775 0.1009494 -0.0942819 -0.1462282 0.3223364 0.3288468 0.4714818 0.1526362 0.1314522 0.1795824 0.3049711 0.3072956 0.1551478 0.1770115 0.2325976 0.0638237 0.1604478 -0.0289887 0.2171248 0.1215645 0.1519573 0.0834725 0.2396440 -0.0423635 0.3591377 0.3889650 0.3322510 -0.1990815 -0.0533948 0.4144749 0.1151372 0.3874397 0.4570107 0.0062515 0.4926335 0.4746797 0.1435026 0.4328003 0.2959893 0.5602513 -0.0692589 -0.1956753 0.6586499 -0.1852348 0.2519953 0.5089542 0.5941883 -0.1445571 -0.0327468 0.6709985 0.1529511 -0.0085580 0.1527313 0.1782819 0.4011411 0.3970640 0.1956122 -0.3045906 -0.2228747 -0.0070273 -0.1475911 0.1040439 0.0922768 0.2386231 0.0337721 -0.0210030 0.0123075 -0.2591140 -0.1105159 -0.3539108 0.0093164 -0.2347476 -0.2434731 0.0902841 0.4454769 0.3129115 0.4632972 0.2653479 0.3724541 0.2400633 0.3803233 0.3153159 0.4931168 0.1535005 0.5240100 -0.1049535 -0.4627501 0.3111902 0.3256457 -0.2661303 -0.2440826 0.1258051 0.2209332 -0.2570301 -0.0603680 0.1768996 0.5350327 -0.3557891 0.1531559 -0.0059078 -0.3752177 -0.2364658 -0.1392771
0.0628395 -0.0625195 0.0931086 0.9306099 0.1732766 0.9084159 0.6645223 0.7940893 0.5328765 0.9602396 0.9766618 0.5832734 0.5255716 0.6145128 0.2425448 0.0000000 0.8696226 0.2102036 0.7863581 0.1380626 0.3464019 0.4220829 0.9320377 0.0722461 0.6070462 0.9100669 0.8209191 0.0407941 0.4026871 0.0722008 0.2921375 0.4172478 -0.0235017 0.6808252 0.8761401 -0.1843952 0.6699915 0.6407437 0.6165548 0.6397187 0.4349027 -0.0274565 0.8141789 0.2880685 0.8190862 0.7379868 0.7530251 0.2917856 0.4868478 0.6277930 0.8351562 0.7470164 0.8668478 0.5359259 0.2676201 0.5114145 0.6204256 0.4875549 -0.1461302 0.7837878 0.5112925 0.7213475 0.1297194 0.8260433 0.7526746 0.4862616 0.6892515 0.6782020 0.3357006 0.8965542 0.6276221 0.9262549 0.7716313 0.9082420 0.5718785 0.8899197 0.8922086 0.5550640 0.7481268 0.9466722 0.6850585 -0.4757372 -0.3562311 -0.1468248 -0.2886594 -0.0527952 -0.5512291 -0.2368498 -0.1435568 -0.4601115 -0.1214497 -0.3990562 -0.3809633 -0.3004459 -0.2266218 -0.4954432 -0.5550712 -0.4153406 -0.3654184 -0.4105426 -0.4615501 -0.2554149 -0.1160577 -0.5310926 -0.6226582 -0.4670203 0.0299947 -0.0251008 -0.3627117 -0.0239193 -0.2652964 -0.4955827 -0.1757931 0.0668259 0.1115943 -0.2013565 0.1360222 0.0543598 -0.1552239 -0.3298030 0.1839938 0.3314970 -0.5315432 -0.0078249 -0.3152311 -0.5174673 -0.2407138 -0.6530065 -0.5730918 -0.2285806 -0.4315210 -0.7226484 -0.4399380 -0.0443086 -0.7562664 -0.5747434 -0.5252621 -0.3572689 -0.4626456 -0.0772991 -0.6529758 -0.3117225 -0.4686863 0.1483135 -0.0877667 -0.5673252 0.0278386 -0.0725493 -0.4451904 -0.1428095 0.2048844 0.1315368 0.0428020 -0.4755691 -0.2472533 -0.0835795 0.1901100 -0.0351049 0.1521746 0.2582818 -0.2674661 0.0411714 -0.1322707 0.3647434 -0.0181842 -0.4319439 -0.2332285 -0.1674380 0.4468035 0.3024135 -0.4450687 -0.2805428 0.1313000 0.6475881 0.5861539 0.5973196 0.4265532 0.2544136 0.0775273 -0.0808902 -0.0689284 -0.3394245 -0.4257415 -0.4824299 -0.1679611 0.4245600 -0.0697733 0.1375873 0.6339357 0.7679513 -0.4598861 0.7647498 0.5091734 -0.1022272 -0.5254474 -0.0948649 -0.0155446 0.7400156 0.8783353 -0.1022879 0.1143813 -0.4959236 0.4025143 0.1581923 -0.0948175 0.0667234 -0.4964741 0.5688295 -0.1968718 0.3847188 0.1996095 0.1700058 -0.2841333 0.2461277 0.5082414 0.0225910 0.0314857 0.5405647
0.0261322 0.1064920 0.3253615 0.8612629 0.4168015 0.7888487 0.5910127 0.7398345 0.5961202 0.8810702 0.8737441 0.5354870 0.5561758 0.7527480 0.1554594 0.8696226 0.0000000 0.1229857 0.6138822 0.4281086 0.4129849 0.5631453 0.8695350 0.0088690 0.5629718 0.7402446 0.8380216 -0.1235382 0.3341112 0.0672163 0.5441557 0.4464675 -0.1751969 0.4352003 0.8015940 0.1344504 0.5488203 0.6790292 0.6344064 0.4519524 0.5821101 0.0913938 0.7748599 0.1188267 0.5784419 0.7234366 0.7443267 0.4553519 0.2782907 0.6502450 0.8096314 0.6481683 0.6263839 0.3210765 0.3421858 0.5932609 0.6593934 0.2556488 -0.1449622 0.8027961 0.4322314 0.5908748 0.2475541 0.6871484 0.5256116 0.5839712 0.7008729 0.4205574 0.4596782 0.7142239 0.6447265 0.7747265 0.6906437 0.7804147 0.6493149 0.7313802 0.7362705 0.5311587 0.7014989 0.8438107 0.6874372 -0.3501961 -0.1657990 0.1832141 0.0436478 0.0661633 -0.3797402 0.0565010 0.0583668 -0.1975317 0.0087959 -0.2479273 -0.2418426 -0.0017733 0.1137477 -0.3419840 -0.3005387 -0.2792457 -0.0073844 -0.0503798 -0.0918766 -0.2518161 -0.0334653 -0.2878223 -0.4511848 -0.1295285 -0.0594611 0.0910554 -0.3419281 0.0581401 -0.2172008 -0.4410447 -0.2130748 0.0753885 0.1396338 -0.3034438 0.0063534 -0.0017013 -0.2622693 -0.3652550 0.1190896 0.2416684 -0.5168255 0.0293504 -0.3148351 -0.6108519 -0.0827535 -0.5650848 -0.4591616 0.0365765 -0.2170682 -0.6590922 -0.2320741 0.0046431 -0.5826885 -0.5190915 -0.3184219 -0.1841026 -0.1815420 -0.0030241 -0.6030814 -0.1334121 -0.2921889 0.1548929 -0.0044213 -0.5407434 0.1472205 0.1012053 -0.3768450 -0.0101962 0.2800478 0.1645012 0.1228950 -0.5031019 -0.1000087 -0.0667261 0.3165127 -0.0130280 0.2954876 0.3739515 -0.2349078 0.1099847 -0.1918003 0.3764802 -0.0157760 -0.4895416 -0.3401286 -0.1373691 0.5066949 0.3576148 -0.4324724 -0.2162501 0.2548218 0.6265538 0.5649234 0.6623025 0.4425940 0.2512408 0.2197550 0.0445855 0.1709618 -0.0788382 -0.1882668 -0.2175571 -0.0485114 0.2707533 -0.0610680 0.2176833 0.6176873 0.6778585 -0.5485051 0.7118428 0.5142130 -0.0472016 -0.5823186 -0.1193411 -0.0572168 0.7054114 0.8265518 -0.2454811 0.3335120 -0.3751913 0.3739457 0.1358071 0.2082444 0.3047373 -0.3489368 0.7787359 0.0782013 0.5782516 0.2155997 0.2123089 0.0571093 0.5406023 0.6966102 0.2832969 0.2141196 0.5193423
