0.0000000 -0.1727289 0.3306642 -0.4997213 0.2248868 -0.5286676 0.0144100 -0.2603431 -0.1965818 -0.2789277 -0.4369889 -0.2469089 -0.1088900 0.1141571 -0.4367230 0.1226963 -0.1731906 0.5127959 -0.1465145 0.2047145 -0.5397945 -0.0738039 0.2139919 -0.3847521 0.2728335 0.2340846 -0.0999706 0.4633367 -0.5375246 -0.0116276 0.3443788 0.3910694 -0.1741365 -0.5520219 -0.4030305 -0.4690463 0.0451453 -0.2114490 -0.0908301 0.0892934 0.4478789 -0.5409245 -0.3712425 -0.0791355 -0.6529551 -0.1320980 -0.3410686 0.1217061 -0.3749440 0.0641491 -0.4748538 -0.0480401 -0.6489619 -0.2758928 -0.0497242 0.0975654 -0.2091193 -0.2762037 -0.3041471 -0.3994249 -0.5625299 -0.2153238 -0.1186456 -0.6589079 -0.6948505 -0.0416329 -0.2898357 -0.1874146 -0.0741581 -0.2324407 -0.2209299 -0.6173469 0.0573464 -0.5859298 -0.2595715 -0.1159518 -0.4393755 -0.0124240 0.0781184 -0.1783495 0.1313721 0.5024769 0.0913132 0.3100783 0.0595257 -0.5764786 -0.4529593 0.0569925 -0.4307486 -0.1675876 0.0881470 -0.3448832 -0.4028748 0.2312856 0.0620702 0.4258716 0.1190224 -0.1789809 0.1415048 -0.2318641 0.4302439 -0.4015223 -0.3980255 0.0889213 0.3113170 0.2265684 -0.0268713 0.3721151 0.1320644 0.4017863 0.0128089 0.3386081 0.5591706 0.4437498 0.5467978 0.5532628 0.3331965 0.4461169 0.4315880 -0.0259205 0.1802962 0.2749673 -0.0373694 0.1882550 0.1063544 -0.1964430 -0.0667415 0.0905130 -0.1249665 -0.0268016 -0.0905876 -0.0129651 -0.1659365 -0.0465303 -0.0072790 0.3454648 0.1906501 -0.1744266 -0.2687343 -0.1991190 -0.0153467 -0.0715210 0.2856613 0.0993639 0.0781830 -0.0308875 -0.0632136 -0.0680119 -0.4721489 -0.3127129 -0.3013384 -0.1943447 -0.4382688 -0.1222434 -0.1561186 -0.0184208 0.1996451 -0.3361848 -0.0769845 -0.0687824 -0.2068641 -0.2329211 -0.0970140 -0.0628468 -0.0870640 -0.4445898 -0.3313528 -0.5448775 -0.3552108 -0.1305543 -0.4654628 -0.3323443 0.4435779 0.5839555 0.1005153 0.1280098 0.0606351 0.2931731 -0.4768250 -0.4421740 -0.1925370 -0.4389342 -0.4565177 -0.4520112 -0.3800801 -0.5527058 -0.4240988 -0.2463070 -0.4355655 -0.4724942 0.0348525 0.0355263 0.2454034 0.1430279 -0.1025999 0.0844623 0.0030718 -0.0032664 -0.1785841 -0.1347933 0.5729942 0.0345135 -0.3381574 -0.2450127 0.0702613 0.2691436 -0.0353121 0.2321878 0.2831083 -0.1286470 -0.3119151 -0.2089444 0.5994972 -0.1368087 -0.3134635 0.5474283 0.1692959 -0.1791725
-0.1727289 0.0000000 0.0186180 0.0644750 -0.2684984 0.4671617 0.6628251 -0.2570020 0.2132226 0.1449283 -0.0466683 0.5324835 -0.2373346 -0.1184962 0.4508773 -0.3127321 0.0494688 0.5429017 -0.3198367 -0.4092429 0.5395241 -0.0250433 -0.2414068 0.5412496 -0.0913293 -0.1096796 0.0074614 0.0460964 0.5231909 -0.3281146 -0.5251806 -0.0036287 0.5068358 0.4690298 -0.1877467 0.6498353 0.1662640 -0.3850018 -0.1699464 -0.1964485 -0.4289367 0.5228248 -0.4481611 0.3070042 0.3385458 -0.1860955 -0.0841437 -0.1271722 0.4122716 -0.0092118 -0.1719331 -0.4523000 0.4494328 0.0619644 0.0121647 0.0185705 0.0112972 0.2510043 0.2160562 -0.2627506 0.4076448 -0.3959054 -0.2248775 0.0941769 0.3364236 -0.0084214 -0.2535786 0.1058411 -0.1657314 0.0101408 -0.2084760 0.2833586 -0.1452634 0.3661955 -0.2463154 -0.0755145 0.5688557 -0.2604765 -0.1972386 0.4671762 -0.0366835 0.0643408 0.5466783 0.4549493 0.4213354 0.1632601 -0.1693118 -0.0699206 0.3734122 0.3238827 -0.4221701 -0.2926026 -0.4063901 -0.0157662 0.2951628 -0.4334894 -0.4631009 -0.4495476 0.3764931 -0.2347235 0.3309175 -0.0971347 -0.1029235 -0.4232682 -0.3681370 0.1380620 0.4053825 0.1862138 -0.0730919 0.2765524 0.3724965 0.3487281 0.3299852 0.2029903 -0.1122612 0.2401488 0.3639551 0.0833474 0.1727345 0.6051652 0.5687250 0.2549312 -0.3806114 0.3136546 0.2882358 0.6570647 0.3384280 -0.3506133 0.5212293 0.0079692 0.0386007 -0.4403578 -0.2339317 0.5969101 -0.2781904 -0.4716602 -0.2188705 0.1859631 -0.2604858 0.4693724 -0.4631524 0.2390940 -0.6117777 0.0286917 0.2122688 -0.0357701 -0.3554673 -0.5987225 -0.2646439 0.2219427 -0.0712281 0.1610243 0.1910185 -0.3488459 -0.6556469 -0.3093039 -0.4098772 -0.1207450 -0.2708261 -0.0218408 -0.3916609 0.1371252 0.0192392 -0.1022112 -0.0289613 -0.0169704 0.0114787 -0.0409964 0.0926407 0.0407581 0.0079202 -0.0094914 0.2305228 0.3181110 0.5441649 0.2388344 0.4014633 0.0767370 0.5937099 0.6217418 0.5608471 0.7075843 0.5837840 0.6553436 0.5028431 0.5049425 0.4556212 0.4222196 0.5023643 0.5812281 0.5065384 0.3360103 -0.0720387 0.1125154 0.4873125 0.1653717 0.3680498 0.0798462 0.4287208 0.4764234 0.1672353 -0.0547219 0.2107627 0.6287526 0.0224316 -0.4131144 -0.0224180 0.0886206 0.2180990 -0.0831556 0.1555881 0.5056627 -0.5296093 0.0705594 0.4019894 -0.2380163 0.0539854 0.1555333
0.3306642 0.0186180 0.0000000 0.1730945 0.4359892 -0.1983849 0.1464777 0.2724775 -0.0694248 -0.3026463 -0.2040954 0.1205880 0.3831111 -0.0645242 -0.2218808 -0.0536542 -0.1520015 0.4645383 0.1380795 0.4639988 0.1022554 0.5311150 -0.0775552 -0.2276018 0.3803862 0.1095349 -0.3207461 -0.0855929 0.0299632 -0.0305981 0.3055519 0.4051515 0.0222173 -0.0202494 -0.0322805 0.1747089 0.0819231 0.1244990 0.0897493 0.1723149 0.2325974 0.1290810 -0.1805391 0.1054040 -0.0045751 0.2442225 -0.1221428 0.1730674 -0.0617465 0.5653061 -0.3151460 -0.0719916 0.0452308 -0.1379273 0.3921039 0.4948586 0.1668734 -0.1805976 0.3827276 -0.1408418 0.1455842 -0.4140233 0.6619523 -0.0098543 0.0146490 0.3901074 -0.3142797 -0.2890722 0.4429623 -0.0973233 -0.0085562 0.2662149 -0.1119483 0.2834946 0.2536642 0.0429121 0.3256572 0.0344011 0.0316133 0.3266295 -0.1262447 0.0093310 -0.3709241 -0.3671264 -0.2830914 -0.3740338 -0.0600283 -0.2793323 -0.3082430 -0.3977989 -0.1097494 -0.4065725 -0.4010601 -0.1730692 -0.1479383 0.2121155 -0.0319265 -0.1854083 0.0042929 -0.4480921 -0.1642129 -0.3350133 -0.3638538 -0.0382926 0.2945126 0.1948560 -0.3818654 -0.2695932 -0.2587731 -0.3030716 0.0425096 -0.0181690 -0.0963917 -0.1702519 0.0352875 0.0259297 0.1305787 -0.0121485 0.0783581 -0.0388624 0.0865924 0.2102149 0.0805823 0.1519001 -0.2189628 0.0736476 0.2123196 -0.2004117 -0.1925898 -0.0020761 0.0565649 -0.3145203 0.0473576 0.0255374 -0.1901577 -0.3573184 -0.1473731 -0.3324223 -0.0718606 -0.1695585 -0.3311775 -0.1836626 0.0574698 -0.4554704 -0.0379955 -0.2685483 0.1363542 0.1434804 -0.1433001 -0.1144442 -0.3561481 -0.1239305 -0.1897130 -0.0332800 -0.0681289 -0.0851163 -0.2583997 -0.0306928 -0.1955260 -0.2427079 -0.0341814 -0.2242385 0.0257632 -0.3403838 -0.0342719 0.0048572 0.2976089 0.0241487 -0.1708703 -0.0790142 0.1299892 -0.0658636 0.3830586 0.4687103 0.2850697 0.3135531 0.3790350 -0.0508895 0.1339358 0.0354553 -0.0768195 0.1414410 0.1833844 0.1755101 0.2814612 0.1511605 0.2823237 0.3909716 0.3748187 0.1902115 -0.0523190 0.1232805 0.0189623 -0.2752215 -0.0328699 -0.2846727 -0.1971337 0.0240029 0.3714331 -0.2508592 0.2463858 0.0798511 0.1305365 0.2026595 0.1281011 -0.2878563 -0.4328525 0.5964989 0.1189118 0.0452445 -0.1140509 0.0821073 0.1185399 0.1131559 0.0670186 0.1728424 0.1221662 0.1284104
-0.4997213 0.0644750 0.1730945 0.0000000 -0.3947957 0.4586756 0.1636563 0.6820938 0.2063968 0.2185456 0.5065306 0.4827818 0.4007242 -0.0757964 0.3187088 0.2704737 0.1263390 -0.2377770 0.4092393 -0.1271356 0.5918009 -0.0277184 -0.1733294 0.4548244 -0.1850377 0.0797247 -0.1755444 -0.0889819 0.6267431 0.1222605 -0.2246115 -0.2582553 0.4732304 0.6269758 0.4488830 0.4609957 0.0743791 -0.2813085 0.2729065 0.0779000 -0.6335708 0.5388112 0.1615945 0.4626359 0.5184996 0.4279517 0.6802267 -0.5772287 0.5466962 0.1140765 0.5121598 0.1162393 0.6633847 0.4885140 -0.1353870 0.0144102 0.4809685 0.4721137 0.5944257 0.5419465 0.7453994 0.3469000 0.0517444 0.7069537 0.7434124 0.0115190 0.3771647 0.4402383 0.3291144 0.4724189 0.4779978 0.6484358 0.3482968 0.6961634 0.6845978 0.4178275 0.5686884 0.5372704 0.3528545 0.4970587 0.2884320 -0.1601455 -0.3105466 -0.4329674 0.1490485 0.4149613 0.6604335 -0.1145490 0.2477088 0.0516815 0.1780952 0.2785233 0.3205286 -0.2177914 -0.2618607 0.1326314 0.1454890 0.3970027 -0.1334431 0.2022767 -0.6274377 0.4021401 0.4939869 0.2304679 0.2080319 0.1244194 -0.0760848 -0.0322047 0.0768161 -0.1323266 0.0240415 -0.0778321 -0.4212048 -0.4103970 -0.1782442 -0.4755412 -0.3848041 -0.4085439 -0.4719003 0.0487385 -0.1731589 -0.2152754 0.1006701 -0.2702181 0.1077922 0.2660681 0.0576114 -0.2688900 0.2099956 0.0195222 0.3143601 -0.0300822 0.2713262 -0.2670594 0.1261112 -0.3454980 0.0747869 0.4139886 0.3719020 0.4001986 -0.0622547 0.4628362 -0.2395845 -0.2151768 0.0607123 0.0510923 0.5519907 0.5309829 0.1355015 0.3847478 -0.0757570 0.1828065 0.5929178 0.5530464 0.4011874 0.3835110 -0.4678611 0.5887386 -0.4258129 -0.1221320 0.5144102 0.3337259 0.5542877 -0.1136903 0.1718170 0.6165908 0.5535309 0.4281710 0.2561933 0.0637524 0.5789489 0.2141289 -0.2170707 -0.2345139 0.1683024 0.4560714 0.4417529 0.1034514 0.5135557 0.4180911 0.2097296 0.4134425 0.3164282 0.4288554 0.5213416 0.7073668 0.6111392 0.0762473 0.4351181 0.2368760 0.0304302 0.2541738 0.2546007 0.0494382 0.2322726 0.2565454 0.1221549 0.3939947 0.5515772 0.2571170 -0.2401044 -0.4450566 0.2402015 0.1453643 0.0968156 0.0242429 0.0713147 0.1702144 -0.3761320 -0.0149290 0.0551977 0.2980945 -0.4340934 -0.0454227 0.2824619 -0.4455660 -0.3317934 -0.0130344
0.2248868 -0.2684984 0.4359892 -0.3947957 0.0000000 -0.1928672 -0.0726933 -0.0615399 0.1006354 -0.1187001 -0.1521234 -0.1468782 0.2917554 0.2544346 -0.1490618 -0.1058470 0.0835505 0.0969565 0.1879824 0.6416402 -0.2317832 0.5357057 0.0906885 -0.4093690 0.5779827 0.1415755 -0.0160351 -0.2217740 -0.3575509 -0.0269664 0.7833211 0.5358547 -0.3369788 -0.4103830 0.0614092 -0.2538481 0.2451848 0.5466784 0.0584882 0.0205959 0.6876511 -0.3448264 0.0947570 -0.4591863 -0.3791745 0.0990936 -0.3501139 0.4576432 -0.5552793 0.3080443 -0.1558696 0.0459649 -0.3728692 -0.5515923 0.3346304 0.4607050 0.1286404 -0.6434973 -0.3238404 -0.0232537 -0.5216373 -0.3295522 0.5348814 -0.3843636 -0.4926350 0.6451333 -0.1447682 -0.5782647 0.3410098 -0.4650583 0.0661352 -0.2227256 -0.2229668 -0.3148356 -0.0390405 -0.1893303 -0.2504965 -0.0589011 -0.0077639 -0.3592694 -0.0881404 0.1902710 -0.0601536 0.0321492 -0.2496756 -0.3670102 -0.4553638 0.0441026 -0.3638628 -0.3194763 -0.1395643 -0.2998163 -0.1970243 0.1241344 -0.0531270 -0.0239807 -0.1246685 -0.1586819 -0.1949020 -0.2005348 0.1980495 -0.3010125 -0.3047886 0.0159049 -0.0218183 0.0684043 -0.1831590 -0.3328092 -0.3352601 -0.3185447 -0.1580771 -0.4706669 0.0250060 0.2737493 0.2927290 0.2989461 0.3780375 0.3847216 0.4155251 -0.2279123 -0.0390565 0.2540709 0.0906546 -0.0814758 -0.1055718 -0.2171607 0.1236140 0.2366711 -0.2187137 0.0238451 0.1710922 0.1180670 0.0593050 -0.1801787 0.2835824 -0.0718870 0.0436992 -0.2820670 0.1135206 -0.4364061 0.1141467 -0.3831029 0.5862159 -0.1271719 -0.0843946 -0.1789214 0.0351648 0.0838205 0.1322997 -0.4634372 -0.1742057 -0.0877902 -0.3251437 -0.1647530 -0.0316127 -0.1914795 0.4151660 -0.2051342 0.5301378 0.1472442 -0.1430699 -0.3113695 -0.2918856 0.0782644 0.1073829 -0.2985724 0.1565204 -0.1140528 -0.0453057 0.0236463 -0.1073285 0.0068569 0.2723169 0.0682434 -0.1474694 -0.2613642 -0.0134976 -0.1160008 -0.1363495 -0.2355904 -0.1680964 -0.2349466 -0.2719412 -0.1996934 -0.4310501 -0.4992429 -0.3282375 0.4875856 -0.1441069 -0.1333892 -0.2346709 -0.4305516 -0.4682139 -0.2810403 -0.2130818 -0.4034903 -0.4492239 -0.4120802 -0.1976783 -0.4394722 0.1754908 0.2697756 -0.2822571 -0.2952971 0.0477735 -0.1811564 -0.2944730 0.3783446 0.4179967 0.0279721 -0.3371145 -0.2883440 0.4997341 -0.0549226 -0.1889869 0.4470438 0.2542197 0.0602578
-0.5286676 0.4671617 -0.1983849 0.4586756 -0.1928672 0.0000000 0.6486831 -0.0592590 0.7006470 0.7923820 0.6502850 0.6330694 0.0383423 0.4794643 0.8602347 0.0594970 0.6945683 -0.0014444 -0.0095812 -0.2439525 0.5576073 -0.0532545 0.1095830 0.8398775 -0.1376843 0.0447307 0.4330509 -0.0757488 0.6293173 0.1966238 -0.2309100 -0.3129235 0.6007632 0.6264555 0.0894305 0.4081103 0.1756506 -0.3024480 0.2856221 0.1377762 -0.4221843 0.4419140 -0.0120808 0.3298087 0.5432774 -0.0124934 0.2600523 -0.2242050 0.5275541 -0.2451341 0.3063869 -0.0117635 0.6433518 0.4252715 -0.2551163 -0.2713760 0.3437434 0.4516708 0.0975233 0.1907856 0.5164786 0.2793998 -0.2940613 0.4694920 0.5385732 0.1616255 0.2873277 0.4161105 -0.1433131 0.1910229 0.2497348 0.3970793 0.1081627 0.3217272 0.0834268 0.1149593 0.2710981 0.1460557 0.1910846 0.1797938 0.3255323 -0.1665917 0.1501301 0.1716609 0.4218305 0.4093730 0.2088713 0.1610237 0.4887877 0.3312705 -0.2588797 0.1419256 0.1101177 0.1065849 0.1201184 -0.4810213 -0.4062092 -0.1690505 0.0028764 0.0642597 -0.0827796 0.1799626 0.3138650 -0.1645814 -0.4702805 -0.1311444 0.1456979 -0.0726005 -0.2406952 -0.0818463 -0.1110162 -0.2223716 -0.1821682 -0.1259282 -0.1851268 -0.2385080 -0.0901412 -0.1929124 -0.2251781 0.4272395 0.1994914 0.0750902 0.2328986 -0.1613099 0.4094508 0.5700891 0.4934354 -0.1363024 0.5927375 0.2827016 0.5662047 0.1216005 0.3357480 0.1740512 0.2621133 -0.3175822 0.4395912 0.7023973 0.5449785 0.4625066 -0.0612542 0.4569781 -0.3973463 0.0419281 0.2647295 0.3726017 0.3208240 0.0884466 0.0007057 0.4753277 -0.1189730 0.4811901 0.6280996 0.2482602 -0.0766283 0.2929106 -0.3415123 0.5781798 -0.3763687 -0.0030035 0.1787592 0.5004136 0.4825471 0.1262737 0.2775741 0.4094664 0.4301611 0.1799303 0.2547102 0.0995903 0.3264417 0.0972791 -0.4527877 -0.3718852 -0.0484325 -0.1672129 0.2255700 0.0458523 0.5812293 0.4840071 0.5607025 0.5146503 0.2577580 0.4330120 0.1903541 0.4366596 0.3970434 0.2919587 0.1537611 0.2077012 0.3974261 -0.1187352 -0.2550419 0.3229382 0.5040726 0.3430821 0.2555629 0.0987981 0.3419050 0.5047886 -0.1797215 -0.2430261 0.1122038 0.1649650 0.1133404 -0.0973046 0.2546394 -0.1536528 0.0208948 -0.1659246 -0.0153351 0.2035091 -0.4869000 -0.1863024 0.1670913 -0.4652741 0.0223201 0.0644270
0.0144100 0.6628251 0.1464777 0.1636563 -0.0726933 0.6486831 0.0000000 -0.2639813 0.7546636 0.5743728 0.2345589 0.7903860 -0.1850871 0.4568338 0.7490564 -0.2291072 0.5794613 0.7108728 -0.1882971 0.0607372 0.5109075 0.1473103 -0.0231292 0.6394299 0.2298899 -0.0572637 0.4381118 0.1719009 0.4782378 0.1365734 -0.1779136 0.1324339 0.5230388 0.4224825 -0.2697808 0.4582581 0.1830944 -0.3757405 0.3531569 0.2466648 -0.0808730 0.3617580 -0.1489851 0.3270277 0.2747905 0.0479319 0.0582195 0.0332819 0.2655610 0.2239699 -0.0737179 0.0470085 0.3715879 0.1511711 0.0932374 0.1564745 0.3004865 0.1266640 0.0610782 -0.0028817 0.3061253 -0.0525931 -0.2448736 -0.0608304 0.1788896 0.2963785 -0.1027706 0.0824031 0.0192579 -0.2065732 -0.0400995 0.1994718 -0.1195068 0.1066363 -0.1437205 -0.2184759 0.2633296 -0.0653678 0.0111807 0.1888149 0.2924131 0.2168359 0.3646701 0.4327608 0.4729727 0.1827095 0.0358399 -0.1265573 0.4309197 0.2006323 -0.1377837 0.0263321 -0.2143429 0.1929696 0.3638209 -0.0638541 -0.1880836 -0.3025168 0.3643706 -0.0879721 0.2159984 0.1182228 0.1446250 -0.1346196 -0.1126777 0.3313226 0.3583828 0.1439653 0.0359316 0.1458070 0.1483237 0.1402142 0.2463595 0.1690481 0.0366987 0.3453624 0.4052104 0.1913893 0.3045137 0.7537201 0.7518774 0.6224617 0.2528251 0.3561053 0.6546916 0.8333045 0.7351557 0.0034896 0.7784536 0.2341615 0.5153532 0.0110882 0.2373051 0.5060350 0.2250136 -0.2042655 0.3944202 0.4940566 0.1269030 0.6100871 -0.3820722 0.5872350 -0.3013039 0.2260515 0.6007230 0.0687764 0.2154193 -0.1356718 -0.2103226 0.3492450 -0.1724418 0.5250979 0.5231256 0.0710513 -0.3123549 0.1562133 -0.1474231 0.3608181 -0.3757100 0.2181598 -0.0003376 0.4634170 0.5526119 0.2974085 0.2504713 0.2892353 0.4252829 -0.0703313 0.1768951 0.2481891 0.1773994 0.0163251 0.1194116 0.3785526 0.5273732 0.1938538 0.6297731 0.4496988 0.6424348 0.6172866 0.7518344 0.5864757 0.2791798 0.4932478 0.2280141 0.2639562 0.2513783 0.2838981 0.2088970 0.2529003 0.7292298 -0.0112604 -0.1683320 0.4389103 0.7034008 0.4059380 0.4942876 0.1653806 0.4522067 0.6625594 0.3193880 -0.0188922 0.1889550 0.3519039 0.3170069 -0.1445043 0.3809333 0.2327107 0.2970237 -0.0006332 0.0945612 0.5397656 -0.1335007 -0.2118767 0.2361997 -0.0308176 -0.0332760 -0.0476293
-0.2603431 -0.2570020 0.2724775 0.6820938 -0.0615399 -0.0592590 -0.2639813 0.0000000 -0.1480001 -0.1891462 0.2501459 -0.0284695 0.7850195 -0.1868179 -0.1128256 0.3670898 -0.1443447 -0.3366646 0.8199959 0.2352389 0.2181414 0.3530967 -0.1866062 0.0385342 0.2191362 0.3675232 -0.3503821 -0.0287260 0.2682112 0.2066829 0.1862383 0.1892622 0.2385712 0.2494313 0.5746511 0.1819876 0.2733064 0.1036267 0.2586657 0.2531722 -0.2140712 0.2246543 0.2540561 0.3027920 0.1754825 0.6986982 0.5393801 -0.2806357 0.2343091 0.3127129 0.3547011 0.1765054 0.2881044 0.2473051 0.0665770 0.1847156 0.4525990 0.1946166 0.4266782 0.3892198 0.4323296 0.1993505 0.3419754 0.5699944 0.4451913 0.1123324 0.3350677 0.2146712 0.3350357 0.4469174 0.5309119 0.4073235 0.4155277 0.5856770 0.7608316 0.5345861 0.3708962 0.5420247 0.3246969 0.3144344 -0.0136409 -0.0699564 -0.5488496 -0.5527753 -0.1445866 0.2024267 0.4379009 -0.4072684 -0.1049501 -0.1684074 0.2728824 0.2070864 0.3457909 -0.4876287 -0.3521506 0.3143226 0.3579595 0.5234817 -0.0478892 0.1048259 -0.6237460 0.3144798 0.3523284 0.3252296 0.4373344 0.2980245 -0.0717057 0.0899303 0.1735114 -0.2073407 0.2437611 -0.0089901 -0.2281647 -0.1939238 -0.0199338 -0.3101828 -0.2908145 -0.1481493 -0.3463904 -0.2717468 -0.3412430 -0.3662474 -0.0438692 -0.1868899 -0.1134293 -0.1901074 -0.2158805 -0.2047350 -0.2258456 0.0224192 0.2778736 -0.1573080 0.1688906 -0.4461714 -0.0581411 -0.2203818 -0.1401543 -0.0422874 0.2262275 0.0145204 -0.0432789 0.1007094 0.0377159 -0.3723291 -0.1604524 -0.1258974 0.5306635 0.5312122 0.1553089 0.0775752 0.0667390 -0.0470488 0.2212944 0.3575827 0.4871118 0.2020356 -0.2880180 0.3839729 -0.1476945 -0.1349410 0.4813150 -0.1988251 0.2334385 -0.1921060 -0.0480477 0.4319790 0.3903598 0.3563175 0.0950284 -0.0415700 0.4869256 0.1019071 0.1041376 -0.1442877 -0.0171650 0.3971993 0.1164099 -0.2079868 0.0619290 -0.0154661 -0.1874391 0.0884298 0.1232561 0.2037292 0.3895851 0.5373198 0.5056935 0.0887886 0.3062072 0.1457765 -0.3481804 0.2465915 0.2255127 -0.3320559 -0.2323089 -0.1583481 -0.4020102 0.0693159 0.2292921 -0.3791292 -0.1145790 -0.2774205 -0.0293882 -0.0798789 0.0174993 -0.0560215 -0.2409812 0.4252592 -0.2236171 -0.0203664 -0.0136201 0.0478487 -0.1635129 -0.0383208 0.2225191 0.0273723 -0.1684761 -0.0519685
-0.1965818 0.2132226 -0.0694248 0.2063968 0.1006354 0.7006470 0.7546636 -0.1480001 0.0000000 0.8016257 0.5083370 0.7089192 -0.0391045 0.7781236 0.7964592 -0.0476974 0.7943183 0.2740724 0.0844436 0.2846650 0.4247164 0.1563658 0.1574716 0.5783917 0.2513568 -0.0530695 0.5690240 0.1897018 0.4216342 0.4048539 0.1602984 -0.0522749 0.3785438 0.3883562 0.0592356 0.2620537 0.0625316 -0.1022784 0.4680320 0.3090209 0.0459731 0.2666588 0.2753454 0.2552878 0.3271865 0.0945542 0.2404413 0.0890130 0.1933602 0.1569357 0.2339424 0.2226139 0.3450323 0.1765629 0.0674257 0.0609407 0.3876453 0.0932995 -0.1210111 0.2907864 0.1990853 0.1906856 -0.1574602 0.0475375 0.1919283 0.3847352 0.0809801 0.1192994 0.1405219 -0.1729114 0.0983578 0.1310993 -0.0993446 -0.0187645 -0.0252819 -0.2050382 0.0205602 0.0544483 0.1136595 -0.1132895 0.4116009 0.1199430 0.1826772 0.1913612 0.3616267 0.2886811 0.2327078 0.0789368 0.3892454 0.1178951 0.0019922 0.2620614 0.0830043 0.3520723 0.1851137 0.0151479 -0.0343550 -0.0255162 0.0828010 0.2333680 0.0400870 0.2566969 0.3303352 0.2372354 -0.0550292 0.1879578 0.1541751 -0.1003797 0.1056156 -0.1410832 0.0037066 -0.2736652 -0.0765543 -0.0418831 0.0250722 0.0995097 0.1012737 0.0520711 0.0790988 0.4490738 0.3662945 0.3334518 0.4069210 0.0567234 0.5950702 0.6058011 0.5026177 0.1715584 0.6296763 0.1697797 0.6291701 0.2728480 0.3178852 0.3697490 0.4803782 -0.0123897 0.5669838 0.5730909 0.3728189 0.5307723 -0.1983059 0.6084576 -0.0187952 0.3887500 0.5784034 0.1804871 0.4374461 0.1528573 0.0230406 0.3773400 0.0237157 0.6326481 0.6274590 0.2752079 0.0230813 0.2877690 0.1697449 0.5322652 -0.0992725 0.3665783 0.2335843 0.5273430 0.5848156 0.4998359 0.4335342 0.3002401 0.5332425 0.0908595 0.3144341 0.2967714 0.2650631 0.2183049 -0.1011491 0.0265323 0.2109091 -0.0306295 0.4527367 0.3833951 0.5527940 0.5211028 0.6422815 0.4200760 0.0561904 0.3506354 -0.0826807 0.0990886 0.0840112 0.2788393 -0.0322660 0.0170365 0.4606496 -0.2839494 -0.3462286 0.4087965 0.5186896 0.3579675 0.3282477 0.0063819 0.2284882 0.5071650 0.0629042 0.0217177 0.2636420 0.1019653 0.2479628 0.0124886 0.3821605 0.1002386 0.0911171 0.0202786 0.1887968 0.3246489 -0.0269445 -0.3196611 0.0169916 -0.1162422 -0.0450344 -0.0813660
-0.2789277 0.1449283 -0.3026463 0.2185456 -0.1187001 0.7923820 0.5743728 -0.1891462 0.8016257 0.0000000 0.8040644 0.4408935 -0.0147056 0.7469082 0.6861313 0.2590466 0.8658298 0.0550761 0.0475249 0.0212462 0.1927983 -0.1069769 0.4847964 0.5924678 0.0408588 0.1491624 0.6352186 -0.0634752 0.2896952 0.3350641 -0.0271301 -0.2243915 0.3718240 0.3303455 0.0168426 0.0360371 0.0503564 -0.3512763 0.4557418 0.3025968 -0.1951401 0.1080580 0.2166077 0.2859330 0.3131476 -0.1256401 0.2009712 -0.1782357 0.4037938 -0.3093967 0.1596719 0.1989644 0.3087877 0.5026537 -0.4052877 -0.4609897 0.1667466 0.4845749 -0.2387892 0.0915466 0.1679798 0.4865073 -0.4604605 0.2714802 0.2158094 0.0610153 0.2363175 0.5558002 -0.3535363 0.1593074 0.1547813 -0.0058191 0.2215607 -0.0386253 -0.0259388 0.0900929 -0.1470000 0.1444503 0.3226819 -0.0945276 0.5527745 0.1337762 0.1899060 0.2361653 0.5171371 0.2092248 0.0831008 0.2515559 0.3273981 0.2894824 -0.2763347 0.1082286 0.0386595 0.4005820 -0.0041738 -0.2212307 -0.3024397 -0.2701438 -0.0828870 0.3689642 0.1515492 0.0516521 0.2629892 0.2090425 -0.3866040 -0.1361794 0.0005965 -0.1828375 -0.1249354 -0.1087118 -0.2534055 -0.2070330 -0.1230690 -0.1535976 -0.0431389 -0.1632640 -0.1885827 -0.1663430 -0.2257595 0.4249658 0.2021887 0.1071555 0.4220508 -0.1599962 0.4859576 0.5343882 0.4405178 -0.0210435 0.5994535 0.3277949 0.5966397 0.2403746 0.3894647 0.1287912 0.3682359 0.1211962 0.5774252 0.7707603 0.4581775 0.4511391 -0.0814294 0.5322590 -0.1490788 0.1652806 0.2170870 0.6201236 0.3563499 0.0527679 -0.1810173 0.5253733 -0.0014895 0.4717153 0.4074975 0.2374361 0.0862289 0.2525945 -0.1118125 0.5668496 -0.3580484 0.2067844 0.1096722 0.4142971 0.4097351 0.3041092 0.1653291 0.2079173 0.2104905 -0.0608727 -0.0030326 -0.0574585 0.1166609 -0.0537698 -0.4366794 -0.2333916 -0.2118649 -0.3279893 0.1216097 0.2349000 0.3013031 0.3247921 0.5735157 0.2005217 -0.1188910 0.1204755 -0.1760147 0.0642094 0.0757841 0.1650010 -0.2266496 -0.1393501 0.5125802 -0.1481493 -0.1732717 0.5636817 0.5158345 0.5099496 0.4267700 0.1769292 0.2123863 0.5505409 -0.1145195 -0.2552465 0.0032342 -0.0655571 0.0638341 0.2185987 0.4246307 -0.2124637 -0.1144461 -0.2513147 -0.0513946 0.1204842 -0.1651729 -0.3830926 -0.0735978 -0.2551234 0.0170124 -0.0904538
-0.4369889 -0.0466683 -0.2040954 0.5065306 -0.1521234 0.6502850 0.2345589 0.2501459 0.5083370 0.8040644 0.0000000 0.1811366 0.3871469 0.5178522 0.3694006 0.4949617 0.7037264 -0.2321411 0.3298115 0.0825143 0.0761240 0.0078154 0.4321756 0.3779986 0.0095445 0.2905919 0.3776490 -0.2609401 0.2153981 0.2663286 0.0784499 -0.2424911 0.2964607 0.2906452 0.2558071 -0.0412963 0.0344293 -0.2790537 0.5218586 0.3300534 -0.4371362 0.1145232 0.3234751 0.3307797 0.3504140 0.0492136 0.4401804 -0.4038128 0.5383493 -0.3363976 0.2436336 0.2606470 0.3485245 0.6971881 -0.4571904 -0.5173070 0.2489421 0.6650775 -0.0601027 0.1618168 0.2997118 0.5934283 -0.2329587 0.6309052 0.3953259 0.0153357 0.3244194 0.7426249 -0.2141335 0.5142990 0.3849965 0.0596190 0.5185961 0.1981429 0.3531747 0.5065441 -0.0649859 0.4512502 0.5506350 0.0335104 0.5137698 0.0071042 -0.0625822 -0.1284919 0.3858598 0.2059847 0.2740782 0.3113940 0.1607418 0.1121740 -0.2964628 0.0153462 0.0841440 0.3332446 -0.4005408 -0.2036045 -0.2869983 -0.1284244 -0.3322805 0.3969582 -0.1781849 -0.0149308 0.3211887 0.4048977 -0.3114640 -0.2716392 -0.2042197 -0.3083215 -0.1567297 -0.2634821 -0.2878086 -0.2515702 -0.2828965 -0.3105303 -0.1374430 -0.4001593 -0.4389033 -0.3983326 -0.4877584 0.0346831 -0.1796787 -0.1888980 0.3306508 -0.3079188 0.1694720 0.2190822 0.1981772 -0.0542903 0.2429233 0.3033410 0.4654949 0.2101792 0.3931758 -0.2285827 0.2850042 0.0537724 0.3577987 0.6573589 0.4484889 0.2325021 -0.0737410 0.3550920 -0.0170755 -0.2090815 -0.1079792 0.5381378 0.3955346 0.2293725 -0.1912400 0.5029221 0.0723469 0.2261415 0.2973701 0.2828033 0.3198918 0.1708542 -0.2550437 0.5585454 -0.3532644 -0.0752222 0.1148970 0.1797898 0.2418223 -0.0199690 -0.1150581 0.2077132 0.1825271 -0.0125193 -0.1642726 -0.3389175 0.1377530 -0.1493299 -0.3648794 -0.3508963 -0.3758909 -0.3056645 -0.0327566 0.0009655 0.1292583 0.1364405 0.2581441 0.0899278 -0.1586924 0.0823253 -0.0638399 0.2173530 0.2433734 0.2215604 -0.1970281 -0.2215300 0.1298776 -0.0481970 0.0194280 0.2676602 0.1860571 0.3589454 0.1494262 0.2266130 0.1358912 0.2710090 -0.4247304 -0.5432362 -0.1227423 -0.2534252 -0.2339912 0.2461914 0.2452829 -0.1791656 -0.4759362 -0.4657573 -0.2152137 -0.1206968 -0.2616933 -0.4877752 -0.1771473 -0.3237184 0.0934817 0.0547944
-0.2469089 0.5324835 0.1205880 0.4827818 -0.1468782 0.6330694 0.7903860 -0.0284695 0.7089192 0.4408935 0.1811366 0.0000000 -0.1800271 0.2319783 0.7604672 -0.1814561 0.3279226 0.4053909 -0.0665836 -0.0579423 0.8211133 -0.0383392 -0.1563652 0.7319851 -0.0602812 -0.2114733 0.0923005 0.2343152 0.7790986 0.0371507 -0.1923631 -0.0795404 0.6069513 0.6926410 0.1936117 0.6813263 0.1630088 -0.3166174 0.0973563 -0.0488556 -0.2728527 0.6283294 0.0597962 0.3345334 0.4610364 0.1577406 0.2711809 -0.1934424 0.3062225 0.2284557 0.3506169 -0.0268614 0.6168498 0.0346291 0.1170885 0.2501872 0.4358413 0.0950097 0.3783015 0.4639480 0.5422037 -0.0494242 -0.1254297 0.1014622 0.4216423 0.2930497 0.0895730 0.0313784 0.3160319 -0.1612008 0.1286537 0.4843976 -0.1670223 0.3090694 0.1378234 -0.2250943 0.5458665 0.0951415 0.0262765 0.4052011 0.3833729 0.1601372 0.2580822 0.2409388 0.4467368 0.4949908 0.3291395 -0.1006278 0.5867306 0.3808756 0.1320418 0.2904656 0.0279538 -0.0089415 0.4266016 0.1037420 0.0010597 0.0778230 0.3298167 0.1195592 0.0209016 0.4385898 0.3997857 -0.1050990 0.1120863 0.4670346 0.3876936 0.1467969 0.1405208 0.1159946 0.2614115 0.0407381 -0.1147232 -0.0718249 -0.0723386 0.0343720 0.1480547 0.0016388 0.0626709 0.6763771 0.5137673 0.3086878 0.0699955 0.0777770 0.6458540 0.8258050 0.4693562 -0.1874097 0.8097908 0.0580084 0.5111225 -0.0921960 0.1580158 0.3615287 0.2991685 -0.4341346 0.3150210 0.5775843 0.2293917 0.8162397 -0.3037041 0.7776104 -0.2940397 0.3995607 0.5967209 -0.0848499 0.3527777 0.1399956 0.0551072 0.3844328 -0.0158852 0.4724388 0.6956539 0.2521762 -0.0341094 0.2604249 -0.0798107 0.3577769 -0.2134086 0.4398104 0.3282309 0.6626755 0.6471610 0.4332890 0.5356761 0.3708584 0.5691407 0.2156728 0.5188300 0.5365126 0.3738754 0.3476644 -0.0230064 0.1653880 0.5984894 0.5198865 0.8391737 0.5855253 0.8570262 0.8212809 0.8140365 0.7366464 0.5136727 0.6606638 0.4336698 0.4588933 0.4473260 0.3229700 0.4491308 0.3756818 0.6178782 0.1112029 -0.0558704 0.4767442 0.8039578 0.5257651 0.5170384 0.2649066 0.6882803 0.7407592 0.2985624 -0.0007217 0.5091629 0.5134441 0.5070913 -0.0860714 0.3245809 0.2223321 0.2619638 0.2524046 0.3285324 0.7381272 -0.2067342 0.0453483 0.4249998 -0.3723202 -0.3201335 -0.2283657
-0.1088900 -0.2373346 0.3831111 0.4007242 0.2917554 0.0383423 -0.1850871 0.7850195 -0.0391045 -0.0147056 0.3871469 -0.1800271 0.0000000 0.0829036 -0.1195078 0.5787819 0.1258733 -0.2126888 0.7321929 0.4105195 -0.0295857 0.5413742 0.2193197 -0.0446119 0.4776177 0.6795837 -0.1088453 -0.1700458 0.0040231 0.1010843 0.4758401 0.4157900 0.1531775 0.0025689 0.5283790 -0.0693788 0.4813293 0.2685921 0.3384497 0.3402872 -0.0480817 -0.0259477 0.2956285 0.0807651 0.0238266 0.6097495 0.4582737 -0.0882106 0.1193784 0.1780640 0.2133917 0.2627804 0.1317248 0.1413488 0.0261760 0.1329360 0.5564649 0.1394376 0.0686422 0.1728729 0.1982670 0.2090148 0.4121643 0.5802640 0.2781567 0.4114766 0.3074961 0.1541307 0.2077856 0.4901718 0.6007992 0.1742443 0.5543833 0.3765538 0.6949153 0.7139211 0.0874373 0.5763756 0.5646043 0.1573943 0.0432001 -0.0340669 -0.5475579 -0.5042847 -0.1697119 -0.0282061 0.1661739 -0.2558893 -0.2811294 -0.3024315 -0.1237031 -0.1416373 -0.0303681 -0.2837027 -0.4952762 -0.0242288 -0.0913787 0.0772453 -0.2599767 -0.0836064 -0.4398741 -0.0783357 0.1346445 0.2447674 0.0838219 0.0058168 -0.1993087 -0.1327911 -0.2388517 -0.2358965 -0.0311472 -0.0488584 -0.0281039 -0.0547812 0.0977931 -0.1640528 -0.1441898 0.0028515 -0.1918290 -0.3071767 -0.2987354 -0.2756263 0.0401180 -0.0562500 -0.0832035 -0.3088088 -0.0866834 -0.1717178 -0.2916354 0.2014534 0.3790947 -0.0643488 0.2246351 -0.4397027 -0.0376066 -0.1817364 -0.0989725 -0.0120519 0.1621663 -0.2647198 -0.1316679 -0.1429451 0.1570732 -0.6386321 -0.4229478 0.0883216 0.3442902 0.3310038 -0.1580487 -0.1520726 -0.0831426 -0.2295667 -0.0879471 0.1481359 0.4297696 -0.0815325 -0.3035584 0.2371263 -0.1529963 -0.3087890 0.2629727 -0.4766674 -0.0463288 -0.4339034 -0.1593515 0.1097903 0.1871070 0.0287067 -0.2326113 -0.3654817 0.1581297 -0.1650736 0.2179753 -0.1225778 -0.2979113 0.0162428 -0.0510569 -0.3449507 -0.1067574 -0.1669477 -0.1789693 -0.0103806 -0.1301136 0.0652802 0.0604358 0.3116036 0.3898184 0.3856555 0.0471472 -0.0439532 -0.3663269 0.0247698 0.0786517 -0.3323972 -0.3054356 -0.2154190 -0.4776047 -0.0194874 0.0096427 -0.5280714 -0.2420148 -0.3870621 -0.2429983 -0.2613288 -0.2088127 0.0074737 -0.2981685 0.3366541 -0.1837691 -0.4041201 -0.2381517 -0.2900648 0.0226027 -0.1862165 -0.1046893 0.1152012 0.2473119 0.0296476
0.1141571 -0.1184962 -0.0645242 -0.0757964 0.2544346 0.4794643 0.4568338 -0.1868179 0.7781236 0.7469082 0.5178522 0.2319783 0.0829036 0.0000000 0.4652391 0.1366773 0.8826128 0.1380479 0.2321878 0.4297565 -0.1239307 0.2235068 0.4018625 0.2700493 0.3635610 0.1194574 0.6697779 0.2617356 -0.0459145 0.6712870 0.3829669 0.0142326 0.1760584 -0.0650259 -0.1627605 -0.2501924 -0.0986928 -0.0961716 0.6098546 0.5975401 0.2600149 -0.2181676 0.1779641 0.1198378 -0.0762446 0.0569287 -0.0465128 0.1757986 0.0294861 -0.0608342 -0.0575777 0.2802996 -0.0647671 0.2284935 -0.1191296 -0.2167539 0.1556839 0.0729201 -0.3745965 -0.0300860 -0.1514123 0.2642884 -0.1635543 -0.0698013 -0.1741152 0.2882879 0.0904417 0.1852804 -0.1234026 -0.1220547 0.0665541 -0.2807987 0.0575892 -0.3422608 -0.1149705 -0.0996251 -0.4356230 0.0650253 0.1756025 -0.4728473 0.3209929 0.1597558 0.0635619 0.1595226 0.3338373 0.0251247 0.0074670 0.2475310 0.1943995 0.0787862 -0.0133730 0.0803564 0.1069268 0.4455615 0.0404466 0.0382382 -0.0718214 -0.1252497 -0.0316652 0.0969638 0.1116847 -0.0380148 0.1499196 0.3248143 -0.0768494 -0.0055247 -0.0305521 -0.0558863 0.0759022 -0.2479323 -0.1345634 -0.2832104 -0.0370583 -0.0371867 0.0775549 0.0351423 -0.1032909 0.0006773 -0.0218727 0.1633787 0.1586249 0.1656964 0.5719757 -0.0433158 0.3488410 0.2397719 0.4333313 0.3499634 0.2726987 0.4323941 0.6069063 0.4374765 0.4496951 0.1641962 0.5028273 0.1562527 0.7022406 0.3962077 0.4197712 0.1128499 -0.1096028 0.2760469 0.2898355 0.1746540 0.4240870 0.2785939 0.4225330 0.1421050 -0.1517857 0.2899527 -0.0221492 0.4447824 0.2670164 0.0735164 0.0843277 0.2608922 0.2206359 0.4298454 -0.1188720 0.1750893 0.0421624 0.1848090 0.4222455 0.3846345 0.0471019 0.0740948 0.3077757 -0.2176430 -0.0846188 -0.0432129 -0.0797239 -0.1863511 -0.1921081 -0.0821912 -0.2593928 -0.4282827 0.0173837 0.1447040 0.0052807 -0.0658370 0.2810896 -0.0601729 -0.3571190 -0.0865543 -0.3996977 -0.2343775 -0.1510228 0.0721911 -0.4809750 -0.4266398 0.2362317 -0.5451287 -0.4644334 0.3324113 0.1807224 0.2164930 -0.0052397 -0.2947915 -0.1733290 0.1275401 -0.0209275 0.0797962 -0.1250544 -0.3430822 0.0003769 0.1260053 0.2524467 -0.1170514 0.0385658 -0.1486588 -0.1723841 -0.1801001 0.0802341 -0.5606874 -0.3752142 0.0549344 0.2609694 0.0229523
-0.4367230 0.4508773 -0.2218808 0.3187088 -0.1490618 0.8602347 0.7490564 -0.1128256 0.7964592 0.6861313 0.3694006 0.7604672 -0.1195078 0.4652391 0.0000000 -0.1231252 0.6312846 0.1224854 -0.0084341 -0.1395830 0.6209486 0.0215333 -0.0181826 0.8248711 0.0441755 -0.0618619 0.5550668 0.0549768 0.6419768 0.2584592 -0.2307301 -0.0818469 0.4886597 0.5605105 0.0509394 0.4323644 0.2696314 -0.1812366 0.2892694 0.1827885 -0.1362890 0.4249399 0.0902440 0.1769151 0.4569962 0.1585152 0.2598312 -0.0022812 0.2137531 -0.0007227 0.4117595 0.1506635 0.5072744 0.1063267 -0.0041195 0.0374679 0.4754515 0.1251070 0.1108017 0.3577948 0.4402832 0.2640744 -0.2459278 0.2024736 0.3745096 0.3437124 0.3554967 0.1225338 0.0380819 -0.0323472 0.2699368 0.3671300 -0.0526759 0.1687065 0.0637239 -0.1204814 0.2261466 0.0834886 0.0649143 0.0525838 0.2994924 -0.1240732 0.1413077 0.2469407 0.3121367 0.5252029 0.2623672 -0.1441871 0.5618933 0.3234342 -0.0194452 0.4161414 0.2445854 -0.0591787 0.3696840 -0.2693348 -0.1506456 -0.0019667 0.2255589 0.0312446 -0.0534911 0.4818550 0.4594401 -0.1994787 -0.2857401 0.1673037 0.4252588 0.1172927 -0.0564832 0.0751120 0.0061531 -0.0918187 -0.0965224 0.0282899 -0.0780771 0.0088649 0.1429539 0.1100064 0.0753807 0.6122316 0.4429838 0.2703036 0.3035900 0.1035933 0.6228082 0.6801344 0.5507091 0.0140808 0.7339876 0.2712806 0.6534917 0.1892716 0.4130338 0.3279646 0.3799083 -0.2219074 0.5136675 0.6232822 0.5024778 0.5623818 -0.1249932 0.5586025 -0.3532302 0.3356416 0.5600491 0.2164129 0.4251308 0.1446080 0.1308963 0.3737568 -0.0693777 0.6760085 0.7458763 0.2589392 -0.0344931 0.3906088 -0.1443154 0.6310174 -0.2841095 0.2753715 0.3341317 0.5633888 0.6397903 0.4289974 0.4926511 0.5449223 0.5247655 0.1933986 0.4275945 0.3895361 0.4082237 0.1958729 -0.3530160 -0.2603319 0.2015392 0.0448548 0.3962991 0.2782853 0.6351501 0.5773793 0.6803418 0.5063947 0.2980228 0.4099879 0.2091997 0.3600823 0.3004302 0.1510143 0.1701432 0.2828596 0.5342679 -0.1645802 -0.2549281 0.4152165 0.6180609 0.3484519 0.3356637 0.1202260 0.3442318 0.5672901 0.0780494 0.1034911 0.2795529 0.2468617 0.3201149 -0.0432682 0.4663343 -0.0217486 0.2471044 0.2227760 0.1997369 0.4272941 -0.2551411 -0.1484125 0.2403796 -0.2350806 -0.0490047 0.0003017
0.1226963 -0.3127321 -0.0536542 0.2704737 -0.1058470 0.0594970 -0.2291072 0.3670898 -0.0476974 0.2590466 0.4949617 -0.1814561 0.5787819 0.1366773 -0.1231252 0.0000000 0.1594114 -0.2949991 0.3864157 -0.0877555 -0.2809169 -0.2269994 0.7578041 0.0517458 0.0941729 0.8062860 0.0248470 -0.0128877 -0.1617972 -0.1307761 0.2226513 0.1373207 0.1332108 -0.1306193 0.5024190 -0.4257352 0.4360340 -0.2430492 0.0761943 0.0487342 -0.3225821 -0.3063184 0.2831696 0.0465090 -0.1703915 0.1854686 0.5417497 -0.5497476 0.1516179 -0.4773784 0.3982018 0.2652542 -0.0934932 0.2045197 -0.6356784 -0.4104191 0.3757704 0.4253203 -0.1784327 0.2133033 -0.0155101 0.6271853 -0.2420182 0.4639489 0.0709872 0.0463375 0.5709218 0.5505478 -0.2118444 0.7460405 0.6406533 -0.2544167 0.8955025 -0.0695774 0.5933774 0.8350032 -0.2919890 0.7669958 0.8985204 0.0801165 0.6247076 0.2415451 -0.3302353 -0.2133139 0.1666588 -0.0628647 0.0528123 0.1556848 -0.2767584 0.0389732 -0.2293350 -0.1616076 -0.1861493 0.0565767 -0.5142922 -0.0391353 -0.2964471 -0.1190966 -0.4441791 0.2911452 -0.0209262 -0.1610134 0.1581374 0.3404778 -0.1487904 -0.2297758 -0.1504473 0.0593681 -0.2909246 0.2986508 -0.3771528 0.2641680 0.0885889 -0.0098018 0.3416266 -0.1988038 -0.3593749 0.0117243 -0.2908281 -0.1077503 -0.3043626 -0.4476170 -0.0344609 -0.1813023 0.2172187 -0.2523543 -0.3376465 -0.3545171 -0.0089883 0.2130802 0.3138694 0.0256520 0.1551362 -0.5462449 0.0827335 0.1471010 0.1299313 0.4777526 0.0920620 -0.0645010 -0.0770210 0.1295388 0.0647941 -0.3337466 -0.5277678 0.5843043 0.2253383 0.2343150 -0.5984331 -0.1032547 -0.1871421 -0.3663148 -0.2687901 0.1526674 0.5538922 -0.0745498 -0.3590901 0.1082373 -0.4352109 -0.1929006 0.2266277 -0.3416486 -0.0931411 -0.3678198 -0.0893919 -0.2173038 -0.3692980 -0.4113432 -0.4872116 -0.5497885 -0.2635803 -0.4015758 -0.0639148 -0.2302619 -0.4882461 0.0148042 -0.0561464 0.1169798 -0.3286656 -0.2138706 0.0354684 -0.2954049 -0.4709553 -0.3338279 -0.2516680 0.0219972 0.1479673 0.0092638 -0.3916934 -0.4400324 -0.0531160 0.2319145 0.5348158 0.3393224 0.0077166 0.4286921 0.1072357 0.4770247 0.0379474 -0.0407830 -0.1551880 -0.6037991 -0.2626981 -0.3634082 -0.2994182 0.7008866 0.1237436 -0.1471342 -0.3737698 -0.5139440 -0.2851199 -0.3461263 0.1911963 -0.2638074 -0.4059804 -0.1040502 0.2463685 -0.1948886
-0.1731906 0.0494688 -0.1520015 0.1263390 0.0835505 0.6945683 0.5794613 -0.1443447 0.7943183 0.8658298 0.7037264 0.3279226 0.1258733 0.8826128 0.6312846 0.1594114 0.0000000 0.1057265 0.1645260 0.2932745 0.0317201 0.2398304 0.4069172 0.4186937 0.3361491 0.1611844 0.8192324 -0.0241287 0.0629089 0.5421398 0.1205947 0.0118294 0.2571500 0.0637341 -0.1567259 -0.1297558 0.0139269 -0.1250580 0.7564679 0.6035047 0.0165597 -0.1132756 0.2877558 0.0926538 0.0712575 0.1658465 0.1544341 0.0575417 0.1630288 -0.0973093 0.0754871 0.4591160 0.1373613 0.3670491 -0.1730731 -0.2331264 0.3264368 0.2051117 -0.3237311 0.0809433 0.0367551 0.4736241 -0.2402195 0.1839817 0.0578398 0.3385869 0.2644803 0.2890642 -0.1740523 0.0171829 0.2309006 -0.0854897 0.1960878 -0.1451023 0.0184499 0.0537373 -0.3198032 0.1616626 0.2916887 -0.3728618 0.3397200 0.0520121 0.0502006 0.1124098 0.3622753 0.1908917 0.1478478 0.1412595 0.3558692 0.1158480 -0.1193175 0.1489955 0.1241902 0.3750994 -0.0119343 -0.1748000 -0.2213152 -0.2177845 -0.1103400 0.1357752 -0.0133821 0.0705347 0.3076416 0.2080401 -0.2748534 -0.1218476 0.0613254 -0.1307543 -0.0775464 -0.2225639 -0.2848800 -0.2024806 -0.0458108 -0.0774577 -0.0597502 -0.0225071 -0.0759420 -0.0544212 -0.0258481 0.3334540 0.3044924 0.2857318 0.6872627 0.0900008 0.4475621 0.3790888 0.6369331 0.3451394 0.4368154 0.5722794 0.6613153 0.5213352 0.6227849 0.1100517 0.5190326 0.0583939 0.6187622 0.5448697 0.4171633 0.1741085 -0.1441897 0.3129247 0.1487355 -0.0239294 0.3251180 0.3499678 0.3904951 0.0924902 -0.1547160 0.3127278 -0.0608243 0.4040818 0.3748271 0.1114772 0.1639653 0.2093000 -0.0005150 0.5456102 -0.2778195 0.1233970 0.0897505 0.2152368 0.4798469 0.2932546 -0.0301692 0.2724829 0.3559528 -0.1920567 -0.1297906 -0.1223279 -0.0019554 -0.2561023 -0.2762693 -0.1821039 -0.2521538 -0.4566978 0.0640908 0.1423667 0.1749689 0.1139113 0.4419382 0.0906618 -0.2741780 0.0259447 -0.2659955 -0.0280190 -0.0023843 0.1007247 -0.3495526 -0.2703317 0.4011871 -0.5251297 -0.4251753 0.4053181 0.3321457 0.3167093 0.1667894 -0.0860179 -0.0749004 0.3029279 -0.2400978 -0.0902549 -0.1371425 -0.2955165 -0.0648211 0.1400346 0.4575779 -0.2263008 -0.0810848 -0.2284195 -0.1723008 -0.0873482 -0.0764003 -0.5570844 -0.2901259 -0.0771283 0.2214493 0.0574339
