0.0000000 0.7845063 0.6286521 0.1791258 0.5524430 0.2959316 -0.2342024 0.0192865 0.3337711 0.2277353 0.0116517 0.2615433 -0.0438182 0.5237793 0.2680699 -0.0370242 0.0713552 0.3184179 -0.0987873 0.1236426 0.1208480 -0.0681636 -0.1568976 0.3274616 -0.0488180 -0.1942696 0.3177146 0.4954977 0.3902262 0.5467744 -0.0789724 -0.0481392 0.2867723 0.4556023 -0.1799708 0.0831088 -0.1333753 -0.1405728 0.4815831 0.2689202 -0.1060675 0.5273965 0.0453777 0.4868421 0.6385558 -0.1136301 -0.0815663 -0.1272273 0.4633206 -0.2876944 -0.1179631 0.1400760 0.5116491 0.4251314 -0.0643893 -0.2167778 -0.1620602 0.3812006 0.6585082 -0.1277037 0.4963602 0.0160200 -0.0878154 0.3058471 0.3128634 -0.1184058 -0.0877311 -0.0046819 -0.2933082 0.1688872 -0.0947166 0.2266010 -0.1635579 0.4410401 -0.1513806 0.1164539 0.2261687 -0.0694501 0.1466347 0.2485985 0.1099541 0.2448536 0.4504314 0.4397657 0.4314363 -0.1277713 -0.0498522 0.4071048 0.0201256 0.0843904 -0.2925434 -0.1529715 -0.1689916 0.4180042 -0.2569868 -0.3426828 -0.2302662 -0.1786370 -0.1159191 0.3145405 0.1907465 -0.2395036 -0.2110384 0.3067544 -0.2038768 -0.2973663 -0.0965640 -0.1772066 -0.3796561 0.0096692 -0.2393085 -0.0263448 -0.2576433 -0.2032353 -0.0779123 -0.1728663 -0.2464775 -0.1728211 -0.2327998 -0.0975611 -0.1086175 -0.2052886 -0.0306453 -0.1124766 -0.1912814 -0.0476111 -0.3776593 -0.0122902 -0.3030596 -0.4633609 -0.3494324 0.0332322 -0.3938974 -0.0210879 0.0143928 -0.0853073 -0.3583309 -0.2407850 -0.3434705 -0.1333869 -0.0009818 -0.2564688 0.1384487 -0.0548339 -0.0581193 -0.1827217 -0.1645206 -0.1836047 -0.1433544 -0.2925666 -0.1584284 0.0008581 -0.1659188 -0.0407020 -0.1794574 -0.2167728 0.1830061 -0.0267463 0.0339959 0.1384059 -0.1160760 -0.2322849 -0.0844615 0.2203918 -0.1447481 -0.0031482 -0.0016217 -0.1490761 0.1568435 0.0554969 -0.0311728 0.0046567 0.8233204 0.4430197 0.6808348 0.4080458 0.0747559 -0.0207414 0.0883086 0.0126930 0.0769398 0.5353152 0.4979499 0.6080703 0.6623701 0.1826760 0.5791240 0.6215332 0.4589738 0.2471262 -0.0638874 -0.1010661 -0.0715127 -0.1588742 -0.0178209 0.0558785 -0.0534591 0.0763640 0.1777201 -0.0957107 -0.1975310 -0.3833126 -0.4527929 -0.1442883 -0.0876490 0.1665483 -0.1630301 0.2111081 -0.1711010 -0.1893514 -0.3936826 -0.0650973 0.1797820 0.0873729 0.1191655 0.1824304 0.2084915 0.1008269
0.7845063 0.0000000 0.7106097 0.0250773 0.6775946 0.2755539 -0.0820508 -0.1093071 0.3176323 0.1728306 -0.2110703 0.5539256 -0.1160944 0.2419084 0.1403532 -0.3153588 -0.1262072 0.0800163 -0.3445464 0.0538643 0.1577676 -0.3594934 -0.3707025 0.1073628 -0.3252210 -0.3985483 0.1165887 0.2523587 0.5195600 0.3298861 -0.3161296 -0.2596364 0.2933632 0.3826597 -0.2946870 -0.1393900 -0.2802514 -0.3208132 0.3490091 0.2317888 -0.2982399 0.2715594 -0.0774718 0.3507264 0.3263220 -0.2657915 -0.2189855 -0.2668787 0.1601392 -0.3195122 -0.3165971 -0.0277353 0.1232679 0.2027533 -0.1918628 -0.2813917 -0.2495331 0.0554846 0.4713239 -0.3291840 0.2295545 -0.3421819 -0.1190527 -0.1343138 -0.0842047 -0.2181723 -0.3396291 -0.4266352 -0.3555849 -0.3060086 -0.2728562 -0.1986831 -0.5623820 -0.0228086 -0.3856155 -0.3377660 -0.2167039 -0.4437310 -0.3396439 -0.0628720 -0.3614661 0.2973728 0.5063105 0.4309555 0.3532466 0.0298798 0.0498736 0.2873348 0.1153441 0.1082890 -0.1490392 -0.0442366 -0.1066757 0.5452154 -0.0391888 -0.1461365 -0.1827272 -0.0134924 -0.0011321 0.5486708 0.2049379 -0.0482993 -0.0226029 0.5748147 -0.2170263 -0.1177283 0.0435191 0.0000782 -0.2843381 0.0699675 -0.1321657 0.0846680 0.0474425 0.0477772 0.1743153 0.1027195 0.0097927 0.0613607 0.0253474 0.0489362 0.1048366 0.0683231 -0.2325752 0.2548720 0.0646305 -0.1030137 0.0248293 -0.0924592 -0.1339907 0.0132526 0.0230020 -0.0653836 -0.0583638 -0.0480063 -0.0195915 -0.0099360 -0.1062127 -0.0274568 -0.1433986 -0.1251816 0.0311923 -0.0948856 -0.0627769 -0.0600466 0.2085821 -0.0401301 -0.0364861 -0.1043958 -0.1269015 -0.1124982 -0.1099817 0.0957038 0.0020568 0.0218530 -0.1285970 -0.2161988 -0.0071126 0.0994696 -0.0296751 -0.0782590 0.0142631 -0.0267471 0.1017207 0.1245054 0.1428903 0.0381655 0.1150300 -0.0945861 0.2072894 0.2291516 0.1187610 0.1237733 0.6433019 0.0422135 0.9140154 0.7188918 0.0811676 -0.2344269 -0.1127646 -0.2352130 0.0097254 0.5118238 0.3078516 0.6144368 0.6440740 -0.2172388 0.4305507 0.4352813 0.0095875 -0.1909862 -0.1124866 -0.3377220 -0.0296750 -0.2133037 -0.1337728 -0.0396580 -0.1520060 0.1483352 0.0491062 -0.1237844 -0.2661947 -0.1810713 -0.1374421 0.0423027 0.1769273 -0.1027436 -0.1570344 0.1304770 -0.3289015 -0.2738732 -0.2254421 -0.2040202 0.0653054 0.1374646 -0.1470732 0.0826388 -0.1587192 -0.1827757
0.6286521 0.7106097 0.0000000 0.4331160 0.5808234 0.4845559 -0.3002903 0.4019735 0.4510539 0.3906253 0.2611106 0.3766201 0.3197486 0.4320700 0.3139127 0.1592533 0.1763524 0.4008678 0.1436057 0.3553203 0.2335171 0.1418325 0.0672864 0.3066685 0.1666511 0.0705583 0.1250819 0.3225462 0.4647076 0.2022492 0.0862410 0.1516049 0.2826008 0.3727985 0.0032215 -0.0379185 0.0606516 0.0974413 0.3330040 0.1887191 0.0182474 0.2533324 0.1896257 0.3986209 0.1071598 0.1111442 0.1422991 0.0886659 0.2973890 -0.0179102 0.0362807 0.0961523 0.2194377 0.3829604 0.1505804 0.0206837 0.0487110 0.2826076 0.3301837 -0.0421757 0.1497913 -0.0273076 0.2213767 0.1262847 0.1142435 0.0820496 -0.0837971 0.0034662 0.0087355 0.1063879 -0.0165416 0.1984231 -0.1110529 0.1678532 0.1132575 0.1201871 0.2164049 0.0816684 0.0964619 0.2301387 0.0551084 0.4702866 0.4220853 0.4701502 0.4232153 0.1176571 0.2649392 0.3595698 0.1950090 0.2595649 0.0716135 0.1095579 -0.0306337 0.3804993 0.0165459 -0.0141712 -0.0604735 0.0848639 0.0929441 0.4033193 0.2368042 0.0897760 0.0660376 0.2495119 0.0219365 -0.0632454 0.1212636 0.1119856 -0.0770336 0.1488010 -0.0789817 -0.0086019 0.1945438 0.2079817 0.1680290 0.0918849 0.0417046 0.1356765 -0.0011090 0.0713392 0.1100685 0.0379093 -0.0493981 0.1362446 0.1903525 -0.1847092 -0.1168126 0.1044491 -0.0644675 0.0543714 0.1250677 0.1216587 -0.0569183 -0.0085010 -0.0087886 -0.0090712 0.0186953 0.1231131 0.0334497 -0.1643131 0.0837935 -0.0882603 0.0473883 -0.0134829 0.2225221 -0.1095120 0.1598391 0.0712969 0.0247886 -0.1348531 -0.1614403 0.0960519 0.1747386 0.0860926 0.0361823 -0.0283290 0.0362183 0.1596277 -0.0164313 0.1201079 0.0771184 -0.0283290 0.1394114 0.2086953 0.0940718 0.1961918 0.1203406 0.0586073 0.2377756 0.1028733 0.1823234 0.1682987 0.4169312 0.0965575 0.4560578 0.3609334 0.3256060 0.0802492 0.0136151 -0.0956959 0.0049773 0.3649109 0.2882514 0.4965247 0.4539135 0.0332635 0.2821063 0.3019396 0.3565139 0.2056465 -0.1431943 -0.0328803 0.0529284 -0.1653675 -0.1985480 -0.1240135 -0.2640130 0.1672555 0.1964341 -0.2021725 -0.2448814 -0.2755704 -0.2206832 -0.2190231 0.1520344 0.1444807 -0.1564402 0.0568376 -0.3084516 -0.1842061 -0.3037185 -0.2397270 0.1993944 0.0236618 0.0144897 -0.0791134 -0.1095480 -0.1146164
0.1791258 0.0250773 0.4331160 0.0000000 -0.1525902 0.8286866 -0.2401622 0.7762793 0.2813323 0.7511127 0.8184515 0.3838268 0.3778835 0.7471840 0.7428727 0.5755339 0.5658529 0.8325069 0.5774297 -0.0936728 0.7571875 0.5313519 0.5307769 0.6897469 0.6695179 0.5666173 0.3196084 0.5550678 0.6547833 0.3762735 0.2989146 0.4090396 0.1697402 0.4309665 0.3047845 0.4627032 0.2621115 0.4042528 0.4716101 0.3818048 0.1914982 0.4120667 0.3071636 0.3039268 0.3398834 0.2804141 0.2447156 0.2724082 0.4569911 0.1862175 0.2095865 0.3470525 0.5840254 0.2224114 0.1937187 0.1006250 0.0537332 0.3538302 0.1159746 0.1522847 0.2038764 0.2515420 0.1766560 0.4518803 0.4518355 0.0426060 0.0079015 0.3943922 0.1744919 0.4759189 0.0011410 0.6768297 0.3223704 0.2987843 0.2198995 0.5383933 0.6617442 0.2880221 0.5424060 0.4277651 0.3914367 0.0962698 0.1186691 0.2854198 0.3314529 0.1115709 0.1256978 0.3666176 0.1474119 0.2175478 0.0306602 -0.1244169 -0.3030368 0.0922557 -0.0351215 -0.1164435 -0.1772931 -0.2306912 -0.0083473 -0.0545423 0.1309064 -0.1215889 -0.0425058 -0.1340037 0.0622538 -0.0247732 -0.0076272 -0.0397225 0.0914684 -0.0268944 0.0082783 -0.0794582 -0.0498789 -0.0541797 -0.0833933 -0.0624595 -0.0294186 0.0024075 -0.1022976 -0.0784137 -0.1065365 -0.1512823 0.0786200 -0.1723645 0.0151277 -0.1213945 -0.3568288 0.1317731 -0.0210354 -0.2332039 -0.0543501 0.1382535 -0.1565243 0.1890417 -0.1126611 0.0149669 0.0801437 0.0868938 0.1962623 0.0052853 0.1085933 0.0134429 -0.2203215 0.1106562 0.1383481 -0.1307802 0.2825745 0.2813119 -0.0666163 0.0011521 -0.0178304 0.0157666 0.2019081 0.0368485 0.2730927 -0.1485497 -0.2433022 0.0914302 -0.3990334 0.1482240 0.1015701 0.0133461 -0.3081094 -0.0136356 0.0658064 -0.1222913 -0.0040154 -0.0582333 -0.1736886 0.0119788 0.0999358 -0.0698680 0.1492266 0.3375112 -0.0618419 0.2607016 0.7142198 0.1630281 0.5275764 0.3288573 -0.0069568 0.3455686 0.3642385 0.2820011 0.0546825 0.3969262 -0.0609976 -0.1356762 0.4703271 0.4839796 -0.1054392 0.3755633 0.1075054 -0.1004808 -0.2471660 -0.1879338 -0.0883565 0.1111427 0.1058712 -0.0544949 0.0166095 -0.0878602 0.0187623 0.0738047 -0.3155161 0.1159771 0.1907753 0.0921629 -0.0886308 -0.0729255 -0.0597089 0.1728777 -0.2350649 -0.1274386 0.2219545 0.0138097 0.0868321 -0.0545803
0.5524430 0.6775946 0.5808234 -0.1525902 0.0000000 -0.1041195 -0.2840793 0.0060729 -0.1255715 -0.0491943 -0.1195324 0.0127969 0.2927848 0.1395658 -0.3334950 -0.0530162 -0.1664754 -0.0231036 -0.1764131 0.5814565 -0.2013979 -0.1614144 -0.1332262 -0.0269498 -0.2579104 -0.2879967 0.0270686 0.1281275 0.1469905 0.0522278 0.0351269 -0.1374634 0.1924117 0.2036630 -0.1573212 -0.3295863 -0.1426635 -0.1734184 0.0882305 -0.0102926 0.0177130 0.0647448 0.0272051 0.1464650 0.0688527 -0.1507911 -0.0173114 -0.0506788 -0.1211894 -0.1637469 -0.0289008 -0.1103097 -0.1412799 0.0536145 0.0922645 -0.0194184 0.0793599 -0.1391229 0.3773820 -0.0568701 0.1136706 -0.1485782 0.3008795 -0.1112090 -0.0702266 0.2105598 0.0566035 -0.2001686 0.0565191 -0.1163048 0.0990040 -0.2100009 -0.2970426 0.1300055 0.0787778 -0.2195293 -0.1413155 -0.0059030 -0.3394204 -0.0369596 -0.2594585 0.2150071 0.3346148 0.2992440 0.2200150 0.0170900 0.1566027 0.1643811 0.1172519 0.1009772 -0.0407277 0.0974853 0.1951279 0.4506229 -0.0321567 -0.0192358 0.0632971 0.1780371 0.0113140 0.5212392 0.0599180 0.0752927 0.0311095 0.4073490 -0.0833215 -0.0765267 0.1069110 0.0589071 -0.2775744 0.2276736 -0.1181866 0.0486750 0.2240425 0.3062397 0.3346275 0.1629700 0.1317224 0.2046340 0.1063312 0.2206396 0.2472553 0.1581029 -0.2486657 0.2473188 0.1405663 0.0037183 0.1347756 -0.1247600 -0.0342668 0.1582751 0.1031412 -0.0914020 0.0734387 -0.3615007 -0.1299898 -0.1321216 -0.0708107 0.0919172 -0.0204058 -0.1046204 -0.1082639 0.0160748 0.0574129 -0.2071677 0.0860146 -0.1699602 0.0294369 -0.0754052 -0.2119431 -0.1001939 -0.1240184 -0.0558175 0.0690784 -0.1644893 -0.1595016 -0.1255524 -0.0204027 -0.0289897 0.0438624 -0.1357452 -0.0946887 0.0255039 0.1237247 -0.1093953 0.0703288 -0.0415343 -0.1110264 -0.1714025 0.0804201 0.0386413 -0.0602926 0.0190320 0.4757201 -0.1109150 0.5842061 0.2627844 -0.3194276 -0.0497758 -0.3491954 -0.2975366 0.1208521 0.3083012 0.1648542 0.5076794 0.5985942 -0.1350345 0.4931589 0.6197985 0.1010946 -0.0144446 0.0839245 -0.1710965 0.0375971 -0.0477355 0.1502725 0.0938026 -0.0019117 0.0990262 0.1676151 -0.0907530 -0.1383469 -0.2728880 -0.2944519 -0.1853835 0.3983440 -0.0212543 -0.2740579 -0.0689376 -0.1231105 -0.1089050 -0.3508337 -0.3052216 0.4477894 0.0509103 -0.2232452 -0.0036683 0.0248560 0.0232748
0.2959316 0.2755539 0.4845559 0.8286866 -0.1041195 0.0000000 0.0514375 0.6093765 0.5325496 0.7331386 0.5765059 0.5037818 0.2216792 0.6118851 0.7610723 0.3695424 0.5243120 0.6351770 0.4194377 -0.1790273 0.5540343 0.3813867 0.2999614 0.5792828 0.4827775 0.4052941 0.3897901 0.4835196 0.6202396 0.4914514 0.1735083 0.3627140 0.2129043 0.3422634 0.2786313 0.2037978 0.2626033 0.3220547 0.5783574 0.4915591 0.1623587 0.2210848 0.3085146 0.3660646 0.2784308 0.2835450 0.1689976 0.2386558 0.4554689 0.2484630 0.1027799 0.4733457 0.5043331 0.2534446 0.1971812 0.1430378 0.0226412 0.3057140 0.1150333 0.1007387 0.0923656 0.1413528 0.1160997 0.2926780 0.2577515 -0.0555701 -0.0924487 0.2346548 0.0706842 0.2516412 -0.0807945 0.4856560 0.1328197 0.1877264 0.0039494 0.3410535 0.4296042 0.0005988 0.3313522 0.2341514 0.1942285 0.1766581 0.2004357 0.2235663 0.1974072 0.0386255 0.0865400 0.2522614 0.1217239 0.1600726 0.1306071 0.0954633 -0.1618780 0.1637845 0.1060229 0.1173337 -0.0005408 -0.1432216 0.0758720 0.0209343 0.2128287 -0.1198280 -0.0530848 0.1092390 0.1139027 0.1675136 -0.1164031 -0.0606369 0.1305149 -0.1953838 0.0849085 -0.1406835 -0.0993322 -0.1120850 -0.1148343 -0.1365634 -0.0388495 -0.0192900 -0.1382419 -0.1635215 -0.1948423 -0.1787435 0.1827765 -0.1351323 0.0144459 -0.1789755 -0.3373389 0.2114062 0.0392381 -0.1736227 0.0135384 0.1600243 -0.1060508 0.1754379 0.0257593 0.1016525 0.0870422 0.1359112 0.2114369 -0.0624838 0.1684597 -0.0386173 -0.1680745 0.0969612 0.2294363 -0.0909663 0.2221330 0.1758476 0.1086509 -0.0662442 -0.1141169 0.0414949 0.1511575 0.1488030 0.2470147 -0.2288164 -0.1437861 0.0758393 -0.2380551 0.1393455 0.1092354 0.0113291 -0.3241743 0.1190551 0.0970275 -0.1454975 0.1464589 0.1332727 0.0443420 0.1741929 0.2212498 0.1406650 0.2161514 0.1840560 0.1519262 0.3801503 0.4940466 -0.0766672 0.2390583 0.1218720 -0.0098616 0.2714731 0.2057856 0.2518592 0.0781602 0.2348269 0.0174744 -0.0555684 0.3133879 0.2355880 -0.2667955 0.1736588 0.0897347 -0.2674362 -0.3857231 -0.3253095 -0.2119039 0.0990066 0.0276993 -0.0671015 0.1948657 0.2416118 0.2470501 0.1311696 -0.2735833 0.0082348 0.3706891 0.2635070 0.0932031 0.0854765 0.2087098 0.1697992 -0.2602365 -0.0843426 0.3248712 0.2736016 0.1008607 -0.0519350
-0.2342024 -0.0820508 -0.3002903 -0.2401622 -0.2840793 0.0514375 0.0000000 -0.3192347 0.3834753 -0.1247431 -0.1768250 0.2145961 -0.3372020 -0.1759281 0.2728955 -0.1373298 -0.0379374 -0.3041095 -0.1415563 -0.1345204 -0.2464327 -0.2842392 -0.2626899 0.0173100 -0.2656473 -0.1786050 0.2281031 -0.0416370 -0.0120412 0.1316772 -0.1371880 -0.0928186 0.0029199 -0.1329771 -0.0977004 -0.3923125 -0.1031494 -0.2291009 0.0263356 0.1172686 -0.1780720 -0.4116961 -0.0274523 -0.2457416 -0.1851274 -0.0807680 -0.2964245 -0.2872697 -0.0983037 -0.0634902 -0.0927768 0.1815035 -0.1819115 -0.1420646 -0.2039159 -0.0702933 -0.1040008 -0.2129043 -0.0423157 -0.0108709 -0.2428059 -0.0385418 -0.2080336 -0.2955048 -0.3782415 -0.1847512 -0.0033049 -0.1787706 -0.1594833 -0.3128632 -0.0597609 -0.3433955 -0.2087730 -0.3159668 -0.2661531 -0.3766987 -0.3844253 -0.3683530 -0.3807085 -0.1097404 -0.3504822 -0.2469519 -0.1048606 -0.2133401 -0.3225004 -0.2593476 -0.1461234 -0.2383532 -0.1423361 -0.2904796 -0.1492581 -0.1026958 -0.2577547 0.2154652 -0.0231211 -0.0627652 -0.1649506 -0.2150223 -0.1288280 0.1420105 -0.3299635 -0.2376500 -0.2193798 0.3181758 -0.3499546 -0.0293310 -0.2360565 -0.2984658 -0.2163302 -0.4388135 -0.2138637 -0.1820898 -0.3335339 -0.4032535 -0.3376647 -0.3138345 -0.1956518 -0.2752942 -0.1883820 -0.2501180 -0.2130537 -0.1976415 -0.3361119 0.0872019 -0.2147633 -0.1703472 -0.1385597 -0.4125632 -0.2030644 -0.0254763 -0.1902429 -0.3706477 -0.1310259 -0.3453953 -0.2733338 -0.3791946 -0.2621137 -0.2839187 -0.2664657 -0.2034460 -0.4387527 -0.2777316 -0.2823268 -0.4723768 -0.4040444 -0.3343550 -0.4710867 -0.4914400 -0.1388502 -0.2252825 -0.2764516 -0.5170520 -0.4594256 -0.4021397 -0.4779306 -0.5041566 -0.1982730 -0.5285701 -0.0598671 -0.4509832 -0.4889921 -0.2218047 -0.5263915 -0.3635398 -0.3764437 -0.4818554 -0.3292433 -0.1784070 -0.2024338 -0.2367091 -0.4063983 -0.1797667 0.0847451 -0.0525757 -0.0178118 0.0238419 -0.2006726 0.1203980 -0.3845381 -0.3424384 -0.0990160 -0.2428651 -0.2912365 -0.1331581 -0.1063206 -0.1056573 0.1426484 0.1340556 -0.2290698 -0.1205965 -0.1421694 0.0699622 0.3380865 -0.2069673 -0.2590823 -0.2144070 0.1251296 0.2672284 0.0179998 -0.0312415 0.3148865 0.4141820 0.0413148 0.1190075 0.0213778 -0.4199095 0.0644050 0.2101333 0.2068646 0.2398322 0.0266624 0.0953080 -0.1769694 -0.0256328 0.0542092 0.1763567 0.2107012 0.0838734
0.0192865 -0.1093071 0.4019735 0.7762793 0.0060729 0.6093765 -0.3192347 0.0000000 0.1296429 0.5699933 0.8074081 -0.0252072 0.8150477 0.5114863 0.4002221 0.8025835 0.4504207 0.5741274 0.7891778 0.2119635 0.4062398 0.7192352 0.5942475 0.2870881 0.6925659 0.6085768 0.0419204 0.2150802 0.2302713 -0.0257862 0.4874644 0.4709616 -0.0795810 0.1199833 0.2974386 0.2802163 0.3670842 0.5763007 0.1172290 -0.0250816 0.4025357 0.2253535 0.2924458 -0.0048848 -0.0247414 0.4941451 0.4728885 0.4823270 0.1764950 0.5026701 0.3730553 0.1258600 0.2535911 0.0062328 0.5072642 0.4695248 0.3921435 0.1953698 -0.0700925 0.3144367 0.1324958 0.2910315 0.6376602 0.3393559 0.3776186 0.4712567 0.2899345 0.4857660 0.6139697 0.4834959 0.3309046 0.5245228 0.4510524 0.2596892 0.5677541 0.4617843 0.5207619 0.5424113 0.3709767 0.0384052 0.2320112 0.3633850 0.1625206 0.2818031 0.2521161 0.3205758 0.3796019 0.2933656 0.3132641 0.3993434 0.4161321 0.3321830 0.2121168 -0.0132323 0.2952920 0.3020587 0.2898656 0.2797229 0.3174571 -0.2337149 0.3324180 0.3019841 0.3350829 -0.2130079 0.5079532 0.3328685 0.2733722 0.3926658 0.4023001 0.2563831 0.3423462 0.1664343 0.3455814 0.3473312 0.2131897 0.0708252 0.1775625 0.3160366 0.0757191 0.2575053 0.1873392 0.0261311 0.2641369 -0.0901667 0.3537098 0.1183702 -0.0694014 0.3286332 0.3072858 0.0297196 0.3065111 0.2883060 0.1168716 0.0171132 0.1113942 0.2253048 0.3228355 0.4186474 0.4592959 0.1110942 0.2642410 0.2689094 0.0905472 0.1942344 0.2638418 0.0849246 0.5109195 0.4375935 0.1986361 0.1697898 0.0652994 0.0612643 0.4767259 0.2063024 0.5155691 -0.0000398 0.0417653 0.2321182 -0.0129001 0.2391679 0.2798921 0.2186365 -0.1128438 0.0601665 0.2842107 0.1326494 0.1174751 0.1626157 0.0642202 0.2109385 0.2714817 0.2908070 -0.0587394 0.0823420 -0.2570724 -0.0540854 0.3593948 0.0405258 0.3610742 0.2680229 -0.1361097 -0.0062860 0.1708181 0.0838674 -0.0627664 0.4655097 -0.1220315 -0.0844282 0.3311275 0.3295445 0.1230321 0.0608261 -0.2014283 0.0854404 0.0731664 -0.0259224 -0.0820266 -0.2705645 -0.2454410 0.0804341 -0.1763748 -0.0854344 0.0498130 -0.1926072 -0.1623666 0.1019445 0.2472595 -0.2545793 -0.1919414 -0.1661264 0.0913140 -0.0963672 -0.0888050 -0.1412973 0.0807584 -0.2157299 -0.0902975 -0.1308591
0.3337711 0.3176323 0.4510539 0.2813323 -0.1255715 0.5325496 0.3834753 0.1296429 0.0000000 0.1131668 0.0203062 0.3346711 -0.0699608 0.1167280 0.5945491 -0.0252419 0.0418554 -0.0123724 0.0280283 -0.1001893 0.0534763 0.0493754 -0.1837912 0.1941944 0.0027027 -0.0514945 0.3059952 0.0930413 0.1908415 0.2262554 -0.1131689 -0.0069798 0.0056827 0.0508269 -0.0301680 -0.1028188 -0.0272543 -0.0272591 0.2047312 0.0795239 -0.0536442 0.0175817 0.1072559 0.0463289 -0.1150427 0.0469848 -0.0233383 -0.0304005 0.1564394 0.0341094 -0.0468482 0.2316810 0.0793009 0.3366096 -0.0565222 -0.0433809 -0.1261284 0.1735197 0.1412558 -0.0049693 0.0134589 0.1091440 -0.1291631 -0.0293283 -0.1606259 -0.1526241 -0.1215811 -0.0164462 -0.1628851 0.0056789 -0.1093311 0.0883607 -0.0684407 -0.1165696 -0.1647828 -0.0320120 -0.0110361 -0.1415784 0.1126598 0.0905050 0.0947770 0.0252833 -0.0034599 0.0451708 0.0515482 -0.1646876 -0.0913128 0.0537065 -0.0446953 -0.0493446 -0.0222977 -0.0116274 -0.1603397 0.1950560 -0.0176762 -0.0254073 -0.0721051 -0.1811168 -0.0742254 0.2711670 -0.0695878 -0.2124212 -0.3063147 0.2398594 -0.0395540 0.0037674 -0.2592860 -0.3064204 -0.0133020 -0.4256085 -0.0781618 -0.2543589 -0.3513438 -0.4282394 -0.4365532 -0.4500633 -0.4083422 -0.4053983 -0.4226581 -0.3785475 -0.3540938 -0.4329014 0.1503525 -0.1044393 -0.2230309 0.0287329 -0.3814816 0.1299945 -0.0779737 -0.2820925 -0.0896896 0.2141770 -0.1803231 -0.0525798 0.0144797 -0.0036321 -0.1618397 -0.0292983 -0.1182911 -0.0449076 0.0490377 -0.1488886 -0.0173179 -0.0062154 -0.0462000 -0.0853505 -0.1107735 -0.1567881 0.0828657 -0.0869803 -0.0505267 -0.0336204 -0.0729480 0.0527542 -0.1704668 -0.0549820 0.0443119 -0.0304240 -0.0433759 0.2320400 -0.2755001 -0.0978893 -0.1781289 0.2719273 -0.1990355 0.0759879 0.0038609 0.1012269 0.0696706 0.0106956 -0.0897779 -0.0155679 0.2318186 0.0685172 0.1123090 0.1298232 0.2402222 0.0289868 -0.0141636 -0.1908491 -0.2932285 -0.0540527 0.0333920 0.1015571 0.1467458 -0.0397322 0.2100595 0.0226915 0.1514689 0.1081208 -0.3362741 0.0055714 0.0847742 -0.2139780 -0.2184625 -0.0501400 -0.0229065 0.1592308 0.1095129 0.1030601 -0.0839025 -0.0668592 -0.1488627 -0.0919008 -0.0859234 0.0607483 0.0526343 0.1860397 -0.0962329 0.1080557 -0.0544353 0.1001741 -0.0835046 -0.0808787 0.3408091 -0.0402023 -0.0037964 -0.1237230
0.2277353 0.1728306 0.3906253 0.7511127 -0.0491943 0.7331386 -0.1247431 0.5699933 0.1131668 0.0000000 0.7870884 0.4172967 0.1146847 0.7856957 0.5480308 0.4465957 0.7636277 0.7495804 0.3415132 -0.1855152 0.6309795 0.1531394 0.4375805 0.5818896 0.3650497 0.3035248 0.3876982 0.5616348 0.6718822 0.4608761 0.0730822 0.1856297 0.1467778 0.3056851 0.0177949 0.3542542 -0.0323557 0.0703813 0.4347186 0.4347589 -0.1664386 0.3372565 0.0515116 0.3290426 0.4275470 0.0499171 -0.1096082 -0.1319586 0.3866460 -0.1038640 -0.1160794 0.1718932 0.4952271 0.1012647 -0.0855386 -0.1450154 -0.1948782 0.3743091 0.0746662 -0.2061302 0.1529935 -0.1231400 -0.0348936 0.5183487 0.5970664 -0.2424008 -0.2746083 0.1788387 -0.1161530 0.3056806 -0.3061240 0.6166254 -0.0285009 0.4453137 -0.0356139 0.3586249 0.5737307 -0.0457339 0.2555875 0.3416170 0.1332969 0.2488952 0.3354834 0.3004242 0.2387952 0.0094369 0.0944977 0.2573049 0.0371952 0.0840023 -0.0953339 -0.0678754 -0.3197341 0.0336385 -0.1631600 -0.1736900 -0.2873354 -0.1959872 -0.1372932 -0.1073709 0.1355573 -0.1938970 0.0037941 0.1385249 -0.1259781 -0.1324095 -0.0930977 0.0068871 -0.0592211 -0.0499124 -0.1349666 -0.0749637 -0.0144841 -0.0479116 -0.0657861 -0.1131257 -0.0611131 0.0167405 -0.1020176 -0.0510028 -0.0555792 -0.0830173 -0.1812341 -0.0105109 0.0330959 -0.2671447 -0.2367999 -0.1183076 -0.1434657 -0.1177940 -0.1261808 -0.0721063 -0.1203106 0.2125717 -0.2059605 -0.0868155 0.0256641 -0.0582447 0.0361041 -0.0853207 -0.0812707 -0.0453305 -0.4114561 0.0292408 0.1410299 -0.1829043 0.1115917 0.1308307 -0.1892379 -0.1081586 -0.1619304 -0.0619129 0.0806366 -0.1382185 0.1783966 -0.4737189 -0.3377673 -0.0118934 -0.3712782 -0.1759887 0.1219464 -0.0564890 -0.3576298 -0.2962244 0.0710270 -0.3377790 -0.0415416 -0.1740978 -0.1648711 -0.0418453 0.0642990 0.0030436 0.3420254 0.4596686 0.1203200 0.3561036 0.5790393 0.0472448 0.3047495 0.2266242 0.0645095 0.4492259 0.3042404 0.2706212 -0.0698261 0.3932771 -0.2047425 0.0326075 0.3757078 0.2541132 -0.1180896 0.2495379 0.1593732 -0.2490836 -0.3347294 -0.3291755 -0.1492592 0.1521879 -0.0260230 -0.1628065 0.0547555 0.0563536 0.1263751 0.1280129 -0.4328943 -0.1970931 0.0917063 0.1108315 -0.0769047 -0.2659726 -0.0050460 0.0341462 -0.4641496 -0.1978358 -0.0873043 0.0595188 0.1334191 0.1165962
0.0116517 -0.2110703 0.2611106 0.8184515 -0.1195324 0.5765059 -0.1768250 0.8074081 0.0203062 0.7870884 0.0000000 0.0265641 0.4972456 0.7417771 0.5569590 0.8465601 0.7458274 0.7997976 0.7197664 0.1787884 0.5027371 0.5459776 0.7909963 0.6497226 0.6920623 0.6759081 0.3289804 0.5848973 0.4594318 0.3089395 0.4715452 0.4930701 0.1605603 0.3126340 0.3425889 0.3876063 0.2963281 0.4146337 0.3627403 0.3067123 0.2173761 0.3481930 0.3635694 0.2208737 0.2682485 0.3717725 0.2956852 0.2201047 0.3747765 0.1903886 0.3608461 0.3059118 0.4876162 0.1483965 0.2552314 0.2157588 0.2364398 0.3319981 0.0830234 0.2700004 0.2241594 0.3422453 0.3247111 0.5357336 0.5509743 0.2456011 0.2147207 0.5597897 0.3358432 0.5987996 0.1702625 0.6941418 0.4176659 0.4522080 0.4568573 0.5978087 0.7108328 0.4876589 0.4730566 0.4246167 0.3578077 0.2440703 0.1776500 0.2981992 0.3005064 0.1548707 0.2647112 0.3514827 0.1699690 0.2195501 0.0526929 -0.0687362 -0.2521778 0.0357700 -0.0975945 -0.1371288 -0.1727646 -0.0635593 -0.0391877 -0.1448968 0.0584375 -0.0184071 0.0781428 -0.2032664 0.0629274 -0.1129435 0.0981049 0.0814100 0.1010586 0.0861554 -0.0432246 0.0267084 0.0279900 0.0258635 -0.0504128 -0.0822679 -0.0214630 0.0729461 -0.0600433 0.0754310 0.0259916 -0.1148430 -0.0336919 -0.0556501 0.1110418 -0.0108917 -0.2901968 -0.0187770 0.0589856 -0.1459380 -0.0361434 0.0463969 -0.0972074 0.0545060 -0.2395342 -0.1132275 0.1046853 0.1228526 0.1894483 0.1064440 -0.0789551 0.1028442 -0.2707249 0.0409341 0.0283806 -0.2162586 0.2186676 0.2168238 -0.2160960 0.0128153 -0.0092614 -0.1363803 0.1734318 -0.1801646 0.1988018 -0.2923912 -0.3034130 -0.0620460 -0.3865525 -0.0103549 0.0330705 0.0674867 -0.4203687 -0.3021900 -0.0123214 -0.2628881 -0.2258725 -0.2710195 -0.3294297 -0.1036998 -0.1220489 -0.1509024 0.1544984 0.5080988 -0.2562623 -0.0264315 0.4652044 0.3020951 0.3655686 0.3116526 -0.0036606 0.2150173 0.3041902 0.1825778 -0.0553782 0.5827984 -0.0614421 0.0556088 0.5355246 0.5601065 0.0883638 0.4649970 0.1999488 -0.0003819 -0.0510258 -0.0809973 0.1306135 0.1023042 0.0581627 0.0776501 0.0383503 -0.0435481 -0.0489935 -0.0067283 -0.2573335 0.0646130 0.2294419 0.0372988 -0.0762530 -0.0915914 -0.1192070 0.1448497 -0.1678207 -0.0959512 0.0817947 -0.0442906 0.2613864 0.2236768
0.2615433 0.5539256 0.3766201 0.3838268 0.0127969 0.5037818 0.2145961 -0.0252072 0.3346711 0.4172967 0.0265641 0.0000000 -0.2991112 0.3113784 0.5300110 -0.2708168 -0.0287408 0.3182805 -0.1831769 -0.4627958 0.6806285 -0.2771729 -0.3668547 0.2999635 -0.0973806 -0.2368297 0.0149553 0.2656067 0.7587711 0.2454709 -0.3226159 -0.2376200 0.1719765 0.4069395 -0.3347134 0.1758758 -0.3488884 -0.2462154 0.2143212 0.2362798 -0.4146767 0.2023305 -0.2823642 0.0815217 0.3041474 -0.3215602 -0.4559084 -0.3602859 0.1158647 -0.3359131 -0.4815960 -0.1111706 0.2028021 -0.1687350 -0.3754275 -0.4876072 -0.5424635 -0.1160814 0.2346095 -0.4935585 0.0471516 -0.4933635 -0.4331954 -0.2005587 -0.0572189 -0.5593876 -0.5804421 -0.5594352 -0.4791815 -0.4538738 -0.5083989 -0.1169811 -0.5199476 -0.2757140 -0.4942958 -0.3633961 -0.1666608 -0.5692289 -0.2374597 0.0329945 -0.3628894 -0.0007969 0.3752490 0.3682805 0.3162260 0.0947019 0.0251561 0.2751419 0.1603763 0.1215793 -0.1519213 -0.2574522 -0.4578746 0.4159478 0.0673093 -0.2543399 -0.4493827 -0.3504095 0.0232308 0.2465800 0.1622723 -0.2130075 -0.0546003 0.3811447 -0.4010387 -0.0338951 -0.0215222 -0.0974308 -0.1740287 -0.1043469 -0.0646024 0.0168061 -0.0620343 -0.1576021 -0.0307365 0.0882519 -0.0112667 -0.0505927 0.0233411 -0.1145003 -0.0147451 0.0660539 -0.4141872 0.1565241 -0.0271438 -0.3571901 0.0142454 -0.2293388 -0.2492044 0.0618860 -0.0318338 -0.2136271 -0.0507483 0.1984024 -0.1363634 -0.0444969 -0.0087045 -0.1879541 -0.0991160 -0.1607088 -0.0437140 -0.1514272 -0.3740430 -0.1179415 0.1337894 -0.0150462 -0.0394183 -0.0264521 -0.1568488 -0.0441187 -0.1255867 0.0031388 -0.0484044 -0.0532421 -0.0542792 -0.3550179 -0.2794429 0.0609369 -0.2774467 -0.2703403 0.0634382 -0.0706603 -0.1350426 -0.1080925 0.1532461 -0.1475423 0.1775133 -0.0942502 0.0077514 0.0910166 0.1725776 0.0114767 0.2945290 0.0646323 0.5798302 0.8298163 0.6738887 0.0034124 0.2831930 -0.0048490 -0.0002010 0.5839418 0.3101332 0.4932210 0.2670167 -0.2100381 -0.0074049 -0.0725097 -0.1703225 -0.2284511 -0.1988172 -0.1047003 0.0830501 -0.1803689 -0.4344263 -0.2412832 -0.2103971 0.2643356 0.0001846 -0.2990040 -0.1290431 -0.0940849 0.0804960 0.3754948 -0.0842857 -0.3513788 -0.1500430 0.0530506 -0.3067297 -0.3216205 -0.1413657 0.0761268 -0.3811628 -0.0129363 -0.1674131 0.0141967 -0.2850609 -0.4458513
-0.0438182 -0.1160944 0.3197486 0.3778835 0.2927848 0.2216792 -0.3372020 0.8150477 -0.0699608 0.1146847 0.4972456 -0.2991112 0.0000000 0.1808801 0.0197812 0.7353935 0.0602505 0.2694085 0.7652325 0.5988494 0.0080223 0.7696893 0.4651945 0.0193008 0.6027117 0.5241841 -0.2003144 0.0291584 -0.1097544 -0.2870291 0.6977888 0.5066968 -0.0300813 0.0505127 0.3249728 0.0041815 0.4475581 0.6838921 -0.1215744 -0.2879424 0.6754678 0.0297322 0.3242900 -0.1833299 -0.2537322 0.5978669 0.6284270 0.6810834 -0.0944266 0.6729107 0.5171962 0.0068617 -0.0389097 -0.1536129 0.7636792 0.6736664 0.6243572 -0.1531466 0.0442462 0.4901950 0.0731168 0.3549550 0.8321652 -0.0118187 0.0390802 0.7736926 0.5365546 0.3856528 0.8462441 0.2635730 0.6314983 0.1185392 0.4688287 0.0389032 0.8169807 0.2286207 0.1838152 0.6907227 0.1152547 -0.2183755 0.0318927 0.4515606 0.2455658 0.3625141 0.3180498 0.5217612 0.6125913 0.3589666 0.5447895 0.5888882 0.6510428 0.5518354 0.5308373 0.1760627 0.5350351 0.5103754 0.5658871 0.6053000 0.5732180 -0.0848432 0.4442798 0.6053052 0.5440702 -0.2542464 0.6768629 0.5218975 0.5348773 0.5762875 0.5239250 0.5008179 0.5425795 0.3501677 0.4923805 0.5824817 0.4511402 0.2815291 0.3822211 0.5309962 0.3089691 0.5249080 0.4490021 0.2536919 0.3126867 0.0651694 0.5673508 0.2908863 0.1843805 0.3929752 0.5239145 0.2608434 0.5117745 0.2861461 0.2565877 -0.1834512 0.1681390 0.2873661 0.4068606 0.5891347 0.5419044 0.1911780 0.2832398 0.3630606 0.3135271 0.0976825 0.2478298 0.1861525 0.5214032 0.3848591 0.2550173 0.2240278 0.1006120 0.0460932 0.5255860 0.2341637 0.4396188 0.1795690 0.2156338 0.2262117 0.2364708 0.2565004 0.2627337 0.3446968 0.1090877 0.1205699 0.3225716 0.2777006 0.1683070 0.2264954 0.2182662 0.2875753 0.2774775 0.3800587 -0.1729738 -0.1389519 -0.2380153 -0.2103115 -0.0758628 -0.0167977 0.0754873 0.0495026 -0.1871431 -0.1451987 0.0990967 0.1527493 0.1485784 0.2185177 0.1231697 0.0693799 0.1027524 0.1388151 0.3700270 -0.1234641 -0.3082733 0.3704246 0.4029398 0.2346531 0.0408148 -0.3936596 -0.2731117 0.1750470 -0.1842309 -0.1146983 -0.0178169 -0.2628635 0.1798811 0.1348819 0.2620035 -0.4193321 -0.1475689 -0.0628491 0.0638406 -0.1404519 0.3332563 -0.0762269 0.0028452 -0.1929485 -0.1582085 -0.1982084
0.5237793 0.2419084 0.4320700 0.7471840 0.1395658 0.6118851 -0.1759281 0.5114863 0.1167280 0.7856957 0.7417771 0.3113784 0.1808801 0.0000000 0.5988074 0.4611502 0.7164764 0.8326455 0.3283099 0.0395040 0.5507916 0.2477660 0.4268635 0.7206265 0.4005838 0.2717462 0.5876680 0.7853876 0.6485435 0.7044422 0.2293474 0.2050633 0.2349864 0.4797757 0.0153047 0.3797499 -0.0277333 0.0915924 0.5829382 0.4973815 -0.0019197 0.5444082 0.1333688 0.3904840 0.7090227 0.0304015 -0.0430286 -0.0533308 0.5028106 -0.1919605 -0.0152970 0.3069743 0.6918932 0.2826432 -0.0320290 -0.1786292 -0.1542298 0.4823998 0.4305248 -0.0736253 0.3943318 0.1415053 -0.0257537 0.6811117 0.7116881 -0.1427516 -0.1170780 0.3597585 -0.1348498 0.5250076 -0.1904494 0.7091481 0.0808611 0.6571890 0.0634927 0.5007633 0.7082531 0.1273783 0.4179657 0.5694433 0.3220221 0.1567088 0.3716943 0.4062638 0.3907360 -0.0678081 0.0977210 0.4272754 0.0395736 0.0634926 -0.2798398 -0.2074121 -0.3933335 0.3061176 -0.3353703 -0.3972550 -0.4019426 -0.3063327 -0.2115519 0.1214931 0.0821843 -0.2944833 -0.1644161 0.2224098 -0.2376442 -0.3106977 -0.0877371 -0.1685906 -0.2594945 0.0188851 -0.2681480 -0.0516862 -0.1672814 -0.1579168 -0.0990988 -0.1513473 -0.1433428 -0.0794373 -0.1450410 -0.0310080 -0.0331323 -0.1348249 -0.1925845 -0.0163333 -0.0999260 -0.1330253 -0.3639929 -0.1949858 -0.3091297 -0.3240037 -0.3711356 -0.0935402 -0.3691213 0.1148167 -0.2537515 -0.2277300 -0.2337479 -0.2649658 -0.1871504 -0.0889879 -0.1948572 -0.1688619 -0.2363353 -0.1308876 -0.1413439 -0.3437908 -0.0554456 -0.0309798 -0.3214006 -0.2336096 -0.1830469 -0.2170210 -0.0968201 -0.2977807 -0.0570810 -0.4927749 -0.1899290 -0.1992870 -0.3116196 -0.1309564 -0.1621613 -0.1880531 -0.4334705 -0.3031120 -0.1567871 -0.4011097 -0.2412050 -0.3451812 -0.2511318 -0.1841502 -0.1735143 -0.1750873 0.6626739 0.7007704 0.2372323 0.3509236 0.4768004 0.2666057 0.3163197 0.2437232 0.1388608 0.6110647 0.5494455 0.5307017 0.2739334 0.5305895 0.1988684 0.4038564 0.6157949 0.5214690 0.0604626 0.4041803 0.2380595 -0.1080178 -0.1072764 -0.0946980 0.0799171 0.2838143 0.2096758 -0.0910846 0.1210537 -0.1885618 -0.2147485 0.1427969 -0.3957081 -0.0494629 -0.0064261 0.2073699 0.0133376 -0.2021143 -0.3201489 0.1520253 -0.1411333 -0.2275406 0.0494283 0.2293252 0.4321714 0.3073130
0.2680699 0.1403532 0.3139127 0.7428727 -0.3334950 0.7610723 0.2728955 0.4002221 0.5945491 0.5480308 0.5569590 0.5300110 0.0197812 0.5988074 0.0000000 0.3626138 0.4127249 0.6345695 0.4134773 -0.1894618 0.6224519 0.2961773 0.2713868 0.6983033 0.5043257 0.4210623 0.3504310 0.5973652 0.6588033 0.5248096 0.1640278 0.3358258 0.2886924 0.4719999 0.2042835 0.4296010 0.1740841 0.2432101 0.5706194 0.4979630 0.0254388 0.4732093 0.2910039 0.3322768 0.4220036 0.2085100 0.0747202 0.0576632 0.5612260 0.0218238 0.1467428 0.4882379 0.6288215 0.3297928 0.0061850 -0.0563013 -0.0610136 0.3472784 0.3965462 0.1441018 0.3950653 0.3258259 -0.1331496 0.2530062 0.2152661 -0.1256544 -0.0148386 0.2593812 -0.0908198 0.2477218 -0.0399261 0.3958792 0.1778941 0.0736575 0.0095543 0.3000454 0.3471037 0.0688326 0.3751246 0.3647383 0.1929111 0.0624610 0.2074383 0.3414603 0.3704668 0.0838810 0.0805927 0.4175492 0.1644928 0.1532248 -0.1208056 -0.3158992 -0.5896814 0.3237273 -0.0862353 -0.3202390 -0.4304692 -0.3593487 -0.0270840 0.1084655 0.0665107 -0.1956979 -0.1218424 -0.0349006 -0.2068101 -0.1807390 0.0120583 -0.1773321 -0.0466306 -0.1182615 -0.1167498 0.0292446 -0.2960874 -0.3303316 -0.2275610 -0.1131494 -0.1109663 -0.1420384 -0.1065104 -0.1312994 -0.1410932 -0.1810131 -0.0555002 -0.0211446 -0.0781788 -0.1016958 -0.4439890 -0.0805075 -0.1224279 -0.3341550 -0.2348894 -0.0482658 -0.3836385 0.0767807 -0.1769634 -0.1770365 -0.1730919 -0.1412594 -0.1342159 -0.0027279 -0.0923502 -0.2070099 -0.2301592 -0.0765931 -0.1525207 -0.2609495 -0.1279285 -0.1282192 -0.1425713 -0.1720971 -0.1129866 -0.1839712 -0.1688383 -0.1150597 -0.1203220 -0.2984403 -0.1584119 -0.1955577 -0.3498950 0.0012444 -0.1992082 -0.1523416 -0.4383852 0.0110929 -0.2288527 -0.2019471 -0.1315864 -0.2319450 -0.2088137 -0.0892121 -0.1561284 -0.1942860 0.3175594 0.5110556 0.1413347 0.3740250 0.5988792 0.2202029 0.4589929 0.2735562 -0.0307108 0.3726884 0.4727512 0.3732375 0.2629547 0.3502188 0.2687555 0.0572760 0.3440100 0.3828917 -0.0324301 0.2898536 0.1917840 -0.0351395 -0.2426192 -0.0726784 0.1180781 0.2182580 0.0991729 0.0664856 0.0486626 0.0317503 -0.1121531 0.1882337 -0.2555342 0.0147815 0.2749885 0.2802495 -0.1234277 -0.0316118 -0.1620283 0.3060031 -0.2022113 0.0369960 0.2710673 0.1604878 0.1579207 -0.0173361
-0.0370242 -0.3153588 0.1592533 0.5755339 -0.0530162 0.3695424 -0.1373298 0.8025835 -0.0252419 0.4465957 0.8465601 -0.2708168 0.7353935 0.4611502 0.3626138 0.0000000 0.4644218 0.6059719 0.9197433 0.4517767 0.1439472 0.7770967 0.7954247 0.4745033 0.7916542 0.7952397 0.0992125 0.4507353 0.1185347 0.0781937 0.7366943 0.7034296 0.2111814 0.2872219 0.5094880 0.1631914 0.5675103 0.6795564 0.2057643 0.0480370 0.5490585 0.1772131 0.5253527 0.0985853 0.0800469 0.6821728 0.6026034 0.5274427 0.3174812 0.5332376 0.6620485 0.2760079 0.3832435 0.0460506 0.6269375 0.6031015 0.6203926 0.1274782 0.0874027 0.6017125 0.1770237 0.5257099 0.6212292 0.3039007 0.3146832 0.6666060 0.6010551 0.6200188 0.7013924 0.5520875 0.6084235 0.4783201 0.6326730 0.3313005 0.7849117 0.5408197 0.5478731 0.7706999 0.4151963 0.1969868 0.3161628 0.4262831 0.2235715 0.3607918 0.3576897 0.3349317 0.4660949 0.4418123 0.3817179 0.4541956 0.3633630 0.1853361 0.0662889 0.0826726 0.2030746 0.1325022 0.1715555 0.2552163 0.2651244 -0.2500047 0.2246483 0.2575855 0.2668088 -0.4258699 0.3551073 0.1393027 0.3004264 0.2849875 0.3290470 0.1927351 0.2197564 0.1665819 0.0701181 0.1157818 0.0037136 -0.0609644 0.0095994 0.1639097 -0.0233337 0.1988436 0.0971807 -0.1220762 0.1955701 -0.1731169 0.2418127 0.1657543 -0.2529524 0.2039839 0.3181307 -0.1295934 0.1629285 0.1895536 0.0144237 -0.0529914 -0.0606477 0.0519728 0.2591502 0.3637820 0.3699017 0.2248453 0.0626676 0.2299062 0.0214371 0.0895867 0.0866984 -0.0545808 0.3456818 0.2954012 -0.0437698 0.1222751 0.0918263 -0.0846448 0.3010868 -0.0292309 0.3005262 -0.1283150 -0.0644826 0.0428877 -0.1091703 0.2198471 0.1612607 0.2283256 -0.3687007 -0.0810109 0.0713148 -0.0569701 -0.1012556 -0.1114041 -0.1022263 0.1165537 -0.0235904 0.0311245 -0.0010536 0.3746891 -0.3990428 -0.3130414 0.1473754 0.2939043 0.2059661 0.1934008 -0.1454721 -0.0850154 0.1498769 0.0834669 0.0000017 0.5373661 0.0836117 0.1149035 0.4753963 0.5241657 0.1824094 0.3168844 0.0315940 0.1612489 0.1649743 0.0786258 0.1722174 -0.1119382 -0.0230867 0.1833546 -0.0313747 -0.0447547 -0.1081595 -0.2108460 -0.0298003 0.2554401 0.3879165 -0.0665292 -0.0828504 0.0640187 -0.0618398 0.1435788 0.1121473 0.1220469 0.2331876 -0.0517539 0.2416109 0.1727231
0.0713552 -0.1262072 0.1763524 0.5658529 -0.1664754 0.5243120 -0.0379374 0.4504207 0.0418554 0.7636277 0.7458274 -0.0287408 0.0602505 0.7164764 0.4127249 0.4644218 0.0000000 0.6316715 0.2757281 0.0114202 0.2552670 0.1746233 0.6655279 0.5329579 0.3404363 0.4216142 0.6276541 0.5400313 0.3443441 0.6190017 0.1428429 0.2731795 0.1062836 0.0755810 0.2821365 0.2240556 0.1733025 0.0707852 0.5473761 0.6082988 -0.0257270 0.2146218 0.3095664 0.4362471 0.3622213 0.1243850 0.0879984 -0.0263431 0.4432627 -0.0748570 0.1562543 0.5021280 0.4634253 0.4357341 -0.0405027 0.0169865 0.0525804 0.6408914 -0.0645771 0.0925107 0.0870389 0.2660413 0.0610498 0.7785003 0.6776887 -0.0662064 -0.0377583 0.5972736 -0.0413943 0.6870515 -0.1694791 0.7989795 0.2299207 0.6925374 0.0390330 0.6825250 0.7767195 0.1461601 0.5009000 0.6135158 0.4898402 0.1377640 0.0087841 -0.0547480 -0.0741033 -0.2318207 -0.0446704 -0.0381709 -0.2648385 -0.2389084 -0.2128552 -0.0530652 -0.2578529 -0.1575382 -0.3915469 -0.1431445 -0.2274922 -0.2019497 -0.3461981 -0.0705473 -0.1626637 -0.2697937 -0.1889519 0.1312650 -0.0961808 -0.2659729 -0.2651195 -0.1598407 -0.1037479 -0.1762228 -0.3020008 -0.2200604 -0.0260330 -0.1072239 -0.1892505 -0.2161498 -0.1507896 -0.1206709 -0.1932492 -0.1760769 -0.1892270 -0.1960947 0.0278052 0.0069578 -0.1297038 -0.1242340 -0.2769338 -0.0649010 -0.1526719 -0.1137438 -0.2120494 0.0650619 -0.1057299 0.2592579 -0.1075032 -0.1517890 -0.0325477 -0.1025356 0.0131666 -0.0057169 -0.1210348 -0.0188647 -0.2284356 0.0875799 -0.0108441 -0.2818158 0.0416646 0.0928453 -0.1168864 -0.1076613 -0.0750739 -0.0715311 -0.0201925 -0.1719859 0.0859283 -0.3031903 -0.2444982 -0.1556175 -0.2975705 -0.0846555 -0.0660761 -0.0755152 -0.3653774 -0.3239233 -0.1167010 -0.3651031 -0.2589734 -0.1867183 -0.3300386 -0.1989386 -0.1703386 -0.1607309 0.2869780 0.5316081 -0.1517552 -0.0476585 0.2754947 0.2835228 0.0632925 0.2458077 0.2784424 0.1878226 0.0963073 -0.0390354 -0.2660230 0.5852764 -0.1667597 0.1791406 0.6113654 0.5234604 -0.1601619 0.5691447 0.4239305 -0.3231277 -0.2609345 -0.2860005 0.0558368 0.3521527 0.2540294 0.0226895 0.4100452 0.2859837 0.1970451 0.1734772 -0.3034138 0.0804379 0.2238945 0.4653339 0.3168927 0.1344144 0.0955776 0.1883636 -0.2090258 -0.1183738 0.2181880 0.3385759 0.5646495 0.6461063
