0.0000000 0.6419577 0.0912452 0.4323041 -0.3176145 0.4610889 0.6602291 -0.0894191 0.5113077 -0.1249265 -0.3673135 0.5236150 -0.1995907 0.2990481 0.5389109 -0.5698773 -0.3894454 0.4342888 -0.6232381 -0.3901519 0.1291715 -0.4551332 -0.2801280 0.5091414 -0.5650333 -0.2562086 -0.1237762 0.4782392 -0.0339257 0.3937411 -0.4017885 -0.6068116 0.3464105 0.2318854 -0.4615005 -0.3751320 -0.4667935 -0.4826005 -0.0545589 0.3912902 -0.2796093 -0.2080397 -0.2987235 0.0225711 -0.2160784 -0.3871123 -0.4336504 -0.2893269 0.2716578 -0.2179642 -0.4799847 -0.2255130 0.4708067 -0.0306452 -0.2856058 -0.4318864 -0.3465990 0.0475022 -0.2887401 -0.4069633 -0.2210843 -0.3342659 -0.1811127 0.1927862 0.3544696 -0.2522363 -0.3868199 -0.3637920 -0.2546225 -0.0306858 -0.3673801 0.6172339 -0.3629771 0.0635926 0.0357319 -0.2191580 0.3432981 -0.1890536 -0.2559211 0.1056470 -0.2242093 0.1791317 0.0692305 -0.1005259 -0.1738665 0.0276623 0.2570389 -0.2883027 0.1402381 -0.0340020 0.4413357 0.2024330 -0.1624950 -0.2062304 0.2721002 0.0811842 0.1432578 -0.0848371 0.3549948 -0.0866468 0.1242328 -0.1781760 -0.2026487 -0.0466764 0.0969895 0.1295152 -0.0679743 -0.2423349 0.0454665 -0.2803479 0.3185135 0.2511054 -0.4602228 -0.4714103 0.1132362 -0.2465224 -0.1241155 0.1384433 -0.1992278 -0.0480905 0.0066425 0.1280759 0.0235903 -0.1433510 -0.0826438 -0.1072518 0.0366074 -0.0103402 -0.1274964 -0.0295722 -0.0616603 0.0285184 -0.1014307 -0.2028327 -0.0714631 -0.0730320 -0.2153532 -0.3579316 -0.2548204 -0.1997334 0.0533275 -0.2550092 -0.1333480 -0.2090971 -0.2152642 0.1903620 -0.1071411 -0.1399779 -0.0192907 0.0376451 0.0696282 -0.2548995 -0.0948919 0.1959873 0.1968296 -0.5594586 -0.0668789 -0.1459672 -0.2371884 -0.0548676 0.2796685 -0.0306079 -0.3720066 0.1430303 0.0435149 -0.2532825 -0.1556807 -0.1758448 -0.1203289 -0.0998641 -0.3007024 -0.1778123 0.5697292 0.3009154 0.4894050 0.4980748 0.3136988 -0.0954530 0.1046020 0.0576742 0.1790204 -0.3313719 -0.3537093 -0.5076186 -0.3273615 -0.1318726 -0.3831988 -0.4887331 -0.2485831 0.4229696 0.1851806 0.4718809 0.2918678 -0.0197549 0.0557731 0.2702304 0.1892292 0.4423500 0.0211905 -0.0303049 0.0059223 0.2817388 0.3022037 -0.1135330 -0.5933740 -0.4744562 0.2102192 -0.1104129 -0.0929265 0.3289630 0.3892514 0.1174141 -0.5124923 -0.3900671 0.0020493 -0.2898027 0.0408142 -0.1480706
0.6419577 0.0000000 0.4444573 0.6918804 0.0358473 0.8843918 0.8252325 0.3199159 0.8293644 0.4452813 0.0841581 0.8719244 0.0325590 0.4954867 0.6726491 -0.0203975 0.2202242 0.6047394 -0.1775590 -0.4024743 0.3883467 -0.1346879 0.2129980 0.6033596 -0.1681835 0.0436610 0.3324252 0.4490047 0.4721555 0.2832271 -0.3679301 -0.2291063 0.5927915 0.6810213 -0.1970974 -0.1004942 -0.1714567 -0.1881187 0.2608126 0.3588795 -0.1110864 -0.0764013 0.0263151 0.4491734 -0.0213530 -0.1916834 -0.1489880 -0.1479520 0.5637232 -0.2017861 -0.2356807 0.1456152 0.7020130 0.2055033 -0.1521486 -0.1717898 -0.0971224 0.1720618 -0.2275951 -0.1319989 -0.0704761 -0.0154752 -0.0999487 0.3540240 0.5238607 -0.0643755 -0.0997295 -0.1495821 0.0068695 0.0721487 -0.2823687 0.6454119 -0.2181943 0.3695474 0.0205436 -0.1099489 0.4821260 -0.2993871 -0.1511999 -0.0280368 -0.1169810 0.1942386 0.2472577 0.1220244 0.1760435 0.1320823 0.1848225 -0.0619935 0.1901019 0.1796456 0.1323126 0.1384363 0.0157475 -0.0501528 0.2213770 0.0856633 0.2454350 0.1363304 0.1857465 0.0055808 0.2170549 -0.0226619 -0.0336816 0.0268003 0.0410036 0.1753736 0.2325840 0.1080383 0.2019535 0.2107953 0.3236060 0.4515575 -0.2553550 -0.2139958 0.2224311 0.0801804 0.1475623 0.2306438 0.1777947 0.1056529 0.2829697 0.3941651 0.4350191 0.0587707 -0.0651096 -0.0574301 0.4922828 0.3849929 -0.0441129 0.2501377 0.0030700 0.2324670 -0.0068500 0.1852544 0.0422910 0.3045749 -0.0426801 -0.1449561 -0.1666092 0.1009529 0.2197106 0.0056094 0.3041905 0.1160244 -0.0821462 0.3995078 -0.0362936 -0.1013267 0.2609915 0.2821351 0.3957023 0.0116537 0.0647598 0.3095635 0.0406765 -0.1351048 0.2574369 0.0124326 0.2006306 0.2793821 0.5541245 0.4775787 -0.0127876 0.3715950 0.3787898 0.0814477 0.3808337 0.3067120 0.1970562 0.1771624 0.1315897 0.2419093 0.4788379 0.3963703 0.6814139 0.6369467 0.7006983 0.3512395 0.2579876 0.1998895 0.3173958 -0.1086523 -0.1954784 -0.3380546 -0.1991929 0.0661838 -0.2703442 -0.3270644 -0.1623704 0.3854221 0.4312428 0.4354406 0.4411752 0.2893681 0.2639006 0.3894359 0.2119997 0.5765512 0.2995624 -0.1075742 0.4167385 0.1729553 0.4171444 0.1321974 -0.3507160 -0.2423851 0.2624733 0.1287947 0.0484455 0.1831454 0.4862571 0.0964940 -0.3324749 -0.0651148 0.0278050 -0.2452372 0.4046951 0.2566256
0.0912452 0.4444573 0.0000000 0.1879275 0.7957706 0.3527775 0.1076566 0.5164191 0.3783414 0.2654666 0.3534015 0.1859797 0.4848165 0.2089481 0.1211668 0.3978339 0.4714972 0.3154015 0.1785863 0.2301096 -0.0091206 0.4534714 0.6060734 0.0788110 0.2371007 0.5196929 0.5568533 0.1169738 0.0400602 0.0538789 0.2918326 0.3296703 0.2087411 0.2411716 0.4452224 0.0610843 0.4696932 0.4576328 0.3994157 -0.1469624 0.4204295 0.4123523 0.6100281 -0.0144886 0.2617670 0.3730462 0.4835604 0.3420004 0.0314371 -0.0535779 0.4458497 0.3198483 0.3115273 -0.0969924 0.5004961 0.5306005 0.4921291 -0.2770728 0.3991480 0.4362597 0.5769067 0.3955992 0.5402355 -0.0702509 0.4486073 0.5446956 0.4792850 0.4939143 0.6191049 -0.0616552 0.3803812 0.0300252 0.4248643 0.3155392 0.3582987 -0.0693564 0.3074231 0.1512551 0.1829654 -0.0585125 0.1976768 0.1298051 0.1808073 0.2139392 0.1367101 0.0925600 -0.0333916 0.1436119 0.0847112 0.1502278 -0.2392647 -0.0464627 0.3014459 0.4456661 0.1518722 0.0126634 0.2338921 0.2112865 0.1899840 0.1634674 0.0773861 0.1794590 0.1177193 0.0875998 0.2005238 0.0496819 0.0920431 0.1218793 0.3053399 -0.1083105 0.0636126 0.0816984 0.0481252 0.0462682 0.2040170 0.0960138 0.1964499 0.1423407 0.1576551 0.4590480 0.2893735 0.2071705 0.5106890 0.2298163 0.3254227 0.3831506 0.2159241 0.4967538 0.3837885 0.2739017 0.4768178 0.6514576 0.0698776 0.3859132 0.5776623 0.5281644 0.3341758 0.2481765 0.2836539 0.3884809 0.4680603 0.4725583 0.5917326 0.3699263 0.2842979 0.6136010 0.2700978 0.2973901 0.5040743 0.4587412 0.5316821 0.4316937 0.4011170 0.4948257 0.1341819 0.2997795 0.2188092 0.4064836 0.4584551 0.6500999 0.6056889 0.5730045 0.1243622 0.4557841 0.5743968 0.3550279 0.6289183 0.3777838 0.1740364 0.5437893 0.6472215 0.3520792 -0.1938354 0.1268267 0.4750219 0.3916164 0.4338602 0.4112693 0.0605219 0.2497689 -0.1231069 0.3412451 0.4785675 0.2808823 0.4987401 0.6242884 0.4595951 0.4543447 0.3094167 0.1940075 0.4907568 0.2839975 0.0943167 0.1003501 0.5935915 0.4784162 0.0489295 0.2105799 0.1532843 0.2154471 0.6037777 -0.2183222 0.0668443 0.3244693 0.3356327 0.3473871 0.3012102 0.3759266 0.3537641 -0.1656532 0.2058072 0.3568621 0.3549176 0.5297837 -0.0893678 0.4443779 0.5064580 0.5057067
0.4323041 0.6918804 0.1879275 0.0000000 -0.1572664 0.8138809 0.6373696 0.5276990 0.8498541 0.2692636 0.2918365 0.7392404 0.1586192 0.6643214 0.5750746 -0.0375713 0.1892173 0.6849283 -0.0607288 -0.1900607 0.1341150 0.0328926 0.2556825 0.7502589 -0.0674560 0.1770378 0.4007945 0.6403078 0.3316943 0.5989208 -0.0419548 -0.2437957 0.8520090 0.7671802 0.0149703 -0.2133130 -0.1751088 -0.0016999 0.5599777 0.5595315 0.1677126 -0.1225322 0.1164717 0.6037131 0.0508741 -0.1292763 -0.0526889 0.0947740 0.6570686 0.0823532 -0.1744693 0.0152679 0.7341611 0.0603305 0.0705830 -0.1273420 -0.1161158 0.0369651 -0.1615494 -0.1778779 -0.0132182 -0.1233662 0.0696319 0.4447241 0.6202476 -0.0141438 -0.2122148 -0.1274994 0.0511259 -0.0742434 -0.0877822 0.5688485 -0.0309368 0.4602968 0.2875342 -0.1184672 0.4517596 0.0785740 0.0571894 0.1795590 0.1737894 -0.0664487 0.1465958 0.0292070 0.0347402 0.1026959 0.2889134 -0.2427584 0.2763590 0.0492647 0.3314502 0.4117498 0.2751722 -0.2731638 0.1516944 0.4314194 0.6539954 0.3885041 0.0699839 -0.3116463 -0.0087323 0.0197380 -0.0964589 -0.0515620 0.3921975 0.2758238 0.2206053 0.1378339 0.4593334 0.1678850 0.3925563 0.4435021 -0.0384246 -0.2336866 0.0635311 0.1710458 0.1350184 0.0849959 0.2096614 -0.0233548 0.2685063 0.3762309 0.6011387 0.1276827 -0.1825283 -0.3130499 0.2500940 0.5970403 -0.2921513 -0.1366993 -0.1110797 0.1524056 -0.1159760 0.0669970 -0.1194606 0.2276591 -0.1844882 -0.3880914 -0.2669055 -0.2654104 0.0566203 -0.2961665 0.2775543 0.0014912 -0.2221022 0.2366732 -0.1923425 -0.2368867 0.5131460 -0.0662573 0.2749022 -0.0497087 0.1113897 0.3665382 -0.0966520 -0.0236138 0.3149893 -0.0160463 0.3049249 0.3706931 0.2532684 0.3312764 0.2345836 0.4835666 0.3734759 0.2147007 0.5413336 0.6090294 0.5656899 0.4610140 0.3912349 0.5969400 0.3173253 0.1797326 0.4888084 0.6358823 0.5651086 0.3977127 0.0158794 0.2206978 0.2663546 -0.2023554 -0.1669130 -0.2814346 -0.1709326 0.1186364 -0.2112550 -0.2582257 0.0512279 0.5271400 0.2094838 0.5861171 0.4210079 0.2376006 -0.1056865 0.0107330 -0.1363437 0.1841531 0.3317102 -0.3727044 0.5483923 0.3004400 0.5156645 0.0145292 -0.0823825 0.0336940 0.0242006 0.2303011 0.4145743 0.4558815 0.3601707 -0.1144672 0.0094747 -0.1421435 0.1162909 0.0865458 0.5600994 0.3642557
-0.3176145 0.0358473 0.7957706 -0.1572664 0.0000000 0.0195779 -0.1959054 0.3241353 0.0375389 0.1646704 0.1803495 -0.1484221 0.3035228 -0.1065078 -0.1704884 0.4027281 0.3600328 0.0420015 0.3234376 0.3316193 -0.2013901 0.5038422 0.5712004 -0.2558708 0.4167215 0.5264441 0.3645908 -0.1660896 -0.0807005 -0.2391991 0.3219069 0.6209502 -0.1188202 -0.0390372 0.4971779 0.1150027 0.6468000 0.5592006 0.2181660 -0.4499392 0.4227460 0.4200707 0.5735465 -0.2286864 0.1614558 0.5566271 0.6252118 0.4423440 -0.2983285 0.2381724 0.5879257 0.2074767 -0.1210634 -0.2128037 0.5255076 0.6453053 0.6292179 -0.4441449 0.3917773 0.5639260 0.5379657 0.3669621 0.5544077 -0.3844081 0.0963741 0.5191349 0.6295829 0.4161422 0.6204605 -0.2286451 0.3989014 -0.4005823 0.4412699 0.0303628 0.1268376 -0.1533546 -0.0514244 0.0552240 0.0947039 -0.3482446 0.0894287 -0.1310765 -0.0748476 0.0203165 -0.0551842 -0.0451246 -0.1765377 0.1095083 -0.1757678 -0.1001992 -0.4471441 -0.1756436 0.2493596 0.3543796 -0.1352568 -0.0751606 0.0466857 0.1881680 0.0184715 0.0901420 -0.1937387 0.2919120 0.0971332 -0.1636618 0.0471221 -0.1599148 -0.0544391 0.0596233 0.1274676 -0.2126855 -0.3154511 -0.1994163 0.2514226 0.2998457 0.1182211 0.0998290 0.1475936 0.0498627 0.1171283 0.4392876 0.1555249 -0.0635203 0.2138648 0.3176060 0.4126301 0.4742298 0.0751002 0.3054974 0.4914158 0.2260308 0.5444586 0.5136941 0.1987256 0.3748474 0.6054649 0.5363885 0.5061700 0.5052118 0.5564254 0.5013691 0.5324094 0.6595051 0.4792148 0.4445835 0.5126242 0.6258687 0.5298109 0.4999376 0.3745966 0.4515068 0.4762329 0.6307833 0.5160427 0.4302601 0.2025535 0.6031774 0.1272292 0.6045446 0.3726629 0.5127204 0.4755872 0.4165299 0.2379578 0.2581451 0.5624556 0.4615311 0.4440668 0.2369342 0.0531167 0.3980852 0.6450425 0.2073017 -0.4749948 -0.0142313 0.2372470 0.0210834 0.1967213 0.2061402 -0.0437629 0.0850398 -0.4132672 0.2619016 0.4824184 0.2936269 0.4983095 0.4918696 0.5584149 0.5784098 0.3356618 -0.1098503 0.3251736 -0.1145375 -0.0975787 -0.0892248 0.4928941 0.3098980 -0.0633635 -0.1486891 -0.0586827 0.3657328 0.3910525 -0.2095683 -0.0498797 0.4088372 0.5401305 0.4157285 0.2574408 0.3982940 0.3325020 -0.2642957 0.0505869 0.1962290 0.4369275 0.5762837 -0.0938246 0.4473274 0.2977545 0.3773499
0.4610889 0.8843918 0.3527775 0.8138809 0.0195779 0.0000000 0.8066153 0.3531191 0.8745355 0.3969206 0.1514039 0.8534617 -0.0071905 0.6131711 0.6099487 0.0212643 0.3344892 0.7095854 -0.0978136 -0.2541978 0.2504317 -0.0552348 0.3805702 0.6419417 -0.1358563 0.1325738 0.4465234 0.5514865 0.4213905 0.4303653 -0.2161378 -0.2482204 0.7686761 0.8102062 -0.0516232 -0.1197855 -0.1564405 -0.1707568 0.4844285 0.4532924 -0.0987448 -0.1887478 0.1234743 0.6122913 -0.0399912 -0.2624859 -0.0703520 -0.1520903 0.6518946 -0.0885398 -0.1759877 0.1206789 0.7505258 0.1727732 -0.1784902 -0.2601369 -0.1873763 0.0454208 -0.2685913 -0.1570495 -0.1530692 -0.0310738 -0.1833442 0.4185283 0.4944540 -0.1963996 -0.1196348 -0.2158090 -0.1171044 -0.0314142 -0.2606571 0.6296109 -0.1983876 0.3463696 -0.0329215 -0.1787691 0.5328838 -0.2273676 -0.1713109 -0.0884232 -0.0735207 0.0780845 0.0879267 0.0076439 0.1014346 0.0492695 0.2180656 -0.0632056 0.1096686 0.1567327 0.1355789 0.2149578 0.1049363 -0.1661538 0.1160662 0.2651044 0.4377410 0.2794546 -0.0144450 -0.0743388 0.1538768 0.0155099 -0.1019654 0.0321439 0.1454936 0.1692565 0.1723799 0.1048205 0.2410088 0.2502440 0.2964786 0.3605604 -0.0085474 -0.1051510 0.1952064 0.3157599 0.2624587 0.2153786 0.3404538 0.1053891 0.3905956 0.4401220 0.4741291 0.1926021 -0.0324080 -0.1882206 0.4368211 0.5083419 -0.1112101 0.1114837 0.0247937 0.2763499 -0.0218125 0.1977359 0.0367000 0.2883098 -0.0256170 -0.1744209 -0.1250015 -0.0040154 0.2612643 -0.0510008 0.4307569 0.0794324 -0.0685000 0.2940843 0.0050187 -0.0358426 0.4496256 0.1746109 0.4081356 0.0541838 0.0810484 0.3733009 0.0752841 -0.0373693 0.3887651 0.0929262 0.4250144 0.4084150 0.5260758 0.4846199 0.0903683 0.5120964 0.4290050 0.1506943 0.4972605 0.5216704 0.4148378 0.2960627 0.3358078 0.4608403 0.3095623 0.3112733 0.6657004 0.6650082 0.6346322 0.3390831 0.0802813 0.1315371 0.1987284 -0.2196210 -0.2455673 -0.3829625 -0.2249609 -0.0457966 -0.2823583 -0.3247836 -0.1340430 0.4283997 0.3102746 0.4818037 0.5006596 0.2622134 0.0940200 0.2063634 0.0657730 0.4650711 0.2848641 -0.2101810 0.5617777 0.2823391 0.4131093 0.1143337 -0.2826418 -0.1825899 0.1426185 0.1686011 0.2916736 0.3694665 0.4770527 0.0573850 -0.2565010 -0.0749066 0.0641007 -0.0695475 0.5398002 0.4212882
0.6602291 0.8252325 0.1076566 0.6373696 -0.1959054 0.8066153 0.0000000 0.1237478 0.8404140 0.0696066 -0.1802957 0.8604110 -0.2650534 0.4156936 0.8198885 -0.2674011 -0.0771990 0.6301999 -0.2551896 -0.3682942 0.1857792 -0.3140149 0.0615237 0.6848325 -0.3427474 -0.0795821 0.1915521 0.6349407 0.3290838 0.4060901 -0.3500454 -0.3908526 0.5992715 0.6090747 -0.3986976 -0.3500088 -0.3746854 -0.4137194 0.1014271 0.5547277 -0.2961085 -0.3017123 -0.2186574 0.3756894 -0.2707893 -0.3069634 -0.2900997 -0.2776969 0.3370941 -0.0318288 -0.4293404 -0.2427721 0.4603198 0.0183183 -0.4345141 -0.4691981 -0.3260595 -0.0909343 -0.4867272 -0.3687002 -0.3796203 -0.3509411 -0.3280933 0.1172762 0.1788939 -0.3998889 -0.3327996 -0.5213452 -0.3351912 -0.2136389 -0.5875519 0.4666000 -0.5299955 -0.0125276 -0.2361943 -0.4089132 0.2427585 -0.4766574 -0.4685405 -0.3159693 -0.3855124 -0.0117078 -0.0629601 -0.2063058 -0.0596182 -0.0189162 0.2351134 -0.2244551 -0.0336890 0.0288129 0.3140666 0.2334580 -0.0554397 -0.2918226 0.2422923 0.2645149 0.2533060 0.0598548 0.1988975 -0.2600647 0.0964736 -0.0525200 -0.1314722 0.0047057 0.0730193 0.2415434 0.1038781 -0.0359149 0.1534566 0.1094426 0.3334094 0.4108507 -0.3040481 -0.2243573 0.0988319 0.0411851 0.0977775 0.2226272 0.0814289 -0.0864104 0.1957226 0.2667332 0.1519010 0.0252417 -0.1477309 -0.2069083 0.3837899 0.2499219 -0.2145482 0.1487188 -0.0975351 0.0214315 0.0506335 0.0354725 -0.0905758 0.1305085 -0.1227742 -0.3270542 -0.2052455 -0.0707343 0.1108060 -0.1619443 0.0692887 -0.0112659 -0.1408025 0.2787853 -0.0183999 -0.1455266 0.2170216 0.1305835 0.2462416 -0.0955830 0.0506409 0.1489153 0.0897298 -0.2142142 0.2476933 0.0018523 0.0290390 0.1156716 0.4049677 0.2515695 -0.0573002 0.3772845 0.3004083 -0.0576480 0.1921300 0.2297410 0.2835063 0.0759790 0.0048023 0.2322856 0.5267214 0.4291364 0.6222324 0.3940828 0.4068280 0.1293205 0.0689055 0.0458461 0.1303460 -0.4635277 -0.4994303 -0.6279021 -0.5080620 -0.2244662 -0.5492083 -0.6323310 -0.4144260 0.1205113 0.2571807 0.1192746 0.1356767 0.2095967 0.0350641 0.1731161 0.0094753 0.2279667 -0.0739874 -0.1970987 0.2572118 0.3251746 0.4236097 -0.1014619 -0.5616744 -0.6028947 0.1569309 0.1866049 0.1076767 0.2855424 0.5529093 -0.1729940 -0.6390289 -0.4032757 0.2780249 -0.2312955 0.3054584 0.1385931
-0.0894191 0.3199159 0.5164191 0.5276990 0.3241353 0.3531191 0.1237478 0.0000000 0.4034127 0.2144558 0.6887350 0.2869236 0.7586414 0.1333175 0.2256622 0.4553485 0.4543747 0.2362472 0.3801070 0.3863392 -0.0100927 0.6753644 0.5272890 0.2924137 0.4690949 0.5392944 0.5325553 0.0759903 0.2882117 0.1462055 0.5194294 0.2809648 0.3346031 0.3531029 0.4348417 0.0651818 0.3760161 0.6108499 0.4389729 0.0345915 0.6274663 0.3878806 0.3801495 0.1758907 0.5131576 0.4500610 0.4566029 0.4503168 0.1394604 0.0741535 0.2727095 0.1377005 0.3824967 -0.0896263 0.5451465 0.5592704 0.4445699 -0.1531677 0.3922703 0.2161933 0.5906836 0.1548123 0.6168297 0.0857037 0.5279083 0.6122988 0.1126440 0.3288857 0.6270627 -0.0681743 0.4205546 -0.0178050 0.4196027 0.5894541 0.6539139 0.0334039 0.3655351 0.4462679 0.4032689 0.2046887 0.5257315 0.1515090 0.4552151 0.3946221 0.2848283 0.3865560 0.2930662 0.0227535 0.4447793 0.3223423 0.1516588 0.3922190 0.5618471 0.4115359 0.4345900 0.4350100 0.5730099 0.3949412 0.4430709 0.0373160 0.2052230 0.2262387 0.1915126 0.4022921 0.5525304 0.5223957 0.2951593 0.4469177 0.6130112 0.2662684 0.4931537 0.2719290 0.2097822 0.1469529 0.3056123 0.3797190 0.4267042 0.3250873 0.4523133 0.2509726 0.4576088 0.4430472 0.6455787 0.4296759 0.1366916 0.0547105 0.0771590 0.6785859 0.0111209 0.2223624 0.2128381 0.3324173 -0.0181002 0.4142037 0.2229039 0.3891196 0.1289472 -0.1097156 0.0014153 -0.0211353 0.0803596 0.1253046 0.4706046 0.2426668 0.0440897 0.4312678 -0.0289739 0.0264821 0.7239109 0.1449827 0.3419757 0.2813537 0.3264214 0.3632743 -0.1689038 0.4455495 0.4066927 0.3219602 0.5532237 0.6677264 0.2893834 0.5648003 0.3837064 0.5186962 0.4817760 0.5836742 0.7353282 0.6907714 0.5599414 0.7468975 0.7398830 0.7411703 -0.0208612 -0.1520929 0.0608712 0.2053143 0.3603527 0.4584807 -0.0108171 0.1065411 0.1025195 0.3205822 0.4087027 0.3739628 0.4107542 0.6385877 0.4295248 0.3872137 0.5268468 0.1768152 0.1839491 0.3774462 0.0845706 0.1104984 0.2151239 -0.0731248 -0.3428923 -0.0380075 0.2883361 -0.2055655 0.5265098 -0.0060963 0.5512690 0.3489081 0.4369985 0.4784258 -0.0035752 0.5844497 0.4371495 0.0496707 0.4258935 0.0355858 0.4998267 0.2574812 0.0239207 0.4707923 0.6377902 0.5776358
0.5113077 0.8293644 0.3783414 0.8498541 0.0375389 0.8745355 0.8404140 0.4034127 0.0000000 0.2346923 0.2022810 0.8810625 -0.0258597 0.7048081 0.7663116 0.0045010 0.2537047 0.7512132 -0.0091654 -0.1987297 0.1268567 -0.0568256 0.3528425 0.7962896 -0.0896808 0.2833784 0.5778165 0.7304055 0.3957846 0.6039288 -0.1152162 -0.1981879 0.8234487 0.8029088 0.0098633 -0.3705688 -0.1025687 -0.1053258 0.5274878 0.6017701 0.0400704 -0.1466488 0.2238793 0.5631687 -0.0551243 -0.0935388 0.0187485 -0.0071379 0.5371085 0.0298926 -0.0993938 0.0355261 0.6876511 0.0662613 -0.0686502 -0.2044782 -0.0746750 -0.0806198 -0.2841174 -0.0746729 -0.0987955 -0.0722759 -0.0486762 0.3284873 0.4779633 -0.0797802 -0.0995873 -0.1409443 -0.0451331 -0.1283027 -0.2834900 0.5220894 -0.1348725 0.2705061 0.0675180 -0.2204393 0.4080515 -0.2128751 -0.1661940 -0.1433247 -0.1366552 -0.1580099 -0.0037511 -0.1039864 -0.0343397 -0.0624100 0.1698085 -0.2322126 0.0541763 0.0059401 0.2534641 0.2531880 0.1592238 -0.2422352 0.1938400 0.3592331 0.5133162 0.2330279 0.0840058 -0.3675551 -0.0149812 -0.0050168 -0.1561382 -0.0598421 0.2809986 0.2072041 0.1192337 0.0252730 0.2958089 0.0735024 0.2834772 0.4058647 -0.1275000 -0.3083137 0.0379793 0.0590021 0.0967544 0.1515309 0.1553315 -0.0179931 0.2606259 0.3142722 0.4123434 0.1018513 -0.1374501 -0.2060148 0.3737526 0.4781359 -0.2192714 0.0569274 -0.0202969 0.1983118 -0.0227693 0.1632987 0.0190283 0.2434886 -0.0840034 -0.3416745 -0.1886649 -0.0622305 0.1443938 -0.1228961 0.2657918 0.1411658 -0.1221988 0.3551227 -0.0761689 -0.1758881 0.4664353 0.1126800 0.3095500 0.0314409 0.1763125 0.2655522 -0.0261524 -0.0200481 0.2269584 0.0698224 0.1888014 0.2893793 0.4723148 0.4286242 0.0867327 0.4272580 0.4996616 0.0856956 0.5086529 0.4906856 0.4185745 0.3928601 0.3837221 0.4712203 0.3585645 0.3088893 0.6458617 0.5427723 0.4863832 0.2612849 -0.0252872 0.1627319 0.1159524 -0.3052132 -0.2436668 -0.3861361 -0.2671941 0.1039845 -0.3090668 -0.3451429 -0.1820580 0.3213628 0.2645389 0.3360874 0.2058119 0.2181727 0.0021878 0.1076683 -0.1035415 0.1882185 0.1239283 -0.2718864 0.6061405 0.3028709 0.3984708 -0.0363529 -0.2590782 -0.2738798 0.1108547 0.3460291 0.4315496 0.3151951 0.4310080 -0.1180354 -0.2724584 -0.2553911 0.1812136 0.0624156 0.6390269 0.4576188
-0.1249265 0.4452813 0.2654666 0.2692636 0.1646704 0.3969206 0.0696066 0.2144558 0.2346923 0.0000000 0.5045487 0.2917682 0.2936933 0.2683933 -0.0910031 0.5897925 0.6392535 -0.0311506 0.4153086 -0.3943068 0.5778630 0.2610903 0.2104008 -0.0739152 0.3369252 0.1700731 0.2091579 -0.2193236 0.4650931 -0.3339634 -0.2930272 0.3155738 0.1023088 0.3307480 0.1460951 0.3860071 0.2529124 0.2734839 0.1129433 -0.1383517 0.2011511 0.0565462 0.3139797 0.3813297 0.0470172 0.1834629 0.1548448 0.1669668 0.5505932 -0.4235263 0.2169188 0.6091894 0.3371350 0.5412787 0.1888195 0.2940821 0.3192782 0.5713078 -0.0084288 0.3429885 0.0546647 0.4652377 0.0428558 0.4408886 0.1755388 0.3258423 0.4787035 0.3089788 0.3729447 0.5231226 0.2180877 0.4311957 0.2460983 0.5080941 0.1378951 0.4564771 0.3542977 -0.0655669 0.2483700 0.2557119 0.0625645 0.3847800 0.5624581 0.6225014 0.6875057 0.3103388 -0.0841145 0.5334260 0.3925393 0.4406426 -0.3587513 -0.2051351 -0.0176028 0.3103177 -0.0247726 -0.1854306 -0.1555118 0.1411596 -0.1084327 0.4125839 0.3078616 0.1389059 0.3045576 0.1403352 -0.2416650 0.0102701 0.5145049 0.4544004 -0.0095204 0.6201922 0.0366618 0.2839904 0.1119676 0.2753252 0.3379154 0.1623134 0.2240986 0.1999354 0.2907315 0.3544259 0.2500335 0.2846092 0.3401981 0.2073153 0.2181204 0.2946592 0.6433851 0.1089706 0.3609503 0.4307754 0.1576774 0.1988546 0.2061467 0.4557302 0.1130384 0.3554566 0.2102281 0.4718653 0.1424714 0.5676065 0.2034248 0.3973841 0.2982355 0.3724229 0.1991185 0.1746212 0.0486684 0.0445003 -0.0568070 0.4009440 0.3698289 0.0797429 -0.0215611 0.0426598 -0.0426123 0.1258216 -0.0016577 -0.1113028 0.1742202 0.0746306 0.1674189 0.4918007 0.0811327 -0.1620887 0.0958730 0.0497860 0.2054569 0.0488524 -0.0658997 -0.0195058 0.0381108 -0.0274204 0.1840241 0.3148599 0.3014915 0.1516970 0.4150364 0.3103480 0.4216385 0.2372624 0.3390334 0.3246003 0.1200911 0.2418204 0.1548294 0.0583650 0.1856695 0.2292234 0.1530107 0.2579929 0.5140770 0.1929047 0.4396655 0.2469808 0.4430759 0.4349749 0.4437628 0.5717935 0.5795058 0.1982071 0.2786750 -0.2360395 -0.1246357 0.2433550 0.1243647 0.2452975 0.1853166 -0.1355014 -0.2663071 -0.2990936 -0.0415358 0.3991095 0.1150985 0.4456406 -0.1915967 -0.2966083 0.1023076 0.2271233
-0.3673135 0.0841581 0.3534015 0.2918365 0.1803495 0.1514039 -0.1802957 0.6887350 0.2022810 0.5045487 0.0000000 0.1204177 0.6518402 0.3010178 -0.0437335 0.8262916 0.7823331 -0.0785625 0.7608568 0.2774910 0.2649858 0.6802575 0.5316183 0.0756223 0.7022655 0.6473246 0.6596536 -0.0777769 0.3863122 0.0313289 0.4099730 0.4433237 0.2059878 0.3324161 0.6673217 0.2326642 0.5741927 0.6437137 0.4609316 0.1057089 0.6290211 0.3676018 0.6232227 0.3671102 0.5469789 0.5084949 0.5758875 0.4352155 0.3439706 -0.1624003 0.5683080 0.6013889 0.3520494 0.3194797 0.5221788 0.5238256 0.5439106 0.2658033 0.3764405 0.5120787 0.4721195 0.5878808 0.4076507 0.4094921 0.2676325 0.6753192 0.4310435 0.7012752 0.5449820 0.4327481 0.5691852 0.1139527 0.6840392 0.5967568 0.6174957 0.5919169 0.4912008 0.4995058 0.6146629 0.4590741 0.4545685 0.2455819 0.5620292 0.5641199 0.5555541 0.2457355 -0.0210164 0.4117303 0.4861611 0.5315848 -0.1332875 0.0104695 0.3663156 0.5430748 0.2441771 0.1176384 0.2568038 0.1950381 0.1222964 0.1826933 0.3208570 0.1046715 0.2090777 0.4154062 0.3044891 0.2611262 0.3456582 0.4226628 0.2907667 0.3893944 0.2937016 0.2237792 0.2137300 0.0849655 0.1596056 0.2203203 0.2961395 0.1292590 0.3342156 0.2281958 0.3665210 0.3791797 0.4341220 0.1998657 0.1221211 0.1263786 0.2985058 0.3586121 0.0845223 0.3034461 0.1930832 0.2547037 0.0712660 0.4489696 0.1786260 0.1679936 0.1243910 0.0058397 0.0230651 0.2224480 -0.0827103 0.1420001 0.2502933 0.3673823 0.0152087 0.0014737 -0.2215997 -0.0979706 0.3545974 0.1028990 0.1376798 0.1473407 0.0376215 -0.0237056 -0.3036981 0.2973916 0.0125204 -0.0239028 0.2694497 0.2720491 -0.0050630 0.4455475 0.2880295 0.0455103 0.1678818 0.1971016 0.5854821 0.4260291 0.2762690 0.5052197 0.4907096 0.4425999 -0.1699723 -0.1871239 -0.0760987 -0.0120508 0.0266229 0.2564335 0.0186849 0.0789157 0.2068114 0.4526297 0.4470530 0.5770431 0.4627553 0.5053931 0.4791877 0.5432430 0.4919528 0.1076073 0.1128543 0.2624837 0.0243022 0.2343782 0.1828880 -0.0700030 -0.1386706 0.1624676 0.4516079 -0.0871601 0.4184436 -0.2982943 0.0027803 0.1484974 0.4662876 0.4689276 -0.0896641 0.2736976 0.2308794 -0.2541185 -0.0012550 0.2655306 0.4778853 0.3379555 -0.1013485 0.3382987 0.5226975 0.4982243
0.5236150 0.8719244 0.1859797 0.7392404 -0.1484221 0.8534617 0.8604110 0.2869236 0.8810625 0.2917682 0.1204177 0.0000000 -0.1735950 0.6601729 0.8429740 -0.0560080 0.2200838 0.7038005 -0.0945820 -0.2980477 0.4135832 -0.2345409 0.1744253 0.8255238 -0.1165242 0.0327726 0.4392471 0.6492803 0.6833322 0.5438515 -0.2982385 -0.2161632 0.7613580 0.8557207 -0.1785063 -0.1385541 -0.2731166 -0.2217839 0.4000093 0.6507807 -0.1763598 -0.1169954 0.0203521 0.6542284 0.0676781 -0.2127436 -0.2072946 -0.1261661 0.6084232 0.0444406 -0.3136814 0.0517031 0.7296183 0.2276545 -0.2073292 -0.2927490 -0.2488996 0.1591999 -0.2713772 -0.2586836 -0.1789628 -0.1325652 -0.2318992 0.4092653 0.4434622 -0.2544317 -0.2612029 -0.2091864 -0.1891958 -0.0310205 -0.4403695 0.5654502 -0.3055720 0.2499968 -0.1107871 -0.1219008 0.4396554 -0.3755121 -0.2294264 -0.0909845 -0.2339167 -0.0047746 0.1419193 -0.0129227 0.0861808 0.0959806 0.3280087 -0.1091931 0.1822878 0.1581990 0.3874140 0.3615962 0.1627905 -0.2325507 0.3088906 0.3103386 0.4602595 0.1981181 0.1334369 -0.1419237 0.1949114 0.0329671 -0.0207331 -0.0088397 0.2425597 0.2720533 0.2590982 0.1666359 0.2733844 0.2623343 0.3978907 0.5051619 -0.1186773 -0.2272719 0.1010719 0.1395299 0.1369633 0.2071834 0.2180253 -0.0849258 0.2584502 0.3845551 0.3546255 0.0563851 -0.2566956 -0.2192666 0.4807486 0.3566801 -0.2791879 0.2120791 -0.1485616 0.1409778 -0.0255745 0.2341087 -0.0697027 0.2189611 -0.0910019 -0.3209690 -0.2589757 -0.0322365 0.1123561 -0.1666641 0.2233867 0.1864314 -0.1271773 0.2957117 -0.0911872 -0.2047477 0.3371079 0.1470196 0.2749903 0.0662467 0.1181299 0.2030002 -0.0013417 0.0266542 0.1632418 0.0379602 0.0854455 0.1040982 0.4559884 0.3871369 0.1314486 0.2883295 0.4020798 0.1410692 0.3944521 0.3742293 0.2636468 0.2224155 0.1639379 0.3046331 0.4523810 0.1784875 0.4350267 0.4387265 0.5247944 0.2520105 0.2000405 0.2005481 0.3246365 -0.1819592 -0.2572294 -0.3862630 -0.3083632 -0.0085045 -0.3996449 -0.4296199 -0.3032758 0.1852519 0.2224951 0.2838424 0.2234257 0.2118193 -0.0479440 0.0172446 0.1221994 0.3733820 0.1511068 -0.2043200 0.4019264 0.2590983 0.4469077 -0.0412974 -0.3554262 -0.4005350 0.2258954 0.2052833 0.1459879 0.2568861 0.4126967 -0.2417068 -0.4267688 -0.3496829 0.2416513 -0.2262220 0.5175884 0.2961815
-0.1995907 0.0325590 0.4848165 0.1586192 0.3035228 -0.0071905 -0.2650534 0.7586414 -0.0258597 0.2936933 0.6518402 -0.1735950 0.0000000 -0.0989409 -0.1631843 0.5866665 0.4619824 -0.0901719 0.3773377 0.4318155 -0.0066459 0.8428745 0.4398426 -0.0921675 0.4662283 0.4693595 0.2928826 -0.2205940 -0.0003215 -0.1829965 0.6026911 0.3843470 -0.0168548 -0.0142817 0.4894560 0.2562402 0.4573196 0.7519076 0.1714366 -0.2387072 0.7705568 0.4952890 0.4210940 -0.0797668 0.4835418 0.5283678 0.4875622 0.5694006 0.0164055 -0.2955306 0.4068323 0.2465309 0.1176188 -0.0216376 0.7151424 0.7394840 0.5682814 0.0047158 0.6242739 0.3691428 0.7086922 0.3114218 0.7687437 0.0155634 0.3280300 0.7921342 0.3251107 0.5359477 0.7875054 0.1563646 0.7391650 -0.1152294 0.5943795 0.5490979 0.7813743 0.2429450 0.3207798 0.6638425 0.6087493 0.4741375 0.6897030 0.3482336 0.5626258 0.6378000 0.4984156 0.4466188 0.0425904 0.3389872 0.4445951 0.4148701 -0.1462018 0.0836234 0.3605704 0.6124232 0.3368579 0.1139632 0.1844958 0.2171107 0.3811318 0.2989492 0.2862092 0.1923544 0.3222407 0.5801155 0.3487638 0.4288283 0.3033716 0.4090522 0.4313660 0.2003991 0.3945135 0.0363128 0.0801592 0.1715448 0.2428904 0.2660186 0.3491876 0.2472806 0.2998481 0.4315281 0.3357695 0.2895035 0.5136241 0.2985708 0.3627075 0.3538006 0.0600707 0.4178340 0.3543795 0.3394215 0.4140730 0.3773200 0.1441999 0.3850933 0.3676024 0.3657089 0.2663188 0.2478999 0.2097021 0.1861973 0.1539084 0.3434791 0.4876422 0.2222115 0.1945265 0.2521161 0.0957683 0.2267378 0.4000396 0.2913201 0.3191572 0.2077677 0.3086978 0.2804383 -0.0288435 0.2612602 0.1874801 0.2101829 0.4492052 0.6042037 0.1530602 0.5429315 0.1219592 0.2609721 0.2882023 0.3936758 0.4259574 0.2655068 0.2421066 0.5745391 0.4723303 0.3819469 -0.1195049 -0.1147408 -0.0548373 0.0163543 0.0895555 0.3339959 0.0273823 0.1707085 0.0445081 0.5807899 0.6518582 0.7139021 0.6847979 0.6496798 0.6919476 0.6556372 0.6792602 0.1670315 0.2392011 0.3538162 0.0236395 0.0123137 0.4626282 0.1552689 -0.2134973 0.0767380 0.4166361 0.0252568 0.3473104 -0.3955605 0.1071868 0.3156990 0.4839568 0.7362519 0.0247689 0.3756220 0.1631919 -0.2157713 0.1007282 0.4391619 0.6130683 0.5147146 -0.1196494 0.4756899 0.3664189 0.4523104
0.2990481 0.4954867 0.2089481 0.6643214 -0.1065078 0.6131711 0.4156936 0.1333175 0.7048081 0.2683933 0.3010178 0.6601729 -0.0989409 0.0000000 0.5264253 0.0705513 0.4613359 0.6783976 0.0472726 -0.0433713 0.1482534 -0.0831745 0.2972753 0.7369046 -0.0187344 0.2183611 0.6041717 0.7525717 0.3554946 0.7350230 -0.0309828 -0.1170385 0.8326859 0.7993717 0.1416415 -0.2282122 -0.1653872 -0.0185842 0.7108742 0.6726192 0.0096585 -0.1160066 0.3938593 0.7028800 0.0828721 -0.1692430 -0.0710692 0.0901550 0.6848830 -0.0253029 -0.0693807 0.2668680 0.7954658 0.2271549 0.0797741 -0.1816197 -0.2169717 0.1336511 0.0010126 -0.0901993 -0.0526117 0.0841230 -0.0857218 0.5627846 0.4804153 -0.1696414 -0.0579192 0.1566561 -0.0912247 0.0356939 -0.1589668 0.5759098 0.0387309 0.2210136 0.0188437 0.1050668 0.5361145 -0.1024105 0.0291255 0.1862140 -0.1142658 -0.2460867 -0.0261378 0.0460318 0.0220003 0.0248525 0.2254263 0.0307837 0.1522293 0.0123756 0.3350520 0.3163239 0.3143429 -0.2634864 0.1528021 0.3383912 0.5325017 0.4182524 -0.1857542 -0.2627301 -0.0161666 0.2020319 0.0760341 -0.1375037 0.3760551 0.0968917 0.1996018 0.1854364 0.2336464 0.0359270 0.1611085 0.1638927 0.1956163 -0.2670463 -0.1626168 0.2050196 0.1462547 0.0787983 0.2546087 0.1263974 0.3325667 0.4125327 0.2966326 0.1125497 -0.0636977 -0.1055649 0.3807610 0.2157311 -0.1330374 -0.0106249 0.0171660 0.3434211 0.0000000 0.1800534 0.1347700 0.1009647 0.0347158 -0.2225884 -0.1349705 -0.0625241 0.1882941 -0.1163886 0.3041865 0.2038127 -0.0049961 0.1024272 -0.0570437 -0.0733299 0.4059676 0.0924501 0.1781996 0.1137201 0.1882744 0.2395059 0.1425587 -0.0199422 -0.1814175 0.0676478 0.0289095 -0.0229508 0.3247001 0.3234170 0.0088895 0.0545219 0.3456718 0.0129270 0.3162168 0.2913665 0.1150668 0.3037096 0.2565051 0.1974983 0.0228472 0.0109991 0.3325568 0.4170971 0.2044987 0.0896407 -0.1018848 0.1582602 0.0232679 -0.0525933 0.0425921 -0.0510733 0.0139234 0.0281725 -0.1349483 -0.1097060 -0.2392079 0.2759989 0.0973060 0.4633104 0.1504487 -0.0196015 -0.1863165 -0.0744916 0.0256775 0.2420186 0.2315942 -0.0969292 0.4969879 0.0489960 -0.0384381 -0.3941600 -0.0700990 -0.0886166 0.1642345 0.1257734 0.2793209 0.2473404 -0.1526286 -0.1839915 -0.0945478 -0.2219979 0.1480742 0.0197639 0.6570007 0.5071300
0.5389109 0.6726491 0.1211668 0.5750746 -0.1704884 0.6099487 0.8198885 0.2256622 0.7663116 -0.0910031 -0.0437335 0.8429740 -0.1631843 0.5264253 0.0000000 -0.1258958 0.0253083 0.7344003 -0.0930230 0.0040506 0.1808408 -0.1637675 0.1941049 0.8863243 -0.0584797 0.1194365 0.3725063 0.7990609 0.4882656 0.6261649 -0.0052752 -0.1152643 0.7069619 0.7404272 -0.1803728 -0.3090020 -0.2232910 -0.1418963 0.2423065 0.7560583 -0.0497474 -0.0015671 -0.0515495 0.4767342 0.0892098 -0.0489334 -0.1403357 0.0493317 0.2952247 0.2125603 -0.3295803 -0.2592569 0.4816097 -0.0488330 -0.1268163 -0.2419890 -0.1995736 -0.1476278 -0.1122833 -0.3542600 -0.1102434 -0.3646665 -0.0634723 0.0641151 0.2269199 -0.2751731 -0.3964315 -0.2793495 -0.1779168 -0.3242215 -0.4775387 0.2282330 -0.3694049 -0.0649484 -0.1560486 -0.3133695 0.2615199 -0.3472734 -0.3029375 -0.1854292 -0.2864066 -0.1810841 -0.0174020 -0.1412961 -0.0341923 0.1189622 0.3809290 -0.1739074 0.0968456 0.0521874 0.4901858 0.4391633 0.2321571 -0.2677308 0.4277723 0.4132988 0.4597278 0.2275029 0.3401509 -0.3454188 0.1579685 0.1571296 0.0514689 -0.0233253 0.4442867 0.4287209 0.2339936 0.0869057 0.4161288 -0.0506170 0.4694509 0.4338155 -0.3151641 -0.3848860 -0.2435010 -0.0258880 -0.0441277 0.0290642 -0.0234561 -0.1052326 0.1003664 0.1764950 0.2029082 -0.0675734 -0.2189249 -0.0874867 0.4314375 0.3276851 -0.2011439 0.2547309 0.0148071 0.1910339 0.2140143 0.2179673 0.1036642 0.2663707 0.0699750 -0.3454165 -0.0825746 -0.0673757 0.2103118 -0.1243637 0.1821321 0.2849297 0.0277643 0.3455173 0.0725320 -0.0331803 0.3894838 0.2458760 0.3222722 0.2108847 0.3478025 0.2981789 0.1660443 0.0535435 -0.0432609 0.2185585 -0.1460504 0.0338822 0.5272390 0.3502163 0.1910540 0.2236982 0.5400759 0.2257355 0.2803812 0.2183098 0.1410066 0.2720558 0.1106849 0.2166538 0.2828070 -0.0434835 0.2656641 0.2227765 0.1826414 0.1414007 -0.0201581 0.1281957 0.1069079 -0.2412266 -0.1350141 -0.3193887 -0.2351922 0.0430993 -0.3690874 -0.4352370 -0.3628580 -0.1428646 0.1267497 0.1091392 -0.2074736 0.1839062 -0.0333628 -0.0167481 -0.1488502 0.0678235 -0.1221844 -0.1084758 0.3467298 0.1537053 0.4765497 -0.1743743 -0.2497566 -0.4138115 0.3807285 0.4981730 0.2582953 0.2361058 0.4402858 -0.3734946 -0.4095384 -0.4214088 0.5612468 0.0168617 0.5290878 0.2656494
-0.5698773 -0.0203975 0.3978339 -0.0375713 0.4027281 0.0212643 -0.2674011 0.4553485 0.0045010 0.5897925 0.8262916 -0.0560080 0.5866665 0.0705513 -0.1258958 0.0000000 0.8300827 -0.1600918 0.8863989 0.3436398 0.2757469 0.7514034 0.6151497 -0.1669572 0.8226708 0.6805092 0.5375263 -0.2262136 0.3374718 -0.2678401 0.4447421 0.7248915 -0.0096273 0.2083398 0.6695518 0.3531425 0.7504144 0.7161829 0.2047645 -0.0935252 0.6331370 0.4077257 0.6394268 0.2330197 0.4125202 0.6577551 0.6874877 0.5210534 0.1284334 -0.1731985 0.6717526 0.5398187 0.0153833 0.2684472 0.5158470 0.6304445 0.6811401 0.1517622 0.4017077 0.6000553 0.4066082 0.5791029 0.3989314 0.1039093 -0.0995550 0.6328278 0.6072286 0.6469603 0.5818035 0.3216270 0.5347852 -0.1732146 0.5927598 0.3057356 0.3183935 0.4786020 0.2626214 0.2752850 0.4352691 0.1849211 0.2480686 0.2552312 0.4774738 0.5734954 0.6899059 0.2685763 -0.1478164 0.6565178 0.3356195 0.5626968 -0.4425203 -0.2227533 0.2244928 0.6116127 0.1375908 -0.0278272 -0.0457466 0.1405009 0.0736723 0.3164120 0.3905933 0.2358638 0.3585281 0.3894125 0.1212108 0.2165785 0.4359980 0.4296912 0.1928067 0.3817840 0.1400600 0.1429081 0.1344812 0.2324901 0.0151642 0.1425301 0.1638353 -0.0111234 0.1909065 0.3532819 0.2000788 0.1024079 0.2775452 0.1700593 0.3078098 0.4438199 0.5240143 0.2539880 0.4414041 0.5519744 0.4544729 0.3659412 0.4219723 0.6512034 0.4215227 0.3996544 0.4526850 0.4439727 0.4037794 0.6118771 0.2178639 0.5253144 0.3876802 0.6365801 0.3811586 0.1100709 0.1414077 0.2389430 0.2192112 0.4513433 0.3802647 0.3787961 0.2137869 0.0420312 -0.0798502 0.4459401 -0.1039686 0.1552635 0.2065531 0.2336198 0.1784613 0.5596940 0.3491325 -0.1207848 0.2944716 0.2682849 0.4399264 0.1798761 0.0194695 0.3254081 0.3896176 0.2041684 -0.3246349 -0.1931609 -0.1047533 -0.2404025 -0.1366802 0.2509749 0.0366619 0.1052686 0.0631294 0.4829734 0.5172853 0.6463199 0.5107003 0.4011083 0.5285341 0.6018454 0.3814862 -0.2155802 0.2694180 -0.0688145 -0.1755239 0.3157707 0.4717045 0.2005519 -0.0425342 0.1327386 0.2957946 0.2252863 0.4245991 -0.4912992 -0.1806148 0.2527712 0.5663817 0.4764303 0.1687812 0.3611597 0.1541147 -0.4882411 -0.0241955 0.3983905 0.4540628 0.5733197 0.0794748 0.3783375 0.3541196 0.4654465
-0.3894454 0.2202242 0.4714972 0.1892173 0.3600328 0.3344892 -0.0771990 0.4543747 0.2537047 0.6392535 0.7823331 0.2200838 0.4619824 0.4613359 0.0253083 0.8300827 0.0000000 0.1133048 0.6920806 0.3178548 0.2154916 0.6026792 0.7337840 0.0887169 0.6253296 0.6492468 0.7574739 -0.0073686 0.3987156 0.0189957 0.3450638 0.4837161 0.2807586 0.4809488 0.6468327 0.2354707 0.5378722 0.5305881 0.5635005 0.0670194 0.4225927 0.2832432 0.7418686 0.5156645 0.4375413 0.3544652 0.5493203 0.3166843 0.4477280 -0.2947086 0.5392936 0.6877046 0.4574258 0.4186955 0.3937491 0.4142809 0.4157574 0.2351522 0.3790147 0.4935973 0.3615589 0.6101711 0.2336139 0.4266218 0.2410565 0.4043206 0.4887748 0.6048311 0.3953954 0.3474875 0.3814288 0.1779552 0.5159038 0.4646272 0.2344011 0.4840163 0.5587379 0.1879885 0.4276773 0.2241072 0.2304572 0.1022216 0.3571705 0.5526965 0.5481650 0.2352863 -0.0261528 0.5335820 0.2594330 0.4346753 -0.2346874 -0.0470548 0.3519415 0.4488790 0.1454355 0.0868168 0.1732844 0.3718942 -0.1223126 0.2234620 0.3107610 0.3271481 0.3136512 0.3394758 0.1867884 0.1509292 0.3497229 0.4862349 0.1651316 0.3883463 0.0972777 0.0070397 0.4169053 0.1828121 0.0762936 0.4611843 0.4211278 0.2257990 0.5397436 0.4598439 0.5209377 0.4535239 0.3344121 0.3502675 0.3541371 0.2969055 0.4909007 0.2906945 0.3323066 0.4692127 0.3918205 0.5001471 0.2589256 0.5974230 0.4485139 0.3279670 0.4296141 0.3065867 0.2628357 0.4290951 0.2933218 0.4586003 0.5840385 0.5036087 0.3198186 0.1194430 0.1367357 0.2540213 0.4151238 0.4136469 0.3471441 0.3841106 0.2275709 0.1576024 0.0611928 0.3629012 -0.0612920 0.2577544 0.3696958 0.2594250 0.4017793 0.7229964 0.1522776 -0.0225263 0.3980437 0.2500343 0.4724246 0.3191066 0.0323360 0.4073800 0.4953916 0.2534615 -0.3136393 -0.1410703 0.0761517 0.0456439 0.0463278 0.1595423 -0.0449434 -0.0073466 -0.0405466 0.4583695 0.5019952 0.5903179 0.5048615 0.3422032 0.4536802 0.5166835 0.2441531 0.0291562 0.1704889 0.2465322 0.0827055 0.0827911 0.2606664 0.0410219 -0.0325633 0.3169272 0.4743799 0.1066345 0.5612272 -0.2572507 -0.1318537 0.1291533 0.3849129 0.4058208 0.1139220 0.3428122 0.2140419 -0.1620815 -0.0606336 0.2724623 0.3471780 0.3837861 -0.0431514 0.2480475 0.6517694 0.7546182
