0.0000000 0.7971743 0.5276502 0.5227608 0.1626910 0.5582857 0.0300122 0.3724032 0.3969519 0.5057554 0.4467914 0.1548119 0.0796321 -0.0397800 0.4710781 0.2771583 0.4012463 0.0569910 0.2152927 -0.0170269 0.1739990 0.0705027 0.4476543 0.2059333 0.1485997 0.2172000 0.5602547 0.2155644 0.1269459 0.2825656 0.2127560 0.2537905 0.1521896 -0.0131020 0.3947986 0.1759052 0.3618670 0.0855855 0.4914566 0.6112880 0.2044418 0.3323990 0.5281665 0.2938981 0.1103772 0.1288778 0.3272826 -0.0284489 -0.0297799 0.2141199 0.3580308 0.6011339 -0.0738153 0.6379385 -0.0215295 0.1030525 0.3162681 0.2680396 0.2056162 0.3641228 0.2457679 0.4470439 0.2325870 0.3291712 -0.1197628 0.3122904 0.3283297 0.2908190 0.0106215 0.2883035 0.3967312 0.2657585 0.3404275 0.5059971 0.1878305 0.5223424 0.4314825 0.3164260 0.4471685 0.4857683 0.3962582 -0.3012400 -0.0111500 0.2498557 0.1957386 0.0762686 0.3828136 0.0190106 0.3545771 0.1409866 0.2219245 0.3069556 0.0024883 -0.2093648 0.4737261 0.4578136 0.0609059 -0.0256812 0.1838143 0.0069295 -0.0703253 0.0162548 0.4656145 -0.2756980 -0.0820005 0.3422342 0.1475287 0.2348600 -0.0799678 0.2758190 -0.1683271 0.2862622 -0.1091278 0.0935761 -0.1388801 0.3212872 0.2545444 -0.1176396 0.1868439 -0.1102635 -0.0622031 0.0829281 -0.0996684 0.1086372 -0.0586112 -0.1254006 0.0950285 -0.0541292 -0.0280768 -0.0475560 -0.1674974 -0.2137333 0.1064657 0.3908861 -0.1994673 -0.2325012 -0.0233852 -0.1552139 -0.2409584 -0.2311531 -0.5012946 -0.4350470 -0.1188702 -0.1602727 -0.1385770 -0.1903639 -0.2602285 -0.4015200 -0.0901583 -0.2867777 -0.0649645 -0.4047990 -0.5506876 -0.2964547 -0.3037874 0.0497637 -0.1056082 -0.5268637 -0.0128322 -0.4017464 -0.2420759 -0.4207491 0.2699472 -0.5709626 -0.2702208 -0.1745023 -0.2060986 -0.2913571 0.0714762 -0.2388209 -0.3846424 0.2510501 0.6826339 0.4230434 0.0319295 -0.0893547 0.1346896 0.1039590 0.3471536 0.1036820 -0.0586156 -0.0853461 0.0013481 -0.1065274 0.1691090 0.2054208 0.1185348 0.3972850 0.4529035 0.3380581 -0.0582457 0.4860163 0.6955372 0.1730628 -0.0750730 0.3163778 0.1125770 0.6441214 0.3440338 -0.0633047 0.4422127 0.0805133 -0.3408601 0.0528472 -0.0425203 0.4538947 0.1314364 -0.2848516 -0.0074180 0.3302259 -0.3374180 -0.0455067 -0.0301908 0.1047680 0.1939424 -0.2523877 0.2566986 0.3186056
0.7971743 0.0000000 0.4734938 0.7198214 -0.0445013 0.7944153 0.3651170 0.4012637 0.7394728 0.5177099 0.5404526 0.4449501 0.0241039 0.1166876 0.7507506 0.3643861 0.4056920 0.3402079 0.2511224 -0.0058684 0.4160509 -0.0169800 0.4703775 0.2781797 0.1361988 0.2770525 0.7316104 0.1644237 0.3748506 0.3805331 0.1403784 0.1121118 0.1042436 0.0777729 0.4179145 0.3425589 0.3033230 0.0495416 0.4588973 0.6389110 -0.0104123 0.5684111 0.4857111 0.2179791 0.2757275 0.2055489 0.3330987 -0.2551123 0.0044036 0.3386144 0.3032975 0.5172681 0.0278952 0.6559723 -0.1223012 0.0849764 0.2683107 0.5187035 0.1899484 0.2889876 0.2902864 0.3640895 -0.0229399 0.6044476 0.1294480 0.2604185 0.2573118 0.1699714 0.0119685 0.2593830 0.3699100 0.4686463 0.2640331 0.6917755 0.2465223 0.3990535 0.4544591 0.3321262 0.4470042 0.5009314 0.4302041 -0.1528376 0.0781724 0.2284285 0.2191250 -0.0228049 0.4571828 0.0241514 0.3099787 0.3067591 0.0117520 0.1099089 -0.1888578 -0.1254832 0.3381274 0.2427336 -0.1352253 -0.0700741 0.1988937 -0.1023322 0.0728947 -0.1085504 0.3994968 -0.1997373 -0.3598123 0.3345497 0.2149409 0.2247469 -0.2199275 0.3812963 -0.3142544 0.1818921 0.1587810 0.3194362 -0.0556631 0.4793246 0.3440159 -0.0306778 0.4721566 -0.1667455 0.0508154 0.3062742 -0.1794459 0.3617749 0.0714086 -0.1028827 0.2529491 0.0103970 -0.0555090 0.3020832 -0.0068981 -0.2882029 0.1118325 0.6519639 -0.2530343 -0.1578798 0.2586068 -0.1751710 -0.0248101 -0.1733217 -0.5521740 -0.3268802 -0.2024328 -0.1679127 -0.0284218 0.0352282 -0.0247420 -0.2138778 -0.1840134 -0.0650608 0.0682110 -0.3625247 -0.3444529 -0.2032727 -0.1540641 -0.0174578 -0.1237718 -0.1960834 -0.2695232 -0.4157746 -0.2560522 -0.1390358 0.1060092 -0.4656916 -0.1088627 -0.2053873 -0.2000489 -0.1958569 0.1747817 0.0903465 -0.2581423 0.3490492 0.6723909 0.6073476 0.2169648 0.2662562 0.4653416 0.5176123 0.5778942 0.2210170 -0.0579231 -0.1269132 0.0751263 -0.0835386 0.1961176 0.2243426 0.0324674 0.3179527 0.5175302 0.3719079 -0.1628056 0.4324526 0.5140580 0.0481630 -0.1046463 0.2691234 0.1227960 0.6376277 0.2857266 -0.1244244 0.3594929 0.0446930 0.0237661 0.3509347 0.1384487 0.6338016 0.0086978 -0.0356492 0.1166090 0.2380723 0.1121142 0.1973581 0.1639536 0.2675258 0.1146006 0.0033315 0.4449406 0.3722084
0.5276502 0.4734938 0.0000000 0.5627596 0.6901376 0.4086754 0.4004203 0.6219550 0.2774102 0.3868303 0.4773551 0.5287108 0.6236893 -0.0178431 0.4857074 0.2382105 0.3685336 0.1519528 0.2602117 0.3150114 0.5542233 -0.0284582 0.2964080 -0.1135703 0.2044839 0.2683452 0.5892986 -0.0374328 -0.0196361 0.1835115 0.4628393 0.2764905 -0.2732230 -0.3344178 0.1981836 0.4625822 0.2309197 0.3305439 0.0583190 0.4802218 0.4670325 0.4106978 0.2072353 -0.0373754 -0.2360311 0.2002972 0.1504510 0.3437251 -0.3629773 0.4107801 0.1710006 0.2500487 -0.3885802 0.1378636 0.3831993 0.2607715 0.2923697 -0.0854962 0.6081877 0.2664441 0.5998609 0.1187788 0.3941074 0.2077083 -0.3303136 0.5634371 0.2109406 0.0406415 0.3734080 0.1287784 0.4103755 0.2248402 0.3322990 0.5014822 0.3849715 0.3246208 0.4549709 0.3728874 0.5498552 0.5763937 0.6081985 -0.6386353 -0.4898150 -0.2098935 -0.1992075 -0.3591762 -0.0789375 -0.2404148 -0.1678123 -0.3147957 -0.3045542 -0.1426999 -0.4077262 0.0813637 -0.0333425 -0.0347988 -0.0700731 -0.4108973 -0.2370465 0.1059187 -0.1490805 -0.4103834 -0.1264780 0.0181888 -0.2957355 -0.1635273 -0.4314922 -0.2909406 -0.4702636 -0.2895255 -0.5773129 -0.2866208 -0.4743529 -0.4475371 -0.5558131 0.1545518 -0.0008507 -0.4451608 0.1395077 -0.1793481 -0.1060185 -0.0369826 -0.0921122 0.0541938 -0.5463105 0.0611094 -0.0964310 0.1766145 -0.2818805 -0.3004783 -0.5953270 0.0882261 0.0780913 0.1916626 -0.2722579 -0.0073060 -0.3052407 -0.3310710 -0.4718379 0.0956641 -0.3696683 -0.4063222 -0.1663827 0.0045353 -0.5139026 0.0408045 -0.4674305 -0.4996241 -0.1766795 -0.0408415 -0.0179763 -0.2271433 -0.3853371 -0.2171448 -0.0978875 0.2174126 -0.5008236 -0.4722467 -0.3511374 -0.3023468 -0.2842936 -0.4791553 0.2161442 -0.4679711 -0.3874677 -0.2293168 -0.1697357 -0.3284883 -0.1259193 -0.4970837 -0.4225046 -0.3367216 0.6190853 0.4847658 0.5117797 0.0154394 0.5780795 0.2638956 0.5631403 0.4650000 0.4167488 0.2427852 0.4215111 0.2232353 0.6307225 0.5581809 0.6025448 0.6764064 0.6124424 0.5482707 0.0016735 0.5947102 0.7576690 -0.0950504 0.0363861 0.0880748 0.3468323 0.5207972 0.6879512 0.0947492 0.4695024 0.2365825 -0.1546066 0.3255661 -0.0665052 0.6984562 0.0790658 -0.2088763 0.4962185 0.5237067 -0.1745249 0.3311333 0.1513048 0.6566236 0.5847677 0.0081527 0.2595707 0.2546619
0.5227608 0.7198214 0.5627596 0.0000000 0.0479187 0.7307856 0.3607489 0.8008647 0.5126110 0.6533425 0.8843240 0.4896154 0.2991659 0.0087945 0.5237020 0.7047290 0.7532200 0.1589117 0.6768393 0.2021308 0.4883984 0.4119369 0.7615082 -0.3375441 0.5545965 0.6997228 0.9177418 -0.2593099 -0.1100184 0.2542638 0.4069221 0.5219368 -0.4897201 -0.4888443 0.6998630 0.4588248 0.6678365 0.3978419 0.3234174 0.6749660 0.4918806 0.5564583 0.5451076 -0.2681310 -0.3319836 0.5024924 0.5517949 0.0510203 -0.5902294 0.5185523 0.5617154 0.6261836 -0.5159270 0.5218616 0.0791170 0.3597575 0.6047665 0.0358024 0.5271876 0.6171929 0.5130864 0.6278366 -0.1397968 0.4940822 -0.4681874 0.5179016 0.6233240 0.4681296 0.2920058 0.5271201 0.7221220 0.7953801 0.6443908 0.8717429 0.6095851 0.6130726 0.7947428 0.7041073 0.7728550 0.8219848 0.6598913 -0.2464599 -0.1806966 -0.0177862 -0.0382376 0.0317656 0.1913864 0.0846322 -0.0631167 0.3250921 -0.3043460 -0.0184692 -0.3772478 0.1821848 -0.0506228 -0.0582617 0.1302385 -0.3708027 -0.0226069 0.1454253 0.4253449 -0.2331966 0.4748454 0.1345472 -0.0521169 -0.0175524 -0.0820927 0.1800464 -0.1519285 0.0138833 -0.1667910 0.0344127 -0.0686195 -0.1989665 -0.4822716 0.0485696 -0.0653508 -0.4319684 0.1610453 -0.0717987 0.0625439 0.0368999 0.2974184 0.2015281 -0.3747820 0.3029840 0.0462334 0.4722554 0.0453391 0.1412900 -0.3876681 0.1249048 0.2578725 0.5852177 -0.1717169 0.2180422 0.1519342 -0.1278385 -0.1141521 0.3340096 -0.1944351 -0.0860447 0.1646407 0.0232532 -0.2206105 0.2614846 -0.1167532 -0.2788453 -0.2784014 0.1912320 0.4769330 -0.1890226 -0.0795754 0.2051983 -0.1724859 0.1410477 -0.1753202 0.0076908 -0.2079680 -0.0643640 -0.2817195 -0.0260284 -0.0348462 -0.2671209 0.0173755 -0.1819994 0.0472164 0.0978978 0.1998589 -0.1601805 -0.0935271 0.0755349 0.6281285 0.6219567 0.2669360 0.1039759 0.6094677 0.5065240 0.5889885 0.4270507 0.4239950 0.2077526 0.4356482 0.2151428 0.5958396 0.4643507 0.2699923 0.4198977 0.8129790 0.7982151 0.0704030 0.7413017 0.6248473 0.2726038 0.2195682 0.5221040 0.4003008 0.5544217 0.4932116 0.1823536 0.4853677 0.2479063 0.1540988 0.3659637 -0.1090606 0.6428324 0.0648050 -0.0075276 0.4054182 0.3553148 0.1241994 0.5814148 0.0334980 0.4535759 0.3841258 0.1307479 0.4761873 0.3616400
0.1626910 -0.0445013 0.6901376 0.0479187 0.0000000 -0.0690657 -0.0320017 0.5003706 0.0229902 0.1315197 0.2278870 0.3474867 0.8188700 0.2460006 0.2600582 0.0748268 0.0965134 0.2283065 0.1172865 0.2534731 0.4630208 -0.0153678 0.0102596 -0.1463646 0.0803359 0.1093454 0.0873640 0.1480822 -0.1445967 0.1768844 0.4819064 0.2374349 -0.2202115 -0.3385254 -0.0240165 0.4356955 0.0878714 0.4303377 -0.1412021 0.2560228 0.4354668 0.3185108 -0.0480554 0.0808217 -0.2260665 0.1584637 -0.0524269 0.6340128 -0.2653352 0.2816628 0.0166620 -0.0676598 -0.3605212 0.0033215 0.6698694 0.3662792 0.1680474 -0.2053833 0.6634565 0.1286178 0.6627895 -0.1548386 0.7399627 0.0610015 -0.2444848 0.6277558 0.0912062 -0.0293012 0.5944702 0.1355190 0.2434963 -0.0377153 0.2143655 0.1845575 0.3517086 0.2269835 0.2672805 0.2243791 0.3372794 0.3525820 0.4602248 -0.7066141 -0.6355513 -0.6304181 -0.4772351 -0.5475936 -0.5016197 -0.5772806 -0.4837305 -0.7580468 -0.1226544 -0.1791341 -0.4170459 0.1495124 -0.3004248 -0.2659513 -0.1524586 -0.2411140 -0.5623196 0.3963744 -0.3756371 -0.3241870 -0.4750237 0.0595859 -0.1935216 -0.4666295 -0.4881216 -0.4891025 -0.1079781 -0.6182629 -0.4400006 -0.0540679 -0.3957898 -0.4451790 -0.3395575 0.1451435 0.1208855 -0.2754968 0.0740907 0.3148258 0.2559201 0.1043560 0.0193629 -0.0295142 -0.3163522 0.3384245 0.0140463 0.1421648 -0.1282802 -0.3246340 -0.3521253 0.0293496 0.1717666 -0.1252488 -0.0609127 0.1658151 -0.3875643 0.0273732 -0.2408850 0.3216522 0.0340181 -0.0828293 -0.0485133 0.3718045 -0.4066976 0.1306998 -0.3041718 -0.3692629 -0.1276232 -0.0342878 0.0480263 0.1340451 -0.0502017 -0.1510636 0.1235647 0.3579836 -0.2157840 -0.2792163 -0.1622902 0.1009063 -0.1787780 -0.3975947 0.1735651 -0.0708581 -0.2326609 0.1329884 0.0330432 -0.2222306 -0.0957075 -0.4310274 -0.2631981 -0.4182318 0.4306043 0.3247590 0.5499552 -0.1979573 0.3008569 -0.1414874 0.3320085 0.5389958 0.5626051 0.5749677 0.5749719 0.5530339 0.6181059 0.6253572 0.7898700 0.7068579 0.3572693 0.3537836 0.4311106 0.4476778 0.5121546 0.0433425 0.3378751 0.0492139 0.4189986 0.1709032 0.6360393 0.4983325 0.2363355 0.1217515 -0.2335356 0.1653673 -0.2213000 0.3712574 0.2203541 -0.0379408 0.3212513 0.3469930 -0.2288829 0.3434733 0.0060504 0.6337122 0.6357846 -0.0517542 0.0184265 -0.1176424
0.5582857 0.7944153 0.4086754 0.7307856 -0.0690657 0.0000000 0.5515804 0.4255708 0.5759638 0.4830519 0.5826379 0.5101707 0.0667464 0.2099372 0.6839861 0.4409042 0.5210985 0.5206929 0.3750165 0.0794035 0.4575231 0.2010938 0.5124684 0.1351601 0.3090169 0.4170004 0.6711489 0.1387674 0.2621565 0.4082315 0.2952384 0.2860555 -0.0023197 -0.0789362 0.5890326 0.3505473 0.4788935 0.3094225 0.4153662 0.6219492 0.2098773 0.5650971 0.5411034 0.1589659 0.1345612 0.4774979 0.4938722 0.0129645 -0.1163852 0.5567260 0.4255420 0.5006558 -0.1053044 0.5162821 0.0191905 0.3301835 0.4536044 0.3741104 0.1513070 0.4437421 0.2368119 0.4081484 0.0196442 0.5888515 -0.0262182 0.3847271 0.3630425 0.2538441 0.2054192 0.3425004 0.4558790 0.4917195 0.4162122 0.6654875 0.3875829 0.4620761 0.5204849 0.4422477 0.5602054 0.6052668 0.5165230 -0.0510496 0.2446639 0.2969747 0.1119590 0.1161679 0.5689353 -0.1870169 0.2240572 0.4313518 -0.1244818 0.2788174 -0.1996198 -0.2598150 0.0703352 0.1744145 0.2574484 -0.1524775 0.1446054 -0.3174354 0.2652718 -0.0186639 0.3045991 -0.3446711 -0.1631881 0.4310513 0.2523680 0.1959807 -0.0884665 0.1939976 -0.2021245 0.1249314 0.1306475 0.1597805 -0.2033207 0.3306071 0.2549723 -0.0323162 0.4354460 -0.2126514 0.0553352 0.3142256 -0.0065724 0.2931040 -0.2215627 -0.0580053 0.2374442 0.1148319 -0.0969775 0.2707734 -0.1533903 -0.4250367 0.1153090 0.6862654 -0.3814629 -0.0683705 0.2302832 -0.0932193 -0.1927381 -0.0578569 -0.5068588 -0.3697768 -0.0923933 -0.2493580 -0.2065568 0.1481988 -0.1717692 -0.4158079 -0.1228097 -0.0883111 0.1933621 -0.4696496 -0.3254014 -0.0910587 -0.2832358 -0.0804456 0.0379171 -0.1900132 -0.2756016 -0.2578415 -0.2567569 -0.0420102 -0.0177433 -0.1175081 0.0212209 -0.2548507 -0.1816227 -0.0294711 0.1728308 0.2245443 -0.1372173 0.3328098 0.5210912 0.4611935 0.1657977 -0.0414300 0.3449928 0.4464883 0.5503340 0.2725217 0.0245971 -0.1477062 0.0156054 -0.1744396 0.1768736 0.2755546 -0.0113175 0.3426551 0.5499360 0.4637096 -0.2089151 0.5070329 0.5267359 -0.0465777 -0.0310745 0.2497931 0.0305311 0.5924889 0.3443439 -0.1908739 0.2024127 -0.0497422 0.2558310 0.3650982 0.0781648 0.5316742 -0.1436049 0.1251461 0.0926320 0.1469493 0.2584826 0.4825251 0.1567796 0.2157150 0.0541398 0.4130853 0.7036688 0.3965464
0.0300122 0.3651170 0.4004203 0.3607489 -0.0320017 0.5515804 0.0000000 0.0638740 0.2139777 -0.2473270 0.0474162 0.5944005 0.0194941 -0.2964145 0.4836059 -0.2015603 -0.1350705 0.2716904 -0.1436882 0.2433659 0.3727417 -0.0409253 -0.1952718 0.2036444 -0.1942628 -0.1916594 0.2133218 -0.2127415 0.4431018 -0.2205030 0.1071115 -0.2598932 0.0477452 0.1811637 -0.1745987 0.2460854 -0.1935292 -0.1605949 -0.3322349 -0.1160144 -0.1623844 0.4655147 -0.2774285 -0.1375437 0.3120463 -0.1420212 -0.2375410 -0.1827500 0.1317024 0.0536879 -0.3023888 -0.2351151 0.1690379 -0.2369495 -0.2289158 -0.2365710 -0.1825927 -0.0420987 0.0925224 -0.2104570 0.0730351 -0.2633302 -0.2027931 -0.0812341 0.2157608 -0.0808487 -0.2622440 -0.4579219 -0.1077652 -0.4230220 -0.1082589 0.1012899 -0.1478339 0.1500389 -0.1202709 -0.2924238 -0.1049670 0.0072652 0.0423995 0.0465460 0.2333655 0.0904217 0.2471560 0.3253208 0.3935028 0.0489350 0.4487885 0.0919155 0.3065518 0.1942835 -0.3052815 -0.0353733 -0.2362163 0.1325931 0.1309966 0.0102765 -0.1751133 -0.3646835 0.1357973 -0.4211007 0.0127819 -0.3552236 -0.2564124 -0.1372214 -0.5822336 0.3696674 0.1640588 -0.0557113 -0.6309893 0.2742716 -0.5815999 -0.3456886 -0.1264605 0.0765880 -0.1119700 0.1145937 -0.0269031 0.1084106 0.3893705 -0.4348178 -0.2087059 0.1088081 -0.4081782 0.3911631 -0.1880963 -0.2273293 -0.1594781 -0.1146381 -0.1892106 -0.0386659 -0.2348674 -0.3636806 -0.3784022 0.0925290 0.0251611 -0.2780215 -0.1623403 -0.2692718 -0.1202879 -0.1555997 -0.5191721 -0.2250556 -0.0661746 -0.3706654 -0.2387214 -0.0024303 -0.1197061 -0.1339262 0.1524296 0.0875139 -0.1186216 -0.3871274 -0.0448452 -0.3327904 -0.2223068 -0.3581921 -0.4998431 -0.1543470 -0.4439941 -0.4163277 -0.3754780 -0.0748044 -0.3633348 -0.1701311 -0.3111447 -0.5107452 -0.5005954 -0.0818187 0.0497158 0.1149812 -0.3221875 -0.0257363 0.0891146 0.0559379 0.4807071 0.3843675 0.4367522 0.3952770 0.2984484 -0.0095415 -0.0536338 -0.2268009 0.0086811 -0.2189026 0.1256679 -0.0308386 0.0261878 0.0195347 0.0579449 0.0112512 -0.4424552 -0.0601676 0.0501625 -0.3988589 -0.3424022 -0.2604434 0.0747804 0.3372143 0.1658445 -0.3916063 0.0767136 -0.1033967 0.1669636 0.4932992 0.5100666 0.5502839 -0.2918184 0.1841349 0.0874327 0.0727197 0.2067889 0.1852649 0.6354939 0.3249147 -0.1622493 0.4666699 0.3925092 0.2327783
0.3724032 0.4012637 0.6219550 0.8008647 0.5003706 0.4255708 0.0638740 0.0000000 0.2836704 0.6202365 0.9240608 0.4319685 0.6974904 0.1376300 0.3903119 0.7846473 0.7812427 0.1243158 0.7887499 0.1846924 0.5470989 0.5098956 0.7436950 -0.5800442 0.6737036 0.7895454 0.7420020 -0.2509307 -0.4024480 0.2371283 0.5976797 0.7234476 -0.6826209 -0.7660144 0.6786578 0.5436601 0.7515464 0.7042723 0.2432569 0.6740097 0.7281926 0.5590383 0.4952655 -0.2768242 -0.5763165 0.6217550 0.5377214 0.4907168 -0.7769089 0.6140629 0.6128125 0.5578245 -0.7724432 0.4997409 0.4735554 0.5972009 0.7120638 -0.1210991 0.8645856 0.7214158 0.8184803 0.5815710 0.2440631 0.4184087 -0.6432634 0.8088524 0.7296891 0.5934522 0.6246009 0.6826126 0.8383733 0.6975876 0.8045195 0.7967675 0.8089557 0.7406390 0.8818386 0.8080052 0.8848272 0.9075281 0.8356424 -0.6041302 -0.5319834 -0.4868604 -0.4099841 -0.2144193 -0.1865826 -0.1846824 -0.4270907 -0.0879185 -0.2861490 -0.0652564 -0.4337724 0.3519109 -0.3549428 -0.2730357 0.0956163 -0.2455023 -0.4154665 0.5650304 0.3247557 -0.1420147 0.2810975 0.2898421 0.0356903 -0.4565393 -0.2494357 0.0075634 0.0552635 -0.3950660 -0.1812087 0.2222584 -0.2335016 -0.4440659 -0.6276526 0.0957098 0.0368032 -0.5841086 0.1265867 0.3479639 0.3709686 0.0825030 0.4909184 0.1278364 -0.4509190 0.5857098 0.0661892 0.6065357 0.0943205 -0.0302100 -0.4905996 0.2277886 0.3729721 0.4246765 -0.0620113 0.4507120 -0.0656803 0.0502481 -0.1648488 0.6109482 0.1274130 0.0599216 0.3319294 0.3968803 -0.3635042 0.4215922 -0.2410373 -0.3997741 -0.4218367 0.1702639 0.6055402 0.0927993 0.0148190 0.3481694 -0.1646798 0.4423651 -0.1335569 0.0092212 -0.1584504 0.2121558 -0.3403066 -0.1379815 0.0679396 -0.1695707 -0.0446829 0.1172911 0.2937045 0.0880878 0.1443900 -0.4229861 -0.1015358 -0.2170944 0.7247048 0.7179565 0.4656992 -0.1293884 0.5407769 0.2124295 0.5316203 0.6347452 0.7877811 0.6405596 0.7862914 0.6480836 0.8710144 0.8031337 0.6998347 0.6959898 0.8714346 0.8967772 0.5371921 0.8867715 0.7142490 0.5233387 0.5624287 0.6628965 0.6681936 0.4986755 0.7749839 0.5926823 0.5318764 0.4154347 0.0265673 0.3336740 -0.4012544 0.6278865 0.3072925 0.0615985 0.4242441 0.5462066 -0.0563882 0.7547597 -0.1436045 0.7069125 0.7285871 0.0380675 0.3713044 0.1953865
0.3969519 0.7394728 0.2774102 0.5126110 0.0229902 0.5759638 0.2139777 0.2836704 0.0000000 0.4828803 0.4075760 0.6417751 0.0167541 0.5146648 0.8255061 0.2215211 0.2368395 0.6928569 0.0455222 0.2014037 0.6518970 -0.1561111 0.3410743 0.3795514 -0.0528795 0.1810553 0.6464410 0.3038392 0.5970375 0.5877315 0.1367318 -0.0929118 0.2032828 0.2332133 0.3177863 0.5695285 0.1309663 -0.0757623 0.3557250 0.5656997 -0.2100413 0.5835696 0.3011860 0.3003975 0.3362690 0.1543693 0.1736217 -0.4062609 0.1608139 0.2682787 0.1105469 0.2646764 0.2340474 0.5113238 -0.1168117 0.0586002 0.0885471 0.4945936 0.1166798 0.0755402 0.2570142 0.1098414 -0.0773039 0.7192799 0.3158907 0.1932641 0.0895305 -0.0565001 -0.0009348 0.2473464 0.1987788 0.5311915 0.0245467 0.6828508 0.1695328 0.2534809 0.3760355 0.1796805 0.2298231 0.3201311 0.1961089 -0.1229062 -0.0558254 -0.0617171 0.0708958 -0.2750326 0.1826109 -0.0926568 0.0344206 0.1035449 0.1824453 0.0425097 -0.4300442 -0.0606726 0.2233520 0.0590675 -0.2248471 -0.1935652 0.1391143 -0.0999282 -0.0676690 -0.3220587 0.0712197 -0.1559134 -0.3070932 0.2265625 -0.0500734 -0.0820510 -0.0702198 0.1696121 -0.1780222 0.0227321 0.3177055 0.3677614 0.2492143 0.4431275 0.3542725 0.1789587 0.4108696 -0.0633225 0.1416834 0.5166107 -0.1123137 0.2067759 0.2672120 0.0027618 0.4778122 0.0107649 -0.0490653 0.5224998 0.3287964 -0.2061306 0.3224672 0.5467943 -0.0845673 -0.0382928 0.4472692 -0.0410218 0.2849408 0.0126434 -0.2232997 -0.0178440 -0.1860014 -0.1018169 0.1621551 0.0234012 0.2237866 -0.0197821 -0.0745265 0.1936988 0.1125439 -0.1636821 0.0242897 -0.1565791 0.3025526 -0.1574703 0.0757464 0.1210875 -0.2471751 -0.1605922 0.0055961 0.1930808 -0.1907418 -0.0840777 0.2189435 -0.0953472 -0.1758403 -0.0531743 0.2657454 0.4011304 -0.0726455 0.3544216 0.4439136 0.5449827 0.0732853 0.3700973 0.6197250 0.6479988 0.7130844 0.3978160 -0.0348191 -0.0223499 0.1220120 0.0269233 0.1995707 0.0634375 -0.0210333 0.1936474 0.4266599 0.3693327 -0.1273907 0.3136613 0.2580903 -0.0782190 -0.0275148 0.0551799 0.0876741 0.2090495 -0.0015377 -0.0129416 0.3537087 -0.2878852 0.2253721 0.3781768 0.3426985 0.4433281 -0.1177097 0.2736733 0.4382094 -0.1973683 0.4345390 0.2249497 0.2535121 0.1718585 -0.0360580 0.2360474 0.3071928 0.1554174
0.5057554 0.5177099 0.3868303 0.6533425 0.1315197 0.4830519 -0.2473270 0.6202365 0.4828803 0.0000000 0.7799388 0.1641846 0.3026137 0.4638467 0.2760660 0.7772472 0.8211818 0.1892393 0.5791790 0.0359355 0.3042384 0.0553629 0.8591373 -0.2319522 0.5304944 0.7333829 0.7841144 0.1493608 -0.2275105 0.6182253 0.2781249 0.5337669 -0.3465381 -0.4765217 0.8092423 0.2486934 0.6605230 0.4831767 0.7171900 0.7653119 0.5742404 0.1123945 0.8206860 0.0796209 -0.4655664 0.5747817 0.6880558 0.2626558 -0.5533790 0.4951439 0.7147928 0.7345021 -0.5285597 0.6657124 0.3564785 0.5111163 0.6378947 0.2674420 0.2678778 0.6618452 0.3167177 0.6537155 0.2611303 0.7729739 -0.4187830 0.5346365 0.6175970 0.7210079 0.3203005 0.7781220 0.6234289 0.6105172 0.5797630 0.7858008 0.5920239 0.7305783 0.8070492 0.4682183 0.6501112 0.7275631 0.4090235 -0.4592570 -0.4417524 -0.2270036 -0.3051752 -0.3249434 -0.1489544 -0.2711963 -0.4064475 0.0161606 -0.2236738 -0.0966249 -0.3149083 -0.2922099 -0.2772472 -0.1975578 0.2439768 -0.1236564 -0.2559538 0.1171376 0.1644720 -0.0686103 0.4444114 -0.1148852 0.1837013 -0.2341287 -0.3972840 -0.1096583 0.0926762 -0.3597851 0.0403388 0.0209377 -0.1258206 -0.3320039 -0.4851412 0.1171080 0.0485159 -0.5816716 -0.0535776 -0.0295713 0.0358734 0.0487373 0.3458341 -0.1248447 -0.4102956 0.2005761 0.2240171 0.3070148 -0.2020813 0.1453585 -0.3013327 0.1741249 0.4511663 0.5334486 -0.4883460 0.1706510 0.2362479 -0.2374002 -0.2909149 0.1735213 -0.1215777 -0.2982899 -0.1207445 0.0827824 -0.2339078 0.1192966 -0.2582542 -0.3827319 -0.3171754 -0.1478611 0.2339763 -0.0446290 -0.3174038 0.2115383 -0.0173276 0.3684809 0.1698005 -0.1097441 -0.0675989 -0.0498532 -0.0890296 -0.1332626 0.3013526 -0.1163908 0.1076645 0.0999182 0.2459002 -0.0327608 -0.0209304 -0.1289252 -0.0180454 0.0625659 0.5919764 0.6281573 -0.2144936 -0.3080026 0.2189982 0.2510038 0.4426142 0.4396722 0.3011266 0.1786611 0.2039211 0.1592820 0.3499676 0.4912074 0.2042087 0.5128248 0.7568728 0.7248801 0.1601483 0.7186682 0.5977166 0.1942764 0.3244734 0.4656427 0.1319222 0.2794246 0.3670729 0.2015763 0.2999710 0.0567501 -0.0213722 -0.0496061 -0.4080137 0.2031488 0.0921717 -0.2825285 0.4021503 0.1621254 -0.0289056 0.4205552 -0.3269055 0.1380632 0.3750545 -0.0519118 0.1155926 -0.0049548
0.4467914 0.5404526 0.4773551 0.8843240 0.2278870 0.5826379 0.0474162 0.9240608 0.4075760 0.7799388 0.0000000 0.4173022 0.4709735 0.2089750 0.4267821 0.8843704 0.8806312 0.1761421 0.7895131 0.0947292 0.5114954 0.4934727 0.8796070 -0.4985184 0.6763740 0.8440067 0.8403869 -0.1743336 -0.3510784 0.3445453 0.4836794 0.6972788 -0.6116897 -0.7148104 0.8210247 0.5004500 0.8190674 0.6203090 0.4207802 0.7347108 0.6684079 0.5246712 0.6417648 -0.2024283 -0.5444957 0.6433154 0.6505769 0.3242915 -0.7402476 0.5936047 0.7043895 0.6389232 -0.7289273 0.6082449 0.3103482 0.5493837 0.7401564 -0.0042928 0.6524258 0.7609635 0.6318877 0.7035864 0.1098875 0.5589499 -0.6080890 0.7159301 0.7751585 0.7025578 0.4833835 0.7757283 0.8364740 0.8041087 0.7948170 0.8813389 0.7799530 0.8062919 0.9368484 0.7801581 0.8875691 0.9272181 0.7428991 -0.4417785 -0.4273871 -0.3573378 -0.2894705 -0.1675619 -0.0408148 -0.1129347 -0.3590347 0.1077847 -0.2530665 -0.0058209 -0.4178202 0.1840798 -0.2920742 -0.2476821 0.1491040 -0.2451921 -0.2596455 0.4176130 0.4035027 -0.1116204 0.4341749 0.1592621 0.0697688 -0.2921900 -0.1901360 0.0597433 0.0879643 -0.2760954 -0.0786973 0.2521077 -0.1011333 -0.3229059 -0.5623810 0.1285128 0.0599505 -0.5648339 0.1491002 0.2513397 0.3316267 0.1481570 0.4963108 0.1213193 -0.4160098 0.5234696 0.1893227 0.5565956 0.0295439 0.1530804 -0.4236669 0.1339861 0.4507756 0.5431580 -0.1745881 0.3724286 0.0879946 -0.0215030 -0.1837229 0.5107030 0.0139635 -0.0125124 0.2386192 0.2249696 -0.3270782 0.3837146 -0.2287305 -0.4316406 -0.4465424 0.0878586 0.5772628 -0.0325111 -0.0490312 0.3375642 -0.1745290 0.3428814 -0.0513144 0.0079206 -0.2113529 0.0993524 -0.3475160 -0.0650276 0.0592314 -0.1617012 0.0296134 0.0763376 0.2698305 0.0576314 0.1387582 -0.2637217 -0.0896956 -0.0672803 0.7270808 0.7361321 0.2368677 -0.2012784 0.4559153 0.2528286 0.5417472 0.5840680 0.6253987 0.4982048 0.6102653 0.4962352 0.6884158 0.6730521 0.4488956 0.5635110 0.8825043 0.9106018 0.4283751 0.8686287 0.6501745 0.5069458 0.5497862 0.7287858 0.5725010 0.4938628 0.6078823 0.4833120 0.5006353 0.3037817 0.1024586 0.2768916 -0.3693739 0.5392265 0.2145372 -0.0500758 0.3970002 0.3838120 0.0220591 0.7308637 -0.1856625 0.5033397 0.5118626 0.0277927 0.4015648 0.1648444
0.1548119 0.4449501 0.5287108 0.4896154 0.3474867 0.5101707 0.5944005 0.4319685 0.6417751 0.1641846 0.4173022 0.0000000 0.3488032 0.2595700 0.7615046 0.0967866 0.1616469 0.6733709 -0.0328292 0.4594265 0.9419348 0.0938752 0.1468844 0.1677819 -0.1376681 0.0726570 0.4711429 0.1360865 0.3906786 0.2872174 0.4745111 -0.1071799 0.0354096 -0.0454341 0.1164364 0.8677399 0.0604211 -0.0008933 0.0208002 0.3515600 0.0359159 0.7582697 -0.0161794 0.2193096 0.0761369 0.0137091 -0.0832564 -0.0932038 0.0325691 0.2640658 -0.1195169 -0.1007097 -0.0148453 0.1539026 0.0193976 -0.0422706 0.0030469 0.0432141 0.3645368 -0.0206242 0.4050681 -0.1771368 -0.0360901 0.2581143 0.0222973 0.2685148 -0.0081331 -0.2574707 0.0741338 0.0192895 0.1355681 0.3392371 0.0417857 0.4726199 0.1353047 0.1358720 0.2742879 0.1622518 0.3287177 0.3425582 0.3454915 -0.2451712 -0.3025072 -0.2907300 0.0321553 -0.4226419 0.0806446 -0.1430622 -0.1776639 -0.1735306 0.0134466 0.0137482 -0.5487713 0.1497587 0.0807149 -0.1535842 -0.3450255 -0.4890423 -0.0015927 0.0076152 -0.1941187 -0.5078075 -0.3640117 -0.1361822 -0.4980383 0.0789092 -0.2406197 -0.3588490 -0.3553816 -0.0833621 -0.4951524 -0.0984364 -0.0782937 -0.0480766 -0.0348875 0.3233767 0.1527303 -0.0115574 0.3455415 0.0361140 0.1809428 0.4009690 -0.1183422 0.0778662 -0.1673770 0.2431678 0.3042115 0.1343940 -0.1041759 0.2063313 -0.0874408 -0.2589171 0.2132066 0.1723801 0.0873254 0.0138775 0.0343439 -0.0230213 0.0458438 0.2949807 -0.2409108 0.0692095 -0.0665092 -0.0733659 -0.1652088 0.1328288 -0.0787012 -0.2907170 -0.0942492 0.2494983 0.1362226 -0.1434798 0.1045037 -0.2934957 0.1729106 -0.1300584 -0.4782964 -0.0427104 -0.6433085 -0.2121920 -0.2506255 -0.0563530 -0.3879747 -0.2254653 -0.1240392 -0.0867438 -0.3228235 -0.3395537 -0.0584152 -0.0230030 -0.4089857 -0.2537415 0.5492562 0.5679727 0.4375386 0.2660555 0.7949711 0.5053686 0.8475812 0.6376923 0.3226525 0.3470145 0.4119603 0.3108927 0.3952674 0.1627038 0.1987011 0.1725217 0.3294388 0.3989782 0.0805591 0.2859521 0.2363430 -0.0280003 0.2377528 0.0676399 0.3922166 0.1893226 0.1881364 0.1718162 0.4345939 -0.2002830 0.1633567 0.4279095 0.3329056 0.6235843 0.0667546 0.3358327 0.6138698 -0.0989612 0.2803121 0.3939416 0.4147428 0.4209489 0.0808949 0.4994166 0.3955744 0.1155350
0.0796321 0.0241039 0.6236893 0.2991659 0.8188700 0.0667464 0.0194941 0.6974904 0.0167541 0.3026137 0.4709735 0.3488032 0.0000000 0.3236060 0.1810027 0.3529099 0.2976915 0.2352960 0.3869756 0.4418664 0.4310739 0.2083809 0.1981627 -0.2801724 0.2610159 0.3550386 0.2611280 0.1357534 -0.2923841 0.3253862 0.7464951 0.3515574 -0.3943499 -0.5284688 0.1632182 0.3900491 0.2451641 0.6079955 0.0663073 0.4047937 0.6822950 0.2826412 0.1183043 0.0218077 -0.4227315 0.3373722 0.0925231 0.7699475 -0.5038573 0.4009137 0.1638071 0.1277028 -0.5735892 0.2244858 0.8561222 0.4712922 0.3009935 -0.0779270 0.6689217 0.2753155 0.6390322 -0.0365482 0.6382722 0.1975086 -0.4087398 0.6016356 0.2057288 0.2252106 0.6623759 0.2597361 0.3358957 0.0892786 0.3732434 0.3356743 0.4880284 0.2731191 0.3901349 0.2781898 0.4506293 0.4687651 0.5079010 -0.6240258 -0.6148915 -0.6056671 -0.4897067 -0.4872986 -0.5782044 -0.6132264 -0.6825222 -0.5626823 -0.4552702 -0.3874077 -0.4413045 0.0827493 -0.5785327 -0.5364856 -0.1523611 -0.2374192 -0.7737686 0.3791865 -0.2353255 -0.2547153 -0.2110346 0.0322995 -0.2009696 -0.6128847 -0.4850762 -0.2650543 -0.1167307 -0.5989835 -0.4171903 -0.0180000 -0.4106857 -0.5909645 -0.5288000 -0.0379641 -0.1322315 -0.5014822 -0.0887649 0.3517829 0.2623299 -0.1576835 0.2081948 -0.0944976 -0.4587508 0.5340312 -0.2013313 0.3940117 0.1624070 -0.3305792 -0.4284977 0.0861175 0.0326158 -0.0360280 -0.1446050 0.3550906 -0.1685389 0.2005190 -0.1133839 0.5480542 0.0804491 0.1171069 0.0983133 0.5706664 -0.2814621 0.3160289 -0.1517470 -0.1914953 -0.0878084 0.1829034 0.3035661 0.3967150 0.1427028 0.1066913 0.0871914 0.6127097 -0.2222408 0.0319370 -0.1125747 0.2417046 -0.1752409 -0.2758588 0.1343893 -0.0445901 -0.1118608 0.3334403 0.2196326 -0.0339746 -0.0753982 -0.4294407 -0.0780231 -0.4246844 0.5372415 0.5635939 0.5650448 -0.0788888 0.4370656 0.1680383 0.4216433 0.6401022 0.6961458 0.6583126 0.6261015 0.6303991 0.6258733 0.7663836 0.7492075 0.6832716 0.4410521 0.4457923 0.5475020 0.4855503 0.4203449 0.2728868 0.5502076 0.3483868 0.4409634 0.1383448 0.7024025 0.6016248 0.1450748 0.2767069 -0.2025717 0.0449413 -0.3764201 0.4406219 0.5190192 0.0407919 0.3602250 0.4484966 -0.1312027 0.5802188 0.0164541 0.6667302 0.7985513 0.1658873 0.0941849 -0.0501186
-0.0397800 0.1166876 -0.0178431 0.0087945 0.2460006 0.2099372 -0.2964145 0.1376300 0.5146648 0.4638467 0.2089750 0.2595700 0.3236060 0.0000000 0.2867541 0.2989022 0.2055512 0.7740619 0.1163849 0.1931181 0.4014931 -0.0755210 0.2124970 0.2248018 0.0765406 0.2630124 0.1349412 0.7166594 0.1399599 0.8696805 0.3111054 0.0907010 0.1456464 -0.0136173 0.3130141 0.3677509 0.1683443 0.3361569 0.4889832 0.5188695 0.1525834 0.1646187 0.3662111 0.5496794 0.0485836 0.4165541 0.2976770 0.2482115 0.0376165 0.4177762 0.2404337 0.1327565 -0.0119092 0.4289030 0.5490357 0.4788741 0.2233825 0.5258202 -0.0577521 0.1638512 0.1458662 -0.0500573 0.3764166 0.7068179 0.1410352 0.3213085 0.1015175 0.2009039 0.4295142 0.4234549 0.0848877 0.0712874 0.0763086 0.2559337 0.2868846 0.2658645 0.2388583 -0.0202002 0.1243394 0.1771490 -0.0507019 -0.1070077 -0.1923656 -0.4206024 -0.4929680 -0.4433367 -0.3266303 -0.7188699 -0.5293186 -0.2223037 0.0042985 -0.1113568 -0.2416238 -0.4727166 -0.3934839 -0.3199616 0.0454263 0.0641754 -0.2756802 -0.0410098 -0.1899421 -0.0245340 -0.1867837 -0.2741071 0.0532724 -0.1610865 -0.2832418 -0.2582525 0.3816713 -0.3968537 0.1402565 0.1112393 0.3699534 0.1003304 0.1930394 0.2675509 0.2677655 0.0968948 0.1094697 0.3301440 0.4011753 0.3618389 0.2213391 -0.1494004 0.0997207 0.3167527 0.5056630 0.2052683 0.0540345 0.4767999 0.3846636 -0.1452144 0.4424417 0.3365151 -0.4411451 0.3396540 0.5856263 0.3231564 0.2335411 0.2952207 0.1422828 0.1554733 -0.2803404 0.3490312 0.2288198 0.3191270 0.2701397 0.0365432 -0.0894268 0.1734197 0.2410235 0.3145450 0.1573135 0.1409290 0.5601805 0.3556530 0.4744545 0.3347191 -0.0787363 0.3348850 0.3836959 0.2995304 0.1757847 0.4100510 0.5608288 0.5193174 0.3271938 -0.0264030 -0.0652990 0.4304823 0.3597682 0.1151144 0.2168532 0.4150942 -0.1147270 -0.1267938 0.1986498 0.3262942 0.4786123 0.6032139 0.1521569 0.2665779 0.0780187 0.2317350 -0.0468412 0.2476911 -0.0272544 0.2168158 0.1638456 0.1653642 0.2851652 0.1983285 0.0225394 -0.0101918 0.4339406 0.0977233 -0.1862830 -0.2944254 -0.0395495 0.3248477 -0.2029587 -0.2443523 0.3021611 -0.1419921 -0.2259593 -0.1298777 0.1598913 0.2187970 0.3325156 -0.2934303 0.5040768 0.3933031 -0.2147961 -0.0061165 0.1809943 0.3213986 0.1914198 -0.1092651
0.4710781 0.7507506 0.4857074 0.5237020 0.2600582 0.6839861 0.4836059 0.3903119 0.8255061 0.2760660 0.4267821 0.7615046 0.1810027 0.2867541 0.0000000 0.1406999 0.1744887 0.6690829 0.0426585 0.1380918 0.7299406 -0.0788321 0.2318229 0.3602842 -0.0719158 0.0984558 0.5922124 0.2095826 0.5722784 0.4013163 0.2394448 -0.0646768 0.1743384 0.1689401 0.1891810 0.5787861 0.1060563 0.0442878 0.0843475 0.5041566 -0.1617979 0.7386895 0.1160613 0.2156586 0.3544631 0.1545092 0.0461038 -0.2164103 0.1371911 0.3404335 -0.0104877 0.1053631 0.1511767 0.3380158 -0.0800303 0.0732122 0.0545310 0.3188848 0.3167758 0.0288331 0.3823590 0.0393817 0.1283967 0.5083146 0.2669004 0.3680494 0.0495518 -0.1764793 0.1124247 0.1054955 0.2622656 0.4280161 0.0796222 0.6545181 0.2548002 0.2443798 0.3739655 0.2912145 0.3515430 0.4254740 0.5148774 -0.2003054 -0.0247872 -0.0604556 0.1174753 -0.2247081 0.3026493 -0.1838128 0.1427129 -0.0126569 0.1267271 0.1573787 -0.5730102 0.0802653 0.2076723 0.0936689 -0.3023699 -0.2977367 0.0406111 -0.0605274 -0.1125142 -0.3466420 -0.0585506 -0.2275985 -0.5166223 0.2672228 0.0889162 -0.0604342 -0.2302365 0.2174517 -0.5109871 0.1167018 0.1617406 0.3189417 0.0827071 0.4853669 0.4042389 0.1411636 0.5638708 -0.0444056 0.1971276 0.5498130 -0.3133186 0.3093700 0.1292127 -0.0391472 0.3551672 -0.1442542 -0.0729612 0.2633584 0.0339754 -0.4998401 0.1834030 0.4445756 -0.0315377 -0.2081920 0.0342668 0.0037461 0.0205982 -0.0709403 -0.4313495 -0.1789142 -0.1685901 -0.2439855 -0.2229202 -0.0209851 -0.0730291 -0.3341951 -0.1217892 -0.0230493 0.0006770 -0.4478078 -0.0887427 -0.3830959 -0.0049104 -0.2903116 -0.1488318 -0.1898810 -0.4137602 -0.3463580 -0.3569009 -0.1238570 -0.2377606 -0.2205974 -0.1231791 -0.3120671 -0.4077994 -0.1606927 0.3852492 0.2134396 -0.3818935 0.2799410 0.5556354 0.5189212 0.4629963 0.1987575 0.5931248 0.4416090 0.6802142 0.3719727 -0.0027375 0.0242638 0.2175325 0.0738492 0.3510221 0.2759074 0.2503602 0.4335911 0.5013814 0.4142245 -0.1025855 0.4142964 0.4484212 -0.0253730 -0.0493364 0.1592075 0.3926392 0.5710813 0.3370902 0.0181057 0.4501190 -0.1272059 0.1563957 0.6861457 0.4106870 0.7624134 -0.0936754 0.2242173 0.2328653 0.0767787 0.2425330 0.3794864 0.4402446 0.4741320 0.0561128 0.2184977 0.5059401 0.2191624
0.2771583 0.3643861 0.2382105 0.7047290 0.0748268 0.4409042 -0.2015603 0.7846473 0.2215211 0.7772472 0.8843704 0.0967866 0.3529099 0.2989022 0.1406999 0.0000000 0.9444538 0.0442461 0.9191255 -0.1824785 0.2850644 0.4784214 0.9257126 -0.6445380 0.8724001 0.9675231 0.6654684 -0.1549280 -0.5896916 0.3716324 0.2874504 0.8409365 -0.6964020 -0.8049212 0.9012577 0.3034148 0.9059890 0.7785544 0.5461635 0.7223553 0.6806182 0.2850206 0.7937865 -0.2124680 -0.6352640 0.8288432 0.8677446 0.4177671 -0.7993597 0.7289734 0.9004050 0.7234697 -0.8025945 0.6143666 0.4050969 0.7441486 0.8893120 0.1594913 0.5220885 0.8951951 0.5627983 0.8193625 0.0620444 0.6321873 -0.6229480 0.7270037 0.8972049 0.8999349 0.6007476 0.9217825 0.8726514 0.6631639 0.8889536 0.6936860 0.8748751 0.8622708 0.9023497 0.7850871 0.8734093 0.8704973 0.6347248 -0.3354643 -0.3579863 -0.3860768 -0.5526330 -0.0892384 -0.1013524 -0.1697338 -0.4238933 0.1997758 -0.3024589 -0.0245177 -0.1449370 0.0623383 -0.4613662 -0.2510601 0.3377123 0.0684197 -0.2239544 0.4793434 0.6041202 0.2111235 0.5179433 0.2955673 0.3268136 -0.4352913 -0.1158519 0.1517647 0.3532064 -0.3684328 0.1997170 0.3452865 0.1046346 -0.2602095 -0.5628593 0.1572039 0.1395975 -0.5770665 0.1308148 0.3673459 0.4505597 0.1388686 0.6655593 0.0841323 -0.3781270 0.5359235 0.3155726 0.6691458 0.0054930 0.3049799 -0.3176348 0.3127382 0.5814307 0.6789676 -0.3939827 0.5785987 0.2806011 0.0407884 -0.1935138 0.5173506 0.2032693 -0.0042422 0.1512537 0.3820822 -0.2128287 0.5949042 -0.1566403 -0.3261333 -0.6519191 0.0541291 0.6732752 0.1202306 -0.1141575 0.6176397 -0.1218247 0.5588935 0.2058362 0.1650908 -0.1448249 0.2930048 -0.0907653 0.0773703 0.3755574 -0.0247146 0.2430495 0.3134017 0.6012210 0.0896875 -0.0020170 -0.2076233 0.2108308 -0.0799383 0.5581332 0.6515964 0.1018343 -0.3096445 0.2480761 0.1544443 0.3639609 0.5442447 0.6214355 0.4845413 0.5423255 0.4937473 0.5248428 0.6976108 0.3193504 0.4633275 0.7850412 0.7925930 0.5134763 0.8107058 0.5399225 0.5272921 0.6106136 0.7298027 0.3529892 0.3546303 0.5271024 0.5007149 0.2325672 0.4794912 0.3110276 0.1313499 -0.6838207 0.2488067 0.2308264 -0.0621284 0.2629555 0.4298145 0.1571605 0.7368457 -0.5545018 0.3923170 0.5822346 -0.0677032 0.4073642 0.2076282
0.4012463 0.4056920 0.3685336 0.7532200 0.0965134 0.5210985 -0.1350705 0.7812427 0.2368395 0.8211818 0.8806312 0.1616469 0.2976915 0.2055512 0.1744887 0.9444538 0.0000000 0.0207418 0.8686975 -0.1164210 0.3421060 0.4515843 0.9784400 -0.6135948 0.8575905 0.9516148 0.7535046 -0.1783730 -0.5461473 0.3558934 0.3209135 0.8504084 -0.6308747 -0.7809439 0.9522364 0.3433057 0.9364960 0.7322629 0.6000414 0.7695996 0.7176749 0.2547131 0.8649833 -0.1720983 -0.6723411 0.8009988 0.8928312 0.3846969 -0.7670023 0.7430386 0.9161903 0.8105729 -0.7736760 0.5967178 0.3180351 0.6962835 0.9082767 0.0906103 0.5062069 0.9248525 0.5224193 0.8741011 0.0411590 0.5859194 -0.6900781 0.7256964 0.9179997 0.8703592 0.4941317 0.9028980 0.9031238 0.6699997 0.9098432 0.7248562 0.8290562 0.9186214 0.9348235 0.8017676 0.9197264 0.9135859 0.6649743 -0.4052338 -0.3557190 -0.2562978 -0.4758169 -0.0453477 0.0250792 -0.0976375 -0.3170517 0.2242772 -0.2069308 0.1340498 -0.1237819 -0.0015475 -0.3056730 -0.0635852 0.4632804 -0.0158050 -0.1075284 0.3681376 0.5732603 0.1936905 0.5383220 0.1935882 0.3992176 -0.2952052 -0.1661341 0.1083172 0.2771172 -0.3559590 0.1903530 0.2476346 -0.0609484 -0.3682777 -0.6378421 0.1227913 0.0964441 -0.6224078 0.0464728 0.1809921 0.2546631 0.0827103 0.6133959 -0.0487456 -0.5338173 0.3796431 0.2803042 0.5941165 -0.1069664 0.1728617 -0.4408352 0.3211814 0.5809583 0.6644208 -0.3964760 0.4433333 0.1662114 -0.0883903 -0.3616798 0.4036754 0.0963160 -0.1762515 0.1326065 0.1924808 -0.3240176 0.4169010 -0.3469214 -0.5011049 -0.6009245 -0.0546718 0.5484930 -0.0692777 -0.3141331 0.4871916 -0.2332901 0.4349521 0.1207582 -0.0552248 -0.1584208 0.1485462 -0.1063385 -0.0691808 0.3444989 -0.1462572 0.1241003 0.1550517 0.4345968 -0.0006114 -0.0541937 -0.3229329 0.0511466 -0.1181650 0.5986329 0.6103188 -0.0010804 -0.3863850 0.2591876 0.1420592 0.4230893 0.5078687 0.5632168 0.3747638 0.4511140 0.3459492 0.5302264 0.6174386 0.2878025 0.4721377 0.8324145 0.8523112 0.3582558 0.8705212 0.6951081 0.4399892 0.4784711 0.6526809 0.3060248 0.4340967 0.5320038 0.3369448 0.3743925 0.4075838 0.2325609 0.1205398 -0.6139972 0.2850205 0.1587920 -0.0828237 0.3452744 0.4206412 0.0349511 0.6336840 -0.5237562 0.3160615 0.5417085 0.0056264 0.4287535 0.2841273
