0.0000000 0.6662847 0.6737079 0.4718557 0.5885197 0.3308569 0.0320720 0.6019264 -0.3045910 0.4619819 0.6795457 -0.0633023 0.2885356 -0.3228214 -0.2811133 0.1206865 -0.2975522 -0.4111463 0.4578325 -0.0821923 0.1491666 0.0061056 -0.1812905 -0.3735359 0.4016690 0.0618865 -0.3395849 -0.3166355 -0.1716116 -0.2783666 -0.1184596 0.1439532 -0.3638203 -0.1222851 -0.0388826 0.1344754 0.0406325 0.3324265 0.0833716 -0.0637873 -0.2701079 0.1960068 -0.1278657 -0.2320653 0.4943273 -0.1767991 -0.0626010 0.2504757 -0.0209024 0.1529867 0.0468151 -0.1970990 0.2229347 -0.1223506 0.0840985 -0.2243414 0.0458496 0.1888782 0.2929719 0.0277275 0.4088145 -0.1994101 -0.2061879 0.1031002 0.0641914 0.0334412 0.1815286 0.1769465 0.2713009 0.1209736 0.1170679 0.1409999 0.1604300 0.1951397 0.2955309 0.1527124 0.2387817 0.1127625 0.1408735 0.3650671 -0.1038576 0.4704071 0.5449544 0.5769856 0.5273274 0.5430067 0.6389173 0.3191916 0.4777088 0.0343450 0.1942852 0.3138326 0.1163675 0.4773161 0.3261712 0.0131924 0.2892515 0.1455938 0.0615069 0.2044957 0.2234012 0.3201476 0.4687229 0.3364481 0.1119267 0.0950254 0.3508930 0.3634855 -0.0112703 0.1064879 0.1696381 0.1724245 0.1855351 -0.0583144 0.0109294 0.0781909 -0.0326098 0.2101915 0.2608157 0.1755545 0.1460986 0.0757349 -0.2388484 0.3766640 0.4086525 -0.0232420 0.0929401 -0.0595434 0.1255820 0.3831576 0.2659923 0.2044651 0.1897573 0.5127983 0.3262586 0.2436025 0.2681834 0.1261354 0.2127736 0.0671539 0.2445342 0.1858973 0.4786060 0.1674235 0.2185211 0.1676758 0.1534697 0.0023995 0.1971494 0.2245992 0.1853678 0.1260269 0.2001421 0.1745372 0.3145948 0.1598504 0.3121936 -0.0242388 0.2355611 0.2359048 0.0518420 0.1841445 0.4177795 0.2281892 0.0716831 0.1892155 0.2957339 0.0792607 0.1505084 0.2662944 0.2130403 0.2996412 0.6881657 0.1313233 0.6025470 0.3555383 0.0049718 -0.0472483 0.0989031 0.1375738 0.2107349 0.1716614 0.2443452 0.2345051 0.4611359 0.4244763 0.5458091 0.2075584 0.3719168 0.4702463 0.1243452 0.0634698 -0.4688137 0.1315736 0.0050837 -0.0001056 -0.2410189 -0.4381935 0.1502323 0.0843019 -0.2818946 -0.4975825 -0.2121074 -0.3670386 -0.0877893 0.0491667 0.2028691 -0.1824050 -0.3717009 -0.3321748 -0.0873847 -0.3739554 -0.1408242 -0.1306133 -0.0054558 -0.1052694 -0.1708293 -0.0592475
0.6662847 0.0000000 0.6383049 0.7588529 0.6112166 0.7725589 0.2012457 0.5507530 0.0976121 0.4462125 0.6928531 0.3073991 0.2068807 -0.1488073 0.1800119 -0.0201909 -0.0743633 -0.1440563 0.0676970 0.2049333 0.4568668 -0.1223023 -0.1444906 -0.2986236 0.0319878 0.0487865 -0.0837713 -0.3201742 -0.0549368 -0.2553694 0.1058015 -0.0248571 -0.3723108 -0.1084114 -0.1570725 0.1983331 -0.0822326 -0.1587358 0.0337475 0.0219728 -0.0868621 0.3155596 -0.1208344 -0.1771461 0.6148143 -0.1272107 -0.1518800 -0.0147198 0.0807515 -0.2928827 -0.0075257 -0.0880388 0.4205636 0.2702153 -0.1247594 -0.1946725 0.1657223 0.3459754 0.2985410 0.1453732 0.4409155 -0.0787551 0.1080730 0.3057208 0.3110641 0.3247140 0.1849734 0.2420714 0.2845622 0.3337138 0.4018498 0.1804546 0.2352700 0.3678781 0.5739169 0.3014530 0.2902763 0.5668805 0.4516567 0.5326639 0.4801339 0.3275944 0.3503646 0.3877746 0.4854404 0.4491213 0.4941891 0.2326157 0.4609033 -0.0255370 -0.1219848 0.3632783 0.1079871 0.2110686 0.1686029 -0.2451382 0.3817919 -0.0713299 0.0565721 0.0973079 0.0729273 0.1151267 0.3261567 0.1933692 0.1588918 -0.1207922 0.2283684 0.3717625 -0.0464115 0.2273894 -0.0022921 -0.0134535 0.0626303 0.2359750 0.3235697 0.1724288 0.1989081 0.3461678 0.2499864 0.0676030 0.0809798 0.1541404 -0.2541806 0.0937899 0.2597134 -0.2752880 0.0850349 0.3920843 0.0771653 0.3221112 0.3001949 0.4303529 0.1781420 0.2792626 0.4662464 0.4395305 0.2098436 0.2228891 0.1413693 -0.0556437 0.2841282 0.2091853 0.5517438 0.0219859 0.1231720 0.3066540 0.2895248 0.2697211 0.2893326 0.6075880 0.3994019 -0.1521800 0.5749790 0.2111617 0.4375199 -0.0427777 0.5442850 0.2284994 0.5263700 0.4453218 0.3226488 0.5091357 0.3152844 0.5501117 0.4007275 -0.0525082 0.2675595 0.1347017 0.4197825 0.4830391 0.2793779 0.4741266 0.6485232 0.3214797 0.5420179 0.3311473 0.2786217 -0.0232478 0.2968316 0.1740263 0.0837243 0.1185605 0.2753277 0.2250659 0.4505384 0.4164135 0.4542890 0.4737777 0.2009798 0.3226320 -0.1209899 0.3675965 -0.0619092 -0.0358511 -0.0688498 -0.0258456 -0.3436706 0.0024683 0.3935270 -0.1843966 0.1432034 -0.2750997 -0.2231870 -0.6837219 0.0576376 0.5372582 0.0517855 -0.5096924 -0.0261316 -0.2874312 -0.1621953 -0.6273455 0.2301185 -0.2663369 -0.0256196 -0.3314108 -0.1340045 -0.1945527
0.6737079 0.6383049 0.0000000 0.5674646 0.8436482 0.3252475 0.2360121 0.7829286 -0.2428455 0.7189472 0.7045697 -0.0158296 0.4468831 -0.4326568 -0.2114366 0.3681377 -0.2691313 -0.5957540 0.4036834 0.0297861 0.3760584 0.1446556 0.0797936 -0.4237471 0.5071767 0.4260025 -0.0907122 -0.4486083 -0.2858985 -0.2136815 0.1875210 0.1147765 -0.3873930 -0.2070791 0.3575982 0.4630360 0.2338659 0.4897525 0.1767858 -0.0697559 -0.1611297 0.4440342 0.1210106 -0.3502147 0.6917967 -0.1095568 0.2689809 0.5024161 0.1033953 0.3803818 0.4215785 0.1869258 0.3886768 0.2486215 0.3826596 -0.1322664 0.1919928 0.5303488 0.5687070 0.4516533 0.7757101 0.2333214 -0.2675247 0.4179173 0.3630369 0.0900968 0.5376874 0.5673803 0.1649795 0.5300056 0.4277421 0.3346874 0.5765371 0.3529679 0.4185361 0.5682851 0.4217589 0.2653108 0.5390809 0.6301762 0.1150670 0.1764352 0.3221260 0.5938634 0.4236722 0.6132368 0.6964173 0.1882870 0.5812041 -0.2458310 0.3392525 0.4708580 0.1423472 0.3816714 0.2650394 0.1419260 0.4831146 0.1886356 -0.1589426 0.1387283 0.0171493 0.3786830 0.4081102 0.3482190 0.4056488 0.1860410 0.3400199 0.3089759 0.1467364 -0.0204389 0.1444216 0.1428408 0.2251176 -0.1108287 0.1445805 -0.1244064 -0.2482950 0.0236834 0.1550887 0.0910733 -0.0766076 -0.0823902 -0.3870631 0.0558294 0.2988120 0.1179968 -0.2259910 0.2900976 0.3208518 0.2033344 0.3166041 0.5431534 0.0003550 0.2319892 0.6720726 0.4936650 0.3360973 0.5526777 0.4278485 0.3096363 0.4841628 0.3666164 0.6364804 0.2663167 0.4251451 0.3544771 0.4608099 0.4843806 0.4607796 0.5012848 0.3027400 0.4474904 0.4475825 0.4240244 0.2445433 0.4665605 0.5737836 0.4931403 0.5296280 0.2530822 0.2568993 0.3546439 0.2241918 0.3531221 0.3426442 0.3601263 0.3470793 0.3001574 0.3246112 0.3171361 0.4503610 0.5236786 0.5164707 -0.0056764 0.5530368 0.3861548 0.2785453 -0.2527144 0.5045613 0.4824575 0.1164413 0.4541616 0.5727859 0.4853158 0.6932428 0.8139632 0.7442566 -0.1623685 0.3840765 0.7036439 0.1433346 0.2768227 -0.2595701 0.2355498 0.2347952 0.0730146 -0.3871629 -0.2369718 0.4298477 0.1830542 0.1031015 -0.4650919 -0.3969025 -0.3496531 0.1846620 0.4850329 0.5146191 -0.0376939 0.1608894 -0.1834334 -0.0278035 -0.1410337 0.0838362 0.1676928 0.3018408 0.0572199 0.0493610 -0.1472518
0.4718557 0.7588529 0.5674646 0.0000000 0.6897555 0.8521646 0.2549776 0.8000154 0.1964155 0.4212210 0.7199213 0.5010863 0.4348045 0.0478189 0.2887219 0.3532517 0.2425110 0.0467956 0.2204258 0.4411051 0.5794532 0.1060248 0.1511359 -0.0590943 0.0488672 0.3324281 0.2074843 -0.3124426 -0.0036558 -0.1686671 0.2149719 0.0013275 -0.2914448 -0.1256473 0.0125997 0.2560055 0.1063096 -0.1611715 -0.0344038 -0.1473758 0.0845421 0.2147191 0.0596821 -0.2026287 0.5081937 -0.1037282 0.0035419 0.0559088 0.0758671 -0.2208412 0.0546530 0.0262348 0.4752763 0.4116495 0.1844700 -0.0793026 0.2994598 0.5005285 0.2479968 0.2981966 0.5294215 0.0817136 0.2969771 0.3631155 0.4950931 0.3563300 0.2676649 0.3250317 0.3547826 0.3771522 0.3940918 0.4218107 0.4199572 0.5939028 0.4129087 0.3980855 0.5112021 0.4393828 0.4847343 0.5663082 0.3695698 0.4175433 0.1327233 0.1171499 0.1767330 0.2830351 0.3607658 0.1501322 0.3327601 0.0923812 0.0399189 0.4290300 0.4147354 0.1533295 0.0622134 -0.1478441 0.3990327 0.0940330 0.2130966 0.1504978 0.1942973 0.2153316 0.2863630 0.1321327 0.2227347 0.0829153 0.2146272 0.3315752 0.1617597 -0.0231305 0.2303972 0.1206670 0.0818941 0.2552269 0.2445541 0.2916358 0.1394269 0.2528118 0.4199799 0.1830211 0.1564653 0.2441187 -0.4125988 0.2071515 0.2752202 0.0038461 0.2410174 0.5789103 0.2236271 0.3829131 0.3457640 0.4769426 0.2561411 0.1974840 0.4977940 0.6768015 0.4280769 0.1661058 0.4011869 0.0185772 0.3974698 0.2219969 0.6009762 0.1485549 0.2684222 0.5814074 0.4696638 0.5626544 0.4382376 0.5953509 0.4146423 0.0726751 0.4310669 0.3714401 0.3637841 0.0951111 0.4302557 0.3106723 0.4578794 0.3260183 0.4245976 0.4104752 0.2391360 0.1664645 0.3649385 0.0016128 0.2643403 0.0909112 0.2189626 0.3061171 0.2489523 0.3771631 0.7324522 0.4902607 0.5130785 0.5275537 0.4907920 -0.3986683 0.3679115 0.0769429 -0.2181449 0.0272122 0.2012177 0.1250423 0.4231280 0.5359088 0.4858877 0.0024180 0.5043353 0.4914452 0.0899928 0.5455764 -0.0072019 0.1434586 0.2078920 0.1375810 -0.2359748 -0.0387969 0.4422247 -0.0430503 0.1337863 -0.2593221 -0.3925901 -0.4347372 0.2242455 0.4282990 0.4238543 -0.1916473 0.1538242 -0.1930257 -0.0012257 -0.3944407 0.3611758 0.0376022 0.4326865 0.0203198 0.1202696 -0.3313860
0.5885197 0.6112166 0.8436482 0.6897555 0.0000000 0.4977167 0.2092915 0.7803430 -0.1069461 0.6873671 0.6953905 0.0542515 0.5768271 -0.2343194 -0.1033702 0.3310149 -0.1512801 -0.4328446 0.3488997 0.3126308 0.3196983 0.1119211 0.1388709 -0.3360538 0.2644755 0.2918198 0.1178494 -0.4569427 -0.2712680 -0.1160310 0.2629383 -0.0164999 -0.3818528 -0.2947290 0.2455681 0.2285152 0.0950719 0.3243802 0.2326577 -0.0730283 0.0344274 0.2815519 0.1710490 -0.2810974 0.5979071 -0.0915886 0.2029202 0.3575804 0.0245432 0.2658804 0.3325673 0.2077112 0.2572601 0.2514122 0.3883679 -0.1092724 0.1486884 0.5293830 0.5681881 0.3669410 0.6840070 0.2246864 -0.1704504 0.2606415 0.2790601 0.1640562 0.5123443 0.5321739 0.2413795 0.4007911 0.4152552 0.2155651 0.5065425 0.3224692 0.4996614 0.3975394 0.2929003 0.2927078 0.3471245 0.4719607 0.1263973 0.2184497 0.1821773 0.3551392 0.1448864 0.4331895 0.5328605 0.0549419 0.4765410 -0.2030760 0.2064837 0.3200653 0.1082880 0.2092899 0.3168031 0.1640218 0.3226254 0.0910872 -0.1064244 0.0875080 -0.0280827 0.3219239 0.3259053 0.2289984 0.2912208 0.2407842 0.2933416 0.2325918 0.1740197 -0.2423048 0.1435420 0.1776385 0.2349143 -0.1798019 0.0099589 -0.1132864 -0.3042306 -0.1186339 0.1768844 -0.0158879 -0.1803303 -0.2267549 -0.2418185 0.0068725 0.3119560 0.1796786 -0.1703003 0.4203976 0.3998869 0.1592590 0.4067903 0.4702289 -0.0066963 0.0983640 0.6026569 0.4098967 0.3834241 0.3738283 0.4959301 0.2014177 0.2862430 0.2580412 0.5796272 0.2593804 0.4211195 0.3417115 0.4312598 0.3811650 0.2870664 0.2996870 0.2649769 0.3531640 0.2664989 0.2829952 0.1569280 0.3091198 0.2977129 0.3139699 0.3373641 0.2445744 0.1240914 0.1970241 0.1052424 0.1553371 0.1508737 0.0956896 0.1328865 -0.0203251 0.0128803 0.0975565 0.1922857 0.2654045 0.4547860 0.0857270 0.4913080 0.4247301 0.2074858 -0.3198803 0.3592565 0.2841411 -0.0249201 0.1884559 0.3387320 0.2133008 0.6170591 0.7235857 0.6792330 -0.2066131 0.4481995 0.5320458 0.0968522 0.2148184 -0.2308596 0.1331121 0.2412981 0.0481877 -0.4083094 -0.1172137 0.4377904 0.1843093 0.2858146 -0.2871692 -0.2082476 -0.2723541 0.1894005 0.3510454 0.5878247 -0.0112328 0.3469681 -0.0038683 0.1431839 -0.1994665 0.2324062 0.3838346 0.3801496 0.1995875 0.2435601 -0.1619214
0.3308569 0.7725589 0.3252475 0.8521646 0.4977167 0.0000000 0.2438206 0.5109986 0.3695490 0.2752157 0.6021809 0.5939707 0.3038652 0.1550771 0.5448229 0.1283985 0.2742071 0.2401013 0.0500917 0.6070065 0.4768584 0.0001824 0.1758064 -0.0386588 -0.2679385 0.0882824 0.3137236 -0.2324662 0.0721276 -0.0655038 0.2740082 -0.0992499 -0.2934268 -0.1095792 -0.1446114 -0.0554229 -0.1486954 -0.4038735 -0.0788200 -0.0902606 0.2137459 0.0509663 0.0495382 -0.1122800 0.3620935 -0.0436542 -0.0953670 -0.1231257 0.0560493 -0.5303477 -0.0321977 -0.0408262 0.4227749 0.3445215 -0.0337225 -0.0867536 0.2542041 0.4070241 0.1194854 0.2189400 0.2850899 -0.0033655 0.3992792 0.2862989 0.3806737 0.4898589 0.1701569 0.2377767 0.2750210 0.3223419 0.4556323 0.2831873 0.2902583 0.4433016 0.5947458 0.2882949 0.2857659 0.6067755 0.3936396 0.4187025 0.5280322 0.1771010 -0.0690092 -0.1587811 -0.0363951 0.0501998 0.0561240 -0.1043379 0.0863654 -0.1300604 -0.2828818 0.2095222 0.1716314 -0.1868752 -0.1222216 -0.2411134 0.2058236 -0.1515063 0.0491860 -0.1917741 -0.1191848 -0.0503275 0.0065095 -0.1529061 0.0057224 -0.0596423 -0.0469358 0.0348143 -0.1625049 -0.0545510 -0.1255665 -0.2059701 -0.2419738 0.1129842 0.1296328 0.1409324 0.1443791 0.1659342 0.1760249 -0.1371205 -0.0964200 0.0529275 -0.3102405 -0.1199292 0.0596870 -0.3449976 0.0846326 0.4153462 -0.0260766 0.1166494 0.1363615 0.2832203 -0.0358907 0.0411119 0.2793655 0.4155010 0.1406104 -0.0714986 0.0312035 -0.3467185 0.2281189 -0.0564811 0.4295601 -0.1240252 -0.0112419 0.3279583 0.1404586 0.2633414 0.2419848 0.4206980 0.2177902 -0.3596665 0.2804975 0.2097850 0.3101615 -0.3128660 0.3209917 0.0413699 0.3207604 0.1999179 0.2549431 0.2712953 -0.0188312 0.1308559 0.2415358 -0.3795167 0.1048607 -0.0809819 0.0884974 0.1780398 0.1325881 0.2504465 0.5068046 0.4657591 0.2900242 0.3087047 0.3497316 -0.1597347 0.0854957 -0.2384559 -0.4035474 -0.2974436 -0.0679855 -0.1454790 0.2820889 0.2901992 0.3338092 0.2088881 0.2981634 0.1739497 -0.3009100 0.4624837 0.1468836 -0.2181667 -0.1427118 -0.1190327 -0.2554622 0.1286052 0.3431806 -0.3397162 0.2466014 0.0086241 -0.0488402 -0.4442397 0.2465986 0.4819630 0.0521042 -0.4165421 0.0726082 -0.1340422 -0.0730895 -0.6399374 0.3759624 -0.1259794 0.0564545 -0.1763727 0.1320361 -0.2130346
0.0320720 0.2012457 0.2360121 0.2549776 0.2092915 0.2438206 0.0000000 0.2946039 0.0633350 0.5536768 0.2324888 0.4428295 -0.3524058 -0.1642854 0.3331758 0.0861406 -0.3243032 0.0474567 -0.1305446 -0.0793340 0.5673604 -0.4354647 -0.4766474 -0.0465170 -0.4229385 -0.0110532 -0.3300198 -0.2294862 0.0162946 -0.0838530 -0.3336667 -0.6615788 -0.2358765 -0.0047757 -0.3124444 0.3918832 -0.4660715 -0.1935740 -0.5250931 -0.1761522 -0.5244490 0.3444927 -0.5848724 -0.2778583 0.4139040 -0.6919340 -0.3420085 -0.3571059 0.1340871 -0.1481581 -0.2671236 -0.5154888 0.4385929 -0.0865569 -0.1767414 -0.6842334 -0.3906806 0.3195582 0.4523475 -0.1847368 0.4279415 -0.4293817 -0.2614556 0.3571797 0.3328547 -0.1152078 -0.2013728 0.1484447 -0.2725690 0.3569300 0.1127661 0.4141009 0.2668015 0.4449997 0.0218453 0.4070190 0.4344074 0.1000092 0.2397805 0.5175133 -0.1032183 0.2164763 -0.0115279 0.0149199 0.2074796 0.3682614 0.3316701 0.2017262 0.2252477 0.0053888 -0.1077182 0.4407188 0.3019091 0.3327283 0.2549129 0.6875460 0.5924620 0.4282371 0.2362356 0.0449963 0.2098125 0.3796255 0.3446018 0.3209106 0.4596697 0.6977559 0.2248229 0.1434804 0.1587924 0.2041621 0.3820948 0.1142383 0.0657302 0.3824682 0.5888650 0.2604233 0.2759590 0.2047732 0.1597396 0.1023432 -0.1404863 -0.0231794 -0.0218489 -0.2622976 0.2732865 0.1242455 0.0302244 0.2225990 0.3007176 -0.0940890 0.0299747 -0.0096977 -0.1087578 -0.3633474 0.1100323 0.3381485 -0.1199063 0.1857709 -0.1133766 0.1488605 0.4461562 0.1911190 0.3620655 0.1198718 0.0172229 0.5022669 -0.1590106 0.0304676 0.4942267 0.3529578 0.3616543 0.1463936 0.2513529 0.6135127 -0.1477967 0.1878571 0.5777895 0.4301294 0.5956266 0.5403183 0.2829366 0.5762440 0.0461499 0.4961492 0.4247107 0.2572754 0.6522542 0.4224997 0.4480086 0.5395440 0.5735943 0.5953438 0.3070308 0.4873249 0.6521870 0.5495009 0.6447701 0.2370606 0.6102606 0.5255060 -0.0258171 0.4696689 0.3449775 0.4274385 0.5720751 0.3582521 0.2946405 -0.0863712 0.2891275 0.4498866 0.1745199 0.7048598 0.3694638 0.3498089 0.3166412 0.3146515 0.0836270 0.2356841 0.5080595 0.1978392 -0.1339234 -0.2720829 -0.3953076 -0.4294649 -0.2129206 0.1326552 0.1243098 -0.4666015 -0.0941765 0.2400766 -0.3188222 -0.0200330 -0.4073418 0.0310454 0.2170826 -0.1766688 0.0833908 -0.5418430
0.6019264 0.5507530 0.7829286 0.8000154 0.7803430 0.5109986 0.2946039 0.0000000 -0.1864120 0.6244611 0.8461858 0.1432320 0.6071607 -0.3341054 -0.1300689 0.6635654 0.0666800 -0.3527824 0.6247948 0.2435077 0.4224270 0.3161982 0.2052810 -0.3431034 0.4700240 0.6325195 0.0141655 -0.5544453 -0.3079484 -0.3352547 0.3005720 0.1475554 -0.4617980 -0.2889124 0.3325230 0.3797178 0.3654575 0.3547602 -0.1171473 -0.3509498 0.0043883 0.2662039 0.0995110 -0.5038970 0.5664799 -0.0574978 0.2754706 0.4438296 -0.0673133 0.2592611 0.3171358 0.0352958 0.4197064 0.1676207 0.4902078 -0.0178943 0.3845340 0.4977120 0.4033647 0.4688289 0.7204631 0.1473161 0.1028271 0.4258838 0.4443799 0.3400536 0.4618555 0.4507885 0.4071697 0.4847286 0.5088342 0.5537209 0.5566583 0.5980057 0.3684914 0.5256274 0.6223162 0.2997024 0.4668857 0.6047168 0.0855454 0.3586901 0.2472750 0.3731707 0.3168673 0.3689450 0.4745094 0.3099732 0.4100331 0.0002031 0.2602837 0.4250117 0.3945382 0.4107953 0.1053822 0.0827960 0.4636223 0.2016495 0.0286870 0.2053702 0.1991635 0.3477211 0.3482427 0.3437039 0.3133381 0.2221281 0.3164043 0.3261964 0.2374290 -0.0349835 0.2932048 0.2671165 0.2329125 0.0655439 0.1448757 0.0716455 -0.1772808 0.0449855 0.3093355 0.1800177 -0.0340465 -0.0179600 -0.5828340 0.2001752 0.2758283 0.2559097 -0.0615049 0.2263954 0.3658100 0.1686624 0.1659911 0.2961184 0.0119771 0.1229208 0.4189367 0.4982647 0.3638416 0.3256852 0.4038361 0.3046033 0.3643631 0.3686941 0.5085137 0.3370938 0.4190909 0.4122562 0.4303429 0.4982700 0.3971853 0.4657991 0.2719146 0.4396301 0.2869113 0.3653596 0.0727804 0.3573221 0.3476163 0.4014889 0.3770412 0.2297625 0.1879866 0.3111221 0.0876545 0.0798811 0.2237757 0.2835982 0.2732089 0.1707861 0.1680446 0.2284830 0.3617394 0.4041448 0.6752964 0.3118815 0.5376784 0.5504345 0.4679828 -0.3966125 0.5401545 0.3054487 -0.1129663 0.3252704 0.4021880 0.3533511 0.6561744 0.7319644 0.7140483 -0.2403705 0.6556142 0.7751790 0.2799404 0.4975320 -0.0836511 0.3724724 0.4256858 0.2958415 -0.2226901 -0.1871344 0.5232775 0.1908428 0.1109763 -0.3755669 -0.4603232 -0.2274036 0.1632088 0.2873054 0.6375994 0.0816281 0.1774190 -0.0196072 0.0368083 -0.0562154 0.1582955 0.3014414 0.5848396 0.1425785 0.1060438 -0.2800240
-0.3045910 0.0976121 -0.2428455 0.1964155 -0.1069461 0.3695490 0.0633350 -0.1864120 0.0000000 -0.4743018 -0.3527006 0.7906263 -0.3485385 0.6474002 0.8542094 -0.1193508 0.4766515 0.8229250 -0.4367528 0.5366896 0.4003170 -0.4438584 0.1242116 0.7439961 -0.5405304 -0.2930358 0.4932096 0.6472610 0.6733134 0.6208092 0.0640624 -0.3591081 0.6190647 0.5447080 -0.1384628 0.0038262 -0.2849065 -0.7283003 0.0979602 0.3188717 0.1408345 0.0290332 0.2188993 0.5953246 -0.2227704 0.1114842 -0.0505660 -0.5431555 0.3325854 -0.6859672 -0.1225148 0.1935239 0.3527625 0.3071107 -0.3903622 0.0592077 0.0231844 -0.0351730 0.0346701 0.0052380 -0.0895199 0.1852355 0.1650862 0.0775254 0.4506097 0.0643335 -0.0741434 -0.2791142 -0.0256136 -0.1171210 -0.0862701 0.1441586 -0.0798090 0.2966156 -0.0997387 -0.1125196 0.1032813 0.1584480 0.1014764 0.1248356 0.4233520 -0.1907973 -0.6478124 -0.7007709 -0.3660946 -0.5141857 -0.2671084 -0.2081562 -0.4485804 -0.0208512 -0.3570444 -0.2654212 -0.2341862 -0.4369931 -0.0850981 -0.1916183 -0.3255888 -0.4922045 0.0496613 -0.0937784 -0.1960855 -0.6183910 -0.5907942 -0.3341175 -0.4966446 -0.1824349 -0.6417987 -0.5486297 -0.4066084 -0.4701389 -0.3346214 -0.5380089 -0.6285477 0.0067722 -0.1566934 -0.0986170 0.1130917 -0.1840764 -0.3210882 -0.4591057 -0.1720818 -0.0332578 -0.0802419 -0.3473951 -0.3737353 -0.4806916 0.0548069 0.3663790 -0.5281607 -0.0240391 -0.2054783 0.3638604 0.0541960 -0.1400829 0.2359490 0.0628900 -0.3079583 -0.5493759 -0.3461444 -0.6660625 0.1455492 -0.6651804 0.1338304 -0.6303077 -0.5863343 0.2262769 -0.2991728 0.0294364 0.1270075 -0.0424771 -0.3936656 -0.5630681 -0.1850460 0.1717752 0.2026582 -0.4617891 0.1801908 -0.2212802 0.0628100 -0.3394161 0.2338396 -0.2497313 -0.2186505 -0.0482976 -0.0641323 -0.5016826 -0.0375984 -0.0815658 -0.1405128 -0.3211605 -0.1055314 -0.0735799 -0.0025700 0.3967323 0.0142742 0.1783070 0.3170603 -0.2970906 -0.2214132 -0.3673519 -0.5285416 -0.4102187 -0.1445847 -0.1482647 -0.0798555 -0.1629958 -0.2662404 -0.0316387 0.0999181 -0.3230995 -0.5600213 0.2765271 0.1372862 -0.6163644 -0.5198075 -0.6098907 -0.3676829 0.0303630 -0.2012751 -0.6356607 0.2914658 0.4083392 0.2842271 0.1336440 0.2701166 0.1869590 -0.3570927 0.0789340 0.1594988 -0.2584958 0.0724753 -0.3162442 0.3326823 -0.0675928 -0.1384016 0.3597426 0.5905431 0.3433334
0.4619819 0.4462125 0.7189472 0.4212210 0.6873671 0.2752157 0.5536768 0.6244611 -0.4743018 0.0000000 0.6968769 -0.1395462 0.3265310 -0.5615767 -0.2530060 0.1632763 -0.5669232 -0.6044206 0.2953842 -0.2087464 0.2015550 -0.0039139 -0.2010109 -0.5930167 0.2202344 0.2059378 -0.3100407 -0.7207393 -0.5082503 -0.4652320 -0.0391106 -0.0793467 -0.6347788 -0.4498556 0.0224112 0.3219722 -0.0968623 0.4207646 -0.1980780 -0.2463277 -0.2584670 0.3488108 -0.2817341 -0.5934509 0.6500903 -0.4819868 -0.0864006 0.3155171 -0.0572802 0.3954972 0.1061303 -0.2005772 0.1737285 0.0033982 0.3770024 -0.4741289 -0.1439031 0.4993317 0.5872306 0.0915014 0.6443117 -0.2185974 -0.2874003 0.2745257 0.0777647 0.1163711 0.1778528 0.4743707 0.0516788 0.4221570 0.4103980 0.1555220 0.4006684 0.1693689 0.4785676 0.4649027 0.2495577 0.1929363 0.2879467 0.4196216 -0.0673378 0.1302728 0.2660493 0.5294567 0.2829112 0.6892559 0.5668211 0.0962865 0.6519835 -0.2015163 0.0945424 0.4335633 0.2153865 0.3894729 0.1187688 0.4362896 0.6028285 0.4351370 -0.1946803 0.0307345 0.0557272 0.6553488 0.5761846 0.3409678 0.5945271 0.4916650 0.5706987 0.3925194 0.3936872 0.1114293 0.2751960 0.3670610 0.3950762 -0.0242789 0.3525651 -0.0089415 -0.1360494 0.1536216 0.3152124 0.2937361 -0.0291554 -0.1278029 -0.0551597 0.0545084 0.6271238 0.3628488 -0.1541234 0.2102686 0.6667524 0.1039742 0.4914713 0.1374266 -0.1146440 0.0589647 0.2909147 0.4264487 0.4085861 0.6669456 0.4663062 0.4913419 0.3198103 0.5415257 0.3928616 0.5074021 0.5934330 0.3233228 0.3772666 0.2741018 0.3310742 0.3686042 0.5528056 0.4826346 0.4190274 0.3455635 -0.0955990 0.4107037 0.3780034 0.4946860 0.4325066 0.4978891 0.0870704 0.5070307 0.2237525 0.3554932 0.3515619 0.3160804 0.3637349 0.1990484 0.3010739 0.4694801 0.3896046 0.4626791 0.3441887 -0.0119414 0.5763382 0.3265236 0.1704508 0.1564648 0.5194207 0.5813807 0.2271816 0.5110190 0.4783600 0.3993414 0.6586153 0.6730920 0.6395006 -0.0630751 0.1952411 0.5567594 0.3614607 0.3456555 0.1026324 0.5050386 0.4989406 0.4629308 0.0712164 0.2279832 0.6020178 0.5450592 -0.0229884 -0.5104721 -0.3577767 -0.4801036 -0.0065207 0.3612033 0.5411385 -0.3622642 0.1415360 0.2023957 -0.0534396 0.0675400 -0.1709543 0.2414689 0.2930127 -0.2596759 -0.2553712 -0.5696988
0.6795457 0.6928531 0.7045697 0.7199213 0.6953905 0.6021809 0.2324888 0.8461858 -0.3527006 0.6968769 0.0000000 -0.0170910 0.5511164 -0.5037756 -0.2107513 0.4614214 -0.0794350 -0.4949766 0.5636390 0.1053292 0.2681870 0.2665832 0.0826532 -0.5960435 0.3738084 0.4900012 -0.1800609 -0.7126971 -0.4394591 -0.5793427 0.2640367 0.2097367 -0.6736627 -0.4160318 0.1514200 0.1359906 0.2707761 0.2755090 -0.1656896 -0.3014911 0.0045346 0.1494389 -0.0455670 -0.5717187 0.5949233 -0.0529156 0.0727593 0.3927762 -0.1588010 0.1151777 0.2040522 -0.1001236 0.3155644 0.1177282 0.3260188 -0.0681170 0.3482618 0.4375055 0.2696466 0.3628537 0.5490990 -0.0112442 0.1991463 0.3281132 0.1853702 0.4432751 0.3724240 0.4223437 0.4644879 0.4510452 0.5977569 0.3739944 0.4275578 0.3966962 0.5959603 0.4377422 0.4477033 0.4792159 0.3921213 0.5065290 0.2042113 0.3378470 0.3999535 0.5142976 0.4063433 0.4033478 0.3887989 0.2911275 0.4425473 -0.0578787 0.0190546 0.3410544 0.2679516 0.3437673 -0.0119678 -0.0906701 0.4025902 0.0941233 -0.0929523 0.0699247 0.0918487 0.3258754 0.4032117 0.2711450 0.2825168 0.0280193 0.4027631 0.4097424 0.1986999 0.1916947 0.1593253 0.2703550 0.2922805 0.0418365 0.2100834 0.0413805 -0.1990899 0.1245165 0.2902943 0.1671568 -0.0850747 -0.1029140 -0.5200980 0.1741503 0.3379979 0.1127500 -0.1597359 0.0941549 0.3772246 0.1784053 0.2169331 0.1438597 -0.0615325 0.1687612 0.2616328 0.3498300 0.3764363 0.4010072 0.2970310 0.3061504 0.1585568 0.4984713 0.3935628 0.3755330 0.4532950 0.1791596 0.4262970 0.3492775 0.2182848 0.5102996 0.3593267 0.2743503 0.4239223 0.1425991 0.0603778 0.2458334 0.2472588 0.3284442 0.3540089 0.3377526 0.0611733 0.4192796 0.1516790 0.1380373 0.2350365 0.1770082 0.1673781 0.0892834 0.2138672 0.3528941 0.2797445 0.3937017 0.6202265 0.1977868 0.4089886 0.3446778 0.2797592 -0.0713547 0.4359565 0.2184542 0.0540298 0.2412742 0.2520205 0.2169360 0.5445956 0.5380769 0.6398237 0.1599961 0.4480608 0.6263059 0.1947780 0.4318486 0.0312827 0.3433075 0.3486607 0.3632025 -0.1375323 -0.0126365 0.5655061 0.1423778 0.1102810 -0.3200289 -0.3519244 -0.5129705 -0.0051676 0.3122647 0.4187607 -0.2563219 0.0580374 0.0439281 -0.0760703 -0.2007144 0.1407406 0.0560933 0.3091811 -0.2777876 -0.1850652 -0.3886124
-0.0633023 0.3073991 -0.0158296 0.5010863 0.0542515 0.5939707 0.4428295 0.1432320 0.7906263 -0.1395462 -0.0170910 0.0000000 -0.3129727 0.5011247 0.8909927 0.1165247 0.3372656 0.7206922 -0.2530444 0.4256978 0.7846058 -0.4397093 0.0106550 0.6455793 -0.5339588 -0.0792445 0.2224367 0.4072044 0.7007768 0.3767410 -0.1678199 -0.5561487 0.4149732 0.5605139 -0.2095568 0.3034482 -0.3597008 -0.6642272 -0.0892506 0.2188716 -0.2202574 0.2856964 -0.0470465 0.4253523 0.2004150 -0.2680356 -0.1384078 -0.5751007 0.4872341 -0.6342789 -0.1811819 -0.0664106 0.6813710 0.3947572 -0.3761329 -0.2982130 -0.1336386 0.3211043 0.1493577 0.0136012 0.2539757 -0.0025102 0.0475373 0.3922336 0.6624808 -0.0651171 -0.0376493 0.0477906 -0.1310474 0.2494737 0.0163145 0.5083013 0.2695142 0.6349059 -0.0372597 0.3092286 0.4956224 0.2940202 0.4100979 0.5020084 0.3913321 0.1748662 -0.3871092 -0.5235567 -0.1836564 -0.1403212 -0.0025596 -0.1020425 -0.2297290 0.0165558 -0.3100222 0.1405745 0.1405657 -0.1315962 -0.0273684 0.1019215 0.2124625 -0.0670493 0.2581526 0.0056269 0.0597060 -0.2240622 -0.1859016 -0.0760704 -0.0866879 0.2121867 -0.3603878 -0.2577510 -0.2768774 -0.2058832 0.0244330 -0.3861995 -0.5145144 0.2597481 0.2530001 0.2367184 0.4241905 0.2229404 0.0801299 -0.1558661 0.0173040 0.2423258 -0.1647443 -0.1595040 -0.1002826 -0.3656794 0.3088078 0.4866681 -0.2981731 0.1731136 -0.0488129 0.4442665 0.1827176 -0.0022394 0.3806107 0.4403402 -0.1744612 -0.3057967 -0.1902249 -0.4642326 0.5015355 -0.3591614 0.4818985 -0.4718532 -0.4060776 0.6087179 -0.1561693 0.1792232 0.4973267 0.2989114 -0.0355705 -0.3803250 0.1015265 0.5632073 0.3136144 -0.2775168 0.5334555 0.0772702 0.4410719 0.0237605 0.4930209 0.1758482 0.0136316 0.1578921 0.2940995 -0.2125663 0.4318219 0.2356866 0.2249645 0.1332345 0.3217148 0.3601870 0.3647163 0.6215647 0.3889817 0.5138754 0.6369077 -0.3722744 0.1274038 -0.1150645 -0.5384756 -0.1700809 0.0548285 0.0677465 0.1972838 0.1809440 0.0900355 -0.1228260 0.4002257 0.1529289 -0.2918463 0.5850601 0.0636320 -0.2208411 -0.2494139 -0.2863640 -0.2673246 -0.0809608 0.1233433 -0.4274091 0.0281595 0.0471414 -0.1178371 -0.2009996 0.0281714 0.2164834 -0.1365703 -0.2673472 -0.0891547 -0.2725497 -0.0746530 -0.4366855 0.0444693 -0.2485311 0.0075714 0.1572422 0.5241808 -0.0584795
0.2885356 0.2068807 0.4468831 0.4348045 0.5768271 0.3038652 -0.3524058 0.6071607 -0.3485385 0.3265310 0.5511164 -0.3129727 0.0000000 -0.2099785 -0.3139131 0.4864825 0.2305543 -0.4139601 0.5991875 0.3429729 -0.2286656 0.7821035 0.6287509 -0.4152169 0.5874484 0.5518422 0.3812924 -0.5470130 -0.5146981 -0.2346322 0.6094837 0.5538649 -0.4556055 -0.5277671 0.5328870 -0.1053298 0.5201852 0.5765757 0.2291282 -0.3600039 0.5396143 -0.0970974 0.5199491 -0.4719433 0.2017111 0.3535665 0.5234008 0.7816690 -0.3158858 0.4432133 0.5473648 0.3980108 -0.1613017 0.1185805 0.7777698 0.4342319 0.5395195 0.2819540 0.0519945 0.5606916 0.3161197 0.4248971 0.3117543 0.0846849 0.0207836 0.4396492 0.5709919 0.4694851 0.3703695 0.2789962 0.4528408 0.0865408 0.3798091 0.0877816 0.4525809 0.2285034 0.0744200 0.1950966 0.1800781 0.0495869 0.0799092 -0.0533279 0.1151731 0.2001876 -0.1432612 0.0339933 -0.0375808 -0.1446852 0.1374736 -0.2925941 0.3003143 0.0776934 0.1923107 -0.0846142 -0.2254590 -0.2838195 0.0740852 0.0097291 -0.3408337 -0.1623671 -0.2388154 0.1773490 0.0031664 -0.0628892 0.1540525 -0.1704190 0.1743857 0.1060212 0.1449906 -0.1915054 -0.1126858 0.1729557 0.1314861 -0.3514638 -0.2883543 -0.2105433 -0.4243228 -0.2051077 0.1659129 0.0063752 -0.1405563 -0.1608790 -0.4036691 0.1207284 0.0868231 0.2492306 -0.2738309 0.0173766 0.3240039 -0.1407842 0.1330204 0.0571992 -0.2780710 0.0958651 0.1321738 0.1355765 0.3787690 0.2469742 0.4632461 0.1829863 -0.0428774 0.2158724 0.1025399 0.3634585 0.5417189 -0.0693187 0.4616391 0.3500159 -0.0608599 -0.0286701 0.0449698 0.3145293 -0.0169180 -0.1252234 0.0108345 0.0994782 -0.2512674 0.1077547 -0.1671042 -0.1578512 -0.1280196 -0.1657152 -0.1967991 -0.3422054 -0.0824573 -0.0349780 -0.2859938 -0.2204676 -0.2832077 -0.2613496 -0.0740411 -0.1406665 0.1022439 -0.1893776 -0.1559391 -0.0199478 -0.1545208 -0.3616266 -0.0349712 -0.1761683 -0.1973917 -0.1222917 0.0191123 -0.1412605 0.1925395 0.4462355 0.5094818 -0.2853740 0.2914598 0.2932240 0.1158472 -0.1387748 -0.1163693 0.0695775 0.2515591 0.1188300 -0.0915287 -0.0563689 0.2161267 0.1814516 0.3337871 -0.0555245 0.0357504 0.2204777 0.3282115 0.1595600 0.5569146 0.2989957 0.3963444 0.1145352 0.3130287 0.0417711 0.3549341 0.5068091 0.3873095 0.1286561 -0.0023367 0.0347307
-0.3228214 -0.1488073 -0.4326568 0.0478189 -0.2343194 0.1550771 -0.1642854 -0.3341054 0.6474002 -0.5615767 -0.5037756 0.5011247 -0.2099785 0.0000000 0.6052757 -0.3541671 0.5372797 0.7637753 -0.3452636 0.3419720 0.0975392 -0.2700527 0.1198553 0.8246650 -0.4343175 -0.3407411 0.5674289 0.7741395 0.6377978 0.8078228 -0.2491698 -0.1403389 0.5949512 0.4273534 -0.3412187 -0.1467720 -0.3443120 -0.5777864 0.1403181 0.2044394 0.0675180 -0.0670310 0.0103213 0.6563757 -0.2721032 0.0571799 -0.1877828 -0.4981193 0.3353340 -0.4856802 -0.3849857 -0.0105402 0.0771568 0.2155558 -0.2058003 0.0617768 -0.0496853 -0.0156552 -0.3882793 -0.2848029 -0.3550682 -0.0465361 0.1478504 -0.0770127 0.3079132 -0.1381833 -0.2874184 -0.2638026 -0.1214297 -0.2891725 -0.3220138 0.0055939 -0.1804743 0.0455116 -0.3551738 -0.2609939 -0.1710528 -0.1535085 -0.1671008 -0.3418561 0.0055819 0.1101287 -0.4487918 -0.6244128 -0.5258004 -0.3540465 -0.2998312 -0.2795724 -0.2632290 0.2465267 0.0953165 -0.2778202 -0.0016333 -0.4152646 -0.1595041 -0.1752205 -0.2252547 -0.0401880 0.3421796 0.1103446 0.0966017 -0.2459363 -0.2913819 -0.1865574 -0.2457067 -0.0485691 -0.3500486 -0.3536865 -0.1572652 -0.3961476 -0.0542292 -0.2887022 -0.5606638 -0.1023427 -0.1481784 -0.0537950 0.1994015 0.1190975 -0.2055662 -0.0362429 0.2444363 0.2880515 0.1807904 -0.0904924 -0.1537835 -0.4450075 0.3591849 0.1998644 -0.3317338 0.1842398 0.0210279 0.2370948 0.2317276 0.1625645 0.0036602 -0.0038361 0.0677568 -0.5772080 -0.1042927 -0.5608614 0.0272430 -0.4828902 -0.0508533 -0.5257906 -0.3366135 0.1225149 -0.1126489 0.0962211 -0.0089923 -0.3118870 -0.2044365 -0.5676941 -0.3612034 0.0271976 0.1293229 -0.5143562 -0.0106938 -0.2756844 -0.0768577 -0.2083341 0.2439285 -0.3355394 -0.0623866 -0.2427855 -0.1047748 -0.5025446 -0.0982283 -0.2025860 -0.2381433 -0.3478745 -0.2868275 -0.2954436 -0.2575164 0.0074247 -0.1709555 -0.1606085 -0.1391096 -0.2848716 -0.5136898 -0.5163304 -0.3846273 -0.5103856 -0.3373856 -0.3101327 -0.3978466 -0.2318180 -0.4101478 -0.1538522 -0.0986605 -0.4465435 -0.2924529 -0.2527437 -0.2307736 -0.4832926 -0.5127038 -0.5462386 -0.3516074 -0.2680091 -0.6087612 -0.5566003 -0.0974202 0.3913564 0.2143271 0.1996439 0.2147268 -0.2163225 -0.3469272 0.1589543 -0.1577117 -0.2534614 0.2393999 -0.3574453 0.0995016 -0.2192182 -0.2858134 0.4341433 0.4833071 0.4588175
-0.2811133 0.1800119 -0.2114366 0.2887219 -0.1033702 0.5448229 0.3331758 -0.1300689 0.8542094 -0.2530060 -0.2107513 0.8909927 -0.3139131 0.6052757 0.0000000 -0.1375083 0.4025724 0.7777329 -0.4653486 0.4538296 0.5013751 -0.3799763 0.0855161 0.6655747 -0.6952338 -0.2703167 0.4106396 0.4905217 0.6401063 0.5472727 -0.0842543 -0.4910447 0.4182789 0.4667262 -0.2638421 0.0180658 -0.4702092 -0.7065112 -0.0162290 0.2473371 -0.0129033 0.0992353 0.0346237 0.4389700 -0.0142272 -0.1508703 -0.1691523 -0.5532266 0.3793496 -0.7119633 -0.1737639 0.0062361 0.4380263 0.3283775 -0.3473662 -0.1698693 -0.1143366 0.1908888 0.0231474 -0.0236441 0.0030203 0.0275631 0.1784475 0.2479867 0.5025029 0.0066699 -0.1015024 -0.0386959 -0.2098673 0.1376847 -0.0356583 0.2844790 0.1285624 0.3987115 0.0050174 0.1363892 0.2122718 0.2530349 0.2608365 0.2783127 0.3954264 -0.1296221 -0.5682115 -0.6919501 -0.4002000 -0.3444990 -0.2920507 -0.3425611 -0.4347541 -0.1990085 -0.3443427 -0.0175384 0.0012340 -0.4617644 -0.1626345 -0.0331581 0.0169540 -0.1839974 0.0582107 -0.3023495 -0.2567489 -0.3590071 -0.4231402 -0.3542005 -0.1808054 0.0295814 -0.5001403 -0.4331858 -0.3904208 -0.2422328 -0.2529845 -0.5249383 -0.6457357 0.0990964 0.1005673 0.0602614 0.3159212 0.0419736 -0.1349991 -0.3561275 -0.1524003 0.1088840 -0.0987352 -0.4268478 -0.2251692 -0.5018832 0.0925956 0.3941927 -0.3892403 -0.0986620 -0.1438706 0.2965269 -0.0852441 -0.1829676 0.1870760 0.2517911 -0.2764497 -0.4028024 -0.3401336 -0.6353769 0.3567212 -0.5269511 0.2839946 -0.5140505 -0.4419018 0.3921927 -0.2631372 0.0524149 0.3232557 0.0541721 -0.1477491 -0.5555045 -0.0237455 0.4105009 0.2668075 -0.4635186 0.3766094 -0.0362954 0.2831393 -0.1266116 0.3970727 -0.0045927 -0.1456675 0.0985489 0.2048496 -0.4169083 0.2532570 0.1052818 0.0643784 -0.0589435 0.1694231 0.1695886 0.0564922 0.4917048 0.1083448 0.2542150 0.4312163 -0.1318408 -0.1512143 -0.3518918 -0.5917291 -0.3703252 -0.1410974 -0.1460208 0.0221915 -0.0115835 -0.0728796 -0.0346744 0.1531449 -0.1445249 -0.5063590 0.4197311 0.2697749 -0.4902885 -0.4300161 -0.4662518 -0.1862504 0.1418743 0.0034525 -0.5230948 0.1447122 0.3022418 0.1559873 -0.0678070 0.1464244 0.1918125 -0.3620419 -0.2769711 0.0077386 -0.1454299 -0.0821488 -0.4014669 0.1013802 -0.1545512 -0.1453400 0.0432373 0.4707636 0.0647904
0.1206865 -0.0201909 0.3681377 0.3532517 0.3310149 0.1283985 0.0861406 0.6635654 -0.1193508 0.1632763 0.4614214 0.1165247 0.4864825 -0.3541671 -0.1375083 0.0000000 0.2878662 -0.2016097 0.6263129 0.2728028 0.3270646 0.4790830 0.4891732 -0.1415006 0.4752710 0.8479832 0.0140670 -0.3677157 -0.1220337 -0.2934485 0.4213920 0.1549685 -0.1318219 -0.0262779 0.6960950 0.3743975 0.6439525 0.3879758 -0.0436851 -0.2824470 0.1167295 0.1673843 0.4072590 -0.3180919 0.2705568 0.1852679 0.6371687 0.4925367 -0.0260099 0.3003631 0.5826062 0.2942279 0.3840686 0.1647297 0.4658672 0.2646963 0.4341764 0.3166739 0.2466411 0.6657428 0.5770762 0.4784969 0.1431270 0.4266187 0.3734253 0.1717912 0.5850447 0.4465999 0.2531030 0.5249705 0.4021621 0.6655392 0.5839567 0.5981657 0.0780418 0.5394295 0.6859438 0.1965182 0.4280551 0.5250497 0.0894150 0.1173407 0.0337426 0.0756824 0.0703628 -0.0951118 0.0001167 0.2257598 -0.0991148 -0.1275884 0.0709117 0.1855030 0.2783588 0.2843224 -0.1281074 0.0863763 0.2162933 -0.0078342 -0.0914674 0.1010557 0.0454224 -0.0052307 -0.0795218 0.2333396 0.1090724 0.0957858 -0.0440904 -0.0261263 0.0304086 -0.1087304 0.1313769 0.0791108 0.0369088 -0.0135343 -0.0144969 -0.0185176 -0.2694453 -0.2053881 0.1633253 -0.0659133 -0.2784180 -0.1746846 -0.6597432 0.0664407 -0.1564357 0.3355246 -0.1918536 -0.0027519 0.1114829 -0.1287615 -0.2802835 0.1165532 -0.1543460 -0.1350522 0.2818417 0.1966267 -0.0476422 0.1271533 0.1162179 0.2301711 0.2606538 0.1709094 0.2865951 0.1617042 0.1625514 0.2137453 0.1748496 0.3246200 0.3231294 0.2583580 -0.1780996 0.4642920 0.0266238 0.2941433 -0.0472640 0.3375056 0.0449611 0.3020998 0.1389509 -0.2035608 0.0541713 0.0287861 -0.2857738 -0.2983361 0.0788275 0.3086085 0.1191764 0.2616003 0.0317868 -0.0722341 0.3852816 0.2826051 0.3480990 0.2473179 0.0966563 0.4723499 0.5281507 -0.6291307 0.4574295 0.1562743 -0.3904012 0.2373586 0.3058112 0.2788412 0.4536337 0.4837921 0.5521489 -0.5105942 0.7529295 0.6932009 0.2041853 0.4257249 -0.0414901 0.3283342 0.4190836 0.2688286 -0.1419356 -0.2831267 0.4142346 0.1134341 0.2599247 -0.2015631 -0.3519876 0.1775614 -0.0410528 0.0306591 0.5360352 0.3570587 0.2532045 0.0066877 0.0066723 0.1809962 0.0559615 0.3445306 0.5686491 0.2783374 0.3166030 -0.0697396
-0.2975522 -0.0743633 -0.2691313 0.2425110 -0.1512801 0.2742071 -0.3243032 0.0666800 0.4766515 -0.5669232 -0.0794350 0.3372656 0.2305543 0.5372797 0.4025724 0.2878662 0.0000000 0.4309482 0.0259945 0.4933022 0.0740349 0.3115602 0.6218942 0.4850058 -0.0168647 0.3968402 0.6443133 0.3942882 0.3654006 0.4245751 0.3768741 0.3310982 0.3464865 0.2668518 0.3084815 -0.1097294 0.4427694 -0.2610991 0.2218932 0.0810064 0.4791417 -0.0923113 0.4944081 0.2593452 -0.2013887 0.6221704 0.4180646 0.0501758 0.1448374 -0.3195358 0.2484514 0.3994851 0.2242265 0.4001077 0.2162714 0.7151367 0.6988228 0.1010918 -0.3124045 0.4466750 -0.1215086 0.4838819 0.7393022 0.2771103 0.4653942 0.3812032 0.2767694 0.0051918 0.4549797 0.1368921 0.1643399 0.4154301 0.1605563 0.4182092 -0.0583119 0.0478972 0.2765167 0.2287732 0.2009492 -0.0015544 0.3303568 -0.0729343 -0.3801652 -0.4884799 -0.3058719 -0.6979193 -0.6255480 -0.0491219 -0.5811824 0.0065988 0.0087823 -0.2753971 0.0554170 -0.3799917 -0.4154892 -0.5543735 -0.2560517 -0.3761431 0.0550997 -0.0689181 -0.1533504 -0.5423926 -0.5700760 -0.2457828 -0.3780059 -0.5264463 -0.5261165 -0.2701366 -0.3098961 -0.1756708 -0.2994409 -0.3391800 -0.3917884 0.0065856 -0.2244893 -0.1066819 -0.0571844 -0.1731739 -0.2450326 -0.2661935 -0.0775556 0.1203802 -0.4930260 -0.2071882 -0.5169697 -0.3511759 0.0140522 0.0415715 -0.4744104 -0.1252571 -0.4427543 0.1335084 -0.0521037 -0.1301365 -0.0623883 -0.0561312 -0.1306553 -0.4832886 -0.2362246 -0.4190558 -0.0355923 -0.3550508 -0.1067571 -0.3444166 -0.2728114 -0.0416655 0.0849140 0.2593687 -0.0209401 -0.1103931 -0.3886528 -0.3109570 -0.1428303 -0.0571228 0.1487297 -0.3363337 -0.1226407 -0.0639601 -0.0958426 -0.4598703 0.1801206 -0.3249232 -0.3148526 -0.3585867 -0.0501501 -0.3449917 -0.2460000 -0.0830072 -0.1781923 -0.3974437 -0.1006615 -0.1410839 -0.0474081 0.2845775 -0.3905595 -0.0048676 0.2111078 -0.4639294 -0.2300145 -0.5318251 -0.6112463 -0.3706328 -0.1747824 -0.1624340 -0.1594974 -0.0796131 -0.0728129 -0.0779527 0.2721268 -0.0737012 -0.3546552 0.0638143 0.0973246 -0.4141691 -0.2799741 -0.3464011 -0.2753137 -0.1386641 -0.1298136 -0.5348737 0.4007305 0.4885458 -0.0172865 0.2321602 0.2348027 -0.1739254 -0.2677816 0.4122122 0.2660816 -0.1314692 -0.0409832 -0.1142732 0.3949776 0.0604792 0.1692532 0.2468441 0.4201966 0.4220079
