0.0000000 0.3944222 0.3083385 0.4973010 0.2345030 0.3538049 0.0943264 0.3056237 0.3513920 0.5150386 0.1865229 -0.1385570 0.1618800 0.5959815 0.1663027 -0.1379186 0.5101339 0.0168853 -0.1974909 -0.2091613 -0.2120760 0.3261200 0.1869505 -0.0716018 0.5689251 0.0432995 0.3927101 0.1862575 -0.1498045 0.4690026 -0.0040378 0.1952624 0.0566776 -0.0641516 0.1838428 -0.1794182 0.2451230 -0.1058014 0.5908950 -0.4813916 -0.0146281 -0.1042802 0.0688953 0.1256308 0.0969188 0.0433136 0.1753225 -0.0883496 0.0910092 -0.1607414 0.0800955 -0.0793685 0.0300117 -0.1394509 0.0005038 0.1461071 0.1275108 0.0954591 0.4284524 0.0961699 0.4015182 -0.0069157 0.1849876 0.0497667 -0.0514762 0.1836997 0.0988420 -0.1052840 -0.0089654 0.0590990 0.1612857 0.2492272 0.0022554 0.2200901 0.5805897 0.0930764 0.4029462 0.3877387 0.3374473 0.4784259 0.5468252 -0.2002995 0.4601520 0.3761103 0.1339041 0.3204076 0.2589605 -0.0884043 0.2536696 0.2651643 0.3070502 0.3361060 -0.0593085 0.0312263 -0.2484339 -0.1278661 0.4202556 0.2389382 -0.4123674 0.1470546 0.0900239 0.4890510 0.5449546 0.1457189 0.5773176 -0.3826930 0.5509424 0.6121956 0.3712351 0.4246475 -0.0853752 0.3600988 0.4511520 0.0505765 0.3129745 0.2011261 0.0421890 0.1425592 0.2291735 -0.0021089 -0.0056507 -0.0783613 -0.0439299 0.3167593 0.1339914 -0.1314061 0.2812872 -0.0316503 0.0773302 0.2997149 0.1597922 -0.0216943 0.0722939 0.1544004 0.0036801 0.2549559 0.1588663 -0.1150340 -0.2620927 -0.0327807 -0.0243242 -0.1529827 0.0384959 0.1372881 0.1375573 0.4554220 -0.2315740 -0.2142316 -0.1123010 0.0103031 0.3153439 0.2213785 -0.0081353 -0.0582385 0.1884558 0.1639581 0.1964564 0.0476670 0.1897907 0.3116523 0.2771297 -0.0686159 0.2887395 0.3418755 0.0945781 0.1055536 0.0512511 -0.1238816 -0.3519800 -0.2482561 -0.1499334 -0.3267855 0.5890762 -0.2112058 0.1750079 0.1299763 0.0207808 0.0536064 -0.0442223 0.0576077 0.3568942 0.0468733 0.0312700 0.0866245 0.3323781 0.2276622 0.2748130 0.2276922 0.3019011 0.2048918 -0.0727008 0.3948711 0.3574754 -0.0768335 -0.1251655 -0.0647229 -0.0784530 0.2596013 0.2943736 0.0321621 0.3686804 0.1074906 0.2778817 -0.1179082 0.3012989 0.3421177 0.0238220 0.1764693 0.2621749 0.2449473 0.3523325 0.2518705 0.0912261 0.1215676 0.3142069 0.2791316 0.3321354 -0.2343910
0.3944222 0.0000000 0.2451065 0.6180876 -0.0816071 0.5915467 0.4722172 0.0772975 -0.0006555 0.4803540 0.2958621 0.1443311 -0.1378388 0.2905839 -0.2454157 -0.0662894 0.1315888 0.2398345 -0.1931750 -0.3079446 0.2254472 0.0476651 0.3175276 0.0595942 0.4064053 0.3696838 -0.1716186 -0.0067139 0.2175743 -0.1750234 0.1064415 0.3144545 0.2721257 0.1965981 0.5625955 0.3826194 0.1950153 -0.1811001 0.2537695 -0.4182287 -0.0195652 0.1836469 0.1554549 0.2672469 0.0853147 0.0858201 0.0661646 -0.0787634 0.3212554 -0.0103242 0.1312769 0.1551795 0.2517473 -0.0257158 -0.1325231 0.1206398 0.0188140 0.2512123 0.2647856 0.1235856 0.1426370 0.5038128 -0.1431839 0.4229625 0.2733609 -0.1883639 0.2099603 0.2730446 -0.2888135 0.4443197 -0.0008182 0.4124046 0.3045105 0.4450550 0.1420335 0.3281906 0.4229564 0.0550507 0.2262083 0.1894449 0.0670421 -0.3198527 0.2405030 0.2244143 0.2320069 0.1881266 -0.1316449 -0.3308302 -0.1842622 0.0617145 -0.3654445 -0.1726186 0.1822483 -0.3549496 -0.5191719 -0.2616523 0.1198380 0.3231943 -0.3475219 -0.3258156 -0.0885267 0.0801966 0.4120875 -0.1874225 0.0562031 -0.2285612 0.3404987 0.5515832 0.0189239 0.5851434 -0.5317868 0.4018797 0.5803517 0.4084638 0.5688311 0.5418980 0.4560238 0.5629652 0.5664471 0.4637328 0.4369307 0.3888804 -0.0058002 0.3038150 0.4937402 0.1400185 0.4726728 -0.0887854 0.4105286 0.6324942 0.4857683 0.1993870 0.4576627 0.1605979 0.2893115 0.0791602 0.3218855 0.2499608 0.0406007 0.5780547 -0.1743217 0.4395508 0.1408522 0.3429823 0.1125659 0.2956179 -0.0590660 -0.0972956 0.1170738 0.0133009 0.5460851 0.1321409 0.0443399 0.1119710 0.1212373 0.2507245 0.2762119 0.0832735 0.1543994 0.4756660 0.1705611 0.0185647 0.3976495 0.4099677 0.1136273 0.1335206 0.4488413 0.3418917 0.2452915 0.2509413 0.1709905 0.4001230 0.5118116 0.3325407 0.7247060 0.5036504 0.2829152 0.4988767 0.4021412 0.3273000 0.4988916 0.4056069 0.3682177 0.4774205 0.3613244 0.2764962 0.0463494 0.3236875 0.3890208 0.3395875 0.4059547 0.0940079 0.1355508 0.5092160 0.3755755 0.4513266 0.3649695 0.1473404 -0.0363692 0.2525000 0.0471610 0.0269378 0.2843543 0.6231738 0.4447247 -0.0935639 0.4061353 0.2334057 -0.1052583 -0.3431793 0.2344336 0.5484333 0.2671397 0.1904627 0.2867395 0.1398032 0.1408649 0.1472298
0.3083385 0.2451065 0.0000000 0.4101765 0.8792970 -0.0353687 0.0552738 0.7150096 0.0457155 -0.0933706 0.0939079 -0.1792701 0.7286395 0.1439203 -0.2097214 0.0317587 -0.0333967 0.1906003 0.3208091 0.5680739 -0.2217050 0.5770361 0.1764147 -0.3049469 0.5172608 0.4621713 0.0420016 -0.2293990 -0.4253259 0.1096707 0.6070972 0.6541888 -0.4102922 -0.3899280 0.1707425 -0.1096087 0.4591711 0.5282631 0.2509518 -0.4475412 0.4720757 -0.2329980 -0.0256907 -0.2781611 -0.2455326 0.3827568 0.2838248 0.6121106 -0.3251725 0.3843710 0.0488914 -0.2969876 -0.2918697 -0.3235066 0.6312589 0.3794403 0.3760390 -0.3316542 0.3199632 0.0669062 0.3284115 -0.1723327 0.5831005 -0.3225343 -0.1053007 0.5254289 0.0641833 -0.3034039 0.4038604 -0.2956347 0.3106316 -0.0140070 -0.2093284 -0.0262188 0.1214008 -0.2802326 0.0629012 -0.1166160 -0.0407249 0.1692697 0.0218292 0.0601596 0.4258238 0.1361656 0.3951558 0.4533793 0.3332287 0.1590000 0.6266027 0.4655814 0.1608632 0.2474706 0.0493459 -0.1039560 -0.1257988 0.2020988 0.2705141 -0.0332056 -0.0258431 -0.1334461 0.1980229 0.2988409 0.1917561 -0.4015175 0.2136576 -0.2413837 0.4780283 0.2161539 0.1565099 0.2051536 -0.1073405 0.3131095 0.3502299 -0.0130953 0.0308734 0.0725327 -0.0265724 0.2081449 0.1654052 0.0665552 0.1802381 0.0502120 0.2410232 0.4330499 0.2568554 -0.1297723 0.3083324 0.1192467 -0.0255696 0.4243116 0.2266310 0.1789016 0.3155453 0.0034730 0.2834831 0.0628764 0.1868449 -0.2197714 -0.0710631 -0.0685208 0.0991056 0.0171558 0.4386318 -0.0263354 -0.0766312 0.0742897 0.1019156 0.2529285 0.1163939 0.0198432 -0.1660583 -0.0038069 0.0862114 -0.2102207 0.6792748 0.1790565 0.2288184 0.0080839 0.3750518 0.0625102 0.4722572 -0.0337206 -0.0841527 0.2259937 0.3522603 -0.0809119 -0.2905947 -0.1950817 -0.0772899 -0.1447927 -0.1045617 -0.1241500 0.2548931 0.0656916 0.0526023 0.1176767 0.0671711 0.0276047 0.1009050 0.2620351 0.1175822 0.1340757 0.0542442 0.1015190 0.3212925 0.4530604 0.6835253 0.2591856 0.2750714 0.1282939 0.0017415 0.1529840 0.0187615 0.1200911 -0.0418296 -0.0350580 -0.0262594 0.2680818 0.2747472 -0.1927233 0.2661318 0.0453550 0.3188000 0.1878752 0.6484299 0.3539769 -0.1924249 0.7301695 0.0127351 0.1504546 0.1059966 -0.0600324 0.7849285 0.3863648 0.1791539 0.7159517 0.3999327 0.1175289
0.4973010 0.6180876 0.4101765 0.0000000 0.2549942 0.7411967 0.5320941 0.5245148 0.0201259 0.5441739 0.4541551 0.3444961 0.1351189 0.4472729 -0.1606502 0.0979718 0.1918948 0.2009867 0.2700871 -0.1664074 0.1414091 0.0656911 0.3807536 -0.0429596 0.5814802 0.5587164 0.0337196 -0.1219036 0.0876174 0.0645382 0.1340396 0.4007012 0.0854982 0.1471928 0.6859474 0.0808915 0.5589151 -0.0502044 0.2882401 -0.2570641 -0.0451320 -0.0727041 0.2065594 -0.0164485 0.0858888 0.2831555 0.2675994 -0.0944967 0.1649224 -0.0362056 0.2734654 0.1644853 0.3967013 -0.0378685 -0.0253187 0.1433502 0.1973093 0.1772763 0.1561793 0.2988196 0.4324630 0.4817670 0.1214164 0.4783560 0.6107518 0.1026182 0.2900441 0.3383715 -0.1494867 0.4811202 0.3510346 0.7121771 0.4409676 0.6372472 0.4375694 0.4199819 0.6392362 0.3490523 0.6062922 0.6590529 0.3202729 0.0752123 0.4372968 0.1423312 0.4084036 0.3880764 0.3157184 -0.1862494 0.4104956 0.5312817 -0.0795602 -0.0377990 -0.0213112 -0.2774231 -0.1462272 -0.1591079 0.1195467 0.1640668 -0.3374341 -0.1968030 0.2801963 0.4163931 0.5369672 -0.2759771 0.1299982 -0.3834745 0.6085516 0.5115925 0.2889978 0.3826395 -0.4160143 0.5708820 0.2342808 -0.0051864 0.2307992 0.0208288 -0.0537919 0.0599068 -0.0131826 0.0723864 -0.0788789 -0.2001943 0.0416681 0.3103077 0.2317353 -0.1209000 0.4502023 -0.1002354 0.2059100 0.5795741 0.4424074 0.1614938 0.2719166 0.1709613 0.1633017 -0.1137901 0.1602779 -0.0175473 -0.2738513 0.3653979 -0.3630576 0.1109661 0.1158921 0.1645382 -0.0011913 0.1342862 -0.2655098 -0.3518676 -0.1431051 -0.2899656 0.2161766 0.0544429 -0.0612508 -0.2651258 0.1166039 -0.0120000 0.2241035 -0.0994952 0.0017554 0.3391448 0.0925772 -0.1599559 -0.1420439 0.4731992 0.1994281 -0.1339858 0.0126949 0.0333635 -0.0309975 -0.0082484 -0.0499843 0.0595175 0.6105320 -0.0970767 0.4484802 0.5556139 0.3773693 0.1993357 0.3015383 0.2767718 0.4208906 0.2010759 -0.0081149 0.2688593 0.3114912 0.6643852 0.3144766 0.2814604 0.5640831 0.5266753 0.3276233 0.4938729 0.3452456 0.4117863 0.1878455 0.2826577 0.3363532 0.3019835 0.1173241 0.1403912 0.0190753 0.0388898 0.3847107 0.3382640 0.2050304 0.0459809 0.1034300 0.1546578 -0.1041768 -0.0656631 0.3871223 0.3892126 0.3995183 0.1251872 0.0817179 0.1888079 0.1524355 -0.1587497
0.2345030 -0.0816071 0.8792970 0.2549942 0.0000000 -0.2082464 -0.1581852 0.8032519 0.2777669 -0.1709789 0.0456520 -0.1759263 0.8084736 0.2223352 0.1173470 0.1438760 0.1221233 0.1400417 0.4511890 0.6851995 -0.2535147 0.6601371 0.1289915 -0.2804881 0.4845368 0.3771176 0.2663221 -0.1209765 -0.4564490 0.2851732 0.6115244 0.5363950 -0.5045809 -0.4225831 -0.0100998 -0.2508123 0.3756068 0.6159301 0.1735671 -0.3595392 0.4225216 -0.3173062 -0.0774502 -0.4211108 -0.2837692 0.3560173 0.2470492 0.5488672 -0.4206418 0.4594546 0.0134073 -0.3018443 -0.3580862 -0.3163963 0.7050730 0.3695997 0.3264409 -0.3473787 0.3151274 0.0536947 0.3896374 -0.2432952 0.7209045 -0.4191657 -0.1484629 0.5241718 -0.0236372 -0.3087406 0.5843157 -0.3993235 0.2780305 -0.0767449 -0.2956339 -0.0702604 0.1688400 -0.3703607 -0.0146538 -0.1105589 -0.0041465 0.2395828 0.1505536 0.1832300 0.3729004 0.1042988 0.3087751 0.3371230 0.2758591 0.2813994 0.6679402 0.4146874 0.2871706 0.2810136 -0.1520774 0.0875854 0.1732507 0.4223316 0.2060989 -0.2066148 0.0792720 0.0689690 0.1789113 0.1975345 0.0004800 -0.2832194 0.1542786 -0.1509855 0.3454466 0.0478171 0.0854424 -0.0184893 0.0157070 0.1069882 0.0339968 -0.1972138 -0.1787193 -0.1782320 -0.1990036 0.0098644 -0.0199824 -0.1445833 -0.0039921 -0.1167210 0.1413764 0.3986389 0.0523578 -0.2726811 0.0976003 0.1045474 -0.2413538 0.1587932 -0.0036054 0.0362235 0.0222991 0.1004452 0.1466751 -0.0861725 -0.0056496 -0.3822955 -0.1673640 -0.1517254 0.0393716 -0.0695218 0.4566081 -0.0232010 -0.1416247 -0.0875018 0.0772617 0.1815996 0.1204362 0.0999876 -0.2850603 0.0767186 0.1070406 -0.3003683 0.6453461 0.2312444 0.2109430 -0.0754885 0.4143930 -0.0200463 0.3388717 -0.0278801 -0.0637197 0.2016488 0.2769783 -0.0842735 -0.3781559 -0.3008598 -0.2092515 -0.2214710 -0.1985508 -0.3082159 0.0673151 -0.0658974 -0.2104276 -0.0250835 0.0271815 -0.0707287 0.0123931 0.1099696 0.0132591 -0.0478285 -0.0736998 0.0235920 0.3501104 0.5047122 0.7929811 0.2690058 0.3013806 0.1646546 -0.1583304 0.3039215 0.1430781 -0.0015226 -0.2263132 -0.2026358 -0.0808656 0.4001666 0.4583356 -0.3412107 0.3616916 0.0652809 0.1829436 -0.0642030 0.4012406 0.3898637 -0.4253332 0.6272440 0.1721990 0.3902487 -0.0080577 -0.0681039 0.6069594 0.5094206 0.1823092 0.6113386 0.4700672 0.0454527
0.3538049 0.5915467 -0.0353687 0.7411967 -0.2082464 0.0000000 0.8258086 -0.0177849 0.0083410 0.8285123 0.6555766 0.6790271 -0.3002281 0.4147431 -0.0577200 0.1150106 0.3076849 0.2437117 0.0409314 -0.4906107 0.6121748 -0.3767595 0.4046436 0.3670381 0.2975260 0.3610239 -0.0728764 0.0338688 0.6099774 -0.1538882 -0.2524466 0.0934104 0.4073110 0.5875760 0.4424044 0.5164688 0.1983986 -0.4257255 0.1049677 -0.1057946 -0.2753623 0.4433092 -0.0917359 0.2202303 0.4104111 -0.1118361 -0.1950613 -0.3455860 0.5242205 -0.2767381 -0.0791538 0.0841322 0.6644364 0.2627686 -0.3412577 -0.1696668 -0.2217210 0.5230823 0.1394714 -0.0679476 0.3131154 0.3367660 -0.0900302 0.7615822 0.6107274 -0.1155681 -0.0622733 0.5330934 -0.3207165 0.7207617 0.0920726 0.7164106 0.4416872 0.7194607 0.2166449 0.6416184 0.6280708 0.2590904 0.4572006 0.2600933 0.2859691 -0.1107002 0.1240513 0.1289121 0.2730740 0.1041106 0.0287959 -0.2128400 0.0448711 0.2062469 -0.3164084 -0.2866772 -0.0096482 -0.0943774 -0.2607879 -0.3322629 -0.1568449 0.1258755 -0.3330295 0.1366508 0.1138022 -0.0451628 0.2123633 0.1980037 -0.0289037 -0.1045415 0.2213499 0.3384792 0.0457896 0.3350566 -0.4305570 0.3101258 0.0749566 0.2926217 0.4494025 0.2590632 0.2461220 0.1082562 0.0619793 0.2758243 -0.0470781 -0.0393889 -0.2699171 -0.0136486 0.3536274 0.1219073 0.2287275 -0.1744532 0.4643555 0.3510430 0.3568889 -0.1022275 0.1702394 0.1820887 -0.0787521 -0.0516563 0.2068435 0.3506483 -0.0409897 0.5849011 -0.2290860 0.3905166 -0.0851689 0.2192316 0.2758680 0.0664350 -0.0798031 -0.2569780 -0.0415623 -0.0726511 0.4346976 0.1098614 0.1351410 0.0988805 -0.1694832 -0.2102245 0.2028644 0.1380234 -0.1745307 0.3388314 0.0108483 0.0775237 -0.0524962 0.4045672 0.1488756 0.1424742 0.3801020 0.2076617 0.0728913 0.1972014 0.1767272 0.1477896 0.5937452 0.1834091 0.7066997 0.7544358 0.5382693 0.1012672 0.5099910 0.2725857 0.2021764 0.2822901 0.2430832 0.2090711 0.1715711 0.3017096 -0.0081739 0.4216372 0.6398972 0.5565769 0.4898199 0.4139540 0.4509536 0.4796296 0.4215558 0.5608745 0.5620185 0.2453045 0.0916084 0.5100095 -0.1284562 -0.0875329 0.0821542 0.2672887 -0.0555245 0.0467648 0.3733465 -0.1700201 -0.3520782 -0.1796239 0.2189231 0.5171472 0.1612088 0.0437293 -0.2097353 -0.2946883 -0.0401634 -0.1032460
0.0943264 0.4722172 0.0552738 0.5320941 -0.1581852 0.8258086 0.0000000 -0.0896484 -0.1438692 0.5596227 0.5208162 0.7153938 -0.2844328 0.1395446 -0.1993195 0.1023690 0.0481663 0.1629511 0.0902830 -0.4643863 0.7767833 -0.4691278 0.2784943 0.2952617 0.1446148 0.2941693 -0.3115675 0.0415870 0.6116898 -0.2741948 -0.3227943 0.0087131 0.4834716 0.5918668 0.1118168 0.7908054 0.0149297 -0.4174116 -0.1507414 0.0160207 -0.3045155 0.6434227 -0.3695962 0.3139670 0.4753112 -0.2587746 -0.4623954 -0.3055824 0.5474394 -0.2838918 -0.3674819 -0.1499880 0.6493341 0.3374993 -0.3896276 -0.3134779 -0.4484391 0.5322718 0.2776785 -0.4034301 0.2668238 0.0963715 -0.2285055 0.6431760 0.4892351 -0.2329030 -0.3592875 0.4761377 -0.3877827 0.6423494 -0.1881048 0.5218878 0.2426053 0.5647697 -0.1566201 0.5180606 0.4227803 -0.0829900 0.1498419 -0.0796282 -0.0217576 -0.1312937 -0.0201315 0.0446563 0.2593077 0.0152532 -0.0942080 -0.0828533 -0.0192404 0.0795643 -0.4788244 -0.4681881 0.0252292 -0.0763635 -0.3209820 -0.3498472 -0.4926121 -0.0873040 -0.1769699 0.1469604 0.1293211 -0.3112130 -0.1101028 0.1682600 -0.3429267 0.0675265 -0.1023877 0.0048786 -0.2703187 0.1333436 -0.5357965 0.0893176 -0.0122548 0.3490899 0.4899426 0.3753395 0.3624567 0.1955183 0.1148567 0.4798064 0.1006735 0.1631638 -0.3142603 -0.1480260 0.4689790 0.3218582 0.2504447 -0.2012112 0.5739001 0.2889566 0.3752814 -0.3029928 0.3075797 -0.0058415 -0.1383928 -0.1457376 0.1721155 0.4363475 0.1201914 0.6288129 -0.0824735 0.4173496 -0.1439604 0.1565327 0.2293653 -0.2220865 0.0508746 -0.0645929 0.0801249 -0.0472837 0.3031637 0.1534689 0.2314568 0.2804635 -0.0616532 -0.3026080 0.1288301 0.2110810 -0.1685551 0.2842953 0.0824168 0.1215293 -0.2246557 0.3921718 0.2116361 0.2672926 0.3463088 0.2980977 0.2241127 0.2904847 0.3251863 0.1637883 0.4071730 0.4700009 0.7770501 0.8190545 0.7081735 0.1955600 0.6859209 0.4114265 0.0898979 0.4850537 0.5622041 0.3081277 0.1862312 0.2321643 -0.0000320 0.5277945 0.4909725 0.3990383 0.6815328 0.2054802 0.2865919 0.6374949 0.6214520 0.7297828 0.7576624 0.2490250 0.0884496 0.6030384 -0.2798491 -0.2647738 -0.0958963 0.3394474 -0.0224911 0.0024644 0.4656800 -0.1943670 -0.6560342 -0.2664960 0.0047577 0.4490094 0.3016889 0.1263172 -0.4687503 -0.3289119 -0.1169219 -0.1037742
0.3056237 0.0772975 0.7150096 0.5245148 0.8032519 -0.0177849 -0.0896484 0.0000000 0.2553322 -0.0166963 0.2067185 -0.1444900 0.8074190 0.3902364 0.0411588 0.3003293 0.2470678 0.2563421 0.6078031 0.4144718 -0.3255089 0.6311373 0.3806577 -0.2872455 0.7017772 0.5595080 0.3230073 -0.2373593 -0.4881048 0.2017730 0.4351382 0.6159620 -0.4925772 -0.3803720 0.3621236 -0.3771695 0.5532023 0.4608826 0.3364286 -0.3649210 0.2086557 -0.4496844 0.2645739 -0.4947027 -0.1892174 0.5157914 0.4529464 0.3225708 -0.3829506 0.4259058 0.2722605 0.0961306 -0.1960914 -0.2870103 0.6229105 0.5344963 0.4424965 -0.3076285 0.1894858 0.3129105 0.4430457 0.0372549 0.6770087 -0.2537523 0.1277973 0.4379066 0.2172779 -0.2651437 0.4285311 -0.2350730 0.3848819 0.2304287 -0.0895162 0.1663623 0.3728536 -0.1825641 0.1908139 0.1513038 0.3397809 0.5677400 0.3529233 0.1879041 0.4193001 0.0658123 0.2390282 0.2365212 0.2705368 0.2375673 0.6252521 0.4865501 0.3660348 0.2611751 -0.1193568 -0.0618501 0.1551839 0.1699679 0.2497687 0.0247992 -0.1448418 -0.0609349 0.0412756 0.4203742 0.2331076 -0.4605967 0.3559880 -0.5102701 0.4818448 0.2424260 0.3264782 0.1557306 -0.0367497 0.3828091 -0.0423436 -0.2916213 -0.0938966 -0.2351297 -0.2690500 -0.1310897 -0.0563107 -0.1573217 -0.1316830 -0.2401409 0.2439725 0.3951803 0.0236146 -0.2572525 0.0989921 0.1966910 -0.1538285 0.1483686 0.0671285 0.0495924 -0.0868917 0.2459069 0.0797319 -0.0706861 0.0446188 -0.3978209 -0.2678345 -0.1177112 -0.0801893 -0.1759930 0.3639491 0.0857652 -0.0729094 0.0988960 -0.0416406 -0.0457869 -0.0233432 0.0379483 -0.0810516 0.2345013 0.0188197 -0.3382658 0.5051402 0.3626023 0.1366557 -0.0734999 0.2587873 0.0804157 0.3144549 -0.0999841 0.0039769 0.2928896 0.2951830 -0.0687697 -0.3992718 -0.3190213 -0.4162682 -0.3837006 -0.3119770 -0.4286978 0.1422600 -0.1780020 -0.1746326 0.0283317 0.0629395 -0.0532580 0.0198733 0.1277100 0.2006405 -0.0499529 -0.2326643 -0.0122345 0.2043736 0.6677752 0.6962970 0.2647736 0.3736711 0.2766162 -0.0761292 0.5478332 0.3655655 0.0388379 -0.1755903 -0.2285706 -0.0232703 0.4925204 0.4711943 -0.2801602 0.4219740 -0.0027234 0.2001851 -0.0688805 0.1626854 0.3650813 -0.4322365 0.5165122 0.3310580 0.3251164 0.0429094 0.0512551 0.4154519 0.3447511 0.2840479 0.6003806 0.4003667 -0.1126908
0.3513920 -0.0006555 0.0457155 0.0201259 0.2777669 0.0083410 -0.1438692 0.2553322 0.0000000 0.3275192 0.2156346 0.2295963 0.2576356 0.7478861 0.9035755 0.0266820 0.6663163 0.4831883 0.0283596 0.0157394 0.0005170 0.3708109 0.2696254 0.5719779 0.3020684 -0.2270392 0.8401884 0.7077390 0.0284521 0.7560495 -0.2037222 -0.1131230 0.1135384 0.0767084 -0.1752838 -0.1277864 -0.2993503 -0.2768127 0.5107672 -0.5332878 -0.3179307 -0.1405749 0.0395095 -0.0071681 -0.2673369 -0.3086614 0.0388610 -0.3303229 -0.0706543 -0.2926102 0.1122713 -0.1134429 -0.0955645 -0.3227739 0.1291602 -0.0604777 -0.0008914 -0.0654155 0.2057676 0.1350634 0.1046210 0.0321813 0.3709491 -0.0046939 -0.0888836 0.0051098 -0.0192592 -0.0909598 0.2764550 -0.1827105 -0.0719305 0.1178184 -0.2783733 0.1859330 0.1863149 -0.2415912 -0.0736331 -0.0180822 -0.0072047 0.0758023 0.4250814 -0.4413083 -0.2065986 -0.0181915 -0.3895406 -0.2205119 0.0409823 -0.1125328 -0.0457464 -0.4736057 0.3825056 0.1352417 -0.0498977 -0.0808494 0.3041458 0.3440340 -0.0408810 -0.0276359 -0.2800789 0.2796350 -0.4665805 -0.0584980 -0.2255695 0.0970340 0.1527659 -0.0782455 0.0370632 0.0958468 0.1508617 0.0511276 0.0535428 -0.1253318 -0.2298504 0.0015139 -0.0028298 -0.0341143 -0.0137364 -0.0732943 0.0660255 -0.2950169 -0.1324232 -0.0665823 -0.1837214 0.0131445 0.0202668 -0.4049125 -0.2012571 0.0552607 -0.1607119 -0.1912237 -0.1716410 -0.3563862 -0.4337109 0.1593126 -0.3804246 -0.0021114 -0.0570258 -0.1821075 -0.1354271 0.0242403 -0.1752548 -0.0042484 -0.0721753 -0.1164447 -0.0221355 0.0114886 0.0230407 -0.1210225 -0.0344568 0.2544145 0.0114598 0.0906854 0.0773502 -0.1622374 0.0297437 -0.0246303 0.0352489 -0.1662455 0.2347701 -0.0133564 -0.0367420 0.0377944 0.2653399 0.1550789 -0.0670941 0.1313990 -0.0022600 -0.0687564 -0.4389669 -0.1358843 -0.1259766 -0.4271408 0.2627577 0.1074833 0.0534589 0.2109901 0.3000613 0.1016974 -0.0355251 -0.1899759 0.1450191 -0.1061968 0.0414677 0.1142820 0.3753005 0.2238008 0.3333656 0.3415892 0.4295045 0.5660967 -0.3917348 0.2323776 0.4001016 -0.1597604 -0.4499314 -0.2479243 -0.0329643 0.2660842 0.5539776 -0.1075364 0.4478048 0.3126016 0.0598050 -0.3038825 -0.1238187 0.2862237 -0.2760847 0.1547429 0.5255811 0.6749986 0.0695217 0.4055177 -0.1253461 0.5789544 0.4212612 0.1162515 0.2286335 -0.0391766
0.5150386 0.4803540 -0.0933706 0.5441739 -0.1709789 0.8285123 0.5596227 -0.0166963 0.3275192 0.0000000 0.6226931 0.4683137 -0.2214890 0.5709122 0.2173136 -0.0458613 0.5656668 0.3910062 -0.1286405 -0.4985052 0.4004272 -0.2571462 0.4381438 0.4914747 0.3166661 0.0913702 0.1738113 0.1951010 0.4482098 0.0650636 -0.3845826 -0.0205296 0.2690533 0.4357137 0.2261101 0.3232956 0.0013238 -0.4756322 0.3018073 -0.4375530 -0.3597039 0.3294049 -0.1381426 0.0851654 0.2966240 -0.1815043 -0.2035075 -0.3629054 0.3683332 -0.3765706 -0.1219873 -0.1023529 0.4541649 0.0496308 -0.2962184 -0.1646173 -0.1755611 0.4984861 0.1741226 -0.0896234 0.2177409 0.2020481 0.0364734 0.5702375 0.3811029 -0.0135813 -0.1429759 0.3640083 -0.0350970 0.4693035 0.0025990 0.5980683 0.1819554 0.5659177 0.2939780 0.4015900 0.4070493 0.1945905 0.2798524 0.1325259 0.4986218 -0.2749406 0.1110888 0.1462294 0.1506978 0.1122879 -0.0805636 -0.1442859 0.0433495 0.0282353 0.0324770 -0.0962516 0.0631199 0.1348590 -0.0216502 -0.1367670 -0.0307251 0.1890790 -0.2117112 0.3826108 -0.0969161 -0.0156447 0.1725148 0.3566035 0.2159698 0.0286968 0.2441422 0.3683224 0.2272710 0.3985166 -0.0780554 0.2239208 0.1174262 0.2724786 0.4559165 0.2334738 0.1954195 0.1920109 0.1976519 0.2281337 -0.0082748 -0.0541728 -0.1604132 0.2326250 0.3227901 0.1635274 0.0016233 -0.0816665 0.4102460 0.1375625 0.1909091 -0.3301859 -0.1664169 0.3708256 -0.3223803 0.1095999 0.1612298 0.3153251 -0.0595744 0.5263062 -0.1580814 0.3569556 -0.1615386 0.3649885 0.3427778 0.1691151 -0.1254605 -0.2863178 -0.0577763 0.0655922 0.4018073 0.2944517 0.0934162 0.1259952 -0.1802245 -0.0991071 0.2712106 0.1347073 -0.0405560 0.4217775 0.0270687 0.0383467 0.2025467 0.4360485 -0.0060489 0.2288846 0.4337584 0.0808081 -0.0267207 0.1404731 0.0604208 -0.0313672 0.4659859 0.2383631 0.6199770 0.6496262 0.4861382 0.0613185 0.3554564 0.1087805 0.1660634 0.1154691 0.1761657 0.0013429 0.2230276 0.1989304 0.0872328 0.4381156 0.6220329 0.5944150 0.3354335 0.4293335 0.6464435 0.3568479 0.3190538 0.4777255 0.4604756 0.3993972 0.3801223 0.5209695 0.1564124 0.1315951 0.0712768 0.0776332 -0.1657323 0.2137699 0.2006702 -0.2673583 -0.1588826 0.1441488 0.2046753 0.6392551 -0.0891848 0.2529401 -0.0760257 -0.3315119 0.1034203 0.0236041
0.1865229 0.2958621 0.0939079 0.4541551 0.0456520 0.6555766 0.5208162 0.2067185 0.2156346 0.6226931 0.0000000 0.5709183 0.1564235 0.3385144 0.1464150 0.6528506 0.5273368 0.1942305 0.5413334 -0.1903076 0.4947551 -0.0644884 0.8562808 0.4308418 0.4013073 0.5654824 0.2179966 -0.1703901 0.4981501 -0.1261661 -0.0593415 0.1776432 -0.0828529 0.5449511 0.2911211 0.3754443 0.2480261 -0.1549940 0.1340909 -0.1211448 -0.1800400 0.5015564 -0.1078506 -0.1004881 0.4162005 0.0402232 -0.1300813 -0.1323156 0.3560729 0.0021015 -0.1798492 0.0122482 0.5281152 0.2665852 0.1538774 0.1171060 -0.0430234 0.4480935 0.3120961 -0.1786771 0.5417273 -0.0742346 0.3077016 0.6037269 0.5569913 0.1581573 -0.2487734 0.2474064 0.0185418 0.4584036 0.1402412 0.7931967 0.1335048 0.7997503 0.1838252 0.4701640 0.6038825 0.0808817 0.3067506 0.1076364 0.2740528 -0.0965766 -0.0490658 0.0963822 0.0888949 -0.0466479 -0.0595110 0.2175336 0.1435845 0.0579956 -0.0842819 -0.4067805 -0.1917320 0.0805723 -0.3094355 -0.4325270 -0.2019782 -0.1669153 -0.2649320 0.4204865 -0.2137975 -0.2639977 -0.1828937 0.1062808 0.1931215 -0.1550666 0.0749336 0.1943453 0.0357281 0.2738196 -0.2915980 0.0440954 -0.0037885 0.5032370 0.4673926 0.3942823 0.4023504 0.1030330 0.2275557 0.2479282 0.0843655 0.1526017 -0.2469621 -0.1568519 0.5210301 0.1130465 0.0392375 0.2497062 0.5347193 0.2089689 0.4098022 -0.1709360 0.0740248 0.1781170 -0.0532733 0.3051594 0.5578071 0.3950844 0.3866716 0.3088409 0.2799530 0.3413511 0.2149166 0.0014097 0.5907395 0.1490124 0.4643436 0.2979729 0.2563444 0.2814538 0.2534939 0.1491940 0.4507496 0.3069610 0.1786773 -0.1164415 0.2636637 0.4956096 0.0363856 0.0885374 0.3790496 0.3603936 0.0092950 0.2358026 0.4363353 0.4931346 0.3499581 0.0273217 -0.1705313 0.1694147 0.3270357 -0.0880693 0.2834923 0.3239452 0.4296995 0.4779633 0.4027289 -0.2342218 0.2800846 0.0029180 -0.0918550 0.0856814 0.2318353 -0.0802446 0.2085152 0.4982745 0.2683852 0.7065851 0.7878571 0.6866852 0.0415406 0.6714462 0.6510039 0.1069538 0.1324383 0.2539189 0.2731593 0.3381722 0.3614598 0.5295012 0.1373750 -0.1396158 -0.1434144 -0.1030938 -0.1427764 0.3443563 0.2431058 0.0584050 -0.1100051 0.0300895 -0.1374339 0.2857634 0.1147602 0.1175209 -0.0438726 -0.1628156 -0.0245459 0.1062447
-0.1385570 0.1443311 -0.1792701 0.3444961 -0.1759263 0.6790271 0.7153938 -0.1444900 0.2295963 0.4683137 0.5709183 0.0000000 -0.3073433 0.2403572 0.3472031 0.2419505 0.1601629 0.2585172 0.2266623 -0.2785898 0.8298851 -0.4193990 0.3404618 0.7096510 -0.0562822 0.1525635 0.0647077 0.3820333 0.8049170 0.0351957 -0.3769079 -0.2211265 0.5789929 0.8091139 0.0763429 0.5887016 -0.1341956 -0.4954068 -0.0253887 0.1950010 -0.3356550 0.5131718 -0.2022340 0.3927293 0.3504049 -0.4321194 -0.3456045 -0.4651020 0.5952198 -0.4383938 -0.1552758 0.0500285 0.7462896 0.4185710 -0.3241528 -0.4560656 -0.3617194 0.5011950 -0.0308600 -0.1608082 0.2099434 0.2264221 -0.1092305 0.7656476 0.6384313 -0.1883170 -0.1986857 0.6576511 -0.2160412 0.6565940 0.0127853 0.5835519 0.3820079 0.6786909 -0.1123385 0.5574066 0.4102360 0.0038625 0.2463406 -0.0416774 0.0059224 -0.1608394 -0.3886603 -0.1315924 -0.0538117 -0.1458532 -0.0153472 -0.1615841 -0.0915815 -0.2381038 -0.3444811 -0.5107442 -0.1312727 -0.1380149 0.0645998 -0.0567346 -0.5572827 -0.2512354 -0.0897095 0.2040796 -0.0497189 -0.4143363 -0.3799995 0.2091238 -0.4468440 0.2085851 -0.2102005 -0.2320393 -0.2626785 -0.1344541 -0.3744717 -0.1744695 -0.4368998 0.2444798 0.1868736 0.0978801 0.2151761 -0.1185131 -0.1915067 0.0676329 -0.1625080 -0.0313763 -0.5078529 -0.4990103 0.2174290 -0.1675224 -0.0434274 -0.2051489 0.2521251 0.0111518 0.1562594 -0.2973372 0.0389386 -0.2437481 -0.2789848 -0.2996504 0.0284291 0.2514266 0.0903199 0.3939809 -0.2158690 0.2891479 -0.2039875 -0.2887613 0.0535470 -0.4019597 0.1448196 -0.0450848 -0.0168056 -0.0361514 0.0455497 -0.2549928 0.2048665 0.0090188 -0.1772490 -0.5522349 -0.0182112 -0.0189869 -0.1986155 -0.0184323 -0.1694515 0.0948800 -0.3648082 0.1155336 0.0967145 0.0458476 0.1484157 0.1769024 0.0805167 0.2478950 0.2145388 0.0907062 0.3350963 0.3831018 0.5411182 0.7670072 0.7389935 -0.0295103 0.4968950 0.1268807 -0.0803924 0.1998595 0.2356191 0.1324548 0.0602623 0.2683648 -0.1489289 0.3809802 0.5943622 0.6580790 0.2484810 0.1856171 0.1820200 0.3033788 0.1282549 0.3563171 0.4620553 0.0034577 -0.0299868 0.3102988 -0.3699294 -0.1843919 -0.2019185 0.0099190 -0.2317915 -0.0143697 0.1697708 -0.1822195 -0.3077831 -0.1010979 -0.0684341 0.2852091 0.1551312 0.0787188 -0.3781065 -0.3408714 -0.1076616 -0.0900768
0.1618800 -0.1378388 0.7286395 0.1351189 0.8084736 -0.3002281 -0.2844328 0.8074190 0.2576356 -0.2214890 0.1564235 -0.3073433 0.0000000 0.2607868 0.0464465 0.3078064 0.2629795 0.2149202 0.5776926 0.6218908 -0.4070832 0.7526108 0.3355876 -0.2731347 0.5889477 0.4210536 0.4382292 -0.2740055 -0.6446399 0.2267626 0.5466059 0.6756619 -0.7201765 -0.5839217 0.1762810 -0.4005855 0.4578297 0.5958765 0.3678501 -0.4068204 0.3076235 -0.4701327 0.2919474 -0.6395627 -0.4033118 0.5970539 0.5425216 0.5661474 -0.6525051 0.4675887 0.2890350 -0.0086223 -0.5008715 -0.4865737 0.8339064 0.6932707 0.6119104 -0.5920175 0.1354763 0.2883826 0.1974994 -0.2353933 0.7975250 -0.5704754 -0.1757707 0.6444681 0.1938890 -0.6056934 0.6082822 -0.6180491 0.3606490 -0.1075652 -0.3841092 -0.1473224 0.2113202 -0.5130357 -0.1591690 0.0027136 -0.0270286 0.2011700 0.2163055 0.0030702 0.2300391 -0.1271768 0.0024368 0.0133292 0.2553980 0.2077522 0.5622251 0.2646492 0.4944450 0.4649755 0.1519141 -0.1494429 0.0872626 0.0849709 0.3863939 0.0858825 -0.1931013 -0.0601745 -0.2411650 0.3152812 0.0523426 -0.4886023 0.4162980 -0.4293893 0.2854663 0.1494653 0.3138404 0.0500070 0.1753635 0.3072631 -0.0091762 -0.2495003 -0.2810055 -0.1571442 -0.2625303 -0.2270223 -0.0353972 -0.2947754 -0.1612661 -0.1984685 0.3347061 0.2960538 -0.0803970 -0.1580782 -0.1001672 0.3616129 -0.2586209 0.0127953 -0.1226548 0.0682899 -0.1377219 0.2771671 -0.0295959 0.2491802 0.1279106 -0.4152543 -0.0967551 -0.3175200 0.1464090 -0.2004995 0.3216641 -0.0488696 0.0113631 0.2914165 0.1848193 0.2353932 -0.0392853 0.1420652 -0.2381274 0.1508758 0.0077786 -0.2073632 0.5332129 0.3042134 0.0421560 0.0943332 0.1966517 -0.1788862 0.4575561 0.0020633 0.0577050 0.0256847 0.3735277 0.0775878 -0.3810073 -0.4306443 -0.4958341 -0.4127433 -0.2686038 -0.5132173 0.0613252 -0.0984536 -0.3773725 -0.2450448 -0.1180999 -0.1685265 -0.0851947 0.1182798 -0.0008814 -0.0266092 -0.1488591 -0.0932486 0.0613784 0.4210667 0.7243710 0.2078539 0.1039208 -0.0060140 -0.2990793 0.2465195 0.1987627 -0.1902884 -0.3155827 -0.3964729 -0.2282443 0.3535818 0.4949394 -0.2870248 0.6222138 0.2363863 0.2634207 -0.1073292 0.2533999 0.4428997 -0.4150601 0.7271445 0.3544627 0.5302845 -0.0268642 -0.0940488 0.3715299 0.2706155 0.2730775 0.6737564 0.2492634 0.1285492
0.5959815 0.2905839 0.1439203 0.4472729 0.2223352 0.4147431 0.1395446 0.3902364 0.7478861 0.5709122 0.3385144 0.2403572 0.2607868 0.0000000 0.5359618 0.0740363 0.7927369 0.5355597 0.0626789 -0.0561261 -0.0039340 0.3504557 0.2542448 0.3726067 0.6281825 0.0842340 0.7742145 0.4594140 0.0159871 0.5886016 -0.1160272 0.2822323 0.0991915 0.0100129 0.2279879 -0.1372685 0.1143873 -0.2330732 0.5705279 -0.5709732 -0.2450491 -0.1815695 0.1992874 -0.1288287 -0.2265098 -0.0254843 0.2034204 -0.2303694 -0.1111529 -0.2077925 0.2582295 0.0799076 -0.0711944 -0.3803193 0.1740962 0.2031341 0.1652141 -0.1502244 0.0952586 0.2927570 0.1122814 0.1651489 0.4875132 0.0696756 0.0161527 0.1605465 0.1606999 -0.1568670 0.1420947 -0.0441338 0.2035788 0.2804293 -0.1220982 0.2905196 0.5229509 -0.0696627 0.1840602 0.3965699 0.3482306 0.4047982 0.7098303 -0.3503747 0.1109161 0.0450820 -0.2015678 -0.0789582 0.2407251 -0.1895986 0.1246244 -0.0870123 0.2843532 0.2716223 0.0154339 -0.2309730 0.0289818 -0.0025378 0.2256086 0.1989686 -0.6673470 0.1800693 -0.3543421 0.2238597 0.1482229 0.0728171 0.3647656 -0.4927705 0.2988375 0.4458560 0.3317622 0.3105850 -0.2008793 0.2724663 -0.0209657 -0.0433490 0.0546344 -0.0358693 -0.0698640 -0.1860637 -0.0152348 -0.2878035 -0.2524256 -0.2007388 -0.1129915 0.1042889 0.0023629 -0.3819248 0.0532001 0.0304920 -0.0840696 0.0515040 -0.0803061 -0.1368685 -0.2490721 0.4112442 -0.2602808 0.0121453 0.0410999 -0.1651168 -0.3617417 0.0826437 -0.3227664 -0.0611498 -0.0754268 0.0823831 0.1118631 0.2180272 -0.1324610 -0.3451665 -0.1249244 0.1134599 0.1664394 0.2244797 0.0374989 -0.1858549 0.0148920 -0.0254331 -0.0369589 -0.0591137 -0.0527781 -0.0406907 0.1188035 0.0427344 0.2312203 0.2084424 0.1525063 0.1522372 0.0614676 -0.0011045 -0.6238656 -0.3138439 -0.1445164 -0.4836845 0.6073981 -0.1707821 0.1193337 0.2815290 0.1779057 0.0195821 0.0135825 -0.0987997 0.1802740 -0.1230651 -0.1001054 0.1398082 0.2316130 0.2102577 0.3626020 0.3375811 0.5429520 0.4950629 -0.2129071 0.4070331 0.5017825 -0.0821700 -0.3069778 -0.1810393 0.0507076 0.2843285 0.5764809 -0.0383025 0.4494553 0.2274623 0.1984805 -0.1563081 0.0331750 0.4258869 -0.2083876 0.2386376 0.4196080 0.5422680 0.2733231 0.4487453 0.1022767 0.4504822 0.4798992 0.1231028 0.1498678 -0.1898386
0.1663027 -0.2454157 -0.2097214 -0.1606502 0.1173470 -0.0577200 -0.1993195 0.0411588 0.9035755 0.2173136 0.1464150 0.3472031 0.0464465 0.5359618 0.0000000 0.0739762 0.5611899 0.2499647 0.0107094 0.0218457 0.1502759 0.1803559 0.1455310 0.6076003 0.0109994 -0.3387232 0.7521344 0.7575140 0.2244698 0.7015254 -0.2561576 -0.3332544 0.2405527 0.2713796 -0.2972879 -0.0796118 -0.4056937 -0.2803669 0.3262108 -0.1675465 -0.2599713 -0.0270812 -0.0277139 0.1481192 -0.0829237 -0.4212404 -0.0771696 -0.3883064 0.1058351 -0.3486443 0.0336463 -0.0306447 0.0862356 -0.0350589 0.0003548 -0.2334689 -0.1238705 0.0968996 0.0753781 0.0567705 0.1171536 0.0320713 0.2237398 0.1142520 0.0172380 -0.0562902 -0.0794089 0.1411749 0.2558961 -0.0331479 -0.0510624 0.0948025 -0.0875518 0.2023928 0.1196081 -0.0579401 -0.0236058 0.0142500 0.0517789 0.0386512 0.3311230 -0.3136460 -0.3795439 -0.0781366 -0.4322224 -0.2719274 -0.0620490 -0.0844493 -0.1464360 -0.5393278 0.2645522 -0.0009400 -0.2021966 0.0627922 0.4350312 0.4043520 -0.1562227 -0.1904742 -0.0584693 0.3537124 -0.3749315 -0.2203833 -0.3937033 0.2540886 -0.0431668 0.1628904 -0.1767304 -0.1785300 -0.0516217 -0.2271463 0.1151426 -0.3766472 -0.4534923 -0.0567960 -0.1338352 -0.1593588 -0.0551001 -0.2118929 -0.1240871 -0.3714872 -0.2336447 -0.1308200 -0.3787336 -0.2323553 -0.1510787 -0.4813281 -0.3439737 -0.0937785 -0.2810232 -0.3897280 -0.3067102 -0.4177960 -0.4733000 -0.0457506 -0.4317970 -0.1643244 -0.2139202 -0.2275494 -0.1234017 -0.0625685 -0.1853851 -0.0832676 -0.1599968 -0.2638995 -0.1264526 -0.1913714 0.0207784 -0.1060610 -0.0667118 0.1856527 -0.0937070 -0.0870716 0.0559683 -0.1867902 -0.0867544 -0.1365295 -0.0542230 -0.2240225 0.1253456 -0.1098764 -0.2120372 -0.0019600 0.1372246 -0.0139944 -0.1674045 0.0325371 -0.0552492 -0.1222023 -0.3325578 -0.0942394 -0.1362775 -0.3623030 0.1086163 0.0668981 -0.0752302 0.1423772 0.2937492 -0.0379304 -0.0328743 -0.2486200 -0.0190323 -0.1735493 -0.0419654 0.0040960 0.2155605 0.1465340 0.1111235 0.2251421 0.3417917 0.4831312 -0.4200614 0.1807342 0.2486833 -0.2434089 -0.5117621 -0.2940358 -0.0952046 0.1248561 0.3545841 -0.1927285 0.2346560 0.1758286 -0.1613036 -0.4415421 -0.2757009 0.1980392 -0.3183751 -0.0445635 0.4853039 0.5373721 -0.1027988 0.2269641 -0.2536179 0.3749838 0.2038125 -0.0898834 0.1772232 -0.1135994
-0.1379186 -0.0662894 0.0317587 0.0979718 0.1438760 0.1150106 0.1023690 0.3003293 0.0266820 -0.0458613 0.6528506 0.2419505 0.3078064 0.0740363 0.0739762 0.0000000 0.4205120 -0.2575618 0.8248622 0.1942697 0.2642435 0.2529809 0.6064625 -0.0182413 0.3830135 0.7132887 0.2073723 -0.3911330 0.2751824 -0.2040463 0.3003404 0.2922728 -0.3372594 0.2936206 0.1887749 0.1144262 0.4420929 0.3290702 -0.1522876 0.3359603 0.0978801 0.3462898 -0.0056889 -0.2354900 0.3366565 0.3211558 -0.0067632 0.1137235 0.1547814 0.4751895 -0.1597193 0.2696711 0.2411135 0.4005353 0.4631618 0.4500373 0.1004456 0.2130018 0.1672261 -0.1607131 0.4759216 -0.2415797 0.4006937 0.2409885 0.3089499 0.2118891 -0.2212271 0.0264893 0.1012829 0.2381969 0.2165315 0.4671771 0.0266527 0.5094789 0.2448246 0.3149381 0.5227645 0.1690075 0.3624950 0.1837919 0.1625961 0.2448152 0.0017898 0.1251143 -0.0090693 -0.1059020 -0.1242550 0.5328197 0.1223208 0.1024637 -0.1546814 -0.4079748 -0.5103545 0.1566381 -0.3351138 -0.4807041 -0.1110976 -0.4915148 -0.2167595 0.3565219 -0.2374102 -0.3470121 -0.3948026 0.0590984 0.0984574 -0.3038923 -0.1929987 -0.0405337 -0.2788049 0.0034701 -0.4507277 -0.2731837 -0.1415199 0.3602964 0.1916057 0.2637260 0.3670540 -0.0782154 0.1251111 0.1011246 0.1121771 0.2602792 -0.2783484 -0.4011065 0.2388446 -0.0977790 0.0774755 0.3787465 0.2233596 0.0768445 0.2328482 0.0877136 0.1939145 0.0698415 0.2182411 0.1737046 0.5037649 0.1694379 0.4190511 -0.0823513 0.4359179 0.0167477 0.4465794 -0.1532560 0.5152933 -0.0397775 0.6469186 0.5124915 0.4823442 0.3918868 0.0018863 0.1498737 0.5706843 0.3559303 0.4532170 0.0486622 0.0575813 0.6052290 0.0080912 -0.3099603 0.5186539 0.4883473 0.0322005 -0.0894821 0.6626957 0.5732168 0.2182137 0.0818136 -0.3123749 0.0277137 0.3897991 -0.1623732 -0.1699434 0.0570723 -0.1673994 -0.1232546 -0.0878380 -0.4719233 -0.0415228 -0.2966379 -0.4153447 -0.2457115 -0.0223936 -0.2053014 -0.0377646 0.3688242 0.1898646 0.4896655 0.4787377 0.2638748 -0.2558722 0.6299887 0.3206681 -0.2521757 -0.1604739 -0.1939329 -0.0943810 0.1053226 0.2052575 0.1031991 -0.0048095 -0.4639178 -0.4482783 -0.3530047 -0.0657419 0.3031697 -0.0112297 0.2031193 0.0335713 -0.1179422 -0.4393625 -0.1672550 0.1204509 -0.0419253 0.1248340 -0.0765254 0.0311673 0.0789766
0.5101339 0.1315888 -0.0333967 0.1918948 0.1221233 0.3076849 0.0481663 0.2470678 0.6663163 0.5656668 0.5273368 0.1601629 0.2629795 0.7927369 0.5611899 0.4205120 0.0000000 0.1776668 0.2363122 -0.0156243 0.1048781 0.3960140 0.4385373 0.2887035 0.6156152 0.2098233 0.7430707 0.2295496 0.1340758 0.4012988 -0.0191240 0.2473486 -0.1238252 0.1046320 0.0914259 -0.0462304 0.1828321 -0.0200369 0.4154124 -0.3683357 -0.1536090 0.0913504 0.0616330 -0.2065731 0.0301270 0.1257930 0.0787396 -0.1039801 -0.0167884 0.0016103 0.0052795 0.0910560 -0.0108773 -0.1066627 0.2831494 0.3857857 0.1713923 0.0969622 0.1601361 0.0294342 0.1966979 -0.0929725 0.5179415 0.0832778 -0.0021420 0.2943494 -0.0991157 -0.1229167 0.3206865 0.0028770 0.1691403 0.3097183 -0.1877029 0.3337822 0.5767836 0.0296028 0.2779207 0.3699954 0.3097060 0.2195074 0.7347555 -0.2620675 0.0953402 0.1233188 -0.2097097 -0.0903606 -0.0777398 0.1392412 0.0830270 -0.1453248 0.2771524 0.1312504 -0.1481789 0.1268314 -0.0456150 -0.2135975 0.2530413 -0.0605696 -0.4875268 0.5169944 -0.5362939 -0.0653267 -0.1204578 0.3446383 0.4256201 -0.2957525 0.0306848 0.3054874 0.0896167 0.2368696 -0.1709610 -0.0643764 0.0049847 0.1896678 0.1650914 0.1864732 0.1793987 -0.0833693 0.1887786 -0.1248790 -0.0706061 0.0224446 -0.2223881 0.0145616 0.0471761 -0.2017306 -0.0808233 0.2068205 0.0247915 -0.0681662 -0.1040805 -0.2308525 -0.2443051 0.4788223 -0.2924052 0.2415778 0.2381295 -0.0173484 -0.0487782 0.0399468 0.0517075 -0.0314083 0.0467549 0.1532957 0.4215807 0.2245747 0.1850111 -0.0081120 0.1400476 0.3589020 0.1389958 0.3989611 0.2788917 0.1849247 0.2134493 0.0659244 0.0583214 0.3602799 -0.0271547 -0.1003314 0.3887118 0.2581950 0.4399279 0.1068910 0.3683378 0.5503533 0.3544014 0.0028715 -0.5757091 -0.1769218 0.0763551 -0.4748689 0.2564971 0.0027454 -0.0306229 0.0444049 0.0378110 -0.2631011 -0.0331884 -0.2892380 -0.1803605 -0.2827176 -0.0522894 -0.1534967 0.0971823 0.1577385 0.2981324 0.4819870 0.5317567 0.3720446 -0.2773565 0.5377062 0.5837782 -0.2230213 -0.2761749 -0.1949419 -0.0343523 0.3247318 0.6433904 0.0875045 0.4564956 0.0707086 -0.1428331 -0.3697041 -0.0329695 0.5279706 -0.1873263 0.1332925 0.2978906 0.4747499 -0.0678264 0.3622481 -0.0953894 0.3504593 0.3780204 -0.1136466 0.2368762 0.0623289
