0.0000000 0.4494809 0.4378925 0.3557381 0.1629821 0.2316924 -0.2739837 0.2872811 0.4840560 0.3630686 0.1779728 0.1253779 0.2511011 0.2589482 0.5353625 -0.0930510 -0.0777363 -0.0201761 -0.1779268 0.1699231 0.0086829 0.2166531 0.1745764 0.2432010 0.0227094 -0.1019584 0.2631990 0.1650676 0.0553781 0.3218950 0.1280990 -0.0442553 0.1380053 0.1805082 -0.0598486 -0.0854889 -0.0516784 0.0890853 -0.1442707 0.2111994 -0.0350830 0.0350896 -0.1193812 0.0169498 0.2133556 0.0635065 -0.0621022 -0.0625301 0.0645032 0.4761915 -0.2619127 -0.1194844 0.2423268 0.0659583 0.0914586 0.1063423 -0.0263684 0.0632325 0.0919836 -0.1895749 0.0789435 -0.0877306 0.1317437 0.2396372 0.2281235 0.0397495 -0.1470507 -0.1700193 0.1036245 0.0358536 0.0606068 0.3670658 -0.0561826 0.0708385 -0.0790617 -0.0580864 0.0105690 0.1571993 0.1285631 0.0878110 0.2568861 -0.3830445 -0.1160107 -0.4016201 -0.3744959 -0.1776604 0.2853046 -0.0055343 -0.1471193 -0.2111630 0.0192081 -0.3393567 -0.1964406 -0.0609894 -0.1338511 -0.2131414 -0.3430233 -0.1826205 -0.1299771 0.2172515 -0.1651319 -0.2813025 -0.2392127 0.0528381 -0.2202924 -0.1430388 -0.4776342 -0.3720300 -0.3512054 -0.3027869 -0.3040137 -0.4711217 -0.3258007 -0.0377693 -0.3905063 0.0311694 0.0035432 -0.2711530 -0.0556491 -0.2384593 0.2513786 0.2987393 0.0544879 -0.2500951 -0.1363558 -0.3502700 0.3753481 -0.1605575 -0.1402966 0.1925296 0.1089788 0.2824263 0.2116642 -0.0156734 0.0965923 -0.1695032 0.0499583 -0.1590748 0.1253562 -0.3749244 -0.2039089 -0.4759306 0.0244173 0.0564788 -0.1254448 -0.2736973 0.1161994 0.0838650 -0.2323920 -0.2753784 -0.4369237 -0.3775423 -0.1045430 -0.1982369 0.2299105 -0.1354241 -0.4688026 -0.0380374 -0.3267826 -0.3296135 -0.0722502 -0.3659455 -0.0708025 -0.3531674 -0.1794262 -0.1537753 -0.0428345 -0.4452225 -0.5243021 -0.3694605 -0.1638113 -0.2822197 0.6407595 0.1291829 0.0708597 0.1569102 0.1097984 0.0705729 -0.0798518 0.0491033 0.0556635 -0.0028715 0.0617350 0.0834191 0.1956873 -0.0058976 0.0112463 -0.3062297 0.0015556 0.1446076 -0.4467405 0.2460940 0.2651524 -0.4174687 -0.3764561 -0.3243107 0.0210649 0.2331798 0.1036039 -0.3094347 0.1435797 -0.2324644 0.0284223 0.1615233 0.3847544 0.2043690 -0.5426650 0.3998683 0.0782637 -0.0405960 -0.0662487 0.0668454 0.2488274 0.1652000 -0.1141510 0.3235673 -0.1081954 -0.0110008
0.4494809 0.0000000 0.7522228 0.7822438 0.4411873 0.7095029 0.3316125 0.5773440 0.6566783 0.5331163 0.3564963 0.6972474 0.4717810 0.4997511 0.6297277 -0.1064560 -0.0886710 0.2578690 0.1778688 0.5246535 0.6293955 0.3505699 0.1377761 0.4565405 -0.0057689 -0.2016414 0.1194875 -0.2800571 0.4840435 0.1056324 0.4140748 -0.1134463 0.1244390 0.3018319 -0.0817308 0.4755865 -0.0381424 0.1421201 0.0264272 -0.0390376 0.2114200 0.4057188 0.0003060 -0.3981330 0.0741072 0.1394969 -0.0482498 0.0246197 0.0970891 0.2045869 -0.2601686 0.0762020 0.3895196 -0.1454068 0.0853632 0.1551563 -0.0076995 -0.3776025 0.4470144 -0.1283847 0.4286170 -0.2224693 0.2228959 0.2540634 0.2781959 -0.0499808 -0.2443315 -0.3860890 0.0957870 -0.2106666 -0.0568201 0.5645337 -0.3405713 0.5358520 0.0377950 -0.1374660 0.4120545 -0.1448313 0.2343554 0.3604910 0.2462609 -0.1732896 -0.2738864 -0.4623669 -0.6444571 -0.4223736 0.1561339 -0.4892844 -0.6449860 -0.7667839 -0.4434369 -0.6310127 -0.1499896 -0.5793269 -0.3707123 -0.5269975 -0.4088594 -0.2471167 -0.6439768 0.0427532 -0.7116860 -0.5046209 -0.4741131 -0.3377493 -0.4684588 -0.3880335 -0.5520559 -0.5186498 -0.5567711 -0.2563220 -0.6802698 -0.5060944 -0.3540544 -0.3962486 -0.0893215 -0.3089754 -0.4086713 -0.2326035 -0.1643775 -0.2805214 -0.2224925 -0.0716194 0.0490590 0.3005800 -0.2190787 0.0782211 0.2881548 -0.1920302 -0.3018084 0.3003610 -0.2357429 0.4378402 0.2586815 0.2488738 0.4521835 -0.2257731 -0.1673159 -0.3839169 -0.1871855 0.3282312 0.0400382 0.3422972 0.4856057 0.6852053 0.0036130 -0.2827752 -0.1901890 0.0195236 0.1854924 0.3070768 0.0045449 0.2074485 -0.1669636 -0.0603086 0.4822242 0.2788819 0.1217569 0.0612838 0.3053101 -0.4443462 0.3397272 -0.1858860 0.2182688 -0.3155076 0.0678628 -0.0719365 0.1665620 0.0472947 0.0060297 -0.3521470 0.2059859 0.1866813 0.0671815 -0.1340281 0.7486819 0.6110616 0.6917045 0.4469790 0.6227998 0.3880081 0.2203205 0.4516171 0.1765728 0.3569434 0.2766239 0.4059419 0.3498632 0.3810443 0.5869028 0.6505351 -0.0941175 0.6573096 0.3922484 -0.0955232 -0.0948583 -0.0125519 0.4184239 0.6468605 0.4683142 0.2182172 0.6720183 0.2411995 0.4811600 0.2497343 0.3134076 0.2023631 0.0616845 0.2636993 0.3812746 0.4264981 0.1259099 0.5196584 0.5242742 0.7045840 0.3906056 0.3976123 0.1819594 0.4820921
0.4378925 0.7522228 0.0000000 0.7064558 0.6936020 0.6328794 0.1581533 0.7469600 0.4840335 0.4633897 0.4153748 0.7092346 0.7018954 0.3250647 0.6182882 -0.0179465 0.0071769 -0.0027623 0.1751110 0.6537059 0.6358992 0.3499047 0.3482119 0.5586814 0.0883891 0.0067134 0.1779746 -0.0542498 0.4688940 -0.0613435 0.5373993 0.0877625 0.2732574 0.5313226 0.1730202 0.5097842 0.1332349 0.3510145 -0.1642471 -0.0010931 0.3212688 0.5322592 0.2199531 -0.1252100 0.4255797 0.3758946 0.1862937 0.2058854 0.2190267 0.3810241 0.0222043 0.2951987 0.5557147 0.0383882 0.3705717 0.4335269 0.2805301 -0.1223057 0.5979059 0.1154046 0.6308371 0.0752987 0.4899165 0.4847344 0.5373836 0.2398250 -0.0727232 -0.1014217 0.4229395 0.0813512 0.2239258 0.7246539 -0.1168116 0.7113417 0.3163025 0.1230119 0.6243207 0.2458772 0.4597602 0.5944301 0.6065388 0.0887128 -0.1809435 -0.2875604 -0.3589334 -0.3714979 0.1224375 -0.3334715 -0.6317064 -0.5445109 -0.5526546 -0.6358020 -0.2708936 -0.4098681 -0.4464977 -0.5418477 -0.4262617 -0.4171247 -0.5620183 -0.1574310 -0.6480612 -0.5958882 -0.3849207 0.0373498 -0.6158844 -0.4548426 -0.4793338 -0.3256030 -0.6856818 -0.1140636 -0.6654080 -0.4793371 -0.2480964 -0.3296047 -0.2897828 -0.4401752 -0.5426566 -0.3207415 -0.3195258 -0.4801745 -0.2912999 -0.0230328 0.1027560 0.3916000 -0.4311576 0.0509268 0.5174117 -0.3504129 -0.4587860 0.5848270 -0.2649035 0.6437854 0.2653992 0.4684101 0.6911454 -0.3438963 -0.3119701 -0.5582253 -0.4154512 0.1576714 -0.1156215 0.0400860 0.6518713 0.7883904 -0.2134487 -0.3618661 -0.4247905 -0.2513216 0.2016234 0.2219054 -0.1794593 0.2163170 -0.4645701 -0.0411572 0.2269313 0.4917089 -0.0009230 -0.2130251 0.3543954 -0.4382023 0.5353299 -0.2966668 0.4085017 -0.3730434 0.2004677 0.1554005 0.3356812 -0.0931770 -0.1015480 -0.3988072 0.4324073 0.2512118 0.1554272 -0.0397859 0.5187153 0.6319939 0.7498196 0.6575806 0.6260372 0.6258334 0.5164377 0.4586782 0.2625140 0.3836147 0.2793361 0.5480539 0.4586443 0.4140980 0.7995707 0.7846187 -0.2665274 0.8640741 0.6171803 -0.1087963 -0.0656964 0.1528013 0.7320308 0.8232130 0.6726322 0.2612957 0.7570791 0.3311419 0.5019655 0.5669408 0.6879660 0.6378096 0.1022454 0.5266929 0.1776403 0.6656309 0.1798026 0.6248374 0.7417409 0.7632190 0.4809880 0.6372334 -0.2270769 0.1022526
0.3557381 0.7822438 0.7064558 0.0000000 0.3706941 0.7171799 0.1632450 0.7012998 0.8041008 0.7248002 0.6981514 0.6076176 0.5356554 0.7225117 0.7689819 0.3014890 0.1315775 0.4289353 0.4154912 0.6369979 0.5014942 0.5506135 0.5855256 0.3159992 0.2873474 0.2496797 0.4456606 -0.5738269 0.4397578 0.1946604 0.6901388 0.2067801 -0.2214025 0.3851618 0.3187330 0.2363750 0.2708096 0.4076999 0.3408987 0.2319688 0.4618314 0.3008899 0.4555837 -0.4480816 0.1942288 0.3856265 0.1792082 0.2680550 0.2104420 0.2947513 0.0090872 0.5294743 0.5638390 0.2921429 0.2727579 0.3981066 0.2696461 0.0702718 0.2496767 0.2576361 0.4098118 0.2219982 0.2520262 0.6197857 0.2587377 0.1573940 0.1527634 0.0879155 0.2848932 0.0958741 0.3244540 0.6807771 0.0762583 0.6019772 0.1989493 0.1900593 0.5231087 0.1670786 0.4695253 0.5337639 0.4322058 0.0122831 -0.3470366 -0.4653352 -0.5789131 -0.5954627 0.0035630 -0.3020828 -0.6761324 -0.5680075 -0.5832599 -0.7531293 -0.3624054 -0.4844439 -0.3488633 -0.7141396 -0.6375696 -0.4540126 -0.5177067 -0.0985258 -0.6364221 -0.6985715 -0.5252754 -0.2891917 -0.6970039 -0.5466836 -0.6227925 -0.5410715 -0.7185572 -0.3272965 -0.7938273 -0.6975206 -0.3213599 -0.3498808 -0.3150937 -0.4050407 -0.4481805 -0.3779146 -0.3494345 -0.4377332 -0.1094826 0.1476044 -0.0593290 0.4556459 -0.3561788 0.0927408 0.4677070 -0.1887560 -0.3419859 0.5571717 -0.2417014 0.3893554 0.2586493 0.3846627 0.5544875 -0.2528897 -0.2524871 -0.4155372 -0.2792359 0.2224731 0.1901666 0.2180812 0.6386143 0.6750215 -0.1179850 -0.4213552 -0.2492010 -0.0167797 0.4580263 0.2421711 -0.0542053 0.0515136 -0.3302968 0.1238840 0.4283833 0.3971892 0.4024018 -0.0035709 0.5766051 -0.3408591 0.4819674 -0.1863298 0.3744738 -0.1491299 0.1873556 -0.0477122 0.2961906 0.1645825 0.1282292 -0.1973786 0.4108513 0.3717435 -0.0925831 -0.3972280 0.5557677 0.3159139 0.4893374 0.3074568 0.4240003 0.2683445 0.2371188 0.1438614 -0.2023171 -0.0282775 -0.1163177 0.2299079 0.1237410 0.3521239 0.5664726 0.6064366 -0.2369389 0.6592919 0.3637738 -0.0636109 -0.0073481 0.1151026 0.6329189 0.6943175 0.5766847 0.2412465 0.7537695 0.2973672 0.2261056 0.3277447 0.2210558 0.3927652 0.0044556 0.2656989 0.2304713 0.6284390 -0.0821195 0.5623411 0.7056927 0.7060578 0.2398614 0.4762602 0.2097098 0.4648262
0.1629821 0.4411873 0.6936020 0.3706941 0.0000000 0.1400616 0.1312332 0.6360435 0.2053015 0.0865528 0.3051165 0.5587988 0.8540936 0.1113795 0.3279670 0.2385946 0.1406166 -0.1441398 0.4088288 0.8526310 0.5253262 0.6435472 0.4150739 0.3441232 0.4086817 0.2942385 0.0311364 -0.0843295 0.4266347 -0.3252941 0.7287594 0.4407561 0.3311976 0.4607875 0.4448502 0.3067191 0.3851761 0.6243525 -0.1387778 -0.1467731 0.6000689 0.4047661 0.3746494 -0.1404532 0.3849539 0.5529265 0.3955838 0.5386193 0.0887102 0.5662745 0.2854170 0.3263660 0.3386046 -0.0390355 0.6747952 0.6454593 0.5568586 -0.0821139 0.7113882 0.3046072 0.5920978 0.2125930 0.6892926 0.3560657 0.4785657 0.6064342 0.1733672 0.1334699 0.6880092 0.1449453 0.3516251 0.5193689 0.1079565 0.6897931 0.6611167 0.2999032 0.5462441 0.3537226 0.5871463 0.6143437 0.5591259 0.0254897 -0.2409760 -0.4302987 -0.4971169 -0.4761909 -0.2097483 -0.2989691 -0.4272376 -0.3580459 -0.4090583 -0.3941120 -0.2692380 -0.2906606 -0.1221153 -0.2296330 -0.3033255 -0.2943718 -0.1368945 -0.0944710 -0.4169276 -0.4167292 -0.3057205 0.0226732 -0.4062084 -0.1309560 -0.3774837 -0.3222025 -0.3654413 -0.2275673 -0.3022960 -0.3918657 -0.1908298 -0.1852381 -0.1410961 -0.1951346 -0.2581590 -0.1122455 -0.0943805 -0.2210908 -0.0120737 0.2686180 0.1719969 0.5314640 -0.2627625 0.1740440 0.6874752 -0.2907639 -0.3293576 0.5694994 -0.1713616 0.4031562 0.4349834 0.5106336 0.5177323 -0.3236569 -0.3843895 -0.4267549 -0.4463488 0.4077210 -0.2695565 0.2059980 0.6800897 0.5701097 -0.2826815 -0.2850852 -0.5108346 -0.4975475 -0.0521199 0.6098681 0.2658285 0.2355976 -0.3191761 -0.1154131 0.1800226 0.4041351 0.0258480 -0.4089975 0.2639240 0.0597772 0.6052575 0.1588873 0.4165946 0.0611327 0.4242930 0.1356743 0.2720186 -0.2740556 -0.1590114 -0.0995465 0.3022796 -0.0126588 -0.0442267 -0.1597565 0.2174234 0.4240089 0.5170034 0.5287185 0.3893388 0.4403465 0.3104056 0.2828252 0.3681589 0.3892820 0.4741540 0.5712251 0.7719233 0.6711439 0.6687109 0.5755091 -0.0718242 0.6360742 0.4840200 0.1836429 0.1067772 0.2435189 0.4897639 0.6141948 0.6577888 0.2416238 0.5832101 0.0851507 0.1172605 0.2404663 0.5607148 0.4716944 0.1029436 0.5266380 -0.0343451 0.4200750 -0.1308501 0.5604981 0.5863288 0.6784020 0.6179561 0.5795928 -0.2278355 0.0785875
0.2316924 0.7095029 0.6328794 0.7171799 0.1400616 0.0000000 0.2176646 0.6024874 0.5550848 0.8033827 0.5788837 0.7090039 0.3366214 0.5500756 0.6086322 0.0123266 0.1765693 0.1914148 0.1228744 0.2472828 0.6457451 0.2319092 0.2898292 0.5768838 -0.0519435 0.0000041 0.1372407 -0.2390805 0.6583685 0.1397356 0.3163207 -0.0811919 0.0786658 0.6012948 0.1373034 0.6431429 0.1300743 0.1370905 0.3362473 0.1838626 0.1361299 0.6641146 0.2868334 -0.1428930 0.3872774 0.2174412 0.1418862 -0.0160794 0.3217475 -0.0777238 0.0741784 0.3456390 0.6099650 0.2850720 0.0648590 0.2296851 0.1426735 -0.0057731 0.4055361 0.2286357 0.4917935 0.1215921 0.3161455 0.4370111 0.3332949 0.0429269 0.0650676 -0.0514738 0.1374360 0.1456912 0.2046404 0.6197902 -0.0680322 0.5699531 0.1305365 0.1584528 0.5823317 0.1012255 0.3549677 0.4272300 0.4076126 0.1817715 -0.0136639 0.0757081 -0.1153608 0.0025862 0.1267511 -0.2673374 -0.3160107 -0.3592142 -0.5135033 -0.4693645 -0.1070339 -0.3713896 -0.3224960 -0.3543822 -0.2709853 -0.1468392 -0.4574350 -0.0795694 -0.4033021 -0.3562659 -0.2323199 -0.0323655 -0.4111986 -0.2540875 -0.1436406 -0.1493853 -0.4919782 0.0330572 -0.4915718 -0.1597983 -0.0314133 -0.3864237 0.0356799 -0.3728957 -0.5034035 -0.1051297 -0.1463162 -0.3780165 -0.3129312 -0.2070343 -0.0018952 0.4319786 -0.3271799 0.0380857 0.1914532 -0.1237153 -0.4547110 0.4665351 -0.3490071 0.5118606 -0.1358101 0.3285443 0.4359783 -0.2243120 -0.1712275 -0.5672638 -0.3988936 0.2635294 -0.0830990 0.3024352 0.4585189 0.6537587 -0.0805949 -0.2592722 -0.3657408 -0.1120444 0.2687086 0.2427261 0.0164186 0.1858208 -0.3291247 -0.1950301 0.2854860 0.2852573 0.2324423 0.0164291 0.4606605 -0.4100453 0.4109231 -0.0867382 0.2290248 -0.2880895 0.2545957 0.0308169 0.1841009 0.1560622 0.0743922 -0.1523167 0.2596195 0.2504340 0.1171809 -0.0221577 0.6845567 0.4893652 0.6204257 0.3095159 0.7017849 0.5312125 0.3874721 0.4913752 0.1394403 0.2072239 0.0730320 0.3758193 0.0288867 0.2240203 0.6661684 0.6982981 -0.1562372 0.6096988 0.2315816 -0.2740268 -0.1595488 -0.1112999 0.5226182 0.6053903 0.5866528 0.2608146 0.5985797 0.3251144 0.5395328 0.3869700 0.2726344 0.4194358 0.1244685 0.1709441 0.2879299 0.7359996 0.2082636 0.5384391 0.4530287 0.6597739 0.3530027 0.2438047 0.0446577 0.2672854
-0.2739837 0.3316125 0.1581533 0.1632450 0.1312332 0.2176646 0.0000000 0.3087004 0.0890341 -0.0220534 0.0775527 0.3001188 0.2652866 0.1615475 0.1472254 0.0033047 -0.0554271 0.2813640 0.2705238 0.2953297 0.1524962 -0.0006088 0.0583441 0.0244018 -0.0187017 -0.0203607 -0.0373318 -0.1651130 0.1724430 -0.1121062 0.1769039 -0.2162657 -0.1244211 -0.0507243 -0.0219135 0.1976429 -0.0092121 -0.0469701 -0.2663244 -0.2667209 -0.0633607 0.1831669 -0.0947725 -0.4427730 -0.0871707 -0.1396033 -0.1945788 -0.1481328 -0.2697474 -0.2217875 -0.0452811 -0.1076155 0.0209715 -0.2018261 -0.1510403 -0.0756283 -0.0274870 -0.4201553 0.2823541 -0.0279613 0.3087953 -0.1772662 -0.0984915 0.0453671 -0.1463885 -0.1154649 -0.0475744 -0.0420571 -0.1486253 -0.0229943 0.0066475 0.1584640 -0.0385449 0.3464471 0.0531776 0.0759527 0.3540300 -0.0145027 0.1438996 0.2473486 -0.0290881 -0.2148365 -0.0588798 -0.2114335 -0.1959053 -0.2169324 0.3566987 -0.2193198 -0.2355140 -0.3775651 -0.0325373 -0.1355118 0.1053524 -0.3599021 -0.0078577 -0.2994884 -0.1085504 -0.1440117 -0.3848726 -0.1337098 -0.3315171 -0.2191786 -0.0511154 0.0133078 -0.1656957 -0.2255534 -0.1739442 -0.0937476 -0.1496648 -0.2582680 -0.2420030 -0.1105128 -0.3953235 -0.5386016 -0.0756026 -0.2892500 -0.2094434 -0.0029716 -0.0610573 -0.0178927 0.0247970 0.0056842 -0.2246903 0.3189207 -0.1067361 0.1565128 0.1623740 -0.1239968 -0.0449344 0.0758939 -0.0648901 -0.3238735 0.4174082 0.1914362 -0.1786377 -0.2109226 -0.2042860 -0.0443129 -0.1794685 0.2323269 -0.2031731 0.3365582 0.2653181 0.2720928 -0.0967220 -0.1628326 -0.1553852 -0.2348473 0.1657826 0.1743957 0.0065959 0.1353981 -0.0551122 0.0037089 -0.2759612 0.2570270 0.2436056 -0.2734526 0.2768234 -0.2585111 0.0697248 -0.0979495 0.1787608 -0.1410895 -0.1223697 -0.1480537 0.0186641 0.0686469 0.1094220 -0.2162340 -0.0813579 0.1462380 -0.1378447 -0.2804596 0.4419877 0.4908667 0.3655676 0.2644473 0.1744164 0.0554852 0.0071099 0.2270435 0.0254063 0.1936126 0.2323646 0.1672476 0.3191738 0.4190605 0.3874947 0.1686511 0.1343575 0.3132106 0.2642117 0.1140832 0.0911625 0.3019254 0.0733851 0.3339791 0.0552036 0.2097299 0.3483596 0.5894398 0.5846227 0.1405771 -0.3103963 -0.0980576 0.4086261 0.1856476 0.2759670 0.2014647 0.3481045 0.2786932 0.0377436 0.2577914 0.3429791 0.1473576 0.2879030 0.2869851
0.2872811 0.5773440 0.7469600 0.7012998 0.6360435 0.6024874 0.3087004 0.0000000 0.3888507 0.6037832 0.8162400 0.5129482 0.9123955 0.4852803 0.4988503 0.5296567 0.4302222 0.0388388 0.6889569 0.6930230 0.4042883 0.5854429 0.6268489 0.3918499 0.5795399 0.5123231 0.1113446 -0.2708709 0.4391752 -0.2057293 0.7920090 0.4958695 0.0439288 0.5340290 0.6293077 0.3986598 0.6090915 0.6564197 0.2548437 0.1648992 0.5357865 0.5738700 0.6633837 -0.2813959 0.4843818 0.7119757 0.5705572 0.3882335 0.1953244 0.4135326 0.4703932 0.6610849 0.6033204 0.4084839 0.5514213 0.7331432 0.7141375 0.2278038 0.6222756 0.5968288 0.7590803 0.4756224 0.6230865 0.7460968 0.4003954 0.5146404 0.4762454 0.4123519 0.5603117 0.5429433 0.6234089 0.7602520 0.3555432 0.8864216 0.6537835 0.6352302 0.8259945 0.5626748 0.7886533 0.7902655 0.7390910 0.1293794 -0.0178366 -0.2422095 -0.4156885 -0.2919800 -0.0667518 -0.3222815 -0.4191610 -0.4579009 -0.4984344 -0.4821179 -0.3339226 -0.4049591 -0.4048644 -0.4752834 -0.4206935 -0.3602923 -0.3940286 -0.0108578 -0.4610090 -0.5497254 -0.1660309 0.0701395 -0.5856434 -0.4019003 -0.3983610 -0.2129305 -0.5228296 -0.4022136 -0.4392205 -0.5081206 -0.2986161 -0.5364568 -0.3880352 -0.4868239 -0.5419711 -0.3862389 -0.3534899 -0.4751568 -0.0959856 0.1347255 -0.0074698 0.5543616 -0.4978372 -0.0891142 0.7187504 -0.2853614 -0.5942914 0.7701667 -0.2888093 0.3947622 0.2428728 0.5881708 0.3763678 -0.4883583 -0.4592897 -0.6826027 -0.6366911 0.1180016 -0.2544685 0.1194779 0.7966926 0.7172388 -0.4651771 -0.4767469 -0.6402756 -0.5975158 0.2130588 0.4452875 0.0079676 0.0946621 -0.5650085 -0.1798952 0.1154442 0.6038297 0.2548958 -0.5082962 0.5634199 -0.1160956 0.6175374 0.0812588 0.6012900 0.0379091 0.3784113 0.2689177 0.3936998 -0.0796312 -0.1380540 -0.1206238 0.3126369 0.1570636 0.1303770 -0.2293158 0.4354214 0.4446154 0.4929107 0.4562551 0.4087272 0.5074642 0.4649244 0.3174484 0.1664540 0.1785398 0.1835638 0.4822942 0.4707204 0.5753612 0.7840645 0.5507295 -0.2456288 0.6886740 0.3646494 -0.2170208 -0.1884025 -0.0567810 0.5113773 0.6696192 0.8149349 0.0568754 0.7128593 0.2995036 0.3364792 0.1834252 0.3057285 0.5988387 0.0074303 0.3985646 0.1056249 0.7282750 0.0199177 0.4127672 0.6626362 0.6804081 0.3578163 0.5855591 -0.1574180 0.0132492
0.4840560 0.6566783 0.4840335 0.8041008 0.2053015 0.5550848 0.0890341 0.3888507 0.0000000 0.6481113 0.5050731 0.4093625 0.3281946 0.6718890 0.9112723 0.1050956 -0.0548349 0.6762673 0.0786255 0.5629979 0.2398353 0.5592130 0.5470287 0.0833367 0.1170611 0.1076042 0.5429105 -0.5566350 0.2042880 0.4121901 0.5432290 0.0134379 -0.3892792 0.1426468 0.1557247 -0.0798940 0.0974953 0.2526343 0.2169547 0.1622838 0.3817195 -0.0522212 0.2011893 -0.4797619 -0.0358635 0.0448113 -0.1301740 0.2320378 -0.0506623 0.2831186 -0.2425115 0.1713819 0.2276422 0.1310758 0.1613498 0.1466732 0.0330048 -0.0120798 0.1168327 0.0383683 0.1282887 -0.0179085 0.0790066 0.3117490 0.0490771 0.0790739 0.0024875 -0.0200262 0.1134496 -0.1023388 0.1507786 0.3784700 -0.0242315 0.2657534 -0.0338296 -0.0514105 0.1610782 0.0575234 0.2437416 0.2034257 0.2148723 -0.1957366 -0.2262743 -0.4610549 -0.4992124 -0.5894349 0.2068175 -0.0264476 -0.4017804 -0.2908739 -0.2903125 -0.7144905 -0.2291605 -0.1975426 -0.0791112 -0.6280675 -0.6757180 -0.2897629 -0.3043304 0.0986942 -0.3854435 -0.5784832 -0.4687658 -0.1097892 -0.5315170 -0.3657387 -0.5613603 -0.5348305 -0.5201650 -0.3122971 -0.6407260 -0.6044070 -0.2709644 -0.0164399 -0.1686995 -0.0607473 -0.0688178 -0.1093092 -0.0675842 -0.1656612 0.2734902 0.3868918 -0.1012218 0.2539006 -0.0686580 0.1722348 0.5218733 -0.0925565 0.0062923 0.3882739 0.0944157 0.1921795 0.4819572 0.2569444 0.4253318 -0.1207185 -0.0603675 -0.0912130 0.0730866 0.1355915 0.1417218 0.0270174 0.4069701 0.3861384 0.0883393 -0.4049423 0.0675432 0.1824980 0.3272946 0.0625633 -0.0775997 -0.1376497 -0.0970449 0.1788052 0.5840563 0.0272661 0.0850530 0.0902337 0.2702296 -0.3060061 0.2627043 -0.2617115 0.0585022 -0.2368545 0.0343985 -0.4467784 0.0020889 0.1527604 -0.0041632 -0.1891383 0.1567746 0.1718264 -0.0652958 -0.4834783 0.3285523 0.1016230 0.1952982 0.1031431 0.1419610 0.0473142 0.0215358 0.0233529 -0.1850223 0.0276805 0.0696491 0.0787276 0.0831794 0.1296208 0.2438894 0.3208218 -0.1589764 0.3412600 0.2096576 -0.0501604 0.0690333 0.1325932 0.4622596 0.4912254 0.2803195 0.2791156 0.4898576 0.2096292 0.1957985 0.2997143 0.2367214 0.1910201 -0.0228892 0.3661439 0.1287250 0.3627732 -0.0713372 0.4854569 0.5528973 0.5509194 0.1674218 0.4734225 0.3486572 0.5840902
0.3630686 0.5331163 0.4633897 0.7248002 0.0865528 0.8033827 -0.0220534 0.6037832 0.6481113 0.0000000 0.7836726 0.4862329 0.3662783 0.8172693 0.6223789 0.1864693 0.4329661 0.2039943 0.2406076 0.3178597 0.3879608 0.3433365 0.5403976 0.3536697 0.1697467 0.1549904 0.4366705 -0.3607483 0.4130542 0.0892740 0.4907462 0.1610258 -0.1794845 0.4338539 0.2800343 0.3479060 0.1808383 0.3153162 0.4762479 0.1250883 0.2965532 0.3180895 0.4579771 -0.2910875 0.1981034 0.3023268 0.1450422 0.1691244 0.0657680 -0.0002279 0.0392759 0.3969434 0.3835104 0.3266160 0.2375582 0.3492273 0.2748612 0.1366357 0.1384573 0.2976361 0.1927844 0.1746271 0.3428193 0.4309524 -0.0222087 0.2412793 0.1977817 0.1402699 0.2737631 0.2625809 0.4397045 0.5431058 0.0349446 0.3847457 0.2319450 0.2479000 0.4740998 0.3432106 0.4391783 0.4413159 0.4508587 0.1260902 0.0382468 0.0368169 -0.0865828 -0.1862775 0.0007726 0.1517134 -0.2108960 -0.1586462 -0.5000114 -0.5839672 -0.3114565 0.0169624 -0.2153812 -0.4739588 -0.4464707 -0.2734645 -0.1933728 0.2418550 -0.2680617 -0.5476043 -0.3082720 0.1673224 -0.5778099 -0.3358847 -0.2821469 -0.2682592 -0.5341476 -0.0183569 -0.4603935 -0.3670007 -0.1577076 -0.3351722 -0.2337105 -0.4375582 -0.4974177 -0.3598914 -0.3865157 -0.4795180 -0.1843396 0.1359083 -0.1914292 0.4448884 -0.4930196 -0.0265639 0.3586618 -0.2142346 -0.5270806 0.5314044 -0.3810621 0.2485977 -0.0830685 0.3712587 0.3349103 -0.3822193 -0.3770601 -0.6280011 -0.4427487 0.1522191 0.0101364 0.0374499 0.5030150 0.4070206 -0.2847064 -0.4528069 -0.4467452 -0.2182540 0.4704819 0.2381098 -0.0275167 -0.1663019 -0.5262669 -0.0135563 0.4099141 0.0458319 0.2546784 -0.1731689 0.4809013 -0.3268449 0.4873314 -0.0045619 0.1270561 -0.1778857 0.3510079 -0.1812394 0.1293928 0.1683556 0.0075386 -0.0158236 0.4260049 0.3777689 0.2100285 -0.0576069 0.4621454 0.2162977 0.2811458 0.0800352 0.3805500 0.4284340 0.4347253 0.3105006 -0.0666216 0.0596253 -0.1067854 -0.0304941 -0.0767104 0.0964590 0.4320288 0.4559520 -0.3066316 0.4276530 0.2161436 -0.2095903 -0.1142313 -0.0962029 0.4446356 0.5463050 0.5018008 0.1550279 0.3037506 0.0403157 0.2156696 0.2011386 0.2276463 0.4213280 -0.0581176 0.3196224 -0.1668918 0.5013318 -0.2100868 0.4546670 0.3168852 0.6030487 0.3038849 0.2547495 -0.0678823 0.1541397
0.1779728 0.3564963 0.4153748 0.6981514 0.3051165 0.5788837 0.0775527 0.8162400 0.5050731 0.7836726 0.0000000 0.2913810 0.6725626 0.6582026 0.5168834 0.7037900 0.6872846 0.3167317 0.7196830 0.5113818 0.2182397 0.5991994 0.8029935 0.1381094 0.6118650 0.6448153 0.2998464 -0.5775441 0.2780642 -0.1315731 0.7601978 0.5028498 -0.3321244 0.3874094 0.6860227 0.1992983 0.6370814 0.5723115 0.6455336 0.2074883 0.5433360 0.3092119 0.8472469 -0.4136617 0.2724665 0.5971024 0.5124704 0.3749447 0.1200184 0.1768412 0.4530368 0.7792951 0.4558498 0.5540387 0.4058259 0.5932848 0.6525736 0.4347114 0.2889204 0.6766175 0.4482802 0.5774125 0.3970506 0.6928914 0.0899887 0.4197911 0.6028919 0.5872022 0.3788210 0.5778525 0.6431488 0.5110551 0.4287912 0.6206241 0.4880600 0.6573308 0.5934325 0.4919650 0.6785735 0.5793568 0.5746195 0.3455133 0.1829606 -0.0432306 -0.2560658 -0.2706730 -0.2183445 -0.0663890 -0.2851737 -0.1860342 -0.5012735 -0.4453501 -0.3933966 -0.1488134 -0.3775895 -0.5004055 -0.4725093 -0.2901144 -0.2490980 0.0824831 -0.2395791 -0.4731214 -0.0114932 0.0681539 -0.5611017 -0.4017997 -0.2264588 -0.0704696 -0.3768754 -0.2384118 -0.3324568 -0.4013624 -0.0374308 -0.2899790 -0.2560914 -0.3545760 -0.4549114 -0.3485544 -0.3184928 -0.3813204 -0.0087104 0.1585914 0.0091804 0.6196755 -0.3698370 -0.0049928 0.6145543 -0.0453770 -0.4516729 0.8163004 -0.2135137 0.2575983 0.1334454 0.6163477 0.2728891 -0.3021130 -0.3275617 -0.5299859 -0.5224266 0.0935512 -0.0225830 0.1369490 0.6607885 0.5364115 -0.3336737 -0.3478417 -0.5266477 -0.4296060 0.3371970 0.4265432 0.1232600 0.0293180 -0.4760602 0.0550845 0.2803951 0.4578376 0.4703874 -0.3308569 0.6350149 0.1133500 0.6679005 0.2836688 0.5297642 0.3057644 0.5294593 0.1744303 0.4400983 0.1860949 0.0911330 0.2475344 0.3970422 0.2893582 -0.0591497 -0.3688031 0.3025733 0.0747608 0.1819611 0.1856521 0.2542335 0.3711399 0.3948595 0.1393033 -0.1103831 -0.0980752 -0.1748994 0.1651034 0.1017320 0.4118872 0.4752176 0.2631371 -0.1831573 0.3637503 0.1155552 -0.1321551 -0.0537846 -0.0355818 0.4893585 0.4580291 0.6706411 0.1120570 0.5144531 0.2376122 0.0352867 -0.0357823 0.0642227 0.4422447 0.0140204 0.1679756 -0.0646879 0.6801600 -0.2344288 0.2657838 0.5241975 0.5510209 0.1484040 0.3861934 0.0872588 0.1689152
0.1253779 0.6972474 0.7092346 0.6076176 0.5587988 0.7090039 0.3001188 0.5129482 0.4093625 0.4862329 0.2913810 0.0000000 0.4443630 0.4184204 0.5558110 -0.1576702 0.0307885 -0.0199471 0.0534474 0.5316434 0.9457937 0.3373429 0.2792944 0.6546339 -0.1067397 -0.0867668 0.1788696 -0.1456503 0.8786812 -0.1123952 0.4498711 -0.0733509 0.3160067 0.7072482 0.0796908 0.6797235 -0.0104481 0.2244963 -0.0647218 -0.1409147 0.2246085 0.6803675 0.1419412 -0.1782007 0.4553152 0.1805207 -0.0003630 0.1396213 0.1792112 0.0355557 -0.0358389 0.1712481 0.5471486 -0.0642574 0.2394355 0.2875926 0.1052992 -0.3350915 0.4782517 0.0609231 0.4050130 -0.0484089 0.4459490 0.3153832 0.3471072 0.2038507 -0.1165723 -0.1992171 0.3690917 -0.0593733 0.1421914 0.6602283 -0.1996664 0.5846279 0.3121824 0.0363100 0.6054150 0.0714355 0.3492252 0.5374774 0.3363208 0.0058418 -0.4337630 -0.2445924 -0.2809052 -0.3421008 0.0683128 -0.2692213 -0.4673716 -0.3796237 -0.5441112 -0.4930351 -0.1071311 -0.4319124 -0.0383310 -0.2850152 -0.2264565 -0.2489199 -0.2841712 -0.3325733 -0.5303707 -0.4498031 -0.4986989 -0.1087840 -0.4408899 -0.1395399 -0.2670573 -0.3744545 -0.5855043 0.1250099 -0.5466664 -0.2290756 -0.1405047 -0.3491241 0.0563163 -0.3241885 -0.4253593 -0.0517386 -0.0955677 -0.3736788 -0.3006284 0.0489814 -0.0184616 0.5909912 -0.4012070 0.2532781 0.2766754 -0.2956462 -0.4374692 0.4193694 -0.4453994 0.3719913 0.0646509 0.2791888 0.4371798 -0.2819091 -0.3238116 -0.5437291 -0.4488673 0.6125734 -0.2082521 0.3876423 0.4492955 0.5690014 -0.1466242 -0.2777483 -0.4466109 -0.1900409 0.1191027 0.4156868 0.1904097 0.2016395 -0.3394782 -0.1629811 0.0859544 0.1284426 0.1872490 -0.0808462 0.2789371 -0.4572238 0.4684310 -0.1274972 0.0799551 -0.3768698 0.2761933 -0.1713722 0.0703450 -0.2174033 -0.0230475 -0.2694664 0.3585174 0.2377721 0.0750083 0.0571653 0.6846093 0.6791013 0.8550732 0.3938334 0.7533902 0.5223280 0.2957142 0.4220472 0.1128228 0.2344390 0.2046015 0.3273952 0.2525020 0.3435900 0.7722551 0.9484509 -0.1454851 0.8685219 0.6189941 0.1593481 0.1270212 0.2892412 0.5744806 0.8047130 0.5353067 0.4318854 0.6189592 0.1818301 0.3408674 0.5130095 0.3506070 0.3490779 0.2185126 0.4137401 0.1618909 0.5652776 -0.0103018 0.8781796 0.3991199 0.8138168 0.7363965 0.2505534 -0.0728803 0.2704714
0.2511011 0.4717810 0.7018954 0.5356554 0.8540936 0.3366214 0.2652866 0.9123955 0.3281946 0.3662783 0.6725626 0.4443630 0.0000000 0.3227116 0.4411223 0.5342761 0.3684355 0.0047943 0.6736556 0.8453082 0.3408361 0.7168903 0.6320465 0.2870765 0.6485360 0.5528854 0.0722829 -0.2238798 0.3519186 -0.2798170 0.8625290 0.5874423 0.1036783 0.4601307 0.6775078 0.2613193 0.6436724 0.7505561 0.1124942 0.0514763 0.6577069 0.4475698 0.6277990 -0.2640985 0.4369495 0.7195908 0.5794923 0.5446212 0.0953031 0.5743199 0.4872529 0.5670475 0.4505121 0.2725874 0.6984505 0.7848370 0.7725875 0.1764798 0.7182234 0.5747669 0.7416220 0.4442715 0.7064220 0.6202462 0.4223952 0.6617697 0.4685822 0.4244093 0.6772008 0.4711902 0.6033044 0.6408434 0.3695524 0.8465689 0.7515424 0.6035017 0.7244883 0.5797006 0.7941587 0.7495652 0.7228144 0.0639972 -0.0385052 -0.3541554 -0.4917141 -0.3949752 -0.1389335 -0.2870952 -0.3665378 -0.3791999 -0.4085851 -0.4324802 -0.3276378 -0.3165808 -0.2685864 -0.3767078 -0.4153129 -0.3285286 -0.2385441 0.0261315 -0.3872772 -0.4984513 -0.1612674 0.1220461 -0.5110818 -0.2782436 -0.4056025 -0.2395864 -0.4042036 -0.4429682 -0.3204975 -0.4977090 -0.2827625 -0.3769005 -0.3279781 -0.3268221 -0.3676473 -0.2591604 -0.2196388 -0.3271609 0.0744495 0.2945591 0.0665563 0.5615087 -0.3696982 0.0049107 0.8525493 -0.2814665 -0.4572000 0.7550711 -0.1557419 0.3514699 0.4420963 0.6241574 0.4008905 -0.4542313 -0.4518697 -0.5566173 -0.5656408 0.1930837 -0.3238777 0.1113025 0.8117497 0.6456453 -0.4359700 -0.4433803 -0.6083619 -0.6545222 0.0712468 0.5590029 0.1380624 0.1169407 -0.4689931 -0.1652594 0.1542177 0.5560020 0.1293251 -0.5783408 0.4472704 0.0634325 0.6398711 0.1838670 0.5831909 0.1414749 0.4303969 0.2149368 0.3507989 -0.1767778 -0.2037264 -0.0662348 0.2537308 0.0140964 0.0472954 -0.2956862 0.2551636 0.3746580 0.4064753 0.4790371 0.2943342 0.4448798 0.3867902 0.2629489 0.2858484 0.2831187 0.3804213 0.5552260 0.6989513 0.6842786 0.7218036 0.4635044 -0.1589224 0.6058406 0.3660691 -0.0709720 -0.0777882 0.0483079 0.4698284 0.6130889 0.7821007 0.0985388 0.6556244 0.2208796 0.2280450 0.1402010 0.4087525 0.5631132 0.0295229 0.5031883 0.0068999 0.5968694 -0.0569395 0.4202698 0.6647229 0.6650156 0.4475594 0.6662171 -0.1819203 0.0223458
0.2589482 0.4997511 0.3250647 0.7225117 0.1113795 0.5500756 0.1615475 0.4852803 0.6718890 0.8172693 0.6582026 0.4184204 0.3227116 0.0000000 0.6236700 0.2432380 0.4271111 0.3278281 0.2756576 0.4444323 0.2599171 0.3245865 0.6055950 0.3378083 0.1515377 0.1503180 0.7204267 -0.3656930 0.3267806 0.1889895 0.5378903 0.1307380 -0.1912886 0.3130352 0.2092541 0.1430767 0.0361179 0.2382522 0.3220316 0.0585641 0.2117728 0.1174094 0.3650708 -0.3370115 0.0342872 0.2056538 -0.0257265 0.0621767 0.0471666 -0.0009454 -0.1500617 0.2939957 0.3294196 0.2166117 0.1400764 0.2480968 0.1673468 0.0818709 0.0677964 0.1475409 0.0986760 0.1488673 0.1638812 0.4311715 -0.1726306 0.2110926 0.1467736 0.1324138 0.2471136 0.1789103 0.4897645 0.5591419 0.0769740 0.2832070 0.1404674 0.1975953 0.4014360 0.3348646 0.4863040 0.5086316 0.4064085 -0.0639524 -0.2046612 -0.2892651 -0.3149004 -0.5021816 -0.1351130 0.2152210 -0.4287702 -0.3455079 -0.5967972 -0.7830703 -0.5935328 0.0579638 -0.1360301 -0.6634767 -0.7459853 -0.6166957 -0.1656131 0.3344884 -0.4422436 -0.7713513 -0.5532424 0.0821820 -0.7726518 -0.5353526 -0.6199110 -0.5852221 -0.6939807 -0.1913038 -0.6674390 -0.6259222 -0.4847751 -0.5287122 -0.4932340 -0.6115709 -0.5576184 -0.5762288 -0.5975056 -0.5859229 -0.1246494 0.3449164 -0.3713434 0.5060036 -0.5936965 -0.1063915 0.3577663 -0.3627090 -0.5382882 0.4281762 -0.5319466 -0.0722879 0.0485181 0.4372879 0.2690241 -0.5011015 -0.5781743 -0.5533040 -0.4758921 0.1246991 0.0065171 0.0439567 0.5440985 0.2266061 -0.4589321 -0.5747667 -0.4589204 -0.2682283 0.5423689 0.2389750 -0.1284087 -0.4019111 -0.5252077 0.0532016 0.3042728 -0.0038849 0.3531374 -0.3141233 0.5505567 -0.3469098 0.4516917 -0.0244615 0.1777216 -0.1411639 0.2377673 -0.3560061 0.1693044 0.1474487 0.0798814 -0.0628730 0.3725233 0.3421655 0.1255768 -0.2057089 0.4483879 0.1987928 0.1860442 0.1025138 0.1450712 0.2271589 0.3532279 0.1925053 -0.1689306 0.0563877 -0.1494822 -0.2518101 -0.0202614 0.1567484 0.2896782 0.3312838 -0.4705825 0.3914326 0.3485431 -0.1413975 -0.1229849 0.0776095 0.3530546 0.5935850 0.3864463 0.0313081 0.2117000 -0.0459600 0.0434072 0.1555576 0.1014747 0.3608134 -0.2092352 0.4434556 -0.3391615 0.2405467 -0.5194430 0.4920535 0.2368241 0.6170061 0.3629508 0.2982160 0.0861744 0.3535107
0.5353625 0.6297277 0.6182882 0.7689819 0.3279670 0.6086322 0.1472254 0.4988503 0.9112723 0.6223789 0.5168834 0.5558110 0.4411223 0.6236700 0.0000000 0.0790906 0.0287415 0.5637427 0.0132276 0.5856072 0.3745077 0.5090986 0.6157315 0.3241506 0.0292153 0.1335140 0.5116856 -0.3912568 0.3573175 0.2499270 0.5607037 -0.0394922 -0.1748662 0.3635114 0.1893812 0.1150235 0.1175502 0.2186871 0.0416781 0.0953039 0.2514130 0.1788549 0.2282074 -0.3635672 0.2138125 0.0788375 -0.1030943 0.1104058 0.0334823 0.2680035 -0.1671055 0.2017948 0.3990842 0.1605850 0.1591646 0.2023657 0.0910088 0.0380459 0.3124402 0.0869351 0.3053228 0.0932010 0.1849995 0.4925082 0.2106791 0.1531793 0.0598219 0.0932643 0.2046267 0.1179128 0.2713158 0.5661587 0.0540352 0.4313069 0.0609193 0.1374695 0.3749353 0.1975531 0.4010622 0.4030809 0.4098570 -0.1267047 -0.2134779 -0.3841480 -0.4256206 -0.4988059 0.1690841 -0.0557734 -0.4339692 -0.3054824 -0.4166585 -0.7485852 -0.3447136 -0.2467907 -0.1447305 -0.6475521 -0.7175506 -0.4144306 -0.3525504 -0.0343717 -0.4858171 -0.6387020 -0.4125453 0.0129521 -0.6276693 -0.4372142 -0.5471645 -0.4651035 -0.6556547 -0.2305296 -0.7039816 -0.5900010 -0.2411510 -0.0834387 -0.2345527 -0.1314173 -0.1712285 -0.1844161 -0.1012415 -0.3763824 0.2106689 0.4083325 -0.1418364 0.3448270 -0.2510523 0.0130822 0.6398080 -0.2629314 -0.1789119 0.5598597 -0.0385473 0.2187919 0.4321442 0.3717323 0.3818660 -0.2780661 -0.1704329 -0.2532924 -0.1286717 0.0286264 -0.1792704 -0.1105187 0.4088120 0.3813225 -0.1167054 -0.4884572 -0.1160662 -0.0238987 0.1372385 -0.0139139 -0.2355280 -0.1811364 -0.2872400 0.0171052 0.2904099 0.1137693 -0.0565919 -0.1125891 0.2117240 -0.4205665 0.3222616 -0.3721746 0.1724643 -0.3475618 0.0050240 -0.3826512 0.0714731 -0.0748868 -0.1936075 -0.3231436 0.1175940 0.0805511 0.1451963 -0.2867578 0.4419450 0.3443110 0.4105463 0.3219592 0.2476973 0.2596971 0.2073585 0.1534799 -0.0606893 0.1031051 0.1591332 0.1569380 0.1392379 0.1616424 0.4359294 0.4745264 -0.3847795 0.5673699 0.4716382 -0.1597083 -0.0656712 0.1549040 0.5539019 0.6755018 0.4327060 0.1810693 0.5685527 0.2348439 0.2202676 0.4078284 0.3642369 0.3923013 -0.0928229 0.5072231 0.1052466 0.5072570 -0.0833365 0.5905131 0.6572562 0.6824999 0.3035125 0.6218299 0.1990431 0.4366227
-0.0930510 -0.1064560 -0.0179465 0.3014890 0.2385946 0.0123266 0.0033047 0.5296567 0.1050956 0.1864693 0.7037900 -0.1576702 0.5342761 0.2432380 0.0790906 0.0000000 0.5857603 0.2169283 0.8526296 0.3648132 -0.1953849 0.6246533 0.6842561 -0.1637621 0.8669060 0.9411501 0.1081774 -0.4598106 0.0393634 -0.0330063 0.6194258 0.7380390 -0.3205995 0.2102256 0.8585850 -0.2348843 0.8582044 0.6318163 0.6727352 0.4833380 0.5677289 0.1156743 0.8722553 -0.1493802 0.2995965 0.6908873 0.7450189 0.4692107 0.3071884 0.3701312 0.7405412 0.8446832 0.3960540 0.7361499 0.4326300 0.6129699 0.7662797 0.7302212 0.1702819 0.8234190 0.4151293 0.8401725 0.2707682 0.6593437 0.1953213 0.4733294 0.8525277 0.8213372 0.3677820 0.6358382 0.6307740 0.2359140 0.8061741 0.4420600 0.5309067 0.7740903 0.3278847 0.4734107 0.6106912 0.3903900 0.3936962 0.2700826 0.0876763 -0.1991612 -0.3408999 -0.1932749 -0.3824044 -0.2078972 -0.0803854 -0.0233212 -0.1543816 -0.0096527 -0.2862938 -0.1866454 -0.1659551 -0.1153548 -0.2606009 -0.1360482 0.0637551 -0.0624146 0.0912120 -0.0864140 0.1948961 -0.1313503 -0.1663368 -0.1011240 -0.0875775 0.0479375 0.0317556 -0.4799141 0.0565282 -0.2554382 0.0151675 -0.1441232 -0.2089237 -0.0597432 -0.0750753 -0.1174216 -0.0625955 -0.0324303 0.3103358 0.2103998 0.1722104 0.3774498 -0.0141675 -0.0560284 0.4855245 0.2023614 -0.1276826 0.5616217 0.0589535 0.0923853 0.1511298 0.4172471 0.0323127 -0.0324266 -0.0959704 -0.1358278 -0.2833500 -0.0336068 -0.0080517 0.1729588 0.4419791 0.2500435 -0.2423611 -0.0954330 -0.2666118 -0.3819052 0.0321019 0.3987039 0.2733097 0.0261345 -0.0831582 -0.0457994 0.0389921 0.5009687 0.4960191 -0.2767177 0.4502512 0.5976475 0.3708638 0.5292682 0.5623914 0.7167973 0.4368425 0.3931033 0.4185777 0.0494296 0.1083681 0.4644941 0.0226606 -0.1151972 -0.2890765 -0.5789037 -0.1995931 -0.3569860 -0.2493025 -0.0794852 -0.2137176 -0.1303592 -0.0459630 -0.3267694 -0.2012820 -0.3690154 -0.2351164 0.1730137 0.1007167 0.3650944 0.1033999 -0.1490322 0.0068713 -0.0509783 -0.2674300 -0.0922434 -0.0537014 -0.1247322 0.0983512 -0.0358238 0.4377278 -0.1239060 0.3424320 0.1073650 -0.3329175 -0.3062376 -0.2419014 0.1923994 -0.1366195 -0.1288498 0.0461682 0.3800308 -0.2557800 -0.1407461 0.3412649 0.0670560 -0.2347813 0.1662321 0.2142922 0.0931265
-0.0777363 -0.0886710 0.0071769 0.1315775 0.1406166 0.1765693 -0.0554271 0.4302222 -0.0548349 0.4329661 0.6872846 0.0307885 0.3684355 0.4271111 0.0287415 0.5857603 0.0000000 0.0188274 0.5455548 0.1225978 0.0764221 0.1660136 0.5789316 0.1434819 0.3430574 0.4472674 0.2427506 -0.2253131 0.1368524 -0.3881445 0.3469156 0.2632217 -0.0661263 0.3103727 0.4182576 0.2542177 0.3267046 0.1664925 0.4943719 -0.1119573 0.0946660 0.2266164 0.6578004 -0.1319425 0.1737995 0.3176960 0.3382317 -0.0106618 0.1086620 -0.2459903 0.3416822 0.5207645 0.2350538 0.3125692 0.0664837 0.2561178 0.4202768 0.3764535 0.1473431 0.4373357 0.1732452 0.4901027 0.1531574 0.3658007 -0.1517457 0.2310667 0.4269806 0.5031016 0.1403209 0.5402326 0.4750458 0.1601532 0.2819994 0.2351418 0.2891175 0.5694486 0.3066520 0.3437645 0.4514070 0.3465186 0.3704574 0.6204499 0.4858740 0.2781141 0.0948078 -0.0031563 -0.4827113 0.1705044 -0.1467924 0.0333601 -0.4850381 -0.1318187 -0.5017639 0.2481811 -0.3995858 -0.2157398 -0.2436639 -0.2887845 -0.0361335 0.1552003 -0.0052914 -0.1743939 0.3248397 0.2500228 -0.3553714 -0.2870668 0.1046535 0.2723278 -0.0776401 0.2100132 0.0114508 0.0332280 0.2248663 -0.2154767 -0.1249380 -0.3581093 -0.5470879 -0.3790546 -0.3458896 -0.3351559 -0.2214676 -0.0790056 0.1890952 0.6596441 -0.3406768 -0.0894994 0.2348610 0.0883002 -0.4780709 0.6877858 -0.3973336 0.0676048 -0.1744522 0.6899241 -0.0119179 -0.1700614 -0.3154732 -0.4576732 -0.6148062 0.0237093 -0.1309770 0.1342618 0.3371524 0.1808414 -0.4234516 0.0293983 -0.6343509 -0.5500873 0.0611249 0.4676761 0.1811874 0.0419710 -0.4089245 0.0796180 -0.0145994 0.3071337 0.4637553 -0.3930489 0.4255583 0.4051934 0.6903114 0.6216556 0.4836859 0.5799847 0.7075007 0.3416078 0.6310324 0.1124501 0.2352027 0.6054120 0.3912308 0.2015145 -0.0194362 -0.0352781 0.1277037 -0.0150668 0.0401098 0.1762001 0.1638394 0.4327509 0.5064235 0.2112149 0.0179022 -0.0431669 -0.3154252 -0.1253720 -0.0793198 0.2496378 0.1377174 -0.0589201 -0.1952760 0.0601548 0.1053730 -0.0119669 -0.0215184 0.0424478 0.2568506 0.1962395 0.4034333 -0.0240597 0.0510404 0.0127328 -0.2821189 -0.2938363 -0.0551106 0.2839644 -0.0228596 0.0226427 -0.4180915 0.3138317 -0.5526115 0.0168933 0.0212556 0.2994378 0.1427175 0.0113750 0.0387344 0.0293334
