0.0000000 -0.2130184 -0.0235428 -0.0413313 0.0370480 -0.3026566 0.3856707 0.3565975 0.5868485 -0.0824421 -0.0022595 0.0643116 0.0472834 0.2055272 0.5271000 -0.0069304 -0.1354325 0.1394252 0.0051531 -0.7083685 0.3776307 -0.2571539 -0.2042137 0.5902744 -0.0232109 -0.2324064 -0.2150564 0.3487317 0.5675530 0.1039203 -0.5942899 -0.0871628 0.2793084 0.3791416 -0.1083792 -0.1594063 -0.2645699 0.1222494 -0.2668380 0.2588848 0.2642104 0.0593522 -0.2481253 0.1605195 0.3471291 0.0980440 -0.0257669 -0.1591182 0.1327779 0.2097727 -0.0370564 -0.4850117 -0.1144447 -0.3467437 -0.2617473 0.1015598 0.0608079 -0.1578020 0.3040275 -0.1343723 0.4544525 -0.2992690 -0.2222416 0.3034041 0.6886593 -0.0379105 -0.0269709 -0.0365579 0.0489703 -0.1588507 0.1764276 -0.0227818 -0.1378742 0.4938674 0.2862542 -0.2465340 0.1043478 0.0791982 -0.3088748 0.0719064 -0.0581923 0.2968299 0.3204675 0.2721346 0.3118989 -0.1315848 -0.2678144 0.1631698 -0.1035943 -0.0091018 -0.1409221 -0.3758186 -0.3879299 0.3484681 -0.2830791 -0.2728720 -0.6206577 -0.2813961 -0.0266955 0.2329545 0.5593519 -0.2554655 -0.3428916 -0.0750581 -0.2602437 -0.0561977 -0.4832907 -0.2201751 -0.1114024 -0.5981623 0.0852945 -0.2399280 -0.3782920 -0.5062388 -0.6923044 -0.3793380 -0.3246176 -0.5974982 -0.2708807 -0.3399743 -0.0050435 0.0919135 0.3763065 -0.0495796 -0.6777685 0.1960813 0.0897217 -0.1664545 -0.4919913 -0.4926005 -0.5851072 -0.4942271 -0.2206196 -0.2861254 -0.3495395 -0.1959701 -0.5373889 -0.4729039 -0.4343200 0.0569586 -0.3364192 -0.2283902 -0.6336807 -0.3966888 -0.5919524 -0.3168175 -0.4917947 -0.5989342 -0.6213237 -0.3874734 -0.3294015 -0.4462695 -0.4387131 -0.2676242 -0.2952937 -0.6071247 -0.5066425 -0.5222246 -0.5772664 -0.4615757 -0.5585746 -0.4649135 -0.7099420 -0.5092169 -0.5136800 -0.7148531 -0.5149086 -0.6175087 -0.6857090 -0.5945328 -0.8956093 -0.7211016 0.8726767 0.7206435 0.6276088 0.5994493 0.5152515 0.6912135 0.0563905 0.3024032 0.6172458 0.3045134 0.1023170 0.2215326 0.1707231 0.6609953 0.4035347 0.2328620 0.2414356 0.2215375 0.0071799 0.0501068 0.2949456 -0.0342454 0.3023406 0.4358852 0.5517977 0.1189217 -0.0109116 0.4943905 -0.0530802 0.5296436 0.0475913 0.0948669 -0.2612268 -0.0327045 -0.2595704 -0.1270431 -0.1538885 0.2885638 -0.0991321 0.2253533 -0.0116208 -0.2906247 -0.1833253 -0.3339884 0.3869249 -0.0743487
-0.2130184 0.0000000 0.6059718 0.6975476 0.5808817 0.6911750 -0.0645899 0.1871969 -0.0640870 0.5746596 0.4230602 -0.1158414 0.6053622 -0.3574184 -0.6883207 0.3316914 0.4232754 -0.6874431 0.1632228 0.4362515 0.4345528 0.4045654 0.1844951 -0.6583004 -0.1035009 0.1324855 0.0995851 -0.6120045 -0.6580982 -0.4334126 0.2970043 -0.1061634 -0.5500479 -0.4397486 -0.1241921 0.3692771 -0.0122582 -0.3003186 0.2905198 -0.5248744 -0.4051627 -0.3652539 -0.0540112 -0.5124662 -0.6360247 -0.2298889 -0.5312007 -0.2809381 -0.0896390 -0.2491559 -0.4818405 -0.1340346 0.3082537 -0.4312476 -0.0053816 -0.3944190 -0.4408520 -0.1740050 0.0868437 -0.5639649 -0.2089338 -0.2937666 0.2916872 -0.1114951 -0.5853514 -0.2057016 -0.4273180 -0.2513381 -0.1608561 -0.0967878 -0.3177452 -0.0178565 0.0131269 -0.1251754 -0.2067780 -0.2037466 -0.4185262 -0.1245147 0.1616447 -0.2845298 -0.0653819 0.0708906 0.5168375 0.2791370 -0.2445985 0.5374158 0.4684258 -0.7444866 0.5023009 0.5148144 0.5160990 0.5238010 0.5456415 -0.5216106 0.6831403 0.7193291 0.4208189 0.5959532 0.5819193 -0.1100015 0.2835936 0.5065689 0.4976558 0.0162471 0.4325348 0.6640688 0.6041403 0.2560748 0.4304294 0.4666037 0.4700571 0.2788843 0.1825844 0.3185751 0.3267062 0.2058502 0.1609194 0.3311383 0.1622825 0.3527351 0.1022138 0.1723151 0.2803347 -0.0645313 0.5345584 -0.0460625 0.0708873 0.6388159 0.3207945 0.5426366 0.4802896 0.3883565 0.1198620 0.4531811 0.5016180 0.4199819 0.3726529 0.5251318 0.2722109 0.1257885 0.4167165 0.4579641 0.5566105 0.4560602 0.5319495 0.2987744 0.5580380 0.5191028 0.5686741 0.4884124 0.3343781 0.6133601 0.6364545 0.5289645 0.7185717 0.4913702 0.2336457 0.6152699 0.4276161 0.4659576 0.5837521 0.5265822 0.5011205 0.4833630 0.6143488 0.5272703 0.2503686 0.0284228 0.2982526 0.4571022 0.2937048 0.1244692 -0.1637024 0.0748752 -0.3083545 0.0472343 -0.1784478 -0.2976347 0.4662545 0.0260737 -0.3290840 -0.0031194 -0.1600593 -0.1235296 0.0460455 -0.6033143 -0.5135960 -0.0979112 -0.4088068 -0.1058951 0.1522935 -0.4186742 -0.5220173 0.3766444 -0.1069020 -0.1782522 -0.6441423 -0.3545357 -0.1973321 -0.2589813 0.1152312 -0.3442959 -0.1465430 0.2340309 0.5945249 0.0601112 -0.0522183 -0.1197953 0.4044576 -0.2330256 0.4584298 -0.0282368 0.6099714 0.3645281 -0.1452491 0.1179873 0.3616633 0.1160890
-0.0235428 0.6059718 0.0000000 0.5694605 0.8985593 0.5343235 0.0957917 0.3193663 0.2890589 0.4463138 0.3388153 0.0178501 0.6741472 0.1811367 -0.3735329 0.2025466 0.4558017 -0.2950251 -0.1184971 0.2140868 0.1857816 -0.0473164 0.1001748 -0.2805989 -0.2801573 -0.0205049 0.5966856 -0.1655497 -0.3124339 0.0335981 0.1548320 -0.0433057 -0.0947441 -0.2003557 -0.0022079 0.1862495 -0.0274787 -0.3334991 0.5371187 -0.0212782 -0.2443756 -0.1927951 0.1746791 -0.1048463 -0.4259480 -0.1859144 -0.4994948 -0.2075467 0.0249406 -0.3439553 -0.3771755 -0.0955005 -0.0056345 -0.2957026 -0.4304825 -0.4764983 -0.3792872 -0.0356528 -0.0085944 -0.3231086 -0.2458580 -0.2991052 0.1684469 -0.1221867 -0.3692721 0.0103924 -0.5182757 -0.1596753 -0.3508050 -0.1640767 -0.3675513 -0.1786786 -0.0630686 -0.3710505 -0.2658803 -0.1466998 -0.7240612 -0.1024762 0.0531191 -0.7113384 -0.3731422 0.3521046 0.2081322 0.2358830 -0.3660398 0.4158804 0.7287151 -0.4814310 0.4163872 0.5905231 0.7077781 0.7402748 0.5051287 -0.0817632 0.6808155 0.7270497 0.5612191 0.6247549 0.6654834 0.1109696 0.3874154 0.6109356 0.3785622 0.5299865 0.4786164 0.5785558 0.3072339 0.0561661 0.3548956 0.2598847 0.6173234 0.2865829 -0.0228941 0.1049472 0.3226761 0.1864708 0.1818400 0.3286828 0.1624736 0.2530729 0.1451951 0.3347334 0.5319937 -0.0681855 0.3825152 -0.1460229 -0.0149655 0.6649065 0.1157250 0.2903876 0.2436024 0.3402978 -0.0518829 0.2379901 0.5851806 0.3030709 0.1223755 0.3027179 0.1025507 -0.3473667 0.3929725 0.1102041 0.4244965 0.2886882 0.2782742 0.0923281 0.4321265 0.4373063 0.4174224 0.2891441 0.1110458 0.4274336 0.3641237 0.5651777 0.6502124 0.3213420 0.3746148 0.6206494 0.4321578 0.3730178 0.7781886 0.3810852 0.4177574 0.4543652 0.7695084 0.3392202 0.1899627 0.1197127 0.3082532 0.5452078 0.1913424 0.2280895 -0.0991314 -0.0630089 -0.3917380 -0.2374941 -0.5976158 -0.0358469 0.1532788 0.1376285 0.1180578 -0.0439560 -0.2844087 -0.2622213 -0.1546521 -0.4354777 -0.2864737 -0.0923083 -0.8010384 -0.5473675 -0.0062503 -0.8452894 -0.8938128 0.0693956 -0.3637257 -0.4125605 -0.6824213 -0.7433345 -0.6755283 -0.2810282 0.4465292 0.2250677 -0.1227383 0.0754492 0.5598271 -0.1792995 -0.3221402 -0.7104600 0.6561328 -0.2894774 0.0139897 -0.6360314 0.5930894 -0.0785650 -0.5623692 0.3618452 0.5436379 0.4785555
-0.0413313 0.6975476 0.5694605 0.0000000 0.3616266 0.8448003 -0.0045729 0.7245573 0.0307481 0.8442327 0.7855949 -0.1679949 0.7244628 -0.3429021 -0.5762860 0.7387045 0.7110974 -0.5904459 0.6587786 0.2876788 0.1251376 0.6199692 0.6324433 -0.6019344 0.4248652 0.5345550 -0.0157534 -0.7390131 -0.4466794 -0.6462343 0.4321961 0.3934716 -0.7243534 -0.5465134 0.3908216 0.2882160 0.3953703 0.2863840 0.0697955 -0.5701810 0.0447643 -0.3549576 0.2673112 -0.7127196 -0.5322926 0.3115792 0.0636590 0.2294207 0.0414061 0.0408684 0.0345137 0.1710276 0.4022926 -0.0748088 0.2745775 0.1104605 0.0961120 0.2491460 0.1662972 -0.1145590 -0.1227040 0.0310460 0.2119969 0.2790924 -0.3638936 0.0900204 0.0168338 0.1777655 0.0726862 0.3417279 0.1611158 0.0123417 0.4249076 -0.1809393 0.2070236 0.2755870 -0.3164719 0.2608199 0.5235511 -0.1622412 0.2627445 0.2580301 0.2335961 0.2133034 -0.2908281 0.5560389 0.6255418 -0.3795317 0.7256889 0.8235725 0.7105267 0.6046410 0.3768141 -0.0527111 0.6088020 0.7651650 0.4680361 0.2958420 0.6935301 0.1891013 0.6824479 0.2526440 0.0781926 0.3906566 0.6796203 0.7148404 0.3082627 0.0018499 0.5382259 0.2951567 0.7041785 0.4923500 0.0137042 0.2469239 0.1713550 0.1076628 0.1651169 0.1820195 0.0781856 0.2672531 0.1430987 0.2727435 0.6011174 -0.1577106 0.3571559 0.2642434 0.4719184 0.8005739 0.3726239 0.6677879 0.4871140 0.4162573 0.5349683 0.6399397 0.5305753 0.6151791 0.5074349 0.5454456 0.5333332 0.2663194 0.6590110 0.6188502 0.4314107 0.6079912 0.5665932 0.4662262 0.6994433 0.7410644 0.3646948 0.7121532 0.5213595 0.5924382 0.6960988 0.5535947 0.8176525 0.4562198 0.3323768 0.6071985 0.4032995 0.5211086 0.6194625 0.6782897 0.4864416 0.5784627 0.6659841 0.4716635 0.3757674 0.0664331 0.2603066 0.4589390 0.1257014 0.0251690 -0.1986984 0.0119142 -0.1606666 0.2019885 -0.0193821 0.0309531 0.4030793 0.2054430 0.0680409 0.1832262 -0.0408541 -0.0053241 0.0923817 -0.3833817 -0.4438347 -0.3305692 -0.6953465 -0.3414266 0.2591628 -0.2182764 -0.4741064 0.1914211 0.0476720 -0.0541670 -0.3165242 -0.1209104 0.0705633 0.1697701 0.2007291 -0.0149035 0.1920055 0.1779448 0.3433183 0.3066476 0.2154228 -0.3032625 0.2612387 0.1415752 0.5241519 -0.0139863 0.3423226 0.3273394 0.1600970 0.0003456 0.2924257 0.1393281
0.0370480 0.5808817 0.8985593 0.3616266 0.0000000 0.2899333 0.1588517 0.0851149 0.4047864 0.3122126 0.2045713 0.0685128 0.5994151 0.1672450 -0.3268276 0.0067137 0.3374265 -0.3214878 -0.3062387 0.2397061 0.3763882 -0.2567647 -0.1250648 -0.2248914 -0.4352982 -0.1840506 0.5941739 -0.0457214 -0.2847302 0.1434219 0.0557468 -0.2076884 0.0560508 -0.0096858 -0.1801454 0.1805728 -0.2001114 -0.4768463 0.5975122 0.1079277 -0.3828580 -0.1749253 0.0863204 0.1095103 -0.3527341 -0.2556894 -0.6457996 -0.3998541 0.1209208 -0.3267940 -0.5088336 -0.1087711 0.0044422 -0.3327444 -0.5615977 -0.5818172 -0.5168025 -0.1855515 -0.0987450 -0.4413379 -0.2242551 -0.4119509 0.1085161 -0.2294863 -0.3411802 -0.0744634 -0.6461650 -0.2288717 -0.4656853 -0.3287944 -0.4933292 -0.2536194 -0.2131251 -0.2103405 -0.4017462 -0.3236029 -0.6183869 -0.1908552 -0.0983025 -0.6339284 -0.4305351 0.4496793 0.3730202 0.1910183 -0.3518378 0.2607090 0.6356534 -0.5252627 0.2672962 0.4209083 0.5764065 0.6819021 0.3958761 -0.1769235 0.6973488 0.6614746 0.5117124 0.6179652 0.5842615 0.0720974 0.2797979 0.5363544 0.3492582 0.3154809 0.3591167 0.5227055 0.2130887 0.0934907 0.1746782 0.2764466 0.4326584 0.1964745 0.0672320 0.0371047 0.3093853 0.1875433 0.1080773 0.2645257 0.1433649 0.0889105 0.0596731 0.2666569 0.4534043 0.0204327 0.3207947 -0.3282886 -0.1481323 0.5594261 -0.0459735 0.0959756 0.0871826 0.2540408 -0.2890733 0.0912325 0.5327435 0.1316897 -0.0428094 0.1671114 -0.1399250 -0.4532511 0.2288851 -0.0905374 0.3276126 0.0885417 0.1440818 -0.0482831 0.2436413 0.1956070 0.4365420 0.0292466 -0.1192917 0.2670822 0.1796465 0.5343892 0.4331776 0.1686627 0.2122633 0.4271606 0.3322224 0.1598569 0.6200628 0.2012015 0.3018889 0.2696970 0.5856918 0.1594133 0.0473336 0.1831279 0.2824612 0.5153073 0.1378417 0.2985794 0.0125894 0.1273275 -0.3353155 -0.1106027 -0.5327922 -0.0081499 0.2047745 0.1358522 0.1639707 -0.1133196 -0.3771849 -0.3152078 -0.2806921 -0.3788394 -0.1531519 0.2054114 -0.5878974 -0.4900696 -0.1616103 -0.7979016 -0.8112889 0.0939417 -0.4557251 -0.2793884 -0.6410935 -0.7676175 -0.7408658 -0.3291185 0.5545849 0.2554401 -0.0132147 0.2776556 0.6766133 -0.1868308 -0.5117235 -0.5092845 0.7836643 -0.3106269 0.0973613 -0.4916473 0.6876289 -0.0849040 -0.6820248 0.4343794 0.6338056 0.5076149
-0.3026566 0.6911750 0.5343235 0.8448003 0.2899333 0.0000000 0.1812095 0.5561031 -0.3059656 0.7711762 0.6919297 -0.0596654 0.5840115 -0.2245806 -0.7100554 0.6822397 0.7474888 -0.5251710 0.5159907 0.4772606 0.0609515 0.6225383 0.7096566 -0.7224883 0.3328566 0.5526052 0.2146445 -0.7542670 -0.6264630 -0.5918789 0.5451955 0.4003849 -0.7559634 -0.7344698 0.3503543 0.5557146 0.5132593 0.0715530 0.1661033 -0.6964371 -0.2085419 -0.2033853 0.2306649 -0.7867198 -0.4892067 0.1942959 -0.0178786 -0.0385626 -0.0446916 -0.2254804 -0.0518419 0.2443906 0.5094634 0.0194944 0.2209301 -0.0416279 0.0411804 0.3660006 0.2847391 -0.0349513 0.0226896 0.2651579 0.5347037 0.3087251 -0.4362868 0.2447422 0.0395818 0.2333432 0.2202846 0.4754132 0.1815004 0.3544365 0.5053002 -0.0768784 0.3120221 0.4329784 -0.2442315 0.4371218 0.6827621 -0.0642690 0.3894414 -0.0648818 0.0359038 0.0563494 -0.4976874 0.6470158 0.7422579 -0.5654802 0.7613730 0.8032020 0.7476253 0.6073765 0.3687549 -0.3663605 0.7151270 0.7843881 0.5480693 0.2281963 0.7322533 -0.1520885 0.3994287 0.2900688 0.1632865 0.5048338 0.7306562 0.6463075 0.4256383 -0.1178370 0.6104136 0.1314100 0.6988415 0.2439807 -0.2106090 0.0458855 0.0878998 -0.1160701 -0.0537832 0.1203307 -0.1480235 0.2279580 -0.1257147 -0.0309215 0.2343409 -0.4130111 0.5032132 0.1897878 0.1713121 0.7019861 0.5712942 0.7101862 0.6051811 0.4208598 0.4582431 0.7715301 0.7295646 0.7000328 0.6577303 0.7401178 0.6072907 0.3505590 0.8053004 0.7849893 0.6435208 0.8215499 0.7989001 0.6177052 0.7925909 0.7523814 0.5814076 0.8833652 0.7392297 0.8115641 0.8686230 0.7271613 0.7129694 0.7841652 0.6822163 0.8549690 0.6803427 0.8204630 0.7220234 0.8877274 0.7835790 0.8188824 0.8158187 0.7847904 0.6533498 0.3395242 0.5743790 0.6504344 0.4851007 0.3014494 -0.4063617 -0.1389522 -0.2449132 0.0360821 -0.2261537 -0.0923925 0.4785878 0.3198358 -0.0280816 0.3535892 0.1583404 0.1798756 0.2663429 -0.4164581 -0.2782173 -0.3368046 -0.7138581 -0.3793034 0.2146061 -0.2178804 -0.5981986 0.3543038 0.0216704 -0.1545167 -0.5930847 -0.2364469 0.0802573 -0.0155795 -0.1043487 -0.3563562 -0.1387755 -0.2292747 0.3192787 0.1804589 0.3829939 -0.4413551 0.0576008 -0.2244841 0.4509735 -0.2010650 0.2466476 0.2994242 0.1471139 -0.0104668 -0.0039568 0.0019215
0.3856707 -0.0645899 0.0957917 -0.0045729 0.1588517 0.1812095 0.0000000 0.3480402 0.1194397 0.0657422 0.1292368 0.6504588 0.2060525 0.4669528 0.2543115 0.0443574 0.3172426 0.3119397 -0.0318907 0.1075332 0.4269058 -0.1231944 0.1401606 0.2401590 0.0071837 -0.0721870 0.2067246 0.1289145 0.2390695 -0.0549181 0.1009099 0.0779580 0.0314888 -0.0912994 -0.2401853 0.5602623 -0.0685209 -0.0307077 -0.2214725 -0.2057906 -0.3408791 0.4272849 -0.3484422 -0.1347859 0.3977587 0.0923478 -0.1933251 -0.4847671 -0.1435440 -0.1415676 -0.3402222 -0.1315761 0.2288133 0.0008256 -0.1070393 -0.1290263 -0.1743841 0.0800565 0.5078162 -0.1594411 0.7080572 0.0504326 0.5222742 0.2297101 0.3158071 0.3016277 -0.1965724 0.0252655 0.4522683 0.0741342 0.1594711 0.5690094 -0.0175305 0.4598148 0.4925021 0.0359889 0.0235350 0.3703742 0.0732278 0.1045651 0.1506327 0.2824484 0.1592256 0.2116100 -0.0536962 0.2823631 0.3698327 -0.0545974 0.3370694 0.3634437 0.2748564 0.0010828 -0.3762831 -0.0418079 0.3141166 0.1410018 -0.1106144 -0.2765670 0.3876741 -0.2537853 0.2413436 -0.0023048 -0.0416600 0.3015543 0.2173210 0.0730344 -0.1661323 -0.1381981 0.0545669 -0.6760633 0.1983343 -0.5897472 -0.4767471 -0.6110440 -0.5716773 -0.5073385 -0.4179858 -0.4444728 -0.4541025 -0.2385037 -0.2525657 -0.1107479 0.1325636 -0.2863838 -0.0774673 -0.0173252 0.0153254 0.0327986 -0.0029949 -0.0939171 -0.0869539 0.0758715 -0.1040305 0.3441602 0.2710409 0.2299436 -0.0315096 0.0642158 -0.1462644 0.2175531 0.2288885 0.1396534 -0.2985546 0.1986251 0.1500430 0.2394414 -0.0488338 -0.2705103 -0.1032604 0.0565358 0.1612090 0.1062579 0.0765167 0.3461173 -0.1681707 0.0894060 0.0973626 0.1513109 -0.0789019 0.0528231 0.0214896 0.1242788 0.1045062 -0.0423002 0.0580688 -0.0410856 0.1274861 0.2102967 0.0255615 -0.0140731 -0.1391630 -0.0296528 0.2693942 0.4054256 0.6139837 0.3651444 0.2180641 0.7464792 0.4079191 0.7190099 0.7015070 0.6912347 0.5222770 0.5801207 0.4477095 0.4265188 0.4971621 0.0888894 -0.0314579 -0.0453218 0.0295312 0.0412813 -0.1281984 0.3370836 0.1556351 0.1280538 0.0563774 -0.1395997 -0.1112876 0.2607763 -0.1967505 -0.0543083 -0.0742201 -0.2387742 0.2450329 -0.0860828 0.1308219 -0.2779584 -0.2411442 -0.5045748 0.2555059 -0.1322873 0.2118922 -0.1134452 -0.2604108 0.0100651 -0.0608244 -0.0053164
0.3565975 0.1871969 0.3193663 0.7245573 0.0851149 0.5561031 0.3480402 0.0000000 0.2953124 0.6006018 0.6962771 0.2219505 0.6559537 -0.0429435 0.0153051 0.6790955 0.6214394 -0.0681004 0.6917112 0.1002127 0.0972893 0.4358889 0.6456436 -0.1101426 0.5785687 0.4726625 -0.0551085 -0.4094313 0.0827935 -0.5309075 0.3817149 0.5726395 -0.5306651 -0.4170958 0.4199199 0.2560561 0.3799923 0.6579655 -0.3412493 -0.4543693 0.1523843 0.0028595 0.2357251 -0.5852441 0.0471448 0.5936426 0.3036527 0.3197393 0.0575831 0.3849801 0.2309651 0.1225119 0.4049697 0.1712823 0.2816492 0.3441854 0.3219951 0.3780349 0.2955899 0.1186473 0.2648244 0.1606719 0.2290222 0.5360229 0.1793998 0.4177285 0.1500560 0.2780084 0.4339394 0.4576532 0.4112664 0.3270171 0.3754947 -0.0552791 0.5675128 0.3599264 -0.0829412 0.4223192 0.3514981 -0.1707456 0.2281601 0.3264293 0.0016041 0.2122706 -0.0290251 0.3091280 0.4952358 0.0712931 0.5941813 0.6177591 0.5222423 0.2104014 -0.0071590 0.2381011 0.2774430 0.3316824 0.0748425 -0.1565293 0.5166422 0.0797390 0.7028506 -0.0826020 -0.2483311 0.3570039 0.4302337 0.2491482 -0.0975653 -0.1831910 0.2771176 -0.2069051 0.5362704 0.1334369 -0.3017558 -0.0785946 -0.2333011 -0.1791561 0.0162038 -0.1727523 -0.1341728 0.0433440 0.0607586 0.1997903 0.5788922 -0.2619443 -0.1010153 0.1872917 0.5605179 0.4850287 0.0653125 0.2663380 0.1595530 0.1698168 0.4471929 0.4082713 0.1294773 0.4904028 0.1835581 0.1653376 0.3224455 0.2882131 0.4743106 0.3633228 -0.0931740 0.3952809 0.2064239 0.3746942 0.3450236 0.3512608 -0.1108765 0.4617979 0.3804689 0.2561023 0.3517105 0.3255436 0.3924942 0.1600303 0.1003357 0.2743782 -0.0567777 0.2320918 0.2793294 0.3679011 0.0943685 0.1650403 0.3511691 0.0442973 0.1747146 -0.0523551 -0.1436364 0.0173140 -0.2361002 -0.3167483 0.2461824 0.3195319 0.3470917 0.2333260 0.2653823 0.6050297 0.3269988 0.5359283 0.5411609 0.5113932 0.2445191 0.2783329 0.1882909 0.1236289 -0.0733971 -0.4672738 -0.4843531 -0.2188336 0.4237214 0.1078707 -0.2457202 -0.0576990 0.1500817 -0.1038903 0.1795461 -0.0890135 0.0304368 0.3308673 0.1484869 0.2442858 0.1849242 -0.0139458 -0.0024900 0.0280306 0.1547271 -0.4052906 0.0408216 0.0939661 0.3533825 -0.1296187 -0.0219433 -0.1610293 0.0110740 0.0891502 0.3182573 0.2281055
0.5868485 -0.0640870 0.2890589 0.0307481 0.4047864 -0.3059656 0.1194397 0.2953124 0.0000000 -0.0184703 0.0254233 0.2032109 0.3088083 0.4099882 0.4361700 -0.0827303 0.0141100 0.2172642 -0.1138757 -0.2429854 0.1377995 -0.4336282 -0.2528820 0.4807544 -0.0886196 -0.1834729 0.2592693 0.4406306 0.4235518 0.3790653 -0.2095837 0.0043890 0.4099727 0.4664165 -0.0207650 -0.3246356 -0.2379550 0.1649552 0.1647196 0.5063557 0.2754241 -0.0092417 0.1635634 0.4884291 0.2036863 0.1609966 -0.1020564 0.1841184 0.3355945 0.2371340 -0.0190473 -0.0969314 -0.0387245 -0.0368770 -0.3682480 -0.0807017 -0.0555722 -0.1748426 -0.2196534 -0.0285557 -0.0262544 -0.3294232 -0.3375624 -0.0023306 0.3454859 0.0093750 -0.2273976 -0.0650858 -0.2768767 -0.2722811 -0.1365654 -0.2521703 -0.2278174 0.0084319 -0.1594269 -0.2772829 -0.1151287 -0.1476632 -0.3804899 -0.4149527 -0.4120680 0.5890942 0.1812196 0.1382147 0.1107426 -0.2922597 -0.0018579 0.1887678 -0.2297206 -0.0897828 -0.0486832 0.0111907 -0.2046301 0.4243394 -0.0940576 -0.1082636 -0.1906636 0.0264988 -0.0292165 0.3756675 0.3621081 -0.0485889 -0.1234797 -0.0553994 -0.2268076 -0.1492341 -0.4516558 0.0104935 -0.3521638 -0.0675363 -0.0382541 0.0227373 0.0622867 -0.1098223 -0.0634665 0.0920065 0.0827262 -0.1032767 0.1180372 -0.2667374 0.1663816 0.3465803 0.4167810 0.2213626 -0.4288707 -0.3102947 0.0768829 -0.0557030 -0.6320158 -0.5218893 -0.5408629 -0.2782131 -0.3862116 -0.5157310 -0.2599090 -0.3655474 -0.6070974 -0.5738008 -0.5466631 -0.5568531 -0.3543780 -0.6084163 -0.4665361 -0.5509340 -0.6137370 -0.4901690 -0.4214845 -0.3770709 -0.3762374 -0.5642469 -0.6417024 -0.5363818 -0.5370192 -0.1368934 -0.1357120 -0.6067024 -0.4545385 -0.4532070 -0.4554592 -0.5718188 -0.1004730 -0.4828908 -0.5209774 -0.5201112 -0.1885680 -0.6763030 -0.5389869 -0.2511476 -0.4550300 -0.2629819 -0.5780081 -0.3104738 0.5748117 0.4683005 0.2692404 0.1712500 -0.0137553 0.4399062 -0.2151073 0.0879814 0.5626035 -0.1348610 -0.3344515 -0.2971199 -0.3924502 0.2529416 0.1797559 0.1877345 -0.0436137 -0.1374222 -0.1825026 -0.2059976 -0.1270021 -0.3967798 -0.3253021 -0.0754926 0.2330091 -0.3462408 -0.5626298 -0.0057675 0.5853724 0.7138004 0.1661868 0.3597361 0.1010683 -0.1985595 -0.6868253 -0.2589758 0.4573488 0.0150647 -0.2867501 -0.2583561 0.1340128 -0.5142188 -0.6519278 0.2560366 0.7423631 0.6022603
-0.0824421 0.5746596 0.4463138 0.8442327 0.3122126 0.7711762 0.0657422 0.6006018 -0.0184703 0.0000000 0.9701937 -0.3352438 0.7773902 -0.2336013 -0.6050246 0.9292061 0.9255580 -0.6113440 0.7612506 0.3395715 0.2781339 0.7455807 0.8257413 -0.6179892 0.6453574 0.8030490 -0.0190296 -0.8064652 -0.3440007 -0.7318222 0.5573135 0.6838508 -0.6434225 -0.3188764 0.5667093 0.5883864 0.6450513 0.3445844 0.0867100 -0.5431588 -0.1710405 0.0105133 0.4315269 -0.5884125 -0.2229214 0.5546265 0.2312860 0.1517427 0.4208309 0.2290390 0.2411431 0.4432590 0.7046465 0.2165055 0.4152248 0.3757423 0.3459989 0.5709697 0.4292739 0.0925640 0.1929145 0.3717607 0.5218366 0.5564324 -0.0805728 0.4585287 0.2851076 0.4805656 0.3067946 0.5623469 0.4964394 0.0265037 0.6952637 0.0840518 0.4644786 0.4083870 -0.2648475 0.4669221 0.6144793 -0.0018124 0.3556599 0.0111952 0.2706167 0.1503943 -0.3495951 0.6480942 0.6870560 -0.5628166 0.8575687 0.7892384 0.8388147 0.7142204 0.4896122 -0.2695068 0.7328993 0.7987438 0.6406397 0.2935648 0.8458593 -0.0084671 0.7229559 0.1740253 -0.0771109 0.5061716 0.8678168 0.7663315 0.3918784 -0.2963184 0.7656328 0.2053464 0.8585755 0.5817599 -0.2593476 -0.0025388 -0.0142093 -0.2350876 -0.2030446 -0.1342778 -0.3260806 0.2281962 -0.2480422 -0.1323473 0.4772185 -0.5039362 0.4224977 0.3894217 0.3524891 0.8813493 0.6149602 0.6881513 0.6047052 0.2775067 0.6329978 0.6894558 0.6481011 0.8166155 0.6992798 0.7475319 0.6977978 0.4402796 0.8568620 0.7485142 0.6095867 0.7655089 0.6829912 0.7177801 0.8317018 0.7253276 0.6163133 0.7860555 0.6854316 0.7236605 0.8001512 0.8003645 0.5306770 0.6124023 0.4996475 0.6260044 0.5641567 0.6832124 0.5528849 0.8233190 0.4506292 0.6889120 0.6526190 0.5779340 0.6902503 0.3367764 0.3980554 0.5505662 0.2846735 0.2322452 -0.1945669 0.0546316 -0.3309609 0.1297769 -0.1105618 0.1000932 0.6841071 0.5064779 0.2337709 0.4576743 0.2479644 0.3148655 0.2955239 -0.0762374 -0.0644598 0.0496558 -0.7275513 -0.6291195 0.3874696 -0.0546888 -0.4359604 0.4689923 0.2507863 0.1626696 -0.3219085 -0.1970094 0.1778526 0.3339524 -0.0047825 -0.2188004 -0.0008366 -0.0614341 0.1452269 0.0944952 0.3849911 -0.2553529 0.1462453 0.0600768 0.5300998 0.0250442 0.1244764 0.2311222 0.1697054 0.0832472 0.0780926 -0.1158758
-0.0022595 0.4230602 0.3388153 0.7855949 0.2045713 0.6919297 0.1292368 0.6962771 0.0254233 0.9701937 0.0000000 -0.2495384 0.7798317 -0.2346420 -0.4664130 0.9647687 0.9333611 -0.5056835 0.8419706 0.3328415 0.2771822 0.7483668 0.8869659 -0.5373429 0.7612505 0.8491691 -0.0796146 -0.7864613 -0.2106314 -0.7749635 0.6019459 0.7960256 -0.6558457 -0.3120464 0.6357783 0.6023312 0.6992560 0.5231469 -0.0731006 -0.5558116 -0.1563327 0.1146503 0.4778971 -0.5922815 -0.0436799 0.7140642 0.3652486 0.2169937 0.4710873 0.4151437 0.3653959 0.5024394 0.7620119 0.3583928 0.4778039 0.5165890 0.4754880 0.6700280 0.4567843 0.1998271 0.2978265 0.4649535 0.5332447 0.6787966 0.0731066 0.6027161 0.3768014 0.5681029 0.4443499 0.6614423 0.6163374 0.1162402 0.7362681 0.1038722 0.5975243 0.4840679 -0.1585169 0.5440947 0.6106424 0.0203824 0.3899247 0.0160860 0.1931447 0.1192348 -0.2764103 0.5645271 0.6676854 -0.4261961 0.8561885 0.7321764 0.8069409 0.6162774 0.4050346 -0.2081182 0.6587168 0.6875295 0.5687544 0.1492322 0.8111228 -0.0621939 0.7309933 0.0308448 -0.2252117 0.4752940 0.8326136 0.6361667 0.2820606 -0.3728114 0.7048178 0.1066827 0.8170083 0.5382297 -0.3401346 -0.0628548 -0.1049357 -0.3137196 -0.2369403 -0.2362208 -0.3941878 0.1673868 -0.2978198 -0.1882860 0.4703232 -0.5560139 0.3048178 0.3644217 0.4172116 0.8292561 0.5563686 0.6057744 0.5548817 0.2239949 0.6628286 0.6480691 0.5279705 0.8231618 0.6547748 0.6723458 0.6950798 0.4892944 0.8506754 0.7062954 0.4900451 0.7405807 0.6138686 0.7438000 0.7752825 0.6587438 0.5212310 0.7534764 0.6846758 0.6526283 0.7381921 0.7603869 0.4018288 0.5592973 0.4450795 0.5361348 0.4446381 0.6225715 0.4534320 0.7706634 0.3534870 0.5925034 0.5708165 0.4753133 0.6766100 0.3485965 0.3000769 0.4466215 0.2136168 0.1594408 -0.0809491 0.1597635 -0.2098042 0.1325020 0.0049178 0.2658775 0.7081791 0.6245593 0.3614472 0.5682438 0.3390774 0.4105687 0.3038719 0.0628607 0.0317320 0.0065901 -0.6742104 -0.6196492 0.4824079 0.1066368 -0.3573655 0.3863224 0.2897089 0.1555142 -0.1523275 -0.1689842 0.2190989 0.3917044 0.0044325 -0.1552357 0.0556158 -0.0841620 0.0198798 0.0170884 0.3961067 -0.2375558 0.1066864 0.1056305 0.5552207 0.0385159 -0.0281638 0.0945708 0.1821948 0.1505774 0.0815558 -0.1018925
0.0643116 -0.1158414 0.0178501 -0.1679949 0.0685128 -0.0596654 0.6504588 0.2219505 0.2032109 -0.3352438 -0.2495384 0.0000000 0.1034430 0.3950443 0.4906552 -0.3588861 -0.0603060 0.6315824 -0.2450546 0.3808155 0.1507518 -0.3072350 -0.1824149 0.3385181 -0.2160003 -0.3980906 0.1989274 0.3269624 0.2662702 0.1500649 0.2728690 -0.1972998 0.0953584 -0.1741910 -0.5058707 0.1610911 -0.4113628 0.0586291 -0.3539476 -0.1309346 -0.2671737 0.2966214 -0.4163884 0.0003366 0.3270774 -0.1218849 -0.3163059 -0.1614613 -0.5151798 -0.0258052 -0.4612890 -0.2155745 -0.1035907 0.0336409 -0.0820370 -0.3251440 -0.4459601 -0.2719488 -0.0326522 -0.2909902 0.2047890 -0.2507755 0.1765075 -0.2871833 -0.0253008 0.0285849 -0.5162130 -0.3963164 0.2674544 -0.2580469 -0.3247091 0.4703364 -0.4893014 -0.1828522 0.0020991 -0.2234516 -0.0374518 -0.1564782 -0.3047382 -0.3024697 -0.2792686 0.4691682 -0.0368695 0.2248903 0.2451819 -0.0364690 0.1724283 0.3858148 -0.0145869 -0.0158492 -0.0726772 -0.2014882 -0.3541310 0.1756559 0.0245170 -0.1583487 -0.1964219 -0.1931965 -0.0346090 -0.2142596 -0.2402154 0.0911901 0.2534916 -0.0977998 -0.1797442 -0.3757069 -0.1289168 0.4019569 -0.4241357 -0.2575030 -0.3160422 -0.6345797 0.1226024 0.0058322 0.0088574 0.1397041 0.2707716 0.1705372 0.2094128 0.0036557 0.2595600 0.3200612 0.0411950 0.2650438 -0.0184497 -0.4682918 0.1831243 -0.2211481 -0.2940709 -0.1982498 -0.1074390 0.3423729 -0.2351438 0.0286351 -0.1682261 -0.1097750 -0.2666663 -0.2821430 -0.3211618 -0.1547675 -0.1369150 -0.3111485 -0.5312780 -0.1248807 -0.0639961 -0.0505705 -0.2555718 -0.2471377 -0.3333470 -0.2382777 -0.1750107 -0.1756461 -0.1956098 -0.0695672 -0.0590763 -0.1272601 -0.2461880 -0.0042840 -0.4286353 -0.3073294 0.1021892 -0.2210631 0.0452781 -0.4069409 0.0161181 -0.2094586 -0.2326719 0.0997388 -0.1961444 -0.2179617 -0.0919876 -0.1234621 0.1528954 0.1783370 0.6456175 -0.0672340 0.1914687 0.5311997 -0.0389088 0.2649123 0.3120135 0.1947873 0.1966177 0.1202758 0.0103718 0.0032984 -0.0188112 -0.4167161 0.1799982 0.2768147 0.0756521 0.0546806 -0.0835688 -0.1856216 -0.2431796 -0.4868541 0.1510575 -0.1794448 -0.4129385 -0.2381900 0.2209350 0.0502391 0.1233146 0.1059163 0.4221545 -0.2191779 -0.1730740 -0.0584474 0.0560176 -0.5877405 0.1196224 -0.3289258 0.2520624 -0.2402561 -0.4313539 0.4225695 0.1287839 0.4850088
0.0472834 0.6053622 0.6741472 0.7244628 0.5994151 0.5840115 0.2060525 0.6559537 0.3088083 0.7773902 0.7798317 0.1034430 0.0000000 -0.0283353 -0.2841731 0.6526626 0.7971917 -0.3193505 0.4598232 0.4654612 0.4617057 0.4513904 0.5330518 -0.3638522 0.3293615 0.4383985 0.1264653 -0.5457739 -0.1483847 -0.5463180 0.5923736 0.4352925 -0.4517882 -0.2509901 0.1821486 0.5262289 0.2344866 0.2641108 -0.0051424 -0.4712347 -0.4234747 0.1227992 0.2268619 -0.4265349 -0.0826722 0.3519398 -0.1661082 0.0085157 0.1918879 0.3155716 -0.1245655 0.1523026 0.5000700 0.0438931 0.1957584 0.0629144 -0.0593853 0.2268223 0.3001336 -0.2531479 0.1353970 -0.0343465 0.5100706 0.2535206 -0.0953792 0.4018398 -0.2247413 0.0381468 0.2755605 0.1682544 0.1051819 0.0345727 0.1941296 -0.1977395 0.2371421 -0.0188328 -0.5378430 0.0842664 0.1199678 -0.5063577 -0.1847562 0.2947791 0.3626457 0.3688533 -0.1038120 0.5544844 0.7484867 -0.4178403 0.7515394 0.6441930 0.7989563 0.6397188 0.5177258 -0.1864492 0.7302896 0.6874857 0.5433710 0.4239883 0.8311094 -0.1428474 0.6162913 0.3503499 0.1556235 0.3326499 0.6587212 0.5604141 0.4189169 -0.0309771 0.5215804 0.2096809 0.7078285 0.3433759 -0.1248340 0.1269123 0.1219660 -0.0273111 0.0615532 0.0472699 -0.0834282 0.3616142 -0.0068201 0.1499282 0.6316617 -0.2950746 0.3674816 0.0239877 0.3985423 0.8538407 0.3188276 0.4889380 0.4880270 0.3984069 0.3698920 0.4905736 0.4008060 0.6876345 0.3757009 0.4662458 0.4118769 0.1702065 0.6344870 0.3710866 0.3217408 0.5585214 0.4588096 0.5499011 0.6264243 0.5486538 0.4312302 0.5020799 0.4277395 0.5910567 0.5796794 0.7044244 0.5495972 0.4346182 0.2120355 0.5833743 0.2231891 0.4139149 0.6437486 0.5422800 0.2774995 0.3416534 0.6884286 0.3326736 0.3941317 0.1969159 0.1007029 0.3425780 0.1303854 0.0308477 0.0835764 0.2158431 -0.1451576 -0.1278049 -0.1541716 0.3218552 0.6300595 0.5539858 0.3120865 0.4010797 0.1624002 0.1963742 0.1359264 -0.1565930 -0.2192792 -0.1482369 -0.6854156 -0.5133677 0.5415885 -0.2399780 -0.5917005 0.2805190 0.0340584 -0.2453451 -0.2811640 -0.5539782 -0.3553371 0.0542182 0.3026066 -0.0468537 -0.0442065 0.1141459 0.4032330 -0.2731796 -0.0128601 -0.3229830 0.4818723 -0.2395210 0.4458629 -0.2980297 0.3663303 -0.0786316 -0.3405517 0.5125083 0.4389491 0.3092076
0.2055272 -0.3574184 0.1811367 -0.3429021 0.1672450 -0.2245806 0.4669528 -0.0429435 0.4099882 -0.2336013 -0.2346420 0.3950443 -0.0283353 0.0000000 0.5480503 -0.2768419 0.0080739 0.7209071 -0.3940558 -0.1800338 -0.0132073 -0.4083550 -0.2167109 0.6804246 -0.2158340 -0.2645806 0.4386003 0.6855151 0.5729628 0.5869599 -0.1033145 -0.0484415 0.7277307 0.5343540 -0.2564853 0.0492431 -0.2490565 -0.1870389 0.1446577 0.5220926 0.0408141 0.5714479 -0.1867238 0.5801051 0.4717957 -0.1594493 -0.1516577 -0.0452853 -0.0220989 -0.2619553 -0.1887763 -0.1457146 -0.2488970 0.0491469 -0.2466653 -0.1485936 -0.1662624 -0.0313862 0.2257388 0.0313672 0.3402137 -0.0683460 0.1524055 -0.1567883 0.3764201 0.1220199 -0.1806754 -0.1035290 0.0332578 -0.2891835 -0.0433837 -0.0494335 -0.2294750 0.0452080 0.0102313 -0.2055732 -0.3543772 -0.1081188 -0.3249591 -0.2851899 -0.4137342 0.2602791 -0.0120867 0.2854102 0.1357224 0.1285809 0.0569041 0.2085974 -0.1127257 0.0060711 0.0279954 0.0731202 -0.1384692 0.3778428 -0.0673212 -0.1098498 -0.0373164 0.0853351 0.0181107 0.1801072 0.0329305 0.3287784 0.2592810 0.4470044 -0.0424310 -0.1406428 -0.1070591 0.0639870 -0.0447481 -0.3578977 0.0342602 -0.3018283 -0.1615359 -0.3178661 -0.1763554 -0.1272131 -0.1069756 -0.1038202 -0.1059313 0.0310792 0.0773001 0.1623992 0.1232090 0.0681500 -0.0049387 0.0235664 -0.0805382 -0.2116156 -0.0832280 -0.2649716 -0.2022164 -0.0023180 -0.2108002 -0.1867023 0.0631817 -0.1414897 -0.2181248 -0.1987617 -0.2636259 -0.3491438 -0.1455877 -0.3375684 -0.3129888 -0.2248730 -0.2233655 -0.1548097 -0.2379858 -0.2973949 -0.2540373 -0.3515136 -0.2719898 -0.2619449 -0.3244871 -0.0099399 -0.2277189 -0.2619930 -0.0537993 -0.1040883 -0.1564217 -0.2317605 0.0681146 -0.2574474 -0.1996261 -0.2496186 -0.0380732 -0.2126713 -0.0803486 0.0439426 -0.1058958 -0.1435231 -0.1651139 0.0210925 0.0736552 -0.1706092 0.1724596 -0.1897911 -0.3179037 0.3613950 -0.2418130 0.2066638 0.4985530 0.1263822 0.2495651 0.1669540 0.2117583 0.4143901 0.4221567 0.1863184 -0.0763738 -0.2249970 -0.1582528 -0.3442808 -0.1236302 0.0758405 -0.0145802 -0.1260514 0.0025749 -0.2586144 -0.4670990 0.0952448 -0.0201377 0.1812612 -0.2926832 -0.2983029 0.0939739 -0.3224769 -0.0915726 -0.3933215 -0.1413748 -0.5284549 -0.5572239 -0.5326535 0.1319450 -0.2975537 -0.5347067 0.1216699 -0.1039642 0.1654070
0.5271000 -0.6883207 -0.3735329 -0.5762860 -0.3268276 -0.7100554 0.2543115 0.0153051 0.4361700 -0.6050246 -0.4664130 0.4906552 -0.2841731 0.5480503 0.0000000 -0.4637357 -0.4734998 0.8710548 -0.2620206 -0.4384154 0.0449836 -0.4173465 -0.4412752 0.9423403 -0.1107662 -0.4798948 -0.2239950 0.7524038 0.9213783 0.4183105 -0.3090053 -0.1949446 0.6448316 0.5740899 -0.3756956 -0.3114024 -0.5073292 0.2235114 -0.5325980 0.4676769 0.2464243 0.4993040 -0.3996104 0.5190458 0.7339941 -0.0420353 0.0730053 0.1705893 -0.1950133 0.3149150 -0.0088842 -0.4024045 -0.4453865 0.0070377 -0.0313835 0.1599314 -0.0250861 -0.2317744 0.0861883 -0.0233967 0.3336208 -0.2597598 -0.2773066 -0.1334793 0.6374726 -0.0405657 -0.0989715 -0.2622684 0.1738112 -0.3791591 -0.0178846 -0.0648235 -0.4820878 -0.0138082 0.0401951 -0.3778030 0.0350196 -0.3332975 -0.6591988 -0.1456542 -0.4390367 0.3001922 0.0043531 0.3357361 0.7223224 -0.2998624 -0.5072253 0.7577524 -0.4097379 -0.4370211 -0.4874046 -0.5809037 -0.3899267 0.6322025 -0.6360406 -0.6905997 -0.6156831 -0.2719148 -0.4678090 0.1933180 -0.0748992 -0.1079969 -0.0298509 -0.1883647 -0.5371244 -0.6007317 -0.3706439 0.2274699 -0.4372100 -0.3951772 -0.4275943 -0.3944070 0.0314907 -0.1027269 -0.2742422 0.0241730 0.1392199 -0.1610343 0.1202727 -0.0094832 0.3310817 0.2815476 0.1103954 0.3607971 -0.4617952 -0.0117639 0.2382948 -0.5669173 -0.4695038 -0.5521389 -0.4566688 -0.1674869 -0.1826605 -0.5069406 -0.7028075 -0.4066027 -0.5482931 -0.6581632 -0.4288742 -0.1561947 -0.5877678 -0.6025389 -0.8782504 -0.6114920 -0.6768718 -0.3700734 -0.6510924 -0.6299580 -0.8227927 -0.6743982 -0.5125915 -0.7117492 -0.7058681 -0.6294745 -0.5060871 -0.7475461 -0.7084445 -0.6797344 -0.8642396 -0.7518083 -0.5543688 -0.7670104 -0.7712235 -0.8504235 -0.6440135 -0.7665327 -0.5759673 -0.4573672 -0.7824117 -0.8239913 -0.6825462 -0.6045408 0.5496838 0.2047535 0.6405557 -0.0168449 0.4108545 0.5938146 -0.3563646 0.0586280 0.3931367 0.0613349 0.2456121 0.1682607 0.1029642 0.6077905 0.2690527 -0.0753586 0.5288941 0.3862464 0.1213950 0.2069272 0.5098289 -0.2903675 0.1861938 -0.0633294 0.7446914 0.2112191 -0.1511724 0.2322380 0.0333971 0.3906467 0.0902022 0.0782993 -0.2670693 -0.3203693 -0.1705976 0.1408976 -0.2572955 -0.0017071 -0.3795456 -0.0208076 -0.1810884 -0.4046333 -0.2485642 0.0818896 0.0108937 0.0865039
-0.0069304 0.3316914 0.2025466 0.7387045 0.0067137 0.6822397 0.0443574 0.6790955 -0.0827303 0.9292061 0.9647687 -0.3588861 0.6526626 -0.2768419 -0.4637357 0.0000000 0.8654587 -0.4985842 0.8952738 0.2262936 0.1354634 0.8094010 0.9351615 -0.5254060 0.8325459 0.9199523 -0.1550200 -0.7945067 -0.2166151 -0.7856835 0.5356608 0.8508363 -0.6797061 -0.3442913 0.7258505 0.5358420 0.7936379 0.5786051 -0.1177604 -0.5779957 -0.0568476 0.0879416 0.5090624 -0.6407756 -0.0416408 0.7410841 0.4902731 0.2767006 0.4622844 0.4243517 0.4890787 0.5107146 0.7557580 0.3826876 0.5489848 0.6048590 0.6013246 0.7118793 0.4751293 0.3219648 0.3113806 0.5683446 0.5201103 0.7543792 0.1328820 0.6241213 0.5416097 0.6247666 0.5181707 0.7580357 0.7334529 0.1838228 0.8173514 0.1663790 0.6937717 0.5819641 -0.0417410 0.6190356 0.6580756 0.1502161 0.4932211 -0.1787204 0.0555658 0.0235604 -0.2775755 0.5078413 0.5362820 -0.3890373 0.7837738 0.6409769 0.6933971 0.4744999 0.3435111 -0.2181878 0.4983626 0.5523453 0.4523031 0.0161008 0.6928301 -0.1097601 0.6832454 -0.0914452 -0.3200620 0.4375871 0.7474723 0.5428608 0.2441588 -0.4778234 0.7107514 0.0115405 0.7727715 0.4970285 -0.4331240 -0.1186126 -0.2071674 -0.4078660 -0.3204167 -0.3280287 -0.4742128 0.1301231 -0.3628565 -0.2944394 0.3356924 -0.6402433 0.2023749 0.4621356 0.3598031 0.7218900 0.5754940 0.5860383 0.5165623 0.0910037 0.7034748 0.6194715 0.4362975 0.7979253 0.6556237 0.6509745 0.7316831 0.5808216 0.8082671 0.7611265 0.4902988 0.7546737 0.5825135 0.7388109 0.7369684 0.6339363 0.4549805 0.7947471 0.7473602 0.6476767 0.7264684 0.6601972 0.3381736 0.5751432 0.4775330 0.4941031 0.4478434 0.6689166 0.3424522 0.7666433 0.3088431 0.6070568 0.4870207 0.4880642 0.6865102 0.2755598 0.2713924 0.3683476 0.2092798 0.0944892 -0.0859475 0.1012213 -0.2101951 0.1256423 0.0340029 0.1935153 0.6427438 0.5644625 0.2819298 0.5806323 0.3838581 0.4521759 0.3653512 0.1184346 0.0610668 -0.0458097 -0.6076733 -0.5394656 0.5015140 0.2241023 -0.2291570 0.3703819 0.3852872 0.2230610 -0.0860588 -0.0488885 0.3634568 0.4351622 -0.1775146 -0.2212576 -0.0591016 -0.2491804 -0.1821967 0.0527436 0.4943517 -0.2093623 -0.0768735 0.1678738 0.4447368 0.0884110 -0.2048205 0.0878754 0.3241634 -0.0111136 -0.0512691 -0.2321797
-0.1354325 0.4232754 0.4558017 0.7110974 0.3374265 0.7474888 0.3172426 0.6214394 0.0141100 0.9255580 0.9333611 -0.0603060 0.7971917 0.0080739 -0.4734998 0.8654587 0.0000000 -0.3681538 0.6711948 0.4947586 0.2532066 0.6227293 0.8601967 -0.5171148 0.6339880 0.7857086 0.1799474 -0.6779985 -0.2468183 -0.6280677 0.7005193 0.7602057 -0.5442855 -0.3235956 0.5316706 0.7238670 0.6660506 0.3653673 0.0713742 -0.5178494 -0.3026421 0.2303626 0.4406741 -0.5051713 -0.0210043 0.6141217 0.2244629 0.0874962 0.4016060 0.2126604 0.2108832 0.5482044 0.7531093 0.4036282 0.3720968 0.3348796 0.3247778 0.6553999 0.4569392 0.1760204 0.3296464 0.4837691 0.6927111 0.5624900 -0.0134396 0.6533538 0.2420204 0.5179839 0.4462551 0.6071243 0.5154317 0.2147004 0.6718673 0.0801909 0.5548883 0.4770429 -0.2593803 0.5543117 0.6124864 -0.0641631 0.3196067 0.0619355 0.1300939 0.1018968 -0.4023746 0.6315177 0.8331429 -0.4793818 0.8740556 0.7819798 0.8875475 0.7355275 0.3812311 -0.2600988 0.7941048 0.7695557 0.6957750 0.1933931 0.8859622 -0.1488599 0.6106562 0.1620096 -0.0888533 0.6215047 0.8955708 0.6325214 0.3212929 -0.3416694 0.6863555 0.0530948 0.8151542 0.3890286 -0.3636646 -0.1386453 -0.0608814 -0.3292632 -0.2658711 -0.1785964 -0.4218612 0.1612286 -0.3459514 -0.1982357 0.4021009 -0.5763596 0.4353253 0.2429794 0.2958405 0.8234610 0.6017025 0.6091045 0.5867113 0.3292157 0.5589148 0.7096368 0.6989723 0.8302668 0.6749985 0.7236627 0.6439182 0.3684041 0.9100720 0.6690088 0.5415843 0.7958532 0.7151291 0.7707049 0.8002504 0.6606625 0.6245605 0.7492480 0.6892314 0.7218582 0.7626717 0.8974558 0.4004082 0.6710144 0.5959750 0.6815063 0.5685027 0.6913330 0.6313542 0.8372528 0.5305036 0.6642775 0.7192540 0.5914283 0.7729043 0.5605255 0.4867352 0.6035731 0.3924456 0.3735964 -0.2269261 0.0364107 -0.2393103 0.0131994 -0.2090743 0.2689174 0.6932442 0.6906621 0.4261250 0.5945419 0.3777487 0.4253638 0.3176373 0.0108683 0.1059280 0.0317898 -0.7685273 -0.7348097 0.3787867 -0.0334379 -0.5372682 0.4460345 0.1582784 0.0314617 -0.3429608 -0.3433676 0.0310653 0.2652313 0.0171358 -0.2292220 -0.0481651 -0.2030505 0.2001510 -0.0489082 0.3788795 -0.3724552 0.1385685 -0.2006629 0.4819924 -0.1956923 0.0900279 0.0647594 0.0046431 0.2659544 0.0118293 0.0079452
