0.0000000 0.2355422 0.7459786 0.0072823 0.5609106 0.3972784 0.5999537 -0.0508940 0.2135071 0.3705772 -0.1612948 -0.0023276 0.1073801 0.2128062 0.2100656 -0.2643936 -0.0571811 -0.2073606 -0.5828827 0.3743605 -0.2127055 -0.0739623 -0.1721059 0.0503052 -0.4031242 -0.2610659 0.1904470 0.1103030 -0.0467424 0.0675731 0.2082101 0.3301772 0.1026673 -0.0636938 -0.3556583 -0.1681284 -0.0708747 -0.3029734 -0.0051073 0.1643082 0.2624832 -0.0990660 -0.1622397 0.3064331 -0.1029953 -0.3781900 -0.1469061 0.1331948 0.2809799 -0.1332423 -0.2375876 -0.2416292 0.0973219 0.2831658 0.3228958 0.1003012 -0.1842535 0.2189461 0.2299581 -0.1318008 0.0412794 -0.1636028 0.6765231 -0.0935652 0.0891563 0.0657108 -0.2911706 -0.5143430 0.3834133 -0.3843969 -0.4935137 -0.0890002 -0.5034983 0.1901600 0.1185905 -0.5519595 0.0425785 -0.4589112 0.0851293 0.1345935 0.6502318 0.1876469 0.0196810 0.4115955 0.2774606 0.3968877 0.1053745 -0.2129662 0.3253975 0.3911917 0.1443295 -0.2049632 -0.2795125 -0.2413142 -0.2066403 -0.0433780 -0.0075563 0.0508377 -0.2619280 -0.2443470 0.0746677 0.2797318 -0.1365763 -0.4283026 -0.2251847 -0.1424286 -0.1737129 -0.3310448 -0.2450740 -0.1969231 -0.2111391 -0.2841996 -0.3763712 -0.0166616 -0.1840093 0.0912064 0.0854299 -0.0475315 0.0722265 0.2821547 -0.0227081 -0.0107954 -0.5029041 -0.0289681 0.2146413 -0.3614071 -0.1492177 -0.3330423 -0.1840266 0.0642697 0.0283104 -0.3200841 -0.0807010 0.1345999 0.1794044 -0.3812439 0.1318270 -0.0266034 0.0195180 -0.2119624 -0.0889398 -0.0021763 0.0581296 -0.0042722 0.2153101 -0.1713090 0.4395769 0.3255197 -0.2006403 -0.1093832 -0.4772242 0.1807142 0.3789450 0.0234707 0.1837645 0.2659971 -0.4184713 0.5671078 -0.1570144 -0.3579237 0.2778473 -0.1311552 -0.0485992 -0.5019365 0.0228115 0.2015169 0.3513248 -0.1427145 -0.2486562 -0.2627032 0.3945262 -0.1168032 0.2814577 0.3625218 0.5073599 0.7692857 0.4658227 0.4490791 -0.1581973 -0.2657681 -0.4658397 -0.3503953 -0.1590588 -0.2300211 0.2496679 0.3049769 0.6031558 0.6367340 0.4032459 0.1689016 0.0663184 0.3885556 0.6725804 -0.0098083 -0.1107628 -0.0913986 0.3463644 0.4252164 0.7261711 -0.3646347 0.3376502 -0.0723432 -0.0985203 0.3292470 0.2941876 0.5000811 0.0169221 0.0019465 0.1503174 0.5323715 0.1504750 0.3088228 0.4167468 -0.0444416 -0.1050371 0.3340177 0.3454608 0.2395149
0.2355422 0.0000000 0.3547306 0.6419477 -0.0581216 0.8490787 0.7005813 0.3276224 0.7321536 0.4615776 0.4230288 0.7774612 -0.0409643 0.1185490 0.8434931 0.2209410 0.0610265 0.1127411 0.1780414 -0.0437821 0.5414457 0.0375689 -0.0240111 0.5142318 0.1543235 0.2516694 0.0920235 0.2619711 0.7033376 -0.0712130 -0.3944064 0.0318842 0.3279033 0.6553135 0.1166516 0.4896766 0.3784892 -0.1352071 -0.1621540 -0.4436652 -0.2815688 0.7875619 0.1423467 0.2150906 0.5972333 0.1474031 0.2701464 -0.2442879 0.5469135 0.0203387 0.2268137 -0.0834345 0.7673940 -0.0465719 -0.1369540 0.1618384 -0.0325508 0.2400841 -0.2193651 0.1893892 0.4191258 0.0734669 -0.1683752 0.4683186 0.7031870 -0.4031797 0.0757481 -0.0281537 -0.2058018 0.2329095 0.0070253 0.7266095 0.0850657 0.7190159 -0.0953857 0.2033202 0.5950685 -0.3074834 -0.3164508 -0.3105823 -0.2754093 0.4215504 0.1560714 0.1760168 -0.0330135 0.0998701 -0.0877207 -0.0879393 -0.0111111 0.0448946 -0.0310943 -0.2992658 0.3113464 -0.0609069 -0.1757130 0.2098766 0.1232607 0.5114273 0.2434571 -0.2303958 0.0756854 0.3110387 0.0135019 -0.1079535 0.2943700 0.1656477 0.3339233 0.2085102 0.0117430 0.1929178 0.0093837 0.0370906 0.1845026 0.4616880 0.3435672 0.5270615 0.4676733 0.3922093 0.3684309 0.3380299 0.4523718 0.3670858 -0.3370436 0.3787799 0.3992719 0.3012417 0.4051438 -0.4139204 0.3508426 0.3168892 0.3529941 -0.3599112 0.2831469 0.2892771 -0.4103604 -0.1821683 0.3061827 0.4076104 0.1209268 -0.0640245 0.0727994 0.1369906 -0.4283423 -0.3117183 0.0898404 0.1654159 0.0452198 -0.1494929 0.1359484 0.0945550 -0.1820080 -0.1719412 0.2407449 0.3632530 -0.3389746 0.0405245 -0.2188608 0.1540100 -0.0235731 -0.1485409 0.0011172 0.1234378 -0.1334233 -0.3407461 0.1126527 0.2406092 0.5141616 0.2218338 0.0236090 -0.0373267 0.5123878 0.3244196 0.3127643 0.4795102 0.6022284 0.3890601 0.3624888 -0.0312501 0.3281189 0.1038175 -0.0301405 -0.0186676 -0.0678982 -0.0028337 -0.1927103 0.5768215 0.0171555 0.1303757 0.4443608 0.5265048 0.2087272 0.4692033 0.4365989 0.0375701 0.2104554 0.3487421 0.0552806 0.4542004 0.0370226 0.3676003 0.5440912 -0.0692977 0.3391085 0.4803296 -0.0887861 -0.1363432 0.0228920 0.4635516 0.3810315 0.2054334 0.4890880 0.5749453 -0.0275542 0.4689484 0.2893869 0.0357158 0.4202502 0.4938788
0.7459786 0.3547306 0.0000000 0.0676660 0.7441387 0.5180980 0.6625829 0.0735807 0.4814727 0.5407922 -0.0752703 0.2742778 0.3512542 -0.0052113 0.4261196 -0.1513449 -0.1412678 -0.2680823 -0.2952131 0.2208750 -0.1651468 0.0186159 -0.0341635 0.1457360 -0.1910775 -0.0843281 0.3536593 0.0657030 0.1211963 -0.0637879 0.0272299 0.4972078 0.1501756 0.1092022 -0.1492095 -0.2393187 0.1478851 -0.0901567 0.1161802 0.0803681 0.2732198 0.0121225 0.0157301 0.4384048 0.1027838 -0.1779383 0.0290915 0.2172768 0.4535892 -0.0363972 -0.0516440 -0.2104866 0.3112860 0.2239112 0.4382185 0.3276811 0.1125696 0.2908997 0.2538733 0.0156744 0.2688353 -0.2034944 0.5953306 -0.0261448 0.2679311 0.3717945 -0.2696852 -0.4165772 0.5597891 -0.3735015 -0.3159279 -0.0781308 -0.5079687 0.2314110 0.2505911 -0.4262136 0.0959084 -0.4557169 -0.0407156 0.0175007 0.4735097 0.1496952 -0.0917534 0.3033232 0.1260723 0.3882199 0.3411459 -0.5236389 0.3220756 0.3071312 0.1570442 -0.0789159 -0.0519172 -0.5394220 -0.1331510 0.1874801 0.3342043 0.2857976 -0.0047901 -0.5849521 -0.1539540 0.2996146 -0.2443516 -0.6145715 0.1911227 0.0406877 -0.1971899 -0.2112525 -0.2299333 -0.3695411 -0.2626119 -0.4569768 -0.2786024 0.1239897 -0.1795833 0.2844966 0.1715567 0.1381378 0.2069786 0.4586933 0.2084261 0.2246560 -0.4261078 -0.0131681 0.2542568 -0.1396492 0.1185693 -0.4305564 -0.0271630 0.1498272 0.2148091 -0.3768790 0.1721385 0.1339687 0.2811541 -0.3093651 0.3489523 0.1669196 0.2141137 -0.1744846 0.1404527 -0.0398559 0.1182880 0.1317115 0.3837807 -0.0150959 0.6015600 0.4365782 0.1710772 -0.0425835 -0.4350101 0.2786462 0.5302375 0.2947676 0.2894888 0.3862777 -0.3253868 0.7528798 0.1777281 -0.4456333 0.4692217 -0.0346411 0.0354611 -0.5304807 0.2637395 0.4198074 0.6756921 0.1543526 -0.0113835 -0.1030899 0.6698751 0.1747650 0.1017684 0.4231403 0.4781392 0.8293227 0.5312877 0.3856897 -0.3071142 -0.5398697 -0.7199502 -0.5606303 -0.2647166 -0.4009392 0.2933680 0.5545088 0.6953407 0.6305380 0.3277102 0.2852726 0.2098748 0.4895184 0.7354899 -0.0020857 0.0713752 0.0537459 0.4473347 0.6159602 0.7199104 -0.1064150 0.5570678 -0.1925852 0.0915175 0.4925411 0.3561314 0.2718708 0.2569101 0.1274177 0.1436554 0.5184509 0.1870924 0.4628743 0.4705852 0.1130478 0.0948270 0.3244853 0.5631215 0.3327029
0.0072823 0.6419477 0.0676660 0.0000000 -0.3969994 0.5159790 0.2358949 0.6454874 0.7069865 0.6086023 0.8613470 0.8252901 -0.3610558 0.4986506 0.6495570 0.6649551 0.4251486 0.5952449 0.5238317 -0.3302328 0.7205984 0.4044073 0.3703495 0.7964610 0.5604035 0.5381922 0.2669817 0.5260142 0.8250839 0.3138290 -0.6294188 -0.0222805 0.5100805 0.7641494 0.4078350 0.6148834 0.5287554 0.1143727 0.1390907 -0.1790430 -0.5213432 0.7923353 0.3276488 0.0372130 0.7384712 0.5006210 0.5566853 -0.2829612 0.4170416 0.1017047 0.4649812 0.3772061 0.7920981 -0.0012934 -0.4766950 0.2697011 0.3431041 0.2624256 -0.7478954 0.4398136 0.2421373 0.3958987 -0.5614797 0.8390871 0.8490844 -0.1979169 0.4490459 0.3630209 -0.2760457 0.7491184 0.4224902 0.8244206 0.4141216 0.8330931 0.1038191 0.6108671 0.7513494 0.0656156 -0.0368708 -0.4038788 -0.3826606 0.1742100 0.3693720 0.3939163 0.2020878 0.3628250 0.2221873 0.0189077 0.2417577 0.0453050 -0.0221143 0.0854059 0.6203315 -0.1116682 0.2912522 0.1069529 0.3741433 0.6807646 0.5037006 -0.4420240 0.2262519 0.5797533 0.4188739 -0.1520534 0.2625020 0.4896435 0.4922668 0.6008249 0.1679113 0.3828362 0.3497638 0.1972620 0.3049865 0.6565893 0.6951779 0.6480809 0.6765023 0.5769787 0.5628532 0.4408950 0.6390218 0.6426309 0.1362605 0.3441233 0.4385270 0.3613615 0.6678964 0.0544632 0.4402830 0.5559607 0.5837482 -0.2274385 0.6022278 0.1587910 -0.3344580 0.4193789 0.4143429 0.4991287 0.3042095 0.0974823 0.4177049 0.4618368 -0.5111641 -0.2098636 0.0928032 0.5446124 -0.0701302 -0.3213777 0.2040747 0.5301682 0.0443724 -0.1788946 0.3173787 0.6260547 -0.2893456 -0.1389584 -0.1238885 0.0144657 0.0303011 -0.0201527 0.0765437 0.4768469 -0.4959087 -0.2650784 0.3478231 0.0733958 0.3922729 0.3891938 0.1432162 0.2200693 0.4705084 0.5497712 0.1145224 0.0892548 0.0552736 0.0058903 0.0775864 -0.4355262 0.4595047 0.1842851 -0.0268168 -0.0019591 -0.3902369 -0.2280883 -0.7336665 0.4781571 -0.4900478 -0.3152606 0.2183378 0.4987802 0.2046162 0.3737118 0.1940868 0.2515212 0.2719260 0.4589483 0.0742294 0.3368432 -0.2018831 0.4536956 0.0287178 -0.4651868 0.0234495 0.2423672 -0.6146480 -0.4822420 -0.0001001 0.4027699 0.0028566 -0.3513498 0.0603178 0.3788472 -0.4931512 0.6382099 0.1981650 -0.4164217 0.3024138 0.3302296
0.5609106 -0.0581216 0.7441387 -0.3969994 0.0000000 0.0659373 0.2570193 -0.3285673 0.0513501 0.0956046 -0.4932565 -0.2037762 0.4101681 -0.3231084 -0.0217532 -0.4786385 -0.5169495 -0.2913312 -0.5170412 0.6504422 -0.4837621 -0.1906161 -0.3025953 -0.2043942 -0.4633620 -0.4604872 0.0783038 -0.1622046 -0.2260859 -0.2711910 0.5756796 0.5781557 -0.0637036 -0.2038150 -0.3789735 -0.4557215 -0.1710726 0.1217710 -0.1212348 0.0468427 0.5728282 -0.2440574 -0.2317479 0.2827799 -0.1243680 -0.3471125 -0.2410818 0.6127133 0.1677681 0.1606381 -0.2657393 -0.4115238 -0.0342524 0.1246804 0.8552827 0.3283011 -0.0337220 0.0636915 0.5603447 -0.2503523 0.2080684 -0.4467666 0.8454925 -0.3360803 -0.1215452 0.5896479 -0.4590471 -0.6482781 0.7803729 -0.6200624 -0.3952092 -0.5018343 -0.6282267 -0.1852439 0.3679590 -0.5974302 -0.1553018 -0.2336424 0.0786834 0.3370502 0.5527697 0.1853709 -0.1295877 0.1265438 0.0010482 0.2342847 0.1061585 -0.3598438 0.1936180 0.2787375 0.2371952 -0.1798711 -0.1756400 -0.3441388 -0.0230750 0.1504945 -0.0306207 0.0062652 -0.0817109 -0.1307208 -0.1868393 0.0132566 -0.1899424 -0.3373098 0.0872635 0.0151527 -0.1953852 -0.2259335 -0.1725956 -0.3067946 -0.3020890 -0.4600488 -0.2651907 0.0260217 -0.3037534 0.1113880 0.0427406 0.0297887 0.0966222 0.2722400 0.0229592 0.0677172 -0.2437032 -0.1337648 -0.1217447 -0.3127751 0.0052218 -0.0854073 -0.3166899 0.0289004 0.0072955 -0.0805240 0.0703988 0.2058506 0.4000807 -0.3175383 0.2644478 -0.1066864 0.0667101 -0.2506986 -0.0723410 -0.1544906 0.4103699 0.1161172 0.2610524 -0.0764836 0.4580784 0.4313482 0.0444834 -0.0899428 -0.2551605 0.3692373 0.3463078 -0.1408617 0.3566929 0.5462647 -0.2313171 0.5897480 -0.0459768 -0.2488996 0.5244843 -0.0673536 0.3441370 -0.2593478 0.3298043 0.4071687 0.3888338 -0.1563166 -0.2471893 -0.1954811 0.3606662 -0.1893757 -0.0676920 0.0365903 0.0690729 0.4622437 0.1674708 0.3126926 -0.4739633 -0.5142785 -0.5752887 -0.4828182 -0.0064023 -0.2387667 0.5632951 0.1878564 0.8076884 0.7543623 0.1393688 -0.0714489 0.0475936 0.3535171 0.3956565 -0.2662368 -0.1178785 -0.3541930 0.3700753 0.3376319 0.6352730 -0.3050656 0.5065181 0.0301534 -0.0050140 0.1996605 0.5212600 0.4002354 0.2185187 0.1822524 0.2462147 0.5476690 0.0057054 -0.0187113 0.5017992 -0.0991052 0.2975101 0.5087275 0.3031755 0.1686071
0.3972784 0.8490787 0.5180980 0.5159790 0.0659373 0.0000000 0.8644932 0.3568883 0.7663558 0.6018118 0.3702288 0.7078861 -0.0323478 0.2058773 0.8394542 0.0875523 0.0167704 0.0720530 0.0601813 -0.0383238 0.2855393 -0.0540932 -0.1458457 0.4170416 0.1014749 0.1480287 0.1554494 0.2536202 0.5490050 -0.0875307 -0.3550505 0.0209306 0.2402723 0.5323358 -0.0179060 0.3273428 0.2420603 -0.0452970 -0.2081913 -0.2736515 -0.1704129 0.5711586 -0.0263988 0.1224596 0.5605636 0.0898096 0.1254147 -0.0833733 0.4020919 0.0986537 0.0055996 -0.1834174 0.6964245 -0.1702753 -0.0281735 0.2173693 -0.1115229 0.0753250 -0.0210417 -0.0138703 0.5750284 -0.1945977 0.0080513 0.3618811 0.7218407 -0.3586911 -0.2190366 -0.2362258 0.1153249 -0.0211478 -0.2651002 0.6587473 -0.2417240 0.7659791 0.0750777 -0.0140752 0.5487009 -0.4579168 -0.2558963 -0.1580133 -0.0226989 0.4112833 -0.1164565 -0.0085058 -0.1691663 -0.1109689 -0.1492661 -0.3437325 -0.1892497 -0.1638826 -0.2400239 -0.4473406 0.0155734 -0.3833531 -0.3716620 0.0499620 0.0461696 0.3079627 -0.1134016 -0.4012572 -0.2401295 0.1342573 -0.2961915 -0.2659130 0.2500178 -0.0840909 0.0346289 -0.0359522 -0.1437265 -0.0869967 -0.1350966 -0.1612012 -0.0300047 0.2173095 0.0786688 0.2995142 0.1765247 0.1598429 0.1093452 0.3269730 0.1951329 0.1495838 -0.5605885 0.1277172 0.2356773 -0.0525774 0.0784345 -0.5929425 0.1276346 0.0627569 0.0760752 -0.3999537 0.0224442 0.2943527 -0.3251232 -0.3084758 0.2247505 0.2503076 0.0049046 -0.1375566 0.1035682 0.0303828 -0.3051149 -0.2447492 0.0033786 0.0058829 0.1203340 0.0154562 0.1269393 -0.0337434 -0.3282008 0.0398946 0.1241427 0.2608433 -0.3301539 0.2580538 -0.2334899 0.2333142 0.0957753 -0.2718962 -0.1735138 -0.0087755 -0.1787737 -0.3864802 -0.1442479 0.2642737 0.4123479 0.1920121 0.0610137 0.0530282 0.4175626 0.2431735 0.2969622 0.4011635 0.6954699 0.6109722 0.5455040 0.3032194 0.1793212 -0.0143548 -0.1608879 -0.0100721 0.0614702 0.0789620 0.0401840 0.7948834 0.2621146 0.4309053 0.7057394 0.7009094 0.2644299 0.6531063 0.6802102 0.1364808 0.1391733 0.2884661 0.1209712 0.7540051 0.3974234 0.2203193 0.5846292 -0.1511162 0.1959980 0.4484539 0.0444663 0.0053499 0.0751150 0.2637726 0.0651506 0.3673959 0.4898350 0.6937367 0.2597406 0.5235549 0.1239786 0.1421945 0.3018758 0.2582352
0.5999537 0.7005813 0.6625829 0.2358949 0.2570193 0.8644932 0.0000000 0.2697361 0.4971825 0.4155863 0.1042743 0.5405799 0.1286846 0.0329619 0.6517568 -0.1131847 -0.0245170 -0.1592271 -0.1647140 0.0285242 0.1087020 -0.1455961 -0.2013776 0.1367443 -0.2137899 -0.0563499 0.1619288 0.0612243 0.2580950 -0.0893323 -0.1274160 0.0239721 0.0282367 0.2220256 -0.1734088 0.0106368 0.0554738 -0.2572538 -0.1449657 -0.1987241 0.1165086 0.3038446 -0.0804199 0.1208600 0.3036917 -0.2118153 -0.0351633 -0.0127154 0.2782981 -0.1589727 -0.1506072 -0.2681016 0.4129412 -0.0651505 0.0891091 0.0768547 -0.2256447 0.0776006 0.1803156 -0.1281422 0.4856514 -0.2934613 0.3025962 0.0679934 0.4242350 -0.3003107 -0.3433033 -0.4019048 0.2122011 -0.2695335 -0.4006216 0.3652401 -0.3475964 0.4980053 0.0913800 -0.2677714 0.3117520 -0.4896292 -0.1911876 0.0029437 0.2395277 0.4130183 -0.1853950 0.0180517 -0.0897138 -0.0472899 -0.0899433 -0.3043353 -0.1138685 -0.0390145 -0.0947753 -0.3135235 -0.1110590 -0.3008164 -0.4381566 0.1878489 0.1540526 0.1609692 -0.2416607 -0.3041484 -0.2384467 0.0492744 -0.4054251 -0.3244169 0.2759202 -0.1901601 -0.0882181 -0.2616736 -0.2951135 -0.1961259 -0.2782092 -0.2173959 -0.2316034 0.0339998 -0.1149044 0.0971426 -0.0090764 -0.0991841 -0.0619714 0.2475082 -0.0196401 -0.0001348 -0.6389827 -0.0202898 0.1465119 -0.0152285 -0.0864992 -0.6004708 0.0774859 -0.0818844 -0.0675939 -0.4023112 -0.1384741 0.2095484 -0.1718828 -0.4908077 0.0564546 0.2532249 -0.0719342 0.0085899 0.0514733 0.0182428 -0.1479922 -0.0873214 0.0953615 -0.2182205 0.1838422 0.0964760 0.0245727 -0.1672647 -0.3587737 0.1027528 0.0925262 0.2332840 -0.2645577 0.3344756 -0.2177014 0.3840296 0.1209225 -0.2309990 -0.0685376 -0.1189733 -0.0514552 -0.3506102 -0.2354357 0.2788320 0.4151310 0.0834730 0.0509730 0.0983499 0.4471238 0.0780438 0.4007503 0.5921954 0.8740807 0.8493609 0.6873729 0.5125158 -0.0555525 -0.2265026 -0.3162417 -0.1873194 0.0283216 -0.0233762 0.2250254 0.6107036 0.4988184 0.5494445 0.6479098 0.5357276 0.3711969 0.5836196 0.8047894 0.2529140 0.3104340 0.3754515 0.3352178 0.7240843 0.6267892 0.1881406 0.7613847 0.0420818 0.1545553 0.5968570 0.2904988 0.2819003 0.2437377 0.1078353 0.2181188 0.6535308 0.4506830 0.7436331 0.4704462 0.2195319 0.1295733 0.2865312 0.2746341 0.2253434
-0.0508940 0.3276224 0.0735807 0.6454874 -0.3285673 0.3568883 0.2697361 0.0000000 0.3836061 0.5630328 0.8156551 0.6184466 0.0743528 0.2904612 0.4003663 0.7170557 0.5037525 0.2866512 0.6740155 -0.3353618 0.4394537 0.4888510 0.4355003 0.4745487 0.4273003 0.4425746 0.2356090 0.3586547 0.3897333 0.1517881 -0.4754134 -0.2055355 0.3065047 0.2737779 0.3707124 0.1429140 0.3307147 0.0645757 -0.0136385 -0.1719655 -0.3928125 0.4853028 0.2511694 -0.3551917 0.6082562 0.3652940 0.4142949 -0.3620409 -0.0702406 0.1931516 0.2954015 0.3111042 0.3020527 -0.3518934 -0.5018978 0.1131207 0.3192467 -0.1869093 -0.4634749 0.2799487 0.2205685 0.1466571 -0.5065546 0.4328675 0.4252565 -0.0225124 0.2610250 0.3529650 -0.1503544 0.5451453 0.3965956 0.4350733 0.4021196 0.4489344 0.4165727 0.5903441 0.4114110 0.3303223 0.2047979 -0.0582341 -0.0909471 -0.0510981 -0.0499328 0.2562862 0.1615888 0.2568755 0.4620365 0.1091105 0.2846551 -0.0897425 0.0338941 0.2810064 0.4112774 -0.0255961 0.3106716 0.4284389 0.6230588 0.5561447 0.1857449 -0.2301604 0.0227786 0.3170615 0.1617616 0.1211102 0.4919586 0.2627438 0.3245024 0.3466471 0.0459676 0.2682590 0.1025549 0.1293546 0.0790475 0.2313700 0.3516223 0.2551711 0.2454807 0.2816155 0.1210210 0.2721676 0.2439981 0.4497626 0.1917666 -0.2226542 -0.0005958 0.2811768 0.3764782 0.0828978 0.2318182 0.0578507 0.1284424 -0.2752557 0.2884326 -0.0402589 -0.0514752 0.3957230 0.0533689 0.2559604 -0.0433290 0.2287218 0.4832598 0.2604564 -0.2733498 -0.1162290 -0.0582863 0.2291021 -0.2572419 -0.3786618 0.2524921 0.2678417 -0.0429941 -0.1946983 -0.0603326 0.6079158 -0.3078799 -0.0884085 0.0356098 -0.1414037 0.2922874 0.0565709 -0.1824831 0.1264393 -0.3423693 -0.0194481 -0.0021744 -0.2270124 0.0881563 0.3297162 0.3116627 0.2941465 0.1956074 0.3913323 0.1150990 0.0700882 0.1440266 0.1045392 0.0682272 -0.1070160 0.0574657 -0.1143802 -0.1049802 -0.1285985 -0.3398865 -0.3243542 -0.5690199 0.2642647 -0.3650440 -0.2994198 0.0757416 0.2541920 0.1705296 0.2162069 0.1448881 0.4321823 0.3505126 0.5427577 0.1063450 0.2362502 0.0676224 0.3935666 0.1358693 -0.3500349 -0.0597401 0.1389438 -0.3193808 -0.2035813 0.2024444 0.1079898 0.0050503 -0.1215856 0.0296223 0.3441354 -0.3165653 0.2798634 0.0026497 -0.2077497 0.3782774 -0.0995866
0.2135071 0.7321536 0.4814727 0.7069865 0.0513501 0.7663558 0.4971825 0.3836061 0.0000000 0.7791235 0.4978045 0.7392236 -0.2029827 0.3288351 0.8558484 0.2723238 0.0301816 0.3162300 0.2363416 -0.1960561 0.4440439 0.0778021 0.0687635 0.6283825 0.4070385 0.2861226 0.3066713 0.3195187 0.6855719 0.0758888 -0.4533482 0.2607360 0.3311286 0.6388607 0.1104091 0.5465179 0.3913968 0.0847508 0.0473922 -0.1357686 -0.2578057 0.6081926 0.0785596 0.1586770 0.5257113 0.3238523 0.2767602 -0.1170126 0.5162375 0.0330091 0.1534304 -0.0471031 0.7837538 0.0213096 -0.1530889 0.2573195 0.1921751 0.2905790 -0.1839598 0.1342948 0.5078751 0.0193445 -0.1485058 0.5701950 0.8621710 -0.0081568 -0.0039513 0.0420388 0.0938874 0.2322513 0.0236076 0.6618063 -0.0985304 0.8006960 0.2025954 0.1994618 0.6722977 -0.1933427 -0.0181162 -0.1319084 -0.0481338 0.0759899 0.0762233 0.1032101 -0.0771076 0.2027998 0.1994720 -0.5375421 0.0279797 -0.0610778 -0.0572190 -0.1319365 0.4083646 -0.5691547 0.0130009 -0.0332788 0.1974289 0.6238106 0.2959467 -0.5851974 -0.1332582 0.5591942 0.0551169 -0.3951938 0.2527609 0.2343547 0.1592238 0.2606474 0.0564514 -0.0587972 0.1947788 -0.0825760 0.2847015 0.5503261 0.3993879 0.7020367 0.5499922 0.5698878 0.5585749 0.5872488 0.5823877 0.5710122 -0.1301524 0.2276291 0.5163150 0.0910231 0.5061561 -0.2749570 0.3116381 0.3619610 0.4458712 -0.0901233 0.4916162 0.1750257 -0.0519831 0.1219696 0.5962814 0.4281425 0.4849501 -0.0314364 0.2704120 0.3047825 -0.1418162 0.0174418 0.3765108 0.4511899 0.4160105 0.2288066 0.3006283 0.3713375 -0.1392521 0.2343528 0.5153288 0.4540549 0.0635319 0.1716273 -0.2810804 0.4665023 0.1976292 -0.3064794 0.2180376 0.3356895 -0.2543757 -0.5072558 0.3183347 0.4421046 0.6167313 0.4066278 0.0720187 0.0567850 0.5327207 0.4286983 0.2159986 0.2670186 0.2522444 0.3564582 0.4787977 0.0164217 0.4142288 0.1387525 -0.1170741 0.0877331 -0.0161188 0.0269083 -0.1286889 0.8170955 0.1099885 0.2348622 0.5374555 0.7417576 0.3376099 0.6166477 0.4681072 0.1660387 0.1204779 0.2584947 0.2133314 0.5963277 0.1978699 0.2693777 0.2843285 -0.4205201 0.3072994 0.5109869 -0.1703391 -0.1910939 0.1522054 0.3079744 0.1349995 0.0027579 0.3949795 0.5897250 0.0097996 0.5969398 0.2894734 0.0611278 0.4398453 0.4504455
0.3705772 0.4615776 0.5407922 0.6086023 0.0956046 0.6018118 0.4155863 0.5630328 0.7791235 0.0000000 0.6263391 0.5578713 -0.0747690 0.5122840 0.5979893 0.4159928 0.3682736 0.1540903 0.2299230 -0.1812180 0.3679354 0.1555105 0.3765344 0.5616110 0.3601931 0.4314622 0.4510824 0.4399395 0.4932137 0.2125124 -0.4259423 0.2492846 0.4993806 0.3938155 0.2138505 0.3799535 0.4334308 0.1239353 0.1801695 0.0836007 -0.3671310 0.3646362 0.1245091 0.1667261 0.3950717 0.4258255 0.3512443 -0.2251076 0.4489803 0.2311939 0.1990864 0.1222361 0.5502756 0.0650530 -0.1491689 0.3346484 0.3164173 0.2489443 -0.2461729 0.2475261 0.2555053 0.0832064 -0.1023414 0.6133579 0.6620240 0.1284311 0.1408535 0.0475361 0.1458568 0.2981718 0.1461715 0.4511201 -0.0130752 0.7022263 0.4414040 0.2616863 0.6468930 0.0250721 0.3234366 0.0342432 0.2514505 -0.1193067 -0.1107705 0.1947937 -0.0152450 0.2425103 0.4187417 -0.4710981 0.1674830 -0.0771289 -0.1745017 -0.0793447 0.2430938 -0.4783109 -0.0338240 0.0456292 0.3179679 0.6452332 0.1697712 -0.5993320 -0.0741445 0.4887180 -0.0362612 -0.2012604 0.1311679 0.1873305 0.0631350 0.1200173 -0.0449707 -0.0428079 0.1163704 -0.0601981 0.1087749 0.3196229 0.3045988 0.5122603 0.4111120 0.4529551 0.4539790 0.6303516 0.4555166 0.4890494 -0.1622003 0.1083519 0.4479392 0.0099481 0.3307167 -0.2836947 0.2613363 0.3414332 0.3967967 -0.3427934 0.4379339 0.2498898 0.0885284 0.3191062 0.6412158 0.2774277 0.3572615 0.0624897 0.4344797 0.2335884 -0.1480437 0.1747495 0.3831730 0.4500082 0.2828369 0.1282434 0.2859387 0.3054762 -0.2178469 0.2463625 0.3902848 0.6020402 0.0538798 0.1659137 -0.2004716 0.3998642 0.3039053 -0.3005718 0.1782301 0.1862239 -0.3448828 -0.4728511 0.2019685 0.1217279 0.5406688 0.3966275 0.1324182 0.0290413 0.4457315 0.4098950 0.3116332 0.2187124 0.2312150 0.4692299 0.4761534 0.1520825 0.2894327 0.0378433 -0.1833458 -0.0013012 -0.2014910 -0.1541690 -0.2528957 0.6368492 0.0586482 0.1932506 0.4680992 0.5978393 0.3051835 0.5542626 0.5643781 0.3786587 0.1666070 0.3501841 0.3664667 0.5466284 0.3980303 0.1367649 0.1848114 -0.5425519 -0.0265695 0.3589850 -0.3018589 0.0255764 0.2605851 0.0711324 -0.0071457 -0.0378061 0.0657296 0.5877168 -0.1621943 0.5267024 0.0011413 -0.0722538 0.6436678 0.1980215
-0.1612948 0.4230288 -0.0752703 0.8613470 -0.4932565 0.3702288 0.1042743 0.8156551 0.4978045 0.6263391 0.0000000 0.7066081 -0.1216535 0.5787552 0.4224378 0.8757375 0.6895644 0.5307595 0.7632013 -0.3890093 0.7338665 0.4342485 0.5972037 0.7296213 0.6601601 0.6990771 0.3683658 0.6242097 0.6565930 0.4129540 -0.6380237 -0.1579920 0.6013449 0.5921431 0.6025092 0.5550405 0.5747203 0.2062540 0.2264821 -0.0632564 -0.6318056 0.7019480 0.4380054 -0.0436074 0.7245002 0.6687378 0.6570692 -0.4211534 0.2300992 0.3094330 0.5571994 0.5699130 0.5517235 -0.0908762 -0.5326495 0.3464002 0.4692302 0.1010370 -0.7583370 0.5197055 0.2232254 0.4589723 -0.6785491 0.7900455 0.6548201 -0.1721978 0.5742080 0.5196285 -0.2948416 0.8381919 0.6184524 0.6937693 0.6146154 0.7021988 0.2200632 0.8187811 0.6855962 0.3438240 0.1331373 -0.2890813 -0.3715988 0.0699045 0.2593351 0.3477429 0.2229806 0.2070878 0.3134568 0.1786980 0.2303025 -0.0246381 -0.0484655 0.1484303 0.5432648 0.0752740 0.3092078 0.2080329 0.4563169 0.6517913 0.4468319 -0.2842325 0.2862876 0.3359195 0.3971780 0.1397691 0.3482869 0.4317385 0.5586526 0.6267251 0.3081295 0.5378016 0.3898329 0.3876506 0.3380231 0.4537581 0.6784285 0.4567716 0.5179237 0.5208756 0.4406430 0.3605257 0.4808986 0.5413923 0.2413528 0.2692323 0.2239353 0.4208594 0.5065168 0.1223976 0.4339330 0.3966443 0.4037351 -0.3334343 0.4994258 0.0820833 -0.3306169 0.5816648 0.2887301 0.3858081 0.0810543 0.2620262 0.5098549 0.4478505 -0.3944995 -0.1023426 -0.0640370 0.5660431 -0.3446790 -0.5334914 0.1547837 0.5147413 0.1795675 -0.1789115 0.0723070 0.6250019 -0.4247096 -0.0498371 0.1833293 -0.2285002 0.1583168 0.2041353 -0.1057392 0.4047023 -0.3564867 0.0396642 0.1692591 -0.1075020 0.2522898 0.3006955 0.2874997 0.3494024 0.2276220 0.4795830 0.1447953 -0.0096913 -0.0178565 -0.1033539 0.0278762 -0.3747788 0.4455568 0.2185810 0.0993763 0.0428596 -0.4125930 -0.2671423 -0.8053168 0.3038912 -0.6514167 -0.4689193 0.1072928 0.3751228 0.2181640 0.2269230 0.0624094 0.4089442 0.3614040 0.5502914 -0.0098386 0.2212286 -0.2251806 0.4943913 -0.0543815 -0.5474060 -0.1278543 0.0952688 -0.6846867 -0.4730798 0.0171857 0.1767285 -0.1097165 -0.4723725 -0.0702896 0.3091907 -0.6303238 0.6001333 -0.0216541 -0.5465869 0.3755240 0.0456141
-0.0023276 0.7774612 0.2742778 0.8252901 -0.2037762 0.7078861 0.5405799 0.6184466 0.7392236 0.5578713 0.7066081 0.0000000 -0.0598868 0.2603148 0.8261793 0.4622089 0.2599551 0.4247454 0.4923194 -0.3260930 0.7122598 0.3033678 0.1651574 0.6654300 0.3376374 0.3586342 0.2197293 0.3761304 0.8688398 0.1663313 -0.5974370 -0.1285254 0.3899270 0.7769892 0.2217248 0.5036867 0.3590578 -0.0011837 0.0489774 -0.2220271 -0.3848399 0.8090201 0.1539360 0.0758509 0.7568655 0.2885469 0.3445562 -0.2273268 0.4864195 0.0150808 0.2469295 0.1316365 0.8382691 -0.0270109 -0.2962258 0.1893574 0.1606333 0.3079117 -0.5458027 0.2149631 0.3778079 0.1739534 -0.4040817 0.6877077 0.8294230 -0.2389758 0.1914587 0.2172138 -0.0725351 0.5098576 0.2476404 0.8107927 0.2567097 0.8102355 0.1850396 0.4618317 0.7433538 -0.0526563 -0.1642546 -0.2842032 -0.3077740 0.2868277 0.0758624 0.1314606 -0.0429427 0.1435754 0.1574610 -0.1216726 0.0774135 -0.0849045 -0.0757658 0.0144202 0.5562026 -0.2104974 0.1413870 0.3574703 0.4886026 0.6641614 0.4766081 -0.4325471 -0.0146087 0.4343113 0.1105798 -0.2104445 0.5464214 0.4675128 0.4367780 0.4483223 0.0034144 0.1977258 0.2279091 0.0584729 0.1859379 0.6592749 0.5368518 0.6130151 0.5663257 0.4859273 0.4396454 0.4722788 0.5945314 0.6136801 -0.0517726 0.2764692 0.3164422 0.4592809 0.6245581 -0.1760773 0.4192689 0.4358455 0.4792621 -0.2628465 0.5279369 0.2990004 -0.3093677 0.1927202 0.3934759 0.5195435 0.2415231 0.1160018 0.4807810 0.3369249 -0.3689651 -0.1863465 0.1509227 0.3296324 -0.0025345 -0.2383166 0.4290437 0.3694018 0.0104624 -0.0556738 0.2993676 0.7099558 -0.2901266 0.0472471 -0.0756941 0.1651711 0.2796734 -0.0805836 0.0901406 0.3764529 -0.3671763 -0.2384013 0.2508223 0.2813952 0.5412468 0.4946555 0.3209771 0.3431814 0.6010016 0.5799022 0.0977525 0.2566412 0.3381435 0.2552228 0.2797341 -0.2570581 0.2957074 -0.0457026 -0.1845031 -0.1208742 -0.3284943 -0.2574512 -0.4919014 0.6199761 -0.2208417 -0.0782066 0.3934003 0.6710456 0.3671674 0.5690350 0.4110039 0.2725267 0.4740962 0.5338604 0.2053136 0.5412999 0.0337389 0.6180309 0.3967172 -0.3646802 0.1300517 0.3882849 -0.3248811 -0.2892758 0.1612892 0.3819397 0.0973960 -0.0899631 0.1297463 0.5894262 -0.2353066 0.6473253 0.3288902 -0.2878506 0.3034364 0.3662702
0.1073801 -0.0409643 0.3512542 -0.3610558 0.4101681 -0.0323478 0.1286846 0.0743528 -0.2029827 -0.0747690 -0.1216535 -0.0598868 0.0000000 -0.2354878 -0.1209015 0.1079280 0.0255998 -0.4085566 0.1753909 0.2230166 -0.1160939 0.2806686 0.0799928 -0.1239349 -0.0797247 -0.0100572 0.0978597 0.0196469 -0.1650408 -0.1035631 0.0947557 0.0861970 0.1238955 -0.1751084 0.0478237 -0.3488574 0.1114243 -0.1061509 0.0983600 0.1888378 0.0171515 -0.0682813 0.1562216 0.2834000 0.0087065 -0.0896890 0.0419485 -0.1234505 0.0466088 0.2203923 0.0886318 0.0534236 -0.2480312 0.1224118 0.2972873 0.1730788 0.1734902 0.0418196 0.1757832 0.1034467 -0.0261545 0.0930106 0.2805250 -0.3873884 -0.3558432 0.2876020 0.0269905 0.1102126 0.3043210 -0.1716109 0.0864140 -0.3567526 0.0648619 -0.3437314 0.0881128 -0.0393719 -0.3164127 0.0388992 -0.1435316 0.0018744 0.1020888 0.0792103 -0.0907253 0.2302649 0.2496544 0.1820429 0.3623495 0.2138166 0.4350566 0.4287017 0.4039876 0.1942503 -0.0929133 0.2304155 0.1955389 0.5664328 0.3716340 0.0823964 0.1297215 0.1298214 0.2279616 -0.1440702 -0.0505516 0.0495667 0.3918838 0.1383896 0.1832164 -0.0059841 0.2485910 0.1116456 -0.0501138 0.0329964 -0.1847689 -0.1125144 -0.1928456 -0.0904923 -0.0420230 0.1408302 -0.0814021 0.0544495 0.0284765 0.0460042 0.0697249 0.0266460 -0.2203869 0.1606563 -0.0229238 -0.0796045 -0.0759175 -0.1215065 -0.0706184 -0.2385611 -0.0341807 -0.1654916 0.2624497 -0.1361908 -0.1826075 -0.1510820 -0.3028537 -0.0813139 0.1342020 -0.1987692 0.3893078 -0.0753690 -0.1039100 -0.1972361 -0.0011403 -0.0732777 0.1278287 -0.1677083 -0.0327985 -0.0262199 0.0787502 0.0743283 0.0987774 0.2091228 0.2756960 0.0789121 0.2399658 0.0896393 0.0919793 -0.1968293 0.4268142 0.2638372 0.0662523 0.0964642 0.2304138 -0.0988428 0.2347353 -0.0343328 0.0922101 -0.0083551 -0.3017032 0.0164292 0.1777054 0.1722124 -0.0380187 0.0247650 -0.3904495 -0.4954443 -0.4088813 -0.5716328 -0.3510047 -0.5539770 0.1225630 -0.0772629 0.1853024 0.0662923 -0.2841340 -0.2586669 -0.1048589 -0.1437351 -0.0432039 -0.2532079 0.0209488 -0.1135287 -0.1606448 -0.1162760 0.1810018 -0.0342657 0.2438093 -0.0467749 0.1582091 -0.0647519 0.3601755 0.1146715 -0.0793588 -0.0991876 0.1360221 0.1476976 0.1069995 -0.0937345 0.1452079 -0.1993533 -0.1879913 0.0961519 0.4161472 0.0271606
0.2128062 0.1185490 -0.0052113 0.4986506 -0.3231084 0.2058773 0.0329619 0.2904612 0.3288351 0.5122840 0.5787552 0.2603148 -0.2354878 0.0000000 0.2014307 0.4457842 0.7281298 0.5643931 0.2194448 -0.3111693 0.5165462 -0.0326824 0.3803596 0.7109859 0.3159876 0.4659148 0.6531244 0.8424807 0.3986507 0.8505827 -0.4384957 -0.1298468 0.7201055 0.4781508 0.3601949 0.5275083 0.2442522 0.0203383 0.4070791 0.4397376 -0.3688061 0.2283306 0.1926643 0.3203356 0.2130621 0.3422196 0.3288804 -0.2796535 0.4027812 -0.0089053 0.2464410 0.4533629 0.3303537 0.3138164 -0.3239105 0.1639013 0.2257522 0.3603965 -0.5470421 0.2887879 -0.0505430 0.4355231 -0.2423666 0.5983015 0.3914785 -0.2483970 0.4098761 0.3035323 -0.1681822 0.4181406 0.2104219 0.4098015 0.3109418 0.5438404 -0.0294917 0.3192196 0.4290639 0.0597548 0.2218462 -0.0957444 0.0701654 0.0219275 0.2953309 0.3451047 0.2207189 0.1596519 0.1579303 0.0789804 0.0818241 0.0177726 -0.1557675 -0.1581723 0.1237043 -0.0494701 -0.0350568 -0.3552899 -0.0499027 0.2391748 0.1322836 -0.2713559 0.3302761 0.3373164 0.4129721 -0.1811461 -0.3359383 0.0281054 0.2031435 0.3851146 0.1716256 0.3133916 0.3306981 0.3605653 0.4140544 0.3327698 0.5438404 0.4023376 0.3775848 0.2505162 0.4027959 0.1366892 0.1369679 0.1224465 -0.0532862 0.3677616 0.2436423 -0.0227747 0.0998015 -0.1232216 0.0790543 0.4671274 0.2790705 -0.2459189 0.3446754 0.1762578 -0.3517447 0.4570195 0.3095615 0.0146670 0.1648021 0.1479640 0.3510182 0.3985411 -0.2082520 0.2946280 0.1187789 0.5144809 0.0598678 -0.0240068 -0.2336909 0.3708270 -0.0249038 0.0012314 0.3391879 0.3055587 -0.0578878 0.0274106 -0.0144409 0.0871828 -0.0622955 0.0168334 0.1204851 0.2714744 -0.2610674 -0.1331688 0.0927440 -0.0815587 0.1178304 0.0082217 -0.0263347 0.1087353 0.1213700 0.1977457 0.2281709 0.0414194 0.0581838 0.0783342 0.2857177 0.0155624 0.5506281 0.4860201 0.2152212 0.1743022 -0.3299629 -0.1087877 -0.5310805 0.1464402 -0.3941387 -0.1614399 0.3611911 0.4017800 0.1321820 0.2517118 0.2779348 0.3989316 0.0943270 0.2969470 0.0426324 0.2295473 0.0812086 0.0650290 -0.3671693 -0.6438618 -0.3488807 0.1681165 -0.5429170 -0.0009440 -0.2292537 -0.0038130 -0.3627464 -0.4102669 -0.1700040 0.3295348 -0.3678951 0.4474689 -0.2784675 -0.4754902 0.2813411 0.0462034
0.2100656 0.8434931 0.4261196 0.6495570 -0.0217532 0.8394542 0.6517568 0.4003663 0.8558484 0.5979893 0.4224378 0.8261793 -0.1209015 0.2014307 0.0000000 0.1518132 0.0139582 0.1829422 0.1315550 -0.2127762 0.4285867 0.0702582 -0.0496792 0.5382724 0.1160144 0.1342313 0.1526679 0.2468204 0.7839597 -0.0211932 -0.5356197 -0.0656903 0.2719858 0.6846222 -0.0129250 0.4304334 0.1758882 -0.1516693 -0.1576738 -0.2752500 -0.2824266 0.6733302 -0.0150871 0.1032957 0.6050351 0.0327341 0.0875605 -0.1847554 0.4795099 0.0211207 0.0204581 -0.1642076 0.8476312 -0.1071610 -0.1441688 0.0278666 -0.0565422 0.2324439 -0.2003067 0.0230249 0.4081176 -0.0116181 -0.1914014 0.4566869 0.8249208 -0.2256976 -0.1051778 -0.0625575 0.0090671 0.1463502 -0.1555039 0.7593466 -0.1558797 0.7811150 0.0710488 0.0554093 0.5959596 -0.3988156 -0.2820203 -0.2575105 -0.1253215 0.3122408 -0.0313870 0.0445690 -0.1087700 0.0580914 -0.0499794 -0.3206630 -0.0554937 -0.1289814 -0.2496344 -0.2366086 0.1908323 -0.3678683 -0.1338240 0.2177496 0.2250574 0.4225137 0.1642546 -0.4394538 -0.1823074 0.3880921 -0.1465597 -0.2894716 0.2532362 0.2006314 0.1510412 0.0843554 -0.2383891 -0.1125431 -0.0253085 -0.2347599 0.0259799 0.5011325 0.2442395 0.5514152 0.3877304 0.3257000 0.3138583 0.4910387 0.4843259 0.4298305 -0.3362784 0.1465671 0.4301017 0.1613558 0.4369903 -0.4151686 0.2999122 0.3030300 0.3948639 -0.1919751 0.3569193 0.4073937 -0.2532831 -0.0729694 0.4143347 0.4073153 0.3878881 -0.1677910 0.2564105 0.1273609 -0.3344781 -0.2001898 0.2537515 0.1135155 0.3252294 0.1497061 0.4815668 0.1520725 -0.2482199 -0.0151686 0.4020470 0.4849960 -0.0225394 0.0013263 -0.3569346 0.3062764 0.3341881 -0.3983105 0.0486567 0.2200970 -0.4136208 -0.5055563 0.1880155 0.2680197 0.4379365 0.5775041 0.2870751 0.0516862 0.6402298 0.6022981 0.2361582 0.3306678 0.5201062 0.4596403 0.4016636 0.0566370 0.2311875 -0.0153781 -0.1711373 -0.0105355 -0.0742190 -0.0243269 -0.1320809 0.7827190 0.1233524 0.2650787 0.6187645 0.7686385 0.2756452 0.6795809 0.5727762 0.1035650 0.1781799 0.2851018 0.2634373 0.6616786 0.2373907 0.4126075 0.4526865 -0.1325966 0.3245557 0.4570210 -0.1033900 -0.0690143 0.1941675 0.3725858 0.1090234 0.2249748 0.4020302 0.6451310 0.0753914 0.5448199 0.2848402 -0.0229630 0.3430720 0.5189941
-0.2643936 0.2209410 -0.1513449 0.6649551 -0.4786385 0.0875523 -0.1131847 0.7170557 0.2723238 0.4159928 0.8757375 0.4622089 0.1079280 0.4457842 0.1518132 0.0000000 0.7431382 0.3285439 0.8701286 -0.3583763 0.6050630 0.5955147 0.8093207 0.5328669 0.8078129 0.8281696 0.4437573 0.4980064 0.3957070 0.4183213 -0.5416214 0.0295192 0.4901859 0.3393726 0.8011412 0.3693350 0.7456810 0.2635521 0.4363841 0.0411896 -0.5836860 0.5275042 0.7272121 0.0072302 0.5483877 0.7731048 0.8429253 -0.4730342 0.0529637 0.3003526 0.7881770 0.7933505 0.2708176 -0.0156157 -0.5219197 0.4327898 0.7369333 0.0369472 -0.6916959 0.7622541 0.1428387 0.6652939 -0.6194241 0.5416468 0.3871359 0.0605309 0.7881255 0.6824295 -0.3502327 0.8486940 0.8314952 0.4469518 0.7620615 0.3846804 0.1206475 0.8405536 0.4016749 0.4563027 0.1318596 -0.3986651 -0.4329192 0.0111351 0.4732446 0.5030124 0.5061798 0.3655861 0.4682394 0.3752986 0.4549943 0.2793305 0.2409346 0.4148402 0.5374989 0.2973958 0.4748333 0.3029117 0.5648305 0.5533678 0.5159219 -0.2066958 0.5183462 0.2621896 0.5267727 0.1724918 0.3294483 0.4472472 0.6173311 0.6429306 0.5480801 0.6494227 0.4202984 0.5052462 0.3294896 0.3125992 0.6295595 0.3218145 0.4458932 0.5244455 0.3924206 0.2891760 0.4500934 0.4860261 0.4716470 0.3497400 0.2454372 0.5829077 0.4868649 0.2979354 0.5220935 0.3461564 0.4074638 -0.2442504 0.4776561 -0.2291818 -0.1730591 0.6155981 0.1266240 0.4162463 0.1024012 0.3262310 0.4799987 0.4832248 -0.2076327 -0.0329703 -0.1022407 0.5898424 -0.3195577 -0.5161028 0.0653832 0.5196197 0.3067376 -0.2429953 0.1150911 0.5502266 -0.2933508 -0.1448825 0.3223155 -0.2672176 0.1942825 0.3361190 -0.0339557 0.4430404 -0.2140609 0.1726596 0.2814229 -0.1696493 0.2349460 0.2358291 0.3272755 0.2883629 0.1630956 0.4429566 0.0442155 -0.0677850 -0.1329456 -0.2554009 -0.1246264 -0.5083349 0.3404260 0.1440228 0.0470927 -0.1047638 -0.5248944 -0.4232333 -0.8036951 0.0631761 -0.7143888 -0.6677151 -0.2677868 0.0484139 0.1626142 -0.1339348 -0.1988057 0.3192481 0.3574079 0.5216437 -0.1246745 -0.0662493 -0.4087590 0.4731925 -0.1754204 -0.3892220 0.1059563 0.0748310 -0.6421539 -0.5878824 0.0203084 0.0893725 -0.0331415 -0.5044284 0.0605317 0.1196080 -0.6419377 0.2965993 -0.1096746 -0.5202560 0.4653353 0.1404562
-0.0571811 0.0610265 -0.1412678 0.4251486 -0.5169495 0.0167704 -0.0245170 0.5037525 0.0301816 0.3682736 0.6895644 0.2599551 0.0255998 0.7281298 0.0139582 0.7431382 0.0000000 0.2174061 0.5301058 -0.4908805 0.5600821 0.2091636 0.8005987 0.4716349 0.4456140 0.7759977 0.6558291 0.6495044 0.2418251 0.7512786 -0.5498497 -0.2086514 0.6115881 0.2435747 0.7228562 0.2935251 0.4950258 0.0088486 0.5776510 0.3080422 -0.4904945 0.1926488 0.5960724 0.2463330 0.2053679 0.5204874 0.6238768 -0.5342414 0.1975862 0.0329821 0.5968036 0.7627684 0.1096217 0.2134494 -0.5017653 0.1969703 0.4940176 0.2197694 -0.6465973 0.6496406 -0.1659799 0.6651520 -0.4624748 0.4883739 0.1585263 -0.1988429 0.7500292 0.5429339 -0.4477871 0.6211031 0.5987606 0.3067191 0.6775030 0.2931913 -0.0871370 0.5740413 0.2643046 0.2751424 0.1874165 -0.2963362 -0.1578560 -0.0180906 0.3112102 0.3937445 0.3751927 0.1512221 0.3127789 0.3725036 0.2149796 0.1129403 -0.0717652 0.1715660 0.1711580 0.3356382 0.0066737 0.0596206 0.3467415 0.2484030 0.2201245 -0.1903140 0.4761590 0.1005288 0.3360031 0.1130674 -0.0895763 0.0928609 0.2997884 0.3390439 0.2153967 0.4621650 0.2221830 0.4841590 0.2770421 0.0915019 0.4652147 0.1243218 0.1858010 0.1100884 0.2033696 0.0490779 0.0870154 0.0700453 0.0910275 0.3717628 0.2261184 0.4321100 0.0977629 -0.0534423 0.3836644 0.3570112 0.2801850 -0.4314082 0.2728036 -0.0099366 -0.3565651 0.5104296 0.0859594 0.2027918 0.0426776 0.3971572 0.4481101 0.3536421 -0.3175986 0.2944752 0.0025068 0.4175791 -0.2469583 -0.3462247 -0.1310495 0.2616297 0.1286133 -0.2620955 0.0770001 0.5142178 -0.2525287 -0.1899052 0.2683436 -0.1940812 0.1749209 0.2287769 -0.0273106 0.2094131 -0.2503196 0.1088458 0.0091853 -0.3774890 0.0837687 0.1450782 0.2753319 0.2301574 0.1090451 0.3409032 0.2745328 0.1716275 0.1506776 0.0166265 0.1413153 -0.1213006 0.3499714 0.2720211 0.1673715 -0.0107222 -0.5353813 -0.3252747 -0.7190303 -0.1393690 -0.6271312 -0.5663047 -0.0581580 0.0781421 0.1812623 -0.1247050 0.0974142 0.5537590 0.4163546 0.6400769 0.0538723 -0.0128441 -0.1638456 0.3478923 -0.2666400 -0.3651321 -0.2189094 0.1545896 -0.6199065 -0.1647076 0.0077014 -0.1288520 -0.2447801 -0.3932899 -0.1835290 0.3231934 -0.5531546 0.1949635 -0.3776330 -0.6445138 0.4142578 0.0019405
