0.0000000 0.5170915 0.0742839 0.2073437 -0.1452082 0.4261190 0.5924859 -0.0485263 0.4346303 0.3350932 0.2262206 0.4859259 -0.2198753 0.1703971 0.2355969 -0.1573299 -0.0037406 0.4859275 -0.0692345 0.0951772 0.3096917 -0.2081983 -0.1174367 0.2442416 -0.1484998 -0.1471213 0.0490164 0.1183745 0.2530696 -0.0438455 -0.1491257 -0.1788048 0.0478471 0.1071069 -0.0825459 0.1791496 -0.0694599 -0.2418802 0.0077224 -0.0970306 -0.3428732 0.2944050 -0.0719791 -0.0278474 -0.1934086 -0.2483736 -0.2443484 -0.1092264 0.1231831 -0.2224267 -0.2180725 -0.0240653 0.0837195 0.1704939 -0.2336789 -0.2606322 -0.0674406 0.2197968 0.2395660 -0.1297585 0.1548374 0.0760834 -0.0966611 0.2609893 0.0410135 0.0072091 0.0088668 0.0626148 -0.1715194 0.1732559 0.1010056 0.1310516 0.2099656 0.2872418 -0.0779323 0.2198858 0.2317584 0.1985044 0.2378190 0.0254377 0.0981026 0.2875215 0.3660013 -0.1516338 0.0544794 0.3233397 0.0206729 -0.0384622 0.2348147 0.1481837 0.1267099 0.2991776 0.5059363 0.2264683 0.2139148 0.0403171 0.7484817 0.1973584 0.4843558 0.3759646 0.6542798 0.4963411 0.4863471 0.5177637 0.5063498 -0.0589420 0.2324845 0.3869562 0.5715706 0.2236327 0.3434930 0.3566933 0.2411255 0.0996669 -0.3116844 0.1028024 0.0016108 -0.1702209 -0.1781167 -0.1421638 0.0940825 0.0419419 0.1430423 -0.1416057 -0.0550763 0.1545464 0.1970094 0.3815278 0.1052024 0.4637808 0.2462593 0.4875653 0.2649900 0.2798568 0.0584533 0.5082319 0.1991358 -0.0492273 0.0937346 0.3122528 0.2796073 0.2052315 -0.0102445 -0.0700891 0.1081709 0.5429725 -0.0407499 -0.0154578 -0.1700867 0.2843665 0.4026649 0.0435151 0.1605088 0.1497359 0.1452650 -0.0785561 0.3021673 0.1159711 -0.0480709 0.3396861 0.1166567 0.4148183 0.0751694 0.3451936 0.2221838 0.1406924 0.2968120 -0.1142592 0.3483112 0.5298035 -0.1269846 -0.0170342 0.4300412 0.4545195 0.4758660 0.5815782 0.3920673 0.1008859 0.2271654 0.4374546 0.4924941 0.5859016 0.4464861 0.4969554 0.1958294 -0.1253253 0.1267961 -0.0426093 0.3650932 0.1481492 -0.1257181 -0.0384039 0.1495402 -0.0928886 0.0235442 0.1409841 -0.2079684 0.0538588 0.0251892 0.1332486 0.0613464 -0.1810169 -0.0920711 -0.0639016 0.1179836 0.1166443 0.0416908 0.0545825 -0.0401440 -0.0470009 -0.0442637 0.3135711 0.1529289 0.1184112 0.0719025 -0.0281881 0.3401574 0.3399593
0.5170915 0.0000000 0.5100054 0.3964151 0.1048423 0.4053884 0.4337050 0.2111874 0.2551363 0.3147802 0.2214088 0.4810109 0.2433727 -0.0624075 0.0202884 0.0593152 -0.1577707 0.1009829 0.1216699 0.2217427 0.4812947 0.0057921 0.0082413 0.0920813 0.0985413 0.0585651 -0.0595339 -0.2871838 0.1729243 -0.2821461 0.0121346 0.0800932 -0.1473842 0.0020689 0.1084795 0.3938716 0.0961870 0.1121596 0.0266079 -0.0945339 -0.0430885 0.2195766 0.1400974 -0.0914389 -0.1674880 0.1038211 0.0713719 -0.0667084 0.1150265 0.0725754 0.1625089 0.1237660 0.3587993 0.0747451 0.1193878 0.0946420 0.1550963 0.1595769 0.5792860 0.1514654 0.5046505 0.1930775 0.1966631 0.3482417 0.4276273 0.2124730 0.2603461 0.2001160 0.0614153 0.2966730 0.2162862 0.3862843 0.2966421 0.4907246 0.0453281 0.3400042 0.3596904 0.3371366 0.3822995 0.2165299 0.4151486 0.2236149 0.4093846 0.3454489 0.2587620 0.6153765 0.3817723 -0.1565413 0.5582395 0.2290012 -0.0025455 0.3883330 0.2470677 0.0148008 0.2798667 0.1427463 0.2441468 0.1743609 0.1786861 0.6867044 0.5364493 0.3338280 0.3992830 0.6195793 0.4010747 -0.0434439 0.2889302 0.2964173 0.1885436 0.1524356 0.2021835 0.3130275 0.0513387 0.1583192 -0.1437033 0.0354413 0.0134440 -0.2280014 -0.1850754 -0.0730495 -0.0810173 -0.1204922 0.0463354 0.0422601 -0.1951497 0.0495828 0.2361519 0.3058390 0.0838615 0.2210262 0.3164533 0.0790652 0.5023167 0.3431886 0.0030720 0.1591683 0.1318169 -0.0396024 0.0732813 0.0005700 0.0170595 -0.0340614 -0.0224206 -0.1431276 0.1324286 0.1564697 0.0271953 -0.0158073 -0.2504731 0.0476177 0.0870324 -0.0482407 0.0362970 -0.1058383 0.0433356 -0.1872249 0.0648539 -0.0189093 -0.2590540 0.1540224 0.1599131 0.1148123 -0.1987588 -0.0640348 0.0368685 -0.0840623 -0.1019562 -0.2353259 0.0425688 0.1740288 -0.2092444 -0.1009699 0.3346001 0.3285240 0.8012295 0.8126742 0.6229605 0.2783625 0.5275355 0.4657004 0.5054297 0.5910056 0.6406800 0.7222170 0.5512142 0.3279149 0.5171299 0.1645961 0.5220245 0.3176240 0.1933790 0.3487223 0.2064409 0.2277486 0.1511702 0.2776365 -0.1123117 -0.0814779 0.2218269 0.1387540 0.0900985 -0.2454371 0.4782322 0.3147534 0.3493176 0.3238391 -0.0031942 0.2707934 -0.1774393 -0.0725054 0.4635345 0.3143292 0.0703577 0.1852726 0.2880256 -0.0204854 0.2052233 0.1830764
0.0742839 0.5100054 0.0000000 0.1534030 0.7493387 0.0144102 -0.0017386 0.1040466 -0.1907188 -0.0997910 -0.2049626 0.2222192 0.6072699 -0.2227516 -0.0072374 -0.1083623 -0.1599393 -0.0987607 -0.1099301 0.4039528 0.2583651 0.0925924 -0.0642176 -0.0088440 -0.1265402 -0.0316992 -0.2523886 -0.0662709 0.0972642 -0.2171796 0.1487374 0.1305753 -0.0409241 -0.0591687 0.0033508 0.2629911 0.1638205 0.0755813 -0.0555145 -0.0141017 0.3313614 0.0912592 0.0313957 -0.0537080 -0.1168904 -0.0609726 0.0040243 0.4359521 -0.0154885 -0.1357917 0.0198435 -0.0207996 0.0694220 -0.2485310 0.4246509 -0.0122266 0.0725952 -0.1052141 0.6027886 -0.0236972 0.2914345 -0.1643161 0.2589788 0.0553915 0.2412042 0.2075335 0.0006533 -0.1069132 -0.0957239 -0.0949675 0.0519794 0.0212714 -0.0446218 0.3069549 -0.2288365 0.0109920 -0.0201248 0.0292860 0.1144259 -0.0170435 0.2971426 0.1446656 0.5498968 0.6855629 0.1619852 0.2594784 0.2218162 -0.2183308 0.1483569 -0.2944413 -0.0265227 0.1913598 -0.2786859 -0.4034822 -0.0256709 -0.0223801 -0.1496832 -0.0950496 0.0406892 0.1869461 0.0072886 -0.0961788 0.0286090 -0.0670717 0.0326250 -0.1067734 -0.0922778 -0.0880194 0.0823442 -0.1439509 0.0424515 -0.1808432 -0.0847026 -0.0727411 0.0270023 0.0937442 0.1866548 0.1050247 0.2816339 0.2456463 0.0012055 -0.0318194 -0.1692810 -0.0863800 0.1013533 0.2150158 0.0963072 -0.1204744 0.3674478 -0.0565614 0.3842795 -0.0791428 0.4465237 0.2451882 0.1122884 -0.1169521 0.3666640 0.2217092 0.4538299 0.0668774 0.0853310 0.1686545 -0.1742830 0.2440190 0.4229405 -0.0506871 0.4592033 0.4266742 0.1257197 0.1254488 0.0240901 0.2256923 0.2192212 0.0801172 0.2425262 0.0505066 0.0049866 0.2649754 -0.1330245 -0.0140646 0.2316167 -0.1138343 -0.0915236 -0.0049359 0.1555377 0.1265598 -0.0010997 0.0771980 0.0424742 -0.0774531 0.0874182 0.1249584 -0.0835485 -0.1574981 0.1903809 0.2393753 0.2095370 0.0304818 0.3237348 0.0902474 0.2088316 0.1692921 0.4774397 0.4028922 0.6963491 0.4560343 0.8182349 0.6972357 0.1593320 0.0542121 0.4008847 0.0402066 -0.1101141 0.1569311 0.4482554 0.2834623 0.0431702 -0.3688997 -0.0718163 0.2641679 0.0547422 -0.2755702 0.1278938 0.2627691 0.6694312 0.3731470 0.2599899 0.2598421 0.0285379 -0.2512267 0.2438724 0.1727753 0.4807731 0.1046382 0.4972024 0.1009323 -0.0311888 -0.4306543
0.2073437 0.3964151 0.1534030 0.0000000 -0.2709773 0.8674374 0.5523864 0.8609341 0.7724079 0.7947755 0.7828467 0.6952282 0.3876266 0.3301242 0.4583539 0.5202756 0.5386724 0.5126569 0.5752085 0.5064617 0.8327721 0.4555660 0.4022351 0.4687548 0.4218112 0.3859275 0.4496114 -0.1775635 0.7192984 0.0894047 0.1789355 0.2545371 0.0897860 0.5483902 0.4909326 0.8095956 0.2688098 0.5306504 0.4542627 0.2772082 0.0027724 0.7571445 0.4943470 0.3754820 0.5583062 0.3758488 0.3009807 0.2343691 0.6265541 0.5283576 0.4011034 0.4591314 0.8196052 0.5681582 0.3580430 0.4564359 0.3840232 0.7380276 0.3092846 0.4276058 0.8029688 0.5434409 0.4932326 0.8530412 0.7905296 0.5018293 0.5766242 0.6939364 0.6917453 0.8074134 0.5601492 0.7089095 0.6467402 0.6604015 0.6880108 0.8372302 0.7667357 0.7912386 0.7096009 0.0637036 0.4938757 -0.2593356 -0.1108622 -0.2009268 -0.3483960 0.3988084 0.1703544 -0.4726724 0.4831769 -0.0511345 0.0907077 0.1571185 0.3235565 -0.3601422 0.5992059 0.4420026 0.1686029 -0.0615360 0.2541682 0.3008282 0.2784537 0.4000552 0.6387419 0.4343375 0.2460673 0.2726851 0.4794795 0.5487696 0.2721607 0.4311675 0.3622910 0.6811151 0.5928624 0.3597834 -0.0122164 0.1191382 -0.1196411 -0.2447774 -0.1138331 0.0846608 -0.2766050 -0.3435500 0.4935314 0.3587918 0.0257626 0.2654287 0.3543806 0.5430678 0.0753344 0.5565482 0.6448984 -0.1841544 0.5328795 0.6204902 -0.3486105 0.2313036 0.4257875 -0.1321914 -0.1441849 0.1256627 -0.0176357 -0.1151760 -0.0370361 0.2104024 0.1198275 0.2327187 -0.3556953 -0.4841243 -0.6835591 0.3123643 0.3259709 0.0641544 -0.3661967 -0.0400138 -0.4272789 -0.2607253 -0.2259370 -0.1994484 -0.5013846 0.1331642 -0.0790676 -0.1254845 -0.2199839 -0.0697828 -0.4930712 0.0797815 -0.3449185 -0.8045164 -0.6764938 -0.2306130 -0.8283444 -0.8217833 -0.0292739 0.0923833 0.1406412 0.2029090 0.2790096 0.0970841 0.7157638 0.7262656 0.4081939 0.6973966 0.5547625 0.5924763 0.1871859 0.6888031 0.1290017 0.1273291 0.5625972 0.6457958 0.5284085 0.5512732 -0.1804826 0.7109203 0.2388852 0.5162553 -0.0033605 -0.4063569 0.3315376 0.2291358 0.3677146 0.2030286 0.2538317 0.3709896 -0.1769651 -0.4885233 0.1879191 0.2855125 0.6631971 0.4647110 0.3174552 0.4136401 -0.1470413 -0.4936212 0.2337368 0.4474427 0.7091638 0.4725739
-0.1452082 0.1048423 0.7493387 -0.2709773 0.0000000 -0.3608162 -0.3023045 -0.2142981 -0.5455367 -0.3588016 -0.4266423 -0.1418036 0.5008574 -0.3880279 -0.2311051 -0.2607304 -0.2949314 -0.3007692 -0.3159377 0.1138880 -0.1824821 -0.0632339 -0.1554507 -0.1419077 -0.3362016 -0.1338197 -0.5304847 0.1384467 -0.1750495 -0.1281182 0.1789887 -0.0276825 0.1219922 -0.1758293 -0.1246646 -0.1069393 -0.0084377 -0.1705424 -0.2274078 -0.0991869 0.3240472 -0.2740705 -0.1610443 -0.0211515 -0.2658821 -0.2160910 -0.0941035 0.1885052 -0.0727175 -0.3498643 -0.1202050 -0.2577729 -0.2067576 -0.3714120 0.2520980 -0.1527571 -0.0822214 -0.2653828 0.4718737 -0.1900306 -0.1144707 -0.3549728 0.1243193 -0.2470813 -0.0707215 0.0269475 -0.2521151 -0.2968317 -0.4072761 -0.3630203 -0.2040443 -0.2114249 -0.2850471 0.0890153 -0.4176864 -0.2942935 -0.2770171 -0.3377871 -0.1519514 0.0191712 0.1327312 0.0784330 0.3884601 0.6299843 0.3693212 -0.0212538 0.0695724 0.0085162 -0.0318708 -0.2689937 0.1961285 0.1828678 -0.2861421 -0.3299806 -0.2465357 -0.0138134 -0.1305242 0.0234417 -0.1428477 -0.1233520 -0.2163735 -0.2723636 -0.2403675 -0.3515818 -0.0146295 -0.1155439 -0.2912343 -0.2560802 -0.0226526 -0.2041808 -0.0020683 -0.5407330 -0.3746507 -0.2250894 -0.0664162 -0.1312079 0.1354768 0.2665891 0.3153771 0.2024963 -0.0034087 0.0293164 -0.4718193 -0.3178864 0.0694114 -0.0480914 -0.1297443 -0.4590063 0.2489528 -0.4009142 -0.0301593 -0.0672948 0.1153353 -0.0121065 0.1631461 -0.4197392 0.0075824 0.2015028 0.5101207 -0.0842551 -0.0328232 0.1314320 -0.0941567 0.2399864 0.1409477 -0.2867606 0.5040511 0.4841967 0.4240078 -0.1430232 -0.2089604 0.0680346 0.3686518 -0.0695521 0.2867842 0.3205186 0.0315783 0.1052320 0.2452132 -0.0543498 0.0560772 -0.0739019 0.1006009 -0.0400907 0.1886297 -0.0785657 -0.0007260 0.3806068 0.3029528 -0.0563725 0.2661970 0.5314903 -0.2074299 -0.4430214 -0.1289602 -0.0414526 -0.0177433 -0.1236421 -0.1569769 -0.3974719 -0.0123484 -0.2308459 0.2481657 0.1575461 0.5888464 0.2045267 0.6561753 0.6555328 -0.0086971 -0.1359961 0.1090251 -0.1493455 -0.0905464 -0.2873286 0.2028080 -0.0557813 0.0669712 -0.2167835 -0.1800001 0.0721474 -0.1981047 -0.4768309 -0.0454709 0.1215746 0.6732010 0.4632694 0.0024498 0.0204084 -0.1933463 -0.4883322 0.0714911 0.0835442 0.7079773 0.3982428 0.3568574 -0.1516894 -0.5391556 -0.7882968
0.4261190 0.4053884 0.0144102 0.8674374 -0.3608162 0.0000000 0.8234213 0.7299285 0.9158060 0.7886128 0.8112599 0.8250199 0.1897675 0.2643016 0.5917790 0.3754786 0.4299587 0.5589404 0.4357833 0.4176760 0.8018782 0.3066809 0.2081661 0.4680160 0.2598000 0.1875931 0.3224229 -0.2913689 0.7747402 -0.1086695 -0.0576892 0.0305595 -0.0638724 0.4417368 0.2389938 0.7868061 0.0246343 0.3030343 0.2274977 0.0572071 -0.2272675 0.8682289 0.2089214 0.1940154 0.5406652 0.1728615 0.0537642 -0.0578619 0.4713449 0.3107840 0.1217940 0.2058702 0.6642896 0.4773782 0.0755599 0.2385250 0.1554781 0.6806003 0.3158048 0.1770509 0.7660942 0.3631478 0.2227358 0.7223090 0.6418520 0.3005145 0.3761913 0.5311638 0.4816299 0.6604775 0.3225340 0.6010296 0.4748254 0.5695088 0.5830124 0.6672722 0.6762353 0.5700253 0.4449342 0.0493079 0.1572611 -0.0564544 0.0755819 -0.1600155 -0.3403865 0.2844371 0.0683233 -0.3419878 0.3952308 0.1366837 0.1858745 0.1857589 0.5545598 -0.0816935 0.4685522 0.1853758 0.4358062 0.1882959 0.3855364 0.4288772 0.4884340 0.5070735 0.7016977 0.6732745 0.3260179 0.0947597 0.3351535 0.5981094 0.3599696 0.5775258 0.3103414 0.6926164 0.6642367 0.5737473 0.0621595 0.2959002 0.1298898 -0.1088323 -0.0225353 0.0115961 -0.0472994 -0.0755025 0.2970105 0.2393561 -0.1085098 0.2178312 0.4903686 0.5586040 -0.0398676 0.6238434 0.4564959 -0.0119352 0.4235066 0.7434156 -0.4441833 0.3478490 0.1999885 -0.2052207 -0.2546187 0.2102452 -0.0605062 -0.1444613 -0.1551880 -0.0447204 -0.0639213 0.2190339 -0.4722962 -0.5788377 -0.7040249 0.2207785 0.3141254 -0.1648398 -0.4026047 -0.2136900 -0.3299684 -0.3859837 -0.1314894 -0.3795890 -0.5142557 0.1580989 -0.2472595 -0.0771303 -0.2719876 0.0233180 -0.5074172 -0.0787275 -0.2347276 -0.7337973 -0.4951696 -0.0353037 -0.8127588 -0.7506790 0.0833844 0.1700336 0.3190670 0.4122626 0.3512398 0.0715896 0.6130127 0.6980197 0.4147353 0.7236416 0.5834256 0.5769709 0.2144663 0.4816380 0.1183337 0.0297739 0.5633284 0.6125336 0.3293219 0.5019793 -0.0294683 0.4903178 0.1057398 0.3889367 -0.0917555 -0.3135835 0.1678001 0.1342438 0.1118320 0.1373190 0.1414579 0.2861974 -0.2482600 -0.3811934 0.1072479 0.1409495 0.4418789 0.4781873 0.2854394 0.4852204 -0.1331482 -0.3502557 0.0154534 0.3119786 0.7063172 0.4668353
0.5924859 0.4337050 -0.0017386 0.5523864 -0.3023045 0.8234213 0.0000000 0.3150207 0.7991926 0.4833181 0.4735691 0.8928552 -0.1326751 0.1836204 0.7169262 -0.0657301 0.0772514 0.6286967 0.0380944 0.1747577 0.7267000 -0.0596100 -0.1426970 0.5660993 -0.0979138 -0.2177272 0.0365741 -0.0870805 0.7680347 -0.1829565 -0.4015577 -0.2762851 -0.0778442 0.3710303 -0.1395048 0.7065401 -0.2584841 -0.1171151 -0.1030500 -0.1502950 -0.4457599 0.8132147 -0.1516436 -0.0332102 0.4033457 -0.1981390 -0.3041847 -0.3300176 0.2345070 -0.0569810 -0.2397157 -0.1121886 0.4213951 0.2361670 -0.2333620 -0.1174804 -0.1748436 0.4471295 0.1624671 -0.1575452 0.5601893 0.0785142 -0.0727885 0.5068175 0.3764948 -0.0369689 0.0881208 0.2441013 0.0579997 0.3563280 0.0834139 0.3992601 0.2564692 0.3897864 0.2543813 0.4606991 0.4752539 0.3336347 0.2823294 0.2054425 -0.0071157 0.1560848 0.2860315 -0.0154914 -0.1491671 0.2635292 0.0963357 -0.1301564 0.1718328 0.0691142 0.1294731 0.2806552 0.5266936 0.2064979 0.0736071 -0.0521194 0.5739999 0.3633270 0.2242403 0.4747661 0.6361857 0.5153620 0.5911231 0.7154396 0.4027235 -0.1031185 0.1060072 0.4818583 0.4326993 0.4282624 0.1489813 0.5407788 0.5807273 0.4107841 0.1412638 0.3272088 0.1803269 0.1018033 0.0518127 0.0248706 0.0949386 0.0102557 0.1126672 0.2031044 0.0040685 0.2640054 0.2757120 0.3637074 0.1548029 0.5931565 0.3190193 0.2069024 0.1624609 0.5059275 -0.3487781 0.4828407 0.1005887 -0.0009435 -0.1643054 0.3627687 -0.0090053 0.0728989 -0.3265196 -0.1474128 -0.0576023 0.3437756 -0.4129573 -0.4793687 -0.5114910 0.1802605 0.2970723 -0.1632006 -0.1453984 -0.1906233 -0.2380926 -0.3878609 -0.0714968 -0.3043765 -0.5134914 0.1659884 -0.3492307 0.0468482 -0.2300657 0.1748505 -0.3891574 -0.0631368 0.0251026 -0.3971694 -0.0801661 0.2265475 -0.5104640 -0.4637908 0.0647326 0.1666584 0.5141946 0.5921681 0.3834596 0.0189539 0.5247001 0.5374064 0.3144811 0.5977844 0.3932111 0.3731067 0.0932359 0.1715740 0.0887760 -0.0907740 0.4528618 0.4606088 0.1855426 0.3329907 0.0761799 0.2197288 0.0802756 0.2862300 -0.0973029 -0.1389352 0.1880924 0.1979235 -0.1314266 0.0556685 0.1470054 0.2045288 -0.1719742 -0.1419940 0.1615333 -0.0986456 0.1502707 0.3749997 0.3179455 0.4704257 -0.1069049 -0.0708349 0.0703806 -0.0472533 0.5804599 0.3371387
-0.0485263 0.2111874 0.1040466 0.8609341 -0.2142981 0.7299285 0.3150207 0.0000000 0.6546288 0.7579359 0.8277358 0.5412101 0.6566705 0.2027180 0.3336369 0.6921906 0.5974208 0.2392030 0.7438167 0.5484624 0.7034361 0.7098775 0.4911141 0.2779577 0.6226565 0.5428221 0.5340001 -0.3351209 0.5795627 0.0760647 0.3640186 0.4293007 0.0585440 0.4744730 0.6018120 0.7175194 0.3672687 0.7189686 0.5586952 0.3889300 0.1648259 0.6383226 0.5966328 0.5103189 0.6421881 0.5603142 0.4670229 0.2780863 0.6829763 0.6444937 0.5338924 0.5459543 0.8472248 0.6255658 0.5239957 0.6397165 0.4923385 0.7552468 0.3617331 0.5395846 0.8086680 0.5985071 0.6039508 0.8088874 0.8477441 0.5888620 0.6223015 0.7246102 0.8147570 0.8025501 0.5440187 0.7303021 0.6183661 0.7140574 0.6941965 0.7706842 0.7957516 0.7030367 0.6291167 0.0965143 0.4727975 -0.3359303 -0.2009791 -0.1859082 -0.5627922 0.1618206 0.0787402 -0.5311561 0.3016532 -0.1072301 0.0641838 0.1560776 0.3064743 -0.4651377 0.4955969 0.4077651 -0.0029300 -0.0696090 0.1835253 0.1974739 -0.0593685 0.1608513 0.4407870 0.2567577 0.0218677 0.2155078 0.2771459 0.3799632 -0.0169431 0.3368460 0.1663732 0.4930574 0.4622552 0.4067193 -0.0515016 0.1431977 0.0181495 -0.3182024 -0.1204153 0.0300376 -0.2027639 -0.0930948 0.3313033 0.2393181 -0.1922751 0.1260866 0.4581313 0.3978913 -0.1414938 0.2997597 0.3888761 -0.4477304 0.5847011 0.6409195 -0.4622494 -0.0278422 0.1692573 -0.2964032 -0.2626913 -0.0706643 -0.2715234 -0.3571247 0.0858705 0.2311953 -0.0658402 -0.0736408 -0.3844397 -0.4857286 -0.6155267 0.0623150 0.0967837 -0.0646310 -0.4861168 -0.2404214 -0.4014488 -0.1402344 -0.1764413 -0.4051901 -0.2620738 0.0521771 -0.1621132 -0.2225424 -0.1706681 -0.1147093 -0.5791742 -0.1866987 -0.5199486 -0.7265903 -0.6441030 -0.3252118 -0.8015344 -0.6815057 -0.0841525 0.0472737 0.0476348 0.1073187 0.2747416 0.1580782 0.6207968 0.6262780 0.3688791 0.5702962 0.5325175 0.5001290 0.2365621 0.8144566 0.1109196 0.2583474 0.5951800 0.7354693 0.4866132 0.6660832 -0.0124238 0.6725548 0.2144639 0.4330672 0.1946537 -0.3328616 0.2835827 0.1288363 0.3436949 0.1407587 0.1671908 0.3186994 -0.1652048 -0.4156091 0.0812133 0.4105948 0.6803200 0.3191246 0.1643408 0.3635287 -0.0536385 -0.4646684 0.0887387 0.5847670 0.5264158 0.3138329
0.4346303 0.2551363 -0.1907188 0.7724079 -0.5455367 0.9158060 0.7991926 0.6546288 0.0000000 0.8475388 0.8157658 0.7702166 0.0333712 0.5392839 0.7262954 0.4166194 0.5754974 0.7093632 0.4952258 0.4644490 0.7211025 0.3200957 0.3181470 0.6357970 0.3093225 0.2165752 0.5319047 -0.0256510 0.8211517 0.1781048 -0.0717707 0.0635955 0.1615821 0.6482181 0.2862923 0.6956373 0.1059671 0.2649082 0.3672263 0.2336733 -0.2886553 0.8648825 0.2662398 0.3211196 0.6102194 0.2013937 0.0654240 -0.0786631 0.5503657 0.3249818 0.1271064 0.2987003 0.6682987 0.5957238 0.0238112 0.2799606 0.2029631 0.7167865 0.1008198 0.2384114 0.6191341 0.4451738 0.1975791 0.7141489 0.4998672 0.2980971 0.4342731 0.5692750 0.5157620 0.6777059 0.4023974 0.4842996 0.5458998 0.4467513 0.6056254 0.6858984 0.6449217 0.5934490 0.4700600 0.0612539 0.0852919 -0.1414400 0.0143686 -0.2689248 -0.4636564 0.2831531 0.0339114 -0.3673550 0.2248967 -0.0382694 0.0481397 0.1187325 0.5576833 -0.1043351 0.3290361 0.0929108 0.4935294 0.1117926 0.2530969 0.2351960 0.3244022 0.5808711 0.7017356 0.5386230 0.3102941 -0.0211846 0.3033091 0.5962802 0.3387488 0.4813507 0.1201014 0.6548108 0.6417751 0.4495568 0.0687322 0.2842432 0.0357720 -0.1234744 -0.1347655 -0.0328433 -0.1227529 -0.0913731 0.4142494 0.1462424 -0.0547240 0.2665454 0.2899226 0.5276114 0.0584540 0.6071393 0.4602287 0.0192965 0.3054550 0.5141683 -0.4157448 0.3258083 0.1997175 -0.0601389 -0.1942038 0.3266737 -0.0460569 -0.0230639 -0.1296802 -0.0093584 0.0295522 0.2230654 -0.4437346 -0.5344942 -0.7416792 0.3064745 0.4253976 -0.0795138 -0.3109648 -0.1582151 -0.4407155 -0.2954893 -0.1564050 -0.3103170 -0.4410248 0.2525368 -0.3245044 0.1478832 -0.1216879 0.1388494 -0.4879287 -0.0404517 -0.1784813 -0.7226532 -0.4033231 0.1497544 -0.7497811 -0.7049562 -0.0228808 0.1851261 0.2062676 0.3267251 0.1737316 -0.0490376 0.4768902 0.6998528 0.3725853 0.6991467 0.4390186 0.4201905 -0.0078623 0.3108894 -0.0966145 -0.0805195 0.4448800 0.5583419 0.2672926 0.3992779 -0.0426633 0.4567113 0.0923161 0.4100009 0.0228164 -0.2460142 0.1109615 0.2241169 0.1513799 0.2057465 0.0294641 0.1673501 -0.2557223 -0.3845035 0.2115430 0.1518790 0.4609923 0.4450851 0.0809302 0.3930324 -0.1291838 -0.3523880 -0.0285091 0.3953256 0.7357282 0.5740167
0.3350932 0.3147802 -0.0997910 0.7947755 -0.3588016 0.7886128 0.4833181 0.7579359 0.8475388 0.0000000 0.9324543 0.5180481 0.3109088 0.6017434 0.4065204 0.7558450 0.7839136 0.5231239 0.7922375 0.5847434 0.5507486 0.5850084 0.6810809 0.5011406 0.6048513 0.6190019 0.6530874 0.0170518 0.6110259 0.3731786 0.3963852 0.4146279 0.3652667 0.7038446 0.6592697 0.5424613 0.4563368 0.5601257 0.6612146 0.4870812 0.0331907 0.6441434 0.6119758 0.5843661 0.5007304 0.5364564 0.4409160 0.1332288 0.7803502 0.5744634 0.5000666 0.5824615 0.7478548 0.7650888 0.3471015 0.6132064 0.5653468 0.8185705 0.3106392 0.5759857 0.5925105 0.6833108 0.5285424 0.7689883 0.5371528 0.6383281 0.6705700 0.7846628 0.7178812 0.8375984 0.6339131 0.4800288 0.7140683 0.5324258 0.7523542 0.7520946 0.7079932 0.7226694 0.6274571 -0.0009328 0.3573885 -0.2419815 -0.0684509 -0.2831027 -0.4034105 0.3666535 0.1723908 -0.4792242 0.3912426 -0.0237555 0.1971812 0.2013468 0.5673214 -0.3635408 0.5831303 0.4057371 0.4734039 0.0907272 0.2566352 0.1837580 0.1380678 0.5554443 0.6768339 0.4248281 0.4348369 0.1534483 0.4006376 0.5939249 0.2698170 0.3751888 0.2486884 0.5391716 0.4265749 0.3231412 -0.1465227 0.0574941 -0.0861936 -0.2655824 -0.2644796 -0.0772647 -0.2673803 -0.1609852 0.4567230 -0.0350751 -0.1507512 0.1176731 0.3344933 0.5019219 -0.0652059 0.4397780 0.5067397 -0.0438375 0.5290440 0.4268250 -0.2893254 0.0304647 0.1967889 -0.1279751 -0.0968611 0.1161658 -0.1175968 -0.1544854 0.1622796 0.0950217 0.0625971 0.0349962 -0.3159255 -0.4039036 -0.6818195 0.2688544 0.3978439 -0.0523234 -0.3169803 -0.1972508 -0.3579884 -0.0753090 -0.0749198 -0.3139104 -0.1554160 0.3664572 -0.1385060 0.2288660 -0.0070105 0.0765862 -0.4030709 -0.1271944 -0.4102781 -0.7873891 -0.4306432 0.1044172 -0.7985965 -0.5684488 -0.0363080 0.0882224 0.0539042 0.2456892 0.1033886 -0.0824703 0.3567732 0.6774989 0.4803022 0.7334493 0.6002603 0.6136346 0.1948895 0.4550283 0.0433605 0.1007506 0.4876387 0.5946683 0.2441636 0.3905684 -0.0428289 0.4176550 0.0654813 0.3708934 0.0573570 -0.2973445 0.0307419 0.1670193 0.2924372 0.0063663 0.0067493 0.1185073 -0.0680340 -0.3379540 0.0952444 0.3500695 0.5148154 0.1840712 -0.0557908 0.2987324 0.0835853 -0.3202661 0.0234026 0.6136381 0.5438342 0.5095659
0.2262206 0.2214088 -0.2049626 0.7828467 -0.4266423 0.8112599 0.4735691 0.8277358 0.8157658 0.9324543 0.0000000 0.4991121 0.3093457 0.4274398 0.3182264 0.7733606 0.7289378 0.3684389 0.8195230 0.4510151 0.5169956 0.6098713 0.6211660 0.3570839 0.6556551 0.6153826 0.6227116 -0.2211792 0.5456905 0.1816715 0.3481279 0.3907691 0.1489065 0.5401355 0.6127700 0.5378454 0.3674989 0.6152518 0.5845321 0.4175664 -0.0238926 0.6276929 0.5749240 0.5467014 0.5834049 0.5418806 0.4385544 0.0553869 0.7338622 0.5701301 0.4967954 0.5548308 0.7289773 0.7953434 0.2467273 0.5814347 0.5078792 0.8753740 0.2797109 0.5573574 0.6749969 0.6993100 0.4258903 0.7767804 0.5867436 0.5710890 0.6539901 0.8214293 0.7423010 0.8605290 0.5808365 0.5453514 0.6878932 0.5232785 0.7799121 0.7443716 0.7344930 0.7236565 0.5624594 -0.0067702 0.2902462 -0.2280897 -0.1123056 -0.3104730 -0.4550283 0.2655834 0.1083679 -0.3655709 0.3903307 0.0974726 0.2895374 0.2402585 0.6681681 -0.1821902 0.6451296 0.4316998 0.4276127 0.2517519 0.3550178 0.2896227 0.1498520 0.5147299 0.6105266 0.5176824 0.3560550 0.2399085 0.3496666 0.5309574 0.1637976 0.4461082 0.2944220 0.5452979 0.4850138 0.5209008 -0.0865953 0.1650309 0.0708705 -0.2519018 -0.1763561 -0.1748610 -0.1618093 -0.0431710 0.3078013 0.0638979 -0.3411079 -0.0584298 0.4587261 0.5009532 -0.2942188 0.3767482 0.3262099 -0.1832129 0.4632201 0.5552838 -0.4789965 0.0315622 0.0049432 -0.3312154 -0.3454194 -0.0670240 -0.3232465 -0.3670900 0.0984705 -0.0971058 -0.2039244 -0.0567113 -0.5015617 -0.5927788 -0.7291450 0.0705626 0.2092577 -0.2683011 -0.4695914 -0.4001242 -0.3015944 -0.2543692 -0.0993264 -0.5141318 -0.1930915 0.2171138 -0.1775143 0.0089862 -0.2136666 0.0473078 -0.5046339 -0.3085875 -0.5755008 -0.8083627 -0.5048967 -0.0607001 -0.8652911 -0.6213013 -0.0405096 0.1635537 0.0987112 0.2254299 0.1153737 -0.0808738 0.3214729 0.5698647 0.3106203 0.5866530 0.5099827 0.4828805 0.1318065 0.4879002 -0.0287369 0.0161728 0.4952452 0.6348231 0.1429857 0.5178598 -0.0052969 0.3809971 -0.0824512 0.1966985 -0.0887066 -0.3238349 0.0455258 -0.0664314 0.2669323 0.0534070 0.0073143 0.0831398 -0.2819442 -0.4521628 -0.0746745 0.2075213 0.5565946 0.2625768 0.0045207 0.1927527 -0.1184628 -0.4503822 -0.1438269 0.5060423 0.4987727 0.5015853
0.4859259 0.4810109 0.2222192 0.6952282 -0.1418036 0.8250199 0.8928552 0.5412101 0.7702166 0.5180481 0.4991121 0.0000000 0.2098842 0.1535563 0.7867213 -0.0149067 0.1038138 0.6615996 0.0997320 0.3508314 0.9154252 0.0742666 -0.1302280 0.6551146 -0.0539870 -0.1828471 0.0901513 -0.0858544 0.8769025 -0.1549715 -0.3081580 -0.2159628 -0.0242836 0.4604100 -0.0521873 0.8777657 -0.1851310 -0.0099156 -0.0206247 -0.0886425 -0.4123067 0.8372920 -0.0277656 0.0687358 0.5425379 -0.1400093 -0.2267873 -0.2130754 0.3752125 0.0201186 -0.1305361 -0.0325590 0.6807428 0.2653153 -0.0215174 -0.0143151 -0.0941200 0.5390031 0.3321652 -0.0682965 0.7843538 0.1423642 0.1321979 0.7072937 0.6866898 0.0773524 0.2000674 0.3352983 0.1725986 0.4887719 0.1844979 0.6385735 0.3578478 0.6779514 0.2430965 0.6433460 0.6443059 0.4352277 0.4893168 0.3279877 0.2530449 -0.0431538 0.2435436 0.0888285 -0.2493262 0.3145051 0.1155675 -0.2816691 0.2018485 -0.1707757 -0.0737169 0.3071476 0.3929130 -0.0488561 0.0415401 -0.0301351 0.3529306 0.1309746 0.1413932 0.4722939 0.4661282 0.3077445 0.5136877 0.5612821 0.1873414 -0.1962727 0.0560143 0.3583520 0.2269106 0.3406978 0.0592492 0.4535584 0.5016139 0.3031308 0.0680134 0.2121669 0.0695610 -0.0257949 -0.0103863 0.1065677 -0.0787610 -0.1443801 0.0918687 0.2519451 0.0201787 0.3305406 0.2201376 0.2604763 0.2463089 0.4739517 0.3756130 -0.0676989 0.3305794 0.6332353 -0.4183754 0.3143374 0.1639643 -0.0010327 -0.0733351 0.2651717 -0.0888038 0.0322606 -0.3702902 0.0581602 -0.0000076 0.2506614 -0.3288375 -0.4197842 -0.5209537 0.1046983 0.1504390 -0.1191579 -0.1390937 -0.1876355 -0.3996478 -0.3420455 -0.2274809 -0.3062460 -0.5676523 -0.0119610 -0.4049296 -0.0830364 -0.2594439 -0.0191792 -0.5098163 -0.1228431 -0.0994024 -0.4387884 -0.2318020 0.0084559 -0.5964507 -0.5043563 -0.0398478 0.0646126 0.4934866 0.5926152 0.5049572 0.0964238 0.7170262 0.5733118 0.3761628 0.6417721 0.5338323 0.5061993 0.2548507 0.5177248 0.2517258 0.1434124 0.6381195 0.6129665 0.4293606 0.5004562 0.0517925 0.4089115 0.2803728 0.4447636 0.0807959 -0.1838367 0.4023611 0.3124378 -0.0822294 -0.0540757 0.1856245 0.3368179 -0.0259243 -0.0676994 0.1700831 0.0431415 0.2821812 0.2843489 0.3492296 0.5977445 0.0191052 -0.0636800 0.2737315 0.0319053 0.5331363 0.1671606
-0.2198753 0.2433727 0.6072699 0.3876266 0.5008574 0.1897675 -0.1326751 0.6566705 0.0333712 0.3109088 0.3093457 0.2098842 0.0000000 -0.1130369 -0.0026701 0.4640327 0.2738685 -0.1641369 0.4561836 0.5643322 0.3494729 0.6417578 0.3438242 -0.0026799 0.3959330 0.4319938 0.1153574 -0.2355863 0.1920745 -0.0270581 0.5597799 0.4560479 0.0931179 0.1945181 0.4483839 0.3977342 0.3906318 0.5604801 0.3409458 0.2685417 0.4805092 0.1828866 0.4329709 0.3771051 0.3007359 0.4280142 0.4240177 0.4270665 0.4421565 0.3949660 0.4440971 0.3102257 0.5244736 0.1893430 0.7705053 0.5443709 0.4286750 0.3192423 0.6293727 0.3804408 0.5461670 0.2380044 0.6848714 0.4040898 0.6460923 0.5604636 0.3567009 0.3454426 0.4422057 0.3520500 0.3056241 0.4147259 0.2511902 0.6406433 0.2251375 0.3430514 0.4220746 0.2630682 0.3778275 0.1062160 0.5433428 -0.1707137 0.0834944 0.3007832 -0.2433960 0.0655368 0.2221462 -0.4360250 0.1686978 -0.2550158 0.0540275 0.2598416 -0.0953162 -0.6644820 0.1513961 0.2707046 -0.2510443 -0.1579600 -0.0259104 0.0787354 -0.3328584 -0.2792784 -0.0018693 -0.1177842 -0.1080383 0.0110326 -0.0985782 -0.0466949 -0.2474049 -0.0733126 -0.0322580 -0.1035362 -0.0802841 0.0248603 -0.1159940 -0.0624860 0.1133515 -0.1327644 0.0545776 0.2318847 -0.0828534 0.0635925 -0.0836686 -0.0682350 -0.1003886 0.1043529 0.3390721 -0.0959803 -0.0053392 -0.1518782 0.2096955 -0.4204482 0.6429470 0.3929152 -0.1122587 -0.4226610 0.1007800 -0.1192095 0.1433736 -0.1859761 -0.2413436 -0.2626840 0.1547880 0.4035218 0.0973757 -0.3529076 0.1281419 0.0938463 -0.0383699 -0.1209749 -0.1712583 0.0247253 -0.1851343 -0.1885957 -0.0893450 0.1895511 -0.0493907 -0.1979731 0.1024582 -0.0618589 -0.0468131 -0.2131447 -0.0134633 -0.2226621 -0.2728327 -0.2630795 -0.4141066 -0.1819808 -0.2572199 -0.2937026 -0.3093960 -0.0299051 -0.1733229 -0.2814098 -0.0308313 0.0898942 0.2733831 0.1543781 0.4027118 0.2379237 0.3310621 0.2906004 0.5535975 0.4964400 0.6342749 0.8568530 0.5878086 0.7313652 0.4512942 0.4770263 0.4914627 0.3799547 0.0685884 0.3427106 0.4094820 0.3391988 0.3924787 -0.2491516 0.1264041 0.2044996 0.0997800 -0.2880424 0.0810870 0.2966392 0.4364477 0.1696508 0.0818061 0.5419136 0.3140623 -0.2274219 0.0532103 0.3354143 0.4992962 0.0087606 0.3472272 0.4972678 -0.0387186 -0.3273985
0.1703971 -0.0624075 -0.2227516 0.3301242 -0.3880279 0.2643016 0.1836204 0.2027180 0.5392839 0.6017434 0.4274398 0.1535563 -0.1130369 0.0000000 0.4900786 0.4641784 0.7691983 0.6741991 0.4373365 0.5252766 0.1111212 0.2409596 0.5934710 0.6871926 0.2872226 0.3532312 0.6752620 0.5788469 0.4540330 0.6926385 0.1995922 0.2168874 0.5525867 0.7314469 0.3509350 0.1324731 0.3651558 0.1652888 0.5025665 0.4779383 -0.1290812 0.3749487 0.3566814 0.3709879 0.4453760 0.2553955 0.2025448 0.1873922 0.4129757 0.2624320 0.2051394 0.3717362 0.3107612 0.4367376 0.1268821 0.3326979 0.3292497 0.3823660 -0.2309644 0.3303602 0.0910143 0.3463259 0.1911629 0.2936342 -0.0084212 0.3286515 0.3716979 0.4001957 0.4144640 0.3717562 0.4408283 -0.1436979 0.3463786 -0.0987244 0.4535350 0.3359136 0.0897453 0.3889880 0.3071669 -0.2577243 0.0854700 -0.1018520 0.0702680 -0.1486953 -0.1989266 0.4035680 0.3338797 -0.1251774 0.1664024 -0.2680631 0.0041733 0.0272369 0.0728485 -0.2245353 0.2155429 0.0939010 0.3244497 -0.1708615 0.0547108 -0.2338273 -0.0585774 0.4501510 0.3307426 0.0122056 0.3602992 -0.0812852 0.1771265 0.2693171 0.1930424 0.0224972 -0.0322416 0.1785785 0.1071103 -0.1334653 0.1339829 -0.0502478 -0.2117376 0.0509994 -0.1596893 0.1330556 -0.2753170 -0.3188832 0.4975967 -0.1081036 0.2743953 0.3825702 -0.2174758 0.1792651 0.4044712 0.2669951 0.5565194 0.2766067 0.1482889 -0.2009985 0.1595821 0.0010979 0.3940336 0.4886309 0.3763838 0.4597034 0.2198313 0.4083749 0.0025353 0.0997914 0.5378877 0.1009193 0.1933356 0.1364773 -0.3100335 0.5405232 0.5238234 0.2543967 0.1431670 0.1944955 -0.3206835 -0.0470337 -0.1800857 0.2760615 -0.1621409 0.2655379 -0.1402065 0.5623070 0.0429168 0.1786799 -0.0252829 0.2111850 -0.0652466 -0.3873711 -0.2391287 0.3901364 -0.2267989 -0.2249063 -0.3688252 -0.0937177 -0.2564315 -0.0859293 -0.4322424 -0.4759288 -0.0868539 0.2843933 0.0158741 0.2521945 0.0140632 0.0188723 -0.2634968 0.0002315 -0.1858320 -0.1103502 -0.2106536 -0.0621823 0.2128046 -0.2410118 -0.4383106 0.2468174 0.2674700 0.3932533 0.1094811 -0.3096912 -0.2567302 0.3967080 0.2154192 0.0940841 -0.1786777 -0.0124472 0.1130114 -0.0954716 0.4251991 0.2585085 0.3520377 0.0447238 -0.3178733 -0.0272135 0.0849104 -0.2321463 0.2235381 0.5166230 0.3480439 0.4502570
0.2355969 0.0202884 -0.0072374 0.4583539 -0.2311051 0.5917790 0.7169262 0.3336369 0.7262954 0.4065204 0.3182264 0.7867213 -0.0026701 0.4900786 0.0000000 -0.0644994 0.2848430 0.8030059 -0.0019311 0.4435151 0.6734522 0.0312948 -0.0712705 0.8438641 -0.1752002 -0.2671488 0.2433190 0.2980638 0.9041978 0.1947821 -0.3885508 -0.2927498 0.2163223 0.6323028 -0.1501295 0.6556776 -0.1995608 -0.1739138 -0.0033157 0.0197461 -0.4859394 0.7697112 -0.1276209 0.0798278 0.6652240 -0.2182508 -0.3049173 -0.2038769 0.2600023 -0.0487436 -0.2618208 -0.1121920 0.4893634 0.1718335 -0.1105816 -0.0619745 -0.1725482 0.3652882 -0.0580621 -0.1501892 0.4571244 -0.0022213 -0.0225373 0.4544921 0.3702728 -0.0300746 0.0862034 0.1661621 0.1151008 0.2698332 0.0980823 0.2909683 0.1792448 0.2991773 0.1997437 0.4172669 0.3214002 0.2044873 0.2356060 0.1381886 -0.0726263 -0.1724800 0.1634625 0.0636208 -0.3207886 0.1853369 0.0432621 -0.2281639 -0.0775473 -0.4156960 -0.2127324 0.0493516 0.1152060 -0.1483538 -0.2462605 -0.3042097 0.2303756 -0.1245525 -0.0898226 -0.0010065 0.1349568 0.2319619 0.3822361 0.1669968 0.0098909 -0.4052186 -0.1139748 0.2487442 0.1213385 0.2144573 -0.2583614 0.2478986 0.4116327 0.0844260 0.2445822 0.1611772 -0.0202451 0.1549623 0.0390029 0.2199570 -0.1402769 -0.1876081 0.1588470 0.1382269 0.2613516 0.4706374 -0.0953562 0.0798294 0.4697574 0.3756161 0.3823949 0.0046385 0.0543136 0.3060903 -0.2935936 0.2129724 0.2263986 0.3237989 0.1625015 0.5072751 0.0787726 0.3061756 -0.4771697 0.1639303 0.2204101 0.1787015 -0.1293334 -0.2183870 -0.4302890 0.2467347 0.2503407 0.0500153 0.0424419 -0.0092799 -0.5281160 -0.2268716 -0.4032827 -0.0978945 -0.5530683 -0.0310104 -0.5777206 0.1025803 -0.0911788 0.0202563 -0.4685864 0.0453717 0.0997584 -0.3370816 -0.2485847 0.1272713 -0.4064997 -0.4280636 -0.3611849 -0.1948698 0.0742587 0.2153201 0.0654485 -0.1872893 0.3963600 0.3501667 0.1082597 0.3570851 0.1764391 0.1033911 -0.0834006 0.2542823 0.0033651 0.0413970 0.2258776 0.3174395 0.4132678 0.1638211 -0.1895993 0.3258418 0.3374950 0.4662153 0.2310843 -0.1896089 0.1609124 0.4470344 -0.1660922 0.0826014 -0.0853713 0.2044723 0.0019638 -0.0569296 0.3672812 -0.0190121 0.2737931 0.2819182 0.0405579 0.4501842 0.1040043 -0.0571186 0.2407310 0.1086098 0.4702722 0.1102125
-0.1573299 0.0593152 -0.1083623 0.5202756 -0.2607304 0.3754786 -0.0657301 0.6921906 0.4166194 0.7558450 0.7733606 -0.0149067 0.4640327 0.4641784 -0.0644994 0.0000000 0.8389718 -0.0137402 0.9681221 0.5050458 0.1227601 0.8266652 0.9033895 0.0519010 0.9050550 0.9421186 0.7084101 -0.1427545 0.1399870 0.4012114 0.7519500 0.7991875 0.2938267 0.4588452 0.8660101 0.1531241 0.7577349 0.8810916 0.7992526 0.6737158 0.4574069 0.2462200 0.8227168 0.6612109 0.3861630 0.8832887 0.8136156 0.4073334 0.6556979 0.8142218 0.8167412 0.7754753 0.4982825 0.7167973 0.6243029 0.8974913 0.8286236 0.6300649 0.2624136 0.8284470 0.3862298 0.7505647 0.6770112 0.4835990 0.3470253 0.8153749 0.7612921 0.7879074 0.8905379 0.7133700 0.6916570 0.2310124 0.6137480 0.2704559 0.8190419 0.4994514 0.4817374 0.6230795 0.4352050 -0.1555451 0.3246623 -0.2672828 -0.2312055 -0.2538318 -0.4569182 0.1540451 0.2252714 -0.4570473 0.2679674 0.0215678 0.2560511 0.0465742 0.3134079 -0.4505964 0.6420067 0.4975951 0.1179007 0.0899760 0.1298285 0.0450906 -0.2600505 0.2518717 0.3095284 0.1287478 0.2836963 0.3044021 0.2081535 0.2686121 -0.0614658 0.0302390 0.1543194 0.2134988 0.1217084 0.1843393 -0.1240198 -0.0545310 -0.0238325 -0.2630929 -0.2204996 -0.1303957 -0.1908161 -0.0025883 0.3378096 -0.1437167 -0.2625079 -0.0854057 0.4222364 0.2820461 -0.3155592 0.0660066 0.3113648 -0.2197701 0.5077677 0.1784010 -0.1252427 -0.2894022 0.0548877 -0.1940714 -0.1949145 -0.1687494 -0.2526577 -0.3445322 0.4294590 0.0660725 0.0235156 -0.3078797 -0.1797682 -0.2142708 -0.4234970 0.1229913 0.2065818 -0.0174547 -0.3851901 -0.2269169 -0.0549943 0.0367328 0.0422467 -0.2558404 0.1525574 0.2858909 0.1563633 0.0777392 -0.0163861 0.0209401 -0.2164353 -0.1887589 -0.5884058 -0.6150382 -0.4653425 -0.1183182 -0.5358624 -0.3599367 -0.1020284 0.0126266 -0.1911517 -0.0614947 -0.1225069 -0.0742360 0.0931045 0.4095355 0.2379303 0.3662739 0.3406690 0.3164521 0.1705408 0.4399816 0.0667640 0.1945016 0.1979829 0.4247796 0.0799700 0.2973587 0.0189336 0.2888058 -0.0419559 0.1180455 0.0673307 -0.2396619 -0.1705389 -0.0377287 0.3403525 0.0151679 -0.1012882 -0.0984344 -0.1081012 -0.3440154 0.0085270 0.4193857 0.5063035 0.0075398 -0.2698895 -0.0952319 0.0051394 -0.4016840 -0.0827745 0.7556945 0.2857883 0.3710021
-0.0037406 -0.1577707 -0.1599393 0.5386724 -0.2949314 0.4299587 0.0772514 0.5974208 0.5754974 0.7839136 0.7289378 0.1038138 0.2738685 0.7691983 0.2848430 0.8389718 0.0000000 0.3632321 0.8105409 0.6622823 0.1652807 0.7073383 0.8634568 0.3755635 0.6694768 0.7523787 0.8211864 0.2311294 0.3865305 0.6379379 0.5802768 0.6027065 0.4897545 0.6692344 0.7283725 0.1859940 0.6573172 0.6469787 0.7951367 0.7195282 0.2499096 0.4202693 0.6959944 0.6834923 0.5126854 0.6382054 0.5914106 0.4650835 0.6537580 0.6209700 0.5721259 0.6801707 0.4342749 0.7137680 0.4628975 0.6903482 0.6743984 0.6468362 0.0207548 0.6593761 0.2664752 0.6350601 0.5005700 0.4657885 0.2053055 0.7099679 0.6432077 0.6912505 0.7802698 0.6291641 0.6686905 0.0716539 0.5617802 0.1336610 0.7642900 0.4784530 0.3455060 0.5861340 0.3879189 -0.3451212 0.1554451 -0.2869751 -0.1329826 -0.3117229 -0.4951183 0.2018648 0.1526620 -0.4247238 0.1761610 -0.2005953 0.2840814 0.0063577 0.2431217 -0.4911441 0.5381976 0.3817581 0.2822190 -0.0738614 0.1956371 -0.2515620 -0.2560887 0.4225579 0.4618668 -0.0276889 0.3258934 0.2181913 0.2334994 0.4056708 0.1820875 0.1337290 0.1442846 0.2702714 0.2937539 0.1216174 -0.0431893 0.0312198 -0.0701698 -0.1282678 -0.1204766 -0.0159721 -0.2194429 -0.0902873 0.4821845 -0.1585068 -0.0161673 0.1532249 0.2297686 0.3330814 0.0122565 0.2537165 0.5360385 -0.0141581 0.4015545 0.1363868 -0.0877961 -0.0885270 0.3209927 0.0772653 0.0864275 0.2166176 0.0246597 0.0137099 0.2128379 0.2119853 0.2825570 -0.0551101 -0.0437057 -0.1096981 -0.4759613 0.4171381 0.4826086 0.1905200 -0.1570129 0.0119463 -0.1563610 0.0484520 -0.0667593 -0.0136059 0.0136398 0.3727870 0.0197504 0.3001774 0.0801759 0.2352960 -0.1713594 0.0920562 -0.3175498 -0.6474854 -0.4433716 0.1082127 -0.5260436 -0.4221352 -0.3005079 -0.0675344 -0.4245268 -0.2485924 -0.3630242 -0.3240687 0.0075804 0.3999636 0.1523818 0.3374019 0.2297942 0.1605080 -0.0600293 0.2905680 -0.0833874 0.1352438 0.0206396 0.2736201 0.1563979 0.0537287 -0.3017607 0.3064232 0.0978151 0.2750177 0.0550217 -0.4196681 -0.3181860 0.1537684 0.3921618 0.1548568 -0.3151212 -0.1048115 -0.0533313 -0.4174190 0.2604675 0.3516911 0.6707265 0.1158545 -0.4136173 -0.0372746 0.1296198 -0.4960111 0.0092436 0.7852604 0.4487896 0.4373668
