0.0000000 0.6634671 0.5813798 -0.4097842 0.6074199 0.1047889 0.3639161 -0.1480942 -0.1692509 -0.1398010 -0.2206750 0.4661182 0.3906949 -0.2587521 0.1958334 -0.1976462 -0.2237552 -0.0699233 0.0139870 0.5417154 0.3245633 -0.0831803 -0.1830938 -0.1012183 -0.0184451 -0.0730232 -0.4340538 -0.2015077 0.1654258 -0.3481434 0.1295298 0.2299884 -0.2639906 -0.1832800 -0.1016822 0.1675986 0.2314422 0.2633996 -0.1814922 -0.1487927 0.2981154 0.1407639 -0.0578323 -0.2760016 -0.0964314 0.2290085 0.1531241 0.5119518 -0.4721545 0.1102052 -0.0088841 -0.2192256 -0.3627656 -0.3797433 0.5716138 0.4341978 0.2031617 -0.4408699 0.0623056 0.0245506 -0.1962124 -0.4091871 0.5183436 -0.4833369 -0.4648221 0.2879627 -0.1091738 -0.4559752 0.4407202 -0.1968561 -0.0155184 -0.0872336 -0.2818927 0.0602570 0.1463085 -0.0245267 0.0956732 0.0096864 0.1347880 0.4614045 0.1050272 -0.1005926 -0.0962739 0.0114221 0.1341191 -0.1470010 -0.0840917 0.2715307 -0.1054648 -0.1163561 -0.2329740 -0.0896252 -0.4495391 -0.1714343 -0.1980091 0.1252761 0.0550192 -0.3291132 -0.2310398 -0.0068975 -0.1890870 -0.4233896 -0.2873469 -0.2808090 -0.0961567 -0.2930486 -0.3083737 -0.1138762 -0.4318792 -0.0506925 -0.2921379 -0.3147668 -0.1507418 0.1538021 0.0530930 0.0363549 0.2218458 0.1127590 0.3223429 -0.0600592 -0.0243031 0.0441533 -0.5104634 0.2461082 -0.4049967 -0.1597815 -0.2468995 -0.4833171 -0.4583376 0.0017389 -0.4006488 -0.1235819 -0.3957437 0.3039170 -0.2706208 -0.3405415 -0.2838216 -0.5026182 -0.2876286 -0.1789180 -0.2169615 -0.3761301 -0.0432730 0.3665833 -0.1043478 -0.0625808 -0.3553810 -0.0620792 -0.2891746 -0.1457058 -0.1800980 0.2504745 -0.4212199 -0.2836545 -0.1913031 0.2633179 -0.2203273 -0.0190605 -0.1030327 -0.2076687 0.1397166 -0.2429912 0.0059182 -0.4716957 -0.0426798 0.2302776 -0.1740677 -0.4366907 -0.2800038 -0.1849267 -0.2598664 -0.2818665 0.5185571 0.5218448 0.7982174 0.6440323 0.4256511 0.1242723 0.1895115 0.2424902 -0.1245455 -0.0756771 0.1497322 -0.0464769 0.1089862 -0.1285075 0.1173269 0.2850387 0.1003442 0.1305623 -0.0422485 0.2849842 0.1985968 -0.3922401 -0.1302297 -0.0319785 0.2889363 -0.0573054 0.3220009 0.1356774 0.2964091 0.0672988 0.3935195 0.2739398 0.1823446 0.3420544 -0.1055947 0.3324413 0.0338040 0.0608581 0.0944518 -0.0261885 0.3446173 0.4724265 0.3537391 0.2941446 -0.2861320 0.2791680
0.6634671 0.0000000 0.4937439 -0.0001783 0.5160344 0.4792459 0.5085576 0.1716550 0.1535009 0.1477697 0.1590345 0.7037173 0.6040585 0.0176250 0.2771161 0.2389462 0.3158847 -0.1134386 0.3022492 0.5042375 0.4823199 0.2211812 0.2312461 0.2597754 0.3492806 0.2532918 -0.1706535 -0.0371175 0.3909154 -0.1114720 0.2888999 0.3419587 -0.0599701 0.0915648 0.1047090 0.4916180 0.2438452 0.4824896 -0.0250258 -0.0642971 0.3947475 0.4426817 0.1011263 -0.1626764 0.1419838 0.4370387 0.2277228 0.5247927 -0.1945099 0.3024851 0.1796323 -0.1354539 -0.1062582 -0.3269167 0.5325871 0.4864061 0.1873291 -0.1845492 0.3579160 0.1084406 0.1494382 -0.2366539 0.4655074 -0.1954366 -0.1425495 0.3115601 0.0812815 -0.3297839 0.4841947 0.1205131 0.2160250 0.3209663 0.1373921 0.4505567 0.2580825 0.4342998 0.5452750 0.4245340 0.5486825 0.5307239 0.4152397 0.2426410 0.2386912 0.5147034 0.4222463 0.3444017 0.1210378 0.2475763 0.2881187 0.1747376 0.0102417 -0.1239443 -0.1075922 0.0078180 0.1284946 -0.0003446 -0.0385277 0.0092663 0.1156404 0.2706150 0.2351170 -0.1400372 0.1794862 0.2306693 0.1525956 -0.0714521 0.0737158 0.1579480 -0.0097585 0.0868172 0.1289860 -0.0791253 -0.0194928 0.2413820 0.5452414 0.2195419 0.5122407 0.5221198 0.6410271 0.3059361 0.2114102 0.2671273 -0.2391120 0.3740463 0.0073030 0.0008324 -0.0181928 -0.3313608 -0.1459484 0.0651718 -0.2186970 0.1808509 -0.0475367 0.3451738 0.0382628 -0.0899946 -0.1848792 -0.1605868 -0.2743304 0.1513262 -0.0547756 -0.0463102 0.2128897 0.2859706 -0.0741409 0.1619637 -0.2039752 -0.0592223 -0.2282789 0.2449296 0.3157739 0.3730921 -0.0815275 0.0732256 -0.0659065 0.5184404 0.2598145 0.3808791 0.3853741 0.2776955 0.3857357 0.2344971 0.3473987 -0.2196940 0.3141251 0.4309053 -0.0321050 -0.1652584 -0.2297837 0.1195082 0.0669301 -0.0841448 0.2853861 0.4100800 0.5617963 0.3213284 0.1631667 -0.1317757 0.3378617 0.4728173 0.2893817 0.3952076 0.4874933 0.4375281 0.5039130 0.1260671 0.6471373 0.5204601 0.5961118 0.5374502 0.2273100 0.5095615 0.2497777 -0.2462266 0.1201829 0.0364148 0.3749591 -0.1384835 0.1300940 0.2772584 0.1526695 -0.0451393 0.1229503 0.2887400 0.1450253 0.3156833 -0.2283359 0.3402085 0.0696981 -0.1493288 0.0364064 0.0068116 0.3045349 0.3830769 0.1254537 0.5213573 -0.0010929 0.1337898
0.5813798 0.4937439 0.0000000 -0.5345533 0.9106714 -0.0988977 0.2277591 -0.0386808 -0.3357894 -0.0447086 -0.0530944 0.2318481 0.7568113 -0.1500368 0.0615910 -0.0777913 -0.1138401 -0.3702546 0.0310273 0.7517607 0.1335178 -0.2228973 0.0083452 -0.3412279 -0.0671253 -0.0447635 -0.2638432 -0.1986492 -0.2262631 -0.2345184 -0.0851939 0.3149547 -0.4883277 -0.5268393 0.0144675 -0.0330734 0.4491208 0.3143574 0.0212672 -0.2917623 0.3611564 -0.2011713 0.1225990 -0.5271397 -0.3208059 0.1470660 0.2146125 0.6811876 -0.6796714 0.0923605 0.0290503 -0.1804094 -0.5584239 -0.3850100 0.8095857 0.3690761 0.2850023 -0.6039140 -0.1742251 0.0086456 -0.3280824 -0.3772933 0.8131612 -0.5849677 -0.6238190 0.3868225 -0.1915125 -0.3344754 0.4168997 -0.3442907 0.0235716 -0.1935750 -0.2417864 0.0583152 0.1856364 -0.0405716 0.2222494 0.0466914 0.1273123 0.6152644 0.0214863 0.1067958 -0.0008915 0.0211728 -0.0294309 -0.0932498 0.1551425 0.1564077 -0.1720328 -0.1736828 -0.0363108 0.2418087 -0.1718081 -0.2918832 -0.0883588 0.3857332 0.2211052 -0.2544275 -0.3491247 -0.1060021 -0.1937272 -0.2813630 -0.1050709 -0.1307260 0.1800753 -0.0707133 -0.2092988 -0.1108349 -0.4094061 -0.3672233 -0.1822075 -0.4581967 -0.1940823 0.3039064 0.1644620 0.0354776 0.3271944 0.1421147 0.3840402 -0.2291169 -0.0726735 0.0922332 -0.4923017 0.1698332 -0.4303088 -0.3174247 -0.2493208 -0.5813792 -0.5746029 -0.2699980 -0.4045060 -0.1810171 -0.4083171 0.1017175 -0.3861331 -0.3667490 -0.3030533 -0.4056058 -0.1810811 -0.2147485 -0.3961706 -0.3089535 -0.3274255 0.4696727 0.1352658 0.0279540 -0.0922985 0.0670608 -0.6987654 -0.1656158 -0.0754177 0.4441695 -0.1175290 -0.2299282 -0.2711148 0.2762313 -0.1181048 0.0577347 -0.1684646 0.0080975 0.0681686 -0.0374588 0.1318000 -0.2141641 -0.0362430 0.1113014 -0.2641522 -0.5557161 -0.4451849 -0.1611785 -0.1726110 -0.3317407 0.0443534 0.1399462 0.6275957 0.6610721 0.4123374 0.1160627 0.0893859 0.1526980 -0.3039259 -0.2062823 -0.1083040 -0.2297348 -0.0370087 -0.5757923 0.3255997 0.6405910 0.3434214 0.0728799 -0.3398042 0.1323799 0.4030954 -0.5484992 -0.2950368 -0.1070499 0.2108049 0.2643639 0.4733643 -0.0219091 0.2069229 -0.1065098 0.2793463 0.1301613 0.6164272 0.6557970 -0.1322735 0.1634547 -0.1321760 -0.0781714 -0.0339835 -0.2349397 0.7675089 0.7907356 0.5358096 0.2866875 -0.3769998 0.1017646
-0.4097842 -0.0001783 -0.5345533 0.0000000 -0.6277032 0.7085927 -0.0771799 0.5258679 0.7872559 0.6525389 0.5474954 0.1640585 -0.3076009 0.5514268 0.5523092 0.3016351 0.6064829 0.4721044 0.3119192 -0.5917125 0.3882641 0.1924741 0.2644812 0.6966458 0.2992787 0.1718217 0.4714273 0.4917903 0.6039226 0.4726665 -0.1275926 -0.1029412 0.5237400 0.6581698 -0.0104406 0.6214218 -0.3186206 -0.0177156 0.2175955 0.1351779 -0.3613857 0.6430397 -0.0293851 0.3628147 0.5840351 0.0864426 -0.1627777 -0.3880657 0.6157160 -0.0159864 -0.0921269 0.0838441 0.6997448 0.1280801 -0.5465998 -0.2595445 -0.2568979 0.5980587 0.5064596 -0.0391454 0.5215890 0.1975743 -0.5645681 0.7410659 0.7386191 -0.2451145 0.1847554 0.2964678 -0.3624071 0.5587639 0.1291280 0.6880614 0.3782785 0.5177845 -0.0602700 0.4856918 0.4186803 0.2243160 0.2795308 -0.2237282 0.2683413 0.4396645 0.3961272 0.2735897 0.2019082 0.4094258 0.2876235 0.2662483 0.4091303 0.3870525 0.1421933 -0.4301494 0.2388982 0.6852191 0.2461774 -0.4309817 -0.2840848 0.3966112 0.4584504 0.4669105 0.5223246 0.4926324 0.4359407 0.5257599 -0.0519263 0.1189268 0.5385354 0.4477727 0.4265242 0.5811625 0.3179130 0.4683403 0.4201933 0.1699699 0.2465110 0.3610580 0.1790696 0.1126230 0.2000505 0.0733098 -0.1525268 -0.0544502 0.5476843 -0.1120049 0.2263338 0.4133138 0.0056101 0.2918728 0.3740316 -0.0918810 0.1475661 0.2069440 0.1663290 0.1315967 0.2689689 0.1992530 -0.0001610 0.3224288 -0.0657670 0.3413649 0.3089320 0.2996726 0.2343042 -0.4199440 -0.2920629 0.2681150 0.0237626 -0.1023323 0.2558342 0.3044743 0.4403110 -0.4284421 0.1672335 0.3782387 0.0972955 0.0083386 0.5080831 0.1983308 0.3710236 0.3900968 0.1816888 0.5007694 0.1293057 0.2246078 0.3859635 -0.1874923 0.0303943 0.5066855 0.2259748 0.4438419 0.5351693 0.5117375 -0.0392669 0.0962477 -0.5346918 -0.5385362 -0.3404612 -0.0582942 0.4037258 0.3435282 0.5008119 0.6899527 0.5434361 0.6600945 0.4756033 0.4844330 0.1593445 -0.4095551 0.3268898 0.4684975 0.1576210 0.3711881 -0.1563143 0.4264617 0.3853470 0.1828037 -0.0291743 -0.2653355 -0.2626370 0.1450323 -0.5301073 -0.4861765 -0.4975288 -0.5032882 -0.3944704 -0.3622217 -0.0063868 -0.2700348 -0.3704727 -0.5029079 -0.2282813 0.3290454 -0.4128849 -0.3419971 -0.1701351 -0.2038621 0.3745862 -0.4511724
0.6074199 0.5160344 0.9106714 -0.6277032 0.0000000 -0.1439678 0.1994315 -0.1630644 -0.3879613 -0.1301024 -0.1433383 0.1908973 0.7357938 -0.2280399 -0.0095635 -0.1444053 -0.1731715 -0.3943048 -0.0297484 0.7897203 0.1306426 -0.2903990 0.0021084 -0.3809402 -0.0696466 -0.0087383 -0.2372838 -0.3199660 -0.1888262 -0.3471019 -0.1482035 0.4128630 -0.5091273 -0.5275092 0.1303631 -0.0835801 0.5042012 0.3416116 0.0418957 -0.2443089 0.4203129 -0.2123775 0.2130604 -0.5011146 -0.2947744 0.2230322 0.3326704 0.7031972 -0.6935166 0.2454942 0.2004952 -0.0400013 -0.5580545 -0.3126750 0.8305383 0.4969778 0.3714431 -0.6598453 -0.2435162 0.1528851 -0.2968299 -0.2537815 0.8160929 -0.6490285 -0.6186918 0.3773340 -0.1354755 -0.2801748 0.3855538 -0.3797258 0.0385838 -0.2811137 -0.1081474 0.0493484 0.1640718 -0.0304254 0.1675011 0.0293609 0.1428877 0.5288562 -0.1314405 0.1091523 -0.1134476 0.0779857 0.1375738 -0.1507393 0.1654603 -0.1137769 -0.1957660 -0.2372502 -0.0309647 0.2796057 -0.2643320 -0.4387719 -0.1263973 0.4292212 0.2109654 -0.3894828 -0.3871171 -0.1093859 -0.3208819 -0.4143736 -0.1638894 -0.1695272 0.1344587 -0.0112818 -0.3195359 -0.2653035 -0.4176884 -0.5888798 -0.2277109 -0.5025891 -0.3124190 0.0484309 0.0435939 -0.1448790 0.1822647 0.0484791 0.2796570 -0.2431774 -0.1498823 -0.0805849 -0.5246436 0.1624826 -0.4377165 -0.4799027 -0.3674851 -0.5232745 -0.5956779 -0.2667781 -0.4074390 -0.2094818 -0.4582461 0.2243040 -0.3982578 -0.3250925 -0.2461000 -0.4230989 -0.2147534 -0.2580994 -0.4524143 -0.3610696 -0.3276276 0.5847002 0.1759822 0.0256521 -0.0877753 0.0598389 -0.5740420 -0.1581969 -0.0658931 0.5190193 -0.1032477 -0.3024615 -0.2142247 0.3246571 -0.1855597 0.0864412 -0.1165105 0.0372405 0.1552677 -0.1551085 0.1857972 -0.1598455 -0.0016803 0.2720023 -0.3723706 -0.5162127 -0.4522076 -0.1348743 -0.1542949 -0.2592747 0.0588554 -0.0131487 0.6212701 0.6766265 0.4095013 0.0753243 0.0130875 0.1410311 -0.2722696 -0.2846803 -0.1775960 -0.2938555 -0.1550211 -0.4151718 0.3320889 0.7231652 0.2717845 -0.0229441 -0.3201111 0.0930950 0.3102119 -0.6354954 -0.4278131 -0.2458142 0.0721619 0.0945437 0.3219797 -0.1387839 0.3403966 0.1280001 0.3667082 0.1981746 0.6957610 0.6813953 -0.2501498 0.0684223 0.0500950 0.1218259 0.0598813 -0.3818743 0.7727459 0.7331514 0.3968923 0.2159899 -0.2843310 0.1794022
0.1047889 0.4792459 -0.0988977 0.7085927 -0.1439678 0.0000000 -0.0267909 0.4502254 0.8362284 0.8001725 0.5788034 0.3237612 0.0810645 0.6864177 0.6821897 0.2313993 0.6123418 0.3059087 0.1983180 -0.1776316 0.4917857 0.1181347 0.2903652 0.5988944 0.2431200 0.1721129 0.4759063 0.4189647 0.5553784 0.4440739 -0.0698590 0.0386822 0.2625831 0.4022071 0.0423511 0.5662920 -0.0869511 0.1122929 0.1037703 0.0085902 -0.1620395 0.5652479 0.0805858 0.1805044 0.3288609 0.1326642 -0.0472711 -0.0342718 0.2625865 0.0951804 -0.0122202 0.0787117 0.2794274 0.0455586 -0.1910011 -0.0702469 -0.1058437 0.3762111 0.3628948 -0.0013288 0.2972919 0.1076907 -0.2751293 0.3916616 0.4260548 -0.1183177 0.0800865 0.1773880 -0.1323790 0.4317560 0.0703513 0.7878650 0.1749573 0.6681439 -0.0452692 0.4670969 0.5666382 0.2644857 0.2799147 0.0016351 0.3098627 0.4832872 0.3991069 0.4481236 0.4641347 0.2971978 0.2700559 0.1965593 0.3174998 0.2142598 0.0490647 -0.5335425 -0.0859743 0.4695340 0.2130163 -0.3681836 -0.3939479 0.1399398 0.2769071 0.4640967 0.3569452 0.1813944 0.1925172 0.4520041 -0.0650379 0.0908158 0.2390523 0.2981264 0.1021224 0.4125564 0.1915248 0.1390348 0.1718148 0.0599198 0.1801881 0.2394056 0.1241842 0.0682859 0.2698257 -0.0077782 -0.1942573 -0.1224756 0.1452127 -0.1033530 -0.0127965 0.0664882 -0.2087106 -0.0795722 0.0438783 -0.0987333 -0.0439639 0.1396920 -0.0307288 0.4690099 0.2176864 0.1258793 -0.0681304 0.0327920 -0.1668164 0.1614596 0.2251852 0.0770678 0.2727326 0.0639348 -0.1277623 0.3541411 -0.0469243 -0.0647457 0.1721956 0.2246735 0.4923534 0.0291928 0.0968243 0.3108647 0.0353073 0.3233134 0.2931305 0.3204756 0.3476223 0.4567946 0.4267700 0.3540595 0.3445503 -0.0051307 0.4777412 0.1839485 -0.2585797 0.1182525 -0.1982531 0.1987930 0.3762584 0.2715971 0.0365677 0.2287953 -0.1518279 -0.1581176 -0.1103447 0.0427119 0.4574097 0.4152617 0.4430929 0.5998889 0.4333494 0.5245134 0.4047823 0.4509130 0.4100154 -0.0049455 0.5553289 0.6583434 0.0663952 0.5229414 0.0299346 0.0858683 0.1352914 0.0033324 0.1117041 -0.2177925 -0.2039966 -0.0233959 -0.2809252 -0.2007642 -0.1217941 -0.2509117 -0.0995091 -0.0162292 -0.1813093 -0.0494149 -0.2117335 -0.3109270 0.0346618 0.1249655 -0.0564776 -0.0230567 -0.0586056 0.1017591 0.3714791 -0.1594952
0.3639161 0.5085576 0.2277591 -0.0771799 0.1994315 -0.0267909 0.0000000 0.4360067 -0.1616669 -0.3489531 0.0918691 0.8212335 0.4387250 -0.4717944 -0.2179905 0.5577472 0.1043537 -0.2782095 0.5341393 0.3439998 0.1665370 0.5129472 0.4516076 0.1963216 0.4931359 0.4168767 -0.4577994 -0.0939510 0.1584829 -0.1679952 0.5596401 0.3744051 0.0772756 0.0786276 0.2982276 0.2887667 0.2248783 0.5393574 -0.2390717 0.1734013 0.4436134 0.2089284 0.1229756 -0.0198038 0.0564601 0.5585522 0.3560363 0.4300610 -0.1636274 0.4066855 0.3225776 -0.2727497 -0.0877817 -0.1158600 0.4136059 0.5812580 0.2914506 -0.0964418 0.2758932 0.2011473 0.0917929 -0.0911834 0.3562311 -0.1960772 -0.1730528 0.4936800 0.3952864 -0.4659153 0.7216264 0.1611182 0.3584630 -0.0052368 0.1279295 -0.1834151 0.5207753 0.1379310 0.0786301 0.4137295 0.3320268 0.1773985 0.2826425 -0.1458310 0.2107185 0.1165990 -0.0291966 0.4522096 0.0490572 0.2620325 0.4550163 0.2861871 0.2923840 0.2058420 0.4111145 -0.0277388 0.3733735 0.0283483 0.0555693 0.4638944 0.3518311 0.3473486 0.3910546 0.3488544 0.2656142 0.2090827 0.3629094 0.0827196 0.3712069 0.1190442 0.4479649 0.2868789 0.3077277 0.0932486 0.2408518 0.4349813 0.3389411 0.3706990 0.4363363 0.4027186 0.4540595 0.5691580 0.4108599 0.2425202 -0.2493683 0.6213295 0.3611086 0.5292345 0.2377689 0.0679926 0.3456245 0.4594679 0.3184694 0.4759252 0.3577420 -0.1005089 0.2652076 0.1896523 0.2147898 0.2297424 0.2219686 0.4752778 0.1628953 0.3273288 -0.1379780 -0.1882458 0.0166256 0.0951835 -0.0495508 0.0007066 -0.3046393 0.1830011 0.0622354 0.1269365 -0.0246787 -0.0190822 -0.0730519 0.0981360 0.0228173 0.2258733 -0.1082785 -0.1167217 -0.1582153 0.1575727 0.0097200 -0.4080859 -0.0520549 -0.0434327 0.2175765 -0.1190353 0.0566220 0.1661150 -0.0838618 -0.1115146 0.3172613 0.1813216 0.5593223 0.3008447 0.0834924 -0.4490772 0.0449170 0.1521361 0.0292972 0.3038359 0.4181426 0.4384156 0.3751581 -0.1345190 0.0471469 -0.0367638 0.0259550 0.1799966 0.5565527 0.1456799 0.1072313 0.0474635 0.3917798 0.2968494 0.2343592 -0.1187010 -0.1048211 0.6435967 0.1194161 -0.3722117 -0.0870978 0.2000003 -0.2093430 -0.2484703 0.2734359 0.5300188 0.1353898 -0.4127448 -0.0255476 0.3028588 -0.0945286 0.0450937 0.1830723 0.5052586 -0.3966965 -0.1027919
-0.1480942 0.1716550 -0.0386808 0.5258679 -0.1630644 0.4502254 0.4360067 0.0000000 0.5282087 0.4020364 0.7578692 0.5334450 0.3750753 0.1851030 0.3744389 0.8017482 0.6156394 -0.1401033 0.8111389 -0.0890411 0.2204656 0.4344324 0.7571974 0.3690239 0.6073133 0.5986756 0.2591267 0.1916192 0.2983866 0.2561370 0.1156430 0.3537215 0.1474164 0.3115944 0.4542666 0.4246583 0.2247970 0.4795367 0.0016022 -0.0413007 0.0679486 0.4306336 0.3756394 0.0244312 0.4647078 0.5735037 0.3885091 0.1709607 0.0927352 0.5385433 0.3819508 -0.0939602 0.3252188 0.0604871 0.0338160 0.3283989 0.3447835 0.3224127 0.4332406 0.4484306 0.5448014 0.3263153 -0.1971251 0.2642383 0.3061496 0.3330604 0.6772087 0.0297584 0.2774575 0.6514984 0.5710524 0.6722548 0.3312621 0.1525424 0.5167453 0.4804249 0.4934957 0.6091724 0.4676859 -0.0148319 0.4619665 0.3649940 0.5548908 0.3373077 0.0809997 0.5941904 0.4593119 0.2807815 0.6837489 0.4929299 0.4393206 -0.3619450 0.2840665 0.4697808 0.6231813 -0.3651980 -0.4344633 0.3975590 0.6607365 0.7056595 0.6984372 0.5107472 0.2697856 0.6544344 0.1070225 0.3607707 0.3992094 0.2135375 0.4463552 0.4163832 0.3442345 0.0030669 0.3960540 0.3125782 0.2483677 0.2906688 0.2610732 0.1375937 0.2350799 0.2743060 0.0892939 0.0222113 0.1452418 0.1890140 0.2560722 0.4676943 0.1568354 0.3073425 0.3768307 0.0276884 0.3174547 0.4905779 0.2946587 0.2711678 0.2859895 0.2761586 0.1294588 0.3412554 0.2288379 0.5142783 0.1899735 0.4183486 0.0390065 -0.4166061 -0.0357968 0.1876215 -0.0061762 -0.1603296 -0.2297241 0.1952130 0.2904073 -0.1902795 0.0975975 -0.0026910 -0.2550321 -0.0607439 0.1040478 0.0215789 0.0689371 0.0765649 -0.2460696 0.4253193 0.0246489 -0.2525791 0.0332643 -0.3751884 -0.2478802 0.0974930 0.1208043 0.3717407 0.2473991 0.2377128 -0.0889195 -0.1162363 -0.1392683 -0.1926507 -0.2223554 -0.3095411 0.2585974 0.2835989 0.3526561 0.5335211 0.4894234 0.4933932 0.4759258 0.1213554 0.1374156 -0.3829787 0.4183835 0.5054833 0.3338804 0.3432215 -0.1201795 0.3453559 0.4089313 0.3034784 0.0778533 -0.1532039 -0.3637107 0.4019443 -0.6328020 -0.6186066 -0.6868049 -0.5496470 -0.4082898 -0.3929303 0.2369366 -0.0447041 -0.5435805 -0.7492735 -0.4130366 0.1346787 -0.3992759 -0.2184025 0.0623972 -0.0192207 -0.2104284 -0.4434123
-0.1692509 0.1535009 -0.3357894 0.7872559 -0.3879613 0.8362284 -0.1616669 0.5282087 0.0000000 0.8733366 0.6798484 0.0890873 -0.0518559 0.7049810 0.6647160 0.2696395 0.6938139 0.3962297 0.3146406 -0.3937867 0.2146691 0.1758809 0.3782938 0.6329882 0.4236145 0.3152663 0.6386824 0.3966635 0.5887119 0.4910163 -0.1251960 0.1506047 0.3211040 0.5984522 0.1448511 0.4916841 -0.0395665 0.1991897 0.3192526 0.0555410 -0.1312161 0.6397609 0.1716190 0.2121803 0.5828554 0.1819574 -0.0135006 -0.0700512 0.4714739 0.2921628 0.0509541 0.1921657 0.5743609 0.1368081 -0.3008768 -0.0606094 -0.0163720 0.6631093 0.5620169 0.1518318 0.5526590 0.3338450 -0.4253777 0.6825788 0.6495500 -0.0824861 0.2929945 0.4586158 -0.2288791 0.7097046 0.2430364 0.8988863 0.4406399 0.6154840 0.0593947 0.6491188 0.6023225 0.3721635 0.3846818 -0.1531615 0.2465350 0.5085409 0.5811763 0.4713611 0.5174635 0.4390809 0.2983486 0.2365902 0.4201614 0.4219290 0.0300244 -0.6157493 -0.0445478 0.5097544 0.1813016 -0.5309508 -0.4485693 0.1749558 0.4611010 0.5988655 0.6126153 0.2359061 0.2693449 0.6676878 -0.1466764 0.1422313 0.3642000 0.4254512 0.1831192 0.4770951 0.2492090 0.2602115 0.5214541 0.1451196 0.1674757 0.3564247 0.0315291 0.0255284 0.1269270 0.0104414 -0.2221362 -0.1690817 0.1801762 -0.1913265 0.0375161 0.2245453 -0.0336076 0.0622586 0.2699868 0.0028361 0.1170208 0.3324827 0.1320353 0.4252608 0.3314067 0.2131781 0.1523778 0.1998881 -0.0674682 0.4090085 0.3510927 0.3260618 0.1655647 -0.2008541 -0.0802771 0.4008528 0.0694732 0.0304724 0.2963831 0.4565684 0.5845917 -0.2473694 0.1951970 0.3357808 0.0044888 0.0389228 0.2191343 0.2761372 0.2736192 0.2935866 0.2961022 0.4746417 0.0541269 -0.0810711 0.4363558 -0.1104333 -0.2445312 0.4237298 0.0128519 0.2371883 0.4173177 0.4332839 0.1437519 0.0586678 -0.4430597 -0.5049713 -0.4542117 -0.1926502 0.2369226 0.2163946 0.4970806 0.5864604 0.4841225 0.4765869 0.4204695 0.4857940 0.2706293 -0.2882750 0.4714148 0.5509096 0.1106943 0.3896992 -0.3366207 0.2155080 0.1888225 0.0098047 -0.1034161 -0.4557099 -0.4738500 0.0149403 -0.4987669 -0.2526742 -0.3942802 -0.3421342 -0.2423702 -0.2842714 -0.0495625 -0.3304563 -0.2994274 -0.3872763 -0.0919056 0.0762491 -0.3093794 -0.3542160 -0.3756368 -0.1147677 0.3868093 -0.3901746
-0.1398010 0.1477697 -0.0447086 0.6525389 -0.1301024 0.8001725 -0.3489531 0.4020364 0.8733366 0.0000000 0.6358347 -0.0289899 0.0663717 0.8847837 0.7741684 0.0911996 0.6448802 0.2839509 0.1692931 -0.2172280 0.3334956 -0.1727036 0.3328356 0.4610762 0.2073567 0.1663523 0.7231834 0.4422734 0.4674487 0.5328443 -0.4178040 0.1440961 0.2198801 0.4079874 0.1282700 0.4468892 0.0369786 0.0803009 0.4891887 -0.0090920 -0.2695688 0.4787547 0.2648636 0.1586205 0.4046949 0.0881974 -0.0204931 -0.0381238 0.3709283 0.1245125 -0.0016701 0.3433385 0.4209187 0.2043885 -0.1598342 -0.1241725 -0.0201342 0.5419661 0.3282972 0.0874066 0.3722955 0.3567684 -0.2609851 0.5864691 0.5312668 -0.1263735 0.0624475 0.5736567 -0.3003910 0.5395150 0.0619924 0.7722128 0.3158818 0.6759038 -0.0975473 0.5271121 0.6092052 0.1448530 0.2051284 -0.0625073 0.0392153 0.6808836 0.5972679 0.5075478 0.5064975 0.3318737 0.4832877 0.2093895 0.3094487 0.3385085 0.1240663 -0.4734359 -0.0740931 0.3901218 0.2053044 -0.2239164 -0.2681352 0.0596138 0.2919768 0.4919836 0.4334511 0.1839159 0.2646725 0.5746168 0.0081432 0.2654056 0.2866989 0.4392986 0.0468753 0.1853668 0.2688872 0.2088179 0.3225911 0.0681924 0.0611757 0.2149462 -0.0609824 -0.0865616 0.0501925 -0.2962926 -0.4372939 -0.3184737 0.2349291 -0.3102170 -0.1636974 -0.1061195 -0.3035849 -0.0813441 -0.0226389 -0.2803020 -0.0761062 0.1431419 -0.1533301 0.4516543 0.0883910 0.2038708 0.0138301 0.1043621 -0.0924402 0.1462321 0.2312458 0.1231273 0.0391947 0.0808076 -0.0172273 0.5227510 0.1657665 0.1373222 0.1606489 0.3328892 0.6055042 -0.0719317 0.2972447 0.4001286 0.0570161 0.2701937 0.1961903 0.3065016 0.2382466 0.4847457 0.4091735 0.5045792 0.2580085 0.1105939 0.5548614 0.0111430 -0.2511402 0.3066518 -0.1222707 0.2677197 0.5108951 0.4376338 -0.0801756 -0.0498741 -0.4533847 -0.3821029 -0.3110911 0.0244866 0.4278490 0.3744735 0.4720874 0.5202866 0.2968410 0.3296569 0.2161160 0.3488678 0.2943393 -0.0522113 0.5642164 0.5211243 -0.2702777 0.3592449 -0.1268592 -0.0762702 -0.1373738 -0.2476367 -0.0867778 -0.2241285 -0.2984673 -0.2578969 -0.4887825 -0.2697684 -0.2429929 -0.3913092 0.0866639 0.0165600 -0.1903742 -0.4843856 -0.4596084 -0.3375004 -0.0097882 -0.1263748 0.0188443 -0.0767227 -0.1903621 -0.1962351 0.4272476 -0.4089358
-0.2206750 0.1590345 -0.0530944 0.5474954 -0.1433383 0.5788034 0.0918691 0.7578692 0.6798484 0.6358347 0.0000000 0.1694646 0.3327156 0.4078111 0.3975910 0.7418995 0.8542752 -0.1557127 0.6247968 -0.1751659 -0.0211698 0.4170011 0.7532814 0.2064693 0.6864939 0.7173535 0.4988900 0.0528366 0.2355939 0.2992293 0.0357215 0.5049916 -0.0735948 0.2428637 0.4997781 0.2980000 0.4977003 0.5966726 0.0328372 -0.2312732 0.3011767 0.4218622 0.4985294 -0.1645142 0.5230767 0.5377206 0.4998653 0.3432846 0.0936825 0.5245436 0.3954120 -0.0372862 0.3666956 -0.0711785 0.0703470 0.3199804 0.5330238 0.3947005 0.5002938 0.5428003 0.6025202 0.4107981 -0.1195895 0.3782589 0.5108619 0.5144618 0.6934145 0.2043173 0.2406652 0.7321527 0.7080779 0.8285269 0.3972804 0.2976518 0.5608211 0.6500049 0.6238110 0.7270346 0.4946465 0.1154693 0.5075215 0.4799273 0.5852610 0.4647177 0.2995013 0.5007694 0.2514108 0.4158314 0.5035681 0.4475740 0.3035265 -0.3063274 0.1906193 0.3623905 0.4574830 -0.2719475 -0.4957419 0.2638575 0.4924857 0.7087850 0.6186979 0.3743363 0.2751049 0.6662259 0.0385349 0.4457225 0.3283995 0.4102285 0.2321279 0.2718370 0.2665193 0.0717229 0.4847411 0.2981873 0.2301331 0.4165630 0.2350500 0.1392594 0.1658866 0.1824021 0.0395032 0.0810285 0.1888352 -0.0224516 0.2060937 0.3916714 0.1952445 0.0268864 0.3465895 -0.0200317 0.2638096 0.3850722 0.3479574 0.1574640 0.4422698 0.2549630 0.2230406 0.3633955 0.2131518 0.6025007 0.2894550 0.5347492 0.2213869 -0.0604186 0.1100975 0.3698000 0.2102787 0.1370615 0.0435769 0.4621874 0.5642610 -0.0548013 0.2656979 0.2331559 -0.0349995 0.1058415 0.2919630 0.1448871 0.2909395 0.3373059 0.1796309 0.5042201 0.0086883 -0.0189464 0.2823272 -0.1160998 -0.3302747 0.0826277 -0.0790734 0.2332461 0.1719012 0.1802518 0.0341981 -0.0138383 -0.3620354 -0.4520894 -0.4858106 -0.2836087 0.0393982 0.2007112 0.3423350 0.5214303 0.4778058 0.3878810 0.4491572 0.2692256 0.2444175 -0.2285029 0.5742381 0.5775279 0.1554133 0.2425148 -0.2264649 0.3345626 0.3519623 0.2111006 0.1032395 -0.2255873 -0.3674978 0.2813629 -0.4281254 -0.4104063 -0.6197666 -0.4778564 -0.1398491 -0.0852314 0.2488866 -0.1877693 -0.3414334 -0.5330612 -0.3079876 0.3056393 -0.1636379 -0.0818520 0.0508837 -0.1170568 0.0437272 -0.2458358
0.4661182 0.7037173 0.2318481 0.1640585 0.1908973 0.3237612 0.8212335 0.5334450 0.0890873 -0.0289899 0.1694646 0.0000000 0.4802780 -0.2036786 0.1455553 0.4408495 0.2078312 -0.0755993 0.5344815 0.2459588 0.5996227 0.3885440 0.3799320 0.3535161 0.3666551 0.2518724 -0.3743468 -0.0042541 0.4516363 -0.1709048 0.3713825 0.2094522 0.1287035 0.2349124 0.1106536 0.5686292 -0.0005918 0.3934348 -0.1510155 -0.0000379 0.1764584 0.4629475 0.0216862 -0.0291216 0.2427898 0.4969640 0.1637802 0.2765814 -0.1147658 0.2978385 0.1387500 -0.3022563 0.0574615 -0.1558169 0.3452764 0.4377057 0.0796245 -0.0725773 0.4086068 0.0819207 0.2613917 -0.1236867 0.2484103 -0.0728307 -0.0043428 0.2919660 0.2503374 -0.3577455 0.5338831 0.2537554 0.2611534 0.2812866 0.0511191 0.2476461 0.4152019 0.2763073 0.3897128 0.3681021 0.4560201 0.2778129 0.4313662 0.0559842 0.2512022 0.3756113 0.1895250 0.5342597 0.2515861 0.2859763 0.5546566 0.3498251 0.2610994 -0.1872050 0.1492127 0.1690229 0.4596693 -0.0990679 -0.1613564 0.3188130 0.4887117 0.4696273 0.4291842 0.2404494 0.2992228 0.3379660 0.2151141 0.1561675 0.2987574 0.1296961 0.3353152 0.3336319 0.3201564 -0.0024445 0.0722532 0.3225655 0.4389027 0.1887941 0.4385903 0.3651265 0.5060718 0.4031341 0.2511097 0.1860789 -0.1047286 0.4848892 0.1679597 0.3182392 0.1145368 0.0085932 0.0788820 0.1092780 0.0036252 0.3014117 0.1396649 0.1793515 0.1489796 0.0563403 -0.1602031 -0.0008854 -0.1159740 0.2533594 0.0511962 0.0409862 0.1283162 -0.1418055 -0.2041392 -0.0196619 -0.3250159 -0.2804632 -0.2163625 0.0642808 0.1039453 0.0405522 -0.2002130 -0.0222265 -0.1795639 0.1736059 0.0530490 0.1671646 0.1073263 0.0536362 -0.0487763 0.1915360 0.1536791 -0.3820203 0.0642699 -0.0496563 0.0787416 -0.1106036 0.0105249 0.3000648 0.0886347 -0.0043986 0.1537796 0.2225260 0.5351501 0.3025967 0.1867657 -0.2336306 0.4479359 0.5099266 0.3060340 0.5199651 0.6010222 0.6086924 0.5929538 0.1896563 0.3421576 0.0357771 0.3805336 0.5588556 0.4638486 0.5259941 0.2989924 -0.0131725 0.3464421 0.2242728 0.4011678 -0.0206859 0.0368620 0.5620059 -0.1578377 -0.4514881 -0.1939672 -0.0101034 -0.2722157 -0.1614182 -0.0339668 0.3854023 -0.1857566 -0.5152018 -0.2320814 0.1250912 -0.1306491 0.1145512 0.1620777 0.3977132 -0.3680557 -0.2447747
0.3906949 0.6040585 0.7568113 -0.3076009 0.7357938 0.0810645 0.4387250 0.3750753 -0.0518559 0.0663717 0.3327156 0.4802780 0.0000000 -0.1027280 0.0563159 0.3727805 0.2346962 -0.4233631 0.4940362 0.7294524 0.1572806 0.2126973 0.4722579 -0.1032987 0.4385306 0.4506815 -0.1010119 -0.1970258 0.0828062 -0.1826964 0.1990216 0.6373710 -0.3486217 -0.1700045 0.4265576 0.2237024 0.6281765 0.6880449 0.0520189 -0.2221368 0.5575418 0.1616136 0.4698221 -0.4498295 0.1068989 0.5701882 0.5350860 0.8002043 -0.4996940 0.5641662 0.4428198 -0.1238844 -0.2063339 -0.2328630 0.8501148 0.6719818 0.5253732 -0.3343956 0.1422051 0.4134886 0.1360420 0.0207949 0.7381140 -0.3168224 -0.2278495 0.6033657 0.2911989 -0.1794060 0.5990123 0.1844468 0.4419462 0.2161831 0.1511979 0.2136776 0.5227547 0.3940114 0.5634378 0.4893952 0.5638323 0.6142177 0.3194786 0.2301730 0.3029836 0.3995281 0.2332399 0.4112153 0.3652320 0.1749592 0.3550718 0.2674677 0.3034201 0.1201808 -0.0081444 -0.1974580 0.3870248 0.2532156 -0.0080763 0.0043733 0.2185396 0.4144434 0.2824752 -0.0567086 0.2130990 0.3352560 0.2995272 0.3155989 0.0593787 0.0973941 -0.0028906 -0.3054170 0.1966124 -0.4571973 0.0616668 0.3073720 0.3810064 0.1580099 0.3556309 0.3204455 0.4436803 0.0532380 0.0618201 0.0952397 -0.3632910 0.2189403 -0.2133408 -0.1096710 0.0022305 -0.3013898 -0.2953082 -0.2130573 -0.2412163 0.0712785 -0.0745449 0.2459687 -0.1128118 -0.1390557 -0.2060873 -0.1791739 -0.1389069 0.1275375 -0.3774931 -0.0320210 -0.0862558 0.2109855 -0.0099552 0.0367738 -0.1738709 -0.0791226 -0.5772846 0.0890791 0.1301771 0.2477927 -0.0655858 -0.2627579 -0.3333299 0.1827870 0.0004041 0.0372542 0.0892560 0.0684688 -0.0025246 0.1424243 0.0737167 -0.2798181 0.0055145 -0.0155713 -0.3733510 -0.3611360 -0.2156592 0.1128594 -0.0654104 -0.1732290 0.0434458 -0.0593294 0.3845993 0.2773460 -0.0494937 -0.3894832 0.0040048 0.2635534 -0.0422433 0.1097589 0.2519619 0.1177753 0.2765325 -0.1780850 0.5432738 0.4641703 0.5806515 0.3283722 -0.0189091 0.3272284 0.1654156 -0.4335318 -0.1128590 -0.1069532 0.1198349 -0.0731707 0.0693611 0.1964914 -0.0598756 -0.2634023 -0.1222517 -0.0391497 0.3624440 0.2899095 -0.2065776 0.1938186 -0.1374922 -0.3986053 -0.2063683 -0.1815146 0.4081925 0.4545279 0.1942603 0.4341883 -0.3712807 -0.1441795
-0.2587521 0.0176250 -0.1500368 0.5514268 -0.2280399 0.6864177 -0.4717944 0.1851030 0.7049810 0.8847837 0.4078111 -0.2036786 -0.1027280 0.0000000 0.6798931 -0.0379317 0.5087359 0.3325349 -0.0343071 -0.1974938 0.2876824 -0.3072803 0.2269538 0.4854137 0.0131090 0.0504528 0.8343551 0.6722725 0.3581048 0.7401523 -0.4169478 -0.0467058 0.4340643 0.4076066 0.1568494 0.3653478 -0.1007781 -0.1998081 0.5624640 0.2890216 -0.4880287 0.3235515 0.2969723 0.4712605 0.1934052 -0.1150397 -0.1351902 -0.3008251 0.5470466 -0.0965651 0.0266999 0.5847559 0.3449660 0.5025919 -0.3636487 -0.3389148 -0.1985478 0.5756586 0.0498328 -0.0125929 0.1652154 0.4719957 -0.3963038 0.5728259 0.5119396 -0.4022407 -0.1347642 0.6605826 -0.4815084 0.3930685 -0.2526792 0.5470046 0.2317981 0.5443371 -0.4249608 0.3110912 0.3778406 -0.1406264 -0.0743723 -0.1992980 -0.1850579 0.6180518 0.5037689 0.4283687 0.3840626 0.2087378 0.4873910 0.0516712 0.2243670 0.2490933 0.2140108 -0.2858960 0.0333509 0.3749890 0.2568152 -0.0183621 -0.0233049 0.1107596 0.2300556 0.2712500 0.2959840 0.2119029 0.2546615 0.4200170 0.1801703 0.3080079 0.2660147 0.4130284 0.1679582 0.0484842 0.3922718 0.3167468 0.1081421 -0.1464433 -0.0563035 0.0386208 -0.2324656 -0.1057820 -0.0874821 -0.2914682 -0.3829020 -0.3871415 0.3418058 -0.3022754 -0.0492059 -0.2994240 -0.3957338 0.0946449 -0.0087569 -0.2231864 0.0003637 0.0523748 -0.1739737 0.4465609 -0.0702883 0.4109493 0.0706569 0.1957446 0.0433984 -0.0573248 0.2422669 0.0386336 -0.0094172 0.1533009 0.0048179 0.5874448 0.2606129 0.1649274 0.1976945 0.2104321 0.5430974 0.0097879 0.4299772 0.4970306 0.2961884 0.4105524 0.2157280 0.3130830 0.1918811 0.5577478 0.4462915 0.4406902 0.4870561 0.3321278 0.5965559 0.2327853 -0.0123068 0.3425763 -0.0603139 0.2688859 0.5773422 0.4427452 -0.2893278 -0.1765751 -0.5979531 -0.4301175 -0.2986334 0.0855356 0.4368949 0.3464190 0.4627792 0.4467121 0.0778202 0.2673208 -0.0230282 0.3293085 0.1540493 0.0074117 0.3552491 0.3198602 -0.3504266 0.2080230 -0.0783620 -0.1886286 -0.3607993 -0.4935067 -0.2745633 -0.1165733 -0.3240493 -0.5459703 -0.3306871 -0.1167505 -0.0586588 -0.2703736 0.1349514 -0.0748701 -0.3172872 -0.3881396 -0.3149151 -0.1592739 0.2531418 -0.2150058 0.0158470 -0.1609538 -0.2874502 -0.1169576 0.6947197 -0.2529563
0.1958334 0.2771161 0.0615910 0.5523092 -0.0095635 0.6821897 -0.2179905 0.3744389 0.6647160 0.7741684 0.3975910 0.1455553 0.0563159 0.6798931 0.0000000 0.0224872 0.5228020 0.3015991 0.2965878 -0.1042145 0.6063945 -0.3640476 0.2090671 0.4113462 0.1563081 0.1373751 0.5210393 0.4233188 0.5716313 0.3321699 -0.5378063 0.1518357 0.2317854 0.3815302 0.1528157 0.6422984 0.0066353 0.0556852 0.4265014 0.0209691 -0.3793708 0.6184240 0.2903563 0.1927340 0.4971795 0.1968436 0.0642732 -0.0662746 0.2965161 0.1424250 0.0955962 0.3444451 0.4008503 0.0884625 -0.1257016 0.0042601 0.0109513 0.3063364 0.3831667 0.1937379 0.4324563 0.2003426 -0.2271987 0.3670550 0.3591259 -0.1596656 0.0765958 0.2348793 -0.2586024 0.3946920 0.0163680 0.5628365 0.2111030 0.5358814 -0.1106430 0.4289621 0.5068730 0.0463510 0.2414013 -0.0221424 0.0447794 0.7653389 0.4615354 0.4183704 0.4177317 0.1890125 0.5776873 0.3394991 0.2728028 0.3214923 0.1233777 -0.4646586 -0.1252383 0.6249265 0.1301518 -0.0867620 -0.0656972 -0.0022317 0.1777037 0.4215176 0.3073728 0.1367383 0.1683432 0.4132305 0.0021210 0.0736006 0.2169918 0.3171849 0.0118558 0.1713592 0.1062514 0.2228074 0.1622056 0.1572112 0.1796494 0.1246309 0.1759748 0.1186335 0.3037897 -0.2744629 -0.3923852 -0.2546173 0.3066362 0.0023513 -0.2011363 -0.1311819 -0.4957819 0.1056443 -0.1306842 -0.3168818 -0.1694215 0.1041866 -0.3821364 0.5633461 -0.2702006 0.1080556 -0.1771064 0.0371683 -0.0929941 0.0202061 0.0818249 -0.0558324 0.0137102 0.0327778 -0.2170612 0.4088462 0.0116712 0.0099905 -0.0736243 0.1694308 0.4257441 -0.1314215 0.1280979 0.1987662 0.1143632 0.3903131 0.3013430 0.1680651 0.2540770 0.4399455 0.3592266 0.4579729 0.3815021 0.1724393 0.5331037 0.0854826 -0.2130552 0.2941200 0.0510768 0.4709032 0.6336333 0.5675580 -0.0345140 0.0457852 -0.2309953 -0.1264284 -0.0407784 0.2159868 0.6852850 0.6715633 0.5732993 0.5765070 0.4430133 0.4323327 0.3049174 0.3164080 0.2265753 -0.0737609 0.4499716 0.4327453 -0.3590713 0.3365341 -0.2048229 -0.1089290 -0.1689859 -0.2512944 -0.0933727 -0.2518429 -0.1616162 -0.2408464 -0.5087173 -0.3845636 -0.2266187 -0.4532198 0.0909502 0.0297176 -0.1895116 -0.4832028 -0.6799732 -0.4089551 -0.1248301 -0.1515254 0.0483971 0.0881611 0.0725265 -0.2929754 0.3746425 -0.2996260
-0.1976462 0.2389462 -0.0777913 0.3016351 -0.1444053 0.2313993 0.5577472 0.8017482 0.2696395 0.0911996 0.7418995 0.4408495 0.3727805 -0.0379317 0.0224872 0.0000000 0.6925867 -0.4136825 0.7830260 -0.0270648 -0.1120168 0.6539125 0.8497359 0.1493153 0.7638352 0.8290488 0.1553415 -0.0464191 0.0379568 0.1490864 0.3991380 0.4719889 -0.0028823 0.1485849 0.6254583 0.1937413 0.4610834 0.6391369 -0.2070633 -0.0330307 0.4255705 0.2620248 0.4762814 -0.0471786 0.3420842 0.6605257 0.6014452 0.3184147 0.0480766 0.6108283 0.5879024 -0.1362330 0.1824185 -0.0349232 0.1027761 0.4796874 0.5770051 0.2499381 0.4215651 0.6011330 0.5290846 0.3458963 -0.0946911 0.1000330 0.2364626 0.5832301 0.8444632 -0.1525690 0.5349975 0.5818750 0.7534864 0.5053454 0.3762248 -0.1074345 0.6839017 0.4557512 0.3476388 0.8067603 0.4812859 0.0462073 0.5760985 0.2221478 0.4625416 0.3697438 0.0554073 0.5569364 0.1292337 0.2921158 0.6070629 0.4286201 0.4361543 -0.0652870 0.4775338 0.2915182 0.5848340 -0.2261787 -0.3400542 0.4763413 0.5589362 0.5652674 0.6352698 0.4971590 0.2652849 0.5667492 0.2294103 0.3637164 0.3633499 0.2205166 0.5189615 0.3321288 0.3547761 0.1263998 0.3478766 0.3157557 0.3763275 0.3413695 0.3902911 0.3952462 0.2722853 0.6527447 0.5038961 0.3509697 0.1452149 0.4071174 0.6273250 0.5991610 0.4560764 0.3309032 0.6415415 0.3697109 0.5802069 0.6426556 0.6434202 -0.0059779 0.5134342 0.4342757 0.4073551 0.5848995 0.4859506 0.7223341 0.3606457 0.6849348 0.2062469 -0.2425149 0.2029163 0.2363744 0.2358460 0.0721447 -0.0987063 0.4108669 0.3977681 0.0841149 0.2863486 0.1548759 0.0209943 0.1122836 0.2798740 0.1645894 0.2247232 0.1756453 -0.0832717 0.4496429 0.0860107 -0.0900511 0.0782129 -0.0258797 -0.0010798 0.0521306 0.1026630 0.2636916 0.0581879 0.0561961 -0.0336987 -0.0693794 -0.1039621 -0.2770457 -0.3187034 -0.4143069 -0.0398069 0.1226637 0.3322245 0.4717868 0.4548204 0.4580140 0.4732529 0.0996398 0.1395760 -0.2264564 0.3272157 0.4046926 0.5379298 0.0661064 -0.1817576 0.4892501 0.5635384 0.4050810 0.1747473 -0.1173991 -0.4010808 0.5309077 -0.2546206 -0.3498793 -0.6043025 -0.2030868 -0.3528354 -0.2942784 0.4433418 0.1728094 -0.1358950 -0.4860717 -0.2582411 0.3418256 -0.3362226 -0.1935067 0.0762153 0.1266218 -0.1143835 -0.0548611
-0.2237552 0.3158847 -0.1138401 0.6064829 -0.1731715 0.6123418 0.1043537 0.6156394 0.6938139 0.6448802 0.8542752 0.2078312 0.2346962 0.5087359 0.5228020 0.6925867 0.0000000 -0.0226345 0.5717975 -0.2490549 0.1194754 0.2765464 0.7552565 0.3626023 0.6858592 0.7116456 0.5652102 0.1498056 0.3572550 0.3346481 -0.0684834 0.4302083 0.0944959 0.3765156 0.5221080 0.4598619 0.3479367 0.5079713 0.2273903 -0.0476125 0.2069510 0.5638243 0.5122769 0.0192063 0.6018296 0.4705983 0.3855714 0.1997436 0.3260697 0.5034190 0.4204893 0.1558827 0.4745029 -0.0050430 -0.0560231 0.2409010 0.3768736 0.4871605 0.6675620 0.4818294 0.7438465 0.4371536 -0.1657471 0.4744109 0.6059355 0.3401378 0.6054280 0.2208823 0.1531887 0.7159458 0.5847970 0.7765309 0.5248524 0.4280568 0.4374840 0.7345839 0.6794649 0.6789177 0.5541102 0.0389529 0.4341475 0.6778157 0.6446735 0.7068151 0.5424639 0.5795223 0.3076071 0.4212064 0.5236202 0.5154270 0.2856562 -0.2682935 0.3522238 0.5458241 0.3956113 -0.1926711 -0.3029618 0.3821176 0.4939401 0.6384921 0.6856984 0.4316121 0.4656910 0.8202142 0.1962307 0.4214087 0.4889590 0.4892871 0.3851072 0.2882251 0.3986321 0.4067699 0.4285565 0.3697069 0.5152848 0.3913878 0.4392917 0.4638285 0.4125587 0.4017740 0.2210505 0.2199273 0.3086387 0.2925668 0.4749278 0.3588158 0.1821997 0.1688286 0.5069786 0.1704630 0.4119031 0.5680439 0.4518896 0.1659900 0.4122063 0.4507777 0.3465178 0.5803353 0.3022617 0.6928746 0.4965678 0.6417128 0.2351323 0.0396284 0.1996366 0.5497636 0.3911228 0.2668582 0.1577944 0.6929253 0.8448519 0.1028914 0.5208654 0.5541573 0.3457203 0.3930373 0.5315983 0.4826032 0.4646035 0.6470664 0.5056003 0.7610219 0.3435785 0.2354969 0.6364768 0.2056107 -0.0232218 0.3501783 -0.0213205 0.4377039 0.4734254 0.4158711 -0.0479318 -0.0989187 -0.3883789 -0.4984985 -0.4530059 -0.2302278 0.2207720 0.4194316 0.6768498 0.7713843 0.6444079 0.6401160 0.6107821 0.4255820 0.4310271 -0.0180588 0.6490896 0.6624066 0.1930656 0.1621562 -0.3054673 0.3153256 0.3329644 0.0804711 0.0537943 -0.2623608 -0.4359226 0.2079573 -0.3322398 -0.3427411 -0.5652723 -0.2451973 -0.0189649 -0.0711903 0.1813939 -0.2851490 -0.2909103 -0.4394623 -0.2184797 0.2153118 -0.0771811 -0.0555975 -0.0760752 -0.1154953 0.3475390 -0.1999927
