0.0000000 0.4571240 0.5103323 0.2774238 0.1000921 0.2075117 0.0149666 0.1832771 0.3116332 0.3481878 0.2444102 0.1148564 0.4678560 -0.0860974 0.3988949 0.0802602 0.2234466 -0.0281095 0.1028552 0.6016288 -0.1227125 -0.0929863 0.3064523 0.1891598 0.3663866 0.1646789 0.0507215 0.0555529 0.2791121 0.0912350 0.2462230 0.4666085 -0.1067483 0.3239058 0.0256757 -0.1818238 0.2588227 0.3457268 -0.1718181 0.0723037 0.5987410 0.0740709 -0.0438341 -0.1057665 0.1371615 0.3709755 0.2579296 0.5457921 -0.1810691 -0.0523722 0.1237484 0.0156480 0.2723393 -0.1554982 0.5707875 0.2580044 0.3123560 -0.1151593 0.0165877 0.2019219 -0.0329799 -0.4342261 0.2023263 0.3614453 0.3526995 0.4111142 0.0614304 -0.2076353 -0.1755839 0.0864265 0.4006590 0.2982750 0.0123720 0.1994372 0.1007006 -0.0399656 0.1851899 0.2109592 0.0475387 0.1141921 0.1244205 0.4466307 0.2712277 0.3201418 0.3124861 -0.1939294 -0.2786561 0.3732856 -0.0142351 0.0962548 -0.1090804 -0.3243415 -0.3736458 0.5204099 0.3028885 -0.1089901 -0.1653602 -0.3992523 0.5586785 -0.0400203 0.3007403 0.0238816 0.0991636 0.2693852 -0.1683664 0.1088489 0.3622126 0.2312791 -0.0077941 0.4751519 0.3690567 0.2009042 0.0275829 0.2840446 0.1381448 -0.1552766 0.0782979 0.0914319 -0.0684288 -0.1674547 0.0976539 -0.0231961 0.1378294 0.1020966 -0.0413979 -0.0075200 -0.3627573 0.1264592 -0.0775855 0.1743139 0.1308012 0.2268897 -0.0198805 0.3083983 -0.0364600 0.0864942 0.2245469 0.1183675 0.1568808 -0.3650495 -0.1877115 0.1247917 -0.1919655 -0.1318941 0.0991225 -0.0554491 0.1083716 0.0614494 -0.2427548 -0.0997133 -0.0991103 -0.2042240 -0.0198459 -0.1352836 -0.3527520 -0.3919169 -0.4583960 -0.0636274 -0.1631102 -0.2896133 -0.3065379 -0.2417540 -0.3316510 -0.1098893 0.0173217 -0.1407333 0.0500123 -0.0188722 -0.1240364 -0.0520778 0.0215147 0.0409887 0.7436716 -0.0068085 0.4546004 0.1590201 -0.2541592 -0.3107660 -0.2382052 -0.2322596 -0.0079740 0.0044662 0.0468277 0.0318515 0.0436941 0.1384001 0.2025109 0.1596022 0.0376420 -0.1048200 -0.3049199 0.0662094 -0.0951130 -0.4411977 -0.3595544 -0.3881982 -0.3711359 -0.3292613 -0.0865634 0.0548366 -0.0945491 0.2492907 -0.1495250 -0.0212108 0.3909674 0.0929833 0.1220741 -0.1906104 -0.1499152 -0.3621532 0.1523386 -0.6149600 -0.3588675 -0.3807435 -0.4301107 -0.0746366 -0.0394687 -0.0147320
0.4571240 0.0000000 0.7971114 0.8747615 0.3793369 0.7679554 0.3078712 0.7591465 0.7000031 0.6469893 0.7418650 0.5308888 0.8591302 0.2530339 0.5327460 0.3520046 0.4614979 0.2530046 0.4043432 0.2303681 0.3877863 0.1301130 0.5444300 0.2672906 0.3589299 0.2997991 0.2700438 0.1231748 0.4884650 0.2308430 0.1167841 0.4240240 -0.1801612 0.4211567 0.1830838 0.4906135 0.2162823 0.4260947 0.0015141 0.0762083 0.4560424 0.7073405 0.2358675 -0.2630155 0.5801522 0.2789015 0.2804041 0.4066680 -0.3010544 -0.1834937 0.2472876 0.2249403 0.4148107 0.0051097 0.5091534 0.2584383 0.4584091 0.0231908 0.6104108 0.3480390 0.5796874 -0.1791744 0.6022999 0.4721425 0.6340019 0.5604353 0.2642787 0.1772017 0.1051157 0.4333452 0.1458554 0.5921686 0.3277305 0.7260387 0.0143256 0.1163058 0.6528113 0.0122113 0.0787287 0.3081694 0.0312060 0.2320372 0.2170916 0.4779351 0.0617525 -0.1428101 -0.1127069 -0.0815969 0.0267473 -0.1111135 0.2380293 0.1043974 -0.0249188 0.1011100 -0.0293119 -0.0672024 0.2480005 -0.0495027 -0.0690929 -0.2093315 -0.0078450 0.0335642 0.1468892 -0.2528219 0.2159778 -0.0369505 0.2969974 0.3725588 0.2859260 0.4507435 0.2587908 0.2713134 0.2929764 0.3386506 0.2194327 -0.0295364 0.2977787 0.3901448 0.0234696 0.3388334 0.4103132 -0.0362274 0.0816676 0.3671680 0.3379974 0.3263921 -0.4861083 0.0512906 0.3546510 -0.1144607 0.2261802 -0.0090497 -0.1972453 0.2730450 -0.2950319 0.2096698 0.3298536 0.4102776 0.3113924 0.3057137 -0.0632711 0.4304321 -0.1870384 0.3749507 0.4124190 -0.0779700 0.3960954 0.3443510 -0.2983626 0.2689321 0.2042443 0.4148811 0.4415912 -0.0218195 -0.3844712 0.3680261 -0.2203550 0.3844523 -0.2573909 0.2005352 -0.2403991 0.3147867 0.2903113 0.1561019 0.2650533 0.3876839 0.2710452 -0.1127120 -0.0599739 0.3401416 0.2933359 0.0404581 0.4402847 0.1688755 0.8084433 0.6113393 0.3076392 0.1961824 0.2526931 0.2658343 0.0827758 0.4062333 0.5183588 0.4284515 0.5095962 0.7003160 0.6555247 0.6414310 0.6218680 0.5529946 0.1406253 0.2008758 0.1012600 -0.0733861 0.1680080 -0.1254735 0.0179773 -0.2216467 0.1770194 0.2628984 0.3075202 0.7388367 0.0992841 0.4451272 0.4606459 0.4029125 0.4256405 0.2385115 -0.3041744 0.2153830 0.1649674 -0.3033642 0.1106916 0.1404055 -0.1559603 0.2506019 0.0788198 0.4185643
0.5103323 0.7971114 0.0000000 0.5354302 0.5594326 0.3872720 0.1740771 0.4952105 0.3287383 0.4360932 0.3898977 0.4665314 0.8645427 -0.1875191 0.3031659 0.0325237 0.2516523 -0.0430493 0.1292172 0.4987464 0.2136855 -0.1186235 0.1988279 -0.0828390 0.1865562 0.0812517 0.2277696 0.0504502 0.1418656 0.1895498 0.1290304 0.5459598 -0.2758800 0.3349902 0.1937305 0.2216788 0.1883529 0.4795972 0.1255530 0.0332600 0.4914142 0.2861623 0.2827012 -0.0573745 0.2751623 0.3784101 0.2070506 0.4993508 -0.2511332 -0.1456129 0.2471539 0.3071864 0.1479455 0.2412313 0.6621713 0.4507608 0.3653274 0.2198253 0.2197381 0.3163586 0.2349235 -0.1446912 0.7379211 0.2924415 0.2794086 0.3918333 0.2003904 0.0142846 0.1447164 0.2152362 0.0822616 0.4146188 0.0449979 0.4385381 0.0305724 -0.0382886 0.4102395 0.0592421 -0.0815355 0.2179316 -0.0356285 -0.0213714 0.1072775 0.3033600 -0.0028436 -0.1735676 -0.2452810 0.2477447 -0.1470034 0.0902423 -0.1644680 -0.1339154 -0.2743693 0.3853712 -0.0053320 -0.1010874 0.2221324 -0.1858811 -0.0602827 -0.2684960 0.1936635 0.1014003 0.1003419 -0.1253088 -0.1202880 0.0485495 0.2562457 0.2000824 0.0227682 0.3056288 0.0460157 0.1328958 -0.0515854 0.1162244 -0.0485190 -0.2598979 -0.0514693 0.0899033 -0.2453126 0.0613137 0.1271300 -0.1487477 -0.0405220 -0.0417877 0.0683596 0.1332338 -0.3544330 -0.0662265 0.1356536 0.0096577 0.0853850 -0.0012204 -0.0883793 0.1782637 -0.1315079 0.1102154 0.1825222 0.1765609 0.1471312 -0.0716785 -0.2577506 0.1429485 0.0167497 0.1132183 0.1593384 -0.1018082 0.1499906 0.0909208 -0.2772190 0.0785195 0.0067865 0.1529466 0.1551137 -0.2539040 -0.3732179 -0.0234821 -0.2593747 0.1374418 -0.2262062 0.0211728 -0.3445472 0.0404726 -0.0554859 0.0427563 -0.0020922 0.1612544 0.1190811 -0.3214589 -0.4091095 0.0256863 -0.0189766 -0.2160681 0.5199439 0.1259583 0.7829567 0.6488450 0.3595567 0.2360626 0.2246927 0.1809191 0.1562995 0.1794651 0.0052290 -0.0761764 0.0793181 0.3215957 0.4039555 0.4373083 0.4686187 0.3852044 0.0875800 0.0947529 0.1378095 -0.0191840 -0.0015861 -0.1454844 -0.0503924 -0.0736651 0.1616714 0.1149766 0.3613198 0.7111382 0.0712081 0.3805322 0.5819186 0.5617885 0.2286929 0.2326810 -0.2853127 0.1246386 -0.0128336 -0.3323693 0.2147182 0.1161316 -0.1494203 0.2914480 0.0875582 0.5301840
0.2774238 0.8747615 0.5354302 0.0000000 0.0504699 0.8362758 0.3977455 0.9012953 0.6630440 0.5708459 0.8315756 0.4964953 0.7255711 0.4827501 0.4587218 0.6314111 0.4544420 0.4119850 0.6863511 -0.0771111 0.4261302 0.1201225 0.6918690 0.2012335 0.5245043 0.5366180 0.4418699 0.2457805 0.5424186 0.4000083 0.0873455 0.2309366 -0.2662561 0.2131727 0.3497138 0.5685876 0.3415056 0.2169460 0.0407265 0.0281534 0.1849678 0.7809061 0.3377103 -0.2835740 0.5853829 0.1683498 0.2827774 0.0933691 -0.3554862 -0.1522926 0.2685685 0.2117500 0.3602978 -0.0585307 0.2005059 0.0563617 0.4325391 -0.0570618 0.7562343 0.3777009 0.6845127 -0.0032044 0.3396966 0.5081397 0.5807836 0.3685871 0.3272939 0.3004628 0.0262324 0.5618497 0.1006722 0.5394152 0.5216295 0.7523986 -0.0931227 0.2441455 0.6689790 -0.0138324 0.1434878 0.3201748 0.0518824 0.3068166 0.2222314 0.4954175 0.0338995 -0.1186672 -0.0159639 -0.2832080 0.1145755 -0.2583275 0.3434190 0.1000154 0.1177783 -0.0422497 -0.1154970 -0.1827289 0.1246860 0.0959932 -0.1118661 -0.0317120 -0.1367760 -0.0710013 -0.0046418 -0.1889389 0.3614855 -0.1651195 0.1550698 0.2776633 0.3353218 0.4286739 0.2741447 0.2394173 0.4714496 0.3662380 0.3069398 0.1479389 0.4955868 0.4978692 0.2243717 0.4428412 0.5758459 0.1074617 0.1805808 0.5262280 0.4187655 0.4189360 -0.2494692 0.0814513 0.4865306 0.0159445 0.4269667 -0.1009465 -0.1008585 0.3831277 -0.4016250 0.2537022 0.4408613 0.5116519 0.4155863 0.5460678 0.1070173 0.5735177 -0.2677343 0.4913727 0.4572547 0.1291505 0.4734705 0.4260076 -0.2152715 0.3922736 0.2858335 0.5324808 0.5635311 0.2150037 -0.1885860 0.5759425 -0.0141300 0.4404076 -0.1861390 0.3117760 -0.1052507 0.4395868 0.3642147 0.1836025 0.3937820 0.4687488 0.3649270 0.0553013 0.2694266 0.4523719 0.4744613 0.2056591 0.2913095 0.0669601 0.7157202 0.5186279 0.2358527 0.1159473 0.1495717 0.2391962 -0.1073619 0.3811610 0.6853317 0.5748296 0.6395935 0.6861656 0.6054941 0.5565952 0.5998650 0.6212753 0.0748224 0.3262452 0.1200770 -0.1365682 0.3684278 0.0124200 0.1019051 -0.0563029 0.1834441 0.3126513 0.3739127 0.6798789 0.2509544 0.5338477 0.2977403 0.3151031 0.4889244 0.2035297 -0.1301084 0.2774238 0.3418071 -0.0875516 -0.0404746 0.2138239 0.0161470 0.1494291 0.0954286 0.2360957
0.1000921 0.3793369 0.5594326 0.0504699 0.0000000 0.2882867 0.3811009 -0.0537162 0.3030254 0.1904922 -0.0822176 0.5928195 0.4094738 -0.0840742 0.2536568 -0.4520681 -0.0278848 0.0303159 -0.5270833 0.1602925 0.5220709 0.2664046 -0.3335700 0.3019029 -0.4595002 -0.6064120 -0.0670372 0.0620550 0.2375754 -0.1655505 -0.1540175 0.2846394 0.3339973 0.6796820 -0.2210632 0.2739065 -0.2261736 0.4299924 -0.0112487 -0.0692405 0.3305130 0.2749659 -0.0734017 0.1336811 0.3833165 0.0661502 -0.2076766 0.5136542 0.3975955 -0.2771311 -0.1022252 0.0298628 0.4412360 0.1258851 0.5376510 0.3332200 0.0033247 0.4828846 0.2732753 -0.1373112 0.3493375 -0.2751448 0.6008707 0.1980259 0.2693439 0.3222668 -0.1405613 0.1141251 0.3214905 -0.1112454 -0.1077054 0.5123009 -0.2212625 0.3558110 0.1371671 -0.1651812 0.3672283 0.0085544 0.0402837 0.2150129 0.0264299 -0.2100846 -0.0697913 0.1208988 -0.1466361 -0.2613764 -0.3457604 0.2015602 -0.4582520 0.0457570 -0.3490399 -0.1175780 -0.2659387 0.1294772 -0.0477177 0.1091201 0.0725894 -0.2931996 -0.3280104 -0.1086133 -0.1903074 -0.1503138 0.2184100 -0.2266108 -0.4927718 0.0640933 -0.1832689 -0.0191864 -0.3708750 -0.2667028 -0.4640294 -0.3125595 -0.3009834 -0.3459570 -0.4402884 -0.4290835 -0.3011644 -0.2200874 -0.4307381 -0.0794912 -0.3370926 -0.3012291 -0.4119016 -0.4215380 -0.1987397 -0.3301547 -0.2137452 -0.5558380 -0.1956945 -0.2112449 -0.5315501 -0.3909681 -0.2149339 -0.3518971 0.0311403 -0.5418472 -0.4770197 -0.3088333 -0.4983884 -0.1591743 -0.6389330 -0.4077249 0.4507261 -0.3556737 -0.3866598 -0.6970212 -0.4136873 -0.4854624 0.0926926 -0.3708944 -0.3294879 -0.2985011 -0.3627757 -0.6319966 -0.2191639 -0.2421201 -0.3375557 -0.4002318 0.2785373 -0.2481550 -0.0408385 -0.3287777 -0.1996565 -0.2506049 -0.4297209 -0.2633718 -0.3809904 -0.0200370 -0.3887941 -0.3312491 0.0518437 0.0100368 0.0204507 0.0706659 0.3688401 0.6395967 0.6144386 0.5862302 0.4087718 0.2877357 0.3682185 0.1445161 0.1181314 0.0908581 0.2539609 0.3525176 0.4309633 0.3924501 0.5254242 0.5058561 0.2180191 0.2221284 0.4775022 0.3507674 0.0228809 0.2239662 -0.0653568 0.1148861 0.4150189 -0.3342545 0.2426412 0.2277823 -0.1436056 0.0436825 0.4059936 0.4121132 -0.2391140 0.4473506 -0.5217688 0.3509023 -0.6571331 -0.0778206 0.7325744 0.4483788 0.1692306 0.5151926 -0.2898549 0.4248660
0.2075117 0.7679554 0.3872720 0.8362758 0.2882867 0.0000000 0.6719943 0.5672417 0.8452630 0.6836616 0.7477988 0.7113720 0.5977958 0.5164244 0.5978392 0.5346311 0.4454494 0.4704648 0.3128351 -0.1926349 0.6278248 0.4102348 0.5085770 0.5400314 0.2361661 0.1838695 0.4259334 0.1198807 0.6850840 0.2550857 0.0942410 0.3080763 0.0401706 0.5534894 0.2896971 0.4991019 0.3440841 0.4374357 -0.2221146 -0.2106446 0.3229191 0.8614941 0.2229310 -0.4760985 0.8701050 0.1984933 0.2147675 0.2897425 -0.0391110 -0.2719049 0.1927254 -0.1056005 0.6921227 -0.3421839 0.3601479 0.1901493 0.4111683 0.2225500 0.8196460 0.3149727 0.8330123 -0.0942991 0.3934345 0.6917845 0.7707128 0.5077475 0.3865517 0.5491410 0.2173301 0.6124857 0.2773943 0.7765636 0.5724674 0.9090934 0.1611927 0.3922336 0.8733403 0.2507118 0.4599903 0.5938488 0.3906590 0.1557580 0.0066514 0.2588942 0.0650452 -0.4283416 -0.2848864 -0.0695015 -0.1436187 -0.2008999 0.0767856 0.0684634 -0.1068649 0.0313028 -0.0718667 0.0267473 0.0667984 -0.1980835 -0.2236769 0.1827766 -0.2989839 -0.3248575 -0.0037638 0.0037980 0.0803588 0.0187192 -0.1185189 0.0364649 -0.0149881 0.0593189 0.0933899 -0.1335756 0.2729756 0.0316984 -0.0371365 0.1233504 0.2591562 0.2091296 0.1507394 0.1762125 0.2136790 0.0585782 0.0951260 0.3305233 0.1118245 0.0668001 -0.1143252 -0.1308192 0.2343697 0.0900059 0.1822977 -0.2692868 -0.0157352 0.2718796 -0.0609937 -0.1099588 0.2248452 0.1786400 0.0969375 0.3375996 -0.0002730 0.2193836 0.1320296 0.1713855 0.1716470 -0.1694702 0.1557684 0.1770956 0.1519857 0.1071157 -0.0150395 0.2523283 0.2676115 0.1995679 -0.0641826 0.3904192 -0.0705844 0.2287055 0.2499537 0.0439694 0.1167763 0.2106669 0.1776887 -0.1150208 0.2379976 0.1536101 -0.0039175 0.3927267 0.2588550 0.1947936 0.7257285 0.5132986 0.0142154 -0.2273687 0.5377625 0.6395813 0.3692984 0.2910640 0.1260784 0.1420151 0.0013426 0.2614225 0.7983568 0.6856657 0.7536953 0.8746859 0.7480443 0.6838530 0.7613556 0.7301328 0.0166300 0.5999766 0.4833267 -0.0257599 0.3871304 0.2777546 -0.0411262 0.1021853 0.5043852 -0.0258103 0.4134828 0.4729744 0.2675627 0.3754678 0.2802051 0.3614902 0.1792470 0.4654451 -0.2750440 0.4915973 -0.0356276 0.0253823 0.1575963 0.3400458 0.2367635 0.1376358 -0.3497835 0.1299900
0.0149666 0.3078712 0.1740771 0.3977455 0.3811009 0.6719943 0.0000000 0.1178358 0.3866907 0.1839734 0.1832290 0.8149362 0.3632101 0.2312048 0.2858989 0.3368710 0.0024192 0.2253825 0.0211451 -0.1820753 0.6141404 0.5542096 0.0019768 0.3712661 0.0432074 -0.2522964 0.3148616 0.2629435 0.5119687 0.2033283 0.2188698 0.2427632 0.2439418 0.5595901 0.0962800 0.0371217 0.1552205 0.5496741 -0.1853574 -0.2544473 0.3121249 0.4687092 0.1281040 -0.2679247 0.7619257 0.1681612 0.0737172 0.4340757 0.2814472 -0.1534261 0.1531508 -0.1184484 0.6089107 -0.1831343 0.2839498 0.1964985 0.2754830 0.5680783 0.5707083 0.1663971 0.7158730 0.0586213 0.1578302 0.5341712 0.3742314 0.3848469 0.3083984 0.5977041 0.3066324 0.4217175 0.1930089 0.6894085 0.3936004 0.6466523 0.2311700 0.2882305 0.6977252 0.2915886 0.4821703 0.6190115 0.4811763 0.1289625 -0.3071122 -0.1299409 -0.1942864 -0.5700567 -0.4751503 0.1433412 -0.2894599 -0.2379863 -0.4239405 -0.1902184 -0.4114001 0.2167257 -0.1569437 -0.0333175 -0.1246013 -0.4357725 -0.3080781 0.6554504 -0.5873749 -0.5546391 -0.3880694 0.3090302 -0.4256103 0.0177212 -0.5797993 -0.5616066 -0.6113949 -0.4868294 -0.3628295 -0.7234462 -0.1893256 -0.5089012 -0.5566365 -0.2732175 -0.2182351 -0.3479407 -0.2989794 -0.3573747 -0.3268496 -0.1135374 -0.2145752 -0.1153143 -0.4722984 -0.4461395 0.1909511 -0.6724427 -0.1208978 0.4061585 -0.1569216 -0.7872105 0.2089410 0.2344204 0.2481368 -0.6774061 -0.1585241 -0.2869788 -0.3385703 -0.0521363 -0.3900417 -0.3370068 0.6071936 -0.4231636 -0.4566935 -0.3076131 -0.4514577 -0.3952705 0.5736953 -0.4668307 -0.5969706 -0.2830596 -0.3125971 0.0699067 0.2424389 0.0732719 -0.2945844 -0.3299639 0.7583274 -0.4833382 0.3966434 -0.3387616 -0.3920354 -0.7129194 -0.1656033 -0.4449207 -0.6012407 0.6062218 0.2241829 -0.4327920 0.7046201 0.6958936 -0.2043427 -0.2360791 0.3943102 0.6903024 0.4119506 0.4490593 -0.1885677 -0.2302418 -0.1884423 -0.3148559 0.5068256 0.4987726 0.5670405 0.4858116 0.4648697 0.3351056 0.6066929 0.6747007 -0.3636998 0.8677730 0.8475210 -0.0510649 0.4715611 0.7558387 -0.1647970 0.5288783 0.7821667 -0.5163889 0.6516921 0.3116330 0.2587979 0.1681983 0.5146999 0.5248314 -0.2497735 0.6455708 -0.4396198 0.7350221 -0.3422830 0.4229864 0.3964851 0.5511601 0.6860428 -0.1479266 -0.5812724 0.1804854
0.1832771 0.7591465 0.4952105 0.9012953 -0.0537162 0.5672417 0.1178358 0.0000000 0.4264410 0.3755867 0.7514579 0.2415957 0.6560018 0.4613975 0.1901271 0.5498646 0.3987322 0.3472569 0.8165934 -0.0874896 0.2224042 -0.0021565 0.6536287 -0.0287904 0.5883707 0.6274428 0.3667416 0.3546068 0.2778330 0.4614973 -0.0031083 0.0779326 -0.4116315 -0.0500860 0.3046946 0.5705511 0.2676193 -0.0460379 0.3050322 0.2449536 0.0157244 0.5427684 0.3734819 -0.0651957 0.2815898 0.0219379 0.2571067 -0.1255739 -0.4944112 -0.1396188 0.2884262 0.4636181 0.0525412 0.2060526 -0.0480689 -0.1376143 0.3737369 -0.2681694 0.5856793 0.3265425 0.5041705 0.0660153 0.2217646 0.2085192 0.3249745 0.2286072 0.1620138 0.1091854 -0.1291980 0.3504218 -0.1132949 0.2168914 0.3307410 0.4715018 -0.2591493 0.0791217 0.3630092 -0.2325152 -0.1004490 -0.0033141 -0.2479894 0.2682641 0.3405889 0.6014100 -0.1232288 0.1023151 0.1612174 -0.4727538 0.1641244 -0.3248344 0.4932365 0.1056821 0.3650658 -0.2281689 -0.2393414 -0.3410061 0.1361345 0.3645868 -0.1417730 -0.2871804 -0.0851257 0.1075276 0.0844575 -0.4408764 0.4710426 -0.3962480 0.2628545 0.4850578 0.5310307 0.5898211 0.2472337 0.4503097 0.5629603 0.5524087 0.5138352 0.1612964 0.6269538 0.6688755 0.2652734 0.6583199 0.7421303 0.1458923 0.1131914 0.5544148 0.6348792 0.5699370 -0.2619395 0.1366504 0.5969071 -0.1773273 0.3811554 -0.0294307 -0.2378084 0.1936597 -0.6396832 0.3860041 0.3492854 0.6302826 0.4381601 0.6395741 0.0620726 0.6509672 -0.5346710 0.5756613 0.4929744 0.2168918 0.5447720 0.4204164 -0.4840610 0.4374312 0.4059859 0.5742120 0.5960009 0.1006758 -0.2420637 0.6045945 0.0036240 0.4129070 -0.4630275 0.4196295 -0.2239699 0.4596242 0.5083587 0.3747115 0.2989905 0.6127427 0.5397563 -0.2123430 0.1772660 0.5302155 0.1750300 -0.1051118 0.4025718 0.3343386 0.6761703 0.3586028 0.1738807 0.0317470 0.2305370 0.3338207 -0.1577255 0.4395434 0.4752046 0.4139421 0.4723756 0.4478930 0.3611599 0.3279156 0.3568927 0.4423559 0.2311777 -0.0071131 -0.1870980 -0.0623290 0.3314160 -0.1533612 0.2064817 -0.1506093 -0.1032700 0.4480951 0.2299299 0.5644563 0.1164057 0.5428604 0.2453955 0.1988514 0.5675422 0.0118225 -0.0266641 0.0885424 0.4446666 -0.1338441 -0.0164500 0.1818170 -0.1142109 0.2651686 0.3434212 0.2581379
0.3116332 0.7000031 0.3287383 0.6630440 0.3030254 0.8452630 0.3866907 0.4264410 0.0000000 0.8838036 0.7779508 0.5175846 0.4251400 0.5996793 0.7508212 0.4126489 0.7231477 0.6562047 0.1185644 -0.0056820 0.5360967 0.2851466 0.6618801 0.7251205 0.0954596 0.1780752 0.3975988 -0.1215619 0.6206516 -0.0162441 0.1173597 0.4264250 0.2032267 0.6643285 0.3294966 0.5099245 0.2710050 0.3807886 -0.2301651 -0.2729514 0.3656307 0.7945297 0.1943619 -0.3561491 0.7323801 0.2597800 0.2433042 0.3475959 0.1186988 -0.3422279 0.1281969 -0.1824018 0.8119664 -0.3372212 0.4223054 0.2504930 0.3313804 0.1690623 0.7103467 0.2613742 0.6786784 -0.1852878 0.4117052 0.7886003 0.9502822 0.5307541 0.2235963 0.3804922 0.3083477 0.3587611 0.4208850 0.7063206 0.4473137 0.7933476 0.3853240 0.2702025 0.7360545 0.3380999 0.4180112 0.5640518 0.3684910 0.0640504 0.2015865 0.3294487 0.3472539 -0.2658175 -0.0998333 0.0204185 -0.0369648 0.0705045 0.1945131 0.1258283 -0.1286939 0.1219335 0.1363334 0.2432538 0.1751918 -0.1474183 0.0622640 -0.0521327 0.0227928 -0.0891066 0.2986678 0.0537823 0.1751082 0.1984627 0.1428232 0.2617808 0.0835429 0.2165956 0.2966721 0.0540817 0.2854031 0.1110302 0.0680042 0.1973081 0.3223967 0.2855684 0.2370380 0.2083422 0.2194701 0.1420765 0.0852211 0.2902912 0.1435331 0.0949748 -0.2010829 0.0125994 0.1115806 -0.0507129 0.1352404 -0.0360863 0.0373613 0.1334051 -0.1064147 0.0259429 0.2816305 0.1558053 0.1412664 0.2975276 0.0445740 0.2638091 -0.0250145 0.1850660 0.2493570 -0.0997424 0.2230367 0.2325572 -0.1130591 0.1530934 0.0610897 0.2113963 0.3236249 0.1394122 -0.0064503 0.3710318 -0.0880326 0.2771770 0.0431299 0.0951218 0.1930570 0.2370279 0.2889072 0.0688814 0.3590120 0.2196322 0.1178550 0.1356941 0.0582049 0.2530902 0.5572649 0.2988823 0.2320247 -0.2339547 0.4042899 0.4659670 0.3041080 0.1834110 0.2425949 0.1842836 0.1515720 0.3711266 0.7245497 0.5766815 0.6647901 0.8289248 0.7185482 0.6589937 0.5542454 0.4664153 0.1352548 0.4121165 0.2856500 -0.0200388 0.1642216 0.0029674 -0.1671634 -0.0848986 0.3980647 0.0157371 0.1497076 0.2856642 0.1576628 0.3124511 0.1410102 0.1874474 0.1305864 0.2557451 -0.3182200 0.2340994 -0.1245006 -0.1400257 0.0307075 0.1151777 -0.0180939 0.3012728 -0.3202016 -0.0294254
0.3481878 0.6469893 0.4360932 0.5708459 0.1904922 0.6836616 0.1839734 0.3755867 0.8838036 0.0000000 0.8436189 0.3129013 0.4135378 0.4708109 0.5761776 0.4116414 0.8716132 0.4835662 0.1251207 0.1678720 0.2600469 0.1325812 0.6749286 0.4254497 0.2122874 0.2326743 0.5444363 -0.3044374 0.2585458 0.0726776 0.2405114 0.5829694 -0.1012106 0.4769374 0.5399625 0.3450763 0.4279642 0.3906566 -0.1427377 -0.3605178 0.4120483 0.5494186 0.4106652 -0.4739221 0.5342222 0.3858997 0.3143701 0.3073467 -0.1006483 -0.4177864 0.2448501 -0.1183665 0.5753714 -0.2652321 0.4734904 0.3588072 0.3763038 0.1556297 0.4675371 0.3891571 0.4874193 -0.0975533 0.4565424 0.7057119 0.7906817 0.4765369 0.3148584 0.3348507 0.3207843 0.2782653 0.4736003 0.5453850 0.3700326 0.6332193 0.4469060 0.2817179 0.5730068 0.4789706 0.3459916 0.4958375 0.3421665 -0.1565152 0.1685651 0.2371345 0.4186936 -0.2660487 -0.1425706 0.1869525 -0.0370915 0.2701787 0.0878482 0.0844995 -0.1415141 0.2754623 0.1526019 0.2731791 0.3517631 -0.0879129 0.0761560 -0.1574389 0.3089901 0.0134466 0.3523561 0.1680417 0.2139140 0.2769344 0.2566432 0.3133756 0.1359208 0.2786393 0.3460764 0.1464562 0.3407429 0.1944985 0.1057652 0.3744399 0.2747497 0.2694941 0.3038776 0.1484755 0.2214284 0.1872018 0.1444515 0.2858474 0.1435301 0.1509872 -0.1531842 0.2103075 0.0751355 -0.0013302 0.2170365 0.2152406 0.1275323 0.1156518 0.0263484 0.2353945 0.3868457 0.1869847 0.2349420 0.1437687 0.2135499 0.2635396 -0.0494319 0.2061591 0.3199408 0.1493423 0.3147658 0.3495655 -0.1815407 0.2173587 0.0773399 0.2334202 0.3329547 0.2929996 0.0266817 0.2906780 0.0265037 0.3828269 -0.0749582 0.0923785 0.1459721 0.2488825 0.2384947 0.1414677 0.3886046 0.2519861 0.1800580 -0.0630598 -0.1117793 0.2447946 0.3625557 0.1195341 0.3310900 -0.3213260 0.3405430 0.3832129 0.2273097 0.0450786 0.1896507 0.1048431 0.1354380 0.3706980 0.4197841 0.2903753 0.3191422 0.6723830 0.5141405 0.4940788 0.3664456 0.2162990 0.1327188 0.2406570 0.1530476 -0.0546928 0.0614821 -0.1439251 -0.1804355 -0.0690776 0.2595347 0.1054186 0.1010203 0.2460777 0.2688018 0.3427881 0.0813277 0.1926686 0.1605447 0.2824155 -0.1095103 0.1046976 -0.0418710 -0.2434353 -0.1353268 -0.0846568 -0.1686269 0.3077026 -0.3068261 -0.0698563
0.2444102 0.7418650 0.3898977 0.8315756 -0.0822176 0.7477988 0.1832290 0.7514579 0.7779508 0.8436189 0.0000000 0.2509621 0.5266581 0.5962479 0.4172217 0.6954315 0.8074362 0.5034580 0.6019134 -0.0119910 0.2152610 0.1607392 0.8263642 0.2573967 0.5255406 0.5403531 0.5839410 -0.0366042 0.2569411 0.3357451 0.2479004 0.3893929 -0.3164954 0.1977446 0.5612357 0.4539980 0.4786147 0.2133694 0.0559594 -0.1219263 0.2582454 0.5986095 0.5186439 -0.4665451 0.5028456 0.2652855 0.4215258 0.0519270 -0.3884216 -0.3310775 0.3922828 0.1574709 0.3478622 -0.1153774 0.1784052 0.1132949 0.4904862 -0.0997082 0.5637283 0.5002114 0.5685898 0.0890973 0.3023329 0.5362419 0.6643901 0.4450753 0.3918948 0.3691363 0.1383478 0.4069812 0.2971781 0.4010032 0.4822746 0.6311895 0.1956664 0.3018950 0.5425844 0.2393498 0.2382007 0.3334267 0.1520384 0.0161821 0.2371260 0.3756588 0.2127502 -0.1119488 0.0136196 -0.1490051 0.1437979 0.0075575 0.3703175 0.1941070 0.1648348 0.0030881 -0.0312587 0.0280795 0.3531676 0.1776771 -0.0226536 -0.1851210 0.1372608 0.0578690 0.2514548 -0.0701988 0.4774710 -0.0200291 0.2949278 0.4306283 0.3956094 0.4658175 0.4269812 0.3249834 0.5747393 0.4392641 0.3844409 0.4431690 0.5357020 0.5377897 0.4086316 0.4428438 0.5445499 0.2354565 0.2362935 0.5901958 0.4400638 0.4146812 -0.1870180 0.2807341 0.4118540 -0.0521181 0.4061363 0.1651753 -0.0041810 0.2073124 -0.2222476 0.3906945 0.4781495 0.4802664 0.4263488 0.4419688 0.3056425 0.5168826 -0.3235439 0.4464335 0.4887456 0.3117246 0.5211843 0.5121209 -0.3112747 0.3631895 0.2461168 0.4714930 0.5442699 0.4249386 -0.0442997 0.5589648 0.0743236 0.5214578 -0.2525757 0.2597071 0.0505661 0.4263464 0.4539768 0.2588217 0.4517335 0.4672920 0.3760008 -0.0981918 0.0822040 0.4511418 0.3590636 0.0784358 0.3603311 -0.0510420 0.4907493 0.3595183 0.1709021 -0.0048365 0.1764835 0.1784211 -0.0593037 0.4269151 0.5160870 0.4265310 0.4290141 0.6635071 0.4437398 0.4257833 0.3601090 0.2950083 0.1888076 0.1605707 -0.0193103 -0.0619037 0.2824475 -0.1164595 0.0114690 -0.1015707 0.1036998 0.3068148 0.1858010 0.3719034 0.2941264 0.5037026 0.1227354 0.1742591 0.4098175 0.2211325 0.0221655 0.1565663 0.3003590 -0.1501842 -0.1719935 0.0109665 -0.1363810 0.2000550 -0.0577568 0.0073506
0.1148564 0.5308888 0.4665314 0.4964953 0.5928195 0.7113720 0.8149362 0.2415957 0.5175846 0.3129013 0.2509621 0.0000000 0.5459165 0.1684288 0.5323187 0.1710626 0.1459856 0.3881060 -0.0144080 -0.1021300 0.8553915 0.2135925 0.0787357 0.5062078 -0.1990480 -0.1815924 0.3201953 0.3088882 0.6256754 0.1764046 0.0209178 0.3029514 0.4099122 0.7474776 0.1143735 0.3819896 0.1911253 0.5555845 -0.0504570 -0.0655527 0.3337985 0.6247266 0.0708673 -0.0311366 0.6771324 0.2661787 0.1715852 0.4682566 0.4056560 -0.0633840 0.2125316 -0.0054704 0.6801208 -0.0034398 0.4823662 0.3599062 0.3646835 0.7295802 0.6236188 0.2561855 0.6082687 0.0132057 0.4451265 0.6132327 0.5466390 0.4410243 0.3206971 0.5768069 0.2890290 0.5474148 0.2331895 0.7748905 0.4435532 0.7985047 0.2211632 0.3413811 0.8273614 0.2288004 0.4195250 0.7214116 0.4035895 0.0834116 -0.0955182 0.0106687 -0.0860712 -0.4376602 -0.2937959 0.2387914 -0.2806995 -0.0883548 -0.3282211 -0.1222334 -0.4531090 0.3020129 -0.0561284 0.0388019 -0.0438173 -0.4100267 -0.2342753 0.2675856 -0.3561277 -0.3458371 -0.1901269 0.1783144 -0.3057503 0.1328933 -0.3882540 -0.3768457 -0.5079075 -0.3184917 -0.2237402 -0.5335526 -0.2654419 -0.4722320 -0.5584992 -0.4069924 -0.1693259 -0.2581038 -0.3344693 -0.1274343 -0.1869090 -0.0473391 -0.2151998 -0.2061801 -0.2695398 -0.2690401 0.0155549 -0.5738383 0.0645126 0.1860610 -0.0027928 -0.6122069 0.1055589 0.1885593 0.1086600 -0.5122264 0.0105391 -0.1213417 -0.1232545 0.1300878 -0.3984780 -0.1389391 0.4949218 -0.1630188 -0.1969489 -0.4562646 -0.2360870 -0.2251539 0.3042287 -0.1870705 -0.3055370 -0.0463276 -0.0399934 -0.2550492 -0.0572014 0.1248568 -0.1341047 -0.1065619 0.4825863 -0.1426736 0.1352858 -0.1116120 -0.1406432 -0.3656828 -0.0910147 -0.1561233 -0.3010560 0.2976063 0.0274720 -0.2089863 0.5702007 0.4015294 -0.0357002 -0.3058727 0.5480759 0.8862000 0.7158418 0.7125710 0.2239327 0.1613783 0.1981278 -0.0630462 0.5114123 0.3658749 0.6524975 0.5963085 0.6892124 0.6908821 0.8151476 0.8427413 -0.0114213 0.7723730 0.8315894 0.1944872 0.4887827 0.6002146 -0.0227848 0.4393506 0.8560509 -0.3833418 0.6310746 0.5751879 0.3264312 0.4637069 0.5475654 0.7760236 -0.0993911 0.4590989 -0.6202475 0.7625866 -0.3710639 0.3973902 0.5634691 0.7317851 0.6357332 0.0601690 -0.4517588 0.3410659
0.4678560 0.8591302 0.8645427 0.7255711 0.4094738 0.5977958 0.3632101 0.6560018 0.4251400 0.4135378 0.5266581 0.5459165 0.0000000 0.0236513 0.3492781 0.3203848 0.2230336 0.0918517 0.3446559 0.2874764 0.2888348 0.1475894 0.2823660 0.0932592 0.3182146 0.1415150 0.1692724 0.2040928 0.3163507 0.3066273 0.1192814 0.4217343 -0.2689399 0.3027130 0.1287879 0.2687081 0.1471258 0.4720014 0.0083825 0.0769018 0.4207304 0.4407755 0.2353886 -0.2225353 0.4431152 0.2621820 0.2366191 0.3916471 -0.3672121 -0.1345904 0.2687220 0.2840661 0.2083339 0.1356872 0.5255316 0.2906564 0.3589074 0.1594050 0.3783090 0.3691077 0.3787838 -0.1043885 0.6157489 0.3187791 0.3867220 0.4029228 0.2857034 0.1731197 0.0965804 0.4070073 0.0563356 0.4177770 0.2243700 0.5534350 0.0091879 0.0765565 0.5768070 -0.0224179 0.0634795 0.2990288 0.0767789 0.1675875 0.1905078 0.3214890 -0.0322583 -0.2458509 -0.2206505 0.0796491 -0.0535464 -0.1057550 -0.0327162 -0.0722037 -0.2528343 0.1966212 -0.0794882 -0.1783550 0.0975548 -0.2682716 -0.1071696 -0.0553212 -0.0881083 -0.1241046 -0.0114035 -0.1916761 -0.0980312 -0.0493432 0.1460767 0.1385809 -0.0141373 0.2688353 0.0922221 0.0511417 -0.0034323 0.0852663 -0.0331466 -0.2711507 -0.0490776 0.0930544 -0.3065442 0.1033593 0.1075655 -0.2689495 0.1732792 0.0701060 0.0847210 0.0440822 -0.3347333 -0.0576654 0.1510547 0.0907390 0.1021178 -0.1521157 -0.0110045 0.2275088 -0.1634224 0.0016979 0.1656530 0.1151209 0.0746956 0.0192402 -0.2162252 0.1201896 -0.0083176 0.0947151 0.0954834 -0.0616433 0.0796990 0.0681741 -0.1838585 0.0718035 -0.0630180 0.1310706 0.1708477 -0.0401309 -0.2080562 0.0429627 -0.2884232 0.1415371 -0.0930302 -0.0309517 -0.2163901 0.1131052 0.0064329 -0.0711967 0.1037872 0.1315804 0.0553605 -0.1319605 -0.2486537 0.0479700 0.1794747 -0.0732191 0.4007566 0.2103462 0.8304199 0.7068823 0.3669259 0.2985148 0.2159271 0.1932987 0.1506094 0.1809661 0.2511469 0.2243158 0.3519711 0.5099923 0.5637146 0.5607605 0.6212004 0.5342275 0.1344049 0.2443380 0.1743639 0.0533444 0.0480081 -0.0650718 -0.1498478 -0.1780319 0.2313884 -0.0176756 0.3677832 0.7097290 0.0564016 0.4612247 0.6300656 0.5564430 0.1249851 0.2411558 -0.3040628 0.2395172 0.0682053 -0.2069683 0.2489422 0.2080726 -0.1161493 0.1416801 0.0661810 0.4780478
-0.0860974 0.2530339 -0.1875191 0.4827501 -0.0840742 0.5164244 0.2312048 0.4613975 0.5996793 0.4708109 0.5962479 0.1684288 0.0236513 0.0000000 0.1925313 0.3872145 0.5972390 0.6000800 0.3719768 -0.4901368 0.3127701 0.3670613 0.4966442 0.4441761 0.2557924 0.1798329 0.3664463 0.3109849 0.2570060 0.3306936 -0.2374087 -0.0956293 0.0218964 0.1886376 0.1470453 0.5244544 0.1294227 -0.1891465 0.0653291 0.0691086 -0.1672639 0.5217200 0.1055128 -0.1379895 0.2788283 -0.2080960 -0.0190834 -0.2358338 -0.0342066 -0.3815949 0.0294616 0.0437910 0.4204898 -0.1290268 -0.2694771 -0.3341629 0.0769994 -0.0586922 0.6601823 0.0315042 0.5715955 -0.1127266 -0.2440283 0.2894448 0.4788728 0.1703549 -0.0712964 0.2854706 -0.0543205 0.1528863 -0.0126502 0.2437921 0.3242853 0.3868440 0.0419517 0.2460700 0.3265675 -0.0209398 0.2332988 0.1043072 -0.0051577 0.2506302 0.3872828 0.4370869 0.0637737 -0.0566945 0.1578017 -0.4810479 0.0065163 -0.2628754 0.4048379 0.0291938 0.3424973 -0.3707965 -0.2044217 -0.0742897 -0.0284777 0.2597592 -0.1702214 0.0173085 -0.2719611 -0.3005260 0.1692495 -0.2148737 0.2882583 -0.3059646 -0.1428128 0.3142040 0.1976596 0.1419194 -0.0284588 0.0798709 0.6254254 0.2464182 0.2696741 0.3584707 0.5542814 0.4267935 0.3107331 0.4983887 0.3827107 0.1887509 -0.0447004 0.3846955 0.4170072 0.0908675 -0.0497504 -0.0420933 0.1431636 -0.2818993 -0.0437489 -0.1943172 -0.0814376 -0.2772338 -0.4589721 -0.0634279 -0.0467102 0.1882925 -0.0490838 0.5979083 -0.0242378 0.2607465 -0.3150218 0.1696842 0.0926743 0.0483554 0.1494208 0.0696896 -0.1993105 0.1719861 0.1261221 0.1410456 0.2356920 0.1486410 0.1844945 0.4951478 0.0842100 0.0737373 -0.0087999 0.1521569 0.2791596 0.2138754 0.4466140 0.1297184 0.1697201 0.2719882 0.1675245 0.1182924 0.3903981 0.2843676 0.3206944 0.1791130 0.0169582 -0.0043553 0.0354426 0.1182679 0.2240536 0.1421327 0.2511345 0.2695740 0.0125205 0.4980821 0.7120594 0.7373379 0.6521500 0.5609360 0.3836377 0.2364572 0.2062856 0.2897951 0.2664472 0.1375266 -0.0001060 0.1073824 0.2141598 0.0063935 -0.0339393 -0.0742232 0.0891750 0.0155614 -0.2087153 -0.0844589 0.0819938 0.2953195 -0.1613841 -0.0980723 0.0694341 0.0315908 -0.1118355 0.1292436 -0.0266338 0.1044898 0.0473769 0.2175429 0.0212234 0.3434343 -0.1345064 -0.2433368
0.3988949 0.5327460 0.3031659 0.4587218 0.2536568 0.5978392 0.2858989 0.1901271 0.7508212 0.5761776 0.4172217 0.5323187 0.3492781 0.1925313 0.0000000 0.3185527 0.3781561 0.6411203 -0.0168109 0.2530579 0.5927814 -0.0782078 0.5605807 0.6933131 -0.1422463 0.2183506 0.2769205 -0.1422785 0.7810174 -0.2270009 0.1839178 0.5169920 0.4641341 0.5871193 0.3000698 0.4157643 0.2170704 0.5021908 -0.2913836 -0.3271039 0.3889856 0.6985145 0.0887836 -0.0894753 0.5139156 0.5596571 0.4187103 0.4266047 0.3762416 0.1950394 0.2157010 -0.2218789 0.6794636 -0.3367529 0.6313447 0.5825494 0.3314674 0.2649825 0.4179929 0.3848542 0.2593998 -0.0161417 0.5447498 0.7647980 0.8107503 0.4208534 0.3999253 0.3573895 0.4966786 0.4024492 0.5777722 0.6121085 0.5297869 0.6390155 0.4719866 0.2054326 0.6314027 0.3455293 0.3853193 0.6752817 0.4618241 0.1338322 0.2813666 0.2430277 0.6679178 0.0044876 0.1029059 0.3640144 0.2435475 0.4044642 0.1183690 0.2332433 -0.3980496 0.4365018 0.5948725 0.4642084 0.0949171 -0.3221504 0.4850746 0.1158494 0.2949750 0.1541187 0.3098369 0.2810850 0.1011488 0.5800624 0.3570410 0.0811641 -0.0362231 0.2336780 0.5415495 0.0912774 -0.0479915 -0.0490630 -0.0125777 -0.0402833 0.1469192 0.1447263 0.1161884 0.0477464 0.0993791 0.0927347 0.2810759 0.2022939 -0.0424800 0.0758737 -0.2329249 0.0235956 0.1386113 0.2180291 0.3669425 0.0221125 0.2035863 0.4723460 0.0035511 0.0423053 0.4780809 0.1186553 0.3195420 0.1905659 0.0685364 0.2559753 0.0617493 0.1859769 0.2691401 -0.0908104 0.1945133 0.2123797 -0.0927989 0.2077218 0.1033598 0.1991539 0.3594039 0.0018507 -0.0796531 0.1963932 -0.1121739 0.2609973 0.0660863 0.1515560 0.1874883 0.2309723 0.1010936 0.0568172 0.4272849 0.0899007 0.1212915 0.0470250 -0.0272460 0.1441011 0.5176508 0.2673685 0.2964124 -0.2975551 0.4573347 0.4308808 0.2464378 0.2042221 0.2524296 0.2354874 0.3244206 0.1948931 0.5171176 0.2503003 0.4921773 0.5056103 0.5913340 0.6547838 0.5091941 0.4062545 0.0825576 0.5043948 0.3586136 -0.0095150 0.1077031 0.0254489 -0.1428322 -0.0366918 0.4965856 -0.0033189 0.2362417 0.4932370 0.2467461 0.3293673 0.2477996 0.2964278 0.1383365 0.1131051 -0.2118790 0.2241432 0.0803981 -0.0814618 -0.0700050 0.0929576 0.0314903 0.0126393 -0.0591366 0.1337645
0.0802602 0.3520046 0.0325237 0.6314111 -0.4520681 0.5346311 0.3368710 0.5498646 0.4126489 0.4116414 0.6954315 0.1710626 0.3203848 0.3872145 0.3185527 0.0000000 0.3998214 0.4072805 0.7382564 -0.1248813 0.0933846 0.2159990 0.7250454 0.1097107 0.6496796 0.6703364 0.5680516 -0.0404585 0.2844292 0.2936860 0.4281803 0.3720612 -0.2945618 -0.1130683 0.6079592 0.0583969 0.5743183 0.2827392 -0.1465576 -0.3102804 0.1772284 0.3433865 0.4719393 -0.5260086 0.4150609 0.3903511 0.5712855 0.0070894 -0.3498324 0.0835126 0.4852150 -0.0232316 0.1324058 -0.2841221 0.0595406 0.1972368 0.4983943 -0.1177886 0.2785073 0.5915116 0.3430210 0.3564530 0.1239229 0.4350284 0.3676256 0.2886060 0.6623834 0.5144734 0.3062570 0.5505020 0.4658338 0.1608930 0.7068113 0.4477749 0.3488074 0.4813412 0.4485918 0.3957284 0.4904206 0.4823254 0.4596769 0.0518106 -0.0137171 -0.0201769 0.1877656 -0.1264737 0.0639784 -0.0300323 0.3167187 0.0092458 0.2052742 0.2173257 -0.0247549 0.0683288 0.1007113 0.0986134 0.1862251 0.0600012 0.1356279 0.3359135 0.0208366 -0.0583488 -0.1432837 0.2242270 0.3211674 0.1043564 0.1018953 -0.0572422 0.1134153 0.1969853 0.4326118 0.0452022 0.2689936 0.1446984 0.2226545 0.3845963 0.3111309 0.2450635 0.3215051 0.0997653 0.3002524 0.2920819 0.5052490 0.5683710 0.0507298 0.1585145 0.2403778 0.2125992 0.2472121 0.5136845 0.5425048 -0.0475050 0.4320235 0.5386700 -0.0738802 0.2221710 0.5508165 0.2125970 0.3725123 0.2579993 0.2960845 0.3011747 -0.1913333 0.2161708 0.2036125 0.5895619 0.2214499 0.2763547 -0.1020816 0.1236042 -0.0357317 0.2508715 0.3248892 0.7223399 0.3357286 0.4652788 -0.0431068 0.2922197 0.0031329 0.0186725 0.3344075 0.2037199 0.1472025 -0.1178735 0.3704331 0.1433672 0.0985924 0.1323850 0.1128337 0.0842427 0.4409398 0.2075784 0.1552670 -0.1093268 0.3391703 0.1757583 -0.0696667 -0.1174419 -0.1877140 -0.1575125 -0.3091828 -0.1223758 0.3232382 0.2368785 0.2586975 0.3464786 0.1828485 0.1872390 0.2065072 0.1865149 -0.1522529 0.4284039 0.0904991 -0.2284195 0.3097425 0.1264592 -0.2049992 0.0944295 0.2493183 0.0312517 0.3686070 0.2729740 0.3897587 0.3490661 0.1870226 0.1483611 0.1525938 0.1635862 0.2665468 0.2619419 0.4747494 0.1097379 -0.3209704 -0.0115496 0.1310035 -0.3805738 -0.0025120 -0.1037189
0.2234466 0.4614979 0.2516523 0.4544420 -0.0278848 0.4454494 0.0024192 0.3987322 0.7231477 0.8716132 0.8074362 0.1459856 0.2230336 0.5972390 0.3781561 0.3998214 0.0000000 0.5811426 0.2747478 0.1252061 0.1662539 0.0204919 0.7078375 0.3582787 0.2239062 0.2785375 0.5283066 -0.1623162 0.0244124 0.1278072 0.2678303 0.4314950 -0.0574933 0.3358465 0.5109884 0.3475185 0.3720029 0.1742654 0.1605190 -0.0721999 0.2756488 0.3519131 0.4319722 -0.2133212 0.2220707 0.2868887 0.3791742 0.1120203 -0.0795091 -0.3584785 0.3490585 0.1301495 0.4110503 0.0485662 0.1833889 0.1420369 0.3765983 0.1411698 0.3689648 0.3995765 0.3330960 0.0723737 0.1523064 0.5384338 0.6624928 0.4091422 0.1868931 0.2907208 0.1644824 0.1149423 0.3925264 0.2778241 0.2999787 0.4123727 0.4231588 0.2307436 0.3245422 0.3612909 0.1967385 0.3305958 0.1395116 -0.0932536 0.3694145 0.2397884 0.3588551 -0.0074184 0.1716040 0.0588148 0.1518860 0.2902885 0.2781962 0.1569401 0.0673315 0.1752727 0.1087932 0.2365593 0.4492873 0.1974322 0.1583542 -0.2979474 0.3678333 0.1726462 0.4081253 0.1359251 0.4240098 0.1713311 0.2825464 0.3996991 0.2199595 0.3356553 0.3911610 0.2294472 0.4598400 0.2738384 0.1968792 0.4019093 0.4121068 0.3429586 0.3185363 0.3033814 0.3356820 0.3354736 0.0219723 0.3224003 0.2899397 0.2269380 -0.1412680 0.2233740 0.1782183 -0.1690805 0.2608120 0.2354454 0.1236578 -0.0497289 -0.1066652 0.3042488 0.4008875 0.3039485 0.3385081 0.3027703 0.2342143 0.3304263 -0.2779107 0.2517642 0.3594321 0.3008611 0.3851040 0.3809456 -0.3937280 0.2449006 0.1287898 0.2571089 0.3930072 0.2592535 0.0958507 0.4262566 0.1157484 0.4124510 -0.2528527 0.1618657 0.2237219 0.2676202 0.4018371 0.2663296 0.4102714 0.3464402 0.2860482 -0.3278929 -0.1041900 0.3091438 0.1381470 -0.0916110 0.4432759 -0.1908898 0.2239229 0.2671139 0.2657448 0.0771317 0.2741854 0.1745207 0.1469783 0.4013792 0.3168645 0.2262322 0.2771295 0.4867709 0.3171870 0.3099219 0.0975276 0.0070514 0.2580462 0.0491231 -0.0327024 0.0537151 0.1491542 -0.1735928 -0.0846481 -0.0562005 0.1582366 0.1274189 -0.0142411 0.1262164 0.3473184 0.5124706 0.0411186 0.1970356 0.1907261 0.0759747 -0.1503321 0.0761887 0.0503544 -0.0442026 -0.1315292 -0.0062035 -0.1516397 0.2747589 -0.2285917 -0.1769720
