0.0000000 0.6514655 0.7035093 0.2211889 0.4964754 0.1041982 0.3519233 -0.1363364 -0.1843471 -0.2068000 -0.2379989 0.1595907 0.2493349 0.2450516 0.4570988 -0.2798861 -0.1311416 0.4416836 -0.3831876 0.2170301 0.0452025 -0.0195794 -0.2087284 0.3867303 -0.3976075 -0.4618386 -0.1069292 0.4256715 -0.0475876 0.4857988 -0.0973261 -0.3753016 0.3388153 0.0908135 -0.2670212 -0.1716628 -0.2690470 -0.2028974 0.3696247 0.3426646 -0.0377700 -0.1184985 -0.2486309 0.0524266 -0.2708133 -0.4549847 -0.4377757 0.1330266 -0.0126770 -0.3309287 -0.3427837 -0.0927752 -0.0621720 0.0062206 0.0661510 -0.1387648 -0.3256150 -0.5588448 -0.0488988 -0.2227353 -0.0179704 -0.1490796 0.5327883 -0.2737255 -0.0611701 -0.0033199 -0.1470262 -0.2339597 0.3515215 -0.3043473 -0.0321179 -0.2041374 -0.1325694 -0.0467284 0.0597790 -0.0566316 -0.1196132 0.0253736 0.0679124 0.5306019 0.0594139 -0.1097236 -0.0005800 0.4068593 0.5452009 0.2908875 -0.3225928 0.1804666 0.1496042 0.0960470 0.1678610 -0.2807575 0.2431702 0.2175073 0.1486500 -0.0887178 -0.0292409 0.1266423 0.2425312 -0.0776685 0.1998902 0.0898902 0.0188891 0.2912493 -0.0039290 0.1627070 0.0244387 -0.0246905 0.1567685 0.3358480 0.2038581 0.1034288 0.0187245 -0.0051544 0.3465029 0.1069397 0.1088067 0.1701391 0.0993897 0.1978362 0.2377057 0.2252123 0.0882609 -0.1728277 0.3743546 0.0489857 0.1004099 0.1081931 0.4405345 -0.0888122 0.1663647 -0.0103427 0.1087033 -0.3351426 -0.0584393 0.1694618 0.0594382 0.3968495 0.3401611 0.3161256 0.2356614 0.4494968 -0.0154864 -0.0994134 0.2643263 -0.1081803 0.3034386 0.2288865 0.0957396 0.3275916 0.2341457 0.1831510 0.3828615 0.2819496 0.1700504 0.0368194 0.3118603 0.0691698 0.0473680 0.3293699 0.0526189 0.2553975 0.2996978 0.5501867 0.1257873 0.2066552 0.2133684 0.2591915 0.4052961 0.2633732 0.1158893 0.0919448 0.2756582 0.0753998 0.3461551 0.0966480 0.0499387 0.1304006 -0.0642328 -0.1187343 0.0608982 -0.0594337 -0.0938119 0.0328598 0.0728633 0.0835296 0.0306193 0.2604654 -0.1092739 0.0089930 -0.1726440 0.1778179 0.2539619 -0.2031616 -0.0550426 -0.0059298 -0.1691625 0.0046433 0.2338166 0.0548227 -0.1840051 -0.2004235 -0.0154715 -0.2484800 0.2662988 0.4378210 0.3129253 -0.6204537 -0.1822623 -0.1293310 0.1606469 0.0724403 0.0904854 0.0637049 -0.0416084 -0.1179949 0.0564438 -0.2773222
0.6514655 0.0000000 0.7259483 0.1376486 0.3189121 0.5482061 0.6589793 -0.1518101 -0.0595016 -0.3802728 -0.4316065 0.3796044 0.1738905 0.4612993 0.7829773 -0.5430146 -0.3501864 0.7377927 -0.7271052 -0.0632742 -0.0965824 -0.4199595 -0.4705368 0.7346891 -0.7140926 -0.6345991 -0.2478095 0.7773874 -0.0418002 0.4696184 -0.4378441 -0.6163815 0.6474276 0.4694279 -0.5166035 -0.3128472 -0.5128700 -0.5604808 0.2840709 0.4643463 -0.4239057 -0.1400712 -0.3777523 0.2646139 -0.1071955 -0.6092171 -0.6501787 -0.1500225 0.2633124 -0.5610734 -0.5501412 -0.1186502 0.2866758 -0.2746248 -0.2087108 -0.2825621 -0.6169323 -0.4979776 -0.3053098 -0.5053497 -0.3275681 -0.4594054 0.3241021 -0.3623159 -0.2272481 -0.4088047 -0.5015251 -0.5291370 0.0160943 -0.6202496 -0.4007837 -0.3187564 -0.5273578 -0.1638500 -0.2553583 -0.3604407 -0.3873364 -0.3128163 -0.2811496 0.4357359 -0.1679870 -0.1958011 -0.0400269 0.6612976 0.5769981 0.2311745 -0.6389307 0.2567929 0.2689213 0.2362720 -0.1648465 -0.4489839 -0.1664687 0.3990621 0.0944342 -0.2593114 -0.0263753 -0.2117659 0.2637642 -0.0135783 0.1643764 -0.1545066 0.0593255 0.3637100 -0.1138569 0.1555912 0.1761228 0.0057396 -0.0382880 0.4967456 0.1208456 0.1753689 -0.0404231 -0.0476275 0.3346804 -0.2141038 -0.1815383 0.1795386 -0.1201037 -0.0707849 0.0339150 -0.0516805 -0.1697503 -0.0995464 0.2170678 0.0186272 0.0588823 -0.1594091 0.1859242 -0.1016862 -0.0153798 -0.3358571 -0.0714438 0.1794138 -0.5973433 -0.2108852 -0.0727737 0.1133484 0.0345408 -0.0197932 -0.2118196 0.1594663 -0.4255778 0.3601376 0.1126149 -0.1316775 0.0128934 0.0133525 -0.2268842 -0.0249371 -0.1368109 0.0008428 0.0520164 -0.0244695 -0.1015402 0.2275792 0.1482915 -0.1091290 -0.0568535 -0.0035647 0.0787865 -0.0513170 0.4502654 0.3820373 -0.1085338 0.0080906 0.1538389 0.1177568 0.2287849 -0.0270319 -0.0654675 -0.1600162 0.2469114 0.1885645 0.7506949 0.2321796 0.0900915 0.2921992 -0.0398877 -0.0110549 0.0049433 -0.1282923 -0.3492014 -0.2023818 -0.1231950 -0.0473951 0.0080899 0.2136180 -0.3011764 -0.1187389 -0.3618475 0.0778877 0.3407694 -0.2145077 -0.0703845 0.0955283 0.1939602 0.3238048 0.0404443 0.1032370 -0.0753461 -0.1837192 0.1176875 0.1816228 0.3562767 0.4355818 0.1131717 -0.5156142 -0.0995798 -0.1374380 0.2340491 0.1493052 -0.0603162 0.0259694 -0.1734673 -0.1385175 0.3513039 -0.1293037
0.7035093 0.7259483 0.0000000 0.1993129 0.6931633 0.2133894 0.3412045 0.1913505 0.0658640 -0.2385490 -0.2218692 0.1411076 0.5629392 0.0980974 0.7042928 -0.3561918 -0.2569164 0.5008101 -0.3684161 0.1805183 -0.2378276 -0.1207294 -0.3868133 0.5813450 -0.4157052 -0.4519011 -0.2334828 0.4101378 -0.0145659 0.1254406 -0.1225453 -0.1605007 0.4219392 0.4162804 -0.3228212 -0.4595062 -0.1468920 -0.0447057 0.1412109 0.1466534 0.0654007 -0.3951601 -0.2364077 0.0169273 -0.2173758 -0.4107545 -0.3583229 0.3061808 0.1016606 -0.3022337 -0.3017931 -0.1766850 0.2367069 -0.2939044 0.2326153 0.0390115 -0.2143538 -0.4148936 -0.2797651 -0.2984197 -0.2835030 -0.3073846 0.5898488 -0.1559380 0.0899504 0.1278186 -0.1739148 -0.4016999 0.4580169 -0.4273404 0.1011876 -0.2048394 -0.1870654 -0.0532474 0.2071584 -0.1740737 -0.2259302 -0.0839519 -0.0977845 0.7136712 -0.1216690 -0.3434076 -0.2789941 0.4317232 0.5069703 0.0363126 -0.5731681 0.2007675 0.0450454 0.1479279 -0.1815540 -0.4789008 -0.0825760 0.2594200 -0.0342948 -0.2469235 0.0034322 -0.3172269 0.2480501 -0.2866286 0.1912157 -0.3307247 -0.1944774 0.2135618 -0.0367437 0.0803029 -0.0592750 0.0300846 -0.1343966 0.4352602 0.3011089 -0.0311849 0.0685058 0.0654747 0.2543992 -0.0275660 0.0583040 0.2631359 0.1086620 -0.0921146 0.1359890 0.0633338 0.0743645 -0.1225481 0.2122132 -0.2260700 0.0618147 0.0906649 0.1628690 -0.0235439 0.1298440 -0.0784172 -0.0011144 -0.2357393 -0.2763184 0.0847901 0.0229857 0.1939012 0.1855516 -0.0195841 0.1545839 0.1916945 -0.1500668 0.2043221 0.1668266 0.0741560 0.1914826 0.2218090 0.0346216 0.1512459 -0.0225767 0.1687250 0.2107403 0.3021529 0.0007813 0.1976702 0.3127845 0.1865793 0.0486971 0.1095105 0.0579830 0.0076109 0.4776826 0.4354044 0.0580401 0.4341995 0.4373896 0.2960021 0.2881768 0.0596243 0.1078371 -0.1199186 -0.0409690 -0.1678710 0.2749503 0.0014852 -0.1230773 0.1335361 -0.4113767 -0.3808001 -0.2070454 -0.4594114 -0.4690041 -0.4608603 -0.0664441 0.1621385 0.1681546 0.4080521 -0.0423516 -0.0889592 -0.4609372 0.0237117 -0.0143777 -0.3795357 -0.2970964 -0.3190311 -0.2948310 -0.1128530 0.0944286 -0.2223623 -0.0987318 -0.0027930 0.0074611 -0.2692661 0.4882015 0.4017834 0.2474825 -0.5286973 -0.0342356 -0.1707353 0.1741009 -0.2419129 0.1566095 -0.2816244 -0.0463469 0.0156800 0.1735746 -0.2409935
0.2211889 0.1376486 0.1993129 0.0000000 0.6455924 0.5193315 0.0951637 0.6015238 0.5063730 0.5148616 0.5491231 -0.0885889 0.3357225 0.4031712 0.1504501 0.1934023 0.3547145 0.2638389 0.0876278 0.5073060 -0.0326189 0.5679182 0.0822933 0.0477046 0.2288818 0.0890322 0.2473253 -0.1400453 0.0429142 0.5437640 0.2133317 0.1512560 -0.3405132 -0.2530818 0.1190966 -0.1402971 0.1904097 0.3198232 0.3616992 -0.1546519 0.0786375 0.0970336 -0.0074308 -0.5410275 0.1386364 0.0502631 0.1348529 0.1777824 -0.6063873 0.2344477 0.2167037 0.0345764 -0.1621264 -0.1674728 0.2691325 0.2208869 0.2509082 -0.3372453 0.1113396 0.2852703 0.5428937 0.3007975 0.3242933 0.1075572 0.7141788 0.3113379 0.4248047 0.3438980 0.4994781 0.1851593 0.3965850 -0.0562439 0.4515712 0.5145293 0.3285343 0.4322725 -0.0493304 0.4685279 0.4600235 0.2233097 0.4233373 0.4019358 -0.1225275 0.0257811 0.3153639 -0.0458380 0.1715825 0.2910298 -0.1414307 -0.1099277 -0.2922427 -0.4677933 -0.1878413 -0.1426295 -0.3058686 -0.6003776 -0.5060264 -0.3612254 -0.3332033 -0.2144722 0.0771935 -0.2623663 0.0211839 0.5179119 -0.3813136 -0.2339205 0.0067303 -0.1126387 0.0885466 0.3248304 -0.1942595 0.0610423 -0.0409343 -0.1256164 0.2336836 0.1513713 -0.1262102 -0.1318652 -0.0240843 -0.2205350 -0.2112119 -0.1902390 -0.3086178 -0.0635644 -0.1132563 -0.3685213 -0.1815334 -0.4961231 -0.0898297 -0.1375908 -0.0810477 -0.2104522 -0.1328633 -0.3847551 0.1258585 -0.3874347 -0.1314653 -0.1093155 -0.1643698 0.1103373 -0.1263080 -0.1310404 0.1013200 -0.0664187 -0.2095292 -0.3662750 -0.2322937 -0.2370943 -0.2113651 -0.0435485 0.1425945 -0.2056003 -0.2106290 -0.1901529 0.0177060 0.2266622 0.4143270 -0.2392596 0.1270124 0.5973807 -0.2933468 -0.0366696 -0.1825817 0.7635082 -0.2013142 -0.1486032 -0.2228650 -0.2995550 0.2209126 0.0383740 -0.1438668 -0.2198653 0.5267939 0.4089063 -0.0094686 0.0633069 -0.0446047 0.0184567 0.0085467 0.2082714 0.3758118 0.3159216 0.0031003 0.0937904 0.1714273 0.7073906 0.0112515 0.4298695 0.1660856 -0.0956032 -0.1133293 -0.1841678 -0.2245713 -0.2233523 -0.3870541 -0.2906697 -0.1416754 -0.2849828 0.3240421 -0.2617582 -0.6478048 -0.0787318 0.2102921 -0.1706686 -0.2151880 0.3171389 -0.2990738 -0.1723015 -0.3542643 0.3477891 0.3333789 -0.0009337 -0.3175977 -0.2758316 -0.1541450 0.2172029 0.3446113 -0.3919982
0.4964754 0.3189121 0.6931633 0.6455924 0.0000000 0.2706733 0.0420942 0.4751604 0.3879375 0.1707748 0.1900739 0.0594356 0.7373694 0.0758510 0.5200244 -0.0672520 -0.0148689 0.4414202 -0.0706953 0.4140518 0.0360732 0.3375088 -0.2062452 0.4211000 -0.0943262 -0.2660014 -0.0437110 0.0605321 0.2047001 0.2478781 0.1448868 0.0824264 0.0628210 0.2183235 -0.1438794 -0.2135268 0.0132283 0.3310218 0.2082715 -0.2697883 0.2765037 -0.2975321 -0.2046066 -0.3316569 -0.1444902 -0.2192039 -0.1051008 0.4832590 -0.1357508 -0.0694769 -0.0625022 -0.2726399 0.2214846 -0.3225543 0.4439339 0.1784402 0.0628229 -0.2295716 -0.1041955 -0.0943543 0.0258497 -0.0702067 0.7464919 0.2317689 0.6146350 0.3845143 0.1377241 -0.0588324 0.6699506 0.0111665 0.3824126 0.0566694 0.1978626 0.4837953 0.3936924 0.2921943 0.0553318 0.2668469 0.2831885 0.6370498 0.1651531 -0.0127985 -0.2523647 0.0671028 0.4257404 -0.0725602 -0.1394733 0.1848514 -0.0818345 -0.0399659 -0.1635019 -0.5401329 -0.0416681 -0.0735383 -0.1317091 -0.3629026 -0.2650219 -0.3705438 -0.0232589 -0.3999131 0.1101306 -0.3707617 -0.1675550 0.2767513 -0.1212881 -0.0357880 -0.1111928 -0.0792946 0.0673050 0.4446597 0.2158512 0.0576164 0.2429420 0.1346958 0.4166577 0.3170835 0.1492394 0.1514445 0.2614870 -0.1734371 0.0538874 0.0896947 0.0228498 0.0666959 0.0518211 -0.3921439 0.0568377 -0.1036365 0.0039927 0.0236301 0.1162375 -0.0365962 -0.0861748 -0.5827598 0.0600856 -0.0288745 -0.0631792 0.0620914 0.0294848 0.0477927 0.1382847 0.0276312 0.0689623 -0.0228832 -0.1068342 -0.0440097 0.0243961 0.0648323 0.0298097 0.1773607 0.1520323 0.0208126 0.0822745 0.2038479 0.0736935 0.3496324 0.4279345 0.0684833 0.0798316 0.4967219 -0.0574305 0.1159129 0.1897716 0.6577599 0.0488018 0.4212019 0.1574631 0.0832104 0.2391577 0.1614050 0.0870457 -0.1455307 0.0244916 -0.0067354 -0.0649537 -0.0358011 -0.0946889 -0.0347440 -0.1761408 -0.1265638 0.0043720 -0.1546145 -0.1942433 -0.1949801 0.0767625 0.6475522 0.2221055 0.6060911 0.3675387 0.0938562 -0.3130913 0.0434398 -0.2581713 -0.2963451 -0.4119449 -0.4571077 -0.4544160 -0.3885729 0.2192679 -0.3762466 -0.5314646 -0.1660038 0.1380408 -0.2713451 0.1641933 0.4208273 -0.2516357 -0.4672887 -0.3093204 0.0029570 0.1879748 -0.4019817 -0.0799218 -0.4849983 -0.3370523 0.0238688 0.1811298 -0.4811005
0.1041982 0.5482061 0.2133894 0.5193315 0.2706733 0.0000000 0.6334241 0.1364778 0.3082834 -0.0427220 0.0254144 0.5157444 0.0150640 0.3506824 0.5229000 -0.0611156 -0.0605576 0.4856016 -0.3332842 -0.1096949 0.0037026 -0.1814832 -0.0552683 0.4321981 -0.2016328 -0.1602744 -0.1349734 0.4200189 -0.0636251 0.3812541 -0.4281974 -0.1434758 0.2048156 0.1221724 -0.1285397 -0.1580864 -0.1576206 -0.1971219 0.3761682 0.3111718 -0.4450207 0.0327831 -0.0789482 0.1906949 -0.0451936 -0.0294244 -0.0824984 -0.1746987 0.0273350 -0.0793038 -0.0163164 -0.0283588 0.0338083 -0.1611423 -0.0901440 0.0519324 -0.1690191 -0.2872716 -0.0811543 -0.1514046 -0.0535831 -0.1321815 0.0829985 -0.2146163 0.0203804 -0.2386837 -0.2060583 -0.1496601 0.0378427 -0.3153044 -0.2366058 -0.2108561 -0.2184563 0.1019919 -0.1547244 -0.0410679 -0.2593402 -0.1546098 -0.1609549 0.2107774 -0.0723880 -0.0004972 -0.1682851 0.3218029 0.2796927 -0.0180190 -0.1784337 0.1203413 0.0315514 0.0931777 -0.4595533 -0.5694163 -0.4338562 -0.0387711 -0.1739472 -0.4796726 -0.3188423 -0.3118092 0.0210219 -0.0346229 0.1376209 -0.1692461 0.0186365 0.3456396 -0.2531702 0.0195818 0.0412278 0.0206774 0.0615242 0.3120993 -0.0808604 0.1668488 -0.0461792 -0.1101984 0.2923456 -0.1133224 -0.2335511 0.0768296 -0.0960505 -0.1777898 -0.0786835 -0.2027468 -0.3487923 0.2501979 0.1310608 -0.0989379 -0.0244079 -0.4606124 -0.0170324 0.0676691 -0.0027389 -0.4799267 -0.1843173 0.3665306 -0.4770251 -0.4336607 0.0165777 0.0077527 -0.1765024 0.1351269 -0.4360581 0.0358515 -0.3846582 0.5624837 0.0537487 -0.0413453 -0.1444254 -0.1215170 -0.3552571 -0.0672129 0.0380002 -0.0389942 -0.1423120 -0.1866725 -0.1724225 0.5716521 0.3110404 -0.0896220 0.0753037 0.1398215 -0.0452608 -0.0196624 0.1774347 0.4383043 -0.2228542 -0.0168638 0.0920574 -0.1283056 0.2557619 -0.0489336 0.0077949 -0.1120220 0.4282907 0.5047142 0.5929313 0.3848117 0.2764194 0.4297843 0.1725364 0.2289972 0.2994870 0.1365944 -0.1794839 -0.0884629 0.0260570 0.2250219 0.0828415 0.2953515 -0.1237573 -0.1194802 -0.3212348 0.0475865 0.1613170 -0.1828268 -0.1428125 0.0775592 0.2926463 0.2475774 -0.0163016 0.0044657 -0.2060293 -0.0154906 0.3430742 0.4144756 -0.2150473 0.1482755 -0.2501540 -0.2617870 -0.0103018 0.2421231 0.5745455 0.3534735 -0.4700034 -0.0518321 -0.1476958 -0.2136301 0.5548303 -0.1607540
0.3519233 0.6589793 0.3412045 0.0951637 0.0420942 0.6334241 0.0000000 -0.3107827 -0.2457251 -0.4395290 -0.2842112 0.7418996 -0.1461455 0.1254220 0.4608958 -0.2657490 -0.1956054 0.4908988 -0.5303682 -0.1862125 0.0926756 -0.3990677 -0.1073251 0.4675850 -0.4362880 -0.3755185 -0.3226095 0.7312046 -0.3811318 0.3666233 -0.4203663 -0.3428790 0.6092394 0.2617900 -0.2052223 -0.2785314 -0.2497222 -0.4491494 0.1876275 0.6300142 -0.4282387 -0.2825336 -0.1702787 0.5426071 -0.4998847 -0.2326914 -0.2910710 -0.3146824 0.1840273 -0.4309623 -0.2414528 0.0096138 -0.1274928 0.0844784 -0.2265656 -0.2686501 -0.3675401 -0.4755643 -0.4542746 -0.3053176 -0.3926600 -0.2438228 -0.0833495 -0.5233660 -0.3387214 -0.3352044 -0.4855202 -0.1317607 -0.1277621 -0.5153118 -0.3609123 -0.4782556 -0.3094790 -0.2317801 -0.1340972 -0.1734806 -0.3275163 -0.1670404 -0.1312853 0.4446402 0.0073298 -0.2031996 -0.3683241 0.1651795 -0.0795734 -0.1928798 -0.1462131 -0.1656106 -0.2583332 -0.1793969 -0.5168751 -0.3272811 -0.5281933 -0.1668055 -0.3357774 -0.4922889 -0.2756238 -0.3081398 -0.1278608 -0.2581617 -0.2801757 -0.2819880 -0.1194684 -0.0495604 -0.5231876 -0.3212464 -0.3986598 -0.2824097 -0.3674213 -0.1239448 -0.3622139 -0.1913264 -0.4571389 -0.4650437 -0.0558293 -0.4665045 -0.3995299 -0.1690091 -0.3026251 -0.3283709 -0.2469069 -0.1865711 -0.3173380 -0.0510801 -0.0700690 -0.0819870 -0.3577080 -0.3556152 -0.0529559 -0.2249363 -0.2713154 -0.4978605 -0.3256193 0.4759207 -0.6017353 -0.4541653 -0.1649682 -0.1113816 -0.2671349 -0.0137191 -0.5557464 -0.0311344 -0.4157570 0.3947622 0.0723167 -0.1709534 -0.2048968 -0.2020403 -0.5121905 -0.2400674 -0.2807466 0.1026388 -0.2609979 -0.3559619 -0.3569553 0.3510050 0.0182983 -0.2491948 -0.2465825 -0.2611886 -0.1687748 -0.2619683 0.2484777 0.1262610 -0.4388796 -0.0664721 0.0803387 -0.2798791 -0.0185804 -0.3527819 -0.2893061 -0.3228094 0.2704384 0.5024271 0.8813289 0.7335251 0.6762621 0.8426357 0.3009002 0.1197346 0.4293521 0.1504002 -0.3978329 -0.2188501 -0.3469073 -0.1153083 -0.1280639 0.3562503 -0.3102015 -0.1716389 -0.5621331 0.1990065 0.6666164 -0.3447750 -0.1469583 0.1875246 0.1197457 0.6595277 0.2629997 -0.0372370 0.3208774 0.1697047 0.2975529 0.2954852 -0.2617874 0.2938367 0.0538580 -0.1184365 0.1533723 0.3481081 0.4376068 0.5680272 -0.2291340 0.2815930 -0.0365577 -0.2233201 0.5653772 0.2847737
-0.1363364 -0.1518101 0.1913505 0.6015238 0.4751604 0.1364778 -0.3107827 0.0000000 0.6827363 0.7125616 0.7666052 -0.4517903 0.5669438 0.1268789 0.0008693 0.5424317 0.5920424 -0.1538498 0.5411617 0.3057276 -0.3984341 0.4475936 0.3633780 -0.2339431 0.5186366 0.5048412 0.4782538 -0.5580599 0.0050043 -0.1392792 0.2423951 0.5361417 -0.5675167 -0.2007442 0.4657031 -0.3887077 0.5771032 0.5179323 0.1906669 -0.2726284 0.3243172 -0.2464907 0.4429453 -0.6011177 0.1429433 0.3486622 0.5043383 0.3021138 -0.5721594 0.4952978 0.5580284 0.3549396 -0.0895997 0.0361637 0.3851179 0.5026036 0.6093615 0.0470940 -0.1271302 0.5912868 0.3303722 0.5538298 0.2004811 0.2280327 0.8184972 0.6652313 0.7696952 0.3726395 0.5794712 0.2916665 0.7671185 0.0080266 0.6675150 0.3848545 0.6604354 0.4795713 -0.0320582 0.5994986 0.5013138 0.2960259 0.4449872 0.1005914 -0.3210518 -0.0099538 0.1591431 -0.3350202 -0.1117320 -0.0134283 -0.3593167 -0.2730030 -0.3723132 -0.4590865 -0.3254610 -0.1780576 -0.5303845 -0.4284655 -0.3658922 -0.3891400 -0.4159499 -0.1865618 -0.0570929 -0.4283976 -0.3651407 0.0835724 -0.1638326 -0.2759200 -0.0532806 -0.0704105 -0.1608870 0.1509699 -0.1250021 -0.3470551 0.0900770 -0.0484732 0.0264777 0.0926992 -0.0350395 0.0592167 0.0622347 -0.1662631 -0.1378251 -0.1469445 -0.2168863 -0.0624216 -0.1071783 -0.3856624 -0.1186631 -0.3405999 -0.2216891 -0.0825754 -0.0400404 -0.1191540 -0.1787289 -0.3596624 0.2565375 -0.2849789 -0.1133283 -0.1974406 -0.1140718 -0.1819823 0.0706583 -0.2966715 0.1571366 0.0623021 -0.2487337 -0.2469547 -0.2126794 -0.1771139 0.0315780 -0.2509041 -0.0824919 -0.2100846 -0.2476451 -0.0548394 -0.1356661 0.0084984 0.1467618 -0.0793899 0.0995668 0.1876291 -0.3886262 -0.2508850 -0.3890040 0.2161334 -0.1977803 -0.1188356 -0.2132624 -0.1528033 -0.0205853 -0.1451173 -0.1347446 -0.2528292 0.1912322 -0.0509930 -0.3680653 -0.3339152 -0.3906433 -0.1383399 -0.4906529 -0.2575812 -0.0339859 -0.1982535 -0.3437437 -0.4358303 -0.1343025 0.5194327 -0.2090236 0.2261956 0.3150287 -0.1274331 -0.1918451 -0.3204666 -0.4835187 -0.3478582 -0.4539801 -0.4398724 -0.2157972 -0.3187970 0.2405662 -0.2913700 -0.4909296 -0.0769637 -0.2649779 -0.4767463 0.0323118 0.3383733 -0.0674075 0.1634919 -0.2787080 0.1888304 -0.0282061 -0.2251351 -0.0098973 -0.4459900 0.1365554 0.5298105 0.2818909 -0.2459393
-0.1843471 -0.0595016 0.0658640 0.5063730 0.3879375 0.3082834 -0.2457251 0.6827363 0.0000000 0.6599527 0.4936821 -0.4067940 0.2681082 0.3375865 0.3240785 0.2601772 0.4038969 0.1744863 0.3163528 0.2389402 -0.4097007 0.2752435 0.0472738 0.0367438 0.3717263 0.1931733 0.5256030 -0.2681697 0.1161349 0.1310847 0.1273681 0.2559824 -0.3231292 0.0465003 0.0279897 -0.3008765 0.2033154 0.3391948 0.4282376 -0.1643392 -0.0066787 -0.1862249 0.1773480 -0.4211878 0.1678070 0.0433960 0.1564243 0.0387005 -0.1931740 0.3271202 0.1643105 0.3081651 0.2344843 -0.0200451 0.0295779 0.2094569 0.2544473 0.0644627 -0.0770034 0.2937773 0.0927405 0.3561331 0.2092024 0.1432834 0.4934734 0.3242230 0.5042329 0.2161106 0.3957015 0.0681191 0.4941515 0.0155340 0.4668004 0.1078394 0.3798197 0.0834242 -0.2039899 0.3656728 0.3416923 -0.0222675 0.2651868 -0.0091380 -0.3039244 0.0163143 0.2413798 -0.1448423 -0.1278738 -0.0433605 -0.0896554 -0.1152086 -0.0757079 -0.2939509 -0.2994572 -0.1499772 -0.1750268 -0.3115217 -0.2743062 -0.3955988 -0.2137852 -0.3171689 0.0521901 -0.2334850 -0.2063308 0.2587047 0.0031403 -0.0581848 0.2025600 0.1301417 0.1188595 0.3634480 0.0955367 -0.1381016 0.1609587 0.0688322 0.0352554 0.1143038 -0.0594936 -0.1623836 -0.0486346 -0.2418179 -0.2327282 -0.0371266 -0.3050153 -0.2545641 -0.2374313 -0.3613014 0.0781422 -0.4043386 -0.3228399 -0.1896431 -0.1779890 -0.4312046 -0.1995163 -0.3069311 -0.1582263 -0.3147972 -0.3042134 -0.2736607 -0.2302212 -0.0623362 -0.1083533 -0.2854476 -0.3509247 0.2085754 -0.4430028 -0.2047410 -0.3248354 -0.2550703 -0.1804805 -0.2277167 -0.0003521 -0.0823187 -0.2810282 -0.0879511 -0.1668567 0.3741560 -0.1844191 -0.1586324 -0.2458619 0.3403863 -0.2366173 -0.1925376 -0.2070513 0.0795721 -0.2126406 0.0725253 -0.1171660 -0.2421323 -0.2405120 -0.1640659 -0.0835557 -0.3378991 -0.1366714 -0.1373043 -0.2601070 -0.5144317 -0.5338101 -0.1867468 -0.5093473 -0.3452376 -0.3077045 -0.3723448 -0.2179288 -0.4146168 -0.1529683 0.2326874 -0.1015659 0.0524782 0.0902863 -0.1941173 0.0245667 -0.3627428 -0.3214337 -0.0336088 -0.2519845 -0.3253995 -0.0943830 -0.2790411 0.0784256 -0.2648140 -0.4662609 0.1464006 0.0933617 -0.0163703 -0.1856758 0.1146141 -0.4533731 0.0144101 -0.1150420 0.2365257 0.2724485 -0.1269662 -0.2711955 -0.5302867 -0.3989321 0.2800577 0.4726233 -0.1490017
-0.2068000 -0.3802728 -0.2385490 0.5148616 0.1707748 -0.0427220 -0.4395290 0.7125616 0.6599527 0.0000000 0.8812858 -0.6421475 0.2293207 0.4315084 -0.3049073 0.6083181 0.8877541 -0.3292603 0.6401417 0.4729276 -0.1530563 0.6754294 0.5255394 -0.5678322 0.7022660 0.5910598 0.8854101 -0.7272673 -0.0384061 0.0704192 0.4710471 0.4360783 -0.7568022 -0.5008532 0.5355460 0.0124321 0.5311893 0.5173361 0.5535628 -0.1870452 0.2409320 0.1067667 0.6231600 -0.7095069 0.3016709 0.3287986 0.5037406 0.1370522 -0.6635058 0.6265053 0.5784271 0.6649954 -0.2035288 0.3947940 0.1939904 0.3243798 0.5763317 0.0705511 0.0955198 0.7694744 0.5911942 0.8449459 0.0451266 0.1543970 0.7113660 0.5317502 0.8455601 0.7297038 0.3614714 0.5393504 0.6396618 0.0391878 0.8385359 0.2827882 0.4854293 0.6272075 0.1026263 0.6618493 0.6247149 -0.0793378 0.6034315 0.0968635 -0.0410814 -0.1465712 0.0009287 0.0325160 0.2354144 -0.1442169 -0.2898526 -0.3958895 -0.0327385 -0.0900641 -0.1833615 -0.2410711 -0.3820662 -0.3437600 -0.4802863 -0.0881666 -0.5081284 -0.0846459 -0.1448879 0.0112155 -0.0127588 0.1236843 -0.2127202 -0.2659310 0.1921202 -0.1660964 0.0906350 -0.0168322 -0.3052603 -0.1919203 -0.1938251 -0.2539114 -0.1076013 0.0781511 -0.1172401 -0.2663083 -0.1043695 -0.0478733 -0.3346991 -0.1909797 -0.5058655 -0.2485431 -0.2731992 -0.1305837 -0.2336771 -0.5425669 -0.1618494 -0.3803026 -0.3150468 -0.3222318 -0.3163688 -0.3256234 0.1527397 -0.3985807 -0.3794526 -0.3155847 -0.3108060 -0.0748436 -0.1525369 -0.3288631 -0.0098178 -0.0039623 -0.4548720 -0.5334167 -0.4645985 -0.4787997 -0.2562522 -0.3544501 -0.0640438 0.0106757 -0.3983759 -0.3139584 -0.2255754 -0.0110458 -0.2018287 -0.4057466 -0.2159889 0.4266903 -0.5577662 -0.3007131 -0.5682049 0.1057120 -0.3870743 -0.3365421 -0.4827615 -0.4266831 -0.2276333 -0.1763783 -0.3469688 -0.3034217 0.1784108 0.1458345 -0.3706357 -0.4235504 -0.3716345 -0.2395139 -0.1605497 0.0347707 -0.0467354 0.0771717 0.1234733 -0.0602566 -0.0720807 0.2861092 -0.3246050 -0.0769502 0.2390894 -0.0190879 0.3126859 -0.2889749 -0.1977343 0.0597719 -0.1081272 -0.0842559 0.0122962 -0.1728823 0.3839909 0.0062338 -0.4331288 -0.1065475 -0.0710033 -0.2156868 -0.2212406 0.3085941 -0.1663016 0.3256924 -0.3787144 0.3406829 -0.0468899 -0.0228135 -0.0569203 -0.1145331 0.0108518 0.4226815 0.3534580 0.1108326
-0.2379989 -0.4316065 -0.2218692 0.5491231 0.1900739 0.0254144 -0.2842112 0.7666052 0.4936821 0.8812858 0.0000000 -0.4083752 0.2557793 0.1739287 -0.4501603 0.8074688 0.8709863 -0.4583249 0.7503992 0.3926880 -0.0593579 0.6397288 0.7203348 -0.6162765 0.7740580 0.7285587 0.7146356 -0.7680526 -0.1277061 -0.0425565 0.3944631 0.5859920 -0.7728775 -0.5566301 0.7310387 -0.0355541 0.6709345 0.5553242 0.3871902 -0.2581929 0.2655325 -0.0241197 0.7015271 -0.6758671 0.0658461 0.5197219 0.6798894 0.1784438 -0.7810480 0.6545767 0.7379994 0.6320469 -0.4076877 0.4124973 0.3074016 0.4249080 0.7034985 0.0079372 0.0516466 0.8013145 0.5187111 0.8817222 -0.0382002 0.1021774 0.7387399 0.6219279 0.8376516 0.7845748 0.3732948 0.5380941 0.6774315 -0.0289574 0.8618778 0.3091380 0.5638795 0.7315738 0.1417892 0.6849080 0.6324276 0.0916744 0.6336218 0.0784347 -0.2027757 -0.3069404 -0.1779834 -0.2122345 0.2805398 -0.2455111 -0.5633758 -0.4903474 -0.3372788 -0.2001083 -0.3561277 -0.3907874 -0.6400609 -0.3916205 -0.5145830 -0.1207957 -0.5907294 -0.1099031 -0.2646759 -0.1371759 -0.1981227 -0.0557901 -0.3104132 -0.3789609 -0.1312660 -0.3380811 -0.1123000 -0.2605839 -0.4503182 -0.3470610 -0.1985466 -0.2679378 -0.0515633 0.1216526 -0.0137913 -0.1309613 0.0582656 -0.0881043 -0.2364250 -0.0903836 -0.4479828 -0.0276346 -0.2071406 -0.2282189 -0.2639674 -0.5251559 -0.2177370 -0.2271048 -0.2056281 -0.2775764 -0.2906889 -0.2064075 0.2250286 -0.3965949 -0.2248306 -0.2911376 -0.2822128 -0.0885079 -0.1347151 -0.3480563 0.1070386 -0.0035700 -0.3093574 -0.4120895 -0.3903497 -0.4081501 -0.2186812 -0.3317529 -0.0693989 -0.0744709 -0.4083975 -0.2895767 -0.2333853 0.0691947 -0.0133476 -0.2944972 -0.0701504 0.2830140 -0.5381912 -0.2859032 -0.5519546 0.1260407 -0.4056446 -0.3113006 -0.4014416 -0.4095170 -0.1527497 -0.1819820 -0.3312434 -0.2403403 0.3345409 0.3654460 -0.2751670 -0.1097295 -0.0811826 -0.0259680 -0.0391777 0.0677086 0.1682832 0.1611490 0.0177556 -0.0954310 -0.0832192 0.3957357 -0.2695986 0.1025522 0.2927701 -0.0352157 0.0653371 -0.1993338 -0.1514467 -0.1287632 -0.2604448 -0.1532562 -0.0969277 -0.1173470 0.4248356 -0.1224507 -0.3371747 -0.0916633 -0.0339365 -0.3189290 -0.2993299 0.3243793 -0.0775049 0.3721455 -0.3017851 0.4175195 0.0240840 -0.0100073 -0.0332381 -0.0882932 0.2599156 0.4587853 0.3509454 0.1167096
0.1595907 0.3796044 0.1411076 -0.0885889 0.0594356 0.5157444 0.7418996 -0.4517903 -0.4067940 -0.6421475 -0.4083752 0.0000000 -0.2237936 -0.2573643 0.3345790 -0.2712534 -0.4772185 0.3356589 -0.5110633 -0.5106770 0.5511308 -0.5848672 -0.1441352 0.5376241 -0.5345914 -0.4618710 -0.5871317 0.6211190 0.0862313 0.0677286 -0.6622260 -0.3509910 0.6333938 0.4115955 -0.2628187 0.1585756 -0.4088033 -0.4666443 -0.1657346 0.2054861 -0.4707582 -0.2328266 -0.2815505 0.5811525 -0.5292878 -0.1720091 -0.2483225 -0.3106594 0.4748964 -0.5640497 -0.2706528 -0.3436177 0.1156949 -0.1199425 -0.2647644 -0.3395924 -0.4318492 -0.0070415 -0.2214381 -0.5448998 -0.5116621 -0.4518911 -0.1605494 -0.0576546 -0.3484357 -0.4767713 -0.6641492 -0.2644420 -0.3563995 -0.2430457 -0.5625422 0.0144841 -0.5251472 0.0476366 -0.3878379 -0.1358913 0.1253370 -0.4374981 -0.3802198 0.2847526 -0.3185255 -0.2080940 -0.2283666 -0.0625835 -0.2003615 -0.1816040 -0.0682929 -0.1457928 -0.1917855 -0.0601884 -0.4422138 -0.3227405 -0.2571663 -0.2263428 -0.1207836 -0.1642285 -0.1460035 -0.0186899 0.1420486 -0.0853576 -0.1382199 -0.0717697 -0.0921552 -0.2616195 -0.2346047 -0.0087427 -0.4198622 -0.1978155 -0.1029797 -0.1518068 -0.0776865 0.0283383 -0.0376059 -0.0860839 0.2429203 -0.0210697 0.0442252 0.2164828 0.1682154 0.0035839 0.1753040 0.1021952 0.0044461 0.5060019 0.2228346 0.1303604 -0.0463354 -0.0161231 0.1133429 0.1606607 0.0953775 -0.1407223 -0.1544858 0.4030753 -0.3456268 -0.0951608 0.1197788 0.1546760 -0.0249861 0.1358901 -0.2930828 0.1916206 -0.2679881 0.2998540 0.2828763 0.1725131 0.0943208 0.0884334 -0.1407342 0.0730473 -0.0382923 0.1349649 0.0643488 -0.0286898 -0.1620555 0.3099668 0.1914385 0.1002282 -0.0457773 -0.2347296 0.1024505 0.1346783 0.2717940 0.0707102 -0.0888355 0.2033908 0.2132660 0.1015842 0.1824428 0.0355961 0.0661583 0.0942277 0.0377347 0.3762720 0.6429570 0.7433278 0.7700907 0.5781797 0.5308581 0.1944724 0.3151118 0.1333290 -0.0909299 0.0392271 -0.0791019 -0.0927826 0.1280877 0.2125799 0.1397971 0.3098457 -0.3972852 0.6348061 0.5023819 -0.1095179 0.0775991 0.2379011 0.0784287 0.4094712 -0.0563610 0.0622899 0.1941477 -0.0809724 0.2112601 0.4067751 -0.2310455 -0.0394239 -0.1156714 -0.3134479 0.0162652 0.0838202 0.2755689 0.3023944 -0.4276230 0.2288280 -0.0427856 -0.6468049 0.2175874 0.0274728
0.2493349 0.1738905 0.5629392 0.3357225 0.7373694 0.0150640 -0.1461455 0.5669438 0.2681082 0.2293207 0.2557793 -0.2237936 0.0000000 -0.0678764 0.2926665 0.1794658 0.1568961 0.1701448 0.2146597 0.4560948 -0.2591130 0.4205144 0.0485096 0.1044117 0.1100269 0.1031094 0.0626899 -0.1156597 -0.1123939 -0.0816184 0.4050972 0.3418848 -0.0816552 0.0481394 0.1976444 -0.4239216 0.3374707 0.4914898 0.1213753 -0.1695833 0.6361143 -0.3543345 0.0628289 -0.2317488 -0.0815289 0.0681876 0.1564536 0.7476520 -0.2061460 0.1936088 0.2128026 -0.1201735 0.0428740 -0.0891390 0.7297984 0.4939703 0.3350682 -0.1953650 -0.3417706 0.1646371 -0.0275965 0.0233097 0.7749675 0.0861511 0.6059176 0.6463405 0.2869595 -0.1152029 0.7786737 -0.0381748 0.5787549 -0.1158473 0.2702564 0.4316707 0.6371969 0.4149850 -0.0760270 0.4486457 0.4171977 0.7215986 0.3539556 0.0248529 -0.1626855 0.1481630 0.3244499 -0.2221305 -0.1335981 -0.0167028 -0.1045511 -0.1683281 -0.0552439 -0.2928158 -0.0981007 -0.0834613 -0.2257215 -0.1696626 -0.0208630 -0.4482089 -0.1968158 -0.2860673 -0.1212722 -0.5605850 -0.2537680 0.0346937 -0.0485839 -0.1839698 -0.1360672 -0.0859169 -0.2471861 0.2277926 0.0382629 -0.1633432 0.1993930 0.0364468 0.1551497 0.0380538 -0.0940890 0.0522305 0.0211437 -0.3628318 -0.0987530 -0.0288545 0.0910000 -0.0284096 -0.1268295 -0.4880590 0.0068267 -0.0603956 -0.2531295 0.0802701 0.0019737 0.0474695 -0.1159923 -0.4188209 0.1938569 -0.0799919 -0.1029455 -0.1922599 -0.1115413 -0.3528063 0.1208480 -0.2744990 0.3367455 -0.0846690 -0.2775484 -0.0146408 -0.0919326 -0.0308905 0.0712651 -0.0794751 -0.1537418 -0.2227561 -0.0995126 0.0817593 0.0279001 0.2033398 0.2364877 -0.0552826 0.1382392 0.0698882 -0.0970816 -0.1648990 0.0565717 0.2865343 0.0034320 0.1820190 0.0016810 -0.0373043 -0.0128052 -0.1360851 -0.0659413 -0.2646365 0.0785019 -0.0965615 -0.1373384 -0.1199341 -0.1760445 0.0170674 -0.2724339 -0.0847918 0.1032741 -0.1055040 -0.4128012 -0.3491086 -0.1603804 0.6632853 -0.0014340 0.6974403 0.2416886 -0.1736167 -0.4301112 -0.2889933 -0.3646912 -0.4885815 -0.5851354 -0.5148119 -0.4409056 -0.1381956 0.2643071 -0.4225357 -0.2263803 -0.1920339 -0.0231525 -0.4398123 0.3062409 0.6351218 -0.1167261 0.0023098 -0.0781070 -0.0500666 -0.0885820 -0.4645350 0.3988643 -0.4645152 -0.1530862 0.4567151 0.0545725 -0.2828854
0.2450516 0.4612993 0.0980974 0.4031712 0.0758510 0.3506824 0.1254220 0.1268789 0.3375865 0.4315084 0.1739287 -0.2573643 -0.0678764 0.0000000 0.2390808 -0.2130771 0.2909611 0.3740554 -0.3276127 0.2519752 -0.0927637 0.1564200 -0.1535316 0.1189990 -0.1773077 -0.1956428 0.4756315 0.1077815 0.0311640 0.6343566 -0.0019762 -0.4146268 -0.0668909 -0.0193382 -0.2205215 0.0360728 -0.2631874 -0.2951724 0.6218142 0.2477653 -0.3748847 0.4022959 -0.0207433 -0.3304027 0.5145720 -0.3717938 -0.3441633 -0.2590871 -0.2016477 -0.0690677 -0.2268135 0.3733461 0.1919577 0.0015541 -0.2913381 -0.1798136 -0.2796587 -0.2629347 0.1495254 0.0348987 0.3890855 0.1818016 0.1323889 -0.1596869 0.1699283 -0.2774622 0.0556365 0.1528229 -0.0453348 -0.0174577 -0.1934534 -0.1623351 0.0348103 -0.0181128 -0.2444303 0.0601771 -0.1906287 -0.0083407 0.0137591 -0.1375017 0.1251080 0.0803795 0.3155091 0.5029609 0.5146416 0.5604232 -0.2125778 0.3449162 0.3246376 0.1646388 0.0326980 -0.2129395 -0.0732615 0.4267759 0.0830999 -0.3358238 -0.2962626 -0.0231641 -0.0379259 0.2371663 0.1987591 0.2152423 0.4050924 0.6366276 -0.1397431 0.1077608 0.6420280 -0.0115410 0.3300692 0.4987110 -0.0628784 0.3585798 -0.1849698 -0.1144446 0.2209969 -0.0178963 -0.1727149 -0.0878611 -0.1631652 0.0691109 -0.1868349 -0.2060228 -0.5506054 -0.2593465 -0.0105763 0.1759246 -0.0404657 -0.5107449 0.1993884 -0.3357176 -0.1961129 -0.4309896 -0.0993064 0.1018856 -0.4377358 -0.4302443 -0.2473668 -0.0614897 -0.1419558 0.1236080 -0.3141467 -0.0064475 -0.4317940 0.2847612 -0.1571948 -0.5468441 -0.3224301 -0.3314969 -0.4119971 -0.1752274 0.0122202 0.0323244 -0.2184348 -0.3375482 -0.0920329 0.0455230 -0.0860573 -0.4140566 -0.1542220 0.4729508 -0.1588912 -0.1124348 -0.0674828 0.3890973 -0.2608821 -0.4334034 -0.3612915 -0.2276929 0.0437353 0.0098119 -0.2635985 -0.2075462 0.3311012 0.3232312 0.3219507 -0.1661129 -0.2422308 -0.1588276 0.0581260 0.2679987 -0.1029687 0.1532207 0.1796193 0.1478213 0.0853329 0.0221018 -0.0873503 -0.1949756 -0.2284180 -0.0755149 0.2881283 -0.1971223 0.1367410 0.2178852 0.1888572 0.2927044 0.4622909 0.0947745 0.1108686 0.3459958 -0.4286768 -0.3213812 0.0085985 0.2456077 0.1800283 0.3417256 -0.0807615 -0.1295046 -0.4434559 -0.0721975 -0.0207294 0.2224316 -0.1570788 0.1462546 -0.2475083 0.0962283 0.4505245 0.0459166
0.4570988 0.7829773 0.7042928 0.1504501 0.5200244 0.5229000 0.4608958 0.0008693 0.3240785 -0.3049073 -0.4501603 0.3345790 0.2926665 0.2390808 0.0000000 -0.5605533 -0.4143359 0.8412678 -0.6154337 -0.0925558 -0.1867021 -0.4295649 -0.5955452 0.8639207 -0.6203870 -0.6795197 -0.2546726 0.7255412 0.1069706 0.2860979 -0.4060505 -0.4593355 0.6823361 0.7043702 -0.6487526 -0.4110241 -0.4991289 -0.3517970 0.2051654 0.2681422 -0.3240028 -0.4178528 -0.4635898 0.3231356 -0.1986959 -0.6066398 -0.6033276 -0.0994086 0.5116871 -0.5398815 -0.5677099 -0.2777226 0.5548847 -0.3639260 -0.1748273 -0.2663997 -0.5389867 -0.2355945 -0.4186085 -0.5588298 -0.5330082 -0.5231626 0.4168849 -0.1235739 -0.1018356 -0.2611126 -0.4239555 -0.5783754 0.1531912 -0.5927473 -0.1841016 -0.1599056 -0.4097361 -0.0707486 -0.0799430 -0.4310589 -0.3741614 -0.2153965 -0.1816279 0.4165946 -0.1915041 -0.2319432 -0.3148279 0.4234328 0.4788197 -0.0285145 -0.6004253 0.0946153 0.2175430 0.1472786 -0.0960332 -0.5032975 -0.1909363 0.1466747 0.1287485 -0.2493787 -0.0557271 -0.3889536 0.2346428 -0.3309331 0.1233000 -0.3130254 -0.1775498 0.2221638 -0.0105760 0.1290993 0.0733924 0.1265250 0.0232224 0.5721906 0.3355521 0.0628772 0.1555884 0.0772393 0.2696325 -0.1257837 -0.1513050 0.0936521 -0.1016065 -0.2175395 -0.0317065 -0.0256862 -0.0669256 -0.1326548 0.0672082 -0.1757669 0.1287414 -0.1036698 -0.0057999 -0.0899143 -0.0533409 -0.3468558 -0.1752038 -0.0787506 -0.5278300 -0.1504438 -0.1823235 0.0239786 -0.0416030 -0.0498114 -0.1557905 0.0689297 -0.4897733 0.3487518 -0.0846214 -0.0005740 -0.0249814 0.0346486 -0.1303186 -0.0152594 -0.1029600 0.0557546 0.0367520 0.0803824 -0.1631700 0.3811118 0.0053371 -0.0118398 -0.2150162 0.0189258 0.0670779 -0.0431922 0.3914475 0.2129060 -0.0594163 0.3190156 0.2325428 0.1149607 0.0266088 -0.0796935 0.0528916 -0.2593186 -0.1914369 -0.1927051 0.4306719 -0.0100879 -0.0883580 0.2074294 -0.3010972 -0.3356829 -0.2213387 -0.4437072 -0.4853082 -0.4617115 -0.2463901 0.0136501 0.0462205 0.2717665 -0.1018154 -0.0794284 -0.4095869 0.0672924 0.1358891 -0.2353915 -0.1736863 -0.1517501 -0.0467386 0.1122866 -0.0490420 -0.1372708 -0.1891336 -0.0123081 0.1275989 0.1883868 0.1855584 0.2671191 -0.2336661 -0.5219140 -0.0463114 -0.0694613 0.3263256 -0.0239449 -0.2414263 -0.3374573 -0.5419535 -0.2202622 0.3786428 -0.2555874
-0.2798861 -0.5430146 -0.3561918 0.1934023 -0.0672520 -0.0611156 -0.2657490 0.5424317 0.2601772 0.6083181 0.8074688 -0.2712534 0.1794658 -0.2130771 -0.5605533 0.0000000 0.7527221 -0.6580627 0.9041844 0.0860218 -0.0652695 0.4448994 0.9292793 -0.7196418 0.8475877 0.9016561 0.5043925 -0.7250793 -0.2327075 -0.2776944 0.2721379 0.7377794 -0.7538401 -0.6846781 0.9239865 -0.0179422 0.8158875 0.5863840 0.2809021 -0.0361505 0.3970141 -0.1019176 0.8070960 -0.3429800 -0.2135270 0.7678160 0.8466575 0.2797225 -0.6454979 0.7520784 0.8696666 0.5882004 -0.6519920 0.5815473 0.3711677 0.5711432 0.7923720 0.0729842 -0.0105654 0.8289179 0.2964801 0.8077583 -0.0848269 0.0037938 0.4014753 0.6793600 0.7740197 0.6164371 0.3697534 0.4412584 0.6465856 -0.0349846 0.7157309 0.1723810 0.6022532 0.6503429 0.1525470 0.6087825 0.5406748 0.1332288 0.5332345 0.0237724 -0.1573459 -0.2878490 -0.2792421 -0.3308254 0.2868829 -0.4408619 -0.5440065 -0.4671408 -0.1722463 0.0200915 -0.2023433 -0.4636807 -0.5345211 -0.0707677 -0.2026210 0.0956752 -0.4321464 0.0428533 -0.2471856 -0.0224814 -0.2941995 -0.2945774 -0.0877906 -0.2885184 -0.2674909 -0.1906561 -0.1694777 -0.4343948 -0.3976132 -0.4542286 -0.0751556 -0.1992175 -0.1451080 0.0572282 -0.0068875 -0.0834237 0.0436787 0.0298350 -0.0627787 0.0628428 -0.1157571 0.0916623 -0.0250982 -0.0824931 -0.1288339 -0.2096027 -0.1796058 -0.0057749 -0.0279196 -0.0963967 -0.1197681 -0.0317481 0.3696090 -0.1440746 -0.0004067 -0.1255560 -0.0663854 -0.0046066 0.0360924 -0.1863273 0.2530618 -0.0193343 -0.1200931 -0.1088480 -0.1064476 -0.1440719 0.0130007 -0.2048379 -0.0032058 -0.1291011 -0.1765327 -0.0807194 -0.0763427 0.1041039 -0.0159321 -0.0902849 0.0443366 0.0052142 -0.3565270 -0.1265406 -0.4829870 -0.1400333 -0.2033288 -0.1830066 -0.2307423 -0.2522975 -0.1063483 -0.1402194 -0.1338354 -0.0052760 0.3309777 0.2578212 -0.2744944 -0.0657227 0.0194472 0.1272021 -0.0058865 0.0338423 0.2484489 0.1349245 -0.0159314 -0.0827679 -0.1610977 0.1899742 -0.3547957 0.0842651 0.2111814 -0.0738035 0.0361617 -0.1115776 -0.1001918 -0.1195786 -0.1539913 -0.0142725 -0.0579366 0.0482228 0.3586858 -0.0380252 0.0170955 0.0340563 -0.0815824 -0.2511789 -0.3457386 0.1995906 0.1208837 0.4448833 0.0414193 0.3932793 0.0412388 0.1733615 0.1814208 0.1030836 0.4708428 0.3998217 0.1220991 0.1103033
-0.1311416 -0.3501864 -0.2569164 0.3547145 -0.0148689 -0.0605576 -0.1956054 0.5920424 0.4038969 0.8877541 0.8709863 -0.4772185 0.1568961 0.2909611 -0.4143359 0.7527221 0.0000000 -0.4910662 0.7095067 0.3669790 -0.1279215 0.5806237 0.7645433 -0.7119116 0.7520823 0.7101075 0.8892637 -0.6639736 -0.2912676 -0.0069053 0.3999202 0.4970931 -0.7024399 -0.6380946 0.7598039 -0.0599463 0.6805449 0.4738444 0.5836480 0.1034488 0.2568389 -0.0179313 0.8239504 -0.4927176 0.0420294 0.4851791 0.6500022 0.1042128 -0.7040809 0.6494794 0.7419635 0.8460992 -0.4843048 0.7173582 0.2090820 0.3696777 0.6671099 -0.0076410 -0.1067665 0.9066423 0.5016705 0.9570294 -0.1111298 -0.0521657 0.5541902 0.5879470 0.8445882 0.8221135 0.3355519 0.4956568 0.6514332 -0.1003601 0.8688045 0.1760143 0.5935793 0.7005745 0.1047000 0.7262275 0.6808286 0.0942774 0.7138167 -0.0127555 -0.1450513 -0.1490039 -0.1925266 -0.0928831 0.3053479 -0.3776976 -0.5328392 -0.6360966 -0.1269072 -0.0093268 -0.3144469 -0.4342509 -0.5822163 -0.3975424 -0.5000473 -0.0738090 -0.6395532 -0.1262032 -0.3793119 -0.0327025 -0.0923083 -0.1376401 -0.3911055 -0.4642679 -0.0635272 -0.2745171 -0.1727537 -0.3248078 -0.5679585 -0.4667032 -0.4323068 -0.5360716 -0.3278902 -0.1561020 -0.2695110 -0.3688542 -0.2500222 -0.0849914 -0.3954766 -0.2077319 -0.5418911 -0.2931083 -0.2934721 -0.1059425 -0.4287156 -0.5677967 -0.1890084 -0.4715143 -0.4318471 -0.3873049 -0.4339843 -0.1586095 0.1320682 -0.4823138 -0.4210051 -0.3694023 -0.3746423 -0.1461999 -0.2646854 -0.3584554 0.0237328 0.0036448 -0.4055600 -0.5958873 -0.5012345 -0.5528128 -0.3432375 -0.5029760 -0.2453311 0.0630852 -0.4741448 -0.4202577 -0.3560451 -0.0941433 -0.2947563 -0.4989619 -0.3084679 0.1502988 -0.7158459 -0.4613043 -0.6453881 -0.0507501 -0.5561231 -0.4403989 -0.4913812 -0.5189118 -0.2746783 -0.3748431 -0.4926405 -0.3567784 0.3054096 0.2884083 -0.1497820 -0.2041841 -0.1135516 0.0944392 -0.0624834 0.0563691 0.1795861 0.1717445 -0.0117097 -0.1270684 -0.2654883 0.1480354 -0.5464157 -0.0203270 0.1850547 -0.0582341 0.1515447 -0.2047889 0.0662255 -0.1060640 -0.1520918 0.0061711 -0.0037966 0.1602461 0.5616197 0.0304696 -0.1108937 -0.0137504 -0.1220017 -0.2938760 -0.3740430 0.4355817 0.0482858 0.4796166 -0.2281487 0.5117435 -0.0343561 0.2348122 0.0101964 0.1132824 0.2667536 0.4325349 0.4549925 0.3656193
