0.0000000 0.0171747 -0.1355814 -0.2580520 -0.0097090 -0.0445800 0.3471442 -0.3705085 0.0845292 0.3189056 -0.3249732 0.1065804 -0.3227394 0.4307246 -0.0278792 -0.3586293 -0.1199266 0.3354744 -0.3640429 -0.1451454 -0.0285593 -0.3115330 -0.2165712 0.1804827 -0.2903283 -0.2933213 0.3270301 0.2921179 -0.2254378 0.3659449 -0.2294532 -0.3682713 -0.2048657 -0.2032247 -0.2144894 0.0398933 -0.1923366 -0.2913644 -0.0602573 0.1089185 -0.1825037 -0.1390951 -0.2099453 -0.1130158 -0.0966043 -0.2745301 -0.1486027 -0.2584818 -0.3895028 -0.1642805 -0.1930024 0.0494304 -0.2723401 -0.0822064 -0.2267962 -0.2652679 -0.1033559 -0.2604266 0.0055115 -0.2933086 -0.0004848 -0.0663632 -0.3217317 -0.3162930 -0.0791962 -0.0168968 -0.2161596 -0.1368325 -0.0705334 -0.2644456 -0.3363875 -0.2142644 -0.1256928 0.0678651 -0.0851436 -0.0233853 -0.0080908 -0.0953968 -0.0814154 -0.2550152 -0.0362947 -0.1174292 -0.3502188 -0.2964827 -0.2218381 -0.3611571 -0.1224569 -0.2599923 -0.3862816 -0.3817373 -0.0134106 -0.2080134 0.0020595 -0.1056355 -0.2241251 -0.1248290 0.2922050 0.0483663 -0.1304188 0.2300979 -0.1508368 0.1781267 0.1034053 -0.0123189 0.1493752 -0.2185968 0.1310951 0.0457245 0.2351257 0.1168703 -0.0026205 0.1749967 0.2666588 0.2467111 -0.0048008 0.3695309 0.2980750 0.1519227 0.3421248 0.2326512 0.3649401 0.3411969 0.1370030 0.1717166 -0.1763684 0.3505027 0.2367368 -0.1724929 0.1363265 -0.0587928 -0.2099910 -0.0137049 0.1200764 0.0338041 -0.2471172 0.2814239 -0.2096313 0.1601663 0.1099706 0.1427713 0.1387394 0.0780535 -0.3345200 -0.0003994 0.0126978 0.2411082 0.0434912 0.0136281 -0.2531967 0.0011317 0.1012619 -0.0591158 -0.3441957 -0.0387833 -0.0205247 -0.2176696 -0.4309397 0.0194539 -0.2638807 -0.2503751 0.1049066 -0.1736322 -0.0139796 -0.4403267 0.1776999 0.1064100 -0.1799373 -0.1757648 -0.2355914 -0.1386950 0.0307615 -0.0955735 0.2187287 0.1911809 0.3850478 0.2765863 0.2903303 0.2187853 0.1171287 0.2433805 0.2583324 0.3720693 0.1927194 0.2192457 0.0412861 0.1381366 0.0214861 0.0542852 0.0819921 -0.0323973 0.2370281 -0.1470435 0.1054573 0.1305624 0.1699872 0.0412428 0.1316320 -0.1057686 -0.1745718 0.1996536 -0.2911099 -0.2321535 -0.2382552 -0.0725050 -0.3248255 0.1975964 0.1385737 0.0457547 -0.3401333 -0.3641596 -0.0204831 -0.0594943 -0.2824226 -0.1352133 -0.0670421 -0.0975717 -0.1027545 -0.2974090
0.0171747 0.0000000 0.6058356 0.6778887 0.1830687 0.7253712 0.5839413 0.7003588 0.6451258 -0.0916097 0.5552857 0.7118451 0.6512064 -0.4789987 0.5389884 0.3274209 0.2285795 -0.4855093 0.3743829 0.4108607 0.4367453 0.7632750 0.1286566 -0.2262072 0.6338160 0.1397091 -0.0278780 -0.4605371 0.3911615 -0.2684902 0.6415442 0.6982443 0.1657604 0.3538610 0.1077108 0.2348676 0.2630226 0.8060566 -0.0914987 0.0611360 0.6124795 0.4060938 0.1389650 0.3220125 0.4997533 0.5855660 0.5209250 0.7019823 0.7586759 0.7039227 0.3894854 0.1277002 0.7941350 0.3193993 0.7823019 0.7556120 0.4613719 0.5904474 0.5043260 0.3715994 0.4305344 0.2663823 0.3877317 0.7594782 0.5132549 0.5870813 0.6511148 0.4568276 0.3673533 0.6746725 0.7059370 0.6449125 0.5804037 0.1063280 0.7349114 0.6300671 0.3838007 0.5187824 0.6339143 0.7133661 0.2629604 -0.3857231 0.3655953 0.2744608 0.3526401 0.4898647 0.1618250 -0.0577610 0.3411028 0.1459419 0.2507549 0.3945805 0.2665121 -0.2055259 0.1583831 0.6660159 0.2867541 0.3343096 -0.1545711 0.2644500 -0.1030268 0.3377862 0.1570805 -0.2138298 0.3222970 0.6009979 0.1722519 0.1617942 0.3495751 0.1473479 0.0642381 0.0788111 -0.0294302 -0.0402610 0.1997366 -0.0824215 -0.1516167 0.0614045 -0.1132288 0.2691959 -0.2296265 -0.3436126 -0.1853827 0.1772588 0.1920900 0.2694547 -0.1701908 0.3979311 0.2582665 0.2764514 0.1830926 0.2096720 -0.2565880 0.1433387 -0.3328880 0.0562472 0.2740358 0.2239632 -0.1059417 -0.1099727 -0.4343280 0.0445681 -0.0682072 0.1659580 0.1973174 -0.1183232 -0.0278225 -0.0355104 0.0540819 -0.3437553 -0.2187733 -0.0106729 -0.2073220 -0.4099565 -0.1922235 -0.1863214 -0.0148784 -0.0316745 -0.1760546 -0.2115312 -0.1517710 -0.2178093 -0.1954497 -0.0237480 -0.1900088 -0.2791311 -0.1698282 0.0836192 0.0726341 -0.0062752 0.1535608 0.0982147 0.3635289 0.2079191 0.2389099 -0.1347483 -0.2956723 -0.4969218 -0.1286302 -0.2906852 -0.2375605 -0.1131596 0.2931189 0.0499356 0.2854852 0.1420617 -0.0560571 -0.3258273 -0.3678010 -0.1924764 0.2980125 -0.1389565 -0.4745006 0.3086896 0.3381874 0.3915400 0.4743845 0.5554921 0.6410028 0.4684625 0.3931065 0.0944932 0.4754463 0.5646275 -0.2662306 -0.1776950 0.4217309 0.5821951 0.2655436 0.2604447 0.5611165 0.0866701 -0.2762407 0.3130640 0.6857988 0.5557332 0.3054435 0.1370017
-0.1355814 0.6058356 0.0000000 0.7537198 0.5732709 0.7256352 0.4286212 0.7930221 0.6606040 -0.0844788 0.7198809 0.5068550 0.8518209 -0.2148299 0.4578823 0.5428175 0.5004513 -0.1326250 0.4976911 0.7242923 0.1147366 0.6388282 0.4279302 0.0429577 0.5865813 0.3383014 0.1389098 -0.2808930 0.2202681 -0.0699742 0.4931439 0.5224200 0.1643129 0.1477846 0.5124896 -0.0499979 0.3485804 0.6826445 0.4073383 0.4046571 0.4528435 0.1029692 0.6178307 0.5859003 0.3758773 0.5576649 0.5316748 0.5626313 0.5508387 0.3701038 0.5752563 0.4671952 0.4359109 0.5807440 0.5484827 0.6863860 0.5194861 0.6437200 0.5022498 0.5892515 0.4001930 0.4420043 0.4912588 0.4226676 0.6078438 0.4468491 0.6556356 0.6066083 0.3710645 0.4626217 0.5997177 0.1440010 0.6920838 0.2215278 0.4802489 0.5266525 -0.1683063 0.3931441 0.5157420 0.3098577 0.2701785 -0.1272951 0.3721366 0.4802629 0.5850959 0.6018271 -0.0117613 0.5700876 0.5827301 0.4830408 0.4163947 0.4970414 0.5338605 0.2136789 0.1271191 0.6761962 0.3062048 0.3905631 0.0308691 0.4442576 0.0226004 0.4226088 0.1059408 0.1084097 0.3195950 0.4298435 0.2683286 0.1916656 0.0703838 0.2956807 -0.0428795 0.0949656 0.0317801 -0.0051150 0.2903610 -0.0721377 -0.1229957 -0.0738011 -0.1797707 0.1267560 -0.2374724 -0.2807061 -0.5628832 0.0065143 0.4174581 -0.0225059 -0.3263768 0.1143433 0.2603158 0.3101414 0.3535346 0.1406988 -0.2256662 0.2536519 -0.4558470 -0.1413396 0.2446461 0.2763712 -0.0003958 -0.3527091 -0.1968584 -0.0567477 0.0404096 -0.1651482 0.0374485 -0.0985413 0.1729719 0.1435476 0.3276602 -0.3456818 -0.4930853 -0.2977390 0.0784247 -0.0801613 0.0477397 -0.2232578 0.1644467 -0.1878258 0.1630910 -0.2263675 0.0055741 -0.0622546 -0.2885198 -0.0321723 -0.1723885 -0.4387425 -0.2504051 0.3387364 0.4008730 0.1422641 0.1762286 0.3438823 0.1165197 -0.1070827 -0.1240721 0.1219348 -0.1374801 -0.1977976 -0.2577853 -0.1856107 0.0209840 0.1162301 0.4468133 0.2780834 0.3864480 0.3773809 0.2998292 0.0871191 -0.3321445 -0.5601091 0.0330466 -0.3873755 -0.2501076 0.1093029 0.0822663 0.1020163 -0.0576733 0.0987350 0.2179622 0.0864153 0.2156917 -0.0525929 0.0669441 0.2390855 0.1663342 0.1570444 0.0973949 0.1666576 0.3023591 -0.0334644 0.2151030 -0.2017449 0.2284757 0.4881276 0.1566344 0.4846586 0.2764645 0.0361420
-0.2580520 0.6778887 0.7537198 0.0000000 0.1555718 0.8928490 0.4638954 0.8092722 0.7275093 -0.0389034 0.8558392 0.4452083 0.6606224 -0.3968052 0.5550217 0.5721127 0.4921850 -0.3093641 0.5619292 0.5868252 0.2355653 0.6216840 0.3669865 -0.0187957 0.5920005 0.3861207 0.0299306 -0.4265066 0.5938199 -0.0136797 0.4411591 0.5606256 0.2993804 0.6144897 0.4183900 0.0159633 0.3353738 0.6884342 0.2682861 0.3886223 0.3985623 0.2343297 0.4945566 0.5380456 0.4267933 0.6665293 0.5343198 0.5770133 0.7851496 0.3424624 0.5620412 0.2888076 0.6687837 0.4410918 0.5631003 0.6005233 0.3658145 0.6856569 0.1274208 0.5750987 0.1013387 0.3036678 0.2383461 0.5163643 0.2127123 0.2777050 0.5317598 0.5134660 0.0128176 0.6181663 0.4243074 0.2803539 0.5278205 -0.2183715 0.6022092 0.5626075 -0.0659999 0.2811234 0.2812468 0.3825375 -0.1508331 -0.0222499 0.2990589 0.4249627 0.5600392 0.4240046 -0.1703033 0.4774997 0.4933825 0.4837034 0.5282274 0.7612974 0.5515584 0.0584826 0.0911145 0.7261987 0.4446140 0.4145033 -0.0408258 0.2597403 0.0058246 0.3443398 -0.0377201 0.1236645 0.5225024 0.4320878 0.2097816 -0.0075002 0.1776639 0.2438818 0.4081460 0.2607879 -0.0517964 -0.0774712 0.1980086 -0.0800094 -0.0489843 0.1053863 -0.0914076 0.2375959 -0.1961671 -0.3279096 -0.2409222 0.0588336 0.2461989 0.2037062 -0.2448964 0.2651318 0.3876876 0.2588727 0.2732702 0.0982843 -0.2397862 0.0893097 -0.2532059 -0.0247251 0.2810703 0.3916445 0.0282686 -0.1102457 -0.2013950 0.2088015 0.1053047 0.0824317 0.2288276 -0.0626067 0.2519967 0.1212671 0.3920320 -0.2041363 -0.1399528 -0.1902504 0.1160682 -0.1153309 -0.1082328 -0.3378624 0.3467121 -0.0458444 0.1436114 0.0155220 -0.0987564 -0.0527489 -0.2778155 0.2499739 -0.0636413 -0.4545321 -0.0825270 0.4362035 0.4779317 0.1867103 0.2113679 0.4236667 0.2091638 0.1233665 -0.0368575 -0.2843500 -0.4996702 -0.5082040 -0.3802246 -0.4724291 -0.3513033 -0.2531937 0.0193865 -0.0727791 -0.0625211 -0.0909946 -0.1236768 -0.2064728 -0.5142950 -0.6076223 0.2571449 -0.5209161 -0.6265461 0.3070941 0.3289726 0.3483279 0.2492602 0.0710803 0.1521156 0.3554598 0.0987452 0.0492467 0.0854182 0.1827515 -0.0330181 -0.2664702 0.2993204 0.2052353 0.1926264 0.0903818 0.4125606 -0.1991700 -0.1212521 0.6238756 0.2495758 0.2730415 0.1580701 -0.0644339
-0.0097090 0.1830687 0.5732709 0.1555718 0.0000000 0.3095153 0.4101585 0.3947348 0.0800105 -0.1921020 0.3734362 0.1261725 0.6495069 0.0176545 0.0195330 0.3795121 0.4161695 -0.2078020 0.3772617 0.4879070 -0.2167394 0.2985358 0.5116811 -0.1777848 0.4769935 0.4513515 0.0288926 -0.0699898 -0.4331009 0.0619817 0.5385000 0.3924058 -0.2036380 -0.5051162 0.5709040 -0.0471891 0.5511713 0.4691852 0.4621847 0.5055356 0.5689447 -0.0932235 0.6254942 0.6945732 0.2706596 0.4918242 0.5006540 0.4103443 0.0653456 0.3658797 0.5037406 0.6454479 -0.1078898 0.7096300 0.3739378 0.5915086 0.6489317 0.4918595 0.7151104 0.4594140 0.8012568 0.6477545 0.4937665 0.1678148 0.7600086 0.5769116 0.5565442 0.6332006 0.6849561 0.3577683 0.4388444 -0.1320443 0.6611443 0.7416337 0.3608842 0.4236856 -0.0602615 0.5034791 0.6905182 0.1819597 0.7290930 -0.2569716 0.1564640 0.2606694 0.1392048 0.3734466 0.4521989 0.4231944 0.4540721 0.4034497 0.5469538 0.0065749 0.1069775 0.3481800 0.4469919 0.4798142 0.0319815 0.2804928 0.4203928 0.3175267 0.3170528 0.4459972 0.1009794 -0.0029682 0.0896561 0.4145590 0.0571974 0.1252237 0.0289774 -0.1175483 -0.3119680 -0.3215634 -0.0635311 -0.0590859 -0.0825401 -0.1341716 -0.1717341 -0.1920659 -0.2310981 -0.0511092 -0.1381169 -0.2216672 -0.2376014 -0.3463581 0.3545821 -0.1194863 -0.1734420 -0.1541949 0.2131412 0.1892172 0.4663299 0.2495754 0.1424452 -0.1763348 -0.3006306 -0.3372384 -0.0198216 0.3256280 0.1802005 -0.4609450 -0.0929661 0.0122270 -0.0460432 -0.4666163 -0.2115556 -0.3763947 0.2036481 0.1515502 0.0184833 -0.1169393 -0.5975213 -0.4043978 0.1742249 -0.1741120 0.3155438 0.0307266 -0.1578533 -0.2820288 -0.0307595 -0.4138480 0.0242028 -0.0505501 -0.0176478 -0.3189614 -0.1886041 -0.1255288 -0.3695067 0.0686052 0.0160999 -0.0695029 -0.0617141 0.0091520 -0.1389262 -0.2635224 -0.0125776 0.6288761 0.5186504 0.5465876 0.2006077 0.5262198 0.7449932 0.5451572 0.4412074 0.2664039 0.5843187 0.8784617 0.6916503 0.4986319 0.2834930 -0.2082273 -0.2198565 0.0368010 0.4671106 -0.2640210 -0.2398533 -0.3568284 -0.4299165 0.1371243 0.3739214 -0.2628103 -0.0797512 -0.4998104 0.0719059 -0.1388458 0.3467118 0.7348744 -0.2620572 0.0477875 -0.2245499 -0.3332329 -0.2515336 -0.2312431 0.6440738 0.0481616 -0.0574082 0.4005729 -0.2015572 -0.1939738
-0.0445800 0.7253712 0.7256352 0.8928490 0.3095153 0.0000000 0.6140278 0.7787895 0.7580238 -0.0647998 0.8384988 0.4978265 0.6674613 -0.4088233 0.5289189 0.5972222 0.5155638 -0.4023333 0.6535685 0.5133166 0.2130812 0.5875738 0.4441899 -0.0781440 0.7104039 0.5022024 0.0488047 -0.4805881 0.4894585 -0.0189670 0.5004824 0.6392870 0.1700932 0.4791770 0.4905158 0.0120571 0.5088096 0.7734573 0.3053232 0.4441813 0.6321842 0.1599094 0.5338328 0.6128357 0.4367850 0.8183000 0.6811989 0.7071889 0.7407002 0.4282573 0.6420568 0.3987365 0.6175861 0.5389193 0.6033714 0.7125691 0.5645203 0.7194321 0.2464620 0.6054607 0.2705553 0.4265913 0.2282097 0.5208626 0.2718811 0.5064420 0.6095975 0.6101207 0.1602961 0.6712609 0.4326625 0.2760519 0.6304261 -0.0638893 0.6395954 0.6415590 -0.0427556 0.3340176 0.4254931 0.3570514 -0.0106111 0.0371989 0.3146510 0.4025879 0.4452685 0.3749794 0.0044885 0.4193845 0.4951215 0.4724196 0.6017727 0.6056267 0.4662014 0.0505425 0.2256999 0.7552592 0.5109166 0.3404060 0.0878691 0.2269033 0.0621003 0.3812212 0.0225064 0.0590538 0.5703393 0.4382755 0.2020344 0.0874701 0.2654342 0.2196602 0.4007272 0.1529561 -0.0130719 0.0026786 0.1131654 0.0482566 0.0691211 0.2411630 0.0522537 0.2275164 0.0190764 -0.1701912 -0.0701533 0.1045638 0.3083398 0.2319169 -0.0426807 0.4216399 0.3961338 0.4095249 0.3387421 0.2347906 0.0398630 0.1183993 -0.1902522 0.1279802 0.3178602 0.4624263 0.0047822 -0.2326636 0.0191412 0.1566379 0.2123597 -0.0015574 0.2559410 -0.0379613 0.3408669 0.1887174 0.4554257 -0.0750092 -0.1678713 -0.1741207 0.2848197 0.0172664 0.1664859 -0.3085288 0.3163676 0.1966970 0.1953964 -0.0701418 0.1283708 0.0850865 -0.1187974 0.0711729 0.1947879 -0.2047723 -0.0114407 0.5310489 0.4809382 0.2886038 0.4172532 0.5187219 0.1368143 0.0003980 0.0312135 -0.1179650 -0.3357213 -0.3638640 -0.2491780 -0.2640703 -0.0964149 -0.0710182 0.1042997 0.0503485 0.0889776 0.0394345 0.0265606 -0.1153401 -0.4856973 -0.6342602 0.2055175 -0.5145731 -0.5171409 0.2352818 0.3188303 0.3006917 0.2090221 0.1314121 0.2397567 0.3143837 -0.0390967 -0.2569968 0.1494414 0.1219448 -0.0069257 -0.1137387 0.2478162 0.2289902 -0.0725253 -0.2139519 0.2316355 -0.3777949 -0.0334974 0.6881866 0.2451370 0.2261775 0.0557649 -0.1664296
0.3471442 0.5839413 0.4286212 0.4638954 0.4101585 0.6140278 0.0000000 0.3739790 0.4485220 -0.2266661 0.5801476 0.3893809 0.4117638 -0.2993087 0.3242951 0.4536647 0.3443545 -0.4420393 0.2930452 0.0703144 -0.1336061 0.3343001 0.4646525 -0.3944032 0.4341396 0.3199189 0.3679390 -0.3197331 -0.0751909 0.5169803 0.3615312 0.5480371 -0.2520552 -0.0933180 0.4965916 -0.0710596 0.5420535 0.5481533 0.4689874 0.6459260 0.4043809 -0.0193997 0.5358515 0.5984182 0.2362745 0.5899508 0.6504846 0.3562972 0.3412118 0.4808763 0.6176437 0.6424159 0.2088591 0.5495989 0.4949268 0.5322017 0.5852363 0.5904724 0.4851426 0.6000198 0.3507065 0.5012766 0.1910714 0.3292775 0.3837293 0.5973555 0.6322429 0.5739607 0.1263201 0.6556771 0.4960717 0.0786416 0.5808421 0.2794065 0.6807204 0.7540479 0.1552147 0.6213462 0.5854381 0.3263153 0.2905665 -0.5975297 -0.1997904 -0.0677936 -0.0141628 0.0447136 -0.1642802 0.1304289 0.1193735 0.0561266 0.6588093 0.4596762 0.2688617 -0.2015467 -0.0299074 0.5384500 0.4207107 0.2420406 -0.2364289 0.4741326 -0.1293131 0.3088554 -0.2310406 -0.2289200 0.3571264 0.2117076 0.0098314 0.0187117 0.2972369 0.1189224 0.1654296 -0.0877667 -0.1493547 -0.0912758 -0.2496638 -0.1158775 -0.0201066 0.0343046 -0.0240674 0.1099459 -0.0835646 -0.2245390 0.1538849 -0.0913217 -0.0421697 0.4351686 0.0690427 0.2924665 0.4426273 0.1878788 0.4979808 0.5296062 0.2324424 -0.1010825 -0.3404382 0.0651478 0.3063425 0.4631649 0.4856174 -0.1681216 -0.0962604 0.2825011 -0.0117561 -0.0770118 0.1793204 -0.2202721 0.4400208 0.2756005 0.1780652 -0.1345749 -0.2256610 -0.3694063 -0.0594617 -0.2846233 0.1613502 -0.5237312 0.1271931 -0.2068481 0.0504149 -0.3356161 -0.0815617 -0.2989858 -0.4535103 -0.1780322 -0.0317201 -0.5215930 -0.5205110 0.2644218 0.2371904 -0.1284104 0.0529113 0.2582765 0.4252274 0.3007954 0.4809471 0.3057786 0.0547578 0.0410284 -0.2170153 0.0647273 0.2790655 0.4868262 0.3599582 0.2546920 0.3020905 0.3467475 0.1714986 -0.0731675 -0.0500298 -0.1971670 0.1478054 -0.2846250 -0.0634929 -0.1401441 0.1189428 -0.1744758 0.0059818 0.0992634 0.4177361 0.2172044 0.0102673 -0.1180951 0.1092518 0.0442977 -0.3921795 0.3020417 0.2198477 0.0965082 -0.1333040 -0.0323879 0.2131405 -0.3001718 -0.2243998 0.2920054 0.1176433 0.2592303 -0.4347006 -0.5740876
-0.3705085 0.7003588 0.7930221 0.8092722 0.3947348 0.7787895 0.3739790 0.0000000 0.7085000 -0.3285495 0.8019951 0.6566426 0.8846890 -0.5833241 0.7263367 0.6614037 0.2682537 -0.4710660 0.7631981 0.6258736 0.4891390 0.8147607 0.3970388 0.0652170 0.8129228 0.4412317 -0.1284168 -0.2917815 0.5631159 -0.2477324 0.6982504 0.6076678 0.3044117 0.3899812 0.4999126 0.3418640 0.4002792 0.8258969 0.2350936 0.3845608 0.5530244 0.4788021 0.5259000 0.5775784 0.6670939 0.7256056 0.6421996 0.5247031 0.8577097 0.6136879 0.6099700 0.3730416 0.7828220 0.5629862 0.6001025 0.7760313 0.5205242 0.7460457 0.4491846 0.5841623 0.4971099 0.4452028 0.3873290 0.7802883 0.5310223 0.4741096 0.7166582 0.6393864 0.3261655 0.6697788 0.6336602 0.5552310 0.7350924 0.0662121 0.5658453 0.6195371 0.1605707 0.4105745 0.5989229 0.6437263 0.1268515 -0.0582605 0.3578881 0.2674977 0.3548075 0.4793452 0.1440299 0.2598541 0.3889243 0.2778771 0.4646892 0.4949261 0.4042036 -0.0825709 0.1442722 0.7694424 0.2437847 0.3923691 -0.0112342 0.1163947 -0.0205134 0.3853299 0.0385536 -0.0518008 0.3986917 0.5629840 0.1304018 0.0760096 0.2087853 0.0845234 0.0125422 0.0199237 -0.1205057 -0.1225493 0.1706052 -0.1742436 -0.1874323 0.0792051 -0.2162812 0.1156812 -0.2127869 -0.3674029 -0.2556030 0.1373386 0.5186439 0.1084768 -0.2546940 0.3454872 0.3273174 0.3888773 0.4374317 0.1121340 -0.0662447 0.1482342 -0.3341462 -0.1014441 0.3419975 0.3098847 -0.0250483 -0.1178609 -0.1678953 0.0752825 0.0752162 0.0201290 0.1843989 -0.0804729 0.1250373 0.1886015 0.2725563 -0.0971282 -0.2606862 -0.0684801 0.1031113 -0.0798911 0.0529666 0.0533117 0.1885839 0.0360071 0.0691776 -0.0266347 0.0316435 -0.0235104 -0.0346320 0.2267711 -0.1483059 -0.2533387 -0.1499957 0.2249202 0.3094481 0.1953807 0.1796532 0.2938285 -0.1886177 -0.3104532 -0.3361672 -0.1630915 -0.1815039 -0.2494222 0.0573904 -0.0823303 -0.1178071 -0.1063018 0.2186614 0.0366607 0.1410839 0.1629300 -0.0559487 -0.3134166 -0.3612723 -0.3042588 0.0502569 -0.1362750 -0.3686538 0.2561592 0.1465983 0.3532900 0.2867969 0.4530863 0.4842915 0.3562658 0.3595733 -0.1133246 0.5069245 0.4952651 0.2304602 -0.1726973 0.3088112 0.4185874 0.2653153 0.0974055 0.4669023 0.0406837 0.1104361 0.5884328 0.3579080 0.5317677 0.1618758 0.1257817
0.0845292 0.6451258 0.6606040 0.7275093 0.0800105 0.7580238 0.4485220 0.7085000 0.0000000 -0.0865939 0.5910368 0.7008659 0.5221695 -0.4106127 0.8609321 0.4079743 0.1207594 -0.0650688 0.4615394 0.4579170 0.4714061 0.5129655 0.1244384 0.3051048 0.5285223 0.1955641 0.1037987 -0.1224918 0.6796393 0.0554228 0.3352675 0.3717128 0.2749080 0.5351744 0.2300408 0.3226086 0.1829166 0.4969453 0.1824397 0.3552292 0.2927399 0.4233260 0.2972991 0.3110552 0.4213509 0.4859104 0.4275858 0.3500980 0.6964142 0.2662939 0.3718748 0.2128974 0.6963929 0.2637609 0.4188481 0.5142331 0.2939232 0.4387467 0.2507646 0.3533304 0.0964837 0.1188053 0.2163376 0.5729283 0.2457187 0.2656833 0.3964843 0.3012721 0.0348010 0.3831847 0.3005912 0.4978142 0.3640035 -0.0988284 0.2543282 0.3437998 0.1190722 0.0248846 0.1981340 0.3791889 -0.2002383 0.0212289 0.0519033 0.0853487 0.3098059 0.1338999 -0.2882549 0.1828103 0.1362560 0.0493590 0.2371418 0.4346399 0.3004979 -0.2274708 -0.2998860 0.6134989 0.4096134 0.0327911 -0.3779744 0.1425618 -0.2662234 0.1763540 -0.1043110 -0.0544507 0.4473636 0.2244515 0.2097940 0.0908089 0.1021457 0.2925329 0.0816010 0.0692206 -0.0635217 0.0173050 -0.0029535 0.0032257 0.0043998 0.0825520 -0.0132687 -0.0736024 -0.1191524 -0.1629934 -0.0986826 0.2794313 0.1143002 0.0884856 -0.1575553 0.4243089 0.1159199 0.2523183 0.1106834 -0.0413731 -0.1548939 0.2416094 -0.3102222 0.0258215 0.1787490 0.1436098 -0.0607197 -0.2077866 0.0468802 -0.1416699 0.0710424 -0.0959046 0.1143556 0.0124152 0.1217272 0.1286825 0.3985763 -0.2740983 -0.2795942 -0.1519705 -0.1232822 0.1077570 -0.0188061 -0.3671537 0.1848966 0.0041666 0.1558403 -0.1395882 0.0684760 -0.1879445 -0.2973551 0.0069483 -0.0088445 -0.3030603 -0.1125828 0.3835251 0.4119525 0.1751482 0.4085490 0.4705137 -0.0172600 -0.1945900 -0.1894914 -0.2605291 -0.3856100 -0.4167537 -0.1322094 -0.2063011 -0.2593755 0.0079242 0.3841110 0.2593644 0.0709682 -0.0472848 -0.1066612 -0.2810876 -0.5380545 -0.4077102 -0.0563098 -0.3760675 -0.5911796 0.1675263 0.0702047 0.3198934 0.3312413 0.2724846 0.1849546 0.3325005 0.2075680 -0.0112589 0.1771029 0.4608267 0.1220840 -0.2014070 0.3283671 0.4070885 0.2240279 -0.0255756 0.3943076 -0.1166386 -0.0941520 0.6780087 0.2844507 0.3693055 0.1502422 -0.0047886
0.3189056 -0.0916097 -0.0844788 -0.0389034 -0.1921020 -0.0647998 -0.2266661 -0.3285495 -0.0865939 0.0000000 -0.3599207 -0.3763717 -0.3681817 0.8018469 -0.2773105 -0.5910861 0.1482358 0.7036358 -0.4527605 0.0674687 -0.2168799 -0.4053522 -0.4353454 0.4400509 -0.3914715 -0.4318354 0.1010051 0.4170855 -0.0237419 -0.0901274 -0.3258688 -0.4228151 0.3062035 0.2802345 -0.4671646 -0.0984035 -0.6011666 -0.4394185 -0.3430785 -0.3932417 -0.2537676 -0.1141136 -0.3865533 -0.2566389 -0.2046210 -0.4712870 -0.6280845 -0.0339888 -0.2642909 -0.5629061 -0.5557977 -0.4436823 -0.1762252 -0.3735555 -0.2842543 -0.3968189 -0.5981042 -0.3797252 -0.4327822 -0.5611257 -0.3351075 -0.5161677 0.0509382 -0.4066436 -0.2587098 -0.5807080 -0.6450165 -0.4227044 0.0198975 -0.4866434 -0.5089299 -0.2880765 -0.5188132 -0.1963132 -0.3380149 -0.5014668 -0.1803233 -0.4734851 -0.4845091 -0.2363751 -0.1575844 0.3552580 -0.0450890 0.1880273 0.1507190 -0.1652577 -0.1002581 0.2636085 0.0251207 0.0573850 -0.2344047 -0.1369758 -0.3275139 0.2921412 0.0152160 -0.2885823 -0.2790185 -0.2489474 0.1626678 -0.1737088 0.1539204 -0.3327935 -0.1011488 0.3245088 -0.1342150 -0.1568024 -0.3227676 -0.4167197 -0.4055675 -0.2765011 0.0477084 0.0452618 -0.1363623 -0.1772177 0.1523576 -0.0632958 -0.1844690 -0.2198435 -0.2059390 0.0056748 -0.1422227 -0.0417796 -0.1223659 -0.2873071 -0.2473291 -0.1833829 -0.2561829 -0.2352863 -0.1997470 -0.4545744 -0.7274300 -0.3230168 -0.5760410 -0.0428351 0.3477897 -0.2363465 -0.6574366 -0.1397963 -0.4332007 0.1244430 -0.2134974 -0.0529560 -0.0238449 -0.0534581 -0.3014832 -0.1863212 -0.3503783 -0.5581006 0.0102865 -0.2155161 0.1568765 -0.1379480 -0.0318714 -0.0024999 -0.3812301 -0.1742087 -0.2223081 -0.0863032 -0.3018734 0.2266941 -0.2626145 0.1163341 0.0686983 0.1876222 0.0620978 0.2513793 0.4389008 0.0540124 -0.0128876 0.1316918 0.0898722 -0.0195208 0.2674425 0.4627746 0.2684863 -0.1633343 -0.2620894 -0.1877490 -0.2344449 -0.2511434 -0.1693988 -0.2091878 -0.3944804 -0.4251958 -0.3184856 -0.0513090 -0.0563730 0.3320111 0.0057643 -0.2122566 0.0329841 -0.1308827 -0.1094502 0.1403164 0.0769522 0.1616851 0.0320144 -0.3302973 -0.3489947 -0.0680692 -0.4600494 0.1774624 -0.4647916 -0.2914033 -0.0319361 -0.0839997 -0.1349632 -0.0096051 -0.1657077 0.0224904 -0.2335914 0.0250362 0.1158590 -0.2892135 0.0924787 -0.2745041 0.2913228 0.2507671
-0.3249732 0.5552857 0.7198809 0.8558392 0.3734362 0.8384988 0.5801476 0.8019951 0.5910368 -0.3599207 0.0000000 0.4185154 0.7491949 -0.5356289 0.4719759 0.8921485 0.6482594 -0.5392830 0.7981471 0.4233872 0.1304217 0.6898512 0.7503666 -0.2538463 0.7510297 0.7390260 0.1521705 -0.5410372 0.4048330 0.1616905 0.5118302 0.7485037 0.0414334 0.3316557 0.7851792 -0.0602818 0.7025674 0.7821289 0.5563578 0.6426650 0.5351809 0.1022597 0.8091844 0.7599134 0.3665769 0.8549623 0.8042384 0.5586563 0.7429715 0.4593424 0.8601907 0.6245195 0.4857633 0.7311516 0.5826992 0.6591976 0.6283807 0.8980647 0.2747699 0.8762637 0.2452830 0.6610291 0.1720556 0.5409508 0.2473914 0.4948859 0.7253100 0.7939035 -0.0035976 0.8428932 0.5435233 0.1647845 0.7411484 -0.0339293 0.6628514 0.7375630 -0.0341758 0.4182935 0.4509710 0.3036205 -0.0289984 -0.0720681 0.3066929 0.3006716 0.3948725 0.4760959 -0.0729139 0.4289921 0.5538504 0.5380818 0.6370379 0.7349213 0.5794370 0.0518652 0.1414104 0.6777328 0.4667945 0.4448874 0.0036702 0.2185974 0.0091376 0.4423777 -0.0552872 -0.0217510 0.4159322 0.3542384 0.2057604 -0.0076291 0.2928544 0.2183014 0.3801072 0.1651380 -0.1238289 -0.1234745 0.1212509 -0.1098380 -0.0106148 0.2904706 -0.0672082 0.2221770 -0.1262780 -0.3172810 -0.0679531 0.0480096 0.4151287 0.2785554 -0.1592260 0.3302868 0.5331587 0.3722109 0.6406157 0.2137936 0.1095820 -0.0153575 -0.2477619 0.1474014 0.4983018 0.4989260 0.2797695 -0.1285823 0.0546130 0.3158801 0.1822287 -0.0333452 0.3068944 0.0128944 0.4889189 0.3885790 0.3963634 0.0422326 -0.1469088 -0.1629512 0.2612303 0.0289824 0.1716305 -0.1987165 0.4330021 0.0037212 0.2836345 -0.0609584 0.0197527 0.0412732 -0.1653447 0.1725072 -0.0213007 -0.4676814 -0.2375885 0.4103581 0.4601261 0.1297438 0.1036882 0.3960520 0.0393007 -0.0820213 -0.1415323 -0.0129638 -0.1558212 -0.1637618 -0.2012597 -0.2031378 -0.0368491 -0.0664005 0.0529205 0.0040894 0.0030125 0.0245822 -0.0359316 -0.1565032 -0.2580982 -0.4060817 0.1924208 -0.3927686 -0.3031288 0.1270184 0.2513341 0.1316758 0.0489630 0.0497912 0.2093819 0.2682456 0.1902544 -0.0933140 0.2586540 0.1321288 0.0875043 -0.0865969 0.3411419 0.1032124 0.1789912 -0.0475106 0.3624079 -0.2325762 0.0205850 0.6627933 0.1504226 0.3529699 -0.1690651 -0.3225853
0.1065804 0.7118451 0.5068550 0.4452083 0.1261725 0.4978265 0.3893809 0.6566426 0.7008659 -0.3763717 0.4185154 0.0000000 0.5369774 -0.5399119 0.7654696 0.3073541 -0.1517967 -0.3100042 0.3320056 0.3936013 0.7386531 0.6504508 0.0091767 0.1197735 0.4596340 0.0534125 -0.2535976 -0.1292538 0.5228805 -0.2331258 0.5252953 0.3594476 0.4052038 0.3331639 0.1109751 0.4904169 0.1640585 0.5702332 -0.0542690 0.1165992 0.3327654 0.5979932 0.1038914 0.1576585 0.5869057 0.4462665 0.4078406 0.2847219 0.6824197 0.5348263 0.2402227 0.0784476 0.7475870 0.1407568 0.4254140 0.5965418 0.3601462 0.3531875 0.4758897 0.2144746 0.4258560 0.1281502 0.2053901 0.7959936 0.4959726 0.4885996 0.4947854 0.2431669 0.2676733 0.4865504 0.5441701 0.7303264 0.4171977 0.1920957 0.4881382 0.5056395 0.5116059 0.3609393 0.4932527 0.5790826 0.0855419 -0.2245475 0.2290167 -0.0147931 0.1595757 0.3628969 0.0833225 -0.2305725 0.1155204 -0.0958236 0.1821989 0.3130955 0.4074394 -0.2605033 -0.0855964 0.5825117 0.3861532 0.2517531 -0.1971092 0.2464581 -0.0463892 0.4617047 0.2298809 -0.0727753 0.4025223 0.4862000 0.4095482 0.3784019 0.3828329 0.3134803 -0.0395124 0.1368160 0.1545483 0.2239636 0.2399781 0.1518969 0.0880851 0.2389693 0.1044461 0.0776535 0.0440429 -0.0322846 -0.1782135 0.6187056 0.2778993 0.0783928 0.0007712 0.4860197 0.0299654 0.4935247 0.2091734 0.0701177 -0.0148109 0.4158369 -0.5889607 0.1493498 0.2170603 -0.0822261 -0.2324963 -0.1734906 -0.0979038 -0.2675763 0.0234931 -0.0699053 -0.0368028 0.1773373 -0.2108242 -0.0435127 0.1554263 -0.1146780 -0.1640009 -0.1212098 -0.1946260 0.0055843 0.0872447 0.0186104 0.0766985 -0.0334496 0.0872754 -0.1128087 0.2783646 -0.0787395 0.0108516 0.0257612 0.0012736 -0.1803755 -0.0851620 0.0535520 0.1388572 0.1908149 0.3241835 0.2228171 -0.0295671 -0.2303917 -0.0214019 0.0965259 0.0688178 -0.2084096 0.2406313 0.0554945 -0.0581725 0.1378265 0.4860794 0.3883001 0.2870614 0.1418610 -0.1042047 -0.3926637 -0.1856695 0.0352368 0.0661551 0.0337263 -0.2910971 0.1561954 -0.0009216 0.2648662 0.4497406 0.6405599 0.4516698 0.3529645 0.3669871 -0.1289484 0.5346870 0.6443782 -0.1113101 -0.2214710 0.2987974 0.3887418 0.2318694 0.0402700 0.5376102 0.1629846 -0.3085662 0.5477866 0.4602877 0.4190900 0.2589871 0.1327873
-0.3227394 0.6512064 0.8518209 0.6606224 0.6495069 0.6674613 0.4117638 0.8846890 0.5221695 -0.3681817 0.7491949 0.5369774 0.0000000 -0.5100940 0.4466700 0.6977517 0.4135077 -0.5213916 0.7354811 0.6643256 0.2240265 0.8483312 0.5638478 -0.1904120 0.8296147 0.5568680 -0.0155339 -0.4341194 0.1851948 -0.1902101 0.8053239 0.7133835 0.0540895 0.0186697 0.6199716 0.1305911 0.5833212 0.8856600 0.4312001 0.4566309 0.7072557 0.2760808 0.6571472 0.7003034 0.5779061 0.7374791 0.7529616 0.6179348 0.6973646 0.7261086 0.7196451 0.5879637 0.5504154 0.7403472 0.7180890 0.8606705 0.7456655 0.8229134 0.6650343 0.6906811 0.6705809 0.6529502 0.4769912 0.6692280 0.7308311 0.6830083 0.8467479 0.7859420 0.5175383 0.6923044 0.7851774 0.3590804 0.8808858 0.3807927 0.5877287 0.7058659 0.1003315 0.5523187 0.7828778 0.5466347 0.4521403 -0.2397180 0.4898041 0.4160675 0.4016893 0.6663216 0.3476045 0.3320551 0.5366540 0.3892854 0.4884520 0.3604537 0.4008265 0.1405366 0.3570636 0.8083057 0.2415978 0.4624137 0.1163602 0.3474980 0.0755501 0.5104096 0.2222075 -0.0869906 0.3582954 0.6362340 0.2020075 0.1629563 0.3107620 0.0582105 -0.0889638 0.0078520 -0.0778148 -0.1648578 0.2115124 -0.2355587 -0.2858059 -0.0751567 -0.3085751 0.1821284 -0.3032769 -0.4469949 -0.3989973 -0.0660641 0.5991130 0.0711094 -0.3624673 0.1594955 0.3975528 0.3179431 0.5768535 0.2604982 -0.0824045 0.0970527 -0.3964460 -0.0739632 0.4313240 0.3953651 0.1067434 -0.2086492 -0.1789715 0.1393835 -0.0428103 -0.0438465 0.2095448 -0.0804771 0.2161601 0.2700085 0.1605320 -0.0894416 -0.3720809 -0.0825527 0.0735466 -0.1688356 0.0460572 0.0464949 0.0815968 -0.0860349 0.0189400 -0.1604532 -0.0528830 0.0090890 -0.1089385 -0.0171565 -0.2988591 -0.3396010 -0.3032913 0.1559669 0.2309462 0.1236603 0.0608188 0.1936994 -0.0710071 -0.2493058 -0.2403683 0.1424400 0.0187271 -0.0366606 -0.0028421 -0.0208084 0.1187145 0.0486602 0.4149230 0.1682072 0.4185394 0.4298296 0.2191398 -0.0112409 -0.1385258 -0.3024270 0.0499876 -0.1234612 -0.0706947 0.1350857 0.1133403 0.1319073 -0.0052568 0.4030392 0.5141088 0.1642385 0.4463698 -0.1143750 0.4534687 0.4159843 0.2875314 0.1832344 0.1688337 0.3819092 0.3163912 0.0250184 0.3161239 0.0203160 0.2717813 0.4442361 0.2547713 0.6763555 0.1934489 0.1448679
0.4307246 -0.4789987 -0.2148299 -0.3968052 0.0176545 -0.4088233 -0.2993087 -0.5833241 -0.4106127 0.8018469 -0.5356289 -0.5399119 -0.5100940 0.0000000 -0.5129578 -0.6258115 0.1144741 0.8122646 -0.5878208 -0.0833751 -0.3901633 -0.6168398 -0.3467221 0.4235066 -0.5936320 -0.4307115 0.2138266 0.5948062 -0.3977346 0.1321995 -0.5509991 -0.6353732 0.0837425 -0.1513877 -0.3618259 -0.1899099 -0.5561759 -0.6870683 -0.1958696 -0.2554369 -0.4602645 -0.3115424 -0.2872364 -0.2280163 -0.3390781 -0.6364448 -0.6854702 -0.3382549 -0.6842826 -0.7014080 -0.5587388 -0.2830573 -0.6340668 -0.2914512 -0.5856778 -0.6213435 -0.5984311 -0.5217664 -0.3944010 -0.5630619 -0.2534230 -0.3639900 -0.1139952 -0.7215576 -0.2379025 -0.6168321 -0.6946001 -0.4059202 -0.0416535 -0.6558663 -0.6407638 -0.6390886 -0.5291192 -0.0335321 -0.4765128 -0.5663717 -0.3807258 -0.4373966 -0.5026933 -0.5635193 -0.0612277 0.2925012 -0.1828237 0.0558483 0.0448647 -0.2259478 -0.0940953 0.2484273 -0.0452171 0.0437265 -0.2150382 -0.2487365 -0.2446144 0.4194400 -0.0274664 -0.5122092 -0.2527757 -0.1375215 0.2782577 -0.0670610 0.2421520 -0.1750113 -0.0180189 0.4184415 -0.2823075 -0.2994404 -0.1744871 -0.2507038 -0.3967102 -0.1436901 -0.0923997 0.0501448 0.0859425 0.0481788 0.1578991 0.1264978 0.0125071 -0.1443168 -0.0354178 0.0091819 0.0805032 0.2086425 -0.1063312 -0.2426227 -0.1973763 -0.1770363 -0.0437303 -0.4970429 -0.1869844 -0.3489642 -0.5421002 -0.3190260 -0.2975210 -0.0680449 0.1319189 -0.2496115 -0.6899937 -0.1686202 -0.2463412 0.0449809 -0.1196214 -0.0904911 -0.1864530 -0.2756357 -0.4423527 -0.1011721 -0.3103608 -0.4505892 -0.2137788 -0.1703834 0.0029581 -0.2511678 -0.0445464 0.0127384 -0.1891354 -0.0492695 -0.3805515 -0.2221053 -0.2868847 -0.0263270 -0.1484046 0.0288876 0.1511702 -0.0758914 0.0443789 0.2503764 0.1973218 -0.1881743 -0.2418220 -0.1102026 -0.1838408 -0.2598030 0.0943487 0.2705109 0.2059906 0.1945451 0.1893259 0.2411683 -0.0355065 0.1138574 0.1727818 0.0949478 -0.2728360 -0.1914577 -0.2094424 0.1549166 0.1422293 0.4704362 0.2548371 -0.0745955 -0.0038053 -0.0570309 0.2570216 -0.0114898 -0.0723571 -0.1118937 -0.2043326 -0.5416163 -0.5314114 -0.2372485 -0.5665506 -0.0305178 -0.6140064 -0.4926241 -0.0111291 0.1862574 -0.2722168 -0.2873816 -0.2721282 -0.1866391 -0.4013928 -0.0443819 0.2325748 -0.5305439 -0.2503911 -0.3444806 0.0633958 -0.0371862
-0.0278792 0.5389884 0.4578823 0.5550217 0.0195330 0.5289189 0.3242951 0.7263367 0.8609321 -0.2773105 0.4719759 0.7654696 0.4466700 -0.5129578 0.0000000 0.3599540 -0.1870205 -0.1370396 0.4429103 0.3670694 0.7039878 0.4848069 0.0109916 0.4074919 0.4704784 0.0853348 -0.1116128 0.1279408 0.7384164 -0.0378112 0.3909161 0.2195456 0.3469696 0.4996809 0.1559315 0.6210262 0.0509860 0.3983336 0.0000955 0.2941834 0.1185146 0.6273493 0.1685474 0.1820968 0.5084935 0.3558040 0.3061598 0.0788675 0.6913308 0.3022740 0.2492966 0.0995921 0.7606416 0.1600440 0.2946199 0.4207801 0.1370325 0.3323535 0.2946105 0.2230191 0.1994688 0.0513032 0.1940308 0.7098362 0.2586748 0.1516302 0.3356281 0.2013862 0.0463695 0.3497962 0.2663647 0.7114301 0.3020604 -0.0898585 0.2117857 0.2635384 0.3860134 0.0588200 0.2251783 0.5912171 -0.2118652 -0.0395979 -0.1461477 -0.2687055 -0.0113898 -0.0525452 -0.2337783 -0.1211274 -0.1540001 -0.2487838 0.1513416 0.2892208 0.1572041 -0.5127736 -0.4380135 0.4762491 0.1706848 0.0173301 -0.4687904 -0.1075100 -0.3686278 0.1092405 -0.2429786 -0.2266552 0.2688734 0.1734126 0.0473222 -0.0290572 0.0420589 0.0901731 -0.1474745 -0.1060692 -0.1914707 -0.0550028 -0.1305227 -0.0972659 -0.0608055 0.0930447 -0.0794021 -0.1832895 -0.1553466 -0.2053072 0.0012284 0.3467859 0.1033440 0.0947506 -0.1599180 0.3875896 0.0540370 0.1968746 0.1038874 -0.1791714 -0.0706852 0.1059532 -0.2976954 -0.1082808 0.0802926 0.0416465 -0.0270128 -0.0080437 -0.0160394 -0.1324823 0.0350523 -0.0172570 0.0370838 -0.0499235 -0.0047613 0.1351099 0.2237832 -0.1624053 -0.1784088 -0.0537100 -0.2513716 0.0439198 -0.0148074 -0.0617288 0.0879833 -0.0449192 0.0530792 -0.0385999 0.0720780 -0.2957164 -0.1419478 0.1933995 -0.1180888 -0.2201569 -0.1765104 0.1263316 0.2195064 0.0711980 0.2270734 0.2702978 -0.2805888 -0.3801752 -0.3500699 -0.3231196 -0.1925190 -0.2434352 0.2380037 0.0705061 -0.2047212 0.0164067 0.2823025 0.1168534 -0.0514813 -0.0395697 -0.2669866 -0.5239858 -0.3649442 -0.0208824 -0.1549181 0.0240564 -0.4426646 0.1572463 -0.0639655 0.3469256 0.4772521 0.5294536 0.3752622 0.4211949 0.3237313 -0.0111009 0.4446142 0.6124199 0.1771546 -0.3159725 0.4083973 0.4834705 0.2254624 0.1686895 0.5459319 0.1923560 -0.1020864 0.5656608 0.3975212 0.4013536 -0.0100033 0.0450773
-0.3586293 0.3274209 0.5428175 0.5721127 0.3795121 0.5972222 0.4536647 0.6614037 0.4079743 -0.5910861 0.8921485 0.3073541 0.6977517 -0.6258115 0.3599540 0.0000000 0.5656648 -0.6250395 0.8751564 0.2453292 0.0747174 0.6428152 0.9043177 -0.3606356 0.7389918 0.8885708 0.2322633 -0.5506085 0.2457248 0.2260628 0.4874111 0.7217497 -0.2294562 0.0534640 0.9104302 -0.0959234 0.8337593 0.7039935 0.6818626 0.7021606 0.5029382 -0.0149172 0.8707398 0.7137641 0.2253367 0.7848749 0.8659853 0.3873524 0.5831765 0.4898763 0.9417100 0.7608713 0.2896495 0.8011963 0.5139950 0.5572762 0.7111974 0.8783215 0.3243779 0.9449355 0.2469101 0.8119437 0.0491262 0.4607696 0.1712899 0.5491892 0.7443903 0.8465235 -0.0653920 0.8000149 0.5252592 0.0913667 0.7765676 0.0408402 0.4916467 0.6805197 -0.0174460 0.3735818 0.4530978 0.1921414 0.0030935 -0.0578949 0.2652550 0.1146508 0.1625019 0.3992936 0.0037829 0.2462651 0.3991174 0.3884951 0.4814967 0.4943048 0.4848984 -0.0303752 0.0868028 0.4985689 0.3777416 0.3790313 -0.0627454 0.1039179 -0.1261073 0.3925435 -0.0269472 -0.2144769 0.2421083 0.1678977 0.1771086 -0.0108361 0.3581371 0.1591875 0.2353787 0.0951417 -0.1489147 -0.1625852 0.0481294 -0.1266055 0.0084719 0.3482835 -0.0360350 0.1812355 -0.0763438 -0.2618351 0.0180179 0.0317715 0.4942436 0.2966275 -0.1244479 0.2514586 0.5598657 0.3300647 0.7863781 0.1967880 0.3301810 -0.0922362 -0.1530636 0.3146836 0.6648565 0.5103298 0.4709485 -0.0099784 0.3141061 0.3840310 0.1526003 0.0373231 0.4466921 0.1785194 0.6361223 0.6472769 0.2848617 0.2884301 -0.0514479 0.0785192 0.2428041 0.1718597 0.2930114 0.0229190 0.4030174 0.1210817 0.3325917 -0.0470545 0.0940940 0.1094315 -0.0702727 0.0640854 -0.0444444 -0.3843582 -0.3411872 0.2673431 0.3458075 0.0666683 -0.0259221 0.2866208 -0.1832278 -0.3171500 -0.3568754 0.0641493 0.0666664 0.0900458 -0.0236724 -0.0335954 0.1000561 -0.0346157 0.0905826 0.0453040 0.0253242 -0.0009388 -0.0307873 -0.1539282 -0.0738239 -0.1670805 0.1056389 -0.2073346 -0.0351266 0.0413055 0.1911166 0.0196016 -0.1001750 0.0562019 0.1872880 0.1871287 0.3786942 -0.1000452 0.3850054 0.1746184 0.2730386 0.0072757 0.3758090 0.0809259 0.2624727 -0.1013217 0.3135340 -0.1260286 0.1232754 0.5996618 0.0420912 0.4060924 -0.3060231 -0.3348503
-0.1199266 0.2285795 0.5004513 0.4921850 0.4161695 0.5155638 0.3443545 0.2682537 0.1207594 0.1482358 0.6482594 -0.1517967 0.4135077 0.1144741 -0.1870205 0.5656648 0.0000000 -0.1556965 0.4777329 0.1977857 -0.3265744 0.3636866 0.6935644 -0.3251169 0.4666511 0.6560438 0.4604494 -0.4867658 -0.0590081 0.2373055 0.1443711 0.5735720 -0.1869289 0.0667649 0.5999171 -0.3888041 0.5535676 0.4035651 0.4862559 0.4292103 0.4567176 -0.2879539 0.6694670 0.7014522 -0.0053889 0.5228023 0.4820547 0.5314287 0.2244945 0.0856940 0.6155334 0.5215745 -0.0823242 0.6904187 0.3118035 0.2505854 0.3882986 0.6878952 -0.0001528 0.6419514 0.0708424 0.6180106 -0.0019132 -0.0268729 0.0290050 0.2247757 0.3426130 0.6895181 -0.0656393 0.5261215 0.1840949 -0.4072515 0.4684277 -0.0294570 0.3540848 0.4091885 -0.3916174 0.1084925 0.1632431 -0.2217522 0.0346899 0.1134758 0.4458847 0.5461871 0.5588766 0.5306434 0.0442091 0.5753728 0.7465683 0.7798288 0.4130148 0.5051070 0.3558620 0.4868757 0.3525520 0.2698185 0.3354293 0.3748373 0.3066660 0.1831880 0.2072429 0.3568106 0.1245551 0.1745560 0.1388993 0.1768188 0.1447975 -0.1587006 0.1849818 0.1261059 0.4305944 0.2787299 -0.0424230 -0.1593688 0.2939638 -0.0549172 -0.0537005 0.2654604 -0.1097177 0.4061710 -0.1041397 -0.2533466 -0.0269534 -0.2488166 0.3851953 0.2745812 -0.2105607 -0.0249378 0.5593118 0.1020139 0.4253723 0.0761508 -0.0702083 -0.1675397 -0.0434801 0.1977181 0.2398618 0.5319228 0.2119711 -0.0999181 -0.0025488 0.4071907 -0.0225310 -0.1934203 0.2216459 0.0099369 0.4406267 0.1937762 0.1241535 -0.0620541 -0.1691524 -0.1615682 0.2890645 -0.0427974 -0.0308725 -0.2514215 0.1087633 -0.0518247 0.0057463 -0.2259553 -0.2334395 0.1085832 -0.0245928 -0.0848254 -0.0641531 -0.2727856 -0.1248887 0.2233703 0.1652877 -0.0826866 -0.1439489 0.0650693 0.2464035 0.2010869 0.0437813 0.1553667 -0.0536667 -0.0302012 -0.3371570 -0.2301751 0.0835275 -0.1223028 -0.1979092 -0.1816243 -0.0977982 0.0861360 0.1032413 0.2709766 -0.0588568 -0.4555157 0.3542726 -0.4955923 -0.0585546 0.1683898 0.4017653 0.0542178 -0.1711408 -0.4030326 -0.1587328 0.1001795 -0.0802296 -0.0397836 -0.1153067 -0.2392716 0.0742636 0.1410614 0.2262502 -0.0251264 0.0854845 -0.2081085 0.0448473 -0.2861415 0.2344082 0.1369853 -0.0081248 0.2474118 -0.1126075 -0.3985062
