0.0000000 0.4566314 0.7331161 0.4438329 0.5598371 0.3851433 0.4802112 0.1393444 0.6111542 0.3934094 -0.1563300 0.6775583 0.2332639 0.6651133 0.7043094 -0.2542270 0.1721366 0.4605601 -0.3087551 0.4219843 0.3236456 0.3710298 -0.2150402 0.5250758 -0.1246413 -0.4651626 0.0119515 0.5029480 0.6883082 0.3078684 0.1405816 0.0614311 0.3318001 0.6187197 -0.2977434 -0.3536717 -0.4329435 0.1247999 0.0832616 -0.1472290 0.0157171 0.2509228 -0.1685108 0.0853275 0.2698116 -0.3468919 -0.3283317 0.3028786 0.2464244 0.1234594 -0.4516257 -0.2245549 0.5610680 -0.2073103 0.0682876 -0.3052189 -0.4627129 -0.4086225 0.4898686 -0.5357994 0.4797532 -0.4982152 -0.1315371 -0.0913897 0.3233422 -0.2685546 -0.5209106 -0.4225147 -0.2481099 -0.4347613 -0.3038314 0.0248194 -0.2497629 0.4302782 0.0266313 -0.0851254 0.3818802 0.2285166 0.1068273 0.3284521 0.1224095 -0.1809103 -0.2539132 -0.4435283 -0.4926485 0.0065662 0.0893684 -0.1241309 -0.1641519 -0.4510760 -0.4674999 -0.3819642 -0.2934980 0.2405441 0.0400473 0.2908258 -0.0685788 -0.3368657 -0.1220317 -0.0651164 -0.1359471 -0.5124571 -0.3162667 0.1207670 -0.4295963 0.1605384 -0.5343397 -0.2121165 -0.6260744 -0.4150015 -0.4982819 -0.6392632 -0.1479080 0.1093798 -0.2060731 0.0052271 0.2677442 -0.1932881 0.1175432 -0.3314361 0.1273893 0.4411556 0.3548748 0.1252934 -0.3044501 -0.5433272 0.2607821 0.1018848 -0.5907629 -0.0531082 -0.3148359 -0.0331570 -0.1906891 -0.1033116 -0.0612610 -0.1947525 -0.4260512 -0.6034583 -0.5431227 -0.7464933 0.5119762 -0.5888168 -0.1079011 -0.5672926 -0.4641067 -0.0805729 -0.4198457 -0.4116965 0.5704817 -0.5515792 -0.5856303 -0.4863424 -0.0388239 0.5469148 0.2352421 -0.4652098 -0.3133337 -0.4549033 0.0439873 -0.5668359 0.4807340 -0.1282739 -0.5213019 -0.5448599 0.5259786 -0.5592478 -0.1074092 0.7325188 0.1964918 -0.2069176 0.6229904 0.6439470 0.6383767 0.6593417 0.7376433 0.7498200 0.4157931 0.2185037 -0.2869075 -0.1244822 0.0504663 -0.2884185 0.2817113 -0.0697023 0.3395050 0.4005011 0.5546586 0.0522914 0.7268003 0.4300257 -0.3588291 0.4612269 0.5454186 -0.2700859 -0.3212153 -0.3434006 -0.3795487 0.3192409 0.2745417 -0.5925946 -0.0378937 -0.0324248 0.0872218 -0.1185535 0.4456368 0.3049084 -0.3255902 0.5409238 0.1688714 -0.0931767 -0.2219223 -0.0812890 0.0080388 0.2026828 0.1422717 0.1284263 0.4124640 0.2051640
0.4566314 0.0000000 0.3171238 0.6487772 0.0982726 0.8011232 0.8273955 -0.0192674 0.8145701 0.4323743 -0.2573320 0.8712446 -0.1944185 0.5813116 0.1885238 -0.2426166 -0.0692173 0.6404235 -0.5481188 0.2036786 0.7449989 -0.0027774 -0.1813004 0.6272276 -0.4281119 -0.2072962 -0.0819848 0.4390305 0.3846061 0.3580344 -0.2850315 -0.2588920 0.5755616 0.6878139 -0.0746015 -0.2187982 -0.1674152 -0.2816879 0.5511258 0.1530989 -0.2339068 -0.1750280 -0.0915458 0.2696855 -0.2508295 -0.2820906 0.0348765 -0.1139770 0.5943587 -0.1847506 0.0064295 0.0681243 0.7555460 -0.3772497 -0.1817250 -0.3074465 -0.1756220 -0.6701035 -0.1125192 -0.0306202 -0.0832849 -0.0802279 -0.4857472 0.0079413 -0.2766303 -0.2729790 -0.0394450 -0.6239718 -0.4805448 -0.5520418 -0.0917687 0.6066490 -0.2245784 0.3407593 -0.1865492 -0.5643452 0.1594166 0.0778831 -0.4121272 -0.2912860 -0.3257732 0.3414852 0.4050947 0.2301010 -0.2103860 0.3565389 0.2932505 -0.1618415 0.1867738 -0.0650890 0.0328038 0.2501697 -0.0661230 0.3474795 0.5578845 0.4471841 0.2189664 0.0083697 0.2870890 0.4947858 0.3612191 0.0946346 0.0134662 0.2827518 0.1171739 0.4285965 -0.0680701 0.0075173 -0.0859659 -0.0690246 0.2488778 -0.2257439 0.1165227 0.0574688 0.0176440 -0.0512987 -0.1984491 0.1202702 -0.0820073 0.0487096 -0.0209530 -0.1191781 0.3334161 0.2516486 0.1515933 0.1544439 0.0661665 0.3704739 0.1189373 0.2347014 0.1027892 0.5184294 -0.0565714 -0.0021060 0.6036383 0.3773769 0.0327732 0.0064516 -0.0148664 0.0056622 0.4332376 0.0983183 0.2261492 -0.0464819 0.1979075 0.3773811 0.2069894 0.1660791 0.4531097 0.1924814 0.0093752 0.2474796 0.4602417 0.3406204 0.2079136 0.3951038 0.1309856 0.1744561 0.4931889 0.0468441 0.2030794 0.3643647 -0.0125920 -0.2642027 0.3406416 0.0947484 0.1309607 0.5941492 0.2508869 0.1194974 0.4070117 0.3107166 0.0813463 0.0399864 0.7319448 0.5566046 0.6011478 -0.0765088 0.2281886 -0.2270029 0.2530417 -0.1815151 0.0891682 -0.1044787 0.0212862 -0.3388846 -0.1202494 -0.4875414 0.2598182 0.4888501 0.1676862 0.1668478 0.1559714 0.3957684 0.3867803 0.3402845 0.3807566 0.0843361 -0.2871095 0.1730420 0.1663493 0.0960383 0.0951414 0.3276197 0.2255082 0.0738099 0.3386883 0.2725194 0.6253945 0.0108928 0.0019175 0.1418150 -0.2044676 0.4438388 0.1962174 -0.0555123 0.2808393 0.1456711
0.7331161 0.3171238 0.0000000 0.4922499 0.7890067 0.1311229 0.1315021 0.5299422 0.2059590 0.6785859 0.2323885 0.3361609 0.6449394 0.6964170 0.4763156 0.0817422 0.5237184 0.2599136 0.0434772 0.6851822 0.1698743 0.7062084 0.0967517 0.0879222 0.1824333 -0.0701827 0.3514277 0.1600229 0.4497128 0.5108336 0.4779616 0.3169457 -0.0622047 0.1520105 -0.0707252 0.0291395 -0.1018389 0.4395715 -0.0038461 0.0476015 0.2464552 0.4358949 0.0147561 -0.1796400 0.3937877 -0.1941058 -0.0993401 0.4671963 -0.0645756 0.4603070 -0.1807095 -0.1022329 0.3466650 0.0477561 0.3307501 -0.0999259 -0.2074919 -0.1100178 0.6066682 -0.3037241 0.5829056 -0.2107984 0.1912069 0.3572224 0.5866547 -0.0632211 -0.2332351 -0.0815495 0.0366870 -0.0179939 -0.0564748 -0.0699629 -0.0070827 0.6479649 0.2878077 0.2437356 0.6100763 0.2269119 0.3446642 0.4868263 0.3583248 -0.0724442 -0.3273698 -0.3126023 -0.3993143 0.4888383 0.3298754 -0.0493521 0.1709822 -0.1770662 -0.2972543 0.0136971 -0.1181637 0.3084608 0.1881404 0.5012126 -0.4203129 -0.2483735 0.0107910 0.1251199 0.1075942 -0.3008709 0.0107774 0.2642317 -0.5412137 0.4341535 -0.2027716 -0.0780078 -0.4618530 -0.1415582 -0.3428599 -0.2616990 -0.0412907 0.2169544 0.0438567 0.1154700 0.3277001 0.0675450 0.1523165 -0.1628405 0.2659674 0.4464800 0.0030921 0.2591158 -0.0857710 -0.2981544 0.3109816 -0.3037533 -0.4578682 -0.0160978 -0.1716402 -0.3912494 -0.0201599 -0.1244123 -0.2908421 -0.5135687 -0.3462935 -0.4992748 -0.4597376 -0.6036494 0.0267699 -0.6281833 -0.3139290 -0.2938956 -0.3520094 -0.2840248 -0.4903341 -0.5060678 0.4228937 -0.7133600 -0.6077629 -0.4218905 -0.4363563 0.1164279 -0.0093664 -0.3818382 -0.4360348 -0.4898106 -0.2141769 -0.4555659 -0.0220951 -0.4725843 -0.3119923 -0.4011746 -0.0307730 -0.6472329 -0.3966723 0.5290837 -0.1474204 -0.4186911 0.1320127 0.2300197 0.1789041 0.3584583 0.3611395 0.4329028 0.3816884 0.4518643 0.0157902 0.2625869 0.4258637 0.0915052 0.4193593 0.2721591 0.4568673 0.6465813 0.7813426 0.3803395 0.5698455 0.3269266 -0.2476560 0.4150119 0.3688715 -0.1316054 -0.2107959 -0.0216686 -0.1960652 0.2865049 0.3912836 -0.3523562 0.3060045 0.2696915 0.0723338 0.0054302 0.5486006 0.5451315 -0.1765803 0.6731915 0.4195078 0.3934567 -0.0729460 0.0740851 0.3660892 0.4803082 0.3786778 0.3789966 0.4758708 0.3657131
0.4438329 0.6487772 0.4922499 0.0000000 0.1534892 0.5398928 0.5437072 0.4522305 0.4671555 0.5505481 0.2315875 0.6104630 0.0421435 0.5163427 0.3131654 0.1731122 0.4139592 0.3601739 -0.1619002 0.4530386 0.5640949 0.3442310 0.2305163 0.2009721 -0.0324109 -0.0823175 0.2146570 0.0676754 0.4857474 0.2503796 0.0497617 0.2249541 0.0614345 0.4074227 0.0754672 0.2003674 0.0061006 0.1073186 0.4572973 -0.1258716 0.1370431 0.4414253 0.2481086 -0.2618476 0.4218014 -0.1135256 0.1306908 0.3152885 0.0531588 0.1567182 -0.0600604 0.4121369 0.6616979 0.1429556 0.1524459 -0.2144617 -0.0298916 -0.3866358 0.4505776 -0.1720614 0.4691345 -0.0402536 -0.0920718 0.0689067 0.1428831 -0.0146478 -0.1279517 -0.4026584 -0.2367868 -0.2871860 0.0041895 0.2114239 0.0943544 0.1583427 0.0626146 -0.2606935 -0.0459920 0.3228301 -0.1633748 -0.0917231 -0.0491031 0.2342020 0.2915840 0.0851550 -0.2492167 0.3649409 0.5695503 0.0432384 0.0575673 -0.1816374 -0.2500809 0.0712150 -0.0943911 0.4524444 0.2916517 0.5808578 -0.0705386 -0.0185620 -0.1016933 0.1339533 0.2633159 0.0234046 -0.1754263 0.2309799 -0.1725152 0.2825756 -0.0985185 -0.1784736 -0.3041266 0.0509043 -0.1172904 -0.0659826 0.2740858 0.0671237 0.1826050 0.0791691 -0.1259033 0.3458440 -0.0333115 0.1623951 0.1776652 0.0565272 0.3990322 0.2951067 0.2483680 0.0828439 0.1001982 0.0742572 -0.1027025 0.1165979 -0.0432448 0.3083162 -0.2957313 0.0625552 0.2408231 -0.0195778 -0.2382154 -0.1504861 -0.2137964 -0.1824853 0.1531440 -0.1305515 0.0969684 -0.1020766 -0.0901072 0.0439891 -0.1342014 -0.2259649 0.4409824 -0.1528135 -0.1911595 -0.0362611 0.1232704 0.1206697 -0.0311704 -0.0191475 -0.1292284 -0.1264801 0.2381115 -0.2165612 -0.0437036 -0.0735534 -0.2861427 -0.3621641 0.0762988 -0.2551430 -0.0918638 0.5331459 -0.0137141 -0.2807182 0.1731079 0.2179908 -0.0383442 -0.0374236 0.4460409 0.3482117 0.2756909 -0.0249083 -0.0771277 -0.0148889 0.1084244 -0.0618196 0.5896001 0.1068398 0.4471455 0.0748688 0.1466755 -0.0594542 0.1790331 0.2310207 0.1984549 0.0859831 0.0780198 0.2702159 0.2343355 0.2654326 0.2035772 -0.0541577 -0.1473423 0.0094418 0.3341539 0.4241485 -0.1005260 0.2312875 0.4479601 0.2539381 0.1106973 0.5353357 0.6110821 0.0356158 -0.1727324 -0.1085889 0.0640885 0.1849067 0.2180412 0.4143316 0.1847486 0.2218371
0.5598371 0.0982726 0.7890067 0.1534892 0.0000000 0.0478189 0.0315449 0.4455861 0.1290421 0.6313631 0.2420566 0.1001226 0.6889293 0.4680841 0.3279483 0.0699185 0.2835959 0.2125518 0.2301478 0.3056432 -0.2443908 0.5397085 0.1114852 0.1123329 0.2104859 0.1019929 0.2408841 0.1434869 0.2869760 0.2497715 0.4764914 0.2570910 0.0431254 0.1056285 0.0930675 -0.0774457 -0.0050325 0.5000022 -0.2127128 -0.0153077 0.3786198 0.3573393 -0.0228120 -0.0340925 0.1911357 -0.0604928 -0.0286887 0.3942204 0.0873557 0.4454802 -0.0359197 -0.2610527 0.2276296 0.0339862 0.3456711 0.0784285 -0.0196397 0.1913669 0.4779742 -0.1655012 0.4830924 -0.0803764 0.4420901 0.5370625 0.5866868 0.1154996 -0.0902527 0.1461594 0.2938754 0.2565034 0.1469337 -0.0245458 0.0291795 0.6888306 0.4196926 0.4273561 0.6749765 0.1185472 0.2699246 0.4698658 0.2772696 -0.0140333 -0.4022368 -0.4087640 -0.2098290 0.2765023 0.0107535 0.0694835 0.1597598 -0.0025936 -0.2136407 -0.1437112 -0.2909193 0.1643640 0.1060514 0.2210534 -0.5092471 -0.4353556 0.0228588 -0.0596613 -0.0362846 -0.4505886 0.0159740 -0.0543068 -0.5592205 0.3219515 -0.1940132 -0.0708425 -0.4370245 -0.1287799 -0.4538562 -0.2310369 -0.1531350 0.2014917 0.0942903 0.1327396 0.4401305 0.0180763 0.3112015 -0.2777401 0.2917393 0.5788531 -0.1801664 0.1141010 -0.1602073 -0.5103073 0.3573101 -0.4974355 -0.5770142 -0.0561165 -0.1894036 -0.4985758 0.0074965 -0.3562652 -0.2292956 -0.6867630 -0.3797845 -0.5520628 -0.5135123 -0.7452498 -0.1785204 -0.7528257 -0.1582633 -0.5895566 -0.4854994 -0.5907653 -0.5752094 -0.6068118 0.3724622 -0.8095923 -0.8208185 -0.6357407 -0.4992810 -0.0506881 -0.2626106 -0.5118778 -0.5205346 -0.6583366 -0.1970966 -0.5973312 -0.1652763 -0.5303051 -0.3582869 -0.4669745 -0.1028619 -0.7591967 -0.6211332 0.2993986 -0.3010368 -0.5366465 -0.1587662 0.0241100 0.0473463 0.2077280 0.1963076 0.3141787 0.1678048 0.3654386 -0.0125003 0.3230882 0.2835523 -0.0125358 0.3459557 0.0107917 0.3931731 0.5712588 0.6992637 0.3530996 0.4670204 0.2831500 -0.3370892 0.3728138 0.1214255 -0.1020587 -0.4061507 -0.1914505 -0.4884162 0.0100530 0.1767631 -0.5732237 0.0753340 0.1878244 0.0483117 -0.2393390 0.5033568 0.6182205 -0.2831614 0.4017811 0.2859480 0.4803042 0.0321786 -0.2692851 0.4102757 0.2847657 0.2280513 0.2897819 0.1992078 -0.0588432
0.3851433 0.8011232 0.1311229 0.5398928 0.0478189 0.0000000 0.9530780 -0.2710348 0.9026788 0.4246477 -0.4340038 0.8335924 -0.5010562 0.5950793 0.2907970 -0.4018229 -0.1724359 0.8262435 -0.6655066 -0.0945858 0.6353714 -0.3116716 -0.2378170 0.7881885 -0.5660802 -0.3674631 -0.2312594 0.6333143 0.5034063 0.2647306 -0.5362020 -0.4343561 0.7812665 0.8398710 -0.2400640 -0.3757285 -0.4159204 -0.5746712 0.1559209 0.0865050 -0.4210727 -0.1113949 -0.3476032 0.5311947 -0.2899838 -0.5638556 -0.2551472 -0.3664227 0.7445273 -0.5087122 -0.2489527 -0.0246811 0.6521036 -0.3396008 -0.5167843 -0.6328625 -0.4216542 -0.5493128 -0.1236145 -0.3116796 -0.1985595 -0.3301489 -0.6388041 -0.2341402 -0.3015337 -0.4523392 -0.3180506 -0.5876287 -0.7066137 -0.7221990 -0.3765911 0.2811723 -0.4278736 0.1005696 -0.4864508 -0.6833936 -0.1031316 -0.1568509 -0.5016537 -0.2753045 -0.3507544 0.1218473 0.1720073 -0.0221835 -0.3130508 -0.0441674 -0.0599139 -0.1111236 -0.2013505 -0.2851891 -0.2334514 -0.0926443 -0.4502791 0.3072487 0.2148862 0.0973649 -0.0440837 -0.3247199 0.2400960 0.4408820 0.2278449 -0.1097405 -0.2925103 0.3246500 -0.2248210 0.0499237 -0.3152226 -0.3379293 -0.3274909 -0.2779863 -0.0808680 -0.3819615 -0.1798793 -0.1922835 -0.1630575 -0.2084147 -0.2364605 -0.0627989 -0.1081205 -0.0992286 -0.0616278 -0.0535479 0.3315241 0.0400776 -0.0630905 -0.1035062 -0.0336768 0.2193166 -0.1446433 -0.0976885 -0.2743162 0.3635024 -0.4041636 -0.0190501 0.4135068 0.2041064 -0.3216785 -0.2870978 -0.3348829 -0.1769381 0.4409474 -0.1431988 0.1587737 -0.2753570 -0.1648994 0.0908863 -0.0955180 -0.1325331 0.2290656 0.0236725 -0.1894696 0.0032149 0.2882971 0.3040699 -0.0372128 0.2097225 -0.1947816 -0.1267198 0.2783725 -0.1955765 0.1373286 0.1213039 -0.1417818 -0.5075841 0.2431030 -0.0911674 -0.1425058 0.3611440 -0.0485093 -0.2056550 0.2282468 0.1407889 0.0293488 0.0060365 0.7370640 0.6156535 0.5303376 0.0352659 0.0692919 -0.1936684 0.2236778 -0.3280167 -0.0615581 -0.3057329 -0.2211376 -0.2689331 -0.2251777 -0.5201542 0.1518661 0.1110941 0.0245195 0.1429673 0.1371815 0.1537258 0.1037801 -0.0361456 0.2311357 0.1072213 -0.3118597 -0.0329696 -0.2367919 0.0713834 0.1035708 0.1962557 0.0306454 -0.1186867 0.0964714 -0.0387480 0.3192293 -0.1041138 -0.0138317 -0.0461529 -0.3675903 0.1376790 -0.1345559 -0.2678259 0.3580430 0.0063413
0.4802112 0.8273955 0.1315021 0.5437072 0.0315449 0.9530780 0.0000000 -0.2582835 0.9192431 0.3021397 -0.4513112 0.9171420 -0.4555926 0.5340115 0.2952500 -0.4405667 -0.2365978 0.7267625 -0.6882098 -0.0812698 0.6258412 -0.3175127 -0.3163564 0.7954759 -0.5745243 -0.4100211 -0.3622372 0.5855363 0.5478078 0.1338751 -0.4895796 -0.4106785 0.7693205 0.8840249 -0.2469353 -0.4774744 -0.3906070 -0.5020516 0.2681759 -0.0245319 -0.3883981 -0.1413590 -0.2497518 0.4417687 -0.2467721 -0.4837647 -0.1792660 -0.2950486 0.7077610 -0.4121722 -0.1753621 0.0319664 0.7579283 -0.4239862 -0.4435934 -0.5592390 -0.3675506 -0.6415424 -0.1011362 -0.2508282 -0.1353445 -0.2825347 -0.6158927 -0.2609667 -0.2874359 -0.4311522 -0.3016017 -0.6286831 -0.6501448 -0.7354494 -0.3752076 0.3605268 -0.3839110 0.0859018 -0.4550493 -0.6671041 -0.0402955 -0.0547328 -0.4875115 -0.2287125 -0.3410108 0.1094066 0.1349830 -0.0836395 -0.3220889 -0.0753294 -0.0568579 -0.1118702 -0.1590029 -0.3301958 -0.1948773 -0.1781569 -0.4247977 0.3395359 0.3010361 0.1368296 0.0198434 -0.2804777 0.1489612 0.3360789 0.0697693 -0.1491266 -0.3427273 0.1880675 -0.1545598 0.1323703 -0.3596159 -0.3399944 -0.3036936 -0.3288361 -0.0889260 -0.4867157 -0.1439887 -0.1838626 -0.2175585 -0.2210565 -0.2421829 -0.1172424 -0.1094585 -0.0866415 -0.0339784 -0.0096995 0.5060623 0.1492966 -0.0571404 -0.1276481 -0.0127782 0.3801794 -0.1137634 -0.0146281 -0.1828068 0.4866071 -0.3174284 0.1357163 0.4674739 0.2979488 -0.1958934 -0.2157575 -0.2303772 -0.2158925 0.5176947 -0.0886862 0.2021951 -0.2509467 -0.0893420 0.1778849 0.0024161 -0.0204431 0.3785394 0.0731174 -0.1569333 0.0304858 0.4353978 0.3834427 0.1878822 0.1824087 -0.1065326 -0.0547182 0.4311683 -0.2282891 0.2821695 0.2506415 -0.2381390 -0.5284936 0.3872999 -0.0428767 -0.0543826 0.5324763 0.1271038 -0.1154786 0.3809188 0.3198780 0.2233450 0.1508910 0.8568080 0.7168342 0.5036768 -0.0850559 -0.1043194 -0.3868404 0.0127998 -0.4800062 -0.0435939 -0.3768148 -0.1079982 -0.3135388 -0.2121247 -0.5366748 0.2912038 0.2813180 0.0138889 0.2868355 0.2450089 0.1419813 0.1520302 -0.0359494 0.1424957 0.1445235 -0.2831173 -0.1039956 -0.1468593 0.1410696 0.1717879 0.2041140 0.0404588 -0.1218409 0.1116496 0.0031221 0.3963596 -0.1086469 0.0037545 -0.0704570 -0.4298381 0.0772948 -0.1765465 -0.2253927 0.2368130 -0.0704124
0.1393444 -0.0192674 0.5299422 0.4522305 0.4455861 -0.2710348 -0.2582835 0.0000000 -0.2356127 0.4235907 0.8113533 -0.1425803 0.6510857 0.1952259 -0.1657292 0.7694356 0.7337436 -0.3512754 0.7155467 0.6969590 -0.0213487 0.8483045 0.6782309 -0.5305261 0.7382330 0.5812850 0.4391479 -0.5478762 0.0213874 -0.1695102 0.6191394 0.7122956 -0.5712955 -0.3218486 0.5355831 0.5459622 0.5196119 0.7882892 0.0816343 -0.2764293 0.5296426 0.5317283 0.6037362 -0.7293212 0.5940709 0.4087712 0.4845766 0.6698010 -0.4825392 0.7054667 0.2817004 0.3433819 0.2089479 0.3858189 0.6503153 0.3812091 0.3957525 0.1676860 0.5880631 0.2024806 0.5747577 0.3125569 0.6114819 0.4920439 0.4313286 0.3073304 0.3130052 0.2752593 0.4526086 0.5645107 0.4364538 -0.0320877 0.5530236 0.2739118 0.5510689 0.5634478 0.3299495 0.4307214 0.3369641 0.2842297 0.2702554 0.2731655 -0.0897080 -0.0339142 -0.0934021 0.5791276 0.5894227 -0.1150690 0.3265917 -0.0155550 -0.1545311 0.1550107 0.3284847 0.0535851 0.1663710 0.3742577 -0.3171107 0.2469153 -0.2931189 -0.2335826 -0.0741893 0.0490292 0.1104073 -0.1579564 -0.1531674 0.2745917 0.1661042 0.1085654 -0.1250632 0.2704355 -0.1909718 0.3114644 0.4382464 0.3484857 0.5061573 0.4080550 0.2535795 0.5677487 0.3615138 0.3448220 0.3883598 0.3732541 0.1196005 0.5719997 0.5209171 0.1935305 0.3591079 -0.2942330 -0.0343445 0.3360084 0.2739239 -0.1205149 0.2225683 -0.0012959 -0.1544009 -0.4697026 0.0601311 -0.0001155 -0.0003967 -0.2103911 -0.5009433 -0.2107299 -0.0651228 0.0381913 0.0634453 -0.2674488 -0.0838052 -0.2040528 0.3801874 -0.3606626 -0.3297928 -0.1236196 -0.2711422 -0.3293756 -0.1351004 -0.1672564 -0.1475526 -0.2507700 0.0881929 -0.3189928 -0.2948004 -0.4757299 -0.0298975 -0.1821430 -0.3409202 -0.3738579 -0.3469600 0.2871513 -0.1648642 -0.4050702 -0.2135224 0.0110814 -0.2530644 -0.2373892 -0.1561388 -0.1527578 -0.1525689 -0.1202904 0.0173479 0.2935522 0.0737623 0.3461055 0.6431502 0.4250913 0.6405361 0.2933004 0.3825630 0.4697570 0.1237825 0.2978659 0.2756762 0.1865908 -0.0046972 0.4007862 0.2108211 0.4575638 0.0056398 -0.1029616 0.0427570 0.0322850 0.5176661 0.3967803 -0.0740806 0.0265778 0.4683297 0.4754009 -0.0995463 0.7750055 0.3870920 0.3373385 -0.0335456 -0.1229027 0.5314954 0.2724190 0.3147645 0.8530911 -0.1815454 0.2115853
0.6111542 0.8145701 0.2059590 0.4671555 0.1290421 0.9026788 0.9192431 -0.2356127 0.0000000 0.3886762 -0.4319624 0.9050673 -0.4085626 0.6484328 0.4544899 -0.3771686 -0.1202005 0.8288043 -0.6208964 0.0099212 0.6612209 -0.1818494 -0.2437438 0.8899237 -0.4959469 -0.4265597 -0.1466935 0.7497250 0.6454686 0.2432717 -0.5012499 -0.3641554 0.8403439 0.9516601 -0.2191268 -0.4072472 -0.4824500 -0.4801156 0.2187922 0.0600752 -0.4015055 -0.0714072 -0.3012554 0.5254558 -0.2087887 -0.5214486 -0.2958352 -0.2452205 0.7898261 -0.4499078 -0.3474671 -0.1279864 0.7264064 -0.3771807 -0.4339247 -0.5811091 -0.4885349 -0.5818117 -0.0104873 -0.3838383 -0.0919264 -0.4069966 -0.6232842 -0.2338704 -0.2618710 -0.4493403 -0.3795529 -0.6073170 -0.6357837 -0.7105031 -0.3378881 0.3324518 -0.3837540 0.2144445 -0.3728119 -0.5535081 0.0642110 -0.0417671 -0.3997134 -0.1657108 -0.3415926 0.1223705 0.1799433 -0.0961928 -0.3657847 -0.0690160 -0.0026002 -0.1627183 -0.1689941 -0.3245105 -0.2893214 -0.1355912 -0.3542434 0.3170556 0.1966631 0.1514079 0.1936265 -0.2338215 0.1842365 0.2991942 0.1671864 -0.2066752 -0.3089790 0.2580851 -0.1111549 0.0605751 -0.4039796 -0.2267831 -0.3759396 -0.3320928 -0.1357193 -0.4700792 -0.1135049 -0.0378492 -0.1674785 -0.1120325 -0.0864215 -0.0986117 0.0016469 -0.1783301 -0.0565119 0.0553880 0.4547001 0.1398240 -0.1262354 -0.2182085 0.0703825 0.3788024 -0.2426642 0.0000443 -0.2492222 0.4639371 -0.3263400 -0.0328697 0.5016939 0.2615460 -0.3023422 -0.3320593 -0.3657402 -0.3127486 0.6042540 -0.1989408 0.1861816 -0.3937985 -0.1784301 0.1553736 -0.1001983 -0.1180436 0.4217726 -0.0363699 -0.2357568 -0.0540860 0.3481475 0.4953212 0.1133895 0.1131730 -0.1019238 -0.1413540 0.3630995 -0.2852063 0.3823761 0.2033667 -0.1914348 -0.5034195 0.4978052 -0.1052753 0.0140433 0.5518597 0.2096007 -0.0733939 0.5027687 0.4331918 0.3025295 0.2147768 0.8362789 0.7191291 0.5274403 -0.0335718 0.0052549 -0.1983178 0.1284693 -0.3604155 0.0179111 -0.3218192 -0.1193587 -0.2390596 -0.1134909 -0.4875243 0.3329159 0.2973623 -0.0474078 0.2827028 0.2742436 0.1238100 0.0246820 -0.0919568 0.0775519 0.1496423 -0.2321942 -0.1700513 -0.2069369 -0.0921444 0.1992995 0.1487394 0.1655538 -0.0200854 -0.0772871 0.1363695 0.2619796 -0.2299404 -0.0357807 -0.0980234 -0.3235707 0.1739017 -0.1168945 -0.1485280 0.3421668 0.0431812
0.3934094 0.4323743 0.6785859 0.5505481 0.6313631 0.4246477 0.3021397 0.4235907 0.3886762 0.0000000 0.2637017 0.2849076 0.3517821 0.7043587 0.4246652 0.2237044 0.5521600 0.6087849 0.0812358 0.4826930 0.2241351 0.4931949 0.3864448 0.2900063 0.1448393 0.0450472 0.5415433 0.3256817 0.5572946 0.5519328 0.1921169 0.3361515 0.2132088 0.3018270 0.1336268 0.1557335 -0.0341355 0.2337826 0.0757395 0.3755781 0.2628632 0.5343357 0.1089259 0.1154236 0.2865518 -0.2101419 -0.0643808 0.3518268 0.2785837 0.0385853 -0.1004819 0.1538901 0.3363860 0.2798735 0.1334426 -0.2232216 -0.0786644 0.0922583 0.5313342 -0.2247850 0.3449918 -0.0482886 0.1010099 0.4192825 0.2967932 0.1735371 -0.1529453 -0.0620574 0.0328470 0.0105953 0.2089420 -0.0937830 0.1405319 0.4560936 0.3176221 0.1723675 0.3406933 0.2528146 0.2315802 0.2976839 0.3308019 0.0471903 -0.0513913 -0.0723378 -0.0953445 0.4449825 0.2707014 0.2032667 0.2310573 0.0764527 -0.1068463 0.2724233 -0.1319831 0.5688961 0.2209544 0.5500295 -0.3377359 -0.1589717 0.3683647 0.3166385 0.4932521 0.0141177 0.0329719 0.3862414 -0.3595308 0.4157026 0.0372369 -0.0521452 -0.2235000 0.1649741 -0.0784933 0.1014280 0.0801246 0.2756670 0.2947716 0.1910900 0.2974795 0.4096180 0.2216769 0.0394530 0.3622536 0.3955921 -0.1313938 0.2346957 0.1152779 -0.0852766 0.3451931 -0.4511302 -0.3095415 -0.0034734 -0.1747324 -0.2319908 -0.1475169 -0.1979846 0.0722336 -0.5057811 -0.4461644 -0.4301026 -0.5207452 -0.3987665 -0.1592954 -0.5175141 -0.1177626 -0.3032315 -0.3442573 -0.4441531 -0.5036845 -0.5748703 0.3396834 -0.5592321 -0.4928139 -0.3326800 -0.4348283 -0.1629153 -0.3853000 -0.1865706 -0.4604320 -0.5263768 -0.0587766 -0.4771185 -0.3100111 -0.5059665 -0.1812082 -0.4734702 -0.2389887 -0.5484998 -0.5834964 0.2866853 -0.2879750 -0.5505956 -0.1854702 -0.0064572 -0.1931634 -0.0865059 0.1896782 0.2507415 0.2940244 0.4659900 0.1858790 0.4889734 0.5290944 0.1976827 0.5170369 0.1937600 0.3293774 0.3853556 0.4797260 0.3544609 0.1615451 0.0947116 0.0282421 0.2776404 0.1257566 0.1299462 -0.0469406 0.1893792 0.0415727 0.1120691 0.1451587 -0.1050850 0.2351710 0.2946416 0.0441042 0.1016805 0.6061075 0.5863570 -0.2481054 0.3847331 0.5221932 0.4436348 0.0480341 -0.1226657 0.5127563 0.2888242 0.0672569 0.3798001 0.5425593 0.3335059
-0.1563300 -0.2573320 0.2323885 0.2315875 0.2420566 -0.4340038 -0.4513112 0.8113533 -0.4319624 0.2637017 0.0000000 -0.4385341 0.5277257 -0.0229695 -0.2708558 0.9416799 0.7584821 -0.4919422 0.8625517 0.5535425 -0.2896379 0.6037553 0.8823868 -0.6588846 0.8987303 0.7986410 0.5781352 -0.6347572 -0.2003637 -0.2572237 0.6126016 0.8058649 -0.6785780 -0.4964115 0.8183607 0.7458455 0.7449742 0.7048203 0.1800023 -0.1590067 0.5450428 0.5299279 0.7911261 -0.7539272 0.6320355 0.5813037 0.6082518 0.6210176 -0.5472032 0.6670803 0.4788499 0.5534976 0.0581076 0.7395629 0.7060484 0.4900991 0.5842917 0.5439998 0.5671272 0.4398860 0.5277305 0.6231945 0.6485899 0.6908741 0.5502527 0.5406747 0.5824370 0.6050583 0.5819198 0.7832260 0.6988876 -0.0854329 0.8320344 0.2414186 0.7186163 0.7737714 0.3123855 0.5784060 0.5331490 0.4006661 0.3912005 0.0827546 -0.0916761 -0.1098309 -0.0919282 0.2589060 0.4038619 -0.0992007 0.1198134 0.0007110 -0.1147381 0.0830327 0.2019845 -0.0327356 -0.1032877 0.2248626 -0.2373403 0.1388016 -0.1697479 -0.3281458 -0.0530276 -0.0407868 0.0891478 -0.3187777 -0.0023445 0.0746462 0.1304736 0.0326154 -0.0247393 0.1603424 -0.0704086 0.3298211 0.2564180 0.0838555 0.2991597 0.1301275 -0.0246471 0.3629828 0.0373603 0.0762637 0.0532924 0.0925990 -0.1018198 0.3253365 0.2428413 0.0718958 0.0223649 -0.3806866 -0.0907478 0.0385433 0.0660705 -0.1646774 -0.0072889 0.0039133 -0.1861809 -0.5311994 -0.0735687 0.0178707 -0.0261073 -0.0993072 -0.4707801 -0.1109892 0.0592613 -0.0134727 -0.0294359 -0.4452486 -0.1453250 -0.2611180 0.1982018 -0.2557565 -0.2110901 -0.2155497 -0.3020455 -0.2858253 -0.3186745 -0.2715845 -0.0320862 -0.2416017 -0.0479537 -0.2223458 -0.4467280 -0.4849455 0.0324053 -0.0361520 -0.4255579 -0.2906254 -0.2780538 0.0555048 -0.2059234 -0.3506505 -0.2822572 -0.1475752 -0.2642956 -0.2722243 -0.4059080 -0.3348743 -0.3204490 -0.1391600 0.0328753 0.4561711 -0.0793759 0.5283333 0.6369299 0.5738156 0.5839525 0.2790034 0.3042547 0.5112288 0.0245793 0.1933895 0.0521335 0.2038401 -0.0055173 0.1818172 0.0110626 0.3106907 -0.1388355 -0.0758059 0.1250986 -0.0238466 0.4540263 0.3895078 -0.3398044 -0.3375519 0.1792588 0.1941824 -0.1349228 0.4706937 0.3233890 0.3266547 -0.2874739 -0.3154964 0.4418093 -0.0620652 0.2354364 0.7451539 -0.2852059 0.1415431
0.6775583 0.8712446 0.3361609 0.6104630 0.1001226 0.8335924 0.9171420 -0.1425803 0.9050673 0.2849076 -0.4385341 0.0000000 -0.2719167 0.6130640 0.4198762 -0.4483362 -0.1308085 0.6632352 -0.7112289 0.1215406 0.7170081 -0.1193426 -0.3897603 0.7538936 -0.5628390 -0.5006553 -0.2751103 0.5695540 0.6099208 0.2503317 -0.3783505 -0.3503408 0.6700837 0.8636466 -0.3300805 -0.4341634 -0.4551632 -0.3792369 0.3298334 -0.0757671 -0.3338207 -0.0663223 -0.2525025 0.3030056 -0.1254991 -0.5062169 -0.2414505 -0.1553419 0.5840880 -0.2533646 -0.2839072 -0.0661283 0.7910508 -0.5014579 -0.3614679 -0.5465817 -0.4539335 -0.7590053 0.0061238 -0.3459680 0.0247412 -0.3923888 -0.5978466 -0.2765267 -0.2122176 -0.4798247 -0.3977450 -0.6991421 -0.6365786 -0.7485366 -0.4310494 0.4250262 -0.3874063 0.2064370 -0.3998632 -0.6255199 0.0896213 0.0135992 -0.4041733 -0.1614635 -0.3252130 0.1782615 0.1744416 -0.0549431 -0.3637548 0.0865264 0.1275318 -0.1257558 -0.0175057 -0.3024233 -0.2237482 -0.1255943 -0.2910905 0.3635910 0.3405561 0.2589745 0.1490025 -0.1617272 0.0078954 0.2913114 0.0625872 -0.1645591 -0.3158129 0.2580633 -0.1071803 0.2146582 -0.3987264 -0.2681926 -0.3375500 -0.3515582 -0.1212671 -0.5396106 -0.0858844 -0.0906101 -0.2351948 -0.1686542 -0.1780253 -0.1505605 -0.1032220 -0.1011891 -0.0320770 -0.0054545 0.5884352 0.2126271 -0.0706607 -0.1221210 0.0204635 0.5147637 -0.1225885 0.0579407 -0.1306731 0.4874288 -0.2455978 0.1601393 0.4509315 0.3714146 -0.1231893 -0.1975536 -0.1888691 -0.2521592 0.6049320 -0.1072655 0.1511742 -0.1936183 -0.0273004 0.3192361 0.0240602 0.0318916 0.4817078 0.0220002 -0.1504687 0.0813436 0.4167717 0.4956659 0.3350262 0.1774960 -0.0134368 0.0175937 0.4155532 -0.1703172 0.4090028 0.2853698 -0.2108463 -0.4125661 0.4810610 -0.0245848 0.1360508 0.6958928 0.2944213 0.0034713 0.5814560 0.4852735 0.3791402 0.2942704 0.9108839 0.7547325 0.5587430 -0.0650888 -0.1014958 -0.3868304 0.0705434 -0.4727753 0.0527998 -0.3275670 0.0172223 -0.2260944 -0.0590483 -0.4808450 0.4518001 0.4204681 -0.0194414 0.3091653 0.3303543 0.1131352 0.1491849 -0.0156022 0.1286077 0.1846250 -0.1936230 -0.1117229 -0.0180424 0.1071697 0.2716760 0.3116764 0.2217442 0.0266043 0.1316073 0.2539358 0.3994200 -0.1512559 0.0144481 0.0178089 -0.3663379 0.2546639 0.0065565 -0.1025017 0.2686455 0.0524779
0.2332639 -0.1944185 0.6449394 0.0421435 0.6889293 -0.5010562 -0.4555926 0.6510857 -0.4085626 0.3517821 0.5277257 -0.2719167 0.0000000 0.0647599 0.0722852 0.3534725 0.4074993 -0.3467241 0.5100263 0.5502275 -0.4305650 0.7364989 0.2120600 -0.4457218 0.4850005 0.2560906 0.3252339 -0.4009504 -0.0445431 0.1171924 0.8653919 0.5507232 -0.5422170 -0.4507933 0.2237004 0.2355715 0.3012751 0.8708050 -0.0089426 0.0316548 0.7609591 0.4024026 0.3512581 -0.5245920 0.3848774 0.2464111 0.1746985 0.7597773 -0.4614150 0.6833478 0.2117065 0.0184241 -0.0944224 0.2331138 0.6067117 0.3807170 0.2928844 0.3365759 0.4635101 0.1287729 0.5075164 0.2244157 0.6851357 0.5689008 0.5531455 0.4627177 0.1426262 0.3172361 0.6438113 0.6117341 0.4375128 -0.0145968 0.4380492 0.3873147 0.7252672 0.6762433 0.6006491 0.4346565 0.5478401 0.4851678 0.4681868 0.0930290 -0.2567417 -0.0615609 0.1913001 0.5114260 0.1416409 0.2669190 0.5312633 0.3437286 0.1339331 0.1123974 0.2515656 0.2111487 0.0911471 0.2839275 -0.3302113 0.1151328 -0.2093641 -0.1293828 -0.1106575 -0.0171570 0.2913723 -0.0828268 -0.1247789 0.4374758 0.2153337 0.1913705 0.0867390 0.1978142 -0.0900873 0.1569918 0.1227730 0.2672103 0.2620847 0.1759300 0.3374905 0.2055958 0.1812027 0.0826087 0.2570997 0.3672434 -0.2577563 0.1536290 0.1281211 -0.0580060 0.2244051 -0.3708202 -0.0959320 0.1010865 0.1807536 -0.5280240 0.3269003 -0.1250407 -0.2575468 -0.5374432 0.0871918 -0.0392169 0.0026327 -0.3157417 -0.4207181 -0.3072297 -0.0776140 -0.0574257 -0.0561712 -0.3343812 -0.1893532 -0.2155799 0.3975272 -0.4774663 -0.3790730 -0.2832461 -0.4174275 -0.2393036 -0.0431177 -0.3457446 -0.0785624 -0.2824978 -0.0320765 -0.2282415 -0.2726213 -0.3894594 -0.1140452 0.0444628 -0.3046242 -0.4414461 -0.2776405 0.2845158 0.0203211 -0.1724617 -0.1532957 0.0785188 0.0025694 0.0232550 -0.2708062 -0.2119361 -0.2554982 0.1879822 -0.1203522 0.2389072 0.0713364 0.1913759 0.4896393 0.2731924 0.5904297 0.4677094 0.6142266 0.6044420 0.2907822 0.3255895 -0.0413614 0.2595565 0.0558790 0.0013265 -0.0571015 0.1637555 -0.2771779 -0.0201001 0.2502193 -0.1784219 0.3863006 0.3729395 0.0524662 -0.1003996 0.5975681 0.7184166 0.0141691 0.5164110 0.2984807 0.5556435 0.0926808 -0.1738206 0.6666810 0.2530762 0.4228601 0.5617169 -0.0624143 0.0506730
0.6651133 0.5813116 0.6964170 0.5163427 0.4680841 0.5950793 0.5340115 0.1952259 0.6484328 0.7043587 -0.0229695 0.6130640 0.0647599 0.0000000 0.4585729 -0.0726030 0.4517181 0.6499499 -0.2719810 0.5035300 0.5863313 0.3252382 0.0875267 0.4504408 -0.0424395 -0.1813857 0.2422417 0.5280984 0.5976129 0.5494675 -0.0041636 0.0284013 0.3501210 0.5092358 -0.1930301 0.0548856 -0.4104025 -0.1484844 -0.0660633 0.1389789 -0.2245154 0.3156800 -0.2582658 0.1464970 0.1978517 -0.5661170 -0.3714360 -0.0158055 0.2883157 -0.1558384 -0.4525904 -0.1582832 0.4555883 -0.1205169 -0.2196775 -0.5806895 -0.5663931 -0.3865213 0.3906247 -0.5217605 0.1872998 -0.4381154 -0.3073077 0.0798971 0.1212428 -0.4160188 -0.3849799 -0.3930171 -0.4463678 -0.3646517 -0.2827528 -0.0725978 -0.2676140 0.5107059 -0.0737811 -0.1253820 0.4480422 0.1004496 0.1038328 0.2968253 0.1182995 0.0710473 -0.1652477 -0.2349315 -0.5873498 0.2671640 0.1850449 -0.2881074 -0.0934481 -0.3457472 -0.5509315 0.0320786 -0.3467032 0.3298866 0.1020375 0.2702444 -0.2087940 -0.3683160 0.2159742 0.3648548 0.2579484 -0.3382189 -0.1973966 0.4986746 -0.5187840 0.0738301 -0.4182247 -0.2398055 -0.5852753 -0.3745785 -0.2364080 -0.3630146 -0.1579676 0.0580965 -0.1089925 0.0192140 0.1623709 0.0204678 0.1233864 -0.1748430 0.1239715 0.3292888 0.2647930 0.3728972 -0.1214249 -0.2473788 0.2371465 0.0263203 -0.4709517 -0.0837979 -0.4057525 -0.0934166 -0.2595693 -0.0034520 0.0546243 -0.2491711 -0.5255164 -0.6314196 -0.6235928 -0.5095359 0.4001378 -0.5816764 0.0023996 -0.3431363 -0.4075711 -0.1176154 -0.4782000 -0.4958245 0.4309938 -0.4677841 -0.4589374 -0.3247707 -0.2904314 0.4070442 0.0662052 -0.1704061 -0.2688519 -0.4966867 -0.0876353 -0.3433978 0.2502851 -0.3526998 0.0064697 -0.4016569 0.1626334 -0.4931467 -0.2394379 0.5385521 -0.0614445 -0.3961317 0.3487540 0.3056256 0.1832324 0.2978734 0.6222063 0.6141314 0.6848063 0.4903883 0.3033819 0.3742981 0.6106505 0.2125926 0.3130430 0.2922796 0.0076231 0.2331790 0.3527706 0.0193760 0.4494752 0.2108413 -0.1600022 0.4331438 0.5084206 -0.0535031 -0.1333124 -0.0658984 0.0640924 0.5259881 0.2608232 -0.1931829 0.1634329 0.1642186 0.2645440 0.1047578 0.3528422 0.2317835 -0.2507757 0.5279103 0.3638181 0.2783589 0.0332392 0.1609307 0.1712168 0.4609691 0.1120645 0.2183771 0.7206663 0.5684896
0.7043094 0.1885238 0.4763156 0.3131654 0.3279483 0.2907970 0.2952500 -0.1657292 0.4544899 0.4246652 -0.2708558 0.4198762 0.0722852 0.4585729 0.0000000 -0.3215238 0.1590682 0.6281088 -0.3910655 0.1491908 0.1709113 0.1377572 -0.2105326 0.6131366 -0.2982630 -0.6869809 0.3101440 0.7170897 0.8058299 0.5801636 -0.0692068 -0.0368883 0.4114795 0.5696972 -0.4138036 -0.2245681 -0.6181644 -0.0886972 0.0004494 0.2803801 0.0104929 0.4492718 -0.2417949 0.3484391 0.3176596 -0.4828899 -0.5740591 0.2152475 0.3164521 -0.1935799 -0.6462353 -0.1793647 0.1915964 0.1174371 -0.1131045 -0.4602119 -0.5591221 -0.0510651 0.5004803 -0.7167881 0.4016053 -0.5621709 -0.2484897 -0.1574913 0.3165498 -0.0932065 -0.7142583 -0.2738313 -0.2140749 -0.4654440 -0.3007223 -0.2231680 -0.2323636 0.1535238 0.0024524 -0.0720416 0.0810044 0.0706205 0.1202881 0.2527067 0.1516927 -0.3216791 -0.0465058 -0.2605476 -0.1854295 -0.1228684 0.0051323 0.3742022 -0.1783681 -0.1500257 -0.3030979 -0.1916014 -0.2891789 0.5832727 -0.1865740 0.3469739 0.1063100 -0.2527011 0.0561079 0.0573799 0.2616589 -0.2612439 -0.2029161 0.4319112 -0.2966445 0.0650045 -0.2999276 -0.1100732 -0.3724345 -0.1482056 -0.3499794 -0.3231298 -0.1126012 0.1366568 -0.1343042 -0.0079878 0.2691657 -0.1452272 -0.0012285 -0.3348641 0.0582675 0.2565584 0.0782211 -0.1926746 -0.4446550 -0.5263734 0.0899587 -0.0187042 -0.5636594 -0.2779744 -0.4748777 -0.0994565 -0.4098234 -0.1338214 -0.0311065 -0.1540151 -0.5973470 -0.5516241 -0.6205979 -0.5452117 0.4804719 -0.5098824 -0.2156360 -0.4962688 -0.5989269 -0.1659783 -0.6072982 -0.5565630 0.2780404 -0.5409043 -0.3654325 -0.4566961 -0.1984225 0.4034230 -0.0370081 -0.4897541 -0.3532788 -0.4338756 -0.2101646 -0.4429330 0.2626923 -0.1215416 -0.5752666 -0.3277999 0.3950537 -0.4543339 -0.0520726 0.3611955 0.1752694 -0.1321060 0.3794477 0.4808856 0.4867835 0.5218146 0.3483404 0.4320771 0.1248198 0.4015226 -0.3451243 0.1200364 0.0697983 -0.2788732 0.2870394 -0.1648984 0.1789470 0.5137876 0.4899271 0.1504173 0.3205212 -0.1093607 -0.3372412 0.2080971 0.2489343 -0.4537364 -0.4721017 -0.4612794 -0.3449010 0.1142859 0.2892044 -0.5097471 -0.1521175 -0.0752609 0.1443452 -0.0190837 0.4702475 0.3522520 -0.4386603 0.1549584 -0.0082525 -0.1926459 -0.1146738 -0.2214354 0.0950079 -0.0474296 -0.0374943 0.0420147 0.5384190 0.1423670
-0.2542270 -0.2426166 0.0817422 0.1731122 0.0699185 -0.4018229 -0.4405667 0.7694356 -0.3771686 0.2237044 0.9416799 -0.4483362 0.3534725 -0.0726030 -0.3215238 0.0000000 0.7476137 -0.4426448 0.8764662 0.5345342 -0.1597807 0.5791843 0.9326737 -0.6026079 0.9005201 0.8154561 0.6179975 -0.5669356 -0.1933122 -0.3063027 0.4310573 0.7360562 -0.5777114 -0.4395148 0.8520705 0.7347996 0.7347167 0.5976105 0.1676343 -0.0751752 0.3912180 0.4190459 0.7876322 -0.6231046 0.5257978 0.5951246 0.6290580 0.5229169 -0.4260750 0.5323249 0.4581971 0.5505607 0.0304385 0.7382574 0.6319209 0.4798245 0.5558381 0.5186117 0.4519514 0.4581095 0.3580964 0.5978819 0.5103474 0.5721756 0.3872627 0.4599753 0.6047030 0.6009146 0.4944735 0.7025955 0.6660214 -0.1001185 0.8097909 0.1145659 0.5884767 0.7062788 0.1728750 0.4623209 0.4407856 0.2636535 0.2799466 0.0908645 0.0078937 -0.0040928 -0.0630850 0.2746925 0.4584272 -0.1827840 0.1013438 -0.0345574 -0.0674555 0.1988948 0.3842896 -0.0763892 -0.0973223 0.2167637 -0.1005227 0.3389977 -0.0917314 -0.2620259 0.0337736 0.1404955 0.1656614 -0.2524514 0.1352998 0.0429749 0.2525008 0.1634662 0.0818508 0.2931506 0.0240892 0.4781509 0.3982744 0.2023230 0.4325990 0.2466144 0.0039642 0.4910909 0.1255284 0.2138552 0.0602280 0.0405581 -0.0840261 0.3849718 0.3878512 0.2444332 0.0709393 -0.3256761 0.0581644 0.1571316 0.1817484 -0.0138320 0.0721598 -0.0066721 -0.1165903 -0.3970599 0.0243399 0.1444471 0.0704127 0.0678141 -0.4887329 0.0458855 -0.0225942 0.1130795 0.1175117 -0.3166921 0.0001195 -0.1280871 0.1117148 -0.1094331 -0.0587851 -0.0325509 -0.1881155 -0.3370700 -0.3308886 -0.0864434 -0.0097055 -0.1164927 0.0162007 -0.1748450 -0.4267372 -0.4006927 0.1122450 -0.0328943 -0.4053872 -0.1273646 -0.2282617 -0.0241191 -0.1600263 -0.2584401 -0.2888796 -0.1327466 -0.3379089 -0.3831845 -0.4500779 -0.4029737 -0.3581921 -0.2697874 0.0962096 0.4246322 -0.0713976 0.5532934 0.4987124 0.5566095 0.4503096 0.1683598 0.1532380 0.4324426 -0.1336047 0.1073290 0.2231825 0.1251310 -0.0782874 0.3352024 0.1540879 0.4502739 0.0438361 -0.1201347 0.0472009 0.1597817 0.3778772 0.2073713 -0.3190233 -0.2281676 0.0862463 0.0891453 -0.1692286 0.4392136 0.2111797 0.1363720 -0.2684575 -0.2209736 0.3774109 -0.0176129 0.1620831 0.7243001 -0.2891508 0.1814263
0.1721366 -0.0692173 0.5237184 0.4139592 0.2835959 -0.1724359 -0.2365978 0.7337436 -0.1202005 0.5521600 0.7584821 -0.1308085 0.4074993 0.4517181 0.1590682 0.7476137 0.0000000 -0.0605146 0.5652883 0.7750728 0.0917627 0.6783245 0.7945456 -0.3409350 0.7143209 0.4336139 0.7696398 -0.2029845 0.2784014 0.1881161 0.3830981 0.7403663 -0.4137495 -0.1785136 0.4575630 0.6761535 0.3171934 0.4501866 0.0486642 0.0327717 0.2582919 0.7511190 0.5120245 -0.5026757 0.7825164 0.1417082 0.1705678 0.5110449 -0.3765604 0.4134531 0.0022689 0.4282902 0.1477212 0.6473401 0.3982112 0.0142187 0.0840290 0.3272042 0.7855006 -0.0496941 0.6078617 0.1717363 0.2920027 0.4521945 0.5486671 0.2083328 0.0926208 0.3754905 0.2073216 0.4012546 0.2837921 -0.3326627 0.5555979 0.3314638 0.4292027 0.5989466 0.3409544 0.4699268 0.6318388 0.5808153 0.5109370 -0.0599100 -0.2029682 -0.2327229 -0.3284085 0.3421954 0.5545686 -0.1160718 0.0706783 -0.1803740 -0.3385204 0.1672545 0.1047047 0.2199966 -0.1188820 0.4103195 -0.2405329 0.0758972 -0.0335593 -0.1130601 0.1709766 -0.0868653 -0.1003225 0.1489065 -0.2406853 0.0852111 -0.0896803 -0.1222186 -0.2635639 0.0195996 -0.1912738 0.1729883 0.1414520 0.1410313 0.1654696 0.1479357 0.1228081 0.3168834 0.0688991 0.0079002 0.1670515 0.2161656 0.0399127 0.4550079 0.1108949 -0.0085325 0.1307475 -0.3108031 -0.2999514 -0.0728509 -0.1970545 -0.2215767 -0.1845539 0.1691005 -0.2690856 -0.5272188 -0.3432940 -0.2968692 -0.3624367 -0.2660600 -0.2443382 -0.3868112 -0.2119560 -0.0080646 -0.2257659 -0.4084026 -0.4358127 -0.4908594 0.1829022 -0.4940725 -0.3011536 -0.2490583 -0.5496804 -0.1415470 -0.2535898 -0.2966876 -0.2534146 -0.4065875 -0.2709972 -0.3656158 -0.2768534 -0.6723766 0.0452584 -0.1887934 -0.3622359 -0.3924838 -0.2981438 0.1868481 -0.2331931 -0.5047511 -0.0779071 -0.0046120 -0.1123977 -0.0327590 -0.1306667 -0.0214638 0.0391106 0.2556856 0.1221571 0.6340069 0.3037462 0.5286867 0.6535447 0.6062693 0.5054833 0.5001464 0.5234809 0.6111972 0.2091893 0.0935170 -0.0504516 0.3586507 0.3057945 -0.0165796 -0.1153468 0.1937741 -0.0502719 0.2749583 0.4246036 -0.0485342 0.4809237 0.3434178 -0.0443962 -0.0499613 0.3490817 0.2713505 -0.4075575 0.6311524 0.2766633 0.2925639 -0.1931724 -0.0574809 0.4585529 0.1131703 0.1159836 0.7339806 0.2451960 0.5741238
