0.0000000 0.2133896 0.7335106 -0.0209092 0.2414167 -0.1923336 -0.0550047 0.2281157 0.1077560 0.1580619 -0.2619819 0.3216389 0.0048048 0.2760763 0.4694947 -0.4648518 0.0432309 0.1390444 -0.1013918 -0.0407008 0.2525405 -0.0244988 -0.3700073 0.1602022 0.0370443 -0.1303195 0.2345504 0.2248223 -0.0613305 0.1884378 -0.1500041 0.3894121 -0.0744267 -0.0702204 -0.1881748 -0.0264609 0.0491386 -0.0666650 0.1310952 0.2561801 0.1048894 -0.0321139 0.0235293 -0.1249601 -0.1426096 0.2330522 0.0452699 -0.0856678 -0.2892959 -0.2906782 -0.1791377 0.0447216 -0.4041975 -0.4939020 -0.1186486 0.1000971 0.1361869 -0.4865355 -0.1620018 -0.1017507 -0.0500252 -0.2068052 0.4279020 -0.3419306 -0.3372485 0.0896026 0.0145855 -0.2711716 0.3269562 -0.4327230 0.0276283 -0.1679602 -0.2159619 0.0423738 0.2425295 -0.3849004 -0.3547140 0.0228094 -0.3711175 -0.0918188 -0.0279096 0.1011498 -0.0015315 -0.2790065 -0.4267983 -0.2915272 0.5810134 -0.3467830 -0.2944518 -0.2708837 0.1679801 0.2704869 0.3476276 -0.3248568 -0.1072474 0.4001416 0.3687143 0.2982480 -0.0887942 -0.2801833 0.0233310 -0.0624938 0.0598769 0.0367245 0.2635707 0.4262546 -0.2884943 0.0560701 0.1545939 -0.2513356 -0.0634325 -0.0287848 -0.0924532 -0.1145787 -0.0766985 -0.0231908 0.1332588 -0.0568564 0.2772151 -0.2814304 -0.1017697 -0.2652294 0.4507654 0.1382728 0.0048570 0.2567428 0.0541781 0.6337827 0.1268672 -0.0011040 0.3103510 0.7491475 0.3294017 -0.3197124 0.2845158 0.5389086 0.2176725 -0.0769887 0.2874313 -0.0696223 0.7131641 -0.2516443 0.6006193 -0.0714179 -0.0310899 0.1131391 0.2928383 0.3934108 0.4698334 0.0524687 0.2744209 0.1290755 0.2044133 0.6136266 0.5733343 0.5229821 0.5256651 0.2777722 0.4720554 0.4575561 0.3027747 0.5681913 0.5985589 0.4913726 0.5213618 0.5490662 0.4145214 0.3937629 0.4787639 0.6120442 0.4766947 0.5183840 0.6048157 0.1598528 -0.1600972 -0.0911929 0.2288375 0.4793376 0.3163203 0.0140459 -0.0218173 -0.3899364 -0.1596870 -0.4365848 -0.0873481 0.1451207 0.0769255 -0.0177524 0.1233659 0.0962538 -0.3540415 0.2104224 -0.0384722 0.2667812 0.0667295 0.4988005 -0.1604614 0.2726629 0.2678249 0.0561869 0.5868104 -0.2099805 0.0058053 -0.1719627 -0.2381325 -0.0583146 -0.1149681 -0.1681147 0.7246837 0.0963530 0.1791378 -0.3456962 0.2145861 0.4028269 -0.0696563 -0.2036344 -0.0041846 0.1030924
0.2133896 0.0000000 0.2757971 0.3967101 -0.0752619 0.4954426 0.4074159 -0.1504548 0.7392095 0.4578480 -0.4713736 0.7272177 0.0101891 0.7736853 0.4612828 -0.5301594 0.1337958 0.3691107 -0.4286025 -0.3271399 0.8366211 -0.3687584 -0.4969686 0.6320774 -0.3792981 -0.4355202 0.1048628 0.6325207 0.7090742 0.5526658 -0.1797911 -0.2353929 0.5760925 0.6406830 -0.4201362 0.5836386 -0.1676261 -0.2383939 0.3653132 0.2897798 -0.0178116 0.1981098 -0.1922901 0.6418854 -0.1748331 -0.0470771 -0.1887191 -0.2222045 0.6078295 -0.2064218 -0.2708084 0.1031677 0.2702279 0.0293541 -0.2104524 -0.2439449 -0.2458475 0.3151218 -0.4539226 -0.1732159 -0.6389408 -0.0486796 -0.2110047 0.4507849 0.1298539 -0.5353572 -0.2738515 -0.4070173 -0.4575990 -0.3235183 -0.4274136 0.1066028 -0.5718765 -0.0624315 -0.5260921 -0.6131022 -0.0815023 -0.5388609 -0.5590679 -0.4102063 -0.2197101 -0.4206598 -0.1654709 -0.3319210 -0.0898214 -0.2432787 0.0401309 -0.2074628 -0.0673473 -0.0349800 0.1748786 0.2414304 0.2882220 -0.2655844 0.0520640 0.2358784 0.3654034 -0.1180523 0.1148025 -0.0942028 -0.1892752 -0.1626933 -0.3116618 -0.3314000 0.2731334 0.2572860 -0.4194871 -0.5731561 0.0074887 -0.3831213 0.0451127 -0.0920273 -0.4725816 -0.3677738 -0.3617275 -0.4345591 -0.3958745 -0.2887438 -0.3329387 -0.4524887 -0.5817489 -0.3296045 0.4158199 -0.0980092 -0.3109229 0.0301911 -0.2561426 0.2573633 0.0556181 -0.4017183 -0.4294052 0.1855518 -0.2247125 -0.4772005 0.3539161 0.2657997 -0.1597401 0.2033540 -0.0632592 -0.0938039 0.1908794 0.2336349 0.3004892 -0.5070525 -0.3397045 -0.1370643 0.0977836 0.1210550 0.0616245 0.2485715 0.2043010 -0.0630212 0.0387204 0.2184349 -0.0343728 -0.0340842 0.0504622 -0.1065439 0.2169651 0.1456270 0.2074827 0.2008554 0.2409711 -0.1262767 -0.0443047 0.1773862 0.2663787 0.0866492 0.0282379 -0.0332988 0.1049495 -0.0135782 0.2432104 -0.1209764 0.5197622 0.4310843 0.5371004 0.0624449 0.7039860 0.6791999 0.2556458 0.0366240 -0.3212040 -0.2178962 -0.3833816 -0.1582119 -0.5513069 -0.5012454 0.2046741 -0.0262336 -0.2176766 -0.2480354 -0.0920073 -0.0191316 -0.0724549 0.3451270 0.2915294 0.3532030 0.2967702 0.5347530 0.4468041 -0.0488087 0.2936943 0.0706361 -0.1381087 -0.1284790 -0.1412002 0.2806885 0.5661144 -0.0250692 0.3598303 -0.0823778 -0.1219333 -0.3388015 -0.0782624 -0.1894307 0.3669912 0.2858752
0.7335106 0.2757971 0.0000000 -0.1105420 0.4272095 -0.0796401 0.3382428 0.1025328 0.1306506 -0.0206064 -0.5357620 0.4943173 -0.0999131 0.4067782 0.5710570 -0.6052613 0.0093693 0.3730039 -0.3625168 -0.1465378 0.3357962 -0.0390039 -0.4645202 0.2950614 -0.2341639 -0.3550362 0.1598383 0.5628186 0.0369927 0.3603613 -0.2025192 0.1831035 0.2670673 0.1993546 -0.4877906 -0.1033494 -0.2727186 -0.0873353 0.0691782 0.2952347 0.2312509 -0.2399200 -0.1868563 0.2424161 -0.3116469 -0.0878150 -0.2884694 -0.0249162 0.0291567 -0.3374439 -0.4352360 0.0049573 -0.2294022 -0.6412072 -0.2444023 -0.2431867 -0.1900421 -0.4227019 -0.0649909 -0.3550901 -0.3175553 -0.3532072 0.1220142 -0.3445368 -0.2221847 -0.1606961 -0.3205443 -0.5385470 0.0789466 -0.6496132 -0.3503840 -0.0675153 -0.4983775 -0.0215098 -0.1768299 -0.5551123 -0.2660331 -0.3957278 -0.5594895 -0.3960216 -0.4925272 0.0143593 0.1515822 -0.2490929 -0.3177121 -0.1538560 0.5373812 -0.1059899 -0.2042484 -0.1146446 0.4170762 0.3971385 0.5775845 -0.1861953 -0.0537138 0.4305166 0.4280441 0.4198951 -0.1388997 -0.6359408 0.1052959 0.1413226 0.0121217 -0.0058204 0.3049388 0.2761889 -0.4733350 0.0880020 0.1030338 -0.2502788 -0.1642935 -0.3382752 -0.1200305 0.0334264 -0.0035091 -0.0569841 0.2612538 -0.0067802 0.1338000 -0.3432293 -0.1905219 -0.3306893 0.2705612 -0.2381256 -0.0957347 0.2384569 0.1572924 0.5155587 0.0111088 -0.2531952 0.1157171 0.5208761 0.2658286 -0.5528402 0.1068063 0.3838683 -0.0771825 -0.1604847 0.1389512 -0.3071869 0.5049711 -0.4422125 0.2881961 -0.2921034 -0.2382870 -0.0753645 0.2283878 0.3325963 0.3061098 -0.1188215 0.0544922 -0.0460271 0.1196388 0.3222220 0.6086481 0.2395866 0.2829976 0.1430010 0.2524718 0.1420337 0.4843319 0.3931899 0.2996079 0.2864638 0.5391582 0.3534938 0.1607552 0.1861037 0.3276707 0.3734887 0.4062446 0.4050619 0.4159888 0.1013700 0.1268298 0.1239676 0.2261732 0.3713127 0.2505466 0.0592589 -0.2637184 -0.5646419 -0.3454046 -0.6270576 0.0688658 0.0543019 0.2032713 0.0201941 0.2103302 0.2125442 -0.5139302 0.0617989 -0.1098086 0.0358208 -0.1475766 0.3306888 -0.0313084 0.0887126 -0.1189080 0.1585880 0.3910315 -0.2399651 -0.2830721 -0.5574765 -0.0149426 -0.2480761 0.0208654 -0.2609545 0.5473633 -0.2822565 -0.1258726 -0.4891683 0.1520349 0.2716826 0.1064270 -0.4174637 -0.0628636 0.1801028
-0.0209092 0.3967101 -0.1105420 0.0000000 0.3148114 0.0074051 -0.0730975 0.3634440 0.5331651 -0.0197799 0.1311794 0.2847073 0.3219239 0.2886439 0.3375815 -0.0555793 -0.4193396 -0.1600392 0.0778996 0.3681617 0.3874999 -0.1484799 -0.0705471 0.3274658 -0.0437625 -0.0032831 -0.2955412 0.0693926 0.3496616 -0.0888667 0.3592454 0.0980513 0.2837932 0.4749734 -0.0768254 -0.0006170 -0.0650662 -0.1065419 -0.2480095 -0.3648411 -0.1186277 -0.0838067 -0.3297149 0.1310989 0.3062218 -0.0637245 0.0355429 -0.2351502 0.4505350 -0.0275647 -0.0095672 -0.5836669 0.7307836 -0.0914590 -0.1453091 0.0863082 0.0518967 0.3720588 -0.6698436 -0.0662624 0.0727450 -0.2273340 0.3167661 0.4641883 0.4403709 -0.0136073 -0.0629392 -0.0352344 0.1415443 0.2959963 0.0814077 0.5066067 -0.0217766 0.4316911 -0.0858194 0.1176405 0.5586710 0.1531892 0.1827683 0.4724823 -0.0067265 -0.1250544 -0.3529419 -0.2967118 0.2336483 -0.3426236 -0.3154464 -0.6352336 -0.3947760 -0.3218299 -0.4767933 -0.4492920 -0.5012812 -0.3955871 -0.3814456 -0.2604258 -0.2984516 -0.2666262 -0.1712550 0.0785716 -0.4086284 -0.2268180 0.0474563 -0.3417180 -0.4246530 -0.4374154 -0.0012869 -0.1518935 -0.5345049 0.0363514 -0.2936673 0.2430760 -0.0076557 0.0025472 0.0966559 0.0962018 -0.0833537 -0.0533630 0.1075136 -0.1441529 -0.0157632 0.3821846 0.2023747 0.4353377 -0.0554840 -0.2645215 -0.1177091 0.0053022 -0.1009531 0.2868344 -0.3195694 0.1937007 -0.4793038 -0.0256448 0.0229013 -0.0535534 -0.2843117 -0.1196692 -0.4438723 -0.2421563 0.1004430 -0.1859407 0.5330100 -0.1856825 -0.4327491 0.1231591 -0.3068538 -0.2182739 0.1923864 -0.0976086 -0.1083474 -0.3082182 -0.3083908 0.2226006 -0.2642380 0.0964405 0.1412567 -0.4317284 0.3475099 0.0715759 0.2340861 -0.0456995 0.1750539 -0.0475631 -0.1043443 -0.0215786 0.3586007 0.1926629 0.0924312 -0.0227144 0.2437515 0.0692784 0.1731741 0.1144007 -0.0644621 0.3077282 0.3990773 0.4083894 0.2625460 -0.0438416 0.2766370 -0.1536463 -0.5936743 -0.2802055 -0.6912054 0.0987385 -0.6109959 -0.1335036 0.5152047 0.3971828 -0.1864504 0.3666399 0.4579545 0.4692672 0.0787050 0.6032612 0.5018351 0.4589830 0.3455541 0.2752704 0.0172803 -0.5897531 -0.0861604 -0.0502684 0.2183520 -0.2118870 0.2059067 0.5666639 0.1238183 -0.3798419 -0.0054555 0.3783975 -0.3634775 -0.1112133 0.2912842 0.2311456 -0.1839207 -0.1802683
0.2414167 -0.0752619 0.4272095 0.3148114 0.0000000 -0.0454167 0.1937581 0.7771417 0.0368357 0.0329980 0.3298065 0.0590790 0.5977912 0.0858298 -0.0424812 0.1149940 0.0632326 -0.1681744 0.3225445 0.5841393 -0.0784204 0.3223765 0.2157177 -0.2755812 0.2747259 0.3294101 0.2886569 -0.0669664 -0.2866541 -0.0807011 0.3804314 0.5987211 -0.1898196 -0.0513671 0.1323207 -0.4222785 0.1276778 0.2438760 0.0169720 -0.1690932 0.3588468 -0.4557564 0.1768470 -0.3660959 -0.1302472 -0.0024507 0.1056410 0.1878579 -0.1944526 -0.1217480 0.1102673 -0.1081116 0.1887691 -0.4354718 0.0406274 0.0756489 0.1843074 -0.3593691 -0.0695063 0.0949028 0.0070726 -0.0816143 0.4785010 -0.3399037 -0.2450971 0.2701139 0.0243713 -0.0555851 0.4666696 -0.0477478 0.1424681 0.2153720 0.1436689 0.0480334 0.1142955 0.1029048 0.0529998 0.1155625 0.0986335 0.1837146 -0.2250447 -0.0999098 -0.2436546 -0.3456923 -0.1251579 -0.1099119 0.2463733 -0.2278739 -0.2126579 -0.3113198 0.0027761 -0.1333240 -0.0177739 -0.0505934 -0.1858343 -0.0359622 -0.1252265 0.2762137 -0.0847968 -0.3782005 -0.0087414 0.2126492 0.1432927 -0.2976256 -0.1440830 -0.1713431 -0.1410599 0.0962727 -0.0953433 -0.2367074 -0.0887034 0.1333988 -0.1128662 0.0971227 0.1093296 0.0392387 0.4244830 0.2269480 0.3873415 -0.0864754 0.1156609 0.1460956 -0.2159021 0.0752172 0.2253311 -0.1057197 0.2093226 0.1274363 0.1781360 0.3232808 0.3021844 0.2034767 0.0610574 0.0507876 -0.0729343 0.0685601 0.0546534 0.0115210 -0.0315087 -0.2104717 0.2324417 -0.3635139 0.1895962 -0.0704956 -0.0025940 -0.0713841 0.0577722 0.1059715 0.2942541 -0.2402744 -0.0314402 -0.0879358 -0.0625579 0.1526241 0.3885361 -0.0183533 0.1267815 0.1235222 0.2217987 0.0183904 0.5153803 0.1253608 -0.0752423 0.1354463 0.3621549 0.0145457 0.1386162 0.1717917 0.2525944 0.1537270 0.3811544 0.3175471 0.5073977 0.6170549 0.1285975 0.4512376 0.2316897 0.3904215 -0.0061671 -0.3366001 -0.1361164 -0.3822965 -0.2293158 -0.2635233 -0.0036121 -0.1060233 0.1437181 0.0048975 0.2099391 0.1454700 -0.4053327 0.1403842 0.1323211 0.0785459 -0.0946909 0.2059755 -0.0716821 -0.0114438 -0.2511717 -0.0231079 -0.0371497 -0.4700110 -0.5865680 -0.5766537 0.4781765 0.0180032 0.7256386 0.2311858 0.0542631 -0.4999925 -0.5678194 0.0248541 0.0696843 0.3246603 0.5367129 0.2970282 -0.3647735 0.0315692
-0.1923336 0.4954426 -0.0796401 0.0074051 -0.0454167 0.0000000 0.7266026 -0.0589493 0.5405532 0.5060851 -0.0077076 0.4486721 0.2004886 0.4210217 -0.0600691 -0.0462069 0.4051543 0.4443762 0.0099789 -0.1129691 0.2274870 0.1320328 0.0549354 0.0472380 0.0571642 0.1208099 0.5820237 0.2429230 0.2149760 0.6042445 0.0465081 -0.0489179 0.0617744 0.0944629 0.1076332 0.3273301 0.2030265 0.1160915 0.5707637 0.6154377 0.3056275 0.0321570 0.2537608 0.3630702 -0.1273985 0.1467743 0.0440947 0.1602713 0.1817337 0.2728829 0.0634510 0.5083459 -0.0946714 0.3712545 0.1271824 -0.0715576 -0.0912752 0.1350456 0.0790975 0.1672072 -0.5528725 0.1928089 -0.2151947 0.0821180 -0.2928287 -0.3079563 -0.0342702 -0.3534669 -0.3406126 -0.2339007 -0.2159635 -0.2874998 -0.3037142 -0.3393910 -0.2696856 -0.4252158 -0.3267053 -0.4123925 -0.4405398 -0.4314028 -0.1410064 -0.0997318 -0.0359037 -0.2347505 -0.0684218 -0.1355523 0.1359222 0.2809593 0.1701804 0.2836478 0.4087183 0.3873574 0.2367487 0.1465263 0.3469529 0.5012510 0.5124839 -0.4119469 0.3891130 -0.2884336 0.0209574 -0.0846729 -0.5749353 -0.2795176 0.3934366 0.4234701 -0.3596515 -0.5789747 0.2872324 -0.1893437 0.3549466 0.0422602 -0.5794185 -0.1728460 -0.2016303 -0.3645713 -0.1150630 0.0394539 -0.2056791 0.0707729 -0.0276025 0.0015569 0.2630369 -0.2876169 -0.2990549 0.4289456 0.1708837 0.1851895 0.4197443 -0.2422486 0.1364182 -0.0471320 0.0064144 -0.0005845 0.4741168 0.2172492 0.1149245 0.6225275 0.3223365 0.4938725 0.0569462 0.5566088 0.0529195 -0.0702639 0.3549151 -0.3257345 0.3913104 0.1232805 0.0812773 0.4312699 0.5809416 0.5050066 0.4344723 0.0850196 0.1587240 0.0577579 0.1179526 0.3043898 0.0157029 0.3086600 -0.1124596 0.3329989 -0.0024233 0.1696283 0.1078759 0.3230737 -0.0887086 0.1746930 0.1340480 0.1264925 0.0087915 0.1470270 0.2503669 0.1846791 0.6119184 0.4497919 0.2279289 -0.0488059 0.4152887 0.6191292 0.2426951 0.2837156 0.1050499 0.0957581 0.0792696 -0.1065809 -0.1645742 -0.2583942 -0.0208342 -0.3445055 0.2580278 -0.3403238 -0.0827114 -0.1309351 0.3511871 0.0321221 0.1692246 0.1957576 0.2919062 0.5837354 0.4836939 0.2127867 0.0678857 0.0170266 0.2894817 0.1650071 0.0955004 0.2861683 0.4042247 0.0209886 0.0175072 -0.0170309 0.2222896 -0.2330829 -0.2763965 0.2777961 0.2424242 0.6740418
-0.0550047 0.4074159 0.3382428 -0.0730975 0.1937581 0.7266026 0.0000000 -0.0261724 0.5023777 0.2123525 -0.3462984 0.5518168 0.0931331 0.4788729 0.1971545 -0.3478247 0.2541778 0.6821267 -0.2173148 -0.2634548 0.2724674 -0.0025510 -0.0617861 0.1797698 -0.1757933 -0.1284851 0.4835143 0.5794600 0.1233995 0.7032897 -0.0907509 0.0384558 0.2567740 0.1949248 -0.2406116 -0.0807406 -0.0458852 0.1505858 0.2858519 0.5567957 0.4610818 -0.4376560 -0.0367445 0.4615369 -0.4717021 0.0332626 -0.2365846 0.3105032 0.2801218 0.0853282 -0.2760308 0.3719074 -0.0472847 -0.0204778 0.0734817 -0.1595970 -0.2190202 -0.0881989 0.1391861 -0.1431298 -0.7143608 -0.0933429 -0.1083805 -0.1787444 -0.2808157 -0.3117344 -0.3525873 -0.6013141 -0.2560121 -0.5951090 -0.4024022 -0.1354662 -0.5363664 -0.1949995 -0.3622673 -0.6463698 -0.2061394 -0.5736295 -0.6323121 -0.5620489 -0.4404904 -0.0806698 0.1141986 -0.2594276 -0.0805353 -0.2079755 0.2082765 0.4516845 0.1023654 0.4541470 0.5139669 0.3837330 0.4560387 0.2305350 0.3707550 0.5519199 0.5308829 -0.0391828 0.3552970 -0.7114014 0.1954357 0.0591092 -0.6316849 -0.2971045 0.3774861 0.3351767 -0.7120068 -0.4756451 0.0435847 -0.2050429 0.2104697 -0.4041786 -0.5666837 -0.0015387 -0.0281711 -0.3884396 0.2294904 0.1458381 -0.1975921 -0.1383171 -0.1317998 -0.1928280 0.0971155 -0.6089454 -0.2409653 0.3820008 0.0490311 0.1989833 0.3794868 -0.5254983 0.1282457 -0.0204244 0.0980418 -0.3842016 0.3100221 0.0925499 -0.0571038 0.5043189 0.3010385 0.0428807 0.0803168 0.0296633 -0.0267084 -0.3118888 -0.0069687 -0.6680337 0.4029969 0.1811584 0.2386608 -0.0170084 0.2240398 0.1639060 0.3912201 -0.0342511 0.2691777 -0.0655151 0.0883096 0.0585997 0.0133185 0.0110610 0.0957150 0.2533634 -0.2396362 0.1229818 0.2779040 0.1639288 -0.3883065 0.1868438 0.2147846 0.1514179 0.0930882 0.2613003 0.2706305 0.3397253 0.7752816 0.6108781 0.2329967 0.0894561 0.2817733 0.3694822 -0.0225355 -0.1556183 -0.2258257 -0.2616420 0.2139234 -0.0610632 0.0957297 -0.1493805 0.2551318 -0.0718014 -0.2363643 -0.2179540 -0.0151296 -0.2164333 0.0619771 0.1331688 0.1911378 0.2669758 0.0850833 0.6104126 0.4170969 0.0715489 -0.2466790 -0.4526857 0.2880710 0.0018887 0.2553986 0.0797647 0.4180343 -0.1251087 -0.2356720 -0.1845656 0.1049665 -0.0237999 0.1009672 -0.0644642 0.0143764 0.5128979
0.2281157 -0.1504548 0.1025328 0.3634440 0.7771417 -0.0589493 -0.0261724 0.0000000 -0.0953774 -0.0218179 0.6681809 -0.2615085 0.9147022 -0.0908332 -0.1920573 0.3903849 0.1187290 -0.1892625 0.7733926 0.7574220 -0.2964631 0.6369968 0.4881335 -0.4957109 0.7275713 0.6991107 0.3314713 -0.3303979 -0.3951903 -0.1381863 0.6983227 0.8221169 -0.5150874 -0.3464767 0.5557384 -0.4674399 0.6472215 0.6440921 0.0696688 -0.1155094 0.5664196 -0.3176796 0.4750118 -0.5693819 0.0275079 0.5512959 0.6292395 0.5216455 -0.4507901 0.1930029 0.5790954 -0.0131303 0.0599232 -0.1698863 0.5313519 0.6406584 0.7161837 -0.4048008 0.0460653 0.5738697 0.2291366 0.2680381 0.7975054 -0.3729555 -0.3602391 0.7348611 0.5342909 0.3186020 0.8028382 0.2595725 0.6584082 0.0812266 0.5336853 -0.0171858 0.5836341 0.3967137 0.0979735 0.5756846 0.3729816 0.3458483 0.1884577 0.1059644 -0.0422970 -0.0361139 -0.0753989 0.1777869 0.3206534 -0.1367751 0.1506094 -0.0367128 0.0471221 0.0484813 -0.0605550 0.2139822 0.1118589 0.1377044 0.0682347 0.1285198 0.1553438 -0.0695324 0.2792649 0.1670982 0.2134521 -0.0595983 0.0998097 0.0877246 0.1015734 0.0245091 0.0213182 -0.2980003 0.2883534 0.2676818 -0.1534350 0.0187178 -0.0629385 -0.0335443 0.4168265 0.0271806 0.5215437 -0.2534017 0.1224812 0.2088312 0.0754416 0.2568593 0.2566374 -0.2095503 0.2614076 0.3631093 0.3157182 0.4553009 0.3984272 0.3915504 0.2153639 0.3552911 0.1421318 0.3516559 0.3757849 0.2416799 0.1935801 -0.0069723 0.4486570 -0.1245382 0.4832101 0.2490392 0.2498565 -0.0297142 0.2936409 0.3343471 0.6415491 -0.0781137 0.1625239 0.1193662 0.2288588 0.4143434 0.4603106 0.1845587 0.4968890 0.2660027 0.6190160 0.3276163 0.5241349 0.3790267 0.0796085 0.3996747 0.4954742 0.2468874 0.2778621 0.5356426 0.5872166 0.4671308 0.6023347 0.5982492 0.5010306 0.6337788 0.0608431 0.1379542 -0.0076179 0.2725304 -0.1246070 -0.4099084 -0.0110029 -0.2461349 -0.0018327 0.0066379 -0.0464986 0.0261900 0.0518565 -0.0884423 -0.0104019 0.0054175 -0.4451482 0.1537045 0.1405460 0.0858512 -0.1100488 0.1761976 -0.0450171 0.0326455 -0.1116874 0.0545366 0.1116305 -0.4341911 -0.4298923 -0.3572902 0.3318009 0.2546937 0.6290178 0.3769491 0.0882700 -0.3535658 -0.4275016 0.0261291 -0.0204106 0.2343873 0.3694314 0.4291399 -0.4572733 -0.0320264
0.1077560 0.7392095 0.1306506 0.5331651 0.0368357 0.5405532 0.5023777 -0.0953774 0.0000000 0.4532312 -0.2860707 0.7706937 -0.0372466 0.5813421 0.5738274 -0.3881865 -0.0516497 0.2458656 -0.3875121 -0.3102157 0.6831227 -0.3612341 -0.2159004 0.5604250 -0.3085206 -0.3626928 0.0965910 0.5446750 0.5950748 0.4721900 -0.2542346 -0.1996398 0.5305916 0.5970233 -0.3681599 0.3751493 -0.2321845 -0.2785590 0.1997147 0.2376832 -0.1165088 -0.0479556 -0.3119669 0.5660277 -0.0508376 -0.1251411 -0.2570335 -0.2523346 0.6594003 -0.1023475 -0.3656647 -0.0805936 0.4672987 0.1693420 -0.2213256 -0.1790810 -0.2797904 0.5272195 -0.5734139 -0.3294506 -0.4183222 -0.2617981 -0.0867561 0.5614885 0.2738264 -0.4686413 -0.3668377 -0.3889353 -0.3104882 -0.1253598 -0.3102359 0.2644961 -0.5223174 0.2108056 -0.3555926 -0.4460228 0.1733408 -0.4124776 -0.3394186 -0.0094010 -0.2308781 -0.0224085 -0.0983739 -0.4772167 -0.1408697 -0.6137264 -0.1442789 -0.2903047 -0.3763106 -0.1127537 -0.1386120 -0.0364910 -0.0910604 -0.3172242 -0.2247600 0.1653249 0.1891828 -0.4667808 -0.0663490 -0.1682915 -0.3023578 -0.4564129 -0.4414086 -0.4640758 -0.0346722 -0.0056172 -0.6158997 -0.6411379 -0.3381543 -0.3302771 -0.2005872 -0.1260376 -0.5549076 -0.3459722 -0.2737098 -0.3983169 -0.3688281 -0.2785205 -0.3700274 -0.2497958 -0.2788827 -0.0060845 0.3239902 -0.0226300 -0.4119507 0.0915423 -0.1004448 0.2118467 0.0384281 -0.1922448 -0.2986627 0.0699664 -0.3822513 -0.2760900 0.1631294 0.1286358 -0.2764593 0.1840679 -0.1627794 0.0946518 0.1557806 0.1100522 0.2921970 -0.2954378 -0.2571512 -0.2139565 -0.0266733 -0.1059443 0.1139265 0.1789204 0.2830206 0.0619671 0.0109888 0.2705652 -0.1205032 0.1428810 0.1276818 -0.1439272 0.1785723 0.1991568 -0.0249179 0.1303305 0.2227392 0.0376335 -0.0689033 0.2438979 0.2031352 0.2316073 0.0908750 0.0126370 0.1223062 0.0889559 0.3549738 0.2151421 0.3552881 0.5131692 0.6500518 0.2956787 0.6589264 0.5037876 0.3135318 0.0285907 -0.4730067 -0.2808245 -0.5148519 0.1443284 -0.5862382 -0.2467900 0.5048064 0.2386812 -0.0845638 0.1378583 0.3196664 0.2511779 0.1499261 0.5259825 0.5293417 0.6788921 0.5847727 0.6489690 0.4983981 -0.1896804 0.1570590 0.0847318 0.1818272 -0.0400787 0.0791765 0.4996238 0.6130703 -0.0478133 0.2475694 0.2797114 0.0987867 -0.0554565 0.1145409 0.0467652 0.0644659 0.2141549
0.1580619 0.4578480 -0.0206064 -0.0197799 0.0329980 0.5060851 0.2123525 -0.0218179 0.4532312 0.0000000 0.0473452 0.2047533 0.1269050 0.5747424 -0.0548923 -0.0148384 0.5107638 0.0009246 -0.1255145 -0.1391757 0.1771520 -0.1595890 -0.0428587 0.1638986 -0.0532307 0.0281032 0.5473024 0.2591679 0.1735930 0.4282660 -0.2556589 -0.0636323 0.0998502 0.1189379 0.1835147 0.3520585 0.1225066 -0.2040799 0.6538626 0.2574508 -0.0178840 0.0529684 0.3399913 0.1256867 -0.3229846 -0.0124698 0.0627774 -0.1467833 0.1379507 -0.2236415 0.1303602 0.3913636 -0.0186303 0.2344441 -0.0217135 -0.1383814 -0.0775650 0.1634266 -0.1797754 0.1599405 -0.3940332 0.1874639 -0.1354463 0.2089880 -0.2545506 -0.2897840 -0.0627068 -0.0431274 -0.2863213 -0.0760407 -0.2175482 -0.2810323 -0.2553939 -0.2823532 -0.2589131 -0.2787945 -0.4523103 -0.3338047 -0.2731964 -0.2903204 -0.0249287 -0.4245361 -0.4023752 -0.3099229 -0.0663841 -0.3237577 -0.1535382 -0.1804436 -0.0969284 -0.2175836 -0.0478400 0.0306251 -0.0385703 -0.2654861 -0.0962189 0.1043588 0.1341591 -0.1785590 0.1901071 0.0137737 -0.2503582 -0.3051736 -0.3978419 -0.5721370 0.1349373 0.3358712 -0.2186572 -0.4920023 0.3603693 -0.2624647 0.2604657 -0.0298274 -0.3815272 -0.2980853 -0.3154045 -0.3475711 -0.3220103 -0.1005432 -0.3010691 0.0292123 -0.1721857 -0.1389111 -0.0600857 -0.0891495 0.0376346 -0.0740415 -0.0810881 0.0402795 0.2216635 -0.0956852 0.0105425 -0.1698641 -0.1592197 -0.0695385 0.1297506 0.0338998 0.1019601 0.3158236 0.0616294 0.1731582 0.0012485 0.4016340 -0.0456164 -0.2841498 0.1205550 -0.2223468 0.1092572 -0.0067296 -0.1249605 0.1308756 0.2356142 0.0658629 0.0371146 0.0211264 0.0378431 -0.1699401 -0.0721957 0.1336946 0.0112479 0.0622303 -0.2518691 -0.0268599 -0.0733630 -0.1212880 -0.2936828 0.0065003 -0.0041544 -0.0043284 -0.0256445 -0.1680292 -0.1825604 -0.1737313 0.5682614 0.0721105 0.2969484 0.2563184 0.2209221 -0.1896250 0.2650264 0.2776156 0.0355196 0.1585286 0.0954802 0.0856035 -0.0645573 -0.3464869 -0.1828844 -0.3832177 -0.1437427 -0.4975959 0.1060577 -0.4468210 -0.2742507 -0.2437163 -0.0759222 -0.1411462 -0.3397050 0.0212129 0.1060745 -0.0440210 0.2608333 0.3637184 0.2761933 0.1190180 -0.0197815 0.2152615 0.0676654 0.1070011 0.3241441 0.3916315 0.2906181 0.0064888 0.3623350 -0.1205435 -0.2144555 0.2111077 0.5945682 0.2394832
-0.2619819 -0.4713736 -0.5357620 0.1311794 0.3298065 -0.0077076 -0.3462984 0.6681809 -0.2860707 0.0473452 0.0000000 -0.6235640 0.6935723 -0.5336918 -0.6072746 0.8838770 0.2574040 -0.5064610 0.8838591 0.7309010 -0.6438067 0.6897463 0.8054794 -0.7952763 0.8147307 0.8634119 0.2508720 -0.7798862 -0.5212310 -0.4594380 0.5725104 0.5109597 -0.7547710 -0.6179499 0.8519265 -0.2193440 0.6910261 0.5367626 0.1443379 -0.1654477 0.2224451 -0.0236179 0.6399377 -0.6897945 0.2321298 0.4303032 0.7004253 0.3784396 -0.5581118 0.3400073 0.7923516 0.1018668 0.0060839 0.4162679 0.5354452 0.5874310 0.6733386 -0.0164234 0.2160878 0.7109288 0.5545070 0.5222531 0.4637954 -0.1005314 -0.1826555 0.7085752 0.7379689 0.6958443 0.5955758 0.7489648 0.8068234 -0.0232447 0.8680544 -0.0302781 0.6445207 0.8031297 0.1061018 0.7275270 0.7870161 0.5787986 0.4897944 0.2478172 -0.0180183 0.0912236 -0.0162062 0.3077578 0.0094726 -0.0794995 0.2155471 -0.0921463 -0.2089051 -0.1367423 -0.3893215 0.2597231 0.0075092 -0.1324188 -0.2000251 -0.1697635 0.0250928 0.4413443 0.2088847 0.1418843 0.3452112 0.1353055 -0.1370830 -0.0839647 0.5451011 0.1648120 0.0904611 -0.0796400 0.2489355 0.5671347 0.0828952 0.0402977 -0.0972187 0.1663930 0.1664719 0.0291708 0.4393667 0.1587449 0.3851257 0.4728298 -0.1161757 0.4633845 0.1454179 -0.2785344 0.3078847 0.0049550 0.1048169 0.5960611 0.2832608 -0.0557021 -0.0072196 0.8509943 -0.1048701 0.1169409 0.3205493 0.1761067 0.0483496 0.4368036 0.0198933 0.2353829 0.0902939 0.6146410 0.5332661 0.2445162 0.0316513 -0.0176882 0.1746553 0.1821152 0.2759160 0.2979512 0.0555880 0.1458256 0.0362827 0.1021349 0.2136760 0.2878319 0.2132599 0.3115698 0.0812895 0.0538937 0.0027754 0.2404321 0.1022849 0.0754224 0.2255280 0.2383960 0.1809804 0.1294413 0.1600434 0.2011418 0.0929439 0.4641877 -0.2234403 -0.1486308 -0.2031438 -0.0362461 -0.2860971 -0.3626649 0.1866775 0.3556798 0.4654809 0.5921452 0.0765998 0.1233294 0.0996850 0.1532902 -0.2326971 -0.1307835 0.2113708 0.1155379 0.1808020 0.1013833 0.1150665 -0.1971510 -0.0603402 -0.1518842 -0.0446526 -0.2013639 -0.1412583 -0.1296537 -0.1043588 0.2038145 0.3267281 0.5544324 0.4115717 0.4495516 -0.3154616 -0.1014822 -0.2240559 0.3861948 0.1842883 0.1073426 0.0562923 0.7016458 -0.3004579 -0.1165888
0.3216389 0.7272177 0.4943173 0.2847073 0.0590790 0.4486721 0.5518168 -0.2615085 0.7706937 0.2047533 -0.6235640 0.0000000 -0.2956987 0.5989589 0.6070492 -0.7639550 -0.1933928 0.3213401 -0.6414665 -0.4706546 0.8618497 -0.4437734 -0.6104233 0.6262232 -0.5579613 -0.6359333 0.0336035 0.6433060 0.6289544 0.4650473 -0.4099551 -0.2714098 0.6052887 0.6222306 -0.6631450 0.4043169 -0.4465070 -0.4886371 0.0678480 0.2890130 -0.2061746 0.0507529 -0.4534421 0.5786893 -0.0019136 -0.3090714 -0.4912487 -0.4433090 0.5328985 -0.3158233 -0.6423287 -0.0415743 0.1921967 -0.2495673 -0.5557366 -0.5024999 -0.5140553 0.1610334 -0.5148636 -0.5643281 -0.4981417 -0.4644213 -0.2980589 0.2736925 0.1994229 -0.6937096 -0.5821883 -0.7317664 -0.4813888 -0.5211470 -0.6192014 0.2670999 -0.7682272 0.2274026 -0.5439970 -0.7163124 0.0306398 -0.6675112 -0.6840494 -0.2711354 -0.5142256 -0.0666297 -0.1022263 -0.5811016 -0.3199180 -0.5728304 0.1549496 -0.2047870 -0.4285096 -0.2068956 0.1459166 0.1470157 0.2541663 -0.4326918 -0.1775978 0.2368777 0.2962168 -0.1244745 -0.1778121 -0.4396611 -0.3841152 -0.2259095 -0.3204802 -0.2575710 0.1039536 0.0273524 -0.6404307 -0.4470958 -0.0926038 -0.2494417 -0.3027902 -0.1127407 -0.4434469 -0.2932640 -0.0833012 -0.3034164 -0.2661691 -0.0358273 -0.3043002 -0.2113048 -0.3188278 -0.2213671 0.3080071 -0.0757675 -0.4858514 0.3833878 -0.1522139 0.2480944 -0.0598996 -0.3621436 -0.2338149 0.2070909 -0.2391982 -0.4811707 0.2274176 0.1466739 -0.3448941 -0.0328382 -0.0976308 0.0416502 0.2288195 -0.1028979 0.2528055 -0.3451318 -0.2923795 -0.0984064 -0.0508783 -0.1100015 0.0246985 0.1061933 0.2462309 0.1411174 -0.0241414 0.2841099 0.0005284 0.2727013 0.0878432 -0.0672042 0.0167629 0.1607215 0.0022528 0.2006423 0.3318645 0.1224357 0.0883635 0.3081364 0.1873503 0.1007070 0.0492754 0.1037037 0.0558724 0.0922158 0.2387660 0.1106569 0.2912758 0.5590183 0.7675729 0.5164444 0.8325111 0.6899393 0.3433458 -0.0747395 -0.5327425 -0.5129401 -0.4250897 0.1405229 -0.4336557 -0.1518333 0.5311155 0.3043147 -0.0653013 0.1611565 0.2183213 0.3342341 0.3109324 0.6228765 0.4446448 0.6035793 0.4662914 0.5781207 0.4692408 -0.1835687 0.1335114 -0.0648805 0.0664514 -0.3702487 -0.0065157 0.1800004 0.6826255 -0.0660811 0.2475757 0.0577761 -0.0624823 0.1374544 0.1280943 -0.1914491 0.0013090 0.3059543
0.0048048 0.0101891 -0.0999131 0.3219239 0.5977912 0.2004886 0.0931331 0.9147022 -0.0372466 0.1269050 0.6935723 -0.2956987 0.0000000 0.0071449 -0.3200841 0.4701677 0.2833106 -0.0594264 0.8211223 0.6863817 -0.2751371 0.6680401 0.5346107 -0.4743957 0.7675130 0.7556472 0.4154149 -0.2999165 -0.2774988 0.0041409 0.7494672 0.7048893 -0.4785613 -0.3008755 0.6488006 -0.3088180 0.7579840 0.7428766 0.2480324 -0.0096100 0.6582264 -0.1984083 0.5855807 -0.4327574 -0.0177781 0.6390554 0.7020388 0.6342741 -0.3521306 0.3366829 0.7049786 0.1569277 0.0700970 0.0700828 0.6953772 0.6847239 0.7356710 -0.2787545 0.1424505 0.7269436 0.0588321 0.4572159 0.6633123 -0.2579387 -0.4011502 0.6797039 0.5992557 0.3753291 0.6490297 0.2849638 0.6400627 -0.0256179 0.5231371 -0.2139468 0.4871957 0.3574929 0.0228376 0.4933771 0.3209112 0.1619831 0.2492235 -0.0379264 -0.0176215 0.1090667 0.0608177 0.3381125 0.2434746 0.0541424 0.4094057 0.1797083 0.1776704 0.1769051 0.0154748 0.3824230 0.3449999 0.2133821 0.1922789 0.0038940 0.4006173 0.0265688 0.3564280 0.1617502 0.0664181 -0.1327252 0.2699912 0.2435597 0.1207147 -0.1757116 0.1492239 -0.3408864 0.5354877 0.2328436 -0.2883095 -0.0491200 -0.1912827 -0.1932727 0.2978008 -0.0574749 0.3729040 -0.2806498 0.0178286 0.1665817 0.1124692 0.1074144 0.2396386 -0.2447594 0.2598626 0.3258630 0.4304701 0.3709634 0.3253293 0.2522937 0.2249773 0.3666584 0.2697832 0.3776424 0.4571525 0.4684121 0.2703966 0.0671521 0.3553031 0.1728456 0.3869978 0.2003348 0.3396778 -0.1349536 0.4111045 0.4074663 0.5957664 0.0698604 0.2292151 0.1818388 0.3592194 0.3273230 0.4080047 0.0297139 0.4328536 0.3161274 0.6080002 0.3072285 0.4749919 0.3870232 -0.0345913 0.2819363 0.3927336 0.2117019 0.2054281 0.5173898 0.5453092 0.3755528 0.5413890 0.5108859 0.4167569 0.5211976 0.2965081 0.1689395 -0.0961063 -0.0015327 -0.1269892 -0.2457543 -0.0105467 -0.0971850 0.1377013 0.1778955 0.0179747 -0.1253193 -0.0331579 -0.2780475 -0.1929469 -0.2187176 -0.3823430 -0.1073834 -0.0051262 -0.1469996 -0.1848080 -0.0247827 -0.0616331 -0.0498723 -0.1485363 0.1595479 0.1183886 -0.2556377 -0.3182928 -0.2596420 0.3087059 0.3410994 0.5652367 0.4210845 0.0283844 -0.2930823 -0.3751816 -0.0167349 -0.0439420 -0.0306095 0.2197976 0.4526387 -0.2556494 0.1067969
0.2760763 0.7736853 0.4067782 0.2886439 0.0858298 0.4210217 0.4788729 -0.0908332 0.5813421 0.5747424 -0.5336918 0.5989589 0.0071449 0.0000000 0.4450738 -0.6206619 0.0153835 0.4138108 -0.4635403 -0.2452837 0.6119545 -0.3824630 -0.5320197 0.7228320 -0.4218584 -0.3645495 0.2399083 0.8119837 0.5452175 0.7514643 -0.0968202 -0.1261384 0.6480124 0.6461456 -0.2873522 0.1999707 -0.1729738 -0.2709323 0.2963863 0.2243390 0.1495683 -0.0752962 -0.1354433 0.5836471 -0.2495953 -0.0997032 -0.1881663 -0.1624134 0.5750187 -0.2583222 -0.2160753 0.0589128 0.2256815 -0.3142948 -0.2185055 -0.2899468 -0.2772043 0.0056630 -0.4037605 -0.1426526 -0.7061201 -0.1558914 -0.1517110 0.1571593 -0.0834029 -0.4883678 -0.4359802 -0.5158339 -0.3953730 -0.5235844 -0.6040929 -0.1188235 -0.7276633 -0.1946024 -0.5778706 -0.6918688 -0.2251253 -0.6052513 -0.7194120 -0.5710743 -0.3995492 -0.5271544 -0.3502074 -0.2374575 0.1614713 -0.3464878 -0.1110293 -0.1405955 -0.1091884 0.0089818 0.1776436 0.1653652 0.1579684 -0.2956573 0.0439310 0.2609966 0.3013746 -0.0479650 0.2561766 -0.4689702 -0.2791906 -0.3013315 -0.5581856 -0.5680612 0.2818949 0.2825825 -0.5257033 -0.5365395 0.1756244 -0.0984150 0.1878230 -0.4067468 -0.4061293 -0.1589588 -0.0688483 -0.4069735 -0.1866763 -0.0814846 -0.4312334 -0.2745971 -0.4149005 -0.3262483 0.1681268 -0.3431343 0.0574100 0.0361391 -0.2116499 0.1518341 0.2091883 -0.4012072 -0.1706035 0.1328724 -0.1198129 -0.6644237 0.3690816 0.0147809 -0.1204074 0.2056682 0.0049180 -0.3755389 0.1583476 0.0096461 0.2511192 -0.7355333 -0.3733027 -0.4375338 0.1600634 0.1266409 0.1108848 -0.2236755 -0.1095029 -0.2558689 0.0832323 0.0315224 0.1541790 -0.1683931 0.0199013 -0.2015692 0.2086584 -0.1293010 0.0080433 0.0735086 -0.0911006 -0.1376371 -0.1232982 0.0075783 -0.1376209 0.0626862 0.1535983 -0.0346771 0.0358121 -0.0160374 0.5251634 -0.2156303 0.4873545 0.3838672 0.2751085 0.0032463 0.3419395 0.3471596 -0.1533731 -0.4049869 -0.5199048 -0.5706233 -0.2906868 -0.4159551 -0.3803657 -0.5852167 0.1103989 -0.2796812 -0.3797650 -0.4241507 -0.3237840 -0.2078854 -0.2331782 0.1942998 -0.1155033 0.1196763 0.0295416 0.2351415 0.2864061 0.1063385 -0.0285742 -0.3980063 -0.0558166 -0.4286273 -0.0305652 -0.0590026 0.4915363 0.0355184 0.1164290 -0.3737149 -0.1790715 -0.2916800 -0.0533422 -0.2232394 0.4491086 0.2526314
0.4694947 0.4612828 0.5710570 0.3375815 -0.0424812 -0.0600691 0.1971545 -0.1920573 0.5738274 -0.0548923 -0.6072746 0.6070492 -0.3200841 0.4450738 0.0000000 -0.6281153 -0.4031169 0.4632171 -0.5273577 -0.3475233 0.5631415 -0.2958479 -0.4573128 0.7277678 -0.4167816 -0.5859761 -0.3165520 0.6476625 0.5176222 0.2763485 -0.3012968 -0.1644446 0.6033439 0.5996341 -0.6156069 0.1646285 -0.4902331 -0.3126603 -0.2807223 0.0837420 -0.1153150 0.0200230 -0.6175658 0.5634415 0.0850026 -0.1698025 -0.4425715 -0.2477028 0.5268515 -0.3192151 -0.5949010 -0.4692804 0.3127239 -0.2702500 -0.2967669 -0.1866568 -0.3550355 0.2368554 -0.3701101 -0.5891265 -0.0821260 -0.5744690 0.0952483 0.3666398 0.4217285 -0.3073466 -0.4930511 -0.3324058 -0.0192193 -0.2891752 -0.3306696 0.2588226 -0.5818281 0.3794586 -0.2100776 -0.4021597 0.2711798 -0.2780454 -0.3416041 0.0089959 -0.2790211 0.2073717 0.3118980 -0.0707152 0.0656234 -0.3085362 0.1137868 -0.2851208 -0.2859076 -0.0127194 0.0895607 0.1212036 0.1867161 -0.3098736 -0.1720180 0.3131380 0.2709097 -0.0540213 -0.1336131 -0.2611490 -0.0754968 -0.2232963 -0.0641359 -0.0615491 0.0916868 0.0744368 -0.5425743 -0.0925461 -0.3406476 -0.0035126 -0.2711296 -0.4874884 -0.0779855 0.0659187 0.0762056 -0.0691844 -0.0313717 -0.2385062 -0.1718414 -0.2702552 -0.0898155 0.0305894 0.4891935 -0.1352319 -0.2847276 -0.0048775 0.1625935 0.4874333 -0.2504708 -0.1359423 -0.3000136 0.4663704 -0.1845140 -0.5958666 0.0705282 0.3263270 -0.4143359 -0.3010933 -0.2580598 -0.3033993 0.5110619 -0.3864794 0.4666938 -0.2972335 -0.5644634 0.0735679 -0.0730387 0.0172317 0.3301516 -0.0813170 -0.0444359 -0.1610324 0.0000016 0.4628461 0.1645277 0.3932878 0.3314931 -0.2425257 0.3853455 0.1183622 0.2412112 0.2579894 0.4734718 0.1737035 0.2554025 0.3814396 0.3144005 0.3510943 0.2885286 0.2785838 0.4394758 0.3168768 0.1376633 -0.1762750 -0.0699545 -0.0975712 0.2242986 0.3116168 0.3181865 0.1779954 -0.1313136 -0.4667495 -0.5744871 -0.6508971 -0.3519376 0.3445384 -0.2390869 0.0312040 0.4087113 0.4934968 -0.4246528 0.3523733 0.2593641 0.2481821 -0.1323842 0.5150671 0.4248562 0.4989306 0.3949354 0.3380922 0.3708371 -0.4870400 -0.1133253 -0.2474846 0.1116249 -0.2895125 -0.3754162 0.1405054 0.5683797 -0.3283207 0.1022728 -0.0687671 0.1053856 0.1301165 0.0216128 -0.2987862 -0.0678255 -0.1466491
-0.4648518 -0.5301594 -0.6052613 -0.0555793 0.1149940 -0.0462069 -0.3478247 0.3903849 -0.3881865 -0.0148384 0.8838770 -0.7639550 0.4701677 -0.6206619 -0.6281153 0.0000000 0.4180362 -0.3801784 0.7610238 0.6486055 -0.7642327 0.6300662 0.8758089 -0.7899231 0.6979193 0.8035405 0.2020899 -0.7500389 -0.5725062 -0.4375393 0.4791620 0.3360479 -0.6956055 -0.6221477 0.7784617 -0.1341807 0.5259314 0.5290834 0.2108523 -0.0674168 0.2099571 -0.0168278 0.6039743 -0.5114358 0.0651630 0.2823081 0.5503727 0.4151844 -0.4416444 0.3969884 0.7241435 0.1834889 -0.0197166 0.6316921 0.5135479 0.4515156 0.5090545 0.1705552 0.4284043 0.6403816 0.4753470 0.6287742 0.2525688 -0.0159723 -0.1191221 0.6001649 0.6939896 0.7499303 0.4146693 0.7559517 0.6986095 -0.1878911 0.8764106 -0.1826496 0.5085683 0.7803834 0.0009234 0.6384886 0.8173689 0.4529771 0.5671379 0.2054364 0.0920825 0.2217193 0.0973487 0.4373014 -0.0867817 0.0678608 0.2895861 0.0594630 -0.1876826 -0.1277397 -0.3547274 0.3936426 0.0526455 -0.1594694 -0.2476273 -0.1711819 0.0199928 0.5206208 0.3639988 0.2703609 0.3234976 0.2477811 -0.1965775 -0.0888970 0.6058359 0.3218515 -0.0007774 0.0577030 0.1842139 0.4587358 0.2327063 0.1951864 -0.0872796 0.2719183 0.1668645 -0.0055944 0.3503462 0.2348467 0.3921678 0.4461800 -0.1712645 0.2778759 0.1544531 -0.3174642 0.3175426 -0.1689621 0.0219008 0.4212483 0.1448537 -0.2139392 -0.0187871 0.7669396 -0.2005797 -0.0034229 0.2177549 0.1606372 0.0019500 0.3677645 -0.2247752 0.3114750 -0.1645135 0.5061726 0.4429308 0.2315397 0.0067720 -0.0327586 -0.0638241 0.2409143 0.1831520 0.1382058 -0.0003375 -0.1523349 -0.0665575 -0.1382548 -0.0414692 0.1893137 -0.0385972 0.1566477 0.1094632 -0.1000020 -0.1327773 -0.0004079 0.0021192 -0.1013513 0.0636172 -0.0475676 -0.1036877 -0.1075333 -0.0012209 -0.0213514 -0.1432697 0.2209613 -0.1658168 -0.2983854 -0.4364189 -0.3406532 -0.4805112 -0.3851224 0.0210040 0.4592222 0.6408194 0.7658106 0.3452471 0.0458120 0.2908393 0.2366789 -0.3532348 -0.2002689 0.3079586 -0.0692450 0.0149378 -0.0979520 -0.0126194 -0.4598299 -0.1061243 -0.3938227 -0.1643741 -0.2880062 -0.2406827 0.0140600 -0.1227316 0.2629378 0.2901291 0.6728789 0.1678021 0.3431556 -0.5145787 -0.1517859 -0.2824966 0.2970300 0.3285090 -0.1553582 -0.1591006 0.5959151 -0.0869201 -0.0938976
0.0432309 0.1337958 0.0093693 -0.4193396 0.0632326 0.4051543 0.2541778 0.1187290 -0.0516497 0.5107638 0.2574040 -0.1933928 0.2833106 0.0153835 -0.4031169 0.4180362 0.0000000 0.1918983 0.2772629 0.1562451 -0.2633695 0.3262351 0.4095217 -0.4796871 0.3375233 0.4282644 0.7679855 -0.1238864 -0.3838730 0.2757156 0.0288295 0.3019676 -0.4603488 -0.4797366 0.3724470 0.2080284 0.4062719 0.3946297 0.8329437 0.6068763 0.4250199 -0.0865864 0.6965385 -0.1042740 -0.6434968 0.2943215 0.2862181 0.4226981 -0.3353157 0.1270670 0.3682279 0.8181021 -0.4754901 0.5052600 0.3442738 0.1269691 0.2359173 -0.0749321 0.5178731 0.4713230 -0.3682350 0.6757110 0.0213687 -0.2365697 -0.5904147 0.1061991 0.4120497 0.1524333 -0.0247731 -0.0608768 0.1715931 -0.5926096 0.2578272 -0.5932152 0.0862388 -0.1330929 -0.7192913 -0.0337338 -0.0499762 -0.3767183 0.3232654 -0.2149128 -0.0051462 -0.1595142 -0.3004696 0.2047101 0.3504596 0.2594204 0.2818520 0.1833743 0.3290727 0.3740973 0.3638366 0.3260952 0.3193737 0.3526891 0.3379375 0.1268738 0.2615534 0.0802341 0.4921326 0.3747281 -0.1443439 0.0608820 0.3054669 0.5576906 0.0285257 -0.0391317 0.3334370 -0.3332199 0.3473684 0.1957277 -0.2189136 -0.0495654 -0.3820606 -0.1234208 0.1147904 -0.0113008 0.1571427 -0.0638359 -0.0990653 -0.2369173 0.0516078 -0.1815351 0.0139574 0.0881670 0.0573566 0.1128478 0.3412250 -0.2836260 0.2067015 -0.0077778 0.2503749 0.1538856 0.2034845 0.2699848 0.3460372 0.5352503 0.4268237 0.3441915 -0.0391888 0.4932760 -0.1616159 -0.0112463 0.3772381 -0.1750269 0.4580568 0.3519868 -0.0356099 0.4395645 0.4783011 0.2008235 0.2877797 -0.1235291 0.2651706 -0.2378420 -0.0630552 0.3920965 -0.0926120 0.2711430 0.2626376 0.2256863 -0.0608499 -0.0153975 0.2040193 0.0856595 -0.0517111 -0.1178095 -0.0933444 -0.0068949 -0.0363243 0.0263966 0.2564318 0.2306756 0.4791975 0.0908473 -0.1340455 -0.3653795 0.0199302 0.1738030 0.0275402 0.4317903 0.6852499 0.6177047 0.6342427 -0.2431360 0.4366311 -0.0829325 -0.3625111 -0.5207772 0.1110323 -0.5504986 -0.4269731 -0.3965133 -0.0576307 -0.3773392 -0.3376246 -0.3300201 -0.0877871 0.0226552 0.3499586 0.3614807 0.0743701 0.1518563 -0.0327081 0.7456840 0.0060434 0.0880374 0.1246788 0.1434927 -0.0452204 -0.1864801 0.5726950 -0.2487826 -0.3932967 0.2262553 0.4345128 0.4399157
