0.0000000 0.3169915 0.8159266 0.5039042 0.5229283 0.3431997 0.3458108 0.6160830 0.1295786 0.4879545 0.4470311 0.1453567 0.6062535 0.1069554 0.3541719 0.3797086 0.6561052 0.2371268 0.3258709 0.4715997 -0.0091844 0.7594800 0.4140688 0.1347573 0.3017653 0.1605217 0.0436860 -0.0246647 0.0188995 -0.2727270 0.4956284 0.3654482 -0.2264903 -0.0753396 0.3004706 -0.0852773 0.1874222 0.4749665 -0.0331215 -0.1352796 0.2421004 0.2772680 0.1764592 -0.1945898 0.2463793 0.2373827 0.4318483 0.4353462 0.0866498 0.2197367 0.4388324 0.2390173 0.2398821 0.2608024 0.4698682 0.3682489 0.4596776 0.1951959 -0.0703604 0.3872520 0.3822447 0.3157365 0.5188961 0.2924991 0.2817563 0.6387408 0.5112183 0.1604095 0.5274215 0.2025817 0.4870257 0.3809767 0.2461454 0.2721912 0.6618059 0.2999188 0.1416682 0.4342116 0.2205961 0.1242902 0.1864073 0.0474254 0.0486070 0.2722086 0.1070658 0.2056045 -0.0359898 0.0486298 0.4513422 0.1984191 -0.0967741 0.1384555 0.0168455 0.1524648 0.2113893 0.0590150 -0.0750556 -0.1688513 0.2434060 -0.2413634 -0.0704301 0.0219690 -0.0678226 0.2528923 0.2881873 0.2124730 -0.0290902 -0.2627854 0.1757175 -0.2613098 0.0814524 -0.1776941 -0.2616021 -0.2191368 -0.1807907 -0.0838497 -0.0046168 -0.0995055 -0.0988584 0.0715566 -0.0554732 -0.0975172 0.2662294 -0.3956896 0.1219032 -0.0166070 0.2499814 0.1684036 0.3608887 -0.3158867 0.1777885 0.0345233 0.3955488 -0.0596015 0.1480714 0.3201340 -0.1484434 0.2165401 0.2717352 0.2667467 0.3325225 0.3187822 0.2837693 -0.0175927 0.0016345 0.3715067 0.4072636 0.4416979 0.0614193 0.2991474 0.3468708 0.0952303 0.4396978 0.4027457 0.3538640 -0.0398371 0.1321886 0.4234455 0.2661111 0.1157012 0.1941557 0.2498705 -0.3208897 0.1108608 0.3054220 0.2507743 0.1162883 0.3423572 0.0675539 0.1491152 0.2964299 0.0496684 0.0930233 0.4212868 0.3939139 0.0472218 -0.0749284 -0.1365999 -0.1714845 -0.0311567 0.1276880 -0.0615886 0.0147444 -0.0295684 0.0282998 0.4989940 -0.0245109 0.1843334 0.2454756 0.1651193 0.0704225 -0.1297027 0.2030886 -0.0705121 0.1015983 -0.1585101 0.0541102 0.0995670 0.0415946 -0.0712081 0.0143477 -0.5793587 -0.1444674 -0.0677743 0.0749071 -0.3152551 0.0195261 0.3255708 0.0675748 -0.2942670 -0.2996858 0.1762662 0.2860998 -0.0269879 0.3052732 0.4549432 0.4441678 -0.1086197
0.3169915 0.0000000 0.3146747 0.1486151 -0.0146592 0.0492618 0.2222887 0.0919764 0.0491910 0.2302235 0.2012969 -0.0736298 0.0244697 0.3186010 -0.1349733 0.1436205 0.2459253 0.1291405 0.1029619 -0.1991669 0.1784920 0.1619728 0.2255747 -0.1182220 0.2083689 0.0742651 0.1867482 0.0778182 -0.2994811 0.1438114 -0.0488713 -0.0573908 0.0025447 -0.0627136 0.0511564 0.2130248 -0.0669867 -0.0257671 0.0266600 0.0770922 -0.1058849 -0.2607560 -0.0129195 0.1383868 0.0281626 -0.0566207 0.0412693 -0.1880886 -0.0683360 -0.0246454 0.0354414 -0.1061176 -0.0541556 -0.0309584 -0.1233889 0.0007224 0.0234766 0.0235879 0.2189432 0.0865795 0.2501805 0.0998485 0.2134809 0.1372497 0.0947389 0.0605440 0.2459025 0.0804466 0.1690429 0.1429293 0.1064034 0.0542424 0.2665818 0.1326775 0.1401688 0.2906269 -0.0417870 0.0131631 0.2818457 0.1092128 0.1134544 -0.2266476 0.3937002 0.5285074 0.1656348 0.3629602 0.1729918 -0.0183212 0.4013347 0.3293123 0.2890910 0.5072701 0.0003110 0.3350745 0.4411996 0.3620461 0.1838542 -0.0781547 0.2858079 -0.1107733 0.5510416 0.1753389 0.4265472 0.4516539 0.2495206 0.4119479 0.2528465 0.3710975 0.1446955 0.2822944 0.1691848 0.2775751 0.1685939 0.1615058 0.1029746 0.1513323 0.1470249 0.0536175 0.1537062 -0.0954460 -0.0664914 0.0322873 0.2047065 0.0526256 -0.0133445 0.0333962 0.1990409 0.2995232 -0.0162789 0.1490018 0.1732719 0.2000301 0.3393724 -0.0662863 0.3870572 0.1396040 0.0516216 0.0572527 -0.0370562 0.3565182 0.0930389 0.1136003 0.5901401 -0.1851737 0.1580194 0.4120284 0.1665074 0.0781817 0.0404830 0.3912144 0.4574541 0.0519269 0.2021669 0.3422317 0.2143846 0.3958253 0.5661754 0.2832148 0.5164737 0.4572174 0.4930777 0.5449442 0.3139719 0.5237012 0.4497491 0.4641937 0.5956704 0.1964202 0.2826385 0.3632268 0.2519377 0.1648531 0.4902247 0.5022509 0.4539825 0.5200905 0.4259922 0.0787766 0.0781240 -0.0709088 -0.1246996 0.1832964 0.4106159 0.3467337 0.2987753 0.3233378 0.0487789 0.0535112 0.1088435 0.0766504 -0.0042140 0.0294255 0.1023928 0.1497322 0.0799558 0.1167858 0.0813996 0.0479602 0.0941712 0.0052875 0.1539756 -0.1805252 -0.1128168 -0.0834333 -0.3807536 -0.1809821 -0.2402266 -0.1695327 0.3003037 -0.0818119 0.0541081 0.1166669 0.0165229 -0.0678452 -0.2853708 0.1704632 0.1063986 0.1412163
0.8159266 0.3146747 0.0000000 0.5735513 0.8011400 0.3793061 0.5124947 0.7705383 -0.0888446 0.5609915 0.6041540 0.1158278 0.8265013 -0.0885482 0.0016061 0.5958293 0.7242443 -0.0706256 0.5507388 0.5476207 -0.2221698 0.7651015 0.6432594 -0.1256454 0.3588315 0.4745418 -0.1118326 -0.2728345 -0.1521931 -0.4061824 0.5625265 0.4679564 -0.4306986 -0.1700545 0.6099633 -0.0487175 0.5068140 0.7294192 0.4244555 0.1522750 0.4503718 0.2713069 0.5051736 -0.1150524 0.2033509 0.3488788 0.5719616 0.6679580 0.1460215 0.4850319 0.6474214 0.5383577 0.3130237 0.4299194 0.6558625 0.5575147 0.6593256 0.4933444 0.1936594 0.6411001 0.6488726 0.5354479 0.7349132 0.4554760 0.3020118 0.7835112 0.7375399 0.3601128 0.6833044 0.5432478 0.6414121 0.4626081 0.4801094 0.4240774 0.7436403 0.5616953 0.2976947 0.5000562 0.5705108 0.3483575 0.3303041 -0.0258893 0.0669875 0.1516153 -0.1048086 0.1202002 -0.0604308 -0.1506090 0.3525432 0.0803705 -0.1957484 -0.0161984 0.0794351 0.0019008 0.0614928 0.1226384 0.0194374 -0.2132693 0.2060662 -0.3158368 -0.0316345 -0.1825759 -0.1773319 0.1008118 0.3402457 0.1011789 -0.1225274 -0.4002408 0.1163175 -0.3056294 0.0131638 -0.1899736 -0.3854288 -0.3222609 -0.2898519 -0.2261970 -0.1838469 -0.2198671 -0.2622886 -0.0522532 -0.2300274 -0.3276639 0.3043084 -0.5420108 0.0623872 0.0158757 0.1123799 0.1124917 0.3927817 -0.3614731 0.1487012 -0.0722139 0.4344183 -0.0870816 0.2434759 0.3193793 -0.1013914 0.3231454 0.3284384 0.3461929 0.2606463 0.4751746 0.4418713 0.1342319 0.1262357 0.3060904 0.5490346 0.5205959 -0.0315656 0.4297858 0.5083949 0.3101192 0.5836591 0.2922242 0.3943733 0.0007083 0.3270579 0.5779738 0.4416437 0.2335594 0.3532562 0.2773713 -0.2105562 0.2048853 0.3207087 0.3856490 0.2210935 0.1975816 0.1111336 0.1753145 0.3199459 -0.1077065 -0.1259232 0.3557504 0.5579135 0.3090280 0.0372150 -0.1252266 -0.1152208 -0.1651339 0.0095142 -0.0819514 0.0965825 -0.0660983 0.3174128 0.5795882 0.3397913 0.4575567 0.4004267 0.1524971 -0.0375471 -0.0698596 0.4061743 -0.0266092 0.1329361 -0.1302226 0.2492907 0.2758910 0.3169766 0.0126403 0.2896986 -0.3567672 0.0174054 0.1459686 0.2192996 -0.0565459 0.1179323 0.2159721 0.3267611 0.0516086 -0.1825918 0.3164008 0.5266013 0.1114253 0.3886363 0.4426924 0.3493710 0.0681210
0.5039042 0.1486151 0.5735513 0.0000000 0.3778331 0.6027461 0.5726385 0.7905288 0.5429442 0.7483582 0.7036632 0.7258963 0.4640183 0.4949127 0.4039610 0.4310451 0.7294128 0.4850400 0.2917252 0.5747341 0.0775848 0.5545739 0.4347117 0.5536775 0.2217340 0.2250534 0.1348803 0.3313693 0.4834112 0.1168734 0.4707244 0.3494970 0.3224869 0.5739391 0.4392184 -0.4140366 0.3346034 0.3597732 0.1733186 -0.0864801 0.2394327 0.4168268 0.3209843 0.4185155 0.7906860 0.1914951 0.4403057 0.3582250 0.7008199 0.1779485 0.4750447 0.3751338 0.8520908 0.4245741 0.3831025 0.2828693 0.5541941 0.5593931 -0.1383488 0.2962537 0.7055182 0.4868687 0.4092433 0.7437229 0.7774182 0.6106480 0.4300931 0.3932184 0.5153817 0.6146553 0.3755436 0.7752133 0.4606835 0.7716394 0.5583565 0.6905372 0.5488896 0.5309535 0.5555002 0.5948866 0.6223185 0.0123398 0.0256175 -0.0796716 -0.3563113 -0.3792481 -0.1953800 -0.0141910 -0.1156626 -0.2587040 -0.4653563 -0.3674215 -0.3783348 0.1296309 -0.3661739 -0.3452577 -0.2622115 -0.5546505 -0.2049639 0.0831207 -0.3813815 -0.4609748 -0.4356206 0.0925737 -0.0653706 -0.1149071 -0.6005140 -0.4937872 -0.2109552 -0.6354320 -0.3440474 -0.6176438 -0.4818162 -0.6757732 -0.7457229 -0.5545479 -0.4590986 -0.6456106 -0.6301170 -0.4275437 -0.4951771 -0.4412547 -0.2448289 -0.5319893 -0.2600870 -0.5167963 0.0946676 -0.3257128 -0.0312089 -0.1887160 -0.1509933 -0.3530056 0.3181517 0.4499748 -0.0057094 -0.1711146 -0.2194919 -0.2351389 -0.1033957 -0.2637791 0.0663881 -0.1522939 0.0084914 0.1099517 -0.2253330 -0.1238953 0.0582106 0.1214760 -0.1539099 -0.1840944 0.0894869 0.0313239 0.1553932 0.0397778 -0.0012114 -0.4459459 -0.1962470 0.1034871 -0.0682937 -0.3017652 0.0340271 -0.2487335 -0.4229007 -0.3602873 -0.1306025 -0.1460938 -0.2298883 -0.0412964 -0.3910928 -0.3627602 -0.2519176 -0.3345864 -0.2573559 0.2884595 0.3294660 0.5221105 0.3687258 -0.2614449 0.0644161 -0.5274160 -0.1551002 -0.0896899 -0.2387786 -0.1224591 0.0143334 0.7826261 0.1544301 0.6050382 0.4702816 0.4467936 -0.3530784 0.3642429 0.3685561 -0.5100592 -0.3583363 -0.4434230 -0.1827490 0.2649249 0.4648659 -0.4859084 0.0802579 -0.4975953 -0.1330756 -0.1041714 0.2138464 0.1964936 -0.4080448 0.2073335 -0.2421946 -0.3055726 -0.7100258 -0.1211699 0.3416946 0.3042655 0.2272173 0.1750077 0.4702758 0.1001656
0.5229283 -0.0146592 0.8011400 0.3778331 0.0000000 0.3235365 0.4147753 0.6462776 -0.3100979 0.4233030 0.4715686 -0.0440941 0.7569825 -0.2321120 -0.1903691 0.4949382 0.5030746 -0.2307563 0.5468761 0.4148534 -0.3587711 0.5346842 0.5236218 -0.1937958 0.2608638 0.4695908 -0.3036172 -0.3507220 -0.1635630 -0.4831138 0.4504010 0.3551732 -0.4541296 -0.1742756 0.5820822 -0.2061980 0.4781127 0.6847733 0.4254729 0.0679322 0.5108199 0.1082441 0.5016476 -0.1647216 0.0358376 0.2693843 0.3939531 0.6392281 0.0987171 0.4090191 0.4889644 0.4827566 0.1674703 0.3448518 0.5751326 0.4025969 0.4888807 0.4860622 0.4573615 0.5487081 0.6014655 0.4057040 0.4743045 0.3500989 0.0998265 0.5785939 0.5414752 0.3080089 0.4213252 0.5248673 0.5675711 0.3333585 0.3087187 0.3397966 0.5312151 0.3964408 0.3832327 0.4737437 0.4146514 0.2593701 0.3459165 0.0395402 0.0725666 0.0024559 -0.2349257 -0.0057518 -0.0230037 -0.3077378 0.0755737 -0.1552786 -0.2492485 -0.2686148 -0.0815533 -0.2993052 -0.1382481 -0.0029800 -0.2292361 -0.3038999 -0.1063200 -0.4397442 -0.2599730 -0.3245404 -0.2779368 -0.2679987 0.1623137 -0.1716383 -0.1601472 -0.4618923 -0.0068846 -0.2530160 -0.1918300 -0.3005388 -0.4737814 -0.3154501 -0.3156160 -0.3122187 -0.2100975 -0.2249408 -0.3049988 -0.0829432 -0.2788097 -0.3666183 0.2989188 -0.6787805 -0.0520388 0.2057742 0.0058039 0.0365213 0.4036938 -0.4979506 -0.0499060 -0.0364969 0.3560422 -0.2737852 0.1707583 0.2888272 -0.2291124 0.3777422 0.3240074 0.3612690 0.0897561 0.4305471 0.2232566 0.2898547 0.0912842 -0.0215817 0.4451807 0.4318830 -0.2635095 0.2629535 0.3939245 0.4152646 0.4597141 -0.0845795 0.3309942 -0.0110251 0.1946479 0.4070104 0.2548595 0.2122000 0.2565121 0.0642474 -0.1424160 0.0906533 0.1162621 0.3059411 -0.0012649 -0.1084079 -0.0153592 0.0382843 0.1630324 -0.3861450 -0.2165431 0.1822112 0.4997941 0.2077724 -0.0186929 0.0012357 -0.1762129 -0.1867291 0.0417814 -0.2777789 0.0039615 -0.2768913 0.4853720 0.3669382 0.5729035 0.6115370 0.5093948 0.2226895 -0.0931972 0.0155486 0.5279413 0.1129701 0.2397352 0.0877495 0.4863263 0.4396855 0.4211730 0.2609482 0.3656172 -0.0372855 0.1935596 0.2526553 0.3657287 0.2246386 0.5224411 0.1667539 0.2916331 0.4216946 0.1027069 0.3883276 0.5917911 0.2691010 0.5935769 0.3239732 0.2061947 0.1548908
0.3431997 0.0492618 0.3793061 0.6027461 0.3235365 0.0000000 0.3990430 0.4351565 0.3262232 0.3240645 0.2384192 0.5163068 0.1160691 0.3673078 0.2945956 0.0225025 0.2214874 0.3278816 0.0266050 0.3661364 0.2308790 0.2288095 -0.0086328 0.4935327 -0.1478304 -0.1883108 -0.1918499 0.3743012 0.3653768 0.2188414 0.2579662 -0.0360287 0.2624408 0.3995023 -0.0239384 -0.1556978 -0.0025844 0.0916646 -0.1768383 -0.2136080 0.3307310 0.3900086 -0.1099198 0.1819054 0.3549907 -0.2933544 -0.1253191 0.2331370 0.1321672 0.0269312 -0.0458720 -0.1280724 0.4229198 -0.1088687 0.0965027 -0.1307841 0.0281685 0.1237849 0.1881435 -0.0478488 0.4819376 -0.0761539 0.1442389 0.2029050 0.2044559 0.1849350 0.0131198 -0.1730929 0.1876920 0.2932752 -0.0910106 0.3615680 -0.1306572 0.2584660 0.1909003 0.0734408 0.2557359 -0.0383706 0.1657101 0.0047122 0.2574399 0.0030515 0.2507191 -0.3439934 -0.2051446 0.0695188 -0.0662962 -0.2156009 0.1840054 -0.0260779 -0.2320978 -0.2639272 -0.1728362 -0.1617297 -0.0957959 -0.4400007 -0.4312062 -0.3798231 -0.3384170 -0.1607807 -0.2574663 -0.2951811 -0.0990648 -0.1450537 -0.1585990 -0.1139038 -0.1406520 -0.2436854 -0.3309477 -0.3205104 -0.2674706 -0.2755976 -0.2110471 -0.2840499 -0.2702275 -0.2636406 -0.0696200 -0.1307639 -0.2064997 0.0901919 0.0451802 0.1267334 -0.0836878 -0.3016508 0.0836672 -0.0994673 0.4934468 -0.2788286 0.1241868 -0.3241431 -0.0880587 -0.0289390 0.0788028 -0.0459718 0.2862458 -0.0476910 -0.2436507 -0.0184936 0.0276481 -0.0823959 0.0309358 -0.0356675 -0.0429178 -0.0250200 -0.0577382 -0.0876377 0.0205546 -0.1823754 -0.1786203 -0.1701047 0.0722828 -0.0052596 0.1213786 -0.0335094 -0.2544473 -0.0851655 -0.0051984 0.0339932 -0.0833516 -0.0100954 -0.1929798 -0.0805934 -0.1897612 -0.0225407 -0.0750243 0.1560787 0.0775769 -0.0568366 0.0672537 -0.0443701 0.0458870 -0.1636005 -0.3669505 -0.0195709 0.0394277 0.1669232 0.3058756 -0.1774459 0.2057692 -0.1977508 -0.0657908 0.1387917 0.1096499 0.1311768 0.1525002 0.3247159 0.1406599 0.2543821 0.2442628 0.4576453 0.1394471 0.0169842 0.1339004 0.0590696 0.1422691 0.0155578 -0.0667054 0.1194680 -0.0126506 -0.1755271 0.0016687 -0.3049484 0.1745409 0.1458994 0.4224985 0.2140627 -0.1494334 -0.0059885 -0.1217311 -0.3314219 -0.3979560 -0.1001607 -0.0146507 0.0837993 0.1093940 0.0486691 0.2792126 -0.0199754
0.3458108 0.2222887 0.5124947 0.5726385 0.4147753 0.3990430 0.0000000 0.4864725 0.1563925 0.4636324 0.4514393 0.5416655 0.4476208 0.2162413 0.3231942 0.2582820 0.5295073 0.3604583 0.3502530 0.3207548 -0.2057047 0.4903333 0.3042747 0.1604074 0.3484845 0.4316919 0.2449989 0.1906984 0.1599598 0.2060101 0.3076214 0.4311831 -0.0112565 0.1306102 0.4423623 -0.1234622 0.5430520 0.4600081 0.2960970 0.2635983 0.2223077 0.3303793 0.3689598 0.3240812 0.3178627 0.3570755 0.4614955 0.4755242 0.4551313 0.4648457 0.3998480 0.3606591 0.5154227 0.3919950 0.4750816 0.4109332 0.5115721 0.4259431 0.1132440 0.2296749 0.6048811 0.3791298 0.3361778 0.5151951 0.3996727 0.3300055 0.4088120 0.1562430 0.4284249 0.4772982 0.1099634 0.5561979 0.3648942 0.4635748 0.2365930 0.4971778 0.4523443 0.2677226 0.5422781 0.5789167 0.2126561 0.1722633 -0.0884160 -0.1345320 -0.3489928 -0.3149965 -0.1619267 -0.1438920 -0.1450279 -0.3256453 -0.3122866 -0.0353036 -0.0132885 0.2002273 -0.3157988 -0.0221010 -0.0044405 -0.3870286 -0.1782342 -0.1507692 -0.1435538 -0.4023215 -0.3268664 -0.0251356 0.1641722 -0.1489433 -0.4350786 -0.2736511 -0.3120516 -0.3422154 -0.4004650 -0.4773780 -0.3256167 -0.4048421 -0.5456004 -0.3190570 -0.2391782 -0.5150033 -0.4155153 -0.4885300 -0.4277587 -0.3531179 -0.1234579 -0.4978373 -0.3744468 -0.3645523 0.0985637 -0.0541252 -0.1318618 -0.2601826 -0.1745519 -0.2066140 0.2678894 0.0630065 -0.2648866 -0.1081937 -0.2092196 -0.1898426 -0.0714797 -0.1086503 -0.1101144 -0.1324572 -0.0752108 0.2783803 -0.0366928 -0.2350033 -0.0146452 -0.0463019 -0.0448224 0.1282017 0.1340289 0.2317285 0.0162487 0.0348516 0.0276674 -0.2233942 -0.0721808 0.0145341 0.0660257 -0.2137130 0.0079323 -0.0133968 -0.2913023 -0.1783518 -0.0209140 0.0611704 -0.0674463 0.1061559 -0.1928427 -0.1976929 -0.1445861 -0.1256526 -0.0680955 0.5710169 0.7304604 0.5828694 0.4167701 0.3751637 0.3962316 -0.1425855 0.4553043 0.0275809 -0.0242608 -0.1612121 0.2903351 0.5238187 0.3002295 0.5276844 0.5527082 0.2704337 -0.4471361 0.4402657 0.7769261 -0.3823653 -0.3614599 -0.2710397 0.3783045 0.5238083 0.5038770 -0.1696662 0.3059095 -0.6142918 -0.1413341 0.0580293 0.1028738 -0.2523893 -0.2513857 0.3917479 -0.1292547 -0.1248978 -0.4080041 -0.0584133 0.4069762 0.4915818 0.4908079 0.2490907 0.3550322 -0.0779813
0.6160830 0.0919764 0.7705383 0.7905288 0.6462776 0.4351565 0.4864725 0.0000000 0.2305265 0.8443108 0.8682390 0.3915936 0.8011113 0.0514094 0.1498467 0.7869613 0.8711060 0.1108291 0.7615199 0.5062155 -0.3647863 0.7922811 0.7904515 0.1250050 0.5699013 0.5623792 -0.0514325 -0.2437642 0.1430224 -0.4043376 0.5500600 0.5867556 -0.2102135 0.1571187 0.7797029 -0.3146952 0.6021736 0.7171489 0.4904331 -0.0659709 0.3364711 0.2099092 0.6259658 0.1209995 0.4934736 0.5080771 0.7150852 0.5521541 0.5787689 0.3122437 0.7728869 0.6383072 0.6455106 0.6914571 0.5929500 0.5714530 0.8093714 0.7415653 0.2310310 0.7289016 0.8157437 0.7438205 0.6274522 0.7325214 0.6102183 0.8590527 0.7881617 0.6613977 0.6998626 0.7665924 0.7500537 0.7322953 0.6767198 0.7390091 0.8199255 0.7159970 0.5903471 0.8040931 0.6035096 0.5695045 0.7156034 0.0754088 0.0323069 -0.0369782 -0.1719304 -0.1349944 -0.3508036 -0.0914259 0.0923470 -0.0828420 -0.4307119 -0.2803981 -0.2841752 -0.0174584 -0.2299879 -0.1869343 -0.2559133 -0.5970402 0.0083366 -0.0792193 -0.3125837 -0.5163953 -0.4796002 0.0356678 0.0615828 -0.1854281 -0.4754600 -0.6123878 -0.0440060 -0.5757190 -0.2064881 -0.5783085 -0.7102165 -0.7241672 -0.7107095 -0.6561004 -0.5598484 -0.6362200 -0.6555583 -0.3936335 -0.6017932 -0.6116273 0.0803255 -0.6693409 -0.1913244 -0.1345516 -0.0394323 -0.1298942 0.2648083 -0.4196408 -0.2224739 -0.2453692 0.3116742 0.1565568 0.0560227 0.1333842 -0.2804542 0.1104047 -0.0017955 0.0768107 -0.0246102 0.2813184 0.2549971 0.4769552 -0.0979747 0.0002684 0.2604567 0.3008634 -0.4234917 0.0429516 0.3327400 0.4748894 0.3577623 -0.0673056 0.0629892 -0.1412938 0.0115742 0.4125849 0.0833698 0.0505229 0.1530492 -0.1612277 -0.1485583 -0.0955708 -0.1307771 0.1765968 -0.1136869 -0.1284147 -0.3005072 -0.2451805 -0.0852417 -0.4929505 -0.3613451 0.3831152 0.3562241 0.4271277 0.2904563 -0.2300635 -0.0911611 -0.3320919 -0.0284120 -0.1393469 -0.0273657 -0.0789784 0.3722839 0.7447668 0.5076149 0.6750979 0.5709458 0.2810872 -0.3486558 0.1712122 0.4733577 -0.2082219 -0.0495321 -0.1697478 0.2003980 0.5054500 0.6495774 -0.0740251 0.3796781 -0.3351317 0.1536628 0.2143015 0.1815365 0.2712561 0.0488103 0.2467313 0.0032726 0.0811976 -0.4511342 0.1304541 0.6139097 0.3789998 0.4722490 0.4204492 0.3246461 0.0841683
0.1295786 0.0491910 -0.0888446 0.5429442 -0.3100979 0.3262232 0.1563925 0.2305265 0.0000000 0.5357754 0.3680526 0.7660729 -0.1707321 0.7289178 0.7726323 0.0391047 0.1889552 0.6915902 -0.2280257 0.1355043 0.4623662 0.2002953 0.0255678 0.7617554 -0.0925850 -0.2528114 0.2425922 0.5298568 0.7840155 0.4247292 0.0235912 -0.2586077 0.6363423 0.6915063 -0.1583014 -0.0827225 -0.1802367 -0.3900515 -0.3866962 -0.2827112 -0.3536104 0.4822685 -0.2691922 0.3884111 0.7962160 -0.2818349 0.0317603 -0.3444101 0.5150676 -0.4853136 -0.0556286 -0.1562207 0.5376152 0.1477636 -0.3488591 -0.3188880 0.0227568 0.1657359 -0.4303456 -0.2705756 0.2500243 0.0959992 -0.1908707 0.4822802 0.6408149 -0.0734706 -0.1519509 0.1387448 -0.0526552 0.1886244 -0.2630462 0.6039077 0.0881590 0.5012309 -0.0839827 0.1377819 0.3958103 0.0049414 0.0461972 0.2563314 0.2737540 0.2885408 0.1291084 -0.2517235 0.1310514 -0.4031246 -0.2163836 0.2557534 -0.2244054 -0.1596793 -0.4807536 -0.3399060 -0.5402434 0.2428611 -0.4037062 -0.5093517 -0.4365774 -0.4927903 -0.2084851 0.4435476 -0.2465656 -0.2450499 -0.3870736 0.2961588 -0.4556233 -0.0437151 -0.4088527 -0.1171052 -0.3245064 -0.4246584 -0.3893118 -0.3584665 -0.0559787 -0.3860069 -0.3431543 -0.1717908 -0.1674825 -0.3245980 -0.2665852 -0.2377394 -0.2053165 -0.0233277 -0.5088269 0.0252889 -0.1083677 -0.3946108 0.2971473 -0.3983416 -0.2138280 0.3998479 -0.0098781 -0.3975693 -0.0713633 0.5244843 -0.3539613 -0.4480914 -0.0048321 -0.4130517 -0.3331560 -0.5728039 -0.3520554 -0.4335126 -0.3910907 0.0765550 -0.2535755 -0.0917508 -0.3540698 -0.2597832 -0.1598391 -0.5614873 -0.3004501 -0.1254550 -0.2621211 -0.1121972 -0.4283640 -0.2232860 -0.4004057 -0.2884380 -0.3094562 -0.4091418 -0.1735583 -0.3043426 -0.1449768 -0.4573805 -0.2531687 -0.2871338 -0.3221921 0.0603247 -0.4092495 -0.4866838 -0.3442652 -0.1306633 -0.0149462 0.1587952 -0.1590699 0.1983661 0.3924309 -0.4271173 0.2398087 0.0527707 -0.1539085 0.0950685 -0.3180009 -0.0878276 -0.3331852 0.4618048 -0.3865884 -0.0670945 0.1619412 0.4335373 -0.2129480 0.3523790 0.0366163 -0.3978856 -0.3165025 -0.2907609 -0.2145785 0.0749331 0.0651040 -0.2710497 -0.2848160 -0.4793381 0.0617995 -0.0885739 -0.1425750 -0.0300328 -0.5587338 0.2005233 -0.6889604 -0.4656904 -0.4555757 -0.1517110 -0.2062007 0.0562565 -0.1057888 0.0172318 0.6468862 -0.1018185
0.4879545 0.2302235 0.5609915 0.7483582 0.4233030 0.3240645 0.4636324 0.8443108 0.5357754 0.0000000 0.9483558 0.5140351 0.5945145 0.3682842 0.3314753 0.7541016 0.8212258 0.3258180 0.6063914 0.1944708 -0.1202852 0.6899455 0.7865541 0.2680229 0.4832827 0.4713504 0.0617934 -0.0729577 0.3681895 -0.1825398 0.2510625 0.2423657 0.0614085 0.3665334 0.6379902 -0.3557719 0.3584270 0.3535108 0.3335019 -0.1068805 -0.0407176 0.1763929 0.5083636 0.3984124 0.7073991 0.3094010 0.6156082 0.1242773 0.7085891 -0.0931510 0.5853304 0.4708299 0.6593243 0.6732244 0.1634675 0.2898263 0.6039401 0.7366833 0.1332862 0.4772790 0.7854711 0.7071729 0.3133465 0.8536872 0.7828667 0.5617096 0.5913964 0.7286306 0.4579051 0.7653481 0.5172374 0.8300905 0.6971862 0.8734297 0.5886383 0.6670780 0.6909709 0.6621313 0.5127345 0.6004788 0.7184743 0.0556847 -0.0123833 -0.0685801 -0.1525563 -0.3146064 -0.5256665 -0.0938467 -0.0814031 -0.1968821 -0.5493790 -0.3606475 -0.6118187 -0.0311004 -0.3281037 -0.3376297 -0.4818395 -0.8072481 -0.1268558 -0.0392073 -0.2576442 -0.6223932 -0.5703813 0.1077903 -0.2526769 -0.2625426 -0.5879797 -0.5121691 -0.2918917 -0.5620886 -0.4065594 -0.6112443 -0.5842122 -0.6768351 -0.6738907 -0.5143659 -0.4194560 -0.6636273 -0.5850416 -0.5879087 -0.6686829 -0.4778251 -0.1555372 -0.6425541 -0.4111290 -0.2244452 0.1170254 -0.2311133 -0.0722406 -0.2240384 -0.3491176 -0.2690870 0.1233191 0.1687342 -0.1289624 -0.1021011 -0.4183674 -0.1852030 -0.3145745 -0.1967168 -0.3368326 -0.0384794 0.0724721 0.4230244 -0.3390486 -0.1002077 -0.0437735 0.0198299 -0.5616178 -0.2370642 0.0639822 0.3642249 0.0606746 -0.2545013 -0.1757563 -0.1443755 -0.1170989 0.1140892 0.0418401 -0.0963916 0.0420202 -0.2829462 -0.0971624 -0.2254773 -0.2941968 0.0719777 -0.2252697 -0.1728683 -0.4786446 -0.4960363 -0.3100705 -0.5808868 -0.0635316 0.5654067 0.3669195 0.5574116 0.5069156 -0.2468016 -0.0740607 -0.2615772 -0.1765237 -0.3007993 -0.2500801 -0.2814731 0.2893249 0.8758928 0.3502690 0.6053503 0.6655002 0.4197827 -0.5763863 0.3498087 0.5528652 -0.2987805 -0.2206837 -0.1668108 0.2550640 0.5908327 0.6964140 -0.0559369 0.2780619 -0.3735872 0.1187005 0.0994633 -0.1090536 0.2079112 -0.1537387 0.2263365 -0.2882284 0.0412714 -0.3392172 0.1727500 0.4538578 0.3752850 0.3531054 0.4122045 0.5870206 0.0160581
0.4470311 0.2012969 0.6041540 0.7036632 0.4715686 0.2384192 0.4514393 0.8682390 0.3680526 0.9483558 0.0000000 0.3948005 0.7325902 0.1371062 0.1366321 0.8951016 0.8319062 0.0950295 0.7313782 0.2828283 -0.3297469 0.7166477 0.8977849 0.0962029 0.5406414 0.6632331 -0.1268474 -0.2860816 0.2113502 -0.3927733 0.3738299 0.4172270 -0.0708510 0.2472889 0.8050834 -0.4066358 0.5148975 0.5359258 0.5079035 -0.0380204 0.1553901 0.1868616 0.7006492 0.4103159 0.6350380 0.4550663 0.7602968 0.3047780 0.7429938 0.0755363 0.7670859 0.6906350 0.6765020 0.8067168 0.3307804 0.4838995 0.7559319 0.8796373 0.1764845 0.6500225 0.8309515 0.8654604 0.4980525 0.8891294 0.7880499 0.6794464 0.7441160 0.8626424 0.6610869 0.8823568 0.6356669 0.8156839 0.8483407 0.8822575 0.7085903 0.7725613 0.6418362 0.7075869 0.6744132 0.6758153 0.7123675 0.0485487 -0.0647691 -0.1357055 -0.2448777 -0.3564328 -0.4909058 -0.0308778 -0.1557510 -0.2633821 -0.6038708 -0.3329653 -0.5275909 -0.0552425 -0.4012923 -0.3452003 -0.3353979 -0.7784357 -0.1898001 -0.1278894 -0.3353215 -0.7296200 -0.6449590 -0.0218621 -0.2453670 -0.3877894 -0.6750531 -0.6451369 -0.3349597 -0.6623810 -0.4572774 -0.6524849 -0.7456088 -0.7846518 -0.7362840 -0.6461607 -0.5583380 -0.7522903 -0.7081094 -0.6407712 -0.7794652 -0.6199675 -0.1285203 -0.7340121 -0.4387360 -0.3017641 -0.0764314 -0.2038449 -0.0398709 -0.3024197 -0.4025166 -0.3004544 0.0503413 0.1566099 -0.1265282 -0.1022662 -0.4353911 -0.1714260 -0.3350575 -0.1060987 -0.3558423 0.0402029 0.1566768 0.4759300 -0.3511515 -0.1486413 -0.0366713 0.0423518 -0.6056040 -0.1567585 0.1632263 0.4402159 0.0836509 -0.3243468 -0.2120867 -0.1776078 -0.0783672 0.1438212 0.0590076 -0.0217751 0.0117287 -0.3215242 -0.1216016 -0.1873635 -0.3589087 0.0900826 -0.2514413 -0.2981653 -0.4958160 -0.5058745 -0.3535574 -0.6637905 -0.1966863 0.4593919 0.3455919 0.4704573 0.3499684 -0.2752967 -0.2041769 -0.3150521 -0.1389831 -0.3725534 -0.2549310 -0.3333122 0.3641837 0.8456981 0.4480221 0.6207992 0.6157730 0.2413441 -0.5943659 0.2481786 0.4980551 -0.3366841 -0.2704282 -0.2762301 0.2485159 0.5112175 0.7340648 -0.1142819 0.2544134 -0.3284280 0.1385327 0.2057523 -0.0500701 0.2662677 -0.1322072 0.1641228 -0.2111257 0.0699766 -0.3643071 0.1482936 0.5072515 0.3807513 0.3888626 0.3478037 0.4115845 -0.0951747
0.1453567 -0.0736298 0.1158278 0.7258963 -0.0440941 0.5163068 0.5416655 0.3915936 0.7660729 0.5140351 0.3948005 0.0000000 0.0492100 0.6739307 0.7202363 0.0066529 0.3520490 0.7084040 -0.0667860 0.3086837 0.2350364 0.3289367 0.0111196 0.8142484 0.0095748 -0.1385893 0.3050533 0.5787834 0.8371979 0.4530928 0.1655885 0.0132974 0.5909796 0.7725270 0.0505882 -0.2597453 0.0718419 -0.0668465 -0.1600714 -0.1854224 -0.0854576 0.6163014 -0.0573437 0.3975750 0.8024860 -0.1278231 0.1366853 0.0432644 0.6500630 -0.1679651 0.0980694 0.0602327 0.7807201 0.1906523 0.0018448 -0.1297967 0.2125018 0.2836154 -0.3517529 -0.1355685 0.4559864 0.1559525 -0.0775795 0.6271824 0.7131583 0.1032537 0.0202557 0.0512328 0.0947985 0.3479368 -0.1271042 0.7854461 0.0896390 0.6624488 0.0536977 0.3796535 0.6416693 0.1293613 0.2558958 0.5415899 0.2543958 0.3730934 0.0454151 -0.3659046 -0.1019487 -0.4905207 -0.1729189 0.2223919 -0.2534245 -0.2310477 -0.4780723 -0.2931700 -0.3858766 0.3684619 -0.4502372 -0.4174413 -0.2895646 -0.5174585 -0.2743860 0.4189337 -0.2827557 -0.3531827 -0.4267674 0.2634071 -0.2534312 -0.0955358 -0.5248873 -0.2300533 -0.4103598 -0.4937570 -0.4399261 -0.5621932 -0.2045863 -0.4653361 -0.4972920 -0.3175045 -0.2879587 -0.4928938 -0.4299828 -0.3954929 -0.3126008 -0.0889822 -0.5215089 -0.1461489 -0.2753156 -0.6012336 0.2266380 -0.5141060 -0.3051339 0.1677959 -0.1535579 -0.5280176 0.0509561 0.5291412 -0.4185903 -0.4894010 -0.1029602 -0.4988779 -0.3187842 -0.5710720 -0.2638786 -0.4541670 -0.4824247 0.1145011 -0.2721983 -0.2910741 -0.3316060 -0.2100634 -0.1002290 -0.4599282 -0.3137899 -0.1079954 -0.2823800 -0.1062841 -0.2216981 -0.4634687 -0.5176176 -0.2900427 -0.4024644 -0.5917051 -0.1604367 -0.3713440 -0.3606315 -0.5953650 -0.2970156 -0.3774030 -0.3778723 -0.0002739 -0.4587868 -0.4923269 -0.4011120 -0.1169043 -0.2284132 0.1195862 0.0135498 0.3579941 0.4400344 -0.0338303 0.2163178 -0.2041802 0.0956677 0.1426857 -0.3014442 -0.0715936 -0.2100387 0.6116422 -0.1425972 0.3279123 0.4637929 0.6575523 -0.3858922 0.6318117 0.3625116 -0.6364858 -0.5438565 -0.5066012 -0.1503282 0.1699953 0.3170964 -0.4497664 -0.0978033 -0.6295534 0.0293201 -0.0378847 0.2237434 -0.0367562 -0.5972419 0.3452227 -0.5789618 -0.3842540 -0.6294375 -0.1177451 0.1006603 0.4542454 0.2309637 0.0204014 0.4743328 -0.0979538
0.6062535 0.0244697 0.8265013 0.4640183 0.7569825 0.1160691 0.4476208 0.8011113 -0.1707321 0.5945145 0.7325902 0.0492100 0.0000000 -0.3106084 -0.0617495 0.8087440 0.7896179 -0.2494662 0.7843411 0.5246276 -0.5734244 0.7594891 0.8141898 -0.2569763 0.4797783 0.7417535 -0.2241870 -0.5545899 -0.1806233 -0.6997160 0.6244167 0.7233928 -0.5511604 -0.2186061 0.8910938 -0.2750179 0.7207703 0.9007863 0.6405200 0.1288634 0.5726395 0.2105429 0.8246210 -0.0065802 0.1977994 0.6271361 0.8067426 0.7707508 0.3851285 0.5416542 0.8769353 0.8536232 0.3872420 0.7802128 0.7612535 0.7475857 0.8645382 0.7795110 0.1671293 0.7998794 0.6297364 0.8270069 0.7026188 0.6101923 0.4128067 0.8849045 0.8228946 0.6854337 0.7940544 0.7207926 0.7617436 0.5467095 0.7044774 0.5169814 0.8533894 0.6525408 0.3728247 0.6808272 0.5975784 0.5124193 0.3200984 0.0541431 -0.1678718 0.0006854 -0.1883393 -0.1063488 -0.1789595 -0.0111436 0.0425540 -0.0686217 -0.4334247 -0.1849901 -0.0328706 -0.0611670 -0.2041557 -0.0912632 -0.0238426 -0.3367897 0.0361457 -0.2541746 -0.2622743 -0.4412303 -0.4793026 -0.1300634 0.0972825 -0.2623938 -0.3957504 -0.6257441 -0.0576983 -0.4595797 -0.2127079 -0.4243639 -0.7002017 -0.5731732 -0.4825332 -0.4994391 -0.4686976 -0.4756123 -0.5377427 -0.2787937 -0.5182226 -0.6256523 0.0738003 -0.6959839 -0.1136395 -0.1178656 -0.2834244 -0.0608303 0.3307015 -0.5123018 -0.1142021 -0.3170281 0.1103938 -0.0336185 -0.0885538 0.1266707 -0.2660498 0.2159642 0.1319422 0.2485135 -0.0276872 0.4108635 0.2335729 0.3968090 -0.0970480 -0.0061003 0.3866938 0.4044169 -0.2874625 0.2483028 0.3705633 0.4358559 0.4303799 -0.0747954 0.1698662 -0.1961247 0.0597314 0.4128791 0.1690078 0.1153364 0.1825327 -0.0956467 -0.2958552 -0.0333569 -0.0484817 0.1565489 -0.1556933 -0.0962105 -0.1735977 -0.1733794 -0.0021523 -0.3750991 -0.3363669 0.2943162 0.4138637 0.1530290 -0.1455824 -0.1090710 -0.2543287 -0.1735756 0.1481327 -0.2924506 -0.1432605 -0.3258165 0.3125066 0.5475305 0.4443463 0.5250710 0.4306943 -0.0410242 -0.2832244 -0.0196831 0.4707566 -0.2035333 -0.0545080 -0.2692223 0.2949938 0.3539769 0.5414139 -0.0273820 0.2375829 -0.2947360 0.0385749 0.2632920 0.1903423 0.0826067 0.1790203 0.1059969 0.1086982 0.1600121 -0.2360642 0.1141352 0.6441838 0.2476196 0.4988231 0.2324230 0.1914384 -0.0745579
0.1069554 0.3186010 -0.0885482 0.4949127 -0.2321120 0.3673078 0.2162413 0.0514094 0.7289178 0.3682842 0.1371062 0.6739307 -0.3106084 0.0000000 0.5970598 -0.2575916 0.2032679 0.7827811 -0.3778324 -0.1263296 0.6826105 -0.0426173 -0.2017764 0.7939609 -0.2516987 -0.5038156 0.4790013 0.8244230 0.6993018 0.7053211 -0.2313871 -0.4264832 0.7858982 0.7925438 -0.3258407 -0.2372014 -0.4292757 -0.5088351 -0.4314103 -0.2561112 -0.3706540 0.1184856 -0.3709223 0.4607478 0.6384685 -0.4841266 -0.3217689 -0.4852111 0.3424275 -0.5326294 -0.3716539 -0.4257300 0.4162352 -0.2234019 -0.4895545 -0.5580523 -0.2946265 -0.0887786 -0.3348780 -0.4863125 0.0984959 -0.2174944 -0.4795904 0.3170399 0.4769641 -0.2301542 -0.3587031 -0.1528638 -0.3556264 0.0091633 -0.3126371 0.3976633 -0.1740689 0.3894619 -0.1863106 0.0971464 0.3782944 -0.0562941 -0.1600776 0.1578008 0.1089912 -0.0056307 0.2060076 0.0811618 -0.0321707 -0.1594693 -0.0221147 0.0393166 -0.0614983 0.0075111 -0.0638416 -0.1706597 -0.5587965 0.2943839 -0.0226544 -0.2692932 -0.4486479 -0.3793635 -0.1374562 0.3788465 0.0730948 0.0192182 0.0778973 0.3567528 -0.3190349 0.2223605 -0.1765639 0.2675408 -0.2535485 -0.0013761 -0.2132931 -0.2090130 0.2034131 -0.0245261 -0.1277105 0.0744293 0.1042838 -0.1157309 -0.0223434 -0.2185055 -0.0389820 0.2370685 -0.5234747 0.0529541 -0.2450522 -0.3717143 0.4097161 -0.4653644 -0.4289762 0.2797495 -0.0617381 -0.2631517 0.0931739 0.3184391 -0.1059971 -0.4845387 -0.1764963 -0.5102281 -0.3495946 -0.5287873 -0.1420538 -0.6097037 -0.3406901 -0.3368843 -0.3576841 -0.1691472 -0.3308464 -0.3126223 -0.0196055 -0.4902525 -0.3982642 -0.4675173 -0.3200756 0.0007825 -0.0993246 -0.3080318 -0.3337211 -0.3986913 -0.2564032 -0.4461542 -0.0082466 -0.1893575 -0.2241023 -0.3918476 -0.0790715 -0.3646692 -0.1736831 0.0434793 -0.2858160 -0.3187528 -0.3037923 0.0274958 0.3614453 0.2776553 0.0706204 0.4271402 0.4975894 -0.0394151 0.1704865 -0.2608383 -0.2359652 0.0588237 -0.2746882 -0.0001727 -0.3016450 0.4284309 -0.3450169 0.1507381 0.3108946 0.6735186 -0.2266329 0.5854815 0.2084872 -0.3893813 -0.3543859 -0.2060360 -0.2860543 0.0601716 0.0879890 -0.3790395 -0.1476620 -0.3490177 -0.2100448 -0.3387530 -0.0728212 0.0015811 -0.5462730 0.0184785 -0.4403236 -0.3497650 -0.3350005 -0.1705764 -0.0878575 0.1702090 -0.1904196 -0.1135252 0.4899579 0.1927592
0.3541719 -0.1349733 0.0016061 0.4039610 -0.1903691 0.2945956 0.3231942 0.1498467 0.7726323 0.3314753 0.1366321 0.7202363 -0.0617495 0.5970598 0.0000000 -0.1741797 0.1976356 0.7888640 -0.2527872 0.2052022 0.3453936 0.3111399 -0.1545658 0.7202172 -0.0719136 -0.3120285 0.3973014 0.5699819 0.7181122 0.4145073 0.0976548 -0.0600813 0.4061184 0.4464004 -0.2183665 -0.0198310 -0.1053165 -0.2349910 -0.5267244 -0.2702442 -0.2663500 0.5750329 -0.3346549 0.1217916 0.5589736 -0.1531670 0.0486838 -0.1098546 0.3164328 -0.2651203 -0.0877124 -0.2001333 0.3659599 0.0987359 -0.1151930 -0.2128270 0.0303661 -0.0302024 -0.5354680 -0.3303863 0.0623935 -0.0340599 -0.2395223 0.2828340 0.4132901 -0.0306599 -0.2056408 -0.1361405 -0.0804702 -0.0660321 -0.3124675 0.5013845 -0.1494951 0.2574805 -0.0732312 -0.0636197 0.2782738 -0.0346232 -0.1683393 0.1276561 -0.0639893 0.4123457 -0.0670624 -0.1251535 0.2355883 -0.2797714 -0.1362469 0.2729874 -0.0546361 -0.0164509 -0.3698496 -0.1708766 -0.2278819 0.3296373 -0.2612181 -0.3565399 -0.3064079 -0.2638048 -0.0804787 0.3659609 -0.1999603 -0.0132581 -0.3198932 0.3120539 -0.1990648 0.0392151 -0.2273351 -0.0515240 -0.1807502 -0.2579307 -0.2557819 -0.2841427 0.0418309 -0.1975454 -0.1718002 0.0238273 0.0226699 -0.1450539 -0.0803635 -0.0325404 0.0331228 0.1059200 -0.4100235 0.0477944 0.0365157 -0.3115013 0.3496544 -0.2740263 -0.0726818 0.1858625 0.1209067 -0.3589262 -0.0158792 0.3422990 -0.5245515 -0.3053927 0.0020074 -0.2586521 -0.0696315 -0.4647812 -0.1599210 -0.3217582 -0.5485641 0.0685662 -0.1635717 -0.0428372 -0.1779025 -0.1144696 0.1154410 -0.3663126 -0.3460790 -0.1643611 -0.1531602 0.1077663 -0.1755804 -0.3003732 -0.4846332 -0.2285259 -0.3264295 -0.4979935 -0.2010380 -0.1790076 -0.3715692 -0.4758033 -0.0829630 -0.3111317 -0.3505191 0.3790047 -0.2370267 -0.3356469 -0.1378596 0.1843087 0.0227902 0.2691888 -0.0480857 -0.0171986 0.1609520 -0.0561502 0.3202317 0.2675702 0.2927762 0.1746853 -0.3109551 -0.1255811 -0.4639800 0.3232191 -0.4959539 -0.1130509 0.1656832 0.3891679 -0.0909026 0.3174116 0.1953208 -0.4015920 -0.2727871 -0.2872234 -0.1047681 0.1133846 -0.0541235 -0.2031352 -0.3264452 -0.7558395 -0.1165094 -0.1840314 -0.0788367 -0.4329375 -0.4284598 0.3606776 -0.7172565 -0.5668804 -0.4405547 -0.2159052 -0.1463084 0.0808838 0.1187707 0.0452738 0.6840761 -0.2432634
0.3797086 0.1436205 0.5958293 0.4310451 0.4949382 0.0225025 0.2582820 0.7869613 0.0391047 0.7541016 0.8951016 0.0066529 0.8087440 -0.2575916 -0.1741797 0.0000000 0.7342125 -0.2994857 0.8497814 0.2302383 -0.5387810 0.6211706 0.9814004 -0.2993639 0.5715290 0.8200263 -0.3073771 -0.6364413 -0.1357002 -0.6740687 0.3553928 0.5458183 -0.4106635 -0.1343648 0.8919922 -0.2936345 0.6449342 0.6901174 0.7093908 0.1490690 0.2671619 -0.0081615 0.8237120 0.2644255 0.2798647 0.6212561 0.8136393 0.4180822 0.5035599 0.2631916 0.8523420 0.7924845 0.3947342 0.8536002 0.4617013 0.6681343 0.8058983 0.8597449 0.3122904 0.8396514 0.6677580 0.9107279 0.6534516 0.6598857 0.5090096 0.7556713 0.8471701 0.9258919 0.7490041 0.8138150 0.7695089 0.5374134 0.8917077 0.6356866 0.7768381 0.6489635 0.4101714 0.7230538 0.6332767 0.4813739 0.6287151 -0.0598086 -0.1205411 -0.0489203 -0.2308788 -0.1708067 -0.4894805 -0.1295067 -0.0448066 -0.1804213 -0.4590366 -0.2681558 -0.3173980 -0.2214532 -0.2691414 -0.1697031 -0.1548721 -0.5642253 -0.0464287 -0.2723074 -0.2598240 -0.6298143 -0.5453312 -0.1831222 -0.1214629 -0.3658097 -0.5261394 -0.6396163 -0.1695426 -0.5402487 -0.2635878 -0.4646782 -0.7537733 -0.6950728 -0.5935530 -0.6005691 -0.5490064 -0.5982184 -0.6169733 -0.4762827 -0.6910645 -0.6696180 0.0956647 -0.7014632 -0.2999614 -0.0768075 -0.2140288 -0.0432439 0.1351044 -0.3887252 -0.3332542 -0.1541385 0.0215885 -0.0428934 0.0279791 0.0655752 -0.3755506 0.0655752 -0.1945913 0.0914829 -0.2730873 0.2862904 0.3863011 0.5169507 -0.2060327 -0.0571461 0.1199315 0.1339789 -0.5831172 0.0273479 0.2927993 0.5693584 0.2446837 -0.2930693 -0.1599895 -0.0241953 0.1399255 0.3144033 0.2336052 0.2250834 0.0212957 -0.2120350 0.0092005 0.0554704 -0.2877559 0.2614413 -0.1093463 -0.3098879 -0.2973471 -0.3135740 -0.1742518 -0.6295925 -0.2487224 0.3674191 0.2873133 0.2845170 0.1168267 -0.2951386 -0.2848918 -0.2181542 -0.1367891 -0.4020450 -0.1266993 -0.2829115 0.4825316 0.5729419 0.5691751 0.4841172 0.4273485 -0.0914524 -0.4268068 -0.0534213 0.3559812 -0.1111689 -0.0547767 -0.1234222 0.3133822 0.4588022 0.6439151 0.0544506 0.3211012 -0.0903606 0.1712982 0.3466953 -0.0485302 0.3313057 0.1184467 0.0428969 0.0472561 0.2381518 -0.1734530 0.1831692 0.5505239 0.2353085 0.3380798 0.3303582 0.1786920 -0.0866661
0.6561052 0.2459253 0.7242443 0.7294128 0.5030746 0.2214874 0.5295073 0.8711060 0.1889552 0.8212258 0.8319062 0.3520490 0.7896179 0.2032679 0.1976356 0.7342125 0.0000000 0.1996894 0.7063905 0.3396874 -0.2759840 0.7453254 0.7768998 0.1116701 0.5611437 0.5392256 0.1938054 -0.1298011 0.1197005 -0.2861735 0.4034853 0.5937952 -0.1273498 0.1784179 0.7698302 -0.4312763 0.5144170 0.6638191 0.5160408 0.0202111 0.2220192 0.0459853 0.6944535 0.2794686 0.4919317 0.5674603 0.7166845 0.4395082 0.6180800 0.2844071 0.7355651 0.6293671 0.6378846 0.6719142 0.5220171 0.5822314 0.7565327 0.6751913 0.0262641 0.6510369 0.6320608 0.7349232 0.4858008 0.7272528 0.6767800 0.8257365 0.7408477 0.6658456 0.6300921 0.6635439 0.7423012 0.6698054 0.7024212 0.7180504 0.8270776 0.7467766 0.5352253 0.8266345 0.4951623 0.6058886 0.5340894 -0.0935786 -0.1567834 0.1567679 -0.2714279 -0.1124435 -0.3882147 -0.0837261 0.1034162 -0.0163623 -0.2757342 -0.1431053 -0.3042758 0.1170890 -0.0680622 -0.0813089 -0.1678099 -0.5202534 0.1233279 -0.0466807 -0.1302100 -0.3933448 -0.3348087 0.1244982 0.0756994 -0.0739995 -0.4980550 -0.4366072 -0.0516778 -0.4265866 -0.1325940 -0.5553866 -0.6024270 -0.5906442 -0.6262068 -0.5006093 -0.4441472 -0.6143868 -0.5700369 -0.5190733 -0.6084972 -0.5394862 -0.0889667 -0.6674994 -0.3822289 -0.3124560 -0.0859923 -0.1919617 -0.0114110 -0.4430319 -0.2969227 -0.2695828 0.2414774 0.1188454 -0.0356201 -0.0044647 -0.4403231 -0.1279834 -0.1710151 -0.0676317 0.0095016 0.0571759 0.2031280 0.2252109 -0.3466856 -0.0616937 0.1554662 0.1982192 -0.2973651 0.0364042 0.1424246 0.1908453 0.1992498 0.0127583 0.1542705 -0.3308051 -0.0963930 0.2296489 0.0698217 -0.1250900 0.1225402 -0.1976815 -0.3426504 -0.1952190 -0.1319190 -0.0323136 -0.1852911 -0.0750906 -0.3752086 -0.3208481 -0.2005734 -0.3588837 -0.0175746 0.6026429 0.5107294 0.4955358 0.2332554 -0.0503160 -0.1761352 -0.4386154 -0.0037973 -0.2661217 -0.2101780 -0.1902616 0.2026588 0.7843763 0.3515586 0.6719807 0.5931141 0.2325150 -0.5055812 0.3092183 0.5686756 -0.4258919 -0.2998287 -0.3395089 0.0872118 0.4584300 0.6697068 -0.2805544 0.3587213 -0.4233289 -0.1876415 -0.0180233 0.0131332 0.0812351 -0.1496564 0.2110994 -0.0125579 -0.0221891 -0.5122146 -0.0056446 0.6704989 0.3872444 0.3899827 0.3508546 0.3224186 0.0675461
