0.0000000 0.7205563 0.8587520 -0.0284528 0.1602222 0.1786552 0.5978772 -0.0466958 0.1192130 0.1862917 0.2036044 0.3654081 0.1911981 0.2738064 0.0302839 0.1038878 0.1135817 0.2862125 -0.1524151 -0.0848968 0.2497559 0.0259614 0.2574071 0.2957356 -0.2851671 0.0298756 0.1908228 0.3082516 0.2342756 0.2216296 0.3365400 -0.2296376 0.2216968 0.1899004 0.2111539 0.2367141 0.2522473 -0.0768434 0.4279529 0.2636529 0.2591412 0.3047207 0.4741754 0.2443303 0.2489036 0.1873213 0.5193340 0.3896331 0.1252853 0.3025311 0.4013847 0.4623815 0.2153098 0.4530610 0.0656404 0.2422266 0.5079500 0.2133892 -0.0828956 0.5676843 0.2573396 0.5967409 0.3270420 0.3129930 0.1094801 0.5545367 0.4266187 0.2614683 0.1668715 0.2785797 0.3551351 0.3289168 0.3228055 0.3803495 0.2090954 0.2439696 0.3066790 0.4649771 0.3571359 0.4379579 0.1748532 0.0565561 0.2394914 0.1415447 0.1044516 -0.3230762 0.0476750 0.2666163 -0.3226224 0.1075129 0.0187992 -0.0305862 0.1323221 0.1584513 0.6364813 0.0216748 0.3426931 0.2766406 0.3757889 0.3151180 -0.2199766 0.0532333 0.0640987 0.1249856 0.2144165 0.1174895 -0.3877196 0.0656477 0.1973635 -0.2635508 0.1966532 0.0369017 0.1259629 -0.1193095 -0.0131737 -0.2129635 -0.1741214 0.1137395 -0.3146092 -0.0085525 -0.0917070 -0.2516270 -0.5279902 0.0102189 -0.1815094 0.2828749 -0.0349780 -0.2524038 0.2003874 -0.0778281 -0.0235913 -0.4161723 -0.0150501 0.1479669 -0.6300479 -0.0129282 -0.0870728 0.2107331 -0.2002073 0.3866166 -0.1331851 0.1701049 -0.2607155 -0.2568984 -0.2131269 0.1589300 -0.0442314 -0.3251343 0.0988943 -0.2470313 0.0325551 -0.2383148 0.1312766 0.1089326 -0.3965151 -0.4445815 -0.0094073 -0.2119258 -0.1724634 0.1860424 -0.2526449 -0.0316468 -0.1018601 0.1818124 -0.1831013 -0.1564445 0.1323363 0.2639878 -0.0626401 -0.0160631 -0.2214952 0.0582348 0.5450068 0.4824912 0.4778990 0.5228351 0.3969509 0.1318049 0.1623035 0.0954684 0.0287702 -0.1137026 0.3552265 0.1826270 0.0772511 0.2430697 -0.0585692 0.1697703 0.5532794 0.2511222 0.0580200 0.2931917 0.4575746 0.0664137 0.1266327 0.2079045 0.4252783 0.6169041 0.3687499 0.1819179 0.2525878 -0.3353950 -0.6345260 -0.2293782 0.5403413 0.3249214 0.1970894 0.2248439 0.4072129 -0.3233470 -0.5915822 0.1619135 0.5106912 0.6609560 0.3881140 0.1670939 0.0204179 0.3865816
0.7205563 0.0000000 0.7580277 0.3905537 0.3981120 0.5821211 0.6705522 0.3838508 0.3987617 0.5611470 0.6144608 0.8038325 0.3360663 0.1776242 0.4506223 0.4356483 0.1332937 0.2834321 0.1222265 -0.3406485 0.6156775 0.0731875 0.5214994 0.3909866 0.0125754 0.2560964 -0.2272468 0.2235916 0.6335757 -0.1492635 0.1509756 -0.0420780 0.4202160 0.5706300 0.5957893 0.6026556 0.1683003 -0.0328189 0.1789235 0.0094309 0.2423256 0.5169171 0.6056412 0.4507233 0.6159537 -0.0172397 0.5167768 0.3606593 0.4847480 -0.1501167 0.5500935 0.3113437 0.5695085 0.5910126 0.0607958 0.1221354 0.3950281 0.5150781 -0.1280785 0.5646322 0.6388039 0.7295059 0.2117851 0.5920683 0.5411850 0.4068295 0.4209892 0.6426465 0.0382426 0.6481879 0.3789261 0.5809881 0.6479020 0.4316598 0.1964775 0.4869041 0.4557396 0.5511695 0.5107978 0.4851545 0.1788223 0.0989322 0.2080284 0.2877896 0.2919909 -0.1515090 -0.2057908 0.3078762 0.0053384 0.2944033 -0.1820254 -0.1852706 -0.1876865 0.3164113 0.4742000 -0.2978722 0.1408695 -0.0108294 0.2540766 0.5392849 -0.1504221 -0.1753808 0.1019240 0.0802991 -0.0474736 -0.0902681 -0.2940247 -0.1050875 0.1342420 -0.2282015 0.1279693 -0.2151212 -0.1776048 -0.0581465 -0.0715594 -0.1924165 -0.1184057 0.1349646 -0.2538108 -0.0336346 -0.1280661 -0.2024446 -0.3946128 0.0512218 0.0495886 0.1136233 -0.0262635 -0.2494451 0.1837716 0.0874791 0.0902007 -0.1191101 -0.0030729 0.2761178 -0.4525528 -0.0397666 0.0360059 0.2269311 -0.0562050 0.2376991 -0.0110790 0.1015708 -0.2136731 -0.1586682 -0.1118136 0.1833632 0.0650513 -0.1061101 0.2153109 -0.1426727 0.0103903 -0.1402837 0.0409101 0.2726986 -0.2901167 -0.1946433 -0.0223485 -0.0987667 -0.0613594 0.0488562 -0.1499408 -0.2367008 0.0622812 -0.0013622 -0.1876766 0.0346946 0.4401668 0.4863426 0.0381750 -0.1642011 -0.0762850 0.0917311 0.3844781 0.2703442 0.8389348 0.8548813 0.5811765 0.3109897 0.3908772 0.1029136 -0.0638874 0.1145091 0.5534491 0.4900856 0.3367217 0.6595501 -0.1305526 -0.1385773 0.4809658 0.4160200 -0.0670696 0.5382493 0.4128088 -0.1536794 -0.1265355 -0.0545600 0.2621306 0.3420396 0.5448831 -0.0181537 -0.0466170 -0.4374733 -0.4934870 -0.1796986 0.6804429 0.4636721 -0.0211255 -0.0210077 0.0192950 -0.5164260 -0.5345507 -0.0515910 0.5453319 0.3632680 0.0708880 -0.0345716 -0.3410049 -0.0301281
0.8587520 0.7580277 0.0000000 0.2007389 0.3087915 0.3130176 0.6530170 0.1524280 0.3321460 0.3962912 0.3259439 0.5125882 0.1600757 0.4250888 0.2300265 0.1491662 0.2184255 0.3761601 -0.0723899 -0.1019135 0.4480165 0.0047280 0.2766692 0.3712016 -0.1905320 0.1182433 0.1698225 0.3649266 0.4655597 0.1950795 0.2846388 -0.2055538 0.3859291 0.3937529 0.2421559 0.5460385 0.2672011 -0.1496527 0.3522672 0.2708326 0.1982012 0.5450543 0.4020153 0.4078928 0.4697855 0.2332916 0.4150565 0.2983105 0.3564897 0.1516730 0.2981504 0.3755908 0.4315638 0.5302577 0.0433158 0.1964638 0.4179748 0.3587157 -0.0033353 0.4713263 0.4550343 0.6214251 0.1526796 0.4795247 0.3639572 0.4389527 0.3085971 0.3699781 -0.0475156 0.3722615 0.2782990 0.5394887 0.3352613 0.4979588 0.0537803 0.2237819 0.4475679 0.3519397 0.3009676 0.4471001 0.0491819 0.2065877 0.3430402 -0.0173376 0.0415200 -0.2662069 -0.0312256 0.2663380 -0.1281442 0.1949701 -0.0037966 -0.0669613 -0.0475593 0.1777189 0.6736289 -0.0297105 0.2381421 0.0789486 0.3622587 0.3293680 -0.2177149 -0.0495257 -0.0656442 0.0628255 0.0876696 0.1031872 -0.4845682 -0.0965308 0.0250260 -0.4919121 0.0673097 -0.1409899 -0.0432405 -0.3401950 -0.2206643 -0.4601604 -0.4373844 -0.1643866 -0.5533754 -0.1190008 -0.3723355 -0.4805378 -0.4291064 -0.2187720 -0.1905622 0.1648980 -0.2896608 -0.2530173 0.1408912 -0.2708221 -0.2974527 -0.3207876 -0.2503190 -0.0353398 -0.4066849 -0.0418993 -0.2611792 0.1226413 -0.3561387 0.2883439 -0.0723183 0.1173891 -0.2254698 -0.3213824 -0.3887432 0.1118624 -0.1210509 -0.4041259 0.0152350 -0.2627490 -0.0434213 -0.2434725 0.1019315 0.1142855 -0.4792631 -0.4440815 0.0115235 -0.2082054 -0.1713020 0.0639588 -0.2529144 -0.0461057 -0.0626689 0.0821289 -0.1920873 -0.0889623 0.1674234 0.1789501 -0.1017789 -0.1177617 -0.1313630 0.0004348 0.4723505 0.4634461 0.5476091 0.6849410 0.5386054 0.0506756 0.3385182 0.2225115 0.0093280 0.1048332 0.5508597 0.3528894 0.2590672 0.3978358 -0.0770079 -0.0572149 0.6408476 0.4041991 0.0644848 0.4586208 0.5832147 0.1924251 0.1511123 0.1582783 0.2828299 0.5184187 0.4016889 0.0285871 0.2016591 -0.1659189 -0.5419925 -0.1920658 0.6297155 0.3632023 0.0519052 0.1929727 0.3410915 -0.1391354 -0.4366654 0.0258428 0.5808523 0.5300062 0.0886913 0.2583291 0.0564714 0.3115698
-0.0284528 0.3905537 0.2007389 0.0000000 0.3042822 0.8155568 0.1203818 0.7531704 0.4191738 0.6855569 0.7457647 0.6231175 0.3190516 0.0029543 0.3774870 0.2277491 0.2392279 -0.0913746 0.2615510 0.1115113 0.4243438 0.2521300 0.1889118 0.2597729 0.3309108 0.1607462 -0.1904628 0.1172619 0.4612554 -0.3007484 -0.0305411 0.3234817 0.3164213 0.4284315 0.3319876 0.4687302 0.0223200 0.0891310 0.0128444 -0.0343703 0.3455102 0.2858007 0.2189125 0.3364003 0.3795266 -0.0358267 0.1556307 0.1432964 0.5540309 -0.3577477 0.2888785 0.0361408 0.4668488 0.3089714 -0.0058070 0.0989722 0.1223678 0.5353521 -0.0891021 0.1508276 0.4415706 0.4144930 -0.0444870 0.7308559 0.6667276 0.1559106 0.1524762 0.5206969 -0.0292812 0.6898307 0.3280428 0.6421903 0.3899223 0.3657741 0.2016123 0.3734640 0.4410167 0.2771670 0.1791032 0.3025083 -0.0788407 0.0479815 0.0288509 -0.1547865 0.0411436 -0.0860121 -0.1391055 0.2425459 0.2069823 0.2985702 -0.1480347 -0.2054310 -0.1367092 0.1740663 -0.1071028 -0.0861002 0.1291634 -0.1348913 -0.1963434 0.1980615 0.2554404 -0.1090295 -0.2898060 -0.0742008 -0.0883318 -0.0050576 -0.1517065 -0.4338599 -0.0295875 -0.2335976 -0.0901345 -0.2410762 -0.5037992 -0.3151805 -0.1037629 -0.4003020 -0.3650507 -0.1470645 -0.3108701 -0.2125945 -0.4203658 -0.3148083 0.0849492 -0.2523304 -0.0495183 -0.2873995 -0.4792093 -0.0560408 -0.0676332 -0.3450455 -0.3166455 0.1119733 -0.5220704 -0.3496367 0.0988667 0.0318780 -0.4080459 -0.1082555 -0.3000192 0.0067381 0.0978521 -0.0929757 0.1060742 -0.1765112 -0.3439082 0.1519441 -0.0707416 -0.1536104 0.1287779 0.0749241 -0.0700181 -0.3285301 -0.0618941 0.2500399 -0.2249925 -0.1537975 0.0284943 -0.2326706 0.2483515 -0.0393859 -0.1747087 -0.1930004 0.0178486 -0.1635156 -0.2010762 -0.1493667 0.2606534 0.2995283 0.0793304 -0.1960670 -0.0741959 -0.0856767 0.1555449 -0.0709458 0.4549778 0.5570572 0.4694307 0.3249105 0.2546468 0.0431098 -0.0543903 0.2381087 0.2103403 0.3666478 0.3473432 0.6325889 -0.1106369 -0.3684504 0.0772414 0.2274085 -0.1486405 0.4564623 0.3865883 -0.0718440 -0.2981582 -0.1517181 -0.0422872 0.1464837 0.4157191 -0.2209362 0.0975796 -0.1714271 0.0324633 0.2588613 0.5131280 0.0791550 -0.1919205 0.1737119 -0.1563661 -0.4377655 0.0021356 -0.1072457 0.3406082 0.0022741 -0.1590222 0.1440487 -0.1636492 -0.0146170
0.1602222 0.3981120 0.3087915 0.3042822 0.0000000 0.1887154 0.0522564 0.5375497 0.3221954 0.4881298 0.3351108 0.5300975 0.6739824 0.0225737 0.4253336 0.3786638 0.3397534 0.1393730 0.4451538 -0.1275594 0.3348149 0.4404022 0.3985799 0.0426132 0.3169106 0.3961435 -0.2457880 -0.1360517 0.3407618 -0.3666527 0.2897808 0.3840861 -0.0550785 0.1879080 0.4769389 0.4588208 0.3287661 0.4446077 -0.1602999 -0.2508224 0.3205857 0.6793297 0.3800772 -0.0568019 0.3852333 0.1315512 0.0284354 0.5631041 0.1724629 0.1192396 0.1498513 -0.0269542 0.1497330 0.1994102 0.3515186 0.1254030 0.1171165 0.3163878 0.4622484 0.3135649 0.5151555 0.2799856 0.1353743 0.2227953 0.2199902 0.2310936 0.0007152 0.4225643 0.1822087 0.2191326 0.1849332 -0.0159141 0.3607793 0.0883308 0.1988358 0.2522185 0.1246757 0.2132044 0.2921606 0.3214540 0.2450283 0.0139956 0.3106565 0.2418261 0.2852713 0.2853025 0.2552396 0.4098613 0.4586295 0.4361361 0.1976710 0.1072235 0.0423185 0.1463463 0.3307239 0.1968963 0.1175967 0.1802491 0.3271085 0.1977077 0.2668781 0.0852593 0.4381568 0.2026438 0.2556855 0.0023654 0.2344769 0.2256512 0.1319115 0.2207985 0.4104576 0.1886652 0.0771256 0.2287710 0.1293489 0.2267242 0.2447474 -0.0397984 0.1773262 0.3368954 0.1616705 0.2308816 0.1345692 -0.0959051 0.4212624 0.3116127 0.3148853 0.2561915 0.4420759 0.0807790 0.0329835 0.5502054 0.1059117 0.0872058 0.1897239 0.3196455 -0.1084075 0.3168364 0.0452258 -0.0051354 0.4028866 0.3179811 0.1895893 0.2139585 -0.0247625 0.2818896 0.3032322 0.1812212 0.1214390 0.1240086 0.4133940 0.2242699 0.3453144 0.3274516 -0.0444583 0.3898292 0.1992277 0.2676148 0.1885975 0.4625248 0.1499215 0.4071613 0.4314001 0.3259593 0.2329277 0.3798490 0.3344641 0.2848959 0.3650337 0.4552506 0.3207862 0.3632331 0.0030068 0.0738352 0.5226543 0.4880992 0.4024272 -0.1126059 0.3605128 0.3236436 -0.0130297 0.3556498 0.6082162 0.5966465 0.8321442 0.4711491 0.3922036 0.2166509 0.2755706 0.2537123 0.4552621 0.3228979 0.3391418 0.2252656 0.3818695 0.0824996 0.2879286 0.3132446 0.3854363 0.2337001 0.1475837 0.0286026 0.0148849 0.1173183 0.3348689 0.3822721 0.1928978 -0.0394393 0.1412893 0.2050591 0.0749487 -0.4632585 0.3510601 0.0096606 -0.1330288 0.3658922 -0.0288261 0.0913906
0.1786552 0.5821211 0.3130176 0.8155568 0.1887154 0.0000000 0.4963661 0.4977947 0.6846958 0.7470989 0.8703524 0.6911966 0.0931929 0.1996966 0.6219036 0.3040134 0.2791302 0.2587945 0.0913639 -0.1995145 0.3547246 -0.0840481 0.4195709 0.4172498 0.1274463 0.1729585 -0.1891460 0.2592860 0.6085287 -0.2386740 -0.3196119 0.0931265 0.4834525 0.6208212 0.5392296 0.5091865 -0.1058909 -0.1735657 0.0591324 0.0826807 0.0535705 0.3684179 0.3804106 0.5629677 0.5925470 -0.2431194 0.1508252 0.1114991 0.7546538 -0.4413122 0.3817767 0.0960049 0.6696518 0.6166432 -0.0952824 -0.1156759 0.0042547 0.7632585 -0.2292255 0.2185967 0.6340887 0.5533967 0.0321640 0.7407058 0.7702106 0.0405511 0.1873475 0.6104079 -0.1053469 0.6820587 0.1109474 0.5693174 0.4921544 0.2171543 0.0541874 0.2867578 0.1799940 0.3294084 0.2903464 0.3276010 -0.0356712 0.2728923 0.1488101 0.0090228 0.2374031 -0.1771156 -0.1493553 0.4519044 0.0398681 0.3271453 -0.2832565 -0.2111329 -0.2681318 0.4611067 -0.0201842 -0.1415360 0.2731687 -0.1220274 -0.1053073 0.4204278 0.1029772 -0.3396885 -0.2711998 0.1027715 -0.1137271 -0.1656082 -0.3420557 -0.4362704 -0.0768280 -0.3619388 -0.1175691 -0.3158063 -0.4949089 -0.3873798 -0.1242923 -0.3925719 -0.3131341 -0.0885894 -0.3289234 -0.2361969 -0.3426087 -0.3010982 -0.1458073 -0.2435339 -0.1752891 -0.1715113 -0.4047032 -0.2176119 -0.1343910 -0.2680589 -0.1252092 -0.1396381 -0.3625405 -0.2019130 -0.1807893 -0.0399769 -0.2218836 -0.1257015 -0.1541623 -0.0677046 0.1205500 -0.2133059 -0.0999030 -0.2242379 -0.2371562 0.2773566 -0.0801362 -0.1134196 0.3526724 -0.0188631 -0.1732185 -0.2657906 -0.1602946 0.4337718 -0.2988412 -0.1395141 -0.2071935 -0.2069071 0.0630344 -0.1981610 -0.1328112 -0.3636487 0.1829786 -0.3492092 -0.2117434 0.0251451 0.5654532 0.6218953 0.0470173 -0.3371563 0.0367947 -0.0089121 0.4054308 0.0795204 0.7025722 0.6515653 0.3736900 0.3165745 0.0316732 -0.1694640 -0.2230071 -0.0572895 0.2248662 0.3155266 0.2121143 0.6783345 -0.4114870 -0.4796261 -0.0566648 -0.0182534 -0.2336012 0.2959279 0.1677246 -0.3883241 -0.4096710 -0.3316098 -0.0255684 0.1116082 0.5074911 -0.1774260 -0.1945702 -0.5455012 -0.2982444 -0.0689647 0.5482270 0.2824981 -0.2415398 -0.0040574 -0.3399585 -0.6731111 -0.4382496 -0.1391905 0.4744877 0.3460545 -0.0723613 -0.1546773 -0.3737995 -0.0863832
0.5978772 0.6705522 0.6530170 0.1203818 0.0522564 0.4963661 0.0000000 -0.0658590 0.4836106 0.4750578 0.4266603 0.6141900 -0.1390709 0.4487539 0.4901697 0.2872762 0.2923053 0.3925120 -0.0930821 -0.1806476 0.3838078 -0.1445516 0.4494044 0.4201070 -0.0985050 0.2744826 -0.0247048 0.4390068 0.5083943 0.1460654 -0.0286625 -0.2745731 0.3918107 0.4500902 0.3894300 0.4072065 0.0848019 -0.3091362 0.1435732 0.2351325 -0.0359887 0.4049051 0.2912086 0.4793452 0.5336615 0.0149052 0.2254897 0.0523538 0.5033123 -0.0901386 0.2385367 0.1439077 0.5205145 0.6317656 -0.0330720 0.0361794 0.0663878 0.6206034 0.0294657 0.2760353 0.5689219 0.4730776 0.2370709 0.5569557 0.4607305 0.0496456 0.2790521 0.5292686 0.0794607 0.5054949 0.0007860 0.4270831 0.4780457 0.3960981 0.0708864 0.3202044 0.0837785 0.4055743 0.4701970 0.2262748 0.2660168 0.1686304 0.3442919 0.1870124 0.2250933 -0.1206712 -0.1258316 0.3125235 0.0295152 0.3819302 -0.0339683 0.0208109 0.0305723 0.3567662 0.5616507 -0.0998058 0.4003768 0.1756197 0.4517742 0.5527887 0.0375597 -0.0372288 0.0378425 0.3102585 0.1685925 0.1976633 -0.2788303 0.0906811 0.1405491 -0.3274391 0.1544693 -0.0289088 0.0172882 -0.3119220 -0.1966957 -0.3192044 -0.3520065 -0.0579734 -0.4581415 -0.0927601 -0.2444458 -0.4262887 -0.1713023 0.0138640 -0.1690788 0.1266558 -0.2881588 -0.0059123 0.0429186 -0.0746410 0.0699379 -0.5180126 0.0220181 0.2375274 -0.2532557 0.1911489 0.2046632 0.1735252 0.0782690 0.1631324 0.2006085 0.1171575 -0.0607597 -0.0110009 0.0367703 0.3729083 0.0735855 0.0028490 0.5062827 0.1462094 0.0161795 0.0729359 0.0880506 0.4599061 -0.0847751 -0.1740768 -0.0183808 0.1265394 0.0017475 0.0278945 0.2048567 -0.1121659 0.1504561 -0.0290036 0.0864763 0.2705939 0.6097321 0.5790158 0.1665922 -0.0799454 0.3339950 0.3210303 0.5230666 0.6392938 0.6958828 0.5467158 0.4463565 0.4554189 0.2071212 0.1550694 0.1536460 -0.0142744 0.5353515 0.3866239 0.2465453 0.4767369 -0.1739325 -0.1399602 0.1521281 -0.0098920 -0.1230556 0.0897540 -0.0172490 -0.0703520 -0.0417209 0.0168643 0.1625717 0.0670388 0.3309896 0.0302608 -0.1575791 -0.5791007 -0.3924355 -0.3422304 0.5298433 0.5577774 -0.1711702 -0.1015691 0.0114057 -0.4197233 -0.4273359 -0.0129290 0.5084033 0.6118804 -0.0139152 -0.2522378 0.0217367 0.1619282
-0.0466958 0.3838508 0.1524280 0.7531704 0.5375497 0.4977947 -0.0658590 0.0000000 0.3197925 0.4537367 0.5667234 0.6537061 0.7718396 -0.3373597 0.4267767 0.3692920 0.1132470 -0.2104468 0.5332313 0.0588796 0.3195994 0.5725996 0.1776596 -0.1638274 0.5007646 0.2165316 -0.2162029 -0.3842085 0.2053660 -0.7097342 0.3863086 0.4306151 -0.0981065 0.1373326 0.3777926 0.4047821 0.0722457 0.3621846 -0.2902994 -0.5642354 0.4764345 0.1985632 0.2775792 -0.0774257 0.2026268 0.0150087 0.0766326 0.2051754 0.2301149 -0.2702829 0.1749250 -0.1217138 0.1833104 0.0254477 0.0416789 0.1271959 0.1357434 0.3051853 -0.0261965 0.1139590 0.2178438 0.2103120 -0.1303610 0.5421739 0.4079554 0.1843048 -0.0915340 0.4695423 0.0091629 0.5773183 0.3873905 0.4196829 0.4690399 0.4930813 0.3574119 0.5288141 0.6407679 0.3545091 0.2985806 0.4481279 0.0341612 -0.1050456 0.0911402 0.0364671 0.1895532 0.1385427 0.1955067 0.2502426 0.4033518 0.3667372 0.0917405 0.0728288 -0.0518510 -0.1407755 -0.0834059 0.0959003 -0.0816630 -0.0158161 -0.2564167 0.1368783 0.2367500 0.0512494 0.0703326 -0.3222912 -0.0798288 0.0618457 0.1395348 -0.2088282 -0.0395996 0.0116239 0.0257920 -0.1207323 -0.2723669 -0.0189096 -0.1208607 -0.0884659 -0.1167707 -0.1881534 -0.1121090 -0.0679696 -0.2552002 -0.1033460 0.0002728 -0.2301107 0.1317719 -0.1095272 -0.1875599 -0.0293817 0.1870772 -0.2459130 -0.2803215 0.4446843 -0.3289226 -0.2765111 0.0552696 0.0412502 -0.3978068 0.2187804 -0.2202503 0.2773800 0.0610728 0.2762465 0.1692477 -0.1305114 -0.3097245 0.1300845 0.1307992 -0.0732897 -0.0576416 0.0998038 0.2310843 -0.3002165 0.1413993 0.1536693 -0.1672602 -0.0598064 0.2384595 -0.1301270 0.3086484 0.2814606 -0.2308132 -0.0258705 0.1495397 0.1855735 -0.2102069 -0.1221398 0.1265062 0.1190634 0.2800524 0.0326338 -0.1594731 -0.0164186 0.0623349 -0.2258167 0.3430060 0.4323528 0.5300021 0.1979520 0.4283007 0.1927366 -0.0643038 0.4784753 0.3002794 0.4952814 0.4866447 0.5149991 0.1224066 -0.0004493 0.3686848 0.5587310 0.0323399 0.6534393 0.5727775 0.0722171 -0.1155854 -0.0008067 0.1535823 0.3418014 0.4282893 -0.0616711 0.2489259 -0.0840710 0.0330200 0.4306123 0.5111116 0.0166797 -0.1182928 0.3108496 0.0107326 -0.2194579 0.1577893 -0.2216249 0.3311698 -0.1519807 -0.1871099 0.3281812 -0.1493848 -0.0249159
0.1192130 0.3987617 0.3321460 0.4191738 0.3221954 0.6846958 0.4836106 0.3197925 0.0000000 0.7632497 0.6754986 0.5387158 0.0521470 0.5156481 0.8204887 0.2792482 0.4376191 0.6335387 -0.0482566 -0.3157244 0.2602767 -0.2466118 0.5681176 0.4141240 -0.0150465 0.1094327 -0.0019687 0.2307634 0.6562333 -0.2258222 -0.3316212 0.0006619 0.4301091 0.6332533 0.5720320 0.5778859 -0.1533294 -0.3536093 -0.0834572 -0.1219206 -0.2977795 0.5297573 0.3642060 0.4102282 0.7476484 -0.1788011 -0.1127890 -0.0117827 0.7524215 -0.1767928 0.1069677 -0.0212482 0.7320965 0.5048499 -0.0942979 -0.1461068 -0.1586250 0.7252905 -0.2639114 0.0497251 0.6935990 0.4053014 0.1704457 0.6462292 0.7647422 -0.0185490 -0.0377316 0.5408578 -0.1578602 0.4047259 -0.0561895 0.3682423 0.5364824 0.1748015 -0.0222793 0.1264935 0.0775818 0.2506760 0.3714881 0.5707160 0.0808776 0.3263460 0.1152255 0.0067566 0.1871327 -0.1079823 -0.0257039 0.4265923 0.0585683 0.3290072 -0.1706506 -0.0258614 -0.4958939 0.4376250 0.0977013 0.0675983 0.0308596 -0.2825386 -0.0540865 0.2571608 -0.1345302 -0.3775788 -0.1933279 0.1170898 -0.2172359 -0.1102487 -0.3558017 -0.4254388 -0.2794984 -0.4334213 -0.2559142 -0.3315571 -0.4032318 -0.2280341 -0.1983679 -0.1756345 -0.0886679 -0.2565248 -0.2170902 -0.1283269 -0.1400316 -0.0739478 -0.2600405 -0.3021080 -0.1906251 -0.1118974 -0.1816454 -0.2022398 -0.2178303 -0.1663782 -0.1380977 0.0407956 -0.2790375 -0.0943196 -0.1753732 -0.1805773 -0.1359902 -0.0954152 -0.1513845 -0.2820875 0.0894668 -0.3099166 -0.3591511 -0.1848969 -0.1826546 0.0620276 -0.0556930 -0.0361391 0.0889773 -0.1982092 -0.2468109 -0.0273949 -0.1550957 0.2444377 -0.2483239 0.0313310 -0.4458321 -0.1055030 -0.3205954 -0.2748761 -0.2185963 -0.3835943 0.2731843 -0.4095541 -0.2875088 0.2263160 0.4614078 0.3282708 -0.1310818 -0.4134301 0.0853787 -0.1716349 0.3519191 0.0666820 0.6229940 0.4502079 0.1494033 -0.0984063 -0.1085367 -0.2854732 -0.4720448 -0.2728045 0.1903773 0.1980134 0.2177382 0.6711840 -0.3631524 -0.2749874 0.0280193 0.0219701 -0.0545168 0.3905193 0.2076898 -0.4636974 -0.3114114 -0.4764384 -0.1841532 0.1007582 0.6717422 -0.1492580 -0.2509349 -0.3398973 -0.4071098 -0.1993907 0.4920769 0.4088179 -0.0501945 -0.1253041 -0.2000204 -0.2346041 -0.4508574 -0.1929229 0.6329632 0.4855927 -0.0878228 -0.0727038 -0.2611060 0.0171202
0.1862917 0.5611470 0.3962912 0.6855569 0.4881298 0.7470989 0.4750578 0.4537367 0.7632497 0.0000000 0.7511537 0.6828699 0.2081585 0.5550153 0.5985124 0.3380511 0.5753747 0.3426871 0.1122774 -0.1081583 0.6794465 0.0453225 0.6289591 0.5440866 0.1919959 0.3058697 -0.2939434 0.3900442 0.8423397 -0.1477715 -0.1049541 0.3035312 0.5296017 0.7431325 0.5897456 0.7436470 0.1386167 -0.0267496 0.1016002 0.0342392 0.1605646 0.7014205 0.4634627 0.5729674 0.8404290 0.0663927 0.1536634 0.3790112 0.8488091 -0.0528608 0.3096725 0.0984340 0.8054854 0.6322663 0.2349735 0.1745703 0.1479359 0.8684941 -0.1210734 0.2511560 0.8804166 0.6105063 0.3311105 0.8417447 0.8894605 0.2442167 0.2910724 0.8107365 0.0169305 0.7400546 0.2647779 0.6288480 0.6613813 0.2356322 0.1080724 0.3970158 0.2123996 0.3735010 0.5324231 0.5106336 0.2201275 0.2126320 0.1585701 0.1774064 0.2591145 0.0450965 -0.3270028 0.4624187 0.2238718 0.4702812 -0.3602301 -0.3402531 -0.4066614 0.5240211 0.0978594 -0.2113883 0.0071245 -0.2774178 0.0639471 0.3349055 0.1024956 -0.2622857 -0.0732801 0.2903981 -0.2161953 -0.1252361 -0.2377949 -0.3577034 -0.1700209 -0.2637992 -0.1313849 -0.3036575 -0.5398656 -0.1682891 -0.0957568 -0.2675949 -0.1332543 -0.1218040 -0.2177727 -0.0764576 -0.1957501 -0.1363492 -0.1154149 -0.1755772 -0.0094714 -0.1811965 -0.2178547 -0.1074465 -0.0842065 -0.0734841 -0.1067419 -0.0347133 -0.2846722 0.0345387 -0.0783201 -0.0234983 -0.1164331 0.0002058 -0.1072623 -0.3342649 0.1646191 -0.2432468 -0.2102794 -0.0676637 -0.1452720 0.0384473 0.0817323 0.0996351 0.1552984 0.0186651 -0.0912248 -0.0075639 0.0102489 0.2819077 -0.1304185 0.1136937 -0.3179802 -0.0393089 -0.1247437 -0.1579753 -0.0041105 -0.2157148 0.0781927 -0.3476975 -0.0871979 0.2184733 0.5102478 0.3989782 -0.0569339 -0.2875373 0.1900737 -0.0567235 0.1524718 0.1264304 0.7861907 0.6075232 0.3293055 0.2075687 0.2171785 -0.0969984 -0.2647859 -0.0637528 0.3409726 0.3892916 0.4121970 0.9246855 -0.1399942 -0.3479900 0.0245288 0.1137654 -0.0489066 0.4551760 0.2497442 -0.3613422 -0.2905472 -0.4439683 -0.2222926 0.0456316 0.7915796 -0.2176291 -0.1015456 -0.2132158 -0.2951659 -0.2385618 0.7437282 0.6203521 -0.0586787 -0.2325657 -0.1215200 -0.2459301 -0.3266378 -0.2738376 0.7534300 0.3748650 -0.1286201 0.0427568 -0.2690139 -0.0685621
0.2036044 0.6144608 0.3259439 0.7457647 0.3351108 0.8703524 0.4266603 0.5667234 0.6754986 0.7511537 0.0000000 0.7637921 0.2562446 0.1696297 0.6826805 0.6716409 0.5167880 0.2601081 0.4245282 -0.3101582 0.3708854 0.0995303 0.7086557 0.3014808 0.4437883 0.5111440 -0.0221091 0.1213147 0.5560438 -0.2871070 -0.2612762 0.4094161 0.3400431 0.5282559 0.7997603 0.4190009 0.2680009 0.0721940 0.1484262 -0.0125791 0.2605653 0.3874799 0.6316362 0.4235280 0.5763196 0.0626498 0.3523233 0.2701144 0.6133872 -0.1308861 0.5199717 0.2599854 0.5595328 0.6183183 0.1683748 0.2097643 0.2675482 0.7529470 -0.1168095 0.4739616 0.6560202 0.6816298 0.3892570 0.7323246 0.7055628 0.3063076 0.2873833 0.7536889 0.2325588 0.6753676 0.3185858 0.4679170 0.6860759 0.2792308 0.3398444 0.5198463 0.2510158 0.5880744 0.5200110 0.3239311 0.3133018 0.2305941 0.0514509 -0.0574520 0.1666902 -0.2292341 -0.0687863 0.3386029 -0.0117152 0.3020197 -0.2164727 -0.0422373 -0.3265030 0.4886307 0.0589480 -0.1521427 0.0574741 -0.2245902 -0.0703782 0.3325279 0.2306776 -0.4045021 -0.2459523 0.2056584 -0.2051075 -0.1195721 -0.3387569 -0.4507926 -0.0341601 -0.3671396 -0.0797689 -0.2757621 -0.4481899 -0.2983863 -0.2230186 -0.1926214 -0.2327794 -0.1469030 -0.3465275 -0.1934698 -0.3129330 -0.2807945 -0.1437053 -0.2128434 -0.1244052 -0.0800403 -0.3279862 -0.2091153 0.0118797 -0.1329920 0.0036245 0.0783407 -0.3095973 -0.1104181 -0.1769871 -0.1770669 -0.1320872 0.0327078 -0.0955975 0.0972023 -0.0673113 -0.0618783 -0.0480494 -0.2224875 -0.1873435 0.0791958 -0.0127371 -0.1091579 0.1409590 0.0532041 -0.0735964 -0.3005480 -0.0314623 0.2119651 -0.2412428 -0.2613711 -0.0837602 -0.2290573 0.0842834 0.0173120 -0.1828993 -0.2563197 0.0343506 -0.0958034 -0.2531054 -0.1260320 0.3434970 0.4170139 0.0332507 -0.2225082 -0.1023302 -0.1410384 0.3063889 -0.0346343 0.6868792 0.5977027 0.4282160 0.3905184 0.0936904 -0.0149393 -0.1447850 -0.0204232 0.2770274 0.2783142 0.2636687 0.7174723 -0.1574986 -0.1450108 0.0281781 0.0019276 -0.1372534 0.3006662 0.2329392 -0.2876800 -0.3032713 -0.1542414 0.0783783 0.2266228 0.5865883 -0.0657147 -0.0591965 -0.2839279 -0.1708985 0.1763677 0.5187668 0.3937986 -0.1555231 0.0479455 -0.1858892 -0.4763937 -0.3509626 0.0349067 0.5331545 0.2767398 0.0551984 0.0252063 -0.2046147 -0.0003305
0.3654081 0.8038325 0.5125882 0.6231175 0.5300975 0.6911966 0.6141900 0.6537061 0.5387158 0.6828699 0.7637921 0.0000000 0.4840827 -0.0066451 0.7179150 0.5377599 0.2491183 0.2083756 0.3664047 -0.1057518 0.5398356 0.3592329 0.5193181 0.2568602 0.3197900 0.4424960 -0.1445283 0.0356396 0.5543629 -0.3641676 0.1757590 0.1862936 0.2185286 0.4531403 0.6536571 0.5207351 0.2070412 0.0662240 -0.0940889 -0.2376324 0.3246953 0.4691473 0.4625892 0.2130951 0.5382221 0.0025344 0.3322584 0.2214624 0.4447118 -0.2534538 0.4081164 0.0938783 0.4708920 0.4166157 -0.0165579 0.1303078 0.2447401 0.6048221 0.0663597 0.4030889 0.6176445 0.5634315 0.1998378 0.7325718 0.5734634 0.2925825 0.2167007 0.7577940 0.2152658 0.7739763 0.4165558 0.5326510 0.7785782 0.5688297 0.4357477 0.6616117 0.4392898 0.6623340 0.5472119 0.4355432 0.3508240 -0.1450388 0.0753790 0.0777491 0.1483879 -0.1052405 0.0292795 0.2269877 0.2571702 0.3972003 0.1416049 0.1527345 -0.0426731 0.1049260 0.3985556 0.0016118 0.2170879 0.0568219 0.1466223 0.3720115 0.1771822 -0.0112627 0.0266324 -0.0305632 0.1166789 0.2216514 -0.0863185 -0.1066402 0.2667506 -0.1716786 0.2230113 -0.0751163 -0.2120820 -0.1373785 -0.2201959 -0.1749138 -0.2097766 -0.0898365 -0.3211284 -0.0299622 -0.2350865 -0.2591814 -0.0928487 -0.0762543 0.1117674 0.0653016 -0.2015897 0.0357017 0.2118664 -0.0921441 0.0738365 0.1092800 -0.1562815 0.0961310 -0.1027516 0.1390458 -0.0152584 0.2764495 0.0119197 0.2460668 0.1331711 0.2602249 0.0529148 0.0539124 -0.0707193 0.3196530 0.1920372 0.0257662 0.2905187 0.2008587 0.2007493 -0.0313448 0.1305877 0.3757757 -0.0658233 -0.0592319 0.1566317 0.0340538 0.2341567 0.2900294 -0.0160802 -0.0659502 0.2035399 0.1618209 -0.0765380 0.0785323 0.4910773 0.5026516 0.3237252 0.0571047 0.1384117 0.2390185 0.3310564 0.2119507 0.8001865 0.7393628 0.6094637 0.4524989 0.3563996 0.1935923 0.0383305 0.2563525 0.6054799 0.6200687 0.5958105 0.7710139 0.1293380 -0.0202486 0.2831020 0.3411930 -0.0138988 0.5133733 0.3277525 -0.0220768 -0.0876028 0.0181798 0.2656032 0.1978375 0.5315367 0.0301838 0.1310197 -0.3822566 -0.0764804 0.1839881 0.6363098 0.4091503 -0.0542731 0.1485109 0.0881360 -0.4710021 -0.1217574 -0.1118479 0.4713277 0.2217417 -0.0433744 0.1152669 -0.0977072 0.1165635
0.1911981 0.3360663 0.1600757 0.3190516 0.6739824 0.0931929 -0.1390709 0.7718396 0.0521470 0.2081585 0.2562446 0.4840827 0.0000000 -0.4568116 0.1839091 0.3156920 0.1490646 -0.2552388 0.5340228 0.1342541 0.1394363 0.7932086 0.2008952 -0.4060733 0.4253189 0.2009065 -0.0983763 -0.5888412 -0.0986836 -0.6539377 0.6910475 0.5005338 -0.4719501 -0.2239434 0.3447712 0.1065393 0.2616059 0.6316395 -0.1665184 -0.6125813 0.6526367 0.1009171 0.4287805 -0.4343241 -0.0599424 0.1714536 0.2077719 0.4947483 -0.1702106 0.1575234 0.2424984 0.0344467 -0.1882788 -0.0943248 0.2443732 0.3179922 0.3618640 0.0599378 0.1443358 0.3223591 0.0171259 0.2076871 0.0958332 0.2567994 -0.0174405 0.4564648 0.0847605 0.3220334 0.2934468 0.3503727 0.5596648 0.0554644 0.4243010 0.3892622 0.5053190 0.4795640 0.4729453 0.3834419 0.3309090 0.4595823 0.2067739 -0.3217612 0.0810332 0.2819246 0.2877308 0.2392713 0.3804095 0.2711453 0.3316482 0.3183105 0.2656552 0.1769419 0.2356713 -0.2689811 0.0203859 0.2467291 -0.0488347 0.3077099 -0.1079087 0.0055838 0.2236327 0.3357347 0.4234547 -0.2444164 0.1686629 0.1198438 0.3705972 0.1591644 0.1417758 0.3798936 0.2418262 0.2026374 0.0604954 0.3417219 0.1672603 0.2586668 0.2380717 0.0739430 0.1900147 0.2059551 0.1175093 0.2140034 -0.1078725 -0.0227074 0.2599493 0.1614107 0.2472075 0.0317718 0.3882760 -0.0248313 -0.1001445 0.4427640 -0.0124466 -0.0732086 -0.0422505 0.1722170 -0.2867345 0.4498732 -0.0839924 0.4339863 0.1094366 0.5256622 0.1734909 0.0740936 -0.1460878 0.1383072 0.3225430 0.0657452 -0.0591592 0.1704420 0.5471978 -0.1430233 0.3871186 0.1005763 -0.0434189 0.0626030 0.2982890 0.0028855 0.2687739 0.6258448 -0.1155127 0.2830286 0.1283318 0.4848649 -0.0578467 -0.0877882 -0.0015686 0.0614445 0.3714886 0.3658239 -0.1310499 0.1882690 0.0146065 -0.1797748 0.2152938 0.2031271 0.4181994 0.1023590 0.3383340 0.2104372 -0.0317824 0.3369706 0.2336916 0.3516434 0.5143274 0.3086941 0.4235722 0.4419106 0.4400294 0.4631166 0.2695067 0.4941886 0.5904231 0.1940878 0.1458343 0.1743360 0.3984766 0.6069937 0.3758804 0.2420419 0.4890474 -0.0384356 -0.0431269 0.3792195 0.4167457 0.0480582 0.1480888 0.3571363 0.3642596 -0.0749297 0.1432477 -0.1774994 0.3349247 0.0211399 0.1737040 0.4875889 0.0335554 0.2022616
0.2738064 0.1776242 0.4250888 0.0029543 0.0225737 0.1996966 0.4487539 -0.3373597 0.5156481 0.5550153 0.1696297 -0.0066451 -0.4568116 0.0000000 0.1520303 -0.0041496 0.4660063 0.5097756 -0.3609404 -0.1847212 0.4267515 -0.5240593 0.3832143 0.6946042 -0.2623018 0.0461066 -0.0648941 0.7838742 0.6777503 0.4676675 -0.2934539 -0.1565025 0.6917917 0.6451136 0.1336550 0.5595159 0.0620481 -0.3864101 0.3071896 0.4847782 -0.2903702 0.6103595 0.1320263 0.7019297 0.7102835 0.1922862 -0.0240565 0.1364436 0.6944705 0.2694267 -0.0270260 0.1078995 0.7082268 0.5547468 0.2368426 0.1112590 -0.0295774 0.5421716 -0.1570977 0.0227532 0.6444715 0.3137464 0.3479776 0.3890027 0.5996956 0.0167770 0.1670080 0.3128626 -0.1491342 0.1455150 -0.1982272 0.3871017 0.1495070 -0.0430389 -0.2804654 -0.0758611 -0.0852462 0.0035253 0.3017172 0.2690196 0.0996208 0.5132698 0.2716551 0.0680006 0.0790067 -0.0431261 -0.4409720 0.2927919 -0.1048399 0.2187152 -0.4715704 -0.4087981 -0.4529663 0.6394250 0.2716190 -0.2573638 -0.0308771 -0.3519130 0.3406838 0.2881690 -0.1781526 -0.3540374 -0.1463877 0.5400969 -0.2696759 -0.1547026 -0.4588041 -0.2248372 -0.3479716 -0.4607543 -0.2354208 -0.2825837 -0.2473356 -0.2375603 -0.1229408 -0.2792236 -0.1601532 -0.1633925 -0.2486286 -0.0966963 -0.1185956 -0.1741257 -0.1470523 -0.0976240 -0.2117248 -0.1077956 -0.1810612 -0.1218981 -0.2285835 0.0215394 -0.1040972 -0.3694653 -0.1000983 0.1728356 -0.1939401 -0.1593872 0.0867532 -0.1817068 -0.1188170 -0.5193471 0.0089933 -0.4865668 -0.3882243 -0.2156027 -0.0675412 -0.1746044 -0.1493905 -0.0421699 -0.0215377 -0.2797226 -0.4290688 0.0852312 -0.1091451 0.0202718 -0.1870253 -0.0277462 -0.4725042 -0.0245734 -0.4853476 -0.4859188 -0.0036886 -0.2477804 -0.0941373 -0.4837229 -0.0282126 0.2730525 0.2466704 0.0605400 -0.4165959 -0.4283558 0.1469127 -0.2603063 0.1541831 0.3777346 0.3956058 0.2719262 -0.0067794 -0.1249725 0.0520453 -0.1033157 -0.1725942 -0.2967405 0.1694986 0.0395444 -0.0384205 0.4232065 -0.3365273 -0.3374682 0.0052400 -0.0848183 -0.0460420 0.0900955 -0.0248303 -0.2895843 -0.1150717 -0.3614205 -0.3894805 -0.1309393 0.4704181 -0.2423475 -0.3363747 0.0057381 -0.4660987 -0.6153226 0.3970794 0.5837334 0.0139075 -0.4495288 -0.1391773 0.1873316 -0.4736429 -0.1057478 0.5694775 0.4550766 -0.1696950 -0.1650946 -0.0999330 -0.0414991
0.0302839 0.4506223 0.2300265 0.3774870 0.4253336 0.6219036 0.4901697 0.4267767 0.8204887 0.5985124 0.6826805 0.7179150 0.1839091 0.1520303 0.0000000 0.4774635 0.3305359 0.6270219 0.1810273 -0.4475125 0.1356214 -0.0901590 0.5922084 0.2797165 0.1373287 0.3468797 -0.0106192 0.0082188 0.5039143 -0.2834279 -0.2662169 0.0562507 0.2894295 0.5338077 0.7054803 0.4248573 0.0295127 -0.2688321 -0.1594912 -0.2005302 -0.1902036 0.4110653 0.3965493 0.2580335 0.5731642 -0.3325065 0.0350201 -0.0548962 0.5325948 -0.3688708 0.2689337 0.0376887 0.5328999 0.4596721 -0.2369940 -0.2851855 -0.1058628 0.6135877 -0.1080677 0.1943806 0.5598478 0.3742413 0.0719736 0.4514404 0.5478437 -0.0627583 -0.1082531 0.5203423 -0.0434798 0.3454813 -0.0579457 0.2070997 0.5059020 0.2196921 0.0602642 0.2315582 0.0683136 0.3284690 0.3048750 0.3140650 0.1870528 0.1869343 0.0520319 -0.0884191 0.0447483 -0.2027171 0.2302507 0.2174663 0.0718764 0.1784245 0.1052144 0.3229361 -0.3701028 0.1861607 0.1824273 0.2096321 0.1657648 -0.2206293 0.0124830 0.2353378 -0.0073164 -0.3914940 -0.1540825 0.0331730 -0.0882365 0.0425906 -0.2765001 -0.2838254 -0.1357884 -0.3597571 -0.0790849 -0.3248384 -0.2292112 -0.2060223 -0.3845150 -0.0520765 -0.0800341 -0.3753169 -0.2127445 -0.2635868 -0.2061204 -0.0790407 -0.1104365 -0.2860196 -0.1760020 -0.1231331 -0.1278731 -0.0498649 -0.1446823 -0.1137893 -0.0047270 0.2638984 -0.2306144 -0.0482805 0.0304698 0.0445954 -0.0599338 -0.1001899 -0.0902645 -0.0843219 0.2070814 -0.0980146 -0.0194351 -0.1417227 -0.1838952 0.3187288 -0.1054536 -0.0886149 0.2742321 -0.0517106 -0.1135141 -0.0465238 -0.2349876 0.4280670 -0.2372760 0.0699899 -0.0344226 -0.0892257 0.1111818 -0.0152056 -0.1179941 -0.2507396 0.5323667 -0.0457280 -0.2317000 0.2004826 0.5612833 0.4871134 0.3004671 -0.0710555 0.2091445 0.1484410 0.4232425 0.1336418 0.6116115 0.4908171 0.1744426 0.1101854 -0.0672002 -0.0685133 -0.2357000 -0.0068696 0.3592535 0.3600521 0.3565437 0.5408899 -0.2136431 -0.1191237 0.0529228 0.0679507 -0.1935688 0.2862313 0.1190651 -0.3059504 -0.2630709 -0.3082424 -0.1065834 -0.0095806 0.3995980 -0.2029741 -0.1379462 -0.3050398 -0.0727840 0.0718093 0.3209994 0.2728332 -0.2599621 0.0776614 -0.1011634 -0.2215042 -0.1864772 -0.1244630 0.3402667 0.2933636 -0.0728036 0.0078726 -0.2033064 0.0629289
0.1038878 0.4356483 0.1491662 0.2277491 0.3786638 0.3040134 0.2872762 0.3692920 0.2792482 0.3380511 0.6716409 0.5377599 0.3156920 -0.0041496 0.4774635 0.0000000 0.5635691 0.0033644 0.7685541 -0.5110244 0.2305164 0.2467052 0.8080982 -0.0606490 0.7443751 0.8296918 -0.0613172 -0.1402337 0.2197784 -0.3120753 -0.0614070 0.5535476 -0.0259175 0.1532997 0.8377642 0.1438628 0.5802314 0.4225851 0.0687624 -0.1536941 0.3721692 0.2323699 0.6365522 0.1122426 0.2959353 0.3510882 0.3697722 0.3159325 0.1717198 0.1832175 0.4359586 0.2069534 0.1521265 0.4109634 0.5192711 0.4593404 0.2947080 0.4348296 0.2354817 0.5387692 0.4163491 0.4252913 0.5616416 0.3112776 0.2832443 0.2357339 0.2310351 0.5966708 0.5350326 0.3348619 0.1831170 0.0502444 0.5586518 0.2191914 0.4515597 0.6109656 0.1918943 0.5629949 0.6412689 0.0211550 0.6152242 0.2340348 0.1997582 0.1495498 0.2748200 0.0596899 0.0494279 0.1685275 0.1388502 0.3506028 -0.0870524 0.1711690 -0.1411223 0.4379346 0.1830052 -0.2276472 -0.1604081 -0.0985683 0.2473548 0.4169346 0.4610922 -0.2719522 0.1989275 0.4506840 -0.1663173 -0.0502342 0.0213338 0.0384945 0.0357717 -0.0237682 0.1742720 -0.0023976 0.0606793 0.0591844 -0.1469870 0.2965285 0.0532167 -0.0551209 -0.0975699 0.0088817 -0.0538086 -0.0895353 0.1383673 0.1157864 0.1050499 0.1415263 0.0227225 0.0743580 0.3082126 0.2898119 0.2787695 0.3245573 0.1871416 0.2636218 0.0304702 -0.0235666 0.2760113 0.3502897 0.2106261 0.3819864 -0.0079418 0.3326226 0.3027534 -0.0446647 0.1362521 0.0350254 0.1772056 0.0990821 0.1117905 0.2809582 0.1873592 -0.1029352 0.2312769 0.1089482 0.0234169 -0.1868000 0.3327444 0.0850307 0.2850588 0.3474650 0.1263836 0.0595641 0.0474816 0.3861304 0.0345147 0.0179137 0.1644037 0.1951017 0.2575391 0.1648277 0.0073288 0.0347765 0.0806644 0.0148604 0.4394804 0.3311224 0.4961591 0.5161694 0.3756302 0.4521970 0.2800114 0.3040979 0.4316369 0.3175053 0.3349752 0.3725632 0.1816013 0.3402434 0.1461453 0.0265877 0.0073110 0.0342030 0.0228404 0.0476712 0.0330430 0.2459261 0.2401132 0.1744725 0.2695871 0.1285392 -0.1421232 -0.0272366 0.0756224 0.3116806 0.2004941 0.4482631 -0.2088972 -0.1027625 -0.1600670 -0.0381252 -0.0634928 0.1304271 0.2985111 -0.0273633 -0.0175986 -0.0599317 0.0487490 -0.0649073
0.1135817 0.1332937 0.2184255 0.2392279 0.3397534 0.2791302 0.2923053 0.1132470 0.4376191 0.5753747 0.5167880 0.2491183 0.1490646 0.4660063 0.3305359 0.5635691 0.0000000 0.2037930 0.3965616 -0.1955496 0.1522237 0.1585585 0.7715101 0.0461080 0.4680774 0.6008296 0.1741990 0.0842963 0.2463323 0.0875041 -0.0840599 0.6274842 0.0278742 0.1644855 0.6219998 0.1458982 0.6412421 0.3246003 0.4778689 0.2512775 0.3801879 0.3204843 0.6422638 0.2411608 0.3265540 0.4597134 0.3178836 0.5031952 0.3574795 0.5270463 0.3997566 0.4365441 0.2376667 0.6272112 0.6166949 0.5405608 0.3961773 0.6183005 0.1744599 0.5212425 0.4580497 0.5623656 0.6386914 0.4079012 0.3474388 0.3895099 0.4471277 0.5152324 0.4120693 0.2497886 0.2233200 0.0874589 0.3111235 0.0623794 0.1543741 0.2057352 -0.0789106 0.2081369 0.4118064 0.0583170 0.3874384 0.3757788 0.2528548 0.0668644 0.1894891 0.0603045 -0.0275402 0.3506102 -0.0046965 0.3010586 -0.2489660 -0.0914381 -0.1616435 0.5163752 -0.0246466 -0.0757262 -0.0904943 -0.1253197 0.1421815 0.1117517 0.3911683 -0.2117908 0.0026492 0.5971863 -0.1775324 -0.1092129 -0.1695181 -0.1276347 -0.3189853 -0.1437233 -0.1818594 -0.0970174 -0.1513340 -0.1415722 -0.0583747 -0.0007546 -0.1043767 -0.2266442 -0.2057220 -0.1622065 -0.2045867 -0.1486080 0.0277263 -0.1707306 -0.2724512 -0.1300999 -0.1693341 -0.0725534 -0.0818234 -0.0426491 -0.2323387 -0.0515346 -0.2077944 -0.1145530 0.1793127 0.0421289 -0.1622163 -0.0004785 -0.1727337 0.0255008 0.1598175 0.0037853 0.1626365 -0.1463483 -0.2024947 -0.0659934 -0.0327696 -0.0283788 0.0946214 0.2186588 0.0944882 -0.1790932 0.1751854 0.1238929 -0.1446703 -0.1555939 0.0012125 -0.1014412 0.0784352 0.1603872 0.1584530 0.1514602 -0.0646920 0.0962816 0.0245034 -0.0011020 0.1255345 0.1028491 0.0622311 0.0530080 0.1376436 0.0014127 0.0917039 0.1148049 0.2581759 0.0572406 0.2041597 0.2964373 0.0632833 0.1798828 0.0325128 -0.0835924 0.1198690 -0.0441812 0.1952548 0.3652095 0.0764312 0.1678728 -0.0380347 -0.3035828 -0.0326127 -0.1228754 0.1441681 -0.0190506 -0.0464351 -0.0590463 -0.1358609 0.2943920 0.3774373 -0.0518602 0.0936497 0.1639850 -0.0908846 -0.0075945 0.3277329 0.4819055 -0.2482302 -0.0707634 0.1436147 0.1999589 -0.0987378 0.1037908 0.6064970 0.4573725 0.2241571 0.2227908 0.2908993 0.2416933
