0.0000000 0.2762934 -0.3084045 0.1591893 -0.0740050 0.0125225 -0.0606539 0.2142694 -0.0405588 -0.0717704 0.0732753 -0.1379962 0.2860617 0.2077111 0.1111529 0.1405418 -0.1385498 0.0620424 0.2829920 0.2624700 0.1523039 0.4327965 -0.0873784 0.0992390 0.0726218 0.0799449 -0.1710398 0.2388490 0.1314055 0.0266136 0.5365577 -0.0215521 0.1488318 0.1449724 0.1828062 -0.0271389 0.1021177 0.2441058 0.3347590 0.0714362 0.4316760 0.0291682 0.1759622 0.5121891 -0.2403361 0.1903305 0.2511231 0.0664291 0.3514044 0.2138680 0.2145128 0.0656419 0.0849374 0.1952108 0.2802654 0.2593191 0.1668177 0.3296548 -0.0214249 0.0178751 -0.0701249 0.0480390 0.3413294 0.1131836 0.0737629 0.1104246 0.0227511 0.1338255 0.3718165 -0.0101378 -0.1076924 -0.0377518 0.0043215 0.0723093 0.3899402 -0.0109815 -0.0673127 0.1188598 0.0338370 0.0986488 0.1926431 0.2494855 0.0762772 0.1514801 -0.0115422 0.3369014 0.2157897 -0.0861708 0.1321202 0.0605710 0.1758166 0.2161282 0.4200688 -0.4903098 0.1986437 0.5004271 0.4291709 0.3183580 -0.0670609 0.0939119 0.2588963 0.3945060 0.0557425 0.2726675 0.4091913 0.6254331 0.3884730 0.2140881 0.0665185 0.3967515 0.4095916 0.1606578 0.2286618 0.2690724 0.1072084 0.1066390 0.2861883 0.2327064 0.1776032 0.1226400 0.2256210 0.4561406 -0.1293658 0.0421851 0.2137328 0.3385727 0.2000241 -0.2156892 0.2557244 0.2962339 0.2035936 0.1966356 0.0187189 0.3671301 0.1151803 -0.2147040 0.2620704 0.1682155 0.1984682 0.1749660 -0.1228495 0.0203087 0.1657259 0.1252887 0.3174437 -0.2615641 0.1580743 0.1354064 -0.0329235 0.0644982 0.1291007 0.0761245 0.1553813 -0.2042873 0.0627682 -0.0882900 -0.1083426 0.0567717 0.1131830 0.1011174 0.1647113 0.2437320 0.0216481 0.0678625 0.1780283 -0.2543863 -0.0122730 0.0036212 0.0582560 0.2444343 -0.0598302 -0.0209228 0.6067581 -0.2206003 0.3890344 0.2592111 -0.0691605 -0.1498406 0.2031023 0.3964625 -0.0943745 0.1479637 -0.0125718 -0.1085481 -0.1073821 0.0816823 0.2475362 0.1849811 -0.0653980 -0.0314226 0.2934428 0.0635610 0.2680497 0.3363438 0.1951027 0.2711229 0.3394616 0.1445489 0.0511722 0.3400361 0.3560350 -0.0580904 0.0068127 0.2517771 -0.0284088 0.2616682 0.4228979 0.1350053 0.0623732 0.1326292 0.1243848 0.3123684 -0.1426269 -0.1014722 0.5045658 0.4654182 0.3065663 0.2273928
0.2762934 0.0000000 0.1339260 0.8203288 0.3015688 0.6234529 0.4903057 0.7483126 0.3112035 0.0016482 0.6634609 0.5458313 0.5707779 0.2468201 0.6674743 0.6596162 0.1564712 0.3658737 0.7570957 -0.0888714 0.6334358 0.1894986 0.4572787 0.6333467 0.7246344 0.5496414 -0.2878764 0.0362813 0.7512197 -0.1732061 0.6002555 0.5366086 0.5662484 0.7548619 0.5294949 0.5289335 0.3694122 0.6055562 0.4061426 -0.0847412 0.4085348 0.6061262 0.4711626 0.1935689 0.1272869 0.6269986 0.5828776 0.2774394 0.5664920 0.1446948 0.6012953 0.3795829 0.7115268 0.7185007 0.2292941 0.5173409 0.5272350 0.6559897 0.4471999 0.4571210 0.5735082 0.5573628 0.3873772 0.6829794 0.6491000 0.3677629 0.5855847 0.7382062 0.3626562 0.6914999 0.5247539 0.6064664 0.6304461 0.6295233 0.5265265 0.6356211 0.6419355 0.6037454 0.6557244 0.6685240 0.6637764 0.2538542 0.1485774 0.2491679 0.1167538 -0.1534979 0.1690621 -0.2973290 -0.2531743 0.1896101 0.1984364 0.5800094 0.3774945 -0.0933660 -0.0162442 0.3508023 0.5997797 0.5843052 -0.2421415 0.4372780 0.4238750 0.5818326 0.1187365 0.1031655 0.4738807 0.2942550 0.1537454 0.2779975 0.3726963 0.2424008 0.3335433 0.3155988 -0.2713190 -0.0939753 0.0648850 -0.2652221 -0.2252562 0.1771404 0.1078654 0.4562919 0.1134535 0.1787744 0.2061620 0.3338953 0.4125570 0.5969444 0.2765994 -0.0093439 0.6394643 0.1800967 -0.0544811 0.3449941 -0.0373077 0.0241158 0.2282849 -0.0444006 0.0251882 0.4889681 -0.1221454 0.7319415 0.0604777 0.5826417 0.4198831 0.1319719 0.1487186 -0.1450603 0.0686372 0.1781552 -0.0859169 0.5659621 0.5788659 0.1534167 0.2105062 -0.2368341 0.1059068 0.0838885 0.4094101 0.4027242 0.6012586 0.6357055 0.3963835 0.6963455 -0.0456460 0.7289327 0.0627471 0.1749172 0.0104332 0.0463578 0.4490833 0.6689557 -0.0301890 -0.0124838 0.0624832 -0.3582675 0.2689820 0.3348332 0.5560411 -0.2755740 0.5291341 0.2815526 -0.1520674 0.4451682 0.5659735 0.3152021 0.4514141 0.4922445 0.6020243 0.1583183 0.6674680 0.7505771 0.7578841 0.7244126 0.7941773 0.6304974 0.6931232 0.7274765 0.6828197 0.8685466 0.4924800 0.6427605 -0.0671803 -0.6035084 -0.1934118 0.3739944 0.1301333 0.5702332 0.4731914 0.6355358 -0.2634431 -0.2461593 -0.0753457 0.4511638 0.4896253 0.5481951 0.5180733 0.5705484 0.3395183 0.1672027
-0.3084045 0.1339260 0.0000000 0.3076644 0.5622257 0.3288159 0.3624223 0.3257207 0.3353354 0.3701549 0.2305551 0.4668362 0.4547588 -0.0362812 0.1484523 0.2860829 0.1357935 -0.0412094 0.2936182 0.1835421 0.4505441 -0.2649226 0.2167264 0.0867841 0.3714295 0.1619328 -0.1290998 -0.2056930 0.3770340 -0.2545510 -0.0241590 0.4077839 -0.0192069 0.0665456 0.1725001 0.3485477 0.1248453 0.2100853 -0.0994274 0.0489931 0.0138710 0.3761778 0.1029400 -0.2004843 0.1947465 0.1537044 -0.0200761 0.2240620 -0.0335997 -0.0954481 0.0777618 -0.0427135 0.0261376 0.1484667 0.3364776 0.1116679 0.0394417 0.1336397 0.3184742 0.0275484 0.2029763 0.1298628 0.2208104 0.1553629 0.1895654 0.2688915 0.0802940 0.0962036 0.1604837 0.1698169 0.2603119 0.2482127 0.2465853 0.3106264 0.1732579 0.1469352 0.2205726 0.2140835 0.1373072 0.3125410 0.1876234 0.2867243 0.4799480 -0.0278256 -0.0624204 -0.2387884 0.0561181 -0.1137094 -0.2250186 -0.0666952 -0.1797202 -0.0118539 0.1422614 0.0231545 -0.1878445 -0.1962592 -0.1416805 0.0462206 -0.1345846 -0.4276821 -0.2735914 -0.2396182 0.1830923 -0.2094424 -0.0591562 -0.1335355 -0.2926236 -0.1620596 0.1024610 -0.0960960 0.1095074 0.1667521 -0.4325664 -0.2502006 -0.0837044 -0.3103348 -0.1217371 -0.3351502 -0.2250558 -0.0886878 -0.1558212 -0.2795108 0.4832738 -0.1039923 -0.1626453 0.0451315 -0.1218952 0.6639230 0.0883014 -0.1030802 -0.0968905 0.1496123 0.0443930 -0.4575999 -0.0376784 0.7225193 -0.1514889 0.0042285 0.0410294 0.3380170 0.3095399 0.2004773 0.0670625 0.2434308 -0.1068704 0.3464139 -0.0012920 0.1072437 0.0732170 0.2097240 0.4300167 0.2991715 0.0146926 0.2246956 0.2477020 0.3911175 0.1059691 0.1242042 -0.0787594 0.3611519 0.0820435 0.1925230 0.2786186 0.1795955 0.1719858 0.3071881 0.1913236 -0.0623375 0.1245186 0.1984474 0.1595209 0.1703606 -0.1605681 0.1039572 0.1985008 0.1477668 0.4378428 0.1736420 0.3247361 -0.0260165 -0.0422191 0.0618304 0.2101162 0.2427364 0.3480247 0.3446685 0.4216370 0.4853505 0.3888654 0.2030397 0.0546530 0.3164165 0.2739323 0.0695605 0.0336722 0.1733845 0.1913736 0.1460837 0.3633248 0.1925660 0.1431422 0.0296449 0.2458690 0.2412486 0.4094097 0.1649722 0.1785500 0.2453077 -0.0292736 0.0590858 0.0755361 0.2037349 0.6396883 0.4571575 -0.1250289 -0.0914789 -0.1500341 -0.0741105
0.1591893 0.8203288 0.3076644 0.0000000 0.4908180 0.5921618 0.4613729 0.9128888 0.2953187 0.1065995 0.8304452 0.4463822 0.7582460 0.1391753 0.5076432 0.8188278 0.3510011 0.0461783 0.8620513 0.0861629 0.7444918 0.3459295 0.6873454 0.3958346 0.7559908 0.7599647 -0.1307709 -0.1810026 0.8410232 -0.2606021 0.5169621 0.6833294 0.3525714 0.5783009 0.7511321 0.7121596 0.6667225 0.6796007 0.4293516 0.0422829 0.5708683 0.7582393 0.6415144 0.1154465 0.1410178 0.7539106 0.7576311 0.3930177 0.4237969 0.2451593 0.7807633 0.4832159 0.6009901 0.7797919 0.2755371 0.6412400 0.7413797 0.6924567 0.5323291 0.6156592 0.6171937 0.7423412 0.5368589 0.8033067 0.7499983 0.6359899 0.7073976 0.8005276 0.6360423 0.7830334 0.6949087 0.7813131 0.7521446 0.8361742 0.6480130 0.7417497 0.8004732 0.7823434 0.7437827 0.7455478 0.6632751 0.2558716 0.2347244 0.2648719 0.0494756 0.0132350 0.1787132 -0.4045308 -0.0871107 0.1778338 0.1883148 0.5202727 0.3976991 -0.2548207 0.1946666 0.4857106 0.5151289 0.5745435 -0.3025228 0.1949006 0.1485457 0.4931177 0.1486070 0.0333653 0.5265254 0.4042695 0.2232973 0.3023647 0.3826264 0.2971040 0.3533095 0.3817163 -0.4095081 -0.1166845 0.0638545 -0.3513945 -0.0549833 0.1326480 0.2082137 0.5300810 0.2220703 0.1416500 0.4393456 0.4177748 0.5477540 0.7037862 0.2723306 0.0749224 0.5607934 0.0458397 -0.0094332 0.4819848 0.1479764 -0.2228303 0.4319905 -0.0782395 0.0723583 0.5403784 0.1527447 0.7602118 0.1380782 0.6526826 0.4783936 0.0810582 0.2446836 -0.3880454 0.2960226 0.3911031 0.0441808 0.6531837 0.6249334 0.1206589 0.4386193 -0.2668598 0.2307916 -0.0862729 0.3436529 0.4994459 0.5498101 0.6452529 0.3764089 0.7245502 -0.2246619 0.7211744 0.2358782 0.0746245 -0.1843868 0.0284709 0.5245897 0.6811966 0.0152109 0.2217405 0.0071620 -0.5291257 0.2455268 0.2133686 0.4492871 -0.3345178 0.7725769 0.3294780 -0.1867918 0.6410551 0.5510138 0.4020455 0.3506709 0.7614479 0.5981448 0.3023337 0.7779834 0.7604294 0.7924396 0.8271705 0.7276671 0.5458584 0.6297554 0.7413995 0.7408059 0.8692681 0.4921328 0.7815657 0.0165198 -0.5412354 -0.2665376 0.2476459 -0.0220433 0.5392950 0.7081464 0.4795411 -0.1471533 -0.1844862 -0.1128845 0.3859626 0.5591711 0.6881312 0.3012642 0.5451269 0.1838905 0.0414391
-0.0740050 0.3015688 0.5622257 0.4908180 0.0000000 0.3522472 0.4086266 0.6866095 0.2625069 0.3788548 0.6776780 0.2880617 0.7633200 0.0176911 0.1682230 0.6837917 0.4395688 -0.4285533 0.5766705 0.4347346 0.5800733 0.2039141 0.5042476 -0.0193839 0.4367976 0.6302020 0.0375989 -0.4003928 0.5647079 -0.3137204 0.2551861 0.5551098 0.0741551 0.1615362 0.5612290 0.6410876 0.5143988 0.5599069 0.3598746 -0.0179740 0.4895634 0.5094578 0.4424077 0.1538891 -0.0169832 0.4438576 0.3403448 0.4561366 0.2315862 0.2117547 0.3566067 0.3821427 0.2146171 0.5608479 0.3666763 0.3623561 0.3339446 0.5098167 0.4378950 0.2854998 0.4206337 0.4228550 0.6142620 0.5669076 0.1859067 0.4313201 0.3520196 0.5093486 0.4556136 0.5230678 0.5286896 0.6067430 0.5554075 0.6341960 0.6015830 0.5428877 0.6080173 0.6084279 0.5482782 0.7290701 0.4943639 0.1127496 0.3228206 0.1949823 0.2380360 0.0014212 -0.1498291 0.0498849 -0.0830843 0.1094059 -0.2992106 0.2511044 0.4333962 -0.0326530 -0.0636144 0.1498938 0.3342630 0.2832698 -0.3507492 0.0832427 -0.0523686 -0.0694264 0.2713228 0.0797051 0.2331499 0.3019539 0.0753894 0.1307228 0.2790447 0.0699552 0.0781924 0.2644607 -0.4046404 -0.0807630 0.0772643 -0.2132976 0.1412781 -0.1392165 0.0421284 0.2648112 -0.0124007 0.0073363 0.4542724 -0.0279312 -0.0283364 0.3151133 -0.0970405 0.2626304 0.2140731 -0.3603364 -0.2133099 0.2933715 0.0757711 -0.6880466 0.2120021 0.1705049 -0.3555040 0.2201078 0.0312608 0.3353294 0.3537999 0.3294077 0.5174937 -0.1575630 -0.1681484 -0.2076753 0.1585987 0.2811866 0.4628451 0.4254290 0.2566495 -0.1038986 0.2535222 0.2657911 0.5083006 0.0635248 0.3465184 0.2233586 0.5287185 0.2223404 0.4356204 0.3340684 -0.1453974 0.4702555 0.1783823 0.2853204 -0.0158218 0.5414533 0.4376454 0.2972303 0.3564459 0.4951767 -0.0597168 -0.1530411 0.2988017 0.2503658 0.0271567 -0.1127336 0.6219966 0.2382641 -0.3196023 0.2542528 0.3130983 0.2192519 0.3134724 0.4792108 0.5805636 0.7567885 0.7595500 0.5559214 0.3678467 0.6861335 0.4322330 0.0697751 0.2326149 0.2035351 0.4211508 0.4283425 0.5692260 0.3711439 -0.0213042 -0.2374522 -0.0745902 0.0967517 0.5379398 0.5295784 0.4765188 0.3536074 -0.2508300 0.0040928 -0.1584356 0.1788777 0.8245440 0.7981240 0.0160554 0.3500796 0.0712115 0.0739999
0.0125225 0.6234529 0.3288159 0.5921618 0.3522472 0.0000000 0.8491821 0.5906566 0.7909307 0.5600783 0.6635534 0.7997865 0.4761112 0.5019782 0.5610633 0.6993196 0.6966492 0.2927622 0.6654517 -0.2913657 0.5906340 -0.1078052 0.6928035 0.3802460 0.6774438 0.5340539 0.3525843 0.0954144 0.6494156 0.1597507 0.2867388 0.6430924 0.2256533 0.3852979 0.5447276 0.5162919 0.4947461 0.5962509 0.3999915 0.3031920 0.2464369 0.5429000 0.5444028 -0.1183337 0.4194158 0.6227009 0.4329617 0.2618982 0.1142386 0.4444396 0.5019573 0.5230187 0.4120521 0.7018425 0.4720327 0.5672018 0.5264009 0.3636101 0.7717506 0.5176634 0.7668360 0.7324622 0.4089951 0.6161464 0.5233874 0.4361836 0.7001741 0.6424633 0.3138599 0.7372925 0.6533371 0.6467200 0.7229202 0.6126826 0.3942418 0.6956062 0.6759873 0.4654459 0.5948288 0.4812932 0.4977325 0.3575926 0.3241058 0.3172950 0.2276509 -0.1804043 0.2243131 -0.0536743 -0.2289911 0.1718704 0.0489012 0.3058455 0.1724336 -0.0327584 0.0875860 0.1865096 0.1474321 0.5154345 -0.3606295 0.0563746 0.2066259 0.3826773 0.0956103 -0.0606016 0.2097646 0.1973418 0.2002253 0.2341610 0.3788767 0.3901706 0.2577675 0.6044024 -0.2206424 -0.0439265 0.1396303 -0.1786767 -0.0666511 0.0817063 -0.0076999 0.4479450 0.2108393 0.0528216 0.1496013 0.1743996 0.1373372 0.3587884 0.2242395 0.0913001 0.3813620 -0.1345285 -0.2245325 0.3262647 0.0624377 -0.0725501 0.2705062 0.2120111 -0.0023288 0.3622504 -0.0730401 0.5798107 0.2041932 0.6122362 0.3295002 0.0674101 0.0225061 0.0075712 0.0121538 0.0970093 0.0167499 0.4991624 0.5490470 0.2165024 0.2111845 -0.0726510 0.0382272 0.1070744 0.3655274 0.1855649 0.3439249 0.5084599 0.1138021 0.6528733 -0.0595234 0.5087571 0.2247766 0.0676131 0.0138419 0.0730421 0.2490097 0.6043238 -0.0994631 -0.0429974 -0.0741923 0.1630126 0.3834008 0.1301339 0.3356286 -0.1458430 0.3280205 0.0809389 -0.4132064 0.1578146 0.5433312 0.3803221 0.7032585 0.5763275 0.5779116 -0.0097099 0.6494752 0.5484835 0.5955481 0.4611798 0.4637413 0.4020345 0.4489760 0.5222035 0.3984779 0.4599708 0.4001272 0.4530270 -0.1427859 -0.4634758 -0.2414322 0.1540526 0.1943568 0.4349170 0.3882400 0.6493602 -0.2618337 -0.2928382 -0.1804616 0.2417338 0.5036920 0.4835620 0.0580147 0.4585772 -0.0560523 -0.1470696
-0.0606539 0.4903057 0.3624223 0.4613729 0.4086266 0.8491821 0.0000000 0.4572789 0.7033386 0.3451322 0.5773335 0.6724821 0.3741204 0.4781199 0.4547416 0.6310895 0.5949664 0.3189829 0.5339830 -0.1832541 0.4489285 -0.1563861 0.6625315 0.3135647 0.5488038 0.4423505 0.3255255 -0.0395275 0.4935744 0.1393850 0.0828515 0.5299270 0.1573077 0.3085310 0.5357715 0.5243010 0.3797992 0.4912878 0.4372136 0.1651345 0.2059257 0.4621512 0.5592631 -0.0806985 0.2196505 0.5674967 0.4390408 0.3615486 0.1187679 0.3672607 0.4980915 0.4242188 0.2955441 0.5685859 0.3702891 0.5234016 0.4814191 0.2723448 0.6299841 0.5259475 0.5894749 0.6099219 0.4324595 0.4716340 0.2585293 0.4877576 0.6735188 0.4837822 0.2591051 0.6318341 0.6871177 0.5163511 0.6358905 0.4465152 0.2637187 0.5771585 0.5388438 0.4519777 0.4442204 0.2969660 0.2834234 0.5121583 0.3967856 0.3787690 0.2858313 -0.1431252 0.1621693 -0.0244814 -0.1124642 0.1691126 0.1909505 0.3678841 0.3804678 0.1407631 0.2174293 0.0874632 0.1336958 0.5912910 -0.3174332 0.1038081 0.2942534 0.4175006 0.1492506 -0.0440876 0.1049002 0.1633247 0.2086030 0.3492189 0.3989607 0.2493065 0.1114445 0.4208471 -0.3187367 -0.1970816 0.0185624 -0.2835527 -0.2374755 0.0337171 -0.0883601 0.3275262 0.1205127 -0.0491415 0.2328381 0.1360258 0.0735989 0.2085467 0.1120284 0.1858560 0.1856705 -0.0974448 -0.2463246 0.3670680 0.0602135 -0.1249296 0.3179870 0.2197737 -0.0401065 0.2168669 -0.1104072 0.5098969 0.2963153 0.5698780 0.4074506 0.1071257 -0.0070469 0.0348132 0.0544728 0.1831762 0.1378643 0.5141830 0.6004688 0.2137369 0.1944566 0.0617311 0.1361119 0.1382109 0.4527173 0.1676970 0.3111802 0.5199413 0.1676791 0.6136871 -0.0542183 0.5274896 0.2741657 0.1542839 0.0774689 0.1435664 0.3232302 0.5860484 0.0727488 0.0711563 -0.0681154 0.2388801 0.1473255 0.0650319 0.2534159 0.0039865 0.2977706 0.0670099 -0.2729703 0.3098502 0.5066212 0.4080807 0.6441525 0.3476138 0.4109614 -0.0553550 0.5027960 0.3463055 0.4831028 0.3319809 0.2957106 0.2771616 0.2815886 0.3453667 0.3239749 0.2963794 0.2848611 0.3522808 -0.0402725 -0.4924338 -0.3088112 0.0875480 0.1825600 0.2567009 0.4025545 0.6779820 -0.1224973 -0.3906729 -0.2778986 0.0996210 0.4293198 0.4929570 -0.0015457 0.4716656 0.0275492 -0.0291399
0.2142694 0.7483126 0.3257207 0.9128888 0.6866095 0.5906566 0.4572789 0.0000000 0.3160486 0.2263075 0.9068801 0.3976578 0.8933029 0.0996842 0.4454224 0.8869855 0.4155474 -0.2136851 0.9536553 0.1399559 0.7563112 0.4369859 0.6597427 0.2611017 0.8089113 0.8218601 -0.1312462 -0.3150410 0.8093339 -0.3809026 0.5472125 0.7858749 0.2954551 0.5301681 0.7874250 0.7834106 0.7321397 0.8319401 0.5446424 0.0053937 0.6888126 0.7510081 0.6918084 0.2631836 0.0771619 0.7791396 0.7152122 0.5307825 0.4876864 0.4045009 0.7314286 0.5710495 0.5559941 0.8536842 0.4364867 0.6898042 0.7041788 0.7680575 0.5602476 0.5474043 0.6113393 0.6965689 0.6799802 0.8184101 0.6019005 0.6621591 0.6409744 0.7993779 0.7134501 0.7598188 0.6968996 0.7918238 0.7453732 0.8428155 0.8103977 0.7430286 0.8182125 0.8040826 0.7696415 0.9181525 0.7491021 0.1109139 0.2322381 0.2999686 0.1367126 -0.0089245 0.0259639 -0.2503014 -0.1631451 0.1197831 -0.0601986 0.5219653 0.4717966 -0.2289355 0.0274341 0.5178798 0.5637367 0.5899181 -0.4583943 0.2876521 0.1409151 0.3847079 0.2323802 0.0934940 0.5277644 0.4930010 0.2261991 0.3363437 0.4442910 0.3016291 0.2570663 0.4717860 -0.4327019 -0.0741595 0.1376830 -0.3259031 0.0479973 0.1073869 0.1945496 0.5928284 0.2637558 0.3049352 0.4108566 0.2610435 0.4616274 0.7197445 0.2246287 0.0691304 0.5892261 -0.0880759 -0.0101880 0.4987368 0.1622022 -0.3713772 0.4737272 0.0134109 -0.0007097 0.5653222 0.1643056 0.7356172 0.3020318 0.6533517 0.6183816 -0.0103853 0.2145323 -0.3769671 0.3625628 0.4820564 0.2702870 0.6895249 0.5322413 0.0591586 0.4693487 -0.0472794 0.4329099 -0.0109676 0.4007141 0.5384652 0.6603738 0.5300941 0.5428767 0.7124265 -0.2400163 0.7221844 0.2831577 0.1744991 -0.1630804 0.2468865 0.4800327 0.6204714 0.1462665 0.3063330 -0.0621485 -0.5019783 0.4592086 0.3873794 0.2932063 -0.3942840 0.7880226 0.4163102 -0.3478613 0.5513650 0.5512927 0.3651450 0.3931494 0.7428940 0.7189778 0.5048595 0.8688722 0.7733557 0.8201755 0.9282021 0.8027632 0.5401679 0.6659921 0.7035271 0.7859040 0.8615449 0.6512977 0.7599658 -0.0725648 -0.5498623 -0.3037642 0.1928717 0.1696183 0.6737407 0.7394953 0.4814769 -0.3223572 -0.1590509 -0.2108984 0.4142374 0.6648687 0.7902643 0.2903954 0.5664060 0.1858419 0.0629258
-0.0405588 0.3112035 0.3353354 0.2953187 0.2625069 0.7909307 0.7033386 0.3160486 0.0000000 0.8197710 0.3899565 0.8601737 0.2525605 0.7699001 0.6878191 0.4734539 0.6322376 0.3076130 0.3537143 -0.4241514 0.5206679 -0.3300743 0.4746611 0.5135455 0.4506550 0.3584993 0.3795560 0.3849215 0.4607410 0.4990049 0.3474221 0.4634293 0.3758733 0.4312444 0.3393174 0.3089923 0.3709290 0.3159796 0.3341942 0.4604942 0.0994279 0.2508278 0.3205743 -0.0499484 0.5843334 0.3905891 0.1737933 0.0373377 0.2227045 0.3075871 0.2136836 0.3963566 0.4766993 0.5646839 0.5184543 0.3888290 0.2864150 0.4136428 0.5877729 0.3154868 0.6797567 0.5665817 0.3155718 0.5209859 0.4123350 0.2896683 0.4709342 0.5312894 0.0427106 0.6102060 0.4897676 0.5580739 0.5985537 0.4768719 0.2996383 0.5694484 0.5595803 0.3513200 0.4555463 0.1843254 0.0600588 0.5253325 0.4169711 0.2290152 0.2005096 -0.1792033 0.3801859 0.1462537 -0.2824902 0.2000709 0.1276873 0.2825439 0.0689990 -0.0000287 0.0905513 0.2676527 0.1764655 0.4248221 -0.2861556 -0.0467217 0.0884039 0.2979515 0.2404739 -0.0838966 0.3474266 0.2811813 0.1401782 0.1138897 0.1240814 0.3560263 0.4076486 0.4888526 0.1179257 0.2468439 0.4204053 0.1403490 0.2290248 0.2519712 0.1621368 0.1761139 0.1648336 -0.0769750 0.3432758 0.2109719 -0.0193569 0.0920496 0.2803428 0.3227510 0.2156183 -0.2039997 -0.1628085 0.3007056 0.2310174 -0.0617946 0.1681920 0.2663365 0.0359123 0.3700951 0.0938570 0.1593677 0.2140433 0.5047904 0.3403263 -0.3473195 0.0357904 -0.0364998 0.1627649 0.1625945 0.1875579 0.4485261 0.3050626 -0.1706641 0.3494388 -0.1040304 0.1724069 -0.1852432 0.1256629 0.0134414 0.1282699 0.1891555 -0.0316288 0.5783342 -0.3430221 0.2168641 0.3409996 -0.2711835 -0.2412163 -0.0077415 0.0930089 0.4941527 -0.1617321 0.0523880 -0.1492666 0.4590615 0.2662859 -0.0117586 0.2699132 -0.2198849 0.0158773 -0.3867645 -0.4846995 -0.0981987 0.2037167 0.0943733 0.4918718 0.4815334 0.3298845 -0.1099846 0.4556478 0.4153468 0.2467984 0.2439852 0.0522475 -0.1166082 -0.0827865 0.1177407 0.0811301 0.0402334 -0.0587605 0.2689955 -0.0384207 -0.3223033 -0.3155492 -0.2469491 0.3658957 0.1062758 0.2374713 0.4693071 -0.1131951 -0.4378910 -0.3493568 -0.2370244 0.3622922 0.1592373 -0.3055483 0.3226967 -0.3915153 -0.5117064
-0.0717704 0.0016482 0.3701549 0.1065995 0.3788548 0.5600783 0.3451322 0.2263075 0.8197710 0.0000000 0.2684131 0.6356418 0.2764159 0.5968732 0.3965137 0.3180611 0.6439526 -0.0190741 0.1982416 -0.2868989 0.4365836 -0.3011420 0.3217874 0.1846402 0.2394769 0.2989954 0.4444871 0.3297267 0.3365020 0.4554294 0.2824790 0.3797125 0.1303064 0.1206742 0.2002170 0.1465287 0.3831651 0.2331311 0.1601294 0.5718224 0.0987007 0.1350122 0.1489850 -0.0847803 0.6174170 0.2336118 -0.0161813 -0.0416060 0.0063862 0.3368654 0.0074454 0.3341944 0.2284622 0.4277568 0.5604976 0.2517963 0.1338471 0.3090954 0.5033001 0.1208757 0.5600875 0.4382188 0.3057850 0.4203953 0.3042189 0.1729167 0.2227901 0.4077697 0.0396605 0.4320437 0.2742468 0.4695316 0.4626442 0.4306260 0.3335462 0.4396102 0.4482812 0.2220041 0.3708487 0.2079868 0.0119329 0.3391371 0.4067023 0.1127664 0.1873618 -0.0675276 0.3364179 0.3424038 -0.1778369 0.2237660 -0.0804325 0.0611230 -0.0774305 -0.0739400 0.0690773 0.2360687 0.0768342 0.1286466 -0.1514942 -0.2283407 -0.1281850 -0.0724081 0.2135159 -0.0189865 0.2978778 0.3038810 0.0812343 -0.1007898 -0.0034543 0.2936712 0.4387263 0.4471173 0.2155501 0.3483367 0.4121405 0.2832161 0.5273652 0.1194646 0.2002940 0.0881048 0.1680850 -0.0620689 0.3245401 0.0540756 -0.2189564 0.0004996 0.2133394 0.3206012 0.0887100 -0.3528942 -0.1311646 0.1728800 0.2577493 -0.2445502 0.0394412 0.2741495 -0.0540764 0.2612951 0.2055259 -0.1145238 0.1728914 0.2353984 0.1960273 -0.4587757 -0.0545254 -0.0504541 0.1284276 0.0627702 0.2604764 0.2036654 -0.0093074 -0.2740980 0.3038697 -0.0009273 0.1898914 -0.2421278 -0.1134956 -0.0873288 0.0097332 -0.1217652 -0.1060194 0.2781018 -0.3178293 -0.0733249 0.3091771 -0.3057813 -0.2491726 0.1342435 -0.0451290 0.2029574 -0.0950697 0.1611857 -0.1528345 0.4842540 0.3434821 -0.1107363 0.0215767 -0.1096700 0.0122066 -0.3784083 -0.4680579 -0.3426288 -0.0245907 -0.0668565 0.3005559 0.5002707 0.3136071 0.1923714 0.4029450 0.3391929 0.0077025 0.1595134 -0.0782175 -0.3470697 -0.2453869 -0.0951811 -0.0973881 -0.1198111 -0.0542607 0.1007733 -0.0447746 0.0032275 -0.0917290 -0.2988361 0.4618205 0.1041553 0.1019725 0.2029508 -0.1220511 -0.1728626 -0.1846504 -0.2771428 0.3868172 0.0672447 -0.4528822 0.1464075 -0.5168477 -0.5859844
0.0732753 0.6634609 0.2305551 0.8304452 0.6776780 0.6635534 0.5773335 0.9068801 0.3899565 0.2684131 0.0000000 0.4157925 0.7931461 0.1006411 0.3617969 0.9713091 0.6497652 -0.2161572 0.8872523 0.1340572 0.7350418 0.4480608 0.8373389 0.1124861 0.7472826 0.8912924 0.0773427 -0.4038050 0.7949435 -0.3100696 0.4137871 0.7288647 0.0998478 0.3518795 0.7953374 0.8826317 0.7586244 0.8114664 0.5896826 0.1197302 0.7202714 0.8439992 0.7048836 0.1168694 0.1198838 0.7836504 0.7246073 0.6194962 0.2690383 0.4417279 0.7140138 0.6369765 0.4256202 0.8749948 0.3203922 0.6863702 0.7572980 0.6148017 0.6923836 0.6125549 0.7140852 0.7907975 0.5926057 0.8072967 0.5751198 0.6988873 0.7696907 0.7907720 0.7477013 0.8529999 0.8301325 0.8373364 0.8191854 0.8261418 0.7592468 0.8457882 0.8765814 0.8357487 0.8202084 0.8421486 0.7459975 0.0872021 0.2022067 0.4239322 0.3046369 0.1090503 -0.0491378 -0.0858369 -0.0137845 0.2169642 -0.0698339 0.5328849 0.5127571 -0.1134082 0.1367253 0.4258187 0.5021202 0.6597648 -0.3812214 0.3731302 0.2790158 0.4909933 0.3018380 0.0474035 0.4659140 0.4367681 0.4245736 0.5351203 0.6171453 0.4554054 0.2031378 0.6442278 -0.3198344 0.0617354 0.2143120 -0.2150715 0.0956532 0.2044632 0.2176751 0.7281954 0.3981359 0.3335521 0.3191176 0.3006889 0.4973152 0.7067827 0.3038615 0.0696113 0.5423455 -0.0862891 -0.0064828 0.5292025 0.2216082 -0.2727868 0.6030080 -0.0142090 -0.0156355 0.5883596 0.1697362 0.7445219 0.3542549 0.7640027 0.6924244 -0.0704531 0.1384888 -0.2826433 0.3669996 0.4881038 0.3487926 0.7783767 0.6208931 0.0198768 0.5431437 0.1293002 0.4489529 -0.0191020 0.6413409 0.5302108 0.7745488 0.5955013 0.5999626 0.7660579 -0.2318537 0.8372053 0.4040428 0.2856506 -0.0428032 0.4240284 0.6379483 0.7124308 0.3149302 0.4710689 -0.0167696 -0.2860051 0.3943087 0.3733514 0.1219599 -0.4330933 0.7020149 0.3851363 -0.5408760 0.5613832 0.6440617 0.4752063 0.5199507 0.7174577 0.6597961 0.3073016 0.8932745 0.7443601 0.8664809 0.8472603 0.6693409 0.4987808 0.6509512 0.6383310 0.6694861 0.7321438 0.6168382 0.6985501 -0.2538097 -0.5822883 -0.3662812 0.1059252 0.1904972 0.6675579 0.7090105 0.5143986 -0.4715966 -0.2600871 -0.2693536 0.3174014 0.6291766 0.8505234 0.1401026 0.5368829 0.0174135 -0.0705515
-0.1379962 0.5458313 0.4668362 0.4463822 0.2880617 0.7997865 0.6724821 0.3976578 0.8601737 0.6356418 0.4157925 0.0000000 0.2943785 0.5742887 0.8170453 0.5098931 0.5042590 0.4609803 0.4309378 -0.3737786 0.6752929 -0.2896469 0.4514624 0.6874491 0.5605550 0.3954192 0.1265172 0.2619031 0.6537889 0.2621671 0.4384707 0.4893897 0.4571752 0.5674508 0.2825363 0.4271092 0.3397472 0.3605680 0.0943538 0.1823974 0.0800840 0.4243871 0.1907844 -0.2816783 0.6272402 0.3817364 0.1731031 0.0549604 0.2180687 0.1085649 0.2094343 0.2489854 0.5810762 0.5771099 0.3987457 0.3193553 0.2814173 0.4326572 0.7131419 0.3088467 0.7924998 0.5583731 0.1666391 0.6016622 0.5703812 0.2422741 0.5047861 0.5996251 0.0557906 0.6903326 0.5195734 0.6158640 0.6507140 0.5707436 0.2619141 0.6429598 0.6372177 0.4227091 0.5819178 0.3148110 0.2208000 0.5097790 0.4958461 0.2343625 0.2519362 -0.2242741 0.3483398 0.0757457 -0.3345688 0.2574003 0.1133816 0.2853908 0.0401101 0.1446566 -0.0678521 0.1076013 0.1672802 0.3057633 -0.1582189 0.0648241 0.1157721 0.3330689 0.3419515 -0.0321638 0.2953418 0.1120119 0.0249698 0.0880996 0.0603878 0.2658115 0.4485070 0.4131415 -0.0255671 0.0987175 0.3685580 0.0484329 -0.0412481 0.2378551 0.1111782 0.1666769 -0.0510839 -0.3301422 0.3641201 0.3339546 -0.0050936 0.1829258 0.2174476 0.3284002 0.3623315 -0.1155999 -0.2239106 0.2543449 0.0676534 -0.1726530 0.0579432 0.3469098 -0.1046574 0.3492541 -0.1295809 0.3050828 0.2249023 0.5323707 0.2870898 -0.2530600 -0.1100938 0.0579796 -0.0656950 -0.0066286 0.0460750 0.4514512 0.3564651 -0.1523987 0.1601864 -0.1815751 0.1204426 -0.0297094 0.1627880 0.0087412 0.1793030 0.2794718 -0.0517778 0.5401191 -0.2192867 0.2997234 0.0532958 -0.1283162 -0.2241527 -0.1544418 0.1220503 0.4546756 -0.2880479 -0.1095277 -0.0868390 0.2884052 0.2804452 0.1589883 0.6234980 -0.2557918 0.1352642 -0.3656954 -0.3259072 0.0057555 0.4474933 0.2700875 0.6676334 0.5887971 0.5390859 -0.0031359 0.6002539 0.6203934 0.3509452 0.3886549 0.2384860 0.0473372 0.1197196 0.2832988 0.2354073 0.3064647 0.0761997 0.3604757 -0.1535072 -0.3600707 -0.1443159 -0.0576023 0.3123484 0.1836546 0.1669897 0.4274383 -0.2419081 -0.3360999 -0.1751357 -0.0969464 0.4399852 0.2957178 -0.1624377 0.1786340 -0.3032469 -0.4347852
0.2860617 0.5707779 0.4547588 0.7582460 0.7633200 0.4761112 0.3741204 0.8933029 0.2525605 0.2764159 0.7931461 0.2943785 0.0000000 0.1140106 0.3260899 0.8190647 0.3484267 -0.3075229 0.8755882 0.3529325 0.7455224 0.3540454 0.5435649 0.1191559 0.7595260 0.7232881 -0.1285388 -0.3653891 0.7692510 -0.4264431 0.5563179 0.8050054 0.1459350 0.3405232 0.6990886 0.6986016 0.6720475 0.8036461 0.4877338 -0.0553172 0.7211129 0.6838505 0.6083357 0.2489634 -0.1091943 0.7340859 0.6430641 0.5815002 0.4027386 0.3492633 0.6613631 0.3855304 0.3690832 0.6972319 0.6342229 0.7157027 0.6375026 0.6919847 0.4637101 0.4627243 0.4069564 0.5280306 0.8026558 0.6781202 0.4108926 0.7285465 0.5480294 0.6236397 0.7219833 0.5936615 0.6510366 0.6608023 0.6226856 0.7572198 0.8154479 0.6148076 0.6385147 0.6873829 0.6789456 0.8426480 0.6839194 0.0813770 0.2904455 0.2558890 0.1187940 -0.0087007 0.0866827 -0.2520429 -0.1073660 0.1385376 -0.2070152 0.4692033 0.6542072 -0.3083323 0.0374969 0.4524759 0.5642136 0.5856443 -0.3048866 0.0702633 0.0583870 0.2269646 0.3117642 0.0746913 0.4719552 0.4993105 0.1525255 0.3176787 0.5002433 0.2743746 0.2860086 0.4687746 -0.3606869 -0.0402534 0.0644719 -0.2848212 0.1524490 -0.0218437 0.2066316 0.5252156 0.3052829 0.3460153 0.5324735 0.1629618 0.3818497 0.6538820 0.2868252 0.2715559 0.5984850 0.0339759 0.1289298 0.5528958 0.2871049 -0.3415673 0.4060227 0.1837413 0.0544952 0.5554981 0.3045608 0.6758478 0.4166169 0.5938180 0.5710050 0.0657950 0.2552648 -0.2478722 0.4009986 0.4966576 0.4120809 0.6610084 0.5583660 0.1302127 0.4545077 0.1629388 0.5480829 0.0547158 0.3552244 0.4976013 0.5934627 0.5234764 0.6492417 0.6727769 -0.0827640 0.6574143 0.3935033 0.2236755 -0.0460300 0.4416024 0.5857900 0.6234298 0.3217773 0.4933606 0.0764637 -0.3350075 0.4232294 0.3376534 0.3007138 -0.1832476 0.8485237 0.4789822 -0.3810430 0.4254743 0.4182029 0.2614028 0.2896309 0.6179330 0.6576035 0.7135035 0.7731495 0.5776511 0.6994132 0.7791599 0.7427073 0.4563942 0.5540964 0.5779522 0.6852395 0.6803131 0.6532328 0.6789634 0.0297682 -0.4543252 -0.2067260 0.1831683 0.4097086 0.7147128 0.7309869 0.4860597 -0.3136247 -0.1165829 -0.2049328 0.4182226 0.7587480 0.7149669 0.2230343 0.5553402 0.2141216 0.0881879
0.2077111 0.2468201 -0.0362812 0.1391753 0.0176911 0.5019782 0.4781199 0.0996842 0.7699001 0.5968732 0.1006411 0.5742887 0.1140106 0.0000000 0.7019864 0.1993396 0.3655973 0.5105996 0.1157497 -0.4335082 0.2992881 -0.4397976 0.2428586 0.6317975 0.2215636 0.1832219 0.3962476 0.6905192 0.2947687 0.7673632 0.4917900 0.2858204 0.5718834 0.5026126 0.2899349 -0.0890027 0.2586438 0.1345408 0.4205029 0.4199206 0.0465128 -0.1123231 0.3148560 0.1991525 0.2817511 0.3590570 0.2744571 -0.1436850 0.4125480 0.2534999 0.2995591 0.3210031 0.5464139 0.4113721 0.5622235 0.4375148 0.3023077 0.4652497 0.1543949 0.4010084 0.3213752 0.4291109 0.3973267 0.4381977 0.3015114 0.2311280 0.4117136 0.4737895 -0.1833345 0.4368866 0.3189998 0.3965451 0.4570805 0.3349024 0.1568449 0.4241250 0.3290391 0.1794303 0.3508578 -0.0987846 -0.1803902 0.5482350 0.2005341 0.0393233 0.0235674 -0.2031705 0.5818012 -0.0378821 -0.2558559 0.2148672 0.3677251 0.3658235 0.1750809 -0.1943627 0.3140836 0.4150537 0.3996665 0.4074567 -0.0395792 -0.0779138 0.1015402 0.2990485 0.0759264 -0.0617471 0.4279561 0.4079184 0.0392247 -0.0160199 -0.0568012 0.1329234 0.4622951 0.0929748 0.3840137 0.2545443 0.2601036 0.2431831 0.2671860 0.2315878 0.2709832 -0.0204415 0.1282050 -0.0378784 0.3745662 0.2566994 -0.0555704 -0.0914192 0.3401979 0.1111706 0.0979613 0.0215172 -0.0542466 0.1968907 0.2330233 0.2030191 -0.0267252 -0.1400698 0.1826089 0.3008876 0.1345864 -0.1301098 -0.0698240 0.2454153 0.1541781 -0.3731032 0.1712810 -0.2102337 0.1507199 0.0504484 0.0782804 0.2502582 0.0952961 -0.2570324 0.2840116 -0.3606331 -0.0009581 -0.4224206 -0.1273395 -0.1119259 0.0626008 0.0363906 -0.0672609 0.4548819 -0.4213592 0.0465801 0.2800677 -0.5196806 -0.3460649 0.0384897 0.1379356 0.4158515 -0.2285199 0.0113623 -0.0258195 0.4011944 -0.1537518 -0.3933509 0.2326247 0.0319195 -0.0017439 -0.3666040 -0.1964897 -0.2033543 -0.1896672 -0.3073924 0.0142381 0.2235299 -0.0682326 -0.1425631 0.1578254 0.2144306 0.0202044 -0.0364340 -0.1232707 -0.3070328 -0.2976904 -0.1291679 -0.1607643 -0.0685588 -0.3666046 0.0700985 0.2786552 -0.2365521 -0.3049880 -0.3157674 0.2889454 -0.0058484 0.1260158 0.5029721 0.2258114 -0.4253585 -0.3005337 -0.3500568 0.1361503 -0.2306450 -0.1615105 0.5799234 -0.1630560 -0.4014884
0.1111529 0.6674743 0.1484523 0.5076432 0.1682230 0.5610633 0.4547416 0.4454224 0.6878191 0.3965137 0.3617969 0.8170453 0.3260899 0.7019864 0.0000000 0.4652110 0.2499720 0.4890417 0.4465064 -0.3502154 0.6721656 -0.1733031 0.3196487 0.9282361 0.5632906 0.4328209 -0.0533850 0.4145711 0.6714439 0.3137319 0.7494850 0.4754623 0.8114928 0.8739568 0.3792105 0.3336464 0.3779094 0.3648444 0.3006814 0.0328320 0.1955998 0.2647880 0.2902491 0.0715907 0.3512924 0.4632205 0.3801140 0.0117485 0.6481811 0.0641591 0.3786819 0.2988701 0.8828413 0.6415140 0.4237475 0.4359542 0.3867432 0.7275503 0.3949796 0.4230203 0.6032741 0.5091227 0.2666811 0.7155929 0.6227767 0.2712881 0.5164549 0.7087908 0.0109776 0.6805749 0.4786830 0.6445329 0.6249765 0.6113715 0.3223211 0.6554506 0.6335417 0.4636903 0.6523842 0.3088159 0.1674377 0.4209964 0.2509555 0.0868531 0.0704466 -0.2887887 0.3807529 -0.1683427 -0.4628932 0.1860053 0.2140257 0.4728258 0.1789223 -0.0539562 -0.0605134 0.3703589 0.5276713 0.4000533 -0.1674969 0.2416240 0.1275846 0.4621106 0.3095327 -0.0267432 0.5289031 0.2954153 -0.0487457 0.0799477 -0.0486740 0.1237821 0.4711730 0.1509924 0.1322809 0.1686526 0.3924551 0.1030333 -0.0139141 0.3607134 0.2880863 0.1151334 -0.0598796 -0.1905416 0.4546306 0.4691015 0.1825025 0.2094811 0.3059756 0.1452287 0.4397445 0.0537321 -0.0771934 0.2544379 0.0963848 -0.0095549 0.0190545 -0.0118223 0.0208705 0.4778486 -0.0646250 0.2243989 0.0814981 0.4986225 0.3411671 -0.4019187 0.0751668 -0.2212410 0.0872379 0.0917547 0.0641054 0.4982844 0.2509119 -0.3463493 0.2535811 -0.4189203 0.1585321 -0.2554622 0.0859015 0.0611381 0.3132392 0.2318242 0.1031823 0.6098287 -0.4405775 0.3493494 0.0216760 -0.3050535 -0.4451738 -0.1351293 0.2181698 0.4926246 -0.3475612 -0.0926127 -0.0287547 -0.0011384 0.0812591 0.1007785 0.6824421 -0.3838914 0.2320977 -0.3079713 -0.2234375 0.0886393 0.2616473 0.0066382 0.3098615 0.5165029 0.3395112 0.0015742 0.5426709 0.6745478 0.3700746 0.4542385 0.2903141 0.0217590 0.0887570 0.2365548 0.2637106 0.4338934 -0.0809339 0.3845147 0.0333657 -0.4604050 -0.2785533 -0.1493312 0.2478954 0.1925029 0.2142052 0.4471577 -0.0952737 -0.3943120 -0.2570536 -0.1525796 0.3236308 0.1492323 0.0240636 0.4214979 -0.1001311 -0.3649559
0.1405418 0.6596162 0.2860829 0.8188278 0.6837917 0.6993196 0.6310895 0.8869855 0.4734539 0.3180611 0.9713091 0.5098931 0.8190647 0.1993396 0.4652110 0.0000000 0.6670287 -0.1555469 0.8839878 0.1915790 0.8294395 0.4056988 0.8385106 0.2053685 0.7467463 0.8893332 0.1104243 -0.3419106 0.8654061 -0.2522721 0.5107167 0.7290498 0.1562674 0.3881270 0.8125507 0.9069454 0.7671565 0.7985209 0.5921920 0.1009874 0.7186890 0.8388144 0.7034474 0.0943281 0.0896018 0.7757169 0.7283300 0.5926821 0.3014710 0.3876535 0.7219887 0.5985568 0.4607135 0.8856940 0.3915718 0.7012148 0.7624151 0.6549339 0.7354145 0.6350761 0.7256500 0.7975120 0.6061902 0.8412148 0.6011355 0.7120013 0.7993463 0.7932007 0.7398171 0.8716032 0.8488810 0.8657750 0.8391983 0.8671314 0.7305138 0.8743101 0.8820812 0.8290279 0.8422840 0.7901825 0.7182123 0.1732633 0.2549855 0.3890518 0.2724655 0.0910308 -0.0180567 -0.1310450 -0.0711282 0.1892672 -0.0990115 0.4944193 0.5637285 -0.1717652 0.1137799 0.3977755 0.4857142 0.6554614 -0.3917362 0.2954794 0.2071695 0.5079847 0.3558437 0.0064405 0.4514677 0.4416575 0.3917555 0.5194126 0.5366700 0.4619865 0.2518891 0.6303922 -0.2693157 0.0881747 0.2424992 -0.1938494 0.0781332 0.2069622 0.1987639 0.6433518 0.3152010 0.2339794 0.3628247 0.3111824 0.4519292 0.6700503 0.2820538 0.1054696 0.5339802 -0.0753249 -0.0403367 0.5225481 0.1920007 -0.2420430 0.5341108 0.0203864 -0.0480580 0.5627970 0.1341935 0.7344809 0.3526340 0.7670879 0.6657588 -0.0919877 0.0887145 -0.2773947 0.3113416 0.4330497 0.3423612 0.7843585 0.6534471 -0.0163572 0.5013095 0.0741722 0.4473041 -0.0196869 0.6107816 0.4168009 0.7215912 0.6130809 0.5552412 0.7926637 -0.2309424 0.8183997 0.3735511 0.2121683 -0.0858674 0.3712140 0.6440727 0.7333919 0.2263911 0.4365431 0.1144850 -0.2384640 0.3964146 0.4036929 0.2241540 -0.4486282 0.7249914 0.3553603 -0.5535428 0.5521674 0.6645337 0.4762596 0.5530118 0.7552089 0.6872834 0.3284982 0.9038007 0.7391288 0.8493608 0.8174053 0.6397523 0.4758762 0.5908534 0.6107872 0.6544515 0.6804355 0.5624582 0.7053633 -0.1614620 -0.5687304 -0.3254369 0.1130743 0.2345060 0.6653016 0.7270533 0.5410493 -0.4422903 -0.2389168 -0.2406908 0.2989384 0.6434689 0.8258726 0.1353385 0.5617269 -0.0131090 -0.1184623
-0.1385498 0.1564712 0.1357935 0.3510011 0.4395688 0.6966492 0.5949664 0.4155474 0.6322376 0.6439526 0.6497652 0.5042590 0.3484267 0.3655973 0.2499720 0.6670287 0.0000000 -0.0637952 0.4328809 -0.0653299 0.4840366 0.1358969 0.8572747 -0.0605409 0.3701496 0.7199809 0.7269159 -0.0493292 0.4874035 0.2683952 0.1724984 0.4906727 -0.1296969 -0.0540751 0.6231798 0.5053940 0.7310945 0.5396531 0.4337774 0.5460096 0.4452703 0.4493905 0.5624803 -0.1917941 0.3448972 0.5632032 0.4571883 0.4209267 -0.2258460 0.6046829 0.4594992 0.6883328 0.0879625 0.6544160 0.3643950 0.5293629 0.6182945 0.1917786 0.7187160 0.6307235 0.6946265 0.8292716 0.2863302 0.6152754 0.4426596 0.4916662 0.7346746 0.5999988 0.4440477 0.7296168 0.7040511 0.7055865 0.7723951 0.6403462 0.3633185 0.7657075 0.7197980 0.5201675 0.6529133 0.3187101 0.3350685 0.1545574 0.1837041 0.2908460 0.3329350 0.2018601 0.0564795 0.1513433 0.0518324 0.1656138 -0.0382478 0.1835027 0.1183703 -0.1362818 0.2658856 0.2356743 0.0493800 0.2620649 -0.1688353 -0.0219720 0.0137717 0.2677284 0.2450267 -0.1969496 0.2086819 0.3131173 0.4200186 0.3136453 0.3027512 0.4436399 0.1854800 0.5843705 0.1418858 0.3371751 0.3871038 0.2293131 0.3430450 0.2667500 0.2041364 0.4618177 0.3416672 0.0185982 0.1174917 0.2826673 0.1150538 0.1731430 0.1568414 -0.0781672 0.0606061 -0.2110383 -0.0993420 0.1916602 0.1835347 -0.2023545 0.3918276 -0.0593168 -0.0010256 0.2736713 0.1276001 0.2065122 0.1515051 0.4665205 0.3536307 -0.2523833 -0.0458375 -0.1017370 0.1108082 0.1232938 0.1977207 0.3998026 0.2639705 -0.1240662 0.3859303 0.0425819 0.1466694 -0.0801671 0.4266826 0.1110013 0.4277604 0.1946783 0.1105308 0.4100249 -0.2645648 0.3581066 0.3439798 0.0304976 -0.1070662 0.2967141 0.3361867 0.3694421 0.0981882 0.2627651 -0.0438050 0.1990326 0.2076139 -0.0397105 -0.1473353 -0.3136536 0.2615788 0.0213588 -0.6188328 0.0100869 0.2806753 0.1670314 0.4195659 0.6570142 0.3297430 -0.0205143 0.6123647 0.4047711 0.4004784 0.2811275 0.0183892 0.0025884 0.1104201 0.0856396 0.0221241 0.1681740 0.1600086 0.1879507 -0.1743353 -0.1045002 -0.1595021 -0.1572192 0.0735582 0.3073915 0.2731985 0.2923933 -0.2575476 -0.0729450 -0.1135134 -0.0666256 0.3020296 0.4558775 -0.2695335 0.3250144 -0.4849820 -0.4924547
