0.0000000 0.5940201 0.0692770 -0.1163458 0.1613771 -0.0286984 -0.4829206 0.0116337 -0.3724071 -0.3470928 -0.1357592 -0.3274973 0.0553680 -0.1116884 -0.3620843 0.1632253 0.0268310 -0.1835133 0.3088294 0.4374970 0.1779089 0.1523301 0.2996575 -0.4403527 0.2997862 0.2041314 0.1592818 -0.2857163 -0.2999963 0.0986394 0.1830307 0.2476509 -0.3483414 -0.3643571 0.1212159 -0.2460277 0.1171590 0.0918415 0.2608748 -0.1053709 -0.1968638 -0.3293541 0.4208117 -0.0542922 -0.4988553 0.0814757 -0.0008483 -0.1411443 -0.3746798 0.1181615 0.2566773 0.2599488 -0.4784530 0.1742485 0.0829880 0.1848809 -0.0569473 -0.0137496 -0.0487044 0.0610684 -0.2194676 0.2113012 -0.0166511 -0.4594407 -0.3894837 -0.1526906 0.0360774 0.0994982 0.3886461 0.1200526 0.2409079 -0.2927532 -0.0209409 -0.2476435 -0.2445462 -0.0700563 -0.0661980 0.0400639 -0.0912934 -0.0022636 0.0287323 0.2018662 0.1573407 0.3435319 0.1407971 0.3105258 -0.2932002 0.2161579 0.3229770 0.4564428 0.0025811 -0.0537839 0.2584140 0.5531982 0.3489951 0.1559080 0.0961113 0.1845007 -0.0504190 -0.0311005 0.3248211 0.2082148 0.2708646 0.0534576 0.0229967 -0.0434657 0.1782619 0.2566830 0.3876933 0.3289245 0.1174674 0.6563137 0.1682760 0.4666460 0.6080668 0.4646503 0.5756725 0.5461222 0.5115103 0.5268570 0.6687254 0.3810797 0.0561596 0.4125282 0.5699015 0.6710880 0.1104377 0.0080857 0.6006985 0.0292851 0.1634142 0.0322422 0.3041921 -0.1285668 0.0332683 0.0200758 0.1485011 0.3929515 0.2355947 0.5451922 0.1279820 0.3743337 0.1794689 0.3085973 0.3062935 0.0404636 0.2362800 0.2560573 0.1254632 0.3465058 0.4865110 0.4547217 0.2317102 0.1964332 0.3398821 0.3457532 0.3579758 0.3045986 0.2195130 0.3842713 0.3311201 0.3036235 0.2480793 0.3483359 0.2806767 0.2986318 0.2391002 0.1342007 0.0742052 0.2188320 0.2197173 0.1567083 0.6774360 0.5316813 0.2509857 0.2260780 0.1404683 0.1685870 0.1629800 0.0686752 0.0523305 -0.1617245 -0.4878912 -0.4921013 -0.1550412 -0.2376866 -0.0543812 -0.2657313 -0.0651103 -0.0933220 0.3366714 0.0856646 0.0480663 0.2272791 0.5008697 0.3233427 0.1187290 -0.0134133 0.1638186 0.5893707 -0.0818816 -0.6005893 -0.4407765 -0.4239827 0.0052580 -0.1027557 0.3951833 0.1671530 0.0101311 -0.2830907 -0.2717910 0.5156345 -0.1759122 0.1577395 0.3475019 0.4156493 -0.1483196 -0.3441828
0.5940201 0.0000000 0.0853895 0.2474695 0.1614912 0.3394160 0.0220624 0.2054554 0.1740990 -0.1092054 0.1702641 0.2077844 0.1423041 -0.1078569 0.0628795 0.4691846 0.2435062 -0.1471119 0.3956583 0.2773527 0.3271294 0.1360856 0.5232562 -0.1565513 0.2056280 0.2058739 -0.0804154 -0.2518163 -0.0819163 0.2862735 0.2028226 0.3298739 -0.3475181 -0.1968529 0.1143324 0.2392081 0.1619277 0.4137151 0.5492848 0.2574551 0.2235724 0.0486939 0.4298805 -0.2633386 -0.1798268 0.4769300 0.2712746 0.1812075 -0.3232199 0.5107428 0.2631457 0.0229452 -0.1407646 -0.0239102 0.4426783 0.5186184 0.1532955 0.0860154 0.0111887 0.1330703 0.0193720 -0.0156716 -0.2758836 -0.0072679 -0.1132698 0.0138377 -0.0468469 0.1244764 0.2697153 0.2975755 0.1253335 0.0030320 -0.0271536 0.0914647 -0.0164170 0.2225062 0.1108209 0.0911633 0.2394854 -0.0089937 -0.0229534 0.5885454 0.5407212 0.6711258 0.4227611 0.5431322 0.0305566 -0.0755601 0.4864874 0.1632888 0.3863432 0.2940113 0.4446350 0.0347414 0.3617411 0.4420588 0.5578547 0.6274436 0.0012798 0.0761204 0.2781007 0.5656195 0.6482426 -0.1990700 0.5409249 0.0952646 0.5562672 0.7057111 0.5957342 0.6933335 0.4701072 0.6164953 0.2956501 0.6925708 0.6720327 0.5608236 0.6187298 0.6143204 0.6273072 0.5040461 0.5275845 0.4784259 0.5844675 0.6408518 0.6394523 0.4028790 0.4944405 0.5474100 0.6617673 0.5391783 0.5569697 0.5522016 0.4012541 0.4607221 0.4481826 0.5138212 0.6110996 0.5681254 0.4823592 0.6911973 0.6195740 0.5646102 0.4518056 0.4413905 0.5713158 0.5763090 0.6023841 0.5305402 0.4941157 0.5824010 0.5429566 0.7536200 0.6797004 0.7090539 0.6231269 0.7020376 0.6822613 0.7408665 0.6336675 0.3157033 0.7196856 0.6874989 0.6706949 0.4981252 0.7282335 0.7105485 0.6324041 0.5310785 0.6133331 0.6352632 0.6785626 0.6421006 0.2798152 0.1698950 0.4761602 -0.0349489 -0.0387759 0.3356637 0.3938506 0.4828914 0.4268788 0.4373167 -0.0552746 0.1370436 0.0338830 -0.2015730 -0.1342375 -0.2971082 -0.2112232 -0.2317806 0.4832716 -0.2589520 -0.4441245 0.3904229 0.3457908 0.1987767 -0.2379230 -0.4560650 -0.1972264 0.3770899 0.2151296 -0.5530392 -0.0859397 -0.4459229 0.2982036 -0.1092556 0.5007005 0.1073005 0.3034860 -0.6916472 0.1443630 0.2535086 0.0401197 0.0052645 0.3701580 0.0131953 -0.2253251 -0.1816818
0.0692770 0.0853895 0.0000000 0.3189467 0.7996304 0.0710208 -0.2402000 0.7403050 -0.1034123 0.0485016 0.3478937 0.1051623 0.7597912 -0.0360326 0.2122160 0.4288884 0.3090449 0.0583600 0.4549327 0.5687577 0.3338111 0.3859900 0.4213891 -0.0176133 0.4379370 0.5151682 0.0522721 -0.1600709 0.1558700 -0.1252200 0.5842667 0.4943136 -0.2894535 -0.1983950 0.4730379 -0.0049099 0.5196796 0.5148628 0.0913405 -0.1714053 0.1580449 0.2997393 0.3139207 -0.2709163 0.4358323 0.2490009 0.4546867 0.2246507 -0.0957428 0.3063912 0.4168999 -0.3564247 0.0169858 0.2089983 0.5391262 0.4182437 0.4500117 0.5749345 0.7465772 0.3673283 0.7206505 0.4763282 0.5943509 0.4177585 0.2228523 0.1453569 0.4765530 0.6483104 0.3741722 0.6072109 0.4012049 0.5816749 0.6066813 0.4785201 0.2338484 0.6524078 0.7416610 0.6682544 0.6623876 0.1922266 0.8345410 0.0150462 0.1071463 -0.1077422 -0.1644303 -0.3588909 -0.2519627 -0.1518424 -0.2925908 -0.0012942 -0.3767825 -0.4253531 -0.0479486 -0.0963599 -0.4029491 -0.4605691 -0.2102877 0.1116903 -0.4728522 -0.2693026 -0.0591400 -0.0828788 -0.0549064 0.2890983 -0.2355831 -0.6133820 -0.2939135 -0.1143995 0.0099556 -0.2144109 -0.1428861 -0.2079353 -0.4800300 -0.2109071 -0.2262257 -0.2485029 -0.2270615 -0.0511738 -0.1623053 0.0580747 -0.0397738 -0.2217198 0.0250760 -0.0445804 0.1218797 0.0130225 -0.0309443 0.0964612 0.0805996 0.0588575 -0.0223048 0.2294841 -0.1448910 0.3818111 0.4244195 -0.1076698 0.0737314 0.1850071 -0.0750896 0.2659667 -0.1494268 0.3397685 0.4709550 0.3307098 0.0021748 -0.2656509 -0.0064467 0.0458098 0.2538814 0.3203327 0.2194040 -0.0882150 0.0009393 -0.1399058 -0.1277855 -0.0893208 0.1468866 -0.1169059 0.1779413 0.3123044 -0.1711174 0.1590739 -0.1296220 0.1593325 -0.0300978 -0.1905038 -0.2681269 -0.0004035 -0.2188266 0.0339209 -0.0886497 -0.0398418 -0.2452127 -0.1061234 -0.0721059 0.3556960 0.3855999 0.3714085 0.3946626 0.2159045 0.3175131 -0.0297231 0.3547512 0.1157596 0.7353303 0.4116436 0.6940048 0.4675840 0.5254930 0.5723300 0.2464833 0.1413997 -0.2132465 0.3511802 0.1194248 0.1499888 0.3958804 0.1120637 0.3729843 0.3098918 0.2456225 -0.1853129 0.0024888 0.0489431 0.0348775 0.4367511 0.3378937 -0.1735525 0.2360577 -0.0005113 -0.1102236 0.0434205 0.1660715 0.0364718 0.4984141 0.0077940 -0.0340238 -0.3313437
-0.1163458 0.2474695 0.3189467 0.0000000 -0.0263401 0.7109983 -0.1617519 0.6759636 0.3347131 0.7883456 0.9425136 0.5110819 0.5204069 0.5210663 0.6472807 0.8071567 0.7777787 0.4357488 0.3527961 0.3895764 0.6997927 0.4138572 0.5652529 0.4841775 0.1652157 0.3047159 0.4033786 0.2793172 0.7658751 0.2747852 0.3928651 0.1486290 0.0469494 0.3163332 0.5389489 0.7235751 0.3864777 0.5084190 0.4449435 0.3350843 0.0322607 0.6328167 0.5547912 -0.0726390 0.6947535 0.1525930 0.4617492 0.0976328 -0.0426885 0.6471079 0.4850000 0.3206596 0.3917129 0.5614586 0.5023707 0.3011419 0.3135943 0.7010136 0.1562474 0.3688899 0.5894188 0.6123140 -0.1332143 0.6560980 0.5746921 0.0839062 -0.0741036 0.6503677 -0.0150826 0.6677581 0.0695370 0.7012830 0.3881545 0.7473763 0.1529788 0.8145700 0.5145904 0.2724853 0.7111889 0.2140328 0.1486470 -0.1784375 -0.2764027 0.1025242 -0.2729899 -0.1293432 -0.2857950 -0.8135441 -0.0271492 -0.5491256 -0.0888593 -0.3407516 -0.1245945 -0.4542441 0.0130854 -0.0895380 -0.1681476 0.0427936 -0.3538737 -0.5910754 -0.4588883 -0.1356633 0.0224553 -0.0446098 -0.0271160 -0.2790908 -0.2009967 0.0399582 -0.1375692 -0.1765158 0.0589434 -0.1672215 -0.4091811 -0.0796268 -0.1311342 -0.0353387 -0.0066543 0.0054226 0.0495849 0.1031984 -0.0383429 -0.0209936 0.2276651 -0.0045595 0.2255396 -0.0393612 0.0093338 0.2556818 0.2017353 0.1282571 0.0495040 0.1958251 -0.2174160 0.2056545 0.0770861 0.1539060 0.0461468 0.0122817 -0.1056467 0.0015774 0.0797555 -0.0335417 0.1469398 -0.2205418 -0.1054880 0.0815164 0.0255785 0.0296377 0.0753770 0.0432378 0.0286335 -0.1609731 0.0881977 0.1415416 -0.0842197 -0.0704703 0.0464017 0.0623604 0.1426577 -0.0019192 0.0191079 0.1264798 0.1296801 0.0090059 0.1170823 0.0722625 -0.0195650 0.1023784 -0.0912976 -0.0051822 0.0646968 0.0535680 -0.0639652 -0.0933541 0.0025691 -0.1045462 -0.0580158 0.0569700 0.5267538 0.5261933 0.2607768 0.6344257 0.4795489 0.5815485 0.1960441 0.5361572 0.1285804 0.2087261 -0.0405339 0.0522981 0.0767077 -0.0140111 -0.4560478 0.0946507 0.0559994 0.0200986 -0.2482063 -0.3460557 -0.0799217 -0.0221851 0.2736510 -0.2363672 -0.1970065 -0.1824356 -0.0530815 0.3022960 0.1475193 0.0697477 0.5706787 -0.2836604 -0.1770993 -0.0632903 -0.1094173 0.1197024 0.2567844 0.1475233 -0.1771506 -0.2985796
0.1613771 0.1614912 0.7996304 -0.0263401 0.0000000 -0.2773893 -0.1974457 0.5088388 -0.3109754 -0.4143901 -0.0448028 -0.0050921 0.6902102 -0.4640614 -0.1104748 0.1758606 -0.0398646 -0.3019221 0.4817126 0.5614674 0.2824325 0.2596549 0.2394756 -0.4185728 0.4229154 0.4483874 -0.1287796 -0.5593856 -0.1950685 -0.3772776 0.6039326 0.3777247 -0.4915669 -0.4622225 0.3869538 -0.2092499 0.4265762 0.3710924 0.0197349 -0.2469984 0.0361379 -0.0401115 0.1357436 -0.4456366 0.1206808 0.2509914 0.3409817 0.0335719 -0.1383446 0.0731581 0.3833688 -0.4474715 -0.2040654 -0.0018288 0.4108255 0.4130054 0.3694345 0.2743236 0.7676712 0.3574972 0.5311017 0.2450436 0.6617963 0.1985339 0.0375261 0.0899247 0.5339290 0.3010837 0.5233713 0.3702482 0.4229749 0.4214523 0.4151974 0.3439749 0.2647358 0.3629437 0.6962087 0.6551838 0.4240088 0.2333419 0.8331411 0.0735251 0.1910241 -0.1452518 -0.0695725 -0.3854060 -0.1839233 0.1823404 -0.3708041 0.2333723 -0.5101945 -0.4548790 -0.1487939 -0.0329714 -0.5040093 -0.5492097 -0.1994235 0.0572191 -0.3817493 -0.1606108 -0.0015963 -0.1545967 -0.1525952 0.1411684 -0.2649613 -0.6243166 -0.3313291 -0.1745691 0.0346270 -0.1647539 -0.1555565 -0.1717507 -0.2709102 -0.1445084 -0.1054418 -0.2224326 -0.2072658 0.0773306 -0.1526847 0.1477038 0.0904751 -0.1309559 -0.1182668 0.1084387 0.2090559 0.0971235 -0.0123414 -0.0175417 0.1555562 0.1156809 0.0313926 0.1770029 0.0636971 0.4138453 0.4403301 -0.2072662 0.1402698 0.2231338 -0.0177643 0.3857837 -0.2291135 0.3822839 0.3492464 0.3305245 0.1097846 -0.3335597 0.0230504 0.0700846 0.2302627 0.2377756 0.1104005 0.0023569 0.0140467 -0.1476062 -0.1143906 -0.0224307 0.0804502 -0.0313145 0.0818159 0.2598173 -0.0950080 0.1328456 -0.2084100 0.0475209 0.0096736 -0.1064082 -0.2558847 0.0402434 -0.1954093 -0.0348956 -0.0197568 -0.0348040 -0.2568926 -0.1421546 0.1109506 0.4814346 0.5928116 0.5272213 0.4343701 0.2449032 0.4496292 -0.1536534 0.1704642 -0.0239702 0.7880381 0.2683869 0.7848751 0.4814340 0.6794808 0.6684197 0.2963682 0.3340006 0.0137192 0.3925354 0.2553777 0.2486152 0.4310779 0.2882290 0.5639501 0.3108983 0.1626727 -0.3111999 -0.0577858 0.0296957 0.0670351 0.2177726 0.2192458 -0.3624300 0.0952113 0.0553917 -0.1946546 0.2427718 0.1751594 -0.0959653 0.5617431 0.0003172 0.0633946 -0.2300524
-0.0286984 0.3394160 0.0710208 0.7109983 -0.2773893 0.0000000 0.3079050 0.2741957 0.7160232 0.7370208 0.7341331 0.6710766 0.0180026 0.6196748 0.8581835 0.5743855 0.5721342 0.2665582 -0.0286025 -0.0539311 0.4926361 0.0681269 0.3563387 0.6001016 -0.2275636 0.0000246 -0.0008131 0.6168110 0.7726657 0.5635689 -0.1148093 -0.0162030 0.2361194 0.5011040 0.1740113 0.8380297 0.0424317 0.1284786 0.4586011 0.6373762 0.3452894 0.7853738 0.2685752 0.4502811 0.5734786 -0.0124481 0.1266929 0.3359682 0.0624880 0.3141519 0.2071052 0.5260594 0.5143696 0.6474072 0.0729623 -0.0377053 0.0058767 0.5620935 -0.0605772 0.0550676 0.3551848 0.3286703 -0.3203805 0.4808666 0.5524017 0.1162480 -0.4930047 0.2714890 -0.2547787 0.2878414 -0.2261886 0.4374672 -0.1112613 0.5988749 -0.0211120 0.4573926 0.1667889 -0.2083244 0.3166896 0.2050747 -0.3356311 -0.2246804 -0.2827757 0.1428652 0.1068672 0.0012645 -0.1628039 -0.5808121 0.0319519 -0.5678568 0.1594150 0.0449017 -0.2107861 -0.3588174 0.0213120 0.0123077 -0.0774987 -0.0027714 -0.3084714 -0.2749141 -0.4860536 -0.0234432 0.0632863 -0.4290523 0.0038003 -0.2298288 0.1005449 0.1297038 -0.1143486 0.0751964 -0.0653388 -0.1057731 -0.2371989 -0.0835039 -0.1329019 -0.1295685 -0.0956558 -0.2226359 -0.0948734 -0.0696260 -0.2355371 -0.2575573 0.0920083 -0.1408223 0.0293086 -0.3404812 -0.1408885 0.0614199 -0.0335885 -0.1059672 -0.1431849 -0.0301817 -0.4899340 0.0683602 -0.1950185 0.0329177 -0.1222479 -0.2313329 -0.2702975 -0.0704958 0.2179933 -0.3100056 -0.1300152 -0.0065559 -0.2504651 0.1498248 -0.1414427 -0.2340793 -0.1912530 -0.1468241 0.0645622 -0.0405246 -0.0318223 0.1848265 -0.1222884 0.0488527 0.0872880 -0.0551677 0.0000294 -0.0622844 -0.0417202 0.0260716 0.1432873 0.0686558 0.0034176 0.0322866 0.0725709 -0.0409289 0.0379136 0.0762050 -0.0018638 -0.0428773 -0.1547249 -0.3127636 -0.1215976 -0.4452895 -0.4400336 -0.2362221 0.3396038 0.3700098 0.0842312 0.7831764 0.5814492 0.6220436 -0.0578426 0.5169365 -0.0643933 0.2163962 -0.2105207 -0.0907427 -0.0647658 -0.1681144 -0.4103337 -0.2095216 -0.2236483 -0.3497259 -0.6125288 -0.4027665 -0.3176712 -0.3195001 0.0521921 -0.1105436 -0.2317623 -0.4837287 0.3111939 0.0566555 -0.1279318 0.2556967 0.3132379 -0.2644723 -0.1165702 -0.2016496 0.1885437 0.3726533 0.0617844 -0.0085621 -0.0210707 0.0583932
-0.4829206 0.0220624 -0.2402000 -0.1617519 -0.1974457 0.3079050 0.0000000 -0.3579904 0.7114533 0.0567253 -0.1399218 0.6677545 -0.4331461 -0.0584829 0.4642904 -0.2681920 -0.2740588 -0.2329873 -0.5319729 -0.5906589 -0.1632325 -0.5602234 -0.3318259 0.2548033 -0.6379241 -0.5152760 -0.7491439 0.2828098 0.1300860 0.2323045 -0.6040001 -0.2625147 0.2061185 0.2977232 -0.5730844 0.3616359 -0.5400724 -0.2433139 -0.0356649 0.5682890 0.5827323 0.4251568 -0.6011255 0.4002165 0.2046392 -0.0781172 -0.3097879 0.4549575 0.2813823 -0.1847839 -0.4697501 -0.1366591 0.4569238 -0.1754747 -0.2444636 -0.2531161 -0.3145461 -0.1730859 0.0356750 -0.4218795 0.0291952 -0.6181095 -0.2069432 0.2214212 0.2629679 0.0495998 -0.5086698 -0.5155980 -0.4402711 -0.5002864 -0.5687724 -0.0002548 -0.5843427 0.0871246 -0.0227604 -0.2792896 -0.2344159 -0.5371211 -0.2649371 0.1270960 -0.3976925 0.1087212 0.1578803 0.0935962 0.6070081 0.1193646 0.5315659 0.0596565 0.0153538 -0.2277114 0.4192565 0.6164885 -0.1358289 -0.3719570 -0.1748322 0.1115342 0.3242442 0.0745884 0.1615389 0.4639654 -0.1877247 0.1681262 0.0360819 -0.6004614 0.2395957 0.1277701 0.4264858 0.1487515 0.0698996 0.2340844 0.0398564 -0.1501367 0.1824075 -0.1182150 -0.2049253 -0.2604084 -0.3121616 -0.3528180 -0.3150049 -0.2359581 -0.3946538 -0.3088257 0.1204389 -0.0817463 -0.2418318 -0.5700687 -0.0407207 0.0721801 -0.3397533 0.0176705 -0.0411264 0.0937656 -0.2827945 0.3074839 0.0648533 0.1153671 0.0693117 -0.2595347 -0.1418636 -0.0886160 0.3452769 -0.2617168 -0.2025778 0.2479973 -0.0479922 0.3038066 -0.0758647 -0.2030841 -0.1010765 -0.2282530 -0.1322353 0.1419196 -0.0235789 0.1907642 0.0421063 0.1538158 0.0513524 0.0145905 -0.0874586 -0.2472015 0.0394506 -0.0693346 0.0627811 -0.0197519 -0.0073890 0.0833468 0.1805016 -0.0188590 0.3250838 0.1314938 0.1201517 0.0938042 -0.4789497 -0.5645069 -0.0381008 -0.4103563 -0.3482267 -0.1069313 -0.0548685 0.0984831 0.0802342 0.4328032 0.5029352 0.4884784 0.0686603 0.0808210 -0.0409251 0.1998628 -0.0205185 -0.0008479 -0.0481755 -0.2249973 -0.1376384 -0.2049569 -0.4003693 -0.4313883 -0.4104405 -0.1874074 -0.2532133 -0.5465477 -0.0228385 0.2590423 0.2393575 -0.1436600 0.5070347 -0.2254033 -0.3430986 -0.0546982 -0.2060136 -0.0127091 0.2964618 -0.3110236 0.5636186 0.0847644 -0.2635245 -0.6663992 0.1106497 0.6042688
0.0116337 0.2054554 0.7403050 0.6759636 0.5088388 0.2741957 -0.3579904 0.0000000 -0.1299121 0.3159264 0.7115293 0.1825911 0.9073505 0.3676177 0.3752840 0.7854250 0.7338641 0.5025402 0.7432071 0.6854310 0.6373036 0.7627214 0.7322028 0.1676642 0.6252069 0.7859342 0.4029944 0.0290488 0.4412460 0.1449306 0.7785397 0.4957993 -0.1612690 -0.0537655 0.7277169 0.2409677 0.8029616 0.7139632 0.3380556 -0.1487323 -0.0533615 0.3420837 0.6120944 -0.3213430 0.5663224 0.3709253 0.7056361 -0.0084296 -0.1034241 0.6089862 0.6819812 -0.1028839 0.0552815 0.3320108 0.6580628 0.5446429 0.6711228 0.7165321 0.4767311 0.6554994 0.7768342 0.6698349 0.1852487 0.5206482 0.3176968 0.1902788 0.4814204 0.8994292 0.3447941 0.8708501 0.5930571 0.6549240 0.8174678 0.6234983 0.1206082 0.9438452 0.7456065 0.7131675 0.9676653 0.0825586 0.6709932 0.0950339 0.0708039 0.0617609 -0.4162596 -0.2825109 -0.5731367 -0.4411818 -0.2691114 -0.3448473 -0.3429716 -0.5029718 -0.0599156 -0.2450797 -0.1048997 -0.2791597 -0.2232474 0.2541212 -0.5031651 -0.5906876 -0.1522077 -0.0107579 0.1529845 0.3472300 -0.1165530 -0.5835413 -0.3441204 0.1088697 -0.1401968 -0.2615917 -0.1025267 -0.1998130 -0.6147617 -0.1096893 -0.1225374 -0.0579968 0.0416466 0.1626584 0.0848395 0.2612803 0.1447198 0.0205832 0.1683580 0.0408373 0.3968463 0.0527547 0.2329966 0.2319235 0.3202467 0.3441761 0.2465640 0.2987089 -0.0236923 0.4780628 0.3579924 0.0309139 0.1897567 0.2951499 0.0560880 0.1558130 -0.0253948 0.3288396 0.4377608 -0.0109366 -0.0133457 -0.0258073 0.1564856 0.1702677 0.2739744 0.3629687 0.2928250 -0.0896039 0.2397132 0.0647361 -0.0043550 -0.0469847 0.1766581 0.0954163 0.3349189 0.2452610 0.0831500 0.3664783 0.1260854 0.1313392 0.2257908 0.0374186 -0.1262812 0.1745426 -0.1180864 0.1307500 0.0976832 0.1583162 -0.1708523 -0.1271267 -0.2165632 0.1461805 0.2724236 0.3699136 0.5168715 0.4206685 0.4353951 0.1586307 0.2373770 0.2724523 0.5508142 0.4541942 0.4948923 0.2926118 0.1434444 0.2468306 0.2901100 -0.0508407 -0.5313482 0.4077738 0.1992556 0.2626350 0.1294613 -0.1323744 0.1530901 0.2561572 0.2601161 -0.4351065 -0.1929198 0.0599200 0.0188837 0.6578075 0.4416853 0.1012924 0.4815378 -0.2575269 -0.1586442 0.0852945 -0.0133979 0.2038760 0.7101066 0.2413776 -0.3122192 -0.6844914
-0.3724071 0.1740990 -0.1034123 0.3347131 -0.3109754 0.7160232 0.7114533 -0.1299121 0.0000000 0.5281012 0.3860978 0.7679040 -0.3333319 0.2471660 0.7346550 0.1894824 0.1266058 0.0280986 -0.3792189 -0.4005261 0.1047094 -0.3917106 -0.0050541 0.5104377 -0.4800542 -0.3933510 -0.5002450 0.4923039 0.4730415 0.3593003 -0.4330256 -0.0620604 0.2222838 0.4901333 -0.2594171 0.7830414 -0.3510252 0.0332573 0.1831667 0.7010992 0.7030353 0.6515417 -0.1487277 0.3604786 0.5217570 -0.0278302 -0.0275110 0.6613732 0.0699837 0.0557570 -0.1902653 0.2187307 0.6189057 0.1557356 -0.0199185 -0.1211063 -0.1535179 0.0255292 0.0247175 -0.2520641 0.2455953 -0.1727457 -0.2526193 0.3519973 0.4433300 0.1873500 -0.5813259 -0.1736914 -0.4103326 -0.1644592 -0.5158591 0.3146807 -0.4223141 0.4038812 0.1892557 0.0457175 -0.0197909 -0.3787494 -0.0355911 0.2398772 -0.4542273 -0.0373338 -0.0675332 0.2957538 0.5395909 0.2601041 0.3846418 -0.4174935 0.2541127 -0.3000073 0.5062202 0.4693411 -0.1234057 -0.3422873 0.0549048 0.2182415 0.1742521 0.1300234 0.0357980 0.2561699 -0.2759083 0.1786211 0.1230867 -0.5238201 0.2126067 0.1213977 0.4119272 0.1956541 0.1171511 0.2523734 0.1966950 -0.1650725 0.0173107 -0.0283475 -0.2343270 -0.2385803 -0.2998885 -0.4325550 -0.2720777 -0.4006793 -0.5423494 -0.4455099 0.1413574 -0.2300783 -0.2558113 -0.5782158 -0.1276583 0.0890289 -0.3047883 -0.0170811 -0.0767495 0.0262896 -0.4890131 0.1954616 -0.1295382 0.0686117 0.0135136 -0.2981192 -0.2093302 -0.2376649 0.2408599 -0.3592449 -0.1606435 0.0903292 -0.1200331 0.1869749 -0.1042386 -0.1963096 -0.1662801 -0.1622588 -0.1085385 0.0182441 -0.0393562 0.1423668 -0.0711561 0.0160553 0.1104730 -0.0339547 -0.0301164 -0.1869940 -0.0450288 -0.0260801 0.0282282 0.0339943 -0.0200450 -0.0473619 0.0489750 -0.0418480 0.2747337 0.1355335 0.0034174 0.0461301 -0.3703540 -0.5074969 0.0075773 -0.6058323 -0.5524189 -0.3664505 0.1096355 0.1659727 -0.0706413 0.7926976 0.7076867 0.8236623 0.0299717 0.3029034 -0.1083284 0.1947154 -0.0960281 -0.0849934 -0.2770667 -0.2684648 -0.3708172 -0.3851604 -0.5467021 -0.6410646 -0.7234151 -0.4359723 -0.4592150 -0.6306331 0.0925258 0.2891630 0.0972335 -0.4440949 0.5713208 -0.1055101 -0.2819387 0.2010349 0.0756319 -0.1781791 0.1238502 -0.5818882 0.4912967 0.0564013 -0.3426001 -0.4854004 0.1961801 0.4400916
-0.3470928 -0.1092054 0.0485016 0.7883456 -0.4143901 0.7370208 0.0567253 0.3159264 0.5281012 0.0000000 0.8102736 0.4760859 0.0972351 0.7650567 0.6894140 0.4997982 0.6467972 0.6037989 -0.0819454 -0.0519359 0.3820250 0.1802549 0.2185264 0.6749430 -0.0907321 0.0032633 0.3496608 0.6927041 0.8088527 0.4274592 -0.0594130 -0.0160608 0.3709443 0.5466125 0.2275478 0.7158868 0.0940170 0.1635877 0.2577802 0.3809248 0.0920112 0.6581361 0.2553340 0.3891925 0.7072216 -0.1667621 0.1788337 0.1696327 0.2183541 0.3153215 0.1125677 0.4627322 0.5169122 0.6068159 0.1187978 -0.1427377 0.0427190 0.5759080 -0.0628243 0.0033247 0.3870220 0.4053924 -0.3203216 0.5342301 0.5314124 0.0193489 -0.3752751 0.4143646 -0.3866289 0.3232439 -0.2268848 0.4266955 0.0931095 0.5053675 -0.0190228 0.4928614 0.1275474 -0.1282927 0.3613474 0.0332931 -0.1379400 -0.4007740 -0.4475542 0.0081630 -0.2284780 -0.1406785 -0.1698825 -0.8221554 -0.0603646 -0.6183688 0.0459478 -0.1319151 -0.1601057 -0.4519162 0.0667312 -0.0047582 -0.2102049 -0.1091703 -0.2424936 -0.3766743 -0.5330660 -0.1942327 -0.0972601 -0.0965180 -0.1132031 -0.0899970 -0.1789838 -0.0644970 -0.3147993 -0.1786312 -0.0679259 -0.2962281 -0.3701189 -0.2295198 -0.3611064 -0.1872257 -0.2069626 -0.3315746 -0.1464483 -0.1918388 -0.3544627 -0.2739117 0.0698448 -0.3727071 -0.1267832 -0.3311946 -0.2491039 0.0779935 -0.1839720 -0.2040691 -0.2662077 -0.0857498 -0.5357048 -0.1571956 -0.2512577 0.0634025 -0.2829414 -0.4106585 -0.3907306 -0.3407044 -0.0393533 -0.3880066 -0.0831995 -0.2630691 -0.4108053 0.0442933 -0.2994017 -0.2939634 -0.2162393 -0.2271511 -0.0480959 -0.3201146 -0.2263487 -0.0731546 -0.2966499 -0.1702998 -0.0648237 -0.2417537 -0.0522229 -0.0432467 -0.2520010 -0.1048764 -0.0240601 -0.0004147 -0.1611118 -0.1763493 -0.1835521 -0.2063648 -0.1870851 -0.0728235 -0.2188055 -0.1807631 -0.0273843 -0.1051750 -0.2071594 -0.2638462 -0.2777521 -0.2724410 0.1928992 0.2235290 -0.1125570 0.5241928 0.4862068 0.5320865 -0.0518818 0.4732947 -0.0463010 0.1825756 -0.1754173 -0.0697341 -0.1933983 -0.1412218 -0.2870739 -0.1973927 -0.2349958 -0.2187191 -0.3326447 -0.2238305 -0.2173804 -0.3339402 0.1878329 0.1121069 -0.1464460 -0.1051542 -0.0050366 0.3411739 -0.1461814 0.2557423 0.3498436 0.0140359 -0.1911931 -0.2982292 0.0393853 0.2743478 -0.1056312 0.1192961 0.0884418 -0.0100908
-0.1357592 0.1702641 0.3478937 0.9425136 -0.0448028 0.7341331 -0.1399218 0.7115293 0.3860978 0.8102736 0.0000000 0.4852515 0.4980702 0.6546223 0.7264546 0.8743456 0.8758504 0.5691340 0.4110311 0.3936444 0.6824868 0.4587597 0.6532452 0.4730281 0.2929676 0.4196648 0.4220442 0.3971260 0.7647289 0.4221533 0.3755527 0.3324934 0.0261681 0.2731515 0.6027089 0.7444282 0.4953097 0.5805283 0.5023213 0.3560135 0.1010589 0.6449691 0.6209787 0.0103964 0.7702280 0.1979446 0.5749377 0.1954971 -0.1028055 0.6291111 0.5695346 0.3843458 0.3347282 0.6001308 0.5151104 0.3061229 0.4246905 0.6794507 0.2017362 0.4477062 0.6602587 0.6586594 -0.1454182 0.5693267 0.4994264 0.2075031 -0.0170953 0.6903793 0.0521997 0.6991793 0.1941971 0.6881344 0.4265199 0.7818894 0.1996523 0.8485300 0.5728436 0.3142381 0.7524583 0.2548990 0.1458613 -0.1925964 -0.2959656 0.1304877 -0.2732398 -0.1194030 -0.3774745 -0.8129206 -0.0295811 -0.5352976 -0.0763686 -0.3027962 -0.1768255 -0.3482117 0.0828028 -0.0919465 -0.2566253 0.0992193 -0.4375372 -0.5373165 -0.4143933 -0.1097694 0.0692584 0.0743255 -0.1187584 -0.3650821 -0.2062185 0.0530904 -0.1716754 -0.1821858 0.0193673 -0.2062165 -0.5811985 -0.1472714 -0.2364513 -0.1580224 -0.0807424 -0.1132766 -0.0357213 0.0039389 -0.1283446 -0.1639569 0.1582781 -0.1807971 0.1861649 -0.1658321 -0.0206731 0.1805134 0.1092400 0.0913513 -0.0037183 0.1179628 -0.3443391 0.1830476 -0.0231611 0.0354402 -0.0317351 -0.0798898 -0.2004772 -0.0969811 -0.0161749 -0.0679415 0.1711542 -0.1490382 -0.2115865 0.0101876 -0.0552276 -0.0528856 -0.0248992 0.0912341 0.1548244 -0.2063344 0.0299559 0.0465875 -0.1430917 -0.1089036 0.1128110 -0.0170473 0.1476389 0.1244421 -0.0255507 0.1850933 0.0952553 0.1216003 0.1007349 -0.0122305 -0.1175736 0.0254702 -0.1273478 0.0687513 0.0050086 0.0175139 -0.1110520 -0.1514163 -0.2023315 -0.2591085 -0.1628976 0.0006077 0.5030082 0.4883986 0.2335920 0.6292729 0.5027628 0.6380860 0.2469249 0.5648491 0.2043258 0.3040605 -0.0457252 0.0289646 -0.0272587 -0.1167143 -0.5704994 0.0194829 -0.0815953 -0.1210886 -0.3547739 -0.4103411 -0.1378384 -0.1274032 0.1071984 -0.2649347 -0.2391505 -0.2512054 0.0767009 0.4358683 0.1272764 0.2277526 0.4441482 -0.3144784 -0.2525739 -0.2018841 -0.0418904 0.2616913 0.2921162 0.1328157 -0.1857697 -0.4047548
-0.3274973 0.2077844 0.1051623 0.5110819 -0.0050921 0.6710766 0.6677545 0.1825911 0.7679040 0.4760859 0.4852515 0.0000000 0.0979165 0.1691267 0.7790724 0.2977417 0.1918932 -0.0159262 -0.2043003 -0.0692242 0.5319044 -0.2230179 0.0670907 0.3741129 -0.4129334 -0.2512985 -0.4760231 0.2989472 0.6049152 0.2328797 -0.1690437 -0.1326216 0.0599915 0.3612813 -0.1116988 0.7975827 -0.2536207 0.1454096 0.2119716 0.7093250 0.4427882 0.7801205 -0.1518952 0.2720158 0.6847459 -0.1161941 -0.0066110 0.4069079 0.0849975 0.1687050 -0.0419480 0.1263999 0.6051594 0.2944640 0.1119224 -0.0543786 -0.1660178 0.2891785 0.3635701 -0.1489427 0.5699922 -0.0439799 -0.1329131 0.5662042 0.6387118 -0.0371878 -0.4778705 0.0057778 -0.3154516 -0.0189049 -0.4433801 0.5502286 -0.2315097 0.6411179 0.0373892 0.2966349 0.2403867 -0.2394216 0.2270791 0.3870773 -0.1201371 -0.1006853 -0.1391018 0.2171059 0.4132328 -0.0148229 0.2173643 -0.5029352 -0.0084292 -0.3648270 0.1891353 0.1811556 -0.3460746 -0.5444768 -0.1237028 -0.1182958 0.0252500 0.0074943 -0.0460946 -0.0294420 -0.4918467 -0.0660735 -0.0758737 -0.5791843 0.0112892 -0.2046727 0.1332692 0.0498897 0.0005815 0.0105045 0.0740801 -0.1887971 -0.1627899 -0.1649485 -0.2459297 -0.2958318 -0.3062866 -0.2447588 -0.2748874 0.0048112 -0.2545429 -0.3579488 0.0974343 -0.0473020 0.1163664 -0.4038680 -0.1542221 0.0821438 -0.0278086 0.0355797 -0.0554758 0.1265870 -0.4325351 0.4053544 0.0698058 -0.0001710 0.0446209 -0.2044437 -0.2894794 -0.0506447 0.2060147 -0.2902532 -0.1567302 0.0209570 -0.1371966 0.0917833 -0.1500138 -0.2282885 -0.1366127 -0.2497821 -0.1259925 -0.0523236 -0.0716385 0.1036085 -0.1130417 -0.0595579 0.0264013 -0.0263736 -0.1152258 -0.1699444 -0.0330542 -0.0699508 -0.0568473 -0.0464963 -0.0301541 -0.0045359 -0.0409224 -0.0633532 0.0725133 -0.0373767 0.0368572 -0.0033441 -0.3563025 -0.4953077 0.0724869 -0.2628168 -0.1122621 0.0479403 0.5087268 0.5128594 0.3212097 0.7906039 0.7945078 0.8083763 0.3819900 0.5610928 0.2678743 0.4387896 0.1725986 0.2738317 0.0997715 0.0191438 -0.3524147 -0.0652316 -0.1511444 -0.2651801 -0.4448474 -0.2551220 -0.0281825 -0.4312627 0.2524661 -0.0588169 -0.1321262 -0.3558858 0.4500902 0.0099387 -0.2103772 -0.0148745 0.2658206 -0.0839330 -0.0860299 -0.1670069 0.4486865 0.1176839 0.1005209 -0.4626743 0.0608165 0.2829227
0.0553680 0.1423041 0.7597912 0.5204069 0.6902102 0.0180026 -0.4331461 0.9073505 -0.3333319 0.0972351 0.4980702 0.0979165 0.0000000 0.0694544 0.1879754 0.5825088 0.4726784 0.2799547 0.6725909 0.7496098 0.6304160 0.7273177 0.5109299 -0.0013893 0.6059198 0.6873732 0.3561544 -0.2244206 0.2768234 -0.1973458 0.8531730 0.3714509 -0.2338792 -0.1726061 0.6790680 0.0433554 0.6778636 0.6020700 0.1530294 -0.2774418 -0.2575061 0.1318408 0.4419554 -0.4442858 0.4300595 0.2214144 0.5132570 -0.2113051 -0.0584132 0.4537060 0.5646675 -0.2563571 -0.0210229 0.2194706 0.5802320 0.4444488 0.4776859 0.6300032 0.5692700 0.5214358 0.7134422 0.5545776 0.3288135 0.5042796 0.3147856 -0.0792843 0.5595239 0.7566129 0.4073732 0.7434923 0.5528175 0.6193801 0.7905321 0.5546200 0.0739323 0.8072549 0.7694331 0.7535095 0.8391512 0.0440179 0.8076107 0.0484086 0.0369331 -0.0473210 -0.4653451 -0.4048233 -0.4894723 -0.3237657 -0.3688768 -0.1240178 -0.5378556 -0.6447509 -0.1568191 -0.2667513 -0.2482107 -0.4555619 -0.2811579 0.0882293 -0.4140403 -0.5758664 -0.1719403 -0.1645091 -0.0430770 0.3712824 -0.2034238 -0.6317191 -0.4693908 -0.0314593 -0.0919649 -0.2841209 -0.0780094 -0.1465523 -0.4711871 -0.0849858 -0.0426612 -0.0352460 0.0296676 0.2831431 0.1160829 0.4079036 0.2961796 0.1004539 0.0489736 0.2099143 0.4843469 0.2491106 0.1298672 0.1695925 0.4478309 0.3061442 0.2169775 0.3041560 0.0905219 0.4769379 0.4360194 -0.0222809 0.2209242 0.3450602 0.0836170 0.3110201 -0.1026603 0.4020417 0.3860778 0.0102615 0.0830944 -0.1782866 0.1317468 0.1757504 0.3156178 0.2869865 0.1643530 -0.0829335 0.1556909 -0.0069280 -0.0809777 -0.1109028 0.0722073 0.0559862 0.2050655 0.2249626 0.0017858 0.2242943 -0.0435870 0.0522699 0.1304727 -0.0375216 -0.1990398 0.1154086 -0.2416303 -0.0124906 0.0489326 0.0722246 -0.1329906 -0.0312132 -0.0272656 0.4378601 0.5956749 0.5798259 0.6088297 0.4763509 0.5649018 0.0252479 0.1243611 0.1063439 0.6666499 0.4577662 0.6455271 0.3602340 0.4061701 0.4964039 0.4376028 0.2485756 -0.2843479 0.5347226 0.4648812 0.5021094 0.3977396 0.1062915 0.3789056 0.4348021 0.3066649 -0.4462710 -0.1478104 0.2445100 -0.2006904 0.4877934 0.4795879 -0.2005080 0.4188590 -0.0714111 -0.1797263 0.3281370 -0.1403595 -0.0304482 0.7512837 0.2817128 -0.1063780 -0.5699674
-0.1116884 -0.1078569 -0.0360326 0.5210663 -0.4640614 0.6196748 -0.0584829 0.3676177 0.2471660 0.7650567 0.6546223 0.1691267 0.0694544 0.0000000 0.5605978 0.4854103 0.7061524 0.8517793 0.1230027 0.0071555 0.2534593 0.4505049 0.3562726 0.6213961 0.1325034 0.3134979 0.4519947 0.8513193 0.6962319 0.6375955 0.0166029 0.0880544 0.4964114 0.5018360 0.2965974 0.4145529 0.3333024 0.1188467 0.2427002 0.1059969 -0.0226211 0.4072970 0.3578350 0.5464980 0.4686615 -0.0847524 0.2403904 0.0007024 0.2752449 0.2237829 0.2461124 0.5509270 0.3088387 0.6000315 -0.0397110 -0.1515214 0.2089198 0.5498896 -0.2752317 0.1926425 0.2359550 0.4746523 -0.4409130 0.2806420 0.2960736 0.1326552 -0.2169169 0.5301051 -0.2691641 0.3559165 0.1024393 0.1593042 0.2308380 0.2474088 -0.2729295 0.4457283 -0.0477428 -0.1140765 0.3760046 -0.1674002 -0.2154376 -0.2540214 -0.3002658 0.0502852 -0.3234705 -0.1051266 -0.5542906 -0.4851399 -0.1391686 -0.6431048 0.0102525 -0.1106220 -0.1143070 -0.1185190 0.2149690 0.0667105 -0.2533404 0.0315858 -0.3303952 -0.3764088 -0.3207598 -0.0103776 0.1136702 0.0924779 -0.1186692 -0.1766587 -0.1624824 0.1093964 -0.3913934 -0.1900415 -0.2741831 -0.2314640 -0.4543763 -0.1857184 -0.2410080 -0.0731812 0.0143767 -0.2130087 -0.0150323 -0.0983108 -0.1780618 -0.1777343 -0.0476202 -0.3969543 -0.0181459 -0.2812886 -0.0548601 -0.0813188 -0.1107850 -0.1151026 -0.1262942 -0.2180137 -0.4322266 -0.1765998 -0.3537469 -0.0631310 -0.2839423 -0.2886591 -0.2686220 -0.3823586 -0.0130346 -0.3256705 -0.1299750 -0.2480958 -0.4316193 0.0990486 -0.2154690 -0.2524627 -0.2480298 -0.1065717 0.1816514 -0.2133076 -0.0895010 -0.0256861 -0.1812254 -0.1219181 -0.0158979 -0.2048023 0.0298788 0.0131557 -0.1300508 0.0588454 0.0925290 0.0440008 -0.0583603 -0.1404879 -0.1203166 -0.1330580 -0.1383002 0.0459476 -0.1775585 -0.0964479 0.0901470 -0.1235338 -0.6015293 -0.4155232 -0.3998216 -0.3670897 -0.0528096 -0.0294653 -0.2366089 0.1827795 0.1000192 0.2144941 -0.2620922 0.3244902 -0.1492023 0.0210358 -0.4647199 -0.3245868 -0.2132575 -0.3544827 -0.3794229 -0.2274396 -0.2495286 -0.1947156 -0.3602511 -0.2131566 -0.3432934 -0.2469323 -0.0406802 -0.0880312 -0.3427928 -0.1047039 0.1207048 0.5610943 -0.0399100 0.5841602 0.1939280 -0.0779893 -0.2190228 -0.2290807 0.0669982 0.6066384 0.1064073 0.3863881 -0.1250748 -0.3214762
-0.3620843 0.0628795 0.2122160 0.6472807 -0.1104748 0.8581835 0.4642904 0.3752840 0.7346550 0.6894140 0.7264546 0.7790724 0.1879754 0.5605978 0.0000000 0.5056229 0.4779084 0.3264306 -0.0503282 -0.0404503 0.4542295 0.0958021 0.2305045 0.7005853 -0.2038458 0.0222591 -0.1399922 0.6377747 0.8440696 0.3599480 -0.0364378 0.0047013 0.3439555 0.5846463 0.1817025 0.7881040 0.0543192 0.2007414 0.2139528 0.5436061 0.4021705 0.7777498 0.0801937 0.4112566 0.7877291 -0.0307634 0.1499905 0.3843466 0.2542559 0.2513782 0.1859222 0.3092977 0.6979778 0.5155309 0.0980754 -0.0664356 0.0582492 0.5540086 0.1466947 0.0840945 0.5681000 0.2709977 -0.1472578 0.7083744 0.7558778 0.1108785 -0.3571378 0.2916219 -0.2418420 0.2331476 -0.2015108 0.6558908 0.0160289 0.7529917 0.0510726 0.5171447 0.3422660 -0.0915373 0.4139657 0.2773547 -0.1660070 -0.2547013 -0.3074040 0.0049536 0.0601483 -0.1854796 -0.1291612 -0.5556915 -0.1700192 -0.6132088 0.0119485 -0.0304580 -0.4442349 -0.4632475 -0.2127871 -0.2160503 -0.2228503 -0.0725013 -0.3671381 -0.2079330 -0.5838010 -0.1050520 -0.0868726 -0.3228779 -0.1015986 -0.3988271 -0.0297651 0.0116868 -0.1811348 -0.1054223 -0.1393113 -0.3535565 -0.3712011 -0.2898711 -0.3615858 -0.3724426 -0.3455655 -0.3986655 -0.3162654 -0.1824281 -0.3834702 -0.4381330 -0.0586542 -0.2263454 -0.0638227 -0.4969783 -0.2008619 -0.0523590 -0.1435455 -0.0493650 -0.1339085 -0.0285426 -0.5778834 0.2915933 -0.1093473 -0.1177794 -0.0810648 -0.2617835 -0.3040111 -0.1716311 0.1086448 -0.3242499 -0.1923436 -0.0005448 -0.2715432 -0.0163372 -0.2006857 -0.2954804 -0.1973535 -0.2145546 -0.1081324 -0.1756041 -0.1249081 0.0449049 -0.2886673 -0.1985369 -0.0818159 -0.2059879 -0.1471381 -0.2003777 -0.2128872 -0.0989518 -0.1002034 -0.0856691 -0.1356901 -0.2015212 -0.1226750 -0.1090901 -0.0855403 -0.0576225 -0.1118868 -0.1137442 -0.4586676 -0.5833589 -0.3395745 -0.4776327 -0.3402302 -0.1668413 0.3442947 0.3495131 0.1660738 0.7324271 0.7034194 0.7609823 0.2117022 0.7222697 0.2109106 0.4999328 0.0512810 0.1616074 -0.1257020 -0.0385230 -0.4227478 -0.2529588 -0.3079655 -0.3999703 -0.5215779 -0.3064240 -0.2606643 -0.4241955 -0.0119220 0.0015399 -0.1093455 -0.2620363 0.3120973 0.1491334 -0.1233847 0.0766546 0.1536035 -0.1270915 -0.0587928 -0.3041243 0.2969001 0.2529181 0.0823243 -0.1549825 0.0672351 0.0761787
0.1632253 0.4691846 0.4288884 0.8071567 0.1758606 0.5743855 -0.2681920 0.7854250 0.1894824 0.4997982 0.8743456 0.2977417 0.5825088 0.4854103 0.5056229 0.0000000 0.9101139 0.4743085 0.7506697 0.6291019 0.6342677 0.5845914 0.9084474 0.1760908 0.5914138 0.6847782 0.4583799 0.1042506 0.4878349 0.4800808 0.5822202 0.6235376 -0.2357538 -0.0298111 0.7555884 0.5423090 0.7176725 0.8133582 0.6877123 0.2518924 0.1570296 0.4159512 0.8620502 -0.2315099 0.4927468 0.5461481 0.8041408 0.2310037 -0.2722320 0.7905086 0.8067822 0.3350771 0.0307253 0.4841319 0.7390767 0.6429905 0.6732860 0.6235449 0.2253289 0.6962116 0.5655389 0.6836944 -0.0484652 0.3972739 0.2105242 0.3879451 0.2196481 0.7346106 0.4342147 0.8414547 0.4993642 0.5799819 0.5116373 0.6819870 0.3349075 0.8751248 0.6687496 0.5337610 0.8305188 0.2572700 0.2882071 0.0889386 -0.0098842 0.3004090 -0.1866894 0.0382883 -0.4402392 -0.5704085 0.0833076 -0.3482243 -0.0406883 -0.2524554 0.0313465 -0.1026176 0.1634578 0.0309621 -0.0923091 0.3895263 -0.5253281 -0.4598443 -0.1584710 0.1211445 0.3262329 0.1893881 0.0285914 -0.4002548 -0.0611329 0.2642574 0.0577405 -0.0069316 0.1217524 0.0031491 -0.5563102 0.0558603 -0.0037368 -0.0120543 0.1350101 0.1204607 0.1585000 0.1212773 0.0974486 0.0194488 0.3121955 0.0131899 0.3730992 0.0507480 0.1982157 0.3007440 0.3175396 0.3018582 0.2185063 0.2742769 -0.0884358 0.3291254 0.1651225 0.1307535 0.1918469 0.1859710 0.0345180 0.1977241 0.0913076 0.2630628 0.4195990 0.1183365 0.0441722 0.1653430 0.2002899 0.1955211 0.1946626 0.4264424 0.4327633 0.1032422 0.2992339 0.2522928 0.1160026 0.1816591 0.3770750 0.2653101 0.4042025 0.3375301 0.2651731 0.5170954 0.3334135 0.3301849 0.4057733 0.2512703 0.1006503 0.2858299 0.0743785 0.3422443 0.2833598 0.2787200 0.0109894 -0.0651644 -0.1456776 -0.2508035 -0.1525198 0.1548092 0.4934289 0.5124812 0.3515064 0.5237180 0.2864345 0.4867610 0.2696081 0.3249086 0.2225378 0.1938529 -0.0676375 -0.0711002 0.0635969 -0.2363754 -0.6640445 0.1575671 0.0195056 -0.0490749 -0.3091721 -0.5168815 -0.1442208 0.1209393 -0.0095422 -0.5733173 -0.2906020 -0.3768318 0.1758579 0.4555121 0.3487437 0.2486488 0.3389207 -0.5904294 -0.2531625 -0.1269979 -0.0361583 0.2753173 0.4497346 0.2159263 -0.3597900 -0.6079863
0.0268310 0.2435062 0.3090449 0.7777787 -0.0398646 0.5721342 -0.2740588 0.7338641 0.1266058 0.6467972 0.8758504 0.1918932 0.4726784 0.7061524 0.4779084 0.9101139 0.0000000 0.6560984 0.6417078 0.4674121 0.5520415 0.6274635 0.8432394 0.2347764 0.5503379 0.6815772 0.6312790 0.2950940 0.5078311 0.6594495 0.4538187 0.5410829 -0.1316979 -0.0092397 0.7065851 0.5046747 0.7294887 0.6512124 0.7175574 0.2301144 0.0183961 0.4585681 0.7913592 -0.0611587 0.4905283 0.4114967 0.7328090 0.1019399 -0.2046731 0.7094183 0.6881441 0.3819439 -0.0423314 0.5519505 0.5862970 0.4570837 0.6417109 0.6785545 0.0788174 0.6283320 0.4774679 0.6460993 -0.1868511 0.3071865 0.1110034 0.3719972 0.1821469 0.7222159 0.2609280 0.8227754 0.4916271 0.3914108 0.4981512 0.5502702 0.2152340 0.8383954 0.5077907 0.4254553 0.7948226 0.0838825 0.2247234 -0.0327451 -0.1088088 0.1459960 -0.3878327 -0.0852390 -0.5154184 -0.6195061 -0.0533974 -0.5098517 -0.0695287 -0.2556185 0.0514257 -0.1937042 0.2028983 0.0516663 -0.1425765 0.2873226 -0.5210925 -0.5673086 -0.2137988 0.0135707 0.2653007 0.2539979 -0.0559811 -0.3567826 -0.1840952 0.1720705 -0.1883313 -0.1250902 -0.0233783 -0.0960147 -0.6672203 -0.0935962 -0.1517285 -0.0665384 0.0857899 0.0246808 0.1077087 0.0699697 0.0056495 -0.0062048 0.3041949 -0.1852587 0.2464919 -0.0829794 0.1410053 0.3026715 0.1469317 0.1467816 0.0555953 0.1688783 -0.1948313 0.1006541 0.0222964 0.1553472 -0.0315863 -0.0228261 -0.1254490 0.0176642 0.0178468 0.1136729 0.3949417 0.0049517 -0.1976917 0.2019106 0.0322395 0.0350338 0.0685565 0.3195394 0.4754354 -0.0584087 0.1624739 0.1500021 0.0412953 0.1862961 0.3378285 0.1294832 0.3850521 0.4018848 0.1752888 0.4610186 0.3707327 0.3602450 0.3141945 0.2216306 0.0453275 0.1440499 -0.0163826 0.3333849 0.1722741 0.1676509 0.0271109 0.0005202 -0.2836812 -0.2329346 -0.1959944 0.0889993 0.3680444 0.4400655 0.2499162 0.4002636 0.2323983 0.3707499 0.1238125 0.2479670 0.1135423 0.1284265 -0.2399666 -0.1999435 0.0314968 -0.3786413 -0.6262168 0.1680026 -0.0389182 -0.0194805 -0.2657229 -0.4525110 -0.1641494 0.0291735 -0.0395350 -0.4803666 -0.2780256 -0.2171690 0.0790773 0.5911841 0.2169780 0.3864333 0.3372120 -0.4512665 -0.2716866 -0.1532261 -0.0925339 0.4763020 0.4071257 0.2856005 -0.3785493 -0.6091267
