0.0000000 0.5456398 0.4304483 -0.2775512 0.0517390 -0.1203486 0.3290559 -0.2945621 -0.2614349 -0.3640105 -0.4256778 0.3756812 -0.2094963 -0.4064495 0.0720199 -0.3165663 -0.4005614 -0.1160490 -0.1576000 0.4505710 0.2783895 -0.2973431 -0.1908472 -0.0337000 -0.1227520 -0.1429759 -0.6392936 0.0757378 -0.1245583 -0.1851314 0.3057913 -0.0215409 -0.0310173 -0.1630204 -0.1375372 0.0645859 -0.2229095 -0.1251169 -0.3321337 -0.1427256 0.0089802 -0.2169524 -0.1562770 0.0182348 -0.3737720 -0.0388025 -0.2818336 -0.0419754 -0.0899942 0.3991531 -0.2038805 -0.2771543 -0.2173986 -0.3252791 -0.0009713 0.0117195 -0.2568999 -0.3462676 -0.4589909 -0.2533584 -0.4533647 -0.2592060 0.3930648 -0.4018670 -0.4291363 -0.2935903 -0.2622448 -0.3713125 -0.0487869 -0.2895360 -0.4725573 -0.2084740 -0.2213691 -0.3139973 -0.4153377 -0.1931292 -0.1302000 -0.2993808 -0.1751322 -0.0173621 0.0512158 0.4424629 0.4397933 0.4626244 0.1845855 0.2067509 -0.2829259 -0.4460615 0.2270979 0.3315855 0.2761629 0.2800188 0.4528042 -0.4146649 0.2208110 0.5805940 0.6409958 0.5734184 0.3559653 -0.4609372 0.4646664 0.3339049 0.3805527 -0.5554889 0.5573923 0.4010188 0.2150549 0.2245769 0.7203856 0.1628249 0.4178309 0.3047734 -0.1566647 -0.0941843 0.2680513 -0.0805522 -0.1083776 -0.1771620 -0.1397059 0.1874324 -0.2521390 -0.2057742 0.2161910 -0.2210711 -0.0424780 0.3648753 -0.3400787 0.3393429 0.1687227 -0.3422301 -0.2907194 -0.0250816 -0.2887840 -0.0134577 0.3543924 0.3141167 -0.1751356 0.1572738 0.0094909 0.4159237 -0.1396700 0.1680581 0.3517060 0.0632932 -0.0495182 -0.1745380 -0.0685497 -0.1136023 0.2146495 0.1892444 0.3037596 0.1710141 -0.1402868 -0.3303931 -0.0849739 0.3032750 0.2333271 0.0330385 0.2271456 0.2007566 -0.1415448 0.2397399 0.1893773 0.1845304 0.0981963 0.0582165 -0.4228981 -0.2021677 0.3348784 0.3839585 -0.5317753 0.2860576 0.5344158 0.5230783 0.4678995 0.4217831 0.5629809 -0.2923208 0.1588130 -0.1514603 -0.7193265 -0.2130867 -0.3881372 -0.3929925 -0.5727167 -0.4981348 -0.5865912 -0.1471986 0.3879405 0.3568228 0.4057516 0.4556581 0.6901872 0.5506401 0.4949077 0.4957377 0.3975265 0.2799537 -0.0296291 0.2269420 0.2075927 0.4745623 0.4257962 0.4898356 0.3123753 0.2085749 0.6307754 0.1073011 -0.3825687 0.4650229 0.3615450 0.4172598 0.3232122 -0.0266390 0.1017219 0.4361643 0.3075298 -0.3167525
0.5456398 0.0000000 0.6306126 -0.0013623 0.4285637 0.2772506 0.6523968 -0.0523248 0.1995621 -0.0644127 -0.1290277 0.6055168 0.1115591 -0.0499092 0.4131816 -0.1959795 -0.2224211 0.1082391 -0.2592051 0.2534378 0.1732257 -0.3342623 -0.0980005 0.2949076 -0.3207339 -0.2222003 -0.4223396 0.4921136 0.2548378 0.1113838 0.2239674 -0.0787257 0.3121853 0.2098049 -0.1816707 -0.0381641 -0.4483755 -0.2769160 -0.0633500 0.1773254 0.1797711 0.0924931 -0.0233975 0.3923586 -0.0450350 -0.1675808 -0.4043242 -0.1626583 0.2767217 0.3539866 -0.2772578 -0.1950415 0.1230081 0.0070511 -0.0106575 -0.0455205 -0.5122008 0.0846113 -0.1500021 -0.3470285 -0.2162382 -0.0672969 0.4100737 0.0174319 -0.0846438 -0.3392121 -0.4243196 -0.0872736 -0.1000105 -0.0810044 -0.3726830 0.1294953 -0.0400083 -0.0761535 -0.4930739 -0.0419499 0.0815593 -0.2949480 -0.0022735 0.1932254 -0.2871550 0.2092388 -0.0056299 -0.1648618 0.0373171 -0.2528759 -0.3478042 0.0448322 -0.0119618 0.2644501 -0.3663119 -0.2110745 -0.0558903 0.1118055 -0.1325503 0.2027640 0.0569167 0.0576784 0.1554637 -0.2249306 0.1829851 -0.0307791 -0.3089316 -0.1497839 -0.1450251 0.1295718 -0.0027682 -0.3743969 0.0701935 -0.2654798 -0.1688688 -0.2426053 -0.5590750 -0.1420393 0.1068091 -0.3025861 -0.0297454 -0.0804135 -0.1118057 -0.1238211 -0.0873879 -0.0028735 -0.1899588 -0.4546292 -0.2336366 -0.2668488 -0.1557274 -0.0255376 -0.3188777 -0.5024535 -0.5786320 -0.1550785 -0.3950528 -0.6205260 -0.1006054 -0.1269106 -0.4765711 -0.3820004 -0.4032488 -0.1428725 0.1874380 -0.5231231 -0.1900338 -0.4903812 -0.2955821 -0.4131167 -0.3628213 -0.3402485 0.0670525 -0.2601285 -0.1832456 -0.2739055 -0.4556191 0.0539969 -0.2574782 -0.1367336 -0.1970736 -0.2038763 -0.1292808 -0.2592169 0.0496753 -0.3960455 -0.1980876 -0.2146120 -0.1001078 0.0781945 -0.2788301 -0.3331329 -0.1045110 -0.2905641 -0.1598645 -0.0120356 0.6558645 0.7918542 0.8164616 0.6884869 0.3578683 0.3126348 -0.1014626 0.0399082 -0.1690708 -0.1213687 -0.1211581 -0.0964288 -0.1647042 -0.2880531 0.0045982 0.0829030 0.3214462 0.1947241 -0.1452646 0.1236478 0.3645879 -0.1089040 -0.1387205 -0.1987944 -0.2500249 0.3968227 -0.1273069 -0.4189957 0.0627787 0.4259118 -0.0587580 0.0641496 0.4762105 -0.2116246 0.0704773 0.0323478 -0.3188371 0.4041600 -0.0345207 -0.0852996 0.3771120 0.2824652 -0.2113442 0.2877730 -0.0114796 -0.5519091
0.4304483 0.6306126 0.0000000 0.1374492 0.7408570 0.3388997 0.6518947 0.1177492 0.2745428 0.1695977 -0.1650336 0.6283010 0.3385992 0.0283595 0.4274500 -0.4723284 -0.1126878 0.3102719 -0.6085790 0.6860466 0.1070450 -0.1939950 -0.2586712 0.4203967 -0.6318974 -0.4965359 -0.3406805 0.4948389 0.3364394 0.1241385 0.4022037 -0.2836813 0.4790275 0.3566193 -0.3807509 -0.1919637 -0.5134587 -0.4824304 -0.0577024 0.0213527 0.0196778 -0.0060038 -0.1042775 0.4100073 -0.0654383 -0.3629958 -0.5803766 -0.3454163 0.3871371 0.0544769 -0.4671870 -0.3068276 0.2051315 -0.2265251 -0.1327848 -0.3272409 -0.5771562 -0.0210197 -0.1470983 -0.5181584 -0.2400592 -0.2261011 0.5166413 -0.0688465 -0.0717630 -0.2335856 -0.6101513 -0.2604809 0.0015954 -0.2519592 -0.5266902 0.0712645 -0.2379134 -0.0729209 -0.5194069 -0.1604193 0.0840706 -0.3570093 -0.1092511 0.1890638 -0.2608018 -0.0729158 -0.2764010 -0.2918187 -0.4029142 -0.5436081 -0.4966655 -0.1957539 -0.3182515 -0.2600725 -0.0972044 -0.2951605 -0.0322240 0.2461345 -0.2073346 -0.0172011 0.1513184 0.0971439 -0.1027668 -0.5321854 -0.0517533 -0.3128033 -0.3647213 -0.2265366 -0.1397888 -0.2534608 -0.4383207 -0.5154922 0.2044018 -0.6124502 -0.0932202 -0.3516417 -0.6190628 -0.6064273 -0.3473484 -0.4593943 -0.5415840 -0.5563804 -0.5546858 -0.4470067 -0.5737293 -0.5422174 -0.3976931 -0.8879660 -0.0122624 0.0170699 -0.4767464 -0.0394647 0.0687936 -0.5937052 -0.3252400 -0.3441326 -0.3291697 -0.3597152 0.0836476 -0.1976625 -0.1077972 -0.0685124 -0.0319932 -0.1325249 -0.1845359 -0.3811572 -0.2788715 -0.1446028 0.0215746 -0.5627138 -0.2897916 -0.3900738 -0.1608059 -0.4252749 -0.2158078 -0.1481158 -0.6116469 -0.2073632 -0.4249309 -0.0727604 -0.3021803 -0.2549934 -0.3808194 -0.4204288 -0.3725629 -0.4180505 -0.2192870 -0.3798974 -0.4181811 0.0809998 -0.2420351 -0.5693432 -0.2915768 -0.2843996 -0.3789618 -0.3547278 0.3277412 0.5206120 0.6782443 0.6772913 0.2123365 0.1842485 -0.1708331 -0.1684797 -0.1328769 -0.2805214 -0.1230845 0.0415677 -0.1199424 -0.2398978 0.0314455 0.3609481 0.3119204 0.1759454 -0.3684680 0.0759581 0.4086015 -0.0163400 0.0896960 -0.0402192 0.0580611 0.4436172 -0.2757486 -0.0597697 0.1753829 0.0726756 0.0177031 0.2350872 0.4857127 -0.2666784 0.0957763 0.4435121 -0.2315862 0.0174142 -0.2542815 -0.0694130 0.1105256 -0.1912451 -0.4836872 0.0494966 0.3730709 -0.5024077
-0.2775512 -0.0013623 0.1374492 0.0000000 0.6822886 0.8076325 0.6080743 0.8318972 0.8019191 0.8001705 0.6834409 0.6386799 0.5822040 0.7582654 0.6674432 0.2507710 0.3746276 0.5306160 0.1545700 -0.3477218 0.4583414 0.3373056 -0.0177326 0.6596890 0.1791536 0.0931746 0.2280045 0.3994245 0.8293395 0.2772516 -0.1066168 0.2771994 0.6097246 0.7930829 -0.0096792 0.5593194 0.1886376 0.2250079 0.1867623 0.0235468 -0.2196612 0.8400238 0.0849947 0.5247195 0.7953219 0.2500702 0.1658073 -0.0326294 0.7064981 0.0570519 0.1254062 0.1337912 0.8349445 0.4038645 0.2375398 0.1201061 0.2024787 0.7810469 0.8225710 0.2460682 0.8117238 0.3397361 -0.0747864 0.8298207 0.8709984 0.2284866 0.2573738 0.6926630 0.0282082 0.6675299 0.3332589 0.7435597 0.6194601 0.8102051 0.3014010 0.6943310 0.7074636 0.4760781 0.7323195 0.6783612 0.1479762 -0.6710778 -0.6204765 -0.7476733 -0.6010352 -0.5483808 -0.3524030 0.0571368 -0.5465851 -0.4318881 -0.2832575 -0.5048541 -0.4872758 0.2660963 -0.2185819 -0.3972685 -0.1824043 -0.2714167 -0.1319840 -0.2160782 -0.2649864 -0.1803504 -0.6354994 0.2898956 -0.3800177 -0.4262331 -0.4126731 -0.6704514 -0.4077210 -0.5417632 -0.1362245 -0.7093211 -0.1762856 -0.2939674 -0.3556733 -0.0938759 -0.2844253 -0.2213918 -0.2555578 -0.6938569 -0.2092363 -0.0759170 -0.5530144 -0.2001630 -0.0593140 -0.5057097 0.0036162 -0.7563847 -0.3882983 -0.1276922 -0.1802086 -0.2420668 -0.4736309 -0.5615057 -0.3761732 -0.7925938 -0.3786496 -0.4924514 -0.3772742 -0.2118676 0.0179491 -0.4091937 -0.4945293 -0.6025386 -0.4969745 -0.6348134 -0.4914514 -0.3897505 -0.4564304 -0.4573991 -0.6131688 -0.7739806 -0.4656873 -0.1757134 -0.3670044 -0.7893720 -0.4209773 -0.5089750 -0.4342722 -0.4725119 0.0102734 -0.6854985 -0.7349085 -0.4834810 -0.3962209 -0.2891634 -0.2522197 -0.5014981 -0.7921381 -0.7054307 0.0857664 -0.7925391 0.0141856 0.1432083 0.3967327 0.4889299 0.0278488 0.2408527 0.2262488 0.4721736 0.4559681 0.5742371 0.8889785 0.8702784 0.7775391 0.8130862 0.4739781 0.4844036 0.0889510 -0.0396884 -0.7232430 -0.0454429 -0.1114075 -0.3927470 -0.4006850 -0.4622822 -0.5643939 0.7142327 0.3389144 -0.5226109 -0.6104184 -0.6146710 -0.6754490 -0.0635283 -0.3687893 -0.2235755 -0.5439803 -0.1408071 -0.2597039 -0.4725009 -0.6210936 -0.4447970 -0.3767530 0.2333907 0.0972123 -0.5018605 -0.0971465 -0.5525945
0.0517390 0.4285637 0.7408570 0.6822886 0.0000000 0.6758012 0.7895777 0.6319850 0.6747529 0.6198298 0.3407734 0.7959632 0.6901027 0.5481107 0.7410307 -0.1087723 0.1856477 0.6127501 -0.2994165 0.3504866 0.2891912 0.0242993 -0.2097097 0.6564767 -0.3304829 -0.2868353 -0.1663940 0.5582100 0.7577407 0.1618158 0.2378730 -0.0335262 0.6419491 0.7015563 -0.3414295 0.1403647 -0.2334424 -0.1859180 0.0027284 -0.0422833 -0.0962125 0.5312856 -0.0899224 0.5350556 0.4864466 -0.1238992 -0.3578245 -0.2501701 0.6637960 0.1067968 -0.3251077 -0.1871043 0.6551968 0.0664444 0.1087459 -0.1365542 -0.2927535 0.4591795 0.4351648 -0.2782187 0.3626025 -0.0023906 0.3718261 0.5003569 0.5108147 0.0166609 -0.2921914 0.1989544 0.0948012 0.2583561 -0.1377391 0.5584844 0.1589250 0.4630698 -0.1131801 0.3197569 0.5265129 0.1227879 0.3807274 0.5282983 -0.0206884 -0.3861830 -0.5817872 -0.6922633 -0.7053229 -0.7533266 -0.5288260 -0.0274496 -0.6408760 -0.5202433 -0.3171312 -0.5984084 -0.3526134 0.4517967 -0.3094438 -0.3148983 -0.1063807 -0.0763651 -0.2061760 -0.3838579 -0.3182677 -0.2843169 -0.7030776 0.1420375 -0.3821099 -0.4963113 -0.6187861 -0.8136626 -0.1818323 -0.8294107 -0.2952937 -0.7754569 -0.5100290 -0.6070114 -0.4515975 -0.3090704 -0.5423496 -0.4869791 -0.5036322 -0.7187043 -0.4292849 -0.3471321 -0.5743027 -0.6854807 -0.0972270 -0.3989514 -0.1994365 -0.4677825 -0.3330783 -0.4251462 -0.4157745 -0.2221767 -0.4928494 -0.6345442 -0.1675394 -0.5808868 -0.4124305 -0.4903618 -0.3655253 -0.3150744 -0.0115034 -0.5989357 -0.5074077 -0.5586023 -0.3668275 -0.7325256 -0.5612835 -0.5227192 -0.3096856 -0.6020906 -0.5947539 -0.6415275 -0.7131322 -0.0702354 -0.3755704 -0.6128633 -0.5454943 -0.5501594 -0.5626000 -0.6565315 -0.2028939 -0.7694386 -0.5947042 -0.6146881 -0.4706701 -0.1734576 -0.1962660 -0.6054425 -0.6888205 -0.6736229 -0.0965934 -0.6925131 0.1772206 0.4187143 0.6805031 0.6947056 0.0460365 0.3740552 -0.0620197 0.1873311 0.3152334 0.1171527 0.4859439 0.5708220 0.4902142 0.3493545 0.4528160 0.6025998 0.1949842 0.0070607 -0.7803927 -0.0822969 0.1151150 -0.3775365 -0.3087928 -0.4487546 -0.3786485 0.7062205 0.0088100 -0.4558523 -0.3205473 -0.3239712 -0.4366189 -0.0673059 0.2410441 -0.2774208 -0.3674685 0.2586122 -0.3738204 -0.2674945 -0.6856608 -0.3940818 -0.1080519 -0.0037510 -0.2704773 -0.2948615 0.0869567 -0.7034989
-0.1203486 0.2772506 0.3388997 0.8076325 0.6758012 0.0000000 0.8239120 0.5584297 0.9521836 0.8244451 0.5755936 0.6604941 0.4858852 0.7132120 0.8337561 0.1092580 0.1807737 0.7052405 -0.0015631 -0.1490457 0.2179970 0.2101778 -0.1451774 0.8778795 0.0274911 -0.0177657 0.0862599 0.6849435 0.8738138 0.2540431 -0.1885384 0.1786491 0.8748124 0.9436067 -0.2002680 0.3803752 -0.0109409 0.0248306 0.0684411 0.0861018 -0.3114017 0.8533295 -0.0915740 0.8015263 0.8398435 0.0882916 -0.0458992 -0.2126997 0.9305710 0.0638286 -0.1102557 -0.0337353 0.9309074 0.5220652 0.1079680 0.0072635 0.0076941 0.8555233 0.7877187 0.0344001 0.7563137 0.2065073 -0.0817179 0.7737452 0.8158318 0.1479134 0.1337359 0.6488545 -0.0764670 0.5571154 0.2483573 0.6374725 0.6440672 0.6260524 0.1346898 0.6317498 0.4881472 0.3350949 0.6627510 0.4566804 -0.1299971 -0.4896310 -0.5782904 -0.6603859 -0.5229767 -0.5737263 -0.4960844 -0.0016114 -0.5117897 -0.4044092 -0.4353903 -0.5537374 -0.5249321 0.3081218 -0.3233935 -0.3629918 -0.2777269 -0.2758411 -0.2051375 -0.2306358 -0.3580718 -0.2122524 -0.6282122 0.1889304 -0.5583135 -0.4948726 -0.2697969 -0.6113231 -0.4879135 -0.4997752 -0.2417900 -0.6427173 -0.1646425 -0.0769095 -0.1405076 0.0100743 -0.0421575 -0.0901089 -0.0884776 -0.5939876 -0.0858157 0.1174193 -0.7119225 -0.3122601 -0.1506101 -0.6096045 -0.0012507 -0.6490489 -0.5145141 -0.1990669 -0.3439761 -0.2813116 -0.6207872 -0.7640624 -0.4861710 -0.6047951 -0.5118401 -0.6134829 -0.4830831 -0.4674493 0.0811215 -0.5915477 -0.7035746 -0.7328405 -0.5836778 -0.5968938 -0.5533341 -0.4045155 -0.4721437 -0.6181190 -0.7248601 -0.8041051 -0.5317628 -0.0800062 -0.2336748 -0.7203719 -0.6832333 -0.4391673 -0.6614557 -0.7236424 0.0493204 -0.8195583 -0.7135497 -0.7251954 -0.3190606 -0.1735607 -0.1886513 -0.6410488 -0.8817057 -0.8529161 0.1251461 -0.7901925 0.1718086 0.3503636 0.6557189 0.5438554 -0.1974474 0.1711574 -0.0461758 0.3400779 0.3931812 0.3877280 0.8082715 0.7070062 0.6986304 0.6891220 0.4128300 0.3126025 -0.1509824 -0.2619962 -0.6269373 -0.3342535 -0.2302529 -0.5263535 -0.5465538 -0.6198667 -0.6494490 0.5453619 -0.0194750 -0.6344436 -0.6277443 -0.4739436 -0.5567556 0.0152216 -0.2901847 -0.4795364 -0.5463041 -0.1359702 -0.3717951 -0.4965052 -0.5535810 -0.6587493 -0.3359902 0.0714636 -0.2143614 -0.5115358 -0.1312009 -0.6891748
0.3290559 0.6523968 0.6518947 0.6080743 0.7895777 0.8239120 0.0000000 0.3753219 0.7724106 0.5330812 0.2179293 0.8982947 0.3532109 0.4803953 0.8788325 -0.1151123 -0.0764832 0.6556409 -0.1945086 0.1229043 0.2717669 -0.1024041 -0.3010630 0.7930926 -0.1883560 -0.2099438 -0.3409555 0.6755419 0.7567439 0.1123751 0.0516963 0.0528332 0.7719130 0.7720382 -0.3459660 0.2163485 -0.2199170 -0.1658016 -0.1483798 -0.0459617 -0.2526461 0.6211800 -0.2032269 0.7335945 0.5163125 -0.0271864 -0.2814258 -0.3211755 0.7993587 0.2469154 -0.2871624 -0.2687382 0.7071931 0.2115544 0.0698463 -0.0405706 -0.2487531 0.5416959 0.4469276 -0.2267301 0.3739901 -0.0015562 0.2508239 0.4503828 0.4684226 -0.1126491 -0.1706544 0.2721008 -0.0386087 0.2624129 -0.1460210 0.4719672 0.3353407 0.3423649 -0.2142645 0.3757626 0.3898242 0.0565210 0.4123938 0.4184491 -0.2001216 -0.2024948 -0.3442649 -0.4599408 -0.4706951 -0.4994706 -0.5925269 -0.1239815 -0.4398690 -0.2704721 -0.3394758 -0.4858849 -0.2526421 0.2175130 -0.3457792 -0.1414960 -0.0357206 0.0015712 -0.1040395 -0.3903673 -0.1926743 -0.1062058 -0.5219064 -0.0235664 -0.3689846 -0.3710470 -0.3011897 -0.5745997 -0.1673046 -0.5104801 -0.2097946 -0.5980444 -0.3528018 -0.2398494 -0.0855481 -0.1128057 -0.1849950 -0.2078454 -0.2513986 -0.5260688 -0.2167807 -0.0483631 -0.6353702 -0.5281613 -0.2113038 -0.4936379 -0.1591965 -0.5044637 -0.4558364 -0.4066552 -0.5096686 -0.3210298 -0.7348968 -0.8073640 -0.2900845 -0.4778332 -0.5889050 -0.5576221 -0.4861845 -0.3308280 0.0762021 -0.5938381 -0.4972201 -0.7225866 -0.5503760 -0.7232778 -0.5696626 -0.4615228 -0.2444789 -0.5361439 -0.6244494 -0.6952412 -0.6220653 -0.1220251 -0.3246163 -0.5785852 -0.5423074 -0.4306968 -0.5251792 -0.6301612 -0.0670560 -0.7532159 -0.5490237 -0.5985074 -0.3732498 -0.0771915 -0.2733291 -0.6199819 -0.6642635 -0.6769199 -0.1076820 -0.6021286 0.4193081 0.6773790 0.9163248 0.8556079 0.1626999 0.1949172 -0.0990844 0.1802684 0.0941137 0.2334790 0.4839434 0.4839778 0.3343382 0.2878026 0.1924686 0.2835992 0.1355333 -0.0066089 -0.5120138 -0.0358999 0.1617096 -0.2710119 -0.3447123 -0.3953448 -0.4850421 0.6584606 -0.0912868 -0.5687123 -0.3585636 -0.1264723 -0.3374966 0.1402710 0.0401813 -0.4008824 -0.2449067 0.0439668 -0.4974780 -0.1685098 -0.4214844 -0.3566283 -0.0414843 0.0724987 -0.2218043 -0.1919689 0.1094883 -0.7702443
-0.2945621 -0.0523248 0.1177492 0.8318972 0.6319850 0.5584297 0.3753219 0.0000000 0.5166558 0.7132367 0.8192319 0.4491864 0.8368251 0.6422812 0.3838301 0.5082011 0.5957348 0.2523439 0.3666395 -0.1473350 0.5229189 0.5966378 0.3092793 0.3156596 0.3485184 0.3808357 0.2627219 0.1542394 0.6681712 0.2124400 0.3402187 0.4734472 0.2867905 0.5130107 0.2879388 0.5738964 0.4079020 0.4773238 0.2741292 0.0231289 0.1951158 0.6426735 0.3256671 0.1848364 0.6973159 0.4600337 0.3540979 0.3048455 0.4182570 0.3037320 0.3470775 0.3062840 0.6272399 0.3141538 0.5459128 0.3751286 0.4033278 0.6518427 0.6167181 0.4374166 0.6785669 0.5157553 0.0555185 0.8027023 0.7273766 0.5128246 0.4188375 0.6881207 0.3352150 0.7711082 0.4811608 0.7855321 0.5761361 0.8792640 0.5143367 0.7176630 0.8163365 0.6180350 0.7086998 0.7692464 0.3701537 -0.4674755 -0.4618429 -0.6735170 -0.4485141 -0.4461499 -0.1036851 0.1747597 -0.4394402 -0.3840603 -0.1684505 -0.2616522 -0.2079367 0.3486816 0.1021294 -0.1603350 -0.0286633 -0.0241701 0.0669103 -0.1509484 -0.0846476 0.0776930 -0.5392902 0.3679283 -0.1692226 -0.1830433 -0.2479613 -0.5386385 -0.1930426 -0.4910793 -0.1620347 -0.5370729 -0.2204080 -0.2509066 -0.3956566 -0.1491893 -0.3173871 -0.2981949 -0.2391711 -0.6758088 -0.1217347 -0.0750658 -0.3059841 -0.1219433 -0.1306856 -0.4819466 0.2561129 -0.6110319 -0.4174710 0.0429652 -0.1604964 -0.2661972 -0.2027268 -0.4188367 -0.3259769 -0.6967087 -0.3504082 -0.5169700 -0.3972701 -0.0567017 -0.0052998 -0.3582476 -0.3012533 -0.4501135 -0.4315154 -0.5467055 -0.4444365 -0.3627176 -0.4287946 -0.1887091 -0.3167393 -0.6385379 -0.3582149 -0.1269731 -0.2959163 -0.6640145 -0.2928672 -0.4645359 -0.2879062 -0.3397815 -0.0563846 -0.4989512 -0.7033856 -0.3884434 -0.2314455 -0.3060230 -0.2679219 -0.5289033 -0.6465652 -0.5621440 0.0247199 -0.7253168 -0.0775175 -0.0547171 0.2214643 0.3302390 0.1418467 0.2382705 0.3151208 0.4185677 0.4351968 0.4310877 0.6979229 0.7110638 0.7330634 0.7424676 0.6151409 0.7808304 0.2782425 0.1534479 -0.7314127 0.0591425 -0.0650830 -0.4102070 -0.3821469 -0.4897142 -0.5085473 0.6762506 0.5342793 -0.5142164 -0.4838087 -0.7271153 -0.6220724 -0.2406315 -0.1588395 0.0109236 -0.5263829 -0.0448904 -0.1418817 -0.3438060 -0.5974408 -0.4664216 -0.1402440 0.3650076 0.1838333 -0.2481806 -0.1827952 -0.4684456
-0.2614349 0.1995621 0.2745428 0.8019191 0.6747529 0.9521836 0.7724106 0.5166558 0.0000000 0.8179095 0.5148574 0.6320034 0.4332803 0.7525879 0.8739367 0.0824473 0.1001758 0.7766615 -0.0452216 -0.2118203 0.0734492 0.1045897 -0.2805983 0.8839297 -0.0340066 -0.1119834 0.0512471 0.6227739 0.8349094 0.1613492 -0.3159861 0.0878727 0.8690402 0.9426664 -0.3188752 0.2451235 -0.0271805 -0.0476291 -0.0403686 0.0138777 -0.3541177 0.8471199 -0.2396409 0.7635534 0.8296672 0.0288426 -0.0731395 -0.2901469 0.9289033 0.0070441 -0.2086255 -0.1528941 0.9227394 0.4641546 0.0565412 -0.0196416 -0.0146711 0.8294243 0.8428180 -0.0663908 0.7772536 0.0800431 -0.1070760 0.7436091 0.8126568 0.0945285 0.0809641 0.5760417 -0.0773273 0.4989572 0.2265205 0.6252290 0.5834044 0.5895820 0.1309926 0.6059391 0.4729264 0.3342420 0.6429326 0.4350936 -0.1807027 -0.5634792 -0.6717003 -0.7299464 -0.5665630 -0.6369476 -0.4688029 0.1301759 -0.6213172 -0.5112258 -0.5256661 -0.7038471 -0.6076544 0.3958878 -0.5222538 -0.5400832 -0.4206776 -0.3680387 -0.3971314 -0.1278648 -0.5476830 -0.3058206 -0.7257153 0.2879631 -0.6694557 -0.6448818 -0.4027770 -0.6722698 -0.6120183 -0.5583593 -0.4083968 -0.7586908 -0.0634496 -0.0833443 -0.1448590 0.0911575 -0.0268003 -0.0389538 -0.0895577 -0.5606619 -0.0100026 0.1480433 -0.7586264 -0.2448564 -0.0726473 -0.6485433 0.0537000 -0.7003779 -0.5125607 -0.0776277 -0.2138965 -0.2104136 -0.5300060 -0.7216084 -0.5425215 -0.6332722 -0.4247123 -0.5943754 -0.4193499 -0.5305248 0.1488738 -0.5512103 -0.7637064 -0.7381942 -0.5189228 -0.5702432 -0.4703422 -0.3160218 -0.4362514 -0.6421965 -0.7971603 -0.7898855 -0.4468758 0.0390984 -0.1655554 -0.7512476 -0.7314753 -0.4145325 -0.6955296 -0.7662371 0.0559377 -0.8366416 -0.6601131 -0.7441714 -0.3567204 -0.1343472 -0.0087116 -0.4794394 -0.8771591 -0.8522421 0.2915365 -0.7504169 0.0016393 0.2389024 0.5422040 0.5067656 -0.3171806 0.2481687 -0.2162756 0.2608569 0.4771016 0.3302479 0.8209696 0.7190435 0.7608734 0.6742413 0.4984814 0.3022041 -0.1909997 -0.2840108 -0.6804143 -0.3741697 -0.3047839 -0.6197014 -0.6236221 -0.6636021 -0.6753259 0.4790360 -0.0539469 -0.6460149 -0.6174704 -0.4718078 -0.5684518 -0.0562060 -0.2983143 -0.5141918 -0.6414231 -0.0987787 -0.3082844 -0.5468598 -0.6130587 -0.5908805 -0.3397585 0.0403558 -0.1963238 -0.6107677 -0.0864721 -0.5734619
-0.3640105 -0.0644127 0.1695977 0.8001705 0.6198298 0.8244451 0.5330812 0.7132367 0.8179095 0.0000000 0.7639711 0.4267575 0.6905195 0.8123915 0.5825394 0.2693821 0.5268041 0.5313806 0.1692178 -0.1067095 0.0811615 0.4549769 0.0315175 0.6081066 0.1805822 0.1156098 0.2364910 0.4531621 0.7338819 0.2961484 -0.0444041 0.3156784 0.6180172 0.7522932 -0.0098027 0.2637149 0.2353686 0.2757129 0.2185585 0.0619030 -0.0781188 0.6932343 0.0794867 0.5057977 0.7959115 0.2596887 0.1548005 0.0870612 0.7202866 0.0772607 0.0548819 0.2539048 0.8076776 0.5285318 0.3449724 0.1994188 0.2755349 0.8161658 0.7976414 0.2295694 0.8038687 0.3822061 0.0238635 0.8297365 0.8113344 0.5158318 0.3011839 0.7081992 0.2132541 0.7000019 0.4850789 0.7626623 0.6394364 0.7554478 0.4544812 0.7100070 0.5940853 0.5831340 0.7250155 0.5970441 0.1485858 -0.5878821 -0.5916328 -0.6258049 -0.4298351 -0.5183720 -0.3937156 0.0680602 -0.4832261 -0.4841629 -0.4431999 -0.5646479 -0.4965373 0.5288809 -0.2124266 -0.4548463 -0.1881836 -0.1599899 -0.1857790 -0.0693481 -0.3377152 -0.1853247 -0.5668758 0.4287683 -0.4442529 -0.4733973 -0.2655954 -0.5542585 -0.4126835 -0.5027776 -0.3232784 -0.5557972 -0.1945126 -0.1151861 -0.2199148 0.1295514 -0.0684546 -0.1063579 -0.0117787 -0.5735697 0.0062228 0.1478991 -0.5758296 -0.1439531 -0.0757253 -0.5071191 0.2404919 -0.5905062 -0.4296176 0.0975912 -0.1215787 -0.2047745 -0.3346037 -0.4849341 -0.3865049 -0.5954886 -0.2895814 -0.5000929 -0.3383676 -0.3192369 -0.0430809 -0.3821593 -0.6400460 -0.4983759 -0.4414163 -0.4865980 -0.4324138 -0.3306505 -0.5724586 -0.4321003 -0.5241537 -0.7051487 -0.3574283 -0.1451263 -0.0623359 -0.7109956 -0.6616425 -0.4935493 -0.6927667 -0.6558059 -0.0627363 -0.6482725 -0.7641152 -0.6816860 -0.2157939 -0.3090284 -0.1674679 -0.5732726 -0.8123670 -0.7211906 0.1650362 -0.8047600 -0.0591577 0.0096814 0.3359555 0.2816435 -0.3431053 0.1621866 -0.1516596 0.1541474 0.5039783 0.2335758 0.7761250 0.7252005 0.8249583 0.7406836 0.6500802 0.5580000 -0.1064584 -0.1911164 -0.6874964 -0.3553314 -0.4096178 -0.5885738 -0.5445241 -0.6382641 -0.5555452 0.4010367 0.2050599 -0.4688699 -0.5835214 -0.7541347 -0.5123446 -0.1046848 -0.2422835 -0.1920599 -0.6325291 -0.0011622 -0.2054407 -0.5742864 -0.6794423 -0.6459991 -0.3430837 0.0626528 0.0267538 -0.4999792 -0.0662452 -0.4643349
-0.4256778 -0.1290277 -0.1650336 0.6834409 0.3407734 0.5755936 0.2179293 0.8192319 0.5148574 0.7639711 0.0000000 0.1546292 0.7925309 0.6996619 0.2629439 0.7446055 0.7626156 0.1861791 0.5787915 -0.2821776 0.3789443 0.7129890 0.5466437 0.2862155 0.5825281 0.6201775 0.4983482 0.2754692 0.6000067 0.3476724 0.0891589 0.6529907 0.2894958 0.4897715 0.4800630 0.5948952 0.5192044 0.6663050 0.4448831 0.2568353 0.2046723 0.6708938 0.4467867 0.2714510 0.7744905 0.5664167 0.4961515 0.5015568 0.4493363 0.3653472 0.4766540 0.5157067 0.6504717 0.6062954 0.6503955 0.5347687 0.5125589 0.8286447 0.6981989 0.6137845 0.8073144 0.6188102 -0.0325400 0.9239232 0.8205055 0.6811150 0.6318849 0.8824209 0.3613488 0.9170553 0.7880998 0.8453852 0.7759452 0.9237387 0.7857621 0.8283804 0.7813910 0.7936553 0.8211370 0.6931205 0.4772063 -0.4834793 -0.4073962 -0.5487307 -0.2381938 -0.3221651 -0.0824553 0.2396862 -0.3321614 -0.1445268 -0.4022558 -0.2639897 -0.3635325 0.3012740 0.1078007 -0.1352980 -0.0672403 -0.1162175 0.0357193 -0.0215389 -0.0445389 0.0112719 -0.3951007 0.3290906 -0.2248334 -0.0818555 -0.0459636 -0.3464366 -0.3308301 -0.3375115 -0.1415795 -0.3494923 -0.1398296 0.0044466 -0.2340390 -0.0457658 -0.0386097 -0.0744141 0.0646982 -0.4225785 0.1230495 0.2101083 -0.1378256 0.1597293 -0.0514888 -0.4970216 0.4382316 -0.4467016 -0.4858893 0.1686925 -0.2314228 -0.1967428 -0.0952300 -0.3824861 -0.3688471 -0.5278955 -0.4172503 -0.5776285 -0.5045923 -0.0227403 0.0027856 -0.3047945 -0.2635230 -0.4534735 -0.5575139 -0.2628721 -0.5006227 -0.3566030 -0.4822851 -0.1643113 -0.1770481 -0.6349148 -0.3002770 -0.0718187 -0.1314985 -0.6190947 -0.2513630 -0.4402061 -0.2039132 -0.2359733 0.0562945 -0.4391717 -0.6369706 -0.2907843 -0.0785018 -0.3654798 -0.2721329 -0.4769986 -0.5260853 -0.5443705 0.1140374 -0.6051992 -0.0251713 -0.1008903 0.0894887 -0.0073337 -0.1553959 0.1315054 0.2684485 0.4180187 0.4279834 0.3118417 0.7387157 0.5161883 0.8213249 0.8476676 0.6451701 0.5813283 0.0267875 0.0000482 -0.5402532 -0.1265821 -0.3955171 -0.4526476 -0.4251959 -0.5654420 -0.4974593 0.3916310 0.6120532 -0.5190827 -0.5891828 -0.7598527 -0.7093353 -0.3090682 -0.2694608 0.0821226 -0.4788749 -0.2321893 -0.0519460 -0.3139617 -0.5988741 -0.6613756 -0.1585592 0.4588296 0.2302124 -0.3008680 -0.4680756 -0.4081298
0.3756812 0.6055168 0.6283010 0.6386799 0.7959632 0.6604941 0.8982947 0.4491864 0.6320034 0.4267575 0.1546292 0.0000000 0.3395314 0.3865729 0.8169372 -0.1525377 -0.0792836 0.4850119 -0.2188432 0.0974392 0.4848740 -0.1985071 -0.3019766 0.6478511 -0.2322302 -0.2793498 -0.3283089 0.4660717 0.7132463 0.0555753 0.0750159 -0.0563344 0.6073135 0.6416412 -0.3314718 0.3147436 -0.3083053 -0.2016973 -0.1478340 -0.1204319 -0.2464816 0.5440328 -0.1282291 0.5424558 0.3973795 -0.0597901 -0.2790487 -0.3153851 0.6093569 0.2268226 -0.2778024 -0.2225123 0.5641325 0.0652335 -0.0037723 -0.1069833 -0.3056608 0.3693741 0.2990816 -0.2426624 0.2548389 -0.0172560 0.2030932 0.3528745 0.3753870 -0.2509386 -0.2588562 0.1443153 -0.1703520 0.1949883 -0.3166371 0.4336982 0.1462994 0.3338704 -0.2926574 0.2714529 0.4287024 -0.0704459 0.3146140 0.4854943 -0.2130465 -0.2866252 -0.3784772 -0.4921874 -0.4663090 -0.5210452 -0.6695840 -0.0322237 -0.4104856 -0.2445882 -0.1671122 -0.4757015 -0.2007923 0.1728437 -0.2225788 -0.1471257 0.0320499 -0.0018429 0.0249355 -0.4181921 -0.0573500 -0.1085844 -0.5517848 0.0211656 -0.2213194 -0.2674866 -0.3718455 -0.6582842 -0.0580579 -0.5423747 -0.0582996 -0.6423261 -0.3994934 -0.3912749 -0.1782777 -0.1592734 -0.3286915 -0.3315471 -0.3942152 -0.5797852 -0.3596831 -0.2303127 -0.5827529 -0.5014213 -0.1339471 -0.4073185 -0.2692842 -0.5359223 -0.3458416 -0.3752455 -0.3849276 -0.3140973 -0.6799139 -0.6605853 -0.2109411 -0.5313829 -0.4552063 -0.4225725 -0.3765515 -0.1163487 0.0075053 -0.4477940 -0.3736767 -0.5634576 -0.3723086 -0.7677677 -0.4541637 -0.4382233 -0.2393236 -0.4489415 -0.5015816 -0.5537626 -0.5420888 -0.2207498 -0.3764489 -0.5451269 -0.3744267 -0.4319108 -0.3862572 -0.4696216 -0.0740609 -0.6109811 -0.5238139 -0.4546039 -0.4091404 -0.1214190 -0.3711560 -0.5226825 -0.5534018 -0.5093783 -0.1814596 -0.5286114 0.3621214 0.5766319 0.7922944 0.9110597 0.3814794 0.3280214 0.0951861 0.2667341 0.0661517 0.2504933 0.4030334 0.4898142 0.2238499 0.2320588 0.0794920 0.3104166 0.3658813 0.1818099 -0.5248010 0.1930080 0.3973062 -0.1640553 -0.2286070 -0.2639067 -0.3779270 0.8249051 0.0229897 -0.4946606 -0.1951530 -0.0232221 -0.2831807 0.1734688 -0.0198086 -0.3637510 -0.1816576 0.0307475 -0.4058868 -0.0179371 -0.3399164 -0.1471520 -0.1262166 0.0852525 -0.1155243 -0.1932308 0.3154225 -0.6235549
-0.2094963 0.1115591 0.3385992 0.5822040 0.6901027 0.4858852 0.3532109 0.8368251 0.4332803 0.6905195 0.7925309 0.3395314 0.0000000 0.6015780 0.3344070 0.4811113 0.6506684 0.2579016 0.2611714 0.2366308 0.3822983 0.5509777 0.3960994 0.3151348 0.2150715 0.3344943 0.2140577 0.3691575 0.6187833 0.2812679 0.4391029 0.4568166 0.3356621 0.4773339 0.2625825 0.3868734 0.2649370 0.4101687 0.3364372 0.2009530 0.3539816 0.4876791 0.3596156 0.2621440 0.5694051 0.3546530 0.1723276 0.3734592 0.4377749 0.3738905 0.2008464 0.3021948 0.5780602 0.3338660 0.6075420 0.3678562 0.2137046 0.6110362 0.4594009 0.2785950 0.5295546 0.4192200 0.2979779 0.7359030 0.6149944 0.5801421 0.2543118 0.5643313 0.4510789 0.6832803 0.4444252 0.8069999 0.4567865 0.7852729 0.5070709 0.6347493 0.7793930 0.5889718 0.6410647 0.7341092 0.4277199 -0.3955435 -0.4601553 -0.6307717 -0.4494442 -0.5757194 -0.2507341 0.1115971 -0.5332800 -0.3519644 -0.4032881 -0.3502071 -0.2541248 0.4125094 0.0293678 -0.1248968 0.0364227 0.0455491 -0.0267573 -0.2879217 -0.0910968 -0.0607272 -0.5204266 0.1980499 -0.2115260 -0.1867114 -0.2937961 -0.5570092 -0.1206854 -0.6770041 -0.2713269 -0.4710041 -0.4265896 -0.3663984 -0.4225581 -0.2459683 -0.3733501 -0.3773974 -0.2366797 -0.5481758 -0.1580417 -0.1272657 -0.1734928 -0.2488243 -0.0417700 -0.3827502 0.2353354 -0.3434719 -0.3901251 -0.0674656 -0.3451601 -0.2575258 -0.1062984 -0.3908925 -0.2740833 -0.5426913 -0.3868179 -0.5390736 -0.4445490 -0.0238668 -0.1346245 -0.4245218 -0.3223750 -0.3985914 -0.4386003 -0.5042427 -0.5783619 -0.5118698 -0.5134763 -0.2904289 -0.1782990 -0.5728842 -0.5405987 -0.1174677 -0.2654968 -0.5709398 -0.3384048 -0.5445944 -0.3222787 -0.3890316 -0.1503013 -0.5099508 -0.6507750 -0.4049135 -0.1832604 -0.3440265 -0.3083288 -0.6602483 -0.5324736 -0.5253045 -0.0433243 -0.6394533 0.0237413 0.0279726 0.2679588 0.2043446 -0.0846124 0.2072696 0.1343759 0.2565422 0.3045425 -0.0127706 0.5126308 0.3904271 0.6676844 0.5687412 0.6428241 0.7993363 0.2024965 0.1236207 -0.6666919 -0.0681296 -0.1622785 -0.4111530 -0.3066485 -0.5066570 -0.3422941 0.5654871 0.4686321 -0.4501578 -0.4245126 -0.6236561 -0.5733678 -0.3239570 0.1912426 0.0487757 -0.3867481 0.0731236 -0.1664699 -0.1769341 -0.7091999 -0.5943001 0.0604845 0.3369166 0.0329606 -0.1571228 -0.2669336 -0.5779357
-0.4064495 -0.0499092 0.0283595 0.7582654 0.5481107 0.7132120 0.4803953 0.6422812 0.7525879 0.8123915 0.6996619 0.3865729 0.6015780 0.0000000 0.5536076 0.4322154 0.5286210 0.6612236 0.3079409 -0.2246575 0.1471028 0.2992484 0.1622179 0.6414209 0.3556230 0.2526961 0.3526566 0.5985370 0.7287237 0.5070214 -0.1345589 0.5009993 0.5940243 0.7208032 0.1162338 0.3531699 0.3483526 0.3868864 0.3954797 0.3532718 -0.0783970 0.7041408 0.2011370 0.6510154 0.7578736 0.3005003 0.3018489 0.2076839 0.7221662 -0.0025124 0.2177498 0.3398051 0.7982607 0.7534240 0.4171231 0.2239395 0.3376622 0.8441088 0.7714943 0.3484068 0.7988473 0.4912455 -0.0954437 0.8016820 0.7754548 0.4399712 0.3578209 0.7159135 0.2266467 0.6952639 0.4773498 0.7112843 0.6689117 0.6532108 0.4320330 0.6873807 0.5231151 0.5477506 0.6653324 0.5425926 0.1198224 -0.4479783 -0.3631395 -0.5254618 -0.4153527 -0.3397722 -0.4048681 0.0283632 -0.4666974 -0.3265547 -0.5659106 -0.4184979 -0.3301857 0.4098390 -0.2040297 -0.3010247 -0.1606653 -0.0559721 -0.0573263 -0.0829669 -0.2466325 -0.0962731 -0.4239552 0.3643931 -0.4416998 -0.3248551 -0.1945079 -0.4388186 -0.4696050 -0.4201590 -0.3707292 -0.4724802 -0.1205935 -0.0792078 -0.0240655 0.2240980 0.0137208 0.1709129 0.1963027 -0.2545685 0.2016794 0.2609920 -0.2978009 0.0293151 0.1513859 -0.5032413 0.3935787 -0.5071939 -0.4285907 0.1361393 -0.1563932 -0.1717380 -0.2576549 -0.5006959 -0.3830217 -0.5531985 -0.3632658 -0.5219263 -0.3670178 -0.2608404 0.1653579 -0.3414362 -0.4990302 -0.5696457 -0.5138144 -0.3908206 -0.4234275 -0.1920264 -0.3391306 -0.2828942 -0.5140854 -0.6788208 -0.3058541 0.1241788 -0.0034429 -0.6928507 -0.5002083 -0.3085920 -0.4508798 -0.5584687 0.3348282 -0.5608503 -0.5571555 -0.5170281 -0.0162126 -0.0924528 0.0522374 -0.3642671 -0.6627720 -0.6539111 0.4081090 -0.5997381 0.0909825 0.1185629 0.2861305 0.2882877 -0.3002768 0.2625333 0.0008272 0.3833322 0.4869612 0.3122600 0.7852932 0.6490368 0.8114552 0.7191504 0.5928367 0.3095961 -0.2947916 -0.3344965 -0.4742829 -0.3691891 -0.5803298 -0.4615772 -0.4825921 -0.5708266 -0.6086949 0.3874371 0.2901101 -0.5418726 -0.5679196 -0.6181987 -0.7013749 -0.2600586 -0.0918375 -0.2939758 -0.5297286 0.0491850 -0.0857163 -0.4143763 -0.6795090 -0.7117377 -0.1481984 0.3032868 -0.0213753 -0.2701184 -0.2018506 -0.4395828
0.0720199 0.4131816 0.4274500 0.6674432 0.7410307 0.8337561 0.8788325 0.3838301 0.8739367 0.5825394 0.2629439 0.8169372 0.3344070 0.5536076 0.0000000 -0.0536420 -0.1792939 0.7964980 -0.1505120 -0.0092738 0.2408708 -0.1942562 -0.4460399 0.8746090 -0.1764587 -0.2525965 -0.3034775 0.5843734 0.8442651 -0.1026890 -0.2399558 -0.0793821 0.8197558 0.8706120 -0.5093891 0.2763571 -0.2499299 -0.2234037 -0.3196612 -0.2020580 -0.4786453 0.7965496 -0.3945030 0.7040992 0.6876158 -0.0819109 -0.2809582 -0.4807781 0.8441343 0.1046633 -0.4006430 -0.4082517 0.8205545 0.2340081 -0.0632090 -0.1256225 -0.2417315 0.6072212 0.6206663 -0.2965055 0.5629177 -0.1486727 -0.0250948 0.5400629 0.6345423 -0.1744901 -0.1220724 0.2853799 -0.2115013 0.3076424 -0.0957137 0.5147614 0.3133441 0.4189137 -0.1033674 0.4310767 0.4194005 0.1316772 0.4717723 0.3237309 -0.2485237 -0.3523843 -0.5342007 -0.6102510 -0.6557718 -0.6339113 -0.6306475 -0.0102233 -0.6749354 -0.5134824 -0.3783261 -0.6832674 -0.4655528 0.1888046 -0.5159642 -0.4445811 -0.3447408 -0.2366118 -0.3415175 -0.2945508 -0.4984681 -0.1845801 -0.6677703 0.0737991 -0.5788791 -0.6250199 -0.4386336 -0.6508994 -0.4580754 -0.5972925 -0.3229588 -0.7871786 -0.0821738 -0.1642643 -0.1241834 0.0714555 -0.1124044 -0.1428579 -0.2253458 -0.5521027 -0.1441892 0.0324670 -0.7442251 -0.3272138 -0.2095911 -0.6533456 -0.1263172 -0.6604196 -0.5899126 -0.2311219 -0.4334686 -0.1844034 -0.7558553 -0.7661517 -0.4959867 -0.5316187 -0.6068546 -0.6538879 -0.5546206 -0.4589736 0.0727100 -0.6111389 -0.6392215 -0.7807767 -0.5868119 -0.6800901 -0.5800845 -0.4553155 -0.3586362 -0.6964009 -0.7991789 -0.7595548 -0.5491660 -0.0220464 -0.1975984 -0.7414046 -0.6482412 -0.4913555 -0.5957363 -0.7115100 -0.0008910 -0.8236172 -0.5868607 -0.6683507 -0.3920441 -0.2141013 -0.1250919 -0.4805856 -0.7707234 -0.7504007 0.1118015 -0.6337540 0.1128406 0.4214408 0.6933337 0.6453031 -0.1323143 0.2164033 -0.1431526 0.3060884 0.2749556 0.2599284 0.6688025 0.5626385 0.5105253 0.4784607 0.2087257 0.1743703 -0.0786010 -0.1919378 -0.5921829 -0.2052965 -0.0150309 -0.4337223 -0.5319392 -0.5364982 -0.5779673 0.6244491 -0.1726131 -0.6776875 -0.5332731 -0.1194527 -0.3905844 -0.0493972 -0.1931641 -0.5528731 -0.4493626 -0.1607935 -0.5211758 -0.2550293 -0.5038676 -0.4354947 -0.2406635 -0.0463471 -0.2211346 -0.5169315 0.0309930 -0.6709396
-0.3165663 -0.1959795 -0.4723284 0.2507710 -0.1087723 0.1092580 -0.1151123 0.5082011 0.0824473 0.2693821 0.7446055 -0.1525377 0.4811113 0.4322154 -0.0536420 0.0000000 0.5867244 -0.0836742 0.9031527 -0.3900591 0.3826362 0.5327366 0.7566835 -0.0880573 0.8713793 0.9334509 0.3723241 -0.0029646 0.2445179 0.1396755 0.1893590 0.8189635 -0.1331928 0.0482996 0.7532376 0.5881202 0.7273234 0.8706130 0.3405607 0.2355887 0.3464963 0.3659264 0.5547179 -0.0417273 0.4326044 0.8190572 0.8025811 0.6711822 0.0488753 0.5526228 0.7765774 0.5268146 0.2496983 0.5112264 0.7953388 0.7873917 0.7126491 0.5149045 0.3374894 0.8211980 0.5095348 0.6498299 -0.1096255 0.5908886 0.4384589 0.6652992 0.8452724 0.6685383 0.4985701 0.7946329 0.8125624 0.6146141 0.6140165 0.6457303 0.8536315 0.6691144 0.6347517 0.7586968 0.5912441 0.4909279 0.5424785 -0.0522454 0.1191910 -0.1201279 0.0427735 0.1164383 0.1960879 0.1809188 -0.1402172 0.0958962 -0.2556740 0.1069140 0.0876511 -0.0843588 0.2065676 0.1258359 0.0564911 0.1234689 0.1945373 0.0335150 0.1567356 0.3315377 0.0093765 0.0965658 -0.0422807 0.1855669 0.2654700 0.1613222 -0.1800139 0.0388150 -0.1591144 0.0493989 0.1004871 0.3122730 0.0591527 0.1147952 0.2202934 0.2254349 0.3080610 0.0460647 0.4307237 0.4053267 0.2578877 0.5255513 -0.0481722 -0.3965094 0.6829120 -0.2647228 -0.4620888 0.4039905 -0.1841038 -0.2487410 0.0849509 -0.0925756 -0.3787136 -0.2782163 -0.4008946 -0.4727379 -0.5157348 0.2622665 -0.0502988 -0.0663756 0.1757019 -0.2749173 -0.5257448 -0.0463441 -0.3715471 -0.2104492 -0.2455134 0.2302515 0.1911534 -0.3549911 -0.0118513 -0.0186857 -0.0503652 -0.3696294 0.1992767 -0.2240736 0.3130330 0.2056517 0.1514308 -0.0472382 -0.2895670 0.1845569 0.1550416 -0.2943678 -0.1931379 -0.1727165 -0.0785104 -0.1610416 0.1252838 -0.2043583 -0.0461070 -0.1966287 -0.1856463 -0.2470711 0.0175123 -0.0575884 0.3384343 0.4004449 0.1442936 0.2342248 0.3884615 0.0993668 0.4453007 0.5692084 0.3330100 0.2899951 0.0401264 0.1676732 -0.0802543 0.1398459 -0.3915424 -0.1081453 -0.2413690 -0.2749746 -0.3158446 0.1413326 0.7174636 -0.4270477 -0.3570836 -0.4407873 -0.5315097 -0.4965301 -0.2142256 0.2263927 -0.1601998 -0.3802945 0.0800161 0.1386091 -0.2738968 -0.4164681 0.2528970 0.6763577 0.4368495 0.1186365 -0.5067509 -0.1013060
-0.4005614 -0.2224211 -0.1126878 0.3746276 0.1856477 0.1807737 -0.0764832 0.5957348 0.1001758 0.5268041 0.7626156 -0.0792836 0.6506684 0.5286210 -0.1792939 0.5867244 0.0000000 -0.1392013 0.4006987 -0.0532626 0.2409013 0.6197983 0.7567466 -0.1166217 0.4370040 0.5178640 0.6560463 0.1286429 0.2585042 0.5887693 0.2612920 0.5564374 -0.0922613 0.0555432 0.6185503 0.2827359 0.4108182 0.5917191 0.7557669 0.4087346 0.3232693 0.1461221 0.7442041 0.0256553 0.3207184 0.3845300 0.4095633 0.6364222 0.0440750 0.1527887 0.5538519 0.7943514 0.1921792 0.4673913 0.5774792 0.3662863 0.3918631 0.4300378 0.2551106 0.6155773 0.3663909 0.7123508 0.2138453 0.5482348 0.4148084 0.6842681 0.4118096 0.5507020 0.4898726 0.5864805 0.5878439 0.5307278 0.3895865 0.5574664 0.6452679 0.3832489 0.4781613 0.5105546 0.3691904 0.4808045 0.4954313 -0.3083157 -0.1173534 -0.1997584 -0.0010272 -0.0352824 -0.0006570 0.1612815 0.0374313 0.1450732 -0.1856090 0.0156762 -0.1068479 0.3951635 0.3537531 0.0530348 0.1988763 0.0819838 0.2927945 0.0950372 0.3062209 -0.0691924 -0.0631606 0.3407440 0.0367021 0.1827948 0.0091604 -0.1289689 -0.0547860 -0.1758687 0.0567931 -0.0100620 -0.4331101 -0.2034460 -0.2831078 -0.2089042 -0.1982636 -0.1283902 0.0379354 -0.2157515 -0.0011422 -0.0100652 0.1758342 0.0133094 0.0919983 -0.1031375 0.3532921 -0.0701424 -0.1033796 0.0574694 -0.1306539 -0.2074069 0.1721575 -0.0560392 0.1201565 -0.2576766 -0.0963868 -0.2021012 -0.1897557 0.1974587 -0.0991030 -0.0777205 0.1133329 -0.0023638 -0.1939554 0.0191595 -0.2701055 -0.2307023 -0.2304405 0.0748998 0.1941760 -0.2392668 -0.2039119 -0.1009104 -0.1054395 -0.2580985 0.0836756 -0.2839410 0.0444720 0.0768410 -0.0071527 -0.1167506 -0.3010085 0.0417335 -0.0366422 -0.2442567 -0.2320600 -0.2780853 -0.1292741 -0.2169417 -0.1126246 -0.3662913 0.1534129 -0.0564526 -0.0785414 -0.1459230 -0.0019229 0.2688114 0.3170085 0.2429472 0.3780149 0.1624363 0.2914717 0.2880706 0.4591912 0.5009539 0.5531035 0.4780895 0.0868094 0.0705518 -0.3274775 -0.0194327 -0.3578979 -0.1466869 -0.0741673 -0.2692723 -0.1347829 0.0917910 0.6090992 -0.1053664 -0.1179961 -0.6567591 -0.5583777 -0.2749676 0.0146631 0.3158929 -0.1508206 0.1010019 0.2305656 -0.1545616 -0.5160589 -0.4596034 -0.0971128 0.3292885 0.1487267 0.0433486 -0.2427089 -0.0665260
