0.0000000 0.6412100 0.3327559 0.0767074 0.4151774 0.1145377 0.2868589 0.1314761 -0.1406289 -0.0095902 -0.0066710 0.0129801 0.1959459 -0.0848616 -0.2166052 -0.0590652 0.0666366 -0.2903180 -0.0287671 0.2644908 0.1299826 0.0801363 -0.1164203 -0.2427643 -0.0290127 -0.1271618 -0.0267532 -0.1071364 -0.0143226 0.0868218 0.2928917 0.0910660 -0.1975507 -0.1704827 -0.0934779 0.2536655 0.0347418 0.0075757 -0.1943336 -0.1213951 0.1408452 0.2276634 -0.1875629 -0.1377086 -0.1975077 0.0912705 -0.0501495 0.0091748 -0.1731581 0.0266438 -0.0996354 -0.1055939 -0.2275725 -0.0808774 0.1585762 0.0185171 0.0659067 -0.0711761 0.4466365 -0.0726893 0.1765796 -0.0302360 -0.3427493 -0.2121134 -0.2327801 0.0702517 -0.0753949 0.0082912 -0.2043204 -0.2016163 -0.0464252 -0.1716175 -0.0233074 -0.1351907 -0.1186307 -0.0421050 0.0165736 0.0080642 0.0641676 0.1952364 0.0997762 0.0914144 0.2302889 0.2345110 0.3550770 0.3917312 0.2291018 0.2411797 0.3153198 0.4011195 0.3279811 0.5786365 0.5639407 0.1642123 0.3588312 0.4902608 0.2744401 0.3032028 0.3415126 0.1245738 0.1644862 0.4617503 0.5136246 -0.3995259 0.2222448 0.3807108 0.6967961 0.7495310 0.0978061 0.6965713 0.5081578 0.5933187 0.5816205 0.6738851 0.6265761 0.6218833 0.6480103 0.6420180 0.6101436 0.7221089 0.7156145 0.6670361 0.1957476 0.1227429 0.4801415 0.2484899 0.4591113 0.0485792 0.1961455 0.2637727 0.2826655 0.1801668 0.1755225 -0.0577863 0.4740720 0.1320634 0.0377541 0.1856718 0.0544731 0.1049518 0.4535847 0.1241058 0.4393192 -0.3495557 -0.0461365 0.2371522 0.1512472 0.0193563 0.4991717 0.2045142 0.3108607 0.5047311 0.2139389 0.4392414 0.3942523 0.5669040 0.4692241 0.3907495 0.5386279 0.4115204 0.4145008 0.2876625 0.5437566 0.4231293 0.3965266 0.5447120 0.4732737 0.4671644 0.5230622 0.3981836 0.5544346 0.5583337 0.6287323 -0.2093334 0.3957772 0.0397671 -0.2417867 -0.4037111 0.0591720 0.3291550 0.5316455 0.4984404 0.3545899 0.4901108 0.5576655 -0.1951478 0.3968801 0.1421874 0.1083569 0.0822720 0.2219941 0.0301588 -0.0913275 0.0839066 0.1830633 0.0024906 0.0249950 -0.1716484 0.0937159 0.0476371 -0.0605956 -0.1914555 -0.0082884 -0.0293507 0.4803249 0.4442422 0.0274906 -0.1786547 -0.0995872 -0.1813588 0.1169241 -0.1787771 0.5335784 -0.1462904 -0.1323397 0.0854761 -0.5828086 -0.3673071
0.6412100 0.0000000 0.4108235 0.2358101 0.3370603 0.2781170 0.4661405 0.3549183 0.0231619 0.0944053 0.0628516 0.0475880 0.5579628 -0.0252625 -0.0941596 0.1733490 0.0777153 -0.1566370 0.3173415 0.4362568 0.3800191 0.3947509 -0.0820289 -0.2333957 0.2096967 0.0255205 -0.0362368 -0.0928303 0.2095052 0.0052729 0.5065937 0.3160900 -0.2788534 -0.1987749 0.0361924 0.5501414 0.2529938 0.2754383 -0.3104312 -0.3094294 0.3573929 0.5720368 -0.0700267 -0.2799035 -0.0388621 0.2378766 0.2557125 0.1991487 -0.3074137 -0.0004237 0.2023276 -0.1085813 -0.2483034 -0.2221782 0.2740700 0.1191825 0.3063387 -0.2682063 0.6154345 0.2460678 0.4396673 0.1732582 -0.1727805 -0.1186123 -0.1090756 0.2920101 0.2960664 0.2173134 0.0832153 0.0210163 0.2967089 0.0822624 0.2916737 0.0327170 0.1561339 0.1618984 0.1699840 0.1203565 0.1746725 0.4190966 -0.0596949 -0.1386678 -0.1629938 0.1650569 0.2016488 0.0476939 -0.0050483 0.2251961 0.1136952 0.2330820 0.0526627 0.1316296 -0.0124249 0.0629721 0.1888810 0.0021522 -0.0984693 -0.2686361 0.2363739 -0.1556137 -0.1322741 -0.0779629 0.0018421 -0.6137172 -0.0684595 -0.0435953 0.2473493 0.3027315 -0.0260530 0.4310715 0.4215260 0.4352338 0.4204196 0.4319729 0.4365497 0.4647780 0.4288970 0.3477909 0.3574952 0.3128447 0.1850574 0.2030831 -0.2150962 -0.4338768 0.1381998 0.2980832 -0.1193029 -0.1491816 0.2530006 -0.2886817 -0.0794788 -0.0003596 -0.0842566 -0.2233367 0.1543715 -0.1376126 -0.1607443 0.0814155 0.0623348 0.1056601 0.0952451 0.0630378 0.3077472 0.0696286 0.0497004 -0.0492903 -0.0222629 -0.0686386 0.2695191 0.0080823 0.1312682 0.4896610 -0.0796961 0.1387771 -0.0261055 0.2808832 0.2947623 0.1490694 0.4248945 0.2445548 -0.0310883 0.0055670 0.3229000 0.2423899 -0.0076651 0.2696014 0.2510675 0.2437980 0.2783782 0.1025977 0.2833215 0.3207255 0.5319884 0.0867186 0.7247274 0.2576668 -0.1605774 -0.5117604 0.2814829 0.4185469 0.5744718 0.6277316 0.6016678 0.6651097 0.6403105 -0.0456623 0.4983474 0.1893581 0.2236665 0.1311793 0.2172740 0.0767676 -0.0773173 0.4397629 0.4206165 0.2659193 0.3405440 -0.1988438 0.1338259 0.2703086 -0.2852587 -0.4192567 -0.1618183 -0.0429343 0.1157001 0.2315912 0.1850367 -0.2320203 -0.4607909 -0.4032021 -0.0937181 -0.2745578 0.4737105 -0.1939674 -0.0075073 0.1273921 -0.1151895 0.0084297
0.3327559 0.4108235 0.0000000 0.7529766 0.5922653 0.8214211 -0.0398016 0.6833310 0.6189426 0.6791955 0.6211716 0.1550406 0.6477668 0.5403472 0.3047479 0.4141028 0.5943634 0.3842656 0.2496491 0.2374519 0.2072550 0.5065398 0.4535175 0.1674556 0.2920143 0.4092000 0.4044551 0.3475209 0.2222193 0.4808996 0.4126846 0.3873623 -0.0210389 0.1112360 0.5026301 0.1618389 0.4184754 0.3259264 0.4395717 0.3425315 0.3699982 0.1349183 0.4665049 0.1881730 0.0867521 0.3044228 0.4131572 0.3535335 0.1592890 0.0753337 0.4163155 0.4931054 0.1237741 0.4231403 0.3455032 0.1964803 0.3270157 0.3800029 0.1953177 0.3475161 0.2688636 0.4353824 -0.0680523 0.3006146 0.3618215 0.2010561 0.3103649 0.4374923 0.1665249 0.4378720 0.2632584 0.4586319 0.3736725 0.4383401 0.2175551 0.4582136 0.4206642 0.2368772 0.4106102 0.4449001 0.1310284 -0.0830772 0.0381534 0.0488747 0.1081766 0.0645838 0.0371087 0.0256454 0.0795412 0.1109032 0.0853889 -0.0293194 -0.1278667 0.1578618 0.1496261 0.0613890 -0.1227538 -0.1505760 0.2927996 0.1964456 0.0704710 0.1763306 0.2403830 -0.1086770 -0.0179827 0.0596875 0.1888474 0.2860854 -0.0499031 0.3196159 0.3577521 0.1129050 0.4295481 0.2787130 0.3113754 0.3412915 0.3035895 0.3150649 0.4075467 0.2705794 0.2149728 0.1217876 -0.1495131 0.0606371 0.2246183 -0.0388963 -0.0951328 -0.1008109 0.0344429 -0.0039924 0.0609349 -0.0832415 -0.0811936 0.3904957 -0.0305589 -0.0375028 0.0579374 0.0206705 -0.0239571 0.0133705 -0.0363066 0.0343157 0.0937923 0.1223055 0.0197793 -0.0855140 -0.0460497 -0.1433240 0.0167091 0.0049016 0.0715486 0.1277840 -0.0361435 -0.0690584 -0.2425439 -0.0016342 0.0962088 0.0354684 0.1936308 0.0655594 -0.1355037 -0.0053958 0.0365736 0.0515674 -0.1103010 0.0091449 -0.0746590 0.0250530 -0.0265823 -0.0530368 -0.0098866 -0.0329420 0.2749941 0.1144928 0.1573395 0.3843491 0.2868165 -0.0143065 0.2924913 0.2231997 0.3651396 0.3744244 0.2467167 0.2996667 0.2733259 0.4659361 0.5748792 0.4868839 0.4119924 0.3703439 0.0244676 0.3506596 0.1831636 -0.0178386 0.0288481 -0.0905885 -0.0633860 0.1753860 0.4292698 -0.0928543 -0.0239379 -0.2989560 -0.0522405 -0.0794919 0.0592298 -0.0673628 -0.0727265 0.1759390 -0.1054158 -0.0866258 -0.2564118 -0.0574192 0.2657152 0.1128869 0.2478164 -0.0192945 -0.1121994 0.0388469
0.0767074 0.2358101 0.7529766 0.0000000 0.5918854 0.9290158 -0.1015463 0.8670313 0.7572781 0.8833939 0.8550938 0.2800084 0.7838449 0.8638447 0.5271371 0.6876112 0.8441346 0.6135966 0.5184566 0.1544309 0.2384859 0.7004250 0.7007677 0.3237855 0.5836938 0.6932127 0.7358816 0.6109834 0.2780464 0.7470667 0.5157488 0.6472742 0.0749968 0.2043110 0.7439381 0.0877358 0.6635765 0.5623127 0.6406993 0.5133832 0.5820065 0.0217737 0.6930397 0.2822420 0.0697799 0.5258744 0.6584559 0.5746005 0.2412255 0.0477072 0.7033095 0.6897822 0.2433775 0.6508473 0.4566675 0.3847910 0.5441401 0.5419935 -0.0180011 0.6472701 0.1182235 0.7191398 0.1832706 0.5040441 0.6155666 0.4282223 0.5960402 0.7822774 0.4585626 0.8080218 0.4944739 0.8112396 0.6735355 0.7439590 0.4195127 0.8376551 0.7975112 0.4783221 0.6753431 0.7652819 0.1804346 -0.0864952 0.1723569 -0.1021476 -0.1247077 -0.1275327 -0.1085160 -0.2117524 -0.1912617 -0.1616738 -0.1904634 -0.2401112 -0.1785221 -0.1336491 -0.1315893 -0.1530681 -0.2764445 -0.1883016 -0.0540100 -0.0969622 -0.1766018 0.0734561 0.1912387 -0.1166310 -0.2054408 -0.1552349 0.1304780 0.3050939 -0.1963871 0.3160018 0.0362101 0.0852449 0.5008995 0.3340066 0.3066676 0.3648502 0.3324821 0.2985869 0.3928231 0.0619525 0.0964100 0.1380912 -0.3369912 -0.0791955 -0.0662024 -0.2389128 -0.1894776 -0.2266539 -0.1906972 -0.1566696 -0.1885355 -0.1999651 -0.2406065 0.4438993 -0.0426507 -0.1409607 -0.1239920 -0.1161844 -0.1806661 0.0044956 -0.0789369 -0.0782525 0.0971189 -0.0459970 -0.1601854 -0.2019571 -0.1714083 -0.2170486 -0.0066257 -0.0777942 -0.0331349 -0.1365855 -0.1594103 -0.1179033 -0.3307700 -0.0986257 0.0276840 -0.0985278 0.1155832 -0.0142179 -0.2009235 -0.0618158 -0.0283254 0.0337398 -0.1853361 -0.0846111 -0.1042175 -0.0202558 -0.1194481 -0.1474717 -0.0630131 -0.1231203 0.0896012 0.1234831 0.1221480 0.3754416 0.3154690 0.1651910 0.2785726 0.0635483 0.1606096 0.1135773 0.0583482 0.0242260 -0.0307859 0.6687375 0.3808528 0.6372375 0.7142973 0.7025264 -0.1550384 0.7286617 0.6116132 -0.1094806 -0.1716429 -0.1226028 -0.1362426 0.5751559 0.6926058 -0.1948137 0.0354645 -0.3924057 0.2387943 0.1089727 -0.0880734 -0.1489713 -0.1797384 0.4541845 -0.1510333 -0.0632757 -0.0633450 0.1307853 0.0516718 0.4453753 0.6285824 0.0007657 0.2897977 0.3019344
0.4151774 0.3370603 0.5922653 0.5918854 0.0000000 0.5770917 0.2077437 0.6329298 0.5254858 0.5902058 0.6178945 0.3592602 0.5775331 0.4871200 0.2686999 0.5160778 0.6215201 0.1826999 0.2960282 0.1669199 0.4755661 0.3785962 0.4994047 0.0330001 0.3003662 0.4281208 0.4589556 0.0982313 0.3599099 0.4148067 0.4274134 0.2868528 -0.2425263 -0.0410397 0.4529906 0.4296331 0.3980698 0.2817065 0.3365533 0.1895101 0.3005958 0.2645224 0.4198778 -0.1258161 -0.0429989 0.2419190 0.3170731 0.2098796 -0.0867629 -0.0846068 0.3657351 0.4430474 -0.0335044 0.3215864 0.1335038 0.1174648 0.2821606 0.1607867 0.3556706 0.3478552 0.2452448 0.4599679 -0.0331344 0.1331114 0.3238375 0.1982960 0.2931768 0.4747418 0.0695869 0.3577996 0.2076695 0.4685813 0.3713608 0.4751216 0.1257869 0.4562453 0.5542656 0.2544764 0.3928658 0.6174375 -0.1525860 -0.0522003 0.2415526 -0.0107974 0.0058126 0.0984224 -0.2160129 -0.1227209 -0.0188547 -0.1226221 -0.0968267 -0.0388954 -0.0141126 -0.1601846 -0.0876331 0.1046957 -0.2314206 -0.0650972 -0.1932244 -0.0326909 -0.1193785 0.2616527 0.4662072 -0.1627445 -0.0924735 0.0251057 0.3494374 0.4815727 -0.1916270 0.3648002 -0.0053323 0.3133603 0.6551833 0.4079857 0.4551958 0.4772088 0.4335627 0.5846189 0.6485665 0.5302762 0.4737929 0.3984523 -0.2345667 0.1556468 0.2828076 -0.0284970 0.1021998 -0.1629754 -0.0233500 0.0607185 0.1073587 -0.0307340 0.0322394 0.1432997 0.0796770 -0.0674586 -0.0007629 0.0494229 -0.0243671 0.0219028 0.0653474 -0.0014143 0.0618998 -0.2378671 -0.1169134 -0.0031268 0.0046825 -0.0921140 0.1791193 0.0019765 0.0041771 0.1492721 -0.0196942 0.0504055 -0.0846448 0.1877720 0.0377306 0.0365968 0.2467142 -0.0455211 -0.0573352 -0.1223749 0.2943532 -0.0504097 -0.0915436 0.1105796 0.1412823 0.1995272 0.0337965 -0.1968112 0.0720189 0.0799655 0.1989229 -0.1128517 0.2018019 0.5229429 0.4169469 0.2078217 0.4420698 0.3466552 0.0870368 0.3108596 0.3197400 0.3409487 0.4613859 0.4548631 0.5888370 0.4441887 0.5441856 0.5004096 0.2680860 0.5623224 0.4194673 0.1834132 0.1214920 -0.0193861 0.1575812 0.4771435 0.3478948 -0.0195822 -0.2382238 -0.4327131 0.1193845 0.0409624 0.0637185 -0.1449268 -0.0439402 0.4221627 -0.3427747 -0.2278914 -0.0947644 -0.0657030 0.0341935 0.4362105 0.4563936 -0.2871998 -0.0905387 0.1599638
0.1145377 0.2781170 0.8214211 0.9290158 0.5770917 0.0000000 -0.0123775 0.7845899 0.7847628 0.9055448 0.8152082 0.3423323 0.7263513 0.8188846 0.5742323 0.6214052 0.8197913 0.6812911 0.4502622 0.2320446 0.3260630 0.6125410 0.6690690 0.4182661 0.5114572 0.6337161 0.6071498 0.6592368 0.4199041 0.7141533 0.4031355 0.5954974 0.1795934 0.3084897 0.7335548 0.1784852 0.5983540 0.5045172 0.6895259 0.5651943 0.4426688 0.1717097 0.7008756 0.4055662 0.2335023 0.4898470 0.6302902 0.5356726 0.3564705 0.0233622 0.6699234 0.7143706 0.3538317 0.7239298 0.4769646 0.3643099 0.4898287 0.6318990 0.1139641 0.6076145 0.3011150 0.7142009 0.1498162 0.6048037 0.6728273 0.3876659 0.5558303 0.7646435 0.4262864 0.8508670 0.4457179 0.8151493 0.6393624 0.7795626 0.4010472 0.8395121 0.7622642 0.4332645 0.6837392 0.7839194 0.1012846 -0.0882108 0.1065690 -0.0245575 -0.0523624 -0.0699986 -0.0206370 -0.1237740 -0.1107719 -0.0920847 -0.1508391 -0.2417149 -0.1916411 -0.0447143 -0.0681387 -0.1005291 -0.2842525 -0.1911934 0.0688479 -0.0194564 -0.1269305 0.1008760 0.2364538 -0.1136380 -0.2341127 -0.1155850 0.0546280 0.2450412 -0.2733628 0.2386789 0.1112702 -0.0086593 0.4539588 0.2738688 0.2530115 0.3143756 0.2680303 0.2615240 0.3929056 0.0287107 0.0943086 0.1383359 -0.3477825 -0.0297473 -0.1062399 -0.2955567 -0.1608011 -0.3082340 -0.2896180 -0.1620322 -0.2481875 -0.2685697 -0.2758994 0.5193574 -0.1078146 -0.2157137 -0.1548741 -0.2513635 -0.3025693 -0.0959426 -0.1615386 -0.1604375 0.1059939 -0.0054887 -0.2158953 -0.2892479 -0.2684309 -0.3226945 -0.0113263 -0.1362514 -0.1154057 -0.1789055 -0.2345615 -0.1830921 -0.4039722 -0.1983805 0.0851470 -0.1778952 0.1792769 -0.0847023 -0.2723434 -0.1367445 -0.0878642 0.0766332 -0.2373706 -0.1704953 -0.1608743 -0.0210195 -0.0847818 -0.1866112 -0.0746129 -0.0933687 0.1139111 0.0874376 0.1020273 0.3970640 0.3255663 0.0510270 0.2986916 0.0722918 0.1416249 0.1678231 0.1894864 0.1423936 0.0849785 0.7302308 0.5385759 0.7103430 0.6563709 0.6148784 -0.1470473 0.6710498 0.5001724 0.0292264 -0.1206150 -0.0792113 -0.0377437 0.5075226 0.5471265 -0.1769007 -0.0499922 -0.4830974 0.0220295 -0.0203674 -0.2017499 -0.3155610 -0.2490160 0.4224827 -0.2247533 -0.1871268 -0.2386157 0.1166598 0.0357132 0.3933068 0.5814321 0.0615718 0.0888605 0.1430562
0.2868589 0.4661405 -0.0398016 -0.1015463 0.2077437 -0.0123775 0.0000000 -0.1319350 0.1868717 -0.0355798 -0.1258246 0.7428929 -0.0561784 -0.0551283 0.3572250 -0.0702543 -0.1607611 0.1402478 0.0353959 -0.0478663 0.5717117 -0.2094466 -0.1511183 0.1848236 -0.0732090 -0.0930334 -0.0038160 0.0735243 0.5584316 0.0396195 -0.1583555 -0.0506157 0.1067152 0.2353258 -0.1052856 0.5141508 -0.0015086 -0.0862021 -0.2780515 -0.2005960 -0.1316947 0.4762457 -0.1913358 -0.0017201 0.3977086 -0.0525128 0.0577254 -0.1403164 0.0205768 -0.3296700 -0.0054636 -0.2359092 0.1430054 -0.1724719 -0.0550075 -0.0660176 0.0998024 -0.0804732 0.3906232 0.0096664 0.2910951 -0.0008931 0.0822525 0.1292350 0.1834517 0.2481677 0.0372923 -0.0769503 0.0511115 -0.0780899 0.0859548 -0.0757002 -0.0488980 0.1070581 0.1417008 -0.1071632 -0.1417231 0.0376842 -0.0045793 0.2374424 -0.1070648 -0.0374827 -0.1730066 0.0550929 -0.0499519 -0.0308934 -0.1631378 0.0811035 -0.0777354 -0.0641719 -0.0668375 0.0747358 -0.1042978 -0.1741201 -0.0142290 0.0887642 -0.0332166 -0.1626466 -0.0541685 -0.4497857 -0.2063931 -0.0452592 0.0631041 -0.3948326 -0.0624575 -0.0227611 -0.0761622 -0.0646519 -0.1058937 -0.1666216 0.0868346 0.0256538 0.1479376 -0.0774672 -0.0522909 -0.0016518 -0.0894524 -0.0330345 0.0267920 0.1473217 -0.0536012 -0.1704738 0.1115553 -0.0280893 0.1671340 0.1100635 -0.0822633 0.1732160 0.1734903 0.0621797 0.1309585 0.3510514 0.1807089 -0.0500243 0.0687869 0.1661422 0.2140511 0.2095745 0.2102102 0.3046711 0.0385688 0.3005361 -0.0516250 0.1601577 0.2966687 0.1978442 0.2636103 0.2784046 -0.0586371 0.2953458 0.2278244 0.2822864 0.1823680 -0.0402025 0.1619732 0.2927078 -0.1187030 0.2640872 -0.0118553 -0.0885735 0.0434467 0.0771591 0.2404796 -0.1716813 0.0559492 0.2514341 -0.0057929 -0.1369089 -0.0040250 0.0155097 0.0194221 0.0153027 0.1767761 -0.0715851 0.6546615 0.6541950 0.3584347 -0.0956102 0.3587596 0.2843637 0.0187592 0.2083447 0.3614121 0.3016000 0.4413747 0.1083872 0.1550462 0.0592563 -0.1642976 -0.2237750 0.3071505 -0.0719166 0.0136691 0.5492200 0.3305687 0.4376339 0.6503676 -0.0108234 -0.0840225 0.3624067 -0.5023428 -0.1536359 0.1464124 0.3490617 0.0638841 0.1832695 0.3883962 -0.0443563 -0.3471743 -0.0452887 0.2148579 0.2355768 0.2670338 0.0857114 0.0470957 -0.1621566 -0.1090903 -0.1212497
0.1314761 0.3549183 0.6833310 0.8670313 0.6329298 0.7845899 -0.1319350 0.0000000 0.6048212 0.7897711 0.8725449 0.0854790 0.9493041 0.7297451 0.2481522 0.8806844 0.8189906 0.4417034 0.7701414 0.4145989 0.2301963 0.8952776 0.7262871 -0.0071891 0.7683672 0.7738990 0.6234324 0.3453204 0.1227014 0.5590441 0.8230878 0.7809758 -0.2464000 -0.1237644 0.7946878 0.1716311 0.8038116 0.8031681 0.5140254 0.3632621 0.8107297 0.0530154 0.7647133 -0.0396515 -0.2360447 0.7311546 0.8112383 0.7639949 -0.0883023 0.3327294 0.8346233 0.7249950 -0.0969600 0.4794761 0.6515522 0.5867713 0.7120450 0.2130094 0.1323325 0.8060649 0.0995593 0.8363417 0.2011878 0.1654342 0.3167805 0.5347141 0.7799315 0.8668023 0.5599054 0.6343331 0.6702902 0.6765626 0.8456080 0.5288107 0.5140057 0.7956079 0.8022947 0.5532382 0.6858214 0.7480266 0.0755146 0.0295685 0.2259292 0.1043105 0.1294207 0.0454076 -0.0420991 0.0301891 0.0473414 0.0503342 -0.0255029 -0.0914094 -0.0836620 0.0583359 0.0779155 -0.1307138 -0.2485364 -0.1511484 0.1167594 0.0678590 -0.0496588 0.1425803 0.2090689 -0.1070184 -0.1420415 -0.0627347 0.2874994 0.3707684 -0.0557665 0.4093111 0.1448593 0.2081104 0.5690394 0.3879026 0.3938843 0.4223641 0.4044334 0.4077379 0.4663185 0.2312044 0.2307387 0.2632775 -0.3660172 -0.1694475 0.0206663 -0.1293334 -0.0444073 -0.2082439 -0.0964468 -0.1112820 -0.1361111 -0.2417154 -0.1883906 0.2137952 0.0508803 -0.1301475 -0.1574521 -0.0984141 -0.1187738 -0.0834795 -0.0059671 -0.1474303 0.2048932 -0.1876432 -0.1824061 -0.1599342 -0.1755613 -0.2240178 0.1202083 -0.1555180 -0.0546856 -0.0982480 -0.1573096 0.0103716 -0.2031205 0.0307770 0.1256298 -0.0984807 0.2432759 0.1045269 -0.1016195 -0.0732089 0.1721757 0.1210123 -0.1335639 0.0100236 0.1080541 0.1615744 -0.0210595 -0.1322981 0.0410949 -0.0127419 0.0612766 0.0175076 0.1746965 0.2892202 0.2189986 0.1683267 0.2993670 0.1903180 0.3464689 0.2756977 0.1555572 0.2310411 0.2470814 0.4285197 0.4915607 0.4658842 0.7835401 0.8156675 -0.0110790 0.7430108 0.4832442 -0.0431741 -0.0768939 -0.1785310 -0.1449449 0.4799256 0.6622648 -0.1825508 0.0479025 -0.5135311 0.1941701 0.0338728 -0.0154902 -0.1543389 -0.1521456 0.3806205 -0.2563032 -0.3228273 -0.0755543 -0.0841907 -0.0012169 0.2996030 0.5354942 0.0230874 0.1599148 0.2721910
-0.1406289 0.0231619 0.6189426 0.7572781 0.5254858 0.7847628 0.1868717 0.6048212 0.0000000 0.8673112 0.7160858 0.6534997 0.4701567 0.7765750 0.8600357 0.5877729 0.6776560 0.8138870 0.3560722 -0.1427046 0.2804998 0.3918500 0.6955611 0.5954337 0.4287447 0.6732930 0.6160038 0.6480661 0.5292962 0.6023033 0.1744194 0.4427672 0.3274057 0.5170826 0.7449435 0.0406478 0.5182092 0.3704861 0.7022149 0.6146110 0.2853391 -0.0376930 0.7589914 0.4774747 0.3578985 0.3626506 0.5592536 0.3961044 0.4927157 -0.1551126 0.6314874 0.7512409 0.4860643 0.6829100 0.2938285 0.2590949 0.3634160 0.6367105 -0.1534222 0.5344058 0.0003896 0.6630188 0.2337654 0.6115237 0.6912589 0.2896945 0.4551794 0.5810815 0.3603620 0.6929283 0.3206280 0.6842257 0.4707865 0.7285228 0.3405153 0.6372442 0.5981832 0.2590499 0.4280368 0.6239846 -0.1332481 -0.3372444 -0.1584939 -0.3057054 -0.3417420 -0.3461167 -0.3378870 -0.3311282 -0.3609208 -0.4690094 -0.3600543 -0.4319637 -0.4535089 -0.2343605 -0.3346058 -0.3022847 -0.4999090 -0.3542495 -0.2215023 -0.2048291 -0.3840651 -0.0995925 0.0236509 -0.1511848 -0.4562887 -0.3360539 -0.2950416 -0.0323982 -0.4941512 -0.0618510 -0.2427410 -0.3964585 0.2716654 0.0293647 0.0691995 0.1029435 0.0112138 0.0638488 0.1862009 -0.1995578 -0.1439104 -0.0813344 -0.4287674 -0.0285975 -0.2560351 -0.4172014 -0.2685136 -0.3153200 -0.3533728 -0.1182420 -0.3108832 -0.3129823 -0.3499670 0.7285492 -0.3855436 -0.2470895 -0.1164915 -0.3071812 -0.3113545 -0.2213338 -0.3981493 -0.2548480 -0.2041096 0.1179137 -0.1819783 -0.3213047 -0.3185615 -0.3310948 -0.3113231 -0.2635924 -0.2992207 -0.2523629 -0.3391933 -0.4382459 -0.4708318 -0.2717459 -0.2174624 -0.3328832 -0.0595819 -0.3699875 -0.3754239 -0.3344497 -0.1476473 -0.2399089 -0.4231246 -0.3031412 -0.3560131 -0.2781465 -0.3392089 -0.3834798 -0.3754042 -0.3895792 -0.3462134 -0.1663520 -0.0297550 0.5877106 0.6622712 0.3646107 0.2877905 -0.0060871 -0.1891930 -0.1227993 -0.0889344 -0.1413158 -0.0714107 0.6694028 0.2428252 0.5861264 0.5212061 0.4964014 -0.2182614 0.6355718 0.6221198 0.0665615 -0.1872591 -0.0155914 0.0515910 0.6804071 0.3675470 -0.1890932 -0.3174299 -0.3847250 0.1315870 0.0950852 -0.3256882 -0.3687929 -0.1668337 0.6193701 -0.2997805 -0.0222212 -0.1856319 0.1179690 -0.1696574 0.6296356 0.5629084 -0.1803826 0.1453401 0.0932783
-0.0095902 0.0944053 0.6791955 0.8833939 0.5902058 0.9055448 -0.0355798 0.7897711 0.8673112 0.0000000 0.8716220 0.3959763 0.6991013 0.9448280 0.6810341 0.6763329 0.8980273 0.8083574 0.4608037 0.1509323 0.2002489 0.5932009 0.7555230 0.4575525 0.5330845 0.7007493 0.7598339 0.7188458 0.3510618 0.8262887 0.4241879 0.5651074 0.2172669 0.3299313 0.8328552 0.0134362 0.5980216 0.4958436 0.8712404 0.7689053 0.4388046 -0.0367766 0.8416349 0.4533327 0.1716888 0.4661732 0.6714972 0.5087371 0.4208804 -0.0921564 0.7338268 0.8949438 0.3606776 0.8608376 0.3877850 0.3076383 0.4341249 0.6968156 -0.1058386 0.6326140 0.0693482 0.8027947 0.1040358 0.5590522 0.6187230 0.3059261 0.5432570 0.7836163 0.3481220 0.8161500 0.3801678 0.7776045 0.6180602 0.7313096 0.2786345 0.8137601 0.8058765 0.3221381 0.5410030 0.7947046 -0.0856524 -0.1720652 0.0815078 -0.2425258 -0.2579553 -0.2626905 -0.2813811 -0.3373687 -0.3086841 -0.3321526 -0.3741029 -0.3684276 -0.2661159 -0.2266940 -0.2981128 -0.3178861 -0.4875699 -0.3168514 -0.1456873 -0.1411143 -0.3134581 -0.0174558 0.1365105 -0.1328284 -0.4396446 -0.3017485 -0.0511819 0.2201598 -0.4189960 0.2118767 -0.1153396 -0.0926408 0.5187284 0.2978231 0.3260506 0.3379622 0.2790677 0.3117881 0.4028243 -0.0236454 0.0356670 0.1378624 -0.4641766 -0.1091746 -0.2486361 -0.3714516 -0.2236980 -0.3456894 -0.3580252 -0.2032681 -0.3421922 -0.3675779 -0.4028913 0.6009167 -0.2036904 -0.2241093 -0.2196760 -0.3233542 -0.3654912 -0.2496887 -0.2289816 -0.3037878 -0.0258179 -0.0177690 -0.2879333 -0.3153973 -0.3553980 -0.3989763 -0.1090861 -0.2883521 -0.2469343 -0.1745829 -0.3367509 -0.2323996 -0.4694116 -0.1035480 0.0246586 -0.2658900 0.1303290 -0.1319413 -0.3649918 -0.2617173 0.0181622 0.0401042 -0.3619570 -0.1411072 -0.1234958 -0.0281499 -0.1601830 -0.2778545 -0.1876690 -0.2120006 -0.1436868 -0.1461598 -0.0549185 0.3542962 0.4026893 0.2969075 0.2518531 0.0346336 0.0483803 -0.0224163 -0.0552438 -0.1108336 -0.0891843 0.6495216 0.4281002 0.7101781 0.7729937 0.7527608 -0.1598668 0.8321044 0.7217182 0.0143891 -0.1760923 -0.0990493 -0.0840785 0.6838721 0.5199707 -0.2270648 -0.1247374 -0.4986465 0.1244001 0.0233847 -0.2368699 -0.3390616 -0.2852188 0.5808059 -0.3048863 -0.1929049 -0.1747538 0.0338348 -0.1183122 0.5315158 0.5805695 0.0347150 0.1000822 0.0959566
-0.0066710 0.0628516 0.6211716 0.8550938 0.6178945 0.8152082 -0.1258246 0.8725449 0.7160858 0.8716220 0.0000000 0.2516411 0.7519684 0.8618984 0.4130915 0.8695391 0.9573669 0.5894781 0.6524082 0.1935330 0.2729131 0.7238408 0.9326631 0.1291574 0.7137412 0.8872422 0.8067492 0.4438954 0.2386024 0.7067901 0.5130706 0.7242601 -0.1697345 -0.0160779 0.9280883 0.1408523 0.7911342 0.6980843 0.6926298 0.5249398 0.6327817 0.0288853 0.8729544 0.0770342 -0.1240181 0.6812210 0.7842764 0.6988563 0.0400065 0.2810125 0.8254154 0.8468332 0.0242162 0.6509249 0.5925682 0.5871178 0.6689928 0.4014679 0.0998077 0.7695733 0.1443583 0.8682517 0.3100093 0.3063428 0.4497391 0.5642512 0.7075572 0.8772305 0.5743520 0.7305153 0.6303048 0.7138911 0.7823196 0.5853933 0.5567695 0.8169104 0.7607848 0.6504128 0.7520435 0.7075324 0.2004214 0.1905385 0.3571259 0.0977773 0.0493590 0.0559652 -0.0073990 -0.0907329 0.0101592 -0.0474966 -0.0329462 -0.0991534 -0.1032223 -0.0572410 0.0157469 -0.0509267 -0.1892473 -0.0522764 0.0521772 0.0696317 0.0610464 0.1872099 0.2699842 0.1904028 -0.0715772 0.0069555 0.1516261 0.1940367 -0.0881038 0.1648649 0.0910933 -0.0022249 0.3762532 0.1724685 0.1868460 0.1849818 0.1872012 0.2530840 0.2992855 0.0890797 0.1272711 0.1391366 -0.2452155 0.0129300 -0.0733121 -0.3255260 -0.0096708 -0.1419298 -0.2691784 -0.0101994 -0.1278423 -0.2129441 -0.1495868 0.3180601 0.0817481 -0.0389801 -0.0692581 -0.1695153 -0.2028121 -0.0375697 0.0380184 -0.1111849 0.1508907 -0.1442878 -0.2046057 -0.0735665 -0.1567394 -0.1876410 0.1051419 -0.0437817 -0.0117394 -0.2633328 -0.0857071 0.0223812 -0.1709378 -0.0372955 0.0857761 -0.0788983 0.1588286 0.0534237 -0.0627630 0.0107116 0.0383021 0.1057682 -0.0829642 -0.0404956 -0.0048213 0.0801413 -0.0409308 -0.0780745 -0.0100014 -0.0563134 -0.0273283 -0.0224356 0.0479949 0.3903697 0.4313733 0.4268149 0.3179750 0.0949624 0.1025846 0.1271928 0.1258108 0.0847007 0.0947990 0.5132838 0.2920623 0.3732778 0.6574439 0.7333632 -0.1127161 0.7366539 0.5464952 -0.1123453 -0.2426726 -0.2358144 -0.1705493 0.6301597 0.7288600 -0.3135761 -0.0542345 -0.4014452 0.1167767 -0.0454712 0.0092129 -0.2083608 -0.2464222 0.5342625 -0.2410774 -0.1012210 -0.0937730 0.1855258 -0.0845780 0.4484525 0.6314721 0.0881505 0.1244874 0.2362648
0.0129801 0.0475880 0.1550406 0.2800084 0.3592602 0.3423323 0.7428929 0.0854790 0.6534997 0.3959763 0.2516411 0.0000000 -0.0217469 0.3781253 0.8079781 0.1497975 0.1914932 0.5803004 0.0297604 -0.3263084 0.5940253 -0.1719186 0.2335589 0.6516438 0.0275730 0.2325687 0.2984923 0.5240561 0.7590724 0.3886449 -0.2270025 0.0285146 0.4660058 0.6411522 0.2435017 0.3365577 0.1135124 -0.0361376 0.2575179 0.2914259 -0.1596006 0.2464361 0.2076632 0.4372067 0.6298938 0.0080057 0.1666372 -0.0321218 0.4844865 -0.3913066 0.1801557 0.2067225 0.5964090 0.3376232 -0.0293715 -0.0236963 0.0909388 0.4517511 0.0392916 0.1332033 0.1503345 0.2319772 0.1280755 0.6139283 0.6871288 0.1777769 0.0950230 0.1626982 0.1504059 0.3695634 0.0470641 0.3812488 0.0684752 0.5910604 0.1731944 0.2348515 0.2058515 0.0863699 0.1797725 0.4412435 -0.1272851 -0.1948631 -0.1862767 -0.1320471 -0.2282217 -0.1572451 -0.2295913 -0.1362629 -0.2386009 -0.3243063 -0.2461878 -0.1751107 -0.2690782 -0.2068466 -0.2324865 -0.0321441 -0.2281927 -0.1728775 -0.2370544 -0.3295323 -0.3047315 -0.0094248 0.1028935 -0.2155790 -0.2727312 -0.1634207 -0.2209029 -0.0467592 -0.3906921 -0.2291457 -0.2254636 -0.2607566 0.1740638 -0.1021776 -0.0948416 -0.0296692 -0.1332730 -0.0187875 0.0902706 -0.0232501 -0.0477302 -0.1329170 -0.0543000 0.2413474 0.0223804 -0.2164445 -0.1176496 -0.0385547 -0.1610263 0.0937469 -0.0281748 0.1093629 -0.0330519 0.4309379 -0.1785653 -0.0076289 0.0966570 -0.0371686 -0.0774648 0.1212704 -0.1867708 0.0798002 -0.2592572 0.1084533 0.0432426 -0.0372801 0.0447358 0.0506348 -0.2841506 0.1348838 0.0156397 0.0157080 0.0108863 -0.3005805 -0.0856498 0.0477366 -0.3411564 0.0126148 -0.2144639 -0.3408003 -0.1056569 -0.0853756 0.0388647 -0.3603970 -0.1344345 -0.0026614 -0.3014975 -0.3433131 -0.3141690 -0.2545145 -0.2472275 -0.3026947 -0.1523668 -0.0619385 0.2973116 0.7763941 0.7156805 0.2798919 0.4664880 0.2218464 -0.2153282 0.0046068 0.0856414 -0.0037390 0.0685672 0.5850217 0.1052670 0.3702338 0.1023987 0.0412404 0.0613215 0.2791212 0.3941224 0.4048254 0.0574583 0.3215664 0.5153265 0.4663601 0.0833145 0.1356682 -0.4221853 -0.1388107 0.2482271 0.3905834 -0.1687455 -0.1120745 0.1180257 0.3992611 -0.2227566 0.1418360 0.0676658 0.3945148 -0.1063988 0.5505375 0.4394082 -0.3353499 0.0416370 0.0229251
0.1959459 0.5579628 0.6477668 0.7838449 0.5775331 0.7263513 -0.0561784 0.9493041 0.4701567 0.6991013 0.7519684 -0.0217469 0.0000000 0.6343078 0.1261024 0.7985560 0.7369192 0.3320527 0.7618547 0.5366875 0.2373297 0.9172774 0.5824600 -0.1282860 0.7196533 0.6489235 0.5341305 0.2501670 0.0808693 0.4866470 0.8702602 0.7587626 -0.3248037 -0.2365611 0.6834275 0.2654748 0.7503649 0.7745616 0.3818904 0.2487164 0.8034344 0.1910388 0.6432434 -0.1365360 -0.2579898 0.6786270 0.7740521 0.7091985 -0.1988934 0.2641360 0.7834558 0.6019249 -0.2072424 0.3622692 0.6089626 0.5161161 0.6791665 0.0814323 0.2662454 0.7683904 0.2196454 0.7742584 0.1282750 0.0597734 0.1856399 0.5143411 0.7618006 0.8241109 0.4959029 0.5638205 0.6610557 0.6009640 0.8207986 0.4202292 0.4576092 0.7434803 0.7560413 0.4846599 0.6116281 0.7541836 0.0108739 -0.0078284 0.1447497 0.0905051 0.1068295 -0.0339301 -0.1101624 0.0351829 0.0051691 0.0648662 -0.0926245 -0.1251576 -0.1252483 0.0155673 0.0422617 -0.2165015 -0.2979087 -0.2863290 0.1115502 -0.0354973 -0.1179079 -0.0097420 0.0873419 -0.2347544 -0.1826952 -0.1423221 0.2496685 0.3243302 -0.0351391 0.4293689 0.2015305 0.3160310 0.5771950 0.4150783 0.4364392 0.4555128 0.4298051 0.3927162 0.4355779 0.2186358 0.1396037 0.2023856 -0.4276407 -0.3759699 -0.0267817 0.0253925 -0.1719561 -0.2271121 0.0265980 -0.2843546 -0.1911443 -0.2516864 -0.2235944 0.0530113 0.0442105 -0.1630759 -0.1969446 -0.0581434 -0.0657431 -0.0449305 -0.0210031 -0.1194225 0.2307878 -0.0693292 -0.1067975 -0.1985746 -0.1753501 -0.2166896 0.1435555 -0.1730789 -0.0339254 0.0290435 -0.1982983 0.0241115 -0.2568802 0.0513289 0.2045148 -0.0845243 0.3125372 0.1850027 -0.1979332 -0.0967658 0.1737608 0.2019978 -0.1854901 0.0368312 0.1582800 0.2062724 0.0579288 -0.1009427 0.0734624 0.0596442 0.1906344 0.0742515 0.3255428 0.2459330 0.0842925 0.0128659 0.2939116 0.2339811 0.4367984 0.3664432 0.2853074 0.3412025 0.3419743 0.3133864 0.5797378 0.4544674 0.7720463 0.7701824 0.0867883 0.6755820 0.4132974 0.0945188 0.1030471 -0.0401502 -0.0334692 0.3537251 0.6058211 -0.0230166 -0.0205934 -0.5551569 0.0993093 0.0115596 -0.0172664 -0.1097868 -0.0386265 0.2542951 -0.3888629 -0.4270189 -0.0760421 -0.1577394 0.1131064 0.1794998 0.4540882 0.1087858 0.1777909 0.2836133
-0.0848616 -0.0252625 0.5403472 0.8638447 0.4871200 0.8188846 -0.0551283 0.7297451 0.7765750 0.9448280 0.8618984 0.3781253 0.6343078 0.0000000 0.6312919 0.6286787 0.9042238 0.7939411 0.4270027 0.0760053 0.1107708 0.5523969 0.7354453 0.3961924 0.4979369 0.6682916 0.8783032 0.7331753 0.2128304 0.9207628 0.3625405 0.5325639 0.1839628 0.2500825 0.7837578 -0.0850739 0.5652705 0.4577124 0.8626207 0.7857981 0.4397010 -0.1505596 0.7716057 0.4332872 0.0873578 0.4306666 0.6438509 0.4797929 0.3749103 -0.1113135 0.6901306 0.8255944 0.3027649 0.8463469 0.3375766 0.3001004 0.4257050 0.6853956 -0.2149988 0.5829374 -0.0234450 0.7478867 0.1632398 0.5085219 0.5876831 0.3414374 0.4983275 0.7562211 0.3757318 0.7886015 0.3783240 0.7257141 0.5717463 0.6685587 0.2930892 0.7787894 0.7581826 0.3631730 0.5313301 0.7376082 0.0597343 -0.0264533 0.1984965 -0.2484631 -0.3012452 -0.2839112 -0.3166968 -0.3723309 -0.3561928 -0.3317609 -0.3946280 -0.3439355 -0.2200143 -0.2828058 -0.3370691 -0.3132419 -0.4011464 -0.2735935 -0.2066029 -0.2331960 -0.2732258 -0.0343554 0.1210531 -0.0348108 -0.3445094 -0.2883101 -0.0181287 0.1814586 -0.2597306 0.1509090 -0.1376703 0.0041417 0.4875587 0.2207108 0.2367556 0.2430355 0.1985198 0.2082904 0.2730002 -0.0364516 -0.0535451 0.0209950 -0.3341575 -0.0795801 -0.2138827 -0.2820805 -0.2688994 -0.1659925 -0.2415408 -0.1806083 -0.2470919 -0.2291835 -0.3207430 0.4989978 -0.1131601 -0.0552435 -0.1056990 -0.1540432 -0.2226813 -0.0470389 -0.1284815 -0.1294011 -0.0786438 0.0241998 -0.1407602 -0.1953430 -0.1880821 -0.2148860 -0.1501508 -0.1173658 -0.0736136 -0.1752605 -0.1820020 -0.1734653 -0.3760164 -0.0286281 -0.0319711 -0.1349330 0.0028996 -0.0378277 -0.3141568 -0.1080294 -0.0166458 0.0257579 -0.2761641 -0.0624497 -0.1250825 -0.0884002 -0.1777515 -0.1769640 -0.1935417 -0.2437922 -0.1050992 -0.0666381 -0.0348580 0.3292453 0.3931290 0.4044394 0.1922971 -0.0376382 0.0036347 -0.1163015 -0.1606494 -0.2548019 -0.2261761 0.5949997 0.2888085 0.6327600 0.7233276 0.7314198 -0.0803687 0.8058876 0.7836115 -0.0780952 -0.1695133 -0.0541954 -0.1137560 0.7131951 0.6413625 -0.1620564 -0.0187306 -0.3376880 0.2898517 0.1688218 -0.0808617 -0.1734115 -0.1518567 0.5935582 -0.1872134 -0.0095327 0.0490548 0.2423096 -0.0518079 0.5488030 0.6218587 0.0887673 0.2353519 0.1745115
-0.2166052 -0.0941596 0.3047479 0.5271371 0.2686999 0.5742323 0.3572250 0.2481522 0.8600357 0.6810341 0.4130915 0.8079781 0.1261024 0.6312919 0.0000000 0.2423970 0.3958096 0.8603940 0.0953023 -0.3224692 0.3246993 0.0337354 0.4005882 0.8721870 0.1775100 0.3876573 0.4689643 0.7981154 0.6886417 0.5766284 -0.1542876 0.1837363 0.6787468 0.8263200 0.4722407 0.0196584 0.2347072 0.0638367 0.6045334 0.6082822 -0.0498507 0.0105948 0.4784761 0.7051462 0.6858903 0.0814431 0.3156574 0.0898763 0.7517500 -0.4523190 0.3795526 0.5204313 0.7830438 0.6650030 0.0108633 -0.0273416 0.1164833 0.7625612 -0.2661293 0.2975283 -0.0053426 0.4250165 0.1418067 0.8159220 0.8083901 0.1115392 0.2158137 0.3383160 0.1703699 0.6372179 0.0794077 0.5985880 0.2021982 0.7502707 0.1167162 0.4697964 0.4316032 0.0490277 0.2224522 0.5336303 -0.1778422 -0.4265118 -0.2603940 -0.4708321 -0.5538799 -0.4780043 -0.3718128 -0.5029779 -0.5623217 -0.6252471 -0.5253562 -0.4828614 -0.4371610 -0.4279803 -0.5081200 -0.3544480 -0.4908732 -0.3646426 -0.3897419 -0.3984793 -0.5404186 -0.2009594 -0.0773734 -0.2322872 -0.5587026 -0.4243249 -0.4543062 -0.1085836 -0.6681170 -0.1704318 -0.3764969 -0.4950459 0.1527904 0.0032899 0.0157915 0.0632416 -0.0348990 -0.0002023 0.1152246 -0.3318845 -0.2212719 -0.1375198 -0.3485983 -0.0220429 -0.3625953 -0.5058016 -0.3092013 -0.3167883 -0.4477233 -0.1309065 -0.3709861 -0.2171918 -0.3553572 0.7333710 -0.3985465 -0.2470463 -0.1418507 -0.3536140 -0.3632324 -0.2245989 -0.3970745 -0.2468738 -0.2428004 0.1407832 -0.2101439 -0.2914347 -0.3041704 -0.2890350 -0.3522189 -0.2220720 -0.3126864 -0.1904035 -0.3203682 -0.4506653 -0.4390217 -0.1949903 -0.2613885 -0.2803427 -0.1413154 -0.4468426 -0.3637820 -0.3171476 -0.0983455 -0.2671667 -0.3857753 -0.2273554 -0.3800658 -0.3401768 -0.3741785 -0.3736509 -0.3703098 -0.4139591 -0.3825942 -0.1576659 -0.0221569 0.5226818 0.5775583 0.2741609 0.2796091 -0.0201160 -0.2619002 -0.2584707 -0.1832632 -0.3185676 -0.3224198 0.6998552 0.0422690 0.5967139 0.3472634 0.2880774 -0.3323875 0.5106114 0.6182273 0.1692416 -0.2306494 0.0935995 0.1910856 0.5773768 0.1492265 -0.1394760 -0.3724921 -0.2525628 0.1996786 0.2357635 -0.4647781 -0.3192512 -0.2043129 0.4544008 -0.2666464 0.0786521 -0.1067088 0.1620579 -0.2291706 0.5798619 0.4278274 -0.2065837 0.1958853 0.0244797
-0.0590652 0.1733490 0.4141028 0.6876112 0.5160778 0.6214052 -0.0702543 0.8806844 0.5877729 0.6763329 0.8695391 0.1497975 0.7985560 0.6286787 0.2423970 0.0000000 0.7845445 0.4156993 0.8915895 0.3049847 0.2644724 0.8594907 0.8745089 -0.0808789 0.8957113 0.9396446 0.5888430 0.2013432 0.1644634 0.3835013 0.6876778 0.8703141 -0.3457038 -0.1905337 0.8985384 0.1982572 0.9149500 0.9117226 0.4382242 0.2590519 0.8209655 0.0574872 0.8632396 -0.1685196 -0.3064076 0.8774607 0.8867217 0.8794467 -0.2046274 0.5089457 0.9258611 0.7475811 -0.1922385 0.3909666 0.7771142 0.8030254 0.8316632 0.0742500 0.1844091 0.9217083 0.0784852 0.9184365 0.4686130 0.0638016 0.2365289 0.7070638 0.9011169 0.9110608 0.7580170 0.6022961 0.8164285 0.6163181 0.9353011 0.4410899 0.7323110 0.7915095 0.7466477 0.7318125 0.7769081 0.6730412 0.1001675 0.1432010 0.2657459 0.2113571 0.1816769 0.0957389 0.0417936 0.0980798 0.1199854 0.0287220 0.0640443 -0.0397642 -0.0823568 0.0465543 0.1283543 -0.0698892 -0.1763859 -0.0331023 0.1053722 0.0647026 0.0383534 0.1425498 0.1728577 0.0971560 -0.0740754 0.0148531 0.1464358 0.1291604 -0.0340528 0.1581067 0.0701093 -0.0444878 0.2962171 0.1381524 0.1441520 0.1546377 0.1559611 0.1935038 0.2353280 0.0417314 0.0916487 0.1619334 -0.3310763 -0.1638758 -0.1392363 -0.2643033 0.0653162 -0.2023162 -0.2368784 -0.0264175 -0.1932261 -0.2942589 -0.1385904 0.1841460 0.0596645 -0.1406709 -0.1410908 -0.2155632 -0.1861209 -0.1305198 -0.0206396 -0.2078370 0.2352301 -0.2571639 -0.2324147 -0.1444992 -0.2233435 -0.2224934 0.1534753 -0.1693341 -0.1240094 -0.3694189 -0.1740330 0.0141149 -0.1027664 -0.1340694 0.1214026 -0.1922909 0.2352536 0.0360975 -0.0125979 -0.0690863 0.0438950 0.1191654 -0.0829028 -0.1194201 0.0754167 0.1470698 0.0219290 -0.0976455 0.0345784 0.0203192 -0.1415857 -0.0876632 0.1262113 0.3382816 0.3436315 0.3331003 0.2573216 0.0707403 0.0877205 0.1352567 0.1788631 0.2232606 0.2913181 0.3073496 0.2619724 0.2200791 0.6509702 0.7552311 -0.1173598 0.6962048 0.4311588 -0.0567448 -0.1966825 -0.2286019 -0.1465182 0.5767791 0.6366179 -0.2750212 -0.0797409 -0.5192595 0.1174768 -0.0472139 -0.0812375 -0.2848744 -0.1789632 0.4904496 -0.3335633 -0.3213456 -0.0623159 0.0460403 -0.1841076 0.3963449 0.6058759 0.0179934 0.1322190 0.2396359
0.0666366 0.0777153 0.5943634 0.8441346 0.6215201 0.8197913 -0.1607611 0.8189906 0.6776560 0.8980273 0.9573669 0.1914932 0.7369192 0.9042238 0.3958096 0.7845445 0.0000000 0.5705191 0.5541387 0.2268129 0.1603329 0.6940002 0.8863591 0.1155372 0.6292042 0.8047061 0.8496934 0.4677374 0.1478120 0.7824958 0.4973857 0.6716180 -0.1335501 -0.0302406 0.8911824 0.0584904 0.7103100 0.6053920 0.7697861 0.6183361 0.5715295 -0.0249089 0.8553209 0.1448362 -0.1552395 0.5984307 0.7073859 0.6190442 0.0900042 0.1307751 0.7661179 0.8674242 0.0232237 0.7349026 0.5031390 0.4831555 0.5541734 0.4748957 0.0561295 0.6876781 0.1181154 0.8375763 0.1876579 0.2897265 0.3939365 0.4525502 0.6077369 0.8614243 0.4348142 0.7421707 0.5054193 0.6955678 0.7065704 0.5478480 0.4106191 0.8232277 0.7987177 0.5381937 0.6712679 0.7419900 0.1101373 0.1112175 0.3556051 -0.0276656 -0.0600608 -0.0585948 -0.1231422 -0.2147937 -0.1084081 -0.1453201 -0.1667340 -0.1509887 -0.0710603 -0.1761069 -0.1228762 -0.1293766 -0.2718674 -0.1108253 -0.0440592 -0.0516244 -0.0605634 0.1108746 0.2457729 0.0884487 -0.1712370 -0.0895428 0.1535971 0.2603495 -0.1490512 0.2609668 0.0301101 0.0614332 0.4743029 0.2851760 0.3018258 0.2857716 0.2804400 0.3195263 0.3547140 0.0855392 0.1102747 0.1929324 -0.3185286 -0.0815045 -0.1676381 -0.2769634 -0.0774832 -0.2001721 -0.2699043 -0.1235978 -0.2098755 -0.2830710 -0.2424769 0.3661619 0.0562558 -0.0734208 -0.1291031 -0.2044607 -0.2577127 -0.0898421 0.0217016 -0.1727032 0.1456199 -0.1130018 -0.2331661 -0.1437381 -0.2228126 -0.2648005 0.1202043 -0.1233736 -0.0580797 -0.2097409 -0.1692251 0.0245832 -0.2544959 -0.0430430 0.1869559 -0.1180381 0.2394579 0.1027499 -0.1626147 -0.0481406 0.0171116 0.2193482 -0.1468475 -0.0382853 0.0419132 0.1456728 0.0561858 -0.0464929 0.0129290 0.0105284 0.0266882 -0.0945435 -0.0048619 0.2922280 0.3350900 0.3802703 0.2045554 0.0109944 0.0453712 0.0431982 0.0690824 -0.0015134 0.0301866 0.4520531 0.3361030 0.4642331 0.7313633 0.7764344 -0.0958355 0.8003404 0.6458284 -0.1197707 -0.1962360 -0.1905517 -0.2044098 0.6920555 0.6905597 -0.2670755 -0.0347947 -0.4580347 0.0814674 -0.0862762 0.0066065 -0.2326574 -0.2381462 0.6102118 -0.2600433 -0.1610102 -0.0816445 0.1619675 -0.0537583 0.5006278 0.6345774 0.1428163 0.0706110 0.1558642
