0.0000000 0.7363288 0.0677947 -0.3337529 -0.1590148 0.5230366 0.4637890 -0.0701520 0.2689697 0.7346769 0.5502161 0.2469708 -0.1726924 0.4006727 0.1997408 0.0136749 0.2951667 0.4650166 0.1485347 -0.5190607 0.2460681 -0.3343632 0.1653338 -0.2668109 0.2704062 0.0362879 0.7149196 -0.1342790 0.0436011 0.3783241 -0.2855757 0.3015304 0.1442154 0.3925876 0.3603484 0.3052325 0.0538750 -0.3082201 0.2095175 -0.1449322 -0.2749617 0.3059760 0.3966101 -0.1150967 0.0033725 0.3452429 0.0852269 -0.5299176 0.5088459 0.0743846 0.0411462 0.4141452 0.1434009 0.3897068 -0.4948592 0.0384109 -0.0591124 0.1824355 -0.1435529 0.3788838 -0.0621578 0.6387568 -0.2366371 0.3346060 -0.0420736 -0.2297659 0.5191597 0.3951183 0.0288158 0.1927469 0.3721012 0.2365630 0.4027764 0.2127049 0.1368424 0.1700127 0.2037803 0.3402021 0.1822598 -0.0789560 0.0790952 -0.2232780 0.0884501 -0.0859404 0.6847532 -0.0132590 0.2735424 -0.1828387 0.3795267 0.1080152 -0.0370525 -0.0645420 -0.4916497 0.0874087 0.2691206 0.0314190 0.0560511 -0.3991336 0.0348759 0.0482245 -0.2077226 -0.2358530 -0.2032504 0.3102709 -0.2036163 -0.1651312 -0.2182522 0.1226116 0.1411592 0.2222413 0.0018242 -0.0392412 -0.2237824 -0.0060533 -0.1421899 -0.1727799 -0.0472867 -0.0815596 -0.1571515 -0.0417411 -0.1496373 0.2068927 0.2149058 -0.3500178 -0.2536157 -0.2720776 0.2810457 0.3865986 0.0829963 -0.2186417 -0.2120232 0.1606969 0.0115927 0.0651115 0.1420240 0.0089550 -0.3440001 0.2557041 -0.2684468 -0.2316941 0.0647337 -0.1652683 0.3299702 0.0347804 -0.1116251 -0.0531544 -0.1024185 -0.4185893 0.3114648 -0.4579470 -0.3603039 0.0057676 0.1500663 0.1159125 -0.2844273 -0.0184227 0.0313438 -0.0610100 0.2822361 -0.0838837 -0.0817363 -0.0999418 0.0301420 0.0521547 0.1701166 -0.0714013 -0.0066356 0.2039139 0.2413822 0.3778193 0.2028100 0.2473036 0.7566133 0.5010908 0.5965412 0.3984964 0.2432280 0.2939850 0.2896215 0.4079138 0.5544054 -0.0919590 -0.2659566 -0.3672744 -0.0842954 -0.1442407 -0.0205968 0.2502730 0.3035523 0.1286082 0.1550291 0.1579747 0.1641410 0.2704712 -0.0648289 -0.1203189 0.0754053 0.1260924 0.0094276 -0.0441636 0.2514560 -0.3071336 0.0811357 -0.0675146 -0.2640070 0.4693062 -0.2104431 -0.3337450 -0.2206518 0.1306589 0.1583704 0.2988405 -0.0354667 0.2642690 -0.1598084 -0.1139932 -0.0245632 -0.3967860
0.7363288 0.0000000 0.1986172 -0.0201146 0.0519676 0.7939312 0.8307949 0.1473048 0.6966761 0.7140938 0.4680116 0.7307897 0.1148394 0.6428050 0.5377352 0.2321572 0.1255315 0.4993861 0.1662292 0.0724969 0.6266571 -0.1352497 0.2464522 0.1343929 0.2785316 0.0346610 0.8077288 0.0497512 0.4514774 0.6441294 0.1087833 0.1235875 0.5910656 0.7530958 0.4700728 0.4252796 0.0025609 -0.0608234 0.5197879 0.1977891 -0.1706227 0.3712016 0.5677183 0.0712524 0.2879603 0.4401235 0.2425446 -0.4382684 0.8047819 0.2700925 0.1731829 0.4866908 0.5864950 0.4475961 -0.5502559 0.1206371 0.0628328 0.2348208 -0.0342079 0.4932624 0.2975994 0.5893547 -0.5422728 0.7350635 0.4758533 -0.3980457 0.3803373 0.0998513 -0.0221717 0.3776059 0.3318449 0.4937336 0.4412950 0.5541685 0.1182015 0.4365443 0.5429000 0.3681276 0.5525025 0.3017638 0.3827839 -0.1613822 -0.0138571 -0.2328764 0.3492091 -0.1625355 0.3983299 -0.4071577 0.2354760 -0.0252023 0.2420923 0.1439523 -0.3315330 0.0917991 0.2987486 0.1795181 0.3691458 -0.4788899 0.2250785 0.3525595 -0.0249285 -0.1307155 -0.2653368 0.5490038 0.1697836 -0.0559347 -0.2910731 -0.1406100 0.1552501 0.2404391 0.2337714 0.0180337 -0.1994181 -0.2026855 -0.4328859 -0.3401936 -0.3996282 -0.4880754 -0.4661746 -0.1617883 -0.2720076 0.0494627 0.4736858 -0.3345626 -0.2216298 0.0856297 0.3658101 0.4764279 0.3999381 0.0427385 0.1636976 0.3806427 0.2732542 0.3723665 0.0377472 0.0827365 0.0195161 0.5625983 0.0905895 -0.0993296 0.1151162 -0.0429335 0.2293227 0.2256142 0.3047761 -0.0535294 0.2984800 -0.1268205 0.3241886 -0.4546513 -0.4052307 0.0837456 0.4434697 0.1267304 -0.1670602 0.1229676 0.0956885 0.0317650 0.2870938 -0.0387279 -0.0567933 -0.0092280 0.1683794 0.1150279 0.1883044 0.0832850 0.1527201 0.3048039 0.3566436 0.4445975 0.3027154 0.2728058 0.8184551 0.5118576 0.7643301 0.7056635 0.7328904 0.6302906 0.6552071 0.4666863 0.6329398 0.0280672 -0.2789364 -0.2971408 0.1933069 0.2477151 0.2902902 0.4102111 0.6386820 0.5350438 0.2832534 0.4681150 0.3663500 0.3708189 0.2835714 0.1829858 0.2410093 0.0628998 0.1882224 0.1184513 0.5006440 0.0232921 0.2729175 0.1031530 -0.2836279 0.6925735 0.0552800 -0.1600400 -0.0115571 0.4591413 0.2720759 0.2581592 0.0460845 0.4701232 0.0956896 -0.2783346 -0.1364536 -0.1304526
0.0677947 0.1986172 0.0000000 0.7286649 0.8328562 0.5755996 0.2292448 0.8332843 0.2704061 0.4579392 0.5641028 0.3843256 0.6998332 0.0455161 0.1473455 0.2641670 0.3275272 -0.1280390 0.2911784 0.3181354 0.3895853 0.3690103 0.3117973 0.2224420 0.2340117 0.1323805 0.0780726 0.3300428 0.0811105 0.5052304 0.2437123 0.3697969 0.2990387 0.3983470 0.3246867 0.2941112 0.2938313 0.5189603 0.2823250 0.6512771 0.1464926 0.4836730 0.4678125 0.0915856 0.1470384 0.5344387 0.2368040 0.3694770 0.3513477 0.5745767 0.1852974 0.4030550 0.2446920 0.2470875 0.3688269 0.6262506 0.3819567 0.0686392 0.0437242 0.4338817 0.3833819 0.2363164 0.4088391 0.4594960 0.4125580 0.3578036 0.2156724 -0.2359464 0.6245006 0.3661392 0.4382026 0.4594734 -0.0961193 0.5633253 0.5029576 0.5415700 0.5810690 0.4840615 0.7049480 0.6803882 0.8450124 0.6656254 0.4759405 -0.1316238 -0.2906698 0.4648273 0.0302039 -0.2138039 0.2395951 0.0189356 0.0714635 -0.1311435 -0.1483812 0.1611743 -0.0273688 0.0237788 -0.0595991 0.0860153 0.2640289 -0.1417550 0.0532245 0.4286740 0.3805409 -0.1991836 0.2213072 0.1465040 -0.1252747 -0.0159521 0.0672425 0.2325764 0.1087761 0.2126162 -0.1217684 -0.1829064 -0.2280843 -0.0064198 -0.1048222 -0.3531217 0.2282863 0.1802909 0.2145951 -0.1836255 0.3875319 0.3872270 0.1863133 -0.2566667 -0.0161279 0.2521693 -0.0085498 0.3288480 -0.1709212 0.1994901 -0.2371177 0.6632268 -0.1797773 0.1536941 -0.1930410 0.3053681 0.0976811 0.5673407 0.1751453 0.3389312 0.0790422 0.5787319 -0.0489188 0.2262318 -0.0688490 -0.2264554 -0.1291260 0.3393120 0.4022244 0.2509410 0.0290336 0.1624963 -0.2709311 0.8116826 -0.1230365 -0.0565456 -0.0803754 0.3682173 -0.2339709 0.1529222 0.8173587 -0.0081850 -0.0974169 0.2827539 0.0192872 -0.2781252 -0.2637173 0.1555024 0.0727351 -0.0968269 -0.0897422 -0.2201103 -0.0001941 0.1056429 0.4840581 0.5171597 0.4263063 0.4476930 0.6193930 0.6506805 0.0637676 0.2623324 0.1729512 0.0888157 0.1734354 0.1513234 0.6158657 0.5685417 0.4090379 0.7161519 0.6187426 0.3802186 0.2716761 0.4574720 0.5013532 0.7495296 0.7807616 0.1764655 0.1087928 -0.5224706 0.2328775 0.4099446 0.0246496 0.6348960 0.1370933 -0.2056046 -0.1030493 0.1665684 0.1330832 0.4410841 0.0137087 0.7183557 0.5220828 -0.4760437 -0.0221199 -0.3415107
-0.3337529 -0.0201146 0.7286649 0.0000000 0.6954491 0.3465422 0.1946393 0.8409040 0.3791699 0.0804247 0.2390842 0.3164712 0.6388103 -0.0635288 0.2009995 0.1586897 0.2374583 -0.3804178 0.3607999 0.5737999 0.2316290 0.6745677 0.2061958 0.4339805 0.2185822 0.0227606 -0.1336347 0.2789740 0.2775885 0.0442861 0.4212381 0.1291280 0.2374622 0.2349105 0.1484703 0.1003716 0.1576780 0.5302352 0.0714953 0.3692423 0.2473337 0.5076446 0.2606062 0.1700035 0.3979817 0.3489825 0.2418885 0.3054648 0.1346158 0.5782469 0.2192296 0.0763052 0.2975570 0.2848291 0.3240971 0.4755951 0.3951043 0.2589727 0.1068497 0.3730559 0.5013745 0.1318527 0.1759887 0.3147545 0.3827209 0.5273154 0.1509020 -0.2511818 0.5083760 0.3308624 0.3754417 0.4426918 0.1430246 0.4065162 0.4455936 0.4915751 0.4524241 0.5867391 0.5605051 0.7457609 0.7823063 0.4314094 0.2376420 -0.0448773 -0.5097920 0.3154282 0.2617617 -0.2254041 0.2411488 0.2569421 0.4567615 0.1907360 0.3079804 -0.2559514 0.2081510 0.3965012 0.1238815 0.1547654 0.4932152 0.0155635 0.3149541 0.3672146 0.1948970 -0.1275702 0.4609956 0.4947749 0.0667709 -0.1254618 0.2095344 0.2289929 0.3747841 0.2622720 -0.0151943 -0.2288656 -0.2789186 -0.0060928 -0.1802105 -0.4665979 0.0672233 0.1761738 0.2462914 -0.1128495 0.4995900 0.2750217 0.1231933 0.0640792 0.1752237 0.1744195 0.0406709 0.3862430 0.1082994 0.3431732 0.2430721 0.3849415 0.1009198 0.2752834 0.2161664 0.2390449 0.3643582 0.5295194 0.2255688 0.3565602 0.0793445 0.4998134 0.2906004 0.2880598 0.1539250 0.1049750 -0.0587465 0.4489859 0.4768468 0.2848765 0.1167980 0.1613987 0.0304642 0.5287102 -0.0066546 0.1246751 0.0240688 0.4203249 0.0287181 0.2961792 0.6823112 0.0822307 0.0468256 0.3943534 0.1984849 -0.1418311 -0.1179117 0.0914384 0.1249087 -0.0219473 -0.4516215 -0.3981869 -0.3562280 -0.1772599 0.2639762 0.2273206 0.1655781 0.2483156 0.2532039 0.5334380 0.2541526 0.3691830 0.2172856 0.1880994 0.1483232 0.1388236 0.3722664 0.5075401 0.3961998 0.3613525 0.2506933 0.2826515 0.3402358 0.3407738 0.5153716 0.4411019 0.6443576 0.2494585 0.0067367 -0.2376198 0.1238138 0.2775386 0.0557835 0.4854146 0.2109401 -0.2158664 -0.1746643 0.1151046 -0.0039015 0.2340428 -0.1308992 0.3721120 0.3144402 -0.2819297 0.2218524 -0.1765430
-0.1590148 0.0519676 0.8328562 0.6954491 0.0000000 0.4509433 0.0834204 0.7940160 0.3844224 0.3917104 0.3352698 0.3668701 0.6215987 0.2145887 0.1169573 0.0593093 0.1924888 0.0958894 0.0193287 0.5066602 0.3171428 0.1293226 0.1494143 0.3815353 -0.0436227 -0.0668440 -0.0862617 0.4999127 -0.0239435 0.4925434 0.3096489 0.2672702 0.2403187 0.2242672 0.1682907 0.3559280 0.0890778 0.5065515 0.5653639 0.8044326 -0.0380630 0.4054243 0.3386400 -0.0404023 0.0855365 0.3671009 0.0965611 0.3943740 0.2606038 0.5103084 0.1114311 0.5300564 0.2392058 0.1099919 0.5237182 0.5466015 0.2717419 -0.0128963 0.3581742 0.2922069 0.5205503 0.1296048 0.5389570 0.3830121 0.4439225 0.3098131 0.0725984 -0.1715515 0.5681399 0.2892440 0.3661649 0.4484301 -0.0301965 0.5226608 0.4705148 0.4630100 0.4726984 0.4384338 0.6705132 0.6616384 0.7366349 0.3907851 0.1446448 -0.3798595 -0.4903187 0.2465627 -0.2855996 -0.0811304 -0.1377024 -0.2073183 -0.1990889 -0.3141966 -0.1038176 0.0153210 -0.4050592 -0.1224865 -0.3770866 -0.0867526 0.0608696 -0.2907893 0.0314499 0.3365511 0.2785463 -0.4471307 0.0782189 -0.0667056 -0.2330223 -0.3838126 -0.1629196 -0.0171047 -0.0851872 -0.0490520 -0.3578916 -0.4598553 -0.3861052 -0.2439854 -0.2736927 -0.4561554 -0.0282182 0.0859383 0.0000772 -0.4978674 0.0366503 0.0920552 0.0172718 0.0999993 -0.1682975 -0.1281668 -0.0179262 0.1116395 -0.3474976 0.2369419 -0.1795075 0.4060687 -0.1166551 -0.0440277 -0.1399542 0.1564359 0.0534554 0.4320493 -0.0263192 0.1263221 -0.1939375 0.2372691 0.1075003 0.0257285 -0.2222199 -0.2131977 -0.3859822 0.2788817 0.2604176 0.1125679 -0.2881269 -0.0939590 -0.4336652 0.6652059 -0.4541445 -0.2026235 -0.3931406 0.0380671 -0.4837768 -0.1345209 0.6171178 -0.4113981 -0.4271280 0.1705442 -0.2601090 -0.5250776 -0.5653399 -0.2974040 -0.1753505 -0.3755589 -0.1439432 -0.0842328 0.0392820 0.1286603 0.4626788 0.2741843 0.3375712 0.1628029 0.3591856 0.6364979 0.4460960 0.6410479 0.5124523 0.1986665 0.3623728 0.1204439 0.4749797 0.4424189 0.1783720 0.4174575 0.2517728 0.0079380 0.1996690 0.2599723 0.2083372 0.5040371 0.6719473 0.2378333 -0.0411230 -0.5936422 -0.0312376 0.1132933 0.1767507 0.3463734 0.1299597 -0.0184157 -0.1754177 -0.0830209 -0.0745694 0.3354447 -0.0820271 0.3711539 0.4935685 -0.3511143 0.2310105 -0.2040421
0.5230366 0.7939312 0.5755996 0.3465422 0.4509433 0.0000000 0.6650747 0.5526296 0.7505012 0.8172219 0.6949531 0.6252938 0.5357439 0.5698701 0.3195947 0.5216897 0.5205073 0.4247137 0.3868678 0.2809264 0.5761657 0.1112730 0.5539885 0.0475668 0.4636395 0.2719972 0.7449945 0.1614081 0.2229194 0.7086169 0.3786410 0.4509965 0.3947433 0.5888297 0.6788700 0.4867541 0.3206477 0.3974398 0.5737024 0.5195056 0.0735126 0.4553271 0.8151421 -0.1281359 0.0983183 0.6823060 0.4563179 -0.0411338 0.6643559 0.6537930 0.3949280 0.6320563 0.3838306 0.3490028 -0.0934673 0.4852793 0.3558375 0.1992120 -0.1270222 0.6755517 0.4235161 0.6163285 -0.2164147 0.7109372 0.4524905 0.0680946 0.5998821 0.0529063 0.3779119 0.6721864 0.6468083 0.5465851 0.2679328 0.5981549 0.5210413 0.5752925 0.7211629 0.5189727 0.7718195 0.5747318 0.7175773 0.2085971 0.2658746 -0.1794286 0.0073315 0.2571842 0.2247389 -0.3752493 0.3505222 0.0814619 0.3151870 0.2930094 -0.0530657 0.0563850 0.2250941 0.3621098 0.2798603 -0.1539090 0.4735309 0.1885558 0.1633596 0.3165608 0.1783921 0.2795229 0.4054245 0.2015540 -0.0489493 0.0123879 0.3696392 0.4447060 0.4249467 0.2170182 -0.0305885 -0.1548524 -0.4068035 -0.0620609 -0.1665875 -0.5661288 -0.1542755 -0.0231021 0.0611303 0.1092786 0.5873342 -0.0593816 -0.1915075 -0.0688964 0.5199540 0.4010229 0.2202721 0.2817231 0.0466296 0.3154846 0.1310507 0.6023492 -0.0654161 0.2385619 -0.0903008 0.4241314 -0.0841701 0.2483109 0.1764856 0.0018095 0.0636220 0.4462023 0.3316529 0.1425219 -0.0045583 -0.4008802 0.0752594 -0.1749680 -0.0409299 0.3004781 0.3942053 0.1225209 -0.1369411 0.4607019 -0.1523466 0.1140676 -0.0016188 0.1893258 -0.0972838 0.0642753 0.4801720 0.0410115 0.1575662 0.2322710 0.1153770 0.0166109 0.0491551 0.3834503 0.2307164 0.0701749 0.6288055 0.2798938 0.6264159 0.5039131 0.6291829 0.6769093 0.5571828 0.5541950 0.7339125 0.3782168 -0.1655330 -0.0367241 0.2458605 0.1820444 0.3496957 0.2694952 0.6970451 0.5533107 0.4134650 0.5786322 0.4478872 0.3868871 0.2325836 0.3010173 0.4226418 0.3307402 0.4267426 0.2740804 0.4707273 -0.2076757 0.4023374 0.3388188 -0.3409726 0.7409473 0.1061790 0.0211139 -0.0716179 0.2471518 0.3794742 0.4724876 -0.2427918 0.6577212 0.4420949 -0.3768555 0.0362639 -0.1314398
0.4637890 0.8307949 0.2292448 0.1946393 0.0834204 0.6650747 0.0000000 0.1033534 0.5875379 0.4633921 0.2185340 0.8598896 0.1184649 0.6474418 0.8241016 0.1524018 -0.1502487 0.4421685 -0.0088230 0.1305352 0.7459091 0.1973739 0.1614013 0.4933881 0.0545669 -0.2336996 0.7329460 0.4088869 0.6468380 0.5495586 0.2979362 -0.1926145 0.7725512 0.7582261 0.2675958 0.6542844 -0.2359009 -0.0106388 0.2602362 0.1944320 -0.1691408 0.5935837 0.3344257 0.3483393 0.4516676 0.1303957 0.0192534 -0.2530443 0.7161476 0.2310547 -0.0623046 0.1811598 0.7060500 0.4562494 -0.3912949 -0.1091958 -0.0889084 0.3043173 0.0846886 0.2653475 0.3479216 0.4359433 -0.6433523 0.6379582 0.4862994 -0.3621799 0.0869421 -0.0458529 -0.2072123 0.2101909 0.0765877 0.5367748 0.4181309 0.4327648 -0.1245815 0.2737777 0.4162397 0.4061201 0.4469710 0.3019365 0.3993505 -0.0663180 0.1578273 0.1012949 0.2975629 -0.0303010 0.5596334 -0.2800937 0.4510526 0.1818339 0.4751707 0.1735325 -0.1598991 0.0705614 0.4235949 0.2319281 0.2993671 -0.5019665 0.4747767 0.7223505 0.3367024 -0.2256400 -0.2319533 0.7474152 0.2682248 0.1634334 -0.1461320 -0.0642726 0.1267327 0.4312071 0.4122438 0.0907186 -0.3365074 -0.4415621 -0.6228771 -0.4923202 -0.5833039 -0.6939931 -0.5520118 -0.2282107 -0.3389500 -0.1577290 0.5231330 -0.2483325 -0.4516782 0.2272154 0.2845304 0.2645884 0.2992771 -0.1033282 0.0951905 0.1384121 0.2827031 0.2531851 0.0515092 -0.0533983 0.0180797 0.4198636 0.1238133 -0.1224072 -0.0446340 -0.0633984 0.0863330 0.3877469 0.2746461 -0.1253590 0.3139457 -0.0792381 0.1656974 -0.4794896 -0.3567637 0.0465353 0.4355521 -0.0364498 -0.1073847 -0.0174104 0.0136675 -0.0310231 0.1911390 0.0056178 -0.1406827 -0.1060965 0.1847933 0.0589796 0.0686197 0.0323452 0.1264407 0.1252551 0.2064349 0.2732719 0.1046856 0.1019717 0.4985316 0.4822533 0.4609038 0.4511988 0.7292130 0.6573778 0.7492506 0.5248730 0.5024991 0.2490772 -0.0471651 -0.0746223 0.1909197 0.1547963 0.1552597 0.2850906 0.5324951 0.6255618 0.3590464 0.4534673 0.2758696 0.4065512 0.4274436 0.2383871 0.3749990 0.0070120 0.1736786 0.2814248 0.4593841 0.2086791 0.0777290 0.0520460 -0.1558093 0.7585726 0.1603734 -0.3643737 0.1600639 0.5767022 0.0690259 0.1049943 0.3195037 0.5433147 -0.1063414 -0.2032448 -0.0433044 0.0948531
-0.0701520 0.1473048 0.8332843 0.8409040 0.7940160 0.5526296 0.1033534 0.0000000 0.5067879 0.4296415 0.6493589 0.2824170 0.8362617 -0.0926816 0.0581260 0.2337549 0.5237221 -0.2162723 0.4777357 0.5622424 0.3074169 0.4410256 0.4762034 0.1837722 0.3396890 0.2803557 -0.0320028 0.0836833 0.1546351 0.2696031 0.3479742 0.4219052 0.1911499 0.2930181 0.4936039 0.1178947 0.4286354 0.6659472 0.3795018 0.5803822 0.3578632 0.4848711 0.6074724 0.0407040 0.1828999 0.7105211 0.4421725 0.3543647 0.3146140 0.7832140 0.4399820 0.5152894 0.1924329 0.3844975 0.3638179 0.8214605 0.6038973 0.2630159 -0.0599982 0.6667430 0.4451634 0.3405349 0.4009770 0.4538182 0.3477612 0.4870870 0.4380467 -0.1413698 0.8092080 0.4483098 0.6034051 0.4588285 0.0604794 0.4954749 0.6529192 0.5508371 0.5527741 0.5551493 0.6435853 0.6966195 0.7860029 0.5294460 0.3376850 -0.2257535 -0.3636778 0.4301409 0.0474745 -0.3316638 0.1295022 0.0495297 0.1612268 0.0797257 0.1601608 -0.0764749 -0.0130044 0.2855098 0.0484518 0.2790013 0.3686206 -0.2966137 0.1675131 0.6311255 0.4265515 -0.2775854 0.4617566 0.3585342 0.0650905 -0.0499090 0.3379415 0.2248186 0.3254433 0.3866645 0.1109112 -0.0830693 -0.1508421 0.1486771 -0.0411549 -0.2940682 0.2706867 0.4294153 0.4324656 -0.0031331 0.4856597 0.3532254 0.3297856 -0.0326601 0.2022019 0.3500971 0.1898861 0.4035580 0.0288168 0.3924263 0.0319719 0.6459436 -0.0876770 0.4092648 0.1423141 0.4561740 0.2217613 0.7373923 0.3276426 0.4992752 0.0836667 0.5315942 0.3420889 0.4518247 -0.0160512 -0.1627400 -0.0089687 0.5265717 0.5455567 0.5035742 0.1402201 0.2981719 -0.2539621 0.7927950 -0.0182279 0.2239087 0.0282809 0.5271215 -0.0550548 0.3791401 0.8611501 0.1507433 0.0484008 0.5732905 0.2566244 -0.0871037 -0.1053976 0.2209773 0.2355186 0.0297247 -0.1048350 -0.3912320 -0.0879344 0.0746146 0.3849353 0.4157225 0.2779552 0.4429657 0.5820335 0.5933866 0.0436855 0.2458949 0.1210795 0.1279507 0.1248858 0.0324930 0.4780827 0.5059773 0.5296564 0.4510656 0.4259580 0.3531567 0.3820399 0.4966398 0.5498288 0.5895245 0.6604013 0.2626580 0.2109257 -0.4395667 0.4105368 0.4795993 -0.0271084 0.4221931 0.2063071 -0.0107813 -0.1760930 0.0933596 0.3250490 0.5960330 -0.3033509 0.4524613 0.5803270 -0.5002695 0.1271980 -0.3994724
0.2689697 0.6966761 0.2704061 0.3791699 0.3844224 0.7505012 0.5875379 0.5067879 0.0000000 0.5850831 0.4070684 0.5493906 0.4201675 0.5572105 0.4015418 0.3053892 0.3345868 0.4002366 0.2598023 0.5615800 0.4107466 -0.0140533 0.4238690 0.1749220 0.3325272 0.1112286 0.5645485 0.0934943 0.2509487 0.4656917 0.2909758 0.3258478 0.3509615 0.3842365 0.5355164 0.3372480 0.1232264 0.3654080 0.7143839 0.4118923 0.0629657 0.3286191 0.6648355 -0.1250621 0.1200483 0.4764517 0.3503486 -0.0715053 0.5554051 0.6534021 0.3446344 0.6008687 0.4013162 0.3352331 -0.0610596 0.3623047 0.2536428 0.2911912 0.1806322 0.5571294 0.4792674 0.5608495 -0.2575552 0.6438658 0.4916552 -0.0509831 0.4377768 0.0856758 0.2312263 0.5176199 0.4985018 0.4876431 0.4315962 0.5678143 0.3423105 0.4428757 0.5230720 0.5101930 0.6171866 0.4816636 0.4986778 -0.2313856 -0.1599840 -0.3293680 0.0112610 -0.0561587 0.3503674 -0.2696628 0.0389410 0.0185394 0.3062657 0.3117363 0.1211608 -0.1998803 0.1455540 0.4306409 0.1967607 -0.3159204 0.3058231 0.0487977 0.1539811 0.1792374 -0.0244194 0.1382142 0.2985970 0.1792218 0.0113300 -0.3443194 0.3139404 0.2961716 0.3939828 0.1967771 -0.0835485 -0.3032252 -0.4492156 -0.2346184 -0.3351454 -0.6233460 -0.4263208 0.0746276 -0.0151376 0.0198724 0.4172445 -0.3793627 -0.2074710 0.4672010 0.5430141 0.2742752 0.5697681 0.1463562 0.1920823 0.4886483 0.5187867 0.3927430 0.2781231 0.2895260 0.3404094 0.5748499 0.2941720 0.2035268 0.2905649 0.0708875 0.1509743 0.2924881 0.7098210 0.1940948 0.1970892 -0.0745880 0.2325351 -0.0544249 -0.0363726 0.3808364 0.3521380 0.1952683 -0.1503001 0.3056099 -0.0632998 0.2689215 0.1572906 0.0901810 -0.0227043 0.1008798 0.3666672 -0.0448352 0.1669254 0.3750789 0.2106748 0.1901480 0.1586082 0.2131642 0.2804598 0.1588584 0.5480217 0.3804946 0.5936571 0.6601262 0.6250008 0.5078601 0.4205164 0.2955307 0.4825918 0.2261008 0.1226009 0.0407997 0.4766407 0.4271374 0.5001933 0.4338955 0.5574565 0.4496706 0.4261777 0.2138383 0.1757767 0.3573500 0.4505404 0.2739128 0.3451432 0.0644951 0.2137453 0.4802455 0.5338602 0.0005294 0.3391704 0.2035905 -0.1122735 0.5025408 0.3598479 0.1232900 0.0163302 0.2846695 0.3813474 0.3994347 -0.1812903 0.2755405 0.3126580 -0.1060125 0.3438209 0.0727925
0.7346769 0.7140938 0.4579392 0.0804247 0.3917104 0.8172219 0.4633921 0.4296415 0.5850831 0.0000000 0.7956206 0.4692237 0.2610915 0.5149752 0.3150710 0.1214604 0.4669862 0.6183554 0.2665721 -0.0924773 0.3959334 -0.2576777 0.4191780 -0.0404358 0.2985152 0.1827752 0.7175299 0.1692745 0.0134396 0.7258408 -0.0785015 0.4612482 0.3012046 0.4895259 0.6454102 0.4352316 0.2739537 0.0987177 0.6449831 0.4647982 -0.2161896 0.5342050 0.7684659 -0.0532355 0.0638443 0.6944750 0.3782447 -0.2132238 0.7402993 0.5262091 0.3718108 0.8593546 0.3363334 0.5422690 -0.1406703 0.5047669 0.3191242 0.3664944 0.0175622 0.7046593 0.4165804 0.8276803 0.0585214 0.6748321 0.3410612 -0.0283846 0.7004010 0.4555592 0.4670148 0.5442130 0.6801853 0.6018507 0.4222046 0.5637504 0.5171518 0.5128496 0.6023749 0.5802247 0.6130644 0.3834299 0.5188550 0.0890123 0.1571619 -0.3720988 0.3029552 0.1074000 0.0388664 -0.4187563 0.1568238 -0.1907589 -0.0949792 -0.0971522 -0.4370910 -0.0384093 0.0443237 0.1024305 -0.0637096 -0.2578398 0.0955928 -0.1318690 -0.1592819 0.2139363 0.1025498 0.0210723 0.0475075 -0.1097530 -0.1536297 -0.0657423 0.2214254 0.2091442 0.1004016 0.0644727 -0.2368327 -0.2728333 -0.4502836 -0.2200512 -0.2409795 -0.4278198 -0.1541031 -0.0152330 -0.0547540 -0.0552626 0.3289880 -0.2167982 -0.2499611 -0.1643989 0.2442734 0.3632101 0.1045207 -0.0774879 -0.2911832 0.1425958 -0.1302438 0.4026912 -0.0314892 0.1640967 -0.2789070 0.3277835 -0.2524621 0.1899704 0.1681232 -0.0255842 0.1681322 0.1997600 0.1108448 0.1477922 -0.2167483 -0.5873176 0.1430586 -0.1819209 -0.0363379 0.2681907 0.0768559 0.1713563 -0.4193672 0.3937138 -0.1732229 0.0130260 0.0359897 0.0785444 -0.3004119 -0.0803015 0.4023105 -0.1235454 0.0142134 0.1926260 0.0099776 -0.0034586 -0.0258310 0.2357903 0.2369258 0.1356233 0.7052621 0.3015233 0.5836405 0.4993982 0.4874386 0.4729363 0.4050162 0.4446465 0.6775398 0.1755352 -0.1022164 -0.1050731 0.1834741 0.1158740 0.2405266 0.1688975 0.6163483 0.4753255 0.2433462 0.4091627 0.3337841 0.2052481 0.0677912 0.1255409 0.2993741 0.4001612 0.4221452 0.1881511 0.2448850 -0.4901210 0.2318931 0.1428659 -0.4555036 0.5515715 -0.0293273 -0.1567893 -0.3141759 0.1622934 0.2625301 0.4879284 -0.3297603 0.4561115 0.3023267 -0.4847309 0.0046158 -0.4346725
0.5502161 0.4680116 0.5641028 0.2390842 0.3352698 0.6949531 0.2185340 0.6493589 0.4070684 0.7956206 0.0000000 0.2073352 0.6140128 -0.0412817 0.0592935 0.2952403 0.7101400 0.1459267 0.5750359 0.0363046 0.3429223 0.1485830 0.7264061 -0.2324444 0.5001106 0.5160556 0.4275485 -0.1836989 0.0676984 0.4177294 0.0657751 0.5758800 0.1427860 0.3742838 0.8361035 0.2077167 0.6249279 0.4415481 0.3501951 0.3750700 0.3358109 0.4884213 0.8573783 0.0360263 -0.0190366 0.8854316 0.5750160 0.1151653 0.5363092 0.7298388 0.5609111 0.7231713 0.0753888 0.5783616 0.0503177 0.8022852 0.6245224 0.4055005 -0.3978217 0.8581068 0.1772038 0.6983783 0.2457859 0.5031619 0.0926011 0.2637570 0.7872417 0.2394134 0.7662780 0.4986950 0.7129654 0.4144782 0.1391420 0.3627267 0.6170576 0.3970756 0.4922252 0.4598129 0.4359726 0.2992206 0.4779788 0.4532496 0.5222217 -0.0836930 0.2585862 0.5040935 0.0877066 -0.4544947 0.3519786 0.0224951 0.0389171 0.1136450 -0.0994727 0.0972189 0.1397912 0.2689641 0.1300568 0.3093548 0.3437024 -0.2348664 0.0738568 0.6266493 0.5026275 0.0053631 0.3930506 0.2819061 0.1978747 0.3507045 0.5937817 0.3940222 0.3958653 0.5305521 0.2509075 0.1371674 -0.0414141 0.2848180 0.1240025 -0.0633060 0.4023876 0.4929154 0.5057516 0.3125595 0.5598337 0.3165397 0.2373179 -0.3008208 0.3599945 0.6176511 0.2247087 0.2075713 -0.0495988 0.1533987 -0.1890553 0.6674653 -0.2070266 0.5018931 -0.0861697 0.5172979 -0.1536924 0.6194606 0.3787923 0.4404402 0.2195272 0.5250961 0.2008676 0.5454677 -0.1769067 -0.5491567 0.2455032 0.2471770 0.3816194 0.6322629 0.3438542 0.4353563 -0.3514889 0.6443887 0.1234331 0.3577225 0.2218609 0.5883795 0.0116750 0.3969254 0.7149352 0.3678258 0.2670455 0.5702890 0.3922214 0.1746560 0.1598809 0.5433912 0.4132419 0.2710753 0.4746601 -0.1701470 0.2504804 0.2466079 0.3193438 0.5774568 0.3417853 0.7097025 0.8401688 0.3776565 -0.3891470 -0.2324873 -0.2616912 -0.1303505 -0.1296383 -0.1596942 0.4440893 0.3986774 0.5989057 0.4372020 0.5172193 0.4774675 0.2814704 0.4757317 0.5788725 0.5671047 0.3792357 0.2229537 0.4456985 -0.3805993 0.6252507 0.5757131 -0.3730686 0.4084379 0.0894460 0.0034514 -0.1162422 0.2151698 0.6179895 0.8031109 -0.3694805 0.5486898 0.4891604 -0.5874095 -0.1177768 -0.5327504
0.2469708 0.7307897 0.3843256 0.3164712 0.3668701 0.6252938 0.8598896 0.2824170 0.5493906 0.4692237 0.2073352 0.0000000 0.2311768 0.6320500 0.8196354 -0.0373080 -0.2970508 0.4115862 -0.1472848 0.3061248 0.8694653 0.1187491 -0.0066790 0.7383544 -0.1780338 -0.3175150 0.4659902 0.5596913 0.7390998 0.7036713 0.3701205 -0.3512751 0.9387051 0.9086321 0.1708036 0.6149827 -0.3033147 -0.0107017 0.4764750 0.4927719 -0.2886528 0.6141069 0.2945952 0.4472731 0.6087898 0.2229071 0.0139405 -0.2250929 0.8247888 0.1692078 -0.0391813 0.3476413 0.8831726 0.4741562 -0.3520411 0.0473333 -0.0145234 0.2326368 0.1611284 0.2900786 0.5388819 0.2989811 -0.4486298 0.7521166 0.7075641 -0.4419401 -0.0380483 -0.1625387 -0.0615536 0.1569837 0.0263025 0.6318917 0.3258411 0.5606352 -0.0687442 0.4335190 0.5411816 0.3284852 0.5996308 0.4948841 0.5310836 0.1308731 0.0874965 -0.2036322 -0.0265544 -0.1630189 0.1852471 -0.4107337 0.0858600 -0.1795972 0.1936000 -0.1252089 -0.3244116 0.1401670 0.0658296 -0.0544467 0.1801659 -0.4667327 0.2535944 0.5622339 0.1745071 -0.1423213 -0.2495629 0.5411602 0.2777852 -0.0890652 -0.4350736 -0.2948179 -0.1385361 0.1073833 0.1620910 -0.1170156 -0.4432143 -0.5483241 -0.6923133 -0.6017223 -0.7460688 -0.6925486 -0.5738929 -0.2995479 -0.4744150 -0.4742898 0.3750952 -0.1339440 -0.2647610 0.2013965 -0.0771869 0.1704834 0.1763519 -0.0849449 0.0194140 0.1736061 0.0517330 0.3325976 -0.2555883 -0.1963734 -0.0310437 0.3924515 0.1184145 -0.0287009 -0.2004479 -0.0175931 -0.1370919 0.2200615 0.2023832 -0.2501366 0.2978936 -0.0322195 -0.0652551 -0.4084405 -0.3608733 -0.0896136 0.1948089 -0.1693274 -0.2886553 0.1185545 -0.1027841 -0.2475469 -0.0369201 -0.0944910 -0.3932583 -0.2106223 0.2368007 -0.0775002 -0.2360586 -0.0141376 -0.0270684 -0.0658041 0.0044990 0.0630208 -0.0088282 -0.0625524 0.3592781 0.2697492 0.3717784 0.4414277 0.8740674 0.6042862 0.8376278 0.4233561 0.4617119 0.2751798 -0.0397689 0.0977711 0.2806958 0.2536494 0.2082822 0.1731601 0.6048916 0.7668323 0.1612187 0.5835141 0.3078252 0.1232464 0.3554980 0.2535505 0.2236444 0.0381026 0.4010979 0.0626453 0.2472251 0.0208856 0.0001845 -0.0196760 -0.1524324 0.6312321 0.0123433 -0.3270940 0.0008246 0.4851760 -0.0758052 0.0266904 0.2180749 0.4698621 0.0534465 -0.5286545 -0.2510674 -0.1033004
-0.1726924 0.1148394 0.6998332 0.6388103 0.6215987 0.5357439 0.1184649 0.8362617 0.4201675 0.2610915 0.6140128 0.2311768 0.0000000 -0.1832909 -0.0166399 0.5126264 0.5192003 -0.2005060 0.4106399 0.6791187 0.4461968 0.5527888 0.7086386 0.0682917 0.3175390 0.4261681 -0.0274472 -0.0077064 0.2033186 0.2659092 0.6271461 0.3815219 0.1849360 0.2307013 0.6048960 0.2338670 0.5146167 0.9050747 0.2904022 0.6265782 0.6985788 0.2845307 0.6271802 0.0151360 -0.0892745 0.6117255 0.4179103 0.6557538 0.1834364 0.7947587 0.3947265 0.3948740 0.0014332 0.1520170 0.5062519 0.7584726 0.5712939 0.0521078 -0.3347901 0.5351049 0.1486008 0.0990192 0.2976734 0.3030865 0.1684474 0.3880094 0.2834793 -0.4153062 0.6742257 0.3384988 0.3775641 0.1859260 -0.3129947 0.2486534 0.4463956 0.2398588 0.3681363 0.1751919 0.4311614 0.4197233 0.5556244 0.6548637 0.5900343 0.1118582 -0.3200616 0.6844221 -0.0154045 -0.1603600 0.2348671 0.1445468 0.1986408 0.2604497 0.4216580 0.2774562 -0.0848906 0.2673397 0.1473718 0.5187471 0.5460689 -0.0830770 0.4794032 0.7965912 0.7288237 -0.0419446 0.6653432 0.5010534 0.3265100 0.2653884 0.5053274 0.4629417 0.5452492 0.6437574 0.3911316 0.1316627 0.0720228 0.4038557 0.1627156 -0.1079788 0.4753534 0.6194966 0.6430909 0.1657069 0.4862734 0.6034075 0.4217125 0.0441411 0.2950789 0.2905007 0.3353411 0.4629623 0.1637743 0.2004166 -0.0772762 0.7925237 -0.3488960 0.4150425 0.1791968 0.5066584 0.1106105 0.7991153 0.2324493 0.5592327 -0.1579979 0.7000496 0.4234597 0.4858507 -0.0664152 -0.2368424 -0.1203284 0.4935151 0.5296675 0.6341821 0.3760071 0.2205500 -0.2221685 0.7706692 -0.0296593 0.3596166 -0.0765514 0.6428792 0.0152856 0.4431866 0.8239603 0.3316805 0.0778258 0.6153866 0.3424532 -0.0842686 -0.0920817 0.2903348 0.1270311 -0.0978693 0.0069965 -0.3535523 0.0096644 0.1067745 0.4087844 0.6447903 0.4410501 0.6350167 0.6719642 0.7704577 -0.1491763 0.2003341 -0.0900495 -0.0749755 -0.0496155 -0.2318594 0.3082437 0.3518463 0.7110660 0.4556325 0.4938506 0.4857324 0.5468206 0.7309555 0.5824021 0.4381677 0.3357654 0.3821700 0.5574538 -0.0935145 0.6518962 0.7307154 0.1103065 0.2572357 0.3468271 0.3284794 0.3042308 0.1710739 0.6109691 0.7266745 -0.1110805 0.5537285 0.6728664 -0.4024664 0.0344089 -0.0622390
0.4006727 0.6428050 0.0455161 -0.0635288 0.2145887 0.5698701 0.6474418 -0.0926816 0.5572105 0.5149752 -0.0412817 0.6320500 -0.1832909 0.0000000 0.4853773 0.0059870 -0.1323430 0.7794125 -0.3624831 -0.0102603 0.4236096 -0.4138563 -0.1755334 0.3309810 -0.1768637 -0.4249218 0.6549103 0.5708796 0.1272048 0.6545988 0.1642806 -0.0720708 0.4018267 0.3955354 -0.0336533 0.6205735 -0.4439953 -0.2416562 0.5506655 0.3062322 -0.6170124 0.2360782 0.1466435 -0.2260908 0.0787017 -0.0765992 -0.2091426 -0.4018766 0.4546419 -0.0289966 -0.2306153 0.3392918 0.4383473 -0.0129988 -0.2627155 -0.2993862 -0.3915128 -0.1071116 0.3616238 -0.0310759 0.3330028 0.2864014 -0.4529091 0.3968514 0.3955299 -0.4356366 0.0377813 0.1205877 -0.3643457 0.2004258 0.0808778 0.3109662 0.3510787 0.3363640 -0.0697679 0.2138638 0.2949936 0.2359826 0.4348281 0.2309210 0.2609182 -0.3807398 -0.2626894 -0.2714374 0.0633593 -0.3075201 0.0341439 0.0548380 -0.0227985 -0.0903554 0.0153564 -0.0995596 -0.3063276 0.0007769 -0.0619285 -0.0858605 -0.1331137 -0.7801503 -0.0105728 0.3482306 -0.0431277 -0.4370435 -0.3944649 0.2743377 -0.2242467 -0.3691272 -0.4384874 -0.4264892 -0.3161756 0.0949680 -0.1221565 -0.4746819 -0.5994930 -0.5210315 -0.6056119 -0.6227848 -0.4670289 -0.6474868 -0.7660520 -0.6191937 -0.6794084 -0.4064617 -0.0906672 -0.6791830 -0.7485040 0.1759186 0.1071350 -0.2836623 -0.0858908 -0.3114567 -0.3059065 0.0452341 0.1321078 -0.1286483 0.1088079 -0.4591420 -0.3392109 -0.1162668 -0.2507289 -0.5247309 -0.3652101 -0.6806972 -0.2253756 -0.2253823 0.0224156 -0.5630422 -0.1275076 -0.2770929 -0.2475720 -0.7445322 -0.6567565 -0.3864916 -0.1735939 -0.4592655 -0.1846585 -0.2438612 -0.5490930 -0.4664980 -0.3546941 -0.6080273 -0.5062805 -0.6692068 -0.2669306 -0.6065720 -0.3437484 -0.4749088 -0.5092217 -0.3188524 -0.2902534 -0.2949332 -0.3012406 -0.3057363 0.5508484 0.7945573 0.6973143 0.4986521 0.4804324 0.1894597 0.3973586 -0.0189817 0.1244327 0.0031936 0.2767937 0.1892206 0.5942258 0.2361226 0.5025047 0.4591095 0.3651509 0.2182654 -0.2467579 0.1201126 -0.1451707 -0.1852581 -0.1696094 -0.3445124 -0.2509068 -0.2670039 0.0587400 0.0426871 0.0294243 -0.1521495 -0.3548460 -0.4380474 -0.1109338 0.4315137 -0.1751876 -0.1859493 -0.1642251 -0.0329914 -0.2814166 -0.2363598 0.0294389 0.0982234 -0.1707918 0.0371029 0.2412920 0.1544662
0.1997408 0.5377352 0.1473455 0.2009995 0.1169573 0.3195947 0.8241016 0.0581260 0.4015418 0.3150710 0.0592935 0.8196354 -0.0166399 0.4853773 0.0000000 -0.2671308 -0.4763760 0.4366096 -0.2367715 0.0834639 0.6612934 0.1196081 -0.0393835 0.7511041 -0.2927383 -0.4435602 0.4609813 0.6289472 0.6534305 0.4867748 0.0622662 -0.4757426 0.8685772 0.6737539 0.0784735 0.6079564 -0.4087780 -0.1485075 0.2279681 0.2655087 -0.3291701 0.7015046 0.1217605 0.6830574 0.5819248 -0.0417779 -0.1366939 -0.1715461 0.7136907 0.1178518 -0.1626410 0.1862839 0.8027296 0.5998203 -0.2649785 -0.1510327 -0.1302715 0.4870096 0.3180253 0.1345951 0.4519849 0.3879840 -0.4155157 0.5855968 0.5405396 -0.4708373 -0.1346979 0.0840474 -0.2060698 -0.0390679 -0.1485109 0.6012448 0.4323854 0.3807945 -0.3120085 0.1563886 0.2630533 0.3687495 0.2664490 0.2156922 0.2461131 -0.0256556 0.0949703 0.0386073 0.3261561 -0.1645591 0.4244295 -0.3009184 0.1819456 -0.0937686 0.2361204 -0.1593508 -0.3193948 -0.0208727 0.2310516 -0.0055495 0.0135973 -0.4914514 0.2073601 0.5975578 0.2450896 -0.2540927 -0.2407873 0.5489333 0.1069181 0.0101715 -0.1475674 -0.1930988 -0.0656312 0.2132318 0.2132430 0.0379116 -0.4926363 -0.6715059 -0.7432737 -0.6886242 -0.8165257 -0.6805010 -0.5868475 -0.2183222 -0.4442144 -0.5016931 0.3089897 -0.2119341 -0.4516288 0.3426085 -0.1230252 0.1065090 0.2394921 -0.3923339 -0.0833336 -0.1423606 0.0594633 0.1117167 -0.0099116 -0.1436367 0.0485357 0.3282906 0.1898259 -0.0411229 -0.0895476 0.0609365 0.0504685 0.2856669 0.1686780 -0.0905806 0.2858579 -0.0228123 0.1330444 -0.3208681 -0.1988874 0.0558380 0.1687444 -0.0308671 -0.2778999 -0.0689391 0.0464105 -0.0943391 0.1776104 0.0093210 -0.3386015 -0.1860990 0.1846699 -0.0575687 -0.1478316 0.0776941 0.1148781 0.0548738 0.0845347 0.0115678 0.0386652 0.0872609 0.2325734 0.3020927 0.1338887 0.3328440 0.6703836 0.5050872 0.6722672 0.3690462 0.2870187 0.1807866 0.1201784 -0.0039747 0.1574235 0.1953338 0.0288131 0.0930736 0.4157627 0.6799730 0.2457524 0.3434442 0.1890081 0.2389340 0.4773175 0.2564305 0.3666320 0.0219088 0.2162553 0.2998201 0.2334176 0.1938851 -0.0960171 -0.0521362 -0.1446510 0.5120485 0.2129376 -0.5220533 0.1293826 0.6498970 -0.1020669 -0.0261947 0.4102798 0.3588614 -0.2190263 -0.3451537 -0.1168454 0.0212643
0.0136749 0.2321572 0.2641670 0.1586897 0.0593093 0.5216897 0.1524018 0.2337549 0.3053892 0.1214604 0.2952403 -0.0373080 0.5126264 0.0059870 -0.2671308 0.0000000 0.5828132 -0.0841582 0.5993879 0.4092750 0.0043122 0.3299925 0.6916399 -0.4753095 0.7490588 0.7257949 0.3914840 -0.3193079 -0.1861923 0.1819924 0.3710615 0.6271005 -0.1873850 -0.0449270 0.5843936 -0.0712553 0.6764148 0.6670228 0.0916902 0.2125251 0.6219344 -0.2734132 0.5771157 -0.3269417 -0.3405546 0.3997568 0.5878179 0.4189069 -0.0240790 0.5347801 0.5061314 0.0539447 -0.2035211 -0.2400954 0.2247877 0.3714021 0.4553678 -0.0981071 -0.3095260 0.3167367 0.0256120 0.0874847 -0.1312820 0.2119638 0.1298836 0.3838702 0.3464138 -0.1907416 0.2398455 0.6532007 0.4195285 0.0137928 -0.2415579 0.2514237 0.4423842 0.2639219 0.4267233 0.0171465 0.3893200 0.2904601 0.3604968 0.2665048 0.2580477 0.1730875 -0.2199011 0.4128480 0.2528693 -0.1110350 0.3279782 0.2495997 0.5072081 0.7514065 0.4641143 0.0855733 0.3516415 0.5702943 0.5535025 0.3736200 0.4915243 0.1264927 0.2391099 0.5521972 0.4651369 0.1461285 0.5223464 0.5053195 0.4669029 0.3164203 0.5750098 0.4511921 0.5590839 0.5035685 0.5881350 0.3664537 0.1528134 0.5411229 0.3935577 -0.1360616 0.2941680 0.1391851 0.5132821 0.5991918 0.5239281 0.3034435 0.1624436 -0.0593047 0.6949276 0.3755192 0.3296737 0.7523134 0.5215502 0.2030315 0.2464639 0.6173714 0.0336654 0.5443859 0.2659654 0.2732367 0.1381265 0.3791480 0.4666004 0.1851862 0.1716199 0.5688899 0.3759048 0.4291198 0.1761628 0.0013215 0.2178928 0.2493781 0.3099386 0.4469536 0.6792881 0.3659991 0.5049011 0.4576661 0.1676371 0.5356200 0.1210597 0.4207764 0.5278371 0.4718344 0.3183780 0.3572805 0.5792292 0.3453889 0.3841369 0.2657326 0.2711359 0.5455598 0.3721692 0.2227951 0.2817113 -0.0129567 0.3687834 0.2571445 0.1271244 0.4701623 0.0587834 0.2165458 0.2997441 0.2140588 -0.2865079 -0.1941096 0.0648875 0.2170436 0.3477236 0.1890935 0.3737773 0.1118927 0.4172797 0.4215089 0.5027184 0.5078768 0.2343948 0.4496935 0.4358033 0.3162891 0.1058941 0.3865437 0.5369647 0.3405378 0.6658612 0.6777607 -0.1919422 0.3600683 0.4511735 0.5911857 0.4002425 0.2185450 0.6179144 0.3586251 -0.1408532 0.5902907 0.6523174 0.1421806 -0.0075086 0.4601064
0.2951667 0.1255315 0.3275272 0.2374583 0.1924888 0.5205073 -0.1502487 0.5237221 0.3345868 0.4669862 0.7101400 -0.2970508 0.5192003 -0.1323430 -0.4763760 0.5828132 0.0000000 -0.0688894 0.7226712 0.0879231 -0.1812129 0.1799584 0.7207012 -0.6403703 0.7529855 0.6892928 0.2803994 -0.4590006 -0.3696233 -0.0148788 0.1497890 0.8576268 -0.4807933 -0.1994835 0.6850831 -0.1194434 0.7552689 0.5518727 0.1311632 0.0754762 0.5013018 0.0332993 0.7002325 -0.5200333 -0.3826651 0.7009067 0.6096026 0.1903887 -0.0534586 0.6927995 0.6045230 0.4006565 -0.4300686 0.0787215 0.2443616 0.6656597 0.5778729 0.1254681 -0.4374420 0.6445196 -0.0189957 0.4572052 0.2484998 0.0681731 -0.2325192 0.6534520 0.8449770 0.2222810 0.6729367 0.6294580 0.8126101 0.0393201 0.0385190 0.0904044 0.7741641 0.2710264 0.3018746 0.3565581 0.2790765 0.2270416 0.3511009 0.2101611 0.2989212 0.0116848 -0.0226639 0.5448259 0.0813108 -0.1307552 0.3667454 0.3373538 0.2358002 0.5155632 0.3807664 -0.1507210 0.2346986 0.5777317 0.2015870 0.4602014 0.4150513 -0.3916489 0.1095584 0.6442045 0.5221523 -0.2331224 0.3654550 0.4804211 0.4450080 0.3837219 0.7067557 0.4274431 0.4544233 0.4857039 0.5156079 0.4318801 0.2699725 0.6329897 0.5884751 0.0953331 0.5197751 0.4374591 0.6970988 0.6705256 0.4260347 0.1933241 0.1793302 -0.3033105 0.7177554 0.3932792 0.0757833 0.4636143 0.0877257 0.2649246 0.1344411 0.3982487 0.1329315 0.5915774 0.0100330 0.1636105 -0.1927884 0.4691462 0.4486014 0.1724324 0.2052986 0.3453705 0.2702366 0.5414122 -0.2995895 -0.4382479 0.1718193 0.3399991 0.4444034 0.5559788 0.3026205 0.3755286 0.0995772 0.4669312 0.0010438 0.4723221 0.0892283 0.4812519 0.3437497 0.4350159 0.4422299 0.2725507 0.4645382 0.4404874 0.2921793 0.1304279 0.1048377 0.4521575 0.3446044 0.1896127 0.2547276 -0.1637068 0.1734355 -0.0069974 -0.1997297 0.1520764 -0.2223487 0.3184353 0.4375488 0.2213867 -0.2137625 -0.1315340 -0.1340254 -0.1258369 0.0448894 -0.0091087 0.1389142 -0.0898333 0.4182349 0.0415349 0.1775567 0.3370551 -0.0344430 0.1552640 0.3563916 0.3635940 0.1355584 0.2257100 0.2933168 -0.3068751 0.5433065 0.4796567 -0.2750013 0.1814607 0.0697657 0.3232432 -0.1724618 -0.2270000 0.5664833 0.6313161 -0.6416067 0.2405459 0.4774534 -0.0430939 0.2843028 -0.2144473
