0.0000000 0.5625054 0.4092952 0.3267537 0.5243845 0.1944713 0.5177204 0.2700345 0.2054731 -0.0057684 0.4641785 0.5058439 0.3649104 0.0190750 0.3161556 -0.1033770 0.0596361 -0.2052263 0.1351768 0.0534102 0.5644278 0.3320646 0.4084721 0.0313469 0.2951903 0.4587875 0.1349357 -0.1697731 0.1907335 0.1201642 0.5752862 0.4840987 0.0923185 -0.0310886 0.3608022 0.3934863 0.5225869 0.3846930 0.2699491 0.1350334 0.4390492 0.0118502 0.3487813 -0.0701596 -0.0811199 0.2881610 0.3699868 0.4023532 0.2590479 -0.2951178 0.2341671 0.4682255 0.3087197 0.1597455 0.3780810 0.3899675 0.3590928 0.2001278 0.0960766 0.4076575 0.2300302 0.4467563 0.3797508 0.3080444 0.2855180 0.4303725 0.4333321 0.1879812 0.4552140 0.3194330 0.4347159 0.2637715 0.3577126 0.3280093 0.2319325 0.1963192 0.2830591 0.3248049 0.1916885 0.2456859 0.1600781 -0.0740499 -0.2287154 0.2280745 0.5461215 0.3200693 0.2786271 0.0232525 0.1516225 0.1956168 -0.2441288 0.0204195 0.3879940 -0.0307276 0.1327195 0.3563095 0.5698469 0.1210400 -0.4299450 -0.2633646 -0.3244367 -0.0209493 0.1498027 -0.4950499 0.3351313 0.0189219 0.1689875 -0.0155182 0.2774954 -0.0482467 0.4307699 0.3168664 -0.0887024 -0.2691146 -0.0774363 -0.1034477 -0.0057734 -0.2249549 -0.0150755 0.0646062 0.1607950 0.1384514 -0.0951659 0.1817116 0.0002192 -0.0279144 0.3273808 -0.1580398 0.0458437 0.3584479 0.1775255 0.1181393 0.4519753 -0.0843492 0.1340560 0.0179672 0.0986372 -0.0463080 0.1144342 0.0574054 0.0012718 0.0534461 0.4926328 -0.0799263 -0.0129587 0.2210841 0.0660091 0.0916974 0.0689222 0.2552161 0.2521500 -0.0815626 0.0555900 0.1368855 0.4388469 0.0594074 0.5226701 -0.0314703 0.4603985 0.3120472 0.3224559 0.1838721 0.0433392 0.3767795 0.0750045 0.0404204 0.2250723 0.2823066 0.1660909 0.3184411 0.0058247 0.1023025 0.5673327 0.4248494 0.5085161 0.6814790 0.5018674 0.2853843 0.4351179 0.4642713 0.0834837 0.2200362 0.1582845 0.1654623 0.4175484 0.2584754 0.2665299 0.2582681 0.5313645 0.5163088 0.4003199 0.4429631 0.3397339 0.4402266 0.1551175 0.2433828 0.1646757 0.1454440 0.2443212 -0.0788519 0.3447781 -0.2483317 0.0907720 0.0890920 0.7326339 0.0212660 -0.1368578 -0.1708939 0.1207201 -0.1690993 -0.0306938 0.2426015 0.5699624 0.2797545 0.2896164 0.2121057 -0.2309315 0.1830446
0.5625054 0.0000000 0.1504095 0.5183606 0.0531996 0.5822289 0.4698756 0.1249628 0.5472695 0.1098121 0.3065801 0.6287029 0.0629455 0.0724379 0.5822137 -0.1932042 -0.3522983 -0.0164259 -0.0342796 0.1111291 0.4298466 0.2109805 0.0240728 0.3884848 0.0510154 0.2362075 -0.1778954 0.1613911 0.3177521 0.2152499 0.2657508 0.1573273 0.4618395 0.2494040 0.2362160 0.1166192 0.2921549 0.0920346 -0.0327587 -0.1757994 0.0952251 -0.2457511 0.1101065 0.1747173 -0.1753041 0.0205648 0.3016298 0.1075789 0.3118719 -0.5129408 0.2567456 0.1762639 0.2615753 -0.0980337 -0.0397272 -0.0470156 0.1747133 -0.0540481 0.1047632 0.2561578 0.1345369 0.0857206 -0.1714618 0.2174688 0.2365648 0.0825203 0.0868124 -0.1072287 -0.0717077 0.1620640 0.0104311 0.4303178 -0.0101393 0.4456111 -0.0279653 0.1942047 0.4999337 -0.0338556 0.0921748 0.2298655 -0.0544260 -0.0572652 -0.2768720 0.0653302 0.2020402 0.0313220 -0.1888224 -0.0566282 -0.0103554 0.0362376 -0.0679192 -0.4314110 -0.0965323 0.0827746 0.1829052 0.2280869 0.0885505 -0.0910563 -0.1775562 0.2923780 -0.5041678 -0.1698048 -0.1257544 -0.1514837 -0.0762038 -0.2356235 -0.0681070 -0.1477900 -0.0465574 0.0350795 0.1401419 0.0644485 0.2037480 0.0573746 0.1236166 0.1062396 0.2590697 0.0094231 0.0878918 -0.3214533 0.1141483 0.1604232 0.0271298 0.5900393 -0.1651676 -0.4273175 0.1977716 -0.2621011 -0.2111600 0.2889775 0.1896218 -0.1926850 0.1865338 -0.3381668 -0.5419184 -0.1536187 -0.1265135 -0.2517542 -0.0114805 -0.4361634 -0.4544622 -0.3211390 -0.1467443 -0.3485211 -0.0666030 -0.0565396 -0.1989258 -0.2079030 -0.4256653 -0.2717736 -0.3644844 -0.2696682 -0.2279503 -0.1966574 -0.2002591 -0.2784249 -0.1292349 -0.2682230 -0.0788790 -0.1833564 -0.2461798 -0.3288528 -0.0978514 -0.1160582 -0.3203221 -0.1928602 -0.1105247 -0.0203690 0.0120756 -0.2422014 -0.4060492 -0.1814529 0.5318644 0.1836743 0.2653938 0.3338847 0.3671741 0.5209112 0.4528198 0.6183044 0.6864685 0.6641882 0.0111546 0.4785917 0.3237857 0.2787024 0.2850794 0.1925925 0.4826266 0.5616709 0.0043853 0.1547724 -0.2464779 -0.1800609 -0.3658067 -0.2220564 -0.1788753 -0.3760315 0.0936838 -0.4337050 0.3477155 0.0595863 0.1796898 -0.0023985 0.4965230 -0.0933234 -0.3561464 -0.3459708 0.3999373 -0.2062219 0.0757520 -0.0961660 0.3764620 0.0574558 -0.0003232 0.1492602 -0.2542365 0.0955003
0.4092952 0.1504095 0.0000000 0.4735366 0.8938512 0.1200082 -0.1059009 0.7236805 0.1815144 -0.0487504 0.2747377 0.2074484 0.8574206 -0.0529130 0.2815501 -0.1031674 -0.1469215 0.0985726 0.3488257 0.4579505 0.1902018 0.7553541 0.2469995 0.2712776 0.5885821 0.3959413 -0.0136101 -0.0821609 0.1846418 -0.1250894 0.6742318 0.6476205 0.1184066 0.0543553 0.2444347 0.0876638 0.5273998 0.8465270 0.2281798 0.3348775 0.7422151 0.0248997 0.2576074 0.1234205 0.2305302 0.7234553 0.3559134 0.7832394 0.3081111 0.0877047 0.1524953 0.4643331 0.3769401 0.3005239 0.7642180 0.7894595 0.4967853 0.3189796 0.5345321 0.3750288 0.6706301 0.2457077 0.8301089 0.4553872 0.6114539 0.6766193 0.3661687 0.2559403 0.6709760 0.2493030 0.6318070 0.2944790 0.5054355 0.4038139 0.5764530 0.3059336 0.1867508 0.6637523 0.5942262 0.1485820 0.6314093 -0.3588608 -0.3646298 0.3769637 0.1730174 0.2214032 0.2831463 -0.2506899 0.4359794 0.0044789 0.3467972 -0.0301665 -0.0933783 -0.2947381 0.4176054 0.0840973 0.1845726 -0.1898564 0.0006199 -0.4556759 -0.4271435 -0.2090618 -0.2237310 0.0988921 0.0056478 -0.0919670 -0.0780810 -0.1696201 -0.1088761 -0.1576274 -0.0480851 -0.2021755 -0.2176691 -0.2075387 0.0352057 -0.4499133 -0.2431374 0.0008029 -0.5289804 -0.1762601 -0.2151732 -0.1369075 0.3223801 -0.1231400 -0.2796910 -0.3560742 0.0685363 0.0863341 -0.2299107 0.0213276 0.0255839 0.2379852 0.2285135 -0.2517282 0.2506390 0.0031860 0.0991765 -0.2089131 0.0173538 -0.2926687 -0.1237160 -0.1558292 0.6280942 -0.1252427 0.1328729 0.0223053 0.0772093 0.2982030 -0.0809166 0.1014503 0.2012399 -0.0898196 0.1114722 -0.1597377 0.3742539 0.2023940 0.3903845 0.2734690 0.2471420 0.2885734 0.4482649 0.2485018 0.1192799 0.2947730 0.3746929 0.1668624 0.3420151 -0.2183714 -0.0740670 0.3347732 0.3346183 0.2132921 0.1494872 0.3413309 -0.2043879 0.0141404 0.0378660 0.0159508 -0.0134214 0.2089150 0.0404659 0.0484665 0.4253190 0.1973247 0.5579413 0.7208011 0.5404755 0.5056451 0.3117254 0.2275300 -0.0940207 0.0635586 0.1016491 -0.1060678 -0.1546665 -0.2477158 -0.4770236 0.0073242 0.4442289 -0.4370832 0.0221302 -0.3565213 -0.2139414 -0.3507488 0.4630732 0.5181002 -0.3231843 0.3055528 0.0191175 -0.0425094 -0.2524507 -0.1998429 0.5446436 0.2776015 0.3307752 0.6382406 -0.1672070 -0.1734351
0.3267537 0.5183606 0.4735366 0.0000000 0.1884178 0.4179468 -0.2302811 0.7841061 0.5853941 0.3307848 0.8254478 0.3759873 0.4819263 -0.1104289 0.6769580 0.1989411 -0.1588677 0.0807734 0.3977550 0.5591843 0.2592450 0.2585760 0.4707860 0.6214974 0.4428354 0.5415880 -0.2194484 -0.0736945 0.4238877 0.0790917 0.4261635 0.3801233 0.4942074 0.3246024 0.6161870 -0.1528388 0.5799541 0.4505610 0.5677723 0.5088255 0.1915135 -0.2759498 0.6164201 0.6352650 0.1323548 0.4736308 0.6077173 0.2126465 0.7547047 -0.4408702 0.6018000 0.7551962 0.5644837 0.6161619 0.0648619 0.4183575 0.5905814 0.6739055 0.0843341 0.6621788 0.4075689 0.5600738 0.2199185 0.7343591 0.6725286 0.3911030 0.5303631 0.4590782 0.2845375 0.7482534 0.2940608 0.7384729 0.4975527 0.7171203 0.3422020 0.7398676 0.6183337 0.4886394 0.6010476 0.0760807 0.4447563 -0.0901468 -0.2123617 0.1718889 0.2180425 0.2876073 0.2065093 0.0492685 0.1647456 0.2923142 0.4586117 0.0225650 0.0662218 0.0516862 0.3287181 0.3826708 0.1945969 0.1666370 0.2430968 0.2250671 -0.2300165 0.1777353 -0.0081296 -0.1980145 0.1506606 0.1281679 0.1716943 0.1300799 -0.0829119 0.1931763 0.0384988 -0.0612212 0.1856753 0.3605638 0.1550643 0.1189396 0.1961720 0.2475469 0.0402014 -0.2646687 -0.0656302 0.0999937 0.1289464 0.5127300 -0.1856114 -0.3273466 0.2848600 0.2460641 -0.1817337 0.3445277 0.1944749 -0.0071293 0.4103245 -0.1474489 -0.3464259 0.0424795 0.0329867 -0.1313575 0.0905911 -0.4768936 -0.2895249 -0.1844461 0.0428824 -0.3979509 0.1139279 -0.0625510 -0.0299431 -0.0676080 -0.1962768 -0.0644268 -0.2010722 -0.3490586 -0.0087534 -0.1273146 -0.1866639 -0.3702789 0.0790013 -0.0050981 0.1463088 -0.2398617 0.1674751 0.0458493 -0.2710717 -0.1351026 0.0576995 -0.1847245 0.0074366 0.1114402 0.2827828 0.1825832 0.0444088 0.2999008 0.3541866 0.2402775 -0.4583932 -0.2467058 -0.1660518 -0.0289626 -0.0094788 0.2445437 0.4364599 0.3283554 -0.1384425 0.2527016 0.2920284 0.5634414 0.1031724 -0.0381162 0.3485074 0.4780781 -0.1144137 -0.1160332 -0.4958547 -0.3232935 -0.3048617 -0.4013772 -0.4203108 -0.3751664 0.1840796 -0.4207839 0.1584562 -0.1636075 0.0233492 -0.1670985 0.1129190 -0.0685044 -0.3711902 -0.4256192 0.2826691 -0.3291963 -0.0757850 -0.2038150 -0.0884036 0.0085229 0.1375766 0.2498836 -0.4731422 -0.3375614
0.5243845 0.0531996 0.8938512 0.1884178 0.0000000 -0.0123193 0.0691251 0.4935670 0.0733478 -0.1454452 0.0598402 0.1947212 0.7988315 0.1499215 0.1562751 -0.3299815 -0.0117003 0.1340661 0.1234450 0.1909220 0.2592908 0.6720929 0.1032050 0.1223415 0.4296135 0.2847904 0.0773223 0.0303608 0.1494190 0.0026742 0.7131446 0.6204352 0.0948754 -0.0032222 0.0790725 0.2104893 0.4105108 0.7442406 0.1806091 0.1762909 0.8063747 0.1291792 0.0969298 -0.0544332 0.1913218 0.5423145 0.1762591 0.7998309 0.2164355 0.0621166 -0.0831570 0.3028909 0.3553647 0.1031655 0.8264207 0.6970420 0.3330744 0.2182377 0.5377112 0.2343068 0.6274495 0.1927257 0.9102905 0.3433493 0.4942903 0.6441392 0.3358055 0.1347497 0.6827766 0.1105058 0.6789500 0.1673697 0.4596868 0.3168140 0.5007599 0.1746029 0.1195932 0.5823831 0.4705652 0.2506825 0.5016602 -0.3780209 -0.4252007 0.2160742 0.1893273 0.1252800 0.2807480 -0.2895295 0.2777335 -0.1194130 0.0998548 -0.0193360 0.0008878 -0.3601780 0.3178834 0.0722961 0.3270678 -0.2136247 -0.2747107 -0.5690822 -0.4596320 -0.3045631 -0.2555850 -0.0430862 0.0541419 -0.1039618 -0.1435456 -0.3097607 -0.0312546 -0.3604491 0.0080387 -0.1591449 -0.3944528 -0.4482549 -0.0996145 -0.6047978 -0.3509950 -0.2167982 -0.6111089 -0.1132775 -0.2027648 -0.1902080 0.1034896 -0.2520606 -0.2146354 -0.2611956 0.0251430 -0.0800243 -0.1632253 0.0557900 0.0372448 0.2250916 0.2960276 -0.2534511 0.3763892 -0.0168009 0.1587283 -0.1922258 0.0084555 -0.1471755 0.0058934 -0.1202981 0.7000673 -0.1921049 0.0968120 0.0922329 0.1101516 0.3666856 0.0130473 0.1908881 0.2935135 -0.1426533 0.1517339 -0.0316844 0.5710012 0.1853189 0.4664520 0.2856761 0.3318033 0.3150127 0.5441304 0.3297721 0.0903916 0.3771623 0.4423892 0.1630589 0.4035945 -0.1408999 -0.1144382 0.4257115 0.3492644 0.1558985 0.1023440 0.3217670 0.0145959 0.2296277 0.1927349 0.0440076 0.0777567 0.1588264 -0.1709815 -0.0905329 0.5357507 0.1207406 0.6257370 0.6194488 0.6040312 0.6502508 0.4227381 0.2368875 0.0063812 0.2348851 0.3502999 0.0769133 -0.0069801 -0.0774090 -0.3259204 0.2133851 0.4612311 -0.3154309 0.0479576 -0.5105680 -0.3099843 -0.3536979 0.6113485 0.5439746 -0.2892387 0.3909655 -0.0514441 -0.0442184 -0.3434388 -0.0377271 0.6591601 0.2349964 0.4451686 0.5258170 -0.1467191 -0.0802306
0.1944713 0.5822289 0.1200082 0.4179468 -0.0123193 0.0000000 0.3386970 0.0271146 0.9086605 0.7696142 0.2404151 0.8238136 -0.1064507 0.2268550 0.8745739 0.1100490 0.0657466 0.5212676 -0.2703096 0.4201508 0.5466910 0.0199514 -0.2011509 0.7484462 -0.3041304 -0.2417643 -0.0382701 0.3585266 0.6387894 0.1688593 -0.1190985 -0.1024138 0.5660909 0.7011306 -0.0832067 0.4009965 -0.0244794 -0.0197473 0.0894950 0.0297504 -0.0536286 0.1884776 -0.0487506 0.1428658 0.1641662 -0.0276832 -0.1354643 0.2090431 0.3846377 -0.1208725 -0.0849644 0.1014134 0.3565292 -0.1024546 -0.0730882 -0.1240935 -0.1227292 -0.0864874 0.2315790 -0.1064568 0.1406193 -0.0978635 -0.1814304 0.3148369 0.2844799 -0.1779737 -0.2153621 -0.3383580 -0.3883723 0.0082998 -0.2544905 0.5031916 -0.2512874 0.3076708 -0.3453139 0.3251286 0.6245651 -0.3160619 0.0516731 0.4902277 -0.1709608 -0.0631415 -0.0302790 -0.4735305 -0.3468685 -0.1027526 0.0461749 -0.1248102 -0.2338382 -0.0965702 -0.0735781 -0.4744465 -0.3034760 0.2516640 -0.1820817 -0.3123653 -0.1695293 -0.3431455 0.1271795 0.3672145 -0.4932192 -0.3283520 -0.2699503 0.3000775 -0.1169112 -0.4772180 -0.2530579 -0.2663976 -0.0331059 -0.2901588 0.1098659 -0.0397497 -0.0167764 -0.0585611 -0.3375642 -0.2147707 -0.0998852 -0.3048301 -0.0933525 -0.2935643 -0.2723108 -0.2216831 0.2342536 0.3088762 -0.1070230 -0.3066963 -0.2607159 -0.1298769 -0.0996274 -0.0540857 0.0157695 -0.3463980 -0.0995389 -0.2079297 -0.6193710 0.2118709 -0.1658307 -0.1328969 -0.0771503 -0.1297820 -0.1023393 -0.2207040 -0.4854001 -0.2586139 -0.1932320 0.1302947 -0.2510979 -0.2970861 -0.5260132 -0.3373255 -0.2045860 -0.4215774 -0.2410442 0.1705079 -0.4575459 -0.2838109 -0.4178046 -0.2688638 -0.4747468 -0.1865542 -0.4246423 -0.3849152 -0.1506545 -0.2052492 -0.3871604 -0.0435351 -0.0556353 -0.1557526 -0.3470087 -0.3093128 -0.2954753 -0.3887818 -0.1636678 -0.3706425 -0.0631992 0.2127625 0.3673177 0.3247268 0.2747726 0.4377288 0.5224894 0.6032802 0.3201488 0.6257177 0.0586361 0.3140958 0.1230629 0.0644533 0.4207352 0.6105360 -0.0675850 0.4639590 -0.1336091 -0.2073627 -0.1855685 -0.0818461 -0.2594041 -0.3263530 0.1241432 -0.2553859 0.1817790 0.0273721 0.1978170 0.3082054 -0.0035949 -0.1935770 -0.1611141 -0.0012491 0.2431127 -0.2554268 0.3355877 0.3939103 0.0270753 0.1531592 -0.2528342 -0.2300572 -0.3555401 0.0325338
0.5177204 0.4698756 -0.1059009 -0.2302811 0.0691251 0.3386970 0.0000000 -0.2664150 0.2597067 -0.0014681 -0.1781875 0.6058956 -0.0549840 0.3960715 0.2521873 -0.3101733 0.1415106 0.1075213 -0.2435493 -0.3367867 0.4566451 0.2514361 -0.1029118 0.0487514 -0.0771624 -0.0037909 0.3780015 0.3202056 0.1324217 0.4275748 0.1273406 0.0847013 0.2233327 0.0730113 -0.0731027 0.4019742 0.0374438 0.0262499 -0.2225279 -0.5835570 0.1837660 0.1246890 -0.0979422 -0.2969081 -0.1153562 0.0153328 0.0192031 0.1925760 -0.0205028 -0.0002376 -0.1299252 -0.2865659 0.1230558 -0.5545776 0.2217409 0.0361996 -0.0870317 -0.3910118 -0.1437111 -0.1320227 -0.1209529 -0.2968846 -0.1116374 -0.0122451 0.0056874 -0.0535567 -0.2056533 -0.3642329 0.0226260 -0.2144769 -0.0842171 0.0968455 -0.2154581 0.0864199 -0.1812561 -0.2641039 0.2570328 -0.2190192 -0.2324072 0.4540316 -0.1215433 -0.0846254 -0.2866903 -0.1074068 0.1608546 -0.2113617 -0.2625390 -0.1332343 -0.0902385 -0.1578868 -0.3148630 -0.3749134 -0.1796308 0.0022852 0.0721449 -0.0707012 -0.2135600 -0.3521165 -0.4254885 -0.0756045 -0.3519054 -0.4033215 -0.2046427 -0.1304908 -0.3397056 -0.2750704 -0.2802048 -0.2927494 -0.1701820 -0.1419049 -0.0550499 -0.0816535 0.1193694 -0.1792633 -0.1109851 -0.0930026 0.0594682 -0.3040942 -0.0982082 -0.3145587 -0.0867503 0.1866762 -0.1975999 0.2294052 -0.3058689 -0.2499058 0.1837452 -0.6654307 -0.3022884 0.2338511 -0.1127900 -0.2451878 0.0742977 -0.1888802 -0.1886448 -0.2233609 -0.2041507 -0.3672208 -0.2140680 -0.0453858 -0.1005154 -0.3502196 -0.0174733 0.0296497 -0.3722055 -0.0159559 -0.3420198 -0.2358252 -0.1414127 -0.2474741 -0.1269173 -0.1685908 -0.3990551 -0.0405960 0.0366672 0.0941592 -0.1892168 -0.4055406 -0.1461915 -0.0078194 -0.1244139 -0.3672619 0.0319690 -0.1418143 -0.3621479 -0.1469358 -0.0142277 -0.0450438 -0.2516814 -0.3617077 -0.3351958 -0.1102312 0.0313095 -0.0353069 0.8131373 0.8643907 0.6927061 0.3257431 0.4726534 0.3156811 -0.0118800 0.1724506 0.0976821 0.0278311 0.0593913 -0.0190362 0.0376424 0.1356393 0.5236083 0.5702040 0.1775100 0.6663745 0.3981988 0.1920616 -0.2037146 0.0616397 0.3113357 0.2013115 0.2932091 -0.2018743 0.2901692 0.0712459 0.1619684 0.2751269 0.3807828 0.0144788 -0.2284037 0.1332936 0.2934057 0.2220942 0.1243929 0.3771121 0.5347825 0.1905145 0.2289992 0.0256301 0.2583093 0.4232321
0.2700345 0.1249628 0.7236805 0.7841061 0.4935670 0.0271146 -0.2664150 0.0000000 0.2277525 0.0168380 0.6926997 0.1291143 0.8527137 -0.1566431 0.3496208 0.1667602 -0.1572873 0.0611005 0.6295811 0.4294006 0.0594598 0.5607849 0.6264123 0.4052464 0.7870127 0.7388071 -0.0323443 -0.1585280 0.1377419 0.0477135 0.6254493 0.6713750 0.2817403 -0.0290824 0.6916961 -0.2802269 0.7492000 0.8114380 0.5899785 0.5238697 0.5156906 -0.2689145 0.7093983 0.5731499 0.1464669 0.8425883 0.7633805 0.4591155 0.6463417 -0.2063888 0.6407977 0.7666915 0.4817714 0.6569420 0.4655387 0.8203927 0.8144507 0.7053291 0.1244823 0.7698188 0.5502538 0.5580144 0.6393069 0.7191658 0.7296010 0.7101635 0.6754960 0.6106953 0.7164247 0.7170863 0.6322995 0.5479038 0.7375537 0.6188316 0.6689020 0.5861027 0.3675329 0.8208028 0.7329076 -0.0193416 0.7690964 -0.2849345 -0.3995413 0.4189713 0.2684815 0.2191437 0.1759338 -0.1332834 0.3107244 0.1333029 0.5854912 0.1753947 -0.0585623 -0.2589556 0.4962792 0.3172598 0.0780258 0.0406589 0.1483058 -0.2512483 -0.2445580 0.0748665 -0.0969803 -0.1750030 -0.0350285 0.1828170 0.0514311 0.0400958 -0.3119939 0.1734217 -0.2550950 -0.3139832 0.0269343 0.2109530 0.1916782 -0.1331400 0.0274331 0.2936526 -0.3026278 -0.3173297 -0.2261410 0.1430296 0.0682817 0.1780391 -0.4303222 -0.4173436 0.3663004 0.1277791 -0.4157773 0.2400172 -0.0676367 0.0146077 0.3757617 -0.2218357 -0.0105763 -0.2135008 -0.0448052 -0.3529188 -0.1359150 -0.5284487 -0.3484508 -0.3039158 0.4430865 -0.2660079 -0.0132746 -0.2811463 -0.1288575 -0.0129149 0.0218695 -0.0681250 -0.1154494 -0.3083880 -0.0911770 -0.3687698 0.0175263 -0.1453877 0.2418219 0.0136455 0.3324454 -0.1327610 0.4038448 0.1171143 -0.2497770 -0.0943641 0.1794681 -0.2271221 0.0022070 0.0394474 0.2294661 0.2194151 0.1609222 0.5065614 0.1859900 0.3712264 -0.4262301 -0.2098303 -0.2191084 -0.2781042 -0.2106080 -0.0189652 -0.0054175 -0.1119619 -0.1102915 -0.1060459 0.3519513 0.6310112 0.1573908 0.0901077 0.3017493 0.3051818 -0.1265768 -0.1472444 -0.2095340 -0.2283168 -0.3705685 -0.5158022 -0.4152665 -0.0559042 0.3797523 -0.5472586 -0.0720166 -0.3189144 -0.2905688 -0.4166063 0.1464765 0.2617210 -0.4899513 -0.0623766 0.0781081 -0.1081215 -0.3868451 -0.3401552 0.1125881 0.0082534 0.4555138 0.5485911 -0.1495549 -0.3958608
0.2054731 0.5472695 0.1815144 0.5853941 0.0733478 0.9086605 0.2597067 0.2277525 0.0000000 0.7648892 0.3434517 0.8094915 0.0745591 0.4447135 0.9715413 -0.0260057 0.1052316 0.6619060 -0.2256868 0.3385046 0.5457904 0.0997969 -0.1469698 0.9133577 -0.1723000 -0.0685255 -0.0323288 0.5374774 0.6766327 0.4239141 0.0380883 0.0013736 0.8182959 0.7373275 0.0643461 0.2231083 0.0953477 0.0574309 0.2858540 0.0794130 0.0138333 0.0354538 0.1044231 0.4055784 0.1900922 0.0755705 0.0162633 0.1865960 0.6809500 -0.2530685 0.0184550 0.2251712 0.5675730 0.0429661 -0.0452903 0.0089994 0.0029553 0.2110239 0.1816717 0.0867951 0.2469856 0.0475266 -0.0412139 0.5744126 0.4979803 -0.0901548 -0.0316720 -0.1712604 -0.2322441 0.2578320 -0.1341796 0.7267648 -0.0634079 0.5725509 -0.2086619 0.5240677 0.7867648 -0.1294547 0.2187418 0.4942924 0.0050449 -0.1000995 -0.1870346 -0.5041484 -0.2782954 -0.1449269 -0.0047515 -0.0777290 -0.3025139 -0.0569693 0.0728990 -0.4107148 -0.2923645 0.1845167 -0.0316826 -0.1383889 -0.1203971 -0.3211242 0.0569160 0.3611008 -0.4701717 -0.2899015 -0.3488833 0.0862771 -0.1411120 -0.3896864 -0.2775735 -0.3281199 -0.1374652 -0.3523787 -0.0026910 -0.1901000 -0.0200376 0.0444556 -0.2748418 -0.2107448 -0.0352179 -0.2549187 -0.1624446 -0.4058743 -0.3553259 -0.1622271 0.1199923 0.4080836 -0.1991871 -0.4104292 -0.1274100 -0.1112426 -0.2180363 0.0974970 -0.0081043 -0.3186203 0.0938552 -0.2988587 -0.6200055 0.1952843 -0.1591678 -0.2210672 -0.0878907 -0.3091545 -0.0984005 -0.3368060 -0.4006444 -0.4665696 -0.1891968 0.0756482 -0.2621557 -0.2844597 -0.4168562 -0.3568084 -0.3318651 -0.6136135 -0.2609747 0.1753514 -0.4336804 -0.4798404 -0.3593424 -0.2621639 -0.3163093 -0.4061302 -0.2023290 -0.3131263 -0.3676834 -0.3652484 -0.2614261 -0.2080801 -0.0327397 -0.0217785 -0.1645256 -0.1824903 -0.1939378 -0.1315271 -0.1658344 -0.3538762 -0.2271438 0.0722634 0.2398863 0.1844591 0.2119545 0.3178954 0.4417853 0.4540252 0.1659095 0.4395895 0.1693568 0.4814127 0.1176901 0.0689423 0.5491133 0.6997686 -0.1274943 0.3797703 -0.2897296 -0.3610781 -0.3003944 -0.2620956 -0.3779349 -0.3320836 0.2116854 -0.3795512 0.1519923 -0.1423390 0.1107261 0.1364445 -0.0001990 -0.2064192 -0.3070977 -0.1472415 0.3095190 -0.2982045 0.1920761 0.2926168 -0.0755940 0.0066339 -0.0072435 -0.1716506 -0.4889238 -0.1907584
-0.0057684 0.1098121 -0.0487504 0.3307848 -0.1454452 0.7696142 -0.0014681 0.0168380 0.7648892 0.0000000 0.3115587 0.6161521 -0.2405245 0.2856319 0.7236510 0.2885842 0.3309567 0.5826078 -0.2119687 0.4526791 0.4551780 -0.2155610 -0.1686634 0.6803018 -0.3947272 -0.3376795 0.0747940 0.3280873 0.5745406 0.1817430 -0.3380387 -0.2126769 0.4268525 0.7012650 -0.1274199 0.3859833 -0.1201662 -0.2010542 0.3449984 0.3079550 -0.1962170 0.3017883 0.0114922 0.2146037 0.3016549 -0.0619066 -0.2662917 0.0025411 0.4383657 0.0654911 -0.1213095 0.1729271 0.3290441 0.1948934 -0.2717478 -0.2002282 -0.2282567 0.1584489 0.1539936 -0.1378673 0.0866910 0.1005722 -0.1877708 0.3869631 0.2290148 -0.3267490 -0.1740348 -0.1310255 -0.4677228 0.1769702 -0.3260734 0.4906878 -0.2270245 0.2123836 -0.3626241 0.4688347 0.5199232 -0.3444603 0.0044677 0.3348310 -0.2111970 0.1472769 0.2715387 -0.5987076 -0.4046365 0.0213071 0.2356567 0.2279029 -0.4079734 0.0902110 -0.1318688 -0.2389609 -0.1041523 0.4767059 -0.4071423 -0.4042206 -0.0129659 -0.0750529 0.2874121 0.3757388 -0.0711960 0.0309064 -0.0336455 0.2635764 0.1021100 -0.3856907 -0.0778248 -0.1493555 0.1964389 -0.4040236 0.2396590 0.0973489 -0.2980026 -0.0175112 -0.4686165 -0.1844900 -0.1217447 -0.3386276 -0.0438470 0.0541115 -0.1819858 -0.1613937 0.3587740 0.1062889 0.1949510 -0.0140696 -0.2706574 0.2393973 0.1590915 -0.2513012 -0.1936006 -0.2820926 -0.2099362 -0.0617795 -0.4222572 0.5006447 -0.2414298 0.1097827 -0.0874404 0.1404875 0.2170150 0.0715631 -0.4369312 -0.1712781 -0.2397238 0.2408308 -0.1539263 -0.3466903 -0.1898311 -0.1627433 -0.1012067 -0.3660645 -0.1456260 0.4560690 -0.4655603 -0.3389246 -0.1645222 -0.2401308 -0.2047874 -0.2134054 -0.2752020 -0.2023832 -0.3122797 -0.1854050 -0.3092410 -0.0439230 -0.0560390 0.1528558 -0.1081974 -0.0751580 -0.1342023 -0.2233213 -0.3583501 -0.6255069 -0.3845667 -0.0753600 0.1711510 0.1150027 0.1304451 0.2338322 0.3221078 0.3772233 0.1778801 0.4226338 -0.1100688 0.2113650 -0.1032406 -0.1639712 0.1369004 0.3260720 0.0921121 0.2989680 -0.1928342 -0.0924182 0.1299241 0.0856596 -0.2858965 -0.2576007 -0.0015893 0.0476684 -0.0159842 -0.0213501 0.1413731 0.2806552 -0.2819207 -0.3891540 0.1575508 -0.0550055 0.0121944 -0.3423570 0.3368747 0.4758412 -0.4182485 0.0871783 -0.2200847 -0.4995168 -0.4842494 -0.1256778
0.4641785 0.3065801 0.2747377 0.8254478 0.0598402 0.2404151 -0.1781875 0.6926997 0.3434517 0.3115587 0.0000000 0.2555872 0.3404358 -0.3572255 0.4557754 0.5084463 0.0275341 -0.1348500 0.5100986 0.4284927 0.2338030 0.0357164 0.7786689 0.3344056 0.4664662 0.6527347 -0.0852385 -0.4036305 0.2143432 -0.0473141 0.3247645 0.3936684 0.1914425 0.0505411 0.7630694 -0.0734711 0.6575302 0.3550348 0.6929771 0.6929373 0.0410669 -0.2314267 0.8148886 0.5157834 -0.0060013 0.4412112 0.6611260 0.0668130 0.6007403 -0.4507437 0.7314270 0.9280258 0.3587001 0.7693657 -0.0135158 0.4032249 0.6657851 0.6841527 -0.1554310 0.7531353 0.1696387 0.7660331 0.1897429 0.5867180 0.4354899 0.4154010 0.6661521 0.5640663 0.3402843 0.7721204 0.3243343 0.4970088 0.5465317 0.4475974 0.2696453 0.6265115 0.3972817 0.4733890 0.4440464 -0.0515847 0.3355433 0.0514747 -0.0001989 0.2350377 0.3493947 0.4100492 0.3590784 0.1289598 0.1327835 0.3819904 0.2115516 0.3386239 0.3503449 0.0789943 0.0875071 0.4085418 0.3965314 0.3391141 0.1227451 0.0594109 -0.0574670 0.3331894 0.2958638 -0.4131795 0.4121435 0.2686322 0.3657154 0.3142876 0.1384446 0.3182865 0.2206003 0.2062581 0.1605066 0.2271794 -0.0083767 0.1732417 0.0811465 0.1477553 0.2263794 0.0196718 -0.0117272 0.0974079 -0.0496145 0.3107007 -0.0359974 0.0178079 0.2850768 0.3043015 0.0224608 0.2966800 0.1338357 0.0044287 0.3943818 0.1032487 -0.1365430 0.0648646 0.0733121 0.0374202 0.1071929 -0.0964151 -0.1227698 0.0973839 0.1213975 -0.1136121 0.0542224 0.0232730 0.0366739 -0.0924933 0.0482365 0.1434892 0.0626908 -0.1821495 0.0643722 0.0217435 -0.1074157 -0.2425761 0.2846977 -0.0417930 0.3240026 -0.0189360 0.1518777 0.1562025 -0.2227367 0.0445183 0.0062577 -0.1220862 -0.0596313 0.3640050 0.3591466 0.2644592 0.0236617 0.2694587 0.4082908 0.3281644 -0.2301098 -0.0258649 -0.1194123 -0.1736856 -0.0637673 0.1154422 0.1534487 0.1195374 -0.2819389 0.0356599 0.0611234 0.2375823 -0.1675175 -0.2793821 0.2247556 0.3657418 0.1709605 0.0133110 -0.1726437 0.1235298 0.0299092 -0.0586577 0.0066388 -0.0892616 0.0440452 -0.0891672 0.1031796 -0.1255264 0.0804395 0.0879320 0.0499771 -0.2285807 -0.1404738 -0.4830700 0.0512872 -0.3092610 0.0080546 0.0608852 -0.1662936 0.0091337 0.0998720 0.0734745 -0.3564369 -0.2481104
0.5058439 0.6287029 0.2074484 0.3759873 0.1947212 0.8238136 0.6058956 0.1291143 0.8094915 0.6161521 0.2555872 0.0000000 0.1308952 0.3869403 0.8479892 -0.1188967 0.0683663 0.3869439 -0.1464055 0.3214991 0.8430258 0.2104150 -0.1258663 0.6276687 -0.1283666 -0.0537784 0.0808804 0.4028636 0.6325964 0.3832838 0.2046272 0.1085788 0.5541581 0.5516985 0.0365415 0.5643470 0.1715070 0.1668468 0.2367535 -0.0481521 0.2584603 0.1836779 0.0101438 0.1347290 0.1470563 0.1962031 0.0885303 0.3646264 0.5042671 -0.0872376 0.0240879 0.1160294 0.5159836 -0.0980863 0.1318802 0.1309170 0.0466256 0.0606703 0.2831964 0.0563852 0.3378190 0.0933194 0.0381098 0.5166866 0.4903497 0.0640820 0.0403881 -0.0735278 -0.0392017 0.2578020 0.0782780 0.6601608 0.0430615 0.5555944 0.0124154 0.4385750 0.7551130 -0.0302773 0.2377986 0.6281657 0.0585731 -0.2435176 -0.2489613 -0.3662605 -0.0312400 -0.0040243 0.0342215 -0.0591058 -0.2742667 0.0006441 -0.2055653 -0.6007100 -0.2004910 0.1795095 -0.0967156 -0.2893970 -0.1161728 -0.1825419 -0.1198213 0.2106607 -0.4404137 -0.2019307 -0.1856316 0.0423360 -0.2332776 -0.5058185 -0.1776226 -0.2562505 -0.0837022 -0.2664918 0.0606846 -0.0208908 -0.1661193 -0.0661293 -0.2118408 -0.2401708 0.0491915 -0.3338077 -0.2584967 -0.2862805 -0.1096505 0.1176176 0.1700661 0.4070116 -0.1459841 -0.4634069 0.0313788 -0.3529004 -0.2326445 0.1233712 -0.0898533 -0.4005977 0.0581148 -0.3958890 -0.5426454 0.0165848 -0.3453898 -0.3306950 -0.2640734 -0.2290314 -0.1931881 -0.3762108 -0.1404495 -0.3869018 -0.3956039 -0.0280647 -0.4058687 -0.4191149 -0.3331672 -0.3613162 -0.2745071 -0.5073547 -0.3965864 0.0329110 -0.2689257 -0.2740440 -0.1534270 -0.4550474 -0.1098594 -0.2006707 -0.2278000 -0.3907921 -0.2822042 -0.1329587 -0.4343560 -0.2441030 -0.0834340 0.0132309 -0.1210956 -0.2219593 -0.3767810 -0.1356135 -0.0189022 -0.2540065 0.1359166 0.5178213 0.7072559 0.5207388 0.6161156 0.6535018 0.4539933 0.5377127 0.2820513 0.4809359 0.3915074 0.5220135 0.3505680 0.3107829 0.6848436 0.7973599 0.2245024 0.5860428 -0.0594236 -0.0161420 -0.2213297 -0.0811664 -0.2801276 -0.3075902 0.3875202 -0.4108367 0.1807139 -0.2380017 -0.0136211 0.0598326 0.2765873 0.0052331 -0.3064789 0.0033680 0.2415909 -0.3001760 0.0276783 0.3161965 0.2909027 0.3453628 0.0851908 -0.0442986 -0.3135473 0.1670066
0.3649104 0.0629455 0.8574206 0.4819263 0.7988315 -0.1064507 -0.0549840 0.8527137 0.0745591 -0.2405245 0.3404358 0.1308952 0.0000000 0.0036029 0.1939389 -0.1828915 -0.1137650 0.0382041 0.4623116 0.2737598 0.1322720 0.7376137 0.4263459 0.2153622 0.7737980 0.6313596 0.0270958 -0.0708068 0.1149221 0.0739253 0.8289823 0.7832626 0.2009781 -0.0980823 0.4829871 -0.0921014 0.6878180 0.9405900 0.4309112 0.2713180 0.8154021 -0.1133995 0.4742940 0.2976402 0.1781736 0.8446328 0.6348989 0.7363645 0.4807266 -0.0933629 0.3729791 0.5179780 0.4954820 0.3254142 0.8004060 0.9234688 0.7340131 0.5101905 0.2783592 0.5933460 0.6682094 0.3519171 0.8824293 0.6032026 0.7294747 0.8552742 0.5912135 0.4459269 0.8842935 0.4832440 0.8011568 0.4035517 0.7325262 0.5751076 0.7543062 0.4039305 0.2924080 0.8821484 0.7466355 0.1802826 0.8274626 -0.4449171 -0.5660760 0.4286340 0.3379020 0.1514254 0.1591992 -0.3036923 0.3761568 -0.0221591 0.4767007 0.0763691 -0.1002450 -0.4381677 0.5796496 0.2374014 0.0651708 -0.0971146 -0.0751831 -0.4408323 -0.3854334 -0.1367894 -0.2307005 -0.1346094 -0.1641433 0.1040942 -0.0589371 -0.1229005 -0.3861495 0.0299456 -0.3675401 -0.3911463 -0.0976276 -0.0412062 0.1625028 -0.3866946 -0.1271708 0.1137373 -0.5738284 -0.4011699 -0.2880782 0.0540497 -0.0240944 0.0237552 -0.5180003 -0.5021700 0.2881132 -0.1178129 -0.4936731 0.2786184 -0.0166656 0.0714704 0.4206903 -0.2805921 0.1493397 -0.3291679 0.0373263 -0.4657737 -0.1676452 -0.5149606 -0.3230256 -0.4105920 0.6261883 -0.2953669 -0.0047290 -0.2714479 -0.1141080 0.1651709 -0.0326100 -0.0258351 0.0058521 -0.2730717 -0.0560201 -0.4189588 0.3155176 0.0449097 0.2807749 0.1135885 0.3112953 0.0208660 0.5321413 0.1897384 -0.0850316 0.0605044 0.3260616 -0.1315467 0.1812508 -0.1668470 0.0264861 0.2666068 0.2419991 0.4404288 0.1512273 0.4678682 -0.1804069 0.0451584 -0.0061339 -0.1771704 -0.0612568 0.0427372 -0.1814533 -0.1760538 0.1697455 -0.0886922 0.5674753 0.7077341 0.4324163 0.4537265 0.4745209 0.3537221 -0.1263728 0.0550172 0.0809533 -0.1396439 -0.3679158 -0.4642981 -0.3896669 0.1246024 0.5868261 -0.6054907 0.0099299 -0.4908061 -0.4408165 -0.5224554 0.3840632 0.6164832 -0.5963150 0.2221907 0.1008107 0.0188553 -0.5430957 -0.2981854 0.5085264 0.1477677 0.6270510 0.7344343 0.0219631 -0.1738561
0.0190750 0.0724379 -0.0529130 -0.1104289 0.1499215 0.2268550 0.3960715 -0.1566431 0.4447135 0.2856319 -0.3572255 0.3869403 0.0036029 0.0000000 0.3640405 -0.7113113 0.3513887 0.6614600 -0.5757268 -0.3144528 0.2278507 0.2637888 -0.5523223 0.4462732 -0.3031060 -0.3128312 0.4386103 0.8423663 0.4045836 0.8265950 0.0611993 -0.0930164 0.6410651 0.5327492 -0.3868857 0.1088195 -0.2470838 -0.1168222 0.0156723 -0.4781388 0.1939910 0.2264386 -0.2635661 0.0540837 0.3496250 -0.1126387 -0.2989586 0.0737452 0.3942647 0.0930129 -0.4600557 -0.4026626 0.5045674 -0.4065910 0.0944910 -0.0759084 -0.3689766 0.0226177 0.1260684 -0.2702357 0.2309669 -0.3825537 0.0262434 0.3580685 0.3245493 -0.2839727 -0.3377579 -0.3613117 -0.1614249 -0.0677486 -0.2044812 0.4507135 -0.2497910 0.4058005 -0.2003176 0.1403505 0.4921187 -0.2225851 -0.0054523 0.5261855 0.0338676 0.0522861 -0.3186525 -0.4891868 -0.2016151 -0.4559582 -0.3661454 0.1836154 -0.3770079 -0.2526770 0.0008823 -0.3892596 -0.3958040 0.2248166 0.1972736 -0.0404300 -0.2115053 -0.4332903 -0.1432796 0.1434894 -0.1854839 -0.3674687 -0.5604388 0.0638711 -0.4147605 -0.2654403 -0.5282673 -0.6371624 -0.2901175 -0.6581151 -0.2445893 -0.4729177 -0.2000423 -0.0049199 -0.0595057 -0.2089736 0.1342134 -0.1714604 -0.2879380 -0.3983340 -0.1995550 0.1267754 -0.0241963 0.2331257 -0.2581665 -0.3551537 0.1128879 -0.2366837 -0.3307695 0.0929104 -0.2559071 -0.2221399 0.0399262 -0.3674102 -0.2417025 0.1120952 -0.2335301 -0.3248641 -0.2203799 -0.2553907 0.1041051 -0.4337418 -0.1237520 -0.3737515 -0.2993807 -0.0001110 -0.2762687 -0.1657882 0.0181090 -0.3381684 -0.3537671 -0.4868961 -0.3455967 0.2329835 -0.0674882 -0.2843121 -0.2005288 -0.2356737 -0.0352678 -0.4768984 0.1736486 -0.2493885 -0.3198192 -0.5140115 -0.0538557 -0.3196902 0.1198886 0.1097302 -0.0521486 -0.1356294 -0.0125968 0.1834597 -0.2951325 -0.3787718 0.0236752 0.0965713 0.2140178 0.0554444 0.1736307 0.0003625 -0.0407900 0.0181517 0.1901420 0.0065118 0.1883841 0.3367509 0.1088855 0.2554935 0.4686986 0.3597697 -0.2434289 0.3353066 -0.0333911 -0.4343920 -0.3276523 -0.3022463 -0.2997413 0.1011031 0.4045028 -0.2820392 0.1508417 -0.0681878 -0.0424285 -0.1373776 0.0363924 -0.0307836 -0.2702427 0.1845630 0.3567307 0.1846230 -0.0649930 0.2159190 0.0021178 -0.2024205 0.4465997 -0.1555704 -0.0785817 -0.0920845
0.3161556 0.5822137 0.2815501 0.6769580 0.1562751 0.8745739 0.2521873 0.3496208 0.9715413 0.7236510 0.4557754 0.8479892 0.1939389 0.3640405 0.0000000 -0.0049346 0.0396164 0.5502339 -0.0927715 0.4494450 0.6211358 0.1493402 -0.0592866 0.8718657 -0.0741056 0.0253575 -0.0219755 0.4240306 0.7196261 0.3580762 0.2053519 0.0594018 0.7515381 0.6967577 0.1272600 0.2344247 0.1647111 0.1902796 0.3279608 0.1307301 0.1214516 0.0370627 0.1542200 0.3947922 0.2221591 0.1820307 0.1144777 0.2685104 0.7022088 -0.2426597 0.0886162 0.3266999 0.6327279 0.1200024 0.0236220 0.1403590 0.0924481 0.2885772 0.2425206 0.1627917 0.3419961 0.1851622 0.0396512 0.6751305 0.6068710 0.0089705 0.1170304 -0.0046338 -0.0759043 0.3984479 0.0033318 0.8015793 0.1037995 0.6740100 -0.0241606 0.6027801 0.8288111 0.0189719 0.3348583 0.4938292 0.1055465 -0.1964121 -0.2745853 -0.4286883 -0.1846922 -0.0343552 0.0854093 -0.0952523 -0.2316855 0.0104229 0.0652983 -0.4429345 -0.2141333 0.1687414 -0.0053496 -0.0992963 -0.0540609 -0.2005546 0.0702347 0.3324488 -0.4386559 -0.1891899 -0.3113769 0.0369876 -0.1019606 -0.3158167 -0.1946670 -0.2518893 -0.1018398 -0.2753435 0.0414434 -0.1541660 -0.0302411 0.1084848 -0.2168309 -0.1712807 0.0488788 -0.1863971 -0.1399269 -0.3689407 -0.2347045 -0.0563820 0.1307477 0.4876187 -0.1729119 -0.4040330 0.0093212 -0.1148308 -0.1943677 0.1975308 0.0678961 -0.2901974 0.2220469 -0.3022665 -0.5725355 0.1488267 -0.1242164 -0.1968881 -0.0475410 -0.3463927 -0.1526918 -0.3180841 -0.2722500 -0.5211636 -0.1310462 0.0438958 -0.2164921 -0.2579437 -0.3617231 -0.2917162 -0.2958882 -0.6083679 -0.2077288 0.0894048 -0.3688892 -0.4906352 -0.2550239 -0.2304203 -0.1991332 -0.3671954 -0.1124526 -0.2331201 -0.3964239 -0.2672026 -0.2132109 -0.2140084 -0.0275612 0.0118175 -0.0448838 -0.0711336 -0.1637127 -0.0189258 -0.1008473 -0.2684028 -0.2287044 0.1064695 0.2771194 0.2659197 0.2508229 0.3783293 0.4910968 0.4618570 0.1885130 0.4667701 0.2854717 0.5727372 0.1958719 0.1186067 0.6067460 0.7675219 -0.0689002 0.3604208 -0.3205646 -0.3114738 -0.2819829 -0.2656865 -0.4197098 -0.3858368 0.2561293 -0.3983446 0.1527109 -0.2046528 0.0820244 0.0454203 0.1182119 -0.1631100 -0.3156771 -0.1446481 0.2820579 -0.3730227 0.0907569 0.2157516 -0.0267878 0.0756627 0.0202888 -0.1271815 -0.5407736 -0.1877614
-0.1033770 -0.1932042 -0.1031674 0.1989411 -0.3299815 0.1100490 -0.3101733 0.1667602 -0.0260057 0.2885842 0.5084463 -0.1188967 -0.1828915 -0.7113113 -0.0049346 0.0000000 -0.0866822 -0.1553449 0.5320989 0.3280395 -0.0621078 -0.4239720 0.5428755 -0.0066803 0.1375419 0.2264201 -0.3151640 -0.4766467 -0.2882876 -0.5532366 -0.4170140 -0.0675312 -0.2999784 -0.2759764 0.4088592 -0.0610839 0.1758872 -0.0798514 0.1563592 0.6117873 -0.4694721 -0.2305172 0.3528476 0.1912835 -0.3465510 0.1073965 0.1815498 -0.2431914 -0.1182323 0.0029129 0.4418330 0.4757291 -0.4338819 0.5770318 -0.3271148 -0.0155482 0.2362030 0.1084710 -0.2912399 0.2365073 -0.4178756 0.4460238 -0.1704823 -0.1749544 -0.3106194 -0.0090079 0.2529569 0.3261309 -0.0801100 0.1714547 -0.0598017 -0.2503128 0.1002904 -0.3853363 -0.0797777 -0.0193517 -0.3197487 -0.0252545 -0.1653962 -0.5134157 -0.2094305 0.0226704 0.4667487 0.0844140 -0.0930769 0.3319514 0.4083932 -0.1033464 0.0465770 0.2868740 -0.0400548 0.3839475 0.3157803 -0.1011353 -0.4558117 -0.1910569 0.0975855 0.2951134 0.1661923 -0.1095802 0.2504536 0.3410624 0.5441368 -0.1090117 0.4278001 0.0698607 0.4089986 0.5521167 0.3457551 0.4014412 0.3338082 0.4422428 0.0845821 -0.0007206 -0.2816502 0.1308775 -0.2533407 -0.0800034 0.2626377 0.4466389 -0.0573144 -0.2165967 0.1010831 -0.3018275 0.3141696 0.4183054 -0.2280868 0.2693241 0.3653673 -0.2600191 -0.0435141 0.0957846 -0.1623615 0.3424769 0.1456908 0.1706582 0.0358205 0.3613490 0.1209461 0.3972928 0.1760786 0.4848330 -0.0820441 0.3874557 0.0576520 0.1432626 0.1421019 -0.0946690 0.0799301 0.2352382 0.2501071 0.2318009 0.1779671 0.1040434 -0.2123366 0.0569354 0.0795602 0.0140680 -0.0477979 0.2542981 -0.2448024 0.1182940 0.0043163 0.2571229 -0.1401863 0.2188419 -0.2172295 0.1017905 0.0466246 0.0604713 -0.0255557 -0.1637276 -0.1366810 -0.1425882 -0.1851312 -0.1403762 -0.1995828 -0.2245171 -0.2529248 -0.1551931 -0.0460928 -0.1387172 -0.3731623 -0.1721418 -0.4658674 -0.3788700 -0.4398893 -0.6141052 -0.5049979 -0.2399297 0.3644576 -0.2002300 -0.0623259 0.4389179 0.4135255 0.3764038 0.3157327 -0.1384664 -0.5358927 0.3735359 -0.3446023 0.0357613 0.1730357 0.4040303 -0.3213118 -0.3990997 0.4322823 -0.3031874 -0.4526194 -0.3234243 0.3420586 0.0954201 -0.4108306 0.1283275 -0.5063768 -0.2029106 -0.1745671 -0.1624945
0.0596361 -0.3522983 -0.1469215 -0.1588677 -0.0117003 0.0657466 0.1415106 -0.1572873 0.1052316 0.3309567 0.0275341 0.0683663 -0.1137650 0.3513887 0.0396164 -0.0866822 0.0000000 0.1028734 -0.3686393 0.0369522 0.0695679 0.0070265 0.0924448 -0.0400311 -0.1395327 -0.2353759 0.5665478 -0.0519803 0.3920833 0.1996618 -0.0528730 0.0776951 -0.0211051 0.4702063 -0.1413065 0.4742270 -0.0658060 -0.0440699 0.3924897 0.0301002 0.1206603 0.6740218 0.2108158 -0.2965578 0.5841346 -0.0107167 -0.2222003 0.1858587 0.1665989 0.2465523 -0.2707801 -0.0293084 0.4335386 -0.1355147 0.2195456 0.0800580 -0.1210817 0.1521843 -0.3389483 -0.2109077 -0.0523823 -0.2315997 0.0483284 0.2254844 0.1501305 -0.0698926 -0.3052099 -0.2925445 -0.0867814 -0.0323116 -0.2794111 0.1457411 -0.2336287 -0.0124197 -0.3915712 0.1680238 0.2471919 -0.1394606 -0.0090816 0.5587738 0.0940667 0.5230095 0.3485702 -0.1457501 0.2063626 0.1321161 0.3333926 0.4701110 0.1737969 0.2183924 0.1612063 0.4390428 0.2289826 0.5035561 0.1544280 0.1740296 0.0878140 -0.0183808 0.2996387 0.1923132 0.2121865 0.0300146 0.0641301 0.0904882 0.1976686 0.2965048 0.1173298 0.0266991 0.0868551 -0.1183126 0.0125560 0.0236967 0.1306157 0.0478639 -0.2414803 -0.0113344 -0.1505570 -0.2313322 0.1005138 -0.0761498 -0.2558335 -0.1493360 -0.0417167 -0.0107287 -0.0585077 0.3144988 -0.0243980 0.2812085 0.1198373 0.2180303 0.0861919 0.1674160 0.1548259 0.5403899 0.1275018 0.4971577 0.2834884 0.1341712 0.1853415 0.4585247 0.6096625 0.1587152 -0.1513809 0.3298505 0.0192128 0.4654477 0.1418767 0.2332153 0.0097164 0.2894580 0.4854030 0.1284032 0.1369505 0.6407970 0.2759557 0.3504408 0.0071098 0.1960501 -0.1448649 0.2361162 0.3506802 0.2587168 0.3562121 -0.0523623 0.2902797 0.2746500 0.5663803 0.0189818 -0.2659770 0.2085444 0.4579753 0.1338695 -0.1291762 -0.0079132 0.1438568 0.2165831 -0.0034892 -0.4727349 -0.0648221 -0.1572390 -0.4918464 -0.0107622 0.2279399 0.0318400 -0.3497773 -0.1012132 -0.4300256 -0.2162221 0.1903799 0.2522899 -0.1159775 0.6459012 0.4894416 0.1026066 0.2427081 0.2502249 0.3550136 0.6088225 0.4022925 0.3498792 0.5652123 0.2040889 0.3000643 0.5596608 -0.3455400 0.0328490 0.0792346 0.1703613 0.4418973 0.4679193 0.3739208 0.8173992 -0.1010703 0.1742965 0.2698681 -0.1574046 0.2594082 0.4183880
