0.0000000 0.3917676 0.7264345 0.2972081 0.7489343 0.0159362 -0.1959827 0.4041933 0.2413534 0.5001270 0.4268867 -0.0002910 0.5603950 0.2819258 0.2099508 0.2384949 0.2099380 -0.0174364 0.2604294 0.7451951 0.2511161 0.1839989 0.3789921 0.2721504 0.3254237 0.2339427 0.4150782 0.3518764 0.0136769 0.2116128 0.3979897 0.3302823 0.2797129 0.0758454 0.2910796 0.1758286 0.3195204 0.3851298 0.3767541 0.2474257 0.4291235 0.1825720 0.4124695 0.2360910 -0.0916596 0.2549925 0.3458372 0.3896736 0.2233031 0.1873061 0.4182419 0.1425771 -0.0494347 0.0542370 0.5137974 0.4676603 0.4766390 0.2396102 0.2981347 0.4178540 0.2574675 0.4185071 0.3825563 0.3402116 0.3306966 0.6440237 0.3908198 0.1643413 0.4064383 0.2943193 0.4575827 -0.1913355 -0.0180450 0.3052161 -0.0004781 0.1174179 -0.0703191 0.0714831 0.0535132 -0.0782897 0.1291880 0.0385589 -0.1591249 -0.0219978 0.1618380 0.5075662 0.3718612 -0.3796639 0.3239748 0.0032266 0.5633297 0.5352023 0.0678909 -0.5280051 0.5525712 0.5107482 0.2796848 -0.0455202 0.1313211 -0.3745590 0.5825497 0.2252888 0.3331844 -0.0170874 0.4133081 0.5304786 0.3959722 0.0667165 0.5024549 0.0968455 0.4182778 0.5569268 -0.1521316 -0.0763069 -0.0701535 -0.0744801 -0.0325938 0.0184956 -0.0341959 0.0267498 -0.1558161 -0.1014350 0.1670978 0.0806724 -0.0137572 0.0443572 -0.0759344 0.2244013 0.0868416 -0.0545215 -0.0929203 0.1913789 0.0315013 0.2377698 0.4556178 0.4010468 0.3196267 -0.3846848 -0.0478237 0.2022798 0.5120891 0.1176984 0.5601679 0.3052680 0.1841035 0.3075242 0.1031678 0.3418719 0.5063867 0.5241482 0.5235894 0.3365462 0.2537359 0.4228287 0.6315649 0.1329784 0.4712125 0.3475829 0.5914366 0.3577242 0.6758410 0.6202150 -0.1891629 0.2956922 0.7110476 0.0567258 0.0057521 0.2542254 0.6081021 0.5622863 0.6213065 0.6463157 0.4962301 0.0139975 0.0015255 0.1491180 0.0437154 0.1283715 -0.0940540 0.2981844 -0.1277260 -0.0317615 0.0684477 0.1393825 0.2614902 0.3252943 0.3525649 0.3542070 0.2050077 0.0290610 0.3879350 -0.2028474 0.0044382 0.2922522 0.1694148 0.0629770 0.0476920 0.0240355 -0.1254970 0.1135834 0.2962009 0.0878176 0.4696459 0.3202132 0.4997969 0.3130236 -0.0353175 0.3371705 0.2562267 -0.0491349 0.2939100 0.0769866 0.4942283 -0.1349980 -0.0156106 0.6900138 0.0099761 0.4607462
0.3917676 0.0000000 0.6188656 0.6822116 0.3684077 0.5530152 0.4907122 0.5434878 0.5942097 0.6354644 0.3700481 0.5153073 0.4858289 0.3856788 0.6377108 0.0642036 0.4029285 0.1307692 -0.0886633 0.5569469 0.4297178 0.5959323 0.2404042 0.3968822 0.2732755 -0.0920384 0.6476790 0.0774628 0.4831178 0.3057979 0.5972387 0.3376754 0.2089948 0.4262422 0.1000327 0.2060049 0.2901272 0.3455348 0.0213319 0.1095742 0.3034210 0.3101143 0.3393476 0.0254081 0.6454272 0.3759714 0.1473919 0.1830938 0.2748527 -0.1477027 0.2217372 0.3914794 0.4308006 0.4679457 0.0436113 0.2125979 0.2801228 0.4642309 0.1272213 0.2389011 0.3691036 0.3846557 0.1690744 0.4676941 0.4765226 0.3482293 0.1035752 0.3831849 0.0866502 0.3837116 0.1865496 0.3677210 0.0749177 0.4439542 0.0103168 0.3484342 0.4164758 0.1321421 0.3099040 0.4140586 0.2766654 0.1677391 0.1893642 0.0937942 -0.0045612 0.2140848 0.3434857 -0.6292735 0.0693120 -0.1837253 0.1677051 -0.0117053 -0.1043858 -0.5057105 0.1184630 0.0445115 -0.2083861 -0.1486270 -0.1252726 -0.2289598 0.2100955 0.0635304 0.1576309 0.0008383 0.1197270 0.1479908 0.2591854 0.1075337 -0.0667563 0.2852775 0.0673769 0.3736118 0.0570692 0.1028043 0.1009787 0.1754554 0.2476951 0.2029623 0.1965561 0.1982159 0.0687504 0.0380937 0.3121803 0.1386609 0.1279691 0.2387144 0.1200751 0.3657971 0.2145998 0.1419183 0.1340462 0.5421894 -0.0296129 0.3533331 0.5110569 0.5439200 0.2228492 -0.1545772 -0.0070481 0.2258367 0.5500773 0.2141169 0.6078215 0.5337668 0.4194275 0.3864264 0.1638244 0.1718936 0.3729057 0.4163196 0.3856164 0.5901925 0.3538983 0.4028197 0.3448529 0.4688414 0.5236734 0.3349423 0.4460726 0.2578551 0.3915304 0.5288676 0.1681018 0.2387446 0.4543162 0.3493428 0.0532800 0.1028329 0.5082934 0.3419568 0.4844104 0.4131627 0.6913051 0.0969765 0.1683224 0.3929711 0.0633765 -0.1000189 -0.1855004 0.0224557 -0.1687679 -0.1006367 -0.0655895 0.0029975 -0.0198726 0.2980883 0.2095458 0.3273657 0.4442236 0.3305068 0.2853466 0.4059436 0.0734483 0.2402721 0.2949731 0.1178742 0.1875185 0.0045661 0.2899432 0.0530576 -0.0088824 -0.2909252 0.5071080 0.4302753 0.1136305 0.2203972 0.0676707 -0.1938250 -0.0970962 -0.2191563 0.5031026 0.2379316 0.0940672 0.1969686 0.2531406 0.2937875 0.0503810 0.2193186
0.7264345 0.6188656 0.0000000 0.5338949 0.5992646 0.3310025 -0.0170382 0.6931133 0.3358957 0.4119816 0.3450195 -0.0071280 0.7907691 0.2266777 0.2825555 0.3113079 0.0972583 -0.0147874 0.1080490 0.7882246 0.3046348 0.4579751 0.3401471 0.2516370 0.2376010 0.0900792 0.4509599 0.1854011 0.0103802 0.0692699 0.5379831 0.3936361 0.1406367 0.0234072 0.2102231 0.3114104 0.3227668 0.3734112 -0.1428050 0.1221220 0.3525164 0.0818011 0.0984023 0.1531300 0.1687071 0.3118519 0.2482906 0.2524125 0.0787143 -0.0934566 0.2812860 -0.0026008 -0.0069609 0.1370341 0.2343316 0.3361266 0.3652105 0.4236960 0.0389381 0.2802470 0.1045677 0.3067526 0.1783349 0.4729441 0.3226191 0.4200800 0.2975069 0.4464899 0.0974778 0.5711896 0.3606932 -0.0057014 0.0601889 0.3163679 -0.2127703 0.4658035 0.1359648 -0.0159569 0.1613190 0.2331812 0.1872250 0.2229586 0.0397204 -0.0627541 0.0187387 0.3467248 0.4250118 -0.4948228 0.1052052 -0.1714247 0.3728584 0.2950669 -0.0658467 -0.5929767 0.2382353 0.2980075 -0.0409072 -0.2802478 -0.2706340 -0.4406366 0.2967093 0.0473636 0.1824522 -0.0706673 0.3331335 0.3306036 0.2627895 -0.0913496 0.2599886 0.0339397 0.0682329 0.5248113 -0.3010663 -0.2081801 -0.1199424 -0.1995241 -0.1326993 -0.0473486 -0.1142946 0.0189777 -0.2509846 -0.2470846 0.3856139 -0.0413403 -0.0718892 0.1391840 -0.2499636 0.3094976 0.3614076 0.0053927 -0.0669783 0.2540820 -0.1411901 0.5223560 0.4318528 0.5886780 0.2583915 -0.1794781 -0.0947678 0.2180239 0.6056889 0.2860464 0.7215492 0.5248106 0.4712918 0.5210792 0.1500601 0.2464114 0.4636933 0.6214582 0.5517675 0.6589196 0.3528954 0.4555700 0.4313845 0.4865855 0.6708782 0.5377361 0.6308544 0.4485651 0.4679387 0.5546305 0.1568544 0.4577582 0.5437215 0.4262772 0.1969390 0.2437155 0.6000870 0.4288775 0.6204677 0.5728405 0.5979969 -0.0620570 -0.0052750 0.2567341 0.1604893 0.0684387 -0.0116902 0.1086115 -0.2747269 -0.1427563 -0.1104461 0.0512076 -0.0539635 0.2146575 0.1468826 0.2223207 0.1874261 0.1211857 0.4736340 0.2162724 0.2303372 0.5059006 0.3996968 0.2926288 0.1367278 0.0422566 0.0832600 0.1063486 0.0284856 -0.2026518 0.5012954 0.3397410 0.4427765 0.1671604 -0.0514684 0.0163183 0.0450539 -0.2848544 0.3725174 0.0749682 0.3634415 0.1937094 0.0192380 0.4596830 0.0506120 0.2462011
0.2972081 0.6822116 0.5338949 0.0000000 0.2143783 0.6847321 -0.0232120 0.6323541 0.6377672 0.5484274 0.2915296 0.1144100 0.4585948 0.4381977 0.4348752 0.0922636 0.1528411 0.0485820 0.2206165 0.5469086 0.1430461 0.4975493 0.1970381 0.3311255 0.0893385 -0.0106072 0.5405299 0.0530370 0.2544647 0.0757053 0.5269788 0.1395167 0.0815564 0.4110595 0.0527504 0.0693384 0.1976372 0.3522151 -0.0258139 -0.0742002 0.3518434 0.3084438 0.2886063 -0.0528192 0.4192167 0.5461040 0.3148485 0.1690351 0.3325167 0.0409516 0.3024510 0.4557016 0.5932856 0.3390617 0.1430933 0.3834907 0.3331462 0.4557291 0.2176740 0.2704643 0.2130587 0.4027543 0.2518736 0.5496439 0.4086108 0.4912038 0.1919368 0.3411064 0.2907873 0.4528179 0.2689785 0.3216094 -0.0095951 0.2643557 0.2197588 0.3816649 0.4705038 0.2121847 0.0813489 0.1900868 0.0015402 0.3167471 0.2377000 0.2367395 0.1381851 0.2868409 0.3182455 -0.6473364 0.1255951 -0.0514531 -0.0853183 -0.1349032 -0.0659859 -0.6786363 0.1206620 0.0025623 -0.0985912 -0.0477790 -0.1178810 -0.4882707 0.1010896 0.0705923 0.1352288 -0.4092642 0.1899295 0.1494158 0.1619343 0.0144528 -0.0194678 0.1495224 0.0459193 0.2574769 -0.0644690 -0.0226937 0.0853732 -0.0026598 0.0375105 0.1585478 0.0264532 0.2506464 0.0570734 0.0001692 0.0887625 0.0424910 0.1745218 0.3507047 0.0572541 0.0940859 0.2173842 0.2038446 0.1591917 0.1572422 -0.0494139 -0.0754499 0.3318895 0.3094637 0.0843712 -0.2627067 -0.1266840 -0.0094492 0.2848976 -0.0050333 0.2425447 0.1663171 0.2656168 0.1061365 -0.0767744 0.0167137 0.2082982 0.0831831 0.1055374 0.2887724 0.1875758 0.0785473 0.1752869 0.1879149 0.3869481 0.1251304 0.2881633 0.0136941 0.1971560 0.2437495 0.0933303 0.1607494 0.2818892 0.1803861 -0.1032637 0.2148167 0.4230772 0.0249346 0.2539543 0.3995955 0.5151189 -0.0758441 -0.1393456 0.0331607 -0.2260654 -0.4252662 -0.4367911 -0.1800294 -0.2745971 -0.1357171 0.0466973 -0.0689369 0.1247677 0.2006632 0.3260036 0.2074800 0.2733749 0.2295292 0.4002202 0.1664050 -0.1788945 0.1334133 0.2719765 0.0801356 0.1684418 0.0150422 -0.0531933 0.1626955 -0.2550089 -0.0795447 0.3812231 0.0686515 0.0940080 -0.0888671 0.1670654 -0.1774383 -0.2394099 -0.3229109 0.3866344 -0.0325438 -0.0598342 0.1358138 0.4558191 0.2061424 0.0302150 -0.0898572
0.7489343 0.3684077 0.5992646 0.2143783 0.0000000 0.1398365 0.0485515 0.5273617 0.0831534 0.3950895 0.4792298 0.0797868 0.6799555 0.1776296 0.1220189 0.3864651 0.2153889 -0.0001111 0.3478459 0.7069033 0.3322913 0.1878700 0.6322853 -0.0044476 0.2903503 0.3746806 0.5562677 0.0879492 -0.1383158 0.2209558 0.5462357 0.3273562 0.0616263 -0.1243548 0.2776975 0.1939314 0.3432119 0.6438513 0.3323696 0.0773849 0.6708780 0.2546502 0.3334494 -0.0022588 0.0741940 0.1266286 0.0544867 0.6618109 -0.1052456 0.1597541 0.1913920 0.0792803 -0.1707635 0.1174055 0.6633252 0.3902909 0.2441456 0.3028083 0.4607053 0.1780839 0.4444067 0.3947792 0.5828313 0.2928719 0.4679114 0.5078292 0.1867809 0.4042265 0.3987299 0.2857352 0.3569088 -0.2200844 0.2378245 0.5216098 0.0418458 0.2528371 -0.1630758 0.2186999 0.3758222 0.1600451 0.4004342 0.1080400 0.1453194 0.2399268 0.4449364 0.6609371 0.5580810 -0.0395567 0.5475485 0.3526679 0.6049057 0.6546997 0.3944160 -0.4089232 0.6586690 0.4417303 0.4233097 0.2392982 0.3606546 -0.1031964 0.7809707 0.5253667 0.6147181 0.1632312 0.5568473 0.7389599 0.7096909 0.3783887 0.4715870 0.5242318 0.6000687 0.8200363 0.2071672 0.3059507 0.3501726 0.2820940 0.3101458 0.3827902 0.3272763 0.4315029 0.2116154 0.2226960 0.1356386 0.3939239 0.3977812 0.2565059 0.2245305 0.1133642 0.2089564 0.1625544 0.1681854 0.2706144 0.1519103 0.3252409 0.5538493 0.2289621 0.4483580 -0.3546893 -0.1402298 0.2789314 0.4638090 0.0212723 0.4758648 0.3389419 0.3638374 0.1626173 -0.0739658 0.1204356 0.4433114 0.5450640 0.3979970 0.2846910 0.0990353 0.3269519 0.6703905 -0.0003747 0.2319330 0.2756430 0.4459203 0.2743895 0.6932997 0.6033148 -0.3399768 0.1133126 0.6681384 0.0790694 -0.1711041 0.0254749 0.4125837 0.4950531 0.5263171 0.5533713 0.5341306 0.1880884 0.3147227 0.3961657 0.3431801 0.3038425 -0.0070002 0.1730634 -0.3659499 -0.1750856 0.1407074 -0.0349114 0.3893570 0.5856979 0.5077830 0.6160733 0.3157420 -0.1182572 0.5673236 -0.1338041 0.1357995 0.3279397 0.2988376 0.2255701 0.4017574 0.3696634 0.1854747 0.3585672 0.4371617 0.3313341 0.4614463 0.4874350 0.6304718 0.5410043 0.1922687 0.3370856 0.2185254 0.2625967 0.3128284 0.3696332 0.4985591 -0.1023107 0.2239802 0.5164195 0.0504709 0.5943121
0.0159362 0.5530152 0.3310025 0.6847321 0.1398365 0.0000000 0.4052257 0.5028058 0.6029194 0.5384137 -0.0117121 0.4560936 0.2100934 0.6522334 0.4601914 -0.2087887 0.4177940 0.5562518 -0.0794031 0.2169219 0.4113811 0.3858694 0.0592827 0.3380735 -0.0913440 -0.3234966 0.3759583 0.1949017 0.3239671 0.1488100 0.2854770 -0.1649179 0.0890585 0.3726010 -0.2145231 0.2697756 -0.1767773 0.4472763 -0.0004338 -0.0397552 0.3491249 0.3369426 0.0613566 -0.0595903 0.5673439 0.1353056 -0.1914146 0.4024288 0.1842226 -0.0561903 -0.1326955 0.2342040 0.4821585 0.3947795 0.1705393 -0.0278609 -0.2027568 0.4450661 0.2400116 -0.2299096 0.2846534 0.0530427 0.3512417 0.4717150 0.3723372 0.0582007 -0.3582198 0.2068636 0.2490433 0.2116281 -0.2254653 0.4623736 -0.1613925 0.4064477 0.0800633 0.2872578 0.4131462 0.0992788 0.1996621 0.2646128 0.1417889 -0.0098533 0.1382438 0.1192288 -0.1994919 -0.0065395 0.1175221 -0.3332019 -0.0252485 -0.2749455 -0.2813294 -0.2281986 -0.0287275 -0.1289036 -0.0799869 -0.1144271 -0.2965269 -0.2516147 -0.1168251 -0.1689174 -0.0654103 -0.2011607 -0.1618268 -0.2812309 -0.1803825 -0.0313888 -0.0210925 -0.1928494 -0.2422100 0.0934220 -0.1677925 0.0061654 -0.0849336 -0.0010172 0.0923600 0.0128850 0.0730245 0.1186937 0.0218280 0.3014198 0.0637227 0.0177579 -0.1187954 -0.1490716 0.1028033 0.6190530 -0.0302726 0.0038603 0.5710276 0.0138297 0.1849555 0.2524261 -0.3373933 -0.1409739 0.4949750 0.0846975 -0.0289567 0.2312086 -0.0633643 0.4630279 0.2346955 0.4323049 0.0945486 0.3661135 0.4853905 -0.0186602 0.1285164 0.0209316 0.4591819 0.2209578 0.3094688 0.1935565 0.4215131 -0.0542998 0.1160403 0.0988642 0.3984824 0.3854080 0.2955827 0.2223549 0.0192218 0.2944871 0.0594846 0.3067719 0.0999402 0.2538143 -0.4426020 0.4269419 0.4064509 -0.1247255 0.1871693 0.3462125 0.3911992 0.1900733 0.1949597 0.2662334 0.0560068 -0.1567770 -0.1014400 -0.1053312 -0.1855090 0.0000050 0.2285088 0.1153427 0.1966335 0.2031820 0.3558619 0.3091910 0.3595603 0.3039648 0.5326578 0.3041258 0.0143665 0.3864117 0.5591235 0.4158930 0.5329162 0.0763734 0.1848115 0.4767913 -0.4605530 -0.2389163 0.2690187 0.2605608 -0.0669374 0.0477474 0.4531140 -0.2641531 -0.5582425 -0.4522074 0.4358068 0.3668687 -0.1667307 0.3827436 0.6475364 -0.1500922 0.1852555 -0.0836477
-0.1959827 0.4907122 -0.0170382 -0.0232120 0.0485515 0.4052257 0.0000000 0.0880882 0.0872062 0.1233048 -0.0538491 0.7164093 0.0932522 0.1823316 0.3012777 -0.2749647 0.4754752 0.3279008 -0.4588224 -0.0879405 0.2559228 0.1838402 -0.0209168 0.0255495 0.0489683 -0.2530254 0.1719958 -0.0943749 0.3608558 0.1737894 0.1550661 0.0729233 -0.0139637 0.2510504 -0.0636332 0.0206388 0.0022942 0.1415548 -0.1401223 -0.1461465 -0.0232069 0.0038944 0.0213186 -0.1544904 0.7014877 -0.1705524 -0.3398612 0.1218874 -0.1128746 -0.1701060 -0.2475809 0.0014880 0.2612979 0.1737291 -0.0820896 -0.1955190 -0.2046412 0.0073403 -0.0896915 -0.2620631 0.3767359 -0.1151460 0.1686775 0.0730267 0.2914581 -0.2037406 -0.4352118 -0.0328311 -0.0847469 -0.1469997 -0.3515154 0.4902782 -0.0413684 0.4268734 -0.0504557 -0.0277805 0.3281998 0.1018751 0.4129491 0.4951868 0.4587876 -0.1405385 0.1179770 0.1518343 -0.1784548 -0.0346639 0.0269917 -0.1006696 0.0806398 -0.1817187 0.0461067 -0.1636144 0.0693554 0.2738377 0.0314122 -0.1046900 -0.1815936 -0.0845834 0.1738181 0.5331022 0.0274113 -0.1078793 -0.1590591 0.4011747 -0.2192673 -0.0945123 0.0512793 0.0273385 -0.3381620 0.3514041 -0.0921953 0.0008955 0.2500297 0.3176854 0.3169981 0.3947555 0.4886602 0.3701960 0.4344035 0.2690898 0.2896428 0.2482454 -0.0435606 0.1531779 0.2242852 0.0973237 0.2376071 0.1247169 0.2038843 0.1303493 0.2390098 0.5264456 -0.0111043 0.2336738 0.4201715 0.0946729 0.1175840 0.3327196 0.2218117 0.3647594 0.1492481 0.3430079 0.3614665 0.4952605 0.3215118 0.1516768 0.3971116 0.2119332 0.3691841 0.2009737 0.2479141 0.1644167 0.3714628 0.1342163 0.0167739 0.3280662 0.3622639 0.1698263 0.3417292 0.1923313 -0.0417924 0.2921335 0.2117948 0.2735176 -0.0290728 0.1276138 -0.1140377 0.1966282 0.2481237 0.0104101 0.0615208 0.0081428 0.2959240 0.3342998 0.5968756 0.6895395 0.3748328 0.1652727 0.0977594 -0.0892014 -0.0291828 -0.0858891 -0.0572843 0.0407557 -0.1161804 0.1917378 0.0193159 0.2517569 0.4648870 0.3092612 -0.0106355 0.5948097 0.3252288 0.0989333 0.1736392 0.1271390 0.2928664 0.0982437 0.5949217 -0.0139161 0.0356312 -0.2207013 0.2596391 0.5697549 -0.2678991 0.3985263 0.0625219 -0.1586842 -0.1172585 0.0999296 0.3722966 0.4755706 -0.1770116 0.3945796 0.1872593 -0.2301495 0.0083888 0.0398973
0.4041933 0.5434878 0.6931133 0.6323541 0.5273617 0.5028058 0.0880882 0.0000000 0.3684341 0.3762675 0.2918601 0.0445858 0.7548583 0.2051259 0.2728099 0.3531398 0.1644276 -0.0122455 0.2809559 0.7106783 0.2682984 0.4992117 0.5110552 0.0619445 0.1521452 0.1856418 0.5924157 0.0425669 -0.1253654 0.0353038 0.4495417 0.2861501 0.0319052 -0.0746345 0.1555638 0.3794186 0.3824459 0.4206159 -0.2060348 -0.0315461 0.4281190 0.1695640 0.1098662 0.0107858 0.2224246 0.3088071 0.1048856 0.3399820 -0.0998977 -0.2251715 0.1260369 0.1231614 -0.0623596 0.1968613 0.1947274 0.1828168 0.1999523 0.3414059 0.1067293 0.0450726 0.1074690 0.2121700 0.2246809 0.2532280 0.1879759 0.3927233 0.1316998 0.4270357 0.0984899 0.4260863 0.3910864 -0.0059908 0.0829926 0.2012330 -0.1869171 0.4337798 0.0620001 -0.0064914 0.1642824 0.2219291 0.0653161 0.4341784 0.4945367 0.4021534 0.3299418 0.5947714 0.6202284 -0.2316313 0.4333299 0.1551653 0.2260662 0.0614926 0.0663995 -0.5227275 0.3092017 -0.0006518 -0.0864012 -0.0502279 -0.0246090 -0.1731059 0.4600791 0.1858995 0.2719343 0.0662118 0.3530281 0.3364357 0.3955462 0.0741588 0.0539550 0.2901098 0.2126298 0.5324007 -0.1136676 0.0044068 0.1097709 -0.0078873 0.0583818 0.1653239 0.0595187 0.2933327 0.0416025 -0.0147003 0.3602986 0.1919241 0.1692146 0.2590007 -0.0827146 0.2029431 0.1558272 0.1448374 -0.0195083 0.3432211 -0.1784306 0.4840937 0.5319649 0.4295852 0.1278172 -0.5171869 -0.3839051 0.0644434 0.5926525 -0.1454312 0.3693795 0.4340919 0.3577339 0.3471521 -0.2028510 -0.0916148 0.3789353 0.4283566 0.3371748 0.5765426 0.0336321 0.3439599 0.4301418 0.2502135 0.3827344 0.3957721 0.2712000 0.3732866 0.2535042 0.3852218 -0.1576435 0.2763049 0.3783371 0.4235617 0.0311262 0.1414003 0.3923187 0.2316972 0.5494040 0.4267739 0.7926564 0.1564921 0.3148495 0.3648161 0.3097073 -0.0025074 0.0931922 0.0311057 -0.3633945 -0.2212798 -0.0015224 -0.1392589 -0.0330121 0.1417754 0.1799459 0.2117698 -0.0157665 -0.1646122 0.5350604 0.0689838 -0.0364797 0.3595915 0.3873367 0.2954465 0.2409657 0.0890594 0.0459009 0.1995866 -0.1837195 -0.1540616 0.2360618 0.0659920 0.4415965 0.0225978 -0.0998821 -0.1672120 -0.2079481 -0.2604444 0.2809089 0.0182443 0.1985241 0.1713490 0.3128157 0.1124130 0.0784830 0.1452795
0.2413534 0.5942097 0.3358957 0.6377672 0.0831534 0.6029194 0.0872062 0.3684341 0.0000000 0.7803064 0.2091515 0.5988689 -0.0035237 0.7129195 0.8694299 -0.1671051 0.2728035 0.5397971 -0.0473611 0.1300672 0.5510922 0.4057569 -0.0835261 0.8003027 0.1057296 -0.3575012 0.1944904 0.3824584 0.7014812 0.0449482 0.0903265 0.0106371 0.4476791 0.4280000 -0.2772153 0.0239741 -0.0283309 0.1286167 0.2065362 0.1025815 0.1772522 0.0356063 0.2881038 0.1154804 0.2211693 0.3275054 0.1603410 0.1997054 0.4947974 -0.0969765 0.0445055 0.2759539 0.2953345 0.3481463 -0.0565633 -0.0614677 0.0481965 0.4226645 -0.0609915 0.0033499 -0.1797574 0.1111087 -0.1351936 0.1504973 -0.0850501 0.1431394 -0.1498679 -0.0158791 0.1527658 0.1335971 -0.1349596 0.1936383 -0.4757446 -0.1278457 -0.0332600 -0.0239167 0.1585626 -0.2376672 -0.2779195 -0.1927399 -0.3062692 0.3020607 0.3453069 0.1657128 -0.1418414 0.0137592 0.2644725 -0.5948980 -0.0753576 -0.3202389 -0.2723218 -0.2578652 -0.3345315 -0.4419065 -0.1200554 -0.2208819 -0.5070700 -0.3410659 -0.1686346 -0.6416834 0.1687752 -0.2707403 -0.1353831 -0.1369146 -0.1995115 -0.1014527 -0.1784601 -0.1466049 -0.2091689 -0.1929332 0.0211657 -0.0321201 -0.2775578 -0.3019531 -0.2866151 -0.2897141 -0.2881936 -0.2921767 -0.3500875 -0.2211518 -0.3510151 -0.4121941 0.3620306 -0.2390948 -0.3133870 0.3121728 -0.2914745 0.4838947 0.2251369 -0.1463912 -0.1577381 0.4530141 -0.4002867 0.0644735 0.6181937 0.6035410 0.0273863 -0.0548118 -0.0869437 0.3234360 0.6033216 0.3028411 0.2523052 0.4457682 0.4292940 0.3949695 0.1574421 0.2482102 0.3256485 0.4109304 0.4935186 0.5601494 0.3550199 0.3898494 0.4425648 0.3471590 0.2964053 0.5917272 0.0802963 0.4612039 0.2486478 0.4238764 0.1280262 0.3004486 0.3372537 0.4915412 -0.0280221 0.1333179 0.1858655 0.1226637 0.2875013 0.1355057 0.4099110 -0.0481755 -0.2563619 -0.2344146 -0.2893401 -0.3645993 -0.2185924 -0.1412987 -0.2502711 -0.1960362 -0.1922192 -0.1670017 -0.1653523 -0.2230674 -0.0478898 -0.1519622 0.0026555 0.3147314 0.2169333 -0.0266512 -0.2743078 0.2678450 0.3065600 0.2380539 0.1056923 -0.3765261 -0.1745570 0.1853282 -0.3574094 -0.4217836 0.3071080 -0.0538914 0.0240670 -0.2211996 0.2484571 -0.4253147 -0.2993242 -0.4807196 0.4745852 0.0366302 0.1208798 0.2393926 0.4793635 0.1010558 0.3021531 -0.1733971
0.5001270 0.6354644 0.4119816 0.5484274 0.3950895 0.5384137 0.1233048 0.3762675 0.7803064 0.0000000 0.5540332 0.4292968 0.0811515 0.6237185 0.7430440 0.1290118 0.4135114 0.3683186 0.0645515 0.4200582 0.5201558 0.2507259 0.2289430 0.7533989 0.1411677 -0.1282422 0.4278015 0.5250655 0.6122881 0.3463058 0.2096786 -0.0009012 0.5904889 0.4363548 -0.1644656 0.0995721 0.0199665 0.2528440 0.5294045 0.3363745 0.3413813 0.3310582 0.2975955 0.3506343 0.3404905 0.2080697 0.0376199 0.3540273 0.5411583 0.0164961 0.0253301 0.2984991 0.1840733 0.4803757 0.2276032 0.0281830 0.0128621 0.5806493 0.2701810 0.0211548 0.1714369 0.2422158 0.1893184 0.1883222 0.1763779 0.2537255 -0.0131230 0.1065752 0.3566850 0.1371165 -0.0005055 -0.1334190 -0.2194394 0.1309080 0.0511570 -0.0292051 -0.1512809 -0.1422335 -0.1356995 -0.2766204 -0.1660835 0.1242670 0.1914266 0.2036864 0.1065298 0.3360152 0.4496756 -0.4926554 0.2235970 0.0190247 0.1042521 0.1166411 -0.1190367 -0.3771309 0.2629307 0.2449610 -0.1476686 -0.0746427 0.1287953 -0.3844920 0.4165335 0.1134892 0.2187345 -0.0908753 0.0661884 0.2991813 0.2503316 0.1277701 0.2034947 0.1590889 0.3949003 0.3025307 0.0125588 0.0159830 -0.1043223 0.0191752 0.0116627 -0.0616704 -0.0677498 0.0147565 -0.0776455 -0.1205153 0.2360110 0.0678067 -0.0182843 0.4296753 0.0342482 0.4098176 0.1544804 -0.0353534 0.0280356 0.3948930 -0.2360018 0.0762531 0.5453661 0.4578730 0.0823751 -0.1615944 -0.1546866 0.3290837 0.5086809 0.2199847 0.3104899 0.3520441 0.2926866 0.1068695 0.0186661 0.0550327 0.3898687 0.4026170 0.4787505 0.4698742 0.3028013 0.2854967 0.5534317 0.1386981 0.3469850 0.5079480 0.2416844 0.5450971 0.4076667 0.5132716 -0.1679979 0.3574445 0.4896931 0.3330283 -0.1578343 0.1656222 0.4086086 0.3174675 0.4118544 0.3214188 0.4830812 -0.0418608 -0.0142126 -0.1081064 -0.3238208 -0.2967514 -0.2957743 -0.0498501 -0.3277399 -0.2311171 -0.0639348 -0.1808449 0.1947608 0.1570341 0.2839421 0.2447008 0.0158690 0.0210320 0.3145500 -0.2275858 -0.2924195 0.2075267 0.2063116 0.0977967 0.0462379 -0.2813211 -0.2237909 0.3153807 -0.1748613 -0.0733511 0.2659754 0.0172317 0.3158342 0.0758740 0.3444934 -0.0435811 -0.2864350 -0.2265497 0.3778964 0.0817611 0.4160114 -0.1909068 0.2678881 0.5173261 0.4188893 0.2608447
0.4268867 0.3700481 0.3450195 0.2915296 0.4792298 -0.0117121 -0.0538491 0.2918601 0.2091515 0.5540332 0.0000000 -0.0352661 0.3505279 -0.2343994 0.3666174 0.8011582 -0.0944027 -0.4335702 0.5375590 0.4627848 0.1812972 0.1687025 0.6704040 0.2224596 0.4343026 0.6225192 0.1959472 -0.1334289 0.2963759 -0.1143716 0.4410076 0.4472224 0.2092462 0.0037275 0.3910637 -0.2379929 0.6427143 0.2123259 0.2822791 -0.1118334 0.3381731 -0.0734050 0.3069692 0.0868776 0.1618685 0.5485255 0.4250974 0.1918773 0.1816561 0.0939878 0.3187144 -0.0192001 -0.1629325 0.0469374 0.2848460 0.3986117 0.4337722 0.3710312 -0.0025181 0.3964330 -0.0253977 0.4443785 0.0239481 0.0766791 -0.0047411 0.3958118 0.5207026 0.4157308 0.1424665 0.4634194 0.4145798 -0.4191436 0.3934365 -0.0059643 0.2078999 0.2411122 -0.2715820 0.0357541 0.0846888 -0.1329565 -0.0024303 0.4575496 0.4055536 0.5096544 0.6217056 0.6307431 0.6540772 -0.1583246 0.5322746 0.5462895 0.3781789 0.3745509 0.2791874 -0.4082425 0.5372096 0.4803319 0.3171467 0.4697583 0.4282113 -0.0970391 0.6601408 0.5921497 0.5809698 0.2798177 0.4153381 0.5224374 0.5237622 0.6461995 0.2702784 0.4940548 0.6662482 0.5941400 0.4780311 0.4172939 0.3461212 0.4019263 0.3434853 0.3164521 0.3910802 0.2011282 0.3005178 0.2318500 0.4280988 0.5972705 0.4128793 0.1600412 0.4139970 0.2271007 -0.2472614 0.3816041 0.1326659 0.1295900 0.2655396 0.2472319 0.1592597 0.3162143 0.1331379 -0.4494381 -0.3825318 -0.1109255 0.2237559 -0.1940892 0.3681733 0.1004883 -0.0947222 0.1774805 -0.4124107 -0.2553042 -0.1293753 0.1903193 0.0061924 0.2723278 -0.2606612 0.2464573 0.3062924 0.1394944 0.0516071 0.1055095 0.0983108 0.2127741 0.3298955 0.0736770 -0.0499526 0.0908309 0.2461156 0.2272414 0.2724952 -0.2747573 0.0013231 0.1436358 0.0089579 -0.1085732 0.4210242 -0.1298055 0.0032205 -0.0799903 -0.2484876 -0.2532971 -0.3495220 -0.3996180 -0.6503315 -0.6516184 -0.4691602 -0.6363286 -0.0644053 0.1051046 -0.0151848 0.0829169 -0.1144316 -0.2529388 -0.0447994 -0.1694557 -0.0208919 -0.0906853 -0.1573287 -0.1005936 -0.1272162 -0.0354639 -0.0276493 0.1182519 0.4344817 0.4907593 0.3445706 0.0337734 0.5949652 0.2582050 0.1361386 0.2550487 0.3696465 0.4744236 0.2447648 -0.0654854 0.7139851 -0.2770049 -0.0148985 0.6306296 0.2618804 0.2433635
-0.0002910 0.5153073 -0.0071280 0.1144100 0.0797868 0.4560936 0.7164093 0.0445858 0.5988689 0.4292968 -0.0352661 0.0000000 -0.1020662 0.5471702 0.7072017 -0.4518265 0.5112808 0.6638615 -0.3587087 -0.2368597 0.5955276 0.1902288 -0.2086146 0.4368202 0.0816524 -0.4333832 0.1089540 0.1530968 0.7224237 0.1064322 -0.0133452 -0.0413689 0.2188871 0.3806842 -0.2888380 0.0050603 -0.1044263 0.1192089 0.1531867 -0.0571285 0.0223687 -0.1017168 0.2291875 -0.1237666 0.4321219 -0.0274623 -0.1887205 0.2106599 0.1425754 -0.1552944 -0.2173429 0.0809023 0.2779501 0.1432361 -0.0683005 -0.2468463 -0.1652422 0.0200987 -0.1602772 -0.2459537 0.0751684 -0.1480687 0.0128960 -0.0402755 0.0254616 -0.1423700 -0.5261237 -0.2556641 0.0455465 -0.2338278 -0.4355862 0.4540727 -0.4071745 0.1501146 0.0231132 -0.2125807 0.2844586 -0.0127997 0.1440202 0.2184350 0.2097153 -0.0265421 0.1696261 0.0924237 -0.2598503 -0.1797449 -0.0211450 -0.2911956 -0.0805894 -0.3786116 -0.1906386 -0.2532336 -0.1636175 0.0485939 -0.1161075 -0.3216443 -0.4272945 -0.2852839 0.0927610 -0.0159018 0.1559430 -0.3348113 -0.2955068 0.3362282 -0.3816691 -0.2194779 -0.2006567 -0.1278009 -0.4451432 0.0078378 -0.0500696 -0.1559977 -0.0201421 -0.0157011 -0.0024238 0.0414760 0.0865018 -0.0137306 0.0192551 -0.0706481 -0.1111338 -0.1483918 0.1324986 -0.1640610 -0.1531860 0.2241575 -0.0932644 0.3432446 0.2541727 -0.1919790 -0.0631632 0.6483012 -0.2840734 0.1103745 0.7212796 0.3583787 0.0648845 0.2290416 0.1315576 0.5427144 0.4310652 0.4538967 0.3097926 0.6504451 0.3954645 0.3838586 0.3964127 0.3857829 0.4550100 0.3371514 0.4364043 0.3359542 0.4175562 0.3169453 0.3064323 0.3734836 0.2279197 0.4734175 0.1705490 0.3129509 0.1222714 0.3941619 0.2118773 0.2115829 0.1138295 0.2926372 -0.2145387 0.1674302 0.1016448 -0.0032661 0.1012119 -0.0353924 0.3534667 0.2846628 0.2376777 0.3316840 0.2182513 0.0899248 0.0816001 -0.0847611 -0.1082106 -0.1415750 -0.1670394 -0.0246908 -0.2110936 -0.0739908 -0.1102790 0.0081439 0.3700628 0.4578644 0.0631635 0.3881580 0.1484554 0.2702193 0.3349751 0.3285690 0.3849002 -0.0389162 0.4119401 0.1668721 -0.0561706 -0.4266332 0.3442118 0.4355298 -0.2636096 0.2409163 0.2883374 -0.3553820 -0.1646434 -0.1410915 0.4977271 0.5253807 -0.0662225 0.4437478 0.4343575 -0.2093146 0.0617470 -0.1142572
0.5603950 0.4858289 0.7907691 0.4585948 0.6799555 0.2100934 0.0932522 0.7548583 -0.0035237 0.0811515 0.3505279 -0.1020662 0.0000000 -0.0989519 -0.0183332 0.4637452 0.1413597 -0.3293819 0.2912492 0.7639283 0.0543306 0.3325296 0.5890446 -0.2823314 0.1992661 0.3831589 0.5163798 -0.2496854 -0.2928074 -0.1378595 0.6348714 0.4892215 -0.3164159 -0.2195952 0.4025545 0.2000189 0.5524267 0.4910043 -0.2937526 -0.2483324 0.3726827 0.0239342 0.1740942 -0.2487998 0.1337991 0.3846270 0.2631283 0.2530664 -0.3372781 -0.0387338 0.3175224 0.0062892 -0.0293991 -0.1064170 0.2805150 0.4715054 0.4768036 0.0917234 0.0750415 0.3213453 0.2629975 0.3551965 0.2829312 0.4233256 0.4235445 0.4957735 0.3423322 0.4792531 0.0069258 0.5774574 0.4591357 0.0946209 0.2925027 0.3850472 -0.1449441 0.5244045 0.2367884 0.1564657 0.3625615 0.4646370 0.3411435 0.2735753 0.1776749 0.2090267 0.3177637 0.5803459 0.5264192 -0.2212689 0.3999719 0.1488877 0.5408821 0.4025088 0.3404344 -0.5594936 0.4738977 0.2433933 0.2936776 0.1533313 0.0467664 -0.0920537 0.4493910 0.3957139 0.4239555 0.0669016 0.6024793 0.5264269 0.5436177 0.2374903 0.2578441 0.4452246 0.2568768 0.7173703 0.1004890 0.2243803 0.3676475 0.2257591 0.2862818 0.4114085 0.3344344 0.4106738 0.1949350 0.1742650 0.2629248 0.3258941 0.3705088 0.0701433 0.1125224 0.1067578 0.1711455 0.3106300 0.1807999 0.2654853 0.2466744 0.4910346 0.3718976 0.3513244 0.4183195 -0.4025166 -0.1130388 0.0558707 0.4413337 -0.0577031 0.5966021 0.3289001 0.3410366 0.3483435 -0.0350801 0.1460813 0.3289139 0.4148360 0.2871462 0.3644482 0.1038674 0.3646099 0.3774094 0.2380930 0.4252534 0.1636530 0.5402285 0.1221507 0.4596378 0.4153358 -0.0444888 0.1742321 0.4665473 0.1309149 0.1545839 0.0985591 0.4345182 0.3386238 0.4772967 0.4967124 0.6573501 0.0095494 0.2139878 0.5154979 0.3614961 0.0985745 -0.0734367 -0.0546508 -0.3985466 -0.2623510 -0.0808948 -0.0902971 -0.0177984 0.3299575 0.1876444 0.2816381 0.2815510 -0.0299262 0.4324761 0.2821919 0.2287257 0.2620189 0.2664141 0.1838084 0.2641546 0.2810255 0.3016127 0.0608502 0.2495443 0.1414575 0.5811852 0.4738733 0.3780457 0.2535934 -0.1165108 0.0512084 0.2407743 0.1071301 0.4078710 0.1777842 0.1490175 0.2083601 0.1670723 0.2895901 -0.2947403 0.1885165
0.2819258 0.3856788 0.2266777 0.4381977 0.1776296 0.6522334 0.1823316 0.2051259 0.7129195 0.6237185 -0.2343994 0.5471702 -0.0989519 0.0000000 0.4910974 -0.5842873 0.4971374 0.8500887 -0.3533814 0.1226151 0.4287158 0.1620943 -0.3007881 0.6574109 -0.1920870 -0.6446045 0.3226726 0.6561770 0.4058572 0.4102380 -0.0863527 -0.3272147 0.4586023 0.5088627 -0.4690940 0.1826694 -0.4989919 0.1802494 0.3786190 0.3206643 0.1620607 0.3462285 0.1386401 0.2095640 0.2251645 -0.2239238 -0.2904522 0.3268057 0.4444035 0.0100463 -0.2178414 0.3165196 0.4375023 0.4033381 0.1221705 -0.1970787 -0.3157995 0.2973540 0.3304005 -0.3006784 0.2510716 -0.0947700 0.3488275 0.2248693 0.2936708 0.0219577 -0.5010824 -0.2492927 0.3890196 -0.2333123 -0.3934006 0.3061676 -0.6223087 0.2480562 -0.0618689 -0.2267913 0.1512073 -0.0994367 -0.1457510 -0.1216694 -0.0677640 -0.2094250 -0.0934841 -0.1033097 -0.3563798 -0.0766194 0.0184245 -0.5184840 -0.0852160 -0.4050319 -0.1358606 -0.0900903 -0.2386000 -0.2153775 0.0028195 -0.0327218 -0.2890770 -0.4326187 -0.0590164 -0.4078860 0.0276684 -0.3580363 -0.2202591 -0.3541054 -0.1886527 0.0202828 -0.1189562 -0.3933184 0.0587062 -0.1853295 -0.0264121 -0.0670376 -0.3815593 -0.2976613 -0.2850304 -0.2900662 -0.2251796 -0.2146333 -0.3384008 -0.0402499 -0.2895026 -0.2807473 -0.1560083 -0.4050624 -0.2681785 0.3424384 -0.2640495 0.2900130 0.4783715 -0.2827560 0.0059323 0.3865198 -0.4466985 -0.1484874 0.6333686 0.2854124 0.1312016 0.2296514 0.2567121 0.4446803 0.4182966 0.4167771 0.1452859 0.3641705 0.5451993 0.0260137 0.4552752 0.4405328 0.6954521 0.3166766 0.5421018 0.2614297 0.6054286 0.1690976 0.3890014 0.1027521 0.4464571 0.4810160 0.3624971 0.3828507 0.2492298 0.6004865 -0.0586002 0.3984222 0.3988428 0.1717036 -0.4285078 0.5545194 0.5548690 0.2186358 0.4587255 0.5346659 0.1962797 0.0835104 -0.0655270 0.0029716 -0.0981643 -0.0686386 -0.1082422 0.2088627 0.1037433 0.2217930 0.3082778 0.3235743 0.3219599 0.1554243 0.4161754 0.2828124 0.2867572 0.3855827 0.4867266 -0.0564558 -0.1919403 0.3450835 0.4065552 0.2132695 0.2595938 -0.1724129 -0.1257486 0.2484007 -0.4823416 -0.4279426 0.1476141 0.1455998 -0.1837509 -0.0474926 0.2784841 -0.2118411 -0.5552514 -0.5542342 0.3231012 0.1777002 -0.1508754 0.1182812 0.4012243 0.0315182 0.2000889 0.0480792
0.2099508 0.6377108 0.2825555 0.4348752 0.1220189 0.4601914 0.3012777 0.2728099 0.8694299 0.7430440 0.3666174 0.7072017 -0.0183332 0.4910974 0.0000000 -0.0843342 0.1880503 0.4544462 -0.0605841 0.0670022 0.6782577 0.4529209 0.0042200 0.7284725 0.2114401 -0.1935817 0.1327686 0.2409426 0.8625366 0.0228348 0.2124041 0.0647139 0.4754651 0.4550521 -0.1368264 0.0008075 0.1253404 0.0366798 0.1220464 0.0774504 0.2108893 -0.0201520 0.3460197 0.1306497 0.3891397 0.3378732 0.1747898 0.1726787 0.4651047 -0.2137089 0.0680865 0.1661318 0.1734810 0.2709048 -0.0540712 -0.1113597 0.0833155 0.4029259 -0.1494378 0.0462397 -0.1954628 0.1082724 -0.1946018 -0.0120406 -0.1664730 0.0770275 -0.0842890 0.0533120 0.0536582 0.1413002 -0.0612411 0.1083358 -0.2643755 -0.1165895 0.0717751 -0.0234946 0.1015600 -0.0948689 -0.0597244 -0.0901048 -0.1113847 0.2595979 0.4112417 0.2230799 -0.0219873 0.0468368 0.2228461 -0.4793815 -0.0042868 -0.2030447 -0.2844049 -0.3387765 -0.3205403 -0.3250363 -0.1486020 -0.2755529 -0.5404293 -0.2417519 -0.0911675 -0.4740160 0.2516555 -0.2457191 -0.1487273 0.1204474 -0.2620439 -0.1806386 -0.1861197 -0.0411536 -0.3231516 -0.1355740 0.0505366 -0.0543900 -0.1224885 -0.1983660 -0.2275854 -0.1596704 -0.1806881 -0.2677438 -0.2240933 -0.3098562 -0.3212477 -0.3688249 0.4694697 -0.1447154 -0.3036615 0.1652974 -0.1840778 0.4350034 0.0043302 -0.1883951 -0.3452429 0.4485242 -0.3693093 0.1795578 0.6206516 0.5540254 -0.1378705 -0.0789580 -0.2667919 0.3905084 0.5419892 0.3325568 0.3606173 0.5469956 0.2188327 0.4802872 0.0570433 0.1425287 0.2125408 0.4788643 0.4778968 0.5979323 0.2038007 0.4184622 0.4443905 0.4358342 0.3132119 0.6143624 0.0531288 0.5729568 0.2906920 0.3529199 0.2143043 0.3880333 0.2720827 0.5756289 0.0778445 -0.0329456 0.1139030 0.1074027 0.1833052 -0.0762650 0.5127484 0.2109867 0.0213552 -0.0171370 -0.1110422 -0.1657543 -0.0509014 -0.1253444 -0.2294856 -0.2789212 -0.3223513 -0.2311123 -0.2620874 -0.2177632 -0.1776185 -0.1466741 0.0220328 0.2389436 -0.0178671 0.1141459 -0.0798269 0.2110106 0.1846426 0.2255676 0.1022648 -0.2760675 0.0181084 0.1393250 -0.0461716 -0.3664889 0.2582764 0.0107783 0.1919992 0.1126173 0.2444946 -0.2763017 -0.0900190 -0.2654996 0.3662239 0.1906711 0.3457512 0.2950177 0.4149346 0.1376156 0.4086067 0.0299838
0.2384949 0.0642036 0.3113079 0.0922636 0.3864651 -0.2087887 -0.2749647 0.3531398 -0.1671051 0.1290118 0.8011582 -0.4518265 0.4637452 -0.5842873 -0.0843342 0.0000000 -0.2808548 -0.7090028 0.6747086 0.4746334 -0.0911250 0.0839170 0.7994102 -0.1899365 0.3660362 0.7816976 0.0929069 -0.3202643 -0.2098744 -0.2750218 0.3432058 0.5149678 -0.0862999 -0.3857352 0.5054764 -0.1225859 0.6900826 0.2114230 0.0365908 -0.1532864 0.2688771 -0.1201982 0.1117296 0.0067825 -0.1580651 0.4778450 0.3833452 0.1066907 -0.1479632 0.0500848 0.3120547 -0.1247412 -0.4491823 -0.0577617 0.1823701 0.3686092 0.3924964 0.2186188 -0.0352221 0.3854325 -0.1488649 0.3894329 -0.1159469 0.0295668 -0.1098361 0.2909863 0.6342668 0.5667129 -0.1375046 0.5651603 0.5240620 -0.5099560 0.5920489 -0.1294387 -0.0531855 0.4209235 -0.3549666 -0.1039912 0.0370498 -0.0925561 -0.1017990 0.5123581 0.4165822 0.4443527 0.6505353 0.6001831 0.6323399 0.2184105 0.5001782 0.6422429 0.4718017 0.5010583 0.4302484 -0.3007546 0.4639658 0.4510672 0.4410811 0.5549561 0.2740364 0.0271629 0.5145375 0.7007067 0.6831002 0.2332352 0.5858584 0.5502093 0.5971681 0.6970030 0.3425630 0.5017805 0.5603094 0.6562571 0.4850045 0.4499857 0.4044552 0.4006143 0.3283181 0.3478540 0.4082991 0.2859421 0.3798597 0.3209915 0.4047161 0.6645587 0.4797509 0.0336992 0.3858394 0.0674699 -0.2806012 0.5037677 0.2029265 -0.0845366 0.3944315 0.3925864 -0.1543499 0.1451200 0.1933697 -0.5129240 -0.3966838 -0.3371064 0.1006252 -0.4072441 0.1317941 -0.1496360 -0.1274753 0.0970077 -0.5540320 -0.4160975 -0.3413745 0.0915744 -0.1812187 0.1539033 -0.4563138 0.1609688 0.1484663 -0.0336514 -0.1854438 -0.0891547 -0.1066023 0.0243332 0.1860699 -0.1156107 -0.1812056 -0.1496892 0.1338599 0.1310825 0.4038923 -0.4377316 -0.2038522 0.1453219 -0.0023066 -0.1318156 0.2693359 -0.2146105 -0.0181435 -0.1203751 -0.0939347 -0.1434458 -0.1675572 -0.3531304 -0.5921039 -0.5538849 -0.3776218 -0.6264506 -0.1090021 0.0455617 -0.1013548 -0.0284362 -0.3102996 -0.4376122 -0.0501860 -0.2432612 -0.0012325 -0.1548242 -0.2189730 -0.1289198 -0.1869865 0.0335670 -0.0686811 0.0246068 0.3767728 0.5443688 0.1573674 -0.1107678 0.6192872 0.0092235 -0.0938079 0.2438563 0.3944966 0.4880933 0.0265901 -0.2442307 0.5596555 -0.3038497 -0.1607711 0.4549286 0.0963142 0.2014844
0.2099380 0.4029285 0.0972583 0.1528411 0.2153889 0.4177940 0.4754752 0.1644276 0.2728035 0.4135114 -0.0944027 0.5112808 0.1413597 0.4971374 0.1880503 -0.2808548 0.0000000 0.3634591 -0.4074663 0.1011883 0.2046848 -0.2407839 -0.0242608 0.0321809 -0.3888127 -0.4815560 0.4847242 0.3056556 0.1720033 0.3019038 -0.1101273 -0.2974133 -0.1157294 0.1090353 -0.4301163 0.3196000 -0.3098399 0.1957940 0.2383924 0.1455699 -0.1125934 0.3523381 0.0286209 -0.1434895 0.2061768 -0.2580572 -0.4330134 0.0858540 -0.1812084 -0.0703955 -0.3435733 0.2196744 0.2072788 0.1177307 -0.0595555 -0.2573236 -0.2518129 -0.1861642 0.2473536 -0.3223259 0.5097313 -0.1427225 0.2117921 0.0895814 0.4149365 -0.0818884 -0.4679942 -0.3356826 0.0041790 -0.2273007 -0.4083101 0.2617353 -0.4136519 0.2656276 -0.2946345 -0.2517593 0.0627567 -0.2223427 -0.0528023 0.0905264 -0.0104369 -0.4389485 -0.2949481 -0.1828096 -0.2574624 0.0696492 0.1164686 -0.2080323 0.0176300 -0.2426796 0.2959872 0.1898230 0.1191585 0.0369818 0.1857365 -0.0155041 -0.0061690 -0.0274831 0.0955184 0.1396023 0.0696527 0.1152581 0.0882821 -0.1198028 0.1297913 0.2697520 0.2844914 -0.0048308 0.2129318 0.3292524 0.1671608 0.1847099 0.1336298 0.2525844 0.1173261 0.2694747 0.2947225 0.1651125 0.1558575 0.2518419 0.1331442 0.1237844 -0.1307406 -0.0327813 0.0838041 0.3444482 0.0815616 0.2771792 0.2792584 -0.1062507 0.3105674 0.6010869 0.0401285 0.0142794 0.4266079 0.1698328 0.3364198 0.0365119 0.2966862 0.5231158 0.3588152 0.2350098 0.1562636 0.2253347 0.3655419 -0.2113594 0.3707591 0.3174166 0.5674454 0.2058721 0.5000036 0.0889446 0.5358386 0.1726863 0.4487123 -0.2125323 0.1905579 0.2093339 0.3088243 0.2253424 0.3462339 0.5537357 -0.4693592 0.0767312 0.4186727 -0.2046377 -0.4212233 0.3380120 0.4107615 0.3639018 0.4929820 0.5027232 0.3177830 -0.1356210 0.1859060 0.3237532 0.0063249 -0.1345826 -0.1953680 0.0749690 -0.0613123 0.0824100 0.2114299 0.1784791 0.2303536 0.2435878 0.2947373 0.2536176 0.2073521 -0.0187587 0.3818203 0.0470573 -0.3139298 0.1292708 0.2720370 0.1104801 0.2601519 -0.1830191 0.1002336 0.2333194 -0.3295073 -0.1237547 0.3349066 0.3796752 -0.3261398 -0.0109545 0.2927448 -0.3245081 -0.4185958 -0.2019308 0.4875402 0.4414133 -0.3877050 -0.0978973 0.2881560 0.0823418 -0.3978518 0.0510329
