0.0000000 0.5318193 0.0214501 0.0634567 -0.1355528 0.6821829 0.1677806 0.2844437 0.6042879 0.6214334 0.3560560 0.5949340 -0.0712295 0.5501954 0.4313662 0.2753256 0.0103862 0.4010810 0.1285160 -0.0092217 0.7487191 0.3672757 0.1964320 -0.0015306 0.2259157 0.1377258 0.0131600 -0.0987627 0.6991756 -0.0094247 0.0587696 0.0274822 0.0010457 0.2563733 0.2394368 0.5895717 0.1659243 0.3651635 0.0463029 -0.4388044 0.0480748 0.4643447 0.1815642 0.0085332 0.1443764 0.2571364 0.3406271 0.6080369 0.4648480 -0.3137171 0.2407322 0.3489185 0.5440519 0.1093478 -0.0208244 0.3495961 0.2325445 -0.0814161 0.0536840 0.3314601 0.5433395 0.2914982 0.0730839 0.5944819 0.7186410 0.0192930 0.2685158 0.4212137 -0.1859583 0.4003310 -0.0883844 0.6958989 0.2783810 0.4809091 -0.0681726 0.5153451 0.4813754 0.2704358 0.5244791 0.5231236 -0.1933430 0.0850901 -0.0663440 -0.4062067 -0.2476839 -0.4910536 -0.4440068 -0.1804191 -0.4855563 -0.1557783 0.0683662 -0.2033170 -0.2368565 -0.4463144 0.4373951 -0.0458717 -0.1463957 -0.1588746 0.2237595 -0.1087975 0.1833219 -0.4084188 -0.4183814 -0.2065602 -0.1211314 0.2249024 -0.1110586 -0.1739724 -0.2962085 -0.0479876 0.1422460 -0.1017206 0.0524138 -0.0549862 0.0541055 -0.0018853 0.0344343 0.0723517 -0.1371502 0.1292355 0.1182716 0.0890087 0.0289991 0.1317786 -0.1066728 0.0624852 -0.0165646 0.1580204 -0.0936647 0.1018416 0.0856187 0.0012031 -0.1683521 0.6223399 -0.3419024 0.1198973 0.0133154 0.1163441 0.0323530 0.2255153 0.0402834 0.0645756 -0.1152504 -0.0000333 0.1219524 -0.2694274 0.0548142 -0.0091588 -0.2572493 -0.0867498 -0.0889293 -0.0649234 0.0167510 -0.1178136 0.0645511 -0.1243721 -0.0607285 -0.0770631 -0.0937930 0.0949372 -0.1406915 -0.1120764 -0.1368436 -0.1312281 -0.0748877 0.0597761 0.5997372 0.0721720 0.0876662 0.0355557 0.0638444 0.0385199 0.6754181 0.0908229 0.5877610 0.0809565 0.4233941 -0.1955015 0.6161802 0.3808374 0.0382105 0.6622270 0.4105386 0.5074009 0.1238639 0.7467830 0.0851937 -0.2159874 0.5291899 0.5595234 -0.0519321 0.5057044 0.1002533 -0.1051088 0.0486501 -0.0422944 -0.0320569 -0.0527993 -0.0593941 -0.0951888 0.0243603 0.0941254 -0.1181790 0.0988856 0.1002615 -0.0735961 0.0073240 0.2571886 -0.1293119 0.1047670 -0.0874038 0.4139071 0.0228049 0.5090727 0.4279434 0.1243981 0.0594960 -0.0087950
0.5318193 0.0000000 0.3771026 0.7622859 0.2437893 0.6717288 0.7426863 0.5889837 0.4610669 0.4734850 0.5489404 0.8769481 0.0479773 -0.0198365 0.4523584 0.3341505 0.4359627 -0.0957799 0.3161972 0.2012730 0.7007463 -0.0243998 0.4571301 0.1537284 0.3102725 0.3410953 0.3149216 -0.3001960 0.4066422 0.0583246 0.1130235 0.1309024 0.2620162 0.2616607 0.4707146 0.2373515 0.2311730 0.2658123 0.2582905 0.1328604 -0.0407286 0.0659954 0.4036523 0.0418463 0.1365447 0.4355496 0.3097662 0.0621669 0.2320548 -0.1345246 0.3245542 0.1355472 0.3876341 -0.1245616 0.1220483 0.1261667 0.1881806 0.4089949 0.1504291 0.4034153 0.5146749 0.0346722 0.1736119 0.6501575 0.3072765 0.2076607 0.3910440 0.0278867 0.1676912 0.5818156 0.3261809 0.5880274 0.3652363 0.5370048 0.5146039 0.3648966 0.5375316 0.1486761 0.1883848 0.2539175 -0.1436370 0.1993570 0.0785301 -0.2089780 -0.1738202 -0.4294891 -0.1709721 0.0630500 -0.3050933 -0.2023499 -0.1027534 -0.0536097 -0.3398606 -0.3415854 -0.0369366 -0.3765355 -0.2978718 -0.3479691 0.0743491 -0.2512795 -0.0617501 -0.4888439 -0.5569745 0.0612653 -0.5055062 -0.3250026 -0.2954533 -0.3006392 -0.4578674 -0.1514726 -0.1837319 -0.2571838 -0.1064253 -0.2727180 -0.2866474 -0.3355463 -0.3181161 -0.3910090 -0.3494487 0.0275874 -0.1929887 -0.3839917 -0.2304089 -0.2170415 -0.2320631 -0.0976947 -0.2384261 -0.2606114 -0.1652183 -0.2568928 -0.1452876 -0.1233155 -0.1579473 0.3201542 -0.1221918 -0.0883729 -0.1644739 -0.0019345 0.0039697 0.1223980 -0.1113125 -0.0412975 -0.1155198 0.1365216 -0.0453164 -0.1851749 -0.0143292 -0.1225639 -0.1542889 -0.3670805 -0.2816575 -0.3138438 -0.0606108 -0.2346025 -0.2389919 -0.1151090 -0.1719916 -0.1801845 -0.3273897 0.1058196 -0.1742442 -0.2082501 0.2032933 0.1574427 -0.2102622 -0.2124666 0.2136385 -0.1017017 -0.0657798 -0.1975231 -0.0630134 -0.1436560 0.0986823 0.0080054 0.6857682 0.5207107 0.5865432 0.1914525 0.3569087 0.4015219 0.3353824 0.4046431 0.2530484 0.1846675 0.1862113 0.2642584 0.0300296 0.2995834 0.6518195 0.7571143 0.2486431 0.6363078 0.5043247 0.1805734 0.1291783 0.1559554 0.2535412 0.2523272 0.2154489 0.1147550 0.4055136 0.2387671 0.0805748 0.3399583 0.0462556 0.0946287 -0.0495153 0.3338238 0.2048124 0.4039893 0.1086430 0.2883961 0.2405474 0.4951600 0.2126459 0.4033399 0.1126968 0.0299819
0.0214501 0.3771026 0.0000000 0.5241231 0.8491212 0.1318990 0.4032958 0.7018694 -0.1856464 0.1482613 0.5883861 0.3174494 0.7235320 -0.1438424 -0.0589811 0.6315386 0.2582409 -0.4341619 0.7523764 0.5729884 0.1699410 0.3523854 0.4144805 -0.5195558 0.6167381 0.5745088 0.3285570 -0.5238994 -0.2486637 -0.1282170 0.3884621 0.5405791 -0.4223661 -0.4399409 0.4289477 -0.2958701 0.5800583 0.6232974 0.1447825 0.0840969 0.4071112 -0.5351620 0.4043721 -0.0465369 -0.4160336 0.5024027 0.3661179 0.2123323 -0.3819666 0.1270989 0.5536770 0.2251785 -0.3103304 0.1994670 0.4699940 0.4940129 0.3641547 0.3518157 0.3709334 0.6356339 0.1306599 0.3958241 0.7075416 0.4283395 0.2146886 0.6110143 0.6661943 0.2861697 0.6257968 0.5850470 0.7004836 0.2602643 0.4739776 0.5695179 0.6874515 0.3842600 0.5177695 0.2737205 0.1536383 0.1076838 -0.0686948 0.6336152 0.4245934 -0.0348879 -0.0506844 -0.1449880 0.0795507 0.1029581 -0.1658464 0.1236518 -0.0328423 -0.1170291 -0.4502788 -0.1591422 -0.1361318 -0.1339628 -0.2155253 -0.4068696 -0.2297366 0.0767812 0.2774293 -0.1346656 -0.3028534 -0.0677729 -0.1505916 -0.1900178 -0.2537881 -0.2082484 -0.2294627 -0.3295204 -0.3776801 -0.2115062 -0.2914758 -0.1025394 -0.2469569 0.0345738 0.0436617 -0.1676933 0.0318381 -0.1607090 -0.1445310 -0.0837336 0.2270297 0.0193566 -0.2712943 -0.1704982 0.0579131 -0.0918504 -0.2597611 -0.0088872 -0.1328850 -0.2550212 0.1940428 0.3841744 -0.0045165 0.0661051 -0.0354179 -0.1465236 -0.0977714 -0.3353886 0.0342563 -0.2369814 0.1760658 -0.0051245 -0.2012228 0.0521934 -0.0589504 -0.1901252 -0.0165213 -0.3096864 -0.3470571 -0.2289443 0.0458181 0.1391477 -0.0516890 0.2732311 0.2721075 -0.3086886 -0.0842205 0.0548184 0.1830765 0.1288665 0.2576921 0.4732658 0.0785341 -0.0404597 -0.0440287 -0.0440865 0.0035611 0.1466770 0.0231378 0.0633324 0.0985370 -0.1318345 0.0740718 0.1838756 0.2489585 0.0912080 -0.0265062 -0.0969301 0.0893446 -0.0180873 0.0867835 -0.2345023 0.4437602 0.1851519 0.3225829 0.4247990 0.3993049 0.4572855 0.0170462 0.1227994 0.1776038 0.2193163 0.1182448 -0.0110337 0.1258216 0.1093507 0.1844685 -0.0638352 0.5494174 0.3042843 0.0613670 0.0046261 0.4240984 0.1516563 -0.3708953 0.4782146 0.1219346 0.2015504 -0.1689600 -0.3229833 0.6805110 0.3246033 -0.0741932 0.5832379 0.2880662 0.2274487
0.0634567 0.7622859 0.5241231 0.0000000 0.3602299 0.4492157 0.8602769 0.5752629 0.2120342 0.4349068 0.6082593 0.6826769 0.1556166 -0.3270809 0.2710351 0.3829950 0.5942699 -0.5544351 0.4219250 0.2108106 0.4992440 0.0774190 0.3810320 0.1037408 0.5103544 0.4324813 0.1982615 -0.5532643 0.1446986 -0.1210651 0.2176928 0.4286803 0.2782883 0.1873400 0.6123388 0.1205849 0.4446455 0.3493354 0.2028457 0.3061488 0.0886623 -0.1372785 0.5519178 -0.1538038 0.0952436 0.5795077 0.4819401 -0.0543666 -0.1236483 -0.0679012 0.5367008 0.1135679 0.2072886 -0.2468484 0.4005650 0.2461023 0.4168979 0.3340095 0.1359182 0.5093725 0.3261295 0.0425456 0.2271286 0.4147083 0.0397944 0.4813034 0.4835250 -0.0811479 0.4226612 0.4551910 0.6014738 0.4056055 0.4271048 0.4767894 0.7880360 0.3518324 0.5661423 0.2509735 0.1628652 0.1745281 -0.0579070 0.1553172 0.3206942 0.0673948 0.0721473 -0.0653076 0.0972872 -0.0776504 -0.0195734 -0.1437434 0.1611996 0.1500473 -0.0992168 -0.4104117 -0.0758415 -0.3033743 -0.2929156 -0.2742322 0.1088568 -0.2494611 -0.0924086 -0.0909512 -0.1865582 0.0383306 -0.3285831 -0.3423144 -0.1182978 -0.0666365 -0.1472141 -0.0215851 -0.1786888 -0.2183420 0.0035004 0.0476378 -0.1484276 -0.0486705 -0.0007969 -0.2780722 0.0596188 0.0445928 -0.0034118 -0.1736868 -0.1218488 -0.0225538 -0.0606622 -0.1393376 0.0533812 -0.1909008 -0.1401759 -0.0417426 0.0747122 -0.0735175 0.1210823 0.0713524 0.0029398 0.0411483 0.0610569 -0.1013391 0.1613828 -0.1536753 -0.0446865 -0.1909550 0.0126025 0.1346229 -0.1180482 0.1226177 0.1827283 -0.0004980 0.0054872 -0.3297692 -0.2923934 -0.4982823 0.1901892 -0.0497794 -0.1599150 -0.0321583 0.0361762 -0.2306599 -0.1439938 0.0117149 -0.0285048 0.0533112 0.3373090 0.3255226 -0.0422540 -0.2572179 -0.0094534 -0.1158314 0.0322108 0.0254124 0.0351590 -0.0170897 -0.3267286 -0.0450388 0.4088396 0.6142892 0.5570819 0.3588518 0.2239545 0.2887332 0.3177484 0.1279040 0.0726270 -0.0832225 0.2395623 -0.0181378 0.0620636 0.5037076 0.5512305 0.6951337 0.2984906 0.5293870 0.4337878 0.2363437 0.0811779 0.2353562 0.2684016 0.1319584 0.2806690 0.1228900 0.4701653 0.2538255 0.1583823 0.4602051 -0.1608500 0.1028295 -0.2962748 0.2271725 0.2354432 0.4643439 0.1515536 0.0997001 0.1417222 0.3425512 -0.0172417 0.3149235 -0.0597938 -0.0625421
-0.1355528 0.2437893 0.8491212 0.3602299 0.0000000 -0.1639451 0.2838616 0.5652821 -0.3106368 -0.1037441 0.4208751 0.2260777 0.7170367 -0.1735278 -0.1170954 0.5077375 0.2585113 -0.3116412 0.6097514 0.7864365 -0.0255373 0.2815642 0.3971062 -0.3473603 0.4521620 0.2612455 0.2389444 -0.2626017 -0.3567891 -0.1670394 0.4752021 0.5441152 -0.3457274 -0.4349376 0.1627015 -0.4916160 0.3085147 0.4925250 0.3501243 0.3551247 0.6063182 -0.6273041 0.3722103 0.0087778 -0.4451666 0.2016407 0.1263332 0.1029659 -0.4071813 0.1395839 0.3888506 0.1951880 -0.4307196 0.2090980 0.5016016 0.3494173 0.1663461 0.3174915 0.4265849 0.4997303 -0.0028110 0.2124942 0.7450794 0.2255859 0.0646228 0.5936574 0.4551720 0.0760641 0.6688787 0.3393938 0.6806702 0.0427274 0.2327955 0.4191122 0.6236478 0.0841717 0.1820963 0.0378167 -0.0831096 -0.0232081 -0.1229877 0.3136335 0.1419637 -0.0842342 -0.0519896 -0.2679571 0.1449935 0.1008594 -0.1605409 0.0421416 -0.0827008 -0.1950636 -0.5473398 0.0083780 -0.3374212 -0.1875605 -0.0298763 -0.3231783 -0.3182247 -0.0800998 0.1200011 -0.1180566 -0.3360740 -0.0699565 -0.0613219 -0.3308270 -0.4198303 -0.2643485 -0.1778510 -0.4441395 -0.3984633 -0.0283371 -0.2660812 -0.1717103 -0.1613487 0.0373128 -0.0292661 -0.0660269 0.0841520 -0.0433969 -0.0821247 -0.0610909 0.2298060 0.1038485 -0.1236150 0.0933749 0.0756733 -0.0491837 0.0443561 -0.0545664 -0.1193559 -0.2879327 0.2913564 0.2575010 -0.0622870 0.0347537 -0.0156259 0.0714387 0.0533617 -0.0897336 -0.0193241 0.0030000 0.0405598 0.1702833 0.1032963 0.2151104 0.0726177 0.0081122 -0.0363600 -0.1150560 -0.0616001 0.0834590 0.1135871 0.1818920 -0.0448721 0.4431703 0.0198964 0.0805805 -0.2268151 0.1423834 0.3173720 0.1261435 0.3057259 0.4513466 0.1843770 0.0823165 -0.2657586 0.0423053 0.0681450 0.0960571 0.1515203 0.1265452 -0.0028732 -0.2939521 -0.0918059 0.0439297 0.1810969 0.2416100 -0.0687733 -0.0562155 -0.1032374 -0.2295938 0.0751171 -0.3585054 0.5484140 -0.0285585 0.4897887 0.5931752 0.2033682 0.1636930 0.1091119 -0.1500551 0.0683543 0.4278537 0.3193905 0.1375517 0.0847964 0.1292697 0.1460543 0.1493202 0.5774288 0.4324902 0.1997431 0.0558940 0.4307918 0.1586801 -0.0429695 0.5059960 0.3378049 0.1614796 0.0141806 -0.3353096 0.6730295 0.1782548 0.0630367 0.6803304 0.4084639 0.3183277
0.6821829 0.6717288 0.1318990 0.4492157 -0.1639451 0.0000000 0.5765427 0.3703577 0.7670196 0.7254410 0.4056104 0.7987542 -0.1450222 0.3900625 0.5691050 0.1485508 0.1791362 0.1851081 0.0572042 -0.2793963 0.8315452 0.0691297 0.2244233 0.1168899 0.0794379 0.2890876 0.2732568 -0.0495621 0.7124387 0.3133350 -0.2532027 -0.0798846 0.2471591 0.3799481 0.5464445 0.6275604 0.3160912 0.2381539 0.1810653 -0.0756089 -0.2486111 0.4901154 0.3313827 0.2159298 0.3311535 0.5142119 0.4320440 0.2812346 0.5282264 -0.0137603 0.3255390 0.3489586 0.6791217 0.1149909 -0.0502029 0.2863544 0.3085143 0.3016067 -0.0104284 0.4122634 0.6049501 0.2959269 -0.1366477 0.6681216 0.4976888 0.0083183 0.4431582 0.2973678 -0.1835202 0.6203074 0.0129889 0.6787373 0.4268801 0.4661773 0.1773914 0.5687781 0.6427234 0.3334749 0.4900455 0.4639435 -0.0083790 0.3511736 0.2867020 0.0430113 0.0715037 -0.1209074 -0.2175160 0.1575402 -0.1025347 0.1788767 -0.0682727 -0.0086789 0.0332645 -0.3142491 0.1912926 -0.0551475 -0.1259741 -0.0981575 0.1325852 -0.0779311 0.3390088 -0.3001108 -0.1617646 -0.1218594 -0.2439329 0.1315861 0.2187533 0.0270627 -0.2293455 0.1840491 -0.0298432 -0.2368962 0.0247083 -0.0022016 -0.1311782 -0.1215364 -0.0965644 -0.1108718 -0.2188527 0.0658438 0.0151222 -0.1063296 -0.0788827 0.0138450 -0.0837174 -0.1975830 -0.0361899 0.0220549 -0.2226508 0.1581340 0.1780486 0.2401057 -0.0941499 0.3581157 0.1113771 0.0444705 0.1893040 -0.0519440 0.0625396 0.0515263 0.1206143 -0.1156599 0.1334959 -0.1627875 -0.1611479 -0.2375266 0.1010710 0.0313624 0.0563499 -0.2171966 -0.3161687 -0.4604490 0.0372837 -0.1048647 0.0893152 -0.3931065 0.1417925 -0.3035035 0.0823647 -0.0382148 -0.1253257 -0.0016709 -0.1169761 -0.0642593 -0.0525794 -0.2060805 0.5600299 -0.0200412 0.1459140 0.1211619 0.1039266 0.0857387 0.3399779 0.5307203 0.8542530 0.6283782 0.6815359 0.1830792 0.5648709 0.3688635 0.4692644 0.5416062 0.1607135 0.2010779 0.0455535 0.5020954 -0.1266125 -0.0914658 0.6115136 0.7567721 0.1050403 0.8261602 0.5938893 -0.1348200 -0.1278952 -0.0678608 0.1285516 0.2999054 0.2818726 -0.1219635 0.0350943 0.0408268 -0.0095564 0.2406953 -0.1904862 -0.0852878 -0.1482869 0.0183939 -0.2350705 0.3658871 -0.0236002 0.4690630 -0.0236047 0.2745033 0.2728590 -0.0649087 -0.2393222 -0.1699053
0.1677806 0.7426863 0.4032958 0.8602769 0.2838616 0.5765427 0.0000000 0.5493448 0.3023114 0.3796581 0.5660278 0.8022415 0.1352249 -0.0849173 0.3221484 0.3906646 0.6366097 -0.3037659 0.4109177 0.1404694 0.5381063 -0.0332860 0.5115740 0.0727949 0.3872341 0.4508246 0.1991969 -0.2899022 0.2375878 0.0647479 0.0189467 0.1979547 0.2041339 0.1210331 0.6084135 0.2300599 0.3183103 0.2542759 0.4576597 0.4073975 -0.0465584 -0.0909745 0.6138199 0.0948057 0.0261809 0.4847585 0.3595807 -0.1048078 0.0692407 -0.1095711 0.4930908 0.3683943 0.2793391 -0.0023745 0.1384906 0.1494326 0.3100333 0.4315528 -0.0075074 0.5259260 0.3659857 0.2457991 0.1621033 0.6125667 0.1983914 0.2881890 0.6041991 0.1018107 0.3816829 0.6421874 0.5375643 0.5231013 0.6111806 0.5729185 0.6953519 0.5017355 0.6637983 0.3731807 0.3235350 0.3172395 0.0548927 0.2934454 0.2510052 0.0464122 0.0496648 -0.0408105 0.0449252 0.1541497 -0.0047676 0.0889572 -0.0301499 0.0917553 -0.1299857 -0.3661591 -0.1011497 -0.2411913 -0.1753020 -0.1483027 0.0148283 -0.3210156 0.0895760 -0.0040909 -0.1021289 -0.0900080 -0.2698696 -0.1972721 -0.0817313 -0.1251759 -0.1205387 -0.1452792 -0.1595614 -0.4502003 -0.0986773 -0.0215847 -0.3050813 -0.0440649 -0.0395222 -0.2017442 0.0032198 -0.0563892 -0.0497768 -0.1979346 -0.0520015 0.0235345 -0.1294908 -0.1464785 0.0910971 -0.0757487 -0.1638347 0.0884597 0.1204631 0.1794584 0.2331495 0.1223466 0.1792969 0.0638481 0.2608917 -0.0567056 0.2510808 -0.0887283 0.0638328 -0.1715760 0.1177310 0.1828685 -0.0655685 0.1261732 0.2451097 0.1406973 0.1320483 -0.1494757 -0.1757030 -0.4584173 0.2206684 0.0095692 0.0013713 -0.1028580 -0.0233846 -0.1465145 -0.1097509 0.1282723 -0.0374320 0.0523260 0.2743142 0.2623752 -0.0496319 -0.1982179 0.1940030 0.0071403 0.0731231 0.0744527 0.1318902 0.0331466 -0.1209440 0.1541620 0.5965471 0.7358674 0.6431115 0.5111208 0.3458591 0.4653863 0.4373252 0.2114337 -0.0279320 -0.1204207 0.2207928 0.1416434 -0.0196476 0.5010981 0.6971445 0.7416192 0.0699705 0.6868380 0.6525994 0.0969758 -0.0927796 0.1663184 0.2359129 0.3225357 0.4029861 0.1190223 0.3783456 0.1894211 0.2243291 0.4508651 -0.2109120 0.1398347 -0.2213333 0.2123824 0.2508577 0.5843457 0.2059705 0.2478053 0.1724614 0.2748458 0.0491742 0.3163457 -0.1620531 -0.1940455
0.2844437 0.5889837 0.7018694 0.5752629 0.5652821 0.3703577 0.5493448 0.0000000 -0.0045050 0.4338237 0.8040769 0.5261789 0.6567197 0.0087369 0.0034734 0.6089972 0.3116927 -0.3616118 0.6787223 0.3818435 0.3879737 0.2743059 0.3039502 -0.4812371 0.4678944 0.4237599 0.1567212 -0.4911686 -0.0406114 0.0286134 0.2469268 0.3117105 -0.4200607 -0.4306125 0.2851247 -0.0257036 0.4113746 0.5017474 0.1364468 0.0865938 0.2945335 -0.2426569 0.3026287 -0.0821990 -0.3739611 0.3657060 0.3769219 0.3193304 -0.3232895 -0.0286210 0.4482162 0.1772901 -0.2174225 0.2339593 0.3769235 0.4741931 0.3422307 0.4159052 0.2582645 0.5555471 0.1871356 0.3091060 0.3910846 0.5397590 0.4176979 0.5167045 0.5725530 0.3846504 0.1724224 0.6385848 0.6498039 0.4101655 0.4969209 0.5752371 0.4994857 0.4754367 0.4880449 0.2715258 0.2898564 0.2492432 -0.4329486 0.4727696 0.1368039 -0.3973404 -0.4030950 -0.4392593 -0.1637563 -0.0988327 -0.4980450 -0.1638798 -0.1500491 -0.3399632 -0.4159673 -0.3665839 -0.2560443 -0.3468549 -0.3380667 -0.3167259 -0.1403727 0.0110939 0.0507320 -0.2403323 -0.3781577 -0.3757709 -0.3320285 -0.2196619 -0.3696116 -0.3176950 -0.3820355 -0.4373312 -0.3552521 -0.3046867 -0.1510917 -0.2202859 -0.2548840 -0.0966074 0.0290606 -0.1543362 -0.0688997 0.0509356 -0.1046958 -0.1893136 -0.0540832 0.1227293 -0.2125621 0.0310752 -0.0627414 -0.1428179 -0.0629649 -0.0294792 -0.0742086 -0.1387913 0.1629835 0.4906653 -0.3558175 -0.0068289 -0.0393730 0.2085374 0.0614626 0.0377719 0.0285462 0.1080470 -0.2459326 0.1919687 0.0827704 0.0423963 0.1075552 -0.0495784 -0.3727147 -0.1560478 -0.1680419 -0.2256558 0.1608316 -0.0142011 -0.0324539 0.0169276 -0.0651024 -0.1257900 -0.3805086 0.1643697 0.0166089 0.0568444 -0.0919498 0.2376417 0.0460776 -0.2180174 -0.1406735 -0.1534302 0.1248593 0.1493158 0.0374470 0.1132516 0.2700062 0.1417319 0.5106366 0.4794479 0.5583633 0.2976846 0.2415696 0.1666192 0.1132153 0.2564188 0.2290893 0.1076166 0.3576715 0.3432935 0.2279237 0.2567649 0.5049787 0.4351475 0.1787050 0.2097947 0.1377298 0.3584670 0.3457364 0.2391490 0.2885295 -0.0577293 -0.0745275 0.0956861 0.3314506 0.2600375 -0.0915831 0.1292893 0.3487934 -0.0935370 -0.0883481 0.5432838 0.0925828 0.3473924 -0.0440688 -0.1637300 0.4890854 0.4907848 0.1804915 0.5861876 0.1671943 0.0971421
0.6042879 0.4610669 -0.1856464 0.2120342 -0.3106368 0.7670196 0.3023114 -0.0045050 0.0000000 0.4669485 -0.0314511 0.5960860 -0.2199481 0.2269327 0.9061838 -0.2407385 -0.0782296 0.4814606 -0.1580330 -0.2839512 0.7820995 -0.0742771 0.0677876 0.5954307 -0.1097067 -0.0378348 0.3274914 0.1132367 0.8598321 0.3823667 -0.4010863 0.0356264 0.6392632 0.7318168 0.2940002 0.6777636 0.0800754 0.1897275 0.1163745 -0.0789371 -0.2531270 0.5883417 0.1674976 0.0681921 0.6270068 0.4133643 0.2620217 0.2278012 0.6487945 0.1529102 0.0999039 0.0315165 0.8538289 -0.2935595 0.0974282 0.2372687 0.1408819 -0.1192511 0.3221679 0.0598294 0.6005378 -0.1411737 -0.2989126 0.2755116 0.1870152 -0.0548320 -0.0420759 -0.1443367 -0.1236062 0.1031426 -0.1350758 0.4122221 -0.0320497 0.1397309 0.0003119 0.2681214 0.2883721 0.2089615 0.2663053 0.3800901 0.1245777 -0.0413620 0.0910371 0.0065438 0.0345848 0.0493141 -0.2026681 0.1012731 0.0640996 0.1432350 -0.0194540 0.0489144 0.2165950 -0.2924831 0.1527042 0.0994913 -0.0313707 0.1347492 0.0030608 -0.4158800 0.1615505 -0.1487378 0.0531135 0.0149899 -0.0377105 0.1351025 0.4211214 0.2770046 0.0585546 0.4215245 0.1640235 0.0044303 0.3657498 0.2827917 0.0628193 0.0899096 0.0465388 0.0642006 -0.0750123 0.1397309 0.2131780 0.0561194 -0.1992376 -0.0098194 0.1075082 -0.2368946 0.0311305 0.0431936 -0.1637833 0.2059897 0.2742233 0.1578017 -0.0984441 -0.0148405 0.1079316 0.0464833 0.2539933 -0.0869830 0.1516425 0.0130608 0.1654594 -0.2073486 0.1807450 -0.4032099 -0.2846897 -0.1444078 0.1497412 0.0999498 0.2167185 -0.1512723 -0.1804640 -0.4066134 0.0843628 0.0536946 0.2045920 -0.4363612 0.1460710 -0.1045903 0.2499852 -0.1421834 0.1595571 0.0990380 -0.2014703 -0.1937281 0.1511188 -0.0073191 0.5020546 0.1992842 0.3442296 0.1663237 0.3375283 0.2548270 0.2248858 0.2543127 0.5729101 0.4338520 0.5050975 0.1433226 0.5661356 0.2971369 0.2497825 0.2566966 0.1469371 0.1597502 0.3222295 0.2140320 0.2098579 0.1029640 0.3835522 0.5364909 0.0478205 0.7179275 0.4736399 -0.3224607 -0.2226336 -0.2655431 -0.2489352 0.2786960 0.2622166 -0.3714074 -0.0833559 -0.0127959 -0.0468031 0.0979228 -0.2086247 -0.0481152 -0.1482626 -0.2459834 -0.2781131 0.1671699 -0.1305009 0.4126454 -0.2246022 0.0500313 0.2164160 -0.3158215 -0.3127693 -0.3526603
0.6214334 0.4734850 0.1482613 0.4349068 -0.1037441 0.7254410 0.3796581 0.4338237 0.4669485 0.0000000 0.6694935 0.5726842 -0.0815138 0.5129330 0.2203238 0.3519549 0.2200598 -0.0872695 0.0867980 -0.1246812 0.7173730 0.5030786 0.0123833 -0.0597979 0.3635024 0.1809827 -0.2147863 -0.2399841 0.6019192 -0.1889579 0.1435401 0.1936777 0.0095901 0.2491682 0.4303978 0.5904070 0.5160711 0.3838509 -0.1365205 -0.3237675 0.0124060 0.4504380 0.2287408 -0.1528895 0.0883643 0.4375893 0.6158775 0.5649289 0.1614351 -0.2283634 0.4354216 0.3789880 0.4867111 0.1263044 0.1393603 0.5405949 0.5914623 0.0127702 -0.1109757 0.5006899 0.3637610 0.3601620 0.0700947 0.5187405 0.6351978 0.4019757 0.4747788 0.4264021 -0.1246728 0.4242024 0.2184166 0.7173417 0.4132975 0.5226396 0.2265007 0.5967560 0.5923287 0.4176878 0.5745945 0.5747968 -0.2535482 0.0522754 0.3909318 0.0201618 0.0683595 -0.2169822 -0.0101726 -0.4276461 -0.2397091 -0.1802137 0.4555413 0.0914655 0.0007062 -0.6638745 0.5172153 -0.0279152 -0.1447553 -0.1548132 0.5169694 -0.0857061 0.1697532 -0.1536198 -0.1126867 -0.4815279 -0.0384088 0.2412474 0.0285463 0.1575944 -0.1671863 0.1150508 0.1982789 0.0276349 0.2219365 0.1967878 0.2995730 0.1493127 0.2681499 0.1768101 0.1788388 0.3336716 0.3527922 0.2722658 -0.0300070 0.3163363 0.1774420 0.1752251 0.2461365 0.1659583 0.0603365 0.3058272 0.3983092 0.0621140 0.0413358 0.3813632 -0.2814228 0.2872789 0.1628548 0.1826873 0.2217204 0.0727853 0.1592457 0.0887017 -0.1028507 -0.0175049 0.1359288 -0.0621428 0.3892384 0.1844702 -0.1487681 -0.0627839 -0.1796958 -0.3552848 0.3737231 -0.0149794 0.1774173 -0.2581140 0.0467172 -0.0699182 -0.0242437 -0.2163988 -0.0043621 0.2081606 -0.1796417 -0.2463708 0.1455561 -0.2122756 0.3706617 0.0564777 0.2398215 0.2784861 0.1969569 0.2816162 0.2866982 0.2609680 0.6276186 0.3650756 0.6028034 0.0368907 0.5927271 0.2323592 0.0312987 0.4846969 0.2717318 0.2880007 -0.0087751 0.5555635 -0.0365325 -0.2095439 0.5155001 0.6123484 0.2005250 0.5339030 0.1422873 0.0213576 0.2053690 0.1780131 0.1146974 -0.1871930 -0.0045442 0.0395877 0.0710479 0.0718202 -0.1806428 0.2456692 -0.1938703 -0.1315021 -0.1797136 0.1939137 -0.1503582 0.2226477 -0.1028339 0.3059006 -0.1150695 0.5172344 0.4001970 0.0774647 -0.2999817 -0.1700403
0.3560560 0.5489404 0.5883861 0.6082593 0.4208751 0.4056104 0.5660278 0.8040769 -0.0314511 0.6694935 0.0000000 0.5776697 0.4109025 0.2202350 -0.1253576 0.8399752 0.5287304 -0.4881799 0.6706756 0.2673858 0.4135714 0.4935899 0.4640342 -0.4876579 0.6853811 0.6000520 -0.0600777 -0.5040001 0.0442650 -0.3313993 0.3761335 0.3908688 -0.3460245 -0.2769774 0.5584921 0.0820845 0.5979487 0.5691074 0.0738653 -0.0514874 0.3246936 -0.1760958 0.4817858 -0.1288342 -0.4380393 0.4564880 0.5970528 0.4419287 -0.1943143 -0.4074690 0.6363970 0.4409193 -0.0914092 0.2779765 0.3303102 0.5190291 0.5613529 0.2676534 -0.1116206 0.7366671 0.0320197 0.5196783 0.5476658 0.5691258 0.5220218 0.6431368 0.7893316 0.5515759 0.2515254 0.6561899 0.6970220 0.5399148 0.6776571 0.6091022 0.6059038 0.6351039 0.6421699 0.4722547 0.5126548 0.4170356 -0.2373499 0.2998979 0.2300335 -0.2810657 -0.1897439 -0.4186212 -0.1021071 -0.3016043 -0.5055416 -0.2780382 0.1727465 -0.1353358 -0.3555024 -0.5866948 0.1034892 -0.1402655 -0.1847290 -0.3553306 0.1893081 -0.0530252 0.0744764 -0.1996562 -0.3699220 -0.5704716 -0.2111176 0.0225669 -0.4225216 -0.3503825 -0.3668575 -0.5494249 -0.2014630 -0.3975321 -0.2580508 -0.1462414 -0.1619196 0.0647568 0.1782001 -0.0849400 0.0905860 0.0080483 0.0564621 0.0991651 0.0640821 0.2550422 -0.1562482 0.0865541 0.1942134 0.0187457 -0.0625484 0.1525254 0.1369781 -0.0830992 0.2632460 0.5863434 -0.2824203 0.1348533 0.0874321 0.1430346 0.2102617 -0.0537079 0.0534352 0.0882976 -0.1813156 0.1870794 0.1193506 -0.0917929 0.3288418 0.1019295 -0.2947523 -0.1464750 -0.2077576 -0.3161326 0.3553439 -0.0422902 0.1006002 0.1083967 -0.1044973 -0.2413759 -0.3095383 0.0509895 -0.0659444 0.1292637 0.0529536 0.1229546 0.0338310 -0.3067994 0.0561605 -0.0889775 -0.0014654 0.1387123 0.0269463 0.0738596 0.1009938 -0.0531379 0.4568127 0.3273785 0.4879455 0.2090609 0.2611305 0.0783063 -0.0697604 0.1987391 0.0574624 -0.0280844 0.0445491 0.4529914 -0.0183976 0.0649745 0.4958485 0.5191706 0.0427462 0.2553207 0.1246065 0.2202639 0.2225152 0.2380575 0.2498987 -0.0969519 0.0907761 0.1068650 0.4843182 0.3398542 0.1002795 0.3424727 0.1849198 0.1074498 -0.1875719 0.6353479 0.2307038 0.5179682 0.1162198 0.0708252 0.4422610 0.6849054 0.2786660 0.5743308 0.0993812 0.1086638
0.5949340 0.8769481 0.3174494 0.6826769 0.2260777 0.7987542 0.8022415 0.5261789 0.5960860 0.5726842 0.5776697 0.0000000 0.0509652 0.2014893 0.5082216 0.4179741 0.4846670 0.0128547 0.3349635 0.1155804 0.8083225 0.1482842 0.5927627 0.1725487 0.3086419 0.3238553 0.2775070 -0.1517624 0.5694757 0.0921407 0.0593153 0.1934766 0.2868370 0.3479345 0.5442222 0.3939002 0.2485076 0.3959634 0.3866658 0.1942042 0.0671964 0.1908056 0.5122147 0.1710053 0.1479752 0.4509664 0.3525006 0.2317947 0.3828290 -0.2201010 0.3980219 0.3910107 0.5087280 0.0809560 0.1864985 0.2576465 0.2708407 0.3632102 0.1193401 0.5260269 0.5174244 0.2333080 0.1886628 0.6950120 0.4121831 0.2790816 0.5536902 0.2073698 0.2025851 0.6601204 0.3884056 0.6416151 0.5322746 0.5702583 0.5506019 0.5544548 0.6508431 0.3882023 0.4750141 0.5032326 0.0483624 0.2251425 0.1371247 -0.1048638 0.0201602 -0.3414965 -0.1589690 0.1221872 -0.2599118 0.0313824 -0.0737927 -0.0497760 -0.1980122 -0.3822684 -0.0125218 -0.1801331 -0.0608684 -0.1155611 0.0225375 -0.3750299 0.1877729 -0.2909831 -0.3279754 -0.1611050 -0.2530416 -0.0709971 -0.0913741 -0.1675115 -0.2915787 -0.1220624 -0.1792104 -0.2822459 -0.0553151 -0.0615044 -0.1697954 -0.0785790 -0.1180394 -0.1280532 -0.1298218 0.1273074 0.0631896 -0.1193264 0.0125587 0.0979687 -0.0202418 -0.0249894 0.0447555 0.0782627 -0.0250953 0.0937266 0.1864813 0.1896697 0.1343426 0.4067826 0.0550593 0.1457363 0.2211985 0.1247574 0.3185264 0.1815110 0.1450099 0.0451507 0.0361905 0.0359793 0.0508267 -0.0405570 0.3088729 0.2173122 0.0218499 -0.1451244 -0.1758354 -0.4300878 0.2118386 -0.0166640 0.0587071 -0.2018009 -0.0743134 -0.1017955 -0.1521932 0.0874194 0.0107250 0.0333412 0.0656649 0.1528469 0.0148109 -0.2265434 0.3609828 0.0352498 0.1171347 0.0758033 0.2007498 0.0500938 0.1486467 0.1763069 0.7907134 0.6520500 0.7610447 0.4271553 0.5486032 0.3957755 0.3115686 0.3304563 0.1548244 0.0390371 0.2705867 0.3855922 0.1094441 0.3025971 0.6973673 0.7921936 0.1954072 0.7539695 0.6666885 0.1120574 0.0591792 0.1363936 0.1548458 0.4061798 0.4536849 0.0737501 0.2909027 0.2632030 0.2219187 0.4576875 -0.0214118 0.1738615 -0.0197224 0.3065446 0.0728191 0.5241283 0.1995587 0.5086442 0.2020588 0.5044195 0.3890237 0.2722540 -0.0711101 -0.1007543
-0.0712295 0.0479773 0.7235320 0.1556166 0.7170367 -0.1450222 0.1352249 0.6567197 -0.2199481 -0.0815138 0.4109025 0.0509652 0.0000000 -0.1403117 -0.0448700 0.5311482 -0.0776403 -0.2374773 0.7927137 0.4564863 0.0324203 0.2747364 0.2486028 -0.4679010 0.4600856 0.4114399 0.1759653 -0.3936969 -0.2938010 -0.0376641 0.1077015 0.5250694 -0.5067770 -0.5667603 0.1041737 -0.2656414 0.3738406 0.6025458 -0.0374941 -0.0617133 0.3620238 -0.5190261 0.1503826 -0.3095746 -0.5023953 0.3350901 0.2046689 0.2699073 -0.5313063 0.2715068 0.3492851 -0.0052698 -0.4548270 0.0973799 0.5122658 0.5525304 0.2617287 -0.0215567 0.4870347 0.3358975 -0.0785203 0.2100515 0.5729065 0.1291394 0.1351431 0.5887830 0.3739862 0.2188624 0.4989006 0.2307402 0.6734583 0.0579875 0.2402874 0.3817768 0.3508921 0.2937125 0.2701599 0.3279356 0.1508284 0.2212961 -0.1920019 0.5331609 0.2149288 -0.2910854 -0.3454045 -0.0577159 0.0287719 0.0503631 -0.2732169 0.1618289 -0.1344981 -0.2810867 -0.2642451 -0.2555365 -0.3339064 0.1001154 -0.0564457 -0.0629474 -0.5178453 -0.1806246 0.1986177 0.1369950 -0.0167275 -0.3507214 0.1580905 0.0341397 -0.1646668 -0.0989096 -0.0493457 -0.4278344 -0.3481135 -0.2055415 -0.0321485 0.0855451 -0.1244082 0.3521886 0.3595269 0.1787205 0.2722759 0.0236574 0.1107999 0.1498195 0.1990777 0.2922360 -0.0387892 0.0394358 0.2606049 0.0927755 -0.0109143 0.2672287 0.0852744 -0.1461569 0.4991715 0.2866619 -0.1253663 0.1674274 0.2120099 0.0218137 0.1323542 -0.1930347 0.2674032 -0.0332411 0.1019568 -0.0355719 -0.1638168 0.2570783 0.1637013 0.0737143 0.0047834 0.0864160 -0.0098692 -0.0822102 0.3066721 0.4106219 0.3308633 0.2711241 0.2828746 -0.0851917 0.0742337 0.1462806 0.4779610 0.3974405 -0.1119714 0.3559972 0.4100605 0.0522015 -0.1802985 0.2681684 0.3808643 0.4535295 0.3555872 0.3995426 0.2551845 -0.1432540 -0.0009229 0.1431863 0.2533736 0.3245377 0.0894693 -0.1156779 -0.1900680 -0.2584611 0.0092226 -0.2489065 0.5938546 0.0952947 0.5120203 0.4724345 0.2814566 0.1216289 -0.0470498 -0.0713892 -0.0328552 0.2257227 0.2407168 0.0775715 0.0050400 -0.0995436 -0.0236819 -0.1350065 0.3422038 0.2400616 -0.1065340 -0.0666839 0.5041745 -0.0037894 -0.2954518 0.3888321 0.0896099 0.1835335 -0.2244477 -0.3664237 0.6283869 0.2465262 0.0036091 0.4726948 0.0896138 -0.0364949
0.5501954 -0.0198365 -0.1438424 -0.3270809 -0.1735278 0.3900625 -0.0849173 0.0087369 0.2269327 0.5129330 0.2202350 0.2014893 -0.1403117 0.0000000 -0.1018710 0.1550297 0.0693123 0.3267732 -0.1290509 -0.2573447 0.2376253 0.3993821 0.0439105 -0.1744226 0.0045535 -0.0390374 -0.3367954 0.4454189 0.3983430 -0.1232807 -0.1229955 -0.2636689 -0.2561805 0.0277820 0.0634206 0.5110536 0.1423188 0.0852400 0.0942719 -0.3419373 -0.0912118 0.5408011 0.0285784 0.2970858 -0.0432572 -0.0334689 0.1614980 0.4367299 0.4282777 -0.1930432 0.0888764 0.6699934 0.2945169 0.6620670 -0.3492474 0.2297443 0.2230969 0.0231915 -0.3435630 0.2891395 0.1793466 0.6224733 0.0846169 0.3936336 0.6241007 -0.0512203 0.3753461 0.5851255 -0.2479158 0.3266854 -0.1871753 0.4695072 0.3130088 0.3198917 -0.2736832 0.3909687 0.2862291 0.2742486 0.4253007 0.4208026 -0.0843159 0.1252622 0.2061423 0.1196425 0.2331861 -0.1402116 0.1280819 0.0657211 -0.0666222 0.2257473 0.2634359 0.1516459 -0.0309084 -0.1858129 0.5651578 0.3388610 0.3917823 0.2218442 0.4329767 0.0564419 0.5957025 -0.0235031 -0.0190231 -0.4172920 0.3099007 0.5876995 0.0700029 0.1296129 0.0127105 -0.0856095 0.4452100 0.0867640 0.0151121 0.0308379 0.1899046 0.1273552 0.1218544 0.4165635 0.0553467 0.0969755 0.2313984 0.3354406 0.3489760 0.3051697 0.1376015 0.3467272 0.2794134 0.4785005 0.1898826 0.3742112 0.3281934 0.3854894 0.1641301 0.3822002 0.0484510 0.3715002 0.2849847 0.2653167 0.2309259 0.1593950 0.3329944 0.1643466 0.2324188 0.1177100 0.2898641 -0.0189202 0.2535906 0.2433598 0.1165639 0.4253936 0.2793644 0.1688925 0.1736794 0.1907780 0.4320907 0.0138665 0.0923249 0.2538724 0.1451267 0.0078309 0.0762558 0.1807283 -0.1523564 -0.2845661 0.1766943 0.2939715 0.6161325 0.3090918 0.1080976 0.2640086 0.2508494 0.2598375 0.6659899 0.3061254 0.3951021 -0.0510986 0.2404388 -0.0645756 0.4691890 0.1550087 -0.2803613 0.4602853 0.3276424 0.3157472 -0.1899003 0.5760395 -0.2036387 -0.3708639 0.3043173 0.2192967 -0.2841406 0.2429569 0.0438415 -0.1614696 0.0221114 -0.0037044 -0.1755372 -0.0702465 -0.1107773 0.0512721 -0.1979328 -0.2265477 -0.0439094 -0.1020674 -0.0946829 -0.0635111 0.0106133 -0.0582176 -0.1973826 -0.1262830 -0.1497796 0.1863706 -0.0468459 0.1587018 0.2709052 -0.0712941 -0.3018829 -0.1164094
0.4313662 0.4523584 -0.0589811 0.2710351 -0.1170954 0.5691050 0.3221484 0.0034734 0.9061838 0.2203238 -0.1253576 0.5082216 -0.0448700 -0.1018710 0.0000000 -0.2688796 -0.1939446 0.4786388 -0.0625659 -0.0345418 0.6924212 -0.2366076 0.0422042 0.6302086 -0.0945283 -0.0170091 0.4723922 0.0035306 0.6997456 0.4397056 -0.3492186 0.1628015 0.6580599 0.6323260 0.2427995 0.4130526 0.0349672 0.1840900 0.1356770 0.0373500 -0.2061972 0.2633902 0.1719062 -0.0842146 0.5351247 0.4223397 0.1698247 0.0625875 0.4345337 0.3157781 0.0818501 -0.1920218 0.7087891 -0.5458298 0.1948107 0.1924420 0.0326211 -0.1900992 0.5085019 -0.0384229 0.5277764 -0.3610308 -0.2249840 0.1699886 0.0221803 -0.0055967 -0.1685568 -0.3682571 0.0801827 -0.0288083 -0.0322149 0.2877993 -0.1857256 0.1185116 0.0887841 0.1097555 0.1835526 0.0893894 0.0697935 0.2587135 0.1177258 -0.0510136 0.0148110 -0.0720876 -0.1370940 0.0886937 -0.2314538 0.0932572 0.0869639 0.1063746 -0.1376794 -0.0731470 0.0840690 -0.2566701 -0.0446825 -0.0131217 -0.1952646 -0.0357347 -0.2465918 -0.5049039 -0.0579154 -0.1574966 0.0062303 0.1171739 -0.1200347 -0.0826035 0.3039529 0.1798425 0.0195706 0.3659390 -0.0301540 -0.0620013 0.3281698 0.2354118 -0.0140603 0.0900548 0.0218769 -0.0311748 -0.0705547 0.0926932 0.1280423 -0.0349370 -0.3568757 -0.1135689 0.0192674 -0.3292644 -0.0360274 -0.1614590 -0.2462137 0.1060847 0.1317770 -0.0841412 -0.1305127 -0.1411902 0.0673951 -0.1115783 0.1585541 -0.2207819 0.0259793 -0.0741245 0.0347944 -0.3001562 0.1128222 -0.4405587 -0.4000278 -0.1427746 0.0559799 0.0324747 0.2253572 -0.3050224 -0.2889516 -0.3595581 0.0522983 0.0392740 0.1055900 -0.3472099 0.0826708 -0.1335404 0.2081313 -0.1573377 0.2365813 0.0697429 -0.1076219 -0.1359330 0.1578941 -0.0402126 0.3011057 0.2420596 0.4024511 0.0995491 0.3453185 0.2794705 0.0884871 0.0519822 0.3987916 0.3867767 0.4066154 0.1608969 0.4178085 0.2961482 0.3363017 0.0465864 -0.0151291 -0.0381615 0.5024335 0.0254100 0.3874321 0.3213523 0.3243953 0.4647424 0.0879510 0.6098755 0.4567565 -0.2588007 -0.2069682 -0.2833099 -0.2118816 0.3086823 0.2951688 -0.3964498 0.1041111 0.1380082 -0.0920380 0.0720030 -0.1127291 -0.0381897 -0.1653007 -0.1431370 -0.0921271 0.2233436 -0.1561784 0.2984799 -0.0897936 -0.0266856 0.1595927 -0.1536865 -0.1405783 -0.2987140
0.2753256 0.3341505 0.6315386 0.3829950 0.5077375 0.1485508 0.3906646 0.6089972 -0.2407385 0.3519549 0.8399752 0.4179741 0.5311482 0.1550297 -0.2688796 0.0000000 0.4142474 -0.3957161 0.8285165 0.3777076 0.2663327 0.6118758 0.6530182 -0.5755340 0.8019752 0.7232667 -0.1140990 -0.5611986 -0.0680718 -0.5071164 0.4905893 0.4993236 -0.4956904 -0.3714260 0.5196421 -0.0648431 0.5827605 0.6938894 -0.0178373 -0.1943616 0.4570135 -0.3893712 0.4262837 -0.1853020 -0.6259214 0.4009905 0.4737720 0.4897655 -0.2113225 -0.5080087 0.6011224 0.4740373 -0.2214168 0.3198292 0.3457223 0.5162888 0.5185769 0.0805307 -0.1238782 0.6825001 -0.1113055 0.6286223 0.7756195 0.5344826 0.5255291 0.6663500 0.8149566 0.6873747 0.4847393 0.6199248 0.7305794 0.4628993 0.7592174 0.6158195 0.5986612 0.6994428 0.6736927 0.6240677 0.6301693 0.5248112 0.0506076 0.4205644 0.2392769 -0.2917165 -0.1277820 -0.3393648 -0.0878249 -0.2047308 -0.5604897 -0.1380889 0.1416131 -0.0917887 -0.3101622 -0.5059792 0.1132959 0.0961442 0.0233218 -0.2597782 0.0379546 -0.1305684 0.2020111 -0.0143192 -0.2560153 -0.5434507 0.0532446 0.2097641 -0.3876874 -0.3688156 -0.2479720 -0.6392452 -0.2498543 -0.4349075 -0.3398818 -0.0685857 -0.1555412 0.2734456 0.2990595 0.0159216 0.2121616 -0.0326432 0.1322858 0.2534748 0.3859585 0.3683616 -0.1380429 0.1038679 0.3468011 0.2408249 -0.0442684 0.2451560 0.1709377 -0.0270674 0.4229703 0.6458760 -0.1792151 0.2982104 0.1716793 0.1118599 0.2547149 -0.0422727 0.1506251 0.1388195 -0.0271693 0.1609297 0.0961181 -0.0480200 0.3253850 0.1467465 -0.2083186 -0.0070453 -0.0916341 -0.2438223 0.3757826 0.0678993 0.1968934 0.2521754 0.0469400 -0.3058498 -0.1519580 0.1959264 0.0104732 0.1812482 0.0641509 0.3083276 0.0528118 -0.2438276 0.1398609 0.0189866 -0.0678812 0.2028317 0.0383142 -0.0099871 0.1180222 -0.2453142 0.1912977 0.0732147 0.2760164 0.1486739 0.1706017 -0.0637377 -0.2040708 -0.0095832 -0.0978850 -0.2095537 0.0590130 0.5385255 0.0680007 0.1245772 0.4535954 0.4250562 -0.1115893 0.1603160 0.0819528 0.1286135 0.1291546 0.1691506 0.2416539 -0.0356068 0.2611206 0.0928381 0.5084004 0.4013578 0.2606666 0.3609106 0.3703355 0.3553044 -0.1844993 0.7438505 0.2784021 0.5187431 0.2014137 0.1752543 0.6262148 0.7580338 0.3053516 0.6163366 0.1700952 0.0580241
0.0103862 0.4359627 0.2582409 0.5942699 0.2585113 0.1791362 0.6366097 0.3116927 -0.0782296 0.2200598 0.5287304 0.4846670 -0.0776403 0.0693123 -0.1939446 0.4142474 0.0000000 -0.5927389 0.3606955 0.0968423 0.0430240 0.2033323 0.6638673 -0.0749214 0.4523902 0.3347672 0.0135359 -0.1666218 -0.1131661 -0.3036221 0.2831592 0.1756695 0.1186449 0.0698096 0.4528559 0.0963045 0.1822686 0.1967462 0.5392536 0.4717992 0.2584043 -0.0142117 0.6176471 0.3823009 -0.0301852 0.1583217 0.2614478 -0.0612653 0.1412432 -0.5696666 0.4206545 0.5589368 -0.0180089 0.3125901 0.1771167 -0.0379079 0.2251874 0.4736220 -0.2008803 0.5606885 0.0567066 0.3976347 0.3106406 0.2979239 -0.0327692 0.2467338 0.5889747 0.1645278 0.3505511 0.4898638 0.4723414 0.1335148 0.5894653 0.1934888 0.6720632 0.2907707 0.3532346 0.2530250 0.1881468 -0.0417321 0.1830386 -0.0290303 0.0110594 0.0314157 0.2760922 -0.1640472 0.1097804 0.0952131 0.0091857 -0.1239851 0.1633538 0.2604708 -0.1491329 -0.1040466 0.0460668 -0.1344270 0.0944007 0.0537965 0.3375923 -0.0454587 0.1483598 0.0302632 -0.1792701 0.0137659 -0.1885239 -0.1330106 -0.2087518 -0.2344727 0.0427051 -0.3639346 0.1422730 -0.2966784 -0.3065966 -0.0969110 -0.3254899 -0.1228268 -0.0972125 -0.2167215 -0.0190359 -0.3489961 -0.1440308 -0.0933219 0.2467502 -0.0422736 -0.1877312 -0.1132283 0.0817927 0.0862414 -0.1157491 -0.0726711 0.0093015 0.2712199 0.2265725 0.1378895 0.2010326 0.1269623 0.1409429 0.0749153 0.3364243 -0.2000335 0.0288852 -0.1712321 0.1517938 0.3159244 0.1451001 0.1268339 0.1776998 0.0360694 0.0234869 -0.0196506 0.0609467 -0.2785680 0.0696718 0.0022258 -0.0913287 0.1770458 -0.1430937 -0.0189376 -0.2966008 0.1852439 -0.1897612 -0.0814876 0.4898669 0.3497693 -0.1938546 0.0646150 0.0914242 -0.2635510 -0.4231960 -0.1671098 -0.1501277 -0.3141966 -0.3117031 -0.1792347 0.1486156 0.2618868 0.1780972 0.2046383 -0.0139971 0.0939510 -0.0959016 0.1555736 0.1728079 0.0489717 -0.0375721 -0.0044435 -0.1867627 0.3066973 0.2676915 0.3767462 -0.2415898 0.1979036 0.2717057 0.0070579 -0.2239944 0.0152620 -0.1229039 0.2056957 0.2406481 0.0685669 0.2435263 -0.0193223 0.5308544 0.2734222 -0.0837942 0.3902310 -0.1603476 0.1151999 0.1914724 0.2248519 0.3070987 -0.0577785 0.1122669 0.2279159 -0.2303095 0.1844580 0.0469784 0.1227670
