0.0000000 0.4788889 0.7054003 0.4418905 0.0807661 0.4131513 0.1209669 0.4129935 0.3969221 0.3386365 0.3416553 0.2886521 0.4410461 0.3123907 0.2962111 0.2169435 0.4454749 0.3884024 -0.0085481 0.3890657 0.1995991 0.1819873 0.4318349 0.3139678 0.2551382 0.1970920 0.3304708 0.2774410 0.2993313 0.3007917 0.1512828 0.1016565 0.1672850 0.3273290 0.3934020 0.2186339 0.2696382 0.0131449 0.0751354 0.0583412 0.2083228 0.1216851 0.3021297 0.2456051 0.2019075 -0.1497144 0.2650226 0.0921706 0.3284073 -0.1866546 0.3177874 0.2649014 0.3805227 0.3067568 0.0054552 -0.1153064 0.1042560 0.3856641 0.2584169 0.3341153 0.3796967 0.2164502 -0.0138747 0.3372985 0.3200747 -0.1053145 0.2951738 0.2101795 -0.1168813 0.2566961 0.0293823 0.3566074 0.2016591 0.4262855 -0.1318088 0.1759407 0.2955312 0.0462558 0.3179779 -0.0088076 0.0184053 -0.2487474 -0.1219861 -0.1120849 -0.0795980 -0.2443431 -0.0830614 -0.0476143 -0.0692357 -0.1315455 -0.2163652 -0.2965083 -0.1116258 0.2751094 -0.1644885 -0.2166369 -0.2525571 -0.0187441 -0.1537384 0.1411721 -0.2522824 -0.0582915 -0.1569296 0.1727860 -0.1874521 -0.1728579 -0.0810670 -0.1671369 -0.0720487 -0.0967261 -0.1118320 -0.1653408 -0.0624053 -0.2084542 -0.1380213 -0.0432804 -0.1553041 -0.0652153 -0.0818297 0.0152579 -0.0698070 -0.0668007 -0.4408197 -0.0516534 -0.0015711 -0.0284330 -0.0889283 -0.2560060 0.0793918 0.0198122 -0.0478317 -0.4111851 0.0003523 0.2405291 -0.5624959 -0.0298029 0.0043046 -0.1179090 -0.0353070 -0.2529682 -0.1178729 -0.2072512 -0.4445053 -0.1410022 -0.0231558 -0.3169157 0.1026902 0.0372859 -0.1510216 -0.1324484 -0.2022277 -0.1495053 0.0267334 -0.0821325 -0.0422282 -0.1931419 -0.1195441 -0.1168584 -0.2884735 -0.3290694 0.0256490 -0.2439924 -0.2787247 -0.1549387 -0.0172541 -0.1385962 -0.3551580 -0.0766710 -0.0579067 -0.2571338 -0.1066676 -0.1256669 0.5541169 0.5454278 0.4760089 0.4393608 0.3358350 0.3373216 0.2192041 0.2719248 0.4472770 0.2246383 0.1709264 0.3629568 0.2732863 0.3762810 0.1366629 0.0035767 0.3864901 0.4635464 0.0175216 0.1618062 0.1162798 0.1469352 0.1064027 0.0712059 0.1168783 0.0150689 -0.0409762 -0.0696437 -0.1278761 -0.2188527 0.0501747 -0.0519066 0.0607375 0.1106748 -0.1520105 -0.1815107 0.0036106 -0.1121529 -0.0044046 -0.1524732 0.0678210 0.0012765 -0.2451720 -0.1708561 0.1824702 0.0578903
0.4788889 0.0000000 0.6753402 0.6549021 0.7006943 0.8433143 0.6637359 0.6359076 0.8409964 0.5612967 0.4396063 0.8562670 0.3550645 0.5031060 0.8560727 0.4681101 0.5524429 0.7657329 0.2897183 0.2955101 0.8171208 -0.0988320 0.5073975 0.7044242 0.2513545 0.5607235 0.2994406 0.6243563 0.8902832 0.6035930 -0.0032784 -0.3215694 0.4509299 0.6726191 0.4880942 0.7288673 0.3008947 0.1408471 0.4078825 0.6984223 -0.1915127 0.7044041 0.4267132 0.6440117 0.7785691 0.1432176 0.3007386 0.0275582 0.5612304 0.1165755 0.4054856 0.6435639 0.7843593 0.7525135 -0.1711749 -0.1091876 0.1033803 0.7211395 0.5280359 0.4511347 0.7014634 0.4672663 -0.5211479 0.6956924 0.8095691 -0.4228289 0.3546187 0.5255541 -0.4868476 0.5748374 -0.2511136 0.7540569 0.2884594 0.6706097 -0.5862628 0.6015131 0.6598404 -0.3335671 0.4030129 0.1259772 -0.5155944 -0.0587529 0.5650565 0.2981765 0.4216204 0.4183181 0.0818912 -0.1375133 0.2520832 0.2778118 -0.0469516 0.0626323 0.4794123 -0.2640262 0.2566714 0.1290470 0.1264376 0.6477402 -0.0458323 0.0285433 0.2389078 0.5811251 0.5755393 0.3066527 0.3137910 0.2500398 0.5566730 0.4561708 0.3715415 0.5039028 0.4739611 0.4352149 0.5457644 0.3696128 0.3935027 0.5116011 0.3749425 0.4862739 0.4970001 0.5891535 0.5188110 0.4603078 0.0038635 0.5187603 0.5819004 0.5813107 0.4899595 0.3061617 0.6792018 0.5678084 0.5284735 -0.3062478 0.5053583 0.5395991 -0.7207253 0.3741780 0.5701234 0.3621429 0.2863988 0.3936174 -0.0438309 0.1672235 -0.7552203 0.0091900 0.2159260 0.5300348 0.1274103 0.2498043 -0.2713643 0.1028438 0.1107195 0.0807253 -0.0315084 0.0535313 0.2306790 0.2155646 -0.1964901 0.3394777 -0.6261376 0.1717103 0.2358840 0.0724178 0.2954144 0.0368097 0.1696516 0.3932548 0.1311607 -0.3551922 -0.0289283 0.2263084 0.2638550 -0.1336347 0.7974424 0.7884446 0.9454110 0.8744594 0.8333791 0.7296163 0.7682423 0.6828730 0.1853001 0.4973436 0.6224214 0.5133563 0.3722891 0.2749747 -0.4517675 -0.4830609 0.7192046 0.6607087 0.6245577 0.4223881 0.4062519 0.6613243 0.7723380 0.7693544 0.7012540 -0.1419925 -0.5099204 0.6045664 -0.2239502 -0.4733397 0.3760327 0.4137539 0.3721939 0.1921445 0.4933121 -0.3422361 -0.0766236 -0.5387252 0.2180397 0.4661792 -0.0783148 -0.1335788 -0.3659321 -0.6184726 0.4571693 0.2212389
0.7054003 0.6753402 0.0000000 0.5421574 0.3208038 0.7260072 0.4409790 0.6338645 0.6509881 0.3021118 0.4746435 0.4650868 0.5764954 0.3623364 0.5356237 0.2268584 0.5384796 0.4319497 0.0573866 0.3740505 0.4269239 0.0188986 0.4759316 0.4488982 -0.0119473 0.2714431 0.3665856 0.4506021 0.5378560 0.4037349 0.0830484 -0.1219545 0.1710689 0.4723094 0.5104683 0.4004924 0.2755507 -0.0570080 0.1911514 0.3768215 -0.1518172 0.3591243 0.3239266 0.6355563 0.3990035 -0.1842895 0.3226266 -0.1171410 0.4783813 -0.1680042 0.3784472 0.2900687 0.4726614 0.5278208 -0.1360051 -0.3058073 0.1018711 0.5037008 0.2141220 0.3745154 0.3785815 0.2304403 -0.1946512 0.4218366 0.4394423 -0.1436829 0.2759878 0.2376593 -0.2549812 0.2582852 0.0543284 0.4645512 0.2081140 0.5064937 -0.1657009 0.2134149 0.4685410 0.0522151 0.2915481 0.1207663 -0.0680614 -0.2946294 0.0011106 -0.0722561 -0.0014819 -0.0537550 -0.0629293 -0.1535351 -0.0633818 0.0253579 -0.2276295 -0.1636638 -0.0384063 -0.0566784 -0.1919864 -0.2645477 -0.1019957 0.1773018 -0.2682681 -0.1655952 -0.1921351 0.1174397 0.1968596 0.0654683 -0.1364447 -0.1514929 0.0951994 0.1766924 0.1217981 0.0757266 0.0306077 0.0211259 0.1552274 -0.1133013 -0.0900785 0.0035639 -0.0999907 0.0211171 -0.0043079 0.0941388 0.0075802 0.0100910 -0.1916667 -0.0039813 0.0774330 0.1162449 -0.1309983 -0.0758232 0.1588297 -0.0377010 -0.0418636 -0.6013469 -0.1049031 0.1193691 -0.5611473 -0.0598208 -0.0822256 -0.1920177 -0.2182484 -0.1296238 -0.1732984 -0.3070192 -0.4980402 -0.3425301 -0.2650452 0.0626461 -0.1873031 -0.2082503 -0.3054199 -0.3317147 -0.2430803 -0.3009061 -0.1900093 -0.0255602 -0.1701073 -0.2070517 -0.4685144 -0.1652786 -0.6682229 -0.2778112 0.0240884 -0.2980006 -0.1408897 -0.3565170 -0.0508685 -0.1173869 -0.2803371 -0.3509813 -0.2707901 -0.1987546 -0.0705811 -0.2793290 0.7911324 0.6815359 0.5840880 0.4735937 0.3910694 0.5312205 0.2642841 0.3488397 0.2396405 0.1442189 0.2208086 0.4283195 0.2117194 0.2817507 0.0097000 -0.0642293 0.4858921 0.3740942 0.1516781 0.1636372 0.2102720 0.1934582 0.2537581 0.2650998 0.1690304 -0.0819654 -0.1953066 0.1026314 -0.4676713 -0.4115239 0.0767432 -0.0659963 -0.1132435 -0.2358625 -0.0065533 -0.5095352 -0.1049175 -0.2044598 0.2119438 0.0376830 -0.2719946 -0.2311157 -0.4565410 -0.4330175 0.5124802 -0.1741393
0.4418905 0.6549021 0.5421574 0.0000000 0.5156506 0.7600992 0.2064094 0.8985150 0.7274520 0.7112024 0.8683000 0.5453381 0.2740339 0.6209803 0.6359988 0.8293887 0.7440616 0.6210256 0.5308694 0.2137881 0.4247777 0.2760150 0.7940904 0.5492431 0.5466812 0.8139157 0.6461999 0.5005305 0.6345594 0.6722773 0.3756770 0.0061973 0.2458356 0.5098266 0.7261772 0.4372859 0.3407877 -0.0272920 0.3216353 0.4034911 0.1736231 0.4221760 0.4889005 0.3062531 0.6174787 0.0682912 0.4332045 -0.1377868 0.4184212 -0.3866473 0.6152368 0.6649972 0.7357623 0.7243804 -0.2467128 -0.1556476 0.2371603 0.7323761 0.2943624 0.6927110 0.4781565 0.7921181 -0.2162396 0.7393543 0.6570478 -0.0394696 0.7101355 0.8297500 -0.1670520 0.7792865 0.1753172 0.7675622 0.6653173 0.5096074 -0.1734729 0.7983527 0.5950955 0.0514102 0.6711310 0.3415390 -0.2204554 -0.5727498 -0.0371852 0.0596368 0.0583049 0.1495574 0.3665372 -0.3347170 0.1594176 0.0693511 0.1090572 0.1462955 0.3252878 -0.1453523 0.1826438 0.1737107 0.0972543 0.3761632 -0.0186565 0.0086563 -0.0343989 0.3070243 0.2147655 0.1950300 0.2429105 0.2233103 0.2659307 0.1725751 0.1520903 0.1466965 0.2817445 0.1996796 0.2946975 0.0454223 0.1119735 0.2148433 0.0991765 0.1652112 0.1809559 0.2903637 0.1764966 0.1343887 -0.0464171 0.1390666 0.2799882 0.3445472 0.2000789 0.1020853 0.4136111 0.2531695 0.1623639 -0.3758035 0.4770374 0.3348164 -0.4050401 0.2238119 0.2670147 0.1465280 0.0465003 0.0753057 -0.1688487 -0.0748595 -0.4021875 -0.1713292 0.0523039 -0.0424980 -0.0089795 0.0374461 -0.3772349 0.0283995 -0.0675569 -0.1766036 -0.0690754 -0.2925058 -0.1184684 -0.1902545 -0.3192590 0.0749664 -0.4047693 -0.2110944 -0.1316126 -0.0440379 -0.2860364 -0.2257138 -0.1895024 -0.1221956 -0.4717295 -0.3917139 -0.1991487 -0.0591030 -0.2994795 -0.3165653 0.3514689 0.6354670 0.5779744 0.6856121 0.6159929 0.5148396 0.4330528 0.3151362 0.1184421 0.1272497 0.1760989 0.2476895 0.0110597 -0.0832468 -0.3647653 -0.3996260 0.4932069 0.6058679 0.3441450 0.3122299 0.2489014 0.5316798 0.5084455 0.4852549 0.4135151 -0.0570507 -0.2708622 0.3245680 0.0463715 -0.2922768 0.0996835 0.2868622 0.3729151 0.3015954 0.2718806 -0.2381386 0.0272239 -0.3006969 -0.0665159 0.1019085 -0.0412729 -0.0047092 -0.0698138 -0.1909567 0.3770007 0.2921049
0.0807661 0.7006943 0.3208038 0.5156506 0.0000000 0.4333319 0.2996100 0.5719300 0.3957885 0.3997887 0.3494885 0.4402091 0.3762108 0.1563159 0.5028208 0.5814206 0.4208826 0.3457777 0.5900052 0.1016573 0.5232978 0.2563237 0.3062804 0.1409262 0.3970128 0.4970043 0.2631087 0.1421803 0.5827455 0.4414327 0.3463801 -0.0939951 -0.0621448 0.1662514 0.4176991 0.5986208 0.3978529 0.1095312 0.4449006 0.5222588 0.2069153 0.6941681 0.4624824 0.3953830 0.6895752 0.4530786 0.3842304 -0.0125856 0.1287451 -0.0065311 0.4384274 0.6203974 0.3641797 0.7253020 -0.1743848 0.2231260 0.3731628 0.5746438 0.6476244 0.5105492 0.7857710 0.5361957 -0.3280291 0.3513979 0.5004617 -0.0654579 0.5130486 0.5822229 -0.3036346 0.5040870 -0.0626955 0.3482026 0.4736576 0.2834563 -0.3701294 0.5339139 0.1933845 -0.1925813 0.3939974 -0.1106961 -0.5877191 -0.1697209 0.4553762 0.1166581 0.1269085 0.4433635 0.4342081 -0.3128280 0.3474772 0.2659659 0.3625004 0.4187043 0.5960376 -0.2477204 0.4045976 0.4891914 0.3686392 0.5845288 0.0669599 -0.0731516 0.3321569 0.5942816 0.5758415 0.0994257 0.4975281 0.5071501 0.6570232 0.4149637 0.4532928 0.5374274 0.6384999 0.6192353 0.6342537 0.5190280 0.4694310 0.4985558 0.4361858 0.5397401 0.4750968 0.5935844 0.5512788 0.4878885 -0.0961917 0.5147869 0.5925851 0.5619864 0.4984559 0.2613052 0.6129891 0.5560898 0.5615888 -0.0520554 0.5940324 0.3990436 -0.5736674 0.3003167 0.5872947 0.3570166 0.2926700 0.3181543 -0.1230951 0.1624412 -0.5270275 -0.1534370 0.1918399 0.5013331 -0.0514079 0.1580490 -0.4065110 0.0502111 -0.0312617 -0.0312466 -0.1133664 -0.1269538 -0.0192487 0.0254023 -0.3079416 0.2647840 -0.5187250 0.1225982 -0.0760463 -0.0251664 0.2635638 -0.0495115 -0.0823104 0.3144355 0.1565896 -0.3621264 -0.1905445 0.0394835 0.0261432 -0.2863159 0.3560424 0.5167353 0.6052598 0.4795203 0.4581947 0.2537300 0.5186600 0.4093368 -0.1032803 0.2545164 0.5891055 0.3013540 0.3128779 0.0739923 -0.3799537 -0.4329955 0.2678714 0.1727002 0.6691689 -0.0818002 0.0015312 0.7178636 0.6386068 0.6369449 0.4560139 -0.6019059 -0.6334557 0.5709137 0.1506334 0.0480536 0.4135422 0.4182503 0.4041982 0.1312968 0.5364197 -0.3754587 0.2645997 -0.2017855 0.3114412 0.4910494 -0.3654597 -0.3480161 -0.4163012 -0.4569443 0.6137409 0.3406755
0.4131513 0.8433143 0.7260072 0.7600992 0.4333319 0.0000000 0.7033877 0.6748431 0.9158968 0.5789911 0.6202074 0.8339297 0.2293473 0.5946120 0.8523678 0.4292101 0.5636898 0.7677221 0.1401542 0.2758443 0.6925229 -0.1101388 0.5956972 0.8023102 0.0687509 0.5605566 0.4391406 0.7300378 0.8239808 0.5304389 0.0117991 -0.3915213 0.4768484 0.7113202 0.5221414 0.5559496 0.1435706 -0.0703117 0.1690857 0.5560879 -0.3202340 0.4956263 0.2241293 0.6122176 0.6044911 -0.1884399 0.2567676 -0.2306584 0.6061471 -0.1456035 0.4140571 0.4795665 0.7837793 0.6676638 -0.3515162 -0.4114052 -0.0039224 0.6908008 0.2166946 0.4155345 0.3955856 0.4794291 -0.4846425 0.7072339 0.6938758 -0.3389859 0.3618729 0.5158914 -0.3664314 0.5861042 -0.0418823 0.7746921 0.3736955 0.5363918 -0.3190109 0.5698904 0.7238173 -0.0360343 0.4013933 0.2784130 -0.2267384 -0.3306611 0.2863791 0.2098249 0.2901822 0.3087960 0.1630188 -0.2712644 0.1341290 0.1961044 -0.1094878 0.0588423 0.2844278 -0.4219874 0.1627990 0.0287886 0.0374386 0.5605492 -0.0687263 -0.1881494 0.0492654 0.4503289 0.4882260 0.1552885 0.1992014 0.1738264 0.3936207 0.4319862 0.3450277 0.3557811 0.3346447 0.2957333 0.3584043 0.1922913 0.2212571 0.3427400 0.2605226 0.3323814 0.3485029 0.4052238 0.3252841 0.2961661 0.0381762 0.2922677 0.4097461 0.3306450 0.2420074 0.1273832 0.5016217 0.3105626 0.2743216 -0.5567547 0.3199686 0.3834493 -0.5392790 0.1325146 0.2895634 0.1571609 -0.0173135 0.2110553 -0.1994548 -0.0673687 -0.5019437 -0.1086175 -0.0453560 0.3201199 -0.0661896 -0.0515785 -0.3340606 -0.1173190 0.0032366 -0.1053191 -0.1491593 -0.0764889 0.0012940 0.0698464 -0.4050483 0.1326614 -0.6500185 -0.0280296 0.1354194 -0.0373690 0.0832057 -0.2017622 0.0109105 0.1045986 -0.1614482 -0.5053673 -0.2120635 0.0877684 0.0425694 -0.2703268 0.6584044 0.6612115 0.8028320 0.8158547 0.7945780 0.7501424 0.5807773 0.4636590 0.0594198 0.1989418 0.2570283 0.3633555 0.1214868 0.0067652 -0.4413707 -0.4976246 0.7066686 0.7457521 0.4411858 0.5250679 0.5815899 0.4515845 0.5742873 0.6236726 0.5651877 0.0987773 -0.3242210 0.3860382 -0.3257232 -0.5087442 0.2241742 0.2817394 0.1318062 0.0928054 0.2430981 -0.4061426 -0.1795436 -0.4561184 0.1227792 0.2476021 -0.1057629 -0.1188845 -0.1610483 -0.5111203 0.4716172 0.1436305
0.1209669 0.6637359 0.4409790 0.2064094 0.2996100 0.7033877 0.0000000 0.2006968 0.5567917 0.2048946 0.0818207 0.8060135 0.1591068 0.1118907 0.7024817 -0.1188848 0.0673106 0.4949812 -0.2025125 -0.0756661 0.7834306 -0.3330577 0.0552543 0.5955685 -0.3514109 0.0580660 0.0766057 0.6320725 0.7201780 0.1393558 -0.3550330 -0.5549243 0.5603232 0.6005352 0.0757964 0.5932055 0.0452101 -0.0586849 0.0776318 0.6537959 -0.6821641 0.6159942 -0.0534695 0.6302234 0.5846765 -0.1648414 0.0255018 -0.2343494 0.4968423 0.2223924 0.0527127 0.2362683 0.5333113 0.4482382 -0.2856520 -0.3410109 -0.0403868 0.4138665 0.3435776 0.0252591 0.4113201 0.0215733 -0.6684013 0.4435872 0.5624755 -0.4021770 -0.0691252 0.1266096 -0.4523189 0.2838168 -0.2720184 0.5089010 0.0295527 0.3238101 -0.3754925 0.3027016 0.6145895 -0.1455585 0.0735536 0.2027854 -0.2717517 0.1238419 0.6824178 0.5667182 0.6252561 0.5562269 0.0748699 -0.0325897 0.2574618 0.5039983 -0.0021390 0.1069534 0.2750974 -0.4749323 0.3196632 0.1910936 0.1870759 0.5995575 0.1313138 -0.2542828 0.4334311 0.4965304 0.7341095 0.3235191 0.3127308 0.3217353 0.5165715 0.7227976 0.4924189 0.5687352 0.3718218 0.4529740 0.4011346 0.3773503 0.2994639 0.4154420 0.4232858 0.4215020 0.4757798 0.4514123 0.4803537 0.4872653 0.0747890 0.5396673 0.5111786 0.3224280 0.3839763 0.2243326 0.5244992 0.4762964 0.5128411 -0.2059566 0.1933544 0.4746188 -0.3902146 0.1054137 0.4747571 0.3063655 0.2168421 0.4901855 0.0698845 0.2308409 -0.3791979 0.2416235 0.2233584 0.7041318 0.1796311 0.2018759 -0.1458116 0.0638977 0.2963573 0.2862324 0.1366587 0.2951187 0.2507104 0.5325921 -0.1318634 0.4512574 -0.5042275 0.3992031 0.4662947 0.2219940 0.6099586 0.1575965 0.3745632 0.5943474 0.3888123 -0.3229621 -0.0336364 0.2965655 0.4320511 -0.0395545 0.6902003 0.3366381 0.7146674 0.6036923 0.6771312 0.7050018 0.6288165 0.6116377 0.0572256 0.3674427 0.4774026 0.4262989 0.2631330 0.2172858 -0.3681846 -0.4437681 0.5997120 0.5017459 0.4600574 0.5123781 0.5485763 0.2998874 0.4865791 0.5522857 0.5302337 0.0781014 -0.2706194 0.4019194 -0.5837325 -0.5163844 0.2505900 0.2384751 -0.0685143 0.0070081 0.2990552 -0.3170750 -0.5174947 -0.4321399 0.2153169 0.3296211 -0.1441243 -0.0847705 -0.1121055 -0.7806504 0.2041457 -0.0658696
0.4129935 0.6359076 0.6338645 0.8985150 0.5719300 0.6748431 0.2006968 0.0000000 0.6123826 0.5962537 0.8709450 0.4910356 0.5207711 0.4505984 0.6480843 0.8103634 0.7731857 0.4797497 0.5681300 0.1038565 0.4969689 0.3786161 0.8147360 0.4119040 0.5429079 0.7852446 0.5899675 0.4433149 0.6587376 0.6506278 0.3650827 0.1068065 0.1244622 0.4529007 0.8353500 0.5548470 0.5425549 0.0764557 0.4721145 0.4932450 0.1724137 0.5581006 0.6231199 0.4192152 0.6931097 0.2249265 0.6124755 -0.1099212 0.4196132 -0.2876635 0.7299518 0.6595948 0.6330282 0.7766820 -0.1771396 -0.0394936 0.4412229 0.7546986 0.3817223 0.7914238 0.6078942 0.7500217 -0.1686074 0.6757603 0.5885202 0.1221684 0.7452347 0.8112376 -0.1191722 0.7483732 0.2893713 0.6617456 0.7140800 0.5135039 -0.0851425 0.8037878 0.5501110 0.1186575 0.7969368 0.3652023 -0.1301009 -0.5160594 -0.0197138 0.0720203 0.0864891 0.1593248 0.3586338 -0.3400562 0.1893249 0.1679253 0.2154728 0.2083636 0.3467045 -0.0703255 0.1450344 0.1604017 0.2861801 0.3703091 0.0122558 -0.0920949 0.0064834 0.3133483 0.3342721 0.2564434 0.2683083 0.2151615 0.3214660 0.3352853 0.2400064 0.2436880 0.2852413 0.2610347 0.4364580 0.0503040 0.0837696 0.1938145 0.0813111 0.1760888 0.1879687 0.2923195 0.2094286 0.1796088 0.0156120 0.1482211 0.2614391 0.4156431 0.1905157 0.1412280 0.3776453 0.2508052 0.1872990 -0.3797641 0.3819273 0.3262352 -0.3806841 0.1314560 0.2422685 0.0884241 0.0517386 -0.0084211 -0.1776319 -0.0262089 -0.3924145 -0.2704990 -0.0036626 0.0674734 -0.0642812 -0.0302837 -0.4181357 -0.0099934 -0.1333476 -0.1976115 -0.0604589 -0.1862550 -0.2989088 -0.1878730 -0.3726897 0.0536724 -0.4684681 -0.2377282 -0.2359142 -0.0757511 -0.1773857 -0.2988738 -0.1913410 -0.0968923 -0.4256775 -0.4399743 -0.3321673 -0.1166141 -0.3065410 -0.3642006 0.4249488 0.6610945 0.5506128 0.5709603 0.5023829 0.5387223 0.3866317 0.3807394 0.1312010 0.1393299 0.3197879 0.4414811 0.0631002 -0.0837883 -0.2743817 -0.2995551 0.4206860 0.3962813 0.3734991 0.1022587 0.0444463 0.4671476 0.4927743 0.4232852 0.2944712 -0.2120456 -0.2568256 0.3303438 0.0317270 -0.3968928 0.0133611 0.1382633 0.3491061 0.1726348 0.2260281 -0.4127734 0.0759148 -0.3659726 -0.0273356 0.0440712 -0.1941228 -0.1419681 -0.3393124 -0.2861962 0.3447516 0.1529125
0.3969221 0.8409964 0.6509881 0.7274520 0.3957885 0.9158968 0.5567917 0.6123826 0.0000000 0.6837904 0.6040817 0.8205925 0.0894192 0.8045764 0.8462126 0.4451600 0.6150602 0.9097101 0.1723831 0.3016056 0.6914256 -0.2157284 0.5372787 0.9231314 0.1941971 0.5781949 0.3814088 0.8205970 0.8395777 0.6825343 -0.0311196 -0.3957356 0.6118115 0.8386012 0.4675055 0.5277111 0.0430474 -0.0536556 0.2381169 0.5250389 -0.3169624 0.4175480 0.2941151 0.6672870 0.5619093 -0.1307603 0.1367733 -0.1124466 0.7530194 -0.0654512 0.3265479 0.4528735 0.8730217 0.5953330 -0.2922640 -0.3244894 -0.1748298 0.7243515 0.2184246 0.3362401 0.3313351 0.4192104 -0.3801678 0.8175515 0.7910425 -0.5225413 0.2636100 0.4530671 -0.4120493 0.5948471 -0.1910947 0.8393551 0.1872775 0.7145428 -0.4623503 0.5490755 0.7650826 -0.2377172 0.3348781 0.2516792 -0.3037208 -0.2144457 0.3380906 0.2527645 0.3593754 0.3392892 0.0302949 -0.1175030 0.1884407 0.1760907 -0.2012166 -0.0648002 0.2667205 -0.2277638 0.1572058 -0.0569156 -0.0717682 0.5243928 -0.0554707 0.1433668 0.1009903 0.4762719 0.4066614 0.2498785 0.1667147 0.1405842 0.3788232 0.2734947 0.2327314 0.2661940 0.3206021 0.2176684 0.3266492 0.1728046 0.2245512 0.3751625 0.2318037 0.3196548 0.3650243 0.4296763 0.3238875 0.2722036 0.0417155 0.3318452 0.3978038 0.4487194 0.3036412 0.2348759 0.5080965 0.3568595 0.2540149 -0.4299527 0.3588466 0.4069755 -0.5562786 0.3580893 0.3252580 0.1948687 0.0341921 0.2856851 -0.2185321 -0.0137815 -0.6818330 -0.0007938 0.0864755 0.3288812 0.0184688 0.0670949 -0.3001957 -0.0040619 0.0230940 0.0009786 -0.1680347 -0.1985048 0.2381485 0.1044034 -0.2979049 0.2217537 -0.5807862 0.0403934 0.1504731 0.0115886 0.0545452 -0.0873349 0.0032994 0.1737244 -0.1246432 -0.4781623 -0.1143362 0.1508152 0.0566950 -0.2313024 0.6408132 0.7571393 0.8156893 0.8782082 0.8218702 0.7753428 0.6638540 0.5130854 0.2537314 0.3971696 0.3276986 0.3878546 0.2105224 0.1127469 -0.4501123 -0.4148659 0.7853418 0.7949229 0.4517407 0.5891507 0.6324487 0.5297319 0.6895008 0.6999124 0.6866022 0.2692569 -0.2742706 0.4954209 -0.2597458 -0.5620866 0.2423635 0.3658116 0.3201977 0.2442273 0.3374473 -0.1897881 -0.1772286 -0.5556698 0.0159577 0.3816500 0.0800798 -0.0237445 -0.0640338 -0.4312635 0.3085175 0.1639636
0.3386365 0.5612967 0.3021118 0.7112024 0.3997887 0.5789911 0.2048946 0.5962537 0.6837904 0.0000000 0.6995115 0.6095970 -0.1677965 0.5949558 0.5428661 0.6326711 0.6279758 0.7486020 0.1786960 -0.1398207 0.4648380 -0.0015005 0.5200904 0.6284699 0.4346575 0.5564768 0.3296457 0.6206927 0.6504425 0.5529412 0.3071009 -0.2581043 0.4257146 0.6385959 0.5359883 0.2877711 0.0933871 -0.2299545 0.3541107 0.2511909 0.1084443 0.2246986 0.4596322 0.4111941 0.4427563 -0.0823076 0.1325171 -0.2272579 0.6681685 -0.2518353 0.4344300 0.6129012 0.8071589 0.6262734 -0.4166554 -0.2629681 -0.0832243 0.7951285 0.4077886 0.4679334 0.4307414 0.6153511 -0.3475137 0.7372400 0.6980759 -0.4295671 0.4003545 0.5708747 -0.5126078 0.7255675 -0.1835713 0.6914010 0.3054010 0.5398711 -0.3887826 0.6290952 0.6762823 -0.2015047 0.3784480 0.1609058 -0.3998077 -0.3749173 0.2358496 0.2521542 0.2614346 0.4778355 0.4079508 -0.4408149 0.4313340 0.3349739 0.2540878 0.3890259 0.5908113 -0.0953830 0.5939592 0.4331021 0.2681754 0.6827205 0.4068966 0.1960288 0.3263696 0.6874682 0.4225888 0.3414234 0.5562167 0.5281310 0.5688505 0.1891007 0.4768704 0.4706636 0.6437253 0.5125448 0.5204899 0.4696365 0.5581085 0.6741364 0.5806686 0.6115694 0.6477333 0.7005162 0.5999146 0.5917882 -0.1568802 0.5638035 0.6644277 0.6441652 0.5867381 0.3755429 0.7113033 0.5669998 0.5161247 0.0028335 0.5851367 0.3355696 -0.4477135 0.5907818 0.4818651 0.5466829 0.2175111 0.3568687 -0.3185272 0.2845645 -0.6602629 0.0932400 0.4333867 0.1125274 0.3280395 0.3017579 -0.2429992 0.1764303 -0.0024219 0.1681517 0.1557935 -0.4497366 0.1648939 0.1491597 -0.1364328 0.4604283 -0.2580679 0.1908428 0.0932914 0.2607518 -0.0373491 0.1857579 -0.0706608 0.1681961 -0.1470807 -0.3459612 -0.0729232 0.1531637 -0.1177417 -0.1992294 0.2319182 0.6752020 0.6049098 0.7728783 0.7350484 0.5204182 0.5139505 0.2100172 0.1386156 0.2170704 0.2344912 0.1702474 0.1485648 -0.0758855 -0.5591245 -0.3973220 0.6683979 0.7347695 0.6959082 0.4959803 0.5406690 0.7827755 0.7523338 0.7153914 0.7317671 0.2685332 -0.4152727 0.6576081 0.1944741 -0.1632280 0.4574371 0.6746477 0.2751858 0.4383519 0.4731210 0.0848812 0.0425004 -0.3809731 0.1122217 0.4712030 -0.1075022 -0.0229800 0.0067811 -0.3717145 0.0872362 0.2620479
0.3416553 0.4396063 0.4746435 0.8683000 0.3494885 0.6202074 0.0818207 0.8709450 0.6040817 0.6995115 0.0000000 0.3994159 0.2693249 0.6191618 0.5451562 0.7893670 0.8333710 0.4952056 0.5360424 -0.0279724 0.3141096 0.4665532 0.8176650 0.4593644 0.5711786 0.7323558 0.6806303 0.5083933 0.5452013 0.6828267 0.5187469 0.0462992 0.1866434 0.4646127 0.8251673 0.3481819 0.3555804 -0.1408990 0.3363063 0.3077717 0.1547769 0.3023263 0.5297436 0.3985897 0.4337545 0.0106815 0.4928423 -0.3550875 0.4657949 -0.5307082 0.6751398 0.5389044 0.5863213 0.7013444 -0.4076525 -0.2087779 0.2893606 0.8197764 0.2571202 0.7153095 0.3257610 0.7570861 -0.1305655 0.6912535 0.4400951 0.0949216 0.6989785 0.7954011 -0.0304586 0.8286734 0.3315206 0.5831012 0.6687058 0.3038643 0.0945005 0.7166049 0.4650237 0.2384263 0.6697156 0.1735086 -0.0531785 -0.7216461 -0.1895155 0.0710647 0.0411658 0.2118651 0.5480886 -0.4911625 0.3388847 0.1253610 0.3546917 0.3137717 0.2839343 -0.1093693 0.2612676 0.2517371 0.2820081 0.3645415 0.2662104 -0.0493958 0.0181279 0.3419485 0.2688736 0.2092589 0.3266787 0.3274145 0.3411393 0.2511053 0.3264708 0.1991872 0.3140050 0.2484260 0.3051765 0.0749528 0.0480177 0.1759826 0.1118473 0.1801130 0.1889479 0.2825585 0.1899435 0.1532346 -0.1725371 0.1174475 0.2471325 0.3099137 0.1129182 -0.0545526 0.3402494 0.1910619 0.1058921 -0.4526044 0.3507311 0.3103602 -0.3567757 0.0360096 0.1568009 0.0720246 -0.0776700 -0.1108791 -0.4380070 -0.1684728 -0.3160813 -0.2373886 -0.0675781 -0.1240453 -0.1183481 -0.1702587 -0.4894740 -0.1228234 -0.2498889 -0.2640835 -0.0944574 -0.4738403 -0.3414728 -0.2374447 -0.3987964 -0.0626361 -0.3936310 -0.3556000 -0.2736781 -0.0947091 -0.2865311 -0.3437941 -0.2777567 -0.2543806 -0.6314511 -0.5394041 -0.3718909 -0.2266410 -0.4939900 -0.4240027 0.1626085 0.5240658 0.3927795 0.5157332 0.4521523 0.3986915 0.2151977 0.1295949 0.0971829 -0.0249134 0.0979988 0.3168795 -0.0160662 -0.3585293 -0.3501164 -0.4556568 0.3072605 0.4313030 0.3342435 0.1149560 0.1694779 0.3742017 0.4160062 0.3656096 0.2811271 0.0305345 -0.2282876 0.2480155 0.1305141 -0.2688044 0.0331844 0.1555257 0.2482587 0.2438847 0.0728774 -0.2266191 0.1013774 -0.3189209 -0.1031230 -0.1040081 -0.1768487 -0.1343783 -0.1332585 -0.1352213 0.1916634 0.0815886
0.2886521 0.8562670 0.4650868 0.5453381 0.4402091 0.8339297 0.8060135 0.4910356 0.8205925 0.6095970 0.3994159 0.0000000 0.0907407 0.4619468 0.9172362 0.3171313 0.3683144 0.8245960 -0.0143377 -0.0340201 0.9096613 -0.2771043 0.3709340 0.8457826 0.0428329 0.4065350 0.2104377 0.7943006 0.9151378 0.4426341 -0.1702318 -0.5589271 0.6142217 0.7616473 0.2880017 0.6402241 0.0151279 -0.0737862 0.2024258 0.6206381 -0.4360672 0.5949381 0.1600645 0.5840472 0.7089380 -0.1024284 0.0281497 -0.1474890 0.6521195 0.0916790 0.1718495 0.4778225 0.8366560 0.6157212 -0.3342734 -0.3426754 -0.1533538 0.7024609 0.5063442 0.2021363 0.5488070 0.3439124 -0.6913895 0.8025209 0.8392263 -0.6071554 0.1006535 0.4602696 -0.5951875 0.6264742 -0.4061960 0.7973780 0.1396067 0.6377352 -0.6338971 0.6365583 0.8191478 -0.3859056 0.3820890 0.2613418 -0.3735215 0.0096075 0.6848978 0.6122391 0.7004093 0.6362763 0.1459999 -0.0737648 0.4294826 0.5525749 0.0016057 0.0840034 0.4766055 -0.3060811 0.4764598 0.2511323 0.1574756 0.7509457 0.2137283 0.0604969 0.4851714 0.6788036 0.6889039 0.5171048 0.4126572 0.4271769 0.6343192 0.6258177 0.4911700 0.5904805 0.5131551 0.4996028 0.5495650 0.4761096 0.4327829 0.5841053 0.5007133 0.5363541 0.6023982 0.6299395 0.5878835 0.5629946 0.0586413 0.6166964 0.6398280 0.5999119 0.5630953 0.3682442 0.7293448 0.6553123 0.5960418 -0.2287953 0.4760001 0.5949481 -0.5651840 0.3819917 0.6133109 0.4583539 0.3458575 0.5427895 -0.0427817 0.2987556 -0.6894496 0.3397566 0.3766864 0.6064302 0.2834407 0.3191547 -0.2033928 0.2337307 0.3215148 0.3886730 0.1530038 0.1183751 0.3506019 0.5380780 -0.1028188 0.5551150 -0.5366627 0.4030163 0.4053070 0.3115158 0.4841077 0.1843523 0.3079959 0.5605979 0.2550138 -0.3765833 -0.0116310 0.3880238 0.3556614 -0.0568362 0.6866998 0.6796380 0.8941745 0.9130668 0.9516251 0.8734206 0.8164808 0.6730025 0.2088610 0.4774965 0.5875612 0.4693573 0.4103489 0.2029344 -0.5094651 -0.5226222 0.8612599 0.8259725 0.6406753 0.7201369 0.7010814 0.6056781 0.8127354 0.8367983 0.8519789 0.2127714 -0.3211085 0.6468715 -0.3025812 -0.5860420 0.4068133 0.5430574 0.2907991 0.3606560 0.4965501 -0.1331519 -0.2984200 -0.6053978 0.1367692 0.5158299 0.0562215 0.1148771 -0.0376527 -0.6785747 0.1451069 0.1907160
0.4410461 0.3550645 0.5764954 0.2740339 0.3762108 0.2293473 0.1591068 0.5207711 0.0894192 -0.1677965 0.2693249 0.0907407 0.0000000 -0.0090439 0.2508117 0.2380929 0.3879490 -0.0653655 0.4038791 0.2959072 0.2776448 0.5369182 0.3696618 -0.0885034 0.2808789 0.2329749 0.3747433 -0.0262593 0.2859500 0.3147537 0.1326828 0.4185099 -0.1842039 0.0314593 0.4670114 0.5545071 0.6093492 0.4217107 0.3143673 0.4095490 0.2352206 0.5756069 0.4141972 0.2913293 0.4755153 0.4450790 0.6532724 0.2800928 -0.0264309 0.1008539 0.4687568 0.2660887 0.0335206 0.3777272 0.3330388 0.3605542 0.6454039 0.2802635 0.3827226 0.5036912 0.5667513 0.2668151 0.0874640 0.1566901 0.1255662 0.4700862 0.4569267 0.3683379 0.2890630 0.2551443 0.3760787 0.1464110 0.4138936 0.2112088 0.1798173 0.2992280 0.0225239 0.2795165 0.5675035 0.0645096 0.1765637 -0.2894503 -0.1147749 -0.0131227 -0.0694643 -0.1180200 0.0627096 -0.0211337 0.0097672 -0.0891771 0.0920260 -0.1937991 -0.1312975 0.0769458 -0.2621121 -0.1220942 0.0589419 -0.1174674 -0.1722828 -0.1841349 -0.1540179 -0.1634022 0.0756573 0.0454326 -0.1599043 -0.1015651 -0.0197608 0.2016003 -0.0488958 -0.0348379 -0.1997224 -0.1058408 0.0448499 -0.2578386 -0.3305715 -0.2679024 -0.3091273 -0.2031967 -0.2250027 -0.1663425 -0.1327094 -0.1638211 -0.0649837 -0.1783713 -0.1748521 0.0155766 -0.1873477 -0.2392741 -0.0844252 -0.0659393 -0.0418890 -0.4324292 0.0071737 0.2665085 -0.2167773 -0.4055211 0.0833216 -0.2393082 0.1561181 -0.2315247 0.0912592 -0.1164021 -0.0728199 -0.2219753 -0.2396684 0.0420101 -0.1104156 -0.0896852 -0.1592705 -0.0324845 -0.0406244 -0.1975966 0.0315130 0.2541974 -0.3559095 -0.1554696 -0.1955473 -0.2487773 -0.2461377 -0.3363808 -0.1665869 -0.2251711 0.0013049 -0.3515132 0.0624712 -0.0543393 -0.1966497 -0.1161443 -0.1823190 -0.2117007 -0.0602345 -0.1338150 0.4650462 0.3167939 0.2828380 0.0691366 -0.0008061 0.1862377 0.1113733 0.3626948 0.2278766 0.1912375 0.4302305 0.6823763 0.3342599 0.2432736 0.4159227 0.0913340 -0.0181303 -0.1612790 -0.1011062 -0.3762870 -0.3870489 -0.1321741 0.0040830 -0.0566585 -0.2055327 -0.4102027 0.0168047 -0.1176855 -0.0822456 -0.2994793 -0.2620524 -0.4034095 0.1900641 -0.0041045 -0.1796954 -0.4212721 0.0894632 -0.1651486 -0.0556673 -0.2650731 -0.0420523 -0.1027693 -0.4589808 -0.0593964 0.3306222 0.0816418
0.3123907 0.5031060 0.3623364 0.6209803 0.1563159 0.5946120 0.1118907 0.4505984 0.8045764 0.5949558 0.6191618 0.4619468 -0.0090439 0.0000000 0.5482663 0.4616060 0.7075730 0.7600633 0.3552309 0.4031210 0.3452532 0.0178443 0.5011739 0.7748532 0.4436043 0.5549584 0.5598381 0.6629852 0.5420881 0.8384511 0.1232365 -0.1977179 0.5345816 0.6855106 0.4316190 0.3257328 -0.0303371 0.0026807 0.2265572 0.3220420 -0.1033877 0.1592906 0.3313284 0.4301505 0.2673366 -0.0463865 0.1157466 -0.0219251 0.5961583 -0.1873066 0.2900432 0.3024313 0.6492273 0.3562750 -0.1689322 -0.1071996 -0.1744517 0.5981258 0.0655860 0.3015978 0.0753047 0.4054002 0.0406702 0.7170649 0.5749514 -0.3259928 0.3161180 0.4088160 -0.0162285 0.5576861 -0.0014744 0.6562724 0.1618350 0.5566591 -0.1616820 0.4242416 0.4872876 -0.0718826 0.2770669 0.1035970 -0.1079924 -0.3650360 -0.0110553 0.1198893 0.1274042 0.1692524 0.0494913 -0.0914048 0.1865922 -0.0941935 -0.1396187 -0.1748579 0.0391970 -0.0676098 -0.0072776 -0.1419168 -0.1910984 0.2132313 -0.0474510 0.3393652 -0.0779988 0.2362977 0.0358656 0.0918025 0.0091866 0.0173222 0.1303976 -0.1008183 -0.0176354 -0.0892547 0.1052125 -0.0866032 -0.0141104 -0.0960725 -0.0539958 0.0841179 -0.0281993 0.0621352 0.0980117 0.1809436 0.0686231 -0.0250138 -0.0299864 0.0408751 0.1183759 0.2536423 0.0562068 0.0451006 0.2386444 0.0913837 -0.0341231 -0.3914734 0.2680045 0.2681644 -0.3639981 0.2440493 0.1327640 0.0304114 -0.0593901 0.0745492 -0.3031222 -0.1667907 -0.4970415 -0.0540315 -0.0433397 -0.0320173 -0.0613653 -0.0328137 -0.2740151 0.0127617 -0.1035829 -0.1535797 -0.2222709 -0.4429252 0.2202414 -0.1514289 -0.2045660 -0.0127549 -0.3103563 -0.1831589 -0.0634172 -0.0962516 -0.2674060 -0.1367631 -0.1673038 -0.0878313 -0.3770023 -0.3890616 -0.0831639 -0.0118089 -0.1826631 -0.2558923 0.2753620 0.5951674 0.5131218 0.6750288 0.5560127 0.5121721 0.4155480 0.2426196 0.2831677 0.3221724 0.1876846 0.3394395 0.1607045 -0.0074023 -0.2641017 -0.3245269 0.5080276 0.6274241 0.1831958 0.3807404 0.4764563 0.3367389 0.4793462 0.4500288 0.4666972 0.4013189 -0.0771345 0.2651259 -0.0101862 -0.4337394 -0.0305175 0.1504473 0.4673220 0.4532724 0.1199302 0.1023893 -0.0586697 -0.4353589 -0.3108160 0.1321675 0.3628220 0.0301291 0.1527612 0.0480455 0.0998947 0.1924546
0.2962111 0.8560727 0.5356237 0.6359988 0.5028208 0.8523678 0.7024817 0.6480843 0.8462126 0.5428661 0.5451562 0.9172362 0.2508117 0.5482663 0.0000000 0.4197630 0.4882770 0.8384792 0.1926939 0.0647532 0.9057975 -0.0828611 0.4853825 0.8345447 0.1920676 0.5490259 0.3344842 0.8212614 0.9338511 0.5602550 -0.1061912 -0.4009467 0.5809098 0.7646489 0.4367351 0.7539483 0.1824038 -0.0040467 0.2308257 0.6295997 -0.3755679 0.6664592 0.2525413 0.6677023 0.7420337 0.0247348 0.2452307 -0.1444398 0.6834154 0.0106892 0.3497805 0.4164414 0.7836118 0.6374651 -0.3417098 -0.1946530 0.0363429 0.7543930 0.4117004 0.3570774 0.5642847 0.3620409 -0.4952784 0.8132891 0.7651427 -0.3999236 0.2825681 0.5231252 -0.3727524 0.6832739 -0.1261429 0.7576122 0.3519722 0.6213709 -0.4407113 0.7164792 0.7092256 -0.1890619 0.5801049 0.3044810 -0.2256346 -0.0710337 0.5745948 0.4943649 0.6013286 0.5009045 0.1865339 -0.0106190 0.3672576 0.4541473 0.0204411 0.0424657 0.3512983 -0.1734299 0.3128545 0.1436468 0.1592610 0.6077309 0.1031537 0.0972237 0.3444277 0.5570215 0.6436737 0.5039578 0.3401787 0.3511508 0.5679852 0.6225856 0.4029387 0.4655222 0.3976571 0.3886810 0.5296660 0.2937776 0.2395987 0.4269785 0.3115375 0.3890591 0.4466994 0.4990557 0.4415153 0.3987150 0.0457559 0.4862625 0.4791586 0.4934995 0.4260388 0.1999655 0.5614734 0.5761133 0.4262440 -0.3904355 0.4149216 0.6839445 -0.5718062 0.2339885 0.5280101 0.2075645 0.1718287 0.2937486 -0.1930153 0.1120820 -0.6091843 0.1269349 0.2161214 0.5646913 0.0299178 0.1023484 -0.4142775 0.0707985 0.1101040 0.1745128 -0.1080630 -0.0234984 0.1376933 0.3073456 -0.2798377 0.3812745 -0.6453104 0.1130554 0.0843706 0.0471545 0.3860290 -0.1011196 0.0612897 0.4122936 0.0282883 -0.5861583 -0.2616961 0.1165593 0.1115410 -0.2925726 0.6510248 0.6629627 0.8838036 0.8500864 0.8493940 0.8595978 0.7884646 0.7422273 0.2927772 0.4982846 0.5810779 0.5901520 0.3043055 0.0732277 -0.4916350 -0.5255667 0.7347228 0.7134701 0.5512288 0.4920733 0.5203923 0.5210470 0.7175505 0.7051788 0.6834962 0.0635049 -0.2078887 0.5096044 -0.2122156 -0.6439782 0.1958816 0.3035330 0.4505430 0.3307234 0.3295208 -0.3562760 -0.1963202 -0.6444146 -0.0495633 0.3113434 0.0589829 -0.0534529 -0.1262670 -0.6162799 0.1822908 0.2089421
0.2169435 0.4681101 0.2268584 0.8293887 0.5814206 0.4292101 -0.1188848 0.8103634 0.4451600 0.6326711 0.7893670 0.3171313 0.2380929 0.4616060 0.4197630 0.0000000 0.7489793 0.3819429 0.7384942 0.0892475 0.2195536 0.4881850 0.8347833 0.2565599 0.8070959 0.8877892 0.5468598 0.2036347 0.4213406 0.6554904 0.6336143 0.1919170 -0.0133981 0.1942155 0.7856503 0.2729025 0.4631243 0.1155270 0.5093466 0.3262765 0.4618482 0.3030524 0.6570241 0.0717961 0.4814888 0.3446454 0.5096619 -0.0579593 0.1654158 -0.3025382 0.6701561 0.7820040 0.5142253 0.7371581 -0.1828700 0.1215432 0.3840482 0.6734815 0.3634032 0.7799210 0.4638218 0.9232096 -0.0919365 0.5339843 0.4348329 0.1183333 0.7733599 0.9103613 -0.0341616 0.7476314 0.1729632 0.5145539 0.6838787 0.3147517 -0.1317416 0.7629340 0.3384180 -0.0572152 0.6864518 0.0832042 -0.2485144 -0.4665545 -0.0686312 -0.0760912 -0.0316693 0.1407165 0.4110573 -0.4159899 0.2371402 -0.0072349 0.2825569 0.3305512 0.5195670 -0.0903537 0.2635481 0.2922529 0.2602918 0.3894777 0.1152317 0.0117450 -0.0130432 0.3790119 0.1610950 0.1022675 0.3088582 0.2712765 0.3418376 0.0910257 0.2024033 0.2540347 0.3701986 0.2904069 0.3634058 0.2254034 0.2598626 0.3031434 0.2135956 0.2878854 0.2769147 0.3787947 0.3086173 0.2366486 -0.0001991 0.1979122 0.3408963 0.4912301 0.3230224 0.1368201 0.4628292 0.3454324 0.2809363 -0.2054097 0.5739055 0.2779622 -0.3354148 0.2335630 0.3293908 0.2868953 0.1651447 0.0399098 -0.2293858 0.0445224 -0.3126864 -0.1621837 0.0759821 -0.0805048 -0.0289857 0.0660895 -0.3133921 0.0826245 -0.1426029 -0.1422305 -0.0638889 -0.3094337 -0.1817589 -0.1641740 -0.0910048 0.0142023 -0.1992088 -0.1546345 -0.2777399 0.0138353 -0.1866769 -0.1078431 -0.2153593 -0.1309141 -0.3327007 -0.2596458 -0.1278262 0.0291322 -0.3212338 -0.1994008 0.0456853 0.4974341 0.3609342 0.4832784 0.4271903 0.2343777 0.2517706 0.1188281 -0.0504543 -0.0135596 0.1912383 0.1237909 -0.0030586 -0.2325765 -0.3789070 -0.4339125 0.2392469 0.3556251 0.4102119 0.0763601 -0.0588046 0.5111799 0.5246840 0.4292947 0.3360009 -0.2064909 -0.3693362 0.4118551 0.4118640 -0.0773383 0.2309919 0.3805385 0.4833835 0.3020625 0.3406647 -0.0546709 0.3738880 -0.2099093 0.0568212 0.1047407 -0.0951746 -0.0090365 -0.2386034 0.0008115 0.3066409 0.3417952
0.4454749 0.5524429 0.5384796 0.7440616 0.4208826 0.5636898 0.0673106 0.7731857 0.6150602 0.6279758 0.8333710 0.3683144 0.3879490 0.7075730 0.4882770 0.7489793 0.0000000 0.4679856 0.6132385 0.2357443 0.3023758 0.4241615 0.8260247 0.4502157 0.6428846 0.6982254 0.7768923 0.4912691 0.5304819 0.8933358 0.5293800 0.0155191 0.2702729 0.4628329 0.8793674 0.4171492 0.4588711 0.0694801 0.6545394 0.5169109 0.1933583 0.3468867 0.8004016 0.4723152 0.4128461 0.1464997 0.5558756 -0.1493772 0.4482627 -0.3164151 0.7142455 0.6707672 0.5530171 0.7571219 -0.2182514 -0.0094727 0.3515378 0.7800345 0.3193378 0.7695551 0.4097957 0.7181022 -0.0311290 0.5852435 0.4781042 0.0667431 0.6836693 0.6766330 0.0121790 0.6545005 0.2366472 0.5126418 0.5311021 0.3775334 0.0209575 0.5826763 0.3956545 0.1094873 0.5366295 0.0003068 -0.1767714 -0.5460743 -0.1109127 -0.0053468 0.0132897 0.1921112 0.3501211 -0.4414763 0.3163677 0.0059311 0.2764439 0.2495642 0.3568642 -0.1393103 0.1225873 0.1347190 0.2947792 0.3808226 0.1240905 -0.0489526 -0.0752621 0.3947402 0.2201424 0.0705074 0.2433246 0.1545747 0.3390749 0.1135271 0.2994780 0.2082968 0.3261706 0.2126662 0.2850905 0.0835407 0.1151971 0.2194356 0.1536608 0.2729479 0.2589919 0.3844385 0.2981596 0.2232845 -0.1343570 0.1710241 0.3235673 0.4556872 0.1118900 0.0363307 0.4340645 0.1921117 0.1942470 -0.3769430 0.2728203 0.2416581 -0.4331213 0.1234964 0.1869025 0.1617728 -0.0062385 -0.0063775 -0.3253621 -0.0893692 -0.4240423 -0.2850261 -0.0862085 -0.0570689 -0.0706187 -0.0539364 -0.3034830 -0.0624947 -0.2736391 -0.3163361 -0.0708147 -0.3466218 -0.1511604 -0.2576309 -0.1810842 -0.0933757 -0.3547480 -0.2460097 -0.1787682 -0.0818651 -0.2441026 -0.1236382 -0.1382962 -0.1715139 -0.4216898 -0.3303006 -0.1577711 -0.0827681 -0.2647757 -0.2331930 0.3471313 0.7092039 0.5235674 0.5700886 0.4262627 0.4007189 0.1996162 0.1325570 0.0410970 0.0660762 0.2690511 0.4094236 0.0488065 -0.1498209 -0.3249525 -0.4393116 0.3132816 0.3983921 0.4117500 0.0674898 0.0940957 0.4337082 0.5210495 0.4181655 0.3133989 -0.0229826 -0.3876719 0.3884164 0.1294761 -0.2670541 0.1068460 0.1441151 0.2799289 0.2090872 0.2137493 -0.1193996 0.2325746 -0.2487430 0.0496316 0.0098906 -0.1161566 -0.2478661 -0.3662538 -0.0838218 0.3459815 0.0214393
