0.0000000 0.8940375 0.7311913 0.6084430 0.4266287 0.4910241 0.1362667 0.4529758 0.5710581 0.3824357 0.4146997 0.5101570 0.1394307 0.6849298 0.5131832 0.1450638 0.3447192 0.7988002 -0.1319690 0.5405136 0.1848700 -0.0556304 -0.0273078 0.7385706 -0.1303990 -0.1787700 -0.0752078 0.6834888 0.1046647 0.3563869 -0.0976394 -0.1459166 0.4150958 0.2585475 -0.1335087 0.0358303 -0.2151760 -0.2972555 0.2539007 0.2394690 -0.3636765 -0.0502883 -0.1197285 0.0448178 -0.0570544 -0.2554627 -0.1120851 -0.3231207 0.2598715 -0.1581834 -0.2138041 -0.1556706 0.3365112 -0.2224265 -0.2811934 -0.2163671 -0.1324097 -0.0218180 0.1897932 -0.2290595 0.0767745 -0.2886711 -0.3480489 0.2147416 0.1592975 -0.2177456 -0.3660205 -0.2119053 -0.2862577 -0.0365325 -0.2571296 0.1668205 -0.3678837 0.0366934 -0.2355589 -0.2207841 0.0311993 -0.3642276 -0.3179611 -0.2558006 -0.3662956 -0.0402157 -0.1526336 -0.0415577 -0.1610301 -0.2112273 -0.1331011 0.0247159 -0.0621533 -0.0903983 -0.3542371 -0.4799553 -0.2163142 0.1486369 -0.1712109 -0.4861067 -0.5996333 -0.0492033 -0.0189032 0.1088268 -0.2450941 -0.0544662 -0.1086183 0.2424681 -0.5435247 -0.2368281 0.1865715 -0.0353425 -0.2806404 0.1902219 -0.2000865 0.0868783 -0.0459171 0.1160388 0.1318822 0.0013251 -0.0523857 0.0468177 -0.0200863 -0.2951570 -0.2792896 -0.3537104 -0.7250479 -0.1218188 -0.4923821 -0.2352406 -0.2836907 -0.6623542 -0.3039422 -0.1799961 -0.2375639 -0.5762679 -0.3637165 -0.0876510 -0.4769677 -0.5899075 -0.1949218 -0.2191687 -0.3107076 -0.2818540 -0.5530156 -0.3260322 -0.3996245 -0.3657333 -0.1726393 -0.5458915 -0.3620196 -0.3058636 -0.3990064 -0.3982753 -0.3903606 -0.4554367 -0.2847431 -0.5518085 -0.4100416 -0.5336228 -0.4270967 -0.5317723 -0.5130040 -0.2708027 -0.4968605 -0.3981729 -0.3792895 -0.3763260 -0.5124565 -0.5123868 -0.5553511 -0.6608428 -0.6324285 -0.5778349 -0.5494378 -0.6050483 -0.0232500 0.0120965 0.4419571 0.5756343 0.5213824 0.2692090 0.2476177 0.3227620 0.2995155 0.1807671 0.1403158 0.2158501 0.3186910 -0.1394663 -0.0607696 -0.2457488 0.0437538 0.2405872 -0.2401178 0.0128386 0.1265204 -0.2099041 -0.2401850 0.0313270 -0.2563670 0.0616099 -0.4448670 -0.1686904 -0.2034888 0.0252197 0.1454401 0.2871529 0.6593892 0.2275185 0.0105801 0.2348007 -0.0154918 0.1012819 -0.0530286 0.0974805 0.4587519 0.4412251 0.1006648 0.0430904 0.6868764 0.6719498
0.8940375 0.0000000 0.6194387 0.5387521 0.2506514 0.6358564 0.4288532 0.4450628 0.5418947 0.3618501 0.2853325 0.5827802 0.0727716 0.7264878 0.5567583 0.0873938 0.4146376 0.6196095 -0.1184133 0.5489954 0.3876042 -0.0675059 0.0226315 0.6253358 -0.1027022 -0.1627708 -0.0044237 0.6348324 0.3562211 0.4160339 -0.0742389 -0.1382657 0.4486383 0.4239013 -0.1598123 0.2545690 -0.2569553 -0.3219560 -0.0026776 0.0930810 -0.2935205 0.2032511 -0.2659811 -0.0963299 0.1445793 -0.2629708 -0.1667653 -0.2685118 0.2302125 -0.2626850 -0.3304690 -0.3090116 0.4263546 -0.3943048 -0.2936627 -0.2912522 -0.2358958 -0.1178645 0.3234641 -0.3871929 0.3096587 -0.4498412 -0.3068710 0.2807635 0.1690922 -0.2795545 -0.4583486 -0.2642371 -0.3534403 0.0175648 -0.3047716 0.2731699 -0.4356671 0.1071192 -0.2213347 -0.1740693 0.0974783 -0.4281583 -0.2993848 -0.1906284 -0.4918638 -0.2420055 -0.2669508 -0.1128808 -0.0758569 -0.3057090 -0.1360801 0.1593711 -0.0903945 -0.1469084 -0.4457359 -0.6739076 -0.4764412 0.0862856 -0.2226003 -0.6475608 -0.7455732 -0.2836640 -0.0386072 0.0710334 -0.3129537 -0.2590774 -0.3688217 0.3541499 -0.6420452 -0.4091014 -0.0500304 -0.3083487 -0.3341772 -0.0646973 -0.2269354 -0.0279263 -0.2001069 -0.1540774 -0.1157330 -0.2373536 -0.2928802 -0.0783155 -0.2038290 -0.2829234 -0.3833797 -0.5052928 -0.7090930 -0.2772515 -0.3578318 -0.0884038 -0.3824743 -0.6823165 -0.2544227 -0.3332659 -0.3868156 -0.6684399 -0.4960244 0.0504416 -0.6369685 -0.6321130 -0.3257620 -0.3308311 -0.4995029 -0.0827656 -0.5735075 -0.2994396 -0.4599679 -0.2336140 -0.2470386 -0.5415679 -0.5714314 -0.4956263 -0.4352104 -0.3369546 -0.1917094 -0.4526437 -0.5010597 -0.4774226 -0.5978400 -0.3845435 -0.4209850 -0.5646608 -0.5670954 -0.1480491 -0.5608757 -0.4143249 -0.2504817 -0.3284665 -0.6196564 -0.4051896 -0.3304246 -0.5774209 -0.5567397 -0.4753442 -0.5004177 -0.5642467 0.2113643 0.1945422 0.6506024 0.5803655 0.5532697 0.3225969 0.3777909 0.4126138 0.5275826 0.4880229 0.4472327 0.5295797 0.4818371 0.0003813 0.0986980 -0.0910344 0.1511688 0.3050548 -0.2104445 0.1095395 0.2140931 -0.1307014 -0.0987515 0.0763610 -0.0696019 0.0023344 -0.5683234 -0.0049867 -0.0439670 0.1554715 0.2102100 0.3517090 0.5519491 0.1820739 0.1384475 0.2688190 0.1714217 -0.0281695 0.0576072 0.1138471 0.3864858 0.3892857 0.1706848 0.0274804 0.7105727 0.5877452
0.7311913 0.6194387 0.0000000 0.3595959 0.7878307 0.3870556 0.0942215 0.3944548 0.3838643 0.2626601 0.2665296 0.3511475 0.6202286 0.5826161 0.4539647 0.4607260 0.3569521 0.6401195 0.0135551 0.4916502 0.1783217 0.0804110 0.4811788 0.4382042 0.0437511 0.2254379 0.3199242 0.5147551 0.0113531 0.3905836 0.0461352 0.2232699 0.2320771 0.1484562 0.2617269 0.1183104 0.1713964 0.0885632 0.1416490 0.2878496 0.0708423 -0.0994283 0.1448660 0.0846570 -0.1052452 0.0560557 0.1086133 0.1163429 0.1562139 0.0977880 0.0269939 0.0992618 0.2439664 0.0075203 0.1041279 0.0496384 0.0523489 0.0640536 0.1207192 -0.0267349 0.1118640 -0.0591183 0.0954437 0.2013691 -0.0048686 0.0104922 -0.1342879 0.0562606 0.0079823 0.2465408 -0.1420155 0.2399117 -0.0688601 0.1311861 -0.1335111 0.1955596 0.2194296 -0.1967113 0.1277535 0.0965660 -0.1941898 0.0316525 -0.1775417 -0.1786586 -0.3474607 -0.2950189 -0.4064524 -0.1405583 -0.2733630 -0.3358229 -0.4626156 -0.3929775 -0.2378392 0.1604520 -0.3237772 -0.3941674 -0.5673952 -0.1000036 -0.3676051 -0.1040891 -0.5412607 -0.1453179 -0.0312149 0.1707444 -0.5624861 -0.2812461 0.2030632 -0.0128493 -0.1208863 0.1697795 -0.3620716 0.1823328 -0.1529327 0.0045491 0.0395889 -0.1544159 -0.0747436 0.1469960 -0.0567275 -0.0382432 -0.1438982 -0.3344298 -0.5695685 0.0486210 -0.2043773 0.1683566 -0.4018141 -0.6363089 0.0819204 0.0677101 -0.0348666 -0.5603521 -0.3574942 0.2604337 -0.4798448 -0.5508551 0.1607353 0.0889288 -0.0578644 0.0717350 -0.6144865 -0.1215964 -0.4938555 0.0369135 0.1931581 -0.5644820 -0.1639735 -0.0478483 -0.5326904 -0.2421883 -0.1611818 -0.3634670 -0.3198527 -0.5795300 -0.3879275 -0.4279260 -0.5027643 -0.5166051 -0.4508279 -0.2003735 -0.4908453 -0.4679412 -0.3866996 -0.4942611 -0.5123251 -0.5186620 -0.3518624 -0.5081016 -0.4861248 -0.6074793 -0.5121563 -0.5058742 0.1138343 0.0268744 0.4108469 0.3480759 0.4061049 0.3204416 0.2155421 0.0851358 0.1948382 -0.0008205 0.0416481 0.0853488 0.3075643 -0.0585936 -0.0305316 0.1129904 0.1799516 0.0919821 -0.0352591 0.1316998 0.0225870 0.0621302 0.1267660 0.3184621 0.0108913 0.0270358 -0.2605604 0.2376449 -0.3125061 -0.0108114 0.0084200 0.2112115 0.5276220 0.2192534 0.2982607 0.0082083 -0.3211027 -0.0135098 0.0962475 0.4430333 0.4363990 0.4764509 0.1285874 -0.3090251 0.4004975 0.3717504
0.6084430 0.5387521 0.3595959 0.0000000 0.1460974 0.5921572 0.1053056 0.9160280 0.5452439 0.8810958 0.9274337 0.4424164 -0.0005947 0.6645211 0.3033963 0.3033491 0.7223583 0.7565714 -0.2505093 0.2175922 0.2344705 -0.0763324 0.0187433 0.7566580 -0.3493862 -0.3674469 -0.0114412 0.6145233 0.2036697 0.2504340 -0.0209036 -0.4171466 0.4800150 0.4186562 -0.4083107 -0.0838420 -0.2816458 -0.4825229 0.2394404 0.0046902 -0.5045784 -0.0850907 -0.2954311 -0.0164280 0.0765336 -0.4046052 -0.3334567 -0.5691407 0.3215788 -0.3523471 -0.3559697 -0.3051690 0.5294934 -0.3141596 -0.4576304 -0.3987318 -0.2600610 0.1286215 0.3098195 -0.2870853 0.2618901 -0.4156601 -0.4428701 0.4826888 0.5397372 -0.4074460 -0.4191930 -0.1970271 -0.4133862 0.1263339 -0.3901219 0.5621764 -0.3120379 0.4400856 -0.3917812 -0.1214562 0.3276545 -0.4484835 -0.4023592 -0.0961586 -0.4369656 -0.3447402 -0.1950665 -0.1907030 -0.2296164 -0.0774749 0.2524850 -0.1831670 0.0093432 0.0399782 -0.1037206 -0.1162332 0.0222753 -0.0592925 -0.0912632 -0.2185747 -0.3010736 0.2535162 0.1154385 0.0121715 0.1039956 0.2438586 -0.0351072 -0.0202867 -0.3916323 -0.1346523 0.0886851 0.0849310 -0.2636220 0.0330956 -0.1534543 -0.0101235 0.3491662 0.2304550 0.1485788 0.2258120 0.0816353 0.0898726 0.1695359 -0.3165548 -0.1141818 0.0717011 -0.2291260 0.0967425 -0.1407906 -0.5713651 0.1593331 -0.0938355 -0.5273360 -0.0348532 -0.2186689 -0.1040339 -0.0418946 -0.1920891 -0.3540932 -0.1010262 -0.3037194 -0.4900369 -0.4041497 -0.5547234 -0.1637328 -0.6745468 -0.1963453 -0.4269983 -0.3369734 -0.1330736 -0.4188521 -0.3148243 -0.1449708 -0.6485549 -0.4817804 -0.3915796 -0.2538302 -0.2121248 -0.3045471 -0.1975215 -0.1121622 -0.2827672 -0.3636316 0.0905964 -0.1588544 -0.3651661 -0.0048384 -0.1263330 -0.2767219 -0.1939909 -0.2474395 -0.3726514 -0.3946517 -0.3163614 -0.2502495 -0.3385456 -0.3222288 -0.0709424 0.0508686 0.3352437 0.3859664 -0.0857370 0.1925475 0.1313797 0.0089649 0.0614819 -0.0284431 0.0737476 0.3922648 0.1777936 0.0563428 -0.1409123 0.3473128 0.5502344 -0.3763901 0.1069939 0.3950806 -0.5264928 -0.5668661 -0.3898954 -0.4541153 0.5577771 -0.3363833 -0.4971949 -0.0235285 0.2183620 0.0363346 0.2152698 0.5411170 0.1245351 -0.5220183 0.4116355 0.2113245 0.1994115 -0.3283708 0.1652848 0.2986813 0.5559198 0.0459098 0.3512978 0.6928433 0.7225366
0.4266287 0.2506514 0.7878307 0.1460974 0.0000000 -0.0918697 -0.3701370 0.2588465 -0.0531518 -0.0061732 0.1727990 -0.2040098 0.7356984 0.1528412 -0.0650106 0.4935327 0.1761435 0.3342426 0.0673194 0.4448134 -0.2743918 0.1117943 0.4265585 0.2055041 0.1238208 0.3325176 0.3003206 0.2655075 -0.3777029 0.3812421 0.1242977 0.2985224 0.0506703 -0.2043839 0.4057750 -0.3173575 0.3072648 0.1941023 0.3508763 0.3281427 0.1222079 -0.4552587 0.3799246 0.2252853 -0.3935194 0.1678164 0.1659358 0.1788721 0.1134371 0.2125622 0.1915078 0.2940325 -0.0653280 0.0747862 0.2418869 0.1493500 0.1874637 -0.0351846 0.0224314 0.1436475 -0.2521732 -0.0056852 0.2479369 -0.1139265 -0.1219835 0.0875022 -0.0080048 -0.1130951 0.1111701 -0.0927593 -0.0197847 -0.0120095 -0.1082567 -0.0231965 -0.2342522 -0.0162983 -0.0306304 -0.1104180 0.0440001 -0.1013140 -0.0333032 0.1048153 -0.1069654 -0.1306210 -0.4637476 -0.1959510 -0.3802922 -0.3219965 -0.2807842 -0.3497322 -0.4205712 -0.1348653 -0.0718589 0.2464748 -0.3443325 -0.2148165 -0.3785119 -0.0064948 -0.3890152 -0.2147778 -0.5466719 -0.1047932 0.1566145 0.0795367 -0.5187994 -0.1780017 0.3665273 0.2436497 -0.1454675 0.4132814 -0.5070955 0.2115742 0.0719153 0.2251404 0.2884092 0.1793645 0.2450167 0.3720696 0.2556308 0.2252927 0.1603567 0.0180153 -0.2725536 0.2852995 0.0083248 0.1849654 -0.0822226 -0.3868903 0.1579132 0.1463383 0.0000500 -0.2975644 -0.1729337 0.3418008 -0.2610399 -0.2681468 0.1873339 0.0591067 0.0010563 -0.0473974 -0.4194103 -0.1085860 -0.3769465 0.1450689 0.2511250 -0.3142433 -0.0078214 0.0652966 -0.3706303 -0.1929121 -0.2000481 -0.2599061 -0.0891050 -0.4443198 -0.1575097 -0.1724615 -0.3938824 -0.3310786 -0.2126527 -0.3191262 -0.3571211 -0.3882229 -0.1980654 -0.3510033 -0.3185813 -0.3373163 -0.1706438 -0.3470476 -0.2730281 -0.4747081 -0.3528076 -0.3161482 -0.2039455 -0.2464874 -0.0479969 -0.1455680 -0.0974167 -0.0542730 -0.2548556 -0.2761047 -0.1268919 -0.3154122 -0.2096250 -0.1850543 0.2024810 -0.2281627 0.0377841 0.0407866 0.1359003 -0.1051044 0.1576523 -0.1693547 -0.2332739 0.1385354 0.1355526 0.1719055 -0.0520315 -0.0899181 -0.1074142 0.1255300 -0.2467240 -0.0828768 0.0663150 0.2178805 0.5186510 0.3969775 0.2416236 0.0426193 -0.3670100 -0.0491703 0.1863466 0.2697287 0.5046617 0.4394561 -0.1620476 -0.2463863 -0.0502029 -0.0347796
0.4910241 0.6358564 0.3870556 0.5921572 -0.0918697 0.0000000 0.7450538 0.5736316 0.8375968 0.6381341 0.3978993 0.8748657 0.0511624 0.6840957 0.8281285 0.2028626 0.3927851 0.5834969 -0.1264266 0.3473346 0.7238541 -0.0201077 0.1825341 0.5748628 -0.1766930 -0.1739123 0.0609742 0.4888409 0.7476337 0.1340663 0.0053954 -0.1940277 0.5156843 0.7819076 -0.2769393 0.6383039 -0.2514269 -0.2173803 -0.2986102 -0.0948650 -0.1257379 0.5983188 -0.3782868 -0.2434162 0.5624376 -0.2431192 -0.2178411 -0.1288385 0.1314621 -0.2692020 -0.4024923 -0.3269902 0.5947495 -0.3118155 -0.2315412 -0.2322314 -0.2912212 -0.1395130 0.1036471 -0.4077189 0.6150319 -0.2738671 -0.1353136 0.4483362 0.1981878 -0.2274522 -0.3223295 0.2226702 -0.2196847 0.4023672 -0.2979009 0.5753981 -0.0580576 0.3551639 -0.1794194 0.2037395 0.4165942 -0.2381853 -0.0365863 0.2561695 -0.3748516 -0.3624854 -0.3971283 -0.3842541 -0.1827956 -0.3736503 -0.0731473 -0.0846389 -0.2630073 -0.2258977 -0.1274684 -0.4354830 -0.2235743 -0.3423415 -0.2297806 -0.3635224 -0.3890462 0.0194387 -0.1426372 -0.0766217 -0.1065526 0.0495763 -0.3224310 -0.0236741 -0.2600255 -0.3301958 -0.2124027 -0.2923317 -0.0312279 -0.2897325 0.0020255 0.0888418 0.0860586 -0.1671609 -0.1626522 -0.2739191 -0.2382840 0.0069445 -0.0882845 -0.2435959 -0.2684782 -0.2565945 -0.4074473 -0.0927022 -0.1606980 -0.0893734 -0.3830215 -0.3620531 -0.1846675 -0.0344316 -0.1712960 -0.4511023 -0.4497564 0.1215246 -0.6225233 -0.3336674 -0.1682757 -0.2331345 -0.3026130 0.0604374 -0.3645294 -0.3678074 -0.2969954 -0.0235239 -0.0907226 -0.3532211 -0.5046885 -0.3594392 -0.4729770 -0.3380437 -0.0567243 -0.3016916 -0.5560796 -0.3283672 -0.5892733 -0.2142054 -0.2608923 -0.5074419 -0.5162528 0.2049438 -0.4174359 -0.3205725 -0.0595045 -0.3987363 -0.5416489 -0.3220284 -0.1865337 -0.3749256 -0.4438747 -0.3605695 -0.4103783 -0.4520861 0.3511370 0.4271867 0.5366163 0.6141521 0.6914111 0.3075291 0.5981778 0.3147458 0.3455710 0.5300931 0.4059325 0.4862324 0.2153707 0.2350323 -0.0811967 0.1648060 0.3159929 0.4381100 -0.3175801 0.3771888 0.4204322 -0.2907132 -0.1282743 0.0780234 -0.1018749 0.2651276 -0.4010572 0.0734761 -0.1028315 0.1322395 -0.0951779 0.0119150 0.2000574 -0.0768482 -0.0978100 0.0619720 0.1025462 -0.1107180 -0.2983531 0.3655989 -0.1362034 0.2395153 0.3631888 -0.0157406 0.7258548 0.5852413
0.1362667 0.4288532 0.0942215 0.1053056 -0.3701370 0.7450538 0.0000000 0.1111741 0.5297840 0.3089396 -0.0682908 0.7214317 -0.0761406 0.4616174 0.6727817 -0.1348210 0.2854137 0.0982160 -0.0969828 0.2252287 0.7217948 0.0099002 0.1246644 0.1709656 -0.0734579 -0.1259914 0.2559749 0.2970459 0.7032525 0.2340201 0.0851302 -0.0879213 0.4134761 0.7060275 -0.1444259 0.7418382 -0.2077047 -0.0381561 -0.3215502 -0.0032258 0.1823167 0.6297766 -0.2400840 -0.0918416 0.4438784 -0.0732712 -0.1695492 0.1076918 0.1503601 -0.1995653 -0.3329235 -0.1817989 0.5007352 -0.1556321 -0.1279785 -0.1392939 -0.2553008 -0.0625001 0.0809387 -0.3114619 0.5700289 -0.1924540 -0.0694948 0.3748342 0.0400174 -0.1760565 -0.1764036 0.1774940 -0.2210839 0.3810179 -0.1949142 0.3665646 -0.0327771 0.1961809 -0.0757698 0.2039279 0.2868393 -0.1819443 0.0089406 0.3111724 -0.3395161 -0.2205251 -0.2803096 -0.2654379 -0.0377892 -0.4205669 -0.0947956 0.1185254 -0.3235244 -0.4024096 -0.1197206 -0.4781092 -0.4865213 -0.1995307 -0.3082321 -0.4695332 -0.3153440 -0.3858837 -0.3417424 -0.0386914 -0.2633490 -0.3604546 -0.5227526 0.2094593 -0.1524779 -0.5086612 -0.5533728 -0.5529692 -0.0934485 -0.3962954 -0.0696970 -0.2283110 -0.2914072 -0.4685406 -0.5103625 -0.5719720 -0.5501393 -0.3267934 -0.4514221 -0.2949665 -0.4635992 -0.5175600 -0.4119050 -0.4186035 -0.1160810 0.1695556 -0.5730933 -0.4162207 0.0003130 -0.2622031 -0.2452402 -0.5243690 -0.4543176 0.1643744 -0.4868880 -0.4633819 -0.1611670 -0.1021960 -0.2777584 0.4139322 -0.3957613 0.0163874 -0.4048752 0.0836518 -0.1155350 -0.4465479 -0.4198504 -0.3676415 -0.4687227 -0.0297118 0.2355255 -0.1559730 -0.5782555 -0.2630807 -0.5370033 -0.1871504 -0.3230948 -0.4070619 -0.4451033 0.0837150 -0.4051849 -0.2307998 -0.1925513 -0.3347180 -0.4779470 -0.2566881 -0.0236825 -0.1385786 -0.1457619 -0.1692908 -0.2899996 -0.2625077 0.7584122 0.7461762 0.7481270 0.6393167 0.6134705 0.5776754 0.6629615 0.4453501 0.6801199 0.6511915 0.5609637 0.6188687 0.2377885 0.2853757 0.1567961 0.2748676 0.1697757 0.2400490 -0.2821612 0.4369632 0.3894847 -0.0702158 0.1213598 0.1954276 0.2546638 0.0431069 -0.3319738 0.2941539 0.1305843 0.1573132 -0.2837755 -0.1108285 -0.0576886 -0.1831761 0.1921775 -0.0550842 0.1960175 -0.2371016 -0.1717007 0.2932142 -0.2203246 -0.0624964 0.4107144 -0.1968656 0.4875505 0.3297780
0.4529758 0.4450628 0.3944548 0.9160280 0.2588465 0.5736316 0.1111741 0.0000000 0.3742809 0.8542392 0.8804049 0.3574915 0.2195193 0.6754996 0.1899119 0.4056612 0.7665246 0.5733539 -0.2264156 0.2431455 0.3140207 -0.0269482 0.1799595 0.5680681 -0.3081554 -0.2442790 0.1527430 0.4947355 0.2315415 0.2663539 0.0335928 -0.3286448 0.3879320 0.4305243 -0.2903562 0.0215240 -0.1754245 -0.3644960 0.1129905 -0.0915168 -0.3372189 -0.0448674 -0.2608099 -0.1056234 0.1234296 -0.3191512 -0.2862640 -0.4043917 0.2496285 -0.3361222 -0.2955773 -0.2826487 0.5582409 -0.3377134 -0.3372014 -0.3558192 -0.2295737 0.1121464 0.4049557 -0.2624100 0.4497707 -0.3837013 -0.2743144 0.5623351 0.6174075 -0.3595141 -0.3545415 -0.1026215 -0.3579550 0.2647210 -0.3505933 0.7265561 -0.1897023 0.6581842 -0.3755082 0.0768547 0.4961793 -0.4257016 -0.2235335 0.1483763 -0.4401444 -0.4338484 -0.2723215 -0.2692846 -0.2516606 -0.1513077 0.1714916 -0.1996150 -0.0796775 -0.0154592 -0.2491148 -0.2111668 -0.1087604 -0.1397119 -0.2162727 -0.2994721 -0.3685780 0.1388314 -0.0060445 -0.1263489 0.0115620 0.1651203 -0.1234357 -0.0299196 -0.5279124 -0.2878899 0.0305440 -0.0456137 -0.3446658 -0.0340551 -0.2667856 -0.0663169 0.2460579 0.0885365 0.0327179 0.1251514 -0.0105470 0.0715775 0.0966034 -0.2630164 -0.1270890 0.0454733 -0.0962984 0.0605997 -0.0110886 -0.4224075 0.1504264 -0.0427108 -0.4282347 -0.0336501 -0.2719641 -0.0909413 -0.0487919 -0.0309251 -0.4412879 -0.0412939 -0.2609000 -0.5468870 -0.4289323 -0.3743672 -0.1357080 -0.6632955 -0.2089913 -0.2093493 -0.2716016 -0.0233209 -0.4701910 -0.2922112 -0.1537408 -0.5983857 -0.2920387 -0.3245985 -0.3590770 -0.1267452 -0.3521520 0.0236132 -0.0537576 -0.2338184 -0.3094397 0.2510411 -0.1449561 -0.3946344 0.1941235 -0.0383321 -0.2995928 -0.0677461 0.0102812 -0.2136357 -0.2516371 -0.2185658 -0.1552444 -0.2310027 -0.2012358 0.0039329 0.0929075 0.2526162 0.3936169 -0.0436413 0.2841998 0.1434380 0.0559153 0.1172437 0.0568553 0.1277661 0.4916562 0.4226541 0.1964362 0.1863636 0.5785522 0.5974648 -0.3483203 0.2552551 0.5074138 -0.3867077 -0.3943697 -0.2872075 -0.2234758 0.6444981 -0.3173329 -0.3188719 0.0643714 0.3352008 0.1377392 0.4003502 0.4775881 0.1463309 -0.4295886 0.5086655 0.2328881 0.1178201 -0.2163663 0.3723381 0.2781341 0.6691675 0.1484210 0.2663510 0.5422759 0.5303410
0.5710581 0.5418947 0.3838643 0.5452439 -0.0531518 0.8375968 0.5297840 0.3742809 0.0000000 0.5154934 0.3562846 0.8371576 -0.0319324 0.5285708 0.9113266 0.1044469 0.1631817 0.7625743 -0.0639216 0.3845150 0.4886792 0.0276059 0.0360379 0.7394039 -0.1171255 -0.1734248 -0.0469296 0.5782011 0.5128437 0.1460743 0.0376681 -0.1544691 0.5572217 0.6113304 -0.2383703 0.4502091 -0.1880730 -0.1658726 -0.0095096 0.1961384 -0.1865430 0.4624680 -0.1878753 0.0290391 0.3757396 -0.1661463 -0.0797373 -0.1490804 0.2202999 -0.0658587 -0.2484554 -0.0715066 0.4342158 -0.0308095 -0.1721372 -0.0639772 -0.0961826 -0.0762471 -0.1218452 -0.1924014 0.2285784 -0.0693451 -0.1234998 0.2279459 0.0183034 -0.0870527 -0.2011721 0.2185215 -0.0769825 0.2202686 -0.2053351 0.2791905 -0.0354547 0.0285442 -0.1403066 0.0607354 0.1673535 -0.0687589 -0.0735028 0.0346434 -0.1789190 -0.2551027 -0.3528278 -0.3498537 -0.2994496 -0.2799577 -0.1145044 -0.2834994 -0.2160032 -0.2044830 0.0436555 -0.2428141 -0.0113796 -0.3325894 -0.0829353 -0.1564314 -0.2751456 0.2032192 -0.0503300 0.0421843 -0.0643570 0.2170968 -0.1279929 -0.1587760 -0.0519216 -0.0672579 -0.0494790 -0.0235194 0.1385419 -0.1079691 0.1011380 0.2198415 0.3314586 0.1367420 0.1088000 -0.0148003 0.0385474 0.1526932 0.1646446 -0.1718207 -0.0637011 -0.0450799 -0.5224917 0.1418863 -0.2358722 -0.1200004 -0.2211639 -0.3921075 -0.1134495 0.1985623 0.1212293 -0.3621517 -0.2170048 0.0586055 -0.3909698 -0.2878826 0.0628000 0.0109726 -0.0335312 -0.1201606 -0.3191258 -0.2616670 -0.2526324 -0.0891247 0.1007348 -0.4084244 -0.2056210 -0.1067972 -0.4350395 -0.3109838 -0.3007406 -0.2287226 -0.3138431 -0.3961558 -0.3592251 -0.4147215 -0.3518056 -0.4832746 -0.5362108 -0.0575351 -0.3728708 -0.2910668 -0.2928739 -0.5160247 -0.4480803 -0.4535818 -0.4662850 -0.4901620 -0.6088661 -0.5005694 -0.4798285 -0.5213017 0.1163778 0.2469228 0.3074166 0.6075510 0.6303179 0.1991165 0.4113551 0.1705797 0.0687297 0.2247106 0.1124847 0.1673232 -0.0455848 -0.1521444 -0.3584246 -0.2191698 -0.0075894 0.2301086 -0.3201240 0.1604277 0.1665791 -0.3929825 -0.1957063 0.0696985 -0.3220850 0.1274087 -0.3091119 -0.0441202 -0.2824051 -0.1045707 -0.2497650 -0.2267017 0.1811646 -0.1334973 -0.1493590 -0.0980899 -0.1112178 -0.0676340 -0.4204399 0.1541008 -0.2116758 0.0543856 0.2396597 -0.0297305 0.7048393 0.7173710
0.3824357 0.3618501 0.2626601 0.8810958 -0.0061732 0.6381341 0.3089396 0.8542392 0.5154934 0.0000000 0.8739305 0.5035013 -0.0393780 0.6225336 0.3108035 0.2882907 0.7557787 0.5738591 -0.3482662 0.0853932 0.3982096 -0.1106206 0.1236166 0.5806232 -0.4346819 -0.4017776 0.0095010 0.4942284 0.3977635 0.1590625 -0.0414023 -0.4654119 0.4487162 0.5319437 -0.4457115 0.1005745 -0.3258163 -0.4491035 0.0945367 -0.0530391 -0.4115358 0.0352558 -0.3595111 0.0013134 0.2426152 -0.4417530 -0.4432159 -0.5101264 0.3078321 -0.3947410 -0.4205885 -0.3128581 0.5833625 -0.1887821 -0.4688926 -0.4316831 -0.3417912 0.2902913 0.2431772 -0.2895223 0.3869898 -0.3083842 -0.4309634 0.5996591 0.4977719 -0.4433716 -0.3302291 0.0688123 -0.4430671 0.4202551 -0.4046438 0.6140175 -0.0729871 0.5276683 -0.3175047 0.1213365 0.4952448 -0.3944398 -0.2890923 0.1332567 -0.4716205 -0.2684512 -0.1500687 -0.2521667 -0.2301748 -0.1519457 0.2430267 -0.1928893 -0.0552127 -0.0287675 -0.0360786 -0.0175481 -0.0306317 -0.1281814 -0.1322470 -0.1374650 -0.0969345 0.1294992 0.0135751 -0.0199377 0.1151931 0.0703370 -0.1744422 -0.0071728 -0.2449218 -0.1974176 -0.1836393 -0.0541036 -0.2572879 -0.0725794 -0.1584405 -0.2275575 0.2052019 0.0214550 -0.0902562 0.0290212 -0.1430679 -0.1439290 -0.0684187 -0.4265417 -0.2310415 -0.0447129 -0.1235391 -0.0389147 -0.1026486 -0.5207664 0.0332525 0.0011883 -0.4223324 -0.0223827 -0.1216583 -0.0351208 0.0091894 -0.1191443 -0.2440558 -0.0654401 -0.1497924 -0.3529792 -0.2342700 -0.3539612 -0.0628170 -0.4853893 -0.1650783 -0.2974435 -0.2073519 -0.0855552 -0.2619237 -0.1584020 -0.0797328 -0.4677743 -0.2442133 -0.2236140 -0.1917451 -0.0610090 -0.2214101 -0.1343532 -0.0193567 -0.1115650 -0.2312275 0.1973372 0.0081930 -0.2179033 0.0161559 -0.0728117 -0.1134496 -0.0843384 -0.0529368 -0.1140638 -0.1646516 -0.1177092 -0.0552891 -0.1096767 -0.1505960 0.0744822 0.1478741 0.3527600 0.4009634 -0.0118312 0.3197714 0.1996367 0.0978474 0.1365650 0.0091670 0.1364086 0.3458718 0.3022017 0.1063363 0.0360284 0.3517445 0.5516535 -0.5028053 0.2833702 0.4900336 -0.6191423 -0.5486674 -0.4709381 -0.3686607 0.6489947 -0.2970552 -0.4536115 0.0362157 0.2800692 -0.1444160 0.0575626 0.2765440 -0.0992935 -0.4928647 0.3916625 0.2393005 0.2128112 -0.3560464 0.2361366 0.1795482 0.4471974 0.1214029 0.3955354 0.7186592 0.7302167
0.4146997 0.2853325 0.2665296 0.9274337 0.1727990 0.3978993 -0.0682908 0.8804049 0.3562846 0.8739305 0.0000000 0.2320437 -0.0301465 0.4944070 0.1001128 0.3850363 0.7165177 0.6455138 -0.3060958 -0.0080717 0.0828913 -0.1904342 0.0638140 0.6603656 -0.4164759 -0.3665782 0.0144500 0.5221600 0.0997522 0.1843112 -0.1442105 -0.4358136 0.4398960 0.3554958 -0.3820920 -0.2009365 -0.2273694 -0.4636829 0.3065708 0.0110618 -0.5099723 -0.2305755 -0.2530268 0.0800360 -0.0345477 -0.3933109 -0.3510828 -0.5750356 0.4125325 -0.3670762 -0.3324676 -0.2872799 0.5203888 -0.2661089 -0.4789721 -0.4109236 -0.2419397 0.2758889 0.2724752 -0.2342615 0.1939221 -0.4003935 -0.4876849 0.5191130 0.5763553 -0.4039244 -0.3807015 -0.2060959 -0.4277113 0.1422810 -0.3966942 0.5509701 -0.2681712 0.4882714 -0.3695446 -0.0947983 0.4013302 -0.4276840 -0.3887873 -0.0458656 -0.3913108 -0.1364365 0.0133306 -0.0979317 -0.2024032 0.0436522 0.3204844 -0.2019406 0.0408798 0.0834653 0.0344255 0.1157775 0.1856355 0.0512064 -0.0105352 -0.0198149 -0.1028690 0.3502077 0.1154945 0.0590665 0.2497803 0.3214464 0.1246734 -0.1041106 -0.2555464 0.0205261 0.1210140 0.2237572 -0.2389936 0.0833632 -0.0783543 -0.0363397 0.4056513 0.2844086 0.1669445 0.2836092 0.1303361 0.0681198 0.1816219 -0.3570564 -0.1028113 0.1554692 -0.0450378 0.1629776 -0.1421115 -0.6705885 0.2045278 0.0594023 -0.5975486 0.0485340 -0.1724371 0.0383870 0.0894088 -0.2666982 -0.1850574 0.0745603 -0.2339202 -0.4061806 -0.2694875 -0.5702211 0.0042355 -0.6286126 -0.0938653 -0.4259338 -0.3086219 0.0105429 -0.2270387 -0.1531934 -0.0266118 -0.5850033 -0.4660348 -0.3306249 -0.0100499 -0.1183644 -0.1045334 -0.1571313 -0.0061991 -0.0987482 -0.2051854 0.1342453 0.0271926 -0.2550391 0.0209456 -0.0898170 -0.0660454 -0.1330133 -0.2025089 -0.2270178 -0.2570462 -0.2518099 -0.1218584 -0.1875546 -0.4011961 -0.1641486 -0.1299227 0.1773316 0.2110692 -0.1833105 0.0670464 0.0739219 -0.1045314 -0.0643688 -0.1475614 -0.0500119 0.3522193 0.2158436 0.0693478 -0.0547019 0.4301472 0.5931329 -0.4325752 0.1147913 0.3798446 -0.5827283 -0.6713803 -0.5203134 -0.4448069 0.6598645 -0.2562497 -0.5625761 -0.0970102 0.1617197 -0.0739055 0.1749803 0.3604532 -0.0174928 -0.6357732 0.3202214 0.0726521 0.2672746 -0.4036896 0.2086209 0.2094614 0.4606251 0.0238449 0.3593905 0.5436292 0.6154174
0.5101570 0.5827802 0.3511475 0.4424164 -0.2040098 0.8748657 0.7214317 0.3574915 0.8371576 0.5035013 0.2320437 0.0000000 -0.0466639 0.7055934 0.8941577 -0.0325312 0.2301816 0.5544264 -0.1498549 0.2389170 0.8140063 -0.0689068 0.0747815 0.5153645 -0.1687148 -0.1920635 0.0233427 0.5039421 0.7091699 0.1530554 -0.0862636 -0.1784862 0.3989978 0.6848284 -0.1934175 0.6614059 -0.2523630 -0.1738432 -0.1908485 0.0671872 -0.1340865 0.5241801 -0.2598025 -0.1330515 0.4705285 -0.2012323 -0.1292693 -0.1226210 0.0796584 -0.1539465 -0.2300307 -0.1571292 0.5356806 -0.0860963 -0.2193521 -0.1594227 -0.2463526 0.0333090 -0.0004384 -0.2397935 0.4776004 -0.0087184 -0.2292630 0.4821435 0.2467994 -0.2082486 -0.2158441 0.3568800 -0.2026734 0.5021544 -0.2807964 0.4761522 0.0411704 0.2927067 -0.0668768 0.3244229 0.4537914 -0.1835032 0.0280746 0.3315342 -0.3371725 -0.2788806 -0.4298314 -0.3795741 -0.1933716 -0.4409004 -0.2551456 -0.0951664 -0.3273135 -0.2167224 -0.2608381 -0.4405095 -0.1978950 -0.3447776 -0.3042178 -0.3283936 -0.3374540 0.0414091 -0.2076735 -0.1318319 -0.1962875 0.0363273 -0.3248180 0.0055020 -0.1740669 -0.2924079 -0.1407311 -0.2972340 -0.1003529 -0.1202451 -0.0217548 0.1463816 -0.0689277 -0.0805138 -0.0687061 -0.2366226 -0.2340487 -0.0375910 -0.1866263 -0.2639384 -0.3124390 -0.4096452 -0.5395472 -0.2156688 -0.3515049 -0.0264211 -0.4106194 -0.4630069 -0.1262529 -0.0158463 -0.0619363 -0.4195969 -0.3119618 -0.1008506 -0.4322710 -0.4902665 -0.0235791 -0.0668820 -0.1383339 0.0155863 -0.4367951 -0.2609693 -0.3762096 -0.1387014 -0.0566607 -0.4836129 -0.3432909 -0.2511918 -0.4661642 -0.3068004 -0.1507890 -0.3149800 -0.5129219 -0.3763589 -0.5111109 -0.4444720 -0.3698229 -0.5034345 -0.5784409 0.0156296 -0.4271944 -0.3540041 -0.3513445 -0.3937506 -0.4901359 -0.4502259 -0.3648508 -0.4535340 -0.5649870 -0.3522424 -0.4406266 -0.4971850 0.3890579 0.3492413 0.5839219 0.7669047 0.8359651 0.4659719 0.7410174 0.3512271 0.3525289 0.3336414 0.2002347 0.2467818 0.0513481 0.2454412 -0.1442071 0.0567834 0.1232941 0.3745171 -0.2457555 0.5214626 0.4582386 -0.1019413 -0.0081331 0.2701920 -0.0321590 0.2461616 -0.3792616 0.1308267 -0.2585177 -0.0435700 -0.1804582 -0.0304810 0.1254456 -0.2003095 -0.0428088 -0.0284929 -0.0178750 -0.2150198 -0.4145864 0.3048267 -0.1878586 0.2108191 0.5229833 -0.2095982 0.7389366 0.6946355
0.1394307 0.0727716 0.6202286 -0.0005947 0.7356984 0.0511624 -0.0761406 0.2195193 -0.0319324 -0.0393780 -0.0301465 -0.0466639 0.0000000 0.1279188 0.0451235 0.6299058 0.1906741 0.0379339 0.5063678 0.5481342 -0.1352493 0.6042844 0.7009537 -0.1639632 0.5516864 0.6934380 0.5730947 -0.0926202 -0.3047882 0.2234203 0.5918652 0.6635651 -0.2841445 -0.2876645 0.7167699 -0.0787890 0.6602835 0.6663472 0.1624732 0.1088679 0.6530683 -0.1270543 0.6164069 -0.0657601 -0.1764550 0.6062456 0.5501909 0.6551497 -0.3150791 0.5927955 0.5470811 0.5182307 -0.2622500 0.2320471 0.6945219 0.5851524 0.5357713 -0.2159094 0.1606963 0.4801746 -0.0560834 0.3675803 0.6725143 -0.2350322 -0.2296030 0.5030059 0.4635160 0.2249024 0.5339226 0.0581982 0.4296057 -0.0013993 0.3469890 0.0099102 0.1367084 0.2813154 -0.0440179 0.3026495 0.4396141 0.1428826 0.3055538 -0.0703933 -0.0838148 0.0084605 -0.2252002 -0.0427211 -0.1859111 -0.1138961 -0.1825754 -0.2766907 -0.3064039 -0.0768739 -0.0339347 0.1961866 -0.3333661 -0.2032425 -0.2157107 -0.0283200 -0.4365014 -0.1183500 -0.5667331 -0.0069641 0.2353803 0.2561492 -0.3564830 -0.3408749 0.3709965 0.2176958 -0.0470628 0.3612211 -0.5310331 0.2502928 0.0257578 0.1918636 0.2233060 0.1713492 0.2409518 0.3476758 0.2277459 0.3556105 0.2220005 0.1140607 -0.1095043 0.2170420 0.2249752 0.4658804 -0.0302927 -0.2152458 0.4439167 0.0774517 0.0466035 -0.1505327 -0.2367980 0.3579385 -0.2151302 -0.1832763 0.1953092 0.0682148 -0.0339613 0.1510084 -0.3153866 0.0557495 -0.2788618 0.2632145 0.2347700 -0.1870459 -0.0606841 0.0234802 -0.3247008 -0.0312401 -0.0017536 -0.0545448 -0.2242031 -0.2496001 -0.0585269 0.0973307 -0.3346384 -0.2326309 -0.0834692 -0.2321305 -0.2367797 -0.3527383 -0.0164982 -0.2321821 -0.2397382 -0.1346113 0.1175987 -0.0571243 0.0365490 -0.2078717 -0.1603427 -0.0801555 0.0477523 0.0146313 0.0180729 -0.0156199 0.0846723 0.1059529 -0.0632361 -0.2657433 -0.0364456 -0.2273876 -0.0298015 -0.1191637 0.2303414 0.0141001 0.2807742 0.2217541 0.0806234 -0.3543613 0.3108221 -0.1372953 -0.2483028 0.3752761 0.4403783 0.4015690 0.0805421 -0.1979856 0.2415015 0.3032654 -0.0628806 -0.1739665 -0.0713654 0.1093286 0.4100634 0.5492530 0.3302815 0.0572844 -0.3084378 -0.2939213 0.2313930 0.2894766 0.3079994 0.3401395 -0.1554671 -0.4142546 -0.2864400 -0.2611385
0.6849298 0.7264878 0.5826161 0.6645211 0.1528412 0.6840957 0.4616174 0.6754996 0.5285708 0.6225336 0.4944070 0.7055934 0.1279188 0.0000000 0.5820083 0.0154804 0.6578432 0.6342473 -0.2756031 0.2479045 0.6609357 -0.1140526 0.1396947 0.5944974 -0.3006498 -0.2216139 0.2473670 0.7370867 0.3555715 0.4744064 -0.0936406 -0.2374952 0.4713016 0.5623762 -0.2114947 0.4077365 -0.2185084 -0.3280588 0.0803733 0.2495882 -0.2191257 0.0678782 -0.2107444 0.0965925 0.0796358 -0.2749209 -0.2237090 -0.2793038 0.3474835 -0.3484204 -0.2859961 -0.1438795 0.7045639 -0.0898230 -0.3374131 -0.3209541 -0.2665585 0.3527592 0.1748356 -0.2819651 0.5067674 -0.2289524 -0.2970680 0.7278536 0.5408288 -0.3683317 -0.3977035 0.0767892 -0.3995661 0.5311406 -0.4296008 0.7297787 -0.1732611 0.6315628 -0.2852452 0.2920728 0.5869107 -0.4418267 -0.0168453 0.3823829 -0.4392951 -0.3394250 -0.4214913 -0.3762791 -0.2498717 -0.4608651 -0.2312026 -0.0771783 -0.2780666 -0.2155748 -0.5269703 -0.6007568 -0.4219367 -0.1986626 -0.3540534 -0.5019536 -0.5900093 -0.1475436 -0.1902880 -0.2331960 -0.3022788 -0.1560545 -0.4248040 0.0086604 -0.5435080 -0.3657614 -0.1226930 -0.4313640 -0.2618297 -0.1033381 -0.1859852 -0.0830983 -0.2606090 -0.2054023 -0.1976378 -0.2976659 -0.3181566 -0.0893156 -0.2672727 -0.2697781 -0.3009278 -0.4222858 -0.4382410 -0.1737647 -0.2058063 -0.0374157 -0.2113707 -0.4457316 -0.1843612 0.0005099 -0.1476771 -0.4201980 -0.1303371 0.0757197 -0.4767917 -0.4612369 -0.0316376 -0.1993747 -0.2375483 0.0634353 -0.4491654 -0.3016857 -0.3825158 -0.0621459 -0.0892980 -0.3898585 -0.3876959 -0.2212180 -0.3497097 -0.3315403 -0.0267192 -0.3084604 -0.5311967 -0.3622749 -0.5271021 -0.2416466 -0.2129257 -0.4369863 -0.4745448 0.1983838 -0.4392727 -0.3689990 -0.1866790 -0.1216886 -0.5357765 -0.2972964 -0.1878457 -0.4042837 -0.4352766 -0.3217701 -0.3860747 -0.4557027 0.2511268 0.2792692 0.6839531 0.6463489 0.7637525 0.4844498 0.6816630 0.4327326 0.4022258 0.2488364 0.1158176 0.1950922 0.3142069 0.4176554 -0.0205221 0.2566887 0.4607087 0.5721624 -0.2406312 0.5666158 0.6506090 -0.0221864 0.0175052 0.2388318 0.1985659 0.5640289 -0.3342550 0.1619429 0.1110818 0.4148678 0.2417111 0.5325338 0.4423595 0.1041406 0.1206497 0.4031531 0.2474284 0.1849795 -0.0494090 0.5751128 0.3334250 0.6653012 0.5332779 -0.0406846 0.7211682 0.6879691
0.5131832 0.5567583 0.4539647 0.3033963 -0.0650106 0.8281285 0.6727817 0.1899119 0.9113266 0.3108035 0.1001128 0.8941577 0.0451235 0.5820083 0.0000000 0.0507153 0.0901358 0.6281949 0.0081319 0.2979148 0.6281245 -0.0008535 0.1770246 0.5647415 -0.0172222 -0.0009346 0.1116516 0.5282133 0.5664018 0.1794686 -0.0252737 0.0294376 0.4661036 0.6207020 -0.0548681 0.6656717 -0.0615227 -0.0105437 -0.1628584 0.2232824 0.0234968 0.5485587 -0.1256450 -0.0043683 0.3614469 -0.0144703 0.0480450 0.0766440 0.1643918 -0.0102224 -0.1658411 -0.0243105 0.4448293 0.0180601 -0.0365763 0.0336927 -0.0580575 -0.0276297 -0.1744652 -0.1761498 0.3306406 0.0119252 0.0008895 0.2882842 -0.0422013 0.0017715 -0.1568079 0.3144432 0.0028762 0.3697237 -0.1726576 0.3140557 0.0331296 0.0763638 -0.0086655 0.2568556 0.2735805 -0.0178245 0.1618963 0.2442633 -0.1137478 -0.1724883 -0.3485671 -0.3406954 -0.2197944 -0.3663022 -0.2991929 -0.1357660 -0.3125680 -0.2990391 -0.0879433 -0.3953120 -0.1291268 -0.2887770 -0.1520893 -0.2121098 -0.3499167 0.0787656 -0.1949427 -0.0092128 -0.2136845 0.1008930 -0.1908883 -0.1117945 -0.0443002 -0.1020835 -0.0732589 -0.1877320 0.2149886 -0.1687412 0.1508972 0.2818796 0.0544124 -0.0407882 -0.0316460 -0.2555633 -0.1116758 0.1121843 -0.0231841 -0.0927812 -0.1319607 -0.2571639 -0.5629828 0.0460987 -0.2232015 0.1613470 -0.4333559 -0.5250522 0.0521555 0.2059832 0.1367007 -0.4945998 -0.3198243 0.1432098 -0.4337575 -0.4291669 0.1525021 0.1894081 0.0374169 0.1948686 -0.4315432 -0.0650808 -0.3077342 0.0671503 0.1761279 -0.5138646 -0.1849363 -0.0957234 -0.5309636 -0.1314454 -0.0833022 -0.2287277 -0.3890614 -0.4634312 -0.4300452 -0.4353686 -0.3988938 -0.5391976 -0.5455462 -0.0014123 -0.4735798 -0.2723751 -0.3804379 -0.5552761 -0.5242957 -0.5088358 -0.4347199 -0.4906667 -0.5933271 -0.5024413 -0.5336156 -0.5551460 0.4005060 0.3766026 0.5428732 0.6705045 0.7213572 0.4389997 0.5684869 0.2556286 0.2408699 0.3200080 0.2172172 0.2446515 -0.0835925 -0.0355410 -0.3693386 0.0042184 0.0543216 0.2046597 -0.1746839 0.3342204 0.2071205 -0.0825324 0.1046206 0.3887631 0.0022727 0.0611940 -0.2518834 0.3119256 -0.3049612 -0.1085311 -0.2148938 -0.1461869 0.0554116 -0.1741340 0.1578343 -0.2559065 -0.2141320 -0.1296239 -0.2976033 0.3258741 -0.2760211 -0.0102221 0.4291885 -0.3017662 0.6057794 0.5757236
0.1450638 0.0873938 0.4607260 0.3033491 0.4935327 0.2028626 -0.1348210 0.4056612 0.1044469 0.2882907 0.3850363 -0.0325312 0.6299058 0.0154804 0.0507153 0.0000000 0.3505048 0.1866440 0.5388547 0.1996325 -0.2377509 0.4276968 0.7957934 -0.0045765 0.4775014 0.6090755 0.2932668 -0.1625372 -0.0423679 -0.0639126 0.3388503 0.5374044 -0.2580441 -0.1755841 0.5087416 -0.1609515 0.6070063 0.4523044 0.0009705 -0.2010997 0.3168702 0.0681143 0.3018662 -0.2675468 0.1320839 0.4399242 0.4487537 0.3665329 -0.2784872 0.4466168 0.3690594 0.1268165 -0.2176348 -0.0244948 0.4733943 0.4221567 0.4604046 -0.1512685 0.3295189 0.3270077 -0.0019174 0.1289812 0.3949363 -0.1886558 -0.2122868 0.4692079 0.3447255 0.1429120 0.4624061 0.0414929 0.3955108 -0.0085428 0.3112334 -0.0510672 0.3578883 0.1978183 0.0324537 0.3398300 0.3031169 -0.0941139 0.2778914 0.0840875 0.3452712 0.2974345 0.1103908 0.4175453 0.2595661 0.1217258 0.2637882 0.1723511 0.1734449 0.3629190 0.3555582 0.4170350 0.2017888 0.2205376 0.0834737 0.2773416 0.0631895 0.3005371 0.0232166 0.3119603 0.5207682 0.2228480 -0.0477475 0.1232744 0.4468554 0.5204176 0.1122078 0.1752166 -0.1226075 0.3375666 0.3028773 0.2898749 0.2808025 0.2791832 0.2831586 0.2841380 0.2748666 0.1850778 0.2010773 0.2679806 0.1405311 0.3473172 0.1445883 0.0407338 0.0688384 0.1146506 0.1060820 0.1111201 0.0688547 0.1071308 -0.2070778 0.0601709 -0.0407219 0.1831398 0.0479848 0.0565708 -0.0329037 -0.1540984 0.1001793 -0.0714316 0.0755631 -0.0077534 0.0734561 0.1235002 0.0395138 0.0499271 0.0109198 -0.0615611 -0.1505360 -0.0535762 0.1874662 0.0299106 0.2021492 0.0991022 -0.0571847 0.0665326 0.1306940 -0.0714314 0.1818599 -0.0901257 0.1071347 -0.1834943 0.1522112 0.0300547 0.1184354 0.0701664 0.0873926 -0.1003079 0.0959589 0.1305114 -0.2650306 -0.2811240 -0.2265597 -0.1621931 -0.1264239 -0.3167835 -0.2811259 -0.2930632 -0.2323116 -0.0946720 0.0912867 0.0326315 0.3219704 -0.1065629 0.2458579 0.0064838 0.0907841 -0.1688228 0.1619708 -0.3110489 -0.3700932 -0.0503232 -0.0305409 -0.0876767 -0.3414151 -0.1208763 0.2073670 -0.0919063 -0.2806400 -0.3645695 -0.2072243 -0.0972692 0.1438052 0.2582182 -0.1187694 -0.0803613 -0.3690387 -0.1362196 0.0478844 0.0515312 0.1159314 0.1080579 -0.3716331 -0.0566129 -0.1034687 -0.0933412
0.3447192 0.4146376 0.3569521 0.7223583 0.1761435 0.3927851 0.2854137 0.7665246 0.1631817 0.7557787 0.7165177 0.2301816 0.1906741 0.6578432 0.0901358 0.3505048 0.0000000 0.3530307 -0.0905093 0.0977463 0.2162990 0.0735791 0.3694497 0.3527567 -0.1378400 -0.0818152 0.4923197 0.4893850 0.0876375 0.5371555 0.1709579 -0.1176630 0.3070448 0.3005092 -0.0759993 -0.0309075 0.0218201 -0.1786286 0.3064300 0.1502713 -0.0672908 -0.1791754 -0.0094235 0.1670416 -0.1212989 -0.0868547 -0.1596308 -0.2247308 0.3522875 -0.2129533 -0.1637843 -0.0717394 0.4986599 -0.1013500 -0.2204770 -0.2202170 -0.0844738 0.3817946 0.4350632 -0.0763605 0.2951532 -0.3330093 -0.2488561 0.5535175 0.4587272 -0.2753996 -0.2078202 -0.1941178 -0.3452808 0.2989750 -0.2407774 0.5687128 -0.2008677 0.5133131 -0.2376067 0.0972330 0.4211095 -0.3796529 -0.1626364 0.1067713 -0.3556007 -0.2127276 -0.0153604 -0.0660195 -0.1252145 -0.0676990 0.2597165 0.0189746 -0.0180266 -0.1427180 -0.2030902 -0.1107328 -0.2564599 0.2319076 -0.1714968 -0.3049988 -0.3013008 -0.1685788 -0.1264184 0.0071223 -0.1502247 -0.2023133 -0.1699879 0.2181131 -0.4571552 -0.3144383 -0.1643426 -0.1404953 -0.3429698 -0.0703742 -0.3600818 -0.3232844 -0.0884982 -0.1098285 -0.2206746 -0.0916023 -0.2386862 -0.1975803 -0.2104041 -0.2863076 -0.2431994 -0.1583142 -0.0941098 -0.0975572 0.0320190 -0.2201387 0.0578998 -0.0859564 -0.2765145 -0.1453988 -0.2461327 -0.1287915 -0.0099930 -0.0126627 -0.2538246 -0.1638370 -0.1973963 -0.3377878 -0.3666668 -0.1494419 -0.1729251 -0.3288458 -0.3049393 -0.2131808 -0.3026332 -0.1517318 -0.3195619 -0.2606400 -0.1072841 -0.3799000 -0.1334340 -0.2761372 -0.2775765 -0.1176611 -0.2345054 -0.0480036 -0.1222367 -0.1481304 -0.2144852 0.0843916 -0.1062079 -0.3443056 -0.0645262 -0.0016598 -0.2009602 -0.0603939 0.0819705 -0.0673212 -0.0097089 -0.1402065 -0.0661336 -0.0788264 -0.0039069 0.1627004 0.2962031 0.2700847 0.2865525 0.1377542 0.2336129 0.2023226 0.2900051 0.1078933 0.0970192 0.1698089 0.6103187 0.3449929 0.4203597 0.1541924 0.4642677 0.4537029 -0.2500540 0.2205700 0.4169781 -0.2087333 -0.2240490 -0.2151500 -0.0150243 0.5239788 -0.1611989 -0.1825547 0.2877033 0.3381739 -0.0524883 0.3334422 0.4285447 0.2250002 -0.1584613 0.4483863 0.3046581 0.1900961 -0.0428130 0.3614218 0.4544434 0.5616204 0.0933979 0.1573158 0.4249353 0.4391851
