0.0000000 -0.0417018 0.6143572 0.3225885 0.2806293 -0.0339163 -0.3687444 0.2879387 -0.5455850 -0.2873157 0.4315683 -0.1800182 0.5553173 -0.1792806 -0.3720683 0.3968608 0.3701320 0.2737330 0.0274421 0.5194675 0.2768111 0.1098150 0.2345118 0.3529663 -0.1095571 0.0186869 0.6354754 0.0313986 0.4691588 0.1241568 0.5110419 0.1674768 0.4088773 0.5709411 0.0802198 0.3917317 0.0394873 0.0341451 -0.0937390 -0.1587792 0.3482554 0.5908020 0.2216643 0.0274898 0.6825410 0.1254695 0.0601693 0.2395329 0.6447769 0.0894803 0.0281840 0.0755166 0.7344010 0.2467885 0.3062835 0.2591766 0.0511000 0.4180861 0.0433658 0.1246379 0.3272710 0.3377551 0.7344830 0.4773014 0.6606683 0.2695954 0.2827388 0.4814189 0.6454184 0.4180483 0.5287609 0.4001409 0.5132008 0.3629827 0.7492907 0.3767546 0.3375718 0.6806791 0.5667988 0.2379297 0.5487835 0.0799128 -0.4610557 -0.0440089 0.0620463 -0.1082649 -0.2528486 -0.1711416 -0.4963718 -0.5033849 -0.1448184 0.0740330 -0.6232827 0.1700869 0.0009602 -0.0184163 -0.4917171 -0.0404911 -0.1055182 0.2734034 -0.3793616 -0.0856408 -0.6243610 0.6121284 -0.2234030 0.1162329 -0.3100648 -0.3235758 -0.3992552 -0.1704259 -0.2003774 -0.7139495 0.1347341 0.1027552 0.1420946 -0.0971227 -0.1132942 0.0042052 -0.2870650 -0.4013629 -0.3981699 -0.3776626 -0.5048375 -0.0390065 -0.6287844 -0.2506885 0.3871208 -0.5082624 -0.4391055 0.0196465 -0.4897367 -0.3402256 0.1746722 0.1281091 0.1230834 -0.3884601 -0.3635302 -0.5037690 -0.4929079 -0.1378509 0.3317376 -0.4053892 0.4181007 -0.3781979 -0.3353974 -0.1807612 -0.6191097 -0.5938424 0.5647343 -0.3629368 -0.4357219 -0.2034665 -0.4152558 0.3618893 -0.1157454 -0.5270490 -0.1326581 -0.3135999 0.3195857 -0.5043761 -0.0150607 -0.3168818 -0.6209618 -0.6207484 -0.2018220 -0.0600843 0.4292841 0.5989169 0.2371084 -0.2573218 0.3607871 0.4192516 -0.5158230 -0.4452531 -0.6453890 0.0635019 0.2492971 0.0295504 0.0542044 -0.2515459 -0.1774618 -0.0135439 -0.2185420 -0.4491065 -0.0927428 0.4011744 -0.1977382 0.2414231 0.3215290 -0.0009023 -0.2847720 -0.1408751 0.2012695 -0.3912931 -0.3184210 -0.3268996 0.2909845 0.2512313 -0.0680173 -0.1874004 0.1408223 -0.4077193 -0.7146814 -0.3204109 0.4212871 0.0744451 -0.2473947 0.1655983 0.3642865 -0.6430583 -0.4448126 0.1813941 0.4828148 -0.0358957 0.0981819 0.5856351 -0.1161116 -0.2204597
-0.0417018 0.0000000 0.1270682 -0.0957298 0.0285666 0.5145149 0.3823040 -0.0847047 0.0415578 0.5255352 -0.0596922 0.4977129 -0.1586250 -0.2358220 0.1185241 -0.1139576 -0.0260189 -0.0680725 -0.0631264 -0.0924622 0.4260824 -0.0588511 -0.1489253 0.3255417 0.0635822 -0.3135813 0.1086833 -0.1155954 0.2604429 -0.1375299 0.2131883 -0.0947023 0.3014195 0.3238789 -0.2846406 0.7341228 -0.2862359 0.0425534 -0.1941821 -0.1884655 0.2952339 0.4777259 -0.0683404 0.0703886 0.2595617 -0.1335642 -0.2607190 0.1821091 0.2322013 -0.5823025 -0.1643616 -0.1513718 0.4412133 -0.0897748 0.1629851 -0.3268486 -0.2632184 -0.2143251 0.0441132 -0.2448076 0.3431679 -0.1197460 -0.1018389 -0.1337535 0.2702069 -0.3993316 -0.1690077 -0.0747925 -0.2351087 -0.1951806 -0.2664010 0.3241805 -0.0782601 0.2448250 -0.1180912 -0.1673716 0.2687138 -0.1652590 -0.1848850 0.0864630 -0.1371408 0.0293136 -0.2530680 -0.0599970 0.0815904 -0.3391889 -0.0107819 0.4560562 -0.3426940 -0.0910711 0.0680419 0.1795147 0.2102819 0.3212247 -0.4555581 -0.2790436 0.1426807 0.0430744 0.0978243 0.2222934 0.3132150 0.2038400 0.0491693 -0.2103479 0.1044161 0.0766200 -0.0618698 -0.0319461 -0.1161764 0.1989493 -0.0990838 -0.0294793 -0.2305099 0.0231846 0.1614274 -0.1610547 0.0619951 0.3169030 0.0757439 0.4347728 0.0719794 0.0615444 -0.1497528 0.4155327 0.2169523 0.0742194 0.0615812 0.2427302 0.0008385 0.0474612 -0.1844350 -0.2184317 0.2461118 0.2725365 0.1977410 0.0632765 -0.0451094 0.0615698 -0.1406482 0.2465563 0.3415286 0.2993282 0.0376808 -0.0464656 -0.0443397 -0.0249793 0.0028373 0.0151550 -0.0483711 0.3803903 0.0082468 0.2456671 0.2761174 0.0885309 0.6522120 0.3133616 0.1557891 0.2413108 -0.0215961 0.1738874 0.7842380 0.4965416 0.3876688 0.2393391 0.4082562 0.1445117 0.2758415 0.0396872 -0.0221588 0.4546711 0.1298398 -0.1713363 0.1276742 0.2673899 0.4645502 0.6218016 0.5920157 0.0216843 0.3675223 0.4744976 0.0731208 0.4772652 0.3902326 0.2294900 -0.3903512 -0.1030117 -0.4680039 -0.0795506 0.2865749 0.3517121 0.4262795 0.2861055 -0.0473198 0.2925631 0.3508913 0.1978705 0.2949966 -0.1010471 -0.1268934 0.2271384 -0.2096842 0.3563325 -0.1707892 -0.1624445 -0.0734750 -0.3787333 0.2274993 -0.5193519 0.1853779 0.2998010 0.4108996 0.5285379 -0.1560351 -0.1017266 -0.0378421 -0.3398705 0.1600100 -0.2598661
0.6143572 0.1270682 0.0000000 0.6802601 0.6343277 -0.3400250 -0.6897386 0.5536921 -0.6309501 -0.1164713 0.5629315 -0.3402512 0.7266647 -0.2102156 -0.5031844 0.5100219 0.3658900 -0.0231409 0.1849384 0.5979239 0.2630393 0.1702203 0.3764162 0.1463173 0.0749770 0.1805631 0.4516941 0.1358297 0.1831491 -0.1506145 0.6316748 0.4169942 0.3559578 0.2827822 0.2249176 0.2867828 0.1336992 0.3466120 0.0159777 -0.0599600 0.6376261 0.4350898 0.3298047 0.1878148 0.4429470 0.2286565 0.1582319 0.5867960 0.5704632 0.2236768 0.1163727 0.2153226 0.4587175 0.4828887 0.4775997 0.3269417 0.1481420 0.6100018 0.3502614 0.1965952 0.5469567 0.4023348 0.5934060 0.4513110 0.6951635 0.2691776 0.2966687 0.6548952 0.5587828 0.5801673 0.5219811 0.7031535 0.6669408 0.6732736 0.6415192 0.5934145 0.7417895 0.7296329 0.6322646 0.5399178 0.7047175 0.2218580 -0.4534185 0.1408499 0.3219967 -0.2548454 -0.0646554 -0.0817845 -0.5073009 -0.5487954 -0.0419073 -0.0091770 -0.4287191 0.5934152 -0.0351847 -0.4571816 -0.3732810 0.2944394 -0.4088973 0.4333825 -0.5449363 0.1805500 -0.4609881 0.6344460 -0.4881607 -0.3645431 -0.1239611 -0.3770669 -0.5430927 0.0486505 -0.5428095 -0.6258345 -0.2327856 -0.0625439 0.2075577 -0.1693046 -0.0494256 0.3416770 -0.2607455 -0.3961706 -0.5329814 -0.1856705 -0.5748366 -0.0940411 -0.6432082 -0.6126330 0.2518530 -0.4398068 -0.6734527 -0.1619661 -0.8356701 0.0323624 -0.2132968 -0.2939955 -0.0867029 -0.6866568 -0.6611678 -0.7414776 -0.8077779 -0.3677532 0.1821679 -0.4536899 0.5805966 -0.7573760 -0.5850485 -0.6068945 -0.8022834 -0.7257220 0.1606423 -0.4604434 -0.5319254 -0.5867252 -0.5903038 -0.0292747 -0.2371225 -0.7286281 -0.2468751 -0.4691542 0.2332314 -0.4983255 0.0406820 -0.4912069 -0.4730707 -0.7067852 -0.4374334 -0.1445065 -0.1024189 0.4673129 0.1322628 -0.3630021 0.3315811 0.2564009 -0.5710572 -0.8169823 -0.6090947 -0.0805521 0.1516419 0.0448435 0.2483375 0.1510297 0.4149754 0.3628712 0.3088039 0.0052622 0.1893863 0.4959867 0.0400156 0.6381339 0.6414307 0.3297761 -0.3450530 0.2066190 -0.0228095 -0.3417953 -0.5376645 -0.6342625 -0.2000070 -0.1872498 0.0785651 -0.5347325 0.2832938 -0.0544799 -0.4385904 -0.6755566 0.5421745 0.0716011 -0.5191898 0.2938878 0.5506537 -0.3738959 -0.1356345 -0.2494749 0.5987068 -0.0959010 -0.2200417 0.7287118 -0.1488375 -0.3502461
0.3225885 -0.0957298 0.6802601 0.0000000 0.3003480 -0.2621425 -0.6983353 0.8971508 -0.4211994 0.0385547 0.8149340 -0.2082493 0.8296762 0.2752681 -0.2554514 0.8046436 0.5402963 0.2274440 0.6107497 0.5037302 0.2699000 0.5133302 0.7944943 0.1399417 0.5258938 0.7600436 0.2306477 0.5180851 0.0211550 -0.0034685 0.5131871 0.7736025 0.4543153 0.0962374 0.7548813 -0.0266226 0.6601112 0.5602808 0.6179485 0.4773710 0.5102303 -0.0227225 0.7622582 0.4853973 0.0721595 0.5915044 0.6470287 0.5147631 0.4522913 0.4490854 0.6287816 0.6614133 0.1182371 0.7803591 0.3044366 0.5414569 0.6431266 0.8617139 0.2011212 0.6778622 0.2854288 0.7914615 0.3922517 0.7093269 0.3075678 0.6973449 0.7571862 0.8714059 0.5102087 0.8892792 0.8162576 0.7447465 0.8746788 0.5979164 0.6132188 0.6306998 0.7898598 0.7187827 0.5273406 0.3887436 0.7015403 0.0410807 -0.2614816 -0.0747776 0.1210770 -0.2709739 -0.2125623 -0.6447596 0.0051864 -0.4623470 0.0173808 -0.0295749 -0.0351109 0.1744900 0.2623366 -0.2126745 -0.0944114 0.3996210 -0.3660078 0.0400236 -0.5345667 0.0000972 -0.5277799 0.3210376 -0.2970639 -0.4437297 -0.0058628 -0.1401219 -0.1939183 0.2535349 -0.3487325 -0.1351943 0.1086659 0.0325982 0.2198883 0.1798702 0.2268357 0.4598742 0.1046485 -0.1107691 -0.1005888 0.1911262 -0.0313233 -0.1934423 -0.2556260 -0.2521393 0.2333170 -0.0570725 -0.2805401 0.1120886 -0.3992002 0.3239874 0.0064755 -0.0992464 -0.0611453 -0.4849490 -0.1609459 -0.3202004 -0.3380887 -0.1040580 -0.0058813 -0.0960326 0.3234234 -0.3626107 -0.1213523 -0.3409892 -0.3334464 -0.1756594 -0.1419031 -0.2886807 -0.2428662 -0.3972992 -0.1529712 -0.0044364 -0.3093414 -0.5930398 -0.6147598 -0.0063166 -0.0229731 -0.1290748 0.0675535 -0.3077009 -0.2749090 -0.4260157 -0.2539254 0.0243723 -0.0493286 0.0817572 -0.1814854 -0.3097202 0.2102555 -0.0628262 -0.1532687 -0.6662870 -0.4060149 -0.3153831 -0.2671426 -0.1416192 0.2184135 0.1057908 0.4781873 0.1322571 0.2288594 0.3548091 0.5774532 0.3141726 0.3220698 0.5128953 0.5564355 0.2779724 -0.0941348 0.3514990 -0.0808273 -0.2186249 -0.2012652 -0.2542340 -0.2491344 -0.3100247 0.1325889 -0.2071068 0.6505743 0.0454598 0.1579277 -0.1207942 0.1129231 0.2565642 -0.0950067 0.4730254 0.3463646 -0.0767169 0.0460115 -0.5022462 0.3349388 -0.0108889 -0.0214543 0.4525264 0.1252074 0.1329462
0.2806293 0.0285666 0.6343277 0.3003480 0.0000000 -0.4630683 -0.2387739 0.3276905 -0.1566746 -0.2070112 0.1735729 -0.2836995 0.5191493 0.0941852 -0.2589657 0.2710506 0.3005701 -0.2330580 0.1718364 0.3082877 0.0228885 0.2507889 0.1955043 -0.0487990 0.0532172 0.1432094 0.3030288 0.0788780 -0.0545941 0.0621905 0.3863821 0.2916781 -0.0001767 -0.0173680 0.0041635 0.0141048 0.0951779 0.4273614 -0.1605303 0.0448594 0.5129451 0.3000923 0.0285455 0.1639833 0.3228662 0.2281967 0.1444244 0.6791080 0.1488957 0.3174844 -0.0299175 0.0186469 0.0582374 0.2405680 0.4241505 0.3542950 0.1336401 0.2098573 0.5599541 0.0019419 0.6661359 0.0843213 0.6150826 -0.2156156 0.1081093 0.1414233 0.0415130 0.2660223 0.5603273 0.1541692 0.1571660 0.2096483 0.1952624 0.4477841 0.3228712 0.3204905 0.5658094 0.2125092 0.2974352 0.6758986 0.3717632 -0.0089699 -0.3816156 0.0164248 0.1669437 -0.1683089 0.1666849 0.0613748 -0.4033390 -0.0327239 -0.0907654 -0.0946173 -0.3908977 0.6537416 0.0202183 -0.4043728 -0.3932781 -0.3460095 -0.3913745 0.1855774 -0.5476203 -0.2293252 -0.0923494 0.3929344 -0.6092055 -0.4775130 -0.1037904 -0.4326820 -0.2637090 -0.0457654 -0.5087272 -0.2459853 -0.3995482 -0.2670024 -0.2156683 -0.3716641 -0.2690202 -0.0540583 -0.4166016 -0.3116166 -0.5631985 -0.2655480 -0.4904569 -0.2654220 -0.5636396 -0.4243322 -0.1913478 -0.2631041 -0.4270032 -0.6182008 -0.7869150 -0.1813824 -0.7216704 -0.3486852 -0.5088773 -0.5510342 -0.6219231 -0.5029628 -0.6480866 -0.1999946 -0.2087508 -0.4047945 0.3383946 -0.4002826 -0.4613536 -0.5404586 -0.6810514 -0.5700450 -0.0923056 -0.3956462 -0.4090729 -0.4442173 -0.5975431 -0.3493648 -0.4082851 -0.3252772 -0.2254591 -0.4516134 0.0733642 -0.1314436 -0.3370200 -0.4274040 -0.3143558 -0.1347415 -0.6344226 -0.1942916 -0.1816206 0.1817194 -0.2145266 -0.5571274 -0.1084750 -0.2662069 -0.3458393 -0.5359509 -0.1514167 -0.0023718 0.1422638 0.6812782 0.2077870 0.1630862 0.4759465 0.3225990 0.5492706 0.1048123 0.4674406 0.5215793 0.4127396 0.7487610 0.5811858 0.6140483 -0.0977156 0.5846891 0.4485451 0.1412646 -0.2231197 -0.2820595 0.0676859 0.1502322 0.2247744 -0.3033106 0.2816593 0.0547617 -0.2224050 -0.3559264 0.7662801 0.0133316 -0.4264135 0.5307519 0.2328061 -0.3102479 -0.2007755 0.0805668 0.7729403 -0.2061642 -0.2382977 0.6632978 -0.1198475 -0.1048655
-0.0339163 0.5145149 -0.3400250 -0.2621425 -0.4630683 0.0000000 0.5924935 -0.3127599 0.3212961 0.4767869 -0.2460756 0.6662855 -0.3970630 0.0044121 0.5996143 -0.1993693 -0.0551728 0.3696052 -0.2641040 -0.1196778 0.2638797 -0.0478074 -0.2574699 0.6106989 -0.1607910 -0.3844999 0.0996120 -0.1117375 0.5327982 -0.0160931 -0.0307960 -0.2649460 0.4462610 0.5707384 -0.2828319 0.3196794 -0.2232288 -0.4724427 -0.1291763 -0.1662622 -0.5069179 -0.0443572 -0.1146731 -0.2956714 -0.2392204 -0.3668388 -0.2884911 -0.5409279 0.1260406 -0.8741756 -0.1539825 -0.1613902 0.2555459 -0.1277815 -0.3960610 -0.6319402 -0.2504197 -0.2958904 -0.2956624 -0.2180786 -0.4198530 -0.0906177 -0.3352887 -0.1066885 0.1164959 -0.3681508 -0.1031421 -0.1436796 -0.4726002 -0.3481774 -0.1128070 -0.2246932 -0.0800320 -0.2645347 -0.2958700 -0.1901703 -0.1674417 -0.0750083 -0.0299725 -0.0636709 -0.0335209 0.0105634 0.2191717 0.2342162 -0.1369280 0.2505122 -0.2359599 0.2021169 0.1734441 0.3379794 -0.2088232 0.0699798 0.3936993 -0.1626466 -0.4253822 0.0030279 0.2281329 0.2570803 0.2879390 -0.1339522 0.6291662 0.3469270 0.2850071 -0.4608432 0.2308728 0.2458779 0.4665953 0.6363111 0.0836451 0.5182872 0.0806286 0.3103072 0.4240214 0.6516155 0.5402885 0.5330568 0.6059822 0.4120547 0.6461741 0.5094845 0.5683252 0.5081240 0.0665815 0.4502906 0.4978688 0.2556090 0.5400093 0.2354569 0.0912934 0.4704633 0.2888939 -0.2421601 0.6072773 0.3800769 0.5394820 0.3316889 0.1808248 0.1630275 0.1357820 0.2998436 0.2131768 0.3256348 -0.3785632 0.0732774 0.0731243 0.1642357 0.1850487 0.1351413 0.2292257 0.4787484 0.1139832 0.2675091 0.3255897 0.0984918 0.4880414 0.2992229 0.0203446 0.1791816 0.0453656 0.1145121 0.5514327 0.6522409 0.1730585 0.2285108 0.5727906 -0.1117218 0.5363299 0.0078386 0.1907934 0.6412420 -0.0684090 -0.0202051 0.3360733 0.5580900 0.3052338 0.3067588 0.4206639 -0.2638207 0.2403566 0.0242550 -0.3313259 -0.0370366 -0.2487454 -0.1650796 -0.3785592 -0.3048286 -0.4401521 -0.4537204 -0.3602701 -0.1946965 0.2578738 -0.0485038 -0.0532776 -0.0309788 0.2705351 0.2348056 0.2612456 0.0708379 0.1102167 0.2951054 -0.1720131 0.0674848 -0.1104739 0.2904163 -0.3684495 -0.1318848 0.2931181 -0.5422584 -0.0740549 0.1653193 0.2562176 0.4508260 -0.5647584 -0.0015673 0.3484105 -0.4248011 -0.0090335 -0.2160297
-0.3687444 0.3823040 -0.6897386 -0.6983353 -0.2387739 0.5924935 0.0000000 -0.5769398 0.7288813 0.1540698 -0.6308768 0.6746611 -0.6323069 0.1099579 0.6965822 -0.5504294 -0.3656959 0.0872379 -0.3469898 -0.4866578 0.1329731 -0.1020162 -0.5091035 0.2428626 -0.2728053 -0.4434770 -0.1943647 -0.1759343 0.2397912 0.0979473 -0.3317750 -0.5176466 -0.0911409 0.1288723 -0.5000913 0.1727156 -0.3361671 -0.3795825 -0.3202415 0.0262937 -0.4300454 0.0392828 -0.4698097 -0.2365645 -0.0959385 -0.4124839 -0.3885779 -0.3908048 -0.3227512 -0.6287864 -0.3326792 -0.3783458 -0.1480547 -0.5040696 -0.3105905 -0.5284270 -0.3678762 -0.6428669 -0.0290518 -0.4292977 -0.1826334 -0.4365555 -0.3268763 -0.5573739 -0.3535713 -0.4687098 -0.3995367 -0.5767003 -0.4672661 -0.7039104 -0.4837689 -0.6345587 -0.5906149 -0.4084869 -0.5202352 -0.4236043 -0.5123349 -0.5645231 -0.3601101 -0.1310122 -0.4362743 -0.2530837 0.1445565 0.0101423 -0.2659635 0.3101351 0.2028401 0.3240167 0.3170245 0.6340976 -0.0038524 0.0217314 0.2720469 -0.1652826 -0.1368061 0.2846205 0.1492970 -0.3775049 0.5276827 -0.3649586 0.6310709 -0.0768888 0.3395852 -0.6180381 0.3005014 0.4058563 0.1938000 0.2949525 0.3102484 0.0807457 0.3338918 0.4787492 0.2057869 0.2501407 0.0235812 0.1349935 0.1261603 -0.2399040 0.1930588 0.4536501 0.3331951 0.1301571 0.2371611 0.1191346 0.4361882 0.4186278 -0.1865290 0.4406131 0.3715440 -0.1509713 0.3774681 -0.2458073 0.0323764 0.2742698 0.0997127 0.4787047 0.2401139 0.4422944 0.3878383 0.3614489 -0.1982543 0.3232349 -0.5829122 0.5080457 0.1938310 0.3484544 0.4456019 0.3606730 -0.0821042 0.4813932 0.2087755 0.4427961 0.3873662 -0.1189924 0.4463453 0.6903104 0.1408109 0.2317864 -0.2058760 0.3531336 0.1428246 0.5666247 0.2805134 0.6881186 0.5072417 -0.1647388 0.2817042 -0.2499220 -0.1737019 0.4228063 -0.4300355 -0.3193807 0.3118926 0.7666480 0.6990136 0.5403623 0.5033653 0.2985607 0.0898240 0.0013550 -0.3750985 -0.1937461 -0.0721761 -0.2147240 -0.2189572 -0.2587184 -0.1026729 -0.3066906 -0.4924552 -0.1104238 0.5445844 0.0479623 0.3554009 0.4626357 0.5370561 0.5581178 0.4839804 0.4658587 0.1155551 0.4761700 -0.3566828 0.2785888 0.1546379 0.5422978 -0.1985958 -0.1165971 0.4021212 -0.3708260 -0.3643845 0.3605338 0.1895444 0.7269220 -0.3354423 0.0775940 0.3098613 -0.5476405 0.0346989 0.0761119
0.2879387 -0.0847047 0.5536921 0.8971508 0.3276905 -0.3127599 -0.5769398 0.0000000 -0.4364850 0.1448358 0.9082285 -0.2540205 0.9225830 0.3857227 -0.3164974 0.9126876 0.6347241 0.2819804 0.8711867 0.5240209 0.2617093 0.7497246 0.8972943 0.0247266 0.7834291 0.8526662 0.2886784 0.5973996 -0.1053947 0.1558030 0.6475248 0.8778192 0.3186954 -0.0739593 0.8382719 -0.0010974 0.7757031 0.7848564 0.7155691 0.5505338 0.6624114 0.0560239 0.8809776 0.6270457 0.2201594 0.7716091 0.7820201 0.6593851 0.2696712 0.4933993 0.7813186 0.7808324 0.0972830 0.8823893 0.3733928 0.6623670 0.7973887 0.8104652 0.1210303 0.8213707 0.4138539 0.8931727 0.3886213 0.5623810 0.0502053 0.8005468 0.8933587 0.8591993 0.4855544 0.9022062 0.7807736 0.7748978 0.8523227 0.4656992 0.5726869 0.4659198 0.7521551 0.5688399 0.2969950 0.1806869 0.4467590 0.0168914 -0.2901860 -0.3675557 -0.0818034 -0.4130952 -0.2681019 -0.6446976 -0.0243359 -0.5519438 0.0802729 0.1852182 0.0352844 0.0770092 0.3824873 -0.0653245 0.1325441 0.1541907 -0.2669911 0.0370328 -0.5517737 -0.1929432 -0.5691510 0.2398891 -0.1161717 -0.3562977 -0.1334661 -0.2490217 -0.0280465 0.1807814 -0.2751281 -0.0876157 -0.0393579 -0.1565408 0.0648344 0.0358240 0.1217162 0.4157061 0.0746491 0.0739911 -0.0214005 0.1041685 0.2081167 -0.2588584 -0.1473738 -0.0210846 0.0350291 0.1946265 -0.0558575 0.0820470 -0.2581626 0.2651714 0.0113790 0.1297372 -0.1468531 -0.2648315 0.0314695 -0.0835913 -0.1487676 0.0473316 0.1189927 0.0625839 0.2382892 -0.1472879 0.1176737 -0.1623471 -0.1375450 0.0028078 -0.2377339 -0.1731679 -0.0834348 -0.1559015 0.0681872 0.2165746 -0.1657994 -0.5140738 -0.6617043 0.2426566 -0.2055337 0.0339597 0.1108773 -0.1383879 -0.2452677 -0.3040899 -0.0940024 0.1347913 0.0297128 -0.0300351 -0.4853610 -0.2780055 0.1822198 -0.2701311 -0.0717993 -0.6753880 -0.2926129 -0.1626021 -0.3056984 0.0330510 0.1513755 0.1450037 0.4946112 0.0854989 0.2837944 0.4195558 0.5602447 0.0834088 0.2244829 0.3437902 0.5635445 0.3879891 0.0677779 0.3836148 -0.1728814 -0.0382099 0.0746590 -0.0048147 -0.1233169 -0.4128730 -0.1342731 0.0186736 0.7540996 0.0596406 0.2666623 0.0299978 0.1328399 -0.0338712 0.1293349 0.4686170 0.4186027 -0.1434602 0.1584005 -0.3497581 0.3931922 -0.1567253 -0.1881444 0.4328594 0.0464250 0.1295374
-0.5455850 0.0415578 -0.6309501 -0.4211994 -0.1566746 0.3212961 0.7288813 -0.4364850 0.0000000 0.0360199 -0.5920760 0.7165786 -0.5456869 0.4279923 0.8564810 -0.5152912 -0.4146740 0.2727886 -0.2875871 -0.4383149 0.2352822 0.0126408 -0.3406459 0.3152050 -0.2596872 -0.1631929 -0.3345481 0.1980031 0.2993766 0.3072631 -0.4794159 -0.3885168 -0.0021559 0.0965437 -0.3044336 -0.1313286 -0.2255252 -0.3468144 -0.3040320 0.3474943 -0.5311106 -0.2117274 -0.4724628 -0.2432609 -0.3943545 -0.3426709 -0.2839892 -0.3940169 -0.3442377 -0.3220602 -0.2921048 -0.3858228 -0.4666678 -0.4778610 -0.3285702 -0.4057291 -0.2790732 -0.4821890 0.0841169 -0.3637676 -0.2750034 -0.3415836 -0.3717545 -0.4512374 -0.4042042 -0.2858225 -0.4128186 -0.4664340 -0.3490744 -0.5173768 -0.3696118 -0.7168133 -0.5354201 -0.3030550 -0.5369349 -0.0082755 -0.4175736 -0.5118249 -0.0877423 0.1050806 -0.2557526 -0.2942573 0.3281041 0.2591701 0.2087320 0.3671725 0.1194333 0.0981776 0.5847406 0.7848462 -0.2867234 -0.5135148 0.3786066 -0.1684898 -0.0998538 0.0158225 0.0919186 -0.1500849 0.2936573 -0.3899090 0.4511779 -0.2432361 0.4380336 -0.5245503 -0.0582590 0.1207029 0.4043079 0.4993308 0.3051996 0.0946318 0.1574752 0.5298033 0.4395404 0.3462360 -0.0072791 0.3540171 0.2105010 -0.2567692 0.2293461 0.1241336 0.3158802 0.3486265 0.3026903 -0.0511292 0.3015929 0.1653742 -0.1402051 0.3756525 0.1635825 -0.2497437 0.3381189 0.2696235 -0.2094824 0.0385593 0.0308260 0.4126721 0.1314356 0.2311317 0.2851079 -0.0838775 -0.4763205 -0.0142150 -0.8273277 0.3718963 0.0497712 0.2704317 0.3270384 0.2531543 -0.4272783 0.1197281 -0.0706468 0.1583682 0.1047583 -0.3739668 0.1526261 0.5329323 -0.1235133 -0.0299363 -0.5235434 0.2597014 -0.2842663 0.1634601 0.3505212 0.6712664 0.1884073 -0.3646283 -0.0238535 -0.6476431 -0.3079312 0.3973113 -0.8210031 -0.5423531 0.1571116 0.5720671 0.5831176 0.2547998 0.3214723 0.3489626 0.2690436 0.1151178 -0.0255020 -0.1581440 -0.0227413 -0.1318536 0.0896538 -0.1353557 0.3123515 -0.0190425 -0.5246563 -0.2570318 0.3060135 0.1868126 0.4332840 0.3295410 0.2258262 0.2883805 0.0392241 0.4107751 0.4237136 0.1539700 -0.2614225 0.2631432 0.4801861 0.6901817 -0.1492718 0.2856754 0.2266171 0.1583624 -0.5777878 0.4340916 0.2036076 0.2747606 -0.1066130 0.3789971 0.6264751 -0.3799579 -0.0669235 0.1184404
-0.2873157 0.5255352 -0.1164713 0.0385547 -0.2070112 0.4767869 0.1540698 0.1448358 0.0360199 0.0000000 0.2797695 0.1749493 -0.0323397 0.3793278 0.1075671 0.2925688 0.4882857 0.2489487 0.3522133 -0.3079018 0.0309390 0.1366301 0.3405524 0.3355359 0.4491368 0.1002483 0.3918336 0.3777151 0.0676077 0.3675799 -0.0368464 0.4080120 0.4622354 0.1918175 0.2203059 0.0714565 0.2880802 0.3473427 0.2966262 0.0688763 0.0995483 -0.2302489 0.3842746 0.3659027 -0.2357976 0.3727602 0.3091287 0.1697496 0.1113975 -0.3930908 0.3879169 0.3894669 0.1635975 0.3883916 0.2741938 0.0131723 0.3386305 -0.1019783 -0.5689121 0.3107005 -0.0315880 0.2427669 -0.2508524 -0.1645715 -0.2255591 0.1029159 0.2210000 0.1571313 -0.2777195 0.0526318 -0.0501937 0.2327925 0.1302058 0.0045839 -0.1731880 -0.3129816 0.1298718 -0.2497398 -0.3988154 -0.2557874 -0.2620488 -0.1753948 -0.0655705 -0.1856746 -0.0932409 -0.5031041 -0.6664540 0.0917962 -0.1802258 -0.1584390 -0.3357074 0.1522696 0.6907165 -0.0917382 -0.6062832 -0.3291743 0.5331764 0.2121074 -0.3747719 0.0427401 0.0531016 0.0733708 0.2897971 -0.5749559 0.1660992 -0.3689158 0.2209778 0.3889333 0.4108172 0.5277135 -0.2499223 0.3372540 -0.0494327 0.0157952 0.0776824 0.2375874 0.2882013 0.5274586 0.5568220 0.7663496 0.6516991 0.5241103 0.2118809 0.4415074 0.5955425 0.3777141 0.1119163 0.3006210 0.3426691 0.5234798 0.2714464 -0.0037245 0.3813526 0.5431499 0.0300064 0.4775372 0.4331124 0.3352698 0.2560245 0.1443396 0.3459278 0.5102897 -0.1082900 -0.0748037 0.3987298 0.3288352 0.2724453 0.3148771 -0.1305151 0.3675601 0.0205154 0.1927283 0.3712105 0.2791823 0.2589536 0.1151096 -0.1203393 0.4725573 -0.2304305 0.0826232 0.5134394 0.5894569 0.5198454 0.1450122 0.2156155 0.3283916 0.4909028 -0.2226467 -0.0651200 0.6822321 0.1857022 -0.3140378 0.5658748 0.1702173 0.4770346 0.4626200 0.0498082 -0.1198327 -0.0170751 0.1443270 0.0361601 0.1564391 0.0556083 0.5262752 -0.2470679 -0.2796989 -0.4554130 -0.3017573 0.0626405 0.0309767 0.2160322 0.1033652 -0.4587523 -0.0579036 0.3401771 0.2126591 0.0435235 -0.5165502 -0.2897307 0.3478400 -0.0869906 -0.1436940 0.0996213 -0.0148362 -0.4055603 -0.6047929 0.4795933 -0.4557905 -0.1224443 -0.0434548 0.2409283 0.0500055 -0.4364061 -0.5005701 -0.0911151 -0.4552453 -0.0558032 -0.2745943
0.4315683 -0.0596922 0.5629315 0.8149340 0.1735729 -0.2460756 -0.6308768 0.9082285 -0.5920760 0.2797695 0.0000000 -0.3283096 0.8592309 0.3135855 -0.4378481 0.9651759 0.7582280 0.2935402 0.7831240 0.3889889 0.1923154 0.5332186 0.9330066 0.1374179 0.6825275 0.7735264 0.5137431 0.6206909 -0.0086039 0.2414055 0.5352852 0.8758791 0.4951235 0.1096339 0.8707165 0.0495471 0.7843914 0.7332574 0.7145999 0.4380144 0.6594895 0.0618485 0.9421136 0.7352941 0.2620615 0.8154747 0.8060659 0.6112441 0.5105439 0.4245069 0.8445004 0.8466387 0.2799793 0.9052187 0.4874094 0.6687890 0.8026307 0.8226970 -0.1943538 0.8867408 0.2967004 0.9306994 0.3929091 0.6687793 0.1853961 0.8028257 0.8947900 0.9137593 0.4619059 0.9477630 0.7591389 0.8081395 0.8916336 0.5547436 0.6171796 0.3863934 0.6783609 0.5537784 0.2575444 0.0485623 0.4247229 -0.1461094 -0.4898655 -0.3847073 -0.1115830 -0.5863830 -0.5299235 -0.6336760 -0.2584741 -0.7659521 -0.0617737 0.1980212 -0.0580833 -0.0345708 0.1386663 -0.1039162 0.0366909 0.1729295 -0.4216772 0.0272796 -0.6669576 -0.2131549 -0.6646273 0.1692018 -0.0754357 -0.3995820 -0.2784194 -0.2884841 -0.0518069 0.1128114 -0.3828549 -0.2637824 -0.0488141 -0.2192164 -0.0074179 0.0177370 0.0320068 0.3786399 0.0490112 0.0985107 -0.0087849 0.0361733 0.0861913 -0.1963314 -0.2031839 -0.0061574 0.0711724 -0.0165204 -0.0506013 0.2123088 -0.2321181 0.2021523 0.1452716 0.2171418 -0.1875059 -0.2151931 0.0910482 -0.1086566 -0.1106199 -0.0493304 0.2137830 0.0347757 0.3617920 -0.2713171 0.1368977 -0.0733546 -0.1781872 -0.0399363 -0.0909696 -0.2673705 -0.2193934 -0.2216626 0.0160859 0.3495887 -0.1781494 -0.6236710 -0.6004177 0.2488898 -0.1126794 -0.2312307 0.1722088 -0.1619616 -0.2823381 -0.5070252 -0.1212435 0.1955959 0.2750027 0.0920905 -0.2415064 -0.1522129 0.4178604 -0.0079759 -0.0446890 -0.6169554 -0.3179937 0.0013559 -0.2495196 -0.0540723 0.0145860 -0.0342335 0.2689062 -0.0340703 0.0293128 0.3176960 0.2661549 0.1635067 -0.0807556 0.2535961 0.5684107 0.2152869 0.0334384 0.1709061 -0.2875438 -0.1930090 -0.0368775 -0.1044007 -0.0869518 -0.4188512 -0.2054168 -0.0056067 0.4813067 -0.2405621 0.0349359 -0.1458734 -0.0542775 -0.1072098 0.1174218 0.2414103 0.2837496 -0.3689188 -0.0469121 -0.3904627 0.2441563 -0.2394811 -0.1595399 0.3107440 0.0658254 0.0404425
-0.1800182 0.4977129 -0.3402512 -0.2082493 -0.2836995 0.6662855 0.6746611 -0.2540205 0.7165786 0.1749493 -0.3283096 0.0000000 -0.3842941 0.1140192 0.7709804 -0.3451844 -0.3879049 0.4290931 -0.2569513 -0.0962931 0.7136651 0.0806346 -0.2671168 0.6477111 -0.1986184 -0.2149939 -0.2056430 0.1884339 0.6363409 0.0808259 -0.0373410 -0.3572458 0.3749884 0.4810398 -0.2522543 0.5030810 -0.3093028 -0.4144034 -0.3047317 0.2766622 -0.3325271 0.2186810 -0.2718233 -0.1816683 -0.1209187 -0.4219622 -0.3621001 -0.4067073 0.0678083 -0.6222204 -0.2440957 -0.3553137 -0.0439615 -0.3306701 -0.4032360 -0.6206860 -0.3680985 -0.1945348 0.1091853 -0.3198718 -0.1947204 -0.0880041 -0.3815948 -0.0442483 0.1091378 -0.3928219 -0.2416819 -0.1597078 -0.4280102 -0.2670757 -0.2172333 -0.2748775 -0.1946913 -0.0136093 -0.3949953 0.2214726 -0.0596836 -0.2223100 0.1566739 0.2104425 -0.0392847 -0.1331316 0.1325038 0.3194423 0.3016697 0.1998505 0.0106815 0.1609794 0.3396482 0.4603978 -0.2618454 -0.4094123 0.2398217 -0.0177427 -0.2154831 -0.1161980 0.0426657 0.0819751 0.4354973 -0.1757378 0.5435983 -0.0745905 0.0864214 -0.3458727 -0.0456003 0.2852048 0.2903942 0.4186941 -0.1116225 0.2000627 0.0217270 0.1918114 0.4747295 0.5360358 0.3197984 0.3945619 0.4147184 0.1203048 0.3227150 0.1682954 0.2628897 0.3748211 0.1565504 0.1390982 0.2012708 0.0013302 0.2345620 0.3669226 -0.1004294 -0.0680728 0.1155658 0.2223852 0.1822372 0.1685116 0.4016196 0.2212932 -0.0216828 0.0317812 0.0297390 -0.0183099 -0.1147832 -0.0236682 -0.6892080 0.1929816 -0.1364209 0.0792004 0.1643201 0.0783814 -0.3256834 0.1556517 -0.1231413 0.1945273 0.2191803 -0.1587423 0.6159810 0.3998361 -0.1685914 0.0326968 -0.4277522 0.1795140 0.2980439 0.3052115 0.2511748 0.4506252 0.5625699 -0.3798814 0.2012297 -0.4604200 -0.2517972 0.5749592 -0.5745478 -0.3564386 -0.0421138 0.5252505 0.4325659 0.4381194 0.6643091 0.1496772 0.6635578 0.4071156 0.0512421 0.0901706 0.0511219 -0.2241517 -0.2144501 -0.2153610 -0.1244899 -0.1122724 -0.2751289 -0.1252506 0.5127686 0.2556690 0.2757490 0.3465543 0.2215158 0.1949279 0.0689177 0.2888872 0.3779171 0.0788008 -0.2325924 0.4307324 0.2819573 0.5699022 -0.2486697 0.2455116 0.1853855 -0.0652618 -0.2191330 0.5060570 0.4714366 0.4052636 -0.1298999 0.5587787 0.7214864 -0.3731427 -0.0030983 -0.0776333
0.5553173 -0.1586250 0.7266647 0.8296762 0.5191493 -0.3970630 -0.6323069 0.9225830 -0.5456869 -0.0323397 0.8592309 -0.3842941 0.0000000 0.2822587 -0.4258217 0.8700228 0.6518359 0.2911249 0.7314895 0.6320066 0.2378781 0.6889841 0.7937946 0.0606007 0.5906754 0.6782827 0.4840173 0.4887970 0.0166078 0.1987534 0.7275754 0.7898938 0.2987529 0.0521184 0.6649861 0.0339763 0.6362737 0.7142897 0.4979235 0.3715879 0.7046739 0.2425096 0.7434332 0.4774666 0.4411131 0.6811554 0.6466763 0.7111429 0.3402041 0.4887211 0.6000679 0.6432909 0.2844207 0.8173143 0.4913422 0.6924010 0.6692725 0.7658868 0.1960376 0.6795426 0.5452102 0.7991119 0.6465442 0.5070515 0.2136867 0.7694173 0.7897187 0.8386532 0.6848616 0.8397173 0.8216494 0.7296382 0.8475407 0.4619576 0.7498950 0.5110506 0.7097122 0.7152555 0.4515816 0.2611244 0.5599088 0.0942689 -0.3673620 -0.3008151 -0.0351607 -0.3221467 -0.2443829 -0.5366545 -0.1903215 -0.5872866 0.0195327 0.1882706 -0.1883852 0.2091652 0.3540975 -0.0821821 -0.0462211 0.0845077 -0.2919703 0.1796821 -0.6241706 -0.1649657 -0.6135167 0.4591609 -0.2224785 -0.2984993 -0.1605343 -0.3317270 -0.1218775 0.0864164 -0.3145357 -0.3136806 -0.0577446 -0.1352449 0.0845799 -0.0478800 0.0166582 0.3122473 -0.0884801 -0.1217967 -0.2090084 -0.0794863 -0.0326579 -0.2740856 -0.3818152 -0.1488099 0.0934885 -0.0254008 -0.2311632 -0.0190624 -0.4422840 0.0984481 -0.0842124 0.0879381 -0.1570377 -0.3625092 -0.1814038 -0.2964913 -0.3592796 -0.0727974 0.1819936 -0.1451564 0.3502878 -0.3149961 -0.0726267 -0.2328016 -0.3918279 -0.2811181 0.0052720 -0.2968370 -0.2620303 -0.2602420 -0.1932139 0.2616273 -0.2766450 -0.6563283 -0.5815393 -0.0094563 -0.0711510 -0.1806618 -0.0565770 -0.2867567 -0.4653895 -0.4929831 -0.2624404 0.0416469 0.0684610 0.2079828 -0.3507307 -0.3887830 0.2214230 -0.1140748 -0.3029674 -0.8333435 -0.5148115 -0.1348766 -0.1835476 0.1266844 0.0857943 0.0105259 0.3991201 0.0768186 0.2194471 0.1826185 0.5178270 0.2370637 0.2211243 0.4530205 0.5519287 0.3341049 -0.1536989 0.2613182 -0.0585471 -0.2113429 -0.1071563 -0.1800175 -0.0358104 -0.2662643 -0.1527662 -0.1063470 0.7073388 -0.0947481 -0.0427072 -0.1549550 0.4239457 -0.0531803 -0.0452916 0.5243764 0.5174682 -0.4083031 -0.0627968 -0.2358979 0.6084078 -0.2265260 -0.2248520 0.6934476 -0.1295101 -0.0474972
-0.1792806 -0.2358220 -0.2102156 0.2752681 0.0941852 0.0044121 0.1099579 0.3857227 0.4279923 0.3793278 0.3135855 0.1140192 0.2822587 0.0000000 0.3266381 0.4353947 0.5704634 0.5498017 0.5209445 -0.2770280 0.0465498 0.4915204 0.6038010 0.3219308 0.4504121 0.6012792 0.3377093 0.7835902 0.0835980 0.7731422 -0.1813586 0.6058232 0.3418588 0.0591505 0.4961015 -0.4439097 0.6747686 0.4915431 0.4583127 0.7170998 0.0191978 -0.4050863 0.4362592 0.4417475 -0.2245505 0.6167472 0.6509250 0.2906090 -0.0516444 0.2204753 0.5430448 0.5184830 -0.2512643 0.4566423 0.3090120 0.4884157 0.6772610 0.1438369 -0.1948034 0.5159189 0.0636960 0.4334969 0.2052723 -0.0685867 -0.5499340 0.6552506 0.4526300 0.3070429 0.3049076 0.2629427 0.3905856 -0.1037784 0.2276404 -0.0310612 0.1673216 0.0682922 0.0464009 -0.0382176 -0.0365400 0.0257144 0.0602381 -0.4160536 -0.0075410 -0.2190904 -0.0815222 -0.1509757 -0.5165153 -0.5033993 0.3268206 0.1890328 -0.4525769 -0.2476457 0.5013740 -0.2114946 -0.0212549 -0.0303207 0.1982078 -0.1244248 -0.3404731 -0.3243925 -0.2549738 -0.4691327 0.0592208 -0.4036188 -0.1312010 -0.4053686 0.2668354 0.3557895 0.6395158 0.3623404 -0.0820546 0.5369899 0.4521712 0.1127811 -0.1122297 0.4368032 0.2334743 0.0456197 0.3874562 0.3831319 0.5345603 0.4769933 0.3536611 -0.0491946 0.3053242 0.3921251 -0.0936923 0.2616819 0.3662302 0.1312402 0.2823528 0.1735531 -0.0996962 0.4271666 -0.2499942 0.3614836 0.4117696 0.3038075 0.3241709 0.0364332 -0.2462475 0.2171881 -0.3662078 0.1814515 0.4042640 0.4327757 0.2400383 0.3209578 -0.2621026 0.0438587 -0.1821978 0.0490402 0.1155155 0.0452912 -0.3459472 0.0609097 -0.5445736 0.2625137 -0.4499291 0.1301630 -0.3622012 0.1431679 0.2129345 0.3048447 -0.2039072 0.0989333 0.3725888 -0.4161425 -0.4274598 0.2004812 -0.3049259 -0.6187064 0.3635135 -0.0154594 0.3039538 0.1618412 -0.1736764 0.3043312 -0.0954384 -0.1989847 0.0748813 -0.2316124 -0.0259214 0.3517046 0.5445663 0.0929496 0.4446551 0.1849008 -0.1164370 -0.1324456 0.1317553 0.2390034 0.2175352 -0.0488611 0.2845663 0.2905333 0.1528817 0.0561156 0.0690670 0.3462368 0.3038155 -0.1960403 0.4360684 0.5246670 -0.0544373 -0.0297922 0.4782856 0.3993683 -0.4001020 -0.1188807 -0.1511094 -0.0402514 0.0988177 -0.2615770 0.3364170 -0.0775347 -0.1156124 0.2118692
-0.3720683 0.1185241 -0.5031844 -0.2554514 -0.2589657 0.5996143 0.6965822 -0.3164974 0.8564810 0.1075671 -0.4378481 0.7709804 -0.4258217 0.3266381 0.0000000 -0.3371367 -0.3345061 0.3900139 -0.2559828 -0.2235318 0.2927224 0.1358670 -0.2625496 0.4835721 -0.2421838 -0.1585438 -0.2297126 0.1416814 0.5029610 0.1673168 -0.2624359 -0.3701460 0.2300787 0.3378608 -0.1967787 -0.0896224 -0.1595730 -0.4473591 -0.1672624 0.2567581 -0.5952600 -0.2379702 -0.3075115 -0.2966954 -0.4165837 -0.3772879 -0.2730690 -0.5275717 -0.1300420 -0.5518006 -0.1725843 -0.2446846 -0.2488560 -0.3100770 -0.4259874 -0.5254356 -0.2438562 -0.3463124 -0.0582556 -0.2234844 -0.4586505 -0.1244774 -0.3779562 -0.2381311 -0.1633216 -0.2358284 -0.2015677 -0.2754522 -0.4126795 -0.3862500 -0.1259236 -0.5948587 -0.2834501 -0.2421507 -0.4455708 0.0924489 -0.3083226 -0.2299533 0.0944175 0.1184596 -0.0187708 -0.2890441 0.2750861 0.2820429 0.0427792 0.4807088 0.0617700 -0.0869531 0.6677575 0.6658900 -0.1779822 -0.2972033 0.3643758 -0.3250527 -0.0663714 0.1336169 0.1390325 0.1030603 0.4146740 -0.5404447 0.5245503 0.0089141 0.2993057 -0.6007357 0.1012072 0.1937945 0.5206822 0.6124914 0.2089893 0.2147372 0.1006169 0.4774525 0.5114521 0.5426136 0.2817686 0.5149586 0.4128823 -0.0406249 0.3901329 0.1841230 0.3495728 0.4092806 0.3465212 -0.1576953 0.2990911 0.1780910 0.0803656 0.4421116 0.0791962 -0.0978179 0.3089453 0.2810255 0.0299273 0.0262880 0.1585578 0.3594869 0.0990091 0.1502992 0.2375999 -0.0410855 -0.4165446 0.0061089 -0.8401854 0.2474467 0.0041975 0.1472881 0.2360328 0.1917211 -0.2964013 0.1313310 -0.0895666 0.0478539 0.1137739 -0.3261947 0.2002199 0.2704572 -0.3567079 -0.0218231 -0.4679800 0.1115454 -0.0738602 0.2113833 0.0535783 0.4145547 0.3633950 -0.5484469 0.1054094 -0.5051519 -0.2143161 0.4232380 -0.7356315 -0.3665513 0.1861462 0.5059705 0.4413149 0.2045419 0.3534275 0.1367669 0.3002099 -0.0214636 -0.1532682 -0.3609078 -0.2619511 -0.2962706 0.0365477 -0.1708285 0.1316672 -0.0705406 -0.5140023 -0.2732970 0.2580502 0.1280805 0.3002011 0.1839625 0.1793221 0.2596976 0.0375763 0.3207578 0.4891154 0.1668876 -0.1590889 0.1833856 0.3534638 0.6730952 -0.2707557 0.3446889 0.2314065 0.0219784 -0.4418094 0.3227550 0.2673097 0.2502845 -0.2734423 0.3574849 0.5899248 -0.2862784 0.0018907 0.0423942
0.3968608 -0.1139576 0.5100219 0.8046436 0.2710506 -0.1993693 -0.5504294 0.9126876 -0.5152912 0.2925688 0.9651759 -0.3451844 0.8700228 0.4353947 -0.3371367 0.0000000 0.8429458 0.2779108 0.8129900 0.3553563 0.0827843 0.5991513 0.9557014 0.1394969 0.7006117 0.8104534 0.5437734 0.6107084 -0.0380784 0.2857031 0.5055435 0.9122559 0.4904100 0.0989026 0.8798944 -0.0930090 0.8609810 0.7549250 0.7580435 0.4598902 0.5839880 -0.0600746 0.9500845 0.7312335 0.1728744 0.8565064 0.8717713 0.6151599 0.4663615 0.4156965 0.8803653 0.8876036 0.2169010 0.9440416 0.4619403 0.6941557 0.8774645 0.7788707 -0.1861531 0.9163414 0.2642008 0.9305211 0.4429270 0.5463207 0.0612858 0.8415581 0.9288403 0.8993516 0.4967960 0.8912227 0.7838469 0.7012863 0.8731601 0.5060468 0.5957120 0.3331562 0.6799405 0.5271052 0.2292767 0.1179814 0.4505756 -0.2189327 -0.4731388 -0.4061416 -0.2330289 -0.5176002 -0.5212917 -0.6949368 -0.1963198 -0.6329228 -0.0772963 0.2319694 -0.0259085 -0.0575643 0.1527839 -0.0683599 0.0297135 0.0776019 -0.4540587 -0.1045878 -0.6870097 -0.2471852 -0.5751461 0.0735907 -0.0984259 -0.4809858 -0.1929672 -0.2326119 0.0415313 0.1884375 -0.4064154 -0.1180451 -0.0371745 -0.1924030 -0.0302439 0.0600965 0.0694478 0.3588435 0.1023176 0.1627786 0.0349388 0.0852584 0.0985268 -0.2523508 -0.1599749 0.0636925 0.0465616 0.0127547 0.0082060 0.1732759 -0.2270583 0.1073616 0.0698978 0.2023586 -0.2894204 -0.2139055 0.1061878 -0.0664856 -0.0819454 0.0350215 0.0979559 0.0783995 0.3281148 -0.2291360 0.1745153 -0.0928358 -0.1887216 -0.0127443 -0.0825840 -0.2376802 -0.1931961 -0.2443057 -0.0064826 0.2538521 -0.3064869 -0.6038628 -0.6819549 0.2500153 -0.0889812 -0.1696152 0.0888255 -0.1266909 -0.3270570 -0.4260949 -0.1975025 0.1583930 0.3216184 0.0884995 -0.2763383 -0.2306784 0.3498606 -0.1066858 0.0781736 -0.5740505 -0.2458876 -0.0443487 -0.3035211 0.0491862 -0.0304139 -0.1260055 0.2409049 -0.1157983 0.0193261 0.3429644 0.4030032 0.2093733 0.0318648 0.3003663 0.5593251 0.2903293 0.0537358 0.2740547 -0.1721478 -0.1484885 0.0273632 -0.0209941 0.0037885 -0.3435602 -0.1220703 0.0745262 0.5602215 -0.2765359 0.0515189 -0.0682914 -0.0153525 -0.0979143 0.1459055 0.2922229 0.2158556 -0.4191762 -0.1094058 -0.3346065 0.2341992 -0.3397363 -0.1781304 0.3367633 0.0995862 0.1182581
0.3701320 -0.0260189 0.3658900 0.5402963 0.3005701 -0.0551728 -0.3656959 0.6347241 -0.4146740 0.4882857 0.7582280 -0.3879049 0.6518359 0.5704634 -0.3345061 0.8429458 0.0000000 0.2421239 0.6305954 0.0002845 -0.1502797 0.3464974 0.8211272 0.2286984 0.5467969 0.5837270 0.7779872 0.5254588 -0.0272168 0.5055284 0.1980291 0.8654299 0.5232468 0.2059536 0.6301524 -0.1904547 0.7758729 0.7088099 0.6038451 0.2790036 0.4556526 -0.1497489 0.7747710 0.6602568 0.1364331 0.8465855 0.8109338 0.6233874 0.4456560 0.2808305 0.7189035 0.7797804 0.3234013 0.8109883 0.6319541 0.7129407 0.8203183 0.4557707 -0.3407766 0.7300285 0.3014245 0.6497213 0.5688797 0.2221031 -0.0865672 0.7458086 0.7073596 0.6745213 0.5763391 0.5870282 0.6061521 0.4851743 0.6345154 0.3487994 0.5910487 -0.0020151 0.4660126 0.3337865 0.0139151 0.0581594 0.3088217 -0.3046236 -0.4690687 -0.4031228 -0.2910518 -0.5488765 -0.6949539 -0.4680587 -0.3745605 -0.4583014 -0.2979458 0.2055586 0.1117304 0.0057653 -0.2040204 -0.1605275 -0.0140570 -0.0800228 -0.6778362 -0.0429504 -0.6435550 -0.2496656 -0.2710825 -0.0708483 -0.1416252 -0.5871557 -0.1075244 -0.0816751 0.3120129 0.3265148 -0.3687709 0.0461909 0.0133198 -0.1631531 -0.1239715 0.0897115 0.0318920 0.2731936 0.1803503 0.3581898 0.2275843 0.1574014 -0.1070234 0.0723922 0.0148703 0.2409502 0.0695492 -0.1672741 0.1776905 0.3112745 -0.1368049 -0.2582508 0.0925484 0.4070770 -0.3411088 -0.0440813 0.2178462 0.0455034 -0.0108757 0.1481265 0.1522934 0.2311676 0.4085347 -0.2270889 0.2791244 0.1289205 -0.1748858 0.0086201 0.1899847 -0.0527305 -0.2272257 -0.1414685 -0.0477534 0.2881451 -0.4409113 -0.3620505 -0.4129378 0.2479639 0.1113415 -0.1686268 0.0198852 0.0761658 -0.0864540 -0.2550565 -0.3921223 0.3797603 0.6080710 0.2396030 -0.0195843 -0.0764638 0.4630247 -0.1144822 0.3150717 -0.3512898 -0.0475470 0.1332492 -0.2462707 0.1016498 -0.2717443 -0.3231199 -0.0131735 -0.0678656 -0.0274492 0.4272020 0.3146565 0.3404762 0.0092919 0.2411950 0.4389474 0.1894065 -0.0308620 0.1789915 -0.0320987 -0.2748979 0.1083504 0.0515690 0.2945183 -0.1743506 -0.1943843 0.2521839 0.3529601 -0.5052679 -0.1933097 -0.1721960 0.0429296 -0.3177643 0.2579523 0.0849778 0.0015265 -0.5743584 -0.4111100 -0.0856551 0.1133003 -0.6714030 -0.1610723 0.1594007 0.0478542 0.0588484
