0.0000000 0.3716595 0.7601758 0.3822922 0.5847007 0.2316028 0.1700012 0.0584582 -0.1107250 0.1934239 -0.0629124 0.1323432 0.1630046 0.2474900 -0.1372330 -0.0685449 0.1808092 0.1482930 -0.0112992 0.3776762 -0.0107283 0.2500536 0.1117996 0.1474371 -0.1748941 -0.1168124 0.3310445 0.0428873 0.1144774 -0.3016656 0.1502165 0.0557261 0.3149561 0.2736608 -0.0279061 -0.0344814 -0.2914876 0.1780993 -0.1184595 -0.1306651 0.2993259 -0.0343503 -0.0604740 0.0908014 -0.0075803 -0.0007077 -0.1738136 0.3328520 0.2944836 -0.3130317 -0.1030627 -0.1578658 0.3005124 -0.1520181 0.4331159 0.2111145 -0.1270097 -0.2397769 0.3879959 -0.0625820 0.2409666 -0.0094162 0.3756465 0.0596063 0.3763403 0.1805820 0.2416429 -0.0015133 0.4011186 -0.1063500 0.4168524 0.2559013 0.3557936 0.3723432 0.3517533 0.2707091 0.5181951 0.4800232 0.2754977 0.5487935 0.1935739 -0.3885685 -0.2239413 -0.0577709 -0.2106135 -0.3512293 0.0763688 0.0194400 -0.0424826 -0.0825186 0.0033749 -0.0985882 0.3723451 0.3055737 0.2690786 -0.1047210 0.2515826 0.2921222 0.1097602 -0.1972070 -0.1130070 -0.1888162 -0.0954175 -0.4361189 0.0543003 0.2806012 -0.2202693 -0.0004784 0.0180740 0.0073455 -0.0219088 -0.1201234 0.3027548 0.2886665 0.3508894 0.3854788 0.4459582 0.3679288 0.4182602 -0.2004928 0.1735744 0.4708218 -0.0057636 0.2758537 0.1042998 -0.0624480 0.6101629 0.2533255 -0.0422613 0.4829829 0.4811382 0.0986035 0.6884473 0.5141629 0.0008635 0.2713022 0.4532958 0.2670717 0.4957869 -0.0916193 0.1814172 0.2215171 0.4489531 -0.0181993 0.4730035 -0.0123140 0.3378940 0.4283159 0.0708569 0.1935620 0.0386295 -0.0883440 0.1449850 0.1760265 0.3125283 -0.1403145 0.2912871 0.3224872 0.2088990 0.1295688 0.4142733 0.1876803 -0.3843993 0.1931795 0.3641566 -0.0639160 0.1827641 -0.0743176 0.0649071 0.2512071 0.2727822 0.0196566 -0.3724548 0.2755811 0.3188704 0.3031402 0.2235876 0.5454773 -0.0601933 -0.2184469 0.5115197 0.3607250 0.0114304 0.1231932 0.2989192 0.4686983 0.3627014 0.1994047 0.5366950 0.4878183 -0.4301542 0.4384256 0.4289403 -0.3654202 -0.2935663 -0.4249027 -0.2625276 0.2083135 0.1636964 -0.2029489 -0.0313705 -0.2060048 0.0275035 -0.3243909 -0.0392611 -0.1109923 -0.0296277 0.1399500 -0.0688977 -0.0705031 0.0091196 -0.3848747 0.1756886 -0.0266619 0.0586574 0.1054481 0.2750409 -0.0193829
0.3716595 0.0000000 0.5279929 0.5809261 0.1695879 0.7121940 0.6337740 0.3298921 0.2591997 0.1352812 0.1139729 0.6934858 0.0161445 0.6485757 0.3893973 0.0915319 0.2705927 0.5299466 0.2706714 0.1263909 0.5869630 0.1344796 0.0902822 0.4477624 0.0989571 0.1335001 0.1552278 0.2809038 0.6440758 0.1328940 0.0230147 -0.1369440 0.4188208 0.6605019 0.0296685 0.3177058 0.0525919 -0.0218137 0.1015715 -0.0245674 -0.0283337 0.3368694 0.0699411 0.2208871 0.2599891 0.0339213 0.0272285 -0.0186530 0.5375656 -0.1873456 -0.0228255 -0.0719259 0.6427205 0.0504304 -0.0181573 -0.0228342 0.0086138 0.1802756 0.0443263 -0.0704750 0.3439796 -0.0271211 -0.0311741 0.3448506 0.5694031 -0.2436600 0.0014176 -0.2172449 -0.1067928 0.1133057 -0.2513989 0.3790794 0.0300749 0.3400831 -0.1178467 0.0953128 0.5181707 -0.0043667 0.0318027 0.2585922 0.0154443 0.1648347 0.1281386 0.1353754 -0.0823218 0.0935042 -0.1263756 -0.2007975 0.2051865 -0.0021073 -0.0009031 0.2675983 0.0862336 0.0171562 -0.0543826 0.1420719 0.2821498 0.1735139 -0.0094251 0.3958585 0.1213441 -0.0317976 -0.0961328 -0.0551712 0.3462314 0.2015638 -0.0597031 0.0274422 0.2240726 -0.1131686 -0.1540532 0.1243122 0.0931711 0.0355751 0.1366855 0.1906054 0.1204054 0.2064544 0.2315581 0.4831817 0.4258540 0.2212836 0.3323516 0.5618956 0.4855229 0.3354822 0.2679232 0.0606811 0.3398677 0.4582951 0.4079614 -0.0972891 0.1852273 0.2262521 0.0295785 0.4201868 0.4395269 0.1979717 0.1877381 0.3161916 0.1240246 0.1560626 0.3781614 0.4938856 0.4281151 0.5151407 0.1257670 0.2193311 0.2836299 0.1456290 0.2440487 0.5288170 0.2533235 0.3070192 0.3281913 0.4237242 0.2826187 0.2844386 0.3364471 0.3293313 0.2514172 0.2061661 0.2695354 0.3528090 0.2564425 0.2445088 0.3264759 0.3118239 0.1194352 0.2222616 0.2601255 0.1636298 0.2592096 0.5058229 0.7805350 0.6961974 0.7691084 0.4766411 0.4584661 0.0477488 0.1558074 0.1387624 0.1154482 -0.0303112 -0.0632997 0.5585914 0.0026239 -0.0183477 0.2572823 0.4693207 0.3739549 0.2985820 0.2437503 0.1355284 0.3744662 0.1915962 0.5510906 0.3459719 0.3130707 0.4845677 0.4421839 0.3558605 0.4505949 0.5305908 0.0205222 -0.0604057 0.2459402 0.1949742 0.3372455 0.5127573 0.4469946 0.3385145 0.0355825 0.0229782 0.1205152 -0.0124851 0.0445252 0.3800880
0.7601758 0.5279929 0.0000000 0.7048789 0.7630711 0.4050306 0.3257345 0.4166746 0.3011046 0.4652431 0.3136806 0.4178218 0.5422431 0.3717842 0.1917298 0.2064886 0.4082184 0.1890970 0.2448836 0.4249650 0.1564651 0.5975163 0.4315908 0.2649192 0.1206085 0.1273819 0.4355657 -0.0230912 0.3622157 -0.0315540 0.4450391 0.2242265 0.2540243 0.4006421 0.3222095 0.0458343 -0.0676725 0.4702611 0.3331739 0.1094448 0.4165209 0.0938391 0.3370501 0.3404724 0.1602608 0.1926866 0.1466081 0.4933174 0.4560662 -0.0079168 0.2592208 0.1580698 0.4741545 0.1649171 0.5578888 0.4515591 0.1597669 0.2086334 0.3691849 0.2075404 0.4358173 0.3072715 0.5283402 0.3579434 0.5005364 0.4235114 0.4512932 0.1247679 0.5929381 0.2648996 0.5112939 0.5048118 0.4934388 0.5809467 0.5770492 0.4165174 0.6177794 0.5073329 0.3131466 0.3839892 0.2735600 -0.1129538 -0.0021705 0.2112959 0.0073193 -0.1662928 -0.2017071 0.0456361 -0.0146482 -0.2428192 -0.2593198 -0.2568168 0.0743173 0.2183835 -0.0707768 -0.3521517 -0.1049950 0.0372652 0.0346220 -0.1373830 -0.1942718 -0.0945615 0.0747239 -0.2993935 -0.2050897 0.0470295 -0.2446269 0.1145624 -0.0319571 0.0251869 -0.0079567 -0.3481086 0.0477588 0.0222135 0.1813461 0.1926770 0.2154568 0.3214316 0.2631893 0.0373587 0.2190734 0.2482325 0.1913940 0.2680843 0.2749234 0.0360551 0.3708509 0.2662016 0.0545854 0.4548333 0.4969646 -0.0258283 0.4511560 0.3961262 -0.0724566 0.3641910 0.5383473 0.2511949 0.4387713 0.0871252 0.2341650 0.2274853 0.6195721 0.3242572 0.5818256 0.1990073 0.3107553 0.4295853 0.2935370 0.2272802 0.2786761 0.1755260 0.1492211 0.3352919 0.3228323 0.2482223 0.4871153 0.3753279 0.4206587 0.3862533 0.3558202 0.3068930 -0.0985124 0.4151359 0.3490772 0.0690787 0.3236434 0.2067177 0.1387909 0.3457037 0.3714873 0.1545609 -0.4314872 0.3318595 0.4252452 0.4624424 0.4268944 0.4304503 0.1142995 -0.1059066 0.4041282 0.4050922 0.0608525 0.2714437 0.4436049 0.6319574 0.4498648 0.2308822 0.6999874 0.7328071 -0.1847290 0.5246460 0.4190716 -0.3430915 -0.1193850 -0.3922115 0.0538659 0.1388516 0.2351585 0.0818106 0.0300341 -0.1816537 0.0905367 -0.0193703 0.0897424 0.1060894 0.0672448 0.0066317 -0.0623609 0.0584129 0.0950317 -0.3028978 0.3013456 0.0584226 0.2171499 0.0385471 0.2031168 0.0057453
0.3822922 0.5809261 0.7048789 0.0000000 0.4766641 0.8434288 0.7621662 0.7939651 0.6717927 0.5368736 0.5105673 0.8449960 0.5602261 0.5829546 0.6603342 0.3647547 0.3587074 0.5383693 0.4482376 0.3259898 0.6041242 0.3545569 0.2722210 0.5868897 0.1986629 0.2382332 0.2045152 0.2169366 0.7410234 0.0233101 0.2104157 0.0018178 0.3961822 0.7296678 0.2677881 0.4734666 0.0952390 0.3116995 0.3219207 0.1910040 0.0306708 0.5342876 0.3792281 0.3629356 0.6667658 0.3023540 0.3346556 0.0857776 0.7695686 0.1228940 0.3732745 0.2414463 0.8642860 0.3002030 0.1701267 0.3616605 0.2593175 0.5362888 0.5237624 0.2552711 0.6981299 0.4267038 0.1060167 0.8518391 0.8728577 0.0683639 0.3155116 0.4771034 0.1485281 0.6719601 0.0967219 0.8314835 0.4658219 0.6833739 0.2236041 0.6780229 0.8702884 0.2571960 0.4184866 0.4563153 0.0181025 0.3312139 0.2624337 0.1370235 -0.0247890 -0.0270400 -0.0271909 0.2184912 -0.0849876 -0.1926515 -0.1907743 -0.1015837 0.0431034 0.1778673 -0.1952849 -0.3110823 0.0125470 0.1105973 0.1191362 0.1960592 -0.1461152 -0.0700000 0.1617661 -0.1305067 -0.1204413 0.0354124 -0.0112188 0.0123778 -0.0772807 -0.0435076 0.1196933 -0.0841901 0.0366622 -0.1413945 -0.0932171 0.0118044 -0.0993779 -0.0053592 0.0167279 0.1041357 0.0624336 -0.0701797 0.2252327 0.4067342 0.1976798 0.1007128 0.1850482 0.0749507 0.1340236 0.4527936 0.3804333 -0.3318911 0.3388311 0.5254248 -0.4636355 0.1788003 0.5520407 0.1365495 0.1523754 0.0235483 -0.0608312 0.1269390 0.1683380 0.2012838 0.3738964 0.1205929 0.0867863 0.1500836 0.0775307 0.0839246 0.0601997 0.0726826 0.1071149 0.0990312 0.0739449 0.1011350 0.2864906 0.1797780 0.0860847 0.2228174 0.1209469 0.2071200 -0.0755456 0.3378921 0.1932666 -0.0635094 0.0664535 0.1246229 0.0866398 0.2556434 0.1979154 0.1255122 -0.2269693 0.2438505 0.6583616 0.7448654 0.8192204 0.3172303 0.5907549 0.2655450 0.1657268 0.3014403 0.3284741 -0.0044733 0.0984287 0.7302769 -0.0051541 -0.1272784 0.4815833 0.7288996 0.0631864 0.5539662 0.3414081 -0.1368619 0.1596577 -0.1793150 0.3716006 0.2833019 0.1980010 0.2312249 0.2484063 0.0336226 0.0835278 0.1925718 -0.0048022 -0.1144293 0.1238962 -0.1486755 0.0235858 0.2183354 -0.0408178 -0.1118249 -0.0986259 0.2321352 0.2891394 -0.2824470 -0.0419409 0.2046242
0.5847007 0.1695879 0.7630711 0.4766641 0.0000000 0.2050779 0.1012734 0.4207376 0.3899034 0.6336992 0.5141428 0.1060993 0.7129102 0.0640181 0.1739891 0.4111015 0.4486342 -0.0417472 0.1646409 0.2719774 -0.0831573 0.4472964 0.5368270 -0.0107286 0.1049339 0.3096015 0.4134140 -0.2653583 0.1121993 -0.0378868 0.4622163 0.2734836 0.0325032 0.1497817 0.3936636 -0.0808477 0.1158516 0.5067579 0.2697323 0.1728617 0.4352608 0.0622640 0.3072918 0.4479600 0.3029628 0.2100480 0.1978298 0.5325258 0.3149160 0.0855430 0.2723386 0.2157986 0.3257501 0.1475736 0.5920463 0.4183496 0.2010432 0.2320599 0.5768072 0.1817653 0.5438596 0.3816495 0.7085327 0.3067450 0.2577980 0.4784023 0.3731459 0.3428452 0.7074628 0.3299011 0.7138402 0.4857078 0.6828779 0.6659461 0.7545336 0.5394156 0.5250171 0.7971900 0.6291711 0.3118270 0.5881251 -0.1466127 -0.0345886 0.0503942 -0.0645508 -0.3109016 -0.1420343 0.1009705 -0.1340032 -0.3008869 -0.4030422 -0.4861060 -0.0265824 0.3617700 0.0783336 -0.5327308 -0.2975202 -0.1797557 0.0513357 -0.3810130 -0.3545276 -0.1844962 0.1923803 -0.2238022 -0.5059070 -0.1351103 -0.2214526 0.0360047 -0.1858622 -0.0503805 -0.1635473 -0.3691931 -0.0468436 -0.0688789 0.1453231 0.0617311 0.2230475 0.3284879 0.2219229 -0.2162729 0.1212960 0.3389189 0.3309888 -0.0337978 -0.0737226 -0.2379932 0.4022178 0.3654051 -0.2514057 0.2771911 0.2436300 0.1610797 0.4745442 0.4664048 -0.1245833 0.2725980 0.3452187 0.0292786 0.2538848 -0.0542143 0.0900020 0.0594553 0.5618738 0.2312551 0.3810800 0.0177107 0.1861398 0.2717599 -0.0529883 0.0492974 0.1614983 0.0889779 -0.0718084 0.0833952 0.0541671 0.2795031 0.5094525 0.1469908 0.2253215 0.3516579 0.1170150 0.1451375 0.0954379 0.3980156 0.1228116 0.0134765 0.2125317 -0.1370695 -0.0570037 0.1744908 0.1364939 -0.0944544 -0.7374949 -0.1097702 0.0139287 0.1147858 0.1028592 0.4416077 -0.0671515 0.1090857 0.6801995 0.6166087 0.1907670 0.5301312 0.7650486 0.5100524 0.7009221 0.5653831 0.8193123 0.6607878 -0.3918505 0.5999606 0.4413224 -0.2027470 -0.3385529 -0.4062891 -0.2508994 0.0785597 0.3230121 -0.1260226 -0.0905012 -0.4121431 -0.0775168 -0.2050741 0.0387927 0.2234233 -0.0999030 -0.1104766 -0.0798154 -0.2445652 -0.0746441 -0.2971246 0.5242297 0.0546270 0.0813289 0.1005313 0.3926160 -0.1152362
0.2316028 0.7121940 0.4050306 0.8434288 0.2050779 0.0000000 0.8723579 0.6561763 0.6471781 0.3589274 0.3441734 0.8935066 0.2657379 0.6942115 0.7306745 0.2973241 0.2702550 0.7305938 0.4043900 0.2790226 0.7456510 0.1178244 0.0254662 0.6997439 0.1659370 0.1918377 0.0893033 0.4600538 0.8523994 0.0900747 0.0015016 -0.1091747 0.5940656 0.8810296 0.0553588 0.5301927 0.1400954 0.0414934 0.1656870 0.1416813 -0.1411715 0.6178481 0.1815378 0.4085196 0.7299743 0.1743113 0.2179957 -0.1683628 0.8528442 -0.0569956 0.1572525 0.0883951 0.9458927 0.1960289 -0.1237196 0.0567534 0.1194021 0.4350340 0.3704314 0.0309537 0.5867459 0.1721359 -0.1202784 0.7651583 0.8919167 -0.2491379 0.0118303 0.3276240 -0.2048256 0.4830934 -0.1748264 0.6863977 0.1810175 0.4746295 -0.0999076 0.4686559 0.7907746 0.0693795 0.2330379 0.4308715 -0.1400263 0.3964015 0.3139268 0.0535391 -0.0733713 0.0659290 0.1190293 0.2957994 0.0272132 0.0128200 0.0445385 0.1232533 0.1220378 0.1790815 -0.0783633 0.0252436 0.2490101 0.2150487 0.1049725 0.4506287 0.0291111 -0.0366621 0.1103131 -0.0488510 0.1714334 0.1494019 0.0530609 -0.0528309 -0.0081484 -0.1532952 -0.0111275 0.1210588 0.0879997 -0.0854703 -0.0786768 0.0393078 -0.1071749 -0.0314971 0.0361667 0.1958515 0.1189437 -0.0297905 0.1726302 0.5124632 0.1702323 0.1102111 0.1823376 -0.0931594 0.0573233 0.4231792 0.2655686 -0.4652106 0.2510765 0.4293530 -0.4821255 0.0880774 0.4187433 -0.0286063 -0.0296097 -0.0580839 -0.1980117 -0.0732816 -0.0491386 0.0834319 0.1898915 0.1125938 -0.0854734 -0.0239824 -0.0544702 -0.1000377 -0.1105226 0.0752245 0.0502345 -0.0098715 0.0096297 0.0186524 0.0355824 0.0575871 -0.0979328 0.0486059 0.0371654 0.0385658 -0.0277522 0.1518439 0.0920200 -0.1353389 -0.0399965 0.0171458 -0.0397525 0.0817571 0.0747694 0.0188346 0.0473640 0.2071549 0.7554048 0.7292410 0.8846156 0.3044118 0.6662383 0.2842505 0.0546267 0.1122262 0.2660144 -0.2677431 -0.1827715 0.6430582 -0.2462425 -0.2546550 0.2053911 0.5057772 0.1864254 0.3869673 0.2395601 -0.0685495 0.2149991 -0.0509075 0.4785481 0.3606129 0.1217446 0.3045293 0.4327404 0.3753883 0.2806650 0.3690489 -0.0527910 -0.2847317 0.2484787 0.1116877 0.2621665 0.4939522 0.1319029 0.1353017 -0.2224268 0.2088160 0.3119484 -0.1734172 -0.0005260 0.3808812
0.1700012 0.6337740 0.3257345 0.7621662 0.1012734 0.8723579 0.0000000 0.4884185 0.5677642 0.1474058 0.0776486 0.9169040 0.0692070 0.6478446 0.8101974 -0.0482879 0.0449911 0.7567471 0.1322495 0.2006629 0.7447202 -0.1338497 -0.2767558 0.8509757 -0.0377818 -0.1220656 -0.0498278 0.6338882 0.8631599 0.3271111 -0.0623899 -0.3516789 0.6466955 0.8447893 -0.2491980 0.5015641 -0.1988289 -0.2060938 0.0715017 0.0810777 -0.3228783 0.5284459 -0.1009942 0.3648487 0.5267246 -0.0688697 -0.0513246 -0.4042173 0.7810110 -0.2147892 -0.0959593 -0.1489846 0.7877112 0.0308686 -0.3186274 -0.1130127 -0.1585498 0.2639513 0.2070119 -0.2352618 0.3530683 -0.1122251 -0.2714443 0.6060065 0.8814046 -0.4495577 -0.2805872 0.1420253 -0.3346120 0.2774927 -0.3105795 0.4607502 0.0765401 0.3291061 -0.2366612 0.3593307 0.6969196 -0.0121604 0.1379824 0.4405775 -0.2435870 0.5629733 0.3410434 0.0032012 -0.0816283 -0.1299240 0.0458118 0.2491566 -0.2291147 -0.1564224 -0.0327669 -0.0528030 0.0327585 0.2077877 0.0147624 -0.1731359 0.0627977 0.0327416 0.2756168 0.4104379 -0.1314935 -0.2726827 0.2355033 -0.0853387 -0.0420658 -0.0115317 -0.0318539 -0.0012091 -0.1040777 -0.2602980 0.0921913 0.0587569 -0.0530232 -0.2774097 -0.2584150 -0.1613490 -0.2366204 -0.1265273 -0.1381765 0.0714232 -0.0400841 -0.1309299 0.2496027 0.4014496 0.0652143 0.0160074 0.1669341 0.0338667 0.0810354 0.3482342 0.2357363 -0.3470676 0.3394406 0.5381111 -0.5383014 0.1382237 0.4003667 0.0985205 -0.0254023 0.0129692 -0.2225593 0.0054620 -0.1625747 0.1093932 0.1821637 0.1568771 -0.0229340 -0.0217224 -0.0888289 -0.0740374 -0.1208507 0.0710665 0.1109575 -0.0228567 -0.0277739 0.0944987 0.0663653 0.0679880 -0.1449521 0.0745023 -0.0218460 0.0213134 0.0938496 0.2907054 0.0796712 -0.0324473 0.0089311 0.0475120 0.1303458 0.1060304 0.0788717 0.0290307 -0.0522375 0.3085441 0.8202047 0.8313654 0.8686271 0.3942872 0.6782956 0.3956011 0.0215493 -0.0399218 0.0466123 -0.3981315 -0.3441655 0.4894584 -0.4268882 -0.3533652 0.1192207 0.4348295 0.1223404 0.3785224 0.2914147 -0.0200642 0.2031678 -0.0613627 0.3231578 0.3968256 0.0726662 0.1518541 0.3302349 0.3851515 0.1234740 0.1987495 -0.1181575 -0.3329495 0.1981891 -0.2150551 0.1378256 0.4623281 0.0606689 0.0974344 -0.3693083 0.2818695 0.3484606 -0.5238762 -0.0949280 0.2774707
0.0584582 0.3298921 0.4166746 0.7939651 0.4207376 0.6561763 0.4884185 0.0000000 0.5357949 0.5702313 0.7785496 0.5507912 0.7876141 0.2652915 0.4372214 0.6575047 0.3557302 0.2302049 0.7110982 0.0011458 0.4212275 0.3576344 0.4790877 0.1700335 0.4460311 0.6367098 0.0912671 -0.1139533 0.4130326 -0.2189423 0.1850424 0.0618619 0.0519480 0.3630605 0.5807288 0.4174277 0.5146813 0.4723731 0.3561206 0.2032160 -0.0210639 0.5228833 0.6011764 0.1333534 0.6908686 0.6315534 0.7345394 0.0877055 0.5031881 0.4844106 0.7272028 0.5192634 0.6672110 0.4076619 0.2174823 0.5308385 0.6264321 0.6222731 0.6480908 0.6207673 0.8223992 0.7127342 0.0276808 0.8923371 0.6719774 0.1912794 0.5429241 0.7636436 0.1909131 0.8808930 0.1711009 0.8365979 0.6152010 0.7235306 0.2664604 0.7650728 0.6831794 0.3618415 0.6060309 0.4486755 0.2308605 0.3415187 0.2284585 0.0368439 -0.0651930 0.2256118 -0.0428869 0.2304476 -0.0186750 -0.1228652 -0.3732722 -0.0197964 -0.0943841 0.1623369 -0.2740102 -0.3157632 0.0574833 0.0160814 0.0776576 0.2840379 -0.0762723 0.1666033 0.2595116 0.0528461 -0.1545620 0.0200188 0.1789000 -0.0020585 -0.1623044 -0.1160688 0.0117090 0.0639574 0.0238743 -0.1717323 -0.1355439 -0.0158983 -0.1503061 -0.1112977 -0.0180902 0.1792163 0.0184569 -0.1655419 0.1774891 0.3099870 0.0695131 0.0927994 0.0013229 -0.0866206 0.0391161 0.2730818 0.1306709 -0.3175793 0.0977349 0.4617856 -0.3373658 -0.0445265 0.2762845 -0.1122372 -0.1453734 -0.0838721 -0.1122200 0.0214450 0.0943257 0.1720649 0.1332270 -0.0935867 -0.1608511 -0.0842924 -0.0504317 0.0063815 -0.0434504 0.0099620 -0.0706032 -0.1093689 -0.2026165 0.1039676 0.1465690 -0.0707472 0.0230405 0.1437070 -0.1169561 0.1210149 0.0852417 0.1942058 -0.0618267 -0.0795009 -0.0743831 -0.0116635 -0.1815155 0.1483921 -0.0362966 -0.0002777 -0.1523318 -0.0274257 0.3937969 0.5694586 0.6138326 0.2261799 0.5174531 0.2784082 0.2201620 0.4241185 0.5917947 0.2220183 0.2455233 0.7185084 0.1119265 0.0173832 0.4213092 0.5578330 0.2560442 0.5778565 0.3236051 0.0378196 0.2769376 -0.0160242 0.3969286 0.3559215 0.4286187 0.2295168 0.3284726 -0.0494355 -0.0571575 0.2707905 -0.0225091 0.0785597 -0.1926883 -0.1350038 0.0082802 0.0740954 -0.2058425 -0.0141884 -0.0466228 0.0879567 -0.0464012 -0.1505288 -0.1657292 0.2223587
-0.1107250 0.2591997 0.3011046 0.6717927 0.3899034 0.6471781 0.5677642 0.5357949 0.0000000 0.6502366 0.5723648 0.6590777 0.4708448 0.5664816 0.8967509 0.4705651 0.4660912 0.5687232 0.3061815 0.4364346 0.4760019 0.3013773 0.2722401 0.5525025 0.3220143 0.2857206 0.2992251 0.1807051 0.6873564 0.4809791 0.3555479 0.2500424 0.2809084 0.6150810 0.2350363 0.3792515 0.2680325 0.2872097 0.5051775 0.5087140 0.1842704 0.5314659 0.3835572 0.7186527 0.7235540 0.1599500 0.2808640 0.1768712 0.7088168 0.2198217 0.2494316 0.3111936 0.7166142 0.4136595 0.1006916 0.1856162 0.2096990 0.7307519 0.3374761 0.0591774 0.5561878 0.3176048 0.3355516 0.6875784 0.5267509 0.1116830 0.0153947 0.4035708 0.1410587 0.5981520 0.0933129 0.6679267 0.2241100 0.5125965 0.2639465 0.4882180 0.6125947 0.1128658 0.3148675 0.0962551 0.0357636 0.4844632 0.3560613 0.2317788 0.1528071 -0.0546514 -0.0922521 0.2545629 -0.1070928 -0.2789459 -0.2269146 -0.3496454 -0.1598100 0.2125749 -0.2366969 -0.3845021 -0.3708632 -0.1954857 -0.0117787 -0.0191196 -0.2422972 -0.1997855 0.2306017 -0.0109839 -0.3606696 -0.2942704 -0.0331336 -0.0180618 -0.2487349 -0.0297258 -0.0112605 -0.2901527 -0.2720511 -0.3397490 -0.2364514 -0.2540603 -0.3047979 -0.0946369 -0.1934800 0.0964924 -0.0165673 -0.1519488 0.3194955 0.0233954 0.0186467 0.0363635 -0.1055952 0.0071215 -0.0109095 0.0788120 0.0283733 -0.3253682 -0.0294373 0.1593809 -0.5162727 0.0367843 0.3050350 -0.1259833 -0.0820865 0.0499877 -0.2093845 -0.1464805 0.0094071 0.2018316 0.1199373 0.1454911 -0.0498169 -0.0055203 -0.0587523 -0.1478674 0.0650279 0.1550689 -0.0294105 0.0287979 -0.0367902 0.2240618 0.2661337 0.0149853 -0.0411566 0.2028548 -0.0830108 0.0305594 0.1617961 0.3068607 0.0094587 -0.0741729 -0.0136353 0.0655019 0.0755518 0.0396301 0.0655101 0.0829605 -0.1883507 0.0399649 0.2786654 0.3241647 0.4790242 0.0459885 0.4422735 0.5159416 0.1006957 0.2293994 0.1992388 0.0131793 0.1772808 0.4034044 0.0581425 0.0441480 0.3950160 0.5538091 0.1059047 0.2879181 0.0571816 0.0854446 0.1078331 0.0161655 0.3714042 -0.0007615 0.0318292 0.3296847 0.2048796 0.0713667 0.1954859 0.3613792 0.1393634 0.0266906 0.3437784 -0.1173914 0.1329005 0.1925524 0.1146352 0.2210396 0.1243260 0.4349984 0.5240217 -0.1903824 0.1559139 0.2180045
0.1934239 0.1352812 0.4652431 0.5368736 0.6336992 0.3589274 0.1474058 0.5702313 0.6502366 0.0000000 0.8613328 0.2590996 0.6471296 0.3634465 0.3850778 0.6494728 0.8045829 0.1167769 0.4169010 0.2324583 0.1461882 0.4371850 0.7115787 0.0192357 0.3142781 0.5041107 0.6508455 -0.4311634 0.2588950 0.0399166 0.2351866 0.4211073 -0.2588121 0.1890974 0.6392822 0.1712205 0.5051775 0.5903886 0.6692571 0.6771966 0.3967918 0.3348609 0.6971404 0.4266367 0.6391553 0.4758058 0.5496680 0.5379333 0.3345025 0.4485589 0.5726729 0.7203889 0.5316554 0.7449066 0.5384080 0.5846872 0.5341017 0.8030947 0.5837325 0.5165364 0.7422540 0.7175106 0.6537532 0.6512753 0.3361371 0.5103568 0.5681777 0.6107880 0.6592810 0.7169219 0.6167896 0.7413906 0.7198196 0.7255121 0.7804817 0.7900236 0.5778673 0.6404114 0.7648800 0.1813430 0.6176606 0.2821450 0.1752592 0.2676638 0.1669843 0.0427922 -0.0332685 0.2988025 0.0657463 -0.2229366 -0.3747449 -0.3182134 -0.0246832 0.2338590 -0.2844216 -0.3211818 -0.2760151 -0.1549423 -0.1801368 -0.3619351 -0.0619046 -0.0599971 0.0361192 0.2176120 -0.3661694 -0.0759571 -0.1156633 -0.0007072 -0.2121607 0.0328815 -0.0426384 -0.3390862 -0.2619963 -0.2281987 -0.1431802 -0.1128719 -0.0794466 -0.0175772 0.0106046 -0.0350622 0.0510630 0.0708707 0.4857673 -0.1272959 -0.0757917 0.1126988 0.1973954 0.3525015 -0.0120308 0.2506482 0.1752486 0.0976995 0.2108633 0.1150516 -0.1081762 0.2108535 0.2919939 -0.0357852 0.0380281 0.0686229 0.0275018 -0.0937543 0.4506473 0.3499384 0.2581571 0.0644255 0.0572870 0.1126913 0.0005898 -0.0252411 0.2443934 0.1995787 -0.0557353 0.0875881 -0.0139662 0.2701127 0.5855149 0.0688116 0.2893697 0.4096497 0.0539438 0.1865849 0.0302050 0.4669022 0.1061456 -0.0054365 0.0458160 0.0337066 0.1005836 0.2368080 0.1101944 0.1626445 -0.3612258 -0.1170468 -0.0544697 0.1238495 0.2203502 0.2480612 0.1215220 0.3662454 0.4575237 0.6927998 0.4860503 0.5709898 0.6766881 0.5682247 0.5555825 0.4371443 0.6746543 0.6266928 0.0211612 0.4718066 0.0928208 0.1522581 0.0406069 0.0523198 0.1979917 -0.0472724 0.4210126 0.2814139 0.0679880 -0.3553869 0.3183359 0.2297214 0.1867008 0.4266107 0.1309640 -0.1201075 0.0272593 -0.0704083 0.2340931 0.0720924 0.5241460 0.3594971 0.2230776 0.1364525 0.2322065 -0.0324053
-0.0629124 0.1139729 0.3136806 0.5105673 0.5141428 0.3441734 0.0776486 0.7785496 0.5723648 0.8613328 0.0000000 0.2165117 0.7980045 0.1449768 0.2962256 0.8556125 0.6931575 -0.0214542 0.6649980 -0.0429171 0.1878612 0.4854912 0.8317096 -0.1670796 0.5355730 0.8017615 0.4091036 -0.5468771 0.1800341 -0.1332307 0.2509841 0.3676961 -0.3749817 0.0688736 0.8431217 0.2401372 0.7631197 0.6527990 0.6386245 0.5576376 0.2912525 0.4188221 0.8397576 0.2644867 0.6870794 0.6751065 0.8075660 0.4370237 0.2262489 0.6511584 0.7964522 0.8239397 0.4635813 0.7446119 0.4428943 0.6454225 0.7607301 0.8504509 0.5897582 0.7339206 0.8270631 0.9044424 0.4176687 0.7410687 0.2781248 0.4583075 0.6874146 0.7136938 0.5292659 0.8798810 0.4459587 0.7735385 0.7349991 0.7146383 0.6254215 0.7631023 0.4609837 0.5308767 0.7314551 0.1032457 0.5772275 0.3117551 0.2333825 0.2685304 0.1855196 0.2798444 -0.0714118 0.1954655 0.1709647 -0.1199434 -0.4749824 -0.1090662 -0.1397370 0.1191969 -0.4074961 -0.3140948 -0.1310320 -0.1484939 -0.1960466 -0.1078815 0.0008719 0.1335405 0.1263254 0.3005149 -0.2709368 -0.0793470 0.0760118 0.0342760 -0.1621480 0.0237902 -0.1046794 -0.1725017 -0.2165350 -0.2298222 -0.1329028 -0.1074889 -0.1525514 -0.0675287 -0.0261416 0.1940626 0.0825100 -0.0769147 0.3864921 -0.0483009 0.0694156 0.2283940 -0.0323134 0.1493431 0.0972358 0.1456114 0.0651641 0.0306196 -0.0676081 0.0517833 -0.0482700 0.1116083 0.1788756 -0.1336398 -0.1185769 0.0812004 0.0094021 -0.0812645 0.3686129 0.4022544 0.1835161 0.0478123 -0.1007026 -0.0233369 0.0385209 -0.0182543 0.2011415 0.2465729 -0.1159619 0.0042602 -0.1480403 0.3255585 0.4170351 -0.0550615 0.2365991 0.3504990 -0.1009087 0.1651130 0.1948723 0.3226090 -0.0591423 0.0349562 0.0104159 0.0618201 -0.1154301 0.1658209 -0.0144544 0.0976483 -0.1859575 -0.1713713 -0.0324867 0.1789652 0.2694967 0.1392280 0.2364381 0.3645589 0.3457588 0.6534539 0.6495349 0.6002440 0.5892156 0.5854163 0.4790643 0.3758239 0.5165838 0.5025874 0.2969863 0.4413942 0.0933471 0.2854153 0.2741612 0.2058201 0.4053103 0.0569095 0.4874484 0.4257294 0.1779867 -0.3071925 0.1163413 0.3880858 0.0987080 0.3891585 -0.0423966 -0.1135236 0.0436165 -0.1063475 0.0285259 0.1479486 0.3817795 0.1236433 -0.0012409 0.1226333 -0.0437984 0.0329105
0.1323432 0.6934858 0.4178218 0.8449960 0.1060993 0.8935066 0.9169040 0.5507912 0.6590777 0.2590996 0.2165117 0.0000000 0.1650757 0.7465997 0.8277617 0.1135031 0.2501689 0.7734036 0.2959544 0.2634140 0.8659487 0.0681337 -0.0639135 0.8051238 0.0998490 -0.0158920 0.1160236 0.5222294 0.9487189 0.2784119 0.0455241 -0.1919680 0.5553117 0.8975267 -0.0798926 0.6581302 -0.0377406 -0.0167530 0.2151080 0.1896785 -0.2099654 0.6678342 0.1054041 0.3677620 0.6073545 0.0764441 0.0840822 -0.2371531 0.8009406 -0.0249523 0.0357342 0.0076322 0.8717428 0.1745147 -0.1891281 0.0491910 0.0260806 0.4469354 0.2646302 -0.0606349 0.4631910 0.0404348 -0.1761847 0.6636159 0.8506709 -0.2604162 -0.0974737 0.1276738 -0.2363999 0.3910722 -0.2845962 0.5510377 0.0663241 0.3138533 -0.1681539 0.3300723 0.6793590 -0.1086586 0.0814668 0.2553034 -0.3064627 0.5671843 0.4663440 0.1713105 -0.0152391 0.0823274 0.1094118 0.1753027 0.0069733 -0.0165114 0.0875460 0.1116415 0.1245030 0.1904708 -0.0731767 -0.0612265 0.0925218 0.1875238 0.2452188 0.4460243 0.0572303 -0.0715820 0.1802973 0.0348033 0.1050317 0.1212989 0.0986381 0.1102915 0.1127569 -0.0121883 0.2057806 0.1306743 0.0737931 -0.1086913 -0.1284458 0.0025242 -0.1665466 -0.0547419 -0.0319291 0.2187112 0.1087555 -0.0993916 0.2705716 0.5077318 0.2584650 0.1296983 0.1466851 0.0586509 0.1756720 0.4562274 0.3484108 -0.3974638 0.2182688 0.3792341 -0.4434218 0.2603900 0.5032913 0.1362254 0.0656830 0.1530183 -0.0468611 0.0767881 -0.1088225 0.1955435 0.2526986 0.3165696 0.0178928 0.0328876 0.1275197 0.0774911 0.0968552 0.1925223 0.1971901 0.1739459 0.1325897 0.1483767 0.1355965 0.1734755 0.0102477 0.2386280 0.1421266 0.2090853 0.0085758 0.3237002 0.2345412 0.0674830 0.1427607 0.2545076 0.2317721 0.2472382 0.2328989 0.2266566 0.0510915 0.3245804 0.8032350 0.7869327 0.9338143 0.2093649 0.7933560 0.4064124 -0.1347539 -0.0191350 0.2248109 -0.2714774 -0.2819911 0.4904075 -0.3915030 -0.4448165 0.1060368 0.4927836 0.2026755 0.2361156 0.0760814 -0.0058135 0.2658531 -0.0301294 0.4956790 0.1486932 -0.0419040 0.3129333 0.3000574 0.3264185 0.1752157 0.3210146 -0.0198026 -0.3121799 0.2846307 -0.1206225 0.1378279 0.4085030 0.1077406 0.1193192 -0.2886482 0.3000902 0.4049794 -0.4206961 -0.1640889 0.2367282
0.1630046 0.0161445 0.5422431 0.5602261 0.7129102 0.2657379 0.0692070 0.7876141 0.4708448 0.6471296 0.7980045 0.1650757 0.0000000 0.0284833 0.2015264 0.6721258 0.4271862 -0.0522595 0.6078517 0.2093199 0.0191079 0.6865132 0.7037558 -0.1201890 0.5559888 0.6717384 0.2595127 -0.3663527 0.0848666 -0.2590211 0.6000406 0.4512534 -0.1160655 0.0479107 0.7379524 0.1202010 0.5744130 0.7901874 0.4777804 0.3457671 0.4393278 0.2535926 0.7266020 0.2900871 0.4240292 0.6738260 0.7586809 0.5273408 0.3065535 0.6215396 0.7950593 0.6229938 0.3555872 0.4279503 0.6058640 0.7280441 0.7107577 0.5562905 0.6559773 0.6944706 0.7099374 0.7683314 0.4944291 0.6026145 0.3517864 0.6186472 0.7061896 0.7281060 0.6281894 0.7206035 0.6059120 0.6578013 0.6914421 0.6594409 0.6440777 0.6372010 0.4559581 0.5684610 0.5721901 0.3222047 0.3934461 0.0723687 0.0883175 0.0679286 -0.0393026 0.1011417 -0.2121194 0.2325844 -0.0780495 -0.2422038 -0.4965379 -0.2709710 -0.0882371 0.2651831 -0.3181778 -0.4985626 -0.1669258 -0.1315430 -0.0032176 -0.1021199 -0.2547135 0.1056781 0.2366230 -0.1209321 -0.3899289 -0.1514681 -0.0068349 -0.0206092 -0.2399960 -0.0765931 -0.0085075 -0.2545672 -0.0733367 -0.1411708 0.0257314 0.0142135 -0.0062497 0.0998266 0.0729084 0.1033014 0.0641789 -0.0106906 0.0883316 0.0570882 0.0341641 0.0146189 0.0093154 -0.0371156 -0.1150264 0.1542009 0.0917474 -0.2164914 0.0546661 0.2991107 -0.1995245 -0.1010045 0.1973672 -0.1366398 -0.0380856 -0.1182855 0.0102248 0.0272747 0.2899024 0.1687149 0.1564644 -0.2282494 -0.0744291 0.0379649 0.0503015 0.0102179 0.0395672 -0.0625960 -0.1618297 -0.0310321 -0.1650384 0.1196719 0.2521180 -0.0318043 0.2108177 0.1766455 -0.0617694 0.1069987 0.0207774 0.1710250 -0.0668519 -0.0805728 0.0104280 -0.0085095 -0.1833371 0.1213601 0.0163759 -0.0135025 -0.4312451 -0.1601302 0.0566089 0.2046311 0.1866504 0.0647344 0.1595975 0.1626393 0.3710407 0.5762325 0.4574819 0.4853402 0.5813633 0.6160975 0.4881781 0.3151578 0.5675920 0.5042021 0.0340506 0.4786607 0.2851885 -0.1424700 0.0318269 -0.2179632 0.1183208 0.1210379 0.3624765 0.1017885 0.0253956 -0.3148834 -0.1703800 0.0807033 0.1956587 0.3040861 -0.1510965 -0.0560811 -0.2234038 -0.2122918 -0.2625576 -0.2059131 0.3615965 0.1299029 0.0511767 0.0402123 -0.0340799 -0.0080643
0.2474900 0.6485757 0.3717842 0.5829546 0.0640181 0.6942115 0.6478446 0.2652915 0.5664816 0.3634465 0.1449768 0.7465997 0.0284833 0.0000000 0.6632350 0.0696565 0.4670447 0.8613049 0.2681677 0.5218792 0.6092412 0.1680977 0.0206301 0.6429866 0.1667357 0.0210390 0.4617566 0.3637246 0.7302996 0.3077925 0.1457901 0.0771165 0.4239753 0.6945986 -0.0115273 0.4785161 0.0832052 0.1010401 0.3111106 0.3845327 0.0993409 0.4978624 0.1927888 0.3009826 0.3755066 0.1319104 0.1035548 0.1027176 0.6355078 0.0219501 0.0331635 0.0999383 0.7275689 0.2764307 0.0946247 0.1400233 0.1050355 0.4314013 0.2542478 -0.0248182 0.3912763 -0.0462869 0.1568006 0.4248885 0.6553907 -0.0029569 -0.0088706 0.0047799 -0.0401328 0.1870314 -0.0960039 0.4551901 -0.0288955 0.2913763 -0.0158771 0.2042778 0.5709336 -0.1197188 0.0663725 0.3687529 -0.1890077 0.3519868 0.1450088 0.0737692 -0.1308681 -0.0246748 -0.0353186 0.0668618 -0.0037800 -0.1451446 0.0468476 -0.0098939 0.1273743 0.2857507 -0.1206972 0.0022856 0.0537649 0.1103083 -0.0187857 0.2406239 0.0344582 -0.2338549 -0.0897033 -0.0846991 0.1840818 0.1063909 -0.0869989 0.0077322 -0.0655864 -0.1043343 -0.0122376 -0.0321033 -0.0002984 -0.0678459 -0.1247483 0.0399710 -0.1453810 -0.1268278 -0.0352259 0.2269259 0.0785442 -0.0063527 0.1999793 0.3102059 0.1374895 0.2162926 0.0809090 -0.0258718 0.1049036 0.2767310 0.1689043 -0.3139969 0.0698557 0.1984383 -0.2719962 0.1284532 0.3119358 -0.0662639 -0.0399086 0.0994968 -0.0746076 -0.0771873 0.0008568 0.2043971 0.1087599 0.2326203 -0.0934399 -0.0013046 0.1048030 -0.0163243 0.0921922 0.1864894 0.1018233 0.1615513 0.1659750 0.0674862 0.1448044 0.0822160 0.1139700 0.1957933 0.1709229 0.1139264 -0.1208740 0.2655653 0.2038476 -0.0151469 0.0411944 0.2040100 0.2113687 0.1697402 0.1706180 0.2294332 0.2456722 0.5110797 0.6574621 0.5759743 0.6565809 0.2517522 0.5117975 0.2610832 0.0340833 0.1925474 0.2092130 -0.0789281 -0.0475050 0.5081640 -0.0896545 -0.2077338 0.2314783 0.4834718 0.2428504 0.1822288 0.0036857 0.0946592 0.2315347 0.1329191 0.4592088 0.0694808 0.0879198 0.3477872 0.4805126 0.4144955 0.5431403 0.4380908 0.1524314 -0.1076395 0.2766626 0.2123827 0.3017511 0.5104951 0.4914485 0.3254217 0.0246002 0.4167459 0.3740856 -0.0511371 0.1362586 0.4752354
-0.1372330 0.3893973 0.1917298 0.6603342 0.1739891 0.7306745 0.8101974 0.4372214 0.8967509 0.3850778 0.2962256 0.8277617 0.2015264 0.6632350 0.0000000 0.1723053 0.2567727 0.7605272 0.1678617 0.3166578 0.6777970 0.0101424 -0.0742968 0.7840733 0.1500128 0.0186970 0.1205945 0.4714082 0.8485320 0.5751492 0.1623944 -0.0534699 0.4663759 0.7609187 -0.0926633 0.5110273 0.0269302 -0.0067875 0.3079686 0.3816062 -0.1007716 0.6007505 0.0875371 0.6153694 0.6495308 -0.0042764 0.0599322 -0.1603916 0.7560937 0.0348939 -0.0123286 0.0409874 0.7383124 0.2309396 -0.1816549 -0.0185887 -0.0137010 0.5590499 0.2224000 -0.1898792 0.4000574 0.0034663 0.0283006 0.5981888 0.6476507 -0.2057060 -0.2826539 0.1995221 -0.1693844 0.3913903 -0.1950941 0.4930720 0.0444771 0.3213500 -0.0548685 0.3405614 0.5726758 -0.0680730 0.1639132 0.1373272 -0.1941819 0.6501545 0.4266253 0.1330249 0.0385357 -0.1118659 -0.0217170 0.2153856 -0.2072213 -0.2576257 -0.1174611 -0.2506200 -0.1003837 0.2383928 -0.1016933 -0.3146543 -0.2811324 -0.1585345 0.1748569 0.1758496 -0.2132290 -0.3060671 0.2758276 0.0167602 -0.2668252 -0.2175283 -0.0145850 0.0118657 -0.1791197 -0.1379900 0.0791559 -0.1250848 -0.2320438 -0.3794484 -0.3242823 -0.2976950 -0.3617215 -0.1766762 -0.2596465 0.0854473 -0.0657133 -0.1980823 0.3456273 0.1327563 0.0019224 0.0235666 -0.0494890 0.0469541 0.0362897 0.1346371 0.0497650 -0.3227244 0.0551999 0.2716997 -0.5608682 0.0999531 0.3085715 -0.0512134 -0.1204874 0.0857107 -0.2358713 -0.1062244 -0.1935175 0.1672391 0.0662029 0.2149160 -0.0793925 -0.0777260 -0.0818388 -0.1334080 -0.0005230 0.1508061 0.0401099 0.0133800 -0.0507765 0.2071423 0.1576009 0.0047870 -0.1402793 0.1712321 -0.0917201 0.0170451 0.1923452 0.3317227 0.0266901 -0.0000234 0.0165599 0.0939487 0.1722081 0.0582850 0.0697319 0.0971558 -0.0842298 0.1793825 0.5306339 0.5401313 0.6585712 0.1400742 0.6139640 0.5917624 -0.0273803 0.0315142 0.1130578 -0.2095474 -0.1300859 0.3254418 -0.2647334 -0.2160611 0.1725598 0.4258803 0.1452260 0.2080756 0.0279811 0.1384732 0.1883203 0.0586975 0.3714360 0.0617937 -0.0603477 0.2809969 0.2516674 0.2601118 0.1512791 0.3203607 0.0388740 -0.1653394 0.3282946 -0.2336689 0.1443789 0.3127902 0.1023760 0.2421931 -0.1327178 0.4458385 0.5092820 -0.4466957 0.0212777 0.2515364
-0.0685449 0.0915319 0.2064886 0.3647547 0.4111015 0.2973241 -0.0482879 0.6575047 0.4705651 0.6494728 0.8556125 0.1135031 0.6721258 0.0696565 0.1723053 0.0000000 0.6397247 0.0004591 0.7637402 -0.0171422 0.1764749 0.4806765 0.7864227 -0.2135676 0.6374683 0.8928831 0.4068513 -0.4616150 0.1353345 -0.1192991 0.2330174 0.3613642 -0.2288183 0.0931537 0.7809568 0.2595695 0.7465790 0.5386673 0.4851651 0.3441628 0.2528483 0.4802362 0.7147527 0.2426911 0.6624499 0.5774752 0.6928752 0.3803098 0.2212958 0.5073443 0.6255888 0.6350364 0.4328545 0.4831243 0.3372103 0.4693226 0.6424744 0.6265606 0.5372526 0.5819697 0.7572121 0.7736002 0.3158660 0.5938521 0.1378807 0.3727444 0.5598416 0.5399262 0.3902794 0.7282151 0.3076970 0.6729391 0.5039614 0.5922121 0.4477995 0.5517691 0.4097102 0.3464674 0.5306911 0.0802485 0.4135614 0.1321446 0.2672158 0.3903709 0.2998514 0.4275476 0.1495441 0.0990095 0.4543066 0.1593819 -0.2987625 0.0605515 -0.0861170 0.2455042 -0.1116023 -0.1877350 0.0646426 0.0697517 -0.1087132 0.1235988 0.1988642 0.3270807 0.3271245 0.2472272 -0.0787630 0.0932541 0.4039435 0.2838530 -0.1165445 0.2768165 -0.2429113 0.0202850 0.0826219 0.0777566 0.1038516 0.1504204 -0.0351879 0.0174443 0.1212281 0.2555898 0.1286540 -0.0152532 0.1093990 0.0700626 0.2091018 0.1772704 -0.1456305 -0.0969653 0.0643299 0.0569942 -0.0072613 -0.0934317 -0.2330009 0.0320098 -0.0067136 0.0585476 0.1449610 -0.3001329 -0.0890731 -0.0231956 0.0388831 -0.1689102 0.2686892 0.2208279 0.1832536 0.1025722 -0.1499739 -0.0104054 0.0082505 0.0017611 0.1300498 0.2220103 -0.0961792 0.0131154 -0.0344667 0.2012158 0.1829716 -0.0672251 0.0440826 0.2682400 -0.0375051 0.1722377 0.1297791 0.0977066 -0.0256068 -0.0328957 0.0020709 -0.0095547 -0.3374703 0.0881340 -0.0373188 0.0562529 0.0233210 -0.1033568 -0.0873113 0.0798522 0.2189380 0.1586331 0.2263422 0.2215345 0.3115138 0.4654626 0.6101606 0.4184776 0.4711996 0.4605788 0.4376869 0.3114539 0.4504716 0.4758789 0.3077536 0.3539338 0.0751832 0.2763929 0.2191385 0.1921125 0.4614501 0.0542465 0.3127589 0.4249892 0.3563416 -0.2165217 -0.0729274 0.3991475 -0.1210297 0.1023039 -0.1667990 0.1566970 0.2644634 -0.1144520 -0.1193793 0.2545797 0.1682460 -0.1737615 -0.0875275 0.3201786 0.0020974 0.1745173
0.1808092 0.2705927 0.4082184 0.3587074 0.4486342 0.2702550 0.0449911 0.3557302 0.4660912 0.8045829 0.6931575 0.2501689 0.4271862 0.4670447 0.2567727 0.6397247 0.0000000 0.1389947 0.4264401 0.2078619 0.3157600 0.4127977 0.7680705 -0.0940303 0.3365001 0.5222760 0.9123093 -0.4766607 0.3039268 0.1143433 0.2452321 0.3278655 -0.3202488 0.1715155 0.6135983 0.3373729 0.5070229 0.4528849 0.7466535 0.7143560 0.3671857 0.4741130 0.6880895 0.2919507 0.4990550 0.3644999 0.4229516 0.4692630 0.1736561 0.3723823 0.3970814 0.6920395 0.4748748 0.7086498 0.4081502 0.4593112 0.4510818 0.7070283 0.4986840 0.4331677 0.6875332 0.5529297 0.5498679 0.4188837 0.2284938 0.4289571 0.4851691 0.2209309 0.5771693 0.4691100 0.4908650 0.5279040 0.5120623 0.4702939 0.6570885 0.4666579 0.4089244 0.4721919 0.5020490 0.0486330 0.5047723 0.3388315 0.4033191 0.5293775 0.3752263 0.3148479 0.1803902 0.2044823 0.4603601 0.1589247 -0.1318274 0.0028519 0.1104677 0.4146058 -0.1341646 -0.1238244 -0.0164353 0.0453397 -0.1668647 -0.0545142 0.3520703 0.0630949 0.1006064 0.4017088 -0.0225943 0.1071132 0.1107768 0.4122366 0.0383298 0.3230128 -0.1101743 -0.1181502 -0.0537524 0.0383478 0.0280496 0.1212739 -0.0086196 0.0867727 0.1376588 0.1458500 0.1800513 0.1585529 0.4954921 0.0174309 0.1853251 0.1334724 0.1888020 0.3960619 0.0068775 0.3353944 0.2569002 0.1429236 0.0532248 -0.0255845 0.1261541 0.4685864 0.3243963 -0.0722528 0.0746828 0.2577400 0.2351822 -0.1314821 0.4504281 0.5173811 0.3647899 0.3799579 0.0083733 0.0967080 0.1972440 0.1198771 0.5023297 0.4816730 0.0339296 0.2970798 0.1653864 0.4279327 0.5356247 0.1187739 0.3931590 0.6516063 0.2114326 0.3786807 0.0626863 0.5066979 0.2474617 0.1871041 0.2465027 0.2352642 0.1403626 0.3632717 0.1948543 0.3144545 -0.1210403 0.0022272 -0.0229620 0.1184812 0.2820542 0.2535147 0.2971312 0.4236915 0.3255819 0.5953432 0.5588794 0.5831188 0.5504883 0.4975899 0.4767856 0.2640388 0.4919521 0.6142059 0.1671902 0.3011270 -0.0383443 0.2707333 0.0598209 0.1170299 0.3433580 -0.1890531 0.3180829 0.3694599 0.1961466 -0.1726385 0.3342939 0.3264204 0.0416240 0.1757906 0.0739949 0.0463650 0.2378582 0.0181254 0.4136933 0.3019526 0.4877790 0.1524547 0.1944878 0.2647555 0.0391089 -0.0859183
