0.0000000 0.5845532 0.6267415 -0.1323391 -0.0085431 -0.0918220 0.1381126 -0.0659489 -0.0226795 0.0227727 0.0195562 0.1695582 0.4390262 0.3152366 0.3241614 0.0620763 0.1462194 0.2508764 0.0387637 0.3843667 0.2066627 0.1636642 0.1222389 0.4216608 -0.0387722 -0.0024451 0.1520698 0.3914080 0.2011121 0.2839053 0.4436781 0.0820642 0.4444552 0.1614298 0.1191679 0.1291486 -0.0062338 0.1803466 0.0444058 0.3486635 0.2911894 0.0337634 0.0262652 0.4141290 0.0578808 0.0358428 0.0447327 0.3084072 0.2100393 0.1447047 -0.0003137 0.0681513 0.0226634 -0.0251737 0.4369913 0.2179088 0.1638410 -0.0457838 0.4652397 0.0304034 0.2949281 -0.1012544 0.4501596 0.0990808 0.2278630 0.3689272 0.0052839 -0.0902415 0.5020234 -0.0571022 0.2159468 0.1339228 0.0313501 0.3342968 0.2719765 0.1190363 0.2256238 0.4972444 0.5808546 0.5160162 0.6828193 -0.1804682 -0.2819885 -0.2327470 -0.0907629 0.0316912 0.2471647 -0.2578590 0.0221812 -0.1171832 0.3356854 0.2469037 -0.0658360 -0.5710656 -0.3928409 -0.2395692 -0.0861261 0.0308494 -0.4219597 -0.3447304 -0.2302823 0.1611552 -0.1021812 -0.1691003 0.2560395 -0.3524082 -0.0228685 0.1133973 0.2639843 0.0611693 -0.0631847 0.1002168 0.2096079 0.1338098 -0.2469345 0.0282403 -0.1659567 -0.3813520 -0.3412523 -0.0809193 -0.1951259 -0.1194945 0.0011935 0.0382420 -0.0634544 0.0534481 -0.0179033 -0.1724334 -0.0086577 0.2058400 -0.1346027 -0.1616704 0.0255229 0.2161364 0.3535550 -0.0980884 0.0023311 0.0233801 -0.0307242 0.0088205 -0.1922438 0.0175461 -0.1178605 0.4127426 -0.2190658 0.1844594 -0.0258809 -0.0605506 -0.2781665 -0.1670403 0.0342438 0.4966170 -0.0337524 0.1242951 -0.1747399 0.2256050 0.0066921 -0.1602282 -0.1658289 0.2027877 -0.0672326 -0.1195339 0.1288607 0.0696671 -0.0550790 0.1186690 -0.0496452 -0.1576152 -0.3500080 -0.1373348 -0.2378915 -0.3527292 -0.2853220 0.0061573 0.1945981 0.0434682 0.1670996 0.3403429 0.2757805 0.4752443 0.0537801 0.6776646 0.4190947 0.4303409 0.3193997 0.4853647 0.5116927 0.5446705 0.3306750 0.1877619 0.1471532 0.2795318 0.1628595 0.1380376 0.1727349 0.0359037 -0.0326912 0.2180674 0.5143891 -0.1602234 0.2929718 0.3571460 0.2478588 0.2840137 0.4329813 0.5795313 0.1239026 0.5162844 0.1544995 0.4347073 0.3229683 0.1169409 0.5337105 0.2352297 0.1390910 0.2248339 0.3911906 0.2218544
0.5845532 0.0000000 0.5099934 0.1285960 0.0491457 0.0946049 -0.0105697 0.2981925 -0.0675693 0.2426707 0.3681089 -0.0352755 0.6283173 0.0477716 -0.0107414 0.3905021 0.4108106 -0.1205631 0.3009965 0.3429681 0.0254747 0.3363569 0.4533615 -0.0078013 0.2845887 0.1802401 0.4135893 -0.0371059 0.0779689 0.3747562 0.5096307 0.2343143 -0.0111332 -0.1779786 0.2405135 0.2068344 0.0547821 0.4651337 0.3769689 0.4615770 0.3348693 0.2744755 0.2251677 0.1297695 0.1908157 0.3218940 0.1738582 0.6080770 0.2580652 0.3217922 0.1026821 0.3837085 0.0616046 0.3404329 0.7299225 0.7309497 0.2061834 0.4338366 0.5175036 0.1818076 0.1015596 0.2792733 0.4709684 0.2944144 0.0944928 0.4363757 0.1646758 0.3299777 0.5856496 0.2904235 0.1415407 0.1259981 0.1661514 0.2508220 0.2908413 0.3279950 -0.0794691 0.2105621 0.4324196 0.3563507 0.2120557 -0.0331645 -0.2780789 -0.1597877 -0.0590858 -0.1275907 0.2648979 -0.0340945 -0.0716790 0.2040215 0.0745029 0.2570522 0.0054952 0.0293224 0.2297871 0.1707343 -0.1967023 0.1624425 0.2219171 -0.1488884 0.1949349 0.0501791 -0.1795527 0.1974441 0.3786650 0.1593650 -0.0139969 -0.2255323 -0.0901477 -0.0428007 0.1570444 -0.0724242 -0.0432319 0.1093067 -0.0321264 0.0255089 0.0073357 -0.1382115 0.0191327 -0.1488681 0.1222968 0.2605555 0.0967714 -0.0245676 -0.2135388 0.1774422 0.5054854 0.1345324 -0.0456161 0.2486404 0.0545523 0.0585398 0.3602852 0.1303409 -0.0728030 0.1207611 0.3989402 0.0159544 0.1884858 0.1301244 0.2179257 0.2283687 0.2350667 -0.0044014 0.1083846 0.1589701 0.2896554 0.3761147 0.0188485 0.3309426 0.4576579 0.4363432 0.1590671 0.2418170 0.2752357 0.3632711 0.2025648 0.2411754 0.0526759 0.3314319 0.4565909 0.2170400 0.3409920 0.1219046 0.3110032 0.5138079 0.2774898 -0.1005548 -0.1595113 0.1695197 0.1887756 -0.1332738 -0.0805462 -0.2053583 0.2883556 -0.0755022 -0.2171029 0.0312317 -0.1341363 0.0514957 -0.1410237 0.1687906 0.6146840 0.5109334 0.5221697 0.3230704 0.5645984 0.5914434 -0.0813559 -0.1642214 -0.1009042 0.0255197 -0.1196647 -0.1070918 0.0233428 -0.1740246 -0.2971805 -0.1951852 0.0515935 -0.0238095 0.0649448 0.2100574 0.0536766 -0.0636776 0.4054929 0.4362043 0.1000770 -0.1317265 -0.2141036 -0.0394559 0.0643623 -0.3778658 0.0297258 -0.3247320 -0.2654976 0.0628290 0.2889643 0.2362924
0.6267415 0.5099934 0.0000000 0.0587303 0.4681838 0.0471048 0.0867472 0.2816316 0.1212776 0.0342752 0.0741009 0.0027701 0.8264273 0.2886716 0.2004363 0.1570856 0.0771044 0.2078923 0.0706513 0.4962103 0.0904306 0.4276020 0.2018643 0.2991877 0.1233896 0.1461155 0.2035542 0.4318678 0.1207205 0.1156007 0.5290756 0.2862564 0.4117624 0.2133868 0.2757061 0.3086001 0.1756042 0.4170677 0.1218636 0.1563609 0.2718520 0.2289277 0.2026330 0.4696818 0.2831024 0.1966715 0.1760504 0.5144765 0.3260578 0.2177901 0.1833215 0.2274877 0.2364296 0.1094336 0.6846722 0.4218838 0.2405898 0.1200097 0.6680937 0.2163895 0.5398147 0.1417928 0.5426040 0.1518432 0.2124800 0.3132256 0.1783263 0.1807938 0.5086114 0.1083130 0.2702353 0.1893883 0.3312896 0.4770640 0.3408781 0.3527398 0.2284035 0.5884281 0.6912432 0.6576291 0.6161745 -0.0565674 -0.2462197 -0.3379491 -0.0619701 0.1701163 0.2329726 -0.1451011 0.2135542 0.0771033 0.2067323 -0.0694693 -0.1726769 -0.2560360 0.0039537 0.1378075 -0.1235748 -0.1806099 0.0982131 -0.0259283 0.1304086 -0.0395179 0.0142106 -0.1283838 0.2100972 0.0186978 0.0011565 0.0068787 0.1323315 -0.1086968 0.2967179 0.0408972 0.2751742 0.1594737 -0.1682399 0.1673484 0.2236361 -0.0098403 -0.0482006 -0.0278361 0.1581201 0.2843278 -0.1148797 0.3487825 -0.2508572 -0.3060011 0.3116149 -0.3004762 -0.5076534 0.3512740 -0.4275761 -0.3238364 0.0279938 0.3291608 0.1337606 -0.2708316 -0.0317989 -0.4591667 -0.4051112 -0.4315753 -0.2048671 -0.2976125 -0.0308681 0.4883645 -0.3334122 0.3092588 -0.3363362 -0.2769923 -0.3124392 -0.0961124 -0.1406539 0.5980107 -0.2284046 0.2113394 -0.2320541 0.1358355 -0.0862808 -0.1820076 -0.0866170 -0.1327030 -0.0533107 -0.1108895 0.1246970 -0.1265491 -0.1631028 0.2151208 -0.0694366 -0.2155795 -0.4803143 -0.2767588 -0.2696877 -0.5547658 0.1207872 -0.0054527 -0.0105749 0.0210704 0.1516620 0.2947015 0.2939968 0.4758553 0.0760654 0.6314547 0.5067864 0.5069741 0.4604492 0.5685408 0.6682145 0.6334040 0.2383427 0.0705377 -0.0918814 0.2515518 0.0781934 -0.0851936 -0.0876512 -0.2667050 -0.2274111 0.1044879 0.4097292 -0.5181826 0.3077049 0.3333040 0.4084526 0.0778159 0.3739842 0.7159215 -0.3155125 0.2757871 0.3016072 0.3453761 0.2823264 -0.1723206 0.3303003 0.1361147 0.0512060 0.4749358 0.4839792 0.5718392
-0.1323391 0.1285960 0.0587303 0.0000000 -0.0243321 0.6244047 0.5634948 0.6129448 0.7083540 0.4830527 0.4962580 0.6314793 0.2151436 0.1309734 0.4305399 0.2623632 0.1642103 0.0353907 0.1823760 0.2126006 0.4764180 -0.0014587 0.2478317 0.1768210 0.2248590 0.3324490 0.2335608 0.0995816 0.4041717 0.2789550 0.2686498 0.1493120 0.1455140 0.3719673 0.2121540 0.2764419 0.3311141 0.1026170 0.4035844 0.3407078 0.3431276 0.2781179 0.1958691 0.2678484 0.5650007 0.0553280 0.2751909 0.0882776 0.6027754 -0.0990182 0.2306970 0.3134134 0.6698981 0.3615784 -0.0130852 0.2695132 0.2013086 0.5198870 -0.0987281 0.2086289 0.3436089 0.3922062 0.0065348 0.4482522 0.7064201 0.0834534 0.2091181 0.4062927 -0.0157526 0.4067403 0.1071810 0.6161065 0.2291316 0.3949834 0.1668308 0.2703427 0.4286566 -0.0547186 -0.0139320 0.2154597 -0.0554113 0.0089778 -0.1167325 -0.1732857 -0.0693939 -0.2155084 0.1093156 0.0975849 -0.1043769 -0.2845561 0.0687630 0.5019052 0.2470471 0.2544802 0.2207676 0.2483957 -0.0843311 0.0082912 0.1097356 -0.2244179 -0.2566022 0.0879394 -0.2054270 -0.1849304 -0.1321695 0.0779910 0.1307961 -0.0915078 -0.2553585 -0.3278939 -0.0026462 -0.0735650 -0.0907063 -0.0538291 -0.1119368 -0.2811533 -0.1557726 -0.0881286 -0.0976456 -0.0003541 -0.1374251 -0.1853924 -0.1204673 -0.1322410 0.1411113 0.0896209 -0.0622713 -0.1892017 0.2009181 -0.4462731 0.1297399 0.0261081 0.0552961 -0.4082383 -0.2267295 -0.2512664 -0.2273443 0.1456247 0.2294017 0.2551364 0.0018588 0.1423619 -0.0591545 -0.1194037 0.0563245 -0.4281667 0.1916034 0.1959427 0.0533795 0.1164649 0.0876552 -0.2349399 0.1075248 -0.2329738 -0.0992821 -0.1190629 -0.0368530 -0.1691694 0.0167427 -0.0294759 -0.0731916 0.0522244 -0.2281955 -0.1083438 0.0337629 -0.2974440 -0.1830752 -0.1564456 0.0964458 -0.0132294 -0.1609169 -0.0551132 -0.0702059 0.1862953 0.1219426 0.3186081 0.0699305 -0.0672339 0.0599708 -0.0822710 0.0850364 -0.0656173 -0.1822945 0.0613596 0.0006689 0.3009761 0.0158689 -0.1092100 0.1993815 0.3404668 0.1370691 0.3212607 0.4571181 0.0610844 0.0686836 0.0094868 0.3144437 0.3666824 0.1878913 0.1451259 0.4733675 0.3385378 0.1865258 0.1575136 0.2538268 -0.0070894 0.2571501 -0.0328237 0.3759009 0.0915520 0.3166804 0.1826773 -0.1286214 0.2731635 0.3600558 -0.3104040 0.1050226 0.4073549
-0.0085431 0.0491457 0.4681838 -0.0243321 0.0000000 0.3120512 0.0199682 0.1184501 -0.0011479 -0.1725261 -0.1968329 -0.2276677 0.2063270 0.0418579 -0.0239040 -0.1459639 -0.1398919 0.1767655 -0.2405099 0.0099511 -0.0944862 0.1122328 -0.1588512 0.0270253 -0.1020517 -0.1563334 -0.0094470 0.1960195 0.1967877 0.0660365 -0.0076344 0.1390434 0.1103402 0.2175186 -0.1336244 0.5684673 -0.0940604 0.0186557 -0.1696968 -0.1111878 -0.1767415 0.5347058 -0.1371379 0.0973326 0.1855174 0.0580906 -0.1495546 0.1737095 -0.0911050 0.1748680 -0.1089728 -0.1746184 0.0751755 -0.1145320 0.3534599 0.1112879 -0.0802863 -0.0886796 0.6948246 -0.0652534 0.3991481 -0.0382032 0.4738133 0.0116327 -0.0122694 0.2570306 -0.0275178 0.0358618 0.4198903 -0.0219980 -0.0152128 -0.0678853 0.1020944 0.2626697 0.0978619 0.1309197 -0.0489825 0.1788776 0.2711757 0.2280966 0.1258040 0.2893754 0.4844316 0.0056954 0.3064881 0.5284802 0.1457826 0.2332299 0.1779876 0.4925121 -0.1615050 -0.2991888 -0.0120259 0.0635458 0.1873839 0.0353511 0.1914743 0.0142632 0.4273822 0.4657734 0.5692688 0.0338156 0.5003940 -0.1168803 0.0883139 0.3609910 0.2377781 0.1486724 0.3601160 0.1514077 0.5704332 0.1790954 0.2935395 0.2662012 0.1552215 0.3391877 0.6598874 0.6087917 0.2386892 0.2673258 0.6147967 0.6002831 -0.0897670 0.6118750 0.0728735 -0.4158458 0.3460137 -0.0853214 -0.5698971 0.5503955 -0.2088862 -0.3390408 -0.1854413 0.2337965 -0.0905137 0.0146190 0.1832954 -0.5162603 -0.4545018 -0.4649621 -0.0561026 -0.3162439 -0.0277958 0.0184482 -0.0985558 0.5325953 -0.2975151 -0.2380643 0.0385393 0.0790504 -0.1470915 0.0441260 -0.1696377 0.4235934 -0.0694970 0.1365640 0.1430952 -0.0035469 0.0660492 -0.1682421 0.0655547 0.1206171 0.0465688 0.0708962 0.0750882 0.1488551 0.2581269 0.1137328 -0.1099999 0.1896909 0.0807953 -0.0963694 0.5687879 0.1293208 -0.0929443 0.1115759 0.0605872 0.2337833 0.1243499 0.1927052 0.0508870 0.4314618 0.5704509 0.4627327 0.5696732 0.3042271 0.5438105 0.4772559 0.0976600 -0.2391346 -0.2179733 -0.1369368 -0.2536073 -0.1941490 -0.1956904 -0.2809684 -0.2789072 -0.1684889 0.0056440 -0.4139730 -0.0580333 -0.0218538 0.1434547 -0.1189024 0.3662046 0.3974894 -0.5107291 0.0547330 0.0757340 -0.0544547 0.1100331 -0.3845140 0.2785444 -0.1506294 -0.2699737 0.5551898 0.1988299 0.2540668
-0.0918220 0.0946049 0.0471048 0.6244047 0.3120512 0.0000000 0.6907139 0.3318456 0.6647442 0.3679121 0.2170527 0.6335695 0.1268960 0.3352293 0.4934387 0.0445583 0.2592299 0.2074641 -0.0505529 -0.1999173 0.6822817 -0.0820401 0.0653914 0.2021446 0.0155090 0.1185097 0.1213225 0.1254656 0.8061259 0.3820749 0.1025583 0.1594326 0.0417136 0.5206936 -0.0081230 0.8101790 0.1623378 0.0146896 0.0514016 0.1335802 0.2231788 0.8496044 -0.0853914 0.1367671 0.6645581 0.0332593 0.0547390 -0.0239542 0.4348060 -0.1376908 0.0241378 0.0431109 0.6347139 0.2440923 0.0407462 0.0820902 0.0665838 0.4362235 0.2412291 0.0308346 0.5489023 0.2859543 0.2903778 0.4496885 0.6502582 0.4061129 0.1533558 0.3931077 0.3297550 0.3241496 0.1874210 0.4081355 0.3009101 0.4342612 0.3360999 0.3358109 0.3291903 0.1735105 0.3285869 0.4837825 0.1408891 0.4196228 0.3338115 -0.1076947 0.3514257 0.1924033 0.2322626 -0.0607670 -0.0538111 0.0646363 -0.0324150 0.4416143 0.3935007 0.0281038 -0.1203946 -0.0499341 0.2162777 0.1376840 0.0601446 -0.0152250 -0.0207318 0.2485680 0.2082886 -0.4450917 -0.0323053 0.1201491 0.4579094 0.2098651 0.2319860 -0.0958808 0.3480365 0.2784511 0.1891713 0.2630552 -0.1418922 -0.1203178 0.0983698 0.1854609 -0.1674510 0.2982674 0.1683964 0.0646172 -0.1270876 0.1787073 0.3544480 0.1001760 0.1010059 -0.1663850 0.1677191 0.0685288 0.1102681 0.0191837 0.2306683 -0.3726263 -0.1245452 -0.0604732 0.1029657 0.0969022 0.0223436 0.2873435 0.1393816 0.0781746 0.1849246 -0.2077196 -0.0523178 0.0666831 0.0766147 0.1335602 0.2458432 0.0823411 0.2579943 -0.2723179 -0.0365442 0.1552794 0.0292761 0.1537646 0.1731109 -0.2375660 0.1203138 0.2754855 0.0055697 0.0887291 -0.0051218 0.2253323 0.0466902 -0.0767298 0.1799702 -0.0120149 -0.0549190 0.2221386 -0.0795776 -0.2205707 -0.0131813 0.1901213 0.3182345 0.4043434 0.2617780 0.1313561 0.2793005 0.1255964 -0.2487340 0.0018183 0.0847473 0.0471874 0.3752947 0.4241902 0.4181284 0.2937541 0.2771168 0.1639750 0.2341893 0.2645232 0.2952457 0.2692798 0.2207241 0.1658385 0.2539714 0.3608802 0.3680912 0.0137130 0.4318569 0.1223889 -0.0762504 0.1124874 0.5947083 0.2569735 0.3235200 -0.0013998 0.3459514 0.0773390 0.2228049 0.2088276 0.3874034 0.3031131 0.3542181 0.2452096 -0.0603031 0.2964878
0.1381126 -0.0105697 0.0867472 0.5634948 0.0199682 0.6907139 0.0000000 0.0314478 0.6984823 0.0142654 -0.0673998 0.8904056 0.0052913 0.2459532 0.6901188 -0.2654973 -0.1524177 0.3569517 -0.3184973 0.0039180 0.8312889 -0.1152359 -0.2541833 0.4984782 -0.2897854 -0.1081762 -0.1984498 0.2604963 0.7478605 0.1203924 0.1175683 -0.1938602 0.2882926 0.6865416 -0.2822377 0.5780730 -0.0000450 -0.2766608 -0.2029271 -0.1191562 0.1700925 0.4752507 -0.3191843 0.2476708 0.4613805 -0.4396457 -0.1520645 -0.1601173 0.5215084 -0.6149533 -0.1904811 -0.1338940 0.6093053 -0.0622773 -0.2678453 -0.3326876 -0.1517189 0.1071225 0.1605434 -0.2131008 0.5245401 -0.0496945 0.1655799 0.1277201 0.8065526 0.0776725 -0.1112638 0.0493860 0.1334736 -0.0329082 0.0216923 0.3959968 0.0715289 0.4219771 0.0212021 -0.0205878 0.5518303 0.1233456 0.2233909 0.4507136 0.2647011 0.0409595 0.1047922 -0.0244808 0.2910838 -0.0335529 -0.1674577 -0.2846046 -0.2377286 -0.2379435 -0.0288200 0.2148271 0.2473722 -0.0391805 -0.3262765 -0.1789150 0.0063830 0.0118932 -0.2022312 -0.0645961 -0.3781401 0.2455719 0.0076297 -0.4227849 -0.2803205 -0.2272534 0.2621007 0.2747949 0.0683971 -0.0796378 0.0356386 0.1311169 0.2649835 0.2828930 -0.0376121 0.0524385 0.0871834 0.0883884 -0.0836795 0.3233724 0.0069292 -0.0237947 -0.2425817 0.2407127 0.4660826 0.0557988 -0.1515315 -0.3709858 0.1910925 -0.2141275 -0.0190041 -0.1238385 -0.0303255 -0.4863044 0.0531918 -0.3768423 -0.2210751 0.1216429 -0.0755012 0.1698683 0.1193411 -0.0809677 0.0328103 0.0497191 -0.2555510 -0.1194213 -0.0367584 -0.0562496 0.1398943 -0.2368217 0.0349466 -0.1539501 -0.0342132 0.0922616 -0.1886868 0.0510545 0.1356881 -0.4068274 0.1043615 0.1713843 -0.0170515 -0.0513175 -0.0626295 0.1194256 0.0934986 -0.2837480 0.0185888 0.0201116 0.0113863 0.0167836 -0.1390219 -0.2287296 -0.1151395 0.2699035 0.5227144 0.6917517 0.5795171 0.4730010 0.5391715 0.3157325 0.1145657 0.1593097 -0.0203698 0.1495801 0.3185867 0.5290627 0.3144106 0.1790367 0.6692171 0.5386508 0.3709796 0.3877647 0.5922388 0.4327043 0.2940643 0.2750654 0.5435019 0.5980368 0.6124468 -0.0068656 0.4212951 0.1620401 0.0434321 0.3165579 0.5049889 0.2363093 0.2547992 0.2041705 0.3553537 0.2155975 0.3652853 0.4275296 0.4542132 0.5406431 0.5433170 0.0907842 0.0524509 0.2789725
-0.0659489 0.2981925 0.2816316 0.6129448 0.1184501 0.3318456 0.0314478 0.0000000 0.2275539 0.7304449 0.8649260 0.1649171 0.5331626 0.0282420 -0.0455514 0.8127866 0.6355583 -0.2771850 0.7357104 0.3892756 0.1379439 0.4963909 0.7774059 -0.2799401 0.8012758 0.8041165 0.5415253 -0.0964632 -0.0439005 0.3156319 0.5265453 0.7557036 -0.1799140 -0.1642441 0.7237144 0.0819542 0.7558360 0.7380586 0.7106591 0.5299510 0.6174554 0.1607606 0.6715351 0.1713759 0.6424394 0.7300782 0.7901292 0.6219597 0.4931198 0.5675250 0.7520090 0.6648006 0.6281790 0.6816818 0.3948370 0.7140412 0.7744187 0.7699674 -0.0607031 0.7949798 0.4110514 0.8233309 0.0349581 0.7734128 0.4205312 0.5357665 0.7985041 0.8074943 0.2891880 0.8553634 0.6390963 0.7149220 0.7108747 0.6398815 0.6626455 0.7831504 0.4922167 0.3208077 0.3046834 0.3430950 -0.0286947 0.1627548 -0.1418595 0.0213226 -0.0976408 0.0220260 0.2482808 0.0356991 0.1927975 -0.0364040 0.0723296 0.3820024 0.3275064 0.3550815 0.4278404 0.5330874 0.0233060 0.2033611 0.2524621 0.0412359 0.0333451 0.1884401 -0.0241377 0.1229789 0.2147061 0.2308002 0.3236294 -0.0495208 -0.0382946 -0.0169080 0.1533669 0.1262203 0.0983858 0.0967401 -0.1337184 -0.1184734 -0.1526173 -0.0329817 -0.1391959 0.0798067 -0.0378959 -0.0814433 0.2517886 -0.2151246 -0.1694513 0.1424983 0.3461784 0.2793527 0.0617900 -0.2000725 0.1659943 0.1523215 0.2330977 0.1120350 -0.0829298 -0.1857934 0.0307414 0.0731392 0.1400701 0.2196982 -0.1944298 0.0918584 0.1173116 0.1765635 0.1613562 -0.2303861 0.1119154 0.0096748 -0.1941411 0.2155272 0.2733405 -0.1271966 0.0392880 -0.2264345 -0.0582666 0.0186914 -0.0053112 -0.0351414 0.0065102 0.0794219 -0.1600995 0.0340506 0.0037082 0.0066668 0.0962501 -0.0439603 -0.1300253 -0.2115712 0.0465076 -0.0284795 -0.0810222 -0.0003869 0.1450173 0.1708760 -0.0673881 0.0128575 -0.0663900 -0.3671567 -0.0333315 0.0141499 -0.0650096 -0.0756494 -0.0730710 -0.0231127 -0.1227542 0.4057200 -0.0100400 -0.1173198 0.1272293 0.3121171 0.1508567 0.4421004 0.3539898 0.0999194 0.1471758 0.0588657 0.1592773 0.3591200 0.0946685 0.0782536 0.5047811 0.2807197 0.3416046 0.1767828 0.0858676 0.1858138 0.0818559 0.0799223 0.3351823 0.2513681 0.3953916 0.1130925 -0.2417855 0.2608817 0.2794161 -0.2139339 0.0070003 0.4598957
-0.0226795 -0.0675693 0.1212776 0.7083540 -0.0011479 0.6647442 0.6984823 0.2275539 0.0000000 0.3138490 0.0459561 0.7319484 0.1512411 0.5544067 0.8259968 -0.1068760 -0.0205800 0.6215226 -0.1793084 0.1409922 0.5901395 -0.0398576 -0.0482855 0.6804323 -0.1310471 -0.0237072 0.0581900 0.5938729 0.6888445 0.3235811 0.2856453 -0.0095343 0.5954348 0.8179870 -0.0507893 0.4435712 0.0684572 -0.1115284 0.0623069 0.0582877 0.1723370 0.3996906 -0.1131468 0.4611486 0.4381602 -0.2361826 -0.0184294 0.0352615 0.7119704 -0.3432087 -0.0774648 -0.0118734 0.6350257 0.0595926 0.0086248 -0.0763792 -0.0280037 0.2296313 0.1140685 -0.0594378 0.4260905 0.0453974 0.3614289 0.1948053 0.7680945 0.1763609 -0.0533159 0.1013008 0.1669418 0.0651639 0.0651642 0.4559351 0.1242502 0.2693411 0.0870611 0.0558136 0.4821361 0.1611579 0.2155096 0.4857302 0.3049969 -0.1516613 -0.1665802 -0.3025958 -0.0122066 -0.1530883 0.0621712 -0.1912462 -0.1781175 -0.3932824 -0.0309994 0.3466155 0.0006608 -0.2070449 -0.1005020 -0.0788835 -0.2931343 -0.2044533 -0.1438501 -0.4198769 -0.4308774 -0.0436515 -0.1823744 -0.5536125 -0.4371263 -0.1866852 0.0808872 -0.0216147 -0.0510392 -0.1754457 -0.1054165 0.0758470 0.0669255 -0.0336016 -0.1147500 -0.1165301 -0.1916081 -0.0604119 -0.2079508 0.0417488 -0.1406680 -0.2648269 -0.5339268 -0.0171426 0.2135854 0.0390601 -0.1976999 -0.4549005 0.2281946 -0.2791209 0.0631979 -0.1679785 -0.0113030 -0.4401997 -0.2670677 -0.2180191 -0.2259407 0.1046535 0.1387124 0.0995250 -0.1006826 0.1015290 -0.3639135 -0.0023550 -0.0645541 -0.2703197 0.0387095 0.0409551 -0.1868769 -0.0317454 -0.0522999 0.0110729 0.0360514 -0.2630340 -0.2376430 -0.1420334 -0.3647253 -0.3379068 -0.3237417 -0.1154792 -0.3047344 -0.0097444 -0.2566720 -0.2999284 -0.2315522 -0.1875613 -0.2000360 -0.3849800 -0.3287414 -0.2599346 -0.4163995 -0.5427645 -0.2564626 0.1095717 -0.0012646 0.4209928 0.2279228 0.0638901 0.2522241 0.0770145 -0.1482602 0.0270999 -0.0699215 0.1523121 0.2035805 0.3415863 0.2304501 0.1533998 0.2902963 0.3249267 0.1775817 0.3429106 0.5262791 0.1105101 0.1087546 0.0312388 0.3413485 0.5020789 0.5187617 -0.0126636 0.3892312 0.4086806 0.1227297 0.2174680 0.2436509 0.3101730 0.3793823 0.1191010 0.4408618 0.3846338 0.3001525 0.2828763 0.2289361 0.4560174 0.5937037 -0.0628380 0.3117741 0.6335555
0.0227727 0.2426707 0.0342752 0.4830527 -0.1725261 0.3679121 0.0142654 0.7304449 0.3138490 0.0000000 0.8257875 0.3388535 0.4482254 0.3569969 0.0591594 0.7788382 0.8625790 -0.1282839 0.8206433 0.0615740 0.3416616 0.5001787 0.8020678 -0.1935383 0.7961902 0.7597036 0.6158997 0.0047728 0.1073517 0.5211384 0.5156246 0.7040623 -0.0727644 -0.1085083 0.7779452 0.0969718 0.7240073 0.7259498 0.8375809 0.6131191 0.6078343 0.1824571 0.7445557 0.3843753 0.5547853 0.7470616 0.7671877 0.4609813 0.6361813 0.4758484 0.7268354 0.6959405 0.5824200 0.7726003 0.2850541 0.5595578 0.7653364 0.8469780 -0.2186635 0.7441080 0.2860607 0.7941416 -0.0447631 0.7780133 0.3799576 0.5608769 0.7907442 0.7784743 0.2464170 0.8424568 0.6347144 0.6595982 0.7031231 0.4981268 0.6566829 0.7676548 0.4654001 0.3528716 0.3420312 0.4272282 0.0859654 0.1130217 -0.2636421 -0.0729435 -0.1967019 -0.0159011 0.3462290 -0.0491008 0.2220321 -0.1011139 0.2788244 0.6724814 0.4027813 0.1208889 0.2706321 0.3717949 0.0796129 0.2149407 0.0150878 -0.2448955 -0.1284720 0.1538304 -0.1771196 -0.0601463 0.1475149 0.1215804 0.2877660 -0.0776373 0.0202447 0.0549446 -0.0230804 0.1726585 -0.0492010 -0.0688509 -0.2763868 -0.3751703 -0.4704651 -0.2875516 -0.3887086 0.0019042 -0.3164789 -0.3803892 0.2322470 -0.5682446 -0.1873068 0.2988149 0.0767623 0.3124023 0.3615200 -0.2901075 0.2344891 0.2640094 0.3884668 0.1456864 -0.0357287 -0.0345892 0.0155899 0.3204031 0.3606504 0.4488027 -0.2704790 0.2538385 -0.0028121 0.2533105 0.1373400 -0.3429291 0.2586285 0.2400707 -0.2481991 0.1322875 0.2777831 0.0625607 0.0048523 -0.3710755 0.0856466 0.1588686 -0.1000237 0.0049520 -0.1670163 0.2281986 -0.1742702 -0.1272046 0.0440555 -0.0180842 -0.0381176 0.0156091 -0.1914188 -0.2979368 -0.1843035 -0.1349671 -0.1141618 -0.0317518 -0.3366781 0.0911711 -0.0384052 -0.0024079 -0.0003942 -0.4251604 0.0264183 0.1034867 -0.1876430 -0.1125100 -0.1627910 -0.1421594 -0.2659983 0.2820371 -0.1360223 -0.1835638 -0.0124441 0.2929203 0.2947130 0.5255937 0.3693161 0.2224324 0.2800652 0.2210462 0.2952529 0.4429738 0.2537422 0.1844308 0.5733766 0.3402696 0.2373517 0.3012275 -0.0338754 0.1360936 0.4320960 0.2140133 0.3788974 0.4108926 0.2931622 0.3713889 -0.2003381 0.3502158 0.4316040 -0.2699820 -0.1586803 0.4222674
0.0195562 0.3681089 0.0741009 0.4962580 -0.1968329 0.2170527 -0.0673998 0.8649260 0.0459561 0.8257875 0.0000000 0.1842856 0.4280447 0.0743811 -0.1352249 0.9364094 0.8297037 -0.4706365 0.8940411 0.1462064 0.1230067 0.4596237 0.8943518 -0.4325285 0.8337375 0.9058998 0.6279222 -0.2658667 -0.0841067 0.4289727 0.4226479 0.6715332 -0.3575383 -0.3612327 0.8280450 -0.0929682 0.8006377 0.7288448 0.8195897 0.7178824 0.6428543 0.0330998 0.7783428 0.1175512 0.6007116 0.7661338 0.8526035 0.4520974 0.4081560 0.6219717 0.8394091 0.7891689 0.5330461 0.7859674 0.2543722 0.7171881 0.8241907 0.8516043 -0.2680811 0.8450145 0.2494235 0.8850190 -0.1964014 0.8903168 0.3350412 0.4731047 0.8499677 0.8334627 0.1295313 0.9284447 0.6217225 0.7079899 0.6438722 0.5661070 0.6689967 0.7718942 0.3595198 0.2170528 0.1946924 0.2022945 -0.0981699 0.0812830 -0.3168681 -0.0338008 -0.2122700 -0.1885989 0.1766587 0.0647209 0.0538234 -0.1544780 0.1408697 0.5148527 0.3058117 0.3497695 0.2460966 0.3609226 0.0524304 0.2185319 0.0342328 -0.1117468 -0.1422332 0.1487781 -0.2514033 0.1478662 0.2720173 0.0601684 0.1599456 -0.1890044 -0.1562434 -0.1463900 -0.0651865 -0.0372685 -0.1683779 -0.1074733 -0.3187949 -0.3940340 -0.4055569 -0.3486377 -0.2760337 -0.1259967 -0.2543575 -0.2830711 0.3521525 -0.4716716 -0.2467251 0.2675086 0.2034501 0.2954335 0.2641623 -0.2927772 0.2495132 0.1917554 0.3268158 0.1533972 -0.0209286 -0.1491333 0.0764109 0.2747229 0.3355816 0.4353660 -0.1843398 0.2682246 0.1776136 0.1075905 0.2029680 -0.3932272 0.2925462 0.2273340 -0.1462923 0.2472088 0.3710665 -0.1923246 0.1097657 -0.3021182 0.1243367 -0.0109399 0.0724986 0.1027936 0.0122815 0.1765263 -0.0208941 0.0001151 -0.0463145 0.0343301 0.1575334 -0.0894210 -0.1894132 -0.1444027 0.0855911 -0.0370194 0.0301064 0.1822560 -0.1219695 -0.0270255 -0.0257507 -0.1537053 -0.1782606 -0.4799873 -0.1625971 -0.0381726 -0.0489788 -0.1295633 -0.1680697 -0.1636584 -0.3244280 0.2846389 -0.1923101 -0.2586986 -0.0321842 0.2637759 0.1161918 0.3868339 0.2651493 0.0854709 0.1354007 0.0971095 0.1246484 0.3305047 -0.0132290 0.2115407 0.4780572 0.1696732 0.1463750 0.0935545 -0.0365852 -0.0284284 0.2591930 0.0939809 0.2026265 0.1307605 0.1925768 0.1653251 -0.3603279 0.1860800 0.2246602 -0.3355844 -0.1159876 0.2035754
0.1695582 -0.0352755 0.0027701 0.6314793 -0.2276677 0.6335695 0.8904056 0.1649171 0.7319484 0.3388535 0.1842856 0.0000000 0.0541333 0.3140834 0.6514261 -0.0312450 0.0976925 0.2412992 -0.0267950 0.0183210 0.8993481 -0.0325275 -0.0017173 0.4047388 -0.0448285 0.1557424 0.0059067 0.2332119 0.6444947 0.2876670 0.2629383 -0.0545760 0.2696129 0.5777124 0.0012206 0.4499616 0.2345264 -0.0990769 0.0836392 0.1226220 0.2761026 0.3167741 -0.0587465 0.3687126 0.5330967 -0.2247712 0.0993477 -0.1397748 0.6986426 -0.4900727 0.0566286 0.0706078 0.7420514 0.1529287 -0.2682404 -0.2355646 0.0971023 0.3133419 -0.0568344 0.0301647 0.5632333 0.1440250 -0.0173287 0.3382382 0.8842825 0.1522714 0.1172954 0.2193481 0.0560736 0.1987615 0.1973533 0.6417177 0.2236624 0.5248743 0.1695157 0.1503529 0.7055058 0.1726129 0.2180701 0.5082224 0.2596794 -0.0472283 -0.1314544 -0.1343173 0.0106433 -0.1528719 -0.0910293 -0.3230722 -0.2048225 -0.4407875 0.1687531 0.4829351 0.3143613 -0.1369455 -0.3279383 -0.1073469 0.0303421 0.0223318 -0.3891213 -0.3386418 -0.6050294 0.1868227 -0.1138515 -0.4812365 -0.2269594 -0.2970435 0.2181256 0.1962111 0.0772072 -0.1009331 -0.1529085 0.1695560 0.1464426 0.1360309 -0.1952719 -0.1672877 -0.2884323 -0.1952886 -0.3586341 0.1946635 -0.3555766 -0.3811483 -0.0815972 -0.1555099 0.2561401 0.1368233 -0.3686381 -0.2877257 0.3336784 -0.4464532 -0.0289716 -0.1059867 -0.0447221 -0.3464530 -0.0097548 -0.4075798 -0.4092803 0.2260404 0.0193961 0.3143244 -0.1055823 -0.0381889 -0.0857844 0.2041187 -0.2973912 -0.2933112 -0.0367873 -0.0566808 -0.0100491 -0.3369110 -0.0044024 -0.1371931 -0.1568352 -0.0907111 -0.2984042 0.1045893 0.0919899 -0.4530911 0.0451237 0.2161733 -0.1958694 -0.2752902 -0.0438297 0.0962146 -0.1272200 -0.3531794 -0.1250174 -0.0604586 -0.0421265 -0.1889508 -0.3008443 -0.2353091 -0.3101508 0.3335491 0.4029608 0.6073450 0.6049176 0.2831566 0.5830181 0.4174416 0.1035138 0.1668003 -0.2104672 0.0353396 0.0254743 0.5663212 0.0925780 -0.0429665 0.6240759 0.6871010 0.4884033 0.6100675 0.7426415 0.4904004 0.3906677 0.3286077 0.6468178 0.7656400 0.7071747 0.0020463 0.6155316 0.1778748 0.1251396 0.4813559 0.3178935 0.1713376 0.3780051 0.3609747 0.4751572 0.3453373 0.3896040 0.6095641 0.3107363 0.6624104 0.6908571 -0.1459527 -0.1144211 0.3168053
0.4390262 0.6283173 0.8264273 0.2151436 0.2063270 0.1268960 0.0052913 0.5331626 0.1512411 0.4482254 0.4280447 0.0541333 0.0000000 0.3160499 0.0432499 0.5276213 0.4808677 0.0266481 0.4840705 0.4428876 0.1491055 0.7099602 0.5873079 0.0545626 0.5141940 0.4689354 0.5033247 0.2379260 0.0064884 0.2633111 0.6981778 0.5299633 0.1885513 -0.0177996 0.5958281 0.2230496 0.4379758 0.7583512 0.5516686 0.3375864 0.4897951 0.2237441 0.5805761 0.4954787 0.3677805 0.5379414 0.4890191 0.6818571 0.5346565 0.3494080 0.4681575 0.6158353 0.3409184 0.5202699 0.7706897 0.6639380 0.4902734 0.5504135 0.4304484 0.4938976 0.3940208 0.5230911 0.3686671 0.3884289 0.1795437 0.4021967 0.4824114 0.5462771 0.4935227 0.4546510 0.4201720 0.3045336 0.5882037 0.4740763 0.4929310 0.6168903 0.2370552 0.5757972 0.7043593 0.6911748 0.4829426 -0.0069443 -0.4169141 -0.3387460 -0.1777259 0.0211715 0.2655658 -0.2292613 0.2520590 0.0730439 0.2709565 0.1972263 -0.0448382 0.0164356 0.2900565 0.3990433 -0.1263902 -0.1474601 0.2965025 -0.0651464 0.1559862 -0.0963062 -0.1830672 0.0500678 0.1909583 0.1500248 0.0383957 -0.1450241 -0.1035996 -0.1345793 0.2295892 -0.0420931 0.0841870 0.0612233 -0.2318559 -0.0620250 0.0314505 -0.1103913 -0.1022300 -0.1355390 0.0120082 0.1707210 0.0506253 -0.0158128 -0.4297983 -0.1797985 0.3849916 -0.0730296 -0.3437703 0.1384699 -0.3316186 -0.0346062 0.3116645 0.3594143 0.0701754 -0.2449437 0.0678648 -0.3105286 -0.1775415 -0.2314141 -0.1639253 -0.1846848 0.1130521 0.4780628 -0.2282946 0.0319326 -0.1553990 -0.0498070 -0.3259531 0.0159782 0.0303952 0.6144204 -0.1855237 -0.0082752 -0.0169586 0.1710183 -0.1240388 -0.0798994 -0.0973451 -0.0401358 0.0626523 -0.1354313 0.1848381 -0.1725112 -0.0870551 0.2861075 -0.1445475 -0.3471251 -0.5234764 -0.3216205 -0.1900805 -0.4743981 -0.0909101 -0.0878442 0.1097731 0.0484466 0.0951365 0.1083945 0.1961258 0.3629748 0.0444898 0.3178960 0.3847337 0.3463563 0.2964243 0.4407319 0.5108670 0.4791726 0.0297955 0.0454280 -0.0723828 0.3079503 0.0906226 -0.0487767 -0.0594044 -0.2080071 -0.1866737 0.1042155 0.3399881 -0.3815171 0.4099792 0.3739065 0.3886372 0.0840384 0.1677734 0.6172612 -0.1162760 0.1006843 0.3358382 0.3311867 0.1908568 -0.0954211 0.0023634 0.1053483 0.1287404 0.3384556 0.2610673 0.6062503
0.3152366 0.0477716 0.2886716 0.1309734 0.0418579 0.3352293 0.2459532 0.0282420 0.5544067 0.3569969 0.0743811 0.3140834 0.3160499 0.0000000 0.7158190 0.1348367 0.3154759 0.6890338 0.0691268 -0.1566532 0.2926693 0.2647954 0.1865566 0.6245491 -0.0144456 0.1042775 0.3216451 0.7828482 0.6083199 0.5174739 0.3025579 0.2525994 0.6265501 0.6235791 0.2775260 0.2602115 0.2241587 0.1560264 0.1864243 0.2968122 0.4058390 0.3625754 0.2117859 0.7041314 0.3895607 0.0673718 0.1902609 0.1441370 0.4719555 0.1646517 0.1862760 0.2538805 0.3512332 0.2362179 0.2095787 0.0875284 0.2370460 0.2242265 0.1506174 0.1625472 0.3053561 0.1631124 0.4152446 0.3172933 0.3736410 0.3280202 0.1459961 0.1498204 0.2252240 0.1394983 0.2980443 0.1605960 0.2743842 0.2145386 0.3700924 0.2637161 0.2225617 0.5560432 0.5533692 0.5432104 0.6701282 -0.2730617 -0.3275900 -0.4444468 -0.0560144 -0.0202528 0.1878950 -0.2737582 0.0136159 -0.3166461 0.1214832 0.2309923 -0.2302905 -0.3669184 -0.3557262 -0.3281560 -0.3220243 -0.3836681 -0.2653630 -0.2824321 -0.2847175 -0.0998037 -0.3645895 -0.4058007 -0.3715388 -0.3994522 -0.0860078 -0.1194739 -0.0030031 -0.1506741 -0.0793886 -0.1230735 -0.0726097 -0.3164173 -0.5187868 -0.4022467 -0.2926856 -0.4009655 -0.4094158 -0.2146500 -0.1112912 -0.2784549 -0.6157043 -0.0304328 0.0402832 -0.0243177 -0.0518445 -0.5188669 0.1655142 0.0201124 0.0528039 -0.2070756 0.2367474 -0.0902024 0.2004101 -0.2133755 0.0752314 0.1142353 0.2152667 0.0289480 -0.3377433 0.2144827 -0.3639002 0.1586597 -0.0751645 -0.2695551 0.1127523 0.1253452 -0.4925316 0.0575383 -0.0540849 0.2493069 0.1680306 -0.4620047 0.0576834 -0.3396563 -0.6573877 -0.1918170 -0.7342458 -0.2378196 -0.2868841 0.0353105 -0.4761001 -0.5402735 -0.1366235 -0.1508931 -0.4904057 -0.6220562 -0.7669433 -0.3722771 -0.3443085 -0.5817179 -0.5308173 -0.4390232 -0.2436881 -0.0390555 -0.0714902 -0.1408510 0.0183146 0.1176596 -0.2151565 0.2270003 0.0857628 0.0465065 0.0921067 0.2143475 0.2446424 0.2836380 -0.0232097 0.0346151 -0.0682154 0.1696795 0.1795150 -0.0612396 -0.0728258 -0.0332263 0.0207074 0.3730855 0.3813632 -0.0265547 0.3514451 0.5916781 0.1189109 0.0359342 0.1392087 0.4342702 0.4605726 0.3770022 0.4614635 0.5729044 0.1245471 0.1988288 0.2814677 0.4064993 0.5148904 0.3295585 0.5353711 0.5632322
0.3241614 -0.0107414 0.2004363 0.4305399 -0.0239040 0.4934387 0.6901188 -0.0455514 0.8259968 0.0591594 -0.1352249 0.6514261 0.0432499 0.7158190 0.0000000 -0.2321237 -0.1404670 0.7736009 -0.3493044 0.0816419 0.5298476 -0.1505430 -0.1918960 0.8918467 -0.3742302 -0.1860441 0.0071782 0.7869281 0.8008751 0.3876172 0.2415241 -0.1066930 0.7683418 0.9277046 -0.1641400 0.3871697 -0.0440345 -0.2537589 -0.1600306 0.0975974 0.2533963 0.3646088 -0.2660234 0.5437064 0.3814354 -0.3840742 -0.1325923 -0.0103156 0.5143512 -0.2794970 -0.1978206 -0.1167876 0.4780579 -0.1043724 -0.0119286 -0.1567711 -0.0858721 -0.0204008 0.1828745 -0.1914764 0.4043065 -0.1475468 0.4824254 0.0971835 0.7133008 0.2046777 -0.2091015 -0.1194248 0.1716952 -0.1383077 0.1016846 0.2728559 -0.0174232 0.2309264 0.1350531 -0.0618808 0.4144824 0.3503355 0.3603590 0.4698659 0.6201131 -0.3072368 -0.1958092 -0.4002077 0.0207747 -0.1592760 0.0396346 -0.3043992 -0.2440465 -0.4755468 -0.0086749 0.2328354 -0.1564186 -0.4079508 -0.4585765 -0.4026883 -0.4400047 -0.3298233 -0.3827278 -0.4094218 -0.5095257 -0.0255439 -0.2902642 -0.5279645 -0.4209167 -0.4303627 -0.0746389 -0.0200475 0.0073325 -0.1996142 -0.1447163 -0.0567878 0.0527541 -0.1568451 -0.3469442 -0.2006321 -0.2477950 -0.2797173 -0.3469255 -0.0556565 -0.1242941 -0.2938075 -0.7119066 0.1411540 0.3207981 0.0015110 -0.2154406 -0.6392158 0.2493332 -0.1705278 0.0974605 -0.2848543 -0.0451841 -0.5137490 0.0564257 -0.3068235 -0.1427451 0.1576141 0.1818566 0.0575773 -0.1632574 0.1786969 -0.4141030 -0.0362487 -0.1064464 -0.2549965 0.0774969 0.0204770 -0.2430437 -0.0326340 -0.0919656 0.0288179 0.1950439 -0.2894822 -0.2145245 -0.3056674 -0.4722997 -0.3788210 -0.5073202 -0.1687970 -0.3135871 0.1044543 -0.4544087 -0.3840832 -0.1195536 -0.2856122 -0.3135083 -0.4289197 -0.4234070 -0.2601056 -0.3998878 -0.5773544 -0.2923267 -0.1098524 -0.0679429 0.3062927 0.1281527 0.1214077 0.1909343 0.1124303 -0.1071359 0.2331895 0.0063618 0.1674992 0.2451612 0.3582002 0.2954953 0.2895473 0.3421228 0.2867158 0.0864001 0.2272651 0.4386492 0.0483122 0.0295173 0.0047943 0.2528391 0.5003405 0.5336005 -0.0019737 0.3443183 0.5360887 0.0875264 0.1713928 0.4144388 0.4460746 0.4823280 0.3951902 0.4448669 0.4949830 0.2763103 0.2591093 0.4729080 0.5052185 0.6277431 0.0871245 0.5455241 0.5147413
0.0620763 0.3905021 0.1570856 0.2623632 -0.1459639 0.0445583 -0.2654973 0.8127866 -0.1068760 0.7788382 0.9364094 -0.0312450 0.5276213 0.1348367 -0.2321237 0.0000000 0.8770926 -0.4022527 0.9569490 0.1760741 -0.0435667 0.6527328 0.9785878 -0.4414215 0.9044399 0.9260418 0.7601496 -0.1805620 -0.2346267 0.4653041 0.5284712 0.7897614 -0.3249138 -0.4394462 0.9150607 -0.1559781 0.8299578 0.8588799 0.8691418 0.7156029 0.6745636 -0.0218070 0.8940341 0.1860689 0.4955284 0.8850568 0.9172912 0.5831532 0.3507794 0.7681126 0.8933521 0.8821779 0.4068582 0.8474515 0.4244574 0.7781422 0.8937467 0.8338613 -0.2038123 0.9123345 0.1767792 0.9057020 -0.1450804 0.8371133 0.1488104 0.5190872 0.8870285 0.8406232 0.1951019 0.9138486 0.6823682 0.5604511 0.7046306 0.5026413 0.7199392 0.8153698 0.2749376 0.3581396 0.3194464 0.2453463 0.0098133 -0.0086500 -0.3926624 -0.0809700 -0.3055383 -0.1399092 0.1937484 -0.0926501 0.1314821 -0.1409033 0.1836367 0.4292539 0.1594345 0.3344673 0.3080259 0.4061040 -0.0188541 0.0743058 0.1248753 -0.0150089 -0.0405647 0.0311695 -0.2621162 0.3122866 0.1992534 0.0417790 0.1006280 -0.2260431 -0.1653877 -0.0551359 -0.0507752 -0.0879759 -0.1697995 -0.1517631 -0.3508943 -0.3936446 -0.4023416 -0.3648404 -0.3211027 -0.2286817 -0.2502412 -0.2582262 0.3566404 -0.5070542 -0.4259277 0.1563418 0.2740407 0.3145235 0.1182510 -0.2411057 0.1464417 0.1854789 0.3315883 0.3282690 0.0612860 -0.1769974 0.1373097 0.1506662 0.2674026 0.2773175 -0.2920790 0.1803318 0.1429152 0.2178394 0.1444049 -0.3900791 0.1999301 0.1268099 -0.3350765 0.2119629 0.3077274 -0.0750091 0.0806908 -0.4015044 0.1261949 -0.0606751 -0.0901203 0.0797375 -0.1495972 0.0749086 -0.0712453 -0.0359112 -0.0584989 -0.1024950 0.1244770 -0.0376723 -0.2952678 -0.3231816 -0.1120646 -0.1558682 -0.0269312 0.0747897 -0.1342796 -0.1781149 -0.0935200 -0.2092647 -0.2152441 -0.4912069 -0.1794338 0.0131952 -0.0125999 -0.0740280 -0.0697572 -0.1244564 -0.3165345 0.2168195 -0.1570000 -0.1922827 -0.1539650 0.1386927 -0.0083853 0.3082597 0.1393383 -0.0068539 0.0420461 0.0119162 -0.0319986 0.2323167 -0.0577655 0.1071982 0.4270130 0.2026538 0.2424405 0.0834153 -0.1771743 0.0817559 0.1728849 0.1106284 0.2303448 0.1871167 0.1400086 0.0595329 -0.4206450 0.1226999 0.1808680 -0.1739198 -0.0789128 0.2308143
0.1462194 0.4108106 0.0771044 0.1642103 -0.1398919 0.2592299 -0.1524177 0.6355583 -0.0205800 0.8625790 0.8297037 0.0976925 0.4808677 0.3154759 -0.1404670 0.8770926 0.0000000 -0.2633572 0.8845121 -0.0569331 0.1613253 0.5851246 0.8971159 -0.3680757 0.8154227 0.7974517 0.6672004 -0.1528031 0.0205323 0.5200929 0.4362813 0.7460320 -0.3122298 -0.3484484 0.8150633 0.0660028 0.7065849 0.7981742 0.7740224 0.6482439 0.6100046 0.2185028 0.7754592 0.1838893 0.4809283 0.8430711 0.7870370 0.4766782 0.3728404 0.6641590 0.7685032 0.7432355 0.3711200 0.7947514 0.3894319 0.6448286 0.8018350 0.8270097 -0.1074967 0.7905619 0.1947832 0.8199076 -0.0276760 0.8292940 0.1599164 0.6492118 0.8356651 0.7917404 0.3685630 0.8542159 0.6559590 0.4833986 0.6831172 0.4558383 0.7350910 0.8006103 0.2388781 0.3922676 0.4303862 0.3862286 0.0777933 0.1979037 -0.2171732 0.0013295 -0.0889515 0.0231188 0.3283619 -0.1042361 0.1752747 0.0130870 0.2206795 0.5745756 0.3196217 0.1337009 0.1293893 0.2492688 0.1805384 0.2544340 -0.0070122 -0.0806009 -0.0186836 0.1959565 -0.1282961 0.0872265 0.2494172 0.0203141 0.2979624 -0.0523804 0.0618208 0.0811992 0.0090423 0.1400249 -0.0460293 0.0204489 -0.2971350 -0.3414870 -0.3674557 -0.2998502 -0.3570245 -0.0619306 -0.2031848 -0.2422694 0.3580033 -0.4909586 -0.2477725 0.3352886 0.2595667 0.3772476 0.3073147 -0.0421301 0.2420414 0.3048150 0.5175878 0.3120067 0.1038719 0.0538212 0.2922015 0.3173365 0.3349024 0.4745606 -0.1658642 0.2915974 0.2186817 0.2188350 0.1724370 -0.2042081 0.3010025 0.2741585 -0.2309922 0.2056908 0.4683106 0.0243522 0.0679937 -0.2570252 0.2695629 0.1665394 0.0105003 0.1201983 -0.1174660 0.3405708 -0.0115910 -0.0387078 0.1094444 0.0963472 0.1214105 0.1270704 -0.1030867 -0.2606342 -0.1980695 -0.0063889 0.0175686 0.0231188 -0.3604967 -0.1336203 0.0864702 -0.1467916 -0.0954956 -0.3839652 -0.0669124 0.0941295 -0.2323882 -0.0745315 0.0158746 -0.1446853 -0.1714543 0.2276696 0.0019092 -0.0241813 -0.1279568 0.0906890 0.1687910 0.3501887 0.1292772 0.1948041 0.2392658 0.2192512 0.0649701 0.2754545 0.1056637 0.1982663 0.4353639 0.1669963 0.0879746 0.1330534 -0.0294887 0.1344862 0.3790276 0.1001066 0.1896864 0.2421167 0.1521412 0.2228348 -0.1495995 0.1879080 0.2260304 -0.0249319 -0.1632108 0.1920301
