0.0000000 0.4581846 0.1793562 0.4381607 0.1569445 0.4501351 0.7286362 0.2478412 0.5528156 0.6144362 0.4701487 0.4465456 0.2250736 0.5101506 0.5539790 0.4582777 0.3748150 0.5203153 0.4041633 -0.0827844 0.3491474 0.0900515 0.1290636 0.3063599 0.7556259 0.2472048 0.4412126 0.5377979 0.3657305 0.5724736 0.0719341 0.5894519 0.1806480 0.2794383 0.4704544 0.1857821 0.4516664 0.6626857 0.3172587 0.3097156 0.4045029 0.3042877 0.3715800 0.1024659 0.3047131 0.5520886 0.5409212 0.4728997 0.2354429 0.5428275 0.5058968 0.2511831 0.2279998 0.2004327 0.4267516 0.5056956 0.6074977 0.0843599 0.0380841 0.4353589 0.0904601 0.0545418 0.3874825 0.3896265 0.1606318 0.2513364 0.2752614 0.0259270 0.4914402 0.2232200 -0.1486704 0.2884540 0.2536084 0.2315180 0.3296757 0.4352200 0.3516993 -0.3604669 0.1838017 0.4323898 -0.1124374 -0.2338878 -0.0003064 0.2932990 0.2845159 0.1671711 0.2741517 0.3466595 0.3143315 0.2423255 0.1808257 0.4440541 0.3506654 0.5071028 0.4002969 0.3469580 0.3013116 0.0525690 0.3175013 0.4632336 0.1857203 0.0344393 0.1342662 0.5534996 0.2538944 0.2647537 0.0357976 0.1918756 0.0541376 -0.0461522 0.1741408 -0.1049471 0.0555481 0.0952034 -0.1768761 0.1158187 0.0574363 -0.0453903 0.1269540 0.0556028 -0.0267639 0.1512144 0.1929982 0.2000367 0.0485529 0.0829650 0.3169722 0.1535906 -0.1678587 0.3002085 -0.1643222 0.1865635 0.2788665 0.1704615 0.2290647 0.2846005 0.0560192 0.1832358 -0.2382716 0.2545048 0.0587760 0.3605601 0.4138379 0.0885262 0.0251128 -0.1451173 0.0972405 0.0723454 0.5256930 0.1681442 0.0350729 -0.1700032 0.1697329 0.0882374 0.2736849 0.0775225 0.3622045 0.0404680 0.5758269 0.1622724 0.1276787 0.1641875 -0.0807188 0.3139896 0.2457605 0.0610396 0.2511837 0.6399647 0.5059384 0.3553427 0.3784079 0.5187866 0.2569310 0.4680309 0.5625522 0.2138020 0.1779946 0.2681308 0.1216920 0.1467210 0.1864348 0.0384536 0.0057423 -0.0506331 0.2388719 0.2092859 0.0209059 0.1532070 0.1239339 0.1905378 0.1679191 0.2417269 0.1272915 0.3343119 0.3529836 0.1973356 0.3937893 0.1642243 0.1646223 0.1493570 0.5558561 0.2086611 0.3637855 0.4051187 0.2624894 0.0658302 0.2195491 -0.1901485 0.5720000 0.3721192 0.4801820 0.2652726 0.2964724 0.2114538 0.2126800 -0.0590557 0.6318073 0.5830563
0.4581846 0.0000000 0.6273789 0.8912236 0.1805343 0.9109951 0.5037228 0.4165518 0.7600724 0.8173636 0.6365257 0.6605947 0.0862061 0.6959406 0.7752107 0.2906044 0.4340562 0.4490007 0.0917688 0.0264062 0.6623808 0.3169773 0.3031131 0.7172756 0.4251407 0.1182461 0.3379926 0.7116125 0.7988115 0.4386106 0.2929399 0.3697295 0.5357220 0.6107281 0.2159925 0.6070185 0.2895180 0.4230129 -0.0108389 -0.2249390 0.3562692 0.5662160 0.1006855 -0.1643657 0.2634493 0.3817358 0.3845104 0.3159747 0.4425533 0.3223732 0.3040605 -0.1129608 0.5759723 -0.1687980 0.2889688 0.3433915 0.4583958 -0.1863605 -0.5128047 0.4068304 0.2032682 -0.1174335 0.4556450 0.7740157 0.5505673 0.2606834 0.1762388 -0.1527322 0.5435405 0.2526919 0.4559734 0.7010475 0.2471897 0.6566965 0.3903564 0.6916840 0.6525274 0.1029259 0.3627604 0.3390987 -0.2236172 0.0744130 0.0649219 0.0473450 0.4572199 -0.2383632 0.1060755 0.3902464 0.0638176 0.1950594 -0.1264979 0.1451314 0.1499113 0.2986994 0.0482312 0.1738085 0.1199894 0.2482261 0.0482792 0.4841419 0.2120255 -0.0706050 -0.0238087 0.1723669 0.1534710 0.2562752 -0.3158777 -0.1570500 -0.1093702 -0.2798549 0.0943319 -0.3555517 -0.2850955 -0.1049930 -0.2563751 -0.1462681 -0.1400435 -0.1532632 -0.0327075 0.1602823 -0.0016187 0.0786063 0.0447388 0.2911080 0.4257733 0.2691115 0.2420394 0.2201466 0.3656444 0.3322347 0.5982357 0.4315668 0.2084832 0.0626318 0.4022037 0.2542150 0.4436404 0.6580972 0.3181157 0.2498278 0.2797595 0.4003149 0.3470212 0.0659604 0.4725175 -0.2647832 0.4626687 0.3584478 0.5224522 0.1742470 0.0871194 -0.1976903 0.4317846 0.1012628 -0.0610780 -0.0299022 0.1644304 0.2669926 0.1048797 -0.0752273 -0.0375014 0.2777513 -0.3547387 0.1910573 0.4276291 -0.0686415 0.0991705 0.2910965 0.2898542 0.3345481 0.3865682 0.4493144 0.3609308 -0.1428609 -0.0155268 -0.0329883 -0.1439236 -0.1568895 0.0666367 0.0813748 -0.3348084 -0.2033060 -0.2935069 -0.2399373 -0.2500803 0.1187196 -0.3773498 0.1536568 0.1496981 0.4616085 0.1431428 0.3037503 0.0553263 -0.1107237 0.1464442 -0.2043653 0.5221423 0.3032821 -0.1138325 0.2362204 0.2516139 -0.2679401 0.1095015 0.2600578 0.6101564 0.1755740 0.3278358 0.1043850 0.2802306 0.1316125 0.1868946 0.3494475 0.2308330 0.4523946 0.4535106 -0.0644220 0.5901633 0.2799323
0.1793562 0.6273789 0.0000000 0.5599154 0.4870264 0.5741567 0.3474326 0.5749561 0.5651956 0.4563813 0.1755579 0.6546014 0.3321329 0.4421158 0.5020125 -0.1012413 0.1349073 0.1879880 -0.2759774 0.3039144 0.4488009 0.2604643 -0.1056948 0.5686370 -0.0402690 -0.2806468 -0.0484500 0.5681325 0.5467796 0.1479397 0.5884760 0.3714596 0.5125163 0.4458192 -0.0787829 0.5800893 0.1523866 0.4158495 -0.0992765 -0.2631791 0.5250765 0.5572227 0.0017530 -0.2079379 0.0511180 0.4123326 0.1822069 0.5009159 0.3122765 0.3353918 0.1315947 -0.1779357 0.3530240 -0.4054735 0.4159619 0.4980435 0.2955040 -0.3721240 -0.3588799 0.3552561 0.1586027 -0.1853884 0.6628708 0.4237522 0.4457741 0.3434992 0.0266887 -0.3207118 0.5439767 -0.1203918 0.5497432 0.4822155 0.0723357 0.4382607 0.3378917 0.2280573 0.3263757 0.2460884 0.2462084 0.2129748 -0.1880910 0.2587684 0.2051020 -0.0692103 0.1756037 -0.1496430 -0.0486481 0.0027521 -0.1240767 0.0991778 -0.0651593 0.1618200 -0.1034387 -0.2914670 -0.0994727 0.1606964 0.0871522 -0.0012432 -0.2719832 0.0067625 0.0350945 -0.2508359 -0.2155714 -0.1980984 0.1930831 0.0967515 -0.2800336 -0.3458756 0.1058427 -0.3994818 0.0184203 -0.1551665 -0.2598600 -0.1450168 -0.2152373 -0.2353665 -0.2276941 -0.2663263 -0.1920250 0.0015503 -0.1254705 -0.1300043 -0.3851585 0.1799114 0.1966124 -0.1738272 -0.1280366 -0.0703333 0.0382941 0.0267262 0.2667484 0.0415565 -0.3324478 -0.1341353 0.1830261 0.0925157 0.1809055 0.2342219 0.0121881 -0.0033459 -0.0011683 -0.0266949 0.0102749 0.0160117 0.2487139 -0.2521921 -0.0154343 -0.0598224 0.2008687 -0.1547596 -0.0271711 -0.2167114 0.0159126 -0.0804397 -0.4546551 0.0009188 0.0022964 -0.1590007 -0.0756445 -0.0976550 -0.4898261 0.0111794 -0.2575384 0.1363771 -0.1532784 -0.2474335 0.0711482 0.2133026 0.0699241 0.1333098 -0.0193178 0.1456895 0.0111868 -0.3542242 -0.1745925 -0.0738004 -0.0757210 -0.1278681 0.0391576 0.1632140 -0.3544886 -0.2221567 -0.2181020 -0.3637955 -0.2401634 0.1765038 -0.2193003 0.2283900 -0.0175177 0.1660631 0.1902176 0.0859004 -0.1090216 -0.2085221 -0.1719098 -0.3581638 0.2855456 0.1266892 -0.1588923 -0.0427856 0.1131209 -0.3233980 0.1938392 0.1153668 0.6445801 0.1405029 0.1893345 0.2252257 0.2661704 -0.0761613 0.1188572 -0.0376111 0.2370846 0.2727192 0.0720882 -0.0394088 0.2836198 -0.0813264
0.4381607 0.8912236 0.5599154 0.0000000 0.2874624 0.9495402 0.6297765 0.5165361 0.6713674 0.8109133 0.7890679 0.6532835 0.0737585 0.5865853 0.6843685 0.4761219 0.4819670 0.3065487 0.1124026 -0.2199275 0.5889942 0.1849882 0.1667731 0.6350384 0.4387692 0.1494643 0.3924673 0.5940957 0.6795775 0.2900384 0.1182336 0.4300578 0.4968027 0.6320147 0.3686917 0.6135235 0.2972919 0.4678196 0.2189793 -0.1192969 0.3680488 0.5849035 0.2672239 0.0080129 0.2808421 0.4760032 0.4272478 0.4039141 0.5772050 0.3904396 0.3334942 0.0847243 0.7022638 -0.0421981 0.3579292 0.3862448 0.4919004 -0.1171261 -0.4127792 0.4110475 0.1120485 0.0054585 0.3680919 0.7660164 0.6001486 0.2745165 0.2532262 -0.0658217 0.4830574 0.3094100 0.4410447 0.7305762 0.2446321 0.6486612 0.2444562 0.6650327 0.6812392 0.1505694 0.3545998 0.4482939 -0.0179487 -0.0649501 0.0284979 0.0865602 0.4420320 -0.1835804 0.2165185 0.4384771 0.1952545 0.3153480 -0.2145628 0.1805071 0.1888587 0.2252502 0.1546208 0.2228920 0.1768370 0.3116154 0.1733339 0.4170685 0.2310336 0.0421751 0.0288630 0.0524589 0.0591901 0.2175025 -0.3153582 -0.1105786 -0.2771805 -0.3209959 0.0021208 -0.4520574 -0.1410011 -0.0453844 -0.2650962 -0.1137415 -0.0984580 -0.1814273 -0.0381028 0.0910135 -0.0158135 0.1272337 0.0103349 0.3733762 0.2845940 0.1033479 0.1467889 0.2320767 0.2360592 0.2769304 0.4541497 0.3226771 0.0885420 0.0007110 0.3557629 0.2156866 0.2157620 0.5097261 0.1556234 0.2314689 0.2453130 0.3561301 0.3267372 0.0470055 0.2666231 -0.1973735 0.3494755 0.2866983 0.4814426 0.0772218 0.0817226 -0.1732089 0.3029733 0.0938870 -0.0398440 0.0856984 0.2254629 0.1699151 0.2663682 -0.0505600 0.0503164 0.2709149 -0.1757918 0.2028621 0.3934107 0.0371717 0.1460220 0.3547848 0.2866348 0.3179207 0.3894606 0.4006430 0.2371777 -0.1285169 0.0655593 0.1756725 0.0361008 -0.0116577 0.1762198 0.2148241 -0.1837732 -0.1042994 -0.1780077 -0.1663274 -0.1409636 0.1941939 -0.2617175 0.2715691 0.2916542 0.5297593 0.1746707 0.3986131 0.1877537 0.0206081 0.3815648 -0.1020231 0.5603550 0.4254083 0.1097307 0.1693399 0.4046690 -0.2699486 0.3009889 0.4707357 0.6159461 0.2225687 0.1866230 0.0027404 0.3467350 0.1844463 0.2396312 0.3158431 0.3358382 0.5412270 0.4267610 -0.2649864 0.4413148 0.1582608
0.1569445 0.1805343 0.4870264 0.2874624 0.0000000 0.1838112 0.1591974 0.5975365 0.2212268 0.3038227 0.0584050 0.1676396 0.8128324 0.1322709 0.2092632 0.1414844 0.2821990 -0.0813650 -0.0795057 0.1291806 -0.0481969 -0.0024611 0.0876651 0.2235207 0.0855973 -0.0699013 0.2034160 0.2140278 0.0802055 -0.1724611 0.4741090 0.7433481 0.2451851 0.1189825 -0.0051611 0.1380888 0.2417972 0.6974433 0.0653419 -0.0314199 0.7937623 0.2131824 0.0584736 0.0592028 -0.3105824 0.3230674 0.0483522 0.8430647 -0.0207409 0.6436763 -0.0579866 -0.1039141 -0.1485683 -0.1977356 0.7686960 0.6052010 0.4193375 -0.2207896 -0.2323939 0.1812602 -0.4137135 -0.2062518 0.3089043 -0.0328544 -0.0213056 0.7436660 0.0640322 -0.2564178 0.4145780 -0.3897735 0.3575936 -0.0728008 -0.1490345 -0.1134579 -0.0957872 -0.1675615 -0.2719900 -0.1092100 0.1408152 -0.1232835 -0.2632680 -0.2434204 0.1054141 -0.1814536 -0.1013554 0.3106683 -0.2912680 -0.1158338 -0.1692619 -0.1898717 -0.3041227 -0.0969751 -0.1802782 -0.3988749 -0.2463964 0.0121214 -0.1628349 -0.0170053 -0.4204321 -0.4005846 -0.3872929 0.2210570 0.2764448 -0.2464948 -0.0811962 -0.3294776 0.2761455 0.0140995 0.0916121 -0.1147460 -0.1998319 0.0534637 0.2269760 0.2098212 0.3735486 0.4230534 0.4639148 0.3982801 0.3935158 0.5305150 0.3573120 0.2301549 -0.5078169 0.4994624 0.0633199 -0.1775160 -0.1069770 -0.4431635 -0.1408900 0.2606256 0.0322154 -0.4263806 -0.2369442 -0.1608583 -0.0901709 -0.0436877 0.1968966 -0.0776558 -0.0130446 -0.3036901 -0.2486590 -0.3087589 -0.4954194 -0.0909506 0.1664736 -0.0969315 -0.1366793 -0.2165723 -0.3012274 -0.4924827 -0.2550329 -0.2361280 -0.2484106 -0.3241644 -0.4632990 -0.0631615 -0.3220558 -0.2756686 -0.1108759 -0.2481190 -0.5243540 -0.3133600 -0.1365949 -0.2554151 -0.4705029 -0.1744934 -0.0642044 -0.0426736 -0.3023888 -0.2831755 -0.3707697 -0.2825971 -0.3261327 -0.0401632 -0.1443228 -0.2711845 -0.1238331 -0.1143988 -0.2635828 -0.2071523 -0.3681593 -0.4065131 -0.3832780 -0.4902794 -0.1410977 -0.0662896 0.0187900 0.2607005 -0.3656059 -0.4494289 0.4547754 -0.3528982 -0.4483613 -0.2351276 0.0491470 -0.4018467 0.1284686 -0.3375262 -0.3098434 -0.0861518 0.1965327 0.0206734 0.0288210 0.0622385 0.6417067 0.1803396 -0.0816225 -0.0829310 0.4558668 -0.1479007 -0.1264929 -0.4621067 0.4879214 0.0324023 -0.4503380 0.1349457 0.2682670 0.1178755
0.4501351 0.9109951 0.5741567 0.9495402 0.1838112 0.0000000 0.6350317 0.4346632 0.7635322 0.8524097 0.7576659 0.6737519 -0.0471918 0.6333884 0.7125242 0.4494603 0.4412855 0.3021858 0.1200541 -0.2052813 0.5927717 0.1232287 0.1953512 0.6473188 0.3908805 0.1415790 0.3344317 0.6686037 0.7007250 0.4195946 0.1271617 0.3107281 0.5544325 0.6539083 0.3639707 0.6128641 0.2780708 0.3435017 0.2137228 -0.1081962 0.2410706 0.6283984 0.2809351 -0.0112993 0.2873623 0.4637706 0.4715257 0.2572429 0.5929753 0.2796665 0.4011187 0.0724206 0.6709347 -0.0713343 0.1989657 0.3643321 0.3933675 -0.1902250 -0.2776734 0.4214099 0.2365178 0.0082123 0.3383437 0.7814687 0.5885335 0.1238886 0.2867867 -0.1096651 0.4297573 0.3249022 0.4101538 0.7507502 0.2600703 0.6528901 0.3154089 0.6852448 0.6763504 0.1445467 0.3417820 0.3893635 -0.0364438 0.0437263 0.0477194 0.2132556 0.5524376 -0.1295457 0.2375152 0.4290491 0.2266331 0.3953340 -0.1204767 0.2738187 0.2599217 0.2611825 0.2134376 0.2949746 0.2406857 0.2909500 0.2403602 0.4149255 0.3177973 -0.0023691 0.0477664 0.1124506 0.1272799 0.3019255 -0.2623699 -0.0596145 -0.1857700 -0.2497429 0.0678765 -0.3039248 -0.1769817 -0.0513978 -0.2727667 -0.1364512 -0.1215445 -0.1846923 -0.0574238 0.1096007 -0.0231796 0.1180617 0.1151917 0.2709852 0.2339278 0.1212842 0.1965977 0.3303393 0.1726128 0.2979259 0.4323782 0.3418759 0.1315397 0.0421582 0.3602902 0.3263003 0.2670533 0.5487877 0.2127118 0.3574258 0.2845954 0.4327524 0.4213672 0.0128748 0.2600207 -0.0896021 0.4037220 0.3196699 0.5412745 0.2205384 0.2502615 -0.2251412 0.4259398 0.2315690 -0.0141504 0.0898005 0.3804770 0.2147088 0.3256569 0.1359720 0.0374971 0.4127445 -0.1526077 0.3765963 0.4687761 0.0671664 0.2794427 0.4298299 0.4476209 0.4877361 0.4623327 0.5611795 0.4504965 -0.0991238 0.1482203 0.1509659 0.0080243 -0.0394327 0.2386664 0.2581911 -0.1460758 0.0618667 0.0126400 0.0068751 -0.0573037 0.1934980 -0.2385047 0.1404293 0.2577177 0.5754150 0.2603526 0.4137606 0.1761109 0.0793611 0.3422751 -0.0556141 0.5486137 0.3798984 0.0933427 0.1732821 0.4223252 -0.3801262 0.3001187 0.5193383 0.5796239 0.1885774 0.1768115 0.0187182 0.3129992 0.1138638 0.2340307 0.4226527 0.2567477 0.5407177 0.5050350 -0.2619551 0.4695121 0.1994534
0.7286362 0.5037228 0.3474326 0.6297765 0.1591974 0.6350317 0.0000000 0.4634889 0.5702316 0.5705710 0.5470996 0.6155823 0.0953936 0.3954936 0.5109167 0.5981126 0.2418865 0.2559033 0.4990954 -0.2669391 0.2928252 0.0922792 -0.0383280 0.3957396 0.6697213 0.2398982 0.3298224 0.4377967 0.2469468 0.3466620 -0.0747156 0.4512891 0.4174516 0.5068766 0.6546930 0.2417128 0.4924324 0.5230896 0.5890446 0.3096295 0.2125380 0.2215602 0.6319389 0.3519898 0.0395414 0.7839179 0.7490680 0.3566980 0.6580169 0.4702826 0.7382525 0.4872043 0.4952812 0.3888971 0.2964679 0.6224700 0.6568071 0.1869780 0.1126117 0.7218595 -0.0169948 0.3758523 0.4806821 0.4489795 0.1888502 0.1748546 0.5244375 0.1813581 0.4780525 0.4182023 0.1668586 0.4829346 0.5303549 0.2550674 0.4376360 0.6138859 0.5345481 0.1140421 0.4192320 0.6046345 0.2188018 -0.1006426 -0.0127142 0.2724327 0.3786932 0.0654277 0.4968196 0.2653251 0.4230667 0.5871139 0.2364135 0.6715992 0.3998960 0.2345526 0.5378445 0.4779510 0.5000583 0.1565066 0.5916452 0.5049214 0.5622981 0.1109982 0.0768093 0.4032826 0.1634914 0.2650665 -0.0679887 0.0450780 0.0367432 -0.2229554 0.3157079 -0.1478769 -0.0780010 -0.0227053 -0.4695540 -0.1355748 -0.1357476 -0.2943290 -0.1346223 -0.0765072 -0.0960634 0.0494653 0.1355162 0.1793640 0.0691282 -0.1641941 0.2044933 0.4159026 -0.2783800 0.3097673 -0.0113906 0.0225425 0.2042064 0.2570003 0.1516660 0.2163606 0.0565847 0.1628186 -0.2082739 0.3819054 -0.0225098 0.4037712 0.3912385 -0.0238816 0.0649275 0.0277212 0.1120875 0.0224335 0.5273533 0.2708585 0.2403729 -0.1618035 0.2865688 0.2707783 0.0906469 0.0042977 0.4651405 0.0798026 0.7033057 0.2659530 0.1798879 0.4674666 0.0635387 0.3982635 0.3757519 0.1285014 0.4455804 0.7271083 0.6081304 0.4932561 0.4036745 0.4767643 0.3657589 0.0533953 0.4786185 0.5367667 0.3835703 0.3893217 0.2300930 0.2055416 0.3165632 0.0842815 0.1863345 0.0599165 0.4135568 0.0498724 0.1248326 0.2468371 0.2910505 0.3899569 0.1288564 0.4128404 0.3345845 0.4963629 0.4458219 0.3392930 0.3389698 0.4906375 0.4088536 -0.0663234 0.6420357 -0.0237718 0.5687812 0.6582908 0.3416548 0.3717149 0.0370125 0.0064194 0.6071923 0.3629937 0.4779491 0.4055461 0.4177160 0.4652533 0.4518312 -0.2348541 0.5275481 0.4540719
0.2478412 0.4165518 0.5749561 0.5165361 0.5975365 0.4346632 0.4634889 0.0000000 0.1889719 0.5305732 0.3632634 0.2154883 0.6716343 0.5081335 0.1503134 0.3963411 0.3275575 0.2452280 0.2725517 0.0720819 0.0412170 0.1882995 -0.1312571 0.1702084 0.4412469 0.2883586 0.1504486 0.4592688 0.1877242 0.2469470 0.2085707 0.4721132 0.2178676 0.1880688 0.2368567 0.0996835 0.3734367 0.5742976 0.2107584 0.1916268 0.5111339 0.2306454 0.2412655 0.0169974 0.1162655 0.4385474 0.3037491 0.4956494 0.2154588 0.4748616 0.4038259 0.2624026 0.2708203 0.0620159 0.4107110 0.4794727 0.4824771 0.0546020 -0.1337482 0.5022235 0.0618046 0.2588118 0.4136058 0.1654747 0.1276051 0.3629934 0.4378857 0.1213814 0.4522520 0.2144242 0.4482589 0.2414524 0.3115935 0.1482929 0.3780126 0.2154890 0.2775856 0.4002870 0.2717409 0.2165603 0.2277507 -0.0458292 0.4521505 0.1657257 0.2603675 0.0508876 0.3024350 0.2307571 0.2970899 0.3385560 0.1081674 0.3553579 0.1203978 -0.0288073 0.3232122 0.4065667 0.3288858 0.1534889 0.1608389 0.2434554 0.2746624 -0.0245791 0.2925917 0.1623247 0.2859079 0.1903396 0.0436321 0.1187767 0.1438983 -0.1276683 0.1389974 -0.2166189 0.0483945 0.0691368 -0.2053073 0.0446571 0.0592599 -0.1140302 0.0400049 -0.0223207 0.0791905 0.1790029 0.0047778 0.3120561 -0.0586054 -0.1784575 0.2736896 0.2823135 -0.0671573 0.4488940 0.3025587 0.1686503 0.0626714 0.1618886 0.4322962 0.0930003 0.2509863 0.3127909 0.1872977 0.0254969 0.2105875 0.2732407 0.0763909 0.1850547 0.3187231 0.0685537 0.3066532 0.2011877 0.1803322 0.0946743 -0.0753657 0.0067940 0.1972401 0.0819672 -0.0243997 -0.0986475 -0.0392970 0.1715821 0.0560200 -0.1334969 -0.0901513 0.0997352 -0.1006397 0.0520887 0.0449094 0.1047262 0.1670738 0.2336897 -0.0736582 0.0260355 0.0653527 0.0240180 -0.2257158 -0.0536862 0.1080260 0.0576591 0.0270153 -0.0197903 -0.1685822 -0.1258657 -0.1982183 -0.2775348 -0.1933680 -0.1439337 0.1016822 0.1309925 0.2825244 0.3703622 0.2131901 0.1282706 -0.0394584 0.0048751 -0.0800746 -0.0774977 0.0221180 -0.1253828 0.1657900 -0.0081182 -0.0733847 -0.0946390 0.1191383 -0.2073846 0.1562182 0.2688744 0.3815389 0.1170491 -0.2178790 -0.0179011 0.2334075 -0.2330864 -0.0593428 0.0420585 0.4698555 0.0340943 -0.1055268 0.1417941 0.2863325 0.1514406
0.5528156 0.7600724 0.5651956 0.6713674 0.2212268 0.7635322 0.5702316 0.1889719 0.0000000 0.6684700 0.4126492 0.6437820 -0.0256939 0.5710399 0.9257692 0.3094172 0.3533465 0.4499375 0.0715568 0.0355459 0.4975211 0.1284416 0.3873145 0.8500100 0.3118995 0.0093126 0.4581568 0.7002005 0.7017669 0.4517570 0.3575501 0.4208668 0.7315749 0.7730219 0.2631765 0.5441934 0.2168290 0.3665653 0.1682234 0.0096815 0.3037334 0.5348584 0.2413887 0.1710153 0.0556688 0.4289271 0.3402113 0.3520775 0.6189823 0.2446332 0.2539863 -0.0188276 0.5686279 -0.0899139 0.2591853 0.4109823 0.3332595 -0.1622554 -0.2935577 0.3251603 0.0187460 -0.0800430 0.3704379 0.7039633 0.4902469 0.2129185 0.1783860 -0.1451331 0.4372308 0.2217880 0.3788285 0.6120361 0.3083373 0.5090930 0.3532322 0.7164623 0.5229181 0.0043243 0.5305061 0.3316039 -0.3121143 0.1572069 -0.2303579 0.1031008 0.4640187 -0.2451605 -0.1143312 0.4405797 -0.1405069 0.2424346 -0.2297780 0.0586241 -0.1216234 0.2710507 -0.0516865 -0.0619446 -0.1016007 -0.0911421 -0.0718852 0.2631585 0.1374753 -0.1923290 -0.1554675 0.0595046 -0.0799635 -0.0548633 -0.2643838 -0.0996038 -0.1884857 -0.1899760 -0.1030369 -0.2161572 -0.1588508 -0.1118516 -0.2360087 -0.1097329 -0.0423809 -0.1004677 0.0554947 0.1538577 0.0610975 0.1233050 -0.0386115 0.2917406 0.2882887 -0.0179079 0.0966226 -0.0046891 -0.0086770 0.1200070 0.1509786 0.0945431 -0.1665027 -0.0747848 0.0268643 0.1723770 0.1186219 0.2497907 -0.1045577 0.1389699 -0.1099818 0.0645936 0.1196652 -0.2491684 0.1355479 -0.2929922 0.0327687 -0.0509717 0.2724033 -0.0709887 0.0362325 -0.4421461 0.0914735 -0.0556415 -0.2960390 -0.0801219 0.2530309 -0.1641927 0.2525468 0.0390513 -0.2578935 0.1320954 -0.3187357 0.2658578 0.1140129 -0.2613800 0.0773991 0.4259786 0.4739879 0.2540182 0.1722026 0.4355822 0.4826335 -0.0770879 0.0907410 -0.0153566 -0.1405957 -0.1518179 0.0394872 0.0949158 -0.3125722 -0.0812210 -0.0826445 -0.2056337 -0.0788138 0.1545164 -0.3876234 0.0825362 -0.0782619 0.3572603 0.2656027 0.2270148 -0.0835414 -0.0789189 0.0289382 -0.2442727 0.3066661 0.1095645 -0.1018199 -0.0338846 0.3117391 -0.1485804 0.2465500 0.2734763 0.5505003 0.3074710 0.2448057 0.0637319 0.4097908 0.1823587 0.2878549 0.1860273 0.0744165 0.4977600 0.4284175 -0.1350550 0.6589998 0.4198689
0.6144362 0.8173636 0.4563813 0.8109133 0.3038227 0.8524097 0.5705710 0.5305732 0.6684700 0.0000000 0.8326539 0.4987339 0.2103073 0.8360439 0.5567789 0.5437663 0.6407551 0.4122379 0.2792769 -0.1938057 0.4728536 0.0666268 0.2585476 0.4106166 0.6339983 0.3714199 0.3962319 0.8100914 0.4989766 0.6818366 0.1976825 0.4791436 0.2429261 0.3236446 0.4343224 0.3835847 0.4952943 0.5268066 0.2609459 0.1328060 0.4511620 0.4981932 0.3572321 -0.0975753 0.4692757 0.4632560 0.5089538 0.3786248 0.2418718 0.4372006 0.4659329 0.1629853 0.3783450 0.0550633 0.3568299 0.3562090 0.5070493 -0.0436057 -0.1523547 0.4614699 0.3575942 0.0563362 0.3471322 0.5692388 0.3399485 0.1828860 0.3633660 0.0267566 0.4607323 0.3533958 0.2704257 0.4862171 0.2679271 0.4376727 0.3633464 0.5439455 0.4604370 -0.0356199 0.2468134 0.2521792 -0.0232951 0.0204615 0.2286109 0.3545855 0.5360853 0.1558451 0.3848573 0.3642811 0.2890458 0.2680295 -0.0059619 0.3485956 0.3071082 0.3169644 0.2705636 0.4379951 0.3385716 0.1560632 0.1560818 0.3970761 0.1473622 -0.0571349 0.2407982 0.2813057 0.4273664 0.3973646 -0.0654498 0.1148129 0.0166093 -0.1446961 0.1222452 -0.1800004 -0.2004126 -0.0832574 -0.2441160 -0.0103384 -0.0134067 -0.1199250 0.0986592 0.1456137 -0.0608564 0.1260281 0.2362999 0.2081690 0.1019800 0.2493546 0.2577785 0.2359202 0.1682943 0.4421966 0.3362417 0.4720496 0.2557656 0.2845390 0.6028824 0.5912122 0.4293923 0.6503858 0.3012455 0.3764589 0.4818734 0.6000868 0.5265350 0.3244666 0.3443639 0.0426465 0.5525486 0.5179232 0.6569506 0.3296470 0.2657666 0.0500213 0.4489574 0.3048439 0.1567572 0.2897966 0.4569417 0.3943301 0.4215789 0.2066506 -0.0445833 0.2959508 0.0420480 0.4911120 0.3678694 0.3188574 0.4387943 0.5572148 0.4765234 0.5170367 0.5792351 0.6677066 0.2343208 0.2225764 0.3868218 0.0788206 0.0163360 0.0046262 0.1593624 0.1678085 -0.1279070 0.0996342 -0.0135259 0.0365540 0.0617112 0.2034505 -0.0558770 0.0842630 0.1412027 0.3520159 0.2318343 0.2262363 0.0689105 0.0767717 0.3579485 0.0199615 0.5686678 0.1187430 0.0353784 0.3289109 0.4517877 -0.2815648 0.2575054 0.5134219 0.5298502 0.1076011 0.2296156 -0.1255107 0.3876070 0.0622660 0.2259591 0.3866421 0.3513380 0.3089166 0.3297757 -0.0424916 0.6110818 0.3574301
0.4701487 0.6365257 0.1755579 0.7890679 0.0584050 0.7576659 0.5470996 0.3632634 0.4126492 0.8326539 0.0000000 0.3600736 -0.0718498 0.6920962 0.3518704 0.6771774 0.6799037 0.3718821 0.3496281 -0.4399701 0.3378826 -0.0455542 0.1982608 0.2368024 0.6137630 0.4796909 0.4319284 0.6193557 0.2749077 0.5439462 -0.1302889 0.2777594 0.0544681 0.2489287 0.5681040 0.2018808 0.4818142 0.2870460 0.3996878 0.2260204 0.1641741 0.2574785 0.4510640 0.0695583 0.5298307 0.3592654 0.4604703 0.1506871 0.3156463 0.2456184 0.4396413 0.3499818 0.4581957 0.3161975 0.1962678 0.0892185 0.3723437 0.2556860 -0.0485241 0.3932001 0.2968558 0.2888040 0.1562954 0.4852180 0.2865633 -0.0092936 0.4322501 0.3224102 0.1691513 0.5800860 0.1998510 0.4022952 0.3554435 0.3492327 0.2438156 0.5627495 0.4926805 0.1044938 0.2723751 0.3141983 0.3053845 0.0175836 0.1456796 0.3080204 0.4298522 0.0580500 0.5663016 0.4198222 0.3192857 0.3453972 -0.1195175 0.3005568 0.2926203 0.3465009 0.2810340 0.4267973 0.3569526 0.1640788 0.3193663 0.4800282 0.2430446 -0.0392131 0.1413316 0.2206172 0.3366003 0.3901886 -0.2561582 0.0641255 -0.2231508 -0.2604942 0.0200873 -0.3874310 -0.2224594 -0.1972825 -0.3743207 -0.1488758 -0.1159940 -0.2491895 -0.0338336 -0.0665243 -0.1641644 0.0498730 0.3020653 0.1200364 0.1491313 0.1810560 0.1065018 0.3389357 0.2322066 0.2981469 0.3365325 0.4758093 0.2203538 0.3509155 0.6117179 0.6169845 0.2698745 0.6161568 0.2664512 0.3423659 0.6074006 0.6467753 0.6445241 0.3767003 0.2009441 0.1802910 0.5600263 0.6003369 0.7092173 0.3650960 0.2729005 0.2921946 0.3738550 0.4457249 0.3612180 0.4074686 0.5313311 0.4606292 0.5783681 0.2343184 0.2766418 0.3227052 0.2980583 0.4779822 0.4907832 0.5414713 0.5058315 0.5896875 0.5085776 0.5302129 0.7028573 0.6476287 0.1531148 0.1653847 0.4595256 0.3367467 0.1932793 0.1528868 0.2212638 0.2113086 0.0979234 0.1920711 0.0731009 0.1741503 0.1441013 0.1633719 0.0320637 0.0774703 0.3376052 0.4416221 -0.0233364 0.3400923 0.2897549 0.1512199 0.5186521 0.2017942 0.4287719 0.2873180 0.3231037 0.2708465 0.4700940 -0.2154357 0.4970196 0.6579008 0.2955623 0.2013901 0.2015213 -0.0860128 0.2902153 0.2046149 0.4115989 0.4517767 0.3314507 0.3495651 0.4589203 -0.1513344 0.4089061 0.2320268
0.4465456 0.6605947 0.6546014 0.6532835 0.1676396 0.6737519 0.6155823 0.2154883 0.6437820 0.4987339 0.3600736 0.0000000 -0.0579319 0.2403158 0.5782267 0.1473770 -0.0222796 0.0637766 -0.0393240 -0.1444768 0.8079703 0.3167667 -0.0317888 0.4987123 0.1986187 -0.2629815 -0.1084750 0.3702411 0.6008832 0.1044233 0.2823396 0.2951076 0.4467724 0.4950305 0.1033287 0.7661284 -0.0376057 0.3809849 0.1935377 -0.2809869 0.4278839 0.6444004 0.2084771 -0.0404420 0.1496862 0.4731464 0.3093781 0.3633627 0.5237971 0.2979281 0.2578845 -0.1547693 0.4811180 -0.1922273 0.2762299 0.4127339 0.3287541 -0.2800954 -0.4046952 0.2967539 0.1012960 -0.3131508 0.4786014 0.6696191 0.5345760 0.1075810 -0.1820477 -0.3841941 0.4462009 -0.1026387 0.0435260 0.6065818 0.0638938 0.5727284 0.0050945 0.3989820 0.5539788 -0.1765306 0.0592168 0.5906624 -0.1792907 0.1774118 -0.0680634 0.0053607 0.2291352 -0.0252670 0.0992669 -0.0839727 0.1603866 0.0835580 0.0087630 0.3416495 0.2979458 -0.1686603 0.1801381 0.3053526 0.3975867 0.2539659 0.1102188 0.1061787 0.0294694 -0.0585232 -0.1610072 -0.0247527 0.2559458 0.3465510 -0.3511439 -0.3297694 0.0364588 -0.4391722 0.3728058 -0.1121576 -0.3631699 -0.0692370 -0.3244751 -0.2843476 -0.2932796 -0.2856156 -0.2608665 0.0724669 -0.2287649 -0.1486195 -0.1561283 0.0969041 0.2293775 -0.0032450 -0.1618244 0.1179156 0.0593976 -0.0505943 0.0554697 0.0896976 -0.0691903 -0.0597860 0.1629777 0.2310607 0.0767452 0.2940342 -0.1661799 0.5076697 0.0146063 0.2557095 0.3095125 0.0618848 0.1547516 -0.2937290 0.0334014 0.0002330 0.5099616 0.1456507 0.2809568 -0.1478011 0.3497081 0.0755151 -0.3660038 0.2226804 0.4235488 0.0688791 0.3961340 0.0504807 -0.2709766 0.4220775 -0.0596989 0.4050309 0.3001656 -0.0692880 0.2707859 0.5063176 0.5312685 0.5204684 0.4234598 0.5117904 0.1771205 -0.0500104 0.1751054 0.4178593 0.3958890 0.4338495 0.5235117 0.5652218 0.1720445 0.0647067 -0.0700149 -0.2416281 -0.2231686 0.2004719 -0.3820920 0.3623856 0.2695245 0.4346127 0.3789016 0.5789912 0.3910837 0.3743907 0.4556465 0.1694621 0.6879358 0.6357839 0.3791390 0.2456225 0.6136644 -0.1336745 0.4039831 0.4923404 0.7805220 0.3058723 0.4332024 0.3267225 0.5941833 0.5299255 0.4577736 0.4314724 0.4701916 0.7440660 0.4817628 -0.2201974 0.3941019 0.1541773
0.2250736 0.0862061 0.3321329 0.0737585 0.8128324 -0.0471918 0.0953936 0.6716343 -0.0256939 0.2103073 -0.0718498 -0.0579319 0.0000000 0.2055204 0.0018469 0.0690232 0.2423071 0.0868379 0.1146188 0.3762086 -0.2156325 0.2028306 0.0693174 -0.0031838 0.3108055 0.2041572 0.1487580 0.2043848 -0.0624294 0.0068458 0.4138355 0.7304255 0.0118650 -0.1422510 0.0265681 -0.1503359 0.3866132 0.7705351 -0.0287231 0.1204565 0.7624492 -0.0478734 0.0476534 -0.0636929 -0.1803286 0.3539867 0.1413279 0.7717728 -0.2757015 0.7376803 0.1318888 0.0618321 -0.3222302 -0.0343456 0.7555698 0.5824839 0.5471941 -0.0315808 -0.1542160 0.3468550 -0.2828916 -0.0122812 0.3857260 -0.2884577 -0.3051641 0.7286811 0.1943053 -0.0555461 0.5073877 -0.2754410 0.2747418 -0.2591432 -0.0258469 -0.3139682 0.1069141 -0.2345487 -0.3413647 -0.0642569 0.0420090 -0.2167394 -0.2802256 -0.3706298 0.2992962 -0.1108388 -0.0988326 0.3360181 -0.1021382 -0.1216086 -0.0179758 -0.1855402 0.0699447 0.0914847 -0.0404021 -0.1832190 -0.0283844 0.1625522 -0.0237967 -0.0088280 -0.2737774 -0.1566998 -0.2438647 0.1850449 0.4070984 0.0226732 0.1621228 -0.1420451 0.4697897 0.1678850 0.3773747 0.1350512 0.0352371 0.1235000 0.2460843 0.2566750 0.3275945 0.4656038 0.4313167 0.3609985 0.4040828 0.3917821 0.2992456 0.2136842 -0.3041965 0.3926300 0.0174213 0.0187410 0.1938935 -0.3138159 -0.1017099 0.4206966 0.0798158 -0.1871966 0.1075931 0.0648829 0.1130680 -0.1085972 0.3264360 -0.0129624 0.0860189 -0.2868604 -0.1617952 -0.1396029 -0.3867019 0.1195089 0.3262733 -0.1647294 -0.0088042 -0.1056746 -0.2057699 -0.3013480 -0.3364597 -0.0769712 -0.1145431 -0.3353580 -0.1744581 -0.2468028 -0.4344725 -0.0716428 -0.2248311 -0.2984184 -0.4005640 -0.3286376 -0.2579711 -0.3193000 -0.4114757 -0.1712026 -0.1230322 -0.0767562 -0.4018128 -0.3382556 -0.3498783 -0.3280916 -0.3779935 0.1235909 -0.0632397 -0.3200862 -0.1986283 -0.1200609 -0.4563112 -0.4153493 -0.3750985 -0.4843365 -0.4194435 -0.4071982 -0.0389430 -0.2295952 0.0992884 0.0911817 -0.3867403 -0.5301282 0.1528373 -0.5122344 -0.5053760 -0.2250419 -0.1128798 -0.2882072 0.0404428 -0.4018339 -0.4633517 0.0138950 -0.0145545 0.1684006 -0.1814731 -0.2007200 0.3546274 -0.0394869 -0.0630747 -0.0639674 0.3069004 -0.2457299 -0.2488922 -0.3947239 0.3663758 -0.3289203 -0.5332211 0.3559512 0.3129161 0.2342876
0.5101506 0.6959406 0.4421158 0.5865853 0.1322709 0.6333884 0.3954936 0.5081335 0.5710399 0.8360439 0.6920962 0.2403158 0.2055204 0.0000000 0.4728267 0.4273024 0.7626656 0.6935329 0.2283926 0.0259677 0.2486637 0.0525444 0.3819354 0.3628825 0.5543375 0.5126891 0.5119240 0.9311368 0.3927458 0.8748993 0.1379418 0.3562874 0.1407203 0.2245429 0.3251721 0.1154445 0.5812539 0.3507686 0.0793125 0.2851387 0.2576519 0.2291598 0.2262842 -0.1051919 0.5280381 0.2631845 0.3194134 0.2099799 0.1605784 0.2590608 0.3570188 0.1921498 0.3520143 0.1207864 0.2455885 0.1200587 0.3630710 0.1569255 -0.1010571 0.4282438 0.4047233 0.2545724 0.3209391 0.3882163 0.2397712 0.1060511 0.4326346 0.2776777 0.3053809 0.5684804 0.4209351 0.3863280 0.4367660 0.3010595 0.5853809 0.6024991 0.4492731 0.2531434 0.4706251 0.1863092 0.1240594 0.2032288 0.1600714 0.2419837 0.4074479 -0.1285848 0.4061085 0.4739826 0.0149702 0.2008313 -0.0021033 0.2377194 0.0655522 0.3897267 0.1920660 0.3646392 0.1864111 -0.0046046 0.0349888 0.5308518 0.2118882 -0.3055378 0.1224327 0.2480741 0.4552120 0.3698991 -0.1534191 0.1501367 -0.0467423 -0.0570670 -0.0804894 -0.3858996 -0.1594928 -0.1288801 -0.3416961 -0.0434087 -0.0076406 -0.1873632 0.1536780 -0.0581057 0.0068452 0.1931691 0.3747303 0.2057979 0.1084311 0.0619091 0.3761952 0.2608073 0.0888301 0.4701740 0.4021765 0.6199186 0.1578521 0.3581377 0.7243515 0.5027343 0.4344744 0.6462296 0.3124625 0.1369109 0.5747850 0.5062931 0.5136031 0.3223655 0.3458678 0.0727564 0.5200676 0.4977478 0.6029872 0.2909753 -0.0266792 0.1443178 0.2892082 0.2867539 0.2754963 0.1497764 0.3163576 0.3845334 0.2931069 0.0239062 0.0378334 0.0422716 -0.0170071 0.4097665 0.2466734 0.2446570 0.3642249 0.5563952 0.3968288 0.3157786 0.4805023 0.5693525 0.1441692 0.1738092 0.3657872 -0.0185107 -0.1307773 -0.1792568 -0.1041289 -0.0622319 -0.2923767 -0.0181598 -0.0963983 0.0291778 0.1359779 0.1350928 0.0731245 -0.0257764 0.0947171 0.3024641 -0.1161252 0.0938893 -0.0227210 -0.2441756 -0.0720550 -0.1764619 0.1624483 -0.0734363 -0.1069439 0.0341603 0.1499060 -0.2545921 0.2480143 0.2940067 0.2303211 0.1801020 0.1135378 -0.0609677 0.1569436 -0.0568718 0.2064385 0.3159792 0.1473457 0.0777441 0.2989257 0.1249963 0.6143336 0.3933257
0.5539790 0.7752107 0.5020125 0.6843685 0.2092632 0.7125242 0.5109167 0.1503134 0.9257692 0.5567789 0.3518704 0.5782267 0.0018469 0.4728267 0.0000000 0.3028271 0.2866074 0.5462621 0.0789668 0.0740702 0.5104036 0.1440348 0.4346700 0.9422746 0.3047380 -0.0452369 0.5024475 0.6133347 0.8066944 0.3063743 0.2873340 0.4111913 0.7959312 0.8610571 0.2549210 0.5452594 0.1330333 0.3964904 0.1080033 -0.0438561 0.2817056 0.4925287 0.1511514 0.2146787 -0.0292702 0.3367917 0.2466644 0.3759299 0.6311967 0.2510047 0.1444897 -0.0977473 0.6278103 -0.1041742 0.2816891 0.3647565 0.3227785 -0.1224094 -0.4287144 0.2230050 -0.1647305 -0.1433147 0.3493649 0.7518459 0.5468197 0.2987243 0.1164925 -0.1412532 0.4246855 0.2026232 0.3670060 0.6344544 0.2776792 0.5712294 0.2900463 0.7360067 0.5603879 -0.0279267 0.5615007 0.3206767 -0.3657797 0.0776742 -0.3076186 0.0032794 0.4044757 -0.3850124 -0.2766238 0.5549338 -0.1857361 0.2093200 -0.3890178 -0.1108585 -0.1990680 0.3653796 -0.1754690 -0.2330706 -0.2594741 -0.0335408 -0.1069631 0.3108648 0.1358922 -0.1737415 -0.1589182 0.0894615 -0.2880632 -0.1988067 -0.3491228 -0.0660761 -0.3630964 -0.1894675 -0.2316843 -0.3867532 -0.0601969 -0.0509428 -0.1778449 -0.0608848 0.0013445 -0.0631885 0.0884260 0.1477067 0.1473457 0.2016784 -0.0890338 0.4488359 0.4098732 0.0002282 0.1712373 -0.0616815 0.1303457 0.1589027 0.2801855 0.0748137 -0.1253308 -0.1308735 -0.0675171 -0.0388865 0.1181357 0.2593423 -0.0656833 0.0031308 -0.2122432 -0.0356483 -0.0023896 -0.3302157 0.2198886 -0.4715710 0.0237341 -0.0786259 0.1350136 -0.2278286 -0.1706566 -0.5388684 0.0151736 -0.2415111 -0.2557820 -0.2326228 0.0282481 -0.2201921 0.0871057 -0.1742500 -0.1397886 -0.0090596 -0.4975746 0.0117951 0.1047824 -0.3890194 -0.1745810 0.2165808 0.2656635 0.0322082 0.0411309 0.2190801 0.4724369 -0.1147369 -0.0636910 -0.0701378 -0.1868524 -0.2086938 -0.0535602 -0.0248810 -0.3672607 -0.2748288 -0.2966531 -0.3334227 -0.1612431 0.1816821 -0.4241034 0.1827893 -0.0267154 0.3728020 0.1699673 0.2231896 -0.1100450 -0.1675500 -0.0474105 -0.3250689 0.2454352 0.1343574 -0.1840683 -0.0680945 0.1563321 -0.0926002 0.1618206 0.1102065 0.4956769 0.2873472 0.2314830 -0.0004704 0.2848462 0.1931709 0.2388818 0.1187380 0.0331137 0.5079600 0.4292881 -0.1706790 0.5785435 0.3934676
0.4582777 0.2906044 -0.1012413 0.4761219 0.1414844 0.4494603 0.5981126 0.3963411 0.3094172 0.5437663 0.6771774 0.1473770 0.0690232 0.4273024 0.3028271 0.0000000 0.3852252 0.4371501 0.7676466 -0.5218798 -0.0134515 -0.2291643 0.3797664 0.1992978 0.6973692 0.6289441 0.3944063 0.4468860 0.0479554 0.4058220 -0.3584495 0.2019442 0.2296982 0.3400790 0.7710213 -0.1522981 0.2778510 0.2711628 0.7851342 0.6611805 0.0534355 -0.0659214 0.7183868 0.6598127 0.1349315 0.3066820 0.3430820 0.0876733 0.4827909 0.1852796 0.5068564 0.5669547 0.3974575 0.7039837 0.0464114 0.0474992 0.2020785 0.6097875 0.1415578 0.3175201 -0.1976781 0.4970254 -0.0628282 0.2528911 -0.0079149 -0.1195226 0.5554690 0.5798418 -0.0963686 0.6549939 -0.0064744 0.1338629 0.6117361 0.0168047 0.0588125 0.5468054 0.3311868 0.0941036 0.4451597 0.2200306 0.4137359 0.0969198 -0.0189714 0.4780318 0.5238936 0.1268392 0.3657331 0.5166353 0.3932984 0.5184825 -0.2257079 0.2744089 0.1720532 0.3293579 0.3503030 0.3100003 0.3053155 0.0673058 0.4757281 0.3093064 0.3548813 -0.1005257 0.4788546 0.3187770 0.0959932 0.1056432 -0.0705955 0.5105856 -0.2856423 0.0306344 -0.0058880 -0.3250257 0.0674765 0.0164145 -0.3643589 0.0514669 0.1735725 -0.1123093 0.1795106 -0.0516185 0.1183701 0.3522437 0.4558867 0.3506489 -0.0066539 -0.1194895 0.3085352 0.3623246 -0.0290729 0.4903980 0.1632006 0.1680059 0.1962152 0.5230751 0.3633217 0.3668188 0.2149329 0.4284354 0.1806980 0.3789179 0.2311323 0.4924268 0.3115402 0.1511387 0.2576685 0.1773176 0.4420295 0.3757927 0.2989362 0.2668899 0.1508831 0.1410862 0.3469144 0.2498980 0.2570704 0.0785580 0.4621282 0.3818329 0.6164350 0.1168026 0.2571342 0.2756596 0.2676545 0.3765353 0.3588728 0.4771443 0.4195083 0.5282221 0.4929006 0.2916404 0.4852696 0.3798459 0.1975898 0.3785221 0.6138882 0.5214556 0.3911833 0.3486126 0.0835676 -0.0532292 0.2701895 0.1324224 0.1016691 0.3015061 0.4568110 0.0878142 0.3010126 0.2051282 0.3223964 0.3550132 -0.0771285 0.2576210 0.1810042 0.3056357 0.4098488 0.3844659 0.0974985 0.1090305 0.3347126 -0.0284980 0.3345291 -0.1699656 0.5130607 0.6034256 0.1578990 0.4245478 -0.1248506 -0.1101935 0.2373843 0.1314355 0.2702213 0.5057361 0.4268077 0.4068973 0.4867251 -0.0639684 0.3563289 0.5086758
0.3748150 0.4340562 0.1349073 0.4819670 0.2821990 0.4412855 0.2418865 0.3275575 0.3533465 0.6407551 0.6799037 -0.0222796 0.2423071 0.7626656 0.2866074 0.3852252 0.0000000 0.4345234 0.0443520 -0.0470633 -0.0368507 -0.0182544 0.4712019 0.1791254 0.4249178 0.5713086 0.7904371 0.6362690 0.1275346 0.5883737 -0.0054538 0.5439994 -0.0404239 0.0809793 0.2096054 -0.0759185 0.6642023 0.3190022 -0.0261383 0.2139882 0.2290918 0.0229815 0.0751807 -0.0335900 0.3307571 0.1323005 0.1656510 0.3253501 0.0785805 0.3104440 0.0850743 0.1608837 0.1621358 0.1246877 0.4314285 0.0917721 0.3904416 0.1511837 -0.0711098 0.2871844 0.0801525 0.2442766 0.0080548 0.1490783 0.0948384 0.3888500 0.3689353 0.2581046 0.1334461 0.4189326 0.4787429 0.1768231 0.1669424 0.0356285 0.3386927 0.4093343 0.1854335 0.2055802 0.4570245 0.1046402 0.1360987 -0.1997392 -0.1166306 -0.1560591 -0.0278905 -0.1098024 0.2782043 0.3823884 -0.2628193 -0.1004872 -0.2070259 -0.0091019 -0.0344451 0.3014926 0.0060673 0.2252744 -0.0724406 0.0317216 -0.0949570 0.3382578 -0.0630506 0.0713144 0.1075101 -0.0161903 0.1628151 0.1027693 0.0315061 0.0743925 -0.2059463 -0.0035943 -0.3465362 -0.4052866 0.1377837 0.0645460 0.0863687 0.2936409 0.3525367 0.2345930 0.4275192 0.2660757 0.3150805 0.3372644 0.2011846 0.3350918 0.1954736 -0.0062142 0.2174103 0.0546383 -0.0504179 0.3995888 0.2887322 0.2954921 0.1054604 0.0965105 0.4722795 0.3309694 0.2808847 0.3440399 0.1779202 -0.2269930 0.4832027 0.1993338 0.2511029 0.1197978 0.0838981 0.1820490 0.3082680 0.3048456 0.3362208 0.0062861 -0.2656382 0.1120075 -0.0097829 0.2116543 0.3235008 0.1308598 0.0651606 0.1812523 0.2855952 -0.1011263 0.1825535 -0.1734273 0.0536813 0.0879049 0.1155017 0.1668057 0.2522241 0.4193896 0.1647204 0.0513729 0.2274555 0.3036880 -0.0387398 0.1037208 0.2731680 -0.1443015 -0.2412843 -0.2449948 -0.2884000 -0.1942118 -0.3611861 -0.1163747 -0.1525329 -0.1139544 0.0610242 -0.1320145 0.0844596 -0.0929077 -0.0945506 -0.0299868 0.0092255 -0.0749829 -0.1107610 -0.3882019 0.0973733 -0.3639600 -0.0099972 -0.1991320 -0.0971535 -0.1182517 0.2809125 0.0935923 0.3005021 0.3196753 0.1772510 0.2808154 0.0195703 -0.0797363 0.3053568 0.0983162 0.2504342 -0.0353958 0.1627259 -0.0343502 0.0309172 0.1616696 0.5859619 0.4191867
