0.0000000 -0.0418341 0.1353474 0.4093080 0.0874484 0.2782793 -0.2822627 0.2086768 0.6655932 0.5368415 0.0987595 0.5897721 0.1452390 0.3021362 0.5228941 0.1059790 0.2118077 0.1871630 0.2268191 0.1856282 0.5380720 0.3268237 0.0409578 0.3528380 0.2048578 0.0323317 0.0302395 0.0154806 0.4333358 -0.1330418 0.0132366 0.2040577 0.2397370 0.3753291 -0.0282391 0.3971638 -0.1203525 0.0801999 -0.2269344 -0.1986554 0.0107951 0.2710753 -0.1700414 0.2211186 0.2397814 0.2508289 -0.0365085 0.1082648 0.3370932 0.3038766 -0.2482210 -0.3522578 0.1887542 -0.2028624 0.2492724 0.3415578 0.1276761 0.1856867 -0.0634142 -0.2758017 -0.0073362 -0.3234490 0.5702642 -0.2344110 -0.2801207 0.2709918 -0.2419381 -0.1899392 0.5661602 -0.1376487 0.1095719 -0.1665867 -0.1420503 0.0664308 0.1860089 -0.0903682 -0.1221167 0.1231554 0.0544604 0.1972462 0.1315609 0.2533505 0.5554817 0.5710968 0.1448869 0.3907135 0.2285058 0.0151282 0.2703631 0.4835633 -0.0570219 0.0321894 -0.0179165 0.0497674 -0.0301961 0.2758532 0.0620069 0.1607761 0.1626931 0.0914033 0.2083655 0.0207421 0.0546446 0.1154626 0.2470949 0.2473440 0.1990430 0.3434240 0.2490405 0.6416800 0.0833076 0.2024228 0.0137245 0.2264300 0.4363047 0.1488854 0.2650907 0.4121814 0.1675358 0.2932696 0.1273569 0.2192714 0.3175568 -0.0318409 0.0797136 0.3759984 0.1852163 0.2146000 0.2529957 -0.0893366 0.0103874 -0.1051043 0.0125237 -0.4581103 -0.0523612 0.1287720 -0.2567654 0.0826263 0.1465336 0.4599856 0.1638037 0.3695216 0.2463406 0.1392127 -0.2979532 -0.2224381 0.1210417 0.0561164 0.1056175 0.3552670 0.5539926 -0.1866429 0.0169985 0.0489774 0.4505853 0.4233420 0.5158154 -0.1643189 0.3341873 0.4032820 0.1302255 0.0862711 0.1310781 0.4311067 0.1283725 -0.0256224 0.1833442 -0.0739166 0.0903335 0.2573042 -0.0859506 -0.0893639 0.3064360 0.1497539 -0.0257114 -0.2062380 0.0280814 -0.2088113 0.2537808 0.2400415 0.1331080 0.1571689 -0.0539764 -0.0864287 -0.2145814 -0.1228502 -0.1253145 0.1578609 -0.0864020 -0.1532753 0.3977442 -0.1288825 -0.0974307 0.2667816 0.3627413 0.2740026 0.0836786 -0.0653478 0.0998206 0.2542110 -0.3157690 -0.4714976 -0.0643654 -0.2091996 0.3253712 0.5258457 0.2851081 -0.3722856 -0.2771124 -0.3377363 0.1874666 -0.0903467 0.3911581 0.2825663 -0.0173908 0.2375808 0.1560768 -0.2081494
-0.0418341 0.0000000 0.4243218 -0.2116252 0.4593923 -0.3294753 0.6774673 -0.1034676 -0.1444984 -0.2089528 -0.3188362 0.2687985 0.1741292 -0.2394305 -0.3520346 -0.4562805 -0.1491341 -0.3231392 -0.4352911 0.3756987 0.3182240 0.0162219 -0.1801995 -0.5936702 -0.5155222 -0.4451174 0.0167469 -0.3856901 -0.3701395 -0.2679393 0.3855554 -0.0623484 -0.5353368 -0.5734283 -0.4030701 0.0922364 -0.0315038 -0.0427453 -0.1942883 -0.2933896 0.1128327 -0.2080879 -0.2051693 -0.4563249 -0.2134788 -0.1775244 -0.5287720 0.3428676 -0.5045410 -0.2288453 -0.3977251 -0.1537043 -0.3139610 -0.2261425 0.3328707 0.0067691 0.0866943 -0.5075351 0.3061953 -0.2228774 -0.0533704 -0.1590846 0.2999702 -0.4037131 0.0268549 0.3393765 -0.1942276 -0.3222672 0.1608176 -0.4109641 0.1292651 -0.4281387 -0.3300845 -0.0704907 -0.0268224 -0.4391197 -0.1174491 -0.2085658 -0.3578510 0.1191263 -0.1800493 -0.1701012 -0.1924921 -0.3092287 0.2091931 -0.1173250 -0.2466429 0.3951474 0.1271480 0.1475298 0.3065290 0.2772811 0.1300966 0.1174302 0.4500891 0.2805149 -0.0797376 -0.2195721 0.4476068 0.1263167 0.1331427 -0.1282820 -0.3986509 0.0063216 0.1023026 0.3618519 -0.3919251 -0.3506182 0.0078305 -0.2944990 0.3328608 -0.2183376 -0.1703221 0.3732559 0.1782313 0.4163236 0.4835068 0.2783957 0.3988525 0.5179460 0.5065565 0.6132483 0.1957061 0.3464937 0.0320102 0.4440247 0.1436765 0.3022146 -0.0211010 -0.1290549 -0.2515851 -0.0820348 0.1921216 0.1430432 0.2265013 0.0155401 -0.0777865 -0.1385483 -0.1865670 0.3370525 0.2113935 0.2206166 0.4362403 0.0983346 -0.2253568 -0.2823040 -0.1149409 0.0234357 0.2292844 0.2023227 -0.0586488 0.2574544 0.1492388 -0.0291009 0.0964930 -0.1595369 0.4730400 -0.1469844 0.4821851 0.4192348 -0.2076214 0.0414750 -0.2171745 0.2706697 -0.1115979 0.0497106 -0.1206296 0.1118392 0.3471533 0.2380280 -0.1642331 0.0058549 0.4890474 0.4614055 0.7427223 0.6676475 0.6569034 0.4414265 0.1258465 0.0275046 0.1393870 0.1982447 0.2660363 0.3721446 0.5899491 0.1311306 0.4559871 0.3037185 0.1075428 0.0377155 0.3439817 0.2793450 0.2890398 0.6026109 0.4330442 0.4904216 0.4135107 0.1363931 0.0992662 0.3827317 0.3165887 -0.0773249 -0.0549878 0.3920702 0.0469952 -0.0801867 -0.1624865 0.0492226 0.0523498 0.0736545 0.0048946 0.0783969 -0.0429131 -0.0584098 -0.5361570 -0.2299473 -0.1462375 0.3521074
0.1353474 0.4243218 0.0000000 -0.1103982 0.9516631 -0.0917970 0.3410113 0.3807791 0.1386872 0.1118840 -0.0703255 0.1869487 0.8339852 -0.2711804 0.0175116 0.0816694 0.2421500 -0.7387818 0.0836175 0.7607217 0.1878655 0.5914211 0.0877202 -0.5108129 -0.0644998 -0.0439980 0.2132037 -0.5001859 0.0009252 -0.2623294 0.6863521 0.6021046 -0.3396648 -0.2739011 -0.0468520 0.1481202 0.3419910 0.5497125 -0.2224744 -0.5055543 0.6952774 -0.0235051 0.0308295 -0.1752665 -0.3928125 0.2992997 -0.1974001 0.7576571 -0.1798505 0.2466935 -0.0991058 -0.2637690 -0.3131097 -0.4766973 0.6688958 0.2908293 0.5655567 -0.4118379 0.3623673 -0.0481091 0.2224589 -0.1753129 0.6870175 -0.0437910 -0.3727270 0.7263812 -0.1865256 -0.2692439 0.4401537 -0.0114625 0.1831518 0.1547119 -0.1945604 0.3345573 0.1440228 0.2137979 0.4742823 -0.0390690 0.1323434 0.5360204 -0.0116890 0.2031281 0.0605360 -0.1124413 -0.0530894 0.0661551 -0.2811570 0.2972635 0.1015014 -0.0149425 -0.0313245 0.0614092 -0.1661346 0.4665152 0.2986554 0.4302877 -0.1385518 -0.1754817 0.5622887 0.2018168 0.2960137 -0.0535551 -0.0841551 0.1601855 0.0656642 0.4826445 -0.3303977 -0.0524313 -0.3815866 0.2723154 0.2082024 -0.4837581 -0.1005455 0.5814516 0.1085816 0.2063948 0.3981380 0.3550287 0.1687189 0.3323809 0.5236364 0.4459499 -0.3225049 0.5723268 0.3675751 0.1242256 0.2214347 -0.3520360 0.2227913 0.2785832 0.2739680 0.2664333 0.4973217 0.4352655 0.4405347 -0.3395496 0.2659369 0.0477498 0.1369409 0.2694373 -0.1145374 0.3934966 0.3388581 -0.1261296 -0.1081196 -0.1442165 0.5718021 0.6361652 0.2195277 0.5486500 0.2611757 0.2392221 0.6939264 -0.4779122 0.4025841 -0.0106486 0.1798745 0.5623053 0.0702222 0.2660836 0.1314789 0.5913874 -0.1404607 -0.1389243 0.6687090 0.3099488 -0.5973259 -0.4493110 0.4098942 0.5892857 -0.0354619 0.2431245 0.2250518 0.5473022 0.7004800 0.5991527 0.3096439 0.2582369 -0.4263933 -0.1598785 0.0879826 0.2515974 0.5991064 0.5945556 0.7088806 -0.0767919 0.6307020 0.3768584 0.4776787 0.3300689 -0.1152950 0.5058191 0.4739314 -0.1327912 -0.0597958 -0.1936940 0.0420956 0.1565754 0.4547602 0.2273196 0.1758310 0.0128555 0.0519134 0.2135426 0.7152182 0.4444627 0.2245101 0.2602764 -0.0567535 0.0130891 -0.0829903 -0.2368346 0.5482859 0.5625944 -0.0796597 0.3407410 -0.5622423 -0.0352254
0.4093080 -0.2116252 -0.1103982 0.0000000 -0.1329450 0.6285626 -0.2697178 0.7250087 0.1534459 0.4755373 0.7222572 0.1047350 0.1504493 0.4897416 -0.0741549 0.4422832 0.6854723 0.3595184 0.4787291 -0.1930603 0.2398702 0.1312750 0.5135152 0.3321886 0.5312707 0.4868540 0.2052094 0.3182759 0.1141127 0.3111563 -0.0911907 -0.0432408 0.2271450 0.2844451 0.4137266 0.2564447 0.1330865 0.1456674 0.0846181 -0.0360776 -0.0008425 0.3105694 0.2390291 0.0554220 0.5080906 0.3275563 0.3944741 -0.2019343 0.1336207 0.3174781 0.2605193 0.2355357 0.3306224 0.1343600 0.0869551 0.5064198 0.0954432 0.2538005 -0.3616477 0.2623487 0.1670825 0.2823822 0.3801690 0.1997359 0.1941267 0.0430972 0.3785961 0.2770219 0.6072345 0.2434101 0.2618678 0.1990408 0.4631323 0.2562082 0.4885974 0.2487717 0.1461081 0.5000050 0.4664580 0.1183317 0.5500603 -0.3110713 0.1213434 0.3920680 0.0098039 0.3155456 0.4771537 -0.1328826 0.4128524 0.3936918 0.2772182 0.0612549 0.2349798 0.0904418 -0.1500481 -0.1933710 0.0323036 0.4203308 -0.3812116 0.0486304 0.0541442 0.4196667 0.1362512 0.2378658 0.0352867 -0.2447236 0.3936866 0.0738981 0.2998799 0.1341359 -0.2345843 0.1885448 -0.0397009 -0.0823549 0.1564354 -0.1284934 -0.0769571 0.0464264 -0.0304975 -0.0357854 -0.1530508 -0.0266968 0.1080203 -0.3235614 -0.0863327 0.0282296 0.0632999 0.1435196 -0.0004334 0.0655563 0.0264244 0.0365636 -0.0776360 -0.2301817 -0.3271910 0.0624561 -0.0306316 -0.0975543 0.0671754 0.0507743 0.1189492 0.0419048 -0.0404175 0.2417448 -0.1226266 -0.1032856 -0.0448153 -0.1021439 -0.1408897 -0.0230801 -0.0042419 0.1560891 -0.0087838 0.0797625 0.0180236 0.1797948 0.0115543 -0.3257426 -0.1605224 0.0115822 0.0491933 -0.2896496 0.1944915 0.1563290 -0.2386183 -0.2126351 0.1671064 -0.2259105 -0.3492884 0.0126258 0.0596188 -0.3003350 -0.0908700 -0.4699032 -0.3531832 -0.2250610 -0.1260922 -0.4383843 0.3990004 0.4742253 0.2518975 0.2763262 -0.1268233 -0.0036866 -0.3597969 0.2476547 -0.0457449 0.2482370 0.1639799 -0.0112169 0.0940337 -0.0625302 0.0494894 0.1247387 0.1208755 0.1417838 -0.1223857 0.1820228 0.0677040 -0.0242592 -0.1217278 -0.1840936 -0.1394685 -0.2926484 0.0635212 0.1182142 -0.0687555 -0.2354775 -0.1484823 -0.0333025 0.1242078 0.0832415 0.2423907 0.0475552 0.0562247 0.1989169 0.2237850 -0.0489282
0.0874484 0.4593923 0.9516631 -0.1329450 0.0000000 -0.1055244 0.2658615 0.3401758 0.0081336 0.1185510 -0.0664146 0.1278765 0.8303052 -0.2050573 -0.1007110 0.1309692 0.2260150 -0.7418729 0.0395620 0.7368631 0.2046425 0.6379056 0.0979036 -0.5558708 -0.0611897 -0.0216269 0.1020502 -0.4076863 -0.1336136 -0.1839599 0.8044489 0.5625220 -0.3605404 -0.3313062 -0.0391360 0.1524016 0.3138038 0.5313564 -0.1255733 -0.3543516 0.7127530 -0.1139174 0.0431757 -0.1969107 -0.4004733 0.3142529 -0.1573996 0.7096331 -0.2156708 0.2347295 -0.0687863 -0.1744612 -0.2746579 -0.3579606 0.6822541 0.3341754 0.5318844 -0.3911426 0.2806493 -0.0008753 0.1395497 -0.1303578 0.7344016 -0.0649661 -0.2312656 0.6548491 -0.1457701 -0.2799213 0.4729111 -0.0393025 0.1653251 0.0744922 -0.1762319 0.3792543 0.0744695 0.1780473 0.4292369 -0.0533732 0.1385594 0.4099150 0.0157754 0.1592055 -0.0305077 -0.0495148 0.1404131 -0.0250213 -0.3111683 0.1974592 0.0471675 -0.1018184 0.0241581 0.1255925 -0.0953992 0.3417726 0.2843965 0.3231136 -0.1151560 -0.1529727 0.5419557 0.1339908 0.1871617 -0.0119724 -0.1233774 0.1302290 0.0566798 0.3686153 -0.3199737 -0.0446723 -0.3540583 0.2573259 0.2262454 -0.4272210 -0.0371256 0.5810831 0.1248997 0.2179171 0.3639275 0.2945518 0.1663027 0.3313965 0.5154739 0.4345476 -0.2215446 0.5443043 0.2718966 0.2056366 0.2115754 -0.2901135 0.2011557 0.3004632 0.2900963 0.2735820 0.4345331 0.4893141 0.4709456 -0.2226573 0.2811620 0.0083402 0.1704837 0.2831598 -0.0037221 0.3487041 0.2755218 -0.0668971 -0.0720236 -0.1456824 0.5631239 0.5394830 0.2459837 0.4444914 0.1885190 0.1653140 0.6812602 -0.4328773 0.3219143 -0.0546710 0.1646948 0.5367525 0.0942757 0.2286982 0.0503224 0.5102198 -0.0830369 -0.0702124 0.6227413 0.2939510 -0.5578616 -0.3328974 0.4860497 0.6057087 0.0137859 0.3138937 0.1906228 0.5365152 0.6789948 0.5913753 0.3540739 0.1439165 -0.3051060 -0.0864903 0.0443304 0.1890278 0.5378269 0.5920183 0.7733961 0.0571960 0.7182669 0.4924340 0.4409734 0.2340286 -0.0401417 0.4549792 0.3640617 -0.0457403 0.0410122 -0.0766909 0.1279568 0.0288391 0.2861568 0.2650124 0.3799048 0.1256086 -0.0236808 0.2773327 0.7539857 0.4651975 0.2181213 0.3194825 0.1699111 0.0148134 -0.1328373 -0.3100526 0.5944927 0.4198117 -0.2087440 0.4205032 -0.4791086 -0.0343161
0.2782793 -0.3294753 -0.0917970 0.6285626 -0.1055244 0.0000000 -0.3429536 0.4724768 0.4601965 0.7858827 0.6859787 0.0758011 0.0640885 0.6432607 0.2604712 0.6287287 0.5918635 0.1361447 0.4733315 -0.0381751 0.4231811 0.0792757 0.6112387 0.3813539 0.5972224 0.5954711 0.3433746 0.4455209 0.4980400 0.4001235 -0.1332231 0.2364760 0.3733166 0.5856154 0.4944997 0.4483155 0.0939646 0.2193768 0.2009787 0.1969410 0.0968150 0.4540601 0.3965845 0.1786301 0.3956687 0.3232066 0.4559495 -0.0872165 0.3563259 0.3339965 0.4336770 0.3346320 0.5510316 0.2344405 0.1167061 0.3358628 0.1340854 0.4875212 -0.2566050 0.4164400 0.3887114 0.4247438 0.3213941 0.5083253 0.1773696 0.0765142 0.4751126 0.4619817 0.4099103 0.5796958 0.3829547 0.5543304 0.5372805 0.5459995 0.5583254 0.5351402 0.4164032 0.5713071 0.5894846 0.0204025 0.6522065 -0.2812656 -0.0429853 0.3173208 -0.0295757 0.0775670 0.2452374 -0.4163550 0.0448698 -0.0176528 -0.0944683 -0.2897760 -0.1653917 0.0367202 -0.2924345 -0.3118511 -0.0893509 0.1180025 -0.3220639 0.0226308 -0.0354919 0.1505552 0.0606333 0.0540481 -0.1577385 -0.3947796 0.1820141 0.0004643 -0.0647872 0.2013677 -0.4124399 -0.1155366 -0.3160625 -0.2447378 -0.1735080 -0.4805091 -0.1765511 -0.0095874 -0.2070803 -0.1879737 -0.1407874 -0.1672883 0.1281566 -0.1772348 0.1082973 -0.0204618 0.0367821 0.0396072 0.0745785 0.3664507 0.3529887 0.2956793 0.0210204 -0.0968853 0.2605878 0.0586126 0.0347783 -0.1455086 0.1459932 -0.1695784 0.2727045 -0.0584880 0.2866299 0.2528388 -0.0415613 0.0664171 0.1771991 0.1268330 0.3223032 0.0204674 0.0558491 0.1825138 0.2735989 0.0434444 0.0447463 0.1679830 -0.1392454 0.0671350 0.1121160 -0.1657195 0.2670087 -0.0551645 0.2510307 -0.0777485 0.0982012 0.0187745 0.0938713 -0.0006230 -0.4114427 0.0378620 0.0220531 -0.1512436 -0.0040568 -0.2332221 -0.1666830 -0.2988838 -0.2107050 -0.4891725 0.3318524 0.3491099 -0.2089714 -0.1207750 -0.0809640 -0.2875334 -0.2928228 0.2727583 0.0070544 0.3064970 0.4473462 0.1986614 -0.2408814 0.0173056 0.0970269 -0.0582444 -0.0601825 -0.0163575 -0.2676681 0.1820555 0.1413838 -0.0939324 -0.1502593 -0.2285974 -0.2853019 -0.3584256 0.0485069 0.2521155 0.0360582 -0.4015006 -0.0252798 0.0192943 -0.1064912 -0.2023429 0.2921412 0.0538249 -0.0292644 0.1796716 0.0593998 -0.1744582
-0.2822627 0.6774673 0.3410113 -0.2697178 0.2658615 -0.3429536 0.0000000 -0.0617384 -0.3473498 -0.3589602 -0.3524861 0.3683324 0.0042418 -0.3850321 -0.2596348 -0.5636684 -0.0567707 -0.3046957 -0.5046576 0.0779395 0.1633798 -0.0370214 -0.2241151 -0.5171226 -0.4876233 -0.4691524 -0.0553119 -0.4451390 -0.3063384 -0.3625149 0.0991154 -0.2297555 -0.5428044 -0.4899983 -0.3444974 -0.1067138 -0.1050371 -0.2552790 -0.3496108 -0.4170913 -0.0835940 -0.3192391 -0.2497988 -0.4877271 -0.2439729 -0.4570881 -0.4234672 0.0968670 -0.4867570 -0.3988977 -0.2754217 -0.2217328 -0.2839495 -0.3466077 -0.0597717 -0.3292324 -0.0300486 -0.5030622 0.0492349 -0.1851161 0.0471174 -0.0675707 -0.1366103 -0.0506380 0.2664250 0.1185529 -0.2255028 -0.1622619 -0.2008034 -0.2136418 -0.0587614 -0.0681078 -0.2278573 0.1572531 -0.1752798 -0.1712494 0.1150202 -0.2827097 -0.2246384 0.3196673 -0.1882396 -0.2128745 -0.1819718 -0.5157777 -0.1925455 -0.1801218 -0.3692888 0.3066463 -0.0883430 -0.0628926 0.2278494 0.0558631 0.1288851 0.1223472 0.3330642 0.1530805 -0.0461556 -0.1788757 0.2704045 0.0138418 -0.0652889 -0.2113879 -0.2415880 -0.1790998 0.0744173 0.3675738 -0.4586724 -0.2652702 -0.0269421 -0.5122183 0.2394140 -0.2271874 -0.0541821 0.0980978 -0.1704096 0.0587600 0.0086413 -0.1405209 -0.0165014 0.0759168 0.0528207 0.1376189 -0.0184192 0.0944828 -0.2135758 0.0754743 -0.0295578 0.0217015 -0.1396862 0.0274280 -0.2324242 -0.2018447 0.1450073 0.4150658 0.0012627 0.0380348 0.0373752 -0.1801831 -0.3241935 0.1743505 0.0606850 -0.0125467 0.2154903 0.3447026 -0.0492328 0.0051049 -0.2354448 0.0080557 -0.2726818 0.1390214 -0.0867206 0.4723228 0.0350693 0.0218306 0.0494183 0.2010380 0.0816083 -0.0487909 -0.0203518 0.2857236 -0.3102515 -0.0104694 0.1759682 -0.0073784 -0.2944703 0.2640187 -0.1512389 -0.2740351 -0.1389671 -0.0289394 -0.3858251 -0.4077749 0.0210597 0.3829818 0.5609008 0.8163826 0.7157995 0.5615160 -0.0551318 -0.1797654 0.0243399 0.0166473 0.1171002 0.3729152 0.3135010 0.3087748 0.3398119 0.2487379 0.3080397 0.4756374 0.0899170 0.4083014 0.4392285 0.3789869 0.0947608 0.3086630 0.2932192 0.3807023 0.3477535 0.2150117 0.2438099 -0.1393910 0.2250014 0.4076380 -0.1489414 -0.0406796 -0.2357110 0.2223986 0.0158543 0.2878708 0.1254485 0.3686008 -0.0945560 0.0526655 -0.2737817 -0.1594784 -0.1327080 0.3963708
0.2086768 -0.1034676 0.3807791 0.7250087 0.3401758 0.4724768 -0.0617384 0.0000000 0.0174199 0.3927528 0.7339864 -0.1280684 0.6488042 0.4006319 -0.1477496 0.5843250 0.8314507 -0.1451078 0.7058579 0.0084937 0.1256231 0.3669840 0.6392231 -0.0839609 0.6731134 0.5982172 0.3992736 0.2458970 0.0416262 0.4391567 0.1815423 0.3929622 -0.0396189 -0.0136198 0.5161135 0.2504778 0.4581994 0.5502725 0.2400355 -0.0358971 0.3959109 0.3653633 0.4570849 -0.0576256 0.2232214 0.5692248 0.4562152 0.2126118 -0.1454940 0.4880412 0.4274299 0.3238591 0.0174251 0.0985346 0.4024358 0.6880583 0.4992782 0.0797697 -0.0471382 0.4459691 0.4595224 0.4246348 0.5649572 0.3705847 -0.0005457 0.4205554 0.4654707 0.3665250 0.7099857 0.4757809 0.4190788 0.4900695 0.5406673 0.5510964 0.6077608 0.5772767 0.5887828 0.5883498 0.6887413 0.4004718 0.6504757 -0.0898476 0.1405221 0.2693059 -0.1555561 0.5078162 0.4218147 -0.0764732 0.5657960 0.3314398 0.4080504 0.1856410 0.2849531 0.4406435 0.1934598 0.0695891 0.0906946 0.4819757 -0.0388218 0.2007536 0.3279845 0.6215000 0.3973881 0.3517520 0.1577287 0.0826731 0.4081266 0.1174511 0.0827267 0.2391693 -0.0684699 -0.0121430 0.0076298 0.1720509 0.1717677 -0.0772278 0.0539588 0.2194821 0.0380561 0.0926390 0.0956458 0.1061291 -0.1204967 0.0065805 0.2158499 -0.0147176 0.1442300 -0.0133719 0.2309812 0.3313553 0.3284707 0.4145626 0.2603733 0.1821082 0.0358524 -0.0636178 0.2748722 0.0219782 0.1650668 0.0832081 0.0213712 0.2073112 0.1604703 0.1901990 0.0194801 0.0432438 0.2197667 0.2371783 0.0298340 0.2105417 0.1593216 0.3918368 0.3183032 -0.1885846 0.0275343 0.1833409 0.0821336 0.1518701 -0.1362149 0.2291706 0.0454096 0.1309484 0.1603115 0.0506140 0.1368391 0.0951132 -0.1849164 -0.4188384 -0.0414022 0.2185424 0.0564106 -0.1245951 -0.0838446 -0.3803668 -0.0624075 0.0674484 -0.0913545 -0.3172632 0.1830884 0.5081042 0.3278132 0.4780645 0.3553426 0.3671524 0.0928707 0.2024851 0.3195363 0.4304370 0.5806850 0.2814691 -0.0719654 0.3313645 0.4369573 -0.1648013 -0.0545641 -0.1225655 -0.0596224 0.4706020 0.4178124 0.0690531 0.0296812 -0.1579295 -0.0472263 -0.1351681 0.3990386 0.2639400 0.1160084 -0.0848159 -0.1543064 -0.0124557 -0.0602672 -0.0294465 0.5453112 0.2792731 0.0791843 0.2749372 -0.3024414 -0.3031742
0.6655932 -0.1444984 0.1386872 0.1534459 0.0081336 0.4601965 -0.3473498 0.0174199 0.0000000 0.5902033 0.1749780 0.4104094 0.1092385 0.2632538 0.8215413 0.2387381 0.0737735 0.1332580 0.2539222 0.4692258 0.4354836 0.1193820 0.1548879 0.4899944 0.2242129 0.1818600 0.4047140 0.1172304 0.8107767 -0.0207560 -0.0423460 0.4841506 0.4914607 0.6045508 0.1399277 0.4780174 0.0900921 0.2637299 -0.0232248 -0.0305080 0.2391195 0.5447215 0.1243189 0.4612817 0.2927765 0.3660251 0.0367038 0.3817247 0.5113697 0.4385967 -0.0213167 -0.1607543 0.1813529 -0.1377666 0.3758935 0.2671432 0.2577447 0.3137020 0.2951927 -0.0605869 0.2259862 -0.1532689 0.4168340 -0.1574021 -0.5724833 0.3489651 -0.0647947 0.0118111 0.2823334 0.0802067 0.1070265 0.0751882 -0.0574978 -0.0748684 0.2384326 0.0391356 -0.0677510 0.0348102 -0.0420936 -0.0464785 -0.0838623 0.3262378 0.4739333 0.2567850 -0.1886489 0.2715400 0.2155970 0.0046194 0.0964488 0.2421465 -0.3724592 -0.2696711 -0.3531479 0.2591124 -0.1642447 0.1075806 -0.0792303 -0.1575442 0.1228472 0.2428216 0.3428340 -0.1861253 0.0152998 0.2541352 0.0461100 0.0659475 0.0616964 0.1248330 -0.0716202 0.4895499 -0.1657403 -0.0865904 -0.2767497 0.0341735 0.0572790 -0.1148511 0.2621657 0.3315354 0.0527132 0.1391395 0.1932771 0.1940394 0.0481906 0.0060315 0.3887234 0.0863468 0.1165435 -0.0332469 0.1725955 -0.0453055 0.1361057 -0.0928367 0.0382395 -0.5969058 0.2288900 -0.1888704 -0.3489178 -0.0421974 0.0474233 0.0516445 -0.0079479 0.1542830 0.4424671 -0.2122997 -0.4174536 -0.1800451 0.2147123 0.2348440 0.4545604 0.2155837 0.3961166 -0.2680538 0.1695503 -0.0584770 0.3882344 0.0091414 0.3280562 0.0212965 0.4232320 0.1146228 0.4126030 0.1283460 -0.1355733 0.0966336 0.4215260 -0.1433803 0.1442214 0.1037182 -0.0096308 0.1716841 0.0805581 0.0700738 0.4256479 0.2452235 0.1233888 -0.3902908 -0.3161963 -0.0702686 -0.0347533 0.0879999 -0.0279079 0.0578647 0.1084696 -0.3600951 -0.1058405 -0.3992261 -0.1316404 -0.0474279 -0.0434899 -0.1591942 -0.0666513 -0.3179070 -0.1890712 -0.0355618 0.0506163 -0.1286172 -0.2744810 -0.1960435 0.0455143 -0.0303118 -0.5853483 -0.5333559 -0.2858033 -0.4370691 0.2934740 0.1469157 0.0378419 -0.4993918 -0.3534995 -0.4107881 -0.1456297 -0.4356893 0.2577028 0.2309432 -0.0689352 -0.1502951 -0.1181620 -0.3301176
0.5368415 -0.2089528 0.1118840 0.4755373 0.1185510 0.7858827 -0.3589602 0.3927528 0.5902033 0.0000000 0.5624584 0.2865830 0.2216379 0.7609675 0.3504202 0.5390819 0.5444449 -0.0425832 0.3968221 0.2382220 0.6162915 0.2020410 0.4576617 0.2624173 0.4744281 0.4133785 0.0621904 0.3465251 0.4872315 0.2777928 0.0101985 0.3493077 0.2287931 0.4831675 0.2901840 0.5805340 0.0964036 0.2414325 0.1671760 0.1695936 0.1940435 0.5186060 0.2154213 0.1946910 0.3817372 0.3221969 0.2997512 0.0863174 0.3726538 0.2583696 0.2679283 0.1012520 0.6138577 0.1020843 0.2119671 0.3591769 0.3395920 0.4313969 0.0065999 0.2461634 0.3534707 0.1970271 0.5586281 0.4064959 0.0141601 0.3865160 0.2834675 0.2527633 0.5696909 0.4373874 0.4517019 0.4602621 0.3379178 0.5420465 0.5270982 0.4274335 0.3732609 0.5045699 0.4910264 0.1625987 0.5597142 0.1701397 0.4054259 0.6259107 0.2128197 0.1715617 0.2661438 -0.2505959 0.1303638 0.1652492 -0.0344249 -0.0557067 -0.0301637 0.0207136 -0.0149025 0.0023028 0.0827008 0.2387412 0.0852387 -0.0965816 -0.0099252 0.1439016 0.2328209 0.0434414 0.0552527 -0.0818011 0.2759163 0.3659661 0.0102339 0.5621413 -0.1498855 0.0124027 -0.1267184 0.1572752 0.1794635 -0.0729305 0.1458157 0.3097501 0.1073930 0.1561056 0.1454732 0.1157607 0.2778149 0.0339778 0.1955890 0.2404550 0.2294000 0.0950322 0.1102276 0.2819277 0.3053097 0.1799178 0.1812210 -0.1556406 0.2609246 0.1284275 0.0071433 -0.2309240 0.1226846 0.0309511 0.2189636 0.0535297 0.2834505 0.3111094 -0.2385421 0.0556062 0.1685629 0.1628543 0.3697769 0.1264876 0.3113468 0.0675517 0.1417257 0.0715457 0.3138608 0.3179333 0.0893821 0.0512999 0.2916226 0.0749499 0.4310120 0.0494770 0.3098727 0.0741719 0.2757597 -0.0830543 0.0746841 0.1038554 -0.0910469 0.2570557 0.2001642 0.1090370 0.1300910 -0.0844366 -0.0780208 -0.2244812 -0.0956275 -0.5473965 0.3054172 0.3958713 -0.1681080 -0.2236471 -0.0819449 -0.3001941 -0.0711651 0.1750376 0.1281051 0.3787532 0.4138201 0.1494218 0.0465903 0.0816519 0.0531846 0.0362034 0.1573759 0.0808671 -0.1257218 0.0388531 0.2425289 0.0339539 -0.0923810 -0.3147956 -0.0950963 -0.0595984 0.2413225 0.5213738 0.0807799 -0.2587078 -0.0678079 -0.0610257 0.0518360 -0.3225657 0.3809197 0.0110441 -0.1082994 0.3542200 0.0219209 -0.1444246
0.0987595 -0.3188362 -0.0703255 0.7222572 -0.0664146 0.6859787 -0.3524861 0.7339864 0.1749780 0.5624584 0.0000000 -0.2366396 0.3426434 0.7396175 -0.0390915 0.8035571 0.8609515 0.2613157 0.7132246 -0.1181203 0.2279333 0.1628383 0.8800529 0.2987722 0.8237422 0.8520197 0.4024059 0.6778695 0.2595576 0.7957768 -0.0585714 0.3541183 0.3169813 0.2828739 0.7780587 0.5736076 0.5712019 0.4548241 0.5347702 0.4323227 0.3153355 0.7031097 0.6863079 0.2357143 0.7185013 0.6212071 0.7611361 0.0415588 0.1560699 0.4438741 0.7539993 0.6675765 0.3749414 0.5891794 0.2132645 0.6789056 0.5262055 0.5805543 0.0529767 0.7836220 0.6551074 0.7649814 0.3283650 0.5478176 0.1875759 0.2895520 0.8341381 0.7682332 0.5696702 0.7552964 0.4521551 0.6109610 0.8551617 0.4496520 0.6262113 0.6771253 0.4733458 0.6692423 0.7566057 0.0319630 0.6272873 -0.0360979 0.2244114 0.4758102 0.0224754 0.5160334 0.6880948 -0.4180570 0.5610460 0.3155947 0.3875571 0.0265964 0.2949402 0.1169997 0.0369403 -0.2537881 0.0154313 0.4926598 -0.2360238 0.0277824 0.1625205 0.7258636 0.5416618 0.2485210 0.0435920 -0.2916873 0.6261455 0.2255736 0.2085029 0.2016122 -0.2425835 0.2110805 0.1150295 0.0097306 0.1315878 -0.1287851 0.0387567 0.1412765 0.0911781 0.0739758 0.0740974 0.0582095 0.0365291 -0.2268981 0.2757750 0.0813000 0.2820123 0.0309106 0.1810898 0.3829756 0.3957310 0.2482147 0.2293298 -0.1975178 -0.0799373 0.0519375 0.2288239 -0.1081183 0.1034118 0.0087219 0.0946497 0.0695602 0.0951903 0.2209795 0.1355353 0.2335776 -0.0261529 -0.0064008 0.2021302 -0.0128021 0.1760465 0.2814977 0.0786886 0.0666937 -0.0829091 0.0521024 -0.0623801 0.0278711 0.0045658 0.0765360 0.2386753 -0.1352419 0.2359062 0.0588509 -0.0088064 -0.1026295 0.0223324 -0.0578668 -0.1925582 0.1686778 0.3265046 0.0185594 -0.1109680 -0.5978442 -0.3561486 -0.3897901 -0.4255868 -0.7098558 0.4005239 0.6011052 0.0823760 0.2785800 0.1477729 -0.2488773 -0.1412331 0.3002831 0.1901535 0.3120578 0.3726870 0.0044522 -0.0464548 -0.0956671 -0.0639345 -0.0924375 0.0731798 -0.0440313 -0.0282763 0.0711971 0.0378793 0.0472968 -0.1412178 -0.2817881 -0.1379462 -0.2557409 0.1532897 -0.0427244 -0.0395426 -0.2858196 -0.0296165 -0.2343269 -0.0507863 -0.0720004 0.3022650 -0.2069751 -0.0387144 0.1071255 0.0460248 -0.2865684
0.5897721 0.2687985 0.1869487 0.1047350 0.1278765 0.0758011 0.3683324 -0.1280684 0.4104094 0.2865830 -0.2366396 0.0000000 -0.1286070 -0.0161461 0.5033822 -0.3010404 -0.0094405 0.1390920 -0.3416978 0.2679196 0.6686132 0.1684238 -0.2709947 0.2669139 -0.3077393 -0.4422711 -0.1275136 -0.2582410 0.3718190 -0.4436232 0.0374119 -0.1983256 0.1040388 0.2925803 -0.3988553 0.2838738 -0.4496954 -0.2593356 -0.4799363 -0.3886211 -0.1305572 -0.0183553 -0.4914923 0.0632680 0.0986052 -0.3026936 -0.4280899 0.0333185 0.2653711 -0.0490964 -0.4884345 -0.5482013 0.2035112 -0.4805746 0.0124376 -0.1676752 -0.0891844 -0.0690935 -0.1790478 -0.4774714 -0.1213902 -0.4648226 0.2577141 -0.2912497 0.0833333 0.1227653 -0.5187081 -0.3898437 0.1279139 -0.3495030 -0.2780235 -0.2166369 -0.4494129 0.1093123 -0.2223318 -0.2733388 -0.1575470 -0.3624759 -0.2980443 0.1834044 -0.2324658 0.1103113 0.3560545 0.0363445 -0.0699925 -0.0896579 -0.2276687 0.2329492 -0.2083694 0.0536802 -0.2852389 -0.3155607 -0.1849107 0.0179554 -0.2493244 -0.0929757 -0.1500979 -0.2571567 0.0100874 0.0742675 -0.1691123 -0.4075397 -0.3047475 0.0081095 -0.0414638 0.0669166 -0.3857674 0.0356802 -0.0418701 0.0534918 -0.1310342 -0.1556370 -0.1118117 0.0140214 -0.0970905 -0.1163639 -0.0842025 -0.1098687 -0.2300157 -0.0303079 -0.1024111 -0.0220634 0.1006204 -0.1814593 -0.2174795 0.1229685 -0.1107490 -0.0841280 -0.0148986 -0.0738101 -0.1272970 -0.5399927 -0.1531216 -0.1474605 -0.1519465 -0.0017471 -0.3623360 -0.1836410 -0.1494095 0.1999485 0.0019269 -0.0225532 0.0342172 0.3414697 -0.3756284 -0.2407745 -0.0601472 -0.0134127 -0.2911675 0.0892285 0.1191057 -0.0230147 -0.0338457 -0.0072264 0.3734062 0.4534833 0.1917109 -0.2688157 0.0286140 0.1191710 -0.1889645 -0.1412069 0.3371621 0.1048243 -0.1641596 0.0351004 0.1073869 -0.2123018 -0.3412510 -0.0493416 -0.3385256 -0.4371969 0.0751139 0.4415087 0.2354970 0.3338576 0.5495728 0.2359840 0.1233443 -0.0050600 0.0328302 -0.0992242 -0.1341422 0.0357007 -0.0662640 0.1602889 0.1377350 0.3217204 0.0513435 0.2360336 0.1535809 -0.0763038 -0.0664001 0.4233911 0.1675494 0.3530214 -0.0164304 -0.1103602 0.1192205 0.0838282 -0.1975605 -0.5538879 -0.1345692 -0.0974560 0.1452246 0.3975263 -0.1530051 -0.1110087 -0.1255752 -0.1095643 0.0779134 -0.0489687 0.2679783 0.1685251 -0.2383441 0.0843225 0.2246405 0.1731023
0.1452390 0.1741292 0.8339852 0.1504493 0.8303052 0.0640885 0.0042418 0.6488042 0.1092385 0.2216379 0.3426434 -0.1286070 0.0000000 0.0404486 -0.0990949 0.4350993 0.5197223 -0.5942573 0.4559914 0.5798710 0.1107671 0.7063761 0.4493103 -0.3946631 0.3536164 0.3657683 0.3794805 -0.1325811 0.0006246 0.1982116 0.7298070 0.7880624 -0.1686357 -0.2164133 0.3481348 0.2857439 0.6464619 0.8095397 0.1795127 -0.1694605 0.8694927 0.2436444 0.4170738 -0.0160632 -0.1151358 0.6835435 0.2295514 0.7907966 -0.1294964 0.5199713 0.2850131 0.1367214 -0.2622940 -0.0444856 0.8057773 0.6907198 0.7741694 -0.0792307 0.3925686 0.3286313 0.3774080 0.1986221 0.7526393 0.1131301 -0.3696577 0.7430794 0.2114168 0.1158817 0.6303837 0.3020644 0.2761820 0.3092056 0.2191045 0.3576891 0.2992941 0.4644325 0.5255826 0.2057777 0.4293310 0.4339112 0.1955671 0.2694856 0.2112823 0.2193100 0.1163741 0.4296279 0.1175135 0.1130484 0.4779571 0.2691652 0.2079366 0.1972563 0.0507184 0.5421055 0.3724555 0.3546813 -0.1017175 0.1054252 0.4755770 0.2957748 0.5205974 0.3688631 0.2538567 0.3746191 0.1026215 0.4070203 0.1198379 0.0904709 -0.1955599 0.4505306 0.1556402 -0.2084595 0.0259623 0.5121066 0.2773207 0.2049929 0.4002206 0.4220524 0.2532900 0.4028562 0.5403672 0.4414445 -0.2986803 0.4111480 0.5181094 0.2045825 0.2959006 -0.3051209 0.3930141 0.3563919 0.4395690 0.4489301 0.5241139 0.2440611 0.3905245 -0.2937481 0.3626173 0.1466171 0.3211222 0.3488292 -0.1084294 0.5163425 0.3223964 -0.1363738 0.0360104 -0.0869376 0.5817301 0.5786843 0.3546561 0.5178369 0.3485566 0.1876146 0.6563208 -0.4770219 0.1590768 -0.0723173 0.1339860 0.5610619 0.0580941 0.2858072 0.1432628 0.5460899 -0.1551604 -0.0583696 0.6561278 0.1957840 -0.5664132 -0.4044290 0.4550934 0.6535095 0.0790956 0.3159466 0.2431154 0.2175583 0.4483080 0.2979302 0.0195574 -0.1025656 -0.1970961 0.1490984 0.2526731 0.4939168 0.6153284 0.4308292 0.5440247 -0.0836439 0.5568621 0.3868769 0.4144389 0.1072777 -0.0315748 0.3371594 0.3013305 -0.1818913 0.0490518 -0.1940995 0.1501190 0.0851999 0.3283496 0.3240258 0.1256830 -0.0232748 -0.0177482 0.0926153 0.8078637 0.3441225 0.3351976 0.1058696 -0.0126458 -0.1813795 -0.1395799 -0.2427000 0.6519705 0.4205336 -0.0217736 0.3828596 -0.5668722 -0.3349771
0.3021362 -0.2394305 -0.2711804 0.4897416 -0.2050573 0.6432607 -0.3850321 0.4006319 0.2632538 0.7609675 0.7396175 -0.0161461 0.0404486 0.0000000 0.1010004 0.6443127 0.6110405 0.2774053 0.5807777 -0.2187162 0.4360333 0.0747347 0.6072901 0.2538097 0.7106587 0.5491179 0.0174950 0.7841589 0.2427677 0.7163630 -0.1892902 0.1862182 0.1683885 0.2584711 0.3980730 0.6463837 0.1741635 0.2484598 0.4391303 0.6037839 0.0603563 0.6493542 0.3167770 0.1145780 0.6747452 0.4205105 0.5159372 -0.1167885 0.1168118 0.2916025 0.4604353 0.4131168 0.5477639 0.5512389 0.0665761 0.4944926 0.3561247 0.5495346 0.0397294 0.4971249 0.4506157 0.4979467 0.2521373 0.4279788 0.2753132 0.2666186 0.5963145 0.5578986 0.5358850 0.5673539 0.5088880 0.4099659 0.5845342 0.4391841 0.5925246 0.4312737 0.2981908 0.6697240 0.5794676 -0.0640856 0.6504331 0.2331289 0.4123532 0.6756623 0.2937564 0.3800498 0.5297861 -0.4485289 0.3746584 0.3034835 0.2811044 0.0533101 0.2244443 -0.1216917 0.1037254 -0.1780109 0.0572381 0.4024620 -0.0846841 -0.0768315 -0.0087081 0.5119206 0.4319497 0.1370707 0.0160797 -0.2024089 0.5507806 0.3018932 0.2381163 0.2861561 -0.1446038 0.3223327 0.1771871 0.0358076 0.2589789 -0.0134480 0.0970275 0.2003151 0.2057537 0.1960550 0.1330789 0.1100155 0.3531039 -0.1338715 0.1513065 0.3326497 0.3189439 0.3070126 0.2113045 0.3881552 0.3977902 0.2450321 0.2047544 -0.2267318 0.0648114 0.3592957 0.1867150 -0.1540910 0.1465435 0.0300577 0.3220791 0.0259556 0.1209454 0.4487913 0.0825736 0.3588344 -0.1835932 -0.1306113 0.3089277 -0.1044173 0.2112602 0.1294330 -0.1523916 0.2731996 0.0011888 0.2681005 0.0605137 -0.0967619 0.2816754 0.1502252 0.2612061 -0.1542291 0.3758384 0.1764636 -0.1387462 -0.0313024 0.2030915 0.2253797 -0.1311516 0.1197248 0.2663784 0.0472345 -0.0366077 -0.5098643 -0.3550777 -0.3907524 -0.2201464 -0.7266752 0.7058293 0.7754415 0.0510829 -0.0065948 -0.0653025 -0.4183487 -0.1501016 0.3355113 0.0602004 0.3215764 0.2714735 0.0114019 0.1984839 -0.0566391 -0.1106920 0.1482590 0.2759496 0.2504285 0.0850050 0.0557638 0.0169418 0.1179182 -0.0854798 -0.3837054 -0.1755964 -0.0654373 0.0380114 0.1465225 0.0395316 -0.2771822 -0.0504111 -0.2039072 -0.0692737 -0.1193754 0.2339170 -0.3796864 -0.0797155 0.1506869 0.1847175 -0.3260892
0.5228941 -0.3520346 0.0175116 -0.0741549 -0.1007110 0.2604712 -0.2596348 -0.1477496 0.8215413 0.3504202 -0.0390915 0.5033822 -0.0990949 0.1010004 0.0000000 0.1307645 -0.0966960 0.2587413 0.1696399 0.2798828 0.3095161 0.0890016 -0.0880849 0.6166048 0.1679955 0.0064098 0.2462956 0.1467371 0.8317078 -0.0945120 -0.1844008 0.2930593 0.5426260 0.6365249 -0.0162787 0.3002027 -0.1650916 0.1015070 -0.1172227 0.0263303 0.0693305 0.3627576 -0.0844945 0.4976924 0.1844547 0.1506797 -0.0496462 0.2054485 0.5102277 0.3807968 -0.1350237 -0.3082947 0.0722394 -0.2231346 0.1246380 0.0009156 0.0485824 0.2631414 0.0777079 -0.2174643 0.0860374 -0.2930271 0.1291923 -0.1935601 -0.4243884 0.0874250 -0.2903014 -0.0755388 -0.0253781 -0.0068728 -0.2577227 0.0405352 -0.2311157 -0.0454265 -0.0951724 0.0172429 -0.1150560 -0.2388660 -0.1587429 -0.1069669 -0.2737718 0.4205723 0.4570804 0.0585328 -0.4459025 0.1348973 0.0110278 -0.0713869 -0.2019723 -0.0786251 -0.5719252 -0.5086191 -0.4425986 0.1942018 -0.4138034 -0.1538280 -0.1059950 -0.2724987 -0.1083531 0.2596129 0.1178670 -0.3184396 0.0195629 0.2255158 -0.0415609 -0.1062211 -0.0871655 0.1417539 -0.1947780 0.3002126 -0.3177157 -0.1311331 -0.1330280 -0.2192121 -0.2696641 -0.4021201 -0.1525188 -0.0845675 -0.3492067 -0.2663743 -0.1750310 -0.2169128 -0.1115438 -0.2071386 0.1558672 -0.2447263 -0.1455381 -0.2112093 0.0991674 0.0008583 0.1737421 -0.2682480 -0.1854773 -0.4337272 0.0973952 -0.1510105 -0.3899847 -0.0524153 -0.0507662 -0.1696078 -0.1264130 -0.1298385 0.1163936 -0.1192703 -0.3134816 -0.0273306 0.1110950 0.0929660 0.0678542 -0.0507853 0.2459490 -0.3322373 0.0169754 -0.0571711 0.2840825 0.1676557 0.1519591 0.0402134 0.1029762 -0.0393406 0.1342924 0.0178064 0.1142401 -0.0235810 0.2596545 0.0405491 0.2187616 -0.0261543 -0.2307827 -0.1495432 -0.0502001 -0.1393928 0.0716621 0.2238612 -0.0435197 -0.3513795 -0.2700834 0.0560292 -0.1054853 0.0151779 -0.0440273 -0.0373136 0.0576091 -0.2916356 -0.1864198 -0.2969600 -0.1422773 -0.0236216 -0.0712367 -0.0246213 -0.2740855 -0.4121951 -0.2917174 -0.2034103 -0.2262688 -0.2659037 -0.4413165 -0.2525368 -0.0200436 -0.2752297 -0.5817669 -0.5516985 -0.3452675 -0.5685309 0.2457996 0.1425405 -0.0599514 -0.3775025 -0.2518518 -0.3589666 -0.3022707 -0.4721097 0.3279950 0.1981156 0.0131988 -0.1731012 -0.0366264 -0.4306578
0.1059790 -0.4562805 0.0816694 0.4422832 0.1309692 0.6287287 -0.5636684 0.5843250 0.2387381 0.5390819 0.8035571 -0.3010404 0.4350993 0.6443127 0.1307645 0.0000000 0.7130031 0.0562804 0.7956339 -0.0039897 0.0925733 0.3543872 0.8199431 0.2949634 0.8415405 0.8344562 0.3841805 0.6490395 0.3723594 0.7492047 0.1157611 0.5328961 0.4013967 0.4095288 0.6976461 0.5753952 0.5174427 0.6720109 0.4769780 0.4891312 0.4830366 0.6444325 0.5744388 0.3664627 0.4674973 0.7582197 0.7345463 0.1754959 0.3224460 0.6640431 0.7122376 0.5222939 0.4193344 0.4670969 0.3429747 0.6855725 0.6266375 0.5214096 0.1042093 0.7162607 0.6386221 0.5491418 0.3672210 0.4824259 0.0335875 0.3939036 0.6805054 0.5480770 0.5988762 0.7370995 0.4449880 0.6473614 0.6197100 0.4518645 0.6250411 0.7276112 0.5993835 0.6682542 0.7354881 -0.0541946 0.5775391 0.2006926 0.1310455 0.3983537 0.0415432 0.3619749 0.4750730 -0.4550441 0.2983432 0.0057505 -0.0067205 -0.1949410 -0.0707522 0.0943169 -0.1856980 -0.2770923 -0.1824461 0.2336023 -0.2207530 0.0359418 0.1184837 0.5903392 0.3947280 0.2769377 -0.2120261 -0.3271066 0.4089361 0.0804561 -0.1385790 0.3193370 -0.3403077 -0.0126208 0.1553489 0.1280082 0.0899240 -0.1850097 0.0524269 0.1509264 -0.0019411 0.0536276 0.2186782 0.0437007 -0.1962798 0.0655234 0.4365371 0.0667482 0.3209356 -0.2737104 0.4718069 0.6098908 0.7595018 0.4641309 0.3705265 0.0093845 0.1441698 -0.1122352 0.4698458 0.2235242 0.4826402 -0.0678057 -0.0050235 0.2052277 -0.0352658 -0.0169826 0.3714424 0.3443815 0.3937777 0.3455567 0.3364030 0.1313475 0.1623995 0.0579188 0.4160615 -0.2012915 0.0677763 -0.0430350 -0.2459330 0.4241726 -0.0820602 -0.1546291 0.3429105 0.2262718 0.0965157 -0.2321229 0.3386074 0.1054970 -0.2729126 -0.1414234 -0.0753465 0.3169693 0.3196098 0.2457250 -0.2702812 -0.4674242 -0.3136278 -0.4288682 -0.5322718 -0.6694669 0.2254954 0.4794936 0.0104780 0.2135460 0.3360522 -0.1225475 0.0471745 0.1233541 0.2197272 0.1776343 0.3739655 0.1124120 -0.2299674 -0.0093209 -0.0763854 -0.3699499 -0.1341175 -0.2668677 -0.1200468 -0.0481409 -0.0480391 0.0807878 -0.1844261 -0.1617426 -0.2920501 -0.3241483 0.4399968 0.1231124 0.3029382 -0.1183802 -0.0459240 -0.4057161 -0.2995429 -0.2628176 0.4415059 0.0656898 0.1965907 0.2841702 -0.1228097 -0.5018825
0.2118077 -0.1491341 0.2421500 0.6854723 0.2260150 0.5918635 -0.0567707 0.8314507 0.0737735 0.5444449 0.8609515 -0.0094405 0.5197223 0.6110405 -0.0966960 0.7130031 0.0000000 0.0095627 0.6368152 -0.0520918 0.3883182 0.4473265 0.8606151 0.0516621 0.7297490 0.7045226 0.2658309 0.4058541 0.1563070 0.5706041 0.0835473 0.3839289 0.0281390 0.1388198 0.6482061 0.6321975 0.5347303 0.4675132 0.2008810 0.1090268 0.3516189 0.5262816 0.4771714 -0.0246385 0.5468145 0.5323354 0.6284237 0.1141053 0.0151316 0.3528076 0.6030099 0.3865940 0.3373081 0.3083527 0.2476165 0.6306813 0.6227494 0.3493789 -0.0564932 0.6433229 0.6915937 0.6090543 0.4553725 0.6212395 0.3073222 0.4847066 0.6409454 0.6178313 0.7260475 0.7086504 0.5172394 0.6599499 0.7095136 0.7033700 0.6535678 0.7476156 0.6965683 0.6874759 0.8626621 0.3736564 0.7144265 -0.0100057 0.2169284 0.4592886 0.0739636 0.4851470 0.4544019 -0.4010193 0.5168115 0.2875843 0.4222907 0.0200401 0.2744342 0.1040496 0.1461583 -0.0461643 -0.0885364 0.4634574 -0.0520835 -0.0451786 0.1075588 0.6890121 0.4689090 0.0997780 0.0628830 -0.0333561 0.4395989 0.2430651 0.1690655 0.2732181 -0.0968032 0.1240724 0.2732030 0.2569638 0.2405250 -0.0188390 0.1206719 0.1907193 0.1418615 0.1877145 0.1840167 0.1719345 0.0331582 0.0102749 0.2134897 0.2336875 0.4545643 -0.0619812 0.2900742 0.6010090 0.4825968 0.3154140 0.4835389 0.0825231 -0.0540556 0.1029628 0.4415463 -0.0161373 0.1943661 0.2786538 0.1639813 0.3089138 0.1383649 0.4676891 0.2578435 0.3543444 0.0915035 0.1854165 0.0418087 0.2834542 0.3359773 0.4748177 0.2771403 0.0057324 0.2004761 0.3884585 -0.0515641 0.2029715 -0.0747835 0.2623625 0.2248289 0.0933743 0.4396571 0.0333343 0.0273290 0.2205473 -0.2032259 -0.4243422 -0.2031436 0.3922704 0.0991781 -0.1133304 -0.1997674 -0.3719414 -0.1267445 -0.0319161 -0.1115764 -0.6323242 0.3671263 0.4608828 0.0058870 0.2660518 0.1971929 -0.0315959 -0.0353559 0.4829216 0.3241087 0.4664267 0.5542972 0.2824256 0.0769238 0.2190001 0.1850269 0.0189674 0.1509799 0.0982927 0.1741328 0.2355428 0.2871305 0.2798215 -0.0188118 -0.2716854 0.0621845 -0.0273996 0.2831194 0.2608594 0.1881519 -0.1368006 -0.0571891 -0.1111605 0.1350766 0.1618333 0.4235607 0.0303453 0.0470116 0.3742425 0.0348965 -0.1777331
