0.0000000 0.6004383 0.4673593 -0.1638500 0.3394364 0.0040583 0.3203421 -0.2443183 -0.1730913 -0.6640641 -0.6492159 0.0962749 -0.0748457 -0.5472587 0.0622622 -0.4978494 -0.6746847 -0.0817552 -0.6246085 -0.0931616 -0.0347464 -0.5929561 -0.6869187 0.1129853 -0.7130185 -0.6439153 -0.4882972 0.1652733 -0.0961936 -0.1430821 -0.5762918 -0.5108748 0.1755698 -0.0887629 -0.6279815 -0.0741417 -0.6211765 -0.4200526 -0.5218340 -0.1335525 -0.2085764 0.0781294 -0.5590986 -0.1141576 0.1506776 -0.6005418 -0.5915798 -0.1860738 -0.2271533 -0.5468009 -0.6037035 -0.4052206 -0.0137118 -0.2753188 -0.2238293 -0.6200466 -0.6510402 -0.4014448 0.4960026 -0.6026373 0.1724534 -0.5078109 -0.1113794 -0.3862115 -0.0243783 -0.5225130 -0.6578878 -0.5039240 -0.6487910 -0.5228631 -0.6782088 -0.3717792 -0.5234387 -0.2184750 -0.6980918 -0.5058870 -0.4053248 -0.6378016 -0.4788133 -0.1527186 -0.3643754 -0.1076058 -0.1479152 0.0723136 -0.0219778 -0.2019622 -0.1556026 0.4391928 -0.1193295 0.0501689 -0.3387867 -0.2471201 -0.0116584 0.4465658 -0.3801650 -0.1290425 -0.2407904 0.0264001 -0.4035234 0.1644692 0.1558352 -0.1134443 -0.6477409 0.5075176 -0.0264366 -0.0825493 -0.1818855 -0.2179579 -0.0560755 0.2043067 -0.0542035 -0.4584348 -0.0024700 0.1900484 -0.0343838 -0.1329378 -0.0734765 -0.1715566 -0.1945549 -0.2473570 -0.2338048 -0.0744846 0.1657393 -0.2648014 -0.3137336 -0.1121113 -0.0472128 0.3131720 -0.0131031 -0.3956193 -0.2849021 -0.0360021 -0.1343012 -0.0920693 0.1015222 -0.1048865 -0.5035272 0.1123567 -0.2443106 0.1380916 0.4630100 -0.0240528 -0.2388761 -0.2108996 -0.3633243 -0.4320285 -0.2300748 -0.2773492 0.1589204 0.2759107 0.1958057 -0.4248808 0.1403346 0.0640340 0.0244858 -0.4466745 -0.0009680 -0.1400209 -0.1565544 -0.0654470 -0.0128923 0.1024493 -0.6010621 0.1721921 -0.0780647 -0.3768418 -0.1233467 0.0815430 -0.0362820 0.1352718 -0.1065836 -0.1962040 0.5864394 0.3528814 0.4256138 0.2351373 0.1818020 0.3024996 0.0940392 0.0604259 0.2334901 0.2198365 0.3763367 0.5032140 0.6321236 0.0614112 0.3377306 -0.0124356 -0.0544923 -0.0504027 -0.2541330 0.0583384 -0.1232532 -0.0781968 -0.1264388 -0.1175312 -0.2410771 -0.0832735 -0.1267494 -0.1320202 0.2489042 -0.0269146 -0.0395393 -0.5488055 0.4161711 -0.2845356 0.0588505 0.0912245 0.4803486 -0.0628511 0.2924177 0.0263065 0.2506593 -0.1964337 -0.0923011 -0.1223159 0.1243281 0.2442827
0.6004383 0.0000000 0.4086261 0.3249952 -0.1376219 0.5145095 0.7902145 -0.0294303 0.3883152 -0.5039908 -0.5087881 0.6749705 0.0427212 -0.2821299 0.4211992 -0.6823051 -0.7590468 0.3818879 -0.6156575 -0.3548100 0.5921939 -0.5599515 -0.7621795 0.5240651 -0.7282384 -0.7535608 -0.6805618 0.3903237 0.5618153 -0.0732411 -0.8145052 -0.7466192 0.5755254 0.5088242 -0.8846409 0.5921449 -0.8638133 -0.5331418 -0.7128579 -0.0644199 -0.5389669 0.6278277 -0.8593328 -0.2624016 0.5616262 -0.8495537 -0.8728744 -0.4159075 -0.3258375 -0.6096287 -0.9042760 -0.7354604 0.2701316 -0.6042036 -0.3783306 -0.7632592 -0.8823070 -0.7438258 0.5465268 -0.9045868 0.4436781 -0.7952143 -0.0395355 -0.6699352 -0.0380811 -0.6866657 -0.8667494 -0.7467513 -0.6105276 -0.8603538 -0.7741903 -0.3503272 -0.7907299 -0.2273703 -0.7103904 -0.7588338 -0.5371314 -0.6677318 -0.7103075 -0.3263227 -0.4672693 -0.3850643 -0.0034644 0.1398519 -0.0182321 -0.1667068 -0.3763215 0.4584917 -0.1019136 0.0793397 -0.4206209 -0.2207288 0.1692836 0.2504187 -0.4297425 -0.1117857 0.0293273 0.2684154 -0.3046250 0.4434389 0.2781604 0.0273823 -0.4031277 0.2492691 0.2335130 -0.0034135 -0.0229502 0.1235837 -0.0906886 0.3635003 0.1158035 -0.5648996 0.1728446 0.4173031 0.0540485 0.1208273 0.1429523 -0.0468962 0.0649180 -0.3234210 -0.0045636 0.1679435 0.1582114 0.1066027 -0.4434478 -0.1630020 0.3462498 0.1399691 -0.1884782 0.1110348 -0.0764515 -0.0294234 0.4633231 0.0585913 -0.2285724 -0.3084382 -0.0382471 0.0701738 -0.1576940 0.0604135 0.2488125 0.0286056 -0.6090123 -0.3356898 -0.0879230 -0.3282124 -0.1104204 -0.1486954 -0.2603948 0.2496524 0.2622779 -0.5281593 0.2483116 -0.0076345 0.3387705 -0.6028912 -0.1169190 -0.1083214 -0.5065940 -0.0875730 0.5595999 0.4791692 -0.6819908 0.0853141 0.5326434 -0.2452771 -0.0903836 -0.3337625 -0.2523902 0.4141853 0.3378064 -0.0713023 0.5063478 0.4851377 0.7510872 0.2884693 0.1922811 0.2916404 0.4836301 0.4828190 0.5090277 0.6681260 0.7712106 0.7548751 0.3693927 -0.1061053 0.0378152 -0.3310482 -0.3628668 0.2247739 -0.5091739 -0.0269504 -0.3756452 -0.2811354 -0.1551604 -0.2745275 -0.0780015 -0.2175672 -0.2610396 -0.1471587 -0.1708949 -0.3072778 -0.0564515 -0.2072744 0.1993352 -0.2992182 -0.1080437 -0.0913803 0.1535876 -0.2606038 0.1911649 0.0103088 -0.0032848 0.1224608 -0.0557586 -0.5734943 -0.1241503 0.0337057
0.4673593 0.4086261 0.0000000 0.4103520 0.7334004 0.1314854 0.4245825 0.3420608 -0.0408466 -0.1913830 -0.0937829 0.3916630 0.5330566 -0.1129169 0.2668580 0.0030090 -0.1782683 0.0945662 -0.1913344 0.3112728 0.3566463 -0.4048937 -0.0627697 0.2251514 -0.2811315 -0.3099461 -0.0711904 0.4745808 0.2916166 0.0651002 -0.1707353 -0.1170082 0.3027631 0.3080917 -0.1682776 0.2633939 -0.2798761 0.0462439 -0.1173575 0.3123543 0.0671390 0.3788940 -0.1132159 0.1442051 0.4905929 -0.2352185 -0.2453622 0.2244885 -0.0468706 -0.1749079 -0.2599850 -0.0214190 0.3737619 -0.0041615 0.2328843 -0.1493815 -0.3337678 -0.1513698 0.3698766 -0.2973251 0.4640889 -0.1226207 0.3516821 -0.1897840 0.2168363 -0.3191132 -0.2919367 -0.0667120 -0.1707969 -0.2774070 -0.2750133 0.0249050 -0.1602243 0.1721654 -0.2533377 -0.2952192 -0.1972838 -0.2599432 -0.2025707 0.0347948 -0.0138430 -0.0481933 0.2835143 0.1691997 0.0297529 -0.1075684 -0.1352574 0.2311242 0.0916849 0.0713408 -0.1010187 -0.0096789 -0.1284169 0.0857136 0.0627249 0.0277237 -0.0581767 0.1030671 -0.0669670 0.3697037 0.1050844 -0.0792057 -0.2658013 0.3727498 0.0764441 0.1900268 -0.1644341 0.0925355 -0.1755159 0.1650574 0.0107326 -0.4360431 -0.1267371 0.3018212 0.1174237 0.0516880 0.1997945 0.0264655 0.1383104 -0.2637380 0.0216627 0.2676544 -0.1252268 0.2689183 -0.1424786 -0.2006462 0.1348280 -0.0964281 -0.0722415 0.1445182 0.1169197 0.0238621 0.1412609 -0.3172951 -0.1035769 -0.1956983 0.1550388 0.3553595 0.0564052 -0.0873719 0.1325747 0.0732631 -0.3669103 0.0307263 0.1284351 -0.1829081 -0.1187773 -0.0887567 -0.4313862 -0.0925583 -0.1934097 -0.0936601 0.0810119 -0.1728104 0.1868984 0.1124345 -0.3679714 0.0087742 -0.2519145 -0.0789064 0.1743594 -0.0556266 -0.0639465 -0.0930526 0.0602032 -0.1126925 -0.2371948 -0.3571677 -0.2234095 -0.1480336 -0.1841826 -0.3472610 0.2961409 0.1297743 0.2919069 0.3891166 0.4641598 0.4918077 0.4204274 0.4356752 0.2768683 0.4007656 0.3974030 0.4216320 0.2458246 0.2679355 0.0262017 0.0042839 0.0256200 0.2227482 -0.3087273 0.1478255 -0.0412052 -0.1006189 -0.1623143 -0.2923980 0.0322904 -0.0070653 0.0623049 -0.1484926 0.0333891 -0.1362462 0.0018101 -0.1646442 0.4427691 0.1354964 0.1096378 0.2775389 0.3121391 0.1002795 0.0657163 -0.0108370 0.2644345 0.2570368 0.2261115 -0.1501609 0.1805447 0.2373734
-0.1638500 0.3249952 0.4103520 0.0000000 0.0237359 0.6353210 0.5734845 0.6279632 0.4296748 0.3356716 0.3908675 0.6522505 0.3762671 0.2558035 0.5892943 0.0097726 0.1495450 0.2661950 0.0944318 -0.2579611 0.5517255 -0.1338034 0.1957372 0.3071060 0.0028675 -0.0709128 0.0642586 0.3144018 0.5658862 0.1536953 -0.2969062 -0.1412544 0.2460513 0.5019900 0.0009097 0.5447677 -0.1427005 -0.1037569 0.0837024 0.3851886 -0.2810027 0.5852629 -0.0337174 0.2342420 0.5032185 -0.1496115 -0.1569219 -0.1640400 0.3063973 -0.1768113 -0.1801813 -0.0105390 0.6088743 0.2047546 0.0328552 -0.0566160 -0.2123525 0.0717428 0.2513172 -0.1546303 0.5133415 0.0940667 0.2104444 0.1153581 0.4046407 -0.4516894 -0.0995862 0.2015654 -0.1709682 -0.0771536 -0.1488156 0.3581828 0.0927294 0.3705130 -0.0297897 0.0107852 0.1798010 0.0562201 0.0268545 0.1492452 0.1897280 -0.4567851 0.2508536 0.0881851 0.0349399 -0.1976487 -0.4674485 0.0901682 -0.1487187 -0.1351410 -0.4103767 -0.3007256 -0.2898978 -0.1619600 -0.2113632 -0.2857467 0.1176646 -0.0890327 -0.3085771 0.5393215 -0.1856229 -0.3795476 0.1691954 -0.3217416 -0.1634775 -0.1180019 -0.1655762 0.2621670 -0.5967972 0.0816657 -0.3189362 -0.3110679 -0.0475969 0.1960851 0.0918376 0.1198600 0.1112835 0.0528104 0.1213706 -0.4059800 0.0208427 0.2147593 -0.3558411 0.5734432 -0.3538994 -0.4113910 0.0801425 -0.4679152 -0.3185657 0.4138853 0.0412625 -0.2365755 0.2295026 -0.0225238 -0.4554056 -0.3257468 0.4828902 0.0339422 -0.1152651 -0.2571110 -0.2949627 -0.0375921 -0.1689718 -0.2029975 0.1367651 -0.0972734 -0.1648722 -0.0015041 -0.4434260 -0.2476479 -0.3755131 -0.3505204 -0.1039304 -0.3680976 0.3396045 -0.1270038 -0.1907165 -0.2615675 -0.0995983 -0.2824158 0.3238965 0.0725347 -0.1706068 -0.1909067 0.2684346 -0.1988603 -0.3669604 -0.4753123 -0.3102583 -0.1032983 0.1157750 -0.1348859 -0.1870559 0.1146017 0.3027587 0.3171939 -0.0514491 0.1685734 0.2962663 0.4213014 0.2305787 0.5149782 0.4106835 0.3621661 -0.3074449 0.0931418 -0.4376954 -0.2093763 0.0845295 0.6081683 -0.3978409 0.4159861 0.1742425 -0.0272190 -0.2876934 -0.3708609 -0.1173621 0.1480569 0.0873398 -0.3137761 0.0120102 -0.0977078 0.0104762 0.0794811 -0.0870890 0.1119373 -0.2090528 -0.2498301 0.0976794 -0.0007353 0.0512434 -0.0819684 -0.3043439 -0.0480421 -0.1304759 -0.5324119 -0.3454957 -0.2385194
0.3394364 -0.1376219 0.7334004 0.0237359 0.0000000 -0.3652762 -0.1432049 0.3781237 -0.3843387 0.0453690 0.1729333 -0.2498582 0.5032428 -0.1435738 -0.2186460 0.3856690 0.1709250 -0.3178295 0.1759377 0.5864626 -0.2852588 -0.0825778 0.2444000 -0.2614401 0.0852296 0.1398188 0.1717977 0.0618887 -0.3374008 -0.0975680 0.3304460 0.3027359 -0.2001897 -0.2694169 0.2393278 -0.3567185 0.2048956 0.3448244 0.1334933 0.1033470 0.4184987 -0.2697513 0.2231831 0.0926970 -0.0937707 0.2200934 0.2475542 0.5056449 0.0364313 0.2204421 0.1902418 0.2727142 -0.0069518 0.2434580 0.4976162 0.2682852 0.1414058 0.2066299 0.1624984 0.1179992 -0.0143866 0.2113077 0.4169090 0.1732066 0.1606399 0.0957056 0.1087005 0.2092628 0.1811133 0.1576041 0.1254448 0.0431981 0.1983845 0.2284878 0.1473398 0.0753251 0.0768162 0.0932657 0.1401328 0.2759790 0.2231639 0.1162338 0.2408002 0.1652969 0.1287751 -0.0094718 0.0464110 0.2005052 0.1573213 0.0901945 0.1343483 0.1753352 -0.0925132 0.1649634 0.1899923 0.1761748 -0.1231464 0.1484383 -0.0601062 0.0382955 -0.0833426 0.0734172 -0.1546706 0.4460019 -0.0184638 0.2200766 0.0141197 -0.0782668 0.0171733 0.0610383 -0.1211491 -0.0604692 -0.0583404 0.1645247 0.1998189 0.0629267 0.1944240 0.1074117 0.1118968 0.0655660 0.0555664 0.1796035 -0.0689972 -0.0794734 0.1756902 -0.1845448 -0.0723492 -0.0435730 0.1082546 -0.1510799 0.0841789 -0.0470375 -0.2809455 -0.4091616 0.1630790 -0.0657891 -0.0572821 0.2987372 0.1250888 -0.0096199 0.1694880 0.1033099 0.0634156 0.1398558 0.0191147 -0.2329151 -0.0719264 -0.0468691 -0.0229645 -0.0649173 -0.2019673 0.1887633 -0.0508899 -0.0598466 -0.0622692 0.3334128 -0.2380231 0.1467952 0.0554903 -0.0445795 -0.2817079 -0.3500943 0.1677820 -0.0547070 -0.3676112 0.0017637 -0.1416894 0.0547815 0.0211092 -0.3606252 -0.3431806 -0.3065994 0.1636710 0.0348745 -0.1399186 0.0533174 0.1363976 0.2209396 -0.1441929 -0.1183727 -0.2364780 -0.1376823 -0.0673209 0.0042623 0.3136445 0.3013340 0.2135126 0.3464433 0.2752423 -0.1969781 -0.0663462 0.1218249 0.1741831 0.0424387 -0.1502380 -0.1236429 -0.1827352 0.2084639 0.2820565 -0.1642838 0.2991079 0.0696365 0.2214705 -0.2544560 0.3002668 0.1957502 0.2409860 0.3918773 0.3578704 0.3013322 0.1629658 0.1217989 0.2170653 0.0479030 0.1790372 0.2806931 0.5492168 0.5216842
0.0040583 0.5145095 0.1314854 0.6353210 -0.3652762 0.0000000 0.7991168 0.1139173 0.6922123 0.1066478 -0.0838956 0.8174788 0.0167704 0.4182017 0.7578401 -0.4048640 -0.0456473 0.6720157 -0.3081270 -0.5559767 0.6551067 -0.1223990 -0.1169117 0.6759012 -0.2975918 -0.3968633 0.0062094 0.4538100 0.7065520 0.3619986 -0.4684107 -0.4599566 0.4747796 0.6049971 -0.2971055 0.6954711 -0.5066707 -0.3497025 -0.0941483 0.3108353 -0.3489841 0.7987789 -0.3063221 0.1653529 0.6278349 -0.5288205 -0.5684541 -0.3499169 0.1842445 -0.5986004 -0.5255763 -0.2371350 0.6176655 -0.0341580 -0.4304305 -0.5088638 -0.5563437 -0.1447630 0.4703149 -0.4415213 0.7540968 -0.1836583 -0.0039278 -0.0617450 0.4781693 -0.7090053 -0.3947566 -0.1573541 -0.3415531 -0.3028475 -0.5512879 0.3707328 -0.2768379 0.3510955 -0.4579639 -0.2292770 0.0367969 -0.3434250 -0.2485455 0.0029424 0.0363235 -0.3229025 0.2076575 0.3429636 0.3821264 0.1671292 -0.1902687 0.3735417 0.1544959 0.3586462 -0.2604943 -0.0243451 -0.1022099 0.2525933 -0.1451663 -0.0501891 0.0730246 0.0052953 -0.0277975 0.5147886 0.3421587 -0.1783821 0.1370963 -0.0253180 0.0219622 0.1242470 0.1086018 0.2385118 -0.4397893 0.3859005 -0.0491373 -0.1235553 0.2354495 0.3220341 0.2226666 0.2972039 0.1901134 0.1515272 0.1831639 -0.1723540 0.1124795 0.2807161 0.0039263 0.5010952 -0.1430502 -0.0657263 0.3354478 -0.0318060 -0.0847316 0.5110826 0.2052344 -0.0562211 0.4863814 0.4232647 -0.5329832 -0.0087095 0.3865873 0.2512541 -0.0010610 0.1666066 0.0891590 0.1543860 -0.2235038 -0.0811138 0.2137455 -0.0975031 0.0855349 0.1667236 -0.1357628 0.1701899 0.1786322 -0.3089652 0.2680193 0.0368180 0.2815481 -0.3040856 0.2083776 -0.1349174 -0.0020181 0.2019423 0.4291015 0.4656162 -0.3825656 0.3509498 0.4531362 -0.1123549 -0.0592572 -0.1553302 0.0981613 0.4886851 0.4575603 0.2576666 0.0642106 0.2901028 0.6700614 0.4728649 0.0909333 0.2601881 0.3859065 0.4794315 0.5277955 0.5076944 0.5416406 0.4464834 -0.0419396 0.1929155 -0.4037185 -0.4993398 -0.0563063 0.7639393 -0.1507355 0.4939015 0.0924272 0.0435590 -0.0035666 -0.0178871 0.1290070 0.1463699 0.0809737 0.0238200 -0.0135672 -0.2695253 -0.3839179 0.0159888 0.1005132 0.1053958 -0.1621894 -0.2221606 0.1069951 -0.1209557 0.0230913 -0.1307824 -0.0653705 0.1069774 -0.1655746 -0.6684805 -0.6691493 -0.4130755
0.3203421 0.7902145 0.4245825 0.5734845 -0.1432049 0.7991168 0.0000000 0.0408021 0.5802760 -0.1759920 -0.3194291 0.8896430 0.0536046 0.1343307 0.6906311 -0.5765923 -0.3511997 0.5614610 -0.5546124 -0.4401988 0.7791650 -0.5452549 -0.4012203 0.7056480 -0.6363708 -0.7251491 -0.3450940 0.5379616 0.7901887 0.2094927 -0.7322828 -0.6905911 0.5767253 0.6649673 -0.5956846 0.8032065 -0.7889314 -0.5548289 -0.4237129 0.2653382 -0.5233217 0.8563625 -0.5873289 0.0038704 0.7474489 -0.7758204 -0.7750789 -0.4617248 -0.0603596 -0.7839535 -0.7510851 -0.5039044 0.6002519 -0.2669258 -0.5152566 -0.7521393 -0.8113971 -0.4154864 0.4473944 -0.7244390 0.7244428 -0.4707333 -0.0501313 -0.4102328 0.3023776 -0.8145176 -0.6596972 -0.4275647 -0.5446704 -0.6458572 -0.6596958 0.0442064 -0.5387828 0.0639489 -0.6191875 -0.5571265 -0.3720280 -0.4938435 -0.4981292 -0.1217980 -0.1820233 -0.4162716 0.2539130 0.2917481 0.2239085 -0.0703509 -0.4263903 0.5126437 0.0172672 0.3236042 -0.5062306 -0.1762499 -0.1294103 0.3249941 -0.2821727 -0.0631392 -0.0465750 0.1506086 -0.0900573 0.6695027 0.4048880 -0.0137430 -0.2833055 0.2118418 0.0432436 0.1822159 0.0736079 0.1750877 -0.2899785 0.5338381 0.0684488 -0.3265066 0.2125487 0.4906393 0.2897290 0.2826830 0.2869773 0.1666850 0.2935011 -0.1024890 0.1644424 0.3937067 -0.0103774 0.4447473 -0.1710823 0.0989700 0.4359392 0.0128945 0.0264125 0.3871880 0.2021983 0.0254870 0.5514267 0.1284038 -0.4553363 -0.2526883 0.2415671 0.3810693 -0.0646514 0.1946628 0.1084502 0.1740845 -0.5518211 -0.1227114 0.1736452 -0.2190441 -0.0881655 -0.0934779 -0.3078865 0.1651214 0.2009963 -0.3812402 0.2373426 0.0688377 0.2683423 -0.3556362 -0.1247529 -0.1479522 -0.3738315 0.1352692 0.4644557 0.3984392 -0.4639576 0.2391256 0.4412949 -0.1146070 -0.0704549 -0.3065129 -0.0303948 0.4475945 0.4396897 0.0518791 0.3493937 0.4958945 0.8954538 0.5839466 0.3391481 0.5272981 0.6321617 0.6725439 0.7250933 0.7777016 0.7471406 0.7566721 0.0962550 0.0409049 -0.3444344 -0.5810552 -0.3360353 0.5482896 -0.1353589 0.2699123 -0.1383473 0.1196394 0.1963302 0.0743163 0.2473523 0.0543622 -0.0104727 0.1797065 -0.2237850 -0.4797409 -0.3031066 0.0347803 0.1760199 -0.0236531 0.0165898 -0.2002930 0.1312946 -0.1775023 0.0393780 0.1832324 -0.0882023 0.3218603 0.0602479 -0.7999545 -0.3892812 -0.2973815
-0.2443183 -0.0294303 0.3420608 0.6279632 0.3781237 0.1139173 0.0408021 0.0000000 0.0963000 0.5933780 0.7933076 0.0082510 0.7784591 0.2264999 -0.0137254 0.5399670 0.3546155 -0.0700177 0.6717573 0.1121380 -0.0442170 0.3415454 0.5032555 -0.2533069 0.4958139 0.4801262 0.1703288 -0.0424665 -0.0790692 -0.2007138 0.2696571 0.4027017 -0.2233397 -0.0445898 0.3640799 -0.0244282 0.3677432 0.5252209 0.1556358 -0.0534338 0.2869358 -0.0127647 0.2177746 -0.0576839 -0.0380531 0.3251779 0.3399770 0.4210290 0.1259891 0.4231576 0.2187682 0.1721094 0.1111349 0.1852034 0.6202340 0.4795124 0.2528759 0.1647927 0.0909650 0.1632454 0.0155901 0.2404310 0.6890821 0.3314485 0.2220654 0.0978895 0.2026987 0.3309717 0.4560593 0.2840471 0.2301884 0.2910696 0.2969344 0.4053726 0.4317334 0.3101992 0.4286328 0.4129430 0.2976322 0.3874040 0.4709495 -0.0927883 0.0935443 -0.0544314 0.0491238 -0.3450956 -0.4896388 0.0323371 -0.2338074 -0.1584589 -0.1528267 -0.1830046 -0.1973936 -0.2946480 -0.1093194 -0.2108684 -0.0891857 -0.1120496 -0.3452254 -0.0252801 -0.4142232 -0.3248972 0.1527560 -0.1626972 -0.2649973 -0.2056084 -0.1638057 0.0558203 -0.3992606 -0.1668971 -0.4320502 -0.0779632 -0.0719797 -0.0598026 -0.0203298 0.0114360 0.0377379 -0.0797505 -0.0470781 -0.1646603 -0.1358873 0.0232642 -0.3125071 0.0861647 -0.1957861 -0.4739178 -0.1319081 -0.5565671 -0.1880095 0.0136394 -0.2204753 -0.5499800 -0.1534070 -0.3331305 -0.4017703 -0.3526795 0.1736562 0.0467702 0.0781983 -0.2187704 -0.3771708 -0.0314904 -0.0982662 -0.1424452 -0.1467366 -0.3062934 -0.0840841 0.1163511 -0.4303801 -0.2682958 -0.4366987 -0.0752190 -0.2270837 -0.6241656 0.2571821 0.2219850 -0.4380915 -0.1351706 -0.0693034 -0.3343370 0.0924434 -0.2823503 -0.0015052 -0.4238841 -0.0136768 -0.2498062 -0.5494298 -0.4463742 -0.4003149 -0.4370189 -0.2508149 -0.4744757 -0.1595374 0.1771527 -0.0403071 0.1493593 -0.1156280 0.0617461 -0.1535315 -0.0663342 -0.3974778 -0.0553674 0.0042039 -0.0990052 -0.1216689 0.1085555 -0.1273785 0.2669766 0.2810889 0.0403386 -0.2809386 0.3029772 0.2386918 0.0980535 -0.3336544 -0.2581837 -0.3581129 0.0712826 0.3071988 -0.4190185 0.2567804 0.1869706 0.5189125 0.2330776 -0.0304183 0.3478656 0.0671142 0.2795630 0.1445872 0.1788044 0.3029103 -0.0623318 -0.1598536 -0.0995580 -0.1171297 0.0391772 0.0886620 0.2503564
-0.1730913 0.3883152 -0.0408466 0.4296748 -0.3843387 0.6922123 0.5802760 0.0963000 0.0000000 0.3558103 0.1444300 0.5694720 -0.1696096 0.6210875 0.6136163 -0.2864431 0.1399847 0.8441349 -0.1376755 -0.3404912 0.4579317 -0.1387319 -0.0448811 0.5551665 -0.2257921 -0.2540570 -0.0159765 0.2718895 0.6165361 0.3206236 -0.2902039 -0.5028470 0.3859773 0.6390893 -0.1831204 0.4827696 -0.3736828 -0.3730813 0.0999948 0.2591568 -0.3494131 0.6031028 -0.2334837 0.1562995 0.5610760 -0.3473967 -0.3447907 -0.3255333 0.3495483 -0.3654465 -0.3232349 -0.2415487 0.5461829 -0.0390385 -0.4874586 -0.3224483 -0.3769950 -0.1211401 0.0642451 -0.3113480 0.4680830 -0.1022735 -0.2336025 0.0027406 0.3067183 -0.5071134 -0.2434016 -0.1703885 -0.1221233 -0.2253220 -0.3018829 0.3865872 -0.1955693 0.0945380 -0.2929535 -0.1233778 0.0155243 -0.2102300 -0.1428838 -0.0416741 0.0415705 -0.3669515 -0.0846227 0.0844524 0.1507071 0.1437031 -0.0465748 0.2391959 0.1367231 0.4032710 -0.0153975 0.2238491 0.1926090 0.2632993 0.1784494 0.2911616 0.3566313 0.2679539 0.2326669 0.2608031 0.3268644 0.2052870 0.2236117 0.1703853 0.4224657 0.4369645 0.3129715 0.0197489 -0.3064341 0.3995266 0.4094071 -0.0683131 0.4758942 0.3696532 0.2553974 0.4325225 0.2269653 0.2284281 0.2364588 -0.1222951 0.1823126 0.3161567 0.1653435 0.2621997 -0.2483040 -0.1838854 0.5355400 -0.0596997 -0.2466096 0.3802982 0.1552755 0.0193196 0.6019794 0.0979677 -0.2311670 -0.2028792 0.1551370 0.1964890 0.0339235 0.2508839 0.1986052 0.3271488 -0.2575626 -0.4371462 0.0695099 0.0567430 0.1057429 0.0364493 -0.2137053 0.2092870 0.2059265 -0.0989543 0.2736216 0.2708178 0.3736343 -0.2615493 -0.0619495 0.0168166 -0.0680937 0.1434613 0.3646173 0.3941357 -0.2434382 0.1019865 0.4218614 0.1711920 0.1526388 -0.0869772 0.0714627 0.4394819 0.4837063 0.2198122 0.0272508 0.2470974 0.5625061 0.1325603 -0.1045148 0.0607715 0.0994979 0.1309812 0.2786825 0.1598140 0.1849703 0.0718273 -0.2363731 -0.1215205 -0.5862061 -0.7327869 -0.3644218 0.4937523 -0.1998539 0.2973730 -0.1372842 0.0286846 -0.0353373 -0.0158932 -0.0582803 0.0595359 0.0110042 -0.1476445 -0.2921920 -0.5225040 -0.4729765 0.0998178 0.1983517 0.2100554 -0.2267602 -0.1465588 -0.2589809 -0.2721460 -0.3247855 0.0479806 0.0558696 0.3158286 -0.2384486 -0.5919834 -0.5664554 -0.4194924
-0.6640641 -0.5039908 -0.1913830 0.3356716 0.0453690 0.1066478 -0.1759920 0.5933780 0.3558103 0.0000000 0.9022481 -0.1877263 0.1985785 0.7717392 0.0255339 0.5640252 0.8575199 0.1538978 0.7033709 0.1312631 -0.2331992 0.3778751 0.7932182 -0.2860776 0.5921827 0.6140228 0.5375254 -0.3318403 -0.1313341 -0.0822626 0.4884403 0.4013927 -0.5246206 -0.1626340 0.7293682 -0.1732012 0.5538990 0.3274123 0.5791203 -0.0374426 0.2235753 -0.1490060 0.5711541 0.0454658 -0.2131444 0.5412854 0.5616089 0.2326376 0.4137377 0.3928834 0.5329577 0.3795646 0.0641189 0.4468051 0.2023645 0.5607349 0.5205721 0.5813323 -0.2865722 0.4973586 -0.1194584 0.6024275 0.1259675 0.6628528 0.3056174 0.1856713 0.5819125 0.5880386 0.5501009 0.6331291 0.4685247 0.6052890 0.6059076 0.4128241 0.4972251 0.6245973 0.5949282 0.5499871 0.5702306 0.3614178 0.5526346 -0.1249735 -0.0467062 -0.1040996 0.1769244 -0.0874728 -0.1344536 -0.1078178 -0.0239566 0.1563909 0.0858023 0.0779448 -0.2112110 -0.1449772 0.2635265 -0.0038589 0.0222235 -0.0294357 0.1427958 -0.1745221 -0.2534824 -0.0310292 0.4358913 -0.1425220 -0.1858873 0.0750467 0.2188820 -0.1503215 -0.3814156 -0.0254335 -0.0805310 0.4952847 0.1656625 -0.0343529 0.2359217 0.2724211 0.1785161 0.2565755 0.2158840 0.2494181 0.1478143 0.1869935 -0.1103215 0.1663774 0.1959764 -0.1835115 0.0292274 -0.3238008 -0.0762871 0.2386075 0.0817942 -0.3773812 -0.0542198 -0.0258104 -0.3423625 -0.0681959 0.2482278 -0.0050614 0.1382618 -0.0053521 -0.3713116 0.1030800 0.2167981 -0.1532415 -0.0221007 0.0211546 0.1068090 0.2294111 -0.1883323 -0.1948619 -0.2306606 0.1882326 -0.2171029 -0.1222300 0.1222168 0.2255755 -0.1855556 -0.0247379 0.1976955 0.0188964 -0.1168712 -0.3156939 0.1900322 -0.2233042 -0.1759634 -0.0106741 -0.3062357 -0.1034055 -0.0045188 -0.3307210 -0.1760634 -0.1277535 -0.4571974 0.0161109 -0.2041300 -0.1462750 -0.3307091 -0.2661920 -0.4105806 -0.3302552 -0.3917566 -0.4085705 -0.4533547 -0.5433787 -0.4734825 0.0462289 -0.4968777 -0.1338071 0.1278865 0.0854792 0.2473540 0.3440851 0.2751708 0.3905181 -0.0063783 0.1445019 -0.2029624 0.1477008 0.2757720 -0.1522633 0.0907943 -0.1596959 -0.0282988 0.2533716 -0.0809764 0.5459870 -0.0560545 -0.0043423 -0.0928601 -0.0849282 -0.2456770 -0.0528367 -0.1596845 -0.0442846 -0.2653723 0.0428266 -0.1523120 -0.2356447
-0.6492159 -0.5087881 -0.0937829 0.3908675 0.1729333 -0.0838956 -0.3194291 0.7933076 0.1444300 0.9022481 0.0000000 -0.2672815 0.4259373 0.5210475 -0.0896419 0.7302837 0.7478610 -0.0431215 0.8752424 0.1992318 -0.2750731 0.5079947 0.8080715 -0.4034911 0.7432929 0.7497094 0.4497205 -0.2803431 -0.2316570 -0.1096747 0.5786360 0.5648148 -0.4860621 -0.1858086 0.7385867 -0.2536528 0.6906417 0.5323761 0.5183363 -0.0399083 0.3137979 -0.2582757 0.5698317 0.0522671 -0.2661640 0.6805918 0.6981745 0.3584278 0.3421174 0.6079974 0.6147990 0.4080078 -0.0049707 0.4325658 0.4931896 0.7423311 0.6330123 0.4967373 -0.3479658 0.5606877 -0.2374786 0.5925952 0.3635763 0.6256089 0.1776903 0.3585356 0.6066638 0.6177232 0.6622417 0.6483671 0.5926244 0.4791265 0.6368495 0.3633468 0.6768759 0.6489078 0.6284930 0.6815657 0.6042922 0.4192053 0.5775038 -0.0769107 -0.0811376 -0.2310567 -0.0384394 -0.2228285 -0.2303056 -0.2761393 -0.1960166 -0.1354932 0.0804097 -0.0118744 -0.1492340 -0.3959422 0.1910056 -0.0666117 0.0576410 -0.0950677 -0.0225013 -0.2453365 -0.4926890 -0.1462796 0.4158120 -0.2995796 -0.2018358 -0.0857722 0.0171007 -0.0700778 -0.3589041 -0.2189647 -0.2375170 0.3141246 0.0389376 -0.1583819 0.0579980 0.1082717 0.0526549 0.0873970 0.0522651 0.0741248 -0.0009999 0.0437385 -0.3070221 0.0965683 0.0097957 -0.3483573 -0.1132607 -0.5481641 -0.2002712 0.0532044 -0.1409986 -0.4521671 -0.1908522 -0.2774201 -0.2616072 -0.2443616 0.1618454 -0.1283691 0.0593583 -0.2438219 -0.4767708 -0.0671256 0.1876606 -0.1640550 -0.1299702 -0.0664487 -0.0419741 0.1041725 -0.2801858 -0.3792149 -0.4750407 0.1475267 -0.3759499 -0.3998469 0.0670887 0.3374558 -0.3140311 -0.1172779 0.1366865 -0.2619411 -0.1847688 -0.4558843 0.2635733 -0.4623845 -0.2386387 -0.0599580 -0.3727535 -0.2218349 -0.2334433 -0.5450851 -0.2910604 -0.3168872 -0.5001452 -0.1283095 -0.3800122 -0.1618678 -0.3425070 -0.2269004 -0.4213351 -0.3432696 -0.5493962 -0.4124016 -0.4680504 -0.5503827 -0.4842587 -0.0145335 -0.3354177 0.1368203 0.2456264 -0.0238811 0.0380249 0.2463898 0.2892887 0.2490795 -0.1848260 -0.0422441 -0.3074615 0.1052630 0.2748278 -0.3173065 0.1555051 0.1113832 0.3268065 0.3207106 -0.1719590 0.4525566 -0.0815679 0.1013610 -0.1098736 0.0981913 -0.0532997 -0.0722801 -0.1998983 -0.1109903 -0.2249826 0.1822033 0.0203479 0.0098045
0.0962749 0.6749705 0.3916630 0.6522505 -0.2498582 0.8174788 0.8896430 0.0082510 0.5694720 -0.1877263 -0.2672815 0.0000000 0.0361348 0.1677594 0.8421557 -0.4938730 -0.3139740 0.6594781 -0.4745406 -0.3787925 0.9432928 -0.3904032 -0.2890965 0.8420599 -0.4759941 -0.6137851 -0.2314929 0.7334480 0.9447905 0.4672654 -0.5888775 -0.5842293 0.7506068 0.8680120 -0.4988293 0.8983747 -0.6628886 -0.4781203 -0.3004073 0.4609041 -0.5348065 0.9461583 -0.4684940 0.1688428 0.8494843 -0.6212527 -0.6703429 -0.4917137 -0.0119755 -0.6601616 -0.6340647 -0.4000378 0.6689909 -0.1980903 -0.4376532 -0.6077314 -0.6821236 -0.4089961 0.3096855 -0.5871067 0.7567834 -0.3701581 -0.0489033 -0.4033399 0.2347927 -0.6901100 -0.5561748 -0.3147990 -0.4666229 -0.5764384 -0.5171408 0.0934489 -0.4501487 0.0580547 -0.4886160 -0.4985494 -0.2914757 -0.3915359 -0.4431459 -0.1684586 -0.1897442 -0.4278282 0.2156793 0.1662803 0.0212348 0.0653578 -0.2458380 0.1826726 0.0351806 0.1211181 -0.2945075 -0.0709011 0.0154885 0.0416369 -0.1055591 -0.0119025 0.2154250 0.1479201 0.0793721 0.6895074 0.2694846 -0.0426352 -0.0229324 -0.0761843 0.1972204 0.1902456 -0.0163890 0.3023989 -0.3275737 0.3843274 0.1159665 -0.3815943 0.1567218 0.4230031 0.2016189 0.2619448 0.2551207 0.1613529 0.2866084 -0.2252451 0.1975894 0.3822818 -0.1750183 0.6362073 -0.2331767 0.0181017 0.4529997 -0.1307420 -0.1642049 0.5022652 0.2199362 0.1305915 0.6544508 0.1127332 -0.3781241 -0.2732494 0.3843685 0.1833758 -0.0935077 -0.0933007 0.0177128 -0.0397515 -0.4912710 -0.0730842 0.2840242 -0.0977024 -0.1289941 -0.1374661 -0.3851392 -0.0800259 -0.0064775 -0.3351487 0.1029219 0.0048512 0.1515593 -0.2524794 -0.0219420 -0.2212838 -0.3457756 0.0073303 0.4024599 0.3545624 -0.2740771 0.1479761 0.4391145 -0.0252702 0.0433815 -0.3662415 -0.1041977 0.3572387 0.4501019 0.1272940 0.1262587 0.1024547 0.6684712 0.4933710 0.3097801 0.4767859 0.7274248 0.8019981 0.7859859 0.8131060 0.6802582 0.6678880 -0.1323575 0.0038701 -0.3686622 -0.5506213 -0.2659652 0.7180795 -0.2324980 0.2071314 -0.1356832 -0.0741257 0.0792853 -0.0888595 0.3231199 0.0040114 -0.1050586 0.1012970 -0.2599180 -0.3292994 -0.3032953 0.1014906 0.0939006 -0.0577076 -0.2308388 -0.2853870 0.0010800 -0.0656895 -0.1149575 0.0162703 -0.0639018 0.3615895 0.0847990 -0.7518943 -0.4781088 -0.3334896
-0.0748457 0.0427212 0.5330566 0.3762671 0.5032428 0.0167704 0.0536046 0.7784591 -0.1696096 0.1985785 0.4259373 0.0361348 0.0000000 -0.0486599 -0.1501068 0.3374689 0.0613554 -0.1978008 0.4001083 0.3138808 0.0884421 0.3843853 0.2598872 -0.1462666 0.3533021 0.3028108 -0.0082520 0.1308746 -0.0240946 -0.1745810 0.3335911 0.4132136 -0.0202273 -0.0290020 0.1638113 0.1290629 0.2183752 0.7091522 -0.0725947 -0.0928343 0.5901374 0.0456477 0.1068443 -0.1746053 -0.0220815 0.1216530 0.1478273 0.6789999 -0.2350344 0.4201293 0.0627452 0.0802181 -0.0407700 -0.1059961 0.7687825 0.3168926 0.1015594 -0.0749973 0.2200638 0.0279091 0.0418301 -0.0174962 0.9073161 -0.0056244 0.0111452 0.1743048 0.0072833 0.0865579 0.4180722 0.0777867 0.0646063 0.0514712 0.0179632 0.2605865 0.3320786 0.0014263 0.0910141 0.1653088 0.0066723 0.1271292 0.2221106 0.2728508 0.4128287 0.2048787 0.2155410 -0.0986609 -0.3395669 0.1226363 -0.0959709 -0.1239598 0.0167310 0.0230424 -0.0328521 -0.2831055 -0.1602599 -0.1393951 -0.0476716 -0.0898237 -0.2764381 -0.0760938 -0.1093514 -0.2775782 0.1658198 -0.0511702 -0.2156673 -0.1990790 -0.2836587 0.2869294 0.0309969 -0.2616901 -0.4404876 -0.1761417 -0.3569125 -0.2553442 -0.2660204 -0.2696614 -0.1659514 -0.3614161 -0.2280394 -0.1605793 -0.3154367 -0.1884978 -0.0665835 -0.0492454 0.0095119 -0.1122778 -0.2950866 -0.2035526 0.2340042 -0.0473832 -0.0924629 -0.2054835 -0.2485436 -0.3437636 -0.2017691 -0.0145469 0.2102640 0.3101463 0.2857799 -0.0707247 -0.1654734 0.0606437 -0.1535027 0.3251699 0.1066276 -0.1521233 0.0563164 0.2475573 -0.3779610 -0.1438581 -0.2481381 0.1359472 -0.0042022 -0.4901457 0.2003093 0.4774118 -0.4205689 0.0627904 -0.2072273 -0.1172425 0.2012431 -0.1684627 0.2012152 -0.2722600 0.0827754 -0.1111742 -0.3910909 -0.5208863 -0.3659657 -0.2418388 -0.1572422 -0.4029925 0.0800817 0.1971071 0.0651910 0.3865724 0.3019031 0.2959187 0.1800300 0.2112436 -0.2223762 0.1087140 0.2548921 0.0859554 0.1570705 0.1179948 0.1195779 0.4278116 0.1986050 -0.1211330 -0.2079311 -0.0119390 0.0523594 -0.0827451 -0.1261133 -0.2001499 0.0333454 -0.0986557 0.2124745 -0.0719796 0.1724267 0.2883862 0.4600912 0.4046515 0.2026124 0.1443969 0.3784161 0.4927946 0.1605876 0.2520207 0.3261823 0.0732140 0.1724728 0.0731132 0.2596058 0.0802124 0.1440921 0.3529845
-0.5472587 -0.2821299 -0.1129169 0.2558035 -0.1435738 0.4182017 0.1343307 0.2264999 0.6210875 0.7717392 0.5210475 0.1677594 -0.0486599 0.0000000 0.3730967 0.2961453 0.7066276 0.6404933 0.3109860 0.0496316 0.0857451 0.1558945 0.6096910 0.2247768 0.2675477 0.2453969 0.5536461 0.0757730 0.2248847 0.2510771 0.2793759 0.0760274 -0.1176309 0.2202193 0.5023899 0.0858448 0.1979884 0.0731964 0.5379192 0.2210480 0.0957986 0.1973386 0.4024400 0.2225657 0.1824882 0.2560352 0.2375695 0.0846528 0.3925953 -0.0054712 0.2798405 0.2782260 0.3060205 0.3410675 -0.1518497 0.2213153 0.2082937 0.3647433 -0.2347542 0.2642129 0.2319382 0.4398854 -0.0885773 0.4211292 0.3489819 -0.0874771 0.3499499 0.3514453 0.3720329 0.3499809 0.1685377 0.6156406 0.3253992 0.3122689 0.1073846 0.3540112 0.3308259 0.1744716 0.3010615 0.1434559 0.3610370 -0.1102659 -0.1067843 -0.0375393 0.2123973 0.1096413 0.1356862 -0.0849645 0.2304086 0.4247149 0.1752517 0.2557713 -0.1322888 0.0269563 0.5167188 0.2735006 0.0555119 0.0058755 0.4940569 -0.1089478 0.1106422 0.1094986 0.3123712 0.0607323 0.0532503 0.4262472 0.3487739 -0.1046081 -0.3903806 0.2105169 0.2605081 0.4386976 0.3564451 0.2008436 0.3535815 0.4314693 0.3201135 0.3922421 0.3536614 0.2828189 0.3101446 0.3710155 0.0060498 0.3014981 0.2730977 0.0763839 0.3888892 -0.1821728 -0.0562088 0.4074566 0.3123937 -0.2246668 0.3822048 0.0945891 -0.4794953 0.0152064 0.2441307 0.1752045 0.1669443 0.1028809 -0.2540610 0.1906905 -0.1083061 -0.1681178 0.0725334 0.1473460 0.1020588 0.1437200 -0.3060456 -0.1380893 -0.0926994 0.1304457 -0.0171332 0.0588051 0.0189588 0.1619391 -0.1546842 -0.0336453 0.1073068 0.2028207 0.0025878 -0.1134093 0.1206754 0.0293692 -0.0361404 0.0711137 -0.0775771 -0.0300237 0.1872699 -0.0057835 -0.0005293 0.0773118 -0.3703852 -0.0308362 0.1082178 0.0276855 -0.0385197 -0.0713831 -0.1433977 -0.0941793 -0.0328724 -0.2634273 -0.3141787 -0.3762759 -0.4362311 0.0544716 -0.6515105 -0.5521333 -0.1717569 0.3388250 0.3743044 0.3449653 0.0356875 0.3875604 0.2444803 0.3130748 0.1570389 0.0538193 0.1362091 0.0946681 -0.0396173 -0.3156372 -0.4456146 0.2658336 0.2234726 0.5892327 -0.0328319 0.0994521 -0.0733609 -0.1424211 -0.3582552 -0.1797116 0.1630056 0.3179791 -0.1485933 -0.1442794 -0.4529200 -0.4171541
0.0622622 0.4211992 0.2668580 0.5892943 -0.2186460 0.7578401 0.6906311 -0.0137254 0.6136163 0.0255339 -0.0896419 0.8421557 -0.1501068 0.3730967 0.0000000 -0.3518839 -0.0862393 0.7404245 -0.3694669 -0.3657808 0.7036154 -0.3711248 -0.0994248 0.7638177 -0.4280682 -0.5402073 -0.1016875 0.6702416 0.7561258 0.5660469 -0.4491394 -0.6016072 0.5248579 0.7277524 -0.2619388 0.6209017 -0.5339615 -0.5115665 -0.0580292 0.4908867 -0.5153193 0.7749332 -0.2772626 0.3575246 0.7489999 -0.4188414 -0.4728017 -0.5427341 0.2371854 -0.6634200 -0.4431817 -0.2716722 0.6695446 0.0961248 -0.5445726 -0.4921633 -0.5349245 -0.1688555 0.0310885 -0.3849488 0.6742310 -0.0970143 -0.2739155 -0.0979698 0.3061629 -0.7577744 -0.3810497 -0.0992160 -0.4653748 -0.3148154 -0.4757969 0.3325689 -0.2146063 0.0695028 -0.5323185 -0.2509457 -0.0810817 -0.3695481 -0.2455260 -0.0993818 -0.1326814 -0.5582604 -0.0973032 -0.0129028 -0.1070638 -0.0085296 -0.1658865 -0.0684690 -0.1396558 0.0856209 -0.2871634 -0.0479277 0.0441034 -0.0552683 0.0281458 0.0430746 0.3211564 0.1039188 0.1006304 0.4667126 0.1099203 -0.0845297 0.0744758 -0.0875131 0.1804742 0.2153593 0.0279503 0.2039412 -0.5819588 0.4249523 0.1130529 -0.1572274 0.3195728 0.3980659 0.2564990 0.3150146 0.2050775 0.2215201 0.2371781 -0.2493336 0.1101439 0.3635653 -0.2589369 0.6651724 -0.2978648 -0.0950752 0.4197570 -0.1990381 -0.3368455 0.3503114 -0.0144160 0.0413801 0.4941082 0.0035794 -0.4022908 -0.3326913 0.1203590 0.0018009 -0.4159006 -0.2727308 -0.0161908 -0.2215444 -0.3213569 -0.3246928 -0.0187267 -0.1742739 -0.3999265 -0.3901392 -0.3099434 -0.2980247 -0.2546475 -0.4698149 -0.1784960 0.0321164 -0.0868214 -0.2888295 0.0070276 -0.5149724 -0.1728144 -0.1897454 0.0162460 0.0324196 -0.3362615 -0.0160738 0.0409040 -0.1940987 -0.0496605 -0.2356710 -0.1595664 0.0946814 0.2386299 -0.0072115 -0.2146296 -0.1911855 0.4827431 0.3756527 0.0985653 0.3447215 0.4279715 0.5078093 0.6164968 0.4728901 0.2867637 0.3430022 -0.4019884 -0.1019431 -0.6343513 -0.7024143 -0.2365623 0.7904455 -0.1219419 0.3375799 -0.0708688 0.0754688 0.0384446 0.0090029 0.1679356 -0.0412386 -0.2048613 -0.0102319 -0.1117477 -0.3017869 -0.4355563 0.0098868 0.2053827 -0.0349431 -0.5044514 -0.4143871 0.0153997 -0.1562427 -0.2411329 -0.1884515 0.0517861 0.1325515 -0.2978208 -0.7464790 -0.6398049 -0.4956482
-0.4978494 -0.6823051 0.0030090 0.0097726 0.3856690 -0.4048640 -0.5765923 0.5399670 -0.2864431 0.5640252 0.7302837 -0.4938730 0.3374689 0.2961453 -0.3518839 0.0000000 0.7108449 -0.2430262 0.9021061 0.2568503 -0.4564046 0.5425243 0.8699932 -0.5339607 0.8461122 0.8186146 0.6674130 -0.2105783 -0.4611105 -0.0041783 0.7171865 0.8243249 -0.4295366 -0.2933417 0.8465119 -0.5095255 0.8811899 0.7136508 0.6537935 0.1598726 0.4648537 -0.4485720 0.7672056 0.3144068 -0.2522029 0.9320420 0.9202476 0.5435728 0.3785377 0.7029529 0.8644645 0.7492335 0.0053634 0.6218002 0.6059820 0.9270499 0.8740939 0.6079309 -0.4154325 0.8084065 -0.1732490 0.7681057 0.4165555 0.6965868 0.2756289 0.6737813 0.8329816 0.7603707 0.8361145 0.7886610 0.8156576 0.4470376 0.7954160 0.4891816 0.7651321 0.7964633 0.7051591 0.7907090 0.8113149 0.6574064 0.7349915 0.3456968 -0.0759010 -0.2232714 -0.1032011 -0.1685736 0.1344186 -0.4218636 0.0547054 -0.0216826 0.2936208 0.0771995 -0.2883585 -0.3509322 0.5280531 0.1461878 -0.2749112 -0.2602825 0.2358683 -0.3507521 -0.3716598 -0.0584985 0.1117858 -0.0666063 -0.1470487 0.0758250 0.0207241 -0.1044805 -0.1444804 -0.2079429 -0.0341269 0.3657673 0.0144725 -0.1090406 0.1354124 0.1297741 0.1613182 0.2152874 0.1264928 0.1731664 0.1328136 0.1333214 -0.5037316 0.0788154 0.1304884 -0.2238714 -0.0389766 -0.6331496 -0.2097521 0.0091597 -0.0704240 -0.2841815 -0.1885939 -0.2637793 -0.1103287 -0.1589589 0.0882526 0.0097759 0.1214579 -0.1925905 -0.3967174 -0.0056694 0.2157245 0.0659469 -0.0447378 0.0604637 0.0437800 0.0889558 -0.1910515 -0.3234049 -0.4386895 0.3925954 -0.2545398 -0.4588388 -0.0976026 0.6170330 -0.2233850 0.0700658 0.3853640 -0.1180907 -0.3216174 -0.4729785 0.5282214 -0.3463371 -0.3269438 0.1314299 -0.1673464 0.0850721 -0.0486716 -0.5841683 -0.5033544 -0.3145600 -0.4130682 -0.3633818 -0.6705277 -0.1534122 -0.0441468 -0.0730833 -0.3924900 -0.4193835 -0.5959345 -0.5861464 -0.6956027 -0.6829472 -0.3319349 0.3465052 0.0096119 0.4569178 0.4958236 -0.0925523 0.1653442 0.2743468 0.4590896 0.2980974 -0.1286814 0.0794195 -0.1356451 0.2771289 0.4702464 -0.1815140 0.1230205 0.2732834 0.4916786 0.1931313 -0.2589182 0.6096920 0.0552534 0.3938242 -0.1626885 0.3483345 0.1601790 -0.2078643 -0.1457963 0.0844093 -0.0039076 0.6340220 0.3567272 0.2919776
-0.6746847 -0.7590468 -0.1782683 0.1495450 0.1709250 -0.0456473 -0.3511997 0.3546155 0.1399847 0.8575199 0.7478610 -0.3139740 0.0613554 0.7066276 -0.0862393 0.7108449 0.0000000 0.0183652 0.6754555 0.1602705 -0.3357303 0.4215513 0.9214080 -0.3255483 0.6783470 0.6802152 0.8259412 -0.2876069 -0.2253869 0.1330651 0.6348839 0.5811107 -0.4729351 -0.1923673 0.9080467 -0.3084269 0.7281061 0.4089345 0.8629244 0.2783275 0.3595737 -0.2426091 0.8432362 0.4011282 -0.1809946 0.7283970 0.7549629 0.3418254 0.6363697 0.4276486 0.7860900 0.7495311 0.1950559 0.7492490 0.2147620 0.6857881 0.7290235 0.8513539 -0.3513473 0.7802248 -0.0131626 0.8823110 0.0686360 0.8413694 0.4871799 0.3619722 0.8382721 0.8303292 0.6137272 0.8352331 0.6606312 0.7369513 0.8439650 0.5833817 0.6027826 0.8139476 0.7064631 0.6627226 0.7910570 0.5411602 0.7143121 0.1682047 0.1237579 0.0334744 0.2608420 0.1327751 0.2230897 -0.1701874 0.2593433 0.2839614 0.2840107 0.2432145 -0.3435704 -0.0211039 0.5413662 0.1967417 -0.0744416 -0.1637585 0.3626160 -0.1432238 -0.0945296 0.0193095 0.4179169 -0.0359013 -0.1492365 0.2625972 0.2492381 -0.1091963 -0.2269769 -0.0236840 0.0298024 0.5695523 0.0970823 -0.0515660 0.2870330 0.2650741 0.1854833 0.3421854 0.2506579 0.2889369 0.2376149 0.2176511 -0.1941011 0.2148557 0.3507608 -0.0557301 0.0099488 -0.3173283 0.0184446 0.2897924 0.2762964 -0.0921146 -0.1076932 0.0543575 -0.1075893 0.1464112 0.3266757 0.1868799 0.2375891 0.1316723 -0.2273113 0.2755403 0.4479905 0.1125001 0.2131696 0.2956675 0.2383821 0.2928317 0.0207509 -0.0989575 -0.1778005 0.4738889 -0.0484688 0.0188278 0.0347503 0.4978115 0.0022733 0.1857181 0.5402155 0.2240726 -0.2484313 -0.2647605 0.5244598 -0.0237807 -0.2440735 0.2824647 -0.0269436 0.2240161 0.2836142 -0.2633921 -0.1859585 0.0732967 -0.4684907 -0.1871493 -0.4091698 -0.1192421 -0.1859700 -0.1880573 -0.4064172 -0.3772500 -0.3814346 -0.5178485 -0.6186913 -0.6572400 -0.4594333 0.3198818 -0.3850956 0.0150218 0.3353283 0.1529465 0.3779439 0.4345751 0.4935279 0.4275092 0.0632567 0.2310271 -0.0235393 0.4225791 0.4739464 -0.0035277 0.0488899 -0.0828181 -0.1127887 0.1759779 -0.1527362 0.6385083 0.0614367 0.0704841 -0.1857393 0.1217395 -0.2351698 -0.0300806 -0.1278601 0.0669801 -0.0749109 0.2598824 -0.0572345 -0.2029037
