0.0000000 0.4606685 0.3636005 -0.0168341 0.4945976 -0.3456902 0.2874157 0.1979847 -0.0887673 -0.3433902 -0.2307979 0.2904997 0.1658886 0.0637377 -0.3464098 -0.0355747 0.0744708 -0.1149522 0.1755137 -0.3388825 0.0687443 -0.3948302 -0.0803480 -0.3990871 0.2214792 0.2154701 0.1103516 0.0555600 -0.2090020 0.1885166 -0.3844443 0.2974854 -0.1352849 -0.3310072 0.2972241 -0.1668840 0.2413417 0.2468206 0.2023012 0.0143749 0.3177528 -0.2319722 0.3294084 -0.0170841 -0.2320352 0.2902822 0.3672283 0.4426355 -0.0642451 0.2687850 0.3606767 0.0002408 -0.1218971 -0.1100736 0.0511965 0.2731468 0.2693277 -0.3792263 -0.2090613 0.2422714 -0.0913927 -0.0089233 0.0209140 0.0260876 0.1731085 0.2872791 0.1634424 -0.1902381 0.0294579 -0.0861185 -0.0050322 -0.0960608 -0.0417169 0.0223673 -0.1914940 -0.0462753 -0.1169433 -0.3717089 -0.1288510 0.3654393 -0.1787761 0.0388590 -0.1779278 0.1117456 0.4770598 -0.0022580 -0.3090376 0.3865001 0.3113328 0.3575900 0.1808418 0.0344768 0.2320209 0.3138583 0.1512960 0.2108607 0.0389403 0.2491935 0.1540595 0.4936627 0.3216021 0.0823733 -0.1551479 0.1887918 0.1559522 0.2394423 0.1357054 0.1232132 0.1182096 0.1670329 0.1951843 0.1589197 0.2972070 0.3131723 0.1978000 0.3592782 0.3475969 0.2290343 0.4270309 0.2819546 0.3572644 0.2177639 0.0954119 0.2387583 0.2386772 0.2721632 0.3469986 -0.0777227 0.0868591 0.1152272 0.1880650 -0.0125639 0.4447138 -0.0110334 0.0891551 -0.0750128 0.1397609 -0.0802219 0.1548721 0.0054337 -0.0393906 0.0212751 0.2083686 0.0029049 -0.0012633 -0.0771023 0.0121841 0.1420586 0.0958952 0.0138447 -0.1455269 -0.1328772 0.0099093 -0.1306781 0.1917935 0.1647675 0.2584460 0.0561646 0.3505189 0.0425038 0.2748159 0.0876642 0.1704876 0.0175365 0.0791099 0.1723189 -0.0074288 0.1274207 0.3849841 0.2159706 0.0971908 0.3650824 0.4270880 0.4196193 0.6822679 0.6225893 0.6396499 0.5619971 0.5926746 0.0749011 0.2455987 0.0967948 -0.1992271 -0.0427431 0.0755542 0.1569246 -0.1573592 0.0767814 -0.1066162 -0.1712225 -0.2381677 0.2486939 0.3961437 0.3172538 0.3900490 0.1675559 0.1049004 0.2788379 0.5700867 -0.2910897 0.3408498 0.2487201 0.0612795 0.1389706 0.2156873 0.0518223 -0.0757184 0.2443006 0.0626685 0.4769176 0.0383782 0.4873768 0.0950699 0.4938812 0.1270312 0.0166195 -0.0034262 0.2192706
0.4606685 0.0000000 0.8421477 0.6472152 0.7823997 0.2969823 0.7530008 0.8017875 0.3191853 0.0672256 0.1365266 0.5894378 0.7245169 0.2638707 0.1795166 0.2885310 0.3645224 0.1822387 0.4568713 0.1600317 0.4274067 0.1371174 0.3394202 -0.1227917 0.7133062 0.5890192 0.5429200 0.2158385 0.0638742 0.3486844 0.1127736 0.5868870 0.0402853 -0.0419782 0.4529776 0.2168584 0.4157161 0.6258452 0.3958800 0.3072127 0.5667753 0.2393657 0.4480037 0.1271105 0.0415250 0.5423035 0.4905398 0.6380922 0.1818077 0.6631285 0.4888512 0.2461106 0.2401857 0.3373805 0.5308611 0.5212151 0.5036414 0.1265774 0.2218365 0.3480311 0.4216813 0.3179405 0.4516568 0.5860009 0.6005942 0.5166672 0.2232408 0.1595670 0.5679421 0.3069079 0.3068250 0.4576512 0.2468903 0.6573907 0.3055471 0.3393221 0.3692678 0.2656600 0.4349240 0.4978549 0.3703465 0.3703423 0.1724769 0.1236804 0.0779577 0.1732010 -0.0672289 0.1941011 0.1406798 0.1388121 0.1404437 0.1080435 0.1740524 -0.0294596 0.0362094 0.2196331 0.2565302 0.2934407 -0.0339813 0.1406084 0.0615935 0.1418252 -0.0624259 0.0795665 0.2732288 0.2103423 0.1729442 0.1904914 0.1242029 -0.2342015 0.0569114 0.2684368 0.2844867 0.0385868 -0.2415127 0.1799787 -0.1445308 -0.2950045 0.0914022 -0.0671667 -0.0521302 -0.1052099 0.1642729 0.3897764 -0.0452969 0.5522779 0.4948421 0.2628317 0.3989321 0.4668012 0.3838352 0.1151226 0.4208048 0.5302938 0.1857731 0.1628510 0.4612787 0.1540172 0.2730664 0.4247697 0.1633238 0.3426241 0.3221118 0.1236670 0.2658535 0.0423461 0.2259629 0.3323623 0.1272014 0.3152156 0.2598925 -0.0008808 0.3627995 0.0748417 0.2211665 0.0786204 0.1157498 0.2403738 -0.0429582 0.3976885 0.3224098 0.2176701 -0.2608972 0.3148041 0.2846408 -0.0574470 -0.1029671 -0.0077383 0.1241002 0.1495546 -0.0138861 0.2101636 0.3915791 0.5723992 0.7681678 0.5784549 0.5454717 0.0627908 0.5538943 0.1471143 -0.1217249 0.0331994 0.1367860 0.1256796 0.2753455 0.6544577 0.3616870 0.5298300 0.4504497 0.1155185 0.0105126 0.3728778 -0.1334781 0.3779514 0.6189288 0.4071264 0.1376359 0.2532887 0.1335394 0.0891629 0.5773662 0.4215623 0.4653824 0.4056391 0.6732148 0.4802818 0.3562342 0.5953828 0.5686320 0.5025493 0.3041623 0.3285701 0.6617582 0.6411684 0.5408510 0.5455311 0.6386359 0.6404130
0.3636005 0.8421477 0.0000000 0.4452102 0.8736247 0.2140733 0.6297320 0.6862652 0.2119493 0.0338080 0.0061660 0.3560887 0.8789389 0.2729104 0.0933035 0.1090677 0.2823928 0.1654659 0.3145951 0.3041396 0.2462669 -0.0269060 0.1882164 -0.1947258 0.6224880 0.5359536 0.5543016 0.1784478 0.0922284 0.4134171 0.1402612 0.7008676 -0.0724589 -0.1701527 0.3355965 -0.0194678 0.3717682 0.6426974 0.4073680 0.3564109 0.7624629 0.0487726 0.3923959 -0.0626498 -0.0963079 0.4864517 0.4437105 0.7654816 -0.0290253 0.6351597 0.3764866 0.2083679 0.0327224 0.1343621 0.5492049 0.5608970 0.5313468 -0.0800240 0.3181716 0.2382735 0.3743754 0.1404546 0.7205089 0.4410215 0.4605582 0.7562968 0.0470783 -0.0486877 0.6883070 0.0764949 0.4181369 0.2031929 0.1141258 0.6369162 0.4447206 0.1640197 0.2093269 0.3265125 0.4122474 0.5878985 0.5215165 0.1846383 0.0610290 0.0256203 0.0399668 0.1098597 -0.1616098 -0.0416176 0.0897846 0.0190892 0.1885764 0.2465327 0.2357484 -0.1998717 -0.0451360 0.2242213 0.4449667 0.3380273 -0.1778352 -0.0205329 -0.0617269 0.1506368 -0.1458856 -0.1406257 0.4658002 0.1616348 0.1118579 0.0371236 0.3140506 -0.2591421 0.0700913 0.1350046 0.2143100 0.0088981 -0.2934608 0.2273399 -0.1646678 -0.2936775 0.1705482 0.0113849 -0.0494029 -0.2059151 -0.0167705 0.2108499 0.0709700 0.5757489 0.3190414 0.2214181 0.6285913 0.2875159 0.5124531 -0.0031522 0.6058081 0.2743008 0.2744619 0.1909645 0.5416529 0.4117246 0.5805392 0.2207894 0.2839130 0.4801101 0.4553481 0.0532004 0.4691376 -0.0041863 0.4200470 0.4575664 0.3699013 0.3610143 0.1459461 -0.0673806 0.4311071 0.2786399 0.0751573 0.0829706 0.0181349 0.3239601 0.0584048 0.1348898 0.3555074 0.2186615 -0.1598739 0.0503085 0.3932943 0.0323749 0.1457901 0.2243237 0.1396199 0.1257753 0.1397415 0.2889046 0.1203035 0.3540244 0.5796489 0.4095472 0.4036640 -0.0594767 0.3564811 0.0993011 -0.0814136 0.0133845 0.1334693 0.0035805 0.3672189 0.6944196 0.6268864 0.8031652 0.3797019 -0.1983066 -0.0871026 0.1855363 -0.1233645 0.1740816 0.5847710 0.2621532 -0.0198745 0.2733358 0.2478801 0.0339235 0.5831231 0.3410260 0.3252509 0.3395463 0.8279906 0.6139438 0.4929433 0.7124106 0.6550326 0.3398493 0.1566341 0.0262420 0.8983691 0.4811099 0.5046820 0.7130985 0.5247449 0.5748673
-0.0168341 0.6472152 0.4452102 0.0000000 0.2296942 0.7862104 0.5707692 0.8690479 0.5705041 0.5827805 0.7534925 0.4707911 0.5885957 0.3505029 0.6015307 0.7237870 0.6985763 0.2723831 0.5941802 0.1698411 0.4298581 0.5797086 0.8014874 0.2481354 0.6909736 0.6986889 0.5194801 0.1648060 0.4415533 0.2055121 0.1822890 0.4092921 0.1913188 0.4144417 0.5572217 0.4497251 0.4963583 0.5251646 0.4479060 0.3300262 0.3494312 0.6218961 0.5698621 0.1970718 0.5324225 0.5597123 0.4512069 0.3807157 0.4438980 0.4726614 0.5200661 0.4476758 0.5960523 0.6669056 0.5157875 0.4716620 0.4676230 0.6803851 0.2461625 0.5187446 0.5444004 0.7561499 0.3763737 0.9008806 0.4490187 0.3581676 0.5125637 0.6798750 0.5408032 0.7850705 0.4801550 0.8854465 0.5975297 0.7618077 0.5035337 0.6722935 0.6692531 0.5087884 0.6093963 0.3123560 0.3819119 0.2111759 0.3589745 0.3177520 0.1791040 0.3695519 0.3421572 0.2766851 0.1265269 0.1838718 0.0458647 0.0551602 0.0713928 0.1402159 0.1777886 0.2737924 0.1388468 0.2190855 0.0237221 0.1741644 0.2236016 0.2074518 0.2332393 0.2428658 0.1361981 0.3249956 0.1873411 0.4356312 -0.0772859 0.1102291 0.0390481 -0.0549115 0.1778793 0.0572662 -0.0593869 0.0765583 -0.0945264 -0.1092803 -0.0673981 0.0799896 0.0508014 0.0662236 0.3497040 0.4218474 0.0941863 0.1496059 0.5052741 0.4932984 0.1930085 0.6818654 0.4046511 0.4565288 0.1911748 0.7172561 0.2452465 0.2209936 0.4415542 0.1100537 0.1455118 0.4879400 0.2945553 0.1650111 0.2540758 0.1067890 0.1375541 0.0525712 0.1053359 0.1886289 0.1696597 0.2809623 0.4284464 0.2204909 0.3252806 0.1584066 0.2399567 -0.0127317 0.0841761 0.2268882 -0.1242137 0.4144315 0.2678037 0.2454823 -0.3069609 0.3429198 0.3899131 -0.1102916 -0.1830767 -0.0496177 0.0672725 0.1574040 -0.0013744 0.1368232 0.1040327 0.3755307 0.2047876 0.0758093 0.0954288 0.0422116 0.1545737 0.0996419 -0.1046710 -0.0949883 0.1744657 -0.0242954 0.1112052 0.4769059 0.2783029 0.2823704 0.7642318 0.6131907 0.1020196 0.3108254 -0.1387545 -0.0750731 0.1665348 -0.0783993 -0.1211271 0.0288467 -0.0933376 -0.0327465 0.2456712 0.1569731 0.1723380 0.1253919 0.4654963 0.4560358 0.1719185 0.3431091 0.3312000 0.1125673 0.0173731 0.0172159 0.4906780 0.4124925 0.3421337 0.3689602 0.7798780 0.6595217
0.4945976 0.7823997 0.8736247 0.2296942 0.0000000 -0.0672376 0.6773039 0.5246054 0.0350359 -0.0939489 -0.2010174 0.3057124 0.6872970 0.3147479 -0.2299205 -0.0691558 0.1568908 0.2123998 0.0759795 0.0877616 0.0066682 -0.2754021 0.0423279 -0.1818011 0.4379331 0.3636613 0.4298464 0.3027619 -0.2524387 0.4594321 0.0345898 0.6396120 0.0150596 -0.2118527 0.3384653 -0.2426705 0.3281513 0.4955886 0.4203236 0.3414520 0.6982081 -0.1329392 0.3684823 0.0508528 -0.2036213 0.3483809 0.4606309 0.7573944 -0.0184314 0.5132776 0.4313088 0.2200053 -0.0688875 0.1484651 0.3914075 0.4797039 0.4223743 -0.1483872 -0.0510848 0.2248743 0.0500843 0.0904072 0.5625614 0.2444948 0.3520607 0.6055696 0.0284861 -0.0399712 0.5027758 0.0314697 0.2457082 0.0408687 0.0856122 0.4295210 0.2252106 0.1599399 0.1768855 0.2248122 0.3587521 0.5807743 0.4323448 0.4329159 0.1062647 0.0551035 0.1092615 0.1832526 -0.1082255 0.0095039 0.2323781 0.1206177 0.3095430 0.2868358 0.3606734 -0.1836691 0.0700188 0.3100635 0.3687990 0.3857014 0.0113016 0.1223052 0.0136348 0.2241573 -0.0123320 -0.1011476 0.3804266 0.1846466 0.1542339 0.1251714 0.3698691 -0.2600625 0.2736416 0.2542043 0.2584742 0.0110279 -0.3206027 0.2315872 -0.1874641 -0.3334470 0.2033065 -0.0559538 -0.0851462 -0.2090806 0.1216556 0.3133039 -0.0003873 0.5652062 0.3472364 0.1944782 0.5309098 0.2466736 0.3975154 0.0351972 0.5552384 0.1761524 0.1684640 0.2174028 0.4223668 0.2717325 0.4319371 0.1292319 0.1831221 0.3062308 0.2870575 0.0349165 0.3410781 0.1659639 0.2471266 0.2940019 0.2452179 0.1588082 -0.0410816 -0.2156442 0.1953926 0.1673675 -0.0340660 0.0246051 -0.0245933 0.1653706 0.0937104 0.0202172 0.3185650 0.0223454 0.0706182 -0.0689594 0.1964801 0.0682027 0.1759363 0.2288214 0.1381585 -0.0018388 0.0978322 0.2616913 0.1721921 0.2904138 0.7580174 0.6999700 0.6579823 0.1024942 0.4600365 0.0722107 -0.0381015 -0.0398654 -0.1872361 -0.0750912 0.1043262 0.4686695 0.3486119 0.6059055 0.2145994 -0.1948035 -0.0506723 0.3170257 0.0285811 0.3626380 0.5903518 0.3882264 0.0374685 0.3793335 0.3766164 -0.0106580 0.7342985 0.5195195 0.5488958 0.6058238 0.7480112 0.6063024 0.4666343 0.7512641 0.7070007 0.5620601 0.4128425 0.3109365 0.7153458 0.5539093 0.4805919 0.5444597 0.3829416 0.5276557
-0.3456902 0.2969823 0.2140733 0.7862104 -0.0672376 0.0000000 0.4712316 0.5577649 0.6480532 0.7531357 0.8198969 0.5390179 0.3891335 0.2809609 0.8058700 0.5995750 0.6859822 0.2343720 0.3702519 0.1665540 0.4847665 0.4735245 0.6428837 0.4479191 0.4229891 0.4874800 0.5317663 0.1144048 0.5224074 0.0899464 0.1166670 0.2058515 0.3089834 0.5940628 0.3102659 0.3882690 0.3323024 0.3586091 0.2570076 0.3963453 0.1579419 0.5496170 0.3100273 0.1453578 0.6108046 0.3493315 0.2016102 0.1415619 0.5053558 0.2647504 0.2236799 0.4788668 0.6769000 0.5747581 0.4063920 0.1769513 0.2187578 0.6735990 0.2268807 0.3107557 0.3903373 0.5785338 0.1990883 0.7348178 0.3567832 0.1348185 0.2531502 0.5502424 0.2888881 0.6547703 0.2603971 0.7918244 0.4807209 0.6152755 0.4272661 0.5411548 0.5954614 0.4012413 0.4840518 0.1996911 0.3091105 0.0559846 0.3652414 0.1947212 -0.1163332 0.2625981 0.4723809 0.0256652 0.0006781 0.0948903 0.0544393 0.1316241 -0.1905982 0.0343979 0.2862750 0.2278067 0.0924053 -0.0508418 0.0805287 -0.0221171 0.2161860 0.0444062 0.1674469 0.2091535 0.0126315 0.2857879 0.1648816 0.3049097 -0.2437406 0.0609729 -0.0113747 -0.0692647 0.1610176 0.0203707 -0.0034325 0.0262027 -0.0950849 -0.0509370 -0.1114772 0.1181534 0.0600784 0.0852041 0.2548838 0.4209616 0.0508105 0.0445711 0.3554575 0.2742147 0.1029741 0.4761676 0.2929278 0.2900206 -0.0608037 0.4418751 0.1700850 -0.0256446 0.1601615 0.1090698 -0.0458902 0.3737532 0.2046295 -0.0066839 0.0899448 -0.1839142 -0.0400568 -0.1859627 -0.0601535 -0.1146648 0.2390748 0.0080854 0.2009919 0.0002252 0.0768174 0.1687153 0.0855795 -0.2240121 -0.1606149 -0.0477341 -0.1497411 0.1250376 0.1069019 0.0825516 -0.3560467 0.1564484 0.2822868 -0.0637052 0.0952139 0.1148111 -0.0079881 0.0118590 0.2213783 0.1549432 -0.1236401 -0.0518137 -0.1835302 -0.1042289 -0.0556318 -0.1477765 -0.0390117 0.0804915 -0.1009816 -0.1103237 0.1346325 -0.1070646 -0.0567003 0.2470971 0.2291796 0.1620991 0.6588781 0.5947944 0.2646921 0.2745890 -0.3232231 -0.1362259 0.0067076 0.0098085 0.0857159 0.0544537 -0.2943374 0.2000363 -0.0638946 0.0303266 0.0491816 -0.0473627 0.1668526 0.2221649 0.1849441 0.1006285 0.1639999 0.0079986 -0.1240243 -0.0636358 0.2996882 0.2000698 0.4035192 0.1744954 0.5615616 0.4456043
0.2874157 0.7530008 0.6297320 0.5707692 0.6773039 0.4712316 0.0000000 0.5957745 0.4289146 0.3810323 0.2975549 0.7147906 0.5781574 0.4053351 0.2982597 0.3059508 0.5807175 0.3024282 0.1902997 0.0085447 0.2577790 0.0239345 0.4099475 0.1585529 0.5082564 0.4991751 0.7926429 0.3933571 -0.0262438 0.5350292 0.0253926 0.5888258 0.3083073 0.2482890 0.5000356 0.0487827 0.4870050 0.5462021 0.6046289 0.6203733 0.5760548 0.2290636 0.5515181 0.2977075 0.2146883 0.4858026 0.5761931 0.5969537 0.4535752 0.5892862 0.5608456 0.5794731 0.4432973 0.5373740 0.4522899 0.4197536 0.3943768 0.4021104 -0.0503036 0.4674912 0.1718415 0.4547329 0.3160104 0.6304634 0.4654883 0.3643177 0.2322667 0.3685138 0.3416772 0.5105414 0.2093042 0.5369918 0.4688318 0.6372213 0.2338108 0.5672505 0.5860384 0.2894254 0.6028018 0.6657655 0.4318610 0.5296442 0.2514468 0.1215895 -0.0380066 0.2402862 0.2231705 0.0793108 0.2098025 0.1845293 0.3546535 0.3017724 0.1606605 -0.0757607 0.3683227 0.3916665 0.2279198 0.2238587 0.2388513 0.1774699 0.2764792 0.1303912 0.0484701 0.1828858 0.1778189 0.3513569 0.2205880 0.3669176 0.0429249 -0.1701577 0.3299933 0.2123019 0.3329576 0.1372082 -0.1805538 0.1149097 -0.0857303 -0.2212334 0.0649359 -0.0135620 0.0631880 0.0726538 0.2503386 0.6164219 -0.0311972 0.3389271 0.5517938 0.1557610 0.2349240 0.4855558 0.3784710 0.2701985 0.1830288 0.4110850 0.1728740 -0.0312493 0.2516151 0.1131197 0.0733908 0.2765771 0.0518955 0.0373852 0.1439657 -0.1643198 0.0440287 -0.0916730 0.0085720 -0.0471028 0.0978725 -0.0465671 -0.0658515 -0.2678243 0.0291784 -0.0253089 0.0228576 -0.2207042 -0.2015829 -0.0373748 -0.1664774 0.0511711 0.1985817 -0.1050656 -0.2167607 0.0956146 0.1424693 -0.0707963 0.0580948 0.1015617 0.0149990 -0.1272610 0.0783240 0.1995912 0.0261980 0.1506512 0.6662874 0.6994337 0.6957201 0.2336876 0.5587471 0.3678741 0.0669163 0.0043825 -0.1550226 -0.1050727 -0.1041800 0.3964050 0.2591921 0.4266046 0.5361441 0.2929544 0.0760204 0.6157210 0.0406087 0.2358090 0.3147408 0.3805841 0.2139117 0.4782594 0.2521914 0.1496360 0.6027717 0.5385414 0.5487797 0.4576602 0.5362489 0.6070572 0.4668775 0.7097735 0.6082277 0.6605965 0.3514051 0.4828211 0.5211007 0.7133921 0.7776354 0.4053078 0.5961787 0.7347338
0.1979847 0.8017875 0.6862652 0.8690479 0.5246054 0.5577649 0.5957745 0.0000000 0.2559176 0.2991024 0.5757695 0.4032609 0.8395554 0.2737898 0.2385668 0.6630189 0.5542923 0.1184761 0.6981540 0.2268940 0.3154275 0.4887144 0.7515690 -0.0514067 0.8661109 0.8536658 0.4487271 0.0927069 0.1503983 0.1641615 0.1903389 0.6816255 -0.0008611 0.0543493 0.6905060 0.2638839 0.6697630 0.7958979 0.4456446 0.2322855 0.6223162 0.3085968 0.6186328 0.0810668 0.1402960 0.7533823 0.6328602 0.6688110 0.2169785 0.6609060 0.6570975 0.4788831 0.2979098 0.6497465 0.7594773 0.7154388 0.7284621 0.4725567 0.2254429 0.6013836 0.4296735 0.6833765 0.6056065 0.8349269 0.4598320 0.6296001 0.5552068 0.5499367 0.7482111 0.6693201 0.6074470 0.7392992 0.5953330 0.8322109 0.6542872 0.6570603 0.6506048 0.4936271 0.6645154 0.5450198 0.5113396 0.1925165 0.2772250 0.2270352 0.2781644 0.3157966 0.2084786 0.3185074 0.1713793 0.2129909 0.0936170 0.0503584 0.1651914 0.1436744 0.1379086 0.2924229 0.1390307 0.2876127 0.0130947 0.2110402 0.1919582 0.2275038 0.1860530 0.2388310 0.1156684 0.3480392 0.2083519 0.3713885 0.0424148 0.0914351 0.0840872 -0.0131317 0.2799583 0.1454163 -0.0196906 0.2331345 -0.0016226 -0.0477134 0.1127248 0.1409522 0.1087732 0.0347497 0.2167303 0.4907466 0.0806654 0.2706009 0.6367512 0.3959267 0.2791185 0.6974501 0.5071706 0.3128283 0.3823539 0.5722212 0.2590053 0.1948067 0.5160757 0.1228975 0.2526320 0.3625706 0.3182954 0.2002028 0.3475303 0.0247574 0.1712352 -0.0228293 0.1561268 0.2795730 0.2380202 0.2635321 0.2256714 0.0849516 0.3306407 0.1664852 0.1909098 0.0120616 -0.0515418 0.2980601 -0.1147345 0.2229898 0.2916542 0.1356572 -0.2322620 0.0843283 0.3329055 0.0529621 -0.1590598 -0.0340659 -0.0289817 -0.0040473 0.0031878 0.0898595 0.1617981 0.5118135 0.4027573 0.2954757 0.3052634 0.0468368 0.2908941 0.1117360 -0.0785187 -0.0564727 0.1164277 -0.0408187 0.1435195 0.5227186 0.4448901 0.5116019 0.7909553 0.4488956 0.0405352 0.3835681 -0.2000002 0.0560992 0.3041505 0.0191870 -0.1761968 0.1795537 0.1072307 -0.1314233 0.4382807 0.2216364 0.3011651 0.2421916 0.6333344 0.5693851 0.1343674 0.4890021 0.4286579 0.2140269 0.0524097 0.1070866 0.6246291 0.4565848 0.4246403 0.4539878 0.5951647 0.5319722
-0.0887673 0.3191853 0.2119493 0.5705041 0.0350359 0.6480532 0.4289146 0.2559176 0.0000000 0.7677098 0.4069146 0.5132389 0.1165042 0.6562430 0.8726328 0.2586058 0.7129772 0.6729641 0.0218828 -0.0991473 0.4497154 0.0566088 0.2837604 0.7155136 0.0998703 0.1061973 0.6855197 0.5545585 0.7271222 0.5062022 -0.0039200 0.0061735 0.6181647 0.7617331 0.0987111 0.3483110 0.0287927 -0.0327418 0.2886923 0.5314402 0.0235079 0.7812284 0.1941103 0.4670864 0.7301918 0.0466348 0.0451229 0.0640251 0.6647755 0.0674584 0.0728976 0.0589001 0.6717280 0.0592626 -0.0192137 -0.0132720 -0.0761426 0.3371712 0.1983206 0.0530908 0.4426005 0.1738496 0.0414628 0.4311026 0.3069060 0.0410696 0.0686544 0.1341508 0.0578626 0.2331425 0.0245486 0.3695354 0.1485928 0.2576332 -0.0110813 0.1082535 0.1414187 0.1480264 0.1749045 0.0819078 0.0772862 0.3797385 0.5280948 0.4354909 -0.1463461 0.4386851 0.2846435 0.0446702 0.2096624 0.1908196 0.2411279 0.4647933 0.1628401 0.0172858 0.3854074 0.4851163 0.4647519 0.3081975 0.2602420 0.1220506 0.3347646 0.3438200 0.2836467 0.2187308 0.5038033 0.4670537 0.3665933 0.4046205 0.0789164 -0.0321001 0.1550576 0.2157769 0.1435537 -0.0080399 -0.1702659 -0.0119692 -0.0917350 -0.1566471 -0.0670697 0.1613091 0.0923606 0.1721141 0.4676430 0.2968985 0.3006930 0.1881427 0.2023713 0.4085627 0.2590964 0.3790645 0.3229631 0.4229229 0.1670734 0.6404657 0.3261004 0.2008087 0.3388473 0.2778299 0.1741875 0.5308688 0.2263997 0.3349563 0.2288023 0.2373502 0.2851870 0.1816966 0.2812538 0.2149684 0.2023903 0.3335985 0.5468346 0.3195311 0.4153959 0.2636672 0.3806939 0.2328029 0.3266577 0.1082427 0.0406355 0.4905094 0.4424596 0.4869642 -0.1131320 0.5755870 0.4889255 -0.0156527 0.1529319 0.0842999 0.2303631 0.4031307 0.2436698 0.3185952 0.0033206 0.0529962 0.0489495 -0.0729810 -0.0597619 0.0040078 -0.0350330 -0.1457346 -0.1946033 -0.1843938 0.2357274 0.1229072 0.2142323 0.3650724 0.0569797 0.0597710 0.1596450 0.2005805 0.3012660 0.0441472 0.1147873 0.0629931 0.1982085 0.1109565 0.0885124 -0.0800572 -0.0833084 0.2430958 0.1930579 0.4287528 0.2686667 0.2681695 0.2888703 0.1821255 0.5866810 0.2852897 0.3545439 0.3790691 0.3079436 0.1274161 0.3508606 0.3863077 0.3175620 0.3157790 0.7766652 0.7640572
-0.3433902 0.0672256 0.0338080 0.5827805 -0.0939489 0.7531357 0.3810323 0.2991024 0.7677098 0.0000000 0.6905478 0.3887830 0.1491649 0.7183483 0.7468150 0.4223388 0.8303488 0.6596197 -0.0063980 -0.0671087 0.2463631 0.2037545 0.5482721 0.8241100 0.1486266 0.2830893 0.6044189 0.5731918 0.4945036 0.3919488 0.1006816 0.1263839 0.7042806 0.8219666 0.3628892 0.2069943 0.2705218 0.0709765 0.3813782 0.4997375 0.0697392 0.5624665 0.3766012 0.4745302 0.6804439 0.1503417 0.2337790 0.1054233 0.7683765 0.0934965 0.3091003 0.3564734 0.6967882 0.3371994 0.1972090 0.1164266 0.0607827 0.5641013 0.0141224 0.3041230 0.1885365 0.3907785 0.1479195 0.5687044 0.1680623 0.0512200 0.2782266 0.4376208 0.1578590 0.5140137 0.1201673 0.5478376 0.4657774 0.4129502 0.2580055 0.4255031 0.4750708 0.3217926 0.4109023 0.2581599 0.2768117 0.2779149 0.5314569 0.3331211 -0.0979744 0.3869872 0.4386534 0.0058713 0.1164619 0.1313912 0.1409792 0.3126067 -0.0062732 -0.0296731 0.4501719 0.4606388 0.1698739 0.1043654 0.3611678 0.1227819 0.3157075 0.2359702 0.4174874 0.2447074 0.1639666 0.4627342 0.2063701 0.4386831 -0.0896654 0.0936651 0.2071829 -0.1347190 0.0427229 -0.0791199 -0.1495884 -0.1199758 -0.1609308 -0.1196731 -0.2188257 0.1458370 0.0292238 0.0994390 0.3536431 0.4053070 0.1576819 -0.1286672 0.2215813 0.3337486 -0.0005258 0.4043907 0.2276241 0.4113090 -0.0493591 0.4302825 0.1503564 0.0495355 0.1417282 0.0345119 -0.0519679 0.2738054 0.1627586 -0.0436103 -0.0378338 -0.0859547 -0.0109703 0.0187668 -0.0358572 -0.1155810 0.0846484 -0.0322814 0.1935022 0.0740589 0.0530813 0.0896814 0.1311077 -0.0798593 -0.1280753 -0.1347848 -0.2398441 0.0486187 0.1889919 0.0580665 -0.0621699 0.1189054 0.2001277 -0.0565755 0.0389479 -0.0492882 -0.0739121 -0.0427475 0.0872332 0.0088243 -0.2457799 -0.2525844 -0.2037385 -0.0768803 -0.0085820 -0.0014436 -0.0623077 -0.0368776 -0.1286035 -0.1824477 -0.0301704 -0.1266556 -0.1163473 0.1126623 0.1270393 0.0931760 0.4677429 0.5036867 0.3017269 0.3013869 0.0068335 -0.1724095 -0.1471044 -0.1317003 -0.0835843 0.1745761 -0.0613870 0.0223745 0.1503378 0.2425586 0.2028966 0.2026541 0.1881338 0.3142776 0.2903460 0.2811739 0.3338783 0.1715127 0.1068337 0.0796362 0.2372332 0.2306738 0.3771729 0.2236389 0.5713756 0.5657858
-0.2307979 0.1365266 0.0061660 0.7534925 -0.2010174 0.8198969 0.2975549 0.5757695 0.4069146 0.6905478 0.0000000 0.3422204 0.3023750 0.1793170 0.5601614 0.8621533 0.7409676 0.0289401 0.5930127 -0.0156436 0.2854579 0.5755694 0.8826423 0.2909885 0.5333658 0.6281779 0.3470140 -0.0347597 0.4370540 -0.1025594 -0.0467252 0.2919115 0.1804889 0.4358755 0.5186354 0.2558345 0.5654647 0.4063152 0.2350172 0.1295562 0.1838151 0.4876365 0.4247946 0.1207707 0.5399675 0.5288632 0.3915471 0.1840760 0.4422972 0.2797178 0.4154915 0.4717441 0.5511951 0.7221028 0.4356275 0.3337008 0.4158982 0.7604913 0.0326865 0.5567989 0.2694602 0.7320960 0.0974310 0.7259137 0.2003615 0.2104937 0.6035601 0.7404114 0.3162434 0.7892455 0.4751510 0.8150900 0.6717256 0.5501223 0.5219242 0.6469365 0.6207655 0.3082521 0.4328281 0.1877376 0.1153201 -0.0886576 0.3942187 0.4049598 0.2606448 0.4055376 0.5471008 0.3620578 0.2289887 0.3862042 0.1875346 0.0879329 0.0066099 0.3102761 0.4398146 0.3350635 -0.0193662 0.1406255 0.3034907 0.2506907 0.4388208 0.2340896 0.3830900 0.4112321 -0.0702449 0.4727115 0.2965410 0.5807945 -0.1039580 0.4641593 0.2232378 -0.1022196 0.2604429 0.2676959 0.2957927 0.1723866 0.1276114 0.2167281 0.0183826 0.3248336 0.2306709 0.2570192 0.3509356 0.4290652 0.2317847 -0.0401047 0.4928313 0.3920585 -0.0027983 0.6196535 0.3848166 0.4623890 0.0107833 0.3788008 0.2132819 0.0424690 0.2380929 0.0383428 -0.0487204 0.3382991 0.3070206 -0.0913218 0.1130890 -0.1404627 -0.0856751 -0.1812901 -0.1006242 -0.1029084 0.1753653 -0.0330761 0.1175131 0.1117813 -0.0042865 0.1460938 0.1425100 -0.2500174 -0.0979640 0.0467294 -0.0757370 0.0483170 0.1442334 0.0475525 -0.2700651 0.0334325 0.2527812 0.1351840 -0.0507333 0.0392858 0.0165537 0.0088736 0.1729009 0.0646173 -0.1765580 0.0379732 -0.2771024 -0.1367118 -0.0400944 0.0416919 -0.0496710 -0.0174050 -0.0546874 -0.2310484 -0.0416775 -0.2340886 -0.1559394 0.0730913 0.0775980 0.0546433 0.6592670 0.7231950 0.2298024 0.2774728 -0.1464452 -0.2250414 -0.1024512 -0.2245476 -0.0513212 0.1178299 -0.1735659 0.0054824 -0.0721454 -0.1292633 -0.1070389 -0.1620486 0.0938875 0.1444242 -0.0769076 0.0119741 -0.1051742 -0.1156463 -0.2712755 -0.0475884 0.0946863 0.1414578 0.2344216 -0.0703645 0.3723967 0.2989094
0.2904997 0.5894378 0.3560887 0.4707911 0.3057124 0.5390179 0.7147906 0.4032609 0.5132389 0.3887830 0.3422204 0.0000000 0.2304169 0.2344931 0.4961539 0.2076445 0.5302401 0.1870220 0.1455215 -0.2257261 0.7851243 -0.0527915 0.2370113 0.2883627 0.3157866 0.2697545 0.5348839 0.2680703 0.1978757 0.1598948 -0.2270941 0.1915907 0.3892877 0.4036854 0.2250852 0.3502602 0.2395388 0.2909977 0.0682756 0.2905319 0.0869495 0.2838261 0.1240723 0.1584549 0.4139110 0.2127397 0.2205435 0.1869876 0.5191307 0.3607526 0.2344312 0.1810141 0.7169327 0.2782011 0.2486841 0.0001952 0.0861189 0.2153054 0.0626749 0.2216035 0.2840286 0.1557112 -0.1330032 0.5374473 0.7890517 -0.0470518 0.1139199 0.0993742 0.0155602 0.3369904 -0.1326658 0.5532547 0.2334449 0.5460874 0.0051193 0.3625635 0.4760338 -0.1159521 0.2196521 0.4169213 0.0025145 0.2588661 0.2294417 0.0047081 -0.1677402 0.0155002 0.0034388 -0.0045627 0.0110664 0.1678906 0.0917105 0.0217304 -0.2122930 -0.1731943 0.2741385 0.2063964 -0.0837567 -0.0599608 0.1537636 0.0132008 0.1622534 -0.1255950 -0.1016148 0.0692678 -0.0499392 0.2519170 0.1178799 0.1787668 -0.2292740 -0.1594204 0.0283237 0.2771403 0.4020271 -0.0014793 -0.1229301 0.0958662 -0.1536194 -0.1987808 -0.0574160 -0.0158576 -0.0580445 -0.0387080 0.0867549 0.6035672 -0.1438188 0.4075224 0.3961182 -0.1585505 0.0430975 0.3338594 0.0791242 -0.1252749 0.0397968 0.2647414 -0.1019194 -0.3462606 -0.0171791 -0.1669136 -0.2563235 0.4818280 -0.1595049 -0.0431733 -0.0817371 -0.2898396 -0.1858160 -0.3875479 -0.2486040 -0.2138255 0.0351956 -0.1716167 -0.0796187 -0.3629752 -0.1572784 -0.2100779 0.0910917 -0.3514996 -0.1475983 -0.2840693 -0.1025844 0.1651403 0.1308800 -0.0623941 -0.3562293 0.1713552 -0.0191110 -0.0767955 0.1176314 0.0974232 0.1563992 -0.0234460 0.2303409 0.3155768 0.3518476 0.0318068 0.4697402 0.5459219 0.5889052 -0.0366440 0.6030220 0.1107778 -0.2341597 -0.0575952 -0.0417999 -0.0425837 0.0342046 0.4132824 0.0559316 0.2139253 0.3761238 0.4148263 0.3121296 0.6963847 -0.2899943 0.4858989 0.4857381 0.6070394 0.6291270 0.5866705 -0.1718548 0.3735052 0.0727394 0.2510442 0.2690356 0.1489987 0.0776171 0.0269438 0.1554251 0.1701724 0.1694222 0.4567748 0.1176906 0.5866419 0.1919904 0.6507760 0.7608010 0.0562703 0.3294462 0.4109329
0.1658886 0.7245169 0.8789389 0.5885957 0.6872970 0.3891335 0.5781574 0.8395554 0.1165042 0.1491649 0.3023750 0.2304169 0.0000000 0.2455886 0.1095570 0.4005772 0.3990991 0.0888588 0.5273258 0.3860208 0.1246863 0.3159114 0.5048270 -0.1963097 0.7803602 0.7734670 0.5544766 0.0864650 0.0573639 0.3278595 0.2705008 0.8431845 -0.1167526 -0.1554457 0.5693265 0.0087686 0.6304079 0.8633243 0.5148999 0.3727157 0.8669141 0.0518657 0.5592895 -0.0296014 -0.1483266 0.7334181 0.6290398 0.8271904 0.0040045 0.7214870 0.5551758 0.4840549 0.0023830 0.4144679 0.8022674 0.7679019 0.7714455 0.2311345 0.3529538 0.4978920 0.3559824 0.4409383 0.8485388 0.6225393 0.3130836 0.8542575 0.3376011 0.2690357 0.8463381 0.3671946 0.6738019 0.4030703 0.4497087 0.7789411 0.7426885 0.4500560 0.4504028 0.5346226 0.6654875 0.6849792 0.6992984 0.1143070 0.1329274 0.0483668 0.1270117 0.1803491 0.0623025 0.0652696 0.0857846 0.0447269 0.1876107 0.2312411 0.2381949 -0.0414128 0.0693861 0.2690393 0.3473040 0.3130917 -0.0863079 0.0122627 0.0441932 0.1966322 0.0211319 0.0283635 0.2908577 0.2681188 0.1236148 0.1692179 0.2161829 -0.0828615 0.0996883 -0.0786030 0.1787901 0.1297696 -0.1133310 0.2197493 0.0102618 -0.0829649 0.1745267 0.1288238 0.1082602 -0.0380809 -0.0070124 0.2929439 0.0907430 0.3006751 0.4497253 0.2573062 0.4468782 0.4449432 0.5773799 0.1463059 0.4850586 0.3052308 0.3206861 0.1506882 0.5309896 0.3424436 0.5035514 0.1077608 0.3413487 0.3143054 0.4853176 -0.0603008 0.3336691 -0.1057136 0.3600348 0.3769400 0.3715333 0.2890857 0.0615430 -0.0225315 0.4128504 0.2878437 0.0561757 0.0377422 -0.1754607 0.3752874 -0.0827746 -0.0243326 0.2795206 0.0931086 -0.1866404 -0.1208790 0.3863209 0.1131390 0.0371228 0.1134798 -0.0846257 -0.0853915 0.0846182 0.1023886 -0.0750745 0.3667517 0.3881967 0.2581107 0.2689072 -0.0372005 0.2139705 0.1977917 0.0071117 -0.0051722 0.1639962 -0.0928058 0.2513829 0.5794960 0.7505554 0.8184380 0.6729090 0.0433728 -0.1188261 0.2146274 -0.1611989 -0.0757137 0.2803039 -0.0037260 -0.2828952 0.2423131 0.2878140 -0.1384344 0.5624577 0.2581461 0.2863500 0.2363827 0.7914608 0.7370048 0.3379606 0.6854366 0.5891683 0.2073265 0.0172208 -0.0743545 0.8367656 0.3515321 0.4920452 0.6594136 0.4694725 0.4820917
0.0637377 0.2638707 0.2729104 0.3505029 0.3147479 0.2809609 0.4053351 0.2737898 0.6562430 0.7183483 0.1793170 0.2344931 0.2455886 0.0000000 0.3485089 0.0398962 0.6894520 0.9267513 -0.2442418 -0.2167112 -0.0241375 -0.1245483 0.2330433 0.7470447 0.0625200 0.1830286 0.6202588 0.9026021 0.1780182 0.7549603 0.1132114 0.2725528 0.7922416 0.6436816 0.4470840 -0.0468944 0.2498305 0.1049123 0.5669638 0.6434023 0.2805341 0.3099161 0.4746394 0.6718253 0.3240500 0.1344605 0.3647630 0.4041356 0.7076134 0.1026360 0.4533129 0.2767267 0.3676651 0.0255120 0.1797465 0.2698111 0.1259325 0.1873962 -0.1334807 0.2916543 -0.0371014 0.1694733 0.3496170 0.3311450 0.0472061 0.2229839 0.2319238 0.1300478 0.2162552 0.2074317 0.0334723 0.1434311 0.3162569 0.2472206 0.0980914 0.2226621 0.2344401 0.2489704 0.3819329 0.4426612 0.3951526 0.6171521 0.5790045 0.3308191 -0.0376045 0.4225397 0.1890396 0.0402356 0.2142132 0.1217374 0.2412116 0.5075133 0.2958456 -0.0014512 0.4579335 0.6266244 0.3685769 0.3280483 0.4332677 0.2650815 0.2987849 0.3999702 0.4610795 0.2371647 0.3821134 0.5460196 0.2103417 0.3862268 0.0951051 -0.1207772 0.3061503 -0.0888392 -0.0714012 -0.1522819 -0.3567923 -0.1511952 -0.1243054 -0.2103858 -0.1211501 0.1155884 0.0735305 0.0870504 0.4092935 0.3856962 0.1803755 -0.1066497 0.1926120 0.3094986 0.0565564 0.2958926 0.2236710 0.3786418 0.1713399 0.4396636 0.1547864 0.1475886 0.2337490 0.0239687 0.1232394 0.0636838 0.0925637 0.0519442 0.0541351 0.0306434 0.0992973 0.2674853 0.1396068 0.1062153 0.0561383 0.0863601 0.1666656 0.0733182 0.2351765 0.0685858 0.1823787 0.2681225 -0.0108102 -0.0670721 -0.1366432 0.0382821 0.3781819 0.1197644 0.2338611 0.0850469 0.2191741 -0.0142924 0.0097927 -0.1141802 -0.0350281 -0.0282612 -0.0180866 0.0386183 -0.0513406 -0.0006983 0.2207056 0.2316653 0.2343774 0.2144899 0.0816539 -0.0866099 -0.0552512 -0.1601550 -0.1198104 -0.0637038 -0.0729081 0.1674734 0.1501081 0.1975405 0.2552456 0.1583571 0.0883709 0.2520650 0.3027755 -0.0173955 -0.0214508 -0.0925120 -0.3338086 0.1762248 0.3865023 -0.2862791 0.6141426 0.6522865 0.5606207 0.6291990 0.4373927 0.5235397 0.4412260 0.5974069 0.7004621 0.5751953 0.4721433 0.3464969 0.3864456 0.3753256 0.3470712 0.4263619 0.5818289 0.6882085
-0.3464098 0.1795166 0.0933035 0.6015307 -0.2299205 0.8058700 0.2982597 0.2385668 0.8726328 0.7468150 0.5601614 0.4961539 0.1095570 0.3485089 0.0000000 0.3730976 0.5998633 0.4080759 0.1638014 0.1468088 0.5988912 0.3387028 0.3621896 0.5919579 0.1642899 0.1646356 0.5817069 0.2604623 0.7905500 0.2458262 0.1506319 -0.0572908 0.4240528 0.6814953 0.0165879 0.5144143 0.0149341 0.0124138 0.1328735 0.3937994 -0.0813371 0.7447953 0.0936938 0.2591393 0.7048167 0.0697333 -0.0503584 -0.1276335 0.5497856 0.1346425 -0.0472959 0.0823145 0.6926940 0.1437492 0.0714065 -0.0731253 -0.0722588 0.4494518 0.4607584 0.0315948 0.6042631 0.2134191 0.0117626 0.5027471 0.3515189 -0.0386782 0.0405496 0.2102191 0.0992082 0.3092423 0.0879949 0.5135450 0.1897141 0.3715216 0.1589889 0.1741652 0.2392958 0.2378993 0.2093697 -0.0166222 0.1154547 0.0602573 0.3125442 0.1952553 -0.2894123 0.1769463 0.2520727 -0.1063060 -0.0770673 -0.0343151 -0.0128907 0.1835222 -0.1555874 -0.1056116 0.1615993 0.1619954 0.2271401 0.0101954 0.0334276 -0.1450486 0.1200626 0.0571008 0.0742205 0.0725505 0.2482576 0.2033721 0.1397149 0.1853788 -0.1422341 -0.0583269 -0.1283927 0.0228343 0.0465524 -0.0755070 -0.1166975 -0.1157149 -0.1387522 -0.1373282 -0.2184079 0.0442675 -0.0207851 0.0705257 0.1762049 0.1362308 0.1130938 0.0712740 0.0671558 0.2360607 0.1152559 0.2606398 0.1778869 0.2303047 -0.0518975 0.4936596 0.2021601 0.0255081 0.1640814 0.1820024 0.0335500 0.4886312 0.1422075 0.2259635 0.1388424 0.1119598 0.1537372 -0.0777071 0.1548209 0.0737440 0.1168553 0.2442923 0.4924554 0.2759512 0.3129836 0.1635652 0.2753075 0.0437432 0.1634386 0.0747469 -0.1420874 0.4390020 0.1628403 0.3618171 -0.3371001 0.5286198 0.3578339 -0.1405311 0.0497693 -0.0131473 0.0587705 0.2757586 0.1505376 0.1397956 -0.0751244 -0.0716308 -0.1833409 -0.3133087 -0.2732826 -0.2221702 -0.1102722 -0.0075185 -0.2259040 -0.0753465 0.4289213 0.1255425 0.2988622 0.3825823 0.2182575 0.1103973 0.3057427 0.2910707 0.2765334 0.0167594 -0.1650229 -0.1026575 0.0457397 0.0434319 0.1492887 -0.0808898 -0.3507619 0.3331315 -0.1250681 0.0820200 -0.0287559 -0.1140559 0.1026672 0.0718753 0.3759099 0.0583674 0.1259518 0.0071340 -0.0272546 -0.1473119 0.2581440 0.1669796 0.3131211 0.2706480 0.6295248 0.5198467
-0.0355747 0.2885310 0.1090677 0.7237870 -0.0691558 0.5995750 0.3059508 0.6630189 0.2586058 0.4223388 0.8621533 0.2076445 0.4005772 0.0398962 0.3730976 0.0000000 0.5780287 -0.1583998 0.8501287 0.1947356 0.1587944 0.6027793 0.9341473 -0.0292734 0.7179279 0.7765845 0.3240371 -0.1650223 0.3701367 -0.1224126 0.0765233 0.4214751 -0.0932081 0.0601224 0.5971702 0.2604917 0.6463162 0.5228375 0.2994442 -0.0086200 0.3209224 0.5111651 0.5388352 0.1007582 0.2707327 0.7120868 0.5178977 0.2782044 0.2178920 0.4349899 0.4971215 0.4291099 0.2603672 0.7104463 0.5316939 0.5716518 0.6052434 0.6600788 0.1516854 0.5715282 0.4010508 0.7136137 0.2314409 0.6752893 0.0902820 0.4272328 0.6574627 0.7075041 0.4676138 0.7082868 0.6497898 0.7179598 0.6360810 0.4897055 0.5659411 0.5654929 0.4789567 0.3172947 0.4158999 0.2266756 0.1418215 -0.1232658 0.2403598 0.5208352 0.4841740 0.4866170 0.5562769 0.6118899 0.4336804 0.4913472 0.2207254 0.0924091 0.1871687 0.5058695 0.3607575 0.3558141 0.0981466 0.3086008 0.3212052 0.4614136 0.5796897 0.3782731 0.3799203 0.6058377 0.0605361 0.5022301 0.4951410 0.6240619 0.1164456 0.6212907 0.2912591 0.1052603 0.4471194 0.5470399 0.5134395 0.4205742 0.3915520 0.4296119 0.3136485 0.4796864 0.4321475 0.4466348 0.3632229 0.4186602 0.4099014 0.0786211 0.7116201 0.5363821 0.1139435 0.7719894 0.5957827 0.6221172 0.2324819 0.5364871 0.4849607 0.2903423 0.4752807 0.1964003 0.1409580 0.4480246 0.4931963 0.1126473 0.3883484 0.1867097 0.1435795 -0.0141128 0.1432132 0.1668141 0.1892857 0.2233187 0.2980477 0.3945347 0.2458515 0.2687672 0.4180378 0.0621482 0.1023437 0.4017829 -0.0729416 0.2244539 0.2330840 0.2194066 -0.1727795 0.1859007 0.3713282 0.3334346 -0.1719545 -0.0897935 -0.0969360 0.0992444 0.0799563 -0.0581737 -0.1549403 0.3646908 -0.0670541 -0.0475347 0.0139546 0.1919628 0.0389596 0.1027246 0.0829938 -0.0241131 0.1879416 0.0567347 0.0624054 0.1082374 0.1253437 0.0778852 0.5644965 0.5034076 0.2647047 0.1550182 -0.0079512 -0.0924477 -0.0234696 -0.1749253 -0.1033269 -0.0331726 0.0277038 0.0428344 0.1152660 -0.0325048 -0.0030477 -0.0875649 0.2676756 0.2317258 0.0185888 0.1482196 -0.0670483 0.0053488 -0.1038774 -0.0500850 0.1740211 0.2028124 0.1302316 0.0947451 0.3903535 0.3188163
0.0744708 0.3645224 0.2823928 0.6985763 0.1568908 0.6859822 0.5807175 0.5542923 0.7129772 0.8303488 0.7409676 0.5302401 0.3990991 0.6894520 0.5998633 0.5780287 0.0000000 0.5075043 0.2926267 -0.2854331 0.2725273 0.2143527 0.6981119 0.5486372 0.4515361 0.5439370 0.7483328 0.5058624 0.4450829 0.4578987 -0.1708920 0.4623727 0.5850677 0.6457045 0.6202046 0.1112536 0.5862949 0.4183235 0.5423032 0.5184101 0.3975567 0.5152621 0.5817993 0.4568889 0.5764940 0.5109861 0.5629573 0.4787538 0.7452100 0.3075763 0.5841951 0.4631829 0.6519541 0.4481752 0.4011852 0.4069809 0.4075042 0.5613754 -0.0798804 0.6170417 0.1841742 0.5332554 0.2109654 0.7209528 0.2980538 0.3399411 0.5696317 0.4557139 0.2958417 0.6088990 0.3287059 0.6222025 0.6275513 0.5729405 0.3392362 0.5491818 0.5399258 0.1757675 0.4617921 0.5129550 0.1952160 0.3025858 0.6070211 0.5039250 0.1549537 0.5039263 0.3436201 0.3226920 0.3350332 0.4300530 0.4200065 0.4494569 0.2537108 0.2283739 0.6386540 0.6601686 0.3064710 0.3954192 0.4711775 0.3599733 0.5260142 0.3967766 0.4079517 0.4424698 0.2931012 0.7363392 0.3753881 0.6664446 0.0659685 0.2198351 0.4352824 -0.0017641 0.2058515 0.1814285 -0.0021403 0.0716719 0.0590081 0.0235838 -0.0017156 0.3299556 0.2615725 0.2721148 0.4433862 0.5534517 0.3401940 0.0598803 0.4920821 0.3672452 0.1374466 0.6115038 0.4848554 0.4883898 0.1933997 0.5160174 0.2495264 0.0045770 0.3750194 0.1337898 0.1267786 0.2868880 0.2108857 0.0618271 0.1707540 -0.1478036 0.0611771 -0.1181660 0.1068034 0.0587683 0.1712828 0.0728729 0.1121912 0.0409918 0.1766253 0.1033305 0.2403456 -0.0794452 -0.0439131 -0.0109070 -0.0493180 0.0580221 0.4260858 0.1733664 -0.2282588 0.1118281 0.3679540 0.0803399 -0.0075689 0.0477671 0.1557327 0.0978365 0.1820681 0.2371797 -0.1032258 0.1100264 0.0807485 0.1706056 0.2652375 0.2489517 0.1911929 0.0022517 -0.0364921 -0.2629325 -0.1461981 -0.2215347 -0.1257905 0.2741263 0.1688611 0.2716771 0.5566305 0.5039490 0.1254957 0.4063109 0.1711457 -0.1219974 0.0558201 -0.1271017 -0.0931353 0.3308818 0.1974516 -0.0971981 0.3602513 0.2990947 0.2180191 0.2078546 0.3628859 0.3781460 0.2808544 0.4462032 0.3098611 0.3733448 0.0536275 0.2941387 0.3495337 0.4759064 0.5058667 0.1890493 0.6131586 0.6914130
-0.1149522 0.1822387 0.1654659 0.2723831 0.2123998 0.2343720 0.3024282 0.1184761 0.6729641 0.6596197 0.0289401 0.1870220 0.0888588 0.9267513 0.4080759 -0.1583998 0.5075043 0.0000000 -0.4291046 -0.1652020 0.0269923 -0.0672683 0.0491409 0.8393516 -0.1145985 -0.0525004 0.5155650 0.9284939 0.1690672 0.7580200 0.2533036 0.0751997 0.8476813 0.7326687 0.2275258 0.0152164 0.0342097 -0.0750872 0.4135208 0.6644043 0.0925417 0.3251299 0.2530259 0.7013985 0.3648346 -0.0865890 0.1510801 0.1937673 0.7046262 0.0180237 0.2548738 0.1362482 0.3945765 -0.0582782 0.0165108 0.0558068 -0.0768316 0.1990561 -0.0208999 0.1162146 0.0395898 0.0755804 0.2309376 0.2126188 0.0894496 0.0005234 0.0859779 0.0792398 0.1224533 0.1230276 -0.0767547 0.0670569 0.2107726 0.1570006 0.0027020 0.1468001 0.1684564 0.3360111 0.3592171 0.2170067 0.3937616 0.7138543 0.5782213 0.1679936 -0.3014457 0.3079040 0.1504955 -0.2133767 -0.0109652 -0.1214074 0.0990554 0.4121386 0.1992439 -0.2353421 0.2900169 0.4338398 0.2809519 0.2166201 0.2852167 -0.0242531 0.0544030 0.2920552 0.4250133 0.0050494 0.3008771 0.3179444 0.0367784 0.2312255 -0.0255537 -0.3492582 0.0899270 -0.1242103 -0.2431297 -0.3958133 -0.5580384 -0.3842456 -0.3344718 -0.4206557 -0.3557795 -0.1571276 -0.1719519 -0.0979030 0.3339920 0.2184473 -0.0343673 -0.1500480 -0.0559710 0.2115872 -0.0319577 0.1041177 -0.0099117 0.2428289 0.0034156 0.3883445 -0.0225221 0.1118929 0.0713165 -0.0666822 0.0016953 0.0583564 -0.0745015 0.0247889 -0.0962949 0.0752260 0.0473241 0.3423485 0.0636841 0.0266042 -0.0874525 0.0558178 0.2462521 0.0836255 0.2069313 -0.0077374 0.0423684 0.2584991 0.0357367 -0.1428907 -0.2097792 0.1776805 0.2105455 0.0900398 0.2242726 0.2246644 0.1013404 -0.1972049 -0.0075945 -0.1807800 -0.0859929 -0.0351804 -0.1066005 -0.0268515 0.0386301 -0.1036432 0.1960362 0.0976735 0.0498096 -0.0199096 -0.0793464 -0.1757462 -0.2489243 -0.2446138 -0.0360234 -0.0774425 0.0006057 0.2310891 0.1348385 0.1269999 0.1632872 0.1348678 0.0947268 0.1405156 0.1723056 0.0081542 -0.0407167 -0.0130769 -0.3039222 0.0717431 0.1499232 -0.2128907 0.4892512 0.6507415 0.5562984 0.5961807 0.2960056 0.4450512 0.4740417 0.4586016 0.6720844 0.4738587 0.5149535 0.2396293 0.2974011 0.2276649 0.3097054 0.3961380 0.5603468 0.6215162
