0.0000000 0.3363775 0.5588214 0.3447338 0.7983943 0.7096544 0.1037915 0.3518870 0.6111870 0.7702732 0.6355827 0.3237728 0.4721648 0.2857131 0.1063780 0.5976695 0.4605739 -0.3395140 -0.2539831 0.6259407 -0.5102578 0.5983841 0.6691771 0.1953688 0.3282389 0.3868426 0.3704781 -0.4159481 -0.3610141 -0.3149284 0.5566857 0.7470663 -0.2962165 0.1576371 0.4621202 -0.0514011 0.6693098 0.4474559 0.2844003 -0.4835554 0.4303044 0.0230626 0.4564018 -0.3656893 -0.0808797 0.6328211 0.4571068 0.6240855 -0.0294741 0.5953897 0.3783873 0.1635943 0.4994922 0.0814693 0.7561887 0.7487786 0.6746480 0.3083613 0.6308605 0.4105085 0.5886558 0.4204465 0.8833188 0.6931706 0.5207607 0.6123903 0.7105652 0.0785542 0.6749594 0.6165907 0.7466320 0.7505165 0.7563234 0.7756602 0.5790710 0.5808238 0.8117641 0.8563987 0.8812330 0.6935317 0.8538473 -0.3328505 -0.0334380 0.0232237 0.2948993 -0.2028360 -0.2679669 0.2465538 -0.0304364 -0.3230801 -0.0818452 0.1857538 -0.3105685 -0.1429339 -0.2675380 -0.0003966 0.3081948 -0.2715702 -0.5463753 -0.6280658 -0.5032683 -0.3751214 -0.2155335 -0.2425794 -0.3183591 -0.5090171 -0.2609627 -0.2235456 -0.4355656 -0.4942019 -0.2935608 -0.7429859 -0.1101947 -0.2352846 -0.4778262 -0.0955050 -0.1795726 -0.3900231 -0.1444593 -0.2113899 -0.0906774 0.0659218 0.0539785 -0.1207739 -0.0978072 0.0754315 0.0939101 -0.1821904 -0.0417302 0.3660135 0.1742596 -0.0309511 0.4018013 0.7756815 -0.4127018 0.0298580 0.3154184 -0.1177859 -0.1412967 -0.3569953 -0.1151223 -0.3249189 0.5496779 -0.2325537 -0.1552730 0.0647955 -0.1784859 0.2608221 0.4674375 0.2554742 -0.3308921 -0.1489945 -0.2191401 0.0712323 0.1012371 0.1224864 0.5107021 -0.2475191 0.6793835 -0.0685871 0.3406335 0.0817573 0.0563750 0.2832968 0.0525025 -0.0182647 -0.2758069 0.2976090 0.1715605 0.2891862 0.0841558 0.1971501 0.6922742 0.5758755 0.0928866 0.7008398 0.6184448 0.6741972 0.2528087 0.5630669 0.5562930 0.6151445 0.6883810 0.7286850 0.6391356 0.1644382 0.4967747 0.3792898 0.7663456 0.7788552 0.0358783 0.6590568 0.7237208 0.2751530 0.2697410 -0.2275266 0.6525647 0.7185979 0.7445065 -0.0431311 0.3253590 -0.2000250 0.3373128 0.5648549 0.3093321 0.8811348 -0.1962110 0.2230546 0.3675771 0.6356161 -0.2757751 0.3348201 0.3982457 0.8343382 0.6314585 0.5343293 -0.0968812 -0.3749114
0.3363775 0.0000000 0.6629700 0.5509808 0.5077574 0.7667000 0.2477829 0.6517647 0.6979323 0.7111588 0.2069344 0.7673660 0.5744719 0.7640226 0.7123932 0.2725308 0.9407741 0.0726991 0.1193551 0.1377993 0.3147402 0.4683536 0.4662637 0.5724955 0.3996536 0.3479002 0.6725334 0.0051846 0.3791869 0.0870990 0.1574114 0.3869862 0.1867762 0.7414287 0.1583799 0.5538597 0.4126972 0.2908746 0.4045627 -0.0071045 0.2425501 0.4042874 0.2673195 -0.0393180 0.4582811 0.2302453 0.3565913 -0.1029132 0.5526723 0.1013150 0.2348288 0.2202743 0.8252084 0.3876863 0.2430481 0.1963261 0.3431800 0.3284320 0.2769975 0.2642705 0.8369129 0.3866068 0.1720128 0.4755791 0.7897503 0.0665133 0.2888896 0.1260658 0.0762413 0.3234374 0.1297220 0.5909463 0.4057578 0.5923644 0.1120509 0.2760397 0.5148175 0.2849071 0.3879147 0.4308319 0.4989541 0.0314284 -0.1337360 0.0139067 0.2360290 0.1204543 0.0016106 0.2062020 0.1037937 0.1021831 0.2809199 0.5398038 0.4356160 0.0884291 0.0905781 0.2469712 0.5407838 0.4401746 -0.1745029 -0.0324915 0.0342199 0.1816175 0.2446673 -0.1640544 0.1331297 0.0266634 0.2632964 0.4895141 -0.0900163 0.0096317 -0.0307850 -0.0650575 0.3910716 0.3549561 0.1657446 0.2897006 0.3860249 0.2694612 0.4738013 0.3650925 0.6239260 0.5646870 0.6840995 0.5001984 0.4121000 0.1216292 0.6504408 0.4726853 0.2170537 0.7240323 0.7350239 0.5667266 0.7265237 0.3228121 0.1820905 0.3800935 0.7651753 0.1086990 0.5383077 -0.0338339 0.3856372 -0.0367609 0.7367144 -0.1185381 0.5636243 0.1845643 0.3646224 0.6012699 0.8387563 0.3844891 0.1400139 0.0898503 0.3628822 0.4219298 0.4944847 0.0471836 0.6896584 0.4070126 0.7947459 0.3925639 0.4180768 0.3538732 0.1157160 0.7269148 0.5063518 0.2647992 0.4827340 0.6869451 0.7057304 0.6214319 0.5145345 0.6348631 0.2746675 0.5723968 0.7339866 0.7616209 0.7628585 0.5381869 0.6650502 0.6976530 0.2503190 0.4183059 0.3397508 0.2857441 0.0587684 0.3370120 0.1710293 0.1242610 0.4790479 0.4961696 0.1025950 0.3482918 0.3139057 0.3504729 0.2435749 0.1914072 0.2438503 0.4831358 0.4027602 -0.0993131 0.0149768 -0.3771963 -0.0061981 0.1371239 -0.0511652 0.5225913 -0.0593310 -0.0840022 0.1689881 0.3990249 -0.1652547 -0.1367770 -0.1681138 0.0602459 0.4061822 -0.1123467 0.2151057 -0.0114764
0.5588214 0.6629700 0.0000000 0.3491875 0.8735359 0.7411562 0.1958894 0.6399821 0.6821631 0.7083958 0.4080247 0.6346588 0.8441894 0.5341727 0.5107414 0.3516067 0.7803284 -0.0286998 -0.0619625 0.6350063 -0.1016931 0.6013495 0.4261364 0.5026499 0.2311595 0.3790657 0.5379141 -0.1639490 -0.0921617 -0.1629704 0.6863943 0.5534783 0.1203970 0.5917432 0.0452254 0.2287581 0.3526056 0.4169060 -0.1303594 -0.3085122 0.6062156 0.4437703 0.0441202 -0.2127225 0.4967428 0.3901670 0.1782768 0.3559558 0.4697729 0.4145791 0.0654592 -0.2046442 0.7395863 0.0229376 0.7109107 0.4835705 0.4865687 0.2377550 0.7381425 0.1228476 0.9432578 0.2135336 0.6294376 0.7085994 0.9200060 0.3156158 0.5082278 0.4293321 0.3803846 0.5615509 0.2675741 0.6784654 0.7542435 0.7836311 0.2822020 0.6686128 0.7494307 0.5621194 0.6734195 0.6078829 0.7390025 -0.2580510 -0.2457503 -0.0761834 -0.0353647 -0.4233865 -0.3578094 -0.0933439 -0.4518828 -0.2510757 -0.3265440 -0.0416049 -0.1229208 -0.4374253 -0.5018461 -0.3144845 0.0462183 -0.0538375 -0.6316868 -0.4167054 -0.3616227 -0.3516450 -0.2530751 -0.4803713 -0.2770252 -0.5296840 -0.3721178 -0.1182442 -0.3922268 -0.5575435 -0.3109674 -0.4758399 -0.1245581 -0.2153819 -0.3916685 -0.3167521 -0.2783855 -0.3411193 -0.1971358 0.0394470 0.0164278 -0.0023388 0.3466361 -0.1663296 -0.0271690 0.0888102 0.0995463 0.1003941 0.2623369 0.2875049 0.2474842 0.2765819 0.4788008 0.3297954 -0.1019637 -0.0011630 0.4533141 0.0822306 0.3054790 -0.1209490 0.0034140 -0.2148670 0.7012561 -0.1517795 0.1519076 -0.1305178 0.0637799 0.3993218 0.6283049 0.3054833 -0.1155721 -0.0674720 -0.1319685 0.0141765 0.3292656 0.1852858 0.2250949 0.0507407 0.4880693 0.0413379 0.1868429 0.1091944 -0.1686767 0.1662644 0.1167712 0.0065883 0.0728109 0.2156331 0.0704690 0.3604955 0.2752279 0.3546916 0.5115419 0.7087402 0.2895826 0.7279422 0.8332598 0.5645910 0.6758483 0.8094558 0.3021549 0.7081786 0.6700695 0.5610857 0.5345436 0.4771408 0.6600333 0.2203659 0.6467083 0.6195911 0.1334605 0.5592864 0.5428809 0.4637009 0.2975481 0.2498177 0.2281067 0.6082051 0.6338346 -0.1576742 -0.0278410 -0.2704883 -0.2296966 -0.0350781 -0.0256972 0.7386960 -0.0296553 0.1315609 -0.0494887 0.3217641 -0.3967327 -0.0339377 -0.0276675 0.2750466 0.2788178 -0.0249316 -0.0580856 -0.3428212
0.3447338 0.5509808 0.3491875 0.0000000 0.2099633 0.7186353 -0.0384680 0.7884263 0.6539938 0.6998346 0.7407412 0.2939769 0.5446872 0.3313275 0.0192004 0.7211326 0.4482986 -0.5264062 0.0508827 0.4142617 -0.2216934 0.4038743 0.7546605 -0.0335211 0.4110048 0.4789289 0.4051166 -0.5879238 -0.1629063 -0.3670981 0.2054757 0.6074464 -0.4811168 0.1789110 0.7664007 0.2474668 0.7510248 0.4836384 0.6499551 -0.3992213 0.1461652 0.0410240 0.8037378 -0.4498431 -0.2365461 0.7535498 0.8728011 0.3042905 0.2645173 0.3268466 0.8554877 0.6778324 0.7827450 0.4594096 0.5013430 0.6775673 0.7528657 -0.0787525 0.0563762 0.8407295 0.4968487 0.7639954 0.4079268 0.5204595 0.4684083 0.5070167 0.7288662 -0.2302753 0.3386842 0.5480581 0.4880311 0.7552538 0.3713579 0.6050826 0.4733419 -0.0727487 0.5807115 0.3910330 0.4430491 0.5690011 0.5169732 -0.4306058 -0.5145007 -0.4938698 -0.0696758 -0.2858382 -0.2106124 -0.0715041 0.0306811 -0.4663426 0.3818316 0.4119774 0.0997723 0.0164953 -0.0360349 0.1110098 0.3368109 0.1561160 -0.2321289 -0.4772973 -0.2171473 -0.1468737 -0.2362447 -0.3700801 -0.0833055 0.0794504 0.0645479 -0.0589154 -0.1171723 0.0399758 0.1774472 -0.1142144 0.1047229 0.1458862 0.1266212 0.2040358 0.2606877 0.0996758 0.2916860 0.2065707 0.3567984 0.4129178 0.4538523 0.2355968 0.0386960 0.1601806 0.4313336 0.2663250 -0.1674308 0.4207995 0.2221024 0.2111461 0.3760319 0.0093734 -0.1265175 -0.1626597 0.0525348 -0.5551138 -0.1396139 -0.1003086 -0.1484948 -0.5075106 0.3549587 -0.3060216 -0.1663462 -0.3912045 -0.2448251 0.1986933 0.2996793 0.1573536 -0.1291759 -0.2599651 -0.2283153 -0.1780675 -0.0029576 -0.0157491 0.4866933 -0.2327584 0.5534974 0.0322613 0.0804916 0.0346412 -0.0379301 0.3628038 0.0830635 -0.0146002 -0.1499215 0.3756125 0.2312159 0.0713006 -0.1375509 0.1162909 0.4236236 0.7246919 0.3465613 0.6654478 0.6101407 0.6273215 0.7832246 0.6304114 0.6561085 0.6117240 0.4496666 0.4652951 0.3205370 0.2007081 0.1894386 0.5314993 0.6972744 0.6778495 0.3786083 0.7043602 0.7610322 0.4004768 0.2979051 0.2033710 0.5600547 0.7843590 0.5825604 0.3402830 0.0318457 -0.5271398 0.0658941 0.3934709 -0.4409185 0.2834338 -0.3709263 -0.3113764 0.1792237 0.4785337 -0.0523606 0.5311763 -0.3973168 0.1619682 0.5899936 -0.0702075 -0.4771173 -0.4946975
0.7983943 0.5077574 0.8735359 0.2099633 0.0000000 0.7338121 0.1899504 0.5398626 0.5939271 0.6961945 0.4598345 0.5288069 0.7330610 0.4004545 0.3349431 0.4501213 0.6707966 -0.1112531 -0.1208201 0.6787420 -0.2736171 0.6689767 0.4960744 0.3586881 0.2875944 0.3913890 0.5329256 -0.2459616 -0.2343238 -0.2406911 0.7386817 0.6251208 -0.0223182 0.3896106 0.1181197 0.0772162 0.4133351 0.3399374 -0.1112685 -0.4451187 0.5974622 0.3185686 0.0934447 -0.3515906 0.3355406 0.4289017 0.1994083 0.4669868 0.1386928 0.3616155 0.0740692 -0.1672965 0.5801852 -0.1085868 0.7073595 0.5475976 0.5563482 0.2752691 0.8150461 0.1088796 0.8043647 0.1765290 0.8038718 0.7363666 0.7597141 0.4433946 0.5824223 0.3835412 0.5242047 0.5992478 0.5182238 0.7155706 0.8290039 0.8369972 0.3734248 0.7530989 0.8257852 0.8056190 0.8510449 0.6432976 0.8708026 -0.2875331 -0.1720373 0.0752074 0.1354073 -0.3847556 -0.3221966 0.0899926 -0.3711756 -0.3125105 -0.3303983 0.0299372 -0.3212108 -0.4928461 -0.4783995 -0.2581467 0.1551474 -0.2718626 -0.7095918 -0.5577557 -0.5803639 -0.4749539 -0.3171340 -0.5400295 -0.3649467 -0.6903176 -0.4477245 -0.2234006 -0.5369984 -0.6384935 -0.4464023 -0.7045083 -0.1433693 -0.3129680 -0.5449086 -0.2885070 -0.3366188 -0.4803361 -0.2568643 -0.2530280 -0.1083308 -0.0255828 0.1348985 -0.2324640 -0.1947325 -0.0826920 0.0484435 -0.1626999 0.0595385 0.3418711 0.2027227 0.0649988 0.4658214 0.6595258 -0.3298959 0.0038850 0.4461823 0.0329721 0.0999750 -0.4005685 -0.1190909 -0.3011950 0.7428580 -0.2690260 -0.0055077 0.0374546 -0.0676774 0.2725348 0.5487732 0.2510669 -0.3231424 -0.1882896 -0.1966577 -0.0068903 0.2098101 0.0640621 0.2896066 -0.1077171 0.5972494 -0.1287678 0.2419451 0.0531139 -0.1364619 0.1434889 0.0347362 -0.0580081 -0.1169936 0.1846929 0.0730840 0.3208236 0.2206430 0.2515216 0.5121944 0.5749744 0.1580465 0.6949968 0.7356964 0.5792891 0.4160079 0.7292823 0.4107425 0.7196685 0.7448328 0.6760363 0.5626930 0.3188504 0.6295376 0.1995859 0.7192928 0.7392841 -0.1109190 0.5534316 0.5842035 0.2558646 0.1050611 -0.1350947 0.4145187 0.5981005 0.6694075 -0.2299889 0.1884212 -0.0521945 0.0267330 0.2324066 0.2705073 0.9408476 -0.0264722 0.2678121 0.1466651 0.4989646 -0.4626089 -0.0162014 0.2505291 0.6053456 0.4442759 0.2738944 0.0356695 -0.2842099
0.7096544 0.7667000 0.7411562 0.7186353 0.7338121 0.0000000 0.3682681 0.7528200 0.9226689 0.9133563 0.6487273 0.7216712 0.7691019 0.7034257 0.4481748 0.6318437 0.7926604 -0.2656815 -0.1204324 0.5621238 -0.1739380 0.6643694 0.7382196 0.4479292 0.4508256 0.4867328 0.6435702 -0.3803631 -0.0767717 -0.2370097 0.4773900 0.7787183 -0.1244459 0.5765975 0.4381137 0.1726150 0.7275110 0.4888037 0.4575386 -0.4123961 0.3428072 0.1617469 0.5140000 -0.3092910 0.1562616 0.6461947 0.5639321 0.2730529 0.3679115 0.2783843 0.4778781 0.3089466 0.8937550 0.3298832 0.6796835 0.6476650 0.6928152 0.3910280 0.4955962 0.5336246 0.8379583 0.6110263 0.6448164 0.8377590 0.8166997 0.4314659 0.6775025 0.1760668 0.3890168 0.7559492 0.5123696 0.8922717 0.7938774 0.8894414 0.3951077 0.4969746 0.8999584 0.6636644 0.7577986 0.8281579 0.8544449 -0.4542588 -0.3697467 -0.2366786 0.0510817 -0.3241230 -0.2336091 0.0656819 -0.1596832 -0.3614643 0.0646369 0.2535791 -0.0930048 -0.2124061 -0.2478958 -0.0861392 0.2735347 -0.0121107 -0.5088316 -0.5832714 -0.4270895 -0.2936911 -0.2416020 -0.4747409 -0.3869907 -0.4105719 -0.1654758 -0.0304157 -0.3896227 -0.3519337 -0.2179320 -0.4996125 0.0249224 -0.0118326 -0.2382011 -0.0092512 0.0353819 -0.1642996 0.0718430 0.0333434 0.2305379 0.2998393 0.3647385 0.0927655 0.0714646 0.0920802 0.3563595 0.1332601 0.0303216 0.5040966 0.3451567 0.3350526 0.5714305 0.4838146 -0.1439717 0.0153005 0.4332037 -0.1689158 0.1126654 -0.2441737 -0.0576103 -0.3648356 0.6845131 -0.2356099 0.1017502 -0.1537216 -0.0098089 0.4564295 0.7298958 0.2921539 -0.2528891 -0.1175294 -0.0861380 0.0305644 0.2523898 0.0860937 0.5708298 -0.0544439 0.7833650 0.0075904 0.2202689 0.1779428 -0.1180538 0.4396983 0.1727116 0.0494281 -0.0301115 0.4897101 0.3882333 0.4388491 0.1730538 0.4142052 0.6287578 0.7369757 0.4443148 0.9245268 0.9107106 0.7691827 0.7104407 0.8305487 0.5835130 0.6860788 0.6388730 0.6060352 0.4669645 0.2699869 0.4468694 0.4028064 0.8537912 0.8520969 0.1673689 0.8056117 0.7871374 0.5002979 0.3773942 0.1050973 0.5457468 0.8487027 0.8294973 0.0265681 0.0778801 -0.4768948 -0.0394229 0.2823505 -0.0909464 0.7428615 -0.1904120 0.0009954 0.1866042 0.5736809 -0.4175247 0.2301022 -0.0680124 0.4154670 0.6898828 0.1143923 -0.1542521 -0.4353823
0.1037915 0.2477829 0.1958894 -0.0384680 0.1899504 0.3682681 0.0000000 -0.0016260 0.5542928 0.1931590 -0.1061556 0.7246680 0.2884378 0.5750679 0.6149785 -0.0141544 0.2211268 0.0656405 0.0837670 -0.0987270 0.3599284 0.2308417 -0.0066329 0.4258854 0.3653728 -0.0454759 0.0786875 0.0411268 0.1284933 -0.0814308 -0.0951921 0.2801518 0.2408620 0.4110717 -0.3760814 0.0057350 -0.0419276 0.3642367 -0.0509846 -0.1401883 -0.0968697 -0.0945997 -0.2395717 0.1647759 0.1306770 -0.0577835 -0.2253148 -0.1944067 0.1032279 -0.2907918 -0.3433019 -0.3863933 0.1515749 -0.0796540 0.1348455 -0.0460570 -0.1414548 0.4288906 0.1342091 -0.2553226 0.2199743 -0.1592407 -0.0416642 0.1898032 0.1759502 -0.2402802 -0.1266436 0.0243383 -0.2194924 0.1542430 -0.1891650 0.1174369 0.2640519 0.1464919 -0.3730865 0.3745676 0.2000853 -0.0074473 0.1102899 0.4071658 0.2495448 -0.2732461 0.0477629 0.0573987 -0.0082824 -0.0228144 -0.0371296 -0.1984183 -0.0066080 0.1889374 -0.0331267 -0.1929052 -0.0003760 -0.0542038 -0.0012753 -0.0825325 -0.1989697 0.0935143 0.0434747 -0.0145606 0.0672380 -0.0150226 0.0476000 0.0117668 -0.4075063 -0.2718605 0.0527632 0.1697094 0.0374267 -0.0651505 -0.0998595 0.0299589 0.0769702 0.1396970 0.0042199 -0.0236857 0.0785082 0.0648778 -0.0284399 0.2328186 0.1387571 0.1556011 0.0800411 0.1131065 0.4332569 0.4318970 0.1122506 0.2237539 0.4321483 0.0389931 0.1318403 0.6200896 0.1459096 0.3681950 0.2590824 0.2553565 0.2958847 0.4492319 0.2295183 0.4126584 0.2603584 0.3770275 0.1274454 0.5567345 0.4469293 0.0456300 0.4224589 0.4888013 0.5647683 0.2643557 0.1563989 0.6298968 0.2737793 0.2899578 0.2944827 0.5324442 0.1521662 0.3294272 0.2144903 0.1942684 0.0717632 0.3804382 -0.0547226 0.2294112 0.1937548 0.5354695 0.3909843 0.3537992 0.3071897 0.5341764 0.2992878 0.5419217 0.4663179 -0.0347595 0.3976479 0.4154939 0.3941610 -0.0588599 0.2286406 0.2339757 -0.2085862 -0.1247594 0.0198058 0.0220496 0.0468069 -0.3574618 -0.1563571 -0.3490391 0.1253558 0.1234887 0.2933058 0.2689855 0.1307608 0.5973611 0.5733573 0.3751608 -0.0216039 0.2139630 0.3766915 0.3222752 -0.0172005 -0.0914364 -0.3177027 -0.1599514 -0.1999728 0.1508695 0.1248118 0.0569755 0.0613355 0.2070676 -0.1880683 0.0450050 0.0802059 -0.0480400 0.0657974 0.0680420 0.3231192 -0.1540886
0.3518870 0.6517647 0.6399821 0.7884263 0.5398626 0.7528200 -0.0016260 0.0000000 0.6027071 0.6645670 0.7032693 0.4431172 0.8252870 0.3261698 0.1994825 0.7725701 0.5844409 -0.4423255 0.3112184 0.6444799 -0.0200763 0.7074714 0.7671885 0.0270933 0.5635173 0.7218952 0.5229773 -0.5077275 -0.0281852 -0.4055954 0.5732544 0.6719675 -0.3488214 0.2914232 0.5749377 0.4702258 0.6503148 0.4757301 0.2165796 -0.4743451 0.5050592 0.4569615 0.5724900 -0.5502810 0.1265628 0.6701406 0.7276758 0.3637457 0.2641707 0.1948188 0.6316260 0.3556516 0.7773807 0.3202063 0.5661230 0.6288603 0.8081273 -0.0357714 0.4755667 0.6318884 0.7083990 0.5862326 0.5299112 0.6463924 0.6773322 0.6075434 0.7444358 0.0515054 0.5026746 0.6296430 0.5221904 0.7835396 0.5302633 0.7604417 0.5177633 0.2461940 0.6791724 0.6186286 0.5990958 0.5570330 0.6812427 -0.4105556 -0.5220988 -0.1807196 0.0815260 -0.3475317 -0.0804524 0.0429637 -0.1444141 -0.3655124 0.2182075 0.3480388 0.0245279 -0.2592659 -0.1489160 -0.0926695 0.2681525 0.0982207 -0.3646078 -0.4186511 -0.3467511 -0.2419955 -0.2605614 -0.6139733 -0.1518656 -0.1637529 -0.1041139 -0.0484023 -0.2010728 -0.0451748 0.0494481 -0.1952720 0.1146850 0.0813061 0.0487158 0.1015008 0.1373142 0.0388586 0.2279611 0.1212708 0.3712491 0.3963720 0.4168417 0.1583126 -0.0821792 -0.0357045 0.4918425 0.1567235 -0.0050183 0.5616983 0.3674865 0.2682629 0.6138043 0.1379860 -0.0682981 -0.2138061 0.2709632 -0.2966273 0.1149276 -0.2979414 -0.1140208 -0.4060290 0.7240119 -0.4997371 -0.0287458 -0.3087627 -0.0718480 0.3006087 0.3898517 0.3162375 -0.1362242 -0.4102889 -0.1155169 -0.2409214 0.2133811 -0.1575611 0.2926903 -0.0849144 0.5944512 -0.0085981 0.2117890 0.1611827 -0.1229940 0.1718244 0.1783085 -0.0861829 -0.0528422 0.1455445 0.1499163 0.2195547 0.1271800 0.2323429 0.2312862 0.6146221 0.4659960 0.7276437 0.6982265 0.5877081 0.8395780 0.8774139 0.6783695 0.8442110 0.7286596 0.6562194 0.4521957 0.3786017 0.4130009 0.3792698 0.7154343 0.7102907 0.1206334 0.5459678 0.6672676 0.3115703 0.1067952 0.1626392 0.4328055 0.7457295 0.5079833 0.1098685 0.1427252 -0.2520967 0.0634712 0.3287041 -0.2700538 0.5447074 -0.0051639 -0.1049585 0.0954475 0.4209500 -0.2495090 0.1755999 -0.3639616 0.1961622 0.5942793 -0.1071808 -0.3040758 -0.4235136
0.6111870 0.6979323 0.6821631 0.6539938 0.5939271 0.9226689 0.5542928 0.6027071 0.0000000 0.8936517 0.5692271 0.8294005 0.7187833 0.7941540 0.5851728 0.5502931 0.7084637 -0.2690414 -0.1337388 0.4738690 -0.0613121 0.5866203 0.6009055 0.5227578 0.4692769 0.4519859 0.4522854 -0.3523877 -0.0182059 -0.2541425 0.3502695 0.7908819 -0.0671229 0.6273148 0.3021122 0.1607976 0.6734592 0.5846310 0.3884401 -0.3676591 0.3122141 0.0740337 0.4270903 -0.1613276 0.1202020 0.5272963 0.4716855 0.2602664 0.4765232 0.3004587 0.3565706 0.1409299 0.8578056 0.3530044 0.6861248 0.5858157 0.5732431 0.4500550 0.4418083 0.4395401 0.7962014 0.5027956 0.5267492 0.7118682 0.7480546 0.3339092 0.5282661 0.0679174 0.3018016 0.6348136 0.3162160 0.7630676 0.6728638 0.7135943 0.2681708 0.4294863 0.7608788 0.4807643 0.5799855 0.7603636 0.7138613 -0.4182927 -0.1839937 -0.1666256 0.0659612 -0.2409274 -0.2005265 -0.1009450 -0.0851567 -0.2034830 0.0922194 0.1088802 -0.0407644 -0.1314151 -0.2164801 -0.0526879 0.1343466 0.0216075 -0.3954358 -0.4788269 -0.2586687 -0.2499746 -0.1551182 -0.2495804 -0.4213634 -0.3547399 -0.1055944 0.0276776 -0.2831637 -0.2939790 -0.1838078 -0.3786576 -0.0618384 -0.0233671 -0.2064935 -0.0939409 0.0145357 -0.1000723 0.0144153 0.2016966 0.2235020 0.2343379 0.3702618 0.0823712 0.2319255 0.4061269 0.3035047 0.2813611 0.2815129 0.3662428 0.3217738 0.5103275 0.4762445 0.3887280 -0.0012594 0.0768345 0.3888153 0.0135028 0.1862721 0.0839724 0.0635463 -0.1685919 0.5178118 0.0492365 0.2204587 -0.2198258 0.1308769 0.5536959 0.7692134 0.2860368 -0.0799200 0.1590576 0.0098966 0.1249482 0.3162864 0.2706767 0.4822291 0.0424667 0.6514951 0.1379108 0.1759459 0.2459146 -0.1796855 0.4461980 0.2084971 0.1746082 0.1302598 0.5322474 0.4127689 0.5283362 0.2009954 0.5382294 0.7732887 0.6988653 0.4730316 0.9103727 0.8531000 0.5899477 0.7047909 0.7475902 0.3479746 0.4913197 0.5028375 0.4762961 0.4673824 0.1375184 0.3192960 0.2109578 0.7144909 0.7041027 0.3451806 0.7695374 0.7206935 0.7372042 0.6551031 0.3633810 0.3584682 0.7941370 0.7864837 0.1955208 -0.0134799 -0.5785387 -0.1317986 0.1704041 -0.2192963 0.5630390 -0.1815567 -0.0441038 0.1002718 0.4894965 -0.3051994 0.2614723 -0.0753342 0.2167027 0.5361802 0.0054716 -0.1859416 -0.5456550
0.7702732 0.7111588 0.7083958 0.6998346 0.6961945 0.9133563 0.1931590 0.6645670 0.8936517 0.0000000 0.7102383 0.6691953 0.7037306 0.6576653 0.3867473 0.6602211 0.7612190 -0.3935379 -0.2024745 0.5696161 -0.2826388 0.6206146 0.6913474 0.3798608 0.4493115 0.5446831 0.4476492 -0.4889311 -0.1407131 -0.3354036 0.4236349 0.8094248 -0.2549103 0.4909897 0.4921009 0.1553186 0.7755080 0.4859048 0.4451267 -0.4616511 0.3784489 0.0582419 0.5929470 -0.3701701 0.0177225 0.5861208 0.6351257 0.4129161 0.3699450 0.4514158 0.5298391 0.2748814 0.9178991 0.3299447 0.7221616 0.7044746 0.7432419 0.3024863 0.4831515 0.5625912 0.8335422 0.5920966 0.6936929 0.7295677 0.7536112 0.4933815 0.6833578 -0.0040873 0.4873599 0.6220744 0.4774908 0.8789301 0.6400376 0.7899095 0.4403006 0.3236753 0.8208729 0.6378583 0.6961325 0.7030543 0.7733562 -0.3442833 -0.1677917 -0.0830371 0.2278493 -0.2204424 -0.2588254 0.0024584 -0.0594129 -0.3070922 0.0860536 0.2600055 -0.1094295 -0.1516627 -0.2853809 0.0278469 0.3279627 -0.1043199 -0.5646002 -0.5901584 -0.4153193 -0.3459334 -0.1987166 -0.2989901 -0.3076509 -0.3712213 -0.1709369 -0.0548640 -0.4681971 -0.3646827 -0.3107654 -0.5708692 -0.1347823 -0.1610351 -0.3108400 -0.1137996 -0.0593902 -0.1773580 0.0132914 0.0426199 0.1671484 0.1869946 0.3189541 0.0302018 0.0291834 0.2672812 0.2960956 0.1036191 0.1145930 0.4542175 0.3620569 0.2360815 0.4884947 0.4487883 -0.2682020 -0.0072947 0.3705301 -0.1406170 0.0575201 -0.1706019 -0.0634015 -0.3817047 0.5933278 -0.2350773 0.0588760 -0.2020328 -0.0729868 0.3987834 0.6423108 0.1758699 -0.2538056 -0.1163684 -0.1008939 0.0460291 0.1678697 0.0153970 0.5472653 -0.1488234 0.7603985 0.0160756 0.1968447 0.0668749 -0.1855865 0.4667857 0.1125855 -0.0358093 -0.0318071 0.5091099 0.3797172 0.3717840 0.0926660 0.3520596 0.7108207 0.7799147 0.3492741 0.8986029 0.8155348 0.7339725 0.6171103 0.7335637 0.4869833 0.6064005 0.5829065 0.5635961 0.4779037 0.1987686 0.3685924 0.3064949 0.8268488 0.8441291 0.1812678 0.7585716 0.7856517 0.5420087 0.4272313 0.0890513 0.5097487 0.8088118 0.7617388 0.0589832 -0.0060064 -0.5464565 0.0794296 0.3811041 -0.0647685 0.6953686 -0.2610332 -0.1282766 0.1079515 0.6236041 -0.3156580 0.2716905 -0.0563534 0.3669251 0.6675133 0.0055521 -0.2960532 -0.5474470
0.6355827 0.2069344 0.4080247 0.7407412 0.4598345 0.6487273 -0.1061556 0.7032693 0.5692271 0.7102383 0.0000000 0.1499347 0.6701981 0.0642243 -0.1930747 0.9063994 0.1975530 -0.7995408 -0.0233390 0.8071139 -0.5576859 0.6920930 0.8452811 -0.1761915 0.4988344 0.7044970 0.0948658 -0.8242459 -0.4469962 -0.6717432 0.5877677 0.8583261 -0.6949890 -0.0450596 0.8347315 0.0271015 0.8285075 0.5739990 0.3311922 -0.7277685 0.3791275 0.0115432 0.8300220 -0.6867107 -0.3802660 0.8831740 0.8322015 0.6707107 -0.0210106 0.4857534 0.8353151 0.4243542 0.6123552 0.2885805 0.8147608 0.9445967 0.9555437 -0.0203603 0.4635595 0.8487184 0.4581634 0.7609573 0.8223092 0.7277630 0.4190648 0.8354846 0.9302784 -0.1061823 0.7777024 0.7775462 0.7086057 0.8445163 0.5595563 0.7414315 0.7255678 0.1844429 0.7676561 0.7435640 0.7260218 0.7040826 0.7299897 -0.7061077 -0.4699708 -0.2707989 0.1056214 -0.4828353 -0.2272513 -0.0158121 -0.1448375 -0.5805866 0.0414353 0.0598258 -0.3988527 -0.1822676 -0.3412597 -0.2402899 0.0179793 -0.2889882 -0.4757710 -0.7239970 -0.5281969 -0.4898494 -0.4919127 -0.4463008 -0.4584785 -0.3648700 -0.3358996 -0.4591480 -0.3636993 -0.2410129 -0.0928476 -0.5289075 -0.2861818 -0.2654369 -0.2428804 -0.1292086 -0.1559389 -0.2121159 -0.1129754 -0.0684352 -0.0500044 0.0462484 -0.0710206 -0.1876256 -0.2807392 0.0805966 0.1258530 -0.2484701 -0.0595459 0.2220611 -0.0113441 -0.1012239 0.2817672 0.2019136 -0.3916113 -0.5473222 -0.1474501 -0.4054966 -0.3244432 -0.3376740 -0.4246634 -0.5164401 0.4055327 -0.5496334 -0.4172501 -0.5818489 -0.3806615 0.1443075 0.1119298 0.1673114 -0.4234920 -0.5139169 -0.4040926 -0.4941383 -0.1088000 -0.1331553 0.1692473 -0.5075632 0.4475794 -0.2708215 0.0512410 -0.0243089 -0.1726803 -0.0749477 -0.1504117 -0.2873910 -0.5194310 -0.0840796 -0.1609127 -0.0319739 -0.2554512 -0.0831030 0.5023202 0.5399286 0.0616184 0.6609121 0.5665017 0.7132309 0.5390139 0.6495865 0.8252243 0.7768351 0.7534218 0.7649084 0.7184185 0.1747432 0.4670502 0.5702924 0.8447457 0.8054144 0.2768281 0.7643643 0.9021555 0.4074708 0.2870496 0.0718742 0.6640435 0.8674903 0.7050608 0.2529353 0.0579068 -0.4494801 0.1586231 0.4860689 -0.2871014 0.5053961 -0.0660040 -0.1954433 -0.0070935 0.4743550 -0.3415235 0.5631169 -0.2641646 0.4534078 0.7867938 0.0582068 -0.6982846 -0.7908023
0.3237728 0.7673660 0.6346588 0.2939769 0.5288069 0.7216712 0.7246680 0.4431172 0.8294005 0.6691953 0.1499347 0.0000000 0.6283877 0.8788740 0.8505215 0.2188866 0.7606469 0.0032684 0.0369579 0.1526202 0.3471901 0.4962412 0.2518827 0.6490629 0.4853386 0.3156265 0.3785403 -0.0606835 0.2777074 -0.0927254 0.1429033 0.5080708 0.2268799 0.7571479 -0.1538105 0.3054673 0.2838551 0.3778850 0.0994408 -0.1837603 0.2139489 0.1750953 0.0192144 0.0051282 0.3754314 0.0544577 0.0972550 -0.0886085 0.4736503 -0.0850931 -0.0783139 -0.2135758 0.6981011 0.1701541 0.3311080 0.1428570 0.2063473 0.4781279 0.3758233 -0.0069384 0.7442054 0.1155296 0.1816764 0.4473975 0.6641071 -0.0391047 0.1195850 0.1056880 -0.0010690 0.3049438 -0.0740502 0.4829862 0.4143364 0.4653719 -0.1348042 0.3796828 0.4809380 0.2206054 0.3137420 0.4857601 0.4814297 -0.1482966 0.0165049 0.1651630 0.2068135 0.0005139 -0.0406105 -0.1068790 -0.0314513 0.1527465 0.0629398 0.1032232 0.1324085 -0.1313366 -0.1069847 0.0187908 0.1350436 0.1453913 -0.2515474 -0.1240085 -0.0710678 -0.0787155 0.0792521 -0.1318519 -0.2791175 -0.3008853 0.0271028 0.3036897 -0.2146691 -0.1646360 -0.2800907 -0.1703179 0.0553261 0.0774273 -0.0723383 -0.0611222 0.0846328 0.0821727 0.1085465 0.2748788 0.3483019 0.2690208 0.3823335 0.2090003 0.3787772 0.3959479 0.3666863 0.3451539 0.4815078 0.3978768 0.5064789 0.6641638 0.4922749 0.3889050 0.1673373 0.2851099 0.6062380 0.3940651 0.4712933 0.1995987 0.2983102 0.1435889 0.5459754 0.2028312 0.5849362 0.0140982 0.4373050 0.6280265 0.8415874 0.2725864 0.0827844 0.3672288 0.3420067 0.3369779 0.4437511 0.2270081 0.3889524 0.3539870 0.5892248 0.2547203 0.1977329 0.3364350 -0.1872978 0.5086406 0.3272983 0.3274669 0.5030874 0.5783345 0.5650975 0.6791486 0.4424137 0.6912286 0.5141299 0.3808918 0.6127276 0.7587527 0.7172024 0.2819929 0.5363371 0.6033961 -0.0357077 0.2011196 0.2582493 0.1907937 0.1254227 -0.0179643 0.0543053 -0.2420005 0.4099472 0.4417789 0.1640895 0.3965470 0.3105711 0.6487290 0.5120182 0.3538722 0.0505023 0.4253660 0.4824418 0.0826003 -0.1159454 -0.3547595 -0.2350449 -0.0447465 -0.1388247 0.4443021 0.0598853 -0.0733801 -0.0251623 0.3706817 -0.3079961 -0.1440887 -0.0914880 -0.0757277 0.3028081 -0.1969351 0.1736814 -0.2668596
0.4721648 0.5744719 0.8441894 0.5446872 0.7330610 0.7691019 0.2884378 0.8252870 0.7187833 0.7037306 0.6701981 0.6283877 0.0000000 0.3916815 0.3499217 0.6327965 0.5772718 -0.4538343 0.1863535 0.7049958 -0.1067774 0.8141278 0.6293837 0.2061465 0.5785224 0.5984209 0.2925110 -0.5362941 -0.2055355 -0.5490087 0.6486277 0.7430058 -0.2526542 0.3825490 0.2831324 0.2819417 0.4632728 0.6343697 -0.0800457 -0.6417397 0.4888403 0.3449519 0.3075332 -0.5388817 0.1609070 0.5931489 0.4287117 0.4004305 0.2251617 0.2504560 0.3343760 -0.1042139 0.7491737 0.0449230 0.7692959 0.6655234 0.6972463 0.0728441 0.6726547 0.3740886 0.8246005 0.4000992 0.6638721 0.7660166 0.7650458 0.4835787 0.7025545 0.1774290 0.5089425 0.6984746 0.3361933 0.8224697 0.6667150 0.8349279 0.3285463 0.4948520 0.7959932 0.6201224 0.7209154 0.7599655 0.8070078 -0.6214451 -0.5032130 -0.1515351 0.0221135 -0.5314487 -0.3249011 -0.1824642 -0.3920048 -0.3577658 -0.2017521 -0.0557237 -0.2168987 -0.3895945 -0.4713579 -0.3929872 -0.0748911 -0.0648864 -0.5448798 -0.5009416 -0.3985080 -0.4159475 -0.3924504 -0.5828896 -0.4411893 -0.5103280 -0.3430837 -0.2354569 -0.3415450 -0.3517327 -0.2040811 -0.3839824 -0.1430660 -0.1628770 -0.1971030 -0.2161443 -0.1712687 -0.1569188 -0.1072039 0.1414038 0.1012905 0.1087879 0.1818129 -0.1158983 -0.0387291 0.1573669 0.2098568 -0.0313258 0.3006143 0.3049636 0.2126803 0.3034508 0.4770682 0.2676565 -0.1488335 -0.3110543 0.2568789 0.0207465 0.1313679 -0.1139668 -0.1357813 -0.2270568 0.7015695 -0.3015061 0.0567237 -0.4387269 0.0039028 0.4472361 0.4988104 0.3771692 -0.2031351 -0.1912592 -0.1552672 -0.2623581 0.1998299 0.1265381 0.1497618 -0.0891744 0.5206355 -0.0643564 0.1276484 0.1781663 -0.1836622 0.0356552 0.0373447 0.0291203 -0.0509763 0.0604539 -0.0459662 0.2877142 0.1273346 0.2631287 0.4991471 0.5549508 0.3744927 0.8229730 0.8667847 0.6112329 0.8012602 0.8961113 0.5304784 0.8009757 0.7817705 0.7011174 0.6037990 0.2418753 0.5073626 0.2315256 0.7940769 0.7506689 0.3339604 0.6825465 0.7219309 0.6289652 0.3770386 0.3565325 0.4298250 0.7812528 0.7298932 0.1804429 -0.0885017 -0.3418852 -0.2350258 0.0960371 -0.3860593 0.6424624 0.1537903 -0.1584025 -0.1586898 0.4371895 -0.4951951 0.2069794 -0.3620250 0.2135671 0.5504537 -0.1499522 -0.2958406 -0.6396688
0.2857131 0.7640226 0.5341727 0.3313275 0.4004545 0.7034257 0.5750679 0.3261698 0.7941540 0.6576653 0.0642243 0.8788740 0.3916815 0.0000000 0.8114228 0.0716049 0.8139501 0.2580990 -0.2614138 0.0750791 0.2472965 0.2190523 0.1585969 0.8230605 0.1360191 0.1750321 0.5581654 0.1652501 0.3836206 0.2558349 0.0658106 0.3515950 0.4291984 0.8856699 -0.1152402 0.1331515 0.3480459 0.0934189 0.3560248 0.1279207 0.1219455 0.0825347 0.0701972 0.2750050 0.4702024 -0.0086272 0.0669614 -0.2298029 0.7056526 -0.0503856 -0.0376829 0.0518678 0.7196895 0.3985424 0.1978389 0.0208939 0.0934910 0.6453285 0.1975174 0.0576210 0.6681138 0.2374910 0.0643774 0.4372387 0.6835406 -0.1464500 -0.0097501 0.2703057 -0.1621986 0.3024170 -0.1035477 0.3684221 0.4194854 0.3723636 -0.0978211 0.3105967 0.4286376 0.0838194 0.1602446 0.3666027 0.3125335 0.0239923 0.0807883 0.0308712 0.0454506 0.0454290 0.0234028 -0.0105674 -0.0526931 0.0989075 0.0878936 0.1144814 0.1409861 -0.0925534 -0.0809382 0.0367225 0.1617650 0.0974531 -0.2522306 -0.1437042 -0.0868157 -0.0317189 0.1125703 -0.0765985 -0.2568545 -0.2302916 0.0031879 0.3346130 -0.2700896 -0.2207473 -0.3201505 -0.2322192 0.0092581 0.0532731 -0.1723512 -0.0914040 0.0641068 -0.0160711 0.0798315 0.1401854 0.2762466 0.1804479 0.4001349 0.1729781 0.2958934 0.2304065 0.2770502 0.3862488 0.2615676 0.3121827 0.4110483 0.5222649 0.3847104 0.2110506 0.2009757 0.3327793 0.5276745 0.2034708 0.4618165 0.0889235 0.2269722 -0.0032244 0.3607539 0.1718441 0.5080751 0.0578606 0.3458426 0.4703604 0.7936954 0.0667720 0.0133236 0.2747388 0.2816081 0.3666102 0.4124902 0.0665794 0.3981546 0.3142464 0.4799701 0.1851260 0.0796213 0.1803466 -0.2884052 0.5300208 0.2863258 0.1037017 0.4096136 0.6277610 0.6418392 0.5797230 0.3546562 0.6140019 0.4121165 0.4598027 0.4715264 0.6111035 0.5996319 0.3374917 0.3996899 0.4238224 -0.0680736 0.0620745 0.0513648 -0.0265893 0.0008978 0.1766371 0.1348336 -0.0249658 0.3044667 0.3310457 -0.0217984 0.3663785 0.2331376 0.4250120 0.3972700 0.2264819 -0.0859575 0.3243455 0.3893871 -0.1956297 -0.1682559 -0.4663806 -0.2474833 -0.1584104 0.0438102 0.3142204 -0.1607696 0.0467251 -0.0148359 0.1832433 -0.2738006 -0.2245023 0.0086269 -0.1197606 0.2229739 -0.2060519 0.1275288 -0.0780263
0.1063780 0.7123932 0.5107414 0.0192004 0.3349431 0.4481748 0.6149785 0.1994825 0.5851728 0.3867473 -0.1930747 0.8505215 0.3499217 0.8114228 0.0000000 -0.0862330 0.6751851 0.3816651 0.1320816 -0.0198827 0.6469547 0.3312229 0.0630204 0.8074102 0.2824675 0.2204769 0.3981197 0.3974132 0.6600976 0.3177540 0.0902914 0.2387743 0.5942166 0.8583680 -0.3377649 0.4996878 0.1094721 0.2407709 0.0157538 0.2872027 0.2942668 0.4589340 -0.1968759 0.4448683 0.6936287 -0.1746852 -0.1532089 -0.2426146 0.6709192 -0.0378133 -0.3110495 -0.2786879 0.4449182 0.3492728 0.1008894 -0.1542221 -0.0927809 0.6459248 0.3607672 -0.1903468 0.6383358 -0.0135873 -0.0997491 0.2374460 0.6195442 -0.1877328 -0.1931754 0.2924753 -0.0991828 0.0997475 -0.2273745 0.1144220 0.2753964 0.2058360 -0.1351366 0.4508954 0.1855895 0.0042003 0.0537639 0.1800722 0.1932997 0.2205848 0.3114914 0.3552423 0.2883802 0.3399591 0.2997550 0.1827822 0.1646469 0.5522699 0.1702079 0.1541725 0.4488947 0.1578314 0.1964671 0.1491096 0.1621057 0.4445034 0.1140189 0.3212910 0.3308501 0.3369049 0.4826232 0.2266342 0.0210931 -0.0104151 0.2902019 0.6347765 0.1579688 0.0712306 -0.0060415 0.1215890 0.3005903 0.3504498 0.1472407 0.1279968 0.2797878 0.3035590 0.2896189 0.4889483 0.5069170 0.3613416 0.5012423 0.4065049 0.6301440 0.3578435 0.4677206 0.5791165 0.6644024 0.4480218 0.6606506 0.8054427 0.5986000 0.2590962 0.5825893 0.5429920 0.7865953 0.6647843 0.8381376 0.3512639 0.6540033 0.5075664 0.5122200 0.3310673 0.8600700 0.3183682 0.7871833 0.7660800 0.8810278 0.4527673 0.4519580 0.5239790 0.6700546 0.6323293 0.7753075 0.2879798 0.3405564 0.7504029 0.4121826 0.5813937 0.4347311 0.5928700 0.0639063 0.5172726 0.6472947 0.4147423 0.7668513 0.4995486 0.6736938 0.8646258 0.7713604 0.8877619 0.2377626 0.1836091 0.7228557 0.5215146 0.4892171 0.0766918 0.3608202 0.4524243 -0.2423040 0.0105729 0.1101269 0.0323636 0.0605527 0.2457501 0.1034275 -0.2658216 0.0120150 0.0100287 0.0908021 0.0004368 -0.0960217 0.4722804 0.4981553 0.4822066 -0.2866439 0.1363524 0.1256638 -0.1429486 0.0243526 -0.2648786 -0.1410801 -0.2096678 0.0725866 0.2691884 0.2634607 0.2207969 0.0374437 -0.0203400 -0.0829972 -0.4397606 0.0772719 -0.1880928 0.0128816 -0.1090955 0.4464319 0.0953484
0.5976695 0.2725308 0.3516067 0.7211326 0.4501213 0.6318437 -0.0141544 0.7725701 0.5502931 0.6602211 0.9063994 0.2188866 0.6327965 0.0716049 -0.0862330 0.0000000 0.2135063 -0.7749927 0.2835159 0.7485058 -0.2796988 0.7442981 0.8864914 -0.2767542 0.7005664 0.8234814 0.2026834 -0.7741939 -0.2788476 -0.6691063 0.5681222 0.8850819 -0.7146216 -0.1016035 0.8102943 0.2979847 0.8381677 0.6506815 0.2715171 -0.6923409 0.5244109 0.2042898 0.7983319 -0.6871426 -0.3242978 0.8389901 0.8948028 0.7304031 -0.0767768 0.4261830 0.7857079 0.4032148 0.5388219 0.3023315 0.7246895 0.8812677 0.9618865 -0.0683159 0.5093163 0.7841115 0.4392390 0.6233615 0.7431530 0.5718457 0.3485969 0.9050540 0.8908904 -0.2642675 0.8079684 0.6276442 0.8028082 0.7641443 0.4809519 0.6714128 0.7499739 0.1956567 0.6478444 0.8012518 0.6869046 0.5688359 0.7138780 -0.5131153 -0.2758041 -0.0197657 0.3345253 -0.2444177 -0.0215381 0.1193510 0.1199376 -0.3683068 0.3346078 0.3129554 -0.1720601 -0.1087771 -0.0570759 0.0378748 0.2529327 -0.1150946 -0.2880933 -0.5492641 -0.3977199 -0.3391058 -0.2716001 -0.3832059 -0.2489265 -0.1832485 -0.1020026 -0.2175149 -0.1679217 0.0060904 0.1040319 -0.3296632 -0.0177184 -0.0350367 -0.0353436 0.1066442 0.0816897 -0.0220722 0.1260392 0.0356802 0.2108593 0.3245099 0.1510535 0.0650422 -0.1381853 0.1802562 0.3947734 -0.0161623 -0.0013614 0.4711865 0.2244235 0.1204734 0.4880930 0.3492830 -0.2297761 -0.2943251 0.0504622 -0.3231369 -0.1964323 -0.2533577 -0.1924405 -0.3720422 0.5351706 -0.4257882 -0.2809480 -0.3218275 -0.2083440 0.2253259 0.1901921 0.3149813 -0.1758797 -0.3703650 -0.2140729 -0.2823047 0.0806686 -0.0785937 0.2675050 -0.3063831 0.5521527 -0.0564539 0.2861579 0.1738632 -0.0555547 0.0632275 0.1023803 -0.0826785 -0.2757951 0.0373476 0.0428687 0.1540608 -0.0236052 0.1327734 0.4488079 0.4963012 0.2885166 0.6847685 0.4894438 0.5156532 0.5912413 0.7185104 0.7580970 0.7788596 0.7953132 0.8156772 0.6853603 0.1152006 0.3216947 0.3746400 0.7350565 0.7376453 0.1910091 0.5866558 0.8064136 0.3518337 0.2658609 0.0444245 0.5943481 0.8365824 0.5504468 0.3481055 0.3818063 -0.1680392 0.4289233 0.7063362 -0.1523559 0.5602876 -0.0418808 -0.0301882 0.2915393 0.5699535 -0.0780670 0.5075073 -0.0816155 0.4917834 0.7174716 0.2121498 -0.4433396 -0.6139553
0.4605739 0.9407741 0.7803284 0.4482986 0.6707966 0.7926604 0.2211268 0.5844409 0.7084637 0.7612190 0.1975530 0.7606469 0.5772718 0.8139501 0.6751851 0.2135063 0.0000000 0.1751225 -0.1131749 0.2339594 0.1247279 0.3919933 0.3653987 0.6601852 0.2083354 0.2617970 0.7419880 0.0428344 0.2394507 0.1411079 0.2752360 0.3718970 0.2666601 0.7750414 0.0536824 0.3338694 0.3823323 0.1574392 0.3047548 -0.0169746 0.3073718 0.3233653 0.1505431 -0.0225018 0.5253732 0.1776437 0.2366694 -0.0323930 0.5832413 0.1612769 0.1158660 0.1214410 0.8380768 0.2615339 0.3186999 0.2016773 0.3196235 0.3746101 0.3704443 0.1482782 0.8823062 0.2925891 0.2974333 0.5407326 0.8565031 0.0483425 0.2781097 0.2801729 0.0676853 0.3557166 0.1436462 0.6002491 0.5313777 0.6372289 0.1006033 0.3899690 0.5973411 0.3498930 0.4516109 0.4383520 0.5473007 0.0516544 -0.0937848 0.0059152 0.1286687 -0.0307240 -0.1503076 0.1180899 -0.1099338 -0.0420458 0.0455167 0.3730921 0.2113357 -0.1536709 -0.1485999 0.0996086 0.4491662 0.1798342 -0.4288734 -0.2148325 -0.1919314 -0.0506963 0.0741453 -0.2914038 -0.0110679 -0.2159714 -0.0021797 0.3009757 -0.3393576 -0.2877296 -0.2860573 -0.3203594 0.1677271 0.0841944 -0.1516752 0.0232578 0.1006472 -0.0418769 0.1991665 0.1071462 0.3605025 0.3122416 0.5731298 0.2363021 0.1890709 0.0344353 0.4073642 0.3215019 0.1079030 0.5635981 0.5603378 0.3847035 0.5887990 0.3632666 -0.0014072 0.3339161 0.6893262 0.0415743 0.4357666 -0.1577980 0.2117442 -0.1963975 0.6799604 -0.1222382 0.4143719 0.1676015 0.2004488 0.4332753 0.7917772 0.2006898 -0.0428283 0.0236520 0.1667487 0.3445870 0.3833468 -0.0047174 0.5835931 0.2475607 0.7183656 0.1966806 0.2681239 0.1401487 -0.0822002 0.6170861 0.3186101 0.0918851 0.3367790 0.6442863 0.5873095 0.5036783 0.3974297 0.5139722 0.3494126 0.6642243 0.5120041 0.7180327 0.7616618 0.5621221 0.5668200 0.6474117 0.1905842 0.4244912 0.3362859 0.2550938 0.0928522 0.3794690 0.3116968 0.1413558 0.5227582 0.5545281 -0.0607828 0.4102903 0.3558563 0.2692452 0.1547858 0.0393766 0.1963861 0.4548429 0.4625380 -0.2769256 -0.0362422 -0.3240711 -0.0771311 0.0622941 0.1202045 0.6244458 -0.1970031 0.0224681 0.1192946 0.4029739 -0.2677284 -0.1868413 -0.0111777 0.1443941 0.3368172 -0.0893059 0.1817643 -0.0070481
