0.0000000 0.1013203 0.6490398 0.0483984 0.4447952 0.2167524 0.5233945 0.1024220 0.1688570 -0.6329779 -0.4818163 -0.0081194 0.3458887 -0.2633792 0.0442514 0.0691025 -0.6098888 -0.0145508 0.1764118 0.3455911 -0.2959042 -0.0140334 -0.0756063 -0.0199879 0.0170272 0.1065384 0.1595935 0.2056590 -0.5247699 0.2878347 -0.1560189 0.3333503 -0.0030541 -0.3579079 0.3995441 -0.0014125 0.3611621 0.0869157 -0.0554538 -0.2293324 0.3217721 -0.2155637 0.1765126 -0.2182085 -0.6192697 -0.0254060 -0.0750780 -0.1001414 -0.5497760 -0.1867398 -0.0559517 0.0017666 -0.4989165 -0.3747854 -0.2544995 -0.1237774 0.1017821 -0.4681961 0.0310106 -0.0567648 -0.1685238 -0.2918702 0.1021166 -0.4177057 -0.1241482 0.1177652 -0.5730786 -0.1654057 -0.2916255 -0.2035829 -0.5052951 -0.1270443 -0.4991790 0.0951901 0.0943707 -0.2253875 0.1337906 -0.2759188 -0.0687297 0.3087146 -0.2089012 0.5884263 0.4614301 0.0422477 0.2412106 0.2608659 0.4306881 0.4049083 -0.0169158 -0.0317345 0.5564661 0.5206809 0.2658589 0.0736652 0.2571834 -0.2547398 -0.0688698 0.0584243 0.1998948 0.0289611 0.0320836 -0.0870851 0.1939780 0.2399656 -0.2830150 -0.1243690 0.3775307 0.0237410 0.0860206 0.2983382 -0.0769548 0.4695618 0.1897647 0.2454610 0.4890424 0.4596612 0.6038868 0.4444326 0.4626777 0.6050836 0.6471071 0.4716946 0.7111580 0.4459593 0.4327685 0.6139982 0.6087777 0.5748908 0.4821567 0.6532520 0.5988383 0.4512397 0.5217971 0.3856053 0.0185731 0.4820980 0.4905627 0.2421179 0.6388119 0.4751984 0.4196543 0.2964231 0.3981940 0.4815419 0.5307859 0.0775295 0.5144583 0.5805165 0.2833936 0.3059268 0.3814760 0.5333186 0.3540742 0.3452528 0.4364518 0.5398999 0.3919901 0.4680592 0.3981907 0.4607474 0.5602819 0.1900423 0.4264589 0.4251926 0.4230368 0.4037206 0.1048056 0.2778811 0.2522950 0.2157354 0.1821348 0.2738940 0.1174684 0.5093337 -0.2017100 0.5248934 0.2184614 0.4875977 0.0199451 0.0055557 0.0078556 -0.0917597 -0.0389277 0.0365606 0.3357351 0.0114835 0.2790037 0.0352522 0.2355320 -0.0249031 0.6162403 0.1164183 -0.2932112 0.6155262 0.6087763 0.5352775 -0.1539376 -0.2790507 -0.0289163 0.4260902 0.4812348 -0.1424802 0.4489079 0.3706926 0.2417266 0.4399059 0.5744762 0.5281823 0.3757422 -0.2914728 0.4904330 0.4217124 0.3998988 0.5204260 0.6256147 0.2683371 -0.1548128 0.0219780
0.1013203 0.0000000 0.5909391 -0.0241768 0.2943293 -0.1315692 0.4055265 0.0970951 -0.0684988 -0.0867355 -0.0518185 0.2249522 -0.0868157 -0.1029486 0.0921884 -0.0788879 0.1759434 -0.2614436 -0.0806733 -0.1112876 0.2795830 -0.1024768 0.1026260 -0.0753358 -0.1283710 -0.2038179 0.4067290 -0.1437739 0.2678786 0.1009275 -0.1968901 0.0748817 0.0396711 -0.0117372 -0.1502936 0.4250552 -0.3075075 0.0049138 -0.3072247 -0.0506791 0.1662683 0.1803581 -0.2591721 -0.2246247 -0.0202103 -0.1611225 -0.4907174 0.0911938 -0.1371294 -0.0663269 -0.3616252 -0.0471486 -0.0810234 -0.3190964 -0.0486657 -0.1278914 -0.3297339 -0.2961256 0.2322717 -0.2926379 0.3605873 -0.2962699 0.3920547 -0.0064171 0.1971966 0.1132456 -0.4066420 -0.3943884 0.0844977 -0.1005932 -0.0830816 0.1117823 -0.2588387 0.2489828 -0.0442046 0.0581539 0.3618671 0.1516616 0.0957034 0.1538108 0.0228129 0.2091708 0.1178672 0.0336804 0.1124463 0.1691796 -0.1695023 -0.0581806 0.0787487 0.1608110 -0.2174741 -0.3046508 -0.1022161 0.1882876 -0.0038069 -0.5975688 -0.3786245 -0.0848335 0.0364271 0.3809720 0.0656862 -0.0474627 0.2702564 0.1923022 -0.3276972 -0.4066516 0.2503747 -0.0145217 0.0065697 0.0803724 -0.0650288 0.2552520 0.0113702 -0.0241579 -0.0556908 0.1636826 0.1559395 0.1515131 0.2695133 0.2080683 0.2933644 0.2767888 0.1612477 0.4245520 0.3206234 0.4374910 0.2440596 0.2715043 0.4909105 0.2616601 0.2995718 0.5035652 0.3085559 0.2262686 0.3253345 0.3651813 0.1810960 0.3309606 0.0919139 0.4343427 0.2518607 0.2700632 0.2817257 0.2985736 0.1189406 0.3846351 -0.0528113 -0.0165299 0.0771066 0.2940304 0.2151689 0.2376996 0.0463200 0.0424180 -0.0801764 0.2544256 0.1447466 0.1412330 0.1087478 0.2891001 -0.0100914 0.1461232 0.2396358 0.2714582 0.0560956 0.2467679 0.0278124 0.0311426 0.1386957 0.1343661 0.1015134 0.0568879 0.3101682 0.4669526 0.8100368 0.4252644 0.3811166 0.5048351 0.5181421 0.3576726 0.3432939 0.4338315 0.2838076 0.3965628 0.5533291 0.4539849 0.5465524 0.0964498 0.4347666 0.2600330 0.1681099 0.1558153 0.1086574 0.2224207 0.3449060 0.4744662 0.1246185 -0.0483231 -0.1159111 0.4830794 -0.5247452 -0.3257351 0.0226438 0.1668637 0.2768904 0.2179352 0.5498977 0.3913586 -0.5247129 -0.3207693 0.2069271 0.3158634 0.1840829 0.2571841 0.3536437 0.1951958 0.0649952 0.3403895
0.6490398 0.5909391 0.0000000 0.3700545 0.7691411 0.3501541 0.5990421 0.4563997 0.2625311 -0.2595976 -0.2064083 0.3047915 0.5538354 0.0980849 0.2660530 0.2091378 -0.2380172 0.0982236 0.3798421 0.5024161 0.1325071 0.2282853 0.1356293 0.2149900 0.2192652 0.1825701 0.1788675 0.4469302 0.0770781 0.2176063 0.1662761 0.5154588 0.3275110 0.1631133 0.1922096 0.1389443 0.1291718 0.3694443 -0.1047118 -0.0167426 0.4348197 -0.1997842 -0.0365907 0.0861286 -0.2688153 0.1517597 -0.1837183 0.2345044 -0.0581227 0.1556363 -0.1312983 -0.0602230 0.0099720 -0.3135421 0.0794119 0.0235875 -0.0089227 -0.2547397 0.0313555 -0.1860940 0.0376406 -0.3953127 0.5097115 0.0425072 0.2721187 0.2230459 -0.5191416 -0.3381754 0.0014477 -0.0502438 -0.1510711 0.2551416 -0.2739929 0.5662421 0.1950888 0.1765018 0.4753706 0.2432025 0.3439043 0.2988751 0.2619985 0.4422460 0.2118636 -0.1577951 -0.0147936 0.0493348 0.1383232 0.0979624 -0.1838932 -0.1588601 0.2957825 0.2217287 -0.0263798 0.0893420 0.3743164 -0.3008760 -0.3203100 -0.0950614 0.0342241 0.0548114 -0.0948709 -0.2575685 0.0170741 0.1331473 -0.4245955 -0.1587289 0.1619533 -0.1888950 -0.0992116 0.0371685 -0.2354733 0.2288609 0.0250523 0.0299686 0.2447961 0.3582810 0.4181394 0.4123308 0.4349612 0.4354697 0.5675183 0.4515280 0.4295923 0.5119871 0.4486717 0.5559395 0.5293842 0.3959292 0.4876758 0.5889418 0.4804203 0.5531551 0.5990448 0.3843789 0.0832517 0.3890795 0.4272447 0.1854410 0.4218843 0.3404795 0.1920507 0.1039498 0.4477488 0.2925211 0.2333055 0.1405214 0.0825183 0.1960285 0.0015521 0.1670631 0.1262907 0.2263259 -0.0017033 0.0023904 0.0531740 0.2908197 0.0276681 0.1200250 0.0870276 0.1600760 0.1469215 -0.0209551 0.2659699 0.1081441 0.0493581 0.1431725 -0.2245447 -0.1023715 -0.0500631 -0.1089278 -0.1286987 -0.1156870 0.0826469 0.6047388 0.1739182 0.7209551 0.4650543 0.6412894 0.2670784 0.0976903 0.0109400 0.0002986 -0.0125895 0.0660736 0.4756330 0.4770195 0.5868867 0.3824249 0.6721745 0.4247319 0.3767287 0.1078331 0.1316143 0.4489605 0.4889427 0.5763450 0.1238362 0.1264157 0.2172240 0.5228798 0.1877474 -0.2757214 0.3002739 0.4981554 0.3863513 0.4690683 0.6152359 0.5878759 -0.0302149 -0.2203784 0.2693937 0.3875224 0.4539551 0.6203700 0.5123861 0.4292561 0.0941227 0.2894780
0.0483984 -0.0241768 0.3700545 0.0000000 0.3475154 0.6788954 0.1971372 0.8300120 0.4329017 0.2350426 0.4307317 0.4140550 0.7457549 0.4865254 0.3966127 0.7066882 0.1878341 0.3615555 0.7804443 0.5092277 0.3319368 0.6443345 0.4135795 0.6513596 0.7011898 0.6204845 0.1636003 0.7445331 0.3124447 0.2666969 0.6235594 0.4768195 0.5401713 0.5220963 0.2775819 -0.1926359 0.2820723 0.7141605 0.4568809 0.5812653 0.4320413 -0.4435012 0.2819613 0.7312728 -0.0288684 0.6370311 0.3672224 0.5018041 0.5054931 0.7542157 0.3507297 0.3212523 0.5062205 0.6462322 0.1887972 0.3090823 0.2051851 0.6242930 -0.2877004 0.2084776 -0.1844544 0.2020438 0.0714221 0.6057169 0.3958193 0.1340222 0.1520885 0.5320708 0.0541008 0.5421255 0.5171501 0.5068902 0.6139152 0.4425015 0.4747817 0.6300859 0.2897142 0.5994273 0.4998357 0.1193817 0.3752842 -0.0428669 -0.2976848 -0.4188629 -0.4375741 -0.6102888 -0.1590139 -0.1582868 -0.6296155 -0.5416392 -0.0149840 0.1692983 -0.3740597 -0.3270213 0.2280100 0.3212392 -0.4033342 -0.2642942 -0.3750496 -0.4308083 -0.2699292 -0.4434965 -0.5485757 -0.2921098 -0.2044448 0.1400374 -0.4709561 -0.3847088 -0.3247143 -0.3917255 -0.4801323 -0.3390180 -0.2704822 -0.3804097 -0.1295159 -0.1841836 -0.1329119 -0.0879501 -0.1374330 -0.1695805 -0.1477011 -0.1467532 -0.0848837 -0.1536105 -0.1516612 -0.0227780 -0.0624330 -0.0610283 -0.0812717 0.0672307 -0.0781675 0.0715763 0.0370456 0.1765368 0.0773407 -0.0064111 0.0356074 -0.1371794 -0.0353395 -0.0801266 -0.1597612 -0.2479521 0.0508859 -0.2061829 -0.2451635 -0.0468183 -0.3569026 -0.3114708 -0.4026816 -0.1423014 -0.1444978 -0.2556409 -0.3147387 -0.2153282 -0.3038188 -0.1930210 -0.3996627 -0.3102721 -0.4513200 -0.2355791 -0.2236078 -0.2822845 -0.0982320 -0.3494586 -0.3261879 -0.2786791 -0.4498421 -0.4952820 -0.3715838 -0.3279260 -0.5229478 -0.5071689 -0.4349356 -0.1837361 -0.3284766 0.4484642 0.2841853 0.1267176 0.0090166 -0.1415929 -0.2843722 -0.3276637 -0.3481768 -0.3595744 -0.2472989 0.2345528 -0.0432046 0.1690419 0.2102546 0.4008355 -0.0634559 0.1981702 0.6132450 0.0755818 -0.0284244 0.0409537 0.0294024 0.6276609 0.4453413 -0.0207323 0.3777828 -0.1016390 -0.1685917 0.2302527 0.0996334 -0.2046006 0.0046329 0.3218916 0.0412693 -0.0002843 -0.2334880 0.2318132 0.0156555 0.1821900 0.0896472 0.1183190 0.4524503 0.2971716
0.4447952 0.2943293 0.7691411 0.3475154 0.0000000 0.5523769 0.7235278 0.5031911 0.5814716 0.1297213 0.0464479 0.5548935 0.6550227 0.4190051 0.5375579 0.4024723 -0.0194685 0.3314956 0.5238231 0.5140233 0.1346239 0.4672627 0.3909631 0.3254075 0.4005140 0.3509041 0.1814210 0.5334708 0.0692394 0.4472060 0.4167127 0.6742019 0.2459415 0.1871495 0.4063584 -0.1312114 0.3203325 0.5874176 0.3441195 0.3427026 0.5069691 -0.3643244 0.2620170 0.3114094 -0.3296139 0.4917473 0.2329945 0.5721117 0.0124822 0.3311534 0.2441142 0.2130801 0.0316035 -0.1989547 0.5552941 0.4234827 0.3262875 -0.1182900 -0.1870646 0.0789575 -0.1670371 -0.3392123 0.7828716 0.1328606 0.1300469 0.4390228 -0.2418103 -0.2876235 0.2492219 0.0495714 0.0042781 0.4487427 -0.1353214 0.8123870 0.2546766 0.3550912 0.5022516 0.2258960 0.6586555 0.3868328 0.4613268 0.2669329 0.1059138 -0.3388814 -0.2651378 -0.1174225 -0.2476133 -0.2234967 -0.3190676 -0.3500311 0.2000152 -0.0701068 -0.0842464 0.0420359 0.2778193 -0.2075227 -0.3275702 -0.0605837 -0.0869798 -0.0678665 -0.3042337 -0.2621489 -0.0562841 -0.0133418 -0.5335098 -0.3920625 -0.0308125 -0.1998306 -0.3308911 -0.0538301 -0.4048236 -0.0172542 0.0076092 -0.0121205 0.1824001 0.2476263 0.2048005 0.3618103 0.2780321 0.2171534 0.3378102 0.1620854 0.0659750 0.2793684 0.3493913 0.1403745 0.2457213 0.0213623 0.1624288 0.2939080 0.2064162 0.3137893 0.3705218 0.1841961 -0.1289598 -0.0033460 0.2133144 -0.1496708 0.2277386 -0.0337900 -0.1749404 -0.3006563 0.5147313 -0.0010504 -0.0692003 -0.0400135 -0.2545555 -0.0921522 -0.2059132 -0.1914731 -0.1675824 -0.1440329 -0.3826245 -0.2436813 -0.1445958 -0.0406441 -0.2242116 -0.2539009 -0.0416493 -0.2150495 -0.1449951 -0.4146286 0.0870575 -0.2310014 -0.2876992 -0.2485129 -0.4662979 -0.3163119 -0.1147283 -0.4749573 -0.3757779 -0.2839528 -0.0857306 0.5178319 0.0291743 0.6247225 0.4663815 0.6913987 0.1218601 -0.1746418 -0.0260825 -0.2958472 -0.2387287 -0.1420467 0.4134854 0.4655926 0.7216039 0.7626065 0.8110116 0.5305358 0.1198341 -0.1346641 0.2138833 0.2238027 0.1246795 0.2663653 -0.0150753 0.3808024 0.5597976 0.1384906 0.2108949 -0.2103405 0.0262432 0.1876847 0.4144840 0.5670355 0.2291913 0.4722984 -0.0802168 0.0179301 -0.0182114 -0.0461155 0.6229834 0.7053419 0.0343104 0.7110708 0.2859678 0.3002104
0.2167524 -0.1315692 0.3501541 0.6788954 0.5523769 0.0000000 0.5756394 0.5722642 0.5008217 0.0388492 0.2006814 0.4854021 0.5856195 0.3687396 0.4044931 0.7304906 0.0785610 0.3028263 0.6924208 0.3916671 0.2287173 0.3943109 0.5932489 0.3995620 0.4474787 0.4749910 0.3776470 0.7368979 0.0967545 0.4171210 0.3411474 0.4170473 0.5135831 0.2362165 0.2747545 -0.3682355 0.2503400 0.5184063 0.6052578 0.5239959 0.2619428 -0.4337131 0.4908916 0.5234850 -0.2936973 0.5767630 0.4394875 0.3998175 0.0843288 0.4287561 0.4842424 0.4430801 0.0794774 0.2345476 0.1778225 0.3160290 0.3620775 0.1081966 -0.1350308 0.2906987 -0.2581451 0.0740202 0.2059470 0.3103969 0.2175903 0.2912359 0.0980179 0.2023285 0.2134087 0.1615020 0.2804680 0.4682420 0.2285611 0.4561573 0.3549519 0.2135361 0.1083088 0.3158352 0.3580348 -0.1873050 0.3699811 0.0912285 0.0071957 -0.1503644 -0.1286171 -0.3072743 -0.1624608 0.0341921 -0.3469109 -0.3619253 0.0859092 -0.0760747 -0.4038622 -0.0045389 0.3463857 0.0832495 -0.4129451 -0.1485438 -0.1393632 -0.3869466 -0.3885213 -0.2762184 -0.1593958 -0.1167110 -0.3430266 -0.1735165 -0.2649274 -0.0710260 -0.3624545 -0.0901633 -0.4669862 -0.1856109 -0.0543592 -0.0885905 0.1203765 -0.0311093 -0.0093057 -0.0400782 -0.0968063 -0.0962588 -0.0332502 -0.1493106 -0.1201862 -0.1790744 -0.1193938 -0.1009414 0.0117043 -0.3254888 -0.2797554 0.0451945 -0.1072154 0.0677415 0.2402044 -0.0962317 0.0893730 -0.3412837 0.0282042 -0.6041024 0.1210239 -0.1953258 -0.3197105 -0.5016278 0.3938263 -0.2268876 -0.3461142 -0.5295996 -0.3510381 -0.1800907 -0.2226153 -0.3830819 -0.2003341 -0.3559737 -0.4378866 -0.4375562 -0.1031022 -0.2674588 -0.2737606 -0.3594098 -0.1314171 -0.1976776 -0.1585284 -0.4737820 -0.2808821 -0.2161824 -0.2902690 -0.4654193 -0.8053544 -0.4298991 -0.1191229 -0.5225018 -0.7457431 -0.4286306 -0.6446533 -0.2176502 -0.4737671 0.5910838 0.2635883 0.3679699 -0.1590809 -0.2882941 -0.2948129 -0.4658406 -0.3186900 -0.3431412 -0.0455810 0.0437309 0.2084197 0.2651000 0.2559230 0.3546138 -0.0202149 -0.3555543 0.0676134 0.0894533 -0.0847357 -0.0295654 -0.0058137 0.2618975 0.2386457 -0.1945820 0.2983624 0.3362746 -0.0014357 0.1583993 -0.0389825 -0.0561099 -0.1872866 0.2297684 0.0282590 0.3500965 0.0206654 0.1540075 -0.0116845 0.1177586 -0.0205786 0.2851502 0.4554573 0.0807492
0.5233945 0.4055265 0.5990421 0.1971372 0.7235278 0.5756394 0.0000000 0.3489212 0.5591543 -0.0783096 0.0493420 0.6662622 0.2848208 0.2253287 0.5645066 0.4471227 0.0261548 0.1859864 0.4360561 0.1227228 0.2935271 0.2131284 0.4256452 0.2294950 0.2398164 0.3018642 0.6064770 0.3778304 -0.0729826 0.6953561 0.0159706 0.4947414 0.0827925 -0.2137131 0.3774954 0.0980095 0.2210560 0.3530064 0.4132339 0.4076023 0.4739286 -0.1229716 0.3159480 0.0230270 -0.4571333 0.3153381 0.1439033 0.3912247 -0.4620402 0.0358145 0.2238716 0.4469237 -0.3875205 -0.2329138 0.1033931 0.1452850 0.2174431 -0.3393542 0.1356554 0.0965640 0.0434986 -0.2440071 0.4557825 -0.0734396 0.0151317 0.3239808 -0.3119698 -0.1890954 0.1329465 -0.0016102 -0.2034781 0.3250966 -0.2878425 0.4858244 0.1448773 0.0822056 0.3416497 -0.1383721 0.2476323 0.1726648 -0.0227538 0.4396526 0.4780371 0.0989138 0.2040691 0.1548738 -0.2399756 0.1752301 -0.0300014 0.0581369 0.1160886 -0.1261039 -0.0429056 0.3346477 0.2566776 -0.4842118 -0.4771092 0.0645550 0.1770690 0.2836640 -0.0758893 -0.0863393 0.3591312 0.3444007 -0.4884038 -0.4892017 0.3284394 0.2096926 -0.0846146 0.3741797 -0.2254411 0.3828843 0.2717324 0.2000019 0.3928180 0.3791922 0.3193149 0.3915061 0.3032400 0.3702650 0.3604269 0.1680120 0.1190216 0.3461290 0.3755399 0.3465406 0.2347789 0.0432415 0.3020406 0.3193850 0.3127284 0.4947219 0.3241985 0.2750876 0.2300935 0.1058632 0.2798446 -0.0731494 0.3609450 0.3894519 0.0525657 0.0245682 0.4811117 0.3440055 0.1281185 -0.0703380 -0.0361941 0.0979643 0.0433237 0.0971792 0.2677811 0.2047158 -0.0978453 -0.0830339 0.0020363 0.2320516 0.1645943 0.0539469 0.2266663 0.2716822 0.0928742 -0.1281088 0.1242279 0.2304058 0.0379722 -0.0065940 -0.4094707 -0.0032541 0.2826033 -0.1240638 -0.2661746 0.0320739 -0.1235693 0.2965663 0.1196962 0.8437697 0.6939766 0.9161076 0.4065290 0.1073254 0.3014453 -0.0005863 0.0306467 0.1332320 0.5556151 0.2969011 0.7157780 0.2720903 0.4760322 0.2515959 0.3990151 -0.2258033 -0.1328916 0.4890516 0.3775299 0.4639496 0.0066705 0.0486535 0.1754786 0.3050612 -0.0564225 -0.0452774 0.1059900 0.1412387 0.2677943 0.3567245 0.4115067 0.7103116 -0.2863063 -0.0776979 0.2616784 0.2025696 0.4197655 0.5735412 0.2800274 0.5256974 0.2947890 0.1797590
0.1024220 0.0970951 0.4563997 0.8300120 0.5031911 0.5722642 0.3489212 0.0000000 0.5657644 0.3516522 0.5292979 0.6640927 0.8480917 0.5940519 0.5337435 0.7554339 0.3800303 0.2826092 0.8993707 0.3066850 0.5952941 0.8698892 0.5037995 0.4245639 0.8450635 0.7263711 0.1945638 0.6015273 0.5111227 0.4417242 0.6141852 0.6906647 0.4657184 0.4753866 0.2597987 0.0480566 0.2056322 0.8598320 0.4080322 0.5124901 0.3768599 -0.2370484 0.1570693 0.5465356 -0.0390144 0.6268224 0.2371660 0.7391630 0.4078346 0.7202779 0.2036560 0.2286969 0.5433372 0.3790798 0.3477718 0.3468725 0.1462543 0.5209757 -0.0695803 0.0406020 0.0286376 -0.0660265 0.2508475 0.7501162 0.5672893 0.2096796 0.0232044 0.2990839 0.2669137 0.7455193 0.4438366 0.7638054 0.4009688 0.7164250 0.6637052 0.7913689 0.6776745 0.4191546 0.5479902 0.3520381 0.2058137 -0.2138277 -0.1317491 -0.3348608 -0.3976759 -0.4577150 -0.1817556 -0.2718245 -0.5220996 -0.2875804 -0.1622979 0.0628990 -0.0570229 -0.1546821 -0.0258236 0.0886065 -0.3865545 0.1084607 -0.4838796 -0.1639455 0.0781659 -0.1398298 -0.3269138 0.0253439 -0.1159683 0.1184921 -0.0970374 -0.1404494 -0.0598981 -0.0584043 -0.3049971 -0.0131351 0.0549961 -0.0434737 0.1157954 0.1308930 0.1317846 0.1847787 0.1282039 0.1376993 0.0885411 -0.0106915 -0.0495387 0.0590213 0.2912165 0.1133888 0.0677613 0.0645762 0.1239885 0.2922498 0.1676211 0.3434928 0.2238359 0.3516542 0.1981122 0.1767087 0.3222779 -0.0456555 0.2165374 0.0350682 0.1401505 -0.1052185 0.2399013 0.0730685 0.0289124 0.2478624 -0.1572587 -0.0393549 -0.0557544 0.0792852 0.0895744 -0.0401364 -0.1228227 0.1084375 -0.1000391 0.0727921 -0.0723641 -0.0545224 -0.0844853 -0.1309904 0.0071514 -0.1210728 0.2102413 -0.1868178 -0.0732449 -0.0575398 -0.2670919 -0.1632663 0.0126729 -0.1273227 -0.2475109 -0.1528075 -0.0844110 0.1683661 -0.1071687 0.5975231 0.6015269 0.4075389 0.3224458 0.0507384 0.0626147 -0.0883305 -0.1146774 -0.0747120 0.1092551 0.5167273 0.3168932 0.1700545 0.4721608 0.6878058 0.1852540 0.3834134 0.6345479 0.2615502 0.1461054 0.1544702 -0.0565990 0.7962375 0.6273222 0.0857543 0.1123904 -0.3952528 -0.1660088 -0.0351496 -0.0491702 0.0090244 0.1284446 0.4542911 -0.3069962 -0.1782598 -0.2170619 -0.1228612 0.0856004 0.4715982 -0.0162258 0.4311441 0.3109356 0.1401560
0.1688570 -0.0684988 0.2625311 0.4329017 0.5814716 0.5008217 0.5591543 0.5657644 0.0000000 0.5434088 0.5663804 0.8210562 0.4633351 0.8512778 0.9616927 0.5793304 0.2631551 0.7866082 0.5620202 0.4023887 0.3119873 0.6634017 0.5315983 0.6965042 0.5272827 0.3988307 0.1237933 0.6622907 0.0783674 0.5964474 0.5477695 0.4110604 -0.0318435 0.0484077 0.2817805 -0.1264658 0.0842743 0.5223861 0.6570876 0.6718909 0.5589975 -0.3695494 0.3191331 0.4148792 -0.3936657 0.4371998 0.4097253 0.5784478 -0.0414684 0.3918785 0.2958978 0.4099540 0.0056120 0.2785039 0.2810981 0.1433075 0.1718593 0.3273373 -0.3322966 0.0294032 -0.3060377 -0.1035085 0.1357528 0.2228373 -0.1846264 0.0418048 -0.0190422 0.1909359 -0.1126944 0.3362193 0.1757375 0.3186307 0.2847285 0.4513251 0.0980224 0.5069945 0.2104119 0.1219059 0.5836041 0.2302517 0.2145556 -0.0195107 -0.0702901 -0.4652727 -0.4492358 -0.5264823 -0.6103719 -0.2685962 -0.5601229 -0.3990248 0.1400341 -0.0298323 -0.2915393 -0.3116032 0.2936557 0.0184565 -0.6370858 -0.1758299 -0.3431341 -0.2030621 -0.3259688 -0.4352292 -0.1795274 -0.1771049 -0.5410645 -0.1434348 -0.1642875 -0.1599884 -0.4195001 -0.0706274 -0.5741068 -0.1501711 -0.1096671 -0.2529383 -0.0547069 0.0419691 -0.1199894 0.0440117 -0.0832590 -0.1082160 -0.0462200 -0.1646399 -0.2288696 -0.1002796 0.0228234 -0.2232183 -0.0515776 -0.2514744 -0.1782333 -0.0595596 -0.1331861 0.0472369 -0.1196517 0.0004126 0.0006511 -0.0970087 -0.0673090 -0.2141311 -0.0412521 -0.1520830 -0.2670962 -0.3195122 -0.0380740 -0.1567305 -0.1801245 -0.0104638 -0.2705360 -0.2591270 -0.3625224 -0.1903958 -0.0852208 -0.1890980 -0.3459430 -0.2415254 -0.2596339 -0.1071954 -0.2616780 -0.2989205 -0.2739346 -0.2346032 -0.2499073 -0.3540860 0.0078782 -0.3188280 -0.3229151 -0.2474359 -0.3421741 -0.3860361 -0.1191251 -0.3774823 -0.4499958 -0.3158069 0.0481979 0.1115795 -0.2503502 0.4084698 0.5069939 0.4708383 0.1437508 -0.1739683 -0.1138072 -0.3589749 -0.3101484 -0.2640961 -0.0021645 0.0520072 0.3043979 0.4231648 0.2015051 0.1160650 -0.0961945 -0.2248079 0.2300232 -0.0273042 -0.1587991 -0.1066717 -0.1314554 0.5298975 0.5633807 -0.2064876 0.0560468 -0.3263274 -0.4684708 -0.1815035 0.2417758 0.4510174 -0.0966728 0.4402843 -0.2001653 -0.1805771 -0.4790469 -0.2861194 0.4273385 0.4056579 -0.2887451 0.6607529 0.2748675 0.3137841
-0.6329779 -0.0867355 -0.2595976 0.2350426 0.1297213 0.0388492 -0.0783096 0.3516522 0.5434088 0.0000000 0.8195916 0.5699800 0.1536521 0.8279954 0.6110914 0.3208679 0.7213277 0.5193273 0.2531512 0.0788006 0.3986681 0.5881206 0.3578608 0.4451011 0.4579595 0.2484153 -0.0644621 0.2242833 0.4690453 0.2476741 0.6290301 0.1774892 -0.0646829 0.3523240 -0.0251854 -0.0925567 -0.0931136 0.4022164 0.5050965 0.6661187 0.2881034 -0.0978368 0.0648439 0.5304708 0.2470652 0.3974425 0.3878524 0.6433652 0.5005738 0.4834325 0.2681416 0.2443389 0.4792417 0.5133176 0.5824435 0.3189348 0.1339717 0.6818584 -0.3238670 0.1236850 -0.1083641 0.1597624 0.1717413 0.5248682 -0.0200246 0.0556246 0.4736379 0.2987528 0.1905977 0.4705000 0.5251781 0.3123296 0.6451062 0.3177155 0.0004709 0.6756371 0.1438574 0.3133402 0.6315425 0.2014326 0.3449226 -0.4367368 -0.3811324 -0.4110338 -0.5956642 -0.5458359 -0.8063223 -0.6564848 -0.3478467 -0.3142106 -0.3047500 -0.3925486 -0.3056383 -0.3307803 -0.0791858 0.2835311 -0.3164871 -0.1563007 -0.3811015 -0.1439592 -0.1921431 -0.2424519 -0.3339107 -0.3499582 -0.1522192 -0.0026533 -0.4461671 -0.2573340 -0.3850639 -0.3865211 -0.3013076 -0.5097816 -0.3120126 -0.4371949 -0.5262493 -0.4207397 -0.6460231 -0.3407424 -0.4901810 -0.5635229 -0.6027343 -0.5622327 -0.7424517 -0.4528647 -0.2913685 -0.6900395 -0.6112320 -0.5795157 -0.4675164 -0.6154271 -0.6121893 -0.4132967 -0.6094733 -0.2604551 -0.1637142 -0.3929396 -0.4936172 -0.2659011 -0.6232523 -0.5196761 -0.5115646 -0.4599918 -0.3855920 -0.4722083 -0.5290890 0.1132002 -0.6505709 -0.6679661 -0.5028161 -0.4170103 -0.4653891 -0.5646694 -0.5868892 -0.3394424 -0.6496765 -0.5707216 -0.5639110 -0.6230364 -0.5659437 -0.6737186 -0.6992298 -0.5034719 -0.3525466 -0.7161500 -0.6366708 -0.5542506 -0.2334380 -0.4642330 -0.3331592 -0.4972409 -0.3436326 -0.4095744 0.0746905 -0.1088733 0.1152903 -0.1880316 0.1969627 -0.0297476 0.1118218 -0.1332485 -0.0207450 -0.1679233 -0.2126890 -0.2059318 -0.2359448 0.1355642 0.0288966 0.4145581 0.0368142 0.1152364 -0.5828994 -0.0911226 0.5123235 -0.5555925 -0.6427825 -0.5408652 -0.0561933 0.7347896 0.6317576 -0.4811722 -0.2657930 -0.2115523 -0.6687350 -0.4188801 0.1632327 0.1397812 -0.4493827 0.0159576 -0.3762572 0.1336132 -0.7496167 -0.6392434 0.2112811 0.0785608 -0.7019192 0.4464124 0.3321065 0.2512042
-0.4818163 -0.0518185 -0.2064083 0.4307317 0.0464479 0.2006814 0.0493420 0.5292979 0.5663804 0.8195916 0.0000000 0.5514827 0.2342835 0.7476196 0.6132231 0.6183807 0.7443157 0.5277150 0.5094507 0.0697014 0.4157086 0.7059439 0.6403077 0.4909307 0.6395695 0.4739944 0.1548260 0.2004714 0.3217822 0.2274535 0.6416487 0.2516374 -0.1160847 0.0989668 0.2447298 -0.0537299 0.0518138 0.5488363 0.6814367 0.6608534 0.3791608 -0.0219662 0.3776153 0.3992158 0.0869630 0.5589349 0.5527417 0.7078977 0.3679189 0.5517111 0.4852990 0.5837585 0.3332309 0.6490775 0.4145569 0.3593813 0.2633559 0.7203114 -0.1615072 0.3585599 -0.0376715 0.4490517 0.0106417 0.5417463 0.0011849 0.2045546 0.5912158 0.5929409 0.2054368 0.5822012 0.7482555 0.2986019 0.7038353 0.1950401 0.2906635 0.6066571 0.0938245 0.2643326 0.4363120 0.0724422 0.0714277 -0.3811792 -0.3441696 -0.3441379 -0.4704757 -0.5193470 -0.7073955 -0.4420886 -0.4426301 -0.2212329 -0.2642370 -0.2155641 -0.1896970 -0.2338006 -0.1123837 0.2204077 -0.3691253 0.0014761 -0.3236729 -0.0991149 -0.0336929 -0.1676508 -0.1610257 -0.2394291 -0.1244114 0.0461655 -0.3382779 -0.0068709 -0.2724242 -0.2350739 -0.2324241 -0.3057887 -0.0660302 -0.2582260 -0.2853861 -0.1886991 -0.4309312 -0.1865957 -0.2892185 -0.4137041 -0.4666058 -0.4454532 -0.4928453 -0.2855444 -0.1714442 -0.4800115 -0.4030551 -0.3168071 -0.3674846 -0.3994843 -0.4749524 -0.2372555 -0.3941507 -0.0505583 -0.1491320 -0.1446667 -0.2666247 -0.2225139 -0.4882532 -0.2767569 -0.3333011 -0.2896970 -0.4089021 -0.2440816 -0.3238533 0.1279091 -0.4667758 -0.5297903 -0.3759621 -0.2487298 -0.2328840 -0.3156414 -0.3784516 -0.1954514 -0.5502206 -0.3404665 -0.3206073 -0.4138609 -0.3934400 -0.3991175 -0.5049371 -0.3099505 -0.1910019 -0.4471811 -0.4729844 -0.3487560 -0.1386706 -0.2884756 -0.0864744 -0.2780913 -0.2816194 -0.2228505 0.0919072 -0.1052317 0.1118166 0.0411916 0.3508786 0.0299740 0.1867179 -0.0663602 -0.0355101 -0.1387562 -0.1336110 -0.1879846 -0.2605137 0.0207262 -0.0417319 0.0641319 -0.1030240 0.1290438 -0.3646832 0.0425328 0.5643021 -0.2282409 -0.4139777 -0.2793176 -0.0565095 0.7165077 0.4468613 -0.2910513 -0.2104784 -0.2204719 -0.6468526 -0.3248174 -0.0529407 -0.0248484 -0.2831351 0.1835308 -0.3421541 -0.0085395 -0.5733067 -0.3946634 -0.0138625 0.0180406 -0.5436790 0.4101263 0.4020743 0.1954968
-0.0081194 0.2249522 0.3047915 0.4140550 0.5548935 0.4854021 0.6662622 0.6640927 0.8210562 0.5699800 0.5514827 0.0000000 0.3869807 0.7717772 0.8799220 0.5461512 0.4736797 0.4594687 0.5680006 0.0938255 0.7397882 0.6134063 0.4512855 0.4787648 0.5172973 0.4038617 0.3261317 0.5498405 0.4872354 0.7399631 0.4053332 0.4615691 0.1509287 0.2258155 0.0428388 0.2165112 -0.0789512 0.5315992 0.4913156 0.7274824 0.4504427 -0.0729089 0.0334946 0.3799296 -0.0817914 0.3657741 0.1621791 0.6641403 0.0060814 0.3444492 0.1148987 0.2953289 0.1886732 0.1753066 0.2901621 0.1193058 0.0340614 0.2659239 0.0248156 -0.1086725 0.1145708 -0.2332718 0.2703923 0.4816105 0.2254258 0.0638495 -0.0784261 0.0314699 0.1612702 0.5107760 0.1175404 0.6280632 0.2193040 0.6360353 0.1788251 0.6398141 0.5285633 0.1591206 0.5617021 0.2291651 0.1755063 -0.0927629 0.1509747 -0.1421459 -0.2126265 -0.3036279 -0.5698843 -0.2505950 -0.2713783 -0.0738460 -0.1688146 -0.2569643 -0.2034407 -0.0069526 0.1415943 -0.1348638 -0.6088129 0.0356600 -0.2885858 0.1384542 -0.0415341 -0.1529592 -0.0041367 0.1732528 -0.3177160 -0.1809432 0.0906658 0.0373174 -0.1340773 0.1637979 -0.3438239 0.0767666 0.0758692 -0.0677770 0.0307847 0.0927461 -0.0609023 0.1185637 -0.0396928 0.0308794 -0.0389796 -0.1643863 -0.3572241 -0.0084306 0.2057452 -0.0548680 -0.1516067 -0.3072113 0.0382751 -0.0071539 0.0013008 0.2957426 -0.0608073 0.1341688 0.3668956 -0.0822716 0.0651145 -0.1267239 0.0802191 0.0641245 -0.0809925 -0.1304313 0.1518547 0.0476456 -0.1052979 0.1043494 -0.2816853 -0.1824484 -0.1248051 0.0238257 0.1216228 -0.0948922 -0.2540105 -0.1292402 -0.2661706 -0.0204732 -0.0968065 -0.1710496 -0.1060235 -0.0812611 -0.1870636 -0.2093106 0.0180775 -0.1593212 -0.1613939 -0.1840270 -0.4174977 -0.2057557 0.0572955 -0.2386932 -0.3841228 -0.1838864 0.0042501 0.0745840 0.0521608 0.5907505 0.7711390 0.6915249 0.5439324 0.1951895 0.3170908 0.0642474 0.0359897 0.1252772 0.3380230 0.4414138 0.5749646 0.3085457 0.3786364 0.3782975 0.0637715 -0.1086936 0.2385535 0.0778709 0.0041499 0.0343484 -0.0198339 0.5787579 0.5315381 -0.0240699 -0.2781645 -0.3044220 -0.3450733 -0.2501491 0.1769938 0.2929963 0.0720347 0.5625799 -0.6119132 -0.1414049 -0.3459964 -0.2795498 0.3346564 0.4929066 -0.1659751 0.5821737 0.2774777 0.1705608
0.3458887 -0.0868157 0.5538354 0.7457549 0.6550227 0.5856195 0.2848208 0.8480917 0.4633351 0.1536521 0.2342835 0.3869807 0.0000000 0.4272305 0.3371585 0.6356638 0.1084229 0.2541683 0.8281565 0.5470614 0.1692307 0.7685931 0.4173771 0.3231815 0.7864431 0.7175247 0.0830356 0.6195894 0.1849916 0.3036952 0.6288975 0.8074203 0.4852087 0.4312272 0.4426386 -0.2828164 0.4366940 0.8643061 0.3744796 0.3009430 0.3706504 -0.5282933 0.2972330 0.5480417 -0.2599473 0.6838698 0.3044891 0.6689746 0.3953755 0.7271552 0.2515893 0.1402094 0.4160943 0.2183863 0.4514487 0.4424483 0.2560090 0.3284202 -0.3313677 0.0989341 -0.3027784 -0.1598184 0.3935830 0.4780425 0.3940926 0.2532331 -0.0912885 0.1690295 0.1680794 0.4572796 0.2696583 0.5638254 0.2072410 0.7067760 0.5740577 0.5943170 0.5567187 0.3635662 0.5607823 0.4810513 0.3140030 -0.0110991 -0.1744291 -0.4673254 -0.4566556 -0.4207891 -0.0109425 -0.2541422 -0.5505379 -0.4972644 0.1069264 0.2185468 -0.0247093 -0.2191033 0.0642177 0.1168877 -0.2305807 -0.0335622 -0.3804524 -0.3752833 -0.1064990 -0.2818125 -0.4694589 -0.1643070 -0.2483311 0.1145050 -0.2188034 -0.3626147 -0.2265956 -0.2124362 -0.3795336 -0.1177962 -0.0881512 -0.0917896 0.1280003 0.1181450 0.2108628 0.1891630 0.1898587 0.1924330 0.2283136 0.1290491 0.1496719 0.0830862 0.2594736 0.0951351 0.2197837 0.1647802 0.0496535 0.3588959 0.1763976 0.1907496 0.2985686 0.2561736 -0.1415182 0.1709313 0.2754207 -0.1315104 0.2379714 -0.1441172 0.0571621 -0.2722915 0.3309984 -0.0147650 0.0119301 0.1678206 -0.1139417 0.0473335 -0.1455029 -0.1380732 -0.1440497 -0.1047746 -0.2108861 0.0664630 0.0309103 -0.0015622 -0.1770898 -0.1162416 -0.0903558 -0.3013927 0.0499445 -0.3073080 0.1535467 -0.3258726 -0.1375661 -0.1492151 -0.2920684 -0.2407600 -0.0903919 -0.2793907 -0.2292955 -0.1960525 -0.1636265 0.2899517 -0.3035973 0.5002276 0.3463713 0.3234300 -0.0353644 -0.2910315 -0.2044692 -0.4162496 -0.4070666 -0.3600627 -0.0203095 0.3654193 0.2352934 0.4092219 0.5718096 0.6237242 0.1901619 0.3604217 0.5984260 0.2454982 0.1173810 0.1010080 -0.0479176 0.7049759 0.7010186 0.0399567 0.4818201 -0.2598778 0.0451856 0.1722347 0.0718735 0.1344950 0.0717723 0.3380830 0.1091388 -0.0176284 -0.0706876 -0.0867259 0.2510849 0.5753190 0.0522443 0.4848418 0.3534285 0.2474581
-0.2633792 -0.1029486 0.0980849 0.4865254 0.4190051 0.3687396 0.2253287 0.5940519 0.8512778 0.8279954 0.7476196 0.7717772 0.4272305 0.0000000 0.8814106 0.5155471 0.5076038 0.8167769 0.5359592 0.3685237 0.4760145 0.7235341 0.4523490 0.7313492 0.6040525 0.4196840 -0.0814129 0.6551417 0.4138907 0.3480674 0.7160164 0.3702620 0.1095114 0.3859776 0.0598935 -0.0972067 -0.0446265 0.5544453 0.5602255 0.6820389 0.4307780 -0.2663735 0.1081985 0.5906455 0.0204814 0.4682275 0.3919481 0.6423625 0.3933442 0.5563434 0.2510383 0.2525987 0.4216697 0.4226649 0.4253765 0.1885263 0.1080965 0.5893631 -0.3399046 0.0035516 -0.1914277 -0.0154066 0.1346920 0.5079437 0.0220542 -0.0282132 0.2238512 0.2286001 0.0370318 0.4445251 0.4120865 0.3990495 0.5237410 0.4803597 0.0834011 0.6739713 0.2230795 0.3248157 0.6500941 0.1432550 0.3788434 -0.2622575 -0.2946354 -0.4800259 -0.5713292 -0.6219878 -0.6754795 -0.4209114 -0.5354250 -0.3853212 -0.0489154 -0.1160231 -0.3536881 -0.3183264 0.2488193 0.2250308 -0.5132493 -0.2016291 -0.3727992 -0.2044673 -0.2709006 -0.4196856 -0.3769070 -0.2723549 -0.3318545 0.1298729 -0.3553585 -0.2654278 -0.4045997 -0.2661651 -0.4523209 -0.3697398 -0.2237972 -0.3712627 -0.2733851 -0.1573904 -0.3717526 -0.1054042 -0.2634460 -0.3235689 -0.2970638 -0.3042681 -0.5155324 -0.2405564 -0.1330191 -0.4382317 -0.2954607 -0.4381110 -0.3339100 -0.2827045 -0.3679009 -0.1677215 -0.3189436 -0.0800281 -0.1034382 -0.2350665 -0.2328211 -0.2647045 -0.3198952 -0.3654561 -0.4422935 -0.4142865 -0.2853701 -0.3281457 -0.3692069 0.0048514 -0.4777298 -0.4848500 -0.5217427 -0.3212587 -0.3075275 -0.4074992 -0.5008429 -0.3797593 -0.4905971 -0.3549620 -0.5000845 -0.5051734 -0.5153742 -0.5123486 -0.5169767 -0.4317056 -0.2280626 -0.5965305 -0.5203876 -0.4407561 -0.4087497 -0.5264767 -0.3413793 -0.4981595 -0.5083051 -0.4793126 0.0093648 -0.0459153 -0.1592194 0.1930971 0.4370505 0.2124523 0.1565230 -0.1511608 -0.1523683 -0.2987549 -0.2904319 -0.2997438 -0.1728442 0.1564007 0.1565166 0.4394174 0.1700451 0.1930649 -0.3356610 -0.1839817 0.4489046 -0.2794318 -0.3796715 -0.2920731 0.0563482 0.7392635 0.6600744 -0.2845609 -0.0610581 -0.2593688 -0.5235227 -0.1586032 0.1644979 0.2715793 -0.2576700 0.2518322 -0.2990603 -0.0033999 -0.6635694 -0.4442309 0.2726655 0.2547170 -0.4720563 0.5448603 0.3362930 0.3029472
0.0442514 0.0921884 0.2660530 0.3966127 0.5375579 0.4044931 0.5645066 0.5337435 0.9616927 0.6110914 0.6132231 0.8799220 0.3371585 0.8814106 0.0000000 0.4826733 0.3272486 0.7896575 0.4806950 0.3445440 0.4514132 0.6023909 0.4648062 0.7367809 0.4665798 0.3212585 0.1152946 0.6153303 0.2074009 0.5583020 0.5432373 0.3490333 -0.0746264 0.0733171 0.1710556 0.0574695 -0.0346090 0.4691541 0.5734640 0.7029366 0.5884859 -0.2222237 0.1870880 0.3638839 -0.2380454 0.3630633 0.3209420 0.5736782 -0.0251514 0.3470740 0.2173186 0.3918267 0.0556377 0.2809637 0.2644699 0.0768060 0.0831129 0.3427136 -0.2213702 -0.0361371 -0.1278567 -0.0956717 0.1524303 0.2667509 -0.1267562 -0.0065107 -0.0226493 0.1497027 -0.1017193 0.3488052 0.1747409 0.3277934 0.3005882 0.4492235 0.0215188 0.5436954 0.2487074 0.1771702 0.5847415 0.1762456 0.2321191 -0.0222446 -0.0515107 -0.4058853 -0.4040565 -0.4908363 -0.6674911 -0.2747465 -0.5087708 -0.3005924 0.0800323 -0.0706043 -0.2945194 -0.2470211 0.3250612 -0.0129943 -0.6466436 -0.1710532 -0.2872589 -0.0441680 -0.2836388 -0.4140720 -0.1281412 -0.1045060 -0.4976283 -0.1305749 -0.1144349 -0.1159865 -0.3640620 -0.0454096 -0.5128227 -0.1151131 -0.0810935 -0.2679276 -0.0955979 0.0560721 -0.1579644 0.0752860 -0.0713381 -0.1142992 -0.0662146 -0.1441631 -0.2827382 -0.0241048 0.0425258 -0.1726756 -0.0911790 -0.2567094 -0.0903760 -0.0863753 -0.1245980 0.1135168 -0.1653360 0.0595051 0.0764936 -0.0578576 -0.0706700 -0.0963072 -0.0863370 -0.0553294 -0.2804994 -0.2094734 -0.1237166 -0.1096964 -0.1631587 0.0475975 -0.2967517 -0.3220345 -0.3983589 -0.1029273 -0.0317300 -0.1521772 -0.3240676 -0.2890080 -0.3754528 -0.0897645 -0.2744445 -0.2941700 -0.3291782 -0.1740345 -0.3191930 -0.2738100 -0.0095394 -0.2863320 -0.3370865 -0.2144843 -0.3370417 -0.3955933 -0.1612387 -0.3350349 -0.4494987 -0.3464859 0.1118347 0.0755547 -0.0806795 0.4146368 0.6027923 0.5071906 0.3270958 -0.0031790 0.0047073 -0.1806634 -0.1697480 -0.1251768 0.0894354 0.1582223 0.3775001 0.3937714 0.2132365 0.1100810 -0.1080708 -0.2291742 0.2596634 -0.0317153 -0.1216971 -0.0292241 -0.0144239 0.5373915 0.4988367 -0.0919481 -0.0936244 -0.3704303 -0.5112170 -0.1584802 0.3055828 0.4444888 0.0052111 0.4915636 -0.3453497 -0.2462039 -0.5268710 -0.2297904 0.4391831 0.4094789 -0.2403225 0.6025574 0.2523945 0.3369230
0.0691025 -0.0788879 0.2091378 0.7066882 0.4024723 0.7304906 0.4471227 0.7554339 0.5793304 0.3208679 0.6183807 0.5461512 0.6356638 0.5155471 0.4826733 0.0000000 0.5033813 0.3255543 0.9065037 0.1249953 0.3157417 0.7594624 0.7693336 0.4019258 0.8223934 0.7978072 0.5025760 0.5403672 0.1534493 0.5227312 0.3942853 0.6076930 0.4362040 0.2253842 0.4987975 -0.3601413 0.4217248 0.7515482 0.7618416 0.5914825 0.2824135 -0.3707311 0.5650848 0.5937649 -0.2698110 0.7912543 0.5577978 0.6460394 0.2856539 0.6786234 0.5847119 0.5671678 0.2145796 0.4013883 0.2812868 0.5017849 0.4468294 0.4084015 -0.2105995 0.4556064 -0.2595723 0.1927733 0.1773007 0.4917487 0.2187418 0.4328158 0.3419364 0.4580814 0.3694112 0.4821894 0.5693473 0.5338269 0.4200068 0.4443471 0.6258628 0.4540110 0.2379335 0.0837678 0.3272053 0.1774330 -0.0161344 -0.1255678 -0.1096868 -0.1880684 -0.2453885 -0.3389353 -0.3665256 -0.0851758 -0.3761507 -0.2584016 -0.2456315 -0.1783912 -0.2151654 0.0007813 -0.0830847 -0.0193947 -0.4592870 0.0329189 -0.2236948 -0.2343964 -0.0243135 -0.1491379 -0.1595138 -0.0790933 -0.2695866 -0.0780420 -0.2410707 -0.0317705 -0.2210099 -0.0740895 -0.2860184 -0.1163289 0.0143586 -0.0380179 0.0946701 -0.0676514 -0.0898972 -0.0316800 -0.1236808 -0.0987344 -0.1879819 -0.3169368 -0.2727007 -0.2227553 -0.0339889 -0.1817152 -0.1789197 -0.1990656 -0.2195773 -0.0212061 -0.1623649 -0.0341899 0.0221359 0.1083481 -0.0440798 -0.1291265 0.0311367 -0.4472299 -0.0704398 -0.1097417 -0.1118952 -0.3725891 0.1811259 -0.0386045 -0.2494183 -0.0902764 -0.3793527 -0.2441867 -0.1591852 -0.2497439 -0.0962827 -0.2027165 -0.3792820 -0.0647119 -0.1558878 -0.1706229 -0.1418072 -0.2853370 -0.1015329 -0.2473636 -0.1842069 -0.3988752 -0.1073927 -0.2449771 -0.2628240 -0.3415205 -0.4335533 -0.2043948 0.1232392 -0.3020155 -0.3687347 -0.1218576 -0.3880895 0.0398081 -0.1680048 0.5709525 0.4192667 0.3306899 -0.0055772 -0.2917441 -0.0893647 -0.3967239 -0.3573635 -0.3595614 -0.1573484 0.0916259 0.0818387 0.0874821 0.1734080 0.3947484 0.0119997 0.0441183 0.3538113 0.1703504 -0.0987460 -0.0237695 -0.1985359 0.5293877 0.5250532 -0.1878027 0.0813407 0.0349762 -0.1178036 -0.0098500 -0.2182201 -0.1741424 -0.1451700 0.3930478 -0.1748724 0.2153648 -0.0113367 -0.1521977 -0.1013210 0.1503949 -0.2183918 0.4695654 0.5904161 0.1406591
-0.6098888 0.1759434 -0.2380172 0.1878341 -0.0194685 0.0785610 0.0261548 0.3800303 0.2631551 0.7213277 0.7443157 0.4736797 0.1084229 0.5076038 0.3272486 0.5033813 0.0000000 0.0765109 0.3663341 -0.3800681 0.4721223 0.4966679 0.5660351 0.0623573 0.5274575 0.4072632 0.4279443 0.0138686 0.5024440 0.2495554 0.2052448 0.2972797 0.2045208 0.2890869 -0.0446482 -0.1422251 -0.1383745 0.4429139 0.3978778 0.4217640 -0.0867492 -0.0946997 0.0800195 0.3518627 0.0912564 0.4359972 0.1207645 0.5962019 0.4428518 0.5592535 0.1203753 0.2362140 0.3693581 0.2610035 0.3325426 0.2792464 -0.0603288 0.3894493 -0.1857429 0.0729944 -0.0481678 0.0087120 0.1296452 0.5037904 0.1924055 0.0832904 0.3394742 0.1652082 0.3937450 0.3883576 0.4924007 0.3867371 0.3561756 0.2551181 0.2004036 0.4362171 0.2205785 0.0192741 0.1984079 0.1822209 -0.0973276 -0.4797119 -0.3388802 -0.1285549 -0.2961896 -0.3092954 -0.6817564 -0.4252725 -0.1224921 -0.0035961 -0.7051602 -0.6579958 -0.2534592 0.0126423 -0.4241486 -0.2338579 -0.4201856 -0.0289461 -0.2797278 0.0390393 0.1368640 -0.0272794 -0.1675404 -0.1201230 -0.1448451 -0.0209145 -0.2086278 -0.0920314 -0.1588355 -0.1447345 -0.1025505 -0.1978838 -0.1430602 -0.1790031 -0.3437298 -0.3121010 -0.4088233 -0.3441035 -0.3209565 -0.3198402 -0.4413414 -0.4014993 -0.6354905 -0.3398854 -0.1370320 -0.4525536 -0.4920402 -0.4046870 -0.3281039 -0.4004747 -0.4266878 -0.2506821 -0.3942505 -0.1595554 -0.0106511 -0.1635672 -0.3078818 -0.3359602 -0.4821946 -0.2938964 -0.1262942 -0.3344729 -0.1327706 -0.1231299 -0.3935575 0.2958443 -0.5133014 -0.4166916 -0.1870875 -0.2799089 -0.2358519 -0.3031396 -0.4213651 -0.0451012 -0.2641748 -0.3222182 -0.1752687 -0.3418418 -0.1818395 -0.4301132 -0.4083361 -0.3562258 -0.2470321 -0.3801224 -0.3230320 -0.3444245 -0.2067837 -0.1552708 0.1787206 -0.1804394 -0.0909134 -0.0061252 -0.0103094 -0.0460003 0.4017294 0.0851450 0.2984403 0.0967570 0.1890405 -0.1648203 0.1615866 -0.0537926 -0.1905605 -0.1538690 -0.1749633 0.1320808 0.0266604 0.0233415 0.0582440 0.2712151 -0.2695300 0.1425394 0.4616152 -0.2577854 -0.3787256 -0.3458890 -0.0175557 0.5725432 0.4495392 -0.3065230 -0.5955319 -0.0513264 -0.3455681 -0.3173256 -0.2918300 -0.2726272 -0.3439941 0.0586104 -0.6407037 0.2074090 -0.2294983 -0.5366115 -0.2544805 -0.0565741 -0.5009671 0.3613989 0.5346291 0.2726863
