0.0000000 0.8881938 0.7097255 0.1612584 0.3361925 0.2193949 0.6636819 -0.0658481 0.1820309 -0.2181509 -0.3214323 0.5363554 0.0054172 -0.3265776 0.5244193 -0.2735392 -0.4178060 0.1877174 -0.0971109 0.1183463 0.3930893 0.1133876 -0.4241015 0.4342372 -0.0529909 -0.3990362 -0.3270475 0.1100587 0.3323401 -0.3119037 -0.2965556 -0.2139137 0.3555823 0.2162476 -0.5258799 0.3296580 -0.4156649 0.0379924 -0.4496234 -0.4977753 -0.1800333 0.4014544 -0.5092575 -0.2075166 -0.0712485 -0.3594970 -0.5215788 -0.0882841 0.0847969 -0.5028460 -0.5071484 -0.5733907 0.1686273 -0.5074986 -0.3482059 -0.5735649 -0.4844637 -0.4245922 0.2794755 -0.4483721 0.2086515 -0.4844852 -0.4199540 -0.2905479 0.0815468 -0.3759489 -0.3032324 -0.4759650 -0.4237270 -0.4672266 -0.2174879 -0.3240039 -0.2733688 -0.2578764 -0.1320740 -0.3139046 -0.1753942 -0.2137764 -0.2246774 -0.2501115 -0.1911842 -0.0509841 0.1314693 0.3348075 0.2767229 0.1894325 -0.2932080 0.2848078 0.1534219 0.2221034 0.0155760 0.2844609 0.4798571 0.4109548 0.0342340 0.3252608 0.1658122 0.4205880 0.1540929 0.4984976 0.2988842 0.2045559 0.3876768 0.4159205 0.1949079 0.3424729 0.5129301 0.6540572 0.1483001 0.5887420 0.1487427 0.5743852 0.4686091 0.5587412 0.4873447 0.5357691 0.4648214 0.3143060 0.4275934 0.4429049 0.5059985 0.3979362 0.2895389 0.4449745 0.4690291 0.3546499 0.4734891 0.2709431 0.3175498 0.4970808 0.5393647 0.4443248 0.3668046 0.2367095 0.2822574 0.4600277 0.4427387 0.2081049 0.3189022 0.3570243 0.4753711 0.2697451 0.0634087 0.4004619 0.3490380 0.3226616 0.3011404 0.2520561 0.5029863 0.3003776 0.4771408 0.6160968 0.3276671 0.5008904 0.2649774 0.5357204 0.3133537 0.3996168 0.1575093 0.4058883 0.3034218 0.3295135 0.4847560 0.3753340 0.4459265 0.5963877 0.4398546 0.5331954 0.3805171 0.3963926 0.4681488 0.3845050 0.8722765 0.5496511 0.8535513 0.6781055 0.5011423 0.0765045 0.3675341 0.4355254 0.1188810 0.3831787 0.4188047 0.3404154 0.3261947 -0.1141265 -0.1774120 -0.6271280 -0.1705129 0.1221746 0.4080305 -0.2397518 0.0158731 0.4512661 0.4139072 0.5575337 0.4615651 0.0414464 -0.1452827 0.3924522 0.0659761 -0.3253884 -0.1011064 0.1320690 0.2515872 0.2110809 0.2701828 0.2699336 0.1029666 -0.2030359 0.1217988 0.3310043 -0.0363786 0.2883605 0.3082143 0.1374708 -0.0088294 -0.1146426
0.8881938 0.0000000 0.8154284 0.2549007 0.3009854 0.1097553 0.5272593 -0.0176862 0.1105201 -0.2184368 -0.2983245 0.6546456 0.0804599 -0.3388526 0.4359925 -0.2784732 -0.3463999 0.0104590 -0.0776020 0.0550900 0.6147451 -0.0899641 -0.4448290 0.3348816 -0.0993717 -0.5334139 -0.4671514 -0.0898336 0.4128697 -0.4766549 -0.2836686 -0.3166127 0.1793244 0.1241841 -0.6620058 0.5179047 -0.5578661 0.0054747 -0.5715290 -0.5696480 -0.1939935 0.4869728 -0.6703766 -0.3298917 -0.0690828 -0.4709354 -0.6672513 -0.1355090 -0.0362288 -0.6339354 -0.6640238 -0.6981900 0.0932033 -0.4210019 -0.3354124 -0.6690879 -0.5603585 -0.3947622 0.4866418 -0.5502649 0.4104149 -0.6132231 -0.4737133 -0.2697878 0.0706152 -0.4254761 -0.3445829 -0.4842986 -0.5152732 -0.4567768 -0.2538730 -0.3394313 -0.2681997 -0.1855002 -0.1711166 -0.3005181 -0.0579928 -0.2304126 -0.1983927 -0.1924122 -0.0821479 0.0311632 0.2589166 0.4291467 0.3969463 0.3066136 -0.0890103 0.4314907 0.2703476 0.3826072 0.1394435 0.4947896 0.5723595 0.5075274 0.0850498 0.4767675 0.3257267 0.5850725 0.2369383 0.5008821 0.4540435 0.3127595 0.3722860 0.5712666 0.3090771 0.4141272 0.6161540 0.7251988 0.3232544 0.7274259 0.2789161 0.7196942 0.5485522 0.6289211 0.6364797 0.6229291 0.5572202 0.4486499 0.5076104 0.5910598 0.6361495 0.5197536 0.2492899 0.4674347 0.6237861 0.5175112 0.5652135 0.2473131 0.4409684 0.5884004 0.6617494 0.3847910 0.4215215 0.2347227 0.3000492 0.4094168 0.5088482 0.3720096 0.4308294 0.5576603 0.4677791 0.4144136 0.2648693 0.4604858 0.4329245 0.2059450 0.3439324 0.3092320 0.5347509 0.4134280 0.5500135 0.5719701 0.3658525 0.4379517 0.3361639 0.5237030 0.3675589 0.4346680 0.2695315 0.4761137 0.3707840 0.4018982 0.3938187 0.4606844 0.4080869 0.5778813 0.4466660 0.6255540 0.4952274 0.4681551 0.4970574 0.4515829 0.7870206 0.3903417 0.8796735 0.7708059 0.6085919 0.0629539 0.6035311 0.5190636 0.1895439 0.5163094 0.5495446 0.4783370 0.4459657 -0.0061148 -0.0691441 -0.4403633 -0.0676205 0.2407164 0.5917038 -0.1137534 -0.0814631 0.4926889 0.5627819 0.6359582 0.6382732 0.2869329 0.0240767 0.5589300 0.0023193 -0.3864044 -0.1117190 0.1056026 0.1897090 0.3034006 0.3843386 0.2268740 0.0271534 -0.0770347 0.2959671 0.3140351 0.0381634 0.3629035 0.5090569 0.0018654 -0.1027454 -0.2176596
0.7097255 0.8154284 0.0000000 0.2682093 0.7333814 0.1073618 0.3951100 0.1648813 0.2105899 -0.0286682 -0.1376998 0.5682300 0.1878184 -0.1112969 0.3339191 -0.0399963 -0.1515160 0.1658931 0.0008346 -0.0780478 0.5673941 -0.0233471 -0.1787003 0.2356322 0.0077099 -0.2697678 -0.2220966 -0.0260714 0.4028738 -0.2721056 -0.0895594 -0.1857977 0.1253281 0.1380360 -0.3858167 0.4467872 -0.3011870 0.0608991 -0.4000078 -0.4424804 -0.0716901 0.3786130 -0.3987398 -0.2749041 -0.1390590 -0.3030484 -0.4251102 -0.0323874 0.0370740 -0.3899696 -0.4700944 -0.4566018 0.1188583 -0.3274743 -0.2518958 -0.4622450 -0.3327683 -0.2690630 0.4597938 -0.3904961 0.3108542 -0.3688848 -0.2652101 -0.1260986 0.0631277 -0.2370244 -0.1752513 -0.2900914 -0.2898157 -0.2768214 -0.1028118 -0.1925668 -0.0918988 -0.0904756 -0.0626253 -0.1208014 0.0958349 -0.0994575 -0.1200536 -0.1442570 -0.0908548 -0.1521619 0.2375946 0.4148325 0.3258210 0.3457746 -0.1024414 0.2931764 0.2698287 0.2975194 -0.0151844 0.4377563 0.4781257 0.3651209 0.1982025 0.4755010 0.3691930 0.5474685 0.2990952 0.2728588 0.3398097 0.3043062 0.4567064 0.3760326 0.3474726 0.4002372 0.6984754 0.7505562 0.2957973 0.7613780 0.3449729 0.6326249 0.3837616 0.7100183 0.5801889 0.5737600 0.5322982 0.2913063 0.4610950 0.4419481 0.5127891 0.4187518 0.2859355 0.3400206 0.5159185 0.3715240 0.5931683 0.4411790 0.3051494 0.5768131 0.5993619 0.3476808 0.5159085 0.1601731 0.0996863 0.4597138 0.4918380 0.2713255 0.3492153 0.4066412 0.4194389 0.3206998 0.2244937 0.2910186 0.2803888 0.3735066 0.2117706 0.1685563 0.3507109 0.3350590 0.4723121 0.4874421 0.3125573 0.5840535 0.2963473 0.4500091 0.2192590 0.3709297 0.2080112 0.4776851 0.4323009 0.3844108 0.4067785 0.3825519 0.5311208 0.4586246 0.5026139 0.5624254 0.3957957 0.4769495 0.4580231 0.4263444 0.5393962 0.1990093 0.6031552 0.6146493 0.4979263 0.0463016 0.4691944 0.3149986 0.0170025 0.3801076 0.4471880 0.4187427 0.4542532 0.0083555 0.0311510 -0.2411635 0.0035198 0.3388653 0.4367466 0.0374239 -0.1210065 0.3335508 0.3293398 0.4028631 0.3689767 0.1143536 -0.0757979 0.4436180 0.0349654 -0.3910156 -0.0216384 0.1281010 0.0973531 0.2387518 0.2328961 0.0340135 0.0761660 0.0073159 0.2597273 0.1259447 -0.1387853 0.1619838 0.3202291 -0.1537082 -0.0768027 -0.0451159
0.1612584 0.2549007 0.2682093 0.0000000 0.0736362 0.6713931 0.4509465 0.8293609 0.4053501 0.7608186 0.7738061 0.4758881 0.8272788 0.7243773 0.1787373 0.6678483 0.6623539 0.6153462 0.5896896 0.2449731 0.4562527 0.2518142 0.5767590 -0.0671737 0.4956877 0.4535474 0.5954968 0.2630627 0.4947720 0.5442758 0.3465147 0.3742884 -0.0995069 0.2182430 0.3527821 0.3281687 0.4035849 0.5365174 0.4643699 0.5290508 0.2433788 0.4026269 0.3237120 0.2941832 0.3602616 0.4870563 0.2993098 0.4188215 0.2430118 0.4009097 0.2860071 0.3735490 0.3141923 0.6008266 0.5217420 0.3944996 0.4297809 0.5302233 0.2507135 0.4546647 0.5213435 0.4180126 0.4032007 0.6896403 0.7353788 0.4503251 0.4162762 0.5651177 0.3784051 0.6278392 0.3763017 0.7097762 0.4255799 0.8555460 0.3986419 0.6949641 0.8175304 0.5248342 0.6028952 0.5418681 0.5521255 0.1354101 -0.0463328 -0.0898123 -0.0279754 -0.1705160 0.0983566 -0.0167967 -0.0550030 -0.0471530 0.2675051 0.3014321 0.0637678 0.0490198 0.1486863 0.3169482 0.0149815 -0.0489409 0.1867074 -0.0088127 0.0601957 -0.3312145 -0.2097252 0.0009861 -0.0004969 0.1561536 0.0788046 0.0465233 -0.1215323 0.1864470 0.0311884 -0.0107024 -0.1574942 0.1218235 -0.0958858 -0.2077580 -0.0094585 -0.3640611 -0.2016922 -0.0970793 0.0536591 0.0230989 -0.0488924 -0.1852123 -0.0114871 -0.1518571 0.2178774 0.0550089 -0.3018526 0.1182043 0.0123288 -0.0682067 0.3680821 0.1866477 -0.2535270 -0.1325788 0.0225844 -0.2062638 0.1205896 -0.0377829 -0.1706253 -0.1230454 -0.0452207 -0.1948556 -0.4015501 -0.4942514 -0.2251519 -0.2389649 0.0035429 -0.2542380 -0.0930286 -0.1254045 0.0127077 -0.2781958 -0.0063268 -0.1326431 -0.1133694 -0.2630681 0.0303204 0.0349008 0.0054982 -0.1862231 -0.3187529 0.2293382 0.2026478 -0.1085779 -0.2868014 0.2304460 0.1885133 0.2370976 0.0027036 0.3276300 0.2222262 0.0412193 0.0786565 0.0303849 0.0547333 -0.0154047 0.2793440 -0.0369218 -0.2331024 -0.1128449 -0.0013154 -0.0929394 0.1495538 0.6021647 0.3655164 0.2653908 0.7850386 0.7443241 -0.1713909 0.6683330 0.5418941 -0.2448846 -0.2472029 -0.2047211 0.1646773 0.6741481 0.7319986 -0.1748347 0.2806165 0.0608155 0.2015905 0.3301469 0.2041142 0.1863004 -0.3871934 0.2634366 -0.0204795 0.4315961 0.1988133 0.2070036 0.4390204 0.3631328 0.2771049 0.1340893 0.1784427 0.3453406
0.3361925 0.3009854 0.7333814 0.0736362 0.0000000 0.0122332 0.2289601 0.2909606 0.2023419 0.0466077 -0.0115300 0.2920916 0.2506071 0.0724535 0.1774421 0.2177684 -0.0297637 0.2460544 0.1844297 -0.0185834 0.3117558 0.2041720 0.1290081 0.1526157 0.2407577 0.1292216 0.0745614 0.0976969 0.3133756 0.0157111 0.1307194 0.1230672 0.1687037 0.2542653 -0.0133236 0.2536567 0.0805160 0.2113906 -0.1138421 -0.2311847 0.1488220 0.2431007 -0.0137902 -0.0922590 -0.0884420 0.0629252 0.0373734 0.2073877 0.2190314 0.0436071 -0.0084219 -0.1143074 0.2354637 -0.2187250 -0.0054740 -0.0366989 0.0881502 -0.0614978 0.2767034 0.0016942 0.0949074 0.0588941 0.1230801 0.0539629 0.0569187 0.1442330 0.1930873 -0.0025757 0.1407646 -0.0425511 0.2448985 0.0061802 0.2280237 -0.0654514 0.2391457 0.0785537 0.1402936 0.2399839 0.0526178 -0.0218186 -0.0335113 -0.2391659 0.2363852 0.4124027 0.3214694 0.3737584 -0.0489380 0.1985262 0.3426204 0.2571264 -0.1342868 0.2788488 0.3686667 0.2224095 0.3915392 0.4344114 0.3911426 0.4206401 0.3760674 0.1371609 0.2186047 0.2909944 0.4472136 0.0660296 0.4175275 0.4208214 0.6041327 0.5791272 0.2539252 0.5725651 0.3772978 0.3307576 0.0248266 0.6044325 0.3382851 0.3229097 0.3746660 0.0767620 0.1947618 0.2560243 0.2801140 0.2683721 0.1255352 0.0914784 0.2960127 0.2004479 0.4635676 0.4310860 0.1792560 0.3432470 0.3386512 0.3095780 0.4158071 0.0850412 0.0213143 0.4201554 0.3125567 0.1550063 0.1589379 0.1751021 0.3833406 0.2352186 0.2318681 0.1449135 0.1153636 0.4734292 0.0891437 0.0468540 0.2411231 0.2484952 0.3730521 0.3996507 0.2908618 0.5843636 0.2558667 0.3425218 0.1923860 0.3196549 0.2250497 0.4514366 0.4199474 0.3772260 0.2942693 0.2969587 0.5961615 0.3284514 0.4243073 0.4459555 0.3052916 0.4228930 0.4287727 0.3943868 0.1436020 0.0453730 0.1946342 0.3309557 0.2476780 -0.0282613 0.1543969 0.1361692 -0.1407420 0.2080694 0.2778425 0.2883914 0.3553648 -0.0433104 0.1147433 -0.1592918 0.0152127 0.2651707 0.1578500 0.1274387 0.0270018 -0.0487304 0.0655937 0.0625431 -0.1987677 -0.1889949 -0.1855262 0.2211354 -0.0991420 -0.4530744 -0.1163805 -0.0476550 0.2268604 0.1555219 0.1233163 -0.0360649 -0.0734720 -0.2426971 -0.1668392 -0.3064557 -0.2391589 0.0242003 -0.0540779 -0.1996188 -0.2227206 0.0048712
0.2193949 0.1097553 0.1073618 0.6713931 0.0122332 0.0000000 0.7268965 0.3964211 0.8007460 0.5644866 0.4262954 0.4967729 0.4706036 0.5652519 0.6043615 0.2491983 0.3500787 0.8425094 0.0585899 0.4801743 0.2001495 -0.0785666 0.2604304 0.4488481 0.0274260 0.2328442 0.4820201 0.6859613 0.5341057 0.6188920 -0.1558518 0.0842250 0.4127171 0.3720346 0.3301957 -0.0251477 0.1960968 0.0493929 0.4821691 0.5148896 -0.1695197 0.1793778 0.4042655 0.4500268 0.5137980 0.2207828 0.1785253 -0.0138578 0.3284324 0.1830579 0.2087714 0.4129082 0.3942012 0.3013898 0.0110519 0.1910202 0.1385932 0.1415849 -0.2280551 0.2369103 0.2167901 0.2974358 0.1110239 0.3515038 0.7391002 0.0734326 0.0232918 0.2218534 0.1007350 0.2827094 -0.0640441 0.4717471 -0.0444186 0.6076958 -0.0252061 0.2788851 0.3547976 0.1502972 0.1645278 0.3031151 0.1874123 -0.3582386 -0.5734684 -0.5021241 -0.4060224 -0.4128185 -0.2181562 -0.4544544 -0.3365477 -0.4069622 0.0111398 0.1139098 -0.3229920 -0.4019196 -0.0944019 0.0262511 -0.3626933 -0.3789874 -0.1860888 -0.1007870 -0.3782046 -0.4988261 -0.3863278 -0.4157908 -0.3380336 -0.1774153 -0.2917946 -0.2094905 -0.4649991 -0.1758192 -0.2477738 -0.2950196 -0.1092292 -0.1354832 -0.4338620 -0.3867296 -0.2456288 -0.6499854 -0.4210636 -0.4982999 -0.3103551 -0.2462437 -0.0176104 -0.4531347 -0.4668181 -0.4921805 -0.0509429 -0.1594953 -0.5580275 -0.3110571 -0.3681155 -0.1170048 0.0261157 -0.2022782 -0.2097321 -0.3292006 -0.3495520 -0.4505701 -0.1378990 -0.3971981 -0.3563059 -0.4720388 -0.2992138 -0.4073646 -0.5558705 -0.3404088 -0.2837740 -0.3323854 -0.2428681 -0.5763876 -0.4195742 -0.2497604 -0.2342408 -0.3634026 -0.3840063 -0.3542861 -0.3795608 -0.4746873 -0.2245322 -0.3681434 -0.3375287 -0.4794906 -0.2276712 -0.1178339 -0.0737707 -0.3078084 -0.4286599 -0.1151060 -0.1488214 -0.1365894 -0.3598167 -0.1170972 0.2372394 0.0827244 0.0251407 -0.0635911 0.2016840 0.1702997 0.1621070 -0.2703264 -0.3091221 -0.4968161 -0.3344271 -0.4297069 -0.3543273 0.5830054 -0.0217101 0.1889404 0.5152766 0.5488372 -0.5490141 0.4790544 0.5170822 -0.0013340 -0.4283454 -0.2244391 0.2815350 0.4074037 0.3950312 -0.5033625 0.4342487 0.2254663 0.1190245 0.2521337 -0.2316808 0.0510271 -0.5371014 0.4901243 0.3787274 0.2996803 -0.1096917 0.4199374 0.0553365 0.0892098 0.0656449 0.5877293 0.4218743 0.2081640
0.6636819 0.5272593 0.3951100 0.4509465 0.2289601 0.7268965 0.0000000 0.2219922 0.7061873 0.1422091 0.0357409 0.7929440 0.3289083 0.0888649 0.8537450 -0.0013021 -0.0700326 0.6497205 0.0934830 0.5856241 0.5265292 0.0367253 -0.0814195 0.7327655 0.0602373 -0.0659145 0.0910839 0.5883025 0.7695124 0.2098776 -0.3332695 -0.0203839 0.6847974 0.6486615 -0.1236736 0.3401623 -0.1585654 0.1047112 0.0704949 0.0439756 -0.2288845 0.5711981 -0.0630751 0.3333142 0.5856297 0.0058290 -0.1191797 -0.0197587 0.5192349 -0.1400804 -0.0592407 -0.1120688 0.6312535 -0.1015637 -0.1587170 -0.1530487 -0.1559357 -0.0574519 0.1134699 -0.0340121 0.4511933 -0.0488388 -0.0928911 0.1619977 0.6714229 -0.0927554 -0.0543521 -0.1258858 -0.1211663 -0.0759939 -0.0514207 0.1937235 -0.1162559 0.2693304 -0.0005640 0.0027114 0.1526906 0.1231707 -0.0199741 0.0935693 -0.0088074 -0.1598783 -0.1663282 -0.0761942 0.0135608 -0.0863976 -0.1002826 -0.0274865 -0.0419252 -0.0390794 0.0180814 0.3080196 0.1588522 0.0373325 0.0950040 0.2336874 -0.0415269 0.0610067 0.0348970 0.2114841 0.0058389 -0.1426925 -0.0529805 -0.0609271 -0.0133031 0.1237918 0.0461476 0.1891655 -0.1974334 0.2085443 -0.0701446 0.0308763 -0.0263128 0.1923503 -0.0191216 -0.0453397 0.0952241 -0.2242349 -0.2399488 -0.0213944 0.1024990 0.1455839 -0.0841392 -0.1267657 -0.0217977 -0.0328814 0.2680609 -0.0818950 -0.0775349 -0.0108672 0.0416030 0.1552795 0.1540635 -0.0493299 0.2273691 -0.0143669 -0.0471139 -0.0356982 0.1687076 -0.0205326 0.1441734 -0.0363648 0.0288304 0.0042354 -0.1115196 -0.1663544 0.0856232 0.0212618 0.3192880 -0.1326364 0.0841960 0.2350243 0.1868478 -0.0256758 0.0217970 0.0213026 0.0850697 0.0485730 0.1336887 0.0692953 0.0900927 0.0415374 -0.0623976 0.1979859 0.3380268 0.1328320 -0.1291696 0.3003097 0.2522363 0.2500925 0.1613595 0.2836215 0.5757931 0.2768912 0.5002640 0.4316083 0.5500795 0.1371793 0.4606210 0.2024844 -0.1309229 -0.0584336 0.1366470 -0.0377308 0.0031436 0.4760339 -0.0113050 -0.2820532 0.2827820 0.5476570 -0.1449516 0.2913437 0.4904615 0.0907761 -0.0226304 0.1330055 0.3578080 0.3256901 0.1535017 -0.0326486 0.1216546 -0.2336064 -0.1810065 0.0128221 0.1121259 0.0245422 -0.1152101 0.6211044 0.1089362 -0.2486550 -0.2425860 0.2339444 0.1069431 0.3314085 0.1965247 0.5551920 0.1516830 -0.0846448
-0.0658481 -0.0176862 0.1648813 0.8293609 0.2909606 0.3964211 0.2219922 0.0000000 0.2284935 0.8171949 0.8790786 0.2359784 0.8791138 0.8276398 -0.0973889 0.9180385 0.7831533 0.5334899 0.8584855 0.1270586 0.3429656 0.4573223 0.8033774 -0.2582883 0.7953599 0.7592796 0.7680212 0.2039682 0.3899339 0.6654691 0.6197892 0.6442432 -0.1675073 0.3397780 0.5498389 0.3186195 0.6909390 0.7734477 0.6587381 0.6400538 0.5089476 0.4182669 0.5441522 0.4164773 0.3414053 0.8162819 0.6594124 0.6925561 0.4278510 0.7177363 0.6124875 0.5562424 0.4486815 0.7313160 0.7796834 0.7170289 0.7665415 0.8127806 0.3047768 0.7681776 0.4156410 0.6987044 0.6961669 0.8882760 0.6727896 0.8012596 0.7548567 0.8015848 0.6988404 0.8368735 0.7377096 0.8455246 0.7373997 0.8204707 0.6996766 0.8874409 0.8887124 0.8131052 0.7901303 0.5404893 0.6280289 0.2709131 0.1465352 0.0688698 0.1178349 0.0070219 0.2676990 0.1010675 0.1477769 0.0854855 0.3669360 0.2718770 0.1416097 0.1159629 0.3742508 0.3532404 0.2068171 0.0058392 0.3566441 -0.0562372 0.1314807 -0.1648889 -0.1671410 -0.0630185 0.1848147 0.2876320 0.1821877 0.0383590 0.0477444 0.2060080 0.1343623 -0.0846123 -0.3470610 0.1706621 -0.0648318 -0.2430774 0.0208458 -0.3183720 -0.2610005 -0.0394741 0.0491949 0.0974030 -0.2405200 -0.2087818 0.0184826 -0.0539185 0.3266626 0.0452860 -0.2173306 0.1262773 -0.0316616 -0.1122455 0.4724343 0.2681968 -0.3168634 -0.0783666 0.0645094 -0.1228064 0.0687915 -0.0102727 -0.0749304 -0.0024359 0.0321203 -0.1607242 -0.3684352 -0.3719823 -0.2191452 -0.2243724 0.0786223 -0.1249655 0.0011368 -0.1206478 0.1401440 -0.1974878 0.1448644 -0.1185044 -0.0503110 -0.1333698 0.0974727 0.1362104 0.1498613 -0.0106299 -0.3900216 0.2197903 0.3636172 -0.1053660 -0.2815458 0.2790511 0.2536937 0.3097169 0.1588217 0.4875098 0.0345637 -0.1040658 -0.0737092 -0.1149649 -0.1663040 -0.1823014 0.0789280 -0.0602322 -0.3888428 -0.0819162 0.0403410 0.0013906 0.2776896 0.5037887 0.4857233 0.1978808 0.7388191 0.6762517 -0.1512901 0.6857257 0.6489831 -0.5366720 -0.2778192 -0.3449980 -0.2046190 0.5571227 0.6810144 -0.1288460 0.0207111 -0.1500832 0.0883128 0.1994994 0.3727579 0.1763670 -0.3546685 0.0400143 -0.3002081 0.1671990 -0.0341045 -0.2067693 0.3439083 0.2860609 0.0120350 -0.1956912 0.0217906 0.3753251
0.1820309 0.1105201 0.2105899 0.4053501 0.2023419 0.8007460 0.7061873 0.2284935 0.0000000 0.2661552 0.1393406 0.6416447 0.2092670 0.3578614 0.8213458 0.1488887 0.1391935 0.8372853 -0.0741704 0.4877459 0.3008889 -0.2017525 0.0553571 0.7544920 -0.1153382 0.1133607 0.3096820 0.8388407 0.7497703 0.5028033 -0.2165770 0.0299129 0.7108899 0.6664158 0.1590952 0.0278935 0.0884784 -0.0960167 0.3849562 0.3427730 -0.1588242 0.2876247 0.3144906 0.5788476 0.7036553 0.1001300 0.1068375 -0.0971977 0.5750934 0.0783571 0.1626656 0.2286107 0.6430796 0.0721431 -0.2187285 0.0625157 0.0247868 0.0597912 -0.1720147 0.1265889 0.2977239 0.1970867 0.0265094 0.2570256 0.7005495 0.0133608 -0.0588194 0.0118240 0.0151509 0.0697820 -0.0839903 0.3065227 -0.1805084 0.3906877 -0.0920525 0.0205796 0.1319285 0.0293447 -0.1378481 0.1032036 -0.1314505 -0.5073594 -0.4594819 -0.4365482 -0.2890725 -0.2498254 -0.0478484 -0.3929142 -0.1858831 -0.2584687 -0.0730091 0.1536914 -0.2340841 -0.4504266 0.2205915 0.1682195 -0.1913528 -0.2686554 0.0657842 -0.1981223 -0.1988759 -0.3868479 -0.3620329 -0.4325003 -0.1821690 -0.0286553 -0.2185240 -0.1295129 -0.3446040 -0.0579988 -0.0372002 -0.2297105 -0.2372379 -0.0890480 -0.3662898 -0.3735301 -0.1020744 -0.4962431 -0.4206543 -0.4357103 -0.1824467 -0.0133333 -0.0447916 -0.5277108 -0.3907062 -0.3436885 0.1432738 -0.1016243 -0.3669786 -0.2974585 -0.2932996 -0.0309811 0.0855007 -0.3662002 -0.0046896 -0.3149107 -0.3663308 -0.2307202 -0.0071561 -0.4581250 -0.2460354 -0.3872712 -0.0035351 -0.4841967 -0.3944312 -0.1676931 -0.0850969 -0.1618857 -0.1290978 -0.5160453 -0.4049452 -0.2461934 -0.1490190 -0.2304238 -0.3247323 -0.4263142 -0.1683061 -0.2710827 0.0471996 -0.3146296 -0.2116366 -0.3044608 -0.2343604 -0.0766625 0.0405203 -0.3100351 -0.2448557 -0.0608724 -0.0386386 -0.0131259 -0.2112196 -0.0064732 0.1155319 -0.0308656 0.0151033 0.0789305 0.3982735 0.2150284 0.2331916 -0.2154978 -0.3614167 -0.4939867 -0.2347755 -0.3959175 -0.2771175 0.6875126 0.0834346 0.2831046 0.3607461 0.4907811 -0.5579455 0.3625544 0.4828933 -0.0368573 -0.3603638 -0.2186307 0.1473382 0.2244004 0.0976156 -0.4602636 0.3333934 0.1350059 0.0666403 0.0913554 -0.2339054 -0.1177277 -0.4237716 0.3203141 0.4656878 0.0545837 -0.1416422 0.1550922 -0.0813140 -0.1401737 -0.2185082 0.4155419 0.5795064 0.2047228
-0.2181509 -0.2184368 -0.0286682 0.7608186 0.0466077 0.5644866 0.1422091 0.8171949 0.2661552 0.0000000 0.9492887 0.0152819 0.7700120 0.9095347 -0.1614108 0.7997051 0.9245748 0.5664753 0.5775653 0.2142334 0.0800828 0.2234882 0.8671636 -0.3334547 0.5018542 0.7326437 0.8520737 0.1996592 0.1457965 0.7613281 0.4091114 0.4150150 -0.2601722 0.0968529 0.7259923 0.0729107 0.6172494 0.4923507 0.7836210 0.8202972 0.2336482 0.1125887 0.7295675 0.4174478 0.2363641 0.7193387 0.6488628 0.4143000 0.2258975 0.6720818 0.5786643 0.7912345 0.2050905 0.8528223 0.6261367 0.7089264 0.6434616 0.7407320 0.0092855 0.6731202 0.1499016 0.6748338 0.5246958 0.8116780 0.6024943 0.5794107 0.5067651 0.8054084 0.5300957 0.8740007 0.4140668 0.8819160 0.5476055 0.8858072 0.4143795 0.8478406 0.8438832 0.5594491 0.7021725 0.5655899 0.5737848 0.0573634 -0.2362922 -0.2921861 -0.2593186 -0.1863647 0.0877593 -0.2761556 -0.1339407 -0.2567897 0.2219034 0.1150103 -0.1710591 -0.2076745 0.0647886 0.0411533 -0.1091079 -0.2445252 0.0068565 -0.2279127 -0.2683552 -0.2710863 -0.2231540 -0.3347118 -0.1134052 -0.0738326 -0.0805156 -0.2219552 -0.1676497 -0.1291967 -0.1238684 -0.3055840 -0.2707228 -0.0618296 -0.3096033 -0.3283476 -0.1765650 -0.5522925 -0.3059510 -0.3666164 -0.2545244 -0.1888840 -0.2290996 -0.2914115 -0.3370283 -0.2845813 0.0415731 -0.1179884 -0.4560716 -0.1129017 -0.2854938 -0.3302730 0.2765771 0.1092902 -0.5225030 -0.2638675 -0.1075118 -0.3279063 -0.0747935 -0.2227980 -0.3825549 -0.2512147 -0.3342464 -0.3256901 -0.5113245 -0.4178152 -0.3510603 -0.3409513 -0.3253197 -0.3683304 -0.2760633 -0.3864209 -0.0946326 -0.3797759 -0.1644235 -0.3511100 -0.4474348 -0.4280315 -0.2608921 -0.2258301 -0.1029750 -0.3083873 -0.4464796 -0.1317508 0.0249793 -0.3962166 -0.5472839 -0.1460632 -0.1389042 -0.0821169 -0.2657013 0.0431005 -0.1296826 -0.2140844 -0.3320640 -0.3699469 -0.2633715 -0.1236842 -0.0622379 -0.2706977 -0.3445976 -0.2963946 -0.2448304 -0.2321932 -0.0526927 0.4477679 0.3220785 0.3520928 0.7441485 0.5467188 -0.3533148 0.6498270 0.4946082 -0.3394401 -0.4086636 -0.3591298 -0.0183629 0.4959314 0.7008941 -0.2772473 0.1826955 0.1396313 0.2328612 0.2552101 0.0351467 0.0965940 -0.4490467 0.0947157 -0.0804379 0.4473965 -0.0053860 0.0131752 0.3564406 0.1947968 0.0450164 0.0406263 0.2118626 0.3880953
-0.3214323 -0.2983245 -0.1376998 0.7738061 -0.0115300 0.4262954 0.0357409 0.8790786 0.1393406 0.9492887 0.0000000 -0.0269567 0.8128401 0.9046817 -0.2581042 0.9002386 0.9528538 0.4670029 0.7313915 0.1626365 0.0920405 0.3678732 0.9283778 -0.4462448 0.6538185 0.8060627 0.8734914 0.1109069 0.1239637 0.7414126 0.5721916 0.5723150 -0.3572027 0.0838427 0.7257957 0.1200110 0.7092171 0.6311723 0.7785229 0.8124365 0.3973701 0.1493798 0.7049320 0.4049311 0.2561087 0.8193156 0.7277328 0.5657263 0.2243748 0.7786833 0.6565809 0.7709445 0.2049141 0.8923338 0.7928614 0.8051687 0.7631183 0.8409533 0.0947048 0.7691787 0.2371689 0.7392740 0.6689877 0.8917921 0.6059693 0.7253053 0.6526599 0.8787409 0.6669691 0.9486725 0.5895031 0.9320150 0.6746606 0.9211084 0.5613326 0.9226069 0.9015095 0.6863847 0.7786277 0.6370288 0.6061923 0.2159655 -0.0873559 -0.2060961 -0.1605997 -0.1861645 0.2103685 -0.1599823 -0.0894422 -0.1692238 0.2802729 0.0943561 -0.1053295 -0.1005985 0.1462410 0.0592466 -0.0323098 -0.2160503 0.1019705 -0.2468616 -0.1455244 -0.2905630 -0.2481128 -0.2407027 -0.0473149 -0.0098261 -0.0858242 -0.2664925 -0.1215324 -0.1269797 -0.0736164 -0.3248640 -0.4200149 -0.0969858 -0.3020360 -0.4009072 -0.2012928 -0.4792543 -0.3627633 -0.2910674 -0.2016896 -0.1615997 -0.2728970 -0.2574767 -0.2471610 -0.2442093 -0.0021197 -0.1018362 -0.3852870 -0.0868717 -0.2466419 -0.3191821 0.2399124 0.1608878 -0.4562189 -0.2688140 -0.0970479 -0.2722180 -0.0212392 -0.2014878 -0.3371277 -0.1813444 -0.2150334 -0.3315145 -0.4975410 -0.5252508 -0.3191131 -0.2949853 -0.2306202 -0.2995826 -0.2330745 -0.3776281 -0.0565325 -0.4116251 -0.0669205 -0.3061109 -0.3084260 -0.3735176 -0.1337770 -0.1291445 -0.0483442 -0.2483351 -0.5120642 -0.0430918 0.0577735 -0.3584224 -0.5192750 -0.0781466 -0.0560000 -0.0021930 -0.1732467 0.1441172 -0.2203428 -0.2267467 -0.3868674 -0.3702464 -0.3309869 -0.1626157 -0.0788194 -0.2245709 -0.3017968 -0.2239225 -0.1780079 -0.1865195 0.0500852 0.4866039 0.4612138 0.3902845 0.7722711 0.5406926 -0.3290516 0.6760984 0.5439436 -0.4925089 -0.4100531 -0.4300049 -0.2008882 0.4763794 0.7193433 -0.2667383 0.0978208 0.1280489 0.2006123 0.1946072 0.1836392 0.0380735 -0.4554214 0.0015020 -0.2275022 0.3788741 -0.0131252 -0.1228807 0.4514921 0.2145899 -0.0008961 -0.0610331 0.1423959 0.4224206
0.5363554 0.6546456 0.5682300 0.4758881 0.2920916 0.4967729 0.7929440 0.2359784 0.6416447 0.0152819 -0.0269567 0.0000000 0.3718064 0.0523956 0.7662789 -0.0227943 -0.0814617 0.4213162 0.1377596 0.3988545 0.8825290 -0.1439787 -0.1463992 0.6424892 0.0654086 -0.2492821 -0.1227287 0.3291230 0.9289227 -0.0455278 -0.2263562 0.0032036 0.5071207 0.6174053 -0.3825511 0.6862820 -0.3120150 0.1528382 -0.1450501 -0.1371080 -0.0700888 0.7883636 -0.3277948 0.1536287 0.6234917 -0.1387840 -0.3179718 0.0533550 0.4081362 -0.2873119 -0.2952447 -0.3679871 0.6008567 -0.0709270 -0.1408483 -0.3019121 -0.2453044 -0.0369613 0.4976720 -0.2109622 0.7885923 -0.2510603 -0.0822084 0.1540694 0.6134868 -0.1030437 -0.1085586 -0.1995475 -0.1884189 -0.1167332 -0.0229538 0.1177080 -0.1127061 0.2529775 -0.0387313 -0.0325733 0.2481969 0.1181507 -0.0292405 0.1752600 0.0019260 -0.1225942 0.0807122 0.1467110 0.2479076 0.1692660 0.3042325 0.2288843 0.2346235 0.2598799 0.2448098 0.6267954 0.3899206 0.2308897 0.3623708 0.5270279 0.3126587 0.3635125 0.3081162 0.3018369 0.3290280 0.0733747 -0.0250996 0.1742023 0.2762671 0.3617567 0.2759853 0.3010424 0.1185200 0.4537526 0.2658362 0.2404390 0.0137372 0.3769018 0.2291657 0.1251558 0.3571891 0.0787975 -0.0797188 0.2761961 0.4300381 0.4549591 -0.0638977 0.0101611 0.2993138 0.2731249 0.5005682 0.0017258 0.2273783 0.1928860 0.3117331 0.1502480 0.3208457 -0.1806568 0.3903244 0.0027207 0.0834665 0.2986059 0.4299813 0.2778731 0.2443019 0.2444405 0.4533150 0.1032397 0.0830719 -0.2125343 0.2516421 0.2040588 0.4288457 0.1206620 0.2497119 0.2131436 0.2723041 0.0099855 0.1590842 0.0661155 0.3252428 0.1909138 0.4655052 0.2702023 0.2390918 0.2434022 -0.1249148 0.4063720 0.3654632 0.1712873 0.0312273 0.4783598 0.4773616 0.4215655 0.2946824 0.4347779 0.3909019 0.0515004 0.5094062 0.6923868 0.8021862 0.0804304 0.8246117 0.4279868 -0.0177731 0.2250860 0.4641646 0.2829442 0.3091809 0.6446049 0.2847827 -0.0211901 0.4027774 0.7220179 0.1547654 0.4520932 0.3592625 0.1083147 0.2430290 0.2689037 0.4493681 0.5107329 0.2757771 0.2319354 0.0172628 -0.3848926 -0.2720409 -0.0903146 0.1123242 0.0899115 0.0824026 0.3655386 0.0382449 -0.1694672 -0.0473084 0.1074926 0.1771936 0.3483455 0.3753772 0.2391777 0.0785378 -0.1754306
0.0054172 0.0804599 0.1878184 0.8272788 0.2506071 0.4706036 0.3289083 0.8791138 0.2092670 0.7700120 0.8128401 0.3718064 0.0000000 0.7619079 -0.0301162 0.7515884 0.7108503 0.4600580 0.7882366 0.3565136 0.4838929 0.4033513 0.7618911 -0.2396671 0.7453770 0.5887416 0.6545453 0.0864960 0.4302567 0.5411096 0.5419134 0.6123203 -0.2240598 0.2170509 0.4501972 0.4750052 0.4738549 0.7664310 0.4912430 0.5136742 0.4891316 0.5041827 0.3809654 0.2273526 0.2999837 0.6514010 0.4818555 0.6842493 0.2458022 0.5138006 0.4010048 0.4280606 0.3196348 0.6627708 0.7603513 0.5646579 0.5880663 0.6402414 0.4278630 0.5531558 0.5170159 0.5140359 0.6370673 0.7684118 0.6581303 0.6416193 0.6127848 0.6846356 0.5837716 0.7462573 0.6071101 0.7951302 0.6433411 0.8145129 0.5978143 0.8039998 0.9044913 0.7560128 0.7767965 0.7900770 0.6863687 0.2763210 0.1544676 0.1210409 0.1785165 0.0197687 0.3440925 0.1825096 0.1576289 0.1421738 0.4158842 0.4471308 0.2588627 0.2302620 0.3685678 0.4111704 0.2344251 0.1356997 0.3045833 0.1186611 0.1827971 -0.1014278 -0.0917347 0.0856857 0.2215538 0.3489606 0.2197601 0.0656690 0.0675203 0.2772251 0.1761070 -0.0004343 -0.2532764 0.2394333 0.0051087 -0.0878328 0.1624830 -0.2317441 -0.1718194 0.0980645 0.1739612 0.1549205 -0.1291935 -0.0494998 0.1388891 0.0128817 0.3253866 0.0826930 -0.1050364 0.1935136 0.1250743 0.0169182 0.4458054 0.2622890 -0.1129078 0.0152481 0.1462302 -0.0412317 0.1859761 0.1545251 0.0490989 0.1135906 0.1273386 0.0194673 -0.2595241 -0.3789720 -0.1448305 -0.1408777 0.1539606 -0.0183983 0.1183669 0.0449426 0.2074376 -0.1124536 0.1771634 0.0773443 0.0264777 -0.0671663 0.2172658 0.2505085 0.1937590 0.0654568 -0.2942475 0.3414952 0.3772489 0.0464182 -0.2223473 0.3481229 0.3206658 0.3579748 0.2025091 0.4552176 0.0433553 0.0035710 -0.0555553 0.1088153 0.1108824 -0.0127082 0.3384751 0.2073564 -0.0942822 0.1270025 0.2095915 0.1688069 0.3796106 0.5278735 0.6019349 0.2556856 0.8426087 0.7614398 -0.0112024 0.8001076 0.6573515 -0.3323459 -0.0717925 -0.0902132 -0.0399853 0.6279882 0.8115779 0.0099641 0.0879699 -0.1987385 0.0470563 0.1806711 0.4028149 0.3787881 -0.2898304 0.1332727 -0.2745764 0.1623284 -0.0053373 -0.0871606 0.4518477 0.4153357 0.2901951 -0.0306384 -0.0489229 0.2571584
-0.3265776 -0.3388526 -0.1112969 0.7243773 0.0724535 0.5652519 0.0888649 0.8276398 0.3578614 0.9095347 0.9046817 0.0523956 0.7619079 0.0000000 -0.1447807 0.8213122 0.8637946 0.6396704 0.6083963 0.1077496 0.0872480 0.2738073 0.8533444 -0.2912961 0.5939755 0.7698738 0.8934612 0.2998769 0.2242768 0.8430302 0.5660956 0.6407560 -0.2075555 0.1856537 0.7351112 0.0614469 0.7547165 0.5913203 0.8447232 0.8493355 0.4743875 0.1676490 0.7785361 0.4647245 0.3297490 0.7804685 0.7172951 0.5834732 0.2732792 0.7670860 0.6438760 0.8117610 0.2806145 0.8500227 0.6906782 0.7876984 0.7746153 0.7628467 0.0368887 0.7563346 0.1828547 0.7701890 0.7200422 0.8075689 0.5989182 0.7318914 0.6042791 0.8366785 0.7046871 0.8843861 0.5491518 0.8626012 0.5718790 0.8393105 0.4992080 0.8402491 0.8014801 0.6476431 0.7233148 0.6020447 0.5670076 -0.0227100 -0.2168281 -0.2636332 -0.1936940 -0.1818427 0.2383647 -0.2343473 -0.0410491 -0.1769999 0.3611964 0.1332017 -0.1702900 -0.2230540 0.2684534 0.1630488 -0.0196498 -0.2739623 0.1650958 -0.1606029 -0.1597492 -0.3194435 -0.3607355 -0.3253125 -0.0242616 0.0623095 -0.1035513 -0.2906992 -0.1307127 -0.1217906 0.0409177 -0.3356818 -0.3466741 -0.0454471 -0.3306556 -0.3808948 -0.1073208 -0.5091177 -0.3335864 -0.3481160 -0.1829345 -0.0926605 -0.1358704 -0.3417690 -0.2973973 -0.3262615 0.1178966 -0.0263567 -0.4402753 -0.1007363 -0.2805593 -0.2447263 0.3551684 0.0079741 -0.3897664 -0.2446090 -0.1417561 -0.3103703 -0.0576722 -0.2624902 -0.3351142 -0.2630939 -0.1495360 -0.3584613 -0.5247767 -0.3567551 -0.3252956 -0.3246815 -0.2982176 -0.3780064 -0.3160308 -0.4070316 -0.1166090 -0.3606628 -0.1472014 -0.3589743 -0.3067592 -0.4132741 -0.0745834 -0.1804840 -0.1432134 -0.3056219 -0.4139702 -0.0149849 0.0506477 -0.3730282 -0.4339735 -0.0901918 -0.0522488 -0.0039261 -0.2326202 0.0865536 -0.2306558 -0.2186270 -0.4031127 -0.3549360 -0.2490206 -0.1362942 -0.0803392 -0.2797600 -0.4375761 -0.3433195 -0.2227748 -0.2133814 -0.0115182 0.5168281 0.4262242 0.4597595 0.7765013 0.5935628 -0.4020391 0.7257738 0.5710645 -0.4737308 -0.4586548 -0.4697526 -0.2014312 0.4424520 0.6814176 -0.3988787 0.2377155 0.1295617 0.1805631 0.2466912 0.0526145 0.1581921 -0.5514801 -0.0606359 0.0154876 0.4087953 -0.0199613 -0.0446791 0.2461235 0.0734456 -0.1091478 -0.0596154 0.3003254 0.4759092
0.5244193 0.4359925 0.3339191 0.1787373 0.1774421 0.6043615 0.8537450 -0.0973889 0.8213458 -0.1614108 -0.2581042 0.7662789 -0.0301162 -0.1447807 0.0000000 -0.2270755 -0.2748410 0.5482225 -0.2547155 0.5398176 0.4045107 -0.2273193 -0.3460561 0.9345784 -0.2906142 -0.2971864 -0.1426327 0.6615659 0.7532593 0.0453142 -0.5160772 -0.2396403 0.8286633 0.6300614 -0.2920257 0.1523788 -0.3431745 -0.2648566 -0.0904713 -0.1379842 -0.3985440 0.3760106 -0.1771638 0.3001611 0.6059728 -0.2714640 -0.2989317 -0.3207832 0.4546803 -0.3401664 -0.2153510 -0.2642526 0.5663041 -0.3486933 -0.4938113 -0.3651307 -0.3776113 -0.3095210 -0.0538552 -0.2582085 0.3638749 -0.2280326 -0.3142047 -0.0874114 0.5389312 -0.3350506 -0.3066141 -0.4102716 -0.3338320 -0.3558622 -0.2840580 -0.0629366 -0.4019406 0.0505465 -0.2444137 -0.3495037 -0.1792438 -0.1938872 -0.4232244 -0.1276179 -0.3492845 -0.3996336 -0.2839424 -0.2061357 -0.0777071 -0.1262261 -0.1375571 -0.1489553 -0.1082589 -0.0775841 -0.1564216 0.2231952 0.0099960 -0.1607255 0.1053804 0.1674115 -0.0990190 -0.0054142 0.0259809 0.0194066 -0.0225313 -0.1787060 -0.1090414 -0.1418187 -0.0842991 0.0295391 -0.0714214 0.1074146 -0.2189977 0.1100150 -0.0297551 0.0160198 -0.0585868 0.0501057 -0.1041790 -0.1417568 0.0075025 -0.1820066 -0.2766830 -0.1376874 0.0205250 0.1115075 -0.0213092 -0.2394104 -0.1242125 -0.0833007 0.1225005 -0.1119075 -0.0494924 -0.1600136 -0.0465575 0.1545498 -0.0532246 -0.2804482 0.3114428 -0.1401738 -0.2034757 0.0101094 0.1648225 -0.2075802 0.0467358 -0.1301461 0.1347583 -0.2045669 -0.0693549 -0.0827661 0.1845434 0.1080130 0.2100011 -0.2164750 -0.0910318 0.1014427 0.0533174 -0.0330607 -0.1185232 -0.1085512 0.1082594 0.0346188 0.1772206 -0.0798600 -0.0235857 -0.0436491 -0.0180170 0.0704360 0.1401951 0.0143238 -0.0330097 0.1579378 0.1410593 0.1154103 0.0330848 0.0979301 0.3945344 0.1743569 0.3910970 0.4163297 0.6285662 0.2460473 0.4061029 0.0625366 -0.0879520 -0.1902324 0.0192840 -0.1813884 -0.1622326 0.5048171 -0.0930643 -0.0889439 0.0471358 0.3165304 -0.2757357 0.0749451 0.3105447 0.2102660 -0.0438956 0.1034228 0.3046017 0.0919907 -0.1604604 -0.1484659 0.1268971 -0.0623189 -0.1512997 -0.1051430 -0.1285690 -0.1679390 -0.0976294 0.4850778 0.3135639 -0.2702129 -0.2114789 0.1761389 -0.0857025 0.0183590 -0.0473955 0.5429951 0.3374143 -0.1190216
-0.2735392 -0.2784732 -0.0399963 0.6678483 0.2177684 0.2491983 -0.0013021 0.9180385 0.1488887 0.7997051 0.9002386 -0.0227943 0.7515884 0.8213122 -0.2270755 0.0000000 0.8425906 0.4900834 0.8308249 0.1255332 0.0845999 0.4983637 0.8841200 -0.3598722 0.7624031 0.8887524 0.8622871 0.2128272 0.1966828 0.7385922 0.7072157 0.6935741 -0.2208901 0.2621892 0.6931870 0.1154909 0.8078521 0.7244428 0.7534714 0.7159708 0.5758766 0.2034464 0.6990540 0.4951744 0.2686875 0.8987889 0.8124287 0.6975490 0.4209350 0.8447994 0.7564073 0.6816770 0.3668970 0.7301386 0.8148840 0.8375912 0.8372108 0.8529009 0.1267790 0.8369223 0.2373140 0.7870405 0.7181075 0.9026838 0.5755549 0.8419641 0.7655971 0.8416497 0.7584346 0.8849556 0.7474058 0.8715530 0.7390956 0.7793031 0.6958989 0.8673106 0.8036996 0.7482414 0.7027584 0.5409450 0.4896055 0.2359355 0.0719027 -0.0680837 -0.0214613 -0.1076189 0.2164487 -0.0473854 0.0191659 -0.0442646 0.2245278 0.0688523 0.0209506 -0.0396664 0.3817558 0.2073266 0.0946809 -0.1179453 0.3200859 -0.2657822 0.0288998 -0.2266027 -0.2003881 -0.1806789 0.0795867 0.1880931 0.0715921 -0.1017043 -0.0255485 0.0525112 0.0712733 -0.1999541 -0.4806051 0.0104772 -0.2250192 -0.3467180 -0.0781358 -0.3645374 -0.2807571 -0.1752511 -0.0717274 -0.0140638 -0.2063697 -0.2532664 -0.1104298 -0.1352963 0.1772307 0.0645056 -0.2814730 0.0049383 -0.1462336 -0.1482026 0.3470805 0.2310992 -0.3981465 -0.1263528 -0.0450086 -0.2037536 -0.0138705 -0.2204198 -0.2021100 -0.1209046 -0.0609296 -0.3471959 -0.4304605 -0.3285540 -0.2772602 -0.2756299 -0.0931862 -0.2343844 -0.1629128 -0.2699925 0.0073226 -0.2218959 0.0200163 -0.2199753 -0.1275356 -0.2187792 0.0303045 0.0082315 0.0414158 -0.1146186 -0.4218619 0.0483692 0.2306564 -0.2351498 -0.2937254 0.0732141 0.0632555 0.1638810 0.0449181 0.3361082 -0.1750619 -0.1114363 -0.3213880 -0.2733097 -0.3185588 -0.0977523 -0.1489755 -0.1557569 -0.3220946 -0.1724291 -0.1036081 -0.1437636 0.1832175 0.4493192 0.5421589 0.3445252 0.6439428 0.4378397 -0.2869823 0.5367218 0.6134054 -0.5677444 -0.3582492 -0.4153976 -0.4246980 0.2949385 0.5297615 -0.2465375 0.0671073 0.0648303 0.2452952 0.2221378 0.3890939 0.0397603 -0.4133887 -0.1511345 -0.2329748 0.1932028 -0.0317126 -0.3094710 0.3376494 0.0637368 -0.2173662 -0.2806319 0.1661573 0.5470716
-0.4178060 -0.3463999 -0.1515160 0.6623539 -0.0297637 0.3500787 -0.0700326 0.7831533 0.1391935 0.9245748 0.9528538 -0.0814617 0.7108503 0.8637946 -0.2748410 0.8425906 0.0000000 0.3824484 0.5988370 0.1695220 0.0483311 0.2080154 0.9031147 -0.4618306 0.5157859 0.7040400 0.8111702 0.0359168 0.0753140 0.6644814 0.4920688 0.4408420 -0.4091172 0.0157294 0.6763538 0.0748293 0.5951118 0.4849880 0.7574897 0.7691953 0.2922971 0.0751566 0.7010844 0.3515570 0.2237885 0.7177186 0.6602581 0.4243741 0.1342252 0.6818753 0.5683022 0.7700071 0.1242294 0.8965609 0.6834725 0.7395277 0.6801856 0.7945526 0.0786770 0.6886249 0.1633018 0.6673932 0.5825390 0.8280345 0.5347729 0.6301240 0.5690952 0.8175889 0.5718966 0.9018623 0.5018582 0.8774674 0.5963432 0.8811997 0.4972637 0.8196719 0.8364618 0.5700474 0.6663268 0.5486443 0.5265979 0.1092827 -0.1398990 -0.2348676 -0.1447414 -0.1165696 0.2667754 -0.1760054 -0.0422051 -0.1220816 0.3090693 0.1519278 -0.1008891 -0.1450810 0.1746456 0.0709145 0.0168253 -0.1575203 0.1250509 -0.3007869 -0.1440432 -0.1950797 -0.2085179 -0.2371176 0.0031856 -0.0264561 -0.0645974 -0.2718663 -0.0111495 -0.1271250 -0.0026045 -0.2861912 -0.3920148 -0.0734516 -0.2468738 -0.3715409 -0.1711256 -0.4222126 -0.3454419 -0.3043645 -0.2058963 -0.1050965 -0.3329511 -0.2584384 -0.2722053 -0.1781114 -0.0114743 -0.1844486 -0.3093680 -0.0933111 -0.2459658 -0.3715890 0.2344578 0.1305236 -0.4192898 -0.3189786 -0.0607748 -0.1636828 0.0806206 -0.2078769 -0.3556217 -0.1344434 -0.1720739 -0.3570265 -0.3927723 -0.4921728 -0.1931714 -0.1631221 -0.2669394 -0.2651380 -0.2328988 -0.4277216 -0.0075361 -0.4134542 -0.0391476 -0.3388085 -0.3275031 -0.3215955 -0.1218136 -0.1632045 -0.0004519 -0.2132590 -0.5183387 -0.0928104 0.0065328 -0.4019546 -0.5349119 -0.1273575 -0.0686794 -0.0468569 -0.2251673 0.0756232 -0.3289119 -0.3600982 -0.4336374 -0.4069251 -0.3292593 -0.2212322 -0.0934556 -0.2852261 -0.3352176 -0.2387474 -0.2042340 -0.1932047 0.0025760 0.4796648 0.4228362 0.4537065 0.7047023 0.4680591 -0.3262956 0.6322505 0.4358396 -0.4450555 -0.3729410 -0.4187770 -0.1615838 0.4324056 0.6580415 -0.2107059 -0.0065409 0.1057729 0.1448215 0.0619324 0.0544156 0.0115771 -0.3891129 -0.0503734 -0.2289930 0.3483136 -0.0235809 -0.2248404 0.4127555 0.1745852 -0.0952020 -0.0960546 0.1987130 0.3362021
