0.0000000 0.4616652 0.3162737 -0.0086255 0.1765078 -0.1471613 -0.0685332 0.0720146 -0.0198531 -0.2864208 -0.4004728 0.3441353 0.0483338 -0.3388645 0.0001389 -0.1672830 0.0968938 -0.3496164 -0.2232438 0.1104556 0.4182783 0.2627503 -0.5856318 -0.2525364 0.0743750 -0.3873113 -0.0073971 -0.3617234 -0.1382057 -0.0112337 0.0451011 0.1449043 -0.1999634 -0.0926338 -0.5866899 -0.3108414 -0.2067637 -0.0218666 -0.2742270 -0.2361644 -0.1670085 -0.4217738 -0.6347718 -0.3290284 -0.3052054 0.0404290 -0.3292197 -0.1140960 -0.3807339 -0.1740091 -0.3130526 -0.5675386 0.0797972 -0.5830362 -0.2084792 -0.1337273 -0.2675721 -0.4370574 0.1800756 -0.3381861 -0.1612347 -0.5718528 -0.2598806 0.0248181 0.0577383 -0.5404522 -0.2716308 -0.5981925 -0.2466896 -0.3361053 -0.4904056 0.4783517 -0.4706693 0.4248289 -0.3700624 0.0366626 0.6445656 -0.3858835 0.0860747 0.2312686 0.1299944 -0.5261367 -0.4216836 -0.3221608 -0.2898540 -0.0327057 -0.0544531 -0.5804132 -0.3783456 -0.2805512 -0.3166477 -0.2373240 -0.3512088 -0.5281278 -0.1739880 -0.1803037 -0.3980914 -0.3437793 0.0657445 -0.4925579 -0.5410574 -0.1627483 -0.0270258 -0.7049253 -0.5092253 -0.2093160 -0.1981669 -0.5762923 -0.6187707 -0.1854817 -0.5066710 -0.4630599 -0.3506579 -0.3819069 -0.3519796 -0.3821579 -0.2999048 -0.3272124 -0.2979697 -0.3702898 -0.2249039 -0.1423474 -0.3722805 -0.1531631 -0.1414730 0.2752375 -0.1441752 -0.3751205 -0.0240325 -0.2774058 -0.0077908 -0.5167425 -0.1336228 -0.0559410 -0.5137879 0.0139685 -0.1182882 0.0662864 0.4324057 0.2287477 -0.0640474 -0.0329205 -0.4422317 0.0018296 -0.1783149 0.0260630 0.1030256 0.2983721 -0.1524085 -0.0625875 -0.1692851 0.0396180 -0.1478057 0.1433321 -0.1075016 -0.2745307 -0.2742554 -0.0717929 -0.5175943 -0.3559225 -0.1609984 -0.3012212 -0.4222537 -0.0774900 -0.0122717 -0.2656784 -0.0840893 0.2810005 0.0314127 0.0474387 0.0881795 0.2056952 0.5690077 0.4701173 0.7345920 0.7843017 0.8200315 0.3741492 0.5347654 0.2437128 0.1822755 0.2045978 0.0943517 0.2258521 0.3550898 -0.0868059 0.0010289 -0.0574141 0.5592532 0.5466426 -0.2855487 0.3848854 0.2462326 0.3712428 0.3157833 0.5598956 0.6363747 0.4483593 0.6761020 0.3548760 0.3583963 -0.0449736 0.0442754 0.5254638 -0.0141235 -0.1629303 0.4714142 0.2119821 0.4742302 0.2424242 0.0480655 0.4778301 0.2167129 -0.2791128 0.0973573 -0.0800520 0.3593840 0.6003604
0.4616652 0.0000000 0.5988549 0.4962033 0.1477634 0.4174397 0.4646860 0.4194603 0.2063080 -0.0436397 -0.3199508 0.7984268 0.1666439 0.0991749 0.0638051 -0.2213612 0.0656609 -0.1529060 -0.0768991 0.0780828 0.7449003 0.1898924 -0.5861313 0.2699401 0.2063532 -0.1664226 -0.2665373 0.1148161 0.2081696 0.0020967 -0.1069767 -0.3683547 0.3773383 0.4179296 -0.3994359 0.0537334 -0.3268508 -0.3678995 -0.6009025 -0.4484509 -0.4761645 -0.1684047 -0.5809478 -0.3569594 -0.0716490 -0.2257106 -0.4725369 -0.6530560 -0.0436501 -0.0977840 -0.3423497 -0.7240359 0.5619688 -0.5342390 -0.6780995 -0.4760455 -0.4880796 -0.3920744 0.1932723 -0.3091172 0.1390146 -0.5235696 -0.6160462 0.2525963 0.2948447 -0.7370276 -0.1435462 -0.5107574 -0.5420903 -0.0987853 -0.2950123 0.6876853 -0.1991686 0.3155243 -0.4244857 0.1842192 0.5334635 -0.1429440 0.3674948 0.2720975 0.4027159 -0.2243534 -0.3959454 -0.1965093 -0.2919008 -0.1212720 -0.3156129 -0.0822938 -0.0333779 0.2419659 -0.6100732 -0.4143090 -0.4098146 -0.2592172 -0.1139069 -0.3817986 -0.5026323 -0.2619083 -0.0798642 -0.3315727 -0.0830821 -0.2506005 -0.2021979 -0.3874956 -0.6351896 -0.3769974 -0.2734484 -0.2654197 -0.5849735 -0.3222087 -0.4899521 -0.3207661 -0.2577082 -0.5537757 -0.5022845 -0.4877419 -0.5393362 -0.6268859 -0.4412819 -0.6326938 -0.4923902 -0.5709504 -0.3763502 -0.2965029 -0.2948614 0.3682179 -0.3530893 -0.3300349 -0.0094239 -0.2868511 -0.3144157 -0.3010557 -0.4417564 0.1896032 -0.1093944 -0.1762854 -0.3930396 -0.0899767 0.1888945 0.1229593 0.0259170 -0.2738061 -0.1327867 0.0410373 -0.2555604 -0.0918921 -0.2160759 0.0168921 -0.0308271 -0.3165308 -0.1755450 -0.1307319 -0.3529718 0.1528683 -0.2328200 -0.0313844 -0.2908331 -0.2406734 -0.2711799 -0.1946449 -0.1738538 -0.2346515 -0.2648393 -0.2392783 -0.1755963 -0.3531187 -0.1348110 0.0801846 0.1163031 -0.0402937 -0.0175877 0.1225939 0.3826573 0.2976787 0.8033471 0.6424242 0.7832323 0.1609592 0.6896653 0.2414995 0.1204722 0.3583995 0.1509932 0.2382640 0.3679099 -0.1906966 -0.2017901 -0.3958276 0.3343609 0.4515517 -0.4519184 0.2848707 -0.1131042 0.3610065 0.3805894 0.4966280 0.6871776 0.3447255 0.6610146 0.4615122 0.2980665 -0.3300896 -0.1328612 0.2278726 -0.4730828 0.0264120 0.2260552 0.0758779 0.0257179 0.2250258 0.0327048 0.6191497 -0.4576112 -0.2321443 0.3614802 -0.2413144 0.3849371 0.2152391
0.3162737 0.5988549 0.0000000 0.5368948 0.6223571 0.3184276 0.3169454 0.5075985 0.2902997 0.0520928 -0.0826497 0.4052167 0.3128329 0.1187576 0.2348309 -0.0825870 0.1649335 -0.0481442 -0.3044770 -0.0432540 0.3592839 0.3079332 -0.4289361 0.1907845 0.1532932 -0.2613726 -0.1957034 0.1531289 0.1806007 0.1415540 -0.1120263 -0.1655937 0.2670611 0.2316679 -0.3414960 0.0385037 -0.4462981 -0.2677269 -0.3220955 -0.0808006 -0.2900018 -0.0987133 -0.3673118 -0.0838739 -0.0603860 -0.1687265 -0.3423498 -0.4866007 -0.1117259 -0.2070260 -0.1780649 -0.4580058 0.3441637 -0.2401526 -0.3349860 -0.1625387 -0.3980256 -0.1632583 0.0244183 -0.1614602 0.0516195 -0.1387416 -0.3771819 0.3506114 0.2252299 -0.4605197 -0.0594706 -0.0988446 -0.2165035 0.1108372 -0.1698192 0.4241877 -0.0340832 0.2804404 -0.1393021 0.2498313 0.3766970 0.0480126 0.3600973 0.0529363 0.3729968 -0.1172591 -0.3819509 -0.4700871 -0.2140962 -0.1129943 -0.1488860 0.0658610 -0.2395268 0.1095556 -0.5828318 -0.6609080 -0.3033387 -0.2719701 -0.3821368 -0.6096969 -0.5964107 -0.1100488 -0.1062227 -0.0988952 0.0162862 -0.0150964 -0.3211118 -0.3935944 -0.5700070 -0.5231921 -0.1862052 -0.2407563 -0.3430749 -0.3008363 -0.4888350 -0.2429534 -0.3452610 -0.5189509 -0.4378368 -0.5924900 -0.6467910 -0.4201328 -0.5117287 -0.4495195 -0.5663635 -0.7481980 -0.3367793 -0.2643609 -0.1577412 0.2493625 -0.6066953 -0.5740418 0.1221250 -0.3925469 -0.3950579 -0.4405015 -0.6215916 0.1705842 0.0808198 -0.1669822 -0.3613285 0.0402305 -0.1060823 0.0448512 0.0463062 -0.1156647 0.0385443 0.1801116 -0.0431535 -0.3438525 -0.2727439 -0.0841787 0.0554511 -0.1423123 -0.0722034 -0.0296742 -0.2683312 -0.0252982 -0.2912362 -0.0291691 -0.2021189 -0.1444539 -0.2400105 -0.0324051 -0.2512345 -0.0447588 -0.1858988 -0.2327262 -0.2393510 -0.3517117 -0.3270602 -0.0366785 0.1413280 0.0237249 -0.1236880 0.0811024 -0.1206059 -0.1000792 0.3639650 0.3439118 0.4539826 0.1015545 0.3903936 0.2308359 0.1080494 0.1861402 0.0655375 0.2028813 0.0656554 -0.1115640 -0.5089185 -0.4648921 0.2951882 0.3760877 -0.2652536 0.0337583 -0.0369757 0.2094682 0.3061473 0.4170175 0.2045904 0.2879566 0.3512282 0.2018067 -0.0559584 -0.2650001 -0.0890699 0.1687816 -0.3059369 0.1787896 0.0531904 -0.2734045 0.0141264 -0.0190575 -0.0176854 0.3344057 -0.2089914 -0.4364359 0.2591067 -0.1974625 0.2150654 0.0029957
-0.0086255 0.4962033 0.5368948 0.0000000 0.2041230 0.8858338 0.6561635 0.9258168 0.6826045 0.7293271 0.5243649 0.6252154 0.5687929 0.7112170 0.4435975 0.3300015 0.6380704 0.4385836 0.4208976 0.1590743 0.6170205 0.6290044 0.1441252 0.5228040 0.7282984 0.4817286 -0.1560959 0.4805598 0.7044013 0.1503126 0.2539689 -0.1716237 0.4986557 0.6675989 0.3427486 0.6735322 0.1952227 0.0797846 -0.0122908 0.1546956 -0.3213018 0.6148565 0.2054484 0.5177607 0.6898785 0.1850178 0.2264144 -0.5211546 0.4870681 0.0101698 0.4401120 -0.0421769 0.8000403 0.3559059 -0.6255166 -0.3150172 0.1417318 0.3733881 -0.1213890 0.4659791 0.6955789 0.2353011 -0.5685127 0.7113993 0.4779439 -0.2192637 0.5279070 0.1889456 -0.4449653 0.5611373 0.1610474 0.4036895 0.3826611 0.0233448 -0.1436111 0.5845961 0.2750544 0.2501888 0.6102921 0.5689345 0.3962050 0.4240104 0.1145214 0.0211345 -0.0941587 -0.3093438 -0.1731603 0.4995936 -0.2668614 0.0932368 -0.2800655 -0.2270316 -0.4627892 0.2613074 -0.3890158 -0.1138994 -0.3795293 -0.4231542 -0.0412377 0.1344119 0.0279622 -0.2745522 -0.2419654 0.1791336 -0.0839328 -0.0161807 -0.4174077 0.2588742 -0.2838802 -0.2317592 0.0514050 -0.1607506 0.1203724 -0.4324069 -0.2682767 -0.3275807 -0.3279894 -0.4590083 -0.4216404 -0.5297737 -0.5653768 -0.5592398 -0.2296634 -0.0805801 -0.0325863 -0.2153464 -0.6929010 -0.4059668 -0.2599254 -0.2702969 -0.4083248 -0.1366365 -0.4387590 0.4199392 0.1007960 -0.4473562 -0.4986380 -0.2683306 -0.2438840 -0.3466147 0.0735409 -0.4983485 0.1089523 -0.3874657 -0.4361933 -0.3018374 -0.4307328 -0.3777317 -0.0900685 -0.6054968 -0.2889146 -0.4258979 -0.3707656 -0.0739227 -0.6643621 -0.1547742 -0.0367681 -0.4817459 -0.0091169 -0.0651599 -0.3613757 -0.1446937 0.0363096 -0.1523499 -0.4019931 -0.5035437 -0.3071722 -0.3311900 0.1769475 -0.0374090 -0.2906054 -0.0045134 -0.0747406 -0.0408215 0.1422934 0.2072816 0.2730995 0.1565154 0.3610184 0.4632432 0.3780156 0.5604780 0.3111995 0.2710344 -0.2625872 -0.1774286 -0.6245418 -0.7241532 0.0264440 0.2132724 -0.4691115 0.0483841 -0.2443493 0.0632139 -0.0317402 0.1698584 0.0725200 -0.0400454 0.2134107 0.0173524 -0.0525644 -0.1072615 0.1376894 0.1694154 -0.3464796 0.3757579 -0.3125684 -0.2370159 -0.1102533 -0.0626533 0.0465974 -0.0439331 -0.4060701 -0.0670260 -0.0588639 -0.4718351 0.3237285 -0.0892328
0.1765078 0.1477634 0.6223571 0.2041230 0.0000000 0.0809886 -0.0188032 0.2897537 -0.0050052 0.0723993 0.1439452 0.0442011 0.2817449 0.0546074 0.1979882 0.0342003 0.0901644 0.0520131 -0.3030464 -0.0806155 0.2267294 0.3119327 -0.1313577 0.0221591 0.1082669 -0.1306448 -0.1503424 -0.0748240 0.1070299 0.0899927 0.0116102 0.2259146 -0.0446601 -0.0298301 0.0344647 0.1095050 -0.0905532 0.1289651 -0.0036726 -0.1329216 0.0112193 -0.0929590 -0.0291252 -0.0194323 -0.0903115 0.0114778 0.0746753 0.0067917 0.0282665 -0.0858307 0.1226177 -0.1344376 0.1408137 -0.1061963 0.1756556 0.3810177 0.1152118 0.0836227 0.3331187 0.1239782 0.1992359 0.1122902 0.2564318 0.4754341 0.5402285 0.1636516 0.1713578 0.2748603 0.3185613 0.3301098 0.2507726 0.1631661 0.2966041 0.4394209 0.3771523 0.4719877 0.2674434 0.4081839 0.5092744 0.0608580 0.5718535 -0.0399510 -0.3003844 -0.6756774 -0.4776875 -0.2610101 0.2490950 -0.1278503 -0.4387172 -0.3807799 -0.2918412 -0.3382663 -0.1707101 -0.5553604 -0.0260330 -0.4199619 -0.2000785 -0.1610120 -0.2987242 -0.1308368 -0.2257107 -0.0601444 -0.3639904 -0.3842394 -0.3841348 -0.1631910 -0.1838512 -0.4691830 -0.0616388 -0.1817918 -0.2040258 -0.1114873 -0.6093735 -0.4419189 -0.1771895 -0.4716153 -0.2770769 -0.1102265 -0.1071875 -0.1312235 -0.4565474 -0.3537620 0.0171819 -0.1766419 -0.0589642 0.0211066 -0.5591164 -0.2357259 0.1480809 -0.4926110 -0.1897580 -0.2757079 -0.5432524 -0.2333814 0.5614195 -0.1116090 -0.2564861 0.1739685 0.0767925 0.1225951 -0.0037245 0.1362720 0.5808613 0.2641701 0.0635137 -0.1410759 -0.0066286 0.0327529 0.4120414 0.0353390 0.1005582 0.2334187 -0.0243870 0.0347252 -0.2792710 0.3585530 0.4273505 0.0301466 0.3548883 0.1645923 -0.2815615 0.1617612 -0.0893371 0.1756881 -0.1124046 -0.0470475 -0.1200698 0.0203160 0.5356473 0.3828187 -0.0230911 0.2619804 -0.0914667 -0.0446387 0.1444716 -0.0371130 0.1161812 -0.2887459 0.5008585 0.4994429 0.2558163 0.2878236 0.3006252 0.5118665 0.2580272 0.4257743 -0.1518701 0.0203912 0.3622294 0.3088919 0.0240181 -0.2382833 -0.3261217 0.2674696 0.2038176 0.2556646 -0.0845873 -0.0996013 0.2178278 -0.0441020 -0.4515311 -0.0924073 -0.3173374 0.1403077 0.1216480 0.5569692 0.0084327 -0.3927019 -0.0915016 -0.1566609 -0.1021053 -0.0216967 0.3231262 -0.1453990 0.1122697 -0.1178321 0.0672700 -0.0712735
-0.1471613 0.4174397 0.3184276 0.8858338 0.0809886 0.0000000 0.8329481 0.8191713 0.7419444 0.8260064 0.6481507 0.6372144 0.3787700 0.8800688 0.4968275 0.4050271 0.6533070 0.5969668 0.6630006 0.0983158 0.6096790 0.4098641 0.1977387 0.6309011 0.8236252 0.5706800 -0.2025853 0.6060783 0.7786819 0.1148422 0.1434436 -0.2662407 0.6120827 0.7435791 0.4391961 0.7825024 0.2648438 0.0922364 -0.0658515 0.0010296 -0.4015940 0.6839527 0.2861203 0.5639671 0.7186965 0.1659654 0.3162065 -0.5302068 0.6219581 -0.0345151 0.5566545 -0.0103462 0.8089832 0.4834320 -0.6001223 -0.3405730 0.2509044 0.5034323 -0.1924886 0.5780026 0.7467861 0.3816362 -0.4547862 0.6906297 0.5509200 -0.0799210 0.6874592 0.3178456 -0.3564812 0.6957922 0.3723542 0.2766512 0.5383342 0.0101890 0.0074910 0.6769156 0.2088016 0.3859554 0.6586898 0.5656050 0.4767328 0.4870300 0.1559131 0.1043371 -0.1532790 -0.3784805 -0.3287444 0.5667432 -0.3361629 -0.0324055 -0.3654919 -0.1809622 -0.4963798 0.2334139 -0.4279523 -0.1171727 -0.3383992 -0.5242114 -0.1735875 0.1480692 -0.0510452 -0.4122667 -0.3218164 0.2603699 -0.1351615 -0.0507956 -0.5540597 0.3434704 -0.3914689 -0.3275056 0.1468634 -0.3116149 0.0601052 -0.4510017 -0.3102699 -0.3036203 -0.1623587 -0.4998689 -0.3602547 -0.5529777 -0.5428151 -0.4356776 -0.2447299 -0.1918831 0.0038918 -0.2908526 -0.6475452 -0.2658394 -0.3004973 -0.2958300 -0.3929808 0.0312093 -0.3341400 0.3649240 0.1533635 -0.5948378 -0.5344878 -0.3991603 -0.1890738 -0.4615647 -0.1458091 -0.5871986 0.2373564 -0.4274299 -0.4494965 -0.3499556 -0.4795468 -0.3602684 -0.0979748 -0.6470478 -0.4194922 -0.4852206 -0.5237048 -0.1407948 -0.6203993 -0.1733231 0.0665608 -0.5616026 0.1272861 -0.1502500 -0.3670851 -0.3549854 0.0384620 -0.0869875 -0.5546996 -0.5523267 -0.4160149 -0.3477188 0.1234437 -0.2286018 -0.4468321 -0.1249197 -0.0961783 -0.0386944 0.0468307 0.1051159 0.1554243 0.1199278 0.2970815 0.4644871 0.4302134 0.5075938 0.2785943 0.2423873 -0.3402782 0.0026992 -0.5085100 -0.6187200 -0.0093685 0.1533920 -0.6113941 0.0347093 -0.2839954 -0.1243035 -0.1941507 0.0456563 -0.0033481 -0.1656894 0.1706514 -0.0488923 -0.0825575 -0.0962007 0.1214201 -0.0116976 -0.3837619 0.4624114 -0.4106865 -0.2691730 -0.3044408 -0.0385970 -0.1103268 -0.1350787 -0.4643347 -0.0092302 -0.0275645 -0.4014688 0.3903041 -0.1874470
-0.0685332 0.4646860 0.3169454 0.6561635 -0.0188032 0.8329481 0.0000000 0.5140320 0.6291647 0.5888713 0.5008291 0.6605374 -0.0975125 0.8028437 0.4465692 0.5236226 0.3851580 0.5240061 0.5194612 -0.2914350 0.5007530 0.0175944 0.0422828 0.6835369 0.6214506 0.4873533 -0.2145393 0.7129696 0.7221087 0.3306320 -0.3006535 -0.3481060 0.6922297 0.7566189 0.2719000 0.6361695 0.1348760 -0.1844347 -0.2048653 -0.1591441 -0.6861604 0.5514864 0.1008073 0.3990557 0.5058679 0.0988513 0.1237192 -0.6370976 0.6010356 0.1085020 0.3502373 -0.1954386 0.6625945 0.2801049 -0.6087873 -0.4076002 0.0076961 0.4157779 -0.0341778 0.3753369 0.5187438 0.2730261 -0.4547941 0.3704898 0.2219160 -0.1546836 0.4745226 0.2287010 -0.3479070 0.5430051 0.3221798 0.1238023 0.4359841 -0.1615372 -0.0366893 0.5023017 0.1161991 0.3406916 0.4422628 0.2746409 0.3379222 0.3135922 0.0048986 0.0493237 -0.1358795 0.0454122 -0.3677184 0.2396399 -0.0722623 0.1390325 -0.4039203 -0.1916176 -0.2644398 0.1845932 -0.4116821 -0.3171777 -0.3073785 -0.2657422 -0.2669502 0.0819822 0.0760707 -0.1005564 -0.0483655 0.1055290 -0.2758068 -0.3474705 -0.2612201 0.3449347 -0.3924888 -0.2952185 0.0601260 -0.2279656 -0.0070214 -0.3166681 -0.2957612 -0.1630939 -0.1011970 -0.4952547 -0.3492825 -0.5482687 -0.4231802 -0.3058611 -0.2818728 -0.2846551 -0.0566481 0.1413215 -0.4936946 -0.2600515 -0.0953931 -0.1948936 -0.2515114 0.1243195 -0.2525434 0.3584593 0.0757520 -0.5565406 -0.3328296 -0.3154488 -0.0557640 -0.2267081 -0.1426911 -0.4948053 0.1751359 -0.2929173 -0.3623987 -0.3244445 -0.4828001 -0.3089955 0.0233456 -0.4866233 -0.3531586 -0.3882245 -0.5402349 -0.0334971 -0.4157991 -0.3694636 0.0139306 -0.4531522 0.0339104 -0.0050490 -0.2617578 -0.3545892 -0.0672344 -0.0530703 -0.5011715 -0.5549492 -0.5076126 -0.2961126 0.1295385 -0.2078173 -0.4150485 -0.0762755 0.0776183 0.1117385 0.1964560 0.1607674 0.1558300 0.1533648 0.1764978 0.2442076 0.2774643 0.3418524 0.2455414 0.1983953 -0.2269630 -0.2361339 -0.4017384 -0.5210204 -0.0827354 0.0646048 -0.5984599 -0.0365156 -0.2419229 -0.0095037 0.0266477 0.2702776 0.2372974 -0.1423030 0.1313317 0.2948153 -0.1165769 -0.2923148 0.1148064 -0.0253068 -0.4878745 0.3106166 -0.2423236 -0.0531763 -0.2982967 0.0577569 0.0048688 0.1966761 -0.5570883 0.0546781 0.2423626 -0.1123053 0.2540697 -0.2777215
0.0720146 0.4194603 0.5075985 0.9258168 0.2897537 0.8191713 0.5140320 0.0000000 0.6319013 0.6767456 0.4909954 0.5611360 0.7295148 0.5714406 0.3911561 0.2382335 0.6995600 0.4365664 0.4927293 0.3888838 0.5923369 0.7521211 0.1167033 0.3895636 0.7815387 0.3947974 -0.0445652 0.2506459 0.6065067 0.0529531 0.4823244 -0.0489714 0.3334407 0.5162377 0.2751253 0.5765733 0.1996786 0.2564523 0.0252191 0.1187568 -0.1849728 0.5342067 0.2335261 0.4777621 0.6662388 0.3062908 0.2792236 -0.3709095 0.3753018 -0.0674887 0.4466400 0.0185256 0.7371535 0.3390297 -0.4986648 -0.2218673 0.1855459 0.3156417 -0.1877394 0.4488562 0.6791601 0.2032714 -0.4504173 0.7590273 0.5694153 -0.1919006 0.4959666 0.1417302 -0.3712746 0.4732304 0.1191411 0.4709168 0.3276907 0.1863205 -0.0715781 0.5947864 0.3308523 0.2148466 0.6535211 0.7091760 0.4447510 0.2974545 0.1100447 0.0425584 -0.0686166 -0.4139330 -0.2230249 0.5019347 -0.3918385 -0.0875433 -0.3898898 -0.2647314 -0.6245968 0.1950199 -0.4615401 0.0011349 -0.4447223 -0.5914462 0.0478559 0.1329931 -0.0565018 -0.3769948 -0.3622638 0.2256490 -0.0205383 0.1218605 -0.5557841 0.1190854 -0.3638159 -0.2928022 0.0575417 -0.2905991 0.0745994 -0.4350276 -0.1741692 -0.3446714 -0.2121337 -0.3533614 -0.3612599 -0.4109552 -0.4808581 -0.4495866 -0.1924024 -0.1463585 0.0748359 -0.3469914 -0.6695165 -0.3300376 -0.1892203 -0.3596747 -0.3500497 -0.1325154 -0.4320489 0.2053019 0.1724675 -0.4562477 -0.5042879 -0.1483367 -0.0695085 -0.2797688 0.0912619 -0.3275820 0.1180156 -0.3172499 -0.2940553 -0.3228229 -0.3078621 -0.2419386 0.0306166 -0.5039109 -0.1787391 -0.3651478 -0.3506991 -0.1044045 -0.6050446 -0.0817850 0.0092830 -0.4676338 0.0605353 -0.0395109 -0.5210977 -0.1899037 -0.1326246 -0.0153165 -0.4410341 -0.5275711 -0.1967442 -0.1608812 0.2581621 -0.0255991 -0.2784910 0.1063227 -0.1193622 -0.0368743 0.1194507 0.2688076 0.3307165 0.2546512 0.3991619 0.5356805 0.4940380 0.5772759 0.2371426 0.2538580 -0.2341909 0.0243772 -0.4592312 -0.5809705 0.1411080 0.2857069 -0.3973288 0.1725640 -0.1484644 0.0569571 -0.0834081 0.1123096 -0.0231240 -0.0002443 0.3365482 -0.1628897 0.0495894 0.0011086 0.0717822 0.1858509 -0.1852775 0.4362870 -0.2422147 -0.2859104 0.0625244 -0.0715051 0.0332055 -0.1452740 -0.2231033 -0.1613893 -0.1283223 -0.5612689 0.3343942 0.0104505
-0.0198531 0.2063080 0.2902997 0.6826045 -0.0050052 0.7419444 0.6291647 0.6319013 0.0000000 0.5761942 0.4663434 0.5250354 0.3072392 0.7268287 0.8314660 0.2470195 0.5286438 0.7653252 0.5383728 0.1789596 0.4278226 0.2779989 0.0106043 0.7381362 0.6257058 0.2703016 -0.1371694 0.7370599 0.6569581 0.0195420 0.1682688 -0.1807594 0.7210479 0.7311407 0.1435849 0.4310380 0.1572690 0.1047162 0.0235870 0.0492728 -0.2426107 0.5223086 0.1079652 0.5474036 0.5532756 0.2559333 0.1142684 -0.4248503 0.4211472 -0.1692345 0.3650077 0.0201460 0.5880410 0.3697333 -0.3686175 -0.3016703 0.0984482 0.2991005 -0.3754267 0.3637539 0.3618338 0.2164621 -0.3047882 0.4144344 0.2284733 -0.0927423 0.4384316 0.1185171 -0.2367188 0.5326662 0.2470328 0.1729019 0.2671277 0.0830783 0.0894446 0.5384825 0.3247710 0.3891071 0.5057604 0.3702261 0.4578016 0.4262367 0.1762720 0.0623131 -0.1879136 -0.1507952 -0.4945527 0.4410675 -0.2830881 -0.0611011 -0.3491779 -0.1760600 -0.2335985 0.2162380 -0.6381277 -0.0522454 -0.2633472 -0.4210072 -0.0567044 0.1784230 -0.3062649 -0.2566686 -0.2071717 0.2311000 -0.0833732 -0.0829123 -0.4226946 0.2861062 -0.3893580 -0.5352007 -0.0125391 -0.4422629 0.1783382 -0.4925910 -0.4452663 -0.2773307 -0.2625165 -0.4734256 -0.4636725 -0.4700687 -0.4072871 -0.4194269 -0.2613323 -0.1095147 0.0176179 -0.1701470 -0.5408777 -0.4358809 -0.2412239 -0.2607084 -0.3432905 0.1230988 -0.2275769 0.2660218 -0.0168911 -0.6731656 -0.5826385 -0.3554312 -0.2972243 -0.5106575 -0.1732691 -0.5892940 0.1080108 -0.5279333 -0.5684401 -0.5278404 -0.6185132 -0.4423195 -0.2811816 -0.7157119 -0.5433347 -0.5740970 -0.6743001 -0.4072287 -0.5800906 -0.5738105 -0.1008620 -0.7511124 -0.0986831 -0.3732115 -0.5082400 -0.4640698 -0.2308474 -0.1957365 -0.7141564 -0.8405108 -0.6201683 -0.4963359 -0.0863736 -0.3669622 -0.6666452 -0.4102864 -0.0720764 -0.0284316 -0.0930192 -0.0366261 0.1529125 0.3681259 0.1988688 0.4803613 0.4702437 0.3237830 -0.0514763 -0.0151617 -0.5861713 -0.0677737 -0.5548711 -0.5332874 0.1839744 0.2811336 -0.5316385 0.0901882 0.0190316 -0.1241256 -0.1495158 0.1689558 0.0875106 -0.0431776 0.0240986 0.0861105 0.1123650 0.0430506 0.1609881 -0.0706411 -0.4401510 0.2780268 -0.3299337 -0.1291113 0.0166392 0.2132008 -0.1880878 -0.2247299 -0.2852918 -0.1560305 -0.0567968 -0.2886283 0.6321973 0.1207028
-0.2864208 -0.0436397 0.0520928 0.7293271 0.0723993 0.8260064 0.5888713 0.6767456 0.5761942 0.0000000 0.9018564 0.2976570 0.3921117 0.8672126 0.4186340 0.5169755 0.7660987 0.5580932 0.6868238 0.0494399 0.3350519 0.4968390 0.5448966 0.4440743 0.7985019 0.7456354 -0.0691017 0.4844546 0.7179717 0.1278067 0.2313227 -0.0960930 0.3775031 0.5615098 0.7424438 0.8316817 0.4214447 0.3449727 0.2294506 0.2431617 -0.1531945 0.7979944 0.6247466 0.7191970 0.8180098 0.1944391 0.5981313 -0.1918575 0.6585055 -0.0503285 0.8075969 0.3279007 0.6405117 0.7389570 -0.3874722 -0.1358726 0.5486924 0.7505737 -0.1232798 0.8402675 0.8574125 0.6160689 -0.2538517 0.7503259 0.5467331 0.2504833 0.8727562 0.6039951 -0.1829743 0.8129741 0.5124636 0.0969846 0.7268984 -0.0580055 0.1324663 0.7377640 0.0768274 0.4338678 0.6082070 0.6183686 0.3376494 0.5948718 0.3345858 0.1252895 -0.0527771 -0.4569346 0.0516470 0.5606379 -0.4084381 -0.1422199 0.0402933 0.0617482 -0.4166524 0.3252870 -0.2581161 0.0803436 -0.1638809 -0.5285715 -0.0376401 0.2905241 0.0004933 -0.4008692 -0.2870857 0.3262346 0.1726805 0.1665537 -0.5118355 0.3422247 -0.1039894 -0.1190295 0.4396431 -0.1050263 0.1733194 -0.2547273 -0.1356939 -0.1619149 0.0153904 -0.2870080 -0.2064705 -0.3824043 -0.4122023 -0.1855803 -0.1284606 -0.0090518 0.0162824 -0.5476011 -0.5730675 -0.1492069 -0.4451503 -0.2451795 -0.2972125 0.0728093 -0.1710288 0.3789825 0.1844213 -0.4360331 -0.3619212 -0.3935527 -0.2619839 -0.5051900 -0.1509849 -0.5169888 0.3089486 -0.3940856 -0.3885944 -0.2017012 -0.3005763 -0.3220689 -0.1153773 -0.5028243 -0.2997068 -0.3569199 -0.2843464 -0.0581879 -0.6203517 -0.0223878 0.2748243 -0.3355100 0.2527506 -0.0311032 -0.2035543 -0.2118172 0.2163847 0.0863890 -0.3309179 -0.3052736 -0.2366115 -0.3515743 0.1632532 -0.0638295 -0.2941745 -0.0740208 -0.1254798 -0.0877310 -0.2947274 -0.1081850 -0.1430297 0.0131382 0.0592148 0.4285854 0.4438896 0.4964575 0.4554277 0.3304993 -0.3785501 0.0786511 -0.4406786 -0.5017272 -0.1012819 0.0452164 -0.4831222 -0.0162182 -0.2825732 -0.2193454 -0.4125284 -0.1569781 -0.2908012 -0.2704224 0.0004611 -0.2759365 -0.2923546 0.1646595 0.2907013 0.0438796 -0.1062000 0.5066260 -0.4888270 -0.3535127 -0.3065547 -0.0473627 -0.0129669 -0.3798708 -0.1818663 0.1372714 -0.1101037 -0.4065168 0.2254106 -0.1908912
-0.4004728 -0.3199508 -0.0826497 0.5243649 0.1439452 0.6481507 0.5008291 0.4909954 0.4663434 0.9018564 0.0000000 0.0321678 0.1951280 0.8039407 0.3690959 0.7060414 0.6103747 0.6553111 0.6605114 -0.1718129 0.0919101 0.3379851 0.7211740 0.3663608 0.6686513 0.7824726 0.0278418 0.4652334 0.6220852 0.2367078 0.1206795 0.0350788 0.2573545 0.3921724 0.8487834 0.8091183 0.5453282 0.4201759 0.4332239 0.3280691 -0.0793364 0.8113838 0.7961361 0.7927903 0.7344741 0.3100622 0.7090042 0.0204373 0.6999749 0.1362952 0.8393147 0.5361631 0.3814252 0.8222007 -0.1319979 0.0458060 0.6463919 0.8515059 -0.0478022 0.8534063 0.7568535 0.7417055 0.0021526 0.5670600 0.3877692 0.5277437 0.8165813 0.7360565 0.0595563 0.8039045 0.6486364 -0.2223621 0.7556194 -0.2061917 0.3475421 0.6222685 -0.1371024 0.5667065 0.4537812 0.3998227 0.2350688 0.6326218 0.3937005 0.0813485 -0.0110690 -0.2307525 0.1574908 0.4315019 -0.2833288 -0.2011832 0.1957686 0.1790433 -0.1594100 0.3204893 -0.1750356 0.1304132 0.1002005 -0.3159105 -0.1510868 0.3203183 0.0169552 -0.1350909 -0.1112117 0.3786221 0.3395631 0.2285710 -0.3005717 0.3965304 0.1305432 0.0000116 0.5989678 0.0423987 0.1067853 -0.0715311 0.0765120 0.0490783 0.2593904 -0.0165248 0.0457362 -0.1079948 -0.2067626 0.0498821 0.1096118 0.0227461 0.1383425 -0.4694904 -0.4849482 -0.0093091 -0.2784814 -0.1975198 -0.1465303 0.2501727 -0.0751298 0.1938028 0.2946539 -0.4340785 -0.2053146 -0.2783162 -0.2518187 -0.4002766 -0.1630957 -0.3420392 0.4366521 -0.4087416 -0.2842032 -0.2140495 -0.2516462 -0.3473203 0.0118030 -0.3737062 -0.1724111 -0.2617283 -0.1808579 -0.1268943 -0.5196971 -0.0998786 0.4528236 -0.2560280 0.4292890 0.1791019 -0.2443109 -0.0553154 0.2316349 0.2481950 -0.3436514 -0.2336386 -0.2677246 -0.4506893 0.2731383 0.0658261 -0.3320408 -0.0751879 -0.1928180 -0.0943716 -0.4504576 -0.3010392 -0.3915277 -0.0963304 -0.0961134 0.3492724 0.3176134 0.3893972 0.4474511 0.3334039 -0.3924381 0.1186843 -0.3158538 -0.3160475 -0.2211354 -0.1278198 -0.2399780 -0.1893915 -0.2866042 -0.2131146 -0.3594907 -0.2011975 -0.4176366 -0.4323579 -0.2400779 -0.2582953 -0.4845641 0.1410461 0.1055405 0.0169314 0.0741060 0.5783311 -0.4797890 -0.3837231 -0.3513532 -0.1826948 -0.0812883 -0.4488616 0.0036847 0.3189937 -0.1864018 -0.2549399 0.0578934 -0.3367094
0.3441353 0.7984268 0.4052167 0.6252154 0.0442011 0.6372144 0.6605374 0.5611360 0.5250354 0.2976570 0.0321678 0.0000000 0.1562081 0.4210523 0.5003113 -0.0893433 0.2286467 0.1744398 0.1770833 0.1799003 0.9181147 0.1881920 -0.4766545 0.6544414 0.4491157 0.0369524 -0.4928361 0.3614377 0.6617661 -0.1318624 -0.1155333 -0.3702474 0.6628076 0.8047489 -0.1749481 0.3909280 -0.1312276 -0.3379175 -0.5591833 -0.4988496 -0.6340879 0.2663437 -0.3950147 -0.0609580 0.3822080 -0.1687943 -0.2754129 -0.7138330 0.3975154 -0.2971057 -0.0488900 -0.6454969 0.8572365 -0.2849083 -0.7733706 -0.5833752 -0.2865025 0.0128595 0.1722603 -0.0211933 0.4695222 -0.3460313 -0.6694538 0.5049758 0.4529826 -0.5929073 0.1204240 -0.3042031 -0.6890636 0.2491333 -0.1765004 0.6261128 0.0637178 0.2190009 -0.4347200 0.4999754 0.5328577 -0.0535656 0.5545044 0.5299278 0.5056035 0.0362112 -0.1238840 0.0263020 -0.1913194 -0.1438309 -0.2966876 0.0244859 -0.1427045 0.1606915 -0.5124303 -0.1166327 -0.3799322 -0.0056496 -0.1322667 -0.2707360 -0.3741567 -0.4387479 0.0595996 -0.1853630 -0.1906024 -0.4043716 -0.0683009 -0.1053753 -0.4710766 -0.1861500 -0.3970791 -0.0814782 -0.5843602 -0.3451106 -0.3708414 -0.2860874 0.0809596 -0.5793441 -0.4493123 -0.3680239 -0.3703980 -0.6274604 -0.4127704 -0.6094894 -0.4164554 -0.4244378 -0.2497627 -0.0075278 -0.0234147 0.2218989 -0.3150913 -0.2123978 0.0443723 -0.1242558 -0.0708630 -0.0127487 -0.1986662 0.3129308 -0.0554606 -0.2722689 -0.3328067 0.0133875 0.3035757 0.0928021 0.1980183 -0.2794896 0.0095059 0.0130286 -0.2606491 -0.0480629 -0.2243064 -0.0871899 0.0074406 -0.4425847 -0.2254359 -0.1583553 -0.4545270 0.2974025 -0.4317487 -0.1443573 0.0054027 -0.3980675 -0.0564512 -0.1525630 -0.3079936 -0.3006783 -0.3410981 0.0361106 -0.3029807 -0.5077093 -0.2556298 0.0530525 0.3005986 0.0687828 -0.0763680 0.2104257 0.3992883 0.3253999 0.6687757 0.4593324 0.6190178 0.1655226 0.6795912 0.4768556 0.4929436 0.6344091 0.3164970 0.3817182 0.1799627 -0.1450533 -0.2417116 -0.4857513 0.2307398 0.3701541 -0.5402460 0.2291543 -0.3236534 0.4087352 0.2952622 0.5376155 0.6019943 0.0220130 0.6292360 0.4215152 0.1631796 -0.2970506 0.1477527 0.1665182 -0.5680865 0.1245872 0.1825167 0.1866225 0.0023061 0.3166049 0.2112824 0.3835187 -0.5349243 -0.1203281 0.4428962 -0.3270302 0.4146218 0.1798986
0.0483338 0.1666439 0.3128329 0.5687929 0.2817449 0.3787700 -0.0975125 0.7295148 0.3072392 0.3921117 0.1951280 0.1562081 0.0000000 0.1078606 0.0902617 -0.1629732 0.6145134 0.2165387 0.2935055 0.6922700 0.2868999 0.8206454 0.1790090 -0.0052515 0.3879583 0.0971146 0.1895389 -0.1518019 0.1064241 -0.2844798 0.8247353 0.0521824 0.0145046 0.0892178 0.1527929 0.1209130 0.0897974 0.5667253 0.0923554 0.1166804 0.4128863 0.1066305 0.2463387 0.1915674 0.3598195 0.2231073 0.2527581 0.1201034 -0.0842888 -0.1583662 0.2930324 0.2456433 0.3316881 0.1973154 -0.1308677 0.0207929 0.2398924 -0.0688526 -0.2782083 0.2877447 0.3637866 0.0625636 -0.1529325 0.5273476 0.4900338 -0.0439438 0.3025706 -0.0353774 -0.1040820 0.1101862 0.0352868 0.4279454 0.0975942 0.3342267 0.0319233 0.3642793 0.2394660 0.1128898 0.5243376 0.6448160 0.3160934 0.2664683 0.2808555 0.0415957 -0.0258538 -0.6342712 -0.0374549 0.5295573 -0.3684481 -0.0525056 -0.2219240 -0.1269858 -0.5957927 0.1186366 -0.3336871 0.3317297 -0.3373939 -0.6087818 0.3534739 0.1591319 -0.0357506 -0.5018227 -0.5609245 0.2037769 0.1714895 0.4059264 -0.5870923 -0.0928225 -0.2589034 -0.2468686 0.1767994 -0.2950734 -0.0502067 -0.3889833 -0.1839372 -0.4524150 -0.2954482 -0.2250319 -0.2725919 -0.2150910 -0.2325582 -0.3354508 -0.0809772 -0.1022445 -0.1388822 -0.5779465 -0.4080713 -0.2479269 -0.3454284 -0.3758216 -0.4095628 -0.1756084 -0.3252858 0.1238563 0.1904177 -0.1631186 -0.4832346 -0.1701126 -0.1646549 -0.3434869 0.0571822 -0.2194023 0.0822564 -0.2220861 -0.2075167 -0.0858596 -0.1526898 -0.1796661 -0.0543712 -0.3397601 -0.1497520 -0.2578977 -0.1612011 -0.2080745 -0.4861116 0.1597644 -0.0344836 -0.3046464 0.0640031 -0.2500825 -0.4832455 -0.1064586 0.0066192 -0.1241202 -0.1937934 -0.2578898 0.1987014 -0.0245917 0.1166353 -0.0256768 -0.1291180 0.0699492 -0.2123641 -0.2093592 -0.1128713 0.0885140 0.2439189 0.1833235 0.2839273 0.3884340 0.3670361 0.3273539 -0.0154267 0.0404786 -0.1752755 0.2688665 -0.1512828 -0.2268714 0.2068691 0.2697423 -0.1701751 0.2142031 -0.0146275 -0.0947458 -0.2787950 -0.1824355 -0.1411464 0.1293541 0.2572511 -0.4056047 0.2354140 0.4702397 -0.0846579 0.1597125 0.1415829 0.3379089 -0.1422937 -0.5121963 0.3575634 0.0741285 -0.1287335 -0.3811141 0.2037445 -0.1266801 -0.3533785 -0.7570255 0.3675630 0.3109507
-0.3388645 0.0991749 0.1187576 0.7112170 0.0546074 0.8800688 0.8028437 0.5714406 0.7268287 0.8672126 0.8039407 0.4210523 0.1078606 0.0000000 0.5988758 0.5767896 0.5677758 0.7186837 0.6153327 -0.1360225 0.3810154 0.1960850 0.3749328 0.6923149 0.7283761 0.7108861 -0.1695097 0.7952370 0.8071795 0.3004343 -0.0420901 -0.1570636 0.6204692 0.7282539 0.6331153 0.8288554 0.4094077 0.0917774 0.1708211 0.1658874 -0.3766549 0.7920891 0.4381702 0.7136213 0.7172530 0.2131221 0.4442661 -0.4047516 0.7531048 0.0736214 0.6831053 0.1583016 0.6486874 0.6551800 -0.3795390 -0.1588260 0.4103692 0.7205352 -0.0983100 0.7186975 0.7022785 0.5913156 -0.2003982 0.6052150 0.4301918 0.2028652 0.7839314 0.5981882 -0.1146478 0.8816000 0.5826814 -0.0166286 0.7099335 -0.1144286 0.2259097 0.6941492 0.0776327 0.5586064 0.5475732 0.3767782 0.4168749 0.5744155 0.1907328 0.0765690 -0.1946230 -0.1740281 -0.1821175 0.4892206 -0.2548470 -0.0954745 -0.0548811 0.0080837 -0.1995500 0.2567251 -0.3094806 -0.0948732 -0.0787633 -0.3024020 -0.2736126 0.2227043 -0.0540339 -0.1794530 -0.1254365 0.2804693 0.0011146 -0.0488205 -0.3104209 0.4561924 -0.1066075 -0.2094728 0.3055748 -0.1024853 0.1532743 -0.2496025 -0.1893713 -0.0636510 0.0280941 -0.3197036 -0.1937897 -0.3996937 -0.4530394 -0.2320814 -0.1544358 -0.0594343 0.0502604 -0.2185271 -0.5603658 -0.1577734 -0.2766696 -0.1753768 -0.2556072 0.1851431 -0.1843907 0.3369588 0.2497627 -0.5298465 -0.3639245 -0.3765602 -0.2600886 -0.4662947 -0.1673764 -0.5564875 0.3969065 -0.4288395 -0.4524030 -0.2860301 -0.4302997 -0.3562252 -0.0373877 -0.5406784 -0.3885502 -0.3842544 -0.3761457 -0.1093999 -0.4999500 -0.1930577 0.2299230 -0.4368434 0.2500058 -0.0305309 -0.1502746 -0.2060988 0.1610084 0.0063879 -0.4394256 -0.4335095 -0.4383529 -0.4401161 0.1304079 -0.1619273 -0.4249959 -0.2101419 -0.0834389 0.0024855 -0.1919065 -0.1673696 -0.1349072 0.0400329 0.0964925 0.4251201 0.3633287 0.3927797 0.3358482 0.2365421 -0.4291023 -0.0023178 -0.5130137 -0.4997347 -0.0806382 0.0441646 -0.4701742 -0.1308591 -0.2925667 -0.1308893 -0.1858284 0.0517402 -0.1171990 -0.3278050 -0.1047192 0.0109924 -0.2641726 -0.0586263 0.2588139 -0.0623439 -0.2848321 0.5094077 -0.4794941 -0.1815583 -0.4431608 -0.0230177 -0.0223830 -0.2183491 -0.3512850 0.1426130 0.0246406 -0.1329709 0.2908130 -0.2878975
0.0001389 0.0638051 0.2348309 0.4435975 0.1979882 0.4968275 0.4465692 0.3911561 0.8314660 0.4186340 0.3690959 0.5003113 0.0902617 0.5988758 0.0000000 0.1282255 0.2210693 0.6344899 0.1952680 0.1075075 0.4428766 0.0957757 -0.1711525 0.8222910 0.4188199 0.0640229 -0.4800132 0.6765882 0.7394838 -0.1244002 -0.0487684 -0.0789907 0.7189461 0.7645756 0.0712038 0.4066800 0.0613640 -0.1093250 -0.0949279 -0.1519503 -0.3451657 0.4986444 -0.0350657 0.4163133 0.4985096 0.0771571 0.0320999 -0.4447628 0.5533627 -0.3511596 0.2906883 -0.1636299 0.5838678 0.1977834 -0.2212513 -0.1759895 0.0820589 0.3944563 -0.0824056 0.2908164 0.3543924 0.1728138 -0.1423109 0.4412421 0.3001846 0.0005032 0.3448843 0.2155041 -0.1532854 0.6133600 0.2059845 0.0926554 0.3282133 0.1180849 0.1137634 0.5951164 0.3151141 0.3614526 0.4654188 0.2019852 0.4938417 0.3416166 0.0657768 -0.1255034 -0.3086334 -0.0732552 -0.3027883 0.1430378 -0.3151457 -0.2111039 -0.2430917 -0.0093135 0.0327325 0.0270000 -0.3489218 -0.2285376 -0.0721112 -0.2521866 -0.1294814 0.0417524 -0.3883762 -0.2167186 -0.0285707 0.1135380 -0.2062712 -0.1212720 -0.2580042 0.1155748 -0.2238410 -0.4698018 -0.2170877 -0.2243807 0.2062859 -0.4576907 -0.3406438 -0.2043869 -0.2333859 -0.3632486 -0.3351074 -0.3208174 -0.3672149 -0.3353222 -0.0592985 0.1897517 0.1955598 -0.0207795 -0.3726147 -0.2854309 -0.0071407 -0.0834194 -0.0496834 0.1513321 -0.1376311 0.1785708 0.1510924 -0.4456388 -0.3745939 -0.0597503 -0.1308374 -0.2548812 0.0519161 -0.3221076 0.3234978 -0.2123409 -0.3605284 -0.3314764 -0.4496977 -0.3815981 -0.0928340 -0.5275198 -0.3676058 -0.3171162 -0.5141416 -0.1261395 -0.5103986 -0.3537702 0.2408677 -0.6005956 0.1205055 -0.2281309 -0.3583656 -0.2997371 -0.2191781 0.0639798 -0.5369820 -0.6289766 -0.6317833 -0.3476311 0.1365676 -0.0712795 -0.4828792 -0.2233144 -0.0300724 -0.0178176 -0.0216167 -0.2433041 0.0072710 0.0904888 0.2956425 0.6098903 0.6079663 0.4276170 0.1150956 0.2258321 -0.3811281 0.0404014 -0.4964771 -0.3836579 0.1946120 0.2339076 -0.3346158 -0.1522368 -0.2579739 0.1206616 0.0291870 0.3271007 0.0586219 -0.3103200 -0.0083362 0.1549426 -0.1548474 -0.1357404 0.2821482 -0.1089506 -0.5016612 0.1879648 -0.1878492 0.1009631 -0.0578860 0.1678215 0.0141050 -0.2330815 -0.2528124 -0.1498118 0.1300247 -0.0594838 0.4108528 0.0147249
-0.1672830 -0.2213612 -0.0825870 0.3300015 0.0342003 0.4050271 0.5236226 0.2382335 0.2470195 0.5169755 0.7060414 -0.0893433 -0.1629732 0.5767896 0.1282255 0.0000000 0.3046847 0.4997883 0.4741706 -0.4715577 -0.0982146 0.1224800 0.6196386 0.1885090 0.4991397 0.7609371 0.1779339 0.4419319 0.4275975 0.6332899 -0.0985475 0.2835629 0.0807799 0.2007933 0.6744467 0.5751470 0.6439225 0.2914889 0.4385140 0.3737790 -0.3197156 0.5911052 0.5712158 0.7594105 0.4757283 0.6043081 0.6940115 -0.0271025 0.5462453 0.6442828 0.7049730 0.4155820 0.0985732 0.6403639 0.0004723 0.2124387 0.5673480 0.6638731 0.0078488 0.6932910 0.4026635 0.7047660 0.0918543 0.1078739 -0.0657943 0.4938155 0.5914923 0.6032139 0.2363697 0.5153708 0.5804031 -0.4638236 0.5561212 -0.4612339 0.3546428 0.2712133 -0.3330991 0.4804364 0.0788426 -0.0161853 -0.1024135 0.3864997 0.1833724 -0.0166347 -0.0845047 0.2728855 0.0299841 0.0264766 -0.0551376 -0.1623711 0.1863640 0.1179863 0.0306305 0.2085543 -0.2881533 -0.0065232 0.1277977 0.0453611 -0.4480064 0.0925201 0.1329585 0.3042889 0.2445719 0.1915714 0.2155369 -0.0364918 0.1204571 0.4980779 0.1036579 0.0935936 0.4992836 0.1650154 -0.0242068 0.2104629 0.2571919 0.2916547 0.3551280 0.0584990 0.0858985 -0.0469416 -0.1055381 0.1572590 0.0196445 -0.1103155 0.0804490 -0.0341373 -0.3383692 -0.1558257 -0.1506676 -0.0395912 -0.0558173 0.0366463 -0.0613778 0.2036790 0.1248698 -0.3588387 0.0143093 -0.2854362 -0.2221793 -0.2951251 -0.1537772 -0.3092567 0.2284764 -0.5790901 -0.3165837 -0.1568587 -0.3325819 -0.4045504 0.1410881 -0.2949760 -0.2319149 -0.3827044 -0.1130285 -0.1732596 -0.3260417 -0.3860462 0.1894644 -0.2743270 0.1580165 0.2160730 -0.1346365 -0.0312507 0.3348737 0.0294712 -0.2713138 -0.1700120 -0.3208137 -0.3969329 0.1130401 -0.0409964 -0.3488813 -0.0569051 -0.1168002 -0.0412328 -0.2118455 -0.1486525 -0.3229611 0.0521386 -0.2422298 0.1266521 0.1003940 0.1334465 0.2521542 0.1337379 -0.3807773 -0.1964589 -0.2555279 -0.1526732 -0.3190300 -0.2907428 -0.1265798 -0.4183087 -0.1582840 -0.1034463 -0.0812264 0.0391660 -0.1669200 -0.4106388 -0.4211754 0.0309024 -0.3708065 -0.1536727 0.0772341 0.0615221 0.0411817 0.2737319 -0.4252361 -0.0575954 -0.1531735 -0.4006415 0.0233977 -0.1669896 -0.0128344 0.3490969 -0.3552053 0.1629279 -0.1874289 -0.4909964
0.0968938 0.0656609 0.1649335 0.6380704 0.0901644 0.6533070 0.3851580 0.6995600 0.5286438 0.7660987 0.6103747 0.2286467 0.6145134 0.5677758 0.2210693 0.3046847 0.0000000 0.4422124 0.6647350 0.2136421 0.3143618 0.6632612 0.4090701 0.0688906 0.7105260 0.5374433 0.3511296 0.1384399 0.3468280 0.1188065 0.5308257 -0.0057708 0.0721051 0.2465228 0.4348358 0.4181192 0.3462352 0.5713913 0.3674238 0.3298940 0.1961138 0.4323150 0.4449779 0.5375462 0.5555128 0.3692960 0.4761215 0.0653624 0.1728357 -0.0029119 0.5980210 0.3575939 0.4599333 0.5520038 -0.2538193 -0.0448220 0.4332254 0.3237182 -0.3659154 0.5909230 0.5540789 0.3502526 -0.2062531 0.5988888 0.4151528 0.0456645 0.6554121 0.2423338 -0.1551123 0.4374482 0.2427920 0.3034097 0.3129663 0.1475157 0.0233079 0.5511489 0.3032262 0.2015433 0.5517564 0.7638872 0.2891757 0.3883369 0.3083183 0.1718136 0.0051969 -0.5207263 0.0148188 0.5272321 -0.5325476 -0.2352639 -0.0628106 -0.1016022 -0.6345794 0.2291854 -0.5275388 0.3015183 -0.4045162 -0.7413240 0.2572371 0.4031609 -0.1822627 -0.3938268 -0.4421026 0.1698227 0.1866739 0.2927216 -0.5623012 0.0850582 -0.3642775 -0.1452558 0.3886127 -0.5110735 -0.0649554 -0.2930981 -0.2495353 -0.3707241 -0.0724640 -0.2988676 -0.4072032 -0.4267695 -0.3857744 -0.1403571 -0.3702122 -0.3361300 -0.1915183 -0.6000952 -0.5785079 -0.3026691 -0.5924602 -0.4546860 -0.4357101 -0.0697381 -0.2438998 0.1554124 -0.0385429 -0.4758658 -0.4743834 -0.4702886 -0.1329883 -0.5032640 -0.2377380 -0.4788792 -0.0512512 -0.4326848 -0.4392271 -0.2649256 -0.1339687 0.0007231 -0.1789388 -0.3647052 -0.3270817 -0.2894064 -0.2512792 -0.2260924 -0.4719003 -0.1658655 -0.0619228 -0.2440876 -0.0638023 -0.2814163 -0.3118189 -0.2987894 -0.0818596 -0.1133308 -0.2232943 -0.4062835 -0.0466930 -0.1735844 0.0059288 -0.1735187 -0.2314197 -0.0223849 0.0431842 0.0964083 -0.1989708 0.2182277 0.2061732 0.2691340 0.0913762 0.2575176 0.2747443 0.2082328 0.1269794 0.0371878 -0.3692066 0.0312377 -0.3413068 -0.4316781 0.1445476 0.2743221 -0.5364971 0.3208534 0.0849811 -0.3400797 -0.5079099 -0.1982063 -0.1130971 0.1931526 0.2639809 -0.2955481 0.0664603 0.5222554 0.1882900 0.2591684 0.1861161 0.5359649 -0.2900139 -0.4694522 0.0814431 0.1939121 -0.1653012 -0.3098940 0.1673352 0.0224617 -0.2307612 -0.5946992 0.4837094 0.2824857
