0.0000000 0.6636121 0.7311257 0.4301580 0.7147473 0.0617631 -0.1992887 0.6607181 -0.4291813 -0.0976358 0.2659904 0.4196268 0.7838888 -0.4001697 -0.2131738 0.1855303 -0.3412873 -0.6349903 0.3546047 0.4154644 0.2785612 0.5741501 0.2323396 -0.4398593 0.4362518 0.2723544 -0.3152791 -0.6522204 -0.3186536 -0.7253312 0.5306177 0.5230811 -0.2398738 -0.0701220 0.0468932 0.2487335 0.5534820 0.5628847 -0.3030117 -0.5577837 0.5507679 0.2810451 -0.0889443 -0.4701464 0.4837994 0.3820517 0.2643605 0.7195599 0.0941989 0.4425425 0.2486701 0.0950926 0.4909992 -0.0692163 0.7420281 0.6134564 0.4820481 -0.1145047 0.4650556 0.1512588 0.5751468 0.1121492 0.8179996 0.2885958 0.7035421 0.3481377 0.1055885 -0.0806085 0.4968459 0.1427146 -0.0478033 0.6309451 -0.0579705 0.6775383 -0.0306490 0.0876524 0.6240482 -0.1341777 -0.1256809 0.3542525 0.1889984 0.4626083 0.2567803 0.0655694 0.1518136 -0.2564272 -0.0111719 -0.1538028 -0.1788159 0.0043636 -0.1668412 -0.1350028 0.1753047 -0.2726870 -0.1255535 -0.3262397 0.0338247 -0.0401623 -0.2318548 0.2166142 -0.0840428 -0.2782333 -0.3558736 -0.2479782 -0.3270861 -0.2484570 -0.2269099 0.0198921 -0.3645384 0.2749596 -0.0541683 -0.0442178 0.4017986 0.3959970 0.2803314 0.3319862 0.3196197 0.5341531 0.3949054 0.2851450 0.4939812 0.2123572 -0.0010196 0.4223446 0.1278120 0.0911507 0.3395072 -0.3581647 -0.1674366 0.5388482 0.5070712 0.2611059 0.3803733 0.2594337 -0.1282465 -0.3176354 0.5092631 0.0788302 0.6059920 0.2186850 -0.0066925 0.3225409 0.0593796 -0.2773215 -0.1395829 -0.0332091 0.4118924 0.5110483 0.0488430 0.3519336 0.1064061 -0.1079180 0.3602731 -0.0304918 0.1115638 0.2834871 0.3800468 0.2539953 0.3220744 0.0631263 0.3701676 0.1023979 -0.3385024 0.0067057 0.0976235 -0.0392026 -0.2185527 -0.0139576 0.1969091 -0.0324716 0.1212561 0.0514886 0.8914167 0.5426179 -0.0337108 0.4889634 0.5478099 -0.1464178 0.5257642 0.2152777 -0.0578381 0.4245358 0.5329363 0.5074096 0.6447860 0.4745297 0.5525882 0.4077923 0.6899045 0.7887542 0.1648633 0.6628588 0.7521013 0.0833962 0.0973182 0.0920099 0.3010750 0.5389971 0.6628233 0.0214934 0.4128541 -0.0581962 -0.0490075 0.2983664 0.4341914 0.4891459 -0.1886885 0.0636103 0.1188681 0.5011271 0.0713640 0.0771865 0.7742813 0.5150429 0.3235111 0.1574847 0.0315890 0.4140964
0.6636121 0.0000000 0.8485230 0.4352295 0.6132707 0.2962395 0.0437771 0.6310347 -0.2729931 0.0609685 0.3719948 0.1951062 0.8360159 -0.0789499 -0.4936805 0.3637552 0.0076207 -0.5228285 0.5174346 0.4971290 0.3153802 0.6119087 0.2228910 -0.4722785 0.5866624 0.2363007 -0.3544931 -0.5846895 -0.1893549 -0.5110017 0.5308390 0.7973109 -0.2715014 -0.0370330 -0.0059256 0.4514777 0.5928172 0.7172606 -0.1403997 -0.7043294 0.6870477 0.3822563 0.1017117 -0.5102437 0.2863295 0.6280371 0.4523975 0.7316041 -0.0068844 0.3701148 0.4597415 0.2062203 0.3497248 -0.0450512 0.6815896 0.6889177 0.5652805 -0.2626307 0.3906701 0.4954290 0.4381197 0.3691411 0.6510950 0.0029127 0.1719318 0.4593290 0.4252708 0.0056398 0.5229856 0.0907992 0.3288549 0.3325679 0.1338287 0.4718275 0.1866054 0.2430898 0.5331392 -0.0950642 0.0389180 0.3010375 0.1012670 0.3315407 0.4305338 0.2132531 0.3603972 -0.1124224 0.1269945 -0.1087249 -0.0416800 0.2489732 -0.0735849 -0.0676511 0.2611608 0.0008518 -0.0337385 0.1533123 0.1244789 -0.0610725 0.3365760 0.0721289 0.1625962 -0.2753166 -0.2418828 -0.1483416 -0.0789252 0.0355698 -0.1980404 0.2408786 0.1206649 0.3424223 0.4219412 0.1637522 0.4578433 0.5154164 0.4594360 0.5592559 0.5242734 0.6583686 0.6312052 0.5156063 0.7356338 0.4219163 0.3708167 0.4680260 0.3946964 0.3606421 0.5393435 0.1400309 0.2982060 0.6362345 0.5918273 0.4067291 0.4384130 0.1358501 0.1584884 0.1503989 0.4544929 0.2119241 0.5081366 0.3563301 0.2990366 0.4192106 0.2760935 0.0792157 0.0798610 0.1215032 0.2539946 0.2722495 0.4213191 0.5014581 0.2895602 -0.0660780 0.3799522 0.3748565 0.2124248 -0.0207594 0.3847055 0.1198671 0.4034672 0.1897305 0.5278558 0.3686459 -0.3290157 0.1892015 0.4244638 0.0543679 0.0724421 0.3017224 0.3753665 0.2306494 0.3535207 0.3368271 0.5938465 0.4075497 0.4714120 0.4525250 0.4128222 0.0521844 0.5794713 0.3068639 0.0128874 0.3662500 0.4333214 0.3858786 0.5939377 0.2497944 0.5867632 0.4816860 0.5213804 0.5173381 0.2783095 0.4310586 0.3755786 0.3045198 0.3151550 0.3253369 0.1824364 0.3310298 0.4091044 0.2178467 0.5160190 0.2880445 0.2413869 0.4963053 0.5127617 0.5109008 0.2959512 0.1610710 0.4625981 0.3097195 0.2596149 0.2368586 0.5420543 0.4392471 0.4102286 0.1719337 0.0655360 0.4403604
0.7311257 0.8485230 0.0000000 0.4252043 0.7545507 0.1005027 0.0101025 0.6592966 -0.3955141 -0.2121587 0.1663690 0.2348701 0.7623859 -0.2632644 -0.5704557 0.0967318 -0.2844478 -0.5343336 0.2125243 0.4648020 0.2555016 0.4316260 0.0623187 -0.4310247 0.2489632 0.0395898 -0.4426555 -0.4980920 -0.3082029 -0.4800306 0.3673802 0.5581732 -0.2060762 -0.1014946 -0.0669695 0.3319291 0.3510880 0.4825982 -0.2546499 -0.5593901 0.4445810 0.3026984 -0.1341493 -0.3789321 0.3875174 0.3368187 0.1579328 0.6748347 0.0391068 0.3402709 0.1826927 0.0505765 0.4052201 -0.0088628 0.8142359 0.5396091 0.4127655 -0.1418050 0.5778852 0.3094311 0.6007394 0.2811473 0.7701533 0.2082603 0.4684885 0.4041039 0.2756983 0.0408242 0.4305977 0.0947999 0.2064120 0.4584738 0.0851402 0.6381877 0.0020215 0.1465586 0.5373817 -0.1639051 -0.0394487 0.4033423 0.2286963 0.4218466 0.1206590 -0.1327947 0.0213500 -0.0876183 0.0026019 -0.2169127 -0.0574814 0.0056135 -0.0492995 -0.0222389 0.0604627 -0.1427710 0.0285338 -0.0788395 -0.0111568 -0.1567703 -0.0357499 0.1887246 0.0184232 -0.1457348 -0.1995346 0.1059482 -0.1749223 -0.0217820 -0.2459487 -0.0767405 -0.2112661 0.0829684 0.1899723 -0.0997768 0.3648486 0.3850761 0.2904012 0.3810048 0.3846299 0.5126025 0.4890736 0.3394753 0.6170667 0.2680049 0.2056078 0.4544997 0.4405323 0.1153846 0.3098263 -0.1213643 0.0816612 0.5152653 0.4623551 0.4407562 0.1325383 0.0828582 0.0583747 -0.1439054 0.3672971 0.2028031 0.3709563 0.0349635 0.2348522 0.2644440 0.2107317 -0.1961011 0.1750405 -0.0684555 0.3689143 0.4201096 0.2352821 0.1553664 -0.0921049 -0.2160910 0.3504059 0.1661601 0.3481918 -0.1019288 0.1914941 0.3145929 0.3215701 -0.0528049 0.5943746 0.0181339 -0.4673519 -0.0402249 0.2777451 -0.0582706 -0.1684442 0.1996639 0.1415783 -0.0669666 0.1999298 0.1819820 0.5746295 0.3593051 0.3171849 0.4550541 0.3715131 0.1279986 0.4567484 0.2795581 -0.0065511 0.4975786 0.5839468 0.5338349 0.7218679 0.5499382 0.6397019 0.6428738 0.6565820 0.6310371 0.0902294 0.5915739 0.5881037 0.0400900 0.0538209 0.0709587 0.1271979 0.3874909 0.4991607 0.0398433 0.3792775 0.1737931 0.2462546 0.3784822 0.5743534 0.6625586 0.1855715 -0.0179920 0.2014144 0.3044622 0.3495140 0.0197005 0.6610203 0.4509565 0.4427684 0.0876725 0.1756852 0.4689062
0.4301580 0.4352295 0.4252043 0.0000000 0.1465911 0.5610398 0.1556595 0.8164955 0.3539047 0.6782047 0.7086671 0.3762331 0.4028770 0.4021391 0.1674889 0.2463211 0.4013316 0.0414621 0.0272421 0.5091882 0.0556072 0.4734819 0.0735839 0.1875343 0.0752546 -0.0606451 0.1221977 -0.1478089 0.1006239 -0.1728018 0.4830347 0.1713465 0.4360463 0.3693594 -0.1799145 0.1853580 0.3266502 0.0798142 0.4863675 -0.5472789 0.2500187 0.1098623 0.2665421 0.2063074 -0.1472966 0.0147845 0.0365382 0.2542031 0.6329058 0.2005073 0.1813193 0.1237868 0.3369268 0.0441302 0.1233853 0.0540675 0.0109220 0.2475698 -0.1648768 -0.0499893 -0.1988885 0.0225900 0.1499120 0.5203635 0.0699591 -0.1470015 -0.0110874 0.2613468 -0.0961655 0.5090962 0.0092790 0.4186324 0.0734720 0.2645990 0.0962057 0.2966058 0.2872596 0.1447905 0.0331212 0.2614822 0.2158687 -0.0418965 -0.2265982 -0.4658223 -0.2551754 -0.4213008 -0.4325942 -0.4684241 -0.2973447 -0.5324096 -0.3729220 -0.4440003 -0.2511681 -0.0957809 -0.3741991 -0.3085863 -0.3805528 -0.4195443 -0.2656411 0.0672233 -0.4551077 -0.5687808 -0.6481508 -0.4540103 -0.4464731 -0.5800293 -0.6177921 -0.2478810 -0.3327572 -0.2444453 -0.4225371 -0.2501000 -0.0299311 -0.0054538 -0.1754252 0.0555278 0.0868967 0.0000345 0.1266073 0.3668740 0.2014522 0.0775448 -0.3330036 -0.1092748 0.1939219 0.1864648 0.1810249 -0.2161015 0.2630675 0.2912031 0.4452636 -0.0479598 0.2825180 0.4679416 -0.0782299 -0.2004994 0.5862047 0.5222222 0.4552941 0.2333975 -0.0158863 0.4005492 0.1861544 -0.2753404 0.3481274 -0.1030067 0.3734243 0.2138131 -0.1022724 0.0113913 -0.2524202 -0.6163837 0.2209173 -0.0554285 -0.1648877 -0.4574679 -0.2318731 -0.1572392 -0.0598260 -0.4325205 0.0580756 -0.1508013 -0.6320122 -0.4456687 -0.1650121 -0.5350291 -0.5615890 -0.2079860 -0.2014508 -0.2788764 -0.1518414 -0.1487321 0.5085755 0.4370322 0.1964042 0.5949211 0.3791273 0.1942972 0.3458596 0.3541664 0.2613693 0.1426316 -0.0294067 0.0925423 0.1004480 -0.0953198 -0.0541405 -0.0672675 0.1930379 0.0864876 0.1936052 0.0354395 0.1258998 0.0880999 0.0747999 0.1314102 0.3919457 0.2288540 0.2436848 0.2921274 0.5346073 -0.0536430 -0.0062428 0.1852212 0.0712017 0.1051140 0.1963302 0.3071046 0.5619664 0.0727161 0.1407472 0.5494236 0.2148482 0.1522825 0.2269176 0.5194323 0.5778890 0.4393932
0.7147473 0.6132707 0.7545507 0.1465911 0.0000000 -0.1483700 -0.1540536 0.4427920 -0.6414344 -0.3451069 0.0304296 0.1852861 0.6844314 -0.4267270 -0.4029973 0.1309726 -0.3049493 -0.5136540 0.2778080 0.5572841 0.3396812 0.5609253 0.1735863 -0.4714584 0.4018814 0.3059649 -0.3717678 -0.4596846 -0.2434211 -0.4898690 0.5014081 0.5911641 -0.3849782 -0.2404840 0.0688630 0.3015053 0.4636110 0.6138358 -0.3324821 -0.3982849 0.5656575 0.5084648 0.0180370 -0.5600532 0.6356634 0.4572668 0.2627243 0.7699614 -0.3091685 0.4986734 0.3054334 0.1161201 0.2473748 -0.0447748 0.7918477 0.6442344 0.5291998 -0.2577431 0.5767564 0.4474517 0.6895323 0.3028450 0.7309978 -0.0421602 0.5185129 0.5315583 0.3737886 -0.1197232 0.5672273 -0.0883757 0.1371380 0.2173558 0.0370355 0.4997018 -0.0329541 0.1312686 0.4785539 -0.2060187 0.0721597 0.2889914 0.2124975 0.3738214 0.1200778 -0.0324572 0.1271277 0.0042883 0.2293596 0.0280963 -0.0704417 0.1670695 -0.1229087 -0.1393619 0.0377518 -0.1728896 -0.0095519 -0.2333496 -0.0628814 -0.0672211 -0.1049736 0.0634532 0.1776309 0.0151432 -0.1112699 0.2372882 -0.1927253 0.0377795 -0.0650672 -0.0475736 -0.3224942 0.2843890 0.2096951 0.0337536 0.3588053 0.2754777 0.2505590 0.2362939 0.0986688 0.5009864 0.2481716 0.2370556 0.4227322 0.0087222 0.0848469 0.5920494 0.3641754 0.0300778 0.1745591 -0.3151712 -0.2144563 0.4805172 0.5568085 0.4608397 0.2650989 0.2680677 0.3272075 -0.2784958 0.4613431 0.0654966 0.5475173 0.1112334 0.2727692 0.3604176 0.0950526 -0.2778259 0.0567781 0.0454046 0.5964507 0.7274813 0.2600361 0.3219279 0.0981498 -0.0926301 0.6040571 0.1895602 0.5893753 0.2175551 0.4263780 0.5267558 0.2700404 0.2164440 0.5878201 0.1557389 -0.2549068 0.2851901 0.4907456 0.0986153 -0.0712976 0.0995761 0.1730968 0.1344355 0.4148236 0.4038746 0.4319455 0.1666020 -0.0144556 0.3071124 0.3480417 -0.0231240 0.3601328 0.3355018 0.0168572 0.4486234 0.5939700 0.4907555 0.6176631 0.6398250 0.6507880 0.6299121 0.6309078 0.7556141 0.0289361 0.6450009 0.6973309 0.0637935 0.0894881 0.0662047 0.0520483 0.2658253 0.5130581 -0.1682510 0.4460828 0.1363700 0.2041170 0.3343804 0.6931710 0.6111486 -0.1066613 -0.0559502 0.0820636 0.4314978 0.1570577 -0.0325458 0.8263328 0.6067629 0.4558608 0.1034821 -0.1113950 0.2410986
0.0617631 0.2962395 0.1005027 0.5610398 -0.1483700 0.0000000 0.4584508 0.3032157 0.4987784 0.5682809 0.2611695 0.4636118 0.1408913 0.3616455 0.2245570 0.0134077 0.3250436 0.1041910 0.0619298 0.3546851 0.3005882 0.2282776 -0.2852395 0.2501280 0.0762337 -0.2290236 -0.1737333 -0.0192289 0.5056254 -0.1382621 0.2319252 0.2241090 0.5098872 0.5423033 -0.2754715 0.4207307 0.1834000 0.0566064 0.3974206 -0.2717207 0.2057075 0.2613574 0.0331535 0.3403947 -0.3025942 0.0289015 -0.0312944 0.1108017 0.5842580 -0.2221836 0.1625350 0.0588247 0.3382664 0.0481401 -0.1022319 -0.0881643 -0.1233311 -0.0110023 -0.2827784 0.0373598 -0.3019612 0.1091403 -0.0940589 0.3608867 -0.2073240 -0.2274537 0.0888934 0.2394989 -0.2991356 0.4728693 0.0261483 0.3598018 0.0999267 0.1813312 -0.0470019 0.2777082 0.4064017 0.0776989 0.0259226 0.1092121 -0.0106411 -0.0582375 0.1330119 -0.0757772 0.1573868 -0.3667001 -0.2684133 -0.1256517 -0.2324672 -0.0903629 -0.3486143 -0.4211556 -0.1900034 0.2210066 -0.3854437 -0.0627485 -0.2864337 -0.4018543 0.2686769 -0.0971281 -0.0629401 -0.6251200 -0.4526447 -0.4937818 -0.3991450 -0.3257387 -0.4572035 0.0322383 0.0716152 -0.1060478 -0.0871447 0.1346476 -0.2233150 -0.1933713 -0.1637413 -0.1550551 -0.1221144 -0.0515973 -0.0848143 0.4159215 0.0650092 -0.1040552 -0.0244226 -0.1541609 -0.1169717 0.4659946 -0.0497111 0.0645856 0.4472214 0.0277007 0.2867218 0.1770896 0.1371953 0.2788643 0.1946228 0.1447681 0.2821287 0.3290382 0.3815670 0.4249706 0.1898345 0.4181794 0.2997125 0.0313680 0.0867932 0.1514055 0.1614632 0.0846236 0.2870547 0.1998910 0.0542045 -0.3427371 0.1567550 0.2346823 -0.1399066 -0.2784635 -0.0265238 -0.3088696 0.0561580 -0.2448618 -0.0150629 0.0355890 -0.1221916 -0.1886783 -0.1192427 -0.2977180 -0.1593091 -0.0816808 -0.0346363 -0.1016259 -0.0750903 -0.0923559 0.2778804 0.3408856 0.3390948 0.4939247 0.5048640 0.0635411 0.5822817 0.3640755 0.2244420 -0.0853294 -0.1522830 -0.0868383 -0.0335607 -0.4711283 -0.1763717 -0.2841150 0.0828629 -0.0188873 0.3467379 -0.1544156 -0.0929509 0.3693143 0.3639725 0.3981307 0.5127403 0.3329730 0.2664048 0.4121256 0.4582524 0.0273016 0.0361491 0.1774718 -0.0294427 0.0583266 0.2017147 0.3080193 0.6241914 0.3138581 0.1812261 0.5922545 0.0222346 0.1586725 0.3530259 0.2891120 0.1658969 0.0805085
-0.1992887 0.0437771 0.0101025 0.1556595 -0.1540536 0.4584508 0.0000000 -0.1727531 0.2302687 0.0855171 -0.0744581 0.4214085 -0.2454496 0.3589369 0.2199765 -0.4279553 0.2119086 0.2897986 -0.4375650 0.1981454 0.2102099 -0.2477373 -0.5079888 0.2674754 -0.2405052 -0.5443545 0.1608561 0.3444870 0.1630960 0.2644039 -0.0840647 -0.0440101 0.3204262 0.0764507 -0.5498690 0.0022658 -0.1487343 -0.2124295 -0.0502931 -0.1604327 -0.0526659 -0.0821292 -0.3347917 0.1431111 -0.6673237 -0.3452601 -0.3749690 -0.1999325 0.1311656 -0.1330932 -0.3540945 -0.4906242 -0.1034909 -0.4245162 -0.3244728 -0.3781440 -0.4573165 -0.3910374 -0.4123349 -0.3548133 -0.5227282 -0.3253912 -0.2935377 0.1572427 -0.3114088 -0.4892635 -0.1957339 -0.2216596 -0.4225409 0.0166078 -0.0081701 0.2241528 -0.0883498 0.0667619 -0.0798706 0.1801123 0.1825767 0.1050815 0.0376220 -0.0117837 -0.0026181 -0.4355210 -0.1447165 -0.2438475 -0.0781369 -0.2552600 -0.2591513 -0.2167342 -0.1251911 -0.1914245 -0.0828895 -0.2287420 -0.2229368 -0.2000591 -0.2012189 0.0595622 -0.2437772 -0.3191716 0.1473439 -0.3353507 -0.0920758 -0.3357135 -0.2896152 -0.3410437 -0.1375345 -0.1401294 -0.2525514 -0.0551106 0.1322557 -0.2349380 0.0368094 0.0261374 -0.2348273 -0.1926198 -0.3299077 -0.0848971 -0.0893601 -0.2829474 -0.0600393 0.1808738 0.0739005 0.0259016 -0.1718983 -0.1189360 -0.1947960 0.3658804 -0.0088255 0.0504595 0.3019438 -0.1622806 -0.0898587 -0.0639333 0.0699461 -0.0101152 -0.0044500 0.0891800 -0.1462935 -0.0113341 -0.0527734 0.0040776 0.0727604 -0.0937587 0.1109818 0.0561976 0.0625032 -0.1723602 -0.2061318 -0.2412595 0.1666954 -0.0723600 -0.1413787 -0.3568637 -0.1869713 0.1838473 -0.1489957 -0.4980660 -0.3359161 -0.3130396 -0.1639313 -0.3407814 0.0989636 -0.1784660 -0.3269373 -0.2868333 -0.0315753 -0.4025927 -0.1767514 0.0918677 -0.2559946 -0.2396908 -0.0946697 -0.0454321 0.0266883 0.3173199 0.6248796 0.4836505 0.3003457 0.5220673 0.1971750 0.2584064 0.2412146 -0.1737863 -0.3210583 -0.3131121 -0.3520996 -0.4653314 -0.2967163 -0.2324297 -0.0015371 -0.1790593 0.0998666 -0.3397776 -0.3225388 0.2343341 0.2441063 0.3450139 0.3657421 0.1362062 0.0110368 0.3800864 0.1302650 0.0083772 0.0255580 0.1014451 -0.2880505 -0.2356472 0.2064682 -0.0859342 0.2553223 -0.0620541 -0.0519810 0.1100777 -0.3637137 -0.0077625 0.1054751 0.0009237 0.0094749 0.0347042
0.6607181 0.6310347 0.6592966 0.8164955 0.4427920 0.3032157 -0.1727531 0.0000000 -0.0954219 0.3562995 0.7049478 0.1128327 0.7641452 -0.0373064 -0.2795911 0.5215223 0.1572418 -0.4087359 0.3814354 0.3569421 -0.0511867 0.6749465 0.4011644 -0.2662425 0.3109679 0.1986699 -0.1778152 -0.5825780 -0.2694268 -0.5585128 0.4790898 0.3352512 -0.0530199 0.0605593 0.1346404 0.1007098 0.4477898 0.3365010 0.2862371 -0.5500814 0.3805557 0.0609487 0.3862847 -0.1849802 0.1521135 0.3568294 0.3016259 0.4595967 0.3385521 0.3920391 0.4260240 0.4499977 0.3381290 0.2747167 0.5071243 0.4831902 0.3721214 0.2218169 0.2549874 0.2566915 0.2174779 0.3893370 0.5837504 0.4030818 0.3292430 0.2520076 0.3297059 0.3831715 0.3690362 0.4411179 0.2415546 0.4567889 0.3234541 0.5406741 0.2546222 0.3392432 0.4763746 0.0842296 0.1755867 0.6109804 0.3494615 0.1400435 -0.0666928 -0.2780740 -0.1243810 -0.2170923 -0.2097334 -0.5367481 -0.0787198 -0.2877824 -0.1665508 -0.1792094 0.0262910 -0.2506597 -0.0651016 -0.1741795 -0.0406481 -0.1906683 -0.0982698 0.0791244 -0.3092496 -0.3351489 -0.3870879 -0.3160328 -0.2824866 -0.2766014 -0.4115693 -0.0814506 -0.2713138 0.0007204 -0.2284067 -0.1229583 0.2084631 0.2194634 0.1494414 0.2905204 0.2914001 0.3701073 0.3566070 0.4571056 0.4269622 0.2080245 -0.1305824 0.1498362 0.2961999 0.0926875 0.4105532 -0.1736631 0.2052572 0.4969148 0.5781067 0.0627974 0.3904270 0.3067940 -0.1300550 -0.1444993 0.5947208 0.4049243 0.5635566 0.1634412 -0.0927890 0.3960933 0.1916523 -0.2913985 0.2558089 -0.0022218 0.4103380 0.3260228 -0.1123882 0.0806256 -0.1741590 -0.4527065 0.2946955 -0.1079332 -0.0092144 -0.2902284 0.0416129 -0.0959747 0.1422076 -0.2264260 0.1710481 -0.0365557 -0.5990657 -0.2248787 0.0154683 -0.3782107 -0.4144644 -0.1649107 0.0067821 -0.1444354 -0.1321068 -0.0725917 0.6280866 0.4720872 0.0767711 0.3827487 0.2799396 0.1138187 0.3287843 0.2244646 0.0348175 0.2506508 0.2051958 0.2856603 0.4876231 0.3623082 0.3967705 0.3303026 0.5585225 0.4980868 0.2614617 0.5377119 0.5097629 0.1015687 0.0397570 0.0614332 0.2991703 0.2955079 0.5107742 0.1484914 0.5167584 -0.0063442 0.0533375 0.2766373 0.2981718 0.5104566 0.0991164 0.3283009 0.4265218 0.1989315 0.2813514 0.3098978 0.5017370 0.2790980 0.2367750 0.3746477 0.4960670 0.5744231
-0.4291813 -0.2729931 -0.3955141 0.3539047 -0.6414344 0.4987784 0.2302687 -0.0954219 0.0000000 0.7703098 0.2777347 0.0734361 -0.3966200 0.8425045 0.6202728 -0.0520463 0.5821166 0.7886576 -0.2049297 0.0479610 -0.1805797 -0.2384845 -0.2679396 0.7923159 -0.2141891 -0.2432408 0.5319142 0.6335394 0.4618296 0.6114820 -0.1061468 -0.2187852 0.7798475 0.6301707 -0.1658926 -0.0477576 -0.1009048 -0.3801789 0.5890531 0.1079328 -0.2664781 -0.1737108 0.1581924 0.7366448 -0.5152904 -0.3020563 -0.0953138 -0.4455287 0.6146112 -0.1111446 -0.0392574 -0.1442324 -0.0315205 -0.1039433 -0.6380649 -0.5204818 -0.3408563 0.2946247 -0.7205994 -0.2264750 -0.7272472 -0.2815161 -0.6503392 0.2272396 -0.5181173 -0.4590431 -0.2553733 0.1558530 -0.5738479 0.2700014 0.0657427 -0.1129146 0.0031700 -0.3869394 0.1819822 0.0629207 -0.3341473 0.5104633 0.0828971 -0.3130484 0.1367763 -0.3223327 -0.2734539 -0.1986165 -0.2212866 -0.1067843 -0.2997710 -0.0680345 -0.0779963 -0.3298326 -0.1802633 -0.2214161 -0.3414128 0.3273364 -0.3487672 -0.0140785 -0.3902124 -0.3198585 -0.0447126 -0.1219018 -0.2752979 -0.3714544 -0.2941640 -0.1122005 -0.1970987 -0.3729682 -0.3408272 -0.1021845 0.0122256 -0.4309220 -0.3271016 -0.2371350 -0.4478134 -0.4349527 -0.4464348 -0.4279884 -0.3519657 -0.5457223 -0.4079699 -0.2336547 -0.5051868 -0.3213631 -0.2411918 -0.5002517 -0.2451208 -0.0794596 -0.3852397 0.0287934 0.2077212 -0.4039131 -0.1758776 -0.3259246 -0.2907778 0.2139820 -0.1482275 0.0520299 -0.1552702 0.2576612 -0.2991680 0.1488309 -0.1329799 0.0216020 0.1766115 0.0306617 0.1213013 0.0646885 -0.1905552 -0.3245268 -0.1686503 -0.1473220 -0.1703387 -0.2238905 -0.2383496 -0.1562684 -0.3114309 -0.3611190 -0.5139453 -0.2298860 -0.3081682 -0.4112840 -0.3920925 -0.2044391 0.0503592 -0.4145400 -0.4591738 -0.2886451 -0.2863340 -0.2742485 -0.3636544 -0.2558324 -0.2360161 -0.3402010 -0.2572562 -0.0488708 0.1245230 0.0822610 -0.1018578 0.1822528 -0.1620711 -0.0660947 0.1703918 -0.4306653 -0.5952518 -0.4950138 -0.6190897 -0.6804792 -0.7313899 -0.6738462 -0.5324044 -0.7364679 -0.1738977 -0.7664410 -0.6316818 -0.1648807 -0.1974846 -0.1162813 0.0279629 -0.2107782 -0.4025794 0.1534598 -0.0228492 0.0873200 -0.0545173 -0.2620303 -0.3867919 -0.4251551 0.2962523 0.0991556 0.3230273 -0.1238606 0.0324509 0.3950709 -0.5094088 -0.3750339 -0.1344857 0.2444475 0.4413531 0.0347856
-0.0976358 0.0609685 -0.2121587 0.6782047 -0.3451069 0.5682809 0.0855171 0.3562995 0.7703098 0.0000000 0.7266879 0.1083119 0.0288319 0.7807788 0.5001209 0.3798532 0.7580541 0.4865836 0.1643440 0.2943254 -0.0804453 0.2756033 0.1001331 0.5128935 0.1736437 0.0821565 0.4833939 0.1990581 0.3799170 0.2194576 0.3259073 0.0716884 0.5421250 0.5709778 -0.0866235 0.1042209 0.2792905 -0.0321876 0.7204665 -0.2435178 0.1198873 0.0226260 0.5150680 0.4130440 -0.3451754 0.0555692 0.2017718 -0.1118794 0.5784223 0.1494645 0.2949086 0.2199599 0.0979726 0.0485369 -0.4249191 -0.1525904 -0.0690129 0.3045213 -0.6627405 -0.0064387 -0.6235507 -0.0318146 -0.4115383 0.2298762 -0.4338956 -0.2816049 -0.0313546 0.2220914 -0.2670557 0.4133127 0.1217859 -0.0162533 0.0930625 -0.2414673 0.3404103 0.3013378 -0.0778713 0.4540570 0.2435264 -0.0485851 0.1987682 -0.3363485 -0.1232399 -0.1232469 -0.0220893 -0.2754309 -0.2903349 -0.2146645 -0.2102018 -0.2988196 -0.3552020 -0.4071630 -0.1792120 0.1540432 -0.4621159 -0.0567717 -0.2916301 -0.2488995 0.0308683 -0.1978522 -0.2855284 -0.5290835 -0.4999554 -0.4107407 -0.2472955 -0.4696167 -0.4055405 0.0441748 0.0596755 -0.1273946 -0.3131854 -0.0491844 -0.2076850 -0.1860249 -0.2155250 -0.1159486 -0.1193025 -0.1776711 -0.1147256 0.1713273 -0.1744293 -0.0861385 -0.2553055 -0.3364591 -0.0695859 0.1637722 0.0330699 0.0554931 0.3658870 -0.0054060 0.2437676 -0.2880806 0.2446539 0.4864154 -0.0591582 0.1097745 0.3326047 0.4590644 0.2078912 0.4466475 -0.1136387 0.3545915 0.2112475 0.0440073 0.2269504 0.1759005 0.0750232 -0.1063210 -0.1158202 0.1543424 0.0485255 -0.3153697 0.0439950 -0.0386645 -0.3305330 -0.3419927 -0.2378139 -0.3168946 -0.1710431 -0.2189872 -0.2979789 0.0853445 -0.1759153 -0.2216184 -0.2129653 -0.3450034 -0.2946515 -0.2643048 -0.1367266 -0.0071184 -0.1098348 -0.1201290 0.0782538 0.1847151 0.1336042 0.2775133 0.1095040 0.0971940 0.0791326 0.1225982 0.1993596 -0.3369616 -0.5196478 -0.4105381 -0.4576294 -0.5887345 -0.5076937 -0.5402572 -0.3052189 -0.4282152 0.1320068 -0.4730002 -0.3792343 0.1344252 0.0928568 0.1529858 0.2130947 -0.0874856 -0.1353938 0.3214624 0.3515272 0.0802217 -0.0593600 -0.0240064 -0.2090589 -0.2731932 0.3079638 0.3016962 0.5802778 -0.0328822 -0.0076126 0.6678781 -0.2192503 -0.1003946 -0.0106832 0.4499377 0.4411353 0.1655658
0.2659904 0.3719948 0.1663690 0.7086671 0.0304296 0.2611695 -0.0744581 0.7049478 0.2777347 0.7266879 0.0000000 0.0594022 0.4344718 0.3721875 0.1145209 0.7137687 0.5205499 0.0295724 0.4768994 0.2786548 -0.1399282 0.5644188 0.5195436 0.1127657 0.4641474 0.3738788 0.3196775 -0.2600867 -0.0757935 -0.1556891 0.4427539 0.2080603 0.1013890 0.2953024 0.1773126 -0.1561509 0.5083324 0.2359999 0.5687670 -0.2957835 0.3219494 -0.2061205 0.6709387 0.0224172 -0.1238683 0.3631022 0.4867196 0.1627251 0.4045126 0.5278043 0.5045544 0.5818673 0.1618125 0.3154512 -0.0259912 0.2877111 0.3010679 0.4157795 -0.3045102 0.2424663 -0.3129845 0.3706259 0.0568836 0.3062357 -0.1228524 0.0985916 0.2993346 0.4563128 0.1874953 0.5492229 0.3562819 0.1699538 0.4318214 0.0484159 0.5579977 0.5613817 0.1922808 0.4290766 0.4330649 0.3491101 0.2659112 -0.1636634 -0.0425288 -0.0514463 0.0229699 -0.1256341 -0.1125882 -0.4187524 0.0589703 -0.1657552 -0.0751029 -0.1528671 0.1557544 -0.2218533 -0.1085972 0.1284168 0.0703967 0.0013179 0.1002759 -0.2743063 -0.2007638 -0.3057632 -0.3471863 -0.4077351 0.0231722 -0.1791735 -0.1869740 0.2953715 0.0686414 0.1623006 -0.1049988 0.0505959 0.2816290 0.2766299 0.1180579 0.3989517 0.3249595 0.2187057 0.3797620 0.3871750 0.3064005 0.3249337 -0.1746247 0.0473153 0.1517905 0.1524296 0.5501287 -0.0072481 0.3031797 0.4713447 0.5490525 -0.2666728 0.6160794 0.3746239 -0.1719431 0.1194586 0.5145378 0.4500038 0.4539438 0.3122107 -0.1751605 0.3793774 0.0066490 -0.0522927 0.1831407 0.2293927 0.2296766 0.0819070 -0.2855989 0.1600767 -0.0265139 -0.3261057 0.1901815 -0.0997794 -0.1457211 -0.3663811 -0.0802471 -0.2419412 -0.1388837 -0.1721651 0.0143733 0.1229890 -0.3895063 -0.1611884 0.0591108 -0.3723064 -0.2480610 -0.1983562 0.0074661 0.0316401 -0.0747383 -0.0487696 0.3643085 0.4054609 0.0481341 0.2826949 0.1388692 0.0526338 0.0051436 -0.1229058 -0.1351470 -0.2862857 -0.3788845 -0.2850797 -0.1346573 -0.1549504 -0.1213917 -0.2394656 0.0592019 0.0152058 0.3061446 0.0322901 0.0050138 0.2115436 0.1137960 0.1816429 0.2988973 0.1097826 0.1511997 0.2912030 0.5320410 0.2442915 0.1481555 0.3013082 0.0091375 -0.0238532 0.3240422 0.4384102 0.5655885 0.1076443 0.1884899 0.5306417 0.0937760 0.1056621 0.0212134 0.3713355 0.4297392 0.4972062
0.4196268 0.1951062 0.2348701 0.3762331 0.1852861 0.4636118 0.4214085 0.1128327 0.0734361 0.1083119 0.0594022 0.0000000 0.0540026 0.0151977 0.3337124 -0.4396488 -0.3120665 -0.0641645 -0.2444834 0.4824684 0.7486097 0.0208085 -0.5173761 0.2445197 -0.0586548 -0.2957165 -0.1570753 -0.0534374 0.5002678 -0.2371091 0.2378610 0.0625740 0.4493790 0.5466483 -0.5569132 0.3851625 0.1002199 -0.0176728 -0.0403906 -0.2026281 0.1759363 0.2875618 -0.4922306 0.2503595 0.0884637 -0.2695205 -0.3327061 0.2613759 0.5494590 -0.0836865 -0.3345567 -0.2427078 0.6803936 -0.0668272 0.0784547 -0.1919353 -0.2727873 0.0608365 -0.1756864 -0.3460100 -0.0519332 -0.1954168 0.0819193 0.6041976 0.3494504 -0.3327841 -0.3648398 0.0150088 -0.3958741 0.4874403 -0.4732261 0.6808215 -0.2340119 0.2982598 -0.4338300 0.3632740 0.6050814 -0.1726175 -0.1184794 -0.0166415 -0.1792160 0.1170630 0.0408570 -0.1552023 0.1889126 -0.5737126 -0.3993021 0.1183233 -0.4480194 -0.0481348 -0.4803911 -0.5167241 -0.1860108 -0.1864132 -0.5261484 -0.3988890 -0.3463085 -0.2754246 -0.2986611 -0.0978336 0.0821293 -0.5197345 -0.5425795 -0.3559407 -0.4063150 -0.3815178 -0.1763656 -0.0372299 -0.1690906 0.1601556 -0.1731060 0.1171378 0.0904518 0.0702337 -0.1061158 -0.0008951 -0.0027722 0.0983482 0.1274595 0.3253244 0.2470429 0.0803547 -0.1895633 0.2672505 0.0047317 0.5523745 0.0087992 -0.3382813 0.1145172 0.1919345 0.3313401 0.2498704 0.1842522 0.3791328 0.1027757 -0.2276033 0.4053807 0.3613220 0.5386594 0.3842375 0.2596927 0.4478061 -0.2158615 -0.0310227 0.0066159 -0.0650683 0.4655482 0.4656637 0.0835670 0.2383338 0.0130950 -0.1654050 0.3906013 0.2249250 0.0727191 0.0100885 0.0959555 0.1928123 -0.0737564 -0.1358637 0.3520392 0.0305434 -0.2247918 -0.1280362 0.0069643 -0.1447544 -0.1725698 0.0377282 0.0446156 -0.0910453 0.1681403 0.0685796 0.5735591 0.4681705 0.0468044 0.7867878 0.8781251 -0.3301848 0.5961072 0.1103283 -0.1328355 -0.0483396 0.0439017 0.0091572 -0.0460888 -0.2861865 -0.2516983 -0.3538283 0.1656636 0.2426832 0.3157488 0.0273625 0.1978780 0.3940061 0.4726239 0.5429074 0.7269187 0.7594993 0.4704000 0.4795891 0.3293486 -0.1034777 0.0152583 0.3375473 0.0099635 -0.1544808 0.0712116 -0.1387747 0.1349149 0.5021073 -0.0524457 0.5313845 0.2878629 0.5353450 0.5385421 -0.0403561 -0.3346715 -0.1438374
0.7838888 0.8360159 0.7623859 0.4028770 0.6844314 0.1408913 -0.2454496 0.7641452 -0.3966200 0.0288319 0.4344718 0.0540026 0.0000000 -0.2540374 -0.5160028 0.5505853 -0.0487808 -0.6108871 0.7076156 0.3525602 0.1830606 0.7069944 0.4502047 -0.5499370 0.6553328 0.4261230 -0.3287507 -0.7287499 -0.3169927 -0.6925255 0.4878623 0.7128436 -0.4143183 -0.1256077 0.2450132 0.3036056 0.6441131 0.7231646 -0.0995255 -0.6102034 0.6273577 0.2592553 0.2610964 -0.5356422 0.4515419 0.7130157 0.5513898 0.6927841 -0.0277942 0.5396812 0.5604125 0.4167725 0.3699050 0.0984811 0.7579556 0.8378834 0.6882222 -0.1069398 0.4890350 0.5271251 0.5666244 0.4803154 0.8411032 0.1107025 0.4795860 0.5651173 0.5290929 0.1277326 0.7380218 0.1567415 0.4100169 0.4424909 0.3113673 0.6783054 0.3748990 0.3112992 0.6320536 0.0989569 0.2286477 0.5673053 0.3774271 0.3443262 0.3668456 0.2131660 0.3089479 0.0266015 0.1459916 -0.1860292 0.1035163 0.2667940 -0.0148625 0.0593963 0.4130735 -0.1511034 0.0890053 0.0701962 0.2553360 0.1270744 0.2500063 0.0479784 0.1490254 -0.1167009 -0.1127846 -0.0974234 -0.0746641 0.1032204 -0.0623992 0.2204018 0.0263137 0.3934468 0.2516656 0.1787522 0.3863765 0.3972351 0.4612731 0.4141669 0.3504711 0.6903203 0.4677021 0.4626344 0.5647378 0.2118380 0.2826095 0.5260678 0.3404324 0.2000269 0.4500056 0.0150869 0.2176776 0.5961132 0.6714494 0.3644355 0.4291104 0.2544676 -0.0021283 0.0389806 0.4825898 0.2312013 0.5908777 0.3345075 0.0634306 0.4543173 0.2592712 -0.0641250 0.0605530 0.2392303 0.3493918 0.3925384 0.2221448 0.4626516 0.2495702 -0.0614853 0.4120123 0.1485546 0.2116451 0.0779409 0.4248496 0.1478724 0.3988646 0.2052364 0.4157766 0.3136030 -0.2459247 0.1828126 0.3653824 -0.0105544 -0.0706611 0.0930158 0.3358289 0.1974235 0.2388058 0.2150341 0.6810511 0.4461781 0.1738927 0.2827705 0.3429077 -0.0129835 0.4906506 0.1491022 -0.1683774 0.3016971 0.4532684 0.4039942 0.6610603 0.5163985 0.6290833 0.5199257 0.7605127 0.7624003 0.2837199 0.7242108 0.6844145 0.2193775 0.1768848 0.1874771 0.2343944 0.4015076 0.6345149 0.1536693 0.4657078 0.2227729 0.1956926 0.4215791 0.5412645 0.7265500 0.1406846 0.1246275 0.3168452 0.4855874 0.3587986 0.1717526 0.6921520 0.4145311 0.3754947 0.1190927 0.1187165 0.4649452
-0.4001697 -0.0789499 -0.2632644 0.4021391 -0.4267270 0.3616455 0.3589369 -0.0373064 0.8425045 0.7807788 0.3721875 0.0151977 -0.2540374 0.0000000 0.4939241 0.0116947 0.7667757 0.8013179 -0.1648635 0.2135151 -0.1005190 -0.0890230 -0.1985413 0.6692247 -0.0568165 -0.2036810 0.6607825 0.6123188 0.3909818 0.6652313 0.0829214 0.0187722 0.5979432 0.4441119 -0.2469633 0.0607992 0.0542931 -0.1781345 0.5479089 -0.1623829 -0.0434107 -0.0275252 0.2626060 0.4658715 -0.5432049 -0.1406979 0.0148309 -0.2926906 0.3337945 0.0354349 0.0227992 -0.2218921 -0.1819966 -0.3144403 -0.5357573 -0.3664777 -0.2568257 0.0321444 -0.7202960 -0.1525463 -0.7309674 -0.3509067 -0.5908001 -0.0221540 -0.6286715 -0.3953049 -0.1882841 -0.0803078 -0.4118497 0.0287264 0.1834744 -0.2424165 -0.0559026 -0.4025158 0.3216437 0.1388259 -0.3334636 0.5390891 0.2344158 -0.3090489 0.2414230 -0.5278097 -0.2638660 -0.2138702 -0.1040801 -0.1624661 -0.3011340 -0.0521209 -0.1704774 -0.2724105 -0.2779407 -0.3352870 -0.3260166 0.1693698 -0.4423836 0.0232594 -0.4102240 -0.3318594 -0.0005342 -0.3072907 -0.1731333 -0.3859840 -0.3742595 -0.0857729 -0.1747740 -0.3705803 -0.3062400 -0.0914187 0.1571680 -0.2707587 -0.1839271 -0.1056125 -0.3846890 -0.3486350 -0.2975901 -0.2837736 -0.2625062 -0.3660081 -0.2494878 -0.0346053 -0.3139280 -0.2095633 -0.1946345 -0.2825968 0.0321424 0.0869123 -0.2065823 0.1717764 0.3960476 -0.2894798 -0.0272099 -0.2476386 -0.0921524 0.3211515 0.0002190 0.1672168 -0.0158615 0.3535674 -0.1872038 0.3115629 0.0172948 0.1665557 0.3003817 0.1426105 0.3681306 0.0668457 -0.1146659 -0.2982238 0.0245506 0.0736522 0.0052905 -0.2281233 -0.0737141 0.0796534 -0.1778439 -0.4944702 -0.4457837 -0.1514205 -0.2289077 -0.2447511 -0.2336327 0.0212553 -0.1521285 -0.2374517 -0.1696881 -0.2808405 -0.2486590 -0.0925590 -0.2522774 -0.0320828 0.0143158 -0.0181847 -0.2690416 0.0351762 0.4310334 0.2106644 -0.0792757 0.3480510 -0.1091129 0.1201015 0.2546037 -0.3393299 -0.5595598 -0.4907715 -0.6221839 -0.6416845 -0.6195671 -0.5031013 -0.4382502 -0.6893095 -0.0765700 -0.7639599 -0.6534528 0.0155839 -0.0207805 0.0806742 0.0411424 -0.3226081 -0.4324703 0.2956360 0.0541222 0.1110177 -0.0114411 -0.1335601 -0.2801102 -0.3698099 0.4472022 -0.0042142 0.3951096 -0.2878968 -0.0455696 0.4444757 -0.5117543 -0.2987019 -0.0759797 0.2985075 0.3779835 -0.0143846
-0.2131738 -0.4936805 -0.5704557 0.1674889 -0.4029973 0.2245570 0.2199765 -0.2795911 0.6202728 0.5001209 0.1145209 0.3337124 -0.5160028 0.4939241 0.0000000 -0.1774133 0.3211335 0.6660043 -0.3169068 0.1517521 -0.0736826 -0.1240549 -0.2396196 0.7920789 -0.1737588 -0.1568814 0.5167423 0.6412476 0.4497826 0.4562697 0.0705761 -0.3592137 0.7242618 0.4889700 -0.1837909 -0.2098856 -0.0867828 -0.3753705 0.2267104 0.1493921 -0.2491725 -0.0571961 0.0634230 0.5200209 -0.3014311 -0.3953688 -0.1686525 -0.3904016 0.3715491 -0.0619339 -0.1643978 -0.2516323 -0.1007674 -0.2380876 -0.6517614 -0.5076341 -0.3614676 0.1696775 -0.6998565 -0.3997264 -0.6236082 -0.4288410 -0.6025792 0.2021211 -0.2277523 -0.5100998 -0.3908392 -0.0367564 -0.5131692 0.1754272 -0.2626325 -0.0947813 -0.1487266 -0.3719142 -0.0617061 0.0058327 -0.2840774 0.3240049 -0.0087682 -0.4343328 -0.1097189 -0.2638096 -0.2785820 -0.1839006 -0.2317139 -0.2581193 -0.2801526 0.0802949 -0.2249763 -0.3629987 -0.3040955 -0.4424544 -0.3242902 0.0558126 -0.3744428 -0.3900321 -0.5260624 -0.2211020 -0.3449187 -0.1126389 -0.3254635 -0.2596323 -0.3395355 -0.2785848 -0.3313074 -0.4652622 -0.2161134 -0.0888102 -0.3384430 -0.2912457 -0.4684145 -0.2741333 -0.2364745 -0.3428371 -0.5176020 -0.4161591 -0.4869073 -0.5968012 -0.5264092 -0.3221260 -0.5329175 -0.4015918 -0.6074323 -0.3890891 -0.3779247 -0.1834401 -0.4087225 -0.4345623 -0.2596679 -0.2555593 -0.0452366 -0.4882171 -0.0111784 0.4021476 -0.0745667 -0.3332476 0.0510883 0.0051281 -0.0357043 0.0366183 -0.1817180 -0.0840858 -0.1432674 -0.2744845 -0.1748446 -0.1508959 0.0022187 -0.0486598 -0.2411221 -0.1257557 -0.1844476 -0.2961763 -0.1134341 -0.2608878 -0.2886587 -0.0286659 -0.4076141 -0.1333596 -0.4701144 -0.4105812 -0.3891666 -0.3150295 0.0343289 -0.4039674 -0.3971922 -0.3469368 -0.3482651 -0.3960888 -0.5046123 -0.3727877 -0.1328651 -0.3026955 -0.0924385 -0.0431733 -0.2858127 0.1200208 0.0034315 -0.0497831 -0.2643905 -0.0375311 0.1398266 -0.4256428 -0.5281165 -0.4803478 -0.7039728 -0.5210734 -0.7355509 -0.6764262 -0.4849976 -0.4968166 -0.2280917 -0.6236934 -0.3838705 -0.2387660 -0.2217644 -0.1534692 0.0532266 -0.1481639 -0.3124701 -0.0350801 -0.0423457 -0.2178080 -0.3119522 -0.3558432 -0.5035665 -0.7232953 -0.2478935 0.0515558 0.0323933 -0.0479545 -0.3903570 0.1969428 -0.3851313 -0.3148560 -0.2611812 0.2387298 0.0932558 -0.1759948
0.1855303 0.3637552 0.0967318 0.2463211 0.1309726 0.0134077 -0.4279553 0.5215223 -0.0520463 0.3798532 0.7137687 -0.4396488 0.5505853 0.0116947 -0.1774133 0.0000000 0.4137364 -0.1732536 0.8524461 0.0212583 -0.3644930 0.6887367 0.8828908 -0.2372951 0.7412597 0.7679818 0.0732491 -0.3931001 -0.2870973 -0.2499587 0.4020177 0.3984952 -0.3413430 -0.0932591 0.6657545 -0.1726265 0.6059847 0.5383617 0.3147564 -0.1162479 0.4025701 -0.1292503 0.8535496 -0.2873453 0.1611960 0.7562543 0.8389682 0.2817768 -0.0938979 0.5023306 0.8279040 0.7838844 -0.1195590 0.4009514 0.1994913 0.6648214 0.7221720 0.2644760 0.1201447 0.6785365 0.1000180 0.6734020 0.2489915 -0.1621876 -0.0854790 0.5942692 0.7085690 0.3940040 0.6791178 0.1957827 0.6160291 -0.1900070 0.5567133 -0.0151943 0.7336618 0.2491911 0.0026618 0.3605015 0.3902389 0.2909519 0.1992724 0.1528227 0.3462252 0.3972410 0.2258657 0.3502049 0.4269075 -0.1391386 0.4179828 0.2315054 0.3104132 0.2712380 0.5543468 0.0391429 0.3508233 0.4422836 0.4733164 0.4195043 0.4576127 -0.1050577 0.0902422 0.2034843 0.2004776 -0.1177119 0.3765920 0.2871191 0.1775409 0.5500568 0.2325448 0.3532594 0.3026093 0.2343174 0.4667564 0.4389074 0.4273513 0.5049791 0.3795112 0.3677388 0.3605526 0.2979284 0.3087106 0.2880154 0.1990936 0.1450472 0.2041999 -0.1114038 0.5548534 0.2146034 0.1063859 0.5678048 0.5028619 -0.0769379 0.6117800 0.1240760 0.0330136 0.3073040 0.3717633 0.0749192 0.3241739 0.1284640 -0.0929355 0.1890507 0.1013931 -0.0715214 -0.0205590 0.4746715 0.0936433 0.0528313 -0.0530869 0.2080443 0.1701498 -0.0682217 0.1508323 -0.0380387 0.0414555 -0.0320701 0.1805510 -0.1543580 0.0747880 0.1196514 -0.0007365 0.2441958 0.0754930 0.1212025 0.2818147 -0.0777245 0.0894321 -0.0994434 0.1659149 0.2253009 0.0596883 0.0417404 0.1463785 0.1191466 -0.0926564 -0.2340406 -0.2342631 -0.0336509 -0.1430662 -0.1719764 -0.1792274 -0.0860192 -0.0791109 -0.0311983 0.1585987 0.1850611 0.2695017 0.1199733 0.1157715 0.1924524 0.2713925 0.2470427 0.1659748 0.0822648 -0.0353414 -0.0712070 -0.1060595 -0.1752369 0.0339439 -0.0969474 0.4409972 0.4145493 0.2682602 0.2388624 0.2740149 0.2222849 0.1161148 0.5987687 0.4484309 0.1385015 0.3327214 0.1337971 0.2104975 -0.0939365 -0.1798788 0.3069278 0.3428000 0.4516138
-0.3412873 0.0076207 -0.2844478 0.4013316 -0.3049493 0.3250436 0.2119086 0.1572418 0.5821166 0.7580541 0.5205499 -0.3120665 -0.0487808 0.7667757 0.3211335 0.4137364 0.0000000 0.5120188 0.1188841 0.1775789 -0.3285393 0.2623232 0.2759248 0.2706311 0.2001149 0.1288711 0.6613232 0.2998877 0.0725392 0.4346638 0.2394479 0.1433968 0.2291973 0.0367699 0.0992822 -0.1227204 0.2841933 0.0691193 0.6377862 -0.2397446 0.1900108 -0.0945815 0.6821524 0.0891785 -0.5598381 0.2037568 0.2951335 -0.1680978 0.0535956 0.2045426 0.4175046 0.0829319 -0.4713199 -0.2657231 -0.4514020 -0.0187546 0.0362328 -0.1166529 -0.5344422 0.1655778 -0.6387941 -0.0921863 -0.4095370 -0.2521346 -0.6956420 -0.1309020 0.1904162 -0.0219228 -0.0546140 -0.0496098 0.3499277 -0.3814721 0.1590520 -0.3749003 0.4522364 0.0940373 -0.3769867 0.4179785 0.1942425 -0.1634472 0.1242125 -0.5020911 -0.1685847 -0.1102851 -0.1627501 0.0746040 0.0108418 -0.2567710 0.1127134 -0.2356380 -0.0215376 -0.1460988 -0.1358105 0.2477144 -0.1068717 0.2006061 -0.1952847 -0.2404676 0.2792785 -0.1380236 -0.2888579 -0.2431752 -0.2468274 -0.2962670 -0.0432753 -0.1940015 -0.3614780 -0.0478928 0.1300578 -0.2547717 -0.0677347 -0.1045545 -0.3412249 -0.3189495 -0.3028827 -0.1464387 -0.2045076 -0.3380528 -0.2346494 -0.0172869 -0.2545694 -0.1752754 -0.1480146 -0.3502559 -0.0659278 0.0172997 0.0202842 0.2378435 0.2849510 -0.1369488 0.0844477 -0.3293085 0.1898006 0.2592860 0.0693309 0.2237728 0.0507458 0.1611251 -0.0687181 0.2274842 -0.0810832 0.1226372 0.3159791 0.1489965 0.2136676 0.1065409 -0.1713962 -0.3391530 0.0458019 0.1441659 0.1474521 -0.2217590 -0.0747600 0.0620431 -0.2517602 -0.3523322 -0.2349389 -0.3709147 -0.1290216 -0.0613639 -0.2741736 0.1263813 -0.1246981 -0.0506961 0.0089667 -0.2343681 -0.1290324 -0.1050147 -0.1431959 0.0879316 -0.0037758 0.0381106 -0.3005017 -0.1182608 0.2983524 -0.0525724 -0.2861539 0.5093925 -0.1545158 0.2632697 0.4662221 -0.1855427 -0.4642785 -0.3396650 -0.4153683 -0.4534536 -0.2996393 -0.2803133 -0.3319614 -0.5125161 -0.0798292 -0.5395963 -0.5809451 0.0018493 -0.0437230 0.0022435 -0.0751421 -0.5238004 -0.4529409 0.1280415 0.2690587 0.1603468 0.0180622 -0.0098564 -0.1887429 -0.2542210 0.2565424 0.3605497 0.6223117 -0.3340190 -0.0380702 0.3358778 -0.4038427 -0.3191691 -0.1701861 0.5518441 0.5010757 0.2407796
