0.0000000 0.6185517 0.6994597 -0.0751146 0.3935039 0.2642030 0.3331598 0.1192025 0.3740437 0.0364294 -0.0226212 0.5296530 0.4471063 0.1906093 0.4138975 -0.0244851 -0.0152913 0.1485329 -0.1670110 0.2075048 0.2368112 0.3041968 -0.3335548 0.1547404 -0.0950005 -0.2227784 -0.2161301 -0.0124380 0.4402965 -0.1411244 0.4238152 0.2808267 0.1208420 0.2828856 -0.1824810 0.4034368 0.2003546 0.1111817 -0.1591724 -0.0531521 0.4261040 0.6719248 -0.2575679 0.0509602 0.5345929 -0.0829443 0.0962867 0.4044180 0.2255930 0.0598854 0.0115020 0.1145301 0.3577417 0.4158519 0.5523283 0.2201150 0.2593643 0.1831037 0.0766529 -0.0344937 0.3330177 -0.0392383 0.5832556 0.0939701 0.3232859 0.5493414 -0.4446178 -0.1199737 0.5831366 -0.3326465 0.2949777 0.1876249 -0.4741335 0.2759445 0.3737228 -0.3753744 -0.0692347 0.1384845 -0.3808647 0.0451487 -0.0562413 -0.4785705 -0.4442420 0.2589361 0.1731470 0.2594540 0.1831932 -0.3885032 0.1602232 0.1769599 -0.0322455 0.2572134 0.4855845 0.2338353 -0.2130726 0.2098163 0.6502370 0.4867522 -0.0924485 -0.3688353 0.2543410 0.4419977 0.1743349 -0.1640033 0.4252671 0.3002272 0.4272896 0.1738376 0.2601602 0.1652272 -0.0650183 0.0709921 0.0603594 0.2792051 0.0087867 0.2918592 0.0912934 0.0853226 0.1018344 -0.0284236 0.1218613 0.2594345 0.3454125 -0.3928412 -0.3568271 -0.0071423 0.3933850 0.4722992 -0.2840025 0.2631619 -0.2248141 0.4635757 0.3990035 0.0240616 0.2522060 0.5216084 -0.3009462 -0.3417257 -0.4003957 0.1965745 0.6119342 0.0030988 0.4077128 0.1700682 -0.1174900 0.6662710 -0.1176945 0.0635593 0.5349467 0.6534313 0.6045994 0.4200284 -0.1885331 0.6585025 0.4533379 0.3898752 0.6562059 0.4051086 0.5183750 0.5861555 0.5573011 0.6797914 0.2687110 0.5268072 0.4975670 0.4607305 0.4342716 0.3066428 0.5469827 0.6681462 0.6503461 0.7767837 0.5772217 0.3574280 0.4683216 0.5062001 0.1952334 -0.5091260 -0.2788922 -0.2418324 -0.2045791 0.2194783 0.0946851 -0.0571651 0.1885171 0.3721268 0.2576686 0.1849584 0.2890837 -0.0090550 0.1034243 0.0708382 -0.3441873 0.0215639 -0.0847276 -0.0931719 -0.6078344 -0.5212361 0.0170490 0.1232573 0.0739917 -0.3804434 -0.4514693 -0.5198380 0.5774514 0.3578028 -0.2936484 -0.2902632 0.3831749 -0.4264966 -0.2545290 -0.6792138 0.5605123 -0.0085283 -0.5169947 0.1344279 -0.1886349 -0.3343071
0.6185517 0.0000000 0.6961823 0.4041446 0.3800431 0.5248787 0.1585847 0.5888224 0.3966651 0.0186212 0.3677541 0.5797380 0.5303597 0.2351299 0.6506777 0.3728951 -0.2528320 0.4474994 0.1754968 0.4535878 0.3144095 0.2216677 0.1043930 0.5099319 0.0912103 0.0458662 -0.2482611 0.3473815 0.4956232 -0.1819852 0.2375708 0.2540609 0.3240043 0.4117667 -0.0092946 0.3749118 0.2807036 0.2004833 -0.2604638 -0.2170582 0.1983239 0.5251650 -0.2111778 0.0617386 0.4845375 0.0542008 0.0053889 0.3491571 0.2946132 -0.0163660 -0.0501467 -0.1170551 0.3580669 0.2072801 0.4187349 0.0627816 0.1620111 0.0925231 0.3825252 -0.1331515 0.2773215 -0.2474657 0.4235293 0.2037886 0.2010291 0.1616557 -0.2551311 -0.0283521 0.2874365 -0.1118102 0.1812807 0.2561629 -0.2486471 0.3341792 -0.0741715 -0.0893275 0.1299044 0.5347336 -0.1233123 0.1314155 0.2487912 -0.3178164 0.0893518 -0.0468488 -0.0566395 0.0959881 0.0678047 -0.2712883 0.0845497 -0.0862874 0.2118499 0.1618325 0.3183120 -0.0424260 0.1549300 0.1490470 0.2624035 0.3307362 0.1657158 -0.0861076 0.2639625 0.1257949 0.0640287 0.0435055 0.1689013 0.2837060 0.1113902 -0.1205249 -0.1160776 -0.1924599 0.0330883 -0.2840540 -0.1087696 -0.0042815 -0.2589350 -0.1174078 -0.1206600 -0.1013687 -0.0386078 -0.1050950 0.1208303 0.0628890 0.5226533 -0.1475632 -0.3055461 -0.2100357 0.4427057 0.1739808 -0.1178248 0.4739020 0.0601057 0.4402511 0.1839676 0.2203334 0.3740476 0.2375452 0.1276250 -0.1358859 -0.1346731 0.2374157 0.5365255 0.0586841 0.7421269 -0.0270455 0.0771421 0.1697729 -0.0835530 0.0832348 0.6941070 0.5483881 0.4439882 0.1756563 -0.0497422 0.4543380 0.1766326 -0.0298260 0.5486952 0.0727092 0.6761500 0.4328870 0.1566809 0.5427401 0.1319898 0.4319549 0.2493213 0.2777932 0.2937261 0.2190690 0.4529660 0.4044746 0.5113927 0.5564416 0.6595553 0.3327969 0.7971635 0.5842788 0.2912775 -0.5505830 -0.1500853 -0.3800159 -0.3858330 0.4235996 0.2382037 0.2322579 0.4153911 0.4199521 0.4392763 0.2054289 0.3758009 0.0182135 0.0288905 0.0965624 -0.2946790 0.1245944 -0.2325614 -0.1428784 -0.4699924 -0.3928762 0.1711152 0.0353322 0.1398633 -0.2833048 0.0763260 -0.1767588 0.4879821 0.4255820 0.0809612 0.1244205 0.4232076 -0.0518062 0.1122938 -0.4353629 0.2821626 -0.1291987 -0.3217375 0.5053671 -0.1258171 -0.4245258
0.6994597 0.6961823 0.0000000 0.1717907 0.6368110 0.2706877 0.0938088 0.6509781 0.3223093 -0.2238871 0.2166058 0.5196176 0.7553604 0.0002883 0.3935672 0.5310275 -0.0741212 0.1944111 0.1343673 0.5676271 0.3572119 0.4284478 0.1301923 0.2524334 -0.0589302 0.0724365 -0.0205273 -0.0121754 0.3878056 -0.3038193 0.5305967 0.1697214 0.1469066 0.1770056 -0.0278317 0.4296479 0.3285185 0.1550300 -0.2198515 -0.2091243 0.4199305 0.6486485 -0.1034297 -0.0697577 0.3564467 -0.0417919 0.0389910 0.4144202 0.0821690 -0.1316703 0.0044732 0.0594718 0.1739399 0.1732943 0.5042081 0.0899008 0.1779240 -0.0130779 0.2875769 -0.0499790 0.2228950 -0.2634477 0.6545708 0.0499006 0.1814389 0.3624104 -0.3814114 -0.1293344 0.3280051 -0.2252356 0.2772721 0.2311929 -0.3782264 0.4258032 0.0312112 -0.1828307 0.0750335 0.2877983 -0.3010475 0.1334855 0.1335617 -0.5620545 -0.3373174 -0.3006676 -0.3192397 -0.1585124 0.0887166 -0.2684459 -0.1817878 -0.1331777 -0.2208064 0.1303560 0.1822660 0.0516757 -0.1550385 0.0412418 0.3058135 0.1508948 -0.0502724 -0.4079334 0.0278377 -0.0914309 -0.2816251 -0.2285754 0.0710696 0.0858658 -0.0710709 -0.4112205 -0.2114931 -0.2820219 -0.2798357 -0.3769414 -0.5003639 -0.1868589 -0.3796668 -0.1287360 -0.1926984 -0.2221178 -0.1828842 0.1185813 0.0328759 0.0664071 0.5470151 -0.5104427 -0.3365838 0.2272665 0.1858630 0.4065421 0.0243223 0.1165954 -0.2012114 0.5561028 0.1171715 0.2330414 0.3158034 0.4135462 -0.0108902 -0.0496080 -0.1813100 0.5115760 0.6014134 0.2262384 0.6401452 0.3510674 0.2562880 0.3625024 -0.0474183 0.0212572 0.6398501 0.6003131 0.4579292 0.2388912 -0.0664113 0.6937580 0.0690863 0.2197884 0.6743720 0.0863908 0.6612337 0.7102156 0.1951325 0.5425405 0.2702251 0.7330980 0.2547626 0.2389464 0.5005820 0.3894143 0.5763834 0.5957991 0.5430590 0.6484203 0.4207844 0.4596383 0.5851058 0.4992870 0.2850492 -0.6224820 -0.1277856 -0.3687395 -0.3483879 0.2042228 0.2237695 -0.1424047 0.4145666 0.3919564 0.5581940 0.4500458 0.3439472 -0.0688588 0.3941540 -0.0975588 -0.4697353 0.3814761 0.2270699 0.2329334 -0.3106311 -0.5505703 0.1951953 0.4510405 0.4652801 -0.4505538 -0.1986300 -0.2320996 0.8080075 0.4778252 0.1160851 0.0719880 0.4949651 -0.1537170 0.0001448 -0.5456065 0.6799984 0.0330516 -0.5285121 0.3729922 -0.2020973 -0.1792168
-0.0751146 0.4041446 0.1717907 0.0000000 -0.3253963 0.3869274 -0.0192998 0.7298527 0.3158699 0.2513658 0.7033374 0.2053898 0.1192707 0.0758841 0.3481135 0.3401843 -0.1532946 0.4817195 0.2112641 0.3004108 0.3388132 0.0111210 0.4712933 0.4008614 0.3113616 0.5088227 -0.0769469 0.4436412 0.2681204 -0.0294498 -0.0639124 0.1832893 0.3089323 0.2745015 0.3733222 0.2941519 0.1127250 0.2808567 0.2311925 0.1531527 0.0458512 0.0484191 0.3700218 0.3542978 0.1158104 0.5238228 0.3283413 0.2595332 0.3668649 0.2967626 0.2409956 0.1523441 0.3378287 0.4025701 0.1919382 0.3636682 0.3191185 0.3614009 0.0562941 0.2911897 0.0107573 0.1994498 -0.0981790 0.3710756 0.1466732 -0.0872161 0.2545914 0.5051036 -0.2553750 0.3404768 -0.2344447 0.2834704 0.3979708 0.1621912 -0.3645733 0.4244385 0.2493514 0.3945709 0.3478955 -0.1177371 0.3305277 0.0046984 0.1840268 -0.0923248 0.0462989 -0.2905718 -0.6657600 -0.0498034 -0.3980133 -0.3400418 -0.2788067 -0.2652514 -0.0799424 -0.2971467 -0.1207236 -0.2862086 -0.3370146 -0.0170179 -0.3802867 0.0293339 -0.0906286 -0.2833425 0.1109846 -0.0650276 -0.2964376 -0.1072101 -0.2591016 -0.0496945 -0.5346439 -0.3593567 -0.3089039 -0.3583013 -0.1540367 -0.2540477 -0.4599874 -0.5114053 -0.4922205 -0.4549324 -0.4757716 -0.6469140 -0.4369545 -0.3458816 -0.2384680 -0.3517606 -0.6074390 -0.3881745 -0.0371439 -0.4367037 -0.4032131 -0.1399834 -0.3057488 -0.2862494 -0.4738358 0.0049647 -0.0127046 -0.3260464 -0.1374673 -0.4101905 -0.3343362 -0.2433327 -0.2456973 -0.5178485 -0.0126633 -0.3354072 -0.2348079 -0.4212006 -0.4797271 -0.4083457 -0.1756123 -0.2678917 -0.1576431 -0.4593076 -0.4841788 -0.3544935 -0.1347670 -0.3403578 -0.2146964 -0.3849397 -0.1024513 -0.1272042 -0.1895216 -0.0734041 -0.0747025 -0.1607895 -0.4253664 -0.2876164 -0.4836374 -0.3533170 -0.3454119 -0.1227838 -0.2826735 -0.2299755 -0.2247245 -0.1267359 0.1664038 0.2324443 0.2695144 -0.1850518 0.2844273 -0.0994466 -0.2756451 0.0891902 -0.0025857 0.1312581 -0.1068256 0.1549301 -0.0216552 -0.1399284 -0.0350161 -0.1895230 -0.3330424 -0.0456494 -0.1340722 -0.0863725 -0.3302425 -0.1865914 -0.1737219 -0.0375131 0.0777717 -0.2293376 0.0267419 0.1584981 0.4146560 -0.0695825 -0.1973871 -0.2171741 -0.2730850 0.2517417 -0.0108142 0.2608218 0.1269577 0.0238930 -0.2069084 -0.1084818 0.1927923 0.4535287 -0.0719891 0.0716073
0.3935039 0.3800431 0.6368110 -0.3253963 0.0000000 -0.2634534 -0.0426094 0.1867388 -0.0729730 -0.5013328 -0.1826521 0.1023529 0.6545650 -0.0353112 0.0106922 0.2830227 -0.0561860 -0.0195023 0.1308939 0.4830617 -0.0158598 0.3087031 0.0944586 0.0243151 -0.0830132 0.0543543 0.0695738 -0.0571938 0.0096460 -0.2080645 0.3935597 0.2202523 -0.0642977 -0.1163420 0.0008006 0.0615430 0.4290458 0.0524682 -0.3847336 -0.3885884 0.1866498 0.3445850 -0.2313342 -0.3239978 -0.0718445 -0.2439064 -0.1471249 0.1482232 -0.3185480 -0.2780606 -0.1757152 -0.2532854 -0.3949713 -0.4411157 0.3045830 -0.1677438 0.0035875 -0.5362328 0.1588287 -0.3256623 -0.2440139 -0.4289721 0.7226206 -0.4217684 -0.3706609 0.1877325 -0.3949988 -0.2820273 0.2430822 -0.5313032 0.1744017 -0.2879150 -0.3008058 0.1361834 -0.1891300 -0.2364730 -0.0545447 0.1441595 -0.2681807 0.4207294 0.2917458 -0.4206152 -0.3838563 -0.3900428 -0.5837723 -0.2522105 0.2115325 -0.3261964 -0.0689321 -0.3450592 0.0257392 0.0672186 0.0108729 -0.1771426 0.0697125 -0.1333151 0.2362173 -0.1031428 0.1778110 -0.2664350 -0.3095251 -0.2936279 -0.6091347 -0.3512103 -0.1676445 -0.2050944 -0.3163024 -0.5940482 -0.2136137 -0.4491389 -0.0941479 -0.4966066 -0.4340662 -0.2691881 -0.3265504 -0.0947753 -0.1736224 -0.2532765 -0.2175359 0.3235720 0.1175490 0.0492410 0.5264699 -0.0501731 0.0772425 0.3649300 0.0825701 0.3245059 0.5180595 0.1835206 0.0582183 0.7306081 0.1771448 0.2078251 0.3532100 0.2033775 0.1759286 0.2014883 0.1640965 0.7310130 0.4240609 0.5699108 0.8035058 0.4582446 0.3673369 0.1086625 0.1172294 0.0989046 0.6480961 0.6105102 0.4376967 0.2706455 0.1145164 0.5915969 -0.1415990 0.1602980 0.6697664 -0.0351125 0.8145645 0.7071509 0.0087519 0.3722292 0.0810933 0.7685603 0.1968420 0.0747427 0.5421684 0.4146140 0.6106564 0.4342867 0.4713460 0.3945673 0.4602204 0.5414321 0.4801710 0.1455007 0.0702781 -0.1651758 -0.1440592 0.0391087 0.0664472 0.1788691 0.1156536 -0.3093885 0.4293435 -0.1178488 0.5625701 0.7504488 0.2831027 -0.0497442 0.6071112 -0.1438667 -0.2138181 0.7166227 0.3731779 0.4621438 0.1038494 -0.1592883 0.4375152 0.5545334 0.4909922 -0.4050770 -0.1790259 0.1961876 0.6911305 0.7399773 0.5441278 0.1836042 0.4690720 0.1739624 -0.0021053 -0.2102083 0.6735828 0.1353576 -0.3529559 0.1435687 -0.0562600 -0.1105494
0.2642030 0.5248787 0.2706877 0.3869274 -0.2634534 0.0000000 0.5534462 0.3958445 0.8003847 0.6725914 0.6359092 0.8496568 -0.0325099 0.4305417 0.8589528 0.0875509 -0.0357918 0.5628284 0.0401838 0.1247619 0.5546566 -0.1184130 0.0554510 0.6872815 0.0241367 -0.1661257 -0.2459163 0.3300316 0.7404461 -0.1498489 -0.1738333 -0.1598648 0.6638296 0.7414594 -0.0608806 0.5496462 -0.2264336 -0.1034560 0.1254484 0.0645362 -0.1119690 0.4678459 -0.1181900 0.3285191 0.7947650 -0.0747195 -0.1555052 -0.0951737 0.8160520 -0.1162984 -0.2389374 0.0276400 0.8842553 0.3028772 -0.0428407 -0.0719867 -0.1814732 0.6868594 0.2740604 -0.1828147 0.5800233 -0.2701356 -0.1178419 0.7821324 0.8034526 -0.2319402 -0.1890487 0.0934074 -0.1147667 0.3830726 0.0274624 0.7408600 -0.0402476 0.5807463 0.1875171 0.2644580 0.4799248 0.4827418 0.2084561 0.0963408 0.0838017 -0.0358444 0.1724449 -0.0443250 0.1201077 0.0569803 0.1508527 -0.2833162 0.0377851 0.0496787 0.3234964 -0.0492116 0.1476249 -0.1270459 0.3634323 0.2560936 -0.0545942 0.2342869 0.2007587 -0.2693119 0.3597791 0.3266154 0.1569354 -0.0070183 0.3100681 0.4872892 0.2445213 0.0448394 0.1355560 0.1808580 -0.0562565 0.3270507 -0.0037619 0.1335881 0.0838436 0.0560024 0.1017009 0.1324998 0.2793731 -0.1108477 0.0439478 -0.1311412 0.1810424 -0.0303197 -0.1841200 -0.3067265 0.1698172 0.0034948 -0.3992609 0.1902219 0.0440915 0.0480825 0.0592115 0.2477961 -0.1097970 0.1524453 -0.0115092 -0.2307092 -0.2832556 -0.3275611 0.0512333 -0.3263838 0.1475197 -0.3916243 -0.2548870 0.1684945 -0.1894463 0.0296325 0.0855429 0.1623586 0.1572380 0.1038080 -0.1463315 0.0049594 0.2631010 -0.1780041 0.0735898 0.1613011 0.0780872 -0.1484165 0.1295337 0.1817322 0.0203061 -0.1381690 0.0850558 0.1286997 -0.0215016 -0.0743629 0.0588831 0.0110308 0.0844055 0.2242968 0.3462375 0.0781718 0.3252632 0.6292863 0.4758357 -0.5629981 0.1374185 -0.3904811 -0.3763288 0.5113754 0.3906634 0.5620798 0.2427438 0.7633663 0.2232159 -0.0282169 0.3997960 0.1288951 -0.4375178 0.3917694 -0.3518023 -0.3754427 -0.4265744 -0.4338551 -0.6218928 -0.5275659 -0.0072512 -0.3085142 -0.2807779 -0.2779071 -0.1394858 -0.4103447 -0.0360015 -0.1481139 -0.3821405 -0.3690530 0.1717563 -0.4140698 0.0569830 -0.3302979 -0.2102597 -0.4344754 -0.2584238 0.4798982 0.1492344 -0.4573356
0.3331598 0.1585847 0.0938088 -0.0192998 -0.0426094 0.5534462 0.0000000 0.0044216 0.8371298 0.6281522 0.3895397 0.6380006 -0.2402688 0.6861653 0.6667268 -0.3058387 0.1250391 0.4071436 -0.3283601 -0.0173994 0.0767156 -0.2469499 -0.2878969 0.5308636 -0.2935256 -0.3526951 -0.4451945 0.2032832 0.4086285 -0.2247574 -0.1633200 -0.2549256 0.5709775 0.6675581 -0.1660102 0.1700109 -0.3452699 -0.4215353 -0.1383507 -0.2219131 -0.2927529 0.1939087 -0.3006721 -0.0575913 0.5094270 -0.3864822 -0.3259031 -0.3537519 0.6082435 -0.2716932 -0.3898008 -0.2434915 0.6260134 -0.0908089 -0.2013781 -0.2847386 -0.4099186 0.4242135 -0.2585615 -0.4302580 0.1019844 -0.3194356 -0.0021956 0.3677651 0.4437690 -0.2653981 -0.4157332 -0.1190221 -0.0819376 -0.0875132 -0.3450974 0.2676413 -0.1452346 0.2515224 0.1192403 -0.0381416 0.2580279 0.0783377 -0.0855462 0.3023045 -0.1103652 0.0382373 -0.3359210 0.0070533 -0.0461072 -0.1318313 0.1920054 -0.5364268 -0.0595568 -0.1319318 0.1939529 -0.1589376 -0.0388200 -0.2488543 0.2901634 0.3031475 0.0396631 0.0005187 0.0848632 -0.2796991 0.0060140 0.2660169 0.0030278 -0.5139071 0.3332677 0.4330115 0.2094706 0.0902662 0.2732831 0.2904028 -0.2479897 0.4859169 0.1196139 0.2231204 0.1837056 0.2074874 -0.0444954 0.0184107 0.1308744 -0.2073122 -0.1704045 -0.2480911 0.0988609 0.1140588 -0.1505375 -0.4689449 -0.0644325 0.2344321 -0.3179348 0.0245939 -0.1662963 0.3003993 0.2917061 0.0844775 -0.4777004 0.2924123 -0.1843756 -0.2756560 -0.1625416 -0.2861321 -0.0518994 -0.1187062 0.0684538 -0.2283457 -0.3635730 0.2189400 -0.1477985 -0.0343012 -0.1006367 0.3306687 0.3609493 0.2852021 -0.1477394 -0.0185995 0.2795187 0.2078199 0.1161442 0.3560029 0.1113994 -0.0341385 0.4193411 0.2059706 0.1911983 -0.0596755 0.2741796 0.1014477 -0.1011398 -0.0707725 0.2064500 0.0401602 0.1758384 0.2847815 0.3200319 0.0229545 -0.0141494 0.2482472 0.1132752 -0.2616128 -0.1142483 0.0198095 0.1261323 0.2254247 -0.0573890 0.0915700 -0.0305378 0.2606209 0.0847649 0.2118799 0.2779752 -0.0004971 -0.4209920 0.2595033 -0.3070937 -0.2566618 -0.4875697 -0.4877993 -0.6520531 -0.4672030 0.0331104 -0.4742916 -0.3980468 -0.2395674 -0.4028664 -0.4777841 -0.1971793 -0.2849773 -0.5566388 -0.8805272 0.2934522 -0.4333162 -0.1902751 -0.2794571 -0.1932630 -0.5020842 -0.2240118 -0.1017766 0.4846223 -0.0126535
0.1192025 0.5888224 0.6509781 0.7298527 0.1867388 0.3958445 0.0044216 0.0000000 0.3227179 -0.0820853 0.6170266 0.4159763 0.5607193 -0.0504630 0.3957184 0.6828891 -0.0314080 0.3676228 0.4212804 0.5618539 0.4144464 0.3084523 0.5166719 0.4376207 0.2519769 0.4225666 0.0011914 0.1809770 0.3258202 -0.3623461 0.2129684 0.1662299 0.3542164 0.2635299 0.2558437 0.3732622 0.2736151 0.2966573 -0.0367335 -0.0963279 0.2013088 0.3264657 0.2125213 0.1208108 0.2147792 0.2953953 0.1422339 0.3564867 0.2508071 -0.0109787 0.1062794 0.1013530 0.2275938 0.1728466 0.2678983 0.1514422 0.1943575 0.1934809 0.3763909 0.1002005 0.1137578 -0.1098917 0.1962210 0.2903666 0.1304319 0.0087867 0.0874717 0.2868228 -0.0336983 0.2462291 0.0879426 0.3734275 0.1402494 0.4226728 -0.2308715 0.3272268 0.3488206 0.5329304 0.1721961 0.1061960 0.3087172 -0.3026127 -0.0417680 -0.4328562 -0.3205386 -0.4817477 -0.3585283 -0.0968929 -0.4230362 -0.3390895 -0.2579437 -0.2122406 -0.2383890 -0.2168777 0.0712236 -0.1407930 -0.2486452 -0.2037468 -0.1574578 -0.1958896 -0.1299163 -0.4717375 -0.2765306 -0.1650449 -0.2652318 -0.0694076 -0.4679190 -0.5127232 -0.6070269 -0.5628670 -0.3622616 -0.5580472 -0.5945273 -0.5265901 -0.6478416 -0.6380169 -0.5950987 -0.5023036 -0.5170366 -0.1716665 -0.3203756 -0.3147725 0.2432137 -0.4020847 -0.4276531 0.0105047 -0.0751812 -0.0804196 0.0588496 0.0434771 -0.1643618 0.1421654 -0.1684102 0.4006145 0.1498912 -0.0785951 0.2046249 0.0367705 -0.0226925 0.2358259 0.1017519 -0.0213412 0.3599720 0.0258302 0.2163555 -0.2547607 -0.1336528 -0.1702483 0.1885352 0.0888959 0.0359292 -0.2380903 -0.1522184 0.0596763 -0.2162197 -0.2297289 0.1148609 -0.3339703 0.2117916 0.2581112 -0.2258608 0.0681045 0.0100575 0.2618148 -0.2314635 -0.2479482 -0.1077251 -0.1316893 0.0043100 0.0378883 0.0186852 0.0880638 0.0931992 0.2783443 0.4862432 0.4156714 0.3537835 -0.4252155 0.1636617 -0.3004951 -0.3530803 0.1476012 0.2017250 0.0320131 0.3649242 0.3272048 0.4396500 0.2567670 0.2469397 -0.0440708 0.1681510 -0.1092678 -0.3909041 0.3185447 0.0973457 0.1913833 -0.0587673 -0.3126040 0.2178260 0.2609440 0.3632551 -0.2027120 0.1613667 -0.0944613 0.2953408 0.0448956 0.1203373 0.2917290 0.3643892 0.1520767 0.1473496 -0.1310314 0.1513788 0.0280873 -0.1225229 0.4916112 -0.0916133 0.0316666
0.3740437 0.3966651 0.3223093 0.3158699 -0.0729730 0.8003847 0.8371298 0.3227179 0.0000000 0.7670088 0.7379467 0.8281530 -0.1238880 0.7270807 0.8986630 -0.1345249 0.1150183 0.6879332 -0.2581852 0.1991233 0.3867530 -0.2665378 -0.0379019 0.7345276 -0.1565434 -0.1900289 -0.2523324 0.4944570 0.6703920 -0.1222300 -0.1851287 -0.2034159 0.7228837 0.7891631 -0.0265485 0.4385297 -0.2482243 -0.3264018 0.0288281 -0.0501768 -0.2610255 0.4025277 -0.1328680 0.2117618 0.6791178 -0.2877374 -0.2672058 -0.2456946 0.7894648 -0.1847437 -0.3850755 -0.1181910 0.8201878 0.1271993 -0.1068081 -0.2054857 -0.3412967 0.6032855 -0.0337604 -0.3990021 0.2963576 -0.3976521 -0.0159614 0.6314379 0.6535805 -0.3357855 -0.4163321 0.0156697 -0.2597827 0.1378759 -0.2999471 0.5594853 -0.0355721 0.5182910 0.0503452 0.1898480 0.4632706 0.3410383 0.1318459 0.2371625 0.0607244 -0.0010933 -0.2026706 -0.1267287 -0.0802016 -0.2003760 0.0334456 -0.5302808 -0.2313846 -0.2596645 0.0778501 -0.1645821 0.0031336 -0.3892047 0.1945935 0.1682340 -0.0416598 0.0987184 -0.0349974 -0.4370604 -0.0149771 0.1909206 -0.0321332 -0.4668936 0.2061517 0.3614044 0.1288199 -0.0378337 0.0307257 0.1254829 -0.3454303 0.2806110 -0.0162915 0.0972290 0.0188856 0.0931041 -0.0694420 -0.0588360 0.0947193 -0.3057148 -0.1891612 -0.2630948 0.1449711 -0.0143991 -0.3089336 -0.4480623 0.0354835 0.0539358 -0.4289318 0.0677296 -0.1674237 0.1980985 0.0349474 0.1802298 -0.4102569 0.1475505 -0.1759937 -0.4125198 -0.3324764 -0.2043739 -0.0228053 -0.2726529 0.1995241 -0.2892552 -0.3757137 0.1425067 -0.3574829 -0.1696419 0.0094474 0.3019967 0.3503527 0.2055676 -0.3152365 0.0154269 0.2670201 0.0996984 0.1231832 0.1794230 0.1693089 0.0287075 0.2903732 0.2260904 0.2152235 -0.0038222 0.1258490 0.0813265 -0.0499073 -0.0688125 0.1719970 0.0844208 0.1747221 0.2708781 0.2904687 0.1014218 0.1884727 0.4721278 0.3613716 -0.4784155 0.0648814 -0.0950977 -0.1205033 0.4439329 0.2070569 0.3135466 0.1023704 0.5601487 0.2605712 0.2769126 0.4172464 0.0141132 -0.4535497 0.2900098 -0.4373117 -0.2090911 -0.4735232 -0.4428040 -0.7299341 -0.6260936 0.0524083 -0.4391851 -0.3196701 -0.2832419 -0.2123447 -0.3945565 -0.0403041 -0.1343440 -0.5347984 -0.6698229 0.3571225 -0.3242457 0.0387794 -0.3106528 -0.1283698 -0.5325084 -0.2831680 0.2645060 0.4728835 -0.2627330
0.0364294 0.0186212 -0.2238871 0.2513658 -0.5013328 0.6725914 0.6281522 -0.0820853 0.7670088 0.0000000 0.6346533 0.4759758 -0.5432868 0.6875922 0.6282775 -0.4596121 0.2792435 0.4653382 -0.3252644 -0.2009861 0.1836162 -0.4091262 -0.1950587 0.4170228 -0.0287417 -0.1391350 -0.0600947 0.5324538 0.4114306 0.2896807 -0.3958747 -0.1633104 0.4688919 0.5511822 0.1114006 0.1936038 -0.2675202 -0.2674205 0.3410702 0.2752725 -0.3217342 0.0417147 0.0853210 0.4041834 0.4715770 -0.1049658 -0.0573375 -0.3147084 0.7158251 0.1209775 -0.1628963 0.0944888 0.7387105 0.2644720 -0.2279565 -0.0673263 -0.2559545 0.6662512 -0.2218080 -0.1445169 0.2231352 -0.0639655 -0.3745474 0.6205956 0.5791102 -0.4284039 -0.1049809 0.0871079 -0.4355834 0.3256900 -0.3534896 0.4700733 0.1818775 0.2406105 0.0713086 0.3213789 0.3581479 0.1586465 0.3315174 -0.0550938 -0.0730187 0.3414173 0.0256754 0.1459188 0.2766722 0.0069995 0.0169643 -0.2600072 -0.1264245 -0.1337380 0.1312247 -0.0759806 0.0793978 -0.3675749 0.1244018 0.0409237 -0.1049103 0.1495271 -0.1738365 -0.1832794 0.0258565 0.3150737 0.2031656 -0.1890110 0.1372437 0.2607393 0.2682811 0.3182924 0.1433484 0.3485198 -0.2165102 0.4752141 0.3830937 0.3020052 0.2555438 0.2884725 0.1805279 0.1279414 0.2617079 -0.4343575 -0.1245729 -0.1512250 -0.1771734 0.1878889 -0.1780873 -0.5602186 0.0302826 -0.2162849 -0.5446345 -0.0355186 -0.0776641 -0.2281742 -0.1228995 -0.0199609 -0.4314973 -0.1057270 -0.2774659 -0.4855495 -0.3684615 -0.4927013 -0.2747050 -0.5470866 -0.2020893 -0.4656548 -0.6056797 0.0767846 -0.3788857 -0.0771215 -0.3372381 -0.0637706 0.0725103 0.0646490 -0.3879144 -0.3219239 0.4129780 -0.0157837 -0.2326734 0.1469044 -0.2554629 -0.3585048 0.2900016 -0.0641321 0.1492670 -0.3865109 -0.0015234 0.0703148 -0.2364115 -0.3093086 -0.1769662 -0.1866213 -0.0845748 -0.0489338 0.0251825 -0.2177560 -0.1368051 0.1351342 0.1142816 -0.2252400 0.0476008 -0.0162977 -0.0685928 0.2707247 0.0974826 0.4090179 -0.2205724 0.3586564 -0.1581850 -0.1036279 0.1482079 -0.0483317 -0.7057443 0.2127050 -0.2650188 -0.4934494 -0.5901958 -0.5760986 -0.5994097 -0.3982713 -0.2116218 -0.6876752 -0.5224805 0.0514710 -0.0496223 -0.2266991 -0.3811432 -0.3113861 -0.6011335 -0.5616350 0.0768711 -0.1848208 0.1261716 -0.0699344 -0.4232866 -0.5151247 -0.0544843 0.1637144 0.4875585 -0.3668216
-0.0226212 0.3677541 0.2166058 0.7033374 -0.1826521 0.6359092 0.3895397 0.6170266 0.7379467 0.6346533 0.0000000 0.5223841 -0.0612696 0.5647512 0.7204968 0.1543900 0.2384759 0.7156878 0.0394793 0.3601377 0.3208082 -0.1667251 0.3922428 0.5972533 0.2092993 0.2901941 0.1607151 0.7447790 0.4198233 0.1406436 -0.2325858 -0.0049594 0.5361775 0.4783855 0.4103107 0.2822147 0.0728509 -0.0320368 0.2343327 0.1830697 -0.2385962 0.1018351 0.2927811 0.4192141 0.2977487 0.0839456 -0.0017774 -0.0504695 0.5799003 0.1557762 -0.1224157 0.0630042 0.5235635 0.1937014 -0.0324487 -0.0289887 -0.1414129 0.5062993 0.0141895 -0.1211940 0.0270342 -0.1932961 -0.1274119 0.5230363 0.3342471 -0.4121709 -0.0336613 0.2390595 -0.4764572 0.3259538 -0.2985175 0.4393559 0.2898165 0.3471775 -0.2238907 0.4709860 0.4124529 0.4158409 0.4281500 0.0152757 0.1754578 0.1392466 0.0239992 -0.2872502 -0.1727640 -0.3670193 -0.3016785 -0.3023040 -0.4089029 -0.4906039 -0.0415656 -0.1785060 -0.1422135 -0.6093132 0.1436372 -0.1073802 -0.3127266 -0.0235274 -0.1549995 -0.2522017 -0.1779828 -0.1804620 -0.1249558 -0.3148287 -0.1913586 0.0565628 -0.2072875 -0.2077200 -0.4198407 -0.2089625 -0.4030222 -0.1156852 -0.1065478 -0.1735652 -0.2391941 -0.2500513 -0.2908852 -0.3060246 -0.2016513 -0.4673897 -0.3381047 -0.3600584 -0.0469086 0.0109701 -0.2972116 -0.4171499 -0.0062430 -0.3649064 -0.2774848 -0.0027572 -0.1330113 -0.1010917 -0.2725489 0.1929154 -0.2986066 -0.2482336 -0.0357427 -0.3079813 -0.2026211 -0.1155590 -0.1610679 -0.3756019 0.1628571 -0.2604920 -0.2654684 -0.2588027 -0.3886153 -0.2223510 -0.1017923 -0.0665718 0.0326608 -0.1067872 -0.3883719 -0.2159381 0.0756143 -0.2018080 -0.1282365 -0.1949946 -0.0246426 -0.0537624 -0.0274151 -0.0580716 0.1324065 -0.0619203 -0.2157294 -0.1528372 -0.2016047 -0.2470129 -0.0607704 -0.1171454 -0.0261462 -0.0371123 0.0297330 0.0265869 0.2003943 0.2635041 0.2543012 -0.3537684 0.1340229 -0.1317674 -0.2484132 0.2583006 0.1034867 0.2356567 0.0159681 0.3371923 0.1342039 0.1481419 0.1541174 -0.1855878 -0.3781490 -0.0127823 -0.4069992 -0.0384411 -0.3493536 -0.2408364 -0.4273766 -0.4181756 -0.0421740 -0.3776777 -0.0865795 0.0224963 0.2151514 -0.0745738 -0.1063772 -0.1728806 -0.2566400 -0.1558266 0.3374352 0.1628168 0.2562319 -0.0634328 -0.2474473 -0.4653949 -0.1101456 0.3916710 0.4880613 -0.2346815
0.5296530 0.5797380 0.5196176 0.2053898 0.1023529 0.8496568 0.6380006 0.4159763 0.8281530 0.4759758 0.5223841 0.0000000 0.1923516 0.3601890 0.8728896 0.0751875 0.0106342 0.6593286 0.0480045 0.3508976 0.7026842 -0.0284094 0.0791554 0.7559072 0.0737058 -0.2082703 -0.2992787 0.2485145 0.8896235 -0.3591460 -0.0504186 -0.0179137 0.7552491 0.7994996 -0.0826734 0.7144168 -0.1366019 -0.1139316 -0.0038167 -0.0077675 -0.0938091 0.7627790 -0.1773826 0.3182109 0.8756637 -0.2296967 -0.2668667 -0.0248441 0.7930953 -0.2373762 -0.3983753 -0.0326998 0.8126336 0.2303674 0.1020228 -0.0872566 -0.1943092 0.6103234 0.3521936 -0.3758011 0.5474137 -0.4728876 0.2078536 0.7186528 0.7940747 -0.1109177 -0.4246316 0.0622909 0.0384704 0.1514606 0.1264061 0.7064735 -0.1965235 0.7779729 0.2880401 0.1717679 0.4849054 0.5246486 0.1061468 0.2941129 0.1349963 -0.2335030 -0.1312474 -0.0385786 -0.0484844 -0.0531330 0.0776298 -0.5520344 0.0319266 -0.0170549 0.2265361 -0.0726089 0.0499605 -0.1946477 0.3026034 0.2431951 0.1613845 0.1941241 0.2369203 -0.5283035 0.2068496 0.2619904 -0.0169864 -0.2827913 0.3319119 0.3887700 0.1452001 -0.1138905 0.0784253 0.0473816 -0.0818708 0.2157269 -0.1829669 0.0236886 -0.0185683 0.0526283 -0.0229564 -0.0318060 0.1742891 0.0228667 -0.0254480 -0.1270474 0.2666045 -0.0729834 -0.2141519 -0.0866546 0.2167595 0.1841787 -0.1933021 0.3317586 0.0617559 0.2853770 0.2987949 0.3905182 -0.1535113 0.2667279 0.0468138 -0.1706802 -0.2047466 0.0110439 0.1752286 -0.0847507 0.3360666 -0.1556065 -0.1162058 0.2772099 -0.1317837 -0.0100927 0.2103657 0.4734641 0.4836210 0.3323949 -0.1355299 0.2531809 0.2213820 0.0118625 0.3620706 0.2560234 0.2901981 0.2475443 0.1966084 0.4138028 0.0019749 0.2016361 0.2251642 0.1312053 0.1424829 0.0253455 0.2411258 0.2661868 0.3109412 0.4110009 0.5743285 0.4520711 0.4535118 0.7878153 0.6014762 -0.6863960 0.1801132 -0.3207032 -0.3707048 0.5764573 0.4567454 0.4015035 0.4635878 0.8205880 0.5357930 0.3453520 0.5543150 0.1715062 -0.1511592 0.3425661 -0.5583102 -0.0364816 -0.2055219 -0.1824690 -0.6395880 -0.7036765 0.1375942 -0.0542450 -0.1847011 -0.6142139 -0.4899221 -0.5227624 0.1855656 -0.0224741 -0.3440863 -0.4544495 0.3747095 -0.5600429 -0.1515541 -0.4933210 0.0932622 -0.4020572 -0.4917830 0.3890743 0.1432073 -0.4730420
0.4471063 0.5303597 0.7553604 0.1192707 0.6545650 -0.0325099 -0.2402688 0.5607193 -0.1238880 -0.5432868 -0.0612696 0.1923516 0.0000000 -0.3709162 0.0302095 0.6543576 -0.0849125 -0.0650973 0.5688621 0.4469066 0.2720703 0.7695971 0.2624172 -0.0309470 0.3335724 0.4109029 0.0803341 -0.2236667 0.1464370 -0.2816750 0.6666612 0.5659317 -0.0810994 -0.1160537 0.2409327 0.2959969 0.6105876 0.6409705 -0.0350084 -0.0782905 0.6652888 0.4695975 0.1876692 0.0216888 0.1256671 0.4065778 0.3957451 0.6912833 -0.1352738 0.1236767 0.3508237 0.2239408 -0.1755478 0.0691279 0.7162445 0.4220727 0.5751515 -0.2341482 0.3484119 0.2754984 0.0610284 0.0445552 0.7585831 -0.1625083 -0.1633099 0.6291047 0.0239136 0.0649014 0.5599074 -0.1851381 0.5989738 -0.0249592 -0.1729743 0.2180181 0.1194098 -0.0196268 0.0151028 0.3902648 -0.1272573 0.3237457 0.3582407 -0.5001064 -0.2043021 -0.1792888 -0.1822956 -0.1313615 -0.0287046 -0.0695698 -0.0169985 -0.0243908 -0.0249873 0.1047462 0.1520558 0.1684409 0.0332903 -0.1582953 0.2749087 0.0628024 -0.0069631 -0.1173686 0.0013103 -0.2101362 -0.2992598 -0.0001398 -0.0562520 -0.0996300 -0.2455258 -0.3833008 -0.2431908 -0.4559880 -0.0942244 -0.4918863 -0.4519186 -0.2783366 -0.4536402 -0.2779851 -0.3248154 -0.3207846 -0.4016682 0.0984163 -0.0181919 -0.0105956 0.3338218 -0.4291211 -0.2020665 0.3587260 0.1898130 0.1390391 0.2595588 0.1124085 -0.0734028 0.3983803 0.1324564 0.2759705 0.6110466 0.2071217 0.0757910 0.0526051 -0.0796738 0.4342143 0.3907604 0.1861753 0.5718453 0.2774709 0.2847338 0.1584966 0.0273859 0.0852451 0.4955086 0.3808569 0.2059684 -0.0112818 -0.0547490 0.4457638 -0.0386792 -0.1085076 0.5224342 -0.0984832 0.5240020 0.5261898 -0.0047833 0.3318910 -0.0097554 0.6084639 0.0397793 0.0050591 0.2740905 0.0787519 0.2853201 0.3654298 0.2756054 0.2957448 0.3191681 0.3942767 0.5023645 0.3461040 0.2897334 -0.2553806 -0.0027382 -0.2574815 -0.1946427 0.0420882 0.1356630 -0.2586319 0.4085856 0.0928846 0.4585250 0.3742447 0.2409121 0.0129962 0.4558958 -0.0948974 -0.2015353 0.4484272 0.2888560 0.3766109 0.0315438 -0.1386663 0.4403904 0.6064837 0.7122661 -0.2265441 -0.1955696 -0.1098404 0.6673025 0.4917390 0.3129092 0.4817891 0.4565453 0.1578785 -0.2048025 -0.3500250 0.7092147 0.3804393 -0.3353743 0.4120642 -0.4575455 -0.0568034
0.1906093 0.2351299 0.0002883 0.0758841 -0.0353112 0.4305417 0.6861653 -0.0504630 0.7270807 0.6875922 0.5647512 0.3601890 -0.3709162 0.0000000 0.6259744 -0.3573421 0.2197123 0.5027708 -0.4579072 0.0507551 -0.1330340 -0.4833912 -0.1623748 0.4582577 -0.3355776 -0.2290494 0.0074447 0.7122160 0.1900161 0.2662939 -0.3240303 -0.2919883 0.4489326 0.4801948 -0.0360231 -0.0002716 -0.1787073 -0.4827689 -0.0697341 -0.0944735 -0.4164493 -0.0647323 -0.2191820 -0.0408875 0.2180155 -0.4174840 -0.3287191 -0.4467779 0.4349591 -0.1011211 -0.4359708 -0.2590064 0.4327289 -0.2067366 -0.2823232 -0.3780826 -0.4574406 0.1754378 -0.3042445 -0.4879935 -0.0999337 -0.2958673 -0.1686820 0.2544517 0.1859360 -0.4027472 -0.3162119 -0.1790518 -0.3773125 -0.0016194 -0.4219756 0.1742383 0.0827100 0.0807268 -0.1124075 0.0698976 0.2519889 0.0942705 0.1552220 0.2115261 0.0554142 0.2947940 -0.1486574 -0.1738298 -0.1875589 -0.1316225 0.2439251 -0.4188047 -0.2163334 -0.4111083 0.1647533 -0.1195419 -0.0067290 -0.4951349 0.1789080 0.0900007 -0.1423146 0.0072025 0.0119907 -0.2312896 -0.1646415 0.1360932 -0.0823346 -0.4303046 0.0163567 0.2281219 0.1462569 0.0058801 0.0628632 0.1309803 -0.3422602 0.2355803 0.2515268 0.1582272 0.0818777 0.1772805 0.0139561 0.0413946 0.1098459 -0.3189789 -0.1556725 -0.2481783 0.1745579 0.2665934 -0.1168888 -0.5177129 -0.0120095 -0.1084610 -0.2707568 0.0329160 -0.1784362 0.1887175 -0.0519476 -0.0383685 -0.4016551 -0.0659227 -0.2277219 -0.3718559 -0.2188939 -0.1747851 -0.0557136 -0.2134444 0.2175979 -0.3586161 -0.5216651 -0.0190516 -0.3683728 -0.1345183 0.0527524 0.1219144 0.1856588 0.1522598 -0.2556336 -0.0808140 0.1991593 0.0771182 -0.0557984 0.0567671 0.1896444 -0.0780623 0.2237447 -0.0434861 0.3110131 -0.0986024 0.0570204 0.1164242 -0.0172913 0.0213918 0.2483534 -0.1271410 0.1947050 0.1791459 0.1661046 -0.0513186 0.1480873 0.1114567 0.0087731 -0.0355387 -0.1378043 0.2514740 0.3088236 0.3206175 -0.0460187 0.1694771 -0.1546883 0.0697689 -0.0361233 0.2011887 0.2725103 -0.0194914 -0.4254976 0.2713839 -0.0617249 -0.1506085 -0.4652938 -0.4249740 -0.5138594 -0.2795623 0.0176985 -0.5829259 -0.4079546 0.0360543 0.1806481 0.0333117 -0.1907746 0.0682733 -0.2864313 -0.6202637 0.3793915 0.0934461 0.2697181 0.0326035 -0.2767687 -0.4439442 -0.0055530 0.1339752 0.7933486 -0.1311527
0.4138975 0.6506777 0.3935672 0.3481135 0.0106922 0.8589528 0.6667268 0.3957184 0.8986630 0.6282775 0.7204968 0.8728896 0.0302095 0.6259744 0.0000000 0.0209886 -0.0578487 0.7851434 -0.0916354 0.2772888 0.4441914 -0.1753225 0.0322950 0.8147707 -0.0187777 -0.1671649 -0.2728773 0.5735610 0.7618696 -0.1177145 -0.1540178 -0.0863249 0.7010381 0.7962693 -0.0221974 0.4419759 -0.1329173 -0.1832134 -0.0697736 -0.0891844 -0.2487430 0.4770718 -0.1770067 0.2812293 0.7584766 -0.2442054 -0.2864076 -0.1172408 0.7537743 -0.1549749 -0.3689438 -0.2058147 0.7884080 0.1560753 -0.0037881 -0.2162835 -0.2931153 0.5458774 0.2181832 -0.4211280 0.4239363 -0.4872069 0.0771123 0.6057248 0.6282440 -0.3032561 -0.4092939 -0.0230473 -0.1294815 0.1062977 -0.1457537 0.5353005 -0.1426692 0.5179811 0.0641890 0.1253321 0.3959804 0.4964853 0.0837714 0.2284490 0.0658622 -0.0144584 0.0811713 -0.0398950 0.0004297 0.0139012 0.1046074 -0.4337234 -0.0026168 -0.1172706 0.3189981 0.0236723 0.1713482 -0.2795149 0.3179255 0.3016429 0.1026388 0.3103513 0.2043037 -0.2568616 0.2037435 0.3083225 0.1071280 -0.1825606 0.3386466 0.4685520 0.2175732 -0.0033457 0.0680428 0.1235442 -0.0635580 0.2061532 0.0366916 0.1535781 0.0871251 0.1141678 0.0404260 0.0314709 0.2175462 -0.2208743 0.0155285 -0.1234814 0.2907535 0.1396501 -0.1676503 -0.4719104 0.3244273 0.0659191 -0.3695527 0.3676528 0.1006580 0.2171052 0.1744684 0.2610650 -0.2386369 0.1999609 0.0559736 -0.2839499 -0.1871527 -0.1093347 0.1911027 -0.1514321 0.4376058 -0.2516677 -0.1630555 0.1798212 -0.2035257 -0.0291953 0.2887755 0.4282325 0.4297944 0.2885037 -0.1320310 0.1754965 0.3057747 0.0319170 0.2866676 0.2297532 0.3432602 0.0966929 0.2484506 0.3989674 0.1844140 0.0884465 0.2522758 0.2078172 0.1139167 0.0536802 0.3071035 0.2046157 0.3287327 0.3759432 0.5281696 0.1444758 0.4149289 0.5625807 0.3944216 -0.5632307 0.0081907 -0.2815812 -0.3245753 0.5503305 0.3164812 0.4745453 0.2976283 0.6700311 0.3824331 0.2206070 0.4498783 0.0783099 -0.4226586 0.3056997 -0.3964944 -0.2176309 -0.5252356 -0.4913015 -0.7681498 -0.6073266 0.0252678 -0.4282152 -0.2507762 -0.2523900 -0.1278649 -0.3373926 0.1162268 -0.0044695 -0.3618131 -0.4455540 0.3808043 -0.3019828 0.1133983 -0.3859492 -0.0788568 -0.5432486 -0.3587299 0.3403259 0.3528628 -0.4758166
-0.0244851 0.3728951 0.5310275 0.3401843 0.2830227 0.0875509 -0.3058387 0.6828891 -0.1345249 -0.4596121 0.1543900 0.0751875 0.6543576 -0.3573421 0.0209886 0.0000000 -0.2250384 -0.0397946 0.7188488 0.2740577 0.2005920 0.4472049 0.5761405 0.0511627 0.2470146 0.5835053 0.0527429 -0.1517271 -0.0136348 -0.2573884 0.2535333 0.0726210 -0.0942357 -0.1239174 0.3292424 0.0610507 0.4863201 0.3295898 -0.2091970 -0.2467905 0.2682221 0.0536679 0.2050753 -0.2007725 -0.1034315 0.3270150 0.2870998 0.3397899 -0.1352326 -0.0087815 0.3310915 0.0211048 -0.1328479 0.0060008 0.3046420 0.1882285 0.3174047 -0.1393683 0.2907660 0.3423064 -0.0351726 0.1050754 0.4013579 -0.0755974 -0.1325463 0.2242549 0.2907239 0.0947535 0.1370502 0.0665523 0.2790364 0.0153792 -0.0155714 0.1168491 -0.2465156 0.0843094 -0.0645568 0.2296750 -0.0898103 -0.0232972 0.1396538 -0.2634154 0.1933831 -0.2470743 -0.2856155 -0.0617411 0.0150565 0.0274425 0.0138116 -0.1349913 -0.0701519 0.1997286 0.0419948 0.0789011 0.0724159 -0.1445179 -0.1054366 -0.0831528 0.1499188 0.1214007 0.0795510 -0.3912024 -0.1398996 0.2180821 -0.2183647 -0.1064350 -0.2573376 -0.3857148 -0.4555489 -0.3625854 -0.1884407 -0.4002658 -0.4088034 -0.2500754 -0.3501797 -0.3679525 -0.2443163 -0.2580645 -0.2509612 0.2109162 0.0681287 0.0482095 0.2973697 -0.2497521 -0.1011037 0.2555687 0.2397845 0.1997337 0.2203026 -0.0202681 -0.0368519 0.1580748 -0.0345271 0.1903422 0.3202848 0.1710600 0.2025894 0.3218485 0.1664742 0.3596579 0.3268627 0.1444330 0.2802977 0.1946703 0.3744309 -0.0589586 0.2373253 0.2120046 0.2180599 0.0562095 0.0757887 -0.1979312 0.1671418 0.2771653 -0.1521539 -0.3243095 0.3206916 -0.0647343 0.2557551 0.3209183 -0.1294354 0.1520828 -0.1407874 0.4407354 -0.0197439 0.0131311 0.1833817 0.1973052 0.2118923 0.2091320 0.1072474 0.1434160 0.0199821 0.1125895 0.2523543 0.1091377 0.0833418 -0.2555271 0.0090988 -0.4254439 -0.3367009 -0.1322305 -0.0028993 -0.1889816 0.2845892 0.0362209 0.2907597 0.0946750 -0.0167208 -0.0705644 0.4532020 -0.2532340 -0.1676987 0.2953659 0.2849301 0.2654679 0.1388206 -0.0725018 0.1129015 0.4358906 0.4701705 -0.0881700 0.1477345 0.0080196 0.3725661 0.0533489 0.4310454 0.4810674 0.1277109 0.1628524 -0.0231834 -0.1192761 0.1929834 0.0925980 -0.0992175 0.3360891 -0.3457437 0.1895694
-0.0152913 -0.2528320 -0.0741212 -0.1532946 -0.0561860 -0.0357918 0.1250391 -0.0314080 0.1150183 0.2792435 0.2384759 0.0106342 -0.0849125 0.2197123 -0.0578487 -0.2250384 0.0000000 -0.1568173 0.0302210 0.0442675 -0.1642045 0.2598079 -0.0256218 -0.3242530 0.3853890 0.0927547 0.5786433 0.1291744 -0.2295731 0.4052422 0.1487450 0.3265005 -0.1061452 -0.2454078 0.4531292 -0.1178565 0.2639947 0.2154543 0.4838014 0.5530050 0.1977547 -0.1257446 0.5099701 0.3431477 -0.1416294 0.1104319 0.2357441 0.2260802 -0.0337999 0.4457563 0.1452269 0.6271168 -0.0629324 0.1671200 0.1394788 0.1526249 0.0194987 0.1357588 -0.2150549 0.1445200 -0.2391896 0.1656983 -0.0905849 0.0389724 -0.0500386 0.0588846 0.1069731 -0.1033821 0.0240341 0.0962111 0.2926391 0.0894181 0.0366658 0.0213829 0.4108229 0.1913541 0.0524509 -0.0892737 0.2605622 -0.1631390 -0.1752052 0.1402440 -0.4218909 -0.0680820 -0.0465100 -0.2090543 -0.0073695 -0.0652076 -0.1109461 -0.0737120 -0.0663039 0.0934768 -0.2819996 -0.2964394 0.0884810 -0.0126017 0.0304464 -0.2078709 -0.1781543 -0.2849267 -0.1626953 -0.1016255 -0.2635222 -0.2415137 -0.1093051 -0.0171824 -0.0984708 -0.0362465 -0.0551147 0.0342308 -0.1941348 0.1091475 0.1131821 -0.0632001 -0.0386720 0.1045257 -0.0445444 -0.0380443 -0.0703395 0.0590774 -0.1614111 -0.0032313 -0.1522084 0.1170060 0.1714870 0.1757929 -0.1969394 -0.1968084 0.3007348 0.0052534 0.0657391 -0.0192928 0.2010993 0.1653990 -0.0193579 -0.1174737 0.0108246 0.1362082 0.1204386 0.1682088 -0.0491342 0.0219326 -0.2017852 0.2592074 -0.1582504 0.0574640 0.1406589 0.3188906 -0.2856763 -0.0593749 -0.0905604 0.2400586 -0.0567143 -0.1298345 0.3239062 0.1543376 -0.2602251 0.0563842 -0.4299544 0.0728461 0.2174005 -0.2582909 0.2598991 0.0087356 0.0207303 0.0084423 0.0208974 -0.4247785 -0.1945224 -0.2363692 0.1493278 0.0331229 0.0779109 0.2451930 -0.0993060 -0.1642903 -0.2273769 -0.1039443 -0.2677739 -0.0856404 0.0000001 -0.3477226 -0.2198450 -0.2703672 -0.1202758 -0.0986217 -0.1294059 0.0894909 -0.0838554 -0.1794821 0.1110043 -0.3767193 -0.4503973 0.2403035 0.2668389 0.3182932 0.0208783 -0.3383431 -0.2599665 0.0991192 0.1986473 -0.0415406 -0.2803937 -0.1424817 -0.0133978 -0.1586647 0.0378098 -0.1003038 0.4976336 0.1178141 -0.1320411 -0.0677408 0.0159920 -0.0583158 -0.3047692 -0.1513770 0.4368341 -0.2274240
