0.0000000 0.6401229 0.5600153 0.5359587 0.4924283 0.4763296 0.5318117 0.2677421 0.3676249 0.3489476 0.1199868 0.3953940 0.2636220 0.3845937 0.4030954 -0.0827762 0.3500593 0.2116668 -0.1378137 0.2143050 0.3494588 0.1987597 0.3436028 0.1948131 0.1646349 0.2715671 0.5536241 0.0153581 0.3335793 0.2441230 0.2463689 0.1779634 0.0757367 0.1252997 0.0578010 0.2046072 0.1505143 0.1848840 0.1390987 -0.1400742 0.1800056 0.0704041 -0.0124593 -0.0942506 -0.1499863 -0.0363582 -0.2347819 0.1354000 0.1345023 -0.0323009 -0.2493056 -0.0882670 0.1677860 0.0263161 0.0337622 -0.1084576 -0.0748825 0.1698476 -0.3181951 0.0108898 -0.2549639 -0.0243951 0.0112961 0.2749977 0.0448199 -0.1829431 -0.1925258 0.0560661 -0.1540771 0.3000305 -0.2654788 0.2806487 0.0354604 0.3276917 0.0304896 0.3517627 0.2983356 0.3262296 0.7685111 0.2903864 0.6238867 -0.0133389 -0.5784876 -0.6199317 -0.5532309 -0.5554244 -0.2969042 -0.5120697 -0.4267726 -0.4612423 -0.2229119 -0.1249197 -0.0472687 -0.4874147 -0.1372714 -0.0762204 0.0103949 -0.3750556 -0.1297559 -0.4811424 -0.3566696 -0.5027774 -0.6102142 -0.3887976 0.0100395 -0.0359783 -0.4637095 -0.3893345 0.0189018 -0.3815978 0.0169087 -0.3657569 -0.4792869 -0.3755429 -0.3175925 -0.6659092 -0.3268732 -0.2484951 -0.4607449 -0.3809208 -0.5452109 -0.2249542 0.0712805 -0.2765086 -0.1328408 0.3376439 -0.3122848 0.3355917 0.2366649 -0.2269745 -0.0946415 0.1829698 -0.2204452 -0.4395969 0.0892412 0.1326158 -0.1576674 0.2878303 0.0870668 0.4621106 0.0316609 0.3670146 0.4395119 -0.0345296 0.2682193 -0.2926319 0.2122411 0.2105961 0.2549954 0.4050315 0.4149759 0.3389889 0.1975401 0.0190605 0.0738533 0.2565566 0.3435606 0.1989422 0.4035797 0.4265781 0.0632551 0.2499210 0.1144200 0.4544949 0.0730731 0.2696982 0.1708045 0.3403238 0.4186093 0.3705084 0.3517315 0.3322727 0.4960046 0.5384950 0.4577144 0.3159346 0.4574322 0.4143338 0.4152088 0.3008267 0.3166151 0.4442496 0.0647076 0.2338567 -0.1967452 -0.2638871 -0.0279021 0.1673477 0.2230755 0.2332150 -0.2348382 0.2555079 0.3807824 0.1952172 0.2071783 0.3566938 0.0013002 0.2993775 0.2338893 0.4484980 -0.2510450 -0.1828553 -0.0667324 0.0196109 -0.0445293 0.3770141 0.1972569 0.2937356 -0.1717455 -0.2295880 0.2691224 0.3661659 0.0141826 0.0243274 -0.1031937 0.3233788 0.1690575 -0.1219430
0.6401229 0.0000000 0.6107275 0.5540554 0.3531025 0.5101438 0.7083590 0.2921147 0.5269962 0.3236275 -0.0884684 0.7982606 0.1850899 0.4032461 0.5544079 -0.3611967 0.1439263 0.3712476 -0.4611046 0.1338523 0.6615386 -0.2596288 -0.0028306 0.4717857 -0.3518553 -0.1388527 0.2798237 0.3331220 0.6055601 0.2917756 -0.2168168 -0.3498464 0.3836389 0.3255688 -0.1973536 0.3883182 -0.2915980 -0.3087789 0.1599400 0.0760326 -0.3444805 0.2371664 -0.1344599 0.2876632 -0.0102946 -0.3448643 -0.3579045 -0.3848378 0.3611276 -0.3249315 -0.3600272 -0.1238815 0.1395562 0.0756474 -0.3286309 -0.3253056 -0.4144861 0.3542009 -0.1171679 -0.2671435 -0.1565514 -0.2667728 -0.3406147 0.4665825 0.0904113 -0.5272708 -0.5119330 -0.0582156 -0.4217956 0.2835872 -0.5692564 0.5133574 -0.3291219 0.4134313 -0.3359910 0.4971377 0.7062469 -0.2637416 0.4697201 0.7390910 0.1392503 -0.1703753 -0.7058634 -0.6778740 -0.5097786 -0.7156972 -0.7009917 -0.6380927 -0.6191963 -0.6516789 -0.6371516 -0.5315733 -0.5901116 -0.5750025 -0.5302043 -0.4182316 -0.2647610 -0.7952829 -0.4732518 -0.1274542 -0.6743147 -0.7729973 -0.7175959 -0.4511529 -0.4918480 -0.5065512 -0.6099228 -0.6325578 -0.5059340 -0.4887995 -0.3890529 -0.5592663 -0.5826100 -0.4901171 -0.2318165 -0.3818540 -0.1560821 -0.1194179 -0.2329009 -0.5025139 -0.6276293 -0.3823840 -0.3646248 -0.3402936 -0.4954986 0.1048405 -0.5993444 -0.2533511 -0.0311746 -0.7276807 -0.4347220 -0.2294197 -0.7511865 -0.2713876 -0.4241146 -0.3014150 -0.4117447 -0.0879392 -0.2014070 -0.1382959 -0.4463426 -0.2820561 0.0018313 -0.1059853 -0.1434667 -0.5064013 -0.3553985 -0.3347731 -0.1964403 -0.3310083 -0.3151061 -0.2638146 -0.4643898 -0.3541991 -0.5400730 -0.0432718 0.1116553 -0.4522880 0.2135839 -0.0296746 -0.5767860 -0.4318950 -0.2302335 0.0089154 -0.5727133 -0.2515270 -0.0961587 0.1983781 0.1445602 -0.2151844 -0.1190688 -0.0533841 -0.0533396 0.4434143 0.6608851 0.7811340 0.8055677 0.6758662 0.5788510 0.3731368 0.6351380 0.5541595 0.2420263 0.3877441 -0.0569486 -0.1326098 -0.0799780 0.3274192 0.7296915 0.6953850 -0.2973209 0.6705437 0.5259119 0.0655217 0.0208341 0.2510011 0.0783126 0.7189214 0.5984688 0.2299074 -0.1943466 -0.1726472 -0.2027741 -0.2703949 0.3367822 0.1924031 0.0117845 0.2049103 -0.2985605 0.0938169 -0.3420621 0.0474801 0.2282078 0.3810484 0.1610156 -0.1834834 0.2754221 0.1641507
0.5600153 0.6107275 0.0000000 0.8427847 0.7763758 0.6998911 0.3378427 0.7455999 0.6205617 0.6672908 0.4204585 0.2488577 0.6551377 0.6125706 0.1718052 0.1566543 0.5477846 0.2292400 0.1446333 0.6469965 0.1213001 0.4323979 0.4513864 0.2232631 0.3555799 0.3455966 0.5808123 0.1730143 0.0994985 0.4318887 0.4275318 0.2532694 0.2288065 0.1488699 0.1482565 -0.0214608 0.1324855 0.3909923 0.4090168 0.1662558 0.3787191 -0.3109759 0.2233176 0.1228779 -0.4040509 0.2035933 0.0311695 0.3092475 0.2515748 0.2236911 -0.0333940 0.1648162 0.0623105 0.3046401 0.2167478 0.1252718 0.0025584 0.4331279 -0.6772643 0.0199129 -0.4969691 0.0961767 -0.0382840 0.5536301 0.3582258 -0.1308315 -0.0405138 0.2994799 -0.0660509 0.5396945 -0.1265606 0.5048742 0.1347690 0.5746996 0.1858401 0.6207109 0.6175308 0.2745936 0.4820990 0.4740399 0.3282155 0.2171704 -0.3532694 -0.4970295 -0.3879918 -0.4744131 -0.4117280 -0.3603587 -0.4012232 -0.3756693 -0.3398582 -0.0186542 -0.0152269 -0.4647783 -0.2618177 -0.0655886 0.2537965 -0.3248420 -0.1548809 -0.3447276 -0.5129539 -0.5562866 -0.5253839 -0.4968762 -0.0457398 -0.0881085 -0.4331329 -0.6605096 -0.0697535 -0.4785052 -0.0202950 -0.1107303 -0.7249394 -0.6172569 -0.3270424 -0.6266601 -0.4816875 -0.4657843 -0.6404615 -0.4746058 -0.8018796 -0.6577968 0.1142146 -0.6432935 -0.3247324 0.0891250 -0.7210095 0.2400261 0.0845199 -0.5289456 -0.0625294 0.2265625 -0.4741537 -0.3246096 0.0552565 0.0724642 -0.0913051 0.0959892 0.1321645 -0.0708997 0.0066416 -0.0876491 0.3253469 -0.1228232 0.0967146 -0.5281692 -0.0848329 -0.0470923 0.2838226 -0.0971115 -0.0347285 0.1144422 -0.1242340 0.0606978 -0.2617076 0.3478961 0.5574043 0.0383027 0.5398159 0.1833671 -0.2778352 -0.0411561 -0.2377496 0.2706110 -0.2112795 0.3158776 0.1105203 0.5643555 0.4467122 0.1922760 0.4170162 0.3510775 -0.0081250 0.2869915 -0.0126716 0.2236081 0.2821801 0.3691530 0.0982636 -0.0916942 0.3309561 0.1762245 -0.1884060 -0.1212622 -0.6566884 -0.0720012 -0.3306761 -0.0103940 0.5164011 0.4122957 -0.1174723 0.3303574 0.4186266 -0.0347129 -0.0601590 -0.0306929 -0.1538853 0.4752684 0.2520741 0.1390203 -0.1165974 -0.0682438 -0.1618744 -0.3744457 0.0461628 0.1633372 0.0279228 -0.1920244 -0.2090167 -0.0970915 -0.0831129 -0.0710603 0.0757330 0.1323774 -0.2170512 -0.1928287 0.3558200 0.1843702
0.5359587 0.5540554 0.8427847 0.0000000 0.6959785 0.9356396 0.4344349 0.8490364 0.8652844 0.8920418 0.6162535 0.3531883 0.6344545 0.8630048 0.2408994 0.3062672 0.7441590 0.4560748 0.2398388 0.5326539 0.2031722 0.4328178 0.6606851 0.3193038 0.4172942 0.4697927 0.7203801 0.3502356 0.2889676 0.6581468 0.3597187 0.2965647 0.3567468 0.4433470 0.3821517 0.0368362 0.1623387 0.4387911 0.6470895 0.4338283 0.3723968 -0.3011324 0.4711693 0.2433324 -0.2434169 0.2721367 0.1150261 0.3488204 0.4441148 0.2477168 0.1018642 0.4270577 0.3697594 0.5982999 0.2013908 0.1099353 -0.0481139 0.7040854 -0.7792998 0.1119735 -0.4857050 0.3010124 -0.1233959 0.7433963 0.4466154 -0.2213147 -0.0451140 0.5562133 -0.1301258 0.8321079 -0.2174690 0.7036695 0.2121242 0.5884954 0.2562074 0.8222118 0.6892870 0.2798505 0.4124909 0.4535261 0.1195043 0.2980200 -0.2289262 -0.4356458 -0.4150957 -0.4283294 -0.4014999 -0.4632052 -0.3739562 -0.2914325 -0.3665706 -0.0654685 0.0754336 -0.5562826 -0.3492463 -0.1497280 0.2028927 -0.1854691 -0.1310818 -0.4161991 -0.4221220 -0.5670604 -0.5205742 -0.5963117 -0.0840750 -0.1117965 -0.4201519 -0.7887427 0.1211259 -0.6385586 0.0064169 0.0937260 -0.8577909 -0.8310685 -0.5899257 -0.7766200 -0.6898417 -0.6499863 -0.7696598 -0.1943059 -0.8200601 -0.8611103 -0.1120710 -0.8084771 -0.1233434 0.4963391 -0.8472820 0.0827339 0.4286444 -0.5126058 0.2301819 0.0837799 -0.3994668 -0.3273781 -0.0483223 0.2467247 0.2300926 0.3759716 0.4014616 0.1504996 -0.0598291 0.1570896 0.0577801 0.0452184 0.4473656 -0.2920284 0.1016380 0.1589011 0.1930168 0.0037429 -0.0239574 0.1038974 0.0081964 -0.0577056 -0.2354137 0.2393986 0.2805445 0.1110789 0.3443704 0.1578476 -0.2858417 -0.0352204 -0.3737274 0.2735009 -0.2073070 0.2161140 -0.0515066 0.4648789 0.4107701 0.1781975 0.4217930 0.3911879 -0.1306377 0.3498355 -0.1286437 0.1923105 0.3204496 0.3472023 0.1045498 -0.2212127 0.1609465 0.0475611 -0.2749110 -0.2679150 -0.7818614 -0.0836952 -0.4690480 -0.1996993 0.4601526 0.3987252 0.2872803 0.3095551 0.2712501 0.2997366 0.3423876 0.1897425 0.1931741 0.3749327 0.1918116 0.5012716 -0.1341790 -0.1527959 -0.1820446 -0.2346414 0.0992283 -0.0355920 0.4131707 -0.2324504 -0.2518293 -0.2460756 -0.0923105 -0.0203679 0.1527158 0.2783608 -0.1949646 -0.1277033 0.3488793 0.2261137
0.4924283 0.3531025 0.7763758 0.6959785 0.0000000 0.6353046 0.3436605 0.7786709 0.4929434 0.6030107 0.5357469 0.1453065 0.7617164 0.5136008 0.2010969 0.3723777 0.5322041 0.1647860 0.3985299 0.5744175 -0.0879340 0.6436381 0.4850930 0.1256281 0.4933965 0.3723721 0.5679477 0.1451969 -0.0248982 0.4447923 0.5455685 0.3430176 0.1133194 0.0579141 0.2405394 -0.1997271 0.2135861 0.5357125 0.4701125 0.2270364 0.5324416 -0.3753939 0.3413868 0.1268015 -0.1960704 0.3584414 0.1792697 0.4773535 0.1774778 0.3719088 0.0936177 0.2345516 0.1951740 0.3324786 0.3832929 0.2871404 0.1562985 0.3323041 -0.6970710 0.0923115 -0.2582449 0.1903612 0.2315570 0.3874120 0.4264974 0.1128500 0.1322728 0.3587829 0.1935691 0.4876249 0.1230707 0.3991964 0.2639848 0.5676382 0.4226601 0.4993401 0.3682818 0.4315396 0.4049668 0.1559526 0.3363093 0.1292763 -0.1721197 -0.4307487 -0.5816528 -0.4209733 -0.2076631 -0.4008661 -0.3490958 -0.2631302 -0.1772818 0.0691307 0.1024943 -0.4171335 -0.1097113 0.0331088 0.3548397 -0.0936190 0.0983841 -0.5076877 -0.2751015 -0.4700326 -0.4859342 -0.5073238 0.1777924 0.0990521 -0.5247289 -0.5339595 0.0768002 -0.6325801 0.2460055 -0.1208960 -0.6215486 -0.6072396 -0.5043932 -0.6421391 -0.6259882 -0.5935414 -0.6623409 -0.4790639 -0.7172892 -0.6170535 0.2839197 -0.5499783 -0.0917112 0.2034155 -0.5262827 0.4486693 0.3057970 -0.1021917 0.3178508 0.3427229 -0.0224751 -0.1395472 0.4013428 0.2861124 0.2560056 0.3762373 0.4657542 0.1117007 0.2754289 0.2053446 0.4791159 -0.0898698 0.2897941 -0.3083681 0.2685945 0.2627748 0.5724250 0.2089905 0.2165816 0.3984744 0.2583316 0.2428472 -0.0278221 0.3502032 0.5277763 0.3062055 0.5698695 0.3020900 0.0211661 0.3241155 -0.0243225 0.4145387 0.1061426 0.5173057 0.1709513 0.5925267 0.4990356 0.4716142 0.5804925 0.5330238 0.3211568 0.1903004 -0.0275320 0.0132032 0.0317183 0.2177097 -0.0648522 -0.1337466 0.1578869 -0.0783167 -0.4021173 -0.3731727 -0.6574314 0.0873115 -0.1947310 0.0278044 0.2807062 0.2025556 -0.1828428 0.0409296 0.0814154 0.0033808 0.0286994 -0.0277906 -0.1178970 0.2594235 0.0311874 0.2303413 0.2304512 0.1203197 0.1306118 -0.0626009 0.0125152 0.2927907 0.2908112 0.1765348 0.1085862 0.1239595 0.2831945 0.0558266 0.3861732 0.2228763 0.0559400 0.1740701 0.1105183 -0.1974671
0.4763296 0.5101438 0.6998911 0.9356396 0.6353046 0.0000000 0.5936692 0.8069956 0.9606944 0.9273381 0.6548933 0.5014011 0.6227310 0.9216908 0.4494245 0.3933814 0.7357695 0.6322085 0.3349001 0.3853581 0.2085092 0.4211495 0.6725834 0.5230415 0.4241272 0.5111481 0.6790292 0.5603255 0.3801035 0.8057031 0.2909650 0.2945751 0.5092515 0.6082141 0.4747353 -0.0057499 0.1928824 0.4181681 0.7785231 0.6441067 0.3486235 -0.2829668 0.5706210 0.4548685 -0.0521392 0.3398506 0.1954546 0.3314470 0.6123564 0.2768440 0.1788798 0.5299216 0.4750037 0.7095056 0.2543888 0.1682064 -0.0227929 0.7937721 -0.7269312 0.1359407 -0.3377726 0.3292075 -0.0574633 0.8256002 0.4934597 -0.1905484 -0.0381711 0.5955521 -0.0832527 0.8452053 -0.1881264 0.7478938 0.2165155 0.6365485 0.2661062 0.8563665 0.7040056 0.2282924 0.3745094 0.4197116 0.1202243 0.1552639 -0.1659333 -0.3548671 -0.4181875 -0.3995745 -0.3732515 -0.4840022 -0.3718860 -0.2508451 -0.3740392 -0.0914493 0.0699770 -0.5716269 -0.4003702 -0.1631320 0.2568265 -0.1368728 -0.0901851 -0.3251401 -0.3794114 -0.5613789 -0.4645557 -0.5939341 -0.0692969 -0.1231345 -0.4277399 -0.7665709 0.1031024 -0.6395903 0.0839117 0.1075076 -0.8333635 -0.8095950 -0.5672069 -0.6877342 -0.6309637 -0.6044364 -0.6830906 -0.1212727 -0.7499066 -0.8413290 -0.1943160 -0.7651842 0.0217560 0.5983510 -0.8234625 0.0389265 0.5674891 -0.4145219 0.3489545 0.0896986 -0.3320935 -0.3243671 -0.0673327 0.2134231 0.3285341 0.4789040 0.5065490 0.0959773 -0.1367331 0.1776802 0.0655379 -0.0639975 0.4709293 -0.3199264 0.1520277 0.1967149 0.1853878 -0.0149683 -0.0828324 0.0065179 0.0422182 -0.1804076 -0.2542468 0.0592396 0.2357952 0.0384688 0.3833463 0.0135112 -0.2933081 0.0058544 -0.4973847 0.1795578 -0.2215851 0.0543396 -0.1142279 0.5002313 0.4707634 0.2091897 0.3559952 0.4008100 -0.1208250 0.2547234 -0.0959615 0.2271994 0.3516862 0.3413186 0.0934223 -0.2193897 0.1448635 -0.0012144 -0.3230300 -0.2732245 -0.7271800 -0.0255865 -0.4261139 -0.1363824 0.5184642 0.5014922 0.2701145 0.3342615 0.2765953 0.2970091 0.4233762 0.2054134 0.3043188 0.3837595 0.1471147 0.6221579 0.0745273 -0.2011209 -0.2025746 -0.2417204 0.0617682 -0.0901911 0.5141788 -0.1327238 -0.0582800 -0.2435025 -0.1452600 -0.1053590 0.1969234 0.3711012 -0.0631200 -0.0743074 0.3510994 0.1519347
0.5318117 0.7083590 0.3378427 0.4344349 0.3436605 0.5936692 0.0000000 0.3486061 0.6637386 0.4752936 0.1977845 0.8148488 0.3039812 0.5887870 0.8789066 0.0575145 0.3692866 0.5785150 -0.0840813 0.0086191 0.3749104 -0.0394187 0.2445117 0.6994662 -0.1296745 0.1129585 0.4482477 0.5774448 0.5598407 0.6393276 -0.1096497 -0.1244518 0.4608140 0.4823247 0.1744614 0.0568021 -0.0378738 -0.0808113 0.5391578 0.4689474 -0.1067213 0.0292227 0.2875930 0.5135355 0.2477068 -0.0164127 -0.0459284 -0.1246746 0.5504679 -0.0113773 -0.0239324 0.2881560 0.3669847 0.4164163 0.0111435 0.0065122 -0.1408804 0.5448476 -0.2212940 0.0115377 0.0793077 0.0642328 0.0212423 0.5566750 0.2401735 -0.2167142 -0.2039890 0.2350904 -0.0581284 0.3839204 -0.2621444 0.4735243 -0.0148584 0.4437558 -0.0137272 0.4783955 0.4464817 -0.0765765 0.3262219 0.3561387 0.1489073 -0.4261480 -0.4937456 -0.4472587 -0.4674485 -0.4943981 -0.3583513 -0.5592647 -0.3553500 -0.3030002 -0.3389776 -0.2179805 -0.3557685 -0.4400232 -0.2918578 -0.0804632 -0.0119727 -0.4580506 -0.0434073 -0.0270866 -0.3447346 -0.5638191 -0.5122146 -0.3491473 -0.1948977 -0.1379487 -0.4979862 -0.4268890 -0.2729828 -0.4523533 0.0244699 -0.3511016 -0.3821271 -0.3708276 -0.2596118 -0.2581789 -0.1304958 -0.0793837 -0.1159001 -0.3298360 -0.4434955 -0.2629006 -0.3335978 -0.1732252 -0.0435601 0.3268108 -0.4036044 -0.1191530 0.3552933 -0.2640054 0.0007517 -0.0397620 -0.3595504 -0.3423723 -0.2390010 -0.2240514 -0.0751131 0.2362168 0.1673451 -0.0912791 -0.3994928 -0.0421228 0.1256873 -0.3803961 0.0169695 -0.4652742 -0.0352492 -0.0212163 -0.0052971 -0.1088708 -0.1699725 -0.2371727 -0.1070650 -0.4049879 -0.3045756 -0.3470806 0.1498516 -0.2679798 0.3773525 -0.1545643 -0.2817324 -0.0627191 -0.3467952 -0.0077446 -0.2900986 -0.2887728 -0.0452557 0.3630308 0.3463081 0.0585415 0.0295173 0.1605414 0.2190975 0.2650293 0.6048373 0.6208249 0.5781001 0.4895989 0.2680566 0.1548646 0.3429217 0.1534979 -0.1436516 0.0509862 -0.1267772 0.0436166 -0.0402831 0.2785465 0.5059235 0.5913682 -0.3235240 0.4251348 0.4471717 -0.0069288 0.1692693 0.1879639 0.1339520 0.4870149 0.1942732 0.4362096 0.2000908 -0.0849357 -0.0692939 -0.1021928 0.1390541 0.0615302 0.2716466 0.3250458 0.1238873 0.0740348 -0.1546643 -0.0126425 0.1684792 0.2985918 0.3612994 -0.0779516 0.1404586 -0.1797073
0.2677421 0.2921147 0.7455999 0.8490364 0.7786709 0.8069956 0.3486061 0.0000000 0.7560046 0.8881717 0.7957126 0.1226489 0.8768910 0.7756371 0.1777845 0.5965715 0.7613688 0.2791052 0.5557311 0.5008575 -0.1837235 0.6886708 0.7089321 0.1859766 0.5595540 0.5504772 0.6127305 0.2658615 0.0329464 0.6321476 0.5753015 0.4407454 0.1777794 0.2643408 0.5660503 -0.3483657 0.3431860 0.6519447 0.6840721 0.5370328 0.5736307 -0.5485071 0.6575369 0.2277497 -0.1354460 0.5659678 0.4797706 0.5685160 0.3297186 0.5946362 0.4518535 0.6346712 0.3888415 0.6989847 0.5305648 0.4997425 0.3046948 0.6800686 -0.8135169 0.3726336 -0.2112442 0.5103804 0.2298096 0.6890828 0.7086949 0.1948251 0.3465779 0.7158469 0.3160479 0.8012866 0.2235770 0.6613261 0.5196338 0.7112902 0.6205198 0.7949812 0.4983408 0.4614258 0.2300533 0.1178443 0.0526983 0.1233615 -0.0094878 -0.2105069 -0.3218887 -0.2228616 -0.1559963 -0.2332614 -0.0945416 0.0394977 -0.1163213 0.1675972 0.1659299 -0.2257420 -0.0759875 0.1355253 0.4152705 0.0540247 0.2428299 -0.1793888 -0.0805061 -0.3662044 -0.3358064 -0.2847048 0.1804431 0.2035049 -0.3014473 -0.5548405 0.2312290 -0.5737099 0.3124810 0.1956823 -0.5927304 -0.6355890 -0.5566095 -0.5663118 -0.6235854 -0.6046158 -0.6094812 -0.2154545 -0.6522241 -0.7250177 0.0215226 -0.5697584 0.0125514 0.3594155 -0.6530463 0.1829474 0.4631685 -0.2088391 0.4499609 0.2615962 -0.1122050 -0.2451552 0.1732297 0.2650444 0.4248452 0.4023978 0.5736124 -0.0450887 0.0988874 0.1316976 0.1645991 -0.1310812 0.4078240 -0.2158092 0.2423760 0.2875599 0.4287047 -0.0021144 -0.0740522 0.0731284 0.1743703 0.1321537 -0.0499536 0.0876430 0.3887078 0.2415705 0.4761583 -0.0482183 -0.0603760 0.1437147 -0.3098801 0.0936918 0.0331705 0.3045100 0.1482200 0.6121399 0.5061371 0.3299361 0.6169211 0.5810158 -0.0564351 0.0791401 -0.2716871 -0.0850974 -0.0280708 0.0924533 -0.2679599 -0.4642625 -0.0860314 -0.3245926 -0.6060862 -0.5660032 -0.8221366 0.3176518 -0.2669947 -0.0818305 0.2683151 0.1606757 0.1251487 -0.0241252 -0.0039393 0.0141623 0.1525997 -0.1175611 -0.0129891 0.1384112 -0.1508810 0.3029242 -0.0005375 0.0199399 -0.1003001 -0.2512872 -0.1132180 -0.1954557 0.3592129 -0.2655847 -0.1398609 -0.1455321 0.0364020 -0.2048863 0.0994801 0.1667672 -0.1878732 -0.0750287 0.0523051 -0.0798911
0.3676249 0.5269962 0.6205617 0.8652844 0.4929434 0.9606944 0.6637386 0.7560046 0.0000000 0.9020851 0.6167083 0.5737800 0.5776925 0.9384705 0.5441532 0.3831723 0.6924802 0.6836065 0.3049528 0.3093110 0.2097912 0.3165216 0.6190988 0.6294262 0.3387220 0.4890282 0.5905003 0.6598117 0.4307266 0.8538539 0.2016427 0.2450156 0.5892218 0.6923301 0.4844125 -0.0485421 0.1942647 0.3274322 0.7989469 0.7359852 0.2339206 -0.2894782 0.5777724 0.5512178 0.0229195 0.3245001 0.2220229 0.2397784 0.6807839 0.2475158 0.2237637 0.5845215 0.4961071 0.7647628 0.2338825 0.1690154 -0.0149399 0.8517183 -0.6453493 0.1791468 -0.2825423 0.3631505 -0.0685456 0.8661690 0.4912656 -0.2074051 -0.0204918 0.6223960 -0.1047542 0.8278586 -0.2046946 0.7654885 0.2237800 0.6139764 0.2013280 0.8613521 0.7217317 0.1385425 0.3079623 0.4788683 0.0351336 0.0700623 -0.1525565 -0.3152623 -0.3351573 -0.3688615 -0.3591698 -0.4554478 -0.3039391 -0.1991404 -0.3726166 -0.1030423 -0.0406195 -0.5061252 -0.3965381 -0.1461069 0.2115116 -0.1878693 -0.0836999 -0.1459138 -0.3614388 -0.5497385 -0.4277138 -0.5040210 -0.1407900 -0.1470913 -0.3821187 -0.7214652 0.0116993 -0.5972536 0.0393944 0.1053043 -0.7390852 -0.7550310 -0.5209895 -0.5564759 -0.5521650 -0.5285759 -0.5678499 -0.1405387 -0.7091653 -0.7904564 -0.3023122 -0.6588646 -0.0429979 0.4956944 -0.7987126 -0.1017604 0.4975644 -0.4315799 0.2743947 0.0698369 -0.3926261 -0.3093538 -0.1660079 0.0852755 0.2661688 0.3612176 0.4264597 -0.0811981 -0.2276597 0.0258684 -0.0289864 -0.1737747 0.3277234 -0.3272424 0.0463193 0.1000419 0.1035088 -0.1748157 -0.2508658 -0.1633166 -0.0702587 -0.2307937 -0.3066631 -0.0631276 0.2101849 -0.0869749 0.3543019 -0.1539165 -0.3450814 -0.1058642 -0.5561754 0.0208524 -0.2971274 -0.0923679 -0.1032521 0.4923335 0.4408531 0.1072798 0.2718116 0.3428906 -0.2459386 0.1376208 -0.0700935 0.2898627 0.3743656 0.3113925 0.0412993 -0.2790531 0.1063936 -0.0571062 -0.3320999 -0.2658124 -0.6523523 0.0139678 -0.4409886 -0.1054079 0.5841333 0.5813316 0.2158792 0.3775860 0.3144138 0.1701450 0.3229511 0.0881857 0.2474833 0.4001463 0.1510982 0.5201855 0.0680949 -0.2061433 -0.2141958 -0.3294782 0.1208910 -0.1686828 0.3974906 -0.1679557 -0.0484846 -0.2139835 -0.2597684 -0.2481787 0.1509986 0.4132107 0.0145434 -0.2025359 0.4064840 0.2164838
0.3489476 0.3236275 0.6672908 0.8920418 0.6030107 0.9273381 0.4752936 0.8881717 0.9020851 0.0000000 0.8633086 0.2411939 0.7396234 0.9415880 0.3053816 0.6499795 0.8954707 0.4361095 0.5490117 0.4053861 -0.0604510 0.5877618 0.8491499 0.3456664 0.5969313 0.6917230 0.7396879 0.3875296 0.1877171 0.7842780 0.4747287 0.5110732 0.2960671 0.4579801 0.7011547 -0.2549506 0.4194772 0.6234041 0.8474583 0.6534435 0.5237812 -0.5012250 0.7901156 0.2961994 -0.1252114 0.5844107 0.4574156 0.5330452 0.4903662 0.5473244 0.4321115 0.7497396 0.4751073 0.8317236 0.4961111 0.4341848 0.2442585 0.8281868 -0.8183054 0.3715642 -0.2994798 0.5820378 0.1458561 0.8138220 0.6186158 0.0698391 0.2534560 0.7822179 0.1780568 0.9127057 0.0724251 0.7287254 0.4776617 0.6435226 0.5167362 0.8473497 0.5279230 0.4121854 0.2538125 0.1863429 0.0697887 0.1252382 0.0112177 -0.1363750 -0.2040259 -0.1556015 -0.1351700 -0.2332213 -0.0862122 0.0377857 -0.1346805 0.1715057 0.2056063 -0.3045012 -0.1738335 0.0838523 0.3631498 0.0575555 0.1670513 -0.1420934 -0.1379858 -0.3292936 -0.2508914 -0.3577857 0.1102089 0.1398193 -0.1943812 -0.6008965 0.2912987 -0.4667995 0.2533308 0.3428498 -0.6542976 -0.6420403 -0.4395176 -0.5556427 -0.5562304 -0.5180913 -0.5959571 -0.0080595 -0.6248452 -0.7504304 -0.2049179 -0.6555391 0.1447953 0.5598363 -0.7355286 0.0272011 0.5898614 -0.3097976 0.4372685 0.1123663 -0.2408482 -0.4498897 -0.0425362 0.1504129 0.3621899 0.4860919 0.5378719 0.0557390 -0.1311056 0.1892034 0.0287173 -0.1989031 0.4663404 -0.3307014 0.1978579 0.2456062 0.2422863 0.0135132 -0.0596591 -0.0500131 0.1137628 -0.1250167 -0.1312935 -0.0516102 0.2506381 0.1091939 0.3903918 -0.0807361 -0.1536152 0.0813009 -0.5472335 0.0799210 -0.0875251 0.0868863 -0.0545431 0.5343142 0.4827891 0.2585398 0.4982294 0.5039554 -0.1078090 0.0724853 -0.2601417 -0.0108573 0.0948953 0.1573341 -0.1645073 -0.4519537 -0.1027768 -0.2525495 -0.5558477 -0.4952357 -0.8124041 0.1314089 -0.3958131 -0.2129781 0.3060943 0.2457186 0.3007000 0.0567190 0.1255409 0.1266415 0.3287381 0.0136639 0.1360120 0.1724220 -0.1314191 0.5379729 0.0451319 -0.2582143 -0.3181321 -0.3227943 -0.0625393 -0.2391419 0.4239524 -0.2302771 -0.0134537 -0.3697035 -0.1181411 -0.1718594 0.0171274 0.1667447 -0.2006791 -0.1298587 0.1915548 0.0059731
0.1199868 -0.0884684 0.4204585 0.6162535 0.5357469 0.6548933 0.1977845 0.7957126 0.6167083 0.8633086 0.0000000 -0.1550235 0.7526579 0.7321425 0.1092599 0.9297155 0.8765369 0.1681182 0.8420338 0.3349990 -0.4249473 0.7813705 0.9361045 0.0836701 0.8154016 0.8580664 0.6487989 0.1462545 -0.0761829 0.6333613 0.6763705 0.7842252 0.0156193 0.2363480 0.9049895 -0.5348146 0.7106147 0.8399773 0.7847990 0.5905784 0.7171730 -0.6480174 0.9353191 0.0973556 -0.0777807 0.8642225 0.7584815 0.7711193 0.2808826 0.8187453 0.7186084 0.8831575 0.4770739 0.8378732 0.7876249 0.7349923 0.6046125 0.6848626 -0.7667711 0.6415651 -0.1323793 0.8218286 0.5058250 0.6039285 0.6503716 0.4771379 0.6295346 0.8836125 0.5345178 0.8127567 0.4740811 0.5413666 0.7419921 0.5255781 0.7990662 0.6341632 0.1209420 0.6530052 0.0986591 -0.2202696 0.0915820 0.0572709 0.3423487 0.2090537 0.0318572 0.2039309 0.2769688 0.1268461 0.2874175 0.4040286 0.2615979 0.4873080 0.4055479 0.0784939 0.1949133 0.3787100 0.4990101 0.3842189 0.5193042 -0.0126642 0.2658976 0.0532680 0.0952805 -0.0374638 0.4265891 0.4839176 0.0974957 -0.2219608 0.5418484 -0.2334534 0.5255778 0.5616900 -0.2969641 -0.3295224 -0.2888598 -0.3320244 -0.4412869 -0.3877490 -0.4221874 0.1198763 -0.3320648 -0.4934796 -0.1101317 -0.3752092 0.3428813 0.4483580 -0.4122779 0.0984806 0.5730941 0.0593513 0.6145336 0.1861753 0.1184026 -0.4729800 0.1634204 0.1246113 0.4766804 0.5074200 0.6038667 0.0888373 0.0238671 0.3086566 0.0939611 -0.3300993 0.4395504 -0.2025367 0.3633193 0.3759306 0.4174912 0.1958409 0.1086248 0.0169929 0.3423793 0.0581785 0.1488747 -0.1218320 0.2323300 0.2798131 0.3590008 -0.1048098 0.1902855 0.3368126 -0.4102404 0.0123066 0.2417271 0.1997293 0.0247274 0.4956286 0.4697359 0.4410387 0.6617850 0.6384369 0.0391414 -0.2208889 -0.4455092 -0.4297329 -0.3654824 -0.2350925 -0.4881539 -0.6400433 -0.4651569 -0.5650304 -0.7574595 -0.7208674 -0.7555726 0.3031622 -0.2584393 -0.2570409 -0.0857585 -0.1680605 0.2702179 -0.4080669 -0.2624053 -0.0585360 0.1906232 -0.2181821 -0.0704024 -0.2500487 -0.5009221 0.3908822 0.1654776 -0.2153130 -0.2848839 -0.2643576 -0.2088028 -0.2373642 0.3450215 -0.1788839 0.2190902 -0.3893446 0.1117356 -0.2326942 -0.0663719 -0.0602421 -0.2645842 0.0223289 -0.0367305 -0.2642287
0.3953940 0.7982606 0.2488577 0.3531883 0.1453065 0.5014011 0.8148488 0.1226489 0.5737800 0.2411939 -0.1550235 0.0000000 0.0332436 0.4035125 0.7932911 -0.3359240 -0.0044323 0.7009564 -0.3965255 -0.1374606 0.7500380 -0.3497940 -0.1202535 0.7448806 -0.4254591 -0.2249447 0.0893418 0.6848838 0.8026098 0.4482346 -0.4151386 -0.4605370 0.6597790 0.6443474 -0.1946126 0.4731927 -0.3938044 -0.4328383 0.2506347 0.3499113 -0.4470607 0.4338395 -0.1115600 0.6171128 0.4019130 -0.3633190 -0.3463380 -0.4741581 0.6072539 -0.4021219 -0.3295303 -0.0806784 0.3497345 0.1479357 -0.3627512 -0.3565293 -0.4956070 0.4169558 0.0661490 -0.3447315 0.1133148 -0.3253052 -0.3085930 0.5134646 0.0891805 -0.5531364 -0.5719878 -0.0851221 -0.4206560 0.2427110 -0.5782320 0.5372428 -0.4127854 0.3935431 -0.3980065 0.4757868 0.6883467 -0.4260941 0.3647562 0.6706673 0.0623834 -0.3857489 -0.6113766 -0.5753613 -0.5482920 -0.6953521 -0.7003520 -0.6947875 -0.6588020 -0.6262024 -0.6977506 -0.6712007 -0.6413868 -0.6354039 -0.6519185 -0.5506450 -0.3229461 -0.7158864 -0.4971723 -0.0654817 -0.6142555 -0.7632575 -0.6574995 -0.5002866 -0.5672623 -0.5975185 -0.6614637 -0.5936032 -0.5876520 -0.5359815 -0.3736218 -0.5850481 -0.5062432 -0.4756939 -0.2830047 -0.2071186 -0.0953681 -0.1028022 -0.0716508 -0.3243653 -0.4390156 -0.3350916 -0.4014062 -0.2693807 -0.2909071 0.2756270 -0.4910189 -0.3082577 0.1510477 -0.4858395 -0.2087196 -0.1975098 -0.5312103 -0.0442454 -0.3842464 -0.2044631 -0.1474261 0.0504918 -0.0114830 -0.1867003 -0.4336746 -0.2271976 -0.0601217 -0.0616189 -0.0600716 -0.3019291 -0.2492284 -0.2317525 -0.2145530 -0.3557240 -0.3966330 -0.3162999 -0.3809319 -0.4506311 -0.5332512 -0.2031813 -0.0632527 -0.4884905 0.1270546 -0.1543538 -0.5654122 -0.3845159 -0.3111647 -0.0510843 -0.5699156 -0.4518818 -0.2610552 0.1312056 0.1076936 -0.2230908 -0.2981946 -0.1195078 -0.1065216 0.3303154 0.6531992 0.7930975 0.8195201 0.6236132 0.6195075 0.4656176 0.6379153 0.5199211 0.3045195 0.4457536 0.1074175 -0.0780160 0.0065393 0.4075587 0.7635581 0.8340233 -0.2166555 0.7481553 0.4751131 0.2019397 0.2334571 0.3836134 0.3851881 0.6826235 0.6299773 0.4098525 0.1127295 -0.1061048 -0.0898010 -0.1048423 0.2958369 0.2023413 0.2465974 0.2745141 -0.0757214 0.2052840 -0.3795308 -0.0484294 0.3585449 0.5825984 0.4078787 -0.0790471 0.3269035 0.1998083
0.2636220 0.1850899 0.6551377 0.6344545 0.7617164 0.6227310 0.3039812 0.8768910 0.5776925 0.7396234 0.7526579 0.0332436 0.0000000 0.6311891 0.2467808 0.6564909 0.6557573 0.1438260 0.6801431 0.5281685 -0.3906352 0.8203766 0.6374107 0.1386171 0.6439326 0.5701618 0.4992761 0.1619679 -0.0891839 0.5577495 0.7722318 0.5712700 0.0755875 0.1745318 0.5334936 -0.5716536 0.5072834 0.7588582 0.5848160 0.4433914 0.7046729 -0.6097412 0.5828686 0.1516882 0.0182392 0.7284536 0.6162653 0.7113765 0.2631711 0.7656180 0.5165220 0.5610179 0.4182631 0.5759820 0.7421834 0.7226456 0.5575071 0.5615672 -0.7390767 0.4533637 0.0214913 0.5119136 0.5294127 0.6416838 0.8258807 0.4684625 0.5344068 0.6527944 0.5627291 0.6742448 0.4910144 0.6315109 0.6703739 0.8457298 0.7274763 0.6909329 0.3084548 0.6008210 0.3114337 -0.0686422 0.2638984 -0.0972882 0.0931173 -0.1181539 -0.2727714 -0.1607666 -0.0095006 -0.0675950 0.0176801 0.1311986 -0.0027348 0.2538110 0.1425028 -0.0180850 0.0692096 0.2642713 0.4990425 0.0980980 0.3917619 -0.0082256 0.0602907 -0.2800592 -0.2419059 -0.0616449 0.3273904 0.3546884 -0.2298723 -0.3835655 0.2539896 -0.4461639 0.4269141 0.1495166 -0.4103008 -0.4296554 -0.3859077 -0.4161055 -0.4916737 -0.4799986 -0.4721146 -0.3430202 -0.5829188 -0.5529413 0.1119335 -0.3373737 0.0407495 0.2225670 -0.5215443 0.3371282 0.4360866 -0.0201904 0.4555247 0.4733274 0.0207382 -0.2703347 0.3895454 0.2295720 0.3881762 0.4072743 0.5826983 -0.1384582 0.2723619 0.1391534 0.4015373 -0.3287567 0.3104171 -0.2384651 0.3630174 0.3911774 0.6350086 0.0620893 -0.0059207 0.0639919 0.2928166 0.2848982 0.1751673 -0.0528135 0.5193100 0.2956935 0.6344007 -0.1728738 0.1398611 0.3103779 -0.2710115 -0.0146945 0.2160251 0.2687157 0.2670716 0.7349080 0.6299354 0.4756907 0.6827593 0.6941520 0.1229935 -0.2272297 -0.2381780 -0.2836659 -0.1991653 -0.0273521 -0.4181500 -0.4906789 -0.1373925 -0.3987399 -0.7299708 -0.5629591 -0.7058435 0.5069734 -0.0272379 0.1913222 0.1845725 0.0125244 -0.1883045 -0.2139979 0.0003956 -0.3139763 -0.0800228 -0.3197907 -0.3083540 0.0778710 -0.3068340 0.1549879 0.0563073 -0.1764486 -0.2585556 -0.4252700 -0.2623991 -0.0633364 0.1339005 -0.0494704 0.0094990 -0.2640544 0.0344044 -0.3038154 -0.0488542 0.0405216 -0.1958649 0.1969025 -0.0810400 -0.2877509
0.3845937 0.4032461 0.6125706 0.8630048 0.5136008 0.9216908 0.5887870 0.7756371 0.9384705 0.9415880 0.7321425 0.4035125 0.6311891 0.0000000 0.4144487 0.5151798 0.8600565 0.5508895 0.3982626 0.3680266 0.1075388 0.4575853 0.7516674 0.4424558 0.4763060 0.5732479 0.7250729 0.4845322 0.3579805 0.8328703 0.3475124 0.3889130 0.4042265 0.5984337 0.5583109 -0.0956682 0.2855548 0.4854641 0.8391083 0.6335640 0.4034954 -0.3297258 0.6817515 0.3384316 -0.0005104 0.4278617 0.2836512 0.4109100 0.5554460 0.3861206 0.2626981 0.6501279 0.5508324 0.7734263 0.3520414 0.2713057 0.0856906 0.8333189 -0.7105484 0.2241665 -0.2742982 0.4682627 0.0259608 0.8274517 0.5426968 -0.0916057 0.1049528 0.7013099 0.0223552 0.8909488 -0.0914958 0.7516027 0.3689841 0.6004505 0.3498264 0.8431917 0.5849447 0.2996544 0.3244359 0.3060468 0.0641477 0.0694740 -0.1380048 -0.2958393 -0.3064154 -0.2927027 -0.2474895 -0.3891264 -0.2101791 -0.1016729 -0.2714363 0.0169503 0.0536115 -0.4625593 -0.2986233 -0.0631896 0.1560200 -0.0873730 0.0122678 -0.1895919 -0.2783440 -0.4410166 -0.3808900 -0.4819246 -0.0912058 0.0037022 -0.3058254 -0.6940593 0.1382498 -0.5322822 0.0673939 0.2218633 -0.6824627 -0.7025057 -0.4765664 -0.5597801 -0.5822719 -0.5406516 -0.6009229 -0.0404332 -0.6731026 -0.7664016 -0.2259536 -0.6788438 0.0766115 0.5783143 -0.7583263 -0.0118010 0.5866604 -0.3174742 0.3808879 0.0972119 -0.2822657 -0.3255735 -0.0839855 0.1751383 0.3405978 0.4715956 0.5020650 0.0631750 -0.1239931 0.1667312 -0.0457778 -0.1131123 0.4493061 -0.2542136 0.1698762 0.2358480 0.1475268 -0.0181570 -0.0811572 -0.0183961 0.0768162 -0.1715702 -0.1702290 -0.0260651 0.1699177 0.0770614 0.2843346 -0.0161743 -0.2223259 0.0138020 -0.5353419 0.1662186 -0.1716819 0.0052175 -0.1624118 0.4322634 0.3691893 0.1403604 0.3405986 0.3612296 -0.0953596 0.1306765 -0.1432682 0.1453934 0.2460819 0.2727118 -0.0309701 -0.3324262 -0.0058856 -0.1319013 -0.4061492 -0.3544451 -0.6935766 0.0402073 -0.4007680 -0.1811534 0.4029424 0.3848565 0.2788746 0.2411447 0.2906890 0.1724028 0.3768558 0.1184967 0.2060669 0.3099658 0.0531517 0.5619432 0.0147939 -0.2596305 -0.2610444 -0.2454299 0.0137112 -0.1227115 0.4210790 -0.1321621 -0.0454292 -0.2817407 -0.1617718 -0.0821496 0.0427088 0.3010172 -0.0060363 -0.1319533 0.3339148 0.1264446
0.4030954 0.5544079 0.1718052 0.2408994 0.2010969 0.4494245 0.8789066 0.1777845 0.5441532 0.3053816 0.1092599 0.7932911 0.2467808 0.4144487 0.0000000 0.0457179 0.1566280 0.7018222 -0.0175110 0.0155076 0.3199740 -0.0504013 0.1543082 0.8177431 -0.0987312 0.1365695 0.2770376 0.6775318 0.6171068 0.6258328 -0.0756843 -0.0408739 0.5903710 0.6353773 0.1673456 0.0095779 0.0807309 -0.0803215 0.4329492 0.5237715 -0.1091759 0.1074963 0.1938884 0.6354255 0.4661390 0.0673980 0.0479122 -0.0823173 0.6589941 0.0112065 0.0787768 0.2443752 0.4844517 0.3855782 0.1049256 0.0974158 0.0009411 0.5325821 -0.1109248 0.1277809 0.2106126 0.0940284 0.2363038 0.5702464 0.2423658 -0.0665231 -0.0956681 0.2175827 0.0279144 0.3146036 -0.1149412 0.4649229 0.0266974 0.4674500 -0.0192592 0.3790378 0.2875534 -0.0360570 0.3505357 0.2897395 0.2754619 -0.5622567 -0.2901415 -0.2724472 -0.3551911 -0.3880270 -0.2349450 -0.3776555 -0.2377421 -0.2120621 -0.2172076 -0.1703378 -0.3546643 -0.2657371 -0.1635555 -0.0117719 0.0941665 -0.3988268 0.0386940 0.0368402 -0.2038370 -0.4797292 -0.3741772 -0.2081701 -0.0609613 -0.0778507 -0.4021778 -0.2356196 -0.2274533 -0.3977351 0.1251173 -0.3607397 -0.2436725 -0.2634109 -0.2532848 -0.1628546 -0.0647075 -0.0208103 -0.0063273 -0.3910074 -0.3431860 -0.1396227 -0.3356742 0.0217941 -0.0805416 0.2214835 -0.2737552 -0.1035915 0.2725042 -0.1152147 0.0022643 0.0822222 -0.2192830 -0.3653791 -0.1032353 -0.2688122 -0.0604756 0.1594267 0.1545796 -0.1766071 -0.2975995 -0.0521316 0.2759705 -0.5195069 -0.0988985 -0.3844256 0.0092013 0.0069196 0.1432621 -0.0955205 -0.1750187 -0.3269333 -0.0622235 -0.2695147 -0.1505387 -0.4270292 0.2014987 -0.2724923 0.4647172 -0.2710437 -0.1188847 0.0336857 -0.3037602 -0.1629161 -0.1491851 -0.3473842 0.0110606 0.4321558 0.4752631 0.2038021 0.0728929 0.2783488 0.1783362 0.0323537 0.5712591 0.4185738 0.3925410 0.2204212 0.1747465 0.1516818 0.2704295 0.1115282 -0.1281963 0.0954112 -0.0260409 0.1059707 0.0371188 0.4258369 0.4403390 0.5279496 -0.4261149 0.2854159 0.3072253 -0.1147778 0.0492773 0.0655335 0.0176629 0.3055503 0.1177788 0.3515438 0.2770469 -0.1168520 -0.1023385 -0.2130808 0.1152647 0.2101689 0.1887311 0.2808129 0.2464945 -0.0133416 -0.1619517 -0.2749028 0.0961950 0.2060125 0.2470920 0.0715310 0.2068757 -0.1472928
-0.0827762 -0.3611967 0.1566543 0.3062672 0.3723777 0.3933814 0.0575145 0.5965715 0.3831723 0.6499795 0.9297155 -0.3359240 0.6564909 0.5151798 0.0457179 0.0000000 0.7297506 0.0040220 0.9468071 0.1812491 -0.6352519 0.7855272 0.8389903 -0.0336166 0.8410816 0.8540438 0.4405000 0.0270076 -0.2383695 0.4769854 0.6788734 0.8398248 -0.1367208 0.0883303 0.9142780 -0.6956979 0.8139680 0.8446889 0.6508644 0.5228070 0.7211487 -0.6768404 0.9030697 0.0102903 0.0116951 0.9416603 0.8782390 0.7947598 0.1189913 0.8878711 0.8265641 0.8673099 0.3836863 0.7417164 0.8852861 0.8475575 0.7776946 0.4925194 -0.5839545 0.7387147 0.0583817 0.8621205 0.6694015 0.3860753 0.6118833 0.6874367 0.8026058 0.8280076 0.6951537 0.5974097 0.6897105 0.3185419 0.8323968 0.3962042 0.8512059 0.4105754 -0.1393176 0.7019451 -0.0161470 -0.4330386 0.1145879 -0.0443557 0.5185953 0.4017787 0.1751965 0.3988073 0.4983768 0.3183733 0.4825631 0.5929617 0.4704989 0.6281948 0.4838843 0.2994440 0.3873721 0.5335710 0.5662627 0.5551023 0.6877632 0.1332889 0.4943961 0.2886273 0.3169402 0.1944545 0.5752795 0.6451089 0.2718563 0.0703292 0.5884603 -0.0272042 0.6593361 0.6230755 0.0070086 -0.0580150 -0.1195180 -0.0981430 -0.2864062 -0.2475639 -0.2325740 0.1634645 -0.0860618 -0.2355100 0.0010150 -0.1057633 0.4287042 0.2702486 -0.1092389 0.1621991 0.4751794 0.3454074 0.6397722 0.2636069 0.3612525 -0.3721514 0.2825313 0.0800047 0.4835388 0.4281634 0.5550678 0.0171710 0.1291836 0.3019442 0.1609599 -0.4341468 0.3138989 -0.1028629 0.4113435 0.3989651 0.4765361 0.2540570 0.1552092 0.0201060 0.4421473 0.1740883 0.3264576 -0.2047840 0.2403584 0.3330688 0.3429139 -0.1832338 0.3974512 0.4785140 -0.2794763 -0.0869443 0.4284158 0.2031139 0.1287049 0.4475869 0.4342358 0.5049669 0.6458277 0.6329792 0.1326040 -0.4311331 -0.5083783 -0.5996926 -0.5809501 -0.4328440 -0.6600579 -0.6947656 -0.6357234 -0.7054130 -0.7985177 -0.7518638 -0.5768308 0.4251325 -0.0982066 -0.1964147 -0.2588189 -0.3403494 0.1568791 -0.6080195 -0.3975298 -0.2474191 0.0254294 -0.4051252 -0.2160432 -0.4283444 -0.6762721 0.1974332 0.2843802 -0.1557609 -0.2116523 -0.2387673 -0.3410038 -0.2683941 0.1940100 -0.1047134 0.4016582 -0.3315856 0.2018767 -0.2751582 -0.1491969 -0.1765557 -0.2096383 0.0944922 -0.1197533 -0.4235127
0.3500593 0.1439263 0.5477846 0.7441590 0.5322041 0.7357695 0.3692866 0.7613688 0.6924802 0.8954707 0.8765369 -0.0044323 0.6557573 0.8600565 0.1566280 0.7297506 0.0000000 0.1791133 0.5699216 0.4196427 -0.2127411 0.6182011 0.9262595 0.0620378 0.6632579 0.7370138 0.8391610 0.0689707 0.0616034 0.6248253 0.5318939 0.6194175 -0.0339662 0.2260913 0.7329409 -0.3235323 0.5229192 0.7000412 0.7656521 0.4230621 0.6062746 -0.5223663 0.8378764 -0.0428000 -0.1965627 0.6209841 0.4931158 0.6299054 0.2054130 0.6279528 0.4679200 0.7744359 0.4037377 0.7578220 0.5586790 0.4938779 0.3694989 0.6768933 -0.7767884 0.4612456 -0.2709279 0.7028975 0.2470340 0.5958138 0.5576673 0.2185214 0.4027384 0.8127586 0.2969825 0.8331655 0.2134538 0.5148688 0.6189298 0.4708626 0.6116509 0.6421750 0.2096347 0.5802701 0.2172091 -0.0444357 0.1054584 0.1160308 0.0617185 -0.0738534 -0.1160833 -0.0027227 0.0700291 -0.1164667 0.0934942 0.1961500 0.0984424 0.3973456 0.3624870 -0.1874922 0.0632949 0.2936964 0.3421009 0.2005038 0.3424774 -0.2135424 0.0344809 -0.1095636 -0.1162874 -0.2569438 0.2498902 0.3865992 -0.0218465 -0.3990005 0.4609848 -0.2886838 0.3505862 0.4718275 -0.4468228 -0.4563898 -0.3225078 -0.5164538 -0.5264626 -0.4513269 -0.5760443 0.0660216 -0.4924914 -0.5571659 -0.0871714 -0.5334462 0.2386772 0.5182470 -0.5060217 0.1430263 0.5544960 -0.1008570 0.4413820 0.0823381 -0.0586482 -0.4879412 0.0262573 0.1520614 0.3143875 0.4885586 0.4741010 0.2449661 -0.0363963 0.3385253 0.0511934 -0.2025120 0.4708685 -0.2508106 0.2874648 0.3323207 0.2498248 0.2598261 0.1964860 0.1010310 0.2816223 -0.0223679 0.0902757 -0.0465503 0.2197388 0.2884664 0.3063924 0.1028463 0.0803778 0.2757159 -0.3946375 0.2147396 0.1323789 0.2209805 -0.0145679 0.4092793 0.3798215 0.3188370 0.5528735 0.4973171 0.1666231 0.0995266 -0.2614824 -0.1480809 -0.0784991 0.0680394 -0.2687156 -0.4891410 -0.2724262 -0.3423128 -0.5944549 -0.5653902 -0.7447897 0.1480902 -0.3095646 -0.3012769 0.0166916 -0.0525494 0.3073085 -0.1639782 0.0788390 0.0761681 0.2815425 -0.0173108 -0.0146473 0.0221820 -0.2978338 0.4613204 0.0014316 -0.2298395 -0.2814362 -0.1897658 -0.1918442 -0.2070059 0.3542294 -0.1572641 0.0545531 -0.3944198 0.0491716 0.0832276 -0.1642118 -0.1041139 -0.2288492 -0.0951348 0.1248127 -0.1965834
