0.0000000 0.7483850 0.5156341 -0.0464754 0.2460328 0.3211979 0.5262304 0.2208772 -0.0158217 -0.1509798 -0.0490286 0.2727922 0.4239801 -0.0872082 0.1085292 -0.0411508 -0.3037549 -0.0232315 0.1440570 0.0039764 0.1112656 0.0441007 -0.0203142 0.0023504 -0.0837421 0.1707981 -0.3671822 0.0313108 -0.0369213 -0.0892596 -0.4124762 -0.0591915 -0.0136353 -0.0934433 -0.2923512 0.0781487 0.3188803 0.1746182 -0.0445969 -0.0230814 0.2665518 -0.1741689 -0.0173374 -0.0023927 -0.2239593 0.0925938 -0.1800791 0.0520380 0.0215079 0.0150503 -0.2214928 0.1258951 -0.1549581 -0.0663523 0.0206548 0.0145928 0.0225405 0.0526259 0.2183030 -0.1311001 -0.0954958 -0.0505211 -0.1193681 -0.0550668 0.0814951 -0.0705267 -0.2626875 -0.0242665 -0.1071941 -0.1732708 -0.2226033 -0.1750822 -0.1232601 -0.0817594 -0.4078381 -0.2157973 -0.1002730 -0.2895020 -0.1520174 0.0635639 -0.0855426 0.1192410 0.2191045 0.5041741 0.3459153 -0.0577683 -0.4590108 0.1528030 0.3542937 0.1716419 -0.0596667 -0.4265356 -0.1114850 0.2071449 0.0056577 -0.2020324 -0.5263732 -0.2015291 -0.1727266 0.0299067 -0.2004665 -0.0076365 -0.0467117 0.1638991 -0.1312121 -0.0515352 0.0278726 -0.0086298 -0.0950895 -0.0314469 0.0002595 -0.1038508 -0.2798667 -0.0247449 -0.1040169 -0.1708692 0.0580137 0.0470629 0.0904722 -0.0204979 0.1139775 0.1392219 0.1878976 0.4731556 0.0630125 0.0817276 0.3433867 0.1175808 0.1654020 0.2993813 0.1835346 0.2633603 0.1243466 0.2858535 -0.1807338 -0.4473996 0.1803478 -0.1376815 0.2654595 -0.0155388 0.0611270 -0.1887356 0.0374711 -0.1480503 0.0624663 -0.4004474 0.0013433 0.0796681 0.3256037 0.0723278 -0.2341310 -0.2782776 -0.2421574 -0.1691459 -0.0162373 -0.2925861 -0.1563882 -0.2208937 -0.4355617 -0.1290971 0.1863932 -0.3416866 -0.2413589 -0.0113997 0.0435077 -0.4963581 -0.4421604 -0.0653983 -0.3582504 -0.1405762 -0.0992121 -0.1927745 -0.2094777 -0.0331751 0.6745534 0.4939100 0.1686496 0.3373374 0.2774355 0.3289811 0.3790472 0.2211013 0.3658899 0.2564279 0.1797663 -0.0046321 0.1781120 -0.1419140 -0.0532603 -0.0367503 -0.1731714 -0.1325077 0.1158268 -0.0039110 0.0657345 -0.0745458 0.0237607 0.3671514 0.0251704 -0.0252354 -0.0260610 0.1876592 0.2771195 0.1019799 0.5166420 0.3760734 0.0188048 0.0072048 0.0308795 0.1749465 0.2871256 0.1063452 0.3096769 0.4013992 0.1845273 0.1324862 0.1221522 0.1367550
0.7483850 0.0000000 0.6774818 0.4521696 0.2328551 0.7630679 0.6797714 0.5681380 0.3469579 0.3356815 0.4782194 0.4966220 0.4614273 0.3320755 0.4668117 0.4514194 0.1654866 0.3614206 0.4278329 -0.1257872 0.2978371 0.1658157 0.4500368 0.2951738 0.1263034 0.3179114 -0.0897483 0.3309596 0.4217337 0.2543998 -0.4550653 0.0161029 0.2561673 0.2821312 0.0034007 0.3286926 0.2451978 0.3158558 0.4545745 0.4346402 0.2495850 0.2783068 0.3303407 0.4293624 0.0814664 0.2056837 -0.1072350 0.1509430 0.4387730 0.1557260 -0.0346461 0.5747279 0.3247382 0.2352435 0.0928915 0.2434991 0.0730905 0.4476019 0.3291068 0.0003003 0.2635207 0.1866896 -0.1241213 0.4364546 0.3474955 -0.0635813 -0.0490975 0.3875084 0.1164786 0.3082020 -0.0003647 0.2116654 0.3073640 0.0165116 -0.1873694 0.2226898 0.0675951 0.0869596 0.3501652 0.2410877 0.3278501 0.3210276 0.3955826 0.5403374 0.4068350 -0.0284850 -0.4406471 0.3668793 0.5155971 0.1246657 -0.1749202 -0.4765109 0.0221676 0.3528009 0.1873675 -0.1090257 -0.6819522 0.0847756 -0.2112883 0.0907725 -0.2550775 -0.0407711 0.1197819 0.1684087 -0.2074104 0.0511373 0.0555146 0.0837302 0.0405529 -0.0111630 -0.1540422 0.0119395 -0.1801086 0.0450012 0.0041560 -0.0983741 0.0286767 -0.0061225 0.1948520 -0.1351521 -0.0221627 0.1338408 0.0392871 0.2787497 -0.0737674 0.3263158 0.4266592 0.0247942 0.4586018 0.3506854 0.2094279 0.1770641 0.3362199 0.2261986 -0.2094269 -0.2462061 0.3126241 0.0896941 0.3395600 0.1016733 -0.0550276 0.0237320 -0.0113636 -0.1539599 0.3866111 -0.3491697 -0.0361057 0.1007517 0.1895883 0.1091213 -0.2169294 -0.2141383 -0.1631087 -0.2054120 0.0232357 -0.3558359 -0.1929007 -0.1246091 -0.3944597 -0.1884876 0.3680173 -0.2403287 -0.3848999 -0.0783357 0.1540108 -0.5662152 -0.4403214 -0.2183619 -0.4456717 -0.0779394 -0.1130962 -0.3546756 -0.0686340 -0.0858659 0.7299441 0.4922682 0.1500252 0.3041818 0.2650761 0.4321238 0.6034776 0.4221994 0.4972330 0.3928020 0.1785437 0.0270790 0.0538226 -0.2918534 -0.1610737 -0.1468675 -0.2266823 -0.2156505 -0.0855888 -0.0051023 0.2300362 0.1258037 0.1418853 0.1874251 0.2162949 0.1823272 -0.2348700 0.1478304 0.1102607 -0.0855677 0.5310651 0.6103774 0.2366564 -0.0953676 -0.0221736 0.2219324 0.1526961 0.0186544 0.3991575 0.3767971 0.2840362 0.1007431 0.0313806 -0.0063749
0.5156341 0.6774818 0.0000000 0.1888944 0.6465572 0.5006586 0.6167392 0.4488470 0.0923361 0.0007958 0.2129136 0.4455817 0.6362376 -0.0521312 0.3329439 0.2870005 -0.2395015 0.2943178 0.2362196 0.2745922 0.2394644 0.1238856 0.4201585 0.0946757 0.1242769 0.4534363 -0.2716661 0.1165185 0.0686833 -0.0782461 -0.2056800 0.1926850 0.1049244 -0.0567555 0.2031273 0.1866911 0.3751262 0.2361497 0.4498492 0.4484465 0.3499869 0.1497194 0.4260915 0.1990196 0.1286605 0.3706848 0.2553560 0.1731020 0.0518436 0.2105334 0.2748550 0.5090442 0.2466020 -0.0600752 0.1870332 0.5523890 0.4528492 -0.0425358 0.2184677 0.2192695 0.3200779 0.0816671 0.0854160 0.3041039 0.4708279 0.3081813 -0.0593962 -0.0757241 0.4768583 -0.1194344 0.1436875 0.2134730 -0.0184844 0.1256985 0.0671022 -0.1502632 0.0966179 0.0630708 -0.0005276 0.1461031 0.1452146 0.4871051 0.6650662 0.7526026 0.6609556 0.2761701 -0.1386049 0.5896004 0.7279012 0.4017455 0.2600178 -0.5284021 0.2682458 0.3333334 0.3836562 -0.1823136 -0.2707818 0.3622257 -0.1885441 -0.1367202 -0.2003121 0.2891019 0.4189595 0.1212959 0.0613976 0.2661813 0.3184083 0.3925188 0.3520455 0.3643563 0.1622837 0.3692350 0.1841332 0.2612684 0.1811976 0.2496123 0.1697876 0.0211499 0.2927239 -0.1561183 0.0127436 -0.0106748 0.0441919 0.1956350 0.0822788 0.2486004 0.3129985 0.0417682 0.4788659 0.2624549 0.3888870 0.0298120 0.2426244 0.2787898 -0.0530731 -0.0424145 0.4346243 0.5094112 0.6157600 0.2366998 0.1579938 0.3011289 -0.0758238 0.2501843 0.6086233 0.0227662 0.3428894 0.3932705 0.0255814 0.2151426 -0.0337507 0.1688346 0.2450568 0.0295583 0.1011729 -0.0088719 0.0523217 0.0894072 -0.2637202 0.0946051 0.3622216 -0.0864692 -0.1560373 0.2163932 0.2116587 -0.1617391 -0.1576935 -0.0489039 -0.1220273 0.0859970 -0.0270398 -0.1971190 0.0563472 -0.1716704 0.4709476 0.2109994 -0.0480678 0.0928892 0.1695352 0.3234908 0.4848324 0.3082265 0.3700795 0.3239583 0.1615496 0.0977407 0.1079704 -0.2919812 -0.1023050 -0.0439405 -0.2974513 -0.0002587 -0.1409486 -0.0148780 0.1370286 -0.0840008 -0.3109890 0.2613181 0.2134555 0.2286055 0.2184269 0.3374818 0.2746608 -0.1135760 0.4663649 0.1863722 0.5277630 -0.0032911 0.3714354 0.4957278 0.4179232 -0.0659570 0.1898530 0.1953357 0.3916180 0.1154162 0.3185787 0.2520616
-0.0464754 0.4521696 0.1888944 0.0000000 -0.1573039 0.7667654 0.5777366 0.7459749 0.8125129 0.8485075 0.6947796 0.7083809 0.2320364 0.7480921 0.7340902 0.6777657 0.7791478 0.6922141 0.5102004 -0.0663020 0.4172108 0.2955037 0.5078348 0.6995226 0.3588087 0.1664919 0.4695585 0.6613460 0.8218357 0.7502956 0.1151000 0.0092636 0.5302778 0.7242554 0.0683823 0.3886818 -0.1150121 0.2574540 0.4700261 0.3811443 -0.0980317 0.4338260 0.2164672 0.3511174 0.1856276 0.0327637 -0.1532746 0.0616418 0.6823324 0.1661179 -0.0452593 0.3398183 0.8348625 0.1635178 -0.0086144 0.1676332 -0.0553636 0.3864319 0.4219629 -0.1049390 0.5217842 0.0781888 0.2000356 0.7529286 0.2933612 -0.0030151 0.1284320 0.3868719 0.2974643 0.7215552 0.1319593 0.7984085 0.5233830 0.2899777 0.0443170 0.6948310 0.4996284 0.2622901 0.4142072 0.3336007 0.2223580 -0.0077515 0.0656303 0.1011986 -0.1202703 -0.0810812 -0.2865981 0.0803437 0.2053928 -0.3083256 -0.2239618 0.0961225 0.2509554 0.2272263 0.2015069 0.1136360 -0.1423837 0.4229671 0.0419899 0.3629027 -0.2296391 -0.1405250 0.1595664 0.0993049 0.0093112 -0.0430756 -0.0360940 0.0793657 0.1557175 -0.1184977 -0.2966224 -0.0393236 0.0271162 0.0264016 -0.0459440 0.0907780 -0.0633847 -0.0388565 0.2328144 0.0553461 -0.1208516 0.0709226 -0.2078220 0.2784796 -0.0925947 0.6082729 0.1542978 0.0663610 0.5241698 0.1922256 -0.0391049 0.0910668 0.2822847 0.1140762 -0.1478249 0.2510804 0.1099930 0.2800844 -0.0342852 0.4649040 0.0245480 0.4526968 -0.2393802 -0.0061310 0.3949826 -0.1339513 -0.1022259 -0.0484448 0.1110601 0.2618082 0.1604909 0.0895020 0.0667615 0.1506552 0.0101837 -0.2576621 -0.0241044 0.3811855 0.0176172 -0.1335945 0.3599023 0.3620182 -0.4558167 -0.0052987 0.4140039 -0.0635393 0.2163055 -0.0185312 -0.2101400 0.3396471 0.3243097 -0.0091934 -0.2579153 -0.1963089 0.2756060 0.4412937 0.2120804 0.1367114 0.0501500 0.1519392 0.3840260 0.3975370 0.4188529 0.4788684 0.3670305 0.0330905 0.1670079 -0.0134175 -0.0322963 0.0017254 0.2247701 -0.0768373 -0.2090434 0.4235559 0.6440977 0.6198789 0.5377211 0.1600053 0.2202976 0.5300666 -0.2665297 -0.0684904 0.0692820 -0.0766009 0.0772572 0.2964515 0.3501024 0.0873930 -0.2301943 0.0576704 0.0236638 0.0832325 0.2037757 0.2753228 0.3284346 0.1437370 -0.1756402 -0.1233589
0.2460328 0.2328551 0.6465572 -0.1573039 0.0000000 0.1206592 0.2689326 -0.0912424 -0.3468719 -0.3810248 -0.0949756 0.1909072 0.1250330 -0.4632599 -0.1176986 -0.0823958 -0.4640669 -0.1617330 -0.2131819 0.2697423 0.1345476 -0.3246706 0.1280832 -0.3448833 -0.2099330 0.0656369 -0.3598807 -0.2559432 -0.3064355 -0.3970506 -0.1448616 -0.1705397 -0.3900835 -0.4888017 0.1446049 0.2369173 0.0351014 -0.1826610 0.0877460 0.2232491 0.0575309 0.1215806 0.1258922 0.0059433 0.1041946 0.0649939 0.0984137 -0.2203672 -0.4312871 -0.0401719 0.1494337 0.1697433 -0.2118007 -0.0138013 -0.1730623 0.1936868 0.1739050 -0.2093871 -0.0579396 -0.0073813 0.0768034 -0.0190884 0.0109296 -0.1407061 0.1775249 0.0975855 -0.1046988 -0.2112041 0.1304633 -0.4371930 -0.0814065 -0.0946165 -0.2182000 -0.0224512 -0.1084880 -0.4347442 -0.1285615 -0.1286865 -0.0995748 -0.0278693 0.0892675 0.4134277 0.5511496 0.6178450 0.4509153 0.2830356 0.3728039 0.3889919 0.5446526 0.3379151 0.4946796 -0.0533603 0.1261006 0.0945982 0.3759275 0.2849285 0.0570422 0.1165329 0.0932677 -0.1348172 0.0162639 0.2271052 0.3603034 0.0213390 0.3757720 0.3974340 0.0956933 0.3644420 0.4632895 0.2282465 0.3634685 0.2949370 0.4282532 -0.0017385 0.1661020 0.0748784 -0.0657194 -0.1797546 -0.1289905 -0.0831435 -0.0498717 -0.2682920 0.0243069 0.0629641 0.1877101 0.0185668 0.0303499 0.0129958 0.2647560 0.0718790 0.3412005 -0.1542299 0.0150352 0.1666833 0.0974791 -0.0926338 0.3166667 0.3158309 0.4273985 0.1126452 -0.1041314 0.1585868 0.3811818 0.1144327 0.2104098 0.0525558 0.0992996 0.0515914 -0.1559552 0.0821859 -0.0801201 0.0777955 0.0696682 -0.1083313 -0.0822037 0.2368252 0.1599534 -0.2455116 -0.1130162 0.1636453 -0.1696154 -0.1579405 0.3953118 0.1518272 -0.2335031 -0.0820572 -0.2170144 -0.1619029 -0.0159421 -0.0658539 -0.3691258 -0.1841385 0.0899143 -0.0644174 0.1314992 -0.0606326 -0.0113205 0.0168514 0.2644638 0.2920633 0.1828041 0.1467234 0.0742185 0.0916004 -0.0768481 0.0475939 -0.0570485 -0.2176505 -0.0561602 0.0694622 -0.1548282 0.1857591 0.1122371 -0.1314381 -0.1003451 -0.3231254 -0.5647877 0.1469506 0.0930874 0.0092239 0.3030105 0.3305773 0.2476128 -0.0570177 -0.0523121 -0.2428097 0.1635903 -0.3519614 0.3999651 0.4337813 0.3428544 -0.1370675 -0.2698856 -0.1181828 0.0017958 -0.3776312 0.2237554 0.1789251
0.3211979 0.7630679 0.5006586 0.7667654 0.1206592 0.0000000 0.7165358 0.6999313 0.5894521 0.5474764 0.6991520 0.6152952 0.3444122 0.4890774 0.6010728 0.7187187 0.4765417 0.4661265 0.6825475 -0.1883592 0.4779864 0.3675537 0.6600760 0.4100047 0.3884618 0.3580532 0.1197613 0.3526228 0.7226368 0.4191215 -0.1725720 0.1688995 0.2674869 0.4413023 0.3299566 0.6066089 0.1598218 0.4660390 0.5719191 0.5083622 0.2871261 0.6062734 0.4551031 0.4451222 0.2881049 0.1703733 -0.0204247 0.3134802 0.5635818 0.3409857 0.1692968 0.6343336 0.5390379 0.4675198 0.1970487 0.3184090 0.1556353 0.5488416 0.5388238 0.1223091 0.5605274 0.4658218 0.0113730 0.6223406 0.3132640 0.1243372 0.3345621 0.5945692 0.3226460 0.6367594 0.3255422 0.4892619 0.6318334 0.0762431 0.0525936 0.6291079 0.2097831 0.2816496 0.5059972 0.2956739 0.3019256 0.0686734 0.3858151 0.5351136 0.3709133 0.1513221 -0.1645694 0.3850353 0.5404883 0.1409038 0.0293286 -0.1830918 0.4235877 0.5665075 0.3620630 0.1819570 -0.3398897 0.4895901 0.0695109 0.4090194 0.0378544 0.0562159 0.3147206 0.3226902 0.1251655 0.2532124 0.2165292 0.3334957 0.2088980 0.2001622 0.0183837 0.2038498 0.0944458 0.2358535 0.2271773 0.2119341 0.1571515 0.1108271 0.3894786 -0.0193058 -0.0309796 0.0870335 -0.0624007 0.2643835 -0.2106369 0.6132032 0.3325967 0.0921507 0.5516496 0.3268714 0.0369625 -0.0383087 0.4823606 0.2779256 -0.3905212 0.1025483 0.1702834 0.2825126 0.0954695 0.3677738 -0.1558487 0.3552565 -0.1857586 0.0092126 0.4009385 -0.1695056 -0.2118914 -0.1063044 -0.0204528 0.1789958 0.0034460 0.0324961 -0.0394862 -0.1254886 -0.0846382 -0.1813115 -0.1203498 0.1268878 -0.2090474 -0.0928432 0.2762629 0.1323464 -0.3441480 0.0290328 0.1789808 -0.2480529 -0.1334158 -0.1599325 -0.2220961 0.1666550 0.0737894 -0.2094485 -0.1296913 -0.2743023 0.4874512 0.4308283 0.2373236 0.3140609 0.3324011 0.4844934 0.6996857 0.6299416 0.7016406 0.6744153 0.3997099 -0.0275773 0.1875262 -0.2105072 -0.1986271 -0.2085473 -0.0409201 -0.1906052 -0.3484626 0.2246232 0.5188006 0.4275470 0.3133466 0.0615838 0.1172426 0.4903739 -0.3151701 0.0219458 -0.1138793 -0.3762472 0.2245254 0.3791680 0.3324984 -0.0436175 -0.1999696 0.0546635 -0.1418111 -0.0564818 0.1665437 0.1198391 0.1903877 -0.0000601 -0.0490915 -0.0617877
0.5262304 0.6797714 0.6167392 0.5777366 0.2689326 0.7165358 0.0000000 0.5766974 0.4343304 0.3178953 0.2413189 0.8887612 0.6248751 0.2235190 0.5384010 0.3648370 0.1308269 0.4387808 0.4152454 0.2445667 0.6174964 0.4009472 0.3103481 0.3763676 0.3357775 0.2170369 -0.0541070 0.3882407 0.4044937 0.3187955 0.1805012 0.1230948 0.2558591 0.2414114 -0.0379393 0.3169277 0.0823786 0.2635358 0.2600485 0.3084126 0.3027516 0.0452726 0.2065341 0.2340966 -0.2442846 0.0295636 -0.2642915 0.0672777 0.2614694 0.1136098 -0.1189528 0.2114543 0.4091258 -0.0291080 -0.0750693 0.1362531 0.0098472 0.0165006 0.2136410 -0.2024626 0.2579083 -0.0601966 0.1898329 0.4437703 0.3845083 0.0238726 -0.2229842 0.0398737 0.2208287 0.1735937 -0.1696050 0.5163153 0.0934091 0.4141767 -0.2668824 0.1817678 0.4765131 -0.1920141 -0.0290751 0.3133870 -0.0480859 0.1130101 0.3790422 0.5901641 0.1468093 -0.0414064 -0.2476293 0.0297395 0.3644996 -0.0959938 0.0198567 -0.1767648 0.2979121 0.2268751 0.2342269 0.0578483 -0.2393278 0.3244721 -0.1250621 0.1261279 -0.3111448 -0.0518197 0.0927990 0.0566324 0.1064691 -0.0109495 -0.0078752 0.1955405 0.0191672 0.0635603 -0.1107349 -0.0631504 -0.0696538 0.0387139 -0.0831603 0.0987043 -0.0178338 -0.1390898 0.1368283 -0.2385931 -0.2961829 -0.2109986 -0.4085254 0.3360774 -0.2686511 0.2975955 -0.0031382 -0.1696651 0.2997049 -0.0162467 -0.1348244 -0.1798703 0.0009266 0.0458702 -0.3718547 -0.2781764 -0.0509829 0.2653756 0.1252480 0.3378799 -0.1333825 0.3377888 -0.3425748 -0.1922816 0.3152792 -0.4528030 -0.0263130 0.0691938 0.0097143 0.0594327 -0.2915239 -0.0820669 -0.0645807 -0.1759204 -0.2877457 -0.4355793 -0.1864226 0.0443709 -0.3221181 -0.2985538 0.1401043 -0.0830347 -0.4899041 -0.0774930 0.0902012 -0.3361842 -0.1432618 -0.0880645 -0.2573906 0.0722002 0.1230718 -0.1225492 -0.0621887 0.0950421 0.7908498 0.8138485 0.5332410 0.5177497 0.4161301 0.3816694 0.4546287 0.4661426 0.3776806 0.4438374 0.1929295 0.2196979 0.3096045 0.1710237 0.3122983 0.3375642 -0.0831129 0.1735659 0.1079145 0.3720250 0.3994406 0.2984999 0.1343161 0.5088754 0.3161275 0.1707608 0.0743180 0.1996655 0.2003085 0.0798149 0.5001969 0.1786729 0.2259798 0.2333483 0.1739364 0.4367858 0.2542223 0.4090450 0.4399386 0.4905872 0.3465783 0.2976480 0.2978926 0.2334886
0.2208772 0.5681380 0.4488470 0.7459749 -0.0912424 0.6999313 0.5766974 0.0000000 0.5616767 0.6569158 0.7828109 0.6806258 0.6156247 0.5317554 0.5834773 0.8114948 0.5311397 0.5017791 0.7319848 -0.1230935 0.6288851 0.4041060 0.6169199 0.5106124 0.4391251 0.5190706 0.2174602 0.4101460 0.6343309 0.4391684 -0.1763868 0.3253587 0.3940078 0.4942998 0.2206415 0.5128750 0.2730815 0.5704486 0.5269094 0.4303979 0.2069404 0.2731230 0.4602548 0.3474867 0.0992043 0.4072724 0.0516954 0.3291673 0.6263885 0.3314351 0.1379394 0.5004085 0.8129529 0.1105231 0.2744026 0.4430194 0.2202383 0.3638950 0.3701200 0.1463099 0.5156842 0.1118483 0.3421069 0.8781477 0.6998992 0.0681218 0.1824657 0.3764135 0.5502952 0.6366379 0.2497973 0.7956532 0.5996427 0.5062000 0.1170740 0.6395257 0.6454514 0.2361101 0.2628562 0.6374568 -0.0228173 -0.1796435 0.3581797 0.3901406 0.0693257 -0.1401309 -0.5571805 0.1071750 0.2861303 -0.2181969 -0.2884543 -0.1192913 0.2099799 0.1680265 0.1544396 -0.0355817 -0.3483576 0.4393129 -0.0241952 0.1753240 -0.3665854 -0.1096396 0.3000207 0.0553358 -0.0208005 -0.1319338 0.0090000 0.2462290 -0.0000428 -0.0393267 -0.2755593 -0.0767648 0.2118955 0.0614009 -0.0245368 0.3014128 0.0877031 -0.0294082 0.4094224 -0.0528608 -0.1028563 0.2290140 -0.1160002 0.3564707 -0.1239327 0.6666938 0.4726319 0.3274703 0.6041198 0.3718591 0.1084205 0.3116896 0.4822437 0.1803072 -0.2757948 0.3782867 0.1844753 0.2452191 0.0969253 0.6142499 0.2748722 0.4731402 -0.2327655 0.0528536 0.3406581 0.0719749 -0.0120089 0.1648352 0.2855326 0.4135673 0.1620690 -0.0238015 -0.0176198 0.3086341 0.2914087 -0.2280474 -0.0394821 0.5131811 -0.1094968 -0.0349781 0.6762187 0.2462121 -0.4702660 -0.0052241 0.5248398 -0.0627261 0.1663593 -0.0151175 -0.4128482 0.2307915 0.3287891 -0.1448380 -0.0812315 -0.2347451 0.4470061 0.4840866 0.2892079 0.3554697 0.2914510 0.4037749 0.5755210 0.6022669 0.5558777 0.6350773 0.3271649 0.2202432 0.0867006 -0.0748971 0.0418450 0.0595595 0.1104711 0.1327428 -0.2077297 0.6260151 0.7459400 0.6674898 0.3478281 0.3513447 0.3174556 0.4951973 -0.1870990 -0.2514415 0.0417506 -0.1348035 0.2726948 0.2092720 0.3922717 0.2975145 -0.1694584 0.0172202 0.0540713 0.1212496 0.1393215 0.5135409 0.5074410 0.2279034 -0.1760349 -0.1475572
-0.0158217 0.3469579 0.0923361 0.8125129 -0.3468719 0.5894521 0.4343304 0.5616767 0.0000000 0.8480145 0.4519638 0.5634914 -0.0053885 0.8616179 0.8913820 0.3657937 0.6644716 0.8160896 0.3174617 -0.2547163 0.2066262 0.1141098 0.1663869 0.9060002 0.1494031 -0.0778893 0.3887054 0.8237788 0.8811183 0.8043322 0.0202129 -0.1387992 0.7829977 0.8972466 -0.1978142 0.2011904 -0.2045942 0.0424229 0.2803663 0.1430909 -0.1680951 0.3149483 0.0194721 0.1297837 -0.0306584 -0.0738538 -0.2064861 -0.0681882 0.7255486 -0.0899109 -0.1615503 0.1831038 0.7759258 -0.0273778 -0.1709347 -0.0422592 -0.1404474 0.3085578 0.4183627 -0.1816120 0.2041394 0.0361393 -0.2072711 0.6152592 0.0091965 -0.0581526 0.0147006 0.2640900 -0.0123405 0.6287295 0.0005386 0.6058038 0.2948624 -0.0214570 -0.1740551 0.5126844 0.2981524 0.1007599 0.2565872 -0.0789846 0.2298642 -0.0965982 -0.1753968 -0.0710784 0.0236870 -0.0010465 -0.3107320 0.1540106 0.0508301 -0.2359664 -0.3872834 -0.0558892 0.2813117 0.3515875 -0.1294701 -0.0969549 -0.2151136 0.3902734 -0.1288582 0.3143142 -0.1056326 -0.0766161 0.1589333 0.0992886 -0.0727764 -0.1310501 0.1177158 0.0378035 0.0025065 -0.0057693 -0.1566165 0.0681141 -0.0743020 0.2870121 0.1449618 0.1938534 0.1804695 0.2334857 0.4052512 -0.0097224 -0.0890038 0.0745890 -0.1969425 0.1835727 -0.2733010 0.3260551 0.1160097 -0.0908073 0.2349364 0.0886214 -0.2674293 -0.0118896 0.1893277 0.1013395 -0.2231605 0.1509001 -0.0589982 0.1242357 -0.1922962 0.3428859 -0.0212615 0.3343555 -0.5423672 0.0654244 0.3678391 -0.1231945 -0.1385784 -0.0609940 0.0588068 0.0954495 0.1062177 0.0855913 0.0815158 0.0830381 -0.1696952 -0.4043897 -0.2853076 0.4032255 -0.2633381 -0.3024077 0.3222798 0.2598541 -0.6686185 -0.1657564 0.3868534 -0.0314417 0.1977592 -0.0151607 -0.1779304 0.2502781 0.3676161 -0.0171576 -0.1473129 -0.0557337 0.2009056 0.2927124 -0.0128046 0.0927222 -0.1405912 0.0382722 0.4038180 0.3312761 0.4050418 0.4240878 0.3305840 -0.3484996 0.0658269 -0.2789238 -0.2057097 -0.1793155 0.0025408 -0.3148178 -0.2634087 0.2194816 0.3527867 0.4083942 0.5605131 -0.0083810 -0.1405115 0.4310975 -0.3052335 -0.1194695 -0.0843608 -0.1191095 -0.0336859 0.2813554 0.3249981 -0.0014675 -0.3214125 -0.1631768 -0.0645055 0.0195252 0.1717016 0.0995619 0.1534650 0.0545029 -0.2029723 -0.0803574
-0.1509798 0.3356815 0.0007958 0.8485075 -0.3810248 0.5474764 0.3178953 0.6569158 0.8480145 0.0000000 0.7202822 0.5328557 0.0030251 0.9366732 0.7677999 0.6234082 0.8947675 0.8034070 0.3147369 -0.3524409 0.3454915 0.0729375 0.4212286 0.7963078 0.0699298 -0.0515661 0.5542212 0.7845902 0.8418841 0.8494233 -0.0763102 -0.1717869 0.6826577 0.8520389 -0.0792388 0.2978936 -0.3022283 0.0754530 0.4419558 0.3600015 -0.2560207 0.4154686 0.1035664 0.4153482 0.0074623 -0.0686658 -0.2729280 -0.0920386 0.8330725 -0.0479654 -0.1752342 0.2901446 0.8305193 0.1669615 -0.1747106 -0.0111333 -0.2721819 0.5039762 0.3180887 -0.2140189 0.2608038 0.0194405 -0.0370802 0.7535508 0.2723533 -0.2635085 0.0468442 0.4500922 0.0806552 0.7490885 0.0162928 0.7292480 0.5232896 0.2246949 -0.0904081 0.6533033 0.4885144 0.2297489 0.4442932 0.2235223 0.2898282 -0.1195676 -0.1003050 -0.1339633 -0.1500968 -0.2821314 -0.4429668 0.0431648 -0.0219527 -0.4302922 -0.5637094 -0.0024583 0.0043752 0.1954433 -0.0749827 -0.0047449 -0.3611871 0.2380418 -0.1888235 0.2934455 -0.2668759 -0.3524798 -0.0553398 0.1144110 -0.2636239 -0.2990441 -0.1377028 -0.1395906 -0.1791120 -0.2589320 -0.4702713 -0.1579285 -0.1039750 -0.0388093 -0.1207701 0.0015316 -0.1501328 -0.1015163 0.1603884 -0.2258238 -0.3381853 -0.0330352 -0.3322987 -0.0209899 -0.3270259 0.3523536 0.1057013 0.0238774 0.3586891 0.0364745 -0.1830988 0.2147422 0.1620611 -0.0581881 0.0174274 0.2757482 -0.0147612 0.1169454 -0.1277752 0.3731076 0.1544108 0.3371436 -0.2564620 -0.0663428 0.3539762 -0.0413769 -0.0769841 0.0934627 0.3046874 0.1922680 0.0922330 -0.0110099 0.0309626 0.2796719 0.0797968 -0.3948129 -0.1079294 0.4739726 -0.0170358 -0.2631950 0.5412910 0.2950805 -0.5412858 -0.1908631 0.5165451 -0.0950626 0.3099640 0.0986461 -0.2385401 0.3197021 0.4238165 0.0121812 0.0567041 0.0689553 0.2108404 0.2698948 0.1685431 0.1878242 0.0413790 0.1876402 0.3763000 0.4060977 0.3298973 0.3522441 0.1857722 -0.0891752 -0.0361583 -0.1120061 -0.0457078 0.0111346 -0.0273623 -0.0849817 -0.1370420 0.2556621 0.4081898 0.4791618 0.5228253 0.0019747 0.1173932 0.3293861 -0.5055414 -0.4176961 -0.2387588 -0.1494392 -0.0838695 0.3124868 0.2455237 -0.0421705 -0.4179014 -0.2135180 -0.2125353 0.0018685 0.1893672 0.2853496 0.3925937 0.0325525 -0.3479303 -0.2918958
-0.0490286 0.4782194 0.2129136 0.6947796 -0.0949756 0.6991520 0.2413189 0.7828109 0.4519638 0.7202822 0.0000000 0.3653469 0.1916990 0.6131368 0.4003143 0.9336538 0.7519522 0.3853194 0.6173220 -0.4649935 0.5076065 0.1417940 0.8291662 0.3209182 0.2330319 0.3974184 0.3686857 0.2601577 0.6628364 0.4229936 -0.3723028 0.1694824 0.2036031 0.4485668 0.4591067 0.6877147 0.1069927 0.4745476 0.6656685 0.5667792 0.1139271 0.6991604 0.4978558 0.5387681 0.3977106 0.2876923 0.0824820 0.3019385 0.6695811 0.3580486 0.2607278 0.6772458 0.6469566 0.5506168 0.2759125 0.3765250 0.1219530 0.7082508 0.4513558 0.2366834 0.5766953 0.4392246 0.1798776 0.7667472 0.5377097 -0.0021108 0.4860072 0.7301672 0.4482847 0.7778713 0.4306478 0.5872786 0.8730456 0.2480136 0.2489213 0.7709725 0.3613223 0.4580383 0.6054069 0.5251537 0.2569820 -0.1001824 0.3304251 0.2462444 0.1164233 -0.1029520 -0.3438007 0.2793011 0.2792527 -0.1162094 -0.2830138 -0.0863021 0.1383246 0.2873673 0.2101452 0.1595027 -0.3806766 0.3787684 -0.0136401 0.2880198 -0.1105979 -0.1451251 0.2642308 0.2132783 -0.0493773 0.0096881 0.0132409 0.2229293 0.0485044 -0.0671696 -0.2608335 0.0184239 0.2698828 -0.0062059 0.0431988 0.1961912 -0.0221413 -0.0783055 0.3065510 -0.0888083 -0.1140674 0.2070707 -0.0338476 0.0873890 -0.1554284 0.6782382 0.4872776 0.3578010 0.6766335 0.4403328 0.2096101 0.3465176 0.6122295 0.1986802 -0.0658155 0.4812001 0.3136167 0.2609003 0.1325145 0.5313163 0.1697728 0.4494632 0.0990189 0.0906091 0.3691852 0.2477293 -0.0593646 0.1319064 0.2640087 0.4279627 0.2487071 0.0468933 0.0343473 0.2858100 0.3911182 -0.0151704 0.1127916 0.3838990 0.1140151 0.0853290 0.5939220 0.3160351 -0.1452727 0.0266268 0.4329543 -0.0620783 0.1548253 -0.0070442 -0.2711592 0.2798806 0.2055145 -0.1183986 0.0867050 -0.2422934 0.1794213 0.1199487 0.1881821 0.2116953 0.3396951 0.5203671 0.5871005 0.6409266 0.5940786 0.5842586 0.2905241 0.1308807 -0.0095913 -0.1817131 -0.1898417 -0.1753584 0.0223607 -0.0274611 -0.3596398 0.3587927 0.6001958 0.5944659 0.3780541 -0.0991542 0.2162549 0.5140541 -0.4776059 -0.4364365 -0.2983581 -0.4439206 -0.0264718 0.2588229 0.3568348 -0.0791500 -0.3882846 -0.2366288 -0.3402581 -0.2132624 -0.0453150 0.1862567 0.3888423 -0.1366369 -0.3967870 -0.3637505
0.2727922 0.4966220 0.4455817 0.7083809 0.1909072 0.6152952 0.8887612 0.6806258 0.5634914 0.5328557 0.3653469 0.0000000 0.5228972 0.3944508 0.6501184 0.4434059 0.3316554 0.5420104 0.3877729 0.1531671 0.7577804 0.2441418 0.2794638 0.5478639 0.3006159 0.1549083 0.1379728 0.5355538 0.5610647 0.4739640 0.1793127 0.0488386 0.3897247 0.4169963 -0.0864715 0.4107789 -0.0400737 0.1807918 0.2862599 0.3203579 0.0691381 0.0434860 0.2098657 0.2687380 -0.3150166 0.0651095 -0.2961338 -0.0935863 0.3792660 0.0195622 -0.1425089 0.1649180 0.6460523 -0.1272952 -0.2223942 0.0842344 -0.0845180 0.0435927 0.1091247 -0.2596539 0.1953906 -0.1961375 0.1952442 0.6269493 0.4733887 -0.1187146 -0.2581402 0.0599230 0.1792887 0.2967926 -0.2971069 0.7692282 0.1714844 0.5522397 -0.3645589 0.2897357 0.7115197 -0.2509642 -0.0171936 0.3725052 -0.0877369 -0.0057239 0.3164323 0.4062550 -0.1022509 -0.2205748 -0.3234166 -0.1433649 0.1362818 -0.4057216 -0.2238156 0.0271826 0.2091154 0.0217759 0.0180284 0.1030730 -0.2396495 0.3465553 -0.1488220 0.0240761 -0.5130518 -0.2287637 0.1302123 -0.1685687 0.0567886 -0.2146712 -0.1982647 0.1692729 -0.0880740 -0.1095136 -0.2867283 -0.2319290 0.1000207 -0.0729324 -0.1692089 0.1331265 -0.1198387 -0.2513407 0.0735092 -0.3030994 -0.4432353 -0.2782978 -0.5661279 0.2560969 -0.3415467 0.3185304 -0.0500882 -0.1682357 0.2715409 -0.1039095 -0.2511097 -0.1568449 -0.0122748 -0.1300495 -0.3389779 -0.1068830 -0.1614096 0.1859774 -0.0518262 0.5107248 -0.0899977 0.4506739 -0.3538157 -0.2595148 0.2206331 -0.3570936 -0.1169014 0.0191158 0.0407768 0.0711285 -0.2422096 -0.1574295 -0.1221563 -0.0370297 -0.2582858 -0.4936185 -0.2602301 0.2136463 -0.3019061 -0.3900506 0.2013708 -0.0134888 -0.5216876 -0.2557633 0.1534700 -0.2423557 0.0242208 -0.1268907 -0.3899914 0.0709818 0.1949011 -0.1199839 0.0079066 0.1499012 0.6703805 0.7772300 0.5559859 0.5472786 0.3949079 0.3866375 0.4381895 0.5133840 0.2922045 0.4370964 0.0902191 0.1894965 0.1475453 0.1513483 0.3686104 0.4439256 -0.0060752 0.2841385 0.1375717 0.5650997 0.4874971 0.4491836 0.2017833 0.4901310 0.3116795 0.1941852 0.0395799 -0.0646220 0.1778208 0.1259322 0.2656712 0.0101971 0.1596788 0.2026842 0.1194293 0.2897262 0.2479221 0.4694678 0.2717405 0.5336662 0.3674989 0.1631114 0.0972018 0.0989834
0.4239801 0.4614273 0.6362376 0.2320364 0.1250330 0.3444122 0.6248751 0.6156247 -0.0053885 0.0030251 0.1916990 0.5228972 0.0000000 -0.1186593 0.1323953 0.4273806 -0.1367960 0.0879019 0.5551167 0.4761844 0.4654348 0.5991257 0.4006014 0.0328572 0.5797167 0.7109992 -0.1648958 -0.0152973 0.0225939 -0.0855369 0.1102926 0.6451784 0.0621913 -0.0716740 0.2664178 0.1223678 0.6149962 0.6173831 0.3752011 0.3179268 0.4342458 -0.2172316 0.5283416 0.1986338 -0.0525933 0.5456965 0.2979879 0.4699701 0.0528133 0.5260443 0.3091977 0.3303314 0.3258674 -0.1662059 0.4720326 0.6253477 0.5216196 -0.1565735 0.0121287 0.3324615 0.3192422 -0.0476024 0.5067690 0.3978587 0.6473783 0.3625396 -0.0442733 -0.0893571 0.6618571 0.0043677 0.1259673 0.4329932 0.1021764 0.5920550 0.2011886 0.1124951 0.5359970 -0.0151030 -0.1392998 0.5730152 -0.2506949 0.1758982 0.5848503 0.5590411 0.1094497 -0.0327216 -0.4455893 -0.0054897 0.3349211 0.0284171 0.0849433 -0.3528378 0.2012448 -0.0608762 0.2401277 -0.2998739 -0.1648880 0.3314302 -0.1042733 -0.2878673 -0.4978723 0.1061323 0.1959327 -0.1506229 -0.0858874 -0.0421310 0.0900435 0.2832774 0.0107895 0.1822968 -0.1550681 -0.0410661 0.0458541 0.0682235 -0.1626681 0.2465505 0.0895356 -0.0834180 0.2329692 -0.0818253 -0.0274677 0.0823668 -0.1134667 0.2948410 0.0685266 0.3144093 0.1663804 0.0490417 0.2968053 0.1500209 0.2249796 0.0792700 0.1533093 0.0306457 -0.2437395 0.0000229 0.1550322 0.3326599 0.3606987 0.3091169 0.2618883 0.3055803 -0.2473420 0.0166968 0.2868673 -0.0898232 0.3079040 0.3731679 0.0986458 0.1873379 -0.0986432 0.0025491 0.0704449 0.1047960 0.1720385 -0.1324145 0.0203768 0.2234417 -0.0897400 0.0106881 0.3820382 -0.0691481 -0.2794452 0.1308085 0.2580791 -0.0931205 -0.0298764 -0.0095814 -0.2522662 0.0487307 0.1569293 -0.1069797 -0.0476299 -0.1617297 0.5360652 0.5733018 0.3233995 0.3189656 0.2607178 0.2468206 0.2920772 0.2412854 0.1866222 0.2471020 0.0960925 0.4727049 0.2281217 0.2432414 0.3537951 0.3404490 0.0395849 0.3017797 -0.0231501 0.4355087 0.4094690 0.2857430 -0.0960673 0.5290939 0.4898202 0.1444551 0.3173302 0.1499659 0.3781880 0.1470077 0.7081676 0.1116744 0.2640637 0.5152557 0.3946077 0.4855045 0.4465569 0.3952568 0.4116876 0.5690022 0.5062346 0.5743994 0.3647723 0.2489656
-0.0872082 0.3320755 -0.0521312 0.7480921 -0.4632599 0.4890774 0.2235190 0.5317554 0.8616179 0.9366732 0.6131368 0.3944508 -0.1186593 0.0000000 0.7768560 0.4830432 0.8452649 0.8286333 0.2344879 -0.3796255 0.1564554 0.0009464 0.2924715 0.8634032 -0.0406371 -0.1175775 0.5621086 0.8472126 0.8399946 0.9030963 -0.0869501 -0.2369067 0.7971046 0.9368201 -0.1453289 0.1575338 -0.2859057 -0.0109639 0.4006024 0.2742645 -0.2120569 0.4320490 0.0421373 0.3965905 0.0607022 -0.1157006 -0.2535024 -0.1283338 0.9176263 -0.1661621 -0.1895526 0.2869339 0.7437754 0.1947343 -0.1828131 -0.0996781 -0.2657942 0.5915213 0.3963096 -0.1790226 0.2093447 0.1031155 -0.2083195 0.6404414 0.0816788 -0.2366050 0.0652331 0.4642802 -0.0626368 0.7324322 0.0082858 0.5318767 0.4505312 0.0107711 -0.1192484 0.5841211 0.2631331 0.2078016 0.4288030 -0.0092683 0.3399748 -0.0810965 -0.2587658 -0.2524550 -0.0612299 -0.2112676 -0.4056057 0.1223270 -0.0557900 -0.3158068 -0.5964621 -0.1263877 -0.0246762 0.2626539 -0.2049462 -0.1811119 -0.4378515 0.1301802 -0.3243973 0.2796505 -0.1911442 -0.2773339 -0.0671494 0.1177885 -0.3642774 -0.3094610 -0.0514110 -0.2060995 -0.2135614 -0.2081838 -0.4647271 -0.0994557 -0.2334961 0.0639189 -0.0120066 -0.0419815 -0.0086650 0.0813243 0.2474939 -0.1710952 -0.1674116 0.1232960 -0.2095325 -0.0430072 -0.3110480 0.2542190 0.2312858 -0.0152526 0.2238865 0.0658959 -0.2158023 0.2234536 0.2280812 -0.0708488 0.0532835 0.1296688 -0.0531072 -0.0116506 -0.1622297 0.1878149 0.1109191 0.1533031 -0.3255988 -0.0559503 0.3046534 -0.0613056 -0.0764834 0.0637224 0.3119616 0.0927450 0.1212927 0.0059050 0.0619446 0.2070527 0.0831723 -0.3643828 -0.1978232 0.4006299 -0.0608216 -0.2843086 0.4940379 0.2552600 -0.5485038 -0.2035255 0.5000230 -0.0872532 0.2659283 0.1688298 -0.1124632 0.2661561 0.4592664 0.1261355 0.0160859 0.0649327 0.1649314 0.1376004 -0.0240480 0.0484390 -0.1323171 0.0447604 0.2997353 0.2536742 0.3062497 0.2346016 0.2091529 -0.2074546 0.0004421 -0.1763235 -0.1767711 -0.1901953 -0.1773790 -0.3304652 -0.2546381 0.0922638 0.2550876 0.3855660 0.5558630 -0.1840313 -0.0536742 0.2526421 -0.4878427 -0.3786742 -0.2233864 -0.1539839 -0.0174395 0.4464494 0.2389570 -0.0212526 -0.4274394 -0.3135469 -0.2159524 -0.0819098 0.2333999 0.1544142 0.3144977 0.0659925 -0.3428769 -0.2021457
0.1085292 0.4668117 0.3329439 0.7340902 -0.1176986 0.6010728 0.5384010 0.5834773 0.8913820 0.7677999 0.4003143 0.6501184 0.1323953 0.7768560 0.0000000 0.3377695 0.5075111 0.9106991 0.3202018 -0.1735897 0.2694648 0.1435257 0.1379464 0.8848553 0.1621338 0.0349912 0.3882301 0.8703030 0.8422230 0.7694699 -0.0534882 -0.1003662 0.8016755 0.8193528 -0.1916280 0.1145451 -0.0993322 0.0791253 0.3651048 0.3809944 -0.0644335 0.2191540 0.1546368 0.3285162 -0.1501550 0.1064134 -0.1533271 -0.0422473 0.7070564 -0.1530976 -0.1279033 0.2880130 0.7652683 -0.1647238 -0.1806615 0.0849262 -0.0900597 0.2452642 0.2925009 -0.1699392 0.1175839 -0.0947587 -0.2574237 0.6259156 0.1386308 -0.1896353 -0.1762260 0.1574789 -0.0367717 0.4552543 -0.1057040 0.6413544 0.1958870 0.0511593 -0.3002159 0.3619390 0.3445053 0.0516717 0.2608466 -0.0712271 0.3080235 0.1026060 0.0067649 0.0189895 0.1168979 -0.1755001 -0.3500822 0.1797259 0.0857866 -0.2500860 -0.4394381 -0.0793925 0.0835610 0.2846695 -0.1997866 -0.1742284 -0.3720280 0.2392272 -0.3116250 0.1886778 -0.3043514 -0.2600453 0.0668462 0.0237629 -0.2562190 -0.2902983 -0.0481283 -0.0606496 -0.1274023 -0.0730865 -0.2910951 -0.0413543 -0.1399549 0.1389185 0.0522166 0.0322972 0.0271432 0.0475872 0.2213709 -0.2848051 -0.2655198 -0.1326449 -0.2599697 0.0262209 -0.4077930 0.2091864 0.0648259 -0.1081282 0.1487440 -0.0782844 -0.3545829 -0.0591206 0.0775850 -0.0626158 -0.1810768 0.0531319 -0.1645018 0.0621655 -0.1897841 0.2584537 0.0052667 0.2168524 -0.4934432 -0.0316301 0.3302401 -0.2013763 -0.1540097 -0.0125690 0.0650628 -0.0121595 -0.0050319 -0.0032242 0.0607113 0.0305842 -0.1620716 -0.4462546 -0.3723055 0.4095853 -0.3381481 -0.3110013 0.4139481 0.1537750 -0.7165488 -0.2160562 0.3712583 -0.1187992 0.1296872 -0.0210076 -0.1780931 0.1624311 0.3622465 -0.0268026 -0.0482183 0.0586423 0.3933007 0.3049066 -0.0407915 0.1817094 -0.1247161 0.0921231 0.4432946 0.3323822 0.3522499 0.3883214 0.1781241 -0.3033029 -0.0333105 -0.3237825 -0.1375856 -0.1123062 -0.2404536 -0.2371868 -0.1462823 0.1176926 0.2365507 0.2493466 0.3516452 0.1098578 -0.0979673 0.2579741 -0.2212705 -0.1061144 0.0098018 -0.0370778 0.0826822 0.3610915 0.2606390 0.0482975 -0.0746169 -0.0272425 0.0697522 0.1034257 0.2843249 0.2146668 0.2492210 0.1140942 -0.0788677 -0.0287202
-0.0411508 0.4514194 0.2870005 0.6777657 -0.0823958 0.7187187 0.3648370 0.8114948 0.3657937 0.6234082 0.9336538 0.4434059 0.4273806 0.4830432 0.3377695 0.0000000 0.6769856 0.3364565 0.7309727 -0.2224913 0.6040335 0.3463928 0.9176652 0.2245809 0.4314696 0.5724889 0.3542272 0.1570575 0.5877605 0.3609931 -0.1883544 0.4001911 0.1276560 0.3292687 0.6183927 0.6911591 0.2585122 0.6305330 0.7700991 0.6584172 0.1980989 0.6385809 0.6669636 0.6069456 0.3924407 0.3980838 0.2239498 0.4560092 0.5691367 0.5809046 0.4205323 0.7250814 0.6232716 0.5374160 0.4175692 0.5477187 0.2869278 0.5921152 0.3791391 0.3722711 0.6607912 0.4771772 0.3337617 0.7568566 0.6379756 0.1493538 0.5492217 0.6759844 0.6350713 0.7210599 0.5241331 0.6609477 0.8882063 0.4196856 0.3769352 0.8024089 0.5079812 0.4845847 0.5785657 0.6486526 0.1996501 -0.0677167 0.4702365 0.3628257 0.1202714 -0.0526271 -0.3193105 0.2138778 0.3336649 -0.0523718 -0.1243738 -0.1111551 0.2579611 0.2558947 0.3069034 0.1387897 -0.2885508 0.4983671 0.0448728 0.1819720 -0.1548093 -0.0883101 0.2933506 0.1752811 -0.0086902 0.0590410 0.0981256 0.3283478 0.0517463 0.0947141 -0.2224089 0.0773102 0.2979247 0.0692720 0.0614116 0.3144551 0.0395427 -0.0558231 0.3604098 -0.1212231 -0.1241494 0.1568453 -0.1239997 0.0733705 -0.1645429 0.6572619 0.3934764 0.2874353 0.6232004 0.3676143 0.2031451 0.2522343 0.5962438 0.1348845 -0.1127670 0.4942802 0.2411312 0.3638162 0.1592189 0.5534857 0.2177133 0.5266775 0.0270958 0.1168239 0.3926773 0.2565699 0.0270837 0.2110672 0.2280501 0.4083929 0.2228298 0.1358379 0.0806437 0.2986704 0.3628952 0.0563685 0.1519868 0.4466347 0.1910382 0.1242495 0.5760856 0.3221559 -0.0900261 0.1111401 0.4353092 0.0299826 0.2229839 0.0600275 -0.1956914 0.3237618 0.2656338 -0.0635422 0.1259103 -0.2775378 0.2215634 0.2203092 0.3154327 0.3357648 0.4313519 0.5673679 0.5830382 0.6518800 0.5611418 0.5780886 0.2518359 0.2813128 0.0729723 0.0001841 0.0043539 -0.0042733 -0.0036208 0.1260053 -0.3503937 0.4017676 0.6071970 0.5680698 0.2503003 0.0275888 0.3655466 0.4705287 -0.3052233 -0.4001627 -0.2199822 -0.4072814 0.0979365 0.2219590 0.3478326 0.0880871 -0.2130212 -0.0617732 -0.2365602 -0.0491040 0.0580138 0.2600087 0.4912669 0.0419305 -0.1521435 -0.1722662
-0.3037549 0.1654866 -0.2395015 0.7791478 -0.4640669 0.4765417 0.1308269 0.5311397 0.6644716 0.8947675 0.7519522 0.3316554 -0.1367960 0.8452649 0.5075111 0.6769856 0.0000000 0.6024931 0.3203847 -0.3710139 0.2975910 0.0811793 0.5143155 0.5453133 0.0990188 -0.0196212 0.7394726 0.5515218 0.7194507 0.8118172 0.0194513 -0.1166846 0.4167571 0.6839348 0.1070522 0.3476401 -0.3158519 0.1351352 0.4615383 0.3987153 -0.2240278 0.5676347 0.1183331 0.4840918 0.2092883 -0.1135669 -0.2174954 0.0207717 0.7291233 0.0723994 -0.0930994 0.2972752 0.6538269 0.3571108 -0.0550622 -0.0308998 -0.2841217 0.5715545 0.3478789 -0.1274100 0.4440875 0.1551517 0.1405712 0.6323154 0.2224019 -0.2444570 0.2682067 0.5449733 0.1246835 0.7906775 0.2194936 0.6289441 0.6781662 0.2550481 0.1299271 0.7759722 0.4235682 0.4462635 0.5846086 0.3248540 0.3424780 -0.2045401 -0.2178064 -0.2829153 -0.2884913 -0.2804812 -0.2704371 -0.0620930 -0.1246703 -0.4260781 -0.4393888 0.2045570 -0.0336062 0.0928248 0.0046733 0.1852883 -0.1824017 0.1478286 -0.0342505 0.3822615 -0.1060830 -0.3766407 -0.0899908 0.1504384 -0.1422050 -0.2373791 -0.1658976 -0.1754178 -0.1090652 -0.2985306 -0.4558449 -0.1481141 -0.0430028 -0.1299181 -0.0864059 -0.0286595 -0.1603468 -0.0927659 0.1262695 -0.1040377 -0.2054142 0.1121382 -0.2368699 -0.0156485 -0.2333512 0.4009587 0.1804700 0.1299592 0.3650499 0.1349367 -0.1114774 0.2836918 0.2980050 -0.0135896 0.1381853 0.3605618 0.0069504 0.0981591 -0.1704235 0.3319887 0.1568317 0.3000430 -0.0101774 -0.0063317 0.2533897 0.0987825 -0.0697242 0.0678989 0.3266610 0.2909129 0.2807427 0.1325444 0.0754410 0.3169779 0.2388354 -0.0994139 0.1047603 0.4422891 0.3012270 -0.0198120 0.4402381 0.4484227 -0.2245168 -0.0154757 0.4794246 0.0566697 0.3932077 0.2168600 -0.0387607 0.3956867 0.4215747 0.1712181 0.0115405 -0.0142393 0.0188425 0.1150736 0.1951459 0.1511317 0.0668198 0.1437539 0.1773000 0.3165457 0.2755558 0.2896364 0.2101305 0.1061904 0.0595549 0.1045197 0.0252968 0.0012309 0.0354354 -0.0119675 -0.1326874 0.2415726 0.4260606 0.5055529 0.5715156 -0.0728643 0.2206060 0.3286140 -0.4352757 -0.4384891 -0.2430679 -0.1468361 -0.1737123 0.3516352 0.2149488 0.0468464 -0.4325693 -0.2252311 -0.3108263 -0.0269462 0.1570706 0.2269498 0.3755860 0.0483956 -0.2805768 -0.1945110
