0.0000000 -0.0165553 -0.2556978 -0.0152569 0.6032850 -0.3396006 -0.4057941 -0.2596070 0.0764529 0.4543341 -0.0908955 -0.1027577 -0.2229074 0.1595188 0.3955192 -0.0468829 0.2192782 0.2451534 -0.1960732 0.3993479 0.2188045 -0.4787352 0.0464932 -0.1377197 -0.3474238 -0.0571358 0.2138232 0.1478701 -0.2145732 0.4542443 -0.1913547 -0.1438220 -0.2980351 -0.2149903 0.1803019 -0.0492641 0.1797066 -0.3022129 0.3837984 0.3589741 0.0380527 -0.2760214 0.2863972 0.5282689 -0.1770379 -0.3801651 -0.0122967 -0.2829990 -0.2645611 -0.4760120 0.0816566 0.0569416 -0.4089362 -0.3213862 -0.2803745 -0.3642040 0.1282926 -0.3019472 -0.3186862 -0.0401182 -0.0763309 -0.1612210 0.3888312 0.0167207 -0.6278067 0.2911159 -0.1562339 -0.1269050 0.3199536 -0.1881641 -0.0985097 0.0750470 -0.2899582 -0.1952691 0.1301000 -0.3021040 -0.1133562 -0.2528301 -0.3476635 0.1784279 -0.1319402 0.1389504 0.3521386 0.0062541 0.6405851 0.6418838 0.0620616 0.3260714 0.2150019 0.6397908 -0.1515848 0.2786408 0.1871954 0.5326674 -0.2475582 0.3768317 0.1260676 0.2144658 -0.3396755 -0.0326880 0.5282360 0.1791306 0.3137217 0.4577481 0.1725033 0.1011625 0.7324262 0.4084368 -0.2140169 0.7208228 -0.3682598 0.6890178 0.1788411 0.3428529 0.3620416 0.3489003 0.3339336 0.4721981 0.3618663 0.4106594 0.2972227 0.1467391 0.2369757 0.1740096 0.3284800 0.3306001 -0.0148209 0.2211648 0.2804257 0.0961748 0.1867143 0.1080814 0.0055504 0.0112568 -0.0388331 -0.1452876 0.1016975 0.3229305 0.2811870 0.0221204 0.2305546 0.3029364 0.0685556 0.0839702 0.2922335 0.3295580 0.3053319 0.2208036 0.0723535 0.0651348 0.0074223 0.2021430 0.3106595 0.3627312 -0.0726679 0.3959282 0.2598107 0.2143112 0.3586363 0.1035969 -0.0336632 0.1725911 0.3034767 0.1400182 0.0782427 0.2157130 0.1851285 0.2035666 0.0854005 0.0531313 -0.0361482 -0.0673288 0.3991044 -0.1292308 -0.5161223 -0.1064100 0.5194949 0.7259573 0.7681950 0.4423353 0.6651028 -0.0458336 -0.3224852 -0.1546077 -0.1518265 -0.0368483 0.2475154 0.4492180 -0.0082202 0.1833168 0.3424784 -0.2500164 0.1068731 0.2557465 0.3952677 0.2663570 0.2330609 0.1264961 0.2358481 0.3056056 0.3584280 0.3930226 0.3415222 0.6984366 0.6288686 -0.0872268 0.3147496 -0.4068591 0.2427183 0.3259908 0.5289618 -0.0031091 0.1789309 0.3872117 -0.1359879 0.3860613 0.0493128 0.2323832
-0.0165553 0.0000000 0.3809690 0.7110257 -0.1778515 0.7986010 0.6296463 0.5634287 0.6782125 0.1676159 0.1053795 0.8851413 0.3883903 -0.0187387 0.5987156 -0.5093600 -0.1037504 0.0917722 -0.3399183 -0.2340274 0.6195138 0.0710877 -0.3021675 0.5745159 -0.4046855 -0.5469110 -0.4987819 -0.2495419 0.7631365 -0.2920485 -0.1884580 -0.6064366 0.4377136 0.7837068 -0.5009429 0.3439918 -0.5887349 -0.4692742 -0.4487806 -0.5891065 -0.4703330 0.5424416 -0.4594950 -0.2509487 0.7032404 -0.5552077 -0.5053303 -0.5639375 0.6550645 -0.3689150 -0.4762806 -0.5472849 0.8256686 -0.3568481 -0.5897783 -0.4756061 -0.5187894 -0.0605791 0.0505457 -0.5007856 0.3916712 -0.4657271 -0.4060952 0.2449894 0.5472686 -0.4834762 -0.3588782 -0.3967839 -0.4507296 -0.1882625 -0.1084961 0.5979809 -0.3113404 0.5146121 -0.3291915 0.0823269 0.4688508 -0.0377747 -0.1019514 0.1357552 0.3472180 0.4505868 0.2701568 0.4650965 0.2480029 0.0371392 0.1147093 0.5687793 0.1752522 -0.0761783 0.1813143 0.1452039 -0.1088901 0.3418268 0.1170005 0.0092220 -0.0055206 -0.2446667 0.2137443 0.3457854 0.3251290 -0.1044250 -0.3168336 0.3732994 -0.0443774 -0.0130122 0.0107840 -0.1199740 0.2157910 -0.0360221 0.1029861 -0.0000168 -0.1347163 -0.2305993 -0.2112470 -0.1163826 -0.2371371 -0.0692656 -0.1445744 0.0113980 -0.0502153 -0.1869994 -0.1922897 0.0751468 0.0306797 0.1454016 -0.0668894 -0.0217470 0.0621873 0.2425256 0.1462230 0.1460201 0.2785344 0.4835081 -0.0856178 -0.0785041 0.2327930 -0.0647223 -0.0824121 0.3196851 -0.0259220 0.1138477 -0.0601940 0.1772710 -0.1519532 -0.0017604 -0.0321075 -0.0011945 -0.1243552 0.3162481 0.2927048 -0.1707498 0.0454569 0.0816950 0.1166966 -0.1294014 0.1603462 -0.1850060 -0.3514067 0.1082837 0.0748905 0.1023528 0.0393586 0.0557175 -0.0293538 -0.1524389 0.1907787 0.0843942 -0.0947888 0.0653027 0.0358622 0.0360640 0.4531385 0.0332540 0.1593678 0.0562955 0.1645473 -0.0509855 0.2234811 0.0996455 0.2373273 0.3195900 0.3286232 0.4341022 -0.0135428 0.1122261 -0.4810479 -0.1335087 0.6471796 0.6340777 0.0382344 0.7067442 0.0938694 0.0574982 0.2244053 -0.0066025 0.0120690 -0.1645269 -0.1311317 0.0599000 -0.3319457 -0.2322613 0.1434009 -0.1090381 -0.2792304 -0.1740635 0.0040202 0.1727116 -0.1177860 -0.2912659 -0.1275340 0.3352926 -0.5146789 -0.2905452 0.4450999 -0.3706053 0.1747120 -0.1933734
-0.2556978 0.3809690 0.0000000 0.1128380 0.3412201 0.4584187 0.3547395 0.6107284 0.3969604 0.0655649 0.3226841 0.4180104 0.5322496 0.1077638 0.2816668 0.0937223 0.0196328 0.0850646 0.3135187 -0.0291603 0.1812217 0.3017632 0.0886477 0.3311134 0.2765810 0.0444772 -0.1046876 0.0456607 0.3584324 -0.0491538 0.2995271 0.1959658 0.3662144 0.3292028 0.0735358 0.4353974 0.0686370 0.2259752 -0.0823120 -0.1485900 0.1563921 0.3944472 -0.0147177 -0.1690522 0.2632687 0.2621890 0.1099026 0.2322085 0.3320936 0.3798033 0.0431762 0.0418950 0.4180525 0.2205531 0.2642321 0.3419578 0.1521807 0.2190978 0.1747408 0.1286065 0.2110074 0.1798605 0.1175142 0.3759154 0.4591792 0.1398823 0.2632333 0.1052588 0.2363985 0.3346663 0.4878664 0.3470151 0.2366541 0.4824770 0.3856543 0.1381663 0.3503000 0.4228250 0.1937911 -0.1781672 0.2401894 0.5758286 0.3078263 0.3526676 -0.0203163 0.1209461 0.0217282 -0.0965782 0.2838944 -0.1036012 0.0944688 0.0623369 0.0327364 -0.0742442 -0.0154452 -0.1441893 -0.0663819 -0.0192528 0.1167437 0.0141128 0.0206906 -0.0781559 -0.4609755 0.1616575 -0.2384149 -0.1474042 -0.2356948 -0.3879494 0.2294447 -0.2380603 0.0544184 -0.1324304 -0.3719566 -0.5015653 -0.4784268 -0.6031138 -0.6170927 -0.5435871 -0.6401974 -0.2741397 -0.5270737 -0.5545476 0.0878371 -0.4398270 -0.3220453 -0.0527798 -0.2215084 -0.1602890 0.1303599 -0.1931968 -0.0790823 -0.2659614 0.1227354 0.0348233 -0.1643256 0.1214711 0.1167572 0.0372913 -0.0319356 0.2233023 -0.2347330 0.1197773 0.2496314 0.2116899 -0.0719055 -0.0996752 -0.1297320 -0.2228726 -0.1030875 0.2163602 0.1080667 0.1061398 -0.0071249 -0.3140308 -0.1731730 -0.0043042 -0.0082531 -0.3088742 -0.1343643 0.1156335 -0.2556661 0.1492435 -0.0674502 -0.0112521 -0.2061730 -0.1808738 -0.1826696 -0.1186412 0.0272162 0.1265174 -0.2055781 -0.0658254 0.3655051 0.4310270 0.3571097 0.0588801 -0.2047395 -0.2050802 -0.1437852 0.1773218 -0.0866579 0.2082701 0.3059130 0.4754193 0.3180411 0.1865866 0.1094451 -0.2466246 0.1080619 0.1113550 -0.0494286 0.2242614 -0.0353800 -0.1026067 -0.0613819 -0.2413569 -0.0177684 -0.1846564 -0.2567878 -0.1043799 -0.2267350 -0.3157613 -0.0841961 -0.2438209 -0.0286252 0.0616244 -0.0017521 -0.0570925 -0.0683093 -0.2899466 -0.2562750 -0.0746550 0.0271732 -0.2097023 0.1854846 -0.2316919 0.1714192 0.0883635
-0.0152569 0.7110257 0.1128380 0.0000000 -0.3230827 0.7472625 0.4455094 0.5971627 0.6049447 0.2444893 0.2538990 0.6266857 0.4115735 0.0672872 0.4075261 -0.3027264 0.2020651 0.0060021 -0.2601897 -0.0765854 0.3316546 0.1302342 -0.2940174 0.4325196 -0.3474233 -0.3586050 -0.2853334 -0.3532900 0.6382244 -0.1967604 -0.0916789 -0.6691057 0.2285886 0.7183131 -0.3008536 0.0485797 -0.4379579 -0.5177308 -0.1603824 -0.2894099 -0.4723998 0.3990138 -0.2385450 -0.1540363 0.6155009 -0.4936117 -0.3027412 -0.6948248 0.5614858 -0.2795354 -0.1941979 -0.2393624 0.6804298 -0.1814475 -0.7221272 -0.4279459 -0.3615032 0.1891756 -0.0566888 -0.2307631 0.1612629 -0.1945256 -0.5061499 0.3563296 0.3727802 -0.5092457 -0.1389822 -0.1066127 -0.5376213 -0.0571409 -0.2261664 0.4656757 -0.0799791 0.5071267 -0.4399850 0.4316936 0.5308388 -0.2429603 0.1009370 0.1207726 0.2918539 0.3470777 0.3913878 0.5431559 0.3975123 0.1748819 0.3286995 0.5138292 0.2765187 -0.0305051 0.2775557 0.2851538 -0.3524466 0.1362875 0.0447440 0.2815038 0.0921309 -0.3745409 0.1424266 0.2358500 0.3792239 -0.2086303 0.0767179 0.1352162 0.1145709 0.0730444 0.0274141 0.2023511 0.1895223 -0.0256253 0.2064276 -0.0733059 0.1500195 0.0678577 0.0191922 0.1669504 0.0368485 0.0099889 0.1300523 -0.0428401 0.0982229 0.0738911 -0.1708846 0.3310936 0.0900013 0.0517423 0.0822467 0.2154473 -0.1029136 0.4290523 0.2618935 0.2551144 0.3644842 0.6258526 -0.0449773 -0.0238148 0.2741631 -0.1325225 0.0466133 0.1607858 -0.0566834 -0.0283331 -0.2373162 0.0912580 -0.0197515 0.0728665 0.0918865 0.1958644 -0.1500864 0.2069578 0.1265917 -0.2942378 0.0313344 0.0791367 0.3431716 -0.2491483 0.1445259 -0.0502346 -0.3927358 -0.0444150 0.3699147 -0.0169789 0.1596057 0.0445843 0.1505001 -0.2404795 0.2352080 0.0863534 -0.1786702 -0.0328977 0.0870045 0.0429678 0.1796040 -0.2589226 -0.2221621 -0.3261902 -0.0985117 -0.1814545 -0.0077259 -0.1976810 -0.0661696 0.0818988 0.1201491 0.1442907 -0.2862940 -0.0280527 -0.7421705 -0.2386255 0.6442126 0.5090801 -0.0884556 0.5725251 -0.0046060 -0.0585457 0.0815213 -0.0255587 -0.0280612 -0.2212194 -0.1680326 -0.0007220 -0.2683656 -0.1563238 0.2899155 -0.0284698 -0.4716137 -0.3102674 -0.1834833 0.0465198 -0.0961633 -0.3144789 0.0389184 0.3911058 -0.7100215 -0.3132043 0.4111919 -0.4836506 0.1921607 -0.2061214
0.6032850 -0.1778515 0.3412201 -0.3230827 0.0000000 -0.3454594 -0.4917077 -0.0007993 -0.0563483 0.2441150 0.1681535 -0.2389332 0.0890022 0.0374263 0.1942513 0.3104968 0.0750214 0.0855496 0.2627487 0.5020219 0.0553813 -0.1474485 0.3143393 -0.2924664 0.1721116 0.2431124 0.3784876 0.1822665 -0.3332986 0.4217272 0.1597639 0.4192414 -0.2904225 -0.4170614 0.3965943 0.1535381 0.4587658 0.1792232 0.4582127 0.4364826 0.4777528 -0.1906573 0.4455007 0.4299316 -0.3509362 0.2581008 0.2649112 0.2683337 -0.3414793 -0.0111930 0.2586775 0.2578918 -0.4938196 0.0705343 0.2751878 0.2488787 0.4394410 -0.1080940 0.0095958 0.2222805 -0.1142112 0.1768681 0.7505100 0.1177362 -0.4380268 0.5926693 0.1728574 0.1740865 0.6977885 0.1513884 0.3191196 -0.0128482 0.0556806 -0.0593055 0.6177563 -0.2354248 -0.1568305 0.1221809 -0.2109378 -0.1168200 -0.1345100 0.2510591 0.2053671 -0.0411302 0.3307906 0.4143491 0.0919518 -0.1343626 0.2507422 0.3593459 -0.0725531 0.2446522 0.2577298 0.2745036 -0.2271374 0.2396791 0.0324365 0.3430364 -0.2230459 -0.1668119 0.3601648 0.2401009 -0.1209080 0.4582642 0.0329618 0.0480817 0.3741177 0.0230914 -0.0315914 0.3933062 -0.2204220 0.4166821 -0.1506973 -0.0449841 0.0146311 -0.1684585 -0.1258309 0.0357279 -0.1566113 0.1396845 -0.1743291 -0.3098485 0.3887901 -0.2652349 0.1306482 0.0840576 -0.2304467 0.1127542 0.4289622 -0.2555060 0.0857618 -0.1192642 -0.0544729 -0.1455672 -0.1139114 0.1025159 0.1954956 0.4433598 0.3626841 -0.0584622 0.1192811 0.3204947 0.2954001 0.3011893 0.3955619 0.3209116 0.2409978 0.0338659 -0.1155678 0.1026660 -0.0981811 0.4551436 0.2164072 -0.0299003 -0.2785718 0.5109226 0.1352157 0.1096213 0.3476899 0.1202012 -0.3124257 0.1857976 0.2418870 0.1121036 -0.1560253 0.1898887 -0.1434892 -0.1455936 -0.0045193 0.0461530 -0.3166667 -0.2856669 0.4633657 0.1438776 -0.2599422 -0.0582468 0.1813764 0.5179333 0.4505174 0.5069605 0.4397582 -0.0416141 -0.0703686 0.0844176 0.2729355 0.1720598 0.6561257 0.3266590 -0.2512664 -0.1350695 0.1787856 -0.3819228 -0.0653306 0.0331809 0.0955550 0.0011675 0.0747235 -0.0128873 0.0802461 0.0828932 0.3481935 0.0236940 -0.0751914 0.2175299 0.7582492 0.0413192 0.2919228 -0.5786546 0.2269130 -0.0428536 0.0759174 -0.4278999 0.5003416 0.2416676 -0.3097055 0.2915360 -0.1530668 0.2582811
-0.3396006 0.7986010 0.4584187 0.7472625 -0.3454594 0.0000000 0.7274553 0.7874841 0.6636833 0.0877323 0.4170448 0.8016518 0.5393870 0.0101260 0.3756952 -0.1667081 0.0112716 -0.0225618 0.0031123 -0.3755759 0.5422092 0.3223612 -0.1831400 0.5067868 -0.0382193 -0.2569111 -0.3338449 -0.3097665 0.7094650 -0.3129911 0.0017784 -0.3766422 0.4360434 0.7286369 -0.3089114 0.2894899 -0.3958675 -0.2383469 -0.3218376 -0.4193443 -0.4977300 0.4741407 -0.3230782 -0.2402243 0.7493620 -0.2110630 -0.1523627 -0.4058573 0.8101999 0.0403073 -0.1526998 -0.2296009 0.9177657 0.0527260 -0.4138158 -0.0963677 -0.2474830 0.3678264 0.0045085 -0.1479049 0.4859806 -0.0659280 -0.3648926 0.5078640 0.7513840 -0.3664288 0.0468361 -0.0314398 -0.3137128 0.2066055 0.1468935 0.7616371 0.0956309 0.7718150 -0.1472816 0.4881095 0.7343972 0.1626617 0.2537139 0.2562613 0.5625722 0.2784350 0.1186884 0.4946032 0.1236779 -0.0607881 -0.0220518 0.3200156 0.1963905 -0.1931068 0.1329816 0.0230233 -0.3498700 0.0528144 0.0311201 -0.0110950 -0.0576250 -0.4924485 0.1921678 0.3558122 0.1248770 -0.3736898 -0.3714159 0.2779213 -0.1698722 -0.1126023 -0.1464719 -0.1760173 0.0898382 -0.1098999 0.0640698 -0.1015470 -0.0450991 -0.2587385 -0.1865275 -0.1744291 -0.3462425 -0.2528510 -0.2362723 -0.1613316 -0.1539482 -0.2212229 -0.3583196 0.0289056 -0.1953212 0.1718008 -0.0678377 -0.0709861 -0.0115378 0.2684271 0.1413148 -0.0088622 0.3245190 0.5957117 -0.3660443 -0.1580022 0.2883500 -0.0777325 -0.0239833 0.4493786 -0.2221986 0.0941621 -0.0618032 0.2341436 -0.1716797 -0.1635087 -0.0970619 0.0113513 -0.1849214 0.3056636 0.2942660 -0.2553343 -0.0353656 -0.0823432 0.1316108 -0.3168356 0.0773319 -0.2520786 -0.4314142 0.1436143 0.0855637 0.1427549 -0.1682258 0.0759291 -0.0718474 -0.3131906 0.0258567 0.0515589 -0.0498566 0.0934307 -0.0550407 -0.0000940 0.2158077 0.1860689 0.2643057 0.0873693 0.0519023 -0.2166031 -0.0468370 -0.1480355 -0.0476241 0.2125606 0.3133514 0.4021235 0.0388794 0.3892210 -0.4809470 -0.1596614 0.7725580 0.6425009 -0.0431150 0.8400789 0.1464853 0.1313031 0.2047490 0.1633402 0.2243375 -0.0244950 -0.1192049 0.1747931 -0.4029798 -0.3081942 -0.0424206 -0.1487105 -0.5762922 -0.2207680 0.0622733 0.4141926 -0.3510534 -0.2939870 -0.2541925 0.5080419 -0.6599030 -0.1926140 0.7061467 -0.5126814 0.2420372 -0.0234744
-0.4057941 0.6296463 0.3547395 0.4455094 -0.4917077 0.7274553 0.0000000 0.3948141 0.7504552 0.3380936 0.3649673 0.7863022 0.0509573 0.4446885 0.4704657 -0.1362393 0.3079359 0.4474198 -0.2109535 -0.3030070 0.4072419 -0.0083351 -0.0119291 0.8167481 -0.2368288 -0.2059562 -0.0443709 0.1564752 0.6671552 0.0399757 -0.1950900 -0.3492374 0.7912766 0.8091188 -0.1718976 0.1872676 -0.2697689 -0.3423267 -0.2279880 -0.3184594 -0.4853808 0.3200085 -0.1779672 -0.1078817 0.4945506 -0.3048555 -0.2299111 -0.2977733 0.7894676 -0.0475361 -0.1374670 -0.1046510 0.8285243 0.0066341 -0.3514788 -0.1253092 -0.2243815 0.3082741 -0.3381038 -0.0745703 0.2130844 -0.0703689 -0.5111766 0.3918628 0.5150624 -0.3283616 -0.0089190 -0.1460623 -0.4293916 0.2479481 0.1308027 0.6428313 -0.0168235 0.4781483 -0.3256719 0.2216812 0.7139005 0.1999239 0.1570258 0.2159121 0.4354467 0.0176765 0.0525080 0.2526273 -0.0472158 -0.0613564 -0.3419305 0.0886006 -0.0155445 -0.3136603 -0.2895695 -0.3963292 -0.4073120 -0.2109579 -0.2339806 -0.3462218 -0.3609735 -0.4752098 -0.1679543 0.1830966 -0.1952091 -0.4313326 -0.3822652 -0.0480709 -0.5126754 -0.4939164 -0.1960049 -0.2544042 -0.1441996 -0.2511075 -0.2984856 -0.1316799 -0.0464099 -0.3182810 -0.3550905 -0.2001088 -0.2950163 -0.2961366 -0.2480861 -0.1641361 -0.1997959 -0.2032270 -0.6190928 -0.2339934 -0.3368308 0.0869537 -0.3155036 -0.3902313 -0.1716229 -0.0464098 -0.2533552 -0.3651835 -0.1145567 0.1074300 -0.3509034 -0.4579455 -0.1433595 -0.2542774 -0.3698654 0.3423385 -0.4493415 -0.0843029 -0.2998349 -0.0508943 -0.4410951 -0.3543431 -0.4226400 -0.3597139 -0.0985407 -0.0257148 0.2129232 -0.2386649 -0.1511236 -0.2318681 -0.1941351 -0.5147724 -0.2591074 -0.4920314 -0.4922435 0.0103474 -0.1694325 -0.0037891 -0.4226571 -0.2147938 -0.2042260 -0.5298473 -0.1872016 -0.0113834 -0.0871408 -0.0208098 -0.0936851 -0.0274735 0.0475790 0.5446447 0.6592671 0.3722756 0.1705723 -0.1175456 -0.0965632 -0.0913579 -0.1446632 0.0765171 -0.0238280 0.2178347 -0.1858075 0.1033863 -0.5214231 -0.2647437 0.6225871 0.5733536 0.0054121 0.6908096 0.2082830 0.1529163 0.1844868 0.0653997 0.1646357 -0.0767270 -0.1567493 0.0821127 -0.3817257 -0.2821222 -0.1373098 -0.2273275 -0.5715806 0.0953229 -0.0708571 0.3680623 -0.2364784 -0.1703276 -0.3548720 0.4119479 -0.3710492 -0.1836112 0.4615080 -0.2171074 0.3993017 -0.0240994
-0.2596070 0.5634287 0.6107284 0.5971627 -0.0007993 0.7874841 0.3948141 0.0000000 0.4927206 0.0989282 0.5815929 0.4919225 0.7937882 -0.0209920 0.2884614 0.1645505 0.0543814 -0.0699580 0.3986397 0.0345676 0.2936463 0.5779719 0.0251648 0.2790495 0.3091295 0.1012957 -0.1654458 -0.2931286 0.4624771 -0.2186883 0.4295995 0.0093984 0.1893787 0.4887065 0.0551913 0.1405412 0.0093636 0.0979030 -0.0060165 -0.0787896 -0.0309129 0.2528417 0.0249389 -0.1718870 0.4520201 0.1984775 0.2288264 -0.0790877 0.4891240 0.2977465 0.1872735 0.0670091 0.6474978 0.3271822 -0.1233791 0.2940980 0.1556407 0.4792781 0.0665106 0.1569629 0.1977742 0.2073095 -0.0040879 0.7237171 0.6421677 0.0234374 0.3527150 0.2612783 0.0635969 0.4580215 0.4879894 0.5739710 0.3790380 0.7822621 0.2393754 0.5812916 0.6242131 0.3410417 0.3811886 0.1186040 0.5321149 0.3696137 0.0878817 0.2729195 0.0471183 0.0859010 0.2655543 0.1100904 0.2584969 -0.2193059 0.3532099 0.2374163 -0.4179788 -0.0016648 0.0831686 0.2269746 -0.0913467 -0.4838200 0.2403932 0.0463917 0.2525896 -0.1898435 -0.2585313 0.2564636 -0.0261002 0.0999800 -0.0780087 -0.1712772 0.1444671 -0.1149937 0.2094245 -0.1561094 -0.1798368 -0.2700294 -0.2860905 -0.3181062 -0.4463756 -0.4178982 -0.3376989 -0.3855677 -0.2912887 -0.3308375 -0.0372224 -0.0187221 -0.2953496 -0.1398001 -0.0279967 0.1366488 -0.0686236 0.2121950 0.1799901 -0.0779444 0.4240867 0.6048739 -0.3038263 0.0775327 0.3681416 -0.1230123 0.0867639 0.1410593 -0.3024782 -0.0467177 0.2883082 0.1207290 -0.0396783 -0.1159750 -0.0156771 0.0257088 -0.2030139 0.2195835 0.0124691 -0.3701256 -0.1193107 -0.2324193 0.1732175 -0.2868547 0.0812255 -0.2958091 -0.2617551 -0.0695497 0.1148732 -0.0144306 -0.1860794 0.0065855 -0.1818892 -0.3773912 -0.0667322 -0.1515067 -0.1564477 -0.0960723 -0.2818366 -0.2130329 0.1689073 0.1653836 0.0953480 -0.2137764 -0.1810104 -0.1529467 -0.1385468 -0.1699081 -0.0448652 0.0311766 0.2202756 0.3193667 0.0413510 0.4159502 -0.3204482 -0.0378338 0.4448932 0.3467862 -0.2860076 0.5105952 0.0547195 -0.1242087 -0.1828496 -0.0631553 0.0045538 -0.0679934 -0.1748691 -0.0923888 -0.0594781 -0.1174475 0.0127991 -0.1650857 -0.4183624 -0.0124881 -0.0781069 0.0215358 -0.0668386 -0.1658342 -0.1554866 0.1258178 -0.4313715 -0.3059103 0.4272929 -0.3860113 0.1480682 0.0240182
0.0764529 0.6782125 0.3969604 0.6049447 -0.0563483 0.6636833 0.7504552 0.4927206 0.0000000 0.7201455 0.4797946 0.7808146 -0.0052513 0.5659117 0.8757228 -0.1565274 0.4197714 0.6606219 -0.3291605 0.0792883 0.4245334 -0.2817200 -0.0325816 0.8703002 -0.4543196 -0.3291969 0.1046875 0.2636457 0.6438275 0.3195230 -0.3218797 -0.5016869 0.7442903 0.8193038 -0.0808883 0.2257753 -0.2169163 -0.6379327 -0.0146595 -0.0621491 -0.5256764 0.3246813 -0.0058340 0.2037924 0.4130649 -0.4473031 -0.2488893 -0.5842941 0.7539095 -0.3044603 -0.1054041 -0.1129015 0.6862541 -0.1742404 -0.6141618 -0.2623655 -0.1786403 0.1707298 -0.3938401 -0.1222892 0.1500030 -0.1765325 -0.3712407 0.4893369 0.1905007 -0.2419470 -0.1176572 -0.2206872 -0.3230358 0.2135055 0.0650039 0.7140314 -0.2018081 0.4013604 -0.3114500 0.1071559 0.6793093 -0.0494951 -0.0173741 0.2064165 0.2991589 0.2152621 0.2126831 0.2079702 0.2048500 0.2757522 -0.2692568 0.0794355 0.0505487 -0.1342697 -0.3023238 -0.2523950 -0.4231484 -0.1023918 -0.4886090 -0.0880012 -0.4233085 -0.4624219 -0.3873474 0.0583284 0.1440651 -0.4501642 -0.2231739 0.2032664 -0.4929006 -0.5038683 0.1150287 -0.0121458 -0.1421454 0.0174468 -0.3701163 0.1185731 0.0340252 -0.1872484 -0.2878551 -0.1411498 -0.1927014 -0.1637379 -0.1536808 -0.0617348 -0.1113743 -0.2420076 -0.5239270 -0.2838987 -0.3008663 0.0253002 -0.4480999 -0.3025657 -0.1249193 -0.1023472 -0.2573867 -0.3933460 -0.1958939 0.0951083 -0.4558171 -0.5477643 -0.1830319 -0.1775229 -0.3379020 0.2264712 -0.5488800 -0.0501610 -0.3956886 -0.0281890 -0.4107885 -0.1620655 -0.4302605 -0.4396913 -0.4360087 -0.0860729 0.0463337 -0.2076947 -0.1605933 -0.3043841 -0.3221425 -0.4199707 -0.2782863 -0.5856031 -0.5652261 -0.1029714 -0.2763794 -0.0405215 -0.2376983 -0.3192587 -0.3163770 -0.5922933 -0.2767238 -0.2614583 -0.3741684 -0.1505393 -0.3950880 -0.3648187 0.2638795 0.4591747 0.2088355 0.2203005 0.3121001 0.1673608 0.2392076 0.1453672 0.1932861 0.0626850 -0.1264608 0.2184129 -0.2001030 0.0112922 -0.4537871 -0.1694585 0.5818628 0.6459677 0.0566162 0.5425988 0.1510539 0.1416784 0.1952841 0.0574693 0.1446377 -0.1717279 -0.1692609 0.0596722 -0.2228237 -0.2249823 -0.0580919 -0.0430927 -0.3275463 -0.0697756 -0.0338983 -0.1042022 -0.0393199 -0.2550545 -0.1465949 0.2957441 -0.3942816 -0.2554221 0.2839123 -0.2363610 0.2420968 -0.0887487
0.4543341 0.1676159 0.0655649 0.2444893 0.2441150 0.0877323 0.3380936 0.0989282 0.7201455 0.0000000 0.4557271 0.2341079 -0.3185222 0.8394896 0.7443912 0.1768282 0.7545236 0.8810473 -0.2870563 0.5084187 0.0527984 -0.5072600 0.4302610 0.5952927 -0.4329155 0.0725203 0.5930154 0.6077445 0.0907262 0.7946941 -0.2393998 -0.2002480 0.5210678 0.3774505 0.4395246 -0.2106868 0.3022518 -0.4762901 0.5698683 0.4738620 -0.0877926 -0.2472674 0.5679481 0.7166667 -0.2420512 -0.3105562 0.0969841 -0.3076951 0.2941368 -0.3613894 0.2792513 0.3625142 0.0510334 -0.1061148 -0.4711636 -0.1547859 0.2315392 0.1026467 -0.7514304 0.2344941 -0.3889553 0.0156267 -0.0582388 0.4102202 -0.4709146 0.1843474 -0.0230380 -0.0663857 -0.0004666 0.2631098 0.1008120 0.4095088 -0.1809978 -0.0161384 -0.1663969 -0.1488469 0.4498855 -0.0814126 -0.1715777 0.2421779 0.0715922 -0.0089026 0.2050247 -0.1552416 0.2886558 0.4675703 -0.2722448 -0.0296029 -0.0646062 0.0905549 -0.4992200 -0.2770300 -0.5344568 -0.0855426 -0.6960668 0.0902582 -0.5491037 -0.4670686 -0.7845548 -0.3550042 0.0954714 -0.4378887 -0.0089062 0.2059683 -0.5031887 -0.5365008 0.3269220 0.0843019 -0.5476260 0.2320242 -0.6956855 0.2766485 0.0667455 -0.0301667 -0.2162326 -0.0150016 -0.0024416 -0.1257461 -0.0133475 -0.1160378 -0.0821920 -0.1781514 -0.4630084 -0.4002112 -0.3455267 -0.1016480 -0.5761646 -0.3270457 -0.2579764 -0.3612996 -0.4637221 -0.6101668 -0.5135368 -0.2730983 -0.4448837 -0.6853568 -0.4405197 -0.2528628 -0.3673209 -0.1968483 -0.5665498 -0.2519339 -0.4311197 -0.2706962 -0.3724880 -0.2032261 -0.4687895 -0.5081322 -0.3241683 -0.5142513 -0.3827190 -0.1858109 -0.3179347 -0.3648075 -0.4988446 -0.3579086 -0.4917306 -0.5497692 -0.3142705 -0.4084690 -0.3807383 -0.3365908 -0.3557060 -0.5726088 -0.4679297 -0.6539374 -0.4671677 -0.3058331 -0.4781609 -0.4829984 -0.5124261 -0.5238067 0.0986090 0.4278952 -0.0809792 -0.0080479 0.3809163 0.5464920 0.3636891 0.1437453 0.2689236 -0.3875094 -0.6892680 -0.3083197 -0.5025550 -0.1997745 -0.2176536 0.1869979 0.2293820 0.4137037 -0.0501975 0.0513733 0.3093633 0.0009410 0.0848125 0.0139418 0.0596308 0.0402264 0.0791231 -0.0245064 0.2621644 0.1361375 0.0511168 0.2159542 0.0335613 0.1217895 -0.0968797 -0.4479445 0.3142464 0.0773753 0.0966684 0.0551400 0.0188985 -0.1163619 -0.1796189 0.3716992 0.2791802 0.0778450
-0.0908955 0.1053795 0.3226841 0.2538990 0.1681535 0.4170448 0.3649673 0.5815929 0.4797946 0.4557271 0.0000000 0.1412729 0.2608510 0.4828372 0.2314495 0.6581608 0.5374757 0.3262493 0.4460265 0.1571581 0.0893321 0.1505265 0.5257188 0.3258484 0.3131826 0.5146176 0.6110132 0.2727987 0.1259079 0.4682745 0.2397193 0.2990195 0.3546410 0.2363684 0.4812237 -0.1980954 0.4602258 -0.0109467 0.5078819 0.4860134 0.0284667 -0.1843891 0.5338405 0.4393521 0.0214306 0.3376114 0.4476234 0.0125190 0.4685405 0.2139715 0.5548962 0.5086954 0.2249454 0.5897490 -0.0480074 0.4544174 0.5312171 0.7764868 -0.4810017 0.5385076 -0.1745241 0.5818811 0.3300835 0.7617111 0.1693109 0.3992429 0.5595317 0.5852164 0.3565140 0.7833945 0.5575953 0.4649931 0.4786912 0.5219299 0.3297159 0.5542494 0.6102201 0.2864654 0.4021306 0.4166716 0.5672032 -0.2197493 -0.0454915 -0.0333004 0.0375439 0.2892017 0.0257727 -0.3343498 0.1850946 -0.2151312 -0.0245600 0.0635453 -0.5578203 -0.2255439 -0.3487383 0.3359704 -0.1424096 -0.4408542 -0.2905798 -0.0834913 0.1325657 -0.2426600 -0.1466730 0.2286948 -0.1645682 -0.2232312 0.0903259 -0.0463207 -0.3274705 -0.0188421 -0.2836833 -0.0700261 -0.0541064 -0.1410746 -0.1919181 -0.1737876 -0.2695008 -0.3136979 -0.1411711 -0.3921196 -0.3123874 -0.3202947 -0.2769692 -0.1859453 -0.3137370 -0.1155658 -0.3521166 0.1183700 -0.0853250 -0.0988456 -0.0448655 -0.3594413 0.0139346 0.2538379 -0.6606707 -0.2963395 0.1643287 -0.0138366 0.0608479 0.0322975 -0.5019767 -0.0977016 0.0897923 -0.0646554 0.0198169 -0.1751484 -0.1552064 -0.1633153 -0.2294626 -0.1492562 -0.2308439 -0.1815164 -0.1619898 -0.3264058 -0.1832180 -0.3088577 -0.1254251 -0.3124311 -0.0224213 -0.2138795 -0.1687755 -0.1309149 -0.3544468 -0.1190775 -0.3527191 -0.4259531 -0.2867914 -0.1677741 -0.1557256 -0.2768594 -0.3581229 -0.3103802 0.0196639 0.4738512 0.3037953 0.0378868 0.0613525 0.2204299 -0.0640127 -0.2181898 -0.1062202 -0.3506355 -0.2933921 -0.0687673 -0.1528568 0.4934212 -0.0877841 0.2719347 0.3107840 0.1302949 -0.3197991 0.2507502 0.1447354 -0.0417306 -0.1262297 0.1476308 0.0859909 0.1609527 0.1763281 -0.0136308 0.3079044 -0.1255678 -0.2300097 -0.1381585 -0.1203079 0.1810489 -0.0690430 -0.1248292 0.1615634 -0.0701721 -0.2867669 0.1466860 0.0322058 -0.0227726 0.0988570 -0.0995175 0.2152711 0.2728861
-0.1027577 0.8851413 0.4180104 0.6266857 -0.2389332 0.8016518 0.7863022 0.4919225 0.7808146 0.2341079 0.1412729 0.0000000 0.2400708 0.0884415 0.6591392 -0.4711469 0.0200167 0.2103210 -0.3648532 -0.2192994 0.7556921 0.0290882 -0.3637843 0.6645468 -0.4195314 -0.5904272 -0.3749913 -0.2093590 0.8642191 -0.2141996 -0.2243356 -0.6125380 0.5209563 0.8173453 -0.4799962 0.5072433 -0.5720235 -0.5380505 -0.4627617 -0.5613136 -0.5893601 0.6263744 -0.4604336 -0.2619394 0.7823374 -0.5343301 -0.4789292 -0.5912815 0.7475866 -0.3405667 -0.4079821 -0.4799388 0.8856699 -0.2721912 -0.5853246 -0.3956678 -0.4587159 0.0424600 0.0146243 -0.4115754 0.5345240 -0.3889500 -0.4515021 0.2625960 0.5601965 -0.4558715 -0.2344783 -0.4061309 -0.4561463 -0.0773067 -0.0335230 0.7103076 -0.2779455 0.5019666 -0.3366984 0.0763237 0.5573901 -0.0590560 -0.1093850 0.0576856 0.3159672 0.3883186 0.2707162 0.4960978 0.2606912 0.0407748 -0.2062182 0.3827157 0.2102917 -0.0309148 -0.1670489 -0.1999557 -0.1561522 0.1168651 -0.1539599 -0.3124705 -0.1955138 -0.2765751 0.0397101 0.3548062 0.1383754 -0.3133455 -0.4350612 0.2272251 -0.3480036 -0.3204871 -0.0350917 -0.2257424 0.1365692 -0.0872054 -0.1309438 0.1244698 -0.1355501 -0.3684190 -0.2937706 -0.2348808 -0.3425922 -0.1194054 -0.2800908 0.1147615 -0.1590098 -0.2781481 -0.4052384 -0.1031988 -0.0361371 0.3241525 -0.2326119 -0.2765728 0.1664817 0.0924938 0.0103527 -0.0820913 0.1194033 0.3257180 -0.2671421 -0.2947343 0.1163036 0.0439046 -0.1037332 0.5204200 -0.2241807 0.2350983 -0.2134818 0.3166873 -0.1953020 -0.0253450 -0.1726462 -0.1814334 -0.2089140 0.3245771 0.4342716 -0.0252401 0.0950535 -0.0720613 -0.1283368 -0.1757321 0.0657634 -0.3668640 -0.4577031 0.2959287 -0.1545499 0.2438846 -0.0437560 0.0797490 -0.1332105 -0.3003562 -0.0093707 -0.0071362 -0.0613290 0.2097638 -0.1432816 -0.0815770 0.3927751 0.3087031 0.3135264 0.2997406 0.2618239 -0.0322671 0.2383981 0.2374106 0.2076391 0.3774250 0.3171177 0.5041502 0.0732153 0.1803985 -0.4006905 -0.3474321 0.6571804 0.6707222 0.2855794 0.7050007 0.0213111 0.2826990 0.4093284 0.1208573 0.2513064 -0.2318610 -0.2475833 0.2481324 -0.5351660 -0.3624590 -0.0604708 -0.1012249 -0.3653699 -0.1482053 0.1665652 0.2481918 -0.3707746 -0.3037601 -0.2426405 0.3923322 -0.5449903 -0.1314410 0.5781715 -0.4247639 0.2709604 -0.0642355
-0.2229074 0.3883903 0.5322496 0.4115735 0.0890022 0.5393870 0.0509573 0.7937882 -0.0052513 -0.3185222 0.2608510 0.2400708 0.0000000 -0.3916323 -0.1641156 0.1765583 -0.1891912 -0.4965724 0.5607860 -0.0578871 0.2543096 0.8071158 0.0092707 -0.1960639 0.5184745 0.2254702 -0.3613594 -0.5922392 0.2179639 -0.4924107 0.6395592 0.2047020 -0.2460536 0.1112896 0.0381611 0.1436359 0.0635874 0.4329661 -0.0454116 -0.1988007 0.2884490 0.1790598 -0.0533884 -0.3107366 0.3718811 0.3501808 0.2921568 0.1899579 0.1873427 0.3806890 0.1857938 0.0698765 0.3703243 0.4233362 0.1482838 0.3424131 0.2099611 0.4204571 0.3599002 0.1846136 0.2332350 0.2872981 0.2123805 0.4961744 0.6235261 0.1245719 0.4248545 0.3810436 0.2350493 0.2889338 0.4732755 0.2952668 0.4783138 0.6974168 0.4429775 0.5424221 0.3323878 0.3974645 0.3798311 0.0058992 0.4726008 0.4898003 0.2421259 0.3941120 0.1491428 0.0088572 0.4910317 0.3320072 0.4351435 0.0670896 0.5721362 0.5126891 -0.0918950 0.3025343 0.3892192 0.2663512 0.2724975 -0.1536881 0.5302837 0.1330407 0.3479445 0.1088790 -0.2696361 0.3069546 0.2905581 0.3890765 -0.0791696 -0.2596376 0.3380987 -0.0617671 0.4286569 -0.1039894 -0.3224057 -0.2731265 -0.1612305 -0.3115602 -0.4676283 -0.3699847 -0.3398388 -0.3135352 -0.3267643 -0.2998709 0.3766838 0.2021172 -0.0184336 -0.0041094 0.2091313 0.3530705 0.1587494 0.3084656 0.4317044 0.2677378 0.6552994 0.6630445 0.0131758 0.4552581 0.6156478 0.0985838 0.4356714 0.1485046 0.1512177 0.1363085 0.5410355 0.2509451 0.3241426 0.0277544 0.3715328 0.3906061 0.1615047 0.4397956 0.1151073 -0.1604158 0.1329126 0.0410652 0.3566262 0.0501949 0.4089184 0.1137649 0.1218382 0.1283292 0.2471195 0.1332964 0.0396979 0.3466359 0.0472650 0.0205398 0.1915954 0.1942453 0.1970413 0.1168711 0.0679856 0.1471895 0.1757913 -0.1266564 -0.0344089 -0.3782935 -0.3544011 -0.2277129 -0.1688119 -0.1409431 -0.0658180 0.1035654 0.4143935 0.3511210 0.2359408 0.4437851 -0.0704836 0.0148003 0.2575104 0.0982143 -0.2449522 0.3263484 0.0008422 -0.1585295 -0.1280249 -0.1166065 -0.0617533 0.0202884 -0.0969701 -0.0825137 -0.0045521 -0.0538409 0.1430914 -0.0773808 -0.1826105 -0.0126270 -0.0404508 0.1303229 -0.1098204 -0.0908966 -0.1348642 -0.0042616 -0.2782589 -0.1446697 0.3517074 -0.3010167 0.0865997 0.1094145
0.1595188 -0.0187387 0.1077638 0.0672872 0.0374263 0.0101260 0.4446885 -0.0209920 0.5659117 0.8394896 0.4828372 0.0884415 -0.3916323 0.0000000 0.5026309 0.2725983 0.8772196 0.8894283 -0.1618900 0.2602089 -0.2201518 -0.3902746 0.5564637 0.6735616 -0.2764186 0.2594411 0.6515031 0.8243354 0.0621437 0.8373494 -0.1307205 -0.0518337 0.6751380 0.3879246 0.4800397 -0.4050390 0.3573710 -0.2718354 0.5618562 0.5516646 -0.0525389 -0.3199780 0.5741948 0.6105802 -0.3101325 -0.1435434 0.1539706 -0.0704809 0.2334436 -0.0582290 0.3044669 0.4787049 0.0424179 0.0272108 -0.1839643 0.0230421 0.2520191 0.2198491 -0.8159664 0.3337759 -0.5139036 0.1496643 -0.0884055 0.3083228 -0.3302635 0.1378603 0.0665208 0.0297569 0.0076724 0.3431577 0.1019982 0.2195106 -0.0678196 -0.0000754 -0.1383888 -0.1022552 0.4408228 -0.0007402 -0.0123710 0.1539889 0.0394099 -0.0791469 0.2042133 -0.1982461 0.0100430 0.3337493 -0.2482449 -0.2652720 -0.1576188 -0.1165375 -0.4382032 -0.2743673 -0.5296804 -0.4096536 -0.6464117 -0.0365345 -0.4319552 -0.4250433 -0.7877975 -0.4952091 -0.2764438 -0.4755626 0.0583713 -0.1492334 -0.5194354 -0.6221543 -0.0063668 0.0162572 -0.6448316 -0.0666329 -0.6671640 -0.0480376 0.0330704 -0.0694262 -0.2792827 -0.0902813 -0.0557645 -0.2814183 -0.0955169 -0.3408598 -0.2488527 -0.2171582 -0.4967230 -0.4747052 -0.5397558 -0.2201002 -0.5739097 -0.2979730 -0.4846208 -0.4406303 -0.6220089 -0.6494405 -0.5424317 -0.4140571 -0.3935642 -0.6243339 -0.5632403 -0.4486381 -0.5556773 -0.2518275 -0.6685327 -0.4423645 -0.4049255 -0.4378345 -0.5177313 -0.4354521 -0.5871093 -0.5417518 -0.1751985 -0.6187347 -0.4175756 -0.2717400 -0.4382678 -0.4309236 -0.3936617 -0.5071264 -0.5978765 -0.5483311 -0.2539619 -0.4916347 -0.2594286 -0.4253752 -0.4657227 -0.6447582 -0.3447250 -0.6357702 -0.4454060 -0.2010565 -0.3611453 -0.4930592 -0.2925530 -0.2785231 -0.0623242 0.5170651 0.2031031 -0.0065561 0.1086418 0.2377674 -0.0571094 -0.1532995 -0.1794706 -0.5593982 -0.7917239 -0.4629273 -0.6170667 -0.2430288 -0.3025736 0.0400729 0.1189213 0.2245971 -0.2077107 -0.0243378 0.2230125 -0.1797267 -0.1022818 -0.1645125 -0.1009351 -0.0205339 -0.0098120 -0.1949141 0.1916075 0.2462982 0.1253294 0.0511258 -0.1267106 0.1569190 -0.3283460 -0.3083562 0.3771297 0.1725524 0.0638809 0.0856619 0.0969373 -0.1658913 -0.2004040 0.4043344 0.4426016 0.0860023
0.3955192 0.5987156 0.2816668 0.4075261 0.1942513 0.3756952 0.4704657 0.2884614 0.8757228 0.7443912 0.2314495 0.6591392 -0.1641156 0.5026309 0.0000000 -0.3158118 0.3300775 0.7040672 -0.4551511 0.3009082 0.4111085 -0.4330259 -0.0948287 0.7440811 -0.6018252 -0.4648465 0.0705542 0.3485351 0.5405035 0.3989090 -0.3844115 -0.5351808 0.5738929 0.6600322 -0.1549491 0.2735650 -0.2517166 -0.6728037 -0.0237202 0.0158680 -0.4414564 0.2860385 -0.0243723 0.2637010 0.2619112 -0.5631887 -0.3756282 -0.5820414 0.4600608 -0.4678577 -0.2618534 -0.2513846 0.4528863 -0.4381419 -0.5975410 -0.3962478 -0.2587568 -0.1815311 -0.3400432 -0.3190322 0.0907247 -0.4355324 -0.2166443 0.2927748 -0.0406132 -0.2021271 -0.3464011 -0.4600623 -0.2239993 -0.0321991 -0.0781206 0.5705532 -0.4659577 0.1721321 -0.2653411 -0.2382909 0.3970756 -0.2295907 -0.3460246 -0.0068506 -0.0266817 0.3318041 0.2387013 0.0813095 0.2601787 0.3461214 -0.2598860 0.0937449 0.0116202 0.0157614 -0.3647774 -0.2250406 -0.2014628 -0.0029672 -0.5323263 -0.1273219 -0.4425767 -0.2580280 -0.4394206 -0.0742888 0.1997866 -0.3282775 -0.1455603 0.2493105 -0.4551134 -0.4496852 0.2547812 0.1075145 -0.1396921 0.1750496 -0.4129773 0.3126689 0.0801638 -0.0878736 -0.1910603 -0.0806338 -0.0733139 0.0368651 -0.0932628 0.1403580 -0.0196049 -0.2276154 -0.3838650 -0.3129626 -0.1869999 0.0483609 -0.4719052 -0.2814250 -0.0284551 -0.1565402 -0.2728098 -0.3689359 -0.2737647 -0.0526556 -0.3680785 -0.4858668 -0.2350585 -0.0978580 -0.3383212 0.1420464 -0.4653651 0.0185651 -0.3647328 0.0406416 -0.3835274 0.0280013 -0.3812268 -0.4480841 -0.4949087 -0.0686659 0.0539068 -0.0828535 -0.1177185 -0.2177601 -0.3576088 -0.1927809 -0.2351020 -0.5235970 -0.4856065 -0.0616623 -0.2977774 -0.0125686 -0.0583506 -0.3416564 -0.2916680 -0.4537039 -0.2399791 -0.3467004 -0.4455642 -0.1380622 -0.4821454 -0.4750908 0.3334838 0.3891789 0.0075809 0.1892698 0.3939413 0.3184936 0.4572572 0.3985764 0.4390182 0.1089405 -0.1656966 0.1881546 -0.2153129 -0.1217512 -0.3044647 -0.1338462 0.3593500 0.5669501 0.2354475 0.2576595 -0.0147810 0.1380398 0.2189442 -0.0171118 0.0925134 -0.3117921 -0.2572182 0.0557082 -0.1953978 -0.0485954 0.0161328 0.0665274 -0.0581430 -0.1744493 0.0734610 -0.3490462 0.0234457 -0.1564017 0.0450715 0.0939612 -0.3013642 -0.2284864 0.1234139 -0.0500494 0.1573169 -0.0807320
-0.0468829 -0.5093600 0.0937223 -0.3027264 0.3104968 -0.1667081 -0.1362393 0.1645505 -0.1565274 0.1768282 0.6581608 -0.4711469 0.1765583 0.2725983 -0.3158118 0.0000000 0.3876804 0.1255823 0.7931620 0.2425474 -0.2810678 0.2380098 0.7211606 -0.2613232 0.7405312 0.9276254 0.7473463 0.2787552 -0.5850939 0.4854535 0.5035807 0.8225589 -0.1514416 -0.4699932 0.8187764 -0.3742450 0.8921730 0.5605770 0.7632784 0.7276368 0.5754507 -0.6756256 0.7852170 0.5221556 -0.5326510 0.7737537 0.8631920 0.6040130 -0.0774223 0.5331288 0.8901148 0.8534918 -0.4023141 0.8864237 0.4768613 0.8032521 0.9113142 0.7521306 -0.3164185 0.9161230 -0.3504129 0.9232514 0.6289172 0.5976071 -0.1753322 0.7847511 0.8654830 0.9077820 0.7147942 0.8701498 0.7534668 0.0811721 0.7986987 0.2128272 0.6959009 0.4885480 0.2608922 0.5453619 0.5550121 0.3365702 0.4432831 -0.4474677 -0.2698699 -0.3626113 -0.1374853 0.1261833 -0.0741688 -0.4296498 -0.0216967 -0.0606850 -0.0776901 0.0145806 -0.3047669 -0.1257606 -0.2379166 0.2794635 -0.1457276 -0.1604002 -0.3294675 -0.2695507 0.0014927 -0.0169609 -0.0789920 0.0714320 -0.0848735 -0.0579612 0.2113876 -0.0644268 -0.3192669 0.1935360 -0.2662720 0.0826810 -0.0363215 0.0161634 0.0227309 -0.0789053 -0.1245276 -0.2426322 -0.0328470 -0.3546745 -0.2340675 -0.1444971 0.1370802 -0.1033657 -0.2650784 -0.1914813 -0.1604270 0.1616123 -0.0202564 -0.2130631 -0.0409388 -0.2943909 -0.0478485 -0.0030770 -0.3883897 -0.0246532 0.1183902 0.1044608 0.2379247 -0.1182909 -0.2238982 -0.0559923 0.2735548 -0.1618001 0.2091518 -0.1890161 0.0324636 -0.0274547 0.0442913 -0.2062932 -0.3082395 -0.0797552 -0.0516522 -0.2501996 -0.2480339 -0.1580326 -0.0934644 -0.0232020 0.3224539 -0.1816625 -0.2375061 -0.0704942 -0.4239218 -0.0342190 -0.2360907 -0.2324762 -0.3502315 -0.0299073 0.0805559 -0.1821202 -0.2206371 -0.1429241 -0.3041245 0.4162886 0.1944367 0.0286193 0.0343693 0.3400160 -0.1315966 -0.2387856 -0.0900660 -0.4191643 -0.3517479 -0.1737916 0.0376346 0.4330507 0.3661090 0.4498200 -0.1070216 -0.2499909 -0.2984367 -0.1779801 0.1962221 0.0464296 -0.1735029 0.1936718 0.0865099 0.3945265 0.3005618 -0.0668623 0.5996413 0.1413795 -0.1838619 0.0941146 0.1356414 0.4133711 -0.0130162 -0.0662972 0.1759802 0.1449300 -0.1761993 -0.1652151 0.4303347 0.1918277 -0.1647828 0.2738403 0.0184231 0.4573932
0.2192782 -0.1037504 0.0196328 0.2020651 0.0750214 0.0112716 0.3079359 0.0543814 0.4197714 0.7545236 0.5374757 0.0200167 -0.1891912 0.8772196 0.3300775 0.3876804 0.0000000 0.6505396 -0.0263041 0.3843523 -0.1413134 -0.1585447 0.5753652 0.4131563 -0.1533521 0.3853204 0.7107112 0.5676067 0.0537126 0.7725942 0.1248892 -0.0052451 0.3594483 0.2671434 0.5737981 -0.4683184 0.4592507 -0.1773989 0.7046892 0.6167610 0.0966018 -0.3566985 0.6822709 0.5762141 -0.2615427 -0.0996696 0.3016317 -0.0586940 0.0963488 -0.0424024 0.4851034 0.6306067 -0.0384074 0.1628278 -0.2227860 0.0530567 0.4071279 0.3718493 -0.8076790 0.4945119 -0.5621995 0.3056885 0.0336443 0.3879992 -0.3408580 0.2557952 0.2561833 0.1963893 0.1084476 0.3740474 0.1377228 0.2008321 0.1065387 0.0707038 -0.0350404 0.0751047 0.4494711 -0.0633196 -0.0068279 0.0941384 0.0554091 -0.0544116 0.3743057 0.0270856 0.2883979 0.4678905 -0.0508843 -0.1076775 0.1192682 0.0775350 -0.3758558 -0.1267185 -0.5878194 -0.3324463 -0.5648646 0.1067224 -0.2879554 -0.4211827 -0.6871114 -0.4653985 -0.1623336 -0.4424978 0.1297467 -0.1381476 -0.3538308 -0.4504090 0.0512185 0.0750957 -0.6403501 -0.0095897 -0.6336047 0.0403198 0.0671342 -0.0332743 -0.1787178 -0.0026105 -0.0186936 -0.2299753 -0.0427931 -0.2613828 -0.2604489 -0.1736326 -0.4113540 -0.2896804 -0.3244521 -0.0316969 -0.4407580 -0.1236715 -0.3076823 -0.2634060 -0.3642178 -0.5257865 -0.2985208 -0.1820128 -0.4024069 -0.4822001 -0.2772859 -0.2543666 -0.2360412 -0.1915024 -0.5295367 -0.2933126 -0.2880428 -0.1997472 -0.1849300 -0.2341642 -0.3076243 -0.2721971 -0.0067037 -0.4614112 -0.3489356 -0.1437030 -0.2676139 -0.3097102 -0.2221544 -0.3231342 -0.3718395 -0.3476928 -0.0745518 -0.3460858 -0.0784101 -0.3363971 -0.2952599 -0.4105637 -0.2430306 -0.5585609 -0.3122203 -0.0462370 -0.2100507 -0.3933710 -0.2354097 -0.2121279 -0.0641247 0.3769636 0.0346379 -0.2363434 0.0177731 0.2724634 -0.0580647 -0.1892341 -0.2468875 -0.6300679 -0.8100807 -0.5513445 -0.7062286 -0.1288550 -0.3124486 0.0447602 0.1263359 0.1523552 -0.1119089 -0.1059740 0.1204737 -0.1470564 -0.0159241 -0.0747630 0.0165262 -0.0269863 0.0325278 -0.0342170 0.2095468 0.2585051 0.2198319 0.1580815 -0.0634287 0.1357876 -0.2025094 -0.2990529 0.2670148 0.2149155 0.1633570 0.1495244 0.0527993 0.0080984 -0.0846839 0.4134423 0.6120752 0.3162011
