0.0000000 -0.1426090 -0.1163713 -0.5829402 0.0684636 -0.6620007 -0.4419593 -0.3847639 -0.5932942 -0.3954944 -0.5359987 -0.4129890 -0.2198746 -0.2499094 -0.4537858 0.1535448 -0.1877913 -0.0395659 0.2364972 0.4873571 0.1017907 0.1765449 0.1513623 -0.4713844 0.3952866 -0.0155301 -0.5430426 -0.3909188 -0.0943340 -0.6493335 0.0827987 0.2365770 -0.3382279 -0.4896421 0.1682397 0.1357079 0.2555304 0.2585417 -0.3978768 -0.3956122 0.3455083 -0.1391571 0.0689521 -0.5505528 -0.1642820 0.0864188 0.2447087 0.1775568 -0.4098753 -0.1926609 0.1827156 -0.2962002 -0.4233665 -0.2570074 0.0661839 0.1193947 0.3142202 -0.3250291 0.0638852 0.2328202 -0.1581234 0.2937520 0.2930946 -0.4099283 -0.1840859 0.2906681 0.4118950 0.3264889 0.2246674 -0.1002650 0.2688088 -0.5707697 0.1968485 -0.4454102 0.1421079 -0.0830150 -0.4198148 0.0832962 0.0022741 -0.0123311 0.0345581 0.4407471 -0.2190786 0.4680303 0.3904211 0.0285360 -0.2380532 0.1930843 0.0988991 -0.0207577 -0.0686774 0.2842791 0.3442145 0.4313439 -0.2484275 0.2240338 0.2463118 0.4096794 -0.3445499 0.5816917 0.1607765 0.4105621 0.4113496 0.4921484 0.0919058 0.0381537 0.4217492 0.1888473 0.1486259 0.5241043 -0.1937457 0.5873136 0.1757171 0.3542141 0.5188626 0.2983363 0.3591830 0.4224304 0.3764362 0.2959681 0.3738764 0.2031923 0.3870109 0.1064059 0.3566605 0.3845261 0.2528320 0.1611142 0.1581525 -0.0671536 0.2646900 0.1487800 -0.0752886 -0.4723033 0.2236226 0.2483199 -0.0812904 0.1680340 0.0025587 0.2460597 0.3116925 0.1927672 0.2129245 0.0177602 -0.0444344 -0.1241019 -0.0362804 -0.0164492 0.5346092 0.1276826 0.1879438 0.2465906 0.0286880 0.4324364 -0.0267859 0.2232307 0.5466903 -0.0040196 0.3887888 0.2608319 -0.0724875 0.1655137 0.0220137 0.6081533 -0.0447963 0.1040906 0.3509970 0.5162259 0.4646850 0.2304564 0.1584837 0.2300277 0.0790544 0.2486786 0.0560071 -0.3407328 -0.3902309 -0.0717483 -0.2185349 -0.0769211 -0.3236699 0.3586442 0.1351390 0.3300592 0.0426434 -0.2356602 -0.0921600 -0.1467019 -0.6019928 -0.5165135 0.2857455 -0.3700840 -0.4650979 -0.3195327 0.1002526 -0.1251161 0.3312385 -0.4999906 -0.1572153 0.4295040 -0.4963924 -0.5658809 -0.3777276 -0.4491697 -0.0032839 -0.3427000 0.1235017 -0.3260879 -0.6405642 -0.2402140 -0.1621359 -0.5045402 -0.1692627 -0.4465913 -0.0419769 0.1707904 -0.0194407 -0.2252635
-0.1426090 0.0000000 0.5493226 0.6216447 0.7447108 0.5771919 0.3680920 0.4093093 0.5966112 0.8169692 0.4858480 0.4128260 0.4208825 0.4281013 0.6174092 0.2381984 0.4884247 0.2444722 0.1388728 0.3896485 0.2875436 0.0164328 0.2059184 0.4486356 -0.0805705 0.1512830 0.4131555 0.1404527 0.7675053 0.2565734 0.1708369 0.0651890 0.1663952 0.6491090 -0.0420662 0.2885895 -0.0633300 -0.0044323 0.3919595 0.3674211 0.0288893 0.7227342 0.1659490 0.3046713 0.8181435 0.0716296 0.0577422 0.2281683 0.2797719 0.0849242 0.0508303 0.4326569 0.7750261 0.6481074 0.2903254 0.0768561 0.1180598 0.2535447 0.6040990 0.1414226 0.7759054 0.3002384 0.2178115 0.4620539 0.5665539 0.1975487 0.1198763 0.1325511 0.0069792 -0.0435281 0.0652093 0.3325524 0.1578649 0.4549571 -0.1460757 0.1790060 0.1193591 -0.1043114 0.2686880 0.2463410 0.0413938 -0.7152933 -0.2956635 -0.6304644 -0.5722096 -0.4128941 -0.5099592 -0.4638432 -0.6796291 -0.5734091 -0.7037379 -0.6861798 -0.2176770 -0.7007379 -0.4884313 -0.8537245 -0.7608205 -0.2044761 -0.1815790 -0.6596618 -0.7293119 -0.3080318 -0.4074943 -0.7601418 -0.6764176 -0.7822621 -0.4296909 -0.4008408 -0.5624334 -0.2261094 -0.5794668 -0.3032409 -0.0006486 0.0134832 0.1632322 0.1492757 0.2824895 0.4034677 0.4212601 0.2199769 0.3442711 0.3188163 -0.2243644 0.2298062 0.1362620 -0.0508348 0.1544808 -0.2547959 -0.0242334 -0.1319667 -0.0539310 -0.2769714 -0.3629446 0.0468270 -0.1893442 -0.3615497 -0.3113753 -0.0938589 -0.1592399 -0.1383811 -0.1323417 0.0340179 -0.3138790 0.2572206 -0.0709100 -0.4030602 -0.1632951 -0.1459289 -0.0535703 -0.0604105 -0.0658473 0.3080241 -0.1700342 -0.0487314 -0.2877555 0.1195289 0.0173547 -0.0571237 -0.2040986 0.0451616 -0.2736279 -0.3798907 0.0443326 0.0383575 -0.3717119 0.0804076 0.2549929 -0.0341671 -0.2045881 -0.4494906 -0.2052833 -0.4554840 0.5276792 -0.3156518 0.6383366 0.3015989 0.1342234 0.1580073 0.0604835 0.1279326 -0.1995430 -0.0186839 0.5238033 0.2142733 0.6627064 0.7566321 0.7776366 0.7065699 0.4325541 0.2317118 -0.1643019 -0.0484641 -0.1010886 -0.2409798 -0.1267476 -0.1520378 -0.1486531 -0.0091481 0.1110930 0.1909148 -0.5639046 -0.4462984 -0.1288982 -0.2789091 0.6209044 0.1501771 0.2623508 -0.4139295 -0.3760400 -0.4078629 -0.1271747 -0.2734475 0.2391289 -0.0420664 -0.3845170 -0.0090072 0.6262231 0.4727641
-0.1163713 0.5493226 0.0000000 0.7510956 0.7911894 0.4326981 0.4735921 0.7527646 0.4811664 0.5386203 0.7506724 0.5190457 0.7470988 0.3120081 0.4672411 0.3317761 0.4617322 0.3315459 0.1943929 0.4689652 0.4275737 0.4150777 0.1886253 0.2583931 0.0868785 0.1833477 0.3092309 -0.0715439 0.1878912 0.2106898 0.6163433 0.2355336 -0.0677258 0.2371039 -0.0003794 -0.2224817 0.0633003 0.3050360 0.3558318 0.2193519 0.3433606 -0.0004977 0.0902998 0.1459899 0.0823735 0.2790877 0.0363982 0.4970596 0.2285031 0.3654340 -0.0739040 0.2858939 0.3243611 0.3419217 0.5660750 0.3790181 0.0883549 0.4369439 -0.0630846 0.0123309 0.1075204 -0.0058556 0.4398633 0.5876946 0.5229997 0.1108851 0.0361084 0.1443603 0.2655555 0.3681154 -0.0297078 0.4834942 0.2320270 0.5918763 0.0472251 0.5032277 0.3785228 0.1108740 0.5183454 0.5168429 0.3916155 -0.3571449 0.2375272 -0.2089995 -0.1199736 -0.0477889 -0.3709920 -0.3199084 -0.3390556 -0.2228618 -0.1883746 -0.1601853 0.0875377 -0.7150433 -0.0776069 -0.2686622 -0.2674601 -0.0049999 0.0915223 -0.7234081 -0.4356265 -0.1014324 0.0750048 -0.7174796 -0.0139329 -0.1612979 -0.0405344 0.0978589 0.0695109 0.0827265 0.0445359 -0.2171234 0.2665316 0.0913307 0.1425883 0.2672097 0.2214248 0.2894889 0.3056003 0.3504150 0.2969227 0.2540688 0.1698540 0.3499619 0.2917418 -0.0076664 0.2915544 0.2911765 0.1811072 0.3943192 0.3162424 0.2932509 0.1982709 0.0428491 0.3174037 0.2033697 0.2774552 0.1436556 0.2802156 0.0144048 0.2947878 0.1752515 0.2186144 0.3936291 0.2713426 0.2740714 0.3041360 0.3470729 0.2545861 0.2352403 0.1684960 0.3006801 0.2701883 0.2927964 0.2614490 0.3796458 0.1408592 0.2910485 0.2058317 0.1516618 0.2439108 0.0692857 0.5010491 0.0854515 0.1873685 0.2750389 0.3914072 0.1805175 -0.0246702 -0.0479476 0.2239681 0.0379828 0.1671917 -0.3620292 0.5478926 0.5635529 0.5199342 0.4735619 0.3218461 0.0748689 0.0091336 -0.5419365 -0.2577672 -0.5220437 -0.0192752 0.5115338 0.2269415 0.5665103 0.4864975 0.3169154 0.3530821 0.2556705 0.0410362 0.2905112 0.2747695 0.2373758 -0.2475529 0.1172879 0.5611042 -0.0198352 -0.0958069 -0.2092494 0.2172813 -0.0696207 0.4324661 0.4822752 0.1756039 -0.1697798 0.0309177 0.0447520 0.2666304 -0.0331051 0.4162736 -0.1381924 -0.2970090 0.2229840 0.2328627 0.1594840
-0.5829402 0.6216447 0.7510956 0.0000000 0.5686127 0.8381362 0.6909972 0.8453903 0.8822277 0.7905684 0.9481728 0.7660985 0.7256794 0.4894735 0.8400249 0.1858570 0.5658215 0.3930421 0.0698915 -0.0282816 0.3810740 0.1682732 0.0688695 0.6304184 -0.1275951 0.2100913 0.6760630 0.2315806 0.4512273 0.6086349 0.3842422 0.0458218 0.2257425 0.6819141 -0.1491015 -0.0311953 -0.1500825 0.0525389 0.5809475 0.5324090 0.0342131 0.2710323 0.0184554 0.5249314 0.3361073 0.1122019 -0.1551256 0.2831847 0.5759972 0.3261880 -0.2057201 0.4436129 0.7312461 0.6024959 0.3425133 0.1206851 -0.1515001 0.7245350 -0.0246936 -0.1107109 0.2924850 -0.0814383 0.0793872 0.8395486 0.6195911 -0.0914783 -0.1734152 0.0378655 -0.0403965 0.4541953 -0.2358639 0.8470808 0.1114935 0.7911243 -0.1280074 0.5028759 0.6348440 -0.0923616 0.4025801 0.4614761 0.2040049 -0.7534823 0.1813213 -0.5879062 -0.4686954 -0.0663378 -0.1757593 -0.5576388 -0.3464837 -0.1831875 -0.1060315 -0.3619698 -0.1213839 -0.8048410 0.1612655 -0.4687438 -0.4816264 -0.2577324 0.4346479 -0.8547367 -0.3951702 -0.2976623 -0.2517137 -0.8107180 -0.1501851 -0.1730541 -0.3391364 -0.1743601 -0.1057418 -0.3467718 0.1315461 -0.4698413 -0.0026066 -0.2382691 -0.1785240 -0.0703532 -0.0721413 0.0318992 0.0343070 0.2252816 0.0228650 -0.0268383 -0.1560850 0.0666967 -0.0191514 -0.1559847 -0.0439571 0.0737174 0.1133081 0.1789345 -0.0232913 0.0193817 0.0876481 0.3535391 -0.0093343 -0.1235102 0.1250689 -0.0000128 0.1519538 -0.0286652 -0.0703295 0.0862633 -0.1074213 0.4382787 0.2008219 0.0753587 0.1346443 0.1693742 -0.2366788 0.1250066 0.0593543 0.1781103 0.1087263 -0.1558692 0.0883986 0.1768262 -0.2752081 0.1550405 -0.1808174 0.0013439 0.0760545 -0.1147819 0.3242007 -0.3458200 0.0080499 0.1354892 0.0378089 -0.3093628 -0.4543428 -0.3039031 -0.0585945 -0.2786819 0.1578972 -0.4857280 0.5446029 0.6930749 0.6422277 0.2743389 0.4363888 0.2337070 0.2093728 -0.4011940 -0.1562199 -0.4627058 0.0383149 0.5502829 0.3159164 0.4978031 0.7975135 0.6265137 0.0590001 0.4214057 0.3225222 0.2364425 0.0478234 0.0951215 -0.2361120 0.4483242 0.5521341 -0.0481178 0.1514416 0.0169684 0.2065254 0.1567558 0.5138066 0.5566677 0.2792866 -0.0862644 0.2858278 0.0242335 0.1408522 0.2231143 0.3762071 0.1246732 -0.2091701 -0.0725146 0.2947507 0.3629950
0.0684636 0.7447108 0.7911894 0.5686127 0.0000000 0.3925424 0.4990800 0.5908855 0.4006590 0.5491433 0.5102697 0.4722256 0.6974004 0.1889904 0.4653539 0.3351473 0.3754521 0.0646837 0.2898928 0.5962271 0.3641869 0.3146465 0.2457503 0.1346455 0.0991086 0.2641880 0.2755950 -0.1671108 0.4889675 0.0994077 0.5090166 0.2764839 -0.1455903 0.3059711 0.0943660 -0.0243509 0.1391563 0.2714862 0.2231260 0.1228654 0.3133634 0.4121148 0.1886826 0.0529526 0.4919535 0.3148668 0.1950645 0.4848654 0.0706570 0.3427668 0.1483528 0.3454519 0.4947496 0.4380226 0.5966759 0.3822379 0.2534145 0.2780960 0.4187766 0.1949172 0.5262976 0.2507243 0.6107826 0.4923281 0.6008043 0.3194856 0.2519998 0.2221475 0.3193026 0.1389903 0.2106416 0.3603051 0.3250302 0.5627448 0.1003259 0.3749675 0.1798371 0.2050071 0.5594279 0.5418333 0.4118199 -0.5478708 -0.2220824 -0.4550546 -0.3515221 -0.4396994 -0.5921433 -0.5382936 -0.6275585 -0.5939417 -0.4372670 -0.3833063 -0.0192710 -0.6137648 -0.2645830 -0.5061180 -0.4281094 -0.1373122 -0.1181844 -0.6126559 -0.7244291 -0.2501764 -0.2298288 -0.5918655 -0.2844214 -0.4747294 -0.2863061 -0.1247027 -0.2328505 0.0182004 -0.3989032 -0.1827496 0.1650469 0.1029411 0.2593456 0.2531780 0.2552022 0.3731298 0.3999876 0.4192578 0.3730840 0.2862847 0.1966142 0.2287741 0.2717010 0.1397140 0.2926296 0.1539055 0.2222392 0.2190597 0.2794271 0.1520495 0.0016241 0.0566739 0.2600878 0.1059947 0.0766487 0.1446306 0.1494225 -0.0008109 0.3246514 0.2613563 0.2306288 0.3834548 0.1831180 0.0031459 0.1995711 0.2504216 0.3776669 0.2298965 0.2237090 0.5268025 0.2131813 0.3502523 0.1847680 0.4945785 0.3602697 0.3151242 0.2486466 0.3418125 0.1922841 0.0619295 0.4442541 0.3593008 0.0844486 0.4348047 0.5702832 0.3120055 0.1670770 0.0481869 0.2861180 0.0478986 0.3794948 -0.4090003 0.6164882 0.4376077 0.3192354 0.4890783 0.0960836 0.0350069 -0.0602845 -0.2044972 0.2509756 -0.0309884 0.4667249 0.7055722 0.5544101 0.8116982 0.4751847 0.2871088 0.2125704 0.1585675 -0.0526966 0.0889514 0.1551724 0.0559126 -0.1434966 -0.0297626 0.3733717 0.2066595 -0.5095140 -0.4134147 0.0137256 -0.2594668 0.4432146 0.3356062 0.2803252 -0.4257481 -0.4130291 -0.1908681 0.0982554 -0.2680399 0.3100990 -0.1976345 -0.2803150 0.2730599 0.4596344 0.3721961
-0.6620007 0.5771919 0.4326981 0.8381362 0.3925424 0.0000000 0.7864549 0.4943599 0.9408347 0.8460185 0.7640722 0.7940838 0.3747533 0.6395050 0.8367054 -0.2296203 0.4878234 0.4364182 -0.3447359 -0.2660028 0.3070659 -0.3276406 -0.2669674 0.8088625 -0.5556184 -0.1245366 0.7566052 0.5597457 0.5632370 0.7971095 -0.1067311 -0.3935401 0.5611533 0.9088529 -0.4403062 0.1553931 -0.5260243 -0.4331298 0.4910512 0.6052020 -0.4469502 0.4685539 -0.2360119 0.7763782 0.4912755 -0.3120441 -0.4890956 -0.2009605 0.7883832 -0.0358741 -0.4218739 0.2467811 0.7553436 0.5570639 -0.1108513 -0.3225152 -0.5107436 0.5884261 0.1745769 -0.3982164 0.4004115 -0.2705245 -0.2971388 0.6347827 0.3262854 -0.4297909 -0.4995202 -0.3190129 -0.4601642 0.1422557 -0.5096651 0.7525589 -0.2967011 0.7430134 -0.4809679 0.1483145 0.6448126 -0.4120905 0.0473438 0.1741931 -0.0064789 -0.7624713 -0.0060260 -0.7072563 -0.5364307 -0.1363938 -0.0524758 -0.4733321 -0.2345646 -0.1354487 -0.1972012 -0.6035644 -0.4155134 -0.5497753 0.2387363 -0.6085505 -0.6951025 -0.4921945 0.5157159 -0.6296706 -0.3203768 -0.4794534 -0.5726373 -0.6279505 -0.4532461 -0.2816293 -0.4963371 -0.4794018 -0.4424340 -0.5633931 -0.0288560 -0.5572601 -0.2231080 -0.4409127 -0.3518789 -0.3207407 -0.2848749 -0.1284843 -0.1693460 0.0792303 -0.1533770 -0.2014817 -0.4835495 -0.0974964 -0.3304260 -0.3869108 -0.2626832 -0.2900283 -0.1227475 -0.1473226 -0.3845555 -0.3842395 -0.2211079 0.6465500 -0.4195453 -0.4980273 -0.1787974 -0.2711463 -0.1704904 -0.2337049 -0.4576144 -0.2271309 -0.4302594 0.2537166 -0.0535757 -0.2365300 -0.2128527 -0.1896460 -0.5743737 -0.2675306 -0.3176473 -0.1356110 -0.2607613 -0.4955133 -0.2518420 -0.1611153 -0.5734206 -0.2076365 -0.5453583 -0.3375956 -0.2471783 -0.4172194 -0.0263959 -0.5870058 -0.3304053 -0.2058786 -0.2861514 -0.5969977 -0.6756286 -0.4895429 -0.3946245 -0.5658137 0.1840134 -0.3033319 0.5787361 0.7368114 0.6725965 0.3168938 0.4253347 0.2677372 0.3707466 -0.2096770 0.0634305 -0.2139282 0.2031333 0.4527560 0.4320516 0.4377286 0.8474021 0.6862785 -0.2937028 0.4109166 0.4076534 0.1643719 -0.1531469 -0.0338223 -0.3348241 0.6179382 0.3623381 -0.2244813 0.2428898 0.2479825 0.2051377 0.3564063 0.6476610 0.4177114 0.1278140 0.1229052 0.3781956 0.1164349 -0.0106125 0.4986243 0.4300954 0.4610283 0.0624544 -0.2723604 0.5089359 0.6113716
-0.4419593 0.3680920 0.4735921 0.6909972 0.4990800 0.7864549 0.0000000 0.5523104 0.6957536 0.5157723 0.6725903 0.8665790 0.5114191 0.3416593 0.6943671 -0.0808354 0.4152059 0.1322950 -0.1794841 -0.1500792 0.4221727 -0.1449217 -0.0813624 0.4163925 -0.3788226 0.0536737 0.7034215 0.2309448 0.4042322 0.6375974 0.0095288 -0.1848468 0.1950847 0.5692370 -0.1748399 0.1400697 -0.2294182 -0.2384131 0.4018192 0.3572139 -0.2915066 0.3528581 -0.0407170 0.5017548 0.3009754 -0.0498760 -0.2531748 -0.0806819 0.5574543 0.2078611 -0.1964957 0.2633796 0.5673826 0.4090637 0.0439897 -0.0920456 -0.3086563 0.6460167 0.0620843 -0.2549991 0.2589791 -0.1931594 -0.0477628 0.6688215 0.3486638 -0.2850886 -0.3254983 -0.1438038 -0.2504196 0.3300151 -0.3526340 0.7296685 -0.1295916 0.8556566 -0.2726477 0.3346510 0.6864458 -0.1368973 0.2915766 0.4015024 0.3700958 -0.5765300 0.1260525 -0.5310473 -0.3466616 -0.1898670 -0.1079211 -0.3950024 -0.2314688 -0.1099160 -0.0590918 -0.4310236 -0.4352434 -0.4373855 0.2800431 -0.2996459 -0.4505189 -0.5353425 0.4717491 -0.5069560 -0.2343420 -0.5378314 -0.4518965 -0.4810800 -0.1866200 -0.0513279 -0.4920196 -0.2951956 -0.2492152 -0.4161705 0.0986233 -0.5060431 -0.1727987 -0.3385997 -0.3762382 -0.2653173 -0.3160269 -0.2456658 -0.2402425 0.1065375 -0.2076687 -0.2410871 -0.3186974 0.0483149 -0.3656979 -0.1220289 -0.1937586 -0.1332673 -0.0622090 0.0236928 -0.2818055 -0.1388010 -0.0130188 0.5804468 -0.1270615 -0.2089669 -0.0110377 -0.2032847 -0.0743194 -0.1270107 -0.1312799 -0.1441132 0.0161678 0.2983752 0.0014567 0.1048810 -0.0517836 0.0160926 -0.2770736 -0.1048074 -0.1615103 0.0002563 -0.1018156 -0.1687100 0.0396438 0.1143804 -0.3125326 -0.0489706 -0.2231137 -0.1433687 0.0561039 -0.1316616 0.2878448 -0.3689984 -0.0356784 0.0110476 -0.0108882 -0.3654463 -0.3753551 -0.1338766 -0.0559940 -0.1821654 0.1411872 -0.4567672 0.6786062 0.7282292 0.7479737 0.6443880 0.6372561 0.5165551 0.6135952 -0.0489599 -0.0378241 -0.2542472 0.0554818 0.4283868 0.2425491 0.5720841 0.8604079 0.7934265 0.0447499 0.6426739 0.4327951 0.6009078 0.1899154 0.3748768 -0.1152285 0.4804390 0.5100728 -0.1459014 0.2425626 0.1943370 -0.0091408 0.0998976 0.5061019 0.6351130 0.0293224 0.1955861 0.3288208 0.2141447 -0.1322972 0.4821832 0.5529585 0.4601779 0.1903883 0.0263692 0.4632239 0.5559100
-0.3847639 0.4093093 0.7527646 0.8453903 0.5908855 0.4943599 0.5523104 0.0000000 0.6053985 0.4594824 0.8611672 0.6026524 0.9550940 0.1153713 0.6581015 0.5729765 0.5385636 0.1058402 0.5173632 0.1023331 0.2768236 0.5846210 0.4490383 0.2032830 0.3189677 0.6151851 0.5367561 -0.2386531 0.2420796 0.3134205 0.7579617 0.4756577 -0.2602489 0.2516585 0.2718719 -0.1949348 0.3017418 0.5185523 0.5062269 0.2738953 0.4574600 0.0864669 0.3409761 0.0970556 0.1334403 0.5379104 0.2387540 0.6550802 0.1460340 0.6994172 0.1579268 0.5804265 0.5536879 0.4863283 0.7037220 0.5264291 0.2236997 0.7448669 -0.1383464 0.2483996 0.1829383 0.1391490 0.4609339 0.8617410 0.8053185 0.2657517 0.2357016 0.4021210 0.3787529 0.7029569 0.1709104 0.7754310 0.5090398 0.6780114 0.3388205 0.6997803 0.4449001 0.3373152 0.6738389 0.6442925 0.3928738 -0.5924334 0.2437270 -0.3607550 -0.2641405 -0.0663672 -0.2726653 -0.6231395 -0.3620394 -0.2124436 0.0393720 -0.0505630 0.1788068 -0.7166745 0.1712771 -0.1997514 -0.1188164 -0.0259519 0.3423749 -0.7772437 -0.4172462 -0.0738943 0.0318143 -0.6329170 0.2013975 0.0190462 -0.1649414 0.1826333 0.2196511 -0.0820315 0.2191474 -0.2226636 0.1618997 -0.0336026 -0.0144386 0.0952193 0.0318470 0.0768629 0.1139839 0.3640642 0.1128151 0.0323006 0.2117097 0.0640623 0.2192681 0.1569323 0.1178905 0.3865973 0.3946969 0.4802850 0.3320396 0.3835531 0.4220617 0.0876539 0.3883365 0.2859028 0.4618430 0.3022080 0.4435626 0.1954161 0.3355218 0.4251678 0.3415644 0.4690950 0.4327374 0.3710981 0.4780416 0.5285204 0.1379925 0.5544761 0.4782716 0.4807664 0.5198821 0.2034463 0.5247501 0.4957424 0.0777014 0.5459530 0.2354693 0.4069202 0.5153226 0.3497547 0.5968056 -0.0192419 0.4612723 0.5059582 0.3153572 0.0246975 -0.0900931 0.1335327 0.3931143 0.1833429 0.1655358 -0.6573553 0.3485179 0.4628804 0.4363205 0.2496480 0.3314129 0.1913974 0.2040481 -0.3395480 -0.2624700 -0.4966242 -0.0762043 0.5356168 0.1300020 0.4576422 0.5852466 0.4480575 0.3997304 0.3893575 0.2238982 0.3302106 0.2175460 0.1699287 0.0175999 0.1579008 0.5565140 0.1727045 0.0767741 -0.0248091 0.1774073 -0.0146526 0.1976598 0.5689322 0.4353625 -0.2798340 0.1332264 -0.0331338 0.2731540 -0.0507100 0.2218776 -0.1638645 -0.2552661 0.1049006 0.0781397 0.1670044
-0.5932942 0.5966112 0.4811664 0.8822277 0.4006590 0.9408347 0.6957536 0.6053985 0.0000000 0.8972979 0.8396886 0.7549441 0.4695408 0.6630171 0.9060933 -0.0144687 0.6004932 0.5575636 -0.1432589 -0.1780535 0.2855604 -0.1371776 -0.0592051 0.8447536 -0.3463580 0.0724461 0.7912127 0.4609019 0.5667372 0.7428932 0.0747438 -0.1831433 0.4799752 0.8675856 -0.2548912 0.0746496 -0.3491155 -0.2352376 0.5688218 0.6416524 -0.2466872 0.4197389 -0.0672549 0.7087299 0.4647874 -0.1339827 -0.3295286 0.0136365 0.7412549 0.1003740 -0.2790807 0.4104528 0.7954602 0.7186973 0.0631821 -0.1472017 -0.3321573 0.7064438 0.1356039 -0.1797755 0.3819106 -0.0395127 -0.1674303 0.7200377 0.4724207 -0.2348988 -0.2844238 -0.0749367 -0.2990458 0.2785823 -0.3659577 0.7802714 -0.1094612 0.6863174 -0.3294715 0.2530140 0.5774790 -0.3201776 0.1441877 0.2522196 -0.0132009 -0.8352751 0.0147846 -0.6959960 -0.5466379 -0.1511051 -0.1734706 -0.5500507 -0.2873608 -0.1579643 -0.1876639 -0.5719920 -0.3546898 -0.6324795 0.2455787 -0.6259150 -0.6954163 -0.4773024 0.5499633 -0.6777472 -0.3148404 -0.4529291 -0.4919195 -0.6625211 -0.3996951 -0.2522447 -0.4837206 -0.4417423 -0.3870477 -0.5036522 0.0312912 -0.5282783 -0.2547491 -0.4566893 -0.2934130 -0.3008420 -0.2669808 -0.0897008 -0.1211385 0.1098639 -0.1756067 -0.2414405 -0.3597766 -0.1396445 -0.2616006 -0.2500368 -0.2960356 -0.1438958 0.0333588 -0.0978557 -0.2775153 -0.2436989 -0.1566652 0.5144924 -0.2812872 -0.3748431 -0.0721227 -0.1083116 0.0208451 -0.1030751 -0.3209644 -0.0282130 -0.3794975 0.3899743 0.0904096 -0.2007759 -0.0409877 0.0011524 -0.4614379 -0.1166068 -0.2129008 -0.0025234 -0.1012666 -0.3727105 -0.1143513 -0.0692912 -0.5108851 -0.0571216 -0.4575598 -0.2785919 -0.1698593 -0.3578750 0.0713719 -0.5800400 -0.2551947 -0.0988389 -0.1896942 -0.4999047 -0.6577288 -0.4901948 -0.3098009 -0.5019456 0.1881086 -0.3737765 0.5357653 0.6527827 0.5730849 0.1954472 0.3418746 0.1920710 0.2986855 -0.2454126 0.0089552 -0.2762796 0.1754397 0.4641647 0.4480347 0.4230111 0.7574699 0.5650533 -0.2189146 0.3195006 0.2918319 0.0823330 -0.1108646 -0.0418623 -0.2744166 0.5154326 0.3904073 -0.0595784 0.1730109 0.1280128 0.0753513 0.2204023 0.6569289 0.4204121 0.2837383 0.0324473 0.2933914 0.0039943 -0.0543185 0.3065153 0.3365932 0.2713154 -0.0960764 -0.2111810 0.5071715 0.5921977
-0.3954944 0.8169692 0.5386203 0.7905684 0.5491433 0.8460185 0.5157723 0.4594824 0.8972979 0.0000000 0.7284577 0.5556447 0.3656621 0.7723089 0.7767906 -0.0154038 0.6204189 0.6116357 -0.1580009 0.0681768 0.2172051 -0.2011024 -0.0355027 0.8466477 -0.3794284 -0.0349952 0.6902003 0.5058665 0.6420605 0.6389032 0.0405324 -0.2168643 0.5393499 0.8782427 -0.2466286 0.1189289 -0.3657586 -0.2736040 0.5798769 0.6736378 -0.2304546 0.5405743 -0.0015436 0.6938212 0.6305886 -0.1738086 -0.2463989 0.0155555 0.6822749 -0.0548867 -0.1916963 0.4371660 0.7798780 0.7901544 0.0796559 -0.1499171 -0.2362378 0.4950967 0.3691384 -0.0963068 0.5438024 0.0998687 -0.0793512 0.5412137 0.4312858 -0.1397363 -0.1925919 -0.0889752 -0.2660181 0.0033282 -0.2889267 0.5439124 -0.1494263 0.5419535 -0.3842166 0.0548200 0.3337817 -0.3874780 0.0410980 0.1165948 -0.1394973 -0.8115748 -0.1554362 -0.6772717 -0.5425465 -0.2163667 -0.3438765 -0.4309379 -0.3853521 -0.2846766 -0.4706500 -0.7282202 -0.3861872 -0.6151455 -0.0510007 -0.8238866 -0.8492595 -0.4399863 0.2815728 -0.6354123 -0.4468652 -0.4344133 -0.4955124 -0.6947075 -0.6586127 -0.5481829 -0.4878163 -0.5625998 -0.5976876 -0.4654869 -0.2564172 -0.4716564 -0.2692866 -0.3873397 -0.1481373 -0.2287379 -0.1084170 0.1091835 0.0523258 0.1423568 0.0114570 -0.0820070 -0.3868994 -0.0586362 -0.1571756 -0.2618750 -0.2093287 -0.2651783 -0.0118093 -0.2438107 -0.2669042 -0.3557768 -0.3737926 0.3749639 -0.3573508 -0.4692104 -0.2489261 -0.1237498 -0.0651784 -0.1904682 -0.3404978 -0.0673153 -0.4680292 0.2858313 -0.0006139 -0.4266019 -0.1485243 -0.1110193 -0.3695444 -0.2272634 -0.3050719 0.0101458 -0.2247289 -0.3267589 -0.2792325 -0.1316333 -0.4048229 -0.1736256 -0.4847542 -0.3019032 -0.3288466 -0.4930496 -0.0769257 -0.4164768 -0.4247424 -0.1693918 -0.1098360 -0.3788741 -0.5833210 -0.5772453 -0.3876826 -0.6031602 0.3163011 -0.3037658 0.5920585 0.5525606 0.4028561 0.2204708 0.1344898 0.0742411 0.0944296 -0.2503236 0.2283678 -0.0853175 0.4076468 0.5691901 0.6908596 0.5508759 0.6066957 0.3562252 -0.3410351 0.0760687 0.1241285 -0.1562403 -0.2116013 -0.1660390 -0.3031760 0.3684698 0.1988270 -0.0160608 -0.1670295 -0.1169877 -0.0093227 0.0590411 0.7798020 0.1780591 0.2680067 -0.1115350 0.0015336 -0.2005726 -0.1235421 0.1072750 0.2315204 0.1651245 -0.1696141 -0.2344426 0.6091550 0.5769910
-0.5359987 0.4858480 0.7506724 0.9481728 0.5102697 0.7640722 0.6725903 0.8611672 0.8396886 0.7284577 0.0000000 0.7183220 0.7302009 0.5191730 0.7916538 0.2749703 0.7056196 0.4664949 0.0991820 -0.1072564 0.3455626 0.1769462 0.1647712 0.6029603 -0.0942436 0.2738617 0.7375921 0.1808014 0.3381039 0.6146695 0.4303612 0.0854958 0.1697675 0.5768747 -0.0371459 -0.0800364 -0.0774413 0.0897786 0.6627017 0.5324361 0.0508110 0.1740274 0.1225099 0.4905538 0.2063924 0.1489720 -0.1072801 0.2768224 0.5590739 0.3362545 -0.1416344 0.5024348 0.6470843 0.6265772 0.3469985 0.1443101 -0.1436301 0.8206948 -0.0883878 -0.0473728 0.1829142 -0.0401474 0.1099549 0.8533367 0.6125286 -0.0986891 -0.1345616 0.1089252 -0.0221752 0.5468693 -0.2096443 0.8363366 0.1059731 0.7879198 -0.0624145 0.4891393 0.6249065 -0.0294407 0.4188135 0.4934701 0.2472813 -0.6691595 0.2179118 -0.4778692 -0.3222227 -0.0375213 -0.2068754 -0.4697134 -0.2664256 -0.0756050 -0.0792817 -0.3410122 -0.1269145 -0.7033640 0.2284353 -0.4084317 -0.4279907 -0.2583461 0.4892167 -0.7668669 -0.2774454 -0.2838991 -0.1999425 -0.7016463 -0.0995413 -0.0968381 -0.3045031 -0.1481968 -0.0632125 -0.3118469 0.2228830 -0.4342183 -0.0310362 -0.2546717 -0.1959927 -0.1044102 -0.1005755 0.0009927 -0.0142037 0.1814388 -0.0170161 -0.0707574 -0.1621702 0.0541025 -0.0718571 -0.1898630 -0.0751947 0.0655597 0.1136542 0.1914586 -0.0244894 0.0532994 0.1240738 0.2775167 0.0273019 -0.0795848 0.1746215 -0.0018288 0.2083937 -0.0716204 -0.0249800 0.0661944 -0.0228230 0.3842047 0.1961276 0.1304894 0.1776376 0.2592296 -0.2003092 0.1305562 0.0347905 0.1251254 0.1410485 -0.1092404 0.2224785 0.1949907 -0.2938374 0.1583523 -0.1508266 -0.0463532 0.1772659 -0.0676426 0.3662311 -0.3833022 0.1021346 0.1136150 0.0243854 -0.2829216 -0.4631935 -0.2592265 -0.0064726 -0.1894755 0.1353321 -0.5617844 0.4981603 0.6571581 0.6276352 0.3702319 0.4646201 0.2853540 0.3379245 -0.4116082 -0.2501805 -0.5282862 -0.0564111 0.5013316 0.2827295 0.4775882 0.7634587 0.5966010 0.0803881 0.4933522 0.3663288 0.3301547 0.0536189 0.1248321 -0.2274226 0.4446983 0.5927405 -0.1230089 0.1844383 0.1411506 0.1781001 0.1533765 0.5210510 0.5830821 0.2357572 0.0585264 0.2969456 0.1584009 0.1463171 0.2599070 0.3687025 0.1908867 -0.0757317 -0.0279983 0.2413609 0.2978591
-0.4129890 0.4128260 0.5190457 0.7660985 0.4722256 0.7940838 0.8665790 0.6026524 0.7549441 0.5556447 0.7183220 0.0000000 0.5079784 0.2393580 0.8671104 -0.0028918 0.3364056 0.2321967 -0.0977212 -0.2144260 0.7274020 -0.0251793 -0.1241207 0.4773678 -0.2018933 0.0790752 0.5242861 0.1025773 0.5965011 0.4446120 0.1182666 -0.0820056 0.1298213 0.6383068 -0.3248847 0.3336931 -0.2540844 -0.1342204 0.1882639 0.1927340 -0.1658998 0.3985456 -0.2309897 0.3588778 0.3396132 -0.0818785 -0.3797542 0.0025093 0.5467051 0.1734320 -0.3985399 0.0832327 0.6485893 0.3166757 0.0386917 -0.1276006 -0.3392498 0.6914465 0.0841012 -0.3505163 0.2811401 -0.2411948 -0.0708693 0.7444344 0.4074002 -0.2684571 -0.3187518 0.0080023 -0.2423922 0.5583821 -0.3359749 0.7737968 0.0213694 0.8500622 -0.2262476 0.5951524 0.8496298 -0.0843838 0.4846710 0.5935328 0.5270148 -0.5941221 0.2182133 -0.4364390 -0.2808941 -0.0590310 -0.0023694 -0.5221463 -0.2153314 -0.0691534 0.0417227 -0.2648521 -0.1099594 -0.6018004 0.2658638 -0.3119813 -0.3882394 -0.2236903 0.4710048 -0.6091674 -0.2555514 -0.2467527 -0.2546080 -0.5528426 -0.0721890 -0.0190807 -0.1937044 -0.0918898 -0.0112289 -0.1323679 0.1426010 -0.2479117 0.1672752 -0.0556205 -0.0307777 0.0462161 0.0150593 0.1048960 0.1077580 0.3200393 0.1018695 0.0455613 -0.1202359 0.2569591 -0.0535513 -0.0326849 0.0899824 0.0517679 -0.0298260 0.1758224 -0.0977050 -0.0211580 0.1105333 0.5625831 -0.0053844 -0.0998936 0.0528716 -0.2075761 -0.0689088 0.0757966 -0.0733912 -0.0718901 -0.0631458 0.6047328 0.0322513 0.1860769 -0.0410866 0.0150618 -0.1805838 0.0411442 0.0213036 0.1947406 -0.0294656 -0.0820634 0.0426019 0.2993720 -0.1977732 0.0696205 -0.1201195 -0.0044510 0.0180960 -0.1119419 0.4660382 -0.2480074 -0.0536325 0.1489848 0.1025059 -0.2792436 -0.3357368 -0.2108970 -0.0562193 -0.2054684 0.2638104 -0.3889399 0.6895538 0.7160965 0.7180219 0.2989162 0.7529624 0.5375238 0.3136858 0.0222878 0.0032195 -0.2066957 0.0948689 0.4218238 0.2002451 0.4205290 0.8277430 0.8046309 0.2427194 0.6661009 0.2850693 0.4505034 0.2893138 0.2515536 -0.1616068 0.4030840 0.7706604 -0.0131381 0.2373915 0.0882793 0.1749160 0.1665702 0.5377167 0.8057441 0.1177402 0.0620386 0.3099364 0.3170769 0.1154222 0.4263659 0.7330826 0.3453314 -0.0463954 0.1236140 0.3532425 0.4189051
-0.2198746 0.4208825 0.7470988 0.7256794 0.6974004 0.3747533 0.5114191 0.9550940 0.4695408 0.3656621 0.7302009 0.5079784 0.0000000 0.0052709 0.5410763 0.6244492 0.5055851 -0.0364653 0.6064570 0.2719891 0.2046340 0.6495574 0.5155482 0.0170656 0.3844246 0.6704627 0.4654586 -0.3574163 0.2231752 0.2117659 0.8046122 0.5416779 -0.3965578 0.1257200 0.3413133 -0.2550206 0.3813134 0.6056782 0.4273248 0.1721549 0.5434635 0.1096650 0.3870340 -0.0423792 0.1676933 0.6041554 0.3274989 0.7370080 -0.0275873 0.7651004 0.2581363 0.5569240 0.4946144 0.4136106 0.7973725 0.6103893 0.3246375 0.6341966 -0.0513036 0.3253735 0.2519230 0.1847896 0.5941270 0.7914879 0.8494637 0.3713950 0.3489454 0.4236262 0.4722320 0.6224956 0.2949018 0.6690717 0.5769429 0.6193302 0.4049819 0.6579505 0.2924643 0.4082571 0.6944637 0.6488396 0.3900885 -0.5192607 0.1428819 -0.3361584 -0.2320450 -0.1812983 -0.4115188 -0.6736499 -0.4440466 -0.3410329 -0.0555570 -0.0390343 0.2262100 -0.6533714 0.0767538 -0.1899167 -0.0673781 0.0274246 0.2131610 -0.7143825 -0.5424695 -0.0509225 0.0331348 -0.5635384 0.1909595 -0.0385814 -0.1458711 0.2488850 0.2051541 0.0033271 0.0744993 -0.1454946 0.2181674 0.0461875 0.0693500 0.1706894 0.0763882 0.1245801 0.1706159 0.4062397 0.1730845 0.0750576 0.3187174 0.0544021 0.2930060 0.2144611 0.1987792 0.4041265 0.4358289 0.5327060 0.4155224 0.4076305 0.4371516 -0.0131988 0.4442054 0.3385525 0.4710531 0.3474663 0.4276908 0.1712024 0.4315841 0.4819774 0.4456972 0.3847798 0.4278646 0.3659649 0.4956797 0.5350404 0.2918875 0.6123483 0.5581071 0.5666797 0.5768523 0.3326610 0.5611351 0.5625463 0.2558375 0.6082642 0.3668761 0.5390651 0.5843479 0.4376615 0.6012497 0.1677515 0.5227543 0.5926585 0.4533549 0.2063743 0.1005000 0.2700381 0.5157833 0.2970281 0.2464704 -0.6682711 0.3292975 0.3607805 0.3242089 0.3327360 0.2165336 0.1242116 0.1870245 -0.2927869 -0.1848410 -0.4101767 0.0166065 0.6065211 0.1748144 0.5402455 0.4871305 0.3299826 0.4353652 0.2822368 0.1069995 0.2689646 0.1880310 0.1061802 0.0550607 0.0077416 0.4470211 0.2398361 -0.0503615 -0.0824905 0.1494963 -0.1098764 0.1190636 0.4713725 0.4652913 -0.4051793 -0.0121341 -0.1378319 0.2827401 -0.2110872 0.1854698 -0.2573238 -0.2608464 0.1474142 0.1587766 0.2401844
-0.2499094 0.4281013 0.3120081 0.4894735 0.1889904 0.6395050 0.3416593 0.1153713 0.6630171 0.7723089 0.5191730 0.2393580 0.0052709 0.0000000 0.3688488 -0.3298156 0.5923723 0.8225845 -0.4961259 -0.0617648 -0.0342280 -0.4476402 -0.2875843 0.8695716 -0.5983936 -0.3643701 0.6227375 0.8100819 0.1775952 0.7440605 -0.2275533 -0.4779922 0.8182808 0.7079871 -0.3649058 -0.1042704 -0.5119790 -0.5171972 0.6800769 0.8686558 -0.4331091 0.1175802 -0.1462585 0.8748128 0.1982033 -0.4158277 -0.3573044 -0.2752975 0.8420576 -0.3774751 -0.3117715 0.2508824 0.3774908 0.6355737 -0.2326919 -0.3692591 -0.4179148 0.3517007 0.0029285 -0.2451153 0.0667787 -0.0971585 -0.3674754 0.2072434 -0.0302835 -0.4060374 -0.4384109 -0.3948599 -0.4841182 -0.2460771 -0.5449807 0.3234410 -0.4969923 0.2890454 -0.5952714 -0.3045658 0.2378676 -0.6254792 -0.3863310 -0.2039682 -0.4480924 -0.4452060 -0.1460531 -0.4533819 -0.3599244 -0.0105463 -0.1212798 -0.0410021 0.0190933 0.0400448 -0.2822691 -0.5770055 -0.5440291 -0.1671023 0.1931958 -0.4960200 -0.6543037 -0.5122349 0.4318315 -0.1913663 0.0398986 -0.4383478 -0.4823703 -0.3360576 -0.5663468 -0.2514799 -0.4778835 -0.7123760 -0.6139787 -0.6446142 0.0180234 -0.5751506 -0.5484121 -0.6513175 -0.4901757 -0.5341373 -0.4321209 -0.2503082 -0.3267466 -0.1673671 -0.3309891 -0.4044670 -0.5761664 -0.2748841 -0.4400011 -0.4969227 -0.5250993 -0.4113001 -0.0753000 -0.4381079 -0.4483431 -0.4796977 -0.4627514 0.3376409 -0.5720407 -0.5837390 -0.3132879 -0.1397210 -0.0648524 -0.3380993 -0.5485356 -0.2448840 -0.5474086 -0.0396200 -0.0231459 -0.5465689 -0.2386624 -0.2184613 -0.5539943 -0.4916048 -0.5920487 -0.4044846 -0.4023284 -0.5460513 -0.4536907 -0.4745225 -0.5926579 -0.4698389 -0.6150254 -0.6469163 -0.4994420 -0.5832557 -0.4088314 -0.6263764 -0.5335955 -0.5437964 -0.4349038 -0.5133037 -0.6943638 -0.6323889 -0.5799358 -0.6509354 -0.0482795 0.0441459 0.4805649 0.5658030 0.4849135 0.3522799 0.0529490 -0.0549402 0.2792862 -0.3820077 -0.1196810 -0.2893565 0.0074779 0.0852674 0.3721142 0.2317944 0.4312689 0.2496065 -0.5888646 0.0592976 0.3651304 -0.1195176 -0.4439972 -0.1624254 -0.2304310 0.6200963 -0.0234030 -0.2326833 0.0889254 0.0827874 -0.0808476 0.2457222 0.7305100 -0.1030100 0.1199999 0.2604226 0.1961097 -0.0062671 -0.2247525 0.3473342 0.0672603 0.3994475 0.2754661 -0.4435360 0.4851085 0.5006089
-0.4537858 0.6174092 0.4672411 0.8400249 0.4653539 0.8367054 0.6943671 0.6581015 0.9060933 0.7767906 0.7916538 0.8671104 0.5410763 0.3688488 0.0000000 0.1921979 0.5318918 0.3599092 0.0724118 -0.1835517 0.5402172 -0.0014063 0.0872259 0.6388627 -0.1108844 0.2459552 0.6590276 0.1442790 0.7682632 0.4904561 0.1713389 0.0075755 0.1775381 0.7761687 -0.1743704 0.3450327 -0.1964524 -0.0614985 0.3628709 0.3491845 -0.1082056 0.5811711 -0.0223007 0.4137809 0.5715771 -0.0191941 -0.2576253 0.1184189 0.5453016 0.1925142 -0.2384550 0.3460410 0.8663187 0.6240429 0.1345034 -0.0789219 -0.2173674 0.7646711 0.2582867 -0.1152479 0.5029962 0.0530307 -0.0374422 0.8275030 0.6226109 -0.1020073 -0.1134322 0.1933078 -0.1972924 0.5204213 -0.2075531 0.7928572 0.1181056 0.7584263 -0.1803091 0.5080257 0.6536975 -0.1315300 0.4232198 0.4984607 0.2813907 -0.8308012 0.0227972 -0.6242159 -0.4730447 -0.2019307 -0.2207532 -0.6597557 -0.4074621 -0.2338571 -0.1793884 -0.4815935 -0.1464140 -0.7142962 0.1075060 -0.6190063 -0.6187074 -0.2731920 0.4079453 -0.7041599 -0.4021419 -0.2975883 -0.3496408 -0.6579260 -0.3044692 -0.2825791 -0.3160025 -0.2449067 -0.2066345 -0.2330886 -0.0486652 -0.2824497 0.0188905 -0.1491211 0.0171567 -0.0154604 0.0362087 0.1942330 0.1717595 0.2905737 0.1059333 0.0219489 -0.2007825 0.0917356 -0.0521927 -0.0423099 -0.0303086 -0.0564250 0.0140852 0.0007832 -0.1616057 -0.1462192 -0.0784175 0.3922559 -0.1152181 -0.2472871 -0.0824470 -0.1638577 -0.0562992 0.0402100 -0.1597337 0.0239829 -0.2676128 0.5691346 0.0063138 -0.0663408 -0.0681733 0.0026640 -0.2651161 0.0448025 0.0020062 0.2379755 -0.0477581 -0.1715747 -0.0119546 0.2056827 -0.2868593 0.0583167 -0.2733671 -0.0231798 -0.0833232 -0.2498394 0.3150609 -0.3351122 -0.1804814 0.1160530 0.0474634 -0.3380054 -0.4826524 -0.4009416 -0.1783218 -0.3840677 0.3622617 -0.4954107 0.5740835 0.5380493 0.4590547 0.0762448 0.4930007 0.4070801 0.1779310 0.0231004 0.1802359 -0.0873791 0.2911369 0.5818311 0.4595456 0.4533147 0.7307257 0.6071401 0.0404311 0.4108330 0.1385091 0.1187207 0.0843412 -0.0014114 -0.1910889 0.2913867 0.5807213 0.1024713 0.0223073 -0.0176599 0.0211652 0.0396267 0.6034771 0.6134152 0.2869145 -0.1097226 0.1182110 0.0265607 -0.0216954 0.1686750 0.4832592 0.1751310 -0.2415319 -0.0047465 0.4357665 0.4553880
0.1535448 0.2381984 0.3317761 0.1858570 0.3351473 -0.2296203 -0.0808354 0.5729765 -0.0144687 -0.0154038 0.2749703 -0.0028918 0.6244492 -0.3298156 0.1921979 0.0000000 0.4418420 -0.1691901 0.9189280 0.3419397 0.0697455 0.7573312 0.9397000 -0.3597012 0.8139248 0.9000003 0.1028007 -0.7471381 0.1547020 -0.3410578 0.7588327 0.8640112 -0.7632344 -0.3270417 0.7815965 -0.0176353 0.8120815 0.8520635 0.2217496 -0.1886892 0.7617721 0.1189345 0.7514280 -0.5607337 0.1238048 0.8062126 0.7199494 0.7916854 -0.5275271 0.7090881 0.6443659 0.5985871 0.2398766 0.3112740 0.7661351 0.7378142 0.7403834 0.3683932 0.0955846 0.7783745 0.2396896 0.6704356 0.6972260 0.4495999 0.7555470 0.7568302 0.8212408 0.8917404 0.6965115 0.5990117 0.7403562 0.1413196 0.8473787 0.0920452 0.7355439 0.5676194 -0.1875224 0.6864094 0.6864654 0.5202669 0.3769020 -0.1675878 0.0436216 0.0368645 0.0189665 -0.2405910 -0.5126933 -0.3517011 -0.4900428 -0.3410663 -0.2132486 0.0760020 0.3673027 -0.4306276 -0.3620975 -0.1146940 0.1075587 0.3036663 -0.2869710 -0.3731849 -0.4125265 0.1982265 0.2913389 -0.2961526 0.1871426 -0.1658720 0.0755581 0.3943397 0.2705146 0.3726121 -0.1172938 0.2114921 0.3266992 0.4251522 0.4111182 0.4660310 0.4540753 0.3815855 0.4732053 0.2427839 0.3565077 0.3699051 0.3883819 0.2889022 0.4841875 0.4779590 0.3724953 0.3196673 0.3774152 0.4197439 0.5262937 0.4264292 0.3268043 -0.5948398 0.5401194 0.4274690 0.3414147 0.3846685 0.3967914 0.3002990 0.5582405 0.5556617 0.4530377 0.2561141 0.2933485 0.3158862 0.4722388 0.5399361 0.5420373 0.6747009 0.6082758 0.6386392 0.5598075 0.5698729 0.5778242 0.5806816 0.5129556 0.5836022 0.5240160 0.5956504 0.5266652 0.4322043 0.5345747 0.4192906 0.4974186 0.5979954 0.6035500 0.5126250 0.3769639 0.2610860 0.5429097 0.4281357 0.3461838 -0.5296034 0.0104847 -0.3140715 -0.3474917 -0.0931379 -0.0268431 0.1248487 -0.1782945 0.0978495 0.0700699 -0.0079334 0.1176115 0.4501867 0.1403742 0.2820498 -0.1372377 -0.1830225 0.4909683 -0.0554349 -0.2913954 0.0566887 0.2555881 0.1097214 0.3227127 -0.5640556 0.1727068 0.4670749 -0.4184738 -0.2946388 -0.2370995 -0.5547229 -0.1153806 0.2495226 0.3809388 -0.4401569 -0.3974918 -0.2567678 0.0933701 -0.6595441 -0.0243963 -0.4600190 -0.4062828 0.3725740 -0.0144382 -0.1329826
-0.1877913 0.4884247 0.4617322 0.5658215 0.3754521 0.4878234 0.4152059 0.5385636 0.6004932 0.6204189 0.7056196 0.3364056 0.5055851 0.5923723 0.5318918 0.4418420 0.0000000 0.5139067 0.1795946 -0.0092128 0.0670068 0.0325066 0.4372808 0.4318696 -0.0434198 0.3718067 0.7834312 0.1369840 0.3281615 0.5146801 0.2504630 0.1102176 0.0888250 0.4010152 0.1939107 0.0154380 0.0679564 0.0737704 0.7919505 0.5716507 0.0097290 0.3023092 0.3778150 0.3566644 0.3096280 0.1205648 0.0721355 0.1818231 0.3607887 0.1936282 0.1058091 0.6060840 0.5761277 0.7048175 0.2308767 0.0686951 0.0021700 0.7017629 0.1148668 0.2188847 0.3019033 0.2273415 0.0677300 0.6250785 0.5849351 0.0269048 0.0798812 0.2191773 -0.0888800 0.3272657 -0.0196377 0.4898788 0.0967538 0.4860094 -0.0528167 0.1660723 0.1885073 -0.0619504 0.1808731 0.2588445 -0.0533882 -0.4667579 -0.0825699 -0.3876024 -0.2326846 -0.2548869 -0.4997120 -0.3414117 -0.3555615 -0.1870175 -0.4856366 -0.5386573 -0.2504233 -0.4116268 -0.0750308 -0.5557550 -0.5102865 -0.2143855 0.2170579 -0.4292926 -0.3057209 -0.2667490 -0.3091212 -0.4755631 -0.4030672 -0.3579736 -0.3680446 -0.2853929 -0.3599804 -0.3032825 -0.1085338 -0.3398390 -0.1561958 -0.2018776 -0.1634494 -0.1038192 -0.0468997 0.0394008 0.0320402 -0.0213610 -0.0255250 -0.0546733 -0.3705901 0.0192743 -0.1371117 -0.2587870 -0.1350436 -0.3294961 0.0290403 -0.0494014 -0.1400984 -0.2756041 -0.1672921 -0.1188341 -0.2483651 -0.3535459 -0.1078077 -0.0687198 0.0120017 -0.2693816 -0.2032525 -0.0148762 -0.1771140 -0.0112698 -0.0126051 -0.2270118 -0.0439501 0.0498785 -0.2042109 -0.0225390 -0.1399801 -0.0025409 -0.0601456 -0.1409076 0.0160837 -0.0183603 -0.2255126 -0.0998410 -0.2212628 -0.1673274 -0.0171765 -0.2273100 0.0197697 -0.3221047 -0.0906174 -0.1211308 -0.0014722 -0.1440330 -0.3837551 -0.3761357 -0.1480771 -0.2742223 0.3504306 -0.4890873 0.4762673 0.2668505 0.2103202 0.4172749 0.2286648 0.2923364 0.3638389 -0.1136761 -0.0163743 -0.2185592 0.1112940 0.5120590 0.4563581 0.4703838 0.3953020 0.2197813 -0.1792202 0.1791953 0.1816136 0.0765134 -0.2790800 -0.1058728 -0.0072217 0.1488939 0.1453585 -0.0381366 -0.0998606 0.1543863 -0.1678006 -0.1043527 0.5725846 0.2165390 0.2666351 0.0653682 0.0083255 -0.0110623 -0.0873686 -0.0316608 0.2368262 0.2849378 0.1483311 -0.1298256 0.5348669 0.4821836
