0.0000000 0.7628238 0.4641663 0.4414102 0.4338022 0.6237933 0.7121705 0.3518337 0.3042665 0.4772648 0.3903650 0.6433930 0.3579823 0.4562529 0.7327165 0.0853848 0.1190594 0.5119306 0.2739540 0.2192704 0.5782213 0.5737304 -0.4977833 0.5132365 -0.1495460 -0.5249843 0.2443492 0.5460046 0.6687246 0.6099034 0.0299058 -0.1679196 0.3851355 0.6147991 -0.2340803 0.4528290 -0.5942504 0.1996107 -0.0476889 -0.0048251 -0.0008736 0.3972164 -0.1541104 0.3839500 0.4993227 -0.0097819 -0.3980436 0.1862738 0.1614002 0.0612865 -0.5402625 -0.3062956 0.3061577 -0.3979338 0.1392059 -0.0382555 -0.2605194 -0.0855726 0.0227317 -0.3840771 0.1752920 -0.4716620 0.2714105 0.0787767 0.0824038 -0.3196590 -0.3856546 -0.2831245 -0.0002697 -0.0743138 -0.3671543 0.3113684 -0.3366937 0.0863737 -0.1871656 -0.0372125 0.2969092 -0.1322079 -0.0330350 0.0109508 0.0370699 -0.6556099 0.0242654 -0.3778573 -0.1966008 -0.2577136 -0.1498410 -0.6991725 -0.3675998 -0.4823003 -0.4472976 -0.2013527 0.2206114 -0.4404047 -0.3077244 0.1397103 -0.4838926 -0.4204211 -0.5524078 0.2191598 -0.8451504 -0.3549079 -0.3313058 -0.1306048 -0.6960361 -0.2237298 -0.0860539 -0.1995190 -0.3309619 0.0887745 -0.5585087 -0.0139026 -0.3306843 -0.1879162 -0.3016634 -0.1035465 -0.1403352 -0.0393829 -0.0969821 0.3906995 0.3049408 0.0924974 -0.3128224 0.0442410 0.1295020 0.0199196 -0.1036713 -0.2908355 0.1391853 -0.1807620 -0.0789158 0.3888919 -0.1057668 0.2187980 0.2218721 0.1687930 -0.2258265 0.1503196 0.1653241 0.2211969 0.5046032 0.1446291 0.5509267 0.2039995 -0.1602446 0.0184974 0.3172365 0.2207292 0.7068456 0.0130412 -0.4132488 0.2795952 0.5086498 0.5165626 0.0416410 0.1404930 0.6494476 0.2455615 0.7679538 -0.4923246 0.2653989 0.5030023 -0.3389832 -0.0523020 0.2645428 -0.3029477 -0.3963041 0.6799268 0.3838034 0.4030984 0.2923356 0.5858666 0.5937467 0.6670109 0.5102629 0.4559003 0.2844800 0.1594357 0.1121931 0.1458226 0.2579581 0.4278223 0.1575600 0.4432997 0.0288539 -0.0420990 -0.0311730 0.0238354 0.3161976 0.5586901 0.1085813 0.2180071 0.1792709 0.0731631 0.2825193 0.0743603 0.2856177 -0.0140930 -0.0169857 0.1724136 0.4589948 0.1204517 -0.2650327 -0.1815368 0.1847336 0.0834293 0.0354487 -0.2554430 0.5092693 0.1298411 -0.2410544 0.1442812 0.0974376 0.3082347 0.2482279 0.0277268 0.1974287 0.1421900
0.7628238 0.0000000 0.6525191 0.6657920 0.0244953 0.7518219 0.5403818 0.6752950 0.6895775 0.6886360 0.5824604 0.7468731 0.6216977 0.5598968 0.9119724 0.1385651 0.2221954 0.7774209 0.4232964 0.2579880 0.5988495 0.5740499 -0.4351513 0.7692469 0.1657432 -0.2674214 0.2083579 0.6902137 0.8412758 0.6274958 0.1230705 -0.1643902 0.4542361 0.6577497 -0.1829982 0.7840275 -0.1027295 0.2241603 -0.3236740 -0.1397899 -0.3252083 0.7275029 -0.2267192 0.3504655 0.6999455 0.3473685 -0.1174851 0.0367539 0.3695687 0.5547132 -0.4097616 -0.3390372 0.6695619 -0.3501914 -0.1496227 0.2878241 0.0768924 0.0645888 -0.3333781 -0.1541525 0.3548543 -0.3727522 0.0177227 0.4678258 0.3171495 -0.0077123 -0.0842814 -0.0802199 0.2924381 0.3250848 0.1722342 0.7349085 0.1065723 0.1771977 0.2203437 0.4575153 0.7106138 0.2878290 0.4882724 0.4565881 0.3077854 -0.7963880 -0.3281987 -0.6645612 -0.5853282 -0.4513211 -0.5148233 -0.4375412 -0.4754449 -0.5463085 -0.3846197 -0.1426956 0.0925293 -0.3183568 -0.2708237 0.1117006 -0.6181172 -0.3836586 -0.2805831 0.4377554 -0.5047264 -0.4096283 -0.4356774 0.2580596 -0.6739940 0.0654896 -0.1965302 -0.5349071 -0.5613267 0.0313639 -0.5352360 -0.0301483 -0.3771859 -0.3130406 -0.3166265 -0.2307531 -0.2062696 -0.4653539 -0.3282271 0.2121178 0.4254080 -0.1038178 -0.6627920 -0.3708083 -0.0790263 -0.3264980 -0.1349711 -0.2874752 -0.1991842 0.0823006 -0.1160979 0.0752617 0.3649287 0.0696081 -0.1479215 -0.0822296 -0.2266130 -0.2156069 -0.0636964 0.2058570 0.0992350 -0.1970506 0.2276717 0.0305319 -0.4103978 0.1009658 0.0375647 -0.0727584 0.2995573 0.0596263 -0.4278423 -0.0720780 0.3311445 0.0893650 0.4127357 -0.1584321 0.2039767 -0.1190414 0.4743087 -0.7689957 0.3625435 0.4932432 -0.5754685 -0.3883215 0.2717963 -0.6050655 -0.5878281 0.3127323 0.3754212 0.0529542 -0.0383318 0.1268933 0.3193362 0.3752157 0.3594408 0.3093943 0.1380065 -0.1343331 0.1205027 0.1595013 0.4003164 0.5262804 -0.0403175 0.4111251 -0.3968357 -0.2500656 -0.4282857 -0.3254843 -0.0370660 0.3925228 0.2026820 0.5845629 0.0937756 -0.0007921 0.0055516 -0.1383064 0.1517682 -0.2316862 -0.0408487 -0.0741339 0.4275612 -0.1529246 -0.0251278 0.0283679 0.1098066 -0.0836911 -0.1998747 -0.0208741 0.3922906 -0.1693694 -0.0667875 -0.0450162 -0.2171674 0.0693891 0.1918615 0.2168245 0.6315363 0.5088926
0.4641663 0.6525191 0.0000000 0.2579986 0.4262563 0.2157764 0.4431220 0.6639390 0.2831638 0.1782154 0.2477512 0.2645623 0.6366168 0.1283568 0.6406736 0.1486656 -0.0659713 0.4442013 0.4430671 0.6495023 0.1894960 0.4906726 -0.1372664 0.4397526 0.4804761 -0.2062993 0.0329651 0.4193992 0.3940442 0.1849885 0.5649242 0.4034049 -0.0599336 0.1704277 -0.1416003 0.5288711 0.2301837 0.5134838 -0.2571400 -0.2263502 0.0824168 0.6350943 -0.0848646 -0.0068203 0.4827668 0.5165188 0.0236508 0.2503408 0.0136444 0.6226298 -0.2278665 -0.1923092 0.3598593 -0.4187663 0.2726067 0.4742115 0.2071889 -0.1841611 -0.0798470 -0.2081321 0.6263070 -0.3497152 0.4440205 0.2024096 0.6078341 0.1429312 -0.1129445 0.0479961 0.6254923 0.2424912 0.3733333 0.4635306 0.1627235 0.3324210 0.6327669 0.3978674 0.5221754 0.6303005 0.5832501 0.6645245 0.7445264 -0.4360633 0.0821437 -0.2651094 -0.3948989 -0.2047498 -0.0116078 -0.3868365 -0.0993937 -0.3100845 0.2392742 0.1920211 0.4898736 -0.3757942 0.2047346 0.4030594 -0.0700864 -0.2078082 0.0094358 0.3574260 -0.1989102 -0.1704695 -0.1459917 0.4662763 -0.1285562 0.2586333 0.0373320 -0.1650193 -0.3264682 0.3388558 -0.0655705 -0.0245056 -0.2782677 0.0724288 0.0633999 -0.2387218 0.0894817 -0.2460376 -0.2921285 0.5220914 0.6602318 0.2284438 -0.6034236 -0.1291259 0.2723110 -0.0517770 0.0411684 -0.1464226 0.1187089 0.4225123 0.2770035 0.2301709 0.4900398 0.1650484 -0.0899072 0.0021319 0.2189905 0.1524742 0.2466784 0.3558588 0.2718709 0.2642813 0.5919832 0.0991652 -0.2006568 0.1331987 0.3529495 0.2115492 0.3230058 0.2610911 -0.2183198 -0.0496620 0.5477440 0.2565197 0.5688237 0.0723816 -0.0257569 0.0073586 0.3503873 -0.3664556 0.3012139 0.6388821 -0.4399436 -0.0711156 0.3308805 -0.5085128 -0.4073380 0.1938172 0.0425861 0.2009926 0.0378725 -0.0868470 0.6434130 0.3650319 0.5657841 0.4950379 0.0765443 -0.0269401 0.1011163 0.3353902 0.4237232 0.7294585 0.3713409 0.7187081 -0.2494624 -0.1283635 -0.2813977 -0.1192031 0.1749032 0.2441601 0.1788171 0.7591790 0.4549539 -0.0156139 0.1434065 0.0073013 0.1192189 0.2688360 0.2599769 0.1985113 0.5689143 -0.3265300 0.2347452 0.2108531 0.4902085 0.4291503 0.2694773 0.3176959 0.5115797 -0.1431317 0.1584957 0.1981298 0.2885453 0.2517620 0.3982942 0.6141935 0.3476683 0.0094933
0.4414102 0.6657920 0.2579986 0.0000000 -0.1927369 0.7732396 0.1701252 0.8327441 0.8825870 0.8334108 0.9379060 0.6135618 0.6961699 0.3188122 0.6716534 0.4841745 0.4633984 0.4114433 0.7192495 0.0144983 0.4335497 0.5005054 0.0839410 0.5246501 0.2782984 0.1835011 0.3253662 0.2377233 0.8784598 0.4432582 0.0486371 -0.4468817 0.5540157 0.6662196 0.2937462 0.4154524 0.1858540 0.2210600 0.2664467 0.2778954 -0.2203625 0.4661016 0.3697960 0.2496750 0.6294818 0.4348305 0.2177872 0.2558540 0.7071713 0.4510569 0.1212539 0.3847676 0.8728024 0.3249082 -0.1606788 0.3310491 0.2496802 0.6016616 -0.2562835 0.4925508 0.3302121 0.3052838 -0.2987182 0.8248289 0.1922505 -0.0548977 0.4441860 0.3553243 -0.0867863 0.6810004 0.2987826 0.7000865 0.4839490 0.2267002 -0.0152662 0.7169067 0.6322686 0.2254955 0.6040780 0.5051178 0.2706370 -0.6523304 -0.4870168 -0.4704853 -0.3389863 -0.4928341 -0.4343968 -0.0199775 -0.4273480 -0.2421867 -0.4488226 -0.5004532 -0.2882094 -0.3638708 -0.3851628 -0.3141421 -0.4484852 -0.4561270 -0.1747061 0.0215389 -0.2459427 -0.4868656 -0.5061430 0.0292626 -0.6258916 -0.0835282 -0.4594246 -0.6927509 -0.3296288 -0.2554593 -0.3084776 -0.0429106 -0.3571649 -0.4163888 -0.3357884 -0.1985613 -0.0175188 -0.3461679 -0.2286317 0.0118300 0.3237038 -0.2102832 -0.3046356 -0.6114709 -0.0791006 -0.1312835 -0.2701723 -0.3763351 -0.0594303 -0.1290253 -0.0971146 -0.1499829 0.2330476 -0.2823745 -0.4600351 -0.2963738 -0.2068133 -0.1165057 0.0395613 0.0262089 -0.1329246 -0.3249743 -0.1984875 -0.2742454 -0.2834037 -0.1860773 -0.0220636 -0.1678109 -0.1774343 -0.5172900 -0.4747792 -0.1929356 0.1155887 -0.1841241 0.1227199 -0.4608483 -0.0886006 -0.3972290 -0.0683229 -0.6254739 -0.0719292 -0.1986713 -0.3863107 -0.2691904 -0.1513087 -0.4252505 -0.5031452 -0.1614083 0.1385698 -0.1287140 -0.2833034 -0.2256481 -0.1534035 0.1943618 -0.1695727 -0.1139412 0.0064941 -0.3500076 -0.1290802 -0.4803248 -0.1604276 -0.1676398 -0.4184373 -0.1306051 -0.3171133 -0.0820367 -0.3839439 -0.4320132 -0.2963447 0.1905274 0.1036657 0.3019386 -0.3337767 -0.1815785 -0.0465889 -0.1716565 0.1852524 -0.5007094 -0.0537222 0.0578541 0.1275843 -0.2160107 -0.3554501 -0.2726512 -0.1307747 -0.2046205 -0.2751537 -0.0337448 0.1058359 -0.1026643 -0.2893944 -0.3423377 -0.2384800 0.0171237 -0.0037576 0.1074392 0.6158000 0.5618362
0.4338022 0.0244953 0.4262563 -0.1927369 0.0000000 -0.2679477 0.2349802 0.0493518 -0.3467261 -0.2272521 -0.0840819 -0.0354812 0.2313860 -0.0799714 0.0644838 0.2516125 0.0096020 -0.1967859 0.1790717 0.6851774 0.0088157 0.5178275 0.0669669 -0.1979955 0.2356551 -0.1879465 0.0138361 -0.1035178 -0.0777232 -0.0445495 0.5811343 0.6260633 -0.2808593 -0.1252217 -0.0142484 -0.1647981 -0.2568570 0.6717186 0.1359677 -0.1894357 0.7376146 -0.0601781 0.0921556 -0.3061235 -0.0588279 0.1621623 -0.1394482 0.6320050 -0.4510951 -0.0057898 -0.1573350 -0.0407151 -0.3537219 -0.4183758 0.8205549 0.1675220 -0.0594968 -0.4630199 0.5839670 -0.3503505 0.3004436 -0.3040029 0.7488305 -0.4267630 0.0137419 -0.1028392 -0.3136228 -0.2147797 0.2564809 -0.3706761 -0.1977843 -0.4218328 -0.4119538 0.2141159 0.1220658 -0.3467126 -0.2605315 0.0714518 -0.1817772 -0.0127833 0.3053672 0.0177248 0.6209656 0.3033898 0.2225784 0.0172997 0.7226468 -0.3227277 0.0492403 -0.1175489 0.3443606 0.2426348 0.5258868 -0.5312652 0.3067805 0.4874106 0.2635972 -0.2851763 -0.2271293 -0.2169069 -0.4735470 -0.1613955 -0.0496945 -0.1786305 -0.0270354 -0.0057859 -0.0773238 0.2390876 0.0077710 0.0245006 0.0856621 -0.2560327 -0.2491136 0.0633855 -0.1153799 -0.0949709 0.1474854 0.3839038 0.2823551 0.5494139 0.4241861 0.2837606 0.0770310 0.6683881 0.6901764 0.5773050 0.0663586 -0.1465801 0.6260672 0.0263091 0.4253321 0.6533878 -0.2653440 0.3307987 0.5297029 0.1736178 0.2839129 0.6835592 0.5592058 0.0443311 0.7864290 0.5843385 0.9043336 0.2042742 0.3749745 -0.0635236 0.7569511 0.6676692 0.7135260 0.0147484 -0.3063887 0.3252180 0.6451044 0.7645410 -0.0327455 0.4479873 0.3535229 0.4881780 0.4901602 0.0666721 0.1917749 0.4365926 0.0393870 0.3310975 0.3388824 0.0364156 0.1116017 0.5627150 -0.3031436 0.6040185 0.5726996 0.4772775 0.7152240 0.5406386 0.4149240 0.5463754 0.2223566 0.3029851 -0.0514818 0.1698633 -0.0713751 0.4122603 0.7326595 0.6706327 0.4174609 0.2596547 0.3812472 0.5859539 0.6044165 0.2024093 -0.0561034 0.0577121 0.4927819 0.0927872 0.4985751 0.4212617 0.3006747 0.6608271 0.3932802 0.6298653 0.5109391 0.0876440 -0.0023793 -0.1052259 0.5862326 0.6213289 0.6642917 0.1107550 0.6734638 0.3618490 0.0371796 0.3878493 0.7269476 0.4388233 0.3717584 0.4600356 -0.3409328 -0.5338760
0.6237933 0.7518219 0.2157764 0.7732396 -0.2679477 0.0000000 0.4957318 0.5356972 0.8392954 0.9061139 0.7586185 0.7196577 0.3230880 0.6516322 0.8051672 -0.0073181 0.4101957 0.7320937 0.3505167 -0.1778296 0.5102536 0.2208671 -0.3641015 0.8328754 -0.1248533 -0.2821652 0.1767153 0.6511869 0.8805462 0.6246866 -0.3791620 -0.5455375 0.8212163 0.8875654 -0.0616881 0.6305055 -0.2128183 -0.1493319 0.0551908 0.1423826 -0.5017618 0.6807443 0.0554602 0.6428736 0.7357419 0.1139819 -0.0783010 -0.1537053 0.7989644 0.1978568 -0.2811832 -0.0613386 0.8218677 0.1289099 -0.2734978 0.1520137 0.0747683 0.5217960 -0.2540264 0.0505659 0.2910434 -0.0053165 -0.1422947 0.6988238 0.2095026 0.0345385 0.0272921 0.1382995 -0.0588791 0.5450650 -0.0167989 0.7699618 0.1994203 0.1600892 -0.0420607 0.5074349 0.6467773 0.1206738 0.3529161 0.2757386 0.1142010 -0.6968774 -0.4289173 -0.5703275 -0.3548493 -0.4231712 -0.6474155 -0.3122691 -0.4556647 -0.3440847 -0.7500823 -0.6499816 -0.4078350 0.0398192 -0.5342304 -0.4120174 -0.7983006 -0.5019900 -0.4837841 0.4899395 -0.4718113 -0.4950325 -0.5084181 0.0876860 -0.8286963 -0.3731060 -0.3346631 -0.5876690 -0.4207630 -0.0371813 -0.7412977 -0.0281775 -0.3928745 -0.4444636 -0.2534471 -0.2164786 -0.2094635 -0.2371267 -0.3432961 0.0061819 0.0785440 -0.1077651 -0.5021762 -0.6204121 -0.2626789 -0.3095012 -0.3693877 -0.4908242 -0.2366947 -0.2449719 -0.4412816 -0.2456081 -0.0113244 -0.1382248 -0.2896809 -0.3612921 -0.5967961 -0.2812832 -0.2625609 0.3185904 -0.2211696 -0.2336303 -0.1444534 -0.2163591 -0.4700933 -0.2478568 -0.2850839 -0.4441762 0.0061426 -0.0934169 -0.2416742 -0.1670132 -0.1174883 -0.2819611 -0.0982644 -0.3909751 0.2115244 -0.3554549 0.1505427 -0.6126792 -0.2189162 -0.0619610 -0.4972220 -0.3723497 -0.3549562 -0.4099726 -0.6897027 -0.0234257 0.4478263 -0.1942527 -0.4232966 -0.0893464 0.0236759 0.2071690 0.0329984 -0.1022896 -0.0580770 -0.3552781 0.0239535 -0.1779723 0.0007750 0.0006278 -0.3388992 -0.0476057 -0.2928394 -0.0282403 -0.3864037 -0.4650108 -0.2355855 0.4384337 0.1025516 0.3641932 -0.0596517 -0.1888522 -0.1393019 -0.3346545 0.0706036 -0.5152078 -0.1987970 -0.1590618 -0.0404216 -0.2498657 -0.4892509 -0.3270606 -0.2864315 -0.2415701 -0.3854296 -0.3874475 -0.0952120 -0.2490707 -0.4813818 -0.2755639 -0.4852789 -0.0285974 -0.0486800 -0.2622793 0.6258476 0.5929349
0.7121705 0.5403818 0.4431220 0.1701252 0.2349802 0.4957318 0.0000000 0.1750619 0.1430449 0.2088381 0.1046110 0.5319006 0.1089260 0.3021921 0.6127479 -0.2212956 -0.1345012 0.4623564 -0.0506374 -0.0147593 0.5117784 0.0298001 -0.6796586 0.4711394 -0.4278345 -0.6790954 0.3497908 0.6121049 0.4913924 0.5082619 -0.2324400 -0.2060374 0.2560415 0.4359285 -0.5063268 0.4373962 -0.5594839 -0.0818863 -0.0404051 0.0350076 -0.0663800 0.4856770 -0.3519882 0.6103837 0.6328093 -0.2589977 -0.5289488 0.0555388 0.1755217 -0.1062219 -0.6450991 -0.4334275 0.2409585 -0.4119282 0.0048265 -0.2871039 -0.4559847 -0.0239548 0.1584561 -0.5443125 0.2966145 -0.5958463 0.3387913 0.0020254 0.4234702 -0.0994150 -0.5938268 -0.1669157 -0.0948106 -0.0804083 -0.4435843 0.3754793 -0.3111539 0.3542143 -0.0846979 -0.0049151 0.4739254 -0.0535190 -0.0356226 0.0816977 0.1168401 -0.6253348 -0.2027014 -0.4181258 -0.2392985 -0.1492533 -0.3406873 -0.6405521 -0.2310281 -0.4683440 -0.2986018 -0.2105475 0.1613642 0.0790112 -0.1114879 0.0440704 -0.2863744 -0.0948223 -0.3175199 0.2650237 -0.6356724 -0.0204243 -0.2203670 -0.0015501 -0.3054923 -0.4821464 0.1233539 -0.0660067 -0.0350018 0.1557227 -0.4924252 0.0719384 -0.1249993 0.2241586 0.1535904 -0.0186880 0.1096947 0.1286770 -0.3313969 0.4494058 0.1523173 0.3985648 -0.3226350 0.0131446 -0.1599081 0.1324893 0.1248131 -0.0530214 0.1844225 -0.1573146 -0.1884075 0.2916364 -0.0129953 -0.0111883 0.2723242 0.0807226 -0.2573361 0.1350076 0.1104850 0.3303276 0.2502969 0.2860891 0.3932525 0.0925341 -0.2179718 -0.2027179 0.1672114 0.0714285 0.4848283 0.1014910 -0.2895929 0.2769063 0.3296927 0.2742406 0.0531551 0.2277370 0.3900207 0.2776788 0.4806281 -0.1163992 0.0336230 0.3897394 -0.2625233 0.2039718 0.0353527 -0.1213989 -0.3086489 0.3821118 0.5628960 0.3661542 -0.0290579 0.3099896 0.4536533 0.5613798 0.7746126 0.6771934 0.4682114 0.4147082 0.3515444 0.3204551 0.4490426 0.4023476 0.2479565 0.4091711 0.1663232 0.2120021 0.1107380 0.0490596 0.5175636 0.9052359 0.1265952 0.4415118 0.5284594 0.0903721 0.3268080 0.1046504 0.1310396 0.2871327 0.2424024 0.1736838 0.3903247 -0.0736427 -0.2999756 -0.0781459 0.3237548 0.3573056 0.2222034 0.0855788 0.1689337 0.1214478 -0.4472576 0.1781027 0.2544711 0.5543954 0.3376403 0.0862470 0.0916964 0.1492295
0.3518337 0.6752950 0.6639390 0.8327441 0.0493518 0.5356972 0.1750619 0.0000000 0.7712356 0.6242526 0.7891018 0.4236598 0.8613182 0.1312303 0.7211696 0.4961975 0.2626417 0.4046251 0.8521626 0.3752796 0.2564787 0.6167418 0.2296281 0.4782628 0.5984345 0.2414803 0.2152140 0.2203208 0.7533942 0.2300977 0.4159903 -0.0600459 0.2575421 0.4426225 0.3029241 0.4605920 0.4552253 0.4901999 0.1427169 0.1431473 -0.0405863 0.6012826 0.3814291 0.0440485 0.6708525 0.7058436 0.3159079 0.3897208 0.5301800 0.6969471 0.1679069 0.3678851 0.8073155 0.1809560 0.0344337 0.5745564 0.4204568 0.4351485 -0.2084816 0.4289018 0.6208878 0.2288850 -0.0694828 0.7666633 0.5221913 0.0678371 0.4646320 0.4842047 0.2630124 0.7455539 0.5865931 0.6879259 0.6449763 0.3368685 0.3794478 0.8459204 0.6804357 0.6021251 0.8714378 0.8240065 0.6569515 -0.5978104 -0.2831891 -0.3218426 -0.3348859 -0.3900129 -0.2370868 0.0310705 -0.2113596 -0.1368419 -0.0582277 -0.2150487 -0.0039324 -0.4291549 -0.0245213 -0.0108891 -0.1958328 -0.3913766 0.0670853 0.1116510 -0.0349085 -0.4214531 -0.4273580 0.3846639 -0.3617288 0.1747293 -0.3269705 -0.5828731 -0.3211378 -0.0894790 -0.1275231 -0.0260697 -0.4207086 -0.3163916 -0.2414917 -0.3290991 0.0162283 -0.4200904 -0.2878455 0.2659522 0.5855152 -0.1668106 -0.4431420 -0.5037343 0.1702621 -0.0110914 -0.2197720 -0.2929564 0.1332007 0.2289632 0.2499949 -0.0066772 0.5222503 -0.1571625 -0.4586361 -0.2560271 0.1267850 0.1146342 0.3018521 0.2136980 0.0458575 -0.0154787 0.0548463 -0.2029463 -0.2530866 -0.1102734 0.2425581 0.0376904 -0.0990721 -0.3052537 -0.3597010 -0.2301484 0.3520086 -0.0773718 0.4239077 -0.3878554 -0.2463359 -0.3409342 -0.0124829 -0.5569211 0.0375252 0.0770908 -0.5231891 -0.1786435 0.0002801 -0.5814707 -0.5654956 -0.1768415 0.0153384 -0.0005074 -0.2811419 -0.3793916 0.1386503 0.2589840 0.0215547 0.0863699 -0.0156308 -0.3043171 -0.1124853 -0.2808278 0.0585489 0.1330765 -0.1800599 0.1719644 -0.4105938 -0.0668236 -0.5012119 -0.4399660 -0.2412564 0.1313528 0.1750864 0.5768346 -0.0808696 -0.1355568 0.0682588 -0.0349926 0.2219669 -0.2346680 0.0864041 0.2491267 0.2941317 -0.4138550 -0.1132435 -0.0521215 0.1164020 0.0600533 0.0393009 0.2588692 0.2453208 -0.2019255 -0.0911739 -0.1296344 -0.0148917 0.0794030 0.2149060 0.4759124 0.6306172 0.3556073
0.3042665 0.6895775 0.2831638 0.8825870 -0.3467261 0.8392954 0.1430449 0.7712356 0.0000000 0.9308140 0.9051383 0.6219540 0.5855151 0.5683482 0.7315060 0.2035939 0.5918188 0.6684498 0.5566728 0.0422455 0.3889621 0.3345272 -0.0437145 0.7630942 0.2867096 0.1052193 0.1594010 0.4786482 0.8453217 0.5107286 -0.0820746 -0.3396968 0.7364243 0.7544529 0.1348244 0.5909130 0.2596718 0.0932472 0.0869726 0.1402538 -0.4350680 0.6987758 0.2099596 0.3652983 0.6914941 0.4990592 0.2719189 0.0017457 0.8320215 0.5464649 0.0102320 0.1824477 0.9326848 0.2810674 -0.1755931 0.5262258 0.4544809 0.5992342 -0.3040094 0.3634560 0.4365647 0.2174906 -0.2110252 0.8833316 0.2562595 0.3033516 0.3825950 0.3361587 0.1850991 0.7775498 0.4756261 0.7970156 0.5350333 0.2284403 0.2666080 0.8005068 0.7247852 0.4514227 0.7183667 0.6093238 0.3664255 -0.5994444 -0.5105473 -0.5322055 -0.4519779 -0.5715888 -0.6050722 0.0487055 -0.4472660 -0.2456660 -0.4840633 -0.5904617 -0.4812732 -0.0249676 -0.3578269 -0.4058968 -0.6411881 -0.5451274 -0.2069535 0.3821332 -0.1269689 -0.5961148 -0.6080136 0.2951147 -0.6563472 -0.0914249 -0.5456555 -0.7956514 -0.4513126 -0.2373854 -0.4705147 -0.1405581 -0.4440047 -0.5599853 -0.3334403 -0.3117307 -0.1572976 -0.3908345 -0.3101252 -0.0755249 0.2704466 -0.2506939 -0.4792168 -0.7150917 -0.1702241 -0.2996089 -0.3760543 -0.4416594 -0.2549923 -0.0043409 -0.2386909 -0.3208722 0.2417561 -0.2707594 -0.4686653 -0.5215191 -0.3842790 -0.3047001 -0.2039637 0.1517937 -0.3743352 -0.3691467 -0.2849262 -0.4175229 -0.4377352 -0.2094525 -0.2537040 -0.4149352 -0.3201172 -0.2274085 -0.3381544 -0.4306943 -0.1481169 -0.4651500 0.1228553 -0.6145203 -0.1838733 -0.5625186 -0.1775349 -0.6784339 -0.1534585 -0.1663907 -0.5397401 -0.4877719 -0.3160480 -0.5320061 -0.6577930 -0.3438440 0.0894418 -0.3500843 -0.5194258 -0.4186385 -0.2129167 -0.0269428 -0.1808491 -0.2158193 -0.2010919 -0.5581463 -0.1245654 -0.3409045 -0.1271327 -0.0759860 -0.3600543 -0.0841696 -0.4470475 -0.1229220 -0.5539497 -0.5556567 -0.4439432 0.1542840 0.0877859 0.4794481 -0.1503547 -0.2984007 -0.2480075 -0.3576447 0.0296678 -0.5291440 -0.1213834 -0.1134975 -0.0178109 -0.4371600 -0.3325769 -0.2663935 -0.2224622 -0.2666631 -0.3718674 -0.1150439 -0.0834890 -0.3666952 -0.3142556 -0.4017620 -0.4995135 -0.1949990 -0.1122527 0.0373481 0.7898384 0.7081360
0.4772648 0.6886360 0.1782154 0.8334108 -0.2272521 0.9061139 0.2088381 0.6242526 0.9308140 0.0000000 0.8859497 0.6279146 0.5093494 0.7172152 0.7553137 0.0787773 0.6822211 0.7130071 0.4320447 0.0276328 0.3580877 0.3659184 -0.1709429 0.8018057 0.0862723 -0.0191621 0.0740599 0.5668119 0.8332308 0.6283887 -0.2411123 -0.4060399 0.8436256 0.8565836 0.0720306 0.4829722 -0.0038584 0.0412630 0.1796321 0.1751366 -0.4500456 0.6159993 0.1627762 0.5211310 0.6727042 0.2888274 0.0243928 -0.0102794 0.8355502 0.3249940 -0.1874631 0.0907017 0.8375051 0.2736270 -0.1192345 0.3914109 0.2761405 0.5973940 -0.1561302 0.1770586 0.3916166 0.1133092 -0.0901752 0.7890556 0.1397661 0.1731489 0.1705103 0.2143469 0.1213691 0.6494358 0.1992809 0.6771927 0.3094492 0.2228270 0.1255176 0.6112510 0.5703800 0.3114510 0.5063349 0.3822322 0.2535964 -0.6072786 -0.3153773 -0.4424751 -0.3364174 -0.5534846 -0.4987943 -0.1381224 -0.4266008 -0.2479641 -0.5768068 -0.6389671 -0.5280229 -0.0317264 -0.3713467 -0.3556521 -0.7417635 -0.7097249 -0.3477495 0.3955576 -0.3277716 -0.7412911 -0.7185446 0.1833791 -0.7966345 -0.1511492 -0.5894867 -0.7505225 -0.5132397 -0.2425427 -0.6408428 -0.2033321 -0.5507929 -0.6724937 -0.4816269 -0.3760329 -0.3149489 -0.3512295 -0.3137301 -0.1157061 0.1452777 -0.2599989 -0.4584741 -0.6299159 -0.2064779 -0.3001402 -0.4035740 -0.6193667 -0.2785448 -0.1535857 -0.3818398 -0.2849392 0.0438600 -0.2624049 -0.2362487 -0.5432309 -0.5723448 -0.2996270 -0.2531797 0.1116396 -0.2454851 -0.3395449 -0.1416716 -0.4340090 -0.4982917 -0.2925761 -0.2754383 -0.4090239 -0.1036323 -0.1417465 -0.3318991 -0.3998121 -0.2014225 -0.3452245 -0.0024991 -0.5797018 0.0054325 -0.5504757 -0.0060189 -0.7510238 -0.1671069 -0.1697267 -0.5961013 -0.5469867 -0.3342799 -0.5514480 -0.7300017 -0.1815995 0.1439183 -0.3001260 -0.4544121 -0.1815900 -0.1319538 0.0707756 -0.1827211 -0.2727553 -0.2913499 -0.5640924 -0.2670879 -0.4006130 -0.2111297 -0.0955143 -0.2998704 -0.0457733 -0.2581843 -0.0437811 -0.4115391 -0.4490567 -0.3153299 0.1848932 -0.0629330 0.3424568 -0.1098039 -0.3586432 -0.2703043 -0.3939011 -0.0422714 -0.5278747 -0.1464887 -0.1502860 -0.0899462 -0.3839277 -0.5282299 -0.4909919 -0.3245298 -0.2545869 -0.4155939 -0.3498557 -0.0818297 -0.3072536 -0.4683137 -0.4396555 -0.5488463 -0.2315872 -0.2095266 -0.1000517 0.7434694 0.6831124
0.3903650 0.5824604 0.2477512 0.9379060 -0.0840819 0.7586185 0.1046110 0.7891018 0.9051383 0.8859497 0.0000000 0.5551885 0.6860749 0.4343378 0.6238237 0.4395693 0.6864461 0.4318602 0.6870995 0.1504939 0.3576624 0.5023079 0.1338865 0.5522836 0.3584878 0.2012556 0.2616490 0.2455667 0.8041476 0.4744318 0.0637628 -0.2698321 0.6461438 0.6748704 0.3280351 0.3922908 0.2262717 0.3126782 0.3662414 0.2833100 -0.1276692 0.4922442 0.4592149 0.2271130 0.5592258 0.5202052 0.2893017 0.2882914 0.7527065 0.4511010 0.1359044 0.4210641 0.8371182 0.3687024 0.0755264 0.5194848 0.4287943 0.5940349 -0.0851146 0.4697227 0.4191255 0.3057692 -0.0928607 0.8172790 0.1339107 0.1799740 0.4193641 0.3061317 0.0512642 0.6906846 0.3495970 0.6148769 0.4184767 0.3021803 0.1101159 0.6842743 0.5829767 0.3184657 0.5840745 0.5416221 0.3528305 -0.5439125 -0.3208704 -0.3394109 -0.2430304 -0.5068509 -0.3413429 0.0157186 -0.3907483 -0.1739069 -0.4013409 -0.6252180 -0.4339827 -0.2936453 -0.3267909 -0.3580348 -0.4720963 -0.6181150 -0.2707652 0.1011374 -0.2596613 -0.6007763 -0.5738929 0.0111613 -0.6434628 -0.1247320 -0.5725682 -0.6719692 -0.3041269 -0.2402873 -0.3048911 -0.1276411 -0.3982081 -0.4799823 -0.3155413 -0.1844224 0.0466437 -0.1674067 -0.1009985 0.0864495 0.4043020 -0.0965503 -0.3051452 -0.5810014 0.0416279 -0.0535053 -0.2700466 -0.5431051 -0.0278211 -0.1145752 -0.1357036 -0.1953411 0.0515965 -0.2282902 -0.3706330 -0.4604441 -0.2847707 -0.0781334 -0.0195209 0.0828532 -0.1748628 -0.2539129 -0.1196067 -0.3489822 -0.2025486 -0.2444020 -0.0412225 -0.1958290 -0.1991124 -0.4504913 -0.4679869 -0.2415769 0.0160577 -0.2077243 -0.0312865 -0.4566914 -0.1001402 -0.4242767 -0.1585247 -0.5748554 -0.2055432 -0.2585620 -0.3761053 -0.2806919 -0.2928709 -0.3652637 -0.5143020 -0.2266813 -0.0470769 -0.1401694 -0.3073820 -0.2699036 -0.1179276 0.1211115 -0.1886694 -0.1816917 -0.1225361 -0.4489377 -0.1861270 -0.4667731 -0.3337038 -0.1585233 -0.2279280 -0.0268411 -0.1832434 0.0086409 -0.2875591 -0.3013147 -0.2505074 0.1382615 0.0946361 0.3157514 -0.2090240 -0.2477206 -0.0539591 -0.1980511 0.1835877 -0.4052346 0.0418517 0.1281207 0.1169480 -0.2705354 -0.4136962 -0.3856027 -0.1333714 -0.1396750 -0.1932761 -0.1025149 0.1128347 -0.0880366 -0.3238617 -0.3234465 -0.2403515 -0.0271325 -0.0176173 0.1149656 0.6427697 0.5804183
0.6433930 0.7468731 0.2645623 0.6135618 -0.0354812 0.7196577 0.5319006 0.4236598 0.6219540 0.6279146 0.5551885 0.0000000 0.2890827 0.5572757 0.6246060 0.2047104 0.2865884 0.5246430 0.2839546 -0.1101141 0.9234640 0.2997875 -0.5093015 0.6570900 -0.0287788 -0.3450963 0.1458106 0.5179208 0.8557026 0.5870372 -0.0246836 -0.3303577 0.6334696 0.7825385 -0.3332121 0.7152531 -0.3255992 0.0093124 -0.2629208 -0.2096015 -0.3191282 0.6779089 -0.2642616 0.3182797 0.6317608 0.1569271 0.0125591 -0.0537689 0.4102925 0.4354975 -0.3845989 -0.2792346 0.6454644 -0.3649899 -0.0893012 0.2025507 0.0688525 -0.0075803 -0.3216807 -0.1600121 0.0794542 -0.3172618 -0.0316894 0.3676611 -0.1010766 0.1909864 -0.1086424 -0.2688336 0.0500187 0.1207228 0.0308047 0.6378156 -0.1079323 0.0761891 -0.0173051 0.2491254 0.6634949 -0.0159955 0.2198267 0.2674303 0.0442213 -0.8004368 -0.6011573 -0.8047320 -0.6134738 -0.6310339 -0.5586647 -0.2340616 -0.7758490 -0.7364511 -0.6884325 -0.4493402 0.0320346 -0.0719175 -0.5560619 -0.2877304 -0.6026034 -0.2534144 -0.4983190 0.3269215 -0.6219119 -0.3529104 -0.4101732 -0.0950997 -0.7440370 -0.4089849 -0.4599870 -0.6323652 -0.3199097 -0.3705397 -0.4957518 -0.2781667 -0.2184963 -0.2241872 -0.3417091 -0.0831076 -0.0516590 -0.1449854 -0.1504985 0.0091423 0.2951848 -0.0885160 -0.2985742 -0.2372588 -0.1074723 -0.0829733 -0.2210279 -0.1397594 -0.0811879 -0.0416526 -0.1711696 -0.0230018 -0.1120072 -0.0223134 -0.1877393 -0.1770969 -0.3433882 -0.2541707 -0.1962456 -0.0477533 -0.0941066 -0.2830554 0.0323163 -0.1028227 -0.2898781 -0.0593970 -0.0930688 -0.2695851 0.0412654 -0.1410913 -0.6197790 -0.0608251 0.0875090 -0.0237918 -0.0429548 -0.1003943 0.3448724 -0.0803732 0.2892519 -0.6221087 0.0633863 0.1553985 -0.1223654 -0.3798631 0.0029076 -0.1839780 -0.2087202 0.1870800 0.1560225 -0.0986471 0.0268753 0.1805026 -0.0163202 0.0757273 0.2104253 0.3287191 0.3853434 -0.1141968 0.3299313 0.0519048 0.0229978 0.1344509 -0.1181960 0.0931049 -0.3525225 -0.2721113 -0.3058119 -0.2031146 -0.0343516 0.6319568 0.0934887 0.4883449 0.1336256 -0.1550571 0.0502735 -0.2226895 0.2039624 -0.2463897 -0.0152646 0.0078346 0.4141140 -0.0377835 -0.1711946 -0.0780539 0.0889631 -0.0550469 -0.2521387 -0.0736601 0.3441151 0.0180344 -0.2254367 -0.1979354 -0.1497892 0.3359870 0.1074005 0.0714106 0.2116483 0.4126798
0.3579823 0.6216977 0.6366168 0.6961699 0.2313860 0.3230880 0.1089260 0.8613182 0.5855151 0.5093494 0.6860749 0.2890827 0.0000000 0.1460627 0.6063315 0.5158460 0.4079835 0.3140185 0.6746115 0.5952183 0.1302077 0.7408645 0.1890547 0.3015684 0.5799057 0.3615478 0.2628585 0.1536663 0.5595758 0.3199337 0.5072708 0.1238395 0.0607979 0.2167093 0.2952766 0.2639273 0.4388527 0.7046550 0.1968122 0.1445087 0.1359393 0.3602792 0.2573813 -0.0205606 0.4961306 0.6128385 0.0784019 0.6023817 0.2714661 0.6310711 0.0307677 0.2544012 0.5522779 0.0651298 0.1813118 0.4910942 0.2578116 0.2711619 0.0556272 0.2715942 0.5996278 0.0017396 0.1145181 0.5576579 0.4368367 0.0274935 0.2591888 0.2738403 0.3185919 0.5079572 0.4473060 0.4540478 0.3858131 0.5239157 0.3849055 0.6483853 0.5476972 0.5541329 0.7171957 0.7063806 0.6440618 -0.5374960 -0.0510425 -0.1711697 -0.2853129 -0.3513092 -0.0281386 -0.0643262 -0.1078553 -0.1467435 0.2510580 0.0361508 0.0448203 -0.5840966 0.2626682 0.3407809 -0.0287310 -0.4418182 0.2340991 -0.1371500 -0.1010239 -0.4450616 -0.5031179 0.2433068 -0.2032475 0.4357076 -0.3219992 -0.4703705 -0.3169399 -0.1312394 0.0307295 -0.0693265 -0.3833657 -0.2417317 -0.2993470 -0.2681280 0.0593626 -0.4308477 -0.2145006 0.2961351 0.6474815 -0.0437736 -0.4356096 -0.3176846 0.1312011 0.0311067 0.1264797 -0.3891256 0.0794488 0.2013228 0.2070063 0.0974793 0.5460398 -0.1977723 -0.0816912 -0.2435876 0.1397316 0.0876845 0.2927905 -0.0757142 0.1976890 -0.1012386 0.2689206 -0.1838978 -0.1706704 -0.0652440 0.3064525 0.2451878 0.0944991 -0.2986249 -0.5297264 -0.1620532 0.4161633 0.1686600 0.5749310 -0.2002715 -0.3338379 -0.2468351 0.0408807 -0.5893646 0.3062363 0.1613594 -0.5185997 -0.1631538 0.2933878 -0.5781539 -0.4320235 -0.0142622 -0.0788664 0.1645433 -0.0504539 -0.1359062 0.1394514 0.3295194 0.1103302 0.1798811 -0.0137387 -0.1339946 -0.2733381 -0.2550998 0.0661160 0.2864849 0.1175452 0.4299915 -0.0529125 0.0329006 -0.1436938 -0.0742212 0.1060914 0.0377863 0.0616384 0.4863535 -0.0042036 -0.0681109 0.1073634 0.0863717 0.1227425 0.0374258 0.3830980 0.2656767 0.4656746 -0.2706549 -0.0452698 -0.1301793 0.2386217 0.1972158 0.1393424 0.4196157 0.4452961 0.0600422 -0.0168496 -0.1062620 0.1431649 0.0868857 0.2123199 0.7033060 0.6215341 0.4239594
0.4562529 0.5598968 0.1283568 0.3188122 -0.0799714 0.6516322 0.3021921 0.1312303 0.5683482 0.7172152 0.4343378 0.5572757 0.1460627 0.0000000 0.5939611 -0.3934572 0.6825229 0.8267309 -0.1874307 0.1705048 0.3346827 0.0831520 -0.6411917 0.8369052 -0.2368578 -0.4860589 -0.0257434 0.8372604 0.4846339 0.8035565 -0.3514741 -0.0843511 0.8301964 0.7568112 -0.5029769 0.4061322 -0.3538920 -0.1389688 -0.1364283 -0.1480983 -0.4772003 0.5394522 -0.4299662 0.5874102 0.4192540 -0.0297992 -0.2542038 -0.2318030 0.4460969 0.1029949 -0.6197468 -0.4834731 0.3835141 -0.2021134 0.0990306 0.2505711 0.0658719 0.1117112 0.0261078 -0.4132527 0.2584595 -0.3653527 0.3216750 0.2229314 -0.0540484 0.3688279 -0.3767030 -0.2548431 0.4273918 0.1145791 -0.0361608 0.3283199 -0.2063171 0.1058233 0.2699527 0.0961610 0.2714861 0.2333137 0.1184972 -0.0108641 0.1141452 -0.3103506 -0.1744622 -0.5342056 -0.5182472 -0.6877244 -0.3970315 -0.4687628 -0.5862721 -0.5431177 -0.4779185 -0.4727743 -0.3761423 0.1963095 -0.3677119 -0.2719102 -0.8553983 -0.7323672 -0.5480328 0.5732314 -0.5240532 -0.7357349 -0.7026571 0.1784553 -0.7134947 -0.2338566 -0.5805386 -0.6348858 -0.6617249 -0.1982145 -0.7344866 -0.4679856 -0.5414557 -0.5632314 -0.3793531 -0.3945194 -0.4038594 -0.1576356 -0.3224116 -0.2535778 -0.0876920 -0.0234913 -0.4096243 -0.2327259 -0.3297030 -0.4801785 -0.3305681 -0.4107205 -0.5232907 -0.2156752 -0.6374952 -0.0586909 -0.1421033 -0.2191551 0.2220677 -0.4132195 -0.7662945 -0.4742214 -0.5410940 -0.0787114 -0.2574974 -0.4171154 0.1583137 -0.4749489 -0.5265821 -0.1727218 -0.3730478 -0.3670881 0.1265364 0.2601191 -0.3720839 -0.4868749 -0.2808765 -0.2791226 0.0192623 -0.4475551 0.1676508 -0.3578572 0.1297150 -0.6361223 0.1111162 0.1737462 -0.5037464 -0.6423142 -0.1051038 -0.4938286 -0.5422321 0.0071865 0.0014911 -0.3664884 -0.2254717 0.0901258 -0.0528370 -0.0115895 0.1307774 -0.0440007 -0.3569216 -0.4778520 -0.2602792 -0.0572787 -0.1124578 0.1922159 0.1155489 0.2181324 -0.0757548 -0.1704578 -0.2183215 -0.1879835 -0.0621611 0.2183496 -0.3120893 0.3115406 0.3204269 -0.4758014 -0.4900304 -0.5523950 -0.3694451 -0.1704752 -0.1496055 -0.4395899 -0.0785617 -0.3755387 -0.4058287 -0.5083914 -0.0326401 -0.1131409 -0.4946561 -0.4855773 -0.0595245 -0.4271910 -0.4378182 -0.4698783 -0.4790199 -0.3534346 -0.4544395 -0.1920604 0.5163994 0.5566504
0.7327165 0.9119724 0.6406736 0.6716534 0.0644838 0.8051672 0.6127479 0.7211696 0.7315060 0.7553137 0.6238237 0.6246060 0.6063315 0.5939611 0.0000000 -0.0068977 0.2644128 0.8317680 0.4337781 0.2922952 0.4028669 0.4895221 -0.3784335 0.8341583 0.0723634 -0.3151632 0.2248889 0.7617620 0.8460499 0.6191847 -0.0195509 -0.1904100 0.5451295 0.7334326 -0.1714342 0.6308840 -0.1283573 0.1825391 -0.0775891 0.0106000 -0.2962755 0.7596996 -0.1064795 0.5296859 0.8518612 0.2955020 -0.2005216 0.1199210 0.5415315 0.3794234 -0.4254416 -0.2187107 0.7050238 -0.1415208 -0.0685753 0.2607611 0.0354672 0.3190785 -0.1097105 -0.1450438 0.5967610 -0.2383527 0.1255262 0.5533794 0.5406165 -0.0250901 -0.0908805 0.2015287 0.2723813 0.5009847 0.1339600 0.6937074 0.2520695 0.3030060 0.2655494 0.5634307 0.6543405 0.4354357 0.5723075 0.4754642 0.4429068 -0.7377300 -0.2487583 -0.5273092 -0.4510439 -0.4624725 -0.4368359 -0.4442497 -0.3538992 -0.3996609 -0.3570239 -0.2752947 -0.0740321 -0.1787312 -0.1679733 0.0206881 -0.6343650 -0.5722967 -0.2671245 0.4578865 -0.4530265 -0.5685146 -0.6162397 0.4200242 -0.6650516 -0.0655849 -0.2800633 -0.5925569 -0.5788879 -0.0102335 -0.6916091 -0.0980437 -0.6128347 -0.4563436 -0.3434713 -0.4646663 -0.3174042 -0.4226393 -0.4867752 0.2183883 0.2829332 -0.1320749 -0.6403750 -0.3749646 -0.0907265 -0.2258520 -0.3071077 -0.3727323 -0.0765811 -0.0234201 -0.1494572 0.1385361 0.3693370 -0.1074323 -0.0609391 -0.2178246 -0.3192761 -0.0351901 0.0720857 0.3291011 0.1416862 -0.0183578 0.2493988 -0.1878004 -0.5040714 -0.1862373 0.1036045 -0.0554574 0.3168426 0.0431761 -0.3393888 -0.2001391 0.2830398 -0.0227812 0.3748247 -0.3582060 0.1221554 -0.2203617 0.3866412 -0.7001229 0.1731236 0.3763757 -0.7828086 -0.3141348 0.0456486 -0.7339015 -0.8183994 0.1568004 0.4021613 0.0462397 -0.2953696 -0.0215755 0.3401809 0.4906916 0.3363027 0.2560264 -0.0241574 -0.2054593 -0.0827491 -0.0345647 0.3241491 0.3881572 -0.0498236 0.3505434 -0.3027400 -0.0112783 -0.4566793 -0.4211347 -0.0453264 0.4569759 0.0574783 0.5813233 0.2094843 -0.1386483 -0.0267737 -0.1357245 0.0521312 -0.1837193 -0.0605650 -0.0000131 0.1965347 -0.4276718 -0.3279782 -0.2127707 0.0877007 0.0230113 -0.1039685 -0.0849888 0.1395959 -0.3444136 -0.3760378 -0.1250767 -0.2142286 -0.0028158 0.0909104 0.1640383 0.7102426 0.4683009
0.0853848 0.1385651 0.1486656 0.4841745 0.2516125 -0.0073181 -0.2212956 0.4961975 0.2035939 0.0787773 0.4395693 0.2047104 0.5158460 -0.3934572 -0.0068977 0.0000000 0.0870658 -0.4300870 0.7443738 0.1942877 0.2463280 0.6004797 0.6089632 -0.3132586 0.6688881 0.5614866 0.2834359 -0.5736184 0.3022197 -0.2990597 0.6665666 0.1393497 -0.2590761 -0.1238783 0.6704663 0.1154536 0.4039702 0.6984572 0.0946198 -0.1107346 0.5293356 -0.0267824 0.5750017 -0.6352907 0.0078031 0.6149017 0.5661427 0.6466632 -0.0925806 0.4975894 0.6326613 0.5093953 0.2326880 0.0462474 0.1692652 0.3140362 0.3257196 0.0067494 -0.0433979 0.6368204 0.0779787 0.4149030 -0.2264515 0.2893946 -0.0892922 -0.1322905 0.6342546 0.2008416 -0.1888001 0.2295370 0.3177944 0.1338988 0.2997777 0.1768404 -0.0815061 0.3146917 0.2440864 0.0086208 0.2607825 0.3669653 0.1738536 -0.2177638 -0.1469857 -0.0433459 -0.0101450 -0.0276788 0.2248987 0.3841328 -0.1782725 -0.0612873 0.0643176 0.1267227 0.2256682 -0.7092616 -0.0787240 0.1237081 0.2263689 0.0598218 0.0239003 -0.5322891 -0.0846582 0.0904900 0.1543875 -0.4115342 -0.1276510 0.1081129 -0.1817908 -0.0957697 0.0663441 -0.2418035 0.3477356 -0.0214082 0.0555412 0.0310471 -0.0811379 0.2048063 0.4288916 0.0438131 0.4012011 0.2504249 0.5167592 -0.0785779 -0.0021202 0.0209593 0.5302683 0.3883476 0.0337947 -0.1205097 0.4318799 -0.0485143 0.4562601 0.0899273 0.0387054 0.1853138 -0.3746999 -0.0129656 0.4008877 0.3256903 0.3969327 -0.1093695 0.2256193 -0.0415163 -0.0071118 0.2468072 0.5009804 0.0026377 0.4224464 0.2722264 -0.0570211 -0.7211925 -0.4440533 0.3243952 0.4528149 0.2735486 -0.0555776 0.2384995 -0.1238595 0.1692853 -0.0883282 -0.1041626 0.0108819 -0.1538745 0.2788702 0.2307427 0.1583066 0.1823557 0.2704092 0.1120512 -0.1703718 0.2652729 0.3200800 -0.0746372 0.0321320 0.1987596 -0.2624054 0.1116553 0.4421072 0.0903193 0.1985579 -0.1643159 -0.2577023 -0.0342238 -0.0165031 0.0612178 -0.1180903 0.1105564 0.0642245 0.2306834 -0.0076020 -0.0323952 0.3648361 0.0360224 -0.3390705 0.3332449 0.4618292 0.4231774 0.6205993 0.0022976 0.3052416 0.5584391 0.4334462 0.2902452 0.2573527 0.2484068 0.2164041 0.0980151 0.3166668 0.3802488 0.5730164 0.4877718 0.3348372 0.1911083 0.3974408 0.4216864 0.4852343 0.4225141 -0.0303962 -0.1215952
0.1190594 0.2221954 -0.0659713 0.4633984 0.0096020 0.4101957 -0.1345012 0.2626417 0.5918188 0.6822211 0.6864461 0.2865884 0.4079835 0.6825229 0.2644128 0.0870658 0.0000000 0.3727552 0.1025434 0.3182674 0.0921955 0.2526688 -0.0313064 0.4122531 0.1562532 0.1320575 0.1228273 0.2690126 0.3245657 0.5693060 -0.0763257 0.0756989 0.6334941 0.4530521 0.0702092 0.0633642 0.0943578 0.2655648 0.3527450 0.1372762 -0.0448005 0.2029644 0.1475357 0.2014310 0.1592473 0.2743597 0.1046248 0.2271886 0.4614669 0.1811721 -0.0761178 0.1345367 0.3543643 0.2330305 0.3784121 0.4875097 0.3740898 0.3283067 0.3050007 0.1319034 0.3053894 0.0708170 0.2700028 0.3830896 -0.1805012 0.4833015 0.0717575 -0.0350440 0.2818400 0.2895756 0.1939231 0.1212407 -0.0007592 0.3293562 0.2357123 0.2434390 0.1753695 0.2757805 0.2145283 0.1677803 0.2144481 -0.1012854 -0.0340444 -0.1434887 -0.1912959 -0.5794096 -0.0947768 -0.0195468 -0.3731265 -0.1917686 -0.1539917 -0.5295258 -0.6094392 -0.0444058 -0.1359157 -0.2787404 -0.4564217 -0.7724871 -0.3026180 0.0582717 -0.2625520 -0.7193245 -0.6821492 -0.0956487 -0.4636112 -0.0745946 -0.7394269 -0.5716076 -0.3492532 -0.3737292 -0.2527838 -0.4337163 -0.4057508 -0.5231172 -0.3289361 -0.1907889 -0.0177375 0.0591240 0.0398349 -0.1469733 0.1577585 0.0602226 -0.1454123 -0.2451693 -0.0642666 -0.1158683 -0.1143024 -0.5747302 -0.2624562 -0.2322438 -0.4177362 -0.1530044 -0.2315309 -0.3119584 0.1500561 -0.5952187 -0.5218318 -0.2485890 -0.3307949 -0.2717411 -0.2814812 -0.4162529 0.0193862 -0.5591257 -0.1251548 -0.2771060 -0.2188233 -0.1894233 -0.1581625 -0.2227676 -0.5071517 -0.4184757 -0.2867518 -0.2421310 -0.1393996 -0.4153290 -0.1853690 -0.4014143 -0.3174109 -0.4326464 -0.0910910 -0.2746561 -0.2652982 -0.4007856 -0.2334806 -0.2369890 -0.2896069 -0.2582558 -0.3990656 -0.2597974 -0.1811617 -0.1189449 -0.2980448 -0.1181661 -0.2094741 -0.2567473 -0.3839550 -0.4868287 -0.4300457 -0.4033349 -0.5579952 -0.1315819 0.1873666 0.1197167 0.2219622 0.0840100 0.0851742 0.1037977 -0.0163681 -0.0768529 -0.2326856 0.1029821 0.0604916 -0.4091179 -0.3064961 -0.3119466 -0.1788466 -0.0761780 0.1874599 -0.0815383 -0.0251480 -0.2676009 -0.4195163 -0.6103762 -0.0468020 -0.0521343 -0.2384545 -0.2109380 0.0249320 -0.0773863 -0.3479494 -0.4580087 -0.2535154 -0.2943467 -0.3597655 0.0606045 0.5052177 0.5857087
