0.0000000 0.8024712 0.2570788 0.1547945 0.2890167 0.5882680 0.6443275 -0.0908446 0.0280723 -0.0777197 -0.2233132 0.2633636 0.0220604 0.1617223 -0.2798601 -0.3435784 -0.3038549 0.0662062 -0.4394249 -0.0706757 0.4864220 -0.4931291 -0.4997849 0.3735250 -0.5411744 -0.4294843 -0.2162377 0.4970782 0.6012155 0.4941971 -0.2723735 -0.5534661 0.5153997 0.4848240 -0.4590595 0.4901924 -0.5230906 -0.5018365 0.1532242 0.3697260 -0.4853013 0.2648260 -0.3361893 0.4315589 0.0692013 -0.5114722 -0.3976391 -0.4847885 0.3267611 -0.4062418 -0.4395984 -0.2628096 0.1660826 0.0472756 -0.4047124 -0.4867651 -0.5123196 -0.0955699 -0.1494734 -0.4088595 0.0415615 -0.5133801 -0.3219270 -0.1640003 -0.2328037 -0.5275643 -0.5324037 -0.4929760 -0.4808897 -0.5232420 -0.5483693 0.0526849 -0.4608918 -0.0288254 -0.5346251 -0.4696365 -0.0072781 -0.4429523 -0.4247373 -0.3884910 -0.4125452 0.0688532 -0.1576573 -0.4863095 -0.3987821 -0.6841651 -0.4416069 -0.6043063 -0.5935785 -0.2598557 -0.4142487 -0.3822361 -0.4983142 -0.4683087 -0.5043102 -0.5157857 -0.5379778 -0.3305608 -0.3552557 -0.2100190 0.0845830 -0.6112701 -0.7440120 -0.2313068 -0.5563994 -0.5998894 -0.3580096 -0.4633041 -0.6640916 -0.2073313 -0.5198049 -0.3361770 -0.2619983 -0.0229323 -0.0718073 -0.2692873 0.0156172 0.1006119 0.0020997 -0.0739039 -0.1577869 -0.1504889 -0.3665887 -0.1270517 -0.0828710 0.0369439 -0.2514291 -0.3809184 0.0063431 -0.0173915 -0.0175102 -0.3723343 0.0486606 -0.0414655 -0.4001198 -0.4191003 0.0692885 -0.0108473 -0.0646973 0.0802303 -0.4354971 -0.0715041 -0.3951721 -0.1160524 0.0341674 -0.4404621 -0.0973476 -0.2369810 -0.2685654 -0.2143478 -0.1810921 0.1611679 -0.2251062 -0.3525399 -0.3014943 -0.4821239 -0.0767638 0.0644653 -0.0412059 -0.2676063 -0.2684815 -0.2491651 -0.2620790 -0.1845879 -0.2204808 0.0374488 -0.3449764 -0.2318003 -0.0181436 -0.0599646 0.0616592 -0.1481984 0.8412108 0.4102606 0.4046955 0.4054116 0.2456071 0.2660168 0.5345915 0.6406296 0.5241365 0.5000918 0.1105796 0.1005787 -0.1149475 0.2068582 -0.1724103 -0.2162530 0.0462502 0.2145022 -0.0685048 -0.3238269 -0.3807263 -0.1199469 -0.0762035 -0.1446410 0.0163856 -0.3893929 -0.2570585 0.0809087 0.1009903 -0.0317500 -0.2089728 -0.1206172 -0.0735915 -0.2057007 0.2409638 0.2783081 0.1894314 -0.1254842 0.1603435 0.2520690 0.0011046 -0.1591289 0.3634678 0.6355258 0.6386060 0.4616256
0.8024712 0.0000000 0.3757629 0.4331916 0.2844751 0.8318625 0.7674992 0.0996286 0.3151709 0.1167915 0.0266369 0.5681337 0.0069458 0.1958956 0.1250918 -0.1546728 -0.0996230 0.5209309 -0.2292073 -0.0112996 0.6405423 -0.3866380 -0.3738661 0.5868714 -0.3729000 -0.3326690 -0.2182437 0.4480811 0.6944393 0.3525369 -0.2382630 -0.4392900 0.5295187 0.6618729 -0.4383117 0.6240247 -0.4831161 -0.3393900 -0.0115141 0.2557623 -0.3834138 0.4377406 -0.4183095 0.3457993 0.3369945 -0.3998642 -0.4004164 -0.3404612 0.4932980 -0.2742648 -0.4329722 -0.3324508 0.5088087 0.1009719 -0.3329121 -0.4159494 -0.4640058 0.1270221 -0.0204829 -0.3625092 0.2937084 -0.3942642 -0.3894085 0.1910227 0.1704003 -0.5195620 -0.4192891 -0.3438906 -0.4513698 -0.1434536 -0.5207381 0.4707389 -0.2980168 0.4321093 -0.4348722 -0.0523042 0.3404991 -0.3939733 -0.0997242 0.0705195 -0.0549272 -0.0425291 -0.5565435 -0.7541769 -0.6432010 -0.8244529 -0.7611536 -0.7135347 -0.8263084 -0.6154288 -0.6177417 -0.6141527 -0.6575105 -0.6573532 -0.6117509 -0.6175719 -0.7289821 -0.5212295 -0.5895141 -0.4297158 -0.1761136 -0.6876994 -0.7263620 -0.4220234 -0.7317594 -0.6627051 -0.4840677 -0.5833284 -0.7662442 -0.2979580 -0.7098000 -0.4473543 -0.0317847 -0.0678315 -0.1316749 -0.1548493 -0.0494733 0.0574675 0.0160118 0.0681207 -0.0547426 -0.2658024 -0.5511253 -0.0664181 0.1079478 0.1163481 -0.3985037 -0.6193663 0.1479802 -0.1016568 0.0854530 -0.5256893 -0.0198502 0.0013490 -0.6257714 -0.6347597 0.1803389 -0.0920923 -0.0556247 0.1446901 -0.5727370 -0.1389957 -0.5504603 0.1440594 0.0466288 -0.6299562 -0.4757516 -0.5602024 -0.5036081 -0.4624301 -0.4733063 0.1475525 -0.5812725 -0.6181484 -0.5941200 -0.5596955 -0.2783009 -0.3805303 -0.2032994 -0.5923484 -0.5500191 -0.6273737 -0.3651744 -0.4462859 -0.5875941 -0.2736352 -0.5515948 -0.4735261 -0.3699526 -0.4783134 -0.2889129 -0.4223779 0.7073789 0.6581953 0.7006954 0.7324030 0.6434358 0.5891695 0.7535019 0.7187677 0.5571278 0.5907996 0.1782405 0.1436761 -0.0627508 0.5100800 -0.1649905 0.0316150 0.4204154 0.5540977 0.0671262 0.0407533 -0.1497372 -0.0002392 0.0397731 0.1212424 0.3948597 -0.1857790 0.0815687 0.2185479 -0.0206017 -0.1528315 -0.2054103 -0.1285046 0.2139837 0.1508565 0.3171352 0.0508970 0.0299505 -0.0277045 0.1260755 0.3418743 0.2676982 0.1196011 0.4304540 0.3274657 0.7468094 0.5522922
0.2570788 0.3757629 0.0000000 0.7336171 0.8971089 0.3422875 -0.0538871 0.5148968 0.2889357 0.2746500 0.3608287 0.0095350 0.5713288 0.2085365 0.2287644 0.2115959 0.2362033 0.2409395 0.2726351 0.6419330 -0.0517737 0.2651051 0.2461334 0.1360433 0.2969642 0.3242534 0.4564756 0.3563620 -0.1389784 0.3306720 0.3533342 0.3427023 0.2054512 0.0635854 0.3018661 -0.0290151 0.2789359 0.2363135 0.4282367 0.3942882 0.1897660 -0.1052200 0.4380887 0.3117006 0.0413941 0.2912931 0.2822862 0.2517965 0.3622661 0.2307491 0.3333020 0.5002628 0.3373866 0.3690856 0.3124082 0.2956350 0.2396625 0.4455913 0.0517140 0.3369630 0.0322727 0.3137498 0.3114074 0.6861979 0.4783822 0.1580785 0.2562086 0.2714484 0.2168325 0.3152554 0.0665828 0.4495068 0.2483399 0.4502038 0.1629685 0.4168271 -0.1835037 0.2470459 0.5069223 0.1140253 0.5481259 0.2402085 -0.1418350 -0.1261460 0.0508793 -0.4244922 -0.4575184 0.1443925 -0.3146408 -0.1899904 -0.5290918 -0.6266686 -0.6534564 -0.3916145 -0.3268934 -0.3399401 -0.5347883 -0.7068857 -0.3654238 -0.3845535 -0.3738803 -0.5218254 -0.3683260 -0.4165057 -0.4086089 -0.3600485 -0.4684839 -0.5008848 -0.4994353 -0.1703291 -0.4247001 -0.5094882 -0.1820132 -0.1622223 -0.1272896 -0.1084344 -0.3238335 -0.3212446 -0.3183738 -0.2832576 -0.3757153 -0.4136428 -0.4899026 0.0152718 -0.0100539 0.3590491 -0.5365846 -0.6210429 0.4761896 -0.2037478 0.2102116 -0.4778883 -0.3031150 -0.6263532 -0.2989541 -0.5302255 0.2437684 0.3823575 0.3837116 0.5447415 -0.1987839 0.4533511 -0.1489556 0.0675074 0.4419336 -0.5096110 0.0173025 -0.0408147 -0.4079198 0.1398007 0.1628195 0.0757742 0.0113377 -0.4683176 -0.5498436 -0.3393558 0.1076380 -0.0708520 0.0993965 0.0103780 -0.4829276 -0.1471786 -0.4168909 0.1203618 -0.4530529 -0.1887990 -0.3559509 -0.3905121 -0.0904977 -0.3006858 -0.3453040 -0.2685169 -0.1170967 0.2838653 0.1565684 0.3665610 0.3794806 0.3036971 0.2888129 0.0324938 0.2685311 0.0472234 -0.2765090 -0.3649550 -0.4101168 0.2957974 0.0486176 0.4119566 -0.1674189 0.0540140 -0.0768630 -0.0794277 -0.4109909 0.3031872 0.2351156 0.3125648 0.2444977 -0.3167726 0.3687554 0.4284779 -0.4945655 -0.4121023 -0.5093884 -0.5123826 0.7467587 0.3869188 0.5133741 0.3137239 -0.5132618 -0.0112868 -0.3145946 -0.2529396 0.7415506 0.4789549 0.5733629 0.0472817 0.4893754 0.4985455
0.1547945 0.4331916 0.7336171 0.0000000 0.5789932 0.6140071 0.2227321 0.7335903 0.1771398 0.3104306 0.6658390 0.1984524 0.4647609 0.2109862 0.2596406 0.4033455 0.5029179 0.3449945 0.3987289 0.4275837 0.1376127 0.2168518 0.3967823 0.0048582 0.2624763 0.4093547 0.4147936 0.0454155 -0.0011489 0.1379210 0.2897061 0.2096346 -0.1541320 0.1678844 0.3400364 0.1359477 0.2238793 0.2359718 0.3633807 0.3841943 0.1605122 0.1143029 0.3983042 0.0145821 0.3449809 0.3056812 0.2801286 0.2208945 0.2563237 0.2610594 0.2622300 0.3827248 0.4852481 0.3760255 0.1904195 0.2132971 0.1330885 0.4269904 0.1672216 0.2770792 0.3096464 0.1606884 0.1352133 0.8130017 0.5441267 0.0455055 0.1606003 0.1732296 0.0887997 0.5034991 0.1096749 0.6380996 0.2064409 0.6838451 0.1423635 0.5319628 0.1469986 0.2626410 0.5580267 0.2695739 0.6550341 -0.2951245 -0.5725408 -0.4643995 -0.1873775 -0.4534962 -0.6117719 -0.1630047 -0.5396427 -0.5063480 -0.6379042 -0.6232518 -0.5005711 -0.5096260 -0.4997135 -0.3213859 -0.6124923 -0.4278246 -0.5478052 -0.3252389 -0.3822854 -0.3522018 -0.3131450 -0.3692507 -0.6019576 -0.4984651 -0.0549781 -0.3148186 -0.5417681 0.2268795 -0.6195982 -0.0738307 0.3156776 0.2237836 0.2558119 0.2850947 0.1413826 0.1903892 0.1515189 0.2428354 0.1699509 -0.0078023 -0.3876497 0.1422914 0.2967202 0.2230048 -0.2746222 -0.5726345 0.3888039 0.1534423 0.4126454 -0.5153516 -0.1447480 -0.2724280 -0.3831060 -0.5860684 0.4265980 0.0763980 0.2633456 0.2250179 -0.3613480 -0.0526690 -0.2021303 -0.0188556 0.2399677 -0.6372941 -0.3607302 -0.3749107 -0.4826515 -0.3017891 -0.1763837 -0.1042736 -0.4566802 -0.5742767 -0.5935075 -0.3231348 0.0125372 -0.4757825 -0.0001959 -0.2403195 -0.5141346 -0.5070575 -0.2436799 -0.0061565 -0.6139360 -0.0677034 -0.2694879 -0.4045494 -0.2777703 -0.5248076 -0.4039256 -0.3995632 -0.0016375 0.4307643 0.2914661 0.5381229 0.6236514 0.2943793 0.4359053 0.2085838 0.0456836 0.2383048 -0.0591004 -0.1902197 -0.2324260 0.5297423 -0.0430647 0.3188325 0.0698232 0.2569951 0.1179978 0.0800049 -0.2703728 0.2588758 0.1863644 0.3242755 0.2994265 -0.0382847 0.4149149 0.2896267 -0.0149749 -0.0206627 -0.2059311 -0.2064809 0.4835250 0.4618146 0.5166339 0.0690792 -0.1162702 0.3005974 -0.0381228 0.0339542 0.4620039 0.4654699 0.6647967 0.0925152 0.5977599 0.4890667
0.2890167 0.2844751 0.8971089 0.5789932 0.0000000 0.1281406 -0.2546509 0.5842310 0.0392531 -0.0099139 0.3196446 -0.1491518 0.7842947 -0.1664303 0.0891283 0.2807682 -0.0234060 -0.0286676 0.3459621 0.8142619 -0.0699091 0.4088240 0.2932272 -0.0189122 0.3735938 0.4264218 0.2487420 0.0875396 -0.2103280 0.1040848 0.5843392 0.4179794 0.0285364 -0.0670332 0.4268880 -0.0945792 0.3989785 0.3831557 0.2773482 0.3029697 0.3816559 -0.1870514 0.4709812 0.0894349 -0.0783671 0.4100996 0.4555591 0.4107832 0.0671010 0.4139279 0.4873243 0.5364228 0.1215499 0.2907728 0.5117245 0.4623862 0.3841953 0.2281658 0.1358594 0.4629898 -0.0468293 0.4284445 0.5592893 0.4762730 0.2727068 0.3179179 0.3635552 0.3356892 0.4025154 0.1126815 0.1982629 0.1860766 0.3491385 0.2162830 0.3138010 0.2364887 -0.4882688 0.3744815 0.4389755 -0.2151746 0.3944228 0.3898183 -0.0419769 -0.1307264 0.0049795 -0.3934007 -0.3980702 0.1104403 -0.2913198 -0.2032554 -0.4304605 -0.5323903 -0.5043714 -0.3818180 -0.1924297 -0.2478175 -0.4327610 -0.5921910 -0.2205793 -0.3290487 -0.4341836 -0.3917373 -0.3001627 -0.4627749 -0.3716278 -0.2859426 -0.4663769 -0.4478006 -0.4042814 -0.1847462 -0.3214832 -0.4314224 -0.1587780 -0.1562905 -0.1503834 -0.1310152 -0.3257923 -0.3560641 -0.3478305 -0.3109737 -0.3888035 -0.3512950 -0.3850664 -0.0388715 0.0045864 0.3473681 -0.3594677 -0.5460885 0.4137048 -0.0384793 0.2838355 -0.4214195 -0.1291890 -0.6069187 -0.2552797 -0.3767248 0.3122159 0.3850033 0.4090625 0.4387498 -0.1417558 0.3695247 -0.0332640 -0.0651277 0.4334924 -0.3596510 0.1502539 0.0793010 -0.1810351 0.1410252 0.1883877 -0.0382256 0.0914122 -0.3667348 -0.3697871 -0.2644223 0.2647524 0.0509787 0.3252210 0.0836206 -0.2754747 -0.0714357 -0.3185401 0.2180753 -0.2619987 -0.0988917 -0.1990714 -0.1231722 0.1072035 -0.1577223 -0.0194409 0.0538542 -0.0682932 0.0292425 -0.0074962 0.0934516 0.1209512 0.1475084 0.2019989 0.0596491 0.3440519 0.0011657 -0.2456003 -0.3199505 -0.2464779 0.1998453 0.3219728 0.4374359 -0.4201942 -0.2228978 -0.0210975 -0.3651490 -0.6105073 0.2400439 0.2107074 0.2032975 0.0248245 -0.4660157 0.1272872 0.3808960 -0.3434911 -0.3661162 -0.6462296 -0.6016237 0.6889890 0.3222795 0.4242015 0.4667110 -0.3218962 -0.0759557 -0.4493822 -0.3596458 0.7299134 0.4906747 0.4937895 0.2256877 0.2700104 0.2448955
0.5882680 0.8318625 0.3422875 0.6140071 0.1281406 0.0000000 0.8208565 0.1896735 0.2894554 0.3258418 0.1775143 0.4926628 -0.0874756 0.4725067 0.0837427 -0.1140875 0.3389132 0.4473900 -0.1874514 -0.2073533 0.5409228 -0.4481687 -0.2064963 0.3710435 -0.3743923 -0.2164827 0.2010667 0.4597807 0.6267329 0.5447982 -0.3831344 -0.4414252 0.3528935 0.6756480 -0.2630332 0.6333962 -0.4009369 -0.3674457 0.2976981 0.4958202 -0.4487266 0.5157799 -0.1809849 0.4155506 0.5541129 -0.3295651 -0.2950850 -0.3890449 0.6059751 -0.3091612 -0.3594772 -0.1460446 0.6501914 0.3181938 -0.4127814 -0.4195898 -0.4477293 0.3470283 -0.0627923 -0.2931129 0.4276783 -0.4196691 -0.4632003 0.4562161 0.2653730 -0.4962676 -0.4101841 -0.3511996 -0.4573495 0.1117190 -0.3900393 0.6617028 -0.3159307 0.6049160 -0.3525062 0.1461315 0.5754898 -0.2942917 0.0365923 0.2973953 0.2118755 -0.4666087 -0.6699343 -0.6156556 -0.4440182 -0.7629706 -0.6752113 -0.5934682 -0.7004465 -0.5022483 -0.6376303 -0.5449093 -0.5964699 -0.5002707 -0.6237951 -0.4722543 -0.7195192 -0.3754986 -0.5346259 -0.1299194 0.0769982 -0.6941303 -0.7276194 -0.0639059 -0.7019313 -0.5959464 -0.2514210 -0.4826071 -0.7756140 0.0497183 -0.7271453 -0.2939857 0.0632263 0.0860297 0.0827720 -0.0201841 0.1193954 0.2195721 0.1823749 0.2870370 0.1792072 -0.0921022 -0.3795909 -0.0055797 0.2442184 0.1401195 -0.3539228 -0.4857614 0.2246165 0.0666130 0.2609458 -0.4702893 0.0610004 0.0911328 -0.5093960 -0.6291398 0.3360168 -0.1133139 0.0634655 0.1499165 -0.5385172 -0.1668468 -0.5071296 0.1945467 0.1443531 -0.7079095 -0.4963154 -0.5765868 -0.6201172 -0.4428189 -0.3891237 0.1986683 -0.5950400 -0.6315818 -0.6876321 -0.4786666 -0.3060174 -0.5057216 -0.3129788 -0.5339234 -0.6760107 -0.6232716 -0.2728680 -0.3431641 -0.7104801 -0.0629711 -0.4712145 -0.5918223 -0.4341310 -0.5261897 -0.4845167 -0.6267841 0.5673122 0.7325443 0.5713204 0.7475085 0.7124922 0.5422616 0.7421621 0.7018260 0.3842872 0.7112117 0.2364066 0.2198155 -0.1187571 0.5146755 -0.3822133 -0.0146715 0.5131901 0.6733456 0.0767503 0.2057293 -0.0880300 0.0592319 0.1162640 0.1630013 0.4579571 -0.0752769 0.2941791 0.2181610 0.0151756 -0.0090715 -0.0319395 -0.0742048 0.0480394 0.2376916 0.4415854 -0.2609690 0.0075343 0.1934435 0.2654449 0.3754057 0.1444652 0.1114481 0.6003282 0.2670418 0.7972794 0.6182421
0.6443275 0.7674992 -0.0538871 0.2227321 -0.2546509 0.8208565 0.0000000 -0.1682464 0.1512077 0.1160833 -0.1576241 0.4753954 -0.3680752 0.4517906 -0.1645700 -0.3854215 0.0578463 0.3937294 -0.4963203 -0.5132462 0.5261996 -0.6753174 -0.4989337 0.4070620 -0.6472951 -0.5679444 -0.1346488 0.4870730 0.7149308 0.4716424 -0.6022878 -0.7137646 0.5159866 0.6358283 -0.6214731 0.5788654 -0.6980160 -0.6422906 0.0499243 0.2544236 -0.6468581 0.4328347 -0.5420747 0.3861704 0.3012426 -0.6643693 -0.6313953 -0.6614771 0.5400111 -0.6133646 -0.6822727 -0.5071229 0.3958451 -0.0070989 -0.7140772 -0.7418010 -0.7121001 0.0669568 -0.2408525 -0.6130213 0.2079709 -0.7114409 -0.7306805 -0.0009434 -0.0260525 -0.7187677 -0.6664048 -0.6070224 -0.7185112 -0.2420356 -0.6190056 0.3584478 -0.6074725 0.3502645 -0.6218459 -0.2527123 0.6353970 -0.5840575 -0.4090250 0.1911131 -0.2205298 -0.3793055 -0.4361806 -0.5790013 -0.4842587 -0.5674467 -0.4804860 -0.6618247 -0.5617102 -0.3476509 -0.3637761 -0.3246847 -0.4118541 -0.3895727 -0.5230813 -0.5042519 -0.4976933 -0.1874018 -0.4227559 -0.0841803 0.2110919 -0.4845384 -0.6086868 0.0088478 -0.5077413 -0.5729620 -0.1464777 -0.2765519 -0.5202393 -0.0785243 -0.4926185 -0.0817019 -0.0576548 -0.0090764 -0.0411854 -0.1487266 0.1224796 0.2642696 0.1816532 0.2229863 0.1462812 -0.0777961 -0.2768296 -0.0443452 0.0606430 -0.0875006 -0.2160194 -0.2572514 -0.0512639 -0.0227810 -0.0256859 -0.2694448 0.0161319 0.3673082 -0.4241135 -0.4082357 0.0750840 -0.1810694 -0.2035380 -0.0461852 -0.4621102 -0.2441880 -0.4781231 0.1588908 -0.1404176 -0.4817719 -0.4627075 -0.5491902 -0.4669294 -0.4339062 -0.4149876 0.2592216 -0.5199831 -0.4023641 -0.4124527 -0.3860707 -0.3415542 -0.3165995 -0.3801717 -0.4599134 -0.4126066 -0.4453390 -0.1835456 -0.3956995 -0.4080001 -0.0874591 -0.4381154 -0.4539835 -0.3359519 -0.2536530 -0.3204078 -0.4935325 0.7132068 0.6152033 0.5537923 0.6469135 0.5352715 0.5007088 0.5749599 0.6204241 0.3630726 0.5647304 0.1682281 0.1558884 -0.1524098 0.4423162 -0.4398413 -0.1897747 0.5990573 0.6612238 0.0192631 0.2393104 0.1563875 -0.0761584 -0.0747668 -0.0090510 0.3100920 0.1065050 0.0888915 -0.0192421 0.1689855 0.1548668 0.1654451 0.1906347 -0.3010609 -0.0738135 0.1591258 -0.2752201 0.1403508 0.0604488 0.3729205 0.5797832 -0.2172309 -0.1997522 0.2826500 0.3151145 0.6809423 0.5340046
-0.0908446 0.0996286 0.5148968 0.7335903 0.5842310 0.1896735 -0.1682464 0.0000000 -0.1596717 -0.0275612 0.8308870 -0.0603253 0.8247529 -0.2878274 0.1697792 0.7128026 0.3247064 -0.0303648 0.7397138 0.7119639 -0.0364064 0.6220482 0.6791440 -0.1938770 0.6412673 0.8119934 0.2757245 -0.4725118 -0.2768783 -0.2787992 0.7483970 0.6143523 -0.5221593 -0.1713658 0.7660361 -0.0842069 0.7086854 0.6759793 0.1512765 0.1565137 0.6541111 0.0129700 0.5987792 -0.4862734 0.1327932 0.7457811 0.7792069 0.6683845 -0.3169913 0.7191423 0.7532587 0.6097144 0.0382989 0.1856243 0.6772818 0.6951993 0.6412548 0.0635187 0.3756545 0.7450394 0.1323793 0.5493292 0.6335103 0.5040355 0.1897059 0.5592532 0.6298868 0.5338723 0.6145795 0.2963254 0.5883822 0.1471318 0.5750667 0.3297236 0.5839702 0.4392662 -0.3399060 0.6648635 0.6714669 -0.0822989 0.5582579 -0.1311812 -0.3274698 -0.2491405 -0.0930510 -0.0219048 -0.2609580 -0.0320901 -0.1699016 -0.2895362 -0.2293875 -0.3022686 -0.2300591 -0.2147495 0.0383568 0.0378076 -0.2631591 -0.1064926 -0.0114699 -0.2092504 -0.3339343 0.1473772 0.1493436 -0.2407454 -0.2795960 -0.0458877 0.2254845 0.1198303 -0.0656950 0.2644325 -0.1281525 0.2325130 0.4400649 0.3300569 0.3308979 0.3888067 0.2528032 0.2360028 0.2708275 0.1072880 0.2324019 0.1988728 -0.0983723 0.2682823 0.0802971 -0.1612094 0.2035992 -0.2278887 -0.0201308 0.4922428 0.3111370 -0.1524940 0.2509797 -0.0777682 -0.0060294 -0.0966545 0.4575877 -0.1680242 0.1064425 -0.1619262 0.0711354 -0.2195566 0.2584520 -0.0549155 -0.0027018 -0.0836759 -0.1512759 -0.0388939 0.0278265 -0.1531914 -0.1164963 -0.2110609 -0.2440450 -0.1418569 -0.0871949 0.1642891 0.4041353 -0.2902102 0.4129102 0.0639634 0.0215391 -0.2275094 0.2580147 0.3550247 -0.1245712 0.1735483 0.1629485 0.1054766 0.1403902 -0.1517061 0.0597543 0.1413780 -0.1434969 -0.0376367 -0.0582209 0.0045807 0.1480627 0.0799565 0.1299816 0.0752681 0.0710476 -0.0307140 0.0546309 -0.1201508 0.1403693 0.2450300 0.4849367 0.4470745 -0.3693883 -0.3218704 -0.1084258 -0.3425865 -0.4961741 -0.1810656 -0.2093522 -0.1285555 -0.2011514 -0.2684509 0.0863515 -0.1283615 0.0114937 -0.1839645 -0.4821687 -0.4909258 0.4308622 0.2255425 0.0045874 0.0824366 -0.0925659 0.0723842 -0.4628537 -0.3859249 0.4367453 0.3991619 0.3616346 -0.0667822 0.0980082 -0.0170712
0.0280723 0.3151709 0.2889357 0.1771398 0.0392531 0.2894554 0.1512077 -0.1596717 0.0000000 0.8442003 0.1934120 0.7731460 -0.3967919 0.5955927 0.8090016 0.1851742 0.3747549 0.6321192 0.1633560 -0.0866796 0.4119569 0.0777366 0.0645270 0.7774696 0.1488036 -0.0238911 0.1294095 0.4833328 0.3151690 0.2340055 -0.1273196 0.0894023 0.4524825 0.5303320 -0.1694583 0.3350383 -0.1061624 0.0747020 0.1510015 0.2283847 -0.0874368 0.4097981 -0.1059478 0.3759164 0.4889033 -0.0067918 -0.2761075 0.0372683 0.5936135 0.0511087 -0.2130969 0.0126993 0.6816771 0.5018331 -0.0336246 -0.0421320 -0.0763436 0.6860208 0.1627563 -0.0286267 0.4575539 0.2017443 -0.3008145 0.4280343 0.7274607 -0.0923197 0.0123337 0.2672555 -0.1686758 0.5373512 -0.1138057 0.6098049 0.1987478 0.2883870 -0.1480581 0.4467965 0.3431250 -0.0974605 0.3922500 0.5363839 0.2969477 -0.0367698 -0.3184401 -0.1865365 -0.1903276 -0.3150050 -0.4213871 -0.1405194 -0.3545262 -0.3372350 -0.4125445 -0.4573221 -0.5898618 -0.0941991 -0.3193690 -0.3586013 -0.4166608 -0.6456250 -0.4433566 -0.4756039 -0.2749520 -0.4306741 -0.3038675 -0.2658021 -0.3156229 -0.1795056 -0.4400296 -0.5376604 -0.3622279 -0.5481394 -0.3783939 -0.5918082 -0.2419608 -0.3130404 -0.2290148 -0.2075877 -0.3051345 -0.3039429 -0.3068698 -0.3094462 -0.4000511 -0.4672378 -0.6659167 -0.3906353 -0.2199471 -0.0448199 -0.6254060 -0.5494175 0.0149867 -0.7294402 -0.4617816 -0.5284422 -0.5983760 -0.3838375 -0.3616325 -0.5670281 -0.4581804 -0.2890130 -0.3786146 0.1929192 -0.3333289 -0.0022877 -0.4587995 -0.0363564 -0.1765204 -0.3800218 -0.5318186 -0.4927871 -0.4322057 -0.2234521 -0.3669329 -0.2082153 -0.3820166 -0.2943967 -0.4060435 -0.3802248 -0.4734796 -0.4590697 -0.4318683 -0.5891812 -0.4254021 -0.4469470 -0.4816190 -0.5009257 -0.4896277 -0.4694455 -0.5053049 -0.5164981 -0.5783715 -0.6245119 -0.5283764 -0.5569341 0.0518785 0.7397127 0.7909153 0.7134567 0.6868378 0.2480037 0.4539842 0.2303146 0.0900098 0.3103800 0.1931668 0.2855641 -0.0216662 0.3979900 -0.3943951 -0.2494886 0.4115745 0.5001123 -0.2575372 0.4422151 0.1805830 0.0579933 -0.0158579 0.1998654 0.3810998 -0.0139110 0.3535221 0.0630952 -0.3379641 -0.2051706 0.0856217 0.1057205 0.3019813 0.3000124 0.0929619 0.1648908 -0.2062439 0.2016080 0.2217444 0.1715475 0.2918655 0.2694810 0.0579737 -0.2964282 0.3858742 0.3709637
-0.0777197 0.1167915 0.2746500 0.3104306 -0.0099139 0.3258418 0.1160833 -0.0275612 0.8442003 0.0000000 0.3840792 0.5421121 -0.3851875 0.7584264 0.5999633 0.3522973 0.7450965 0.3147188 0.3095911 -0.1865064 0.1574785 0.1436211 0.3464238 0.4376251 0.2542007 0.1855422 0.4466456 0.4033444 0.0689420 0.3328477 -0.1221505 0.1733369 0.1618509 0.3229936 0.0740629 0.1564419 0.0441719 0.1536753 0.4116291 0.4507167 -0.0299012 0.2747523 0.1517269 0.3660817 0.4422589 0.1565602 -0.0739364 0.0988552 0.5062420 0.1140408 -0.0852686 0.2381452 0.5789828 0.6820625 0.0137758 0.0523937 0.0219354 0.7817747 0.0708683 0.1042809 0.3604093 0.2375034 -0.2198241 0.5805388 0.6658308 0.0349324 0.0691104 0.2803740 -0.0701339 0.6699550 0.0702314 0.6326060 0.2158487 0.3227502 0.0246376 0.4934471 0.3577999 0.0919953 0.4202908 0.4577191 0.3289707 -0.2381788 -0.2646461 -0.0254565 0.0847053 -0.2057427 -0.2546946 0.0256587 -0.2246663 -0.1329064 -0.3529859 -0.3150272 -0.4756496 0.0468868 -0.2953652 -0.1647052 -0.3371115 -0.4599095 -0.3141680 -0.2375300 -0.0555297 -0.3984497 -0.2620827 0.0096671 -0.2188458 -0.1095828 -0.1276825 -0.3036157 -0.4041055 -0.1390312 -0.3301395 -0.4354334 -0.1140070 0.0107019 0.1385071 0.0500864 0.0049175 -0.0547183 -0.0751099 -0.2295824 -0.2585570 -0.1568415 -0.4419662 -0.3348208 -0.2504234 -0.0969393 -0.4489626 -0.3504785 0.0003193 -0.5297017 -0.3647239 -0.4442687 -0.5472102 -0.4502695 -0.1165328 -0.4863622 -0.4629911 -0.2947929 -0.3103706 0.1218417 -0.1903542 -0.0507919 -0.3313704 -0.2663044 -0.2109694 -0.3440269 -0.3874071 -0.3633376 -0.3415215 -0.1472092 -0.2003046 -0.3104570 -0.2695374 -0.1383197 -0.3420825 -0.3138777 -0.3659266 -0.3647684 -0.3803497 -0.4182219 -0.3433007 -0.3020015 -0.3234306 -0.3011510 -0.4120938 -0.1083338 -0.3127912 -0.4018264 -0.4630874 -0.5055253 -0.4525344 -0.5489022 -0.0708374 0.6732331 0.5963905 0.6336139 0.5630314 0.0403285 0.2820893 0.1628220 -0.0484405 0.2865986 0.1316077 0.2656765 -0.0672931 0.3009074 -0.4767482 -0.2967756 0.3273500 0.4442260 -0.3788479 0.3678687 0.0773583 0.0226450 -0.0423308 0.0956673 0.2253667 -0.0956059 0.2499976 -0.0660700 -0.2276848 -0.1305053 0.2202982 0.1255993 0.1003421 0.1770019 0.0977781 -0.0444282 -0.1451330 0.1741727 0.2689389 0.0937121 0.0425343 0.0968856 0.1352949 -0.2913946 0.3920626 0.3534707
-0.2233132 0.0266369 0.3608287 0.6658390 0.3196446 0.1775143 -0.1576241 0.8308870 0.1934120 0.3840792 0.0000000 0.2240804 0.4532724 -0.0015401 0.4587134 0.9043446 0.6348554 0.0572978 0.8732821 0.4728323 0.0132463 0.6905361 0.8348751 -0.0213027 0.7472014 0.8375664 0.3297173 -0.4470566 -0.2575717 -0.2854119 0.6111331 0.6652900 -0.5681231 -0.0817123 0.7264255 -0.0604875 0.6918998 0.7310715 0.2004964 0.1810369 0.6354722 0.1286405 0.5655311 -0.4536935 0.3047967 0.7716964 0.6678039 0.7003287 -0.2462854 0.7493919 0.6489502 0.5617265 0.1942709 0.4250310 0.6404208 0.6753573 0.6403979 0.3034858 0.4456744 0.7298234 0.2989673 0.6538781 0.4873241 0.5648918 0.3431677 0.5956828 0.6700385 0.7013760 0.5647237 0.6142076 0.6865985 0.2865842 0.7333271 0.2781962 0.6104035 0.6632174 -0.1779710 0.7153295 0.8008471 0.0720517 0.5430743 -0.2540100 -0.3855713 -0.2711380 -0.1487861 0.0530331 -0.1714823 -0.0989916 -0.1900040 -0.2929419 -0.1756200 -0.1886628 -0.1556997 -0.1310467 0.0162717 0.1083115 -0.1863325 -0.0653146 -0.0426759 -0.3376311 -0.2602946 0.1409145 0.1676110 -0.1761568 -0.1737754 0.0695821 0.3410902 0.1365476 -0.0872818 0.2527020 -0.1019564 0.1552173 0.4873342 0.4619042 0.4794328 0.5366531 0.4003715 0.3283440 0.3911231 0.0114278 0.1798570 0.3302922 -0.1125617 0.1557402 -0.1311246 -0.3720211 0.2055183 -0.1642626 -0.2360769 0.2554443 -0.0240386 -0.1872593 0.0515259 -0.2288696 0.1387571 -0.1379118 0.0422626 -0.4847881 -0.2290328 -0.3336912 0.0994285 -0.3960626 0.2504994 -0.2779571 -0.3479740 -0.0524186 -0.3147917 -0.1351548 0.1035505 -0.2253905 -0.2482873 -0.4213307 -0.3394700 0.0190594 0.0286161 0.1820537 0.2856063 -0.3657554 0.3197969 -0.0877809 0.1048093 -0.2720001 0.2992908 0.2298652 -0.0946573 0.2386588 0.2076426 0.1375398 0.0245014 -0.2498201 0.0519449 0.0549957 -0.1828409 0.2122468 0.2067887 0.2480554 0.3222134 -0.1046610 0.1081179 0.0538328 -0.1862404 0.0084831 0.2127058 0.1087944 0.3031505 0.1987560 0.2497613 0.0891016 -0.2309530 -0.1870263 -0.3521844 -0.2114791 -0.3841621 -0.3028582 -0.3724786 -0.2244046 -0.2455688 -0.2721536 0.0099785 -0.3482194 0.0509901 -0.0888558 -0.0917986 -0.1405599 0.3185028 0.2530718 -0.1370141 0.0133559 -0.0050462 0.1482120 -0.1326634 -0.2805389 0.2053221 0.3700301 0.2045602 -0.2525653 0.0490016 -0.1180704
0.2633636 0.5681337 0.0095350 0.1984524 -0.1491518 0.4926628 0.4753954 -0.0603253 0.7731460 0.5421121 0.2240804 0.0000000 -0.3919932 0.3623661 0.7141526 0.1357792 0.1761912 0.7060054 0.0411713 -0.2178120 0.8390116 -0.1224427 -0.1080125 0.8396567 -0.1032636 -0.1548017 -0.1940857 0.2544598 0.7178272 0.0799683 -0.1926065 -0.2152324 0.3726919 0.7935126 -0.3209421 0.7113447 -0.3083949 -0.0879888 -0.0216579 0.1623648 -0.2228214 0.7566608 -0.3072869 0.1410290 0.7140299 -0.1920988 -0.3959006 -0.1316683 0.4669267 -0.0282631 -0.3594999 -0.2405053 0.7354594 0.3228647 -0.2172792 -0.2425045 -0.2891839 0.4097369 0.3389712 -0.1930076 0.7148801 -0.0713928 -0.4837421 0.2084587 0.5310794 -0.3180128 -0.2005486 0.0394141 -0.3826221 0.2836882 -0.2336753 0.5422173 0.0322849 0.2641589 -0.3572965 0.2242786 0.4406457 -0.2742277 0.2021833 0.4438356 0.1518397 -0.2830368 -0.5740391 -0.5905975 -0.6206319 -0.4576469 -0.5883831 -0.6175357 -0.6306389 -0.6348217 -0.4968947 -0.4848431 -0.5155141 -0.2531014 -0.4453278 -0.4732143 -0.5461496 -0.4249591 -0.5492647 -0.5171560 -0.2326126 -0.3187033 -0.3801659 -0.3096529 -0.5512464 -0.3306156 -0.2810671 -0.4880345 -0.3743223 -0.4601412 -0.5156982 -0.2563032 -0.0139176 -0.1688772 -0.1628772 -0.1452295 -0.0748472 0.0031950 -0.0336891 0.0136607 -0.0592103 -0.2678980 -0.6762881 -0.2788506 -0.0587806 -0.2323327 -0.3920672 -0.5789788 -0.1939917 -0.3884108 -0.3774858 -0.5648822 -0.3255181 0.0796924 -0.5323168 -0.6043476 -0.2645091 -0.5668338 -0.5760254 -0.0784236 -0.5710122 -0.3895886 -0.5598759 0.0302234 -0.3730576 -0.4543688 -0.8071719 -0.7536218 -0.4573175 -0.5458823 -0.6559006 -0.1658544 -0.7357031 -0.4342052 -0.3589782 -0.3262948 -0.5329300 -0.6751989 -0.4581886 -0.7847541 -0.3805767 -0.7053260 -0.3056941 -0.6421921 -0.5167626 -0.4235387 -0.5181714 -0.4933071 -0.6280265 -0.6904386 -0.4043009 -0.5136778 0.5036604 0.8444114 0.9307745 0.7634754 0.8162052 0.3393596 0.7557063 0.6090139 0.1594486 0.5986859 0.5332160 0.5395323 0.2787284 0.5993689 -0.3379293 -0.3811457 0.5016754 0.5471394 -0.0977416 0.3661754 0.1856027 -0.1146588 -0.1776057 0.0600796 0.3260302 0.1318513 0.2720876 -0.0878200 0.0567340 0.0939663 0.1376387 0.2529024 0.0730660 0.2570837 0.0338965 0.2095092 0.1805066 0.4248009 0.3997073 0.5070890 0.1522246 0.2622709 0.1802689 -0.0197313 0.4807610 0.3196961
0.0220604 0.0069458 0.5713288 0.4647609 0.7842947 -0.0874756 -0.3680752 0.8247529 -0.3967919 -0.3851875 0.4532724 -0.3919932 0.0000000 -0.5341740 -0.1087744 0.4259515 -0.1088859 -0.2603422 0.5064677 0.8912028 -0.2283541 0.5795194 0.4388750 -0.3280342 0.5255219 0.6453056 0.1302483 -0.4050235 -0.3996310 -0.2612686 0.8136345 0.5815313 -0.3682981 -0.3551656 0.6735292 -0.2735471 0.6707710 0.5809134 0.0564658 0.0363582 0.6508785 -0.2788004 0.5401903 -0.4104274 -0.2239801 0.6293133 0.7504600 0.6104382 -0.4090763 0.6177865 0.7656549 0.5758311 -0.2537463 -0.0161987 0.7040642 0.6769789 0.6428346 -0.1710422 0.1970777 0.6898560 -0.1958288 0.5198799 0.7979855 0.2195108 -0.0664650 0.5731982 0.6038688 0.4500107 0.6725962 -0.0613730 0.4934473 -0.1901267 0.4734060 0.0447318 0.5606337 0.1410940 -0.6635206 0.6055872 0.4434024 -0.3823847 0.3456245 0.2383458 -0.0021974 -0.0569580 0.0262567 0.0105325 -0.1072420 0.1273715 0.0035367 -0.0931508 -0.0548756 -0.1974662 -0.1502596 -0.2123773 0.2069571 0.0768201 -0.0934957 -0.1366200 0.1644038 -0.1046421 -0.3362801 0.1416145 0.1351113 -0.2863633 -0.1128616 0.0049000 -0.0152708 0.0484480 0.0504635 0.0618831 0.0571019 0.0996851 0.1312952 0.0496121 0.0293114 0.0808963 -0.0619070 -0.0783812 -0.0508639 -0.1044160 -0.0253217 -0.0249728 -0.0030455 0.1853471 0.0444480 0.0320172 0.1529500 -0.1465078 0.1071917 0.4320623 0.3686511 -0.0151858 0.2928070 -0.1898999 0.0376797 0.0820673 0.5222783 0.1792552 0.3356432 0.0062591 0.1874136 0.0815493 0.3738882 -0.0128555 0.2398043 0.0547509 0.2081608 0.2481703 0.1729376 0.1009907 0.1325568 -0.0769418 0.1106267 -0.0520857 0.0169318 0.1534967 0.5827302 0.0744118 0.6096394 0.3141512 0.1284004 0.0639314 0.1636758 0.5219118 0.0905986 0.1237542 0.2167928 0.2531795 0.4136515 0.1512137 0.2673439 0.4191625 -0.1887341 -0.3718699 -0.3498107 -0.3138388 -0.2059382 0.0019281 -0.0696082 -0.0982837 0.1943167 -0.2370388 -0.2080566 -0.3682376 -0.0486151 0.0246993 0.6534141 0.5578349 -0.6350491 -0.5781247 -0.0344039 -0.5709027 -0.6364669 -0.0660151 -0.0780200 -0.1058496 -0.3093204 -0.4064890 -0.0456314 0.0401120 -0.1077441 -0.2536441 -0.6796118 -0.6456425 0.4922830 0.1588686 0.0490412 0.2814539 -0.1856490 -0.1282116 -0.6523878 -0.5457145 0.5485218 0.3941843 0.2550653 0.1288713 -0.0791203 -0.1011920
0.1617223 0.1958956 0.2085365 0.2109862 -0.1664303 0.4725067 0.4517906 -0.2878274 0.5955927 0.7584264 -0.0015401 0.3623661 -0.5341740 0.0000000 0.1515328 -0.1825096 0.6277240 0.2866502 -0.2395037 -0.5020771 0.1355545 -0.3792568 -0.0799578 0.3595656 -0.2696883 -0.2387774 0.5830020 0.7642204 0.2726493 0.7699921 -0.5597098 -0.2767456 0.5010664 0.4469530 -0.2440083 0.2729912 -0.3234995 -0.4037469 0.6477283 0.6047366 -0.5114216 0.2841594 0.0606456 0.7303841 0.3421826 -0.3160833 -0.3927442 -0.4448525 0.7710811 -0.4447330 -0.3729716 0.1003461 0.5264282 0.5255653 -0.4972798 -0.4265626 -0.3870494 0.6662508 -0.2366691 -0.2665407 0.2250305 -0.2454111 -0.5800357 0.3785035 0.3592675 -0.3712361 -0.3377003 -0.1691601 -0.4792197 0.3080442 -0.2786536 0.5016478 -0.2765365 0.2481167 -0.3864389 0.1648710 0.5097592 -0.3051551 -0.0003460 0.4589898 0.1567937 -0.3774649 -0.0613259 0.0874457 0.1678223 -0.2243926 -0.1273521 0.0195695 -0.0796092 0.1522488 -0.3028593 -0.2576091 -0.4609019 0.1009280 -0.3903122 -0.3080497 -0.3384827 -0.3586390 -0.2764761 0.0018460 0.3506998 -0.5027285 -0.4421483 0.3060319 -0.1735071 -0.2302255 -0.1259164 -0.3092544 -0.3588468 -0.0755581 -0.2755857 -0.3114891 -0.3865652 -0.1373265 -0.0306646 -0.2087515 -0.0843000 -0.0522630 -0.1030901 -0.1721565 -0.2288964 -0.2228836 -0.3292418 -0.1851156 -0.2592868 -0.0457384 -0.4930238 -0.2244718 0.0301619 -0.4735760 -0.3355553 -0.3142712 -0.4733916 -0.2012855 -0.1193614 -0.4539765 -0.3480946 -0.0715541 -0.2039614 0.2505584 -0.2577844 0.1845479 -0.3791733 -0.0160599 -0.0567138 -0.4269846 -0.2206493 -0.2740119 -0.5195383 0.0775884 0.0520697 0.1456194 -0.0699649 -0.2037245 -0.3759474 -0.2852725 -0.3889025 -0.1365516 -0.5242984 -0.1619184 -0.4408540 -0.0581886 -0.3296566 -0.2090097 -0.3621397 -0.0265832 -0.4286647 -0.5958317 -0.3842320 -0.2430650 -0.5792039 -0.6955619 0.1336759 0.6624109 0.3994505 0.5832282 0.4838929 0.1567417 0.2899704 0.1717825 -0.0060195 0.3579526 0.0373331 0.1229128 -0.3502110 0.1998324 -0.7759514 -0.3974477 0.3792253 0.5279477 -0.3321722 0.4095715 0.1751935 0.0643602 -0.0178174 0.0609952 0.2567226 0.0544605 0.3531999 0.0018628 -0.3138550 -0.0016520 0.2844449 0.1856949 -0.1496881 -0.0162621 0.2243285 -0.1760045 -0.2977246 0.1843469 0.4094875 0.2838348 -0.1284681 -0.1343516 0.2809593 -0.0865472 0.5445773 0.5673947
-0.2798601 0.1250918 0.2287644 0.2596406 0.0891283 0.0837427 -0.1645700 0.1697792 0.8090016 0.5999633 0.4587134 0.7141526 -0.1087744 0.1515328 0.0000000 0.4512147 0.2967629 0.6638241 0.4678901 0.2235124 0.4042724 0.3804457 0.2807153 0.6170199 0.4385658 0.2855232 0.0178765 -0.0131267 0.1553306 -0.2247693 0.2154140 0.3814808 0.0365490 0.3357904 0.1316294 0.2502459 0.2314755 0.4123947 -0.0836801 -0.0783958 0.2483569 0.4075505 0.0552733 -0.1120061 0.5363773 0.3274488 0.0595077 0.3829424 0.1955013 0.4175559 0.1427605 0.1030173 0.5709254 0.3131926 0.3175042 0.3170992 0.2582271 0.4559122 0.4796442 0.2712178 0.5679149 0.4628283 0.0356332 0.4469418 0.7372750 0.1997281 0.3465708 0.5261988 0.1667733 0.6639220 0.1894146 0.5096779 0.5105434 0.3024676 0.1405836 0.6526312 0.1729706 0.1911608 0.6846862 0.5521556 0.5342371 -0.0568687 -0.4551868 -0.2272537 -0.2657787 -0.0937974 -0.3549666 -0.1023622 -0.2803300 -0.4812906 -0.2983489 -0.3414812 -0.3336237 -0.0825560 -0.0980817 -0.1072878 -0.2526451 -0.4034930 -0.3421194 -0.4936784 -0.4968373 -0.0475399 0.0604247 -0.3925112 -0.2247576 0.0256463 -0.2060931 -0.3195524 -0.1034689 -0.3678329 -0.2628163 -0.2966478 0.1352274 -0.1258646 -0.0794278 0.0628524 -0.1633007 -0.1623806 -0.1300783 -0.0663228 -0.0981745 -0.2699668 -0.5227469 -0.1843817 0.0169964 -0.0690351 -0.3579026 -0.4703116 0.0047322 -0.4158221 -0.2369614 -0.3847635 -0.3638733 -0.2334722 -0.2720472 -0.3822016 -0.1827821 -0.3751539 -0.2808110 0.0254116 -0.2008075 -0.1725647 -0.2128663 0.0808509 -0.1478743 -0.1977274 -0.5587875 -0.4169133 -0.2455435 -0.3224675 -0.4632075 -0.2942609 -0.4707023 -0.2473843 -0.2577729 -0.1144225 -0.2821933 -0.5973484 -0.2104101 -0.5456416 -0.2697086 -0.5390752 -0.2273469 -0.3657445 -0.4241706 -0.4679633 -0.2426399 -0.3101039 -0.4851432 -0.6578863 -0.4074199 -0.3271847 -0.1597657 0.5012045 0.6162829 0.4755563 0.6153274 0.1549935 0.3711833 0.0811130 -0.1323215 0.1379167 0.3084953 0.2907711 0.2607177 0.3522084 -0.0296780 -0.0331992 0.2522558 0.2544449 -0.0689011 0.3714055 0.1669517 0.0235692 -0.0339580 0.2217357 0.3235001 0.1084536 0.4001086 0.0498877 -0.1780462 -0.1509909 0.0025759 0.0458683 0.5278311 0.4820684 0.0190569 0.2296140 -0.0925353 0.3545190 0.0711347 0.0154121 0.4797218 0.5182726 0.0171651 -0.4338570 0.1191043 0.1020063
-0.3435784 -0.1546728 0.2115959 0.4033455 0.2807682 -0.1140875 -0.3854215 0.7128026 0.1851742 0.3522973 0.9043446 0.1357792 0.4259515 -0.1825096 0.4512147 0.0000000 0.4850795 -0.1102210 0.9800807 0.4948886 -0.1119877 0.8690073 0.9215863 -0.0491524 0.8991326 0.9006908 0.1389149 -0.5850418 -0.4174570 -0.4997384 0.7514034 0.7980534 -0.6403789 -0.2481677 0.7714638 -0.2358483 0.7730149 0.9050374 -0.0004869 0.0327038 0.8259844 -0.0115144 0.5076930 -0.5676573 0.1388405 0.8864703 0.7367851 0.8773022 -0.4229854 0.9059038 0.6912713 0.5372913 0.0200765 0.3777372 0.8058342 0.8194042 0.7647522 0.2491718 0.4846537 0.7937135 0.1749681 0.8105631 0.6194467 0.4174399 0.3072536 0.7560732 0.7679207 0.8031438 0.7127570 0.5721201 0.7811637 0.1363413 0.8458380 0.1207009 0.7475620 0.5786273 -0.3329533 0.7936144 0.7394498 -0.0742904 0.3681444 -0.0088164 -0.1820770 -0.1307421 -0.0476115 0.1825043 -0.0751836 0.0323573 -0.0791421 -0.2138200 -0.0587874 -0.1017460 -0.0464048 0.0090119 0.1348941 0.1569798 -0.0501227 -0.0562994 0.0652063 -0.3590848 -0.3671003 0.2532968 0.3247595 -0.2225113 -0.0571547 0.1860973 0.3030996 0.2160420 0.0385636 0.1433667 0.0425177 0.1150836 0.4680488 0.4125564 0.4406018 0.5371952 0.3514195 0.2094495 0.3026640 -0.1511906 0.0279783 0.3277920 -0.0684957 0.0441490 -0.2510343 -0.4056937 0.2761484 -0.0769626 -0.3179982 0.1414071 -0.1643819 -0.1405475 0.0013310 -0.3016238 0.2121118 0.0092593 -0.1780796 -0.4917781 -0.3142699 -0.3758932 0.2185832 -0.3989003 0.2919857 -0.4440170 -0.4495646 0.1587720 -0.1993960 -0.0215611 0.3104714 -0.1558739 -0.1913578 -0.5887054 -0.2070467 0.2082515 0.2132305 0.2328309 0.2776987 -0.2318822 0.3687368 -0.0509738 0.3123056 -0.1467667 0.3147525 0.1947864 0.0979290 0.2263870 0.2812698 0.3485739 0.0804562 -0.1701740 0.2567937 0.2483848 -0.2838567 0.0267877 0.1543588 0.0775846 0.1052304 -0.2010299 -0.0873535 -0.0413824 -0.1161205 -0.1326959 0.1857837 0.1564016 0.4164519 0.1090976 0.4190901 0.1047947 -0.3026206 -0.3167989 -0.3833704 -0.2659098 -0.3453473 -0.3329314 -0.3806102 -0.2665407 -0.3570054 -0.3335229 -0.1912849 -0.4247171 0.0631030 -0.1862619 -0.1352850 -0.1586722 0.2336577 0.1140311 -0.3285428 0.0744446 0.0643372 -0.0304395 -0.2742057 -0.3864245 0.1020763 0.2439899 -0.0535336 -0.3287252 -0.2008461 -0.3489316
-0.3038549 -0.0996230 0.2362033 0.5029179 -0.0234060 0.3389132 0.0578463 0.3247064 0.3747549 0.7450965 0.6348554 0.1761912 -0.1088859 0.6277240 0.2967629 0.4850795 0.0000000 0.0280214 0.4462114 -0.1367997 -0.0967366 0.2186206 0.6255136 -0.0567811 0.3528148 0.4540992 0.7585566 0.0813467 -0.1590224 0.2887916 -0.0252200 0.2926603 -0.2324956 0.1045983 0.4465683 0.0126210 0.3192017 0.2638277 0.5874389 0.5187841 0.1239840 0.1732134 0.5151020 0.1428885 0.4186042 0.3726335 0.2838869 0.2086294 0.2898012 0.2231372 0.2523552 0.4843602 0.4277749 0.6888807 0.1241499 0.2188044 0.2364225 0.6949532 0.1049229 0.3579522 0.3200627 0.3142863 -0.0012962 0.6969987 0.4471858 0.2487521 0.2730354 0.3572469 0.1547413 0.7343000 0.4031053 0.5523447 0.3179028 0.4049732 0.3331658 0.6162005 0.3292651 0.3845935 0.5340841 0.4357092 0.5498989 -0.4963259 -0.2432784 0.0656193 0.2007972 -0.0134792 -0.0484461 0.1502440 -0.0052684 0.0574836 -0.1934421 -0.1156092 -0.1890112 0.1646546 -0.1238671 0.0864222 -0.1877078 -0.1064755 -0.0535212 0.0839861 0.2125735 -0.1910335 -0.0989605 0.3669195 -0.0544772 0.0556012 0.2296809 0.0132052 -0.2220945 0.3376693 -0.1339145 -0.0426067 0.1074600 0.2708087 0.3656746 0.2797437 0.2305739 0.1504425 0.1898241 -0.0291811 0.0339973 0.1651651 -0.0556043 -0.0421824 -0.1503026 -0.1526667 -0.1161503 -0.0707245 -0.0148356 -0.0588323 -0.0604497 -0.2120936 -0.2041341 -0.2526123 0.1715072 -0.2577199 -0.1243504 -0.2388987 -0.0942134 0.0031495 0.0145388 -0.0574917 0.0007881 -0.1520005 -0.1457384 -0.2448238 -0.1981747 -0.1469394 -0.2068847 -0.0048572 0.0200824 -0.1358303 -0.1223871 -0.0381725 -0.2115638 0.0463161 -0.0574591 -0.2811891 -0.1396044 -0.0634966 -0.2201009 -0.1014316 0.0643079 0.0907278 -0.2808411 0.2818657 -0.0267829 -0.2311105 -0.1997809 -0.2718141 -0.3377568 -0.3983002 -0.2416243 0.4365229 0.1698335 0.3820582 0.3894289 -0.0590621 0.1036443 0.0440272 -0.2110851 0.2181505 0.1419708 0.1920576 0.0075717 0.1778085 -0.3399504 -0.1237530 0.1647508 0.2549407 -0.3658101 0.2351098 -0.0369255 -0.0243378 -0.0836081 -0.0108985 0.0450360 -0.0560597 0.2928440 -0.1691652 -0.1434402 0.0094983 0.2504665 0.0578770 0.0072591 0.2341221 0.1205808 -0.3761968 -0.1935480 0.2511267 0.1960648 -0.0019734 -0.0386037 0.1486254 0.3232986 -0.2756097 0.2053102 0.1485416
