0.0000000 0.3154357 0.3238787 -0.2797818 0.3405096 -0.1801410 0.0213466 -0.3667318 -0.0558754 -0.1396395 -0.1053207 -0.2579895 -0.3906695 -0.2833361 -0.0436439 -0.2403372 -0.2294173 -0.1697573 -0.6277377 -0.2688752 -0.4267744 -0.6058748 -0.1931637 0.1256188 -0.5218629 -0.4710995 -0.2601891 0.1991071 -0.4002608 0.2034316 -0.3939154 -0.2669780 0.1075185 -0.1904618 -0.3727357 -0.3251827 -0.5359861 -0.4315225 0.1842468 -0.2065729 -0.3720197 -0.1214189 -0.0500466 0.2224304 -0.1455096 -0.6500923 -0.6221884 -0.2953572 -0.0844959 -0.3850839 -0.6354520 -0.2476838 -0.2024912 -0.1045861 -0.0881644 -0.4564907 -0.5504347 -0.2817255 0.1806399 -0.6062617 0.1425201 -0.5301350 0.5876523 -0.2637421 0.0609173 -0.4254234 -0.6317015 -0.6646652 0.3254751 -0.4012887 -0.6773189 -0.1047930 -0.7016089 -0.0649401 -0.5601017 -0.5738475 -0.3001146 -0.7601949 -0.5637005 -0.1120427 -0.4890916 0.0001004 0.1837587 0.2440615 0.0331012 0.2081365 0.5525677 -0.1079813 0.2416557 0.0800962 0.0727736 0.1845448 0.2594358 0.0444075 0.2449227 -0.1261823 0.0471482 0.1434748 -0.1456741 -0.0096660 -0.2908073 0.2956788 -0.0257981 -0.0871141 -0.2545392 -0.0866280 0.1093623 0.1124596 0.0991771 0.1247981 -0.2594940 -0.1261588 -0.0124799 0.0088890 0.2102225 0.1067788 0.2207260 0.3383506 0.2676394 0.2319003 0.3325065 0.2272776 0.0048946 0.1460648 0.2822183 0.1280710 0.1164257 -0.2347631 0.1443737 -0.0212561 0.2221377 -0.0126888 0.0909184 0.0762735 0.3219347 0.0468398 0.2508711 0.0016442 0.2460059 -0.0972208 0.2513054 -0.1663690 -0.1740552 0.1402465 0.2617611 0.3012380 0.1107778 0.2253177 0.1272126 -0.1733139 -0.1381848 0.1055268 0.0101811 0.3275448 0.2084448 0.0459833 0.0568489 0.1856007 0.0296167 -0.1716797 0.2281209 0.0148976 -0.0868176 -0.0425910 0.1359676 0.2462618 0.1995402 0.1149830 0.1579223 -0.0305745 0.1922257 0.1498065 -0.0325034 -0.0701829 -0.0832279 -0.0506188 -0.1831877 0.1459066 -0.3632279 -0.1667692 0.5773818 -0.0949100 -0.1496588 0.0890755 0.0982747 0.3666179 0.3320775 0.3563764 0.2876932 0.3703661 -0.0044618 0.0714532 0.1354194 -0.0185913 0.0402824 -0.0178043 0.0025134 -0.1739917 -0.3087316 0.0602468 -0.1874488 0.0564603 -0.2435763 -0.0537155 0.4226319 -0.1566075 0.0108346 0.3036153 0.1665811 0.2684708 -0.1574664 -0.2627670 0.1469754 0.0266697 -0.0797255 0.3628142 0.2401739 0.1394726
0.3154357 0.0000000 0.6859592 0.6753371 0.4942996 0.6465347 0.3391448 0.3403519 0.5613666 0.5493318 0.3049121 0.2928145 0.1101350 0.4041129 0.4441929 0.0529846 0.5877370 0.2568805 -0.1671453 0.3227849 0.1860591 0.0316051 0.3001519 0.5328720 0.0757838 -0.0110461 0.4583124 0.3928252 0.4347042 0.6177763 0.0361033 0.1440601 0.2584950 0.3052608 -0.0747647 0.2615620 -0.2375370 -0.0923461 0.7249881 0.3604452 -0.0185820 0.4739937 0.2719916 0.6724705 0.1636330 -0.3223894 -0.3284868 -0.0422824 0.3878859 -0.4199085 -0.3081631 0.1212240 0.3731970 0.3511777 0.0120948 -0.2741355 -0.3806749 0.2018058 -0.4260207 -0.3070022 -0.0889669 -0.1475284 0.2923013 0.3149236 0.2865578 -0.2872104 -0.1545446 -0.2460380 0.1102989 0.0887879 -0.0894709 0.5566550 -0.2141317 0.4379444 -0.2182874 0.2424361 0.3536639 -0.1447265 0.0526022 0.2009813 -0.4575396 0.0153495 -0.1682846 0.1202857 -0.0946464 -0.2843157 0.0110799 -0.2408534 -0.2902041 0.1267314 -0.4320123 0.0140412 0.0800938 -0.3012697 -0.3062146 -0.0874430 -0.2788909 0.0022207 -0.0933201 -0.4240012 -0.4791411 -0.2542738 -0.0985787 -0.1511890 -0.5584763 -0.4007286 -0.0563601 0.0937251 -0.1285962 0.3130073 -0.1763551 0.2657491 0.4401271 0.1562429 0.3478046 0.4222563 0.2914186 0.2679084 0.4169157 0.2689939 0.2451994 0.1499875 -0.3318094 0.3991804 0.1711827 0.1261970 -0.0541948 -0.4105453 0.1384106 0.1779721 0.0188364 -0.4567350 -0.3010386 0.2750297 -0.4423283 -0.2961575 -0.0454322 -0.2445149 -0.2839908 -0.0853829 -0.3325882 -0.3345856 -0.4855126 0.0439291 -0.2305983 0.1720857 -0.3986504 -0.4102781 -0.0872981 -0.3595744 -0.3872871 -0.1533614 -0.3066518 -0.0706102 -0.3840464 -0.0437832 -0.1730210 -0.1829097 -0.1499476 -0.3772691 -0.1357986 -0.3815204 -0.0552362 -0.0484419 -0.1745095 0.0397180 0.0342038 0.0787837 0.1659859 -0.1001115 0.0444816 0.0732658 -0.4865007 -0.2630805 0.5984429 0.2810131 0.1904189 -0.3821047 0.1327328 -0.1382192 -0.2139414 0.1091334 -0.3406698 -0.1620655 -0.4476678 0.0210153 -0.0727897 0.1060254 0.2554263 -0.2090506 0.2607324 0.2706475 -0.2725743 0.3178577 0.1796322 0.0943551 0.4144339 0.2535785 -0.3718329 0.0695627 -0.3541073 -0.0860241 -0.0469876 -0.1416492 0.3975447 -0.1990959 0.0859369 0.3554239 -0.3381725 -0.1346935 0.0153721 -0.0174522 0.0323088 -0.1103696 -0.1941906 0.2590576 0.1211642 0.3273397
0.3238787 0.6859592 0.0000000 0.5451111 0.4373021 0.6301299 0.3979236 0.0822934 0.5810855 0.4583997 0.0601186 0.5248695 -0.2485712 0.5897667 0.5691714 -0.1147690 0.4753300 0.2414045 -0.3571700 0.2143616 0.3262028 -0.1832022 0.1519093 0.6412534 -0.1986437 -0.0881817 0.3938177 0.6336232 0.3555205 0.7039943 -0.2003970 -0.0189404 0.5067069 0.4547330 0.0318928 0.0858055 -0.2089175 -0.3141968 0.5172951 0.3016195 -0.1417168 0.1139310 0.1683261 0.6042457 0.1817161 -0.3415712 -0.2191865 -0.1013421 0.4484935 -0.2570643 -0.1803457 0.2140217 0.4068323 0.2066591 -0.0747044 -0.2191707 -0.3201182 0.0723339 -0.0741351 -0.1564124 -0.2095034 -0.0721458 0.1366765 0.2191849 0.1963717 -0.4184059 -0.1651820 -0.2644480 -0.1337110 -0.0597986 -0.1990518 0.4078687 -0.2381857 0.2920876 -0.3862099 0.1230437 0.3832864 -0.3347677 -0.0403704 0.0371331 -0.4743663 0.0377159 -0.1032203 0.2724634 -0.1033371 -0.0339797 -0.1546924 -0.0671886 -0.0619652 0.1692478 -0.3365376 -0.0477212 -0.1128295 -0.4035541 -0.3003813 0.0005360 -0.2471312 0.1582643 -0.1330994 -0.6327076 -0.3605314 0.1013432 0.0474388 -0.3959154 -0.5174322 -0.1520717 0.1249528 0.3143400 -0.0911730 0.3680152 -0.1467373 0.2801294 0.4618076 0.2646119 0.3326728 0.4333914 0.3145804 0.2270676 0.3919060 0.1547134 0.1454887 0.1487607 -0.3173224 0.2904781 0.1050610 0.1071729 0.0407663 -0.4515670 0.0607506 0.1930790 0.0474900 -0.4809060 -0.3184422 0.2883917 -0.5708923 -0.1416254 0.0246933 -0.3506847 -0.2292648 -0.3023588 -0.3045388 -0.5196198 -0.7097734 -0.1461199 -0.1846709 0.2425249 -0.4732459 -0.3738403 -0.1368441 -0.5679978 -0.5340430 -0.3703967 -0.4315358 -0.0811509 -0.2591658 -0.2643365 -0.3784476 -0.1861201 -0.3438269 -0.6410660 -0.0542387 -0.4601630 -0.3076170 -0.3127690 -0.1551551 -0.1386840 -0.0026490 0.1143709 0.1703546 -0.2018389 0.1277915 0.1229419 -0.2753526 -0.0583601 0.3931110 0.3423549 0.4376205 -0.3658856 0.2730154 -0.2007658 -0.3003521 0.0463438 -0.0533434 -0.0301357 -0.0035260 0.0270878 0.1072922 0.0208734 0.2795469 -0.1625673 0.1018486 0.0985040 -0.2193943 0.2825775 0.1397508 0.1808235 0.6609600 0.2354180 -0.5087779 0.1754396 -0.2687830 -0.0548403 -0.0285519 0.1512936 0.4748957 -0.1716270 0.1114667 0.2248559 -0.1077005 -0.1105880 0.0623457 0.1021038 0.0454350 -0.3347570 -0.4784397 0.1039027 0.1174501 0.5749776
-0.2797818 0.6753371 0.5451111 0.0000000 0.2146955 0.8539307 0.3071821 0.5804276 0.6591791 0.7526790 0.5121467 0.5802386 0.3595283 0.6926469 0.5319228 0.2976595 0.8031511 0.5410094 0.2506088 0.5107452 0.6161487 0.3519143 0.6138763 0.5001292 0.3455424 0.4424399 0.7382128 0.3085591 0.6552479 0.4750417 0.3266995 0.4156555 0.2810700 0.5029000 0.4581695 0.3747567 0.2696894 0.2763522 0.5360555 0.4313847 0.4026113 0.2795290 0.4729240 0.5083459 0.1582745 0.2750139 0.2811266 0.3309491 0.4175974 0.1069011 0.3596268 0.4176112 0.5060822 0.3770048 0.1869666 0.2319474 0.1342470 0.3243421 -0.5598574 0.3232782 -0.1472973 0.3633666 -0.1563506 0.3936945 0.2825391 0.0158650 0.3589803 0.2445375 -0.1557432 0.3371348 0.3031158 0.5742107 0.2713563 0.4199860 0.1580951 0.5282729 0.5915777 0.2334301 0.3024061 0.1844249 -0.0923628 -0.0076740 -0.3581087 -0.2314970 -0.3750584 -0.5359736 -0.3011324 -0.2337634 -0.5868425 -0.1672741 -0.5248123 0.0365862 0.0176300 -0.5079695 -0.6702262 -0.0063869 -0.2746085 0.0352841 -0.2317016 -0.5490633 -0.3114421 -0.2943190 -0.1761899 0.0466254 -0.4057979 -0.4206007 -0.3067890 -0.2491587 -0.2868106 -0.0653469 -0.1622764 0.1410278 0.1891560 -0.1786114 -0.0900497 0.0680933 -0.1226047 -0.2427584 -0.0385333 -0.1612227 -0.2884149 -0.2360725 -0.3104675 0.2101311 -0.2690426 -0.1199217 -0.3712585 -0.3096134 -0.1622735 -0.0193665 -0.4061656 -0.4653749 -0.5350544 0.0706491 -0.6739545 -0.3548335 -0.4322293 -0.4489994 -0.6149684 0.0226935 -0.6752136 -0.3525958 -0.4223540 0.0682929 -0.4750022 -0.0993614 -0.5818302 -0.5348933 -0.4286260 -0.2479484 -0.2940032 -0.1845658 -0.4339187 -0.5482910 -0.5075039 0.0745321 -0.4279422 -0.4886911 -0.4372308 -0.2800853 -0.4426863 -0.5169833 -0.0341032 -0.2894476 -0.4952758 -0.2660933 -0.3569912 -0.2140996 -0.2018700 -0.3608073 -0.2970831 -0.2474286 -0.2980778 -0.0008565 0.7221535 0.5749294 0.5598466 -0.2069066 0.5217338 0.0573571 -0.5374362 0.1997665 -0.1466421 0.0250773 -0.2726798 -0.0592090 -0.1891060 -0.0214440 0.3022630 -0.2723288 0.0982895 0.2087781 -0.1374885 0.1962046 0.0292288 0.0990722 0.5116524 0.6004154 -0.1760963 -0.1136875 -0.0625466 0.0413273 0.2887778 0.1425928 0.1605421 -0.1141978 -0.0918222 0.1785430 -0.3132059 -0.1872297 0.1871369 0.3990984 -0.0040114 -0.1311466 0.0288972 -0.0104976 -0.1803004 0.2562927
0.3405096 0.4942996 0.4373021 0.2146955 0.0000000 0.4086656 0.5453244 0.2216727 0.6466290 0.4804412 0.3900328 0.3546799 0.1362997 0.4044478 0.5375176 0.1942339 0.4284360 0.4941903 -0.1566111 0.4642211 0.1941528 0.0315973 0.2575323 0.3536493 0.0449087 0.1236519 0.3135783 0.3699999 0.3383657 0.6461423 0.2101568 0.2017905 0.2308957 0.2841001 0.0616671 0.2882072 -0.1171858 0.0155283 0.5738664 0.3029749 0.1338106 0.5075882 0.3276973 0.6637979 0.3916718 -0.1860490 -0.2092867 0.0340871 0.4331440 -0.1769643 -0.2043061 0.3238054 0.4606335 0.3339509 0.0512029 -0.0563193 -0.2089416 0.2227876 0.2647692 -0.1905063 0.2987247 -0.0409609 0.4137688 0.3708669 0.5811795 -0.2359234 -0.0887421 -0.1154314 0.2632196 0.2110958 -0.0496342 0.4508374 -0.1740385 0.5743238 -0.1614637 0.1798680 0.1115793 -0.0142854 0.2041991 0.4039402 -0.0544201 0.1164483 -0.2442394 0.2028846 -0.0128153 -0.1792266 0.2682700 -0.2884181 -0.1519281 -0.0695041 -0.0067327 0.3299339 0.0972254 -0.5042982 -0.0256788 0.3643062 0.0450997 0.1155231 -0.1491448 -0.4077002 -0.4828979 -0.2762199 -0.3396204 -0.2420593 -0.3965060 -0.1789378 -0.0769116 -0.0086189 -0.3865948 0.3344108 -0.2574868 0.1029397 0.1046991 0.0181942 0.0472902 0.1044072 0.0075728 0.2011127 0.1956836 0.0308833 0.0870980 -0.1968469 0.3033219 0.2704285 -0.1139669 -0.1172981 -0.3777388 0.1720047 -0.2420254 0.1973731 -0.1410909 0.2082972 -0.3233497 0.2816815 0.0182834 -0.0726012 -0.1259250 -0.3931891 -0.3103954 -0.5462116 -0.1896155 -0.3974736 -0.1067968 -0.0773039 -0.4482355 0.0762225 -0.3784130 -0.3826574 0.0638046 -0.4681536 -0.2386469 -0.0683887 -0.4307679 -0.1082674 -0.4914159 0.0475700 0.1484670 -0.2034286 0.1981739 -0.1567140 -0.2923221 -0.4780176 0.0276740 0.0371952 -0.2983870 0.1822597 0.0795896 0.1347807 0.2045453 -0.2099574 0.1386113 0.1271569 -0.0803600 -0.1066272 0.4862729 0.2369185 0.3122964 0.0112516 0.3118849 0.3041236 0.0971081 0.4630929 0.4327921 0.4998315 0.2614291 0.4055069 0.2449048 0.5383463 0.2153658 -0.0868093 0.0233476 0.4810709 0.0376383 0.0939943 -0.0855955 -0.1481429 0.0798117 0.1864662 0.1411511 -0.2106520 0.0934558 0.0573250 0.1150042 -0.0598073 0.5604501 0.1474796 -0.2160934 0.7670684 0.2890896 0.2862030 0.1950887 -0.1642885 0.4164305 0.4311337 0.0221928 0.5081580 0.3245298 0.3449159
-0.1801410 0.6465347 0.6301299 0.8539307 0.4086656 0.0000000 0.6916451 0.4693674 0.8708631 0.8408845 0.5197881 0.8597644 0.1716172 0.8441840 0.8078597 0.2991526 0.8204918 0.5560083 0.1859137 0.4201971 0.7384025 0.4161018 0.5780065 0.7192467 0.3641796 0.4119466 0.6735749 0.5896582 0.8574561 0.7112045 0.3157882 0.3827919 0.5547172 0.7777350 0.4154831 0.5381867 0.2083588 0.2909553 0.6676122 0.6427048 0.4652789 0.4780502 0.4685160 0.7595476 0.3695803 0.1584459 0.1983169 0.2743460 0.7580521 -0.0189464 0.2707045 0.5429565 0.8422556 0.4255568 0.1672023 0.1413584 0.0917153 0.3507739 -0.4721683 0.2660357 -0.1343549 0.2866869 -0.1279844 0.5015207 0.3443185 -0.1227549 0.3748373 0.1409391 -0.1954148 0.3598495 0.2417977 0.8191019 0.2401022 0.6002018 -0.0297917 0.6692965 0.8094268 0.2033159 0.5049588 0.4174606 -0.1534614 0.0008565 -0.3359609 -0.1126916 -0.3267832 -0.3646952 -0.1259771 -0.2864347 -0.5808051 -0.1417747 -0.4256938 0.1779621 -0.1607982 -0.6269759 -0.6607564 0.2075540 -0.0361625 -0.0482512 -0.2426483 -0.4258052 -0.4382337 -0.2978955 -0.1498034 -0.0031648 -0.4004736 -0.3814126 -0.2703208 -0.1084008 -0.4120069 0.0307511 -0.1568024 0.2354236 0.3773771 -0.0373579 -0.0108632 0.2657189 -0.0277261 -0.1166665 0.1472212 -0.1625541 -0.2549508 -0.2365247 -0.2661106 0.3116023 -0.2020546 -0.2244645 -0.2656364 -0.1571999 -0.2244299 0.3111243 -0.1852853 -0.4585646 -0.2816308 0.4101577 -0.7230076 -0.3520394 -0.1868500 -0.4108551 -0.4004990 -0.2769026 -0.5921155 -0.4727406 -0.4171498 -0.1730073 -0.4921723 -0.1301748 -0.5037543 -0.4760469 -0.2282854 -0.4715944 -0.4658928 -0.4117742 -0.4735333 -0.4522202 -0.5514607 -0.1633461 -0.2533195 -0.4329387 -0.2687804 -0.4568723 -0.2811582 -0.5446312 -0.1852404 -0.1452488 -0.3525642 -0.1884845 -0.0426624 -0.0154109 -0.0013677 -0.1935849 -0.0371223 -0.0663714 -0.2155825 0.0364976 0.7724725 0.6464162 0.7235717 -0.2376128 0.6453523 0.1578775 -0.4290904 0.3002072 -0.0325895 0.0354717 -0.2457178 -0.1248182 -0.2727977 -0.0967714 0.3489098 -0.3265063 -0.0015834 0.3791786 -0.1606652 0.2421102 -0.0862578 -0.0136325 0.6059071 0.6289345 -0.1889417 -0.0713993 -0.1563035 -0.0332981 0.2922873 0.1813327 0.2129146 -0.1260456 0.0618850 0.3709039 -0.2433761 -0.3165886 0.1990801 0.4752041 -0.0150536 0.0022737 0.0796339 -0.1216708 -0.0912890 0.3719591
0.0213466 0.3391448 0.3979236 0.3071821 0.5453244 0.6916451 0.0000000 0.1297650 0.8161983 0.6004784 0.3489641 0.7757574 -0.0556498 0.7322099 0.8039381 0.2615118 0.5022494 0.4458149 0.1419489 0.2841463 0.5032583 0.4436919 0.3091316 0.7126204 0.3638749 0.2761916 0.3944624 0.7306279 0.7175297 0.7725478 0.3479464 0.4308320 0.6726947 0.8295351 0.2373530 0.5079251 0.1572797 0.2944905 0.6570461 0.7151880 0.4769054 0.4610234 0.3586005 0.8136479 0.3843567 0.0591216 0.0732016 0.2953467 0.9063638 -0.0901747 0.0802358 0.5679971 0.9170552 0.3958468 0.2880850 0.1074542 0.0697889 0.3192049 -0.1232633 0.1133125 -0.0643709 0.1355447 0.1068207 0.3976339 0.3120406 -0.0777211 0.2085006 -0.0327332 0.0595410 0.2438299 -0.0250051 0.7231783 0.0744460 0.5120447 -0.1917068 0.4794780 0.6059588 0.0698746 0.4751351 0.5004528 -0.1375906 -0.0312517 -0.2812610 0.0522340 0.0278326 -0.2888904 -0.0102423 -0.0730324 -0.3432422 0.0453986 -0.0659107 0.2198909 -0.3369375 -0.4144477 -0.2493842 0.3031756 0.2205888 -0.1059722 -0.1544291 -0.0459427 -0.3243754 -0.2042640 -0.1781703 -0.2496758 -0.2128045 -0.1376084 -0.1019733 0.0178487 -0.3613211 0.1607064 -0.0047603 0.2430299 0.3342102 0.1251922 0.0930685 0.3370340 0.0962301 0.1540222 0.2702777 -0.0722515 -0.1111162 -0.1244350 -0.0513156 0.0434822 -0.0750796 -0.2585222 -0.1204816 0.1267182 -0.2427912 0.4060553 0.0788941 -0.0958537 0.0395279 0.4673044 -0.3389946 -0.3177511 0.0819504 -0.1521695 -0.0525786 -0.5464987 -0.3442113 -0.3526511 -0.2106953 -0.3117377 -0.3596758 -0.2656716 -0.1513522 -0.1926705 0.0152811 -0.5207627 -0.4935008 -0.4311952 -0.2663079 -0.2797781 -0.3505611 -0.2696560 0.1623510 -0.1962757 0.0755383 -0.3590558 0.0217710 -0.3229260 -0.1590463 0.1823371 -0.0794848 0.1011385 0.3249232 0.1590208 0.1831614 0.0643679 0.2345388 0.1017900 0.1092612 0.0637274 0.5544492 0.5258677 0.5974269 0.0446557 0.5254909 0.3199365 0.0934996 0.4143848 0.1462765 0.1754665 -0.0235197 -0.0706239 -0.0675769 0.0548535 0.3888829 -0.0554864 -0.1176011 0.4837647 0.0977889 0.1423614 -0.2192169 -0.1969701 0.3056559 0.4171525 -0.0364525 -0.1010521 -0.0927919 -0.1858331 0.0835926 -0.0077794 0.2976508 0.0226535 0.0242114 0.5683991 0.1462081 -0.3664278 0.1155805 0.2136676 0.2233359 0.3438739 0.0360827 0.0783805 0.1888380 0.2261138
-0.3667318 0.3403519 0.0822934 0.5804276 0.2216727 0.4693674 0.1297650 0.0000000 0.4190635 0.6280986 0.8234753 0.3568727 0.6957679 0.1907238 0.2689782 0.7493786 0.5461084 0.4606480 0.6503670 0.2647896 0.5448926 0.5477026 0.7163483 0.0693489 0.5596545 0.7389446 0.4584253 -0.1539781 0.4526874 0.1362989 0.5993066 0.4395599 -0.1421065 0.1212197 0.6190610 0.4437325 0.5584538 0.5207405 0.3858269 0.3047447 0.5260776 0.4411600 0.5962255 0.2726862 0.4210248 0.4975481 0.5133344 0.3825183 0.2803036 0.2203069 0.5012173 0.3908484 0.3244302 0.4928192 0.3790780 0.5372213 0.5233835 0.5737711 -0.4881963 0.5309353 0.3877608 0.5522111 -0.0195659 0.6818975 0.5929710 0.4361574 0.6738335 0.6648678 0.1089855 0.8154853 0.7128269 0.5699060 0.6017366 0.6079905 0.5993043 0.7425696 0.4821613 0.6257330 0.5817558 0.4859881 0.4559016 -0.1022625 -0.5557284 -0.4879884 -0.3642257 -0.2580353 -0.0860090 -0.4270698 -0.3020668 -0.4247768 -0.3967332 -0.1362746 -0.1807807 -0.5804009 -0.4731091 -0.0473493 -0.3549044 -0.2455641 -0.4426715 -0.3658613 -0.5487086 -0.3875145 -0.0492895 0.1640269 -0.5361795 -0.4599323 -0.3350530 -0.3862432 -0.5467363 -0.3481188 -0.4733441 -0.0782070 -0.0317784 -0.3713234 -0.3214098 -0.1565471 -0.4172254 -0.3685702 -0.2998126 -0.2959099 -0.6538596 -0.5611317 0.2181157 0.1022892 -0.3770425 -0.1168030 -0.5393009 0.0630911 -0.3071884 0.0011270 -0.5612620 -0.0187067 -0.4149518 0.0967565 -0.1815756 -0.4060519 -0.4618479 -0.5549629 -0.6269633 -0.0316659 -0.5531311 -0.3837731 -0.0468193 -0.0927715 -0.6592200 -0.3411485 -0.6580564 -0.5774396 -0.2903197 -0.2137555 -0.1808032 -0.2731255 -0.5040473 -0.4971340 -0.5258945 -0.0657079 -0.0979534 -0.5585554 -0.1074104 -0.0942617 -0.5166908 -0.5459699 -0.0331853 -0.0686102 -0.4971565 -0.4416071 -0.3719992 -0.1625338 -0.1188131 -0.3048634 -0.2589978 -0.1835601 -0.0954452 -0.1252419 0.4566120 0.3549947 0.5075748 -0.1222462 0.5887085 0.3985807 -0.2434569 0.2100662 -0.0819270 0.0517185 -0.3322414 0.2041641 -0.5434464 -0.2418998 -0.0100200 -0.2460900 0.0172701 0.3704308 -0.1574996 0.1383615 -0.0282525 -0.0200254 0.0775489 0.3661137 0.3994233 -0.1471328 0.1037370 0.3990277 0.3674616 0.0514794 -0.2251515 0.0350717 -0.1260999 0.2030483 -0.1737918 0.3804003 0.2593109 0.3270466 -0.1110705 0.1668631 0.2387790 0.0668735 0.0669254 0.0833565
-0.0558754 0.5613666 0.5810855 0.6591791 0.6466290 0.8708631 0.8161983 0.4190635 0.0000000 0.7789067 0.4969629 0.8331939 0.1424040 0.8118491 0.8809365 0.2970430 0.6763554 0.6720162 0.1180906 0.5464402 0.6543751 0.4039064 0.4809565 0.7463387 0.3403464 0.3573657 0.5752510 0.6772663 0.7674196 0.8890246 0.3781189 0.3387888 0.5857627 0.7860502 0.3433311 0.4399050 0.1160536 0.1977035 0.7226629 0.6278512 0.4360164 0.4466887 0.4278718 0.8926032 0.4478830 0.0320230 0.0669358 0.1978527 0.7764927 -0.1462149 0.1234859 0.5097396 0.8373898 0.3673335 0.1009014 0.0644158 0.0124349 0.2621709 -0.2383598 0.1307501 -0.0884766 0.1626106 -0.0053684 0.4380059 0.3663738 -0.1792570 0.2311503 0.0279837 -0.0947589 0.3223951 0.0970888 0.7483735 0.0654244 0.5945888 -0.1296998 0.5429026 0.7359015 0.1047801 0.4520077 0.4900795 -0.0872056 -0.0025075 -0.4564226 -0.1058789 -0.2175130 -0.4544556 -0.0336714 -0.2238921 -0.4854294 -0.0952659 -0.2410064 0.2608389 -0.1891610 -0.5415903 -0.3957597 0.2261393 0.0134788 -0.0687122 -0.2061093 -0.3800894 -0.5166624 -0.3467825 -0.3689471 -0.2091459 -0.4413225 -0.3093163 -0.2591991 -0.2297898 -0.4577831 0.0930210 -0.1923839 0.1688310 0.2344107 -0.0831314 -0.0649650 0.1807274 -0.0661897 -0.0245418 0.1077075 -0.0916021 -0.2246601 -0.3223027 -0.0883366 0.1332707 -0.1669541 -0.1122092 -0.4370762 -0.0816704 -0.2157335 0.1978478 -0.1986594 -0.1779273 -0.3587297 0.3551729 -0.5303524 -0.3327853 -0.1650982 -0.3828604 -0.3798132 -0.3639176 -0.5996395 -0.4861309 -0.3803893 -0.2415027 -0.4786450 -0.1931569 -0.4848375 -0.4699590 -0.1572408 -0.5392148 -0.4827578 -0.3821716 -0.4697251 -0.4755610 -0.5884373 -0.1579836 -0.1366856 -0.4628197 -0.1735263 -0.3898285 -0.2850010 -0.5258469 -0.2541726 -0.0738493 -0.3595632 -0.1733528 -0.0247384 0.0479598 0.0718609 -0.1780573 0.0410648 0.0047030 -0.1075492 0.0680014 0.6484976 0.5971246 0.6830944 -0.1306792 0.6273496 0.1943212 -0.2518127 0.2775668 0.0649291 0.1338717 -0.0637726 -0.0713231 -0.0156990 0.1478075 0.4849236 -0.1509779 0.0218131 0.5185053 -0.0875218 0.1996865 -0.0359497 -0.0130141 0.3764296 0.5865833 -0.0904396 -0.0910686 -0.0314187 -0.0734543 0.2245352 0.0019962 0.3852826 -0.1462673 -0.0668096 0.6467859 0.0206268 -0.2291208 0.1918152 0.3166253 0.2441691 0.2128738 0.0370617 0.0847345 0.0116199 0.2611287
-0.1396395 0.5493318 0.4583997 0.7526790 0.4804412 0.8408845 0.6004784 0.6280986 0.7789067 0.0000000 0.7922805 0.7108478 0.4302062 0.6993493 0.5242693 0.6412674 0.8668814 0.7180351 0.3873145 0.6021959 0.7344394 0.6204523 0.8570288 0.3568289 0.4460929 0.6570198 0.8790791 0.2189211 0.7514866 0.6098576 0.6070592 0.5567754 0.1477245 0.4653135 0.6507571 0.6610937 0.4444046 0.4382896 0.8058185 0.7033147 0.6054775 0.5442299 0.7482907 0.6567986 0.2753993 0.2556530 0.3440634 0.4218050 0.7345420 0.0669554 0.3773227 0.7844048 0.7042332 0.7730005 0.3280130 0.3409632 0.2925446 0.7083399 -0.5124683 0.4055680 0.1258717 0.5698551 0.1497520 0.7739300 0.5899002 0.1658294 0.4627977 0.3356625 0.1338485 0.6909321 0.2892200 0.8488078 0.3586994 0.7950652 0.1703254 0.7432565 0.6713908 0.3291506 0.6288967 0.6023026 0.2286037 0.1962862 -0.2975997 -0.0675666 -0.0892283 -0.2663874 0.1042175 -0.1101964 -0.3360795 -0.0420069 -0.3622523 0.1439211 0.0491393 -0.5621460 -0.5307470 0.3579653 0.1342932 0.1515920 -0.2643737 -0.2676587 -0.4252233 -0.1304966 -0.0275317 0.0376879 -0.2628522 -0.4776029 -0.0704418 -0.1722027 -0.3271947 -0.0101416 -0.1850748 0.2677559 0.2974301 -0.0810284 0.0433189 0.2477513 -0.0024389 0.0031975 0.1429495 -0.0544034 -0.3776871 -0.2609436 -0.0094143 0.1663627 -0.1577986 -0.0794493 -0.3689735 0.0764659 -0.1970879 0.2187193 -0.2881042 -0.0893084 -0.3030606 0.4637869 -0.3754162 -0.2697502 -0.1932021 -0.3852211 -0.3794670 -0.0698402 -0.4494062 -0.2900063 -0.0967465 0.0743228 -0.4831775 -0.1785580 -0.4487947 -0.3786881 -0.1472928 -0.2602553 -0.2259969 -0.2031663 -0.3241906 -0.4451955 -0.4039601 -0.1256822 -0.0508010 -0.2685813 -0.0478358 -0.2287265 -0.1511423 -0.4179942 -0.2139538 -0.0351082 -0.2510093 -0.1440713 -0.1324386 -0.0235876 -0.0255019 -0.2055642 -0.0383083 -0.0460925 -0.0370265 -0.0739885 0.7795839 0.7128082 0.7916943 -0.0243172 0.7642780 0.4274058 -0.1512070 0.5480891 0.0609985 0.2522115 -0.2418430 0.1606322 -0.2779150 0.0526589 0.5464867 -0.0357966 0.1823528 0.6260323 0.0860617 0.3877887 0.0839767 0.1219819 0.5889260 0.6694791 0.2236803 0.0223648 0.1658551 -0.0764284 0.3751182 0.3723373 0.3460573 0.2259188 0.0818080 0.6031162 0.0801923 -0.0161281 0.3672928 0.4754689 0.3323852 0.3371124 0.2241221 0.2446716 0.0990068 0.3271502
-0.1053207 0.3049121 0.0601186 0.5121467 0.3900328 0.5197881 0.3489641 0.8234753 0.4969629 0.7922805 0.0000000 0.3984488 0.6715577 0.2892954 0.3163028 0.9065870 0.6540872 0.6540142 0.6464039 0.3078111 0.4999956 0.6000953 0.9252580 0.1019739 0.5974573 0.8513511 0.5927127 -0.0897942 0.4360917 0.2218491 0.7145615 0.6583032 -0.0825152 0.1623060 0.7904736 0.4811639 0.6676832 0.7119345 0.5363742 0.3935622 0.7403429 0.4142090 0.8580554 0.3962361 0.3282984 0.5306015 0.5654122 0.5863842 0.4468080 0.3555391 0.5641776 0.6619822 0.4628759 0.6987020 0.5443535 0.6331630 0.6004828 0.7033507 -0.4843516 0.5997836 0.5478882 0.6783168 0.2330073 0.7327084 0.7883337 0.4704756 0.6810977 0.6070826 0.3524901 0.8447066 0.5178116 0.6737198 0.5592566 0.7647594 0.5059551 0.6560306 0.4150679 0.4747843 0.5407197 0.5458778 0.4945351 0.0800936 -0.3651993 -0.3455039 -0.2687707 -0.2796908 0.2460676 -0.3855352 -0.3458450 -0.4325587 -0.3243086 0.1770192 0.0709899 -0.6518054 -0.5673488 0.1809890 0.0055723 -0.0504100 -0.6026014 -0.1772934 -0.5804031 -0.2353701 -0.1010254 0.3241001 -0.3881644 -0.6437674 -0.3693497 -0.4756337 -0.5616248 -0.4482524 -0.5444202 -0.1569683 -0.1272545 -0.4949721 -0.3519170 -0.1920735 -0.4273662 -0.3274306 -0.2572721 -0.3699776 -0.7000259 -0.5938200 0.3062227 0.1289906 -0.4236684 -0.2947044 -0.6059419 0.2491238 -0.4406529 0.0128833 -0.5780705 0.1361396 -0.2714476 0.1886877 0.0266435 -0.3374431 -0.4328050 -0.5640868 -0.5144753 -0.0757862 -0.4404801 -0.3627160 0.1867719 0.1961652 -0.6134279 -0.3520574 -0.4747095 -0.3295985 -0.3275060 -0.1343740 -0.0577954 -0.0688322 -0.4496944 -0.5817517 -0.3510031 0.0996648 0.0523398 -0.4296870 0.0044111 0.0173013 -0.3598496 -0.5168632 0.0384861 -0.0280786 -0.4851466 -0.2174296 -0.3425253 -0.2618447 -0.2390608 -0.4024651 -0.3005141 -0.2881840 0.0335329 -0.1217734 0.5693671 0.5137561 0.6306768 0.2310729 0.6246675 0.6080933 0.1113975 0.4660566 0.0590312 0.3996498 -0.1635434 0.4896463 -0.4503119 0.0113506 0.2859370 0.0592024 -0.0825562 0.5665053 0.2554046 0.0839596 -0.1698567 -0.1407150 0.1831131 0.5882576 0.5735130 -0.2531165 0.2734299 0.2515281 0.3978872 0.2507722 -0.0476356 0.2737408 -0.2012272 0.5029108 0.0869377 0.4130675 0.3053362 0.3725325 0.1519032 0.5342986 0.5602512 0.2599161 0.2244069 0.1685153
-0.2579895 0.2928145 0.5248695 0.5802386 0.3546799 0.8597644 0.7757574 0.3568727 0.8331939 0.7108478 0.3984488 0.0000000 -0.0360552 0.8253059 0.8223131 0.2917382 0.6590350 0.4685671 0.1999078 0.3037939 0.8677648 0.4314848 0.4196409 0.6649029 0.2868432 0.3801497 0.4947194 0.6184733 0.8551297 0.6555275 0.2855774 0.2790444 0.6038767 0.8445554 0.4077121 0.5715264 0.2168675 0.2380773 0.4938999 0.6267066 0.4884177 0.4315452 0.3076683 0.6712974 0.5128974 0.1603606 0.2438496 0.2441053 0.7968266 0.0092742 0.3157825 0.5125671 0.8908101 0.2920630 0.1689244 0.1945306 0.1640338 0.2948890 -0.2488846 0.3227791 -0.1711360 0.2866548 -0.2378082 0.4770467 0.2819164 -0.1377134 0.4126061 0.1731146 -0.2981955 0.3465374 0.2266016 0.7425223 0.2816446 0.5343604 -0.1410751 0.6827197 0.8711945 0.1866065 0.6189204 0.4881529 -0.0679224 -0.1565053 -0.4769341 -0.1481021 -0.2597167 -0.1750444 -0.1333834 -0.2050881 -0.3968700 -0.1353731 -0.2277887 0.0864682 -0.4342580 -0.6007477 -0.4695496 0.3004133 0.0814345 -0.1588690 -0.1398361 -0.3539900 -0.3300716 -0.2304211 -0.1666839 -0.1157891 -0.2255734 -0.0421612 -0.1997336 -0.0966521 -0.4317565 0.0457607 -0.0538812 0.2021396 0.2924840 -0.0153167 -0.1046324 0.1991890 -0.0995649 -0.1514703 0.0320269 -0.2432304 -0.3761228 -0.3291387 -0.1884220 0.1145273 -0.2579811 -0.2719387 -0.2402498 -0.0904771 -0.3441324 0.3016399 -0.1653742 -0.3318219 -0.2150215 0.4265354 -0.6515798 -0.3554416 -0.1400882 -0.3773881 -0.2974308 -0.4382033 -0.4727363 -0.4740526 -0.4077616 -0.4473857 -0.4981543 -0.2570135 -0.4174254 -0.4041072 -0.0033510 -0.5799167 -0.5465506 -0.5985934 -0.4258028 -0.3192523 -0.5431239 -0.3685699 -0.1061803 -0.3751969 -0.1260892 -0.5049241 -0.1725289 -0.4495892 -0.3185951 -0.0480353 -0.1724492 -0.2236199 0.1520073 0.2189389 0.1891183 -0.0064161 0.2216635 0.1597497 0.0052887 0.1411630 0.6036617 0.6681215 0.8370602 -0.2191250 0.7642610 0.2130992 -0.3752662 0.3075504 0.1643637 0.0648978 -0.0360719 -0.1941779 -0.2164955 -0.1701176 0.3121481 -0.3303918 -0.1335500 0.3527543 -0.1923659 0.1635209 -0.1820273 -0.0629459 0.4944693 0.5397240 -0.1278202 -0.0867353 -0.1461949 0.0246258 0.2495320 0.2061847 0.1536629 -0.1912981 0.0855562 0.3121130 -0.1048001 -0.2896507 0.1365420 0.4948755 -0.0138466 0.0011892 -0.0089844 -0.2520550 -0.1624312 0.3152345
-0.3906695 0.1101350 -0.2485712 0.3595283 0.1362997 0.1716172 -0.0556498 0.6957679 0.1424040 0.4302062 0.6715577 -0.0360552 0.0000000 -0.0401604 -0.0441575 0.6439219 0.3003174 0.3582831 0.5385182 0.4762412 0.1218553 0.5982570 0.6612656 -0.1821533 0.5112473 0.6393535 0.4428588 -0.3585697 0.1038343 -0.0729411 0.8181640 0.6208055 -0.3600450 -0.1563896 0.5512651 0.1645242 0.5847301 0.6367805 0.2185400 0.2385307 0.5398689 0.2297910 0.5192196 -0.0138058 0.1995351 0.5402159 0.4710161 0.4967039 0.0573903 0.4293211 0.4740294 0.4237748 0.0481601 0.5458866 0.4527471 0.5641724 0.5595222 0.5626036 -0.2000470 0.5183065 0.6208561 0.5994092 0.1902703 0.5471782 0.5537363 0.6686370 0.5707777 0.6631274 0.4075266 0.7538546 0.6486118 0.3815258 0.6143285 0.5189903 0.7892732 0.5133181 0.0867121 0.7264127 0.3821183 0.2561553 0.6968614 0.0943846 -0.2243519 -0.4129260 -0.2328668 -0.3980234 0.0855008 -0.2678612 -0.1930685 -0.3108303 -0.0946717 0.0923935 0.1911137 -0.3323232 -0.3202937 0.0632122 -0.2195361 0.0906617 -0.3525290 -0.1638411 -0.3999736 -0.2745824 -0.0894550 0.0685148 -0.1906589 -0.5163735 -0.2617367 -0.3767198 -0.1775061 -0.2396689 -0.2312961 0.0167084 -0.1283247 -0.2986386 -0.2252720 -0.2010477 -0.3173521 -0.1984369 -0.2409740 -0.0754705 -0.4214706 -0.3973227 0.2471528 -0.1289973 -0.1630309 -0.0175360 -0.4236621 0.3389484 -0.1210439 -0.0821350 -0.3934880 0.2967285 -0.2124394 0.0188156 0.1601384 -0.0201995 -0.2621585 -0.2156359 -0.3650041 0.0922457 -0.3233311 -0.0618831 0.2505325 0.3134537 -0.3201331 -0.1117206 -0.2772679 -0.1938856 -0.4061626 0.1138491 0.0474342 0.1823749 -0.1692834 -0.4851616 -0.0967635 0.3115608 -0.2091133 -0.2377396 -0.1471868 0.1162016 -0.3171488 -0.3269096 0.1448576 -0.2292966 -0.4504278 -0.2052706 -0.5092918 -0.4770407 -0.4922819 -0.4924458 -0.4773033 -0.4763288 -0.1012285 -0.2818461 0.2545844 0.0615258 0.1331606 0.0796878 0.2028702 0.3018460 -0.0773706 0.2039898 0.0503094 0.2925385 -0.1125051 0.4040403 -0.3214712 0.0846934 0.0307166 -0.0780110 0.2177246 0.2116898 0.0558862 0.1000974 0.0741672 0.0783921 -0.0931809 0.1794678 0.6058298 -0.1153719 0.4562499 0.1836724 0.5298885 0.0209853 -0.1157639 0.4060047 -0.2468012 0.2392235 0.1410892 0.2916667 0.5302461 0.0713706 0.1872330 0.3072561 0.3762740 0.2667803 0.1221045 -0.0248147
-0.2833361 0.4041129 0.5897667 0.6926469 0.4044478 0.8441840 0.7322099 0.1907238 0.8118491 0.6993493 0.2892954 0.8253059 -0.0401604 0.0000000 0.7679401 0.1939223 0.7880864 0.6622469 0.2005395 0.5155196 0.6702375 0.4039180 0.4020002 0.6434577 0.3533236 0.3531817 0.6788193 0.6102480 0.8046073 0.6788522 0.2221172 0.4233407 0.5473126 0.7789067 0.3816173 0.4889512 0.2400328 0.2523308 0.5260690 0.5531123 0.4467590 0.3182958 0.3680062 0.6384140 0.2665780 0.2185325 0.2693175 0.3592599 0.6996369 0.0963223 0.3279843 0.5811192 0.8036868 0.3665271 0.1586233 0.2059332 0.1254364 0.3176694 -0.2218930 0.2949558 -0.3143913 0.3427316 -0.1413325 0.3763371 0.2296948 -0.0949163 0.3012785 0.1287703 -0.1769932 0.1929451 0.1245761 0.5591597 0.2006783 0.4238890 -0.1207819 0.4915327 0.5941594 0.1342540 0.4381542 0.2594032 -0.1265413 0.0929076 -0.2417499 0.1594812 0.0008658 -0.3904274 -0.3459254 0.0278300 -0.4598668 0.0782079 -0.2858659 0.1263987 -0.1711889 -0.4500354 -0.4721684 0.2747596 0.0957015 0.0386172 -0.0364655 -0.3559848 -0.0839777 -0.2132578 -0.2220437 -0.1457139 -0.1361642 -0.1534994 -0.1202003 -0.0128872 -0.3065152 0.1804826 0.0440124 0.2160817 0.2757571 0.0659044 0.0239428 0.2245858 0.0401835 -0.0512662 0.1473085 -0.1890632 -0.1331418 -0.1447422 -0.1952010 0.2025945 -0.2817021 -0.2866180 -0.2505594 -0.0950991 -0.2991220 0.1894214 -0.1992852 -0.2961528 -0.3321370 0.2241212 -0.6360493 -0.2771428 -0.2557444 -0.3559293 -0.3906200 -0.3338526 -0.4787100 -0.3418555 -0.3061634 -0.0932292 -0.4624666 -0.1721451 -0.3741830 -0.4141477 -0.1534538 -0.3771136 -0.2962880 -0.2898923 -0.4000577 -0.4360099 -0.4767692 -0.1139598 -0.0678827 -0.3083479 -0.1051909 -0.2686270 -0.1987553 -0.4112035 -0.0617132 -0.0060410 -0.2631840 -0.0190795 0.0094776 0.0764654 0.0902569 -0.1013876 0.0427033 0.0258682 -0.0973245 0.0588432 0.6089317 0.5537962 0.6488554 -0.1100771 0.6159290 0.1790091 -0.4022295 0.4220535 0.2177558 0.2195388 0.0730537 -0.1474863 0.0590805 0.1022191 0.3408289 -0.1976000 -0.1086541 0.2700492 0.0615816 0.1139890 -0.1672602 -0.1037450 0.5517577 0.6175939 -0.1044596 -0.1631356 -0.0654851 -0.3047457 0.0393891 0.1721374 0.3227345 0.0287829 -0.0786760 0.3274480 -0.0577927 -0.4215029 0.0308015 0.2891106 0.2103079 0.1076487 -0.0682060 -0.0071658 -0.0183723 0.3125211
-0.0436439 0.4441929 0.5691714 0.5319228 0.5375176 0.8078597 0.8039381 0.2689782 0.8809365 0.5242693 0.3163028 0.8223131 -0.0441575 0.7679401 0.0000000 0.1469135 0.5402556 0.4835906 0.0680690 0.2100256 0.5140285 0.2035976 0.2514921 0.9013141 0.3072002 0.2254762 0.2639340 0.8465867 0.6778517 0.7393737 0.1543484 0.2896261 0.8101859 0.8810761 0.2276647 0.2425288 0.0543614 0.2164951 0.4223237 0.4239173 0.3987167 0.3123284 0.2281825 0.7830922 0.5979217 0.0795714 0.0881087 0.2040352 0.6755755 0.0066262 0.1565255 0.2987431 0.8490479 0.0867301 0.1335103 0.0889054 0.0310043 0.0197880 -0.1070971 0.1457509 -0.0714338 0.0390848 -0.1035429 0.2360357 0.3015542 -0.2222233 0.2707912 0.0283169 -0.1802953 0.1161404 0.1415706 0.6173213 0.0968009 0.4432215 -0.1695937 0.4276035 0.6762849 0.0386921 0.3224381 0.2827662 -0.2705528 -0.2226814 -0.4441856 -0.1376693 -0.3882683 -0.3935729 -0.1371388 -0.4532258 -0.5571544 -0.3039668 -0.1883269 0.2844807 -0.3633993 -0.6616618 -0.4872216 0.0902162 -0.0983879 -0.2810882 -0.3283404 -0.4452518 -0.5396691 -0.4009974 -0.4325360 -0.1355033 -0.5071747 -0.2391372 -0.4626706 -0.1989299 -0.5966174 -0.0057398 -0.3176042 -0.0645692 0.1166729 -0.1501194 -0.2248894 0.0395380 -0.2114902 -0.2225274 -0.0225198 -0.3469552 -0.2401526 -0.3836847 -0.1550470 0.2605189 -0.3410109 -0.4107379 -0.3520871 -0.1841500 -0.4172874 0.2187891 -0.2131986 -0.3575770 -0.2436137 0.2031562 -0.5746847 -0.4025459 -0.2359289 -0.5078214 -0.4076471 -0.6327940 -0.6031600 -0.7070766 -0.4887380 -0.3551585 -0.5309519 -0.2251703 -0.4912457 -0.4700047 -0.2309357 -0.6902010 -0.6091448 -0.5263676 -0.6656180 -0.4705017 -0.6021221 -0.1404830 -0.1887896 -0.5836659 -0.2524372 -0.5118742 -0.3749687 -0.6752830 -0.1164518 -0.1413458 -0.4663363 -0.2012161 0.0282006 0.0207687 0.0597715 -0.2365303 0.0134277 -0.0503751 -0.2199296 0.0434506 0.4663790 0.3841561 0.5504587 -0.1989885 0.4308375 0.0404643 -0.3164354 0.0890456 0.0653270 0.1021083 0.0663358 -0.0673121 -0.0589363 0.0135511 0.1652135 -0.3657504 -0.3457350 0.1955481 -0.1747664 -0.1255607 -0.3871400 -0.3369488 0.2406989 0.4807521 -0.2210064 -0.3251996 -0.2950678 0.0417379 0.0811266 -0.1646638 0.1104467 -0.3273444 -0.2273558 0.3493980 -0.2081081 -0.2759571 -0.0336514 0.1997124 -0.1168987 0.0238661 0.0200940 -0.2149633 0.0082811 0.2699203
-0.2403372 0.0529846 -0.1147690 0.2976595 0.1942339 0.2991526 0.2615118 0.7493786 0.2970430 0.6412674 0.9065870 0.2917382 0.6439219 0.1939223 0.1469135 0.0000000 0.5651044 0.5780325 0.8238382 0.2157796 0.3925434 0.7241676 0.8648983 -0.0661842 0.7156367 0.8975126 0.4930707 -0.2462116 0.3010740 0.0104392 0.7376687 0.7164070 -0.2370288 0.0241179 0.8105112 0.4086959 0.7981484 0.8036544 0.3627625 0.2839482 0.7648525 0.3028441 0.7798564 0.1784586 0.3660251 0.6253385 0.7013924 0.6743715 0.3488920 0.4738294 0.6767904 0.6304597 0.3658127 0.7264227 0.6321545 0.7617295 0.7864466 0.7979298 -0.4485136 0.7235603 0.5532024 0.8207334 0.2450892 0.7634955 0.7886013 0.6609967 0.7925743 0.7780231 0.4378767 0.9016057 0.5947788 0.5374849 0.7361459 0.7322233 0.5612501 0.6460977 0.3108954 0.5295397 0.5590867 0.4267383 0.6488580 0.0749181 -0.2992932 -0.2305990 -0.0221772 -0.1612256 0.1884880 -0.2138042 -0.0945050 -0.2880172 -0.1826190 0.0569348 -0.0016872 -0.4867909 -0.4546659 0.1257686 0.0491623 -0.0894006 -0.5080608 -0.0125147 -0.4171944 -0.1608478 -0.0577294 0.3043576 -0.1702779 -0.5377757 -0.2760049 -0.4342603 -0.4246787 -0.4415327 -0.4481285 -0.2130185 -0.2147110 -0.4493861 -0.3295954 -0.2299527 -0.4150589 -0.3239289 -0.3266570 -0.3609996 -0.7254652 -0.5608706 0.2790062 -0.0282051 -0.3960589 -0.2823470 -0.5022041 0.2724126 -0.4410561 -0.1177128 -0.5690939 0.2744676 -0.1370851 0.0707247 0.2047661 -0.2749126 -0.4282447 -0.4784566 -0.4163577 -0.0276855 -0.2299167 -0.2465967 0.3441220 0.2857622 -0.5106799 -0.3916334 -0.2858068 -0.1550294 -0.2365363 0.0126929 0.0638774 0.0002347 -0.3397117 -0.4997291 -0.1411445 0.0943984 0.2242288 -0.2492978 0.1805579 0.1438504 -0.1507066 -0.3576544 0.1159803 0.1223668 -0.3075810 -0.1620821 -0.2790217 -0.1878343 -0.1794235 -0.2735882 -0.2247160 -0.2125123 0.0150366 -0.2855323 0.3101816 0.3363651 0.5226193 0.2005425 0.5321391 0.5599197 0.1328973 0.4085534 0.0510807 0.3615863 -0.1036153 0.5122355 -0.4763515 -0.0876149 0.1794553 0.1254866 -0.1476556 0.4296325 0.3235690 -0.0145948 -0.2099019 -0.1941864 0.0774335 0.5475223 0.7541132 -0.2601755 0.2783222 0.0899879 0.2059110 0.1747353 -0.2177504 0.3660335 -0.2520566 0.3384462 0.0919926 0.3889973 0.1563819 0.1968373 0.1438498 0.5661209 0.5157625 0.2207603 0.2958002 0.1248429
-0.2294173 0.5877370 0.4753300 0.8031511 0.4284360 0.8204918 0.5022494 0.5461084 0.6763554 0.8668814 0.6540872 0.6590350 0.3003174 0.7880864 0.5402556 0.5651044 0.0000000 0.7240147 0.4309920 0.5032392 0.6521051 0.5528441 0.7314827 0.3716240 0.5271993 0.5836789 0.7997626 0.1983273 0.7558055 0.4406601 0.3901811 0.5776121 0.1304273 0.4408073 0.5208100 0.6216058 0.3842265 0.4935961 0.6220709 0.4398839 0.5719308 0.5366976 0.6007102 0.5327794 0.3374340 0.3182058 0.3653214 0.5146480 0.5563426 0.1631005 0.4117373 0.5976495 0.6713300 0.6538702 0.3658585 0.3793520 0.2905669 0.6344218 -0.4958602 0.3905302 0.0036331 0.5522520 0.0825995 0.6747351 0.5792521 0.1245246 0.5024512 0.3736886 0.0895735 0.5339932 0.3927940 0.6922337 0.4392901 0.7273234 0.0883455 0.6607458 0.5417675 0.3119981 0.5422264 0.3317540 0.0804454 0.1429218 -0.2754882 0.1187707 -0.0104022 -0.3315956 -0.0928552 -0.1711050 -0.3984194 -0.0132726 -0.4443898 0.0816452 0.0196948 -0.5652889 -0.6169381 0.1916635 -0.0225562 0.0073089 -0.1568468 -0.3954294 -0.2800392 -0.3424520 -0.1962518 0.1413346 -0.2213309 -0.4277325 -0.2238911 -0.1530975 -0.3453672 0.0549912 -0.1577572 0.1274645 0.2026634 -0.1258649 -0.0308816 0.1321876 -0.0918042 -0.1371202 0.0498420 -0.2009165 -0.2780147 -0.2952373 -0.1282893 0.3592547 -0.3149944 -0.3022045 -0.3885209 -0.0819825 -0.3523863 0.0923900 -0.4048261 -0.2390176 -0.3955447 0.2311594 -0.4191094 -0.3103103 -0.4273679 -0.5210702 -0.5384918 -0.1681821 -0.3556626 -0.3279466 -0.0959916 0.1867032 -0.5821715 -0.0912710 -0.4418446 -0.4369669 -0.1322649 -0.2060975 -0.1256170 -0.0888733 -0.4526091 -0.3795236 -0.4865612 0.0687484 0.0768542 -0.2450928 0.0898731 -0.0978117 -0.2398866 -0.4604497 0.1429900 0.1091692 -0.2980243 0.0591155 -0.0618598 0.0662462 0.0959133 -0.1449737 -0.0153265 0.0274892 -0.3117897 -0.2475087 0.7108450 0.5360416 0.6206832 -0.1832420 0.6258045 0.2930367 -0.3732003 0.5347335 0.1153445 0.2662707 -0.1270134 0.1570624 -0.2097205 0.0719694 0.2756685 -0.2004041 -0.0397937 0.3652577 0.0638072 0.1535521 -0.1499733 -0.1203477 0.5435995 0.6992751 0.1826196 -0.2429679 -0.0499360 -0.2090690 0.0532672 0.2076934 0.1920754 0.1310580 -0.1216243 0.3490664 -0.2291715 -0.0980084 0.0158865 0.2097447 0.1518904 0.2279636 0.1764827 0.1375940 0.0208043 0.3874225
