0.0000000 0.6199837 0.7662809 0.6750875 0.7740619 0.5344391 0.4423482 0.6242207 0.2887591 0.4183233 0.5132540 0.5688987 0.6601628 0.2834792 0.4646203 0.3081954 0.3202569 0.0911868 0.3881756 -0.4077616 0.1939732 0.3988355 -0.0387314 0.3151877 0.3470042 0.1126279 0.2207402 0.4308152 0.1443191 0.5100768 -0.1640740 0.1147076 0.3117966 0.1638658 -0.0038150 -0.1484150 0.0603928 0.4845657 0.3251513 0.2996790 0.0186854 -0.0656577 0.0624366 0.4050465 0.0701557 0.0638257 -0.0170011 0.3567518 0.1948743 -0.0612862 0.2132686 0.0662734 0.0428762 0.3699274 0.1122404 0.0475153 0.1342163 0.2501943 0.3106497 0.2392186 0.2965528 0.3171316 0.2352080 0.4267080 0.0564096 0.4010917 0.3754240 0.3735840 0.3003352 0.3045129 0.4230003 0.1710630 0.4298280 0.5433965 -0.0679700 0.3450863 0.4754094 0.0320420 0.4041109 0.5464562 0.5495091 0.3686994 0.3838732 0.6774777 0.4739064 0.4468695 -0.1206501 0.4527866 0.1977559 0.5571941 0.0085668 0.0718663 0.5213594 0.2031515 0.1717711 0.0619593 -0.0604453 0.4309173 0.0191813 -0.2393376 0.2653853 0.4172008 0.3420820 0.0237835 0.0422748 0.3823560 0.4161987 0.4605028 0.2004269 0.2925903 0.3868159 0.2908242 0.0539913 0.1038427 0.0341995 0.1640685 0.0129038 0.1243827 -0.0094633 0.2538201 0.0452888 0.0491656 0.1202094 0.4242055 0.1569676 -0.0191279 0.2057789 0.2117641 0.1508558 0.1080041 -0.0688350 -0.1286466 0.3809087 0.2751456 -0.1837691 0.0939590 0.1373097 0.0176106 -0.1963104 -0.0261588 0.1613381 -0.2031357 0.0070859 0.5891947 0.1624449 0.0671665 -0.1641109 -0.2385275 0.2070879 -0.2321447 0.0862890 0.4475213 -0.2073374 0.2164783 -0.2240278 0.0071197 -0.0191151 -0.1407521 0.1242064 0.1224715 -0.1477468 -0.1327179 0.0557191 0.1515683 -0.2338735 -0.2314471 0.0077189 0.0549347 0.1885343 -0.0033274 0.3023913 0.4330056 0.2259550 0.0418625 0.4068230 0.4518622 0.3141791 0.0886926 -0.1231349 -0.0816872 -0.0907935 -0.0396760 -0.0014042 0.1949661 0.3703547 -0.0486140 0.5062093 0.4149296 0.5567512 0.3366268 0.4639535 0.3674964 0.4066553 0.2082152 -0.0004203 0.2100958 0.2915176 0.4069452 0.7984366 0.0685647 -0.4886263 -0.3577608 -0.3107111 -0.1673526 0.2659001 0.2179345 -0.2496269 -0.3612142 -0.5581219 -0.0701117 -0.3693942 -0.2611117 0.4037162 0.1176401 0.0103679 -0.5745222 0.2042697 0.3571864
0.6199837 0.0000000 0.9079629 0.8790277 0.7920206 0.8153537 0.5821396 0.8219574 0.5928967 0.7465717 0.8216150 0.7272679 0.7566884 0.6278826 0.5798865 0.7863208 0.7435999 0.4171137 0.5955308 0.1810891 0.4987921 0.6901251 0.4218567 0.3890207 0.6493020 0.4395871 0.6565172 0.6294674 0.4474420 0.8008398 0.2472153 0.4776294 0.2956413 0.3312160 0.3107208 0.2686379 0.3685472 0.7014178 0.6144756 0.7004179 0.4966176 0.2809265 0.3956998 0.8049727 0.3981276 0.2925314 0.1656075 0.7042645 0.4612228 0.1238450 0.3209340 0.5510750 0.3105450 0.7135953 0.4412951 0.3473909 0.3083848 0.6681724 0.2448331 0.4494805 0.4302929 0.6519530 0.6808601 0.6624001 0.2373550 0.3446166 0.5143278 0.6692149 0.1723704 0.5860584 0.2245978 0.5152727 0.7513398 0.7208192 0.1189517 0.5865274 0.6849102 0.4327372 0.6697601 0.6951901 0.7007043 0.3993918 0.0372300 0.5462794 0.5681709 0.2175443 -0.0290011 0.2598695 -0.0160956 0.5605955 0.0281942 0.0801898 0.4904364 -0.2318609 -0.1644147 0.0836180 0.0983338 0.4695999 -0.1529086 -0.6554079 0.0023685 0.2949875 0.2670769 -0.4357138 0.0959926 0.3677052 0.1869565 0.4190379 0.1280288 0.1654182 0.3426191 0.1459178 -0.2858654 -0.1132221 -0.2202282 -0.1197513 -0.1237541 0.0917847 -0.1079912 0.2842583 0.1424814 0.1633936 0.1835938 0.3463281 0.1941807 0.0631354 0.1916418 0.1525614 0.1325846 0.0608229 -0.1420813 -0.1248231 0.2171913 0.2281817 0.1007361 0.0758669 -0.0344777 -0.0361056 -0.3014547 -0.1129303 0.2155425 -0.1433857 0.4101585 0.2064848 -0.0643773 -0.0933558 -0.1986331 -0.2142223 0.3131948 -0.1590919 0.2080132 0.1909722 -0.2424189 0.3556921 -0.1185978 -0.0345761 0.1842850 -0.2372557 0.2843398 0.1678404 -0.1545787 -0.0123265 0.0881234 0.1383585 -0.4410137 -0.2806301 0.1921557 0.2182914 0.0742248 -0.0834217 0.1817154 0.2220616 0.5199926 0.2984964 0.6462910 0.5812734 0.6212760 0.1338589 0.3689123 0.3081903 -0.2679923 0.1305756 0.2004633 0.2812221 0.3927468 -0.0486009 0.4985561 0.4820953 0.7512967 0.8170950 0.3073411 0.7200578 0.5806466 0.4313425 0.1714616 0.3471530 0.5739176 0.4680036 0.7952110 0.1782087 -0.0090319 -0.2796754 0.0359571 0.0717554 0.2465430 -0.0874161 -0.3313831 -0.2080807 -0.1786750 0.1670524 0.0496574 -0.3361587 0.5238763 0.0159500 0.2126082 -0.2808176 0.4935357 0.5115763
0.7662809 0.9079629 0.0000000 0.8329304 0.9118345 0.6862446 0.4843532 0.8469875 0.5553520 0.6239525 0.7011947 0.7324943 0.8720284 0.5213047 0.6651593 0.5723662 0.5249679 0.3261677 0.5093446 0.1223480 0.4628248 0.6866096 0.1969535 0.3571674 0.5147888 0.2815935 0.4604720 0.6822594 0.3193523 0.7841637 0.1630691 0.3244158 0.3067940 0.2367406 0.1331401 0.0414574 0.2430625 0.6499115 0.5805271 0.6420369 0.3158220 0.0699500 0.2344074 0.7094117 0.2392531 0.1334849 0.0197540 0.5539851 0.3305211 0.2213279 0.2685761 0.4046078 0.1618253 0.5779892 0.2739091 0.1796968 0.2421691 0.5044855 0.1634197 0.3814588 0.3293072 0.5758093 0.6235024 0.5570843 0.2187702 0.4294490 0.4947739 0.5856513 0.1232904 0.4661037 0.3716198 0.3221935 0.6183373 0.6720345 0.0670199 0.5292558 0.6170600 0.4083308 0.7008751 0.7025591 0.7635607 0.3860706 0.2678511 0.5416437 0.5707500 0.3727966 0.0220485 0.2773288 0.1655876 0.5806728 0.0823915 0.0722317 0.5708632 -0.2122985 0.0198546 0.0505949 0.0776592 0.5554931 -0.1466398 -0.6558853 0.0831930 0.4138603 0.4109008 -0.4003397 0.0751963 0.3785554 0.3736016 0.4737663 0.1940472 0.3150459 0.3582603 0.2993211 -0.0575693 0.1246915 -0.0421192 -0.0078294 -0.0906532 0.2144538 -0.1095106 0.2519064 0.0819305 0.1571565 0.0830231 0.2613528 0.1230326 -0.1412655 0.2043746 0.1672802 -0.0388460 -0.0132220 -0.2336639 -0.1451177 0.1739355 0.1051157 0.0349163 0.0856293 -0.0432784 -0.1597249 -0.3908027 -0.2465943 0.2092307 -0.2982475 0.2422030 0.3105893 -0.1300566 -0.0285011 -0.2579242 -0.2773194 0.3464486 -0.2984639 -0.0438543 0.2421087 -0.2283632 0.3611135 -0.1331179 0.0049791 0.0477404 -0.2705916 0.2438366 0.0117274 -0.1110210 -0.1952832 0.0951058 0.0430076 -0.3183187 -0.3194668 0.1854394 0.2669520 0.1489341 -0.1319434 0.2949582 0.4461334 0.4815873 0.3034915 0.5876705 0.6997591 0.7219434 0.2644828 0.2518001 0.1877969 -0.1365209 -0.0861047 -0.0049026 0.0857336 0.3403059 0.1121730 0.5249289 0.6664815 0.7120768 0.6930447 0.3252193 0.6589792 0.6000747 0.2881471 -0.0391632 0.2087943 0.4688881 0.4747123 0.8164018 -0.0523942 -0.0928972 -0.4710433 -0.1044981 -0.0294111 0.2793700 0.1157580 -0.4233488 -0.2825260 -0.2714694 -0.0561350 -0.1558030 -0.4267268 0.5661030 -0.0139621 0.0635472 -0.4071664 0.3290054 0.3653378
0.6750875 0.8790277 0.8329304 0.0000000 0.8128786 0.8641712 0.7315901 0.8978694 0.6589385 0.8480182 0.8661392 0.8417242 0.7244448 0.7442994 0.6391487 0.6294989 0.7129026 0.5128120 0.4490966 0.1283994 0.6562432 0.5362085 0.2575182 0.3324108 0.5234150 0.2400487 0.4233483 0.5967896 0.4112380 0.7168082 0.0825581 0.3258696 0.2116805 0.2572010 0.1163608 0.4288545 0.2142348 0.5862245 0.4343817 0.4035284 0.3542032 0.4088609 0.2008562 0.6645330 0.3892231 0.1037371 -0.0169460 0.5456923 0.4013961 0.0066016 0.1922183 0.2265797 0.2284408 0.4957386 0.2072861 0.1547365 0.1937342 0.7479088 0.5166595 0.3226797 0.5228165 0.3620755 0.5162857 0.7713241 0.0963486 0.2574580 0.4993096 0.7485660 0.0066168 0.7509904 0.2349477 0.5945051 0.8469413 0.7571759 -0.0854331 0.7389503 0.7282734 0.4841873 0.7770986 0.8062048 0.6691877 0.3737193 0.1435330 0.5460694 0.7166957 0.1919797 0.0756257 0.3446955 0.1528372 0.6317540 0.0639750 0.1634674 0.5135484 -0.1922972 -0.2270231 -0.0177967 0.0558440 0.5394615 -0.2647434 -0.5310353 -0.0027747 0.3216350 0.2627954 -0.2600073 0.0385696 0.1403347 0.3070595 0.3972422 0.2017657 0.3180196 0.2592367 0.1405916 -0.1526421 0.0288864 -0.0895430 0.0110322 0.0455479 0.2897323 0.0517708 0.5085503 0.3441582 0.2674324 0.1781174 0.5588886 0.4783211 0.1655706 0.4456874 0.1652181 0.3167589 0.3002874 0.1630418 -0.0552343 0.4518289 0.2492570 0.0825134 0.1793613 0.2619391 0.1924271 0.0099944 0.0525761 0.2091233 0.0040761 0.3609936 0.3237878 0.1631835 -0.0424987 0.0643257 -0.0187374 0.3687099 -0.0373421 0.2619052 0.2679091 -0.0272517 0.3111263 0.0656111 -0.0806863 0.3101224 -0.0064765 0.4124716 0.3718155 0.0244693 0.1115869 0.0208218 0.3925924 -0.1430041 -0.1433717 0.1732475 0.2905208 0.3772612 0.2058665 0.4147147 0.4613666 0.3987523 0.2548864 0.7532977 0.6998159 0.6976047 0.2673099 0.3992182 0.3887358 -0.2186156 0.2424996 0.4176290 0.4195848 0.5440024 -0.1748170 0.6354478 0.4293380 0.7295941 0.7402245 0.5232613 0.7510652 0.7036560 0.4696365 0.2348355 0.4429282 0.7286263 0.5748090 0.8221660 0.2564044 0.1196388 -0.5461605 -0.1326896 -0.0814642 0.3416018 -0.0896791 -0.2657031 -0.3488690 -0.0703925 -0.1000727 -0.0403805 -0.2109818 0.5479434 -0.0679601 0.2547484 -0.4282420 0.5042384 0.4862331
0.7740619 0.7920206 0.9118345 0.8128786 0.0000000 0.6534839 0.4853277 0.7777469 0.5820158 0.6050391 0.6121156 0.7160672 0.8042021 0.5420354 0.6113727 0.3840607 0.5112324 0.3948012 0.3330108 0.1715012 0.4894225 0.5074357 0.0727250 0.3550110 0.4205924 0.0867963 0.3134701 0.6397250 0.2511015 0.7187357 -0.0370257 0.1343941 0.3616535 0.2658892 0.0044704 0.0530570 0.0829660 0.4763240 0.6169407 0.5453013 0.1457352 0.1094562 0.2094385 0.6741025 0.2510309 -0.0770948 -0.1123137 0.3514635 0.4023743 0.0693783 0.2305045 0.3530748 0.1845327 0.5146147 0.0425564 -0.0206406 0.1369334 0.5229056 0.3214917 0.2869337 0.3963021 0.5054923 0.5882764 0.5825009 0.1493560 0.3837564 0.4107493 0.6275799 0.1953320 0.5235362 0.3075564 0.3451943 0.5276128 0.6939799 -0.0674781 0.5751682 0.6511314 0.2945798 0.6218115 0.7555001 0.6384814 0.2584209 0.2200397 0.4148800 0.4340408 0.2434698 0.0174929 0.1853497 0.0959281 0.4104064 -0.0722956 -0.0570642 0.4295443 -0.1874981 -0.1715806 -0.1377869 -0.1284632 0.4278794 -0.3261229 -0.5434265 -0.1259636 0.1999421 0.2118574 -0.3896924 -0.1497664 0.1534208 0.2156269 0.2460406 0.0010387 0.1853986 0.0727125 0.1012402 -0.0739078 0.0280748 -0.1126219 0.0034958 -0.1002691 0.2367402 -0.1269536 0.2230427 0.0228054 0.0659494 -0.0830045 0.2581779 0.1519211 -0.3202851 0.1210931 -0.0197425 -0.1508852 -0.0612364 -0.2642585 -0.2662471 0.1455902 0.0308643 -0.0085561 -0.0324657 -0.0234645 -0.2311766 -0.4016223 -0.3206359 0.0526091 -0.4103524 0.0040768 0.3105732 -0.1650115 -0.1200292 -0.2960732 -0.3362042 0.1652600 -0.4088786 -0.1665984 0.0982568 -0.3097328 0.1908647 -0.1929844 -0.1578816 -0.0759378 -0.3483309 0.1030759 -0.0295548 -0.1597383 -0.3011566 -0.1671038 0.0268797 -0.2976967 -0.4840816 -0.0548518 0.0821965 0.0972594 -0.1287383 0.2461571 0.4583366 0.3403191 0.1613397 0.5871892 0.7491773 0.7161450 0.3256847 0.1793768 0.1382928 -0.0719424 -0.1379589 0.0896798 0.0795876 0.4356915 0.0343784 0.6172486 0.6098273 0.7045327 0.6268301 0.2912699 0.6590458 0.6454380 0.0415332 -0.2212596 0.0064422 0.4031073 0.4785709 0.7482891 -0.1978179 -0.0596771 -0.5641217 -0.2985749 -0.1721047 0.3587227 0.0346865 -0.5747490 -0.1273192 -0.2283891 -0.1651406 -0.2989961 -0.4141386 0.5589833 -0.0386436 0.0366746 -0.4627635 0.3830486 0.4015117
0.5344391 0.8153537 0.6862446 0.8641712 0.6534839 0.0000000 0.8834858 0.7487249 0.7127988 0.8840908 0.8283971 0.8958980 0.5935818 0.8019885 0.5985808 0.7552132 0.8708862 0.5650810 0.6018624 0.1912098 0.5975899 0.6228747 0.4890504 0.5790482 0.7045425 0.4118985 0.6916969 0.6249691 0.5819652 0.7946503 0.2274420 0.4967881 0.4824501 0.5698403 0.3202471 0.5329254 0.3838813 0.6682246 0.6033051 0.5892879 0.5748174 0.5616028 0.4538709 0.7132801 0.6111589 0.4329781 0.2735068 0.7391603 0.6208213 0.0370517 0.3765064 0.4481730 0.5659839 0.6776178 0.4682382 0.5132386 0.4183101 0.6741658 0.6495250 0.4868411 0.7216621 0.5521995 0.5819179 0.7827592 0.3632235 0.4044419 0.5370364 0.8009868 0.2485013 0.7576520 0.2953557 0.7876035 0.8678925 0.8659290 0.1497874 0.7879060 0.8328766 0.5370453 0.7456342 0.8073252 0.6793859 0.4399144 0.0608427 0.6119607 0.7072982 0.1209320 0.1601131 0.5285634 0.0452918 0.4059492 -0.0753978 0.1445090 0.3573439 0.0772514 -0.3810205 0.0446021 0.0581730 0.3687765 -0.4120631 -0.3256352 -0.1322691 0.1668545 0.1564304 -0.2839096 0.0281102 0.1921769 0.1381639 0.3026940 0.0222793 0.1611176 0.1051429 -0.0103018 -0.3419877 -0.1994049 -0.2538500 -0.1759587 -0.1362935 0.0488052 -0.1708089 0.2524794 0.1401920 0.0532764 0.2100552 0.4108628 0.3007824 0.1817110 0.1635737 0.0960296 0.2770857 0.2460215 0.0439642 -0.0295491 0.2202032 0.4347448 0.0382711 -0.0173682 0.0193274 0.1399459 -0.1438568 0.0982286 0.1052992 0.0758956 0.5371183 0.1904969 0.0772360 -0.2149344 -0.0462008 -0.1391433 0.2437327 0.0438888 0.3931309 0.2254850 -0.1230083 0.2234954 0.0311182 -0.2339032 0.4716853 -0.0837899 0.4916302 0.4366115 -0.0105916 0.1613738 -0.0236043 0.4554513 -0.3154132 -0.2982386 0.1247317 0.1846682 0.2333116 0.1195419 0.1383527 0.1263865 0.4636223 0.3699660 0.8730767 0.6269836 0.5935623 0.2462907 0.4167340 0.5550108 -0.1284460 0.5221852 0.6462921 0.6825746 0.7462425 -0.1788793 0.7888333 0.4548903 0.7566404 0.7979631 0.2413491 0.7473085 0.6692797 0.3705246 0.2998740 0.3705236 0.6480608 0.5391982 0.8087291 0.3303889 0.1161021 -0.4156815 -0.0369543 -0.1400577 0.4761358 -0.1723202 -0.2021328 -0.3784356 -0.0223779 -0.0556062 0.1058375 -0.1468668 0.7065021 -0.0197220 0.3201890 -0.1027192 0.6783819 0.6778381
0.4423482 0.5821396 0.4843532 0.7315901 0.4853277 0.8834858 0.0000000 0.5495571 0.5924590 0.7292896 0.5791410 0.9180660 0.3006414 0.6743187 0.5545198 0.4513401 0.6962880 0.4584894 0.4018405 0.0186006 0.5586487 0.3478312 0.2999427 0.4760629 0.4666403 0.1980266 0.4950753 0.5588129 0.5595867 0.6810418 -0.0016652 0.2404794 0.4264849 0.4685845 0.1362602 0.4844579 0.1351295 0.4586299 0.3716156 0.3518919 0.3726874 0.5345905 0.2586493 0.6013151 0.5098009 0.2956321 0.0838469 0.5299337 0.4809824 -0.0664598 0.1988089 0.1757546 0.4241398 0.4823560 0.2591017 0.3599711 0.1671308 0.5875709 0.6753910 0.2300266 0.6221661 0.2919862 0.2940614 0.6706694 0.2244384 0.1127850 0.3539507 0.7126836 0.0104049 0.6740025 0.1605041 0.6990190 0.6854191 0.7047704 -0.0486627 0.6899447 0.6874304 0.3703507 0.5785253 0.7082361 0.5034013 0.3812591 0.1551912 0.5821555 0.6939237 0.0966868 0.0181214 0.6770203 0.0107992 0.2774860 -0.2140128 -0.0099747 0.1506619 0.2815387 -0.4619005 -0.1827144 -0.1351852 0.1597202 -0.5688493 -0.2577007 -0.2499996 0.0532884 0.0964882 -0.2241991 -0.1628271 0.0586109 0.1679465 0.1854134 -0.1245212 0.2852835 -0.1027715 -0.0541020 -0.3042966 -0.1548821 -0.1246508 -0.0697020 -0.0302350 0.0851802 -0.1117506 0.2891523 0.2024634 0.0665557 0.1499975 0.3860307 0.3791126 0.1864752 0.1066146 -0.0293942 0.3034888 0.2138296 0.1556759 -0.1292788 0.1858881 0.3443622 -0.1642679 -0.1531156 -0.0167040 0.2500466 -0.0111492 0.1269350 -0.0808068 0.1589003 0.4363851 0.0435503 0.1170733 -0.3624928 -0.0202816 -0.1800823 0.0871283 0.0257178 0.2624491 0.2240320 -0.1194150 -0.0286946 -0.0779794 -0.3568540 0.4318821 -0.0634611 0.4617540 0.4921725 -0.1379475 0.1379575 -0.2239440 0.5318940 -0.2664048 -0.3050213 -0.0782066 0.0623129 0.3100974 0.2816702 0.0481357 0.1235491 0.4121000 0.4756740 0.9196501 0.7052980 0.5041346 0.3419538 0.2822266 0.5137944 0.0498312 0.5072912 0.6300787 0.6518176 0.7603197 -0.2239510 0.7463151 0.2408987 0.6773772 0.6492872 0.1946533 0.6542003 0.7616652 0.3042427 0.2569278 0.3485876 0.6374924 0.6574096 0.7135086 0.3661110 0.0691125 -0.4747954 -0.1529133 -0.2315562 0.3735553 -0.2498352 -0.1344513 -0.3977328 -0.1077715 -0.2865263 -0.0347665 -0.0912911 0.5534598 0.0548600 0.3492365 -0.1140570 0.5412595 0.5661019
0.6242207 0.8219574 0.8469875 0.8978694 0.7777469 0.7487249 0.5495571 0.0000000 0.6815231 0.7816065 0.8734379 0.7395337 0.9019115 0.7046940 0.7180876 0.6676517 0.5253381 0.5194634 0.6302924 0.1762000 0.7106809 0.7247562 0.2446290 0.3897788 0.6438603 0.2905925 0.3488752 0.6092322 0.4105965 0.6977687 0.1709043 0.4146343 0.2285173 0.2973730 0.1014087 0.4098558 0.2442502 0.7364134 0.3977024 0.4217966 0.2579104 0.3736694 0.1411100 0.5839566 0.4420429 0.1817481 0.0563182 0.5293740 0.3427445 0.2881196 0.2781087 0.1712150 0.2617002 0.4681564 0.2283243 0.1774649 0.2454440 0.5809686 0.4563381 0.3932685 0.5799238 0.3733362 0.5412577 0.6743450 0.2779622 0.3274236 0.6161393 0.6304966 0.0753836 0.6170878 0.5057042 0.5107548 0.8342413 0.7293784 0.1136247 0.6842523 0.6903067 0.6729890 0.8796037 0.7313751 0.7991686 0.3427152 0.1180079 0.4165424 0.6007083 0.1537323 0.1889621 0.1801180 0.1051763 0.5003535 0.0880726 0.2055039 0.4770682 -0.3028153 -0.1698791 0.0181227 0.0945078 0.5364223 -0.2411923 -0.5801645 -0.0015030 0.3623392 0.3233792 -0.2179707 0.0585617 0.2792280 0.3065496 0.4217129 0.2059825 0.2729885 0.3362015 0.1403168 -0.1215268 0.0973995 -0.1464776 -0.0982677 -0.0991463 0.1426015 -0.0913115 0.3638719 0.1480041 0.1259487 0.1313403 0.3013300 0.2298000 0.0136484 0.3399106 0.2033663 0.0922996 0.1515481 -0.0389938 -0.0120795 0.3352049 0.1086126 0.1351517 0.2001202 0.1630157 -0.0388047 -0.1291928 -0.1580728 0.2342024 -0.2209321 0.2781592 0.2732854 -0.0519151 0.0700014 -0.0526086 -0.0854760 0.4567603 -0.1959758 0.1405819 0.0904552 -0.0491270 0.3800578 0.0974773 0.0254721 0.1784169 -0.1172471 0.2938062 0.1493884 0.0097152 -0.0089736 0.1641216 0.1770624 -0.0846140 -0.1454120 0.2624950 0.3856633 0.3053639 0.0806817 0.4129809 0.4740960 0.5269505 0.2915140 0.5488029 0.6460625 0.7828353 0.2877096 0.5426100 0.4553945 -0.2247192 0.1899162 0.3125732 0.3249481 0.4893016 0.1722431 0.6452385 0.6628231 0.6952831 0.7514451 0.4151125 0.6960577 0.6172607 0.4020778 0.0854885 0.3745609 0.5512244 0.4965191 0.8157756 0.0721390 0.0440422 -0.6607316 -0.2517875 -0.2057132 0.1347477 -0.0419511 -0.3153682 -0.4091181 -0.0913636 -0.2137667 -0.1496621 -0.2905744 0.4539933 -0.1281404 0.2030001 -0.2188163 0.2551041 0.2118850
0.2887591 0.5928967 0.5553520 0.6589385 0.5820158 0.7127988 0.5924590 0.6815231 0.0000000 0.8766158 0.7638816 0.7511764 0.5489575 0.9370681 0.8765913 0.4691167 0.6274209 0.9311986 0.4578147 0.4330562 0.8076804 0.4533539 0.1119441 0.7756431 0.6073849 0.1365933 0.2498602 0.8060679 0.7821840 0.6861283 0.1601921 0.2786330 0.6419417 0.7515098 -0.0440753 0.5320449 0.1203994 0.6127256 0.4499945 0.4341334 0.3469526 0.7170153 0.0736030 0.7675032 0.8310655 0.0582600 -0.0174605 0.5235019 0.8019542 0.1317896 0.2139167 0.2114947 0.7160178 0.6124500 0.1423677 0.1487372 0.1864496 0.7583468 0.5726910 0.3596453 0.7864924 0.5869799 0.5640972 0.8927545 0.6566162 0.3324174 0.6076681 0.8605881 0.0899009 0.7977017 0.3201987 0.8477038 0.7327907 0.8969881 0.0843979 0.8675609 0.8868252 0.5748383 0.6957273 0.7228636 0.3972076 0.1141206 -0.0430049 0.0768147 0.4106634 -0.1576673 0.0636321 0.0844859 -0.0382929 0.0826279 -0.0403336 0.0270575 0.0569818 -0.1621599 -0.3459851 -0.0845253 -0.0637802 0.0715109 -0.3317992 -0.4029372 -0.4112933 -0.0910857 -0.0740315 -0.5799818 -0.1505856 0.1660311 -0.1079336 -0.1292129 -0.0517929 0.0434855 0.0923032 -0.2683304 -0.0458655 0.0099892 -0.1129260 0.0084876 -0.1067065 0.0808740 -0.0997376 -0.0595155 -0.0605210 0.0240562 -0.2777869 0.0204055 0.0845255 -0.2496507 0.1332568 -0.1861556 -0.1008750 0.0311064 -0.0784189 -0.1171279 -0.0832270 0.0544600 0.2701166 -0.1090764 -0.0398923 0.0064618 -0.1609473 -0.1163912 0.1020373 -0.0283620 0.1148719 0.0442669 -0.2364373 -0.1836217 -0.0718795 -0.0767411 0.1566807 -0.0749803 0.0956768 -0.1716427 -0.0606310 0.1674495 0.1960496 -0.3801859 0.2028961 -0.1690957 0.1528423 0.2839414 0.0190047 -0.0258583 -0.0861616 0.1634940 -0.0963910 -0.2738245 0.0419433 0.1653541 0.1335534 0.0932666 0.2116702 0.2497245 0.4989883 0.3065524 0.5875609 0.6137326 0.7265558 0.6282671 0.5764656 0.6290696 0.0776532 0.2056016 0.5349870 0.3597083 0.6030837 0.2542035 0.6353496 0.5489441 0.7989877 0.7911331 -0.0789314 0.8303937 0.6004972 -0.0860504 -0.1963154 -0.0384315 0.3712389 0.3562806 0.5568509 -0.2216831 0.2123963 -0.5744548 -0.3167793 -0.3385713 0.3275768 -0.1898669 -0.4667617 -0.0059733 -0.0149099 -0.1925940 -0.1490057 -0.4574606 0.5582822 0.0798909 0.0382731 0.1459516 0.3016259 0.2373334
0.4183233 0.7465717 0.6239525 0.8480182 0.6050391 0.8840908 0.7292896 0.7816065 0.8766158 0.0000000 0.9140428 0.8085590 0.5901002 0.9685645 0.7484669 0.6728393 0.7728793 0.8311821 0.4972231 0.2793453 0.7304510 0.5036740 0.2420769 0.6712617 0.6507123 0.2585747 0.4218806 0.7274716 0.7328520 0.7240949 0.1885567 0.4410429 0.5010379 0.6411886 0.0755082 0.5917627 0.2663926 0.6105345 0.4708583 0.4530042 0.4859316 0.6967709 0.1692640 0.7336641 0.7420888 0.1853279 0.0612128 0.6228012 0.7406160 0.0170015 0.1792118 0.2738305 0.6476587 0.6155384 0.2672533 0.2569809 0.2665923 0.8080002 0.5985792 0.3717656 0.7442220 0.5199972 0.5245051 0.9191704 0.4346130 0.3435753 0.5286743 0.8616591 0.0529221 0.8569034 0.2174926 0.8828002 0.8954679 0.8837574 0.0697779 0.8653141 0.8500129 0.5738216 0.7348157 0.7869238 0.4949634 0.1334724 -0.1124233 0.3500784 0.6212256 0.0109854 0.2332094 0.2662986 0.1053428 0.3678021 0.1313609 0.2830236 0.3764648 -0.0924463 -0.3177373 0.1483811 0.1711938 0.3661754 -0.2651051 -0.3512758 -0.1239727 0.1815879 0.1063490 -0.3804180 0.1110801 0.1345451 0.1195698 0.2099050 0.1882432 0.1800991 0.2461066 -0.0204891 -0.0844969 0.0130212 -0.0655051 0.0543229 0.0384655 0.2278022 0.0693512 0.3092397 0.2594541 0.2243943 0.1053622 0.4263877 0.3985077 0.1127568 0.3665951 0.1163087 0.2631598 0.3204840 0.1863179 0.1064034 0.2484760 0.3588894 0.3012003 0.1651370 0.2395569 0.2506623 0.0480423 0.1497064 0.3410316 0.1886271 0.4444779 0.3047279 0.1011868 0.0027716 0.1648947 0.1258757 0.4257994 0.1808540 0.4454228 0.1619880 0.1081670 0.4206361 0.3383277 -0.1581816 0.4947094 0.0756068 0.4638840 0.5049059 0.1756304 0.2825199 0.1182332 0.4482952 -0.0323466 -0.0966064 0.2928007 0.3714475 0.3555282 0.2816429 0.4162996 0.3502898 0.4494761 0.2482463 0.7048649 0.5563880 0.6587911 0.4139585 0.5217862 0.5916269 -0.0919749 0.3640925 0.6130054 0.5299256 0.5874308 -0.0919630 0.6267334 0.4605439 0.7189019 0.7815104 0.3029877 0.7843252 0.6000927 0.3062869 0.1898202 0.3253180 0.6538570 0.4482599 0.6891116 0.1507046 0.1997326 -0.4824452 -0.1078856 -0.1590429 0.4491717 -0.1158931 -0.2797964 -0.2681550 -0.0026921 -0.0759565 0.0729825 -0.2518497 0.6472774 0.0562057 0.1949053 -0.0881451 0.5099134 0.4540572
0.5132540 0.8216150 0.7011947 0.8661392 0.6121156 0.8283971 0.5791410 0.8734379 0.7638816 0.9140428 0.0000000 0.6827923 0.7275187 0.8390264 0.6690776 0.7960878 0.7403630 0.6824278 0.6354269 0.1498376 0.7244680 0.6236768 0.3021650 0.5479197 0.7006694 0.3443909 0.4281436 0.5531818 0.6202449 0.6168093 0.2213991 0.5060457 0.3206520 0.5088675 0.1515382 0.6080983 0.3340809 0.7696731 0.3679168 0.4306080 0.4540792 0.6305539 0.1620785 0.6352266 0.6545952 0.2887441 0.1682065 0.7024929 0.5808835 0.1584981 0.2391127 0.2412581 0.5243511 0.6530373 0.3378016 0.3435463 0.3278057 0.7625743 0.5451379 0.4413406 0.7094921 0.5312177 0.5946728 0.8571572 0.4073626 0.3824211 0.6251166 0.7799683 0.1840708 0.8060406 0.3845704 0.7727131 0.9535069 0.8318537 0.2095820 0.8165275 0.8265854 0.6444554 0.8098369 0.7429816 0.6333904 0.2927047 -0.0935659 0.3740168 0.5754266 0.0198847 0.1559351 0.1554865 0.0169871 0.4840651 0.1192685 0.2471670 0.4420812 -0.2563926 -0.1912940 0.1629184 0.1817420 0.4638179 -0.0788887 -0.4609854 0.0038583 0.2847845 0.1730803 -0.3002751 0.1628803 0.2719289 0.1242912 0.2902732 0.2551343 0.0857444 0.4354555 -0.0016761 -0.2022748 -0.0346920 -0.1849817 -0.0784836 -0.0402501 0.0800580 0.0039066 0.3083646 0.1855006 0.1755064 0.0931641 0.4059363 0.3078240 0.2198783 0.3983715 0.1332853 0.3192001 0.2654090 0.1140928 0.0372870 0.3182051 0.2892523 0.2425132 0.1697576 0.2215347 0.2141937 0.0013651 0.1295667 0.3090454 0.1042383 0.3945825 0.3015299 0.0854965 0.0243347 0.0963882 0.0792456 0.4389050 0.1100328 0.4753095 0.1362561 0.0808184 0.4323164 0.2607690 -0.0997758 0.4310856 0.0330930 0.3831971 0.4780105 0.1080218 0.2942262 0.2006348 0.3863422 -0.0867999 -0.0387844 0.3268937 0.3886334 0.3379018 0.2274013 0.3994621 0.3275057 0.4615505 0.1507069 0.5615737 0.4135359 0.5921598 0.2185574 0.6051309 0.5707617 -0.2389296 0.4141798 0.5414648 0.5554279 0.5463062 0.0217507 0.5892264 0.5008812 0.7289807 0.7778305 0.3766304 0.7646216 0.4748400 0.4462665 0.2581263 0.4584073 0.6015507 0.3231235 0.7604436 0.2536287 0.0761836 -0.4425891 -0.0905750 -0.1221435 0.2797780 -0.0731928 -0.2120441 -0.3557325 -0.0705347 0.0415247 0.0792533 -0.2651375 0.5164104 -0.1029797 0.1530723 -0.1388248 0.3776585 0.3353477
0.5688987 0.7272679 0.7324943 0.8417242 0.7160672 0.8958980 0.9180660 0.7395337 0.7511764 0.8085590 0.6827923 0.0000000 0.5703934 0.7667963 0.7646859 0.4789866 0.6710660 0.5657134 0.4584496 0.1757762 0.6495975 0.5109517 0.2341501 0.5560824 0.5326712 0.2148648 0.4726323 0.7699608 0.5703655 0.8334913 0.1057457 0.2823987 0.5078025 0.4878164 0.0947795 0.3736338 0.1769229 0.5727039 0.5085178 0.4920064 0.4113650 0.4433511 0.2324690 0.7265416 0.5095421 0.1968054 0.0145794 0.5810408 0.5216184 0.0337565 0.2502387 0.2498991 0.4130050 0.5261770 0.2577382 0.2696070 0.2140582 0.6310405 0.5642257 0.3311211 0.6027088 0.4242499 0.4490190 0.7335558 0.3180377 0.2705491 0.5038966 0.7813895 -0.0233245 0.6925896 0.2782714 0.6654152 0.7384119 0.8091558 -0.0686890 0.7557156 0.7679702 0.4764283 0.7391591 0.8121345 0.6471784 0.3944975 0.2533226 0.5496343 0.7392402 0.1671866 0.0705909 0.5873166 0.1494229 0.3756609 -0.0619569 0.0603261 0.2920814 0.1005702 -0.3157733 -0.1185189 -0.0409234 0.3014630 -0.5024309 -0.4164924 -0.2070168 0.1568529 0.2006967 -0.3884035 -0.0932387 0.1389353 0.2652646 0.2532427 0.0057352 0.3695500 0.0357200 0.0583957 -0.1466572 0.0128825 -0.0487381 -0.0188540 -0.0615938 0.1935630 -0.1268709 0.2375421 0.1493386 0.0969883 0.0737925 0.3141576 0.3044380 -0.0152656 0.1835590 0.0254250 0.1216654 0.1656161 0.0303564 -0.1043143 0.1470135 0.2598447 -0.0215262 -0.0743064 -0.0322384 0.0921645 -0.1559297 -0.0156874 0.0352880 0.0066941 0.3762418 0.1332876 -0.0186332 -0.2688986 -0.0949296 -0.2160640 0.2034429 -0.0862707 0.1096333 0.2209589 -0.1457374 0.1124350 -0.0283770 -0.2701280 0.3329172 -0.1368802 0.4385199 0.3412976 -0.0689587 -0.0455869 -0.1185224 0.3859214 -0.2411514 -0.3288420 0.0228955 0.1769733 0.3031238 0.1290652 0.1881428 0.3139195 0.5266110 0.5299437 0.9122534 0.8638966 0.7528839 0.5027611 0.3490595 0.4928698 0.0547140 0.2863762 0.4684571 0.4607388 0.6937249 -0.0526286 0.7650592 0.5039837 0.7815793 0.7540334 0.1856170 0.7720901 0.8280459 0.2417716 0.0862819 0.2546771 0.6411479 0.6798766 0.8006926 0.1233994 0.1260872 -0.6218824 -0.1871157 -0.2068856 0.4396811 -0.1087625 -0.3068863 -0.3485096 -0.1102503 -0.3105716 -0.1165534 -0.2400682 0.6924829 0.0583159 0.2655016 -0.1724299 0.5074147 0.5112630
0.6601628 0.7566884 0.8720284 0.7244448 0.8042021 0.5935818 0.3006414 0.9019115 0.5489575 0.5901002 0.7275187 0.5703934 0.0000000 0.5036649 0.5894399 0.5997299 0.3616369 0.3403601 0.6703522 0.1828391 0.4719850 0.8285980 0.2621868 0.3638038 0.6450416 0.3928531 0.3702676 0.5434792 0.2326482 0.6601068 0.3045025 0.4927597 0.2543861 0.2685353 0.2202219 0.1140991 0.3933648 0.7433212 0.5061498 0.5323933 0.2900935 0.1124428 0.2591256 0.4694651 0.3038443 0.2691166 0.2258054 0.5414177 0.2704651 0.3907154 0.4497164 0.3220935 0.2284401 0.4407738 0.3295710 0.2482827 0.4363665 0.3124924 0.2631003 0.5378489 0.4506523 0.4888241 0.6139469 0.4809937 0.3606498 0.5820172 0.6537800 0.4413213 0.2720739 0.3797979 0.6546106 0.3128197 0.6665217 0.6496429 0.2824105 0.5031139 0.5752425 0.6248420 0.7793750 0.5811642 0.7939672 0.3645638 0.2162983 0.4163506 0.4945428 0.2996917 0.2211697 0.1112331 0.1907162 0.4552429 0.1479560 0.2093830 0.5638386 -0.3282602 0.0453191 0.1710851 0.1809771 0.5921911 -0.1001074 -0.4761559 0.1100665 0.4439946 0.4451915 -0.2179494 0.1783401 0.4060794 0.3564904 0.4605426 0.2536469 0.2376186 0.3907697 0.2475316 -0.0316777 0.1619238 -0.1013900 -0.0837635 -0.1332363 0.1114422 -0.1399980 0.1774069 -0.0084014 0.0639248 0.0941023 0.1493137 -0.0242329 -0.1188230 0.2052610 0.2526848 -0.0948203 0.0621113 -0.2349706 0.0254597 0.1790893 0.0889068 0.1117188 0.2017525 0.0494449 -0.2295892 -0.3374830 -0.2636408 0.2519492 -0.3677070 0.2040308 0.3217009 -0.1325407 0.1673068 -0.1672644 -0.1605877 0.4518129 -0.2785585 0.0282575 0.1049796 -0.1008077 0.4494158 0.0589508 0.1039054 0.0504466 -0.1824505 0.2201604 -0.0953992 0.0459501 -0.1630579 0.2456779 -0.0656151 -0.1207330 -0.1873922 0.3108962 0.3910440 0.1648081 -0.1812579 0.3384175 0.4190168 0.4658456 0.2058878 0.3749186 0.5138617 0.6882382 0.1390403 0.3430737 0.2163819 -0.3008680 -0.0114908 0.0880127 0.1376594 0.3501575 0.3097169 0.5625102 0.7825953 0.5537395 0.5869010 0.2964410 0.5115531 0.3783736 0.2645019 -0.0113306 0.2220269 0.3253194 0.2677912 0.7031836 -0.0793474 -0.0501681 -0.5720573 -0.1754988 -0.1661177 0.1654911 0.0975100 -0.2950251 -0.3262018 -0.1339871 -0.1630871 -0.1334865 -0.3513919 0.4965948 -0.1663844 0.0199144 -0.1663500 0.1807108 0.1746324
0.2834792 0.6278826 0.5213047 0.7442994 0.5420354 0.8019885 0.6743187 0.7046940 0.9370681 0.9685645 0.8390264 0.7667963 0.5036649 0.0000000 0.7873419 0.5612280 0.7247796 0.9335370 0.3950073 0.3916410 0.7815205 0.4174854 0.1377501 0.7291723 0.5810536 0.1197158 0.3098813 0.7504728 0.7664074 0.6596532 0.1658422 0.3172889 0.5780892 0.7047728 -0.0532551 0.6379585 0.1372376 0.5235161 0.4354137 0.4001712 0.4172787 0.7447054 0.0771050 0.7362968 0.7938426 0.0658825 -0.0492415 0.5150993 0.8090382 0.0262483 0.0949814 0.2211021 0.7095227 0.5828120 0.1574127 0.1627654 0.1585658 0.8098337 0.6005552 0.2769637 0.7648000 0.4883486 0.4742582 0.9076418 0.4816784 0.2628211 0.4740998 0.8687844 0.0095498 0.8559363 0.1625440 0.8982280 0.8116406 0.8572969 0.0226987 0.8798734 0.8567889 0.5538097 0.7054885 0.7914624 0.4161028 0.0213488 -0.1774719 0.1714010 0.4882282 -0.1426149 0.2486253 0.1772134 0.0456973 0.1969029 0.0974556 0.2334830 0.2120362 -0.0882570 -0.3932265 0.0569290 0.1089413 0.2312008 -0.3457826 -0.3237230 -0.2689603 0.0266018 -0.0516425 -0.4540699 -0.0036412 0.0205158 -0.0209388 0.0385083 0.0914163 0.0923286 0.1228721 -0.1454656 -0.0578799 -0.0092725 -0.0971264 0.0090436 -0.0489358 0.1778828 -0.0111551 0.1800712 0.1425099 0.1169882 -0.0411118 0.2879117 0.3489503 -0.0438568 0.2954240 -0.0110792 0.1285672 0.2304491 0.1182482 0.0595412 0.1403648 0.2790972 0.3395926 0.0563293 0.1649603 0.1589252 -0.0023274 0.0906367 0.2583919 0.1420994 0.3253190 0.2149337 -0.0375683 -0.0812633 0.1026604 0.0771833 0.3163614 0.1449245 0.3374141 0.0050580 0.0667695 0.3171450 0.3471373 -0.2380337 0.4339409 0.0009674 0.3685885 0.4702639 0.1670775 0.2012866 0.0425145 0.4149884 -0.0150307 -0.1599225 0.2008148 0.2866332 0.2859810 0.2491740 0.3573130 0.3089766 0.4749234 0.2890274 0.6542242 0.5764775 0.7027304 0.5781732 0.5974152 0.6789750 0.0730936 0.3469032 0.6347615 0.4934527 0.5976110 -0.0263041 0.6197194 0.4615605 0.7235537 0.7911683 0.1557842 0.8201710 0.6319835 0.1370061 0.0291491 0.1744683 0.5864126 0.4566186 0.6030092 -0.0212939 0.2737108 -0.5128624 -0.2052271 -0.2360587 0.4442378 -0.1006567 -0.3808510 -0.1591625 0.0563494 -0.1288367 -0.0131097 -0.2584451 0.6213731 0.1013787 0.2089132 0.0111170 0.4614166 0.3682253
0.4646203 0.5798865 0.6651593 0.6391487 0.6113727 0.5985808 0.5545198 0.7180876 0.8765913 0.7484669 0.6690776 0.7646859 0.5894399 0.7873419 0.0000000 0.3765032 0.4238837 0.7625470 0.4309599 0.2087972 0.7517140 0.4153840 -0.0811252 0.7305518 0.5188839 0.0349372 0.1406624 0.8968843 0.7482807 0.7264055 -0.0190296 0.1672338 0.6195044 0.6107125 -0.2126138 0.3037234 -0.0383999 0.6057858 0.3699618 0.4195769 0.1391072 0.4959656 -0.1292453 0.7377448 0.6571975 -0.0557976 -0.2108183 0.4083057 0.5960237 0.1588839 0.0611437 0.0434393 0.5019502 0.5330793 0.0214740 -0.0139429 0.0021596 0.6208757 0.3731601 0.2263968 0.6095973 0.4927410 0.4144224 0.7506131 0.5621149 0.2362368 0.5212780 0.7485194 -0.0733218 0.6257074 0.3576814 0.6073744 0.6099902 0.7801103 -0.0422504 0.7158411 0.7291568 0.4640281 0.6667121 0.6755679 0.4973639 0.0950451 0.0926994 0.1449603 0.4194594 0.0012293 0.0473246 0.1629538 0.0622966 0.1690769 0.0334792 0.0726542 0.1405361 -0.0541748 -0.1464683 -0.0854841 -0.0582845 0.1090428 -0.2312490 -0.5051506 -0.2183723 0.0675883 0.0747109 -0.4693845 -0.1190948 0.2883830 0.1081247 0.0650326 0.0528463 0.2100157 0.2424620 -0.0478146 0.1129954 0.1826199 0.0296930 0.0934470 -0.1013144 0.1190225 -0.1059025 -0.0189814 -0.0758099 0.0277556 -0.1766146 -0.0271409 0.0359089 -0.3420628 0.1375966 -0.0466963 -0.1915820 -0.0887845 -0.1495932 -0.0912858 -0.0596530 -0.0254927 0.2622121 -0.0155670 -0.0732289 -0.0731899 -0.1946652 -0.2369455 0.2147615 -0.1412625 0.0566920 0.1699356 -0.2863295 -0.0654822 -0.1500630 -0.1462096 0.2737568 -0.2061006 -0.0730709 -0.0099190 -0.0937307 0.2246752 0.0970523 -0.1805094 0.0738640 -0.2177495 0.1026308 0.1586268 -0.0666455 -0.1509312 0.0392475 0.1029713 -0.0581461 -0.2457574 0.0948687 0.2283977 0.1851062 0.1115538 0.3329667 0.4518987 0.5231610 0.3426470 0.4978852 0.6890319 0.7657555 0.7077676 0.4946784 0.5295274 0.2186991 0.0217209 0.2208138 0.1507060 0.4290079 0.3704869 0.5395524 0.6658236 0.7745962 0.7130451 0.0037288 0.7422141 0.6645229 -0.0599107 -0.3195071 -0.0487882 0.3048192 0.4923419 0.6753615 -0.3258256 -0.0170006 -0.6104707 -0.3636784 -0.2779921 0.2218668 -0.0100374 -0.5492418 -0.1902311 -0.2387736 -0.2652609 -0.3105481 -0.4939393 0.4878029 0.1664560 -0.0038529 -0.0135278 0.0969119 0.0787784
0.3081954 0.7863208 0.5723662 0.6294989 0.3840607 0.7552132 0.4513401 0.6676517 0.4691167 0.6728393 0.7960878 0.4789866 0.5997299 0.5612280 0.3765032 0.0000000 0.7614646 0.3560951 0.7461907 0.2437593 0.4054887 0.7518585 0.7173485 0.4164862 0.8052396 0.6559345 0.8074163 0.3941822 0.4602835 0.6254083 0.4148260 0.7236929 0.2567353 0.4289595 0.5470921 0.4917435 0.5769644 0.7444061 0.5701874 0.6684933 0.5987545 0.4457043 0.5696341 0.5568406 0.5308623 0.6370140 0.5081681 0.7658268 0.4322251 0.2358387 0.4416830 0.5964399 0.4893800 0.6886075 0.6727494 0.6642408 0.5441309 0.4868708 0.3203268 0.6074184 0.5539379 0.6130745 0.6622289 0.5313717 0.3998258 0.4425336 0.5110490 0.5246370 0.4016996 0.4916041 0.3267191 0.5649167 0.7685779 0.6332173 0.4366773 0.5057793 0.5829560 0.5806415 0.6292913 0.4830894 0.6746164 0.4227121 -0.1530114 0.4534999 0.4532951 0.0810602 0.2261948 0.1811764 -0.0827881 0.3819008 0.0265326 0.2569238 0.3685200 -0.1443600 -0.1971096 0.2812376 0.2482281 0.3766524 -0.0434073 -0.3586262 0.0970916 0.2287378 0.1866067 -0.1168092 0.2523453 0.4287544 0.0173537 0.4130549 0.1231992 -0.0806089 0.3657123 0.0289807 -0.4261424 -0.2916455 -0.4255455 -0.3794872 -0.2836141 -0.1956481 -0.2567074 0.1220419 0.0068766 -0.0198653 0.3836950 0.1969423 0.0141986 0.2716414 0.0653630 0.2786899 0.2090023 0.1138345 -0.1182536 0.1165283 0.1553503 0.3484512 0.2477380 0.1689954 -0.0441008 -0.0199649 -0.1937565 -0.0107682 0.2933314 -0.0241503 0.6142020 0.1316061 -0.0225050 0.0388437 -0.0797898 -0.0422430 0.3656349 0.0406438 0.4687938 0.1197096 -0.0995086 0.4188345 0.0629032 0.0905158 0.3592059 -0.0900165 0.3253108 0.1934459 0.0158165 0.2283055 0.3035812 0.1786202 -0.3299392 -0.1127539 0.3675065 0.2636755 -0.0109321 -0.0572472 0.0798484 -0.0877796 0.3821382 0.1640444 0.4418121 0.1815589 0.3592458 -0.0980455 0.5227419 0.5047274 -0.3404828 0.5132015 0.4190648 0.5343874 0.3906054 -0.0022353 0.4632136 0.4579386 0.5257393 0.7066645 0.1645328 0.4945980 0.2811430 0.4701933 0.3783215 0.3750982 0.3676293 0.2264483 0.6182865 0.3493901 0.0505192 -0.0265948 0.2350888 0.0998909 0.1758673 -0.1714552 -0.0851869 -0.3420872 0.0843793 0.3332549 0.3519532 -0.1003559 0.4314913 -0.1033888 0.2622326 0.1092679 0.5176948 0.5006954
0.3202569 0.7435999 0.5249679 0.7129026 0.5112324 0.8708862 0.6962880 0.5253381 0.6274209 0.7728793 0.7403630 0.6710660 0.3616369 0.7247796 0.4238837 0.7614646 0.0000000 0.5525647 0.3713284 0.3394518 0.5296471 0.4376514 0.5221047 0.4726531 0.5349817 0.2878800 0.7008685 0.4542476 0.5272005 0.5932103 0.1949176 0.3303743 0.3932582 0.5165942 0.2898994 0.6245237 0.2655312 0.4790254 0.5943187 0.5721555 0.5538109 0.6090092 0.4762407 0.7212729 0.5783185 0.3204341 0.2014071 0.6282260 0.6700216 -0.0088878 0.2089343 0.5502320 0.5675865 0.7491008 0.4006118 0.4955964 0.3077574 0.7826852 0.5538373 0.3599021 0.6311803 0.6038303 0.6566815 0.7507158 0.2834024 0.3192378 0.3174791 0.8142069 0.3401576 0.7894248 0.0280942 0.7616533 0.7228500 0.7605123 0.1607893 0.7524986 0.7999081 0.3820544 0.5880981 0.7541744 0.4971047 0.3758382 -0.0865203 0.4188402 0.4749702 -0.0357444 0.0843631 0.3091921 -0.1096346 0.3341102 -0.1773366 0.0016703 0.1958757 0.0006890 -0.4265413 -0.0355103 -0.0282128 0.2433043 -0.3194623 -0.3352888 -0.1972376 -0.0324374 -0.0819154 -0.3319789 -0.0825313 0.0793775 -0.1558058 0.0939447 -0.1044113 -0.1234309 0.0197059 -0.1853821 -0.4343357 -0.3733914 -0.3983357 -0.3069518 -0.2325388 -0.0368886 -0.2390154 0.1349420 0.0502385 -0.0090701 0.0684382 0.3301900 0.2812320 0.1453987 0.0882692 -0.0909020 0.2668749 0.1186820 -0.0253109 -0.1771021 0.1295997 0.3410180 0.0884668 -0.1472409 -0.0563686 0.1141647 -0.1778225 0.0946007 0.0096270 0.1046917 0.4570168 0.0717703 0.0084914 -0.3550808 -0.0939980 -0.1285641 0.0264107 0.0804059 0.3583425 0.0736411 -0.1648928 0.1050985 -0.0271007 -0.3439740 0.4128500 -0.1333982 0.3362619 0.4624020 -0.0152200 0.2211683 -0.1423339 0.4495884 -0.3955825 -0.3550494 0.0159867 -0.0164463 0.0475887 0.0988322 0.0091988 -0.0674158 0.2560153 0.1892226 0.7592972 0.4324921 0.4238089 0.2137373 0.4705432 0.6113423 -0.0187142 0.5845812 0.6676614 0.6758797 0.6631927 -0.2903357 0.6410955 0.2753379 0.7227073 0.7793217 0.1201039 0.7520501 0.5646015 0.2328486 0.2343606 0.1911013 0.5216864 0.3843818 0.6243111 0.2724409 0.2158888 -0.1189479 0.0804927 -0.0423057 0.5016377 -0.1934789 -0.2679943 -0.1723837 0.1383410 0.2351691 0.2205984 -0.1447368 0.5959057 -0.0480213 0.2778360 -0.1159396 0.7793251 0.7506958
