0.0000000 0.3985638 0.5413827 -0.1399044 0.2879524 -0.1390184 -0.0515824 -0.0378993 0.0127513 0.2234523 0.0422915 0.0666865 0.3236074 0.2653102 -0.0992355 -0.0668130 0.3249235 0.2063793 -0.1809837 0.2332831 -0.1952141 -0.2397734 -0.0049917 0.0456124 -0.1611702 -0.0584542 -0.1792612 0.0098849 0.3727832 -0.0666796 -0.0377435 -0.0792027 -0.3235776 -0.1415212 -0.1494997 0.0516811 0.0305331 -0.2624184 0.1378349 0.1940093 -0.4012656 0.2841808 -0.1679226 -0.1404743 0.3266641 0.0845563 -0.1152619 -0.2983206 -0.1354282 0.0370010 -0.1548067 -0.0553299 -0.0500796 -0.0050000 0.0648039 0.0256979 0.0477926 0.0746128 0.3999043 -0.1024192 0.3006715 -0.1006256 0.1470947 -0.0022126 0.2429489 0.2896330 -0.0732749 0.0530525 0.2451334 -0.1763815 0.1768275 0.2096824 -0.0484418 0.2004996 0.0113779 -0.0601293 -0.0060984 0.1150100 0.0630196 0.0976979 0.3130985 -0.0565843 -0.1626563 -0.2037482 -0.4248432 -0.1263413 -0.6494129 -0.3416777 -0.2322194 -0.3789559 -0.1765370 -0.0219753 0.1367392 -0.2170658 -0.2369031 -0.0306400 0.0122020 0.2016869 -0.3463792 -0.1672976 -0.1814446 -0.2455128 -0.3058460 -0.0762816 -0.3194690 -0.1756030 -0.0936770 -0.2542081 -0.0839616 -0.1356997 -0.1417119 -0.1478196 -0.3291948 -0.3696598 -0.4191608 -0.2358214 -0.2724135 -0.5674548 -0.2434728 -0.3279210 -0.3251236 -0.5446219 0.1835761 -0.2163419 -0.7573328 0.0557546 -0.0977582 -0.1594726 -0.1030470 -0.1836186 -0.2725204 -0.5069038 -0.1223415 0.0563028 -0.4905698 -0.2069794 -0.2765277 -0.1290108 -0.0848673 -0.2279250 -0.4665130 -0.2916986 -0.0345457 0.4537400 0.2083607 -0.0619573 -0.1945608 -0.2411320 -0.3637170 -0.4229486 -0.2739762 0.4927903 -0.2346432 -0.3088039 -0.3562995 0.4509180 0.0162479 0.1426396 -0.2961515 0.0205414 -0.4630258 -0.4665383 0.3021733 0.2309990 -0.3852999 0.2795483 -0.0887295 -0.3421952 -0.3310894 -0.4333341 -0.3915328 -0.4931646 0.4004533 -0.0217205 0.2736854 -0.1758506 -0.2072021 -0.0164686 0.1970593 0.5262497 0.4226618 0.3648733 0.3495227 0.2747858 0.4452085 0.3248793 0.2160701 0.1589309 0.1364351 0.3086227 -0.2058459 0.2537996 0.1467084 -0.1168588 -0.0684481 0.0524605 0.1668429 0.0388463 0.4054253 0.0965257 -0.3232619 0.2516984 -0.0023587 -0.2704299 -0.3350808 -0.4073266 0.0788340 -0.2138279 -0.5496482 0.6276829 0.0308449 -0.0847778 0.0902875 0.0050565 0.0698411 -0.4679163 0.4423371 0.2460094
0.3985638 0.0000000 -0.0088098 0.7216191 -0.3391255 0.7789643 0.6511664 0.7101645 0.5750637 0.8157689 0.8182636 0.7057360 0.1082867 0.3868649 0.4073359 0.7231519 0.8578010 0.3875848 0.7359011 -0.2786638 0.3195573 0.5222164 0.6862492 0.5680551 0.6761404 0.6643818 0.4158454 0.4140104 0.4772173 0.4516763 0.2388131 0.1528033 0.1391672 0.7107905 0.6477386 0.0051895 0.5169714 0.5127639 0.5571142 0.4531273 0.1124845 0.3058589 0.6563959 0.2419847 0.8600368 0.6289762 0.6070107 0.2165828 0.6656419 0.5583293 0.6597176 0.7360897 0.7674939 0.7145796 -0.3446878 -0.0132358 0.3472470 0.7206830 -0.0288774 0.6701386 0.6476248 0.7129570 -0.3135426 0.7671267 0.4170407 0.4505672 0.7159518 0.7715737 0.1715538 0.7322118 0.5262914 0.5695639 0.7682007 -0.0153408 0.7939621 0.7495074 0.3095068 0.7886707 0.7889351 0.4220277 0.1271553 0.6052835 0.5497778 0.3888372 0.2636647 0.2972700 -0.0499418 -0.2775063 0.1825125 -0.0188426 0.1358348 0.2982188 0.1963832 -0.0426558 0.3365555 0.4123382 0.4481953 0.1650701 0.2299931 0.2343478 -0.1217087 0.1189779 0.0949023 0.4319451 0.3690880 0.5583251 0.4188755 0.4961784 0.4646616 0.4623956 -0.0359537 0.4847719 -0.0624633 0.0347399 0.1234829 -0.0733308 0.3778961 0.1342492 0.1275191 0.3731867 0.3743625 0.1917818 0.1883802 0.3546601 -0.1570198 -0.0318863 0.5242218 0.0029181 0.3872494 0.5821766 0.5173439 -0.0055249 0.6081407 0.2281887 0.0174733 0.1135891 0.5713915 0.5812206 0.4826648 0.3504287 -0.0037970 0.2343555 -0.0495671 0.2427613 0.3231630 0.2180144 0.5250184 0.1959585 0.2720826 0.0186599 0.1203189 0.3089757 0.4759824 0.2489277 -0.0513945 0.3199125 0.1856472 -0.0063779 0.1104188 0.3358194 -0.1394369 0.0880335 0.6122891 0.5441505 0.2389029 0.2714893 0.5064417 0.3200465 0.4293705 0.2438101 0.2324878 0.1713026 0.3444278 0.1721931 0.6634827 0.4948194 0.4611654 -0.2963863 0.1744088 0.2046995 0.2119236 0.1774306 -0.1114085 -0.0853193 -0.1439667 -0.1346579 -0.3453585 -0.3929120 -0.2341067 0.0381460 0.2190157 -0.0335660 0.0793613 0.1553909 0.0467364 0.0122137 0.1764105 0.6426368 0.0011350 0.0739810 -0.6232550 -0.2220875 0.1960260 -0.0642474 -0.3113758 -0.1434151 0.5304942 -0.2071566 -0.5928298 0.1405317 0.1093452 0.1409019 -0.1640330 0.3223582 0.4798748 -0.1819864 0.0168267 -0.1781775
0.5413827 -0.0088098 0.0000000 -0.1988699 0.8527185 -0.2688694 -0.2397285 0.0194820 0.0035906 0.0413212 -0.0986547 -0.2251305 0.8511826 0.3746215 -0.2139955 -0.1791070 0.1420881 0.2918005 -0.1899797 0.8170839 -0.4413030 0.1430281 -0.0126600 0.1558769 -0.1911056 -0.0792456 0.0421746 0.0427581 -0.2701230 -0.0013770 0.4807947 0.3458696 0.0389818 -0.1713070 -0.1572210 -0.4446823 0.0381429 0.0320060 0.0338568 0.0207530 0.1986305 -0.3186106 -0.1620402 -0.0049321 -0.0491772 0.2777857 -0.0286230 0.2789415 -0.1998160 0.1567870 -0.1787465 -0.1307922 -0.2004495 -0.1206075 0.6315860 0.6187126 0.3138042 -0.1102118 0.7541824 -0.0646882 0.3439727 -0.2214298 0.7478734 -0.0987849 0.5969028 0.3919541 -0.1431994 -0.1868400 0.6144823 -0.3592687 0.2339692 0.2548373 -0.1610469 0.8129598 -0.1024551 -0.2021336 -0.0030125 -0.0270269 0.0183982 -0.1562178 0.6794649 -0.5285316 -0.5260809 -0.6713096 -0.8287025 -0.5022387 -0.6121001 -0.4491706 -0.7152223 -0.5204375 -0.2984247 -0.1718062 -0.4760391 -0.4826575 -0.5408442 0.0380896 -0.3984330 -0.4346554 -0.4273238 -0.4436784 -0.3575172 -0.5777610 -0.5103587 -0.4809545 -0.4493409 -0.2436830 -0.4735859 -0.6011757 -0.6510533 -0.5779769 -0.5506880 -0.5748617 -0.6691032 -0.6031070 -0.5792039 -0.5809913 -0.4612782 -0.6605260 -0.6093965 -0.6608241 -0.5853778 -0.3652070 -0.1973017 -0.5938246 -0.6333916 -0.4883768 -0.3292278 -0.2321448 -0.5455793 -0.5079349 -0.5450752 -0.4967562 -0.3778840 -0.2344395 -0.2031338 -0.4597964 -0.4678365 -0.5258740 -0.4567380 -0.5762558 -0.4443114 -0.5432565 0.2194932 0.0275345 -0.4670074 -0.5413935 -0.5756711 -0.4376296 -0.3040158 -0.4888919 -0.4759596 -0.0291950 -0.6030964 -0.5945376 -0.4005612 0.2759094 -0.3933587 -0.2985165 -0.1211226 -0.5355710 -0.3993460 -0.5630439 -0.1460153 -0.4749335 -0.6503544 -0.1061110 -0.5688262 -0.3825935 -0.3895276 -0.4767621 -0.4740375 -0.3159848 -0.0157586 -0.4616180 -0.4185559 -0.5108697 -0.3690896 0.1903588 -0.0700184 0.2193704 0.6029577 -0.0984365 0.0464721 -0.0998534 0.8472975 0.9010320 0.8347293 0.8232855 0.8102347 0.6728409 -0.6180588 0.2229052 0.0687661 -0.6027966 -0.5355115 -0.4530153 -0.3893055 -0.2515992 0.8420047 -0.4775616 -0.0223393 -0.0398243 -0.5047933 -0.6880397 -0.1839295 0.1946621 -0.3441647 -0.4134779 -0.1063998 0.4180248 -0.4616011 -0.4705623 0.4051418 0.0253972 -0.2648219 0.1030212 0.3526298 0.2055953
-0.1399044 0.7216191 -0.1988699 0.0000000 -0.4795264 0.8286269 0.7112141 0.9284978 0.5542299 0.7030564 0.7854436 0.5922203 0.1165454 0.1542517 0.5046487 0.7254358 0.5958694 0.2330163 0.8088498 -0.3363632 0.5913081 0.7280797 0.5687514 0.5144989 0.7208974 0.6234193 0.5191160 0.2810204 0.2817571 0.4858023 0.4743697 0.1007833 0.2936681 0.8814466 0.6160292 0.0746777 0.3447114 0.6379739 0.4900521 0.2113843 0.4348391 0.2490363 0.6405609 0.1678026 0.6662779 0.5764877 0.6041231 0.4068588 0.7416120 0.4190211 0.6707835 0.6317320 0.9290454 0.4899107 -0.4281512 0.0303331 0.2814433 0.5418517 -0.1057638 0.6716450 0.6228890 0.6516913 -0.3228429 0.8471049 0.3416412 0.2761656 0.7048899 0.6137169 0.1989207 0.8290482 0.3488970 0.7472945 0.7416895 0.1333085 0.7825936 0.8454789 0.5529357 0.7353905 0.7604393 0.5811709 -0.0991875 0.6255723 0.5407636 0.3793795 0.3591347 0.3150957 0.3247220 -0.0658460 0.2478312 0.2738882 0.2096639 0.3000460 0.0808843 0.2349855 0.5691374 0.5633439 0.4008021 -0.0176652 0.4983106 0.5673402 -0.0723808 0.3137865 0.1285567 0.4246072 0.5303173 0.7449700 0.5374646 0.5269531 0.4097073 0.5077613 0.0136078 0.6293896 0.1735408 0.3372337 0.4504035 0.2562200 0.6476413 0.6166066 0.4981797 0.7036090 0.7044569 0.6637706 0.1276752 0.6723142 0.4215696 0.0349558 0.5355200 0.2545969 0.5714940 0.7896850 0.7289166 0.2473889 0.6637910 0.2594295 0.5036530 0.4109886 0.8305039 0.6899340 0.6001455 0.5247393 0.4558265 0.4767953 0.0017721 0.0437480 0.2253374 0.3968983 0.6730998 0.4349024 0.6860417 0.4013142 0.3802208 0.0562710 0.6832034 0.5535241 0.1868130 0.1359104 0.1825969 -0.0052467 0.4541118 0.3437199 0.0330202 0.5092435 0.4336111 0.3896334 0.4656790 0.0525121 0.4928920 0.7069525 0.7143129 0.5806206 0.5375681 0.4423097 0.1409437 0.1723608 0.5288186 0.7215146 0.6672492 -0.5469542 0.1531853 -0.0391056 0.0068726 -0.0255941 -0.1068320 -0.0662716 -0.2196765 -0.2174660 -0.4118062 -0.4095592 -0.1197531 0.0596208 0.5203899 -0.1181624 -0.0432585 0.3000476 0.2309326 0.0797043 0.0498553 0.8242193 -0.0135670 0.0288479 -0.4755433 -0.5866967 0.0770264 0.0624716 -0.1375063 0.1514349 0.4994359 -0.1077600 -0.3897809 -0.1386335 -0.0173205 -0.0037213 -0.1035054 0.6737477 0.6382382 -0.1440881 -0.3642302 -0.4746197
0.2879524 -0.3391255 0.8527185 -0.4795264 0.0000000 -0.4756846 -0.3979287 -0.2918581 -0.1781587 -0.2332884 -0.4173168 -0.4711366 0.6952243 0.3117153 -0.3664677 -0.4645011 -0.1919815 0.2492457 -0.4005448 0.9091791 -0.5994365 -0.0689268 -0.2425024 0.0705586 -0.4369916 -0.3186898 -0.0715704 0.0416733 -0.4468942 -0.1390206 0.2989416 0.3811479 0.0645590 -0.3866276 -0.3765522 -0.4545029 -0.0723162 -0.0974788 -0.1037316 0.0010698 0.0923570 -0.4808242 -0.3640840 0.0444507 -0.4068030 0.0911282 -0.2258465 0.2547057 -0.4295756 0.0364236 -0.4200620 -0.3149615 -0.4985794 -0.3112344 0.8422775 0.6224753 0.1756298 -0.3800464 0.4872463 -0.3263399 -0.1094632 -0.4417164 0.8251035 -0.4512121 0.3688061 0.1739085 -0.4255094 -0.4730079 0.3944760 -0.6294425 -0.0029271 -0.1404805 -0.4554951 0.6367996 -0.4300763 -0.5277709 -0.1545062 -0.3540122 -0.3481914 -0.3928166 0.5612839 -0.6830613 -0.6698843 -0.6747339 -0.7240105 -0.5952418 -0.5324724 -0.0988545 -0.6717285 -0.4039830 -0.4081553 -0.3320026 -0.6267133 -0.3088186 -0.6571605 -0.2395717 -0.5656819 -0.5945737 -0.5387574 -0.5469067 -0.3005656 -0.6884165 -0.5783204 -0.5802708 -0.5725881 -0.5220008 -0.6971795 -0.7750944 -0.7798834 -0.6935503 -0.4750430 -0.7497268 -0.6705061 -0.7414009 -0.7545661 -0.6365288 -0.6625325 -0.7282995 -0.7372943 -0.8430837 -0.8324364 -0.5247925 -0.3071318 -0.7251824 -0.5373984 -0.4370583 -0.6271099 -0.3490012 -0.6791119 -0.7868072 -0.7316535 -0.4593841 -0.6810041 -0.0548061 -0.2066989 -0.5494134 -0.6669542 -0.6919018 -0.6222576 -0.6082948 -0.3986274 -0.5491878 0.0131162 -0.1603094 -0.5517841 -0.6954610 -0.7151881 -0.4693277 -0.4274272 -0.4553374 -0.4413404 -0.2330671 -0.7075309 -0.6980313 -0.3963807 0.0162909 -0.5180395 -0.3930387 -0.2944612 -0.5883532 -0.3068879 -0.5783889 -0.3864661 -0.6549419 -0.7086523 -0.3013551 -0.8002343 -0.5339035 -0.5547988 -0.5299779 -0.5755681 -0.3927607 -0.1226688 -0.3666573 -0.6139414 -0.6843994 -0.5419033 0.4383982 -0.1917328 -0.0070922 0.3460254 -0.3041338 -0.1035512 -0.2609737 0.6499121 0.8025934 0.7907639 0.8948624 0.7829684 0.5826458 -0.6872227 0.2210547 0.1509899 -0.6520799 -0.5314400 -0.4417643 -0.3430719 -0.5338730 0.6383652 -0.4151950 0.2399847 0.0416696 -0.5730506 -0.6347513 0.0931892 0.3015193 -0.5503115 -0.2593846 0.1659323 0.1203631 -0.4952089 -0.3694883 0.3683430 -0.1671136 -0.4652855 0.2327789 0.3900215 0.4319307
-0.1390184 0.7789643 -0.2688694 0.8286269 -0.4756846 0.0000000 0.6897124 0.7505428 0.7478921 0.8287731 0.8281227 0.7201042 -0.0205439 0.3253609 0.5730576 0.7902284 0.6880323 0.2435394 0.8272145 -0.3483301 0.4614582 0.6422453 0.6880101 0.7131431 0.7392317 0.6309718 0.4505591 0.5917474 0.3658461 0.4838112 0.1923306 0.1401834 0.5650453 0.8696187 0.6996641 -0.0716632 0.4367485 0.5929804 0.5014375 0.5203690 0.3585458 0.2054279 0.6847008 0.5409893 0.7891990 0.6366453 0.6419698 0.3083378 0.9195217 0.4270207 0.7295499 0.7561478 0.8401478 0.7610924 -0.3643286 0.0500148 0.3545464 0.7851999 -0.3409359 0.7172338 0.4730993 0.7554475 -0.2421387 0.7887185 0.3587952 0.3692761 0.7425637 0.7850097 0.2537162 0.8345205 0.4561842 0.3982879 0.8219728 -0.0985337 0.8131036 0.8490817 0.1836700 0.7076919 0.7760645 0.2493766 -0.0723329 0.6453158 0.6003412 0.4375952 0.4172571 0.3608325 0.2752915 0.0372028 0.2926752 0.2853358 0.2230644 0.1901005 0.0205850 0.2209258 0.4616626 0.4065469 0.3366640 0.0378286 0.3829955 0.5158024 0.0656426 0.3934318 0.2590978 0.5558021 0.5631499 0.6941498 0.6544638 0.6618584 0.4582919 0.6009773 0.1005029 0.5762840 0.2018858 0.3183144 0.3085585 0.0839840 0.5652772 0.4722046 0.2726379 0.5330476 0.6178945 0.4975604 -0.0538486 0.5543273 0.2931746 -0.1325417 0.6170337 0.0145273 0.4055400 0.7464770 0.7254464 0.2069970 0.7399876 0.2179836 0.3136151 0.2372495 0.7626425 0.6878043 0.5417455 0.5204058 0.3229485 0.3696234 -0.1029388 -0.1911255 0.2634494 0.2222203 0.6777337 0.3580351 0.5274624 0.2563433 0.3379891 -0.1276446 0.6461164 0.4891429 0.2221695 -0.0922653 0.0661140 -0.0531729 0.1895695 0.3820633 0.1575162 0.3595225 0.3777246 0.4297325 0.5518381 0.0896743 0.5264330 0.5535766 0.6842891 0.5096454 0.5173637 0.5697923 0.3384262 0.3543687 0.4837498 0.5205828 0.4869857 -0.3446568 -0.0675303 -0.1935176 0.0111606 -0.1503006 -0.3544988 -0.2357069 -0.4256975 -0.1926509 -0.3843320 -0.3666593 -0.3374046 -0.2354747 0.3337322 -0.3946924 -0.1593655 0.2301071 0.0348750 -0.0752346 -0.0050008 0.5239971 -0.2194019 -0.0487168 -0.5220731 -0.4557343 0.3828699 0.2223096 -0.0707240 0.2443496 0.4321496 -0.0185308 -0.2926316 -0.2566844 0.2862348 0.2473822 -0.1193421 0.3620735 0.4884737 0.1492611 -0.0819697 -0.2759148
-0.0515824 0.6511664 -0.2397285 0.7112141 -0.3979287 0.6897124 0.0000000 0.5770378 0.5270196 0.6703903 0.5764722 0.8345758 -0.0895679 0.4827978 0.7474614 0.4768380 0.5448491 0.4506377 0.6650487 -0.4793125 0.6662002 0.3277512 0.3748358 0.6915679 0.5961026 0.4106300 0.4007949 0.4740039 0.3854160 0.4108966 -0.0006620 0.1857461 0.5031427 0.8426585 0.4775597 0.2622224 0.3074846 0.5866930 0.4729281 0.3675792 0.0391032 0.2886079 0.5202837 0.3253208 0.4763951 0.5002047 0.4970491 0.2976639 0.6436978 0.5289735 0.5098948 0.4919930 0.7330708 0.4177632 -0.1594932 0.1574199 0.3058132 0.3341718 -0.1453944 0.5197656 0.3723325 0.4845989 -0.2063899 0.6522295 0.2392379 0.2171527 0.5832600 0.4138129 0.1573895 0.6387703 0.2345508 0.5581345 0.6064630 0.0349948 0.6333542 0.6706830 0.6713173 0.5289010 0.5979204 0.6692821 -0.1765571 0.6740617 0.4045828 0.2251570 0.3758999 -0.0259636 0.1737712 0.1749128 -0.0068336 0.3276820 -0.2117219 0.1988945 -0.0457096 0.1150689 0.3717816 0.1701272 0.1139760 -0.0357537 0.2157094 0.3729776 -0.1791169 0.0830264 -0.1092787 0.1298597 0.2996087 0.3905109 0.2600139 0.4145270 0.5244066 0.4716646 0.0022024 0.5363509 0.3015680 0.1379642 0.2560069 0.2536107 0.3471125 0.4426373 0.4025557 0.4247061 0.4122014 0.3144054 0.0348942 0.5962214 0.3355558 0.3419110 0.4956353 0.0612909 0.6884340 0.6461018 0.7459847 0.3170942 0.5250885 0.2158850 0.1184873 0.2797858 0.6792396 0.7352138 0.5966444 0.3659142 0.1750222 0.3343377 -0.1900151 0.1436999 0.3182326 0.3936068 0.6049378 0.2240058 0.3946163 0.0956926 0.1913833 0.2034786 0.5623746 0.2939276 0.0451569 0.0826661 0.0744624 -0.2349793 0.1695766 0.3899928 -0.0240486 0.2543473 0.3676393 0.4044014 0.3449876 -0.0817213 0.3366623 0.4019849 0.4120355 0.4543857 0.2458002 0.3082347 0.1813037 0.4643520 0.6859963 0.7635647 0.8643252 -0.2712679 0.5131633 0.2301000 -0.0869812 0.0639346 -0.0842719 -0.1692259 -0.3388964 -0.2659186 -0.4578021 -0.4043183 -0.1194704 0.1160356 0.5073868 -0.0175243 -0.0465289 0.4489749 0.4599787 0.3966776 0.5094256 0.6994135 -0.1141813 0.4106607 -0.4999109 -0.5318086 0.1792637 0.2045073 -0.0071935 -0.1987341 0.6654678 -0.0717316 -0.3813564 -0.3005904 0.0480508 0.0355442 -0.1628550 0.4396083 0.6763287 -0.2313314 -0.2423521 -0.2717522
-0.0378993 0.7101645 0.0194820 0.9284978 -0.2918581 0.7505428 0.5770378 0.0000000 0.5834644 0.7298230 0.8473697 0.5048195 0.3805596 0.2818272 0.4407972 0.7815262 0.7188824 0.4064033 0.8104450 -0.1270753 0.3615455 0.8150796 0.6842230 0.5387014 0.7035169 0.7092093 0.6862277 0.3065386 0.1560388 0.6065683 0.6367547 0.1987262 0.2191062 0.8483103 0.6246161 -0.1405760 0.4140892 0.6757949 0.5090679 0.2278684 0.4977514 0.0929970 0.6713913 0.1466271 0.6971019 0.6652667 0.6451429 0.5218771 0.6867320 0.5293716 0.6876417 0.6547152 0.9054759 0.5053494 -0.3099079 0.1679159 0.3762992 0.5922761 0.0179313 0.7162905 0.7151641 0.6904968 -0.1842673 0.8794336 0.5311514 0.3988772 0.7227834 0.6745756 0.3510868 0.8183990 0.4354211 0.7705578 0.7959439 0.3358260 0.7901154 0.8695846 0.5159010 0.7306025 0.8360063 0.4886004 0.0888785 0.3995171 0.4447824 0.3114904 0.2337919 0.2577984 0.1335803 -0.1965241 0.1484544 0.1761519 0.1393822 0.1492421 -0.0773357 0.0780170 0.3791177 0.4468706 0.2434713 -0.1358749 0.3335805 0.3987958 -0.1165139 0.1475642 0.1112902 0.3335588 0.3490585 0.6199127 0.4380621 0.4446054 0.2157905 0.3696513 -0.1994895 0.4490376 0.0267698 0.1947409 0.3821024 0.1061357 0.5584742 0.4768411 0.3431189 0.5150869 0.5260570 0.5195872 -0.0678106 0.4852253 0.2345221 -0.1396871 0.3825180 0.0740331 0.3885246 0.6353977 0.5623354 0.0474006 0.5510857 0.2253695 0.4551037 0.1789318 0.7137009 0.5201757 0.4547506 0.3933664 0.3312616 0.3559032 0.0353515 -0.0690239 0.0426786 0.1674338 0.5052436 0.3021704 0.6112054 0.3060529 0.2677523 -0.0679594 0.5126952 0.3769144 0.1452234 0.1468562 -0.0237616 -0.1562006 0.3754581 0.1786451 -0.0324451 0.3523462 0.3347437 0.1781364 0.2961540 -0.0762945 0.2910283 0.5962408 0.6310226 0.4251081 0.3912778 0.3875583 0.2234001 0.0406051 0.3780874 0.5413406 0.4920977 -0.4914019 -0.0315252 -0.1407193 0.0759244 -0.1622748 -0.2295164 -0.2053007 -0.0436834 0.0005510 -0.1853728 -0.1999568 0.0659798 0.1825210 0.3403748 -0.0879900 -0.0733384 0.0743726 0.0205281 -0.1329682 -0.0830010 0.7121931 0.1337383 -0.1354073 -0.4919844 -0.5778136 -0.1480702 -0.1609606 -0.3745840 0.3277918 0.3280010 -0.2678754 -0.3770831 -0.0555518 -0.2688786 -0.1945888 -0.2325361 0.6170595 0.4530153 -0.1107528 -0.1762815 -0.2814065
0.0127513 0.5750637 0.0035906 0.5542299 -0.1781587 0.7478921 0.5270196 0.5834644 0.0000000 0.8451905 0.7547349 0.7039313 0.1290325 0.4264841 0.7165938 0.7324366 0.7407947 0.4430904 0.7039616 -0.1388814 0.1674334 0.3828537 0.6759505 0.7612608 0.6407449 0.6130505 0.4055438 0.4294733 0.2065004 0.2277463 0.0918952 0.4333124 0.6083103 0.7255412 0.6732740 -0.2884862 0.5763639 0.6377830 0.3222385 0.5370039 0.3375659 -0.0632736 0.6537880 0.6316814 0.5934062 0.7157085 0.6560824 0.4215247 0.8400495 0.4323554 0.6914906 0.6630596 0.6039393 0.6954376 0.0099470 0.3560800 0.5966835 0.7334966 -0.1407477 0.6795128 0.3981291 0.6524799 0.1063935 0.5747838 0.4156341 0.6100155 0.6513833 0.7238076 0.4837148 0.6328859 0.6865436 0.1879024 0.7337039 0.0411395 0.6885154 0.6741523 0.0075280 0.6669800 0.6817641 0.0563613 0.3269830 0.1435763 0.0767556 -0.0680796 0.0237844 -0.1696546 -0.0351974 0.0384488 -0.1532093 0.1079781 -0.1382945 -0.0285463 -0.3157930 -0.0853328 -0.0232876 0.0489371 0.0279601 -0.2282770 -0.1275881 0.2308751 -0.2896949 0.0877863 -0.0124078 0.1109092 0.2492784 0.2333110 0.3853293 0.2375558 0.1559463 0.1474085 -0.2679195 0.1755909 0.0765673 0.1365628 0.0749144 -0.0656373 0.2947523 0.2442737 0.0486410 0.1767001 0.3441447 0.3016019 -0.4634660 0.1770601 0.0450674 -0.2864679 0.4152919 -0.3723289 0.0662306 0.3454540 0.4105407 -0.1598516 0.3963780 -0.0142654 -0.1128206 -0.2444906 0.3782090 0.2848968 0.0967423 -0.0018556 -0.0909335 -0.1242181 -0.2448408 -0.3678897 -0.1598749 -0.1874365 0.2199275 -0.1331919 0.0720029 -0.2191619 -0.1140279 -0.2809385 0.1917125 0.0101027 -0.1363700 -0.0941433 -0.3995566 -0.4520406 -0.1646696 -0.0826165 -0.1619743 -0.1031559 0.1426446 0.0025162 0.1240992 -0.1126079 0.0481528 0.0683576 0.2144544 0.0450263 0.0125155 0.2139680 0.4743587 0.4101393 0.1363326 0.1150948 0.1991060 -0.1886992 -0.1821578 -0.2542829 0.0471014 -0.4079368 -0.4792494 -0.5084471 -0.2435029 0.0746704 -0.0532520 -0.0588565 -0.1235540 -0.1323235 0.1348258 -0.3328583 -0.1083921 -0.0159096 -0.1442126 -0.2250079 -0.1879453 0.1768936 0.1306517 -0.2158283 -0.3194232 -0.2051505 0.3665807 -0.0460291 -0.4057595 0.3434186 0.1626217 -0.0882209 -0.0723634 -0.0251037 0.1756609 -0.1117725 -0.1928362 0.0437949 0.1093399 0.0150981 0.3749686 0.1624940
0.2234523 0.8157689 0.0413212 0.7030564 -0.2332884 0.8287731 0.6703903 0.7298230 0.8451905 0.0000000 0.8494323 0.8230674 0.1829327 0.5460159 0.6175739 0.7915843 0.8545445 0.4926251 0.7182849 -0.1875365 0.3160344 0.4583684 0.6812456 0.8072974 0.6204242 0.6189870 0.5502509 0.6062879 0.3632032 0.5183487 0.1687284 0.2666719 0.5277012 0.8497095 0.6472955 -0.1435095 0.5035148 0.5355118 0.5809397 0.6912850 0.1974489 0.1215019 0.6570396 0.5801641 0.7919653 0.7154438 0.6092330 0.2872147 0.8735352 0.4952662 0.6747827 0.7582400 0.7967532 0.7599681 -0.1536432 0.2141580 0.4292239 0.7990365 -0.1576191 0.6655537 0.5063645 0.6770731 -0.0411569 0.7903609 0.5392100 0.4909236 0.6557849 0.8054924 0.3887145 0.7593927 0.5457762 0.4679724 0.7747138 0.1331562 0.7448462 0.8120721 0.2835014 0.7167124 0.7695101 0.3190118 0.1800515 0.4466286 0.3259330 0.1328387 0.1150489 0.0083131 -0.1585655 -0.0850286 -0.0520614 0.0703521 -0.1580461 -0.0962401 -0.2106775 0.0033342 0.2328228 0.2028826 0.0282850 -0.0604970 0.0676608 0.2885999 -0.2805745 0.0002890 -0.1183834 0.2492131 0.1703293 0.4534587 0.4182690 0.3866388 0.2747102 0.3713623 -0.1534472 0.3659890 0.0787998 0.1134245 0.1507612 -0.0249499 0.3536633 0.2076704 0.1312350 0.2581971 0.3555113 0.1955436 -0.2197335 0.3857750 -0.0419055 -0.1131813 0.4797283 -0.2133803 0.3337052 0.5168171 0.5468155 -0.1165023 0.5408502 0.1658185 0.0325903 0.0018207 0.5704248 0.5180734 0.3805278 0.2312748 0.0529674 0.0668524 -0.2093603 -0.1200797 0.1049819 0.0471141 0.4415233 0.0708244 0.2872647 -0.0801598 0.0246015 -0.0220782 0.3876454 0.1877608 -0.0977845 0.0677558 -0.1959965 -0.2021000 -0.0280145 0.1631885 -0.1633022 0.0001268 0.4044632 0.2488694 0.2293619 0.0171339 0.2483265 0.2906481 0.3885197 0.1892699 0.1951686 0.2816811 0.5862907 0.4526234 0.4414391 0.3839994 0.3913866 -0.3101424 -0.0122329 -0.0579085 0.1134434 -0.1986262 -0.3639856 -0.3638091 -0.2452498 0.0125554 -0.1914582 -0.1699003 -0.0922237 0.0568510 0.1809822 -0.1224482 -0.0222590 0.0776815 -0.0037306 -0.0844650 0.0082762 0.4549027 0.0531071 -0.0194998 -0.5709475 -0.3810229 0.2543203 -0.0560854 -0.3824563 0.1936235 0.4324917 -0.2447422 -0.4041571 -0.0326839 0.0820368 0.0184277 -0.2077473 0.3152537 0.4018078 -0.0835012 0.2842908 0.0315857
0.0422915 0.8182636 -0.0986547 0.7854436 -0.4173168 0.8281227 0.5764722 0.8473697 0.7547349 0.8494323 0.0000000 0.7045329 0.1574631 0.2851224 0.5033410 0.9632459 0.9104441 0.3635837 0.9112564 -0.3085155 0.2449124 0.6853820 0.9227493 0.5420834 0.8615122 0.8789911 0.6197707 0.3310298 0.2230239 0.4940630 0.3224101 0.3323593 0.2735306 0.8011743 0.8593443 -0.2334745 0.6553569 0.7149774 0.4947355 0.4193518 0.3255387 0.0590022 0.8597354 0.3453620 0.8321412 0.7319141 0.8077421 0.3976823 0.8439945 0.6321678 0.8924200 0.8608701 0.8647510 0.8163366 -0.3171417 0.1304788 0.5187906 0.8712544 -0.1245687 0.8966097 0.6882792 0.9104541 -0.2453314 0.8948005 0.5289743 0.5378476 0.8926587 0.9295646 0.2800521 0.9159417 0.6075721 0.5223933 0.9431369 0.0675491 0.9105421 0.9061064 0.2207285 0.7860572 0.9091455 0.2482811 0.1359419 0.3998453 0.4629055 0.3708314 0.3016239 0.2288972 0.0295671 -0.3000071 0.1645697 -0.0218757 0.0864531 0.1314930 -0.0559076 -0.1222494 0.2822235 0.2638927 0.2851248 -0.0470462 0.1607705 0.1725646 -0.2374187 0.1252724 0.1693843 0.3817135 0.3557647 0.5326098 0.4396826 0.5415850 0.3800178 0.3772926 -0.2541682 0.3890872 -0.0015136 0.1911344 0.3410915 -0.0570085 0.4776205 0.3745583 0.1602658 0.4705404 0.5325197 0.4118917 -0.1767285 0.3588738 0.1042204 -0.2320940 0.5915246 -0.1497803 0.3311927 0.5923714 0.6201244 0.0254037 0.6818626 0.0760817 0.1776991 -0.0152644 0.6508478 0.5429263 0.4278976 0.3153626 0.1224245 0.2424982 -0.0189969 -0.1791907 0.0290085 0.0284538 0.5306085 0.1949097 0.3932886 0.0985672 0.1217242 -0.1158746 0.4878882 0.2869515 0.0772046 0.0683799 -0.0741492 -0.2243121 0.1483460 0.1715006 0.0256931 0.1823175 0.3136087 0.2624120 0.3581522 -0.0376756 0.3578730 0.4033892 0.5270752 0.3219778 0.3124751 0.3948927 0.3460321 0.1569621 0.3689039 0.4501021 0.4404346 -0.3314962 -0.1586531 -0.2151094 0.0154005 -0.2350630 -0.4360115 -0.3880163 -0.2415963 -0.0881892 -0.2338881 -0.3112946 -0.1471723 -0.0187864 0.1953816 -0.1313354 0.0518917 0.0209059 -0.1055576 -0.2337151 -0.0867892 0.5831462 -0.0533071 -0.1482814 -0.5505981 -0.3232056 0.1273032 -0.1326330 -0.5316242 0.2250537 0.3562193 -0.2462496 -0.3782392 -0.0169125 -0.0280620 -0.0658367 -0.3545293 0.2727761 0.2464043 -0.0013668 0.0523154 -0.1388297
0.0666865 0.7057360 -0.2251305 0.5922203 -0.4711366 0.7201042 0.8345758 0.5048195 0.7039313 0.8230674 0.7045329 0.0000000 -0.1637549 0.4523226 0.7971521 0.6680624 0.7005834 0.3983085 0.6375534 -0.4973662 0.5847015 0.2406908 0.5173582 0.6810328 0.6058836 0.5039178 0.4013009 0.4820661 0.4499774 0.3788321 -0.1215778 0.1698666 0.5235053 0.8067594 0.6277303 0.1863448 0.4259802 0.5167629 0.3761892 0.5288387 0.0322402 0.2801946 0.6271478 0.4333461 0.6460666 0.5309599 0.5604016 0.1949974 0.7778583 0.5178557 0.6390474 0.6347496 0.7174132 0.6747976 -0.2108373 0.1057231 0.3727580 0.6437105 -0.1397488 0.5973141 0.4111757 0.5831660 -0.1959546 0.7293275 0.2967946 0.3629020 0.6393883 0.6926061 0.2053195 0.7385408 0.4703136 0.4270404 0.7141373 -0.0649840 0.6993315 0.7493851 0.4121068 0.6346594 0.6818582 0.5136789 -0.0352184 0.6264370 0.4396563 0.1741402 0.2875642 -0.0574471 -0.0070995 -0.0268441 -0.0909542 0.1643843 -0.2100244 0.0234304 0.0061952 -0.0889760 0.2402311 0.1277592 0.0753457 0.1518439 0.0794494 0.2475831 -0.2702820 0.0415478 -0.0229198 0.1785849 0.2626235 0.3799622 0.3685705 0.5098608 0.5449870 0.4903660 -0.0576247 0.5043596 0.3478036 0.2560314 0.3325210 0.1629378 0.3256194 0.3073490 0.3040103 0.3413742 0.4175460 0.2135928 -0.1211888 0.4795142 0.0801319 0.1936930 0.5981103 -0.1061926 0.5313693 0.6016256 0.6580547 0.1206379 0.5637611 -0.0791127 -0.1474428 0.0965216 0.5709751 0.6457968 0.4556692 0.1796203 -0.0522823 0.0517349 -0.2145803 0.0516511 0.2005981 0.2552426 0.4903352 -0.0043884 0.1677378 -0.1832007 -0.0643241 0.1870284 0.4144789 0.1846474 -0.1433976 0.0622127 -0.0456321 -0.2012470 -0.0487561 0.2434101 -0.1616121 0.0017698 0.4294116 0.3681398 0.2778670 0.0667040 0.4296993 0.2128368 0.2665774 0.2101474 0.1504094 0.2409813 0.4030398 0.5092759 0.6048355 0.6122611 0.6769522 -0.3141843 0.3546013 0.1983678 0.0075438 0.0756178 -0.1455073 -0.2002280 -0.3641740 -0.2173607 -0.3648487 -0.3962842 -0.2785052 -0.1056936 0.3556368 -0.1508254 -0.1474883 0.3724138 0.3032990 0.2669208 0.2953640 0.5193705 -0.1309333 0.2797712 -0.5316753 -0.2487676 0.4578424 0.1894757 -0.2896137 -0.1748195 0.6101556 -0.1366444 -0.3436037 -0.0511891 0.2214574 0.0496254 -0.2288430 0.2336961 0.4769045 -0.1338830 0.0513769 -0.1452690
0.3236074 0.1082867 0.8511826 0.1165454 0.6952243 -0.0205439 -0.0895679 0.3805596 0.1290325 0.1829327 0.1574631 -0.1637549 0.0000000 0.3771263 -0.0482383 0.0809147 0.2647931 0.4293601 0.0809395 0.7939292 -0.3228259 0.4543629 0.2187423 0.2781240 0.0182028 0.1734462 0.3534254 0.1516386 -0.2850144 0.2669873 0.7349329 0.3693025 0.0712302 0.1393349 0.0357777 -0.4706101 0.1645284 0.2612970 0.0849379 0.0322109 0.3941586 -0.2661567 0.0478268 -0.0318206 0.1569472 0.5110524 0.2081587 0.5118574 0.0061437 0.3620293 0.0512559 0.0420408 0.1553855 -0.0410581 0.5084828 0.7083195 0.4601030 0.0478842 0.5639457 0.1700795 0.4895245 0.0312440 0.6696181 0.2218397 0.7163725 0.5416354 0.1154452 0.0083940 0.7557724 -0.0310382 0.3382828 0.4557294 0.1321982 0.8836401 0.1724287 0.1407546 0.1749776 0.1268757 0.2782740 -0.0421814 0.5124571 -0.4006130 -0.2534927 -0.3737925 -0.5626701 -0.2648464 -0.3983876 -0.3406631 -0.4845058 -0.2253455 -0.1598348 -0.2642427 -0.4887251 -0.2868867 -0.4074069 0.0695004 -0.3699839 -0.5098402 -0.3169439 -0.2148778 -0.2592978 -0.4348662 -0.2812074 -0.2713192 -0.2615875 -0.0708392 -0.2511548 -0.3315693 -0.5265635 -0.3365316 -0.5622971 -0.3359975 -0.5822761 -0.5019120 -0.3874481 -0.4904729 -0.2276382 -0.4039005 -0.4040166 -0.4676628 -0.4080107 -0.2058268 -0.3728395 -0.3373009 -0.4060729 -0.4500685 -0.3674899 -0.2696844 -0.3462168 -0.2492263 -0.3062764 -0.4859911 -0.2329757 -0.0232467 0.0838750 -0.3866354 -0.1516412 -0.2586417 -0.2080104 -0.2803080 -0.1926241 -0.2411197 0.1064474 -0.2343275 -0.3877920 -0.4774808 -0.3048251 -0.2119435 0.0068159 -0.2081419 -0.2175954 -0.2875933 -0.2962628 -0.3746887 -0.2108364 0.0338520 -0.4425365 -0.4025983 -0.0403231 -0.3580768 -0.3167247 -0.2810934 -0.2442360 -0.4408302 -0.4414234 -0.3584677 -0.5098830 -0.0973840 -0.1002180 -0.2050120 -0.2865482 -0.1020095 0.1116856 -0.4019802 -0.3222242 -0.2705062 -0.2375341 -0.0812366 -0.2475297 -0.0772115 0.3884337 -0.3085706 -0.1137157 -0.1981145 0.7068686 0.8468373 0.7220797 0.7616064 0.7493273 0.5804749 -0.4310310 0.0178275 -0.0941780 -0.5486069 -0.4823544 -0.4830316 -0.3426568 0.0009518 0.6841107 -0.4269440 -0.1431915 -0.3014367 -0.6041019 -0.6238537 -0.3203262 0.4957074 -0.3235719 -0.3774132 -0.1411419 0.2401724 -0.6525775 -0.5742104 0.1546886 0.3130815 -0.1610732 0.1382857 0.2098450 0.1293521
0.2653102 0.3868649 0.3746215 0.1542517 0.3117153 0.3253609 0.4827978 0.2818272 0.4264841 0.5460159 0.2851224 0.4523226 0.3771263 0.0000000 0.4050348 0.1291068 0.5094006 0.7625796 0.2032590 0.1723487 0.0327896 0.2258112 0.2353810 0.8239672 0.0770076 0.0993569 0.3953894 0.8068506 0.1749087 0.5495355 0.0960719 0.2118027 0.5551605 0.4303156 0.0951565 -0.2076545 0.1451047 0.2716306 0.5965525 0.6873136 -0.0062054 -0.0658845 0.1830069 0.5368567 0.3259528 0.3873703 0.1796605 0.2998088 0.2935252 0.3888092 0.1064319 0.3136659 0.2319080 0.3415074 0.3609251 0.4340755 0.2557179 0.2227455 0.1210924 0.1716558 0.2432516 0.1588975 0.3454923 0.2697875 0.6348613 0.2334518 0.1565318 0.2163853 0.4182229 0.1430099 0.1697777 0.2210738 0.3128466 0.4267424 0.2324687 0.2942097 0.2821694 0.2333401 0.3851744 0.1741856 0.3647349 0.0234810 -0.0895660 -0.2251044 -0.1853993 -0.3696594 -0.5000511 0.0368815 -0.4450525 0.0022795 -0.5663350 -0.2427921 -0.5181056 -0.1700890 -0.2910204 -0.2232176 -0.4037077 -0.3230799 -0.2888251 -0.0615029 -0.1000127 -0.3862503 -0.3412202 -0.1508429 -0.2915603 -0.0711152 -0.1583180 -0.0927227 -0.1467229 -0.0567295 -0.2934098 -0.1872594 -0.0859629 -0.4308098 -0.3217040 -0.2883863 -0.2938735 -0.2261790 -0.2862478 -0.3586597 -0.3538535 -0.3347479 -0.2628312 -0.0680902 -0.3033646 -0.1230053 -0.0171714 -0.2451736 -0.0422161 -0.0092464 0.0472829 -0.0173309 0.0434908 0.0706870 -0.0604530 -0.2331069 0.0926708 0.0758291 0.0157810 -0.0459548 -0.1248109 -0.1346276 -0.0137406 -0.0802149 -0.1128680 -0.2771239 -0.0106134 -0.1702540 0.0813805 -0.2295307 -0.0788706 -0.0622187 -0.0796792 -0.1970470 -0.0064479 0.0896854 -0.3958499 -0.3862423 -0.0973834 -0.0269486 -0.0335360 -0.2627863 0.0793397 -0.1328569 -0.1284088 -0.2667660 -0.2456573 -0.0036706 0.0411681 -0.0437356 -0.0987780 0.1944784 0.3322279 0.3401228 0.2285448 0.0168758 0.2242909 0.3020078 0.1560848 0.1951981 0.3673944 -0.0901125 -0.2608825 -0.3660367 0.1202803 0.3875082 0.2374828 0.2814715 0.3218650 0.3247705 -0.1017443 0.0266994 -0.1520015 -0.1159728 -0.0911167 -0.0858884 0.1747310 0.0120615 0.3018101 -0.0439136 -0.3789071 -0.3754604 -0.1925669 -0.2032402 -0.0618305 0.1238503 0.1804287 -0.2646167 -0.1979702 -0.1596380 -0.2634870 -0.0424516 -0.0565823 0.0749612 0.2606939 0.0320572 0.4978805 0.4389319
-0.0992355 0.4073359 -0.2139955 0.5046487 -0.3664677 0.5730576 0.7474614 0.4407972 0.7165938 0.6175739 0.5033410 0.7971521 -0.0482383 0.4050348 0.0000000 0.4425006 0.4776137 0.3551028 0.4744336 -0.3254608 0.6034643 0.1122846 0.3268462 0.6484121 0.4174811 0.3357249 0.2260385 0.3578480 0.4569567 0.1435671 -0.1120297 0.1516292 0.5576997 0.7494738 0.4523581 0.2797333 0.2929447 0.5334878 0.0714858 0.3232433 0.1318388 0.3315684 0.4474683 0.2920493 0.4296369 0.5114036 0.4719856 0.3549403 0.6175081 0.4774959 0.4858725 0.3612290 0.6056430 0.3385419 0.0053880 0.3326956 0.4572528 0.3586316 -0.1491160 0.4413053 0.2573213 0.3739797 0.0629489 0.5306527 0.1783384 0.4244256 0.5135891 0.4233017 0.4367422 0.5593645 0.4645112 0.3310452 0.5689840 0.0179014 0.5737375 0.6303371 0.4140445 0.4806783 0.5352224 0.4720016 -0.0696053 0.3896503 0.2769301 0.0049719 0.2001086 -0.1854452 0.1360612 0.2327207 -0.1369132 0.4619238 -0.2298002 -0.0167732 -0.0366727 0.0222893 -0.0229027 -0.0625499 0.0021869 0.0563436 -0.1371569 0.3660186 -0.1059148 0.1733367 0.0767582 0.0278869 0.3488918 0.1321889 0.3773239 0.3511253 0.4907066 0.3450688 0.0010840 0.4694629 0.4161075 0.2563497 0.2659291 0.2510524 0.2572270 0.3672015 0.3765084 0.2602522 0.3489764 0.2164509 -0.3178171 0.4288020 0.2082796 0.3090260 0.3181682 -0.1024237 0.4407160 0.4871300 0.5191015 0.0441574 0.2906775 -0.0811026 -0.1479210 0.0683556 0.4142909 0.4936604 0.2692579 0.0976682 0.0265807 0.0028525 -0.3235595 -0.1556739 0.1487464 0.1936966 0.3202586 -0.1048072 0.1612307 -0.1652416 0.0080616 -0.0609778 0.3215348 0.1741796 -0.1059364 -0.2203869 -0.2167121 -0.3369111 -0.1069535 0.2357525 -0.1524578 0.0640053 0.0370935 0.2277492 0.2231368 -0.2326228 0.1761400 0.1772674 0.1769794 0.1914538 0.0407768 0.2107202 0.4691562 0.5560697 0.4283935 0.5004380 0.5641829 -0.3860071 0.3359693 0.0971974 -0.1914284 -0.0651409 -0.0383967 -0.1533104 -0.3276155 -0.1109247 -0.2695170 -0.2257600 -0.2259781 -0.2012552 0.5172870 -0.4283849 -0.4140047 0.4531567 0.4284657 0.3640247 0.3613744 0.3929591 -0.0410322 0.3193321 -0.4474686 -0.3849829 0.3980306 0.2700842 -0.2545838 0.0569434 0.3335939 0.2066197 -0.1792903 -0.1368022 0.1682858 -0.1757735 -0.1978740 0.3219173 0.4107727 -0.1798002 0.0745567 -0.0703352
-0.0668130 0.7231519 -0.1791070 0.7254358 -0.4645011 0.7902284 0.4768380 0.7815262 0.7324366 0.7915843 0.9632459 0.6680624 0.0809147 0.1291068 0.4425006 0.0000000 0.8379057 0.2739797 0.8926688 -0.3384197 0.1706697 0.6534200 0.9089047 0.4397375 0.8798146 0.8985009 0.6653480 0.2547581 0.0790724 0.4839931 0.3056407 0.3639237 0.2399822 0.7463690 0.8874607 -0.3008759 0.6955931 0.6872431 0.3963103 0.3517750 0.3976801 -0.0568716 0.8797476 0.3610013 0.7490410 0.7011661 0.8180176 0.3848399 0.8526462 0.5687251 0.9189549 0.8545117 0.8143517 0.8276134 -0.3733849 0.0778114 0.5168856 0.9002307 -0.1782216 0.9037781 0.6005548 0.9229288 -0.2996315 0.8688544 0.4000040 0.5273131 0.8852072 0.9551082 0.2199392 0.9274279 0.6346150 0.4178877 0.9282775 -0.0182389 0.8696178 0.8874185 0.1426179 0.7598574 0.8674524 0.1867889 0.1073786 0.3726161 0.4792777 0.3962951 0.3350316 0.2928501 0.1429361 -0.3011500 0.2152115 -0.0200255 0.1821792 0.0513522 -0.0275500 -0.1392477 0.3446867 0.2808476 0.2491980 -0.0002178 0.2284722 0.1577645 -0.2654251 0.1709826 0.2573743 0.3529327 0.3516290 0.5454356 0.4957733 0.5958737 0.3554905 0.3964769 -0.2292566 0.4096833 0.0452430 0.3275893 0.4483522 0.0105366 0.5805784 0.3923354 0.2003081 0.4669375 0.5792762 0.4778209 -0.2395348 0.3365539 0.1353401 -0.2841488 0.6119434 -0.2185515 0.2915232 0.5797817 0.6061108 -0.0498610 0.6816250 0.0030393 0.1305959 -0.0645765 0.6301511 0.5083709 0.4010121 0.2645367 0.0580682 0.1910924 -0.0451631 -0.2451401 -0.0294864 0.0236889 0.4935261 0.1419347 0.3091176 0.0637263 0.0232681 -0.1523930 0.4430727 0.2362428 0.0129235 0.0320502 -0.0863950 -0.2465546 0.1018830 0.0684508 -0.0267443 0.1354792 0.3278150 0.1779855 0.3210327 0.0344810 0.3762991 0.3275368 0.4709642 0.2673481 0.2678232 0.3493212 0.3023429 0.1188066 0.2594149 0.3953455 0.3421093 -0.4069369 -0.2672046 -0.3329890 -0.0694959 -0.2911347 -0.5067279 -0.4255221 -0.2917925 -0.1507597 -0.2444450 -0.3147341 -0.2081460 -0.1054846 0.1163261 -0.1477279 0.0451569 -0.0482247 -0.1806787 -0.3008224 -0.1980447 0.4888905 -0.1311101 -0.1909961 -0.3984038 -0.1982252 0.2012897 -0.1058309 -0.5686994 0.2714369 0.3206066 -0.2969609 -0.2061176 0.0138188 -0.0001400 -0.0967136 -0.3903252 0.1699819 0.1124205 0.0894285 0.0100647 -0.1744861
0.3249235 0.8578010 0.1420881 0.5958694 -0.1919815 0.6880323 0.5448491 0.7188824 0.7407947 0.8545445 0.9104441 0.7005834 0.2647931 0.5094006 0.4776137 0.8379057 0.0000000 0.5125310 0.7860526 -0.1723931 0.0594378 0.5478886 0.8668632 0.6066160 0.7512467 0.8094270 0.5869924 0.3965807 0.2304398 0.4832387 0.2752923 0.4240691 0.2266821 0.6797878 0.7698698 -0.3116741 0.6902768 0.6728641 0.5519804 0.4956261 0.2388933 -0.0221672 0.7973814 0.3792059 0.7711313 0.7451200 0.7489878 0.4088853 0.7022075 0.6944385 0.7908735 0.8170709 0.6911210 0.7981809 -0.1288263 0.2259954 0.5619414 0.7970622 0.0601724 0.8139984 0.6684660 0.8153792 -0.1061580 0.7595073 0.5756752 0.5928878 0.8034423 0.8653067 0.3384205 0.7419302 0.6607007 0.4668620 0.8590230 0.1585908 0.8070654 0.7709581 0.2150848 0.7686987 0.8712521 0.2463114 0.3749124 0.2541313 0.2963058 0.1683599 0.0876062 0.0593771 -0.2057137 -0.4078539 -0.0363135 -0.1886234 -0.0745526 0.1035251 -0.1131897 -0.3454830 0.0704067 0.1566723 0.1845068 -0.0445879 -0.0284503 -0.0468235 -0.3101749 -0.0644331 0.0300583 0.1549596 0.1508602 0.3383806 0.2604878 0.3468030 0.2627203 0.1783679 -0.3283878 0.2062818 -0.1631325 -0.0165470 0.1290843 -0.2005252 0.2862151 0.0732854 -0.0551558 0.1863913 0.2593183 0.1657286 -0.1575742 0.0957685 -0.2238735 -0.2787669 0.5098677 -0.2533703 0.1576255 0.3730043 0.3960399 -0.1496458 0.5194383 -0.0006966 -0.0964133 -0.2048181 0.4090655 0.3380738 0.2363250 0.0796457 -0.1610924 -0.0021767 0.0215965 -0.0175158 -0.0437184 -0.1107738 0.2853371 -0.0617922 0.1478605 -0.1761465 -0.1151909 0.0506309 0.2161225 0.0157474 -0.1193909 0.2658969 -0.1609083 -0.3230384 0.0289299 0.0243610 -0.1308935 -0.1270496 0.3751269 0.1811017 0.0781912 0.0408560 0.1969816 0.1450057 0.2858656 0.0638959 0.0457256 0.1927426 0.3878628 0.1176078 0.3447899 0.2562193 0.3202903 -0.1609819 -0.0477292 0.0043742 0.1708375 -0.1284738 -0.3973551 -0.4275153 -0.0623375 0.0621977 -0.0902774 -0.1624387 -0.0069876 0.1561547 0.0045571 0.0177180 0.1084986 -0.1225986 -0.2051066 -0.2713846 -0.0337207 0.4226884 0.1510220 -0.1742868 -0.5550477 -0.2172738 0.0320904 -0.3170410 -0.5925667 0.1045077 0.3235352 -0.3465344 -0.3955440 0.1408266 -0.1022068 -0.1472878 -0.2978372 0.1047477 0.1587345 -0.0560203 0.2801574 0.0564547
