0.0000000 0.2744361 0.4109049 0.1641699 0.0953536 0.1976637 0.4763381 -0.0824532 -0.0135906 0.1148109 -0.1143620 0.3082334 -0.2309306 0.1022548 -0.1273537 -0.4308502 -0.2715920 -0.0618761 -0.2996349 -0.2883105 0.2838988 -0.2538673 -0.5595440 0.4084147 -0.3257029 -0.3958955 -0.4063425 0.2912056 -0.1061529 0.0318938 -0.2730628 -0.2482129 0.3326210 0.3489308 -0.3150307 -0.3368067 -0.1569796 -0.2989238 -0.0732380 0.0310063 -0.3757096 -0.2545214 -0.2908648 0.1753192 -0.2473573 -0.2356685 -0.2078275 -0.2962211 0.1796901 -0.0692940 -0.2563217 -0.1442280 0.2565285 -0.0924795 -0.1878440 -0.1313667 -0.1424744 -0.1328229 0.3803848 -0.1387164 -0.1147401 -0.1001524 -0.1107616 0.1840143 0.2599374 -0.1673746 -0.1074908 -0.1595841 -0.2555273 -0.0934388 -0.1989061 0.3592379 -0.1306651 0.3082326 -0.3187752 0.0023053 0.3726263 -0.2355567 0.0246265 0.2788040 -0.2980125 -0.1586158 -0.0987381 -0.0389391 -0.0843082 0.0109116 -0.3172081 -0.1763297 -0.0992353 -0.1965152 -0.2393799 -0.3158491 -0.2376378 -0.2152197 -0.2893468 -0.3108126 -0.2184757 -0.3110528 -0.3900587 -0.3033064 -0.3929040 -0.2425692 -0.1900823 -0.2902079 -0.2422747 -0.4181216 -0.1784141 -0.2750596 -0.1916221 -0.1194456 -0.2632604 -0.2598562 -0.0572794 -0.1900235 -0.1521770 -0.1839171 -0.0901486 -0.2902250 -0.0893808 -0.4327738 -0.3834849 -0.2157368 -0.3827648 -0.2266859 0.0923832 0.1566116 -0.4603013 -0.4148444 0.2646407 -0.4296854 -0.1663018 -0.4338229 -0.3797287 -0.2042642 -0.4488363 -0.4619492 -0.3246347 0.1954145 -0.2947146 0.2947335 -0.4810815 -0.1114367 -0.3395467 -0.2657256 -0.0739372 -0.4013386 -0.5346230 -0.6218762 -0.3942180 -0.2402114 -0.0029507 -0.3977445 -0.4620169 -0.3856628 -0.5794815 -0.4106518 -0.4536200 -0.5720556 -0.3517984 -0.3401433 -0.4948796 -0.3926787 -0.4083512 -0.4529138 -0.5113968 -0.5726416 -0.4818414 -0.3639358 -0.4326375 -0.3737018 -0.4527544 -0.4377818 -0.1081087 0.5436535 0.3294211 0.5057678 0.4190253 0.5413331 0.2433106 -0.0288384 0.0918226 -0.3810037 -0.3351578 -0.5084553 0.2691831 0.1145509 0.5086657 0.4246060 0.3742194 0.3790201 -0.1739091 0.4512287 0.3384569 0.1585528 0.2121117 0.2953298 0.0674320 0.2762168 -0.0709793 0.2069345 -0.2133562 0.0478485 -0.2477576 -0.0266028 -0.2267570 -0.2085577 0.2004134 -0.0347894 -0.0240944 -0.0486411 -0.1484134 0.3904751 0.0576682 0.2601050 0.3782069 0.1214769 -0.3365627 -0.3844018
0.2744361 0.0000000 0.4779326 0.6018704 0.0391861 0.7729448 0.7262797 0.2484556 0.5767414 0.8686678 0.5073690 0.7346539 0.1450184 0.6897875 0.0080712 -0.0799932 0.5009763 -0.1052273 -0.4224267 0.2114465 0.4721622 -0.3081784 -0.1867446 0.4678219 -0.4913660 -0.3377843 0.2065807 0.5637437 0.4894112 0.4805265 -0.3314849 -0.3963320 0.4439022 0.6969564 -0.2287712 -0.0859477 -0.2792334 -0.3613361 0.2835458 0.3781946 -0.3003814 0.1512648 -0.1038127 0.6884424 0.3943841 -0.3978754 -0.3284905 -0.2685253 0.6159277 -0.2585056 -0.3457929 -0.1159096 0.5917457 -0.0088034 -0.2107185 -0.2826473 -0.3115528 0.4516258 0.7629199 -0.3198888 0.5015344 -0.3679102 -0.0579726 0.6122103 0.3501849 -0.2964862 -0.3797050 -0.1953914 -0.2429710 0.3292066 -0.4043018 0.5787280 -0.3667703 0.5582963 -0.4891359 0.1167784 0.5324681 -0.5559961 -0.2154314 0.0748410 -0.7768417 -0.4054536 -0.5233764 -0.3776011 -0.3339887 -0.5476275 -0.6685100 -0.1768674 -0.5646993 -0.6512464 -0.6342290 -0.5307592 -0.4439813 0.1129785 -0.6132722 -0.5753125 -0.4870905 -0.5187993 -0.7392398 0.4065790 -0.7329878 -0.5155632 -0.4341892 0.0634513 -0.6275631 -0.6885106 -0.3390856 -0.3726528 -0.4976601 -0.2123502 -0.6725143 -0.5573575 0.1680069 -0.1548756 0.0092525 -0.0070022 0.0213246 -0.0154332 0.0984271 -0.3642689 -0.2617252 -0.0721974 -0.4895473 -0.0033974 -0.1222137 0.1236648 -0.4390177 -0.4177917 0.2320064 -0.4782092 -0.4540967 -0.5753400 -0.6911877 -0.3251486 -0.7387884 -0.5540878 -0.4617435 0.1284641 -0.3360009 0.2166903 -0.5504631 -0.1383058 -0.5948248 -0.1565713 -0.1141058 -0.3482069 -0.5807899 -0.5747899 -0.5103009 -0.4065621 0.0174786 -0.4093085 -0.7205989 -0.4704198 -0.5909771 -0.5128826 -0.5515911 -0.6277397 -0.4554364 -0.5051004 -0.5368264 -0.6420488 -0.5175312 -0.5614102 -0.6386430 -0.6085486 -0.4760510 -0.4032280 -0.3712164 -0.5396924 -0.5055359 -0.4405082 0.2166986 0.4447142 0.6664335 0.5047371 0.1374243 0.0504023 -0.0821715 -0.2835622 0.0425086 -0.2980581 0.0584304 -0.2196465 0.7369872 -0.0623241 0.6483536 0.2240078 0.5742687 0.3522546 -0.2635272 0.1804153 0.0948669 -0.2636826 -0.0290480 0.0168472 0.2516181 -0.0188210 -0.5094860 0.2849316 0.0918847 0.0022587 0.0147363 0.3541088 -0.1418924 -0.4717266 0.2621508 0.1018103 0.2148593 -0.3760188 -0.2614221 0.0448286 -0.3754171 0.0449082 0.1755219 0.0992671 0.0869567 0.1466990
0.4109049 0.4779326 0.0000000 0.7150017 0.7072175 0.5076986 0.4677299 0.6475804 0.1833119 0.2700482 0.3696581 0.4608571 0.6058458 0.0821906 0.0172935 0.0313293 -0.0342135 0.1798296 0.0235812 0.1449108 0.4413879 0.1568740 -0.1139873 -0.1674776 0.0363324 -0.0370884 -0.2410826 -0.0057457 -0.0478188 -0.2132947 0.1414552 0.1573173 -0.1486315 0.1083687 0.0202671 -0.1094408 0.1663470 0.1565936 -0.0027095 0.0285910 0.1135453 -0.2463874 0.0888105 -0.0068675 -0.2560484 0.1633283 -0.0260729 0.1709221 0.0094424 0.1444596 -0.0193670 0.0652551 0.4160947 0.0875474 0.3951463 0.2419545 0.1024440 0.0320911 0.3385924 0.0666585 0.3253081 0.1465246 0.5535010 0.5409613 0.5608396 0.1024652 0.0367626 0.2451448 0.1849406 0.6122703 -0.0220657 0.6154508 0.0665419 0.7321633 -0.0146252 0.6491450 0.5516792 -0.0929582 0.4565367 0.6567936 -0.2784680 -0.1926837 -0.0701438 -0.1261490 -0.0555778 -0.0635795 -0.0029369 -0.3310003 -0.0904574 -0.1603872 -0.0080607 -0.0407762 -0.1664253 -0.4428771 -0.0464670 -0.0359753 -0.1572195 -0.3273329 -0.1001051 -0.2388856 -0.1977570 -0.1974625 -0.2466108 -0.3108996 0.0166235 -0.1485229 -0.1971374 -0.3140937 0.0952907 -0.2676456 -0.0310117 -0.1246949 -0.2021371 -0.3416246 -0.3288313 -0.3824903 -0.3066459 -0.4997749 -0.3377474 -0.4532351 -0.6476527 -0.4797251 -0.2038451 -0.4075822 -0.0281816 0.1216966 -0.6027493 -0.3231168 0.2552792 -0.5269535 -0.3292007 -0.4294066 -0.3725406 -0.0805045 -0.4397042 -0.4261248 -0.3064281 0.2691538 0.0268617 0.2648082 -0.4749066 0.1195268 -0.2666262 0.0101415 -0.0329538 -0.4184048 -0.2641001 -0.3403549 -0.2748827 0.0356739 0.2612827 -0.1080871 -0.3512621 -0.4255739 -0.4221706 -0.1346522 -0.1929374 -0.4205522 -0.2210858 0.0163901 -0.3430426 -0.3124433 -0.2374648 -0.1685313 -0.4136487 -0.4251644 -0.4127392 -0.2292587 -0.1803037 -0.2586374 -0.3167432 -0.2315715 -0.0478469 -0.0497086 0.3301518 0.5349360 0.4938998 0.1326516 0.3151677 -0.1550874 0.0295565 -0.4187281 -0.3961851 -0.6049487 0.1366113 0.5727904 0.6451044 0.7509037 0.4335255 0.1677607 -0.0445762 0.2851888 -0.0244133 0.1144965 0.1111037 -0.0308046 0.1489454 -0.1805580 -0.0644020 0.1602075 -0.3623032 -0.2322411 -0.0521792 -0.2723770 -0.2338910 -0.3174188 0.2761191 -0.2456876 -0.2105917 -0.3394259 -0.1446662 -0.1304338 -0.0942700 0.1353994 0.5321790 -0.0593994 -0.5881557 -0.5307393
0.1641699 0.6018704 0.7150017 0.0000000 0.3282031 0.8796072 0.5782840 0.7209233 0.3872861 0.5356775 0.5462633 0.5928676 0.4616731 0.2891018 -0.1261597 0.0469084 0.1819734 -0.1285035 -0.0591887 -0.0881103 0.4953569 -0.0258560 -0.0858389 -0.0711114 -0.1149643 -0.0388956 0.0318155 0.2063776 0.1196194 0.0762490 -0.1558546 0.0385522 -0.0384177 0.3295910 -0.0298317 -0.0606742 0.1514278 -0.0688779 -0.0523964 0.0507918 -0.1124436 -0.0978645 -0.1940181 0.2349387 -0.0239371 -0.0361905 -0.0947926 -0.0755439 0.3025568 -0.1888835 -0.1570646 -0.2987779 0.7238553 -0.1553003 0.0873640 -0.0237328 0.0179454 0.2289276 0.2885157 -0.1370355 0.4131246 -0.2154445 0.1290322 0.7860010 0.7181845 -0.0174739 -0.1762401 -0.0273078 -0.0897721 0.6736909 -0.1868984 0.7827391 -0.1599908 0.7273180 -0.2408890 0.5476901 0.6384611 -0.2697548 0.2754855 0.3758014 -0.5046178 -0.3433719 -0.3256257 -0.1722096 -0.1231977 -0.2943595 -0.3217213 -0.1698104 -0.2205085 -0.3588485 -0.2402463 -0.2437378 -0.3022544 -0.2826788 -0.2366678 -0.2164245 -0.3307358 -0.4156387 -0.2619759 -0.0011533 -0.3819281 -0.3420590 -0.2418202 -0.0696856 -0.2497823 -0.3541619 -0.1791440 -0.1839086 -0.2612335 -0.1273856 -0.3028820 -0.2782311 -0.2240035 -0.1591991 -0.1614128 -0.3083617 -0.1259148 -0.3086966 -0.1458666 -0.4748811 -0.4161310 -0.2409416 -0.2829282 -0.1881438 -0.1398834 0.0183337 -0.4487124 -0.2847702 0.1741377 -0.3558418 -0.2252046 -0.4382154 -0.2921116 0.0363944 -0.4283159 -0.2805127 -0.1410736 0.2514875 0.1178449 0.2700777 -0.4169795 0.1257215 -0.4862473 0.0113964 0.1092745 -0.1784165 -0.1496014 -0.2058079 -0.4557063 -0.0327259 0.2229642 -0.1556134 -0.3451101 -0.3839694 -0.4373701 -0.2727528 -0.4390467 -0.3716595 -0.4390419 -0.2783417 -0.4586248 -0.4306908 -0.2987347 -0.3873872 -0.4849001 -0.4300334 -0.3755124 -0.3963082 -0.2926301 -0.4127481 -0.4074949 -0.4038182 -0.1066838 -0.2193758 0.3897867 0.5327853 0.3288460 0.0198531 0.0937473 -0.3225279 -0.0387756 -0.5052425 -0.3987908 -0.5931280 0.1086763 0.2920722 0.5189311 0.5284020 0.5147396 0.2345016 -0.3073377 0.2456427 -0.0330126 -0.2664087 -0.1271012 -0.1590600 0.1503029 -0.1207589 -0.3101902 0.1089365 -0.1545483 0.0491326 0.1634998 0.1856879 -0.3357399 -0.4251744 0.3120004 -0.0582105 -0.0200945 -0.2350732 0.0834927 -0.0140266 -0.4405357 0.1185032 0.5010004 -0.0223607 -0.2699644 -0.1119743
0.0953536 0.0391861 0.7072175 0.3282031 0.0000000 0.0552049 0.0815241 0.6322222 -0.0767108 -0.1052910 0.3398632 -0.0886208 0.6676698 -0.3221949 0.0852445 0.3695424 -0.0723933 0.2630438 0.3816751 0.1121023 -0.1365197 0.4407157 0.2823054 -0.5026417 0.3867372 0.2525211 -0.1297594 -0.4556940 -0.1879448 -0.4813472 0.4865702 0.4150612 -0.5194837 -0.3183918 0.3394187 0.0911884 0.3043679 0.4387929 0.0766224 0.0626200 0.3464750 -0.1308818 0.5182046 -0.3903160 -0.2159347 0.4305728 0.2324453 0.3539071 -0.4575099 0.2858105 0.3094605 0.4261782 -0.0930459 0.2881773 0.5070209 0.3878181 0.2740537 -0.2730985 0.0843264 0.2743484 0.2675685 0.4262551 0.6087463 0.1048514 0.3020034 0.2141028 0.2413952 0.3858045 0.3987950 0.3036750 0.1883329 0.1443299 0.2792728 0.3564530 0.3218429 0.4430833 0.1302355 0.1944778 0.3909479 0.4292019 0.2074118 0.4101025 0.4499990 0.3345673 0.4324145 0.3920990 0.4138022 -0.2563651 0.3060191 0.3052262 0.4191813 0.4590185 0.3892872 -0.3969229 0.3443837 0.3910621 0.3951224 0.2905935 0.3226244 -0.2121070 0.3232656 0.3926145 0.3146860 -0.0644752 0.4104231 0.2722380 0.2722116 0.2319411 0.2461286 0.1939297 0.3184769 0.3169503 -0.0203124 0.0560624 -0.0073424 -0.0866654 -0.0084599 -0.2181901 -0.1266673 -0.3163739 -0.2690328 -0.1561069 0.3195193 -0.2610067 -0.3581811 -0.3774229 -0.0776076 0.1789074 -0.3078938 -0.0210285 -0.1795716 0.0889989 0.0211596 0.0909389 0.0200752 0.0310626 -0.1834110 -0.2176327 -0.0613316 -0.2415173 0.0169983 -0.1999445 0.2575704 -0.1110532 -0.2615842 -0.0391290 -0.0432359 -0.0152126 0.2694909 -0.0091903 -0.0867367 -0.0506489 -0.0515995 0.1129432 0.1899517 0.0513773 0.3113929 -0.0934212 0.2804895 0.1134676 0.2739670 -0.1045938 0.0326646 0.2948287 0.1445701 -0.1495040 0.1065597 0.3153578 0.2549818 -0.0001665 0.1897944 0.2996405 0.1125162 -0.2497592 0.0416538 0.1178745 0.1574855 -0.1397592 0.1593797 0.0623506 0.0211090 0.0294652 -0.0692662 -0.1766494 -0.0858044 0.7013211 0.2851626 0.5164562 0.0692510 -0.0764799 -0.0433973 -0.0245586 -0.1827962 -0.0873073 -0.2886126 -0.4631325 -0.3897419 -0.3118186 0.1875482 -0.4249107 -0.6020154 -0.2190545 -0.0316703 -0.3860261 0.2398522 0.1792298 -0.3011708 -0.3615776 -0.4035622 -0.1826323 0.0134114 -0.3771965 0.2830389 0.2182625 0.2351723 0.1174751 -0.6279248 -0.6503231
0.1976637 0.7729448 0.5076986 0.8796072 0.0552049 0.0000000 0.7668533 0.3821983 0.6505941 0.7388837 0.3943164 0.7807356 0.1520096 0.6183280 -0.0033774 -0.2479035 0.3893501 -0.1268820 -0.4237778 -0.1618000 0.5356675 -0.3845392 -0.3344737 0.3175628 -0.4708170 -0.3621165 0.0755577 0.5095430 0.2835907 0.3467098 -0.4761848 -0.3312206 0.3080470 0.6061667 -0.3549357 -0.0268501 -0.2001448 -0.4291077 0.0796209 0.1546133 -0.4156514 -0.0343247 -0.3793197 0.5576362 0.1763418 -0.4031181 -0.4316671 -0.4054767 0.6234570 -0.4881102 -0.5060084 -0.4024366 0.8299861 -0.1778280 -0.2610027 -0.3792095 -0.3423443 0.4116914 0.4622955 -0.4928174 0.4004766 -0.5325784 -0.1684230 0.8648488 0.7362201 -0.3624949 -0.5179820 -0.2935298 -0.4085134 0.5137512 -0.5235053 0.8211073 -0.4975683 0.7111956 -0.5745125 0.2663276 0.7154378 -0.5939025 -0.0656826 0.2175723 -0.6829947 -0.3995024 -0.5021547 -0.2849061 -0.1821572 -0.5069803 -0.5942353 0.0280565 -0.4376896 -0.5485839 -0.5664835 -0.5348246 -0.4464951 -0.0313239 -0.5170011 -0.5328223 -0.5345794 -0.5221029 -0.5516704 0.2948193 -0.5857862 -0.5071166 -0.3785940 -0.0770967 -0.5831468 -0.6461197 -0.3168255 -0.2419422 -0.5224292 -0.1664794 -0.6101566 -0.4817753 -0.1669381 -0.1956097 -0.1137687 -0.2674915 -0.0989237 -0.2025525 -0.0591251 -0.4738612 -0.3502704 -0.1713950 -0.4090561 -0.0338246 -0.1374071 -0.0120679 -0.4549553 -0.3500709 0.1587761 -0.3467786 -0.2646672 -0.5389519 -0.4174820 0.0589747 -0.5552071 -0.3364377 -0.1214956 0.2471498 -0.0028834 0.3450358 -0.4667214 0.0895893 -0.6722388 0.0232546 0.1779050 -0.1535556 -0.2387669 -0.2735088 -0.6026790 -0.1589700 0.1766474 -0.2049791 -0.4263288 -0.4421203 -0.5568466 -0.4175194 -0.6491908 -0.4236197 -0.5865824 -0.5118447 -0.5618586 -0.4858300 -0.3634945 -0.5879037 -0.5946027 -0.5208906 -0.4392910 -0.4887592 -0.3557398 -0.4855825 -0.5199981 -0.5298601 0.1217742 0.0963530 0.6708050 0.6571766 0.3705061 0.1709465 0.1334643 -0.1428513 0.2013153 -0.3212434 -0.2457406 -0.3974772 0.3454718 0.1328296 0.6053876 0.4361249 0.6762211 0.4709203 -0.4043749 0.3621163 0.2175423 -0.3440147 -0.1582357 -0.0605599 0.1569716 0.1144439 -0.3713177 0.1530261 0.0692453 0.1178145 0.0802357 0.3777859 -0.2805551 -0.4341688 0.2954790 0.1496666 0.1565936 -0.0929756 -0.0934755 0.2215458 -0.4343614 0.1692660 0.4464306 0.1859480 0.0637237 0.2337167
0.4763381 0.7262797 0.4677299 0.5782840 0.0815241 0.7668533 0.0000000 0.0718883 0.5001186 0.4584814 0.0990193 0.7406202 -0.1371852 0.5195341 -0.0366445 -0.4294011 0.1327962 -0.0514410 -0.5474186 -0.2142760 0.2919211 -0.5724151 -0.4516182 0.5942174 -0.5884895 -0.4179069 -0.1566959 0.4610148 0.0216312 0.2093897 -0.5675518 -0.4210337 0.5084090 0.6577478 -0.3551737 -0.2355231 -0.2675007 -0.5600154 -0.0024950 0.0428520 -0.5478778 -0.2219257 -0.3844379 0.4530281 0.0626846 -0.4543107 -0.3615543 -0.5423610 0.5535296 -0.5390919 -0.4700424 -0.3929976 0.6023742 -0.4204691 -0.4242490 -0.4583205 -0.3779915 0.0093852 0.5760927 -0.5571856 0.0725073 -0.6078131 -0.2603308 0.6979445 0.5658734 -0.4221555 -0.6040120 -0.5796853 -0.5162292 0.1081254 -0.6108802 0.7223895 -0.6339262 0.6369591 -0.6128519 -0.0917334 0.6758797 -0.6659332 -0.3510539 0.1343945 -0.7202090 -0.1114429 -0.1912341 -0.0009281 0.0912862 -0.1910148 -0.4423723 0.2270749 -0.1873655 -0.2960664 -0.4121902 -0.3716446 -0.1914924 0.0350131 -0.3326908 -0.3878262 -0.3173783 -0.2890443 -0.5144448 0.2264291 -0.5251330 -0.2344733 -0.1125150 -0.2618117 -0.4335321 -0.5967741 -0.0725614 -0.0243428 -0.4198880 0.0862802 -0.4693613 -0.2658347 0.2099560 0.0429383 0.1545144 0.0931032 0.1818080 0.0444731 0.2709219 -0.3768079 -0.1174181 0.0738677 -0.3505849 0.3162087 -0.0689894 -0.1344088 -0.3000308 -0.2403664 -0.0068312 -0.2513764 -0.2454843 -0.4323906 -0.5215634 -0.0605030 -0.5027255 -0.3041773 -0.2934564 0.0644207 -0.2483523 0.1626199 -0.3978475 -0.0662806 -0.5526877 -0.1806482 -0.0322145 -0.0949829 -0.3870377 -0.4246114 -0.5104650 -0.3286948 -0.0491836 -0.3697704 -0.4883372 -0.3539037 -0.5330728 -0.5600880 -0.5961466 -0.4989102 -0.5101180 -0.5658485 -0.5089764 -0.5011660 -0.4386773 -0.5074152 -0.5827347 -0.5939398 -0.3533539 -0.3964028 -0.3062165 -0.3985390 -0.4858529 -0.4940523 0.2706415 0.3486927 0.7808720 0.7475642 0.3609725 0.3398596 0.1071603 -0.0081803 0.3159723 -0.2455892 -0.2115744 -0.3174841 0.5899422 0.0010603 0.8029249 0.4408964 0.8035688 0.6299821 -0.3470390 0.4101793 0.3551335 -0.2635266 -0.1944377 -0.1189490 -0.0231448 0.1779525 -0.3219635 -0.0086674 -0.0327839 0.1581776 0.0112111 0.4025034 0.0303359 -0.3986282 0.0921153 0.1083236 0.0224342 -0.1054804 -0.1806456 0.2468556 -0.2434584 0.1493293 0.2240643 0.1941116 -0.1636519 0.0678867
-0.0824532 0.2484556 0.6475804 0.7209233 0.6322222 0.3821983 0.0718883 0.0000000 -0.1033421 0.2199124 0.7535806 -0.0025324 0.8799917 -0.2566162 -0.2758751 0.6350158 0.0036017 -0.1493269 0.5868543 0.3050735 0.0722328 0.6455055 0.4943777 -0.6007773 0.5270881 0.5207388 0.1464931 -0.3165917 0.0862090 -0.2739694 0.5445167 0.6096500 -0.5664574 -0.1550059 0.5320502 0.1132462 0.5996444 0.5873032 -0.0793180 0.0435825 0.5048856 0.1416683 0.3499961 -0.2760253 0.0224522 0.5537674 0.4569709 0.5483423 -0.2987282 0.4010136 0.4641373 0.1539088 0.2066115 0.1277152 0.6081127 0.5398465 0.5409837 -0.0059238 0.1558940 0.4740472 0.5899594 0.3907326 0.5804944 0.2607673 0.2642538 0.4946969 0.4101284 0.4885853 0.5430095 0.6501989 0.4089912 0.2659851 0.4353872 0.3531456 0.4209923 0.6992162 0.1477329 0.3358196 0.5532216 0.2783146 -0.0361236 0.0635767 0.1075378 0.1116969 0.1089100 0.1163287 0.1653483 -0.3711475 0.1478877 0.0633906 0.3030464 0.3252883 0.1522062 -0.2488927 0.2132581 0.3075350 0.2149341 0.0715442 0.1867235 -0.1018081 0.1067261 0.1307689 0.1173172 0.3288791 0.2831173 0.2020053 0.2217750 0.0641566 0.1276331 0.1307793 0.1696589 0.1356794 -0.0716515 0.1266417 0.0460451 -0.0919587 0.0729521 -0.1142702 -0.0749346 -0.2998164 -0.1799811 -0.0419150 0.1378058 -0.3202614 -0.3053596 -0.1660176 -0.0655866 0.0803659 -0.0602993 -0.0923308 -0.1437478 0.0293602 -0.0076639 -0.0685501 -0.0324200 -0.0542316 -0.2548250 -0.0512621 0.0327798 -0.1889089 -0.0164492 -0.1220207 0.0991657 -0.1844659 -0.2469427 -0.1008181 -0.0333496 -0.0434322 0.1114804 -0.0157694 -0.0092945 -0.1054418 -0.1234021 0.0081805 0.0904111 0.0154454 0.1386400 -0.1214364 0.0710369 -0.0061928 0.0811069 -0.2298588 -0.0626753 0.0850603 0.0219516 -0.1040122 0.0054742 0.0688633 0.0085367 -0.2047134 0.0694955 0.0831918 -0.2302534 -0.4948704 -0.1641115 -0.0453725 -0.1270007 -0.3358475 -0.2163820 -0.4359639 -0.3615538 -0.3320284 -0.0522400 -0.3436711 -0.0544343 0.4325710 0.1536231 0.2638271 -0.0352451 -0.3213898 -0.1520461 -0.2545909 -0.5143597 -0.3352298 -0.2920661 -0.4507356 -0.0410003 -0.5278317 -0.1969180 -0.1560299 -0.3983484 0.0326154 0.2281767 -0.0493755 -0.0007606 -0.0901197 0.0309094 -0.2082419 -0.1942941 -0.3448154 0.2008845 -0.4972013 -0.1376515 0.1193121 0.3052877 -0.0104567 -0.4964225 -0.4045738
-0.0135906 0.5767414 0.1833119 0.3872861 -0.0767108 0.6505941 0.5001186 -0.1033421 0.0000000 0.5745830 0.0825463 0.7796822 -0.1171271 0.7882652 0.6402410 -0.3046617 0.6493396 0.3462898 -0.5970799 -0.2167394 0.3656499 -0.5400383 -0.2546943 0.4605497 -0.5849217 -0.3994844 0.1583987 0.5746717 0.1124850 0.5352471 -0.5738752 -0.5236292 0.4588886 0.4591890 -0.3547526 -0.2507850 -0.3780532 -0.5331883 0.3769745 0.3729401 -0.3912259 -0.3376330 -0.1644691 0.6699441 -0.0198107 -0.4979706 -0.5378478 -0.4911953 0.6523147 -0.6196752 -0.5351037 -0.0602601 0.4899874 0.0569367 -0.2792508 -0.4374827 -0.4749183 0.4446342 0.3400603 -0.5570454 0.0608663 -0.4403930 -0.1869349 0.7254988 0.5702550 -0.4757061 -0.6012469 -0.2593954 -0.4533647 0.3384286 -0.5774948 0.6524749 -0.5559261 0.6333279 -0.5882274 0.1318002 0.7584210 -0.5764218 -0.1241414 0.3010402 -0.3729964 -0.3060886 -0.4892598 -0.4751479 -0.3045997 -0.6526403 -0.4984465 -0.0754953 -0.6157101 -0.6222571 -0.6722901 -0.5401290 -0.3450148 -0.1634996 -0.4883856 -0.4794747 -0.4278635 -0.4191593 -0.4689769 0.4077776 -0.5733920 -0.5120466 -0.4114383 -0.2722281 -0.5345506 -0.5543692 -0.4730170 -0.3173570 -0.4635391 -0.3380200 -0.5511537 -0.4335828 -0.2840724 -0.3940612 -0.2169446 -0.3205033 -0.2568129 -0.1875119 -0.1733069 -0.2151993 -0.2903411 -0.2403253 -0.1695375 0.1044752 -0.1258113 0.1198633 -0.4009245 -0.1719740 0.0472155 -0.2843576 -0.3116470 -0.3893828 -0.3168855 0.2699029 -0.4027070 -0.1748251 0.1044601 0.1852818 0.0751642 0.5110130 -0.2894836 0.2774846 -0.4371063 0.3557978 0.2651334 0.0567949 -0.1170381 -0.0969691 -0.2911744 0.0689821 0.3904734 0.0721192 -0.2549889 -0.1586321 -0.4438302 -0.1567612 -0.2766117 -0.2316535 -0.1464033 -0.1089013 -0.3781958 -0.0606549 -0.1188918 -0.1696979 -0.3620647 -0.2291274 -0.1197951 -0.0855662 0.1460534 0.0381843 -0.1993733 -0.1039577 0.5318405 0.2199061 0.7734022 0.6354203 0.4618859 0.0577242 0.3547848 0.2444614 0.5574796 0.0291209 -0.1601909 -0.0098445 0.3660920 0.1382010 0.5198426 0.3633838 0.7811464 0.7493859 -0.2200565 0.6604926 0.6435608 -0.0952325 0.0079767 0.1149439 0.2394799 0.4479156 0.0119297 0.2098103 0.5057708 -0.1321285 0.0218411 0.3319596 -0.1241640 -0.0064737 0.1986639 0.3964238 0.4739808 0.1868881 -0.1561875 0.5441626 -0.2150642 0.3766731 0.4351659 0.2064121 0.2799833 0.2923918
0.1148109 0.8686678 0.2700482 0.5356775 -0.1052910 0.7388837 0.4584814 0.2199124 0.5745830 0.0000000 0.5956668 0.6298130 0.1391489 0.7587132 0.0002145 -0.0268392 0.7194538 -0.2256026 -0.3920679 0.2247789 0.5212215 -0.2361748 -0.1640321 0.3799321 -0.4560253 -0.4157391 0.4490024 0.6508423 0.6925467 0.6824193 -0.2833508 -0.4180143 0.3866113 0.6487998 -0.3299050 0.0489388 -0.3807853 -0.3187662 0.4819642 0.5703725 -0.2680039 0.3377875 -0.0486823 0.8199102 0.5457970 -0.4354601 -0.4568515 -0.2284945 0.6664905 -0.2103786 -0.4325593 -0.0077397 0.6182014 0.2895992 -0.1973883 -0.2991882 -0.3896957 0.7534533 0.6196542 -0.3400442 0.6202883 -0.3390348 -0.1092625 0.5335446 0.3143246 -0.3547638 -0.3725731 -0.0476532 -0.2223665 0.3861468 -0.3989196 0.4309650 -0.3331218 0.3641155 -0.4984475 0.1274154 0.3679837 -0.5477619 -0.1875949 -0.0081701 -0.6491483 -0.5110799 -0.6572688 -0.4610782 -0.3905119 -0.6678901 -0.8198528 -0.1682702 -0.6892175 -0.7211572 -0.7811334 -0.6919910 -0.5999725 0.2531980 -0.8078321 -0.7523637 -0.6299798 -0.6048719 -0.7910345 0.4711265 -0.7240646 -0.6214306 -0.5726744 0.2508206 -0.7798649 -0.7410150 -0.4401480 -0.4693426 -0.5949268 -0.3025586 -0.8002935 -0.6673272 -0.0562017 -0.2624155 -0.0842322 -0.1811809 -0.0988361 -0.0767271 -0.0622569 -0.3908727 -0.3275248 -0.1355806 -0.5403611 -0.2366175 -0.1952427 0.1334412 -0.4601123 -0.4721833 0.2793315 -0.4907605 -0.4855874 -0.5859783 -0.6124986 -0.2942620 -0.7047295 -0.5416581 -0.3312990 0.1675205 -0.2754715 0.2768775 -0.5110913 -0.1115516 -0.5710948 -0.1083279 0.0034389 -0.3922549 -0.4688400 -0.4393731 -0.4948498 -0.3201794 0.0735704 -0.3434996 -0.5925683 -0.4707528 -0.5029647 -0.4598622 -0.5424291 -0.4900822 -0.4237926 -0.4788909 -0.4556627 -0.5374883 -0.5191374 -0.5901630 -0.5266983 -0.5534954 -0.5046178 -0.4002109 -0.3825563 -0.5311559 -0.4519381 -0.3947974 0.0881809 0.4527839 0.5120941 0.3289167 0.0686055 0.0383718 -0.1131788 -0.2959397 0.0165857 -0.2507398 0.1282113 -0.1606558 0.5183248 -0.0926114 0.3353802 0.0284450 0.3391895 0.2177730 -0.3015143 0.1188431 0.0943475 -0.3171224 -0.0212071 0.0987282 0.2815243 0.0736418 -0.4495927 0.3358613 0.1933256 0.0874643 -0.0412300 0.2838283 -0.2408110 -0.3607890 0.3159661 0.2073087 0.3586056 -0.1948906 -0.2549224 0.1257693 -0.3237766 0.0796583 0.2254476 0.2238141 0.4216990 0.3905358
-0.1143620 0.5073690 0.3696581 0.5462633 0.3398632 0.3943164 0.0990193 0.7535806 0.0825463 0.5956668 0.0000000 0.0882529 0.6051682 0.0659928 -0.1717965 0.6937173 0.5139683 -0.2019912 0.3830452 0.4210568 0.0231647 0.4992292 0.5301501 -0.3024018 0.3072797 0.3314760 0.6327525 -0.0221276 0.3105442 0.2897324 0.4052854 0.3826732 -0.3082917 0.0780019 0.4502574 -0.0950999 0.3534408 0.4375250 0.4528647 0.5923203 0.3710613 0.2654899 0.5373390 0.2215647 0.3207146 0.3487755 0.2898076 0.4305392 -0.0563988 0.3589002 0.3384143 0.4069604 0.1673617 0.3898141 0.4250150 0.4080454 0.3542428 0.2940979 0.3452822 0.3813577 0.6130261 0.2746094 0.3843012 0.2175073 0.0880780 0.3081424 0.2856271 0.3738603 0.4187626 0.4892182 0.2730434 0.1743554 0.2779871 0.2028012 0.2061678 0.4303092 0.1064928 0.1059047 0.2661847 0.0825416 -0.1993103 -0.0279168 -0.0384500 0.0215545 0.0280164 -0.0715621 -0.2534271 -0.3264932 -0.1133523 -0.1467741 -0.0874196 0.0199898 -0.0722251 0.0808932 -0.1793131 -0.0228863 0.0413313 -0.1009509 -0.2081555 0.0798763 -0.1667207 -0.0561794 0.0315364 0.5773040 -0.0726306 -0.1087201 0.1289643 -0.0069984 -0.2099674 0.1504000 -0.2068731 -0.1138235 0.0869880 0.1872134 0.2014920 0.0784124 0.2100414 0.0961509 0.0826606 -0.3391993 -0.0381706 0.1300272 -0.0259757 -0.1683578 -0.4534695 -0.1360086 -0.0436670 -0.0048439 -0.0610013 -0.1664747 -0.3292301 -0.0587170 -0.2727576 -0.2695319 -0.2245241 -0.2195104 -0.4092132 -0.1374269 -0.2093700 -0.2094366 -0.0727523 -0.3097652 0.0209476 -0.2825509 -0.3227409 -0.2065013 -0.2762423 -0.2154247 0.1246826 -0.2558769 -0.1116088 -0.2719509 -0.3595297 -0.0040071 0.0103537 -0.1659590 0.0876961 -0.2307437 0.1329373 -0.1286333 0.0755931 -0.3610324 -0.3278130 -0.0091839 -0.0104424 -0.2435375 -0.0110752 0.1408587 0.0103957 -0.2521305 0.1232927 0.1585280 -0.2041074 -0.1356875 -0.0542980 -0.1074560 -0.3456332 -0.3499258 -0.4884530 -0.5983671 -0.4262032 -0.4165268 0.1149740 -0.2368598 0.2251167 0.0961958 0.0422242 -0.0611635 -0.0101564 -0.2033421 -0.2769042 -0.2251342 -0.3467947 -0.5224607 -0.3276710 -0.4079772 -0.0031754 -0.3598167 -0.3084601 -0.0787496 -0.0457805 0.2711150 0.3469745 0.2217710 0.0588004 -0.0685079 0.0039695 0.1013194 0.2193938 -0.3130682 0.2762640 -0.3548470 -0.2250325 0.1866418 0.1979827 0.1247012 -0.1109316 -0.1045995
0.3082334 0.7346539 0.4608571 0.5928676 -0.0886208 0.7807356 0.7406202 -0.0025324 0.7796822 0.6298130 0.0882529 0.0000000 -0.0923469 0.8336544 0.2643759 -0.4285060 0.3976950 0.0802545 -0.6528685 -0.1558669 0.7415796 -0.6201031 -0.4622496 0.6298065 -0.6880552 -0.4981682 -0.0341191 0.7579910 0.1893031 0.4949704 -0.6597408 -0.5818795 0.6845689 0.7360014 -0.4441194 -0.2791663 -0.3693839 -0.6091197 0.1795057 0.2201952 -0.4940591 -0.3150614 -0.3797663 0.7114773 -0.0371407 -0.5517847 -0.5214733 -0.5274379 0.8198021 -0.5785044 -0.5829383 -0.2990348 0.7860404 -0.1822204 -0.3095714 -0.4435435 -0.4716375 0.4229715 0.4124808 -0.5920213 0.0631333 -0.5646666 -0.1732525 0.8501788 0.6454485 -0.4502365 -0.6447906 -0.3696993 -0.4760498 0.4049452 -0.6341909 0.8274276 -0.6022695 0.7298923 -0.6605544 0.1776119 0.7980048 -0.6899475 -0.1476200 0.2989390 -0.7047832 -0.5846835 -0.5926637 -0.4336366 -0.3813560 -0.5909160 -0.5976611 -0.0404533 -0.5320930 -0.6515159 -0.6804198 -0.6532620 -0.5507355 -0.1933168 -0.5351891 -0.5868970 -0.6582075 -0.6622113 -0.5468470 0.2691594 -0.7490455 -0.6231026 -0.5719972 -0.4148856 -0.5945811 -0.6576244 -0.5304880 -0.4954876 -0.3226308 -0.4590761 -0.5474484 -0.4970157 -0.2197118 -0.4692054 -0.2945113 -0.3197924 -0.2928840 -0.2947054 -0.1620111 -0.2110060 -0.4420206 -0.3290277 -0.5174167 -0.0002644 0.2323556 0.4053258 -0.6345727 -0.4542220 0.4432984 -0.5466781 -0.3344879 -0.6421209 -0.5360565 -0.0263772 -0.6356058 -0.4093702 -0.0612930 0.4803860 0.0522650 0.6973620 -0.5606283 0.4197024 -0.6046575 0.2047125 0.3175986 -0.1823602 -0.2499792 -0.3157089 -0.6093648 0.0704336 0.4798546 -0.1695945 -0.4002528 -0.4915798 -0.6688253 -0.4336083 -0.5757688 -0.4196447 -0.4654912 -0.2107509 -0.6448310 -0.2346009 -0.4407914 -0.4645907 -0.6529983 -0.5201980 -0.5129292 -0.4877193 -0.2579876 -0.1873553 -0.5690375 -0.5109737 0.3101901 0.4135405 0.8275886 0.8535100 0.6535623 0.2446739 0.4280807 0.0161573 0.3809369 -0.3252540 -0.3862537 -0.3956466 0.3981004 0.0145725 0.7064621 0.4621615 0.8055451 0.6708824 -0.0899722 0.6188601 0.4509044 0.1566008 0.3154724 0.3674564 0.4837799 0.2857709 -0.2636824 0.5140403 0.2236596 -0.1237818 -0.0591626 0.2581664 -0.3067923 -0.4534230 0.5535106 0.1859406 0.1850253 -0.1384867 -0.2961711 0.4938259 -0.3767210 0.0353049 0.3894227 -0.0977238 0.0710171 0.1645268
-0.2309306 0.1450184 0.6058458 0.4616731 0.6676698 0.1520096 -0.1371852 0.8799917 -0.1171271 0.1391489 0.6051682 -0.0923469 0.0000000 -0.2586308 -0.1216168 0.6540239 0.0024292 0.0113133 0.6256126 0.5676158 0.0639132 0.7500924 0.5635211 -0.6367620 0.6112958 0.5497679 0.0816132 -0.3687425 0.1956970 -0.3725880 0.7233797 0.6142021 -0.5814438 -0.2534054 0.5276276 0.3020845 0.5341959 0.7055705 -0.0648757 -0.0021934 0.6956700 0.2418640 0.4917948 -0.3667983 0.0856948 0.6096053 0.4387517 0.7081200 -0.3626881 0.5417779 0.5013712 0.3442568 0.0345207 0.3316307 0.7583138 0.6252085 0.5128275 0.0878657 0.1574413 0.5357465 0.6781742 0.5671750 0.7853421 0.0794921 0.0740972 0.5216616 0.4808291 0.7194275 0.7222354 0.6746520 0.4857251 0.0504413 0.5562898 0.2456284 0.5768335 0.7463694 -0.0116397 0.4509484 0.5897912 0.2803110 0.1290428 0.0967765 0.1082696 -0.0110322 0.0218723 0.0665112 0.3422154 -0.4301990 0.0926504 0.0834708 0.3683753 0.4037221 0.2168089 -0.1928299 0.2845402 0.3641979 0.2674055 0.1527260 0.2952065 0.0417118 0.2217946 0.1615730 -0.0077084 0.3159776 0.3756215 0.3592861 0.1357932 -0.0811728 0.3517912 -0.0499133 0.2952535 0.1837796 -0.1180662 -0.0368311 -0.0689069 -0.1611584 -0.0808862 -0.1444156 -0.2196441 -0.1032306 -0.2330111 -0.1557802 0.2365883 -0.4681817 -0.1919388 -0.0664544 -0.0594161 0.1353664 0.0087861 -0.1026615 -0.1658169 0.1166869 0.0481271 -0.0790210 0.0498088 -0.0338097 -0.2206245 -0.0200371 0.0548551 -0.1778258 0.0785925 -0.0345565 0.2718485 -0.0734799 -0.2538872 -0.1331412 0.0592349 0.0553293 0.2692603 0.1192868 0.0682670 0.0551694 0.0270063 0.0664193 0.2307503 0.2083947 0.3366545 0.0287219 0.2339854 0.2020369 0.2427094 -0.0033898 0.1186906 0.2578632 0.1818212 0.0860300 0.0712437 0.2028130 0.1531746 -0.0244430 0.1882180 0.2349432 -0.0583966 -0.4178597 -0.2258937 -0.1870089 -0.1256290 -0.3997455 -0.1019995 -0.2481148 -0.2593523 -0.0453400 0.1810109 -0.0819438 -0.0440146 0.5422178 0.0885011 0.2117462 -0.1983102 -0.4569242 0.0706825 -0.3665501 -0.5759898 -0.1300373 -0.1442341 -0.3312265 0.0614953 -0.5871624 -0.0944376 -0.0535352 -0.3678154 -0.1996591 0.0732794 -0.2760798 0.1138719 0.0350370 0.0464573 -0.2285848 -0.2503544 -0.3619034 -0.0667143 -0.5898307 0.0646517 0.0688872 0.2252857 0.0024826 -0.3988670 -0.3593715
0.1022548 0.6897875 0.0821906 0.2891018 -0.3221949 0.6183280 0.5195341 -0.2566162 0.7882652 0.7587132 0.0659928 0.8336544 -0.2586308 0.0000000 0.2758268 -0.4179664 0.6734111 -0.0570843 -0.7833155 -0.0220288 0.6227821 -0.6921179 -0.4017447 0.7105342 -0.8301308 -0.6532685 0.2838194 0.8946341 0.4865892 0.7779293 -0.6765256 -0.7864857 0.7687249 0.7519573 -0.5556436 -0.1000482 -0.6485241 -0.7122112 0.4377570 0.4452037 -0.5612806 0.0093741 -0.2642752 0.9128656 0.3202461 -0.7544598 -0.6890762 -0.5977941 0.9346191 -0.6169188 -0.6826359 -0.1523859 0.6823724 0.0613085 -0.4611571 -0.6178995 -0.6809398 0.6930593 0.4488397 -0.7241573 0.1842681 -0.6558903 -0.3541770 0.6382923 0.3879257 -0.6310771 -0.7784458 -0.4008313 -0.5536913 0.2118784 -0.7514002 0.5055951 -0.7236986 0.4027756 -0.7675025 -0.1144477 0.5125558 -0.8020397 -0.4441794 0.0432530 -0.6235721 -0.5824268 -0.7146369 -0.4956742 -0.4230349 -0.7374995 -0.8055759 -0.0587648 -0.7266229 -0.7741432 -0.8985620 -0.8231534 -0.6089327 0.0745535 -0.7920825 -0.8110149 -0.7627461 -0.6358457 -0.7510388 0.5506195 -0.8362587 -0.6280289 -0.6342106 -0.1831364 -0.8407746 -0.8177639 -0.5223282 -0.5055973 -0.5353662 -0.4165086 -0.7896174 -0.5836127 -0.1261476 -0.4175486 -0.1206610 -0.1776975 -0.1656839 -0.0313662 -0.0131454 -0.1515428 -0.3005861 -0.1499941 -0.6258680 -0.0150799 0.0417091 0.3183742 -0.5262011 -0.5195258 0.3295051 -0.5147173 -0.4991260 -0.6760062 -0.6139743 -0.1602655 -0.7055477 -0.4467698 -0.0788967 0.2851799 -0.1318091 0.5899115 -0.5489627 0.2593175 -0.6091484 0.1077257 0.2335554 -0.1998402 -0.3035839 -0.2908137 -0.5991514 -0.0434054 0.3376214 -0.2755678 -0.4277309 -0.4792496 -0.5592632 -0.5298801 -0.5747226 -0.3888412 -0.4077595 -0.3137665 -0.5618962 -0.2697300 -0.5243166 -0.5210270 -0.5927188 -0.5450285 -0.5125612 -0.4490512 -0.2360251 -0.2342482 -0.5310554 -0.4090725 0.3295059 0.5815167 0.7223813 0.5644178 0.3622768 0.1299738 0.2075592 0.0262964 0.3871693 -0.0809654 -0.0525804 -0.0604324 0.4772367 -0.2481305 0.4319021 0.0589948 0.5598080 0.4962101 -0.1267837 0.4360332 0.4525182 0.0194454 0.2202434 0.3535699 0.4285775 0.3702568 -0.1871418 0.4823596 0.3787248 -0.0450328 -0.1814555 0.2535851 -0.2196736 -0.2687970 0.4763388 0.2929088 0.3850732 0.0581155 -0.4025577 0.4996352 -0.2520087 -0.0272611 0.1807728 0.0499400 0.5123965 0.5073976
-0.1273537 0.0080712 0.0172935 -0.1261597 0.0852445 -0.0033774 -0.0366445 -0.2758751 0.6402410 0.0002145 -0.1717965 0.2643759 -0.1216168 0.2758268 0.0000000 -0.1641307 0.4456199 0.8849166 -0.2799033 -0.2752040 0.0164645 -0.2303684 -0.0244900 0.1715197 -0.1674969 -0.1305920 0.0561613 0.0052352 -0.2994829 0.1541268 -0.2141647 -0.1965089 0.1269068 0.0250398 -0.1087769 -0.2555290 -0.1857287 -0.1514022 0.3600490 0.2628815 -0.1204825 -0.5438099 0.1848137 0.2112077 -0.3008435 -0.0940005 -0.3287827 -0.2247561 0.1425124 -0.3018606 -0.2382435 0.3253169 -0.0381019 0.3459595 -0.0025227 -0.1151674 -0.2719904 0.2196309 -0.1990245 -0.1840480 -0.2139708 0.1015017 0.0132543 0.3297936 0.3718237 -0.3004116 -0.1754759 0.1344397 -0.1863052 0.2372603 -0.2220049 0.3090500 -0.1087738 0.4589137 -0.1451155 0.2249297 0.4893162 -0.1653352 0.1731319 0.3653828 0.1393601 0.0557181 -0.0472870 -0.3085568 -0.1391448 -0.2863086 0.0891211 -0.1970237 -0.3193713 -0.2027547 -0.1819887 -0.0512695 0.0081846 -0.4362896 -0.0335028 -0.0018460 0.0330929 -0.0654587 0.0133318 0.0223944 -0.0310198 -0.1589151 -0.1232509 -0.4321192 -0.0002247 -0.0359129 -0.3328696 -0.1678430 0.0531031 -0.3535804 -0.0083218 -0.0575524 -0.3660283 -0.4380699 -0.3650626 -0.3654868 -0.4241885 -0.2836289 -0.3895254 0.1472426 -0.1719402 -0.3431594 0.3133378 0.0869935 0.0197739 0.1546850 -0.1365989 0.2191064 0.0232109 0.0442602 0.0753562 0.0493514 0.1639974 0.5976326 0.0598435 0.2147319 0.4973911 0.2584887 0.4452652 0.3792327 0.1183688 0.4054509 -0.0032099 0.7204993 0.4594200 0.2561080 0.3065935 0.3467755 0.2425761 0.4154827 0.5113627 0.5611984 0.2441780 0.2597703 -0.0111357 0.3960571 0.2563327 0.2802437 0.3219289 0.4326017 0.1205962 0.4165483 0.3325182 0.3922229 0.1909811 0.2736266 0.3404055 0.4560527 0.6146401 0.5693664 0.3764306 0.4469305 0.4796185 0.0137820 0.4442511 0.3681283 0.4124300 -0.1411625 0.4588534 0.3235938 0.3120842 0.1890547 -0.2040814 0.0593792 -0.0758719 0.4103289 0.1110118 0.3657291 0.4840100 0.5893069 0.1688945 0.6140654 0.5836474 0.2020151 0.1364776 0.0647254 0.0997789 0.2670700 0.2829397 0.0941418 0.5294565 -0.2594203 0.2552088 0.1228244 0.0659867 0.2616938 -0.0065410 0.3060957 0.3269549 0.1453727 0.1510639 0.3129462 -0.1528866 0.4040152 0.3648669 0.0047793 0.1199116 0.0868869
-0.4308502 -0.0799932 0.0313293 0.0469084 0.3695424 -0.2479035 -0.4294011 0.6350158 -0.3046617 -0.0268392 0.6937173 -0.4285060 0.6540239 -0.4179664 -0.1641307 0.0000000 0.1158551 -0.1285128 0.8230493 0.4882017 -0.3719855 0.8221629 0.9408924 -0.6171075 0.7383764 0.8234102 0.4743167 -0.4506059 0.0826265 -0.1326134 0.7627888 0.7026816 -0.5752484 -0.3830575 0.8878439 0.0014647 0.6679911 0.7847919 0.1384934 0.2589553 0.7591391 0.2598512 0.7526231 -0.3429903 0.1442638 0.7226925 0.7869238 0.7512475 -0.5161132 0.6229147 0.8501961 0.5456132 -0.3903595 0.2993439 0.6499104 0.7059331 0.7372857 -0.1245986 -0.0225412 0.7727585 0.3551036 0.6466434 0.5208060 -0.3196985 -0.3817678 0.6940052 0.6690713 0.5817716 0.7778839 0.2040602 0.7146669 -0.3542137 0.6734258 -0.2285024 0.7395356 0.3288998 -0.3577821 0.6369403 0.3516392 -0.1343636 0.2867252 0.3243696 0.3329567 0.2490031 0.1677480 0.2970856 0.3400506 -0.3947554 0.2793081 0.2715621 0.4787502 0.5967748 0.4578917 -0.0457925 0.4156621 0.5769322 0.5778345 0.4557264 0.4020787 -0.0135066 0.3124490 0.4396708 0.4043774 0.6258378 0.5231887 0.5367262 0.4665687 0.2865758 0.2859113 0.3435322 0.4068689 0.3875176 0.2306000 0.4199648 0.3520501 0.3339848 0.3577740 0.3110856 0.2065470 0.1359744 0.3259494 0.3410299 0.4440932 -0.0500629 -0.3303283 -0.1718796 0.4111821 0.4353057 -0.2802908 0.2200905 -0.0729151 0.4679373 0.1714463 -0.2172645 0.3187435 0.2287867 -0.2433894 -0.3765233 -0.1301868 -0.4894703 0.4046584 -0.2899512 0.6121995 -0.2626641 -0.4762563 0.1474963 0.0354997 0.1151669 0.6298801 -0.0449121 -0.2078373 -0.0823069 0.0491781 0.4747362 0.5358701 0.1814192 0.6519374 0.1495191 0.6202106 0.2766358 0.5339872 0.0797808 0.0626191 0.5503563 0.4836925 0.2574758 0.4615823 0.5415510 0.3845543 0.1970777 0.5333852 0.5741955 -0.1264903 -0.4142766 -0.5168578 -0.5659992 -0.6119393 -0.6641462 -0.5517373 -0.4381746 -0.5162111 -0.0779394 0.3286328 0.1475255 -0.0550505 0.0593169 -0.3224775 -0.3352460 -0.4351303 -0.5451115 0.0633409 -0.5451261 -0.6063686 -0.2945211 -0.2843350 -0.4762198 -0.1060158 -0.5562514 -0.1064941 -0.2639593 -0.1930435 0.0532507 0.2881338 0.0039663 0.3566169 0.2700198 -0.2382576 -0.1165519 -0.0446946 -0.3034098 0.3099691 -0.5841597 0.0618984 0.0312747 -0.1857636 -0.1090167 -0.2724280 -0.3334154
-0.2715920 0.5009763 -0.0342135 0.1819734 -0.0723933 0.3893501 0.1327962 0.0036017 0.6493396 0.7194538 0.5139683 0.3976950 0.0024292 0.6734111 0.4456199 0.1158551 0.0000000 0.1515013 -0.3532146 0.1491026 0.1603144 -0.1976820 0.1234508 0.2404135 -0.3530017 -0.2967396 0.7730190 0.4338406 0.3636633 0.7793325 -0.2025215 -0.3283437 0.2326300 0.3462437 -0.1453467 -0.1317830 -0.3657674 -0.2066250 0.8485576 0.8339296 -0.1677800 0.0786994 0.3562847 0.7559551 0.3943261 -0.3099748 -0.4325345 -0.1887392 0.4799124 -0.2557147 -0.3175356 0.4150784 0.2949116 0.5533946 -0.0919371 -0.2295287 -0.3887673 0.7125507 0.2361281 -0.3079083 0.3181211 -0.1966015 -0.0792268 0.4138841 0.2477910 -0.4003031 -0.3806843 0.0027987 -0.1924579 0.3185507 -0.3947449 0.2492838 -0.3460085 0.2492856 -0.3969684 0.0510806 0.3001764 -0.4807164 -0.1866706 0.0730348 -0.2347989 -0.2107121 -0.3559889 -0.2838674 -0.1395708 -0.5067485 -0.5834696 -0.1254379 -0.5656586 -0.4910801 -0.6512441 -0.4875049 -0.3711988 0.1506332 -0.6165306 -0.5138844 -0.3753665 -0.3570127 -0.5426268 0.4162291 -0.4499541 -0.3600830 -0.2835494 0.2027720 -0.5689609 -0.5295086 -0.2659509 -0.2136076 -0.5012915 -0.1582460 -0.6203756 -0.3892124 -0.1293409 -0.1885153 0.0253960 -0.0986314 -0.0471526 0.0815559 -0.0305953 -0.1972087 -0.1106143 -0.0134692 -0.2104911 -0.0011967 -0.3789308 -0.0077142 -0.2087563 -0.1531530 -0.0097801 -0.2253843 -0.4283867 -0.2934950 -0.3586231 0.0101800 -0.3934339 -0.2110966 -0.0088063 0.0203669 -0.0503794 0.1925892 -0.1816665 0.0103722 -0.2532743 0.1511821 0.1151427 -0.0845379 -0.1187695 -0.0061412 -0.0582997 -0.0589470 0.1829856 -0.0556174 -0.2338726 -0.0810574 -0.1297682 -0.1902784 -0.0803265 -0.0817824 0.0729216 -0.0687028 -0.0386155 -0.1279913 -0.3144525 -0.0829683 -0.0864678 -0.2483369 -0.0556234 0.1305936 0.1981420 0.0000862 0.0748729 0.1902995 0.2045197 0.2342488 0.3881300 0.1578917 -0.0346393 -0.1909933 -0.1253370 -0.1486719 0.0936271 -0.0556131 0.0977263 0.0509091 0.2705292 -0.0591395 0.0308834 -0.1088422 0.2841324 0.2675985 -0.2326760 0.2268840 0.2983365 -0.3388421 -0.1541852 -0.1013493 0.0972941 0.1900680 -0.0210766 0.1010000 0.4986941 0.1712659 0.2324430 0.3074831 0.0253461 0.0907368 0.0963399 0.4546033 0.5754107 0.1054762 0.0803916 0.1833754 -0.2277775 0.2327565 0.2130122 0.2196794 0.5308979 0.4801764
