0.0000000 0.4208820 0.3424463 0.1929929 -0.2424334 0.0649841 0.1634258 0.2349233 0.2572355 0.2387031 0.2582552 0.3685164 -0.0865541 0.1482019 0.2085719 -0.0323767 0.1050682 0.1402492 -0.0305401 -0.4097281 0.2962148 0.0530645 -0.2598536 -0.0759657 0.0202090 0.1301870 0.1255595 -0.1491565 0.2553725 0.0905929 -0.0743975 -0.0568175 -0.1302101 0.2586299 -0.2164970 0.4333875 -0.0683441 -0.4791705 0.0720556 -0.0940151 -0.4814730 0.4792051 -0.3915412 0.2564597 0.3588889 -0.1412912 -0.2621463 -0.5641612 0.2202474 0.1656888 -0.2596531 -0.3137807 0.3689018 0.2425083 -0.4719653 -0.2644995 -0.1660855 0.1257599 0.2017824 -0.2589991 0.4148645 -0.3083407 -0.6686851 0.1081066 0.2393923 -0.3118095 0.1286338 -0.0930130 -0.2328785 0.1181739 0.1112263 0.3343803 0.1169730 0.5547480 -0.2117837 0.4858545 0.5936941 0.0618480 0.4376456 0.3175218 0.4067838 0.3171113 0.2788671 -0.0255932 0.0895700 0.2349954 0.2333259 0.0649582 0.0547569 -0.1163276 0.3722354 0.3351691 0.5427159 0.1060159 -0.1815564 -0.0475520 0.3855682 0.4424850 -0.1871724 -0.0019054 0.0197927 0.6055624 0.4053877 0.2445429 0.3836394 -0.1949316 0.5189062 0.5625150 0.4559452 0.4830685 -0.0183758 0.2517825 0.3029815 0.1561783 0.0915932 0.3143760 0.1579531 0.0960068 0.3872122 0.3582977 0.2994343 0.2070054 0.5511467 0.3520706 0.3355051 0.4757944 0.3661714 0.4576939 0.4513809 0.4551458 0.3644898 0.4373446 0.5286176 0.5767548 0.4552190 0.4555485 0.4340393 0.4135459 0.3652863 0.5124611 0.3752034 0.4312507 0.2216954 0.5138672 0.3818938 0.3772674 0.3555532 0.3437260 0.3085051 0.4427699 0.4951877 0.2743417 0.2849275 0.2879486 0.6140459 0.4981723 0.6366080 0.2311590 0.5182057 0.5118088 0.2860409 0.4674148 0.4549919 0.5911863 0.3820443 0.5617444 0.4428282 0.4663591 0.5309923 0.5066676 0.3274189 0.4869879 0.3182533 0.2834082 0.1137561 0.2663155 0.2973930 0.0753834 0.1909167 0.2265275 0.0694500 0.3209232 0.2890965 0.0789416 -0.3561622 0.2463101 -0.4317016 -0.1667284 0.5225909 0.5663035 0.3455989 0.4967194 0.2137716 0.1846193 0.4545281 0.2706414 0.2899778 0.4330876 0.1954018 0.4876565 0.1372036 0.2563795 0.5145218 0.4449291 0.0748242 0.3061338 0.5360334 -0.2956357 0.2406238 0.3011373 0.5296860 0.4243195 0.1441555 0.5679075 0.5934287 -0.2585685 -0.2099708 -0.1214761
0.4208820 0.0000000 0.5359816 0.6536797 0.1432113 0.6133822 0.6359804 0.4495881 0.5059469 0.4228485 0.2709392 0.4571308 0.2815265 0.0204247 0.5227092 0.0615209 -0.1870561 0.3823970 0.3011505 -0.1481589 0.3610771 0.5131080 -0.1740552 0.1583075 0.5290882 0.4211710 0.1030886 0.0748173 0.2734397 0.2974886 0.0974369 0.4627056 0.0815032 0.1480521 -0.0693932 0.3132434 0.1610750 -0.2299254 0.3523120 0.6410421 -0.1151215 0.2571488 -0.0797052 0.5363540 -0.0805414 -0.0131361 -0.0519832 -0.1289911 0.4753176 -0.3403047 -0.0573237 0.2644628 0.2427839 0.5273826 -0.2377268 0.0756669 0.1316062 0.3367578 0.1959329 -0.1494571 0.3021844 0.1195720 -0.1170648 0.2974284 0.2679489 0.2627599 0.1873863 0.1893929 0.0989134 0.3008067 0.1409020 0.4176294 0.2162233 0.5218487 0.2732325 0.4691481 0.5372323 0.1162718 0.2868716 0.7594562 0.2568242 -0.1484372 0.5139847 0.4512392 0.3270700 0.5941071 0.2231823 0.3572856 0.4811485 0.4548486 0.2969396 0.4307550 0.4398047 0.4247740 0.2204247 0.1588553 0.3612736 0.4459926 0.1162924 0.4311564 0.4065206 0.4568351 0.6937072 0.5138922 0.3316785 0.1018873 0.6201348 0.6731294 0.3463536 0.7255598 0.4324435 0.6121477 0.6825763 0.6481016 0.6172403 0.7806513 0.7001987 0.6595254 0.7727136 0.6556356 0.6684192 0.6747611 0.4526592 0.3655878 0.6306242 0.5276521 0.6179765 0.4763985 0.4252182 0.6829349 0.5031962 0.6636579 0.5573076 0.1955756 0.5387482 0.4368364 0.5078424 0.2654053 0.3131695 0.5323199 0.5488075 0.5200851 0.6518631 0.2967514 0.4365892 0.4863844 0.3904308 0.4764948 0.6485460 0.5748904 0.6593866 0.4007742 0.3818464 0.6239172 0.5174224 0.3754422 0.6739493 0.5256057 0.6667354 0.6030795 0.6335021 0.5683685 0.3581841 0.7476953 0.6670279 0.5501632 0.4667592 0.7082671 0.7374159 0.5801854 0.6651153 0.7311503 0.4276073 0.2860615 0.3644176 0.2525389 0.4560044 0.2826346 0.4335238 0.2281788 0.1238691 0.2164605 0.2532221 0.2074543 0.0932764 0.2809351 0.1130225 0.4714222 0.4821417 0.4360695 0.5969449 0.6465519 0.6617165 0.5620576 0.6009739 0.4515042 0.4559506 0.5604325 0.5105775 0.4425513 0.1752739 0.2014389 0.4935080 0.4556422 0.1952900 0.0657300 0.5847697 0.2157595 0.0330310 0.1051658 0.4442032 0.2527195 0.0090695 0.3804673 0.6124840 0.3234878 0.3308044 0.5326944
0.3424463 0.5359816 0.0000000 0.5102244 0.4829483 -0.0148742 0.0399931 0.6126637 0.3845682 -0.1184801 0.0779260 0.3625223 0.5015410 -0.1179491 0.4969257 -0.4116606 -0.3988278 0.2717539 0.1547417 -0.0007817 0.4602106 0.5950024 -0.5989604 0.2230638 0.3859461 -0.0578791 -0.3077982 -0.0088185 0.4784633 -0.2069061 0.0645446 0.4069177 0.1030610 0.1623089 -0.2536517 0.5621738 -0.0725143 -0.1614995 -0.2224098 0.0470464 0.2221069 0.5165101 -0.4396018 0.4601099 0.2337295 -0.1067786 -0.3980032 0.1470242 0.2779375 0.0237233 -0.3664531 -0.3370300 0.0418310 -0.0341207 -0.3538940 -0.2106992 -0.1039964 -0.0945401 0.2641394 -0.4717219 0.3099223 -0.4607635 -0.2911461 0.1010762 0.1941840 0.2356369 -0.3328006 -0.3255724 -0.2282546 -0.1405207 -0.2664178 0.3999490 -0.3081162 0.4630514 -0.1171421 0.2104710 0.7065087 -0.2322700 0.0518503 0.4940711 0.0835138 -0.0461613 0.2394393 0.0790944 0.0597599 0.4573355 0.1689368 -0.0791329 0.2112307 0.0380704 0.5144423 0.2581174 0.6112626 0.0349285 0.0005597 0.1361923 0.2943694 0.5543228 -0.3209308 -0.0701413 0.0055087 0.4642441 0.5146461 0.2517615 0.5311531 -0.0579650 0.5991166 0.3332870 0.5930493 0.6192080 0.1471647 0.2342209 0.1668831 0.1709552 0.2926384 0.3440744 0.2778039 0.2803518 0.3033771 0.5646664 0.5400807 0.3867485 0.4944153 0.3850641 0.7865779 0.7012845 0.6297865 0.5258130 0.6879332 0.6089839 0.7364823 0.6653228 0.5729552 0.3225626 0.5815361 0.3312921 0.6087717 0.4884221 0.4929482 0.3628969 0.5269755 0.6399426 0.5706484 0.4758314 0.4829255 0.3122712 0.6070361 0.6116924 0.5766687 0.6564847 0.6483856 0.5175009 0.6969529 0.5049190 0.4968583 0.1686416 0.6425532 0.6154885 0.5288436 0.6538332 0.4031020 0.7492299 0.1469826 0.5765427 0.5856450 0.5012248 0.3527473 0.5799809 0.5147437 0.7445418 0.5602684 0.6122972 -0.1147929 -0.2549340 -0.4826166 -0.2640311 0.1294785 -0.1105335 0.0381537 0.0149140 -0.1911663 0.3680328 0.5789674 0.3772777 -0.0930281 0.2090871 -0.1342184 0.1795766 0.7742409 0.7890313 0.5098635 0.6132830 0.0909560 0.3632426 0.6363337 0.3522071 0.4467917 0.2302676 0.3438945 0.5916268 0.1944968 0.2818359 0.0987624 0.2378536 0.5180557 -0.4184784 0.6846645 0.5286401 0.2066432 0.4142365 0.3094542 0.0698883 0.1602566 0.5105074 0.8057672 0.0297595 -0.1611385 0.0472871
0.1929929 0.6536797 0.5102244 0.0000000 0.1110024 0.5983733 0.4859921 0.7273505 0.6774546 0.1864092 0.5630465 0.7425676 0.3334280 -0.2060927 0.7664517 0.1564332 -0.3573592 0.3052025 0.6057168 0.1579558 0.6769156 0.2784417 0.0398651 0.5372038 0.6832392 0.2874573 -0.2951567 0.4535484 0.7334418 0.1418754 0.0869943 0.1239447 0.6036673 0.5246920 0.0360911 0.6334731 0.0620541 0.0590383 -0.0001409 0.3882717 -0.0556492 0.6971288 -0.0451180 0.7686958 0.2986516 0.2660610 0.0430856 -0.0817619 0.7985567 -0.0030276 -0.0511605 0.0961749 0.3069334 0.1708809 0.0402230 0.5008589 0.1447016 0.4882331 0.4735626 -0.1202625 0.5862604 0.0847544 0.0487068 0.5809015 0.3980121 0.0939750 0.1085792 0.2774249 0.4298032 0.4421160 -0.0247271 0.5442984 0.2363016 0.5297246 0.2202432 0.5816793 0.6309996 0.0178015 0.4967225 0.5904179 0.4271302 0.2548048 0.6061192 0.3243845 0.1362089 0.5664753 0.4967692 0.2817426 0.5465324 0.5348693 0.5913483 0.8322200 0.5888877 0.5148329 0.4879214 0.5266337 0.7113002 0.6633792 0.1966124 0.5593144 0.5279883 0.3055644 0.7164201 0.6959130 0.6849241 0.4481404 0.5569757 0.7042563 0.4899039 0.6759840 0.7056111 0.5890376 0.6804728 0.6679406 0.6174941 0.6095775 0.5967881 0.5775265 0.5877342 0.6658808 0.5708605 0.5350763 0.4302870 0.6338029 0.6797320 0.5364402 0.4908485 0.4691057 0.3924958 0.6635570 0.4218878 0.5722760 0.3814820 0.4923476 0.5119281 0.4849261 0.3393988 0.2175600 0.0587661 0.6304254 0.4231971 0.5365512 0.3758906 0.3686203 0.2435305 0.5579010 0.2330943 0.2787344 0.3942213 0.6303653 0.7484880 0.5808049 0.4084411 0.5047464 0.3030764 0.3195896 0.5324570 0.4445178 0.4485006 0.5768253 0.3143698 0.6696747 0.3275784 0.6291733 0.4444911 0.4268944 0.5016675 0.4334367 0.4937658 0.6517467 0.3717113 0.4977400 0.0778720 -0.0384145 -0.0724930 0.0885458 0.6682068 0.5536759 0.5887328 0.3216172 0.3894903 0.6763739 0.6139984 0.6715555 -0.0611706 0.4023424 0.0000604 0.1057599 0.4984399 0.4535164 0.7293405 0.5822793 0.5220564 0.7996761 0.7125496 0.7108337 0.6618637 0.6257120 0.4674056 0.5038910 0.2156165 0.3451604 0.5282579 0.5312851 0.1476965 -0.1223928 0.5432012 0.3075569 0.0383932 0.3885932 0.5667930 0.4501410 -0.1243674 0.4172130 0.3545365 -0.0454423 -0.0116902 0.0576303
-0.2424334 0.1432113 0.4829483 0.1110024 0.0000000 -0.1046139 -0.1360357 0.1747985 0.0208085 -0.3179747 -0.5308345 0.0456073 0.6380080 -0.2204285 0.1810668 -0.6326659 -0.4998582 0.1391228 -0.0741204 0.2233193 0.1114958 0.0991593 -0.4755653 0.0158384 0.0891195 -0.2758906 -0.3734843 -0.0565098 0.1019905 -0.1888067 -0.0728040 0.5832720 -0.0203211 -0.0123382 -0.4016669 -0.0379536 -0.0440302 0.2675202 -0.3262120 0.0319994 0.6239103 -0.0535194 -0.3885811 -0.0627312 -0.1079996 -0.3548815 -0.3598941 0.7135062 -0.0202452 0.0553708 -0.4435120 -0.2903721 -0.1684276 -0.1724294 -0.1489803 -0.2852807 -0.0521456 -0.3140603 0.0388028 -0.4774017 -0.1283498 -0.3503543 0.1923221 -0.1265065 -0.0823849 0.5174428 -0.6121255 -0.3784194 -0.0894346 -0.3746451 -0.3828134 0.0566041 -0.5301957 0.0331126 -0.0201619 -0.2757143 0.1609972 -0.3722273 -0.5203478 0.1166596 -0.4772794 -0.7033371 -0.3344832 -0.0414205 -0.1120446 -0.0676915 -0.2798815 -0.3106958 -0.2486730 -0.3145087 -0.2063998 -0.2361918 -0.0745420 -0.3111463 -0.2887802 -0.1627255 -0.0707921 -0.0003513 -0.4812637 -0.3651464 -0.4403807 -0.2192063 -0.1027210 -0.2193148 -0.0595298 -0.3187775 -0.0899005 -0.2502850 -0.1488735 -0.0161003 -0.2309083 -0.3018377 -0.3925447 -0.1622363 0.0273496 -0.2090385 0.0230133 0.0554868 -0.2524200 0.0304781 0.1148709 0.1500851 -0.1733635 -0.2709983 0.1161398 -0.0415436 0.0391909 -0.3183422 -0.1267496 -0.1298985 0.0128276 0.0927474 -0.2044158 -0.3272646 0.0008717 -0.5868711 -0.1409340 -0.2819764 -0.1640092 -0.4402061 -0.0456060 -0.1687467 0.4321678 -0.2458131 -0.2408274 -0.5035609 -0.0197464 0.0180041 0.3286880 -0.0270575 -0.1273006 -0.2621375 0.0252029 0.0364275 0.0869230 -0.6170127 0.1484585 0.0428682 0.2427282 -0.2020685 0.1146341 0.0293341 -0.5191819 -0.1531558 0.1398261 -0.2851956 -0.4030201 0.3091764 0.0988709 0.0536709 0.2657641 0.2393569 -0.6820684 -0.7196201 -0.5395086 -0.6247619 -0.3708606 -0.4131219 -0.4021850 -0.4023791 -0.6965897 -0.2743797 0.0878740 -0.0186465 0.1715799 -0.1523726 0.2028366 0.3152553 0.3107833 0.2648940 -0.0251877 0.0116117 -0.2567781 -0.1705476 -0.0662975 -0.2487721 -0.0995744 -0.2940489 0.0159874 -0.2324216 -0.1550534 0.0112487 -0.4711177 -0.3671826 0.7139181 -0.4813731 -0.0991402 0.5623934 -0.0724262 0.0323201 -0.3362442 -0.4543711 0.4346142 -0.0482082 0.3677486 0.1349776 -0.2030137 0.0575617
0.0649841 0.6133822 -0.0148742 0.5983733 -0.1046139 0.0000000 0.8445683 0.3249992 0.5417852 0.7126460 0.5763041 0.5211408 0.0155870 0.0518592 0.5571344 0.4023946 0.1559447 0.2729961 0.4147227 -0.0960431 0.4126232 0.1589407 0.4475006 0.1624613 0.4316647 0.6263596 0.4242944 0.2293363 0.3723417 0.6566170 -0.1718944 0.2942786 0.3025978 0.4845588 0.4197544 0.1679754 0.5459604 0.0513219 0.6436649 0.7437865 -0.2581543 0.1341283 0.5051630 0.5323119 -0.0468099 0.3713422 0.4408595 -0.0981504 0.6632500 -0.4736470 0.4466375 0.6271015 0.4081792 0.6073254 0.1739102 0.5104141 0.4718756 0.7640728 0.1836438 0.4667759 0.2550555 0.5269874 0.1884752 0.5178956 0.4053076 0.2256393 0.6164812 0.6091770 0.4363850 0.4912932 0.3170136 0.3806406 0.5779560 0.3539642 0.3821141 0.3310640 0.2062423 0.2016877 0.4006354 0.5363746 0.4214580 -0.0131256 0.5133262 0.5328431 0.2138291 0.4347536 0.5124733 0.6335132 0.4764409 0.5373607 0.1351252 0.5625753 0.0189262 0.7191792 0.5552698 0.3798256 0.2637600 0.0895166 0.4626467 0.7883068 0.6175285 0.0895218 0.5521002 0.7019717 0.2327044 0.3571274 0.1089193 0.4852415 -0.0796256 0.2822435 0.6180865 0.5230095 0.6238953 0.6718335 0.5288854 0.5267193 0.5670303 0.4712515 0.5384216 0.2938208 0.3284680 0.3932274 0.2041573 0.5134569 0.1293902 0.0052449 0.3012252 0.2122243 -0.1817205 0.3285401 -0.1141562 0.2786373 0.1741493 -0.0516429 0.1069076 0.2969919 -0.0909925 -0.2285425 -0.2618279 0.3740395 0.0972445 0.0588338 0.1245992 -0.0155126 -0.0823111 0.3942839 -0.1335024 -0.0252505 0.0712575 0.1269393 0.3071148 0.1340186 -0.1628123 0.1764045 0.2100348 0.2366868 0.1981608 0.0438312 0.1459152 0.3626755 0.3070932 0.0890773 0.3455292 0.4141099 0.1479046 0.1139503 0.3648186 0.1188966 0.2261318 0.1072938 0.0270695 0.1113994 0.3262265 0.2679653 0.5083828 0.1324710 0.4439092 0.5855300 0.6665832 0.4656606 0.5152738 0.1841052 0.0154987 0.2110208 0.2648635 0.3730784 0.3420458 0.3895409 0.1139633 -0.0188582 0.3752593 0.3116936 0.6223195 0.5373587 0.2645284 0.3048200 0.3084980 0.5143170 0.5099034 -0.0056591 0.2830042 0.3028479 0.6391220 0.4806932 -0.2519401 0.3015024 0.0842145 -0.0153328 0.0728144 0.1147122 0.4805059 0.3033958 0.0268543 0.0519602 0.0151846 0.1703460 0.6216905 0.6628375
0.1634258 0.6359804 0.0399931 0.4859921 -0.1360357 0.8445683 0.0000000 0.1443989 0.5440098 0.6433013 0.4316671 0.5170456 -0.2114884 -0.1507309 0.5766754 0.3914942 -0.0088747 0.2993710 0.2159672 -0.5285079 0.3847354 0.2683747 0.2552341 -0.0388246 0.4344127 0.5416309 0.4115233 0.1083460 0.2735817 0.7856734 -0.2191209 0.3477239 0.0544489 0.3741818 0.1880408 0.2223679 0.3779415 -0.2538921 0.7200645 0.7024748 -0.3357313 0.0553822 0.3214339 0.5899934 -0.3142169 0.1162722 0.2604978 -0.1870237 0.4510265 -0.3512088 0.2506555 0.4023748 0.3074573 0.5191765 -0.0094373 0.3363669 0.2573030 0.4817714 0.0294197 0.3153123 0.1223441 0.3110968 0.0417942 0.2935107 0.1784856 0.1012213 0.4436341 0.4605838 0.2528643 0.2473659 0.3039861 0.2721457 0.5251202 0.2877630 0.2983388 0.3278770 0.2370811 0.2378710 0.4162184 0.5115440 0.4435370 -0.0390172 0.3222902 0.2750353 0.0582721 0.3135908 0.4815733 0.4999981 0.3905304 0.4349827 0.3118760 0.5441580 0.0925299 0.7342997 0.5203230 0.3573692 0.1782385 0.0885101 0.5359468 0.7573756 0.6257740 0.2808241 0.5155465 0.7841093 0.3523665 0.1756446 0.2308323 0.3580832 0.1001206 0.3472059 0.6900336 0.5661250 0.5824273 0.6847462 0.5252040 0.6650543 0.5863386 0.4179940 0.6661949 0.4065918 0.4240660 0.4646419 0.1964934 0.5058293 0.2120962 0.0847208 0.2904468 0.1855953 -0.0852604 0.3804394 -0.0457453 0.2840524 0.2265622 -0.0403247 0.2390694 0.3391456 0.0133984 -0.1690124 -0.1508738 0.3817115 0.2357064 0.0859632 0.3462275 -0.0419717 -0.0384986 0.5040849 -0.0746638 0.0880613 0.3333530 0.1951996 0.3240490 0.0198137 -0.1167512 0.4148576 0.3216159 0.2225933 0.3415869 0.1365906 0.2895839 0.3643296 0.4437176 0.1449243 0.2622546 0.4809266 0.3189951 0.1895209 0.3359490 0.3343334 0.4525081 0.1575150 0.2366488 0.3587867 0.3729571 0.3271010 0.5835815 0.3666040 0.4858127 0.5179598 0.6041996 0.4114823 0.4735442 0.1860172 0.0985538 0.1342297 0.1874418 0.1842009 0.1672126 0.3123325 0.1800384 0.0657238 0.4664401 0.3637500 0.7963778 0.5084900 0.3202215 0.2732313 0.3275249 0.6896976 0.4991147 0.0737660 0.0743535 0.1886502 0.5949803 0.4751138 -0.3892407 0.2865125 0.1390798 -0.2545150 0.0402994 0.0118192 0.4460141 0.3876435 -0.1787192 0.1698854 0.0512106 -0.0809791 0.5367451 0.6445065
0.2349233 0.4495881 0.6126637 0.7273505 0.1747985 0.3249992 0.1443989 0.0000000 0.3225247 0.1399214 0.5194781 0.5449779 0.6894276 -0.2279142 0.4314020 0.0705400 -0.1157775 -0.1158436 0.6971946 0.3539609 0.5949911 0.4303941 0.0959813 0.3136509 0.7132502 0.4516055 -0.2589002 0.1174649 0.6766308 -0.2031094 0.1584082 0.2117311 0.5277655 0.6640107 -0.0406322 0.7102812 0.0929618 0.4303015 -0.1183292 0.2174762 0.1006978 0.8166464 -0.1929941 0.7164602 0.6132346 0.3241992 -0.1045379 0.1753125 0.8155435 0.2817566 -0.2217437 -0.0550413 0.5262302 0.1638229 0.1389338 0.3418152 0.1841081 0.5550545 0.7587204 -0.2322726 0.7585952 -0.1658619 0.1119841 0.5776400 0.6674575 0.2442355 0.1358355 0.2439715 0.4828618 0.4596077 0.0165444 0.6281672 0.1931798 0.6791671 0.1969248 0.5685635 0.7732495 -0.0648832 0.4012501 0.5887051 0.4025232 0.3670782 0.7375766 0.5386890 0.5739099 0.5053757 0.1475627 0.4570294 0.2299947 0.4246189 0.4036436 0.5153702 0.6718059 0.4424350 0.1349122 0.1993006 0.5990762 0.7163443 -0.0049525 0.4654190 0.4197462 0.3812039 0.7497104 0.5725033 0.6713433 0.4554041 0.5026656 0.6919697 0.5268750 0.6804944 0.5127664 0.5553827 0.6062817 0.6517025 0.7567158 0.5298185 0.6416414 0.6620540 0.5378985 0.7276902 0.7245118 0.6286202 0.6303630 0.5144647 0.7598097 0.5346776 0.7556489 0.6002169 0.4308493 0.6969779 0.5663811 0.6707501 0.6362051 0.4725028 0.6297287 0.4545888 0.4739154 0.3296173 0.2418897 0.5713723 0.4711530 0.5319406 0.3675202 0.4719511 0.3273183 0.4060843 0.3281629 0.3687730 0.4257174 0.6576856 0.7808120 0.5253185 0.5141243 0.4691468 0.3825778 0.2832727 0.5661833 0.5382509 0.4595893 0.6774252 0.3036343 0.6798129 0.3467399 0.5743108 0.4294800 0.4951294 0.6210066 0.4030115 0.3290253 0.6455191 0.3978377 0.3569932 0.0476392 -0.1662733 -0.2874454 -0.2008222 0.3927713 0.3115628 0.4631997 0.5606253 0.3897118 0.7349561 0.7673407 0.8750359 0.1309108 0.6707811 0.0076417 0.1776323 0.6181172 0.5745390 0.6863504 0.6455931 0.1588625 0.5950488 0.6354214 0.4928904 0.5584719 0.2143656 0.5006146 0.4779792 0.0107039 0.1037326 0.1682534 0.2467241 0.3876628 -0.0761137 0.4859230 0.4242555 -0.2385344 0.3027251 0.3138904 0.2476439 0.0788252 0.3691692 0.4917989 0.0037189 -0.1732704 -0.0792256
0.2572355 0.5059469 0.3845682 0.6774546 0.0208085 0.5417852 0.5440098 0.3225247 0.0000000 0.4595058 0.4196294 0.5554709 0.0689951 0.1189303 0.9293305 0.1589070 -0.4054440 0.8128161 0.2720032 -0.1205048 0.5318896 0.3231820 -0.0630363 0.6689499 0.3718908 0.1508801 -0.1805489 0.6658675 0.6723014 0.4750263 -0.0320828 0.0237804 0.5789581 0.5018285 -0.0975800 0.3096513 0.1659270 -0.2669054 0.0231642 0.2585323 -0.1485589 0.3076877 -0.1515800 0.6083679 -0.1566364 0.1921886 -0.0616653 -0.1971955 0.5788405 -0.1456541 -0.0611320 0.1054542 0.0955775 0.0346194 -0.0490764 0.2756556 0.0310906 0.3413617 -0.0339783 -0.1161777 0.1994478 0.1177979 -0.0594615 0.5994738 0.3466608 0.0115292 0.0474293 0.2836551 0.0137193 0.3628732 0.0558627 0.5020874 0.2952951 0.4380723 0.2024985 0.4324353 0.4146603 0.0539915 0.2845390 0.1587833 0.0444187 0.1208161 0.2220285 -0.1023857 -0.3176038 0.2310618 0.5849483 -0.0220392 0.3213329 0.1755110 0.4815428 0.6277725 0.1412291 0.3453987 0.3510044 0.3696908 0.1699720 0.1445814 0.1699608 0.4105765 0.3669196 0.0366844 0.4592590 0.4679588 0.3849411 0.0698632 0.2184211 0.3501107 0.2142470 0.2417460 0.4619535 0.3429748 0.3508102 0.2868872 0.2192017 0.3841486 0.2730592 0.1743729 0.3451046 0.2680026 0.2042265 0.2365345 0.1461879 0.4800686 0.2811822 0.1223822 0.2972117 0.2155849 0.1099028 0.4224864 0.1785302 0.2948524 0.1585373 0.0768368 0.1116306 0.2404758 0.0489596 -0.0897317 -0.1138553 0.2376582 -0.0355785 0.1145383 0.2186270 -0.0716910 -0.1094066 0.3105641 -0.0335658 0.0294630 0.1873216 0.1741134 0.3584822 0.2352849 0.0805062 0.1866867 0.1599031 0.0918511 0.3636306 0.1574056 0.1770913 0.4295332 0.3011889 0.2981480 0.0543761 0.4754871 0.2176218 0.1275269 0.2236771 0.1770923 0.2106949 0.3180689 0.0607215 0.2410854 -0.0366777 -0.1191630 -0.0853347 -0.0802398 0.2438677 0.1383554 0.2887390 0.0822134 0.2615262 0.2197994 0.1775561 0.1875331 -0.0384731 0.2412389 0.0311426 -0.1284864 0.2772351 0.2779639 0.4011848 0.2013083 0.2813873 0.4457822 0.3219680 0.2346524 0.2135531 0.4469505 -0.0357050 0.1205275 0.0369587 0.3253300 0.5615691 0.3705361 -0.1140672 -0.2215255 0.2300387 0.2305122 0.1008160 0.2472433 0.6144002 0.1062529 -0.2396162 0.2011663 0.1969659 -0.0641083 0.2862217 0.2668887
0.2387031 0.4228485 -0.1184801 0.1864092 -0.3179747 0.7126460 0.6433013 0.1399214 0.4595058 0.0000000 0.5627329 0.3751848 -0.0563695 0.3545886 0.3291445 0.5043232 0.3432676 0.2292377 0.3493677 -0.1841154 0.3179738 0.3898176 0.5023619 0.0759005 0.3420054 0.6940070 0.4722409 0.0439585 0.3046793 0.4741643 0.0045882 0.2656076 0.0624387 0.4653777 0.3107089 0.0411204 0.6721367 0.0090069 0.4877740 0.3349557 -0.2164807 0.0143252 0.3669297 0.2099942 -0.1301814 0.3924038 0.4554665 -0.1113200 0.4242856 -0.3976317 0.3632082 0.4252706 0.4873672 0.3556788 0.2422236 0.3645828 0.5633583 0.6092369 0.1517338 0.3833409 0.2702098 0.2939202 0.1934827 0.6379195 0.6687111 0.2833728 0.7517560 0.4761744 0.3119535 0.5604172 0.6101730 0.6056157 0.5957478 0.5610014 0.4971611 0.4065859 0.2390439 0.3552964 0.3521029 0.2318111 0.2256483 0.0947025 0.3116304 0.3840595 0.2211647 0.0738028 0.2738447 0.5187251 0.0648850 0.2191358 -0.0433340 0.1582546 -0.2366352 0.4185148 0.1575928 0.0491504 -0.1956851 -0.2502903 0.3683513 0.5304142 0.4339602 0.0294370 0.2868982 0.3791783 -0.0004963 0.0983087 -0.1645001 0.2789263 -0.1451657 0.0187329 0.3193979 0.3451678 0.4754522 0.4265289 0.3574849 0.3239397 0.3004212 0.2362617 0.3768267 0.0402968 0.1058998 0.1613441 0.3221958 0.2596721 -0.1000015 -0.2279388 0.2796557 0.2690708 -0.2231280 0.2361379 -0.1286586 0.2434968 0.3209348 -0.1736905 0.0813710 0.2769807 -0.0356500 -0.1821950 -0.0949800 0.1726783 -0.0595677 -0.1103677 0.0545003 -0.2203640 -0.1179758 0.1697317 -0.0925696 0.0432867 0.0046215 -0.0032819 0.1352968 -0.0973261 -0.1456760 0.0272967 0.3013143 0.2564069 0.1955394 0.0072180 0.1130951 0.3745248 0.4088572 -0.0590333 0.3486673 0.3978063 0.1370457 0.1162939 0.3848047 -0.0210714 0.0913889 -0.0377617 -0.0989366 -0.0639338 0.4204935 0.3156075 0.4853235 0.1774885 0.1193323 0.0765772 0.4479280 0.4007419 0.5220856 -0.0237331 -0.1316085 0.0543745 0.4408652 0.6283148 0.3674261 0.2452578 0.0892998 -0.0112856 0.0796982 0.1376475 0.3086001 0.2004612 -0.0379377 -0.0709678 -0.0768353 0.2382926 0.1310090 -0.1957252 -0.0418074 -0.1575086 0.4015676 0.1792308 -0.3066478 0.3626187 -0.1029880 -0.0396317 -0.0895387 -0.3220697 0.2202062 -0.0540106 -0.0208894 -0.0427368 -0.0246890 0.2325708 0.6026984 0.5979201
0.2582552 0.2709392 0.0779260 0.5630465 -0.5308345 0.5763041 0.4316671 0.5194781 0.4196294 0.5627329 0.0000000 0.6015354 -0.1274554 0.1249398 0.4581541 0.5914905 0.2357348 -0.0117834 0.7017127 0.0084533 0.5938527 0.2397775 0.4516062 0.3453337 0.5935820 0.6441011 0.1352854 0.2426003 0.6170283 0.1544302 -0.0446994 -0.1343636 0.4469667 0.5689505 0.5444215 0.5776730 0.4654958 0.0862703 0.1933005 0.1565153 -0.4114638 0.5828558 0.3834555 0.5733747 0.4145295 0.7060702 0.5279264 -0.3807455 0.6789300 -0.0431795 0.4552137 0.2010660 0.4541838 0.1203235 0.3107144 0.6832298 0.4544996 0.6448309 0.4000930 0.4309685 0.5570792 0.1216443 -0.0823710 0.6874539 0.5836469 -0.0427142 0.7333310 0.3267802 0.5246021 0.5754324 0.3744926 0.6385815 0.5234264 0.5842209 0.2580415 0.5031621 0.4739689 0.2067276 0.6128097 0.2756027 0.6118458 0.6596308 0.6628570 0.4185808 0.2582947 0.3347195 0.5526947 0.5689931 0.3492289 0.4943663 0.5169131 0.6676153 0.3108071 0.5878193 0.4831336 0.4564158 0.4427113 0.2892683 0.3395708 0.6633346 0.6532417 0.2445336 0.5729406 0.6491637 0.5639252 0.5679215 0.2054152 0.6289485 0.2648991 0.3624821 0.6192958 0.5401040 0.7284666 0.5739121 0.4408124 0.4118516 0.3240749 0.3045516 0.4498807 0.3909977 0.2795772 0.2071746 0.5637872 0.7424404 0.2997221 0.2823312 0.4405224 0.6687415 0.1877507 0.4930622 0.1196299 0.4279690 0.4746967 0.4889606 0.3284399 0.7639923 0.1877147 0.1921004 0.0041052 0.7262265 0.2507840 0.4225330 -0.1545477 0.4079076 0.1975435 0.6772949 0.0738819 0.1292667 -0.0647220 0.4083762 0.5943728 0.5213309 0.1845396 0.2179782 0.2295772 0.6934918 0.2522250 0.2205987 0.0587555 0.7146381 0.1816145 0.4117666 0.7147110 0.6224096 0.1526693 0.4584923 0.7416878 -0.0409802 0.1147814 0.4306488 -0.0187895 0.0114626 0.4671831 0.4007021 0.1824160 0.2638974 0.6225299 0.5870342 0.7770271 0.6714312 0.8141433 0.6561059 0.3492707 0.6007711 0.0018251 0.6372931 -0.1362893 -0.1559716 0.2840990 0.2441286 0.5176258 0.3629512 0.3334817 0.6548070 0.4818592 0.5201741 0.5139347 0.4932428 0.3942333 0.3699208 0.3019230 0.1698789 0.6332421 0.5188778 -0.4377110 0.1325796 0.3463447 -0.0266337 0.0611936 0.2067744 0.5971596 0.4962700 -0.3019992 0.2786811 0.0746425 -0.2220832 0.1815155 0.0856849
0.3685164 0.4571308 0.3625223 0.7425676 0.0456073 0.5211408 0.5170456 0.5449779 0.5554709 0.3751848 0.6015354 0.0000000 0.1683010 -0.3409698 0.6466998 0.3605200 -0.2260087 0.1179887 0.6247706 -0.0684257 0.9538039 0.2651839 0.1167815 0.2796849 0.6411878 0.3948607 -0.2087321 0.1778921 0.8773612 0.0599897 0.1700603 0.3315343 0.3099408 0.6235997 0.1414230 0.8071878 0.3792667 0.0615194 0.0612916 0.0360195 0.0345037 0.7216826 0.0151477 0.5665734 0.2597215 0.3472156 0.2863059 0.0181162 0.5701398 0.0233650 -0.0006029 -0.2446911 0.3317828 -0.0946488 0.2363814 0.5495317 0.4328200 0.3183127 0.5665786 -0.0253054 0.5813486 -0.3130208 0.0104348 0.6298952 0.4700373 0.2149144 0.2261350 -0.0081224 0.4013513 0.2125920 0.2654848 0.7138306 0.2590331 0.7614306 0.3074592 0.6504640 0.7635077 0.2375738 0.6326564 0.4080964 0.5272860 0.3437075 0.4562804 0.2957840 0.0619989 0.4233930 0.6416212 0.3898726 0.3505741 0.3600129 0.6697988 0.7539019 0.3725722 0.5305170 0.4694376 0.6596777 0.5703197 0.3997906 0.3184365 0.4460880 0.5082438 0.4142175 0.5783726 0.6631772 0.7794785 0.4189505 0.3521092 0.5529094 0.4350749 0.5342346 0.6757053 0.5123949 0.5433511 0.5664041 0.4896321 0.3983027 0.3483575 0.2809230 0.4375467 0.5416906 0.3843526 0.3112176 0.5446661 0.6218885 0.4607241 0.3963163 0.2969285 0.3771840 0.1977658 0.4513835 0.0890992 0.4507943 0.2855286 0.5312512 0.4708086 0.4257960 0.1177471 0.0537863 -0.1252886 0.5434823 0.2816834 0.3863698 0.1854465 0.2712753 0.0238405 0.3951637 0.0765737 0.1509871 0.2247804 0.4690088 0.5504810 0.1878015 0.1951934 0.2831027 0.3734734 0.2794567 0.4707803 0.0990954 0.3859498 0.4828037 0.1562575 0.4571987 0.3329571 0.5632931 0.2627262 0.2599567 0.3866922 0.3088283 0.4706255 0.4680631 0.1511349 0.3633196 0.1244862 0.0371313 -0.0897834 0.2584566 0.6871942 0.4172822 0.7160704 0.4801473 0.4358253 0.6282068 0.5390857 0.5889321 0.1414634 0.5875013 0.0172075 0.1148157 0.6976503 0.5907268 0.6840407 0.4983218 0.4542608 0.7576010 0.6503823 0.5730596 0.5913248 0.6705643 0.4902050 0.3727071 0.1360487 0.1487610 0.4929565 0.5371008 0.0732485 0.1475959 0.4421844 0.0451629 0.1784249 0.2110841 0.5017243 0.4200047 0.0596079 0.4390908 0.2748314 -0.3111396 -0.2075490 -0.0573449
-0.0865541 0.2815265 0.5015410 0.3334280 0.6380080 0.0155870 -0.2114884 0.6894276 0.0689951 -0.0563695 -0.1274554 0.1683010 0.0000000 -0.1573144 0.1101580 -0.2128558 -0.2471213 -0.0571365 0.4300170 0.6484950 0.2617863 0.3836897 -0.0710442 0.2467261 0.4184868 0.1554964 -0.4092863 0.0416895 0.3452507 -0.4325628 0.3842546 0.4343970 0.3404637 0.3123653 -0.3250355 0.2290240 0.0209261 0.6433632 -0.3486967 0.0762534 0.6104447 0.3433267 -0.3857486 0.1997493 0.2692280 0.0499617 -0.2861690 0.6684446 0.4016928 0.1879342 -0.4542575 -0.1014614 0.1948800 -0.0187173 0.2089743 0.0358178 0.1479653 0.1915904 0.5414304 -0.5015618 0.3727269 -0.2163456 0.4161636 0.3725281 0.4843231 0.5702070 -0.2633523 0.0395577 0.2654377 0.2312839 -0.0827363 0.3993079 -0.1279630 0.4332611 0.2885658 0.2609952 0.4565774 -0.1289962 -0.1162837 0.3193044 -0.2213623 -0.1615553 0.3254128 0.4472102 0.5022584 0.2415695 -0.2975849 0.1475556 -0.0731803 0.1283001 -0.1299203 -0.0661923 0.2059526 -0.0142127 -0.2308119 -0.1221833 0.1527701 0.3109534 -0.2224641 0.0051845 -0.0085915 -0.0238879 0.3220267 -0.0201309 0.1289890 0.1676995 0.1343550 0.2568115 0.1155884 0.3009130 0.0515454 0.1485906 0.1264628 0.2595503 0.5064803 0.1485846 0.4070146 0.4972741 0.1423893 0.3582020 0.4504226 0.4668055 0.2314190 -0.1273435 0.4338394 0.1445115 0.4605174 0.0889415 0.1196515 0.2701214 0.3519786 0.3537171 0.2343919 -0.0486904 0.2593510 -0.2093009 0.1934211 0.0063864 0.0799756 -0.0824106 0.0880062 0.0911613 0.3743056 -0.0151129 0.0223040 -0.2804638 0.1261426 0.1384889 0.3408150 0.2211399 0.2493499 0.0336214 0.2710668 0.1265968 0.0952537 -0.2923079 0.2810884 0.2569916 0.3312982 0.1277896 0.1540617 0.2513368 -0.2020409 0.0939638 0.2110911 0.0244055 0.0353341 0.2860426 0.0807076 0.2175545 0.2820500 0.1703662 -0.2885046 -0.5052445 -0.4557350 -0.4993370 -0.1440024 -0.2568918 -0.0523122 0.1084900 -0.1772887 0.1249061 0.3660870 0.4522699 0.4007135 0.4495357 0.3437697 0.4139963 0.3928787 0.3536539 0.2451150 0.2696397 -0.2273055 0.1324127 0.1645812 0.0080702 0.0679734 -0.3218990 0.1292033 0.0116023 -0.2750503 -0.2016538 -0.3867971 -0.2635991 0.8103245 -0.2055060 0.1037319 0.7133133 -0.4037677 -0.0406323 -0.2165141 -0.3751817 0.3733940 0.0103594 0.3938228 0.4035714 -0.2010087 -0.0502030
0.1482019 0.0204247 -0.1179491 -0.2060927 -0.2204285 0.0518592 -0.1507309 -0.2279142 0.1189303 0.3545886 0.1249398 -0.3409698 -0.1573144 0.0000000 -0.0472146 -0.1017347 0.4244827 0.3619760 -0.1697557 0.1327137 -0.3302627 -0.0169072 0.0722974 0.2366669 -0.2912029 -0.0483028 0.3161962 0.1589678 -0.1891457 0.1364158 -0.1827859 -0.3298773 -0.0017891 -0.1690647 0.1532440 -0.4836478 0.1366648 -0.2119240 -0.1198623 -0.0884190 -0.3237389 -0.3017266 0.0745902 -0.3483415 0.0002591 0.1293826 0.0855444 -0.3659418 -0.0104820 -0.3295983 0.2671712 0.3126623 0.0221490 0.1235640 -0.1839090 -0.1893457 0.0284599 0.1340602 -0.3738032 0.1544588 -0.1391678 0.3686752 -0.2490454 0.1678484 0.1993963 -0.1066597 0.3011101 0.1118628 -0.2477674 0.3847806 0.0365534 0.1648836 -0.0222743 0.0104525 -0.0747459 -0.1758340 -0.1857030 -0.1422082 -0.2376778 -0.1744798 -0.3012994 -0.0586497 -0.1257084 -0.0727805 -0.1736327 -0.2658664 -0.1546360 -0.2761385 -0.2287154 -0.3290693 -0.4052099 -0.3062299 -0.3287327 -0.3917466 -0.3067282 -0.3739528 -0.3172987 -0.3554049 -0.3364156 -0.2271148 -0.2748759 -0.4662584 -0.2047512 -0.4222302 -0.5479860 -0.2940098 -0.4023430 0.0113543 -0.4830377 -0.4120828 -0.4721887 -0.4048960 -0.1037882 -0.3310712 -0.3476569 -0.2977561 -0.2535415 -0.1331790 -0.2550527 -0.4663625 -0.3639308 -0.2674940 -0.0236347 -0.0962226 -0.3948939 -0.3373808 0.0486072 0.1097708 -0.1414610 -0.1015736 -0.0607291 -0.0240859 0.0358622 -0.2927079 -0.3882961 -0.0314937 -0.1078451 -0.0709705 -0.0103905 -0.1777797 -0.3788661 -0.1980626 -0.2811227 -0.1572940 -0.0758241 -0.1385875 -0.0803181 -0.1234459 -0.3306926 -0.2589595 -0.2152166 0.1108442 -0.1278159 -0.3443639 -0.0283900 0.1978403 -0.0993479 -0.0585637 -0.1781486 0.0733485 0.1479384 -0.1396899 0.2196640 0.0480921 -0.0854086 0.0300073 0.0945332 -0.2979887 -0.3197775 -0.0766674 -0.2422170 -0.2959951 0.0531407 0.0923364 0.1235308 -0.1683027 -0.3443052 -0.3630860 -0.3217557 -0.3513680 -0.1596922 -0.4350096 -0.4819266 -0.4241610 -0.2222150 0.0478131 -0.0433585 -0.2353508 -0.2855120 -0.1844281 -0.4915669 -0.2040774 -0.3086308 -0.3612066 -0.4204429 -0.3043752 -0.3960877 -0.2665660 -0.3718721 -0.2654992 0.1778549 0.0360629 0.0988635 -0.1434626 -0.0989522 -0.1305938 -0.1824065 0.2853099 0.1119976 -0.0406979 0.0654980 -0.2885159 0.0436135 -0.0434680 0.1088128 0.3501825 0.4262185 0.2233712
0.2085719 0.5227092 0.4969257 0.7664517 0.1810668 0.5571344 0.5766754 0.4314020 0.9293305 0.3291445 0.4581541 0.6466998 0.1101580 -0.0472146 0.0000000 0.0945500 -0.5300694 0.6866752 0.3737764 -0.1456934 0.6259268 0.2673142 -0.1319654 0.6299397 0.5223037 0.2138680 -0.2650318 0.6277118 0.7277094 0.4296931 -0.1640101 0.1529241 0.5978570 0.5179597 -0.0338242 0.4422868 0.2219988 -0.1751415 0.0022694 0.3155365 -0.1034830 0.4019898 -0.1409071 0.7285482 -0.0819856 0.2334014 -0.0157263 -0.0995917 0.6396541 -0.0342893 -0.0385143 0.0162415 0.0679927 0.0030965 -0.0481069 0.3449272 0.0783847 0.3083247 0.0125185 -0.0840791 0.2002888 -0.0167188 -0.0973394 0.5422199 0.2675748 0.1058526 0.0168191 0.1571488 0.1296383 0.2466701 0.0119511 0.5128184 0.2399570 0.4527089 0.1934966 0.3768208 0.4922833 -0.0032486 0.2565648 0.2147991 0.1143294 0.0704584 0.2274157 -0.0752852 -0.3019839 0.2424703 0.5919195 0.0271740 0.2902419 0.2046102 0.5750140 0.7156271 0.2414211 0.3953376 0.3902714 0.4237258 0.3043267 0.2365654 0.0820946 0.4365753 0.3669906 0.0782634 0.5078191 0.5670993 0.5387163 0.1222691 0.2850019 0.3814330 0.2525407 0.3528292 0.5301405 0.3855752 0.3716770 0.3626250 0.2924569 0.4042568 0.3086564 0.1972090 0.3469659 0.3870684 0.2931694 0.2973654 0.1454902 0.5546891 0.3826400 0.2326246 0.3343873 0.2255678 0.1176184 0.4098433 0.1528845 0.3410364 0.1465602 0.1498332 0.1977130 0.2620830 0.0388313 -0.1142351 -0.1637564 0.3133622 0.0956885 0.1978410 0.2818079 0.0277830 -0.0878779 0.3693446 -0.0313173 0.0566695 0.2756639 0.2756694 0.4559495 0.2750546 0.1040556 0.2890135 0.1984528 0.0781401 0.4026590 0.1970717 0.2111622 0.4933503 0.2863787 0.3867400 0.0501213 0.5149011 0.2525219 0.1396934 0.2341092 0.2650629 0.2666552 0.4249325 0.1873539 0.3362031 -0.1090690 -0.1619435 -0.1628328 -0.1472837 0.3171655 0.2616256 0.3485707 0.1348120 0.2242001 0.3331661 0.2955073 0.3270078 -0.0584221 0.1834382 -0.0608480 -0.1170513 0.3837419 0.3585268 0.5413861 0.2434998 0.2893120 0.5193045 0.4428987 0.2872151 0.3472355 0.4762676 0.1250805 0.1809164 0.0984956 0.3834937 0.5282289 0.3572804 -0.1083882 -0.3304632 0.2816147 0.2352260 0.0948587 0.3360432 0.6248182 0.1828846 -0.2681583 0.2169181 0.2851190 -0.2416370 0.1865448 0.2413535
-0.0323767 0.0615209 -0.4116606 0.1564332 -0.6326659 0.4023946 0.3914942 0.0705400 0.1589070 0.5043232 0.5914905 0.3605200 -0.2128558 -0.1017347 0.0945500 0.0000000 0.1586077 -0.0998028 0.6070857 0.0700080 0.3065383 0.1167407 0.6947344 0.2507422 0.4294444 0.6858169 0.0882062 0.3094927 0.2700757 0.1370769 0.4525482 -0.0508727 0.3240565 0.1875308 0.5032143 0.2282034 0.5075320 0.2392821 0.3408495 0.1569369 -0.0947175 0.1055778 0.4462649 0.2940157 -0.1627863 0.7385820 0.6629671 -0.1278338 0.2312956 -0.0855282 0.4793428 0.3280673 0.0075657 0.0094895 0.7479700 0.7798633 0.5715593 0.4447211 0.1371392 0.4868905 0.0839648 0.2223946 0.3144170 0.5561809 0.2647746 0.1474386 0.6416852 0.4192423 0.4781970 0.4953750 0.7441148 0.2612027 0.7786811 0.2760600 0.6618311 0.5564476 0.0344262 0.7135627 0.6044801 -0.0973528 0.3755085 0.6059264 0.5258376 0.3690292 0.2670203 0.1810757 0.3981685 0.6429529 0.2864155 0.6778348 0.2896702 0.4038249 -0.1358217 0.6241250 0.5641172 0.5006295 0.0802732 -0.1486620 0.8079868 0.6663840 0.8138002 0.0793722 0.3132636 0.3993782 0.2428550 0.7397816 0.0075036 0.3668162 0.0307627 0.1533140 0.6406786 0.6283115 0.6130924 0.5335501 0.3849503 0.3873216 0.2259443 0.1621396 0.4021322 0.1829333 0.0501847 0.0980483 0.0842838 0.2078449 -0.0094620 -0.0671087 0.0061239 0.1022028 -0.1515646 0.0460870 -0.2623010 -0.1594066 0.0019614 0.1136453 -0.0700236 0.3920857 -0.1280826 -0.1474866 -0.2353450 0.3255329 -0.1153787 0.0177692 -0.3899366 -0.0874161 -0.0855570 0.3061040 -0.3221875 -0.2780362 -0.2832477 -0.0970217 0.1057993 -0.0716435 -0.2631241 -0.1166074 -0.3409385 0.2826365 -0.2496196 -0.2934093 -0.3012603 0.1259815 -0.2453584 -0.1899125 0.2141779 0.1118237 -0.3009148 -0.0586609 0.1749832 -0.3269074 -0.1537718 -0.2099161 -0.2753667 -0.2742763 0.6642777 0.6238394 0.4991159 0.5841780 0.4907505 0.4503500 0.7017773 0.6458268 0.8087752 0.2787181 -0.0895134 0.2529321 0.4327047 0.4188675 0.2319294 0.0829408 -0.1723654 -0.2425599 0.3255235 -0.1007183 0.3095212 0.4727421 0.1647459 0.2159334 0.1365827 0.2542607 0.1305295 0.0158858 -0.0771689 -0.3069717 0.3126819 0.2220818 -0.5543094 0.4912763 -0.0189596 -0.2844281 -0.2099184 -0.2915404 0.2698160 0.1938252 -0.4459444 -0.2094625 -0.4470205 -0.0493815 0.2478375 0.1126537
0.1050682 -0.1870561 -0.3988278 -0.3573592 -0.4998582 0.1559447 -0.0088747 -0.1157775 -0.4054440 0.3432676 0.2357348 -0.2260087 -0.2471213 0.4244827 -0.5300694 0.1586077 0.0000000 -0.4025269 -0.1529200 -0.0380240 -0.2097023 -0.0644717 0.4698702 -0.4959151 -0.3517779 0.1723098 0.8100455 -0.5072687 -0.2787540 0.1347578 -0.1565083 -0.2074965 -0.3803888 0.0495800 0.4315449 -0.1763935 0.1849390 -0.0019113 0.4364064 0.0000744 -0.4040598 -0.1253367 0.5082243 -0.3072219 0.3232892 0.1212340 0.2847496 -0.2800670 -0.0599908 -0.3404913 0.4241305 0.3504681 0.4328920 0.4319887 0.0173929 -0.0984821 0.1932776 0.3601628 0.1446531 0.4847964 0.1459768 0.3625983 -0.1056043 -0.0617884 0.2364880 -0.2270846 0.5720904 0.3028937 -0.0298750 0.1973509 0.1086620 -0.0522256 0.1333334 -0.0530278 -0.2169244 -0.1598404 -0.1649609 -0.0471084 0.1369758 0.1939074 0.3516129 0.2184835 0.2194014 0.4149516 0.3598939 0.0881068 -0.0267166 0.3718327 0.0289030 -0.0095013 -0.3289739 -0.2383319 -0.1219371 0.1381787 0.0061400 -0.1137823 -0.0707522 -0.1154187 0.1664500 0.1268144 0.0710472 0.0293361 0.0049724 0.0077276 -0.2538437 0.0855273 -0.2731122 0.0511140 -0.2727557 -0.2483798 -0.1354879 -0.1590254 0.0518453 0.0173408 -0.0358819 -0.1313104 0.0078899 0.0646681 -0.0072646 -0.2315202 -0.0848679 -0.1051758 0.2996627 0.1701686 -0.3002475 -0.2033710 0.0914535 0.2421899 -0.1435140 -0.0020892 -0.1304119 0.0189037 0.2149466 -0.0613768 -0.1370916 0.1798225 -0.0622611 0.0882606 0.0330081 0.1050942 -0.1153000 -0.0728255 -0.3922987 0.1681220 0.0445878 0.1036832 -0.0056628 -0.0528088 -0.4023989 -0.1469563 -0.1583979 0.0288410 -0.1515412 -0.2565607 0.1168482 0.3829272 -0.1478819 -0.1157174 -0.1452712 0.0497293 -0.0014166 -0.1778629 0.5344722 -0.0311859 -0.1363370 0.1453847 0.3323690 -0.3148922 -0.1963257 -0.1841650 -0.3543961 -0.3843460 0.3414716 0.3385908 0.3845733 0.1605579 0.0126888 0.1038843 0.1538950 0.2994033 0.2772122 -0.0734657 -0.1936414 -0.1460454 -0.0221876 0.2678147 0.0635115 0.1292767 -0.1400563 -0.1527745 -0.3112664 0.1500436 0.0749432 -0.1190745 -0.2225668 0.0014160 -0.0418831 -0.0141816 0.2778255 -0.0653219 0.2958778 0.0582058 0.1531540 0.1969929 -0.1620202 0.5391546 -0.0978178 -0.2086134 0.2170701 0.0475204 -0.0052573 0.2019754 0.4081001 0.1404233 -0.1085638 0.2142081 0.2976022 0.1606329
