0.0000000 0.4514982 0.8208449 0.2378343 0.5230193 -0.0782234 0.4627291 0.4728230 -0.3122567 -0.2093858 -0.3255375 0.2376059 0.6062877 -0.2655900 -0.2289928 -0.0210570 -0.4074462 -0.0925517 0.1327298 0.2099631 0.1175243 0.2634530 0.0830956 -0.1360308 0.0938776 -0.0066729 -0.3774873 -0.0937517 -0.2506457 -0.2210321 0.1577573 -0.0426701 -0.1906527 -0.2451526 -0.0902865 0.0756374 -0.1012413 -0.0364491 -0.3153371 -0.4070921 0.0114310 0.0871966 -0.0620557 -0.2584234 0.4362726 -0.1825556 -0.2355250 0.0457449 -0.1461282 -0.3307127 -0.2479232 -0.0592169 0.0058271 -0.1151209 0.1805653 -0.1616246 -0.2064480 -0.0834003 0.0124423 -0.2242727 0.5211948 -0.0637668 0.2102481 0.1096720 0.1817302 0.0126374 -0.4328979 -0.1480054 0.2233998 0.0473180 -0.1110155 0.2275686 -0.0677292 0.3897715 0.1058637 0.2342812 0.3489866 0.1846046 0.0000914 0.4833265 0.0080617 0.0723388 0.3964880 0.2895416 0.1351467 0.5049595 -0.1628114 0.0638042 0.2640107 0.4088251 -0.0058926 -0.3818416 0.0826382 0.0953102 -0.0073926 0.1840435 -0.2274484 0.3080342 0.0803572 0.0626674 0.2224652 0.3981839 0.2385455 0.1423737 0.1079024 0.1514013 0.5230431 0.4464418 0.3118494 0.3745897 0.4554271 0.2301179 0.1668220 0.4481867 0.0773619 0.1815326 0.3625726 0.2221513 0.4124534 0.4101629 0.2969957 0.3754358 0.0721143 0.1145163 -0.0818304 0.4536489 0.5367516 -0.0346482 0.0154211 0.0490680 -0.0413241 0.1358807 0.5272432 -0.2093878 -0.1171168 0.2585344 -0.1663546 0.0093515 0.0719923 0.1117157 0.4799482 0.2568835 -0.4387845 0.1105923 0.1806592 0.1845270 0.5312510 0.5422700 0.0608167 0.4069649 0.0675864 -0.1387563 0.5255748 0.2499319 0.5744760 -0.4631780 -0.3471020 0.4860731 -0.1638173 -0.5327439 0.5469956 0.1615882 -0.3433719 -0.5227823 0.5684959 -0.3780897 -0.3820997 0.2342436 0.0313414 -0.2632332 0.1439779 0.2666792 0.0359363 0.5592107 0.4712358 0.5730322 0.6346005 0.6607473 0.5644481 0.3928587 0.2264510 0.3260719 0.0683375 0.2563102 0.0935897 0.5635732 0.2655154 0.0871212 0.5438650 0.3755346 0.3868487 0.4764831 0.4303025 0.1497098 0.2330044 0.3360951 0.2963291 0.5668117 0.3315251 0.3626440 0.3119892 -0.4090435 -0.5499187 -0.2678750 0.4681519 0.2857994 0.0771253 0.0582757 -0.3341252 -0.0618205 -0.1753714 -0.2374056 0.3814555 0.6054489 -0.1586575 -0.2025004 0.3412774 0.0268628
0.4514982 0.0000000 0.6443469 0.6847439 0.6436961 0.4004852 0.7830673 0.8585120 0.1162054 0.1615716 0.0620941 0.7510854 0.5596908 -0.2163888 0.0448321 0.2697050 -0.1885668 -0.1416159 0.3049903 -0.1571533 0.5949128 -0.0859871 0.2677148 -0.0859917 0.3852790 0.0900975 -0.2248969 -0.3209722 0.1513966 -0.3259079 -0.1342972 0.1325551 -0.0780806 0.1549894 0.1835821 0.2823188 -0.1281175 -0.0247695 -0.0916708 -0.5031375 -0.1339815 0.0383914 0.2123739 -0.2349846 -0.1517220 -0.0396226 -0.1088873 -0.2923447 0.0328721 -0.1683323 0.0162408 0.1303218 0.2621603 0.0665611 -0.2386552 -0.3863680 -0.2971347 -0.0672472 -0.2169141 0.0171705 0.1093561 0.0517534 0.0405746 0.2722414 0.1720950 -0.0981436 -0.0941160 0.0340302 0.0143481 0.3443253 0.0332856 0.5314168 0.1130848 0.5872951 -0.0100865 0.2007107 0.4556643 0.0119922 0.1367453 0.3849503 0.1911725 0.4016499 0.4543859 0.5079719 0.4569571 0.3966909 0.0485466 -0.2958557 0.2711635 0.2428690 -0.1814739 -0.2879224 -0.0532758 -0.0747586 -0.0819450 0.0306760 -0.2109064 0.2986418 0.1546645 -0.0577405 0.2524266 -0.1480598 0.4150990 0.0692124 0.0013862 0.4218157 0.2990482 0.6598739 -0.0219524 0.5541518 0.3860361 0.4409422 0.1681241 0.5084513 0.3097739 0.3420516 0.2339375 -0.2030035 0.5373381 0.1738149 0.1844077 0.3213667 -0.3133333 0.1577202 -0.2387225 0.3441722 0.3132497 -0.2953573 0.0205498 -0.2082793 -0.3834623 -0.3449347 0.0680782 -0.0863074 -0.1053498 -0.2535924 -0.0890496 0.2319843 -0.0711725 0.1283394 -0.0631470 0.0229517 -0.1834741 -0.0604440 0.3405293 -0.3135677 0.2500507 0.3033180 -0.0475759 -0.0418981 0.0560394 -0.2118650 0.3467106 -0.3799650 0.2412439 -0.3257654 -0.3742477 0.4482900 -0.0864070 -0.0793530 0.3196601 0.2400821 -0.2395177 -0.3884690 0.3255969 -0.1471473 -0.4925293 -0.0654529 0.0488797 -0.1582173 0.0060552 0.1286126 0.4480791 0.5035612 0.7737941 0.7860411 0.7546279 0.4334338 0.7390959 0.1319839 -0.1372030 -0.0783949 -0.1372694 -0.0447317 -0.1020790 0.2545409 -0.0417520 -0.1609430 0.4237596 0.4698569 0.2592902 0.5182236 0.5232784 0.1736767 0.2024061 0.3479744 0.3982917 0.7433460 0.3661537 0.5027258 0.0738997 -0.5044416 -0.4889628 -0.4920820 -0.0857443 0.4895192 0.2435541 0.2357170 -0.1247221 0.0917838 -0.5577573 0.2791678 0.1613531 0.6439022 0.1589530 0.1780506 0.2209965 -0.1661901
0.8208449 0.6443469 0.0000000 0.4161344 0.7556284 -0.0217491 0.4992865 0.5453005 -0.2665428 -0.2044970 -0.3443850 0.4187821 0.6208664 -0.2954272 -0.1799345 -0.0251393 -0.4525912 -0.1477663 0.1567290 0.3745795 0.1628881 0.1466930 -0.0974348 -0.1743703 0.1908784 -0.0338514 -0.4453951 -0.1450592 -0.2685698 -0.2274240 0.2086023 0.0281364 -0.1717809 -0.1858599 -0.0898608 -0.1138409 -0.1079375 -0.0581126 -0.3972661 -0.5493650 0.0135392 -0.2217984 -0.0892591 -0.3084064 -0.0532489 -0.1771071 -0.1991207 0.0363443 -0.1747237 -0.2187958 -0.2314819 -0.1073012 0.0166417 -0.1798248 0.2257967 -0.0518776 -0.1718270 -0.2738426 -0.2683830 -0.1772161 0.0935601 -0.1893512 0.3750208 0.1088211 0.1610500 0.1540149 -0.4430447 -0.3044105 0.3677330 0.0311414 0.0599924 0.3156572 -0.1125147 0.4753427 0.3040968 0.2332485 0.3929106 0.3357845 0.2068357 0.6161152 0.2951190 0.0969120 0.3714974 0.4473553 0.2479405 0.5271541 -0.1613701 -0.1030983 0.2946706 0.2684782 -0.0272558 -0.4917354 -0.0365794 -0.1169078 -0.0826765 0.0461506 -0.3062948 0.3452001 0.0641002 -0.1019529 0.2008509 0.2944192 0.2651678 0.0446372 0.1241464 0.3553368 0.3902629 0.6380876 0.2952451 0.4310075 0.4137377 0.0983047 0.3686562 0.6788944 0.1152373 0.2771913 0.5451520 0.0335501 0.4950763 0.2662364 0.2696802 0.4365889 -0.2255316 0.0021355 -0.1361545 0.3843506 0.5536136 -0.4101503 0.1331033 -0.1271503 -0.0474589 -0.0370864 0.4676102 -0.3436029 0.0785504 -0.1457800 0.0084516 0.3129194 0.3370871 0.0581630 0.3826552 0.3009424 -0.2042351 -0.0140529 0.2016498 -0.0135440 0.5945891 0.6214432 0.1414249 0.3949034 0.0286949 -0.2727923 0.6173031 0.0465770 0.6009259 -0.4923949 -0.4590179 0.4686412 -0.3698594 -0.4071601 0.5710450 0.3918466 -0.4131200 -0.6718637 0.6362749 -0.3863744 -0.5570405 -0.0946969 -0.2282611 -0.1073419 0.1316744 0.1455964 0.0842401 0.5092330 0.5110958 0.6864491 0.7257829 0.6987981 0.6521783 0.2174501 0.1605657 0.1409217 -0.1769746 0.0511307 -0.1025625 0.4231695 0.0956568 0.0367167 0.5439681 0.4530137 0.2616297 0.5169670 0.5000648 0.0350368 0.1235982 0.2359672 0.1880567 0.6926389 0.5349803 0.3347734 0.2761230 -0.4521635 -0.6991845 -0.4786739 0.5214076 0.4372587 0.0657548 0.1802473 -0.3664650 -0.0120311 -0.3505977 -0.1523137 0.4039767 0.6253184 -0.0591118 0.0293360 0.2431969 -0.2189064
0.2378343 0.6847439 0.4161344 0.0000000 0.3657632 0.8491108 0.6694136 0.8500453 0.5344504 0.6943246 0.5472337 0.7756282 0.6759111 0.1831343 0.4387379 0.5429958 0.2032626 0.2356044 0.4890919 0.0445913 0.6245193 0.1794306 0.4703978 0.2897211 0.6371252 0.3386281 -0.1394436 0.0730177 0.4501271 0.0719652 0.0343797 0.4170106 0.4226515 0.5843444 0.3836045 0.3854392 0.0519942 0.4327301 0.2484907 -0.0854762 0.0576110 0.1489161 0.3286317 0.3966492 -0.0182401 0.2019456 0.1950712 0.0151500 0.5913580 0.1084324 0.2936780 0.2729499 0.6792169 0.4072580 0.0307795 0.0314008 0.0770478 0.3865597 -0.4445870 0.2931571 0.1868523 0.1367969 0.1898053 0.6328966 0.3846631 0.1675443 0.1070795 0.4352573 0.2481285 0.5840047 0.3147648 0.7971627 0.5835912 0.5121781 0.2159795 0.5611459 0.4664828 0.3384392 0.4568065 0.1567793 0.2935443 0.3913104 0.2859958 0.5217935 0.2408351 0.1541778 -0.1002021 -0.3293601 0.1082143 0.1473589 -0.5891702 -0.2936088 -0.3004079 0.0770801 -0.3455157 -0.1485400 -0.5322588 -0.1677145 -0.0990506 0.0100866 0.3061897 -0.4507630 0.3221119 0.1446091 -0.4528018 0.2614775 0.2094246 0.5736061 -0.4017757 0.1683247 -0.2096256 0.2723168 0.2012345 0.3243130 -0.2473549 -0.1170628 -0.0901330 -0.4693231 0.4654863 0.0231989 0.4854713 0.5750141 -0.2874050 0.3020660 0.0265693 0.0523003 0.3795873 -0.3875977 -0.1249866 0.2270082 0.1459341 -0.5363484 -0.0833515 0.2194601 -0.4852722 -0.0603579 0.3821045 0.1383753 0.2008337 0.2088514 -0.0717183 0.1329723 -0.2583039 0.0465715 0.4679702 0.0400066 0.0467257 -0.0196593 -0.3649691 0.1183621 0.2897041 -0.1941600 0.1891438 -0.3743000 0.0591978 -0.4121268 -0.4701018 -0.1110859 -0.3240306 -0.1850703 -0.0752857 0.0765000 -0.2293142 -0.5105622 -0.0009449 -0.2456747 -0.4994073 -0.5449327 -0.2420695 -0.2517264 -0.3832053 -0.1492683 0.3871039 0.2856182 0.5684316 0.4298366 0.2862676 -0.1058299 0.2906885 -0.2290766 -0.4377966 -0.3941227 -0.4086421 -0.3429161 -0.4531483 0.4803773 -0.4015535 -0.4093806 0.0562192 0.1178559 -0.0077295 0.0935419 0.0404626 -0.0264833 0.0065765 0.0897803 0.2051924 0.4054129 -0.0146328 0.1921204 -0.0754160 -0.4157076 -0.2002699 -0.4211458 -0.1932102 0.3417927 0.2263615 0.3485776 0.1041193 0.0062930 -0.0907834 0.4668434 0.1651540 0.2967901 0.3836809 0.0750511 0.5005443 -0.1560366
0.5230193 0.6436961 0.7556284 0.3657632 0.0000000 0.0396482 0.2360791 0.4595274 -0.2282420 -0.1835142 -0.2479622 0.3828164 0.5941303 -0.3935154 -0.2120183 -0.0647754 -0.3507759 -0.3273731 -0.0413553 0.1434934 0.4260776 0.1583634 -0.0630349 -0.2901688 0.0393484 -0.1545624 -0.2725373 -0.3555664 -0.1184741 -0.2946393 0.3059261 -0.0668150 -0.2582371 -0.2243057 -0.0341394 0.0932660 -0.0634187 -0.0050151 -0.0665258 -0.3688042 0.0457585 -0.2912373 0.1921927 -0.3996013 -0.3565811 -0.1511641 -0.1710180 -0.0100240 -0.2788911 -0.1212049 -0.1574604 0.1089496 -0.0141414 -0.2193616 0.1583316 0.0624738 -0.1030908 -0.4356791 -0.2263586 -0.0864166 -0.1823142 -0.1516735 0.1786990 0.0147464 0.2829386 0.0774566 -0.2818978 -0.3781802 0.1680328 -0.0423679 0.0402002 0.2228803 -0.2837689 0.4437873 0.2252649 -0.0712736 0.3289192 0.2651257 0.1974265 0.5109345 0.5765151 -0.0060205 -0.0126394 0.1917077 0.0365449 0.0940448 -0.2322782 -0.5507102 -0.0652096 -0.2061299 -0.2235933 -0.5735584 -0.3900782 -0.3887045 -0.2681339 -0.2505166 -0.3898770 0.2012888 -0.0349727 -0.2352686 -0.2920660 0.3139898 0.3077030 -0.2226342 -0.1210359 0.1934982 0.0310881 0.5932137 0.1202058 0.2516213 0.2756423 -0.0047909 0.3113943 0.6795266 0.1138962 0.4485767 0.6612453 0.0856480 0.5989364 0.0683262 0.1353388 0.4538925 -0.1421541 0.0378893 -0.2099409 0.3644317 0.5097472 -0.3170278 0.0430087 -0.1591089 -0.2296688 0.0229523 0.4556821 -0.1903075 0.2665721 -0.3520879 -0.2378350 0.1154873 0.0045276 -0.0319750 0.0300972 0.0741768 0.1309271 -0.0208158 -0.0538958 -0.2349360 0.1941174 0.3113679 -0.0399295 0.0501917 -0.2083984 0.0162465 0.2071180 -0.2121878 0.1698753 -0.0490252 -0.2216212 0.2652724 -0.1060703 -0.1733907 0.2917525 0.2012980 -0.0759096 -0.3654100 0.2613662 0.0673996 -0.2687802 -0.0762420 -0.2134544 -0.2731626 0.0096430 0.0080119 0.2417998 0.3303015 0.2661730 0.5518618 0.6259233 0.5062278 0.7400669 0.2933418 0.1237761 0.0613218 -0.1304098 -0.0280127 -0.0470139 0.1708965 0.0586523 0.0923134 0.5635027 0.6987526 0.1319186 0.6777648 0.6533522 0.1336258 0.1676072 0.3230034 0.2695197 0.7605297 0.5378083 0.3805679 0.1962265 -0.3181383 -0.4554127 -0.3143212 0.2549361 0.5215339 0.1322759 0.0030536 -0.1747878 0.1520254 -0.2895142 0.0837452 0.4084224 0.4540296 -0.0310575 0.3445360 0.0216309 -0.2950812
-0.0782234 0.4004852 -0.0217491 0.8491108 0.0396482 0.0000000 0.4608226 0.5712058 0.8315703 0.9267506 0.8580656 0.6544698 0.4162195 0.4155276 0.6991889 0.6194668 0.5557667 0.4126205 0.3558215 -0.0710314 0.5879074 0.1775137 0.6304252 0.4848161 0.5102599 0.3436789 0.2276255 0.2291753 0.6225175 0.3079136 0.0480203 0.4634976 0.5647720 0.6909551 0.5032667 0.5554539 0.1942491 0.5168329 0.5416533 0.2642001 0.1461444 0.3110615 0.5069956 0.6032085 0.0216431 0.2990450 0.2850147 0.0456025 0.7510335 0.2262567 0.4531494 0.4215429 0.7512055 0.5011077 -0.0218990 0.1314127 0.2074732 0.5198903 -0.2870894 0.4476805 0.1896588 0.2917362 0.0509297 0.6979704 0.4228871 0.0906129 0.3821872 0.6226349 0.0669799 0.5898300 0.3468204 0.7254046 0.7762225 0.4513313 0.0532335 0.5610876 0.4592619 0.2885647 0.4295958 -0.1508701 0.3157685 0.2411942 0.0593489 0.1945062 0.0088676 -0.2175279 -0.2629790 -0.4278724 -0.2028450 -0.1057080 -0.6364012 -0.1644123 -0.3690110 0.1057103 -0.4069639 -0.2614356 -0.4823265 -0.4640121 -0.2745714 -0.0299408 0.0976516 -0.6220571 0.3422219 0.0950706 -0.5651604 -0.0455917 -0.0830083 0.2582259 -0.5863476 -0.1286027 -0.4112744 0.1366954 0.0182682 -0.0994145 -0.3721696 -0.3494773 -0.4662224 -0.4995014 0.2113552 -0.1090765 0.4609338 0.3223063 -0.1034646 0.2888883 0.1497917 -0.2223233 0.1931279 -0.1927565 -0.3180495 0.3562692 0.1712278 -0.4362554 -0.1306307 0.3697868 -0.4929619 0.1061266 0.3698150 -0.1024426 0.1131985 0.0856942 -0.3128633 -0.1614619 -0.0660445 -0.0162682 0.3031992 0.1759547 -0.2844328 -0.4021416 -0.5169326 -0.2225119 0.1632189 -0.1377486 -0.1752230 -0.3079097 -0.3231931 -0.1504800 -0.1947985 -0.4135275 -0.1402325 -0.0817755 -0.4647876 -0.3371030 0.0749176 -0.1764149 -0.3637257 -0.1057231 -0.1916417 -0.5166381 -0.1785338 -0.4557409 -0.6518471 -0.3590665 0.2980199 -0.0371580 0.2807957 0.0014732 -0.1483520 -0.4433079 -0.0823529 -0.1897448 -0.3735279 -0.6171416 -0.3965930 -0.5278172 -0.4853991 0.4794929 -0.4914888 -0.2703489 -0.0624118 0.0047128 -0.2337096 -0.0959028 -0.1183985 -0.1627275 -0.1449547 -0.0901231 0.0700332 0.1156437 -0.2791998 -0.0550678 -0.1628494 -0.2584509 0.1302188 -0.2549279 -0.3948068 0.2832761 0.1191289 0.3242467 0.4292580 0.1583804 0.0421263 0.6447155 0.1488087 0.0489712 0.5051287 0.1234322 0.5857630 0.0118832
0.4627291 0.7830673 0.4992865 0.6694136 0.2360791 0.4608226 0.0000000 0.8154979 0.3532953 0.3124685 0.2405552 0.7637250 0.3441612 0.1332188 0.3563560 0.2430765 0.0367554 0.2517680 0.3183052 -0.1349281 0.3279301 -0.2860985 0.1821291 0.2457127 0.3340359 -0.0197863 -0.1443538 0.0411802 0.2749189 -0.0992156 -0.4269610 0.0606560 0.1977338 0.3793068 -0.0041934 0.2749131 -0.2921297 -0.1221917 -0.2139571 -0.5473403 -0.3043810 0.2395457 -0.0043155 0.0363154 0.1905792 -0.1305446 -0.2268777 -0.3625034 0.2579233 -0.2760671 -0.1126472 -0.1291673 0.4082745 -0.0070760 -0.2389598 -0.4156763 -0.4355653 0.0513969 -0.1930339 -0.1233570 0.4227947 -0.0959132 0.0860496 0.3733374 0.1264475 -0.2248554 -0.1172718 0.1077600 0.0046283 0.3405894 -0.0090810 0.6426276 0.2992796 0.5859007 -0.1461983 0.4200163 0.3947231 -0.0347416 0.1730324 0.2187610 -0.0832834 0.5030096 0.6775583 0.5506992 0.4989710 0.4612400 0.0993820 -0.0090384 0.3697203 0.4711643 -0.0340893 -0.0155605 0.3582441 0.1858907 0.0596197 0.3768476 0.0229526 0.3028293 0.0087596 0.0503834 0.5942519 -0.2372302 0.2596753 0.2378635 0.1487163 0.4511022 0.3127386 0.4249358 0.0299826 0.3052926 0.2607695 0.3416557 0.1336960 0.2229547 0.2389014 0.0262879 -0.0001402 -0.3518539 0.3352960 0.1094878 0.2145274 0.2990772 -0.1862676 0.1151177 -0.1137903 0.0202641 0.3708442 -0.1752882 -0.2076460 -0.0444821 -0.1929703 -0.3563939 -0.0278711 -0.0846776 -0.4695184 0.0433575 0.1081740 0.0450654 0.0513311 -0.0169653 -0.0563926 -0.0804145 -0.3235796 -0.2471435 0.3229704 -0.0094912 0.3746731 0.3305286 -0.0575071 0.1255451 0.1677238 -0.5502628 0.4833127 -0.2733873 0.3990290 -0.4599962 -0.2420271 0.3062644 -0.0115777 -0.2155740 0.3647919 0.1768435 -0.2718388 -0.3262620 0.3830369 -0.4694282 -0.5488365 -0.0551997 0.1750605 -0.0433168 -0.0806979 0.1869334 0.2252542 0.3483019 0.7865847 0.6591908 0.5492947 0.2959699 0.3975499 0.0797693 -0.1045814 -0.1025181 -0.1279588 -0.0543466 -0.1426889 0.3990190 -0.1091002 -0.2158712 0.2690217 0.2206667 0.0833596 0.1867673 0.2814557 -0.1194325 -0.0874179 0.0242538 0.0822442 0.4533809 0.1690383 0.1419828 -0.1578973 -0.6374237 -0.5834908 -0.6382391 -0.1885469 0.1919398 0.0334211 0.3022006 -0.2878973 -0.1210659 -0.5114966 0.0823166 -0.0805043 0.4807247 0.2148077 -0.1346579 0.2890320 -0.2258095
0.4728230 0.8585120 0.5453005 0.8500453 0.4595274 0.5712058 0.8154979 0.0000000 0.2093162 0.4012997 0.2518418 0.7551861 0.7208386 -0.0297523 0.1220514 0.4005234 -0.0832301 0.0550485 0.4820696 -0.0746368 0.5870573 0.0445214 0.3486161 0.1250087 0.5258583 0.2272542 -0.3908994 -0.1333034 0.3201575 -0.2561788 -0.1670453 0.1926780 0.2186905 0.4416035 0.1840426 0.3405341 -0.1697403 0.1557112 -0.0655800 -0.4481810 -0.1805879 0.1426442 0.1312325 0.1225308 0.1476521 -0.0551327 -0.0699424 -0.2457871 0.3817612 -0.1925619 0.0015467 0.1024064 0.5610300 0.2662669 -0.2310697 -0.4013423 -0.2812066 0.2776750 -0.3470668 -0.0211307 0.3786028 0.0545047 0.0065156 0.5038646 0.3203808 -0.0893544 -0.1823953 0.3080967 0.0453635 0.5755160 -0.0001733 0.7130016 0.2950074 0.5464382 0.0054781 0.4208797 0.4610624 0.0498732 0.2241797 0.2581116 0.0116272 0.5631851 0.5169101 0.5826918 0.4418928 0.4308497 0.1634819 -0.1227122 0.3045019 0.3688770 -0.3829783 -0.2114082 -0.0726891 0.2253057 -0.1718055 0.1339602 -0.2740615 0.2539364 0.0870033 0.1654071 0.3965720 -0.2094710 0.3501648 0.2712870 -0.1347388 0.4186413 0.4019455 0.6074113 -0.2185514 0.4090201 0.1079081 0.4897402 0.1032747 0.4643351 0.1150911 0.1979458 0.0833553 -0.2023824 0.6277253 0.2226401 0.3557361 0.5002506 -0.3360824 0.3594669 -0.0976016 0.3461365 0.4021770 -0.2942998 -0.0142029 0.1306527 -0.0509673 -0.4836025 0.0142039 0.0660372 -0.3929681 -0.0521776 0.1618093 0.1986855 -0.0065980 0.2702516 0.0904558 0.2306007 -0.3630334 0.0554925 0.5625160 -0.1682118 0.3216920 0.3336521 -0.0898083 0.2657222 0.2969917 -0.1980016 0.4423980 -0.3420774 0.3353959 -0.5446591 -0.3912008 0.2948272 -0.0706751 -0.2476686 0.3140709 0.2796629 -0.3743011 -0.4698004 0.3146621 -0.3435186 -0.6319296 -0.1333258 0.0898750 -0.0679218 -0.0116952 0.2615466 0.3877436 0.5005072 0.7610384 0.7252988 0.6292509 0.1771152 0.5680097 -0.1332275 -0.3862195 -0.0987184 -0.2169539 -0.0576054 -0.2222509 0.3891594 -0.2212577 -0.4269658 0.1750229 0.2123749 0.3098480 0.2463864 0.2172235 0.1696275 0.2171525 0.3041644 0.4304077 0.5336528 0.0770521 0.4677458 -0.0720574 -0.5914674 -0.3905058 -0.4927897 -0.1564060 0.2835731 0.3336518 0.1853182 -0.1944432 -0.2059496 -0.3040236 0.2359611 0.1294429 0.4907973 0.1669966 -0.1316244 0.2697218 -0.2205456
-0.3122567 0.1162054 -0.2665428 0.5344504 -0.2282420 0.8315703 0.3532953 0.2093162 0.0000000 0.8843680 0.8565657 0.5261639 0.0246230 0.7156673 0.9441672 0.2759335 0.8256941 0.6886977 -0.0318648 -0.1461330 0.2691203 -0.1874838 0.2998903 0.7189574 0.1152950 -0.0173788 0.5372059 0.5298457 0.6935000 0.6197534 -0.1365493 0.1949768 0.6831763 0.7248832 0.1529531 0.4819869 -0.0099531 0.2574028 0.4176188 0.2336988 0.0242224 0.3751890 0.2212396 0.6515497 -0.0262564 0.1179415 0.0492582 -0.0850445 0.6868978 0.1706928 0.2172967 0.0615520 0.6143565 0.1475801 -0.0507320 0.1666085 0.0524714 0.2642550 -0.0898245 0.2052422 0.1117287 -0.0247945 -0.0166802 0.4928554 0.3046303 -0.0286832 0.3334062 0.3474485 -0.1160321 0.2223586 0.2519015 0.5624762 0.6154497 0.3854603 -0.1741032 0.4408467 0.2890784 0.1312197 0.3320620 -0.4154869 0.2081451 -0.0117310 -0.0994843 -0.0451574 -0.0588256 -0.3540981 -0.4111117 -0.4331904 -0.3827239 -0.2985925 -0.3295072 0.0030801 -0.1149356 -0.0494966 -0.3626487 -0.1588813 -0.2268881 -0.5034664 -0.4969647 -0.2831061 0.0102557 -0.5462119 0.2496776 -0.1173947 -0.3250470 -0.1781120 -0.3739051 -0.1409234 -0.4180908 -0.4440658 -0.3978441 -0.1880467 -0.1946372 -0.4510546 -0.1857363 -0.4356695 -0.5345739 -0.6028435 -0.1387716 -0.4289840 0.1182030 0.0024138 0.0583176 -0.1098181 0.0125060 -0.6433358 0.1382596 -0.0583529 -0.6051892 0.1611995 0.0231326 -0.2437336 -0.1661964 0.1680221 -0.4154353 0.0324870 0.2552327 -0.2823855 0.1695499 -0.2962194 -0.5665407 -0.5168293 0.1521339 -0.4220715 -0.0913411 0.2030342 -0.3121722 -0.5071516 -0.5535429 -0.4012893 -0.0163628 -0.4172819 -0.2897888 -0.3147618 -0.3703709 0.0232596 0.1749707 -0.5998796 0.0946214 0.0289170 -0.5462284 -0.5141933 0.1804054 0.1268138 -0.4552133 -0.1477054 0.0026510 -0.4029896 -0.0628059 -0.4128271 -0.7426629 -0.4547649 -0.0823084 -0.4719609 -0.0091741 -0.3469464 -0.4987871 -0.5727611 -0.4657954 -0.0606151 -0.1812659 -0.6725718 -0.2803646 -0.5837918 -0.3237492 0.3398931 -0.4142117 -0.0480018 -0.0962484 -0.0525546 -0.6108680 -0.3771538 -0.2157532 -0.5429351 -0.5566775 -0.5047713 -0.3543992 -0.1783183 -0.3733179 -0.4850485 -0.4138108 -0.2676978 0.0458875 -0.3660255 -0.5186998 0.0209344 -0.2954879 0.2146846 0.3103050 0.1293413 -0.0744943 0.4311396 -0.1165881 -0.2817824 0.4545626 0.0611026 0.5225950 -0.0610789
-0.2093858 0.1615716 -0.2044970 0.6943246 -0.1835142 0.9267506 0.3124685 0.4012997 0.8843680 0.0000000 0.9008567 0.4928377 0.3264748 0.6565167 0.7665899 0.5371113 0.7388485 0.6205373 0.2674548 -0.0106009 0.3848803 0.1422504 0.5159490 0.7065218 0.3904629 0.3169495 0.2700774 0.4720327 0.6957887 0.5226868 0.0822141 0.4011132 0.7845240 0.8318664 0.3477413 0.5354176 0.1183889 0.5449552 0.5075747 0.2897884 0.1856362 0.3718396 0.2748223 0.8323123 0.1020792 0.2279366 0.2300108 0.0725992 0.8982087 0.2451482 0.3333817 0.2301292 0.8131599 0.4809173 -0.0407532 0.0995293 0.1673828 0.6087038 -0.2388707 0.2953898 0.2279004 0.1412548 -0.0300426 0.7287868 0.4794472 0.0250533 0.2857975 0.6342651 -0.0637340 0.5393289 0.2782204 0.7054794 0.7547614 0.4338259 -0.0344837 0.6433184 0.4510847 0.2509806 0.4430299 -0.3242674 0.1630247 0.1150592 -0.0685214 0.0639956 0.0068261 -0.2214467 -0.2825858 -0.3168126 -0.2440010 -0.1566821 -0.5369313 -0.0974472 -0.3486961 0.1500872 -0.4177401 -0.1577068 -0.4087902 -0.5024714 -0.3678885 -0.0823611 0.0809185 -0.5989614 0.2294090 0.0496581 -0.4306532 -0.1585605 -0.1400263 -0.0504707 -0.5017401 -0.3222411 -0.4262857 0.0459138 -0.2268349 -0.3510080 -0.3225537 -0.4596482 -0.6177375 -0.4482988 0.0349960 -0.2315253 0.2960202 0.1223078 -0.0822451 0.1488080 0.1007867 -0.3614280 0.1088317 -0.1437475 -0.3642184 0.3856400 0.2509073 -0.3399434 -0.1281989 0.3292038 -0.4546723 0.1601077 0.4436503 -0.0457034 0.2076847 0.0325541 -0.2590954 -0.1609231 -0.0123029 -0.1627876 0.2549318 0.2171068 -0.2444586 -0.4340080 -0.5109453 -0.1323392 0.2734042 -0.1816281 -0.1826814 -0.2065104 -0.3480505 -0.1923096 0.0095156 -0.5447546 0.0157261 -0.0308770 -0.5082274 -0.3422320 0.0173115 -0.0126674 -0.4087540 -0.2027352 -0.1132242 -0.4080164 -0.0703050 -0.3723609 -0.6140360 -0.3450953 0.0352146 -0.2789134 0.0178617 -0.2757025 -0.3998624 -0.5832305 -0.3446334 -0.2284166 -0.3345217 -0.6419395 -0.3650937 -0.5657738 -0.4160240 0.4031336 -0.5529481 -0.2478555 -0.1666425 -0.1540430 -0.3548070 -0.3560618 -0.2770622 -0.3455209 -0.3161941 -0.3178709 -0.1205014 -0.1035853 -0.4739035 -0.2392265 -0.2645870 -0.3151822 0.1434094 -0.2894335 -0.4400558 0.0381102 -0.0272542 0.2435475 0.3240274 -0.0308188 0.0475937 0.5253563 0.0629848 -0.1778470 0.4992221 -0.0912079 0.5729162 -0.0267789
-0.3255375 0.0620941 -0.3443850 0.5472337 -0.2479622 0.8580656 0.2405552 0.2518418 0.8565657 0.9008567 0.0000000 0.4727910 0.1030843 0.6670503 0.8100825 0.5724741 0.7712844 0.6379516 0.2811300 0.0057355 0.4305109 0.1177517 0.4944685 0.7013419 0.3543617 0.2720246 0.4001203 0.4803792 0.7342877 0.4745672 0.0014423 0.4256549 0.7296825 0.7849157 0.3706169 0.5794025 0.2119908 0.5477399 0.5705287 0.3765287 0.2266285 0.3733169 0.3971609 0.7421721 0.0663330 0.3394323 0.2962598 0.1371028 0.8396886 0.2843823 0.3495632 0.3207779 0.8164173 0.3881976 0.0395137 0.1871146 0.2387043 0.4800631 -0.2765668 0.3616870 0.2227740 0.1849328 0.0271038 0.7666222 0.5590790 -0.0748580 0.4170356 0.5869791 -0.0695183 0.5082579 0.2797700 0.6598057 0.7520025 0.4289263 0.0635616 0.6154099 0.3954218 0.3273278 0.5770560 -0.1922667 0.3076465 0.1151998 -0.0732794 -0.0698625 -0.1670435 -0.3172019 -0.1123546 -0.3311365 -0.3138792 -0.2661851 -0.4509057 0.0900089 -0.3082081 0.1305257 -0.3081673 -0.0659312 -0.2687328 -0.4634191 -0.4990106 -0.1321578 0.0523117 -0.5523706 0.2781507 -0.0058274 -0.3895377 -0.0896077 -0.3471405 -0.1529508 -0.5179498 -0.4660270 -0.5438181 -0.0942928 -0.1923734 -0.4310285 -0.3932694 -0.5605524 -0.6479713 -0.4646422 -0.0787526 -0.3379141 0.2421900 0.1042459 -0.1093700 0.1241430 0.1460167 -0.4992880 0.0215120 -0.0934984 -0.4056727 0.4596992 0.2685140 -0.2618011 -0.0688273 0.2792790 -0.3752959 0.2232176 0.4357414 -0.1138247 0.2345786 -0.1694149 -0.3097437 -0.3682204 0.1744890 -0.2080753 0.1699156 0.2421590 -0.2701493 -0.4602356 -0.3745579 -0.3343086 0.0206467 -0.1093821 -0.2154231 -0.1389027 -0.4300177 0.0345213 0.1741553 -0.4935793 0.1017156 -0.0320256 -0.4720397 -0.4222315 0.1638319 0.1792925 -0.3876794 -0.0900919 -0.0312974 -0.3674569 0.0298436 -0.3024953 -0.5410952 -0.2635621 0.0408932 -0.3676456 -0.0685600 -0.2967976 -0.4041995 -0.5498895 -0.3551063 -0.2267367 -0.2654281 -0.7568635 -0.4201946 -0.6803955 -0.5126868 0.4253097 -0.5954495 -0.1990081 -0.2276012 -0.1076754 -0.4858225 -0.2344050 -0.2017547 -0.4324298 -0.4152273 -0.4210177 -0.2510784 -0.1370072 -0.3230371 -0.3920559 -0.2609791 -0.2527883 0.1999932 -0.2481716 -0.4074247 -0.0099992 -0.0883608 0.3840020 0.5087375 0.0848215 -0.0139538 0.5655351 0.1630942 -0.1779547 0.6150382 0.0620008 0.4381683 0.0298780
0.2376059 0.7510854 0.4187821 0.7756282 0.3828164 0.6544698 0.7637250 0.7551861 0.5261639 0.4928377 0.4727910 0.0000000 0.5176699 0.2328656 0.5516155 0.2369496 0.1684693 0.3323287 0.2198467 -0.0698198 0.6526278 -0.1904854 0.1760151 0.3635296 0.3041164 -0.0700798 -0.0656112 0.1363660 0.5821224 0.0175888 -0.2985897 0.0961792 0.3384585 0.5491640 0.0326564 0.3759052 -0.2748893 0.1009240 -0.0650623 -0.3708630 -0.1728324 0.0805752 0.1477451 0.1338529 -0.0858447 -0.0834406 -0.2161513 -0.1484658 0.3945160 -0.2120308 -0.0715076 -0.0445841 0.6099558 -0.0106932 -0.0156695 -0.1441961 -0.2630298 -0.0022923 -0.4629993 -0.0339205 0.1957254 -0.0744036 0.1795205 0.5317786 0.4705015 -0.0037490 -0.0823087 0.1489439 0.1281581 0.3715538 0.0438078 0.7624811 0.3298339 0.5988271 0.0722599 0.3996265 0.4691912 0.1848801 0.3737788 0.1986070 0.2846442 0.1653994 0.2846021 0.3940206 0.2545450 0.1775467 -0.0814075 -0.3687199 -0.0996872 -0.0017275 -0.3455643 -0.2325588 -0.0856984 -0.0430588 -0.3949827 -0.1095304 -0.3314211 -0.0077296 -0.3235091 -0.2756966 0.1901250 -0.2164683 0.4564956 -0.0048514 -0.1886748 0.2488855 -0.0719283 0.3769041 -0.3250087 0.0033792 -0.1426423 -0.0263159 -0.0284212 0.2540740 0.0468038 0.0434114 -0.0158808 -0.6290315 0.4051405 -0.1822963 0.2158179 0.4380091 -0.4920587 -0.0225118 -0.1710412 -0.0448155 0.3627294 -0.5069131 -0.3247594 -0.0391193 -0.1785383 -0.5887206 0.0541424 -0.3191355 -0.3888467 -0.3175490 0.0972475 0.0048309 0.2462542 -0.2041808 -0.3336980 -0.2002737 -0.0736260 -0.2674269 0.2588196 -0.2449453 0.2845424 0.1564205 -0.2611287 -0.1633391 -0.1911036 -0.5185147 0.2877954 -0.6001875 0.2960327 -0.4176852 -0.1767015 0.0176359 -0.0724640 -0.3343198 0.1190932 -0.0635589 -0.3582951 -0.3105475 0.1293726 -0.3986967 -0.6784436 -0.3634292 0.0888699 -0.1890546 -0.3682754 0.0674162 0.1178974 0.1592882 0.5756070 0.5169141 0.3422663 -0.0377448 0.2803170 -0.2085100 -0.4062570 -0.5532219 -0.5074777 -0.5047917 -0.4629392 0.4982126 -0.3172161 -0.2752038 0.1429985 0.2739403 -0.1952128 0.1131016 0.0995494 -0.2299212 -0.1926424 -0.0482938 0.1144503 0.3523618 0.1379363 0.0923105 -0.3613225 -0.6161454 -0.4328864 -0.6420558 -0.0907537 0.2667476 -0.0028090 0.2193705 0.0841529 0.0729245 -0.3782430 0.2887557 0.1783875 0.1928860 0.3667468 -0.0072344 0.3449535 -0.2873253
0.6062877 0.5596908 0.6208664 0.6759111 0.5941303 0.4162195 0.3441612 0.7208386 0.0246230 0.3264748 0.1030843 0.5176699 0.0000000 -0.0398107 -0.0217273 0.2605655 -0.1136998 0.0419956 0.3391535 0.2060624 0.5950602 0.4707343 0.3285979 0.1061910 0.4019305 0.2884478 -0.4147597 -0.0007740 0.2691958 -0.0334641 0.3419982 0.1802016 0.2367418 0.2825346 0.1600695 0.3428518 -0.0594411 0.4429063 0.0654998 -0.1768148 0.1865817 0.0951851 0.1028713 0.1966193 0.2160907 0.0008292 -0.0059634 0.1856553 0.3386983 -0.1552811 0.0124632 0.1285674 0.4853359 0.2790649 0.1364686 -0.0613727 0.0131583 0.2946601 -0.3087667 -0.0074575 0.3453218 0.0434449 0.1036811 0.4859089 0.5471912 0.2683401 -0.2879738 0.2604763 0.2239789 0.4411846 0.0926015 0.6047570 0.1994701 0.4627160 0.2637342 0.4247748 0.5226327 0.3450845 0.2857117 0.3315799 0.1999262 0.0465360 0.1042064 0.4186297 0.2243606 0.3494339 -0.1770777 -0.2234273 0.0572696 0.1267682 -0.4966554 -0.5662176 -0.4953236 0.0354848 -0.4535170 -0.2494379 -0.6719533 -0.0333217 -0.0280277 -0.0728738 0.0350058 0.1136254 0.2735865 0.0632726 -0.3362250 0.0779898 0.3918146 0.4709376 -0.1353001 0.2263820 0.0390366 0.2654986 -0.0840617 0.4648255 -0.1245420 0.1642410 0.1702047 -0.1186071 0.5887666 0.1389839 0.3262758 0.5555622 -0.3214411 0.1903188 -0.1729620 0.5040903 0.4747673 -0.4011904 0.0668912 0.1027626 0.0426302 -0.3483137 0.2488340 -0.0590716 -0.2607068 -0.0954038 0.0433798 0.2230762 0.1476466 0.3254622 0.2466206 0.4196310 -0.3701366 0.2212085 0.4123157 -0.1078914 0.2948195 0.2158146 -0.2907805 0.3474590 0.2409086 0.0422264 0.3086381 -0.2095971 0.2945028 -0.5643945 -0.4081674 0.0599970 -0.1948265 -0.3432108 0.1392261 0.1663483 -0.5306514 -0.4984452 0.1477983 -0.2692431 -0.5448221 -0.1527940 -0.0246357 -0.2690492 -0.1189743 0.1312814 0.1505751 0.4498353 0.3451338 0.4254775 0.4062861 0.1296728 0.4866361 -0.0733229 -0.3279453 -0.0749661 -0.2545180 -0.1092333 -0.1812277 0.4770429 -0.0919636 -0.2392249 0.3080047 0.2895246 0.2628542 0.2499909 0.1425548 0.1913376 0.2721548 0.3528369 0.4638657 0.5162385 0.0810780 0.5079892 0.1217932 -0.4326670 -0.2636999 -0.2790994 0.2276789 0.2792805 0.2524610 0.0632916 -0.0734338 -0.0652961 -0.0082864 0.2314678 0.4104084 0.3248618 0.1352008 -0.1750758 0.4189932 -0.0871086
-0.2655900 -0.2163888 -0.2954272 0.1831343 -0.3935154 0.4155276 0.1332188 -0.0297523 0.7156673 0.6565167 0.6670503 0.2328656 -0.0398107 0.0000000 0.8063387 -0.0074285 0.9001977 0.9769572 -0.0758878 0.1423923 -0.0483217 -0.1501401 -0.0817129 0.9730812 -0.0378943 -0.0694919 0.4820789 0.9413739 0.6776909 0.8585505 -0.0479064 0.0835825 0.9157689 0.8021987 -0.2475594 0.3035174 -0.1033605 0.2823815 0.1438723 0.1048591 0.1566078 0.4415552 -0.3385761 0.8053359 0.1941920 0.0461822 -0.0275268 0.0306363 0.7288419 0.0531366 -0.1526979 -0.3643997 0.6188055 -0.1087084 0.0417936 0.1448626 0.0213653 0.1768932 0.0093777 -0.1847201 0.3155371 -0.4511774 0.0472188 0.4849409 0.4272986 -0.0199078 -0.0148721 0.0988594 -0.1342206 0.0053308 0.1854975 0.4728266 0.3416396 0.3880627 -0.0180722 0.5621281 0.1916641 0.2375321 0.4645338 -0.3396729 0.0237207 -0.1614378 -0.1370548 -0.1665546 -0.0667364 -0.0293611 -0.1352404 -0.0915237 -0.2367998 -0.2592228 0.1044389 0.2733536 0.0612786 0.0184357 -0.1321586 0.2702323 0.0275914 -0.2026092 -0.5857315 -0.4089459 0.1397110 -0.1324626 0.1036827 -0.2213241 0.1143662 0.0275198 -0.3796974 -0.5692352 -0.0630419 -0.6555810 -0.3292946 -0.3670718 -0.5484879 -0.6399896 -0.0501147 -0.5136648 -0.4637464 -0.4430349 -0.4413258 -0.6681394 -0.2904317 -0.2302094 0.0108005 -0.4549746 -0.2439087 -0.7478821 0.1595451 -0.0256210 -0.5891462 0.1519679 0.1352641 0.0548187 -0.0336342 -0.0816383 -0.2226504 0.1090070 0.3314996 -0.0343950 0.4506521 -0.4816363 -0.1895805 -0.4320072 0.2229213 -0.6611642 -0.2122101 0.2832173 0.0628635 -0.2364656 -0.2654319 -0.0817425 0.0914143 -0.4223841 -0.0290255 -0.0157463 -0.1108554 -0.0430126 0.4859706 -0.5160899 0.3451812 0.0246655 -0.2224632 -0.2698020 -0.0843621 0.3153229 -0.1534818 -0.3336530 -0.0051743 -0.1125911 0.1922912 0.0022516 -0.3067638 -0.0774414 -0.6118795 -0.7260360 -0.3348797 -0.5368065 -0.5893191 -0.4423191 -0.6264232 -0.0510164 -0.0504986 -0.4642675 -0.1111949 -0.4370452 -0.0728803 0.3204997 -0.2766130 0.0716890 -0.1518178 -0.2103943 -0.7399159 -0.5719409 -0.2886363 -0.8289330 -0.8140508 -0.8426124 -0.6981544 -0.3636463 -0.3467089 -0.7236561 -0.3884021 -0.4088758 -0.2092452 -0.5109946 -0.2808813 -0.4186031 -0.6736857 0.2157066 -0.0523600 -0.2607327 -0.2159266 0.0546757 -0.1130161 -0.4731930 0.3016760 -0.2173684 0.3843457 -0.0441404
-0.2289928 0.0448321 -0.1799345 0.4387379 -0.2120183 0.6991889 0.3563560 0.1220514 0.9441672 0.7665899 0.8100825 0.5516155 -0.0217273 0.8063387 0.0000000 0.1312171 0.8270238 0.8199383 -0.1082137 -0.0234362 0.2069606 -0.2509422 0.1042888 0.8061334 0.0091273 -0.1653557 0.5489417 0.6927813 0.7120275 0.6966071 -0.1822349 0.1046892 0.7221381 0.7131403 -0.0409206 0.4377210 -0.1003155 0.2098514 0.2731608 0.1402808 0.0280772 0.3654731 0.0710436 0.6149302 0.0068428 0.0694688 -0.0529084 -0.0149746 0.6411612 0.1066593 0.0404126 -0.1170864 0.6107575 -0.0735102 0.1144835 0.2500762 0.0142453 0.0823377 -0.1394288 0.0600105 0.1678756 -0.2166400 0.1093236 0.4908804 0.3988790 -0.0297358 0.2057473 0.1590191 -0.0435867 0.0767101 0.2156958 0.5784542 0.5149854 0.4313243 -0.0673782 0.4812556 0.2585596 0.2375628 0.4477229 -0.2808282 0.2658578 -0.1281648 -0.0952211 -0.0680543 -0.1228151 -0.2652017 -0.3845722 -0.4053126 -0.3993212 -0.3323210 -0.1958783 0.0366540 -0.0279275 -0.1272980 -0.3484125 -0.0556656 -0.1862816 -0.4276572 -0.6656884 -0.4457630 0.0455274 -0.3605064 0.2693967 -0.2258249 -0.2090913 -0.1072137 -0.4503789 -0.2280053 -0.2895952 -0.5770190 -0.4160415 -0.3890448 -0.2298532 -0.4494127 -0.1720914 -0.4798586 -0.4290519 -0.6694187 -0.2167792 -0.5734716 0.0097724 0.0426601 0.0068899 -0.3068510 -0.0800597 -0.7620954 0.2278024 -0.1115146 -0.6972778 0.1238232 0.0319118 -0.1719059 -0.0384057 -0.0616472 -0.3857085 0.0014883 0.2428262 -0.2884556 0.3512125 -0.5206399 -0.5246363 -0.6063255 0.2050494 -0.5764813 -0.2015400 0.2278065 -0.1206920 -0.3729887 -0.4801691 -0.3752885 -0.1708011 -0.5362694 -0.1463492 -0.2714246 -0.2002275 0.0077642 0.2643378 -0.5555444 0.1061335 -0.0906790 -0.3815996 -0.4822542 0.0742984 0.1360686 -0.2989977 -0.2520153 -0.0765023 -0.3797596 -0.0037300 -0.3306411 -0.6713078 -0.3552354 -0.2728587 -0.5526838 -0.0762568 -0.3373992 -0.4820668 -0.4705153 -0.4938718 -0.0389430 -0.1167309 -0.7074854 -0.3305986 -0.6476250 -0.3493163 0.4361543 -0.3854661 0.0027618 -0.0743331 -0.0050013 -0.7661998 -0.3676124 -0.1877367 -0.7369420 -0.7448752 -0.6809476 -0.5495661 -0.1914210 -0.2300839 -0.6574160 -0.4685910 -0.3605279 -0.1378905 -0.4955088 -0.3636134 -0.0978330 -0.4866790 0.2721559 0.2377488 0.1034175 -0.1673427 0.2727944 -0.0647073 -0.3209881 0.4681158 0.0280727 0.5018414 -0.1131497
-0.0210570 0.2697050 -0.0251393 0.5429958 -0.0647754 0.6194668 0.2430765 0.4005234 0.2759335 0.5371113 0.5724741 0.2369496 0.2605655 -0.0074285 0.1312171 0.0000000 0.0894954 -0.0253578 0.8411625 0.1432401 0.3809476 0.5823104 0.8380006 0.0690099 0.8446633 0.8240888 -0.1260386 -0.1411177 0.0991643 -0.1076928 0.3359917 0.8073547 0.2021671 0.2906133 0.8398000 0.2795953 0.5689945 0.6952540 0.5575703 0.3765780 0.4885487 0.0403100 0.6502596 0.4003271 0.0116563 0.6055364 0.6684390 0.4320892 0.5405512 0.4356158 0.7152169 0.7290476 0.5021031 0.8811726 0.0972089 0.0731317 0.4394817 0.7523733 -0.4180419 0.7186754 0.0678995 0.7204584 0.2534534 0.7261748 0.3033103 0.0390483 0.5680522 0.8270286 0.2512212 0.8448104 0.4038465 0.4823111 0.8400785 0.3316195 0.3568846 0.6287397 0.5636799 0.4567757 0.4858636 0.2331845 0.2386288 0.3349222 0.2173499 0.2252886 0.1081818 -0.0193825 0.1414266 0.0708265 0.2695700 0.3148730 -0.4541721 -0.0841702 -0.3452126 0.3850693 0.0650655 -0.0187355 -0.3172617 -0.3299315 0.2243189 0.3849066 0.3512424 -0.7208286 -0.0559023 0.4013351 -0.3215109 0.0276426 0.2470193 0.2105925 -0.2715423 0.1555730 -0.1095701 0.4424619 0.2598565 -0.0966812 -0.5716813 -0.5476010 -0.6116692 -0.0683245 0.1235638 0.3917111 0.6381968 0.1801932 -0.2596349 0.6493676 0.5072496 0.2109760 -0.3229493 -0.2021918 0.3908219 0.5079142 0.4594438 -0.3159385 -0.0888726 0.5404532 -0.2932719 0.4819690 0.6054958 0.3410388 0.1147564 0.5475981 0.2881341 0.3115965 -0.2013055 0.4239075 0.7085033 0.3200621 -0.2212923 -0.2455673 -0.0870225 0.0467032 0.4610541 0.2640717 -0.0375867 0.1581133 -0.3402400 -0.1813545 -0.4226664 -0.0559742 -0.3598573 0.0099936 -0.2763242 0.0262919 0.1004409 -0.1790198 -0.1868985 -0.0312249 -0.0800641 -0.3590249 -0.1996222 -0.1915237 -0.1898995 -0.2517656 0.5713595 0.3572250 0.2514175 0.1482933 0.1423275 -0.0523222 0.1859429 -0.2401503 -0.1145831 -0.3798097 -0.4391157 -0.3494252 -0.5652687 0.2703921 -0.5361821 -0.2901550 -0.0841484 -0.1593953 0.2426561 0.2140033 0.0278990 0.2017372 0.2828128 0.2277461 0.2533389 0.2689069 -0.0994217 0.2410095 0.3727307 -0.0328178 0.3013377 0.1338749 -0.0165529 0.3740963 0.5536853 0.5164559 0.5202459 0.1516231 0.1040915 0.6419913 0.3923642 0.3835253 0.5900806 0.0789565 0.3182296 0.1758641
-0.4074462 -0.1885668 -0.4525912 0.2032626 -0.3507759 0.5557667 0.0367554 -0.0832301 0.8256941 0.7388485 0.7712844 0.1684693 -0.1136998 0.9001977 0.8270238 0.0894954 0.0000000 0.8281923 -0.1432505 -0.0634530 0.1038518 -0.0913256 0.1425725 0.8420222 -0.0333031 -0.0064031 0.7276788 0.7658785 0.6883260 0.8523571 0.0335711 0.1621040 0.7888993 0.7087897 -0.0035614 0.4780158 0.0960597 0.3451927 0.4696659 0.3604357 0.2367327 0.5491759 -0.0134036 0.7394700 0.0898971 0.2187808 0.1479900 -0.0044270 0.6618232 0.2277782 0.1094948 -0.0566405 0.5358516 -0.0006546 -0.0294804 0.2400045 0.1858607 0.1891666 0.1920845 0.0736978 0.2054757 -0.2466582 -0.0883732 0.4040013 0.3414193 -0.0238202 0.2700395 0.1702041 -0.2407228 -0.0102129 0.2841302 0.3775601 0.4059870 0.3256177 -0.1053165 0.4088115 0.1326090 0.1711500 0.3769473 -0.4386898 0.1555957 -0.1445220 -0.2767338 -0.2865651 -0.2051374 -0.2919397 -0.2608850 -0.3463945 -0.3725267 -0.4315442 -0.0281980 0.2494696 -0.1054186 -0.1244772 -0.1597113 0.0711005 -0.0463465 -0.3789303 -0.5431963 -0.4174512 -0.0582014 -0.2692513 0.1921174 -0.3235459 -0.1117477 -0.0993259 -0.4625258 -0.4845544 -0.1939189 -0.5924606 -0.3453765 -0.2624144 -0.4880184 -0.6837705 -0.1002082 -0.4939188 -0.5096935 -0.4150004 -0.4626626 -0.6727046 -0.2640010 -0.2696749 0.2409405 -0.3624407 -0.2269789 -0.7813767 0.1007413 0.1867463 -0.6484620 0.1388110 -0.0003928 0.1447507 -0.1197945 0.1982965 -0.1693431 0.1339246 0.1810408 -0.2053958 0.1790932 -0.4404510 -0.3962739 -0.6049001 0.3011198 -0.5632099 -0.3364552 0.2945306 -0.3198615 -0.5511376 -0.4368159 -0.3844557 0.0270654 -0.1861562 -0.3622850 -0.0450846 -0.4877096 0.2774434 0.4754276 -0.6014290 0.3636817 0.2282813 -0.5018704 -0.4798886 0.2382422 0.4281906 -0.4267728 0.0261448 0.2971523 -0.1256578 0.0970642 -0.2424224 -0.4592024 -0.3100005 -0.3676182 -0.7505691 -0.3619681 -0.6368253 -0.6667276 -0.5195385 -0.5889575 0.1209224 -0.0058424 -0.4711046 0.0308151 -0.4040570 0.0109168 0.2430251 -0.2184822 0.1573649 -0.1043010 -0.0932384 -0.7547376 -0.4302617 -0.1706035 -0.6870146 -0.7209333 -0.7204367 -0.6059642 -0.2916867 -0.3604699 -0.6760943 -0.2761712 -0.1854571 0.0385437 -0.3015194 -0.5031730 -0.2585380 -0.5994474 0.2388504 0.1959947 -0.0021272 -0.1468531 0.3075653 -0.1368112 -0.4257848 0.3354217 0.0934550 0.4456830 0.1320308
