0.0000000 0.7565861 0.5058545 -0.1864158 0.5045825 0.4064781 0.5538540 -0.1258315 -0.1309033 0.0060019 -0.0544968 0.3960096 0.3048847 -0.1679569 -0.1175785 0.0827658 0.2330373 -0.0554878 -0.4291823 0.4125947 0.4693096 0.2375928 0.1564883 -0.3913875 -0.3820173 -0.0977457 -0.2271184 -0.1377779 -0.0314558 -0.4310211 0.1256361 -0.5414574 -0.4690477 -0.3157462 -0.0541431 0.7410760 -0.1314074 -0.1948479 -0.5942250 -0.3109113 0.0053618 0.6074230 -0.2707488 -0.5711063 0.4398855 -0.4499978 -0.3288875 0.0556244 -0.3488055 -0.3728686 -0.2155011 -0.3921352 -0.0195616 -0.3883498 0.1040873 -0.2231661 -0.1853856 -0.3682134 0.4761477 -0.2343327 0.4711200 -0.3191642 0.0847782 -0.1076201 0.2829859 -0.2767292 -0.3894916 -0.5523831 -0.3570324 -0.3760704 -0.3495107 -0.0479713 -0.4224166 0.0693669 -0.5049201 -0.2394580 -0.1062809 -0.2871780 -0.4314565 0.1133299 -0.5261757 0.5377573 0.0790625 -0.3880825 -0.0944452 -0.1138560 0.2176063 -0.3180248 0.2690118 -0.0529249 0.1937183 0.3289318 0.5607391 0.1163184 0.0577405 0.1352764 0.0695630 0.5390536 -0.0389162 0.0749955 0.0742349 0.4543051 -0.0204942 -0.1483424 0.2272147 -0.1161456 0.2065913 0.1094126 0.1980023 0.0340550 0.1545523 0.5146558 0.2466895 0.2903664 0.1775198 0.5704337 0.4517445 0.3395154 0.5894079 0.4054147 0.4503758 0.6498492 0.4934806 0.2046495 0.0072040 0.2920120 0.5152094 0.3501513 0.1536356 0.0399080 -0.0982553 0.2696993 0.2842877 0.2983917 -0.2670270 0.3083429 0.2551176 0.2062113 0.0927560 0.3390922 -0.0323540 0.2952202 -0.0162948 0.4785576 0.0267824 0.2379940 0.2306683 0.1631783 -0.0451608 0.4058488 0.5262594 0.4790884 0.5230982 -0.2765698 0.1288482 0.3319948 0.0579367 0.4952277 -0.1039430 0.4556438 0.3351564 0.4305849 0.0644659 0.1559217 0.3910764 0.4137845 0.0385149 -0.2525198 0.2202361 0.2306568 -0.0461173 0.1563610 0.6722704 0.6855004 0.7987846 0.4483535 0.4473322 -0.1304610 0.5412288 0.7843398 0.0666138 0.4350710 0.4579279 0.3802739 0.1382145 0.1489531 -0.1754602 0.0428575 0.0992966 -0.0359466 0.6357150 0.1363751 0.1062660 0.4895513 0.2939562 0.6272552 0.3672217 0.0868090 0.2705628 0.3498304 0.6706391 0.2657939 0.8128242 0.8071258 0.3780193 0.4146396 0.3446537 0.7791337 0.3104485 0.2525803 0.7607423 0.3638546 0.1452152 0.5719615 0.3757752 0.4143257 -0.0109328 0.4734511
0.7565861 0.0000000 0.5981910 0.2620503 0.2295510 0.6590846 0.5633321 0.3508048 0.1225582 0.1688264 0.1954919 0.4918873 0.3812729 -0.1094175 -0.1212089 0.2831818 0.3366792 -0.1391923 -0.1868622 0.2867722 0.4857831 0.3138412 0.2284742 -0.1469687 -0.1741072 0.0449249 -0.5685977 -0.3180153 0.2235164 -0.6454088 0.1305166 -0.4543401 -0.1943874 0.2078376 0.0559392 0.6861942 -0.0520280 -0.1785348 -0.4887741 -0.4795829 -0.1131779 0.5705809 -0.1605352 -0.4511092 0.5566121 -0.3917341 -0.2285236 -0.1093327 0.0683548 -0.4846435 -0.1298148 -0.3010839 0.5418522 -0.1553637 -0.0116454 -0.2232719 -0.0590060 -0.1894329 0.3691315 -0.1392775 0.4764293 -0.0794970 -0.0352106 0.2320416 0.5188964 -0.0400831 -0.2837892 -0.3788887 -0.2414380 -0.1855664 -0.2768611 0.3671293 -0.2920734 0.3817240 -0.1861508 -0.0871922 0.3323900 -0.1209066 -0.2625183 0.3226324 -0.2842138 0.5115601 0.0611861 -0.3871660 -0.1448112 -0.1538758 -0.0021032 -0.2566552 0.2204961 -0.0797931 0.0908994 0.3273231 0.2543137 0.3095068 -0.1985314 0.0416645 0.0148787 0.4083022 -0.4100895 0.1114805 0.2457571 0.2955186 -0.0464805 0.2145603 0.1634002 -0.0966890 0.1212816 0.1251457 0.1073089 -0.0222857 0.0872657 0.4282811 0.0742220 0.0654948 -0.0987749 0.2548746 0.1654777 0.2257918 0.3987486 0.2766752 0.1831226 0.3750110 0.3536537 0.1877376 -0.1639004 0.6725745 0.2969925 0.3539896 0.4788136 -0.2032969 -0.3410533 0.1560020 0.0577244 0.3395476 -0.2870631 0.3021057 0.2374603 0.5527073 -0.1873568 0.6580644 -0.1350967 0.4907052 0.0078851 0.7002282 0.4481256 0.2192570 0.1957260 -0.0007050 -0.0683177 0.5153425 0.7089758 0.7701377 0.5420644 -0.2569779 0.1522058 0.1471986 0.0522774 0.5221132 -0.1293776 0.7029974 0.1049011 0.5149252 0.0100635 0.4089680 0.2004839 0.3859341 0.0941069 -0.2025241 0.3182787 0.4502526 -0.1508869 0.0587799 0.5735454 0.5355846 0.5659075 0.3647749 0.1883412 -0.5584605 0.3544865 0.5501328 -0.1180621 0.2901234 0.3110725 0.2630766 0.0871643 0.0621023 -0.0950491 0.4050340 0.4474462 0.2754042 0.6755484 0.2658897 0.3310291 0.7584883 0.6897230 0.7729674 0.6407686 0.3933697 0.3702418 0.6631921 0.5005223 -0.0185184 0.4350645 0.5399619 0.0344211 0.1690090 0.5209447 0.8081888 0.2393033 0.1586019 0.5032331 0.4900763 0.0022941 0.2967132 0.6012674 0.4116828 0.1866177 0.5394642
0.5058545 0.5981910 0.0000000 0.2304535 0.6406937 0.4732700 0.3479332 0.4833844 -0.1418550 0.0191004 0.2340666 0.2729965 0.8549875 -0.3778326 -0.3006185 0.3241638 0.3623563 -0.5577120 0.1049446 0.6199423 0.2897358 0.6209880 0.3756625 -0.3523005 0.0170343 0.2625288 -0.2403219 -0.5604789 0.2302257 -0.3877264 0.5750187 -0.0379146 -0.4465229 0.0605266 0.3205529 0.2949582 0.2078724 0.2991792 -0.3057867 -0.5365940 0.5299786 0.3702670 0.1295138 -0.4636878 0.5299673 0.0543516 0.1388473 0.4965179 -0.0364889 -0.0124832 0.1783865 -0.2187975 0.3798942 -0.0238985 0.5006048 0.2430653 0.2151967 0.0574049 0.3124725 0.1337733 0.3913874 0.0585746 0.4555932 0.3654457 0.7453194 0.2127889 0.0490996 -0.0171321 0.2008241 0.1904361 0.1656647 0.4186267 0.1038539 0.6656460 0.0748461 0.3380176 0.4682740 0.2758586 0.2394515 0.6437765 -0.0016224 0.0134820 -0.3288051 -0.1991331 -0.1726800 -0.3499744 -0.3774213 -0.5101375 -0.2073813 -0.3443497 -0.2037741 -0.0414022 0.0710356 -0.2357164 -0.0094162 -0.1011185 -0.2645654 0.1649412 -0.3380269 0.1462145 -0.0153515 -0.1266632 -0.4141746 -0.1339494 -0.3930561 -0.1040823 -0.2728081 -0.2778742 -0.4602886 -0.0969636 -0.4434674 -0.0640959 -0.1180936 -0.1803565 -0.2633961 0.0708709 -0.0354984 -0.0505459 -0.0010163 0.1516724 0.1482780 0.1519162 0.0539377 0.0267796 -0.1566410 0.1403121 0.3090992 -0.0489667 -0.1557854 0.1173212 0.0100979 0.2185184 -0.1005695 0.0858140 0.1466766 -0.1628130 -0.0732065 -0.1286753 -0.1721687 0.0891782 0.1098008 -0.0400139 0.2186661 0.2124917 -0.1043123 -0.1820634 0.1461792 -0.0352327 0.0907794 0.3156208 0.1066506 0.2598395 0.3850707 -0.1413518 0.3010855 -0.2389852 -0.0260230 0.3060538 0.1865761 -0.0103252 0.0714381 0.1961629 -0.3539235 -0.1315739 0.1958425 0.0276247 -0.1896962 -0.0683053 0.1789887 -0.0205542 -0.0436404 0.0987968 -0.0928297 0.3204849 0.3360360 0.3136915 0.1837277 -0.3461646 0.2075183 0.1464745 -0.5052766 -0.1249061 0.2069284 0.1269708 0.3916343 0.3494209 0.3376562 0.5036340 0.3920603 0.2598822 0.5494306 0.5709811 0.2436094 0.5304029 0.2397418 0.4738390 0.1286840 0.3573896 0.5123098 0.0583397 0.3218347 -0.0420986 0.3513040 0.3438027 0.4517051 0.2938020 -0.1549167 0.5477793 0.1016531 0.2398146 0.2356117 0.3393224 0.5064208 0.4492130 0.3904453 0.6242510 0.2105527 0.4388240
-0.1864158 0.2620503 0.2304535 0.0000000 -0.3096010 0.6352112 0.0492132 0.8377753 0.6171768 0.7737078 0.7781118 0.1780436 0.2319240 0.3387105 0.2849985 0.2639955 0.3701533 -0.0884697 0.2635531 0.0881703 -0.1128970 0.2760154 0.0757999 0.6202672 0.2282881 0.2259739 -0.0092371 -0.0241707 0.7115674 0.1301673 -0.0177995 0.0612986 0.5341061 0.8634030 0.1464210 -0.2516592 -0.0118002 0.1322818 0.3958628 0.0991766 -0.0717258 -0.1989500 0.2931372 0.1797501 -0.1172413 -0.0185458 0.0005614 0.0310383 0.7080523 -0.1110805 0.0929643 0.3220549 0.7648916 0.2091028 -0.0366231 0.0250758 -0.0257435 0.2037917 -0.4029459 0.0706637 -0.4013264 0.2595525 -0.0418217 0.4435501 0.0264176 0.0373555 0.0344541 0.0897050 -0.0735322 0.2520556 -0.0963047 0.4614105 -0.0209071 0.1887705 0.1189063 -0.0580000 0.4543375 -0.0043036 -0.0713591 -0.0533046 0.0269197 0.2764609 0.3045138 0.0748013 -0.1770378 0.3236119 -0.1918760 0.3427279 0.0073258 -0.0074806 0.0138096 -0.0873240 -0.2615743 0.3614796 -0.2775261 -0.0826462 0.0881580 -0.1673401 -0.1409520 0.3616095 0.2160710 -0.1355398 0.3242665 0.4947761 0.0327466 -0.0429613 0.0827417 0.2742505 0.0107221 0.0859601 0.0194825 -0.0666940 -0.0109887 -0.0102025 -0.0440508 -0.2178690 -0.2764693 -0.0800190 -0.2662582 -0.2606448 -0.3785103 -0.2207528 -0.0495852 -0.1423548 0.1263155 0.1623294 -0.2901480 -0.0005002 0.3826816 -0.0772362 0.0412966 -0.1017161 -0.2021351 0.2024808 -0.0228330 -0.0228166 0.1860120 0.2689412 -0.2617755 0.1467666 -0.0719977 0.1256097 0.2524709 0.1675274 0.4239477 0.0078879 -0.1162402 -0.0724191 0.1390176 -0.0019993 0.0026192 0.1851995 -0.0014414 0.0653554 -0.0765094 -0.1186076 0.1700934 0.2252482 0.2822973 0.1814571 -0.1337169 0.0394687 0.1565933 0.3001835 -0.2431811 0.0704876 0.1844814 0.1347422 0.3594207 0.3144140 0.0700771 0.0548293 -0.0966171 -0.3413398 -0.1460153 0.1757044 -0.4076084 -0.3323686 -0.3792431 -0.4508995 -0.0845552 -0.0466279 -0.0639929 0.0323245 -0.1261795 -0.4339254 -0.2960500 0.0959170 0.3603677 0.3245602 -0.1665090 0.1849549 0.1815481 0.0736854 0.2098100 -0.0814910 0.1559113 0.3909510 -0.1031212 0.1127241 -0.1727763 -0.1612616 -0.2266690 -0.1842678 -0.1371536 -0.1948764 0.1875738 0.0175193 0.0706577 0.0170275 0.0040036 0.1759861 -0.0709443 -0.0729938 0.3619377 0.1335931 0.3811744 0.1069550
0.5045825 0.2295510 0.6406937 -0.3096010 0.0000000 0.0707611 0.3227849 -0.0805232 -0.3298578 -0.3213735 -0.1035385 0.2688274 0.4720472 -0.3504417 -0.1423536 -0.0808804 0.2112439 -0.2489984 -0.3880734 0.5664698 0.3848148 0.1603230 0.1781422 -0.5737986 -0.5063426 -0.1294385 0.0416105 -0.3754286 -0.0646745 -0.2947816 0.4145424 -0.2877050 -0.6064307 -0.4184822 0.1781214 0.1266046 -0.0059936 -0.0471810 -0.3885921 -0.4855218 0.3963627 0.2889330 0.0413636 -0.3420147 0.5052555 -0.2096181 -0.1283061 0.3685896 -0.3692816 -0.1212981 -0.0395860 -0.3713205 -0.1990882 -0.1301474 0.2957694 0.0242071 -0.0202451 0.0190839 0.5461483 -0.0549799 0.4951606 -0.0993793 0.4596778 -0.1194130 0.4190372 -0.0291317 -0.1555005 -0.0983576 -0.0695137 -0.2031612 -0.0805266 -0.2261736 -0.0624120 0.1538265 -0.3675598 -0.0597283 -0.2516562 -0.1180119 -0.0473349 0.2204498 -0.2733788 -0.0755451 -0.5158166 -0.0575623 0.1217060 -0.5101447 0.0143544 -0.6437992 -0.1273665 -0.1679492 0.0179236 0.0783270 0.2462822 -0.4416508 0.2841375 -0.0402303 -0.3165961 0.1957298 -0.0295418 -0.0951892 -0.1768883 0.0910375 -0.4680726 -0.3568225 -0.3611881 -0.1412877 -0.1200230 -0.2903366 -0.3213243 0.0097832 -0.3209278 0.0497944 0.0084750 0.0879672 -0.0023140 0.2884221 0.1805045 0.0387540 0.1142983 0.1989126 0.2637630 0.3411710 0.0078419 -0.3485651 -0.1298308 -0.2152425 0.1421668 -0.0656199 -0.4715105 -0.0365524 -0.0734852 0.3010120 -0.0150699 -0.2479678 0.2941106 -0.1182704 -0.3162863 -0.3777389 -0.0268392 -0.2528500 0.2796813 -0.2406853 -0.0677609 -0.1810236 -0.5148697 -0.3212934 0.0796237 0.0184660 -0.0383807 -0.0493875 -0.2003992 -0.1687440 0.1867841 -0.1111206 0.1227483 -0.1982327 -0.2739716 0.0251758 -0.1161544 -0.2543681 0.0199503 -0.0810762 -0.4198711 -0.4263042 0.1712893 -0.1737831 -0.3480466 -0.2786212 -0.2810074 -0.3693770 -0.1820828 -0.0393241 -0.0401534 0.4507835 0.4889770 0.1407174 0.4554415 0.1067657 0.3833780 0.3449175 -0.4050921 -0.1030304 0.2835946 0.1494480 0.5271351 0.6747293 0.4944146 0.2069150 -0.1483157 -0.2680465 0.3689124 0.0613491 -0.1056457 0.1867100 -0.1882941 0.2287080 -0.2707749 -0.1742592 0.2812521 -0.3253441 0.4186151 0.0347497 0.3826377 0.2899185 0.8062775 0.3462208 -0.4324204 0.3155682 0.0110522 0.1082956 0.1191323 0.0300991 0.6696110 0.3965687 -0.0922343 0.5505358 0.0930616 0.5079478
0.4064781 0.6590846 0.4732700 0.6352112 0.0707611 0.0000000 0.7559014 0.4804171 0.6101023 0.5382402 0.3446737 0.7919352 0.1541792 0.2786372 0.2956763 0.0995353 0.1986000 0.1314124 -0.2185596 0.0485250 0.6009032 0.1030913 -0.1365959 0.2280748 -0.2020863 -0.1608666 -0.0418300 0.0306846 0.5247825 -0.1958607 -0.1696082 -0.5003429 0.1823332 0.3995497 -0.2477701 0.2451699 -0.4024991 -0.3156341 -0.2735935 -0.2754194 -0.2643865 0.1259588 -0.2495244 -0.2242324 0.3205269 -0.4776001 -0.3861543 -0.2350217 0.1681723 -0.5837211 -0.3547150 -0.2158897 0.5800548 -0.3452962 -0.2849575 -0.4512755 -0.3981489 -0.3147057 0.0162489 -0.4010479 0.0876246 -0.2183252 -0.2886217 0.0433099 0.1524879 -0.3959197 -0.3949808 -0.4274676 -0.4668042 -0.1975233 -0.4910194 0.2744166 -0.3786171 0.2703101 -0.2969739 -0.3291399 0.3613203 -0.2594730 -0.3911978 0.1378619 -0.2469852 0.3021248 0.0167369 -0.3303641 -0.4033239 -0.0562641 -0.2881219 -0.1527747 -0.2177918 -0.3221538 -0.2752218 -0.2094153 -0.1273725 0.3233291 -0.4082720 -0.3412285 -0.3239732 -0.1332861 -0.4073141 0.3469057 0.0037511 -0.1534884 -0.0409024 0.2840169 -0.2190740 -0.3704811 -0.1135572 -0.0681727 -0.2093717 -0.1336096 -0.2026747 -0.0269770 -0.0874847 -0.1397623 -0.1842708 0.0749013 -0.0613040 -0.0329300 -0.0203673 0.0175157 -0.1270345 0.1020561 -0.0760617 0.0320725 -0.2606306 0.4941392 -0.1229129 -0.1386554 0.3712223 -0.3000690 -0.3482949 -0.2634165 -0.1721651 0.1486875 -0.4354633 -0.0851602 0.0245264 0.4098267 -0.1381859 0.5025954 -0.4152414 0.3694331 -0.2361410 0.2574701 0.2871632 -0.1753121 -0.0610760 -0.1074101 -0.2385270 0.1055330 0.2821163 0.3375377 0.1974103 -0.5565149 -0.2274559 -0.2147068 -0.2030484 0.2640312 -0.0865723 0.2807664 -0.3098480 0.0392086 -0.2207853 0.0156654 -0.2906534 -0.0305850 -0.3007933 -0.3431925 0.0735492 0.0399497 -0.4313041 -0.2528960 0.2357902 0.2486964 0.3975600 0.6292635 0.2268923 -0.3189489 0.3292108 0.2282554 0.0462376 0.0774510 0.0315378 0.0025164 -0.1073356 -0.1954669 -0.2018034 0.3598586 0.6074711 0.3833827 0.3770437 0.3822705 0.5211637 0.4912784 0.5279546 0.4647107 0.4592809 0.6458996 0.3128355 0.4134759 0.0338223 -0.1606426 0.0852119 0.1505504 0.0581265 0.0980865 0.3597697 0.3616872 0.1014242 0.2279606 0.2474478 0.5852818 0.0602865 0.3437732 0.5944348 0.2484296 0.5935366 0.3056339
0.5538540 0.5633321 0.3479332 0.0492132 0.3227849 0.7559014 0.0000000 -0.0850724 0.3358164 0.1343740 -0.1650780 0.9397081 -0.1085792 0.2172273 0.1567210 -0.0563158 0.0115645 0.3144755 -0.5683147 -0.0409351 0.9374711 -0.2422174 -0.2265064 -0.1395190 -0.4975412 -0.3827787 0.0086959 0.0731780 0.0434215 -0.3030885 -0.1749283 -0.7299133 -0.1145880 -0.1812429 -0.4703779 0.4249484 -0.5837897 -0.6440234 -0.5881331 -0.4380933 -0.3520409 0.1494679 -0.5523499 -0.3177331 0.3846093 -0.7160920 -0.4974738 -0.4192117 -0.2826162 -0.7688481 -0.5143359 -0.5408749 0.0784491 -0.5904212 -0.4510560 -0.6911885 -0.5482806 -0.5265688 0.3903952 -0.5717780 0.4239038 -0.4414284 -0.3003886 -0.3770921 0.1081331 -0.5564678 -0.4822111 -0.5392810 -0.5621587 -0.4594745 -0.6070431 -0.0714577 -0.4020565 0.1847075 -0.4914071 -0.4500723 0.0346386 -0.3690100 -0.4123790 0.1689680 -0.2011699 0.1076826 -0.2882444 -0.4270700 -0.3006970 -0.3803473 -0.2105394 -0.5321472 -0.3344674 -0.4541165 -0.3913092 -0.2140277 0.0346742 0.0355309 -0.3243557 -0.4051313 -0.4651422 -0.0492933 -0.4421902 0.1081011 -0.2886566 -0.0718518 -0.3284596 -0.1084918 -0.3428954 -0.4941535 -0.1670813 -0.3291286 -0.3056934 -0.2388432 -0.3088071 -0.0282391 -0.1475611 -0.1588038 -0.2179646 0.2425195 0.0997067 -0.0591546 0.1160611 0.1883531 0.0603910 0.2568348 -0.0876350 0.0359654 -0.4403254 0.4990630 -0.0803043 -0.3056160 0.1721745 -0.4171338 -0.5223843 -0.3702451 -0.1207439 -0.0781907 -0.5372158 -0.1688670 -0.2458037 0.3592919 -0.0344761 0.5542371 -0.4672856 0.3996501 -0.5802411 0.1064874 0.0086497 -0.3951121 -0.0399226 -0.1400822 -0.3641621 0.0387574 0.2910151 0.1776523 0.1737337 -0.6783626 -0.2752438 -0.3440153 -0.3874617 0.0012297 -0.3104265 0.1390040 -0.4227031 -0.0691635 -0.5149952 -0.2356742 -0.2927466 -0.2795784 -0.5695617 -0.4630437 -0.2610024 -0.2553766 -0.6370763 -0.3907371 0.4068433 0.6258431 0.5986535 0.7255710 0.7120529 -0.0386251 0.7939650 0.6481437 0.2825982 0.2044661 0.1075487 -0.0160523 0.0627759 0.1347726 0.0685531 0.3788084 0.5003547 0.2798401 0.5851792 0.3077296 0.5278419 0.5597137 0.4899334 0.6555423 0.4521014 0.5208334 0.5958731 0.4299067 0.2204455 -0.0589852 0.2005101 0.2783944 0.2580984 0.3334124 0.3159691 0.4413701 0.1306328 0.3866665 0.1637376 0.6502313 0.2932936 0.5284866 0.4982554 0.2845144 0.5615152 0.3826303
-0.1258315 0.3508048 0.4833844 0.8377753 -0.0805232 0.4804171 -0.0850724 0.0000000 0.4214199 0.5724164 0.7891478 0.0604326 0.5789444 0.1253310 0.0665754 0.3714428 0.4730358 -0.4303340 0.4576934 0.3014331 -0.1572716 0.4264226 0.2562734 0.4231586 0.3645321 0.3920946 -0.1503275 -0.2945755 0.6012945 0.0001321 0.2520230 0.2608081 0.3737287 0.8476287 0.4545361 -0.2177901 0.3032730 0.4029797 0.3797455 -0.0998345 0.2430570 -0.1195882 0.4932284 0.1840192 0.1214285 0.2625895 0.2702006 0.2987069 0.7534861 0.1043813 0.3525966 0.3124675 0.8262884 0.4738930 0.3167529 0.3175792 0.3411447 0.4230244 -0.3160334 0.3479452 -0.2129692 0.5001469 0.2076749 0.7042447 0.3489831 0.4423249 0.2827964 0.3295985 0.2091134 0.4631382 0.2364186 0.5857885 0.2275015 0.3460272 0.3602300 0.2390063 0.5484533 0.2275805 0.2039128 0.1470924 0.1051765 0.1732242 0.0295212 0.0751323 -0.0631040 0.0555544 -0.2265358 0.1842386 -0.0136687 -0.0159456 0.0973812 0.1248759 -0.2013714 0.2911865 -0.1936268 0.0378611 0.1157008 -0.0021561 -0.2299274 0.2361659 0.2860460 -0.0968159 0.0384314 0.4852389 -0.0421906 0.0757329 -0.0835530 0.0596239 -0.0988758 -0.1392852 -0.0856806 -0.1004447 -0.2303236 -0.1896605 -0.1837712 -0.2996294 -0.2916613 -0.1006156 -0.2787152 -0.2378079 -0.3434093 -0.2619163 -0.1768432 -0.0548288 -0.0260699 0.1411441 -0.1704850 -0.0418587 0.2045461 -0.0532498 0.0090016 -0.0167271 -0.3435862 0.0775012 0.1661233 -0.2007223 -0.0247611 0.1375400 -0.4746871 0.0562764 0.0156172 0.0031259 0.3253238 0.1243337 0.2727878 -0.1001636 -0.0343876 -0.1199057 0.1936680 0.1292912 -0.0013995 0.2178348 0.1616796 0.1543217 0.1649954 -0.2466837 0.1355586 0.2097420 0.2178975 0.1519071 -0.0414923 0.1644354 -0.0316526 0.2322856 -0.0467739 0.0302678 0.1252951 0.2025097 0.3556070 0.3429440 0.1820498 0.1700455 -0.2341788 -0.3308624 -0.3246397 -0.0999749 -0.4877207 -0.4920124 -0.4443379 -0.5139212 -0.3579793 -0.1445374 -0.0936537 0.0613845 -0.0397910 -0.2834765 -0.1296768 0.1915431 0.2266474 0.2125680 -0.0109289 0.1363804 0.1376458 0.2474964 0.2190240 0.0240909 0.0799432 0.3663778 -0.0905577 0.0638707 -0.1031063 -0.2166226 -0.2423351 -0.1916749 -0.0667320 -0.3186179 -0.0756175 0.1466935 -0.0889500 -0.0567913 -0.1187907 0.0773723 -0.0106732 -0.2143993 0.2255107 0.2571145 0.1807479 0.1575073
-0.1309033 0.1225582 -0.1418550 0.6171768 -0.3298578 0.6101023 0.3358164 0.4214199 0.0000000 0.6955157 0.3461264 0.5002967 -0.2535814 0.8277286 0.7334463 -0.1254348 0.0008346 0.4917968 -0.1686940 -0.1189512 0.2142671 -0.3251986 -0.3248172 0.8202510 -0.1554314 -0.3024698 0.2351597 0.5783263 0.3079450 0.3654304 -0.4514299 -0.3229631 0.8514632 0.6502215 -0.3005218 -0.1983431 -0.5235750 -0.3830790 0.3104644 0.2537721 -0.3953902 -0.3958764 -0.0741281 0.5376996 -0.1023697 -0.3824575 -0.3432248 -0.3039913 0.5374364 -0.3373562 -0.2894718 0.1166272 0.4170493 -0.0247091 -0.4116129 -0.4461814 -0.4645119 -0.0742152 -0.3603913 -0.3569685 -0.2682866 -0.0712704 -0.4258817 -0.0623911 -0.3033759 -0.4007081 -0.2739501 -0.1958162 -0.5057256 -0.1874236 -0.5310492 -0.0847619 -0.3194478 -0.1879499 -0.2419025 -0.4709707 0.0229251 -0.4547948 -0.4390657 -0.3173683 -0.2168395 0.2152281 0.1247338 0.0944035 -0.0934210 0.1810408 0.0086805 0.3608692 -0.0598811 -0.0881068 -0.0468592 -0.0945106 -0.0703061 0.4638160 -0.2570546 -0.2138050 -0.0507388 -0.2551029 -0.0355523 0.0004446 -0.0690350 -0.0514712 0.2291286 0.4221189 0.0122404 -0.1352905 0.1818697 0.0365827 0.1287089 -0.1693423 0.1279579 -0.1106674 -0.2802042 -0.0341404 0.0921893 -0.0387897 0.0677281 0.0922265 -0.0820884 -0.0384583 -0.1760524 0.0654777 -0.2334960 -0.0751673 -0.0653821 0.1782509 -0.3320067 -0.2002582 0.2935630 -0.3213363 -0.2567923 -0.3215429 -0.2888515 -0.1593000 -0.2100701 -0.1428688 -0.0919131 0.4017571 -0.0520887 0.2855913 -0.2982746 0.3878592 -0.2437591 -0.1591048 0.3034364 -0.1873155 -0.0803344 -0.0383027 -0.0776784 -0.0957373 0.0893768 0.0221491 -0.0390952 -0.1753540 -0.3686978 -0.1831214 -0.1194015 0.0752359 -0.0685107 0.1613504 -0.2589512 -0.0127132 -0.1094097 0.1131063 -0.3118372 -0.1400687 -0.1725515 -0.0170804 0.1237289 0.1600450 -0.1223698 -0.0573307 0.0591129 -0.2695527 -0.1834702 0.1033161 -0.1677425 -0.1137079 -0.0673336 -0.1798213 0.3200056 0.0395483 -0.2725398 -0.1444761 -0.4130555 -0.3371116 -0.3651981 0.0376972 0.0834195 -0.0753458 -0.1269303 -0.0811217 0.1952248 -0.0606252 0.1290891 -0.0592010 0.0808773 0.3566720 -0.1266455 0.1212661 -0.2867431 -0.0868700 -0.3317216 -0.3397894 -0.0923768 -0.2035231 0.2309720 -0.0930137 0.0416337 0.2533015 -0.0402249 0.1407889 -0.1210991 -0.0063727 0.3198866 -0.0432210 0.4636316 0.0353825
0.0060019 0.1688264 0.0191004 0.7737078 -0.3213735 0.5382402 0.1343740 0.5724164 0.6955157 0.0000000 0.7747519 0.2049892 0.0674923 0.6314437 0.3001085 0.2689521 0.4407420 0.0995113 0.1637487 0.2055857 -0.0542242 0.1198982 0.0482079 0.6955978 0.1956757 0.1966182 0.3579722 0.2321018 0.3277161 0.4182166 -0.0267254 -0.0009723 0.6192567 0.6061109 0.0603810 -0.1890636 -0.1033502 0.0602490 0.4657518 0.3199312 -0.1149071 -0.4558634 0.2157670 0.3106357 -0.4186370 -0.1292051 -0.0119713 0.0439351 0.6511623 -0.0932399 0.1103405 0.3207966 0.3495781 0.1297183 -0.0061851 -0.0737432 -0.1290163 0.1132884 -0.5351609 0.0561087 -0.5988813 0.1929792 0.0142404 0.1946242 -0.3382957 -0.1641249 0.0581346 0.0040605 -0.2730890 0.1529579 -0.2294372 0.0726619 -0.1035304 -0.1759137 -0.1091188 -0.2952724 0.0753213 -0.2300305 -0.3018788 -0.3953520 -0.1272447 0.5263295 0.4563234 0.1760215 -0.0299499 0.4515952 0.0567574 0.5261824 0.1755666 0.0891776 0.1891302 0.0157386 0.0191744 0.4172713 -0.2782335 -0.0469438 0.3185783 0.0556267 0.0884490 0.1508745 -0.0364427 0.1412823 0.4972569 0.2039863 0.2441240 -0.1489495 0.3235798 0.3970358 0.2428470 0.0514356 0.2306597 0.0744708 0.0211291 0.1936879 0.1854602 -0.0021065 -0.0698914 -0.0450440 -0.1035052 -0.2499369 -0.2929792 -0.0373126 0.1104406 0.0318288 0.2794868 0.0730005 -0.2258313 -0.0185450 0.4091182 0.0204122 0.1777068 -0.2644874 -0.1654680 0.2550140 -0.2185332 -0.0312124 0.2303987 0.3029951 -0.1184829 0.1590743 -0.1005755 0.2063116 0.1516905 0.0697625 0.3237739 0.0154970 -0.0917335 0.0141278 0.1759577 0.0037303 0.0688092 0.1088827 0.0302137 0.1499124 -0.1090369 -0.0148216 0.2516008 0.2242656 0.1932601 0.1563111 0.0072774 0.0831787 0.2267725 0.3008678 -0.1172199 0.1085659 0.2424386 0.2112977 0.4238764 0.3959822 0.3054596 0.2271964 0.1525977 -0.2295986 -0.0972853 0.2617137 -0.1657168 0.0915698 -0.1487225 -0.2072957 0.3725969 0.2090907 -0.1010905 0.0310846 -0.3737813 -0.5993845 -0.6696340 -0.3560964 0.0669190 0.1639464 -0.1965707 -0.0297060 0.1915266 0.0095464 0.0883190 -0.0274011 0.1962532 0.3241412 -0.1782788 0.1308571 0.0614976 -0.0242921 0.0200991 0.0971045 0.0788488 -0.0564674 0.2852090 0.1096382 0.2162671 0.1738278 0.1915028 0.3080769 -0.0302311 0.1226937 0.3180301 0.0819810 0.2248434 0.0902484
-0.0544968 0.1954919 0.2340666 0.7781118 -0.1035385 0.3446737 -0.1650780 0.7891478 0.3461264 0.7747519 0.0000000 -0.0326079 0.4149948 0.1925875 0.0165012 0.4572704 0.7035955 -0.3939287 0.3602785 0.3688409 -0.2619303 0.3570938 0.3642740 0.4450346 0.2597158 0.3890896 0.0547927 -0.2781321 0.4804634 0.1077319 0.1840239 0.1632074 0.3576023 0.7019620 0.5057585 -0.2089605 0.2602816 0.3719684 0.5084351 0.1755064 0.0637696 -0.2617334 0.6134472 0.2026553 -0.2153514 0.1528701 0.1761487 0.2541626 0.7744339 0.1132804 0.3931718 0.5218934 0.5228246 0.5189774 0.3117956 0.2772262 0.2117029 0.5122063 -0.4841914 0.3949660 -0.5584195 0.5484375 0.2970325 0.5445778 -0.0643723 0.2467714 0.2536974 0.2907813 0.0348177 0.3978261 0.0918352 0.2556895 0.0862390 -0.0693178 0.0841187 -0.0863729 0.1282249 -0.0327136 -0.0992170 -0.2944118 -0.1145168 0.4840077 0.4208144 0.1630340 -0.0076117 0.4402306 0.1562735 0.4119515 0.2613311 0.2001752 0.3837730 0.2349280 -0.0040282 0.3380067 -0.2027559 0.0466597 0.3076108 0.2177887 -0.0048489 0.1499648 0.1983521 0.2031879 0.4740570 0.2933850 0.2032136 -0.0975969 0.3029859 0.4804661 0.1732623 0.1703184 0.1269325 0.1528145 0.1000947 0.1878219 0.1473690 -0.0898597 -0.1705600 -0.0165750 -0.1205852 -0.3064490 -0.3821994 -0.1506241 0.0578197 -0.2450413 0.2120913 0.0263464 -0.2550695 0.1384110 0.2809363 -0.0346007 0.1571300 -0.0232520 -0.2755858 0.1738450 0.0996019 0.0289503 0.1795726 0.0374226 -0.4386733 -0.0207354 0.1319335 -0.0832940 0.2871279 0.1984144 0.1978264 0.0847029 -0.1737370 -0.0837377 0.2280642 0.0073809 -0.0353269 0.1684365 -0.0432342 0.2816331 0.1628668 -0.0077615 0.1980780 0.2102316 0.1548721 0.1182520 0.1138901 0.0901218 0.2803584 0.2500875 0.0159597 0.1738747 0.3572800 0.1774705 0.3313430 0.3982367 0.3424023 0.3028162 -0.0342224 -0.3354465 -0.2017845 -0.0735700 -0.3621977 -0.1392597 -0.3770642 -0.3776837 -0.0790387 0.0059436 -0.0324980 0.1071243 -0.1726721 -0.4385530 -0.4640069 -0.2938142 -0.0380828 0.0713283 -0.1683688 -0.1218372 -0.0844396 0.0970417 0.0732545 -0.1121782 0.1025937 0.0430784 -0.3074742 0.0087850 0.0891274 -0.2102731 -0.0678102 0.0565662 0.0347926 -0.2847957 -0.0209406 0.1174649 0.0398417 -0.1879855 0.0576012 0.1431949 -0.0697935 -0.1630210 0.1342487 0.1609819 0.0339035 0.0704297
0.3960096 0.4918873 0.2729965 0.1780436 0.2688274 0.7919352 0.9397081 0.0604326 0.5002967 0.2049892 -0.0326079 0.0000000 -0.1801123 0.3062365 0.2869239 -0.0433198 0.0855153 0.3361401 -0.5348812 -0.1577688 0.9228725 -0.3802006 -0.2217269 0.0345559 -0.5308978 -0.3783941 0.0539728 0.0693716 0.1789583 -0.2643743 -0.3203352 -0.7323293 0.0660690 0.0228078 -0.3662351 0.2468853 -0.5791984 -0.6937234 -0.4148500 -0.3435775 -0.4694611 0.0122593 -0.3755633 -0.1322737 0.3485178 -0.6958664 -0.5130969 -0.5262457 -0.0735094 -0.8001500 -0.4682038 -0.3572992 0.1995137 -0.3893692 -0.5591410 -0.7336886 -0.5711641 -0.3296016 0.2563447 -0.5125350 0.2989849 -0.2490488 -0.3748618 -0.2524416 0.0583424 -0.5559468 -0.4461368 -0.3921348 -0.6093860 -0.3765975 -0.6301011 -0.0655254 -0.3615725 0.0929313 -0.4884381 -0.5458562 -0.0009898 -0.4276448 -0.4609517 0.0536763 -0.2015003 0.0783438 -0.3063354 -0.3630241 -0.3210160 -0.3761881 -0.1873768 -0.4649879 -0.3806764 -0.4521055 -0.3597426 -0.2193147 -0.0894792 0.0982179 -0.4160658 -0.4888887 -0.4902196 -0.2034872 -0.4664302 0.0973686 -0.2854340 -0.1597020 -0.2787331 0.0359202 -0.3769549 -0.5698345 -0.1657349 -0.3101965 -0.3326328 -0.3299353 -0.3075253 -0.1511388 -0.2904072 -0.2636437 -0.3016911 0.0667391 -0.0149229 -0.1322650 -0.0435444 0.0256426 -0.1419771 0.1234082 -0.2164671 -0.1253200 -0.5880914 0.4704749 -0.3070376 -0.3600228 0.1464136 -0.6320865 -0.6934407 -0.4709103 -0.3251626 -0.2446045 -0.4811555 -0.2362714 -0.3655930 0.3515926 -0.2007817 0.5222550 -0.5198503 0.3656796 -0.6309463 0.0121351 -0.0066629 -0.4790162 -0.1942766 -0.2582925 -0.3966574 -0.0767871 0.2033837 0.0939346 0.0103509 -0.6788962 -0.4371450 -0.4137503 -0.4477796 -0.1556957 -0.3596528 0.1171763 -0.5899281 -0.1588154 -0.5318594 -0.2451544 -0.4818663 -0.4003416 -0.5895178 -0.4715147 -0.3212271 -0.2552743 -0.7098030 -0.4361939 0.2724751 0.4597364 0.4174925 0.5786463 0.6129244 -0.0610770 0.6931508 0.4450982 0.2262350 0.1140260 0.0025319 -0.0614971 -0.0346498 0.0839293 0.0445254 0.3772261 0.4589121 0.2154118 0.4116703 0.1865776 0.4839154 0.4510524 0.4337603 0.4902920 0.3595906 0.5127582 0.4651371 0.3520108 0.0648005 -0.1627456 0.0142866 0.0912639 0.1842599 0.1973562 0.2512388 0.2989214 0.0078734 0.2780995 0.0327508 0.5908073 0.2318014 0.3800557 0.4422011 0.2187832 0.5810335 0.2878338
0.3048847 0.3812729 0.8549875 0.2319240 0.4720472 0.1541792 -0.1085792 0.5789444 -0.2535814 0.0674923 0.4149948 -0.1801123 0.0000000 -0.4127332 -0.3784439 0.3590920 0.4236291 -0.7819848 0.4005405 0.7427263 -0.1711858 0.8020974 0.4769512 -0.2625593 0.2911627 0.4195631 -0.2177956 -0.5705348 0.1621955 -0.2001468 0.7147520 0.3184377 -0.3486513 0.1723941 0.5479209 0.1406777 0.5008892 0.6837195 -0.0344848 -0.3815626 0.7440442 0.2648787 0.3774094 -0.2804485 0.3726188 0.4343898 0.4075279 0.7775112 0.1540635 0.4107662 0.4370345 -0.0059673 0.3696170 0.2503009 0.8431197 0.6440677 0.5338278 0.2808148 0.0249087 0.4166404 0.1281655 0.2476280 0.6602957 0.5401216 0.6557869 0.5406892 0.2994342 0.1882803 0.4915781 0.3989156 0.4808931 0.4381976 0.2650181 0.5601792 0.3260768 0.5545952 0.4631570 0.4432208 0.4044563 0.5102294 0.0205882 0.0581810 -0.1347427 0.0126075 0.0164288 -0.1001052 -0.2346250 -0.1881750 0.0397040 -0.0445807 0.0597637 0.1406405 0.1428073 -0.1295680 0.1863187 0.1571902 -0.0156455 0.3562499 -0.0907137 0.0665848 0.1776091 0.0374413 -0.2307824 -0.0649636 -0.1842786 0.1840257 -0.1412232 -0.0836271 -0.2399025 0.0776092 -0.2631576 0.0893925 0.0443144 0.0044271 -0.0270654 0.1055062 0.0214746 0.0835647 0.0730744 0.1586519 0.2014498 0.1036056 0.0605335 0.1008453 0.1485233 -0.0412954 0.4256798 0.0864969 -0.1884775 0.4086812 0.3407585 0.3673697 -0.0568051 0.2080425 0.3369806 -0.1029946 0.0665357 -0.3169913 -0.1866976 -0.1540104 0.3264295 -0.2520522 0.4478371 0.2111903 -0.0947256 0.0337425 0.1861142 0.0439779 0.2475207 0.3126693 0.0023936 0.2654280 0.3568454 0.1620712 0.5768510 -0.0796695 0.0941168 0.4355349 0.2484565 -0.0666606 0.3841899 0.2590385 -0.1123490 -0.0513176 0.4678818 0.2402181 0.0718585 0.1276758 0.3126935 0.1375125 0.3448587 0.3514067 -0.2132032 0.0444221 0.0406627 -0.0499997 -0.1820897 -0.3617215 -0.1795180 -0.1041109 -0.5966999 -0.2332653 0.0633095 0.0837579 0.2519090 0.1795242 0.1646946 0.2473012 0.1086644 0.0898962 0.3945051 0.3821823 0.0080110 0.3785471 0.0849843 0.2451277 0.0000300 0.1198345 0.1733367 -0.0870918 0.2912594 -0.0619026 0.2570014 0.2711170 0.3220951 0.0292653 -0.3445198 0.3931523 0.0802451 0.0385194 0.1859887 0.0751260 0.2850022 0.1579647 0.1321027 0.4858993 -0.0193106 0.3017189
-0.1679569 -0.1094175 -0.3778326 0.3387105 -0.3504417 0.2786372 0.2172273 0.1253310 0.8277286 0.6314437 0.1925875 0.3062365 -0.4127332 0.0000000 0.7301024 -0.1849538 0.0264474 0.4853357 -0.2599179 -0.0764700 0.0649264 -0.5296461 -0.2591553 0.8092161 -0.2114834 -0.2646486 0.4255990 0.7207185 0.0268347 0.6440796 -0.3702663 -0.2776543 0.8405979 0.4020751 -0.2989071 -0.2373793 -0.5174180 -0.4477865 0.4810774 0.4161204 -0.3680802 -0.5801508 -0.0250660 0.6784699 -0.4119363 -0.4016231 -0.2920543 -0.2683757 0.4467297 -0.2518940 -0.1959963 0.1651705 0.0300233 0.0017327 -0.3485257 -0.3933711 -0.4613232 -0.0530258 -0.3305578 -0.2941278 -0.3322261 -0.0607886 -0.2175131 -0.2361689 -0.5125003 -0.3375730 -0.1618936 -0.0791842 -0.3952401 -0.1856526 -0.4604587 -0.3327920 -0.1700200 -0.3786702 -0.2479824 -0.4400532 -0.2289092 -0.4430415 -0.3267927 -0.4429819 -0.0748718 0.1620016 0.0840011 0.1292510 0.0808648 0.1641914 0.1305137 0.3387934 -0.0403875 -0.1198228 0.0288483 0.0263507 0.2132120 0.2734873 -0.0819992 0.0379775 0.2323787 -0.0514542 0.1984981 -0.1127335 -0.2252716 0.1449309 0.2351835 0.1870416 0.1803285 0.0014945 0.3336382 0.0215852 0.2833512 -0.1549391 0.2041152 -0.0284073 -0.2499007 0.1788705 0.3216915 0.1581445 0.3021746 0.1750980 0.0533011 0.1033652 0.0145528 0.2174849 -0.0929840 -0.0824745 0.1233425 -0.0901289 -0.1737401 -0.2718126 0.0839632 -0.1361866 -0.0290765 -0.2831590 -0.1691161 -0.2833239 -0.0578378 -0.2113658 -0.1856812 0.2386632 -0.0271996 0.1041297 -0.1099836 0.3268113 -0.1652804 -0.3366932 0.0704412 -0.2447923 -0.0166325 0.0362398 0.1979839 -0.1075086 -0.0122721 -0.1890503 -0.0083943 0.1145823 -0.2497622 -0.2219329 0.0993896 -0.0570614 0.1005742 -0.0155562 -0.1315092 0.0625750 -0.1332507 0.0818276 -0.1335656 -0.2328449 -0.0698425 0.2889806 0.1870931 0.1919969 0.1500537 0.2280551 0.1965946 -0.2310028 -0.2552340 -0.0069376 -0.1447455 0.0915678 -0.0955583 -0.1337942 0.5748286 0.2351318 -0.1703021 -0.0023815 -0.2814035 -0.3206643 -0.3415789 -0.2059847 -0.1880382 -0.2472112 -0.1572537 -0.2792615 -0.0301189 -0.2680718 -0.1568983 -0.2224439 -0.1286923 0.1169416 -0.1316669 -0.0798562 -0.0878464 0.2427803 -0.1887161 -0.2278752 0.0312528 -0.0485052 0.1247239 -0.0261124 0.1948841 0.4897315 -0.0221763 -0.0431845 0.0117448 0.0637636 0.1641753 0.0869136 0.2835665 -0.0058432
-0.1175785 -0.1212089 -0.3006185 0.2849985 -0.1423536 0.2956763 0.1567210 0.0665754 0.7334463 0.3001085 0.0165012 0.2869239 -0.3784439 0.7301024 0.0000000 -0.4237914 -0.1825090 0.5361896 -0.4902344 -0.1170989 0.0184334 -0.4924832 -0.4024562 0.6779294 -0.5049381 -0.5278473 0.2567174 0.7605672 0.3848396 0.4962124 -0.5063257 -0.4284465 0.6889518 0.3876857 -0.3761153 -0.2570362 -0.5974147 -0.5097524 0.2708927 0.3366457 -0.4105992 -0.1357227 -0.1115266 0.5543859 -0.0098103 -0.4199956 -0.4819861 -0.2892811 0.2168654 -0.2112430 -0.4076749 0.0373443 0.1551941 -0.1635799 -0.4053161 -0.3520659 -0.5353444 -0.2009102 -0.1523394 -0.4732398 -0.0846299 -0.2995319 -0.3460334 -0.2658201 -0.3310530 -0.4209142 -0.4181654 -0.3007211 -0.4297667 -0.3828399 -0.5280677 -0.2998318 -0.3661903 -0.3319023 -0.3589851 -0.4537796 -0.2232521 -0.4890815 -0.4342467 -0.3851920 -0.3465882 -0.0220574 -0.0161825 0.0989333 0.0766708 0.0979219 0.1630165 0.2346871 -0.0250413 -0.0189862 0.0752894 0.0309177 0.2192506 0.2234700 0.1913627 0.0938312 -0.0190830 -0.1531716 0.3396286 0.0423259 0.0473403 0.1039734 0.1380476 0.3856331 0.0817752 0.1797597 0.2670955 -0.0258346 0.2572062 -0.0020298 0.1628176 0.0378903 -0.0663597 0.2564231 0.4369683 0.2804090 0.4527250 0.4611893 0.1859989 0.3180513 0.2431832 0.3789931 -0.1867535 -0.2992040 0.1670840 -0.2800706 -0.0537522 -0.1614669 -0.1241228 -0.0838549 -0.0408592 0.0444776 -0.0763453 -0.3433463 0.0852951 -0.1109925 -0.1866352 0.0098091 0.0288001 -0.1710110 -0.1486574 0.0679594 -0.2246642 -0.3639618 -0.0964035 -0.1473267 -0.1032053 0.0000463 -0.0667855 -0.3070788 -0.2107560 -0.2833470 -0.0938317 -0.1529483 -0.3617253 -0.0783288 -0.1664287 0.0341082 -0.0066977 -0.0673600 -0.0479848 -0.1064308 -0.0733278 -0.1030033 -0.1183910 -0.1543189 -0.1797129 -0.0730306 -0.0397741 -0.0570103 -0.1240866 0.0091855 0.0746121 -0.2222039 -0.0549877 -0.0629775 -0.2805936 -0.1218657 -0.2359770 -0.1631223 0.1726934 0.0286142 -0.0988687 0.0321238 -0.1607924 -0.1049026 -0.1398639 -0.0194128 -0.2342882 -0.5050376 -0.1356513 -0.2566658 -0.2989927 -0.4394941 -0.3229622 -0.4032756 -0.3971817 -0.1247228 -0.3164526 -0.3330998 -0.2249683 0.3032670 -0.1831360 -0.3594145 -0.0080120 -0.1311479 -0.0759345 -0.1592838 0.1461575 0.3090393 0.0499915 -0.3768337 -0.1052505 -0.0338552 -0.0646898 0.1016079 0.3868286 -0.0431918
0.0827658 0.2831818 0.3241638 0.2639955 -0.0808804 0.0995353 -0.0563158 0.3714428 -0.1254348 0.2689521 0.4572704 -0.0433198 0.3590920 -0.1849538 -0.4237914 0.0000000 0.7131285 -0.4653751 0.5417014 0.3037910 -0.0557789 0.3410688 0.8354779 0.1077220 0.3811501 0.7746794 -0.1728418 -0.5995128 -0.0398151 -0.1936714 0.5205322 0.2877644 -0.0259967 0.2327346 0.6761675 0.1307013 0.5084100 0.2923170 0.2753706 0.0687495 -0.0246508 -0.0471005 0.5331945 0.0303645 -0.2174472 0.3421747 0.5891765 -0.0132754 0.3984806 0.2757227 0.7600366 0.4594376 0.1924218 0.5196595 0.2901677 0.3985531 0.4002653 0.5175574 -0.3255803 0.6920293 -0.2590691 0.6079769 0.4705350 0.6477295 0.3535902 0.2660569 0.6125210 0.5204825 0.4312162 0.7369285 0.4151847 0.3746240 0.5428783 0.4064061 0.4751567 0.3773433 0.3821520 0.4906457 0.3567863 0.3196791 0.4352782 0.0390220 0.1467577 0.2573212 0.1277625 0.0817812 -0.1894709 0.1063157 0.1086008 -0.0344997 0.0029951 0.0234201 0.0108557 -0.3072358 -0.3755034 -0.2663211 0.1465020 0.2012356 -0.2682458 -0.3120838 -0.3070753 0.0004512 0.1571158 -0.3937319 -0.0682692 -0.2719209 0.2384969 0.3084285 -0.2033039 0.0518480 -0.1899795 -0.0877909 -0.1482883 -0.1153074 -0.3059830 -0.3049192 -0.2362318 -0.1641082 -0.1229034 -0.1610802 -0.1716842 -0.1681224 0.3765794 0.0347161 -0.0334804 0.1598129 0.0888918 0.1022185 0.1016108 0.0252817 0.0477276 -0.1477142 -0.5366885 0.1823826 -0.0393631 0.0137033 0.1030585 0.0553946 -0.4979420 0.2379149 -0.1411134 -0.0953579 0.1840218 0.4712392 0.1055878 0.0813032 -0.4163873 -0.5454500 -0.0066864 0.2106073 0.2265800 0.3065638 -0.2289793 0.2153157 0.0184939 -0.0731576 0.2266439 -0.1124530 0.0946164 0.0507649 -0.0153951 0.0879973 0.1211564 0.2258991 -0.0648963 0.0329735 0.4309891 0.1604154 0.3211893 0.3797263 0.2765523 0.2670711 -0.1040020 0.0897749 -0.1494763 0.1060723 0.1124679 -0.0134157 0.1261676 -0.0655507 -0.1123027 -0.1043441 -0.1763949 -0.1847157 -0.2402432 -0.0070581 -0.1213428 0.0645621 0.3165729 0.4650431 0.1110564 0.4324001 0.1432456 0.2699301 0.2073755 0.2314389 0.3344481 0.2137494 0.3870914 0.2595140 0.3863229 -0.1024109 0.2185703 0.4564199 -0.0847212 0.2987518 0.2231493 0.4607907 0.4313865 0.1260305 0.1504047 0.4865996 0.1659291 0.2287726 0.2996809 0.3549050 -0.1118745 -0.1803248
0.2330373 0.3366792 0.3623563 0.3701533 0.2112439 0.1986000 0.0115645 0.4730358 0.0008346 0.4407420 0.7035955 0.0855153 0.4236291 0.0264474 -0.1825090 0.7131285 0.0000000 -0.5397860 0.1649638 0.4199244 -0.0177971 0.1791579 0.8011924 0.1681646 -0.0451934 0.6072211 0.0172027 -0.5600541 0.1768137 -0.0870070 0.4460623 0.0285833 0.0141264 0.3349645 0.7809662 -0.0341975 0.4348320 0.1246142 0.3642172 -0.0555659 0.0041232 -0.1655583 0.7184137 0.1362843 -0.1624202 0.0884502 0.3174993 0.0762922 0.5856442 0.0412366 0.6484043 0.4143188 0.2687696 0.5921862 0.2851707 0.3097992 0.2865133 0.6568546 -0.2768821 0.6143859 -0.3071132 0.6983463 0.6492385 0.6267863 0.2543238 0.2497608 0.4385663 0.4745739 0.2353932 0.5219270 0.2025235 0.2298903 0.3893284 0.1636931 0.0986950 0.0338861 0.0901485 0.1684126 0.0699162 -0.0209508 0.1309610 0.2766627 0.1145167 0.2399305 0.2377745 0.0468099 0.0468255 -0.0211285 0.2616246 0.0930659 0.3242878 0.2899649 0.2439976 -0.1317812 -0.0670518 0.0554530 0.3003978 0.4032732 0.0313463 -0.1198217 -0.1044880 0.2907698 0.2127308 -0.1809986 0.1201742 -0.1353919 0.4141976 0.4230462 0.0341498 0.1833004 0.0236953 0.2132830 0.0854576 0.2662126 0.0280440 0.0525107 -0.0001157 0.0278118 0.0420524 -0.0810008 -0.1118607 0.0770158 0.3713756 -0.2700230 0.0734027 -0.0158802 0.0116471 0.0963998 -0.0617010 -0.0829218 -0.0059944 -0.0600726 -0.4995849 0.0634787 0.1273830 0.0098161 -0.0336012 -0.1236035 -0.6698263 0.0202552 0.1046208 -0.2189717 0.2220507 0.3328401 -0.0826964 -0.0128904 -0.4552785 -0.4687962 0.2152787 -0.0089982 0.0328649 0.2103813 -0.1879504 0.3310096 0.0316646 -0.0746929 0.2045027 -0.0508397 0.1227828 0.0293096 -0.0036987 0.0752193 0.0982681 0.1842943 -0.0106177 0.0190194 0.4190492 0.2225080 0.2893149 0.3829624 0.3258067 0.4486615 0.0991071 0.1837316 -0.0016871 -0.0099733 0.0574074 -0.0358200 0.0305788 -0.0873454 -0.1183952 0.0113901 -0.0458390 0.0946622 -0.0650199 -0.0503826 -0.1939804 -0.0821868 0.0712796 0.1325152 0.1255445 0.0329155 -0.0954613 0.1614714 -0.0055843 0.0457292 0.0813348 0.0228232 0.1241152 -0.0181549 0.6186594 0.0370672 0.3147061 0.4925766 0.2455240 0.2205146 -0.0182468 0.4950466 0.4514469 0.1109137 0.2598660 0.2702393 0.2757648 0.2215799 0.1342763 0.5744694 0.0731956 0.2213809
