0.0000000 0.7076756 -0.0272506 0.4080433 0.3675823 0.3324807 0.5876455 0.2377765 -0.0079860 -0.1673024 -0.0071759 0.0424751 -0.0640452 -0.1423580 -0.6781712 -0.3281817 -0.3511712 -0.3187420 -0.1595573 -0.0120093 -0.2246418 0.1879663 -0.3431729 -0.3087680 -0.0499999 -0.1633820 -0.2425827 -0.4453712 -0.6168522 -0.3019492 0.3544402 -0.0271409 -0.1574840 -0.2653244 -0.2739548 -0.1160932 -0.2409932 -0.2307732 -0.2733589 -0.5860375 -0.1720125 -0.5917894 -0.2999190 -0.5648608 -0.3688065 -0.4003890 -0.2793616 -0.4895396 -0.0490119 -0.4430028 -0.2059275 -0.2854510 0.0245956 -0.5919646 -0.4771649 -0.5208064 -0.3483739 -0.7118864 -0.4577841 -0.1675388 -0.1001190 -0.3405088 -0.1289461 -0.4660437 -0.3656136 -0.3121140 -0.0954310 -0.6460324 -0.1065306 -0.3642365 -0.1856766 0.2078007 -0.2335208 -0.0827513 -0.2334178 -0.1048144 0.1699610 -0.1700414 0.2275954 0.2667850 0.0999278 0.3512979 0.2584023 0.4879511 0.4754411 0.1844474 -0.0741324 0.3736605 0.1349630 0.1965446 -0.1117781 -0.3364535 -0.2476715 0.0342568 -0.1735800 -0.3184279 -0.4653330 -0.0328510 0.0725348 0.3920251 -0.0699769 0.2158373 -0.0823066 0.0453992 -0.0466217 -0.1580184 0.3220333 0.0621977 -0.0427459 0.6287810 -0.0450657 0.1649437 -0.2993845 0.0868333 0.4424630 0.1115694 0.2412771 0.4625929 0.2487630 -0.2887729 0.0893021 -0.0415144 -0.5576763 0.0663345 0.3903911 -0.0995085 -0.3956477 -0.3998082 -0.2533473 -0.1903524 0.0327230 -0.4093995 -0.3595440 -0.3035597 -0.3561909 -0.3900982 -0.4035496 -0.0617669 -0.2727619 -0.1694070 -0.3449190 -0.1320164 -0.4836230 -0.3422046 -0.3163866 -0.3317327 -0.3339146 -0.4123924 -0.5181731 -0.1768251 -0.2485243 -0.4768365 -0.4379654 -0.3572706 -0.5370346 -0.4196825 -0.5117460 -0.2322775 -0.5980515 -0.4326388 -0.3673665 -0.2125390 -0.4035154 -0.5358281 -0.3658916 -0.2970146 -0.4893727 -0.5941039 -0.6147842 -0.2638725 -0.4574895 -0.5183138 0.9249700 0.6932816 0.7990826 0.8105760 0.3911863 -0.0333145 -0.0193851 -0.4016629 -0.3234838 0.0558070 -0.0072330 0.2919064 -0.2556135 -0.6769063 -0.6138498 -0.5959526 0.3820504 0.2067960 -0.4875240 0.0545466 0.0474067 -0.5045871 -0.5829698 -0.2105643 -0.0670146 -0.0462716 -0.2361980 0.0557907 -0.3173085 -0.0827800 -0.0628865 -0.1766491 0.3848103 0.2875724 -0.2313676 0.2485713 -0.2813489 -0.4939824 0.0360892 -0.3083885 -0.0631680 -0.0464902 -0.2379088 0.2510766 -0.1057931 -0.3784909
0.7076756 0.0000000 0.2986917 0.4371026 0.7387511 0.8254886 0.6766225 0.5380939 0.3392755 0.1501057 0.3667669 0.0496313 0.3494095 0.0777314 -0.1580275 0.0250244 -0.1222871 0.0712847 0.0515523 0.3817455 -0.2369619 0.3521861 -0.0892879 0.1325266 0.0615356 0.0826691 -0.1628131 -0.2860327 0.0099123 -0.1582351 0.4899062 -0.0012735 -0.0203518 0.0768818 -0.3269400 -0.1285672 -0.0904436 -0.2802983 -0.2858203 -0.5211450 0.0525753 -0.1500369 -0.3412931 -0.5764052 -0.0304872 -0.5973355 -0.3259977 -0.3021848 0.0044883 -0.5138032 -0.2372897 -0.1225363 -0.1086007 -0.2025962 -0.0202716 -0.4251916 -0.3169548 -0.3819950 -0.1235825 -0.1695317 0.0140408 0.0652671 0.4416466 -0.1517541 -0.3387950 0.0221154 -0.0291709 -0.1990255 0.3897218 0.1146805 0.0431195 0.5248153 0.1300151 0.3204522 0.2788525 0.3114638 0.3865456 0.3381791 0.5839471 0.5227134 0.4412513 0.7832058 0.5418704 0.6062315 0.7479560 0.4817171 0.1722038 0.4043450 0.5519665 0.6003363 0.3232397 0.0130445 0.0867405 0.1130536 0.3471061 0.1179062 -0.0701270 0.2321586 0.5641422 0.3827175 0.2568264 0.3588393 0.2834344 -0.0403828 0.4166398 0.3472506 0.7101823 0.3435235 0.4544514 0.6142923 0.4733948 0.6398304 0.2915886 0.1736841 0.1933205 0.2716383 0.0895540 0.2639108 0.1479831 0.0742404 0.2742412 0.2664160 -0.0217659 0.3742577 0.6237847 0.0964152 0.1515957 0.1098006 -0.1005837 0.3331543 0.3378427 -0.0344206 0.1604179 -0.2465687 0.0006270 0.0459791 -0.1895905 -0.2196494 -0.2660620 -0.1244301 0.1392943 -0.0443062 -0.0149667 -0.2594568 -0.3124313 0.1024804 -0.2886057 -0.3063743 -0.0853119 0.2441467 0.1148111 -0.2466532 -0.0217094 0.1108284 -0.0300112 -0.0607525 -0.0948912 -0.0297256 -0.2852329 -0.1665074 0.1070420 0.2820822 0.0264901 -0.1852236 0.1144522 0.1590706 0.0202798 -0.2275170 -0.2081828 0.1463671 -0.0258262 -0.1462479 0.7086995 0.6203226 0.8788617 0.7786635 0.3558909 0.0070403 -0.1337548 -0.4052892 -0.0853497 0.0884223 0.1159723 0.3351526 -0.0616188 -0.3705809 -0.4898585 -0.0802904 0.4728872 0.0570066 -0.0746407 -0.1258694 -0.1342617 -0.3184086 -0.3374904 -0.2006358 -0.1422234 -0.1816632 -0.0735874 -0.0257914 -0.6078174 -0.1144410 0.1047535 -0.3890437 0.4191566 0.3772647 -0.3972025 -0.1962432 -0.5096679 -0.6836955 0.0781185 -0.5813512 0.1569760 -0.2149149 -0.2436771 -0.1953992 -0.1424525 -0.5555377
-0.0272506 0.2986917 0.0000000 0.6006180 0.6812538 0.3440584 0.3767502 0.7469660 -0.1080050 0.6111031 0.6551821 0.3500317 0.7977858 0.3054557 0.2376363 0.6504812 0.3387872 0.3626898 0.4382295 0.2937417 0.3448619 0.5237525 0.5185295 0.4637578 0.4781066 0.6352288 0.3674565 0.3942129 0.4027499 0.4697822 0.4196746 0.5260746 0.4847621 0.2719974 0.4388830 0.3607433 0.7334981 0.4303060 0.3985104 0.2852627 0.6850135 0.3840657 0.5218246 0.3329835 0.4853268 0.0474252 0.4070236 0.4249372 0.3937676 0.1034675 0.5356745 0.5338202 0.1573740 0.3751977 0.5681744 0.1680753 0.4775661 0.4557413 0.1822544 0.5822454 0.5250497 0.7231154 0.5287126 0.4190594 0.2109757 0.4682863 0.5756413 0.5081017 0.5090650 0.6737797 0.5400219 0.6288646 0.5910364 0.7200452 0.4540149 0.6216964 0.4814286 0.4607402 0.6466348 0.6082590 0.5217320 0.1992282 -0.1547126 -0.1319384 0.0011900 -0.2551973 -0.3307041 -0.2707163 -0.0035521 -0.1605784 0.3094306 0.3567452 0.0775626 -0.1667946 0.2848271 0.2608875 0.4396757 -0.1397921 0.4025459 -0.3029593 -0.1818900 -0.3141704 -0.1548381 -0.3795535 0.3841428 0.3667852 0.0114708 -0.1774182 0.5016096 -0.1941280 0.3513375 0.4485004 0.2277129 -0.4900173 -0.4683759 -0.2377740 -0.5278788 -0.3798183 -0.3976842 0.2344935 -0.1090470 0.0249225 0.5561028 0.4226294 0.3681436 0.6471745 0.3789694 0.7050305 0.5558556 0.4433039 0.1543146 0.7068373 0.4255140 0.5433387 0.4638244 0.7868676 0.3523365 0.2906534 0.2517137 0.5954536 0.5198884 0.6018246 0.4702343 0.6969191 0.3196422 0.7300530 0.3021124 0.4041192 0.2637860 0.6204640 0.6771274 0.6046992 0.3243700 0.3804843 0.3664294 0.6243165 0.3267893 0.5086408 0.1937339 0.5606927 0.3512493 0.6305344 0.6222112 0.1940668 0.3663244 0.6234833 0.4448062 0.0687405 0.2080907 0.6523301 0.3721947 0.3262554 -0.0456063 0.2917502 0.0507842 0.0815889 0.2086377 -0.0535548 0.1893523 0.1551236 0.1889786 0.3100048 0.2733380 0.2446646 0.3271372 0.5910964 0.2432669 0.6346204 0.5093944 0.2167739 0.5777746 0.1746402 0.0499494 0.3903823 0.4823597 0.3322231 0.4058175 0.3653692 0.3704192 0.4812592 0.2656023 -0.5801335 -0.0922987 -0.0414710 0.1641227 0.1227758 0.0778539 -0.0554480 0.1035393 -0.5821238 0.0408418 0.1007275 0.6464239 0.1205413 -0.2062009 -0.1047627 -0.4428736 -0.1995501
0.4080433 0.4371026 0.6006180 0.0000000 0.3344908 0.5121578 0.7022998 0.5533196 0.2385425 0.6885984 0.5781866 0.6605434 0.2481120 0.5405605 -0.0504462 0.2757208 0.3920546 0.4731949 0.3811082 -0.1514328 0.5206997 0.5623992 0.3794114 0.3345961 0.5427907 0.5149038 0.3354609 0.2447379 -0.0034318 0.2492036 0.1700957 0.6256344 0.5033770 0.4146213 0.4462922 0.3550733 0.6329221 0.3865533 0.3902499 0.0759406 0.4434643 -0.0506106 0.4039820 0.1230793 0.5057998 0.0350481 0.2023321 0.0176880 0.6969155 -0.3609435 0.3633451 0.4545596 0.6927624 0.0910666 0.0224429 -0.3410127 0.1198045 0.1707136 -0.1699457 0.4151218 0.6420155 0.3205530 0.0954470 0.4072794 0.4881410 -0.1043457 0.3757502 -0.1663265 0.0929661 0.3428608 0.1027073 0.5946153 0.0523920 0.5653055 0.0014279 0.5038113 0.7091869 0.0312567 0.3641441 0.5686916 0.0855311 0.1181980 -0.1337637 0.1225865 0.1297280 -0.1942805 -0.3458223 -0.1809236 -0.1036529 -0.1890937 0.0264367 0.1250793 -0.0331334 -0.4271573 -0.0925424 -0.0810812 -0.0336987 -0.4234925 0.2652196 -0.4267378 -0.3654162 -0.4673828 -0.3778865 -0.6778285 0.1010758 0.0725816 -0.0268361 -0.2000203 0.2626632 0.1016170 0.2369920 0.3355643 -0.1946403 -0.4266910 -0.1578603 -0.2139940 -0.3793319 -0.1518329 -0.2215623 -0.2776931 -0.4693128 -0.3522226 0.1245864 0.2568288 0.1347584 0.3302697 -0.1141664 0.1337197 0.3219421 0.0015706 -0.3456415 0.1358335 -0.1331869 0.2174275 0.1489485 0.2680914 -0.2463391 0.1828709 -0.1921187 0.4450058 0.0996812 0.2665620 -0.0268380 0.2415430 -0.1122079 0.3330881 -0.2739988 -0.1560339 -0.0598926 0.0070039 0.1203005 0.0673328 -0.3286706 0.0416809 -0.2334730 0.1840881 -0.1264503 -0.1025619 -0.2171906 0.0531855 -0.0955632 0.0528951 0.2475346 -0.3128390 -0.2333740 0.1423214 0.0278806 -0.3161762 -0.3038744 0.0893088 -0.0773696 -0.1444776 0.2876199 0.4703898 0.2322035 0.5964909 0.7249121 0.4957114 0.6015968 0.3554858 0.1506295 0.3967697 0.1837639 0.3563842 0.1620804 0.1109820 -0.0578077 -0.0096399 0.8444196 0.6492707 0.1833574 0.5685090 0.4912361 0.4047392 0.2630316 0.6167295 0.6657258 0.6536082 0.2234514 0.5823317 0.1024616 -0.6966432 -0.2013664 0.1501833 -0.1223691 -0.2566007 0.0732621 -0.1490924 -0.1420857 -0.6307491 0.0113489 0.2746097 -0.0045226 0.1831530 -0.5439085 -0.1455409 -0.7797730 -0.4808287
0.3675823 0.7387511 0.6812538 0.3344908 0.0000000 0.5633411 0.5605012 0.6974296 -0.0530802 0.1023398 0.2992105 0.0717927 0.7686097 -0.1423047 0.0266336 0.1802846 -0.2376217 0.0668025 0.0914073 0.7557718 -0.1530233 0.3609343 -0.0769152 0.1475061 0.0292783 0.1131260 -0.2001923 -0.1995346 0.2138519 -0.1181451 0.6111184 -0.0568161 0.0499997 0.0036191 -0.2597899 -0.0989257 0.0941195 -0.1926943 -0.2555567 -0.3713247 0.2145954 0.0104278 -0.1583827 -0.2992717 -0.0368752 -0.3998074 -0.0893783 0.0641424 -0.0333044 -0.1063957 -0.0787246 -0.0774105 -0.2934447 0.0161601 0.4525585 -0.0038975 0.0210690 -0.0771723 -0.0507783 -0.0069331 -0.0773889 0.2794352 0.6604775 -0.1676980 -0.4145078 0.3987935 0.0834115 0.1897566 0.6199783 0.2713022 0.2501413 0.4258076 0.3966975 0.3304284 0.5285982 0.2990271 0.1787307 0.5235175 0.6389158 0.5224157 0.7049331 0.7241948 0.3920232 0.2950765 0.4995981 0.1857006 -0.0540477 0.3187353 0.3180849 0.3615012 0.3055099 0.1254940 0.0361928 0.3534000 0.3947565 0.2365828 0.2194626 0.2875442 0.4605912 0.3459653 0.0619787 0.1557829 0.3036736 -0.0314975 0.4209345 0.4023802 0.4251469 0.2586275 0.3890870 0.2587165 0.3143735 0.4241928 0.3713304 -0.0555856 -0.1342948 0.0619410 -0.1779336 0.0003005 -0.1032412 0.3397232 0.2124559 0.2284597 0.2351530 0.3556117 0.6272103 0.2972377 0.3769346 0.4778070 0.0900084 0.4849552 0.3227938 0.4127095 0.5047612 0.0454762 0.1683479 0.3995774 0.0919007 -0.0984500 -0.0822608 0.1123815 0.3748237 0.2886557 0.2226748 0.1664490 -0.1382923 0.3737926 0.0557274 0.0584182 0.0215586 0.6156340 0.4502994 0.1112146 0.3729928 0.2493322 0.3370558 0.2925371 0.0451266 0.3455175 -0.0676625 0.1409412 0.3605319 0.5907439 0.2883988 -0.0106821 0.4343541 0.4184792 0.1911685 -0.1033523 -0.0174841 0.4586358 0.1954565 0.0916227 0.4215457 0.4467877 0.5979989 0.4279784 0.1397595 -0.2529440 -0.1770498 -0.3812945 -0.2187848 -0.0010077 0.0371788 0.1690130 -0.0168846 -0.0355812 -0.2945479 0.3680023 0.2428206 -0.0964183 0.2370766 -0.1883214 -0.2038490 -0.0942339 -0.0063351 -0.1135473 -0.0273578 -0.1044088 0.1510314 0.0159565 -0.3467727 -0.3280844 -0.0848755 -0.4804915 0.5560318 0.4136487 -0.4065922 -0.0273015 -0.3640435 -0.6993894 -0.0484733 -0.5867205 0.6513201 -0.2017227 -0.1469954 -0.1770966 -0.0150356 -0.2939971
0.3324807 0.8254886 0.3440584 0.5121578 0.5633411 0.0000000 0.5959497 0.4381015 0.6229300 0.5272339 0.5534534 0.2939905 0.2803632 0.4263517 0.2214956 0.1931961 0.2399545 0.3169720 0.2097464 0.2689404 0.0662520 0.4209521 0.1406755 0.4207968 0.2489778 0.2421681 0.0015691 0.0427158 0.4150327 0.0305725 0.2981557 0.2409535 0.2446252 0.4494720 -0.1243517 0.0885804 0.1393908 -0.0564058 -0.0262997 -0.2221386 0.2846378 0.2114676 -0.1447509 -0.2956702 0.3317125 -0.3812134 -0.2864766 -0.0725051 0.2841084 -0.5607579 -0.1711544 0.1884054 0.1258102 0.1450023 0.2325834 -0.3336084 -0.2659065 0.0235434 0.2594296 -0.0650584 0.2527030 0.2718542 0.5141038 0.2221449 0.0623699 -0.0052822 0.0567025 -0.0904406 0.3846015 0.3261507 0.0345473 0.5123641 0.0997948 0.4404917 0.2865365 0.4746051 0.5575549 0.3559076 0.4757913 0.4916348 0.2163503 0.5943077 0.4028884 0.4624689 0.5803987 0.4382675 0.1530287 0.1810020 0.4894603 0.5125010 0.4267708 0.2009319 0.1930288 -0.1357221 0.3473256 0.2688350 0.0430313 0.0412904 0.6051335 0.0214341 0.2595482 0.1614968 0.2117930 -0.3411682 0.5064122 0.4472522 0.6515027 0.2621235 0.6531190 0.3717140 0.6903335 0.7642064 0.4366399 0.0579312 -0.0263204 0.2435030 -0.0502989 0.0409859 0.0397753 -0.0473446 0.0689501 0.1961432 0.3068732 0.3527826 0.3178274 0.1786363 0.3116151 0.3034524 0.0108686 0.4614189 0.2620669 0.2124609 0.3135165 -0.0605649 0.2981579 0.2655115 -0.0286176 -0.1814690 -0.1588370 0.0135051 0.3262968 -0.0056699 0.1755052 -0.1104815 -0.2013990 0.3170684 -0.2764724 -0.2193989 0.1716267 0.2426719 0.1991387 -0.0269358 0.0285910 0.3149862 0.0986033 0.1624458 0.0925656 -0.0469740 -0.1265344 -0.0491512 0.2307814 0.3156822 0.3087208 -0.1100721 0.1673235 0.3003789 0.3032021 -0.0448839 -0.0425969 0.1677051 0.1584573 -0.0073321 0.3569366 0.4320449 0.6192237 0.5841784 0.3679166 0.2452466 0.0754316 -0.0577482 0.2508338 0.2495806 0.2603325 0.3274210 0.1808908 -0.1448066 -0.1681620 0.0758439 0.5946776 0.2847575 0.0913045 0.1143346 0.0960663 -0.0555148 -0.1405365 -0.0124424 0.0252992 0.0445956 -0.0906869 0.0932489 -0.5901412 -0.1971572 0.2026491 -0.1468468 0.1284302 0.0214483 -0.1709433 -0.5103981 -0.5888889 -0.6141469 0.1522858 -0.4279643 -0.0559717 -0.0750644 -0.3421047 -0.4843824 -0.4364453 -0.5973584
0.5876455 0.6766225 0.3767502 0.7022998 0.5605012 0.5959497 0.0000000 0.2584340 0.0809364 0.3532474 0.1184081 0.6729798 0.1596466 0.1848038 -0.2162138 -0.2032696 0.0461690 0.3918519 -0.2581702 0.1795706 0.3703533 0.2008498 -0.1186251 0.0491062 -0.1135172 -0.1060431 0.0274472 -0.1380578 -0.0926960 -0.0223214 0.0569873 0.1553389 0.1262780 0.1111392 -0.1574763 0.2641006 0.0034924 -0.2230452 0.0091327 -0.2751464 0.0144058 -0.1250615 -0.0414168 -0.3231991 0.1277741 -0.4028621 -0.3545906 -0.2051032 0.4983314 -0.4860167 -0.2409965 0.2031957 0.3630767 0.0617005 -0.0044414 -0.5002542 -0.3874776 -0.0390126 -0.1880236 -0.1825207 0.2802190 0.0271133 0.1368103 -0.0731466 0.0504511 -0.2788701 -0.1399677 -0.3455029 0.1026270 -0.0098695 -0.2784833 0.3132127 -0.1495120 0.1735205 -0.1405711 0.2642576 0.5391977 -0.1326161 0.3729241 0.6250990 0.2146733 0.3663778 0.2604420 0.4354754 0.3927676 0.0834423 -0.3525456 0.2580602 0.0745384 0.1216951 -0.1341943 -0.2995251 -0.2898692 0.0027394 -0.1856063 -0.2855510 -0.2341328 -0.2637723 0.0146355 0.1710562 -0.2992030 -0.1811274 -0.1041684 -0.2769749 0.0936361 -0.0159008 0.1185231 0.0437335 0.1268587 0.2888346 0.1603064 0.2194981 -0.2758535 -0.2218579 0.0502262 -0.2002657 -0.1564887 0.1162306 -0.0756459 -0.2809032 -0.2854330 -0.3647726 -0.1694148 -0.0021183 0.2062169 0.0932814 -0.3003252 -0.0304220 0.0338648 -0.0343444 -0.2238734 0.0526244 -0.1418807 0.0474166 -0.0873103 0.0113128 -0.2004308 0.1224054 -0.2097412 0.2935289 -0.0623310 0.2803994 -0.3380547 0.0125042 -0.1929566 0.1192503 -0.1546256 -0.1544772 -0.3517736 0.1986544 0.1598981 -0.1987873 -0.0522786 -0.1517355 -0.2264270 -0.0258051 -0.3834755 -0.0101402 -0.5386549 -0.1051941 -0.1933764 0.1174668 0.0664240 -0.4122371 -0.2051395 -0.0011380 -0.1783720 -0.4958335 -0.5740999 -0.0838947 -0.2829834 -0.4681077 0.5712408 0.5417912 0.6229342 0.7992880 0.7101631 0.3740970 0.4335490 0.1092639 -0.0522959 0.4126309 0.2954889 0.5773689 0.1788571 -0.3202669 -0.2931104 -0.1961590 0.6693653 0.5121273 -0.2028660 0.4632153 0.4550015 0.0211850 -0.0701029 0.3121612 0.4663173 0.4767397 0.3326468 0.3306346 -0.3357050 -0.6170460 -0.3906010 -0.2281553 0.1843745 0.0453256 -0.0330303 -0.0775106 -0.5610806 -0.5237982 -0.3512710 -0.1964559 0.1585654 0.1070919 -0.2880624 -0.3098920 -0.2876128 -0.2803585
0.2377765 0.5380939 0.7469660 0.5533196 0.6974296 0.4381015 0.2584340 0.0000000 0.0531874 0.3091995 0.7235339 -0.0295402 0.7543461 0.1887307 0.0335454 0.6450712 0.1302557 0.1835145 0.7274444 0.4041024 -0.0712341 0.5646693 0.4644458 0.2257951 0.6123098 0.6930454 0.2064649 0.0141748 0.1308773 0.0978102 0.6699689 0.2527701 0.1673087 0.0861848 0.3255514 -0.0467656 0.5689101 0.3509063 0.0648369 -0.0901362 0.4395779 -0.0052760 0.2077987 -0.0128887 0.1808630 0.0126813 0.4488190 0.1795773 0.0090787 0.0789212 0.5019642 0.0886514 -0.0760060 -0.0124346 0.3277485 0.1345372 0.4866053 0.0400018 -0.1589684 0.4965394 0.2388873 0.5052098 0.5129265 0.2213066 -0.0825295 0.5965451 0.5157867 0.3371737 0.6192879 0.5565711 0.6219805 0.6816468 0.5698010 0.6540485 0.7205054 0.4332861 0.2497965 0.6755180 0.5917024 0.3241660 0.6194018 0.5699792 0.1203150 0.0606125 0.3194482 -0.0066671 0.0299631 -0.0302367 0.2062460 0.1703708 0.3862975 0.4089985 0.2513209 0.0095024 0.5430936 0.3172640 0.2754841 0.2210442 0.7338349 -0.0833880 0.1155542 -0.0279167 0.1449479 -0.2607669 0.2823692 0.3961980 0.3896211 0.1416894 0.4013074 0.2388287 0.3205260 0.5320356 0.4627025 -0.0808616 -0.1979695 0.1285986 -0.2901095 -0.1223011 -0.1507011 0.4984004 0.0889051 0.2370547 0.3462457 0.5375007 0.7168141 0.5012823 0.4688121 0.4395338 0.4181032 0.3859805 0.2099603 0.2247693 0.3509146 -0.0249405 0.1950626 0.4556115 -0.1095209 -0.0899473 -0.1623677 0.1233525 0.3888222 0.1610494 0.4178858 0.1666614 -0.1777903 0.4191085 -0.1766591 -0.0700006 0.2181642 0.3108306 0.2697806 0.1510812 -0.0013663 0.3142945 0.2564390 0.2894373 0.2328183 0.0969218 0.1539318 0.1689714 0.3390852 0.4072161 0.2895613 0.0838329 0.2810855 0.4393839 0.2827070 0.0322180 0.1827095 0.5264898 0.2642987 0.3124786 0.2466690 0.4578105 0.3152159 0.3002523 0.2028266 -0.1552802 0.0222840 -0.1436545 -0.0868610 -0.0444580 -0.0971489 -0.0380012 -0.0310420 0.3222857 -0.0817618 0.4149055 0.3240805 -0.0674483 0.6636558 -0.1774587 -0.2146130 0.3286609 0.3774385 0.2418408 0.1669917 -0.0216681 0.0859802 0.2068392 0.0229712 -0.3631557 0.0217149 -0.1593582 0.2155373 0.2044538 -0.3843628 -0.0686952 0.0564897 -0.7274327 0.2579690 -0.1720157 0.4137328 -0.2902073 -0.4526871 0.0938739 -0.3031508 -0.5012636
-0.0079860 0.3392755 -0.1080050 0.2385425 -0.0530802 0.6229300 0.0809364 0.0531874 0.0000000 0.3745040 0.3531702 0.0092052 -0.0511452 0.3885225 0.5810789 0.0454339 0.1527285 0.3328584 0.2804034 -0.1109074 -0.1007271 0.5042057 0.0472935 0.6529547 0.3513852 0.2283363 -0.1757570 0.1676582 0.4550068 -0.0583047 0.0609354 0.2053483 0.3829583 0.7727001 -0.1000767 -0.2616621 0.1216246 -0.0784604 -0.0887969 -0.1085090 0.1850000 0.0304696 -0.2210531 -0.0782000 0.4999199 -0.2947901 -0.2113713 -0.2590463 0.2024380 -0.6748681 -0.1538441 -0.0351255 0.3023138 -0.0808798 -0.1346994 -0.4079937 -0.2721599 -0.1005901 0.1582419 -0.0387363 0.1300665 0.0142799 0.3375644 0.3753698 0.2691401 -0.2018979 0.0049608 -0.1046669 0.0825673 0.2184734 -0.0815473 0.2900089 -0.0419258 0.3383277 0.0989417 0.3543589 0.3970562 0.2628414 0.0409271 0.2287375 -0.1333785 0.3284104 0.1746584 0.2567717 0.3796840 0.4461857 0.5817959 -0.0275028 0.4826598 0.4406618 0.5568440 0.5776558 0.6040578 -0.3706828 0.3935603 0.5622085 0.2924405 0.1243841 0.5805606 -0.3820035 0.3140886 0.1057450 0.1377512 -0.5119056 0.5840265 0.5499763 0.4157399 0.1544138 0.5852873 0.1032386 0.6881281 0.5277851 0.4226513 0.1355189 -0.0954105 0.3688527 -0.0056886 -0.1660686 0.0721468 -0.1716077 0.0118118 0.2992819 0.4806380 0.4302923 -0.1802657 -0.1601444 0.4337069 0.2630071 -0.2502011 0.3860175 -0.0334544 0.0074856 0.2635426 -0.1217982 0.4182805 0.1622061 -0.2260679 -0.4339000 -0.3743022 -0.1741972 0.4311303 -0.3352070 0.3617715 -0.2481063 -0.3496522 0.2510832 -0.4251226 -0.3328072 0.5413288 -0.0949491 -0.0781694 -0.0096679 -0.0660827 0.5490906 0.2006702 0.2511450 0.3495651 -0.1905652 0.3482015 -0.0376500 0.4278892 0.1056874 0.3188073 0.1622661 0.2702591 0.2900644 0.4527860 0.4057236 0.3435748 0.1008618 0.4237291 0.3407448 -0.1318751 -0.1261039 0.0577853 0.2372795 0.2008257 0.5140664 0.0059181 0.1048310 0.3668502 -0.0182017 -0.1270389 -0.0505901 -0.0645334 -0.0349340 -0.1425315 0.1112135 0.3630513 0.1664832 0.0680021 0.0160029 0.0234570 0.1000309 -0.0941373 0.0058267 -0.1591156 -0.0962332 -0.1648048 -0.1588446 -0.3120598 0.2505302 0.5794083 0.0892767 -0.1408625 -0.2218225 -0.2341656 -0.6341793 -0.2563036 -0.1444202 0.3441958 -0.1013116 -0.4685416 -0.0253284 -0.1962579 -0.5712150 -0.4943310 -0.5611353
-0.1673024 0.1501057 0.6111031 0.6885984 0.1023398 0.5272339 0.3532474 0.3091995 0.3745040 0.0000000 0.6926768 0.6496159 0.1690500 0.8746887 0.3677063 0.5361806 0.8391424 0.5658839 0.3981320 -0.2838066 0.6814393 0.4603136 0.6989904 0.6486445 0.5907983 0.6291808 0.6357380 0.7437198 0.4893425 0.7268556 -0.0458215 0.8400692 0.7295576 0.6163080 0.6054653 0.5860009 0.7436616 0.5512412 0.7320089 0.6017141 0.6913791 0.5287388 0.6159141 0.5202657 0.7763747 0.1058274 0.1982282 0.2572718 0.7704914 -0.3065261 0.4527310 0.8661734 0.5910616 0.5886437 0.2497095 -0.2005692 0.1630179 0.6410345 0.4706761 0.4943192 0.8739760 0.6471636 0.1559451 0.7113696 0.7526720 -0.0778049 0.4748729 0.1977777 0.0296361 0.5680849 0.2083791 0.4952857 0.1504764 0.6672329 -0.0050011 0.6289085 0.7428326 0.0463091 0.2683514 0.5027562 -0.1280423 -0.1688069 -0.2581396 -0.0756017 -0.1181997 -0.1434362 -0.3011151 -0.4350753 -0.0233367 -0.2195705 0.1933480 0.2688564 0.0728810 -0.6185678 0.0075463 0.1085696 0.1648171 -0.5210555 0.2702771 -0.6325256 -0.2310682 -0.4078180 -0.3269859 -0.6036843 0.2814923 0.1901170 0.0220741 -0.2610140 0.5781286 -0.2208549 0.5160954 0.5612803 0.1121890 -0.4409165 -0.3442494 -0.1519211 -0.3906116 -0.3131259 -0.2575900 -0.1676224 -0.3324093 -0.1694607 0.5371243 0.2453823 -0.0657914 0.5431502 0.1272740 0.4514870 0.5672159 0.2141715 -0.0374463 0.4920346 0.0621961 0.4785426 0.5007117 0.5948484 0.2387875 0.4006138 0.2541228 0.5996223 0.3501847 0.4130750 0.2869007 0.5257727 0.3926367 0.5914473 0.1047085 0.2298419 0.2964636 0.2371123 0.4542254 0.5432109 0.0303436 0.3032261 0.0485835 0.4723616 0.2996542 0.1657967 0.0652938 0.4079306 0.0736750 0.2906184 0.5845484 0.0673199 -0.0094896 0.4087977 0.4746917 0.0698121 0.1103970 0.2782744 0.2252313 0.1253938 -0.2410517 0.1839245 -0.1052498 0.1225244 0.4499131 0.4478914 0.5303242 0.5796305 0.5722189 0.5338903 0.4510260 0.3321002 0.5603123 0.5516986 0.4781341 0.2900071 0.7956187 0.6666961 0.3830298 0.6153546 0.4967145 0.4820323 0.4431781 0.5398230 0.5829941 0.6475682 0.2759311 0.6377067 0.1574598 -0.5078171 0.1145715 0.4040797 -0.2707838 -0.3559645 0.4780583 -0.3878323 -0.0760137 -0.2875585 0.1764208 0.3792403 -0.0277072 0.3648233 -0.2984180 -0.3130983 -0.7504704 -0.3104375
-0.0071759 0.3667669 0.6551821 0.5781866 0.2992105 0.5534534 0.1184081 0.7235339 0.3531702 0.6926768 0.0000000 0.1378706 0.5093145 0.5466608 0.2813756 0.8638524 0.5883927 0.3888747 0.7859971 -0.0711848 0.2306794 0.5680981 0.7757303 0.5136208 0.7841748 0.9090575 0.4946849 0.3897659 0.4493979 0.4584099 0.4217536 0.6177501 0.3661549 0.4086809 0.6077742 0.3873929 0.7468652 0.6671307 0.4331116 0.2609723 0.7234703 0.4818292 0.4716751 0.1784157 0.6147942 0.1614332 0.4540055 0.4116493 0.2676983 0.0251161 0.6231738 0.5178803 0.2537179 0.2137375 0.3488728 0.1413801 0.4727494 0.3109772 0.3178855 0.6710030 0.6110394 0.7348767 0.4746535 0.7095586 0.3648705 0.4423697 0.7110172 0.4278927 0.5364937 0.8039574 0.6392941 0.8158899 0.6013277 0.8632757 0.5428845 0.7416203 0.6245807 0.5987983 0.6407013 0.3831052 0.3274445 0.2226953 -0.1136195 -0.0116379 0.1600140 0.0100456 0.1124639 -0.3827799 0.2769516 0.1058621 0.6124312 0.5747894 0.3784324 -0.5336429 0.5440060 0.4536587 0.3763075 -0.0611439 0.7519549 -0.5043575 0.3250690 -0.1047152 -0.1325415 -0.4958329 0.4804857 0.5368512 0.3402821 -0.1103851 0.7062010 0.0605011 0.6588206 0.7914737 0.4578027 -0.2138795 -0.2816098 0.0861581 -0.3069263 -0.2832622 -0.1787738 0.1442268 0.0330572 0.2992002 0.5690782 0.6103317 0.3542583 0.5018731 0.5082409 0.5203526 0.4199097 0.5390707 0.3407919 0.3965378 0.3611182 0.3387165 0.5120499 0.6123942 0.2367984 -0.0109100 0.1536567 0.2496876 0.4915649 0.1409214 0.5689756 0.3127224 0.1695234 0.5987187 -0.0441031 0.1069049 0.4709964 0.1996005 0.3074795 0.3681693 -0.0855442 0.4829931 0.2516060 0.4139634 0.4596852 0.1416773 0.3186222 0.3347374 0.3573886 0.3333923 0.5128853 0.2313421 0.2398579 0.5496497 0.5262054 0.2498760 0.3579548 0.4830294 0.4263739 0.4239514 -0.0090372 0.3455717 0.1131425 0.1162922 0.1774297 0.0872090 0.1815374 0.2322363 0.5337348 0.3919085 0.3787064 0.2895375 0.3382538 0.5079725 0.2733364 0.4196201 0.5759471 0.2036542 0.5879484 0.0607355 -0.0635987 0.3696967 0.3156521 0.2118772 0.1586517 0.1677715 -0.0381988 0.3278404 0.1963927 -0.1935726 0.2609280 0.1757042 -0.1029253 0.0777461 0.0327390 -0.2866882 0.2200111 -0.5063896 0.3646850 0.1912797 0.1258186 0.0499461 -0.3484361 -0.0509363 -0.6517002 -0.4533308
0.0424751 0.0496313 0.3500317 0.6605434 0.0717927 0.2939905 0.6729798 -0.0295402 0.0092052 0.6496159 0.1378706 0.0000000 -0.1185061 0.4877589 0.0323636 -0.0648317 0.4660192 0.5223828 -0.1324061 -0.1443003 0.9140938 0.1317569 0.1630798 0.1090784 0.1138048 0.0099763 0.3058464 0.3504273 0.1327271 0.3035982 -0.1893548 0.5183218 0.4047071 0.2828913 0.2323575 0.6569241 0.2773988 0.2632586 0.4224667 0.2568183 0.3188639 0.1973518 0.3198735 0.2190010 0.3653133 0.0338950 -0.2130178 0.2468396 0.7971782 -0.2475050 -0.0092533 0.6048137 0.6605542 0.4529279 0.1414915 -0.3118080 -0.2300464 0.4776374 0.1877950 0.0561137 0.5364021 0.2387230 -0.1507022 0.2756857 0.5902137 -0.4130144 0.0195196 -0.1963121 -0.1857506 0.0618122 -0.3183469 0.0536921 -0.2542039 0.1044531 -0.3647537 0.2334944 0.5865188 -0.3801758 0.0020861 0.3989126 -0.2378433 -0.2610621 -0.1307759 0.0928099 -0.0782309 -0.2254725 -0.5552433 -0.0754614 -0.2638750 -0.3028679 -0.2856382 -0.2497745 -0.3954951 -0.3250035 -0.4326037 -0.3237817 -0.2748156 -0.6676586 -0.2865582 -0.3474567 -0.5041103 -0.5481286 -0.3973032 -0.5393683 -0.1116489 -0.1706434 -0.3210990 -0.2514869 0.0360991 -0.1227648 0.0860848 0.0144494 -0.3851148 -0.4380694 -0.0786421 -0.3184405 -0.2418125 -0.0568920 -0.1291371 -0.4662118 -0.5564392 -0.5769980 0.0155001 -0.1456099 -0.2889594 0.1116546 -0.3536950 0.0254604 0.2194579 -0.1221337 -0.4019298 0.2928537 -0.1974668 0.3889696 0.1114024 0.1374423 0.0137000 0.3050517 0.0287354 0.4776357 -0.0571581 0.3411411 -0.3119913 0.3070029 0.1140758 0.1752122 0.0299696 0.0771005 -0.2344915 0.0273380 0.1357778 0.0959897 -0.0891682 -0.1433220 -0.2141943 0.1218401 -0.3045029 0.0267172 -0.3860213 -0.0174231 -0.2552823 -0.1022994 0.2235770 -0.4192900 -0.3321887 -0.0110481 -0.0056246 -0.3282287 -0.4749810 -0.2475007 -0.2265834 -0.4228469 0.0154158 0.3060972 0.0541133 0.3923973 0.7407593 0.6125729 0.8598859 0.7014590 0.2701845 0.6196124 0.4624471 0.5208278 0.4728249 0.0410331 0.2212246 -0.1457760 0.6948331 0.8480684 -0.0840029 0.9158194 0.8846561 0.4406395 0.2406887 0.6337694 0.7400773 0.9373446 0.4079749 0.4802956 0.0920881 -0.6928699 -0.3739417 0.2933825 -0.0887589 -0.3571018 0.3961438 0.0070135 -0.3934062 -0.0829912 -0.2906605 0.2342144 0.0069774 0.5222406 -0.2328611 -0.2321510 -0.5183740 0.0393099
-0.0640452 0.3494095 0.7977858 0.2481120 0.7686097 0.2803632 0.1596466 0.7543461 -0.0511452 0.1690500 0.5093145 -0.1185061 0.0000000 -0.1668577 0.3505473 0.6034571 -0.0988309 0.2091659 0.4339098 0.5559108 -0.1629551 0.4977946 0.2275346 0.3700081 0.3073362 0.4987116 0.0060848 -0.0682368 0.4283180 0.0211168 0.5117667 0.0861924 0.0741097 0.1472557 0.1029403 -0.0456350 0.4534271 0.1545206 -0.0787996 -0.1239088 0.4601613 0.2752892 0.1690209 -0.0418086 0.2680509 -0.0178303 0.4242022 0.3215717 -0.1163851 0.2245851 0.3815930 0.0651398 -0.2246000 0.0498571 0.6688251 0.4092934 0.5533836 0.1534776 0.0658123 0.4623797 0.1122890 0.6008779 0.8468466 0.2275611 -0.2612311 0.8006975 0.5108920 0.6324992 0.8198065 0.6899813 0.7030450 0.6101762 0.8171617 0.6205080 0.7714368 0.5211977 0.1803586 0.8181617 0.7256223 0.4676083 0.8700332 0.5242279 -0.0472565 -0.2087625 0.1094928 -0.1701474 0.0100966 -0.2099847 0.1449334 0.0934052 0.5356020 0.5376811 0.2486363 0.0833859 0.6344599 0.5384717 0.7023955 0.2459700 0.6073457 -0.0604525 0.2183021 -0.1497937 0.0526567 -0.1391390 0.5404531 0.5895803 0.1061368 -0.0700640 0.4969358 -0.2186401 0.3830907 0.3946230 0.4185080 -0.3536437 -0.5949830 -0.2074880 -0.5776108 -0.5275300 -0.5107537 0.4130156 0.0397969 0.2420460 0.5935929 0.4292805 0.4225724 0.4693320 0.6514541 0.7745067 0.2862515 0.5964547 0.2439719 0.6104748 0.7081521 0.3423050 0.5045389 0.7552494 0.3426686 -0.0595280 0.1402935 0.3523250 0.7059311 0.4695843 0.7065911 0.4889996 0.0631711 0.7426301 0.3004199 0.4012778 0.4919299 0.7410131 0.6464967 0.4577462 0.5367669 0.6065481 0.6891781 0.6597334 0.5302353 0.5781850 0.4718509 0.5833935 0.6759261 0.8001032 0.6248747 0.4926941 0.7154747 0.7395004 0.5253348 0.3454838 0.4858967 0.8464055 0.6217616 0.6221133 0.0060806 0.1218257 0.1179171 -0.0664412 -0.1556954 -0.2805339 -0.2184172 -0.1638789 0.0973530 0.0532709 0.0301820 0.0597516 0.1294244 0.4291777 0.0690441 0.7838203 0.0754670 -0.2807515 0.6033383 -0.3618263 -0.4494061 0.2197396 0.3521832 -0.0067964 0.0162135 -0.1564262 0.2642883 0.1245162 0.1342734 -0.2903423 -0.0660934 -0.4703921 0.2307417 0.4061403 -0.2877812 -0.2114335 0.2067957 -0.6277605 -0.0913199 -0.1916631 0.6517072 -0.3215961 -0.1901449 -0.2586233 -0.1282067 -0.2959711
-0.1423580 0.0777314 0.3054557 0.5405605 -0.1423047 0.4263517 0.1848038 0.1887307 0.3885225 0.8746887 0.5466608 0.4877589 -0.1668577 0.0000000 0.1765376 0.3969072 0.9014317 0.4372293 0.3843914 -0.4044501 0.5540836 0.2265528 0.7278441 0.4930176 0.5267856 0.5393661 0.7061952 0.7625554 0.2602910 0.7368633 -0.1888396 0.7178384 0.6722009 0.4848763 0.6056913 0.4050063 0.6012203 0.4522696 0.7446130 0.6715055 0.4143438 0.3326328 0.5280838 0.5604800 0.5959226 0.1080816 0.1506742 0.0205340 0.7044663 -0.3540681 0.3828879 0.7553405 0.5289637 0.5912575 -0.0549517 -0.3419573 0.0442125 0.5634386 0.3095613 0.3137868 0.7887936 0.4026563 -0.1873905 0.5848725 0.7803827 -0.2651209 0.2650602 0.0180050 -0.2511269 0.3225828 0.0420903 0.3042006 -0.1321552 0.4815992 -0.1304057 0.3849602 0.5322758 -0.1680325 -0.0256955 0.2167933 -0.4125545 -0.2266659 -0.1062809 0.0420067 -0.0902861 0.0175993 -0.2291204 -0.2681927 -0.0037120 -0.1576809 -0.0449676 0.0645532 0.0720316 -0.4780405 -0.1351930 -0.1163138 -0.1282108 -0.4171487 0.1709760 -0.4747726 -0.2902137 -0.1936527 -0.1224910 -0.3944350 -0.0126151 -0.0724489 0.1705952 -0.0197727 0.3350185 0.0034513 0.2951433 0.4447982 0.1264359 -0.1054860 -0.0357019 0.0759346 -0.0893375 -0.0041216 0.0200502 -0.0237113 -0.2063864 -0.1633122 0.2822362 0.1274046 0.0365316 0.4547697 -0.0621506 0.1050950 0.5919934 -0.0646620 -0.0583342 0.0979708 -0.2529760 0.0917714 0.1543596 0.2437705 -0.0508808 0.4202841 0.0914116 0.3492267 0.0183395 0.1445505 0.0452468 0.2069797 0.2844518 0.2190591 -0.1485281 -0.0648588 0.0876286 -0.0821113 0.1569667 0.3017302 -0.2184814 0.0153379 -0.2462927 0.1093421 0.1204769 -0.1979764 -0.1133377 0.1370534 -0.2200749 0.0016741 0.2191052 -0.0896351 -0.3040387 0.0604301 0.2280371 -0.0824271 -0.0157786 0.0096446 -0.0646929 -0.0778135 -0.2435385 0.1116571 -0.1395984 0.1336285 0.4396589 0.4284108 0.4548191 0.4446306 0.3384361 0.2483770 0.2289435 0.0695064 0.3469503 0.4628973 0.3824382 0.0316490 0.6435084 0.5669156 0.3246784 0.5495812 0.4965234 0.4006527 0.4153981 0.5652443 0.5287550 0.5133286 0.1448823 0.5574334 -0.0180859 -0.3678590 0.1789031 0.5323338 -0.3845439 -0.5357830 0.4523868 -0.3459310 -0.1572041 -0.1104861 0.3464130 0.3823109 -0.2676243 0.2693566 -0.2650325 -0.1127070 -0.5621618 -0.2759133
-0.6781712 -0.1580275 0.2376363 -0.0504462 0.0266336 0.2214956 -0.2162138 0.0335454 0.5810789 0.3677063 0.2813756 0.0323636 0.3505473 0.1765376 0.0000000 0.3127935 0.1761244 0.5191724 0.2643794 0.1910545 0.0998517 0.3818823 0.1709125 0.7723054 0.2663187 0.2834251 -0.1059082 0.3905978 0.8916404 0.1280438 0.0200503 0.1893067 0.4313321 0.7696493 -0.0026424 -0.1024174 0.3133270 0.0800554 -0.0129892 0.2075831 0.4330701 0.4827172 0.0004326 0.2730561 0.6475138 -0.0839691 0.0261612 0.3281430 0.1838134 -0.1034054 0.0322208 0.1499418 0.1496026 0.3628550 0.4645048 0.1311645 0.1045761 0.4465235 0.4176492 0.1591934 0.1151190 0.4229138 0.6093923 0.5807049 0.3025191 0.2394069 0.1671013 0.5906328 0.3643003 0.5657351 0.1999894 0.2121302 0.4000157 0.4287636 0.3843173 0.5014426 0.2758925 0.5047142 0.1402937 0.2738023 0.1565385 0.1379892 -0.0407507 -0.1594237 0.0162460 0.1216834 0.4175185 -0.2524557 0.3106981 0.1976932 0.5964073 0.7563632 0.5821166 -0.1900334 0.5413485 0.7766001 0.7587781 0.1572008 0.4273035 -0.5159658 0.2682575 -0.1451263 0.1279982 -0.4198413 0.6582957 0.7134560 -0.0318169 0.0055821 0.5501567 -0.4691575 0.6063336 0.2636761 0.5206737 -0.1478669 -0.5230910 0.0527277 -0.3503200 -0.5890270 -0.2771583 0.1139493 -0.0091047 0.2960572 0.8776726 0.4243242 -0.3279487 -0.0337808 0.7356188 0.7463131 -0.0401130 0.6372902 0.0270037 0.5910648 0.6978549 0.3621335 0.7063987 0.6319363 0.2838339 -0.3121879 -0.0349976 0.1329110 0.7763939 0.0543689 0.7395211 0.2878395 0.0238671 0.6369420 0.1448665 0.2594504 0.8292647 0.3706445 0.3618522 0.4841311 0.5420200 0.8127686 0.7699445 0.7042667 0.6972112 0.3632186 0.8026612 0.4568139 0.7964760 0.5002710 0.7037205 0.5957498 0.7329273 0.6438119 0.7996318 0.8064263 0.7659284 0.4925944 0.8124950 0.7476287 -0.7313543 -0.5219955 -0.4613338 -0.3570470 -0.1002538 0.3576666 -0.0222022 0.3023370 0.4843231 0.0071544 -0.0277735 -0.1198248 0.1503039 0.5227406 0.2507246 0.7532826 0.0428095 -0.0792904 0.4121162 -0.0678134 -0.1049403 0.4342163 0.3564380 0.0963733 -0.0986775 -0.0060007 0.2546385 -0.1962669 0.0845485 0.1301305 0.3703196 -0.0455345 -0.1056022 -0.1068937 -0.1244563 -0.5306080 0.0230153 0.1184731 0.0515637 0.0416414 0.1038387 0.0598719 0.1378721 -0.6602957 -0.2736765 -0.0612102
-0.3281817 0.0250244 0.6504812 0.2757208 0.1802846 0.1931961 -0.2032696 0.6450712 0.0454339 0.5361806 0.8638524 -0.0648317 0.6034571 0.3969072 0.3127935 0.0000000 0.5843889 0.2862133 0.7946016 -0.0684285 0.1466741 0.3920675 0.8518671 0.4060800 0.7086297 0.9178370 0.6268186 0.3872123 0.4436020 0.5313127 0.2727100 0.5206162 0.2054884 0.1896518 0.7043974 0.3668149 0.7708066 0.7356849 0.4874230 0.4332800 0.6900846 0.6061452 0.6091645 0.3363830 0.5143465 0.3902748 0.7148114 0.5217436 0.0553610 0.3680178 0.8173791 0.5466396 0.0245176 0.3150929 0.5070736 0.4732829 0.7746532 0.4759727 0.3867301 0.8112243 0.5854851 0.8560856 0.4603618 0.6835093 0.2604789 0.7080016 0.8289728 0.7073673 0.5532368 0.8751641 0.8716295 0.6837111 0.7801149 0.7968630 0.6332936 0.6216590 0.3468947 0.6490849 0.5521196 0.1980401 0.4246145 0.0373553 -0.3375053 -0.3873306 -0.1918919 -0.2691766 -0.0218225 -0.5993090 0.0447566 -0.1278287 0.4947025 0.5429724 0.2600334 -0.4230601 0.5459510 0.4105074 0.5163755 -0.0647841 0.6118466 -0.4618985 0.3164834 -0.2213226 -0.1773486 -0.2131534 0.3193309 0.4044136 0.0987274 -0.2472378 0.5522180 -0.2600249 0.4462213 0.5771836 0.4301102 -0.3277526 -0.4996913 -0.1325406 -0.4813580 -0.4849816 -0.4091609 0.3501294 -0.0055575 0.2231490 0.6081609 0.3985693 0.3110063 0.6600701 0.5278529 0.5943651 0.6349904 0.4282246 0.3470290 0.4637671 0.3855336 0.4045603 0.5280591 0.7192558 0.4429236 0.1828689 0.4139905 0.3965184 0.5333413 0.3567874 0.7162944 0.5150440 0.4053635 0.6721514 0.2751783 0.4237195 0.5688327 0.3752811 0.4911474 0.5723321 0.1684746 0.5009733 0.4286988 0.5148924 0.6607082 0.3434590 0.4965008 0.5983323 0.3943971 0.4847577 0.5729145 0.5268398 0.3540462 0.6136286 0.5939922 0.4118255 0.5763222 0.6790590 0.5266644 0.6093719 -0.2542008 0.1236424 -0.1751995 -0.3065608 -0.1476436 -0.1594746 0.0391139 0.2284794 0.5155384 0.2909007 0.3138158 0.1017711 0.4344450 0.7610115 0.5476179 0.6224341 0.2250438 -0.0527409 0.7692073 -0.1275775 -0.2650314 0.4394964 0.5478555 0.2019786 0.1636032 0.0372917 0.1067489 0.3820951 0.4098534 -0.1955286 0.1196749 0.0836195 -0.2189276 0.1291875 0.1770597 -0.2736598 0.5111189 -0.3481676 0.2172765 0.3001922 0.2400877 -0.1276845 -0.2702531 0.0152940 -0.3710194 -0.2740131
-0.3511712 -0.1222871 0.3387872 0.3920546 -0.2376217 0.2399545 0.0461690 0.1302557 0.1527285 0.8391424 0.5883927 0.4660192 -0.0988309 0.9014317 0.1761244 0.5843889 0.0000000 0.4904505 0.3809028 -0.4578792 0.6514397 0.0553760 0.8725590 0.3741760 0.4726640 0.5991210 0.8869324 0.7463734 0.3207326 0.8372591 -0.2814887 0.6921418 0.4705651 0.3054201 0.7458927 0.6524308 0.6204671 0.6107463 0.8483894 0.7960560 0.4631142 0.6021018 0.6951340 0.5844097 0.6056147 0.3064748 0.3039119 0.2900599 0.5995972 -0.0069410 0.5269535 0.8934935 0.4492134 0.6992310 0.1286896 -0.0336703 0.2438596 0.7308090 0.4703402 0.4417153 0.8508464 0.5867231 -0.1527781 0.6954395 0.7707353 -0.0449819 0.4009755 0.2629021 -0.1056401 0.4806578 0.2170327 0.3178600 0.0786979 0.5101176 -0.0369983 0.4389574 0.5033894 -0.0961476 0.0774767 0.1383451 -0.2863905 -0.3717714 -0.2599614 -0.1511577 -0.2797158 -0.1473056 -0.3031629 -0.4541401 -0.0935430 -0.2670566 -0.0210380 0.0388406 -0.0153137 -0.5357205 -0.0766527 -0.1246999 -0.0322839 -0.4698858 0.0938783 -0.5015201 -0.1445346 -0.2783652 -0.2346398 -0.2826738 -0.0543327 -0.0766334 0.0118105 -0.1711126 0.3059054 -0.1688383 0.2639679 0.4028573 0.0843513 -0.2164102 -0.1609190 -0.1014986 -0.1932588 -0.1381642 -0.1178836 0.0205626 -0.2226257 -0.1803186 0.3058506 0.0380318 -0.0052113 0.5324492 -0.0446978 0.1537226 0.6956836 -0.0296387 0.0429475 0.2133242 -0.1914113 0.2961867 0.2173134 0.3417286 0.2342299 0.5056769 0.3604679 0.4554536 0.0500087 0.2813582 0.1395497 0.3613829 0.5063669 0.3164477 0.1081568 0.2027101 0.1505059 0.0121051 0.2663062 0.4073457 -0.1064794 0.0339397 -0.1119537 0.1682530 0.2348573 -0.0269749 -0.0146374 0.3129065 -0.1920983 0.0504467 0.3028686 0.0926563 -0.2498010 0.1461429 0.2906331 0.0250522 0.0888659 0.0939607 0.0064157 0.0104357 -0.3495368 0.0718861 -0.2577289 -0.1121716 0.2739462 0.2937339 0.4838201 0.5869980 0.5276283 0.4547038 0.4793468 0.2375341 0.5822231 0.6244429 0.6408638 0.1443829 0.5116635 0.4751138 0.4205440 0.4977040 0.4145223 0.4841403 0.5312712 0.5456689 0.5407248 0.5298582 0.2223952 0.5957367 0.2071656 -0.3617909 0.0337736 0.5104812 -0.4756910 -0.3853693 0.6100601 -0.2784085 0.0902427 0.0242728 0.1821900 0.5192156 -0.1483183 0.2797586 -0.1805504 -0.0411428 -0.4463693 -0.0718302
