0.0000000 0.2152280 -0.2045191 0.2638644 0.0806829 -0.1641988 0.1125803 0.1148669 0.1495214 -0.2199221 -0.2794462 0.3264425 -0.0736474 0.0121386 0.2696677 -0.4259923 -0.1548264 -0.0462882 -0.0912021 0.1688734 0.0745356 -0.0462491 -0.4397882 0.0244432 0.0242586 -0.2797821 -0.2519030 -0.2683982 0.3996990 -0.1179647 -0.2375081 -0.1102008 -0.3413883 -0.1689962 -0.3253117 -0.2257937 -0.2529003 -0.2569388 -0.2501664 -0.0691574 -0.3476755 -0.1060134 -0.3926062 -0.4088046 -0.1452619 -0.3485666 -0.3573732 -0.2983601 -0.3638141 -0.3751961 -0.2828320 -0.2544564 -0.4239476 0.0070926 0.0412359 -0.3143365 -0.2997830 -0.2355127 0.0826397 -0.2323815 0.0776740 -0.1982293 0.1998458 -0.2289235 -0.3779053 -0.1098596 -0.1511869 -0.1300213 0.0147194 -0.1526271 -0.0804062 -0.2254027 -0.0990398 -0.1990402 -0.1107025 -0.1780401 -0.1778635 -0.2385076 -0.2009944 -0.0228877 -0.3577293 0.4554282 0.3382645 0.1409066 0.0133132 0.1944352 0.3763504 0.3118706 -0.1223901 -0.1014036 0.3589124 0.2517921 0.2942599 0.4931851 0.2834582 0.3326577 0.2598759 -0.1048360 0.0852440 0.4990520 0.0993107 0.2362625 0.1126342 0.5478718 0.3405350 0.2792459 -0.1979024 -0.3516001 0.0676164 -0.5010811 -0.0316430 -0.3075102 -0.1575914 -0.3753473 -0.1206022 -0.2148289 -0.1102543 0.1924744 -0.1109811 -0.3096237 -0.3248589 -0.2822120 0.2223801 -0.3318847 -0.2897986 -0.5120168 -0.1828272 -0.1064536 -0.1036431 -0.5603248 -0.2874155 -0.0308306 -0.0602722 -0.3013575 0.2048590 -0.2572769 -0.3004593 0.3971294 0.0696007 0.1481969 -0.0255093 0.3181433 0.0964010 -0.1077748 0.1729314 -0.3691993 0.3664296 0.2823282 0.0983561 0.1460408 -0.2291279 -0.0861496 0.1957284 0.1319109 0.2711143 0.3141750 -0.0323642 0.0877782 0.2541038 -0.2105021 0.3246265 -0.0191384 0.0993776 -0.2813147 0.0419084 0.1690297 0.2615921 0.2207207 0.1747677 -0.0552119 0.3090995 0.3325829 0.0696409 0.0930114 0.0605927 0.1581796 0.1209347 0.6052754 0.0846986 0.0693028 0.5151032 0.0198214 -0.0370943 0.2002482 0.4137644 -0.0627343 0.2633912 0.1650701 -0.1632674 -0.2696835 -0.2818795 -0.0838415 0.2696129 -0.4920572 -0.4861826 -0.4413390 -0.1759462 0.2125653 -0.1337669 -0.2665433 0.2436446 0.1854499 -0.0264861 -0.0885564 0.2473622 -0.0160133 0.0736470 -0.0231038 0.3616170 0.1336163 -0.0311971 -0.0560599 0.5036616 0.4836354 0.0020868 -0.2656123 0.3027169 0.3130658
0.2152280 0.0000000 0.1432660 0.8401416 -0.0606165 0.6427686 0.5400575 -0.0698432 0.5932367 -0.3947823 -0.3166720 0.6637608 -0.2293492 -0.1680675 0.7782540 -0.5865933 -0.6069458 0.4194061 -0.3935958 -0.1218847 0.6487124 0.0322786 -0.7151889 0.5874538 -0.2664359 -0.6328600 -0.7049463 -0.2282665 0.6201987 -0.6349986 -0.1974853 -0.3326671 0.1025780 0.4383428 -0.6775007 0.2123520 -0.6002596 -0.3538806 -0.7551895 -0.4863772 -0.1367931 0.1447447 -0.6929250 -0.5170504 -0.2862747 -0.5778158 -0.6038797 -0.2655793 -0.0156785 -0.5836046 -0.6276393 -0.5972774 0.1763996 -0.4916836 -0.3856161 -0.5782843 -0.5627579 -0.4780321 0.3390416 -0.6339960 0.1814332 -0.5444111 0.0098339 0.3089280 -0.1568270 -0.4041747 -0.5339942 -0.4624455 -0.1739883 -0.2029857 -0.4290625 0.2948423 -0.4655549 0.0791959 -0.3848112 -0.3057388 0.0628778 -0.4219989 -0.2774311 0.2659998 -0.1084744 0.5161769 0.3210614 0.1066988 -0.1749920 -0.0364569 0.3124670 -0.1418057 -0.1564630 -0.4989850 0.0891386 0.1080055 0.3576181 0.0460576 -0.1997259 -0.0348155 0.0277874 0.3555009 -0.4977801 0.1582939 -0.3427343 0.3276236 0.2486987 0.0303697 0.0594246 0.3009079 0.0347876 0.1637732 0.1489308 -0.0068119 0.0155162 0.2535020 0.2503939 0.1462240 0.2837646 0.2872491 0.1117800 0.3433547 0.0510071 0.0651893 -0.0535138 0.0226312 -0.0073832 0.0598854 -0.0383706 0.0274635 0.1944462 -0.0482863 0.1504187 -0.0071347 0.0425723 -0.1290931 0.2664450 0.0584431 -0.1653297 -0.1959096 -0.0099986 0.2608662 0.2889067 -0.0092357 -0.2732109 -0.0343639 -0.6664067 0.1124007 -0.0344307 -0.1220681 0.0738673 0.0234327 -0.5352927 -0.1766703 -0.1313753 -0.1101049 0.1353712 -0.3198845 0.1940846 -0.0335874 -0.3685616 0.0374589 -0.1906143 -0.3193578 0.3312288 -0.1816602 -0.1957814 -0.3898179 0.1805164 -0.1897911 -0.1537497 -0.3109499 -0.1205264 -0.4376682 -0.0971421 -0.2345707 -0.0409917 0.4438329 0.7907542 0.7976718 0.7105526 0.5125700 0.4162955 0.0447594 0.2299392 0.3143311 0.4286706 0.4080910 0.4029724 -0.1498473 0.1809939 -0.2145588 0.1646580 0.3976071 0.2492974 0.4330920 0.1997598 0.0852239 0.1562291 0.1023262 0.1952344 0.3531487 0.1180232 0.1035675 -0.0984036 -0.2233766 0.1867698 0.4666725 0.4760617 0.4446091 0.0657041 0.3832029 -0.1113064 -0.2696651 -0.0310595 0.1007953 0.1924302 0.1487399 -0.3864094 -0.3451816 0.1327020 0.5132805
-0.2045191 0.1432660 0.0000000 -0.0228197 0.4296962 -0.0658394 -0.0786359 -0.2815667 0.3663735 0.2097793 -0.1536014 -0.0372689 -0.0041483 0.4671197 0.1532053 -0.0925140 0.0344833 0.5307463 -0.4801601 0.0546035 0.0789949 -0.3783814 0.0424513 0.5566338 -0.4408917 -0.0976966 0.0343547 0.4759618 -0.2989625 0.0349403 -0.2467493 -0.2408353 0.6872168 0.5260310 0.0494913 -0.0242946 -0.1249697 -0.2058574 0.0332443 -0.1478346 -0.1751351 -0.2753806 0.1384413 0.3764841 -0.3376806 -0.1622580 -0.0629030 -0.0852526 0.6008751 -0.0733752 -0.1229227 0.0190466 0.2013782 -0.2640839 -0.2001309 -0.2190337 -0.3779032 -0.1253657 -0.2371667 -0.1455074 -0.5178964 -0.2044184 -0.1609877 -0.2894065 -0.3645932 -0.7064127 -0.3992594 -0.2856161 -0.5112293 -0.3397503 -0.4774670 -0.2993830 -0.4363336 -0.2539309 -0.3988163 -0.2851013 -0.3409273 -0.3347925 -0.3557821 -0.2261493 -0.1758447 -0.0463070 0.2444997 0.4117545 0.4183126 0.3523565 0.4204494 0.0717812 0.4762091 0.1994481 0.4520291 0.2841601 0.0277081 0.3950780 0.3802434 0.3479445 0.2356704 0.0515037 0.1142251 0.4059423 0.1359756 -0.1290818 -0.2134799 -0.0937034 0.2091698 0.3359169 -0.0376407 -0.3014430 -0.0298647 -0.1913048 0.2784312 -0.3022841 -0.2759126 -0.1567897 -0.0302157 -0.0662452 -0.1868623 -0.0940715 -0.0171569 -0.2297612 -0.1460874 0.0129880 0.2562005 -0.1653350 -0.0923310 -0.0459799 -0.0428723 0.2938893 -0.2563622 -0.1013183 -0.2128811 0.2145598 -0.1021372 -0.1902835 0.2065303 0.3542682 -0.1253625 -0.2948164 -0.2556949 -0.1999040 0.4152371 -0.2167341 -0.1386795 0.1178523 -0.1207410 0.0267275 -0.3852636 -0.0144344 0.0224203 0.1641586 0.0508883 0.1444015 -0.4029339 0.1103570 -0.0456199 -0.2785986 -0.2018652 0.0565122 -0.1163543 -0.0382905 0.4512527 0.1283741 -0.5004888 -0.1058543 -0.0027439 -0.0227777 -0.3084014 -0.4220861 -0.4395312 -0.1806271 -0.0918313 -0.3301298 0.2734687 0.5040140 0.0542108 0.1484580 0.2765159 0.4457388 0.0473439 0.1468627 0.1294522 0.0319405 -0.2516904 -0.2873481 -0.3149070 -0.4729707 -0.2707886 -0.2678074 -0.2333933 -0.0865249 -0.3375718 -0.0872643 -0.0449980 -0.2126706 -0.1111409 -0.1974655 -0.5045110 -0.4093151 -0.1459814 -0.1519683 0.0675226 0.0078802 0.0114749 -0.0133970 -0.0866702 -0.0380754 0.0022992 -0.0971964 0.0036513 0.0250540 -0.1572262 -0.1247451 -0.1865238 -0.2017449 -0.2163667 0.1235111 0.0225054 0.0087302
0.2638644 0.8401416 -0.0228197 0.0000000 -0.1580571 0.6190703 0.4341599 0.2703287 0.7108572 -0.2526518 -0.0893989 0.6300907 -0.0337866 -0.0644448 0.7471936 -0.4709261 -0.5154723 0.4480984 -0.1629314 -0.0412338 0.5023663 0.1331832 -0.6378712 0.6328249 -0.1327864 -0.5103083 -0.7211273 -0.2596640 0.7173668 -0.6344926 -0.0217982 -0.2570977 0.1220628 0.5517671 -0.5898845 0.0972574 -0.5027221 -0.2005421 -0.7112497 -0.4473541 -0.0507982 0.2163920 -0.6755769 -0.4269585 0.0036137 -0.5518694 -0.5241220 -0.1980932 0.1175131 -0.5451724 -0.5179901 -0.5428327 0.4030621 -0.3553408 -0.3381773 -0.5514163 -0.4446296 -0.2685634 0.4243233 -0.5096587 0.3570804 -0.4184775 -0.0310430 0.3622902 -0.0245592 -0.2768520 -0.3749761 -0.2958077 -0.1832146 -0.0614516 -0.2791188 0.2311518 -0.2510237 0.0381755 -0.2921800 -0.1756158 0.0471480 -0.2648437 -0.1994982 0.1491575 -0.1401056 0.5290880 0.3216203 0.2634614 -0.1722231 -0.0443621 0.1706932 -0.1794018 -0.3876690 -0.6227598 -0.1539348 0.0541342 0.2235086 0.0585686 -0.5146517 -0.0825914 0.0966449 0.2366255 -0.7003424 0.2277018 -0.2938612 0.2884142 0.3043110 0.0955656 -0.0046473 0.2469283 -0.0953705 0.1375589 0.1043370 -0.1892167 -0.0786907 0.0290035 0.2224731 0.0144240 0.2166161 0.2983789 0.1567318 0.2469521 0.0551408 0.1192906 0.0239861 0.1141049 -0.0967573 0.0346286 0.1294911 -0.1402049 0.1838413 -0.3032504 0.3070108 -0.0062936 0.1054513 -0.1884933 0.2090463 0.0512505 -0.2508044 -0.3867464 -0.0472987 0.3401150 0.2996816 0.0004582 -0.3076836 -0.0462386 -0.3980823 -0.1293710 -0.0652278 -0.2511660 0.0766568 -0.0170087 -0.3559190 -0.1574250 -0.1657180 -0.2965449 0.0805861 -0.2926492 0.1271311 -0.0922438 -0.1436437 -0.1986258 0.1608225 -0.3388467 0.3078794 -0.1115884 -0.1220878 -0.4350340 0.0850865 -0.3709689 -0.0877112 -0.2059961 -0.1348311 -0.4684367 -0.1363153 -0.1695222 -0.0418843 0.3569019 0.6924509 0.7340288 0.5051352 0.3161624 0.1181211 -0.1862900 0.1485151 0.1736500 0.4682423 0.4162007 0.5448377 -0.1627383 0.2544455 -0.3399141 -0.0354988 0.1659331 0.1658053 0.3009327 0.0422160 -0.0642254 -0.0501051 -0.0911137 0.0606070 0.2980158 -0.0118160 -0.1021815 -0.3110991 -0.3718071 -0.0909395 0.3157171 0.5356644 0.6623973 0.0189415 0.4075150 -0.2385358 -0.2681280 -0.1407405 -0.2493662 0.4116043 0.3050135 -0.4117561 -0.3904782 0.1142042 0.3987032
0.0806829 -0.0606165 0.4296962 -0.1580571 0.0000000 -0.2899578 -0.1065399 0.3035811 -0.2343966 0.1158474 0.1361409 -0.1381267 0.6086427 0.2843774 -0.3478607 0.3012485 0.1878599 -0.0268413 0.1863945 0.3048225 0.2266554 0.1550466 0.2317683 -0.1007664 0.2975416 0.3522171 0.2412351 0.1331600 -0.1875603 0.1371105 0.1762776 0.2726583 0.0763729 -0.0560890 0.3411434 0.3873826 0.2807309 0.2763661 0.1964152 0.1834268 -0.2913520 0.1436639 0.3186459 0.2810527 0.0098629 0.1413227 0.2307572 -0.1155823 0.1051519 0.2455562 0.2477871 0.3622151 -0.2031748 0.2177958 0.2230166 0.1754662 0.0638740 0.1303681 -0.4448345 0.2602886 -0.2763202 0.2759733 0.6164449 -0.0615576 0.2191647 -0.0469839 0.1425100 0.2669904 0.2626069 0.1307808 0.2065666 0.0676149 0.1576187 0.4462048 0.3240700 0.2991987 0.2324333 0.3139432 0.3460677 0.3899794 0.4491066 -0.0156452 0.1680165 -0.1639669 -0.0553611 0.0492678 0.2405970 0.2988426 0.3759977 0.2910644 0.3799045 0.1742785 0.0516276 0.2612803 0.3961331 0.1430671 0.0808897 -0.0696912 0.1620166 0.0134595 0.3240048 -0.0866618 -0.2957681 0.0995823 0.2509063 0.1507497 -0.1129192 -0.2053780 0.2301968 -0.0561236 0.2942124 -0.1593733 -0.3507190 -0.1958459 -0.3451672 -0.5129437 -0.4352293 -0.1384525 -0.4372628 -0.3836697 -0.4676636 -0.5999784 0.0976895 -0.2523533 -0.4573088 0.1138553 -0.1692675 0.1926929 -0.5264153 -0.3492873 -0.4109977 0.2270061 -0.3223639 -0.2414598 0.1975176 0.0391930 -0.3827766 -0.2947447 -0.2726232 0.2754015 0.0614465 0.1904762 0.0026371 0.2194348 -0.4319103 -0.1083190 -0.3396895 -0.1491080 0.0461229 0.3675716 0.4023366 0.4269206 -0.2988947 -0.2577534 -0.2382056 0.1110788 0.1168636 -0.0388182 0.0652136 0.4756316 0.0309173 0.1425601 -0.3230400 0.4195829 -0.1896217 -0.0624787 -0.4390964 -0.4721239 -0.4949207 -0.1302382 -0.2627688 -0.3794122 0.1782236 0.1857128 0.1074390 -0.0974066 0.1414138 0.1670085 0.4544899 0.5040730 -0.0734295 0.5030549 -0.0571547 0.0561516 -0.4136120 0.3007067 -0.4151132 0.4080513 0.3522342 0.1318602 -0.1609621 0.2324542 0.4342793 -0.0800221 0.1193073 0.1379583 0.0535594 0.0124692 0.4335317 0.1995853 -0.1601041 -0.3106373 -0.2539491 -0.3999465 -0.3484353 0.2358083 0.3758893 -0.3745981 -0.2088411 -0.0465884 -0.4112565 0.1015987 -0.1251760 0.2135966 0.5009730 0.3310032 -0.0656285 -0.0908086
-0.1641988 0.6427686 -0.0658394 0.6190703 -0.2899578 0.0000000 0.7480775 0.0114162 0.4644538 -0.0414120 0.1913202 0.4502346 -0.1567130 -0.4680689 0.6783171 -0.1510181 -0.3751071 0.0146922 -0.0918219 -0.0662770 0.3673788 0.3044489 -0.3669274 0.3808007 0.0133260 -0.3841784 -0.4460768 0.0271668 0.4957406 -0.2741714 0.2404323 0.0091556 0.0069896 0.3256696 -0.4419677 0.0387908 -0.3377781 0.0515064 -0.4144090 -0.0533380 0.2772708 0.2983515 -0.4089671 -0.1886563 0.2529351 -0.2580144 -0.2967729 0.1116440 0.0442329 -0.2074967 -0.3386015 -0.2758605 0.3819179 -0.1337107 -0.1299419 -0.2193782 -0.1561348 -0.0491496 0.5030395 -0.3348556 0.4603456 -0.2039873 -0.3118638 0.4972832 0.1395385 -0.0943547 -0.1769854 -0.1926622 -0.1545069 0.0813705 -0.1512158 0.3126756 -0.1448779 0.0289503 -0.1466433 -0.0597927 0.1399743 -0.1675358 -0.0701959 0.1523459 -0.0659118 0.0706316 0.0895689 0.0304136 -0.2419620 -0.0273485 0.1143471 -0.0462283 -0.2054572 -0.5192560 -0.3105397 -0.1678295 -0.0154245 -0.1793968 -0.4432720 -0.0698089 -0.3045728 0.2470907 -0.5187558 -0.1963789 -0.5628517 0.3669401 0.2534884 0.0483874 -0.3701459 0.2014672 -0.0132034 0.2570265 -0.0406908 -0.0035342 -0.2264869 0.4251049 0.4276723 0.2750288 0.1906565 0.6933987 0.5225672 0.1102986 0.4492646 0.5866595 0.5505825 0.5649601 -0.4348342 0.3295562 0.4915857 0.0073136 0.6855788 -0.3586800 0.5077979 0.4575050 0.5060427 -0.3705359 0.4843380 0.4419367 -0.4628838 -0.3077526 0.2180016 0.0029935 0.3221024 -0.2463257 -0.2629877 -0.4052713 -0.4917545 -0.0876796 -0.1648833 0.1008588 -0.1929294 -0.5541478 -0.3403766 -0.5052693 -0.1492718 -0.2934674 0.0469756 0.0105364 -0.0623468 -0.3249393 -0.1979747 -0.2221225 -0.2082879 -0.2631160 0.0654973 -0.1639883 -0.1295258 -0.2895846 0.3139609 -0.1384624 0.1177631 -0.0033398 0.0717101 -0.0663597 0.1257387 -0.0140898 -0.3409493 0.0540701 0.7540041 0.4964975 0.2696076 0.1600923 -0.0324351 -0.1317537 0.2158213 -0.0373599 0.4010249 0.3499926 0.3721384 0.0167450 0.2406317 -0.2951875 0.0191349 0.2633816 0.5822502 0.2268899 -0.1766316 0.4336609 0.3825440 0.3299356 0.1661464 0.1389518 -0.1052954 -0.0166183 -0.4285718 -0.2300566 -0.1796021 0.4683983 0.2498312 0.4791575 -0.4802972 0.3596186 -0.4880393 -0.7540389 -0.3082293 -0.2300042 -0.0416765 0.2255342 -0.5455042 -0.3314603 -0.4757909 0.1408526
0.1125803 0.5400575 -0.0786359 0.4341599 -0.1065399 0.7480775 0.0000000 0.2125829 0.4232574 0.2006889 0.3202822 0.6999045 0.0349075 -0.2650271 0.6905435 -0.0163838 -0.0061740 0.0005975 0.0768186 0.2511251 0.6188649 0.5411630 -0.1298659 0.2895350 0.2596420 -0.1037377 -0.0517198 0.2231706 0.6153727 0.0790356 0.3775137 0.2524691 -0.0480821 0.1441528 -0.1520981 0.1874701 -0.0276273 0.2438321 -0.0700911 0.2894615 0.3344349 0.1635401 -0.1146218 0.0163676 0.0332026 0.0859092 -0.0306532 0.3221471 0.0542856 0.0686279 -0.0755046 0.0265917 0.2560686 0.1620105 0.2562185 0.1155842 0.0944616 0.1455950 0.3600372 -0.0645014 0.2084340 0.0193469 -0.2441322 0.5561764 0.1907422 0.0216561 0.0198757 -0.0423808 -0.1376551 0.1878297 -0.0060170 0.3481255 -0.0525556 0.0700793 0.0011369 0.0389246 0.1804528 -0.1277516 -0.0388043 0.2224468 -0.1342887 0.1079640 0.0783778 -0.0172621 -0.0005574 -0.2095119 0.0096691 0.3816388 -0.1878389 -0.2302855 -0.0572255 -0.3043906 -0.1013545 -0.1285473 -0.1625844 -0.0488559 -0.4075467 0.0390781 -0.1971055 -0.1738803 -0.6289202 0.0805037 -0.0747916 0.1159881 -0.2537278 0.0103464 -0.2235407 -0.0582654 -0.2280098 0.1084897 -0.2852828 0.2022787 0.3756176 0.2426841 0.2061098 0.5493912 0.4503196 0.0702122 0.4133778 0.4140444 0.4278339 0.3180842 -0.5079790 0.1824758 0.4251057 -0.1433374 0.5249874 -0.3546198 0.3908256 0.1942819 0.3771301 -0.5676275 0.4166365 0.2407177 -0.5533991 -0.4164145 -0.0034015 0.1478436 0.3388880 -0.0772137 -0.3623493 -0.2291963 -0.3665012 -0.0899352 -0.1163300 -0.0092668 -0.0491655 -0.5085015 -0.3495527 -0.3361082 -0.1364856 -0.2323383 0.0977407 0.0042253 -0.2385889 -0.3841945 -0.1513271 -0.1213999 -0.2925909 -0.1579578 0.0025366 -0.1406509 -0.0638505 -0.1652460 0.3787545 0.0650797 0.0093805 -0.0986271 0.1040722 0.1369602 0.1412399 0.1121045 -0.1649420 0.1666820 0.7766242 0.6201960 0.4924291 0.3583021 0.2242644 0.0014006 0.2669421 -0.0090943 0.1322243 0.3074167 0.3114952 0.0670299 0.2643735 -0.1202980 0.0758654 0.1983933 0.3161168 0.2568150 -0.0597500 0.2907461 0.1828687 0.2787465 0.1529224 0.1400181 -0.1203432 -0.0369136 -0.1089455 0.0050688 -0.2861967 0.2148375 0.1081101 0.0966745 -0.5446960 0.4686755 -0.1546203 -0.7322051 -0.3977775 -0.1318595 -0.2267790 0.1830007 -0.4649312 -0.0406624 -0.3380507 0.1325505
0.1148669 -0.0698432 -0.2815667 0.2703287 0.3035811 0.0114162 0.2125829 0.0000000 -0.0028384 0.3677554 0.7025668 0.1101895 0.8588688 0.0608494 -0.1212283 0.5701919 0.3828461 -0.1578667 0.8061151 0.5548717 0.2187987 0.7282971 0.3595063 -0.0989586 0.7521526 0.5962206 0.2691496 0.0201463 0.3635303 0.2270889 0.7454232 0.6220084 -0.1982986 -0.0920551 0.4657129 0.3203706 0.5710346 0.7086553 0.2898841 0.4244840 0.1938859 0.3437625 0.3150121 0.2905797 0.3634896 0.4647551 0.5166516 0.2797380 0.0893524 0.4877905 0.5536167 0.4877994 0.1772690 0.6284993 0.4684807 0.4981139 0.5863700 0.6634793 -0.0431530 0.5770303 0.1543202 0.6418839 0.3695575 0.5410767 0.7374001 0.5331261 0.6667523 0.7086620 0.4288400 0.7106966 0.7059606 0.4351075 0.7270977 0.5772941 0.6832528 0.7247195 0.5748203 0.6936847 0.6616408 0.4312500 0.4847544 0.1166666 0.0751045 -0.0002887 -0.1025122 -0.3472149 -0.3956139 0.1552866 -0.3648182 -0.0168973 -0.3190788 -0.3767087 -0.3757635 -0.2138450 -0.3539951 -0.2649851 -0.2356616 -0.3227476 -0.2413539 -0.2506078 -0.0918629 -0.2077437 -0.0858916 0.1106002 -0.1460004 -0.1996816 -0.2733929 -0.0649355 -0.0529067 -0.0874870 -0.1662890 -0.2022225 0.0699581 -0.0921700 -0.2691480 -0.1498901 -0.1774260 -0.3716082 -0.2198306 0.0418335 0.0025469 -0.2392569 -0.3911323 0.1143935 0.1130998 -0.0968849 0.0510409 -0.4430961 0.0487750 0.0361471 0.1623849 -0.3302814 0.0198444 0.1533219 -0.4751983 -0.4753719 -0.0823451 0.0705684 0.2145575 0.2847350 -0.4090620 0.0559833 0.1026108 -0.0464921 -0.2227182 -0.1594837 -0.0487876 -0.3299736 -0.1027964 0.0211368 0.2416025 0.0353454 -0.1006289 -0.3628060 -0.3740900 -0.0021237 0.3358815 -0.4222112 0.2263327 0.2618359 -0.2307889 -0.0293396 0.2140919 0.2431830 -0.1355917 -0.1587117 -0.2135857 -0.2136440 -0.2080864 -0.0603484 -0.2504317 -0.0615543 0.1527435 -0.0044321 0.1273789 0.0609074 -0.0688885 -0.2929563 0.0765722 -0.0385002 -0.3317525 0.1234063 0.1245289 0.2534309 0.0591181 0.4632676 -0.0723941 0.1922139 0.2802263 0.0754056 0.0507551 0.2540701 0.0749808 0.0903739 -0.0161196 0.0924600 0.1857294 0.2349555 0.3317144 -0.0207778 -0.3924569 -0.4597407 -0.5079183 -0.4589999 -0.2460653 0.4209133 -0.0662666 0.1573546 -0.3088481 -0.2206147 -0.3339262 -0.3073594 0.1588757 0.4800737 0.2866003 0.3026718 0.0115133 -0.0828048
0.1495214 0.5932367 0.3663735 0.7108572 -0.2343966 0.4644538 0.4232574 -0.0028384 0.0000000 0.2292513 -0.0875097 0.6257490 -0.2767911 0.4180740 0.8646539 -0.4974766 -0.1307748 0.7650344 -0.4131029 0.0104373 0.2622725 -0.1187868 -0.4437117 0.9055616 -0.3845571 -0.4590211 -0.3873573 0.2666939 0.4168003 -0.2653090 -0.1780939 -0.2697456 0.5665184 0.7885532 -0.4314922 -0.2924952 -0.4022004 -0.2832022 -0.3986356 -0.3203455 0.1324640 -0.2652166 -0.4132663 -0.0222224 -0.2649064 -0.3978102 -0.3886676 0.0620581 0.5667690 -0.4352093 -0.4360582 -0.4330361 0.6129338 -0.3626565 -0.2672549 -0.4795778 -0.4638017 -0.1803641 0.3570624 -0.4455922 -0.0384592 -0.4663089 -0.4646962 0.1322226 -0.3775068 -0.5840278 -0.5059211 -0.4539687 -0.6557726 -0.2668533 -0.5809114 -0.1446811 -0.4955869 -0.4672192 -0.6095112 -0.4792480 -0.4018543 -0.5804431 -0.5925122 -0.3821907 -0.5888088 0.1401586 0.0722472 0.3659896 0.1281351 0.0494902 0.2425391 -0.0404282 -0.1990074 -0.4747913 0.0210857 0.0759422 0.0418217 0.1335440 -0.2898342 0.1096425 0.1056881 -0.0481031 -0.4913406 0.3709092 -0.4724286 -0.1002069 -0.0620854 -0.1087568 -0.0645024 0.2130181 -0.3787867 -0.2320604 -0.3183955 -0.1279218 -0.1547025 -0.3619311 0.0527954 -0.1271094 0.2502782 0.3730366 0.2821463 0.1617615 0.2750721 -0.0009342 0.1018541 0.2720791 -0.0996621 -0.1822261 0.2422965 -0.4872737 0.0515912 -0.3221222 0.1751477 -0.1708000 -0.0455165 -0.3198892 0.0469215 -0.2445207 -0.2124923 -0.3577420 -0.2968124 0.1111283 -0.0175067 -0.4294713 -0.1723899 -0.3575439 -0.2499090 -0.4516678 -0.1555825 -0.4138871 -0.0530873 -0.0207128 -0.2070150 -0.2616408 -0.4966732 -0.5086510 -0.1051917 -0.0411959 0.1487654 -0.4795781 -0.4102054 -0.2206639 0.0347867 -0.6247157 0.3099281 -0.2121331 -0.3585419 -0.7187076 0.1073302 -0.3104572 -0.0656862 -0.1872517 -0.1744874 -0.3851533 0.0341479 -0.0640311 -0.0154636 0.3557128 0.4615719 0.6532785 0.4694153 0.3966372 -0.2362514 -0.4139926 0.2233037 -0.2913985 -0.0364425 -0.0784533 0.4013242 -0.6540840 0.2663387 -0.6988985 -0.4986546 -0.2022379 -0.2663520 -0.1322251 -0.3075004 -0.3873759 -0.4412257 -0.4645185 -0.4318601 -0.1860932 -0.5581548 -0.5010599 -0.0451613 0.0681899 -0.2189431 0.1384982 0.5386954 0.1933726 -0.2437558 0.3509345 0.0624714 -0.2205903 -0.2622887 -0.5651458 0.1636718 -0.0929073 -0.7007638 -0.3717424 0.0291290 0.2131724
-0.2199221 -0.3947823 0.2097793 -0.2526518 0.1158474 -0.0414120 0.2006889 0.3677554 0.2292513 0.0000000 0.7128060 -0.1282391 0.3788361 0.4842019 -0.0305635 0.5825140 0.8870588 0.0873744 0.3532101 0.6245397 -0.2624967 0.2843748 0.6437022 0.0768742 0.3167858 0.6350626 0.7348642 0.7438944 -0.2569115 0.7894438 0.5121744 0.6209223 0.2784527 0.0496790 0.6734233 -0.2764185 0.7054724 0.4770417 0.7185217 0.6175920 0.3463215 -0.3260627 0.7036242 0.8126567 0.0404845 0.6826784 0.7291451 0.4910529 0.5362966 0.6252489 0.6940355 0.6769080 0.2914035 0.6228313 0.3789186 0.5862763 0.5773082 0.7607433 -0.2175625 0.6840662 -0.4262104 0.6207749 -0.3434962 0.1902960 0.2712163 0.0704535 0.5061300 0.5214556 -0.2072863 0.4470521 0.3111724 -0.0645849 0.3956615 -0.0832365 0.2992119 0.3430478 0.0261362 0.3002735 0.1821596 -0.3041946 -0.0333237 -0.6299019 -0.4806909 -0.0470368 0.0685659 -0.2758161 -0.3596991 0.0948408 -0.1555764 0.0406363 -0.2640017 -0.4885171 -0.6583539 -0.2444197 -0.0969884 -0.0308277 -0.3211931 -0.6521053 -0.0463649 -0.2778871 -0.4937900 -0.6598279 -0.6427762 -0.3427116 -0.3714064 -0.2304047 -0.6181605 -0.5717272 -0.6485897 0.0370337 -0.3898949 -0.5690692 -0.2247118 -0.3136756 -0.4047126 -0.0400152 -0.0337618 -0.5713595 0.0746469 -0.0260843 0.1682354 0.0676611 -0.5649362 -0.0847888 0.2268491 -0.4753351 -0.0245242 -0.4012527 -0.2040736 -0.0454747 0.0222331 -0.4925686 -0.1610042 -0.1398261 -0.4545873 -0.3658906 -0.3380802 -0.4192738 -0.2475705 -0.4235970 -0.2555235 -0.4806832 0.1788808 -0.3650054 -0.3642359 -0.3702609 -0.3000777 -0.4458157 0.0310529 -0.2917874 -0.2505040 -0.1510083 -0.3276795 -0.0091374 -0.2356552 -0.4847132 -0.1351975 -0.3805325 -0.1522260 -0.1820961 -0.3645994 -0.2785908 -0.1258501 -0.1293030 -0.0595089 -0.0282518 -0.0861402 -0.1057646 -0.1415003 0.1503553 0.1348709 0.1689469 0.1325712 -0.0592124 -0.2048975 -0.1840399 -0.2628867 -0.2377885 -0.4378981 -0.3412053 -0.2377807 -0.5845419 -0.6225026 -0.5353622 -0.3333289 -0.1643466 -0.1938302 -0.2652155 -0.2496332 -0.2857584 -0.2963300 -0.3379385 -0.4264682 -0.1490997 -0.3160860 -0.2626439 -0.3628108 -0.4410796 -0.3606111 -0.4842898 -0.1493788 0.0937034 -0.6168318 -0.6284140 -0.4046493 -0.2471779 -0.5079386 -0.0599280 -0.0977582 -0.3040453 -0.5144816 -0.6741719 -0.3759723 -0.1633995 -0.1126138 0.1627073 -0.2362283 -0.2989632
-0.2794462 -0.3166720 -0.1536014 -0.0893989 0.1361409 0.1913202 0.3202822 0.7025668 -0.0875097 0.7128060 0.0000000 -0.1541102 0.7002162 -0.0302883 -0.2038253 0.8570672 0.6924642 -0.3091172 0.7426126 0.6407322 -0.0660680 0.6125574 0.7256350 -0.2497921 0.7021583 0.7804790 0.6042606 0.3664860 -0.0668583 0.5802499 0.8304203 0.7484652 -0.0944822 -0.2373119 0.7327715 0.0623974 0.7886231 0.7131154 0.6100290 0.6835580 0.2309785 0.1254573 0.6825441 0.6561397 0.4324151 0.7209189 0.7799767 0.3201125 0.2208180 0.7402564 0.7803607 0.7842550 0.1670810 0.8326940 0.3913955 0.7068386 0.7709153 0.8912662 -0.2685344 0.7845241 -0.0285466 0.8243256 -0.0785870 0.4062402 0.7077531 0.4114743 0.7452358 0.7651401 0.1846969 0.6924205 0.6726360 0.2010650 0.7154167 0.3504742 0.6683871 0.7010044 0.3977546 0.6665262 0.6133425 0.1783952 0.3932333 -0.2962245 -0.1985680 -0.0348435 -0.0807685 -0.4373864 -0.4901775 0.0219993 -0.3879552 -0.0755026 -0.4967734 -0.6127023 -0.6511535 -0.3133805 -0.3622829 -0.2973900 -0.4236248 -0.4260403 -0.2425422 -0.4730976 -0.3918396 -0.3745295 -0.3507810 -0.1223285 -0.4150411 -0.3876021 -0.3755323 -0.2463177 -0.3793140 -0.0352099 -0.4264652 -0.1924138 0.0008172 -0.0744846 -0.3822269 0.0078729 -0.0395674 -0.6212559 0.0082071 0.2304260 0.2850495 0.1032495 -0.7447130 0.1469074 0.3341555 -0.2251454 0.1797980 -0.5084977 0.0629565 0.2385081 0.2869889 -0.4973461 -0.0315874 0.2161563 -0.5933997 -0.4455493 -0.0778328 -0.2153718 0.0302381 -0.0826597 -0.3634217 -0.2490267 0.1753050 -0.1329890 -0.2964182 -0.0998550 -0.3302876 -0.6342724 0.0036277 -0.2819225 0.0117257 -0.0548780 -0.2902308 -0.1144948 -0.4614072 -0.2308255 0.2724165 -0.4020926 0.0429740 0.1232474 -0.3968788 -0.1620404 0.1955323 0.1928977 -0.1216912 0.0343388 -0.0190955 -0.0446107 -0.0840869 0.1892172 0.0299798 0.1266572 -0.0935975 -0.1703276 0.0067454 -0.1417671 -0.2758263 -0.3859118 -0.1814890 -0.1569231 -0.3750995 -0.2446774 -0.2709627 -0.1765262 -0.3503682 0.2811264 -0.3547215 -0.0292525 0.0726536 -0.0009601 0.1246817 0.1019180 -0.0815476 0.2220874 0.0542220 0.1078963 -0.0230522 0.0068243 0.0745904 -0.2672685 -0.3643173 -0.3192820 -0.6768970 -0.5606966 -0.4589526 0.1753069 -0.4112393 0.0901383 -0.3907105 -0.4778949 -0.5325083 -0.4295381 -0.1813848 0.2640937 0.1626482 0.2960135 -0.4160200 -0.3035913
0.3264425 0.6637608 -0.0372689 0.6300907 -0.1381267 0.4502346 0.6999045 0.1101895 0.6257490 -0.1282391 -0.1541102 0.0000000 -0.2156096 0.0787846 0.7863313 -0.4642349 -0.2750914 0.4177433 -0.1715082 -0.1217924 0.7466752 0.1747006 -0.4469378 0.5471829 -0.0415898 -0.4007125 -0.3320039 -0.0087583 0.7705316 -0.3101861 -0.1283444 -0.2087294 0.1830039 0.4058068 -0.4750016 0.2124946 -0.3941253 -0.1366501 -0.3827230 -0.0971283 0.1926698 0.0777398 -0.4566380 -0.2439409 -0.2318546 -0.2926793 -0.4561660 0.1337053 0.1353083 -0.3592455 -0.4926518 -0.3962038 0.3484235 -0.2468547 0.0067405 -0.3034715 -0.3512887 -0.2757877 0.4794325 -0.4878472 0.2493506 -0.4639055 -0.1941078 0.3052062 -0.2067368 -0.2220634 -0.4217184 -0.4694340 -0.3366070 -0.2212690 -0.4095172 0.1396545 -0.4572453 -0.1476899 -0.4124949 -0.4011767 -0.1619774 -0.5113450 -0.4225471 0.0728879 -0.4210833 0.4910289 0.3034228 0.2106948 0.2053756 -0.0560484 0.1549192 0.3369680 -0.1124953 -0.2222587 0.3063922 0.1336422 0.3877560 0.0226635 -0.1076879 0.0631991 0.0543113 0.2670569 -0.1926429 0.1690706 -0.3273594 0.1557613 0.1183415 0.0591092 0.2311267 0.0454897 -0.0560368 0.1059657 0.0474890 0.1300197 0.0598127 0.0928789 0.3742300 0.2523249 0.5338944 0.3528503 0.3202398 0.3652313 0.2006874 0.0329593 0.0381849 0.0511294 -0.0280543 -0.1223137 0.1392267 -0.1585664 0.1151723 -0.0652885 0.3534161 -0.2077390 -0.0067606 -0.1947825 0.1206369 -0.1822253 -0.0911971 -0.2813129 -0.1933971 0.5166193 0.3066712 0.1354964 -0.2066923 0.1613868 -0.2899973 -0.1257609 0.0726603 -0.1195754 0.2978811 0.0676637 -0.2641268 0.0487839 -0.1670335 -0.2372508 0.3021709 -0.0756544 0.1091504 -0.1497381 -0.1562613 0.1147285 -0.0176065 -0.2101758 0.3149042 0.0418084 -0.0873661 -0.3003220 0.3470014 0.0022770 -0.1138114 -0.1835159 0.1114948 -0.1230241 -0.0389707 0.0377332 -0.1683677 0.1980707 0.7243226 0.8049913 0.7947000 0.4519444 0.3067794 -0.0830089 0.2600755 0.1929532 0.2275903 0.3002680 0.5606402 -0.1955835 0.4834284 -0.1986975 -0.1209317 0.0476198 -0.0909400 0.2165189 0.0026314 -0.1627342 -0.1653933 -0.0518311 0.0340236 0.0967753 -0.2584542 -0.0543024 0.2667947 0.2493895 0.0311592 0.3536399 0.6242049 0.1455079 -0.0194937 0.5536880 0.2944213 -0.1553455 -0.0619152 0.0281608 0.0865563 0.0448049 -0.3884841 -0.0911571 0.1070463 0.4047108
-0.0736474 -0.2293492 -0.0041483 -0.0337866 0.6086427 -0.1567130 0.0349075 0.8588688 -0.2767911 0.3788361 0.7002162 -0.2156096 0.0000000 0.0782415 -0.4052417 0.7530591 0.4521754 -0.2358440 0.7250529 0.5858339 0.1242412 0.6105862 0.5817462 -0.2464424 0.6853057 0.7410505 0.4362946 0.1631401 0.0239379 0.3527018 0.7409936 0.6205098 -0.1186393 -0.1752417 0.6828699 0.4400563 0.6928405 0.7297444 0.4435293 0.4805870 0.0135076 0.3634074 0.5678173 0.4640756 0.3693580 0.5584376 0.6733218 0.1776803 0.1274742 0.6353822 0.7079732 0.6977539 0.0415378 0.6434508 0.4734973 0.6118393 0.6334832 0.6824342 -0.3173162 0.7197253 -0.0741246 0.7758411 0.4954667 0.3735435 0.7891734 0.4584359 0.7136348 0.7929936 0.4796681 0.6849526 0.7526749 0.3703485 0.7515552 0.6807120 0.7931974 0.8219299 0.6224747 0.8180510 0.7680562 0.4727588 0.6868852 -0.0166495 0.0691349 -0.0531774 -0.0578242 -0.2633881 -0.3154267 0.1415058 -0.0825864 0.2162461 -0.1836077 -0.2971774 -0.3979340 -0.0906745 -0.1007886 -0.1658214 -0.1843670 -0.2420301 -0.0243860 -0.2454111 0.1301795 -0.2280042 -0.2041568 0.1035129 -0.0790830 -0.1172872 -0.1861371 -0.1240305 0.0499950 -0.0960170 0.0144294 -0.1704277 -0.1187995 -0.1134714 -0.4358557 -0.3376264 -0.3775422 -0.4905856 -0.3606461 -0.0581194 -0.1197860 -0.3743205 -0.2897738 0.1011200 -0.0486003 0.1033176 0.0277473 -0.2163119 -0.1969764 0.0852384 0.0804123 -0.1503209 -0.0560669 0.1953148 -0.3564816 -0.1905735 -0.0365818 -0.2032262 0.0380358 0.3377684 -0.2230015 0.0538234 0.1606162 0.1584299 -0.3119935 -0.0139675 -0.2954644 -0.3940225 -0.0036470 0.1552502 0.4858318 0.2784320 -0.3074030 -0.3457713 -0.5388441 0.0171787 0.4251892 -0.3700688 0.1541529 0.5245005 -0.2817507 0.0721235 0.1065859 0.5245425 -0.2521991 -0.1266429 -0.3247986 -0.3303948 -0.3861172 0.0059089 -0.3627282 -0.2577546 0.2743055 0.0733722 0.0014753 -0.1658535 -0.1693748 -0.2629599 0.2005504 0.2650807 -0.3319162 0.2555638 0.0573248 0.2035354 -0.2915143 0.5264012 -0.3646977 0.3334387 0.4078961 0.1324112 0.0580010 0.2606505 0.1948752 0.1940694 0.1591623 0.2391628 0.1798076 0.1345931 0.5203731 0.1554472 -0.4256250 -0.5482392 -0.4536932 -0.5185008 -0.5363752 0.3482259 0.0056086 -0.0689634 -0.4353109 -0.2092109 -0.3612795 -0.1541356 -0.0599452 0.3972432 0.4244143 0.4715064 -0.0621344 -0.2408215
0.0121386 -0.1680675 0.4671197 -0.0644448 0.2843774 -0.4680689 -0.2650271 0.0608494 0.4180740 0.4842019 -0.0302883 0.0787846 0.0782415 0.0000000 0.0376096 -0.0626375 0.4467137 0.7270541 -0.1929007 0.1519663 -0.1020832 -0.2971814 0.2126958 0.4518228 -0.2410252 0.1728399 0.2955124 0.5062047 -0.2961973 0.1734780 -0.1959827 -0.0866261 0.7229276 0.4786452 0.2582466 -0.2486420 0.1786474 -0.0953210 0.1961835 -0.0589300 -0.0478348 -0.5411365 0.2855359 0.4593632 -0.4338770 0.1033207 0.1545301 0.0850080 0.7284046 0.0425307 0.1302470 0.1116189 0.3922326 -0.0779838 0.0140439 -0.0035585 -0.0866912 0.0827288 -0.2632382 0.1022216 -0.6089669 -0.0470062 -0.1093759 -0.2214294 -0.2612333 -0.3919650 -0.1766800 -0.0922264 -0.4336350 -0.1831832 -0.3009544 -0.3658055 -0.2406885 -0.3183351 -0.2719451 -0.2643807 -0.4125092 -0.2195542 -0.3456908 -0.4585241 -0.2998102 -0.1646945 -0.2140123 0.1062234 0.2800032 -0.0557557 0.0016146 -0.0289639 0.1071402 0.1025349 0.2797285 0.1808568 -0.0609937 0.1275443 0.1184141 0.0719843 0.2603099 -0.2765444 -0.0040463 0.2937779 -0.0209200 -0.5791169 -0.4818883 -0.3337582 0.1820982 -0.1279444 -0.4078845 -0.4175432 -0.3290868 0.1251352 0.1026132 -0.6848004 -0.3382257 -0.2436260 0.0219070 -0.3461416 -0.2340348 -0.0524996 -0.2092716 -0.5627389 -0.4399716 -0.4019192 0.1086953 -0.5056279 -0.2380787 -0.4120025 -0.6053818 -0.0335979 -0.4538144 -0.5650192 -0.5725133 -0.0489766 -0.5747548 -0.6878894 0.1159714 -0.1538246 -0.6640848 -0.1879552 -0.5206570 -0.2364918 -0.1087741 -0.0794109 0.2365799 -0.4186814 -0.3347492 -0.5705480 -0.1614128 0.2420431 0.0860502 0.1687040 -0.2634606 -0.1967447 -0.3551897 -0.2646040 -0.0069902 -0.2994687 -0.2042610 -0.1851033 0.1446014 -0.2227587 -0.0870770 -0.1637378 -0.3919288 -0.2633767 -0.3730101 -0.3358616 -0.4149086 -0.4032645 -0.4701958 -0.3793624 -0.3329421 -0.2873147 0.1829467 0.1710132 -0.2444733 0.0427389 0.1647915 0.0061882 -0.1924897 -0.2350289 -0.1931729 -0.2282947 -0.4938001 -0.4720257 -0.1981235 -0.5886126 -0.1672548 -0.4435693 -0.3914736 -0.3502602 -0.7724044 -0.2851890 -0.1250566 -0.6880978 -0.6621677 -0.6072886 -0.4646240 -0.3929373 -0.3726763 -0.4071541 0.2544963 0.2145170 -0.2061638 -0.4565341 0.1977646 -0.1947771 0.2409469 -0.0342659 0.3454306 0.3558301 -0.1597859 -0.3701323 -0.0385923 -0.4197198 -0.0739261 0.1587371 0.2143513 -0.1391963
0.2696677 0.7782540 0.1532053 0.7471936 -0.3478607 0.6783171 0.6905435 -0.1212283 0.8646539 -0.0305635 -0.2038253 0.7863313 -0.4052417 0.0376096 0.0000000 -0.6159519 -0.3653241 0.5359375 -0.4788037 -0.0887120 0.4440020 -0.0210845 -0.6126614 0.7742181 -0.3730571 -0.6469941 -0.5296352 0.1382695 0.6523590 -0.3436115 -0.1834012 -0.3338296 0.3048014 0.6230151 -0.6402075 -0.1540119 -0.5710175 -0.3214539 -0.5409352 -0.2801438 0.1533084 -0.0665056 -0.5937025 -0.2851471 -0.2078294 -0.4912785 -0.5533502 0.0494889 0.2499160 -0.5274801 -0.5942087 -0.5409292 0.4603107 -0.4151327 -0.2019225 -0.5070552 -0.5050583 -0.3315578 0.5509840 -0.5940941 0.1680500 -0.5507009 -0.4369039 0.2436870 -0.3573235 -0.4693132 -0.5376902 -0.5428674 -0.5374304 -0.2771222 -0.5666421 0.0145927 -0.5446328 -0.3954654 -0.5879644 -0.4979592 -0.2741274 -0.6359469 -0.5842958 -0.2131143 -0.5824674 0.2748570 0.1716695 0.2754050 0.0703536 0.1011258 0.3222461 0.0757929 -0.1325797 -0.4434991 0.0880161 0.1081233 0.2140789 0.1360584 -0.1863013 0.1831803 0.0225698 0.2014417 -0.3583445 0.3222721 -0.4930745 0.1978317 0.1258379 0.0876339 -0.0428193 0.3253662 -0.1993034 -0.0720785 -0.1628927 -0.1079134 -0.1091776 -0.0218693 0.2472009 0.0682133 0.3664347 0.5597220 0.4448280 0.3318461 0.4014197 0.1780492 0.2241574 0.3536667 -0.1001668 -0.0366942 0.2793151 -0.3244148 0.3044327 -0.2535234 0.3278079 -0.0256433 0.1336912 -0.3376839 0.3040229 -0.0177794 -0.2484856 -0.2847242 -0.0889270 0.2095333 0.1742832 -0.2972197 -0.1881876 -0.2901730 -0.3812309 -0.2927007 -0.0364111 -0.2267644 0.0451770 -0.1010044 -0.2777357 -0.2994220 -0.3890904 -0.4588989 0.0726902 0.0413074 0.1553823 -0.4058891 -0.4102700 -0.1187438 -0.1220239 -0.5410535 0.3059480 -0.1628905 -0.2808233 -0.6286096 0.2831053 -0.1885475 0.0546265 -0.0743117 0.0190031 -0.2249414 0.1082617 0.0130405 -0.0703148 0.3332442 0.6808146 0.7389418 0.5661994 0.5601614 -0.0447573 -0.2142040 0.4655207 -0.1701329 0.1874124 0.2157846 0.5836582 -0.4712405 0.4446677 -0.5205662 -0.3335218 -0.0503857 0.0178837 -0.0243516 -0.2404902 -0.1410392 -0.1947366 -0.1919693 -0.1878334 -0.0380761 -0.4527635 -0.2574601 -0.0106426 0.1497732 -0.0311562 0.4533694 0.5713396 0.1753498 -0.3518122 0.4418366 0.0429100 -0.3721983 -0.1519007 -0.3179037 0.1135257 0.0238259 -0.7865704 -0.4246607 -0.0268388 0.3090704
-0.4259923 -0.5865933 -0.0925140 -0.4709261 0.3012485 -0.1510181 -0.0163838 0.5701919 -0.4974766 0.5825140 0.8570672 -0.4642349 0.7530591 -0.0626375 -0.6159519 0.0000000 0.7137769 -0.5030596 0.7878014 0.5494822 -0.1864543 0.5235913 0.9000165 -0.5204327 0.7170061 0.9362480 0.7848301 0.3371505 -0.3492548 0.6937437 0.7661476 0.7603455 -0.1630764 -0.4538406 0.9019564 0.2193330 0.9069933 0.7670136 0.8004822 0.7539057 0.2106169 0.1580231 0.8688727 0.7232254 0.3741612 0.8618065 0.9126929 0.3416852 0.0998139 0.8992829 0.9138884 0.9256452 -0.0647423 0.8465738 0.4801719 0.8642820 0.8707407 0.8812062 -0.3991215 0.9122036 -0.1616249 0.9286616 0.1134305 0.2845108 0.7527010 0.5495089 0.8566697 0.8624213 0.3895227 0.7211051 0.8011612 0.2520826 0.8078727 0.5181467 0.8275216 0.8194726 0.5183960 0.8366052 0.7748778 0.2925919 0.6290107 -0.3640663 -0.1889289 -0.1131040 0.0200976 -0.3191969 -0.5667004 0.0434094 -0.1029609 0.2986259 -0.3354152 -0.5297909 -0.6015379 -0.3802418 -0.0987792 -0.2517433 -0.3842387 -0.3557604 0.1015678 -0.5745555 -0.0676020 -0.3410818 -0.2876217 -0.1652341 -0.2604647 -0.3930674 -0.0793989 -0.0841227 -0.1501801 0.0743491 -0.1725709 -0.0350640 -0.0159742 0.0045380 -0.4440227 -0.2153280 -0.2644750 -0.6890505 -0.1688286 0.1396428 0.1671638 -0.0703829 -0.4981621 0.2539616 0.1601374 0.1022617 0.1026024 -0.1600727 -0.0729230 0.3131911 0.2646250 -0.1917546 -0.0457018 0.2878493 -0.3745951 -0.0856621 0.1154156 -0.2903763 0.0530479 0.1457988 -0.1381193 -0.0768019 0.2051510 0.1971090 -0.1415085 0.1605331 -0.2596061 -0.4919268 0.0453348 -0.0319237 0.3277651 0.3115302 -0.2149001 -0.1086958 -0.4422289 0.0110764 0.3811883 -0.2183111 -0.0757287 0.4316089 -0.4160261 -0.0017598 0.2655586 0.5308635 -0.1178623 0.1799655 -0.1361720 -0.1041057 -0.0732204 0.3085440 -0.0829176 0.0567754 0.0622783 -0.2267430 -0.2963274 -0.4476791 -0.4363863 -0.5427067 -0.0639359 0.0258400 -0.5114714 -0.0677204 -0.2623547 -0.1878724 -0.5285368 0.4844782 -0.4160280 0.2837063 0.3022822 0.1103878 0.1460874 0.1174966 -0.0260181 0.3621950 0.2513023 0.3020561 0.1333658 -0.0528438 0.3237630 0.0470815 -0.2434766 -0.2611909 -0.3847513 -0.5464022 -0.6970799 0.0065653 -0.2220387 -0.0641737 -0.3299221 -0.2052095 -0.2447751 -0.1013346 -0.3204058 0.1548483 0.4636216 0.5472853 -0.2550626 -0.3156343
-0.1548264 -0.6069458 0.0344833 -0.5154723 0.1878599 -0.3751071 -0.0061740 0.3828461 -0.1307748 0.8870588 0.6924642 -0.2750914 0.4521754 0.4467137 -0.3653241 0.7137769 0.0000000 -0.1084390 0.5043344 0.6559642 -0.2979073 0.2625590 0.8208544 -0.2867091 0.4521992 0.8429009 0.9242841 0.5695388 -0.4100506 0.8635388 0.4698639 0.6742135 0.0654922 -0.3124075 0.8700636 -0.1559191 0.8871121 0.4739667 0.8737275 0.6929063 0.1691027 -0.3518057 0.8737630 0.7950794 -0.0345243 0.8451301 0.8700145 0.3582338 0.3027380 0.7495610 0.8603059 0.8300667 -0.0279374 0.7662560 0.4095813 0.7416367 0.7223935 0.7874638 -0.4791477 0.8496045 -0.5206407 0.7585742 -0.1614189 0.0517738 0.3272083 0.2344225 0.6479108 0.6527639 -0.0051644 0.4723293 0.4821938 -0.0832190 0.5215971 0.0587140 0.4800581 0.4521901 0.0961656 0.4488717 0.3386170 -0.1715160 0.1234479 -0.5485250 -0.4891904 -0.1474217 0.0855268 -0.4183207 -0.5124296 0.0775565 -0.2020624 0.1956312 -0.1981949 -0.5312855 -0.6125528 -0.2761239 0.0248909 -0.1472674 -0.2777452 -0.6757291 0.1214298 -0.3592745 -0.3223891 -0.7400797 -0.7047667 -0.3741208 -0.2207063 -0.4651185 -0.5170192 -0.5741709 -0.5691632 0.1222328 -0.3654705 -0.5531607 -0.3010046 -0.3100629 -0.4512731 -0.3362123 -0.2675701 -0.6143268 -0.1493134 -0.2025196 -0.0494848 -0.1921124 -0.4958521 -0.1521912 0.0085952 -0.3827068 -0.2883700 -0.2300768 -0.3433478 -0.1802965 -0.1285748 -0.3621902 -0.3390992 -0.2510608 -0.3010419 -0.2768123 -0.3687682 -0.2810660 -0.2498673 -0.1838989 -0.2413791 -0.1630201 0.3205364 -0.1913004 -0.2055345 -0.3345175 -0.1248123 -0.2197486 0.0901478 -0.0940670 -0.1571534 0.0492492 -0.2222538 -0.0709579 -0.2130252 -0.1956140 0.0296255 -0.1649326 -0.1043635 -0.0042071 -0.4394010 -0.2223512 0.0980691 0.0979981 -0.1502922 0.1582829 -0.0920158 -0.0616292 -0.0367684 0.2495546 0.1186056 0.2526412 0.1495332 -0.1473857 -0.4271452 -0.3361666 -0.3064892 -0.3360878 -0.2419366 -0.2278209 -0.3974955 -0.4385055 -0.7376709 -0.6137421 -0.5372663 -0.0037737 -0.3512378 -0.0106976 -0.0863303 -0.2238352 -0.3749127 -0.2261956 -0.1781024 -0.1780156 -0.3200171 -0.2352476 -0.2323300 -0.2933099 -0.1577312 -0.3697710 0.0825153 0.1416184 -0.4858324 -0.7905547 -0.5222660 -0.4227364 -0.2494265 -0.1251955 0.1072249 -0.0311530 -0.3437221 -0.3631749 -0.3716471 -0.1914878 0.2512941 0.3381684 -0.0651346 -0.2713202
