0.0000000 0.8571583 0.6409666 0.4866446 0.2059461 -0.0628533 -0.1125826 0.3726740 0.1429854 0.3695470 0.2475081 0.5936983 0.3932007 0.3139320 0.3494169 0.0612992 0.1980696 0.4356008 0.1805887 0.2455019 0.3244214 0.3667809 0.4004711 0.2898063 0.2341402 0.2922531 0.2019002 0.2149143 0.0644256 0.1184545 0.2837032 0.0202296 -0.0517747 0.1126284 0.2717847 -0.0151918 0.1141486 -0.1521451 -0.2394319 -0.2195361 -0.1494467 0.0273946 -0.3807717 -0.0895790 0.1823308 -0.0877393 0.1367570 -0.0031402 0.0436529 -0.3652242 0.1643266 -0.3584003 0.2050616 0.0456417 -0.2079411 0.0157584 0.2385729 0.1674543 0.2542922 0.1420703 0.3729492 0.1511364 -0.2107867 0.3952276 0.3995035 0.3616239 0.1607950 0.1772709 0.1013125 0.3247050 0.3912820 0.2944311 0.3466870 0.1727530 0.3863440 0.4250852 0.2622813 0.3139903 0.5666683 0.5670628 0.3724133 -0.2335145 0.1929458 0.2014859 0.1930378 -0.0236272 -0.0367689 0.0737594 0.0368432 0.3423475 -0.0415345 -0.2162889 -0.0300132 -0.0366847 -0.1583038 -0.1861414 -0.0598261 0.3579353 0.1147612 -0.0278675 0.0024617 0.0145661 0.0797036 0.0047174 -0.1860884 -0.0466607 -0.0722810 0.0331221 -0.2711079 0.0798192 0.0369372 -0.2001536 0.3230031 0.2254031 -0.1982494 0.3375283 0.2026795 -0.0014376 0.2589795 -0.0731036 -0.0371972 0.0623244 0.0288082 0.1784283 -0.1065320 0.1042374 0.1609564 -0.0063289 0.3535185 0.1507034 0.2555397 0.2872945 0.1049521 -0.0986200 0.5996351 0.1095653 0.2810118 0.0363278 0.1909762 0.2437436 0.3664323 0.0853122 0.4038681 0.2134745 0.1322855 0.1451238 0.0677756 0.1629317 0.4589620 0.1905106 0.1826031 0.0220891 -0.0412324 0.2990519 0.3602592 0.1263577 0.2284509 0.0272127 0.2238484 -0.0738261 0.0093396 -0.0868182 -0.1258807 -0.1652213 -0.0164261 -0.1733470 -0.2009139 0.3040338 0.3074758 -0.0148629 0.0769059 0.5191979 0.7539653 0.4588824 0.5743283 0.5795933 0.5099817 0.2437970 0.4812912 0.3001792 0.5737222 0.3419216 0.2469368 0.2058544 0.2796354 0.1400774 0.3985022 0.2027007 -0.0141457 -0.0466232 -0.0893076 0.0825319 -0.1299055 0.1408130 0.0228010 0.2595979 0.1871274 0.0675768 0.4202215 0.2117921 0.3342511 -0.1839309 0.1163868 0.1659633 0.5736861 0.6537682 0.3020237 0.4342097 0.3479724 -0.0316418 0.0655193 0.2910000 0.7297157 0.6425189 0.2634060 0.5610741 -0.1144628 0.1383309
0.8571583 0.0000000 0.6435438 0.6315246 0.4706902 0.0253543 -0.2686846 0.7067872 0.0245205 0.2750149 0.2529477 0.4386073 0.6416745 0.1606234 0.0412353 -0.0943884 0.1011505 0.2370882 0.2306947 0.4622586 0.4020787 0.3159852 0.2539507 0.1034128 0.2703683 0.3125799 0.0954837 -0.0603783 0.0698935 -0.1606993 0.5163704 0.1882154 0.0434240 0.1681959 0.3203675 0.1633522 0.3094719 -0.1565849 -0.2037757 -0.0890173 0.1304970 0.2527140 -0.3755610 0.1219498 0.3507572 -0.0744168 0.2538458 0.0171539 0.1219054 -0.3181394 0.1917139 -0.2994203 0.3417106 0.0051088 0.0214463 0.1635513 0.3564709 0.1032844 0.4295850 0.1888302 0.5111264 0.0487572 0.1237788 0.3551554 0.6437823 0.4250302 0.0951022 0.0708599 0.3019182 0.2796114 0.4537829 0.3894233 0.3438199 0.4862753 0.4333206 0.5323294 0.5331960 0.5066777 0.6716795 0.7484119 0.4990453 -0.3173347 -0.0808997 -0.0932107 -0.0359103 -0.1967600 -0.3034492 -0.0682844 -0.1508094 0.1113976 -0.2034343 -0.3947739 -0.2473590 -0.1461946 -0.1384654 -0.3808794 -0.2720037 0.1956840 0.1321025 0.0949244 -0.1049257 -0.0163603 -0.0856234 -0.0437309 -0.3786067 -0.2386947 -0.1655220 -0.2131739 -0.4069861 -0.1715129 -0.0497424 -0.4374617 0.1156728 -0.0004549 -0.3467236 0.2454653 0.1210954 -0.1355882 0.1453778 -0.2409956 -0.2089836 0.1593238 -0.1153075 0.0061902 -0.3637599 0.0183454 0.1549587 -0.0993730 0.2614818 0.1744370 0.1329308 0.2055699 0.1411870 -0.0444149 0.5707661 -0.0449863 0.2350554 -0.0607109 0.1996462 0.0565782 0.2354239 -0.0390419 0.5046698 0.1362855 -0.0076236 -0.0062670 -0.0938020 0.1115105 0.2914367 0.0744221 0.0199443 -0.0950225 -0.0473467 0.0837388 0.1994149 0.0078835 0.0824615 0.0607219 0.2023959 -0.1376395 0.0291297 -0.0695827 -0.1432812 -0.2461765 -0.0266393 -0.2426607 -0.3928551 0.0509767 0.0954621 -0.0865990 -0.0342424 0.2978060 0.6543462 0.4729968 0.7280539 0.6218569 0.5510180 0.4070878 0.5480752 0.4605521 0.6355679 0.5139033 0.4048613 0.3759792 0.4183661 0.3515925 0.5312267 0.4177354 0.1732707 0.0856274 -0.2171288 0.2080783 -0.0233369 0.0267172 -0.1444361 0.1163880 0.1332946 0.2050453 0.5345317 0.2490538 0.3716978 -0.3224493 0.0464821 0.1220359 0.6070614 0.7499945 0.0552758 0.3832017 0.4632162 -0.2011319 -0.0624512 0.0820614 0.5662814 0.3514410 0.0569622 0.5640143 0.1653940 0.4298525
0.6409666 0.6435438 0.0000000 0.3745636 0.5185718 -0.3700266 0.1060952 0.4263164 -0.2501643 0.3137495 0.2210713 0.6694966 0.4080912 0.2472035 0.3065768 -0.2113922 0.3594993 0.5219490 0.3088434 0.3881530 0.2357370 0.3692971 0.2022693 0.2866181 0.4024033 -0.0755257 0.1313663 0.1547476 -0.0884444 0.1359974 0.2494859 0.3199715 -0.2415523 -0.1005540 0.1473629 0.0191224 -0.0133780 0.0345726 -0.1121889 -0.3238039 -0.0061907 -0.1030074 -0.2605964 -0.3856799 -0.0266863 0.1379170 0.2345218 0.2323691 -0.1481473 -0.0845874 0.2514944 -0.2440896 0.1092459 0.0319917 0.1349696 0.2795972 0.4077632 0.0388031 0.0476579 0.1273235 0.1479522 0.0099278 0.0556842 0.2842960 0.4045616 0.4970290 0.1244089 0.0007998 0.4437560 0.2011887 0.3251572 0.5638140 0.1198873 0.3565432 0.4439988 0.1923980 0.3587166 0.4722699 0.3963497 0.4925321 0.4140733 -0.3848852 -0.1565420 -0.0854150 0.0336267 -0.1621149 -0.0950818 -0.1242303 0.1081700 0.2333474 0.1741956 0.0208235 0.1797059 -0.1681401 -0.0244688 -0.0939517 0.0160238 0.4182471 -0.1957875 0.1239017 -0.2142315 -0.1658824 -0.0565433 -0.2283673 -0.1806650 -0.0564297 -0.1820604 0.0075122 -0.2327467 0.0723564 -0.0979158 -0.3901988 0.3839887 0.3146407 -0.2662911 0.2869569 0.1225064 -0.1328314 0.1443120 -0.2449325 -0.0875430 0.1429913 -0.1320558 0.1394431 -0.0961062 -0.0064005 0.2675233 -0.2429168 0.3127580 0.5821537 0.5161947 0.0512593 0.2978392 0.2815991 0.3201178 0.0425991 0.4961378 0.0628275 0.3460658 -0.0759097 0.3801441 -0.0163118 0.4536754 0.2017218 0.1013297 0.2009888 0.1262777 0.2918555 0.4672510 0.1065540 0.0934506 0.1211816 -0.0911332 0.3775238 0.4814258 0.1596746 0.3698183 0.0715036 0.3654804 -0.0776482 0.3225468 -0.0921297 0.0834117 0.0871646 0.0824691 0.1723605 0.0569027 0.4324626 0.4054943 0.0221326 0.2969269 0.3885818 0.4047659 -0.0214221 0.3311051 0.4517693 0.4329351 0.0993847 0.3512621 0.3093704 0.4102783 0.2682379 0.2146482 0.3462418 0.1861430 0.1214146 0.2294303 0.1697293 0.0089624 0.0039664 -0.2959536 -0.0497171 -0.1469774 0.0208813 -0.1762679 -0.0605150 -0.2248949 0.0961683 0.3402372 -0.0144550 0.4042827 -0.0370418 0.0017775 0.0259915 0.5110588 0.5929979 0.0840179 0.3731134 0.2545090 0.0105725 0.0087246 -0.1928127 0.5893646 0.3039146 0.0800133 0.6003446 0.0069524 0.3633004
0.4866446 0.6315246 0.3745636 0.0000000 0.2330391 0.4732433 -0.1986850 0.7424343 0.2886920 0.4270441 0.4985112 0.4438294 0.4070303 0.2679968 0.0851087 0.0069811 -0.0353869 0.0163106 0.2335058 0.0878632 0.6882018 0.0357433 -0.0376941 0.3765836 -0.0301163 0.1280469 -0.0766007 0.1430891 0.5487125 -0.0675215 0.2782335 -0.1836267 0.3814892 0.5028718 -0.0857323 0.4434681 0.1925546 -0.1978636 0.0666963 0.0296142 -0.1914335 0.4487564 -0.0754759 0.1826128 0.5372013 0.0648459 0.3150194 -0.3058598 0.3340033 -0.0653380 0.2167228 -0.0449535 0.6175742 0.0012832 -0.1764341 0.0118974 0.2464836 0.1121582 0.1156079 0.0911576 0.2984582 -0.0076972 -0.0351809 0.3897924 0.5079353 -0.0871616 0.1064031 0.0146747 0.1732189 0.3533901 0.2780872 0.6972025 0.3300193 0.4155108 0.4784373 0.4923154 0.4648086 0.4312482 0.6233400 0.5290743 0.3064108 0.2914685 0.2293212 0.1485059 -0.1342361 -0.0059903 -0.0051795 0.1444346 -0.0789184 -0.0290716 -0.0747429 -0.1780973 -0.0375052 0.2307817 0.0115948 0.0211515 -0.1078136 0.3841992 0.4169096 0.2156855 0.1475001 0.2093722 0.1462440 0.2439092 -0.0345680 0.1683627 0.1367491 -0.0175804 -0.0008213 -0.0487770 0.3728084 -0.1001962 0.2378454 0.1316666 -0.1859442 0.2271347 0.0902284 -0.0687824 0.0551744 -0.1487247 0.0104621 0.1740358 -0.2505981 0.2474868 0.0130798 -0.0176700 0.1866526 -0.1167149 0.2446846 0.1470801 0.3245027 0.3415229 0.3194612 -0.1106482 0.1881184 0.0574454 0.2548131 0.2753241 0.3925874 0.1426685 0.1630435 0.1715340 0.2963419 0.1914885 0.1973638 0.1025154 0.1239161 0.1174683 -0.0312076 0.2098780 0.0671989 0.0440568 0.2186483 -0.2516265 0.0649802 0.1343591 -0.1088255 0.1467943 0.1216031 0.0339838 -0.0927087 0.2135708 -0.0180620 -0.1537738 0.1407619 -0.2073023 -0.5083447 -0.2721856 -0.0500980 0.0718630 -0.1131550 0.0816568 0.3249395 -0.0457277 0.1745917 0.2055452 0.2086517 -0.0031315 0.5278304 0.4614875 0.4164257 0.5756106 0.3725538 0.4001939 0.0782518 0.0940413 -0.0645575 -0.0329285 -0.0296308 -0.0393861 -0.2051981 -0.0970506 -0.2096622 0.0938312 -0.1325927 -0.1038391 -0.1000620 -0.0664323 0.2405074 0.0303331 -0.0355501 -0.3860888 0.3574785 0.3373687 0.3835216 0.3420819 -0.0423293 0.0525600 0.0590222 -0.3360207 0.3080066 0.0916951 0.1825633 0.2537293 0.0049992 0.1465690 -0.0999854 0.1002438
0.2059461 0.4706902 0.5185718 0.2330391 0.0000000 -0.0122847 -0.5009558 0.6581363 -0.3384660 -0.3582314 -0.3396897 -0.0004691 0.6137421 -0.2973864 -0.4043595 -0.4377767 -0.0791406 -0.0534996 -0.1422800 0.7347515 -0.1414415 0.0190272 -0.0262274 -0.4047287 0.0308910 -0.0161626 0.0219514 -0.3148780 -0.5246836 -0.2945209 0.5072481 0.4776701 -0.2159823 -0.4703370 0.3089067 -0.0902570 0.1384297 -0.1471084 -0.1186445 0.0299128 0.4728469 -0.1159133 -0.2439390 0.0647598 -0.2580653 -0.1432426 0.2254798 0.2840975 -0.2744159 -0.1295914 0.1658235 -0.2018621 -0.2834588 -0.2534425 0.5825440 0.3839566 0.2893878 -0.3466634 0.3829087 0.0205127 0.3589259 -0.3980763 0.7335949 -0.3519507 0.6575199 0.4707227 -0.2535114 -0.5423352 0.6832844 -0.4177940 0.0972971 0.2394897 -0.3082602 0.8351021 0.0060966 -0.1527258 0.7668098 0.3789768 0.0311474 0.4868494 0.3994608 -0.5047563 -0.6651359 -0.4163643 -0.2418740 -0.4280104 -0.6452590 -0.3402911 -0.3709347 -0.2736721 -0.3817512 -0.4886472 -0.3497101 -0.3654842 -0.3068535 -0.5460896 -0.5998538 -0.1065696 -0.1454972 0.2658668 -0.3579380 -0.1025223 -0.3008821 -0.1377799 -0.6162586 -0.5843599 -0.2631668 -0.5015219 -0.6226591 -0.3450341 -0.4085640 -0.6739335 -0.0835032 -0.0502866 -0.2642176 0.0426607 0.0998571 -0.2573734 -0.1168439 -0.3692478 -0.3212618 0.2238511 -0.4683713 -0.3064053 -0.5255859 -0.2365054 0.1375548 -0.5097427 -0.2620707 0.2022657 0.0027152 -0.5514282 -0.0360333 0.0158503 -0.1238527 -0.5036239 -0.1378229 -0.5474162 -0.2113649 -0.6424589 -0.3215550 -0.6438904 -0.0189834 -0.3512203 -0.4944516 -0.4032294 -0.5736868 -0.4047705 -0.2846797 -0.5349776 -0.5623941 -0.4305853 -0.4918238 -0.2972115 -0.2810444 -0.3128482 -0.2373344 -0.2312374 -0.2004966 -0.4176523 -0.1756592 -0.4656385 0.0023116 -0.1543399 -0.3380273 -0.3101676 -0.3181308 -0.2300014 -0.2565956 -0.2641951 -0.3182419 -0.2434914 -0.0276268 0.3555104 0.6109633 0.4232955 0.3881249 0.6537559 0.1302861 0.3408184 0.4321132 0.2644185 0.3505426 0.4595575 0.5579127 0.7226051 0.6824067 0.7909933 0.6820294 0.5582815 -0.3493946 0.5148406 0.4705063 -0.2918527 -0.4064831 -0.2259007 -0.1712842 0.5429096 0.4370223 -0.0305411 0.4874747 -0.1545678 -0.2925114 -0.3025839 0.4694318 0.4485353 -0.5809684 0.2926858 0.4067157 -0.2152712 -0.4179064 -0.6064484 0.3030176 -0.3801791 -0.5638707 0.4508686 0.5788207 0.6302358
-0.0628533 0.0253543 -0.3700266 0.4732433 -0.0122847 0.0000000 -0.4758409 0.3228757 0.6331653 0.0255651 0.0054052 -0.3044888 -0.0105841 0.2146561 -0.2921698 0.1962843 -0.2154032 -0.5108137 -0.1893998 -0.3554658 0.4320363 -0.5272652 -0.2377213 0.0613952 -0.4201800 0.0634129 0.2152480 0.2029276 0.2880490 0.1051111 -0.1828503 -0.3580568 0.6332204 0.3578214 -0.1211990 0.4995705 0.0772440 -0.2813750 0.2618938 0.2782401 -0.2391536 0.3812476 0.1995527 0.6283870 0.2261652 -0.0933471 0.1517432 -0.4398068 0.4878957 -0.0593221 0.0747209 0.2238726 0.1707386 0.0067980 -0.2011887 -0.2991690 -0.0969136 0.0781983 0.1959298 -0.0225749 0.2417613 -0.1605167 -0.1110232 -0.0807039 -0.0001873 -0.4885489 -0.0514566 -0.2230165 -0.1880842 -0.0157190 0.0177119 -0.0391829 0.0516658 0.1245740 0.1230332 0.1183443 0.2114400 0.1253402 0.1919879 0.1522044 0.0929056 0.5126971 0.1538033 0.1406144 -0.2821280 -0.0151154 -0.1540473 0.0295463 -0.3426301 -0.4349352 -0.5220537 -0.4361384 -0.3622595 0.2351071 -0.2814195 -0.0483476 -0.2337677 -0.2058738 0.3640491 0.1057670 0.2825416 0.2804942 0.1250422 0.4073144 -0.0342208 0.0329046 0.2053324 -0.1080069 0.1210475 -0.2050580 0.1967309 0.2230486 0.0017972 -0.0211545 0.1601716 0.1883523 0.2620719 0.1286091 0.0857276 0.2322284 0.1773914 0.1855400 -0.3409587 0.1436900 0.0805296 0.1041019 0.1279351 -0.0202480 -0.0314966 -0.2170020 -0.0699490 0.1679882 0.2208431 -0.4465566 -0.0946412 -0.0743660 -0.2837156 0.0643162 -0.0371267 0.0915065 -0.2380827 0.0650726 -0.1828300 -0.0570599 -0.0267395 -0.1016552 -0.1054015 -0.2556536 -0.5504559 0.0401203 -0.0668562 0.0469525 0.1307265 -0.4484082 -0.3834174 0.1768769 -0.2985427 0.1541900 -0.2277076 0.2705077 -0.3096547 0.2015110 0.1806981 0.0975849 0.0421998 -0.1678950 -0.4187405 -0.6764213 -0.3185838 0.1651300 -0.3636541 -0.2680254 -0.1554459 0.0146682 -0.0409218 -0.0738528 -0.0628100 0.0475130 0.3612374 0.2864556 0.1229958 0.3634326 0.2531395 0.1421642 0.1128285 0.1430543 -0.0518794 -0.0622857 0.1650924 0.2092489 0.2746983 0.1664893 0.1615312 0.2564675 0.1663866 -0.0198376 0.1588733 -0.0311519 0.0355603 0.1615014 -0.4886754 -0.3207469 0.0922589 0.0654949 -0.3459016 -0.1889807 -0.2148209 -0.4902201 -0.2678281 -0.3322813 0.0788202 0.0161653 -0.3906745 -0.1778398 -0.2824041 -0.4496222 0.0650843 -0.1161690
-0.1125826 -0.2686846 0.1060952 -0.1986850 -0.5009558 -0.4758409 0.0000000 -0.4778437 -0.2252608 0.1254759 0.1379185 0.4852734 -0.5870107 -0.0654207 0.3359953 -0.2303018 -0.0627112 0.1864169 0.0171665 -0.4828855 0.2359383 0.2558153 -0.3263693 0.2148759 0.2010928 -0.3900286 -0.4686106 -0.0449576 0.3088125 -0.0778811 -0.2632395 -0.3207042 -0.2679627 0.0372117 -0.4518381 0.0837375 -0.4851222 0.0029851 -0.2988983 -0.5186100 -0.4776691 0.0558576 -0.1233099 -0.5812559 0.1365823 -0.1852630 -0.4736211 -0.2249561 -0.1402870 0.0342745 -0.3834904 -0.2870317 0.0704657 -0.0500015 -0.4524190 -0.2332783 -0.3092796 0.1465147 -0.1635865 -0.2657488 -0.1009412 0.1603068 -0.4053066 0.2257014 -0.5249434 -0.1877829 0.0909583 0.3295053 -0.3158830 0.2975599 -0.1860717 0.0411733 0.0781714 -0.6168662 0.0927355 -0.0061600 -0.6387877 0.0056018 0.0799783 -0.1606618 0.0301628 0.1315007 0.2675085 0.3007324 0.4730386 0.2980026 0.5709568 0.0484983 0.3938742 0.3453038 0.5774379 0.6279774 0.6034079 0.1135124 0.3673570 0.4990893 0.5106849 0.5483343 -0.2146853 -0.1269000 0.1313029 0.0599435 0.1528538 -0.2324098 0.3687657 0.4600859 0.2027018 0.4774758 0.3710050 0.6263106 0.1601787 0.5211128 0.3761680 0.3767315 0.4256571 0.2875635 0.1881398 0.4826692 0.3985874 0.4707615 0.4945316 -0.0569847 0.2355737 0.4659703 0.6602361 0.4995208 -0.0700394 0.1094595 0.6073618 0.2320945 0.3818277 0.1515267 0.1261334 0.1570254 0.0625429 0.3223120 0.3364326 0.4382109 0.3606376 0.4643774 0.3260589 0.3429439 0.3042702 0.2567190 0.3286039 0.3833149 0.3891411 0.3419667 0.4485865 0.2523459 0.3828872 0.2773731 0.1266656 0.3177983 0.3942422 0.3551456 0.4634316 -0.0353564 0.3239235 0.2154180 0.3041296 0.1449645 0.2853329 0.2752474 0.1884691 0.4209045 0.4643443 0.4004541 0.3342764 -0.0119446 0.3608474 0.1084251 0.0893649 -0.5437692 -0.2891610 0.1052264 0.1990376 -0.6139802 0.1170989 -0.0837595 -0.4486274 -0.2354834 -0.0337747 -0.1784082 -0.2599308 -0.5170891 -0.6080635 -0.7095768 -0.7046411 -0.6406410 0.3858393 -0.5691484 -0.6488185 0.4613540 0.4857320 0.3163746 0.0087108 -0.4247549 -0.0754739 0.2066305 -0.1205351 0.1408608 0.2107432 0.5290937 -0.1534646 -0.0619224 0.5594020 -0.0263780 -0.2460059 0.2936687 0.3861512 0.3959892 0.0040754 0.3431438 0.4331190 0.0305658 -0.7068203 -0.4963496
0.3726740 0.7067872 0.4263164 0.7424343 0.6581363 0.3228757 -0.4778437 0.0000000 0.0979579 0.2194701 0.2599165 0.1691652 0.7743244 0.0963877 -0.1988810 -0.0228075 0.0537729 -0.0270524 0.3153881 0.5286734 0.4022036 0.2349301 0.0984665 0.0199930 0.2421437 0.3255398 -0.0197770 -0.1577930 0.1260189 -0.2383950 0.6150490 0.3372189 0.2612428 0.2364015 0.3245768 0.3570403 0.5096679 -0.1458909 0.0531444 0.1245486 0.3535680 0.4663586 -0.1778396 0.3616748 0.4365274 0.1119291 0.4494167 0.0267128 0.2857294 -0.1315856 0.3626007 -0.0345457 0.4158366 0.0585712 0.3231457 0.3673883 0.4505443 0.0998506 0.3993545 0.2738798 0.5166512 -0.0195606 0.4320726 0.2206578 0.8393288 0.2403359 0.1039674 -0.1057421 0.5434322 0.1640961 0.4335309 0.5728429 0.2344043 0.7885522 0.4458729 0.4542839 0.7468441 0.5566884 0.5271250 0.6784663 0.4312077 -0.1194391 -0.2759709 -0.1946937 -0.2191122 -0.2949416 -0.4829305 -0.1063705 -0.3657735 -0.2629149 -0.4147277 -0.5217475 -0.3172275 -0.2312112 -0.2127380 -0.4112725 -0.4478111 0.0166649 0.1460919 0.0861848 -0.1726953 0.0298412 -0.1273153 -0.0704870 -0.4745450 -0.2906568 -0.0815291 -0.3489483 -0.4133808 -0.2854745 -0.1099609 -0.4059265 -0.0475819 -0.1157165 -0.1979511 0.1788873 0.0971064 -0.1546853 0.0071036 -0.2294792 -0.1800252 0.2966056 -0.4683341 0.0077922 -0.3115401 -0.0120395 0.2699606 -0.3180065 0.0928915 0.0796884 0.1159988 0.0121223 0.2958722 -0.1200150 0.2431017 -0.2076896 0.0635123 -0.1118091 0.0699339 -0.1298342 0.0149721 -0.1554438 0.2163971 0.1353669 -0.0663124 -0.2318670 -0.2444300 -0.1293081 -0.1278951 -0.0856739 -0.1987992 -0.1700695 -0.0263540 -0.2780005 -0.1437544 -0.0668844 -0.1261963 0.1280611 0.0246138 -0.2345148 -0.0788382 -0.0197600 -0.1283123 -0.2364819 -0.0149420 -0.3656942 -0.5370788 -0.2925122 -0.1209537 -0.1167153 -0.1388850 -0.0816055 0.2598036 0.2275683 0.4866729 0.3860016 0.3215329 0.3731381 0.4353511 0.5144410 0.5251902 0.5809370 0.4700889 0.5048738 0.3453639 0.5912350 0.4064622 0.5230880 0.3913209 0.3333084 -0.2499834 0.2964394 0.1429832 -0.1047677 -0.2056400 -0.0264822 0.1103318 0.3289354 0.4376702 0.2157311 0.2141578 -0.3197094 -0.0774217 -0.0106669 0.4216474 0.4492705 -0.2206949 0.2130942 0.3651135 -0.3274802 -0.1415074 -0.1580065 0.1854238 -0.1444403 -0.2500073 0.2998336 0.3115460 0.5477231
0.1429854 0.0245205 -0.2501643 0.2886920 -0.3384660 0.6331653 -0.2252608 0.0979579 0.0000000 0.4590401 0.4517061 0.0590672 -0.1090350 0.5425365 0.3810506 0.6906408 0.3201997 -0.1931060 0.0838196 -0.5204134 0.3266184 -0.2022183 0.1610750 0.4119919 -0.1737368 0.1747009 0.2449709 0.4354944 0.4969696 0.5004768 -0.4654848 -0.4333168 0.4954196 0.5623771 -0.0983482 0.2722282 0.2216516 0.1900917 0.6102814 0.4587839 -0.1663274 0.3964034 0.5080796 0.5917508 0.4710956 0.2199259 0.3579962 -0.0596383 0.6984768 0.2341003 0.3068164 0.4658634 0.3392623 0.5655349 -0.2185274 -0.1589889 0.1066169 0.5435201 0.0155072 0.1419175 0.2209850 0.2542243 -0.5882259 0.3303725 0.0035881 -0.3723517 0.1108564 0.2660455 -0.4380032 0.3592180 0.0172087 -0.0002592 0.2349854 -0.1856356 0.1895617 0.3128539 -0.1835368 -0.1060376 0.2960955 0.0111705 -0.0679181 0.5895405 0.4045399 0.4062130 0.2140567 0.2879847 0.2104136 0.1618316 0.1224248 0.0665270 -0.2444539 -0.1603890 -0.0731948 0.2576851 -0.1692269 0.2007906 0.1764669 0.0410346 -0.0300390 0.0454350 0.3038859 0.2931111 0.4034225 0.3331775 0.2181910 0.2507430 0.4678207 0.3376931 0.3605071 0.1797131 0.2034701 0.5707501 0.1426283 0.2192988 0.2573973 0.2117557 0.2502684 0.4004195 0.2959627 0.3371102 0.4160013 0.3123317 -0.1037298 0.3689762 0.2956386 0.2639547 0.2075912 -0.1262676 0.1924290 -0.1437291 0.0515081 0.2996492 0.2589404 -0.2822095 0.1829125 0.0593095 -0.0780650 0.1848452 -0.0986000 0.4590237 0.3570478 0.3658128 -0.2080261 0.4128829 0.2662305 0.1600991 0.1981735 0.0752588 -0.0136096 0.4044001 0.3376054 0.3809197 0.3958001 0.0806055 0.2296040 0.4543321 0.1423188 0.4104245 -0.0382119 0.3916419 0.0487178 0.3412512 0.1377751 0.2482066 0.3429776 0.0771407 -0.0436824 -0.0701647 0.2718359 0.3243530 0.1661484 0.2940186 -0.0531570 -0.0528158 -0.2563255 -0.0160198 0.0317912 -0.0227738 0.2993048 0.0361244 0.1239447 0.0686154 -0.0818638 -0.2263917 -0.1735504 0.1163890 -0.1162385 -0.2446107 -0.1740442 -0.0967469 0.3378411 -0.2598666 -0.2398952 0.3075234 0.3831066 0.1450703 0.2243531 -0.2861580 -0.1267085 0.1977123 -0.6104043 -0.1631957 0.0684142 -0.0034351 -0.3082398 -0.2089432 0.1860936 -0.5173052 -0.4613868 -0.1374517 0.2107672 0.2628447 -0.1497290 0.3386642 0.1056304 -0.5843518 -0.1416238 -0.1689751
0.3695470 0.2750149 0.3137495 0.4270441 -0.3582314 0.0255651 0.1254759 0.2194701 0.4590401 0.0000000 0.8823710 0.5135977 0.1618193 0.8079983 0.6390296 0.6818737 0.7210421 0.3599154 0.7975071 -0.2064834 0.5272350 0.3512954 0.4769838 0.8195439 0.5106015 0.3726561 0.2913610 0.4768421 0.6718981 0.4954609 -0.0598371 -0.0200862 0.4016046 0.7525543 0.1372523 0.3784978 0.4063612 0.2938943 0.3999108 -0.0007262 -0.1393694 0.3955131 0.1995647 0.0106051 0.5902856 0.6724571 0.4609845 0.0448150 0.5675074 0.2660261 0.4899897 0.2566643 0.7735578 0.5563314 -0.2023823 0.2462781 0.4662484 0.6401255 -0.2746582 0.4892540 -0.0393665 0.5585099 -0.4967316 0.7948408 0.1457361 0.0106392 0.5685329 0.6171671 0.0191149 0.7497524 0.5170195 0.4676889 0.6630409 -0.1104633 0.7032474 0.5890266 -0.1363138 0.2825101 0.5221934 0.1487917 0.1045203 0.3818927 0.5256894 0.3578824 0.1738188 0.2811487 0.4100621 0.4073743 0.3639935 0.3987162 0.2478727 0.1987133 0.2777312 0.2831394 0.1987260 0.3601333 0.4188486 0.3498730 0.0980996 -0.1105098 0.1793551 0.0619012 0.3594320 -0.0119785 0.2855303 0.4600140 0.1884614 0.3926960 0.2887137 0.2873084 0.2363080 0.2365482 0.2619269 0.2268136 0.0124019 0.2270017 0.0719487 0.1164471 0.2546296 0.0518304 0.2157229 0.2384457 0.1708146 0.4708708 0.3055211 0.1877594 0.3577881 0.1914839 0.5099256 0.1665858 0.3864771 0.6903531 0.5247979 0.1330381 0.6073404 0.3835574 0.4774247 0.5160981 0.3242522 0.5503402 0.7611899 0.5673408 0.4298245 0.7908425 0.5919888 0.4338415 0.5278945 0.4967670 0.6325090 0.5978446 0.5409175 0.4814887 0.5024572 0.5091418 0.5415427 0.5315486 0.5268266 0.4579579 0.5538437 0.2788304 0.4034026 0.4655029 0.0468358 0.1805677 0.4771070 0.2467786 0.1460164 0.5272413 0.6556502 0.3202219 0.6522255 0.5981247 0.4086269 -0.3570394 -0.2696097 -0.0617210 -0.1075749 -0.3347278 0.3046016 0.2720880 0.3717077 0.4198682 -0.0039319 0.1724433 -0.4178869 -0.2280024 -0.3842804 -0.3720873 -0.4997930 -0.3617609 -0.0339203 -0.4569297 -0.5567959 0.2599978 0.2044490 0.1936180 0.1219368 -0.3033931 -0.0023007 0.0721255 -0.2358207 0.0657370 0.2243957 0.1675160 -0.0902744 0.1156187 0.5384890 -0.0489015 -0.0652283 0.2217764 0.3979036 0.4571261 0.1251542 0.5185657 0.6062423 -0.0360633 -0.3782524 -0.0861096
0.2475081 0.2529477 0.2210713 0.4985112 -0.3396897 0.0054052 0.1379185 0.2599165 0.4517061 0.8823710 0.0000000 0.4657690 0.1580335 0.5967225 0.6328895 0.6128308 0.5428569 0.2283313 0.6905222 -0.1956370 0.4342697 0.2523493 0.3929592 0.6745976 0.3045388 0.2551948 0.0902177 0.3303311 0.8026386 0.3283738 -0.0547724 -0.1304511 0.2577601 0.7420139 -0.0734277 0.2810668 0.4077975 0.4431946 0.5087715 0.2475932 0.0251549 0.4188362 0.4152411 0.0817757 0.6875379 0.6489078 0.4555388 0.1167082 0.5091632 0.4426970 0.4041787 0.4036640 0.7760427 0.6113203 -0.1273639 0.2319844 0.4053221 0.6052271 -0.3197896 0.3475936 -0.1043525 0.5337689 -0.4357685 0.8130592 0.2141410 -0.0294607 0.4033341 0.6463905 -0.1133791 0.7685634 0.3020004 0.5466060 0.5575025 -0.0580241 0.5007244 0.6136509 -0.1374149 0.0668272 0.4769543 0.0448697 -0.1079847 0.4917287 0.5284602 0.2552263 0.2250175 0.3292174 0.5194667 0.4425623 0.4906530 0.4662130 0.4166328 0.3624621 0.3458351 0.3849003 0.3731866 0.4421574 0.5189564 0.4071986 0.0920569 0.1096901 0.3075761 0.1238468 0.3832315 0.2112445 0.4585026 0.5384689 0.2982734 0.4705122 0.4387496 0.2584330 0.4007119 0.2409706 0.2240124 0.1392304 -0.1387582 0.0399368 -0.1610012 0.0297205 0.0591154 -0.0932605 0.1134207 0.1121193 0.3081786 0.3350071 0.2290063 0.0391806 0.2026162 0.1414441 0.3394395 0.1929933 0.2855621 0.6350884 0.3587960 0.3010022 0.3573389 0.3511401 0.4849282 0.5232459 0.3343449 0.4818671 0.6902916 0.6021511 0.3010072 0.7288619 0.5757535 0.5146651 0.5635198 0.5425858 0.4942101 0.6553345 0.5370015 0.5392359 0.6624425 0.3840723 0.6060605 0.4601077 0.3502348 0.5575200 0.3932497 0.2840473 0.4390284 0.5800354 -0.0014669 0.1348104 0.6061902 0.3074551 0.1584227 0.3929432 0.5394025 0.4063387 0.6214495 0.5863251 0.2336616 -0.3599178 -0.3359762 -0.1819247 -0.1466989 -0.2698389 0.1623767 0.0721839 0.1823179 0.2460448 -0.1168648 0.0505234 -0.4806332 -0.2106974 -0.4237446 -0.3693240 -0.4817842 -0.4139283 -0.1631859 -0.6092061 -0.5910911 0.0669790 0.0390160 -0.0350607 -0.0850161 -0.4330986 -0.1912092 -0.0479122 -0.3062522 0.0203343 0.3342133 0.1581253 0.0285671 0.0141029 0.3871609 -0.1553941 -0.2246286 0.0518133 0.4636791 0.3341299 0.0147201 0.4677392 0.5729573 -0.2399622 -0.2605139 0.0001089
0.5936983 0.4386073 0.6694966 0.4438294 -0.0004691 -0.3044888 0.4852734 0.1691652 0.0590672 0.5135977 0.4657690 0.0000000 0.0971416 0.2773178 0.6677390 -0.0728093 0.2555906 0.3951009 0.2085988 -0.0490871 0.5039866 0.4033401 -0.0334395 0.5006642 0.2053106 -0.1759378 -0.2970981 0.1615183 0.4424018 0.1252210 0.0820965 -0.3166754 -0.1881195 0.1731199 -0.2643321 0.1363427 -0.2485461 0.0008884 -0.1372174 -0.4648718 -0.3257276 0.1527640 -0.1983501 -0.4513244 0.3149287 -0.0520799 -0.0844534 -0.1121191 -0.0024748 -0.0619239 -0.0836465 -0.3832288 0.3252088 0.0039106 -0.3861613 -0.0575203 0.0258615 0.1530207 -0.1882359 -0.1874298 0.1135410 -0.0097053 -0.3795036 0.3919406 0.1894765 0.0275309 -0.0281288 0.1403297 0.0309487 0.3094316 0.0258706 0.5099391 0.1109800 -0.0148454 0.3481778 0.1377364 -0.1244509 0.2612717 0.3789279 0.2952405 0.3077822 0.1115466 0.3231811 0.4832818 0.5066217 0.3689951 0.4328779 0.3168461 0.4824448 0.6061821 0.3765289 0.2052963 0.3324915 0.2607528 0.2126202 0.2766250 0.2075303 0.7591623 -0.0731770 0.1655803 0.0364506 0.2267854 0.4037862 -0.0181202 0.1080606 0.3175951 0.3026449 0.4298065 0.1031933 0.4690673 0.1686517 0.1853624 0.4832555 0.5120612 0.0964081 0.3573520 0.2559612 0.3124740 0.3975783 0.0894857 0.3434579 0.2660519 0.0314605 0.5228344 0.3867576 0.2620557 0.1868336 -0.3076657 0.6599557 0.2758545 0.5596451 0.2387291 0.2069257 0.0177128 0.3689556 0.0568122 0.3827446 0.3354441 0.3638002 0.2852351 0.6048817 0.1687681 0.3339995 0.3383190 0.2209309 0.2794060 0.2569772 0.3042495 0.5948744 0.2141376 0.2405524 0.1102656 -0.0085280 0.3027014 0.5437084 0.3686188 0.3850531 -0.0981970 0.2325897 -0.0171584 0.2115160 -0.0496759 0.1155422 0.1066773 0.0769855 0.1470161 0.0731659 0.4917912 0.4769350 -0.0509234 0.3854056 0.3986247 0.5236513 -0.2127656 0.1139595 0.4562639 0.5097990 -0.1293145 0.4374032 0.3150598 0.3666713 0.2593255 0.0762016 0.1376899 -0.1884440 -0.0557913 -0.2502941 -0.3170253 -0.3776792 -0.3230411 -0.0528228 -0.3682052 -0.5437015 0.3160766 0.1887367 0.2380829 -0.0226961 -0.1618982 0.2788404 0.0360422 0.0334990 -0.1924792 0.2959498 0.4110537 0.3738305 0.4775869 0.3954673 0.2931493 -0.0889484 0.0358579 0.4420728 0.3233606 0.5897209 0.7191369 0.3480238 0.3520169 -0.5645078 -0.2848564
0.3932007 0.6416745 0.4080912 0.4070303 0.6137421 -0.0105841 -0.5870107 0.7743244 -0.1090350 0.1618193 0.1580335 0.0971416 0.0000000 -0.0150061 -0.0957275 0.0010809 0.0963808 0.1668745 0.2968042 0.7774301 -0.0110168 0.3403493 0.2502363 -0.1484939 0.2195659 0.2988764 0.0588449 -0.2671090 -0.1249141 -0.2349383 0.7555669 0.4782791 -0.0811743 -0.0203913 0.4155245 -0.0479307 0.4593824 -0.0126843 -0.0262446 0.0764518 0.6120702 0.1290931 -0.2214934 0.1427409 0.2049898 0.1395150 0.3518483 0.2101473 -0.0367829 -0.2648087 0.2523906 -0.0506073 0.2191573 -0.0808305 0.3683747 0.2964241 0.3612911 -0.1725912 0.0938061 0.1836431 0.1697466 -0.1649195 0.3870516 0.0345176 0.8126987 0.3545436 -0.0919431 -0.2193126 0.4874306 -0.1007666 0.2826310 0.3641340 -0.0144375 0.7431766 0.1023653 0.1797510 0.6621854 0.1905283 0.1240375 0.3830840 0.1206919 -0.3963424 -0.3944040 -0.3069418 -0.2928480 -0.2849878 -0.5488603 0.0974868 -0.2215825 -0.0659470 -0.3800734 -0.6139191 -0.5446644 -0.1886298 -0.1663536 -0.6152589 -0.5602512 -0.2697181 0.1255132 0.1294237 -0.3851440 -0.1458044 -0.1998589 -0.0617685 -0.5507981 -0.5044637 -0.2977456 -0.4908783 -0.5567013 -0.5950271 -0.2729593 -0.6887750 -0.3929722 -0.4768505 -0.5130765 -0.2681045 -0.3174090 -0.4925755 -0.3598757 -0.5882431 -0.6063465 -0.0054617 -0.2474756 -0.3881274 -0.6488919 -0.3971536 -0.0103054 -0.3407119 -0.1951921 -0.1615204 -0.2440005 -0.0295281 -0.1199852 -0.0067341 0.2266022 -0.3465805 -0.1025352 -0.3051003 -0.1214031 -0.4178689 -0.0299615 -0.3044004 0.0052338 -0.0750501 -0.2862728 -0.4067092 -0.3223939 -0.1016191 -0.0318418 -0.2260619 -0.3769674 -0.3919433 -0.2305528 -0.2213836 -0.1303656 -0.3782920 -0.3098610 -0.0943821 -0.2046711 -0.5226744 -0.1338410 -0.2719212 -0.5354092 -0.4708214 -0.2708599 -0.4215484 -0.5689534 -0.1426348 -0.2016649 -0.2786478 -0.1278884 -0.0341726 0.3424320 0.3978304 0.4968613 0.2102120 0.0918097 0.4286118 0.0007260 0.1927985 0.5594232 0.3804175 0.0449006 0.2535262 0.1159172 0.4910046 0.5418450 0.6674611 0.5618857 0.4860545 -0.6099671 0.4188288 0.3723291 -0.5006724 -0.5371998 -0.1851153 0.0572415 0.4729627 0.2825494 -0.1335779 0.3756446 -0.2476150 -0.1558405 -0.3148248 0.5783299 0.5584520 -0.3205965 0.5053873 0.4770380 -0.3598045 -0.2986493 -0.2929265 0.3891574 -0.0993903 -0.2573790 0.3955428 0.4072462 0.5107870
0.3139320 0.1606234 0.2472035 0.2679968 -0.2973864 0.2146561 -0.0654207 0.0963877 0.5425365 0.8079983 0.5967225 0.2773178 -0.0150061 0.0000000 0.5831644 0.6953158 0.7782816 0.4203546 0.6257071 -0.2973772 0.4805269 0.1714478 0.4703534 0.8953473 0.3643229 0.4197356 0.6076671 0.8405840 0.4410532 0.8330056 -0.2827655 -0.0012660 0.6344217 0.6986915 0.2355922 0.4296316 0.3841416 0.1375273 0.5379265 0.0411308 -0.3413085 0.2184405 0.2357814 0.2456647 0.2813767 0.6556962 0.4868349 -0.0427835 0.7109862 0.1594451 0.5294606 0.3283247 0.5463396 0.6352365 -0.2252790 0.1288200 0.4231534 0.6845688 -0.2573607 0.4629977 -0.1045747 0.4857121 -0.4838989 0.7022870 0.0408479 -0.0715648 0.5517726 0.4823076 -0.0254170 0.6398059 0.5085480 0.3353994 0.5911407 -0.0743492 0.6645433 0.4931201 -0.0825583 0.2976513 0.4509728 0.1211419 0.1025528 0.2957947 0.5426225 0.3933206 0.0458408 0.1946298 0.2991569 0.2108750 0.1814966 0.1749717 0.0851314 0.1265037 0.2977687 0.1114292 -0.0305729 0.3014689 0.4293072 0.2144360 0.0777619 -0.2630376 0.1742494 0.0377857 0.3432435 0.0300382 0.2890413 0.4276181 0.1727565 0.4341627 0.3339919 0.2543052 0.2336293 0.3030160 0.4606396 0.3619866 0.0828745 0.3969164 0.2143546 0.0825388 0.2942996 0.1306671 0.3258615 0.3353337 0.0392000 0.5790253 0.3500090 0.2400562 0.6185830 0.3139110 0.4194949 0.3810254 0.5459365 0.7093563 0.7312663 0.0855863 0.5234308 0.5619285 0.5728553 0.5968582 0.4499315 0.5539173 0.6983210 0.6336858 0.2868689 0.7318441 0.6860077 0.5612264 0.6321607 0.5628589 0.4638747 0.6779371 0.6456903 0.6461386 0.5232216 0.6604443 0.5182000 0.5447385 0.5371182 0.6270101 0.5231466 0.4569081 0.4905126 0.5186223 0.1488152 0.3243728 0.5748901 0.3115956 0.2527491 0.4592082 0.6476338 0.4430325 0.5852084 0.5499843 0.3184140 -0.1689187 -0.3169340 -0.1405170 -0.1654041 -0.1961804 0.3538660 0.2596452 0.3534259 0.3056922 -0.0128327 0.0707700 -0.3275845 -0.1635083 -0.2727209 -0.2806881 -0.3010133 -0.1027049 0.0880708 -0.2123772 -0.2690466 0.3238229 0.2581830 0.1713962 0.1831889 -0.2263777 -0.0559616 0.1237558 -0.2454537 0.1553751 0.2170233 0.1195573 -0.3174751 -0.1101815 0.5195836 -0.1614856 -0.1477181 0.2424707 0.3941607 0.3771403 -0.0431481 0.3692664 0.4269589 -0.0722882 -0.1381429 -0.0184170
0.3494169 0.0412353 0.3065768 0.0851087 -0.4043595 -0.2921698 0.3359953 -0.1988810 0.3810506 0.6390296 0.6328895 0.6677390 -0.0957275 0.5831644 0.0000000 0.4733909 0.5372080 0.4864172 0.3357896 -0.2837343 0.1887772 0.3062290 0.3251544 0.6964913 0.0956825 0.0016761 0.0257462 0.5873861 0.5048029 0.6553327 -0.3063687 -0.3162724 -0.0603069 0.3376357 -0.2130853 -0.0195246 -0.0231025 0.3970872 0.3590416 -0.0376009 -0.2387066 0.0315070 0.2938609 -0.1603090 0.2430338 0.3472389 0.1202333 0.1395536 0.2541943 0.2152829 0.1284016 0.1511283 0.2780186 0.5195833 -0.3288282 -0.0757599 0.1001634 0.4599734 -0.5288144 -0.0445839 -0.2707529 0.2921723 -0.6738505 0.5717377 0.0133341 -0.0481980 0.0913347 0.4146063 -0.3079316 0.4563921 -0.0215611 0.3098476 0.1603079 -0.2995384 0.1466231 0.1446939 -0.4384387 -0.2222877 0.1383432 -0.1470115 -0.2136693 0.3024794 0.6383614 0.5963133 0.5712644 0.5952804 0.6821423 0.4585097 0.7192619 0.7242420 0.5443041 0.4624630 0.4845796 0.2832903 0.3295387 0.5227453 0.6240318 0.5481236 -0.0797119 0.0193070 0.2560924 0.2533643 0.6254557 0.2264231 0.5545221 0.5953807 0.4932040 0.7747608 0.5282053 0.4503648 0.3986324 0.4563101 0.4754668 0.4618762 0.0030539 0.0987926 -0.0474190 0.1723928 0.1748519 0.0296968 0.3219060 0.1302402 0.3770780 0.4892854 0.4429703 0.1137541 0.2849188 -0.0234357 0.3939808 0.2622867 0.4906415 0.4685528 0.2307246 0.1356488 0.2670726 0.3429985 0.4553345 0.5364965 0.3323159 0.4629944 0.7787557 0.5519108 -0.0241056 0.5466355 0.5011975 0.5582391 0.6368033 0.6000252 0.6317774 0.6248142 0.6220197 0.5374940 0.4336781 0.6472526 0.8123751 0.4608651 0.4429012 0.3480912 0.1798088 0.2698248 0.5221466 0.3344896 -0.0147396 0.2626509 0.4900394 0.4286401 0.4157773 0.6812137 0.7056825 0.3619024 0.7030894 0.7070441 0.2842433 -0.1660832 -0.3783910 -0.0754639 0.0319860 -0.1851461 0.0649518 -0.1693361 0.1016888 -0.1605836 -0.3759560 -0.3285118 -0.5468190 -0.2433491 -0.3748000 -0.4348023 -0.4284474 -0.3046108 -0.0667101 -0.4868106 -0.4522842 0.1221193 0.1570945 0.1029089 -0.0379779 -0.3810861 -0.2226215 -0.1544018 -0.2495267 0.0291414 0.2976377 0.1404299 0.0651927 -0.0790830 0.5073551 0.0506813 -0.4204155 0.0625486 0.4975889 0.3806903 0.2889900 0.7082798 0.4994900 -0.1070535 -0.3865858 -0.2732497
0.0612992 -0.0943884 -0.2113922 0.0069811 -0.4377767 0.1962843 -0.2303018 -0.0228075 0.6906408 0.6818737 0.6128308 -0.0728093 0.0010809 0.6953158 0.4733909 0.0000000 0.6862333 0.1671645 0.5958220 -0.2245103 0.0379835 0.1322152 0.6730119 0.5475917 0.3181373 0.5974880 0.5302270 0.5132201 0.3622635 0.6140133 -0.2538277 0.0633337 0.4469793 0.6109875 0.3419807 0.0832779 0.5807830 0.3650664 0.6210659 0.4138423 0.0981604 0.2220834 0.4258726 0.3757354 0.3627886 0.6988496 0.5075971 0.2452165 0.6447811 0.3443880 0.5724236 0.5294852 0.4399995 0.7835208 0.0633493 0.3208511 0.3973480 0.7466668 -0.1812322 0.5793046 -0.0624290 0.6766988 -0.3997560 0.5814689 0.0190418 -0.0307890 0.5564080 0.6481068 -0.1311575 0.5699892 0.3753728 0.0101675 0.5334061 -0.2161785 0.3676165 0.4531269 -0.2635842 -0.1290126 0.1736459 -0.2032770 -0.2677396 0.3735214 0.4295548 0.2511370 0.1369757 0.1910019 0.2610964 0.2380287 0.1499732 0.1703735 -0.0261532 0.1043085 0.1860461 0.1085860 -0.0795574 0.2778391 0.4104699 -0.0264206 -0.0219783 -0.2289714 0.2537894 0.0210707 0.2822248 0.1130099 0.2961671 0.3067704 0.1838192 0.3320964 0.2646798 0.1796172 0.0825371 0.3503534 0.0823351 0.0502734 0.1273552 0.0627718 -0.0218983 0.0879190 0.0703191 0.1542653 0.1629282 0.1077050 0.1863645 0.2578125 0.2045911 0.1139326 0.2407319 0.2662366 0.0739892 -0.0809343 0.0475609 0.4158622 0.2951560 0.0561461 0.3116739 0.3309869 0.1665242 0.2574805 -0.0913659 0.5071660 0.4273492 0.5071204 -0.0358733 0.6329499 0.5205612 0.3163262 0.3813528 0.2269688 0.2463041 0.5239262 0.4593849 0.4695627 0.5504187 0.4373041 0.3013889 0.3365028 0.3788123 0.5906058 0.2699601 0.2857711 0.2369090 0.4708562 -0.0563966 0.2079875 0.4815356 0.1203300 0.2779405 0.3611204 0.5169028 0.4061241 0.4884293 0.4809088 0.0958414 -0.0804785 -0.3869543 -0.3196414 -0.3734442 -0.1204238 -0.0554846 -0.0994200 0.1411196 0.0508109 -0.1787637 -0.0875482 -0.3564362 -0.0471786 -0.1548996 -0.1262877 -0.2960146 -0.1979834 0.1311639 -0.3088032 -0.2721461 0.0621602 0.2403800 0.1467187 0.2584035 -0.3329795 -0.3296750 0.1212161 -0.3490037 0.2988993 -0.0558135 -0.2330793 -0.3482164 -0.3692591 0.4011025 -0.3016965 -0.1357331 0.3133383 0.1487300 0.3707254 -0.2102872 0.1755571 0.3816155 -0.4140331 -0.0879917 0.0060043
0.1980696 0.1011505 0.3594993 -0.0353869 -0.0791406 -0.2154032 -0.0627112 0.0537729 0.3201997 0.7210421 0.5428569 0.2555906 0.0963808 0.7782816 0.5372080 0.6862333 0.0000000 0.4365781 0.7235086 0.0194300 0.0800017 0.3012976 0.6466054 0.6654259 0.6019768 0.4070445 0.5451823 0.5358580 0.1349014 0.6899748 -0.2047464 0.3249369 0.3092759 0.4262600 0.4043035 0.0949529 0.4802176 0.4457536 0.5734320 0.1651436 0.1072262 0.0542519 0.2873165 0.0755366 0.1442899 0.8019169 0.6034281 0.4576390 0.4703999 0.4261987 0.6645860 0.3791971 0.3936821 0.6956545 0.2461487 0.5604189 0.6297532 0.6180996 -0.2056773 0.6233595 -0.0753478 0.5473948 -0.2090978 0.5503469 0.1637734 0.2848874 0.5477712 0.5092468 0.2691952 0.4864386 0.4958006 0.2487174 0.4837616 0.0221194 0.5743507 0.3523686 -0.0462343 0.2604337 0.2656470 0.0521291 0.1185458 0.0328920 0.1643427 0.0861439 0.0909422 0.0606154 0.1447461 0.0457017 0.2343422 0.2417469 0.1159221 0.1592128 0.2724168 -0.0764240 -0.0484636 0.1937152 0.3413320 0.1099341 -0.3421085 -0.1901721 -0.1120841 -0.1822670 0.1597756 -0.2699444 0.1022041 0.1557219 0.0103831 0.2628945 0.1002567 0.2572503 -0.1366918 0.0570154 0.1982866 0.2797794 0.0110352 0.1871095 0.1273111 0.0428397 0.2228644 -0.0327912 0.1694650 0.3962512 0.0323568 0.3019134 0.1074159 0.0879571 0.4717368 0.0643864 0.2260358 0.3411892 0.3592375 0.2901454 0.5098289 0.2861242 0.4848193 0.2642950 0.4406252 0.2097279 0.0918477 0.2795689 0.6881067 0.3161228 0.2820518 0.6804918 0.4534998 0.3269069 0.3688060 0.3888577 0.5863528 0.4022090 0.4168400 0.4517726 0.3252292 0.7104367 0.5283427 0.3866852 0.6500001 0.4646813 0.5840313 0.2252394 0.5048440 0.2709433 0.1307436 0.3102733 0.4184924 0.2957269 0.4190199 0.7225250 0.7641711 0.3098756 0.6918929 0.5769508 0.1431407 -0.1991624 -0.2334927 -0.0461525 -0.1158072 -0.0169590 0.0897449 0.1640076 0.3820205 0.1686134 -0.0901525 0.1243628 -0.2374037 0.0511106 -0.0454926 -0.0175271 -0.2286305 -0.1013917 -0.0678206 -0.2377398 -0.2699662 0.0889201 0.1145067 0.0977474 0.0482465 -0.0785771 -0.0121484 0.0194091 -0.0406211 0.3081959 -0.1283206 -0.2350215 -0.1863997 0.0013507 0.3602110 -0.0801043 0.0221285 0.4230646 0.0639155 0.1158704 0.1044279 0.2577485 0.3827764 0.0210012 0.0200676 0.2347780
