0.0000000 0.3863010 0.3437243 0.3659613 -0.0134217 0.2455245 -0.0460880 0.2839161 -0.1819650 0.3678953 0.5540655 0.4556786 -0.0614578 0.3390799 0.4069357 0.4674015 0.4525713 0.5352104 0.4519214 -0.1683061 0.4974373 0.1378281 0.0778286 0.7406174 0.3784944 0.1635852 -0.1089811 -0.1284745 0.5485561 -0.1150328 -0.0890341 0.2254086 0.0025318 0.3908012 0.0540543 0.2714787 -0.1568350 0.1657899 0.0310570 0.0557291 0.0346004 0.4476960 0.3765778 0.0578256 0.5053042 0.4692256 -0.0174373 -0.0317023 0.4477585 -0.0448096 0.1061108 0.2910538 0.4426971 -0.0068867 -0.0191951 0.2630517 -0.0459125 0.6964171 0.1916989 0.0574766 0.2217482 0.0832818 0.1749996 0.6877152 0.5023941 -0.0967597 -0.0171397 0.5448668 0.0982512 0.5976169 0.0083655 0.4402261 0.0070921 0.4630008 0.2447282 0.4192822 0.3874091 0.3678687 0.4816865 0.0407623 0.4698591 0.0315935 0.1822339 0.1797288 0.1700140 0.3090209 0.0796821 -0.2436071 0.0932460 -0.0933192 0.0529082 0.0438398 -0.0694396 -0.5442613 0.1183217 -0.0147571 -0.1512067 0.0570811 0.1119487 -0.4548791 0.0415132 0.1851811 0.1850528 -0.3055818 -0.1734642 -0.0448132 0.1981705 0.2165003 0.2191673 0.0218358 -0.1343919 0.3245041 -0.0960572 -0.1863592 0.0199187 -0.2097630 -0.2363290 -0.0122002 -0.2430108 0.4919736 -0.0113856 -0.3093253 -0.1242032 -0.2810509 0.0998126 0.2050586 -0.0734112 0.2030718 0.2851402 -0.1869492 -0.0567254 -0.0642440 0.1389575 -0.1391235 -0.2196740 0.4381575 -0.0538850 0.4333145 0.1476067 0.4018228 -0.0052659 0.5556529 -0.2536757 0.4445258 -0.1447594 0.2540368 -0.0069265 -0.0990018 -0.3740074 0.4984180 0.6593065 0.2452645 0.2453847 -0.0236416 0.0397411 0.4446191 0.4419601 0.0499399 -0.0454028 0.7856944 0.1106241 0.6494558 0.5620201 0.5428044 0.3990723 0.2980315 0.2779039 0.0983207 0.0765904 0.5944379 0.2593739 0.3378094 0.3738807 0.4665721 0.4360060 0.3697272 0.0633067 -0.2750998 0.2761108 0.2224478 -0.1524101 0.0787001 0.1817362 0.2673341 0.0187532 0.4889669 0.2058155 0.5266031 0.4397243 0.5089481 0.5660044 -0.1712101 -0.4109815 0.1346954 0.3400476 0.1497888 0.3063674 -0.3837992 0.1706179 0.3583512 0.0356355 -0.1585000 0.1883631 0.5649376 0.4524769 0.3519754 -0.2311407 -0.1505813 -0.1035923 -0.1363229 -0.1047386 -0.2101975 0.2084566 0.1206378 -0.7164931 -0.0309663 -0.2113570 -0.7012069
0.3863010 0.0000000 0.3680429 0.4194230 0.2420363 0.3130176 0.2580295 0.2522776 0.1235988 0.4990161 0.2640406 0.3810090 0.1286188 0.4813371 0.1228798 0.2330546 0.3829160 0.2577064 0.2626498 -0.0556318 0.4283551 0.5300778 0.1672098 0.3488599 0.3031510 0.3582221 -0.0457521 -0.0175782 0.4365389 0.0631916 0.0761581 0.0340008 0.1449054 0.2236355 0.0204695 0.2272687 -0.0164558 -0.0461305 0.1634159 0.1037379 -0.1935061 0.2470922 0.1168103 0.2309196 0.1774617 0.2267821 0.0991585 -0.2309377 0.4339026 -0.0845619 0.0893224 0.0666125 0.3179589 -0.0550834 -0.0953836 0.0037238 -0.0384650 0.3422655 -0.0523405 -0.0149891 -0.0039918 -0.1364046 -0.1643673 0.3175265 0.0585750 -0.1371065 -0.1494140 0.1997826 -0.0510940 0.2615176 -0.0094635 0.2129066 -0.0621382 0.1096339 0.3384485 0.2257470 0.1013860 0.2064215 0.3163527 -0.1416221 0.0776781 0.2018218 0.1351697 -0.2542982 0.0122783 -0.0337728 0.0619743 -0.3295833 -0.2505735 -0.1775685 -0.1983794 0.1283644 -0.0326457 -0.2933525 -0.0814989 -0.2631331 -0.0550579 0.1359903 -0.1904819 -0.1802199 -0.3356432 0.0090181 0.1770154 -0.1810534 -0.3124746 -0.4113617 -0.0289130 -0.0197303 -0.3722363 -0.1466416 -0.4413677 0.1433652 0.1173717 -0.2510304 -0.1413155 -0.1613313 -0.4204807 -0.2322615 -0.2803946 0.4668753 -0.0322171 -0.1742673 0.1952678 -0.0292537 0.1756638 -0.0988750 0.1350508 0.3014823 0.0666087 0.1150041 -0.0990799 -0.2492220 0.2754039 0.2707816 -0.4582755 0.4131520 0.1694071 -0.0300295 -0.0816119 0.0641171 -0.1249129 0.1755000 -0.4948040 0.5887218 -0.1363001 0.5247991 -0.1304348 -0.0290155 -0.2408682 0.1934011 0.3345184 0.3364884 -0.2194002 0.1423435 0.4817123 0.5866094 0.5066572 -0.0858934 0.3007186 0.3237212 0.4367914 0.0646232 0.5788941 0.3021451 -0.0689105 0.1619567 0.2844290 0.2921805 0.2164462 0.1329745 0.1446206 0.2622500 0.2692623 0.4010117 0.6772264 0.4281422 0.3174853 0.0123718 0.3097804 0.2956357 0.1328658 0.3327670 0.0962952 0.3518172 0.0262079 0.0680241 0.1383991 0.1640798 0.2088226 0.4241133 0.6488448 0.1834027 -0.0798459 0.4291332 0.4461349 0.2606132 0.3740783 -0.0959583 -0.0603074 0.0366850 -0.4463428 -0.2553727 0.4999607 0.5436110 0.5724139 0.2851127 -0.3736356 -0.2317863 -0.4049974 -0.3204860 0.1459481 -0.0109236 0.2133874 0.0917803 -0.4828823 0.0737024 0.1159558 -0.1151816
0.3437243 0.3680429 0.0000000 0.5885749 0.7246237 0.5034305 0.4174772 0.6130548 0.3664271 0.5805482 0.5615611 0.5539584 0.6650902 0.6082878 0.2878090 0.3909792 0.5423003 0.0455447 0.1167810 0.5057275 0.3225646 0.2375567 0.3001139 0.3229598 -0.0763696 -0.0725569 0.3636802 0.0457629 0.3720178 0.1795195 0.3982329 0.1132560 0.0005014 0.3973967 0.2762897 0.1174502 0.1471529 -0.0988916 0.2836370 0.1430087 0.1855751 0.2213266 0.4031488 0.1577620 0.2828906 0.0926031 0.1477230 -0.0349263 0.4558870 -0.2987838 0.2673819 0.3346153 0.3210607 0.2584896 -0.3121979 -0.0755217 0.1433901 0.5027439 0.0596602 0.3124140 0.0994263 0.1664365 -0.0460877 0.2255105 0.2208137 0.1857014 0.2347699 0.2699746 0.0053489 0.2491140 0.2752507 0.2901412 0.0814122 0.1077494 0.1253784 0.2903160 0.0240267 0.0650119 0.0911675 0.0404073 -0.0643526 -0.3007338 -0.0677273 -0.0501608 -0.1057134 -0.1357614 -0.3903235 0.2544209 -0.4285283 -0.2517935 -0.3255389 -0.3311448 -0.2551434 0.3424179 -0.2609567 -0.2845904 -0.0568099 -0.2184610 -0.4270707 0.1373135 -0.2035956 -0.2399054 -0.2346325 0.3140105 -0.1771697 -0.4733705 -0.1093164 -0.1701441 -0.1713909 -0.2430816 -0.2155829 -0.1440158 -0.4962117 -0.4417811 -0.3949278 -0.5167336 -0.3718266 -0.3142700 -0.3841908 -0.0315938 -0.4305181 -0.3604583 -0.1506240 -0.4665291 -0.2811189 -0.1399904 -0.4745718 0.2108721 -0.0276389 -0.5662857 -0.5040802 0.0874208 -0.2183448 -0.4696683 0.3440255 -0.0011743 -0.1950019 0.1693336 0.1721041 -0.1826468 0.1478449 0.1162994 -0.2013371 0.0664791 -0.0520645 0.0309198 0.1130310 0.1086942 -0.0119752 0.0190460 -0.0302551 0.1753848 -0.0571344 0.0462170 -0.3502605 0.1923180 0.2413711 0.1947412 -0.0528222 0.0813080 -0.3104297 -0.1130853 0.1313971 0.1439333 -0.1109435 0.2596879 0.0260452 0.1375575 -0.0276888 0.0602127 -0.1817305 0.1988386 0.2442602 -0.2025559 0.0896253 0.3941473 0.1132821 -0.1581507 0.0961590 -0.0888183 -0.1315552 -0.2184610 -0.0340265 -0.0639844 -0.0160998 0.1287255 0.1477715 0.3225177 0.0983354 -0.1049908 0.0651516 -0.0168989 -0.0518795 -0.3789982 -0.2164049 -0.3821277 0.0363601 -0.1409802 -0.1811456 0.1446285 0.1191171 -0.1653321 0.0636755 0.3356377 0.4456071 -0.1926918 -0.1207807 0.2881252 -0.1083221 -0.3619233 -0.3260306 -0.6830980 0.2204070 -0.1211364 -0.5169496 0.1534741 0.1364325 -0.2724606
0.3659613 0.4194230 0.5885749 0.0000000 0.6808000 0.8828878 0.5494969 0.9220201 0.3530260 0.7550815 0.8738439 0.6716613 0.5776650 0.7015106 0.0413022 0.5069018 0.7742629 -0.1606123 0.3074869 -0.0175410 0.7135861 -0.0670168 0.4925571 0.2106757 -0.1078199 0.2908728 0.2889915 0.2142387 0.8450489 0.2792890 0.0569203 0.1121092 0.3110144 0.7788936 0.5810826 0.5825429 0.3888533 0.0392287 0.6970283 0.5782896 0.0780026 0.7010772 0.6335958 0.4498454 0.7219924 0.3748077 0.5945438 -0.0763023 0.8889106 0.0046477 0.6432372 0.6888899 0.8009170 0.5396370 -0.1971171 0.1403133 0.2952604 0.7583216 0.4807787 0.5730508 0.6001434 0.5510895 0.2454120 0.7127409 0.7296830 0.2233472 0.3426696 0.6184901 0.1876634 0.7053585 0.2727246 0.7027476 0.4210626 0.6832828 0.2839126 0.7442314 0.6569288 0.2510750 0.5437339 0.3748707 0.2377452 -0.1920800 -0.4057368 -0.4370167 -0.4427442 -0.4364196 -0.4329023 0.0851096 -0.5664954 -0.0941270 -0.4373529 -0.3849924 -0.3745591 -0.0278252 -0.1030406 -0.2546119 -0.2786183 -0.3158063 0.0787907 0.0057307 -0.1504702 -0.4829173 -0.4937022 0.0217596 -0.2438958 -0.4423562 -0.5414788 -0.5422733 -0.3372571 -0.6919288 -0.1422748 -0.4900465 -0.7183361 -0.6767188 -0.7812859 -0.8392749 -0.7690741 -0.7525044 -0.8407120 -0.2399747 -0.7334227 -0.7587062 -0.4398104 -0.8073192 -0.6912135 -0.0607279 -0.6625961 -0.2180412 -0.0314276 -0.7122718 -0.5972869 -0.1607032 -0.1819402 -0.3466188 -0.0901424 -0.3318866 0.0206577 0.1114180 0.2621391 -0.0222532 -0.4136230 0.2164233 -0.4334147 0.3708484 0.0561800 -0.1565716 0.3467737 0.4504453 -0.3271978 0.2124470 0.2020985 0.5144309 0.0020340 -0.3208444 -0.2815656 0.0173264 -0.1279894 0.4146265 -0.3433733 0.0056201 -0.3247891 -0.0786767 -0.0840675 -0.1912907 -0.1658238 0.2838001 -0.4926970 -0.1708582 -0.3539436 -0.2574108 -0.4752148 -0.1645603 0.3950004 0.0121675 0.0569837 0.5156082 0.3394105 -0.3189181 0.4678392 0.2680409 -0.1728507 0.0132242 0.4252293 0.1495489 0.4695214 0.5777435 0.4786475 0.7339941 0.7169555 0.1164819 0.0151399 0.1713604 -0.3248657 -0.3854383 -0.3662065 -0.5189544 0.2257725 -0.3339381 0.1516105 0.1829409 -0.1492234 -0.4144379 0.1889268 0.3842631 0.2823402 0.0587011 -0.2987409 0.2501368 -0.4040343 -0.3294851 -0.2134869 -0.4615389 0.4389915 0.1950034 -0.3117544 0.0050317 -0.1738609 -0.2304820
-0.0134217 0.2420363 0.7246237 0.6808000 0.0000000 0.7208166 0.5590419 0.6271100 0.6674605 0.6078092 0.5392658 0.4959381 0.6310424 0.6930357 0.1301826 0.3067843 0.5672713 -0.1290465 -0.0040268 0.4210083 0.3687371 -0.0111102 0.6004639 0.0304134 -0.3537046 0.1085292 0.6230143 0.2163609 0.3597895 0.4501849 0.3131170 -0.0883909 0.1232495 0.5042835 0.5504672 0.3256369 0.2678762 -0.2743284 0.6373476 0.3685816 -0.0018527 0.3573259 0.4839980 0.2426948 0.3826991 0.0121765 0.3921111 -0.2066333 0.5818729 -0.3288419 0.4877840 0.4589931 0.4904271 0.4567022 -0.4677983 -0.1996650 0.1879244 0.3973935 0.2247947 0.4640732 0.3191871 0.3385595 -0.1504904 0.1823194 0.3033347 0.2022802 0.2120664 0.2326777 -0.0317051 0.1886338 0.1668371 0.3854097 0.1426996 0.1367079 -0.0011360 0.3597854 0.0372034 -0.1151348 0.0225009 0.2945682 -0.2432355 -0.4849107 -0.3889344 -0.3530491 -0.3222988 -0.4449859 -0.5359811 0.0650868 -0.5819686 -0.0784929 -0.6189226 -0.5737083 -0.5447022 0.2870261 -0.4511335 -0.4468933 -0.3497946 -0.5136747 -0.2937401 0.1843148 -0.1966030 -0.5824123 -0.5197993 0.2770883 -0.3557246 -0.5381138 -0.5148037 -0.4943424 -0.5070364 -0.4911441 -0.1949857 -0.5094999 -0.5916181 -0.6028978 -0.6790053 -0.7104289 -0.6203174 -0.5885578 -0.5926237 -0.3447535 -0.7007887 -0.5694859 -0.3964222 -0.5969919 -0.5841004 -0.1955354 -0.6219867 -0.2393342 -0.0949399 -0.5836776 -0.5793400 -0.3541371 -0.2452220 -0.3085179 0.2579538 -0.3694169 0.0226649 0.0782117 0.2698772 -0.1800801 -0.1350667 0.0686518 -0.3785149 0.1821013 0.1493215 -0.1548800 0.3609093 0.4213688 -0.0009278 0.0115150 -0.1623409 0.4509982 -0.1085638 -0.0766991 -0.5052901 0.1265777 -0.1612623 0.3892462 -0.1088104 -0.3164470 -0.3782583 -0.3545652 -0.0966111 -0.3777359 -0.2535050 0.3148013 -0.3059443 -0.0334129 -0.2553962 -0.3868412 -0.5028052 -0.1425734 0.1967786 -0.2802047 -0.0554300 0.3958418 0.2907595 -0.0083368 0.2931747 0.1365204 0.0903583 -0.0158051 0.2054093 -0.0304495 0.2260503 0.0832335 0.2162379 0.2457299 0.1890973 -0.1733557 -0.1547108 0.3219948 0.0768130 -0.5016772 -0.4397153 -0.5204382 0.0857693 -0.0358787 -0.0252899 0.0756142 -0.1078846 -0.1021706 -0.0002555 0.0596269 0.1544634 -0.2535551 -0.0383403 0.1973230 -0.2622713 -0.2011385 -0.2259183 -0.5325621 0.3541897 0.0797556 -0.1877014 0.0650627 0.0099980 0.0300279
0.2455245 0.3130176 0.5034305 0.8828878 0.7208166 0.0000000 0.6504295 0.7305525 0.6128924 0.8561154 0.7314518 0.7920553 0.3947429 0.7982427 0.0823219 0.5292595 0.8150657 -0.1171854 0.1541263 0.0645882 0.8092123 -0.2610535 0.5708972 0.1058122 -0.3090936 0.1960441 0.4388848 0.1852214 0.8382553 0.2912683 0.0414609 -0.2224375 0.2979299 0.7642087 0.4819324 0.7436865 0.1183691 -0.3090804 0.6074506 0.4732590 -0.2334623 0.7672237 0.5472902 0.3510838 0.7563590 0.0947203 0.4238809 -0.4048692 0.8662823 -0.2937674 0.4871002 0.5383665 0.8892940 0.2990752 -0.4860999 -0.1276015 0.0757488 0.6855377 0.5400732 0.4193362 0.6676348 0.3821055 0.0501569 0.6931151 0.7057164 0.0173279 0.1050762 0.5634836 -0.0331860 0.6214664 0.0274601 0.7976229 0.2568091 0.5595072 0.0561333 0.7600751 0.4635678 0.0056396 0.4179553 0.4985239 -0.0454761 -0.1431916 -0.3441966 -0.3510039 -0.2865905 -0.4347978 -0.5085408 0.0596057 -0.5442652 -0.0464306 -0.5407516 -0.5010936 -0.5288114 -0.0205868 -0.3115319 -0.4310327 -0.5233123 -0.5025326 -0.0479078 0.1251270 -0.1515661 -0.5722688 -0.5234763 0.2048220 -0.4528372 -0.5212249 -0.6252083 -0.5424549 -0.4565872 -0.6737325 -0.2844754 -0.5068652 -0.5449436 -0.7064950 -0.7261260 -0.7689632 -0.7524508 -0.6135111 -0.7690095 -0.0760088 -0.6278723 -0.7071850 -0.6394022 -0.7136518 -0.5888073 0.0891779 -0.6463859 -0.4287187 0.1690929 -0.6117374 -0.5852923 -0.3109682 -0.1114350 -0.0984455 0.0385117 -0.3225462 0.1457084 0.2562423 0.3654191 0.1436110 -0.2559868 0.3490218 -0.6570108 0.4158098 0.2568146 -0.1259575 0.4607961 0.5501108 -0.2979909 0.3334780 0.2365938 0.6253711 0.1444079 -0.2586909 -0.3180162 0.0711348 -0.3460732 0.5630080 -0.4399365 -0.1733394 -0.3594273 -0.0681166 -0.0151482 -0.4903710 -0.1362810 0.4605129 -0.4342328 -0.2741773 -0.5608916 -0.4954493 -0.5369611 -0.3796006 0.1072286 0.1401159 0.1614023 0.5887304 0.4415321 -0.1653779 0.6243438 0.4059869 -0.0807735 0.2209014 0.5485441 0.2483904 0.5607957 0.4644986 0.5151109 0.5857740 0.4966353 0.0271613 0.1680703 0.3733854 -0.2760205 -0.4026539 -0.2426695 -0.4493193 0.3864394 -0.3252492 0.2094328 0.3033722 -0.3071742 -0.2446049 0.0925115 0.1813188 0.3147391 0.1666767 -0.0763100 0.0291709 -0.4624037 -0.2804276 -0.0160417 -0.4477104 0.6122127 0.4335238 -0.2764580 -0.0053764 -0.3072575 -0.1506931
-0.0460880 0.2580295 0.4174772 0.5494969 0.5590419 0.6504295 0.0000000 0.3532960 0.3568790 0.6342839 0.2830560 0.7606444 0.2382045 0.6891843 0.0330493 0.3005522 0.5728694 -0.3559882 -0.0491600 0.4140216 0.6707869 -0.1963567 0.4940897 -0.2753389 -0.2700487 -0.0006969 0.4595611 -0.1855139 0.5210698 0.1104022 0.3325934 -0.3877969 -0.1040930 0.3542908 0.2518734 0.6836642 -0.0453811 -0.5520142 0.2001344 -0.0716122 -0.2994427 0.6293354 0.2229878 -0.1020973 0.5650433 -0.3629406 -0.0667327 -0.6010909 0.4809746 -0.5266594 0.0529470 0.1146860 0.6451499 -0.0810645 -0.7204899 -0.6464262 -0.3187577 0.3748240 0.6100627 -0.0143813 0.6050503 -0.0747932 -0.4269930 0.4202747 0.5317892 -0.3404285 -0.3054870 0.4046105 -0.5486217 0.3339989 -0.2984275 0.6464767 0.1327643 0.3842961 -0.3283339 0.5671372 0.2744175 -0.1031195 0.2320632 0.6926951 -0.1459082 -0.0549659 -0.3465878 -0.3570174 -0.2563819 -0.5166709 -0.6130330 0.5044699 -0.5194971 -0.1126708 -0.6404753 -0.6913040 -0.6169088 0.4632061 -0.5700322 -0.7576921 -0.5315071 -0.5570952 -0.0341693 0.3828772 0.0623344 -0.6906213 -0.6644713 0.4717773 -0.6117423 -0.7781459 -0.6801104 -0.6837101 -0.6625604 -0.6801802 -0.5429029 -0.6745519 -0.4561666 -0.6689746 -0.6339299 -0.5999275 -0.6079037 -0.4911691 -0.5636099 -0.1009936 -0.5760890 -0.5142516 -0.4338612 -0.5029795 -0.4760770 0.3576805 -0.4548709 -0.4256639 0.3972327 -0.4368499 -0.3173552 -0.3275473 0.1798087 0.1558065 0.2929793 -0.3600225 0.5318628 0.4194574 0.6108501 0.3058091 -0.1406347 0.4429805 -0.5298507 0.5504392 0.6229215 -0.2454337 0.7151963 0.7701411 -0.1210489 0.4474340 0.2294235 0.7823425 0.4170070 -0.2378419 0.0320876 0.2706946 -0.2080444 0.7551136 -0.2704943 -0.1872235 -0.2410225 0.0259679 -0.0463300 -0.4095563 -0.0250360 0.7215850 -0.3849681 -0.3350916 -0.2581611 -0.4047264 -0.6400527 -0.4995030 0.0512416 0.1540947 0.3340704 0.7833381 0.8351824 0.4772481 0.7409141 0.6454191 0.4692234 0.5204067 0.6162648 0.3502259 0.7087103 0.3593486 0.7168064 0.5065914 0.4028815 0.1126239 0.1452563 0.5803220 0.2997504 -0.4468188 -0.1042766 -0.1729781 0.4449276 0.2073519 0.5561760 0.4351816 -0.6025116 -0.3762226 -0.3853321 0.0388664 0.3397818 0.0234890 0.1058321 0.2542433 -0.7312837 -0.4935180 -0.3756353 -0.3407712 0.5766868 0.5206808 0.1355317 0.2320318 0.0845324 0.1338704
0.2839161 0.2522776 0.6130548 0.9220201 0.6271100 0.7305525 0.3532960 0.0000000 0.2160893 0.5358488 0.8507865 0.4681120 0.7483956 0.4730477 -0.0306795 0.4265489 0.6024605 -0.2002604 0.3581061 -0.1088398 0.4602658 0.0081022 0.3380630 0.2151686 -0.0258025 0.2870557 0.1317569 0.2663606 0.6672050 0.1792200 0.0037425 0.3794038 0.3338977 0.6397722 0.5764734 0.3139479 0.5522219 0.3066980 0.6827553 0.5915539 0.3220493 0.5208481 0.5892834 0.4993093 0.5705466 0.5209322 0.7106494 0.2485798 0.7499295 0.2447438 0.7078132 0.6903167 0.5915651 0.6303025 0.0613643 0.3841190 0.5264815 0.6146202 0.4090628 0.6783996 0.5120027 0.6285887 0.4393649 0.5302939 0.6279164 0.4769926 0.5732342 0.4974542 0.4528454 0.6045952 0.5268357 0.5459406 0.5511164 0.6662410 0.4673910 0.6236684 0.6545341 0.3338282 0.5360573 0.1774164 0.3147110 -0.2315410 -0.3964674 -0.3119729 -0.3906805 -0.3533484 -0.3577128 0.1759995 -0.4954431 0.0307989 -0.2643210 -0.2659779 -0.2047919 0.0276761 0.1171548 0.0552241 0.0059801 -0.1207150 0.1492729 0.0356780 -0.1012280 -0.3082286 -0.4039309 0.1271994 0.0642866 -0.1985858 -0.3590896 -0.3901472 -0.1034937 -0.5264664 0.1565854 -0.3780805 -0.7824691 -0.4841399 -0.6822065 -0.7573641 -0.6193192 -0.6935214 -0.7280169 -0.4039138 -0.7383427 -0.6610964 -0.2727694 -0.7716511 -0.6977019 -0.2164529 -0.6972688 -0.0159367 -0.2352130 -0.7668051 -0.5936039 0.1249338 -0.4011371 -0.5293191 0.0088461 -0.3208066 -0.2044037 -0.0611247 0.0913899 -0.2655683 -0.2973724 -0.0057600 -0.1475408 0.1139555 -0.1222475 -0.1556560 0.1961858 0.2881540 -0.1581185 -0.0028063 0.0194469 0.2771465 -0.1255030 -0.1863093 -0.4270899 -0.2112442 -0.0907230 0.2376131 -0.2774857 -0.0265814 -0.4315516 -0.1911631 -0.2761585 -0.0933782 -0.1984428 0.0652159 -0.4582444 -0.0159792 -0.2677904 -0.1734369 -0.3742505 0.0200483 0.3987613 -0.2704558 -0.1899240 0.2629434 0.0760242 -0.5266329 0.1533376 -0.0733371 -0.4336614 -0.2982109 0.2713139 0.0122645 0.3618645 0.5808914 0.4106421 0.7064699 0.6472157 -0.1095276 -0.2124982 -0.1292142 -0.4567229 -0.4560824 -0.5852738 -0.7073890 -0.0580193 -0.4594024 -0.0744695 -0.0002420 0.0749801 -0.4863961 0.2083812 0.3265896 0.0725603 -0.1707920 -0.4053825 0.3073753 -0.1979491 -0.3160767 -0.2901418 -0.6006415 0.2224898 -0.1261795 -0.3220349 -0.0650526 -0.1268452 -0.3302132
-0.1819650 0.1235988 0.3664271 0.3530260 0.6674605 0.6128924 0.3568790 0.2160893 0.0000000 0.6144046 0.0994154 0.3875514 0.3092254 0.6625591 0.2798112 -0.0294352 0.3583652 0.0635548 -0.4849315 0.4419808 0.2908466 -0.1146814 0.2260216 -0.0037351 -0.5788275 -0.2905432 0.4732430 0.5181126 0.2823679 0.5993136 0.3750892 -0.5059460 0.4419297 0.4838324 -0.0095860 0.2940634 -0.2433961 -0.5855269 0.3267532 0.3704457 -0.1621337 0.2030411 0.0513754 0.4510629 0.2250990 -0.4438887 0.0236475 -0.4269927 0.5362285 -0.5435091 -0.0163886 0.0715580 0.4573920 0.1413950 -0.5961796 -0.4031495 -0.1713813 0.1457587 -0.0060536 0.0183263 0.1555739 -0.0445063 -0.1640114 0.0400188 0.0879846 -0.1134285 -0.1195018 -0.0738306 -0.2980038 -0.0803064 -0.2085696 0.2768896 -0.3141494 -0.1493839 -0.3937224 0.1901451 -0.2275235 -0.6326444 -0.2386310 0.3603553 -0.6992570 -0.2149789 -0.2001572 -0.2277487 -0.3542031 -0.2781310 -0.3859499 -0.2336159 -0.3303810 -0.3111657 -0.3949103 -0.2145969 -0.2002375 0.1403067 -0.4975990 -0.4136443 -0.3903779 -0.3881517 -0.5092330 0.1228560 -0.4862948 -0.4073216 -0.3433141 0.1045533 -0.3395329 -0.4455892 -0.4022394 -0.3505185 -0.4974103 -0.3240107 -0.4318534 -0.3627438 -0.1642430 -0.3435136 -0.3606130 -0.2784953 -0.2422449 -0.1597726 -0.1947543 -0.0120001 -0.1295795 -0.1701203 -0.4178017 -0.1229232 -0.2874371 0.0024147 -0.2478105 -0.3544980 0.0702367 -0.1063267 -0.3291222 -0.3197568 0.0633651 0.0144079 0.3252076 -0.2892591 0.0714828 0.0898804 0.1948326 0.0000713 0.0860895 0.0236925 -0.4655397 0.0398411 0.2221639 -0.1844112 0.2329983 0.2769763 0.1225973 0.0296391 -0.1411400 0.2509163 -0.0806661 -0.0399695 -0.4110756 -0.0489763 -0.5186087 0.3451186 -0.2734768 -0.6362506 -0.2508328 -0.3607429 -0.1323605 -0.6922868 -0.2150674 0.2156595 -0.2481254 -0.0313548 -0.4100411 -0.6991303 -0.3032394 -0.2745738 -0.3246404 -0.0692300 -0.0416831 0.1539078 0.1918779 0.1169271 0.2622519 0.1120130 0.0443919 0.0269639 0.0136786 -0.2935179 0.0728564 -0.1321562 0.0047861 -0.0822263 -0.2113873 -0.0869553 0.0177107 0.5232655 0.0964601 -0.3927507 -0.1457449 -0.2216874 0.4403236 -0.0673343 -0.0930697 0.3014624 0.0071178 0.4262467 0.2414947 0.0643738 0.2832385 0.1562805 0.4211530 0.0509898 0.0790393 0.1558053 0.3612910 -0.1066685 0.3704538 0.2694669 -0.0844424 0.3082649 -0.1708735 0.3291009
0.3678953 0.4990161 0.5805482 0.7550815 0.6078092 0.8561154 0.6342839 0.5358488 0.6144046 0.0000000 0.5533260 0.9002397 0.2569287 0.9160200 0.2186883 0.5221340 0.8459718 0.0915419 0.1235254 0.2469876 0.8609552 0.0252054 0.4922042 0.2948308 -0.1244726 0.0338602 0.4259865 0.0512829 0.8185827 0.2917965 0.2772427 -0.2945474 0.2568452 0.7585638 0.2538713 0.7775867 -0.1799529 -0.3887960 0.4736380 0.3901100 -0.1985346 0.7163129 0.5260380 0.2855645 0.6892495 -0.0634357 0.0709671 -0.4705970 0.8342620 -0.5750410 0.2171189 0.4900210 0.8217287 0.2143649 -0.5391388 -0.2661825 -0.2277436 0.7691826 0.3561402 0.1825258 0.4574335 0.1856048 0.0124606 0.6921260 0.5572337 -0.2552812 -0.0727408 0.6282742 -0.2333019 0.6447035 -0.1533553 0.6864398 0.1664262 0.3998752 -0.0856730 0.7533722 0.3561932 0.0246197 0.4247001 0.4809768 -0.0444416 0.0947985 -0.1015554 -0.2581208 -0.2099128 -0.2198489 -0.2935281 0.0046311 -0.4033450 -0.2948637 -0.4255715 -0.3285413 -0.4235390 0.0169742 -0.4190167 -0.5844479 -0.4725688 -0.3787539 -0.2623328 0.2071045 -0.1692131 -0.4287343 -0.3111283 0.0708873 -0.4992316 -0.6356659 -0.4427708 -0.4195762 -0.3802896 -0.5737383 -0.4976781 -0.3052320 -0.3187570 -0.6775174 -0.5318657 -0.5971259 -0.6438030 -0.3900377 -0.6247699 0.2174417 -0.3634921 -0.5436899 -0.4313973 -0.5264535 -0.3458613 0.2172558 -0.3712269 -0.2529975 0.4005702 -0.4216782 -0.4926212 -0.2451033 0.1414780 0.0233541 -0.0397477 -0.0420758 0.2071662 0.4833006 0.3991924 0.3086178 -0.2851508 0.4942346 -0.7896495 0.4903731 0.2719471 -0.0207894 0.3766400 0.4321140 -0.4481409 0.4192397 0.2948723 0.5727740 0.2584987 -0.3489726 -0.0684416 0.3286752 -0.2243566 0.4876157 -0.5378921 0.0011991 -0.2021098 0.1121582 0.2679232 -0.3130117 -0.0729107 0.5348886 -0.2401137 -0.3105677 -0.5046518 -0.2891667 -0.3794216 -0.3345262 -0.0406567 0.2307070 0.3265406 0.7318663 0.5803508 0.0274194 0.6929385 0.5026462 0.0806762 0.3466832 0.4479218 0.2400324 0.3650484 0.3165901 0.3933461 0.5263930 0.3346541 0.3417696 0.4096990 0.5108816 -0.0714678 -0.2050905 0.1273021 -0.0364767 0.6565793 -0.2086039 0.2940007 0.5020632 -0.3069658 -0.1420789 0.1891160 0.3722303 0.7018678 0.4224333 0.1597855 0.1017044 -0.4180013 -0.2157008 0.1626305 -0.2609086 0.7464743 0.5037918 -0.3304646 0.1310326 -0.1860057 -0.1492880
0.5540655 0.2640406 0.5615611 0.8738439 0.5392658 0.7314518 0.2830560 0.8507865 0.0994154 0.5533260 0.0000000 0.5201677 0.4822665 0.5014657 0.1197919 0.6776554 0.6823738 -0.0151506 0.5082875 -0.0931925 0.5767550 -0.1134155 0.5137004 0.3929900 -0.0042254 0.3724787 0.2577076 0.0789416 0.7678696 0.1450479 -0.0774934 0.2348940 0.1381508 0.7242700 0.6930967 0.4463828 0.4624474 0.2075540 0.6098566 0.4586171 0.1044493 0.6134879 0.7351468 0.2553401 0.6770640 0.5880441 0.6603853 0.0552727 0.6793564 0.1327370 0.7540066 0.7551095 0.6412609 0.5286089 -0.0117749 0.3253199 0.4162359 0.7912175 0.3698780 0.6725590 0.4876288 0.6940108 0.3380737 0.7151481 0.6755353 0.3328626 0.4419169 0.6741841 0.3557251 0.7354442 0.3732024 0.5695720 0.4500613 0.6250345 0.4151011 0.6099089 0.5815064 0.4326120 0.4764259 0.1408112 0.4051642 -0.2524587 -0.2165071 -0.1842214 -0.1828133 -0.2469947 -0.3090321 0.0521130 -0.3932111 0.0755884 -0.2613769 -0.3212828 -0.3619862 -0.1333596 0.0929136 -0.0752216 -0.2131447 -0.3126940 0.1855075 -0.1001529 0.0423376 -0.3345719 -0.3238720 -0.0316001 -0.1352752 -0.2044389 -0.3416551 -0.2897556 -0.0622818 -0.4692245 0.1012030 -0.2629676 -0.6255858 -0.5815383 -0.6015561 -0.7811376 -0.6788139 -0.6031471 -0.7602129 -0.1718736 -0.6571961 -0.7441334 -0.4314801 -0.8168484 -0.5191080 -0.0716921 -0.6328441 -0.1409834 -0.0456451 -0.7309516 -0.4863217 -0.1310485 -0.2869742 -0.4695991 -0.1816552 -0.2253605 -0.1012530 0.1254688 0.2320472 -0.0424955 -0.3555118 0.2371818 -0.2548035 0.2208844 -0.0531496 -0.0584044 0.2336262 0.2929467 -0.3467468 0.1798582 0.2020531 0.3308222 0.0220865 -0.2534106 -0.3272733 0.0055622 0.0872313 0.3020683 -0.2240046 0.2606417 -0.2492726 0.0541875 0.0481318 0.0653744 -0.0218830 0.1783880 -0.2886711 -0.1366599 -0.2492195 0.0487471 -0.2768807 0.0193818 0.5312115 0.0326784 0.0306417 0.4172114 0.0699876 -0.5673730 0.2805426 0.1312458 -0.3249945 -0.1093467 0.3284454 0.1836839 0.2743337 0.5357234 0.2882114 0.6584065 0.6702794 -0.0021347 0.0099880 -0.1077813 -0.4623965 -0.2733249 -0.3201238 -0.5426214 -0.0172016 -0.3861855 0.0105996 0.0576767 0.0127873 -0.3874450 0.1053361 0.2362757 0.2039255 -0.0341517 -0.4131970 0.1324296 -0.2970165 -0.3543535 -0.3276780 -0.5764777 0.3510627 0.1381353 -0.4914773 -0.2042111 -0.1480199 -0.4128873
0.4556786 0.3810090 0.5539584 0.6716613 0.4959381 0.7920553 0.7606444 0.4681120 0.3875514 0.9002397 0.5201677 0.0000000 0.1302951 0.8483580 0.2125481 0.5858953 0.8523324 0.0651546 0.2116231 0.2143542 0.9242894 -0.1041153 0.5159476 0.2256890 -0.0464683 0.0585880 0.4010116 -0.2163616 0.7853135 0.0518764 0.1842791 -0.2795527 0.0113399 0.5852620 0.2434080 0.8309936 -0.2444853 -0.4428376 0.2773464 0.1043872 -0.3107833 0.8224052 0.5035527 0.0117906 0.7719537 -0.0921458 -0.0870556 -0.5693263 0.7222515 -0.6009980 0.1214423 0.3657687 0.8395148 -0.0202941 -0.6402562 -0.3776087 -0.3327083 0.7792701 0.6011466 0.0784983 0.6272017 0.0435543 -0.1378180 0.7698970 0.7080926 -0.3607933 -0.2072515 0.7260564 -0.3419889 0.7037680 -0.2279504 0.8307649 0.2274053 0.5535314 -0.1240761 0.8386220 0.4420908 0.1223467 0.5341058 0.5999483 0.0826546 0.0923613 -0.1072858 -0.1580669 -0.0465853 -0.1910432 -0.3799271 0.2766779 -0.3693456 -0.1510620 -0.4905488 -0.5039322 -0.5872399 0.0765635 -0.4637059 -0.6486573 -0.5610999 -0.4441149 -0.1083968 0.2470477 0.0661358 -0.4489432 -0.3744949 0.3117885 -0.6018030 -0.6655591 -0.4418792 -0.4101878 -0.3589642 -0.5689976 -0.5085593 -0.3207915 -0.3610244 -0.6958800 -0.5020204 -0.6089814 -0.6515316 -0.3541655 -0.6276783 0.2690903 -0.4265647 -0.5709833 -0.4667315 -0.5760019 -0.3249714 0.4182323 -0.4368160 -0.2591457 0.5742019 -0.4769505 -0.4370214 -0.2241601 0.1594844 0.1109225 0.1200925 0.0295375 0.3361786 0.6774911 0.5608416 0.4860328 -0.1272218 0.6988434 -0.7725598 0.6394859 0.4305836 0.0010860 0.5439477 0.5510760 -0.4096318 0.6361027 0.4934914 0.7362361 0.4928340 -0.2525518 -0.0107271 0.4406460 -0.1289012 0.6363895 -0.5104773 0.1816474 -0.2501191 0.3349290 0.3050410 -0.2115081 0.0953361 0.7610120 -0.1668566 -0.3352685 -0.4574327 -0.1500444 -0.4324299 -0.3636049 -0.0385541 0.2936673 0.4193487 0.8694040 0.7218482 0.1616419 0.8001489 0.6175044 0.1575344 0.4773616 0.6445594 0.4499198 0.5807448 0.5062542 0.6643030 0.6722914 0.4272057 0.3618158 0.4916454 0.4667012 -0.0541954 -0.3003683 0.1376725 -0.0424918 0.6435307 -0.1826698 0.5058879 0.6255403 -0.4662392 -0.3183071 -0.0957943 0.3215622 0.6328615 0.3382228 0.1244879 0.0251012 -0.6042097 -0.3503618 -0.0639235 -0.4011248 0.7636984 0.5605784 -0.3061930 0.1058994 -0.2078434 -0.3465840
-0.0614578 0.1286188 0.6650902 0.5776650 0.6310424 0.3947429 0.2382045 0.7483956 0.3092254 0.2569287 0.4822665 0.1302951 0.0000000 0.3341563 0.1856195 0.1997204 0.2267714 -0.1322935 0.0786383 0.3118070 -0.0347338 0.3084813 0.1355680 0.1504395 -0.0356215 0.0896443 0.1371697 0.3675710 0.2297847 0.2709696 0.4279823 0.4604205 0.2689299 0.3555893 0.3239284 -0.1220831 0.5346686 0.2990720 0.4253566 0.2964958 0.5944386 0.1205177 0.2415256 0.4474377 0.2283817 0.2508663 0.5557341 0.4338665 0.3841069 0.1519726 0.4315570 0.3613441 0.2092294 0.4922210 0.1527498 0.2354798 0.5156121 0.1721689 0.1038442 0.4696699 0.2298926 0.3649778 0.3436495 -0.0094334 0.1879843 0.5356009 0.4893612 0.0531621 0.3681893 0.0730647 0.5060979 0.0900857 0.2724448 0.2148955 0.2942366 0.1740712 0.1227575 0.0337016 0.0531238 0.0084927 -0.0389447 -0.3142860 -0.3121573 -0.1272099 -0.3527348 -0.3226598 -0.3641336 0.1914892 -0.3830047 0.1007799 -0.0902648 -0.0484509 0.0623988 0.3328900 0.1571380 0.1722755 0.2709652 0.0102415 0.0168206 0.1699308 -0.2231529 -0.1931293 -0.3553053 0.2520644 0.2830908 -0.0488127 -0.1976113 -0.2652998 -0.0838283 -0.2069682 0.2198603 -0.2891400 -0.6053685 -0.1884585 -0.3812476 -0.4477598 -0.2671947 -0.3579675 -0.2956874 -0.4636510 -0.4605564 -0.2441897 -0.0029826 -0.3814434 -0.4755876 -0.2320099 -0.3846531 0.1260129 -0.3361197 -0.4624232 -0.2709110 0.2680924 -0.2582610 -0.5416293 0.2740068 -0.3568265 -0.2049254 -0.1978021 0.0677013 -0.4294205 0.0261675 -0.2310323 0.2684443 -0.2147647 -0.0790489 -0.2084230 0.1501388 0.1918803 0.3543626 -0.2120013 -0.2969215 0.0031184 -0.1507869 0.0815129 -0.3929818 -0.3716078 -0.0087967 0.1475452 0.0231427 -0.2917898 -0.2479784 -0.3439073 -0.4471111 -0.1078047 -0.0312057 -0.0735913 -0.2370534 0.2766213 0.0567806 -0.1493954 -0.0870517 0.2955455 0.2102749 -0.5347424 -0.2992906 0.0057709 -0.1043074 -0.3966519 -0.2364535 -0.3818329 -0.3679945 -0.5316108 -0.0495180 -0.3320694 0.0871591 0.2810072 0.1547757 0.3424518 0.1573805 -0.3550943 -0.4512881 -0.1826403 -0.1294830 -0.4976872 -0.6027954 -0.6890356 -0.2169898 -0.1859206 -0.3853577 -0.1288297 0.3147920 -0.2164560 0.2442469 0.1941950 0.0393625 -0.3369920 -0.1855205 0.5374790 0.1564275 -0.2930835 -0.2981557 -0.5873185 0.0156133 -0.3342089 -0.1600320 0.2196223 0.3510472 -0.0009292
0.3390799 0.4813371 0.6082878 0.7015106 0.6930357 0.7982427 0.6891843 0.4730477 0.6625591 0.9160200 0.5014657 0.8483580 0.3341563 0.0000000 0.4881077 0.4494536 0.7882453 0.2177407 -0.0329037 0.4463282 0.7550023 0.0543662 0.5359562 0.3302900 -0.2011181 0.0032662 0.5561019 0.1226381 0.7246769 0.4783421 0.4517276 -0.3192332 0.2151452 0.7028274 0.2609871 0.6674878 -0.1817397 -0.5090727 0.4131896 0.2240037 -0.1687865 0.6947420 0.4780273 0.2542187 0.6922791 -0.1750961 0.0149111 -0.5245247 0.7845897 -0.6417521 0.1524352 0.3728856 0.8211032 0.1522975 -0.6318045 -0.4342272 -0.2694203 0.7158394 0.3564327 0.1059565 0.5025965 0.0588738 -0.1812411 0.5844916 0.5653090 -0.2736404 -0.1886772 0.5538377 -0.3597882 0.4805467 -0.2173688 0.6302949 0.0180584 0.3518133 -0.2343744 0.6637163 0.1996930 -0.1285335 0.2345947 0.5634205 -0.1948517 -0.0992176 -0.1728235 -0.2704639 -0.2872754 -0.3110717 -0.4488000 -0.0038822 -0.4486079 -0.2351210 -0.5317239 -0.3574103 -0.4975460 0.0871361 -0.5351957 -0.6882186 -0.5487051 -0.5138003 -0.2292418 0.1129827 -0.1908091 -0.5655519 -0.4530429 0.1336863 -0.5968823 -0.7290483 -0.5406499 -0.4925607 -0.5515387 -0.5948910 -0.5972965 -0.4067308 -0.3598175 -0.7490129 -0.5545607 -0.6546265 -0.6999647 -0.3658992 -0.6146798 0.2055335 -0.3872455 -0.5537878 -0.3984513 -0.5060115 -0.3445457 0.3842514 -0.3416576 -0.3199689 0.4868398 -0.3272414 -0.3219043 -0.4163633 0.2903947 0.0739810 0.1187684 -0.1177552 0.4319146 0.5624473 0.6256708 0.3643225 -0.1540228 0.5576489 -0.6834511 0.5644887 0.4838252 -0.0923087 0.5874158 0.6145250 -0.1839744 0.5437488 0.3147548 0.6992053 0.3233723 -0.2026982 -0.0536291 0.3725185 -0.1052271 0.6755265 -0.3226878 -0.0392956 -0.0921157 0.1307872 0.2027439 -0.2898418 0.0984630 0.6340991 -0.1825018 -0.1455934 -0.2802164 -0.2504947 -0.3520274 -0.2057303 -0.0706517 0.1692315 0.3547652 0.7765800 0.6527052 0.1475851 0.6573145 0.5282847 0.1777599 0.3260068 0.4231144 0.1142701 0.3776527 0.3686780 0.4467295 0.4786665 0.2974773 0.3842577 0.3605199 0.6142558 0.1415695 -0.3660840 0.0852362 -0.0899583 0.7184459 -0.0166197 0.2989577 0.6430224 -0.3419328 -0.0179509 0.1780531 0.3998155 0.7028283 0.3565506 0.2830251 0.1512591 -0.4194430 -0.1838487 0.0424329 -0.3191835 0.7483176 0.5654675 -0.3060015 0.3618680 0.0298198 -0.0366513
0.4069357 0.1228798 0.2878090 0.0413022 0.1301826 0.0823219 0.0330493 -0.0306795 0.2798112 0.2186883 0.1197919 0.2125481 0.1856195 0.4881077 0.0000000 0.1332991 0.0783334 0.7397615 -0.2304240 0.4741350 0.0452381 0.2825830 -0.0162897 0.6786279 -0.0076346 -0.2714557 0.1389297 0.2532338 0.2206277 0.4243084 0.6152434 -0.1351768 0.2154445 0.3358683 -0.2094581 -0.0273278 -0.4001659 -0.2458479 -0.1735385 -0.2346599 0.2000442 0.1974278 0.0104403 0.1455004 0.3127371 -0.2285305 -0.2879138 -0.1357680 0.1958145 -0.4157493 -0.2890997 -0.1075108 0.2602040 -0.1736906 -0.2244383 -0.2879913 -0.3313971 0.2633271 -0.1155020 -0.3159082 0.0976682 -0.2933434 -0.0914088 0.1101173 0.1519269 -0.2789623 -0.3624883 0.1454958 -0.3091584 -0.0267713 -0.3036898 0.0360019 -0.3663226 -0.0350867 -0.3723744 0.0329009 -0.2540495 -0.3260856 -0.2247626 0.1517041 -0.3239371 -0.0494447 0.2819381 0.3738566 0.0328535 0.2075380 -0.0838710 -0.2449918 0.1816563 -0.0423457 0.1175840 0.2628957 0.0665989 -0.0429205 -0.0909911 -0.1670661 -0.0887916 -0.1253954 -0.0114796 -0.1997311 -0.0473350 -0.0284413 -0.0124800 -0.0176461 -0.1134162 -0.1534718 0.0634388 0.1510474 -0.0551838 0.1186748 -0.2688604 0.1406918 0.0985501 -0.1444526 0.1739117 -0.0589077 -0.0969347 0.3779822 0.0747705 0.4594992 0.2474154 -0.0522969 0.0836511 0.0716433 0.2622767 0.6248606 0.2054376 0.0285192 0.5465522 0.2312286 0.4699782 -0.1938568 0.5336470 0.1378203 0.2229225 0.1412914 0.4496382 0.5139473 0.5960632 0.3316212 0.3220670 0.3963549 0.0157003 0.1653651 0.4468652 -0.0159227 0.3767904 0.2790601 0.3999044 0.4482222 0.2069125 0.1962771 0.3561686 0.2512580 0.0448797 0.1304457 0.2637216 0.4533930 0.1736227 0.1085506 0.3225500 0.3242579 0.1329321 0.1480441 0.6079641 0.2921758 0.3452088 0.3898404 0.3714562 0.2712652 0.3846557 0.4530449 -0.1939266 0.0405352 0.2332592 0.2555489 0.0975954 -0.0469203 -0.0253625 0.0335028 -0.0875646 -0.1015236 -0.0892861 -0.3149351 -0.1494641 0.2296139 0.0552206 0.0954567 -0.1153035 0.2597192 0.2579669 0.1264280 0.1588371 -0.2414838 0.2525484 0.0651379 0.5086603 0.0351213 -0.1097773 0.6564251 0.1160489 0.3544167 0.2277630 0.2466673 0.5650612 0.2237032 0.4748735 0.0808839 0.1833383 -0.0202998 -0.0077799 -0.2605047 0.3648625 0.2687016 -0.4524520 0.5213570 0.4228258 0.0222837
0.4674015 0.2330546 0.3909792 0.5069018 0.3067843 0.5292595 0.3005522 0.4265489 -0.0294352 0.5221340 0.6776554 0.5858953 0.1997204 0.4494536 0.1332991 0.0000000 0.6752373 0.1917269 0.7569162 0.0364037 0.6009098 0.0611696 0.7355466 0.3739850 0.3640052 0.5926465 0.3768760 -0.5187664 0.5674409 -0.2462177 0.0024509 0.2026645 -0.3520910 0.4025664 0.6174779 0.6052538 0.2004002 0.0576187 0.2586195 -0.0708041 -0.1737326 0.6863493 0.6810346 -0.3147526 0.6846402 0.4336157 0.3268679 -0.1701239 0.3169026 -0.2221385 0.5011011 0.5787415 0.5294523 0.0995113 -0.0577762 0.0703926 0.0824268 0.6888448 0.4913796 0.4384110 0.5282192 0.4433907 0.2262100 0.6853447 0.5054167 -0.0191663 0.0881779 0.7873918 0.1609784 0.7459487 0.0607311 0.5059845 0.4917634 0.4444011 0.3583605 0.6392634 0.3092427 0.6228812 0.4938617 0.1902212 0.4865606 0.0192656 0.0599674 0.0417207 0.3099813 -0.0627689 -0.1082107 0.1936522 -0.1562165 0.4382432 -0.1949765 -0.2751157 -0.5259877 -0.0785616 0.0601079 -0.2316302 -0.3704424 -0.3341722 0.2280802 0.3030893 0.3317523 -0.2105301 -0.1316874 0.1522254 -0.3070235 -0.0758023 -0.2513594 -0.1495094 0.0113701 -0.2168497 0.0638498 -0.0482020 -0.1664728 -0.4344961 -0.2023296 -0.4641476 -0.4921485 -0.1972792 -0.4701991 0.1925452 -0.2970447 -0.3381226 -0.3807258 -0.4801630 -0.1180222 0.2311325 -0.1759104 -0.1814664 0.3393761 -0.3531505 -0.2233735 -0.2014096 0.0816634 -0.0445354 -0.3049377 0.1271712 0.1177813 0.4852141 0.3857178 0.4115276 -0.2107534 0.6388979 -0.3863551 0.3735153 0.1424752 0.2547929 0.3050706 0.2969330 -0.3649321 0.5000108 0.4171756 0.4002285 0.4746722 -0.1381944 0.1451136 0.3595035 0.1258412 0.3246154 -0.2888062 0.4578860 0.1207499 0.4769772 0.4491528 0.0219325 0.3696455 0.5078542 0.1160493 -0.2906615 -0.3973531 0.2159284 -0.0464007 -0.0863546 0.1691054 0.2062466 0.2703555 0.6359552 0.2877567 -0.3045450 0.4533759 0.3945324 -0.0284425 0.3423416 0.6290471 0.6055413 0.3810067 0.4016247 0.3051819 0.5141581 0.2707475 0.1378842 0.3114987 0.0921125 -0.2370906 0.0306140 0.1764726 -0.1288162 0.1129156 -0.2175231 0.2091216 0.1040166 -0.2302636 -0.3364214 -0.0344295 0.0626150 0.4236343 0.2121084 -0.2034568 -0.0715685 -0.3794660 -0.4254762 -0.0478856 -0.4210754 0.6266316 0.4421185 -0.3039017 -0.2971549 -0.0111234 -0.5210315
0.4525713 0.3829160 0.5423003 0.7742629 0.5672713 0.8150657 0.5728694 0.6024605 0.3583652 0.8459718 0.6823738 0.8523324 0.2267714 0.7882453 0.0783334 0.6752373 0.0000000 -0.0388878 0.3162618 0.1390658 0.8670935 -0.2056573 0.6761510 0.1694782 -0.0977168 0.3237858 0.6130671 -0.1398434 0.7388022 0.2272779 -0.0608279 -0.0469073 -0.0601136 0.5600113 0.5687261 0.7358207 0.1586291 -0.2995756 0.5599672 0.3262105 -0.3131715 0.7322184 0.7811473 0.1051640 0.6860854 0.2103048 0.2848390 -0.4101504 0.7289808 -0.3783668 0.5151835 0.6518385 0.8117118 0.3014389 -0.4060209 -0.1131343 0.0842697 0.8862251 0.5747132 0.5158052 0.6028623 0.4161479 -0.0367602 0.7814194 0.7339372 0.0490009 0.1936981 0.7219818 0.0145874 0.7367771 0.1533247 0.7324186 0.3221719 0.6126389 0.1628147 0.8352956 0.4611771 0.3004061 0.4841590 0.4895246 0.2555841 -0.2267160 -0.4015579 -0.4770504 -0.2481228 -0.4694250 -0.5144294 0.1860450 -0.6529893 -0.1032138 -0.6570529 -0.5448393 -0.6773657 -0.0906491 -0.4735846 -0.5651782 -0.6437736 -0.5885240 -0.1723310 0.0380322 -0.1568683 -0.6063695 -0.5115050 0.1412698 -0.6336290 -0.5969343 -0.6191242 -0.5842517 -0.4248221 -0.7297662 -0.4323772 -0.4348785 -0.5331892 -0.8367307 -0.6939342 -0.7917153 -0.7693627 -0.6231982 -0.8182953 0.0562706 -0.5699664 -0.6204715 -0.6108631 -0.7496150 -0.5100349 0.1638962 -0.5624167 -0.4161460 0.2820852 -0.5881638 -0.6682380 -0.2775314 -0.0763000 -0.1588901 -0.0041691 -0.1288021 0.1314317 0.4691557 0.4187860 0.3404352 -0.3180390 0.5861338 -0.6754651 0.5391343 0.2451755 -0.0873930 0.4741660 0.4939091 -0.5473733 0.5416830 0.4565608 0.6298707 0.3008131 -0.4041485 -0.0795079 0.3767227 -0.0780877 0.4962411 -0.4737664 0.2467593 -0.3028545 0.2359653 0.2768157 -0.1601556 -0.0357654 0.5540339 -0.3192212 -0.4609868 -0.5452569 -0.1664016 -0.5395030 -0.4072940 0.0264666 0.2747735 0.3021913 0.7649761 0.5638171 -0.0091132 0.7230214 0.5419896 0.0579609 0.3331821 0.5852455 0.3782745 0.5098904 0.4976674 0.4865184 0.6007401 0.4782304 0.3871244 0.3363167 0.4992142 -0.0465460 -0.2596426 -0.0063551 -0.1767448 0.4296883 -0.0704559 0.4214992 0.3689683 -0.3583700 -0.1838325 0.1613503 0.4775546 0.4480851 0.4318890 -0.0150046 0.0812087 -0.5425403 -0.0604871 0.0490521 -0.2677298 0.5887182 0.5450797 -0.2102183 0.1282851 -0.2560464 -0.3923199
