0.0000000 0.3426165 0.5184700 0.4594885 0.3262238 0.4967598 -0.1839642 -0.2922845 0.2454036 0.4008639 -0.4885678 0.4075299 -0.5014640 0.0222403 -0.1264872 0.0823419 -0.1666388 -0.6703758 0.1415764 0.3665660 0.1743213 0.5480619 -0.4048217 -0.1659882 0.2984868 -0.4199330 -0.4731616 0.0550347 0.2479592 -0.2153660 0.0781328 0.1748569 0.0314669 -0.1493630 -0.5125670 0.1004457 -0.3341473 -0.3579234 -0.0164950 -0.0663774 -0.2606935 -0.1336373 0.0464719 -0.0131454 -0.3459361 -0.0232770 -0.2484138 -0.3988005 -0.1617645 -0.5285132 -0.0714019 -0.0490257 -0.5285535 -0.2238637 -0.3608893 0.0652187 -0.0305012 -0.2244321 -0.4496225 0.0696993 -0.4945389 -0.1276326 -0.1213145 -0.0478412 -0.4198042 0.0246087 -0.1282575 -0.3849645 -0.0826069 -0.3858323 -0.0586747 0.1640080 -0.3040058 0.0982725 0.0308368 -0.4842254 -0.2225732 0.0359746 -0.3993262 -0.0492176 -0.3179178 0.3297539 0.1283460 0.3312798 0.1704544 0.4454794 -0.0384865 0.6335780 0.2188123 0.5082255 0.1469615 -0.0288361 0.1255171 0.4461347 0.3444345 -0.1323902 0.0228818 0.3098583 0.3994615 0.3487558 0.2591856 0.3864107 0.5788134 0.1821689 -0.0206712 0.3137584 0.5260321 0.4534203 -0.1351797 -0.1071289 0.1867255 0.0602363 0.5092743 0.3182986 0.6184031 0.6743346 0.7060485 0.6897989 0.7589111 0.1834968 0.1401804 0.4700985 0.0542073 0.4541155 0.3024261 -0.4218122 0.1295688 -0.2008781 -0.1623236 0.2393309 0.2164487 -0.0432924 0.3162574 0.1634552 -0.5613085 -0.2872498 0.0858563 -0.1356245 0.2004676 0.2105857 -0.1818276 0.2052107 -0.2303370 -0.2107960 0.2784845 0.1383571 0.0503335 0.2101213 -0.2249313 0.2302674 0.3162631 -0.1634820 0.3730625 0.1018305 0.1512720 -0.1660262 -0.2189268 0.3150060 -0.2949880 0.2880143 0.3400976 0.5457373 0.0363885 -0.2059018 0.5275721 0.0685180 0.2156640 -0.3851057 -0.0496595 0.6221797 0.3236007 -0.0254001 0.2924822 0.5235879 0.0897506 -0.0957144 -0.1199092 -0.0972367 -0.0652216 -0.1057204 0.0310033 0.1093691 -0.1668223 -0.0133631 0.0942685 -0.2578765 0.0263384 -0.1472923 -0.0161396 0.0154734 0.1175078 -0.2920260 -0.1270213 -0.1906778 -0.2007905 -0.1677330 -0.0847257 0.0738000 -0.4374014 -0.1839813 -0.0081989 -0.1269973 -0.0593416 0.0537762 0.2888011 -0.2108742 -0.1568421 0.2759859 0.2992078 -0.1455746 0.0604890 -0.0123360 0.0002666 0.0565498 -0.1382666 -0.4440517 -0.0882974 0.0625404
0.3426165 0.0000000 0.6058990 0.6149697 0.3219975 0.7436625 0.3497240 0.1869405 0.6301654 0.6110176 0.1660050 0.7123094 -0.1718792 0.4246683 0.3804664 0.4015220 0.6058150 -0.4124647 0.2439074 0.1130298 0.5931781 0.3922353 0.3616629 0.1817207 0.3158154 -0.2216438 0.1692497 -0.0681328 0.6001689 0.0024088 0.0359276 0.1192382 0.2851683 0.3588743 0.2428445 0.5988475 -0.3365231 -0.2080337 0.3404311 -0.2884688 -0.3637769 0.3495735 0.6282578 0.2796478 0.1934923 -0.1374085 -0.3248871 -0.3068839 0.2640086 -0.4119848 0.1265086 0.2802965 0.2484556 -0.0450020 -0.0265026 0.0701393 -0.1243659 -0.0257210 0.1122724 0.1117611 0.3834547 -0.0807249 0.1620609 0.3153400 0.2248106 -0.1492083 -0.1476430 -0.1751180 -0.1149937 -0.0031266 -0.0947279 0.5334095 -0.2298488 0.5653006 0.3119050 -0.1836104 0.3596530 0.2327557 -0.2820892 -0.2940384 -0.2696013 0.3712609 0.6079088 0.8053228 0.6989875 0.6920676 -0.0086466 0.5301890 0.5283250 0.6608074 -0.3130286 -0.2538738 0.0140432 0.3787379 -0.1456326 0.0483187 -0.0681336 0.2727795 0.1452768 0.3568296 0.3357926 0.5140196 0.5610942 0.5630699 -0.3000530 0.1351281 0.5618895 0.3840712 -0.0154306 -0.2472251 -0.0107682 0.3499028 0.2450630 -0.1745611 0.2856843 0.1491911 0.1097718 0.3806833 0.1965036 0.4607110 0.4155294 -0.0202505 -0.0154809 0.4241884 0.5275928 -0.1523257 0.0807155 -0.0786994 0.3257063 0.4729473 0.6615780 0.2710926 0.1197498 0.4286999 -0.0914921 -0.0261478 0.4175642 0.2872190 0.6349287 0.3642301 0.1326372 0.6837555 0.1767920 0.1863345 0.5468457 0.1334819 0.2401717 0.0595065 0.1238242 0.7108524 0.5546742 0.1749295 0.4083541 0.2107810 0.0400553 0.2719012 0.0327461 0.2493278 0.1695757 0.1559599 0.1258474 0.5600949 0.2438384 -0.1213825 0.3539825 0.1716296 0.2796159 -0.1118524 0.0632200 0.2095198 0.0727041 -0.0258380 0.5641739 0.2664985 0.5990859 0.5125756 0.3226055 0.2105555 0.3635679 0.2184630 0.3182420 0.5393403 0.4013139 0.3833145 0.5771051 0.3138491 0.5139659 0.4099437 0.6763895 0.7262987 0.4318766 -0.0392841 0.1547776 0.2169974 0.0806182 0.1503411 0.0007001 0.5060701 -0.2943255 0.2022303 0.4580046 -0.0027621 0.3932752 0.4952872 0.2630261 -0.0066665 0.0926852 0.2488656 0.6501276 0.2235489 0.3136843 0.0924206 0.3872469 0.3915271 -0.0769688 -0.0470765 -0.0801304 -0.0266465
0.5184700 0.6058990 0.0000000 0.5439928 0.5600098 0.5935931 0.1057014 -0.0001648 0.3266550 0.4745069 0.0118688 0.4734767 -0.2278262 0.0948298 0.0564297 0.2193522 0.1138026 -0.6324594 0.1303492 0.4500786 0.2871245 0.2780169 0.0221673 0.0195681 -0.1552597 -0.1007871 -0.2227430 -0.1011692 0.2201047 -0.3762786 0.0957060 -0.0180390 -0.2868179 -0.0896106 0.0022705 0.3228217 -0.2396074 -0.5262491 0.0047205 -0.6885399 -0.3657023 0.0428833 0.3457582 -0.3192602 -0.0809236 -0.2294493 -0.3095711 -0.5675942 -0.2482959 -0.4402547 -0.0612348 0.3239982 -0.2115305 -0.0538491 -0.6319134 -0.1576399 -0.1530787 -0.0652120 0.1063646 -0.0287898 0.0173807 -0.0525106 0.3696030 -0.2413263 -0.2847096 -0.1709626 -0.2600753 0.0407883 -0.0675129 -0.0846839 -0.2777024 0.1141031 -0.0879611 0.0255273 -0.2030035 -0.0024665 -0.0123610 0.0090915 -0.2090693 -0.0506163 -0.1297455 0.2230278 0.2632508 0.4833602 0.5912303 0.4598390 0.3654596 0.2468950 0.2790054 0.4494332 -0.0374346 -0.1650467 0.3999307 -0.0274440 -0.2609886 -0.1005600 0.3319993 0.1913426 0.0808815 0.2428421 0.2418859 0.2844790 0.2601266 0.3806046 0.3448549 0.0808605 0.4155699 -0.0352955 0.3316326 -0.0085774 0.1665106 0.4546489 -0.0700578 -0.1633821 0.2736508 0.1996919 0.1696349 0.3428564 0.2172011 0.3421588 0.1516562 0.0073152 0.0418094 0.0175559 0.4476663 -0.3465137 -0.2469643 -0.0319466 0.2784689 -0.0779908 0.3531186 0.5059941 -0.0850639 0.1449841 -0.2307938 -0.0113420 0.0353011 0.1932356 0.2993403 0.2386080 -0.2409078 0.2782754 0.3894012 0.0960336 0.3610087 -0.1380205 -0.0807862 -0.1454274 -0.0333555 0.3713873 0.1291051 -0.0833998 0.1213115 -0.1342923 -0.1338897 -0.2059717 0.1985590 0.2410894 0.2423262 0.1627850 -0.0134561 0.3705826 0.1386713 0.1670372 0.2219216 -0.0015174 -0.0338340 -0.0914386 0.3756100 0.2524607 0.0359371 0.1031734 0.2583401 0.5506217 0.5671990 0.3452211 0.3641162 0.3669755 0.2862884 0.3175803 0.4919026 0.4867272 0.2279046 0.1721608 0.3573202 0.0025697 0.5578790 0.2236978 0.2671150 0.4066777 0.3197824 -0.0517877 0.1500266 0.3849958 0.1980938 0.3479161 0.2176101 0.3300624 -0.2047704 0.1730587 0.4493559 -0.0504580 0.2545048 0.2098657 0.4954562 0.2086725 0.4400829 0.5996515 0.5441249 0.3365139 0.1332468 -0.1371585 0.3403957 0.3834471 0.2632649 0.2144134 0.0049873 -0.0466326
0.4594885 0.6149697 0.5439928 0.0000000 0.3041012 0.6331218 -0.2322212 0.2507340 0.5301555 0.5730583 -0.0776622 0.3241777 -0.2624215 0.3878186 0.2003459 0.2447963 0.2695074 -0.4902708 0.1477951 0.2465855 0.3432222 0.4811358 0.0885709 0.0794472 0.3929702 -0.2093378 -0.2970311 0.1547038 0.5154778 -0.1083240 0.4193590 0.4555771 0.2679359 0.3517301 -0.2221793 0.4207268 -0.2353208 -0.1323754 0.1427289 -0.0656680 -0.1492413 0.5102589 0.2623477 0.2173620 0.4230924 0.0685183 -0.1966834 -0.3340583 0.1809983 -0.4014389 0.1777650 0.2234661 0.0796418 -0.0805785 -0.2413092 -0.0261398 -0.0142458 -0.0795363 -0.1179469 0.1059467 0.2145323 -0.0812168 -0.0458782 0.3007962 0.2563520 -0.0234932 -0.1905407 -0.1936234 -0.2589376 -0.1612438 -0.0501681 0.5102103 -0.3189026 0.4133674 -0.0397074 -0.3140188 0.0615670 -0.0194629 -0.1474618 0.1542761 -0.2701581 0.4190586 0.3649027 0.7274638 0.5030574 0.7143779 0.2911952 0.4069924 0.5659693 0.6010033 -0.0134698 0.0420969 0.3116996 0.2958234 0.0304663 0.0167841 0.2611830 0.4079270 -0.0222243 0.6179798 0.3313938 0.4672407 0.6217868 0.6562633 0.0450651 -0.0183054 0.5034141 0.2428127 0.2305726 -0.2020388 0.0067293 0.3102558 0.2589525 -0.1570062 0.1547252 0.3090269 0.2556012 0.3232325 0.3553908 0.3143205 0.3007291 0.1533797 0.2990167 0.2314007 0.3088871 -0.2692053 0.1390597 0.1165463 0.0050796 0.5142993 0.5440869 0.2206710 0.1959032 0.4148081 -0.1562735 0.3470972 0.4880425 0.0341014 0.5691164 0.0182308 0.2801727 0.3433498 0.0934989 0.1655337 0.6617034 0.3165350 0.2983420 0.3423326 0.1681592 0.5274925 0.2166296 0.0686430 0.2717540 0.2411307 0.0693091 0.0426894 0.2530057 0.2329888 0.4388696 0.3866531 0.0396363 0.4215819 0.1132862 0.2612186 0.2699519 0.1206452 0.1132924 -0.1862114 0.4567008 0.4481027 0.0947005 0.3328870 0.1089225 0.1470360 0.2205569 0.1315699 0.0065556 -0.1370202 0.0792684 0.0346435 0.1175004 0.2834945 0.3587875 0.5730777 0.3640682 0.3047935 0.2123887 0.1373586 0.3256663 0.3010528 0.3098903 0.1277485 -0.2482650 0.0783706 0.0167542 0.0557203 -0.2142743 0.0872708 -0.4316117 -0.0592376 0.4466104 0.3942044 0.5340628 0.0880782 0.2278254 -0.0852192 0.2999295 0.3126214 0.6313265 0.2333084 0.4791877 -0.2260169 0.0833072 0.2140874 -0.1055901 -0.0112656 -0.2588657 -0.2925910
0.3262238 0.3219975 0.5600098 0.3041012 0.0000000 0.2698907 0.0531803 0.3774115 0.1636976 0.0454832 -0.2385523 0.3366738 0.1641130 0.0272067 0.2127974 -0.1528430 -0.1924168 -0.0684088 0.0184907 0.1991804 0.3002596 -0.0022845 -0.4162661 0.0664234 -0.0142713 -0.0407925 -0.4226339 0.1461443 0.2421179 -0.1297554 0.2619033 -0.0510596 -0.1110575 -0.0358203 -0.0231191 0.1535340 0.0568083 0.2412429 0.0805239 -0.3233882 0.2808841 0.0352041 0.1079986 -0.0039072 0.1367954 0.2020354 0.1346605 0.1133137 -0.2207743 -0.0469599 0.1598626 0.2784932 -0.0391268 0.0491372 -0.1264699 0.1797512 0.0825828 -0.1485002 0.0167408 0.2837026 0.2792907 0.2694015 -0.0521028 0.0807543 0.1163798 0.0402060 0.2533408 0.0475256 -0.0745410 0.2198800 0.0360289 0.1173879 0.0442949 0.2836425 -0.1574146 0.1957847 0.2865236 0.1741514 -0.0164971 0.3265133 -0.2513493 0.2722093 0.1486217 0.0101177 0.1584372 0.1627180 0.4547233 0.0964082 0.2127473 0.1218060 0.1868308 -0.0406171 0.4342799 -0.2743977 0.0431799 -0.0285428 0.3922743 0.3015204 0.1464370 0.1826261 -0.2428904 0.2504133 0.1682141 0.1798998 0.3709637 0.2286193 0.1115115 -0.0185708 0.4564462 0.1134289 0.2295739 0.3005364 -0.1377953 -0.0379227 -0.1247924 -0.0644750 -0.0510190 -0.0010465 0.0301564 0.1289329 -0.0359044 -0.0810536 0.0570457 -0.0634043 0.1595055 -0.1782147 -0.2522932 0.2109288 0.1348181 -0.0796291 0.1710711 0.2648771 0.2081648 -0.0309698 0.2446755 -0.0206736 0.0278326 0.1574118 0.2464471 0.1181459 -0.1962651 -0.0112172 0.1217563 -0.0356990 0.3091753 -0.0939566 0.2384611 0.2526783 0.2537063 -0.0374016 -0.1284160 -0.1346718 0.2817878 0.1524324 0.1403970 -0.0237505 0.0449344 0.2161301 0.2370354 -0.0617750 0.1694987 -0.0257018 0.1024224 0.0906173 0.2529409 0.1553497 0.2101330 0.3387376 0.3631914 0.1635305 0.2249116 0.2402042 0.5647692 0.4874600 0.1856556 0.1377609 0.2805178 0.1743941 0.2358262 0.2426460 0.2481355 0.3664948 0.0038216 0.1024730 0.2884303 0.3818233 0.4829687 0.2916365 0.1962200 0.1240830 0.0650979 -0.1125311 0.0034949 0.1371594 0.1368505 0.2475149 0.2847177 0.0631281 -0.2200387 0.1814355 0.2178830 0.1893086 0.3392567 0.2367908 0.3560957 -0.0483686 0.2917635 0.3327281 0.2291316 0.1988040 0.1494215 0.1418734 0.5448671 0.3651390 0.3117884 0.3906444 -0.1318545 0.0325507
0.4967598 0.7436625 0.5935931 0.6331218 0.2698907 0.0000000 0.0935757 -0.2059204 0.8628939 0.8685927 -0.2071098 0.7307379 -0.4302576 0.3196300 0.5665933 0.0069637 0.3298555 -0.3693134 -0.1681622 -0.0733996 0.6819921 0.4013374 0.0633940 0.3187233 0.0587021 -0.5190512 -0.1094024 -0.0708564 0.7742145 -0.2555785 -0.3208015 -0.1949936 0.3303363 0.3662559 -0.2198255 0.7470240 -0.7864392 -0.3886122 0.0410492 -0.1562496 -0.5926685 0.5857936 0.2611246 0.1401941 0.2802556 -0.3939818 -0.6199701 -0.5021600 0.1833860 -0.5907184 -0.0917261 -0.1216538 0.1303515 -0.3291000 -0.4333568 -0.3425988 -0.5877607 -0.0918048 0.0570472 -0.3173432 0.0650644 -0.4663460 -0.2110684 0.2769457 0.1037029 -0.5439774 -0.4852438 -0.4073167 -0.3446152 -0.2981297 -0.4626384 0.5852911 -0.5970613 0.4906506 -0.1382736 -0.4401816 -0.1086065 -0.1839007 -0.5885471 -0.1239711 -0.4891963 0.6494004 0.6762254 0.8200682 0.8227381 0.7258950 0.2405191 0.6194104 0.6235146 0.8805601 0.0371153 -0.0553612 -0.1429840 0.4796895 0.0311760 -0.0881110 0.1321278 -0.0466839 0.3933844 0.7399095 0.5052484 0.3741336 0.4436263 0.7496554 -0.2652970 0.0426829 0.5727635 0.1465881 0.1957162 -0.3063858 0.1882800 0.5021830 0.0528094 -0.4983699 0.2403498 0.0911183 0.0193623 0.5364368 0.2486154 0.7068039 0.5154271 -0.2207707 0.2028387 0.3428663 0.8243015 0.1272663 -0.1478485 0.1556066 0.5075385 0.2506014 0.7812648 0.3905637 0.0313475 0.5317087 -0.3443261 -0.0421930 0.3378525 0.4409828 0.7003775 0.6120713 -0.0334086 0.7968388 0.1220592 0.3147584 0.6209968 0.2634379 0.1637685 0.0395793 0.0629023 0.6940084 0.4797780 0.3059316 0.3069222 0.1617967 -0.0479263 0.3629169 0.1573955 0.2822488 0.0569555 0.2178959 0.0427110 0.6872209 0.4370803 0.0351586 0.3390758 0.3126166 0.2830094 -0.2033660 0.1782831 0.3145969 0.1012570 -0.0241625 0.3543393 0.4864351 0.6231385 0.5508458 0.4204835 0.2765954 0.4955675 0.4145803 0.5566418 0.6958634 0.5192596 0.4715959 0.4585011 0.1873580 0.4760367 0.4110237 0.5329869 0.4505685 0.6697820 -0.3216224 -0.0013912 0.3790750 0.3229919 0.3434348 0.2084358 0.4742382 -0.4582903 0.4362975 0.1500012 0.0588704 0.4425744 0.5545556 0.0847259 -0.2761041 0.1825780 0.0548329 0.4985227 0.1825235 0.3400813 0.0581826 0.1286861 0.3924248 0.0371406 -0.2047614 0.1530664 0.0367093
-0.1839642 0.3497240 0.1057014 -0.2322212 0.0531803 0.0935757 0.0000000 -0.1298911 -0.0057841 -0.1233000 0.0241333 0.5470345 -0.2383780 0.0336098 0.2536219 -0.1252518 0.2484002 0.0283020 -0.2392444 -0.1295714 0.2687683 -0.4193843 0.1945258 0.1750559 -0.3018125 -0.2935524 0.6462807 -0.0862023 0.0538415 0.2360547 -0.1304102 -0.1110232 -0.0685807 -0.0116879 0.3609605 0.1332395 -0.0827920 -0.0017328 0.2623124 -0.2683965 -0.1269957 -0.2091049 0.3216171 0.0157294 -0.1902308 -0.3216965 -0.2030175 0.1283402 -0.1148162 -0.1215995 -0.2281905 0.1217954 0.1034335 -0.1466774 0.1811515 0.0315613 0.0053962 -0.2041608 0.2008258 0.0239318 0.0314875 -0.1052862 0.3549265 -0.2112367 -0.0790214 0.0047083 -0.2269408 -0.1577985 0.4565681 -0.1579737 -0.0950781 -0.0837700 -0.2125817 0.0232685 0.3616788 -0.1777034 0.1920726 0.0763135 -0.3283733 -0.3873183 0.2305508 -0.2423744 0.1063435 0.0497175 0.3685691 -0.2329388 -0.2120529 -0.1403022 -0.1725524 -0.1060772 -0.2069806 -0.3210047 -0.1546160 -0.0870668 -0.2496345 -0.0697652 -0.4205298 -0.4116876 -0.0484162 -0.3114547 -0.2280137 -0.1998644 -0.3930668 -0.1147020 -0.3229582 -0.0287463 -0.2077002 -0.1144663 -0.3031210 0.2329880 -0.2247783 0.1926199 -0.2490547 -0.1816298 0.0092797 -0.2803387 -0.2567916 -0.1220701 -0.2892296 0.1450323 0.0744646 -0.1869253 -0.0473409 -0.1393789 0.1609335 0.3066272 -0.3033166 0.0472162 0.3493760 -0.1569568 0.0886597 0.1255551 -0.2696264 -0.0157034 0.2879717 -0.1724174 -0.0389176 0.3066612 0.1342385 0.3984768 -0.1304973 0.3681189 0.4740671 0.0580077 -0.0679912 0.1100828 0.2015667 -0.0035278 0.1890415 0.2313291 0.2700063 0.1949064 0.3574934 0.0652356 -0.2015677 0.3503347 -0.0546707 0.1672001 -0.0337440 -0.1435170 -0.2154017 0.1921925 0.0747034 -0.1962985 0.0571048 0.0607208 0.4110433 0.3489403 0.0408692 -0.0707235 0.1024877 -0.0083692 0.4788521 0.3070076 0.6332750 0.5657161 0.5077903 0.5988911 0.3661149 0.2839836 0.2752401 0.2797540 -0.0744090 -0.0832922 0.2300020 -0.0821685 0.2572260 0.2550278 0.4357490 0.6175803 0.1564515 0.1779557 0.7927385 0.3042635 0.2773747 0.3504006 0.4096210 0.6473679 0.3686592 0.3892890 0.0801043 -0.0685841 0.1107383 0.5664295 -0.0155444 0.3249748 0.1757968 -0.0158564 0.1652939 0.3078426 0.2014513 0.5096079 0.4620233 0.4234365 0.3118824 0.1065633 0.3491891 -0.0300843
-0.2922845 0.1869405 -0.0001648 0.2507340 0.3774115 -0.2059204 -0.1298911 0.0000000 -0.0233035 -0.1496130 0.4476257 -0.1439888 0.7026311 0.3973282 0.1134287 0.3598291 0.2927723 0.3574448 0.5512865 0.1901025 0.0163281 0.0317276 0.1470830 0.2459568 0.4505328 0.4284645 0.0263232 0.4873817 0.0949464 0.3945410 0.5645267 0.3001652 0.2406829 0.3877591 0.3386981 -0.0496205 0.5371299 0.5725697 0.4202212 -0.1810664 0.6250488 0.0976562 0.2080099 0.1923322 0.4579737 0.6396914 0.4846118 0.4201723 0.0690310 0.3813622 0.5162738 0.5216018 0.4752428 0.1389346 0.3476290 0.4798081 0.4268658 -0.1920267 0.0085504 0.4412111 0.6738295 0.4285182 -0.0637330 0.2482002 0.5793838 0.3172593 0.3646163 0.1737026 0.0798650 0.4467612 0.2310244 0.1197256 0.3532563 0.2736050 0.1268636 0.4068231 0.4948686 0.1654391 0.4479718 0.0561447 0.0151897 -0.0786178 0.0739289 0.0350160 -0.2235676 0.1264830 0.1531100 -0.1836885 0.2230361 -0.1969308 -0.2961319 -0.1576163 0.3221292 -0.3903129 -0.0771094 0.2903125 0.1875796 0.5271763 -0.3415968 -0.0664193 -0.2534563 0.0769471 0.1883671 0.0212405 0.2129318 0.1439878 -0.1361220 0.1084923 0.2707454 0.1231637 -0.0321319 -0.1173813 -0.1503822 0.0297488 -0.5347845 -0.3220146 -0.2587945 -0.5168667 -0.3529368 -0.2888049 -0.2209543 -0.0406667 -0.2030436 -0.1925287 -0.4286452 -0.3130045 0.1314406 -0.1104246 -0.1843836 0.2297264 -0.0197134 -0.1049675 0.0471468 -0.0047777 0.5289372 0.2151572 0.3438967 -0.0584405 0.0820273 -0.4836837 0.2192501 -0.3135758 -0.0673259 -0.0485045 0.2113136 -0.2361115 0.3716193 0.2258542 0.4025209 -0.1408422 -0.3115722 -0.2829309 0.0303107 0.0823338 0.2507709 -0.1339269 -0.0506698 -0.2512572 0.4242518 -0.2817693 -0.0772770 -0.5053117 -0.2733832 -0.0032631 -0.2408389 -0.3372508 -0.1731528 0.2773159 0.1562936 -0.3103150 -0.2300825 0.2354145 0.1799926 -0.3432022 -0.2946281 -0.1935198 -0.1403876 -0.3040153 -0.0979714 -0.1311834 -0.3070247 -0.1204088 -0.1334992 0.0063596 -0.0256586 0.4876307 0.0150686 0.0029078 0.0926591 0.0528466 -0.2865648 0.3172700 -0.0995447 -0.1033031 -0.2481558 -0.1395721 -0.3383164 -0.2474985 -0.1553587 -0.2106288 0.4864160 0.4574708 0.4588134 0.0155936 0.3578172 0.1952078 0.1722159 0.2509201 0.2973506 0.2735501 0.3030068 0.0213061 0.4448975 0.0807785 -0.0008222 0.6561046 -0.4048993 -0.1466333
0.2454036 0.6301654 0.3266550 0.5301555 0.1636976 0.8628939 -0.0057841 -0.0233035 0.0000000 0.8726963 -0.2324370 0.6879571 -0.3094475 0.5274077 0.8165595 -0.0647792 0.5086163 -0.0336734 -0.1442058 -0.2845267 0.7661390 0.2569986 0.0479991 0.5563483 0.1603596 -0.4245361 -0.0690325 0.0377461 0.9377887 0.0083799 -0.3516572 -0.2356272 0.6634059 0.7149729 -0.1963628 0.8020916 -0.7372657 -0.1207063 0.2960645 0.0239533 -0.3307624 0.7143472 0.2595151 0.4604713 0.5047328 -0.3217354 -0.4614175 -0.2393594 0.4637345 -0.4227398 0.0570145 -0.0479943 0.4990111 -0.2399690 -0.2041646 -0.4331940 -0.6236358 -0.0164293 0.1532520 -0.2729792 0.2882652 -0.4732152 -0.4823199 0.5617179 0.4664506 -0.6694250 -0.3107883 -0.4449429 -0.5195269 -0.2118187 -0.3938171 0.7510238 -0.6006728 0.7140407 -0.2413204 -0.3586074 0.0774515 -0.1935461 -0.5569648 -0.2441482 -0.7177171 0.7979556 0.8307904 0.7500410 0.7498508 0.7806254 0.2691073 0.6300388 0.8295018 0.8415846 0.0268445 0.0820639 -0.3315080 0.4456929 0.0375347 0.0210050 0.1892369 -0.1004893 0.3037171 0.8008779 0.4202730 0.4141574 0.4703799 0.7411384 -0.2366039 0.0141256 0.5424738 0.2067499 0.3618848 -0.2910941 0.2814668 0.4788738 0.0560493 -0.5340166 -0.0307207 -0.0532345 -0.1298520 0.4260087 0.1897233 0.7219556 0.5885658 -0.1944996 0.1385788 0.4340965 0.7556106 0.2271470 0.0743591 0.2484622 0.5506422 0.4391431 0.9130684 0.3300540 0.2333679 0.7057121 -0.1006659 0.1564854 0.6361140 0.5594195 0.8586161 0.5195734 0.2289527 0.7633596 -0.1420693 0.6237625 0.8174906 0.3984353 0.4514359 0.2537394 0.0204382 0.7879540 0.4313361 0.3865805 0.4077653 0.3937120 0.2274179 0.4817417 0.1892467 0.3882526 0.1699618 0.0307807 0.1924234 0.6192019 0.4110707 0.0570695 0.4131115 0.4552812 0.3362769 -0.0787052 0.1880764 0.3213249 0.2276792 0.1649401 0.3034609 0.2174606 0.4715870 0.5411472 0.4165048 0.1253294 0.5342120 0.3706145 0.4605837 0.6195641 0.5209350 0.4964832 0.4991605 0.3957561 0.4199664 0.5313078 0.6350409 0.4439679 0.6677887 -0.5028176 -0.1179868 0.3794042 0.3578561 0.3271269 0.0966664 0.4091280 -0.6379655 0.5155291 0.0978649 0.2025603 0.5376806 0.6374589 0.1509725 -0.5281970 0.2811666 0.0071256 0.3649447 0.0529531 0.4318079 -0.0006750 0.1424490 0.3534169 -0.0429645 -0.1297613 -0.0851182 0.0440734
0.4008639 0.6110176 0.4745069 0.5730583 0.0454832 0.8685927 -0.1233000 -0.1496130 0.8726963 0.0000000 -0.0899213 0.5768738 -0.3492580 0.5477468 0.5289522 0.1917531 0.5363552 -0.2266250 0.0461384 0.0088845 0.4819766 0.5745150 0.1095842 0.4804810 0.1833483 -0.4058898 -0.0708416 0.0418814 0.7268893 -0.0677892 -0.2866598 -0.1671158 0.4864488 0.4957627 -0.2805052 0.5903133 -0.7565558 -0.4386599 0.1995299 -0.1200156 -0.5107391 0.5841593 0.2570513 0.2386909 0.3073886 -0.2958170 -0.5288639 -0.5214914 0.3067885 -0.4524523 0.0370070 -0.1294486 0.2248219 -0.2548587 -0.4659163 -0.3424890 -0.6288200 -0.0220784 -0.0482124 -0.3839575 0.0315684 -0.4421902 -0.2619686 0.3261487 0.1693573 -0.6292041 -0.4615232 -0.3910910 -0.4183754 -0.3041309 -0.5611327 0.6252843 -0.5698587 0.4257910 -0.2957428 -0.3973493 -0.2223773 -0.3601816 -0.5767952 -0.2930148 -0.6357254 0.6461466 0.5641716 0.7777408 0.7198119 0.7001298 0.1732043 0.5500953 0.6090262 0.7928664 -0.1010651 -0.0148680 -0.2723848 0.5868449 -0.0825043 -0.1645078 0.1493145 -0.0273392 0.2208783 0.7909852 0.4774860 0.3139055 0.4565840 0.6547395 -0.1766787 -0.1038547 0.5165240 0.0817754 0.2729590 -0.5193697 0.1602386 0.3061253 0.0855348 -0.4391721 0.1784148 0.1611033 0.1397703 0.4631602 0.3585746 0.6034938 0.5108692 -0.0578096 0.1891538 0.4543795 0.7213640 0.0562218 0.0071712 -0.0236739 0.3229915 0.3040285 0.7539562 0.2922154 0.0711331 0.5022945 -0.2602780 0.0719347 0.4245303 0.2731324 0.6816264 0.3715638 0.1730425 0.6596194 -0.1726519 0.4700650 0.6738835 0.3173910 0.1740481 0.0553848 -0.0985491 0.7023628 0.4141439 0.3611094 0.1949917 0.1822972 0.0744884 0.1097005 0.0424215 0.2899467 0.0349228 0.0784158 0.1356614 0.5932399 0.2259496 -0.0281482 0.2926821 0.2162533 0.0186625 -0.3973379 0.0426585 0.2358473 0.0024636 -0.0249032 0.1508999 0.2098269 0.3719489 0.3120779 0.1857423 0.0242945 0.2592143 0.1717713 0.3588082 0.4165370 0.4270138 0.3524796 0.3129549 0.0794505 0.2407200 0.2132574 0.3446577 0.2552985 0.5946458 -0.4209787 -0.1166389 0.2368243 0.2002421 0.1195201 -0.0047659 0.2595743 -0.6645096 0.2392584 0.2187299 0.0765223 0.3396591 0.3895789 0.2815305 -0.4064702 0.1568979 0.2381132 0.4926596 0.0128638 0.2597116 -0.1934983 -0.0826150 0.1168337 -0.2147559 -0.2453809 0.0839352 -0.0388008
-0.4885678 0.1660050 0.0118688 -0.0776622 -0.2385523 -0.2071098 0.0241333 0.4476257 -0.2324370 -0.0899213 0.0000000 -0.3693158 0.5826884 0.1416074 -0.2716297 0.6885068 0.4206282 0.1012099 0.5467762 0.2587179 -0.2633158 0.1461811 0.6939749 -0.0351051 0.0751895 0.6269113 0.3421229 -0.0691829 -0.3208922 -0.0123669 0.1262523 0.0309593 -0.2604120 -0.0034031 0.7244439 -0.0868267 0.4230052 -0.1161956 0.0522078 -0.3167147 -0.1168086 0.0578777 0.3612634 -0.2290298 0.1766839 0.3266233 0.2130129 -0.1820623 0.1281939 0.3195289 0.3603202 0.3022188 0.2897348 0.3505231 0.0648551 0.3557475 0.2816346 0.2543374 0.2706445 0.1762297 0.4738838 0.3635187 0.4310666 -0.0506799 0.1254928 0.2526001 0.1029017 0.5749206 0.1477817 0.5450472 0.1260943 -0.1119587 0.5833464 -0.1877360 0.2717582 0.5895508 0.2269622 0.1783207 0.5428701 -0.0693424 0.4287489 -0.4097322 -0.1127428 0.1043935 -0.0898063 -0.0294857 -0.1235162 -0.3701367 -0.2153010 -0.2329737 -0.5291138 -0.3122641 0.2010957 -0.2307828 -0.5106179 0.1126861 -0.1362876 0.3372625 -0.4310389 -0.3600644 0.0925050 -0.1715627 -0.0965362 0.0431695 -0.0919135 -0.1805983 -0.1503742 -0.1774928 -0.0853306 -0.1930181 -0.3268306 -0.1355539 -0.2161768 -0.0295345 -0.1058142 -0.2506984 -0.2233530 -0.4182246 -0.4815413 -0.2266900 -0.1265704 -0.1592603 -0.2849802 -0.2525655 -0.2843486 -0.1261189 0.0302980 -0.3984605 -0.0646245 -0.0983937 -0.2271602 -0.0418975 -0.3675175 -0.1818699 0.0664506 -0.0772640 -0.1590112 -0.1777723 -0.2982661 -0.3604047 -0.0452413 -0.1543308 0.2706349 -0.1317544 -0.3113845 -0.5683908 -0.3879158 -0.5953689 0.1795203 -0.1164727 -0.1050836 -0.0333251 -0.5414513 -0.5526310 -0.2859821 -0.2254389 -0.0029238 -0.5228277 0.1683819 -0.0708556 -0.3087954 -0.4099677 -0.0913450 -0.0243501 -0.5721439 -0.5195592 -0.5195529 -0.2013668 -0.2237772 -0.7261058 -0.6294140 -0.3967957 -0.1526719 -0.4525841 -0.0561954 -0.0704501 -0.1187397 -0.0093915 -0.1425089 -0.0374979 -0.0749325 -0.0917202 0.2294037 -0.0003622 -0.0139148 0.0716055 0.0595838 -0.1002000 -0.0461849 0.0889237 -0.1376424 0.4712474 0.0870028 0.0380381 -0.1340146 -0.1132563 -0.1372741 -0.1342663 0.2916640 -0.2063947 0.3956700 -0.2154490 -0.0582381 -0.2786073 -0.0543717 0.4621908 -0.1293478 0.0285920 0.1604613 0.1699379 -0.2269956 -0.1940472 -0.0232286 -0.1689704 -0.1292908 0.3284354 -0.0430306 -0.1876583
0.4075299 0.7123094 0.4734767 0.3241777 0.3366738 0.7307379 0.5470345 -0.1439888 0.6879571 0.5768738 -0.3693158 0.0000000 -0.4386002 0.3940893 0.6574652 -0.1781742 0.3919336 -0.2417383 -0.1759603 -0.1929509 0.7758245 0.0088117 -0.1145573 0.4309217 -0.0051233 -0.6158700 0.2135095 0.0370040 0.7381433 0.1661124 -0.2358010 -0.2598675 0.4040470 0.4153697 -0.1367243 0.6470014 -0.6362590 -0.0962018 0.4156173 -0.2010163 -0.3065957 0.1958318 0.2935638 0.2893912 -0.0034570 -0.4532176 -0.5312546 -0.1637115 0.1437054 -0.6355027 -0.1628803 0.0747669 0.1957599 -0.3582379 -0.1440785 -0.2973550 -0.4444857 -0.2632306 0.1014913 -0.0665745 0.0185144 -0.4432719 -0.1219067 0.1677039 0.1026417 -0.4826679 -0.3353228 -0.6180816 -0.1198049 -0.3893487 -0.3079569 0.4068605 -0.6440073 0.5052828 0.1113951 -0.5077983 0.1196324 0.0282032 -0.6975224 -0.3706507 -0.3836451 0.5199798 0.6682799 0.6102478 0.7208581 0.4232606 0.0563773 0.5067604 0.4419426 0.6106113 -0.1606076 -0.3020546 -0.2093706 0.2715657 -0.1046342 -0.0971214 -0.1392814 -0.1608734 0.1855526 0.3429971 0.1030354 0.1977759 0.2030619 0.3967370 -0.2762221 0.1010955 0.2837086 0.2449718 -0.0089491 0.0220521 0.1026840 0.4496857 0.0110650 -0.2509340 0.1528679 -0.0507271 -0.0049211 0.3818366 0.2003758 0.6506546 0.5573458 -0.0544282 -0.0425878 0.3323404 0.6190452 0.0624775 -0.0595645 0.0357862 0.5396777 0.2742379 0.7131073 0.2006192 0.1540304 0.5129302 0.0066905 -0.1296858 0.4838166 0.5899907 0.7687440 0.7150472 0.0246945 0.7980454 0.0482807 0.3516259 0.5929441 0.3239882 0.5289820 0.2225359 0.0215357 0.7022979 0.5663371 0.2286682 0.6681927 0.3253943 0.0883320 0.4515780 -0.0086239 0.4124092 -0.0450828 0.0419588 0.0885952 0.6894319 0.3315705 -0.2174997 0.4657781 0.3165603 0.6034134 0.0416277 0.0795103 0.3604536 0.3169451 0.0933037 0.6195673 0.5104238 0.7015466 0.6914968 0.6267670 0.4427180 0.6103647 0.4353956 0.4724341 0.5910955 0.1191271 0.1139020 0.4516748 0.2011831 0.4994202 0.4995721 0.6804815 0.7058164 0.5758086 -0.2550942 0.4114370 0.4117692 0.3238496 0.3865601 0.1882454 0.7419417 -0.3006261 0.5152928 0.0936490 0.0429836 0.4256081 0.8350835 0.2783142 -0.1232607 0.2401081 0.1615355 0.4027005 0.2522252 0.3944412 0.4050492 0.4351007 0.6440294 0.1386698 -0.0870268 0.1341293 0.1582040
-0.5014640 -0.1718792 -0.2278262 -0.2624215 0.1641130 -0.4302576 -0.2383780 0.7026311 -0.3094475 -0.3492580 0.5826884 -0.4386002 0.0000000 -0.0114243 -0.1545323 0.2622236 0.0325438 0.4551865 0.4571275 -0.0340556 -0.1910191 -0.0284904 0.2162375 -0.0496124 0.2153096 0.6349315 0.1146697 0.1595318 -0.2421444 0.1624554 0.1180501 -0.1190572 -0.0606556 0.0474696 0.4394172 -0.1942413 0.5474989 0.3981652 -0.0633529 -0.2238532 0.3988119 -0.0834721 -0.0923972 -0.1293671 0.1748437 0.4966789 0.4111447 0.3288026 -0.0386132 0.4905457 0.2989947 0.1657727 0.3344147 0.1426608 0.2697524 0.3622867 0.2034234 0.0193988 0.1519058 0.1657586 0.5186119 0.3646320 0.0856794 0.0499030 0.3089300 0.1389463 0.4198631 0.3550130 -0.0303805 0.5979466 0.1744167 -0.1594889 0.6127682 0.0131448 0.0683642 0.6901616 0.2905797 0.1693416 0.6713330 0.1681367 0.2672846 -0.2515244 -0.1550390 -0.2718734 -0.4923034 -0.2753503 0.0061262 -0.3795003 -0.1796534 -0.3953337 -0.3760249 -0.2291272 0.1394658 -0.4374679 -0.1630798 0.1677738 0.1537933 0.3798517 -0.2802962 -0.3096592 -0.2652627 -0.2188912 -0.1510828 -0.2649456 0.1790831 0.0380919 -0.4390833 -0.1466266 0.0620036 0.0507027 -0.1517787 -0.3843951 -0.3564739 -0.0024581 -0.5594292 -0.5220034 -0.4340545 -0.6387719 -0.5899186 -0.4221244 -0.4017349 -0.3302933 -0.3316802 -0.3423481 -0.4832352 -0.2732225 -0.0300963 -0.1392548 -0.1309244 -0.1394245 -0.3288203 -0.1507326 -0.1407624 -0.2890539 0.3466147 0.0585571 -0.1113934 -0.0762319 -0.3067259 -0.4101343 -0.0156277 -0.4418911 -0.0543437 -0.2926672 -0.2938396 -0.5371366 -0.1296545 -0.2836444 0.2357747 -0.5175200 -0.3907949 -0.3360241 -0.4160601 -0.2206102 -0.0048405 -0.2084042 -0.0387841 -0.6351549 0.1916625 -0.2636991 -0.1887109 -0.7400904 -0.1572846 -0.0655969 -0.5600647 -0.3955582 -0.3612619 0.2270408 -0.2217775 -0.7194335 -0.5607064 -0.1860700 -0.0869715 -0.4586853 -0.4526816 -0.2688510 -0.1449682 -0.2429905 -0.1102852 -0.0554791 -0.2587216 -0.2094957 -0.1468630 -0.3465940 -0.3251842 0.3673943 -0.0227058 -0.0268087 -0.1729972 -0.2241999 -0.4079096 0.2730567 -0.1716797 -0.1020062 -0.2898346 -0.1926612 -0.2862962 -0.3452614 0.1644772 -0.2199104 0.2740530 0.1322608 0.0602980 -0.2195652 0.1174028 0.3012357 -0.1992927 -0.0031444 -0.0864787 0.2055067 -0.2025105 0.0417388 0.1694467 -0.0749065 -0.0325752 0.6134610 -0.0597598 0.2572690
0.0222403 0.4246683 0.0948298 0.3878186 0.0272067 0.3196300 0.0336098 0.3973282 0.5274077 0.5477468 0.1416074 0.3940893 -0.0114243 0.0000000 0.4260826 0.1690856 0.8339810 0.2302828 0.3379730 0.1093153 0.2367418 0.3043081 0.0363160 0.6784487 0.4258763 -0.2523722 0.2880351 0.6062804 0.5419193 0.6065720 0.0889165 0.0068003 0.6372051 0.7372127 -0.0401980 0.1827145 -0.2042425 0.1657688 0.8295148 0.0475919 0.0905589 0.3043871 0.4145431 0.4913185 0.4348283 0.1209470 -0.0651016 -0.0014058 0.3976967 0.0474763 0.4042744 0.4531860 0.5581778 -0.0629385 0.0479126 0.0532342 -0.0993455 -0.2573550 0.0878716 0.1762863 0.3263189 -0.0189982 -0.3246710 0.3661576 0.5683362 -0.2043068 -0.1299895 -0.3701343 -0.0699610 -0.1379579 -0.2060504 0.4782233 -0.3803766 0.3914149 -0.1083764 -0.2157654 0.0868797 -0.1861328 -0.3872582 -0.3882960 -0.5009074 0.2010207 0.4050554 0.5078662 0.2412443 0.3953475 0.0729169 0.1577762 0.3901932 0.2203659 -0.4318213 -0.1378497 -0.2313108 0.1297830 -0.2385050 0.1344823 -0.0702236 0.1084509 -0.2435849 0.3314342 0.0500383 0.0334897 0.2417908 0.3176571 -0.0976798 0.0469558 0.0554780 0.1007652 0.2593524 -0.2483333 0.1427844 0.0370207 -0.0143685 -0.0414820 -0.1196245 -0.0447986 0.1221053 -0.0410744 0.1660009 0.1469202 0.3498916 0.2429813 -0.2311870 0.1861028 0.0150833 -0.1459742 0.2612691 -0.2725187 -0.0559869 0.3851302 0.4436510 -0.2313288 0.1177580 0.3209853 0.2067742 0.0594472 0.6034489 0.0436356 0.5401392 -0.1187626 0.2860200 0.3114537 -0.3820498 0.3725144 0.5858743 0.1772838 0.6234453 0.3021429 0.1831184 0.5167811 0.1737791 0.1202669 0.4718959 0.1790843 0.2781884 -0.0613251 -0.3643032 0.3033321 0.0471905 -0.3711919 0.0120628 0.1477527 -0.2324231 -0.4246226 0.0953891 -0.1861744 -0.0605723 -0.0988004 -0.1302982 -0.0740582 0.0190553 0.1045476 0.2645148 -0.1142030 -0.0163942 0.0193538 -0.0141047 -0.2934028 -0.0492436 -0.1868666 -0.1989511 -0.0650730 0.0287519 0.1805915 0.2155199 0.1445159 -0.0387424 -0.0356166 0.1906619 0.2396399 0.0989163 -0.1354307 -0.0133298 -0.0534245 -0.1464987 -0.1783928 -0.3286714 -0.0304602 -0.6435058 -0.0768561 0.1297256 0.2036347 0.3590144 0.2949558 0.4242907 -0.2715526 0.1449372 0.3330487 0.3165122 -0.1279033 0.3455819 -0.2453055 0.0163627 -0.0317257 -0.3836336 0.0787887 -0.1421119 -0.1719551
-0.1264872 0.3804664 0.0564297 0.2003459 0.2127974 0.5665933 0.2536219 0.1134287 0.8165595 0.5289522 -0.2716297 0.6574652 -0.1545323 0.4260826 0.0000000 -0.3307762 0.3578495 0.3571489 -0.3486744 -0.5128022 0.7729827 -0.2376102 -0.0876528 0.7298513 -0.1049159 -0.3822718 0.0819796 0.1222346 0.8493642 0.2095649 -0.2940280 -0.3728193 0.6462733 0.7233855 -0.0973699 0.7313451 -0.5836220 0.2684757 0.3789653 0.0692678 0.0003255 0.6378824 0.0762060 0.4681069 0.5559003 -0.2908015 -0.3023366 0.1596279 0.3745696 -0.2890868 0.0237718 -0.0877044 0.6336687 -0.2684853 0.0114502 -0.4243961 -0.5631702 -0.1067872 0.2104320 -0.2215209 0.3632856 -0.4548924 -0.5544697 0.5002293 0.5888935 -0.6294138 -0.2426167 -0.4431708 -0.3340325 -0.1389760 -0.3566675 0.5361562 -0.5883732 0.6379196 -0.1923893 -0.2724180 0.1979811 -0.1904692 -0.5059900 -0.1650096 -0.5501474 0.6845569 0.7335617 0.4181376 0.6231805 0.4137330 0.3192018 0.2939697 0.6623396 0.5032366 0.1009581 0.0106696 -0.2934023 0.0988291 -0.0258056 0.0197718 0.1199692 -0.3131947 0.1348297 0.5494384 0.0657999 0.1296298 0.0694428 0.5387826 -0.2096068 -0.0812809 0.1741003 0.0116531 0.4082020 -0.0253343 0.2146186 0.5310151 -0.2532689 -0.6218694 -0.3934489 -0.4524700 -0.5067855 0.0360733 -0.1908931 0.6793005 0.5363223 -0.3987286 0.1314599 0.1583064 0.5819528 0.5214189 -0.0890372 0.3617237 0.6696721 0.2272420 0.7531760 0.2994399 0.1348861 0.6005083 0.3444912 0.1572640 0.6034778 0.7237633 0.7898843 0.5618610 0.2456889 0.6291126 -0.0397669 0.6892157 0.6771797 0.3895887 0.6180410 0.3263926 0.1944390 0.5728643 0.2270478 0.4459130 0.3986757 0.4227494 0.2216806 0.6546017 0.2376416 0.2814203 0.2091594 -0.1418707 0.0567557 0.3506594 0.4016857 0.1338001 0.2549101 0.4506930 0.4731280 0.2229047 0.3046452 0.1535200 0.2545653 0.2877450 0.3559194 0.1516504 0.4749208 0.6431311 0.5971817 0.3221687 0.6694707 0.5255998 0.4905369 0.6068881 0.3524355 0.3459655 0.3988922 0.5086750 0.4343211 0.6326374 0.6653935 0.4335630 0.6453621 -0.3442287 0.1589295 0.5130293 0.5617225 0.5217831 0.2745139 0.5019211 -0.3619032 0.7269837 -0.0006829 0.3480721 0.6622370 0.8203983 0.0375021 -0.3914219 0.4410908 -0.1419580 0.1990197 0.2385454 0.5328159 0.3341312 0.3675855 0.5340950 0.2313338 0.1321724 -0.0216288 -0.0152533
0.0823419 0.4015220 0.2193522 0.2447963 -0.1528430 0.0069637 -0.1252518 0.3598291 -0.0647792 0.1917531 0.6885068 -0.1781742 0.2622236 0.1690856 -0.3307762 0.0000000 0.4128477 -0.2380110 0.8036375 0.5881340 -0.2081420 0.5975808 0.6308103 -0.0812968 0.4956647 0.4975611 0.0657386 -0.0697784 -0.1520053 -0.0260451 0.3726201 0.4641944 -0.0504856 0.0013106 0.4332349 -0.1073963 0.3051639 -0.3412318 0.1241078 -0.2671053 -0.1421215 -0.0347088 0.5209587 -0.0647680 -0.0763132 0.4747131 0.2475622 -0.3362770 0.0937771 0.0732042 0.4288441 0.1979117 -0.0042046 0.3212967 -0.0300974 0.5226845 0.3727246 0.1936341 -0.2906628 0.2056541 0.1787582 0.3995400 0.4159236 0.0505619 -0.0915150 0.3586525 0.1591616 0.3943850 0.1183849 0.3656399 0.1139796 0.1674222 0.4699711 -0.0213916 0.3363394 0.2787995 0.1536299 0.1123418 0.3930285 -0.2962097 0.1117648 -0.1249819 -0.1346024 0.2655051 0.0236764 0.2752581 -0.3861453 0.1353146 0.0227834 0.0929544 -0.4742466 -0.3015564 0.1400071 0.2945309 -0.2028646 -0.1663136 -0.2246348 0.5368844 -0.1979611 -0.0693387 0.0910697 0.2092327 0.4527265 0.0264080 -0.1840509 -0.1386645 0.2645472 0.2555754 -0.2537941 -0.4423930 -0.3544335 -0.2828478 0.3389929 0.1870392 0.2090842 0.3542445 0.3316431 0.0178156 0.1369476 -0.2049379 -0.1267692 0.2887379 -0.0777767 0.3213467 -0.1048967 -0.3465293 0.2062720 -0.5468896 -0.3119130 0.2992389 -0.0507555 -0.0632551 -0.0644983 -0.0100857 -0.1078585 -0.0509051 0.0496758 -0.3787363 -0.1001757 -0.3796890 0.1226051 -0.0993492 -0.0431484 -0.1056651 0.0129099 -0.2476349 -0.2726206 -0.1995206 -0.1828868 0.0913945 0.1732443 -0.0394217 -0.3186221 -0.2005729 0.0534926 -0.3532712 -0.1113915 -0.2426686 0.0753508 0.1039125 0.1595162 -0.0238526 -0.1915115 -0.0427789 -0.0661238 -0.3197113 -0.4210307 -0.5115589 -0.2174373 -0.1743689 -0.3638407 -0.2971424 0.0545889 -0.2745615 -0.0931542 -0.2817307 -0.3958733 -0.1933693 -0.3211606 -0.3165701 -0.2009921 -0.1731227 0.0502166 0.0186820 0.0423787 -0.0901083 -0.1531049 -0.2872822 -0.0022907 0.0767894 -0.1078648 0.2180352 0.0423445 -0.2501505 -0.3173575 -0.3640305 -0.2525044 -0.0874385 -0.1161545 -0.4262287 0.6783944 -0.1280892 -0.1644086 -0.3088532 0.2756821 0.2407929 -0.1798532 0.2908529 0.5234577 0.0423572 -0.1658317 -0.1810010 0.0721329 -0.2497371 -0.2582843 -0.0693766 -0.2399369 -0.2438571
-0.1666388 0.6058150 0.1138026 0.2695074 -0.1924168 0.3298555 0.2484002 0.2927723 0.5086163 0.5363552 0.4206282 0.3919336 0.0325438 0.8339810 0.3578495 0.4128477 0.0000000 0.1152268 0.4028247 0.0458342 0.2844704 0.2907954 0.5022592 0.4916610 0.3917527 -0.0472517 0.5576201 0.2349052 0.4620679 0.4866025 -0.0858573 0.0222194 0.5226975 0.6778807 0.3438601 0.2876910 -0.1630761 -0.0769222 0.6972703 -0.0894011 -0.1729755 0.2960093 0.6484638 0.4435900 0.3256549 -0.0258839 -0.1134352 -0.1327202 0.5018703 0.0436652 0.3416051 0.4361560 0.6388774 0.0758168 0.1333444 0.0300841 -0.1104812 -0.0035376 0.2675704 0.0935971 0.4619272 -0.0048476 0.0271035 0.3714342 0.5033545 -0.2201715 -0.0968186 -0.1425093 -0.0749172 0.0334127 -0.1507179 0.5330684 -0.1711748 0.4366398 0.0820221 -0.0369976 0.2595381 -0.0323525 -0.2207506 -0.5838846 -0.3421908 0.1096978 0.4599631 0.5899309 0.3876482 0.4244710 -0.1704672 0.2041935 0.3760340 0.2789531 -0.6209428 -0.2110095 -0.3692218 0.2629429 -0.3883931 0.0995452 -0.2137253 0.0390674 -0.2238921 0.1922457 0.1578237 0.1163641 0.2534574 0.2906669 -0.2937416 -0.0546964 0.1471877 0.1409451 0.0339566 -0.3474876 -0.0403840 0.0000529 0.0547770 -0.1329357 -0.0371876 -0.0537265 0.0222203 0.0052555 0.0429085 0.1660171 0.3296623 0.1126251 -0.2665304 0.2863302 0.1324042 -0.0933594 0.2613564 -0.2552426 0.1005049 0.4387974 0.4819984 -0.0836887 0.0153017 0.3535982 0.1308685 0.1155758 0.5268884 0.1188547 0.4968955 -0.0328604 0.3257561 0.4596040 -0.1549746 0.4107243 0.4681584 0.1257338 0.3900999 0.0627186 0.0509491 0.6538479 0.3666879 0.2279524 0.3321504 0.1535696 0.1849707 0.0631280 -0.2004526 0.2387209 0.1240866 -0.2776209 0.0383107 0.2481450 -0.1006467 -0.3518725 0.0929977 -0.0690793 -0.0612096 -0.1036781 -0.2224377 -0.1769801 -0.0819814 -0.0473622 0.2456833 -0.2094578 0.2056762 0.2242415 0.0874739 -0.1151293 0.0677429 -0.1087995 -0.0655261 0.0509268 0.2416159 0.2208267 0.3556790 0.1615387 0.0935140 0.1343119 0.4130251 0.5024892 0.1499188 -0.0991485 0.1153285 0.0435726 -0.1039111 -0.1205205 -0.2589696 0.1964234 -0.4254938 0.0060001 0.3156187 0.0245145 0.2074074 0.2893065 0.3383688 -0.1253051 0.0772538 0.2538816 0.3807722 -0.0598651 0.1965199 -0.2312890 0.0683469 -0.0019015 -0.3660256 0.0207100 -0.0807930 -0.0713552
