0.0000000 0.4020495 0.0992953 0.5181459 -0.1469319 0.4655976 0.2671883 0.6295966 0.4284149 0.2916163 0.6404046 0.1394127 0.4042191 0.5883310 0.3129742 0.6447424 0.1680397 0.3050318 0.5067708 0.1520273 0.3139131 0.1568103 0.6346707 0.3248287 0.3352232 0.7354211 0.3095019 0.4949218 0.3655763 0.5171341 0.0948243 0.0069414 0.4388731 0.4063884 0.6162465 0.4060582 0.5687605 0.2299972 0.6029268 0.5716114 0.0303277 0.6011749 0.6030326 0.5503795 0.3698523 0.6154848 0.6150983 -0.2653754 0.5557449 0.4569518 0.7240547 0.6696581 0.1547224 0.6800759 -0.2330852 0.5013710 0.5575631 0.6420843 0.0885834 0.7606633 0.2502370 0.7690667 -0.1535867 0.4785574 0.1969580 0.1144280 0.7362066 0.8034890 0.5090467 0.6146240 0.6124555 0.0824664 0.7786964 0.4071813 0.1880200 0.4698219 0.2349022 0.5086018 0.4470186 0.2765079 0.5017996 0.3603509 0.4973448 0.3020659 0.3465932 0.3999118 0.2737121 -0.0673008 0.3259295 0.0213091 0.5253942 -0.1587927 0.0852405 0.1788173 0.3491891 0.3738165 -0.0485732 0.3468816 -0.0356023 -0.0165682 0.0939739 0.4730805 0.5043813 0.2175968 0.4143404 0.0644748 0.4570648 0.5752221 0.3968733 0.6048700 0.2288031 0.4691751 0.5946392 0.3710024 0.1639058 0.2798239 0.1842543 0.2234531 0.0759517 0.2900263 0.2804210 0.3578519 0.5696198 0.0288267 0.4977042 0.2318973 0.4379692 0.4243884 -0.0593221 0.5018855 0.2874189 -0.2731420 -0.1697946 0.2693616 -0.2171720 0.2752004 0.0305852 0.0873507 -0.0618288 0.0446139 -0.0306688 0.0741584 0.0952094 0.0988335 0.0694390 0.5785256 0.0214118 0.0849257 -0.2405504 0.0944642 0.1541814 0.0967679 0.2053006 0.3887942 0.3605055 0.0293013 0.2018773 0.1350500 0.0853042 0.4025234 0.3427020 0.2173224 -0.2182444 0.2582041 0.2841820 0.0054652 -0.0536620 0.1071872 0.0117694 0.0160616 -0.2104652 -0.1479159 -0.2616337 0.4141911 0.4523821 0.3377095 0.3632370 0.3249632 0.3350616 0.5009035 0.1847448 0.5137875 0.5460601 0.2583873 -0.1611990 0.2354547 -0.1139656 -0.0210859 0.3476911 0.3175440 0.3127532 0.0674899 0.2919701 0.1559182 0.1893180 0.1712192 0.4010531 0.4556246 0.4079918 0.2488857 0.3823327 -0.3792664 0.3595351 0.2926088 -0.0398025 0.4792088 0.1481099 0.0053544 0.0834517 0.0775200 0.4637855 0.2787138 0.1010548 0.1913332 0.2526935 0.1530121 -0.3937414 -0.4967451
0.4020495 0.0000000 0.4805075 0.8374411 -0.2334258 0.8958227 0.8583201 0.6956928 0.8711927 0.4371340 0.4723164 0.8765911 0.1911244 0.6202806 0.8496933 0.5140617 0.1502528 0.7258913 0.5652567 0.0185002 0.9040851 0.3678190 0.3357548 0.5695599 0.5235805 0.6133378 0.4139220 0.5263738 0.8670396 0.5988641 -0.0103612 0.1680461 0.3379540 0.7358547 0.5609546 0.9237799 0.6946965 0.1849793 0.2963271 0.3307016 -0.1975711 0.7373207 0.4751511 0.3083515 0.7219065 0.2928859 0.6144545 -0.1069381 0.5710155 0.1610905 0.6216020 0.2876675 0.7345859 0.4720914 -0.2087912 0.1833867 0.6079410 0.5766109 0.0629701 0.6217122 0.8164522 0.3647513 0.2390690 0.8992022 0.7871485 0.0639001 0.5313600 0.2672626 0.6050291 0.8484910 0.5032849 0.8323243 0.6075815 0.9153864 0.6228415 0.9125884 0.9049931 0.5599083 0.8594113 0.8122762 0.3077882 0.2560347 0.1280684 0.3053899 0.4985829 0.4402484 0.5271141 -0.5037903 0.4969188 0.2530335 0.5770442 0.4147886 0.3226592 -0.2556276 0.4034897 0.5075207 0.0572382 0.3094822 0.2970987 -0.2612566 0.0568499 0.4888487 0.2319498 0.0983146 0.5311713 0.2340348 0.4146424 0.3373892 0.5696745 0.2243763 0.4886667 0.6739817 0.6489366 0.3964991 0.3777431 0.5721897 0.3495446 0.3550765 0.3314620 0.7472681 0.4488578 0.3964681 0.5355136 0.3467262 0.5468192 0.8140964 0.5265441 0.5462401 0.5452071 0.6819360 0.5663941 0.2656850 0.3193603 0.7153778 0.1820338 0.6261269 0.3418495 0.5780805 0.3033022 0.4595952 0.3490812 0.4466326 -0.1224532 0.5948121 0.5391093 0.6150813 0.2257298 0.1491337 -0.1060292 0.2977208 0.3408941 0.5912575 0.4587768 0.3245315 0.0649316 0.1700979 0.3325729 0.4032511 0.1967338 0.4556268 -0.0183840 0.3542430 -0.1502105 0.4281504 0.2838272 0.4701392 0.2423284 0.4055588 0.3460138 -0.0339393 -0.0091056 0.5460884 -0.1801911 0.6552739 0.6876564 0.8108018 0.8732961 0.2512166 0.8941675 0.8282446 -0.1934029 0.7256712 0.4158615 0.0315215 -0.1624556 0.5931843 0.1642392 0.0898750 0.7609213 0.8611201 0.7787183 0.7142519 0.5298060 0.7858797 0.8655979 0.8096228 0.9342615 0.8026851 0.2744744 0.7926764 0.6819137 -0.1361192 0.8695821 0.8970321 -0.2203894 0.3446435 0.7327615 0.4286783 0.4543544 0.3649284 0.8059752 0.7363685 -0.1652983 0.6540712 0.7504436 0.1881211 -0.2087804 -0.4234522
0.0992953 0.4805075 0.0000000 0.3264662 0.5993573 0.4834215 0.3654839 0.4458459 0.3449203 0.4002717 0.2686041 0.3966287 0.6564313 0.1053395 0.3064348 0.1553426 0.0034488 0.0496374 0.2783758 0.4175405 0.3711337 0.5277790 0.0878773 0.0914076 0.4845675 0.2732889 0.0746722 0.1330384 0.3444192 0.1857411 0.4681699 0.5044506 0.0473884 0.1812047 0.3549676 0.3932527 0.3280600 0.5913902 0.1455805 0.0993117 0.2185582 0.5251741 0.3105257 0.0186173 0.2872354 0.3402715 0.3964489 0.5047773 0.0736675 0.4556840 0.2517918 0.1943762 0.0967754 0.2706963 0.5717041 0.3586168 0.1917130 0.1537506 0.6293402 0.2312837 0.5507837 0.2448253 0.7158287 0.2869048 0.3289758 0.0949015 0.0150495 0.1208636 0.2575812 0.1986451 0.0319959 0.1848077 0.0678484 0.5077877 0.0515936 0.2052814 0.2973553 -0.1200253 0.3499764 0.2793454 0.5367411 0.1617031 -0.0900741 -0.2131369 0.1752025 0.0916203 0.6298538 -0.5486511 0.2429191 0.1392312 0.2516236 0.2051273 0.2363231 -0.5430369 0.3304339 0.4224732 0.0104355 0.1035235 -0.0751696 -0.5129213 -0.2627217 0.1549531 0.0485563 -0.2242624 0.1603761 0.2159645 0.0802636 -0.1326002 0.1542066 -0.0379522 0.1834603 0.1564348 0.0412123 0.0996312 -0.1387934 0.0121671 0.0616377 -0.2985836 -0.1050151 0.0189482 -0.1189518 0.0054519 0.1356823 -0.3588671 -0.1438437 0.3916092 -0.0001115 0.1536470 0.0827817 0.0109796 -0.1117584 0.1012575 -0.0894752 0.3759138 0.5178430 0.2697885 -0.1144757 0.2026639 -0.1704234 0.4753226 -0.0201782 0.3231466 0.1187626 0.3889250 0.0351023 0.0912271 -0.1659234 -0.1665668 0.2121634 0.3009862 0.6393631 0.3902958 0.0300754 -0.1248946 -0.1866960 0.1460945 0.2930622 -0.0480382 0.4928437 0.6073836 -0.1845162 0.1584561 -0.0908151 0.4734785 -0.1291363 0.2745134 -0.0897186 0.3812757 0.2850119 -0.1080071 -0.1782418 0.3857521 0.2867723 0.4419222 0.3380631 0.3998305 0.3833902 0.1161131 0.4402083 0.5066751 -0.2468596 0.1499158 0.0916462 -0.3688960 0.4816895 0.5195364 0.6398765 0.5615543 0.4511213 0.3983920 0.1541036 0.3219413 0.5174608 0.3284289 0.4107505 0.5738615 0.4516953 0.3653106 0.1373188 0.3668484 0.5949969 0.2606228 0.2998573 0.2848461 0.1091664 0.4927043 0.2255362 0.2444120 0.6468313 0.5556898 0.2824591 0.4409081 0.3953170 0.4445083 0.4026532 0.4868864 -0.0378603 -0.2484988
0.5181459 0.8374411 0.3264662 0.0000000 -0.4425683 0.8880913 0.5861391 0.9044729 0.8970951 0.5695077 0.7523729 0.6897573 0.3169102 0.7934908 0.8229973 0.7822396 0.4784613 0.6521593 0.7831660 -0.0356465 0.7569928 0.2536575 0.6841664 0.5220457 0.5587265 0.8065443 0.4337694 0.6006267 0.9017314 0.6685634 -0.1389154 -0.0041723 0.4783157 0.8117563 0.7060294 0.7953283 0.7491251 0.2244097 0.5149834 0.5599847 -0.3468748 0.7933663 0.6753572 0.4883045 0.8326325 0.4613899 0.7122336 -0.2523523 0.6575213 0.2898932 0.7872641 0.5219156 0.7325467 0.5822595 -0.3343467 0.3064922 0.7526199 0.6579433 -0.1926897 0.7975902 0.6200123 0.6811472 0.1949456 0.8712859 0.6528262 0.2225680 0.7558573 0.5975973 0.7077458 0.9278418 0.6914868 0.7295804 0.7630382 0.7481119 0.5255849 0.8320740 0.7199444 0.6738434 0.7435417 0.5598914 0.4250539 0.4442981 0.3511196 0.4955205 0.6444174 0.4699421 0.4683613 -0.3740209 0.5216986 0.2602982 0.6255280 0.3335643 0.3792249 -0.1394945 0.3819053 0.5274388 0.2215122 0.4385743 0.2303215 -0.2902871 0.1910711 0.6264755 0.3621263 0.2762464 0.6843339 0.1488141 0.5548287 0.5244314 0.5308289 0.2896202 0.5494816 0.7061882 0.6340261 0.3792571 0.1621316 0.5129865 0.3336072 0.4295365 0.3502533 0.6444410 0.4780150 0.4585335 0.7017643 0.3747505 0.7080001 0.7100407 0.5956786 0.6555983 0.3125363 0.8022163 0.6693557 0.3264425 0.2907859 0.5489783 0.2039022 0.5634631 0.3044423 0.4008345 0.2937943 0.2090271 0.3754517 0.2483636 -0.0355397 0.3997544 0.4169202 0.6006628 0.2335992 0.1839130 -0.2681316 0.1960514 0.1537871 0.3763087 0.4727864 0.3952662 0.3285426 0.1460249 0.2217992 0.4113819 0.0962531 0.4175559 0.1590037 0.4333731 -0.1090340 0.3300105 0.4397666 0.3527218 0.2330709 0.3215898 0.1891533 0.0287422 0.0812458 0.4994890 -0.4844176 0.4813724 0.4602446 0.5381132 0.6533846 0.0479799 0.6912953 0.6339970 -0.1709290 0.6513098 0.3496739 0.1390776 -0.3847351 0.3450064 -0.1300769 -0.1741753 0.4773137 0.6176089 0.7067879 0.4077607 0.3003702 0.6765258 0.7111151 0.6373393 0.8086524 0.6471379 -0.0187692 0.6732845 0.5665472 -0.3231136 0.7248280 0.7306037 -0.2672601 0.4049136 0.5500226 0.4443270 0.2975693 0.1180127 0.7746608 0.5264437 -0.1415993 0.3679506 0.5037387 0.1458530 -0.1442347 -0.5156481
-0.1469319 -0.2334258 0.5993573 -0.4425683 0.0000000 -0.2585936 -0.0736785 -0.1966819 -0.4198475 -0.1954703 -0.2468934 -0.1669950 0.4509988 -0.4467184 -0.4156532 -0.4032959 -0.3564377 -0.4394134 -0.3021171 0.3223853 -0.1936280 0.1511891 -0.3459551 -0.3390764 -0.0517922 -0.2617105 -0.2006258 -0.2949014 -0.3413553 -0.2984391 0.4774088 0.3764248 -0.2908851 -0.4149336 -0.1801746 -0.1970677 -0.2282076 0.3777964 -0.0536744 -0.1271721 0.4868302 -0.0309317 -0.0938381 -0.1008904 -0.3276518 0.1260400 -0.1691671 0.6046639 -0.3887879 0.2076760 -0.2956235 0.0221700 -0.4819654 -0.0292324 0.7470274 0.3564325 -0.3475137 -0.1998762 0.7799681 -0.3057332 0.0646231 -0.1951114 0.4138813 -0.3896981 -0.1166614 -0.0379110 -0.4595652 -0.2179038 -0.1464496 -0.5356509 -0.4084137 -0.4538281 -0.5209318 -0.0626294 -0.4163347 -0.4509811 -0.2720661 -0.5885021 -0.1903811 -0.1435992 0.2640728 -0.2323588 -0.1526571 -0.3414873 -0.1750963 -0.0751127 0.0661768 -0.0778543 -0.0629671 0.0405871 -0.1372864 -0.1110147 -0.0002116 -0.1817893 0.0461491 0.0014824 0.0218168 -0.0993394 -0.1360038 -0.0456947 -0.0906836 -0.2699008 -0.1479832 -0.3258761 -0.2317076 0.0917508 -0.3453924 -0.4260622 -0.0723608 -0.1374578 -0.2108405 -0.3248926 -0.3825071 -0.1731476 -0.1494895 -0.4668597 -0.3364303 -0.6653114 -0.5269650 -0.5747405 -0.5936660 -0.4433753 -0.4097726 -0.5934088 -0.5219790 -0.2865604 -0.5408001 -0.3619294 -0.1765882 -0.5978600 -0.6234902 -0.3175883 -0.3844573 -0.0874321 0.2859435 -0.1077331 -0.2798964 -0.1323668 -0.3859201 0.2272324 -0.3105806 0.0874905 0.2270345 0.0734818 -0.2877638 -0.2357403 -0.2952876 -0.1255776 0.4414420 0.2615193 0.4887475 0.0543692 -0.3423484 -0.3634891 -0.2019110 0.1748399 0.1634172 -0.3219714 0.4449347 0.2499451 -0.0656879 -0.1605060 0.2278411 0.1741410 -0.4146429 0.0214309 -0.1853711 0.1082732 0.0611526 -0.1844056 -0.4092628 -0.1472959 0.5658798 0.0513144 0.0672232 0.0225482 -0.0796994 0.2037332 -0.0757855 0.0782210 0.1384454 -0.2156806 -0.0182904 -0.2307833 0.8599681 0.3681419 0.7577921 0.8156419 0.1245575 -0.0386537 -0.4932179 0.0349499 0.3269198 -0.2714496 -0.2297532 -0.0604772 -0.2743257 -0.1474506 0.2941210 -0.3183674 0.0395496 0.4043242 -0.2384766 -0.3268467 0.3935547 0.1815333 -0.2800331 -0.1406142 0.2020326 0.3380498 -0.2432155 -0.1207713 0.6193760 0.0160118 -0.0777827 0.2022888 -0.0687367 0.1445612
0.4655976 0.8958227 0.4834215 0.8880913 -0.2585936 0.0000000 0.7183154 0.7615729 0.8673846 0.6066966 0.5640718 0.7576870 0.3261180 0.5889734 0.7516411 0.6090263 0.3545768 0.5722656 0.6901926 0.1272378 0.8442289 0.4094286 0.4729085 0.3985171 0.5986250 0.7073802 0.4190218 0.3926504 0.8070108 0.6488655 0.0534917 0.1619812 0.1819211 0.6490855 0.6421012 0.8710705 0.7038341 0.2910887 0.3514137 0.3868668 -0.2297496 0.7633308 0.5262656 0.2633525 0.7390819 0.4030252 0.6553074 -0.0827978 0.4009277 0.3136462 0.6962956 0.3671037 0.6243458 0.4977391 -0.1720250 0.2768344 0.6195803 0.5007531 0.0471838 0.6774780 0.7862242 0.5286201 0.2264144 0.7883078 0.6831176 0.1451484 0.6339150 0.4197561 0.6062659 0.8266634 0.6111312 0.7412380 0.6483449 0.8068004 0.5305869 0.8360719 0.7955931 0.6412330 0.8033175 0.7284013 0.5412287 0.4619859 0.1854798 0.3122068 0.5370521 0.3325973 0.5587485 -0.4088700 0.4050890 0.1510030 0.5104142 0.3103131 0.2635376 -0.1132728 0.2797719 0.4609001 0.0772476 0.2302951 0.2096393 -0.3316247 0.1721515 0.4483708 0.2071235 0.1891704 0.5187738 0.1910290 0.3764740 0.3941563 0.4752163 0.2064300 0.4527069 0.6351101 0.6107690 0.3196154 0.0577528 0.5111113 0.2922933 0.2814118 0.2691167 0.7024557 0.4441598 0.3990750 0.6371124 0.4405539 0.5549246 0.7859627 0.5609445 0.5880216 0.3868401 0.6772504 0.5108572 0.3285278 0.1989332 0.6825945 0.2044437 0.6176327 0.2562726 0.4397975 0.2081908 0.3830086 0.3440524 0.3638389 0.1096417 0.5636457 0.4265421 0.6239119 0.1177846 0.0543938 -0.0612556 0.2813179 0.3556231 0.5497709 0.4241756 0.3963871 0.2000975 0.2872163 0.4242794 0.3366955 0.3313842 0.5535163 0.0595843 0.4471409 -0.0403967 0.4825760 0.3116728 0.4631366 0.3465570 0.4448193 0.3013708 0.0475815 -0.0113899 0.5654461 -0.2709830 0.5350521 0.5036810 0.6363374 0.7464204 0.0676346 0.7986534 0.6782361 -0.2734405 0.6557549 0.4064364 0.0882363 -0.1253784 0.5100709 0.1658180 0.0853451 0.6124420 0.7123076 0.7642046 0.5809651 0.3813445 0.7501859 0.8134137 0.7504249 0.8461101 0.6480432 0.0755361 0.7608984 0.7018228 -0.1140721 0.7908026 0.7866916 -0.2642675 0.3977304 0.6029735 0.5545684 0.5043405 0.3376176 0.7920331 0.6823902 -0.1821096 0.5236695 0.6685586 0.3139125 -0.2065151 -0.4510280
0.2671883 0.8583201 0.3654839 0.5861391 -0.0736785 0.7183154 0.0000000 0.4346082 0.6933694 0.1460060 0.1665464 0.8578819 0.0054690 0.3909406 0.7098646 0.2295513 -0.0750516 0.6723844 0.2201401 -0.2329625 0.8590416 0.1720307 0.0678329 0.4916567 0.2311091 0.3620705 0.3472314 0.3813688 0.6744019 0.4538622 -0.0905200 0.1514837 0.1743413 0.5511249 0.3300807 0.8489839 0.5231037 0.0229231 0.1622367 0.2089028 -0.0898264 0.5725560 0.3126730 0.2806198 0.5403301 0.1148997 0.2974369 -0.0416618 0.3561242 0.0218252 0.4121904 0.2082469 0.6276185 0.3303437 -0.2721122 0.1464262 0.3786088 0.4165988 0.1157355 0.4547304 0.7466710 0.0564594 0.0262500 0.7493604 0.8085674 -0.0755023 0.3706588 -0.0368970 0.4706207 0.5901116 0.2894090 0.7532123 0.3413827 0.8794018 0.3789452 0.7798888 0.8693704 0.3672441 0.7915763 0.8573769 0.0998085 -0.1133217 0.0266533 0.3215819 0.3218317 0.5560590 0.4124055 -0.5146653 0.4919628 0.2568610 0.5896764 0.5650877 0.5067053 -0.2174246 0.4582166 0.5589441 0.2723623 0.4278013 0.5083646 -0.1384850 0.1892288 0.5176358 0.3178545 -0.1417220 0.5225325 0.4608049 0.4137902 0.4026609 0.6682720 0.3853355 0.5662123 0.6338351 0.6432791 0.5551887 0.5671742 0.5730859 0.3424811 0.3558851 0.3319205 0.6007736 0.3671703 0.3405903 0.3029447 0.3961514 0.4448539 0.6508514 0.3944136 0.3442873 0.5006254 0.5226827 0.3572553 -0.0037117 0.1538264 0.6117299 0.0306585 0.5283260 0.2469989 0.5177297 0.1927841 0.3448118 0.2159962 0.3415580 -0.1866299 0.4974561 0.4588563 0.5736879 0.1851804 0.1458583 -0.0190578 0.2258584 0.2578772 0.4664444 0.3681473 0.2628751 0.1174090 0.1083499 0.2435289 0.3459149 0.1433476 0.2249374 0.1801419 0.1744021 -0.1118432 0.1659092 0.2797666 0.3214983 0.1905658 0.3338578 0.2003341 -0.1113593 -0.0706710 0.4385072 0.0154613 0.7702932 0.8686570 0.9550037 0.9672711 0.5713981 0.8981902 0.8773213 0.0794650 0.8095412 0.5765332 0.2719235 0.0232330 0.7088050 0.2871348 0.3390809 0.9230528 0.9213139 0.5929071 0.8008033 0.6494288 0.6390156 0.7388266 0.7338309 0.8007117 0.8292696 0.5098996 0.6182220 0.4840539 -0.1302247 0.8946493 0.8490707 -0.1050700 0.1436115 0.6827936 0.3119867 0.2284826 0.2542243 0.7815744 0.6621568 -0.1841821 0.5499220 0.6998495 -0.0589956 -0.4699255 -0.4424853
0.6295966 0.6956928 0.4458459 0.9044729 -0.1966819 0.7615729 0.4346082 0.0000000 0.7720829 0.5735593 0.8531611 0.4854749 0.6182812 0.7528193 0.6724068 0.8298007 0.5665805 0.4442595 0.8399324 0.1191434 0.5937765 0.3467334 0.7138873 0.4101921 0.6311005 0.8474345 0.5138520 0.5283619 0.8278198 0.7256419 0.0084354 0.0965576 0.4830986 0.7177499 0.6798258 0.6591060 0.7667403 0.4511766 0.6083554 0.6447422 -0.1804488 0.8507770 0.7473369 0.5607067 0.7490758 0.6352125 0.6913430 -0.0915190 0.6167209 0.5094008 0.7417572 0.6693522 0.5348001 0.6976986 -0.1284615 0.5154418 0.7650772 0.7243308 -0.0562941 0.7869338 0.4946362 0.7788724 0.3282740 0.7321836 0.4911390 0.2955532 0.6472562 0.7901249 0.6712380 0.8134914 0.6340253 0.4656220 0.7698989 0.6248275 0.2957927 0.6750682 0.5102920 0.5433321 0.6661443 0.4103280 0.5390555 0.4276883 0.4693836 0.4771561 0.5616468 0.4986192 0.5051384 -0.3154342 0.5408722 0.2761770 0.6220993 0.1576121 0.4017939 -0.1175526 0.4368025 0.6041470 0.2003365 0.4670279 0.1371743 -0.2472004 0.1642688 0.6277402 0.4244865 0.3176019 0.7247444 0.1503693 0.5130114 0.5047670 0.5248466 0.3402691 0.5065446 0.6194351 0.4949383 0.3604717 0.0947843 0.3185860 0.2548477 0.2027104 0.1783934 0.4187403 0.3541740 0.4415138 0.6026994 0.1491227 0.6340751 0.5364474 0.5627978 0.5858619 0.1385010 0.7187943 0.5482617 0.1649100 0.1809104 0.4207216 0.2420361 0.4664550 0.2054026 0.2578929 0.1737387 0.1366637 0.2535611 0.1562103 -0.0407364 0.2759642 0.2388490 0.5480817 0.1469237 0.2152108 -0.3116340 0.2227775 0.2346545 0.2392288 0.3601022 0.2880434 0.4306829 0.1245351 0.1280854 0.3169251 0.0376300 0.4928605 0.2825005 0.3510020 -0.1082562 0.2772229 0.3780707 0.2037280 0.0357157 0.1946594 0.0307949 -0.0823529 -0.0738143 0.3170889 -0.5185630 0.4950214 0.4400059 0.4146852 0.5089030 0.1387264 0.5460535 0.6072504 0.0193503 0.5675769 0.3448084 0.1249364 -0.2769508 0.3025393 -0.1129548 -0.0830374 0.3862646 0.4870389 0.4607937 0.2433132 0.4055679 0.4333416 0.5263196 0.4926384 0.6484858 0.5788731 0.1082898 0.4687788 0.5109296 -0.3845451 0.5108852 0.5157564 0.0389026 0.6212780 0.3551749 0.3795454 0.2526179 0.0180259 0.5729698 0.4043916 0.1838119 0.2625857 0.4080225 0.1077496 -0.2007967 -0.5641572
0.4284149 0.8711927 0.3449203 0.8970951 -0.4198475 0.8673846 0.6933694 0.7720829 0.0000000 0.6375928 0.5214934 0.7627227 0.1743057 0.7699005 0.9310069 0.6012220 0.3126804 0.7805056 0.6091031 -0.0403822 0.7854292 0.2158221 0.4382681 0.6155999 0.4512047 0.6084109 0.4901646 0.6422573 0.8772857 0.7652731 -0.2333225 -0.0225934 0.4062899 0.7579464 0.4776559 0.8054144 0.5788855 0.0915687 0.2214373 0.2975747 -0.4700256 0.6883171 0.3986686 0.3035990 0.7535740 0.2062000 0.5399755 -0.2853801 0.5810862 0.1462149 0.5758903 0.2717958 0.7402098 0.3866122 -0.3575482 0.0442433 0.5343341 0.5082307 -0.1161780 0.6018390 0.6666185 0.4721005 0.1153457 0.8613802 0.7016875 -0.0882548 0.5926966 0.3916667 0.4525995 0.8540502 0.4721495 0.7879964 0.7100684 0.8031952 0.4670000 0.8606942 0.7795649 0.5429239 0.7959428 0.6909961 0.3255353 0.4352431 0.2637545 0.4367039 0.4571376 0.4018479 0.4656917 -0.4146404 0.3617655 0.1775184 0.5073068 0.4030839 0.3293893 -0.3237917 0.2463138 0.4760469 0.0909311 0.3554515 0.1415108 -0.3849192 0.0422873 0.5897508 0.2898321 0.1054200 0.6508762 0.1151006 0.4753419 0.4787123 0.4900064 0.2577681 0.5092312 0.6846399 0.6896011 0.3599494 0.2785719 0.5428034 0.3207448 0.5418966 0.3573001 0.7453237 0.4704348 0.4457331 0.5878147 0.3793261 0.6519166 0.7890158 0.5860833 0.5786789 0.4326152 0.7816787 0.6952640 0.3057510 0.3887594 0.6832431 0.3333766 0.5662452 0.4469155 0.5670296 0.4456725 0.3347858 0.4385554 0.3985875 -0.1635527 0.5011979 0.5791666 0.6513207 0.3928573 0.2739794 -0.2384682 0.2781546 0.2217552 0.5231129 0.6099632 0.3679159 0.2584648 0.1963915 0.1440481 0.5546733 0.0132030 0.3981292 0.1900629 0.4366475 -0.2877273 0.2388185 0.5068287 0.4356839 0.2072714 0.2412519 0.0688136 -0.0156124 0.2303387 0.4926236 -0.4394884 0.5761061 0.5408982 0.6201438 0.7045905 0.1454772 0.7245689 0.6657572 -0.1742685 0.6452973 0.3578001 0.0984912 -0.3694419 0.4145036 -0.0765408 -0.1319824 0.5284968 0.6675546 0.8036802 0.5008452 0.3358521 0.7031741 0.7756280 0.7245096 0.8470236 0.6215474 0.1403045 0.7522494 0.5753728 -0.1116998 0.8187636 0.8105142 -0.3473043 0.2944542 0.7112391 0.3801184 0.2949036 0.2084551 0.7638919 0.6556893 -0.1315994 0.5027375 0.6938360 0.0828072 -0.1125632 -0.4295848
0.2916163 0.4371340 0.4002717 0.5695077 -0.1954703 0.6066966 0.1460060 0.5735593 0.6375928 0.0000000 0.5991224 0.2441221 0.5127841 0.5900715 0.4270133 0.6187522 0.5718702 0.2284866 0.6660880 0.5513751 0.3226950 0.5035113 0.5215321 0.0071757 0.6486132 0.6307841 0.4384274 0.2554491 0.4039419 0.6663652 0.1480983 0.2888798 -0.0477607 0.1475521 0.5533940 0.3683677 0.5426485 0.4999408 0.3059800 0.3217238 -0.2853281 0.4909608 0.3987479 0.0756426 0.2278349 0.3739897 0.6415189 0.0697667 0.1175536 0.5630252 0.5147510 0.2998225 0.0459470 0.3510299 0.2333713 0.1797061 0.4842244 0.2004485 0.2410160 0.4584961 0.3177692 0.5974013 0.4021158 0.2910842 0.0534795 0.1699609 0.3668664 0.5038616 0.2397883 0.4676828 0.4581128 0.2213598 0.5811828 0.2901455 0.3299385 0.3287715 0.2140842 0.2801339 0.3306003 0.2214273 0.5349066 0.7243810 0.1958272 0.2175020 0.3935162 -0.0314800 0.3537387 -0.1029430 0.0161698 -0.0806155 0.1416137 0.0278356 0.0780227 -0.2236503 -0.1117860 0.2284517 -0.2417012 0.0859780 -0.3441931 -0.5665320 -0.1520215 0.2685588 0.0791977 0.0004681 0.4307715 -0.0956427 0.2342305 0.2188310 0.1617017 -0.0026817 0.0958066 0.3996765 0.2541415 0.0975470 -0.2080878 0.2693344 0.2474157 0.2214996 0.2379297 0.4754329 0.3784017 0.3600244 0.5631361 0.2530510 0.2476552 0.6234364 0.4415975 0.4713832 0.2442639 0.4170457 0.4277071 0.4378631 0.3495762 0.6235264 0.4925086 0.3974676 0.3182761 0.3776553 0.2959934 0.4006747 0.3813000 0.3404572 0.0789943 0.5429746 0.4052749 0.3072397 0.1816467 0.0038990 -0.1643621 0.3352974 0.4778001 0.5584137 0.4260296 0.1569659 0.1202446 0.3534729 0.3174076 0.3525246 0.1249090 0.6978513 0.0528110 0.5014961 -0.1642964 0.4812586 0.3487072 0.5173720 0.2390464 0.0696938 0.0322666 0.2124736 0.2591473 0.2603283 -0.4195011 0.3178460 0.1018881 0.1469807 0.1883879 -0.2709334 0.2663851 0.2368148 -0.5120492 0.2177628 0.2463205 -0.1629991 -0.1068310 0.0905785 0.0303658 -0.2435108 0.0433884 0.1874551 0.5374882 0.0713719 0.1654542 0.4408353 0.5229082 0.5151586 0.5116177 0.2231810 -0.1483456 0.6245785 0.6454296 0.3394619 0.2874346 0.3792078 -0.2150190 0.5804971 0.5083326 0.4025158 0.4877522 0.3913351 0.3181445 0.5543963 0.0835864 0.4612866 0.4848450 0.5003005 0.0576495 -0.0848216
0.6404046 0.4723164 0.2686041 0.7523729 -0.2468934 0.5640718 0.1665464 0.8531611 0.5214934 0.5991224 0.0000000 0.2271661 0.6336602 0.7439353 0.4129178 0.9567247 0.6656475 0.2690170 0.8550132 0.3150101 0.3458012 0.3740259 0.9268610 0.2058621 0.6464341 0.9303522 0.3864548 0.4180479 0.5755067 0.4952690 0.2102564 0.2160183 0.3804586 0.4667038 0.8573195 0.4410001 0.8457860 0.5249192 0.8318041 0.8282085 -0.0285676 0.7727150 0.8851374 0.5938244 0.4881006 0.7923731 0.8402426 -0.0518486 0.5340967 0.6417344 0.8515242 0.8102826 0.2211260 0.8010790 0.0290030 0.6622808 0.8799275 0.6990315 0.0168301 0.8515072 0.2617233 0.8971724 0.3632379 0.5199868 0.1394016 0.5459330 0.6676175 0.8755213 0.7676394 0.7110223 0.7624900 0.2040755 0.7484252 0.3625945 0.3684211 0.4487767 0.2484637 0.5255329 0.3938456 0.1319487 0.4853013 0.4542693 0.4402229 0.4437218 0.6977921 0.3891596 0.3384102 -0.1061466 0.4794460 0.1863227 0.5942993 0.0689095 0.3635211 0.0769495 0.4106657 0.5034427 0.1605108 0.5177697 0.0934411 -0.1769670 0.1647127 0.5722018 0.4113828 0.3380104 0.6405406 0.1082267 0.5489023 0.5012917 0.4551196 0.3838854 0.3832900 0.5611541 0.3604491 0.3569835 0.0493800 0.3084650 0.3298996 0.2302838 0.2764791 0.2895396 0.4139371 0.4676413 0.7136124 0.1660284 0.5603365 0.3812363 0.5186120 0.6191832 0.0561407 0.6221800 0.5448759 0.2283555 0.2421039 0.3393437 0.1480903 0.3925076 0.2079243 0.1981762 0.1648624 0.0955495 0.2110895 0.1125308 0.1276071 0.2128700 0.2146401 0.3949946 0.1370260 0.1369811 -0.2493178 0.1754254 0.2295908 0.1578583 0.3615294 0.2821436 0.3496377 0.0907044 0.2703289 0.2674287 0.0959668 0.5473692 0.1933842 0.4524174 0.0198599 0.4317416 0.4213521 0.1856449 0.1019870 0.1539982 0.1438707 0.1933187 -0.0447137 0.1376241 -0.4738584 0.3251322 0.2681675 0.2286858 0.2798452 0.0135999 0.2965672 0.4175562 -0.0632500 0.4367695 0.3765854 0.0826605 -0.2329995 0.0683269 -0.1860498 -0.2677467 0.2070821 0.2881956 0.3163630 0.0317008 0.3440154 0.3170173 0.3445261 0.3249489 0.5113745 0.4994213 -0.0377000 0.3733014 0.5304700 -0.2810133 0.2371592 0.3089015 0.0321464 0.6413028 0.2359113 0.3351707 0.2793564 0.0980759 0.3727008 0.2783384 0.1128413 0.1731552 0.1972662 0.3239467 -0.0935285 -0.3389786
0.1394127 0.8765911 0.3966287 0.6897573 -0.1669950 0.7576870 0.8578819 0.4854749 0.7627227 0.2441221 0.2271661 0.0000000 -0.0094385 0.4291739 0.8432494 0.2793264 0.0153983 0.7028433 0.3390993 -0.1436977 0.9529629 0.1694472 0.1273036 0.4675157 0.3498856 0.3610146 0.3512601 0.3941390 0.8111135 0.4162290 -0.1504457 0.0685266 0.1636074 0.6238012 0.3245680 0.9003964 0.4335298 0.0200188 0.0581637 0.0831174 -0.2719539 0.6177348 0.3006959 0.1468371 0.7561953 0.0825767 0.3710196 -0.0666869 0.4023252 -0.0781173 0.3898804 0.1145068 0.7822227 0.1667758 -0.2191315 0.0677603 0.3636923 0.3050073 0.0558648 0.3976948 0.9067968 0.1162911 0.1144353 0.8454585 0.9289798 -0.1250481 0.3621160 -0.0460815 0.4493696 0.7040218 0.3227206 0.9339403 0.3072029 0.9438958 0.6278075 0.8586340 0.9653091 0.4333639 0.8391692 0.8531908 0.2315513 0.0647395 0.0275217 0.3345469 0.4675842 0.3927731 0.3056238 -0.5049581 0.3837790 0.2276314 0.3617298 0.4526474 0.3222296 -0.3901631 0.2844738 0.3218009 0.1588014 0.2661324 0.3461195 -0.3298726 0.1338460 0.3482480 0.0899183 -0.0718671 0.4171531 0.1210728 0.2648540 0.1687361 0.4515642 0.0669049 0.3691270 0.5321912 0.5757475 0.2879030 0.4288387 0.4621233 0.2055253 0.3707789 0.2646644 0.6750548 0.2285637 0.1676339 0.2270784 0.3433523 0.4799932 0.7989643 0.2414931 0.2519343 0.6968895 0.4965987 0.4940986 0.2336212 0.3527900 0.6783044 0.3302120 0.4770481 0.4053221 0.7076644 0.3629119 0.5328387 0.2475802 0.5660493 -0.2517156 0.6323677 0.6229642 0.4486133 0.2549329 0.1819487 -0.0700523 0.3740270 0.3135443 0.6377456 0.4505084 0.0831882 -0.0861106 0.2185017 0.2657162 0.3917021 0.1568728 0.2913582 -0.1476372 0.3083107 -0.0271862 0.2859378 0.1809814 0.5217384 0.2032240 0.2693384 0.1701708 -0.1930626 -0.1439693 0.3931114 -0.0225649 0.6196308 0.6126891 0.8080115 0.8876345 0.1638221 0.9219466 0.7864132 -0.2095297 0.6217537 0.2479621 -0.0824005 -0.1224044 0.7310373 0.2522606 0.1567835 0.7524073 0.9138488 0.7256749 0.8677097 0.4158014 0.8881612 0.8894114 0.8738218 0.8759200 0.6774948 0.2109799 0.7725851 0.4918435 -0.0203230 0.8596560 0.8750904 -0.2891286 0.0979197 0.7931563 0.3196993 0.2924246 0.3630085 0.7681722 0.6247839 -0.1185956 0.6584068 0.7204203 0.0690433 -0.0633496 -0.2446760
0.4042191 0.1911244 0.6564313 0.3169102 0.4509988 0.3261180 0.0054690 0.6182812 0.1743057 0.5127841 0.6336602 -0.0094385 0.0000000 0.2472733 0.0130919 0.4961276 0.5042535 -0.2466273 0.6272337 0.6572880 0.1374602 0.6536928 0.4143025 -0.2604653 0.6892632 0.5799503 0.3920459 -0.0489339 0.2070667 0.4054409 0.5554680 0.5445979 -0.0760682 -0.0252626 0.4959423 0.2014301 0.5263517 0.8926487 0.5167222 0.4872067 0.3508940 0.5926537 0.5746198 0.2214588 0.1582947 0.6884321 0.5084772 0.5624346 -0.0170307 0.8360737 0.4222458 0.5485683 -0.2303180 0.5005508 0.6246801 0.6872814 0.4618601 0.2900623 0.5393701 0.4251894 0.2358389 0.5748645 0.5666341 0.0475904 -0.0535923 0.5021763 0.1597867 0.6203583 0.3370169 0.1707913 0.3527105 -0.1831055 0.3214507 0.1676927 -0.0086931 0.0293525 -0.0374293 0.0454211 0.1949878 0.0114624 0.6656341 0.3018837 0.2127839 0.0286522 0.2378747 0.1057338 0.4482681 -0.2189828 0.2411509 0.0059170 0.2611542 -0.1552092 0.2496716 -0.0918911 0.2507023 0.4332689 -0.0658777 0.1741037 -0.1602280 -0.3042215 -0.0696895 0.1710712 0.1274392 0.0024010 0.3457203 0.0965452 0.0960532 0.0708377 0.2070549 0.1076132 0.0342794 0.1457275 -0.0970096 0.0929101 -0.2763726 -0.1412728 0.0582071 -0.3645005 -0.1519488 -0.1073677 -0.0377829 0.1242951 0.2274225 -0.2932579 -0.0374299 0.2114565 0.1521057 0.2402763 -0.0582005 0.0755524 -0.0463428 0.0389081 -0.1293223 0.2222861 0.3369133 0.2092494 -0.1089519 0.0137043 -0.2058801 0.2397630 -0.0148743 0.0793972 0.1806632 0.2574586 -0.0783078 0.1176052 -0.2184681 -0.0895453 -0.0975676 0.2695334 0.5960823 0.1910316 -0.0131564 -0.1015685 0.1644016 0.1371332 0.2457160 -0.0161247 0.2680152 0.7173569 0.1179765 0.2254636 0.0488959 0.4573038 0.0174248 0.1079598 -0.1586322 0.0041404 0.0494365 -0.0384215 -0.3256142 0.0046415 -0.1721970 0.2973427 0.1116871 0.0528010 0.0755759 -0.0095438 0.1659339 0.3161025 -0.0665764 0.1204041 0.1809545 -0.2004963 0.3165151 0.2610620 0.3364697 0.2593343 0.1158810 0.1363684 -0.0770309 0.0012810 0.4309506 0.0376199 0.1877387 0.2489046 0.1841878 0.2180630 0.1463692 0.1329184 0.4592435 0.0297521 -0.0301211 -0.0076010 0.4593650 0.7673380 -0.0140005 0.2921914 0.4253342 0.2673738 0.0622441 0.2383218 0.5778483 0.1673801 0.1942492 0.4295106 -0.1569782 -0.2097794
0.5883310 0.6202806 0.1053395 0.7934908 -0.4467184 0.5889734 0.3909406 0.7528193 0.7699005 0.5900715 0.7439353 0.4291739 0.2472733 0.0000000 0.6404761 0.7697827 0.3116827 0.7354955 0.6412557 0.0242092 0.4565013 0.0151824 0.7505592 0.5516378 0.2839522 0.7587151 0.2895888 0.8152607 0.6657985 0.6228190 -0.2652903 -0.2202223 0.5358082 0.6503057 0.6175708 0.5071527 0.6516199 0.0417196 0.6157648 0.6753453 -0.5165964 0.5588211 0.5652154 0.6797562 0.5525555 0.5376527 0.6985638 -0.4461675 0.7027889 0.3224907 0.7038550 0.5765333 0.4686073 0.6025042 -0.3274098 0.3445486 0.6601298 0.6112936 -0.1007198 0.6872816 0.3070675 0.7170398 0.0638267 0.6764893 0.3477264 0.0334189 0.6257370 0.6333950 0.5718841 0.7702945 0.5247921 0.4480287 0.7842126 0.5459267 0.3625156 0.6333307 0.4446732 0.4057865 0.4686998 0.3039637 0.1888353 0.4739291 0.4876638 0.5255608 0.5706782 0.3985807 0.0957589 -0.0956888 0.2760833 0.0919019 0.5570565 0.1834396 0.2960130 -0.0530929 0.1736264 0.3596440 0.1668330 0.4858002 -0.0318336 -0.2285230 0.0776431 0.6177647 0.3779448 0.1841113 0.7799212 -0.0291834 0.5344976 0.5201877 0.4964490 0.3692276 0.4343225 0.6468675 0.5811577 0.3040210 0.3010103 0.4106521 0.2673471 0.5832051 0.3049821 0.5221389 0.4097835 0.4011735 0.7480010 0.2274592 0.6908884 0.4813653 0.5297471 0.7131166 0.1776167 0.7192841 0.7155238 0.2996142 0.5101424 0.5186882 0.2166330 0.5650667 0.5318704 0.3757083 0.5103188 0.0934751 0.4818046 0.1996001 -0.0042938 0.3461308 0.5362480 0.6348581 0.5356284 0.4183282 -0.1901266 0.2612874 0.1255692 0.3685306 0.5896029 0.5255582 0.3579714 0.2829804 0.2992727 0.5922500 -0.0262511 0.3459408 0.3074039 0.5039442 -0.1504074 0.2804439 0.6014412 0.4434270 0.3198617 0.2669926 0.0694749 0.2572519 0.3333023 0.2906087 -0.4474811 0.4093581 0.4511864 0.4164985 0.4279348 0.1366725 0.3905799 0.4876469 -0.0213075 0.5231757 0.4123829 0.1814257 -0.3374657 0.1201945 -0.2868820 -0.3334406 0.2918903 0.4154298 0.6266916 0.2223904 0.3403874 0.4854284 0.4615389 0.3863657 0.6492724 0.5423182 0.0402566 0.4860910 0.4278760 -0.1412050 0.5609371 0.5161578 -0.3116992 0.2866538 0.4759207 0.0498659 0.0054473 0.0932695 0.5695048 0.3319478 -0.0941006 0.2211044 0.2786299 0.0257520 -0.1226694 -0.3799515
0.3129742 0.8496933 0.3064348 0.8229973 -0.4156532 0.7516411 0.7098646 0.6724068 0.9310069 0.4270133 0.4129178 0.8432494 0.0130919 0.6404761 0.0000000 0.5090138 0.1933402 0.8032261 0.4759655 -0.1830422 0.8094879 0.1405156 0.3241622 0.7033461 0.3839936 0.4580758 0.4533760 0.6197121 0.8939218 0.6060806 -0.2501263 -0.0181083 0.4858464 0.7963646 0.3716399 0.8121612 0.4671250 -0.0167321 0.0795563 0.1355489 -0.4025045 0.6751593 0.3411513 0.2039887 0.7911846 0.0415548 0.4196131 -0.2991669 0.6353910 -0.0644472 0.4673644 0.1607146 0.8435871 0.2582391 -0.4131587 -0.0767764 0.4558186 0.4743611 -0.1949315 0.5264941 0.6988164 0.3140868 0.0938930 0.9179781 0.7966692 -0.1478009 0.5255619 0.2357352 0.4222657 0.8423210 0.4024702 0.8675988 0.5929456 0.8409496 0.5195187 0.8814244 0.8404139 0.5443124 0.8328892 0.7298110 0.2189139 0.2170005 0.1464782 0.4018402 0.4370196 0.4363701 0.4597200 -0.5101014 0.4158265 0.2528744 0.4824290 0.4954466 0.3685584 -0.4626951 0.3557172 0.4692091 0.1210136 0.4128850 0.2678829 -0.3552725 -0.0006554 0.5880942 0.2780232 0.0624396 0.5449814 0.1258396 0.4921703 0.4169870 0.4577494 0.2396075 0.5247060 0.6451982 0.7036700 0.4048130 0.4472620 0.5733444 0.3520057 0.5800170 0.4162786 0.7173025 0.4254734 0.4213717 0.4181445 0.3148140 0.6369519 0.7634475 0.4837804 0.4237972 0.5300602 0.7550135 0.7131237 0.2352161 0.3977363 0.6152144 0.3457757 0.4471339 0.4375487 0.6606789 0.4636019 0.3851551 0.3335975 0.4906880 -0.3424117 0.4266557 0.5905197 0.5430581 0.4041141 0.2963643 -0.2812583 0.2577164 0.1467918 0.4498300 0.6168643 0.2034495 0.1407233 0.0203624 -0.0302319 0.5234123 -0.0995495 0.2571989 0.0657898 0.3578880 -0.3429149 0.1224232 0.4469300 0.3240331 0.0399320 0.1272444 0.0195925 -0.1430483 0.1329443 0.3836853 -0.3531424 0.5837982 0.5512141 0.6575259 0.7409594 0.1910109 0.7554271 0.6930209 -0.1413424 0.6121323 0.2519391 0.0045441 -0.4598758 0.4544063 -0.1112567 -0.1483112 0.5815768 0.7192838 0.7477569 0.5611648 0.3153090 0.7163129 0.7630595 0.7557084 0.8509242 0.6434579 0.1930080 0.7369728 0.4989561 -0.1850030 0.7991881 0.8378349 -0.3618697 0.1860101 0.7470693 0.3308564 0.2533999 0.1718282 0.7225108 0.6254086 -0.1307392 0.5355204 0.7024570 0.0149981 -0.0123942 -0.3632100
0.6447424 0.5140617 0.1553426 0.7822396 -0.4032959 0.6090263 0.2295513 0.8298007 0.6012220 0.6187522 0.9567247 0.2793264 0.4961276 0.7697827 0.5090138 0.0000000 0.6520570 0.4001468 0.8807921 0.2591347 0.4029293 0.3664186 0.8992985 0.3140228 0.6293614 0.9047353 0.4610815 0.4331164 0.5950542 0.5675077 0.1831697 0.1483141 0.3612080 0.5002665 0.8085692 0.4936978 0.8256938 0.4101921 0.7315899 0.7459850 -0.1079238 0.7592196 0.7975414 0.4990256 0.4979133 0.6810540 0.7800201 -0.2006747 0.5087541 0.5298176 0.8323732 0.7027181 0.2806716 0.7156711 -0.1220978 0.5200728 0.8529294 0.6550215 -0.0896008 0.8445061 0.2826043 0.8353157 0.2343012 0.5563769 0.1612524 0.4624523 0.7076372 0.8398631 0.7094002 0.7705186 0.8268222 0.2918171 0.8523344 0.3948803 0.4043306 0.5580984 0.3310093 0.6811889 0.5059873 0.2706643 0.4689288 0.3982060 0.3208591 0.4254771 0.6509348 0.3160525 0.3498115 -0.1466538 0.3771810 0.0623087 0.5920274 0.1394056 0.3798571 0.1055199 0.3362352 0.5088507 0.0835966 0.5430032 0.1110628 -0.1709864 0.1279637 0.6137954 0.3616979 0.3318781 0.6749036 0.0821515 0.5825029 0.5647564 0.4758159 0.4113320 0.4529804 0.6313245 0.5031708 0.4339738 0.1436205 0.4751358 0.4536147 0.3781543 0.4197284 0.4470062 0.5420080 0.6184981 0.7742282 0.2851286 0.6326896 0.4397187 0.6408446 0.7056225 0.1372216 0.7679254 0.6912966 0.3022166 0.3439352 0.4515212 0.1500626 0.4980657 0.3278096 0.3039594 0.3214480 0.1481107 0.3627391 0.2213164 0.0918171 0.2497181 0.3390441 0.5347560 0.2787760 0.2559130 -0.2593777 0.2475076 0.2302446 0.1940023 0.5241408 0.3900367 0.4451951 0.0768425 0.2505421 0.4270513 -0.0099234 0.5220680 0.2668120 0.5656384 -0.0714095 0.3896917 0.5625945 0.1956886 0.1706561 0.0872173 0.0850430 0.2788370 0.0574685 0.1167043 -0.5705938 0.3589068 0.2875268 0.2658860 0.3244768 0.0406252 0.3320495 0.4112310 -0.0924089 0.4688331 0.4149483 0.1265163 -0.3768585 0.0233108 -0.3139591 -0.3782249 0.2464651 0.3272880 0.4488948 0.1035547 0.3674326 0.3557280 0.3974731 0.3539627 0.5790430 0.5543466 0.0293312 0.4439302 0.5828835 -0.3121683 0.3316478 0.4337634 -0.1032304 0.5565889 0.3524295 0.3897741 0.2364860 0.0422772 0.4159225 0.3899621 -0.0790782 0.1697931 0.2720816 0.2896857 -0.1524192 -0.3431485
0.1680397 0.1502528 0.0034488 0.4784613 -0.3564377 0.3545768 -0.0750516 0.5665805 0.3126804 0.5718702 0.6656475 0.0153983 0.5042535 0.3116827 0.1933402 0.6520570 0.0000000 -0.1304413 0.7240386 0.2824319 0.1698522 0.4632589 0.5358350 -0.2550342 0.6795171 0.5843063 0.6476326 -0.1822115 0.3804979 0.5291155 0.1375787 0.3389329 -0.0995273 0.1342037 0.4378654 0.1993526 0.5362031 0.5973869 0.4093039 0.4734035 0.0662187 0.4465990 0.5381694 0.1094921 0.2805972 0.3326412 0.3590834 0.2237567 0.0207312 0.5014089 0.4124823 0.4250885 0.0771947 0.3987195 0.0949713 0.2708593 0.5780568 0.3286652 -0.2118342 0.4468710 0.0625293 0.5070607 0.2187076 0.1605243 -0.0495672 0.6141863 0.3336071 0.5967430 0.3286735 0.3679488 0.5577114 0.1118316 0.4145327 -0.0279706 0.2500609 0.1730211 0.0688399 0.4457114 0.1967741 0.0116762 0.3273875 0.3820180 0.2504473 0.4215963 0.3794855 0.1486505 0.2586562 0.0807961 0.3020924 0.1311748 0.1623342 0.0026737 0.2401463 0.1921553 0.1121982 0.2898559 0.0687033 0.1704969 0.1532217 -0.0470079 0.2896288 0.2185588 0.1108254 0.3426995 0.3499064 0.0343617 0.1815286 0.2939933 0.1595179 0.0199672 0.0974723 0.2112639 -0.0678722 0.1016468 -0.2571454 0.0440299 0.1429703 -0.0069717 0.1573503 0.1596359 0.3266595 0.3128172 0.2906292 0.3975134 0.2941194 0.2854888 0.3823571 0.2454257 0.1140582 0.3707222 0.3460030 0.2308868 0.1612665 0.1113832 0.1211554 0.0652083 0.0653555 0.0469014 0.0763647 -0.0327231 0.1236456 -0.0743887 -0.0106195 0.0906724 0.0285998 0.0213752 -0.0976404 -0.0431741 -0.4080932 -0.0142288 0.0459112 -0.0027213 0.1384475 -0.0818229 0.3053852 -0.0120282 -0.0639253 0.1008196 -0.1390584 0.3252818 0.1552173 0.2058931 0.1591531 0.1338463 0.2453733 -0.0071291 -0.0168153 -0.2329664 -0.0740654 -0.0463087 -0.0749701 0.0681896 -0.7228371 0.0226631 -0.1485508 -0.1501482 -0.0152494 -0.2779498 0.0765233 0.0111590 -0.1035678 0.1675493 0.0582569 0.0909540 -0.3584022 -0.1306090 -0.2717760 -0.4049051 -0.1336548 0.0283656 0.0427220 -0.1176759 -0.0121866 0.0892804 0.2343460 0.1500282 0.1458247 0.1072374 -0.2291238 0.1944569 0.2430939 -0.2021128 -0.0714147 0.1044100 0.3138309 0.5273112 0.1064697 0.5890953 0.2406980 -0.1379681 0.0542537 0.1812595 0.1201280 0.0339943 0.1990942 0.1677672 0.0793254 -0.0193427
0.3050318 0.7258913 0.0496374 0.6521593 -0.4394134 0.5722656 0.6723844 0.4442595 0.7805056 0.2284866 0.2690170 0.7028433 -0.2466273 0.7354955 0.8032261 0.4001468 -0.1304413 0.0000000 0.2897768 -0.3058206 0.6300371 -0.1870331 0.3051723 0.8473831 -0.0217723 0.3311844 0.1621874 0.7849322 0.6781295 0.4134090 -0.3592751 -0.3533859 0.5092033 0.7528670 0.2522768 0.6322694 0.3236063 -0.3851653 0.1514875 0.2423271 -0.5604031 0.3902804 0.1483501 0.3815125 0.5925248 0.0485931 0.3209820 -0.6138151 0.6250107 -0.2542729 0.3734477 0.1224225 0.7308611 0.2522995 -0.5612600 -0.0646483 0.2940482 0.4329871 -0.1898560 0.3790099 0.5108598 0.2131104 -0.1394183 0.7708860 0.6436673 -0.3342402 0.4442404 0.1138008 0.3890535 0.6935849 0.2741326 0.7317695 0.5291588 0.7237291 0.3900627 0.7834477 0.7354150 0.4332666 0.6526007 0.6378971 -0.0355602 0.1146562 0.1054513 0.3487650 0.3949403 0.3329722 0.0913001 -0.2709108 0.1710433 0.0779622 0.4874611 0.5000986 0.2784413 -0.1508948 0.1351194 0.2663369 0.1949942 0.4138616 0.2316057 -0.0790786 0.0789065 0.5163193 0.1533455 0.0904622 0.5697445 0.0230589 0.3937627 0.3746572 0.4835007 0.2761493 0.5311992 0.6011549 0.7219876 0.3074676 0.5790732 0.5570414 0.2542829 0.6905739 0.3410096 0.6411022 0.3422668 0.3182637 0.5467434 0.3037659 0.6606020 0.4915245 0.4006880 0.5998254 0.3915981 0.7118490 0.7434633 0.3039607 0.5689141 0.6078491 0.2363246 0.6533935 0.6637657 0.5853637 0.6868065 0.2524992 0.5839093 0.4497811 -0.0514146 0.3946196 0.7063508 0.7347423 0.7213478 0.5926154 0.0834359 0.3609058 0.0793380 0.4372953 0.7358010 0.5698265 0.2513154 0.2453653 0.2384771 0.7264247 0.0206864 0.0993863 0.2239126 0.5076900 -0.1699314 0.1539918 0.6013184 0.4652041 0.4175054 0.3703879 0.1711796 0.2242646 0.4000794 0.4167057 -0.2179984 0.3959727 0.5625838 0.6333204 0.6353584 0.3218347 0.5677985 0.5499136 0.0342871 0.5526701 0.3344591 0.1991765 -0.3052817 0.3030537 -0.1638287 -0.1196546 0.5592588 0.6212992 0.7402882 0.5666940 0.3849596 0.5892356 0.5450968 0.4679639 0.7109040 0.5982978 0.2309008 0.5072032 0.3932117 -0.0799568 0.8053778 0.7399310 -0.5584667 -0.1731223 0.6183982 0.0715874 -0.0086160 0.1437502 0.6728976 0.4340110 -0.3992759 0.2572565 0.4342720 -0.1185583 -0.0858502 -0.2554706
