0.0000000 0.1974972 0.3159703 -0.0123334 0.2224346 0.3469182 -0.1149589 -0.0098353 0.2512435 0.0928784 0.0026727 -0.0300804 -0.0539466 -0.2893142 0.3147667 0.0106624 0.1119597 0.2507389 -0.1480889 0.0445634 -0.1331186 0.2870604 -0.0958336 0.2724190 -0.1109792 -0.2458937 0.0379638 0.1319068 -0.1986308 0.2324383 -0.0805972 -0.3349522 0.4047222 -0.0641791 -0.0231883 -0.3159551 -0.3091895 -0.1159643 0.2489735 -0.0210584 0.0032221 -0.2902394 -0.0170496 0.2611170 -0.2567835 -0.4104363 -0.1658880 0.0778683 0.2561463 -0.1131218 -0.1480586 -0.2263592 -0.3476996 -0.0992058 0.2549131 0.0829295 -0.3149244 -0.0278674 0.0705956 -0.2049918 0.0625296 0.1285102 0.5029683 -0.4060551 -0.3242401 0.2038371 -0.0340526 -0.0991350 0.3563619 -0.3193917 0.4009985 -0.3263703 -0.0097976 0.1530514 0.5877377 -0.5129095 -0.2057402 0.5528787 0.3082215 0.2756817 0.5925650 -0.2590873 -0.1915171 -0.1040734 0.0563586 0.0865181 -0.3353300 -0.0975480 0.0256135 0.0934058 0.1724260 -0.0389580 0.2187115 -0.1064139 0.0657567 0.2142652 -0.0484239 0.1280045 0.0067348 0.2264773 -0.0350183 -0.0554122 -0.2122859 0.2183345 -0.0692301 0.1364079 -0.0091711 0.1116619 -0.1834173 0.0281196 0.1723081 0.1820589 0.2846800 0.1310146 0.0875914 0.1227169 -0.0175252 -0.0896035 -0.1632097 -0.1382994 -0.2033762 0.1601117 -0.4688351 -0.0254654 -0.2072340 -0.0309363 0.2298908 -0.4038585 -0.2270329 -0.0541129 -0.2744938 -0.4000069 -0.2638439 0.4183989 -0.2231337 -0.0409160 -0.4231150 -0.3376910 -0.4674197 -0.1524794 0.0993326 -0.2497413 0.4709253 0.1377889 -0.3370526 0.4733754 -0.4869557 -0.5048218 -0.1531591 -0.1009409 0.1375930 0.4386028 -0.2808338 0.1234880 0.1410394 0.4135633 0.1869157 0.0195867 -0.1553570 0.1412605 -0.0316797 0.0518338 0.4064684 0.1547138 -0.2230639 0.4889153 0.3724823 -0.2555582 -0.2715043 -0.0438936 -0.0572681 -0.2911064 0.7612292 0.5967261 0.3201859 0.0967906 0.0868256 0.1938628 -0.1676306 -0.3620381 -0.0768766 -0.2233884 -0.0204158 0.0881241 0.0703746 0.0632755 0.2721415 0.3260836 0.2306050 -0.1808781 -0.0342007 -0.2082747 -0.0848353 0.0580295 -0.0086914 0.1611486 0.0483570 0.0944915 0.2824705 0.0648383 0.1424857 0.2509674 0.0452623 -0.2729061 -0.0388988 0.5365687 -0.1020713 -0.0927244 0.2858297 0.3338378 0.2995635 -0.1699851 0.3487251 0.0717788 -0.0820534 0.0695528 0.2214231 -0.0224419
0.1974972 0.0000000 0.4037653 0.8473895 0.4927455 0.6205180 0.5527431 0.6756775 0.0695787 -0.1371256 0.1577841 0.6742299 0.4527174 -0.1407936 0.2026288 0.3361492 -0.3027531 0.1174715 0.4343542 0.5671449 0.6870500 0.4166205 0.3400415 0.1497248 0.4366673 0.3511811 -0.0826073 0.1497042 0.6883190 -0.1504424 0.4842631 0.5327064 0.2267103 0.7595042 0.3855820 0.5415770 0.4060378 0.5354504 0.1473051 0.1820573 0.4570304 0.4780947 0.2502669 0.1726567 0.4724910 0.4588917 0.5417465 0.4806834 0.3788162 0.3245760 0.3633634 -0.1539364 0.6842216 -0.1892963 0.3335063 0.5967502 0.6739806 -0.1581530 -0.2928448 0.3650977 0.2493407 -0.1320508 0.1414326 0.4396644 0.7246502 0.5327217 0.5020003 -0.3938803 0.6761559 0.1910932 0.5145334 0.4399300 -0.1798307 0.2016944 0.4039452 0.1328269 0.3696988 0.1517918 -0.2082301 -0.1086024 -0.1224125 -0.1583575 0.1544859 0.4808213 0.4926531 0.2332558 -0.0186456 0.3288477 0.2903708 0.2743190 0.0976258 -0.1933665 0.0669491 0.2698206 0.1027453 -0.0441386 0.1039340 0.1039265 0.4684685 -0.3032227 0.2096112 0.1133609 0.1100518 0.0821161 -0.0031482 -0.0107648 0.2845080 0.2933718 0.1489343 0.5161993 0.1335879 0.4636533 0.5365117 0.4297780 0.5629566 0.4937209 0.3438639 0.5917596 0.4439045 0.4638490 0.5018914 0.3194338 -0.0050381 0.7503844 0.2727265 0.0684496 0.0705835 -0.0862211 -0.1650409 0.0890714 -0.0503044 0.0114953 0.0858202 -0.3890622 -0.0203390 0.0175149 -0.1427811 -0.2001676 -0.2656626 0.1833216 -0.1588483 0.0097484 -0.1366448 0.0426481 0.0400233 -0.0157172 -0.3312787 -0.3056392 0.1886295 -0.0785832 -0.0564238 -0.2586953 -0.2987677 0.0952994 -0.0265650 -0.1735198 0.1588694 -0.0525563 0.1799993 -0.1007635 0.0961100 -0.2593240 -0.0571546 0.0163518 -0.1161952 -0.1685619 -0.0227998 0.2524455 0.3458071 -0.0775326 0.0819267 0.2902345 0.1675151 0.3282579 0.5086609 0.7106625 0.8128925 0.6204008 0.5457240 0.3533749 0.3241201 0.2726261 -0.0038404 0.0545104 -0.2645319 0.6013150 -0.4088988 -0.3652762 0.2504031 0.5909881 0.5712782 0.4117667 0.5039427 -0.0540411 0.2608299 -0.2270700 0.3710265 0.2057192 -0.3160140 0.2506488 -0.1281007 -0.1303963 -0.0912618 0.2620917 0.6133209 -0.2735318 0.4280970 0.4557033 0.1285078 -0.4484974 0.2688398 0.4747808 -0.1893825 0.1035190 0.4651023 -0.4581347 -0.0672768 -0.2020128
0.3159703 0.4037653 0.0000000 0.3120555 0.6001115 0.0879553 -0.0800228 0.3042255 -0.2395041 0.0185656 0.2091845 0.0411443 0.4292250 -0.2659838 0.0529549 0.4231961 -0.1229015 0.0052488 0.2681039 0.5197113 0.1037033 0.4220118 0.1340982 0.2058946 0.1179951 -0.0199751 -0.5233553 -0.0030132 0.2242503 -0.2414723 0.4388213 -0.0143295 -0.0254067 0.1584166 -0.0452813 -0.0886041 -0.0919271 0.5032740 0.1271948 0.3572962 0.1312167 -0.0624295 0.1288488 0.0746624 0.0028650 0.1911273 0.1699034 0.4016290 0.0183453 0.2121818 0.1006756 -0.0208905 0.1040702 0.0960541 0.6856030 0.5735549 0.2848883 0.1192076 0.1245578 0.0992831 -0.0433243 0.1720388 0.3851945 0.1366142 0.1327699 0.4784610 0.2193723 -0.0446212 0.3135570 0.1131523 0.4271076 -0.0477276 -0.0003404 0.2968024 0.1392646 -0.0033310 0.2681006 0.4700509 0.4143954 0.3681095 0.4100121 0.0094229 0.0077522 0.2852443 0.6200730 0.1703720 0.0920056 0.6493996 0.1699218 0.3552528 0.0112155 -0.1523691 0.1583648 0.4726425 -0.0167261 -0.0395034 -0.0246434 -0.1600901 -0.0328284 0.2300581 0.1381743 0.0025938 0.2246915 0.3379237 -0.1090880 -0.1831335 0.1066546 0.1743546 -0.0639319 0.2012385 0.0131796 0.0248917 0.1701970 0.2750557 0.2283070 0.2985454 0.2829913 0.2626361 0.3300493 0.2317425 0.0788951 -0.4103615 0.0200890 0.0408780 0.0542916 0.1955727 -0.2835340 -0.0583500 0.0416036 0.1161000 -0.0326413 -0.1128167 -0.0555010 -0.0291231 -0.0938306 0.1397044 -0.0626359 0.0024805 0.0012926 0.2237464 -0.1089358 0.2021447 0.1564516 0.2378972 -0.0335888 0.2339811 -0.1479382 -0.1860710 -0.1544728 0.2977047 0.2369289 0.2182796 -0.2419455 0.1767636 0.1277801 0.3431766 0.4190770 0.0237460 0.1768440 0.3430886 -0.1577715 -0.0027230 0.1322316 0.2297095 -0.2555248 0.1678165 0.1033539 0.1693643 0.1938390 -0.0883128 0.1722298 0.2179696 0.2291234 0.3389477 0.1022848 0.1953958 0.3015549 0.3433926 -0.0483435 -0.0249043 0.0439775 -0.1204773 0.0381230 -0.1280249 0.0388803 0.2128167 0.1020944 0.1680929 0.4627548 0.1723985 0.2560295 0.1446290 0.0819197 0.1398278 0.2082045 0.2217921 0.1682560 0.0526172 0.1713994 0.0762631 0.1104810 -0.1864569 0.0319819 0.1899400 0.3861835 0.3167988 0.2488459 -0.0702599 0.1797471 -0.1237212 0.0754329 0.1285931 0.0386908 -0.0413851 0.1592694 -0.1966462 -0.1037559 -0.0907385
-0.0123334 0.8473895 0.3120555 0.0000000 0.3125631 0.6053670 0.5280948 0.8396063 -0.1819878 -0.0655067 0.3376613 0.6166955 0.7311949 -0.1342501 -0.1081545 0.3694030 -0.3295360 -0.1054943 0.5097375 0.6142843 0.6411552 0.5474831 0.3501195 -0.0148240 0.4831840 0.3795254 -0.1324292 -0.0012338 0.6958511 -0.4059920 0.5353488 0.4301372 -0.0214199 0.6195915 0.2403415 0.4945454 0.3620725 0.3630236 0.0415338 0.1819195 0.3457656 0.4660820 0.2462575 -0.0679771 0.4002332 0.2945504 0.4133830 0.2506734 0.1011333 0.0790331 0.3061518 -0.0414214 0.6487932 -0.1787489 0.0681055 0.2478079 0.5139482 -0.1178117 -0.2032429 0.2967228 0.1816078 -0.0066940 -0.0191370 0.5876795 0.7211074 0.2364445 0.5008091 -0.2086072 0.3870111 0.3854716 0.5033178 0.5461531 0.0317988 0.1237891 0.3419405 0.2957796 0.4179180 0.1376351 -0.3603481 -0.2732866 -0.3105588 -0.0627092 0.0355375 0.3027987 0.3659723 0.0591249 0.0437084 0.2161915 0.1188737 0.1837549 0.0861529 -0.0529050 -0.0551502 0.1785694 -0.0626803 -0.1936118 0.1946981 0.0723321 0.2454241 -0.3394924 0.1620130 0.0030740 0.0874779 0.1907921 0.0776821 -0.1254030 0.2665447 0.0946608 0.1482795 0.4946182 0.0571745 0.4416913 0.3506201 0.2496420 0.5268765 0.4231741 0.2913003 0.6368070 0.4959025 0.4934283 0.4700681 0.2221196 0.0353432 0.7494395 0.3293654 0.1694065 0.0051343 0.0552709 0.0056412 0.1660912 0.0341702 0.1730191 0.1413972 -0.2022832 0.1443744 0.1487227 0.0714129 0.0321751 -0.0723901 0.2792031 -0.0711299 0.0676742 -0.1998499 0.1972139 0.2429626 -0.0515557 -0.1155158 -0.1376653 0.3247802 -0.0767887 -0.0328874 -0.2690284 -0.0937003 0.1545985 -0.1592328 -0.1607951 0.0949325 -0.0221929 0.3616560 -0.0417140 0.0068298 -0.2429953 -0.1254087 0.0033657 -0.0287020 -0.1974686 -0.0946954 0.4006204 0.5370528 0.0242495 0.1521000 0.4687896 -0.0449359 0.0348087 0.3340870 0.6507339 0.7426432 0.5322940 0.4476721 0.3067068 0.3492330 0.2638670 0.0325086 -0.0275195 -0.2092951 0.4858725 -0.4768929 -0.4871414 0.2157372 0.5963971 0.5380345 0.4333496 0.4657942 -0.0851582 0.2642246 -0.1987230 0.4077282 0.1339737 -0.4422746 0.2808148 -0.1354554 -0.1300247 0.1037357 0.4505824 0.6027913 -0.4043836 0.4828211 0.3722223 0.2789550 -0.4640862 0.3122711 0.5738333 -0.3700647 0.1166692 0.4611280 -0.4441904 -0.2438629 -0.1559685
0.2224346 0.4927455 0.6001115 0.3125631 0.0000000 0.1790738 0.1059234 0.4025264 -0.0467776 -0.0580511 0.1409097 0.1194100 0.3440116 -0.1096182 0.1310215 0.4034573 0.0002235 0.1453814 0.4152638 0.5795037 0.0469832 0.3376754 0.2707362 0.1589929 0.3918901 0.2841398 -0.1554902 0.1884142 0.1135839 0.0699261 0.2232895 0.3033968 0.2602443 0.2313358 0.2433001 0.0246135 0.2447712 0.5389019 0.1989321 0.2826360 0.2861039 0.0746581 0.1831132 0.3058421 -0.0035096 0.2519595 0.3446920 0.5140430 0.3308099 0.1552578 0.1254310 -0.1895109 0.0761062 -0.0312546 0.6531120 0.6292649 0.4360945 0.0482661 0.2278948 0.1092198 -0.0619485 0.0933301 0.6568118 0.1072062 0.1759376 0.4745405 0.2433102 -0.2117730 0.5970298 -0.1416546 0.4784073 -0.1606152 -0.1566695 0.3150711 0.4946303 -0.1476350 0.0425766 0.2859163 0.4337088 0.3574212 0.3857013 -0.2206302 0.1171455 0.2882921 0.2348848 0.3779410 0.0736300 0.3640291 0.3665668 0.3368312 0.2807367 -0.0105942 -0.0347417 0.3981723 0.2374413 0.0625700 0.0548866 -0.3689103 0.2203602 0.3483176 0.1396613 0.1687211 0.2013815 0.5701555 -0.0073917 0.0472521 0.2069303 0.2132958 0.0068493 0.1021373 -0.0429123 0.2014118 0.3354095 0.3058613 -0.0569794 0.1766780 0.2286066 0.0822884 0.1238724 -0.0147821 -0.0533391 0.0140716 -0.1107870 -0.0555457 -0.1708903 -0.0944501 -0.1253012 -0.3049329 -0.1822779 -0.2061430 -0.2491811 -0.1730325 -0.1676670 -0.3705607 0.0743644 -0.1928641 -0.3252463 -0.2825731 -0.2713418 -0.2336022 -0.1690816 -0.1005797 0.1585907 -0.0377822 -0.2770459 -0.1216309 -0.3086998 -0.2308396 0.0386309 -0.1498260 -0.2663178 -0.0104901 -0.3987840 -0.0345037 0.2935204 0.0844116 -0.0088819 -0.0762722 0.2230336 -0.1619069 0.2282187 -0.2504999 0.0326447 -0.1745339 -0.0468818 -0.0963580 -0.1114384 0.0121716 0.1126708 -0.3117967 0.1375464 0.1206492 0.2707919 0.3517077 0.2693069 0.1944270 0.2356298 0.2035820 -0.0270388 -0.0434230 0.0791889 0.0384669 0.2228345 0.2044387 0.1186414 0.4053457 0.2751196 0.2927335 0.3040663 0.0806987 0.0219396 -0.0670137 0.0156350 0.2598559 -0.0716206 0.2550650 -0.0681664 0.0010686 0.1192388 -0.1631218 -0.2696777 -0.0374287 -0.2493530 -0.2200887 0.1417241 0.3687282 0.0273267 -0.0137046 -0.2821475 0.0379996 -0.0002964 -0.0897618 0.2998894 -0.3419067 -0.0608659 -0.1525670 0.3495101 0.2922033
0.3469182 0.6205180 0.0879553 0.6053670 0.1790738 0.0000000 0.5478598 0.5709682 0.2400121 0.2909696 0.2596400 0.4560050 0.3239045 -0.1221018 0.2017395 0.2253240 0.2164544 0.0129594 0.3431740 0.2150377 0.4079853 0.3491655 0.2146945 -0.0415774 0.2534550 0.2000221 0.3384678 -0.1041869 0.2912705 0.1108693 0.2819212 0.0312062 0.0540784 0.3172766 0.1973982 0.2607155 0.1154958 0.1489522 0.1132426 -0.0224054 0.1976890 0.2238009 0.0717342 0.0303144 0.3056971 -0.0696116 0.0807351 0.2179367 0.1436568 -0.0085858 0.0185644 -0.2343378 0.3439338 -0.3367222 0.0808883 0.1336432 0.0714871 -0.2660719 -0.1273879 -0.0543183 0.3149783 -0.1935339 0.0410214 0.1836248 0.3289049 0.0029184 0.0880757 -0.2454465 0.2895482 0.0412391 0.2294262 0.1441611 -0.0966927 0.0836287 0.3422826 -0.0571114 0.0896137 0.1022954 -0.3267337 -0.0562537 -0.0669534 -0.2233197 0.0310854 0.3741812 0.1327524 -0.0131369 -0.1223956 -0.0175706 0.0625245 0.0058106 0.1999675 0.1323848 0.3152478 -0.0054724 0.0293707 0.0492428 0.3387565 0.3232942 0.2123125 -0.3075941 -0.0062168 0.0152606 -0.0541709 -0.0932544 0.2114294 0.0582514 0.2872191 0.3513521 0.2395591 0.5535216 0.2067251 0.4659676 0.5612947 0.3989808 0.5301090 0.4898341 0.2351594 0.3126836 0.3071569 0.3956827 0.2459760 0.4464262 -0.2301016 0.6076879 0.3129036 0.3897634 0.3490231 -0.1730762 0.2568064 0.1150037 0.1608263 0.0791364 0.2286057 -0.0445441 0.1275680 0.0996481 0.1419092 0.1721008 -0.0007922 0.2142005 -0.0894110 0.0769633 -0.0376635 0.3144221 0.3544462 0.0661589 -0.0135799 -0.0383862 0.4361241 -0.1264351 -0.0269249 -0.1204852 0.1351721 -0.0259352 0.0648271 -0.2026552 0.0005264 0.1135574 0.2212616 -0.1274586 0.2087716 -0.1053964 0.0144714 0.0256378 0.1343480 -0.1400259 0.0482636 0.3312157 0.3135741 0.2416811 0.0734492 0.3384597 0.1338761 0.3717887 0.3493442 0.5322727 0.5375258 0.5749463 0.3183960 0.1069992 0.2216846 0.0627234 -0.0466417 0.0553341 -0.0833878 0.4266089 -0.1460731 -0.1797452 0.1138369 0.2811840 0.5643199 0.3167249 0.4411022 0.1131217 0.4282422 0.0803979 0.6487150 0.3973872 -0.0265159 0.6163220 0.2801960 0.4132017 0.2059439 0.3868604 0.2592948 0.0011121 0.6058828 0.6235636 0.4114758 0.1222138 0.4552664 0.4421107 -0.0754783 0.2773310 0.3953068 -0.2527330 0.2011511 0.2425681
-0.1149589 0.5527431 -0.0800228 0.5280948 0.1059234 0.5478598 0.0000000 0.2979703 0.4788989 0.0102232 -0.2275608 0.8818870 -0.0060726 0.0940186 0.4741272 -0.2352348 -0.1838521 0.3632235 0.1142946 0.3376146 0.8136058 -0.0221298 0.0243200 0.2766704 0.0471947 0.0867374 0.0968460 0.0665332 0.7235803 -0.0385978 0.2112895 0.2657221 0.1460204 0.7703634 0.0536880 0.8282582 0.1655611 0.0559730 -0.2180980 -0.1416611 0.2485389 0.8423820 -0.2388619 -0.0686709 0.8218178 0.1856736 0.0439854 0.0848471 0.1818327 -0.1048193 -0.1433365 -0.3773523 0.7375790 -0.5879165 0.0025390 0.1030720 0.2613606 -0.5678826 0.1103139 -0.0627356 0.5991877 -0.5892548 -0.1003196 0.4653430 0.7423340 0.2482946 -0.0492113 -0.7113115 0.2716133 -0.0150058 0.1763565 0.4757759 -0.5378519 0.3380725 0.3306503 0.1353117 0.3868788 0.0615259 -0.1444033 0.1287780 -0.0645309 0.0471007 0.5071312 0.5546093 0.2033125 0.1359922 0.1672523 0.1290234 0.1783916 0.0389157 0.0371744 -0.0431708 -0.0576077 0.3777335 0.0343443 -0.1487655 0.2175476 -0.0706379 0.4298179 -0.3055471 -0.0223512 -0.1088974 -0.1395387 -0.0017753 -0.0346012 -0.1942097 -0.1363596 0.1934833 -0.0431641 0.0502059 -0.0438046 0.1173325 0.1878239 0.0554328 0.1135403 0.0451517 -0.1568866 0.0057096 -0.1297000 0.0125109 0.0569745 0.1624513 -0.0579560 0.5107594 0.0017042 -0.1208649 -0.2062404 -0.0208132 -0.1215049 -0.1825572 -0.0860076 0.2686908 0.0126925 -0.3016983 0.3345474 -0.0667055 0.0814917 0.1189355 0.0659374 0.3424510 0.0004529 0.1460125 -0.0204309 0.0678188 0.2355348 -0.3513301 0.1136445 0.2509199 0.4534858 0.0235996 0.0259366 -0.2340338 0.1563472 -0.1077346 0.1791181 -0.3266576 -0.1511886 0.2176652 0.2654031 -0.0860832 0.3825691 -0.1008576 -0.0755773 -0.1677763 0.3164546 -0.1824464 -0.0554525 0.3392983 0.3441919 0.1080780 0.2855520 0.4363859 0.0111620 0.3947362 0.6677485 0.6603746 0.7189250 0.5118314 0.8017023 0.7013009 0.6139333 0.6943667 0.4437734 0.5513482 0.1965800 0.6910831 -0.1497427 -0.1934416 0.1627895 0.6108649 0.3031688 0.5636207 0.6566029 -0.0979723 0.0999196 -0.2084665 0.4454497 0.4710719 0.1479605 0.2419451 -0.0123825 -0.0048433 0.0640429 0.4316576 0.4548863 -0.1145489 0.3254459 0.7062951 -0.1029116 -0.1043849 0.1373098 0.6119846 0.1028834 0.3286153 0.5957678 -0.0148676 0.0395498 0.0298845
-0.0098353 0.6756775 0.3042255 0.8396063 0.4025264 0.5709682 0.2979703 0.0000000 -0.1393509 -0.2393941 0.3237123 0.3889654 0.8053949 -0.3513373 -0.0999181 0.4787703 -0.2210912 -0.2129731 0.6422926 0.4531135 0.3344194 0.4548045 0.3489402 -0.0550872 0.6226503 0.5286655 -0.1393649 -0.0569508 0.3509135 -0.2702920 0.3571940 0.3509177 -0.0155821 0.3404398 0.3404136 0.2089011 0.4329303 0.2994907 0.0461102 0.1038391 0.1365039 0.2128125 0.2844947 -0.0152928 0.1841135 0.1405508 0.3476048 0.2281571 0.1185328 -0.1370922 0.2330246 -0.1314656 0.4481819 -0.1396055 0.0665732 0.2181301 0.3595643 0.0102580 -0.3063207 0.1064400 0.0941970 0.0371522 0.0322623 0.3848861 0.5265285 0.0010327 0.3275193 -0.0834500 0.3889862 0.3195822 0.3437590 0.2946854 0.0031073 0.0213590 0.3151550 0.1603397 0.2256924 0.1147844 -0.4693544 -0.2665083 -0.2424777 -0.3667149 -0.1725309 0.2169233 0.1794653 0.0485059 0.0349166 0.0710608 0.0985690 0.2056097 0.1659066 0.0775528 0.0763502 0.1687605 0.0007927 -0.0965002 0.3816220 0.1170926 0.2151369 -0.2357093 0.1705573 0.0186608 0.0522762 0.3020974 0.1811572 0.0722428 0.2945475 0.0239793 0.0884746 0.4623903 0.0708429 0.3663744 0.4542546 0.3395801 0.3895046 0.4933007 0.4551136 0.4556143 0.5159972 0.4006238 0.3696680 0.3479460 -0.0836025 0.5621994 0.2256890 0.2325040 0.1824391 0.0316921 0.1204845 -0.0119499 -0.0117183 0.2429124 0.1056575 -0.2461248 0.2207164 0.0754959 0.0455430 -0.0076988 -0.0252967 0.1292027 -0.1036997 0.0794343 -0.1668227 0.2488286 0.2526239 -0.1500929 -0.0645819 -0.0608984 0.4245245 -0.0972695 -0.1463135 -0.1300944 -0.0087926 -0.0151997 -0.1013021 -0.1628171 -0.0328183 0.1057952 0.2856465 -0.0945477 0.0632494 -0.0901770 -0.0990819 0.0809858 0.0534987 -0.1358001 -0.1154806 0.3256529 0.4236188 0.2671295 0.1651088 0.3670010 0.0839601 -0.0252754 0.0961701 0.4700026 0.4643346 0.3265216 0.0851607 -0.0250579 0.0243581 -0.0411421 -0.2122568 -0.1752738 -0.3760923 0.4615639 -0.3529852 -0.3567022 0.1598359 0.4325852 0.4149249 0.3121458 0.3945766 0.1148773 0.2264170 0.0389253 0.3461392 0.2070267 -0.3629108 0.2791076 -0.0938169 0.0140444 0.0827469 0.2322177 0.3253959 -0.2647275 0.4739146 0.3541667 0.2301692 -0.1933581 0.3004175 0.3894010 -0.4186578 0.1121705 0.3113889 -0.5089492 0.0034074 0.1207081
0.2512435 0.0695787 -0.2395041 -0.1819878 -0.0467776 0.2400121 0.4788989 -0.1393509 0.0000000 -0.2371697 -0.5988583 0.5235845 -0.4399856 -0.1813661 0.9221518 -0.4288341 -0.0972721 0.5725438 -0.2938129 -0.1422653 0.2664253 -0.3606489 -0.3054713 0.6418315 -0.2817493 -0.2892956 0.0403563 0.2363440 0.1096735 0.3630259 -0.0857620 -0.0906753 0.4981793 0.3755099 -0.1148411 0.3541109 -0.1929507 -0.2555659 -0.2244680 -0.3736587 -0.1108796 0.3976072 -0.4696053 0.1501705 0.4120076 -0.1964535 -0.3621001 -0.0326219 0.4133579 -0.1989741 -0.4832182 -0.6491742 0.2199610 -0.5505289 -0.0035536 -0.0763292 -0.2375714 -0.4793305 -0.0890325 -0.4672749 0.4306433 -0.6267823 0.0300283 -0.2473263 0.2121082 0.1319517 -0.4442590 -0.6669916 0.1669216 -0.4192567 -0.2288595 -0.0334863 -0.6887675 0.1941997 0.1711535 -0.2847418 -0.0614634 -0.0609424 -0.0251283 0.3234217 0.2378660 -0.1687403 0.3133747 0.2496720 -0.1204174 0.0776122 -0.0226302 -0.1290816 0.0233555 -0.0255657 -0.0457711 -0.1066299 0.0449601 0.3000068 0.0701572 0.0248058 -0.0149328 -0.1481908 0.4463697 -0.0916024 -0.1031109 -0.2332625 -0.3399558 -0.1094287 -0.2020523 0.0781066 -0.3332886 0.0490960 -0.3698876 -0.2179564 0.0592600 -0.1632642 0.0534014 -0.0496335 -0.1164270 -0.0969198 -0.1965156 -0.4067921 -0.4298757 -0.3401660 -0.2585438 0.0475838 -0.3110554 0.0431000 -0.2227485 -0.4263719 -0.0054382 -0.1502616 -0.3724433 -0.3099394 -0.2374955 0.1124101 -0.1406129 -0.1305747 0.1233924 -0.2063527 -0.2375295 -0.2761495 -0.2053844 0.0316840 0.0659544 0.0354397 0.3200764 -0.0435796 -0.1081609 -0.3032653 -0.0866565 0.0657701 0.2722170 0.0734280 0.0062240 0.1779816 0.1251299 -0.2209657 0.1368139 -0.1205311 -0.1478331 0.3491000 -0.0964321 -0.0702343 0.2813116 0.1972139 0.1967413 0.0756378 0.1902005 0.2626395 0.2888078 -0.0585568 -0.1909383 0.3625955 0.2328001 -0.0976199 0.5198678 0.4739043 0.4944480 0.1860467 0.1145048 0.0856325 0.3086457 0.2742744 0.2120373 0.3795154 0.1973296 0.5369105 0.0513323 0.4081208 0.1396471 0.2025002 -0.0448270 0.1504011 -0.1491659 0.1583744 0.2730852 -0.0497519 -0.2227130 -0.1608883 0.0748154 0.3745577 0.3349775 -0.0530748 0.0004003 0.0730948 -0.0542924 -0.1298437 0.0576166 0.1659737 -0.1007353 0.3872423 -0.2846146 0.2381189 0.0621807 0.0664996 0.3252393 0.3773547 0.2012049 0.1152981 0.2707372 0.0678120
0.0928784 -0.1371256 0.0185656 -0.0655067 -0.0580511 0.2909696 0.0102232 -0.2393941 -0.2371697 0.0000000 0.4034353 -0.2321742 -0.0455492 0.5729690 -0.2074265 0.1296828 0.5134946 0.0103677 0.0932032 -0.2412533 -0.2432233 0.4133953 0.1903351 -0.2277471 -0.0497261 -0.1183610 0.4174283 -0.1227198 -0.1442289 0.2250539 0.0129895 -0.1864553 -0.2867186 -0.2203336 -0.1051604 -0.2485820 -0.1180564 0.1225126 0.3006960 0.3173278 0.0973490 -0.2749146 0.1415213 -0.0621011 -0.2375661 -0.0636861 -0.0810251 -0.0732876 -0.2733961 0.1882437 0.0902036 0.3256320 -0.2434305 0.2425549 -0.0569405 -0.1670794 -0.1201039 0.1046975 0.2510760 0.1686761 -0.2991191 0.0586168 -0.0168337 -0.0247609 -0.3156902 -0.0902677 -0.0872188 0.2797286 -0.4164798 -0.0295019 0.0245241 -0.1955651 0.3199081 -0.2422824 -0.1743245 0.0314895 -0.2100264 -0.0017853 0.1872375 -0.0643412 -0.0106879 0.4856932 0.2009272 -0.0551650 -0.0675010 0.0207427 -0.0302501 0.1812543 0.0000359 -0.1572654 0.1278618 0.1643004 0.1523642 -0.2201372 0.0683494 0.1953079 0.0158260 0.3163064 -0.3272775 0.0079398 -0.1233719 0.3371327 0.3508108 -0.3621950 0.1611766 0.0239103 0.1775123 0.3555054 0.2550115 0.0753432 -0.0130294 -0.0180446 0.0209503 0.1327805 -0.0426182 0.0221612 -0.0964420 0.0095098 -0.0017470 -0.0220461 -0.1167799 -0.0057816 0.0529428 -0.1613681 0.0727634 0.1558644 0.0819259 -0.1984271 0.2329861 0.2709939 0.2231482 -0.2455818 0.1970407 0.1667130 -0.0514852 0.1121572 0.2026511 0.2389036 0.1416246 -0.2240236 0.0658982 -0.2118348 -0.2298390 -0.0819707 0.0806607 0.3390175 0.1231253 0.0057737 -0.0452763 -0.2830632 -0.2496705 -0.2077562 0.0342065 0.2546114 0.2250120 0.0113138 -0.0765787 -0.2247531 -0.0001073 -0.3095352 -0.0323780 -0.3723971 -0.1613832 -0.3401613 0.0165401 -0.2477287 -0.0562936 0.0229959 0.0162088 -0.4075143 -0.2172756 0.1364134 -0.3493924 -0.0794622 -0.1625982 -0.2470148 -0.1725551 -0.0110548 -0.1669963 -0.0898762 0.1051702 -0.1405348 0.0707508 -0.1776359 0.2540068 -0.4523015 0.0569972 0.0185033 -0.2050068 -0.3813252 -0.0831821 -0.2436568 -0.3301847 -0.1095882 -0.0023405 0.0600765 -0.0386678 -0.3180917 0.0158877 0.0351423 0.2249988 0.4965024 0.2990474 0.3157388 -0.0611351 0.1749731 -0.0669060 -0.1805573 0.2378941 0.0844465 0.0743860 -0.1996975 -0.0135467 -0.3943771 -0.3621158 -0.0557831 -0.0391628 0.3204412
0.0026727 0.1577841 0.2091845 0.3376613 0.1409097 0.2596400 -0.2275608 0.3237123 -0.5988583 0.4034353 0.0000000 -0.1631117 0.4488337 0.2195347 -0.6409400 0.8319824 0.3326135 -0.4725549 0.7004490 0.1126159 -0.0454026 0.4590022 0.5594200 -0.5650463 0.5754267 0.4668082 0.1371049 -0.3840130 0.0768291 -0.1768543 0.1316803 0.0104215 -0.5001007 -0.1489502 0.2954645 -0.1781209 0.2170277 0.2820205 0.2043881 0.2400089 -0.2068897 -0.2251578 0.5887810 -0.2982249 -0.1460272 0.1664140 0.3642705 -0.2339596 -0.3965592 0.3181673 0.4590364 0.6176544 -0.0000775 0.4500823 -0.1974031 0.0747282 0.1990209 0.3587627 0.1380732 0.4575230 -0.0136478 0.6915000 -0.2893948 0.5146057 -0.1063292 -0.4115279 0.5986459 0.6609425 -0.0803624 0.6906639 0.1507800 0.2719866 0.6922610 -0.0159179 -0.0590789 0.5797643 0.2891895 0.0223463 -0.1740844 -0.1670686 -0.4698026 0.1499359 -0.1574235 0.0226955 0.2674740 0.0614990 0.1160942 0.2902460 0.2225430 0.2465732 0.1415468 0.0089128 -0.2665233 -0.0358751 0.2008412 0.1487854 -0.0622591 0.0568001 -0.0731458 0.0255070 0.1040408 0.0089470 0.1514875 0.1421484 0.0102657 0.3574322 0.2482314 -0.1031916 0.0823056 0.2944808 -0.1673213 0.2526377 -0.1875789 -0.1675968 0.2826829 -0.1182754 -0.1137027 0.4467069 0.3436563 0.2896211 0.1975831 0.1161057 0.1712535 0.2191134 0.0572041 0.5223095 0.2567650 -0.1663629 0.2596173 0.1935192 -0.0549650 -0.2648577 0.0196358 0.1937458 -0.1707782 0.0177197 -0.0518524 -0.0295893 -0.2035381 -0.1817420 -0.0496591 -0.4133415 -0.2394019 0.2480964 -0.0454509 0.3125353 -0.3056621 -0.3145831 -0.0124283 -0.4786145 -0.2081269 -0.0933806 -0.3151374 0.2574106 -0.1143632 0.1431051 0.0485097 -0.1307062 0.1642002 -0.1177842 0.0658066 -0.3686156 0.0181822 -0.1794177 0.0788549 -0.1286007 -0.1756613 0.1911701 0.2897128 -0.2388074 0.0959645 0.3160251 -0.2813189 -0.2316864 -0.2327635 0.1335510 0.1769405 0.2566011 -0.0975972 -0.1278303 0.2122541 -0.1316735 -0.1452229 -0.3206574 -0.0315961 -0.2425881 -0.1731875 -0.3829342 0.1521277 0.0501407 0.3650276 0.1433221 0.0640234 0.3865624 0.4869820 0.3572527 0.1249033 0.0343690 -0.2855311 0.2826833 0.1011057 0.2286281 0.0790332 0.4416186 0.0189342 -0.2118145 0.2366271 -0.2028564 0.4323082 -0.0324552 0.1544318 0.0170431 -0.3064520 -0.0758014 0.0103034 -0.3385900 -0.1672706 0.0340828
-0.0300804 0.6742299 0.0411443 0.6166955 0.1194100 0.4560050 0.8818870 0.3889654 0.5235845 -0.2321742 -0.1631117 0.0000000 0.1076728 -0.0610947 0.5134445 -0.0535185 -0.4368073 0.3961072 0.1978393 0.3647194 0.9041976 -0.0109115 0.0745732 0.4521477 0.1456632 0.1102262 -0.1618741 0.1527127 0.8527390 -0.2081441 0.2643801 0.3132027 0.2524785 0.9146969 0.0829611 0.8605921 0.1522508 0.1217416 -0.2920342 -0.1981649 0.0850628 0.8640826 -0.1850310 -0.1315081 0.8057094 0.2951789 0.1097476 -0.0023269 0.2314906 0.0025860 -0.0834595 -0.3711518 0.8317141 -0.5542207 -0.0064089 0.1895504 0.3356361 -0.5497187 -0.0572923 0.0100929 0.6064601 -0.4630735 -0.1948010 0.5323622 0.8185183 0.2693513 0.1399048 -0.7002573 0.3437237 0.1507513 0.1981675 0.6499991 -0.4922349 0.3508409 0.3102460 0.2845418 0.5468094 0.0771548 -0.2107372 0.1209678 -0.1670373 -0.0005062 0.4036886 0.4813105 0.3355252 0.1487519 0.1991422 0.2534144 0.2219673 0.2169986 -0.0922542 -0.1936264 -0.2613443 0.5459508 0.0514783 -0.1745623 0.0387277 -0.2235083 0.5787436 -0.2619201 0.0319478 -0.3031296 -0.2555998 0.0639369 -0.2618681 -0.0839016 -0.2636143 -0.0270474 -0.2763593 0.0021675 -0.0780964 0.0494390 0.0346526 -0.0848008 0.2166062 -0.0138066 -0.1728968 0.1482174 -0.0754490 0.0063137 0.1419359 0.0703895 -0.0346175 0.6077692 -0.0684451 -0.2434163 -0.2030969 -0.0130609 -0.3650850 -0.1887919 -0.2798529 0.1966815 -0.1166665 -0.3396070 0.1919897 -0.1102153 -0.1514550 -0.1488760 -0.2104030 0.3587854 -0.0119070 0.0560265 0.0585355 0.0796437 0.0618538 -0.3509668 -0.1632145 -0.0207888 0.4026676 0.0264516 0.1029322 -0.1262774 -0.0544600 -0.0139439 -0.0644522 -0.1861497 0.0201534 0.2390378 0.2993352 0.0192095 0.2561154 -0.0905816 0.0808102 -0.0022716 0.1683166 0.0063058 0.0676939 0.3718486 0.3916050 0.1468760 0.3946776 0.4111654 0.2231982 0.3756247 0.6660631 0.7331283 0.8075609 0.5299980 0.8140537 0.7033596 0.6722973 0.7295532 0.3483935 0.4798063 0.0392633 0.6534738 -0.3226653 -0.3625353 0.2290231 0.7536424 0.3072231 0.6538804 0.7019597 -0.0999563 0.0655860 -0.3030097 0.3607523 0.4406793 -0.0284594 0.1404060 -0.2137022 -0.2755725 -0.0510738 0.4211373 0.5484970 -0.2984470 0.2538394 0.5657868 -0.1361553 -0.3417206 0.1036651 0.6330187 -0.0578566 0.3992211 0.6542467 -0.2063567 -0.1573716 -0.2382494
-0.0539466 0.4527174 0.4292250 0.7311949 0.3440116 0.3239045 -0.0060726 0.8053949 -0.4399856 -0.0455492 0.4488337 0.1076728 0.0000000 -0.2493874 -0.3321138 0.5346303 -0.3549933 -0.2377390 0.5393572 0.5433670 0.1134767 0.7053393 0.2609324 -0.0031027 0.4587587 0.3149928 -0.3211859 0.1211196 0.2436451 -0.5011844 0.5252134 0.2449086 -0.0523816 0.0978049 0.0173376 -0.0125618 0.1902338 0.2746235 -0.0131978 0.2206700 0.2521791 0.0135567 0.1907379 -0.0497300 -0.1171221 0.0829719 0.1807895 0.1884857 -0.0331441 -0.1288340 0.1623399 -0.0603539 0.1769598 -0.0536294 0.1483294 0.0920315 0.2402577 0.0474345 -0.0796171 0.1059188 -0.1821868 0.2606291 0.1629373 0.2722180 0.2919407 -0.0076076 0.3425697 0.1209882 0.0753176 0.3413905 0.3641850 0.2410148 0.2513268 0.0079230 0.1274898 0.2036349 0.1772192 0.1601928 -0.1646714 -0.1757691 -0.1523184 -0.1890628 -0.3729536 -0.1417362 0.0493628 -0.2137505 -0.0648543 0.1059043 -0.1887132 -0.0121953 -0.0020893 -0.0161635 -0.0781129 0.0928160 -0.2419703 -0.2862189 0.0773537 -0.0169197 -0.1212693 0.0480741 -0.0838542 -0.0395495 0.0568663 0.3459476 -0.0072887 -0.1284833 0.2283992 -0.1586991 0.0802106 0.4232634 -0.0567755 0.3854535 0.2064423 0.1562444 0.4503592 0.4026990 0.4839204 0.6081086 0.6413343 0.4504236 0.3695574 0.0921866 0.0165023 0.4223020 0.2942960 0.2215685 0.1770509 0.0439698 0.1237792 0.1818545 0.0757982 0.1073585 0.2037361 -0.0226662 0.1256824 0.2077947 0.0932171 0.0751676 0.0076634 0.0778463 -0.0377781 0.1026445 -0.0705797 0.2369863 0.2135594 0.0424755 -0.0408925 -0.1307080 0.3242883 -0.0622254 -0.1173293 -0.1198359 -0.0370170 0.3012096 -0.2941712 0.0234174 0.1855361 -0.0976687 0.5110964 -0.0319543 -0.1736708 -0.1679820 -0.0501717 0.1514431 -0.0953891 -0.1240957 0.0444466 0.4136122 0.5468577 0.1132489 0.1715223 0.4540116 -0.0078301 -0.1359397 -0.0924093 0.2228397 0.2493522 0.2030250 -0.1385026 -0.1971032 -0.0359474 -0.1156260 -0.0016935 -0.1980356 -0.0912450 0.1824032 -0.1718874 -0.1636706 0.1762448 0.2376776 0.2709291 0.1372752 0.0850459 0.0265134 0.1329474 0.0342630 0.2286416 -0.1608241 -0.4017581 0.1215034 -0.1566176 -0.0983512 0.0220764 0.2215671 0.2461107 -0.1727395 0.3246832 -0.0066570 0.2759354 -0.3254949 0.1558263 0.2292816 -0.3543079 -0.0470710 0.0341942 -0.2681585 -0.1147980 0.1529221
-0.2893142 -0.1407936 -0.2659838 -0.1342501 -0.1096182 -0.1221018 0.0940186 -0.3513373 -0.1813661 0.5729690 0.2195347 -0.0610947 -0.2493874 0.0000000 -0.1737549 0.1057771 0.3663834 0.3770796 0.1146516 -0.3164647 -0.1005596 0.0701961 0.5281954 -0.1146651 0.1734533 0.2647421 0.5940722 0.2042185 -0.0593027 0.4036615 -0.3236092 0.3084828 -0.1056355 -0.0122191 0.2935088 0.0069134 0.4016450 0.2226703 0.3244120 0.3443859 0.0561868 -0.0966416 0.3538912 0.0377455 -0.0810423 0.3045102 0.3455584 -0.1685597 -0.1351983 0.4132872 0.3979971 0.5090371 -0.1203827 0.3468660 -0.2634691 -0.0433869 0.3179369 0.1546445 0.2116872 0.5517122 -0.1900237 0.1333275 -0.2300302 0.0626961 -0.1895403 0.0547466 0.2426992 0.1108178 -0.0906601 -0.0158144 0.1325474 -0.0701566 0.3204366 -0.3675691 -0.0885490 0.2573760 -0.1598984 -0.1359035 0.1245216 -0.1827277 -0.2747431 0.4867701 0.5262884 0.1212449 -0.0731603 0.5027712 0.5290632 0.1862656 0.4817227 0.1867978 0.4478611 0.3615449 -0.0818500 -0.1400159 0.5890563 0.5638030 0.0604032 0.1449250 0.2847084 -0.1156621 0.2380173 0.5180805 0.5144068 -0.3185435 0.3104762 0.4326989 0.2429762 0.3906862 0.3634532 -0.0517598 0.2550490 0.1033401 -0.1626391 -0.0647402 -0.3167262 -0.2790580 -0.3673185 -0.1664219 -0.3142950 -0.1649086 0.1059450 0.1099484 0.5808591 -0.1602921 -0.0751497 -0.1417712 0.1558180 0.2563205 0.0130259 0.2840745 0.1004705 0.1414703 0.3324059 -0.1752784 0.3162877 0.3334446 0.1287629 0.0093205 0.0411973 -0.3619364 0.5158472 -0.2932824 -0.1091479 -0.0526736 0.0304448 0.3823181 0.0863055 0.2011179 0.1306744 -0.2831549 -0.2763711 -0.0288623 0.0392580 0.4671788 0.4500876 0.2218344 -0.0117667 0.1389364 -0.0089489 -0.2605803 0.2871140 -0.1023224 0.1202373 -0.2172233 0.4421671 0.0162610 0.0527930 -0.0186797 -0.0454875 -0.3058807 -0.0377626 -0.0097626 -0.4721106 -0.3076200 -0.1213881 -0.3469104 -0.1245922 -0.2385265 0.0881597 0.1226966 0.2928752 0.1760082 0.1996279 0.0044049 0.1745956 -0.3719784 -0.1028038 -0.1675072 -0.4162584 -0.3766273 -0.1475268 -0.2839507 -0.3560726 -0.0715417 -0.1222320 -0.1258982 -0.2640413 -0.3045389 -0.1454819 -0.1973975 0.1069758 0.3144382 0.2738661 0.1321963 0.0973911 -0.0409801 -0.2787025 -0.1529051 0.0672150 -0.1032736 0.0317676 -0.3268122 0.1030204 -0.3182715 -0.2735039 0.0283096 0.0174551 0.2467075
0.3147667 0.2026288 0.0529549 -0.1081545 0.1310215 0.2017395 0.4741272 -0.0999181 0.9221518 -0.2074265 -0.6409400 0.5134445 -0.3321138 -0.1737549 0.0000000 -0.3922925 -0.1939258 0.6584138 -0.2732859 0.0304908 0.2655350 -0.1513504 -0.2752233 0.7625288 -0.2739817 -0.3178083 -0.0950269 0.3575101 0.1677415 0.3660161 0.0947052 0.0342283 0.5552131 0.4492606 -0.1122653 0.3384874 -0.1468928 -0.0693375 -0.0936901 -0.1453926 0.1201961 0.3845900 -0.4146684 0.3219824 0.4144011 -0.0900106 -0.2571298 0.1911111 0.5223435 -0.1143071 -0.3909419 -0.6685104 0.2489454 -0.4791360 0.2266471 0.1122166 -0.0663176 -0.3956367 -0.0775436 -0.3623660 0.3553716 -0.6397710 0.2143502 -0.2748016 0.2824961 0.4243829 -0.3958686 -0.7143652 0.2822066 -0.4600193 -0.0473568 -0.0825632 -0.7248103 0.2401441 0.1935774 -0.3443083 -0.0594156 0.0859350 0.1468726 0.3776877 0.4069834 -0.0952822 0.3922855 0.3350541 0.0397585 0.1599650 -0.0402398 0.0614178 0.0464447 0.0022611 -0.0182330 -0.2103065 0.1670907 0.3821600 0.0544707 0.0157214 -0.0331111 -0.0879151 0.4302326 -0.0795625 -0.0603325 -0.0577368 -0.1558819 -0.0734417 -0.2018337 -0.0155908 -0.2279220 0.2021569 -0.3124646 -0.1176294 0.0909322 -0.0906033 0.1871765 0.1254350 -0.0581963 0.0482814 -0.0414838 -0.3149208 -0.3161547 -0.2491747 -0.1962934 -0.0320090 -0.2620321 0.0553692 -0.1577388 -0.4602037 -0.0820294 -0.1535930 -0.4055876 -0.2459210 -0.2044873 0.0843919 -0.0843535 -0.1565709 0.1032015 -0.1286111 -0.2505270 -0.3154244 -0.1824082 0.0047723 0.0914913 0.0834353 0.3113931 -0.0971877 -0.1548559 -0.1733245 -0.1165364 0.0337543 0.1972117 0.1424398 -0.0285409 0.1663209 0.0384473 -0.0828960 0.2609305 -0.0674547 -0.0420830 0.2926565 -0.1212330 -0.0603620 0.2274227 0.1487427 0.1460075 0.1060923 0.1032978 0.2663540 0.3591589 -0.0798538 -0.1932060 0.2666665 0.2153215 -0.0658226 0.5450799 0.5669841 0.5685940 0.1967119 0.1676353 0.1510793 0.2875908 0.2697807 0.1729335 0.3520470 0.2461806 0.5213561 0.0601374 0.4963982 0.1655691 0.3074297 0.0291778 0.1512161 -0.1251948 0.1219051 0.2250717 -0.1169500 -0.2506766 -0.2077942 0.0357825 0.2849376 0.3525704 -0.1389898 0.0609982 0.0713503 -0.0468065 -0.1417936 0.2373110 0.2792203 -0.1130477 0.3423007 -0.2342373 0.1568096 0.0834650 0.0259899 0.3745969 0.2985003 0.1503292 0.1133102 0.2769098 0.0713778
0.0106624 0.3361492 0.4231961 0.3694030 0.4034573 0.2253240 -0.2352348 0.4787703 -0.4288341 0.1296828 0.8319824 -0.0535185 0.5346303 0.1057771 -0.3922925 0.0000000 0.1444706 -0.2217438 0.8626305 0.1393950 -0.0168719 0.3932814 0.7454228 -0.2439105 0.7950634 0.6638857 -0.0022495 -0.0773050 0.0915513 -0.0382138 0.1198674 0.3063542 -0.2053555 0.0101337 0.5310513 -0.1531104 0.4505133 0.5913516 0.3057195 0.3723314 -0.2060879 -0.2156230 0.7005857 -0.0291678 -0.1468274 0.4498661 0.5767446 -0.0241063 -0.0916235 0.4394182 0.5907728 0.4963683 0.0780485 0.4616809 0.0592894 0.4298880 0.4532188 0.4264860 -0.0141350 0.5510670 -0.0135850 0.6751266 -0.1868176 0.4190193 -0.0143774 -0.1605687 0.6990377 0.4984617 0.1542044 0.6418806 0.2966091 0.2390818 0.5911330 -0.0714825 -0.0370937 0.5770052 0.3100318 0.1554234 -0.0933268 -0.0825893 -0.3458143 0.0477378 -0.0454877 0.1848111 0.4158902 0.2810725 0.2940594 0.5324394 0.4240973 0.5368606 0.2052601 0.0564126 -0.1957752 0.2838995 0.3851497 0.2760941 0.0722332 -0.0485974 0.2505095 0.0947923 0.3055727 0.0579331 0.2306549 0.1924078 -0.0246703 0.5179857 0.3045531 -0.0445910 0.0769233 0.3548311 -0.0111818 0.2899680 -0.0388877 0.0356264 0.3124910 0.0470168 0.0892917 0.4096219 0.3701374 0.2643605 0.2161126 0.0877402 0.3005578 0.1933308 -0.0109558 0.3566400 0.2642389 -0.0953611 0.0921091 0.0470518 -0.1973975 -0.1671144 0.0061504 -0.1915918 -0.0997912 0.0236030 -0.2464878 -0.2412891 -0.3389038 -0.1745737 -0.0585473 -0.2972713 -0.0912138 0.1927029 -0.1355168 0.2275159 -0.4333425 -0.4001523 0.1092636 -0.3550623 -0.1945885 0.0121117 -0.4420749 0.3275490 -0.1065898 0.2180686 0.2913722 -0.0415214 0.2834417 -0.0157984 0.0528462 -0.2785699 0.1386973 0.1323799 0.0197996 -0.0098471 0.0465331 0.3324102 0.4010388 -0.0993260 0.2202949 0.3663641 -0.0416218 -0.0968261 -0.1942486 0.1419285 0.2150288 0.2847941 -0.1328071 -0.1725074 0.1349573 -0.1516465 -0.2082214 -0.3395966 -0.1787352 -0.1090864 -0.2598232 -0.3808208 0.1612912 0.1024760 0.3695328 0.1563868 0.0751173 0.4736260 0.4080605 0.3011400 0.0665974 0.0568102 -0.3116886 0.1662168 -0.0053759 0.1018231 -0.0619645 0.2771908 0.1445577 -0.1706269 0.2351021 -0.1696965 0.2995121 -0.1216496 0.1475238 0.0335982 -0.3224124 -0.0678131 0.0440050 -0.4753082 0.0133346 0.1159476
0.1119597 -0.3027531 -0.1229015 -0.3295360 0.0002235 0.2164544 -0.1838521 -0.2210912 -0.0972721 0.5134946 0.3326135 -0.4368073 -0.3549933 0.3663834 -0.1939258 0.1444706 0.0000000 -0.2080998 0.0530180 -0.3357921 -0.4107618 -0.1279643 0.2830641 -0.5430713 0.0246404 0.0933016 0.6659528 -0.4592378 -0.5077497 0.6070367 -0.3243959 -0.3202593 -0.3386287 -0.4744676 0.2286307 -0.3722488 0.0497195 0.0498098 0.4329972 0.1958690 -0.2342214 -0.4432261 0.3147260 0.0413569 -0.2297857 -0.2245651 0.0765979 0.0185005 -0.1819997 0.2471775 0.1364544 0.3832464 -0.3972484 0.3893865 -0.0735166 -0.0505882 -0.1557447 0.3494263 0.1205315 0.0689218 -0.0883169 0.1940714 -0.0618046 -0.1543663 -0.4854476 -0.2637310 -0.0400698 0.3593423 0.0091981 -0.1230081 -0.1327083 -0.5209936 0.2873102 -0.1598094 -0.0196495 -0.1495982 -0.3094721 -0.1661823 -0.0297326 -0.0102128 -0.0262637 0.0860996 0.1946335 0.3043504 0.0027409 0.3493431 0.2453773 -0.0494301 0.3453133 0.1723953 0.5147124 0.5213256 0.4301770 -0.3235405 0.4351713 0.5635134 0.3656480 0.2647662 -0.0109575 -0.1926339 0.3229552 0.3856888 0.4046614 -0.1924355 0.6165237 0.4001494 0.4742798 0.5195878 0.4525930 0.1899346 0.3652001 0.1095995 0.1314919 0.1705606 -0.2127604 -0.0237068 -0.2245545 -0.3278422 -0.1953037 0.0270957 -0.1227688 0.0873970 0.1553749 -0.2955959 0.1180394 0.4872801 0.1864178 0.0990004 0.6018341 0.2790902 0.3574370 0.1241473 0.2819907 0.1952447 0.2148576 0.2169984 0.3307260 0.3076289 0.2892082 -0.1844012 0.2142017 -0.0538508 -0.0281683 0.3089476 0.2290232 0.3452565 0.2715836 0.3102751 0.0083281 -0.0803579 -0.1050624 0.1841602 0.2802834 -0.0954741 0.5848897 0.1154150 -0.1752429 0.2710036 -0.3083249 -0.0847749 0.3769888 0.1866403 0.0792691 -0.1815034 0.4132342 0.0398799 -0.1402164 -0.1864942 -0.3050644 0.0283341 -0.0906495 -0.1852372 -0.3292789 -0.1352633 -0.2001542 -0.2882994 -0.2861927 -0.0793800 -0.2120757 -0.1562188 -0.0367318 -0.2786199 -0.2535135 -0.1998477 -0.0463211 -0.2589061 0.2174700 0.1392327 -0.1458210 -0.4959666 0.1164747 -0.2838858 -0.2308459 0.4074177 0.3388565 0.5035606 0.0817576 0.1689429 0.2327378 0.3369695 0.5941407 0.6529608 0.3955016 0.0189760 -0.1566095 0.3039419 0.1862494 0.0290825 0.3396038 0.6139437 0.2227726 -0.3357324 0.2328574 -0.1191664 -0.1248836 -0.0119901 0.3266148 0.3816262
