0.0000000 -0.0885639 -0.3233888 -0.3641988 -0.0013866 -0.3182684 -0.2847279 -0.4679388 -0.2351294 -0.3645511 -0.5729335 0.2254349 -0.4243044 -0.2221879 -0.0486327 -0.5363069 -0.5442955 0.0311947 -0.4355211 -0.4655741 0.3599368 -0.3841366 -0.4501193 0.2319456 -0.4801510 -0.4276459 -0.3811802 0.1658578 0.0518523 -0.4029586 -0.4180081 -0.6192527 0.2916622 0.1069337 -0.4421694 0.1939516 -0.5355447 -0.5341281 -0.4740196 -0.1450163 -0.5150848 0.1111812 -0.4828187 -0.2426628 0.0191664 -0.4249641 -0.4934443 -0.5638145 -0.1058620 -0.0485202 -0.4713203 -0.3860667 -0.1887709 -0.4425963 -0.4291804 -0.3785546 -0.4984425 -0.4245985 -0.1238558 -0.4983425 -0.1389387 -0.3907170 -0.5098513 -0.4210323 -0.3642203 -0.4809760 -0.4090853 -0.4415730 -0.4129571 -0.4077555 -0.4155546 -0.3964710 -0.3662986 -0.2644279 -0.4282725 -0.3714468 -0.4200914 -0.3907306 -0.3769833 -0.2888591 -0.3984822 -0.1441412 0.3099711 0.3796658 0.5786178 0.5231110 -0.0693619 0.3756169 -0.1682232 0.4073862 -0.4796115 0.1261890 -0.1055244 -0.1527527 -0.0223966 0.2584669 -0.3379801 -0.1214385 0.1489788 -0.2871780 0.2639545 0.0916338 0.3178481 -0.1174108 -0.3190497 0.0332603 0.3012785 0.1727014 -0.1439948 0.6917295 -0.0528966 0.6623494 -0.1522673 0.1523643 0.7097238 0.2492319 0.3215359 0.6365752 0.3164366 0.3098470 0.1607647 0.1304003 0.3865898 -0.4882917 -0.0240153 -0.0427934 -0.2447848 0.3432785 -0.2010851 -0.5352666 -0.4742809 0.3316212 -0.3913097 0.2058899 0.1763580 -0.0275681 -0.6549158 -0.3415118 -0.6112882 0.1601085 0.1375605 -0.1083032 0.2116045 0.2260198 -0.2442346 -0.1372542 -0.4824567 -0.4315922 0.1136481 0.0574059 0.4067767 0.2007669 -0.3183745 0.1558564 -0.2212535 0.0143192 0.5071060 -0.0082455 0.3789994 0.3999669 -0.1536169 0.1221500 -0.1760444 0.1788963 -0.1642923 0.2886011 0.0454478 0.1781090 0.1917843 0.2736301 0.2414763 0.3057560 0.2059047 -0.3139233 -0.0135117 -0.3921848 -0.0484383 0.0377453 0.4238518 0.5794797 0.4586477 0.5176724 0.4481294 0.4708611 0.1930456 -0.0567700 -0.3085204 0.0312110 -0.4380319 -0.4367980 0.2562108 -0.4254898 -0.3854274 0.2180787 0.0747328 0.1186105 0.2600673 -0.2817406 -0.6100966 0.1224847 -0.0570855 0.0634057 0.1115698 0.2242225 -0.2550702 -0.3192342 0.0576671 -0.2687119 0.1614589 -0.4929626 0.1723643 -0.1132385 -0.3456520 0.0238780 -0.0256917 -0.1357590 0.3922619 -0.0694271
-0.0885639 0.0000000 0.6904822 0.6983645 0.4028355 0.6254185 0.5718962 0.5930716 0.5644392 0.4728406 0.4035898 0.2801820 0.6510802 0.6162193 0.5444067 0.4051542 0.3303502 0.4362587 0.3443309 0.0506590 0.2640510 0.4629552 0.4752624 0.3762527 0.4007163 0.4852785 0.5928007 0.3783533 0.3995457 0.5896165 0.3171138 0.4759047 0.4197957 0.5243981 0.5730307 0.5268830 0.5395520 0.5731671 0.6136633 0.0860906 0.5170710 0.5658016 0.5802803 0.4457529 0.4380107 0.6070869 0.5576382 0.5024497 0.6141269 0.1293036 0.5271820 0.5329557 0.5414454 0.4425283 0.6532866 0.6695374 0.6332720 0.4917704 0.1857007 0.4823232 0.4344776 0.4609902 0.4341220 0.4245893 0.4143084 0.6279901 0.3604850 0.3977413 0.5586854 0.4500769 0.5128190 0.4981161 0.3889922 0.5406280 0.5941345 0.3635753 0.5728051 0.5277629 0.4800167 0.4000845 0.5404217 0.4414961 0.1848552 0.1242843 0.0115209 0.1623451 0.2902064 0.0947750 0.0994986 0.0901116 0.2601892 0.2285195 0.4090780 -0.3848791 0.1547982 0.0266210 0.3496333 0.6818719 -0.0314395 -0.3948219 0.0153107 0.3939736 0.2977364 -0.4457438 0.2459940 0.1264807 0.2700325 0.4805585 0.1052824 0.0574618 0.0747973 0.0493088 0.3032293 0.0152792 -0.0245793 -0.0810279 -0.1777443 -0.0860999 -0.1837145 0.2470482 -0.1281483 -0.1511459 -0.0955943 -0.1707291 0.0732498 0.0532918 0.3066127 -0.1926814 0.1206286 0.3706004 0.3481314 -0.0619331 0.2204747 -0.2939146 -0.0328180 -0.0650518 0.1680705 0.1896416 0.0813374 0.0939570 0.0171282 0.1172390 0.2738108 -0.1214565 0.0904171 0.0894751 0.1223240 0.0682911 -0.0138906 0.1523609 -0.1122524 -0.1246168 0.3466649 -0.1216724 0.0191309 -0.0723128 -0.0310200 -0.0032889 0.2140626 0.0698790 0.1075621 0.1754159 -0.2109062 0.1544911 0.1710847 -0.0046166 -0.2305500 -0.2600780 0.1754132 0.0738188 0.0311584 0.1298990 -0.2016129 0.2831572 0.4923304 0.2893323 0.1484136 -0.1638283 0.0094425 0.0270965 -0.0798272 0.2143595 0.1571374 0.3071772 -0.0206559 0.3690365 0.2409684 0.2630380 0.6482971 0.6358885 0.2569067 0.4100137 -0.1376420 0.0368588 0.0310601 -0.3095349 -0.3492735 -0.4032524 0.3172572 -0.2366112 0.3400102 0.1080246 -0.0147382 0.1512977 0.1752049 0.4053480 -0.0270799 0.0862835 0.5644704 0.1347519 0.0588690 0.2500342 0.1712137 -0.2826500 -0.0638910 0.3664496 0.4155773 0.5279868
-0.3233888 0.6904822 0.0000000 0.5457906 0.7526579 0.5455131 0.3715319 0.7269659 0.5954329 0.4035878 0.4833206 0.1519111 0.9097339 0.4242672 0.2714545 0.5144909 0.3208113 0.3733704 0.3773520 0.6028326 -0.0702397 0.5713148 0.3893294 0.1899339 0.4754674 0.4658124 0.4389627 0.0696569 0.1271570 0.3382967 0.7348352 0.7265536 0.2043218 0.3967106 0.4299225 0.1413847 0.4564829 0.6626757 0.3929735 -0.2570666 0.8600704 0.1151658 0.3516474 0.2880610 0.2547108 0.4085365 0.4341702 0.8595688 0.4831302 -0.0339720 0.4127997 0.2576608 0.5389537 0.3760897 0.7685132 0.5668487 0.5448081 0.4888484 0.3989719 0.3722293 0.5018510 0.3093834 0.6129324 0.4106876 0.4823025 0.7095260 0.2405970 0.3641430 0.5920556 0.3883572 0.5057398 0.4617841 0.2575731 0.3523074 0.6699895 0.2465079 0.4218827 0.4954430 0.3968028 0.2884096 0.5366775 0.5287846 -0.0195880 0.0250426 -0.1737692 -0.2820885 0.1100102 -0.0414708 0.2777011 0.0296333 0.3309341 0.1687774 0.5088856 -0.1701040 0.2349092 -0.0947682 0.5430885 0.6091910 0.0873978 0.0140992 0.0057836 0.0028587 -0.0229667 -0.1103673 0.3702701 0.2430089 0.1483575 0.1915515 0.2089529 -0.2390632 0.2356915 -0.0932555 0.3486895 -0.0436873 -0.2322156 -0.1743170 -0.2612950 -0.3461659 -0.3594615 0.1652901 -0.2186995 -0.1821245 -0.1225739 -0.2480681 0.2328390 0.0687846 0.2942436 -0.2453859 0.3068386 0.4391330 0.4198216 -0.1247625 0.3095266 -0.3953876 0.1562725 -0.1859062 0.3543827 0.3468602 0.2981922 0.1059075 -0.0363363 0.5046221 0.3328397 -0.4307033 0.1791888 -0.0665417 0.2959601 0.2335607 0.2009942 0.3968531 -0.1351566 -0.4050273 0.3495625 -0.1846120 0.0128642 -0.3043027 -0.1948851 -0.0679430 0.1220802 -0.1672917 0.0477324 0.2460141 -0.3650978 -0.0787275 0.0862418 -0.1756399 -0.3031848 0.0127611 0.0896063 -0.0819016 -0.0630957 -0.0284339 -0.4791793 0.0127475 0.0390589 0.2052650 -0.1179546 -0.3729069 -0.3207249 -0.3214603 -0.4271542 -0.2163327 -0.0876172 -0.1464510 -0.0221972 0.2476034 0.4439017 0.1557598 0.5260020 0.4179394 0.2460565 0.2584783 -0.0094173 0.0079237 0.1203410 -0.3889319 -0.5584919 -0.1513000 0.4240011 -0.3324091 0.6017620 0.2255228 0.0136825 -0.1275141 0.6910116 0.1507958 0.0482111 0.3206020 0.3804457 0.2741119 -0.0142396 0.1547554 0.5285219 -0.4362749 -0.2585297 0.4434282 0.2203003 0.4564961
-0.3641988 0.6983645 0.5457906 0.0000000 0.0127967 0.9443413 0.7819340 0.8541701 0.7829824 0.8527730 0.8698339 0.3576271 0.6608187 0.6231351 0.7398979 0.7916137 0.7999093 0.2706008 0.7263242 0.0824191 0.1922989 0.6365423 0.7994256 0.2114058 0.7705742 0.7894188 0.7115036 0.1841826 0.6503776 0.6855240 0.3094945 0.6476690 0.1973703 0.5094207 0.7882158 0.3854040 0.7299582 0.7227423 0.8241312 0.4652109 0.5326927 0.5339097 0.7815841 0.7863867 0.6079127 0.7587098 0.7353930 0.4930262 0.8225523 0.3289823 0.7044063 0.7164518 0.8167366 0.8250391 0.5870144 0.6851729 0.7299751 0.9196012 0.0904362 0.6777620 0.6774163 0.7118996 0.5257869 0.9053404 0.8186796 0.6066606 0.6451882 0.7966129 0.6942552 0.8540600 0.6770640 0.9046589 0.7246887 0.8253648 0.7352369 0.7788017 0.8903378 0.6491412 0.7813597 0.3848231 0.8127467 0.2699041 0.1257484 0.1239806 -0.1090842 -0.1328016 0.2648360 -0.1828030 0.1620087 0.1411034 0.4851127 0.2597167 0.3163768 -0.1258171 0.4009465 0.1421019 0.5497232 0.6381993 0.2401613 0.0089422 -0.0489414 0.1470021 -0.0845302 -0.0445917 0.4098051 0.3093027 -0.2027862 0.1253532 -0.0386473 -0.1124600 -0.1058450 -0.4276321 0.5246660 0.2770115 -0.1555951 0.1081802 0.0559871 -0.1575526 0.0494915 -0.0984877 -0.0892109 0.1293911 -0.5688474 0.2967468 -0.2075612 -0.2464322 0.5759756 -0.4115275 -0.1131161 0.7406492 0.5112481 -0.3247667 0.6112496 -0.3845013 -0.2452497 -0.1693493 0.3791512 0.0765796 0.1782487 0.0101771 0.0731714 0.0516593 -0.0636966 -0.3591354 -0.0426949 -0.0309016 0.2942859 0.3092211 -0.0865927 0.2304544 -0.4142737 -0.3622734 0.6268186 0.0505066 0.4827747 -0.2444924 -0.4132493 0.2206899 -0.1004263 -0.0874641 0.5900358 0.2882555 -0.0536194 0.0072661 0.6192629 -0.1909630 -0.1805566 -0.2322314 -0.1725520 -0.2241560 0.1802066 -0.0362626 -0.2826851 0.0936218 0.1840287 0.4893243 -0.0499388 -0.5188834 -0.4283185 -0.4280861 -0.3417709 -0.0866520 -0.2226042 0.0012255 -0.3982261 0.5487664 0.1206668 0.0916383 0.9023804 0.8968082 -0.1337128 0.7720684 0.1922885 -0.4868556 -0.3800191 -0.5249552 -0.5726631 -0.2233214 0.5052685 -0.4822578 0.1296856 -0.2001026 -0.2022165 -0.0520952 0.0895999 0.6784050 -0.3697404 0.0188509 0.2347307 0.0255284 -0.2602066 0.2672964 -0.0822846 -0.3476498 -0.1364262 0.3233432 0.3882140 0.5463399
-0.0013866 0.4028355 0.7526579 0.0127967 0.0000000 0.0292606 -0.0836194 0.3136025 0.2020540 -0.1580661 -0.0758392 -0.0564597 0.6533420 0.1885725 0.0080824 0.0223734 -0.2019735 0.4400232 -0.1161821 0.6563172 -0.1654933 0.3630044 -0.0864136 0.2893481 0.0092308 0.0374353 0.0706646 0.1815778 -0.1085370 0.0484294 0.7086169 0.4050916 0.3382634 0.2818422 0.0208768 -0.0548542 0.0834548 0.2882703 -0.0676268 -0.4888201 0.7052354 -0.0641829 -0.0892685 -0.0934679 0.0471722 0.0122211 0.0270945 0.7081305 0.1020910 -0.2890482 0.0128379 -0.1355490 0.0980111 -0.1182994 0.4588810 0.1993900 0.1662760 -0.0769426 0.3116055 -0.0067979 0.1977409 -0.1018330 0.3877899 -0.1348440 0.0405529 0.4393031 -0.1224790 -0.1931405 0.2777571 -0.1705225 0.2449689 0.0009161 -0.1907145 -0.0692464 0.3698031 -0.2594211 -0.0542386 0.1865198 -0.0336134 0.0834829 0.1042553 0.3414191 -0.1751620 -0.0415376 -0.0493778 -0.2592129 -0.1025112 0.1732290 0.2122524 0.0177517 -0.0325472 -0.1323161 0.2697992 -0.0027974 0.0863834 -0.1346856 0.1652700 0.3331178 0.1173360 0.0458150 -0.0184260 -0.2056220 -0.0814728 0.0193678 0.1184711 0.0967631 0.1431633 0.0422405 0.1201142 -0.1750849 0.1579782 0.0758358 -0.0654276 -0.1328957 -0.1087763 -0.1273500 -0.1931365 -0.1244416 -0.2924173 0.3110230 0.0603309 -0.2196652 0.3288262 -0.3583758 0.4183444 0.0412932 -0.0318103 -0.0403843 0.2354681 -0.0245642 0.1782042 0.2209159 -0.1575394 -0.1447249 0.5030851 -0.1916291 0.0193656 0.2070050 0.1220710 0.1040695 0.0012749 0.3981234 0.4712045 -0.1386283 0.1202222 -0.2371403 0.0154915 -0.1071233 0.2647987 0.2900200 0.1637108 -0.1846617 0.0323532 -0.1828340 -0.3348797 -0.2595166 0.0947139 -0.2332572 0.1512213 -0.0240569 -0.2710793 0.0597391 -0.4669777 0.0282169 -0.2343713 -0.0235954 -0.2498445 0.1321036 0.3719980 0.2469413 -0.0464048 0.1864932 -0.3580517 -0.1536099 -0.0696692 -0.2624424 -0.1677634 -0.0232774 -0.0813551 -0.0446822 -0.2246275 -0.1789902 0.0829760 -0.0705237 0.3813116 -0.0954237 0.4485599 0.1404635 0.0554508 -0.0086851 0.2183588 -0.2641420 -0.3580626 0.1806120 0.1990945 -0.2680217 -0.3949331 -0.3033804 0.0713794 -0.2443452 0.6147801 0.4765867 0.0212355 -0.2100621 0.6946107 -0.2295101 0.1473143 0.3234120 0.3171527 0.2332349 0.0518368 -0.0245135 0.5806129 -0.3591892 -0.3178048 0.4268085 0.0498171 0.3334954
-0.3182684 0.6254185 0.5455131 0.9443413 0.0292606 0.0000000 0.7430896 0.7655124 0.9004169 0.9138997 0.8205443 0.3487465 0.5975872 0.5076350 0.7706674 0.7170749 0.7223006 0.2190813 0.5905945 0.0699119 0.1934761 0.6058099 0.6680423 0.2248501 0.6471033 0.6481962 0.5339776 0.0768477 0.6882263 0.5030446 0.2511982 0.5070285 0.2326962 0.5632505 0.6564837 0.3778090 0.5634099 0.5832974 0.6915754 0.3513422 0.4401558 0.4653329 0.6659614 0.7357794 0.6319992 0.6043984 0.6176748 0.4241513 0.8629732 0.1919850 0.6029175 0.6223329 0.8813589 0.7480256 0.4517142 0.5366437 0.5886497 0.8604557 -0.0563679 0.5676954 0.7218122 0.6207137 0.3829063 0.8305293 0.7832451 0.4672460 0.5292452 0.7020826 0.5548762 0.7598442 0.5119016 0.7934666 0.6041316 0.6670069 0.5761291 0.6446808 0.7340085 0.4546711 0.6223739 0.2487463 0.6695241 0.2690384 0.0855559 0.0604803 -0.1651433 -0.1720884 0.2597103 -0.2311983 0.1668523 0.1780432 0.4996028 0.3117023 0.3942962 -0.0612153 0.4824150 0.1732426 0.5085602 0.6349535 0.3161820 0.0634798 -0.0628158 0.1856968 -0.0812738 -0.0588769 0.4307426 0.4425014 -0.2318657 0.1059643 0.0104159 -0.1117088 -0.0539874 -0.4069820 0.5185784 0.2566953 -0.1731062 0.1146072 0.1005134 -0.1152838 0.0249324 -0.1775397 -0.1139683 0.0687130 -0.5625653 0.2099283 -0.2372440 -0.3495332 0.4145457 -0.3737181 -0.1796347 0.6373414 0.3829590 -0.3571976 0.5344249 -0.3754226 -0.3124191 -0.1403532 0.3052327 -0.0241551 0.0941556 -0.1401369 0.1233511 0.0875678 -0.0993095 -0.4125711 -0.1020863 -0.0555040 0.2809554 0.3604431 -0.0571714 0.2597718 -0.4165130 -0.3805141 0.6231900 0.0827984 0.5112160 -0.1630618 -0.3930861 0.2656014 -0.1510438 -0.1666837 0.5335924 0.3013727 0.0158258 -0.1123443 0.5636994 -0.1505567 -0.1517838 -0.1664933 -0.2445108 -0.2918088 0.2178339 -0.0717188 -0.1850231 0.0214386 0.1039096 0.4190328 -0.1115545 -0.5245841 -0.4239646 -0.5030399 -0.3340739 -0.0340064 -0.2143319 0.0184895 -0.5050008 0.4478829 -0.0452200 -0.0444317 0.7621073 0.7576991 -0.2038532 0.6391848 0.1781182 -0.5762133 -0.4695920 -0.6232753 -0.6460174 -0.1875928 0.4132793 -0.5624893 0.0836462 -0.1860952 -0.1183609 -0.1746396 0.0473898 0.5706224 -0.4068705 -0.0028466 0.2034666 -0.0372073 -0.1981114 0.0795739 -0.1644498 -0.4286957 -0.2757611 0.1950965 0.3234699 0.5053520
-0.2847279 0.5718962 0.3715319 0.7819340 -0.0836194 0.7430896 0.0000000 0.5448889 0.6478483 0.7581331 0.6078522 0.5647898 0.4055406 0.6482226 0.6957493 0.4179821 0.5180325 0.4961295 0.3292880 0.0300377 0.3981970 0.2913581 0.4470744 0.3510940 0.3940458 0.3651844 0.4286803 0.2560846 0.6423009 0.4784801 0.2458857 0.3977007 0.2039627 0.5065530 0.3831395 0.4742010 0.3586182 0.3353027 0.4902920 0.0893395 0.3202742 0.5948285 0.4400674 0.4611207 0.5010659 0.4316926 0.3533443 0.2890478 0.6083458 0.0457658 0.3307599 0.3713259 0.6843473 0.3927155 0.3362232 0.4335553 0.3663026 0.5824064 0.1396044 0.2614787 0.5709929 0.3358021 0.2852934 0.6328456 0.6472314 0.2793730 0.2733772 0.4577906 0.3431357 0.5865542 0.2986398 0.6689781 0.4679662 0.6704568 0.4263826 0.5582042 0.6859474 0.3680707 0.5096742 0.3004667 0.5183025 0.2208033 0.1696300 0.2365223 0.1572491 0.0726913 0.0401513 0.1270971 0.2722228 0.4645964 0.4025252 0.1411663 0.2615855 -0.0347870 0.4360980 0.3808486 0.3650330 0.5173689 0.3176948 0.0276428 0.2607247 0.3162873 0.0671101 -0.0035057 0.4482308 0.4944794 0.0830461 0.2357508 0.0965024 0.1180158 0.1185678 -0.1364948 0.4344384 0.2723324 0.0082247 0.1850733 0.1645188 0.0255531 0.1661957 0.2363990 0.1560875 0.3243248 -0.4322361 0.3384677 0.0554155 -0.0029383 0.4677751 -0.2633597 0.0809289 0.5966009 0.5095323 -0.0718577 0.4343735 -0.1552976 -0.1194826 -0.0774961 0.4019258 0.2599318 0.2626575 0.2198389 0.1298316 0.2559243 0.0531132 -0.1076133 0.1869695 0.1348380 0.3993342 0.3102244 0.0310546 0.3700187 -0.1133716 -0.0416018 0.6252045 0.0884109 0.4468044 -0.0714871 -0.1005621 0.3603199 0.0852294 0.2447662 0.4780607 0.5068301 0.1183901 0.2899546 0.4944397 0.1458497 0.1105761 -0.1262628 0.1185938 0.1163570 0.2209070 0.0759594 -0.1609039 0.1151227 0.4542492 0.5866876 0.2369406 -0.3265060 -0.1374737 -0.2548324 -0.1935968 0.0508621 -0.0530536 0.0935521 -0.3433977 0.6379968 0.1704538 0.0801756 0.7547411 0.6519784 0.2144607 0.6661548 -0.0305112 -0.1082669 -0.0821128 -0.1816731 -0.2732369 -0.2622998 0.3197677 -0.1733237 0.2119166 -0.1474107 -0.1063775 -0.0170550 0.0160375 0.3702683 -0.1270933 -0.1695962 0.5504745 0.0669150 -0.1682566 0.2672512 0.0049122 -0.1374400 0.0532267 0.0839313 0.4913097 0.5036163
-0.4679388 0.5930716 0.7269659 0.8541701 0.3136025 0.7655124 0.5448889 0.0000000 0.7107182 0.6597204 0.8614309 0.3471342 0.8288586 0.6539652 0.5680209 0.8829167 0.8034872 0.3060009 0.8194937 0.3801080 0.0822755 0.7318532 0.8439099 0.1702591 0.8585379 0.8646396 0.7818712 0.2241895 0.4043034 0.7444793 0.5826209 0.8361115 0.1479554 0.3829866 0.8103096 0.1456726 0.7821691 0.8751982 0.7880890 0.3461593 0.8045295 0.2884937 0.7458878 0.7389103 0.3383927 0.7758677 0.7633904 0.7350374 0.6918703 0.3416790 0.7224061 0.6336073 0.6512837 0.8185123 0.7911237 0.7654694 0.7855425 0.8660550 0.3016132 0.7195236 0.5672619 0.6964902 0.7673657 0.8543004 0.7937751 0.7589828 0.6484704 0.7794701 0.8608660 0.8145941 0.7755294 0.8926529 0.6830639 0.7983619 0.8912952 0.7057925 0.8689844 0.7694608 0.7934722 0.4272906 0.8728974 0.3209893 -0.0336313 0.0225304 -0.1559756 -0.3583188 0.2194263 -0.2600252 0.3113510 0.0542888 0.4720842 0.1854868 0.3809582 -0.0272841 0.3661512 0.0169877 0.5640154 0.6339541 0.2088636 0.1788493 -0.1853851 -0.0393378 -0.3094518 0.1673298 0.3898783 0.2348417 -0.2381651 -0.0688169 -0.0059262 -0.3163948 -0.1401818 -0.4790400 0.3539984 0.2064601 -0.2379826 0.0439293 -0.0377839 -0.3050549 -0.0534127 -0.0742162 -0.0733245 0.0917725 -0.4523981 0.2897177 0.0234531 -0.1078755 0.6103023 -0.4392009 0.1126273 0.7939895 0.7161467 -0.3142502 0.6401808 -0.4383374 -0.1000217 -0.2702712 0.5694682 0.2930690 0.4526545 0.1247693 -0.0502134 0.2767859 0.0377357 -0.4083053 0.1386651 -0.1639494 0.4037918 0.3688276 -0.0196470 0.3278785 -0.3656341 -0.4197239 0.6099317 -0.0619147 0.3665462 -0.4456156 -0.4547216 0.1451565 -0.0848135 -0.1108846 0.5124798 0.2786097 -0.2121489 -0.0146920 0.5409809 -0.2768801 -0.2962915 -0.1068070 -0.1616670 -0.2159914 0.1267315 -0.0310666 -0.3573262 0.1324684 0.0454978 0.4247591 -0.0339853 -0.4583798 -0.4708855 -0.4815577 -0.4887337 -0.3665712 -0.3448423 -0.3043290 -0.2257658 0.4655620 0.3468066 0.1662315 0.8866285 0.8351658 -0.1479194 0.7247408 0.2582599 -0.3784332 -0.2036324 -0.4419734 -0.6027092 -0.0816056 0.5954359 -0.4542447 0.4280565 -0.0068869 -0.1712665 -0.1019884 0.5098115 0.6029698 -0.2296167 0.3489848 0.1894915 0.2399227 -0.2949712 0.3130597 0.2387263 -0.2845141 -0.1148173 0.4912444 0.2879351 0.6039278
-0.2351294 0.5644392 0.5954329 0.7829824 0.2020540 0.9004169 0.6478483 0.7107182 0.0000000 0.8549257 0.6704820 0.4369073 0.5408738 0.5640560 0.8149489 0.5760618 0.5712899 0.3674014 0.4033032 0.1058892 0.2574605 0.5020998 0.4901971 0.4020379 0.4569008 0.4543452 0.3908955 0.1845671 0.6482037 0.3937601 0.2975857 0.3620689 0.4035838 0.6620049 0.4681153 0.2761537 0.3396860 0.4288076 0.4961448 0.0825690 0.4353517 0.3642015 0.4748976 0.6396192 0.5334667 0.4213236 0.4267751 0.4025724 0.8563462 -0.0024830 0.4172193 0.4170147 0.8638118 0.5529378 0.4064013 0.4122273 0.3997812 0.6812144 -0.0491017 0.3842423 0.6827954 0.4322064 0.3379202 0.6608199 0.7154486 0.3257340 0.3139719 0.4988203 0.4395149 0.5729453 0.3082867 0.6566035 0.4178579 0.5258328 0.4424793 0.4162631 0.5611135 0.3039074 0.4271096 0.0939652 0.5209374 0.2735680 -0.0734610 -0.0453253 -0.0773638 -0.2394827 0.1638802 -0.1736329 0.2639866 0.2383181 0.4529911 0.2687267 0.4989883 0.1061749 0.4763821 0.2128196 0.4377852 0.6457548 0.3403424 0.1741888 -0.1568343 0.2657926 -0.1829509 0.1073446 0.4007409 0.5028645 -0.1978253 0.0042740 0.0640082 -0.1575383 -0.0806919 -0.3189731 0.2511182 0.1249741 -0.1747180 0.0325692 0.0402986 -0.0756539 -0.0911131 -0.1476293 -0.0581050 -0.0713505 -0.4421728 0.1232731 -0.0202042 -0.2936300 0.1885030 -0.3731249 -0.0565683 0.4421243 0.3555566 -0.3457506 0.3214302 -0.4459385 -0.2726314 -0.2262897 0.2481289 0.0483770 0.1777416 -0.2157643 0.0070001 0.2145696 -0.0957588 -0.3951035 -0.0190777 -0.1932420 0.2877106 0.3760758 -0.0680316 0.2709578 -0.3390198 -0.3615952 0.5524580 -0.0593943 0.3289698 -0.2416149 -0.3652810 0.2199880 -0.2065583 -0.1576217 0.3128571 0.2804794 -0.0447262 -0.1797802 0.3483184 -0.1120445 -0.2296604 -0.1372897 -0.2879149 -0.2909722 0.1654340 -0.1194567 -0.0227273 0.0332996 0.0915474 0.2922723 -0.0592793 -0.3797629 -0.3157635 -0.5232260 -0.3372407 -0.1396851 -0.2430500 -0.1466386 -0.4810434 0.3449232 -0.0926573 -0.1422102 0.6183284 0.5807494 -0.1987386 0.4593202 0.1431120 -0.4667981 -0.3521759 -0.5743856 -0.6582713 -0.1165072 0.2811544 -0.5465610 0.2628845 -0.0535803 -0.0206193 -0.3483879 0.1867174 0.3590124 -0.3035933 0.1481846 0.3273354 0.0476065 -0.1564455 -0.0943411 -0.0765732 -0.4219128 -0.3200327 0.1111128 0.2943286 0.5680053
-0.3645511 0.4728406 0.4035878 0.8527730 -0.1580661 0.9138997 0.7581331 0.6597204 0.8549257 0.0000000 0.8081828 0.4213754 0.4136717 0.6008083 0.7677009 0.6409322 0.7357802 0.2696180 0.5116486 0.0144050 0.3280426 0.4237786 0.5922659 0.2618640 0.5374547 0.5661574 0.5293296 0.1337008 0.6939123 0.4995843 0.1298931 0.4083049 0.2171926 0.5664347 0.5757127 0.3288382 0.4979843 0.4076775 0.6508830 0.3002972 0.2625255 0.4307005 0.6035346 0.6938158 0.5422930 0.4896531 0.5601863 0.2480062 0.8139358 0.1684271 0.5590556 0.5816130 0.8351114 0.6950589 0.3611332 0.4723729 0.4839026 0.8196890 -0.0417059 0.4947239 0.5977863 0.5538962 0.2502928 0.7830942 0.6786761 0.2676859 0.4669522 0.6941918 0.4349490 0.7380159 0.3364024 0.7344619 0.6069343 0.6240648 0.4289873 0.6331294 0.6850873 0.3101281 0.5731748 0.1517960 0.5673675 0.2988376 0.0611911 0.0463203 -0.1967881 -0.0945051 0.2167477 -0.2314086 0.3362491 0.1851656 0.6061233 0.2199224 0.3539747 0.0745586 0.4722203 0.2478380 0.4445450 0.5407898 0.2755596 0.2404263 0.0621634 0.3550993 -0.0632757 0.0927640 0.5359171 0.4544544 -0.1063379 0.0680823 0.2119642 -0.2286670 0.0761143 -0.3745173 0.3273202 0.0289370 -0.3185194 -0.0870204 -0.0626738 -0.2317002 -0.1372098 -0.1995359 -0.2042476 -0.0263306 -0.6161227 0.2389117 -0.1691509 -0.1645098 0.2808681 -0.4168195 0.0177723 0.5505134 0.3978224 -0.5226557 0.4336159 -0.5077047 -0.4716717 -0.0796425 0.3596327 0.1262035 0.2455924 -0.2093321 -0.0340893 0.0445929 -0.2721710 -0.4659502 -0.0107962 0.0506303 0.2951295 0.3653827 -0.2941437 0.1626914 -0.3533788 -0.3650020 0.4755777 -0.0397545 0.4241452 -0.1726568 -0.4820763 0.1713288 -0.2877503 -0.1626820 0.4064632 0.2182271 0.0806855 -0.1666910 0.4130150 -0.1961043 -0.1604528 -0.2956306 -0.3895983 -0.4446241 -0.0095374 -0.3584095 -0.0813356 0.0908496 0.1166344 0.3751594 -0.0034543 -0.5010161 -0.3507845 -0.5969624 -0.3649130 -0.1874546 -0.3198977 -0.1765824 -0.6479439 0.4411691 -0.1397021 -0.1237124 0.6963866 0.7019734 -0.1207364 0.6150636 0.3376694 -0.4493150 -0.3179969 -0.4979124 -0.5420692 0.0098496 0.3884185 -0.4154738 -0.0243752 -0.1212358 -0.0031354 -0.2399479 -0.0067693 0.5614076 -0.2354530 -0.0063113 0.2132664 0.0266921 -0.1180263 0.0050805 -0.1337421 -0.2973325 -0.1233538 0.1553494 0.3437422 0.4876896
-0.5729335 0.4035898 0.4833206 0.8698339 -0.0758392 0.8205443 0.6078522 0.8614309 0.6704820 0.8081828 0.0000000 0.3131853 0.5842399 0.4924962 0.5314319 0.9290295 0.9545435 0.0088634 0.8187484 0.1805933 0.0355544 0.5509200 0.8789328 -0.1182779 0.8182266 0.8484529 0.7454085 -0.0665058 0.3829303 0.6590510 0.2543944 0.7088574 -0.1556616 0.2126141 0.7984456 0.1434858 0.7565285 0.7108301 0.7969341 0.4457150 0.5239014 0.2191049 0.7752784 0.6964278 0.3384379 0.6884110 0.7574998 0.5020419 0.6286809 0.3120412 0.7384541 0.6664977 0.6765568 0.8808066 0.5747139 0.6129129 0.7132997 0.9292496 0.1193755 0.7184060 0.5452707 0.7396392 0.6147681 0.9185533 0.7703763 0.5535380 0.6581460 0.9048919 0.7146175 0.8973202 0.6166115 0.9068957 0.6712833 0.7509842 0.6839926 0.7478836 0.8431354 0.5649670 0.7265842 0.2240845 0.7704053 0.3533805 0.0925031 0.0852332 -0.3499484 -0.2925273 0.3247220 -0.3567846 0.2576038 0.0268528 0.6047091 0.3556309 0.3769320 0.0372013 0.4016744 0.1196701 0.6101020 0.5026399 0.1825675 0.1896465 -0.0970421 -0.0223503 -0.2246765 0.1463997 0.4550353 0.2969499 -0.2971486 -0.0500346 0.0658074 -0.3483930 -0.0612899 -0.5479870 0.4638578 0.1482246 -0.3335070 0.0412157 -0.0154925 -0.3208185 -0.0271154 -0.2526354 -0.2066816 0.1483270 -0.6398281 0.3991079 -0.1483811 -0.1164774 0.6039756 -0.4662238 0.0916143 0.8141581 0.6226477 -0.4140333 0.7591183 -0.5090036 -0.2408053 -0.1143356 0.6298763 0.2854843 0.4576783 -0.0364591 -0.0906477 0.1273083 -0.1370796 -0.4790915 0.1390065 -0.0029519 0.5264334 0.5698223 -0.1268476 0.1470890 -0.5018719 -0.4129979 0.6227436 -0.0682913 0.5700819 -0.3053111 -0.5506959 0.2487081 -0.1716118 -0.2041561 0.5824527 0.1727449 0.0508351 -0.0753773 0.5871242 -0.3090669 -0.1866478 -0.1480992 -0.3007493 -0.4461458 0.0354570 -0.2345534 -0.1760097 0.1750072 0.0319206 0.5657670 -0.0633619 -0.5807135 -0.5564698 -0.6522585 -0.5588539 -0.3641186 -0.4261617 -0.3263116 -0.5402345 0.4494193 0.0387128 -0.0502969 0.8290184 0.8226782 -0.2545329 0.7667196 0.4995261 -0.4894117 -0.2940301 -0.3923300 -0.5346718 0.1596993 0.5126650 -0.3486977 0.2063516 -0.0729257 -0.0814690 -0.0614017 0.2775889 0.6530411 -0.2071491 0.2932886 0.0496977 0.1535860 -0.1930083 0.2955775 0.0114351 -0.1512732 0.0063795 0.2252727 0.1846245 0.5186051
0.2254349 0.2801820 0.1519111 0.3576271 -0.0564597 0.3487465 0.5647898 0.3471342 0.4369073 0.4213754 0.3131853 0.0000000 0.0842922 0.5623172 0.4646906 0.2615133 0.3531240 0.3714242 0.2255300 -0.1955297 0.7917743 0.0436543 0.3388852 0.3106913 0.1876575 0.2329416 0.3677444 0.3663472 0.3371352 0.4026594 -0.0098287 0.0654662 0.1441236 0.2134315 0.2239784 0.4158729 0.1148484 0.0732641 0.2579997 0.0277828 0.0362214 0.3071923 0.2544542 0.2599057 -0.0796564 0.2599500 0.2051658 -0.0724094 0.3020430 0.1580917 0.2116882 0.2281520 0.2300800 0.2305200 0.2300537 0.3537526 0.1699626 0.2554540 0.0524986 0.1399365 0.1225508 0.2396031 0.2168134 0.3454965 0.3073890 0.0342053 0.1571287 0.3040758 0.3309435 0.4366695 0.0703347 0.4165155 0.2660659 0.5506739 0.2398242 0.2957335 0.4513661 0.1714831 0.2939610 0.1625189 0.3121037 0.3166539 0.3319772 0.3268126 0.3537469 0.3144444 0.0116104 0.2063436 0.3103142 0.6237471 0.0968009 0.2565016 0.2273536 -0.0513100 0.3492534 0.3965155 -0.1289548 0.2706208 0.1953628 -0.0245115 0.2345230 0.3195651 0.1234009 0.0747987 0.1613751 0.3930047 0.2183314 0.1548077 0.1114947 0.2503411 -0.0089142 0.1870507 0.0316996 0.1780093 0.3161764 0.2132514 0.2248914 0.1878261 0.2489195 0.2670588 0.1263064 0.4200382 -0.0281238 0.0288748 0.2010678 0.2366462 0.4488306 0.0681742 0.3115153 0.4019631 0.5705149 0.0667742 0.3957015 -0.1183480 -0.1288559 0.0070648 0.3863117 0.4180596 0.3640849 0.4039110 -0.0142357 0.3852132 0.3041690 -0.0296928 0.3557892 0.0735898 0.3215641 0.3047013 -0.0183966 0.4743349 0.2800861 0.2034965 0.3859360 0.1463121 0.2995365 -0.1321141 0.2486999 0.4351269 0.4459396 0.6240877 0.4258381 0.6500387 0.0670945 0.4315289 0.4008493 0.3316630 0.1152762 0.0918409 0.0122952 0.1584711 0.3659148 0.1279835 0.2831523 0.2779883 0.4450473 0.4447898 0.6129742 -0.1793615 0.3332060 0.1193578 -0.0694164 0.1662253 0.0408951 0.0912775 -0.2361337 0.6690369 0.0199543 0.2742233 0.4926077 0.3503795 0.2361598 0.4847838 -0.0268437 0.1685411 0.1898218 0.1824224 0.0511428 -0.1052926 -0.0339740 0.0945925 0.4466699 0.1294728 0.2339715 0.2500612 0.1761892 0.2639153 0.1709004 0.0794822 0.5385970 -0.0851349 0.0392218 0.1485861 -0.0015981 0.2164398 0.2842140 0.0700474 0.5776829 0.5058277
-0.4243044 0.6510802 0.9097339 0.6608187 0.6533420 0.5975872 0.4055406 0.8288586 0.5408738 0.4136717 0.5842399 0.0842922 0.0000000 0.4468776 0.2981993 0.6423988 0.4637020 0.3765203 0.5703372 0.6858198 -0.1738912 0.7702241 0.5429476 0.1650378 0.6821371 0.6411494 0.5798087 0.1065468 0.2080995 0.4969595 0.8252034 0.8644434 0.1691995 0.3536288 0.5891559 0.0414019 0.6428947 0.8110239 0.5536241 0.0386507 0.9359385 0.1248495 0.5036878 0.4604031 0.3080343 0.5801955 0.5732975 0.9109406 0.5186404 0.1205155 0.5340789 0.4296929 0.5436626 0.5570351 0.7774855 0.6527053 0.6902341 0.6320517 0.3833179 0.5399139 0.5313834 0.4535933 0.7464500 0.5832382 0.6228862 0.8388648 0.4779840 0.4908450 0.7403167 0.5399914 0.7691163 0.6362562 0.4956646 0.5376614 0.8528894 0.4944753 0.6031599 0.7127164 0.6408643 0.4904478 0.7297469 0.4389636 -0.0490170 -0.0110710 -0.2077902 -0.3881365 0.0352719 -0.1162511 0.2068160 -0.0378625 0.2989255 0.0078867 0.2662942 -0.1953970 0.2932475 -0.1129194 0.4961937 0.5371518 0.1480352 0.0783397 -0.0695558 -0.1857310 -0.1490531 -0.0657667 0.3239965 0.1498711 -0.0915768 0.0723284 0.0381908 -0.3309058 0.0666034 -0.3554530 0.4362736 0.1053976 -0.2893469 -0.0889082 -0.1828762 -0.4176982 -0.2210201 0.0518191 -0.1421247 -0.0304956 -0.1810069 -0.0577671 0.0465827 -0.1239985 0.5073545 -0.2587834 0.0853635 0.6139564 0.4841041 -0.1195858 0.4366368 -0.2557281 0.1685862 -0.2015578 0.3746983 0.2112220 0.2618597 0.1572905 0.1057249 0.3640965 0.2485030 -0.4098613 0.0350755 -0.0918822 0.2237349 0.1265159 0.1899310 0.4511086 -0.1503820 -0.4352220 0.4032242 0.0246212 0.1216831 -0.2925821 -0.2964811 -0.0404707 0.0053176 -0.1540643 0.3060839 0.2543012 -0.3972223 -0.0435428 0.3341051 -0.2482923 -0.2504105 -0.0109417 0.0531392 -0.0223355 0.0286920 0.0202851 -0.6201463 -0.0638535 -0.0735091 0.1900078 -0.1818186 -0.4323492 -0.4919093 -0.3672516 -0.4907971 -0.3029516 -0.2037719 -0.1415514 0.0502072 0.3524859 0.5766670 0.3016871 0.6786984 0.5809683 0.0650853 0.4237694 -0.0443797 -0.2049704 -0.0949595 -0.4732232 -0.6272963 -0.2955193 0.5804404 -0.4739479 0.4526426 0.0270287 -0.2567611 -0.1901550 0.5903506 0.3551320 -0.1935966 0.1546073 0.1984322 0.1511638 -0.2767425 0.2132781 0.4678668 -0.5053595 -0.3403549 0.5954625 0.2211915 0.4336141
-0.2221879 0.6162193 0.4242672 0.6231351 0.1885725 0.5076350 0.6482226 0.6539652 0.5640560 0.6008083 0.4924962 0.5623172 0.4468776 0.0000000 0.7289061 0.3921409 0.4956597 0.7637550 0.3605947 0.1553679 0.5618391 0.4100468 0.4941640 0.6508895 0.4132402 0.4901453 0.6871010 0.7663832 0.5895130 0.8035768 0.3458651 0.4911285 0.5444736 0.6299231 0.5372113 0.3669663 0.5275467 0.4275995 0.6217986 0.1682585 0.4410193 0.5955470 0.5382843 0.6029028 0.3046112 0.5240695 0.5220125 0.3725701 0.6215078 0.1626744 0.4834689 0.4821851 0.4668407 0.4461668 0.5375136 0.6219334 0.5006874 0.5129473 0.2591410 0.4131842 0.3020228 0.3969752 0.4103666 0.4904905 0.4092179 0.3531906 0.3393206 0.4115131 0.5387486 0.4944132 0.4007119 0.6206761 0.4960350 0.6805336 0.5732695 0.4587861 0.6898390 0.4652756 0.5629273 0.3509962 0.5427193 0.3038425 -0.0139954 0.0805900 0.0699885 0.0977574 0.1623091 0.1120728 0.6070157 0.2773972 0.4927464 -0.1077981 0.2659206 0.1503532 0.3424450 0.2459141 0.2014043 0.5816464 0.2181722 0.2547802 0.1381308 0.4521334 -0.0514941 0.2609192 0.4884443 0.2745247 0.2012438 0.0937804 0.3155479 -0.2056659 0.0690869 -0.1352214 -0.1376234 -0.0967996 -0.2094014 -0.1291456 -0.1623995 -0.1329893 -0.1471117 0.2924842 0.1560056 0.0055436 -0.1764414 0.2906731 0.3638310 0.2176380 0.2745913 -0.3224646 0.3843039 0.4482734 0.7123139 -0.2166026 0.1523778 -0.4048456 -0.1864654 -0.1154663 0.4181990 0.4782280 0.5351990 0.1641845 -0.1181690 0.1536698 -0.0194106 -0.1176156 0.3217563 0.0294584 0.2554039 0.1085290 -0.3340034 0.2030075 0.0450821 -0.0545840 0.3412182 -0.1797670 0.0542789 -0.2875037 -0.1895890 0.0059937 -0.0947847 0.2769963 0.1613121 0.2030028 -0.1210323 0.2689514 0.1777744 -0.0071633 -0.1713547 -0.3203396 0.0340592 0.0273110 -0.0650460 -0.1155591 -0.1041456 0.2791031 0.4036322 0.1818856 0.3394658 -0.1179078 0.0485938 -0.2152387 -0.2045933 -0.2662978 -0.1664393 -0.2386066 -0.1327356 0.4081199 0.2652079 0.1844116 0.7266377 0.7110309 0.1955341 0.5301466 0.0029742 0.0552907 0.1376425 -0.1858251 -0.3103553 -0.2312868 0.3464759 -0.1680357 0.3258760 0.2555182 -0.0022863 -0.1399900 0.2711033 0.4805184 0.1057150 0.1845407 0.5217157 0.2981709 -0.0818448 0.1817226 0.2544499 -0.0539086 0.1277194 0.5031162 0.5180953 0.7067672
-0.0486327 0.5444067 0.2714545 0.7398979 0.0080824 0.7706674 0.6957493 0.5680209 0.8149489 0.7677009 0.5314319 0.4646906 0.2981993 0.7289061 0.0000000 0.4045379 0.4725164 0.5700071 0.2780715 -0.1128987 0.4576017 0.3446226 0.4043435 0.6432103 0.3007854 0.3714219 0.4241785 0.5270891 0.8891668 0.5187808 0.1355799 0.1788457 0.6341607 0.8161228 0.4046246 0.3415171 0.3015866 0.2382710 0.4938347 0.2770713 0.2244624 0.6390114 0.4329557 0.7361983 0.6899501 0.4076176 0.3395948 0.1390490 0.8905608 0.0509575 0.3169677 0.4036022 0.7942785 0.4697317 0.2282883 0.3416111 0.2817531 0.5971531 -0.0600306 0.2748052 0.6277449 0.3391170 0.1406768 0.5850314 0.6025402 0.1009045 0.2530747 0.3759205 0.2933168 0.4601773 0.2321785 0.6450994 0.4207415 0.5945008 0.3224103 0.4271844 0.5904235 0.2404366 0.4225879 0.0668520 0.4278588 0.0237016 -0.0858884 0.0634777 0.1922415 -0.0766128 0.1434217 -0.1219067 0.3481339 0.4069972 0.3987517 0.1158774 0.3166882 0.1575093 0.5734806 0.4925534 0.3032403 0.6547255 0.5320562 0.1644776 -0.0296535 0.3901658 -0.1945981 0.2197279 0.3808617 0.5168448 -0.1475576 -0.0426563 0.0037191 0.0336397 -0.1619031 -0.2381927 0.0528721 0.2273020 -0.0153371 0.1959892 0.2187786 0.1710224 0.1365731 0.0467856 0.2593213 0.0758295 -0.4861921 0.3858359 0.0380513 -0.3139192 0.1253496 -0.4804852 -0.1523955 0.3399032 0.3783806 -0.3025127 0.1412962 -0.3452453 -0.2464122 -0.2963533 0.1292057 -0.0466583 0.0890799 -0.1831039 0.0145047 -0.0523798 -0.1977370 -0.1650512 -0.0630115 -0.2423924 0.1234991 0.1140353 -0.2518229 0.1260146 -0.2551029 -0.2279772 0.5317836 -0.0700303 0.2709528 -0.3068651 -0.3125106 0.1672407 -0.2675780 0.0249461 0.3434025 0.2069422 -0.0518114 -0.0088256 0.3985827 -0.0512279 -0.2066438 -0.3009613 -0.0964806 -0.0503771 0.1922521 0.0218805 0.0777784 0.0200634 0.2617930 0.1813319 -0.0029327 -0.2113071 -0.1971244 -0.4025989 -0.1744429 -0.0928072 -0.1876063 -0.0735338 -0.4343797 0.2931282 -0.1877379 -0.1997078 0.6140264 0.6518282 -0.1739641 0.4707322 0.0673318 -0.4400699 -0.4115198 -0.5341220 -0.5672698 -0.2213581 0.1843635 -0.5166454 0.1041276 0.0163122 -0.1667374 -0.2937542 -0.0588854 0.3891067 -0.3471718 0.0276633 0.4618598 0.0584764 -0.2416289 -0.0058936 -0.2426788 -0.2896469 -0.1844805 0.0941028 0.4336487 0.6602812
-0.5363069 0.4051542 0.5144909 0.7916137 0.0223734 0.7170749 0.4179821 0.8829167 0.5760618 0.6409322 0.9290295 0.2615133 0.6423988 0.3921409 0.4045379 0.0000000 0.9178796 -0.0923002 0.8951901 0.1713584 -0.0308015 0.5514891 0.9245479 -0.2141387 0.8396072 0.9178939 0.7975491 -0.1163937 0.2166422 0.6824402 0.3357548 0.7056250 -0.2060707 0.0651040 0.8570191 0.0047090 0.8158666 0.8042903 0.8150018 0.5226911 0.5899710 0.0686803 0.8153870 0.6576470 0.1880066 0.8023095 0.8156728 0.5164482 0.5336290 0.4364744 0.8035665 0.7330180 0.5386795 0.9267776 0.7009815 0.7102105 0.8086498 0.8796062 0.1792562 0.8294526 0.4493745 0.8290631 0.7172212 0.9056479 0.7800698 0.6985907 0.7922398 0.9289233 0.8379597 0.9085468 0.7521043 0.8734551 0.7382468 0.7649157 0.7724298 0.7705936 0.8421717 0.7050326 0.7752270 0.3172305 0.8270382 0.3062479 0.0085941 -0.0110663 -0.2870538 -0.4139594 0.1931327 -0.4883200 0.0687704 -0.1157596 0.3619318 0.2997607 0.2856389 -0.1330705 0.2589833 -0.0181644 0.5110492 0.4359412 0.0255921 0.0281649 -0.3263899 -0.1325984 -0.3122810 0.0415297 0.2346647 0.0960519 -0.4038951 -0.1259632 -0.1333171 -0.3797934 -0.2651456 -0.6019730 0.3949556 0.1516730 -0.3110598 0.0000527 -0.0737359 -0.4301688 -0.0617346 -0.3888880 -0.3206796 0.0629822 -0.6141048 0.3072002 -0.2724429 -0.1373254 0.6460120 -0.4910480 0.0175195 0.7857287 0.6053996 -0.4473002 0.7844455 -0.4701085 -0.1900028 -0.2166714 0.6204573 0.2197691 0.4185971 -0.0228630 -0.1952847 0.0737825 -0.0750777 -0.4399192 0.0613346 -0.1127431 0.4093820 0.4534005 -0.1464528 0.1042933 -0.5390908 -0.4395491 0.5565260 -0.0852575 0.4332351 -0.3958980 -0.5915396 0.1715229 -0.1352601 -0.2760315 0.6026177 0.1392038 -0.0914658 -0.1760299 0.6281969 -0.4057368 -0.3296031 -0.1959450 -0.3697178 -0.4252052 0.0556750 -0.1678474 -0.1403599 0.2806295 0.0334484 0.5571651 -0.0182121 -0.4513474 -0.5425319 -0.5466959 -0.5429932 -0.3528187 -0.4235124 -0.2776262 -0.3908468 0.4929033 0.1327741 0.0880378 0.8087010 0.8056291 -0.3695321 0.7580849 0.5693094 -0.4890812 -0.3163658 -0.3333608 -0.4823569 0.2126767 0.5747612 -0.3526000 0.2379822 -0.1108214 -0.1199638 0.0762658 0.3448635 0.6882394 -0.2659025 0.3858286 0.0133235 0.1958256 -0.2554681 0.3488387 0.0878558 -0.1116186 0.0389489 0.2633413 0.0742577 0.4518234
-0.5442955 0.3303502 0.3208113 0.7999093 -0.2019735 0.7223006 0.5180325 0.8034872 0.5712899 0.7357802 0.9545435 0.3531240 0.4637020 0.4956597 0.4725164 0.9178796 0.0000000 -0.0624922 0.8402509 0.0567590 0.1030305 0.5244222 0.9333986 -0.1869173 0.8172497 0.8680163 0.7976873 -0.0307903 0.2944713 0.7533602 0.1157894 0.6428723 -0.2323677 0.0633496 0.8528758 0.1421779 0.7910629 0.6780970 0.8537892 0.5750648 0.3984594 0.2036513 0.8530125 0.6845258 0.1855474 0.7161875 0.8122641 0.3774833 0.5214712 0.3583293 0.8007639 0.7568546 0.5169960 0.9054676 0.5102607 0.6069396 0.7428677 0.8664509 0.1083176 0.8059254 0.4144951 0.8344845 0.5963853 0.8937643 0.7033183 0.5368084 0.7623542 0.9347810 0.7510919 0.9201947 0.6364583 0.8706036 0.7258344 0.7647926 0.6743905 0.7691380 0.8481268 0.5768688 0.7367239 0.2366795 0.7431781 0.3641250 0.1448411 0.0952050 -0.3824274 -0.1871625 0.3199561 -0.3043450 0.2051636 -0.0233884 0.5351449 0.2895517 0.2951766 0.0896128 0.2829919 0.0667822 0.4618508 0.3670745 0.0353487 0.1809501 -0.1867644 -0.0288007 -0.1808081 0.1605770 0.3945412 0.1838621 -0.3348570 -0.0312468 0.0497275 -0.3891627 -0.1719067 -0.5868798 0.3388402 0.0705227 -0.3647640 0.0077315 -0.0443813 -0.3333633 -0.0022584 -0.3390171 -0.2411287 0.1473976 -0.5340542 0.4324787 -0.2002347 -0.0410967 0.6219324 -0.3735802 0.1067554 0.7797249 0.6387562 -0.3623562 0.7487832 -0.4456855 -0.2634624 0.0017039 0.6557114 0.3296514 0.5139246 0.0206903 -0.1065983 0.0389941 -0.1954283 -0.3376197 0.1977166 0.0902853 0.5274051 0.5731471 -0.2160797 0.0593332 -0.4302265 -0.2394294 0.5666187 -0.0212676 0.5664001 -0.1939928 -0.5181051 0.3115814 -0.2046609 -0.0931577 0.5943368 0.1066877 0.1685363 0.0164301 0.5909341 -0.2392784 -0.1163620 -0.1632395 -0.3577102 -0.4489475 0.0458559 -0.2509656 -0.0242558 0.3226777 0.0960349 0.5310439 0.0661434 -0.4727350 -0.4248873 -0.5506066 -0.4915371 -0.3363146 -0.3698474 -0.2953761 -0.4345337 0.4899475 0.0034898 0.0194486 0.8002027 0.8278120 -0.3422800 0.7643665 0.5151198 -0.4493559 -0.2473995 -0.2406525 -0.3619093 0.1694108 0.4453658 -0.2108689 0.1349432 -0.0933017 -0.0080152 0.0293087 0.1907122 0.7419742 -0.1454390 0.3119335 -0.0316883 0.1177300 -0.1334597 0.3425680 -0.0321857 0.0199099 0.1512721 0.2303699 0.1356947 0.4841264
