0.0000000 0.7231048 0.4987033 0.1707301 -0.0152897 0.1682140 0.5243363 0.2708289 0.3046299 -0.0691929 0.2535641 0.2420484 0.3217211 0.0764107 0.2124655 0.0888581 0.4828371 -0.0876770 0.1427499 0.3468979 0.0177249 0.4486399 0.3750867 0.1010257 0.2622381 0.1890357 0.2721355 -0.2932364 0.0642012 0.3516000 0.3889587 0.2796984 -0.1400312 -0.2898415 0.3520521 0.0824527 0.0596907 0.4820364 0.3391318 -0.0598168 0.3846480 0.0098950 0.0756378 -0.0726192 -0.2764811 -0.0193510 0.0749104 0.4057222 -0.3863775 0.0778746 0.0242936 0.1844487 -0.5513451 0.1384132 0.4286484 0.1450406 -0.1511046 -0.1633025 0.2082414 -0.0659720 -0.2166361 0.0531196 0.1946091 -0.3545431 -0.3446831 -0.1160859 0.0617670 0.1326640 0.0744868 0.0173222 0.3166456 -0.2362892 0.1559144 -0.1840899 0.1083395 -0.0396662 -0.3322778 0.3486796 0.0192384 -0.3875320 0.3676254 -0.2475847 0.0841238 0.3940601 0.1543731 0.0018874 0.3259625 0.3079797 0.1999859 -0.1510295 -0.0173458 -0.0070547 -0.2431976 -0.1272429 -0.0521079 0.4036509 -0.6651300 -0.1531811 -0.2015012 0.2267696 -0.3585282 -0.2865217 -0.2165101 -0.1103547 -0.0987503 0.0647562 -0.1862013 0.0754792 0.0189294 0.2856544 -0.3059348 0.0256960 0.0251472 0.3087210 -0.1456086 0.0541746 0.0403351 -0.2249643 -0.1325879 -0.3033274 -0.1390491 -0.0470714 0.2224740 -0.1121706 -0.4194959 -0.1280594 0.1600814 0.2087942 -0.1768305 -0.0574719 -0.2321687 -0.0452511 0.0817407 -0.0487277 -0.0774454 0.0512645 0.1654621 -0.0918023 0.0013629 -0.3246265 -0.0802273 -0.1563535 -0.1389068 -0.2036297 -0.1493942 -0.2427044 -0.1061718 0.0969904 -0.1391577 -0.2371791 -0.2252110 -0.2198589 -0.2293681 -0.1932799 -0.4730210 -0.0898031 -0.0497127 -0.0260434 -0.0192207 -0.0971955 -0.2594701 -0.1582282 -0.3646728 -0.0442822 -0.2355840 -0.2014270 -0.3419929 -0.1921031 -0.0654835 -0.2416569 -0.2775499 -0.1755553 0.3376043 0.0931315 0.3975609 0.0836537 0.0923560 0.1032344 -0.1755694 -0.0941073 -0.1282381 -0.1638873 -0.0076461 0.0069109 0.0839071 -0.1458088 0.3232975 -0.0570809 0.1249527 -0.3222040 -0.0703150 -0.2927754 -0.0437084 0.0174762 -0.0547538 -0.1657702 -0.0921649 -0.3823161 0.0033874 -0.2038033 0.3320970 0.1544329 0.1392844 0.1002330 0.1740078 0.3686960 -0.0272114 0.4099348 0.1537040 0.0689645 0.0873590 -0.0580132 0.1840995 0.1882161 -0.0296409 0.2634563 0.2367883 0.3520007
0.7231048 0.0000000 0.6376874 0.3883823 0.2566609 0.4903789 0.5478954 0.2647293 0.2971370 0.2631842 0.3594286 0.5490109 0.2651544 0.4123717 0.1935838 0.2961107 0.4913611 -0.0718208 0.0719840 0.2021151 0.3841025 0.2442707 0.4247775 -0.0082552 0.2701913 0.3402945 0.3757826 -0.0736084 0.3632625 0.4981786 0.2509773 0.2385981 0.0284757 -0.0468734 0.4099007 0.3897830 0.1107077 0.2010589 0.2610814 -0.0669509 0.0867789 0.2608182 0.2129177 0.3311940 0.0183324 0.0735439 0.1607047 0.1272465 -0.0628824 -0.0303468 0.1222323 0.2617418 -0.1126138 0.1579061 0.1425137 0.1318588 0.0259942 -0.0115735 0.2778341 0.0104989 0.1129213 -0.0013873 0.1995704 0.0379450 0.1316999 -0.0324283 0.0506445 0.1134209 0.1582853 0.1617001 0.2228736 0.0773976 0.1769708 0.2831892 0.0699850 0.2627736 0.2240191 0.4304123 0.3169196 -0.2398103 0.6039734 0.0539289 0.1798240 0.4966538 0.0711277 0.1932436 0.1837773 0.1169416 0.2589419 -0.1489351 -0.0461874 -0.0006624 -0.1883539 -0.2418330 -0.0468176 0.3553583 -0.4837535 0.0623518 -0.2009005 0.0989069 -0.4673211 -0.0304234 0.0580451 -0.3251005 0.0032693 0.1054605 0.2226462 0.1419217 0.0926002 0.6362315 -0.1076742 0.1632874 0.1464328 0.5848976 0.0943364 0.2370451 0.1958658 -0.1512744 0.0552227 -0.2029983 -0.0361626 0.1501091 -0.0820459 -0.0895533 -0.2839388 -0.0878043 0.0978104 0.0786395 -0.0666591 -0.1027185 -0.1749964 -0.1356882 0.0563949 -0.1501355 0.0456566 0.2058150 0.1711208 0.0775682 -0.2539274 -0.1172844 0.1728950 0.0475252 0.0574405 0.2002973 0.1765579 0.0867120 -0.0296683 0.1317299 -0.3654637 -0.0800246 -0.0902257 0.1554648 0.1581779 0.0106879 -0.5176436 0.0261233 0.0905644 0.2543262 0.1155260 0.1810725 0.0355474 0.1325544 -0.3416798 0.0790716 0.0922044 -0.0435505 -0.1922868 0.0511513 0.0817438 0.0790214 0.1051574 0.0930745 0.2652663 0.3036132 0.5769020 0.3542879 0.4682061 0.2694439 0.3080154 0.1619515 0.0863952 0.1622239 0.2415076 0.2234307 0.0959131 0.1973257 0.3205225 -0.0512191 0.3024393 -0.0292651 0.0619252 0.1355826 0.1031605 0.1397633 -0.0045848 0.0620846 0.2796580 -0.0907674 0.2681123 0.0281352 0.3846370 0.1891920 0.0720569 0.3084437 0.2123871 0.5923730 -0.1786417 0.4461906 0.1346621 0.2647880 0.1506753 0.1136978 0.3131792 0.4342509 0.0775440 0.4152921 0.2607168 0.4694329
0.4987033 0.6376874 0.0000000 0.6565234 0.5558860 0.3832844 0.2751927 0.5906931 -0.1019345 0.1877628 0.3235873 0.3605201 0.6689021 0.4240707 -0.1082674 0.5237793 0.3185076 -0.1830060 0.1865828 -0.0084507 0.4300631 0.0835042 0.4109482 -0.2769952 0.3171656 0.5168814 0.1410153 0.0022781 0.2313895 0.3824625 0.1220375 0.5228875 -0.2609663 -0.1014833 0.5636399 0.2729573 0.2579596 0.1329575 0.0171011 -0.0390746 0.0773183 0.1439914 0.2009295 0.4479754 0.2617768 0.3978649 0.4523140 0.1531253 0.0030540 0.2075174 0.4179121 0.3615946 -0.0114963 0.3861354 -0.0084317 0.4632663 0.4392628 0.1329064 0.2262808 0.2071787 0.3807119 0.1947171 0.3435495 0.2059566 0.4149520 0.3510959 0.2462975 0.2653241 0.4743773 0.2322761 0.2716704 0.1564755 0.3902276 0.5028800 0.1657314 0.3462737 0.1800954 0.4035393 0.4066613 0.0400083 0.5788670 0.1835793 0.2439372 0.1214529 -0.3125585 0.0436334 0.1933897 -0.2283092 0.0558342 -0.3446389 0.0853567 0.1198647 -0.3983768 -0.4704041 -0.0707317 0.0191375 -0.2886080 -0.0026404 -0.2798497 -0.1973123 -0.4156728 0.2363683 0.2506852 -0.2676977 0.0545195 0.1553328 0.2852985 0.3932203 0.2424208 0.2698315 0.0768630 0.1615481 0.2448388 0.5049558 0.3111692 0.3049823 0.1755255 0.0877941 0.2243004 -0.1373610 -0.0383947 0.0622625 -0.0234256 0.1949212 0.0801959 -0.0350824 -0.1759206 0.3965557 0.1240057 0.0371611 -0.1150629 0.1376592 -0.1276720 -0.2271725 0.2967172 0.6154829 0.1793354 0.2106393 -0.2713683 0.0477382 0.4709606 0.1697526 -0.0311573 0.5260273 0.3732945 0.4985381 0.0824927 0.3168474 -0.4139655 0.0851964 0.0959280 0.4340842 0.2019856 0.2526759 -0.2683696 0.2857396 -0.1094744 0.4825013 -0.0154835 0.2192175 0.2110417 0.2197595 0.0910262 -0.1218101 0.1273976 0.2868935 0.2020541 0.1002065 -0.2340509 0.0461002 0.2145503 -0.0572523 0.3151324 0.2938988 0.2148377 0.3441582 0.5503100 0.2917767 0.4230463 0.3518293 0.1121930 0.1520222 0.2280054 0.0563184 0.0797997 0.4381127 0.2066124 0.3116218 0.2557219 0.0974264 -0.0491699 0.2837684 0.3341064 0.0444111 0.0305251 0.1493753 0.1449606 0.0403444 0.3455030 0.0749648 0.2189743 0.0504624 0.3060865 0.4204807 0.2659272 0.3325867 -0.1789138 0.2660383 -0.0819237 0.0021419 0.4292039 0.1777450 0.2012147 0.1720631 0.2460571 0.4129603 0.4475234 0.5469145
0.1707301 0.3883823 0.6565234 0.0000000 0.5107866 0.7760401 0.0731024 0.8902447 0.0659101 0.7469773 0.7899620 -0.0051067 0.7830452 0.6180874 -0.2964357 0.8967987 0.5372922 -0.1648642 0.5889850 -0.1567129 0.1679047 -0.1096537 0.6794564 -0.2725897 0.4710703 0.7135908 0.2472012 -0.0515441 0.2708839 0.3293257 0.1693291 0.6027295 -0.0948543 0.3857978 0.7975716 0.1138651 0.5721193 0.3338704 0.3541475 0.0921722 0.2171464 0.2291234 0.6163428 0.6313369 0.5482027 0.7444508 0.7196311 0.3252617 0.2317396 0.6207890 0.6750153 0.7385021 0.3662405 0.5767901 0.3392855 0.6856045 0.7420689 0.2913458 0.2286232 0.6115648 0.4878035 0.5572352 0.2401780 0.5436063 0.2029681 0.6187237 0.6080167 0.4229089 0.6304828 0.4846200 0.3741583 0.5056953 0.7390434 0.4661153 0.3729777 0.6261819 0.3269231 0.5437407 0.7424799 0.0357564 0.4940730 0.1358721 0.2970632 0.3246829 -0.0138896 0.1732271 0.1463954 0.0751339 0.2080175 -0.0643760 0.3428229 -0.0666915 -0.0609947 -0.1143876 -0.0076394 0.1513998 -0.0424254 0.3525980 -0.0285801 0.0757584 0.0454427 0.4636349 0.4332880 0.1115436 0.5439218 0.3396328 0.6168786 0.3557902 0.5421359 0.2391384 0.3718680 0.3957536 0.0758618 0.3852611 0.2885425 0.1294898 0.0282283 0.0205603 0.1794211 -0.0120160 -0.0544716 -0.0899791 -0.1511360 0.0807087 0.3175608 -0.3053338 -0.3524786 0.5062823 0.2411690 0.0428349 0.0530760 0.3635607 -0.1933162 -0.2071671 0.1868698 0.7024827 0.1388737 0.2660621 -0.2331643 -0.0045921 0.5813682 0.2093507 -0.1267590 0.3484413 0.2671061 0.6176437 0.1418635 0.2192499 -0.2886879 0.2768530 0.0743145 0.2250907 0.2789176 0.5029743 -0.1826293 0.2219680 0.0876509 0.5870579 0.0552657 0.2034141 0.4746572 0.4197713 0.1983276 -0.1154600 0.2735860 0.3542381 0.3152621 0.4755124 0.0079186 0.3311555 0.4018233 0.2596271 0.1815297 0.0316160 -0.0184006 0.0640247 0.1725952 -0.0667797 0.2544363 0.0062807 -0.1873731 0.0660043 0.3428156 0.3254180 0.4548870 0.0426906 0.2277708 0.1467038 0.0394813 -0.0388186 -0.2804967 -0.0439830 0.1057405 -0.3137560 -0.2848502 -0.2549933 -0.2524283 -0.1455307 -0.0174499 -0.2783843 -0.0220530 -0.1125879 0.3427626 0.2375145 0.5302102 0.3871839 -0.3831325 0.1620794 -0.0735323 -0.0986427 0.4453278 -0.1844171 0.3958839 0.3246651 0.0521589 0.4283062 0.5297820 0.6672691
-0.0152897 0.2566609 0.5558860 0.5107866 0.0000000 0.4407267 -0.0646476 0.4558105 0.1733439 0.3829905 0.3678304 0.0436176 0.6206429 0.5942533 0.1835889 0.4568300 0.1430934 0.3943251 0.0117163 -0.0285870 -0.0007752 -0.0662766 0.1975813 0.0921829 0.1008198 0.2964371 0.1075272 0.4168236 -0.0526783 0.5392884 0.2429160 0.3890131 -0.1635634 0.1297321 0.2295349 -0.2302894 0.1137843 0.0040164 -0.0530414 0.2547607 0.0750277 0.0525761 0.1024716 0.4811725 0.4349003 0.2648550 0.0882987 0.0086772 0.2726955 0.2339294 0.1243337 0.2358781 0.2570400 0.3488069 0.0458095 0.3313552 0.3188823 0.3122482 0.2891233 0.1491770 0.3919278 0.3384494 0.4877451 0.2419238 0.2601618 0.3345649 0.3243676 0.3401232 0.4243671 0.2923834 0.3427828 0.1177059 0.4893144 0.2707468 0.2855588 0.3273863 0.1074642 0.3935885 0.3039306 0.0894212 0.3293705 0.4337074 0.2036986 -0.0807153 -0.2508341 -0.1011289 -0.0292263 -0.1399911 -0.1964947 -0.3509125 -0.2365685 0.0061109 -0.2404184 -0.1426855 -0.2540977 -0.1442305 -0.0687433 -0.0491919 -0.2214044 0.0659744 -0.2231448 0.2432440 0.1771836 0.0310758 -0.0152671 0.0320520 0.0685317 0.1105163 0.0247737 0.2131259 0.0230965 -0.1209674 -0.0176568 0.1676226 0.2712005 0.2722669 0.1991725 0.1465056 0.3221613 0.0687442 0.0914910 0.1569290 -0.0333419 0.0942496 0.0901728 -0.1665048 -0.1285435 0.1050761 -0.1426425 -0.0954623 -0.1000094 0.2745905 -0.1738066 -0.1375172 0.1791702 0.2408721 -0.2135987 -0.1989196 -0.2404576 -0.0178532 0.3186168 -0.1784242 0.0485709 0.3218803 0.1601556 0.4232148 -0.0165609 -0.1218639 -0.2209322 -0.1325917 -0.1280085 0.2743202 0.0857471 0.2715391 -0.0146377 0.2307721 -0.1786124 0.1967425 -0.0299527 -0.1397879 0.1786026 0.0205415 0.3625448 -0.3012293 0.1572546 0.3626775 0.3873765 0.2377485 -0.0997336 0.0572147 0.3394118 0.0956185 -0.1956927 0.0368175 -0.2156188 -0.0564926 0.1065389 -0.0773617 0.1080752 -0.0596138 -0.1689240 -0.1035462 0.3728974 0.2334446 0.2123743 0.2704327 0.3331974 0.4082765 -0.0579242 -0.0066266 -0.1818826 0.0193266 0.0716221 -0.3974321 -0.3119216 -0.1233167 -0.1266588 -0.0952358 -0.0141645 -0.1031152 0.1516860 0.2872107 0.3857642 0.2404499 0.4402678 0.1337346 -0.3143521 0.1795158 -0.0003277 0.1265175 0.4569667 -0.0393819 0.0866777 -0.1411933 -0.1557075 0.3340183 0.0751734 0.3567129
0.1682140 0.4903789 0.3832844 0.7760401 0.4407267 0.0000000 0.3998365 0.6117637 0.4424585 0.7166819 0.6909049 0.2746170 0.5028804 0.5500390 0.1644502 0.7962017 0.5262556 0.1203696 0.4923098 -0.2344301 0.2579163 -0.1309435 0.6831260 0.1017922 0.3194215 0.5527095 0.5584910 0.1507139 0.4174830 0.5387532 0.1221902 0.4833443 0.1316702 0.4937916 0.7260287 0.2170797 0.5404270 0.3147331 0.6144641 0.4760717 0.2778863 0.3652656 0.7842167 0.5702414 0.5533600 0.6684997 0.6628843 0.3921187 0.2009544 0.5970786 0.6706495 0.7506114 0.4834606 0.4613172 0.3817529 0.5940554 0.6184372 0.2092229 0.2893337 0.5239041 0.4907944 0.4659421 0.2059549 0.5139590 0.2170027 0.4958249 0.4908203 0.2550768 0.5275247 0.3109764 0.1858222 0.5115478 0.5096138 0.3165349 0.2262545 0.4267810 0.2447271 0.3881770 0.5542862 -0.1521901 0.3317406 0.3092063 0.3960513 0.5122539 0.2453232 0.1751817 0.1577071 0.3178210 0.2422644 0.0404404 0.3487654 -0.0953328 0.1655543 0.2029122 0.0843546 0.3599061 0.1321004 0.4480410 0.0316472 0.2836977 0.2441365 0.4753481 0.4465457 0.3143218 0.6049540 0.4179959 0.6191575 0.3242175 0.4945375 0.1638035 0.3943436 0.3515246 0.0339531 0.3074857 0.2623090 0.1338978 0.0854244 0.0760141 0.2723093 0.1035239 0.1512957 0.0550285 -0.1237847 0.2128561 0.2730760 -0.2757587 -0.1390949 0.3515193 0.1793272 0.1976161 0.2449723 0.4690770 0.0601258 0.1686915 0.1916876 0.4847404 0.3027942 0.2841331 -0.0595233 -0.0693618 0.5380578 0.1564850 -0.0892293 0.3190217 0.3113012 0.5152794 0.2644531 0.1586998 -0.1632174 0.2387848 0.0511193 0.2029322 0.3790784 0.5232720 -0.0647762 0.2565540 0.2006694 0.4716861 0.0648162 0.1882713 0.5372702 0.4511789 0.3215466 0.0480722 0.4689008 0.3081309 0.3644961 0.5220494 0.2776738 0.4477493 0.3814138 0.4564000 -0.0026149 0.1256276 0.2352441 0.0479104 0.1842930 -0.0613604 0.2855396 -0.0300473 -0.1468697 0.1060788 0.4246394 0.4221197 0.4489493 0.1016391 0.1914923 -0.0615773 -0.1921507 -0.1877784 -0.1461036 -0.0729696 -0.2130406 -0.3172584 -0.3193382 -0.2309643 -0.0762385 -0.1454248 -0.1314721 -0.1581185 0.2141911 0.2557661 0.2937738 0.3431884 0.5112248 0.3377174 -0.1868307 0.2552628 0.2094952 0.2613016 0.4094661 -0.2103906 0.4147311 0.3789599 0.1206895 0.4099606 0.5373535 0.6118722
0.5243363 0.5478954 0.2751927 0.0731024 -0.0646476 0.3998365 0.0000000 0.0520612 0.4670643 -0.1581736 0.1011589 0.5292052 -0.0152072 -0.1313593 0.5158057 0.2038162 0.1068672 0.2259966 0.1434682 0.2830764 0.3590915 0.0563249 0.1941387 0.4115259 -0.0474181 0.1491126 0.3372719 0.1141825 0.2341930 0.4186568 0.1228968 0.0147599 0.1997885 -0.1160845 0.3696999 0.4251272 0.1759460 0.1221073 0.4959575 0.5646629 0.1549365 0.1197450 0.4061138 0.0005856 -0.1317341 0.1935256 0.3347351 0.3432369 -0.3361792 0.2268304 0.4349029 0.3368233 -0.1351940 0.1835184 0.0551820 0.1864572 0.1092207 -0.1917928 0.0292564 0.1327249 -0.0038487 0.0545896 0.1293912 -0.1213543 0.0599879 -0.0724944 -0.0567039 -0.0694103 0.1915376 -0.1563258 -0.1397149 -0.0270605 -0.1326509 -0.0822534 -0.1515785 -0.1729810 -0.1983387 -0.1087014 -0.1934929 -0.2078362 -0.0024122 0.3981409 0.5354529 0.5607613 0.3681292 0.3346894 0.5108567 0.2410041 0.3039052 0.1645344 0.3232906 0.1464011 0.3632129 0.1463856 0.4708837 0.3245825 0.0551551 0.4031846 0.2906231 0.0070210 0.0445814 0.3307251 0.4299917 0.0826087 0.0675445 0.4674205 0.2201659 0.5386112 0.1648444 0.0424614 0.2737913 0.0773125 0.1291236 0.2234226 0.2073895 0.2735560 0.2937401 0.2584292 0.4328179 0.3635671 0.4338100 0.3321558 0.4156915 0.4740525 0.1793099 0.2227681 0.2762159 0.3735407 0.3073468 0.5423051 0.4693313 0.4459421 0.4582581 0.3671529 0.5301868 0.2793540 0.6712158 0.4283039 0.3420556 0.2802141 0.3107698 0.3850755 0.2197449 0.3060723 0.3946877 0.1235598 0.3618676 0.3351574 0.2222394 0.3491731 0.3583641 0.3489354 0.3408284 0.2264808 0.1631333 0.4948927 0.2217394 0.3243898 0.2005581 0.2885839 0.2310310 0.2689062 0.1615793 0.3015894 0.3640036 0.2833343 0.2807050 0.1284985 0.2860042 0.2090079 0.1756041 0.2727863 0.1696260 0.4260189 0.4040753 0.3303091 0.3467202 0.3592850 0.2311182 0.2013089 0.2597199 0.0781690 0.0571641 -0.0525670 -0.1069810 0.2015830 -0.1807199 -0.2362275 -0.2139918 -0.1267161 0.4842533 0.0774617 -0.2456254 0.2893783 0.2927078 0.1987987 0.3362941 -0.0570148 -0.0494876 0.3316080 0.5709833 0.3310919 0.2251652 0.4388369 0.1466544 0.2520446 0.5445596 0.2504863 0.5007044 0.4584197 0.1383938 0.2133380 0.2467553 0.3078157 0.5642410 0.2475065 0.4439183 0.2667113
0.2708289 0.2647293 0.5906931 0.8902447 0.4558105 0.6117637 0.0520612 0.0000000 0.1410980 0.6159257 0.8198571 -0.1534826 0.8466952 0.5610714 -0.2437952 0.7950528 0.5859363 -0.0259700 0.7442919 -0.0505212 -0.0307843 0.0342392 0.7035084 -0.2094092 0.5921118 0.7067207 0.1127398 -0.1391559 0.1590752 0.3808147 0.2744371 0.6859374 -0.2733145 0.2188237 0.8010370 0.0054144 0.7226440 0.5916942 0.3540953 0.1452043 0.4667640 0.2582504 0.4988828 0.4911985 0.4856153 0.7692460 0.6745815 0.5199926 0.0840805 0.7875833 0.5983732 0.6778641 0.1118127 0.7118582 0.4980810 0.7804891 0.7356367 0.3366379 0.2503867 0.6554194 0.4042876 0.6559097 0.2973065 0.2934172 -0.0388225 0.6456017 0.7316179 0.5956990 0.7150637 0.5651675 0.5252614 0.2707121 0.8348887 0.1946763 0.5633391 0.5886356 0.0294485 0.6420966 0.6737791 -0.0974113 0.4403305 0.0522552 0.2785407 0.2559230 0.0263125 0.0954192 0.2772671 0.0511667 0.1410764 -0.0450050 0.2220028 -0.0608447 0.0280820 -0.2443097 -0.0034849 0.2210569 -0.1813713 0.4134785 0.0350654 -0.0467689 -0.0630387 0.4295150 0.3430322 0.0356375 0.4545257 0.4532232 0.4586095 0.4755576 0.5898353 0.1407151 0.2849335 0.4240333 0.1870493 0.3724002 0.2481374 0.0955324 0.0402601 0.0661108 0.1701712 -0.0134402 0.0079296 -0.0490688 0.1524759 0.0559236 0.1751636 -0.3281770 -0.1814104 0.6678138 0.1109082 0.0064809 0.0019216 0.4725409 -0.2508667 -0.3248774 0.1919758 0.6286653 0.0674367 0.1368752 -0.1480044 -0.0681782 0.4780333 0.0585433 -0.1012039 0.0947199 0.0410734 0.4725022 0.0521535 0.1352364 -0.1194892 0.1503324 -0.0007499 0.0458988 0.1848736 0.4808530 -0.1523591 0.2526868 0.0914893 0.4683972 0.0579385 0.0769140 0.3182933 0.3464050 0.1578120 -0.1450185 0.1852581 0.3279062 0.3292964 0.3706582 0.0359615 0.2450653 0.2807636 0.1887436 0.2024141 -0.0902170 -0.2119033 -0.0989397 -0.0352697 -0.2194030 0.0342734 -0.0337677 -0.1823421 0.0150607 0.3289882 0.2418162 0.3435749 -0.1212247 0.1731119 0.0872715 -0.1984249 -0.2768494 -0.2386186 -0.3114464 -0.0394151 -0.3195677 -0.3224043 -0.3102663 -0.3835197 -0.4491164 -0.2550966 -0.3264373 -0.0832401 -0.2282675 0.4355016 0.1941597 0.5453232 0.2877800 -0.3254152 0.1558093 -0.1141975 -0.2926523 0.5062960 -0.1938226 0.3558308 0.1480469 -0.0225347 0.3674410 0.5394671 0.5597004
0.3046299 0.2971370 -0.1019345 0.0659101 0.1733439 0.4424585 0.4670643 0.1410980 0.0000000 0.1964773 0.5250222 0.0914807 -0.0185075 0.2383216 0.7322216 0.2850669 0.5138892 0.7268651 0.1881595 0.2465113 -0.2036417 0.2600053 0.3001899 0.7876236 0.0900008 -0.0942007 0.5234526 0.1606329 -0.0187103 0.6042964 0.5923587 -0.0727715 0.1242685 0.1715587 0.0752278 -0.1878322 0.0965034 0.2944175 0.7020598 0.6399052 0.4228981 0.0244327 0.4889900 0.1544648 -0.0018054 0.0546713 -0.0203962 0.2134574 0.0074419 0.3327441 0.0446143 0.4270115 -0.0511419 0.3600338 0.4215519 0.1528769 -0.0964641 0.2084378 -0.1163078 0.3331584 -0.1744459 0.5000190 -0.0127054 -0.0305060 -0.3092549 -0.1843729 0.4062960 0.2968706 0.0105066 0.1548774 -0.0122535 0.0938574 0.2260707 -0.2817812 0.1799377 -0.0322379 -0.2182116 0.0818477 -0.0607684 -0.4313469 -0.0992682 0.0633019 -0.0157382 0.3651583 0.3163945 0.1453955 0.3223593 0.3318116 0.0415774 0.0282642 -0.1218197 0.1688271 0.4281109 0.1858514 -0.0349537 0.3708388 -0.0087738 0.2579054 0.1213442 0.4172810 -0.1168753 -0.0003919 0.0566174 0.1815703 0.0035423 -0.0087249 -0.0294078 0.0681038 0.1122558 0.2504915 -0.1400778 0.0320946 0.0246093 0.0321749 -0.0056718 0.0957363 0.2127113 0.1428351 0.1777462 0.3937451 0.3548534 0.2647827 0.4316622 -0.0139807 -0.1009327 0.0457375 0.3991772 0.3173849 -0.0841790 0.0949270 0.2240739 0.2542534 0.4633094 0.2327871 0.1737979 0.0515661 0.1652042 0.0281558 0.3633685 -0.1231418 0.1397240 -0.0496516 0.2220981 -0.3207611 -0.1613044 -0.0969437 0.1371321 -0.1569670 0.4413386 0.0546176 -0.2940819 -0.2466338 0.2270147 0.1994757 0.1305755 -0.0766123 0.2262302 -0.0645865 0.1838195 -0.3194961 0.1617658 0.1634485 -0.0558689 0.0990456 0.3387057 -0.1930562 0.0447318 0.2720123 0.5013141 0.2336574 0.1138765 0.3750491 -0.1498555 0.2424214 0.2250200 0.0642722 -0.0987531 0.0589486 -0.2376268 -0.1863368 -0.0872066 -0.3286616 -0.1390612 -0.0083654 -0.0966872 -0.3333043 0.0289833 -0.2872312 -0.3015108 -0.1512978 0.2648584 -0.3042342 -0.1348455 -0.1110502 -0.0068762 -0.1271169 -0.0560217 -0.2370887 -0.3593659 -0.0390582 0.6154754 0.3531580 0.2371800 -0.0195298 0.3333923 0.1385316 0.0183429 0.3256075 0.6525147 0.2393808 0.0134332 0.0080018 0.2434214 0.1274421 -0.0943783 0.1801193 0.2193223 0.1379692
-0.0691929 0.2631842 0.1877628 0.7469773 0.3829905 0.7166819 -0.1581736 0.6159257 0.1964773 0.0000000 0.7589223 -0.0026053 0.4830727 0.7466667 -0.1467029 0.7307003 0.5317188 -0.0038600 0.5376402 -0.1553253 0.1070802 0.0195802 0.5734397 -0.1411725 0.4868475 0.5340654 0.2400341 0.0928512 0.4326208 0.3190245 0.2626983 0.4165073 0.1720349 0.6392296 0.4677670 0.0674358 0.4722542 0.3893406 0.3271347 0.0476402 0.2157308 0.4094136 0.5032158 0.7047854 0.6462524 0.5815549 0.4668552 0.2726819 0.4665452 0.4974460 0.3637914 0.6474808 0.5362699 0.4260062 0.5157224 0.5271078 0.5349436 0.4344168 0.2050416 0.5662225 0.4438467 0.4692401 0.0497460 0.6604242 0.0867076 0.5071529 0.5438745 0.4050526 0.4148826 0.5991558 0.3898224 0.6563975 0.6267993 0.4835348 0.4963466 0.7240197 0.5364796 0.5334524 0.7641212 -0.0639938 0.3673442 0.0368449 0.0173423 0.1299053 -0.0573414 0.2324754 -0.0492140 0.1555451 0.2377983 0.1026367 0.2582529 -0.0197201 0.1954171 0.0420976 -0.0632729 0.3332123 -0.0170030 0.3559052 -0.0546520 0.2495054 0.0919432 0.2531246 0.2248537 0.1420485 0.5246569 0.2043479 0.5679026 0.0358301 0.4111711 0.3875191 0.2216192 0.3508594 -0.0175067 0.2299089 0.1378573 0.1147122 0.0430986 -0.1084676 0.0243911 -0.0670747 -0.0525767 -0.0198070 -0.4432524 -0.1956677 0.0622814 -0.3249865 -0.1503998 0.0984923 0.0752658 -0.1509204 0.0307036 0.1053433 -0.1188060 -0.2094217 -0.1611839 0.2862200 -0.0178992 0.0893148 -0.2436235 -0.1094731 0.1733811 -0.0008536 -0.1415789 0.1051638 0.0642766 0.2979432 -0.0102483 -0.0716495 -0.2913769 0.0532086 -0.0765734 -0.0264438 0.2030862 0.2256691 -0.2567404 -0.1022289 0.1109599 0.2694427 0.0788696 0.0953029 0.2659530 0.2375972 0.0153118 -0.0600434 0.1352305 0.1495762 0.1120194 0.5207917 0.1225773 0.2901740 0.2902031 0.2559012 -0.1602086 -0.2408958 -0.0032673 -0.0511956 0.0262047 -0.1573722 0.2165667 -0.0734892 -0.2220786 0.0838272 0.3807233 0.3924537 0.4152520 -0.0913414 0.3232242 0.0502142 0.1305252 -0.0507434 -0.3165754 -0.1031018 0.0701626 -0.2577060 -0.3542974 -0.2892403 -0.1906681 -0.1354242 -0.1144346 -0.2988522 -0.0049210 -0.1342728 0.2604499 0.1856828 0.5996167 0.5196321 -0.4059643 0.3849817 0.0181325 -0.0242217 0.2795080 -0.1605926 0.4885068 0.5086054 -0.0974708 0.5499156 0.2353208 0.4298891
0.2535641 0.3594286 0.3235873 0.7899620 0.3678304 0.6909049 0.1011589 0.8198571 0.5250222 0.7589223 0.0000000 -0.2006496 0.5782542 0.6813585 -0.0141513 0.7976125 0.7853962 0.2192163 0.6633447 0.1086811 -0.1826450 0.1966891 0.7164378 0.1338719 0.5811940 0.5397981 0.3332492 -0.0454994 0.1232873 0.5171048 0.5648299 0.4458466 -0.0534431 0.3987724 0.6049713 -0.1173951 0.5471100 0.5561766 0.6018651 0.1950682 0.4764580 0.1709339 0.6575315 0.5682786 0.3695410 0.5980675 0.4710935 0.3623001 0.2353089 0.6948084 0.4007208 0.7554680 0.1692678 0.7072098 0.6007114 0.6183114 0.4947239 0.4458670 0.0879818 0.7397421 0.1745269 0.7963568 0.0793485 0.3552454 -0.2071907 0.3818528 0.8001780 0.6358971 0.4615158 0.6434060 0.4304369 0.4108630 0.8249122 0.1174833 0.5488948 0.6200486 0.1708026 0.5856988 0.6506864 -0.2321941 0.3579131 -0.0959327 0.0852243 0.3943223 0.1594123 0.2158382 0.2811550 0.2617327 0.2271748 0.0693517 0.1316454 0.0300568 0.2234692 -0.0481532 -0.0413821 0.3769499 -0.1588534 0.4362463 0.1000509 0.2682983 -0.1008305 0.2551554 0.2416036 0.0976553 0.4292022 0.2172184 0.4075574 0.2230097 0.5130073 0.3883523 0.1503126 0.3897470 0.0529769 0.3195352 0.1252924 0.0606661 0.0690038 -0.0332625 0.0935727 0.1241996 0.0557173 0.0466880 0.0960712 -0.1714168 0.0787605 -0.2612958 0.0120505 0.5291487 0.1015743 -0.0509867 0.0638574 0.3067177 0.0195051 -0.2394775 0.1133599 0.4677459 0.0621639 0.1329629 -0.0273776 -0.1337445 0.3799724 0.0663590 0.0266458 -0.1318228 -0.0853054 0.2421531 0.0324187 -0.0155615 0.0373377 0.1890519 -0.1827186 -0.1468642 0.2452198 0.3708983 -0.1914386 -0.0133244 0.2313594 0.3166899 0.2085573 -0.0615452 0.2966866 0.3682287 -0.0891218 -0.0480874 0.2356810 0.0545901 0.0949697 0.4725725 0.2665766 0.3365046 0.2836409 0.3085726 0.1184623 0.0131589 -0.0686383 -0.0715492 -0.1213475 -0.1812654 -0.1007243 -0.2057544 -0.3022599 -0.1933005 0.1403989 0.2405507 0.3032574 -0.3930109 0.2239596 -0.1079615 -0.0897757 -0.1547500 -0.1620530 -0.3480777 0.0508994 -0.3202962 -0.2646433 -0.3698964 -0.3757462 -0.3649691 -0.2868589 -0.3709775 0.1563519 -0.1500082 0.3046311 -0.0136044 0.5216289 0.3824430 -0.4043827 0.2544543 0.1825896 -0.1939521 0.2096069 -0.2237277 0.3677215 0.3064121 -0.1461007 0.3874833 0.4465073 0.5199096
0.2420484 0.5490109 0.3605201 -0.0051067 0.0436176 0.2746170 0.5292052 -0.1534826 0.0914807 -0.0026053 -0.2006496 0.0000000 -0.1618876 0.0921670 0.4624506 0.0778035 -0.0121027 0.0034174 -0.0647336 -0.1600910 0.8919091 0.0463365 -0.0048344 0.0466202 0.0155973 0.1401249 0.3285029 0.1839839 0.7158010 0.2917631 -0.1140491 -0.0351288 0.2060670 0.0755209 0.0726540 0.6821779 0.0781252 -0.0850120 0.0625028 0.2458694 -0.1722585 0.4482968 0.0872260 0.2577971 0.2853911 0.0951803 0.2272666 -0.0016557 0.0137282 -0.1492019 0.2168113 0.1227052 0.2349343 -0.0465773 -0.2103764 0.0679340 0.0637505 -0.0677691 0.0133259 -0.0883114 0.3815611 -0.2695868 -0.1510085 0.2766775 0.5920214 -0.0560019 -0.1880668 -0.1817064 0.0161404 -0.0859672 -0.2164583 0.3287405 -0.2846519 0.4974090 -0.1109182 -0.0271241 0.3074135 -0.0739421 -0.0263508 -0.2659343 0.1159239 0.3601573 0.1670919 0.1166521 -0.1558598 0.1873825 0.0948665 -0.3049347 0.1108248 -0.1238554 0.2436230 0.4004644 0.0253507 -0.2017783 0.0545961 0.2472572 0.0949670 0.1160636 -0.2591187 -0.1315823 -0.1541717 0.1304736 0.2753258 -0.1696202 -0.0389074 0.1418983 0.3000682 0.3362116 0.0304526 0.2661388 0.0088777 0.1340227 0.4807270 0.3757340 0.3406632 0.4986628 0.4592771 0.2784494 0.3744593 0.1143366 0.3842821 0.4090751 -0.1566526 0.4461107 0.0619790 0.4375523 0.1994160 0.0383937 0.2941341 0.2804154 0.2808872 -0.0776860 0.3741129 0.3378434 0.1063592 0.2377362 0.5450203 0.4903671 0.1472919 0.2581988 0.1624851 0.3880888 -0.0346268 0.5436080 0.6068155 0.2786916 0.4294162 0.4763737 -0.2811133 0.1828375 0.2877143 0.5173294 0.4999020 -0.0103032 0.0479256 0.1987894 0.0523513 0.3412066 -0.1260151 0.3701262 0.3285110 0.2567566 0.1499407 0.2284357 0.4056849 0.1202606 0.1873918 0.0007674 -0.0174909 0.1465567 0.1151885 0.0948952 0.1233491 0.4840771 0.6842500 0.6649742 0.8356305 0.6404286 0.7394638 0.6852869 0.6663636 0.5070278 0.1458832 -0.1097495 -0.2825731 0.6009277 -0.2788384 -0.1832353 0.2064753 0.2607633 0.4467553 0.5796722 0.1733209 0.6336293 0.4861990 0.6781656 0.8336233 0.4151466 0.3113224 0.6672435 0.5038661 0.2790467 0.2604528 0.7479916 0.1075516 0.3233353 0.3585053 0.5858863 0.3519336 0.4966147 0.3271717 0.6373661 0.4149186 0.5060019 0.4415719 0.4459890 0.1966775 0.0192898
0.3217211 0.2651544 0.6689021 0.7830452 0.6206429 0.5028804 -0.0152072 0.8466952 -0.0185075 0.4830727 0.5782542 -0.1618876 0.0000000 0.4830782 -0.2174219 0.6386879 0.4140145 -0.0808379 0.4634114 0.0105008 -0.0709391 0.0830154 0.6435014 -0.2297992 0.4325594 0.5924832 0.0621976 -0.0101276 0.0557295 0.3327756 0.2248241 0.7684922 -0.1500688 0.2479374 0.7442650 -0.0294705 0.4814248 0.4829711 0.1269595 0.0479410 0.4344633 0.2061053 0.3311701 0.4480214 0.4535525 0.5796379 0.5252334 0.5303207 0.1946243 0.6154827 0.4619154 0.5340504 0.1502464 0.5030556 0.5126418 0.6833522 0.6245490 0.2988968 0.4942068 0.4056856 0.4482674 0.4601637 0.6109705 0.2657250 0.0368371 0.7199722 0.5395994 0.4918087 0.7777574 0.4249680 0.6776194 0.1237582 0.7178476 0.2102392 0.5278664 0.5244264 0.0093257 0.6545981 0.6231585 0.1815088 0.5322596 0.2107697 0.3094687 0.1233440 -0.0823894 -0.0006339 0.1875407 0.1347526 0.1114743 -0.1477563 0.0618757 -0.2117321 -0.2779065 -0.1142555 -0.0681981 -0.0599339 -0.2407765 0.0770597 -0.1159144 0.0698465 -0.0652311 0.2983611 0.1541310 0.1222762 0.2934665 0.3238290 0.2049022 0.2378241 0.3718668 -0.0306098 0.1990291 0.0939015 -0.1353582 0.1404378 0.0126643 -0.0292042 -0.1064435 -0.1371746 -0.0006537 -0.2167642 -0.2431343 -0.2545183 0.0711205 -0.0508939 -0.0006616 -0.4737934 -0.2916046 0.3868375 -0.1301258 -0.1509151 -0.2345340 0.4444997 -0.3907671 -0.2841193 0.1186817 0.4121054 -0.1444334 -0.1550666 -0.3294455 -0.1442649 0.3673255 -0.1754250 -0.1039307 0.1946206 -0.0149591 0.4046924 -0.1560496 -0.0661188 -0.1933493 -0.1102130 -0.0022308 0.0288668 -0.1331850 0.3329306 -0.1634335 0.1999797 -0.0043281 0.2772914 0.0961182 0.0517981 0.0660608 0.0409779 0.2373098 -0.1736614 -0.0829208 0.3813956 0.2403197 0.3031149 -0.0807597 0.0650321 0.1674792 0.0624967 0.0204871 -0.3175435 -0.1867492 -0.2569110 -0.1166664 -0.3360608 -0.0336133 -0.1528584 -0.3935815 -0.0016992 0.5236578 0.4567174 0.5705903 0.0974422 0.4993178 0.4113562 -0.0888544 -0.3502790 -0.4146731 -0.3365430 -0.1289101 -0.5192507 -0.5016793 -0.4571812 -0.4745543 -0.4237994 -0.0213530 -0.4239471 -0.1518512 0.0997478 0.4693932 0.1387072 0.5068622 0.1899575 -0.3176568 0.1251873 -0.2840618 -0.0263542 0.6476088 -0.3369392 0.1515393 -0.0914782 -0.0546457 0.3283953 0.4066154 0.7120193
0.0764107 0.4123717 0.4240707 0.6180874 0.5942533 0.5500390 -0.1313593 0.5610714 0.2383216 0.7466667 0.6813585 0.0921670 0.4830782 0.0000000 0.0502080 0.6313243 0.6598818 0.2539012 0.4576053 -0.0401402 0.1111168 0.4355359 0.6329594 -0.0272033 0.7365734 0.6520926 0.3487165 0.3807844 0.4107977 0.6885653 0.4460413 0.5903297 -0.0849133 0.4292596 0.3746633 -0.0039151 0.5011213 0.4058697 0.1087506 -0.0137401 0.3235398 0.4636054 0.3320295 0.8574188 0.6619599 0.5097177 0.3141406 0.0967265 0.5547960 0.3842862 0.0981675 0.5114755 0.3568517 0.6922405 0.3735235 0.5879310 0.4839916 0.7362548 0.3660332 0.5814213 0.5288341 0.6154080 0.0067672 0.5205425 0.2267942 0.4954742 0.6780678 0.7375440 0.4759485 0.8387266 0.5742147 0.4656756 0.7811269 0.3922331 0.6956073 0.8494394 0.5010250 0.7352507 0.7388820 -0.2454833 0.5862540 -0.0386799 0.0437174 0.1089125 -0.1194202 0.1368774 0.1833066 0.1047674 0.2866478 0.1175047 -0.0214821 0.2891472 -0.0609943 -0.1042456 -0.0533959 0.3963180 -0.0770573 0.2306803 -0.1061521 0.1053005 -0.2181149 0.1991407 0.1320273 -0.0955457 0.3602069 0.0983594 0.3840545 0.1188998 0.4264002 0.4044877 0.1030880 0.4521887 0.1763709 0.4548909 0.2865828 0.2604006 0.2781075 -0.0387412 0.1536345 -0.0675689 0.1265777 0.3493322 -0.2858274 -0.2025007 -0.0831660 -0.0637866 0.2704700 0.1059886 0.0104124 -0.1774354 -0.0151072 0.0546613 0.0350428 -0.2104584 0.0154523 0.2001194 -0.0053837 0.0752527 -0.1417464 -0.0940673 0.2125715 -0.0522681 0.0613113 0.1151543 0.1269380 0.1762465 0.0497544 0.0370430 -0.2815407 -0.0334393 -0.0784499 0.1211992 0.3200972 0.0858518 -0.2611004 0.0053958 0.2339097 0.2634081 0.2363169 0.1681440 0.1562716 0.3443672 -0.0378819 0.0980496 0.1961931 0.1456029 0.0651056 0.3777347 0.1200656 0.3485713 0.1955707 0.0941546 0.1161053 0.0619759 -0.0195823 -0.0882451 0.1386060 -0.1828946 0.1853850 0.0752672 -0.2386752 0.0754319 0.4015218 0.2673789 0.2571113 0.0119344 0.2864631 -0.0835919 0.0911448 -0.0949665 -0.2545647 -0.0214994 0.1892292 -0.1748460 -0.2395440 -0.0334428 -0.0409347 -0.0304481 0.0968005 -0.0673357 0.1028255 -0.1539592 0.1493948 0.1400909 0.2405073 0.3856235 -0.4096880 0.4620168 0.0086038 -0.2154631 0.2361294 -0.0192539 0.1863926 0.3396569 -0.0755424 0.6159579 0.3869500 0.4538446
0.2124655 0.1935838 -0.1082674 -0.2964357 0.1835889 0.1644502 0.5158057 -0.2437952 0.7322216 -0.1467029 -0.0141513 0.4624506 -0.2174219 0.0502080 0.0000000 -0.0394744 0.0698160 0.7942055 -0.1171320 0.1834241 0.1027382 0.3268070 -0.0824890 0.8563675 -0.0806840 -0.1693146 0.4534126 0.4748407 0.1083754 0.6169939 0.4607556 -0.1515053 0.2469210 0.1035984 -0.2196194 -0.0585331 -0.1118735 0.1226543 0.3776211 0.6864172 0.2740450 0.0275583 0.1471497 0.0235707 0.0187541 -0.0819648 -0.1703613 0.1423443 -0.0161291 0.0706962 -0.1250596 0.1300648 0.0219902 0.1041251 0.1592358 0.0252720 -0.2431838 0.0658906 -0.1233260 0.0120195 -0.0786767 0.1887560 -0.0842265 -0.0585111 -0.0479245 -0.2662621 0.0805389 0.0535519 -0.1080868 -0.0570166 -0.0808254 0.0602487 -0.1124522 -0.2104482 0.0621479 -0.2426902 -0.2118945 -0.1560586 -0.3568256 -0.4107640 -0.3038149 0.2872748 0.0913625 0.1022957 0.1218797 0.0289997 0.2884583 0.0660238 -0.0393962 -0.0425766 -0.0803316 0.4371184 0.2503576 0.2237650 -0.0109538 0.2656052 0.1114400 0.0102272 -0.0551697 0.3373749 -0.0419130 -0.0842133 0.0344278 0.2647861 -0.2385364 -0.0509721 -0.2798966 0.0831815 -0.1529557 0.0479937 -0.2225156 -0.2409841 0.1121911 -0.0938361 0.0734308 0.3301900 0.4373359 0.2919201 0.4054651 0.4433092 0.5655994 0.4991825 0.3334509 0.3281975 -0.0051176 0.4011072 0.5532326 0.0455303 0.0809461 0.3495398 0.4024391 0.2403273 0.6806464 0.5666541 0.1294147 -0.1350190 0.3665916 0.1253323 0.5694680 0.0685818 0.0048895 0.0769771 0.1132252 -0.0345526 0.1444615 -0.1393545 0.3491853 0.0662378 0.3515944 0.0684615 -0.0439707 0.0674263 0.2405482 -0.0908871 0.3772295 0.0774069 0.0899720 -0.0961010 0.0108895 -0.2245728 0.1069494 0.0005635 0.2643238 0.1044585 0.3232382 -0.0221687 0.1639528 0.0254967 0.2345264 0.0370235 -0.0015444 0.1545973 -0.1361582 0.3229158 0.2479839 0.1430131 0.1321939 0.2728247 -0.0605563 0.0322002 0.1761573 -0.2176719 -0.1133602 -0.2165513 -0.2717682 0.0020139 -0.1892652 -0.2546849 -0.2227234 -0.0055348 0.4024237 -0.0246657 -0.1032382 0.1840633 0.2983310 0.2551125 0.3248258 0.0746993 -0.2171521 0.3546608 0.7274328 0.5822357 0.4155271 0.3427332 0.1598054 -0.0456000 0.4378018 0.5059995 0.7359325 0.5193214 0.1853418 0.3226618 0.1116471 0.0593488 0.0968628 0.2354543 0.0133122 -0.1262438
0.0888581 0.2961107 0.5237793 0.8967987 0.4568300 0.7962017 0.2038162 0.7950528 0.2850669 0.7307003 0.7976125 0.0778035 0.6386879 0.6313243 -0.0394744 0.0000000 0.5859508 0.0982466 0.7148020 -0.1850047 0.2280496 0.0252898 0.6825006 -0.0392585 0.5239625 0.6992452 0.4744343 0.0765142 0.3858010 0.4264825 0.3427159 0.5240341 -0.0847469 0.5074164 0.7456227 0.0967544 0.6163450 0.3682375 0.4264971 0.3567997 0.3486541 0.3266110 0.7458516 0.7218902 0.6331640 0.7790306 0.7831325 0.3916242 0.2879109 0.6889727 0.7389696 0.9212638 0.4163391 0.6971379 0.4090845 0.7660933 0.7687973 0.4675780 0.0629663 0.7881558 0.4898449 0.6950979 0.1666202 0.6668732 0.2381140 0.6161179 0.6635589 0.5200256 0.6501236 0.5141343 0.3055118 0.5830388 0.7256745 0.4392923 0.4695741 0.6314118 0.3174224 0.4665544 0.6882813 -0.0192964 0.4099183 0.2349108 0.3517175 0.3299302 0.0631901 0.4235512 0.4136622 0.1062580 0.3852554 0.1474205 0.5228007 0.2250410 0.2190248 0.0070323 0.2202368 0.2853002 0.2249896 0.5500215 0.1932388 0.0930057 0.1339466 0.6162510 0.6252638 0.1581157 0.6553552 0.4151020 0.6904250 0.4867286 0.7185764 0.1706557 0.5284553 0.4634844 0.2084393 0.4126179 0.4774166 0.3635005 0.2971821 0.3138905 0.4018783 0.3132095 0.2498244 0.1707199 -0.0149205 0.1524377 0.4248653 -0.0413391 -0.0539123 0.6042883 0.3709059 0.1684416 0.3116609 0.5109886 0.1586141 -0.0651659 0.4093132 0.7633908 0.3207488 0.4518661 0.0133848 0.2031858 0.6905042 0.3569421 0.1034413 0.4070241 0.4265770 0.6718880 0.3755204 0.3191469 0.0375719 0.4643137 0.2155592 0.3241664 0.5187921 0.6292053 0.0830287 0.3030059 0.3027009 0.6822088 0.2563303 0.2484439 0.6231345 0.6197038 0.3030367 0.1189343 0.5135498 0.4256352 0.5040676 0.7437476 0.2909016 0.5627535 0.5722816 0.4902929 0.0321716 0.1152664 -0.0127100 0.1273871 0.2314386 0.0340492 0.2833485 0.1011030 -0.1388949 0.0227780 0.2201643 0.1574584 0.2767460 0.0685618 0.0585222 0.0317604 -0.1116599 -0.0370913 -0.0099502 0.0377935 0.1150905 -0.1876636 -0.1296179 -0.1232414 -0.0956405 -0.0164558 0.0163827 -0.0258252 0.2517723 -0.0667748 0.3798871 0.2864948 0.5829508 0.4293343 -0.1022140 0.2781537 0.2544816 -0.0368197 0.4337168 0.0247178 0.5062349 0.4525747 0.2423608 0.5330137 0.6938177 0.6792472
0.4828371 0.4913611 0.3185076 0.5372922 0.1430934 0.5262556 0.1068672 0.5859363 0.5138892 0.5317188 0.7853962 -0.0121027 0.4140145 0.6598818 0.0698160 0.5859508 0.0000000 0.0857345 0.5979769 -0.0422194 -0.0695654 0.5533566 0.8391603 0.0667358 0.7554083 0.4565525 0.6057667 -0.1886083 0.3285697 0.5045936 0.5748312 0.5248465 -0.2089011 0.3555087 0.5489508 0.0289621 0.5049262 0.6439748 0.5178620 -0.0070432 0.5987923 0.3653243 0.5873242 0.5362662 0.3271552 0.3909891 0.3962932 0.3123858 0.2771891 0.4709645 0.2288748 0.6647841 0.0195532 0.6364139 0.6567745 0.5542187 0.3237960 0.5576777 0.1860472 0.6240864 0.1621991 0.6581432 -0.0215370 0.2914382 -0.1570986 0.3271268 0.7382374 0.6856891 0.3518400 0.6193281 0.4606700 0.2687479 0.7084166 0.0382291 0.5898307 0.5735077 0.1120308 0.6838546 0.6364931 -0.4423932 0.5761911 -0.3723418 -0.1157570 0.4049389 0.1680654 0.1550336 0.3562160 0.3848410 0.3542059 0.0773787 0.0604027 0.1456834 -0.0036058 -0.0799193 -0.0986482 0.5416365 -0.2303732 0.2338145 -0.0711170 0.3439491 -0.2530386 0.0121152 -0.0357877 -0.0613078 0.4660133 0.0440409 0.2654691 0.0745125 0.5864116 0.3078880 -0.0334718 0.4832255 0.1987152 0.4679190 0.0276612 0.0366374 0.0674511 -0.1337171 -0.1493566 -0.1192673 -0.0656648 0.0471872 0.0631055 -0.4112422 -0.2925776 -0.1339112 0.2740449 0.4157145 -0.0934206 -0.2891719 -0.1838795 0.0197715 0.1100224 -0.1787994 -0.0118903 0.2992453 0.0212343 0.0892114 -0.0518591 -0.3340779 0.2560636 -0.0895404 0.0298499 -0.2827613 -0.1737181 0.0363065 -0.0275957 0.0390685 0.0032012 -0.0386184 -0.3247766 -0.3295827 0.1845716 0.1817116 -0.3843210 -0.2838011 0.3663820 0.1495559 0.2463009 -0.0135070 0.1253566 0.3954618 -0.3532831 0.1945221 0.1521130 -0.2950831 -0.2186806 0.3518833 0.3407966 0.3435495 -0.0041042 0.1920753 0.2105688 0.1117974 0.2773569 -0.0751803 -0.0349401 -0.2176278 -0.1019887 -0.0536504 -0.3384589 -0.0487849 0.1001272 0.2570206 0.2421593 -0.3269565 0.2950476 -0.2520280 -0.0604992 -0.3085011 -0.1364468 -0.3266870 0.0536710 -0.2214418 -0.2355970 -0.2693763 -0.2213147 -0.3064914 0.0254309 -0.2313340 0.2127817 -0.0624828 0.0085485 -0.1781898 0.1955958 0.3011498 -0.4218671 0.3231672 0.1770873 -0.2271999 0.0670676 -0.1896239 0.2207199 0.2568016 -0.1866316 0.3073357 0.5535021 0.5918424
