0.0000000 0.6446795 0.5192435 0.5904280 0.4616645 0.3089999 -0.1129031 0.2931806 0.0905983 0.4586500 0.5050706 0.1084000 0.1734430 0.2822084 -0.3170171 0.5427563 0.6384391 0.2993469 -0.0720345 -0.1076674 0.4387783 0.3151266 0.4446540 0.2920706 -0.1274315 -0.0249235 0.4532814 0.0624322 0.4517137 0.2086675 0.1167305 -0.2072354 -0.0631032 0.2736550 0.0263685 0.4435006 -0.1731302 -0.1645789 0.3208665 0.2000737 0.1145655 0.5328941 0.3430285 -0.0376772 0.3001108 -0.3230474 -0.2185628 0.0810589 0.3193594 -0.1654779 -0.0034754 0.2595383 0.4080073 0.2189958 -0.0635731 -0.2398491 -0.2657000 0.3001550 0.2082864 -0.0071886 0.2924654 0.2641218 0.0919513 0.5236859 0.3982447 -0.1610427 0.0393917 0.2520510 -0.2318638 0.1144974 0.0053333 0.3487065 0.2229571 0.3120308 -0.1810999 0.1692053 0.2750995 0.0627593 0.2610266 0.3688485 0.2642916 0.2858820 0.1519793 -0.2642819 -0.1638452 -0.0056350 -0.0254937 0.2053365 0.0756807 0.1610338 -0.0847813 0.1741970 0.2868245 -0.0040327 0.0757361 0.2730935 0.3210649 0.2177360 0.1170194 -0.2885697 -0.0879631 0.2348540 -0.1438520 -0.1532638 0.0761601 0.1310252 -0.1811530 -0.2372579 0.1683270 -0.5030064 0.2224343 -0.0965337 -0.1656610 -0.0109342 0.0049010 0.1080742 0.2293511 -0.0695298 0.0873479 0.0762035 0.2249320 0.1418512 0.2187156 -0.1399730 0.0728314 0.4346567 0.1099923 0.4014191 0.1878317 0.1296828 0.2193604 0.1497354 0.1890333 0.3066050 -0.0094984 0.2924191 0.3358496 0.2421997 0.2234324 0.3331936 0.2076688 0.3133135 0.5854203 0.0427432 0.2535382 0.2357771 0.2492914 0.2022172 0.2029654 0.1390789 0.2922513 -0.1743808 0.1199710 0.2512820 0.4402548 0.0191241 0.2367718 0.1219711 0.0439882 0.4050321 0.1316516 0.0925639 -0.0021939 0.2729422 0.2055783 -0.1216079 0.1622544 0.0551838 -0.0763319 0.2421707 0.2887234 0.2374929 0.5641807 0.1892058 0.4440856 0.2824129 0.6765821 0.5546125 0.6721703 0.5831678 0.3900833 0.6214401 0.4020301 0.3254033 0.0879683 0.2342206 0.1728513 0.2958756 0.2643871 0.4970044 0.0693891 0.5683428 0.6603586 0.0373426 0.3322457 0.0520597 0.1415354 0.4900126 0.3479469 0.3826747 -0.1346414 -0.2613801 0.0126822 0.0027219 0.0490955 0.1656938 0.1224911 0.0242004 -0.0388826 -0.2882846 0.1029218 -0.3265206 -0.1339695 -0.4637051 -0.0590471 -0.0085888 -0.0616086 -0.2157800
0.6446795 0.0000000 0.3067711 0.7655603 -0.0097908 0.4978612 -0.0726642 0.0750393 0.4771888 0.6927806 0.5010558 0.3227898 -0.1397583 0.7314293 0.1510098 0.4565944 0.6982829 0.5756323 0.0514543 -0.1202833 0.6298558 0.3148482 0.2531138 0.7209509 0.1180505 -0.0672084 0.1913450 0.6108680 0.6934764 0.4948149 -0.0081190 0.0096527 0.5785063 0.7360849 -0.0887887 0.6038145 -0.2663698 -0.0373657 0.3232221 0.2789457 0.2934356 0.6567307 0.1266634 0.4493571 0.3802685 -0.1538387 -0.2101063 0.0578055 0.7799054 -0.1823294 -0.1091955 0.0981414 0.6090472 0.3364360 -0.1720979 -0.3744021 -0.3115243 0.4451519 0.3108226 -0.1799805 0.3636728 0.0490193 -0.3806020 0.3760512 0.3448472 -0.3284550 0.0732656 0.2338952 -0.5230038 0.0424454 0.0603860 0.1257836 0.3244065 0.0904207 -0.1662886 0.0896321 0.0094779 0.0998370 0.2486538 0.1632271 0.1580155 0.0748844 0.0075310 -0.1483342 -0.1134739 -0.2309249 -0.1911543 0.1425449 -0.0203489 -0.0330096 0.0968013 -0.0280088 0.1691785 0.1183433 -0.0421363 0.0528083 0.2740451 0.0168324 -0.0948588 0.1569073 -0.0504772 -0.0088495 -0.1287039 0.1541894 0.1224003 -0.1672316 -0.0523455 -0.3730541 0.1359354 -0.5080414 -0.0214088 0.2410280 -0.2600303 -0.2451445 -0.0105328 0.0150240 0.1486899 0.0487712 -0.0263932 0.0904282 0.3458244 0.0278249 0.4182858 0.0021839 0.3017527 0.4756741 0.3264721 0.4210134 0.3501081 0.2550831 0.3500546 0.2878451 0.5036190 0.2081889 0.3726454 0.3462855 0.4910210 0.4439473 0.4318293 0.3681082 0.3619547 0.4513275 0.6219270 0.1641051 0.6015744 0.1566749 0.4348265 0.3158683 0.1949054 0.2997802 0.0896731 0.0892293 0.3813009 0.2877461 0.3089478 -0.0262572 0.3280082 0.2725264 0.1987174 0.1123399 -0.1179069 0.2047947 0.0103474 0.1992738 0.2386486 0.1342189 0.3168494 -0.0062747 0.0667064 0.2927333 0.2584439 0.1606613 0.5699252 -0.1413868 0.5737760 0.3061867 0.5024137 0.3296268 0.6448279 0.3457311 0.2210361 0.5814277 0.4565348 0.4237071 0.0505067 0.1990874 0.0316041 -0.0444264 -0.0301586 0.2782662 -0.0619039 0.4163916 0.3696209 -0.1051574 0.1445469 -0.0112463 -0.0250770 0.5147386 0.3004095 0.4681212 -0.1856761 -0.4490680 0.1675857 -0.0574692 0.0221610 0.2517520 0.2180481 0.1321416 -0.0781910 -0.6161124 0.1113035 -0.4834499 -0.3336458 -0.0282287 0.0212021 -0.2971976 -0.6327050 -0.5687367
0.5192435 0.3067711 0.0000000 0.7195507 0.6442374 0.3538086 0.1011145 0.7931251 0.3090326 0.4918384 0.4798869 0.2101745 0.8195880 0.2051798 -0.1660216 0.5690084 0.5479574 0.3463505 0.3831777 0.4215206 -0.2209018 0.5537858 0.3864701 0.1309739 0.0831345 0.1820714 0.1976459 -0.1483385 0.0645012 -0.1058531 0.3964089 0.0922166 -0.2245081 0.0405410 -0.1359969 -0.2423965 0.0553260 0.3162208 0.0158323 -0.0366219 0.2248334 0.0748151 0.0198291 -0.2579732 0.2154325 0.1344303 0.1992385 0.5890145 -0.0243802 0.1943257 0.1128326 0.0053667 0.3102659 0.0422544 0.5512356 0.2746289 0.2152509 0.1379191 0.3102379 -0.0198184 0.3755180 0.1433822 0.7106797 0.5272015 0.7155986 0.4006970 0.2401223 0.2217229 0.3747802 0.4084030 0.3701317 0.6578695 0.2448662 0.7135458 0.3218980 0.5242427 0.6088321 0.6345545 0.5878536 0.6430328 0.7223165 -0.0134717 0.2027528 0.1565586 0.0273362 0.3144229 0.0845706 -0.1174568 -0.0054007 0.0510445 -0.4217239 0.2415743 0.4555515 -0.4119266 0.1272127 0.3149524 0.4884651 0.6109942 0.2436663 -0.5713612 -0.0743149 0.6124614 0.3519189 -0.5214066 0.4294934 0.4532629 -0.1212836 0.2661178 0.0998320 -0.2059853 0.5652976 -0.0024784 -0.0079893 0.2379757 0.2495530 0.2719573 0.4233945 0.2467722 0.4234093 0.1399112 0.3697386 0.5033380 0.1938354 0.1768588 0.2034867 0.0606611 0.0377249 0.5288427 -0.0741138 0.3128690 0.2075656 0.5890405 -0.1880974 0.3890887 -0.0359643 0.4883885 0.1738122 0.0008927 -0.0525826 0.4434771 0.1019867 0.2994037 0.3704778 0.1308475 0.0373244 0.4077134 0.0578147 0.0439917 -0.1240960 0.4010470 0.7145177 -0.0863420 -0.0984473 -0.0981291 0.3299013 0.2450004 -0.0520435 0.1676588 -0.2332577 0.6074663 0.0933428 0.1789425 0.2270423 0.2274932 0.0793816 -0.0206420 -0.0831928 -0.0764471 -0.2714151 -0.0568047 -0.0743977 -0.1619136 -0.0401719 0.0213686 -0.2154205 0.3120094 0.4884145 -0.0762542 0.0590036 0.0074521 -0.2061100 -0.0319491 0.0408555 -0.0771836 0.5897479 0.7237217 0.6906818 0.7700700 0.7796722 0.9091600 -0.0954701 0.5673930 0.5307270 -0.2728983 -0.0985937 -0.4693858 -0.2928292 0.0829830 0.5875202 0.0218253 -0.1777960 -0.4897422 0.0780104 0.1593539 0.3721204 0.5867873 0.1122762 -0.0928628 -0.3959519 -0.3957168 0.5251409 -0.6091834 0.4377013 -0.5949913 -0.5586684 0.3208033 0.0717294 0.0247950
0.5904280 0.7655603 0.7195507 0.0000000 0.2242198 0.7302155 0.2701925 0.5369262 0.7279263 0.8874727 0.6977123 0.5697251 0.3954899 0.6091395 0.2354952 0.5914830 0.7208501 0.6804472 0.3164641 0.1680938 0.4178852 0.4903165 0.1835603 0.6836888 0.1483935 -0.0764390 0.0946828 0.2909887 0.6331956 0.1608577 0.1789345 0.0657735 0.3088136 0.6579075 -0.3887301 0.3473467 -0.3040783 0.2300454 0.1245671 0.0784610 0.3431175 0.5632145 -0.1130277 0.0835692 0.5909719 -0.0338229 -0.1716532 0.4181470 0.5449028 0.0378952 -0.2397322 -0.0362086 0.7455141 0.2158940 0.1781584 -0.1385607 -0.1658608 0.3791147 0.6049249 -0.3955579 0.6567641 0.0254682 0.1483483 0.5797545 0.7343379 -0.0434491 -0.0010379 0.1960066 -0.1623180 0.2618172 0.1541547 0.5259934 0.2331499 0.5616176 0.0661541 0.3383988 0.4567214 0.4578603 0.5277008 0.5033685 0.5918548 0.0219992 0.1056329 -0.0567606 -0.1290039 -0.0953511 -0.2477217 -0.0548132 -0.1858779 -0.0833102 -0.3007270 0.2136692 0.3383801 -0.1560053 -0.0770284 0.0543055 0.5328381 0.3071254 0.0142906 -0.1220658 -0.1712922 0.2167090 0.0876819 -0.2559949 0.4058414 0.0523766 -0.2210820 -0.0712585 0.1112512 -0.4470680 0.2454543 0.1849501 -0.2062151 -0.1586887 -0.0163173 -0.0110978 0.1628937 0.0005193 0.0766552 -0.0154675 0.3040105 0.1567407 0.3416364 0.0619992 0.2071157 0.1958313 0.0029146 0.5160848 0.0208087 0.2178393 0.2221589 0.4844361 0.1122017 0.1815165 0.1893251 0.3922561 0.2936438 0.2994522 0.1629288 0.5868756 0.1104874 0.5807082 0.5392629 0.2015960 0.2976913 0.2349853 0.2806997 0.1173681 -0.0095010 0.4573456 0.4102298 0.0162055 0.1153723 -0.0112333 0.3402243 0.1846975 0.1604676 0.1867846 0.0049571 0.4078126 -0.1897355 0.1008293 0.1616687 0.2901387 0.0903739 0.0920483 0.1560139 -0.1314308 -0.1603337 0.0113321 0.0340197 -0.1039054 0.2132453 -0.0689973 0.2928430 0.6007178 0.7180178 -0.0564884 0.4444949 0.0933742 -0.2113812 0.3396296 0.4668030 0.3343899 0.5790511 0.6866036 0.5984892 0.4765880 0.4725468 0.6790838 -0.2672189 0.5859032 0.5139114 -0.3244673 -0.1550182 -0.3547185 -0.2714043 0.4179257 0.6134574 0.2555931 -0.2174289 -0.7111388 -0.0908005 0.0255113 0.2933633 0.5242326 0.2906018 -0.0186351 -0.3094448 -0.5618011 0.2259002 -0.4584555 0.1578459 -0.3100591 -0.1703703 0.0195475 -0.3091554 -0.3624625
0.4616645 -0.0097908 0.6442374 0.2242198 0.0000000 0.0022113 -0.1008662 0.4178545 -0.0837344 0.1569087 0.2051165 -0.2260143 0.5507700 -0.0558865 -0.2677252 0.2827090 0.3073329 -0.0683201 0.0597717 0.3093377 -0.3302019 0.0794422 0.3432984 -0.4371590 -0.1111955 0.1263262 0.3539045 -0.3819355 -0.3804417 -0.0636591 0.2807724 -0.1297428 -0.4159017 -0.3414764 0.0708960 -0.3473987 0.0710516 0.1479577 0.1873760 0.0947831 0.0620433 -0.2200087 0.3006266 -0.3589800 -0.2038848 0.1033042 0.2681484 0.3252736 -0.2743198 0.3245564 0.3558118 0.2262908 -0.0260896 -0.1259260 0.4477903 0.4053629 0.2312092 -0.1154447 0.0182567 0.2515728 0.0148291 0.2283849 0.6753865 0.3052012 0.3291443 0.3809936 0.3443187 0.1419537 0.4569885 0.2414972 0.2824423 0.3415008 0.1555142 0.3932200 0.1377464 0.3512499 0.2830674 0.2230104 0.2777237 0.3373032 0.3073157 -0.1679894 0.0116867 -0.2513423 -0.3913216 0.1338319 0.0777868 -0.2930341 -0.2807649 -0.1122244 -0.4499627 -0.0464709 0.0191944 -0.4646349 -0.0568039 0.1468519 0.0514566 0.2664223 0.1441767 -0.6840711 -0.2573121 0.4679714 0.2276043 -0.5391018 -0.0264238 0.3133904 -0.1298157 0.1686770 0.2795619 -0.0762038 0.4233678 -0.1319825 -0.0315353 0.2641773 0.2380906 0.1257222 0.1636488 0.0288543 0.2095357 -0.0267378 -0.0336091 0.1112749 -0.1895994 -0.1484364 0.0911771 -0.1796704 -0.2057793 0.2348584 -0.2165356 -0.0616369 -0.0371480 0.1352962 -0.2164940 0.2209650 -0.3807538 0.1872014 0.0058577 -0.2877924 -0.2653244 -0.0846444 -0.1028463 -0.1403730 0.0498738 -0.2410782 -0.2304794 0.3087641 -0.3002974 -0.1676415 -0.2747209 0.0887121 0.4131601 -0.3272746 -0.3656305 -0.1189390 0.2286747 0.1698038 -0.3004720 -0.1964617 -0.4974948 0.2224907 0.0636383 -0.0626449 0.2860931 -0.0920112 -0.1116976 -0.1459426 -0.2693191 -0.2215536 -0.4685708 -0.2322908 -0.1520001 -0.1187724 0.1021776 0.3346590 -0.3899484 -0.1078262 0.1451141 0.1650622 -0.0951624 -0.0349787 -0.0543646 -0.2025872 -0.0793394 -0.2007376 0.1850248 0.2681985 0.3609219 0.5031164 0.5007852 0.4588227 -0.0611022 0.1632079 0.2571377 -0.0454001 -0.0512218 -0.3087352 -0.3289366 -0.2214265 0.1726326 -0.3108565 -0.0647374 0.0582490 0.2245899 0.1540936 0.1983048 0.2940224 -0.1067603 -0.0320949 -0.1600903 -0.0628500 0.4044375 -0.3348394 0.2976423 -0.5213732 -0.5843900 0.3213857 0.3893830 0.3166540
0.3089999 0.4978612 0.3538086 0.7302155 0.0022113 0.0000000 0.7837611 0.4176509 0.9027967 0.8333858 0.6695976 0.8006067 0.1574471 0.3529808 0.3281338 0.5160787 0.3959695 0.5615550 0.5471194 -0.0969693 0.5650960 0.2376191 0.0746150 0.6733779 0.3974869 0.0696533 -0.2690222 0.1602264 0.7142357 -0.2257567 -0.1492006 0.1960287 0.3619925 0.6768780 -0.2882769 0.5619385 -0.2312072 0.2092567 -0.1426305 -0.1542294 0.0815194 0.7313102 -0.2736449 0.0635549 0.8272022 0.0822355 -0.1638626 0.1669187 0.5623135 -0.0406681 -0.2640308 -0.2305941 0.8113469 0.1190316 -0.0194072 -0.1065879 -0.1911093 0.4336174 0.8580704 -0.4204608 0.8871825 0.0073462 -0.0430637 0.6466899 0.7084358 -0.1820582 -0.0067031 0.3222517 -0.1558304 0.4759474 0.1089727 0.5128631 0.3181419 0.5748565 0.1687473 0.4890197 0.5034418 0.4309942 0.5729267 0.3200450 0.4767104 0.0183940 0.1036208 -0.0673699 -0.1141783 -0.3639834 -0.3912316 -0.0172448 -0.4278084 -0.0179403 -0.5750514 0.3492820 0.0723396 -0.0236593 -0.0640820 -0.1093951 0.4724223 0.0566910 0.2259687 0.2294518 -0.0407732 -0.1143376 0.0095721 -0.0188402 0.1610907 0.0773265 -0.3426014 0.1556882 -0.2748381 -0.2544561 0.2696104 0.1578865 -0.1003157 -0.1403842 0.0054508 -0.0820163 -0.0027486 -0.1378348 -0.0323858 -0.1757263 -0.0882314 -0.1446426 0.2941914 0.0285822 -0.0400812 0.1302819 -0.2745951 0.4131744 -0.1676310 0.0092326 -0.1345208 0.2098016 -0.0041932 -0.0066718 -0.1822570 0.2880640 0.0000487 0.2794245 -0.0255300 0.6534119 -0.0687125 0.6133290 0.1241524 0.2307485 0.1649120 0.2154602 0.2396974 0.0137461 -0.2322115 0.5118398 0.4141285 0.2217646 0.1234296 -0.1036138 0.2649876 0.2911398 0.0697880 0.0728587 -0.0178020 0.2813360 -0.3019004 0.0621196 0.2684098 0.1853830 -0.0775988 0.2765522 0.0046190 -0.3118967 -0.2463366 -0.1780697 -0.1719450 -0.2993335 0.1625135 0.0680988 0.4246622 0.7833865 0.5511990 -0.3909507 0.3491483 -0.0423119 -0.3737705 0.4073645 0.7361312 0.6736598 0.7012007 0.6403496 0.5424593 0.2670865 0.3244653 0.3706769 -0.2408573 0.4049365 0.1346195 -0.1409722 -0.1935648 -0.1474463 -0.1741169 0.3541786 0.3779021 0.2169608 -0.4705299 -0.7558781 -0.3382140 0.1124754 0.0163255 0.2859344 0.2527689 -0.1145250 -0.4631373 -0.3962888 0.0369517 -0.0242553 -0.0512559 -0.1056226 0.1818175 -0.1095218 -0.0892508 -0.2629163
-0.1129031 -0.0726642 0.1011145 0.2701925 -0.1008662 0.7837611 0.0000000 0.3272685 0.7171219 0.4219264 0.2930503 0.7879955 0.1632977 -0.0743187 0.2518826 0.1884241 -0.0793561 0.1978404 0.5975944 -0.1836567 0.2267169 0.0690703 -0.1369768 0.3658151 0.4320491 0.1187343 -0.5349985 -0.1304848 0.4002312 -0.6097680 -0.3269031 0.2768848 0.1115972 0.3225439 -0.1682363 0.2774449 -0.0292859 0.3372700 -0.4744428 -0.4595943 -0.0482978 0.4547935 -0.4301750 -0.1533892 0.6986265 0.2399343 -0.0156258 0.1625394 0.1429884 0.1596998 -0.1901872 -0.3944046 0.4659802 -0.1178387 0.1217477 0.1568535 0.0295207 0.1584124 0.8387172 -0.2406661 0.7853109 -0.0392265 0.1346564 0.3650121 0.4934314 0.0064870 -0.0115657 0.2349874 0.1945837 0.4991342 0.1329169 0.3602709 0.2031662 0.4843575 0.3784555 0.5164413 0.4898011 0.4420077 0.5089921 0.2503443 0.4062988 0.0987225 0.2690152 0.1844861 0.0870905 -0.1518109 -0.2910991 -0.0140828 -0.3471671 0.0992682 -0.5988121 0.4302977 -0.0445275 0.0337315 0.0357568 -0.2066715 0.3003878 -0.0297765 0.3426213 0.3249949 0.0627938 -0.1302395 0.2242315 -0.0144824 0.0532795 0.1764472 -0.1603293 0.4410935 -0.3832261 0.1768030 0.2807139 0.1626271 0.1172187 0.0783941 0.1515002 0.0063040 0.0015249 -0.0642987 0.0783803 -0.1522289 -0.2369943 -0.1714836 0.1450743 0.1287059 -0.2462532 -0.0707217 -0.4942283 0.2121249 -0.3793550 -0.0919729 -0.3554539 0.0820152 -0.2369519 -0.2127145 -0.4722678 0.1528489 -0.3349841 0.0744874 -0.2480246 0.5122491 -0.2843432 0.4329034 -0.3111690 0.1980558 -0.1876883 0.1749165 0.0454760 -0.1465767 -0.4429132 0.4784322 0.4207585 0.3251208 -0.0757953 -0.2987839 0.1181151 0.3877710 -0.0508389 -0.0249026 -0.0650164 0.1706597 -0.2803871 -0.0289538 0.2938257 0.0606154 -0.2397023 0.3121541 -0.1528482 -0.3383640 -0.2399503 -0.4035531 -0.4042188 -0.4786015 -0.0845906 0.1431919 0.2356701 0.7856332 0.3060888 -0.5868811 -0.0103741 -0.2682360 -0.5469629 0.1609796 0.6338153 0.5997838 0.7851408 0.5505138 0.5851128 0.2641962 0.3149396 0.1460114 -0.1377738 0.1651552 -0.1361029 -0.0398243 -0.2471622 -0.0812597 -0.1199070 0.0922048 0.1620242 0.0463541 -0.4513101 -0.5240812 -0.3899670 0.1727949 -0.0588095 0.1541077 0.1232453 -0.3090692 -0.5344276 -0.0398636 0.0291960 0.3515497 0.0321604 0.0295883 0.2378175 -0.0966471 0.2033428 0.0023500
0.2931806 0.0750393 0.7931251 0.5369262 0.4178545 0.4176509 0.3272685 0.0000000 0.2722319 0.4492359 0.6426171 0.2992441 0.9057300 0.1719557 -0.3067690 0.7697486 0.4963066 0.2686696 0.6692237 0.4966936 -0.2234067 0.7846881 0.5481866 0.1105467 0.4107399 0.4244664 0.0973941 -0.1890500 0.1211456 -0.2639211 0.3757756 0.2597540 -0.3028858 0.0001855 0.0132938 -0.2250911 0.1770354 0.4485562 0.0402929 0.0237594 0.2470889 0.0667233 0.1482397 -0.2406390 0.4303636 0.2546914 0.2835199 0.5687634 -0.0111360 0.2033573 0.1491203 0.1135567 0.3717481 0.3127391 0.5385844 0.2839678 0.1701100 0.4484337 0.3881127 -0.1409926 0.5479021 0.4281865 0.6385833 0.6192094 0.8063214 0.2777120 0.1971005 0.4637263 0.3946948 0.6778239 0.2292710 0.8307643 0.3317397 0.9214017 0.4799442 0.6254890 0.8602701 0.7274908 0.7142038 0.5923150 0.7789875 0.2522656 0.3099398 0.1336642 0.0318332 0.1953592 0.1474527 -0.2073823 -0.0476500 -0.0180950 -0.5635985 0.0676268 0.1743991 -0.4573535 0.0803354 0.1460624 0.3276702 0.3856273 0.2096446 -0.4098129 -0.1553010 0.3754387 0.1935537 -0.2490979 0.2096455 0.3352571 -0.3008456 0.2726625 -0.1747092 -0.3298017 0.5659840 -0.1562408 -0.0221435 0.0010443 0.0626942 0.0847836 0.2017240 0.0261631 0.2268658 -0.0412450 0.2024689 0.4129459 0.3510433 0.2605397 0.3017077 0.0410913 0.0673955 0.6260106 0.0479214 0.4477587 0.2103158 0.6649264 -0.1596671 0.5006911 -0.0843799 0.5733107 0.1754127 0.1686865 0.0429917 0.6073867 -0.0172323 0.4922544 0.2589082 0.4082647 0.0135992 0.4037063 0.1567799 0.0577415 -0.2943658 0.4700861 0.8290059 0.1490150 0.0553816 -0.2956324 0.2897473 0.5601537 -0.0718045 0.1492790 -0.3050198 0.7946653 -0.0413547 0.0943869 0.4477914 0.3122931 -0.0362585 0.3228776 -0.0920814 -0.2419100 -0.4165598 -0.2838976 -0.3077328 -0.4390106 -0.2575953 -0.1552534 -0.1489362 0.4501181 0.5427043 -0.2544066 -0.0094809 -0.1798565 -0.3148379 -0.0740889 0.0355221 0.0052198 0.7149991 0.8331867 0.6619008 0.8062272 0.8987539 0.7965642 -0.0828319 0.4856595 0.3675617 -0.0242162 -0.1313457 -0.1752646 -0.2791475 0.2601183 0.4490250 -0.0506690 -0.3390028 -0.7016907 -0.2990415 0.0307067 0.3959132 0.6101599 0.2456617 0.1402487 -0.5338094 -0.4311389 0.3953620 -0.5094197 0.5924389 -0.3205261 -0.4819168 0.4983114 0.0526509 -0.2003746
0.0905983 0.4771888 0.3090326 0.7279263 -0.0837344 0.9027967 0.7171219 0.2722319 0.0000000 0.8234587 0.4757124 0.8494778 0.1010621 0.4329242 0.5415240 0.2693242 0.2748892 0.5221628 0.4690674 -0.0562645 0.4438620 0.1343417 -0.1854430 0.6961967 0.3495379 -0.1023946 -0.4172369 0.3057270 0.5810644 -0.1327295 -0.1282221 0.2470906 0.5435899 0.7202945 -0.4671987 0.3972415 -0.2816322 0.3495248 -0.2044819 -0.1741867 0.2680771 0.5515656 -0.4638220 0.1862000 0.6535140 0.1615705 -0.1759673 0.2988501 0.5610250 0.1027433 -0.3400324 -0.3411551 0.7062185 -0.0265769 0.0787782 -0.0362650 -0.0752564 0.2189161 0.8291151 -0.4571976 0.7612794 -0.2282457 -0.0344490 0.3909714 0.5652752 -0.0469799 -0.0407803 0.0711050 -0.0965378 0.2629105 0.1828133 0.3096818 0.1755213 0.3795446 0.1636008 0.3429963 0.2781754 0.3984561 0.4295820 0.2011816 0.3650942 -0.1846347 0.0180440 -0.0283889 -0.0702926 -0.3287663 -0.4703837 -0.1115200 -0.4617486 -0.0717129 -0.4283947 0.3796149 0.1258617 0.0048580 -0.1768598 -0.1216920 0.5374197 0.0884870 0.0894688 0.2945433 -0.0085710 -0.0859668 0.1510060 -0.0350347 0.3361641 -0.0028449 -0.1710447 0.1916070 -0.0701996 -0.0849563 0.1321267 0.4083052 -0.0242989 -0.1642704 -0.0276071 -0.1449029 -0.0865585 -0.1009225 -0.0580692 -0.0940027 0.0154485 -0.1521678 0.2792473 0.1539558 0.0092084 -0.0123334 -0.2975535 0.3607018 -0.2473805 0.0101371 -0.0649656 0.2051453 0.0445327 -0.1133881 -0.0813264 0.2586220 -0.0183104 0.2196137 -0.0617286 0.5465195 -0.0694672 0.5450616 0.0878061 0.1834990 0.1780067 0.2430707 0.1554316 -0.0544124 -0.2225021 0.5082733 0.2691896 0.2543972 0.0187731 -0.0974169 0.1959032 0.2842784 0.0668194 0.0874105 -0.0025029 0.0700146 -0.3243754 0.0313049 0.3027872 0.1377839 -0.0796183 0.3013828 0.1209104 -0.2784744 -0.1353083 -0.2134218 -0.1502153 -0.3011587 0.0465463 -0.0535445 0.2783117 0.6877276 0.4095388 -0.4938217 0.1904942 -0.2175988 -0.5539081 0.1947612 0.6229974 0.5025180 0.6926971 0.5680776 0.5690477 0.1821206 0.2067596 0.2622666 -0.2820211 0.2035631 0.0090671 -0.2586706 -0.3399308 -0.3326449 -0.2887435 0.1126253 0.3163391 0.1306986 -0.2927582 -0.6601508 -0.1688830 0.2116859 0.0989801 0.2835601 0.2121018 -0.2115135 -0.3642849 -0.4017303 0.1414140 -0.0199837 -0.0100579 -0.0318071 0.0580717 -0.1987405 -0.1693329 -0.2202195
0.4586500 0.6927806 0.4918384 0.8874727 0.1569087 0.8333858 0.4219264 0.4492359 0.8234587 0.0000000 0.8083453 0.5984995 0.2398536 0.6961210 0.3658289 0.6177907 0.6841595 0.6830063 0.4281180 0.2001727 0.5322822 0.3609145 0.1554669 0.6419013 0.3448688 -0.0567593 0.0361774 0.3549108 0.6357487 0.1986813 0.1982391 0.1549384 0.4435344 0.7567522 -0.4516458 0.4732012 -0.3656316 0.2311492 0.1792382 0.1426416 0.3612148 0.6042920 -0.1202046 0.2295577 0.6720334 0.0460612 -0.2305426 0.2871850 0.7120958 0.0215930 -0.3212349 -0.0473631 0.8728720 0.3048682 0.0474203 -0.1490433 -0.2613533 0.5248256 0.7235810 -0.5740140 0.7707868 0.0385294 -0.0055353 0.5946254 0.6695877 -0.1812233 -0.0814168 0.2375656 -0.2682069 0.3086867 0.0397398 0.5564470 0.2320835 0.5357502 -0.0080142 0.2947995 0.4006891 0.3608565 0.4698812 0.3439838 0.4622042 -0.1372789 -0.0435139 -0.3017952 -0.2995553 -0.4302997 -0.3593343 -0.1696901 -0.4734682 -0.2438848 -0.4841463 0.1142457 0.0405538 -0.0956002 -0.3041752 -0.1229570 0.4870465 0.0164874 -0.1189171 0.0936098 -0.2550870 -0.1293895 -0.0854064 -0.1083858 0.2586906 -0.1343777 -0.4593550 -0.0963430 -0.0222848 -0.4648611 0.0658082 0.0781314 -0.3159949 -0.3813572 -0.2239185 -0.3350418 -0.1949212 -0.3301620 -0.2547221 -0.3292352 -0.0519528 -0.1775635 0.3051682 -0.0562057 0.1889670 0.0242551 -0.1680641 0.5145841 -0.0551783 0.0679149 0.1055613 0.2367573 0.1277637 0.0335474 0.1453461 0.2844610 0.2317593 0.2959383 0.1567118 0.5318971 0.0302173 0.5756281 0.3747013 0.1017679 0.2779048 0.1604627 0.2245554 0.0293564 -0.1087703 0.4745439 0.3337541 0.0062299 0.0358487 -0.0392553 0.3114691 0.2055152 -0.0014017 0.0494302 -0.1483903 0.1924306 -0.3464019 -0.0177618 0.2345015 0.1644753 -0.0284082 0.1879906 0.0744744 -0.3392025 -0.3285681 -0.1513266 -0.1046774 -0.2651517 0.2289397 0.0137896 0.3405729 0.5999696 0.5938230 -0.2196946 0.2998727 -0.1653717 -0.3879915 0.2660357 0.5799090 0.4527219 0.5857378 0.5860466 0.5358302 0.3241005 0.3529461 0.4106408 -0.4740144 0.3468372 0.2370195 -0.3164983 -0.3555370 -0.3123199 -0.4399519 0.4286414 0.4920926 0.0889349 -0.2889863 -0.7734542 -0.2067055 -0.0251793 0.3067067 0.4219755 0.3288331 0.1714378 -0.2751740 -0.5614414 0.1264702 -0.3039029 0.1564933 -0.0663991 -0.0630910 0.0901016 -0.2586714 -0.3946511
0.5050706 0.5010558 0.4798869 0.6977123 0.2051165 0.6695976 0.2930503 0.6426171 0.4757124 0.8083453 0.0000000 0.3101044 0.3908623 0.5210453 0.1194845 0.9079249 0.7996803 0.6937953 0.5131123 0.2824035 0.4574745 0.5525325 0.5706966 0.4285753 0.4230244 0.2644068 0.3545685 0.0986289 0.5815318 0.1772536 0.2995478 0.1456518 0.0879830 0.5325238 -0.1441901 0.4333398 -0.1709855 0.1191637 0.4363566 0.3716195 0.1722717 0.5605287 0.3033235 0.0633610 0.7166244 0.0543977 -0.0539781 0.1564759 0.5585716 -0.0863439 -0.0828773 0.3008977 0.8537692 0.6014119 0.0196726 -0.1194829 -0.2661093 0.8056024 0.5188183 -0.4773602 0.7084283 0.4846816 0.0727872 0.8414783 0.7702926 -0.2095150 0.0209978 0.5942092 -0.1861540 0.5819708 -0.0070427 0.8227628 0.4312399 0.7308040 0.1165775 0.4343057 0.6190939 0.4247028 0.5820454 0.3809510 0.5249185 0.1360978 0.1083044 -0.2818324 -0.2204641 -0.3144470 -0.0533844 0.0171434 -0.2598615 -0.1154555 -0.5088668 -0.0691340 -0.0715172 -0.1359235 -0.0852879 0.0035541 0.2819225 0.0113956 -0.0327016 -0.0596046 -0.2559940 -0.0892684 -0.1844371 -0.0876721 0.1237688 -0.0073396 -0.5863680 -0.0882186 -0.1800083 -0.6011530 0.2230333 -0.2587198 -0.4251058 -0.4140002 -0.3089676 -0.3322871 -0.1690937 -0.3905355 -0.2443889 -0.4037873 -0.1188724 -0.0519740 0.3557191 -0.1082094 0.3055404 0.1339813 0.0113935 0.5988264 0.1820738 0.2041754 0.1782783 0.3368266 0.1155403 0.2542325 0.2458526 0.3432622 0.3866375 0.3925058 0.3176906 0.6098349 0.1254003 0.6104099 0.4721841 0.2296008 0.3176521 0.1197550 0.3611394 0.2200842 -0.0339070 0.4381406 0.4380858 -0.0265488 0.2145701 -0.0009453 0.3758916 0.1760677 -0.1221565 0.1260890 -0.2396348 0.4122254 -0.1828476 0.0648168 0.1948839 0.1284505 0.0783946 0.1557744 -0.0458258 -0.2812669 -0.4533825 -0.0953735 -0.0759266 -0.2189702 0.1750934 0.0321872 0.2672984 0.4839342 0.5726626 -0.1927444 0.2848656 -0.0669181 -0.1896275 0.3408356 0.4514397 0.4468250 0.4674208 0.5832372 0.3922481 0.4110843 0.4934549 0.4768434 -0.3993144 0.4192053 0.2532872 -0.1825669 -0.1834666 -0.1053513 -0.2880560 0.5798252 0.4867099 0.1576341 -0.4598688 -0.8471896 -0.4859071 -0.2448635 0.2663401 0.3509179 0.5349699 0.3925061 -0.3670068 -0.5639122 -0.0423848 -0.4251070 0.2286758 -0.0863425 -0.0302528 0.3509492 -0.1852745 -0.4489419
0.1084000 0.3227898 0.2101745 0.5697251 -0.2260143 0.8006067 0.7879955 0.2992441 0.8494778 0.5984995 0.3101044 0.0000000 0.0965380 0.2141877 0.2429601 0.2079950 0.1197659 0.2290261 0.3791980 -0.2691056 0.4065058 0.2262646 -0.2290611 0.6872573 0.2742090 -0.1356002 -0.5696171 0.1764691 0.6232069 -0.3561222 -0.3422619 0.1922327 0.3589661 0.5904247 -0.3322413 0.3715920 -0.1957654 0.3244577 -0.3568724 -0.3241441 0.2375267 0.5507918 -0.4413731 0.0526038 0.7317481 -0.0007707 -0.2653230 0.2726769 0.3899978 0.0490128 -0.3801509 -0.3261972 0.5450378 -0.0149745 0.0327125 -0.1164550 -0.0949609 0.1749939 0.8560367 -0.3304437 0.7837138 -0.1320584 -0.0202634 0.2700123 0.4859838 -0.0805336 -0.1595155 0.0758799 -0.0711600 0.2029939 0.0687930 0.2021237 0.1050417 0.3396568 0.1611080 0.2768106 0.3146708 0.3330247 0.3921726 0.1724287 0.3154865 0.2357933 0.3149638 0.1564547 0.1438295 -0.0672344 -0.3687345 -0.0250133 -0.2333549 0.0931149 -0.2250245 0.5379225 0.2609215 -0.0208898 -0.1147218 -0.1139991 0.5681949 0.1579248 0.0966124 0.2825627 0.0190786 0.0674529 0.2309103 0.0347627 0.3154542 -0.0287028 0.0582755 0.2306417 0.0072258 0.0183725 0.0843015 0.4772323 0.0847501 -0.1027666 0.0215312 -0.0479937 -0.0070962 -0.0479858 0.0139954 0.0690326 0.1670696 -0.0772597 0.4111293 0.2631889 -0.0575306 0.0842502 -0.2189612 0.3792310 -0.1895360 0.1531565 0.0331872 0.2344919 0.1275958 -0.0357624 -0.2585529 0.3942867 -0.0370537 0.3037318 -0.0118870 0.6723699 -0.1029562 0.6256735 0.0011539 0.3228854 0.1076847 0.3472443 0.2020394 -0.0365828 -0.2601763 0.5259019 0.3368677 0.3803872 0.0665120 -0.1532332 0.2356798 0.4825842 0.2566449 0.1338297 0.1059197 0.2437946 -0.2575407 0.0084205 0.4011229 0.3259451 -0.1043198 0.4542163 0.2942812 -0.2015945 -0.0220696 -0.2563242 -0.1893609 -0.3438668 -0.0771345 -0.2623712 0.3744645 0.8368258 0.5949773 -0.3423518 0.3287102 -0.0476387 -0.4239228 0.3283660 0.6610453 0.5493620 0.7492868 0.5602384 0.5764026 0.2231018 0.2066213 0.2150595 -0.0241509 0.1758646 0.0395412 -0.0280189 -0.1528804 -0.1266596 -0.0290589 0.1564880 0.1789745 0.2250653 -0.2208328 -0.6109474 -0.2361854 0.1827041 0.0040881 0.2170227 0.1169407 -0.3911129 -0.3451994 -0.3064674 0.1947607 0.1033795 -0.0510058 -0.0561456 0.0623447 -0.2600078 -0.1663563 -0.3102185
0.1734430 -0.1397583 0.8195880 0.3954899 0.5507700 0.1574471 0.1632977 0.9057300 0.1010621 0.2398536 0.3908623 0.0965380 0.0000000 0.0004725 -0.2676958 0.5072286 0.2845578 0.1217866 0.5093785 0.6288358 -0.4607526 0.6662382 0.3984871 -0.1059993 0.2432587 0.3462552 0.1136785 -0.3012835 -0.1631366 -0.2663100 0.5285828 0.2387333 -0.4350356 -0.2146202 -0.0323965 -0.4757903 0.2343996 0.5448337 -0.0210444 -0.0393361 0.3142524 -0.2034483 0.0781549 -0.3648243 0.1275186 0.3298232 0.3830136 0.7274010 -0.2870163 0.4259282 0.2338087 0.0783493 0.1344337 0.0574477 0.7422216 0.4882265 0.3619123 0.1246954 0.1987022 -0.0030749 0.2986430 0.3004221 0.8611556 0.4257478 0.6836597 0.5325367 0.2577837 0.2405862 0.6124471 0.5131694 0.3470772 0.7168068 0.1917270 0.8256356 0.5083560 0.5515215 0.7674479 0.7190015 0.6164967 0.6463772 0.7787112 0.0758039 0.2825440 0.1841127 0.0307053 0.3754281 0.2645122 -0.2564946 0.0347529 -0.0012414 -0.4790747 0.0584768 0.1578978 -0.4611372 0.1351412 0.1593764 0.2215951 0.4083817 0.2458563 -0.5621073 -0.1405828 0.4669643 0.2978051 -0.4312490 0.2058984 0.3993734 -0.2050552 0.2918887 -0.0612152 -0.1784116 0.5892448 -0.1596939 0.0797450 0.1319913 0.1353935 0.1797811 0.2631146 0.1517996 0.3449209 0.0241749 0.2170822 0.4940454 0.1019948 0.2966217 0.2331945 -0.1533426 -0.0505159 0.4121015 -0.1483288 0.3067480 0.1052657 0.6141631 -0.3886969 0.3813736 -0.1094093 0.3800530 -0.0100596 -0.1307113 -0.1921831 0.3180723 -0.1522708 0.2020882 0.1789389 0.2439782 -0.2281851 0.3265074 -0.1194910 -0.1346154 -0.3087868 0.2446165 0.7007384 0.0040598 -0.2088808 -0.3875758 0.0872707 0.4393997 -0.1968462 -0.0049260 -0.3643395 0.6693202 -0.0322170 -0.0699497 0.3476641 0.1457632 -0.1491797 0.1051821 -0.2149706 -0.2085962 -0.4095358 -0.3695813 -0.3313878 -0.4173532 -0.3374680 -0.0327122 -0.4184921 0.2313492 0.3722089 -0.2547362 -0.2030417 -0.2353709 -0.3747805 -0.3049618 -0.1752718 -0.2632838 0.6331959 0.7642425 0.7087613 0.8988812 0.9296052 0.7955687 -0.0918768 0.4169475 0.4365061 -0.1562815 -0.2082187 -0.3581569 -0.3569058 0.0302856 0.4878127 -0.2222923 -0.1106033 -0.4328137 -0.1269541 0.1083333 0.5362606 0.6385923 0.1041276 0.0875418 -0.4039290 -0.1963770 0.4528477 -0.4264493 0.7491083 -0.3833410 -0.5576600 0.5872828 0.2037889 0.0229504
0.2822084 0.7314293 0.2051798 0.6091395 -0.0558865 0.3529808 -0.0743187 0.1719557 0.4329242 0.6961210 0.5210453 0.2141877 0.0004725 0.0000000 0.2234501 0.4387866 0.6998392 0.6022247 0.2487360 0.3308160 0.3330381 0.4422220 0.2009427 0.6148383 0.3458869 -0.0357964 0.2484556 0.8069567 0.4347080 0.6474722 0.2980044 0.1685835 0.7162463 0.7318202 -0.2188901 0.3119394 -0.2692025 0.1467174 0.3800828 0.3631704 0.4835441 0.3511989 0.0684824 0.6707922 0.2820428 0.0622780 -0.1289749 0.1489558 0.8453415 -0.0508660 -0.1887348 0.0519994 0.5831036 0.5364330 -0.0077502 -0.2366654 -0.2697914 0.5706269 0.2517313 -0.4390943 0.3193959 0.0464653 -0.2535288 0.1685489 0.2195275 -0.2732991 -0.0520579 0.1896543 -0.3817444 0.1028772 -0.0612296 0.2282575 0.1888774 0.1307341 -0.0607567 0.0175595 0.0537400 0.1760997 0.2014216 0.1543538 0.2046673 -0.1193583 -0.1761160 -0.2515660 -0.1914305 -0.3966377 -0.2383561 -0.1875639 -0.2289649 -0.3598853 -0.0773174 -0.3720983 -0.1002942 0.0511974 -0.3283056 -0.1532770 0.1037228 -0.2469403 -0.4487059 0.3346276 -0.1856999 -0.3080449 -0.1776720 0.2270812 0.0986042 -0.3679877 -0.1671008 -0.3048778 0.0766888 -0.3853436 -0.2313699 0.1582312 -0.2252969 -0.3780139 -0.1492352 -0.2666350 -0.1502021 -0.1920124 -0.2496199 -0.1718287 0.1722724 -0.0391868 0.4787277 0.0879225 0.4541777 0.1748044 0.2925437 0.4703363 0.3406970 0.2956807 0.4119011 0.2451882 0.4514645 0.1010905 0.5211487 0.2919662 0.4589250 0.4031061 0.5280356 0.1862725 0.3490752 0.4186273 0.4811900 0.1733466 0.4874999 0.1100461 0.3547767 0.2072536 0.1297492 0.3376628 0.0276155 0.2052450 0.2126697 0.1824634 0.1796533 0.1248319 0.2418596 0.2307509 0.0733282 -0.0265963 -0.2479740 0.0914073 0.1127977 0.2364058 0.1242794 0.3348128 0.3207880 -0.1064477 -0.0329827 0.0572834 0.0325133 -0.1150693 0.3901579 -0.1648850 0.3775316 0.2307765 0.3005574 0.1087052 0.1514579 -0.2111013 -0.1466393 0.0472607 0.1438675 0.1098956 0.1419179 0.1599581 0.0975719 -0.0060652 0.1216877 0.1620298 -0.3126627 0.1392827 0.1124079 -0.2083853 -0.1957239 -0.1229052 -0.4141935 0.5059408 0.2950843 0.0910697 -0.1650223 -0.4786439 0.1459896 -0.0613352 0.4315749 0.4035470 0.3889651 0.4683727 -0.1132565 -0.5831228 0.2151338 -0.5017947 0.1165620 0.3751503 -0.1731132 0.0243085 -0.5778129 -0.5398223
-0.3170171 0.1510098 -0.1660216 0.2354952 -0.2677252 0.3281338 0.2518826 -0.3067690 0.5415240 0.3658289 0.1194845 0.2429601 -0.2676958 0.2234501 0.0000000 -0.2051029 0.0375615 0.5421983 -0.0338409 0.0304249 0.3272585 -0.3411865 -0.4553836 0.3426644 -0.0322224 -0.3813382 -0.0433435 0.2274949 0.2295277 0.2943486 0.0010787 -0.0676944 0.4790328 0.5099323 -0.5703888 0.2420357 -0.4916073 0.0684496 0.1415953 0.1741837 0.0494581 0.1962382 -0.2883818 0.2436936 0.1941916 0.0151547 -0.2701371 -0.0516092 0.3435162 0.0989340 -0.3465208 -0.0308788 0.3860323 -0.0031315 -0.1619515 -0.1198808 -0.2254219 0.0087459 0.3476974 -0.4617344 0.2007565 -0.2199598 -0.2222600 -0.0393000 0.1073494 -0.1817202 -0.1781593 -0.1256659 -0.1448947 -0.1576030 -0.0224984 -0.0673036 -0.0369184 -0.1616183 -0.0262511 -0.0864778 -0.2831434 0.0001777 -0.0455393 -0.1776556 -0.0754834 -0.4662401 -0.1530205 -0.0875919 -0.1331774 -0.2651030 -0.2354624 0.0721912 -0.3131243 -0.1667831 -0.0418831 -0.0060652 -0.2019020 0.2889119 -0.1166026 -0.2568344 -0.0259939 -0.2286577 -0.1658713 0.3602327 -0.1115080 -0.2975886 -0.0402812 -0.0905009 0.2261654 -0.2202045 -0.1440777 -0.1161689 0.1238706 0.0891976 -0.1658847 0.1583610 -0.3385817 -0.3353813 -0.2806237 -0.3750923 -0.3216363 -0.1813964 -0.2679018 -0.2462080 -0.2061012 -0.2683752 -0.2076312 -0.0928863 0.0715126 -0.3134711 -0.2517737 -0.2376314 -0.1859642 -0.2481456 -0.0918056 -0.0750251 -0.0121739 -0.4869000 0.2951405 -0.3689134 -0.0016831 0.0063145 -0.0207246 -0.0638852 -0.0431149 0.0785389 -0.0124286 -0.1721681 0.0518089 -0.3513214 -0.0077285 0.0206324 0.0842529 0.1340255 -0.4309916 -0.1263490 -0.0803184 0.0400011 -0.1093362 -0.3964984 -0.2316031 -0.0242181 0.0690360 -0.4946990 -0.2590347 -0.0940163 -0.3132838 -0.3445116 -0.0174587 -0.2620229 -0.0775614 -0.0092781 0.0078561 -0.0846599 0.0181778 -0.0136203 0.0566056 0.2665664 -0.0410921 0.1276358 -0.1857585 -0.4829027 -0.1621902 -0.2900015 -0.3828315 -0.0033999 0.3072196 0.2942686 0.1206643 0.0890615 0.1813878 -0.2184330 -0.2847195 -0.2730452 -0.4432597 -0.2218382 -0.2094001 -0.4875130 -0.4159655 -0.3712778 -0.2610791 -0.0918865 0.1631744 -0.0258780 0.0219908 -0.1873123 -0.1334081 -0.0479961 0.0465790 -0.1519036 0.3376776 0.0233078 0.0458987 -0.0395231 -0.2482485 0.1828991 -0.0589869 0.2542205 0.3221339 -0.0811897 -0.0963058 0.0532057
0.5427563 0.4565944 0.5690084 0.5914830 0.2827090 0.5160787 0.1884241 0.7697486 0.2693242 0.6177907 0.9079249 0.2079950 0.5072286 0.4387866 -0.2051029 0.0000000 0.8026107 0.5284809 0.6035332 0.2807470 0.2302677 0.7326901 0.8089051 0.3145819 0.5131903 0.5021744 0.3710486 0.0623707 0.4488169 0.1025868 0.2833965 0.2253372 -0.0416336 0.3312626 0.1766346 0.2597029 0.0883832 0.1749659 0.4237005 0.3652726 0.1703023 0.4502213 0.4869918 0.0656664 0.5983427 0.1348299 0.1727543 0.2067458 0.4357350 -0.0733320 0.1850054 0.3755731 0.6669907 0.6624003 0.1475733 0.0009588 -0.1088207 0.8425091 0.3880762 -0.1844046 0.6094959 0.6531756 0.1758054 0.8327898 0.7683892 -0.0935790 0.2326096 0.7667843 -0.0224799 0.7191800 0.1247846 0.8300905 0.6024351 0.7668808 0.2926849 0.5772255 0.6695848 0.5409532 0.6801311 0.4079753 0.5606299 0.3230010 0.2854260 -0.0745663 -0.0217825 -0.0715194 0.1655706 0.0862840 -0.0285861 0.0334579 -0.4299576 -0.1166958 -0.0108442 -0.1975145 0.0994832 0.1581221 0.2268400 0.1181749 0.0978753 -0.1513664 -0.1342440 0.1143115 -0.0501385 0.0060970 0.0584016 0.1508559 -0.4041240 0.0134340 -0.2076384 -0.5511542 0.3840208 -0.2378536 -0.3101103 -0.2399945 -0.0945121 -0.0880046 0.0712848 -0.1522792 -0.0062758 -0.1813604 0.0937114 0.1971956 0.5116392 0.0749692 0.4476738 0.3064550 0.2735356 0.7525845 0.3659323 0.4702481 0.3416695 0.5242502 0.2134577 0.5163348 0.1936189 0.5970722 0.4971622 0.4429389 0.4114932 0.6637427 0.2749163 0.6163594 0.4914782 0.3772658 0.4055507 0.3216607 0.4462577 0.3495294 -0.0823313 0.5236623 0.6512461 0.1239027 0.3425873 0.0350390 0.4484183 0.3096847 -0.0603894 0.2746915 -0.2516363 0.5858599 -0.0230931 0.2259687 0.3025209 0.1880538 0.1581178 0.3089157 -0.0164125 -0.2265453 -0.4217148 -0.0491568 -0.0987503 -0.2426238 0.1714387 -0.0994840 0.2102908 0.4006545 0.5390838 -0.0596193 0.2630478 0.0177294 -0.0281246 0.3378551 0.3090019 0.3669227 0.4277861 0.5880730 0.3191673 0.4580813 0.5829680 0.5699626 -0.1378371 0.4574622 0.2653310 0.0060093 0.0261292 0.0279988 -0.1651280 0.5542546 0.3882236 0.2340185 -0.5436350 -0.8191486 -0.3309127 -0.1925405 0.2091177 0.3992533 0.4756409 0.3860200 -0.4813047 -0.6646851 0.1813620 -0.6331875 0.1835482 -0.1175618 -0.2225898 0.3472380 -0.2474755 -0.4999664
0.6384391 0.6982829 0.5479574 0.7208501 0.3073329 0.3959695 -0.0793561 0.4963066 0.2748892 0.6841595 0.7996803 0.1197659 0.2845578 0.6998392 0.0375615 0.8026107 0.0000000 0.7073546 0.2441398 0.2367827 0.3019295 0.5399104 0.5625485 0.3989364 0.1490020 0.0647580 0.6170381 0.2763045 0.4504762 0.4825820 0.2280531 -0.1332210 0.1652271 0.4699823 -0.0950906 0.2639519 -0.3014782 -0.0524295 0.6050284 0.5245329 0.1467281 0.4229724 0.4503621 0.2217994 0.4549869 -0.1586960 -0.1163162 0.0490855 0.5821038 -0.1696889 -0.0508110 0.4309672 0.6277020 0.7150855 -0.0348822 -0.2772339 -0.3734430 0.7297411 0.2957229 -0.3451652 0.4288344 0.4710011 0.0217658 0.5625102 0.5562077 -0.3081684 0.0069476 0.5308253 -0.2261617 0.3608642 -0.0869892 0.5438301 0.3693176 0.4353834 0.0303769 0.2597965 0.3222929 0.2681573 0.3923686 0.2689674 0.3517595 0.2186271 0.1009794 -0.1955538 -0.1811871 -0.1265604 -0.0689215 0.0405981 -0.1022992 -0.1725245 -0.2195899 -0.2618352 0.1217289 -0.1445020 -0.0899618 0.1041293 0.1628521 0.1341784 -0.2457753 -0.1458963 -0.3079665 0.1505620 -0.0797993 -0.1070127 0.2514628 -0.0460041 -0.2628826 -0.2151466 0.1914060 -0.5343190 0.1425173 -0.0883485 -0.4607789 -0.2832214 -0.1500625 -0.1865791 0.0312821 -0.1900032 -0.0981975 -0.1276264 0.2395612 0.1669105 0.4473315 -0.1083328 0.5227500 0.3270281 0.3637386 0.6284221 0.5075976 0.4437143 0.5362834 0.4752274 0.4435926 0.3786071 0.4048632 0.4590835 0.7124507 0.5584824 0.6324229 0.4974627 0.4260977 0.6079584 0.6385853 0.2300304 0.5376876 0.1583197 0.5545855 0.5077764 0.1654801 0.5533743 0.3358133 -0.0355100 0.3838754 0.2371909 0.5763698 0.0778662 0.0996976 0.3904561 -0.0590134 0.3756711 0.0407564 0.3272634 0.0563970 0.2789011 0.3632890 0.1095867 0.1879565 0.0142318 -0.1933718 0.2012668 0.1518140 0.0396438 0.3725902 -0.0128648 0.2910171 0.3305009 0.5398331 0.2199746 0.3405333 0.1011004 0.1284237 0.3325528 0.2523989 0.2866804 0.2246363 0.4078189 0.2238514 0.2445619 0.3412147 0.4762696 -0.2137474 0.4044165 0.3273386 -0.1084201 0.0541018 -0.0381977 -0.1868799 0.5637442 0.3704142 0.2818082 -0.3945363 -0.6399587 -0.1637589 -0.2248687 0.1829159 0.2950186 0.5781476 0.3328136 -0.3115505 -0.6909872 0.1201410 -0.7013253 0.0916726 -0.1209701 -0.2863330 0.1721211 -0.3465998 -0.4215559
