0.0000000 -0.1169740 0.4638733 -0.2486559 0.2204122 -0.1468516 0.0225185 -0.1469328 -0.0045785 -0.2941356 0.0792488 -0.0023452 0.3765863 0.1646602 -0.0984785 0.4426376 0.3152227 0.2404006 -0.0600917 0.2088362 -0.2970860 0.1031878 0.4497629 -0.2925215 -0.0097570 -0.0050263 0.3670022 0.0318805 -0.3572343 0.3360006 0.1505151 0.1823944 -0.2802179 -0.3934476 0.0754714 -0.1419347 0.0386467 0.1949997 -0.1741030 -0.2108988 0.4613479 -0.0698389 -0.0374197 -0.3063144 0.0284714 -0.0514994 -0.1668296 0.4205458 -0.4774072 0.1749673 -0.1877605 -0.1089443 -0.4525630 -0.1030667 0.2817112 0.0263392 -0.0793304 -0.4633499 0.0501023 -0.1690091 0.0439023 0.0298361 0.2746156 -0.3984866 -0.3083908 0.0553153 -0.2030630 -0.0354005 0.0152331 -0.3816982 0.0090770 -0.3501175 -0.0116188 -0.2132408 0.0212889 -0.0879083 -0.2577941 -0.0681056 -0.0305500 -0.1081378 0.0765209 -0.1076295 -0.4908789 -0.4725335 -0.3803562 -0.4456596 -0.0685563 -0.3880307 -0.0993140 -0.4731008 -0.1017673 -0.3276457 -0.2362527 -0.4819646 -0.2020626 0.0971250 -0.2754149 -0.1486404 -0.5435331 -0.2549023 -0.6491834 -0.2629944 -0.4284554 -0.5292497 -0.3700995 -0.1007659 -0.3852906 -0.3310932 -0.2056083 -0.6044350 -0.5234220 -0.2856767 0.0056195 -0.2621525 -0.3696611 -0.2246283 -0.3118685 -0.3258966 -0.3087698 -0.1561866 -0.4067380 -0.4778826 -0.2471923 -0.1819087 -0.1970820 0.5974870 -0.5758537 -0.3320383 0.2986833 -0.5387262 -0.3988798 -0.2508377 -0.5476330 -0.1636445 0.0795947 -0.2860874 -0.4897740 0.1142808 -0.2139412 0.0734154 -0.4140874 -0.1188082 0.2677766 0.1445841 -0.1264907 -0.4484028 -0.3615295 -0.4892752 -0.1538552 -0.2233952 0.0199719 -0.1019843 -0.3269798 -0.4556565 -0.4144236 -0.4218874 -0.0031929 -0.0497265 -0.1148389 0.0702703 -0.3111227 -0.1230675 -0.1360986 0.0796608 -0.2643544 0.2354346 -0.2817915 -0.2334491 0.0165664 -0.1153324 -0.2312574 -0.0758623 0.0474797 0.2138438 -0.1963167 0.1596300 0.0413303 0.2005913 -0.1296043 -0.0276647 0.0876971 -0.1190035 0.1044616 0.0157626 0.0975094 -0.0242112 0.2361610 0.2783520 -0.1550109 -0.3345959 0.1986900 -0.3613434 -0.1061833 0.2877198 0.5315681 0.4366380 0.0682307 0.1153051 0.0396315 0.5777776 0.1600971 0.1173167 -0.1807291 0.0788783 0.4242365 0.2625150 0.2117086 0.2250967 0.4049025 0.1938608 -0.0409598 0.6097638 0.6142270 0.2534372 0.2398386 0.4482241 0.6378444 0.1602323
-0.1169740 0.0000000 0.2335192 0.6984680 0.3567510 0.7051443 0.4699122 0.7651539 0.4854260 0.3841765 0.5838096 0.6326692 0.4336566 -0.0841060 0.5771540 0.2704998 0.4186344 -0.0009139 0.3761493 0.1365314 0.4692939 0.4103962 0.3397957 0.0005624 0.5233127 0.5368450 0.1658882 0.0506595 0.3295945 -0.0870363 0.5152948 0.5923295 0.0303375 0.2429947 0.5368101 0.3095028 0.7248837 0.5716311 0.2324418 0.1683926 0.3372022 0.2612615 0.6148324 0.0997420 0.3701896 0.6696876 0.7342546 0.1765996 0.2393805 0.6732911 0.6844501 0.5305755 0.5240772 0.4389354 0.4368886 0.7412738 0.7257869 0.3022891 0.7773877 0.6113886 0.7853728 0.4525322 0.6196450 0.4271837 0.2454548 0.6971019 0.4269514 0.3294711 0.6208764 0.5689096 0.5637018 0.6163596 0.5474797 0.5319816 0.6742220 0.6475622 0.5935273 0.4673963 0.6212521 0.4674680 0.4850206 0.2804998 0.2888606 0.3915444 0.4198804 0.5241196 0.3454714 0.1994531 0.3789577 0.4832621 0.1659219 0.5205199 0.1922593 -0.0606397 0.0202276 -0.0395000 0.1152085 0.0601446 0.0856605 0.1152516 0.1279730 0.2307807 0.4502622 0.0816805 0.1340157 -0.2437502 0.2180773 0.5116579 0.2421118 0.0435742 -0.0007487 0.3603985 0.0886694 -0.1224020 -0.1217751 0.0707592 -0.1047814 0.0261479 0.1108635 -0.1241423 0.1633552 0.0848756 0.1503934 0.3519255 0.1461196 -0.0269078 0.4674883 -0.0286490 0.0508394 0.6464024 0.3576287 -0.1130034 0.3828116 0.6949164 -0.3049623 0.0293625 0.1832143 0.1157019 -0.1322479 0.2927714 -0.1251077 0.0587790 -0.1610394 0.0768314 -0.0351199 0.1089613 -0.0591954 -0.1508003 -0.2729333 -0.0519516 0.1246830 0.1034453 -0.0147964 -0.2014576 0.0498425 0.0050083 0.1973241 0.0242293 0.0174791 0.3843353 -0.1652778 0.1161710 0.0689370 0.2477740 -0.0911343 0.2149142 0.0862149 -0.2337314 0.1112457 0.1459587 -0.2253454 -0.2904267 0.6421876 -0.0424319 0.6265805 0.6208634 0.6297404 0.4405551 0.6117383 0.4921146 0.3507016 0.5309369 0.4400580 0.3896485 0.6230541 0.3101371 0.3627434 -0.0898157 0.6115079 0.5534665 0.2116208 0.5914835 0.4122535 0.2775355 0.1492444 0.0301577 0.3900267 0.2651754 0.4234712 0.2074649 -0.0250650 0.2251944 0.4470171 0.3419381 -0.0800437 0.3874710 0.1632868 -0.0583116 -0.0075916 0.5018295 0.5221223 -0.0975387 0.1675820 0.4496548 0.1430709 -0.0526423 -0.0045183 -0.1469938
0.4638733 0.2335192 0.0000000 0.0025186 0.7168469 0.0455170 -0.0374496 0.3468216 -0.1105411 -0.0981349 0.5128154 0.1433700 0.7814479 -0.2565881 -0.1384144 0.5856357 0.3259895 -0.0317764 0.2817204 0.3900495 -0.1421803 0.3077659 0.3427678 -0.5047622 0.1756631 0.0982554 -0.0557845 -0.3861048 -0.2038211 -0.3415316 0.5086597 0.3509368 -0.4724865 -0.4169554 -0.0144681 0.0983972 0.2570956 0.5960826 -0.3207801 -0.4216261 0.7747225 0.0073883 0.0549673 -0.5704276 0.1063340 0.1565392 0.0309305 0.8792497 -0.4537803 0.3172268 -0.0675113 -0.1442302 -0.1974767 -0.1012903 0.8675448 0.2118686 0.1844900 -0.2946960 0.3301200 -0.1352826 0.2161863 0.1473548 0.7774152 -0.1752098 -0.2584252 0.4901279 0.0082692 0.1784378 0.5194604 0.0151565 0.1092542 0.0139293 0.0050250 0.1913234 0.3586361 0.1595559 0.0136582 -0.1196523 0.0363550 0.5383365 0.0995267 -0.0159123 -0.4197558 -0.0944516 -0.2051364 -0.0189943 0.0175774 -0.1241315 0.1469150 -0.4047912 0.1828260 0.2609493 0.1792959 -0.2223614 -0.0994439 0.0927004 0.0634026 0.0079547 -0.5645805 -0.1557644 -0.6119703 0.1093396 -0.1194238 -0.5237832 -0.0043044 -0.3928829 0.0191422 -0.0397532 0.1308599 -0.2283110 -0.2828633 -0.1373969 0.0930500 -0.3173993 -0.3558127 -0.1273986 -0.3085383 -0.5641728 -0.0476752 0.2006970 -0.4088510 -0.3041516 -0.1138503 -0.2102917 -0.0463035 0.3524763 -0.3366875 -0.1936128 0.3945700 -0.1541165 -0.0198468 -0.1943118 -0.2009925 0.3590276 0.0823492 0.0652722 0.1198982 0.4607059 0.2389427 0.6515972 0.1641041 0.5281226 0.6903303 0.5168825 0.4034483 0.1866130 0.3216713 0.1897694 0.3114774 0.3675224 0.4584259 0.5239174 0.2476121 0.1362536 0.0786699 0.2402916 0.2148903 0.5021004 0.3792010 0.4314392 0.1306821 0.3580534 -0.2216865 0.3231859 0.0967544 0.6670773 0.3072077 0.1241659 0.1675161 0.0687050 0.1521950 0.0029370 0.2075073 0.0978267 0.2382595 0.4974632 0.1594224 0.0101836 -0.0242182 -0.1419734 -0.2370874 -0.1573142 0.1820543 0.1036875 0.6927224 0.0287537 0.8538881 0.8409529 0.3411153 -0.1897404 0.4775857 -0.1198354 0.0239501 -0.0572798 0.3364003 0.0304704 0.0927376 0.0805965 0.5530695 0.3527296 0.0810435 0.0221235 -0.1823180 -0.0143118 0.2867808 0.3263185 0.5091668 0.1600667 0.1806902 0.1759024 -0.0069421 0.4834753 0.7608122 0.4185210 0.5455292 0.7319753 0.4469895 0.0553335
-0.2486559 0.6984680 0.0025186 0.0000000 0.1431385 0.9374351 0.4578320 0.8230690 0.3714556 0.6187315 0.6039827 0.5968284 0.2252523 0.0170387 0.4674976 0.2223287 0.2299455 -0.1207940 0.6620783 -0.0447921 0.5617752 0.3534381 0.2151360 0.2261544 0.5844897 0.3583123 0.0977357 -0.0269725 0.3586933 -0.1301042 0.4168133 0.5512274 0.1786085 0.4432886 0.5286715 0.3171121 0.6668446 0.4644056 0.3697826 0.2467640 0.1849960 0.2856491 0.6228664 0.1733526 0.5459197 0.6218775 0.6481291 -0.0172096 0.4614855 0.4591909 0.6792072 0.6602981 0.8419677 0.5652183 0.1071425 0.5302784 0.6832247 0.5124742 0.6102329 0.6733420 0.6768005 0.6202176 0.2787960 0.8237261 0.7305363 0.5971294 0.5266399 0.5425141 0.4619883 0.7600520 0.6450495 0.8198670 0.6687488 0.6415077 0.4813462 0.7156617 0.6887088 0.5253673 0.6445087 0.4258441 0.5083211 0.5508456 0.5179286 0.4608580 0.5287494 0.5280478 0.3918434 0.3112643 0.4444554 0.5951283 0.3217720 0.6137836 0.3475940 0.3346439 0.1134757 0.0136548 0.2815445 0.2240592 0.3813952 0.4504370 0.4760168 0.2979748 0.4213948 0.3697699 0.4459593 0.0485464 0.3430207 0.5194322 0.3779089 0.1833901 0.3976318 0.5801772 0.4886037 0.1309441 0.1846727 0.2710727 0.1004488 0.4540449 0.2245545 0.3157667 0.3508795 0.1668773 0.2806195 0.6639532 0.7300732 -0.0303146 0.5058253 0.0742232 0.3755007 0.6455679 0.6849839 0.1076233 0.3780987 0.5266517 -0.0534709 0.0239750 0.4589993 0.3898680 0.2614668 0.1604350 0.0311247 0.1356490 -0.1855086 -0.0744765 0.2392436 0.1717874 0.2877821 0.1430524 -0.1931429 0.0135977 0.0735242 0.0347398 -0.0881393 -0.0197827 -0.0102175 -0.0254208 0.2638262 0.1265095 0.0660852 0.3251772 -0.2362214 -0.0197795 0.0405661 0.2804225 -0.2404191 0.1743577 -0.0212822 -0.1412427 0.1395029 0.0031825 -0.3092328 -0.3438699 0.5549820 -0.1316360 0.3778701 0.1689814 0.4485622 0.2287071 0.5971467 0.5515371 0.4366986 0.5125923 0.3605806 0.3323725 0.3996506 0.4198713 0.1371537 -0.2314024 0.4917116 0.5655376 0.4420447 0.5913389 0.2611868 0.4589731 0.1824753 0.1067340 0.2218550 0.0373443 0.3733258 0.1272117 0.1460274 0.2042961 0.4520432 0.2821891 -0.0574512 0.3527019 0.2764497 -0.1851750 -0.1092115 0.5838532 0.4253742 -0.2892892 0.0533117 0.1443657 -0.1312666 -0.1138133 -0.0836417 -0.1051636
0.2204122 0.3567510 0.7168469 0.1431385 0.0000000 0.2722047 0.2281221 0.4447486 0.0904461 0.1463331 0.3712647 0.2963100 0.7042367 -0.1027129 0.0710898 0.3008139 0.2773190 -0.0758084 0.2738589 0.4739843 -0.0136362 0.3389367 0.2542517 -0.4201486 0.1467652 0.1897755 -0.1520619 -0.2776163 -0.0780121 -0.4718059 0.6035438 0.3449685 -0.4208329 -0.3320973 0.1841249 0.1554722 0.3377183 0.5495374 -0.1885513 -0.2038916 0.8041457 0.0403078 0.2655063 -0.3881194 -0.1085504 0.2230267 0.1818918 0.8006344 -0.3133988 0.4919371 0.1439107 0.1112472 -0.1588872 0.1485531 0.8219757 0.3006184 0.2582866 -0.0128021 0.4020537 0.0490398 0.2745005 0.2649064 0.7815689 0.0033222 -0.1826421 0.4972290 0.0643254 0.2261410 0.5210234 0.2494598 0.1131517 0.1120138 0.0380107 0.2743740 0.3286352 0.2047221 0.1602079 -0.0852600 0.0894075 0.5028391 0.1115645 0.1000911 -0.2042808 -0.0136429 -0.1439446 0.1079577 0.0752483 -0.0243090 0.2603200 -0.0626525 0.2116405 0.3037362 0.2226161 -0.2178138 -0.0701604 -0.0372633 0.0644065 -0.0615999 -0.1901958 -0.1248245 -0.3010054 0.1244213 -0.0015414 -0.3424518 0.0054653 -0.3946253 0.0135055 0.0595770 0.0903996 -0.1897057 -0.0899743 -0.0267111 -0.1151188 -0.4020921 -0.4017421 -0.2836527 -0.3571108 -0.2917964 -0.1344027 0.1953934 -0.3382447 -0.2425474 -0.1116206 -0.2012109 0.0436697 0.2068144 -0.1703787 -0.2413911 0.3360776 -0.0988999 0.1609208 -0.4228369 -0.1141732 0.2065376 -0.3466446 -0.3095337 0.1355938 0.4500790 0.2078801 0.3493315 -0.0745068 0.2468841 0.3499211 0.2140797 0.3318676 -0.2154048 0.2019841 0.0996097 0.0810125 0.0660338 0.2902875 0.3186280 -0.0946454 -0.1836848 0.0732665 0.0130242 0.4151124 0.2873270 0.4744560 0.5024138 -0.0322656 0.4252394 -0.0161069 0.5263772 0.0421910 0.4682161 0.1638726 0.2859175 0.4993521 0.2955104 0.1691061 0.0803462 0.2427336 0.2373077 0.6072735 0.4113027 0.2056304 0.0391788 0.0736386 -0.0278603 -0.1775678 0.0005844 0.1964879 0.0981093 0.6146351 0.1070736 0.8336177 0.6715445 0.4323331 -0.0350697 0.4180515 0.0839460 0.1221176 0.0402049 0.2596203 -0.0244610 0.0444895 -0.0001733 0.4433479 0.2605777 0.1895318 0.4500818 0.1821684 0.1944570 0.4517679 0.4955107 0.4473048 0.0575195 0.1615918 0.3780655 0.3345577 0.2097069 0.6407438 0.2733250 0.5023140 0.5351774 0.1803891 -0.1371185
-0.1468516 0.7051443 0.0455170 0.9374351 0.2722047 0.0000000 0.4160233 0.7425639 0.5600081 0.7236263 0.6216385 0.7090232 0.2200229 0.1794711 0.6143392 0.1684526 0.3512606 0.0592030 0.5365498 0.1486012 0.6254273 0.3918403 0.1913399 0.2295839 0.4650503 0.3014022 0.2202812 0.0015552 0.4638076 -0.0588754 0.4805294 0.5521952 0.1920260 0.4661764 0.5164401 0.3686295 0.6421939 0.4200262 0.4045031 0.2840674 0.2626554 0.2720297 0.5950436 0.2099050 0.5496147 0.5838502 0.6332714 0.0736737 0.4708735 0.5149850 0.6051697 0.6607696 0.7786511 0.6169576 0.1514600 0.5187705 0.6284042 0.5930840 0.5473776 0.6029651 0.6086373 0.5551234 0.3080786 0.7780058 0.6759541 0.6051539 0.4020157 0.5678010 0.4362766 0.7435098 0.5405592 0.7454445 0.5572249 0.6224780 0.4462214 0.6398155 0.6491914 0.4185975 0.5500762 0.3720485 0.4258914 0.5783707 0.4897474 0.5028400 0.5265965 0.5335131 0.4042942 0.3743201 0.4845619 0.5992149 0.3489475 0.5682758 0.3879552 0.2803959 0.1988380 0.1078404 0.3076767 0.2908360 0.4107825 0.3866752 0.4616620 0.3482190 0.4609587 0.2863477 0.4660169 0.0495736 0.3870392 0.5504897 0.3872567 0.2237855 0.4008395 0.6166321 0.3800052 0.1760213 0.2269669 0.2617469 0.0995998 0.4287100 0.2297623 0.2895106 0.3582370 0.2054712 0.3221527 0.6076126 0.6724358 -0.0206907 0.5270564 0.0704082 0.3525247 0.6075043 0.7380536 0.0777000 0.4156117 0.4219080 -0.1631629 -0.0759834 0.4633173 0.3908800 0.2622333 0.1215118 -0.0828566 0.0766713 -0.2078991 -0.1463288 0.2157486 0.0282015 0.2595729 0.0882009 -0.2228368 -0.0587133 0.0933792 0.0050221 -0.0725667 -0.1509070 0.0191095 -0.0481850 0.3060886 0.1271791 0.1010682 0.3827994 -0.1781290 0.1044914 0.0226019 0.3337402 -0.0924022 0.2493387 -0.0015511 -0.1023257 0.2432089 0.1591166 -0.2297814 -0.2839547 0.5576514 -0.0358675 0.3881185 0.1580713 0.5074649 0.2815268 0.6500204 0.5872393 0.4075213 0.5094282 0.3225207 0.2804862 0.4123307 0.3998430 0.2334917 -0.1482872 0.4543744 0.4722324 0.4194624 0.5611517 0.2769446 0.4647472 0.1799278 0.0868905 0.2026129 0.0310273 0.3350290 0.1182217 0.2325284 0.2991433 0.5031708 0.3748594 0.1331470 0.4657991 0.1724471 -0.0340867 -0.0429374 0.5905398 0.4863355 -0.3191827 0.1610277 0.1665626 -0.1203886 -0.1082264 -0.1047864 -0.0827683
0.0225185 0.4699122 -0.0374496 0.4578320 0.2281221 0.4160233 0.0000000 0.3520247 0.2133288 0.0332860 0.0257651 0.5606230 0.0068339 -0.1436728 0.4452022 0.0632488 -0.0743540 0.0034444 0.2191183 -0.4038797 0.2071734 -0.0388227 0.1252722 0.2317247 0.3391683 0.2688699 -0.0579288 0.3099955 -0.1519618 -0.2403678 0.1009178 0.2218455 0.2510157 0.2238178 0.4020238 -0.1147942 0.3751917 0.1363272 0.0323935 0.0075419 0.0783197 -0.2073204 0.4953194 0.2169509 -0.2141019 0.3539887 0.3885966 -0.1697856 0.2694870 0.2334093 0.5091280 0.4451804 0.3175388 0.2581679 0.0405100 0.3754373 0.4613525 0.0405496 0.3710067 0.4269307 0.4871604 0.3798359 0.2570519 0.4909790 0.5140409 0.4104954 0.2571072 0.0435298 0.3910663 0.4200712 0.5378125 0.4915420 0.4297143 0.6490549 0.5235206 0.4971049 0.5626362 0.5521235 0.5656948 0.4398848 0.5099722 0.1980255 0.0728381 -0.0903725 0.1112227 0.0158457 -0.1213838 0.0457774 0.1872410 0.3241597 -0.4172965 0.0135799 -0.3057353 -0.1207429 -0.5083807 -0.5170769 -0.2389434 -0.4147394 -0.0530008 -0.1578603 -0.0106475 -0.3385346 -0.0936086 -0.0565976 -0.2770120 -0.4883674 -0.3270313 -0.0872868 -0.2771618 -0.5321233 -0.3201821 -0.1011560 -0.1269186 -0.4591860 -0.3754873 -0.3901957 -0.2670251 0.2428622 -0.3395262 -0.1458019 0.0396675 -0.2183687 -0.2529889 0.2391928 0.1289616 -0.1319909 0.1106328 -0.3562696 -0.1506404 0.1003949 -0.0519098 -0.5701504 -0.1044847 0.0428582 -0.5211525 -0.3150786 -0.2646665 -0.0105171 -0.2721934 -0.2499670 -0.4496994 -0.3876161 -0.2686212 -0.1844359 -0.1904428 -0.3390929 -0.3438994 -0.3812816 -0.4109977 -0.5359247 -0.2328438 -0.3461007 -0.5327579 -0.4884620 -0.2856820 -0.6072378 0.5760671 -0.3136094 0.2091836 0.2940040 -0.5204270 -0.1821001 -0.1563530 0.5573867 -0.4381100 -0.1122451 -0.3297027 -0.2177133 0.4749472 0.1418350 -0.3406401 -0.0379004 0.7395904 -0.3439926 0.2541917 0.2819750 0.5414847 0.4565130 0.5212619 0.5382433 0.3607062 0.2696679 -0.0096187 0.1036475 0.1297170 0.7371212 0.0744566 -0.1826055 0.5234287 0.5352336 0.0861696 0.6215019 0.5648768 0.3218501 0.0380454 -0.0829674 0.6011736 0.3380721 0.4392230 0.2376048 0.0587452 0.1295505 0.1014593 0.0949498 -0.1041368 0.3779556 0.0868136 -0.4358456 0.0027372 0.5030231 0.1523408 0.0383084 0.0657617 0.3167725 0.0834931 -0.3687277 -0.0767095 -0.0592297
-0.1469328 0.7651539 0.3468216 0.8230690 0.4447486 0.7425639 0.3520247 0.0000000 0.1894513 0.5083749 0.7282796 0.3157064 0.6523626 -0.1362193 0.1876353 0.4148362 0.4113703 -0.3499738 0.7302434 0.1210404 0.2212968 0.5575066 0.4712578 -0.1836509 0.6428395 0.4264510 0.0106660 -0.2236219 0.0853030 -0.2391527 0.6655916 0.6746727 -0.1675530 0.0325575 0.6103423 0.1971575 0.7874941 0.7448396 0.1509443 0.0612830 0.4823861 0.2601116 0.7664731 -0.0828285 0.4969668 0.7160307 0.7080312 0.3240525 0.1496711 0.6046388 0.7126122 0.5976214 0.5850668 0.6051743 0.5128980 0.6672214 0.7584726 0.4094746 0.7647501 0.6669971 0.7835828 0.6773178 0.6454523 0.5652876 0.3266792 0.7079200 0.5539229 0.6309942 0.5978536 0.6985036 0.7205836 0.7220895 0.7412859 0.4914381 0.6429743 0.7577331 0.5887000 0.5608781 0.6843725 0.5593254 0.5838621 0.4218043 0.2131457 0.3337309 0.3664133 0.4038502 0.3522467 0.1217193 0.3819618 0.3197921 0.4451249 0.6778759 0.2901963 0.1105903 0.0479729 0.0841720 0.1897439 0.0268324 0.0509582 0.2540388 0.1338869 0.1807333 0.2763011 0.1510732 0.3099364 -0.0667011 0.1809676 0.4362840 0.3153554 0.0660327 0.1858808 0.3788312 0.3992608 -0.1638751 -0.1346787 0.0461530 -0.1858649 0.0266696 0.1102000 0.1744431 0.0405602 -0.0386884 0.2539283 0.5054418 0.5124115 -0.0472312 0.2561078 0.0128950 0.3578098 0.5813753 0.5247430 0.1355974 0.2829117 0.7654877 0.0518362 0.0894408 0.4209179 0.4049124 0.2188170 0.4045099 0.1775385 0.3771607 0.1705648 0.1608175 0.3167579 0.2212870 0.3397134 0.1999513 0.0069308 0.1439283 0.1013735 0.3500128 0.0248975 0.0856557 0.0122120 0.1711995 0.2143759 0.3362251 0.1525712 0.3186545 -0.2073549 0.0331150 0.0679414 0.2944489 -0.2223261 0.3845341 0.1033817 0.0045628 0.1256852 -0.0584553 -0.1751271 -0.2647389 0.5069091 0.0279328 0.5896593 0.3700962 0.2464143 0.0283713 0.2805445 0.1762332 0.1375330 0.3158467 0.4237738 0.2746690 0.6310486 0.1797716 0.4466769 0.0688557 0.6559223 0.4878167 0.4018087 0.4038497 0.0625398 0.2364981 0.1400609 0.0665568 0.0002462 -0.0219511 0.4506049 0.0458676 0.0428507 0.3369917 0.4280101 0.2470848 -0.0258039 0.3218913 0.3659087 -0.1796765 -0.0285203 0.5119254 0.4720019 -0.0356366 0.2409472 0.3021461 0.0850689 0.1246417 0.0081103 -0.1926994
-0.0045785 0.4854260 -0.1105411 0.3714556 0.0904461 0.5600081 0.2133288 0.1894513 0.0000000 0.5354461 0.2323096 0.6216179 -0.0788551 0.3700623 0.8246417 0.0380414 0.1527588 0.4640870 -0.1463035 0.2039878 0.5144791 0.1462910 0.1771539 0.2119381 -0.0106759 0.2517736 0.1646288 0.3164352 0.4197389 0.2224734 0.0980781 0.1853314 0.2564275 0.3294821 0.4616585 0.2456498 0.2745675 0.0232999 0.2611034 0.3568242 0.0107238 -0.0398437 0.2735792 0.4742814 0.1497086 0.1153001 0.2385585 0.0303520 0.3971801 0.3153872 0.3057747 0.3779187 0.3027022 0.4987640 -0.0643920 0.1567865 0.1306936 0.5730622 0.1349459 0.3014779 0.0848167 0.2108226 -0.0099524 0.2482590 0.2153375 0.1267977 0.0808951 0.3742589 -0.0113281 0.2987851 -0.0135978 0.2148821 0.0592903 0.1795550 0.1064822 0.0827980 0.2201789 -0.0703609 0.0019978 -0.1025893 -0.1184805 0.2439688 0.3524017 0.4801344 0.4732639 0.3357932 0.2587935 0.2656353 0.3645549 0.4543443 0.2994174 0.3896729 0.2051400 -0.1255892 0.3640213 0.3493329 0.1876101 0.2164884 0.2429032 0.0762823 0.2746256 0.2226051 0.4396555 0.1301724 0.2055059 0.2404690 0.2325311 0.4652831 0.0794905 0.3596628 0.1742318 0.3850993 0.1498126 0.4525432 0.3942904 0.4468189 0.4721492 0.1671368 0.5183957 0.0015160 0.6352877 0.6247752 0.5502768 0.3060957 0.1826258 -0.1525075 0.6354788 0.1800118 -0.1243142 0.4765134 0.5078028 0.1529480 0.6315509 0.2110686 -0.2900066 0.0276189 0.2977345 -0.1539113 0.0696685 -0.0073439 -0.3123865 -0.2139654 -0.3169392 -0.0567324 -0.2003149 -0.1139370 -0.0846496 -0.0359661 -0.3541400 -0.2753887 -0.0697313 -0.1657769 0.0476268 -0.3144817 0.4700810 0.0637667 -0.0533226 -0.1747775 -0.1470464 -0.0098739 0.3229594 0.0028185 0.3419211 -0.0571596 0.4601646 0.0320935 0.2469741 -0.1305166 0.0278493 0.1559923 0.0304452 -0.0248486 0.1205670 0.1270591 0.1382769 -0.0145441 0.2731758 0.1529655 0.3452289 0.2911738 0.3099175 0.2712530 0.0595873 0.0537305 0.1520819 0.1615643 0.0436529 -0.1909605 0.1457097 0.1785958 -0.0082955 0.3092182 0.1856365 0.3115927 -0.0435983 0.1573405 0.1467013 -0.0951930 -0.0821389 -0.0736399 0.2731143 0.3186411 0.5073154 0.6524216 0.1994161 0.2067149 -0.1914878 0.1980334 0.1355044 0.2031709 0.5503034 -0.1826421 0.0960691 0.1277932 -0.3137349 -0.2516510 -0.0441735 0.1357720
-0.2941356 0.3841765 -0.0981349 0.6187315 0.1463331 0.7236263 0.0332860 0.5083749 0.5354461 0.0000000 0.5493444 0.3318679 0.0698029 0.4521478 0.4804625 -0.0424950 0.4619588 -0.0554669 0.4186658 0.3726715 0.4953006 0.5640819 0.1713148 0.2267053 0.3692577 0.2469999 0.3413255 -0.1052655 0.4466524 0.1254294 0.5585860 0.5192350 0.1469929 0.3947799 0.5203025 0.3349906 0.5615363 0.3552244 0.6725332 0.5023696 0.2054232 0.1017291 0.5977949 0.2434501 0.3897205 0.5382646 0.5815331 0.0217054 0.4326862 0.4523662 0.5365070 0.7332391 0.5789157 0.7406394 -0.0204626 0.4122451 0.4872120 0.7735396 0.3341110 0.5681214 0.3404165 0.5077310 0.1303377 0.6004472 0.4221118 0.3974248 0.3176789 0.6275770 0.2311973 0.7151568 0.3238667 0.5671306 0.3922303 0.3644413 0.2041134 0.5167841 0.5231364 0.2549087 0.3812410 0.2069824 0.2893177 0.3792862 0.4440548 0.4649336 0.4416330 0.3908953 0.4654042 0.2520215 0.1802017 0.4000576 0.4269101 0.5227747 0.4223379 0.1788323 0.2984529 0.1805809 0.4105966 0.4076346 0.4975696 0.2983623 0.5018589 0.3581759 0.5048399 0.4312113 0.5235867 0.1314771 0.3427487 0.6541559 0.3116065 0.4302785 0.5604341 0.5794238 0.2768531 0.2777365 0.3103301 0.2564143 0.1326952 0.2571437 0.2692844 0.1477586 0.3369862 0.3534033 0.6898282 0.3940398 0.5607234 -0.2526303 0.5911966 0.4982224 0.1720296 0.7112650 0.8096224 0.4158233 0.6471991 0.2707935 0.0040970 0.1713768 0.6377088 0.1247420 0.3251838 -0.0381989 0.1153010 -0.0104535 -0.1566890 -0.3167838 0.1378807 0.2186544 0.3487756 0.2445779 -0.0285076 -0.1123505 -0.0420848 -0.0556672 0.0544778 0.0460170 0.3191735 0.1585523 0.0786696 0.0685909 0.1242918 0.1637922 0.1918996 0.0330817 0.0560416 0.0332349 0.2617664 0.0701973 0.2178902 0.1395417 0.1445739 0.1481439 0.0532804 -0.0457129 0.1294724 0.2201339 0.2560465 -0.2092227 0.1503552 0.0927287 0.3653199 0.3131547 0.3681631 0.3986899 0.1556718 0.1927471 0.2506707 0.1799164 0.0973264 -0.1541556 0.3357423 0.4085907 0.2047113 0.4181375 0.0949965 0.4142286 -0.1081547 0.1303145 -0.0842556 -0.1679076 0.1521924 -0.2049899 0.4138876 0.3007221 0.4881434 0.3574004 0.1590128 0.3209047 -0.1791662 0.0711274 0.0927302 0.3222405 0.4219350 -0.5354334 -0.0608766 -0.0578684 -0.4197018 -0.2026364 -0.3199138 -0.1635513
0.0792488 0.5838096 0.5128154 0.6039827 0.3712647 0.6216385 0.0257651 0.7282796 0.2323096 0.5493444 0.0000000 0.3719382 0.5789613 0.0063752 0.2455604 0.6389359 0.7082007 -0.1595792 0.7032427 0.1850013 0.3866585 0.4784724 0.5565115 -0.0910563 0.6147647 0.4732120 0.3491320 -0.2973915 0.3610649 -0.1382676 0.5448581 0.6948489 -0.1566889 0.0609958 0.4738046 0.5354043 0.7531979 0.7527280 0.1758092 -0.0962271 0.4677389 0.3269005 0.4817408 -0.2744166 0.5707970 0.6716982 0.6455188 0.4253545 0.0055658 0.4718339 0.5384874 0.3419283 0.4878712 0.3487147 0.4451623 0.5914008 0.7067498 0.2157261 0.6220099 0.5652988 0.6515063 0.6265452 0.6280709 0.3709686 0.2106341 0.7840587 0.5551392 0.7000328 0.6732242 0.6092152 0.5520823 0.5656821 0.5716704 0.4196686 0.5627613 0.6624396 0.4834619 0.3390175 0.5033189 0.4712518 0.4766151 0.3616440 0.0700452 0.3258310 0.1974828 0.2919012 0.4302351 0.1168598 0.2453978 0.1192314 0.3999178 0.5738726 0.4590820 0.0601860 0.1382512 0.1595247 0.4345403 0.2180991 -0.0757879 0.2769473 0.0295683 0.3064608 0.2422147 0.0090646 0.4912272 -0.1076323 0.3259415 0.4928757 0.4775153 0.1921247 0.1813159 0.4438982 0.4690026 0.0027383 -0.0142839 0.1708417 -0.1036187 -0.2057176 0.2229003 0.3381931 0.1424819 0.0672391 0.3930366 0.3005084 0.3961082 0.3234626 0.2782012 0.3387788 0.5402596 0.4718735 0.3984973 0.2264014 0.2749302 0.6419728 0.3113617 0.4155990 0.3717353 0.4888889 0.2237683 0.6604439 0.3514336 0.5177434 0.3734808 0.3211455 0.3292339 0.3440961 0.4083401 0.1831642 0.2678147 0.3999045 0.5477624 0.4739709 0.1698503 0.2522460 0.0174225 0.2802820 0.3129598 0.4374141 0.3564548 0.6107194 0.0998704 0.3767290 -0.0377513 0.3467421 0.1029436 0.5625033 0.3826480 0.1859397 0.2054334 0.1886609 0.1446703 -0.0358246 0.3557708 -0.0628850 0.2950621 0.4658711 0.3689936 0.0936812 0.3769716 0.2093179 0.2242037 0.3869509 0.4338989 0.4022247 0.7638900 0.1251519 0.5185159 0.2925768 0.4729491 0.2550348 0.5277358 0.2241170 0.0723095 0.2921555 0.4407085 0.2549787 -0.0382278 -0.0908648 0.4520064 0.2783700 -0.1567805 -0.0855238 0.2090688 0.0360824 -0.1455080 0.3428515 0.3753449 -0.1878074 -0.2706546 0.2258826 0.2759282 -0.0277446 0.2276534 0.2786018 -0.0041855 0.2350169 -0.0159871 -0.0627178
-0.0023452 0.6326692 0.1433700 0.5968284 0.2963100 0.7090232 0.5606230 0.3157064 0.6216179 0.3318679 0.3719382 0.0000000 0.0325172 0.0948969 0.8195614 0.1484900 0.1253008 0.4046402 0.1599211 -0.0085019 0.7748755 -0.0349357 -0.0163656 0.3668494 0.1962415 0.3040965 0.0983533 0.2309823 0.5639242 -0.1481745 0.1447135 0.2202772 0.3019856 0.4916944 0.2120549 0.5145765 0.3402625 0.1701854 0.2748236 0.1919933 0.1504298 0.1723102 0.1687838 0.2042099 0.1311729 0.2329927 0.3089449 0.0870953 0.3545691 0.3034215 0.3258995 0.3410079 0.4584275 0.1343275 0.1305896 0.2725686 0.3528488 0.1684097 0.4102428 0.2691005 0.3864608 0.2044169 0.2463355 0.4841632 0.5261643 0.4784597 0.1628734 0.0962526 0.4134095 0.4211855 0.1721191 0.4457328 0.0901098 0.6336284 0.3027312 0.3104753 0.4799884 0.0599405 0.2225644 0.3237859 0.1112271 0.4193597 0.4568048 0.4637047 0.4473505 0.5449434 0.2967609 0.4467999 0.5251415 0.6126303 -0.0470560 0.3451946 0.3140220 0.1529304 -0.0086211 -0.1414336 0.2644963 0.2556543 0.2668966 0.2454790 0.2313588 0.3865760 0.4623738 0.0462498 0.2618767 -0.2463060 0.3792269 0.4453798 0.2990791 0.0822674 0.1323992 0.4298898 0.1786025 0.1175385 0.1195388 0.2328941 0.1815728 0.3165056 0.2312479 0.2712060 0.4216988 0.2511741 0.0820068 0.3100761 0.3090414 0.1465629 0.5004728 -0.0312443 0.1255569 0.3449854 0.3858386 -0.4071043 0.2671012 0.1810996 -0.5147484 -0.1126179 0.1543694 0.2092405 0.0143228 0.0924809 -0.3432222 -0.1479031 -0.3410123 -0.0681857 -0.0414971 -0.0803029 -0.0639249 -0.1479076 -0.3924823 -0.1406001 0.2829793 -0.1979363 -0.1538857 -0.3637971 0.0847588 -0.2127087 0.4085156 -0.1489576 0.1421745 0.5305735 -0.0064070 0.2600709 0.0086208 0.3966562 0.0454686 0.1313858 0.0803568 -0.2571689 0.3024365 0.3026561 -0.1754713 -0.2185654 0.5604146 -0.3310484 0.1897766 0.3523654 0.7916933 0.5301652 0.8513208 0.7788361 0.5296704 0.5941642 0.2892404 0.4291597 0.4549074 0.5991144 0.2831415 -0.0224113 0.2892775 0.2994954 0.4592081 0.5802654 0.5767205 0.4257260 0.2931236 0.0031213 0.6035253 0.1862882 0.3675603 0.3775950 0.1106122 -0.0040696 0.3254951 0.3706933 0.0690079 0.4569697 0.1488271 -0.0908715 -0.1172801 0.4596544 0.3920608 -0.2342036 0.1804878 0.2370994 -0.0048900 -0.0800994 -0.0973109 -0.0457438
0.3765863 0.4336566 0.7814479 0.2252523 0.7042367 0.2200229 0.0068339 0.6523626 -0.0788551 0.0698029 0.5789613 0.0325172 0.0000000 -0.1369160 -0.1661588 0.6314982 0.5259411 -0.3174370 0.4960071 0.4123876 -0.1200151 0.5319979 0.6009554 -0.5777285 0.3823879 0.3019255 -0.0100800 -0.3368867 -0.1271551 -0.1813930 0.6861729 0.5122380 -0.5551058 -0.4755761 0.3559160 0.1950125 0.5179095 0.8089215 -0.1364206 -0.1321613 0.8203822 0.3508060 0.4167346 -0.4580869 0.3453333 0.3643448 0.2811997 0.8170492 -0.4415107 0.5318893 0.2938766 0.2064915 -0.1085529 0.2456169 0.8625661 0.4223956 0.3904479 -0.1015490 0.6654838 0.2205583 0.5235456 0.3595346 0.8404233 -0.1203676 -0.3523368 0.5196010 0.2414479 0.3555182 0.4597150 0.1223396 0.3408492 0.0868712 0.3294881 -0.0187900 0.3548064 0.3106293 0.0261510 0.0976226 0.2309314 0.3198400 0.2192860 0.1686248 -0.2069071 0.0540666 0.0436152 0.1690786 0.2738260 -0.1592285 0.3154338 -0.0991593 0.4509907 0.3997287 0.2337401 -0.1352657 0.0285585 0.1881997 0.0645692 -0.0365835 -0.3151377 0.0972026 -0.3956698 0.1806285 0.0363343 -0.2924284 0.0762319 -0.1535364 0.0533398 0.1993192 0.2862598 -0.1421239 -0.1014680 0.0710162 0.2920382 -0.3706777 -0.4770075 -0.1368890 -0.4452388 -0.5034140 -0.0551806 0.1062065 -0.4271910 -0.3780821 -0.0055670 0.1162412 0.1406113 0.2825323 -0.3195796 -0.2103466 0.4288284 0.0484582 0.1303114 -0.1047844 -0.1507325 0.6393481 0.0788534 -0.0555621 0.1369095 0.4594456 0.1501657 0.6035098 0.0627804 0.4986488 0.4693531 0.4627028 0.3096347 0.0352787 0.1950893 0.0666571 0.0833658 0.2887488 0.2921153 0.5131312 0.0548559 -0.0401860 -0.0548389 0.2364954 0.0346183 0.4099909 0.0609182 0.3148612 -0.1078880 0.1757353 0.1567733 0.1754098 -0.1643392 0.5827900 0.1760250 0.0102871 -0.0102571 -0.1327826 -0.0849982 -0.2466821 0.1649464 0.2459369 0.4542247 0.4048899 -0.0202734 -0.1572770 -0.1202774 -0.1846904 -0.1628014 0.1094962 0.5696590 0.3258490 0.7362722 -0.2160128 0.6956959 0.4718781 0.3044173 -0.0581042 0.5142475 -0.1843855 -0.2853042 -0.0056789 0.3101301 0.0741146 -0.2142963 -0.2011602 0.2612850 0.2300468 0.0225424 0.3105610 0.1834904 0.2065034 0.2798712 0.1552846 0.4675779 0.0131247 0.1834265 0.2561701 0.3618226 0.3118102 0.5755203 0.2404642 0.2969583 0.6350282 0.3327527 -0.2556016
0.1646602 -0.0841060 -0.2565881 0.0170387 -0.1027129 0.1794711 -0.1436728 -0.1362193 0.3700623 0.4521478 0.0063752 0.0948969 -0.1369160 0.0000000 0.4163694 -0.0993856 0.3665518 0.5184689 -0.1008968 0.1990050 0.2982529 -0.0166434 -0.1466078 0.5226937 -0.0797853 0.0701293 0.6103514 0.5778827 0.3472900 0.7798021 0.1768060 -0.0280276 0.4988669 0.4325339 0.1100413 0.0682535 0.0558691 -0.1029992 0.6608648 0.7477881 -0.0135854 -0.0930656 0.0100152 0.6069377 0.0942265 0.0243602 0.0649359 -0.1242984 0.4800748 0.2853675 0.0106297 0.3793490 0.0736140 0.3513647 -0.1551870 0.0714352 -0.0439560 0.5085120 0.1017705 0.0423499 -0.1409452 -0.1963165 -0.2069792 0.1886178 -0.0172214 -0.1761620 -0.2640311 -0.0182919 -0.2002399 0.1051327 -0.1893579 0.0465909 -0.0170967 -0.1779471 -0.1209172 0.0522705 0.1549564 -0.0213346 0.0249048 -0.2463979 -0.1241217 0.5206013 0.4543570 0.3383584 0.3609165 0.2616051 0.6542549 0.3019014 0.3121577 0.2900441 0.3589163 0.2168640 0.4226893 0.1614832 0.3713696 0.5014648 0.4502001 0.5903167 0.3629419 0.2785101 0.2768900 0.3727762 0.4683885 0.2140406 0.4158540 0.4404839 0.3215005 0.5059200 0.3288166 0.1942229 0.2464371 0.5857799 0.1524274 0.3972730 0.4054247 0.3397111 0.2348232 0.1661741 0.1335680 -0.1158434 0.2298794 0.1575954 0.5749670 0.3299693 0.1851950 -0.0222906 0.3416647 0.4552613 -0.0818614 0.2601577 0.2762236 0.0679446 0.2770066 -0.0732404 -0.2934638 0.0056759 -0.0748366 -0.1683871 -0.2126366 -0.4015614 -0.4334482 -0.3252947 -0.5088607 -0.5134390 -0.4096289 -0.1198151 -0.3146895 -0.3793093 -0.5229144 -0.3329896 -0.2186331 -0.3733145 -0.0159484 -0.4299749 0.0407060 -0.1762716 -0.1175434 -0.3418442 -0.2788845 -0.1194276 0.0441461 -0.1411615 0.1649178 -0.0878642 0.0743943 -0.2113884 -0.0495986 -0.3611191 -0.0708995 0.0348688 -0.2807049 -0.3073310 -0.1880651 0.1569084 -0.3486464 -0.5165246 -0.1315384 0.0297253 0.0571236 0.0924653 0.3897263 0.3382131 0.1888950 0.2517413 0.0506032 -0.0835669 -0.0553618 -0.3467834 -0.1337826 0.1580037 -0.0232259 0.1264545 -0.1863796 0.2045130 -0.1005604 0.0583191 -0.2455527 -0.2117186 -0.3519830 -0.1043007 0.3216251 0.3490878 0.5184381 0.3513589 0.5099799 0.2258510 -0.3567117 0.3744298 0.2519070 0.2848047 0.4817790 -0.5183984 0.0369840 0.0285118 -0.4900719 -0.1746289 0.0248195 0.1931681
-0.0984785 0.5771540 -0.1384144 0.4674976 0.0710898 0.6143392 0.4452022 0.1876353 0.8246417 0.4804625 0.2455604 0.8195614 -0.1661588 0.4163694 0.0000000 0.0945650 0.2244042 0.5334500 0.0442546 -0.0015265 0.7939052 0.0293784 0.0223775 0.6120618 0.2414721 0.4806082 0.3539979 0.5676153 0.5789783 0.2038294 0.1041961 0.2595101 0.6107359 0.6999860 0.4161602 0.3686985 0.4114748 0.0883960 0.4064073 0.4355374 0.0175757 -0.0319407 0.2170084 0.5965599 0.1078905 0.3143781 0.4345140 -0.0850307 0.6380464 0.4069238 0.4510992 0.4208781 0.5161855 0.3323625 -0.0708791 0.3803845 0.3742662 0.4720125 0.3190786 0.4171265 0.1930531 0.1799765 0.0746500 0.4832811 0.3917028 0.3628879 0.2115203 0.1499763 0.3068604 0.5004359 0.1473355 0.4407000 0.1652020 0.4503086 0.3323201 0.3321805 0.5429497 0.1175870 0.2281467 0.1374723 0.0357992 0.3512233 0.5085573 0.4776253 0.4811137 0.5178674 0.3768965 0.3136285 0.4612561 0.6395913 0.0941840 0.3679868 0.3384098 -0.0156502 0.2864319 0.0944818 0.3611708 0.3677977 0.3345795 0.1142645 0.3776274 0.3619324 0.6083988 0.0870433 0.3364906 -0.0422868 0.3939457 0.5764421 0.2741875 0.2119028 0.1354760 0.5479119 0.0870091 0.3464856 0.3261566 0.3601434 0.3466434 0.2040005 0.2804979 0.0235675 0.5530574 0.4233559 0.4048345 0.3082339 0.2465448 -0.0700780 0.7337815 0.2485850 -0.0908585 0.5794418 0.4424469 -0.1986277 0.5807703 0.2156509 -0.5269726 0.0805978 0.1427629 -0.0061823 -0.0646767 -0.0539880 -0.3691159 -0.2631198 -0.5640528 -0.1673750 -0.2060317 0.0015997 -0.1952214 -0.2410771 -0.4758110 -0.2566343 0.0968232 -0.2474120 -0.0014812 -0.3867463 0.2837243 -0.1595024 0.2866413 -0.2411823 0.0204314 0.3198122 0.1556226 0.1900250 0.1765468 0.2473462 0.2977842 0.0208896 0.2438650 -0.2405390 0.2545861 0.4317135 -0.0680483 -0.0665796 0.4153078 -0.1095774 0.1462661 0.1020240 0.5838088 0.4273965 0.6952011 0.6172957 0.5033517 0.5581979 0.1801163 0.3552216 0.3165024 0.3751335 0.0297711 -0.3231087 0.3196322 0.5055143 0.1291431 0.6539012 0.4898448 0.2879732 -0.0002341 -0.0675679 0.4419192 0.0781335 0.1000369 0.1343524 0.1419612 0.0813776 0.3965922 0.3717936 0.1155291 0.3269277 -0.0847956 0.0110247 -0.0070231 0.3371776 0.4791328 -0.4644370 0.0225883 0.2511574 -0.2680826 -0.4101544 -0.0990377 0.1397651
0.4426376 0.2704998 0.5856357 0.2223287 0.3008139 0.1684526 0.0632488 0.4148362 0.0380414 -0.0424950 0.6389359 0.1484900 0.6314982 -0.0993856 0.0945650 0.0000000 0.4846971 -0.1190197 0.6016125 -0.0709369 0.1640525 0.2319230 0.7335908 -0.0845882 0.6048361 0.6377145 0.2286967 0.0417047 0.0167104 -0.0926464 0.2177629 0.5328684 -0.0859766 -0.1103626 0.4899922 0.3411157 0.5840037 0.7139910 -0.2854847 -0.3040592 0.5313871 0.2226073 0.1735141 -0.2408710 0.3558430 0.3907190 0.3168593 0.5869814 -0.1904541 0.3405843 0.4038864 -0.0337580 0.1394474 0.0303025 0.4602317 0.4074988 0.4686937 -0.1954045 0.4850624 0.4070030 0.3151024 0.5016037 0.5705701 -0.0147307 -0.1449751 0.5755308 0.5779975 0.4585123 0.5599800 0.2263289 0.4065604 0.1641515 0.4466145 0.0393912 0.4386602 0.3689753 0.1581274 0.1163086 0.2057439 0.2010175 0.1546263 0.1149965 -0.2146288 -0.0356219 -0.0859870 0.0336680 0.2237719 -0.3388796 0.2671115 -0.0818724 0.3659336 0.3461464 0.3092281 -0.2233550 0.2257608 0.2115608 0.2996394 0.0367867 -0.3950193 0.1056063 -0.2498600 0.1228047 -0.0235611 -0.3794346 0.2724911 -0.0680720 0.1294497 0.1698027 0.3622136 -0.1107269 -0.1608759 0.1913859 0.5133653 -0.0241485 -0.1829573 0.1437486 -0.0846957 -0.5483794 0.0981280 0.3353647 -0.0391561 -0.1494581 0.1280425 0.1133977 0.2737015 0.5764034 -0.0883757 0.0679598 0.6050152 0.0652465 0.0052308 -0.0935524 -0.0530246 0.5854701 0.2964388 0.3520841 -0.0073634 0.5856407 0.1921920 0.7812465 0.1778587 0.5639573 0.3757684 0.7205187 0.3229142 0.1855973 0.1643054 -0.0032484 0.1652805 0.4723160 0.6162358 0.5613814 0.1150009 0.1013207 -0.0321040 0.1586576 0.2890187 0.4093344 0.2157675 0.5148844 0.0687865 0.3556959 0.2557390 0.3452316 0.0432302 0.6348429 0.4659886 0.1227135 0.1477823 0.1655460 0.1404057 0.0795718 0.1699510 0.0222577 0.1373649 0.3709554 0.0925350 -0.1549179 0.0051839 -0.0825094 -0.0095165 0.1739120 0.4689289 0.4207483 0.6741064 -0.1564659 0.3596723 0.2511436 0.2601848 0.0880170 0.5363486 -0.0841944 -0.1509890 0.0149845 0.5290090 0.1921706 -0.0962480 -0.3012317 0.1624276 0.4808334 -0.3091232 -0.2021363 -0.1120621 -0.1405149 -0.0607820 -0.0120382 0.6863378 -0.3177394 -0.1782329 -0.0042030 0.1397725 0.2390286 0.3671423 0.2244057 0.0396192 0.3412288 0.4327901 0.1416851
0.3152227 0.4186344 0.3259895 0.2299455 0.2773190 0.3512606 -0.0743540 0.4113703 0.1527588 0.4619588 0.7082007 0.1253008 0.5259411 0.3665518 0.2244042 0.4846971 0.0000000 -0.1067734 0.4690737 0.3884941 0.2536172 0.6009834 0.5565983 -0.0079520 0.5547196 0.4563227 0.7630624 -0.0395258 0.3114201 0.3054751 0.6357322 0.6948375 -0.0400146 0.0784793 0.4958929 0.3774032 0.7043221 0.6782329 0.3412868 0.1586498 0.5124860 0.3585626 0.4858220 -0.0970146 0.5608702 0.6865604 0.6690812 0.3346028 -0.0331179 0.6029498 0.5007279 0.4148640 0.2053514 0.4125715 0.3852701 0.7014380 0.6455744 0.1648836 0.6007668 0.5279641 0.5686537 0.4100799 0.6041665 0.0811828 -0.1652328 0.6393683 0.3561438 0.4696319 0.5134806 0.3636369 0.4826832 0.2445150 0.5282239 0.0447411 0.4553805 0.5487900 0.2945703 0.3739447 0.4757680 0.1420174 0.4378915 0.2181206 -0.0897508 0.0889666 0.0623492 0.1287815 0.4426787 -0.1153112 0.0815469 0.0386519 0.2730488 0.1775472 0.2604727 -0.1115636 0.1831958 0.1671622 0.2910082 0.1893313 -0.0306558 0.1096630 -0.0282525 0.1877995 0.1905187 -0.1008756 0.2865792 -0.1479740 0.1509835 0.4247057 0.3653638 -0.0221365 0.0062881 0.3437823 0.1074649 -0.1546250 -0.2225156 -0.1254484 -0.4275189 -0.3984261 -0.1875781 -0.1730782 -0.2289168 -0.2755559 0.2466703 0.1746946 0.0810092 0.2590181 0.0473807 0.2316981 0.2804707 0.3328847 0.1485992 0.0699072 0.0767595 0.4382765 0.1106636 0.1629333 -0.0203107 0.2696037 -0.1391158 0.3434059 -0.0072782 0.2001190 0.0969492 0.0808395 0.0120930 0.0345988 -0.0382405 -0.2979756 0.0161033 0.1097518 0.3120407 0.2456939 0.0374335 -0.1439042 -0.2468515 0.0202277 0.2056192 0.1809013 0.0901002 0.4952863 -0.1362789 0.2971658 -0.0187701 0.2380543 -0.0004614 0.4054866 0.1578773 0.0146300 0.1572444 0.3003776 -0.0106146 -0.0684101 0.2695536 0.2357489 0.2304655 0.2769455 0.2410484 0.1890764 0.2543278 0.1773850 0.1863265 0.4416413 0.4973687 0.4317078 0.5653522 -0.1276952 0.3172061 0.0323634 0.2513108 0.2146498 0.2250066 0.0461069 -0.0924700 0.1486196 0.2556337 0.1074371 -0.1654074 -0.1005636 0.1065612 0.2206960 -0.0884509 0.0028581 0.1275631 -0.0582494 0.1125078 0.2206728 0.0134853 -0.0055720 0.0036801 0.1083477 0.2208983 -0.1736980 0.1511269 0.1786515 -0.1344497 0.0707748 0.0244426 -0.1543979
