0.0000000 0.6880914 0.7466497 0.0493327 0.3801467 0.2510534 0.2480382 0.0538989 0.5236400 0.0495947 -0.1465992 0.6528233 0.3345764 -0.0366704 0.7102128 -0.1398755 0.1141238 0.5363631 0.2376185 0.3382001 0.7189491 0.1400495 -0.1753433 0.2551615 0.2207434 0.0848122 -0.0805116 0.2317907 0.5239882 -0.0072974 0.1630082 0.3000685 0.1406604 0.2129009 -0.0864001 0.5470463 0.2600362 0.3268182 -0.1267282 -0.0215763 0.2005385 0.6750413 -0.2165282 0.3222869 0.4279051 0.4119260 0.3938896 0.2722783 0.6625936 0.2218039 0.0604220 -0.2727140 0.6608392 -0.0799905 0.1620574 0.4238233 0.4831129 0.2267333 0.4705058 0.0609134 0.7915277 0.1147091 0.0600621 0.6969768 0.7290284 0.3811082 0.1336133 0.1736277 0.2925508 0.2367315 -0.0694318 0.6895298 -0.3736519 0.6963234 0.0367768 0.2556952 0.6678564 -0.5202516 0.3149265 0.6678171 -0.0214343 0.1802232 0.0052719 -0.0473350 0.0048247 -0.1334433 0.1739053 0.1137858 0.0094032 -0.0845202 -0.1056312 -0.2193509 -0.2105832 0.1636723 0.2995407 -0.1225335 -0.3830596 -0.3475363 0.2440862 0.2046169 -0.2325143 -0.5201496 -0.3081917 0.2449655 -0.5054652 0.0103007 -0.5535833 -0.6038524 -0.6263220 -0.4552832 -0.6060558 -0.5498733 -0.2937246 -0.1800402 0.0260622 0.0722779 0.0219302 0.0709086 0.1035745 0.2087476 0.1492515 0.1085863 -0.0164245 0.0567435 0.0505776 0.3694131 0.2846416 -0.0121662 0.2358392 0.0530422 0.2577685 -0.0896853 0.2022778 -0.2576410 -0.1550263 0.1066475 0.1760787 0.3367158 0.2562178 -0.0185555 0.1731811 0.0884449 -0.3374409 0.3833014 0.3167942 0.1717266 0.2391999 0.1216717 0.2800576 -0.4852340 -0.5530608 0.1982599 -0.0972645 0.2879253 -0.3079250 0.1449230 0.1819164 0.2373271 0.0527774 -0.4296375 -0.2326729 -0.0025740 0.1409964 -0.0868848 -0.1096457 -0.0338262 0.0179440 0.4236070 0.3175103 0.3451311 0.4775207 0.4324495 0.5170415 0.6217294 0.6958458 0.6512687 0.6498648 0.3210647 0.5874723 0.5473066 0.2431493 0.5583150 0.4401055 0.3059016 0.3836299 0.5962009 0.4096988 0.3357835 0.8530435 0.7994756 0.2797301 0.6449050 0.6611698 0.4257878 0.4836503 0.5628366 0.7130603 0.6855607 0.4049875 0.4879851 -0.4327056 -0.2011513 0.0743925 0.1837402 0.5258602 0.0714432 0.4683005 0.5553754 -0.4276550 -0.0635916 0.1602639 0.2705123 0.4238330 0.5174797 0.0469353 0.1872201 0.1085413 0.0004288
0.6880914 0.0000000 0.4721155 0.5018926 -0.0335258 0.6011516 0.3516728 0.2660587 0.5669354 0.2673937 0.1085023 0.6525905 0.0918823 0.1103060 0.5440606 0.1423819 0.3302508 0.3108836 0.2665425 0.0995427 0.1447194 -0.0331723 0.1773974 0.6747558 0.2907942 0.3663033 0.3651067 0.6199797 0.1326334 0.2757708 -0.0006470 0.2001471 0.6302178 0.4952660 0.1226395 0.0904180 0.4223619 0.0563934 0.2963905 0.0573905 0.0137303 0.3875569 0.1064386 0.5200399 0.3763993 0.4261615 0.5287674 -0.0131283 0.6851188 -0.0740884 0.2714221 -0.0283046 0.3651222 -0.0054479 -0.0201719 0.3295623 0.5035008 0.3272020 0.0472021 0.4210671 0.2668032 0.1631382 -0.1207756 0.4079199 0.3560244 0.3151171 0.3486598 0.3698205 -0.0336373 0.4480093 0.0304503 0.4584962 -0.1757088 0.3391238 0.0403033 0.0710352 0.1828705 -0.2138917 -0.0309763 0.1350743 0.0287838 0.0567668 0.3225558 0.2519205 0.0766727 0.0116400 -0.1276717 -0.2416552 -0.3715310 -0.4439235 -0.3297466 -0.3544749 -0.3005284 -0.0055730 -0.2499305 -0.4789611 -0.3747743 -0.1965525 -0.1618536 0.0128746 -0.3665157 -0.2453512 0.0391804 0.0923887 -0.1698970 -0.1465228 -0.6412342 -0.4229666 -0.4707583 -0.3444389 -0.4562330 -0.6435814 -0.4305870 -0.2995302 0.0647569 -0.0775565 -0.0925782 -0.0380245 -0.0503754 0.0306889 -0.0462152 -0.0585090 -0.0651214 -0.1960149 -0.0098258 0.4512892 0.2299443 -0.3059743 0.3356089 -0.0438775 0.2155103 -0.1828489 0.2126390 -0.4664435 0.0154883 0.0713169 0.1363050 0.2916549 0.1866130 0.0662890 -0.1270416 0.1364572 -0.4769136 0.4978552 0.3504252 0.1570913 0.0262918 0.0092943 -0.1819453 -0.3785107 -0.3690750 0.5506855 -0.1633788 0.0184893 -0.5785992 0.3050180 -0.1427368 0.0902432 -0.3363515 -0.2998708 -0.1254135 -0.0266421 0.0711239 -0.3807794 -0.2147383 0.2579861 -0.1727456 -0.0627841 -0.1373675 0.0200800 0.1147638 0.0358613 0.2058650 0.3421010 0.7354276 0.5500935 0.3540589 0.0202749 0.1741122 0.2235781 -0.0253781 0.1979204 0.1022089 0.0411582 0.0427276 0.2300401 -0.0192358 -0.1870764 0.3568729 0.4832487 0.0392767 0.1427889 0.2726537 0.1890188 0.4090848 0.4680279 0.5375296 0.4677567 0.2360697 0.6222611 -0.0992684 -0.3003737 0.0050504 0.0877354 0.3044529 -0.0188035 0.4290192 0.1805896 -0.0651411 -0.1685830 0.1264971 0.2462214 0.1274883 0.1664093 0.0231654 0.1188802 0.1390605 0.1101099
0.7466497 0.4721155 0.0000000 0.0175352 0.6196126 0.0569744 0.0448697 0.1113160 0.1603060 -0.0427742 -0.0455553 0.2846092 0.6542777 0.0563568 0.3589664 -0.1222681 -0.0518970 0.3813232 0.0480620 0.4446791 0.4431386 0.3806050 0.1240326 0.1995659 0.2737414 0.3082154 0.0423700 0.1338201 0.4060128 0.1231758 0.3633943 0.5539143 0.1638037 0.1930516 0.2589194 0.2190277 0.4598600 0.3532828 0.1457798 0.0824121 0.4145622 0.5328768 0.0851198 0.2877378 0.1414898 0.4473352 0.5031852 0.4705989 0.6752068 0.2591453 0.0817138 0.0141134 0.5054197 -0.1057642 0.4521525 0.6306209 0.5508336 0.3831485 0.5733505 0.2251206 0.6444519 0.1664181 0.3381836 0.6347713 0.6126849 0.5691240 0.2606293 0.2874757 0.3735292 0.3560167 0.3326938 0.5638378 -0.0346252 0.5417152 0.3288017 0.3464501 0.7281112 -0.1667271 0.5226864 0.4502742 0.1816175 -0.1927932 0.0571308 0.2547896 -0.3657189 -0.1118129 -0.0403887 -0.1596652 -0.0543998 -0.3039444 -0.1529811 -0.0856299 -0.5650031 0.1199923 0.1029825 -0.0973540 -0.2533464 -0.6016667 0.0366597 0.0907815 -0.2181934 -0.4955903 -0.3480708 -0.0906598 -0.6066630 -0.2007057 -0.6785907 -0.6764015 -0.5513813 -0.6285170 -0.5735306 -0.7510708 -0.5301658 -0.3769456 -0.1440056 -0.1068586 -0.0761138 0.0363241 0.0754339 0.0971119 0.0659446 0.0686049 0.0860198 -0.0458822 -0.2791297 -0.0377518 0.2653926 -0.0724000 -0.1288331 0.0129993 0.0477402 -0.2929972 0.1020897 -0.1984629 -0.4820935 -0.1638991 -0.0383691 0.1000191 0.1188946 0.0203229 -0.2805261 -0.1193836 -0.1744134 0.2189106 0.1427650 -0.0243745 0.0101882 -0.0997702 0.0157276 -0.5219850 -0.2388085 0.0902588 -0.3539708 -0.0798960 -0.3634251 0.0566096 -0.0948300 0.0742121 0.0139135 -0.2842766 -0.3651315 -0.4199990 0.0051515 -0.1836245 -0.3050936 -0.0701531 -0.1526485 0.1855806 0.1500919 -0.0141077 0.0442159 0.1046128 0.1477468 0.0709119 0.1594699 0.2518041 0.2574179 -0.1289259 0.1884669 0.1104270 -0.0804760 0.5246754 0.5266665 0.5794514 0.6148172 0.5673329 0.5552493 0.3212440 0.5692861 0.6399895 0.2876491 0.3883679 0.3297392 0.3295843 0.0898428 0.1228380 0.4057501 0.5159423 0.2165561 0.0982337 -0.1800658 0.1630358 0.1765711 0.2592511 0.5250211 0.2514138 0.0801747 0.6163033 -0.1515544 -0.0692660 0.1858974 0.6005125 0.3982717 0.4399854 0.0279545 0.0615172 0.1481980 0.1250194
0.0493327 0.5018926 0.0175352 0.0000000 -0.5325573 0.6753127 0.0327583 0.7013166 0.2902236 0.6143603 0.5463079 0.2798310 -0.3538888 0.5358193 -0.0156579 0.4758601 0.4489160 0.1387208 0.1701072 -0.2039018 -0.1525258 -0.2335955 0.4772903 0.6180783 0.1829473 0.2916481 0.3349423 0.2586691 0.2333274 0.1224227 -0.1844625 0.1389233 0.5544221 0.7628030 0.1696915 -0.0555670 0.3624313 -0.1815794 0.6169440 0.2155991 0.0969151 0.2112707 0.4832438 0.4354269 0.1809515 0.2196427 0.2576791 -0.1502574 0.3620718 -0.3007980 0.3146614 0.5380127 0.1012115 0.3098943 -0.2156042 -0.0261261 0.3004269 0.3206802 -0.0642781 0.5351850 -0.1221826 0.4225157 -0.3050207 0.1160010 -0.2152444 0.0831399 0.4980580 0.2646484 -0.4917505 0.4211669 0.2875125 0.0282369 0.3957211 -0.2244068 0.0290275 0.0999661 0.0010637 0.3171076 -0.1251536 -0.0748757 -0.1235599 -0.1142408 0.2766441 0.5111506 0.3755236 -0.1386525 -0.4830033 0.0637356 -0.3580358 -0.1886516 -0.4081173 -0.1926923 0.0810189 0.3401682 -0.4004552 -0.4483216 0.0864374 0.2549288 -0.1931553 -0.1410098 -0.1878008 0.1079728 0.2264196 -0.0649759 0.4625006 -0.1113337 -0.2573579 0.0863050 -0.0492300 0.0050521 0.1829004 -0.3766979 -0.0950114 0.0995795 0.1055838 0.1034988 0.1100845 0.0594878 -0.0538740 0.0643339 0.0723849 0.1616156 0.0539569 -0.2464304 0.2492734 0.4312744 0.3717677 -0.0777745 0.5211886 0.2584595 0.4568608 0.2384256 0.4489342 -0.1074978 0.4778453 0.4095050 0.3646397 0.3554896 0.4464576 0.4687208 0.1123979 0.4718201 -0.0736459 0.3798579 0.3206570 0.2940091 0.2822535 0.4222571 -0.1563666 0.3906459 0.1930791 0.4207763 0.2813063 0.0514316 -0.1117826 0.2831280 -0.2158852 0.4643881 -0.1470353 -0.0046789 0.4243725 0.3333505 0.0704590 -0.3299154 0.2911369 0.3546958 -0.0853194 -0.3025929 -0.0993097 0.0751004 0.0630565 -0.0180805 -0.3134473 -0.0784792 0.2215675 0.2120372 -0.0227564 -0.0584827 -0.1225845 0.0369536 -0.0057487 0.1219075 0.0736721 0.1255987 -0.0366280 -0.2515608 -0.1231406 -0.3139149 -0.1130188 0.0732390 -0.1660304 -0.0796265 -0.0352951 -0.2146506 0.2766478 0.1475902 0.1632446 0.0774332 -0.1327067 0.4540915 0.0489797 -0.2727502 -0.1508015 -0.2090369 0.0733324 -0.1721874 0.3815390 -0.3183052 0.0072110 -0.2419975 -0.1471330 0.0056225 -0.1693253 -0.3950592 0.2577917 -0.3167615 -0.1263126 0.0401366
0.3801467 -0.0335258 0.6196126 -0.5325573 0.0000000 -0.5604494 -0.1386799 -0.1961526 -0.0352493 -0.2880101 -0.4928539 -0.1622472 0.6285300 -0.0534325 0.1882747 -0.5143393 -0.2841780 0.2306485 0.0530488 0.6229251 0.3339932 0.3773941 -0.3132060 -0.1476927 0.1623052 0.1387607 -0.2446384 -0.0968832 -0.0179384 -0.0798274 0.4129480 0.3922563 -0.2323768 -0.2303781 0.1299187 0.1984593 0.1600274 0.4937561 -0.2615694 -0.0614639 0.3365387 0.3371437 -0.1583163 -0.1512397 -0.0073353 0.1935570 0.0590891 0.5534979 0.3438148 0.4588205 -0.0560831 -0.2542925 0.4516369 -0.3220541 0.6043115 0.4741217 0.2580349 0.1202529 0.5495043 -0.0339713 0.5595514 -0.1209133 0.5748109 0.3675510 0.3900673 0.5700755 0.0052893 -0.0981427 0.6637505 -0.0016229 0.3706152 0.2606366 -0.0791857 0.3187124 0.4933276 0.1781478 0.5276172 0.0017262 0.5962316 0.3674792 0.3316586 0.0460200 -0.1454105 -0.0691313 -0.3029905 -0.0518484 0.1907532 -0.1520428 0.1344450 -0.1059879 0.0215984 0.1982048 -0.5314179 -0.1126421 0.2963018 0.3352476 0.1096384 -0.5421629 0.0162513 -0.0406118 -0.2767909 -0.4025799 -0.3385163 -0.3290160 -0.5435395 -0.2972454 -0.1613872 -0.4464648 -0.3395181 -0.2143607 -0.3890380 -0.0526939 -0.0713783 -0.2877196 -0.0358179 -0.0048441 -0.0706472 0.1097556 0.1766283 0.1261437 0.0153341 -0.0944468 0.1815862 0.1293247 -0.2201777 -0.2618288 -0.0393459 0.1764622 -0.3587082 -0.2082518 -0.2076364 -0.3298758 -0.1528954 -0.2874541 -0.6116686 -0.2972655 -0.2327087 -0.0097050 -0.1607676 -0.0509884 -0.2728727 -0.2191080 0.0915756 -0.3109138 -0.0702527 -0.1709619 -0.1201225 -0.2372214 0.2449757 -0.4745210 -0.1574736 -0.3211817 -0.2013720 -0.0138550 -0.1340549 -0.3458662 0.2810356 -0.1002734 0.3584811 -0.1006169 -0.5104800 -0.2685392 -0.3051030 0.3363409 -0.3325703 -0.3483781 -0.0486870 0.4856885 0.3807961 0.1027828 0.0851559 0.1857765 0.3389130 0.0238587 -0.1356281 -0.0753415 0.1715467 -0.2905232 0.0363229 -0.1746128 -0.3576626 0.2191225 0.4240310 0.4100347 0.5696212 0.2921207 0.5441490 0.3392879 0.3061977 0.4270954 0.4462410 0.4325662 0.1981209 0.5401666 -0.0266745 0.1075779 0.3483384 0.2907755 0.1301439 -0.0866938 -0.3409286 -0.0726955 -0.0181112 0.1749684 0.5095298 0.2838027 -0.0598255 0.6638668 -0.1287588 -0.0034903 -0.0020472 0.4217453 0.5396508 0.5432955 -0.2078391 0.1259123 -0.0216769 -0.2588040
0.2510534 0.6011516 0.0569744 0.6753127 -0.5604494 0.0000000 0.0314557 0.4506806 0.5966013 0.4928409 0.5690033 0.5164818 -0.1186669 0.2815419 0.1923867 0.6545203 0.6568249 0.1705648 0.1756033 -0.1521761 -0.0164204 -0.1887225 0.6147433 0.5378895 0.2088381 0.4147460 0.5542458 0.4082246 0.2894135 0.3828690 -0.1059405 0.0995706 0.3928141 0.4541457 0.3298624 0.0732961 0.5204055 -0.2145242 0.5546530 0.2653820 -0.0411659 0.1298650 0.4439904 0.6490561 0.2597251 0.3186742 0.5435474 -0.3807958 0.3719850 -0.2352252 0.4356584 0.4295724 -0.0028839 0.5085310 -0.4326943 0.0348487 0.4711576 0.4603249 -0.4571922 0.6126509 -0.1778504 0.5480353 -0.3762205 0.2058531 0.0657605 0.0105591 0.5307182 0.6339707 -0.3886303 0.6814374 0.0194292 0.3737697 0.2681610 0.2951974 -0.0576502 0.4485258 0.0754844 0.0214245 -0.1007793 -0.0562827 0.0950349 -0.1208693 0.3467735 0.2035987 0.1789707 0.1640637 -0.2012156 0.1075904 -0.1721960 -0.0191468 -0.1303536 -0.2853461 -0.0053968 0.2555430 -0.1584107 -0.4799683 -0.4995482 0.0325505 0.0382774 0.2885619 0.1979900 0.0658049 0.2183408 0.5666590 0.0846835 0.1346152 -0.3472958 -0.1302244 0.0288533 -0.3051157 -0.0386292 -0.5336628 -0.5132756 -0.1466323 -0.2203731 -0.1755834 -0.0851426 -0.1636970 -0.2014374 -0.2209190 -0.0757318 0.0628675 0.0233335 -0.1900117 -0.0951719 0.3079776 0.1950997 -0.1065130 0.3223482 0.1642256 0.2481752 0.0692267 0.2347009 -0.0411548 0.3006049 0.2752767 0.1623579 0.0547545 0.1222620 0.0955813 -0.0322886 0.1705584 -0.2637187 0.5836746 0.0671618 0.1696592 0.0766359 0.0455118 -0.2853918 -0.0968893 -0.2042904 0.5176645 -0.0258709 0.0061691 -0.2587654 0.5470397 -0.0960386 0.2565551 -0.2682077 -0.1272168 0.3353920 0.1706631 0.3449080 -0.2347337 0.1890016 0.4636510 0.0836957 -0.3482940 -0.2462385 0.0581751 0.0489751 -0.1275562 0.0295724 0.1730843 0.4016269 0.2374247 0.0664514 0.3325065 0.1684519 0.3834684 0.4194635 0.0802608 -0.2878665 -0.2110080 -0.4232164 0.0229157 -0.3163518 -0.0331918 0.1500147 0.0711641 -0.4531900 -0.2456094 0.1079499 -0.4663937 0.1188898 0.0864735 0.0763473 0.3145024 0.3458368 0.3468519 0.2396557 0.0962296 0.3176634 0.1133573 -0.1824821 0.2307566 0.2961540 -0.1039270 0.0108335 0.2006492 0.3270305 0.1340527 -0.1823940 0.0785533 0.3601164 0.0799132 0.2269519 0.2834581
0.2480382 0.3516728 0.0448697 0.0327583 -0.1386799 0.0314557 0.0000000 -0.0588554 0.0788864 -0.0062613 0.0745690 0.6306382 -0.0532778 -0.0148527 0.5216233 -0.0739352 0.1063257 0.4368617 0.1207117 -0.0664192 -0.1955585 0.3870908 -0.0193996 0.0580457 0.1968100 0.0559511 0.1715414 0.3558112 -0.1632258 0.4551243 0.1791143 0.0202873 0.0957615 -0.0138654 -0.3263769 -0.2447996 -0.0348101 -0.1928438 -0.1170819 -0.1831871 -0.2046725 -0.2407353 -0.3375129 -0.1826546 -0.0912171 0.1963131 0.0451039 -0.0769608 -0.1750476 -0.1269124 -0.3776205 -0.3093781 -0.1184546 -0.2464788 -0.2785215 -0.0304200 -0.0322700 -0.1813047 0.0455143 -0.1581154 0.1243210 -0.0433825 -0.4538208 0.0487755 0.3197319 -0.2068531 -0.1795933 0.0410737 -0.1240468 -0.1150431 -0.3370270 0.0526132 -0.2012293 0.1151120 -0.3375098 -0.2293848 -0.1570624 -0.0646452 0.0978792 0.1326194 0.1425243 0.4247569 0.3285921 -0.2599524 -0.0202029 0.1216094 0.2019053 -0.2053872 0.0029300 -0.2130277 -0.1848744 0.1808856 0.2181273 -0.2597821 -0.1203589 0.0426621 0.0000554 0.3878254 -0.0101298 -0.1229955 -0.1105896 0.3700594 0.4759427 -0.0126232 0.1326033 0.3887472 -0.2185938 0.1551335 0.0951416 -0.3165813 -0.1235205 -0.1996378 -0.1815497 -0.3531859 -0.3485395 -0.3609984 -0.4337963 -0.4375474 -0.3372845 -0.3041119 -0.2809580 -0.2167044 0.0116771 -0.2805608 -0.0171323 0.3414239 -0.0550868 -0.2714403 0.2314715 0.1274642 0.1716941 0.2578911 0.1736111 0.0996010 0.3924008 -0.0068977 0.0896918 0.2754040 0.3130951 0.0032816 -0.0710370 0.2419295 -0.1760338 0.2522101 0.3972852 0.1440093 0.2288987 0.2292041 -0.2537112 -0.0252794 -0.1073257 0.5227425 -0.0190093 -0.0782730 -0.2733658 0.3741875 -0.2357330 -0.1882009 -0.3292079 -0.0702853 -0.0796964 -0.1791493 0.4603259 -0.3493488 -0.1945909 0.4644778 -0.0605985 -0.2492937 -0.3267898 -0.2256881 -0.0733347 -0.1122655 -0.2565837 0.1273423 0.3307344 0.2505224 0.0694105 0.2179577 0.0730793 0.1967864 -0.0106576 -0.1209020 -0.0836651 -0.2789532 -0.0493625 0.4323685 -0.1817779 -0.2696038 0.2667640 0.2026637 -0.2000823 0.0496483 0.0613942 0.0410812 0.1935967 0.3654842 0.1889580 -0.1061810 0.2307025 0.3581561 -0.0073318 -0.0386071 0.2141071 0.3301604 -0.1909576 -0.4150234 0.1995213 0.2910658 -0.0243888 0.2462172 0.2334271 -0.0479100 -0.2300227 -0.2959741 -0.0985693 0.4787226 0.1824529 -0.0900768
0.0538989 0.2660587 0.1113160 0.7013166 -0.1961526 0.4506806 -0.0588554 0.0000000 0.3454422 0.8141648 0.6942398 0.1726440 0.1716293 0.5255341 0.1008793 0.7017548 0.6808564 0.1598800 0.6063631 -0.0691244 -0.0124627 -0.0529328 0.5474980 0.2537110 0.4846947 0.4500138 0.2244555 -0.0650138 0.3801614 0.0075195 -0.0586487 0.2815381 0.0850778 0.7970612 0.3524419 0.2309844 0.5687728 0.0280133 0.5473549 0.2594679 0.1036660 0.4464564 0.5180613 0.3652572 0.3854158 0.4712126 0.4134364 -0.1798032 0.4415188 -0.0809638 0.6320649 0.5914265 0.3443087 0.5243048 -0.2845277 0.0148241 0.4812083 0.6147854 0.0388592 0.5979776 0.1668266 0.7477705 -0.1979195 0.3402769 -0.0063856 0.2370666 0.7548549 0.4502322 -0.2036438 0.5344550 0.5152316 0.2175029 0.4791374 -0.0591955 0.3563142 0.4288829 0.0825793 0.2950625 0.0246487 -0.0029564 -0.0891319 -0.2316648 0.2026307 0.4037280 0.3105688 -0.0127893 -0.4268448 0.1146134 -0.1295529 0.0013208 -0.2306964 -0.0002498 -0.0095329 0.3852917 -0.1500760 -0.1180498 0.1735990 0.2928224 0.1402396 0.2410540 0.1635869 0.1394685 0.0999156 0.0684612 0.4381244 -0.1086745 -0.2406203 -0.1050669 0.0751369 -0.1245513 0.3752030 -0.2443677 0.0017189 0.0140486 0.0981170 0.0641535 0.0401091 -0.0472112 -0.1698434 -0.0255133 0.0016030 0.0412462 0.2687878 -0.3734078 0.2577330 0.3642064 0.2817810 0.1965497 0.5297539 0.3259773 0.5299346 0.3873883 0.4849751 0.1510029 0.4180777 0.3661774 0.3990335 0.3863356 0.5408852 0.5635980 0.1454286 0.5078777 0.3485192 0.2839966 0.2193044 0.0251667 0.4139448 0.4175258 0.0339802 0.3781471 0.4490245 0.2959452 0.2464527 0.0918902 0.2727277 0.3728592 0.0931503 0.5643692 0.2128520 0.4084460 0.6707207 0.2413769 0.1301606 0.0337153 0.4217409 0.4330856 0.0136740 -0.1031379 0.0578998 0.1119918 0.1820132 0.0329355 -0.3030423 -0.2532720 0.0143464 -0.0973381 -0.1023685 -0.1061145 -0.0250366 0.1145202 -0.0439110 0.2399737 0.2217705 0.2916049 0.0230723 -0.0933487 -0.0356869 -0.0678838 -0.0764119 -0.1242178 -0.2660359 -0.1030910 0.0032228 -0.2476501 0.2074180 0.0209572 0.0106155 0.0182245 -0.0995094 0.3611737 -0.3612257 -0.2478267 -0.2368402 -0.4743299 -0.0372398 0.0888017 0.3208048 -0.1315124 -0.3377955 -0.1532848 -0.2069732 -0.1129524 -0.0635026 -0.2772270 0.4823619 -0.0201687 -0.1690995 -0.0944637
0.5236400 0.5669354 0.1603060 0.2902236 -0.0352493 0.5966013 0.0788864 0.3454422 0.0000000 0.3758137 -0.0046688 0.6387392 0.0015637 0.3108651 0.7186344 0.2156242 0.5984153 0.4774325 0.5682723 0.3123580 0.4077874 0.1066382 0.1341644 0.5538468 0.5950413 0.4861358 0.2797584 0.3698897 0.3633090 0.2742267 0.3282710 0.4014201 0.0242649 0.4113435 0.2719422 0.4986087 0.5321182 0.3605035 0.1957536 0.2415533 0.2960774 0.5196095 0.2655665 0.2902593 0.6670481 0.5900432 0.5625089 0.0001655 0.4851570 0.3860094 0.5221501 0.2132225 0.5013330 0.4325200 -0.1547065 0.3179415 0.6074915 0.5469523 -0.0557523 0.5965432 0.3708394 0.6090780 -0.1999153 0.4923288 0.3757494 0.3162360 0.5374359 0.5618789 0.1489546 0.5865429 0.1086644 0.5495718 0.0645632 0.5041068 0.1709768 0.5763743 0.2735464 -0.1521391 0.1618655 0.4430596 0.1049726 0.3353977 0.2829790 -0.1352750 0.4993685 0.1336635 0.0515467 0.3158238 0.1301032 0.2496099 0.0511620 -0.1106256 -0.0869628 0.3621639 0.2791178 0.0295946 -0.1562045 -0.0681117 0.4147231 0.4804793 0.0968219 -0.2382059 -0.0219772 0.5301350 0.0647131 0.2386872 -0.1268668 -0.3448719 -0.0979952 -0.2851529 -0.1860404 -0.1469322 -0.1624931 -0.2340098 -0.0707217 -0.1255950 -0.1810704 -0.0944798 -0.2207076 -0.0742393 -0.1509892 -0.2519420 0.3946975 -0.0836702 0.1010509 0.5103891 -0.1248344 0.3673209 0.4661428 -0.0805259 0.2730187 0.2824639 0.0834034 -0.2454348 0.1703773 0.4316217 0.1994583 0.3765928 0.2402200 0.2478130 0.2140935 0.3333644 -0.2894617 0.4138644 0.1600284 0.0795060 0.4024430 0.3434080 0.0993278 -0.0788102 -0.1695736 0.3491791 0.2667668 0.2803996 -0.0351774 0.2483688 0.3688555 0.3258056 0.2436622 0.0449090 0.2481946 0.4898423 0.2504537 0.2360696 0.3001699 0.1586630 0.1599735 0.2074398 0.2390885 0.4576547 0.3852797 0.2275898 0.4626983 0.5944132 0.6456828 0.3893247 0.4795969 0.4144815 0.4368041 0.5737881 0.3476170 0.2806580 0.0739725 -0.0758021 -0.1140714 0.1746085 -0.0099489 0.1322160 0.4491653 0.3359587 -0.0029602 0.3156401 0.5315225 0.0830352 0.5306717 0.5625156 0.5864607 0.5523305 0.5079752 0.6846123 -0.4072156 -0.3355484 -0.0314709 0.0937561 0.2266099 0.1800109 0.6974102 0.3346031 -0.5585717 0.0745166 -0.0808498 0.1699260 0.2795809 0.4626447 0.3778325 0.3941539 0.0687889 -0.1206917
0.0495947 0.2673937 -0.0427742 0.6143603 -0.2880101 0.4928409 -0.0062613 0.8141648 0.3758137 0.0000000 0.6168757 0.1283333 -0.0404523 0.6336410 0.0431077 0.6366918 0.7233335 0.0196628 0.3491911 -0.1766947 -0.1333691 -0.3385627 0.3337261 0.3033466 0.1835070 0.1478698 0.0943161 0.0357610 0.1212551 0.0456910 -0.2837603 0.0352069 0.1553886 0.6301643 0.0505629 0.1926420 0.3033697 -0.1331510 0.1690422 -0.1875075 -0.1042517 0.3146919 0.1918754 0.1617678 0.3845493 0.0878146 0.1283417 -0.2670548 0.3372308 -0.1163243 0.5270896 0.2530603 0.3943850 0.3518550 -0.3990948 -0.2692837 0.2802704 0.3849708 -0.1745134 0.4234752 0.0754893 0.6153047 -0.2795379 0.3050008 -0.0380431 0.0984703 0.6325172 0.3936894 -0.3254024 0.5430361 0.2799566 0.2094064 0.4208092 0.0004423 0.1461710 0.3999146 0.0476469 0.2762778 0.0589475 -0.1068933 0.0217364 -0.1820142 -0.0503862 0.0570607 0.1297693 -0.2202539 -0.3088818 0.0059463 -0.2053854 -0.0897024 -0.2080995 -0.2775453 0.0246968 0.0012688 -0.2800274 -0.3339063 -0.0744794 0.1841871 -0.0963448 -0.0373603 -0.0788830 -0.0529382 -0.0555309 0.0527245 0.2751437 -0.0396709 -0.1831435 -0.1330734 0.0545656 -0.0148611 0.1164670 -0.2106957 0.0372158 0.1545801 0.1732327 0.2136987 0.2079621 0.1108794 0.0202793 0.1696605 0.1423456 0.1224332 -0.0024044 -0.2196509 0.4202912 0.3701907 0.3739681 0.0355806 0.5209451 0.4342869 0.5904891 0.3632679 0.5240893 0.2085590 0.4227894 0.3376834 0.5188249 0.3958696 0.4939915 0.4614593 0.2344760 0.4842168 0.0432735 0.3647715 0.3110080 0.1832078 0.4587288 0.4260971 0.1636554 0.3312909 0.1183445 0.3102527 0.3602983 0.0964759 0.1861173 0.3033183 0.0173269 0.5312415 -0.0403260 0.0773345 0.4036918 0.2014041 0.1490326 0.0503343 0.2878714 0.3734836 -0.0306692 -0.1109060 -0.0325832 0.1056765 0.2115136 0.0619458 -0.1161576 -0.1577275 0.1373099 -0.0037439 -0.1389041 -0.0192827 -0.0439976 0.0906578 0.0325724 0.0437010 -0.0285518 0.0015487 -0.2016739 -0.0116652 -0.1557202 -0.0609292 -0.0959040 -0.0024248 -0.0961227 -0.1853582 -0.0228845 -0.1361560 0.2553479 0.1446423 0.1344378 0.0451232 -0.0907718 0.3797147 -0.2930972 -0.3169922 -0.2368644 -0.3502354 -0.2789594 -0.0676960 0.3699685 -0.2516969 -0.2486252 -0.1264741 -0.1351605 -0.2207657 -0.2162500 -0.3344166 0.2607535 -0.2427085 -0.2836601 -0.2950314
-0.1465992 0.1085023 -0.0455553 0.5463079 -0.4928539 0.5690033 0.0745690 0.6942398 -0.0046688 0.6168757 0.0000000 0.0565263 0.1595886 0.2485953 -0.1769478 0.9229475 0.6885338 -0.1367384 0.2986048 -0.2577495 -0.3120344 -0.0325339 0.7730295 -0.0573156 0.2164603 0.3119109 0.4341486 -0.1783532 0.1859226 0.1517793 -0.2070560 0.0828904 0.0291489 0.3641589 0.3452082 -0.1881014 0.4400298 -0.2590672 0.5221076 0.1029322 -0.1640265 -0.1266493 0.4428515 0.3359244 -0.0959553 0.2410583 0.3502685 -0.3435477 0.0090866 -0.3137214 0.4167343 0.4859751 -0.1937639 0.4027654 -0.4033593 -0.1197522 0.2848742 0.3091838 -0.3219519 0.3999971 -0.2427193 0.5865133 -0.2259637 0.0287848 -0.2031610 -0.0856272 0.5349622 0.4290140 -0.3665999 0.4473552 0.2231880 0.0228015 0.4428809 -0.1266181 0.0804794 0.2661714 -0.1919685 0.2771556 -0.1249186 -0.3533761 0.0376937 -0.3438760 0.2581090 0.3715260 -0.0443066 0.1247750 -0.3278902 -0.0228878 -0.0341297 -0.0557244 -0.1082953 -0.0651654 -0.0035828 0.1165914 -0.2249226 -0.3742752 -0.2725244 0.2739782 0.0185409 0.2219602 0.3879361 0.3971856 0.2605772 0.2857943 0.1983560 -0.0485290 -0.3116434 0.0411055 0.2760537 -0.2111260 0.3497629 -0.3509704 -0.3008542 -0.1001028 -0.2186112 -0.1936287 -0.1215245 -0.3168768 -0.3147151 -0.3555203 -0.1840801 0.0510128 -0.0962893 -0.5048421 -0.0958095 -0.0400313 0.1831751 -0.1947847 0.1125161 0.3015985 0.1778468 0.1097811 0.2282797 0.3135613 0.3173411 -0.0167591 0.0909277 -0.1428793 0.1616083 0.0665112 -0.1342178 0.0965047 0.2680387 0.1941335 -0.1023239 -0.0694054 -0.0310177 -0.0244507 -0.3038525 0.1359996 0.1969981 0.2439636 -0.1252410 -0.2298891 0.0008615 0.5994570 -0.1438893 0.1543858 -0.1226338 0.1639143 0.5006894 -0.1482139 0.2879789 -0.1781468 0.1930921 0.4925560 -0.1268433 -0.4827499 -0.3882617 -0.3049100 -0.1746442 -0.3527893 -0.4717046 -0.4811283 -0.2456041 -0.3605369 -0.4538003 0.0248795 -0.1611860 0.0628271 0.2318399 0.0132841 -0.2155130 0.0112867 -0.2909453 -0.1083074 -0.2102687 0.0419423 -0.2314941 -0.3077401 -0.5921703 -0.5204783 -0.3312363 -0.6663297 -0.3041958 -0.3939084 -0.3824600 -0.2523528 -0.1163102 -0.1046852 0.1973097 0.2117171 0.2075709 -0.2860403 -0.4962523 0.1970752 -0.1996395 -0.3483980 0.1256624 0.2104299 0.3559528 -0.0685422 -0.3055476 -0.3676095 0.3088860 0.0515779 0.2033797 0.1479109
0.6528233 0.6525905 0.2846092 0.2798310 -0.1622472 0.5164818 0.6306382 0.1726440 0.6387392 0.1283333 0.0565263 0.0000000 0.0010412 -0.0021647 0.8039311 0.0736148 0.2656624 0.7238378 0.2966273 0.0860010 0.3392645 0.2588452 0.0556991 0.3547806 0.3389322 0.2388831 0.1312445 0.4473751 0.4356847 0.3657151 0.2477268 0.1626032 0.1156241 0.3301921 -0.1327565 0.3027974 0.2804121 -0.0164343 0.0975266 0.2152621 0.0940916 0.3420667 -0.1152416 0.2863437 0.4376010 0.4763877 0.4194806 -0.1091311 0.3375971 -0.0754141 -0.0330414 -0.0641461 0.2899732 0.2249631 -0.3406794 0.1813948 0.4121248 0.3153768 0.0541226 0.1682208 0.3924761 0.3225272 -0.4587213 0.5317996 0.6345208 0.0629070 0.1788392 0.4235827 -0.0423295 0.3223535 -0.2137545 0.6085004 -0.1391863 0.5254896 -0.1616750 0.2916846 0.3383465 -0.3222831 0.1467682 0.4899533 -0.0365854 0.3089858 0.3056206 -0.2187108 0.2703542 0.0927889 0.1031130 0.1998037 -0.0389966 0.0490937 -0.2464949 -0.0325401 0.2509917 0.2815217 0.1215336 0.0224436 -0.2089648 0.2134242 0.3397006 0.2895091 0.0708506 0.0821671 0.3291044 0.4326330 0.0659619 0.4839657 -0.2733951 -0.0508419 -0.2098632 -0.3782549 -0.2219705 -0.4406869 -0.3007811 -0.1724725 -0.2307669 -0.1180103 -0.1534692 -0.1438744 -0.1136804 -0.0787463 0.0424035 0.0909029 0.2799988 0.0277206 0.1189999 0.5800207 0.2240690 0.1033200 0.4787820 0.2687205 0.4662601 0.3790581 0.4289606 0.0584687 0.4016074 0.4504894 0.3491587 0.4603224 0.4925528 0.1462882 0.2172816 0.3514189 -0.1622798 0.6304559 0.4370450 0.3912883 0.4675940 0.3627602 0.0280209 -0.1446075 -0.2096707 0.5752411 0.1010523 0.3781627 -0.1232635 0.4725441 0.0774055 0.2726612 -0.0660116 -0.0668433 0.2247704 0.1798717 0.5643263 -0.1944904 0.2273689 0.5029654 0.3548961 0.0984149 0.1148860 0.3334466 0.4180383 0.3259813 0.1063476 0.5574923 0.7100541 0.5811850 0.4584056 0.4583720 0.4529736 0.6004672 0.2495656 0.2031517 0.0549344 -0.1379011 -0.0478000 0.5722602 -0.0710106 -0.0691129 0.6661857 0.4680965 -0.2426127 0.3276049 0.4540172 -0.0177246 0.4709462 0.5252768 0.4239380 0.4134601 0.5108862 0.6134532 -0.2441782 -0.0675943 0.2680469 0.3370734 0.1648658 -0.1538184 0.5814893 0.4862109 -0.4007016 0.1416966 0.1622748 0.0621237 -0.0762631 0.1599643 0.3622764 0.4791759 0.0607040 0.0055956
0.3345764 0.0918823 0.6542777 -0.3538888 0.6285300 -0.1186669 -0.0532778 0.1716293 0.0015637 -0.0404523 0.1595886 0.0010412 0.0000000 -0.2242996 0.2331193 0.1846714 0.1502594 0.0318193 0.3179953 0.2732422 0.1785973 0.4390187 0.3133946 -0.2494316 0.3608516 0.4276607 0.1471551 -0.1061570 0.1890839 0.1404383 0.2750200 0.3465691 -0.2764441 -0.0322842 0.4996515 0.1075472 0.4983511 0.2829404 0.1432729 0.2236478 0.1520872 0.2504915 0.1807401 0.2408297 0.1149505 0.4630145 0.5465828 0.1574011 0.4083143 0.2332807 0.3223854 0.0953371 0.2752855 0.1886689 0.1859370 0.4121756 0.4716081 0.5174811 0.1837803 0.2070983 0.3825359 0.2957121 0.3268101 0.4512142 0.4898544 0.4575108 0.3238332 0.4162803 0.4420919 0.3573326 0.3650157 0.4618886 0.0638105 0.4311534 0.5362618 0.4485026 0.3418817 -0.0981186 0.3159291 0.0273447 0.2280229 -0.2889598 0.1646820 0.1301152 -0.4356257 0.3357061 0.1545928 -0.2079145 0.2054510 -0.0981013 0.1843666 0.1775863 -0.5197159 0.0324062 0.2105584 0.2045783 -0.2180742 -0.3982505 0.2480555 0.4432104 0.2864364 -0.0787985 -0.1342666 0.1371363 -0.4605018 -0.1189319 -0.3918758 -0.4794951 -0.1044287 -0.5116563 -0.2560298 -0.4065939 -0.4795311 -0.4529616 -0.2400079 -0.2724255 -0.2258713 -0.1917880 -0.1278053 -0.2015745 -0.1310956 -0.1353941 0.2454546 -0.1452872 -0.4111698 -0.2765368 -0.0224728 0.0940616 -0.2818108 0.0193678 -0.1025375 -0.2317769 -0.0569765 0.1039239 -0.5130783 -0.2993631 -0.1445336 -0.1390158 -0.0602058 -0.0581670 -0.4329885 -0.2391234 0.2702300 0.0011035 -0.1020900 -0.2987583 -0.1904788 -0.4261572 -0.0533558 -0.5157378 0.0184913 -0.0465578 -0.4513073 -0.1525345 -0.1043564 0.1619650 0.1392647 -0.0874830 0.1607028 0.1823175 -0.0922739 -0.5708979 0.0859351 0.1353288 -0.2147859 0.0909150 0.0073708 0.1337216 0.0260364 -0.1793399 -0.0922268 -0.1054426 -0.0101520 -0.3079396 -0.2038447 -0.3116616 -0.1403276 -0.2516180 0.0144587 -0.0584892 -0.1855349 0.1447251 0.1417368 0.2770235 0.2094352 0.4707141 0.2492971 0.3263218 0.1925515 0.0333988 -0.1372727 -0.0921799 -0.0166968 -0.0569239 -0.2411157 -0.2828553 -0.1481978 0.0884749 0.1648854 -0.2173658 -0.1743172 0.3822870 0.2887768 0.0349769 0.1213682 0.5558501 -0.2446010 0.4968836 -0.1013772 0.1785254 0.3376212 0.4145386 0.2652352 0.3586920 0.1961959 0.3982543 0.1870792 0.1322199
-0.0366704 0.1103060 0.0563568 0.5358193 -0.0534325 0.2815419 -0.0148527 0.5255341 0.3108651 0.6336410 0.2485953 -0.0021647 -0.2242996 0.0000000 -0.0897366 0.2034662 0.4368733 0.3455557 0.0985169 0.0597785 -0.1601461 -0.1183057 0.2932578 0.5482259 0.2352475 0.2873286 0.3010313 0.2809354 -0.0010414 0.3460341 0.0740266 0.3885358 0.3201311 0.4957390 0.1564231 0.0235036 0.3953465 0.0275987 0.3094162 -0.0567142 0.1455368 0.1593290 0.3634961 0.0540291 0.0306353 0.1664344 0.0785374 0.0759532 0.1693905 0.1995129 0.2585780 0.4081859 0.1601248 0.0996836 -0.0440098 0.0008093 0.2880652 0.1324712 0.1225544 0.5286583 0.0717659 0.4143459 -0.1298778 -0.0343404 -0.2109752 0.1999452 0.4662220 0.1182858 -0.2197556 0.3118605 0.4505014 -0.1529907 0.5970632 -0.0140000 0.1732916 0.3387236 0.1870051 0.6418232 0.5040131 0.2127011 0.4881314 -0.0065605 -0.0198349 0.0460179 0.1850785 -0.1733744 -0.2298961 0.1073458 -0.0233187 0.0411700 -0.0911100 0.0795113 -0.1452684 0.0204290 -0.0780435 -0.0732708 0.2262493 0.0169922 -0.1925789 -0.2489270 -0.2191240 -0.0951983 -0.0136229 -0.1797841 0.2717928 0.0152721 -0.0940412 -0.1472362 0.2557479 -0.2784505 0.1444378 -0.1356013 -0.0242566 -0.1533496 -0.2125374 -0.1578831 -0.1735958 -0.1252496 -0.2308392 -0.0842054 -0.1549353 -0.1780648 0.0890436 -0.2582784 0.0779200 0.2450970 0.0468025 0.0491379 0.3116636 0.0865671 0.2462223 0.2259390 0.1893249 -0.0672605 0.3159592 0.1923662 0.1195813 0.2835341 0.2243708 0.4863487 0.0239720 0.4358379 -0.1285591 0.0395663 0.1594185 -0.0538731 0.3947911 0.4794183 -0.0670010 0.3986671 0.1572308 0.2021656 0.3543757 -0.1940943 0.0543112 -0.0699881 -0.0532056 0.2611019 0.0297561 0.0379326 0.0749363 0.2548481 -0.1300281 0.1225237 0.0130889 0.0981426 -0.2297148 -0.2843160 -0.0736434 0.0332296 -0.1294493 -0.1633001 -0.1594978 -0.0756279 -0.0287736 0.0611933 -0.0217630 0.0969777 -0.0859713 0.0404910 0.0834075 0.2025559 0.2201874 0.1690080 0.1725743 -0.1507588 0.0801465 0.0961939 0.0116527 0.0983835 0.0682008 0.0613790 0.1220377 0.0092249 0.1996923 0.2496968 0.2916522 0.1197656 0.1517851 0.3351295 -0.0012206 -0.2602343 -0.1291297 0.0502851 -0.0466208 0.0769075 0.4270409 0.0299434 -0.0150456 0.1084414 -0.1585728 0.0373975 0.1213074 -0.1717666 0.0873013 -0.2221963 -0.0751265 -0.1389847
0.7102128 0.5440606 0.3589664 -0.0156579 0.1882747 0.1923867 0.5216233 0.1008793 0.7186344 0.0431077 -0.1769478 0.8039311 0.2331193 -0.0897366 0.0000000 -0.0860673 0.2908356 0.5603395 0.5627336 0.2989206 0.5004174 0.4480911 -0.1176698 0.2552082 0.5671749 0.2995023 0.0571926 0.2810375 0.3821473 0.2453286 0.4190932 0.3366104 -0.1736466 0.2125157 0.0145186 0.4044495 0.3001485 0.4163019 -0.0933308 0.1940365 0.3052801 0.4488434 -0.0961458 0.0498041 0.6130834 0.6040011 0.4812883 0.2006653 0.3596395 0.3917132 0.1526196 -0.1238612 0.5584036 0.2130310 -0.0515833 0.3644816 0.4637939 0.3710092 0.2515814 0.1621170 0.6444326 0.3515154 -0.1920369 0.6364333 0.6787674 0.3076688 0.1990188 0.3530878 0.3167283 0.2670343 -0.0797872 0.5960149 -0.2372300 0.5102835 0.1054025 0.3123220 0.3109565 -0.3991152 0.1900798 0.5485046 -0.0518901 0.5261199 0.3391831 -0.2719287 0.3736102 0.1964285 0.3460672 0.2483613 0.2956945 0.1832609 0.0843160 0.0730952 0.0243204 0.3101488 0.3905429 0.2918977 -0.0364135 0.0251840 0.5585826 0.4398932 0.0408722 -0.1075111 0.0896973 0.3798242 -0.0247844 0.4165444 -0.1351708 -0.2263456 -0.2181945 -0.3233365 -0.3971695 -0.1752950 -0.1340328 -0.2773229 -0.0970088 -0.1309341 -0.2356472 -0.1339247 -0.1822576 -0.0181076 -0.0959201 -0.2242566 0.4544305 -0.0064924 0.1516737 0.5090596 -0.0976665 0.3601532 0.4178455 0.0597876 0.3341232 0.3756993 0.1410539 -0.0699697 0.0935801 0.3790884 0.2946285 0.5062954 0.4406958 0.1827931 0.2272931 0.3279019 -0.1781322 0.3500696 0.4080915 0.2078675 0.4643994 0.3474581 0.2104356 -0.1528159 -0.1916782 0.3037732 0.2205669 0.4020476 -0.0903409 0.2146130 0.3532909 0.2085486 0.2465973 0.0145663 0.0944482 0.2129804 0.4160453 0.1228039 0.2078351 0.1575108 0.2204770 0.4042845 0.3242031 0.4082535 0.4578013 0.3840349 0.3005615 0.5642205 0.6665718 0.4265267 0.4844582 0.3274198 0.4420082 0.5165899 0.1394258 0.2168577 0.1800423 -0.0551944 0.1079649 0.5752443 0.1637916 0.0926546 0.6251120 0.4897300 0.0609297 0.4927760 0.5140416 0.2448337 0.5725632 0.5977066 0.5920476 0.3554395 0.4139430 0.6359847 -0.5653929 -0.2420919 0.0470463 0.1853960 0.3883308 -0.0604464 0.6247630 0.5800136 -0.6195226 0.0288698 0.0086912 0.2077666 0.3069407 0.3179825 0.3129194 0.5997786 0.0086936 -0.2064578
-0.1398755 0.1423819 -0.1222681 0.4758601 -0.5143393 0.6545203 -0.0739352 0.7017548 0.2156242 0.6366918 0.9229475 0.0736148 0.1846714 0.2034662 -0.0860673 0.0000000 0.7632596 -0.1951992 0.4587965 -0.2321167 -0.2200825 -0.1087314 0.7541073 0.0322785 0.3252777 0.3813903 0.4747241 -0.1220819 0.2400232 0.1363582 -0.1918146 0.0978790 -0.0102725 0.4332087 0.4573650 -0.0504356 0.5219469 -0.1161857 0.5301370 0.1866168 -0.1286005 -0.0138048 0.5221069 0.3811707 0.1539360 0.3304305 0.4956282 -0.3857050 0.0622811 -0.1594640 0.6692036 0.5120138 -0.1108474 0.5523134 -0.4222916 -0.0586432 0.3898203 0.4216371 -0.4131151 0.5147688 -0.2274363 0.6737677 -0.1743435 0.0447748 -0.2040851 -0.0166689 0.6590616 0.5532061 -0.2394709 0.5348582 0.2337813 0.0816325 0.4023469 -0.0574736 0.1656779 0.3832707 -0.2478773 0.1596641 -0.2361594 -0.3534643 -0.0217139 -0.3972095 0.2097179 0.2821131 0.0728848 0.1861360 -0.3251007 0.0634768 0.0113678 0.0757767 0.0304614 -0.1819833 -0.0655080 0.1651556 -0.1266637 -0.3316326 -0.3534824 0.1808319 0.1636337 0.4393913 0.5296287 0.2813647 0.1501392 0.4734856 0.1962061 -0.0007568 -0.2322388 -0.0675602 0.2711099 -0.1955964 0.3537904 -0.2579480 -0.2474552 -0.0756446 -0.1145755 -0.1853821 -0.0981357 -0.2727404 -0.3347568 -0.3419726 -0.2009063 -0.0501309 -0.0414195 -0.4505294 -0.0606212 -0.0246451 0.0478375 -0.0828102 0.1402082 0.1844938 0.1305620 0.1065687 0.1164396 0.2761629 0.2401653 0.0367841 0.0779871 -0.1858439 0.0728651 0.0134019 -0.0600503 0.0264147 0.2299751 0.2035724 -0.2110127 -0.1792827 -0.0383838 -0.0646747 -0.2568450 0.1056771 0.2340312 0.2006913 -0.1294892 -0.1699871 0.1204340 0.5426341 -0.0026727 0.1176565 -0.0429034 0.3175233 0.5859867 -0.0624557 0.2200154 -0.0209253 0.2744789 0.4082991 -0.0860113 -0.4062419 -0.3357848 -0.2115563 -0.1337698 -0.3300429 -0.3238240 -0.3612070 -0.1219929 -0.3467981 -0.3874915 0.0786769 -0.0913589 0.1505484 0.3227267 0.0368945 -0.2426799 -0.0319154 -0.3772294 -0.1532852 -0.2403449 0.1099627 -0.2400431 -0.4173689 -0.5810784 -0.5516771 -0.2681926 -0.6867630 -0.2629638 -0.3913426 -0.3881095 -0.1965755 -0.0753046 -0.0745276 0.1010573 0.1583889 0.1047170 -0.3929850 -0.4813214 0.3380901 -0.1299840 -0.3919773 0.0046469 0.1459621 0.2499510 -0.1427522 -0.2142587 -0.2084713 0.4541128 0.1516865 0.1796146 0.1940265
0.1141238 0.3302508 -0.0518970 0.4489160 -0.2841780 0.6568249 0.1063257 0.6808564 0.5984153 0.7233335 0.6885338 0.2656624 0.1502594 0.4368733 0.2908356 0.7632596 0.0000000 0.0713782 0.6191351 -0.0155289 -0.0858740 0.0401038 0.6315240 0.2224589 0.5388244 0.5563478 0.5575847 0.0860668 0.1154851 0.3256314 0.0208771 0.2594913 -0.0535214 0.3527664 0.4620423 0.1241811 0.6079857 0.0280030 0.4112529 0.1307481 -0.0602637 0.0970050 0.4808811 0.3441292 0.2484780 0.4813536 0.5018393 -0.2940222 0.2395144 0.0987300 0.6366737 0.4630185 0.1392549 0.5340610 -0.4223628 -0.0077910 0.4753115 0.5178834 -0.3723261 0.6585680 -0.0076880 0.7816022 -0.3171901 0.2097904 0.0177898 0.0894086 0.6590869 0.5859116 -0.2023143 0.6437004 0.2150436 0.2553060 0.3698981 0.2004225 0.1911229 0.5212114 -0.1053335 0.2149029 0.0380697 -0.0869125 0.2570472 0.1570195 0.4604494 0.1383446 0.2688246 0.3351222 -0.0025165 0.1034570 0.2037122 0.1342564 0.1397679 0.0618089 -0.0931885 0.1735518 0.0545866 -0.1619023 -0.1957252 0.2005666 0.2297021 0.4214025 0.2960492 0.2075967 0.1985643 0.5016142 0.2166173 0.0673618 -0.2120196 -0.1748244 0.3432422 -0.2907368 0.1323749 -0.1551729 -0.2884821 -0.3490823 -0.2668931 -0.3242359 -0.3488739 -0.4304143 -0.5008540 -0.4080733 -0.4045429 -0.3408713 0.2007528 -0.5321650 -0.0682116 0.2959598 -0.1402598 0.1161884 0.3724430 0.0803717 0.2160293 0.2493613 0.0807762 0.0096671 0.3245675 0.1573808 0.1171506 0.1502160 0.1840807 0.2748365 -0.0493638 0.3557582 -0.0232960 0.2662679 0.0422553 -0.1152224 0.1821594 0.1473728 -0.1841899 0.0735557 -0.0340599 0.3745136 0.1656589 -0.0978128 -0.0954845 0.5440644 0.1976402 0.2741959 0.0851941 0.1180254 0.4249458 0.2353204 0.3464080 0.1433535 0.2113076 0.4251650 -0.0820236 -0.2373749 -0.1963301 -0.0063185 0.0401673 -0.2260758 0.0288704 -0.0427376 0.1422017 -0.1484574 -0.0850536 0.2617084 0.1197501 0.3246064 0.3247706 0.0270074 -0.2394837 -0.1990428 -0.4121573 -0.0569814 -0.2690291 0.0920883 -0.0106172 -0.1010209 -0.4132005 -0.2439685 0.0643898 -0.3716825 0.1403306 0.1345877 0.1066630 0.0824355 0.2848510 0.3941321 -0.1193145 -0.1260709 0.1309006 -0.1409882 -0.3261120 0.3004259 0.2971745 -0.0517260 -0.2234314 0.3430017 0.2585627 0.0905770 0.0138024 0.0005683 0.2893557 0.3213028 0.2533404 -0.0670979
