0.0000000 -0.6386276 0.0216834 -0.4829257 -0.1003648 -0.1833140 -0.4156367 -0.2450883 -0.2514342 -0.0484051 -0.1478064 -0.4495777 -0.3332466 -0.1177863 -0.2989057 0.1467192 -0.1236362 -0.2415926 -0.1203432 -0.0398731 -0.0002825 -0.3789028 -0.1804040 -0.2034790 0.0111072 -0.0671284 -0.3132735 -0.2665465 -0.4457056 -0.4343375 0.0018161 0.0408355 -0.3770238 -0.4540919 -0.3650451 -0.0385424 -0.2274910 -0.3001613 -0.4099521 -0.3753982 -0.1012814 -0.2492418 -0.3814578 -0.3506684 -0.5538173 -0.3555099 -0.3377228 -0.2737179 -0.3504191 -0.3685567 -0.3249787 -0.3899597 -0.3415433 -0.2110281 -0.4478804 -0.4137695 -0.2528535 -0.3381753 -0.1011798 -0.2347598 0.0971341 -0.1549787 0.4443467 -0.2503659 -0.2431985 -0.0067773 -0.1432743 -0.1925645 0.1203018 -0.2319811 -0.0542954 -0.2749896 -0.1589525 -0.1765355 0.0141204 -0.2369258 -0.3478877 -0.0425154 -0.2920620 -0.3647670 -0.0862264 0.2876822 0.1286075 0.0539124 0.2291982 0.3004397 0.4387874 0.1245883 0.1697482 0.1782967 0.4403915 0.0944808 0.1261195 -0.0570490 0.1992318 0.2958484 0.1779776 0.2444862 0.1902636 -0.1700017 0.1859883 0.3336350 0.0944374 -0.2556076 0.5099415 0.1167284 0.1389446 0.2892006 0.3472958 0.4091016 0.2600660 0.1143287 0.2688494 0.1000297 0.0759285 0.1615626 0.1302051 0.0494263 0.1374146 0.0484847 0.0793424 0.0427359 0.0739382 -0.0460822 0.1170373 0.1115607 -0.0922946 0.2923919 -0.1722040 -0.1386322 -0.1880035 0.2983166 -0.0727100 -0.1532161 0.4323280 0.4938727 -0.1696792 -0.0284494 -0.0588546 0.0356978 0.3504549 0.0280200 0.3297238 0.2495611 -0.2214366 0.5009361 -0.1191148 0.1526460 0.3242435 0.1716196 0.1620032 0.4754501 -0.2547187 0.4930195 0.1527639 0.6009783 -0.1218591 0.2153253 0.1145050 -0.1057481 0.3661697 0.0168874 0.4253171 -0.2908130 0.1321304 0.5390420 0.4703230 0.3951705 -0.1157244 -0.1298367 0.5475705 0.3372974 0.7556377 -0.1362752 -0.6177649 -0.5566211 0.0469255 0.2315738 0.3648330 0.1459723 0.2752706 -0.0735400 -0.2062066 -0.0846438 0.0864994 0.0375040 0.5274945 0.0674517 -0.3624650 -0.6608300 -0.0006721 -0.4726568 -0.4354870 0.0065978 0.0104896 -0.1486478 -0.1648851 -0.5945561 -0.3545548 0.1696814 -0.0923930 0.1862547 0.0033520 0.0662679 -0.0832998 0.1747632 0.2716035 0.0738551 -0.0002299 0.2162040 0.1812921 0.0975381 0.0559134 0.2320100 -0.1740963 0.1939050 0.0887850 -0.1407563
-0.6386276 0.0000000 0.3512536 0.8092026 0.3501123 0.5449841 0.3967058 0.7106441 0.6291777 0.4585534 0.4476164 0.5348517 0.7933208 0.3864083 0.2465502 0.2153457 0.5439505 0.2746637 0.3609176 0.2353809 -0.0752305 0.5286115 0.3960114 0.3007854 0.1597167 0.3457190 0.5778901 0.2584394 0.3354530 0.7050803 0.0747100 0.5074680 0.5277125 0.4946721 0.4549888 0.1615868 0.4403264 0.6483307 0.4824352 0.5491259 0.5041161 0.2622386 0.4646836 0.4472844 0.6127065 0.4971733 0.4584354 0.6342943 0.6949569 0.3418360 0.3610176 0.4986158 0.6681931 0.4362667 0.7014880 0.5094641 0.4477040 0.4753774 0.1421319 0.3427014 0.4979703 0.3508734 0.0714698 0.4682735 0.5891648 0.4236360 0.2697870 0.4339474 0.2634408 0.3784765 0.3369224 0.5000738 0.4657667 0.5544426 0.4734446 0.3967172 0.4453038 0.6273156 0.6983426 0.5721495 0.6707400 0.0709331 0.0406041 0.2817855 0.0728986 -0.1568269 -0.2276819 -0.0520846 -0.0745058 -0.0025115 -0.3120887 0.1371444 -0.2520438 0.0965991 -0.1748425 -0.2573671 -0.0154461 -0.1892341 -0.0995472 0.2933453 0.0115258 -0.1821858 -0.1372816 0.3126902 -0.3633181 -0.0489077 -0.0353509 -0.1172097 -0.1612031 -0.2170608 -0.1328083 0.0270686 -0.1815659 -0.2034504 -0.1191865 -0.3522557 -0.3555051 -0.2086607 -0.3127359 -0.1605959 -0.1281415 -0.1857676 0.2399137 -0.1251113 -0.1486942 -0.0486810 -0.0118451 -0.0161235 0.3594110 0.0963876 0.1992411 0.0887483 0.0831416 0.2485671 0.0724380 -0.0410911 0.1589769 0.3419118 0.1497776 0.1266595 -0.1258187 0.2281651 0.1426989 0.0589651 0.2509608 -0.0435657 0.1366547 -0.0933948 0.0037191 -0.0072499 0.0154102 -0.2678982 0.2293979 -0.2442391 -0.1112752 -0.1495960 0.4226103 -0.1415190 0.2217797 0.1695877 -0.4551498 0.0618761 -0.1882733 0.4644084 -0.1620265 -0.1691260 -0.1674587 -0.0024578 0.3961233 0.2125294 -0.2931523 0.0272190 -0.3874293 0.3275820 0.7927378 0.5634849 0.3722042 0.0578347 -0.0783065 0.0090638 0.1436298 0.2981437 0.2287452 0.1617882 0.1017586 0.3294104 -0.1653236 0.2528107 0.4736038 0.5040009 -0.0635651 0.4111451 0.2404472 -0.0039531 0.0540977 0.1334623 0.0325976 0.4683095 0.7739199 -0.0130321 0.3874791 -0.0126863 0.1428400 0.1742235 0.1225312 0.3328225 0.0143271 0.2114314 0.3755655 0.0196586 -0.0011945 0.1190013 -0.0291391 0.0864639 0.2648163 0.1382321 -0.0433818 0.1941909
0.0216834 0.3512536 0.0000000 0.2969818 0.6536654 0.3415275 -0.1709354 0.1250984 0.1779078 0.0425196 -0.2119982 -0.2471280 0.5749753 0.4612445 -0.3533669 -0.2571598 -0.0165347 -0.2570622 -0.2498251 0.5973780 -0.3352390 0.2609292 -0.3238920 -0.2794784 -0.3437431 -0.2440294 0.1418911 -0.0125455 -0.5894288 0.0792199 0.5318711 0.2298541 -0.2219731 -0.4683611 -0.2418172 -0.4072051 -0.2641046 0.1484537 -0.2287684 -0.3684420 0.6173885 -0.3343589 -0.2189970 -0.4304131 -0.1298747 -0.2378362 -0.2711971 0.6362534 -0.1919737 -0.5495934 -0.3501812 -0.2803793 -0.1858197 -0.3603995 0.1464711 -0.2720769 -0.2496287 -0.4293224 0.8078103 -0.3889496 0.4106321 -0.3756405 0.7266902 -0.3384133 -0.1789546 0.0402435 -0.3988838 -0.3036236 0.0012978 -0.3957301 -0.3371793 -0.3736399 -0.2305353 -0.2175901 -0.0068681 -0.3604084 -0.3534683 0.0458992 -0.0946743 -0.1888665 0.1756287 -0.1097643 -0.3712905 0.0937797 0.0547050 -0.2208460 0.3153156 0.5018611 -0.1788813 -0.0490333 0.0034193 0.1786080 0.1376395 0.1834420 -0.5281540 -0.2163272 0.3507929 0.0052395 -0.3297280 0.0213661 -0.2058710 0.0681146 -0.4838346 -0.2437189 0.3764949 -0.5510582 -0.3566552 -0.4389026 0.0399055 -0.2775717 -0.3059920 -0.5174876 -0.7183085 -0.6444111 -0.2289199 -0.7552755 -0.6964679 -0.3619838 -0.7537700 -0.3728535 -0.6941588 -0.7770921 0.6964271 -0.8627511 -0.1865172 -0.4594856 -0.6258281 0.4920159 0.3496683 -0.5593620 -0.3494169 0.3770418 -0.1548926 -0.4400562 0.5746980 0.4521794 -0.0271382 0.3779605 0.3979541 -0.2839850 0.3470655 0.4213529 0.2532462 -0.0569946 0.2824356 0.0477749 0.3429340 0.4191353 0.4433015 0.1714156 -0.0188399 -0.1286405 0.1437003 0.2905805 -0.1540479 0.1421911 0.2301811 0.2052479 0.1851997 -0.0144444 -0.1860581 0.1041665 -0.0754927 0.1409417 0.0094344 0.2764597 -0.1733356 0.3097479 0.1075514 0.1255330 0.1253203 0.1687599 -0.0035828 0.2820426 0.3371922 0.5744412 0.1655010 -0.1903929 -0.2018220 0.1341409 -0.0145053 0.0536412 0.6365174 0.5229660 0.9072555 -0.0967389 0.3536083 0.1151602 -0.2505931 -0.3478010 -0.5622388 -0.2630662 0.4365815 -0.4725281 -0.5069079 -0.4799328 -0.5845556 0.1452263 0.0765740 -0.5255834 0.7918330 0.4835975 0.2683973 0.1594021 0.6885157 0.4808469 0.5896402 0.7771074 0.7229701 0.2991765 0.2398188 -0.1748474 0.7377199 0.0570277 -0.4161247 0.8493359 -0.2640833 0.2008725
-0.4829257 0.8092026 0.2969818 0.0000000 0.4155564 0.8091952 0.3164951 0.7446833 0.5895515 0.7003152 0.6269391 0.5344919 0.8259316 0.5383142 0.1438391 0.3342024 0.7810132 0.2146041 0.4615252 0.2586947 -0.0832010 0.4502449 0.5464025 0.2934210 0.3247155 0.5269762 0.7457167 0.2650495 0.3317680 0.7764918 0.2813505 0.6325491 0.4594992 0.5098154 0.6422628 0.2160613 0.5979086 0.7697368 0.6113178 0.5297130 0.5893118 0.3258557 0.6507221 0.3852689 0.6042128 0.6046409 0.6096279 0.7137824 0.7102855 0.3733482 0.5596792 0.6797131 0.6679657 0.5090273 0.7883976 0.5971742 0.5777215 0.5448489 0.1617306 0.5143998 0.5102171 0.4904076 0.2587168 0.5899810 0.5494004 0.4604587 0.4164853 0.5119344 0.3116892 0.4606361 0.4444750 0.6543408 0.6043389 0.6666341 0.5056936 0.5168645 0.6369781 0.6619557 0.7602678 0.6920153 0.6625787 -0.0640670 -0.0886818 0.3282581 0.1156141 -0.2678282 -0.1680719 -0.1144228 -0.1525612 -0.0579539 -0.4129854 0.0744352 -0.4192237 0.0103366 -0.1808203 -0.3296812 -0.0815506 -0.4237914 -0.1843203 0.2112470 -0.1028278 -0.4229055 -0.3688840 0.2534501 -0.4369686 -0.0628821 -0.2605192 -0.1896940 -0.3051792 -0.4680350 -0.1969922 -0.0869805 -0.1763863 -0.3388670 -0.3591359 -0.5094441 -0.5643414 -0.5223602 -0.4404041 -0.3863616 -0.1939239 -0.1437980 0.0196219 -0.0597071 -0.3283944 0.0207502 -0.0993947 -0.2244121 0.2836303 0.1504450 0.1814940 -0.1078601 -0.0610439 0.4234520 -0.0165061 -0.1509933 0.1245004 0.1632918 -0.0691641 0.1040615 -0.2355017 0.1632934 -0.0400661 0.0902961 0.1462138 0.0469977 0.0174241 -0.2010310 -0.1552273 -0.1447780 -0.1169703 -0.3858581 0.1197161 -0.2880944 -0.1167327 -0.1465166 0.1804989 -0.3047576 0.0261416 -0.0115957 -0.5586517 -0.1110965 -0.1790371 0.2711182 -0.3844763 -0.2265401 -0.1602304 -0.1503645 0.1584839 -0.0152566 -0.4995572 -0.1801782 -0.1808520 0.2761229 0.5957987 0.5598513 0.3314714 0.1278361 -0.0831533 0.1888620 0.1552236 0.4505735 0.3136977 0.4161622 0.0808921 0.3389639 -0.0990834 0.3331956 0.7018892 0.6192503 -0.0809292 0.6544697 0.3923565 0.1184732 0.0864530 0.1666223 0.0057031 0.5947375 0.8814156 -0.1119259 0.3709876 0.2514331 0.3983207 0.2993756 0.1558557 0.4568771 0.1293081 0.3160126 0.3776983 0.2571271 0.1683070 0.3713193 -0.0108088 0.2864567 0.3974943 0.1200142 0.0252327 0.1361086
-0.1003648 0.3501123 0.6536654 0.4155564 0.0000000 0.4695714 -0.2543766 0.0854037 0.0416140 0.0971225 -0.1161974 -0.1730084 0.3408645 0.4249284 -0.1839547 -0.1943453 0.1153818 0.1546778 -0.1106382 0.6597740 -0.0776063 0.4027081 -0.2025668 0.0177783 -0.1769967 -0.1068041 0.5681908 0.1250193 -0.3861508 0.4006380 0.7676858 0.0540138 -0.0365959 -0.2569069 -0.0688256 -0.0035743 -0.1585385 0.1445638 -0.0133747 -0.0811943 0.3155987 -0.1870725 -0.0554028 -0.1228821 -0.2246667 -0.1155312 -0.1462021 0.3070003 -0.0585674 -0.3184414 -0.2094952 -0.1566790 -0.1879395 -0.2868427 0.1528201 -0.2494336 -0.2552838 -0.3383505 0.5220223 -0.2802027 0.3910100 -0.3197237 0.7764286 -0.3156337 -0.0718315 -0.1136677 -0.3406803 -0.3167081 0.0009973 -0.3577280 -0.2238528 -0.2035071 -0.2096401 -0.0468170 0.0539857 -0.3353093 -0.2677730 0.2400445 0.0190078 -0.2262321 0.4833922 0.1150216 -0.3273455 -0.0589467 -0.0697806 -0.2447500 0.4666361 0.3322195 -0.2321741 0.0517539 0.0092090 0.0357651 0.0985974 0.0342164 -0.4667269 -0.0625088 0.2838255 -0.1799830 -0.3208652 -0.0732535 -0.1470352 0.0148363 -0.3733430 -0.1137298 0.4092970 -0.1078869 -0.4000447 -0.2330685 0.1219789 -0.4676109 -0.2361262 -0.3513039 -0.4652819 -0.6395320 -0.5498546 -0.7363230 -0.5783392 -0.5080305 -0.5639740 -0.0286213 -0.4369460 -0.5157169 0.4990642 -0.6786101 -0.0918699 0.0691258 -0.3982214 0.1938662 0.6941570 -0.2767121 -0.0566567 0.0881256 0.1168806 -0.0785189 0.3980324 0.4029039 0.1782929 0.3762541 0.4729643 -0.0265659 0.2071122 0.3147955 0.2169075 0.2476473 0.2726627 0.4408943 0.2073234 0.4106407 0.2167972 0.0519749 0.1987577 -0.0823497 -0.1093771 0.4075898 0.0818064 0.3126527 0.0479847 0.1029468 0.0100005 0.2565509 -0.0570301 0.0030307 0.3580667 0.1228590 -0.1110492 0.3353375 0.1898798 -0.0293089 -0.1583581 -0.0240934 -0.0588317 -0.0957873 0.0675972 0.3113151 0.4428170 0.4295855 0.2949530 0.1249098 0.0828701 0.5235707 0.2777686 0.1449752 0.4901792 0.5919596 0.5688857 0.1197693 0.3544557 0.3128597 -0.0361280 -0.0195464 -0.0046771 0.0172707 0.6104947 0.1995020 0.1212165 0.1986232 0.0116887 0.5152271 0.1469259 -0.1451239 0.7934041 0.4432479 0.3176519 0.6326223 0.3597928 0.4146473 0.6737516 0.6003041 0.6785335 0.4311279 0.0506953 0.4039818 0.4756743 0.2155526 -0.0636141 0.4027982 -0.0838831 0.4948981
-0.1833140 0.5449841 0.3415275 0.8091952 0.4695714 0.0000000 0.2753683 0.4021949 0.7339158 0.7765219 0.3866685 0.5413136 0.6513146 0.8405365 0.3557406 0.0854663 0.6017194 0.3822781 0.1796200 0.4077056 -0.0437170 0.2590203 0.2113399 0.4812427 0.0953080 0.2675054 0.6286293 0.4687016 0.2261780 0.7471917 0.3652765 0.4711552 0.5071009 0.2985117 0.3079289 0.0382995 0.3089420 0.5231790 0.2955328 0.3344946 0.4330040 0.1556380 0.3313522 0.3770521 0.3063496 0.2697874 0.2756051 0.5256686 0.6344252 0.0541211 0.2474767 0.3487680 0.3350278 0.1702973 0.4777087 0.2265760 0.2590522 0.2331029 0.3984904 0.1970093 0.5488507 0.1728678 0.4670024 0.2919331 0.3549927 0.2114073 0.0843809 0.1493834 0.2351359 0.1036032 0.1207177 0.4188745 0.2852103 0.4539713 0.2314050 0.1831683 0.4362251 0.3955472 0.4457413 0.3311244 0.4375822 -0.1291184 -0.2471609 0.2224259 0.0195079 -0.3617425 -0.0300916 -0.0693902 -0.2203964 -0.1777071 -0.2754997 0.0137057 -0.3308034 -0.1230326 -0.2835845 -0.2916674 -0.0172870 -0.4363598 -0.2162047 -0.1264593 -0.2803575 -0.4604568 -0.5796060 -0.1137197 -0.1912866 -0.1945900 -0.5058103 -0.2082860 -0.3536138 -0.4278364 -0.2334449 -0.3937870 -0.2243011 -0.3203896 -0.3845028 -0.5745366 -0.5174380 -0.6172070 -0.5361824 -0.4901231 -0.1998689 -0.0768338 0.0599513 -0.2211562 -0.3502364 -0.2491090 -0.1671881 -0.2392220 0.1070698 0.0064707 0.0087279 -0.1570432 -0.1166484 0.1599656 0.0557919 -0.0411825 -0.0605707 -0.0780877 -0.1943710 -0.1638468 -0.1351635 -0.0539302 -0.1552193 -0.1644770 -0.0797908 0.0454454 -0.1057376 -0.1682236 -0.1081241 -0.2699374 -0.2337147 -0.5490498 0.0075425 -0.1115552 -0.0343611 -0.1550864 -0.0587215 -0.3830383 -0.1820141 -0.2835059 -0.3006220 -0.1803236 -0.1929758 -0.0302596 -0.3518052 -0.2728029 -0.2160829 -0.1799838 -0.1001494 -0.1591069 -0.4375637 -0.1897117 0.0531968 0.3645887 0.5032018 0.5102920 0.2279023 0.1243910 -0.2110929 0.1315675 -0.0692560 0.2871021 0.4263928 0.5338642 0.2437011 0.2811297 0.2134902 0.3671205 0.6354536 0.5023820 -0.3523613 0.5709402 0.5011137 0.0688626 -0.1658209 -0.0346565 -0.2462697 0.5462281 0.5554455 -0.3781418 0.3612878 0.5635904 0.4488548 0.2154320 0.1463464 0.3558790 0.1809327 0.4394096 0.4464333 0.4719941 0.3141980 0.1550521 0.0742237 0.1703962 0.0713022 0.2138021 -0.0096583 -0.0217098
-0.4156367 0.3967058 -0.1709354 0.3164951 -0.2543766 0.2753683 0.0000000 0.1019208 0.5199676 0.3518908 0.1456811 0.6924399 0.3248753 0.3256271 0.5253320 -0.1616842 0.1878403 0.2321229 0.0033881 -0.1298135 -0.2307320 -0.0289568 0.0921794 0.2735298 -0.0424304 0.0709692 0.0675487 0.1941721 0.5753964 0.2029978 -0.2772055 -0.0195234 0.4723678 0.5884370 0.2225608 -0.0014963 0.2131191 0.3003212 0.2059732 0.2224091 -0.0913813 0.2892048 0.2526253 0.4137471 0.2663216 0.1717010 0.1289257 0.2927773 0.5967791 0.2659004 0.2579982 0.3619644 0.2814017 0.3005044 0.5048149 0.3183986 0.1641204 0.3838439 -0.0645964 0.2959769 -0.2790318 0.4118897 -0.2933374 0.3529003 0.0292601 0.0437235 0.2793644 0.3156828 -0.0004429 0.3317373 0.1707325 0.4167995 0.2637626 0.1302807 -0.1209422 0.3184575 0.5202179 0.0093043 0.2303227 0.3600044 -0.0684185 -0.2914606 -0.1642763 -0.0091214 -0.2277605 -0.3368165 -0.6778531 -0.3352587 -0.3393782 -0.4543708 -0.5921963 -0.3846481 -0.6153007 0.0120686 -0.3003741 -0.4449849 -0.4451449 -0.2385274 -0.3251101 0.1608426 -0.2227348 -0.5096564 -0.2535333 0.0798889 -0.6369814 -0.1919641 -0.1885671 -0.3388445 -0.5898380 -0.0882049 -0.3412147 0.0423018 -0.1519680 -0.1031434 0.3075423 -0.0499345 -0.1967183 0.1745566 -0.1192477 -0.1001498 -0.1212922 -0.1237513 -0.0593239 0.2517933 0.1867877 -0.2803442 -0.1554645 -0.1681920 -0.1112247 -0.0579580 -0.0990377 -0.1896959 -0.3394480 0.1577440 -0.4070181 -0.3373318 -0.2731528 -0.0868622 -0.4001440 -0.1158222 -0.2336822 -0.1488113 -0.1942292 -0.3126416 -0.1019868 -0.4268845 -0.2313443 -0.4069324 -0.2214684 -0.1141583 -0.3247961 -0.4067538 0.1299196 -0.3578665 -0.1929973 -0.5511314 -0.0015689 -0.2071316 0.0001869 -0.4442588 -0.3026411 -0.0394728 -0.6419046 -0.1105955 -0.0913616 -0.7063740 -0.4257336 -0.1424043 0.1867712 0.0228975 -0.3008072 -0.0278178 -0.4036479 0.3040315 0.6532391 0.3100836 -0.1141715 -0.3133362 -0.5204320 -0.4099974 -0.2859622 0.2786662 0.1854020 0.1024204 -0.2024599 -0.2868005 -0.5147480 -0.4719445 0.4738602 0.6148215 -0.0719986 0.5895658 0.2551843 -0.0569819 -0.1608809 -0.0617360 0.1022803 0.4810466 0.2808664 -0.1979415 -0.1365199 -0.0720900 -0.0294423 -0.1958529 0.1479977 0.0910073 -0.4723743 0.0734622 -0.2123528 -0.2648808 0.1194793 -0.1386811 -0.0784330 -0.0234734 -0.1982081 -0.1180476 -0.3540918 -0.4672971
-0.2450883 0.7106441 0.1250984 0.7446833 0.0854037 0.4021949 0.1019208 0.0000000 0.3195991 0.5654535 0.8494063 0.2524229 0.7309555 0.0577051 -0.0721443 0.8005226 0.8929436 -0.0215558 0.8319540 -0.0862809 -0.1364692 0.3869580 0.8590674 0.0131407 0.6954946 0.8303605 0.6747686 -0.1593117 0.2450141 0.4845468 -0.0237116 0.8976142 0.2032450 0.5458941 0.8086918 0.3163291 0.8549355 0.8721115 0.8125104 0.5765788 0.5475251 0.3212282 0.8174252 0.2426297 0.6222352 0.8496158 0.8388735 0.6106450 0.6182216 0.6198188 0.7473848 0.7957191 0.8946596 0.7485763 0.8039560 0.8160528 0.8377187 0.6938584 -0.2387963 0.7546829 0.4827682 0.7074538 0.0474784 0.7623130 0.6886098 0.7380806 0.7065853 0.7409646 0.4127865 0.6684605 0.7726154 0.7489189 0.8365298 0.8165284 0.8341533 0.6870708 0.6054289 0.8537939 0.8292592 0.8283996 0.6956678 0.0989339 0.1859379 0.3649909 0.2782549 -0.0123780 -0.1235256 -0.2223962 0.0649645 0.1210174 -0.2527473 0.1146167 -0.4277685 -0.0007186 0.1699034 -0.2802148 -0.2269600 -0.3385747 0.0175217 0.3757452 0.1614943 -0.2565667 -0.0383177 0.3701341 -0.4922291 0.0826149 0.0881926 -0.0070866 -0.0851244 -0.1797446 0.0227278 0.2813895 0.1413160 -0.1276061 -0.3290165 -0.1876627 -0.2804409 -0.4057684 -0.0897418 -0.3527250 -0.0020956 0.0181961 -0.1256602 0.1659627 -0.4303341 0.3039397 0.0338063 -0.2368592 0.0397334 0.2438356 0.1799168 -0.0614097 -0.1122824 0.4863313 -0.0447112 -0.1934149 0.0360304 0.0779322 -0.1707963 0.1848207 -0.3349719 0.0548882 0.0230118 0.3843302 -0.0450986 0.2438938 -0.1713610 -0.3871547 -0.2145649 -0.1803607 -0.0885524 -0.0139934 -0.1098501 -0.3742347 -0.2211768 0.2079838 0.1864989 -0.3442468 0.0589546 0.0971492 -0.6407477 -0.2516028 0.1092941 0.2332016 -0.4702906 0.0515578 0.1239335 -0.0473348 0.1878614 -0.1423457 -0.3519345 -0.1378723 0.0234856 0.1734752 0.3111557 0.0865958 0.3112263 0.2007812 0.1624318 0.1069956 0.3626615 0.3475492 -0.1564243 -0.0064383 -0.1892016 0.4231145 -0.0735000 0.4168383 0.6170349 0.3417236 0.1635210 0.3975576 -0.1751510 0.1264741 0.3057374 0.2904596 0.1564331 0.1717670 0.8632167 0.2695975 0.1913073 -0.0472744 0.2936032 0.3050083 -0.1840052 0.3894717 -0.1240832 0.0422848 0.2135063 0.1908007 0.1131071 0.4290345 -0.3632030 0.3233246 0.6405313 -0.0177234 0.0859826 0.1218306
-0.2514342 0.6291777 0.1779078 0.5895515 0.0416140 0.7339158 0.5199676 0.3195991 0.0000000 0.7459639 0.3263707 0.7681304 0.5797108 0.6978976 0.6533961 0.0186733 0.3759851 0.3936682 0.0877522 0.3582025 -0.0084329 0.3299197 0.1420950 0.6667811 -0.0095206 0.1509517 0.1675177 0.5319182 0.5162719 0.5732372 0.0168160 0.3207061 0.7450010 0.4658125 0.1540373 0.1522015 0.2231327 0.3945633 0.0699054 0.3824480 0.3548262 0.3954994 0.1210037 0.6188904 0.5376638 0.2037508 0.1960541 0.3839715 0.7973021 0.1223190 0.1509522 0.2642458 0.4124398 0.2498683 0.3097565 0.2622730 0.2969942 0.4075538 0.2183569 0.1706011 0.5807080 0.2252580 0.0959057 0.4199291 0.4920739 0.3788702 0.1206806 0.3026740 0.4137810 0.2837122 0.1668081 0.4373509 0.3273991 0.4979300 0.2111181 0.3416397 0.5270385 0.3499940 0.5361651 0.3597149 0.3299969 -0.0013614 0.0452557 0.2542216 -0.0072569 -0.1678187 -0.3755819 -0.1859289 -0.1341057 -0.1623988 -0.2569153 0.0765130 -0.1918098 -0.0727685 -0.1750038 -0.1055924 0.0467771 -0.0922724 -0.0257422 -0.1103020 -0.2121408 -0.2165234 -0.1833223 -0.0412673 -0.2531687 -0.0389664 -0.1265385 0.0769302 -0.3550732 -0.0136793 -0.1004861 -0.1954361 -0.0470163 0.0896079 0.1532589 -0.1503007 -0.1062238 -0.0429190 -0.1557160 -0.2413759 0.1402039 0.1292275 0.1172829 0.0124099 0.0005682 -0.4616050 0.1453907 -0.0247463 -0.0913157 0.2127677 0.2191845 0.1320840 0.1292573 0.1095659 0.1116354 0.0398174 0.0122169 0.0485753 -0.1407072 0.0234297 0.0214571 0.0112868 0.0559614 -0.3096704 -0.0123585 -0.1676818 0.0751523 -0.1314346 0.0408257 0.0100151 -0.0441186 -0.4217550 0.3569774 -0.1460151 0.1580351 -0.2963284 0.2740437 -0.2142356 0.1525744 -0.1907180 -0.0534595 0.1891041 -0.3724012 0.1990680 0.0702181 -0.3459150 -0.2839592 0.0347779 0.2943881 0.2322108 -0.1569492 0.1836334 -0.2704632 0.1592027 0.4978773 0.3894950 0.1449843 0.0762505 -0.1597731 -0.0726969 -0.1421428 0.2739771 0.3669035 0.2463660 0.1403516 0.3806460 0.0413909 0.2583625 0.5124227 0.5064316 -0.4834028 0.4051780 0.1385517 -0.2119737 -0.3507970 -0.3008414 -0.3630713 0.1674529 0.5489583 -0.2937092 -0.0222627 0.1432550 -0.0147082 -0.3000948 0.0254541 0.1120436 -0.0852256 0.1216082 0.1120074 0.0093828 0.0369371 -0.2416441 -0.0323802 -0.0678127 0.0083394 0.1154420 -0.0859805 -0.1980497
-0.0484051 0.4585534 0.0425196 0.7003152 0.0971225 0.7765219 0.3518908 0.5654535 0.7459639 0.0000000 0.7431496 0.5735111 0.6347856 0.5657293 0.4780412 0.4668431 0.7860327 0.2224608 0.5590864 0.3380498 -0.1266498 0.4436289 0.5692062 0.5029950 0.5393423 0.6609900 0.4820355 0.1875580 0.5265015 0.4582320 0.2904614 0.5680623 0.5154184 0.6585247 0.6104559 0.4354106 0.6568914 0.7345435 0.4764189 0.3997291 0.3420203 0.5676160 0.5607006 0.5085338 0.5426232 0.6100724 0.6089484 0.3975343 0.8077867 0.4520664 0.6084466 0.6300013 0.5523665 0.5282267 0.5537836 0.5998371 0.6581446 0.6314269 -0.0656193 0.6184119 0.5753169 0.5918499 0.2361080 0.6917941 0.5171329 0.6694648 0.5699768 0.5713947 0.6110071 0.5678988 0.6033196 0.7135196 0.6936425 0.7817943 0.5022446 0.6245992 0.7388801 0.5818518 0.6803570 0.5490696 0.4179173 -0.1157198 -0.0847630 0.0675662 -0.1195791 -0.3419028 -0.3885598 -0.4905376 -0.3503667 -0.2630378 -0.4876581 -0.2449627 -0.5031942 -0.3051051 -0.1860816 -0.3151067 -0.2942336 -0.4984627 -0.2685136 -0.1812191 -0.3587892 -0.5128202 -0.2653575 -0.1002298 -0.4457949 0.0411027 -0.3012112 -0.0156714 -0.5291786 -0.3525116 -0.2722458 -0.1364977 0.0225622 -0.1375068 -0.2822978 -0.2711218 -0.2082961 -0.3623991 -0.0368653 -0.4200472 0.1561737 0.1653939 -0.2352618 0.1668653 -0.1997920 -0.1329502 0.0364489 -0.3670816 -0.2521954 0.3435719 0.2471686 -0.2110701 -0.0614549 0.3869264 -0.1360715 -0.1751800 -0.1263889 -0.2201264 -0.4395462 0.0524955 -0.2987347 -0.2052445 -0.1743932 0.0348027 -0.3210253 0.2010326 -0.2597010 -0.4173387 -0.3543166 -0.2291072 -0.1330012 -0.3496362 -0.0543935 -0.2901287 0.1407174 0.0507911 -0.1160928 -0.5363255 -0.1624290 -0.2338561 -0.2969049 -0.1753269 -0.0110422 -0.1214736 -0.3136187 -0.2283080 -0.0189752 -0.2952993 -0.1206073 -0.2121140 -0.4474848 -0.2141117 -0.0618164 0.0517749 0.2808928 0.0243408 0.0417990 0.2229462 0.0145407 0.2804166 0.0605164 0.4566211 0.2289896 0.3804212 -0.0502011 0.4750893 0.1083448 0.4709046 0.7838078 0.5819907 -0.1935647 0.5519314 0.0397268 0.0730976 -0.0292241 -0.0128982 -0.0876266 0.2077120 0.7036431 -0.0990905 -0.0665259 0.1712697 0.1248884 -0.0024357 -0.2358147 0.1418640 -0.1575207 0.0602695 -0.0308905 0.2411169 0.0029492 0.2697064 -0.2609426 0.1206019 0.3971871 -0.1093640 -0.1368666 -0.1178256
-0.1478064 0.4476164 -0.2119982 0.6269391 -0.1161974 0.3866685 0.1456811 0.8494063 0.3263707 0.7431496 0.0000000 0.3428002 0.5021064 -0.0207311 0.1200413 0.8803874 0.9304040 -0.0552893 0.9079939 -0.0523301 -0.1000289 0.4108547 0.9612824 0.1594124 0.8559474 0.9626101 0.5725357 -0.1749737 0.5060279 0.3411971 0.0317012 0.7516866 0.2672594 0.7412877 0.9175020 0.6127057 0.9653517 0.8321396 0.8432804 0.6266164 0.3408973 0.6218104 0.8823138 0.3814790 0.7079065 0.9315566 0.9461000 0.3274326 0.7094199 0.7875792 0.9035942 0.9257069 0.8672381 0.8852170 0.6639900 0.9058347 0.9647339 0.8811911 -0.5055310 0.9287119 0.4074411 0.8890156 -0.1180480 0.9302113 0.7121457 0.8439720 0.9106960 0.8829679 0.6348857 0.8659078 0.9310497 0.9203693 0.9643470 0.9366753 0.8518509 0.8854911 0.8188945 0.7707834 0.8376115 0.8466207 0.5009099 0.0680464 0.2367042 0.1929946 0.1032900 -0.0357402 -0.2955204 -0.4881693 -0.0234307 0.0567532 -0.3376634 -0.1012525 -0.4436451 -0.1129701 0.2481765 -0.2184253 -0.3592844 -0.4144742 -0.0110062 0.2121978 0.0286618 -0.3683715 0.0946923 0.3367293 -0.5889720 0.2666752 0.0751799 0.1270381 -0.2656064 -0.2291127 0.0009028 0.3181407 0.3393478 0.0576098 -0.2874906 0.0376404 -0.0249741 -0.2940297 0.2430504 -0.2589299 0.3219847 0.3473707 -0.4090283 0.5024808 -0.2951016 0.3593375 0.2623553 -0.4601837 -0.2327418 0.5735198 0.4201270 -0.2590490 -0.0089328 0.7040099 -0.2960910 -0.3630515 0.0744986 -0.1834003 -0.3708298 0.2889486 -0.4529826 -0.1496321 -0.1970972 0.4206121 -0.2133355 0.2931474 -0.2635239 -0.4914576 -0.4778245 -0.2052898 -0.0306427 0.0015523 -0.1296704 -0.4403338 0.0711306 0.2498164 -0.0306591 -0.4791594 -0.1319786 0.0658083 -0.4429168 -0.2543759 0.1994949 0.0481607 -0.4121661 -0.0308875 0.2152733 -0.2970391 -0.0413576 -0.2376673 -0.4581798 -0.2980926 -0.0533798 -0.1438287 0.0814193 -0.1979385 0.0583996 0.2334488 0.2600461 0.2911212 0.3486875 0.5051715 -0.2076512 0.0456475 -0.4419989 0.4739789 -0.1970206 0.4088811 0.7981154 0.5603722 0.2578604 0.5224248 -0.3246693 0.2025710 0.3702260 0.3249456 0.2642857 0.0669579 0.7954143 0.3620312 -0.2234220 -0.2342554 0.0512751 0.0913205 -0.4955457 0.0790031 -0.2911364 -0.2420979 -0.2204085 0.0345715 -0.1336418 0.4909768 -0.6010109 0.2588996 0.8191310 -0.3675449 -0.0404536 -0.0322733
-0.4495777 0.5348517 -0.2471280 0.5344919 -0.1730084 0.5413136 0.6924399 0.2524229 0.7681304 0.5735111 0.3428002 0.0000000 0.4017242 0.5262663 0.7731445 -0.0206362 0.3530287 0.5718384 0.1225026 0.0097519 0.3797437 0.1756127 0.2685973 0.7942138 0.0578640 0.2010313 0.1686115 0.7141324 0.8500602 0.6699247 -0.2437268 0.0861040 0.9362718 0.7227381 0.3158635 0.2233073 0.3022197 0.2919019 0.2272276 0.6895121 -0.0746775 0.3604100 0.2930807 0.8793572 0.6279372 0.3043508 0.3206273 0.1092509 0.8416439 0.4615827 0.3339556 0.4644588 0.5106984 0.4763775 0.3842882 0.4018579 0.3390994 0.6048151 -0.1323422 0.3446502 0.2726312 0.4300624 -0.2651780 0.5130222 0.5808115 0.1860579 0.2896739 0.4348839 0.2958995 0.4505376 0.2520333 0.5831166 0.3980445 0.4875209 0.1080348 0.4693631 0.5871359 0.2005976 0.5332634 0.4141382 0.2526316 -0.0791059 0.0174063 0.0597371 -0.2125357 -0.2255035 -0.6160819 -0.4592389 -0.1630880 -0.2861863 -0.3979587 -0.0774691 -0.3360098 -0.1993550 -0.0797133 -0.1608373 -0.1994654 -0.1985971 -0.0260815 -0.1091531 -0.1564570 -0.3299671 -0.0854150 0.1740715 -0.5558693 0.0552381 -0.1007644 0.0836359 -0.4816693 -0.0840343 -0.1599379 -0.0320083 0.0807399 0.2582741 0.2632276 0.0793886 0.1129898 0.1591589 0.0241760 -0.0045662 0.2946270 0.3192860 -0.2632606 0.3317205 0.2216922 -0.2240273 0.3371908 -0.3499444 -0.0396026 0.3587814 0.3603943 -0.1796698 0.1133414 0.2783368 -0.2950341 -0.3156462 -0.0077445 -0.0546827 -0.2459268 0.1460617 -0.3104183 -0.1336471 -0.0808464 -0.3733059 0.0117007 -0.3934149 -0.0071982 -0.3134743 -0.2507448 -0.0773458 -0.0590314 -0.4968606 0.3645833 -0.4620257 0.1319079 -0.5316873 0.1506384 -0.2787272 0.0274538 -0.0803073 -0.1231008 0.1454087 -0.5036799 0.2458103 0.0287791 -0.6526709 -0.4485093 -0.2286504 0.2917059 0.2331737 -0.3607855 0.0050491 -0.3788659 0.0335541 0.5236532 0.3387813 0.3346036 0.2853659 -0.0928304 -0.1632329 -0.2028052 0.1908633 0.0219800 -0.0651891 -0.3354533 0.3732625 -0.2523608 0.0584883 0.5126100 0.7246456 -0.0461312 0.4923328 0.1085248 0.2036410 -0.0029159 0.0930539 0.1368101 0.3161794 0.5391669 -0.0363580 -0.2834602 -0.1032435 -0.1677144 -0.2508448 -0.1608797 -0.1159424 -0.2655814 -0.2450694 -0.2013219 -0.1607060 -0.1458922 -0.0539720 -0.2697166 -0.2288297 0.1567361 -0.3538820 0.1710451 -0.0293240
-0.3332466 0.7933208 0.5749753 0.8259316 0.3408645 0.6513146 0.3248753 0.7309555 0.5797108 0.6347856 0.5021064 0.4017242 0.0000000 0.5779510 0.1115870 0.2608269 0.6577890 0.0579409 0.4248823 0.3373450 -0.2091090 0.5070728 0.4171640 0.1353291 0.2999411 0.4532024 0.5352216 0.1295039 0.1717150 0.5072334 0.2925951 0.6659221 0.3180289 0.3912137 0.5219105 -0.0117046 0.5019033 0.8022171 0.4571097 0.2639784 0.6125163 0.1602139 0.5226622 0.2061546 0.5093479 0.5259717 0.4929408 0.8415610 0.5503670 0.2707742 0.4484856 0.5069191 0.5401987 0.3670319 0.8070509 0.5407831 0.4998113 0.3811271 0.3367182 0.4154317 0.5328051 0.3819239 0.3668002 0.4466869 0.3877386 0.5315263 0.3470271 0.4075954 0.3154317 0.3409630 0.3732730 0.4219052 0.5215113 0.5025058 0.4104560 0.3824208 0.4036667 0.5201446 0.5818457 0.5054360 0.4977354 -0.2570024 -0.3052455 0.1233257 -0.0656805 -0.4492829 -0.3090011 -0.1435495 -0.3743144 -0.3057118 -0.5354351 -0.0848649 -0.4744173 -0.1238574 -0.4461363 -0.5373282 -0.1921427 -0.4491299 -0.4213887 0.0547863 -0.3168752 -0.4352402 -0.4806809 -0.0343714 -0.4080684 -0.3714614 -0.3777969 -0.4055383 -0.4436571 -0.4736520 -0.4545684 -0.2973815 -0.4768398 -0.5131135 -0.3120545 -0.6421554 -0.6110514 -0.4347688 -0.5278575 -0.5568429 -0.4029444 -0.4362923 0.1377748 -0.3384741 -0.3074995 -0.2962155 -0.3729942 -0.0830353 0.0945706 -0.1522903 -0.0844666 -0.0254776 -0.2664916 0.0395189 0.0601432 -0.0879623 -0.1892590 0.1124063 -0.1289972 -0.1272125 -0.2332826 0.0963483 0.0087742 -0.0705603 -0.0124853 -0.0642786 -0.0355608 -0.2469361 -0.0993797 -0.1553645 -0.2365414 -0.4250776 0.0704726 -0.3490283 -0.2721617 -0.0983684 0.1395423 -0.3369104 0.0388373 -0.1444932 -0.6487000 -0.1403581 -0.2540997 0.1453693 -0.3572210 -0.2081698 -0.3350894 -0.0757559 0.1567518 -0.0464525 -0.4072035 -0.1125415 -0.2061937 0.3615190 0.6239944 0.5009732 0.3077379 0.0685441 -0.1956769 0.0643154 -0.0235750 0.2824439 0.3898163 0.3651493 0.3475486 0.2614151 0.0853241 0.3190354 0.4404479 0.3066553 -0.3209194 0.3145440 0.3102067 -0.1272477 -0.1977761 -0.1363899 -0.2079562 0.3804545 0.7441385 -0.3080116 0.4800858 0.3019488 0.3159419 0.1786220 0.3025305 0.4595473 0.0519579 0.4407474 0.4306280 0.2995367 0.1811942 0.1341330 0.1952663 0.0738911 0.1176138 0.3571972 -0.1008997 0.1735286
-0.1177863 0.3864083 0.4612445 0.5383142 0.4249284 0.8405365 0.3256271 0.0577051 0.6978976 0.5657293 -0.0207311 0.5262663 0.5779510 0.0000000 0.4963997 -0.3161600 0.2203935 0.5207067 -0.1596009 0.4318932 0.0832724 0.1179869 -0.1862919 0.5508663 -0.1980980 -0.0914657 0.3071389 0.6513047 0.1439480 0.5692398 0.3313597 0.1209749 0.5290902 0.1208273 -0.0405665 -0.3038074 -0.0770931 0.2293864 -0.0738247 0.0554568 0.1607151 -0.1575584 -0.0163467 0.3316792 0.0605408 -0.0680377 -0.0847254 0.3783653 0.4020727 -0.1698684 -0.0726577 -0.0256852 -0.0189629 -0.1896136 0.2772424 -0.0772856 -0.1096283 -0.0907861 0.6318136 -0.1381049 0.4319275 -0.1658938 0.5117465 -0.0771388 0.0790478 -0.0942912 -0.2468854 -0.2040165 -0.0204591 -0.2304343 -0.2414082 0.0143434 -0.0826389 0.0885924 -0.2107417 -0.1666741 0.0715511 0.0031533 0.0781058 -0.0811042 0.1735054 -0.3880429 -0.5642727 -0.0927643 -0.2899534 -0.5921084 -0.1747736 -0.1292562 -0.4666652 -0.5113194 -0.3728540 -0.1545472 -0.3170546 -0.3676458 -0.6004303 -0.4252766 -0.0796220 -0.4341581 -0.4281409 -0.4581015 -0.5437109 -0.4567575 -0.7380560 -0.4792972 -0.1166560 -0.4936320 -0.6927615 -0.3823585 -0.4893253 -0.4431039 -0.5000094 -0.6916483 -0.5218302 -0.4084843 -0.2723272 -0.6637506 -0.4698197 -0.4396884 -0.6362597 -0.5114691 -0.3755240 -0.2962508 0.0770092 -0.5105270 -0.1825898 -0.6183014 -0.3698385 -0.1697354 0.0423098 -0.3235732 -0.2508983 -0.1649664 -0.2457993 -0.3267258 0.0663442 -0.0173163 -0.3519106 -0.1181827 -0.2070109 -0.4270316 -0.1399895 -0.1562627 -0.1287986 -0.5485888 -0.1739632 -0.2050309 -0.1114540 -0.1398908 -0.0586861 -0.3030757 -0.3520583 -0.7423180 0.0157601 -0.1525573 -0.1593815 -0.3653913 -0.1608158 -0.3588988 -0.2157822 -0.4118613 -0.2460858 -0.1517571 -0.3951864 -0.1479467 -0.2418213 -0.4395232 -0.5119759 -0.1854461 -0.1209664 -0.1233856 -0.3650607 -0.1396244 0.0166922 0.4198268 0.5175563 0.5357012 0.2758192 0.1473461 -0.3932444 -0.0772156 -0.4220805 -0.0863622 0.4785510 0.4050876 0.4530262 0.1831767 0.4277364 0.2981276 0.2577659 0.2300077 -0.5621244 0.2310652 0.6035418 -0.0106026 -0.4312548 -0.2534411 -0.3811807 0.4652368 0.2435827 -0.6379877 0.4317679 0.6890028 0.3552119 0.1040984 0.3117507 0.1938498 0.1595974 0.4552644 0.4909133 0.5233364 0.3153180 -0.1354148 0.3103060 -0.2156675 -0.3488475 0.3162476 0.0643872 0.0865891
-0.2989057 0.2465502 -0.3533669 0.1438391 -0.1839547 0.3557406 0.5253320 -0.0721443 0.6533961 0.4780412 0.1200413 0.7731445 0.1115870 0.4963997 0.0000000 -0.1548450 0.0827137 0.7424346 0.0663053 0.1094625 0.3456197 0.2099070 0.0329341 0.8770874 0.0822913 0.0669729 0.0244288 0.6294422 0.7778342 0.3788669 -0.1084042 -0.1958173 0.8172943 0.6284350 0.1120850 0.1852079 0.1074746 0.1010460 0.0412724 0.3742496 -0.4182506 0.2947886 0.0704667 0.8249347 0.3152962 0.1540369 0.1284822 -0.2520432 0.6123077 0.3781321 0.1709351 0.1348333 0.1351237 0.1102538 0.0813262 0.1894466 0.1171477 0.3231695 -0.1049274 0.1555676 0.1668569 0.1110983 -0.2692163 0.2108299 0.3048722 0.0192883 0.0864781 0.0771275 0.1516487 0.1580131 0.0691332 0.2654853 0.0992254 0.2908425 -0.1747265 0.1660690 0.3123185 -0.0530945 0.1703088 -0.0172938 -0.0126670 -0.2398259 -0.1827518 -0.3713711 -0.5507533 -0.4255238 -0.6476117 -0.6461336 -0.4198025 -0.5165820 -0.4307986 -0.4080444 -0.2793197 -0.5571286 -0.2537893 -0.1999293 -0.3794040 -0.3236595 -0.2071435 -0.5608424 -0.4680712 -0.3806261 -0.0816549 -0.3104258 -0.4099908 0.0387388 -0.2666551 0.0677646 -0.5693168 -0.1325543 -0.3185269 -0.2547650 0.0335247 0.2392580 0.0740560 0.1031821 0.3765721 0.1662925 0.2467448 -0.0073232 0.3926927 0.3960061 -0.3956709 0.2042874 0.1847997 -0.3533341 0.3011964 -0.4834356 -0.3180615 0.2597168 0.2092824 -0.3852416 0.1121523 -0.0563618 -0.4246650 -0.3575110 -0.2803649 -0.3806940 -0.3998104 -0.1161039 -0.3959391 -0.5324644 -0.2715913 -0.5170651 -0.4019696 -0.2914043 -0.2863557 -0.4254204 -0.4320624 -0.3219506 -0.1580486 -0.5700462 0.0184454 -0.4164280 0.1538621 -0.4353850 -0.2188958 -0.4984136 -0.2783232 -0.2029154 0.0625808 -0.0542902 -0.2564017 -0.1471760 -0.0084296 -0.6315906 -0.3666484 -0.4838111 -0.1250389 -0.0472965 -0.3825351 -0.2043996 -0.3332812 0.0797619 0.3684400 -0.0404053 0.0404718 0.2801746 -0.1538381 -0.1420029 -0.4342818 -0.1514901 -0.0159684 -0.1256083 -0.2748968 0.3666283 0.0664243 0.2471379 0.3514705 0.5377542 -0.1167396 0.2604175 0.0785392 0.2525370 -0.0654348 0.0650199 0.1238864 0.1753118 0.1317916 -0.1354480 -0.3486649 -0.0373185 -0.2488197 -0.2609760 -0.4030052 -0.4643965 -0.4947156 -0.3727471 -0.2930317 0.0088035 -0.2468769 -0.1826825 -0.3437181 -0.5211807 -0.0032406 -0.4834114 0.1067089 0.0117211
0.1467192 0.2153457 -0.2571598 0.3342024 -0.1943453 0.0854663 -0.1616842 0.8005226 0.0186733 0.4668431 0.8803874 -0.0206362 0.2608269 -0.3161600 -0.1548450 0.0000000 0.7972187 -0.1703343 0.9099317 -0.2655591 -0.1049274 0.2014592 0.9127065 -0.0857965 0.8776612 0.9143052 0.4590662 -0.4202193 0.2057079 0.1165034 -0.1167203 0.7754004 -0.0318511 0.4749606 0.7613935 0.5251366 0.8627256 0.6574361 0.7457843 0.4674422 0.2815921 0.4117527 0.7424346 0.1289520 0.4376291 0.8139960 0.8249196 0.1733130 0.4203051 0.6651453 0.7568111 0.7227673 0.7589696 0.7601569 0.4600820 0.7466635 0.8480694 0.6861965 -0.6134470 0.8050874 0.3313485 0.7482222 -0.0956737 0.7616737 0.6012240 0.7638389 0.8125505 0.7521730 0.4912940 0.7159632 0.8832967 0.7259108 0.8352670 0.8028489 0.8709763 0.7178457 0.5645032 0.7747742 0.6775034 0.7102717 0.4954147 0.2481687 0.4016416 0.2774270 0.3211460 0.2236790 -0.0044260 -0.3400444 0.2150875 0.2757475 -0.0322272 0.0556088 -0.3031256 -0.0622618 0.4875409 -0.0377995 -0.2655382 -0.2296654 0.2112194 0.2918155 0.2853060 -0.1092365 0.2693343 0.3399260 -0.3617185 0.3716152 0.3057756 0.2879154 0.0826890 0.0428856 0.2587133 0.5174295 0.5358064 0.1607899 -0.2878716 0.2000047 0.1003467 -0.2630470 0.3590119 -0.1738005 0.3457451 0.3739844 -0.3734839 0.4910634 -0.3619168 0.5646547 0.2720280 -0.3142436 -0.2332620 0.4776940 0.2953824 -0.1163475 -0.0154472 0.6108999 -0.1238982 -0.1931259 0.0596676 -0.1340534 -0.2985302 0.3071235 -0.3202219 -0.1163125 -0.0358754 0.5998940 -0.2538483 0.4981052 -0.3193047 -0.4262127 -0.3130919 -0.1705998 0.0299361 0.3104018 -0.3080423 -0.2514830 -0.0180467 0.5051345 -0.0130315 -0.3367707 -0.0475229 0.1358255 -0.3573286 -0.3043703 0.4472216 0.0134201 -0.4064077 0.2795983 0.4828334 -0.0815416 -0.0303450 -0.2949264 -0.1901016 -0.1649484 0.2687656 -0.1361367 -0.2101097 -0.4673783 0.0769963 0.2719579 0.4215426 0.2315555 0.5017197 0.3124685 -0.4675611 -0.1928284 -0.4773517 0.4414214 -0.0227319 0.4368054 0.5451851 0.1741205 0.3831334 0.2485419 -0.5754708 0.2275938 0.4956603 0.3886111 0.2887118 -0.2051805 0.5932800 0.5554540 -0.1976138 -0.2486654 0.1162772 0.2168823 -0.5671295 0.1363263 -0.2476237 -0.2863881 -0.1465583 0.1090791 -0.0235619 0.5204802 -0.6580236 0.3657842 0.8080845 -0.3049090 0.1024441 -0.0164677
-0.1236362 0.5439505 -0.0165347 0.7810132 0.1153818 0.6017194 0.1878403 0.8929436 0.3759851 0.7860327 0.9304040 0.3530287 0.6577890 0.2203935 0.0827137 0.7972187 0.0000000 0.0705046 0.8488966 -0.0190102 -0.1333594 0.3338237 0.8814448 0.1584932 0.7740092 0.9091381 0.7700278 -0.0880312 0.3651470 0.5144875 0.1195541 0.8384473 0.2731665 0.6517709 0.8778111 0.4194295 0.9139970 0.8936466 0.8527298 0.5830299 0.4094711 0.4148646 0.8840672 0.3296714 0.5520177 0.8665329 0.8675337 0.5043022 0.7150459 0.6580964 0.8346231 0.8726021 0.8235260 0.7685402 0.7968903 0.8142286 0.8483230 0.7330416 -0.2856578 0.8368812 0.4409819 0.7879746 0.1358029 0.8068499 0.6309515 0.7037373 0.7774447 0.7405215 0.4765241 0.6923814 0.8135371 0.8576280 0.8740511 0.8680717 0.7785862 0.7237261 0.7342033 0.8028120 0.7950597 0.7987408 0.6142364 -0.0019465 0.0504134 0.2376672 0.1343690 -0.1696954 -0.1723427 -0.3943150 -0.0993732 -0.0265952 -0.3735235 -0.1008829 -0.5830036 -0.1450868 0.0913479 -0.3609601 -0.3724801 -0.5447289 -0.1244388 0.1986447 -0.0150452 -0.4830010 -0.1929185 0.2357399 -0.5569243 0.0943235 -0.1349275 -0.0577990 -0.2841860 -0.3458785 -0.0973889 0.1761427 0.1681200 -0.1840710 -0.4560271 -0.2444890 -0.3063436 -0.5385196 -0.0764192 -0.4205026 0.0494564 0.1229905 -0.3049590 0.2645374 -0.4316417 0.3093638 0.0099682 -0.4537797 -0.0791725 0.3147143 0.1922292 -0.2901304 -0.1950387 0.5910821 -0.2129695 -0.3032286 -0.0627093 -0.1526069 -0.3936312 0.1225674 -0.4541776 -0.1404935 -0.1787548 0.3590690 -0.2376559 0.3239791 -0.3553955 -0.5136407 -0.4162979 -0.3256724 -0.1780061 -0.1438159 -0.2544586 -0.3916704 -0.1244632 0.2155060 -0.0926066 -0.5258961 -0.1804038 -0.0792982 -0.5991390 -0.3913574 0.1423878 -0.0283502 -0.5875389 -0.0721848 0.1463937 -0.2688310 -0.0883523 -0.3526501 -0.5202822 -0.3321958 0.1210199 0.1444825 0.2654025 -0.0092611 0.2038493 0.2421685 0.1230500 0.2276125 0.3112794 0.4472712 -0.1101163 0.1663661 -0.2811298 0.4098582 -0.0384936 0.4281151 0.8191020 0.5178744 0.1919640 0.5909749 -0.0738562 0.2791349 0.3427174 0.3587433 0.2210333 0.3003300 0.8286450 0.2155811 0.0832261 0.0797374 0.3383946 0.3453786 -0.2968685 0.3247791 -0.1600969 0.0390299 0.0922976 0.3042724 0.1323175 0.5669280 -0.4471163 0.3545234 0.6631566 -0.1689579 0.0149459 0.0108917
