0.0000000 0.8662924 0.6796528 0.6577566 0.5602922 0.8511008 0.3142870 0.4521345 0.6774517 0.6127843 0.5633032 0.4684127 0.4167873 0.4143232 0.2590984 0.3734510 0.2059570 0.3594123 0.0049125 0.4953835 0.4084466 0.0437563 0.3048836 0.5631069 -0.2611821 -0.0693733 0.1372269 0.2435928 0.4487794 0.1689561 0.2305767 -0.0349954 0.2595926 0.3558191 0.0344909 0.6447128 0.0204036 -0.1423505 0.0162152 0.1441226 -0.0997182 0.7386071 -0.1254935 0.1014528 0.6709547 -0.2090573 -0.2353217 0.0559114 0.2288357 -0.1715946 -0.0961593 -0.0469685 0.4727717 -0.0989357 0.1727303 -0.0062276 0.1855215 0.0302452 0.1624429 -0.0276587 0.6306407 -0.0193545 0.2768530 0.3354838 0.5472047 0.2988339 0.0458877 0.0897277 0.2032619 0.0964534 0.1978541 0.3282623 0.2217666 0.4357173 0.2960694 0.2423907 0.1567896 0.1414562 0.2027721 0.2304031 0.1496564 0.5545449 0.3619030 0.3233044 0.3503413 0.3068694 0.6582545 0.1861124 0.2683965 0.2183838 0.2162805 0.3256789 0.3626843 0.3559552 0.1611669 0.1554304 0.1363852 0.5364187 0.1579537 0.5391137 0.2141554 0.3501569 0.3830112 0.3456580 0.1095153 0.1702774 0.0345567 0.5117426 0.0415585 0.1471301 0.1077979 -0.0468433 0.0535691 0.2619045 0.0438517 0.0827446 -0.0578537 -0.1423007 -0.1436182 0.0083262 0.0795308 -0.0019025 -0.2138652 0.6345235 0.2874723 0.1095304 0.3321138 -0.2024601 0.2503580 0.2396056 0.2804761 0.0230325 0.4220410 0.3380099 -0.1183353 -0.2067676 0.0197240 0.2740316 0.1143368 -0.0309705 -0.4816645 0.0480584 -0.1283457 0.0602542 0.0009840 0.0289302 0.0472891 0.0422272 -0.2595926 0.0391263 0.0311431 0.4434961 0.0551764 -0.3944784 0.2358491 0.4901698 -0.1003005 -0.0369324 -0.0541450 0.1529441 0.2497382 -0.0500643 0.4917837 -0.0225404 0.0579691 0.4946507 0.4745693 0.0359128 -0.0785525 0.0098503 -0.0209457 -0.2320697 0.7964812 0.4321524 0.7840145 0.6888366 0.4843577 0.1738136 0.4743449 0.6188859 0.6496606 0.6560738 0.4363860 0.5851770 0.3689681 0.6849682 0.3821728 0.6188840 0.1853647 0.2087406 0.0032050 0.1382308 0.2730676 0.3076511 0.1039418 0.1782078 -0.0750000 0.0044965 0.2450382 -0.0618103 0.0311606 -0.1674087 -0.1749984 0.0398152 0.4435004 0.4102600 0.3175684 0.5615965 0.1704003 0.0573039 0.1278752 0.2871948 0.3950800 0.3533238 0.3681826 0.5968441 0.5566803 0.5913906
0.8662924 0.0000000 0.4907276 0.6084589 0.3838667 0.8774552 0.3710015 0.3813515 0.3354139 0.7002534 0.6980351 0.3458368 0.5331534 0.3018258 0.1538242 0.5206238 0.3273773 0.2514867 0.0375280 0.4443061 0.2001018 -0.0008612 0.3472081 0.6928757 -0.3308998 0.0178794 0.0606827 0.1897090 0.4998289 -0.0423798 0.2059448 -0.0094107 0.4579191 0.4915473 -0.0231663 0.8023845 0.0926079 -0.1955649 -0.0354772 0.2405936 -0.0820960 0.8632230 -0.1248587 0.4437132 0.8786365 -0.2266295 -0.2286031 0.1458847 0.3219489 -0.2433316 -0.0298774 -0.0447022 0.6355248 0.1845747 0.1687105 0.0537731 0.3140157 0.3293274 0.2519453 0.1043653 0.8247878 0.0819769 0.3715564 0.3424990 0.4465191 0.5226041 0.2190619 0.1383176 0.3647258 0.0802673 0.4502767 0.3175008 0.2740859 0.1867028 0.4564260 0.0665912 -0.0559469 0.3182768 0.2127675 0.2601190 0.1777154 0.7272170 0.6048245 0.5954552 0.5632350 0.5189517 0.6459266 0.4694165 0.5583672 0.4770359 0.1273814 0.2826259 0.4322277 0.6204383 0.3694673 0.3009630 0.3068257 0.5849095 0.4465860 0.7916018 0.4517483 0.4220708 0.5207358 0.5540186 0.1589367 0.3621495 0.2889217 0.6305293 0.2034114 0.3823788 0.3238369 0.2080872 0.1607000 0.4947280 0.3519434 0.3258688 0.2214187 0.0883789 0.0722941 0.1998355 0.3101044 0.3060033 -0.2950764 0.6691117 0.4332713 0.0671695 0.5147519 -0.2460069 0.3208252 0.1672697 0.2452168 -0.0213905 0.4915643 0.3651992 -0.0711870 -0.2308521 -0.1839863 0.3042564 -0.0062770 -0.1885228 -0.3638720 0.0441994 -0.0494119 -0.2275867 -0.0853783 0.0752029 -0.0355646 -0.0571285 -0.1460617 0.0260058 0.0560351 0.3985129 -0.0055721 -0.3204263 0.1784356 0.3032172 0.0318300 -0.0959573 -0.0063426 0.3397401 0.2626079 0.0600099 0.4863201 0.0554355 0.0630688 0.5266216 0.5461858 0.1519866 0.0160272 0.1705675 0.0298489 -0.0754154 0.8569619 0.2241683 0.8646338 0.5151001 0.1988267 0.0255881 0.2234559 0.5315601 0.7548483 0.7392295 0.6388192 0.7831098 0.4963188 0.5580672 0.3586925 0.4385181 0.0727640 0.1257312 0.1143060 0.1505700 0.1987524 0.1958069 0.1165561 -0.0176900 -0.0894867 -0.1376571 0.1698608 -0.0148928 0.0330227 -0.0673908 -0.2053106 -0.0551758 0.4324829 0.3255196 0.4409686 0.5218574 0.1652174 0.1170900 0.0991346 0.0642289 0.4206467 0.4089444 0.3863047 0.5386259 0.5032291 0.4915709
0.6796528 0.4907276 0.0000000 0.8914625 0.9135025 0.7589188 0.6456608 0.8425560 0.5484356 0.5529482 0.6414411 0.8311786 0.6903232 0.1884764 0.7079393 0.4739097 0.3930962 0.0014435 0.3434757 0.6918243 0.7380570 0.4764675 0.5317446 0.5437991 0.1796467 0.2503789 0.5354441 0.4319568 0.6461769 0.4906700 0.5963393 0.4342539 0.4506113 0.6414128 0.2527190 0.5477837 0.3092799 0.4218985 0.3689003 0.4456473 0.4262776 0.6227476 0.3715381 0.0696709 0.4810508 0.3312874 0.1743063 0.5233663 0.5140034 0.4172724 0.2491802 0.3262920 0.6133277 0.0779246 0.5954060 0.5015751 0.3408612 0.0080108 0.0558594 0.2384055 0.3604217 0.1616963 0.3288720 0.6213819 0.5793676 0.3141048 0.1276958 0.3357149 0.3683592 0.4955863 0.2517099 0.5994156 0.3093122 0.7710702 0.4976326 0.6372839 0.5400507 0.3965500 0.4664505 0.4769263 0.5021599 0.3075036 0.1473531 0.1483724 0.1713246 0.2834263 0.6241628 0.0005787 0.1791380 0.0909280 0.1325830 0.2732529 0.3439497 0.0358262 0.1039005 0.3724966 0.1132755 0.2878733 0.1506454 0.1581108 -0.1117806 -0.0084295 0.0427450 -0.0633741 0.2728977 0.2657903 0.1360829 0.0795257 0.1189004 0.1237348 0.1997884 0.0347618 0.0407520 0.1530690 0.0441678 -0.0081783 -0.1045744 0.0202786 -0.0819592 0.1798879 0.0408177 0.0280999 0.1452865 0.2322374 0.2580460 0.2978462 0.0580945 0.1532215 0.3923219 0.3317443 0.3576931 0.2138822 0.2525674 0.1987807 0.2818520 0.0841253 0.2200829 0.4439074 0.2587648 0.2587688 -0.1186148 0.2616674 0.1963303 0.3591375 0.2640003 -0.0457658 0.2404183 0.2097936 0.1267171 0.1991266 0.1350404 0.3435039 0.3024544 -0.0624923 0.3449055 0.4238871 0.2395969 0.2602059 0.2501938 0.2315913 0.4080640 0.2532234 0.0898839 0.2563828 0.3221104 0.1542940 0.0284698 0.3143368 0.2860691 0.2636364 0.3228234 0.1287179 0.3148756 0.0018990 0.5240057 0.7415672 0.7276913 0.3564851 0.6945712 0.5768870 0.3307217 0.4224736 0.2057392 0.2790244 0.1533495 0.5075368 0.2506128 0.4911448 0.2987671 0.2393321 0.2155574 0.4031170 0.4544147 0.5478518 0.3520845 0.4540637 0.1659464 0.5725482 0.6317857 0.1917537 0.0650588 -0.2972586 -0.1990044 -0.0447450 0.5836693 0.7172209 0.4974266 0.3876677 -0.2382404 0.1431947 -0.2129852 0.3280242 0.5634230 0.6248326 0.5956357 0.3619201 0.2663729 0.4623450
0.6577566 0.6084589 0.8914625 0.0000000 0.8490384 0.8051235 0.6555699 0.8800631 0.3797529 0.7002949 0.8400129 0.7028986 0.8047015 0.3080610 0.6079143 0.6959898 0.6330727 0.0920558 0.4380171 0.7540665 0.4909041 0.4981244 0.7130680 0.5831682 0.2160218 0.5056281 0.7161672 0.4606541 0.5268710 0.4720964 0.6807584 0.5131077 0.5102040 0.6618777 0.4597430 0.6219212 0.5191373 0.4401880 0.5922016 0.6940384 0.5086686 0.7036710 0.5517157 0.4188290 0.6363162 0.4470988 0.3485858 0.5853850 0.7286891 0.4038433 0.4517013 0.5591401 0.8108495 0.3888665 0.6000395 0.6294542 0.6034655 0.4077861 0.3402907 0.5264618 0.6244740 0.4972608 0.5779735 0.8066731 0.5727404 0.6489817 0.4806572 0.5962800 0.6237622 0.6838907 0.5740168 0.7970252 0.5980447 0.7397641 0.7777378 0.6979098 0.5794497 0.6079761 0.6637567 0.5597448 0.6141974 0.4402854 0.3008438 0.2636853 0.3173553 0.3622998 0.7380743 0.1762749 0.3331955 0.2317663 0.3220395 0.4369074 0.4231762 0.2714017 0.2999517 0.5597089 0.3745461 0.3333168 0.4188805 0.3322966 0.1160168 0.0880047 0.0280102 0.1192260 0.5210325 0.4234483 0.3237511 0.1535603 0.3747645 0.3685224 0.4527048 0.2911405 0.2576277 0.4041961 0.2713084 0.2239687 0.1217073 0.1331888 0.0360727 0.2886344 0.1998018 0.1885644 0.1447065 0.2706160 0.2816690 0.0898630 0.2540763 0.0204713 0.2871007 0.2690400 0.2952024 0.0635646 0.3254785 0.1811804 0.2385625 -0.0496343 0.0251938 0.3461818 0.1092198 0.0496318 -0.0843982 0.0648404 0.3351315 0.1540567 0.1403253 -0.1637978 0.0586348 -0.0383100 0.2516309 -0.0170876 -0.0209840 0.2042923 0.1293992 0.0071956 0.1380202 0.3291341 0.3736298 0.0648229 0.4429625 0.3100103 0.2631183 0.1798857 0.1834520 0.4818173 0.2215812 0.0901189 -0.0328552 0.5456991 0.4832827 0.3516340 0.2179391 0.1922529 0.4503562 -0.0046046 0.5545197 0.5846064 0.5476620 0.4227877 0.4359909 0.4674342 0.4363561 0.4187667 0.4448561 0.4611146 0.4334679 0.4737908 0.5375729 0.6263152 0.5315510 0.4980459 0.2576794 0.4992038 0.6500010 0.3138670 0.2091612 0.2368244 0.1170620 0.4671678 0.6146164 0.1320624 0.2137247 -0.2722191 -0.3616491 -0.1573675 0.6081772 0.7476963 0.5714791 0.4651571 -0.0486974 0.0874157 -0.3462526 0.3255108 0.6167506 0.6246197 0.6380526 0.4595949 0.4831721 0.5665484
0.5602922 0.3838667 0.9135025 0.8490384 0.0000000 0.6655452 0.6550793 0.8577709 0.3980585 0.4726326 0.5892927 0.8282172 0.7496130 0.0222635 0.7135242 0.4271939 0.3843376 -0.2263000 0.3981656 0.7731264 0.7548148 0.5423009 0.4543260 0.3824623 0.2946906 0.3084461 0.6385350 0.4774252 0.6149535 0.6642189 0.6791312 0.5684744 0.5023569 0.6263831 0.2576952 0.4536204 0.3694067 0.5557626 0.5426682 0.5770514 0.5453309 0.5994641 0.4780625 0.1673048 0.4139941 0.4626604 0.2432087 0.6360307 0.6315184 0.6190732 0.2691776 0.4466007 0.6095765 0.0685065 0.6992282 0.6189538 0.3396548 0.0786736 0.0991884 0.2778259 0.3035898 0.2245484 0.3598400 0.7051345 0.5137721 0.2908838 0.1521325 0.4920125 0.3865650 0.6481326 0.2363344 0.6966908 0.4516610 0.8797256 0.4900531 0.7716593 0.7388376 0.5114029 0.5975662 0.6103269 0.6703396 0.2722872 0.1273879 0.1518783 0.1913457 0.2595223 0.5997600 0.0270548 0.1498432 0.0312343 0.2842075 0.4033193 0.4106985 0.0128657 0.1285109 0.4206205 0.2660014 0.3761252 0.0448661 0.0312167 -0.2971152 -0.0197670 -0.1992177 -0.1755086 0.4305413 0.2978274 0.2066994 -0.0508059 0.2599590 0.1454401 0.2526616 0.1761249 0.1869012 0.2052331 0.1604205 0.1636488 0.0309021 0.2224900 0.1505534 0.3986062 0.1655694 0.1469547 0.2473107 0.2841634 0.3604499 0.3937334 0.0594479 0.2633918 0.4188472 0.3307397 0.3877624 0.2478685 0.2246820 0.1902656 0.3011488 0.1622285 0.3129444 0.4605621 0.2672263 0.3806781 -0.0868732 0.3227140 0.1931978 0.4782337 0.3677224 0.0211560 0.2354799 0.2085034 0.1544010 0.2714318 0.2431495 0.2412795 0.3000746 0.0451352 0.2501502 0.2977358 0.1752460 0.2622131 0.2380266 0.2154221 0.2976904 0.2603761 -0.0061270 0.2644311 0.2940723 0.0037204 -0.0933520 0.3796805 0.2655661 0.2265349 0.2816425 0.1275064 0.3389765 0.1104285 0.5517836 0.6890150 0.7135938 0.4454207 0.6712291 0.5596445 0.3148993 0.3730081 0.2252069 0.2790601 0.1822208 0.4304403 0.2558153 0.5818393 0.4799851 0.3793072 0.4842939 0.6214358 0.5888810 0.6546177 0.4543053 0.6172729 0.2397256 0.6829637 0.7286928 0.3247136 0.1818376 -0.3032208 -0.2618718 0.0606100 0.7093405 0.8453867 0.5982187 0.5321853 -0.2262353 0.2047388 -0.2427325 0.4681110 0.6621064 0.6959098 0.7740767 0.3968541 0.3998700 0.6490531
0.8511008 0.8774552 0.7589188 0.8051235 0.6655452 0.0000000 0.6578383 0.6042397 0.5120603 0.7921623 0.8044660 0.7129144 0.6006518 0.3742238 0.4694509 0.5154424 0.4797381 0.2236425 0.0191725 0.4857970 0.4556701 0.0585926 0.4726521 0.7938276 -0.2783054 0.0564605 0.2942779 0.3944705 0.7142519 0.1812165 0.2609133 0.1180640 0.6101537 0.7159713 0.0343340 0.8230034 0.0635956 -0.0390910 0.2228601 0.4419403 0.0389004 0.8902748 0.0905222 0.4082157 0.8338457 -0.0848380 -0.2214368 0.2791540 0.5229383 -0.0309879 -0.0457645 0.1361704 0.7584008 0.2118567 0.3476391 0.2111388 0.2262326 0.2463299 0.2123070 0.0914930 0.7265492 0.1128208 0.4308950 0.5369931 0.4655592 0.4231346 0.1249948 0.2078103 0.4152608 0.3111641 0.3326940 0.4778327 0.2564243 0.4810511 0.4755984 0.3524029 0.2512397 0.3685323 0.3422614 0.3723139 0.3346653 0.6607951 0.5153883 0.5368573 0.5565958 0.5155542 0.6235291 0.4384864 0.5621000 0.4897243 0.2039900 0.2924281 0.3479509 0.5136304 0.3297997 0.3681280 0.2213848 0.4179133 0.3909393 0.6701943 0.3432704 0.1888476 0.3486867 0.4259368 0.1968112 0.3289144 0.2322487 0.4066008 0.1798535 0.2599941 0.2324668 0.1775127 0.1301367 0.3328817 0.2386913 0.2228626 0.1301976 0.1002153 0.0459639 0.2514766 0.2881834 0.2684584 -0.2169673 0.5614198 0.4309225 0.2335867 0.4374114 -0.1114288 0.4317337 0.3240554 0.4057533 0.0762870 0.5201883 0.3699302 0.0537375 -0.1204600 0.0248134 0.4564984 0.1818446 0.0734431 -0.3364458 0.2115413 0.0208947 0.0503184 0.1260242 0.0295210 0.1460292 0.1030734 -0.0836547 0.1223736 0.0818795 0.4618823 0.2113910 -0.2768092 0.3276608 0.4442031 0.0536091 0.0926323 0.0226015 0.2934688 0.4293407 0.2130463 0.3534094 0.1239069 0.2900691 0.4499704 0.3694515 0.2178116 0.1237999 0.2719492 0.1732568 0.0241954 0.6708714 0.1861146 0.7848562 0.7084681 0.5100154 0.1940359 0.4590356 0.6105396 0.7265285 0.7026764 0.5718492 0.7320891 0.4420719 0.4905805 0.3734840 0.4843150 0.1959108 0.1927869 0.2001761 0.2984677 0.3780543 0.3906554 0.2439231 0.1786961 0.1144106 0.1663582 0.3846126 0.1547640 0.0566340 -0.3337033 -0.1145049 0.0259688 0.5313665 0.5437616 0.5180112 0.4826101 -0.0364986 0.0425830 0.0999281 0.2520960 0.4953205 0.5168089 0.4811001 0.4390836 0.3679294 0.4909773
0.3142870 0.3710015 0.6456608 0.6555699 0.6550793 0.6578383 0.0000000 0.7412590 0.0570678 0.4224738 0.6335197 0.8008138 0.6609121 0.0341012 0.6297703 0.4569310 0.5736324 -0.1395099 0.2691062 0.3571260 0.3872661 0.3537160 0.5114169 0.5014527 0.0740163 0.1892515 0.4793814 0.1867484 0.5630770 0.1437586 0.3805571 0.2596920 0.6037945 0.6490641 0.2562834 0.4363167 0.1150751 0.3124326 0.4700260 0.6270731 0.2882238 0.5468845 0.5187909 0.3696428 0.4310828 0.0797069 0.0650758 0.4486499 0.6036029 0.3320647 0.2362225 0.5244663 0.5879119 0.4759461 0.4683041 0.4059362 0.2672783 0.2264276 0.2291334 0.3500810 0.3680503 0.3625760 0.3469039 0.4851682 0.2405115 0.3868261 0.2196078 0.3884818 0.2970040 0.4545871 0.3804164 0.4689546 0.2927435 0.5465358 0.5154666 0.5491883 0.5077075 0.5743553 0.5011952 0.4954920 0.5856032 0.3313856 0.0911505 0.3428283 0.3229229 0.3068809 0.2262977 0.3567498 0.3771222 0.3116774 -0.1151265 -0.0922619 0.1446539 0.2565710 -0.0040626 0.2803350 0.0081517 0.1738607 0.1583371 0.1749222 -0.0799551 0.0928127 0.0779896 -0.0791982 0.1500466 0.1971411 0.2395543 -0.0060481 0.1084190 0.2020337 0.0857983 0.2394341 0.1874021 0.1492830 0.2360780 0.2055783 0.1243349 0.3410598 0.1959658 0.4259192 0.2081593 0.2685097 -0.0184107 0.0869297 0.2718347 0.5682980 0.0559071 0.0049922 0.5435583 0.2377937 0.3194879 0.1058712 0.1992223 0.1221401 0.2692416 0.0685706 0.0699508 0.5083028 0.1741230 0.3624077 -0.0140771 0.3667672 0.2786526 0.2506335 0.2358029 -0.0058079 0.1818437 0.1150228 0.2100240 0.2503894 0.1922503 0.1558777 0.2983021 0.0804157 0.2295239 0.2330022 0.2294685 0.1892591 0.2050500 0.2494677 0.3406772 0.4803479 -0.3120817 0.2328381 0.3518619 -0.0943229 -0.0965192 0.3329261 0.2431329 0.4075872 0.2849592 0.1672415 0.1360172 -0.0850082 0.4115090 0.3889743 0.5622007 0.5088495 0.3483053 0.2367858 0.3037444 0.1974696 0.3936162 0.4319673 0.3490901 0.0823645 0.2683337 0.2856200 0.3927986 0.3363633 0.4993632 0.5912168 0.5575834 0.5836548 0.5385011 0.3903369 0.6001499 0.4961010 0.5585642 0.6093809 -0.0165770 -0.5414999 -0.1094459 0.1921938 0.4682713 0.6144933 0.5834403 0.1600508 -0.5415063 -0.0544072 -0.1926032 0.4901578 0.4066341 0.6006974 0.6169075 -0.0087004 -0.0564887 0.2258336
0.4521345 0.3813515 0.8425560 0.8800631 0.8577709 0.6042397 0.7412590 0.0000000 0.1054298 0.4420450 0.7321631 0.7400157 0.8609575 0.0253612 0.5425959 0.7126154 0.5931570 -0.2095330 0.6298367 0.7005009 0.5615846 0.6525196 0.6988279 0.3382576 0.3978400 0.5339901 0.7415351 0.1945157 0.4547751 0.3826859 0.7334061 0.5812934 0.4465130 0.5737684 0.5030408 0.4324498 0.5227050 0.5715176 0.6302232 0.7482505 0.5728062 0.5190257 0.7170673 0.3689669 0.4011354 0.4496480 0.4830391 0.6789394 0.7280239 0.5082622 0.5965450 0.7026801 0.6512842 0.4635880 0.7238690 0.6915270 0.6082054 0.3772540 0.3681427 0.6050838 0.4166956 0.5698357 0.6087018 0.7647495 0.4503512 0.6217011 0.4710722 0.7042661 0.5406003 0.7125876 0.5317701 0.7168989 0.6283929 0.7167320 0.7524707 0.7784977 0.6377469 0.6391853 0.7086346 0.6212448 0.7270204 0.2261440 0.0854660 0.2024492 0.1669325 0.3311499 0.5677797 0.0725970 0.2037880 0.0382245 0.0654451 0.1846030 0.4485532 0.1506789 -0.0492140 0.3902378 0.2628518 0.3303310 0.1180767 0.0637966 -0.2004891 0.0888254 -0.0334415 -0.1307714 0.4660259 0.2661653 0.3797045 -0.0430474 0.3825734 0.4147766 0.2881028 0.3160430 0.3638089 0.4211340 0.3543698 0.3071743 0.1619126 0.3191976 0.1677510 0.4288314 0.1965314 0.2320425 0.1887918 0.1388170 0.2120481 0.2922116 0.1007012 0.0583427 0.2682258 0.1478534 0.1477725 0.0102277 0.1655854 -0.0277749 0.3366725 0.0315548 -0.0138882 0.2652346 -0.0648294 0.1676389 0.0672083 0.0703125 0.4198491 0.2140244 0.0886152 -0.1572392 -0.0751946 -0.1350476 0.4055864 0.0519815 0.0600642 0.0108072 0.0438806 0.1625815 0.0322421 0.1488140 0.3728602 0.0178026 0.4791908 0.1933821 0.1878528 0.2268093 -0.1365881 0.3690795 0.1643472 -0.1758027 -0.2258938 0.5979583 0.4467131 0.2871399 0.2925855 0.2575953 0.2527226 -0.1100781 0.3932395 0.4302217 0.5551572 0.4548855 0.3479594 0.2123064 0.1035262 0.1075303 0.2911024 0.2323260 0.3896437 0.3027201 0.4947566 0.5650324 0.5672688 0.5289603 0.4743109 0.5974658 0.7350567 0.5588167 0.4536262 0.4920104 0.2299228 0.6461867 0.7686107 0.2979309 0.0917618 -0.3804813 -0.4378571 -0.0948048 0.6074905 0.7622348 0.5618690 0.4473231 -0.3041567 0.0858331 -0.5263107 0.5211115 0.6016387 0.6910673 0.7959845 0.3048063 0.3589833 0.5125628
0.6774517 0.3354139 0.5484356 0.3797529 0.3980585 0.5120603 0.0570678 0.1054298 0.0000000 0.3722764 0.1398023 0.3984817 -0.1051732 0.5351200 0.3115491 -0.1324173 -0.0684582 0.5570574 -0.3332303 0.1959813 0.4387596 -0.1677595 0.0445515 0.3750306 -0.3000850 -0.2970633 0.0215230 0.4433652 0.3566388 0.3522718 -0.0592045 -0.2067021 0.0644415 0.2042071 -0.0725220 0.3259697 -0.2331231 -0.1991554 -0.0415627 -0.1270198 -0.1879944 0.3434410 -0.2618237 -0.3414380 0.2498751 -0.1553861 -0.3685241 -0.2053848 0.0065649 -0.1384783 -0.3741372 -0.2215166 0.1713724 -0.4475931 -0.0621656 -0.1990558 -0.2221800 -0.4144484 -0.2179721 -0.3612891 0.1532102 -0.3152868 -0.1177642 0.1165301 0.4686982 -0.2628715 -0.3197469 -0.2454641 -0.1162956 0.0064337 -0.3085490 0.1754079 -0.1417628 0.4802555 -0.1718678 0.2230116 0.2502075 -0.2014676 -0.0040199 0.0317187 -0.0732332 0.2334892 0.0191353 -0.1561717 -0.0133985 -0.1192030 0.3371061 -0.1848690 -0.1017426 -0.0128807 0.3436900 0.3192274 -0.1096431 -0.1109255 0.1019744 0.0329257 -0.1826258 0.0614254 -0.0136133 0.1680964 0.1209461 0.0127516 0.1360036 0.1259754 -0.0984604 -0.0338652 -0.4615054 0.2589926 -0.3337977 -0.4396926 -0.1945849 -0.4769696 -0.3132961 -0.3707361 -0.5507683 -0.4770356 -0.5098293 -0.5177148 -0.4961840 -0.3473357 -0.2424473 -0.4202826 -0.0525486 0.2831964 0.0694696 0.0608116 0.0498142 0.0277031 0.1790336 0.4431409 0.4363065 0.2422241 0.3300902 0.4210865 -0.0831338 0.0078480 0.4470578 0.2831856 0.5101804 0.2421677 -0.3768444 0.1907077 -0.1913621 0.4359309 0.3061078 0.0644735 0.4154027 0.4149691 -0.3610701 0.1238062 0.0144790 0.5636348 0.3613258 -0.3396661 0.4764679 0.6942071 -0.1720512 0.2894075 -0.1523276 -0.0086394 0.3747110 -0.0246348 0.4598297 -0.0067547 0.2855327 0.5037151 0.3689870 -0.2071117 -0.0832854 -0.0090084 0.0379329 -0.2105868 0.3339270 0.4505918 0.3028634 0.6296310 0.5268904 0.1362313 0.6819838 0.6567665 0.4485358 0.5098371 0.0113654 0.2123977 -0.0922318 0.5738786 0.0792697 0.4089685 0.0273815 -0.0278622 -0.3129037 -0.0483212 0.0053130 0.0765846 -0.1102818 0.0885524 -0.0539116 0.0971364 0.1008219 -0.1308733 0.1304217 -0.1299716 0.2683559 0.1503450 0.1006071 0.2450304 0.0075765 0.2101769 0.2331120 0.0097568 0.4168783 0.1435535 0.0865604 0.0448215 -0.0724132 0.3750464 0.2085461 0.2525371
0.6127843 0.7002534 0.5529482 0.7002949 0.4726326 0.7921623 0.4224738 0.4420450 0.3722764 0.0000000 0.8702319 0.3947296 0.5080984 0.5923416 0.4117508 0.5954149 0.7578000 0.3919964 -0.1176768 0.3407992 0.0929426 -0.1231335 0.6858742 0.9067273 -0.3873002 0.1068360 0.4232075 0.5133887 0.4994269 0.1152983 0.1124055 0.1958837 0.6100143 0.6345454 -0.1021564 0.6722088 0.0295035 -0.1382539 0.3077617 0.4788143 0.0407221 0.8075843 0.1285958 0.5998458 0.8560668 0.0952632 -0.1701224 0.3539643 0.5620788 0.0419389 -0.0601820 0.1841902 0.8167354 0.3672716 0.4498345 0.4274559 0.2216714 0.3945909 0.5119794 0.1647928 0.8431852 0.2319377 0.5522506 0.6632174 0.3467446 0.4587040 0.3274805 0.0980856 0.7524055 0.2404530 0.4483447 0.5157932 0.1944260 0.3907099 0.5693286 0.1638900 0.0802549 0.3832257 0.2987726 0.3348831 0.2663147 0.7896062 0.7940545 0.6977121 0.7498916 0.6921205 0.7116208 0.6409492 0.7229667 0.6267206 0.4459556 0.5146501 0.4618346 0.7410156 0.5050624 0.3539667 0.5297476 0.2087232 0.5472501 0.8070667 0.5216246 0.1205448 0.3121518 0.7091906 0.2941070 0.3303156 0.4433216 0.3954958 0.2915024 0.3992884 0.3647100 0.4455999 0.0120513 0.4173193 0.3433018 0.2799174 0.2383101 0.0289640 -0.0271637 0.2227833 0.2761750 0.2469733 -0.1674251 0.3346726 0.3487168 0.0463989 0.4836481 -0.1357927 0.3286804 0.1187622 0.2728643 -0.0509312 0.4186861 0.3137270 -0.0732995 -0.2441887 -0.1253449 0.4082767 0.1929923 0.0358326 -0.2084350 0.1955839 -0.0224533 -0.0424516 0.0994318 -0.1680601 0.1450933 0.0434600 -0.0824015 0.0866216 0.0950690 0.4559508 0.1864311 -0.2358573 0.2225425 0.5196041 0.0707028 0.0709932 0.0156267 0.3552895 0.2574190 0.1933712 0.6475226 0.1850790 0.2433354 0.5084086 0.2258701 0.2054004 0.2212360 0.3142290 0.1560196 0.1321125 0.5199328 0.2445182 0.5394083 0.3840210 0.1668808 0.2213806 0.1296506 0.4180896 0.7871927 0.6166506 0.8041999 0.8162963 0.6693711 0.3476631 0.5321855 0.3774900 0.1941181 0.2342892 0.1975515 0.2502835 0.3194936 0.1254154 0.2367016 0.0815436 0.1070921 -0.0819682 0.2110541 0.1160914 -0.0881766 -0.2041147 -0.3128689 -0.4118159 0.5318488 0.3664399 0.5279914 0.3095370 -0.0218972 -0.0766621 -0.0955436 -0.0608317 0.5221835 0.3341732 0.3213577 0.2299934 0.3702855 0.3564849
0.5633032 0.6980351 0.6414411 0.8400129 0.5892927 0.8044660 0.6335197 0.7321631 0.1398023 0.8702319 0.0000000 0.5299561 0.7631989 0.3400206 0.3422997 0.8711427 0.8339515 0.1309270 0.2872269 0.5155880 0.2125866 0.2045322 0.8374600 0.7398710 -0.0679757 0.4269021 0.6099855 0.3015462 0.5162114 0.1336148 0.3745640 0.4069376 0.6584182 0.7263874 0.2364550 0.7206431 0.3265846 0.1285463 0.5215402 0.7677575 0.2823880 0.8029367 0.4684877 0.7624805 0.8281097 0.2096651 0.1410609 0.5822921 0.7768653 0.1354413 0.3102867 0.4949099 0.9035560 0.6637699 0.6386679 0.5982041 0.5249708 0.6627536 0.5835199 0.4834192 0.8504538 0.5183737 0.8006645 0.8236895 0.3767397 0.7462855 0.5484403 0.4804252 0.8386198 0.5222807 0.6533817 0.6798165 0.5039562 0.4591502 0.8120717 0.4355816 0.2604192 0.6123417 0.5784475 0.5236331 0.5246904 0.7045458 0.6502660 0.6616918 0.6643908 0.7197271 0.7404966 0.5782093 0.7241893 0.5853763 0.3209925 0.4201500 0.5680869 0.6872071 0.3656693 0.5232209 0.5670793 0.3528378 0.5655307 0.6700594 0.4387549 0.2356574 0.3451443 0.5288749 0.5146071 0.4702014 0.5983380 0.3609272 0.5225632 0.5934541 0.4853936 0.5638131 0.3726229 0.6281913 0.5558691 0.4919185 0.4145337 0.3348480 0.2098503 0.4795142 0.4761572 0.4726955 -0.0074618 0.3797208 0.4217495 0.1292189 0.5719049 -0.0700958 0.3357242 0.1894693 0.2701847 -0.0396268 0.4880619 0.2237118 0.1843954 -0.1124136 -0.1706088 0.3777075 0.0079847 0.0257241 0.0038912 0.1097334 0.3274390 -0.0550541 0.0661996 -0.1057543 -0.0089279 -0.1265204 0.2741956 0.0422631 0.0755615 0.2705003 0.1066696 0.0332240 0.1306252 0.3469659 0.3332504 0.0120349 0.3418537 0.4265971 0.2941769 0.3051407 0.3552943 0.3672176 0.2717816 0.2857560 0.1278440 0.5547415 0.4556948 0.4676703 0.3011582 0.3372601 0.4907718 -0.0006332 0.4987800 0.3358422 0.2393363 0.2491046 0.0688589 0.2441097 0.5475413 0.4128710 0.7177705 0.6960119 0.7090410 0.3205309 0.6712613 0.5152342 0.3902880 0.4192563 0.3732494 0.4309234 0.5419729 0.2470240 0.3084341 0.1223068 0.1899989 0.1750223 0.4852854 0.2485105 0.0477372 -0.2604839 -0.3571309 -0.2654916 0.6346976 0.5864741 0.6523634 0.4495409 -0.0739888 0.0261609 -0.2639056 0.1872700 0.6595478 0.5815066 0.5680023 0.3449166 0.4046206 0.3761781
0.4684127 0.3458368 0.8311786 0.7028986 0.8282172 0.7129144 0.8008138 0.7400157 0.3984817 0.3947296 0.5299561 0.0000000 0.5209871 0.0206851 0.6607815 0.2751021 0.3018409 -0.1932797 0.1414830 0.4047273 0.7792011 0.2592936 0.2850341 0.4390852 0.0276351 0.0819443 0.3739177 0.2881731 0.7531867 0.3678814 0.3361706 0.2743853 0.5089391 0.6974525 0.1009110 0.5128871 0.0756261 0.2886060 0.3740371 0.5016070 0.2320277 0.5276515 0.3171450 0.1073848 0.3455086 0.1268315 -0.0565944 0.4040041 0.5174099 0.3098393 0.0380962 0.2935437 0.5064368 0.1116102 0.4843648 0.3147557 0.0653687 -0.0112925 -0.0456706 0.0504934 0.1660556 0.0571823 0.2981565 0.4782117 0.2390531 0.1203332 -0.1169650 0.3025354 0.1720716 0.5046428 0.0053827 0.3951526 0.1811980 0.6177093 0.2571366 0.6315148 0.5671379 0.2879038 0.3740983 0.3883518 0.4580196 0.1566908 0.0635384 0.2139732 0.2213729 0.2761851 0.2869530 0.1283823 0.2471449 0.1719087 -0.0157402 0.0184133 0.1320941 0.0627199 -0.0522134 0.2577775 -0.0875519 0.1096362 -0.0247470 0.1095764 -0.1402526 -0.1937488 -0.0626646 -0.0847517 0.1306551 0.1140149 0.0826780 -0.1582221 0.1089372 0.0621076 -0.0569968 0.0181729 0.1573172 0.0625252 0.0873768 0.0978174 0.0221743 0.2374418 0.1491967 0.3212514 0.1921366 0.2132885 -0.0086016 0.2656867 0.3056007 0.4443418 0.1027791 0.2075067 0.3920209 0.3787561 0.4029847 0.2286476 0.3163802 0.1341708 0.3340026 0.1885996 0.2901016 0.4157732 0.2104827 0.3703257 -0.0935183 0.3167140 0.1562661 0.3826226 0.3037659 0.0592037 0.2251399 0.2248306 0.1584796 0.2384832 0.1121918 0.2731922 0.3349672 -0.0297906 0.3674232 0.2597868 0.0880585 0.2808211 0.0841184 0.0549909 0.5006425 0.3243815 -0.1601378 0.0899908 0.4430236 0.0567334 -0.0259894 0.2865401 0.1961193 0.2345136 0.3602381 0.1911982 0.1768181 -0.0934929 0.4118162 0.7461468 0.7815151 0.2579619 0.6274532 0.4328545 0.2217185 0.3023570 0.0971606 0.2295220 0.0531418 0.1677903 0.1029982 0.3050824 0.2362962 0.1588587 0.3355419 0.3754512 0.4933973 0.6766149 0.3867105 0.4804117 0.2833277 0.6648503 0.6345055 0.3127654 0.0983372 -0.5286594 0.0261005 0.2350732 0.4672529 0.6461436 0.3886207 0.3652650 -0.3519863 0.0552102 0.0190857 0.5150202 0.3890865 0.5627539 0.5745431 0.1861446 0.0197763 0.3567578
0.4167873 0.5331534 0.6903232 0.8047015 0.7496130 0.6006518 0.6609121 0.8609575 -0.1051732 0.5080984 0.7631989 0.5209871 0.0000000 -0.1421201 0.4594208 0.7836920 0.5741400 -0.3417311 0.7023683 0.8295693 0.4291222 0.7015558 0.6770628 0.4334923 0.4217060 0.5854178 0.6555829 0.2924415 0.4980847 0.3802234 0.8097597 0.7039069 0.6423998 0.6658426 0.3861124 0.5552426 0.6266869 0.6122374 0.5081819 0.7040013 0.6928088 0.6813872 0.6231035 0.5698107 0.6223008 0.5064913 0.4879907 0.8249918 0.7319039 0.5603214 0.5932683 0.5714914 0.7740624 0.4974196 0.7780992 0.7868710 0.7089155 0.5125682 0.3158296 0.6341577 0.5795087 0.5026466 0.5526866 0.7615341 0.5427820 0.7286258 0.5602085 0.6603823 0.6603693 0.6246588 0.7131272 0.7610782 0.6473591 0.6009950 0.8487346 0.5820908 0.4512361 0.8067027 0.7024638 0.7115206 0.7643747 0.4820248 0.3453395 0.3971347 0.3280405 0.4943998 0.6891346 0.2462662 0.4086638 0.2309985 0.1305047 0.3569642 0.6355881 0.2755595 0.2916969 0.5916695 0.5471664 0.5860011 0.3974494 0.2422198 -0.0763188 0.2750724 0.0949362 -0.0158682 0.5738539 0.5725841 0.5813776 0.2194664 0.4946723 0.5040149 0.6137455 0.5193610 0.3697826 0.5767674 0.5614885 0.4569445 0.3377815 0.4845472 0.3503584 0.6213354 0.3901710 0.4497194 0.2805234 0.2673628 0.4661929 0.3284580 0.2378473 0.1466324 0.4690386 0.1682060 0.2346040 0.1283848 0.2248453 0.1666198 0.3689917 0.0993019 -0.0354642 0.4425589 0.0206260 0.1437187 0.1417056 0.2368923 0.4137478 0.0986403 0.1753672 0.0413465 0.0340478 -0.0265613 0.3789717 0.2219972 0.3022491 0.1059894 0.1319239 0.2357394 0.0777880 0.0843626 0.4609390 0.1089293 0.4661443 0.5153236 0.1967576 0.3756029 -0.0243680 0.4324474 0.1744742 -0.0221028 -0.0208375 0.5957685 0.4285171 0.4344895 0.3403061 0.3094820 0.4013847 -0.1279778 0.5946561 0.3187059 0.2857482 0.3173013 0.2799362 0.3320174 0.3078213 0.3331866 0.4535148 0.4240695 0.4117323 0.4032871 0.3606523 0.4760909 0.4163005 0.3723159 0.6202404 0.6849201 0.5025991 0.4961393 0.5219769 0.4130998 0.2274616 0.4814266 0.6751277 0.4002602 0.1209111 -0.0581678 -0.4312866 -0.1383971 0.7367382 0.7702323 0.7972950 0.4778731 -0.2313191 0.3230116 -0.4819647 0.2065698 0.7804820 0.8160613 0.8420642 0.3829152 0.4390241 0.5124285
0.4143232 0.3018258 0.1884764 0.3080610 0.0222635 0.3742238 0.0341012 0.0253612 0.5351200 0.5923416 0.3400206 0.0206851 -0.1421201 0.0000000 0.1966551 0.0821231 0.5035862 0.9071748 -0.4704783 -0.1837100 -0.2989551 -0.4387494 0.4026121 0.5107873 -0.5031943 -0.1192956 0.2345246 0.3832486 -0.0802710 -0.1005597 -0.2542883 -0.3265392 -0.0547694 -0.0377046 0.0203921 0.1102424 -0.2732061 -0.4371433 0.1827680 0.0342982 -0.3801856 0.1713488 -0.0307688 0.0968323 0.2590302 -0.1664349 -0.2419383 -0.3835629 0.0976570 -0.3123218 -0.1986574 0.1004384 0.2385741 0.0623578 -0.2520874 -0.1388796 -0.0922390 0.0408943 0.4841800 -0.0214814 0.4475216 0.2153794 0.1772748 0.1959789 0.1264631 0.1073039 0.1625565 -0.1468219 0.2538502 -0.0560696 0.1208048 0.1451535 -0.0617154 0.1421171 0.1722303 -0.0475123 -0.0112530 -0.1339985 -0.0581991 -0.1729807 -0.2079287 0.2325628 0.2325401 0.0998511 0.2312207 0.0357391 0.1616104 0.1840226 0.1142871 0.1463142 0.3599789 0.1611291 -0.1545519 0.3917831 0.1438251 -0.1966042 -0.0151316 -0.2855774 0.1863778 0.4466708 0.4171826 -0.1231121 0.0669869 0.4890053 -0.1442005 -0.2956922 -0.1521037 0.1019294 -0.1899866 -0.0161156 -0.1200357 -0.0420832 -0.3485634 -0.0970822 -0.2633512 -0.2525840 -0.2673862 -0.6395775 -0.6074387 -0.5324267 -0.3825927 -0.4542255 -0.4834407 -0.1371605 -0.4176247 -0.3808068 0.0172645 -0.6366135 -0.2648047 -0.2275879 -0.1909735 -0.5021576 -0.0301056 -0.0655462 -0.5996199 -0.6688946 -0.3160332 -0.1855335 -0.0172101 -0.2717184 -0.5442565 -0.3161224 -0.3485114 -0.1931834 -0.3108705 -0.6153662 -0.1616575 -0.2503614 -0.4628823 -0.4549687 -0.4746297 0.0768246 -0.2171915 -0.5790781 -0.1538143 0.4075384 -0.3017114 -0.3524273 -0.2110037 -0.2752433 -0.2085914 -0.4082896 0.5317214 -0.0366185 -0.2186698 0.1801233 -0.0752842 -0.2445460 -0.1006991 -0.2263327 -0.4373212 -0.3896325 0.1855885 0.4872941 0.0908880 0.0970729 0.0768367 0.2993040 -0.0689350 0.0975670 0.4420005 0.1873529 0.4600811 0.4067645 0.5174466 0.1105245 0.5429796 0.2360691 0.2123356 0.2881311 -0.4273601 -0.1711913 0.2458920 -0.3276122 -0.2403299 -0.1916346 -0.1373683 -0.4056089 -0.2597792 -0.3442705 -0.2349277 -0.4336159 -0.2684954 -0.4419268 -0.1630552 -0.1847428 -0.2059835 -0.1780204 0.1233439 -0.6178493 -0.0869783 0.0052201 -0.2033472 -0.4086756 -0.3040931 -0.0948707 0.2310671 0.1595188
0.2590984 0.1538242 0.7079393 0.6079143 0.7135242 0.4694509 0.6297703 0.5425959 0.3115491 0.4117508 0.3422997 0.6607815 0.4594208 0.1966551 0.0000000 0.0751130 0.3735745 -0.0453979 0.0473597 0.3830781 0.4012437 0.3086155 0.2829208 0.5000961 0.0939691 0.0478046 0.4491935 0.5631463 0.4102766 0.4521571 0.4312167 0.3420001 0.3133218 0.4136213 0.0257141 0.1298666 0.0902826 0.4256804 0.3182351 0.2167335 0.3681925 0.3378192 0.2790903 -0.0822562 0.2084906 0.3938424 0.0735256 0.3601604 0.2578709 0.6360664 0.0537048 0.2195209 0.3547825 -0.0628430 0.3516301 0.4516563 0.0590778 -0.2191853 0.0359778 0.1060139 0.0834256 0.0561497 -0.0628490 0.3506129 0.2078381 0.0253648 -0.0086169 0.0646465 0.1861833 0.2549869 0.1488769 0.3594399 -0.0171654 0.6149836 0.2890212 0.3547886 0.4581222 0.2721760 0.1621741 0.1916422 0.2894488 0.0990149 0.0626609 0.1083462 0.1933346 0.0951857 0.1968099 0.1270033 0.0868760 0.0808787 0.0387571 0.0757149 0.0925926 -0.0361067 0.1959861 0.1614240 -0.0229917 -0.0795988 0.0692537 -0.0299845 -0.2994779 -0.3339957 -0.3957601 -0.2391771 0.0255787 0.0478509 0.0994919 -0.3243083 -0.0833614 0.0332445 0.0953327 0.1193742 -0.2816063 -0.0820367 -0.0309075 -0.1077071 -0.1210168 -0.0867865 -0.0966463 0.0006251 -0.2258169 -0.1266020 0.0220910 -0.2031613 -0.0149542 0.2656280 -0.3722762 0.0617189 0.3412183 -0.0022929 0.1367240 0.0872686 -0.2403682 -0.0560626 0.0066415 -0.0932107 0.0997457 0.3872805 0.3082028 0.2299700 -0.2714942 0.3314739 -0.1252457 0.2635520 0.2108777 -0.2913427 0.2910475 0.2498163 -0.1391931 0.1574902 0.0680872 0.0904389 0.2762169 -0.2422126 0.1369636 0.1693396 0.0147938 0.2143205 -0.0417214 0.0533188 0.0808942 0.1750987 -0.1868986 0.1076372 0.1184776 -0.1781753 -0.3640324 -0.0447820 0.0445610 0.0745638 0.0081752 -0.1439491 -0.0548147 -0.0278700 0.3749191 0.5916163 0.6677649 0.5971674 0.5428496 0.4436781 0.3349385 0.2701969 0.2432881 0.2244514 0.0829050 0.0441806 -0.0374375 0.0371154 0.2471535 0.1950119 0.1908483 0.3277493 0.3644133 0.4527690 0.3208206 0.4151286 0.3804692 0.3836815 0.2452722 0.2690679 -0.1805010 -0.3998790 -0.2921695 -0.1230739 0.3934320 0.4099857 0.3295245 -0.1211481 -0.5762186 -0.1715452 -0.3169412 0.1405933 0.2633332 0.2908993 0.3508939 -0.2029549 -0.1068694 0.2584287
0.3734510 0.5206238 0.4739097 0.6959898 0.4271939 0.5154424 0.4569310 0.7126154 -0.1324173 0.5954149 0.8711427 0.2751021 0.7836920 0.0821231 0.0751130 0.0000000 0.7313767 -0.0562027 0.6222479 0.5712298 0.1025266 0.4419369 0.8581851 0.4099758 0.2643562 0.6712992 0.6472304 0.0295698 0.2315314 0.1055269 0.5055508 0.5719904 0.4526085 0.5161916 0.4561014 0.5074568 0.5688849 0.3147665 0.5342522 0.7600491 0.4553564 0.5676748 0.6152462 0.7351806 0.6271005 0.3110597 0.4466626 0.6890074 0.6857518 0.1716807 0.5884044 0.5777894 0.7286398 0.7592467 0.7038084 0.6743127 0.7261853 0.7904145 0.6016064 0.6696436 0.7155677 0.6395192 0.8732784 0.7874181 0.3412376 0.8702320 0.7036724 0.6282428 0.8506982 0.5233106 0.7461080 0.6546089 0.6295349 0.3372626 0.8823334 0.4180253 0.1828883 0.6222600 0.6198444 0.4997612 0.5233867 0.5605780 0.5094362 0.5259421 0.4977738 0.6675709 0.7176595 0.4274965 0.6083321 0.4767452 0.2400548 0.3863378 0.7111684 0.5356470 0.2656284 0.5719215 0.6579190 0.4767115 0.5505759 0.4389944 0.3609184 0.3991019 0.3986456 0.3540596 0.6797524 0.5728835 0.7262442 0.3892774 0.6905464 0.7187694 0.6256539 0.6530745 0.5980416 0.7758122 0.6798327 0.6068315 0.5397442 0.4963057 0.3530960 0.5698451 0.5623474 0.5577146 0.2479419 0.3383166 0.3899604 0.0605974 0.5805482 0.0117152 0.2170672 0.1350371 0.1484370 -0.0371025 0.3971616 0.0971299 0.3112666 -0.0085309 -0.2508314 0.2442018 -0.1673083 -0.0583485 0.2324276 -0.0123765 0.5516723 -0.1288031 -0.0125104 -0.0350847 -0.1457440 -0.2717403 0.5056698 -0.0055812 0.0932043 0.0580167 -0.0108935 0.2842893 -0.0356702 0.1619229 0.5220400 -0.0580128 0.5777675 0.4962023 0.1534842 0.3125861 0.1919683 0.4501646 0.1489655 0.1200675 0.0684215 0.7057483 0.5503188 0.5028509 0.3388883 0.4303919 0.3463169 -0.1720822 0.2788858 0.0934905 0.0956538 0.1733891 -0.1457117 -0.0448663 0.2189078 0.1041455 0.5313811 0.4173108 0.6511389 0.2786650 0.7020309 0.5133674 0.4212654 0.4740428 0.3752374 0.3990367 0.4770608 0.1628111 0.2453342 0.0505820 0.1916643 0.1603046 0.4699271 0.2631466 0.0700823 -0.0239641 -0.3959151 -0.2211503 0.6409576 0.5631613 0.6260057 0.4270063 -0.0235937 0.1428654 -0.4097874 0.1847539 0.7140868 0.6078980 0.5514741 0.3825317 0.4029218 0.2222302
0.2059570 0.3273773 0.3930962 0.6330727 0.3843376 0.4797381 0.5736324 0.5931570 -0.0684582 0.7578000 0.8339515 0.3018409 0.5741400 0.5035862 0.3735745 0.7313767 0.0000000 0.2513950 0.1720630 0.2332928 -0.1500546 0.1057236 0.8993001 0.6050301 -0.0503557 0.4278416 0.7379800 0.3067036 0.1645556 0.0358425 0.2372730 0.3522020 0.4669707 0.4465913 0.2692440 0.3030128 0.2049412 0.1197958 0.6687591 0.7325634 0.2360740 0.4552280 0.6237916 0.7188977 0.5208664 0.2789074 0.2276238 0.4490768 0.6983079 0.2291586 0.3362344 0.6639492 0.7078665 0.7390746 0.5193159 0.6199706 0.4116248 0.6245589 0.7994820 0.5526542 0.6839177 0.6873783 0.7233984 0.7504360 0.1425787 0.6471297 0.6367242 0.4192083 0.8383515 0.4437500 0.6461654 0.5967720 0.3999072 0.3910152 0.7817571 0.3405527 0.2626747 0.5464401 0.4946317 0.3847931 0.4399932 0.4896305 0.4942953 0.5355231 0.5740763 0.5580684 0.4524468 0.5685537 0.5819472 0.4660091 0.3348151 0.2875505 0.3826699 0.6479866 0.2525414 0.2816311 0.5040586 0.0160989 0.4399072 0.4663375 0.3136779 0.0546706 0.0920992 0.4208727 0.4050335 0.1952676 0.5633648 0.0764248 0.4128858 0.5410397 0.3616483 0.6382016 0.1994288 0.4629369 0.4519517 0.3847085 0.3367442 0.1743696 0.0613336 0.2960309 0.2160396 0.2379214 -0.0719892 -0.0695363 0.0456109 0.0335538 0.2784360 -0.2768844 0.1344064 -0.1335084 -0.0262971 -0.3177096 0.1122401 -0.0646763 -0.0687163 -0.3354434 -0.3515497 0.1782140 -0.0787893 0.0038579 -0.0231199 -0.0048260 0.2083257 -0.1059494 -0.0771349 -0.4324466 -0.1279928 -0.2840686 0.1699758 -0.1262321 -0.0714008 -0.0137969 -0.0401682 -0.0083127 -0.1484811 0.2428785 0.2004897 -0.1608226 0.2542892 0.2040408 -0.0573603 0.1615174 0.2088583 0.3136515 0.0518532 -0.0379646 -0.2724813 0.3888893 0.3657481 0.3058409 0.0505826 0.1812832 0.1240525 0.0827489 0.1575680 -0.0209371 0.0852242 0.4712909 -0.2166038 -0.0915800 0.3661546 0.0550605 0.7336534 0.5544571 0.8201362 -0.0159333 0.7496849 0.3502441 0.5120549 0.5580473 0.3244438 0.4204370 0.6029846 0.0867685 0.3046853 0.1224954 0.3262097 0.0250879 0.2816112 0.2781837 -0.1709503 -0.4284399 -0.5236071 -0.4595427 0.4345273 0.3533529 0.4694645 0.0656347 -0.2708171 -0.3278941 -0.5140749 0.1683309 0.4251074 0.2618262 0.3640721 -0.0842601 0.2341860 0.2095760
0.3594123 0.2514867 0.0014435 0.0920558 -0.2263000 0.2236425 -0.1395099 -0.2095330 0.5570574 0.3919964 0.1309270 -0.1932797 -0.3417311 0.9071748 -0.0453979 -0.0562027 0.2513950 0.0000000 -0.4990383 -0.2822123 -0.4149557 -0.4664844 0.2299881 0.3772595 -0.5300553 -0.2484155 -0.0392009 0.1809634 -0.1937709 -0.2693260 -0.3645218 -0.5502878 -0.1777152 -0.1897132 0.0343321 0.0831398 -0.3306936 -0.5611906 -0.0808462 -0.1823283 -0.4900178 0.0749365 -0.2252792 -0.0572733 0.1849161 -0.3412422 -0.2979717 -0.5613275 -0.1035726 -0.5068029 -0.2234184 -0.0606338 0.0683165 -0.0029278 -0.4658625 -0.3683071 -0.0963236 -0.0699920 0.2879913 -0.0694425 0.3747904 0.1043627 -0.0344886 -0.0759270 0.1793421 0.0264872 0.1274522 -0.2931314 0.0189688 -0.2439714 0.0700331 -0.0188466 -0.1306596 -0.0231211 0.0058718 -0.1865795 -0.1569526 -0.1970895 -0.1278157 -0.2146860 -0.3069518 0.2204973 0.0767194 -0.0705672 0.0424362 -0.1697266 0.0868464 0.0427268 -0.0347212 0.0594821 0.2287818 0.0698496 -0.3409549 0.2606490 0.0621248 -0.2309468 -0.1809362 -0.2903277 0.1840936 0.3967012 0.4803498 0.0988468 0.2742631 0.4483673 -0.2731522 -0.2769908 -0.3889510 0.3123242 -0.3948468 -0.2119810 -0.2002080 -0.3086507 -0.4201639 -0.2743393 -0.4707377 -0.4469218 -0.4434867 -0.7527548 -0.7397190 -0.6567758 -0.4527011 -0.5707183 -0.4112299 -0.1373178 -0.3949115 -0.3683138 0.0020907 -0.5716902 -0.2091991 -0.0841805 -0.0883311 -0.3287914 0.0628210 0.1172268 -0.4946633 -0.5069796 -0.1927632 -0.1488834 0.0999223 -0.2507345 -0.3937977 -0.2811355 -0.2410508 -0.1454498 -0.2381606 -0.3948773 -0.0375422 -0.1148368 -0.4099562 -0.3719381 -0.4006023 0.2107695 -0.1233593 -0.4430637 0.0054350 0.5080263 -0.1789509 -0.2317380 -0.1317704 -0.1618331 -0.0884352 -0.3281386 0.5520668 0.0362076 -0.1260781 0.3137019 0.1655971 -0.2839554 -0.0717276 -0.1221857 -0.3545692 -0.3390162 0.1997968 0.4548313 -0.0063177 -0.0683869 -0.0951681 0.1860982 -0.0702369 0.1110723 0.3974965 0.2011870 0.3273331 0.3385610 0.3355110 0.2373898 0.4080082 0.1974457 0.0757536 0.1397874 -0.5860744 -0.2621017 0.0125174 -0.5281079 -0.3616289 -0.4085139 -0.1570028 -0.4841430 -0.3426023 -0.3593355 -0.1006028 -0.1911600 -0.0274419 -0.3071132 -0.3637726 -0.3092051 -0.2834610 -0.2234311 0.2941507 -0.4550230 0.0945861 -0.1106172 -0.3486460 -0.4514209 -0.4648900 -0.0096721 0.1351919 -0.0235367
