0.0000000 0.4441129 0.3442220 0.2551222 0.0558102 0.2617367 0.3731863 0.2415877 0.2213644 0.1403986 0.0529939 0.2695870 0.1244168 -0.0879126 0.2487453 -0.1840841 -0.2063366 0.0845834 -0.1483663 -0.2431262 0.0124596 0.1118692 -0.3062310 0.0090478 0.1562575 -0.4008640 -0.1768316 -0.0183284 -0.0057827 0.0164043 -0.2707244 -0.0766737 0.0807293 -0.0603912 -0.1882822 -0.0188679 -0.3050082 -0.1988653 -0.1934487 -0.1609385 -0.1879383 0.0508393 -0.3035602 -0.0919151 0.2030202 -0.2631904 -0.2938181 -0.1099375 0.0160640 -0.3837853 -0.2662244 -0.2457225 0.2756452 -0.0523032 -0.2283230 -0.2319629 -0.4587113 -0.1377589 -0.1269796 -0.3124624 0.3067270 -0.2027665 -0.4195899 0.0205146 0.4776217 -0.4738169 -0.3751279 -0.2186628 -0.3643631 -0.1131101 -0.4182269 0.3502470 -0.2893114 0.3913226 -0.2468830 -0.0297823 -0.0181853 -0.2474738 -0.2058061 0.2296051 0.0190966 0.0068524 -0.2550325 -0.2210511 0.0222316 -0.2585834 -0.4423565 -0.3960285 -0.1150642 -0.0631189 -0.1473950 -0.0131010 -0.1457626 -0.1000842 -0.0642451 -0.3078693 -0.1360729 -0.4271030 -0.1203112 0.0007227 -0.2476967 -0.4193197 -0.2698177 -0.1067149 -0.2797766 -0.1930963 -0.3410388 -0.1890790 -0.1532151 0.0190505 -0.3086138 0.1648360 -0.3352232 -0.3719942 -0.1840656 -0.0946890 -0.1252595 -0.1104509 0.0879437 0.1046790 -0.1082270 -0.2006176 -0.0932256 0.1566812 0.0602297 -0.2908832 -0.3534633 -0.0377198 -0.2557567 -0.3387732 -0.5555719 0.0405356 -0.4467307 0.1794119 -0.3058866 -0.0014146 -0.5097821 -0.3279020 -0.3676753 0.2652032 -0.3834103 -0.2406091 0.1221972 0.5268592 -0.4867657 0.1533402 -0.2909098 -0.3339713 -0.2855471 0.0047122 0.0251320 0.1542908 -0.1508986 -0.2968065 -0.1332597 0.5500537 0.1877806 -0.0813573 0.0649525 0.3243946 -0.0110376 -0.0800881 0.4305440 0.1460237 -0.0577707 0.3825959 0.2530072 -0.0584451 -0.0331637 0.1249985 0.0819801 0.0498467 0.6976707 0.2335330 0.5004471 0.3901833 0.2373614 0.2907363 0.1695408 -0.0588542 0.1375666 0.1583354 -0.1117312 0.3137958 0.0550089 0.4191646 0.0980892 0.1404227 0.3225704 0.1353481 0.2245884 0.1416228 -0.0734716 0.3951518 0.0439772 0.3469639 0.3664626 0.3824840 0.2823485 0.0087413 -0.1601234 -0.2123853 0.2667320 0.2809655 -0.2230014 -0.2147175 0.0017491 0.1470830 -0.1840748 0.1589523 0.2814195 0.5025800 -0.0707970 0.5406211 0.5043691 0.0909536 0.2570916 0.2661388
0.4441129 0.0000000 0.1353780 0.9516909 -0.1818870 0.9242512 0.6241865 0.8129628 0.7326265 0.7659438 0.8027937 0.7211499 0.2018784 0.1865832 0.4902819 0.6362341 0.5007413 0.1760679 0.4843249 0.0991242 0.4524705 0.2957602 0.2897259 0.4183122 0.3096021 0.0611425 0.0021235 -0.0023879 0.5421987 -0.0147670 0.0629067 -0.1151047 0.1882927 0.2700583 0.1749393 0.6433980 0.1988133 0.1385864 -0.2614343 -0.3695991 -0.3267746 0.6782482 -0.1425947 -0.0714789 0.5732940 0.0664645 0.0603803 -0.2700840 0.3060212 0.1030858 -0.0331970 -0.2935687 0.8133702 -0.2430169 -0.1201147 0.2268548 -0.0556074 0.1485720 -0.1205779 -0.1092671 0.2370484 -0.0639392 0.0071390 0.6230960 0.8612938 -0.0380470 0.0284398 0.0849329 0.3586777 0.5192759 0.1327099 0.8961327 0.2899419 0.8478026 0.5106873 0.5623562 0.7731037 0.4709985 0.4335487 0.2637292 0.2381987 0.0658205 -0.2869072 -0.4739882 -0.2087738 -0.1368798 -0.3803297 -0.3086262 -0.2394421 -0.2129486 -0.0053682 0.0630157 -0.4967984 -0.0976733 -0.1503501 -0.1238950 -0.4078220 -0.4735939 -0.2377059 -0.0952510 -0.2206898 -0.1538846 -0.0025080 0.2792975 -0.1225199 -0.2212999 -0.0587401 0.1788205 -0.0390520 -0.0249784 -0.2899708 0.0874726 -0.4561586 -0.3008808 -0.0313142 -0.2838412 -0.1804423 -0.2220302 -0.2598368 0.0532825 -0.2051041 -0.3046227 -0.3169091 -0.0046552 0.0446343 -0.1676156 -0.1689135 -0.4113981 0.0217972 0.0422449 -0.4186843 -0.2905165 -0.3326302 0.0876062 -0.1354815 -0.2731572 -0.4872573 -0.0012643 -0.2101076 0.3304536 -0.2520736 -0.0148534 -0.5054353 0.0861189 -0.1465385 -0.0249710 -0.1846499 -0.1834686 -0.3877463 0.1222283 0.0668807 0.3717475 -0.3368683 -0.4325099 -0.1605166 0.4803599 -0.0673541 0.1629789 -0.1865663 0.0876127 -0.1820017 -0.2050883 0.4743177 0.2889930 -0.3008701 0.3248428 0.0235084 -0.1296645 -0.1129158 0.0197402 0.0146909 -0.2215545 0.5746133 0.1324010 0.4269288 0.2146903 0.1622107 0.0402706 0.3370537 0.4225425 0.0863483 0.3660272 0.3880891 0.1675245 -0.0280386 0.3990355 -0.1676413 0.4776001 0.0831096 -0.1677624 0.0407608 0.1256979 -0.1879024 0.2831034 0.1101525 0.3447656 0.3059217 0.3425682 -0.0795817 0.0792396 0.1307277 -0.2718650 -0.1428484 0.0855434 -0.1977614 0.0012865 -0.1855066 -0.0549406 -0.2161390 0.1006325 -0.1587861 0.2549205 -0.2376673 0.7965387 0.5270467 -0.1180689 -0.0015933 0.2361198
0.3442220 0.1353780 0.0000000 0.1222068 0.8004056 0.0208671 0.4339444 0.4183399 -0.1356807 0.3324776 0.2535891 -0.0730123 0.8426340 -0.5118017 -0.1496244 0.1444154 -0.1706577 -0.4239551 0.0813791 0.0873634 -0.4079428 0.1043851 -0.0580011 -0.4839410 0.3165291 -0.0285351 -0.2133731 -0.6678487 -0.5635993 -0.4634674 0.1233668 0.6948917 -0.6116649 -0.7146914 -0.1375144 -0.4746141 0.2018683 0.4853917 -0.3546705 -0.6219654 0.4337361 -0.3449419 -0.1839460 -0.5421208 -0.1814795 0.1053127 -0.1333290 0.5677609 -0.4933499 -0.0071602 -0.2247732 -0.3350290 -0.1923967 -0.2251877 0.5320929 -0.0184610 0.0227846 -0.1619269 0.4692032 -0.2821475 0.6127597 -0.1569606 0.1822031 -0.2870333 0.1249315 0.1272175 -0.2761224 -0.2976406 -0.0745359 -0.2712462 -0.1304498 -0.0253114 -0.2244483 0.0536221 -0.3265603 -0.1485891 -0.0356457 -0.3934010 -0.3360247 0.6873814 -0.3166924 0.2873162 0.2511862 0.3705261 0.5475304 -0.0358719 -0.1454794 -0.1099024 -0.0785920 -0.0982397 -0.0833941 0.4062287 0.3238132 0.0826760 -0.0008320 0.1233469 0.2198147 0.3079861 0.1047274 0.4119754 -0.1697041 0.0547972 -0.0275401 0.4234074 0.0509725 -0.0393410 0.0294806 0.1185249 -0.2293865 0.5787617 -0.1246678 0.2663524 -0.1758118 0.0849578 -0.0732882 0.1112605 0.0906596 0.2258285 0.2439728 0.1571316 0.0806083 0.0627344 0.0098976 0.2260467 0.0321307 0.1228106 -0.1842335 -0.0344050 0.1611876 -0.0882898 0.0753051 0.2255832 0.0258251 -0.0277265 0.2446656 -0.0219817 0.1136989 0.1417000 0.2171128 0.2875036 0.1194912 0.2263386 -0.0295601 0.0560327 0.2179640 -0.0036992 0.3745684 0.2685594 0.1779981 0.1111023 -0.0054034 0.2787672 0.3351647 0.0827691 -0.0748303 0.2481338 0.0787109 0.1678027 0.1152713 0.2020376 -0.0356771 -0.1302700 0.1523492 0.2242395 0.2305566 0.2106474 0.2465767 0.2967915 0.2894893 0.1858457 0.3819664 0.4430852 0.2656219 0.4920430 0.7199163 0.4604252 0.1533254 0.3506627 -0.1928291 -0.4847904 0.4442843 0.0843410 0.2966516 0.7386192 0.6628580 0.6899809 0.6930882 0.5952133 0.6794931 0.5815885 0.2382201 0.2557562 0.3263497 0.3534689 0.2152071 0.2229284 0.2069079 0.3842246 0.6080479 0.0794661 0.3257628 0.1200403 0.3937638 0.2510999 0.3678335 0.3160534 0.2902111 0.1919006 0.0434264 0.3624101 0.2680709 0.4089858 0.5221220 0.3763404 0.0799711 0.1776769 -0.3284283 0.2077254
0.2551222 0.9516909 0.1222068 0.0000000 -0.1897986 0.9310238 0.5742206 0.8890277 0.6794859 0.7962331 0.8890987 0.6728221 0.2788001 0.1378338 0.4044318 0.7575474 0.5886383 0.0632855 0.6418346 0.1954758 0.3899534 0.3629648 0.4575000 0.3816126 0.3686554 0.1901504 -0.0139853 -0.0762566 0.4963018 -0.0994966 0.0994340 -0.0553354 0.1708552 0.2388293 0.3022242 0.5983768 0.3171414 0.2849412 -0.2362752 -0.4154165 -0.3175747 0.6219080 -0.0221620 -0.1284185 0.4670979 0.1578272 0.1710810 -0.1951552 0.2536464 0.2208283 0.0803079 -0.2460100 0.7679403 -0.2981277 -0.0220760 0.3252957 0.0972306 0.0987931 -0.0557232 0.0130109 0.2171598 -0.0206666 0.0589824 0.5863812 0.7913577 0.1458271 0.1422766 0.0837434 0.4728706 0.5180495 0.2638858 0.8797910 0.3342040 0.8097601 0.5730739 0.5630364 0.8425560 0.5206034 0.4556605 0.3060449 0.2289631 0.1109723 -0.1422806 -0.3370606 -0.1068245 -0.0489224 -0.2935430 -0.1649787 -0.2139867 -0.1610671 0.0299247 0.0417466 -0.4988073 -0.0262194 -0.1973489 -0.0533147 -0.4193850 -0.3990708 -0.2559776 -0.0280253 -0.1112425 -0.0565119 0.0691528 0.3460282 -0.0038758 -0.1265139 0.0378666 0.2875942 0.0359692 0.0434153 -0.2337656 0.1264773 -0.4543967 -0.2224538 0.0940029 -0.2544931 -0.1504326 -0.1581927 -0.2733984 0.0486399 -0.1791225 -0.3079670 -0.4228320 -0.0334512 0.0219241 -0.0601429 -0.1640964 -0.5067906 0.1096641 0.0855976 -0.3313953 -0.3769127 -0.2793980 -0.0151808 -0.1018311 -0.3550569 -0.4260657 0.0954237 -0.1545946 0.3536524 -0.2155219 0.1063999 -0.5615775 -0.0858369 -0.0692083 -0.1091268 -0.1547258 -0.1254999 -0.3139989 0.2088624 0.0852037 0.2469960 -0.3441804 -0.4161139 -0.1863164 0.3243759 -0.0959112 0.1711230 -0.1892508 0.0812518 -0.2242940 -0.1853233 0.3844261 0.3715026 -0.3465832 0.1888964 -0.0521429 -0.0513170 -0.0694627 0.0559425 0.0324066 -0.1953843 0.5160353 0.1380884 0.3307897 0.1446012 0.0766454 -0.0377936 0.2453980 0.3708884 0.0655433 0.3081050 0.4088689 0.1230640 0.0474449 0.4230929 -0.1057189 0.5657716 0.1213735 -0.0908363 -0.0090361 0.2064786 -0.0725774 0.2122924 0.1127511 0.3345625 0.2586851 0.3398509 -0.0729571 0.1210009 0.0943617 -0.3517092 -0.3027633 -0.0882365 -0.2240776 0.0515771 -0.1887421 -0.1708277 -0.3402974 0.0217958 -0.3047958 0.1900228 -0.2381337 0.7493610 0.4949932 -0.2158311 -0.1187399 0.0679785
0.0558102 -0.1818870 0.8004056 -0.1897986 0.0000000 -0.3541399 0.1232654 0.1855385 -0.3527979 0.0474487 -0.0390254 -0.2613988 0.7495587 -0.4705396 -0.2975057 0.0356291 -0.2573747 -0.4280725 -0.0025333 0.2197527 -0.3515883 -0.0209483 -0.0562600 -0.4749066 0.2173852 0.0475791 -0.1058431 -0.5941429 -0.6685356 -0.4063881 0.2111571 0.8232335 -0.6221121 -0.6593863 -0.0711961 -0.5065535 0.2610510 0.4999241 -0.1402041 -0.3615465 0.5874456 -0.4642094 0.0536675 -0.5421945 -0.2841415 0.2098342 0.0148758 0.7125448 -0.5422929 0.1500225 -0.0344354 -0.0574094 -0.4079362 -0.0566033 0.6875003 0.0516841 0.1410658 -0.1973387 0.4562868 -0.1058047 0.4962523 -0.0842612 0.5385729 -0.4637730 -0.2451582 0.1385808 -0.2137564 -0.2956389 -0.0317130 -0.4106985 -0.1878964 -0.2727047 -0.2928018 -0.2632698 -0.4131704 -0.3747718 -0.2910983 -0.4578359 -0.4173126 0.4047826 -0.2962953 0.0862282 0.4310263 0.4945250 0.4603811 0.1407065 0.0478063 0.1642682 -0.0358289 -0.1483915 -0.0804908 0.3224999 0.5692608 0.1002193 -0.0761110 0.0143710 0.3656940 0.4754798 0.0619259 0.3167276 -0.0979467 0.3343312 0.2169139 0.3336344 0.1168299 -0.0576068 0.0726075 0.1369506 -0.1483555 0.3663955 0.0202558 0.0511146 -0.0474223 0.0566387 -0.1434305 -0.0321059 -0.0533007 0.1363652 0.1221253 0.3698733 0.2302720 0.0465079 0.2253549 -0.0103328 0.2708283 0.1297118 -0.2248742 0.2423573 0.2090817 -0.2860977 0.1327951 0.2160075 -0.0282763 0.1548001 0.2038473 0.1446368 0.2316071 0.2511235 0.2803349 0.2700204 0.1988894 0.1910587 0.1079259 0.0979346 0.2333729 -0.0448173 0.2997998 0.1994156 0.1309777 -0.0189021 0.0150251 0.1276396 0.2710490 0.1563366 -0.2653637 -0.1135110 -0.0352610 -0.2131033 0.0014395 0.1355608 -0.2612991 -0.1883454 -0.2144032 0.0368905 0.0501575 -0.0990115 0.0301893 0.0925678 0.1327312 0.1464101 0.1156076 0.2666303 -0.1460492 0.1448952 0.3780502 0.4695514 0.3176519 0.4241374 -0.0539445 -0.3790777 0.3072553 0.0679946 0.2416676 0.5358609 0.5759074 0.3157820 0.6452636 0.3793851 0.3962375 0.3359040 0.4701219 -0.0522117 0.1308258 0.4309472 0.4704971 0.2181072 0.1784968 0.2510632 0.4409881 0.1439811 0.2950753 0.3725289 0.3445516 0.2522680 0.3678494 0.1168180 0.2606317 0.1109788 0.2027511 0.4641516 0.2646283 0.4357411 0.4681402 0.1017759 -0.1157470 0.0773284 -0.0238102 0.1529124
0.2617367 0.9242512 0.0208671 0.9310238 -0.3541399 0.0000000 0.6756316 0.7050424 0.8305484 0.8491835 0.8347358 0.8199788 0.0579543 0.1848717 0.6153331 0.6362124 0.4828474 0.2097140 0.4848362 0.0444540 0.5440816 0.1393172 0.2482903 0.5151022 0.1726437 0.0956162 -0.1233181 0.0535748 0.6486545 -0.0494638 0.1035576 -0.2406645 0.2681012 0.3269766 0.0691744 0.6567361 0.1091383 0.0655168 -0.3174492 -0.3563197 -0.4668760 0.6121135 -0.2210444 0.0295802 0.4586143 -0.0401974 0.0093230 -0.3840688 0.3656159 0.0168659 -0.1042947 -0.3791781 0.8124514 -0.3878708 -0.2897155 0.1052579 -0.0649613 0.1159444 -0.1941349 -0.1625692 0.1036222 -0.1468855 -0.0476778 0.6283969 0.8373498 0.0390777 0.0268016 0.0660064 0.3837322 0.5359477 0.1972507 0.8312973 0.3355614 0.8179932 0.5072959 0.5866555 0.7550325 0.5144024 0.4964021 0.2711178 0.2645579 0.2336387 -0.3387910 -0.5222838 -0.2086671 -0.2695855 -0.4353899 -0.3206128 -0.3737586 -0.2974387 -0.1519378 -0.0645648 -0.5780628 -0.0735206 -0.2611443 -0.1790446 -0.5596517 -0.4901042 -0.3264573 -0.1231442 -0.2624464 -0.2462681 -0.1216949 0.1987802 -0.2418603 -0.3220526 -0.1314699 0.1185145 -0.1958158 -0.0237407 -0.4049048 -0.0056849 -0.5213370 -0.3163024 -0.0471605 -0.2666061 -0.1817431 -0.2340844 -0.2826663 -0.1105117 -0.2564124 -0.2694082 -0.4005221 -0.0351857 -0.1019624 -0.0146608 -0.0127404 -0.4982402 0.1371130 0.1220680 -0.3415504 -0.3897334 -0.1976217 -0.0285708 -0.1619324 -0.3565311 -0.3963225 0.0963950 -0.1359977 0.3694756 -0.2177764 0.0959034 -0.5981817 0.0110397 -0.0180684 -0.1807835 -0.1934068 -0.1379690 -0.3237002 0.1684744 0.1322982 0.3084924 -0.4058562 -0.3896047 -0.1322097 0.3152184 -0.1154939 0.2110515 -0.2592549 0.1035829 -0.1902984 -0.2692904 0.3340503 0.3277336 -0.3288413 0.1716170 -0.1436506 -0.1199360 -0.1490780 -0.0396493 -0.0092529 -0.2487895 0.5292908 0.2194433 0.4207585 0.1696337 0.1264294 0.0148248 0.3284287 0.3713740 0.0115588 0.2301119 0.2567671 0.0784097 -0.0613860 0.4362996 -0.1679313 0.5295526 0.1745707 -0.0280859 -0.1089564 0.2749105 -0.0360441 0.1714256 0.0161877 0.3588562 0.3499880 0.3561586 -0.0670882 0.2103065 0.0104730 -0.4084055 -0.2395076 -0.0805955 -0.1199579 0.0303570 -0.0187197 -0.0502818 -0.3581143 -0.0376599 -0.2899815 0.1896072 -0.1933057 0.6686841 0.5656802 -0.0661514 -0.1676081 0.1696688
0.3731863 0.6241865 0.4339444 0.5742206 0.1232654 0.6756316 0.0000000 0.5331258 0.6767878 0.7396818 0.6631019 0.6886626 0.3096165 -0.0333129 0.5785871 0.4943461 0.2907074 0.0649633 0.2194187 0.2527150 0.3670560 -0.1053707 0.0597668 0.1652933 0.0925821 -0.0256160 -0.3404849 -0.1933766 0.2864703 -0.2256631 -0.0134678 0.0317200 -0.0244679 -0.0876427 -0.1899884 0.3945230 -0.1923920 0.1225284 -0.3886335 -0.3696591 -0.2836373 0.3183738 -0.3234735 0.0382284 0.2577118 -0.2484846 -0.2534956 -0.1307363 0.2603492 -0.2640644 -0.3367530 -0.4341615 0.5167422 -0.2211881 -0.2297160 -0.2534132 -0.2438299 0.2168226 -0.1042482 -0.3977275 0.2274908 -0.1050987 0.2023293 0.4217066 0.6193369 0.0466174 -0.2302480 0.1749441 0.3495427 0.4162065 0.0728377 0.6143634 0.3746103 0.6891279 0.1265277 0.4990236 0.3838506 0.2646369 0.3661721 0.5380308 0.1583272 0.4090460 0.0112572 -0.1066038 0.2574320 -0.2058364 -0.4236986 -0.1583285 -0.2557863 -0.2129489 -0.3628947 0.0437039 -0.1949657 0.3230552 -0.1401422 -0.2583103 -0.4719541 -0.2174835 -0.0304832 0.2673616 -0.0896201 -0.2510754 -0.1009384 0.3956435 -0.3837409 -0.2771383 -0.1315203 0.2655695 -0.4538032 0.3075775 -0.2902106 0.1609857 -0.3703048 -0.1458488 -0.1128572 -0.1395486 -0.1098485 -0.1445038 -0.1478251 -0.0528500 -0.1212549 -0.0269919 -0.2835795 -0.0252315 -0.0537587 0.0973003 0.1087546 -0.2178047 0.2884495 0.0291355 -0.2142522 0.0111538 -0.0536957 0.0309216 0.0785653 -0.0425773 -0.2422054 0.1801060 0.0226590 0.6253298 -0.1297514 0.3216755 -0.2567299 0.3206367 0.0438575 -0.2892478 -0.0501818 -0.0203976 0.0085132 0.3693206 0.4332619 0.4438502 -0.2830479 -0.2852153 -0.1151860 0.2799058 0.2585519 0.2490121 0.0328345 0.3257667 -0.1085527 -0.1562000 0.1514530 0.5266393 -0.1028194 0.1856027 -0.1358073 0.0961190 0.1022188 0.2056161 0.2625911 0.0792911 0.4790808 0.5998759 0.8332392 0.4780941 0.3355026 0.3640758 0.3765329 0.1683144 0.3706056 0.4223344 0.2664419 0.5317498 0.1623098 0.5482820 0.1508420 0.7567574 0.4648689 0.2719791 0.0460555 0.3294273 0.1629438 0.4180169 0.2159774 0.4888465 0.4962943 0.4563580 0.2982614 0.2880589 -0.0247925 -0.2598797 0.0278708 0.0916418 0.2529042 0.2143887 0.1896477 0.0079777 -0.3252514 0.2693207 -0.0941665 0.3846582 0.2896484 0.5013676 0.5237721 0.0319607 -0.2229409 0.4307342
0.2415877 0.8129628 0.4183399 0.8890277 0.1855385 0.7050424 0.5331258 0.0000000 0.4434464 0.6985296 0.8774146 0.4113131 0.6495248 -0.0448764 0.1690402 0.8077114 0.5512971 -0.1439569 0.7417277 0.3195295 0.1328504 0.4858079 0.5332973 0.0859945 0.5723544 0.2855796 -0.0327621 -0.3186402 0.1802097 -0.2568651 0.1515569 0.3174035 -0.0876643 -0.0547515 0.3468696 0.3618449 0.4492309 0.5842455 -0.2497195 -0.5388189 -0.0706112 0.4739642 0.0811914 -0.3115144 0.3761203 0.3511860 0.2436275 0.0944309 0.0177476 0.3787082 0.1549553 -0.1940173 0.5168255 -0.2051315 0.3179483 0.4528112 0.2005763 0.0715808 0.1824182 0.0746873 0.4264940 0.0664059 0.2365900 0.3910831 0.6227742 0.2124702 0.1336489 0.0547660 0.4824692 0.3795527 0.2382313 0.7301433 0.2433013 0.6492495 0.4485986 0.4167050 0.7561261 0.3484604 0.2840538 0.4539586 0.0858136 0.1702035 0.1828359 -0.0531333 0.1486734 0.2051814 -0.0847659 0.0472158 -0.0423687 -0.0151599 0.1852460 0.2169583 -0.2243653 0.1435813 -0.1153218 0.1131010 -0.1417353 -0.0816336 -0.0938429 0.1776943 0.0584660 0.2288367 0.3059036 0.5721269 0.2368138 0.0881209 0.2784828 0.5039084 0.1983235 0.2449118 -0.0194395 0.2937822 -0.3181179 -0.0298927 0.1460135 -0.1685962 -0.0778978 -0.0324143 -0.1711977 0.2358104 -0.0279103 -0.2361995 -0.2933684 0.0270765 0.1668050 0.0305954 -0.2037329 -0.3318495 0.2394806 0.0794964 -0.1508904 -0.1821906 -0.1908605 0.0453671 0.0366177 -0.1561931 -0.2640390 0.2172262 0.0261622 0.3895371 -0.0350288 0.2180413 -0.4232669 -0.0816936 0.0480881 0.0427324 0.0516848 0.0603882 -0.1783560 0.2844079 0.1475327 0.3313019 -0.1512372 -0.2336544 -0.1663908 0.3511973 0.0105593 0.2047344 -0.0718883 0.1883881 -0.1684551 -0.0956478 0.3745186 0.4422761 -0.1991459 0.2464975 0.1167294 0.0962079 0.0772256 0.2138771 0.1645532 -0.0078115 0.4398510 0.1593574 0.3934038 0.2291940 0.1053810 0.0880034 0.1554681 0.2610952 0.2876045 0.4245202 0.5783550 0.3715623 0.3134821 0.4728611 0.1191047 0.6265714 0.1945693 0.0006786 0.1928683 0.1842347 0.0011270 0.3495241 0.2838101 0.3539401 0.2437436 0.3840481 0.0821177 0.1451425 0.2171404 -0.2162608 -0.2001353 -0.0063855 -0.1916330 0.1233459 -0.1465577 -0.1604675 -0.2703467 0.1969607 -0.2167135 0.2471576 -0.1053293 0.7213467 0.3605230 -0.1958783 -0.1614609 0.0451983
0.2213644 0.7326265 -0.1356807 0.6794859 -0.3527979 0.8305484 0.6767878 0.4434464 0.0000000 0.6302500 0.6140713 0.9133163 -0.0993063 0.2999967 0.9035640 0.4683468 0.3360272 0.4211425 0.3604859 -0.0571369 0.7482425 -0.0393958 0.0167859 0.7206810 0.0610874 0.1547516 -0.2628799 0.2808044 0.8576335 -0.0268810 0.0898609 -0.3184354 0.4129668 0.5315464 -0.1904748 0.7505210 -0.1421218 -0.0969041 -0.4106880 -0.1700930 -0.5022648 0.6377514 -0.3997772 0.2174554 0.5460248 -0.1886343 -0.1332338 -0.5084204 0.5166424 -0.1587805 -0.2551162 -0.4313912 0.8175836 -0.3290121 -0.5439389 -0.1226686 -0.2418965 0.1729518 -0.4601943 -0.2968949 -0.0650686 -0.2461890 0.1585091 0.6226264 0.7159057 -0.0941448 -0.1649478 0.1412589 0.2720090 0.5127364 0.0738556 0.6956424 0.2891545 0.7062142 0.4004917 0.4777588 0.4901572 0.5147117 0.5578561 0.0746992 0.3863598 0.2523556 -0.4046658 -0.6521413 -0.3064506 -0.3896091 -0.4655779 -0.2173540 -0.4315594 -0.3570518 -0.3310384 -0.3906428 -0.5171233 -0.0491958 -0.3424504 -0.3798133 -0.6311554 -0.4548914 -0.3737344 -0.2961706 -0.3101110 -0.3383837 -0.1954828 -0.0202585 -0.4798533 -0.3971041 -0.2448115 -0.0355800 -0.3522910 -0.2632704 -0.4784422 -0.2350113 -0.4519971 -0.4341009 -0.2632670 -0.3220488 -0.3091429 -0.4649126 -0.3622387 -0.2367257 -0.2825274 -0.2344798 -0.3138130 -0.2099223 -0.1988171 -0.0251724 0.0866369 -0.3174954 0.0544671 0.0457311 -0.3709947 -0.2950699 -0.1986779 -0.0051845 -0.1014657 -0.1421525 -0.3964825 0.0384998 -0.1253717 0.3726910 -0.0663151 -0.0113602 -0.4995267 0.3482679 -0.0857299 -0.1064268 -0.3652648 -0.2476405 -0.2939970 0.0544072 0.2572622 0.3560615 -0.6763062 -0.0971431 -0.2166229 0.2308919 -0.1507153 0.0548131 -0.4314462 0.0458188 -0.2482418 -0.4073564 0.2326588 0.2127611 -0.4539739 0.0314887 -0.1759457 -0.2735308 -0.3672013 -0.1291106 -0.1772220 -0.4468735 0.3669135 0.0835114 0.3205320 0.1368824 0.1985611 0.0434033 0.4578456 0.4722989 -0.1755986 0.1808158 0.1062644 -0.0774647 -0.2266481 0.1782659 -0.3223194 0.3867301 0.0195645 -0.1299897 -0.1160104 0.2691621 0.0087005 0.1505147 0.0110284 0.3379491 0.4367138 0.3503934 -0.0622978 0.2786547 -0.2590996 -0.4386288 -0.2820148 -0.1508269 -0.1211610 -0.0357035 0.1443108 0.0944858 -0.4103627 0.0530239 -0.3605674 0.2082545 -0.2028764 0.4499046 0.5663361 -0.0151280 -0.0920997 0.1925946
0.1403986 0.7659438 0.3324776 0.7962331 0.0474487 0.8491835 0.7396818 0.6985296 0.6302500 0.0000000 0.8388665 0.7250019 0.2922254 -0.0379101 0.4325605 0.6566774 0.3566794 0.0105964 0.4861493 0.0745715 0.4681619 -0.0732243 0.2096830 0.2647078 0.1880940 0.1187539 -0.1563037 -0.2175465 0.3011067 -0.1891185 0.1514069 0.1269624 -0.0297954 -0.0315608 -0.0270534 0.3961277 0.2737995 0.2288393 -0.3058675 -0.4554655 -0.3198362 0.3122049 -0.1633418 -0.1541498 0.2472860 -0.0160657 0.0034223 -0.1537038 0.1084605 0.0703622 -0.1350618 -0.3806408 0.5375820 -0.4692757 -0.0373825 0.0559400 0.0490826 -0.0041190 0.1458601 -0.2298616 0.3780575 -0.1880998 0.1591418 0.3474863 0.6875825 0.1801836 -0.0325708 -0.1413997 0.4361501 0.2957438 0.1728298 0.5969804 0.2238397 0.5999725 0.3260935 0.4124813 0.6214755 0.3210632 0.3227916 0.5653537 0.1890072 0.4365884 -0.1307380 -0.3212842 -0.0215935 -0.2194693 -0.4328334 -0.3017848 -0.4905983 -0.4527413 -0.2898191 0.1308831 -0.3402687 -0.0165649 -0.3541154 -0.1936984 -0.4662188 -0.2893883 -0.3433408 0.0516822 -0.3245084 -0.0549954 0.0074778 0.3689637 -0.2633234 -0.4706040 -0.1181885 0.1799152 -0.3948418 0.2190880 -0.4503380 -0.0029940 -0.5273523 -0.2394393 -0.0934327 -0.2486725 -0.1605010 -0.0560811 -0.1808337 0.1417382 -0.0664830 -0.1666592 -0.2155711 0.0365852 0.1384373 0.0887977 -0.0077747 -0.3672459 0.3636402 0.0473351 -0.2304048 -0.3653961 -0.1114767 0.0766358 -0.1410059 -0.3485607 -0.1958893 0.2861614 0.0283876 0.5165460 -0.1458032 0.1959314 -0.4835260 -0.1090341 0.1756411 -0.3661713 -0.0106841 0.0193629 -0.2013172 0.1405621 0.1199917 0.2990391 -0.2039077 -0.3931016 -0.1548943 0.1152823 -0.1806626 0.1128752 -0.2308100 0.2631077 -0.2851883 -0.3893354 0.0160343 0.3311289 -0.2574847 -0.0086444 -0.3340203 -0.0982319 -0.0707443 0.0336104 -0.0027784 -0.1186998 0.3731184 0.3258370 0.6292783 0.5178331 0.4265126 0.3699020 0.4065187 0.1730850 0.2139804 0.2742827 0.3651626 0.3839977 0.3211615 0.6836394 0.2693076 0.7199686 0.4358325 0.2291212 0.1995452 0.3176231 0.1036092 0.4755022 0.3103606 0.5778219 0.5403514 0.5337284 0.2089569 0.3689517 0.2325158 -0.2306123 -0.0322577 0.0352086 0.0801420 0.0647353 0.1408123 -0.0562862 -0.2454862 0.1728021 -0.1551787 0.3939824 0.0571065 0.6670031 0.4843877 0.0135409 -0.1485568 0.2986608
0.0529939 0.8027937 0.2535891 0.8890987 -0.0390254 0.8347358 0.6631019 0.8774146 0.6140713 0.8388665 0.0000000 0.5521070 0.4120286 0.0413426 0.3317801 0.9144400 0.6899760 -0.0349716 0.7816846 0.2105144 0.3553768 0.3088347 0.5519818 0.1480120 0.5149729 0.4226402 -0.0890359 -0.2403515 0.3911475 -0.2269844 0.2069007 0.1809973 -0.0191295 0.0411873 0.2154247 0.5500075 0.3767923 0.4933846 -0.2791514 -0.4907695 -0.2214047 0.5764483 -0.0046208 -0.0748787 0.4334998 0.2404683 0.1890165 -0.1269278 0.2303798 0.3137979 0.0407128 -0.2704061 0.5610831 -0.2055588 0.0414304 0.3248351 0.1770436 0.2899092 0.0214627 -0.0415121 0.2205927 0.1000761 0.2128316 0.5721050 0.6492130 0.2485218 0.1619453 0.2256934 0.6222185 0.5918164 0.3719548 0.7108239 0.4818914 0.7150259 0.5343770 0.6547041 0.8532498 0.5230307 0.5089631 0.4804999 0.1633145 0.4140049 0.1255805 -0.1676468 0.1525310 0.1106048 -0.1731509 0.0172300 -0.0918050 -0.0132071 0.0646329 0.1719184 -0.3029510 0.2380140 -0.0390125 0.1451063 -0.3082504 -0.1242943 -0.0226302 0.2546617 0.0944356 0.1274809 0.2641984 0.6047633 0.0744110 -0.0193989 0.2539013 0.4653035 -0.0093423 0.3240121 -0.0607230 0.3050030 -0.2335358 0.0810586 0.1921694 -0.0283924 0.0594289 0.0870121 -0.0913182 0.2041075 0.0959938 -0.0772091 -0.2581583 0.1666139 0.1738288 0.0403539 0.0287992 -0.3832784 0.3169395 0.3458697 0.0025759 -0.2073801 -0.0162776 0.1080271 0.0526314 -0.2261974 -0.1060493 0.2145931 0.0960576 0.3622080 0.0451363 0.2375787 -0.4963339 -0.1837339 0.1507492 -0.1408369 0.0837512 0.1373711 -0.0131324 0.4267484 0.2568559 0.4159127 -0.1794631 -0.2067400 -0.0336669 0.2863530 -0.0099504 0.3578319 -0.0518397 0.1562648 -0.1080702 -0.0314407 0.2316247 0.4170096 -0.1349088 0.2163384 -0.0525693 0.1162033 0.0931892 0.0900368 0.2114095 0.0011757 0.2762322 0.1560006 0.4241975 0.2262255 0.1574314 0.1624052 0.2937504 0.3995165 0.3293883 0.4841993 0.4850371 0.3433422 0.1726510 0.4937050 0.0627959 0.6972767 0.1901300 0.0168090 0.1204758 0.2177521 0.0261107 0.3112641 0.2504995 0.3231135 0.3334997 0.3384578 0.0007678 0.1445139 0.1575687 -0.3492604 -0.1592055 0.0216170 -0.0779558 0.1576550 -0.0669771 -0.0527892 -0.3453181 0.0393363 -0.2277814 0.1114809 -0.1228546 0.5824327 0.2827766 -0.0774667 -0.2716848 0.1187526
0.2695870 0.7211499 -0.0730123 0.6728221 -0.2613988 0.8199788 0.6886626 0.4113131 0.9133163 0.7250019 0.5521070 0.0000000 -0.1080502 0.1775681 0.8451879 0.3961120 0.2099992 0.2857431 0.2767010 -0.0526461 0.7992217 -0.1660371 -0.0117891 0.6671078 -0.0394479 0.0029088 -0.2622828 0.1792447 0.7202128 -0.0627278 0.0082767 -0.2983309 0.3526886 0.4130929 -0.1559607 0.6541954 -0.1007308 -0.1424168 -0.3439521 -0.1512199 -0.5301267 0.4528416 -0.3552913 0.1220764 0.3602769 -0.2965130 -0.1819919 -0.4127163 0.4209954 -0.2211513 -0.2565652 -0.4015318 0.7695075 -0.4144757 -0.5024915 -0.2210769 -0.2434875 0.0282532 -0.3506632 -0.3178612 0.0271189 -0.3148204 0.1952467 0.4566619 0.6714560 -0.0485113 -0.1923611 -0.0257359 0.2777919 0.3235048 0.0316743 0.6673012 0.1807798 0.6342380 0.3023961 0.3228016 0.4092768 0.4103424 0.4321205 0.1485945 0.3859933 0.1661641 -0.4551853 -0.5942362 -0.3080877 -0.5117394 -0.6239147 -0.3371154 -0.6040537 -0.5364084 -0.4823368 -0.3972165 -0.5203077 -0.1480563 -0.5090816 -0.5526018 -0.7403241 -0.5609520 -0.5451260 -0.3055906 -0.4511868 -0.4227544 -0.2948874 -0.0851380 -0.5782441 -0.5709627 -0.4814394 -0.1504928 -0.5161101 -0.2555903 -0.6711005 -0.3477722 -0.5759616 -0.5766146 -0.2702263 -0.3850712 -0.3764928 -0.4317780 -0.3415992 -0.1572153 -0.2997453 -0.2591291 -0.3893645 -0.2363089 -0.1453768 -0.0634793 -0.0288205 -0.4384183 0.0065235 -0.1405474 -0.5609702 -0.4569349 -0.3019815 -0.0462385 -0.1690001 -0.3746202 -0.4769035 0.0054682 -0.2409394 0.5186334 -0.2383948 -0.0723917 -0.4550605 0.2831488 -0.1794357 -0.4078826 -0.4645859 -0.3487318 -0.3178988 -0.0561612 0.1620701 0.1400323 -0.7026122 -0.3473260 -0.2873294 0.0152262 -0.2221869 -0.1656148 -0.4638518 0.1488606 -0.4019542 -0.5237028 0.0130899 0.2888073 -0.5719086 -0.2041581 -0.4467992 -0.3172490 -0.3598319 -0.0285481 -0.2573496 -0.4428215 0.4512569 0.1894057 0.3847106 0.3558540 0.3865538 0.1533973 0.5028594 0.2777288 -0.2891039 0.0453180 0.0263918 -0.0887611 -0.1089880 0.2940985 -0.1396186 0.4867395 0.2060099 0.0423781 -0.0135224 0.3332888 0.0871234 0.2801131 0.0990825 0.5300942 0.4983980 0.4391373 0.0450418 0.3304763 -0.2621400 -0.4712287 -0.3281626 -0.2366173 -0.0790585 -0.1147826 0.1102587 -0.0596193 -0.4563133 0.0401556 -0.3755987 0.4310122 -0.1379102 0.6001657 0.7024901 -0.1547780 0.0163130 0.1879118
0.1244168 0.2018784 0.8426340 0.2788001 0.7495587 0.0579543 0.3096165 0.6495248 -0.0993063 0.2922254 0.4120286 -0.1080502 0.0000000 -0.3965220 -0.1993631 0.4301507 0.0950832 -0.4375347 0.4363762 0.3467334 -0.4156121 0.4366373 0.2869515 -0.3869896 0.4971031 0.2429369 -0.1058520 -0.6161573 -0.4453819 -0.4461821 0.2295848 0.7153163 -0.5403916 -0.5704828 0.1659216 -0.3185528 0.4520773 0.7466263 -0.2562411 -0.5722969 0.4789700 -0.1402478 0.0409807 -0.5472390 -0.0866511 0.4034956 0.1265672 0.6249983 -0.4681903 0.3067354 0.0526679 -0.1632818 -0.1190230 -0.1449299 0.7076039 0.3082012 0.2461350 -0.1251564 0.5280093 0.0054508 0.6287777 -0.0137888 0.4051801 -0.1910902 0.0985276 0.3171243 -0.0284391 -0.1521977 0.1254574 -0.1148673 0.1150804 0.1019102 -0.0673309 0.0706283 -0.0319061 -0.0710413 0.2185746 -0.1391957 -0.1641261 0.5867440 -0.2104099 0.1775601 0.3965580 0.4064240 0.4907960 0.1957005 0.0954086 0.1913220 0.0354073 0.0197679 0.1732243 0.3272003 0.2137019 0.1973799 -0.0323097 0.2757645 0.2290693 0.3883115 0.0981067 0.3687286 0.0712538 0.3076645 0.1992900 0.5531858 0.3357111 0.2766848 0.2823431 0.3642608 0.1162832 0.4204233 0.1036272 0.2760814 -0.0463092 0.2257747 0.1481590 0.1329448 0.1476125 0.2061075 0.1783986 0.2000023 0.1098838 0.1112144 -0.1062586 0.1361555 0.0569866 0.2525859 -0.0760604 -0.1190554 0.2388183 0.0354659 0.1656752 0.0886861 0.0925235 -0.1012454 0.3339822 0.0170379 0.1113817 0.2300704 0.2443938 0.2250763 0.2595229 0.2573770 -0.0874080 -0.0878676 0.2364705 0.1467317 0.3486525 0.3016329 0.1770963 0.1148943 0.0033149 0.2733188 0.2077910 0.1922438 -0.0572525 0.2170386 0.0723082 0.1856042 0.0763893 0.1312816 -0.0393612 -0.0864116 0.2132217 0.3088163 0.1165264 0.1702407 0.3080592 0.2901806 0.2565222 0.2640780 0.3086597 0.3016097 0.1984592 0.3377826 0.4561369 0.2744556 0.0032175 0.1533102 -0.2717373 -0.3257454 0.3800241 0.1636429 0.5395217 0.6131004 0.6675135 0.4858813 0.5603691 0.5333113 0.4242078 0.3731591 0.2227089 0.2420376 0.2780029 0.2866763 0.2968120 0.2000429 0.0639228 0.2632783 0.4465889 0.1337573 0.3074024 0.0279993 0.0673444 0.0442784 0.1256302 0.3833454 0.1004991 -0.0486131 -0.0430426 0.3499543 -0.0082704 0.2453646 0.3766181 0.3485466 -0.0068692 -0.0745128 -0.3627250 0.0349195
-0.0879126 0.1865832 -0.5118017 0.1378338 -0.4705396 0.1848717 -0.0333129 -0.0448764 0.2999967 -0.0379101 0.0413426 0.1775681 -0.3965220 0.0000000 0.0752557 0.0450798 0.5607270 0.9079948 0.1027451 -0.0333752 0.3103185 0.2605209 0.3429474 0.6367466 0.1265278 0.3422121 0.7253857 0.8841168 0.4651319 0.8906175 -0.0752254 -0.2741883 0.7542434 0.8338360 0.4553869 0.4367835 0.1351519 -0.0974356 0.6342192 0.7344545 -0.0275827 0.4574980 0.4803923 0.6653452 0.6755289 0.3093857 0.5752276 -0.2861293 0.6600934 0.2897356 0.5725593 0.6133371 0.5046345 0.4696986 -0.1740975 0.3968683 0.4671111 0.3079479 -0.1990535 0.6130977 -0.0333945 0.5191487 -0.0233844 0.6338022 0.3745713 0.3701568 0.6554542 0.4236078 0.3682793 0.5572498 0.5998237 0.3900566 0.4943078 0.4101753 0.7497304 0.4925153 0.3322885 0.7307739 0.7444208 0.0077426 0.7573678 -0.1555517 -0.0907900 -0.2644404 -0.6608537 0.1389255 0.2821400 -0.1910610 0.1826929 0.1791094 0.0377664 -0.1491821 -0.3449226 -0.3192142 0.1716570 0.0272207 -0.1959665 -0.3966972 0.1601118 -0.4782319 0.0954804 -0.0660924 0.1242780 -0.3697420 -0.2516597 0.0985352 0.1327566 -0.0024286 0.0972193 -0.5076090 0.1347205 0.0728110 0.0631477 -0.1309381 -0.0596760 -0.1602605 -0.1283223 -0.3087115 -0.2848461 -0.2443735 -0.3743387 -0.1900900 -0.0943031 -0.2334885 -0.0864655 -0.4907769 0.0784265 -0.0956409 -0.3145942 0.0432568 -0.3380089 -0.1954160 -0.1189032 -0.0546841 -0.2303822 0.0594449 -0.4621457 -0.2732428 -0.4641765 -0.2711859 -0.3937554 -0.2897448 0.2891785 0.1343679 -0.3737920 0.2258590 -0.2885857 -0.3186703 -0.1442917 -0.2363037 -0.0676484 -0.0876483 -0.2471724 -0.1364530 0.1387605 0.2396618 0.2158742 0.1160474 0.2501336 -0.1811533 0.3151136 0.0406219 0.2019066 -0.1126016 0.0125739 0.1820217 0.1311057 -0.0819177 -0.0155377 0.0825750 -0.0036276 -0.1864736 -0.1787116 -0.1111209 -0.2315003 -0.1718830 -0.0398435 -0.2433680 0.2128312 0.4329703 -0.1978708 0.2308469 0.1322151 -0.2687817 -0.2452006 -0.3290342 -0.5104899 -0.2806788 -0.4361946 -0.5190351 -0.1951990 0.2163701 0.0301718 -0.1129163 -0.3713771 -0.2861032 -0.2564530 0.1302442 -0.0394391 -0.2684301 0.1382186 -0.0265536 -0.3312994 -0.1908379 -0.2872908 0.0916330 -0.4022387 0.0015061 0.2106513 0.0996885 -0.4556253 -0.3460569 -0.5236118 -0.1126535 -0.1443540 -0.2697911 0.2032661 0.4764382
0.2487453 0.4902819 -0.1496244 0.4044318 -0.2975057 0.6153331 0.5785871 0.1690402 0.9035640 0.4325605 0.3317801 0.8451879 -0.1993631 0.0752557 0.0000000 0.2070544 -0.0149608 0.3031031 0.1038315 -0.1407649 0.6901863 -0.2582896 -0.3003538 0.6540563 -0.1956756 -0.0307280 -0.5163784 0.2243187 0.7649930 -0.1994392 0.1281416 -0.3965419 0.2849223 0.3955893 -0.4739540 0.5614696 -0.4049751 -0.2995550 -0.5909096 -0.2012093 -0.5342257 0.3949923 -0.6436834 0.1136113 0.2863514 -0.4323655 -0.4034606 -0.5350360 0.3291663 -0.4158657 -0.5134265 -0.6088700 0.5775137 -0.4778004 -0.6673962 -0.4140480 -0.5040976 -0.0076005 -0.5407060 -0.5393212 -0.2108902 -0.5159274 0.1230343 0.3346386 0.4547883 -0.3409661 -0.4655908 -0.0257047 -0.0212055 0.2323971 -0.2371948 0.4068920 0.0411785 0.4360186 0.0549535 0.1893853 0.1417095 0.2385945 0.3022586 -0.1214384 0.2312846 0.2576180 -0.4989194 -0.6913016 -0.2606501 -0.5480431 -0.5633405 -0.1943826 -0.5288309 -0.4769213 -0.4794309 -0.5887109 -0.3994603 -0.0563585 -0.4342725 -0.5664691 -0.6301058 -0.3893967 -0.4620827 -0.3640052 -0.4382144 -0.4389681 -0.3624451 -0.1849396 -0.5871829 -0.5110946 -0.4251112 -0.2441492 -0.4732870 -0.3214044 -0.5702963 -0.4419135 -0.4346631 -0.4902181 -0.3892281 -0.3290086 -0.3570647 -0.5137048 -0.3477612 -0.3043113 -0.2532700 -0.1830398 -0.2204708 -0.2841354 -0.2741120 0.0900300 0.0717016 -0.1627441 0.0540282 -0.0982208 -0.3409769 -0.2404741 -0.2220861 0.0531604 -0.0998519 -0.0690025 -0.2990516 0.0460654 -0.0673480 0.3921803 -0.0126272 -0.0244092 -0.4700545 0.4938189 -0.0367798 -0.1493926 -0.4486490 -0.3210522 -0.3522065 -0.0143668 0.3235271 0.3265591 -0.7247693 0.0054346 -0.3243880 0.0764539 -0.2693100 -0.1209005 -0.6151046 0.0813641 -0.3569841 -0.4752753 0.0942894 0.0837480 -0.5169656 -0.1189007 -0.2670410 -0.4399657 -0.5616251 -0.2705632 -0.3599481 -0.5486707 0.3103278 0.0417043 0.2584030 0.0871742 0.1843248 0.0711062 0.3890664 0.3224927 -0.2966483 -0.0414412 -0.1254310 -0.1781040 -0.3086515 0.0913023 -0.2819680 0.2630620 0.0479984 -0.0419051 -0.1306222 0.1646669 -0.0137056 0.0728783 0.0156268 0.3294043 0.4864741 0.2746319 -0.0648553 0.3740378 -0.4589812 -0.4100070 -0.2037139 -0.1159167 0.0276051 -0.0978879 0.3862534 0.2128021 -0.4189610 0.0406257 -0.2148170 0.2827469 -0.0155326 0.2962262 0.6431218 0.1879339 -0.0213699 0.1036298
-0.1840841 0.6362341 0.1444154 0.7575474 0.0356291 0.6362124 0.4943461 0.8077114 0.4683468 0.6566774 0.9144400 0.3961120 0.4301507 0.0450798 0.2070544 0.0000000 0.7785284 -0.1246487 0.8523638 0.3995551 0.2946444 0.3977757 0.7259085 0.0591599 0.5278652 0.5883665 0.0120361 -0.2808591 0.3294728 -0.2564712 0.2748090 0.2169806 -0.1491814 0.0149185 0.3740882 0.5635178 0.5077270 0.5758676 -0.1846379 -0.4086444 -0.0801570 0.5747742 0.1337112 -0.1357074 0.3544645 0.3535428 0.2842145 -0.0426621 0.1444070 0.4618249 0.1459728 -0.1332289 0.3976403 -0.0858719 0.1538353 0.4286119 0.3115152 0.3461346 0.0234503 0.0757748 0.0894904 0.1851474 0.4351011 0.5052421 0.3757072 0.3528998 0.2583029 0.3581869 0.7096735 0.6043106 0.4761728 0.5913972 0.5839678 0.5396861 0.5921670 0.6340308 0.8490888 0.6134588 0.5480160 0.3230870 0.1477432 0.3171056 0.2737632 -0.0175086 0.2053323 0.2847258 0.0187943 0.2272155 0.0909590 0.1152353 0.2096058 0.1435410 -0.1780434 0.3281384 0.0957576 0.2618385 -0.2314738 0.0180898 0.1165401 0.3108858 0.3057828 0.2868643 0.4016056 0.6717623 0.2513776 0.1802302 0.3945360 0.5396944 0.1603062 0.3113293 0.1838817 0.3295724 0.0126072 0.2773517 0.3963169 0.0875084 0.1930864 0.2042183 -0.0381229 0.3170002 0.2675784 0.0827584 -0.1687021 0.1520468 0.2736979 0.0684539 0.0902108 -0.3164745 0.2903923 0.4149713 0.1527969 -0.1883105 0.0202700 0.1784540 0.2407505 -0.1863470 0.0161510 0.2020848 0.1199973 0.2758750 0.1581554 0.2402552 -0.4272750 -0.2849975 0.1667407 -0.1541749 0.0930461 0.1416972 0.0992084 0.4614107 0.2695739 0.3707076 -0.1736803 -0.1308387 -0.0443155 0.1488622 -0.0583745 0.2856705 -0.0310517 0.0216278 -0.1550290 0.0993249 0.1274461 0.3491377 -0.1752699 0.1052737 -0.0913656 0.0952063 0.0801272 0.0539343 0.1378401 -0.0599579 0.0062512 -0.0217394 0.1708415 0.0769533 0.0740914 0.0528967 0.2204014 0.4670508 0.2730779 0.4899451 0.5451014 0.2175658 0.0869974 0.2534315 0.0156644 0.5946643 0.0011021 -0.1075579 0.1486977 0.0483931 -0.0580857 0.2257955 0.3675418 0.2039801 0.1847420 0.1257821 -0.1509018 0.0672877 0.1633719 -0.2641379 -0.2225782 0.0355105 -0.0262654 0.2457094 -0.1898245 -0.1474555 -0.2585916 0.0253892 -0.2135171 -0.0036096 -0.0748161 0.4211711 0.0879877 -0.1996712 -0.1886881 0.0099648
-0.2063366 0.5007413 -0.1706577 0.5886383 -0.2573747 0.4828474 0.2907074 0.5512971 0.3360272 0.3566794 0.6899760 0.2099992 0.0950832 0.5607270 -0.0149608 0.7785284 0.0000000 0.2979391 0.6739123 0.3441321 0.2409919 0.5424389 0.8716118 0.1792348 0.5475226 0.6434169 0.4792799 0.1971760 0.3791939 0.3119765 0.1003684 0.0390483 0.2710044 0.3860340 0.6646375 0.6169176 0.4437021 0.4508916 0.3369930 0.1304101 0.0066882 0.6724059 0.5171446 0.3384909 0.6124603 0.4756756 0.5861266 -0.0980092 0.5274288 0.5458341 0.5159816 0.3724230 0.4908021 0.4039593 0.0795135 0.5864669 0.5451625 0.6002689 -0.0958972 0.4928056 -0.0369912 0.6493561 0.2345098 0.7806117 0.4092596 0.5214140 0.6773712 0.6902368 0.8159723 0.8554546 0.7783638 0.6421687 0.8517241 0.6511687 0.8549742 0.8588048 0.8388354 0.8611439 0.8385629 0.2615805 0.4583991 0.0814869 0.3240757 0.0643366 -0.0255319 0.4463953 0.2538948 0.1834097 0.3976830 0.4392013 0.2979058 0.1570271 -0.2535674 0.2203770 0.3891093 0.3793219 -0.1784890 -0.1463965 0.4059493 0.1964671 0.5080856 0.2019750 0.4546254 0.4213425 0.1879174 0.3828212 0.4778725 0.5180066 0.2878192 0.1199545 0.4040496 0.5027224 0.2158832 0.3341063 0.4417516 0.1399760 0.2341797 0.1664356 -0.0667225 0.1562155 0.1038234 0.0309850 -0.2236533 0.1144481 0.2001853 -0.3113008 0.0814928 -0.3193549 -0.0200549 0.4546730 0.0353931 -0.1306796 0.0058339 0.0985289 0.1108234 -0.1275866 -0.1755537 -0.0926740 -0.1755437 -0.0358179 -0.1255580 0.0435668 -0.0682210 -0.2608668 -0.1361258 -0.0336948 -0.0046492 -0.0061939 0.1685745 0.3956660 0.1946205 0.1600991 -0.1187769 -0.2391006 0.1522872 0.2509526 0.2573575 0.3994723 0.3654245 -0.1094050 0.1904915 0.3759196 0.2086505 0.2588378 0.0450320 0.2790181 0.0695474 0.2272556 0.2823204 0.1736090 0.3194542 0.0819879 -0.1375644 -0.0565940 -0.0436401 -0.1152211 -0.0738768 -0.1480054 0.1941879 0.5726795 0.2209317 0.5794718 0.4467943 0.0558552 -0.1189766 -0.0248498 -0.2781325 0.3110725 -0.2710139 -0.3867353 -0.0484615 0.0785075 -0.0572483 0.0271950 -0.0045570 -0.1608792 -0.1538170 0.0351107 -0.1916936 -0.3113271 0.1902953 -0.2308823 -0.3378269 -0.0538238 -0.1726812 0.2681426 -0.5226155 -0.1472467 -0.0932672 -0.0475256 -0.3681509 -0.3391340 -0.3746769 0.1722537 -0.1621030 -0.3459782 -0.0798324 0.2214392
