0.0000000 0.4976371 0.2157789 0.3872011 0.0689839 0.2804609 0.2405256 0.1988280 0.5363002 0.0809909 0.1141457 0.4665563 -0.0949475 0.2069080 0.3153324 0.0851825 -0.0111156 -0.1813470 0.1295754 -0.1439521 0.6258112 -0.3404528 0.1044545 -0.0975571 0.0212079 -0.0381619 -0.2081531 -0.2153391 0.2458919 -0.0390542 -0.1535604 0.0384475 -0.1733266 0.2497283 0.0372720 0.5064528 -0.0486917 -0.0237450 0.0992470 -0.2410092 -0.0320453 0.2020914 0.0768337 -0.1445136 -0.1252185 0.0173162 -0.0703382 -0.0517671 -0.0035455 -0.0234974 0.0035623 -0.0186305 0.0730178 -0.2101929 0.0058594 -0.1099583 -0.0735892 -0.1559816 -0.2851804 -0.0176544 -0.0531650 -0.0748513 0.1001584 0.1019800 -0.1766894 -0.0566381 0.0477279 -0.1066462 0.0698385 -0.1028066 0.0403999 0.0597512 -0.0401020 0.0183740 -0.1310653 -0.1487177 0.0763350 0.2187386 0.0330132 0.0726383 0.1978021 0.3319339 0.2322275 -0.0335348 0.2619400 -0.1868005 0.1497494 0.2046141 -0.0778195 0.2025250 -0.0533221 0.2294160 -0.1664592 0.1189881 0.3147739 0.3983028 -0.0794413 -0.2698295 0.0417930 -0.3798264 0.2211145 -0.3459316 -0.3078991 0.0107357 -0.1388830 0.1206895 -0.2815534 -0.1084324 -0.0461230 0.3445624 0.2059436 0.1237023 -0.2936884 -0.1410255 -0.0421452 -0.2983716 -0.1804403 0.0198030 -0.3013504 0.3641245 0.1145175 -0.2727069 -0.1438700 0.2049613 0.2313156 0.1937344 -0.3628657 -0.0676626 0.1063682 -0.0371898 0.0762371 0.3091976 -0.1014078 0.2494190 0.5635966 0.2257794 0.0725647 0.2612948 0.0516701 0.5212204 0.6488654 0.4190047 0.3689444 0.3192838 0.3997659 0.3103870 0.1989384 0.2734456 0.5769486 0.4686203 0.5845821 0.3989624 0.3395573 0.5357923 0.3158725 0.3759133 0.4257899 0.5389715 0.4644715 0.6500074 0.3121639 0.4416528 0.3650058 0.4411536 0.4601683 0.4838974 0.4398422 0.4089309 0.1560666 0.6219668 0.5431741 0.3802816 0.7836483 0.5142982 0.6177955 0.1196446 0.1748700 0.2179566 0.3776886 0.2273241 0.1119086 0.0699311 0.0532028 -0.0213903 -0.1802483 -0.3633606 -0.2112244 -0.1183115 0.1945556 0.4249352 0.3568991 0.2601560 -0.0689469 0.2907056 0.3197762 0.2139876 0.1884239 -0.1081644 0.1433149 0.2906139 0.5027367 0.1113843 0.1441418 0.1641210 0.4006816 0.1251463 0.1893079 0.5691859 0.4716481 0.0816918 0.1725277 0.2115564 0.3888667 0.3609888 0.6009549 0.2414052 -0.1835973 0.1773574
0.4976371 0.0000000 0.5626090 0.8866347 0.5099140 0.9385164 0.5704866 0.6617559 0.7753265 0.7885770 0.5563116 0.8247434 0.3580320 0.8618527 0.5561804 0.5537735 0.5444770 0.2557549 0.4934329 0.0417747 0.8219101 -0.0478051 0.6906968 0.2894835 0.5467760 0.5730924 0.5086760 0.1095989 0.5976476 0.4811387 0.4298401 0.6827333 0.0748785 0.6538258 0.6054825 0.5701469 0.5476039 0.4935039 0.5982917 0.1727868 0.5235018 0.3379411 0.5696832 0.3379106 0.2438994 0.3897314 0.3894759 0.4020311 0.4729693 0.3818847 0.5200052 0.5217340 0.5867873 0.4472878 0.3234907 0.2354883 0.3557626 0.4909012 0.3238639 0.6046306 0.4889115 0.5461151 0.3128981 0.6147306 0.1898949 0.2746734 0.7771557 0.5649943 0.3733450 0.6202421 0.3329058 0.6385776 0.5709954 0.6414458 0.4375053 0.3657279 0.7125161 0.5629804 0.2743587 0.4113323 0.4493522 0.4926500 0.7297628 0.5327007 0.6927618 0.1160088 0.4995345 0.5343853 0.2803454 0.5432975 0.2007550 0.3886665 -0.0341802 -0.0428616 0.5552705 -0.0736296 -0.1642124 -0.3291526 0.3895588 -0.3605071 0.1777883 -0.2665205 0.0526791 -0.0764919 0.0013037 0.1649872 -0.0851741 0.2097439 0.1483145 0.5382570 0.5168922 0.0564558 -0.2305674 0.0243472 0.0705430 -0.2247947 -0.1271949 0.1638489 -0.1707593 0.3596420 0.1880837 -0.4715613 0.0349818 0.2632777 0.1043048 -0.0298430 -0.2154932 -0.0316979 0.1094593 0.1070230 0.1704603 0.4998000 -0.1451111 0.4765137 0.8534570 0.1722223 0.1358876 0.2314920 -0.0045199 0.6550935 0.7066840 0.4833769 0.4055445 0.5672696 0.4240411 0.5518880 0.0529097 0.1160392 0.4210936 0.4274903 0.6387691 0.7442111 0.2451904 0.5522719 0.0391990 0.6835850 0.3511631 0.4489850 0.5663141 0.6159684 0.2687326 0.4890864 0.7433110 0.3031491 0.3049810 0.6619528 0.6553292 0.5458596 0.1976573 0.3788756 0.4891809 0.3906828 0.4328736 0.2300984 0.8884775 0.5790129 0.6033871 0.5095766 0.5828484 0.4129336 0.6054209 0.5739223 0.5747392 0.5890346 0.5107104 0.1415633 0.5139769 0.2435420 0.7130776 0.8112409 0.2393647 0.5435611 0.1613350 0.2116621 0.1153203 0.1634711 0.4313282 0.2937240 0.3011680 0.1310158 0.2775690 0.1129986 0.6547128 0.4064528 0.7537233 0.4139135 0.1399222 0.6712064 0.5198202 0.1030328 0.5097804 0.5489991 0.6881591 0.4459087 0.3343637 0.1586663 0.2080778 0.1803792
0.2157789 0.5626090 0.0000000 0.5695403 0.8654097 0.5185283 0.0055875 0.3813646 0.4198319 0.5808703 0.3094296 0.5326932 0.4585819 0.5358830 0.3785849 0.3248735 0.4835840 0.0655610 0.4035066 0.5965559 0.5110386 0.5030145 0.5487690 0.2350084 0.4588659 0.3560406 0.1992912 0.0352969 0.4233428 0.0405411 0.5015104 0.4022947 0.0229316 0.4768346 0.1262244 0.5097283 0.2461760 0.3544468 0.0730606 0.0042795 0.7189744 0.3070171 0.1245906 0.0728080 0.2614254 0.2920720 0.0769046 0.5654199 0.1713255 0.2056830 0.1239541 0.1065188 0.2764521 -0.0172246 0.2146340 0.2034265 0.2408115 -0.0355499 0.4182916 0.2045426 0.3418244 0.1081384 0.4416478 0.2650043 0.1638939 0.2987084 0.3337560 0.1217911 0.2877054 0.1823097 0.1861809 0.2986326 0.1205967 0.4412400 0.1796496 -0.0303765 0.5822881 -0.0583422 -0.2254794 -0.0503379 0.0523089 0.3776136 0.5087142 0.3285753 0.1691855 -0.5757365 0.0926987 -0.1995010 -0.4553495 -0.0008368 0.0938775 -0.0832407 -0.5656373 -0.5779039 0.1817514 -0.3131634 -0.2315556 -0.6559888 0.0444427 -0.6597348 -0.3116231 -0.6223505 -0.3773188 -0.4603392 -0.2255643 -0.5211841 -0.5821142 0.0588173 -0.0645601 0.1567053 0.2523657 -0.2614908 -0.4413030 -0.4231755 -0.1510834 -0.5730904 -0.5854023 -0.3131076 -0.5961309 0.2957372 -0.2161820 -0.6750260 0.0637187 -0.1232532 -0.0148278 0.1973118 -0.4666651 -0.0401278 0.1673595 -0.0797506 -0.0190805 0.1394471 -0.2195617 0.0802450 0.4644485 0.2258227 0.0893864 0.2658065 0.1212754 0.6378511 0.4574133 0.6365661 0.3574320 0.3386225 0.3022314 0.4220152 0.1903907 0.1975075 0.3863459 0.6062589 0.5506607 0.5575387 0.3721607 0.3062839 0.2946784 0.4247249 0.4507645 0.4613883 0.3627300 0.4405565 0.4208821 0.5702984 0.5313612 0.3319865 0.3778481 0.6770555 0.4384159 0.4238973 0.2073335 0.4955098 0.3474956 0.1206214 0.2627225 -0.3003299 0.3294743 0.1200892 0.1811332 0.0462974 0.4258695 0.3927900 0.4549179 0.2866120 0.3393139 0.3364256 0.4583324 0.1179570 0.4724353 0.5717135 0.6788703 0.5143493 0.3477354 0.3443655 -0.1375729 0.2503087 0.2996439 0.1107052 0.4781736 0.2533524 -0.2109220 0.3227049 0.3528553 -0.2385429 0.2124991 0.2549484 0.5868568 0.3574123 -0.0845978 0.7171612 0.4262208 -0.2126623 0.2578777 0.6398537 0.8103533 0.3855639 0.1951270 0.5600946 0.0626630 0.2076033
0.3872011 0.8866347 0.5695403 0.0000000 0.4295259 0.8444031 0.4030322 0.8742003 0.6747821 0.8561897 0.8367422 0.6520879 0.5629847 0.8912155 0.3563226 0.8126278 0.7903463 0.1391918 0.7905929 0.0151679 0.7394425 0.2406342 0.8871281 0.2121181 0.7216737 0.7913218 0.6260504 0.0656999 0.4600557 0.4927003 0.5494285 0.7903735 0.0078150 0.5270304 0.7619631 0.5108985 0.7157181 0.5162177 0.7526351 0.2342321 0.5273923 0.1977846 0.7708806 0.3045955 0.2241683 0.5151055 0.6613175 0.3291650 0.3914012 0.6426263 0.7545519 0.7407112 0.6633875 0.6284458 0.2123106 0.3837326 0.5404489 0.5480430 0.3977979 0.8055705 0.5987222 0.7332787 0.2159785 0.6238857 0.4715015 0.1747700 0.7618603 0.6968367 0.3143273 0.7444577 0.0930054 0.7252489 0.7185712 0.6275234 0.5027821 0.5996437 0.6408335 0.4259289 0.4975217 0.5314953 0.3995285 0.4656339 0.8118924 0.4026174 0.7047271 0.1283790 0.4361280 0.3565489 0.3655933 0.6138642 0.3360614 0.3518990 -0.0151468 -0.1548394 0.5070165 -0.0627997 -0.0610364 -0.2749174 0.3020743 -0.2451562 0.1998685 -0.2040476 0.2314453 -0.1827814 0.0834047 0.1225559 -0.0510436 0.4348427 0.3793229 0.6328709 0.7268898 0.1382554 -0.0866803 0.0436283 0.0187726 -0.1915625 -0.1330104 0.1776683 -0.1330573 0.4629441 0.2161224 -0.3557882 -0.0049680 0.1599744 0.1243230 0.2120419 0.0801335 0.0694443 0.3290848 0.2891078 0.2906703 0.5708694 0.1339940 0.3268435 0.8396575 0.3714888 0.2866762 0.3767917 0.1821536 0.7659592 0.6809112 0.5918067 0.5439069 0.6830966 0.4365706 0.6016178 0.1878663 0.2648818 0.5141876 0.6007118 0.7394916 0.7505904 0.3493477 0.4648282 0.2406594 0.7686367 0.4058306 0.5274110 0.5842310 0.6198162 0.5023120 0.5638401 0.8058913 0.3373280 0.4988892 0.6465675 0.6728746 0.6493261 0.1798796 0.4371186 0.5139873 0.3748760 0.3098894 0.1604376 0.7866480 0.5578876 0.5923331 0.3656320 0.6760395 0.5992506 0.6967624 0.6619986 0.5805604 0.6411318 0.5495323 0.3780062 0.5331719 0.1297269 0.6188151 0.8026700 0.3189067 0.6833758 0.2531124 0.3988453 0.2949584 0.3551719 0.5755071 0.2549465 0.2344789 0.3381406 0.3894364 0.1229062 0.6453955 0.5332543 0.4763944 0.2248216 0.3342009 0.7303558 0.6102002 -0.0333788 0.6034288 0.6009711 0.5719275 0.4791461 0.1873779 0.2842977 0.4238794 0.3589362
0.0689839 0.5099140 0.8654097 0.4295259 0.0000000 0.5041788 0.0137160 0.3227206 0.4410868 0.5769630 0.2329418 0.4463663 0.4042040 0.3619280 0.2235090 0.2918155 0.2958671 -0.1253131 0.2637041 0.6805825 0.3399588 0.3519367 0.4256330 0.0756868 0.2802817 0.2486930 0.0443756 -0.1491727 0.2711634 -0.0989280 0.5897911 0.2887979 -0.1655062 0.2747986 0.1465804 0.2405750 0.1307172 0.2208730 0.0063799 -0.1351126 0.5936885 0.0023671 0.0863604 -0.0902485 -0.0073134 0.0934364 0.0203780 0.4281231 -0.0812436 0.1661648 0.1448031 0.0899058 0.0344263 -0.0106426 0.1686993 0.0392310 0.0611207 -0.0237151 0.1953575 0.2081026 0.1792812 0.1753503 0.2366166 0.0725569 0.0661610 0.1028576 0.3137739 0.2485038 0.1425237 0.1753858 0.0914033 0.0888774 0.2297552 0.4442200 0.1057072 0.0481418 0.3808245 -0.0467210 -0.0899682 0.1153754 0.2008157 0.3711466 0.5405214 0.4203173 0.2111919 -0.4263542 0.0988946 -0.2287401 -0.4018140 -0.0702920 0.1230517 0.0594162 -0.3959974 -0.5256808 0.0994220 -0.3468075 -0.0782074 -0.5231293 0.0951723 -0.5416198 -0.1532927 -0.4458320 -0.2751010 -0.3975483 0.1101847 -0.4308324 -0.4426613 0.0966025 0.0767351 0.1223268 0.2850538 -0.1134259 -0.2776222 -0.2850689 0.0031155 -0.3604122 -0.4145170 -0.1557718 -0.3406656 0.3111715 0.0128814 -0.5801134 0.4718834 0.0910531 0.2100431 0.2115149 -0.4099440 0.2471297 0.2510247 -0.0531712 0.0890756 0.2959324 -0.1354746 0.1390407 0.4553698 0.3514223 0.1867563 0.3575243 0.1440751 0.5618820 0.3489025 0.6709921 0.3881771 0.3929372 0.3388623 0.4505445 0.3129742 0.2965908 0.2639681 0.5510210 0.3623532 0.5693673 0.4350731 0.2722103 0.3719685 0.4887917 0.5432724 0.4772548 0.4131262 0.4723878 0.4049822 0.5297602 0.5852641 0.4549187 0.3394302 0.6948687 0.4409905 0.3157162 0.1989897 0.4046968 0.2436064 0.0026802 0.1394720 -0.2759494 0.2111490 0.2720933 0.2895922 0.1408579 0.3872627 0.3235268 0.3959952 0.1893198 0.1263948 0.2040800 0.3418924 0.1902430 0.4400390 0.4460563 0.4990116 0.3240704 0.2693953 0.1902000 -0.0773804 0.2787150 0.3492031 0.2408394 0.3073337 0.4405450 0.0152102 0.2301448 0.3845262 -0.2034524 0.3581929 0.3580894 0.5774162 0.2522747 -0.3929921 0.5489702 0.5247390 -0.1978189 0.3386644 0.7249865 0.7435937 0.2881790 0.0821884 0.5408646 -0.1237396 -0.0072943
0.2804609 0.9385164 0.5185283 0.8444031 0.5041788 0.0000000 0.6271100 0.6723849 0.7776975 0.7998491 0.5397308 0.8162092 0.5043242 0.8514663 0.5600499 0.5231613 0.5243018 0.3284766 0.5366950 0.0639752 0.7531882 0.1158712 0.7084674 0.4016959 0.6442138 0.6724736 0.5581811 0.1646638 0.6226380 0.5418691 0.5796101 0.7567768 0.1815076 0.7102921 0.6892961 0.4401327 0.6521904 0.6108681 0.5847190 0.1974554 0.6626650 0.2630248 0.5858716 0.3420938 0.2509346 0.4664902 0.5122389 0.5520885 0.5321531 0.4442979 0.5814058 0.5182665 0.6680206 0.4760708 0.4794828 0.4226796 0.5125482 0.5041307 0.4032301 0.6539710 0.5170690 0.5948123 0.4286618 0.7337442 0.2263892 0.4019913 0.8762795 0.6074308 0.4909216 0.7556651 0.3800158 0.7511653 0.6165419 0.6774500 0.6002730 0.4363052 0.7643146 0.5914199 0.2825187 0.4521512 0.4665356 0.3901429 0.6878827 0.6906953 0.7069813 0.2089428 0.5124551 0.5822673 0.3413969 0.6216976 0.3706405 0.3170427 0.0671018 0.0010325 0.6152943 0.0038218 -0.1531049 -0.2358504 0.4933038 -0.2613957 0.1716308 -0.1615360 0.1383282 -0.0185332 0.0387297 0.3002341 0.0467337 0.1915026 0.0999931 0.5707805 0.5602663 0.0399497 -0.0882381 0.1768150 0.1968607 -0.0937875 -0.0084705 0.2614175 -0.0285031 0.2124509 0.1511591 -0.3381120 0.0613567 0.2997076 -0.0464584 -0.2123634 -0.0608049 -0.1639310 -0.0584142 0.1669996 0.0545157 0.3448230 -0.2092779 0.5001261 0.7887250 0.0252421 -0.0142303 0.0628916 -0.2153822 0.5127675 0.5808826 0.3494804 0.3528469 0.4118402 0.3169222 0.5253917 -0.1038577 -0.0790265 0.4001309 0.3276188 0.4424884 0.6889242 0.1494638 0.5384347 -0.1059895 0.6153141 0.2371841 0.2904103 0.5461725 0.4687145 0.2242085 0.4876963 0.7070284 0.2230819 0.2060785 0.6041777 0.6078776 0.5331859 0.3127803 0.2857465 0.4477323 0.4117748 0.2600589 0.0472986 0.8083332 0.6965210 0.6910307 0.5702777 0.5092146 0.3206933 0.6407360 0.5868703 0.5600279 0.6276512 0.5683031 0.2046069 0.5556600 0.2220790 0.7292878 0.8175077 0.0484824 0.5559502 0.2925177 0.0304698 -0.0690590 0.0366546 0.2916744 0.4672163 0.3586482 -0.0767679 0.1349340 0.0961790 0.7255724 0.2698582 0.7319860 0.4573930 0.0732347 0.5025503 0.3951377 0.1036351 0.5339672 0.5300595 0.6941292 0.4953728 0.3135632 -0.0129100 0.1432762 0.1196380
0.2405256 0.5704866 0.0055875 0.4030322 0.0137160 0.6271100 0.0000000 0.1272637 0.5186096 0.2186538 0.0163684 0.8067279 0.0071807 0.4029426 0.7434224 -0.0254566 0.1281272 0.5865790 0.1605292 0.0285752 0.3894700 -0.1625107 0.1174088 0.6208421 0.4388516 0.1935427 0.3967153 0.4893717 0.6178235 0.5920892 0.1940376 0.4726029 0.5018446 0.6784834 0.2522472 0.0680209 0.6041463 0.5135662 0.2118941 0.2566300 0.3324162 0.2332678 0.1326266 0.5367375 0.3017795 0.4249568 0.3388431 0.4409974 0.5892931 0.2953849 0.1326319 0.0959737 0.5387085 0.2575970 0.5831791 0.3970502 0.5034446 0.2929970 0.2313545 0.2319752 0.2585203 0.2022458 0.4660973 0.5574874 -0.1491998 0.5100967 0.6402867 0.3129362 0.5746799 0.5371717 0.5010834 0.6189937 0.3813333 0.3881338 0.6686402 0.2808487 0.5652580 0.7616914 0.1291074 0.3637595 0.6638041 0.3028452 0.2704721 0.1198900 0.2151847 0.2202177 0.1066707 0.6083441 0.3701381 0.3821654 -0.0109361 0.3595813 0.2414832 0.2981735 0.3595653 0.0784667 -0.0893516 -0.0807914 0.5647339 -0.0769922 0.1773466 -0.1480462 0.1271166 0.2139359 -0.0669494 0.2978807 0.0392955 -0.0729022 -0.0306614 0.1407153 0.3596201 -0.0183759 -0.1240001 0.0086364 -0.1390799 -0.2707446 -0.1718404 -0.1255087 -0.1877390 -0.2925394 -0.1077035 -0.1954366 -0.1875069 0.2445232 -0.1553864 -0.5807397 0.1542425 -0.2257019 -0.4052996 0.2451888 0.0521254 0.1280911 -0.2086586 0.4943515 0.2421112 -0.2165486 -0.1901498 -0.3247327 -0.2928533 0.0613096 0.3667417 -0.2117792 -0.0709879 0.1209653 0.1843172 0.1949721 -0.3651289 -0.3347069 0.2139057 -0.2248618 -0.0113155 0.2803359 -0.3393677 0.3300075 -0.5010458 0.1154857 -0.2748971 -0.1505594 0.1239364 -0.0691998 -0.2920831 -0.0833198 0.2237514 -0.1541876 -0.2203801 -0.0283833 0.1808050 0.1426231 0.0760326 -0.1688831 0.0386290 0.3148096 0.1735232 0.5698559 0.5240172 0.7041356 0.7274264 0.9313796 -0.0414885 -0.1965285 0.5029601 0.2563032 0.2989626 0.3052063 0.2410266 -0.1532377 0.2022130 0.1283505 0.5214563 0.4962594 -0.3595366 0.2730714 0.4435040 -0.3965583 -0.5582281 -0.3805748 -0.1207253 0.5386920 0.6479371 -0.4580242 -0.2296534 -0.0386339 0.3808681 -0.1845591 0.5125804 0.5897476 -0.1546869 0.2481458 0.0996169 0.3919192 0.2431032 0.2820671 0.5064258 0.6384970 0.3531440 -0.1759044 0.0757903 0.1489944
0.1988280 0.6617559 0.3813646 0.8742003 0.3227206 0.6723849 0.1272637 0.0000000 0.4654252 0.8419984 0.9610017 0.2787023 0.7564467 0.7224053 0.0517936 0.9405198 0.8228944 -0.0922318 0.8915506 -0.0793520 0.5470001 0.3276807 0.9390325 0.0053906 0.7095241 0.8677738 0.6105858 -0.0900992 0.2201094 0.4442094 0.6330962 0.7957780 -0.1418102 0.2236757 0.8945730 0.3728958 0.6657637 0.4744985 0.8683635 0.2591401 0.4582043 -0.0011896 0.9326931 0.1504891 0.1136631 0.5320040 0.7772518 0.2136559 0.1429682 0.7790625 0.9071649 0.8990210 0.5449927 0.7461375 0.1545774 0.4491805 0.5228006 0.6282553 0.3714560 0.8962689 0.6629274 0.8624268 0.0452093 0.4991684 0.7049833 -0.0014241 0.6588607 0.8035279 0.2320171 0.7662231 -0.1382393 0.6440926 0.8053184 0.6690986 0.4523033 0.7674825 0.4181742 0.2922342 0.6755251 0.6500238 0.3109864 0.1148063 0.7603137 0.4188359 0.8590888 0.3347577 0.5574298 0.2520622 0.4413367 0.6704338 0.6040511 0.3895746 0.1718107 -0.1694490 0.4869811 0.0375359 0.1644935 0.0381454 0.1065818 -0.0270168 0.2898857 0.1019259 0.5443933 -0.2713661 0.3446418 0.2479170 0.2586323 0.6563890 0.6324910 0.7984428 0.8404770 0.4915121 0.3390379 0.3783261 0.3385702 0.2096819 0.1952926 0.4599019 0.2482745 0.6256758 0.4199298 -0.0633583 0.1960730 0.0684684 0.1722503 0.4515594 0.2879316 0.2325590 0.4408969 0.2432336 0.2673489 0.6269343 0.3081643 0.1283505 0.8190716 0.5138261 0.2688039 0.3899489 0.1999445 0.7431296 0.5777879 0.6139028 0.7130396 0.6170805 0.2503244 0.6757332 0.2012117 0.2832610 0.5247272 0.6654335 0.7299131 0.6433478 0.3806395 0.4413056 0.3880834 0.7290420 0.5481925 0.5199840 0.6406847 0.6720186 0.5852400 0.6075200 0.8003790 0.4190862 0.5935650 0.6317010 0.6992716 0.6260920 0.1421324 0.4556194 0.5456806 0.3203844 0.2316308 -0.0105076 0.6509128 0.4980378 0.4577743 0.1251781 0.7317725 0.7582580 0.6560467 0.7364895 0.5334979 0.6884939 0.5798502 0.6818580 0.5629232 -0.0036861 0.4211214 0.5858425 0.4618124 0.6705398 0.3427205 0.5831664 0.4889574 0.5671934 0.6288733 0.2177832 0.1055780 0.5082404 0.4699884 0.0738300 0.7464466 0.6199940 0.1353252 -0.1021242 0.3446550 0.4625337 0.5304747 -0.3122816 0.6931228 0.5995401 0.3066320 0.3021591 -0.0434793 0.1902056 0.4832956 0.3986410
0.5363002 0.7753265 0.4198319 0.6747821 0.4410868 0.7776975 0.5186096 0.4654252 0.0000000 0.5390313 0.3735796 0.7315185 0.2361944 0.6439378 0.3404535 0.3031306 0.2227598 -0.0809052 0.4081696 -0.1162696 0.6596705 0.0893628 0.4153321 0.0133459 0.3277495 0.3572859 0.1612513 -0.2517681 0.2660411 0.1072499 0.4175110 0.3142125 -0.2328410 0.3967472 0.4346680 0.2884180 0.3104346 0.1743418 0.3046231 -0.3148080 0.3156143 -0.0567029 0.4004806 -0.1842129 -0.2194453 0.0947993 0.2717672 0.2060247 0.1594437 0.2162619 0.4009453 0.2802284 0.3140602 0.0959019 0.1373917 0.1445323 0.1819691 -0.0013345 -0.1391935 0.3718219 0.0633843 0.3197508 0.1816152 0.4387912 0.0181028 -0.0182368 0.4402214 0.2906672 0.0900049 0.4053267 0.0372314 0.3737312 0.3092603 0.2417209 0.1693859 0.2191866 0.4561829 0.2624832 0.2347867 0.3151422 0.3561252 0.5975163 0.4419110 0.5915134 0.4570947 0.1268928 0.1296314 0.4065060 0.3007750 0.6111386 0.1824750 0.1507126 -0.0264489 0.2147304 0.6076477 0.1230676 -0.3295301 -0.3429546 0.5837103 -0.0704652 0.4830455 -0.2780732 -0.1897010 0.2269743 -0.1229672 0.2766970 -0.1319836 0.0177832 -0.0906292 0.5563046 0.4776688 -0.0649674 -0.1954841 0.0991493 0.2368583 -0.1269902 0.0328057 0.2794379 -0.0556900 0.3443962 0.1999084 -0.2086739 -0.0436791 0.5173153 0.2041070 -0.1110490 -0.1843093 -0.1639175 0.0893750 0.2105070 0.0598442 0.2645675 -0.1728630 0.4330167 0.7297964 0.0464015 0.0921123 0.2227844 -0.1853336 0.4268213 0.4314463 0.3579482 0.2938827 0.3808444 0.3038507 0.3039147 0.0482310 0.0965298 0.2914183 0.4751124 0.3630169 0.5155353 0.2977862 0.3600780 0.2119758 0.6888252 0.2887553 0.2890577 0.4100005 0.5575487 0.4286613 0.6120867 0.5786411 0.4177300 0.2449613 0.5777922 0.3931381 0.3031295 0.2264250 0.3056609 0.2925373 0.1122700 0.4089828 0.2219974 0.7433314 0.5924588 0.6370202 0.4749842 0.4484158 0.1926615 0.2605631 0.1514062 0.0335371 0.1080582 0.0029882 -0.0846277 -0.0189943 -0.2238769 0.4108249 0.8129814 0.1084782 0.6185389 0.3991779 0.1068198 0.1108576 0.1636774 0.2056230 0.3920876 0.4879122 -0.0100652 0.3250435 0.3418901 0.5034862 0.3656384 0.5756943 0.2491655 0.1717395 0.5726620 0.6276938 0.3495267 0.5756071 0.4563325 0.5809413 0.5212075 0.6871418 0.1405525 -0.2280742 0.1009158
0.0809909 0.7885770 0.5808703 0.8561897 0.5769630 0.7998491 0.2186538 0.8419984 0.5390313 0.0000000 0.7992284 0.4353287 0.5990819 0.8386872 0.2110622 0.8072862 0.7977888 0.0718653 0.7115790 0.0657423 0.4873491 0.2741631 0.8530571 0.1077376 0.6450733 0.7240836 0.6814253 0.0239479 0.3025862 0.4527957 0.5338500 0.7539237 -0.0924275 0.3533303 0.7318204 0.3529658 0.5727833 0.5163189 0.7492322 0.2775599 0.5295764 0.1430402 0.7732789 0.2506404 0.2131903 0.4272975 0.5299903 0.3999310 0.2684491 0.6115961 0.7140962 0.7659749 0.4791911 0.6338058 0.2796713 0.3064614 0.3573271 0.5816135 0.4126431 0.7560824 0.5825396 0.7257244 0.1435448 0.4293531 0.4256582 0.1044750 0.7057565 0.6956422 0.2344661 0.6568671 0.1003270 0.5833151 0.6601759 0.6600639 0.3833271 0.5386567 0.5832468 0.2482424 0.3634774 0.3604607 0.2052898 0.3185859 0.7733149 0.6104248 0.7373155 0.1594238 0.4741424 0.3251754 0.2699822 0.5145682 0.4285884 0.4760286 0.1297974 -0.2092173 0.5067009 -0.2588524 0.0440046 -0.1593471 0.2324816 -0.1424223 0.1936743 -0.1514789 0.3174321 -0.2324793 0.2005119 0.0295825 -0.0062609 0.5925507 0.3946353 0.6533461 0.5953369 0.1729116 0.0192537 0.2026654 0.2360905 0.0099231 0.0489696 0.3397552 0.0624852 0.5839338 0.4619933 -0.2270320 0.1634633 0.2272133 0.3029533 0.2386043 0.0593626 0.2187442 0.4344256 0.2888118 0.3982713 0.5191110 0.1908321 0.3368301 0.7780875 0.3870251 0.3840790 0.4092598 0.2725413 0.6468047 0.6078996 0.6116856 0.5600326 0.6266126 0.3749415 0.7325526 0.2466462 0.2992076 0.3404687 0.5853762 0.6202152 0.6787601 0.4215160 0.4901142 0.2340800 0.7180959 0.4656471 0.4853095 0.5620038 0.5596865 0.5060089 0.6213608 0.8034093 0.3044021 0.4933760 0.6693766 0.7248352 0.5923271 0.1851225 0.3860631 0.5099200 0.2947604 0.2266061 -0.0948651 0.6415602 0.3896292 0.3512896 0.1466445 0.5093471 0.4893476 0.5362847 0.5702529 0.5428456 0.6419885 0.6324608 0.4886210 0.6550606 0.1856446 0.5636192 0.5945751 0.4293233 0.4821654 0.1348761 0.4319780 0.3212458 0.3325381 0.5423842 0.1901538 0.0310812 0.3196074 0.2831266 0.0038887 0.8069373 0.6460393 0.4459104 0.1575572 0.1055068 0.4940914 0.4961217 -0.1964027 0.6259483 0.5766994 0.4782086 0.2083117 -0.0652382 0.1915810 0.5002990 0.3214002
0.1141457 0.5563116 0.3094296 0.8367422 0.2329418 0.5397308 0.0163684 0.9610017 0.3735796 0.7992284 0.0000000 0.1507199 0.6548332 0.6979420 -0.1112042 0.9775717 0.8376626 -0.1423379 0.8766095 -0.1560390 0.4299039 0.3376371 0.8967976 -0.1099505 0.6248582 0.8264537 0.6103383 -0.1368073 0.0697586 0.3662994 0.5335184 0.6947649 -0.2318288 0.0906814 0.8465458 0.2997419 0.6067165 0.3431600 0.8709793 0.2303737 0.2857067 -0.0762379 0.9356111 0.1179941 0.0482506 0.4264488 0.7496868 0.0338248 0.0972052 0.7442660 0.9139999 0.9351330 0.4846722 0.7847520 -0.0386818 0.3251135 0.4296615 0.6251402 0.2998191 0.8937755 0.5771096 0.8688317 -0.1198139 0.4040767 0.7211936 -0.1436214 0.5543507 0.7896748 0.0487099 0.7059064 -0.2426780 0.5442925 0.7833578 0.5229499 0.3416258 0.7746260 0.3092585 0.1861410 0.7366461 0.6132212 0.2376283 0.1923145 0.7180359 0.3075796 0.7419830 0.3476450 0.4455814 0.1817068 0.5042261 0.6240729 0.5080810 0.3598037 0.1879384 -0.1440693 0.3947877 -0.0500387 0.1578636 0.0489724 0.0990660 0.0929190 0.3241952 0.1364376 0.5371440 -0.2016457 0.3426483 0.1879403 0.2202611 0.6829099 0.6622492 0.6938793 0.7706478 0.3985742 0.2872856 0.2958977 0.2137193 0.1877906 0.1801620 0.4274953 0.2381207 0.6263852 0.4436441 -0.0033257 0.1446427 0.0759080 0.2551745 0.5288470 0.3600373 0.3140295 0.5901093 0.3152238 0.3834514 0.6326388 0.4431546 0.0661341 0.7083098 0.5567451 0.4280114 0.5064753 0.3687147 0.6874644 0.4628271 0.5949112 0.6156574 0.6808333 0.2714905 0.5622503 0.3226590 0.4089899 0.3811738 0.6324227 0.6946564 0.5543812 0.4075550 0.2646945 0.4506123 0.7350571 0.4676349 0.4996819 0.5031263 0.5848148 0.6142309 0.5083833 0.7153959 0.3461183 0.5845020 0.5134847 0.5756275 0.5474833 0.0399238 0.3631228 0.4313134 0.2095398 0.1106564 0.0062874 0.5348490 0.3946600 0.3724302 0.0071468 0.6953100 0.7391831 0.5433030 0.6538072 0.4464754 0.5822734 0.4745266 0.6845139 0.4691108 -0.1071563 0.2694220 0.5183343 0.4569018 0.6183278 0.2756053 0.6319507 0.5430603 0.6240389 0.6328141 0.0786947 0.0898933 0.5622342 0.4764931 0.1712075 0.6295327 0.7126269 0.0047517 -0.1829093 0.4523312 0.4666993 0.5657506 -0.2583995 0.6357657 0.4911810 0.1389074 0.1635829 -0.1557687 0.2372711 0.5697226 0.3879662
0.4665563 0.8247434 0.5326932 0.6520879 0.4463663 0.8162092 0.8067279 0.2787023 0.7315185 0.4353287 0.1507199 0.0000000 0.1697436 0.6329886 0.7924211 0.1244765 0.2529555 0.4749504 0.2691262 0.2581789 0.7186968 0.0195479 0.3570184 0.5702984 0.4962130 0.3125326 0.3066442 0.3193913 0.7443946 0.4164762 0.3554434 0.5182325 0.3652320 0.8460121 0.2570578 0.4231172 0.5281118 0.5151233 0.1794089 0.0903120 0.5869129 0.3708323 0.1385740 0.3995789 0.2948520 0.3883907 0.2406527 0.5683246 0.5884270 0.2066096 0.1531566 0.0805394 0.5818225 0.1219619 0.4940586 0.3177867 0.4516626 0.1796885 0.3031434 0.2699357 0.2895278 0.1847406 0.5857921 0.6336935 -0.1112827 0.5442923 0.6874578 0.2599818 0.5558954 0.4837855 0.5327317 0.6153142 0.3223937 0.4622631 0.5561428 0.1201755 0.7366908 0.6249085 -0.0073675 0.2609302 0.5709081 0.5402088 0.4896818 0.3178323 0.2746159 -0.1319418 0.1771249 0.4545584 0.0761674 0.3354639 0.0046091 0.1872606 -0.1598587 0.0134938 0.4256218 0.0149850 -0.2775932 -0.4683748 0.5318295 -0.4636644 0.0070320 -0.4491713 -0.2297789 0.0357412 -0.2150436 0.0681724 -0.3044577 -0.1746324 -0.1630996 0.1781711 0.3550662 -0.2350650 -0.4377455 -0.2610172 -0.2217418 -0.5473020 -0.4419957 -0.2227143 -0.4864836 -0.1023983 -0.2249982 -0.5538669 -0.1331902 0.2139134 -0.1567951 -0.4022560 -0.2368801 -0.2914365 -0.2725278 0.1028132 -0.0287578 0.1672370 -0.3825457 0.4995738 0.5094516 -0.1088256 -0.1266437 -0.0788509 -0.2405233 0.4082226 0.5515441 0.1914289 0.0896001 0.2939015 0.3732894 0.3018335 -0.1649356 -0.1460807 0.3970836 0.1414654 0.3088907 0.5611852 -0.0254779 0.4411239 -0.2387309 0.3800770 0.0257598 0.1855553 0.3286708 0.2554970 -0.0010306 0.2498809 0.4624006 0.0957172 0.0319497 0.3947093 0.3704410 0.3768074 0.2369694 0.1998224 0.2685985 0.3708796 0.3219708 0.3195568 0.6721290 0.6425696 0.7100487 0.7790639 0.2837449 0.0562763 0.5885645 0.3363549 0.3895145 0.3600394 0.3356846 -0.1952530 0.3138099 0.3443175 0.7453903 0.7540766 -0.1445523 0.3965802 0.1965114 -0.2061173 -0.2794758 -0.2288522 0.1039526 0.5118202 0.4672884 -0.2313559 0.0683281 -0.0273035 0.3592518 -0.0312675 0.8304600 0.7038841 -0.0783088 0.6454346 0.3576652 0.2900928 0.2654000 0.4841999 0.8427576 0.6894481 0.5057402 0.1315421 -0.0441105 0.0957878
-0.0949475 0.3580320 0.4585819 0.5629847 0.4042040 0.5043242 0.0071807 0.7564467 0.2361944 0.5990819 0.6548332 0.1697436 0.0000000 0.4660329 0.1933227 0.6363068 0.6802406 0.0876110 0.8216654 0.2856372 0.4591740 0.6498351 0.7373797 0.3165084 0.8202024 0.7998550 0.4963337 0.1583287 0.4018772 0.4638811 0.8278792 0.7726401 0.1942218 0.3346985 0.6539347 0.4037406 0.5914772 0.6949397 0.5793888 0.3762648 0.7326250 0.1418448 0.6344129 0.1635990 0.3158349 0.7336785 0.6822532 0.5311392 0.2059545 0.7587306 0.6198782 0.5970003 0.6051335 0.5072271 0.4422640 0.7791353 0.6707722 0.4174965 0.5663015 0.6076908 0.7226748 0.5548762 0.4251663 0.5886412 0.7520390 0.3275450 0.5801026 0.5649943 0.5317843 0.6871689 0.0249533 0.6525342 0.5686216 0.7120903 0.6062712 0.5807509 0.4909529 0.2214615 0.3502873 0.4957955 0.1964799 -0.2798567 0.3892574 0.4171852 0.6137988 0.1750698 0.5801367 0.0293357 0.1265492 0.4838343 0.8049735 0.0179998 0.0949525 -0.3531019 0.3474325 0.1717448 0.3289628 0.2064413 -0.0871613 -0.1368271 -0.1186298 0.2289913 0.4726388 -0.4376986 0.3177111 0.1013243 0.3227768 0.5049023 0.4680496 0.6350044 0.6837441 0.4174955 0.5228573 0.4450908 0.4272994 0.2327498 0.1256055 0.2862441 0.1978838 0.2631864 0.0255183 0.0631737 0.2327647 -0.2897572 -0.2331847 0.2902396 0.2962918 -0.0238804 0.0537000 -0.0600760 -0.1689609 0.2014856 0.0803096 -0.2517668 0.4702592 0.2067723 -0.2026213 -0.0655798 -0.1459947 0.4358177 0.2644021 0.3517936 0.5284302 0.0783738 -0.1230377 0.5167376 -0.1385384 -0.1231309 0.5239299 0.4597974 0.4465488 0.3063253 0.0943517 0.3510600 0.1847230 0.2612280 0.3157357 0.2028864 0.4242566 0.3321448 0.3810218 0.4782978 0.4611154 0.1380428 0.3942676 0.4171616 0.4598300 0.4296208 0.0897315 0.3265307 0.4471858 0.2908013 0.1495161 -0.4421738 0.3132587 0.4206361 0.3473769 0.0341435 0.6190743 0.6692467 0.6511427 0.7370862 0.5188147 0.6968712 0.6566276 0.7191158 0.6187129 0.2198570 0.5280255 0.4586901 0.2035283 0.5500201 0.3314284 0.1899925 0.2388570 0.1994628 0.4127903 0.3307790 -0.1444971 0.3189061 0.3759431 -0.0536287 0.6040012 0.2872885 0.0684709 -0.0340477 0.1531489 0.1561768 0.2775628 -0.3708327 0.6610277 0.6049431 0.4081496 0.3073355 -0.1324678 -0.0260454 0.2849717 0.4469885
0.2069080 0.8618527 0.5358830 0.8912155 0.3619280 0.8514663 0.4029426 0.7224053 0.6439378 0.8386872 0.6979420 0.6329886 0.4660329 0.0000000 0.4031588 0.6435020 0.7444125 0.3596219 0.6444670 -0.1372901 0.7096692 0.2489742 0.7832325 0.2743934 0.6619421 0.6947748 0.7544806 0.1901561 0.4712748 0.5568082 0.4421912 0.7298246 0.1059009 0.5877988 0.6440776 0.5798704 0.6011686 0.5346620 0.7303246 0.2759790 0.5332720 0.4004405 0.7220555 0.3883197 0.3747960 0.4764693 0.4696838 0.4013523 0.6098149 0.4526882 0.6045065 0.6816386 0.7317731 0.6030097 0.2269807 0.3506480 0.4196747 0.5671830 0.5044243 0.6696535 0.6027345 0.5983462 0.3098431 0.7170953 0.4280221 0.2710303 0.7340154 0.5664598 0.3052437 0.6915107 0.2853872 0.7422746 0.5387107 0.5971534 0.4484230 0.4325091 0.8083201 0.4118303 0.2760407 0.3031810 0.2457990 0.3845500 0.5959083 0.5762546 0.6396774 0.2427538 0.4515024 0.5454781 0.4404801 0.6932620 0.2883050 0.2180796 0.0228495 0.0136009 0.6284091 -0.2105395 -0.2743846 -0.2297749 0.4258842 -0.0839946 0.1815715 -0.1569298 0.1474358 0.0096795 -0.1775456 0.1279486 -0.0014835 0.2969953 0.1042784 0.5436891 0.4622183 -0.0571948 -0.1483399 0.1034155 0.1158067 -0.1315014 -0.0155776 0.2207005 -0.1007763 0.3596610 0.1072986 -0.2826430 -0.2388067 0.0873529 -0.0395800 -0.0154805 -0.0930607 -0.1860150 0.1468617 0.0939420 0.0935012 0.2919580 -0.1155974 0.2730936 0.6978365 0.0093561 0.1132296 0.1459943 0.0153739 0.5129329 0.4859985 0.3135303 0.2246954 0.4602309 0.1697930 0.3898604 -0.0800694 -0.0001177 0.1844950 0.3490501 0.6124039 0.5106292 0.0925698 0.2840838 -0.0352926 0.5985461 0.1254234 0.1987098 0.2794334 0.3984196 0.2427770 0.3981010 0.5639223 0.0462732 0.1718018 0.4549822 0.4318374 0.3896386 0.0186127 0.1559296 0.3149456 0.2043138 0.2373670 0.0024822 0.8052464 0.4349972 0.4488111 0.2508947 0.5657683 0.4545999 0.5143402 0.6175618 0.6370956 0.6546149 0.5932982 0.3135500 0.5350727 0.2111926 0.7059325 0.8744122 0.2726832 0.6552492 0.2134451 0.1786905 0.0721446 0.0929032 0.5753539 0.1262723 0.0975051 0.1978921 0.1788517 0.1886575 0.5561034 0.4731705 0.5178764 0.3457808 0.4522664 0.5859858 0.3848224 0.0825186 0.5166332 0.4108289 0.4713109 0.2619471 0.1707798 0.0477771 0.4571322 0.3306215
0.3153324 0.5561804 0.3785849 0.3563226 0.2235090 0.5600499 0.7434224 0.0517936 0.3404535 0.2110622 -0.1112042 0.7924211 0.1933227 0.4031588 0.0000000 -0.1131446 0.2472619 0.7466016 0.1440403 0.3669739 0.5800517 -0.0290767 0.1481780 0.8643695 0.5644583 0.2005055 0.4066102 0.7407221 0.9123853 0.6779349 0.2227785 0.5392998 0.7488857 0.8607969 0.0506571 0.5153121 0.4935588 0.7179044 0.1099156 0.5089971 0.6116740 0.7145877 -0.0429094 0.6690925 0.7057537 0.6494018 0.1479996 0.7284581 0.7113586 0.2546636 -0.1214179 -0.0627078 0.6251154 0.0634630 0.7461657 0.5550430 0.5363323 0.1862800 0.5396209 0.0191227 0.4996196 -0.0611557 0.7859113 0.6051903 -0.0517249 0.7797391 0.5672985 0.0724549 0.8138742 0.3451235 0.6622580 0.6384235 0.1123473 0.5408510 0.6344853 -0.0040717 0.7755251 0.6177615 -0.3000609 0.0435193 0.3270418 0.0817427 0.1157214 0.0789146 0.1333863 -0.1643745 0.2943911 0.3619283 -0.1133749 0.1210263 -0.0079975 0.0848243 -0.1210764 -0.1417859 0.2110759 0.0071812 -0.0106986 -0.1826574 0.1095505 -0.5355457 -0.3829270 -0.3132295 -0.0706825 -0.2347573 -0.2719077 -0.1148233 -0.1342761 -0.0586705 -0.1586186 0.1163237 0.1421770 -0.1087395 -0.2413159 -0.1245466 -0.1808571 -0.4674842 -0.4309556 -0.4013093 -0.5055073 -0.2898709 -0.4114434 -0.4218131 -0.2807958 -0.2154530 -0.3922953 -0.4457138 -0.1748964 -0.3831784 -0.5181316 -0.1330071 -0.2057466 -0.0456240 -0.3678209 0.1626326 0.2033299 -0.3071034 -0.4194820 -0.4899905 -0.3296875 0.1093139 0.4150590 -0.1330695 -0.0027984 -0.1431066 0.0371582 0.2535467 -0.4742566 -0.4564272 0.3629240 -0.1151410 0.1874782 0.2211435 -0.3436268 0.4519185 -0.4926734 -0.1582545 -0.2015229 -0.0896333 0.1289547 -0.0419361 -0.2991239 0.0110059 0.1177369 -0.2558824 -0.1348270 0.0739465 0.2555837 0.1894322 0.0142282 0.0307063 0.2309861 0.4158455 0.4605213 0.2279687 0.4758160 0.3383193 0.3856660 0.6369736 0.0375908 -0.0307719 0.5322206 0.3960408 0.5931256 0.5070371 0.4972487 -0.1456782 0.4449530 0.5575506 0.8147603 0.4982256 -0.1918175 0.2479122 0.1425217 -0.4467910 -0.4890610 -0.5619661 0.0546520 0.2817254 0.0603684 -0.2658373 -0.1737435 -0.1683602 0.2581173 -0.2725774 0.6342405 0.6206471 -0.1400058 0.2717960 -0.0309533 0.2582251 0.2231765 0.3223564 0.7362583 0.5872061 0.3378025 -0.1261699 0.1259018 0.3658440
0.0851825 0.5537735 0.3248735 0.8126278 0.2918155 0.5231613 -0.0254566 0.9405198 0.3031306 0.8072862 0.9775717 0.1244765 0.6363068 0.6435020 -0.1131446 0.0000000 0.8238696 -0.1576428 0.8089218 -0.0505312 0.4093976 0.2432818 0.8959807 -0.0946340 0.5787330 0.8334760 0.5766622 -0.1193890 0.0969135 0.3639298 0.5363662 0.6892693 -0.2222514 0.0694899 0.8542194 0.2857572 0.5947352 0.3247042 0.8534200 0.2925585 0.2687520 -0.0804374 0.8936645 0.1559219 0.0604393 0.3935506 0.7396660 0.0048568 0.0512220 0.7313758 0.9138538 0.9256402 0.4261800 0.7980171 -0.0526238 0.2695722 0.4081262 0.6688104 0.3057918 0.9128501 0.5853333 0.8985963 -0.1797695 0.3390933 0.7008046 -0.1564578 0.5694705 0.8321535 0.0332441 0.6875476 -0.2586986 0.4882675 0.8185277 0.5471115 0.3271238 0.7811737 0.2595331 0.1810445 0.7427788 0.6282212 0.2091493 0.2081846 0.7673129 0.2739605 0.7389203 0.2954944 0.4946010 0.1025353 0.4303728 0.4870475 0.4491127 0.3756556 0.1394397 -0.2774573 0.2516339 -0.1039439 0.2473847 0.0337008 -0.0227054 -0.0233909 0.2087234 0.1457520 0.5563041 -0.3201227 0.4494933 0.1265678 0.2204784 0.7319831 0.7298417 0.6473177 0.7333861 0.4088337 0.2653081 0.2585081 0.1545220 0.1822614 0.1383028 0.3830726 0.2320137 0.6087332 0.4741908 -0.0804858 0.2839079 0.0763127 0.2983004 0.5676526 0.3579794 0.4321359 0.6344117 0.3283658 0.4527709 0.7220773 0.5163865 0.0770527 0.7115776 0.6375099 0.4950984 0.5682320 0.4332554 0.6976183 0.4626313 0.6541770 0.6722588 0.7142914 0.3539950 0.5940207 0.4154195 0.4824846 0.3920297 0.6325773 0.6738929 0.6222121 0.4823660 0.2917049 0.4780898 0.7272535 0.5263511 0.5875698 0.5769816 0.6064851 0.6267567 0.4898987 0.7548472 0.3836280 0.6268802 0.5535463 0.6414954 0.5917778 0.0816783 0.3985510 0.4616515 0.2515205 0.0817592 -0.0169186 0.4685422 0.3543174 0.3436141 0.0004166 0.6838702 0.7496601 0.5610281 0.6669546 0.4840686 0.6060985 0.5118919 0.7034008 0.5497716 -0.0508880 0.2388073 0.4170111 0.4243797 0.5301136 0.1849926 0.6523358 0.5731566 0.6633625 0.5981516 0.0581302 0.0584322 0.5553736 0.4515006 0.1728548 0.6369419 0.7169433 0.0382711 -0.2263049 0.3560937 0.4321901 0.5611765 -0.2562834 0.6086137 0.4829168 0.1468914 0.1262149 -0.2285702 0.2762813 0.5647197 0.3139815
-0.0111156 0.5444770 0.4835840 0.7903463 0.2958671 0.5243018 0.1281272 0.8228944 0.2227598 0.7977888 0.8376626 0.2529555 0.6802406 0.7444125 0.2472619 0.8238696 0.0000000 0.2225053 0.8542253 0.0969698 0.4075626 0.4550161 0.8636218 0.2694834 0.8250718 0.8011646 0.8511269 0.3081348 0.3403958 0.6357308 0.5372633 0.8287105 0.1412105 0.3022725 0.6714471 0.4333347 0.7357458 0.6027988 0.8020099 0.5818016 0.5151974 0.2998781 0.7889290 0.4651218 0.5110568 0.7098804 0.6942188 0.3581518 0.3485184 0.8246281 0.6924509 0.8267308 0.6316986 0.7636246 0.2245942 0.5494457 0.5993606 0.6232345 0.6606947 0.7466148 0.8312708 0.6948104 0.1824475 0.4734263 0.7450137 0.1707111 0.5845534 0.6805766 0.3327665 0.6807611 -0.0306787 0.6993412 0.6559550 0.6964582 0.5066766 0.6765167 0.6081785 0.1937084 0.3963208 0.3891513 0.1173162 0.0812218 0.5861826 0.1634583 0.5761700 0.1378294 0.4044248 0.0981235 0.2782517 0.4497730 0.3532004 0.2675109 0.0227371 -0.3871094 0.2694049 -0.3300402 0.1458002 -0.0408081 -0.0716354 -0.1083724 -0.0432692 -0.0644880 0.5069272 -0.4729387 0.0881003 -0.1867786 0.0859540 0.7444292 0.5683546 0.5786883 0.6513579 0.2821797 0.1695407 0.1439114 0.0573923 -0.0625159 -0.0972547 0.0510139 -0.0763332 0.4831765 0.1539741 -0.1919280 -0.0883807 -0.2689093 0.0533483 0.4140650 0.2685520 0.1997701 0.4115527 0.1961709 0.2954600 0.4759629 0.3627329 -0.0805365 0.5282611 0.3955530 0.2668892 0.2264622 0.3628223 0.5869734 0.4621162 0.4231945 0.5150833 0.4778923 0.1070668 0.5699809 0.0817180 0.1823927 0.3297061 0.5024798 0.6904530 0.4404443 0.1584587 0.2541201 0.2184279 0.4305931 0.2804292 0.2982900 0.3200912 0.3506784 0.3971371 0.3768194 0.5636823 0.0760806 0.4100432 0.3539991 0.5136974 0.4259240 -0.1356844 0.2022916 0.3296010 0.1738051 0.2017528 -0.0280552 0.4865820 0.2323738 0.2429244 0.0424084 0.4947780 0.6599406 0.6493654 0.7191794 0.7023442 0.7713100 0.7438561 0.6954375 0.7085225 0.2758134 0.5806030 0.5083350 0.4483229 0.6276238 0.2709187 0.4361371 0.3256943 0.2934339 0.7452959 0.0442438 -0.1876316 0.5328769 0.2326491 -0.0466345 0.5465729 0.5550565 0.0553324 -0.0275177 0.3635847 0.4494303 0.3441896 -0.2254866 0.6261550 0.5460863 0.3214707 0.2750634 -0.1925672 0.2510102 0.7938293 0.6744795
-0.1813470 0.2557549 0.0655610 0.1391918 -0.1253131 0.3284766 0.5865790 -0.0922318 -0.0809052 0.0718653 -0.1423379 0.4749504 0.0876110 0.3596219 0.7466016 -0.1576428 0.2225053 0.0000000 0.0185876 0.1474560 0.2877197 0.0125325 0.0346091 0.8828370 0.4676230 0.1600782 0.5730746 0.9209420 0.7644425 0.7477103 0.0322850 0.4790260 0.9132258 0.7720565 -0.0102193 0.3681610 0.4418160 0.6967259 0.1625668 0.6844415 0.4409065 0.7665675 -0.0376579 0.8806848 0.8424248 0.5979740 0.1055495 0.6028451 0.9313860 0.1276963 -0.1511632 -0.0011734 0.7204344 0.2668951 0.6213485 0.4971540 0.4805618 0.4327353 0.7073757 0.0098246 0.4946020 -0.0444382 0.6970348 0.6592278 0.0277982 0.8471743 0.5477363 0.0775163 0.7250244 0.3825426 0.8033446 0.6391147 0.0889637 0.4107820 0.6740724 0.0050582 0.7131621 0.6484189 -0.2626525 -0.0418113 0.2330527 -0.1331975 -0.0908763 0.0212570 -0.0211890 0.0939750 0.2983915 0.4982051 0.1336470 0.1273700 0.0132084 -0.0020905 0.1227030 0.0637859 0.1520786 -0.0918394 -0.0202412 0.0986687 0.1871413 -0.1707230 -0.4340112 0.0256429 0.1070352 0.0310175 -0.2776903 0.0077840 0.0828428 -0.1482661 -0.2114050 -0.1882094 -0.1269498 -0.2655547 -0.1413129 -0.0704152 -0.2734247 -0.2904310 -0.2605000 -0.3356574 -0.3184883 -0.5853962 -0.5062426 -0.1425980 -0.4279194 -0.3635971 -0.6192607 -0.6152860 0.0269345 -0.4975837 -0.6216487 -0.1982442 -0.2780676 -0.3106902 -0.3923412 0.0260862 -0.1940704 -0.5857152 -0.4794316 -0.6694600 -0.3329294 -0.2483608 0.0367747 -0.5128557 -0.4564901 -0.3109276 -0.2132539 -0.0791628 -0.6396192 -0.6485833 -0.0573897 -0.5799764 -0.0924397 -0.1415990 -0.6802172 0.0613776 -0.8451418 -0.4235932 -0.6602298 -0.4794864 -0.3047724 -0.5169880 -0.6580170 -0.4663912 -0.2601698 -0.7417773 -0.4924089 -0.3878124 -0.1374395 -0.0595027 -0.1775995 -0.4027880 -0.0777231 0.2895464 -0.0234604 0.0216262 0.1942810 0.1983024 0.1929844 0.4199632 -0.1252925 -0.1763069 0.3738017 0.4134475 0.6401316 0.5241183 0.5452476 -0.0450957 0.4702463 0.5756677 0.6316537 0.3122753 -0.4072955 0.0017454 -0.0112832 -0.6591609 -0.7488311 -0.7540271 -0.0761961 0.0741862 -0.0280561 -0.4310919 -0.4427782 -0.1310575 0.0456804 -0.3836987 0.3826904 0.6608596 0.0352784 -0.0401467 -0.3822582 0.2178493 -0.0820674 -0.0595041 0.2883886 0.1430264 -0.1291216 -0.4492617 0.3746951 0.2073507
