0.0000000 0.7423078 0.7509029 0.1428024 0.6275824 -0.2390473 0.0050103 0.5979412 -0.6353419 -0.1779363 0.2211712 -0.3014332 0.5990144 -0.3340219 -0.3565763 0.2331235 0.2886397 -0.4789846 0.1928547 0.4991058 -0.1420754 0.4245228 0.1743448 -0.4937040 0.1484024 0.0709919 -0.1218034 -0.5149125 -0.5297978 -0.5747310 0.3682391 0.2610232 -0.4725880 -0.5305793 0.0912654 -0.2136904 0.1732256 0.2362914 -0.0634798 -0.5866468 0.3025623 -0.3431395 0.2732220 -0.6765069 -0.1584020 0.1295709 0.1425673 0.1862647 -0.5981231 0.0749912 0.0975114 0.0336142 -0.5608391 -0.2610748 0.1908918 0.1049398 0.0084712 -0.6136845 -0.2274171 0.0295351 -0.1190915 0.0706523 0.0173551 -0.7364444 -0.4065786 0.0381327 -0.0707162 -0.0151531 -0.0151835 -0.5103124 -0.3059425 -0.2721476 -0.3577559 -0.1658697 -0.2897863 -0.3859848 0.1486262 -0.3558882 -0.2203092 0.2363409 -0.0672702 0.1849927 0.2662996 0.3181127 0.1805915 0.2967592 0.1890957 -0.0311641 0.3518196 0.3202521 -0.1227400 -0.1115919 -0.1628043 -0.3362556 0.0165410 -0.1607597 -0.3383598 -0.0670535 0.1583500 0.0226988 -0.1516402 -0.2855243 0.0396213 0.0192330 -0.3029646 -0.0465305 0.0086415 -0.0936032 -0.0008681 -0.1619968 0.1970299 0.1193303 0.0261201 -0.0280764 0.0612790 -0.1167607 -0.0718001 -0.1622143 -0.2642703 -0.2944982 -0.2556544 -0.0612798 -0.2628480 -0.3019407 -0.1932340 -0.0927620 -0.2960208 -0.2171107 0.0331565 -0.4204826 -0.4654441 -0.3508756 -0.4897544 -0.2895538 -0.3185812 -0.0300813 -0.3816004 -0.2956008 -0.4458134 -0.2635397 -0.3850512 -0.3550245 -0.2184139 -0.3983504 -0.2474794 -0.0806101 -0.3986096 -0.4114474 -0.4597150 -0.3747340 -0.3892485 -0.2571581 -0.3545640 -0.4113849 -0.3272420 -0.2263139 -0.2098138 -0.4860058 -0.4776130 -0.3594260 -0.4889853 -0.3619303 -0.0832218 -0.2191490 -0.5011565 -0.4759565 -0.3731457 -0.3655356 -0.2139803 -0.5325572 -0.4399591 -0.3858479 0.4362444 -0.1614801 0.2566264 0.2760524 -0.0797232 0.0101078 0.0076979 0.0068235 0.3258983 0.0903379 -0.4716070 -0.2328668 0.2033417 0.0760704 0.6278831 0.2988104 0.2727958 -0.1839916 -0.2365571 -0.1815789 0.2133718 0.0174380 -0.0570078 -0.0855087 -0.2538268 -0.0573914 0.2070613 -0.1154061 0.3253922 0.0731345 -0.2426124 -0.3614869 0.1898975 0.1029218 -0.2937099 0.2628416 0.2279668 0.1390957 0.0191830 -0.1533956 0.4038376 -0.0294095 -0.3043780 0.4667542 0.5292265 0.2914061
0.7423078 0.0000000 0.6671104 0.3815706 0.3424971 0.1713559 0.1385876 0.4634196 -0.2344332 -0.4494791 0.1921356 0.0125432 0.2741932 -0.3468009 0.0837708 0.0872253 -0.1946807 -0.2420214 -0.0904344 0.2680145 0.1698889 0.2017235 -0.0624075 -0.1270249 -0.1491777 -0.1515807 -0.4728091 -0.1946333 -0.1516314 -0.4631656 0.2319307 -0.1362440 -0.1469746 -0.1547609 -0.1985606 0.0562671 -0.1768064 -0.1441963 -0.5280823 -0.7359607 -0.0135155 -0.1346631 -0.1406748 -0.5131634 -0.2351279 -0.1672078 -0.1181857 -0.1476053 -0.3418283 -0.1359230 -0.1310888 -0.2898721 -0.1850321 -0.6104133 -0.0734204 -0.1412002 -0.2693619 -0.5869150 -0.2714142 -0.2195044 -0.0556336 -0.1663583 -0.1613480 -0.4506656 -0.1523805 -0.1573101 -0.2586414 -0.3329274 -0.2775058 -0.6194357 -0.4841584 -0.0508638 -0.5618689 -0.1624089 -0.3425616 -0.5485446 0.0451160 -0.5019314 -0.5092923 -0.1690831 -0.3233232 0.2284180 0.0266445 0.1613733 0.2147835 0.1364469 0.2381689 -0.0219506 0.2706457 0.3224536 -0.0155977 -0.1409447 -0.0174556 -0.2018255 0.1390547 -0.2060003 -0.4734964 -0.0133633 0.2469842 -0.0658640 -0.1532007 -0.2079595 -0.1422966 -0.0848780 -0.3676774 -0.0971346 0.0846508 -0.0549532 0.0017743 0.1339102 0.1848005 0.3114782 0.2223725 0.1757342 0.3122492 0.1412138 0.1691313 0.1771118 0.0839187 -0.0805846 -0.1060645 0.1498337 -0.3733332 -0.1286009 -0.1493019 -0.0554960 -0.1445543 -0.3478138 -0.0727648 -0.3547497 -0.3925560 -0.2487535 -0.3269445 -0.3511119 -0.2977469 0.0141052 -0.1625632 -0.2931772 -0.4012499 -0.2959354 -0.5193730 -0.3594031 -0.3437422 -0.3106398 -0.0506884 -0.2952821 -0.5266739 -0.6282755 -0.4901920 -0.4947523 -0.4162255 -0.2013755 -0.4106944 -0.5536046 -0.6090559 -0.4324819 -0.3924988 -0.5635533 -0.5115763 -0.4039800 -0.7103951 -0.3733329 -0.1618621 -0.4067315 -0.6874214 -0.5137301 -0.4462052 -0.4321738 -0.2981705 -0.5763549 -0.5171947 -0.3892840 0.5090017 -0.0848196 0.5141953 0.4001233 -0.2789499 -0.2772315 0.0522054 0.2736169 0.3177143 0.2860527 -0.3145294 -0.0666364 -0.2337786 0.0917592 0.3214950 0.0255875 0.1329684 -0.1224972 -0.0064940 -0.3778259 -0.1633646 0.1856247 0.1474309 -0.0100720 -0.1271246 -0.3723819 -0.1073898 -0.0805439 0.2195944 0.2974770 -0.0027510 -0.3297164 0.2542189 -0.0823161 -0.1914696 0.0035322 0.2761736 0.3207897 0.0472600 -0.2009044 0.2259396 -0.2997275 -0.2725610 0.1536621 0.3443908 0.2912559
0.7509029 0.6671104 0.0000000 0.2528443 0.7095633 -0.2585383 -0.0967914 0.4738303 -0.4668864 -0.3323368 0.3049563 -0.2144556 0.6822817 0.0883358 -0.1075017 0.2956466 0.2340682 -0.3155854 0.1524325 0.7086411 -0.0961554 0.4180797 0.1867382 -0.2015652 0.0674126 0.0831059 -0.0743210 -0.1631469 -0.2400734 -0.2331742 0.5688801 0.3671125 -0.1432116 -0.1936490 0.0216915 -0.1614557 0.3010509 0.2457781 0.0246294 -0.3012627 0.4557672 -0.3368095 0.1583322 -0.2707283 -0.3728247 0.1426869 0.1181642 0.3526860 -0.2170075 0.1094612 0.0092850 -0.0449108 -0.2286919 -0.3791425 0.4149822 0.1859001 0.2643162 -0.4071340 -0.3042480 -0.0445711 -0.2378955 -0.0321105 0.2341379 -0.4065261 -0.3155828 0.3291471 -0.1572841 -0.2671193 0.1418192 -0.6310252 -0.1886816 -0.0303463 -0.3407560 -0.0397063 -0.1161490 -0.2271150 0.0783450 -0.1689270 0.1140866 0.4274033 0.0777712 0.2273579 0.0585588 0.2642529 0.2397930 0.2452974 0.5703904 -0.1310923 0.4025709 0.2137751 0.0783997 -0.0157922 -0.3692471 -0.5231040 0.2747162 -0.2470317 -0.3707935 -0.4278763 0.3420626 -0.4079927 -0.3610944 -0.4448247 -0.2600298 -0.4684350 -0.5192230 -0.0351813 -0.2491843 -0.4167502 -0.3163412 -0.3974996 0.2011408 -0.1298804 -0.2879048 -0.2566243 0.0128519 -0.3040993 -0.1768421 -0.1241323 -0.3438440 -0.5135435 -0.4342707 -0.1638212 -0.4311010 -0.5291082 -0.2971198 -0.4729817 -0.3956899 -0.3395296 -0.2970159 -0.5882049 -0.6410350 -0.5290931 -0.4784908 -0.5504846 -0.1652953 -0.1959684 -0.4496833 -0.4965282 -0.5083779 -0.4240851 -0.3819086 -0.5548630 -0.1373798 -0.5395903 -0.3997312 -0.2960810 -0.4417947 -0.4249018 -0.3924901 -0.6685561 -0.7166144 -0.3533597 -0.4737123 -0.5008301 -0.3796186 -0.3675032 -0.2042496 -0.4291720 -0.4373388 -0.5139152 -0.3577744 -0.4946326 -0.1873984 -0.3397905 -0.5117174 -0.4651303 -0.4610624 -0.3526084 -0.0830789 -0.4043426 -0.3615763 -0.2275331 0.3610157 -0.2814996 0.1422009 0.2661305 -0.1023177 -0.0431189 0.0622341 0.0253079 0.3904522 0.0465893 -0.4309391 -0.2971399 -0.0513978 0.0727273 0.5129258 0.4977531 0.2585525 -0.2017773 -0.3426004 -0.1545913 0.3930812 0.0507030 -0.3444118 -0.2028151 -0.2410658 -0.0308738 0.3076497 -0.3050625 0.1324942 -0.0048316 -0.3389830 -0.4586052 0.4863043 0.4341426 -0.3979949 0.1588790 0.2543876 0.0719073 -0.1616107 -0.3127566 0.6242273 0.1586274 -0.3863983 0.4901262 0.4360665 0.0551382
0.1428024 0.3815706 0.2528443 0.0000000 0.0453683 0.4007403 -0.3780766 0.6214798 0.1231027 -0.1979105 0.5204116 -0.0355154 0.3313717 0.0631845 0.2771410 0.1136106 -0.1623641 0.2193147 0.0460147 -0.0992117 0.1524973 0.1638657 0.3132554 0.0422534 0.1376252 0.2127962 -0.0109380 0.1166019 0.1643438 -0.1333464 0.1757325 0.2621503 0.1027697 0.0366560 0.1618251 0.0755203 -0.1157331 0.1803728 -0.1849571 -0.2096647 0.0272482 -0.1213999 0.1311670 0.0215672 -0.4606102 0.1848454 0.2129492 0.1987037 0.0749333 0.1790119 0.1744562 0.1650276 0.1484022 -0.4190273 0.1614974 0.2050474 -0.1509491 -0.4020160 -0.6780981 0.1487384 -0.2503156 0.2270494 0.0699161 -0.0072726 0.2863027 -0.2649423 0.2750626 -0.1655777 -0.0384037 -0.1080110 0.4456889 0.6014718 0.1883669 0.5237951 0.3978842 0.2477130 0.4400361 0.4225863 0.0456375 -0.0959595 0.2405819 0.2407119 0.0140718 0.1164087 0.0131176 0.1524244 0.5367297 -0.2377339 0.2976226 0.1151761 0.4327719 0.2399941 0.0605442 -0.0756629 0.2720077 -0.0646585 -0.1413361 -0.0271154 0.2165414 -0.2692313 -0.4688933 -0.2015465 -0.0795503 -0.2134395 -0.1044390 -0.2197482 -0.2019233 -0.1429709 0.0387291 0.0951144 -0.0152806 0.0533467 -0.1735750 -0.1148981 0.1082196 -0.0638040 0.0533563 0.1129760 0.1023903 -0.2194948 -0.1828271 0.0650466 -0.2940970 -0.0688205 -0.3084001 -0.2880131 0.0239703 -0.2640033 -0.4868213 -0.1370455 -0.4125275 -0.3999499 -0.0320864 -0.5072102 -0.1492078 -0.1093135 -0.3615533 -0.6423844 -0.3563806 -0.5048523 -0.0830297 -0.5875435 0.1227353 -0.3043209 -0.4915121 -0.1516427 -0.4807167 -0.2546082 -0.2248581 -0.5476172 -0.4517703 -0.5672498 -0.5706752 -0.1308696 -0.1874827 -0.4446445 -0.2031934 -0.0831970 -0.2037428 -0.2782221 0.0499143 -0.3854703 -0.3997104 -0.3693003 -0.2526555 -0.4380702 -0.4421910 -0.2113420 -0.3262455 -0.2139152 -0.1024864 -0.1907258 0.0685665 -0.4176054 -0.2278707 -0.0736590 -0.2041003 0.1250664 0.0009188 -0.0127213 -0.1745661 -0.2431546 -0.3584984 -0.4597721 -0.4295807 0.6020985 0.3312821 0.4973194 0.4093698 0.2271527 -0.1411985 0.2597442 -0.1421862 -0.1732836 -0.2495400 -0.2452170 -0.1423139 -0.2060803 0.0884462 -0.2457257 -0.0324664 -0.0770371 0.0399504 -0.2430251 -0.1536171 0.1256281 -0.3529190 -0.4813133 0.0322088 -0.0431734 -0.1491313 -0.3291715 -0.1207066 0.0575599 -0.1143888 -0.3947438 -0.0087413 0.2062002
0.6275824 0.3424971 0.7095633 0.0453683 0.0000000 -0.1962155 0.0694024 0.4104881 -0.4141156 -0.2703717 0.1205439 -0.0543045 0.8165839 0.0090251 -0.2561453 0.3017027 0.3423540 -0.1520664 0.2448953 0.7576135 -0.0333042 0.6087741 0.1213465 -0.2215030 0.1757717 0.1046514 -0.1930387 -0.1984617 -0.1555847 -0.2838833 0.8281364 0.3964167 -0.1923983 -0.2104005 0.0250664 -0.0656239 0.5412291 0.5364607 0.1649897 -0.2371864 0.6618527 -0.1133953 0.0904546 -0.2686811 -0.0259103 0.1550989 0.1450189 0.5991346 -0.2314506 0.2395739 -0.0164445 -0.1536958 -0.1661449 -0.2882060 0.4680424 0.2700349 0.5901241 -0.2816658 -0.1740753 -0.0371191 0.0212113 -0.1674586 0.5498468 -0.3587929 -0.1573670 0.5647555 -0.1324690 -0.4235788 0.4668176 -0.5419696 0.0151448 0.0133051 -0.3725186 0.0767776 0.0901547 -0.0801365 0.2424914 0.0394962 0.2778185 0.6510384 0.1013053 0.2378966 0.4994156 0.2773805 -0.1102413 0.4441353 0.2321268 0.1025070 0.4179307 0.0483664 -0.2020931 -0.4250398 -0.3695064 -0.2596852 -0.0170798 -0.4546517 -0.4821735 -0.3034798 0.1709249 -0.1698240 -0.1314110 -0.3711059 -0.0710334 -0.3148080 -0.5483384 0.1083148 -0.1796662 -0.4947769 -0.4064501 -0.5030246 0.0765147 -0.3685248 -0.3609550 -0.1554099 -0.0094909 -0.1878132 -0.1242167 -0.0985239 -0.2072890 -0.3190617 -0.2094960 -0.0873621 -0.2841330 -0.2828709 -0.0599394 -0.2660355 -0.1278319 -0.2136198 -0.1329701 -0.1475478 -0.1875717 -0.4851509 -0.1966538 -0.4912360 -0.2233900 -0.3210474 -0.1213401 -0.3994343 -0.0702611 -0.3671844 -0.1672779 -0.3501678 -0.2502385 -0.4368130 -0.1554620 -0.1353913 -0.0636762 -0.0834107 -0.0440177 -0.4435145 -0.6162869 -0.2998345 -0.2589992 -0.1155546 -0.0509493 -0.3638131 -0.1742449 -0.3063869 -0.2455784 -0.6025529 -0.1496121 -0.3963491 -0.4875115 -0.3330696 -0.2553784 -0.4615435 -0.4255809 -0.0030971 0.2009352 -0.0890367 -0.0361493 0.1435641 0.1746614 -0.2568219 0.1602804 0.2863264 -0.0744272 0.1600534 -0.0166203 -0.0331897 -0.0619307 -0.2173776 -0.2872778 -0.4646588 0.1174261 0.1424925 0.5384982 0.4583162 0.3968776 0.0211352 -0.4751040 0.1512920 0.4889770 -0.3163156 -0.3668144 -0.4937678 -0.2159351 0.1901532 0.3653714 -0.3572047 -0.1136730 -0.0608058 -0.2463179 -0.2895580 0.6097099 0.2705286 -0.4818645 0.3349293 -0.0472912 -0.1773863 -0.1204219 -0.3423483 0.7296412 0.5129992 -0.6570737 0.5808860 0.4478500 0.1673026
-0.2390473 0.1713559 -0.2585383 0.4007403 -0.1962155 0.0000000 0.3256416 -0.0506102 0.5992377 0.0426976 0.1019471 0.0780657 -0.2351484 0.0601308 0.4209076 -0.3667410 -0.3934530 0.5304991 -0.4554265 -0.1331145 0.1477572 -0.4287169 -0.4157432 0.4937438 -0.5168332 -0.4300236 -0.3318754 0.4861699 0.5652354 0.2864223 -0.1711858 -0.5245332 0.4456611 0.4590939 -0.5638126 0.1014793 -0.6005009 -0.4386492 -0.5835624 -0.1228721 -0.5689269 0.2500427 -0.5915270 0.2429998 0.0737896 -0.5950933 -0.5730479 -0.3528612 0.3373770 -0.5619319 -0.5485708 -0.5417910 0.4769351 -0.7033075 -0.6276712 -0.6104151 -0.4167739 -0.1107290 -0.1018733 -0.5108578 0.1563104 -0.4394486 -0.3064678 0.3282784 0.5143121 -0.1745917 -0.2970465 -0.4372801 -0.5072014 -0.1182812 -0.0989033 0.4168061 -0.2811326 0.3160251 0.1975541 -0.1294825 -0.0935044 0.0504657 -0.3135208 -0.4937678 -0.0463848 0.1611228 -0.1672376 -0.4554425 -0.4217301 -0.2636214 -0.0571841 -0.2324470 -0.1989695 -0.2463378 0.0934960 -0.1141374 0.2379412 0.1465302 -0.1095387 -0.2507905 -0.3054760 0.0602097 -0.1156629 0.1380886 -0.2933527 -0.1154869 -0.0684274 -0.1756416 -0.1203560 -0.1388728 -0.1974165 0.0313803 0.1359559 0.2265745 -0.1950305 0.1081869 0.0508320 0.1110674 0.2054833 0.1435936 0.2655442 0.5630380 0.4701443 0.2837076 0.1640045 0.2612913 -0.2671690 0.2925450 -0.2020505 0.0969075 0.1551115 -0.2294580 -0.3024897 0.1448721 0.0020000 0.1767223 0.1055320 -0.0930428 0.2298268 -0.0118681 0.0191614 -0.3638542 -0.0759382 -0.4357147 0.0598183 -0.2553282 -0.2314502 -0.2263441 -0.0268591 0.0164818 -0.2707821 -0.2444257 0.0330963 -0.2733653 -0.1608547 -0.2560361 -0.2768714 0.0465199 -0.1583924 -0.3637102 -0.3491372 -0.0428573 -0.2630733 -0.1813411 -0.1100568 -0.2276514 -0.3106072 -0.3663953 -0.1680551 -0.1827934 -0.1648843 -0.1692431 -0.3074837 -0.1665394 -0.1245628 -0.0864896 -0.0211735 -0.1172476 0.1515079 -0.0999861 -0.7326883 -0.0949285 -0.5401988 -0.1686735 -0.5263409 -0.2941375 0.1330005 -0.0465105 -0.2996429 0.2990634 0.0624838 -0.2172620 -0.1930010 -0.0180917 0.0729485 -0.0125523 -0.4808439 -0.3919082 -0.0467415 -0.3790549 -0.3133462 -0.6722194 -0.2989176 -0.2547522 -0.4305055 0.1979080 0.0990440 -0.3995806 -0.0038838 -0.3162962 -0.2706197 -0.3239074 -0.3101857 -0.1066700 -0.2114930 -0.6345929 -0.3505060 -0.3559663 -0.1706891 -0.3840015 0.2477527 0.1121683
0.0050103 0.1385876 -0.0967914 -0.3780766 0.0694024 0.3256416 0.0000000 -0.3098909 0.1800701 -0.2668388 -0.4346499 0.3804875 -0.1523872 -0.1367178 0.0795626 -0.3628405 -0.3179742 0.1234894 -0.2570228 0.1589877 -0.0599430 -0.2791981 -0.6409051 0.3801523 -0.4326724 -0.6010405 -0.6022541 0.2591452 0.2537616 0.1452335 0.0070497 -0.6471122 0.3165937 0.3586053 -0.6334701 -0.0440110 -0.4789484 -0.4151551 -0.4652381 -0.1923780 -0.3622138 0.2619940 -0.5877199 0.0465103 0.5577418 -0.6334136 -0.6691433 -0.5214071 0.1525935 -0.6271270 -0.6698690 -0.6526730 0.2858981 -0.2934696 -0.6329383 -0.6067949 -0.3088331 0.1435287 0.5622561 -0.6441995 0.5435337 -0.6455357 -0.2341608 0.1655458 0.0611785 -0.0565897 -0.5959654 -0.3835954 -0.3725019 -0.2395648 -0.5630781 -0.2337169 -0.5675602 -0.2887108 -0.3967030 -0.4346050 -0.4986147 -0.4924606 -0.1836320 -0.0066469 -0.1423476 0.0152375 -0.0441588 -0.3228693 -0.1588846 -0.2971518 -0.5232098 -0.0174800 -0.2443243 -0.2041410 -0.5117078 -0.6336232 -0.0342479 0.0788833 -0.2951071 -0.4621537 -0.3844435 0.0013766 -0.1202747 0.4287649 0.1047800 -0.1643707 -0.1871140 -0.0873149 -0.4122098 -0.0982527 -0.1126646 -0.0303808 -0.3400296 0.0029701 -0.1937495 -0.1387974 0.1057812 0.2749860 0.2338868 0.1964099 0.3382082 0.4055929 0.2821056 0.3662554 0.4411546 0.3962456 0.0152184 0.2127303 0.0697206 0.0837595 0.2581690 -0.0059899 0.2296434 0.2998097 0.3764186 0.1879011 0.2896895 0.4543675 0.2424113 0.1521059 0.4798880 0.0204578 0.3008432 -0.1494928 0.0701846 0.1004231 -0.2740817 -0.1225677 0.5326390 0.1972497 0.2023360 0.0071320 0.2319665 0.0682118 -0.0759437 0.4234011 0.1456243 0.1815000 0.1026910 0.1014119 -0.1961642 0.1335726 0.0494732 -0.2440553 -0.0797015 -0.1388333 0.0970144 -0.1733663 -0.0462205 0.2052890 0.2355641 0.1524320 0.3116407 0.0250459 0.1557623 0.2676148 0.3737746 0.6850707 0.6975898 0.6419539 -0.2486762 0.2182901 -0.3825832 -0.1568728 0.0866203 -0.1233085 0.2406984 0.0836069 0.1543075 -0.2553131 0.1010521 -0.4505051 -0.5001021 -0.3504891 -0.2095465 -0.2511343 0.0431702 -0.2878029 0.0062037 -0.3915590 -0.2665876 -0.1058142 0.0171401 -0.3777516 -0.3634231 0.1285563 0.0049248 -0.3548585 0.3089767 -0.1501403 -0.3194475 -0.1036477 -0.4248991 -0.0795260 0.0198173 -0.1760027 0.0635402 -0.1257404 -0.2458412 -0.1314610 0.5309086 0.2290744
0.5979412 0.4634196 0.4738303 0.6214798 0.4104881 -0.0506102 -0.3098909 0.0000000 -0.3813491 0.0435886 0.6557284 -0.1549417 0.7618683 -0.3551332 -0.3013394 0.5964274 0.2451851 -0.3420803 0.6153928 0.2022966 0.0904494 0.5641735 0.6340468 -0.5396451 0.5892746 0.5379050 0.0713672 -0.4549716 -0.3537644 -0.5863380 0.2778225 0.5873206 -0.4288857 -0.5171333 0.4858290 0.0308003 0.3399798 0.6030058 -0.0750144 -0.4732133 0.3121520 -0.2899670 0.4810015 -0.4820707 -0.2097691 0.5428515 0.5508109 0.3957660 -0.4398825 0.4427710 0.4816580 0.3954882 -0.3795244 -0.2122383 0.4663720 0.4830562 0.0996139 -0.6413545 -0.5977982 0.4521654 -0.1952229 0.4653035 0.0711282 -0.5004489 -0.0336263 -0.1370867 0.4175606 0.0899329 0.1589368 -0.2093533 0.2754576 0.2029575 0.1877882 0.3055266 0.1752616 0.1987601 0.5152746 0.1461667 -0.0024387 0.0842548 0.0106224 0.1438490 0.2245576 0.1971728 0.0045533 0.2981466 0.2617782 -0.2544666 0.2202812 0.0395056 -0.0483411 -0.0270978 -0.1742137 -0.2083818 -0.2058833 -0.1739031 -0.2444588 -0.0895947 -0.1237443 -0.2925853 -0.4488857 -0.2853846 0.0972417 -0.0994419 -0.1976813 -0.3542702 -0.1275096 -0.0712156 -0.0409311 -0.2408523 -0.1006735 0.0674837 -0.1117403 -0.2788834 -0.1209069 -0.1948360 -0.2396521 -0.3424824 -0.2958878 -0.4930864 -0.4898961 -0.2531080 -0.3154693 -0.1641190 -0.3195791 -0.2360778 -0.3117511 -0.3562720 -0.2609248 -0.3040147 -0.5454405 -0.5545700 -0.3938964 -0.3431256 -0.5161140 -0.2198440 -0.4687343 -0.5680786 -0.4803515 -0.2908491 -0.3499081 -0.4560438 -0.0877409 -0.2947598 -0.5131438 -0.1115851 -0.5344760 -0.3285057 -0.5831683 -0.4749516 -0.4061613 -0.5869513 -0.5951035 -0.3322482 -0.3719823 -0.2537785 -0.1639177 -0.3442109 -0.4774382 -0.2615389 -0.2527771 -0.5112928 -0.2791010 -0.1624417 -0.5345282 -0.5848330 -0.3799321 -0.4291315 -0.3740373 -0.5158507 -0.4195122 -0.4588499 0.3921893 -0.2934472 -0.1152856 0.0773713 0.0956074 0.0127852 0.2601138 0.1024776 0.1233994 0.0295093 -0.5893316 -0.4437145 0.0767906 0.5055113 0.5469299 0.5385827 0.5195165 0.1910890 -0.1493395 0.1801043 0.0509933 0.0023871 -0.2649844 -0.0773338 0.0146603 -0.0263526 0.0209256 -0.0123837 0.1113340 0.0041411 -0.0465855 -0.1530579 -0.2514790 -0.0168011 -0.1792580 0.1761876 0.0591966 0.1328049 -0.0364822 -0.0991036 -0.0613356 0.0331823 -0.0032541 0.0925448 0.3226516 0.3017386
-0.6353419 -0.2344332 -0.4668864 0.1231027 -0.4141156 0.5992377 0.1800701 -0.3813491 0.0000000 0.0328998 -0.1070750 0.3952432 -0.4575611 0.2808098 0.7807453 -0.3111206 -0.5070615 0.7824157 -0.4416420 -0.1767832 0.1733556 -0.6072401 -0.4093251 0.7618131 -0.4849286 -0.3413821 -0.2300292 0.7805913 0.7559825 0.5833164 -0.3128550 -0.4623150 0.7360481 0.7287798 -0.4703015 0.2345890 -0.3978148 -0.4581547 -0.3607487 0.3796479 -0.4509970 0.3992021 -0.6299772 0.6842268 0.1846286 -0.4583344 -0.4544987 -0.2595390 0.6660783 -0.3298804 -0.4418731 -0.4566584 0.6565328 -0.2846289 -0.4189065 -0.4267163 -0.1596235 0.3478112 0.1048290 -0.4098439 0.1331205 -0.4003329 -0.0729493 0.6992212 0.5707058 0.0582175 -0.2127312 -0.2987631 -0.2606605 0.1468415 0.1753490 0.3717456 -0.0016963 0.2991142 0.3267503 0.1156463 -0.0859347 0.3200251 0.0186904 -0.3735378 0.1590941 0.2844575 -0.2356892 -0.4744545 -0.5161257 -0.4098514 -0.0255263 -0.1690352 -0.4092885 -0.2548169 0.2150181 0.0790632 0.4216775 0.2546590 0.0006544 0.1132336 0.0858628 0.1790412 -0.1151872 0.1234047 0.0789910 0.1561551 -0.1111927 -0.0385729 0.3284197 0.1529052 0.0010019 0.0749187 0.2836191 0.2574449 -0.0187611 0.0508817 0.0323693 0.1611830 0.0887607 0.2715700 0.2685272 0.4647638 0.4921426 0.4612218 0.3048960 0.2055805 0.0738361 0.2756599 0.0134364 0.2023470 0.2555687 0.0497156 -0.3641196 0.3909663 0.2925523 0.3003611 0.3906241 0.2389702 0.3013964 0.1078031 0.2925255 -0.0632340 0.1439087 -0.0391247 0.3393726 0.1513404 -0.0856415 0.1384880 0.1250799 0.0791161 -0.0340047 -0.1339620 0.1454040 0.1437686 0.2484438 0.0691894 0.0185086 0.2574983 -0.0797062 -0.0153798 -0.0746211 0.1213682 0.0668389 0.2530569 0.0772055 0.0542463 0.0083064 -0.0180742 0.1082110 0.1724515 0.0950748 -0.0583579 0.0083786 0.2689810 0.1051207 0.0964937 -0.0413040 0.0468395 -0.0860815 -0.1743299 -0.4087059 -0.1449438 -0.3284486 -0.0216609 -0.3755196 -0.0542956 0.4191206 0.2649118 -0.3412269 0.1258668 -0.2693587 -0.2207483 -0.2204747 0.1474459 0.1503729 0.0789829 -0.3021374 -0.2753672 0.0834615 -0.1626422 -0.0189940 -0.1676068 -0.0956675 -0.0332854 -0.2147020 0.0234568 0.2606926 0.0458958 0.0571735 -0.1102416 0.0298638 -0.3708410 -0.0905837 0.0780176 0.0257753 -0.2701559 -0.2659203 -0.2691644 0.0179741 -0.4430581 -0.2442523 -0.1732897
-0.1779363 -0.4494791 -0.3323368 -0.1979105 -0.2703717 0.0426976 -0.2668388 0.0435886 0.0328998 0.0000000 0.3599006 -0.5887864 -0.0768131 0.0808291 -0.3703035 0.2134820 0.5513630 -0.0513395 0.2128571 -0.1605255 -0.3793146 -0.2991525 0.3851793 -0.2739358 0.1690323 0.3409831 0.6593094 -0.1326633 -0.2708987 0.1291526 -0.5323723 0.2639056 -0.2110062 -0.3029383 0.3256287 -0.3582931 0.2193156 0.1681237 0.2691512 0.3225703 -0.0932808 -0.4111608 0.3667554 0.0378228 -0.0862603 0.2423119 0.1946601 0.1308816 -0.1314450 0.1084694 0.2730705 0.4188022 -0.4042544 0.2342405 0.0547887 0.0951831 0.0586143 -0.0826278 -0.1781496 0.3612949 -0.4518646 0.4132939 -0.1742722 -0.1456990 -0.1510444 0.0593468 0.3291622 0.6161833 -0.0309570 0.2771434 0.2076013 -0.2863626 0.4763344 0.0310806 0.0747894 0.3571431 -0.0945545 0.1544493 0.0259075 -0.1943431 0.0658359 -0.0528664 -0.0275157 -0.1388933 -0.2958132 -0.0822534 0.0384545 -0.5022545 -0.2801274 -0.2253801 0.0246182 0.2952656 0.2103583 -0.3022988 -0.2129830 0.3740983 0.2780007 0.1589811 -0.3921889 -0.2263771 -0.3554573 0.2007402 0.3362246 -0.0344385 0.4683797 -0.0216438 -0.0670851 0.3444254 0.3995390 -0.1018058 -0.0736998 0.2414403 0.0866301 -0.1551375 -0.2362278 -0.0845550 -0.1543165 -0.3627509 -0.1820080 -0.1008226 -0.1879330 -0.1972537 0.0673450 -0.2724595 -0.4517761 0.2310872 -0.1449455 0.0668326 -0.0646735 -0.0628511 -0.2054750 0.1348254 -0.2365890 0.1597410 0.0059321 0.0328408 -0.3069511 0.0242161 -0.2397241 0.0109659 0.0657389 -0.0348219 0.2010418 -0.1120740 -0.3241781 0.3279467 -0.1585216 -0.0649433 -0.2796655 0.1801496 0.3967740 -0.3472377 -0.0494950 0.0071482 -0.0495134 0.2583453 0.3616152 -0.0350948 -0.1492097 0.5649976 0.0068489 0.0198611 0.3601996 0.5823475 0.0148400 0.1833496 0.3762576 -0.3660315 -0.3079589 -0.1073283 -0.3879855 -0.4831451 -0.2401967 -0.2585806 -0.5882883 -0.6044357 0.0321293 -0.1322998 -0.2084953 -0.4300054 -0.1337189 -0.1013580 -0.2840302 -0.0169615 0.2543565 -0.0884100 0.0064722 0.0173672 -0.1624488 -0.1995436 0.1303082 -0.0362350 0.0358506 -0.0250089 -0.0117529 0.2574285 -0.1238716 -0.0927996 -0.2517051 0.2515449 0.0278973 -0.0624749 -0.0184186 0.0082001 -0.5847157 -0.1238424 0.2129653 0.3139813 0.1171349 -0.0067122 0.0219771 -0.1432428 -0.4900322 -0.3651233 0.3272408 0.1785156 0.0743259 -0.4256520
0.2211712 0.1921356 0.3049563 0.5204116 0.1205439 0.1019471 -0.4346499 0.6557284 -0.1070750 0.3599006 0.0000000 -0.4099351 0.4326696 -0.0208354 -0.3068600 0.6868876 0.5452073 -0.2775099 0.5736975 0.0600045 -0.1949417 0.2159082 0.7493523 -0.4440438 0.5518173 0.6670740 0.4061709 -0.2664774 -0.3712906 -0.2332694 -0.0324658 0.5510254 -0.3809008 -0.4783291 0.4973672 -0.2610371 0.2620269 0.4636506 -0.1299538 -0.2197751 0.0789152 -0.4211811 0.3745089 -0.2935049 -0.3258021 0.5669266 0.5146413 0.3567516 -0.3836908 0.3637843 0.4924830 0.4439768 -0.3979047 -0.1450728 0.4540303 0.4696786 0.2208894 -0.6939125 -0.5285421 0.5333361 -0.4101670 0.6181144 0.1572072 -0.4520606 -0.2412995 -0.0217112 0.6266558 0.2895596 0.2708003 0.0845896 0.3949797 0.1003930 0.4502570 0.0809043 0.0988398 0.3618311 0.2919298 0.2528599 0.0017235 0.0102725 -0.0478194 0.4337342 0.0827283 -0.0243473 0.0804393 0.1107305 0.3639349 -0.4546816 -0.0876455 -0.2841493 0.1536583 0.4783800 0.1001081 -0.2490838 -0.1436301 -0.0960412 0.0922962 -0.0014017 -0.2660446 -0.4836407 -0.6715092 0.0607932 0.3869675 -0.2144544 0.1743055 -0.5212261 0.0101196 0.3157246 0.2098454 0.0690728 -0.2218851 0.3809658 0.1011407 -0.2202000 -0.0938098 -0.1064704 -0.1910105 -0.2636269 -0.1551843 -0.3396795 -0.4191056 -0.2176335 -0.1237354 -0.2091768 -0.4068650 0.0193660 -0.2427574 -0.1912211 -0.2698296 -0.2887205 -0.5590172 -0.1320646 -0.3777801 -0.2536462 -0.1402415 -0.0929111 -0.5152126 -0.4377003 -0.6338657 -0.4296160 -0.2524181 -0.4462378 -0.0922841 -0.4650720 -0.6110600 -0.1399819 -0.5560045 -0.3247436 -0.5988279 -0.4026814 -0.3080910 -0.7022730 -0.4661187 -0.4561232 -0.4918349 -0.4336400 -0.2528384 -0.1305731 -0.6171566 -0.0726804 -0.2391758 -0.3950589 -0.2122330 -0.0772965 -0.4048378 -0.3628092 -0.3526857 -0.6495700 -0.5831955 -0.4962632 -0.4320422 -0.5862051 0.0118576 -0.2904056 -0.3687693 -0.1611045 0.0070026 0.0605762 0.0238973 -0.1142692 0.0389813 -0.0056502 -0.4411781 -0.2259740 0.0885234 0.1291851 0.2741859 0.2148006 0.2509681 -0.0803520 0.1019633 -0.1772532 -0.1889298 0.1345618 -0.1308730 0.1106379 0.1250064 -0.1070730 -0.2559425 0.2437052 0.0892058 0.3175302 0.2141180 -0.1160344 -0.4857926 0.1004483 0.0965088 0.0637235 0.0841331 0.2130533 0.1276673 -0.2747249 -0.3684592 -0.1847505 0.3002608 -0.0033546 0.1355005 0.2545717
-0.3014332 0.0125432 -0.2144556 -0.0355154 -0.0543045 0.0780657 0.3804875 -0.1549417 0.3952432 -0.5887864 -0.4099351 0.0000000 -0.1914793 -0.2572064 0.4994052 -0.0845459 -0.5817512 0.1811698 -0.0643418 -0.0510703 0.6859442 0.0438375 -0.3184636 0.3566571 -0.1262117 -0.2560417 -0.5854543 0.2423449 0.5926025 -0.0582682 0.1397905 -0.3392086 0.3504723 0.4468650 -0.2482866 0.7371107 -0.1206809 -0.1666060 -0.3050199 -0.0692871 -0.0553772 0.7801315 -0.3653401 0.1976720 0.5024594 -0.1474847 -0.1327386 -0.2068625 0.3261216 -0.0009501 -0.1992281 -0.3273844 0.6074996 0.0398083 -0.1086470 -0.0913991 0.0256695 0.4361282 0.4164514 -0.2425759 0.6867114 -0.3656303 0.1624921 0.5298143 0.5983657 0.0278761 -0.2715807 -0.4532974 0.0656274 0.1631179 -0.0040372 0.4240357 -0.1933214 0.2470542 0.2605872 0.0896576 0.3242141 0.0514374 0.1029246 0.0114850 -0.1417728 0.0620709 -0.1177371 -0.2320936 -0.2002756 -0.2944701 -0.4320247 0.5183774 -0.2027600 -0.1084261 -0.2256492 -0.4268163 -0.1544402 0.5833236 -0.2321874 -0.3500232 -0.0704672 -0.0975676 -0.0781412 0.2635955 0.4430751 -0.1599352 -0.4411316 0.1262029 -0.2116117 -0.0176647 -0.0219314 -0.2329730 -0.3160077 -0.0195437 -0.1435961 -0.3426510 -0.1112332 0.0652667 -0.0481922 0.0963505 0.0294224 0.1729266 0.1667788 0.1690311 0.1623882 0.0262759 0.0363743 0.5606763 0.5645399 -0.1021103 0.0906123 -0.0801876 0.0663807 0.2961130 0.4730141 0.0046236 0.3196992 0.1945585 -0.1220541 -0.0599206 0.5131387 0.2057547 0.4637278 0.3438645 0.0913044 0.3975803 -0.3635645 0.4816604 0.4963036 -0.2117928 0.3120376 0.1713256 0.1881546 0.0780460 0.0178419 0.4893621 0.2024519 0.2064168 0.0224681 0.0669273 -0.1935685 0.1142927 0.2376138 -0.2499201 0.0541057 0.1022548 -0.2339597 -0.2890284 0.0614360 -0.0369759 -0.1224734 0.3319400 0.3008735 0.2627223 0.3847346 0.4516747 0.2785331 0.3708433 0.5312608 0.5141781 0.1493576 -0.0414101 0.3409135 0.5594563 -0.0355752 0.2624611 0.6057632 0.2752821 -0.0903789 0.2335809 -0.2100156 -0.1413815 0.1873772 0.5775371 0.0002790 0.3161043 -0.1525964 -0.0427012 0.0493332 -0.1430314 0.3327194 0.2465000 0.0383283 -0.0481654 -0.1252911 0.1649421 0.2439876 0.3398340 0.2811722 -0.2016686 0.1048385 -0.1506731 -0.2110861 0.1738803 0.0403489 0.2860899 0.0023557 0.1230091 -0.0064823 -0.4386933 -0.2908074 0.2422285
0.5990144 0.2741932 0.6822817 0.3313717 0.8165839 -0.2351484 -0.1523872 0.7618683 -0.4575611 -0.0768131 0.4326696 -0.1914793 0.0000000 -0.0177875 -0.3264408 0.5284122 0.3694761 -0.2109049 0.5644437 0.6133036 -0.1139070 0.6999866 0.4429849 -0.3488953 0.4797289 0.3932058 0.0133331 -0.2603962 -0.2872877 -0.3064335 0.6700792 0.6219420 -0.2561250 -0.3340106 0.2995964 -0.1464313 0.5330005 0.7261452 0.1829731 -0.2246930 0.5885827 -0.3276512 0.3310971 -0.2523995 -0.1586513 0.4190425 0.3861537 0.6278561 -0.2428291 0.3890896 0.2414882 0.1584704 -0.2515743 -0.2091588 0.6025271 0.4715478 0.4575331 -0.4066349 -0.4466645 0.2252742 -0.1475237 0.1568114 0.4063332 -0.3874347 -0.1331234 0.2965676 0.1614780 -0.1740231 0.4066443 -0.4079364 0.2370553 0.1275160 -0.0472848 0.2627927 0.1904591 0.1190769 0.3241845 0.1782709 0.3155642 0.5152694 0.2101932 0.1206225 0.4206767 0.3151661 -0.0149760 0.4585609 0.3463021 -0.1779051 0.3784823 -0.0125941 -0.1514425 -0.2616238 -0.4167136 -0.3710037 -0.1089761 -0.3267871 -0.4264899 -0.3710546 0.0266398 -0.3359490 -0.3703942 -0.4634001 -0.0313940 -0.3613583 -0.4824937 -0.1364440 -0.2588605 -0.4458660 -0.3586758 -0.5689893 -0.0182155 -0.3019969 -0.4259981 -0.3691232 -0.1313006 -0.3404073 -0.2804247 -0.2779130 -0.3834613 -0.5313660 -0.4490565 -0.2729683 -0.3470333 -0.3770049 -0.2473066 -0.4163157 -0.2856962 -0.3017475 -0.2551137 -0.2437532 -0.4362084 -0.6647166 -0.2939834 -0.4334327 -0.2832596 -0.3334556 -0.3653405 -0.6012482 -0.2901659 -0.3893710 -0.1492082 -0.4621029 -0.0120730 -0.4337617 -0.4340089 -0.0504819 -0.2475022 -0.0804247 -0.2527768 -0.4842502 -0.6170561 -0.4719449 -0.4524210 -0.1396734 -0.1026616 -0.1817533 -0.0739146 -0.1775369 -0.2810221 -0.4281558 -0.0324493 -0.4972022 -0.3558172 -0.1799127 -0.3250370 -0.4227074 -0.3301452 -0.1791128 0.0227502 -0.2298878 -0.1553884 -0.1009887 0.2338626 -0.2704702 -0.1452099 0.1265223 0.0319879 0.1820185 0.0788361 -0.1134473 0.0123005 -0.2672074 -0.5615996 -0.6366010 0.1620866 0.3525761 0.6558172 0.6669774 0.4808516 0.0398197 -0.4632811 0.2776809 0.4745907 -0.2487375 -0.4995854 -0.4181363 -0.1765555 0.1358684 0.3310896 -0.3373304 -0.1593294 -0.2527011 -0.3225493 -0.3485212 0.2209826 0.2496019 -0.4804326 0.2670005 -0.1315352 -0.2040182 -0.2168802 -0.2752222 0.4420330 0.4546267 -0.3780991 0.3967310 0.4835978 0.1471935
-0.3340219 -0.3468009 0.0883358 0.0631845 0.0090251 0.0601308 -0.1367178 -0.3551332 0.2808098 0.0808291 -0.0208354 -0.2572064 -0.0177875 0.0000000 0.3481688 -0.3626499 0.0201047 0.5485253 -0.2769943 0.0786505 -0.5425411 -0.2798799 -0.1584081 0.4939645 -0.2401190 -0.1878132 0.3894993 0.6803336 0.2990043 0.8272885 0.0442705 0.1523001 0.4420268 0.4125573 -0.2428353 -0.4641396 0.0076268 -0.0142542 0.2354286 0.6933237 0.1485983 -0.1496461 -0.2234034 0.6130626 -0.1176180 -0.1157116 -0.2647764 0.2965229 0.4614023 -0.1057159 -0.3071506 -0.1550079 0.3435034 -0.0609521 0.0454007 -0.0629901 0.0954805 0.1934804 0.0529266 -0.2805572 -0.2078874 -0.2239934 0.1152921 0.3675265 -0.0487702 0.2175251 -0.1748015 -0.0980564 -0.0140397 0.0783575 0.2252825 0.0712201 0.1344442 0.0533023 0.1362750 0.2801473 -0.3337789 0.3050647 0.4176947 0.2423615 0.4662513 0.1366241 -0.1003273 0.0180004 -0.0032514 -0.1275850 0.5906970 -0.4168214 -0.0226523 -0.2846784 0.1383779 0.2418276 -0.1379686 -0.5292810 0.3176869 -0.0263139 0.1165814 -0.3689375 0.0354970 -0.4052290 -0.3833600 -0.1619647 -0.1745705 -0.5402015 0.0004151 0.0240684 -0.4091984 -0.2277716 -0.2301524 -0.2287743 -0.1054616 -0.3755686 -0.5195485 -0.2836962 -0.1525712 -0.3153159 -0.0471886 -0.0957186 -0.1585381 -0.1444468 -0.0008201 -0.0150543 0.1647739 -0.4670707 -0.2801576 -0.2579130 0.1094373 0.4295296 -0.4553851 0.0568190 -0.0461983 0.1189569 0.2470017 -0.1007155 0.5988056 0.3289585 -0.1167829 -0.2478333 0.0699632 -0.3690731 0.5796558 -0.2578245 0.4239517 -0.3662730 -0.2371637 0.3891287 0.1934889 0.2227392 0.1674340 -0.0592987 -0.1302983 -0.1271916 0.1441565 0.2637890 0.3749738 0.0418265 0.3185499 0.3589211 0.1840779 0.1180095 0.5128513 -0.0556908 0.1855459 0.1402805 0.4463125 0.3602282 0.1940378 -0.0407493 0.2259096 0.4014716 0.0967147 0.0636141 -0.3251224 -0.2189568 -0.3865766 -0.3853110 -0.3340030 0.1936397 -0.5474871 -0.5981528 -0.3006940 -0.4687764 0.0594745 -0.1757993 0.0045925 -0.2222460 0.1354627 0.2454247 -0.3817884 -0.3994131 -0.3758232 -0.0046672 0.3065060 -0.3452709 -0.4140170 -0.3419189 -0.4970444 0.0008784 0.3650181 -0.4672996 -0.2540825 -0.2048797 -0.0078050 -0.2645537 0.2915281 0.5862337 -0.3634599 -0.4144085 -0.0188827 -0.1453182 0.0328369 -0.4266965 0.3088507 0.2090256 -0.3063400 0.0846192 -0.0118274 -0.3821330
-0.3565763 0.0837708 -0.1075017 0.2771410 -0.2561453 0.4209076 0.0795626 -0.3013394 0.7807453 -0.3703035 -0.3068600 0.4994052 -0.3264408 0.3481688 0.0000000 -0.4587700 -0.7275945 0.7325500 -0.6063898 -0.0483986 0.2884469 -0.4523001 -0.5333471 0.8338926 -0.6258441 -0.5492009 -0.4045439 0.8241204 0.8176580 0.5490133 -0.1328885 -0.4704289 0.8082911 0.8148095 -0.5813080 0.3273037 -0.4546887 -0.5403322 -0.2797805 0.3183410 -0.3299101 0.4393607 -0.6072071 0.6691319 0.0054913 -0.5067236 -0.5123018 -0.2800221 0.7273398 -0.3237895 -0.5274163 -0.5364214 0.7650050 -0.3234479 -0.3569205 -0.4376359 -0.2968532 0.4212490 0.0466865 -0.5875471 0.1469534 -0.5726354 -0.0814542 0.7241888 0.6075001 -0.0319310 -0.4976448 -0.4878311 -0.3693309 -0.0174106 -0.0188813 0.4959196 -0.2587745 0.3890256 0.3307853 -0.0361742 0.0105369 0.1662953 0.0156635 -0.2901839 0.2277131 0.2331412 -0.2885800 -0.2254395 -0.2725629 -0.3831655 0.2176607 0.0421245 -0.1703086 -0.0294009 0.2344622 0.0205357 0.1555550 0.1596549 0.2199471 0.0357219 -0.0212494 -0.1059515 0.1362783 0.1092148 0.1451325 -0.1620166 -0.5346008 -0.1000455 0.0114738 0.1992291 -0.1481959 -0.3129125 0.0371098 0.1061356 0.0780124 -0.1727110 -0.2461498 0.0685130 0.1372126 0.0789685 0.2197903 0.4353795 0.3344498 0.2237147 0.1745323 0.1442393 -0.1230119 0.1665404 0.1433099 -0.0873838 0.0773239 -0.0265488 -0.3783392 0.1221831 0.1262425 0.0517748 0.2304271 -0.0226419 0.2383042 0.1175319 0.1326466 -0.1074259 0.0788736 -0.0249005 0.3133340 0.0422691 -0.0050624 0.1480636 0.0704508 -0.0545382 -0.0398164 -0.1580719 0.0846338 -0.0466117 0.0541250 0.1450003 -0.0262577 0.1419780 -0.0834502 0.0366262 -0.0770073 0.0432972 0.1613659 0.0546132 0.0515468 0.0546313 -0.0055193 -0.1947150 0.0774420 0.0671029 -0.1041165 -0.0275421 0.0550172 0.2460075 0.0778091 0.1235380 0.0103442 -0.1224319 0.0272739 -0.1211583 -0.4674270 -0.2485758 -0.2279687 0.0908399 -0.2790826 -0.0451669 0.3787926 0.1549312 -0.4398563 0.2311825 -0.1274099 0.0482709 -0.0674359 0.2207336 -0.0928544 0.1811384 -0.1814478 -0.2704184 -0.0274455 -0.2709958 -0.1932712 -0.2155283 0.1673768 -0.2881650 -0.1530025 -0.1304246 0.0172549 -0.0988593 0.3451276 0.0632765 -0.1718236 -0.5295333 -0.0255901 0.0437969 -0.1274949 -0.2610611 0.1034598 -0.1055450 -0.1881077 -0.4057707 -0.2908017 -0.2479676
0.2331235 0.0872253 0.2956466 0.1136106 0.3017027 -0.3667410 -0.3628405 0.5964274 -0.3111206 0.2134820 0.6868876 -0.0845459 0.5284122 -0.3626499 -0.4587700 0.0000000 0.5254146 -0.5799077 0.8372708 0.1163374 0.1109925 0.5583182 0.8306447 -0.6430543 0.7682734 0.8470124 0.1959846 -0.5394200 -0.5009822 -0.4917385 0.1501311 0.5689344 -0.5550383 -0.6083219 0.7306717 0.0302459 0.6071602 0.6747180 0.0978568 -0.2356574 0.3158839 -0.3458480 0.5143812 -0.3856969 -0.1912338 0.7601129 0.7764180 0.3861656 -0.4916592 0.7087393 0.7408207 0.5259248 -0.5318950 0.2315094 0.7118052 0.7421490 0.5064076 -0.3986341 -0.4387499 0.7295675 -0.2987859 0.6473859 0.3810710 -0.4896380 -0.2940160 0.1403176 0.6356613 0.3302173 0.5896253 0.0633745 0.2828406 -0.0907644 0.3683645 -0.0323104 0.0132553 0.2907033 0.4052497 0.0949082 0.0321021 0.1375683 -0.3272751 0.2587548 0.3667409 0.2620125 0.2203800 0.3858092 0.0863832 0.0191989 0.0920986 -0.0624235 -0.0674946 0.1478806 -0.1143806 -0.0159618 -0.2293824 -0.0246031 -0.0470440 -0.0288988 -0.1622685 -0.3760081 -0.1508710 0.1105831 0.3158774 0.0567878 0.0496687 -0.2522679 0.2857203 0.1448065 0.0427403 -0.0609904 -0.0400879 0.2791380 0.1547020 -0.1464001 -0.1008403 -0.0326617 -0.2933795 -0.3207152 -0.2433216 -0.2307319 -0.3704086 -0.3390483 -0.0073975 -0.0538962 0.0549133 0.0741862 -0.2424704 -0.2174243 0.1352388 -0.1264718 -0.2405096 -0.2347372 -0.3032211 -0.1045767 -0.3555974 -0.2770793 -0.1691446 -0.0066196 -0.3027512 0.1008692 -0.3316849 0.0106073 -0.0549900 -0.0103119 -0.2205829 -0.2622807 -0.2158468 -0.1143166 -0.3884348 -0.0882841 -0.0900530 -0.2950814 -0.1771972 -0.3141716 -0.4025113 -0.1084098 -0.0307410 -0.1366423 -0.2912540 0.0213448 -0.2728829 -0.0336806 -0.1380435 0.1459919 -0.3102888 -0.2384207 -0.1724467 -0.2883644 -0.1387302 -0.2038601 -0.1947743 -0.2401503 0.0204181 -0.1049457 -0.2517896 0.1164287 0.5151217 -0.0842784 0.5487195 0.2838106 0.2510750 0.2825507 -0.4170933 -0.1488783 0.1072785 0.0735928 0.0120570 0.1597839 0.4905067 0.1914603 0.1931652 -0.0304982 -0.0147272 0.4022798 0.1110184 0.3276805 0.5396556 0.2210743 -0.3316588 0.4602907 0.0243418 0.1435546 0.1143706 0.2553634 -0.3409383 -0.1293835 0.3468839 0.4647681 0.0272123 0.1027772 0.1193315 0.2050090 -0.1355677 0.1347304 0.3809307 0.2306784 -0.0366501 0.1551067
0.2886397 -0.1946807 0.2340682 -0.1623641 0.3423540 -0.3934530 -0.3179742 0.2451851 -0.5070615 0.5513630 0.5452073 -0.5817512 0.3694761 0.0201047 -0.7275945 0.5254146 0.0000000 -0.4797268 0.4764274 0.2587930 -0.4474052 0.2009497 0.6555435 -0.6261882 0.4933385 0.5667508 0.6053568 -0.5099243 -0.6258512 -0.2657518 0.0580592 0.6349998 -0.5550051 -0.6417101 0.5684260 -0.4703047 0.5826593 0.5458026 0.4837715 0.0464438 0.4091166 -0.4944977 0.6613066 -0.3376987 -0.2225788 0.5936617 0.5225752 0.5062357 -0.4865531 0.4045783 0.4984197 0.5872301 -0.6560026 0.3533560 0.5518938 0.5215470 0.5516457 -0.3343965 -0.1642950 0.5758699 -0.4129444 0.5772690 0.4243407 -0.5619720 -0.5541473 0.3527165 0.4806409 0.4942037 0.5707105 0.1425093 0.3003000 -0.3464780 0.4017266 -0.1732520 -0.0227710 0.3756735 0.1505779 0.1725390 0.3214898 0.5273868 0.1324863 0.2650812 0.2738969 0.1362531 0.0299660 0.1904716 0.1515561 -0.1842064 0.0137765 -0.1633736 -0.0016077 0.3052756 0.0388698 -0.2964977 -0.0695693 -0.0081695 0.3086760 0.0727153 -0.1392980 -0.2646999 -0.3803363 0.1734352 0.3996006 -0.1121868 0.1919520 -0.1521830 -0.0109044 0.1960290 0.0678235 -0.1709758 -0.0883032 0.1065187 0.0077757 -0.0998476 -0.1201338 -0.1238425 -0.1527122 -0.4722977 -0.2836074 -0.3422723 -0.2117527 -0.1240223 0.0342232 -0.3869060 -0.2967832 0.0959131 -0.1432612 0.0123738 0.1258938 -0.2558175 -0.3061859 -0.1187161 -0.3651968 -0.1816600 -0.1535010 -0.1613573 -0.3889550 -0.0507136 -0.3323792 -0.2458420 -0.1689437 -0.2721384 -0.0148380 -0.4373781 -0.4046451 -0.0089551 -0.1097253 0.0105746 -0.2458416 -0.1279686 -0.1171712 -0.4457885 -0.1143488 -0.2528106 -0.0606762 -0.1591549 0.0256145 -0.0581684 -0.2449872 -0.0349197 -0.0314229 -0.1675616 -0.0630956 0.1642782 -0.0611278 -0.1145387 -0.1226747 -0.2442229 -0.2132936 -0.1935104 -0.1413422 -0.2391391 -0.2420032 -0.2318353 -0.3897231 -0.1554506 0.3142271 0.3199570 -0.0117218 -0.3544944 0.1072432 -0.1787046 -0.3650050 -0.2582270 0.3856146 -0.2387071 0.2381091 0.2248761 0.1825389 -0.2089060 -0.1777761 -0.1022722 0.3404091 -0.0240785 -0.1604106 0.0742969 -0.0358230 0.3669822 0.0973427 0.1664786 0.2412546 0.1140638 -0.0362462 -0.0327333 -0.2946091 0.3269700 0.0460179 0.3228567 0.1498091 -0.0513673 0.1205737 -0.1180494 -0.0137174 0.1243396 0.0924702 0.3546562 0.1200465 0.0034985
