0.0000000 0.8596979 0.5458752 0.4429389 0.5773955 0.4637676 0.6537033 0.3273533 0.3496485 0.1018291 0.2103616 0.4539339 0.5196992 0.1760548 0.3435070 0.2855118 -0.0671397 0.4733734 0.3117698 0.2837062 0.1272183 0.3151109 0.1062046 0.3398506 0.3774286 0.4160564 0.3563445 0.1911187 0.1569794 0.1326328 0.4355643 0.5054058 0.1361692 0.1986240 0.4236127 0.1219765 0.6304967 0.5306422 0.2099196 0.2373649 0.4632183 -0.0883589 0.4625054 0.1468564 -0.1109761 0.5323144 0.4962768 0.4664913 0.2906800 0.3830163 0.4300338 0.6059546 0.2966896 0.4279584 0.6616092 0.5350331 0.5628080 0.3795854 -0.0980112 0.4628103 0.1547870 0.3187402 0.3568445 0.4679000 0.4402636 0.4081833 0.1303614 0.2430901 0.1851463 0.2111299 0.2277286 0.4181980 -0.1430869 0.5085452 0.0383875 0.1040306 -0.0014810 -0.1275238 0.0331169 -0.1079000 0.1997039 -0.0785947 -0.3887829 0.0196720 0.1322908 0.2440060 0.0409516 -0.0790961 0.0974093 0.0000047 -0.0046372 0.0816178 0.5762198 0.1588632 -0.0175315 -0.0128453 0.4118362 0.4274710 0.3280756 0.1427151 -0.0135466 0.3167080 0.1526051 0.0447870 0.1044258 -0.0972779 0.1909582 -0.1979913 0.1474492 0.1030124 0.2842365 0.0000772 0.6340278 0.5357299 0.3062730 0.3894313 0.1254524 -0.1346355 0.1775647 -0.2827405 0.0088815 0.2179439 -0.0481310 0.3561651 -0.0355866 -0.0677527 0.2234216 0.1890439 0.0575877 0.1744321 0.1720616 0.0770940 0.1491308 -0.1381441 -0.2948010 -0.0666065 -0.0164196 0.0223688 0.0203748 -0.2976405 -0.0064388 -0.1797818 0.1717878 -0.0626930 0.0445773 -0.2778132 0.0259237 0.0739024 0.0669162 -0.2671078 -0.2110772 -0.0776294 0.0799888 0.0021368 -0.0019186 -0.3562520 -0.0863106 0.1386127 0.0435211 -0.1198004 0.2107659 0.0076515 -0.1686220 -0.1054582 0.2894185 -0.2953070 -0.0067531 0.0352467 0.0999332 0.0559921 0.1383642 0.0525358 0.2817732 0.1870003 0.5147008 0.4525255 0.2060597 -0.3128222 -0.1164441 -0.3514930 -0.3964838 -0.2172260 -0.1454787 -0.0377277 0.4174595 0.3470806 0.2349362 0.2699998 0.2832063 0.0630784 -0.4214277 -0.0238079 0.5446776 -0.4728275 -0.2679592 -0.2015389 -0.1741085 0.3085295 0.3215495 -0.1026643 0.6644467 0.3457406 0.1413764 0.2759375 0.5276840 0.4137801 -0.0256228 0.4794936 0.4794230 0.3756857 0.2701306 0.0115353 0.5524152 0.5672004 0.3850063 0.2874240 -0.1452489 0.1692111
0.8596979 0.0000000 0.3784098 0.7119082 0.3305446 0.7034796 0.7676117 0.4354916 0.3668994 0.3751732 0.4411228 0.6350311 0.3721861 0.2784932 0.1778178 0.3568132 -0.0031224 0.5451513 0.3873329 0.1638207 0.3803592 0.5952839 0.1193203 0.4127812 0.3635735 0.2681116 0.2863181 0.2742417 0.2914329 0.2249433 0.4237676 0.3207200 0.0372482 0.1417644 0.5083488 0.3268377 0.5883481 0.5122482 0.2526853 0.3353574 0.2684007 -0.0400150 0.5033019 0.0051754 -0.1843801 0.6294098 0.5850953 0.2881963 0.1526498 0.5889521 0.5247628 0.6195892 0.2602215 0.3379865 0.6196850 0.6372031 0.5532936 0.2147883 -0.0773737 0.5240503 0.2279945 0.3970574 0.0766636 0.4088307 0.4027097 0.1561765 0.2230736 0.2275345 0.1420248 0.1542857 0.1505046 0.5189911 -0.0474424 0.5720189 -0.0722655 0.1323311 0.1432322 -0.2630352 -0.0037668 -0.2646409 -0.0726932 -0.0581395 -0.2795323 0.1500152 0.1380224 0.3378031 0.2160137 -0.2112331 0.1426328 -0.1232689 0.1497966 0.1792998 0.6348723 0.0065158 0.1317293 0.0532955 0.4512337 0.5993229 0.3847088 0.1190879 -0.0420845 0.4852720 0.3407585 -0.0618824 0.2662225 -0.0424056 0.3007968 -0.0604385 0.3261520 0.2031207 0.3595518 0.0620527 0.6479377 0.6424556 0.5005132 0.4745776 0.4242412 0.0965043 0.3609576 0.0978640 0.3737618 0.4188427 -0.0111954 0.4819994 0.2877156 0.2611484 0.4836247 0.2524718 0.4338531 0.4308812 0.4976284 0.0772836 0.3533020 0.1680566 -0.4301346 0.1956978 0.2518808 0.2826960 0.1898192 0.0464843 0.2174215 0.1147899 -0.0024172 0.1912222 0.2312617 0.0313373 0.2148191 0.2649880 0.0273461 0.0465163 0.0415433 0.1586719 0.2537493 0.1626654 0.2995647 -0.0778181 -0.2205617 0.3548094 -0.1165623 -0.0344675 0.3025155 0.0909974 -0.0291428 -0.1434646 0.4193413 -0.0866233 -0.0775839 -0.0763846 -0.0975414 -0.0762767 0.1922712 -0.0003189 0.5403733 0.3738818 0.6769762 0.4742971 0.4095238 -0.0936269 0.1857085 -0.0161889 -0.0749593 0.1472625 -0.0048069 0.0700002 0.2727758 0.3352440 0.1017685 0.1256261 0.2108691 0.1782244 -0.0890252 -0.1885799 0.5803702 -0.2753870 0.0646052 0.0188120 0.1474388 0.3480848 0.0225817 0.2384956 0.4884398 0.1246465 0.1645673 0.3506356 0.2581011 0.1683215 0.3253408 0.4054007 0.3491438 0.1371867 0.4982375 -0.1919053 0.3269179 0.6039920 0.5038256 0.2059512 -0.3538052 -0.0802467
0.5458752 0.3784098 0.0000000 0.1592082 0.7915812 0.1586273 -0.0414333 0.2500867 0.1473051 0.2447453 0.1899711 -0.1641524 0.9160613 0.5421711 -0.0635231 0.3268794 0.3592345 0.1869779 0.3528436 0.8822368 -0.1890334 0.3254232 0.4161363 -0.0153076 0.5173877 0.6872397 0.8958434 0.0279271 -0.2622478 0.4524430 0.8674787 0.8025308 -0.3161386 -0.3388363 0.5408318 0.0348418 0.7893483 0.4966920 0.4439251 0.3709929 0.5267803 -0.2881658 0.4276312 -0.2283652 -0.4489123 0.2239247 0.2669853 0.6392024 -0.2839126 0.0653679 0.3554354 0.4714864 -0.2809155 0.5343677 0.7262619 0.3288636 0.4182606 0.0681828 -0.2463380 0.4088843 -0.1437223 0.5212925 0.8211678 -0.0769101 0.0109981 0.8130212 0.1935039 0.4916326 0.2769496 0.0192919 0.4292767 -0.0458428 0.2410454 0.2593178 0.0824588 0.0564601 -0.0619069 -0.0133287 0.0145941 -0.0124913 0.4155852 -0.4534238 -0.5805775 -0.0517701 -0.3434735 -0.1899055 -0.0469870 0.1017694 -0.1448020 -0.1503528 -0.3248158 -0.0280183 0.2564392 0.2454737 -0.1787871 -0.3137422 0.3820534 0.0856657 0.1520460 0.1130105 0.0919244 0.0684398 -0.0991783 0.0130246 0.0690735 -0.1008322 -0.0786086 0.0728365 -0.1307029 0.0071022 0.3647839 -0.3476380 0.4324475 0.4132126 0.1183778 0.2888199 0.2017762 -0.0800026 0.3271803 -0.5219146 -0.0105863 0.4082940 -0.2453494 0.4757859 -0.4022932 -0.1182104 0.3371462 0.0787445 -0.3255303 -0.0556122 -0.1247604 -0.3871665 -0.1598462 -0.2621935 -0.4734504 -0.2815484 -0.1576690 -0.2883395 -0.0631445 -0.5764872 -0.3889886 -0.3784837 0.4634392 -0.1520961 -0.0423529 -0.4933946 -0.1432925 -0.1185335 0.0228362 -0.3646272 -0.3915344 -0.2559212 -0.2178974 -0.1021681 -0.3809439 -0.5437836 -0.1861772 -0.1578325 0.1127448 -0.3676195 -0.0707524 -0.0739653 -0.3377470 -0.4049471 0.0548551 -0.4567255 -0.1181020 0.0106013 0.0593672 0.0685807 0.0615979 0.0912697 -0.1293602 -0.4232120 -0.1699662 -0.2494057 -0.5053730 -0.6505851 -0.3475018 -0.4578520 -0.6497082 -0.3226088 -0.1255169 0.0481314 0.7398384 0.1886105 0.6199314 0.5565280 0.4676037 -0.1021378 -0.6096554 0.2502733 0.2009364 -0.7572415 -0.7183341 -0.6206493 -0.5349053 -0.2290114 0.6626934 -0.2266492 0.4826129 0.6487141 -0.0041579 0.0425550 0.6633390 0.6834024 -0.3765115 0.3674322 0.4593595 0.6976540 -0.1329106 -0.1599164 0.8766726 0.4013539 0.0320862 0.6313096 0.1564473 0.2299452
0.4429389 0.7119082 0.1592082 0.0000000 0.0489260 0.8131703 0.6587949 0.8092316 0.5086244 0.7059129 0.7749302 0.5716612 0.3404733 0.3471904 0.0850276 0.4010141 0.3698635 0.3191952 0.4266841 0.0525324 0.3707719 0.7592922 0.2710729 0.2150060 0.2859168 0.0681501 0.1676265 0.0369424 0.2605962 0.2555189 0.2309608 0.2189757 -0.2700391 -0.0495535 0.4925192 0.3374030 0.3683018 0.4250493 0.2161160 0.1223048 -0.0376137 -0.0572109 0.3814831 -0.4296976 -0.1954522 0.5826663 0.5976844 0.0685323 -0.2070617 0.6794454 0.5331171 0.3895952 0.0896670 0.0740340 0.4139625 0.5800607 0.4676396 0.0005506 0.1600980 0.5055097 0.2843153 0.4086058 -0.0911958 0.2093053 0.3313553 -0.0344358 0.3788831 0.3308871 0.2535481 0.1105745 0.1056003 0.5594840 0.1912208 0.6314895 0.0012987 0.3572645 0.5571727 0.0128532 0.2721514 -0.1183842 -0.0170665 -0.0775594 0.0251566 -0.0707034 -0.2397600 0.2862640 0.4441738 -0.5194939 0.0568006 -0.2478090 0.3780581 -0.0094006 0.3219926 -0.4667080 0.3165094 0.2412409 0.1339342 0.4185937 0.0544003 -0.3991118 -0.3871303 0.3292600 0.2399972 -0.4662925 0.1454771 0.2147218 0.2013722 0.0253672 0.1326566 0.1611471 0.1197870 0.0311152 0.4144035 0.5163352 0.4875652 0.3850492 0.4616228 0.3482726 0.4611975 0.2829085 0.3541599 0.3452961 -0.1813863 0.3734493 0.3509727 0.2251668 0.4098462 -0.0246419 0.4239286 0.6821647 0.5379307 -0.1510841 0.5475072 0.4694551 -0.6442727 0.1776759 0.3999648 0.2550132 0.1568814 0.2854359 -0.0882394 0.1825468 -0.2314814 0.2438660 0.2653824 0.0760878 0.1695032 0.2025308 -0.2293845 0.1906239 0.1258316 0.2380809 0.1339906 0.0449780 0.2498125 -0.1005303 -0.4301024 0.2763971 -0.3502144 -0.0505652 0.2960072 -0.0541246 -0.1283013 -0.2519468 0.1575518 -0.1387264 -0.2770745 -0.3458041 -0.4032446 -0.3169304 -0.0154153 -0.2724880 0.4600386 0.1746393 0.4759419 0.2365662 0.3762673 0.0521792 0.2808635 0.1661695 0.2070204 0.3694452 0.2069679 0.1333144 0.0349649 0.2056034 -0.0448800 0.1642582 0.4161412 0.5211675 0.2135200 0.0177105 0.5164837 0.0514577 0.2882099 0.1763406 0.1873256 0.4438268 0.0229430 0.2454079 0.1664047 -0.1220293 0.1816707 0.1102327 -0.0408017 -0.0613275 0.3457719 0.2500088 0.2385840 0.0717473 0.6356164 -0.2581627 0.0959321 0.4394913 0.4097781 0.1032363 -0.0738298 -0.5048409
0.5773955 0.3305446 0.7915812 0.0489260 0.0000000 -0.0457773 -0.0905996 0.1888016 -0.0998177 0.0017483 -0.0221059 -0.2146029 0.7290373 0.2567563 -0.0276476 0.3477165 0.0835565 0.1414627 0.4135258 0.5652305 -0.1106828 0.2621491 0.3113287 0.0325187 0.4812116 0.6550605 0.4915691 -0.0123410 -0.1928310 0.2295092 0.6521759 0.7107240 -0.0712948 -0.2541691 0.2980658 -0.0326653 0.5901522 0.5706362 0.3346746 0.1492213 0.5687828 -0.2349005 0.3572954 0.0211951 -0.3234451 0.3339967 0.2110022 0.6876050 -0.2228372 0.1472841 0.2813507 0.4037433 -0.2393862 0.5507958 0.6952525 0.3615870 0.3685432 0.1800739 0.0416789 0.2913922 0.0598167 0.3232013 0.7626916 -0.1029533 0.1358924 0.7253188 0.1248062 0.3874557 0.2314637 -0.0210871 0.3370949 -0.0586858 0.0308038 0.2357397 0.0723993 -0.1253851 -0.2565363 -0.1425132 -0.1886060 -0.1165548 0.3253667 -0.1832521 -0.2717721 0.1478444 -0.0995471 0.0595298 -0.1375006 0.0357848 0.1140051 0.1012531 -0.2204801 0.0478182 0.3072444 0.1250433 -0.1036174 -0.0406127 0.3939808 0.0051659 0.0201571 0.2408406 -0.0402712 0.1295522 0.0594473 0.0479924 0.1074666 0.1534757 0.0373823 0.1398547 -0.0593827 -0.0270970 0.1665331 -0.3719372 0.3080261 0.2427929 0.0064675 0.1533923 -0.0871615 -0.3099313 0.0574273 -0.4710690 -0.0830897 0.1335452 -0.4791622 0.0882687 -0.3504127 -0.2452193 0.1231032 -0.2314610 -0.3459610 -0.1452070 -0.2088233 -0.1640938 -0.2782100 -0.2362914 -0.2867947 -0.3960128 -0.2511881 -0.3153623 -0.1956809 -0.4242269 -0.5247398 -0.3690001 0.4525095 -0.1796086 -0.1091716 -0.5441947 -0.2301600 -0.2460697 -0.0706786 -0.3838158 -0.4317161 -0.1999153 -0.2201630 -0.2634987 -0.3533469 -0.4343799 -0.0204567 -0.1888639 0.1343829 -0.3893534 0.0851684 -0.0768480 -0.1312495 -0.2782079 0.0629047 -0.3825672 -0.0418000 0.0205696 0.1359219 0.2248683 0.0324544 0.1205225 -0.2650249 -0.3678978 -0.2646284 -0.2611218 -0.2640091 -0.3523221 -0.1913193 -0.3448997 -0.4159860 -0.1633105 -0.1193795 0.3751632 0.8381950 0.3652050 0.7588858 0.6364507 0.5675883 -0.0760982 -0.4863835 0.1245499 0.1715142 -0.5152366 -0.5680581 -0.5096805 -0.4942986 -0.1568639 0.6410071 -0.3836516 0.4466282 0.4983169 -0.0538572 0.0716824 0.5575609 0.6273299 -0.4222625 0.3354119 0.2627492 0.7141600 -0.0473942 -0.0431178 0.7091328 0.4024308 0.0342760 0.3688308 -0.0394025 0.1418932
0.4637676 0.7034796 0.1586273 0.8131703 -0.0457773 0.0000000 0.7058062 0.5805249 0.5794876 0.6659643 0.7333746 0.6697697 0.2681540 0.3564494 0.1647764 0.4731986 0.2574532 0.4277238 0.5151474 0.1449582 0.3927228 0.5359970 0.1511493 0.4227472 0.4039060 0.0927899 0.2281834 0.1510926 0.3849624 0.2252411 0.2564354 0.1488987 -0.0258042 0.1135752 0.5142815 0.3504789 0.4088015 0.3569488 0.2677220 0.2075182 -0.1526198 0.1207423 0.4452161 -0.1200322 -0.0346792 0.6150019 0.6642765 -0.0109581 0.1147632 0.6822982 0.5694393 0.5682978 0.2505165 0.3845653 0.4028513 0.6241152 0.4729070 0.3135172 0.1298611 0.5809595 0.4943525 0.5265956 -0.1105490 0.4199838 0.5548746 -0.0749542 0.3891530 0.2956563 0.2793788 0.2958091 0.1457242 0.6854419 0.1158802 0.7452043 0.1499601 0.3899681 0.5680274 -0.0000307 0.3225045 -0.1814799 -0.0310627 -0.2600175 -0.2749854 -0.2241289 -0.1691703 0.0313070 0.5239343 -0.3757861 -0.0841212 -0.3974859 0.3472323 0.0133077 0.3035423 -0.1211162 0.3769675 0.2451202 0.1509219 0.3839004 0.0929453 -0.0795858 0.0229529 0.1575305 -0.0665196 -0.0696309 0.1899661 0.2087695 -0.1017896 -0.1712544 0.0829400 -0.1120303 0.2026560 -0.0160262 0.3380299 0.4271397 0.3554139 0.3834721 0.5185520 0.2839418 0.5255606 0.1546564 0.3277448 0.4573498 -0.0058979 0.5062669 0.2537036 0.3247775 0.3998663 0.1685068 0.3379589 0.5804016 0.5199288 -0.1559199 0.5297011 0.5411850 -0.6749648 0.3024165 0.4991242 0.3169455 0.2490851 0.3285406 0.2334189 0.2656274 -0.3782834 0.3367052 0.4155397 0.0808528 0.3484294 0.4496920 -0.1939020 0.2744338 0.2544248 0.3229628 0.3469892 0.0602782 0.3551861 0.0751585 -0.3453349 0.4829087 -0.2777624 -0.0146016 0.2023595 0.1291391 -0.1186306 -0.3008266 0.3952577 0.0644315 -0.3591214 -0.3093954 -0.3652796 -0.3538716 -0.0150264 -0.2436184 0.6363459 0.3298778 0.6314421 0.4324705 0.4213145 -0.0470912 0.2843146 0.2016413 0.1465002 0.2936367 0.2273672 -0.0462011 -0.0367755 0.3647772 -0.1575246 0.0638724 0.2638083 0.4313683 0.0167401 0.0548954 0.7431445 -0.1144719 0.2065991 0.2457198 0.3635496 0.5424617 -0.0358844 0.3756884 0.3129074 -0.0342501 0.0462833 0.0678622 -0.0514140 0.0476923 0.4639561 0.2749178 0.3610043 0.0187312 0.4780635 -0.1340009 0.0737714 0.3962832 0.6359466 0.2940082 -0.2589573 -0.4417218
0.6537033 0.7676117 -0.0414333 0.6587949 -0.0905996 0.7058062 0.0000000 0.3479320 0.5681138 0.3845043 0.2919164 0.8981083 0.0393900 0.1897390 0.4697437 0.0118141 -0.0413087 0.6065191 0.1073807 -0.1638367 0.4819627 0.3367412 -0.2021897 0.6227877 0.1060721 -0.0905044 -0.0254094 0.2985853 0.6288471 0.0737561 -0.0349616 0.0694296 0.2790690 0.5503845 0.1797563 0.3310857 0.2147591 0.1806466 0.1031128 0.1365003 0.0238538 0.2103096 0.2104122 0.1470346 0.2048874 0.3668298 0.3690128 -0.0421125 0.3616585 0.5013038 0.2364582 0.3264660 0.5732156 0.1004532 0.2812373 0.3742515 0.3257077 0.3579543 0.1264481 0.2420994 0.3701732 0.0642987 -0.2285430 0.5712002 0.6016724 -0.1505605 0.0178014 0.1061357 0.0512226 0.2061779 -0.1315897 0.6095833 -0.2737216 0.4825410 -0.0564657 0.2169485 0.2410977 -0.1080357 0.1285339 -0.1435277 0.0109584 -0.0820506 -0.2695444 -0.2698159 0.0192211 0.1389161 0.1570132 -0.3809775 -0.0511677 -0.2198300 0.2236617 0.0782508 0.2940734 -0.2067929 0.2783966 0.2584996 0.1790153 0.3481302 0.1356754 -0.0986030 -0.1327169 0.1292660 0.0749330 -0.1670264 -0.0063387 0.0690299 0.0075933 -0.4301887 0.0302327 -0.0439515 0.0259306 0.0322485 0.4328767 0.4502942 0.3237640 0.4132332 0.2222124 0.1054505 0.2845633 0.0915813 0.0720332 0.1955052 0.2041061 0.2691726 0.3467256 0.1160628 0.1842327 0.2478900 0.3871831 0.6146701 0.4757856 0.1973201 0.5573730 0.2444127 -0.1573674 0.2153438 0.3593241 0.2370213 0.1049249 0.1576392 0.4043366 0.0818388 -0.1346761 0.1573453 0.2154087 0.1922549 0.1603321 0.2805783 0.1537088 0.0421677 0.0780937 0.1890542 0.2275402 0.3314653 0.4313041 0.0786061 -0.0322984 0.3781118 -0.0281533 0.0238618 0.4711427 0.0516018 0.0651656 0.0444374 0.3921957 0.0870100 0.0739511 0.0181477 0.0132867 -0.1422886 0.2412458 0.0005074 0.5575444 0.5690275 0.8508573 0.7663182 0.6257308 0.0655649 0.1399194 0.0397998 0.1927250 0.1832171 0.1231843 -0.1363558 -0.1532483 0.1742337 -0.3346854 -0.1161977 0.0701406 0.2880848 -0.0070653 -0.0540510 0.7279293 0.0334479 0.3816758 0.4536911 0.3890401 0.6435214 -0.0679185 0.2709369 0.4295945 -0.0130075 0.4319669 0.3779122 0.1264062 0.0384240 0.4914706 0.5203486 0.3020629 -0.0150874 0.6329270 0.1443241 0.0315943 0.4438842 0.6629942 0.1342292 -0.2304824 -0.1176561
0.3273533 0.4354916 0.2500867 0.8092316 0.1888016 0.5805249 0.3479320 0.0000000 0.3116499 0.5405467 0.7627389 0.1597758 0.5538138 0.1820997 0.0313793 0.5738650 0.4310071 -0.0060735 0.5812966 0.1730367 -0.0608534 0.7550805 0.4818921 -0.0836869 0.4674011 0.3010057 0.1591437 -0.4039133 -0.0946233 0.0596733 0.3040683 0.4017623 -0.4323362 -0.3844170 0.5358492 -0.0300816 0.4103479 0.6202781 0.0576933 -0.1309969 0.0535175 -0.1871158 0.4073766 -0.5963836 -0.3416181 0.6114120 0.6131806 0.2207962 -0.4130133 0.6192051 0.5551102 0.3158788 -0.3130472 -0.0821790 0.4811434 0.6319339 0.5969521 -0.1624822 0.2662039 0.5606326 0.1904239 0.4179452 0.2559531 -0.0722581 0.0852359 0.2702219 0.5698225 0.3120773 0.6058001 0.0367242 0.4034741 0.2413994 0.3944357 0.4202151 0.2750355 0.3286630 0.5590320 0.3587111 0.4633985 0.2319360 0.2183479 -0.1132374 0.0466260 -0.1878522 -0.3733967 0.0620950 0.3125640 -0.4069261 -0.0425872 -0.1373405 0.2096852 -0.2860174 0.1353460 -0.4473591 0.2705616 0.2292036 0.0021783 0.2358683 -0.1400131 -0.5480926 -0.5443870 0.0566358 -0.0312945 -0.3971193 -0.0110500 0.2097774 0.0145250 0.1111324 -0.1500977 -0.0155914 -0.1721078 -0.0047529 0.4430143 0.4409453 0.4889393 0.4794578 0.2584324 0.2336252 0.4587416 -0.0599141 -0.0422458 0.1856300 -0.5012957 0.2932688 0.0707961 -0.2091467 0.0900591 -0.3855658 -0.0940755 0.5664134 0.1322306 -0.4575703 0.2604616 0.2356812 -0.6778086 -0.1675773 0.1268365 -0.0810614 -0.0559083 0.0130169 -0.3715622 -0.0560310 -0.1321767 -0.0704679 0.1015683 -0.3807782 -0.0345897 0.0666576 -0.2861194 -0.0232699 -0.1231650 -0.0212500 -0.0662788 -0.2363700 0.1519012 -0.4429569 -0.2866310 -0.0544310 -0.1564309 -0.2022690 0.0692729 -0.0797371 -0.4160735 -0.4022103 -0.1048648 -0.4938643 -0.3130303 -0.2853673 -0.3008828 -0.2241543 -0.2728617 -0.2861409 0.0546843 -0.1976619 0.1417904 0.0381444 0.0573005 -0.1300035 -0.0902107 -0.1496736 0.0153746 0.1274937 0.1001947 0.2189927 0.1227916 0.0923095 0.1974066 0.3404056 0.5716476 0.5643355 0.0129600 0.3212028 0.2727618 -0.0188348 -0.0448354 -0.1104914 -0.2545273 0.2187242 0.3365975 -0.2118666 -0.0449442 -0.0366250 0.0856281 -0.1034300 0.1050589 0.1391800 -0.1694782 0.1165468 0.0735383 0.3017114 0.3826423 -0.0589575 0.2583613 0.3094048 0.0432153 0.2376780 0.1949119 -0.5681217
0.3496485 0.3668994 0.1473051 0.5086244 -0.0998177 0.5794876 0.5681138 0.3116499 0.0000000 0.4867173 0.3709330 0.6354718 0.2101067 0.3355836 0.6957587 0.0422193 0.4284515 0.3384509 0.0927688 0.1418538 0.3362579 0.1650741 0.2654276 0.3016983 0.1797971 0.1986142 0.2147175 0.3734498 0.5149425 0.4133035 -0.0007887 0.3288011 0.1239560 0.4388008 0.3065530 0.2812870 0.2635457 0.2521050 0.3444089 0.2523534 0.2943198 0.1446156 0.3070354 -0.0495167 0.3621057 0.2767964 0.3792658 0.2168831 0.3912284 0.4570440 0.3294657 0.3128000 0.6099075 0.2072062 0.2660963 0.3004753 0.2106814 0.4367994 -0.0523950 0.3063121 0.3007054 0.2793168 0.0298146 0.6611678 0.5218342 0.0501446 0.1529802 0.3635514 0.1130564 0.4888449 0.0125557 0.6335631 -0.0044753 0.5526607 0.2664269 0.4472522 0.3552387 0.1002778 0.3542536 0.0122491 0.1827579 -0.1373386 -0.2224871 -0.3302987 -0.1262578 0.0249796 0.0484191 -0.1013081 -0.1284396 -0.2116113 0.3520402 0.0097933 0.0975167 -0.0258255 0.2149662 0.2793127 -0.1284526 0.0374325 -0.0950774 -0.4503826 -0.0908749 -0.0801271 -0.2669583 0.0191151 -0.1268900 0.1887254 -0.1433147 -0.4394471 -0.2586378 -0.1875953 -0.0244221 -0.2392358 0.0410874 0.0403823 -0.0855964 -0.0883469 -0.0530311 -0.0592182 -0.0189676 -0.1837872 -0.1015054 0.0159625 0.1947131 0.3012539 -0.2708468 0.2627927 0.3177020 0.2503663 0.0851571 0.2986115 0.2410978 0.0899832 0.5511396 0.2252862 -0.2834445 0.1584816 0.2789145 -0.0024221 0.1690240 -0.2064600 -0.0489255 -0.2500437 -0.2572176 0.0789546 0.1047783 0.0511329 0.1081483 0.1826826 -0.2099623 -0.3138962 -0.2522908 0.0345708 -0.0277268 -0.1210673 -0.1943571 -0.1321783 -0.4177829 0.1384194 -0.3777661 -0.3070297 0.0480909 -0.3798832 -0.2217850 -0.3453501 -0.0751066 -0.0917128 -0.2636620 -0.3685425 -0.3367101 -0.3937751 -0.1478089 -0.3584777 0.1512184 -0.0974931 0.3138658 0.2382309 0.0023457 -0.4430199 -0.0671875 -0.0578055 -0.2242450 -0.1410192 -0.0379852 -0.2381878 -0.1402948 0.2701030 -0.2719700 -0.1418996 0.0630288 0.2158630 -0.2657797 0.1020695 0.4771295 -0.3090276 0.0088951 0.0325086 0.1902114 0.2578299 0.0707054 0.2916485 0.1393221 0.1582092 -0.0148790 -0.0731881 0.2640435 0.2379385 0.2422103 0.2717319 0.1913897 0.0530838 0.0525956 -0.0539946 0.2625984 0.0656726 0.3742806 0.0291862 0.1791481 0.0586076
0.1018291 0.3751732 0.2447453 0.7059129 0.0017483 0.6659643 0.3845043 0.5405467 0.4867173 0.0000000 0.7029876 0.3409058 0.3504925 0.7892926 -0.0154604 0.4668749 0.7544926 0.3678676 0.4560877 0.2012112 0.3201695 0.6348236 0.3781078 0.1966278 0.4010298 0.2733826 0.4213304 0.1773812 0.2332243 0.6267182 0.2942356 0.2934757 -0.4002174 -0.1749689 0.6208591 0.2587301 0.5039960 0.2922758 0.6547366 0.2156086 -0.1344123 -0.0351013 0.5519002 -0.4565531 -0.1557849 0.4815490 0.5682417 -0.0019870 -0.4089456 0.5821997 0.6048883 0.4728368 -0.0244757 0.2939076 0.4101336 0.5191144 0.4753796 0.1118714 0.1831068 0.5614157 0.2476984 0.6462354 0.0417527 0.1506793 0.2858852 0.0959314 0.5396411 0.6896233 0.3359452 0.3253345 0.2676695 0.3666196 0.5140466 0.5376480 0.0566964 0.5642962 0.6399556 0.1066124 0.4277643 -0.0240735 0.0639352 -0.2076261 -0.2892871 -0.4069568 -0.4426570 -0.2693605 0.3586973 -0.4344127 -0.3761459 -0.5058545 0.2461854 0.0875862 -0.0537070 -0.2941527 0.4838484 0.2176627 0.0598411 -0.1363946 0.0285322 -0.4023938 -0.0256912 -0.1844240 -0.2365009 -0.3302561 -0.0152392 0.2738982 -0.3044910 -0.2951642 -0.2972456 -0.2258612 0.0398823 -0.2019517 0.0573854 0.2460366 0.1888131 0.1961639 0.4622916 0.3303498 0.5665677 0.2095957 0.2906540 0.4814113 -0.0039596 0.4574025 0.2477568 0.1497354 0.3194335 -0.1227666 0.2079154 0.6778937 0.2225439 -0.2599488 0.2918656 0.3639510 -0.4525661 -0.1246919 0.2067553 -0.1220922 -0.1266757 0.1209795 -0.0453787 -0.1358488 0.0803449 -0.0030226 -0.0098394 0.0000393 -0.1482374 -0.0630006 0.0439853 -0.0183759 -0.1281615 -0.0335615 -0.1998323 0.2406783 0.1751113 -0.1168814 -0.3200022 -0.0125256 -0.1151732 -0.4386947 0.3340380 -0.2371807 -0.0311622 -0.4800391 -0.0194616 -0.1728529 -0.1313967 -0.1064614 -0.2672197 -0.3673140 0.1540034 0.0108335 0.3533327 0.0291184 0.2657214 0.0050040 0.1325918 0.0693265 0.1591164 0.0913164 0.2661424 0.3574140 0.1424121 0.1869008 0.1162112 0.1347427 0.0451190 0.3493862 0.4874401 0.5220547 0.1869077 0.1846422 0.5432787 0.0784167 0.2558842 0.2703830 0.1630054 0.1982430 0.1084683 0.2245518 -0.0165820 0.0046930 0.2722288 -0.1117271 0.1241540 0.2222859 0.2911797 0.4735262 0.0056247 0.1445944 0.4178453 -0.2115628 0.2373083 0.4861882 0.4684492 0.3939749 -0.0079433 -0.3307732
0.2103616 0.4411228 0.1899711 0.7749302 -0.0221059 0.7333746 0.2919164 0.7627389 0.3709330 0.7029876 0.0000000 0.1943385 0.3499535 0.3231145 -0.1506710 0.7205387 0.6064826 -0.0016541 0.5142993 0.1657412 -0.0360253 0.6060128 0.6045280 -0.1122109 0.3363655 0.2554091 0.3015789 -0.1648718 -0.1773830 0.2214309 0.2573855 0.1222349 -0.4079582 -0.4063996 0.7838358 -0.0837388 0.4392594 0.3650071 0.2235809 0.0445324 -0.2599526 -0.3611290 0.6359881 -0.5213754 -0.4186916 0.6628948 0.7734865 -0.0767484 -0.2950455 0.5858182 0.7854827 0.5442936 -0.2047622 0.1027609 0.2804700 0.6087058 0.6200853 -0.1206764 -0.0363888 0.8062614 0.0797749 0.6943769 -0.0238672 0.0419225 0.1205068 0.0429736 0.7011369 0.4407183 0.4950759 0.2919963 0.4037134 0.4142765 0.6565163 0.6152999 0.1448721 0.5857653 0.7671662 0.4102778 0.6376596 0.2432107 0.1319891 -0.1062494 0.0503996 -0.1897057 -0.2825985 0.0740388 0.4690168 -0.3783809 -0.2428575 -0.3681531 0.2998555 -0.1349824 0.1595247 -0.2656986 0.2561667 0.0105715 -0.0208396 0.2767375 0.0785319 -0.3876616 -0.0626842 0.1818246 -0.0364139 -0.2281250 0.0256671 -0.0153502 -0.0431332 -0.0131211 0.0374968 -0.0420159 0.0832184 0.1519833 0.1436275 0.2263666 0.3915946 0.1674505 0.4650135 0.4250380 0.4592454 0.2473100 0.3099566 0.3828696 -0.2207499 0.3777691 0.2156807 0.1501552 0.3599041 -0.0685953 0.2326269 0.4904307 0.3722449 -0.2187302 0.4168354 0.4152508 -0.6132691 0.0998330 0.3278129 0.2120728 0.2219186 0.2393740 -0.1481569 0.1798423 -0.2957090 0.1936033 0.2512034 -0.2354902 0.2059547 0.2048478 -0.3005258 0.2262404 0.1507407 0.1878226 0.1397740 -0.2180053 0.1190821 -0.2615946 -0.4949467 0.1580201 -0.3149077 -0.0567588 -0.0576503 -0.1115138 -0.3670912 -0.4501816 -0.0761193 -0.3098385 -0.4805647 -0.3647695 -0.5078497 -0.5279660 -0.3032687 -0.3410512 0.4848385 0.0308570 0.2802127 -0.0047898 0.1010104 0.0293975 0.1371653 -0.0145624 0.0648720 0.0574734 -0.1032975 -0.0249469 -0.0772775 0.3082660 0.1321204 0.3468653 0.4216937 0.6539237 0.2086903 0.2343452 0.3609839 -0.0188833 0.0451352 -0.0579334 -0.0428335 0.2301596 0.0752847 0.0986716 -0.0474019 -0.3142660 -0.1760425 -0.1641822 -0.1297705 -0.0044651 0.0388169 0.0515530 0.0995735 -0.0434265 0.2881702 -0.2634062 0.0664866 0.3523353 0.2245744 0.2269542 0.0217473 -0.5171953
0.4539339 0.6350311 -0.1641524 0.5716612 -0.2146029 0.6697697 0.8981083 0.1597758 0.6354718 0.3409058 0.1943385 0.0000000 -0.1354574 0.1331924 0.4913190 -0.1225131 -0.1361115 0.5074554 0.0204803 -0.1541203 0.7215212 0.2624517 -0.2620784 0.6394100 -0.0036207 -0.1842784 -0.1061980 0.4353034 0.8033554 0.1091600 -0.1018040 -0.0552229 0.4053793 0.6728948 -0.0012373 0.5067633 0.0232551 0.0689938 0.0700306 0.1573880 0.0484092 0.3279114 0.0488889 0.2274890 0.4044173 0.2111160 0.2012547 -0.0514601 0.4621312 0.4683993 0.0931646 0.1524107 0.7098515 0.0794831 0.1522571 0.2503164 0.0661069 0.3683826 0.0326906 0.0750589 0.5294711 -0.0416418 -0.3327012 0.5733177 0.7034864 -0.2885430 -0.1116033 0.0221711 -0.1121471 0.1804571 -0.2708274 0.7169233 -0.4031870 0.5082626 -0.0097529 0.1197643 0.1819961 -0.2055526 -0.0074851 -0.2252825 -0.1180382 -0.1467192 -0.1547541 -0.1628800 0.1433484 0.2044214 0.0727512 -0.2084184 0.0999546 -0.1285629 0.3170316 0.1657133 0.2380154 -0.1451648 0.3162896 0.3438729 0.1039642 0.3340493 0.0176998 -0.0361162 -0.0515370 0.1792284 0.1011927 -0.0709258 0.0764242 0.2083198 0.0151745 -0.3369542 0.1135815 -0.1044248 0.1064386 -0.1450447 0.1786420 0.2027538 0.0952187 0.1805550 0.1414766 0.0225733 0.0973418 0.1844529 0.1808818 0.1048896 0.2415832 0.1465354 0.2920278 0.4208623 0.3379801 0.4022139 0.5435102 0.4707128 0.5823271 0.2850462 0.6620586 0.3539366 -0.1047548 0.5030812 0.5164881 0.3950416 0.2995586 0.2896730 0.4703731 0.2348101 -0.3329340 0.3818334 0.3554316 0.4572728 0.3478261 0.4621570 -0.0636265 0.1599658 0.1939989 0.3758316 0.3800163 0.2447699 0.4317653 0.3507318 -0.1122004 0.5436438 -0.1968854 0.1000122 0.4311770 0.0391098 0.1438131 0.0665317 0.4796268 0.3249108 -0.0706436 -0.1774714 -0.1429786 -0.2210187 0.1055359 -0.1925301 0.5238073 0.5148819 0.6996410 0.5998182 0.6381423 0.0412627 0.3803419 0.3330964 0.2424353 0.2342894 0.1212057 -0.2274571 -0.3100630 0.3335089 -0.4479190 -0.2853942 -0.1119032 0.1984310 0.0603084 -0.1261032 0.6443846 0.0397052 0.5119420 0.5477139 0.6428279 0.6589245 -0.2056322 0.5518305 0.3787054 -0.0370132 0.2118686 0.3339871 -0.0752614 -0.1047550 0.6834100 0.3896947 0.2366359 -0.1446177 0.4661777 -0.0069027 -0.1296933 0.3131651 0.6728108 0.0049612 -0.2490119 -0.0737817
0.5196992 0.3721861 0.9160613 0.3404733 0.7290373 0.2681540 0.0393900 0.5538138 0.2101067 0.3504925 0.3499535 -0.1354574 0.0000000 0.4685334 -0.0446964 0.4312948 0.4264475 0.1241282 0.4682226 0.8176796 -0.2490256 0.5087184 0.5257675 -0.0622784 0.5902377 0.7072590 0.7921802 -0.2185188 -0.2690702 0.3059229 0.8355347 0.8424677 -0.4099779 -0.4201201 0.5897978 -0.0523762 0.7876234 0.6202196 0.3324446 0.1869447 0.4874081 -0.3173900 0.4625562 -0.4214419 -0.4822893 0.3461293 0.3857784 0.6039513 -0.3864454 0.2014550 0.4242279 0.4578107 -0.3752321 0.3735752 0.7560046 0.4610949 0.5590229 -0.0073013 -0.0987426 0.4767842 -0.0363054 0.5175753 0.8469421 -0.1078615 0.0211132 0.8353393 0.3435106 0.4677864 0.5025263 0.0121605 0.5253647 0.0000525 0.3206373 0.3088576 0.2412536 0.1308959 0.1304598 0.1806668 0.1955813 0.1588985 0.4981529 -0.4700511 -0.5119054 -0.2005883 -0.5068227 -0.2549918 -0.0114303 -0.0501774 -0.1746584 -0.1487960 -0.2951634 -0.1947606 0.1462455 0.0396848 -0.0945339 -0.1810549 0.2419249 0.0496777 0.0180771 -0.1300767 -0.1294151 -0.0644936 -0.2064847 -0.1105082 -0.0621605 -0.0244358 -0.1791543 0.0304171 -0.2977661 -0.0976478 0.1336172 -0.3297175 0.4698796 0.4454527 0.1940306 0.4227242 0.1747119 -0.0791498 0.3922992 -0.5751073 -0.1722450 0.3488333 -0.4317038 0.4190799 -0.4080858 -0.2615639 0.1851492 -0.1632578 -0.4471701 0.1134967 -0.1844205 -0.5486217 -0.1071904 -0.1760972 -0.6014875 -0.3854979 -0.1463246 -0.4014192 -0.1473168 -0.5532547 -0.4487985 -0.4551150 0.4018360 -0.2346547 -0.0602084 -0.6090743 -0.2280924 -0.1387778 -0.0140539 -0.4180383 -0.4802306 -0.2981330 -0.3201343 -0.1612356 -0.2922778 -0.6881437 -0.1746700 -0.2656210 0.1320474 -0.4727908 -0.0473449 -0.1691577 -0.5000475 -0.5228203 -0.0846993 -0.6264217 -0.1640220 -0.0157405 0.0122847 -0.0170296 -0.0496739 0.0235972 -0.2071345 -0.4867931 -0.1487002 -0.2016974 -0.4533136 -0.6186534 -0.4445444 -0.5242488 -0.5519905 -0.2611204 -0.0736870 0.1333524 0.6637198 0.1475094 0.6070187 0.6143056 0.6564290 0.1446670 -0.5758594 0.4123728 0.2663637 -0.6366987 -0.6533014 -0.5544849 -0.5692239 -0.1106361 0.7640582 -0.3295550 0.3669591 0.6117526 0.0859502 0.0124627 0.6161024 0.6818334 -0.4350282 0.3675157 0.3757652 0.7837456 -0.0328669 -0.0344740 0.8378252 0.4134029 0.0276059 0.6555881 0.2351313 0.0177794
0.1760548 0.2784932 0.5421711 0.3471904 0.2567563 0.3564494 0.1897390 0.1820997 0.3355836 0.7892926 0.3231145 0.1331924 0.4685334 0.0000000 -0.0460923 0.2940416 0.7123233 0.4511481 0.3541206 0.4922483 0.2724769 0.3836482 0.2261623 0.1872824 0.4213524 0.3953459 0.6957444 0.4474403 0.1704162 0.8766265 0.4625419 0.4954916 -0.4511079 -0.1712507 0.5194757 0.3793399 0.6217765 0.2630253 0.8829465 0.4944542 0.1270577 0.1274785 0.4494739 -0.3289578 -0.0679431 0.2337777 0.3164055 0.2898335 -0.3893942 0.2952147 0.4357372 0.4360218 -0.0254911 0.5130581 0.5557313 0.3403759 0.3149160 0.2837951 0.1271601 0.3951379 0.0899236 0.6427327 0.3192540 0.1336275 0.1495630 0.3631110 0.3703743 0.7840318 0.1424895 0.3419517 0.3411067 0.1620425 0.4037264 0.3316779 -0.0202925 0.4953860 0.3282289 -0.1015924 0.2511071 -0.1645778 0.0456593 -0.3486555 -0.5747594 -0.3458426 -0.3662697 -0.3733573 0.2432545 -0.0972199 -0.3266475 -0.3726703 -0.0001228 0.1261900 -0.0055228 0.1024644 0.3859604 -0.0061671 0.2020520 -0.2180271 0.2516396 -0.0867737 0.2361898 -0.2102923 -0.2747911 -0.1411670 0.0391206 0.2202867 -0.3039973 -0.2914142 -0.3373091 -0.1639642 0.2719138 -0.4205256 0.1030984 0.2434000 -0.0428208 0.1078346 0.3185190 0.0916406 0.4576266 -0.0868724 0.1800604 0.3882326 0.1737870 0.4707253 -0.0089847 0.0517929 0.2858934 0.0827214 0.0376440 0.3135661 -0.0073864 -0.3478912 0.0173537 -0.0711703 -0.3222724 -0.2672433 -0.0419775 -0.2591385 -0.2218196 -0.2553981 -0.1254586 -0.3189873 0.3677713 -0.1420974 -0.1380065 -0.0266052 -0.2416826 -0.1774081 0.1666328 -0.2349920 -0.2716045 -0.2292054 -0.2639482 0.3337278 -0.0406593 -0.1776352 -0.3073685 -0.0751379 -0.0354640 -0.4676282 0.2331383 -0.1084028 0.0054646 -0.4275121 0.1177860 -0.1790520 -0.0096178 0.0115445 -0.0984124 -0.1142983 0.3139262 0.1541637 0.1156902 -0.0531544 0.1099736 -0.0440217 -0.0937494 -0.1910583 0.0365232 -0.0255477 -0.0638415 0.1690604 0.2143299 0.1152916 0.4502691 -0.0709664 0.0933184 0.3269424 0.3187634 0.0275688 -0.1753861 0.0326000 0.3934598 -0.2536762 -0.0827067 0.0855000 -0.0178044 -0.0250910 0.1871196 0.1555519 0.1863149 0.3385249 0.3052553 -0.1776390 0.4933418 0.4233772 0.1722589 0.6078908 0.1237598 0.2744395 0.1497108 -0.2590743 0.5660091 0.5109972 0.3691676 0.5155357 0.0477247 0.1481152
0.3435070 0.1778178 -0.0635231 0.0850276 -0.0276476 0.1647764 0.4697437 0.0313793 0.6957587 -0.0154604 -0.1506710 0.4913190 -0.0446964 -0.0460923 0.0000000 -0.2064938 -0.0279353 0.3471964 -0.0167444 -0.1577815 0.1939927 -0.1307368 -0.1231550 0.4654596 0.1543947 0.0758652 -0.1789042 0.3377979 0.5542516 0.1583049 -0.2034550 0.2853515 0.5424066 0.6931071 -0.1381750 0.0748496 -0.0085869 0.2076842 0.0945432 0.1026851 0.4146639 0.3332289 -0.0002161 0.4657288 0.5753491 0.1160790 0.0908053 0.2806844 0.6203460 0.3234873 -0.0276175 0.0762980 0.6494774 0.1107403 0.1522523 0.1280882 -0.0027265 0.4643395 0.1848794 -0.0611828 0.2991362 -0.1508640 0.0786755 0.5471873 0.4819568 0.0437068 -0.1786205 0.0059198 0.0663169 0.1952669 -0.1395024 0.2275509 -0.4314651 0.0889381 0.3509707 -0.0370925 -0.1703354 0.0274000 0.0057935 -0.0366614 0.2392768 0.0805617 -0.2102785 -0.2137794 0.2269159 0.0137979 -0.1588954 0.0246360 -0.0752517 -0.0822622 0.2631613 0.0117251 0.0627436 0.0272136 0.0889246 0.4665024 -0.0870341 -0.0855672 -0.3508202 -0.2772383 -0.3005922 -0.2308714 -0.2764275 0.1693290 -0.1281721 0.2826779 -0.0855995 -0.3886210 -0.3198049 -0.2334026 -0.3392438 -0.1856312 0.1506752 0.0263429 -0.0501011 0.0120796 -0.3370526 -0.1783940 -0.1694260 -0.3260272 -0.3919112 -0.2004511 0.1329686 0.1674228 -0.2804280 -0.0956465 -0.0747963 0.0469721 -0.1812823 0.1674349 -0.0305622 0.2923766 0.2541258 -0.0340765 0.1107364 -0.0456659 0.0242182 -0.1486549 -0.0932367 -0.3019023 -0.0333441 -0.3258190 -0.1431353 -0.1860216 -0.0531584 -0.0777377 -0.0297024 0.0743495 -0.1187481 -0.4362871 -0.3730833 -0.1184864 -0.0150140 -0.1882744 -0.1800736 -0.0488026 -0.0050937 0.0269623 -0.0863675 -0.2702387 0.0916848 -0.2234356 -0.0153675 -0.0657577 -0.0235186 -0.0325780 -0.0363590 -0.1925176 -0.0082039 -0.0718918 -0.1189148 -0.2098649 -0.1269073 -0.0593041 0.2267818 0.3426798 -0.0150626 -0.3879750 -0.2498723 -0.1855793 -0.2325390 -0.2132916 -0.1156499 -0.0714990 -0.1008710 0.1606188 -0.1913616 -0.2845999 -0.1660460 -0.1194477 -0.3172092 0.1421020 0.2798481 -0.1299738 0.0306047 0.0839378 0.0711204 0.0912629 0.1329977 -0.0708936 0.1204586 0.2183770 0.0177522 -0.0392536 0.3688644 0.3593495 -0.0092738 0.1866645 0.0698126 0.1341705 -0.0395821 0.3272470 0.2402927 -0.1172467 0.1190027 -0.0766308 0.2325546 0.2242677
0.2855118 0.3568132 0.3268794 0.4010141 0.3477165 0.4731986 0.0118141 0.5738650 0.0422193 0.4668749 0.7205387 -0.1225131 0.4312948 0.2940416 -0.2064938 0.0000000 0.4220241 -0.0710303 0.8570253 0.2573425 -0.1145781 0.5489423 0.6478336 -0.2192735 0.6947355 0.6504626 0.2708574 -0.1719968 -0.3200305 0.2551624 0.4199832 0.3475347 -0.4011433 -0.6052954 0.7920611 -0.1722891 0.6512952 0.6875673 0.4211217 0.0013220 0.0316819 -0.2138915 0.8180553 -0.3352349 -0.3380949 0.8768769 0.8699745 0.2926996 -0.2759581 0.6530716 0.9076899 0.7456442 -0.3683248 0.4059381 0.5840847 0.8542975 0.7878049 0.1454761 0.1352303 0.8945052 0.2690827 0.8610938 0.3346122 0.0559267 0.1242722 0.3767841 0.9083061 0.5318011 0.6875305 0.4496508 0.7894968 0.2380465 0.6871344 0.5320926 0.4318284 0.4952864 0.5509752 0.3149195 0.5630692 0.2162266 0.0156674 0.0142516 -0.0826428 -0.0435740 0.0281587 -0.0661491 0.3940319 -0.0231562 -0.0804059 -0.1048873 0.2310738 -0.0252678 0.2575249 0.1854467 0.4069248 0.1626983 0.1247413 0.0945670 0.2085451 -0.0566770 0.1786404 -0.0044852 -0.2382264 0.1912145 0.1698491 0.1672498 -0.1569344 0.0052411 -0.0528482 -0.2615372 0.0782697 0.0141658 0.1297138 0.0664667 0.1569078 0.1043321 0.2100779 -0.0026816 0.2988990 -0.0325343 0.1239283 0.2015412 -0.3307419 0.2949025 -0.0116126 -0.0803574 0.0703049 -0.3033028 -0.1088969 0.1339030 -0.1103349 -0.3348474 -0.1301379 0.0443184 -0.5150506 -0.2443469 -0.1138583 -0.1263535 -0.1053357 -0.0287945 -0.2270549 -0.0807803 -0.0591704 -0.1423215 -0.0270906 -0.4802852 -0.0404791 0.0240744 -0.2876943 -0.0632368 -0.1370204 -0.1330254 0.0000289 -0.3408138 0.1161411 -0.3538169 -0.3067994 -0.0837614 -0.1102696 -0.3239113 -0.1076007 -0.0313042 -0.3247846 -0.5877656 -0.0339662 -0.4766431 -0.4059494 -0.2188884 -0.3251536 -0.2347269 -0.3112733 -0.1603484 0.1571821 -0.1252651 0.0511159 -0.0921593 0.0472038 -0.0302119 0.0749554 -0.1160457 -0.1041283 -0.0043008 -0.1602581 0.2557501 0.3049976 0.3896951 0.3979684 0.5023639 0.4530857 0.4029527 -0.0359657 0.1386581 0.2454398 -0.1559306 -0.1968299 -0.1968112 -0.2450544 0.0038754 0.1845304 -0.1720592 -0.0643799 -0.0809118 -0.3470512 -0.4382627 0.1680632 0.2905974 -0.2200933 0.1195546 -0.1361685 0.1292933 -0.0433306 -0.2435644 0.3236392 0.4410073 0.0873090 0.3086308 -0.1247839 -0.2740408
-0.0671397 -0.0031224 0.3592345 0.3698635 0.0835565 0.2574532 -0.0413087 0.4310071 0.4284515 0.7544926 0.6064826 -0.1361115 0.4264475 0.7123233 -0.0279353 0.4220241 0.0000000 0.1063653 0.2464191 0.3019537 -0.1430554 0.2926828 0.6595238 -0.1520955 0.2379108 0.4023818 0.5114965 0.0992697 -0.1430954 0.6277204 0.1826480 0.3429787 -0.5178778 -0.3650998 0.6732230 -0.0794079 0.4329110 0.2308648 0.6243056 0.2773355 -0.0340614 -0.2437560 0.5555970 -0.5416347 -0.2092715 0.3009776 0.4212223 0.1062298 -0.4380269 0.2729628 0.5684419 0.3564326 -0.1868162 0.1871751 0.2683035 0.2788766 0.3664889 0.0150448 0.0835239 0.5467929 -0.1556306 0.6349276 0.2386120 0.0035527 -0.1213944 0.2540360 0.5674286 0.7313438 0.3117479 0.4319918 0.3786020 0.1052615 0.7490275 0.3005523 0.0441017 0.7037388 0.5722716 0.3282820 0.6044898 0.2246744 0.2431562 -0.1788254 -0.1612138 -0.3822333 -0.5099793 -0.2559904 0.1322351 -0.1997907 -0.4780489 -0.3427935 0.0351377 -0.1952087 -0.2485383 -0.1457688 0.2039863 -0.1018157 -0.2213342 -0.3403653 0.0390753 -0.4944041 0.0395987 -0.2407043 -0.3347091 -0.1774058 -0.2935553 0.0499863 -0.3044940 -0.2924010 -0.4781688 -0.1575182 -0.0951924 -0.2302407 -0.1584905 0.0056140 0.0055405 -0.1240966 0.1577137 0.1922331 0.2762974 -0.0847635 0.0093654 0.2167744 -0.0903648 0.2680554 -0.1888283 -0.0538078 0.2304814 -0.2157281 -0.1368944 0.3140940 -0.0343104 -0.3106138 0.1666298 0.1013031 -0.3321023 -0.3599525 0.0059339 -0.2818145 -0.0957547 -0.2554679 -0.4198181 -0.3942022 0.1230831 -0.1630202 -0.1364175 -0.3524842 -0.2232141 -0.2398744 -0.0145058 -0.2976205 -0.3576924 -0.1827156 -0.3747781 -0.1123977 -0.3069816 -0.4483860 -0.4683916 -0.2599952 -0.2226239 -0.5107370 -0.1358117 -0.4456783 -0.3225190 -0.5943621 -0.4391182 -0.3985594 -0.2270705 -0.1673211 -0.3296287 -0.4268573 -0.1036782 -0.0991550 -0.0230660 -0.3258179 -0.1024580 -0.2865432 -0.3757017 -0.1839690 -0.2135469 -0.2385394 -0.0723431 -0.0693098 -0.0374099 0.1108180 0.1997304 -0.0610891 0.1982712 0.3771967 0.4418192 0.3805486 -0.0749883 0.2453291 0.1652100 -0.1566027 -0.2149822 -0.1836225 -0.2556362 -0.1741924 0.2149951 -0.0384542 -0.2635076 -0.0031189 0.0629581 -0.2981065 0.2701567 0.3059752 -0.1531991 0.2044938 -0.1342262 0.1640947 -0.0014081 -0.1327117 0.3740812 0.2193357 0.1018509 0.2529892 0.2954388 -0.0990134
