0.0000000 0.7300530 0.5703665 0.3304669 0.3290203 0.5889523 0.1461740 0.2434431 0.6373829 0.4983587 0.2702734 0.6221102 0.0279494 0.4896137 0.6563845 0.0436049 0.4886386 0.1202800 -0.1690314 0.4005203 0.6446820 -0.2485674 0.0338975 0.4063477 -0.2619402 -0.2122803 0.1747995 0.4765816 0.6143364 0.1665569 0.0291237 -0.2489119 0.3825895 0.5694897 -0.1060835 0.6170595 -0.2800321 -0.2655916 0.3874214 0.0392424 -0.0570652 0.4332236 0.1733959 0.3225246 0.4715972 -0.3687829 -0.3307200 -0.1774636 0.5260442 -0.3055414 -0.1456477 0.3278759 0.6553404 0.1651999 -0.4808005 -0.5023484 -0.4207060 0.4305783 0.0613875 -0.1481058 0.3648569 0.1613672 -0.2796751 0.5265941 0.4931677 -0.4098139 -0.2027503 0.3483312 -0.3885066 0.4100964 -0.3283394 0.3856308 0.1941656 0.3497996 -0.3405554 0.4595330 0.6827182 -0.0770421 0.3835271 0.7464731 0.0166598 0.4270748 0.5762284 0.0992523 0.0739773 0.4218834 0.4705275 -0.0526559 -0.0431260 0.0180814 -0.0627744 -0.0603392 -0.1297017 -0.0182323 -0.0198853 -0.2273501 -0.1868453 -0.2632040 0.0206902 0.0595039 -0.0327133 -0.0109609 -0.0351693 -0.0544493 -0.2761089 -0.2058767 -0.1667346 -0.1624810 -0.1398537 -0.0380434 -0.0733960 -0.2367398 -0.2739074 -0.1338000 -0.0850653 -0.0876083 -0.0632349 0.0542867 -0.0110662 0.0361019 -0.1173673 -0.2453800 -0.2560434 0.0215627 -0.0015145 0.1518618 -0.2788932 -0.0732341 0.2869652 0.1263341 0.3491831 -0.0448952 0.0140278 0.3130598 0.0899796 0.0071138 0.5270855 0.4839643 0.4290919 0.4269868 0.0015051 0.3356645 0.1853209 0.2782481 0.5175124 0.0585713 0.2297282 0.2723000 0.2145550 0.1839207 0.3676376 0.3250627 0.3060143 0.1369297 -0.2574812 0.0024632 0.0611320 0.1691367 0.0188075 0.4548463 -0.1783377 0.2395573 0.0217269 0.1541682 0.1527870 0.1198993 0.2072058 0.2256701 0.3326796 0.2969278 -0.0728184 0.3025310 0.7454950 0.4942086 0.4381047 0.2729273 0.5339123 0.5438768 0.5220362 0.4530254 0.2767048 0.2977995 0.2635760 0.2885040 0.1102450 0.2113312 -0.1322946 0.0911450 0.4252899 0.5161231 -0.0182363 0.7534682 0.6930248 -0.0163559 0.0633429 0.0913327 0.3338647 0.4989357 0.5210043 0.2041413 0.3971635 -0.4123637 -0.2050681 -0.0159373 0.6198709 0.1209824 0.3107175 0.5446201 0.1074787 -0.0442480 -0.2296677 0.3910487 0.6321728 0.4969998 0.5064126 0.1943326 0.5170708 0.5752897
0.7300530 0.0000000 0.8793964 0.5941299 0.5546967 0.8264944 0.0160505 0.4397403 0.7312782 0.6285532 0.3785096 0.5167828 0.0986961 0.7690610 0.7246200 0.0177660 0.5078338 0.2415097 -0.2848172 0.4549562 0.4935475 -0.2679714 0.0859611 0.6567413 -0.3054902 -0.2155243 0.3797558 0.7551526 0.5390026 0.5838305 0.1017603 -0.2841519 0.6195734 0.6022501 -0.0067130 0.4594325 -0.2435626 -0.2848269 0.6529776 0.5596131 -0.1387011 0.2339604 0.3875715 0.5715503 0.3792763 -0.4052264 -0.3126513 -0.2227980 0.6503301 -0.3413586 0.0209687 0.5686022 0.5838056 0.5034607 -0.3689511 -0.4472385 -0.4028250 0.6387682 -0.1160525 0.0194019 0.1616519 0.4056191 -0.1665724 0.4684477 0.3841846 -0.3776301 -0.1916429 0.6053038 -0.2922402 0.5249106 -0.3956750 0.3553554 0.3040643 0.3072911 -0.3196218 0.3846266 0.5256246 -0.1994442 0.2750553 0.4122279 -0.0374207 0.0526553 0.3070595 -0.1863290 -0.1430170 0.1884739 0.3350866 -0.2678281 -0.1085689 -0.0931880 0.0777143 0.0841532 0.0044425 -0.1368944 0.0100685 -0.0119675 0.1086111 -0.0170140 0.0901101 0.0102538 0.0204808 0.0550579 -0.0847421 -0.0831036 0.0109060 -0.0874101 -0.3006712 -0.1675470 0.0685096 -0.1379139 0.0328944 -0.2619480 -0.4604244 -0.2205248 -0.2491192 -0.2650824 -0.2177151 -0.1324761 -0.2630848 -0.1457870 -0.2337896 -0.3193893 -0.1457463 -0.2444427 -0.1453488 0.0826068 -0.2098114 0.1319762 0.2118240 0.1748818 0.5314042 0.2249810 0.2745862 0.2113560 0.2409137 0.1913790 0.5767897 0.3280304 0.6586377 0.1640710 0.1565652 0.1421441 0.4281086 0.3364155 0.6347145 0.1721329 0.4031237 0.5504346 0.4058713 0.2185276 0.2109312 0.5386734 0.3712744 0.2762131 0.0829395 0.2121985 0.3415447 0.4560271 0.3397347 0.2935472 0.2103079 0.2982573 0.2613695 0.4116102 0.4773237 0.3663893 0.3379924 0.4038203 0.3891007 0.2704354 0.2354850 0.4769694 0.4494147 0.2038693 0.4108107 0.2603655 0.4229755 0.4190583 0.3370090 0.2339930 -0.0356844 0.1539073 0.0272080 0.0720590 -0.0062346 0.1768879 -0.0842699 0.0801078 0.4731548 0.5795868 -0.1158076 0.5205824 0.3978064 -0.2067554 -0.1319866 -0.3080903 0.0797110 0.1967829 0.2956991 0.1292433 0.3935159 -0.4343543 -0.5270344 -0.4405668 0.5022923 0.1015245 0.1732417 0.6071121 0.2235220 -0.0623690 -0.5577462 -0.0028645 0.5422049 0.5379464 0.5148076 0.3983268 0.4514376 0.5327625
0.5703665 0.8793964 0.0000000 0.7869638 0.8066809 0.7771432 -0.1769422 0.7089394 0.6283485 0.7156404 0.6700710 0.4725526 0.3287154 0.7438965 0.7090690 0.1391707 0.6709808 0.2349311 -0.1602511 0.6118520 0.6147615 -0.1135635 0.1720736 0.5830220 -0.1296849 -0.0027841 0.3540211 0.6677638 0.6783298 0.4888958 0.2784559 -0.0713827 0.4687417 0.5319275 0.1998754 0.5732061 -0.0040262 -0.0935335 0.7546292 0.4959322 -0.0135463 0.3696718 0.5471848 0.5444046 0.4955828 -0.2398590 -0.1426354 -0.1006287 0.5524323 -0.2046941 0.2218580 0.6244190 0.6675901 0.5256250 -0.2395809 -0.3186050 -0.2293372 0.5678771 -0.2246099 0.2497976 0.2791906 0.5179580 -0.1273497 0.6465809 0.5997895 -0.2734331 0.0255476 0.5889346 -0.2302323 0.6151786 -0.2714128 0.6171597 0.3538616 0.5774516 -0.2382795 0.4649904 0.6253607 -0.1154741 0.3885920 0.4809285 0.1345169 0.0246089 0.2412314 -0.2202274 -0.3454934 0.2473567 0.3594419 -0.4963326 -0.1728671 -0.1741709 0.2004142 0.2552209 0.2817828 -0.3803437 0.0865938 0.0798176 0.2961407 0.2659090 0.0147659 -0.1470224 -0.0412090 0.2937495 0.0897845 -0.1220309 0.1715000 -0.0520182 -0.1657752 0.0523310 0.1613314 -0.0743984 0.0258232 -0.0798585 -0.2300282 -0.0001501 -0.1628965 -0.1116793 -0.0530883 -0.2302887 -0.1407663 -0.2429820 -0.1569369 -0.0980811 -0.0312428 -0.0784713 -0.1080733 0.0888781 -0.0922479 0.3486855 0.2897178 0.3147988 0.6428072 0.3725194 0.4152235 0.1477045 0.3132452 0.3477487 0.6069648 0.2962952 0.7174199 0.0310879 0.2967425 0.0987734 0.4566318 0.4102244 0.7070308 0.2963970 0.4340000 0.6731642 0.3787954 0.1880066 0.0571105 0.6475585 0.3681622 0.3725612 0.2799076 0.1958789 0.3052867 0.5969011 0.3796755 0.2046144 0.3406600 0.2340194 0.3998509 0.4332495 0.5026492 0.5410817 0.4402983 0.4665508 0.3313863 0.1837273 0.3167496 0.4895249 0.3234946 -0.0695971 0.0314041 0.1166025 0.4948762 0.4661058 0.5114516 0.4357873 0.1632065 0.1498643 -0.1320739 -0.0947009 -0.1756086 0.3700684 -0.0608837 0.2948011 0.6556358 0.6947504 -0.1994674 0.4961422 0.2633593 -0.1877084 -0.1282400 -0.2635987 0.2382088 0.2130029 0.4506401 0.1439010 0.5805834 -0.4137450 -0.3880033 -0.4781521 0.5403638 0.1246571 0.0790704 0.3544269 0.4272182 -0.1132860 -0.4388285 -0.2219934 0.3566826 0.3738957 0.2452561 0.2885499 0.2037872 0.2892907
0.3304669 0.5941299 0.7869638 0.0000000 0.8672106 0.7357744 -0.6201841 0.8641479 0.3393285 0.6697001 0.7261337 0.1889306 0.4930540 0.6484364 0.4491815 0.3284352 0.6952190 0.2745936 0.1131535 0.6250567 0.5238058 0.0529409 0.1326483 0.3932039 0.0483827 0.0442802 0.0276361 0.4615072 0.5105072 0.1829219 0.5270672 0.1160969 0.3369781 0.2791594 0.2611632 0.5018547 0.0942060 0.1745201 0.7320484 0.2810074 0.1657190 0.2003407 0.5523262 0.5759134 0.4097301 0.0300460 0.1406689 0.0840867 0.4598523 -0.1030468 0.3824578 0.5328717 0.6434598 0.4290737 0.1001200 0.0108074 0.1062661 0.5273579 -0.5755350 0.3562128 0.1997612 0.4368171 0.0946566 0.7691043 0.8016171 0.0563931 0.1942706 0.5236252 0.0313524 0.5893825 -0.1492027 0.7570925 0.3683881 0.7577011 -0.0638292 0.4106101 0.5598560 -0.1030672 0.3986644 0.3929437 0.3415958 0.0195391 0.4178631 -0.2725750 -0.2741654 0.2244755 0.3209286 -0.3895907 0.0738939 -0.0375562 0.4576053 0.5035738 0.5305276 -0.4638098 0.3801086 0.4051891 0.5453752 0.4462308 0.1731831 -0.4740045 -0.1267269 0.3666223 0.1414042 -0.3659779 0.4656455 0.1855096 0.2017029 0.1542102 0.5127055 0.2857550 0.3155347 0.2081848 0.0861524 0.2603971 0.1589065 0.2380323 0.2637614 0.0423470 0.1582140 -0.0476978 0.1836240 0.2130519 0.2662310 0.2708028 0.0713980 -0.0683433 0.1700173 0.4482158 0.1247226 0.4978823 0.5102693 0.4238042 0.4845126 0.0553669 0.3935420 0.4672369 0.3816450 -0.0201963 0.4765349 -0.0189993 0.4869660 -0.0993837 0.4498548 0.2947313 0.3943503 0.4989813 0.0730611 0.4751313 0.5199444 -0.0046394 -0.1398239 0.4638318 0.0108733 0.6106697 0.3616217 0.2297411 0.3035065 0.4862572 0.3594741 0.0590180 0.4541214 0.0085176 0.4851360 0.5148987 0.3109770 0.5727314 0.6755616 0.6310855 0.2522372 -0.0254614 0.5055482 0.4230702 -0.1039574 -0.2572180 -0.4083685 -0.3970349 0.4003415 0.4662865 0.4006621 0.4831715 0.1738433 0.1954787 -0.4276655 -0.2351620 -0.5605076 0.7451539 -0.2629136 0.4796721 0.7190402 0.6878879 -0.0300815 0.2288983 0.1745871 0.1536351 -0.1049105 -0.2026804 0.3263433 0.3032279 0.6332521 -0.1116012 0.6237393 -0.3739776 -0.1749852 -0.2342141 0.5801085 0.1250684 -0.0937843 0.3083353 0.4334634 -0.0462279 -0.2568239 -0.1324360 0.1799096 0.3860596 -0.0188736 0.0650235 -0.0687075 0.0516169
0.3290203 0.5546967 0.8066809 0.8672106 0.0000000 0.6409145 -0.3543874 0.9127923 0.4222432 0.6862147 0.7760325 0.2928127 0.6412051 0.6312038 0.5457713 0.2856990 0.7119201 0.3886977 0.0533178 0.5717154 0.5850213 0.0991686 0.2204029 0.5146652 0.1016784 0.2530039 0.1215278 0.5374061 0.5903379 0.2075865 0.4856357 0.2800729 0.3884807 0.3594209 0.4445190 0.4355397 0.3306513 0.1921298 0.7780897 0.3049481 0.1886890 0.2943298 0.6421727 0.6231826 0.4563385 0.0513529 0.2120783 0.1293290 0.4518703 -0.0227908 0.4804310 0.6795675 0.5635469 0.5580927 0.0845057 0.0024433 0.1557338 0.4977393 -0.3498754 0.5097367 0.3030187 0.6435408 0.1297150 0.7516992 0.7033432 0.0503390 0.3258156 0.5440473 -0.0170192 0.6481651 -0.0185627 0.8145006 0.4814660 0.8435022 -0.0140559 0.4641627 0.6219676 0.0179608 0.4611211 0.5387386 0.3967599 0.0816485 0.1442894 -0.2588584 -0.4879955 0.1850724 0.1394580 -0.6301767 -0.2567032 -0.2949074 0.1998935 0.3557062 0.5348758 -0.5685206 0.1019463 0.1972141 0.4564982 0.5403532 -0.1451515 -0.2555959 -0.1381759 0.5212712 0.3304762 -0.1079585 0.2885444 -0.0010918 0.1050801 0.2878321 0.2597911 -0.0065188 0.0145989 0.1470304 0.1038327 0.2229157 0.0359428 0.0641995 0.1532192 -0.2219031 0.0331040 -0.2375091 -0.0180043 0.1501552 0.1599382 0.1589034 0.1133846 -0.0739539 0.0584315 0.4981188 0.1904424 0.3574191 0.5275586 0.4957924 0.5685624 0.0319820 0.3884476 0.4585014 0.4111868 0.0179934 0.5193885 -0.1438962 0.4249702 -0.1565306 0.3633589 0.1872301 0.4904999 0.3712606 0.2003549 0.5938974 0.3142677 -0.0529344 -0.2347657 0.5240192 0.1214806 0.3939540 0.4455341 0.1210538 0.1173895 0.5878094 0.2367877 -0.0276846 0.4517655 -0.0192913 0.3555822 0.3737912 0.3136820 0.5919057 0.4709776 0.4208264 0.0865596 -0.0614944 0.3600876 0.2664125 0.0166716 -0.3249076 -0.3649550 -0.2218937 0.4241747 0.4686427 0.4786715 0.4716375 0.4050421 -0.0054176 -0.4714448 -0.4174309 -0.4060286 0.6272294 0.0722244 0.6815122 0.8674488 0.7768714 -0.1807775 0.3358730 0.1251465 0.0713276 -0.1456392 -0.1284194 0.3835628 0.2539695 0.6559707 -0.0422189 0.7669576 -0.3536314 -0.1589636 -0.3499717 0.5185037 0.2550990 -0.2020060 0.1975975 0.6441365 -0.0697589 -0.2855974 -0.3018995 0.2676882 0.1193008 -0.1339802 0.2505566 -0.0411548 0.0726590
0.5889523 0.8264944 0.7771432 0.7357744 0.6409145 0.0000000 -0.3315974 0.5040345 0.7920452 0.8507759 0.4021195 0.5648223 0.2057732 0.9105389 0.7500587 0.0319619 0.6543106 0.5394566 -0.3079763 0.3508101 0.5973733 -0.2862282 -0.0161986 0.7766136 -0.3908450 -0.2671123 0.0739461 0.7227081 0.5841069 0.3443043 0.2398327 -0.3361401 0.7031804 0.7199848 0.0347176 0.5097066 -0.2665817 -0.2738720 0.7497877 0.4599258 -0.1308568 0.2222531 0.4372091 0.7781152 0.5926524 -0.4437628 -0.1650107 -0.2697765 0.8103483 -0.4029858 0.1766242 0.6094976 0.7900155 0.6437431 -0.2300205 -0.3481572 -0.2268775 0.8350907 -0.4473791 0.1522159 0.1121597 0.5259457 -0.0342519 0.7143315 0.6006669 -0.2047880 -0.0683757 0.8069519 -0.2636761 0.7064719 -0.3641218 0.5511848 0.4675638 0.5143716 -0.3153895 0.5242606 0.6524662 -0.2505745 0.3985607 0.4077056 0.0133388 -0.2097564 0.4307760 -0.4140745 -0.2222616 0.1344723 0.3032783 -0.1927597 0.0403266 -0.1036306 0.2726580 0.2079551 0.0445920 -0.2161319 0.1473097 0.2157000 0.3051949 0.0284355 0.2206956 -0.3479147 -0.0007271 0.0651687 -0.0836668 -0.3063069 0.1703275 0.0854937 -0.1997144 -0.2870630 0.2922719 -0.0603551 0.1815928 -0.2806299 -0.3260479 -0.2142619 -0.2998908 -0.2071246 -0.2688773 -0.2327014 -0.2930486 -0.0869415 -0.2526314 -0.3377040 -0.0162915 -0.1904257 -0.1496474 0.1092468 -0.1682458 0.2122731 0.3726416 0.1761453 0.5415117 0.2759252 0.2952056 0.0988758 0.3126381 0.2982556 0.5505781 0.2538364 0.7152790 0.1394476 0.2632813 0.0526068 0.3960771 0.3038158 0.6202833 0.2958317 0.3486722 0.6131519 0.5112171 0.1748013 0.0635353 0.5568060 0.3473452 0.4462407 0.1346190 0.2501493 0.3114492 0.4956345 0.3243058 0.1848480 0.3129435 0.3044189 0.3796717 0.4912201 0.4916979 0.4001583 0.5490730 0.5388217 0.3776233 0.1913695 0.3361812 0.4651786 0.1280166 0.1526492 0.1196785 -0.0840376 0.4634350 0.4860346 0.3671528 0.3632194 -0.0659850 0.1371549 -0.2364223 -0.1213736 -0.3555517 0.4013410 -0.3518918 0.2444532 0.5922165 0.6226531 0.0509654 0.3693771 0.2731657 0.0878411 0.0176635 -0.2770993 0.1077742 0.1969352 0.3577097 0.0577950 0.4106360 -0.4919499 -0.4726199 -0.3653077 0.4596643 -0.1599331 0.0206626 0.3995344 0.2414615 -0.1029730 -0.4858584 -0.0580925 0.3498974 0.3661254 0.2258524 0.0382880 0.2187102 0.3888137
0.1461740 0.0160505 -0.1769422 -0.6201841 -0.3543874 -0.3315974 0.0000000 -0.4341804 0.1400514 -0.3512307 -0.3081152 0.2830206 -0.3064773 -0.1863708 0.1615181 -0.2808695 -0.3094699 -0.0370368 -0.2025842 -0.2338982 -0.1568886 -0.1615429 -0.0350188 0.0692651 -0.0819591 0.0437378 0.3991452 0.0859423 -0.1128790 0.2682497 -0.5466886 -0.0698999 0.0618298 0.1125594 -0.0649418 -0.2392529 0.0433767 -0.2425598 -0.2325658 -0.0292078 -0.1718953 -0.0558382 -0.2029503 -0.2068466 -0.1796660 -0.0624643 -0.1977712 -0.1083050 -0.0806362 -0.0429684 -0.2901457 -0.0779114 -0.3361738 -0.1403338 -0.3485706 -0.2358197 -0.2521167 -0.1729771 0.7102363 -0.2402653 -0.0123556 -0.1235634 -0.2846371 -0.4028984 -0.5512251 -0.2702182 -0.1957482 -0.1763251 -0.1812752 -0.2201919 -0.0522731 -0.4412082 -0.0956819 -0.4116706 -0.1086496 -0.1246660 -0.1299365 -0.0295477 -0.1904977 0.0740713 -0.2925623 0.2000252 -0.2897571 0.3841754 0.1411500 0.1454752 0.0578633 -0.0670671 -0.2649981 -0.0258824 -0.4505631 -0.3177069 -0.3774602 0.2242318 -0.3372126 -0.4777405 -0.4305432 -0.3170394 -0.1485050 0.7852890 0.2936775 -0.0677295 -0.0182731 0.6051836 -0.4976951 -0.2431484 -0.2796878 0.0087497 -0.5880098 -0.3858869 -0.3324711 -0.1794116 -0.2880605 -0.2194817 -0.1722471 -0.3237894 -0.1924820 -0.1118925 -0.1619293 -0.0866114 -0.2128683 -0.2116750 -0.3533969 -0.3077048 0.0401157 0.0605497 -0.2608455 -0.2697357 0.0036906 -0.3612793 -0.1396558 -0.2295102 -0.1747574 0.1176103 -0.1710004 -0.2962112 -0.0391007 0.2101725 -0.1073337 0.1426828 -0.2891455 0.1804898 -0.1218644 -0.0670657 -0.0466016 -0.3428672 0.0786492 -0.1799374 -0.2565405 0.0186234 0.2876090 -0.1903531 0.0892244 -0.4018716 -0.2572732 -0.1665958 -0.1510624 -0.2396027 -0.1416959 0.1796780 -0.3532194 0.0050196 -0.3488318 -0.3258601 -0.1725638 -0.2999480 -0.4189903 -0.3169615 -0.0152956 0.1639702 -0.3502525 -0.1114496 0.6096394 0.4109831 0.7472058 0.8413056 -0.0225247 -0.0113024 -0.0485069 -0.2314020 0.1930024 -0.1901132 0.4920798 0.2215874 0.7773215 -0.6140906 0.4584342 -0.2514942 -0.2438610 -0.1174774 -0.1962112 0.4022818 0.2466479 -0.2021002 -0.0016433 0.1354083 -0.0786542 -0.0169783 -0.2915985 0.2006099 0.0098738 0.1360021 -0.1560533 -0.1103641 -0.0653666 0.1768299 0.1828789 0.1135749 0.1016347 0.0878127 -0.1438960 0.0742928 0.4466924 -0.0029893 0.3681901 0.4327631 0.4172321 0.2698714
0.2434431 0.4397403 0.7089394 0.8641479 0.9127923 0.5040345 -0.4341804 0.0000000 0.2130210 0.5933252 0.8694164 0.0378581 0.8035285 0.4746244 0.3486553 0.5300602 0.7636365 0.2791893 0.3646919 0.7538660 0.3883697 0.3653395 0.3958919 0.2303503 0.3537671 0.4083313 0.1194166 0.3119539 0.4141018 0.1103854 0.6923063 0.4672941 0.1129226 0.0914056 0.5063808 0.3323411 0.4363158 0.4913831 0.6846999 0.1852302 0.4877011 0.1737644 0.6128538 0.3760013 0.3768640 0.2767713 0.3427079 0.4332819 0.1896187 0.2023667 0.5346769 0.5728698 0.4334456 0.2986673 0.3269271 0.2275140 0.3028110 0.2481412 -0.3435296 0.5323370 0.4095761 0.4819606 0.3345470 0.6926616 0.6840096 0.2417071 0.4203893 0.3334916 0.2434101 0.5605991 0.1591974 0.8175714 0.3992559 0.8377050 0.1988984 0.4386869 0.5784737 0.2156850 0.4840171 0.5224839 0.5620433 0.1558398 0.2502484 -0.1369186 -0.3363419 0.2983767 0.2686283 -0.4950585 -0.0745924 -0.0818553 0.3316114 0.5567796 0.7449963 -0.5681001 0.3035764 0.3608923 0.6324506 0.6967866 0.0029655 -0.3534618 -0.0104390 0.5880315 0.4381771 -0.1766495 0.4914566 0.2146334 0.3512723 0.5073359 0.4302135 0.2684564 0.2630136 0.3827135 0.2811722 0.5062085 0.2829439 0.2869364 0.3662773 -0.0438665 0.1930555 -0.2007462 0.2497374 0.4329186 0.3609634 0.3707421 0.1877976 -0.1048885 0.3416678 0.6326746 0.0520057 0.5347665 0.5589471 0.6112254 0.6854158 -0.0016875 0.5125569 0.6033036 0.3119076 -0.0572410 0.4034352 -0.1215799 0.5514560 -0.1190559 0.4639898 0.2573906 0.3671954 0.4980656 0.1753092 0.5374154 0.4040467 -0.0084507 -0.2421902 0.5195278 0.0824254 0.4725755 0.5387312 0.2507056 0.2367869 0.6091284 0.2598568 -0.0337094 0.5647296 -0.0222992 0.4455154 0.4681903 0.3237709 0.7019397 0.5114173 0.4518887 0.0742419 -0.0388110 0.4672845 0.2588077 -0.0904091 -0.3485677 -0.4512301 -0.3567419 0.2012345 0.3544091 0.3082073 0.3844658 0.4521608 0.0448233 -0.4420497 -0.3539328 -0.4174844 0.7130167 0.1382615 0.7414088 0.7920774 0.6500344 -0.2471983 0.1702589 0.0375746 -0.0302355 -0.2261989 -0.1880419 0.3011090 0.1634815 0.6795750 -0.0570883 0.7981586 -0.3201161 -0.0026093 -0.2089977 0.6142242 0.4373815 -0.1239727 0.2205816 0.6927154 -0.0520443 -0.1099386 -0.1553609 0.2341727 0.1318070 -0.1347529 0.2225821 -0.0508969 0.0553119
0.6373829 0.7312782 0.6283485 0.3393285 0.4222432 0.7920452 0.1400514 0.2130210 0.0000000 0.7425495 0.1596705 0.8296837 -0.0560602 0.8605401 0.9400772 -0.0896325 0.4761487 0.6392349 -0.3625892 0.0899187 0.5709540 -0.3547081 -0.0310553 0.7498222 -0.3950243 -0.2027997 0.2781903 0.7078977 0.6532366 0.4755265 -0.0372734 -0.4424864 0.5694725 0.7444094 0.0144359 0.5056102 -0.2017105 -0.3883116 0.5510560 0.4675800 -0.2992489 0.4319130 0.2238323 0.5505327 0.6343513 -0.4611573 -0.2151991 -0.4084637 0.6463723 -0.3020969 0.0282065 0.5453802 0.6394906 0.5023981 -0.4240942 -0.4237124 -0.2992329 0.6861246 -0.0371607 0.0485411 0.2628870 0.3969547 -0.2466976 0.5147313 0.3639261 -0.2758120 -0.1074908 0.7036750 -0.3636643 0.5971184 -0.2600563 0.2988038 0.4090171 0.2710814 -0.2903213 0.5838165 0.6002001 -0.1106494 0.4520046 0.5083639 -0.0578760 -0.2542933 0.2545909 -0.2989743 -0.1690879 0.0623130 0.2337807 -0.0942962 -0.0396942 -0.1575124 0.0860493 0.0417093 -0.3085702 0.0201453 0.0255659 0.0095262 0.0453341 -0.3001003 0.1577993 0.0038986 0.0991533 -0.1857254 -0.3154020 0.0320691 -0.1203114 -0.0156893 -0.5799775 -0.4862269 -0.1112764 -0.4300367 -0.0509747 -0.5703452 -0.5736600 -0.5342290 -0.6640668 -0.5423697 -0.5926004 -0.4802683 -0.5221986 -0.0554736 -0.5006183 -0.6188922 -0.1030942 -0.3643877 -0.1952567 0.3378426 -0.3553773 0.1730395 0.5683907 -0.0688942 0.3898774 0.2459632 0.2204754 0.1272670 0.3864661 0.2852821 0.4881558 0.4895355 0.6547936 0.3091951 0.2635214 0.2887393 0.4401966 0.3159815 0.5872781 0.2900581 0.4522857 0.5537180 0.4165776 0.3449954 0.3032518 0.5340159 0.4892826 0.3414016 0.1034377 0.3293705 0.3416412 0.4471420 0.3762263 0.3788520 0.2128628 0.4728782 0.3415999 0.4715580 0.5152178 0.3448582 0.4419273 0.4554694 0.5368307 0.4587007 0.2373893 0.5509470 0.4555451 0.4195806 0.4359932 0.3375961 0.5415852 0.5296602 0.4088926 0.4262943 0.0675260 0.2016082 0.1048882 0.0698508 0.0086889 0.1210769 -0.1930068 0.0506876 0.3406486 0.3874153 0.1292010 0.5837582 0.4266525 0.1253960 0.2809063 -0.0588032 0.1718466 0.2588114 0.1965641 0.3442916 0.3500963 -0.2333953 -0.4402990 -0.3276949 0.2212878 -0.2340989 0.2783636 0.3664486 0.2459811 0.1365094 -0.3731747 0.0649129 0.4360322 0.1864448 0.4545698 0.0929828 0.3462717 0.4653522
0.4983587 0.6285532 0.7156404 0.6697001 0.6862147 0.8507759 -0.3512307 0.5933252 0.7425495 0.0000000 0.5848618 0.4767034 0.4200420 0.8671061 0.6821014 0.2771845 0.8038301 0.6384096 -0.0822758 0.3909555 0.4973033 -0.0524114 0.2371655 0.6441319 -0.1324056 0.0753331 0.0416798 0.5396662 0.5457544 0.1453656 0.3615187 -0.1306975 0.4738472 0.5866719 0.3694255 0.4569661 0.0515555 -0.0362860 0.8105296 0.2543796 0.0199711 0.2489345 0.6288728 0.6278816 0.6231489 -0.2279596 0.1109391 -0.0950571 0.6391352 -0.1490185 0.4498516 0.6976429 0.7431779 0.5233216 -0.0534507 -0.1449534 0.0435383 0.7297307 -0.3033092 0.4320438 0.3766618 0.5946271 0.1014573 0.8025170 0.6378801 0.0350252 0.2471805 0.7767189 -0.0957916 0.8672649 -0.0252098 0.6971789 0.6070435 0.6620623 -0.0589393 0.7636749 0.7976290 0.0865504 0.6558519 0.5192370 0.2678671 -0.1848607 0.3265354 -0.4691012 -0.3753930 0.1277440 0.3737869 -0.2211219 0.0903992 -0.1614541 0.4566096 0.4235106 0.2464823 -0.2452334 0.3162755 0.4086475 0.5369653 0.2263734 0.2400655 -0.3358040 0.0667626 0.1906678 -0.0027252 -0.1858638 0.3668527 0.3182870 -0.1591481 -0.1213223 0.3558724 -0.0926409 0.2764748 -0.2640034 -0.2735980 -0.0477679 -0.3561883 -0.2221680 -0.3192187 -0.4339384 -0.3717574 -0.1760848 -0.2567188 -0.2081740 0.2224132 -0.1146247 -0.1409166 0.1969560 0.0728027 0.5289338 0.4131945 0.2858336 0.6490434 0.5437521 0.5312993 0.0275540 0.4859283 0.5598223 0.5349024 0.2778629 0.7762414 0.0240318 0.4752850 0.0518220 0.4871429 0.3814533 0.6749867 0.4825345 0.4905042 0.7611682 0.5531860 0.2187095 -0.0537865 0.7156359 0.4478291 0.5354189 0.3670871 0.3771162 0.2926487 0.7097679 0.3776356 0.0507461 0.5184310 0.3247584 0.5267635 0.4599871 0.6171954 0.6402347 0.6018251 0.5650422 0.3228659 0.1929862 0.4572757 0.4823796 0.1022215 -0.0008513 -0.0381825 -0.0949525 0.3067950 0.3618315 0.3101414 0.4659348 0.0840115 0.1572464 -0.1908896 -0.1358632 -0.2845620 0.4946327 -0.1708153 0.4390901 0.6447759 0.5653308 -0.0124996 0.3168047 0.0825325 0.0009787 0.0315536 -0.2598272 0.0879027 0.0519886 0.3833321 0.1982847 0.5304490 -0.3802354 -0.2980719 -0.3623342 0.3164053 -0.1346319 0.0754809 0.2078200 0.4864361 -0.1036324 -0.3069358 -0.1556696 0.1554784 -0.0466311 0.0126893 0.0174264 0.0034474 0.1777299
0.2702734 0.3785096 0.6700710 0.7261337 0.7760325 0.4021195 -0.3081152 0.8694164 0.1596705 0.5848618 0.0000000 0.0258093 0.7832390 0.4407475 0.3037525 0.6266550 0.8607120 0.2579612 0.3519233 0.7625750 0.2951572 0.4150682 0.5625246 0.1478007 0.3682622 0.5059854 0.3027439 0.3367073 0.3196967 0.1460174 0.5864305 0.4506681 0.0841928 0.1220137 0.6463153 0.2123896 0.4939311 0.4277282 0.7659301 0.0681632 0.4655036 0.0462211 0.7661102 0.3319118 0.4140540 0.2984110 0.4246517 0.4443242 0.2147526 0.1222056 0.6387107 0.6126316 0.4824744 0.2482594 0.3015680 0.2017303 0.3393905 0.2944506 -0.1552431 0.6122836 0.4758694 0.5104255 0.3469344 0.7252497 0.6402588 0.2334682 0.5085453 0.3986941 0.2483772 0.6745171 0.1650247 0.8706986 0.4990572 0.8371551 0.2048934 0.5835923 0.7155643 0.2295304 0.5630441 0.4959156 0.5122354 0.1067358 0.2121629 -0.1906221 -0.5128235 0.3186480 0.4751834 -0.6235486 -0.1656985 -0.1946366 0.3790450 0.6519686 0.7516741 -0.7228372 0.3405779 0.4153832 0.6513997 0.6660943 -0.0030598 -0.3322660 -0.0171854 0.5927105 0.4313355 -0.2401021 0.5039340 0.3390365 0.3096966 0.5533794 0.3612803 0.2810734 0.3344302 0.3374348 0.1974278 0.6019543 0.2894574 0.3034925 0.3703085 -0.0994388 0.1620674 -0.3099194 0.2683874 0.5392153 0.3538557 0.2841928 0.1350982 -0.1672692 0.4562154 0.6072479 -0.0118554 0.4838166 0.5736695 0.5257053 0.6557765 -0.0695918 0.4504085 0.5255604 0.2744483 -0.0098083 0.4242855 -0.1905433 0.4898826 -0.1217452 0.4091653 0.2604224 0.4128091 0.4460624 0.2317333 0.5471167 0.3500727 -0.0667372 -0.2579446 0.4682342 0.1071104 0.4067582 0.4758722 0.1497873 0.1086239 0.6230142 0.1918991 -0.1093170 0.5145940 -0.0670885 0.4455953 0.2214258 0.2986495 0.6967544 0.4079017 0.3767728 0.0218357 -0.0621730 0.4653643 0.2460147 0.0491258 -0.3152163 -0.3767971 -0.2255951 0.0720057 0.2114048 0.2509851 0.2907593 0.4021610 -0.0737323 -0.2845808 -0.2973008 -0.1623477 0.5823481 0.2475137 0.6752891 0.8022722 0.7228594 -0.4260878 0.2430822 -0.0399348 -0.1995777 -0.3413361 -0.2770796 0.1512081 0.0129214 0.5502649 -0.0968138 0.7514753 -0.3078003 0.0387736 -0.2437118 0.5940945 0.3579935 -0.1060883 0.0491553 0.7119574 -0.2347222 -0.0505860 -0.2504271 0.2345830 0.0174534 -0.1313806 0.2364821 -0.0067148 0.0113853
0.6221102 0.5167828 0.4725526 0.1889306 0.2928127 0.5648223 0.2830206 0.0378581 0.8296837 0.4767034 0.0258093 0.0000000 -0.2701959 0.5492827 0.8805038 -0.3501705 0.2647090 0.3707112 -0.5040532 -0.0565245 0.7753157 -0.5710788 -0.3528237 0.6516531 -0.5306182 -0.3951648 0.1071853 0.5064017 0.8019585 0.2481950 -0.3354865 -0.5360293 0.4894519 0.8089465 -0.2342892 0.6964214 -0.3774067 -0.5594239 0.3094407 0.1463425 -0.4739953 0.6536327 -0.0236902 0.3870203 0.6764892 -0.5444722 -0.4332859 -0.5973588 0.6027554 -0.4339910 -0.2557238 0.2003512 0.6907714 0.2898089 -0.6957287 -0.6420597 -0.5099316 0.5007968 0.0826992 -0.2074512 0.2103289 0.1377841 -0.5927159 0.4561727 0.4047687 -0.5429555 -0.3070832 0.4324644 -0.6202042 0.3215019 -0.4504683 0.1890282 0.0925321 0.1989463 -0.5377440 0.3590484 0.5102991 -0.3430660 0.2227371 0.5398904 -0.2715617 -0.0445462 0.3445440 -0.0737029 -0.0767348 0.2283900 0.3114109 -0.1468205 -0.0893702 -0.1226552 -0.0295259 -0.1358322 -0.4005638 0.0593230 -0.0949005 -0.2745632 -0.2396095 -0.4283723 0.0799380 0.1619863 -0.0020550 -0.1577528 -0.2881352 0.0978668 -0.3612081 -0.2761567 -0.5126807 -0.5199152 -0.2630383 -0.3909978 -0.2549788 -0.4729055 -0.3233418 -0.5448129 -0.5059108 -0.3227683 -0.3817811 -0.2522786 -0.2030681 0.1596761 -0.3929493 -0.6140819 -0.2966675 -0.1843787 -0.0565993 0.4662494 -0.5895547 -0.0495408 0.7416541 -0.0710057 0.2928235 -0.0587447 -0.0941804 0.3527321 0.0854394 0.0283997 0.5720630 0.6521411 0.5557749 0.4945843 0.0127843 0.4812691 0.2026641 0.4030329 0.5584705 0.0850890 0.3210816 0.3451169 0.2100812 0.3425636 0.4852887 0.3638939 0.4221978 0.2135100 -0.1402359 0.0754461 0.1543167 0.1472242 0.2337235 0.5453555 -0.1771846 0.4031530 0.1648245 0.2229750 0.2344634 0.0360128 0.3313179 0.3592687 0.5486217 0.4418826 -0.0720927 0.4837842 0.6093289 0.4826316 0.3928490 0.4679440 0.7973450 0.6816794 0.7062474 0.6233613 0.2057662 0.2586141 0.2849136 0.2018274 0.1250774 0.0534634 -0.3196251 -0.1313445 0.2357128 0.3591064 0.2917900 0.8085843 0.6161539 0.3589209 0.5208160 0.3337050 0.5044823 0.5448389 0.2452374 0.4501463 0.3269415 -0.1544719 -0.2795809 -0.1237401 0.2604978 -0.3560833 0.3738061 0.1771471 0.1217356 0.1259577 -0.2695292 0.1181938 0.3433645 0.2579637 0.3390550 -0.1116796 0.2137563 0.3023059
0.0279494 0.0986961 0.3287154 0.4930540 0.6412051 0.2057732 -0.3064773 0.8035285 -0.0560602 0.4200420 0.7832390 -0.2701959 0.0000000 0.2025161 0.0090585 0.6732836 0.7180208 0.3013946 0.4939289 0.6742794 0.0366318 0.6612326 0.6526578 0.0272700 0.5348324 0.6728409 0.1028148 0.1022397 0.0409616 -0.0993789 0.7887280 0.7151523 -0.0323110 -0.1031451 0.7086127 -0.0995415 0.6361966 0.6834894 0.5502836 -0.0038884 0.7646138 -0.1337958 0.6722497 0.2386823 0.2116952 0.4299449 0.5593795 0.7419113 0.0026773 0.3943779 0.7197695 0.5545355 0.1538284 0.2111364 0.6319730 0.4646373 0.5264906 0.0590868 -0.1454177 0.7063461 0.4547055 0.5467816 0.7232095 0.4848033 0.3838191 0.4704080 0.6552817 0.2137575 0.4936808 0.5243071 0.4631807 0.7391021 0.5087710 0.7386103 0.4448246 0.4283147 0.5031443 0.4766151 0.4986519 0.3792647 0.6522947 0.1041444 0.0628379 -0.1728607 -0.4095459 0.1504538 0.1071264 -0.4104168 -0.1749938 -0.1754955 0.1856200 0.4673502 0.7605646 -0.6268106 0.1295602 0.3681480 0.6345514 0.7687818 -0.1904012 -0.3631156 0.0052085 0.6117498 0.6519020 -0.1941740 0.4744757 0.3144756 0.5006709 0.7130406 0.3864741 0.3228325 0.2656819 0.4338185 0.4047636 0.7044981 0.4101692 0.3056543 0.3470396 -0.0947210 0.0995877 -0.3288973 0.2753350 0.5868827 0.4083874 0.2771618 0.1641506 -0.2389558 0.5755305 0.5661653 -0.1690195 0.4284031 0.4509932 0.5528193 0.6947662 -0.1631365 0.3876448 0.4820329 0.1021732 -0.1944658 0.2197519 -0.3115753 0.3626074 -0.2674695 0.2221861 -0.0003475 0.2256073 0.2921183 0.2039034 0.4708291 0.1441613 -0.1284067 -0.4466429 0.3752417 0.0869738 0.1628671 0.5207982 0.1027153 -0.0238484 0.5747647 -0.0336845 -0.3512375 0.5399817 -0.1191639 0.2351570 0.1283395 0.2351543 0.6038071 0.1636417 0.0793848 -0.2736387 -0.1965135 0.3161292 -0.1075408 -0.2210224 -0.3239235 -0.4062176 -0.4082119 -0.2749216 -0.0712595 -0.0756895 0.0176810 0.4529607 -0.2155788 -0.4506387 -0.4409861 -0.2568779 0.5377621 0.4590093 0.8824829 0.7030679 0.4648735 -0.4036610 -0.1569267 -0.3436878 -0.2473152 -0.4358509 -0.2916372 -0.0385036 -0.2575256 0.4392662 -0.1631926 0.6093963 -0.3048888 0.1348414 -0.1489682 0.4703878 0.5435364 -0.2961310 -0.0449351 0.6490740 -0.2616934 0.0253146 -0.1900013 0.1627849 -0.2405777 -0.3543702 0.2199030 0.0045252 0.1005859
0.4896137 0.7690610 0.7438965 0.6484364 0.6312038 0.9105389 -0.1863708 0.4746244 0.8605401 0.8671061 0.4407475 0.5492827 0.2025161 0.0000000 0.8141562 0.1559385 0.6739862 0.7285101 -0.2108127 0.2905556 0.4306809 -0.1594279 0.1659881 0.7436958 -0.2376111 -0.0443188 0.3163890 0.8013550 0.4884605 0.5275119 0.2356659 -0.2505067 0.6287482 0.6135406 0.2753149 0.3451158 -0.0132503 -0.1929104 0.8194170 0.5677027 -0.1313403 0.1417608 0.5525699 0.7558093 0.5339092 -0.2638666 0.0579465 -0.2118282 0.7114749 -0.2713881 0.3560121 0.7747059 0.6544189 0.6732806 -0.1172518 -0.1758976 -0.0239169 0.8583636 -0.3033631 0.3324777 0.1943238 0.6119071 0.0295586 0.6734006 0.4922978 -0.0298516 0.1196926 0.9004690 -0.1144413 0.8124617 -0.1891788 0.5328084 0.6431922 0.4899608 -0.1403931 0.6721435 0.6590357 -0.1006775 0.5399182 0.3728236 0.1189678 -0.3568535 0.2516293 -0.4912034 -0.3530178 -0.0083836 0.2687649 -0.2539584 0.0007223 -0.2030270 0.3330100 0.3394424 0.0088038 -0.2537011 0.2393529 0.3635019 0.4006496 0.0009310 0.2313570 -0.2525044 0.0465852 -0.0129136 -0.2167311 -0.1927420 0.2361207 0.2505979 -0.3663319 -0.2881855 0.2130322 -0.1921106 0.2316597 -0.3767002 -0.5267296 -0.2631850 -0.4695439 -0.3818841 -0.4101500 -0.4253898 -0.4667501 -0.1577076 -0.3151244 -0.3261273 0.1331882 -0.2981423 -0.1765390 0.0789955 -0.0324180 0.3511953 0.3001097 0.0930646 0.4601298 0.4133949 0.4570255 -0.0496801 0.5056053 0.4304216 0.3750268 0.1868406 0.6505790 0.0585896 0.4528098 -0.0156644 0.5367968 0.2201290 0.5155691 0.4587537 0.3301952 0.6135588 0.5792437 0.1428136 0.0181097 0.5335651 0.2823162 0.5265560 0.2976343 0.3660781 0.3723227 0.5861335 0.4463238 0.1182063 0.4850842 0.2808695 0.4852360 0.5191395 0.5475788 0.5501502 0.6036749 0.6020642 0.4263118 0.2429462 0.5270451 0.5545219 0.1662533 0.1517166 0.1721931 0.0417063 0.3520150 0.4034097 0.2306876 0.3201460 -0.0297081 0.1078216 -0.1867458 -0.1330671 -0.2158356 0.3533388 -0.1873523 0.2627766 0.5599040 0.5825440 -0.0057831 0.3611621 0.2042642 0.0723568 0.0090059 -0.3459711 0.0118649 0.0876075 0.2480462 0.0549120 0.4449902 -0.3180947 -0.4835858 -0.4572970 0.3041090 -0.1557868 0.0274621 0.3719508 0.3900866 0.0290896 -0.4447626 -0.1201085 0.4023262 0.2156601 0.3146453 0.1721992 0.2449710 0.3582530
0.6563845 0.7246200 0.7090690 0.4491815 0.5457713 0.7500587 0.1615181 0.3486553 0.9400772 0.6821014 0.3037525 0.8805038 0.0090585 0.8141562 0.0000000 -0.0749763 0.5437243 0.5971028 -0.3194018 0.2233968 0.6940711 -0.3207031 -0.0565899 0.7182155 -0.3226333 -0.1617029 0.3621673 0.7082106 0.7852973 0.5015934 0.0021016 -0.3245865 0.5259208 0.7427403 0.0408722 0.6270728 -0.1386045 -0.3177334 0.5787165 0.4511440 -0.2101890 0.5508086 0.2550506 0.5400853 0.6982724 -0.3700519 -0.2331055 -0.3437998 0.6211813 -0.2899702 0.0218284 0.5517314 0.7054499 0.4902198 -0.4462837 -0.4398463 -0.3241174 0.6331348 -0.0177899 0.0589439 0.3408888 0.4025315 -0.3392840 0.5914217 0.4911198 -0.3559272 -0.0937484 0.6546789 -0.3920520 0.5780568 -0.3227693 0.3942059 0.3699218 0.3785270 -0.3692938 0.5604861 0.6396758 -0.1830891 0.4417982 0.5861129 -0.0533702 -0.1276770 0.3633392 -0.1582554 -0.1757151 0.1989528 0.3246536 -0.2397779 -0.0837424 -0.1080552 0.0985240 0.1022238 -0.1950339 -0.1339711 0.0444306 -0.0326625 0.0517426 -0.2219010 0.1286571 0.0253511 0.0817739 -0.0620635 -0.2143817 0.0035719 -0.1278179 -0.0728323 -0.4528756 -0.3331373 -0.0683741 -0.2752076 -0.0494553 -0.3532796 -0.3962174 -0.3825927 -0.4710053 -0.3203956 -0.3472236 -0.3237516 -0.2797337 0.0444930 -0.3010317 -0.4422495 -0.0937364 -0.1535104 -0.0211449 0.3804041 -0.3232614 0.1956543 0.6279929 0.0728461 0.4583218 0.2232431 0.2408103 0.2484642 0.3721526 0.2870221 0.5528322 0.5599556 0.6471285 0.4236970 0.2697276 0.3857577 0.4434302 0.4011135 0.6139111 0.3165200 0.4109504 0.5414920 0.3986995 0.3671548 0.3988219 0.5387442 0.4477660 0.3756006 0.1348068 0.2538687 0.3509956 0.4360662 0.3813639 0.5103234 0.1594316 0.4587263 0.3477461 0.4795251 0.4496045 0.3657667 0.4929325 0.5152202 0.6046542 0.5092188 0.2212700 0.5973274 0.5533977 0.4002415 0.3446231 0.3708233 0.6597722 0.6184928 0.5592472 0.5623410 0.2474372 0.2680124 0.1453649 0.1023020 0.0256791 0.2110679 -0.1944354 0.0850728 0.4311704 0.5124317 0.1345294 0.7071867 0.5045774 0.1892788 0.3486503 0.0500048 0.3746889 0.4006805 0.3078649 0.3880545 0.5127805 -0.2897096 -0.4281422 -0.3161271 0.4124764 -0.1955390 0.2606443 0.3087147 0.3508401 0.0997931 -0.3966604 0.0694022 0.5255321 0.3177225 0.4162342 0.0558885 0.3556584 0.4629886
0.0436049 0.0177660 0.1391707 0.3284352 0.2856990 0.0319619 -0.2808695 0.5300602 -0.0896325 0.2771845 0.6266550 -0.3501705 0.6732836 0.1559385 -0.0749763 0.0000000 0.5957622 0.1747143 0.8619509 0.5985239 -0.2504848 0.8481878 0.8858305 -0.3665880 0.8148175 0.7780015 0.3558821 0.0587067 -0.1546777 0.0697676 0.7230871 0.6516750 -0.3552826 -0.4487184 0.7623523 -0.1892211 0.6778002 0.8142121 0.4196143 -0.0781930 0.6686181 -0.1869701 0.5753046 -0.0891633 -0.0010707 0.7424392 0.7847926 0.7744648 -0.2859910 0.6563773 0.7680293 0.4297743 -0.0048503 -0.2135902 0.7507460 0.7299944 0.7402079 -0.0871489 0.1006388 0.7012803 0.6706951 0.1538372 0.7192964 0.3120804 0.3148949 0.7394154 0.7919413 0.0794549 0.8118171 0.4241227 0.7331854 0.5273127 0.4626054 0.4679087 0.7866801 0.5647385 0.4235931 0.7816438 0.7007993 0.2696159 0.8743795 -0.0543665 0.1576534 -0.2381894 -0.2318867 -0.1214658 0.2200802 -0.0214223 0.2029308 -0.0268532 0.5179550 0.6813895 0.4953644 -0.2924405 0.5276351 0.6841506 0.6183289 0.3571345 0.0825217 -0.3273298 -0.0997144 0.0341460 0.0564911 -0.2223799 0.6207819 0.6568830 0.1918877 0.4045958 0.3436022 0.3672998 0.5375869 0.1727630 0.0058246 0.5297398 0.2382434 0.1509604 0.1593417 0.0008561 -0.0507565 -0.0889332 0.3390480 0.5134710 0.7466955 0.2159821 -0.0725225 -0.1692070 0.8099252 0.5965689 -0.3505378 0.4540270 0.1481265 0.5201299 0.6912127 -0.2036694 0.5893533 0.5887296 -0.2055702 -0.1781033 -0.0376463 -0.1799202 0.6522962 -0.1085313 0.5253348 0.0379748 -0.0839307 0.6793417 0.0199148 0.2127087 0.3797140 -0.0202692 -0.2598306 0.2121833 -0.1024200 0.5086571 0.5324714 0.4427129 0.2794752 0.4846798 0.3262300 -0.2829451 0.6494390 -0.0957194 0.5520835 0.2455866 0.2701032 0.7515860 0.4379032 0.3613185 0.0657601 -0.0164787 0.6841008 0.2598853 -0.0791680 -0.0489986 -0.2197691 -0.3109210 -0.4255753 -0.1895014 -0.3313015 0.0654491 0.3196947 0.1704505 -0.0278410 0.0519020 -0.0271560 0.6305812 0.4015146 0.5456960 0.2908589 0.1141367 -0.1355943 -0.1795279 -0.2324256 -0.1475341 -0.3149576 -0.3226997 -0.1715773 -0.2492535 0.3218448 -0.1330134 0.3204715 0.0864981 0.2638408 0.0104678 0.2112557 0.4932113 0.1559279 0.1051158 0.3696945 0.0893064 0.3182370 0.1247939 0.0483599 -0.1859339 0.1126421 0.2569034 0.1451041 0.1252988
0.4886386 0.5078338 0.6709808 0.6952190 0.7119201 0.6543106 -0.3094699 0.7636365 0.4761487 0.8038301 0.8607120 0.2647090 0.7180208 0.6739862 0.5437243 0.5957622 0.0000000 0.5458941 0.2354393 0.7256566 0.4185026 0.3526539 0.5542761 0.3341566 0.2151297 0.3955418 0.2875817 0.4599373 0.4676415 0.1464634 0.6601579 0.2776194 0.2289164 0.3441704 0.5921058 0.3416584 0.3338538 0.3156612 0.8239539 0.1494953 0.4720968 0.1594495 0.7600159 0.4885655 0.6154745 0.1055218 0.3324734 0.3560299 0.4230001 0.0561884 0.6339450 0.7519259 0.6917874 0.3877482 0.2229143 0.0888948 0.2379603 0.5094321 -0.2246773 0.6055589 0.5999978 0.6269894 0.3546440 0.8535405 0.7277282 0.1721542 0.4973254 0.6339068 0.1607981 0.8700574 0.1380586 0.8959636 0.6906027 0.8357855 0.1040060 0.8273698 0.9027826 0.2600665 0.7822790 0.6323553 0.4960540 -0.0521954 0.4403131 -0.3125259 -0.4097679 0.2600256 0.4856860 -0.3424971 -0.0161013 -0.1279488 0.3921320 0.5372434 0.4552045 -0.5943172 0.3057739 0.4210426 0.5737245 0.3660214 0.0703175 -0.4768558 -0.0177130 0.3277615 0.2496702 -0.3949756 0.3743396 0.3588250 0.1505367 0.2792976 0.3650114 0.2726774 0.3578536 0.0951987 0.0057902 0.4022584 0.0863927 0.1343368 0.0923659 -0.1889305 -0.0710889 -0.2036245 0.1303754 0.2808377 0.3035713 0.1457742 -0.0025251 0.0242934 0.4059566 0.5028795 0.1953482 0.4537171 0.6465229 0.4554154 0.6282220 -0.0345638 0.4676112 0.5035583 0.4052702 0.2072029 0.5776895 0.0441757 0.4377074 0.0477792 0.4166452 0.2753126 0.5578120 0.4749553 0.3727456 0.6597020 0.4109374 0.1015212 -0.0992770 0.5831084 0.3015505 0.4515020 0.3739918 0.1988370 0.1730561 0.6789116 0.1880653 0.0139378 0.4725851 0.1718048 0.4467697 0.3143539 0.4318931 0.6932285 0.5137012 0.4464495 0.1950431 0.1348657 0.4442058 0.3385591 0.1798554 0.0747778 -0.1369992 -0.1845150 0.1132546 0.2407877 0.2316142 0.3851668 0.3782241 0.1124163 -0.1766949 -0.1305217 -0.2295969 0.6293732 0.0389350 0.6536176 0.7597030 0.6590379 -0.2362670 0.2712962 0.0121955 -0.1215143 -0.1681618 -0.2672836 0.1043261 0.0063846 0.5260484 0.0566619 0.6699989 -0.4755779 -0.1228473 -0.2314709 0.6441440 0.1706895 -0.0091711 0.1171747 0.5754031 -0.2787342 -0.1491656 -0.0311691 0.3644201 0.0633202 0.0103176 0.0470718 0.2254158 0.3455877
