0.0000000 0.5089997 0.7080588 0.5459797 0.4641206 0.4195025 0.1733738 0.7218891 0.5017594 0.5368395 0.6016778 0.1949647 0.7405833 -0.0665663 0.1382266 0.8081872 0.6169754 -0.2587413 0.7593691 0.8171282 0.0061930 0.7403748 0.7903762 -0.1815293 0.7219951 0.8455443 0.8108845 -0.2125148 0.1274260 0.2179709 0.8682557 0.3786435 -0.5165497 -0.5387592 0.4631655 0.2672324 0.6940410 0.6534744 0.2097207 0.1247222 0.6835471 0.4842112 0.4570422 -0.4072983 -0.1258328 0.2775164 0.3335397 0.6491574 -0.3558030 0.6954152 0.3257471 0.2243399 -0.3504851 -0.2524715 0.4878836 0.3966324 0.4867308 0.1880330 0.4673728 0.2863915 0.6060399 0.0482441 0.5236798 0.2531278 0.4991888 0.6424327 0.5486084 0.3103994 0.4357672 0.4529463 0.6515789 0.3953257 0.4807366 0.6389149 0.5952804 0.4994429 0.4371697 0.4865871 0.5264764 0.6140099 0.3890694 0.0529320 0.1669242 -0.0649668 0.4299814 0.1915436 0.1726470 0.4289076 0.2430671 0.5406799 0.2154913 0.0443427 0.1549476 0.2068238 0.6632098 -0.0909230 -0.0479007 0.3572719 0.6374592 0.0564135 0.4584046 0.3623979 0.3361651 0.0101861 0.1360642 0.0251974 0.3820982 0.1886110 0.4691708 -0.0548545 0.4589980 0.4725519 0.0239639 -0.1903288 -0.0199204 -0.0483777 0.0418640 0.3827656 0.3816859 0.2475738 0.4688976 0.0993648 0.2463938 0.3216486 0.3512715 0.1335369 0.3534148 0.0438320 0.2842140 0.6247946 0.5077704 -0.2665221 0.4502383 0.8814162 0.0130689 -0.1741544 0.1791817 0.1695483 0.3402061 0.1540601 -0.1974443 -0.0051265 0.0771899 0.1730170 -0.0349212 -0.0125759 0.1019463 0.0502085 0.2511083 0.0924241 0.5146777 0.1008494 0.0086343 0.2273848 0.3790164 0.0007581 0.1328804 -0.1103138 0.0170845 0.4565313 0.0408541 0.2725150 -0.1398061 0.2344681 0.1528155 -0.1409629 0.1337658 0.1605347 0.1583593 0.4493403 -0.0448168 0.2952904 0.8807140 0.8435801 0.7818852 0.4025629 0.1643564 0.3776500 -0.0405442 0.2001144 0.3563450 0.4648760 0.4453019 0.1635008 0.4273427 0.6754254 0.4595987 0.5148534 0.3067688 0.0291053 0.1967617 0.3342672 0.0179873 0.5940295 0.1756774 0.5311857 0.2665738 0.5127116 0.5140672 0.0705933 0.4356702 0.5247215 0.3818287 0.3570995 0.1557231 0.4183651 0.1459402 0.4830085 0.3468698 0.6223322 0.0329421 0.5536710 0.2791949 0.1901188 0.5282087 0.2367478 0.6565702 0.3772628
0.5089997 0.0000000 0.8474908 0.9126824 0.7705950 0.8375782 0.5879163 0.8947305 0.5877644 0.7104250 0.8182740 0.5332216 0.8467784 0.2554909 -0.1686394 0.6614708 0.6398186 -0.0302606 0.5361562 0.6819820 0.5066163 0.6556028 0.7569270 -0.2062406 0.6466705 0.6686721 0.5203018 -0.2431168 0.5426869 0.1310581 0.5038947 0.4843141 -0.5736943 -0.1605668 0.5377403 0.7640456 0.4066792 0.6961497 0.1618421 -0.1192355 0.5710234 0.7530540 0.4063864 -0.4233568 0.2345906 0.4985218 0.3429000 0.7503650 -0.0781103 0.6375463 0.3588027 0.2190839 0.1073017 -0.2293560 0.8388892 0.6702091 0.3402097 0.6593253 0.6827646 0.2726187 0.8462450 0.2693423 0.9419820 0.6609608 0.6894073 0.3774864 0.5883118 0.5677766 0.8505309 0.7188986 0.7046639 0.6963092 0.7105380 0.7873948 0.6650911 0.6721088 0.7966933 0.6515421 0.7389183 0.5885815 0.6007482 -0.2126114 0.3887206 0.5753069 0.3388245 0.4025732 0.0921933 -0.1294584 0.3726043 0.3901854 0.4009670 0.3790989 0.5687077 0.3693904 0.5327963 0.3804402 0.1515844 0.6952543 0.0434953 0.4687542 0.2965349 0.5362202 0.5947626 0.2740863 0.4691058 0.5575502 0.4828130 0.7286110 0.3609141 0.5606063 0.2915392 0.6536401 0.6407791 0.5342279 0.6736611 0.5753236 0.7034926 0.7381768 0.7475951 0.6939012 0.7677977 0.7680274 0.5342264 0.0495416 0.6759235 0.4741838 0.4248231 0.4772815 0.6993930 0.6382412 0.4482643 0.2779744 0.3226365 0.4662235 0.2332719 0.3599398 0.2784855 0.6606395 0.2828168 0.4093341 0.4225999 0.4447406 0.6204142 0.3759253 0.1025363 0.5263107 0.3062456 0.4117119 0.6594000 0.5340884 0.6136304 0.4652474 0.3854980 0.7078908 0.5129328 0.3007338 0.7078980 0.2407066 0.5459765 0.5094386 0.5284925 0.6844601 0.3452563 0.4983456 0.6208314 0.2032744 0.6745222 0.7388910 0.8162615 0.7207928 0.4602805 0.7188947 0.3025385 0.2593910 0.4961583 0.7209222 0.6295259 0.3893493 0.5451950 0.5355201 0.2280199 0.7052703 0.7693612 0.5784887 0.8349666 0.6541497 0.7995332 0.7493738 0.6375131 0.4693500 0.4678666 0.6833214 0.4781488 0.2845954 0.4836336 0.4959843 0.4019171 0.4627794 0.6369758 0.4878303 0.2221938 0.2581605 0.1008537 -0.0067003 0.0356561 0.4767992 0.4780462 0.0598694 0.1727181 0.5748368 -0.1702318 0.4273116 0.0501062 0.1390575 0.5058150 -0.0548157 0.4391190 -0.0482001
0.7080588 0.8474908 0.0000000 0.7441080 0.8664550 0.5773027 0.5432211 0.8841714 0.6012496 0.6611204 0.7544626 0.5681284 0.9257658 0.2364097 0.0496874 0.7773509 0.8096260 -0.1125175 0.7665247 0.8560761 0.3818802 0.9277921 0.8301294 -0.1685719 0.8959983 0.7870482 0.8289027 -0.2134421 0.4013636 0.4791627 0.7821621 0.7155745 -0.5906011 -0.3612485 0.5818158 0.5236371 0.6198404 0.8835291 0.3064686 0.0601965 0.8397293 0.6513040 0.5335285 -0.3244817 0.0035119 0.5655973 0.5218363 0.8632784 -0.1306260 0.8608130 0.4355586 0.2697027 -0.1742215 -0.1494502 0.8413516 0.7274714 0.5180263 0.3453618 0.6290347 0.3283295 0.7113069 0.1337981 0.8474790 0.5198754 0.6095479 0.5524396 0.6024447 0.4337554 0.6998761 0.6252591 0.7486550 0.5229214 0.6747353 0.7928138 0.5691789 0.6285389 0.6943124 0.5276453 0.7202014 0.7572951 0.5180287 0.0185572 0.4175672 0.5220770 0.5108695 0.5587396 0.1044791 0.1577859 0.5753814 0.6313986 0.4948887 0.4042617 0.5663701 0.0803099 0.7657498 0.3381212 0.1776313 0.8251374 0.2965266 0.1748231 0.3204467 0.6688347 0.6506133 -0.0115100 0.3924941 0.4922485 0.6343975 0.6120123 0.5212015 0.4054169 0.3537666 0.6951442 0.4056624 0.3207629 0.4856887 0.2493672 0.4912967 0.7199278 0.6317183 0.5836992 0.6079079 0.6026358 0.6493908 -0.0037633 0.4141220 0.3847365 0.2730331 0.5554562 0.5233010 0.5136741 0.2439074 0.2942431 0.2597806 0.5865240 0.1681746 0.0755288 -0.0338590 0.4989329 0.0820384 0.4411031 0.1379094 0.2530741 0.4569520 0.3485901 -0.2782209 0.2107901 -0.0915220 0.0421086 0.4479309 0.3257945 0.6783902 0.2621758 -0.0613677 0.4614801 0.3516231 0.3198273 0.6341462 -0.2067334 0.3181729 0.5126755 0.2130129 0.4441961 0.1908176 0.4951539 0.2093911 0.0269156 0.4544776 0.4900822 0.6118587 0.5327572 0.1228213 0.4124355 0.5281410 0.6074019 0.7589682 0.8164212 0.5604676 0.5243418 0.3416721 0.4686102 0.1372266 0.5048312 0.5926648 0.3223688 0.6975328 0.6407738 0.6836126 0.7681029 0.5761767 0.3109985 0.5772920 0.6761054 0.4261207 0.6193823 0.5160017 0.7181668 0.5675281 0.6096269 0.7378643 0.4096353 0.4550994 0.5432073 0.2677394 0.2375242 0.2209750 0.4666723 0.4774722 0.3156495 0.4911553 0.8104299 0.0594441 0.6792578 0.2442258 0.3404730 0.7241700 0.0804585 0.5658295 0.1701311
0.5459797 0.9126824 0.7441080 0.0000000 0.6543448 0.9319053 0.6138185 0.8541048 0.6311954 0.7666233 0.7720757 0.6228326 0.8444708 0.3051903 0.0474461 0.5209472 0.5485467 0.1042317 0.4542155 0.7380385 0.5548928 0.5755107 0.6491351 -0.1090620 0.5623730 0.6526178 0.4197654 -0.1029890 0.6831802 -0.0370834 0.5959682 0.3363467 -0.4896096 0.0008698 0.4797962 0.7068771 0.4323562 0.5677808 -0.0069396 -0.3002017 0.3843665 0.8094655 0.3947940 -0.5186362 0.4508844 0.4646147 0.2996554 0.5646807 0.0145792 0.5807070 0.3360434 0.1614669 0.3219214 -0.4978554 0.6907109 0.5943347 0.3493928 0.5447046 0.5110566 0.2820913 0.8662342 0.2501441 0.8789127 0.7284202 0.8016360 0.4060240 0.5303984 0.3908109 0.8585752 0.6914402 0.7099124 0.8027328 0.5532845 0.8739265 0.7106594 0.5995985 0.8324026 0.7870903 0.5910699 0.6488983 0.7281347 -0.3410896 0.2668910 0.3777915 0.3391606 0.3720795 0.1974040 -0.2132008 0.2925186 0.1980342 0.2420170 0.3009602 0.4146374 0.4384980 0.4068899 0.2006810 0.1318623 0.5767137 0.0555728 0.5233746 0.1635245 0.5208973 0.5607115 0.4655435 0.3424009 0.3860376 0.3485873 0.6581837 0.2106606 0.5117516 0.2098974 0.4552054 0.7266667 0.5580291 0.5807501 0.5187153 0.5532044 0.4899958 0.5933836 0.4431674 0.5757309 0.6268595 0.4483068 0.0633677 0.4830572 0.3694879 0.5028245 0.2654960 0.5401275 0.7890083 0.6071131 0.2571530 0.4893652 0.4403714 0.1327561 0.2452790 0.4222053 0.4679590 0.4859997 0.4380964 0.3742951 0.3482827 0.5928084 0.2623342 0.0694555 0.4960393 0.4496472 0.5483659 0.7982784 0.5244154 0.5359620 0.3357913 0.4369225 0.7601134 0.5640473 0.0582750 0.5698255 0.2597311 0.6679139 0.4168178 0.5987075 0.6928304 0.0729705 0.2912880 0.6878654 -0.0205233 0.5669697 0.7600145 0.5828168 0.6407277 0.5049251 0.7313382 0.3578944 0.2462902 0.4066982 0.6798723 0.6103491 0.3539505 0.4800530 0.5153769 0.3899557 0.8319126 0.7547124 0.6352407 0.7880471 0.6514722 0.7186830 0.8357358 0.8181576 0.6967462 0.1823099 0.7842524 0.6529312 0.1388724 0.2464419 0.3108093 0.3662174 0.6822908 0.7533567 0.3984913 0.3173125 0.1554771 0.3086692 0.1922812 0.1269196 0.7094887 0.2094726 0.2476304 0.1807877 0.6281255 -0.1451354 0.5308856 0.2277509 0.2825820 0.5596653 0.1996218 0.3928590 -0.1071657
0.4641206 0.7705950 0.8664550 0.6543448 0.0000000 0.5215645 0.6589573 0.7460672 0.6226806 0.4538051 0.6328052 0.6559419 0.8246285 0.2190565 0.1442216 0.5915799 0.6421784 0.0588341 0.5382606 0.6824273 0.4349221 0.8106313 0.6094808 -0.0669898 0.7051963 0.4980048 0.5271539 -0.0245316 0.4356993 0.4689749 0.6087605 0.7302659 -0.3763096 -0.0838018 0.4818536 0.5195477 0.4059263 0.6872608 0.1941030 0.0596898 0.6914388 0.6515943 0.3993838 -0.0465925 0.1185467 0.5041005 0.4884466 0.6875114 0.1470511 0.8262988 0.3967178 0.2240537 -0.0176585 -0.0365852 0.6880779 0.6012709 0.4224398 0.1360793 0.5724478 0.3463896 0.6047591 0.1144067 0.8350038 0.4900529 0.4904045 0.3847678 0.5655567 0.2336066 0.5182294 0.4151993 0.5081618 0.3395279 0.6001312 0.6654537 0.1948536 0.4950484 0.5673374 0.3117338 0.6042120 0.6896903 0.4469856 0.2923116 0.6748346 0.5815866 0.4371106 0.6766635 0.3567835 -0.0286744 0.6685780 0.6146377 0.6027802 0.5364803 0.5342232 -0.0877324 0.6358874 0.5106602 0.2689525 0.7391963 0.0889793 0.0665363 0.1791932 0.5640796 0.5172653 -0.2148148 0.4145588 0.6276088 0.6602924 0.6722296 0.4699742 0.6995489 0.3757818 0.5375433 0.4366933 0.4037088 0.6859582 0.1111912 0.3851971 0.6958001 0.4297673 0.5821940 0.3906134 0.5059105 0.7691832 -0.1607668 0.3830338 0.2410886 0.0164485 0.6452189 0.4544592 0.1942135 -0.0386138 0.4015173 -0.0166189 0.2422969 0.2453337 0.0506831 -0.2244728 0.5383745 -0.1633938 0.2611240 0.1088432 0.3078758 0.5489469 0.2153769 -0.2917325 0.2143836 -0.1978057 -0.0073939 0.4732134 0.2777191 0.5266149 0.1620851 -0.0319996 0.4718803 0.1076141 0.3065263 0.7685599 -0.1500749 0.3937044 0.5532429 0.1812964 0.4628604 0.2334401 0.6192352 0.1530547 -0.1188575 0.4092500 0.4916529 0.7055282 0.5420591 0.1338171 0.3413607 0.3771680 0.4489712 0.6710695 0.9071140 0.6119399 0.6211343 0.4400307 0.5459737 0.3299008 0.4467856 0.4651670 0.1478926 0.7135297 0.4431816 0.6959739 0.8079584 0.6041806 0.3523732 0.6476202 0.5801021 0.5516909 0.6611036 0.4793301 0.6431435 0.6497547 0.5611393 0.7401350 0.3569692 0.5094342 0.4045246 0.3207278 0.3501673 0.4429550 0.5247265 0.3942222 0.3954587 0.6300073 0.8331824 0.3830074 0.6361097 0.4714844 0.5588503 0.5827583 0.2280129 0.5491757 0.0241387
0.4195025 0.8375782 0.5773027 0.9319053 0.5215645 0.0000000 0.6986269 0.7641463 0.7102715 0.6923222 0.6863506 0.6166121 0.6936317 0.3925490 0.1577511 0.4179099 0.4493289 0.3127461 0.2942084 0.5373285 0.5778186 0.3886006 0.5935160 0.0765903 0.3361741 0.5816900 0.2890433 0.1201340 0.7538740 -0.1100236 0.4334689 0.1293791 -0.2356887 0.2352263 0.4024257 0.7698376 0.2440805 0.4265562 -0.0295345 -0.2387055 0.2578391 0.7573739 0.3222924 -0.3437488 0.4793401 0.3439170 0.1742093 0.4529993 0.1699859 0.4121783 0.2522772 0.1972482 0.4833266 -0.4116963 0.6356065 0.4742220 0.2340033 0.5876598 0.4605863 0.1966503 0.7962503 0.3265880 0.8006097 0.6995087 0.7227694 0.3134041 0.4720007 0.3843472 0.7767081 0.6405454 0.6538307 0.7918982 0.4967629 0.7739495 0.6364380 0.5205974 0.7740633 0.8088861 0.5545055 0.5180816 0.7335963 -0.4457493 0.1874222 0.4211481 0.2091985 0.2794718 0.2705760 -0.3342296 0.2262597 0.0331760 0.1700836 0.2862047 0.3902639 0.6205999 0.2300159 0.1369779 0.0789960 0.4376368 -0.1062671 0.6026070 -0.0249130 0.4070401 0.4357502 0.5838167 0.3137432 0.2969433 0.1643156 0.6015098 0.1378754 0.5932250 0.0485658 0.3357054 0.6699257 0.5460442 0.6336184 0.5654639 0.5600129 0.4091612 0.4519892 0.4872146 0.6034064 0.6569188 0.4110343 -0.0072804 0.5458787 0.4371980 0.6190022 0.2631014 0.6096571 0.7627381 0.6618988 0.3260731 0.5026529 0.3924380 0.3655650 0.4204757 0.5853769 0.4895425 0.5650954 0.3796312 0.5349987 0.4390706 0.6590245 0.3025489 0.2758082 0.5628846 0.6199723 0.6947881 0.8748979 0.5805915 0.4110371 0.4803975 0.5981977 0.8449103 0.5388634 0.0805430 0.5130090 0.4342231 0.7610615 0.2736837 0.6506735 0.6919376 0.1930218 0.1415904 0.7926171 0.1144826 0.6025118 0.8500238 0.5884695 0.5215324 0.6783641 0.8658979 0.1807049 0.0850407 0.2911413 0.5780440 0.6148846 0.2962937 0.5692022 0.5131039 0.3800816 0.7746916 0.7539939 0.6659392 0.7654713 0.5227911 0.6665533 0.7187021 0.7705182 0.7111438 0.1629338 0.7165487 0.6122781 -0.0040187 0.2852460 0.0947140 0.2143879 0.5229677 0.6278187 0.4342706 0.2438342 0.0788652 0.2101211 0.0573779 0.0547986 0.6904937 0.2968087 0.1023639 0.0300973 0.5063845 -0.1795400 0.3783821 0.2020319 0.1594054 0.4503330 0.1688750 0.4189945 -0.0506125
0.1733738 0.5879163 0.5432211 0.6138185 0.6589573 0.6986269 0.0000000 0.5258257 0.7388859 0.4568564 0.4477008 0.9384342 0.5646652 0.6443043 0.5444298 0.1925009 0.4914010 0.6121969 0.1067335 0.3635340 0.7473836 0.4174243 0.4204261 0.3517736 0.2502031 0.3466137 0.2766417 0.5659517 0.8175018 0.4184267 0.3338550 0.4254501 0.0939292 0.4715079 0.4452689 0.6722067 0.2399010 0.4254277 0.1881012 0.1055888 0.3975808 0.6227589 0.4430649 0.2589672 0.4910421 0.4728005 0.4096471 0.4443406 0.6079910 0.4649484 0.4115593 0.4243055 0.5597910 0.0029977 0.6265482 0.5422420 0.3825543 0.2038519 0.3768476 0.3842624 0.5402559 0.4484824 0.7172568 0.6301025 0.5331903 0.3912748 0.4670471 0.0926854 0.5442569 0.3749003 0.5100763 0.5183203 0.3905519 0.5932800 0.1161077 0.2789389 0.5630317 0.4474539 0.2842577 0.4983857 0.5570268 -0.0345846 0.5013933 0.6867036 0.2103779 0.7188439 0.5518933 -0.4347477 0.6740667 0.1394112 0.5194979 0.5930294 0.5446767 0.2632731 0.2695050 0.3725365 0.3437554 0.5352656 -0.3440491 0.4059965 -0.2380217 0.6238508 0.5434633 0.2910331 0.4299280 0.4292309 0.3443425 0.6782808 0.2884825 0.8473864 0.0059730 0.3643651 0.4891224 0.6264880 0.8285984 0.2843776 0.4495027 0.2814243 0.1005618 0.5244674 0.3072471 0.6537300 0.8087068 -0.4828721 0.1724329 0.5139522 0.4310419 0.6831951 0.5362252 0.3182477 0.1636357 0.7146166 0.3043639 0.1041204 0.5955497 0.4430747 0.1777367 0.5254702 0.1893813 0.4797552 0.5612822 0.6028553 0.7373260 0.2608817 -0.1739544 0.4776369 0.2576564 0.4814443 0.8509927 0.6512593 0.3738208 0.3327598 0.3376933 0.8208369 0.2329385 0.1925466 0.6381814 0.0827761 0.8201102 0.2352967 0.4125262 0.6452941 0.3232615 0.2234663 0.4537738 0.0652834 0.5033139 0.8291689 0.5686722 0.2592431 0.6130803 0.5738355 -0.0562634 -0.0077959 0.2653104 0.8305698 0.8156997 0.5897793 0.6654880 0.6944341 0.3731381 0.5338939 0.5383512 0.4285410 0.6949625 0.2102844 0.5831402 0.6966933 0.7547356 0.7247994 0.4756883 0.7045333 0.7870816 0.1671202 0.5412123 0.1971473 0.5618383 0.5482382 0.6478895 0.6473210 0.4610098 0.0230593 0.4224226 0.3201114 0.5559289 0.7504925 0.4135120 0.1720255 0.3023359 0.6395694 0.2786847 0.4962282 0.5728251 0.5333152 0.5334173 0.2938287 0.3569830 -0.0470352
0.7218891 0.8947305 0.8841714 0.8541048 0.7460672 0.7641463 0.5258257 0.0000000 0.6512234 0.8452834 0.9397427 0.5295171 0.9446213 0.3379439 0.0652690 0.8660949 0.8082110 0.0648946 0.8075234 0.7459962 0.4844553 0.7912216 0.8556351 -0.0502433 0.8265869 0.8123213 0.6598008 -0.0998139 0.5912873 0.2787202 0.6777609 0.6027497 -0.5543797 -0.2373137 0.6841189 0.7173805 0.6391582 0.8394614 0.2044003 0.0103940 0.7266573 0.8433777 0.5517275 -0.4332157 0.2529834 0.6007248 0.4828310 0.8466836 -0.1112815 0.8337107 0.4809630 0.3415677 0.0411191 -0.2194269 0.8573502 0.7343942 0.5381092 0.6001104 0.5014415 0.3986089 0.8995590 0.3413458 0.8375449 0.7216692 0.8107338 0.5849263 0.7069571 0.6761997 0.8194251 0.8453335 0.8093437 0.7416221 0.8525006 0.8801184 0.6980741 0.8545381 0.8540610 0.6863504 0.8388588 0.6991186 0.5742995 -0.2340363 0.2484933 0.3930592 0.1917200 0.4313770 0.1967982 -0.0529611 0.4039030 0.5277011 0.3654097 0.2481952 0.3364865 0.1855762 0.6030611 0.2529977 -0.0713718 0.5718937 0.1274579 0.2202568 0.2064185 0.5776955 0.5469312 0.0978205 0.3011936 0.3494059 0.4410714 0.5174445 0.3554277 0.3561523 0.1925503 0.6348014 0.3635194 0.1965207 0.4040269 0.2510500 0.4244732 0.5664808 0.5476512 0.5801025 0.6571359 0.5748756 0.4517689 -0.0231701 0.6162852 0.4612695 0.5210002 0.3717846 0.6770596 0.6996932 0.5780825 0.1958284 0.4489742 0.5815721 0.2174946 0.1880290 0.3251987 0.6129523 0.3719810 0.5166302 0.3107620 0.4005905 0.4816537 0.4028907 0.0890531 0.2824110 0.2827946 0.3507460 0.6018086 0.4602188 0.6253640 0.4002328 0.2504899 0.5662536 0.4574981 0.3218339 0.4942366 0.1155499 0.3484039 0.4740106 0.4009522 0.5875453 0.1768270 0.3215226 0.4887070 0.1908160 0.6237424 0.6175067 0.5889350 0.6015167 0.3940137 0.6670263 0.5274901 0.5176515 0.6080040 0.6435489 0.5580001 0.4985393 0.4399694 0.4784124 0.2769928 0.5780453 0.6422162 0.3168888 0.6415865 0.7877126 0.6309802 0.7676249 0.6240486 0.4077838 0.4389678 0.6529075 0.4233779 0.5359005 0.4708871 0.6511943 0.4760760 0.5143066 0.6916944 0.4246597 0.2874943 0.3492462 0.2257596 0.1271803 0.0869895 0.5180287 0.4472132 0.2027291 0.2599249 0.6393408 -0.1467553 0.5129026 0.1344568 0.1282380 0.7141145 -0.0409849 0.4635249 -0.0504302
0.5017594 0.5877644 0.6012496 0.6311954 0.6226806 0.7102715 0.7388859 0.6512234 0.0000000 0.5329319 0.6064693 0.6770994 0.6298817 0.5315338 0.5199922 0.4840964 0.6714757 0.4354507 0.4348705 0.4974201 0.6121732 0.6076262 0.7223992 0.0336743 0.4381446 0.6403023 0.5065879 0.3766877 0.5560585 0.3969670 0.5205052 0.3150848 -0.1063005 0.1907710 0.5862666 0.6782732 0.3680729 0.5966101 0.4296055 0.3359906 0.5546086 0.6920663 0.6430045 0.0267661 0.2604330 0.4921506 0.5311585 0.5527738 0.1775254 0.6613187 0.5156921 0.5587701 0.1689130 0.0108870 0.6205322 0.5600734 0.5424079 0.1281852 0.4553677 0.4301115 0.4994008 0.4066935 0.5694533 0.3337753 0.3781243 0.5909642 0.5454044 0.1825457 0.4990082 0.3249221 0.6655328 0.3509741 0.4453728 0.5047042 0.3134084 0.2981715 0.3939759 0.4578189 0.4036288 0.3755932 0.4049805 -0.0273958 0.4484797 0.4658404 0.2546445 0.6091750 0.6582246 -0.0086448 0.6790818 0.4043743 0.5299821 0.6549846 0.5354610 0.3299739 0.4981761 0.4224168 0.3856695 0.5823750 0.0422063 0.0425359 -0.0978434 0.6267501 0.5498793 0.0980579 0.5275625 0.4886009 0.4951304 0.6059753 0.5702816 0.6095944 0.2403207 0.4027207 0.2379185 0.3130755 0.5716558 0.2088946 0.3942462 0.4667653 0.2633486 0.6028195 0.4634271 0.5082903 0.7348850 -0.3766848 0.2775708 0.4990724 0.5367456 0.5551462 0.5898651 0.3640645 0.4257786 0.4780918 0.4694682 0.4320839 0.6858108 0.2797743 0.3394270 0.5457876 0.4436436 0.3917507 0.2254010 0.4829764 0.6310251 0.5903305 -0.0723092 0.1928739 0.2409945 0.2855168 0.6002437 0.4360135 0.6346556 0.5640496 0.1948436 0.6803899 -0.0507913 0.4390116 0.6330563 -0.0151201 0.6528232 0.4922318 0.0149023 0.4948994 0.3156501 0.3173021 0.2708975 0.0416833 0.1562350 0.5163283 0.3645347 0.3945130 0.2970475 0.4996424 0.1932514 0.3281389 0.5989078 0.6664931 0.7466367 0.7193717 0.6905766 0.7338262 0.4443880 0.5205588 0.5280067 0.2954361 0.4918996 0.1418673 0.3458206 0.5235908 0.5085671 0.3929991 0.5443882 0.4214488 0.5051283 0.3733592 0.5383778 0.3128233 0.4359879 0.4190382 0.4848924 0.5401407 0.7399200 0.5075641 0.5087203 0.3159967 0.3490565 0.6325866 0.3842765 0.4657473 0.5615868 0.7010539 0.2802561 0.3350971 0.5577287 0.4356521 0.6961476 0.4791863 0.7582194 0.1170728
0.5368395 0.7104250 0.6611204 0.7666233 0.4538051 0.6923222 0.4568564 0.8452834 0.5329319 0.0000000 0.9018141 0.5329098 0.8215859 0.6310914 0.1530046 0.6825696 0.8176922 0.1366807 0.6847699 0.6191006 0.6374401 0.5269219 0.7218516 -0.0899077 0.6563281 0.6007919 0.5095048 0.0484735 0.6736231 0.1956994 0.4553328 0.4876489 -0.6032731 -0.1977100 0.7353877 0.7661527 0.6105063 0.7045164 0.2063718 -0.0034200 0.5118464 0.8923421 0.6437200 -0.5865973 0.5609788 0.6364822 0.4812132 0.6865413 -0.1986246 0.6790459 0.4999562 0.4339495 0.1786771 -0.1523066 0.7376515 0.7271881 0.5387913 0.6140097 0.3612675 0.4515237 0.8814733 0.5277916 0.6263410 0.7973784 0.8086899 0.5878765 0.4808876 0.6506323 0.8033086 0.8944900 0.6818361 0.7443374 0.7399230 0.7838819 0.6491937 0.8294266 0.8119679 0.5717680 0.5684497 0.4493118 0.3382898 -0.4629769 -0.0026213 0.2073688 -0.1180238 0.4270463 0.2067783 -0.0772510 0.3857954 0.4387446 0.3549060 0.1606938 0.1327362 0.1920652 0.5579539 0.2539107 -0.0486964 0.4199313 0.0483144 0.2481423 0.1677158 0.6431874 0.5498811 0.2621271 0.2344079 0.2822401 0.2883886 0.3545594 0.1470177 0.1498540 -0.0101455 0.5047474 0.2330569 0.1883673 0.2378940 0.2599685 0.3905165 0.2418842 0.4334720 0.3649425 0.5000147 0.5043359 0.3137511 -0.1959320 0.2995786 0.4714200 0.6833243 0.2024817 0.5555025 0.7021803 0.7071696 0.1921595 0.7478874 0.4027181 0.0667096 0.1098281 0.4373366 0.5474180 0.6014520 0.7374167 0.3109056 0.4761488 0.2571883 0.4160029 -0.0257382 0.1218337 0.4345766 0.4316331 0.5811946 0.5324741 0.6397457 0.3285157 0.3109372 0.5176027 0.4922342 0.3077427 0.2811152 -0.0055726 0.3722225 0.3515270 0.3271848 0.5923885 -0.0138697 0.0704075 0.4652755 0.2028431 0.5088874 0.5915477 0.3228169 0.4357747 0.4132752 0.5539395 0.3643733 0.3634856 0.3929496 0.4821694 0.5636778 0.4904150 0.4715634 0.5329468 0.2944091 0.6291734 0.7036689 0.4299691 0.4194455 0.6294576 0.3611918 0.6094675 0.5963599 0.5163868 0.2188381 0.5862738 0.4890073 0.3299373 0.3401056 0.5682646 0.5762740 0.4821886 0.4985310 0.4929127 0.1754262 0.1707995 0.3283550 0.1843044 0.1043680 0.4397206 0.1791672 0.1892592 0.1089859 0.4058796 -0.2497553 0.3602705 0.0769090 0.1038861 0.7820134 -0.0656915 0.1219762 -0.2970565
0.6016778 0.8182740 0.7544626 0.7720757 0.6328052 0.6863506 0.4477008 0.9397427 0.6064693 0.9018141 0.0000000 0.4857728 0.8573503 0.4698005 0.0093581 0.8360074 0.8437075 0.1100950 0.7761891 0.5822001 0.6220901 0.6740568 0.8253499 -0.1620662 0.7605938 0.7087922 0.5285591 -0.0637375 0.5842885 0.3136645 0.4649951 0.6410634 -0.6217534 -0.2572135 0.8418877 0.8220266 0.6911433 0.8253934 0.3516516 0.1671443 0.6867035 0.9103955 0.6936105 -0.4428264 0.4115927 0.7384674 0.6152007 0.8472187 -0.1801662 0.8117166 0.6454205 0.5337874 0.0538987 -0.0419472 0.8495850 0.8189233 0.6565916 0.6641906 0.4368815 0.5854954 0.8923320 0.5734657 0.7178275 0.7218055 0.7779200 0.6710804 0.7380016 0.7748601 0.8406246 0.8609940 0.7721307 0.6910684 0.9184153 0.7439605 0.6362045 0.8823257 0.7750020 0.5314418 0.7276456 0.4600517 0.3509159 -0.2417005 0.2602417 0.3374679 -0.0673689 0.4966047 0.3025866 -0.1061621 0.4546625 0.5837223 0.4810268 0.3103226 0.2744784 0.0819781 0.5908891 0.4269758 -0.0113930 0.4736336 0.0044721 0.0931915 0.2330149 0.6501318 0.6070799 0.0146628 0.4154005 0.4409160 0.4981549 0.5134959 0.3849254 0.2756709 0.2086527 0.6930773 0.2240417 0.1458190 0.3415026 0.2346265 0.4259997 0.4650098 0.5255074 0.6141963 0.6256416 0.5538233 0.4185456 -0.2091136 0.5738084 0.5686295 0.6194454 0.3772605 0.7562632 0.6125897 0.6517907 0.1747500 0.5775546 0.4667256 0.2245617 0.2484529 0.4220385 0.7568754 0.4994790 0.6496581 0.3383144 0.5846541 0.4399032 0.5434121 0.1221622 0.2566871 0.3901959 0.4089477 0.5414879 0.5772065 0.7236486 0.4894030 0.3474488 0.5606083 0.3394835 0.4820630 0.4779887 0.1458832 0.3264795 0.5832598 0.2987954 0.6780733 0.2455390 0.3647240 0.4926063 0.3270697 0.5781702 0.5586350 0.5111728 0.6705831 0.4164111 0.6025197 0.3975785 0.3822273 0.4701226 0.5287456 0.6303543 0.6095795 0.5805180 0.6074608 0.3437484 0.5708999 0.6123078 0.2633676 0.4677925 0.6896103 0.4491256 0.6095991 0.4918019 0.3458397 0.4775813 0.4834048 0.3805077 0.4871651 0.5368564 0.7276818 0.5667367 0.3465850 0.4949022 0.5554426 0.2512151 0.2327430 0.2839855 0.1042583 0.1038645 0.4183794 0.3911385 0.1556643 0.2118520 0.4402590 -0.1933586 0.2700987 0.0652183 0.0599293 0.7233874 -0.1231324 0.2951275 -0.3185489
0.1949647 0.5332216 0.5681284 0.6228326 0.6559419 0.6166121 0.9384342 0.5295171 0.6770994 0.5329098 0.4857728 0.0000000 0.6172152 0.6902486 0.5980823 0.1697844 0.5423471 0.6086001 0.1875716 0.4344302 0.8239857 0.4957839 0.3700114 0.3034431 0.3735487 0.3522807 0.2855623 0.5354292 0.8504169 0.4948078 0.4127060 0.5634449 -0.0084932 0.4123522 0.5355976 0.5977651 0.4239170 0.4909875 0.2072534 0.0678300 0.4168295 0.6741319 0.5543062 0.1586623 0.6057753 0.6342061 0.5700431 0.4474538 0.5790697 0.5617203 0.5453594 0.4621799 0.5633438 -0.1022005 0.6104821 0.6532234 0.5443841 0.1142556 0.2268981 0.5287533 0.5426113 0.4724286 0.6628666 0.6782517 0.6226418 0.5132403 0.5047258 0.0520162 0.6003336 0.3969138 0.5556277 0.5503150 0.3846370 0.6403081 0.1424454 0.3038935 0.5880485 0.4329051 0.2054110 0.5507786 0.5385886 -0.0270308 0.4871955 0.5867270 0.1898838 0.8307263 0.5713700 -0.4491906 0.7315471 0.1747690 0.5280801 0.6014355 0.4786399 0.0444019 0.3008650 0.3926405 0.3717539 0.5583990 -0.3253203 0.2638187 -0.2506529 0.7524043 0.6562220 0.2169972 0.4141490 0.4227208 0.4295641 0.6706698 0.2804760 0.7277890 0.0223842 0.3755133 0.4920474 0.6104274 0.7029970 0.1661990 0.3463189 0.1535697 0.0625321 0.3825105 0.1372390 0.5655852 0.8010133 -0.5739852 -0.0222246 0.4919251 0.4086323 0.6397801 0.4419526 0.3390448 0.1761803 0.7315022 0.3780152 0.0422757 0.4214459 0.3069738 0.1330391 0.4652827 0.2283921 0.6316545 0.4681769 0.5610471 0.6887037 0.2531523 -0.3678240 0.3896283 0.1813996 0.4310576 0.8191645 0.6491294 0.4411997 0.2028850 0.2060819 0.7521644 0.1776580 0.1573167 0.5999647 -0.0660487 0.7790898 0.2830226 0.3517488 0.6370335 0.1594281 0.2140338 0.3562879 -0.0501823 0.4144023 0.7308718 0.3912261 0.2552407 0.5123409 0.4223830 -0.0037329 0.0298294 0.2235666 0.8384666 0.8411695 0.6585065 0.6236554 0.7150920 0.3978113 0.5366423 0.4344874 0.3370444 0.5666399 0.2430154 0.4580010 0.7449853 0.8181724 0.7987557 0.4040493 0.7558202 0.9010061 0.1994629 0.4692520 0.3063583 0.6948504 0.6956992 0.7331558 0.6528272 0.5559161 -0.0057920 0.6017548 0.4918487 0.6612495 0.8294901 0.2618561 0.3194224 0.4213571 0.6872450 0.3021015 0.5796292 0.6454249 0.6576788 0.6756356 0.3780345 0.2268576 -0.2196286
0.7405833 0.8467784 0.9257658 0.8444708 0.8246285 0.6936317 0.5646652 0.9446213 0.6298817 0.8215859 0.8573503 0.6172152 0.0000000 0.3251887 0.1676370 0.7935613 0.8064991 -0.0167692 0.7661044 0.8834144 0.4634121 0.8258428 0.7915368 -0.0959464 0.8415789 0.7210155 0.6947949 -0.0799822 0.5674394 0.3180495 0.7775113 0.6624998 -0.6084214 -0.2776291 0.6257931 0.6252711 0.6417318 0.7952169 0.1344128 -0.0557670 0.7062191 0.8444159 0.5327959 -0.4555246 0.2861625 0.5586405 0.4761963 0.7810080 -0.1102601 0.8786461 0.4320935 0.2593530 -0.0002064 -0.2602985 0.7661666 0.6861227 0.5185726 0.3836615 0.5484293 0.3842142 0.8753581 0.2206894 0.8584804 0.7047262 0.7786522 0.5682963 0.5935512 0.4535265 0.7309763 0.7393563 0.6993861 0.6405180 0.7216112 0.8996824 0.5608088 0.7573677 0.8027838 0.5757430 0.6939044 0.7712013 0.5314970 -0.0716774 0.3347431 0.3132600 0.3035036 0.5328946 0.2533957 0.0470051 0.5060592 0.6058825 0.4438318 0.2667490 0.3167516 0.0930727 0.7210456 0.2594455 0.0424353 0.6367530 0.2701803 0.2081622 0.2884236 0.6197057 0.5504484 0.0528244 0.2638646 0.3880817 0.4969220 0.5042154 0.3384538 0.3741778 0.2766670 0.5581559 0.3821956 0.2429605 0.4170599 0.1421619 0.3384550 0.5219466 0.4964463 0.4346740 0.4951527 0.4675242 0.5404089 -0.0117262 0.3930313 0.2857250 0.3539554 0.3526992 0.4766087 0.6141467 0.4151253 0.1814283 0.4133225 0.5110176 0.0542353 -0.0361144 0.0934464 0.4805221 0.2411862 0.4666420 0.1149374 0.2856904 0.3726124 0.2354185 -0.1854286 0.1495250 0.1036452 0.1977967 0.5753482 0.3557682 0.6242617 0.1557486 0.1113484 0.4983275 0.4485530 0.1831770 0.4971359 -0.1127091 0.3480753 0.4999233 0.3132646 0.5457214 -0.0258805 0.3543758 0.3369431 -0.0850953 0.4791719 0.5526244 0.5217270 0.5588152 0.2263452 0.4822324 0.6298974 0.6280489 0.7066516 0.7803433 0.5455909 0.5592024 0.3385921 0.4929393 0.3837189 0.6464964 0.6673658 0.3254055 0.6842977 0.7323744 0.6672688 0.8629052 0.7043789 0.4631413 0.3817999 0.6951672 0.5296900 0.6192878 0.3424764 0.6856516 0.6381277 0.7032065 0.7886315 0.3430013 0.4096400 0.3874825 0.4023095 0.3883896 0.3047239 0.5958259 0.2486767 0.4282494 0.4387305 0.7860419 0.0883226 0.7066747 0.3446133 0.3951394 0.7589904 0.1593770 0.4661928 -0.0078153
-0.0665663 0.2554909 0.2364097 0.3051903 0.2190565 0.3925490 0.6443043 0.3379439 0.5315338 0.6310914 0.4698005 0.6902486 0.3251887 0.0000000 0.5267196 0.1333940 0.6152608 0.6490999 0.2007144 0.0542755 0.8379604 0.1747858 0.3267172 0.2259152 0.1904704 0.1505161 0.1528570 0.6211299 0.7170959 0.4494149 -0.0259571 0.3538356 -0.0104470 0.3520335 0.6075343 0.6570509 0.2628751 0.4134619 0.3941180 0.3044650 0.2784133 0.5981637 0.6422047 0.0615892 0.6598053 0.6180641 0.5391532 0.3554917 0.2923209 0.3649233 0.5256676 0.6478614 0.4699732 0.2874596 0.5208978 0.6067739 0.4827391 0.2602566 0.0555611 0.4753668 0.3747528 0.7143862 0.2276366 0.5625568 0.3964711 0.4364892 0.2342107 0.3086390 0.4532341 0.4840058 0.3956349 0.3887072 0.4029684 0.3202521 0.0975840 0.3644449 0.4149474 0.1988670 0.1180780 0.0491474 0.0488555 -0.3675116 0.0430838 0.4528338 -0.3391962 0.6343218 0.4430749 -0.3119764 0.6229279 0.1809041 0.4756602 0.4601586 0.2219313 0.0470719 0.2357257 0.4615195 0.2282190 0.3194700 -0.4472807 0.0670057 -0.3443977 0.6800619 0.5101276 0.1865019 0.3239049 0.3410694 0.2046329 0.3344457 0.1101634 0.3668555 -0.3324774 0.2775969 0.0424872 0.3298937 0.3771683 0.1758648 0.3583603 -0.0478123 -0.0121303 0.3392808 0.1584993 0.5173657 0.4996507 -0.7779311 -0.1379148 0.6090370 0.6268507 0.4882266 0.4667886 0.1824115 0.3276146 0.6858905 0.6009684 -0.0951102 0.4701940 0.3261181 0.3206784 0.5206340 0.4441338 0.8164672 0.4934084 0.6671910 0.3567452 0.5323709 -0.2321840 0.0580206 0.2991398 0.3653847 0.5110506 0.5995229 0.4505888 0.4178023 0.1799576 0.5040575 0.0019656 0.5088288 0.3087731 -0.1589941 0.5474946 0.0837696 0.0533213 0.4217007 0.2294350 -0.0970301 0.1944219 0.3330020 0.2912941 0.5439466 0.1335059 -0.0241380 0.4654977 0.3307599 -0.3058202 -0.1267977 0.0211354 0.3973000 0.7157557 0.5736752 0.7049973 0.6644400 0.1268664 0.2594429 0.3825977 0.2616359 0.0966215 -0.0370261 -0.0515918 0.2617150 0.4256510 0.5389484 0.3570537 0.3902547 0.6048084 0.0700890 0.5127655 0.2587141 0.5889023 0.2048399 0.1914021 0.7043810 0.2498657 0.0013807 0.3401404 0.1317977 0.3004119 0.3336914 0.2575692 0.0351491 0.1349622 0.1953024 -0.0182518 0.0579981 0.2333953 0.2201283 0.6925875 0.0162090 -0.0869742 -0.4006562
0.1382266 -0.1686394 0.0496874 0.0474461 0.1442216 0.1577511 0.5444298 0.0652690 0.5199922 0.1530046 0.0093581 0.5980823 0.1676370 0.5267196 0.0000000 -0.0574807 0.2246107 0.7070310 0.0575298 0.1243762 0.3418274 0.1665993 0.0280948 0.6204764 0.0295723 0.0936286 0.1128365 0.8612432 0.5158249 0.3598252 0.3315444 0.1034964 0.4806106 0.5311481 0.1442360 0.0595147 0.1569735 0.0752362 0.0065735 0.1679730 0.1044771 0.2484715 0.2743613 0.3894652 0.3576877 0.1575060 0.2494381 -0.0486402 0.5747797 0.2702557 0.1948615 0.2764357 0.4232967 -0.0408177 0.0051660 0.0820980 0.2952196 -0.4244359 -0.2627313 0.2179845 0.0262385 0.1785422 -0.0143846 0.2164031 0.1979258 0.3075161 0.0950943 -0.3193605 -0.0826595 -0.0214407 0.1483123 0.0964401 -0.0592021 0.2353107 -0.2347745 -0.0415507 0.0993374 0.1469404 -0.1159214 0.3068875 0.2210919 0.0288978 0.0355365 0.0148554 -0.0372060 0.4301796 0.6141022 -0.1709045 0.4260711 -0.0094033 0.1191443 0.1846010 -0.1006020 -0.0852263 0.0182449 -0.1035247 0.0362802 0.0001437 -0.1259350 -0.1614964 -0.5649705 0.2762396 0.0555646 0.0052474 -0.1346934 -0.1857066 -0.0632248 -0.0512087 -0.0073700 0.2622874 -0.2890357 -0.2397455 -0.1343958 -0.0505983 0.0738593 -0.4365089 -0.3459296 -0.3768746 -0.5918863 -0.1780360 -0.3760007 -0.1263000 0.3537509 -0.4943563 -0.4276748 0.0395505 0.2042062 0.1374384 -0.0878479 0.0267816 0.0450042 0.4292442 0.2463638 -0.0536911 0.3589528 -0.1377766 0.0350794 -0.1156046 0.1452344 0.2428828 0.0171742 0.0874788 0.1503708 -0.0088846 -0.3281276 -0.2349956 -0.0098456 0.0845972 0.3717237 0.0763465 -0.0303488 -0.1155063 -0.1444030 0.1853487 -0.1836455 -0.0930584 -0.0610112 -0.2929817 0.3083506 -0.1678627 -0.1082222 0.0014494 -0.2627746 -0.3618780 -0.1438802 -0.3068014 -0.1412524 0.1736367 -0.3065845 -0.3850149 0.1302369 0.0222482 0.0751429 0.2003647 0.1623305 0.3059670 0.2845850 0.4095974 0.1359149 0.2445674 0.3278034 0.0156993 -0.0621215 -0.1718100 -0.0342996 -0.1211470 -0.1348075 0.3031107 0.4259210 0.4334237 -0.0003129 0.2844373 0.4996663 0.2338211 0.0336891 -0.0716889 0.3246108 0.4573123 0.3853204 0.1193144 0.5161800 0.0951223 0.5723825 0.5818894 0.5751210 0.5799753 -0.0884478 0.4931208 0.4136586 0.4733583 0.4951249 0.4310914 0.7474417 0.5560603 0.4838739 0.5747749 0.2245157 0.0889262
0.8081872 0.6614708 0.7773509 0.5209472 0.5915799 0.4179099 0.1925009 0.8660949 0.4840964 0.6825696 0.8360074 0.1697844 0.7935613 0.1333940 -0.0574807 0.0000000 0.8055754 -0.1942939 0.9190191 0.6423625 0.1683343 0.7598752 0.8818234 -0.1758844 0.8301866 0.7794995 0.7569879 -0.2303199 0.2030974 0.3670872 0.6146609 0.5878106 -0.6049331 -0.5597156 0.6526896 0.5209923 0.6468286 0.8255279 0.3379887 0.2748725 0.8229777 0.6324886 0.5222558 -0.3825003 -0.0800696 0.4591255 0.4395202 0.8657717 -0.3974836 0.8127632 0.4212812 0.3603899 -0.3773302 0.0627235 0.7233930 0.5870366 0.5115377 0.4896885 0.5031468 0.3468239 0.7124636 0.2573497 0.5840886 0.4196628 0.5382409 0.5865396 0.6328293 0.7234684 0.5380859 0.7103227 0.6535577 0.4261559 0.8432850 0.6190402 0.5597848 0.8154946 0.5746176 0.3862363 0.8069477 0.5039455 0.2246278 -0.0289097 0.1731952 0.1739494 0.0902853 0.2631913 0.1126815 0.2901371 0.3255940 0.7427430 0.3759430 0.0889961 0.1696579 0.0326452 0.7137063 0.1995051 -0.1902304 0.4039409 0.3693768 -0.0659607 0.4051971 0.4103088 0.3528360 -0.2220273 0.2101888 0.2354314 0.4289952 0.2286573 0.4470769 0.0315981 0.2944112 0.6377763 -0.0825090 -0.2287615 0.0829763 -0.0046379 0.2106715 0.5561083 0.4799913 0.5357750 0.6405760 0.3119558 0.2733408 0.0950566 0.6176401 0.3327844 0.3843195 0.2560438 0.5746205 0.4769861 0.4593843 -0.1187982 0.3446175 0.6934199 0.1453499 0.0042731 0.1619127 0.5355982 0.2242936 0.3216443 0.0227113 0.2621130 0.1460901 0.3942864 0.1212287 -0.0169543 0.0864371 0.0380333 0.1916838 0.2050705 0.5915752 0.3324217 0.0573351 0.2075993 0.2970153 0.4146759 0.2671970 -0.0380523 -0.0825689 0.4965154 0.0592411 0.3353939 0.1662028 0.3338925 0.1845927 0.2533128 0.4093478 0.2485827 0.4292322 0.5133108 0.0828641 0.4038500 0.6777111 0.7282516 0.7331112 0.3975277 0.2768584 0.4620074 0.2089036 0.2927922 0.1818558 0.3018707 0.4700658 0.0364693 0.3818917 0.7149108 0.4330372 0.4568323 0.1997237 -0.0738578 0.4950384 0.2651721 -0.0316011 0.7500366 0.4611855 0.7783362 0.3905244 0.2084294 0.3806117 0.2482065 0.1959772 0.5102640 0.1016339 0.0525775 -0.0200374 0.1530747 0.4448590 0.1821613 0.2563594 0.4617241 -0.1105060 0.3318923 -0.0099405 -0.0658008 0.5889191 -0.1926733 0.5032482 0.1192219
0.6169754 0.6398186 0.8096260 0.5485467 0.6421784 0.4493289 0.4914010 0.8082110 0.6714757 0.8176922 0.8437075 0.5423471 0.8064991 0.6152608 0.2246107 0.8055754 0.0000000 0.0817323 0.8238958 0.6271831 0.5835404 0.7886450 0.8825969 -0.1801694 0.8193398 0.7066508 0.7808124 0.0591426 0.4375484 0.6453900 0.5415978 0.7308587 -0.5761504 -0.3540021 0.8491971 0.6834920 0.7037769 0.9240458 0.5976492 0.4306973 0.8649210 0.7585542 0.8316987 -0.2711882 0.2064040 0.7443143 0.7348142 0.8928320 -0.2218093 0.8820178 0.6690562 0.6535192 -0.1765069 0.2242710 0.8482500 0.8407400 0.7291333 0.3708048 0.5052031 0.5696782 0.6711427 0.5199189 0.5780633 0.5075769 0.5330821 0.7525002 0.5920175 0.5874083 0.6474141 0.6894337 0.7342001 0.4239616 0.7744531 0.6064486 0.4603783 0.6960383 0.5694813 0.3193766 0.5844498 0.4196172 0.1444994 -0.0815437 0.2828387 0.4242977 0.0743061 0.6680328 0.3238294 0.2050892 0.7300030 0.7660089 0.6683777 0.4689528 0.4094282 -0.0133495 0.8196459 0.5136022 0.1986384 0.6651558 0.1728597 -0.0753041 0.2379672 0.8130403 0.6912735 -0.1263686 0.4653298 0.5082656 0.6308644 0.4632614 0.5610442 0.2268245 0.2123126 0.7215252 -0.0030197 0.0972978 0.3030167 0.1173471 0.4216720 0.4958041 0.4663794 0.6068526 0.5608463 0.5420201 0.6189623 -0.3659368 0.2527737 0.5767726 0.5445936 0.5648452 0.6259763 0.3946253 0.4107779 0.3253241 0.5759391 0.5154060 0.3192603 0.1045393 0.1417820 0.6600195 0.3422443 0.7077845 0.1516462 0.5103183 0.3029048 0.6316737 -0.2813903 -0.0249782 0.0474911 0.0668077 0.3424640 0.4432339 0.8286245 0.4351619 -0.0264186 0.4044247 0.1393741 0.6281519 0.4900508 -0.3222040 0.2533182 0.5431346 -0.0774300 0.4539866 0.2465380 0.3553176 0.0924549 0.2606507 0.3213677 0.3941386 0.3744671 0.4167923 0.1336998 0.3249586 0.3746457 0.5543659 0.6780317 0.6290518 0.6577217 0.7473268 0.5374654 0.6557749 0.1872754 0.4026160 0.5690129 0.2043324 0.3573529 0.4369867 0.3003179 0.4945830 0.3645541 0.1946604 0.6560340 0.4204086 0.3331792 0.6529910 0.6630907 0.8191998 0.7177244 0.3594157 0.4205678 0.6097510 0.4606501 0.5294970 0.3780065 0.2268367 0.2495547 0.3046054 0.4486511 0.2990347 0.4563138 0.5720574 0.0194983 0.3615329 0.2090691 0.2306377 0.8951283 -0.0071429 0.4109032 -0.0618761
-0.2587413 -0.0302606 -0.1125175 0.1042317 0.0588341 0.3127461 0.6121969 0.0648946 0.4354507 0.1366807 0.1100950 0.6086001 -0.0167692 0.6490999 0.7070310 -0.1942939 0.0817323 0.0000000 -0.1402994 -0.3025224 0.6148772 -0.0499114 -0.0938532 0.7225766 -0.1489936 -0.0023327 -0.2641124 0.8660679 0.7219641 0.2587914 -0.1139922 0.0734387 0.6349616 0.8499338 0.2334255 0.3160769 0.0353713 0.0312766 0.0627464 0.1540571 -0.0363014 0.2755450 0.2456159 0.5356985 0.5568351 0.3481823 0.2948625 -0.0327442 0.8245380 0.0671923 0.3358195 0.4096135 0.7911861 0.0348092 0.1748944 0.2406029 0.2879100 0.0299462 -0.4180938 0.3269180 0.0625065 0.5084103 0.0241781 0.3935522 0.3015002 0.2026801 0.2910949 0.0333056 0.1760066 0.1407730 0.2425660 0.3361562 0.1514080 0.1588030 -0.1273219 0.0724343 0.2391410 0.2770796 0.0180088 0.0981987 0.3236325 -0.2506217 0.0464571 0.3586226 -0.3304981 0.3968234 0.5362160 -0.7202797 0.2927649 -0.3155232 0.0549672 0.3004798 0.0395937 -0.0296651 -0.3847041 0.0977476 -0.0236045 -0.0859710 -0.7543218 -0.0206722 -0.8245564 0.2615141 0.1522915 0.1421004 0.0632864 -0.0578441 -0.1164359 0.1884679 -0.0819764 0.4771348 -0.4916782 -0.0926053 0.1010416 0.2070385 0.3112327 -0.0822834 -0.0391647 -0.3351339 -0.4966310 0.1296722 -0.1889082 0.2264435 0.2953556 -0.7177228 -0.0657449 0.4338312 0.4194005 0.3258965 0.3225596 0.0622215 0.1829810 0.6914882 0.1862364 -0.2973276 0.6330060 0.4586647 0.4096225 0.2535143 0.2800932 0.4345897 0.6080401 0.4838018 0.5538168 0.2473227 0.1255927 0.2624687 0.3600239 0.5195825 0.5692529 0.4720602 -0.0817642 0.3159162 0.2572203 0.4674110 -0.1859509 0.1615177 0.1289921 0.2614409 0.5251360 -0.2030439 0.2540738 0.2642614 0.2310894 -0.2990270 0.2819924 0.2376555 0.2782169 0.4626009 -0.0212081 -0.2239950 0.6272772 0.3804999 -0.4456120 -0.3971550 -0.3315673 0.1548211 0.4857810 0.3011783 0.5144317 0.3476223 0.1450307 -0.0490079 -0.1352283 -0.1085476 -0.0411576 -0.1145163 -0.1411351 0.1903385 0.4108864 0.5638011 0.1301196 0.3096930 0.5658100 -0.1436837 0.3066566 -0.1965037 0.1386303 0.1174970 0.2417437 0.4296569 0.2009380 -0.3048883 0.2413767 0.0761524 0.2904738 0.5058406 0.2555422 -0.0726195 0.0158992 0.1083518 0.0768880 0.0020817 0.3564317 0.1651152 0.2941752 0.1498817 -0.0677181 -0.3384224
