0.0000000 0.0077593 0.4835691 -0.4611151 0.4778237 -0.2584613 0.3023431 -0.3756704 -0.1055116 -0.4597528 -0.5378213 0.1718540 0.2312352 -0.2033549 0.2811009 -0.5927113 -0.5037377 0.0392348 -0.3801455 0.2101522 0.1018184 -0.1460479 -0.6301910 0.2432404 -0.3016531 -0.5249428 -0.3470187 0.1656434 0.0810748 -0.2650635 0.2594651 0.1284065 0.2216792 -0.2074401 -0.4472922 0.4139762 -0.4470411 -0.0747670 -0.4480000 0.0087598 0.4902900 0.2024031 -0.5030585 0.0956597 -0.0306490 -0.0904852 -0.3674275 0.2243286 -0.2058307 0.1847435 -0.4010316 -0.5347478 -0.2444940 -0.1620784 0.0584749 0.1460057 -0.2247674 -0.2011472 0.1553713 -0.3093670 0.2734488 -0.3436352 0.2729443 -0.2651480 0.2109953 -0.0359555 -0.3245402 -0.3300447 0.2228782 -0.3441728 -0.1872992 -0.3851125 -0.2639760 0.1897790 -0.1902921 -0.1251241 -0.1829496 0.0167503 -0.0529942 -0.2537295 0.0972772 0.6983978 0.3404697 0.2889937 0.3844247 0.3850961 0.3997252 0.5011177 0.3289746 0.4889197 0.2127296 -0.0107714 0.1868766 0.4879757 0.5697914 0.6314976 -0.0275304 0.3781895 0.7228413 0.2344122 0.5393122 0.3367753 -0.0065366 0.3822985 0.2210746 0.7449367 -0.1997305 -0.3648580 -0.0094670 -0.2336761 0.5273569 -0.0985707 -0.2982981 -0.2269974 -0.0042216 -0.3341303 -0.2928271 -0.2176001 -0.2464023 -0.2294942 -0.5333122 -0.4217875 0.3094434 -0.3024562 -0.3363102 0.0169667 -0.5720014 0.3267791 -0.0080605 -0.3846758 -0.1985222 0.3471759 0.0378196 -0.2009859 0.6512848 0.4222035 -0.1163609 0.0452235 0.2078709 0.4076431 0.5882505 0.3185943 0.8488666 0.2578070 0.1618839 0.2529411 0.3333265 0.5088190 0.4763095 0.7656180 0.4356773 0.3089877 0.1724427 0.3664848 0.3732939 0.3247718 0.6084744 0.3338085 0.6127488 0.5558286 0.1472626 0.3295498 0.4290745 0.2800685 0.1466593 0.4085029 0.2806871 0.0687903 -0.0057819 0.3249440 0.3084599 -0.0556693 -0.1478114 -0.2127071 0.1994434 0.2707423 0.2846365 0.0733840 0.3093230 0.5200675 0.3533989 0.3633741 0.2517567 0.2812292 -0.0374359 0.3419459 0.3986666 0.6246636 0.0281134 -0.0226411 0.1458043 -0.0490249 0.1137778 0.2795887 0.1069790 0.1960961 0.1324447 -0.0803566 -0.1531328 0.1285914 0.4832862 0.2573229 0.4712353 0.3179543 0.5070770 0.3440441 0.0407003 0.0534173 0.1405864 -0.0010573 0.4817654 0.3913494 0.3982981 0.0185267 -0.1648058 0.2107715 0.0654661 0.3809796
0.0077593 0.0000000 0.6470191 0.6678145 0.6277599 0.6097874 0.5955970 0.4657300 0.2956566 0.4112611 0.2739344 0.7091020 0.6494777 0.1728032 0.0715321 -0.0063224 0.1620025 0.0187533 -0.0682794 0.6951983 0.7564102 0.4077505 0.1632372 0.0213791 0.0272033 -0.0276756 -0.0029316 0.1020148 0.2750382 -0.2510264 0.5702000 -0.0576677 0.1682262 0.3295282 -0.0386834 0.5359173 -0.1152512 0.4306394 0.2458019 -0.2414640 0.5466673 0.5982131 0.2439097 -0.1858610 0.6881729 -0.0095319 -0.1525577 0.2527984 0.2729619 0.0998675 -0.0590792 0.0439542 0.6435113 -0.0783017 0.5417438 0.2141809 -0.1685674 0.0941013 0.6818732 -0.0707349 0.6130687 -0.1507292 0.8277602 0.4354089 0.5680087 0.1794682 -0.3046381 -0.0602439 0.4430136 0.2352383 -0.0447663 0.4618873 -0.0783769 0.5651607 0.3427560 0.4710185 0.6480411 0.3668622 0.5941844 0.0899881 0.4195778 0.0790870 0.0706828 -0.1581571 -0.2204654 -0.0388152 0.2789299 -0.1667240 0.0188773 -0.1793312 0.1181228 0.3008438 0.4127599 -0.1278663 0.0021840 0.0899819 0.2495672 0.5595552 0.0423798 -0.1423969 -0.2416649 0.2615547 0.2090152 0.0911597 0.0228289 -0.1073626 0.1401026 -0.0261978 0.1957621 0.2155002 0.0004999 0.2097613 -0.3257663 -0.1078577 0.1715879 -0.1038938 0.0126270 0.2762972 -0.1038651 0.5207756 0.0231776 -0.0870616 0.0979873 -0.2594910 0.1586725 0.3580857 -0.0950658 -0.1654430 0.2536721 -0.3418458 -0.3413908 0.1796035 -0.2051023 0.2327332 0.2865740 -0.3175294 -0.2569172 0.1933612 0.0088193 0.3107314 -0.0220869 0.1689419 0.2552935 -0.2617661 0.0469575 -0.8749545 0.0700500 -0.2329724 0.5512308 0.0945686 -0.0652244 -0.2548688 -0.0880427 -0.4985439 -0.3110224 -0.4004834 0.5908364 -0.6642882 0.5807089 -0.0004622 -0.8605638 -0.1608286 -0.0500496 0.3567729 -0.8157985 -0.4428123 -0.3041224 0.5094551 0.6789764 0.2813766 -0.4226639 0.4479286 0.5298496 0.5166988 0.8384378 0.7528093 0.6350958 -0.5877386 0.5593124 0.4714849 0.5358720 0.5548368 0.5886218 0.5019203 0.7341199 0.5256077 0.6732365 0.4204968 0.7202995 0.7711831 0.5024123 0.4753160 0.4072184 0.4328960 0.5127858 0.5167931 -0.1339226 0.3731585 0.2748565 0.2841335 0.4327183 0.0604837 -0.0861033 -0.0596726 0.5629226 0.2625955 0.6877434 0.7976210 0.1409700 0.0308998 -0.2453820 0.3332906 0.2961113 0.3736089 0.7743799 0.5378256 -0.0056803 0.2305937
0.4835691 0.6470191 0.0000000 0.1708898 0.8217238 0.1882919 0.6991618 0.1352173 -0.0030844 -0.0799274 -0.2022119 0.6532912 0.6912785 -0.0095025 -0.0507949 -0.5323261 -0.4494162 -0.1346857 -0.4251128 0.5864949 0.7659943 0.0238715 -0.3041016 -0.0553407 -0.3392784 -0.2982073 -0.4323017 0.0367439 0.0990097 -0.4228829 0.4779895 0.1350856 0.1238812 0.0029577 -0.2357648 0.7091482 -0.2438360 0.1233381 -0.1473732 -0.3723049 0.6137410 0.5900143 -0.0734781 -0.2329515 0.5942184 -0.0192297 -0.2908550 0.0702380 -0.0066490 0.0267878 -0.2931553 -0.3667502 0.4416575 -0.3395208 0.3487675 0.2714152 -0.1952392 -0.1398339 0.7489051 -0.2914218 0.8134324 -0.4060235 0.7791423 0.3405597 0.8134103 0.2344198 -0.5051027 -0.2884246 0.5336738 0.0333979 -0.2200117 0.1937494 -0.3715321 0.7179875 0.1221945 0.2778355 0.4342732 0.1161208 0.3226968 -0.0817668 0.2237131 0.4023174 -0.1451669 -0.3071007 -0.3284001 0.0332916 0.3349882 -0.2128885 -0.0551484 -0.2288769 0.2525498 0.4291919 0.4560543 -0.0119311 0.2213985 0.4545765 0.2927735 0.4941535 0.3138090 0.2095785 -0.0207889 0.3321125 0.0735229 0.2970281 0.1986939 0.3048477 -0.1135449 -0.3797069 0.1077397 -0.0748395 0.2763776 -0.0488694 -0.4381027 -0.2211645 0.0165051 -0.3310401 -0.1503674 0.0139547 -0.2771643 0.1625971 -0.3236904 -0.2743311 0.3454921 -0.5648194 -0.2957826 0.1794030 -0.2954639 0.0437639 0.0408458 -0.5908998 -0.4764765 0.0590374 -0.1835811 -0.1512237 0.4085141 -0.0100624 -0.4143001 0.2456603 0.1649749 0.3231369 0.1099448 0.2533280 0.4362304 -0.1893825 0.0797269 -0.4421936 0.4299000 0.2344327 0.4809391 0.2656741 0.1773053 0.2290477 0.2357374 -0.1492638 -0.0413056 0.0201423 0.6690558 -0.1182793 0.7203759 0.3438246 -0.6157543 0.2621412 0.2675856 0.3993043 -0.4128379 0.0628729 -0.0941693 0.1934180 0.3996278 0.5119329 0.0224939 0.2160209 0.1210459 0.1908526 0.6424215 0.7795986 0.8131724 -0.5544819 0.7605076 0.7692262 0.8148202 0.8271124 0.7753779 0.7617033 0.6735756 0.8315661 0.8968090 0.7989221 0.5868833 0.6087158 0.5968834 0.3399919 0.2596110 0.6469697 0.4522259 0.5889369 -0.1278146 0.1902160 -0.0461147 0.2884316 0.7344429 0.1138867 0.2713647 0.2320420 0.8561243 0.3502054 0.5940795 0.7320166 0.1118628 -0.1881658 -0.1602887 0.4673253 0.5866391 0.3972822 0.5946028 0.5926742 -0.3167654 0.4605355
-0.4611151 0.6678145 0.1708898 0.0000000 0.3070629 0.8823640 0.1948970 0.9046252 0.4521981 0.8390880 0.8384383 0.4619115 0.6153928 0.3431496 0.0518897 0.6067475 0.6948472 0.0720824 0.5521326 0.4557465 0.4663918 0.5949834 0.7774310 -0.1159010 0.5264191 0.5504236 0.4609595 -0.1395296 0.1862827 0.2641944 0.4583343 0.0946943 -0.0528402 0.5865475 0.5741755 0.0193602 0.4317522 0.5914729 0.7465291 0.2026114 0.2887699 0.3244874 0.6811079 0.0090047 0.6523401 0.3848012 0.4399810 0.2969142 0.6451155 0.2656857 0.5193948 0.6034695 0.8046802 0.4199976 0.5119731 0.3733818 0.3676861 0.5523746 0.3355725 0.4609657 0.2624067 0.4068805 0.5026277 0.7064884 0.3404364 0.4866902 0.2765980 0.4868108 0.3568792 0.6443215 0.4276395 0.7823722 0.4349073 0.3594768 0.6322850 0.6616715 0.6694428 0.5374187 0.6607523 0.3188577 0.4311947 -0.2203568 -0.1479727 -0.2316374 -0.2974910 -0.3296033 -0.2922189 -0.1341372 -0.2958229 -0.4003166 -0.3566657 -0.0456022 -0.0587689 -0.1865766 -0.5474407 -0.3563450 -0.0505637 0.1088625 -0.4840706 -0.1289038 -0.4538681 -0.0715738 -0.0225401 0.0241597 -0.3076193 -0.6012859 0.0637396 0.0869334 -0.0018169 0.1274512 -0.5764616 0.0991823 -0.1204439 -0.0797882 -0.0003900 -0.0090247 0.0189556 0.1309019 0.0006716 0.3782790 0.2084042 0.0141184 -0.1263638 0.1225669 0.2343697 0.3122086 0.3466948 -0.3982119 0.2505818 0.2131807 0.0588457 0.0056384 0.1591795 0.5169648 -0.2154550 -0.4273042 0.0937872 0.1397049 0.0815657 -0.1190407 -0.3984588 -0.1302914 -0.2062088 -0.0475660 -0.0199713 -0.6501926 -0.1233220 -0.5425363 0.0580232 -0.4638063 -0.5448241 -0.3025094 -0.1878865 -0.6936465 -0.3488980 -0.3168600 0.0622741 -0.6190015 0.1748403 -0.4891788 -0.6873705 -0.4237488 -0.2973577 -0.1113497 -0.6210002 -0.4940852 -0.3069292 0.3399647 0.3189560 -0.0815131 -0.4025027 0.1235519 0.5080544 0.3111763 0.3480437 0.2528579 0.1385925 -0.5219986 0.0336002 -0.2198730 -0.0148132 -0.0086418 0.1611896 0.0572149 0.4600091 0.0751965 0.1863540 -0.2057236 0.5115375 0.6244422 0.1979897 0.3374682 0.1743239 -0.0071989 0.2630785 0.1922744 0.0392073 0.3737258 0.4818885 0.2864494 0.2947866 0.1323837 -0.1917145 -0.1705379 0.1143413 0.0183446 0.4810655 0.6686425 0.1966410 0.1971312 -0.4178297 -0.0262129 0.0516118 0.3285213 0.7067571 0.2992494 -0.0850324 -0.0608188
0.4778237 0.6277599 0.8217238 0.3070629 0.0000000 0.1792854 0.4589825 0.3854446 -0.0753427 -0.0185244 -0.0331258 0.5350462 0.8218626 -0.2078332 0.0085706 -0.3066445 -0.3037126 -0.0364147 -0.2081477 0.6616022 0.6560574 0.2862336 -0.1195168 -0.0700948 -0.0490731 -0.2134919 -0.4118094 0.0362484 0.2567904 -0.3732963 0.5238088 0.0399530 -0.0033949 -0.0684792 -0.1386836 0.5400006 -0.1568652 0.5020780 -0.0679519 -0.1067430 0.7124152 0.4956886 -0.0197768 -0.2128087 0.5800875 0.0678713 -0.1510371 0.4325781 -0.0356993 0.2447370 -0.2010045 -0.3176437 0.2901885 -0.2667424 0.5851128 0.3393593 -0.0672028 -0.1626500 0.5086169 -0.2153779 0.6392404 -0.3665546 0.8022260 0.1805502 0.5881514 0.3545928 -0.3750957 -0.2530038 0.6305736 0.0173479 -0.1340413 0.0946646 -0.2443198 0.4544878 0.1813047 0.2905838 0.2759894 0.2235922 0.3030359 -0.1996680 0.2191736 0.3483182 -0.0681410 -0.2643423 -0.2312861 -0.1867745 0.2137278 -0.1236302 -0.1019653 -0.1939108 0.1272393 0.3588208 0.3116816 0.0407833 0.2992682 0.3710720 0.1830882 0.5674205 0.2213199 -0.0814119 -0.1453985 0.2556528 -0.1509963 0.2243709 -0.0024529 0.2173848 -0.2299744 -0.4469498 -0.0031467 -0.3024460 -0.0068021 -0.0202492 -0.6718107 -0.5191402 -0.2787864 -0.5733139 -0.4567531 -0.2625652 -0.5460879 -0.0026336 -0.5735781 -0.5795192 0.2080296 -0.5685807 -0.4181869 0.1944396 -0.2503963 -0.1394502 0.0722778 -0.6101232 -0.5195701 0.0428063 -0.1955084 -0.0347161 0.4232712 -0.1489114 -0.3840836 0.2966071 0.1591690 0.4041511 0.0119555 0.2986710 0.4827665 0.1366156 0.1293296 -0.4309274 0.3488990 0.0775772 0.3269578 0.1912681 -0.0858378 0.2054707 0.1407806 -0.2948748 -0.1615744 0.0300308 0.7195266 -0.1944232 0.6819015 0.2537084 -0.6951427 0.0505791 0.2402667 0.4148019 -0.4898269 -0.0568329 -0.1525971 0.2021037 0.3753700 0.3718387 -0.1737348 0.0613132 0.0888360 -0.0244301 0.3955932 0.4854478 0.6016423 -0.4698437 0.6059397 0.5713518 0.6352866 0.5474972 0.5192039 0.4045636 0.5105644 0.6081758 0.6270994 0.6914176 0.3410260 0.3767328 0.6018313 0.1033498 0.0122012 0.5149487 0.5068494 0.6052590 0.0213533 -0.0040238 0.0099301 0.3742207 0.6693545 0.2468182 0.1975167 0.2141603 0.7498577 0.1752100 0.4678823 0.7062885 0.0893086 -0.1526139 -0.1581242 0.6011357 0.4933164 0.2603420 0.5553454 0.5780449 -0.2755644 0.4310158
-0.2584613 0.6097874 0.1882919 0.8823640 0.1792854 0.0000000 0.3568271 0.7083378 0.6579614 0.8459520 0.7436211 0.5732576 0.5096930 0.5232708 0.3036298 0.5000920 0.7051594 0.2317644 0.4969229 0.3092198 0.4459516 0.4216230 0.6281712 0.1386396 0.4095420 0.4206402 0.4837152 -0.0035959 0.2428608 0.3548968 0.4508717 0.1467036 0.2159744 0.7600545 0.4503427 0.1211385 0.2573343 0.3364808 0.6622593 0.2083231 0.2877409 0.3716470 0.5369223 0.2143638 0.6369053 0.3397681 0.3309619 0.1694030 0.7622334 0.1875295 0.4436824 0.5623093 0.8745161 0.4932543 0.3311536 0.3598469 0.2656742 0.6660440 0.3943857 0.4209798 0.3182055 0.4543446 0.4597842 0.7407472 0.4242433 0.3570753 0.2398852 0.4987598 0.3331894 0.6330401 0.4600015 0.8000579 0.4300780 0.4927096 0.6294304 0.6586760 0.7694158 0.5516293 0.7009920 0.5016342 0.5441321 0.0295211 0.0689411 0.0279558 -0.0625499 0.0154321 -0.1378617 0.1419635 -0.0540830 -0.1418835 -0.3464641 -0.1644863 -0.0139548 0.0737188 -0.5854388 -0.3271027 -0.1282762 0.0756907 -0.2779780 0.2199163 -0.1315746 0.0412369 0.1851125 0.2696271 -0.1802239 -0.4789465 0.1413349 0.1298377 0.0571124 0.2501623 -0.3911173 0.1160567 0.0029797 0.0751822 0.1866491 0.1175490 0.1521840 0.1998891 0.1632143 0.3284640 0.2373182 0.0782913 -0.1050735 0.2135289 0.2504655 0.2375355 0.1352006 -0.3133391 0.2328677 0.2907603 0.1561359 0.1030437 0.2806311 0.5479618 -0.2034094 -0.2589050 0.1447869 0.0264492 0.1123552 -0.1895740 -0.1661393 -0.2182101 -0.0535251 -0.1059573 -0.0822370 -0.5374260 -0.1242211 -0.4371969 0.2119991 -0.2481700 -0.3416718 -0.2839863 -0.1953943 -0.5511692 -0.0658020 -0.2396757 0.0614168 -0.4865315 0.2722163 -0.4256958 -0.4451951 -0.3307159 -0.2973932 -0.1936098 -0.4701600 -0.3072615 -0.1825839 0.3342741 0.2655458 -0.0434008 -0.2518197 0.1528728 0.5244593 0.4072397 0.4733738 0.4077871 0.1902382 -0.3840837 0.0436664 -0.1350818 0.0181580 0.1249433 0.2495923 0.2431169 0.4682767 0.1401929 0.3097298 -0.1901933 0.6835090 0.7733490 0.0724559 0.5699416 0.4700449 -0.0504385 0.1059906 0.0654656 0.0663523 0.6005651 0.5846337 0.1834192 0.4676011 0.0537171 0.0339470 -0.0397589 0.1798241 0.3044906 0.3858854 0.5839293 0.4537007 0.3812742 -0.1662991 -0.0746447 0.1934934 0.5027922 0.6112929 0.2319305 0.1442500 0.1040665
0.3023431 0.5955970 0.6991618 0.1948970 0.4589825 0.3568271 0.0000000 0.0551434 0.5452141 0.2511634 -0.2630269 0.8982510 0.3814101 0.5407875 0.4285894 -0.5597115 -0.1432286 0.4124510 -0.3785486 0.2097867 0.7442146 -0.1492001 -0.1691239 0.4877649 -0.2905336 -0.2745762 -0.2717506 0.5187211 0.3770119 0.0001643 0.2503602 0.0171701 0.6248682 0.3266234 -0.2291671 0.6261472 -0.3612721 -0.1158077 -0.0158763 -0.5492116 0.3233947 0.5516991 0.0270497 0.2141772 0.5532434 -0.0486071 -0.2759247 -0.2197038 0.1534782 -0.0853039 -0.2079162 -0.1488440 0.5550997 -0.2466563 0.1134257 0.1914993 -0.2518900 0.1561742 0.6048096 -0.1614443 0.6968592 -0.0737764 0.6096986 0.3852618 0.7405592 0.0137994 -0.3067133 -0.0855397 0.4955112 0.1656060 -0.0978432 0.2047696 -0.1407721 0.6570062 0.2754845 0.3891265 0.5133008 0.1936288 0.3516042 0.0223711 0.2332095 0.3424260 0.1540987 0.0018791 -0.0430368 0.3622355 0.4773140 -0.0172229 0.3032622 -0.0080512 0.1536503 0.4969856 0.4729258 0.2076323 -0.0048752 0.0963067 0.4969394 0.5338224 0.3173721 0.4588183 0.2088858 0.5314755 0.4614420 0.5552753 0.3408742 0.0194638 0.1410624 -0.2893299 0.3611886 0.0413227 0.3052963 0.1452128 -0.4407295 -0.2125045 -0.0218727 -0.2912767 -0.1765901 -0.1209212 -0.2886833 0.2793254 -0.2978357 -0.2804173 0.2583880 -0.5038415 -0.1589851 0.2983164 -0.3283243 -0.0784622 0.2374881 -0.5188149 -0.3812256 -0.0209779 -0.1613646 -0.1286936 0.1909404 -0.0103978 -0.3910632 0.3445086 0.1110184 0.3502239 0.2351073 0.2538350 0.3873194 -0.1288447 0.0726602 -0.4883217 0.3278125 0.1086218 0.4408891 0.3659507 0.3434771 0.2397067 0.2734337 -0.0699349 0.2024609 -0.0248828 0.5894578 -0.0966576 0.5860909 0.3124398 -0.3967980 0.3567420 0.2919245 0.5422681 -0.2103534 0.0430863 0.0983069 0.3518314 0.7216693 0.6617648 -0.0270543 0.4765906 0.1555004 0.3455996 0.7825180 0.9010354 0.8775566 -0.4729751 0.7360752 0.6671595 0.6262494 0.7849377 0.6335961 0.7319067 0.5448668 0.7310557 0.7524118 0.4419198 0.6442808 0.7244446 0.6576185 0.6364062 0.6247558 0.7077949 0.5883137 0.6582362 0.0230737 0.4869839 0.0322718 0.3058670 0.6261729 -0.3069817 0.2419490 0.0706117 0.6456418 0.4235848 0.5501903 0.5521544 0.2592997 -0.1673838 -0.0306978 0.2981997 0.4942821 0.4241769 0.5958687 0.2422470 -0.0607777 0.5717892
-0.3756704 0.4657300 0.1352173 0.9046252 0.3854446 0.7083378 0.0551434 0.0000000 0.3009430 0.7499657 0.8182464 0.3318428 0.6979173 0.1991151 -0.0358649 0.6242118 0.6360194 -0.0158229 0.6640141 0.4612060 0.3773641 0.6578474 0.8047709 -0.2507602 0.6457035 0.6513129 0.4695445 -0.2742697 0.0741754 0.3185653 0.4376369 0.1686756 -0.2554320 0.4146076 0.6999820 -0.0945764 0.5948798 0.7046679 0.7708585 0.3434013 0.3135672 0.2370710 0.6957085 0.0044015 0.5731766 0.5276599 0.5980654 0.4090332 0.5627927 0.3848564 0.6300151 0.5668230 0.6606472 0.4595101 0.5414433 0.4633553 0.5619146 0.5525910 0.2240193 0.5643966 0.1899566 0.4321865 0.4018052 0.6509258 0.2833203 0.6298773 0.4022576 0.5407314 0.3822985 0.6309123 0.4645590 0.6738338 0.4995048 0.2446057 0.5924133 0.6152043 0.4390411 0.5047411 0.5204281 0.1134386 0.2938118 -0.2302684 -0.2982175 -0.3439721 -0.3770418 -0.5035812 -0.4627028 -0.1356770 -0.4326968 -0.4844137 -0.4520963 -0.0730310 -0.2453419 -0.1546361 -0.4839448 -0.2608004 -0.0974868 0.0009653 -0.4677721 -0.1784361 -0.4994937 -0.1732540 -0.2522803 0.0183627 -0.4480989 -0.5766449 -0.1150830 -0.0909992 -0.1497738 -0.0687251 -0.7021484 -0.0577795 -0.2180962 -0.2538102 -0.2639013 -0.2049124 -0.2086490 -0.1607899 -0.2028480 0.1469038 0.0009987 -0.1758531 -0.0875902 0.0460007 -0.0179351 0.2382930 0.3855318 -0.3466720 0.1212179 0.1786515 -0.0013296 -0.0014835 0.1623812 0.3964917 -0.2321522 -0.3852252 0.0750357 0.1616332 0.1068329 -0.1211664 -0.4615740 -0.1053284 -0.1731576 0.1938497 0.0067845 -0.4303101 -0.0766921 -0.5046064 -0.0846029 -0.5406397 -0.6164308 -0.1282462 -0.1573866 -0.5971145 -0.4008718 -0.0918447 0.0548981 -0.5028384 0.1412598 -0.4347603 -0.6200569 -0.4098300 -0.1557681 -0.1440311 -0.4607247 -0.4028808 -0.1786355 0.2755912 0.1792157 -0.1054406 -0.2811194 -0.0195106 0.2747252 -0.0312580 0.0760493 0.0332243 0.0256045 -0.5639288 -0.0413275 -0.3318355 -0.0931406 -0.1436496 0.0513957 -0.1119977 0.3174730 0.0301497 0.0732858 -0.2333428 0.2516440 0.3840368 0.2199003 0.0497418 -0.1301929 0.0289487 0.3034616 0.2358507 0.0962220 0.1213694 0.3340388 0.3310456 0.2795411 0.2754803 -0.0952136 -0.0962092 0.0645305 -0.1437898 0.4246374 0.6452515 0.0956695 0.0853399 -0.4139474 -0.0319831 0.0399413 0.1863069 0.6538616 0.3089429 -0.2659909 -0.1091974
-0.1055116 0.2956566 -0.0030844 0.4521981 -0.0753427 0.6579614 0.5452141 0.3009430 0.0000000 0.7975106 0.2375415 0.6505942 0.0684110 0.8550670 0.8145232 0.1160303 0.5834488 0.7261120 0.2138591 -0.1751345 0.3396023 -0.0976527 0.4180639 0.7131541 0.1306213 0.2025331 0.3874960 0.5665144 0.5773414 0.6035713 -0.0406313 0.1348211 0.7142391 0.8280619 0.2680141 0.1291394 0.0046474 -0.1208594 0.4829691 0.0862050 -0.1180616 0.3087735 0.3945478 0.7301169 0.4103177 0.1064747 0.1493705 -0.2159656 0.6906909 0.0294728 0.2727503 0.5468892 0.5996265 0.4692240 -0.0005679 0.1792291 0.0741999 0.6887069 0.1904361 0.2836341 0.1701547 0.5928116 0.2200198 0.4361148 0.2667822 0.0723890 0.2421409 0.4587879 0.1880983 0.4261902 0.3070475 0.3553245 0.4318710 0.2311970 0.4620510 0.4793343 0.4215164 0.3466281 0.3920628 0.3854265 0.2268195 0.1969387 0.4348937 0.3502708 0.2593921 0.2795852 0.0691158 0.4278304 0.3254804 0.2145345 -0.1394320 -0.0708912 -0.0770563 0.4495009 -0.3241320 -0.2676506 0.0580570 0.0944884 0.0022790 0.3649538 0.1970351 0.2084814 0.3678787 0.4079244 0.0391473 -0.2783862 0.2269591 0.1264370 0.2311062 0.1593610 -0.1483617 0.2115742 0.0074093 0.0621235 0.0602898 0.0648209 0.0533619 -0.0173579 0.0447719 0.2064439 0.0533855 0.0243304 -0.1940576 0.0645095 0.1566755 0.1521914 -0.0242951 -0.3377429 0.1927361 0.2425230 0.0481702 -0.0560316 0.1715365 0.3291861 -0.2410256 -0.2234484 0.0397698 0.0630913 -0.0763056 -0.0327780 -0.0791956 -0.0741196 0.1769750 -0.0746750 -0.1439223 -0.3785629 -0.2044702 -0.4359077 0.1800345 0.0746775 0.0284354 -0.1901466 -0.0521576 -0.3340797 0.1395559 -0.3453992 0.0852863 -0.3086597 0.1689508 -0.2248477 -0.0528507 0.0872406 -0.2441021 0.1017799 -0.0661682 -0.3206818 -0.1106054 0.2818166 0.4427435 0.2168317 -0.2315263 0.3084655 0.1963054 0.2253535 0.3887870 0.3718459 0.2456078 -0.2549366 0.1190639 0.0197011 -0.0047524 0.1260154 0.1398407 0.1551681 0.1433551 0.0841135 0.1468882 -0.2237086 0.4102965 0.5361883 0.1153826 0.6421977 0.5611873 0.1010916 0.2169186 0.1493502 0.0769980 0.4801205 0.2676948 0.0542429 0.2569096 -0.2147945 -0.0106707 -0.0551548 0.0911675 0.2092441 0.2326452 0.2519649 0.2252947 0.1110292 -0.0069612 -0.1316300 0.0908169 0.1440678 0.2581772 -0.1548371 0.2323163 0.2499569
-0.4597528 0.4112611 -0.0799274 0.8390880 -0.0185244 0.8459520 0.2511634 0.7499657 0.7975106 0.0000000 0.7261741 0.4891280 0.3156713 0.6783686 0.4179043 0.5684661 0.8513278 0.3805672 0.5881414 0.1038972 0.3454188 0.3394328 0.8367912 0.2313257 0.4968231 0.5944026 0.6578170 0.1240321 0.3345508 0.6183519 0.1803715 0.1734445 0.2337433 0.8004069 0.6569445 -0.0773179 0.4247437 0.2869218 0.8323393 0.3070519 -0.0215619 0.2654150 0.7383696 0.4415928 0.5237180 0.3766213 0.5076652 0.0264966 0.8049893 0.2371797 0.6219309 0.8063409 0.7508954 0.6476345 0.2523863 0.3277199 0.4116790 0.8038623 0.1963812 0.5900209 0.1085068 0.7214089 0.2504115 0.6718565 0.2252722 0.3996333 0.4830957 0.6915705 0.2086235 0.6888032 0.5264758 0.6576067 0.6458677 0.2166477 0.6554348 0.6542719 0.5191000 0.5053094 0.5602934 0.3445582 0.2864797 -0.1691587 0.0889245 0.0305671 -0.0610905 -0.1419153 -0.3304592 0.1676746 -0.0946844 -0.1604164 -0.4070085 -0.1880965 -0.2410431 0.1082744 -0.5856100 -0.4418054 -0.0968642 -0.0526154 -0.3923687 0.0408541 -0.2431898 -0.0682208 0.0798380 0.1170069 -0.2992177 -0.5968739 0.1154620 0.1475154 0.0470322 0.1430625 -0.5221582 0.1096646 0.0104515 -0.0081719 -0.0289188 0.0486732 0.0302058 0.0414026 0.0441289 0.3444352 0.2305274 0.0772031 -0.2251367 0.1947705 0.2961856 0.2798481 0.3318440 -0.4110480 0.2736035 0.4199667 0.1894317 -0.0518112 0.2642562 0.4997116 -0.3354786 -0.3741382 0.2053715 0.1099235 0.0047621 -0.1464445 -0.3785771 -0.1399261 -0.1600618 -0.0197249 -0.0661445 -0.4950145 -0.2432199 -0.6176134 -0.0093261 -0.3633235 -0.3845669 -0.2745865 -0.1489599 -0.5810234 -0.2111176 -0.3492896 -0.0719234 -0.5014854 0.0431824 -0.4786050 -0.3574228 -0.2371383 -0.3236296 -0.1076490 -0.3280446 -0.4840424 -0.2144690 0.3026980 0.3104851 -0.0246045 -0.3561345 0.1443599 0.3916585 0.2137603 0.2557412 0.1478887 0.0336649 -0.4498065 -0.0789740 -0.3266708 -0.2116112 -0.1448026 0.0394575 -0.0564369 0.2278843 -0.0577417 0.0208038 -0.4194549 0.3679398 0.5142311 0.0945422 0.3910063 0.2440320 -0.0576771 0.2400883 0.1124790 0.0632312 0.3846137 0.3728839 0.1984901 0.1553852 0.0020034 -0.2225251 -0.2226667 -0.0585275 0.0009513 0.3617581 0.4537452 0.1483662 0.1567776 -0.2900808 -0.2042780 -0.0338435 0.1552672 0.4883963 0.0551741 0.0277146 -0.0717838
-0.5378213 0.2739344 -0.2022119 0.8384383 -0.0331258 0.7436211 -0.2630269 0.8182464 0.2375415 0.7261741 0.0000000 0.0404574 0.4012275 0.1204551 -0.1274534 0.8848046 0.7907486 -0.1816903 0.7887188 0.3186018 0.0753817 0.6427120 0.8531475 -0.3590249 0.6941568 0.7374526 0.6902240 -0.4653243 -0.1054135 0.3102209 0.3655691 0.1746987 -0.3740311 0.4719486 0.7278318 -0.2730786 0.6651565 0.5397881 0.7522275 0.4789842 0.0956511 0.0957579 0.6781664 -0.0910667 0.3958484 0.4949227 0.6453582 0.3170469 0.5774489 0.3326451 0.6919891 0.7071742 0.5769882 0.6043467 0.3318367 0.3151800 0.5688582 0.5709404 0.0916485 0.6396344 -0.0252058 0.5473453 0.0945326 0.6182633 0.0579603 0.4997526 0.5250798 0.6472616 0.0771411 0.6668683 0.5583550 0.7552822 0.5949848 0.1689365 0.5358799 0.5276216 0.4787015 0.4704466 0.5384555 0.3722218 0.3731238 -0.3821005 -0.2006487 -0.1566341 -0.2426467 -0.4040858 -0.6337806 -0.0041540 -0.4168019 -0.3309111 -0.6304865 -0.4632438 -0.4019439 -0.2051857 -0.6800724 -0.4506030 -0.3779533 -0.2952971 -0.5959554 -0.2277805 -0.4623574 -0.3987213 -0.2882203 -0.2183628 -0.5416581 -0.6118460 -0.0841407 0.1427326 -0.2821111 0.0773759 -0.7093246 -0.0996527 0.1275438 0.0300516 0.0110402 0.1386243 0.1052444 0.1551138 0.1915629 0.1876528 0.3857602 0.1659074 -0.2040897 0.4614592 0.2827874 0.1515497 0.4123688 -0.2323310 0.1141953 0.5566049 0.3187280 0.1129646 0.2903147 0.5513350 -0.3051111 -0.3372125 0.3037447 -0.1186608 0.0381075 -0.3855753 -0.4609565 -0.3450632 -0.3625946 0.0622602 -0.1150085 -0.2825667 -0.3074590 -0.5614690 -0.1349223 -0.6035644 -0.6057653 -0.3409375 -0.3684954 -0.5162888 -0.3778965 -0.1236348 -0.2653333 -0.4545510 -0.0464464 -0.5959258 -0.3683824 -0.5997174 -0.3370947 -0.5089625 -0.4029633 -0.2998477 -0.1471664 0.2258290 -0.1268401 -0.4175847 -0.1532253 -0.1204254 0.5117122 0.1819902 -0.0322497 -0.1946843 -0.3135240 -0.2260582 -0.3687805 -0.6031276 -0.4275477 -0.3996819 -0.1263471 -0.2602513 0.1993681 -0.2339539 -0.1258627 -0.4598656 0.2500318 0.3003020 -0.2253664 0.0404677 -0.0525847 -0.3745779 -0.0957161 -0.1914535 0.1014421 0.2745141 0.5318507 0.1140757 0.0657899 0.2532360 -0.1979724 -0.1860211 -0.2002558 -0.0027832 0.1432981 0.3611928 0.1968354 0.4277021 -0.3340186 -0.2257340 -0.0593406 0.2571987 0.4032914 0.2026702 0.0075956 -0.3289475
0.1718540 0.7091020 0.6532912 0.4619115 0.5350462 0.5732576 0.8982510 0.3318428 0.6505942 0.4891280 0.0404574 0.0000000 0.5074542 0.4761792 0.4743061 -0.3011632 0.0942370 0.4048576 -0.2305269 0.2533905 0.8732476 -0.0451164 0.0803605 0.4150437 -0.1917263 -0.0616176 -0.1072502 0.4163983 0.4893794 -0.0167537 0.2343316 -0.0450032 0.5037106 0.4463341 -0.0950653 0.6653217 -0.1850587 -0.0015366 0.1311504 -0.3579477 0.2592471 0.7090332 0.1434954 0.1730289 0.7919717 -0.0588682 -0.2112614 -0.1843977 0.2934469 -0.1218979 -0.1382928 -0.0050157 0.6928458 -0.0989581 0.1619341 0.1521586 -0.2198315 0.2454745 0.6410549 -0.1211781 0.7814183 0.0029323 0.6145609 0.4915270 0.8222091 0.0666037 -0.2968864 -0.0003503 0.4501079 0.2599831 -0.0983115 0.3604275 -0.0635227 0.7088152 0.3135050 0.4983810 0.6418815 0.2236782 0.4735021 0.2084025 0.2746912 0.2340970 0.1804694 -0.0453247 -0.1207828 0.2334003 0.2832348 -0.0199064 0.2844226 -0.0784100 -0.0304729 0.3078629 0.2381141 0.1819699 -0.1054485 -0.0850314 0.3031225 0.4342696 0.1776151 0.2683597 0.0201542 0.3314055 0.2857292 0.4131778 0.0522592 -0.1906528 0.0289216 -0.3358972 0.2171544 -0.0282742 0.0191787 0.0752183 -0.5075040 -0.2983220 -0.1510796 -0.3529649 -0.2493402 -0.1622013 -0.3630101 0.2491011 -0.3001225 -0.3047392 0.1065363 -0.4791183 -0.2095546 0.2816928 -0.3044531 -0.2140192 0.2056886 -0.4388478 -0.4760648 -0.0747425 -0.2444425 -0.0763556 0.0927304 -0.2685552 -0.4864661 0.2330664 -0.0431735 0.2559385 -0.0328588 0.1312310 0.3706565 -0.1927080 -0.1156214 -0.6762935 0.1336159 -0.1673704 0.3916062 0.2355916 0.2457674 0.0709154 0.0993387 -0.3401266 0.0566641 -0.1693802 0.5673616 -0.3290868 0.6254922 0.1995508 -0.5276853 0.2257594 0.0549869 0.4281518 -0.3896484 -0.1170544 -0.0851077 0.3326929 0.6947318 0.5702576 -0.2170019 0.4019687 0.3277277 0.3859483 0.7232451 0.8076954 0.8492969 -0.5452219 0.7545164 0.5672487 0.5014308 0.6927519 0.5920668 0.5553260 0.6063177 0.7569478 0.7204147 0.3929759 0.7174553 0.7968768 0.6325287 0.6870716 0.6087942 0.6867920 0.6362166 0.6957284 0.1047364 0.5333206 0.1922843 0.2944829 0.6642524 -0.2488977 0.1975788 0.1748763 0.6347356 0.4622127 0.5460945 0.7055894 0.2939759 -0.0386948 -0.1104978 0.4032962 0.5979132 0.4961083 0.7255213 0.3813457 0.0136592 0.5403356
0.2312352 0.6494777 0.6912785 0.6153928 0.8218626 0.5096930 0.3814101 0.6979173 0.0684110 0.3156713 0.4012275 0.5074542 0.0000000 0.0224300 -0.0470401 0.0616045 0.0404358 -0.1509505 0.2437678 0.8204999 0.6336334 0.6448799 0.2497332 -0.2015917 0.3490842 0.1039452 0.0270153 -0.1817900 0.1080512 -0.0685518 0.7807232 0.3101596 -0.1443134 0.2267843 0.2763301 0.3912575 0.1283757 0.6888846 0.3391631 0.0256356 0.7970075 0.5684459 0.3955222 -0.2210995 0.7076206 0.4945131 0.2936914 0.5741299 0.2582053 0.4886736 0.2796465 0.0874368 0.6063841 0.0474274 0.7031819 0.6497810 0.3600117 0.2075715 0.6269468 0.2626657 0.6308601 0.0383116 0.7623525 0.5678549 0.6200898 0.6795868 0.0442077 0.2160255 0.6944574 0.4638273 0.2677036 0.5074423 0.1791801 0.5637994 0.5355934 0.6381751 0.4880537 0.5143344 0.5797222 -0.1065515 0.3731868 0.2524504 -0.1453812 -0.2394849 -0.3608606 -0.3695211 -0.1272567 -0.0591556 -0.3891074 -0.3611280 -0.2642885 0.0587520 0.0987929 -0.0107211 -0.1066032 0.2206659 0.0436941 0.3199297 -0.0103376 0.0177230 -0.2905563 -0.0246803 -0.2792708 0.1788405 -0.2427824 -0.0223521 -0.3239643 -0.3993645 -0.2192415 -0.2575582 -0.3067872 -0.2216634 -0.4922097 -0.4415619 -0.2512780 -0.4563369 -0.3615539 -0.2039716 -0.3682758 0.0507592 -0.3045031 -0.4462431 0.2109859 -0.2284684 -0.2246246 0.2262126 -0.0130216 -0.0700439 0.0906220 -0.2137456 -0.2112673 0.2585803 0.0239213 0.2571754 0.2545831 -0.1744372 -0.0936631 0.2632414 0.2450789 0.2350176 -0.0393177 0.1560681 0.3202017 0.2594866 0.2097083 -0.4050095 0.2952157 -0.0676165 0.3902217 -0.0294088 -0.2700214 0.1372125 0.0383986 -0.2400264 -0.3326630 0.1375099 0.6082660 -0.3066751 0.7138253 0.0571945 -0.7461925 -0.1540272 0.2517743 0.1670361 -0.4925405 -0.0856668 0.0161409 0.4848940 0.3491607 0.2547103 -0.0261525 0.1631351 0.2100020 0.0198437 0.3957829 0.4259166 0.4023427 -0.6109073 0.3569495 0.2323371 0.4131143 0.3768979 0.5383066 0.3824101 0.6371336 0.4820832 0.5832275 0.3860544 0.4498508 0.5227645 0.3851489 0.0471237 -0.0353114 0.3282236 0.4079777 0.4410001 -0.0554548 0.1360573 0.1725242 0.3823357 0.6920561 0.4219588 0.2392479 0.0463899 0.6788250 0.2525482 0.5962330 0.8463280 0.2325234 0.0545771 -0.1973680 0.3192507 0.4696041 0.4222799 0.7628436 0.6589120 -0.3189265 0.2302718
-0.2033549 0.1728032 -0.0095025 0.3431496 -0.2078332 0.5232708 0.5407875 0.1991151 0.8550670 0.6783686 0.1204551 0.4761792 0.0224300 0.0000000 0.6207596 0.0119303 0.4409766 0.6555880 0.2445122 -0.1545662 0.2017358 -0.0488873 0.3412372 0.6463618 0.1940184 0.1051104 0.3398740 0.5539849 0.3818921 0.7322687 0.0606257 0.3000399 0.7097675 0.7962857 0.3189599 -0.0470774 -0.0447595 -0.1118732 0.5214171 -0.0895359 -0.0408418 0.1250616 0.5015207 0.6961540 0.2363831 0.3088677 0.2935443 -0.2092015 0.6542739 0.1484514 0.4137844 0.5917832 0.6003845 0.3995982 0.0191905 0.3390131 0.2442094 0.7105137 0.1799696 0.4369285 0.0666587 0.6740870 0.1875935 0.5199136 0.2003282 0.2099167 0.4032471 0.5661840 0.2756674 0.5397408 0.4826308 0.3997000 0.5265847 0.1841079 0.5878425 0.5442213 0.3764737 0.4473285 0.3983465 0.2101478 0.2168215 0.1660661 0.2429394 0.2773088 0.1286182 0.1659804 0.0601442 0.2477327 0.0622252 0.0245839 -0.0894888 0.0658322 0.0791028 0.2577650 -0.4163503 -0.1575161 0.2205611 0.0308953 -0.1231465 0.5206870 0.1303189 0.2026481 0.4121811 0.3950658 0.1904314 -0.2150910 0.2282141 0.1711577 0.2285263 0.1579952 -0.0758751 0.1261704 0.1278606 0.1403579 0.1165739 0.1451357 0.1336260 0.0261552 0.1435682 0.2350715 0.1526445 0.0974311 -0.0756831 0.1252295 0.2803645 0.1285516 0.1219983 -0.2603604 0.2053878 0.2872924 0.2352234 -0.0263450 0.2846448 0.3794311 -0.2884970 -0.0868800 0.2447925 0.1810417 0.0498736 -0.0282522 0.0357326 -0.0347749 -0.0039634 -0.0116780 0.1090288 -0.2408933 -0.0270537 -0.2441976 0.1218344 0.0291552 -0.0320815 -0.0784850 0.1093312 -0.0927840 0.1407102 -0.2096140 0.0170596 -0.1516872 0.0505407 -0.2285320 -0.0074659 0.1309858 -0.0336888 0.1199120 0.0787380 -0.2464051 0.0433495 0.3029918 0.4313601 0.2213457 -0.0804708 0.3730299 -0.0066037 0.1377432 0.3338825 0.3835259 0.1697682 -0.3095922 -0.0091508 -0.0671311 0.0376570 0.1084625 0.1614575 0.2762816 0.1266345 -0.0043057 0.1060546 -0.3079397 0.3400259 0.4863936 0.0856313 0.5030793 0.4409015 0.0321586 0.1319011 0.0356280 -0.1460518 0.4143964 0.1365623 0.0212696 0.1483101 -0.2192555 -0.0500929 -0.2961940 0.0573873 0.1060370 0.2820423 0.1513663 0.1239411 -0.0233711 -0.0690499 -0.3723973 -0.0776965 0.1087556 0.2378301 -0.2822994 -0.0328517 0.1115682
0.2811009 0.0715321 -0.0507949 0.0518897 0.0085706 0.3036298 0.4285894 -0.0358649 0.8145232 0.4179043 -0.1274534 0.4743061 -0.0470401 0.6207596 0.0000000 -0.1420729 0.2482239 0.8706885 0.0070279 -0.2697917 0.1533860 -0.2341709 0.0628116 0.9239612 -0.0030942 -0.1907743 0.0750727 0.7978930 0.7820344 0.5027678 -0.1346696 0.1392379 0.8293579 0.5944348 -0.0488446 0.2108521 -0.3615650 -0.1850607 0.1049499 0.1460717 -0.0565950 0.2864041 0.0648990 0.7979528 0.2187356 -0.0162126 -0.0486333 -0.0543084 0.3823260 0.0743870 0.0057774 0.2189756 0.1755616 0.2651695 0.0233344 0.1673901 -0.0828803 0.3795656 0.0338562 0.0371469 0.1019326 0.3684051 0.1662461 -0.0108926 0.0640956 -0.0514647 0.0978883 0.1926249 0.2469827 0.1013238 0.1447986 -0.1007855 0.2559946 -0.0079337 0.2637638 0.2550760 0.0957759 0.2121525 0.1522451 0.2152689 0.0889010 0.5169028 0.7358433 0.6171881 0.5147897 0.3625331 0.2758836 0.6759804 0.5038693 0.5100613 0.0473028 -0.1174059 -0.0589385 0.7197805 0.0827093 -0.0512203 -0.0417430 0.1734919 0.3116907 0.3739565 0.4195312 0.2105955 0.2886169 0.4549689 0.0969332 0.0985246 0.1031419 0.0299808 0.1584875 -0.0779472 0.0006100 0.1813766 -0.1303015 -0.0955357 -0.0776611 -0.1112627 -0.1420661 -0.2251007 -0.1484020 -0.1251440 -0.2912846 -0.2487398 -0.2891444 -0.0676695 -0.0581542 0.0054590 -0.2841422 -0.3240672 0.1236406 0.0944890 -0.0185985 -0.0522579 0.0700278 0.2471575 -0.0788031 -0.1171576 0.0273382 0.0733766 -0.0801329 0.1910503 0.1885472 0.0891176 0.4834072 0.1119868 -0.0331609 -0.1151004 -0.1045309 -0.2014804 0.2764514 0.4171021 0.1953960 -0.0753047 0.0323355 -0.0412560 0.2412321 -0.2647553 0.2647477 -0.0540581 0.2483989 0.0358350 0.2042359 0.2467137 -0.1529919 0.2543974 0.1838053 -0.1772558 -0.0716275 0.2069739 0.3703083 0.2866552 -0.1756076 0.2723084 -0.0733468 0.0420872 0.2149779 0.2146225 0.1415650 0.0472069 0.1087159 0.1836092 0.0621329 0.1400223 0.0826259 0.0710106 -0.0223368 0.0306602 0.0466862 -0.0066196 0.1611057 0.2220944 -0.0089234 0.4559036 0.4464816 0.0340936 0.1172830 0.0777624 0.0511374 0.2577361 0.0876570 -0.0439960 0.2406893 -0.1556065 0.1401180 0.0837900 0.2026926 0.2982956 -0.0293329 0.0022681 0.2596686 0.1079912 0.3283088 0.0776355 0.1859589 0.0327634 -0.0746791 -0.1941072 0.4308134 0.4606007
-0.5927113 -0.0063224 -0.5323261 0.6067475 -0.3066445 0.5000920 -0.5597115 0.6242118 0.1160303 0.5684661 0.8848046 -0.3011632 0.0616045 0.0119303 -0.1420729 0.0000000 0.8240013 -0.1414123 0.8536490 0.0921388 -0.3120791 0.5205759 0.8255569 -0.3598683 0.7335537 0.7887405 0.7268955 -0.4350464 -0.1777484 0.4013938 0.1189992 0.1692676 -0.4321602 0.2938905 0.7402426 -0.5559168 0.7197854 0.4664373 0.7090700 0.6464761 -0.1409839 -0.2197812 0.5825144 -0.0029735 0.0432141 0.4091941 0.6612985 0.3351382 0.4569740 0.3021662 0.6997983 0.7110327 0.2402411 0.6810959 0.2573149 0.1790436 0.5712980 0.5006931 -0.2667007 0.6361689 -0.4059568 0.5404533 -0.1550165 0.3189218 -0.3503747 0.3458302 0.6138836 0.5982967 -0.1210736 0.4768181 0.5426320 0.5125709 0.6007133 -0.1808737 0.3544071 0.2695670 0.1839732 0.3494983 0.2982742 0.3681832 0.2762632 -0.4843048 -0.2056723 -0.1241964 -0.1207866 -0.3810008 -0.6076896 0.0665803 -0.3374738 -0.2094826 -0.4567004 -0.4990894 -0.5089395 -0.2125717 -0.5619181 -0.4258746 -0.4545387 -0.4376835 -0.6193267 -0.3467279 -0.3878700 -0.3980366 -0.2279797 -0.3120790 -0.4704824 -0.5647548 0.0964145 0.4027739 -0.2048713 0.1800332 -0.6901011 0.0537056 0.3874920 0.2576259 0.1358651 0.3726674 0.2718350 0.2363795 0.3410119 0.0860883 0.4841806 0.3238870 -0.4169159 0.5891912 0.3291059 0.0646747 0.4793680 -0.2758103 0.0273194 0.6927002 0.4168192 0.0377004 0.2917779 0.5821381 -0.4431297 -0.2932136 0.4258245 -0.2320087 -0.0352219 -0.4703402 -0.4411203 -0.4011594 -0.4272546 0.0808409 -0.1623627 -0.0583303 -0.4637277 -0.5715686 -0.2739418 -0.6507575 -0.6477586 -0.4912972 -0.4703117 -0.4430330 -0.3579065 -0.2251738 -0.5121735 -0.3988283 -0.3937473 -0.7454069 -0.0768642 -0.6517130 -0.5077527 -0.6503762 -0.1680945 -0.4000351 -0.2347562 0.0784793 -0.3192068 -0.6597725 -0.1157012 -0.1625974 0.3492112 0.0738357 -0.2806116 -0.4928139 -0.6290507 0.0430912 -0.6678188 -0.8015472 -0.6433789 -0.6870093 -0.4678691 -0.5537076 -0.1214352 -0.5752056 -0.4667901 -0.6148180 -0.0302330 -0.0134743 -0.4834876 -0.0982928 -0.1593557 -0.6257225 -0.3039644 -0.4357234 0.1190548 0.1008201 0.4981370 -0.0216218 -0.2741406 0.2620048 -0.3173544 -0.2017045 -0.5315351 -0.2286781 -0.1100808 0.0117517 0.0626848 0.4528969 -0.2378358 -0.4031477 -0.3499194 -0.0287750 0.0246655 -0.0888512 0.1571134 -0.4379197
-0.5037377 0.1620025 -0.4494162 0.6948472 -0.3037126 0.7051594 -0.1432286 0.6360194 0.5834488 0.8513278 0.7907486 0.0942370 0.0404358 0.4409766 0.2482239 0.8240013 0.0000000 0.2179662 0.7562372 -0.0292094 -0.0821023 0.3886667 0.8393198 0.0498413 0.6197770 0.7362724 0.8406179 -0.1101773 0.0516033 0.6022180 0.0824386 0.0461792 -0.0043867 0.5952755 0.6774174 -0.4158957 0.5837519 0.3048262 0.8147192 0.5272906 -0.1538820 -0.1054429 0.5879912 0.3687020 0.1410310 0.3133036 0.5285385 0.1259471 0.7214532 0.2302581 0.6511115 0.8022840 0.4495085 0.7892843 0.1128955 0.1309114 0.4253337 0.7643152 -0.1944185 0.6341322 -0.3128168 0.7008763 -0.0706937 0.4371870 -0.1832371 0.2193058 0.5901183 0.6703186 -0.1141727 0.5168618 0.5477484 0.5453980 0.6789701 -0.0761196 0.4401210 0.3803761 0.2861396 0.4337624 0.3904321 0.3655370 0.3012931 -0.3493148 0.0421107 0.0758747 0.1276390 -0.0609962 -0.3950579 0.2613301 -0.0241803 0.0038007 -0.4300133 -0.3687497 -0.3765883 0.0253879 -0.5731394 -0.4813753 -0.2573904 -0.1932392 -0.4387327 -0.1410231 -0.1536421 -0.0947998 0.0774185 -0.0093123 -0.3144034 -0.6137894 0.2393343 0.3592027 0.0486061 0.2979327 -0.4953215 0.1919972 0.2803841 0.2040394 0.1459850 0.2918076 0.1890668 0.1665020 0.2720986 0.3156890 0.4191303 0.2651578 -0.2638293 0.4832813 0.4338745 0.2353535 0.3933111 -0.2669241 0.2269023 0.6067174 0.3792955 0.0830852 0.3764470 0.5221147 -0.3356000 -0.2109410 0.3804977 -0.0940151 -0.0034646 -0.3012986 -0.2982365 -0.2631232 -0.2433727 0.0625459 -0.1256667 -0.2373005 -0.4246036 -0.5943089 -0.1500067 -0.4044926 -0.4415125 -0.4291100 -0.3430753 -0.5120914 -0.1010928 -0.2827261 -0.3436190 -0.4547131 -0.2476502 -0.6189728 -0.0801843 -0.4530323 -0.4150374 -0.3830987 -0.2148883 -0.4430735 -0.1445447 0.1714283 -0.0060312 -0.3788295 -0.2790126 -0.0487970 0.4142796 0.1226519 0.0057038 -0.1826884 -0.3448704 -0.1405553 -0.4469600 -0.6564008 -0.5736203 -0.5324367 -0.3784753 -0.4152564 -0.1392205 -0.4424333 -0.3369914 -0.6726520 0.1206646 0.2206237 -0.1886327 0.1804742 0.1376914 -0.3567716 -0.0183269 -0.1828069 0.2318805 0.2718837 0.4772819 0.1133823 -0.1441396 0.0889272 -0.2722581 -0.2274989 -0.4799681 -0.1808539 0.0995966 0.1159067 0.1041133 0.3207197 -0.1408137 -0.3822120 -0.3356208 -0.0499624 0.1635195 -0.1683304 0.1865382 -0.3411432
