0.0000000 0.7560861 0.4672173 0.4098008 0.3099430 0.3075870 0.4266963 0.3401107 0.0771916 0.3007710 0.1816527 0.3436561 0.3484604 0.0946019 0.1328775 0.2567583 0.0192368 -0.1608340 0.2890305 0.1397566 0.0912699 0.1265643 0.0589026 0.0918273 0.1122235 0.0980206 -0.1785495 0.0982682 -0.0600659 -0.1979097 0.2794559 0.0109030 0.1146860 -0.0681386 0.0343497 0.0620907 0.2579208 0.2003256 -0.1523189 -0.1161914 0.1137377 -0.0383966 -0.0263241 0.0774229 -0.1334179 0.3244589 0.2109568 0.0161190 0.1356933 0.2862074 0.0554061 -0.2061104 0.0766649 -0.1570395 0.1386854 0.2882285 0.2232641 -0.0588059 0.1946665 0.0778270 0.0870995 -0.1592706 0.2157008 0.0628729 0.0910373 0.2542081 0.0832789 -0.1450977 0.3097808 0.0226096 0.1592186 0.2975202 -0.1043922 0.2652703 0.4280868 0.0310233 0.2228267 0.1621172 0.1419895 0.2570681 0.1329870 -0.0132927 -0.0971039 -0.1236822 -0.3076854 -0.0071037 -0.0177163 -0.3797600 0.0482295 -0.1264638 -0.1572996 -0.3652148 -0.2322850 -0.3360986 0.0602977 -0.0611194 -0.0807531 -0.0656256 -0.0590086 0.1717392 -0.0849847 -0.1382002 -0.1408228 -0.3480354 0.0127529 0.1714455 -0.1736622 -0.2592763 0.0350761 -0.2470085 0.1196314 -0.0470484 -0.3187631 -0.2382194 -0.2184583 -0.2387892 -0.2542382 -0.0588918 -0.1897620 -0.1139408 -0.2870237 -0.2138517 -0.0429850 0.1168759 -0.0050479 0.2453069 -0.2301762 0.0283933 0.2723071 -0.2140759 -0.2667059 0.0364686 -0.1256898 -0.1423364 0.0524053 -0.1497184 -0.2565251 0.1048213 -0.3204477 0.2241431 0.0631335 0.2078376 -0.0758886 0.1975046 0.1286605 -0.2876856 -0.1693698 -0.2467720 -0.0207134 0.1758903 0.1057682 0.1686139 -0.0149009 -0.1375476 -0.1536118 -0.1125693 0.1614411 0.0691203 0.0412944 -0.0581473 -0.4194094 0.0123787 -0.1548022 0.0313139 -0.3045381 -0.1050522 -0.2476534 0.0057804 -0.0470729 -0.1414784 -0.1373231 -0.2496367 0.6030678 0.5324132 0.5331746 0.5982679 0.3971084 0.3664303 0.2384821 0.0809059 0.1842471 0.2697671 0.1843937 0.1376270 0.3352529 0.1012299 0.0152300 0.1216426 0.5047267 0.4728751 -0.1624348 0.6346316 0.5299700 -0.3122742 0.0710887 0.1016150 0.2874755 0.4900398 0.2947373 0.2609287 0.1768506 -0.2066053 -0.0063842 0.0216633 0.3666093 -0.0322293 0.3451582 0.4972556 0.2609115 0.2773484 0.1959245 0.5347250 0.5282715 0.4716040 0.5687547 0.1823652 0.0798032 -0.5357923
0.7560861 0.0000000 0.2984455 0.5445080 0.2323292 0.3825449 0.1769512 0.5601018 0.2525100 0.3744565 0.3219481 0.1450062 0.2650712 0.3172150 0.3491219 0.3099270 0.0802579 0.2528783 0.4671543 -0.1001987 -0.1950396 0.0669817 -0.0122760 0.2652647 0.2641002 0.2931049 -0.0594580 0.3257705 -0.2501973 -0.1126424 0.2521067 0.1644171 0.1437408 -0.1722851 0.0972253 -0.0995785 0.3636553 0.2475530 -0.2638055 -0.3725945 0.2375303 -0.2514173 -0.1131631 -0.0771521 -0.2538196 0.3716803 0.2015062 0.1649412 0.0280468 0.4463207 0.0473986 -0.5252539 -0.0315862 -0.2971748 0.1928134 0.2880740 0.2499559 -0.1041312 0.0456912 0.0704619 -0.0214026 -0.1541960 0.1354752 0.0362915 -0.0154173 0.3145813 0.1517312 -0.0976516 0.3302148 0.0889361 0.2671792 0.2812654 -0.0568846 0.1649776 0.4233489 -0.0342730 0.2193209 0.1178220 -0.0521054 0.0839577 -0.0981115 0.0657700 0.1167794 0.0604021 -0.1310785 0.1847283 0.1673907 -0.0277847 0.1252625 0.0297713 -0.1801746 -0.3157551 -0.0668201 -0.1677676 0.0312065 -0.0636466 0.0663643 -0.0188075 -0.0472422 0.0245666 -0.1338804 -0.0314663 0.0483602 -0.2394474 0.0990525 0.1039925 -0.0517331 -0.0733123 0.0804502 -0.0982454 0.1402244 0.0564197 -0.2278514 -0.3141713 -0.2939443 -0.3100287 -0.3351767 0.0878735 -0.0240334 0.0979474 -0.0800587 -0.1793352 0.0172000 0.3201598 0.2190734 0.1650679 -0.2164410 0.3114270 0.3366129 -0.0788185 -0.1056086 0.3353525 -0.0708763 -0.0570689 0.0466230 0.1832609 0.0149808 0.1724976 -0.1024753 0.1317241 0.2650952 0.1652723 0.0352969 0.4135751 0.3688267 0.0611852 0.0656665 -0.0308844 0.1614759 0.0510271 0.0225881 0.2911120 0.0302918 0.0413011 0.0916963 0.1188711 0.1975544 0.1804520 0.1836683 -0.1093578 -0.2837501 -0.0086029 0.0991064 0.0033119 -0.1874111 0.0110213 -0.0700488 0.1456660 -0.0428742 -0.1000251 -0.0511193 -0.1680911 0.3199035 0.3438298 0.4439934 0.3667059 0.2149860 0.3142736 0.0640675 -0.0696888 0.0690521 0.0565281 0.0350979 0.0325782 0.2095693 -0.1324896 -0.0798566 -0.0137918 0.3824203 0.4164036 -0.0720573 0.4266287 0.3948939 -0.1887799 0.0699029 0.1504908 0.2627180 0.3508655 0.1213558 0.2520026 0.2086167 -0.0104176 0.1197094 0.0838745 0.4465141 0.0444685 0.4234873 0.3299877 0.2645220 0.3684835 0.2249779 0.4620598 0.6183107 0.3949096 0.2461996 -0.0972073 0.1108113 -0.6415177
0.4672173 0.2984455 0.0000000 0.1905286 0.8198597 0.0572937 0.5253975 0.4059633 -0.2068340 -0.1072298 0.2648536 0.3372068 0.8376509 -0.2580859 -0.3230543 0.4612911 -0.2489882 -0.3314763 0.2749123 0.5862595 0.2795953 0.7009370 0.3344707 -0.1924948 0.3998815 0.0419366 -0.2107302 -0.1742672 0.0954661 -0.0353003 0.6219509 0.4809084 -0.1625703 -0.0819630 -0.0257280 0.2447690 0.4120454 0.7097156 0.0360571 0.4073134 0.5424514 0.3587581 0.3168006 0.1265010 0.3189141 0.5320854 0.4888673 0.4552851 -0.0440827 0.6973980 0.4670047 0.1530572 0.2318491 0.2220576 0.5051680 0.6751198 0.4959348 0.1356483 0.6539376 0.4561943 0.6494809 0.1247115 0.5086150 0.2545803 0.4853828 0.4938366 0.4169724 -0.0000873 0.5957184 0.2214439 0.4406771 0.4608031 0.1488387 0.5945383 0.3630142 0.3588633 0.4614323 0.1985413 0.3874643 0.4761259 0.2181273 -0.0031013 -0.1544777 -0.2489258 -0.0799568 -0.0983869 -0.2425226 -0.3087821 0.2091297 0.2760175 0.1103422 0.0427073 -0.3841491 -0.0771641 0.3969037 0.0428857 -0.1859391 -0.2395282 0.3486402 0.3398211 0.2647811 -0.1074277 -0.3208747 0.0444748 -0.0371201 0.4611765 -0.1626874 -0.2874947 0.0452815 -0.1226940 0.1568789 0.0254398 0.0283000 0.1037468 0.1581634 0.0176275 -0.0000525 -0.2509158 -0.1754715 -0.1796779 -0.0547671 -0.0493955 -0.2375121 0.1322602 -0.0532357 0.0753973 0.0774705 0.1373476 -0.0428206 0.1885728 0.1014890 0.1850364 -0.0868449 -0.0313671 0.4260075 -0.2893084 -0.0326065 -0.1956091 -0.1841637 0.2513850 0.1401063 0.0996012 0.4780791 0.0694166 -0.1430247 -0.2249223 -0.1696187 -0.1260508 0.4443855 0.2204679 0.3919543 0.0716981 -0.0760111 0.0603861 0.2045099 0.1751630 0.4393348 -0.1288508 0.3872728 0.3675564 0.0015639 0.1673426 0.0128108 0.3319884 0.0604559 0.2466454 0.1414157 0.4568361 0.4059139 0.2562847 0.2385733 0.2669201 0.1052649 0.0140468 0.3130984 0.2823630 0.4319893 0.1038940 0.2473525 0.3063858 0.0162127 0.3420143 0.5288450 0.3696391 0.7064931 0.6686695 0.6016584 0.6252142 0.4933556 0.4523367 -0.2129836 0.5912369 0.0388287 -0.1491601 0.0819594 -0.0123937 -0.0966245 0.7036108 0.6233000 -0.0976676 0.0454473 -0.3786559 -0.0457326 0.1066488 0.3176410 0.0116958 0.0017225 0.4461219 0.0759025 0.3642917 0.0309053 0.2383576 0.3733096 0.5977875 0.6164867 0.5279462 -0.1157595 -0.4780490
0.4098008 0.5445080 0.1905286 0.0000000 0.0649565 0.7992898 0.3333290 0.7515462 0.0854818 -0.1148200 0.6759658 0.5571805 0.4254329 -0.2668576 0.3287333 0.6533027 -0.2453454 -0.1203411 0.6428084 0.2559332 0.3052833 0.3587602 0.3550611 -0.1260110 0.5603883 0.5782161 -0.0858455 -0.1641263 0.3423778 -0.3390040 0.3599246 0.2185861 -0.1992133 0.0415916 0.2712344 0.3138383 0.3929780 0.2926079 -0.6500573 -0.5339747 0.1848495 0.2730181 0.1496742 -0.1275869 0.3834258 0.4220096 0.3722512 0.0621368 0.1584400 0.3654922 0.2692933 -0.3748136 0.4461645 -0.0046066 -0.1670374 0.3257004 0.4153176 0.5679151 -0.1337631 0.2789019 0.4273451 0.1652441 -0.0743845 0.6653644 0.3976221 0.4768342 0.3959773 0.4652070 0.4344147 0.6569018 0.4588125 0.6602937 0.3549804 0.4647311 0.4770083 0.3604451 0.5786140 0.2710611 -0.0071783 0.1957270 -0.3901079 -0.0086630 0.1900346 0.1611034 0.0957525 0.1658109 -0.1440842 -0.1552798 0.2675352 0.3598023 -0.0005038 -0.2895170 -0.1015064 -0.2750030 0.2051715 0.1408008 -0.1222924 -0.0480157 0.1706082 0.0122971 0.3301573 -0.0748998 0.1365994 -0.4200054 0.2031636 0.2552143 0.2246097 0.1184476 0.0845731 0.2342806 0.1825952 0.3710678 -0.2318685 -0.2536710 -0.2010339 -0.2341117 -0.2367413 0.2357787 0.1069781 0.2549781 -0.0287521 -0.1677250 -0.0041516 0.5215315 0.2401574 0.5042529 0.0106621 0.1434418 0.6381673 0.1540977 0.2007499 0.1830056 0.0981348 -0.2809921 0.2209867 0.0894081 0.0285632 0.4776211 0.1457297 0.5883564 0.2329250 0.4909532 0.2157073 0.4641398 0.4844748 0.1137678 0.1712970 0.0122063 0.2291393 0.4226375 0.3682636 0.2998431 0.3089166 0.1560551 0.1602933 0.1917564 0.3300694 0.1344218 0.2147752 0.2268702 -0.1444077 0.4110891 0.1108336 0.3297062 0.0645006 0.1094036 0.1188271 0.1148511 0.2771964 0.4101321 0.1196657 0.0067393 0.2465407 0.3661808 0.7904068 0.4413695 0.4379970 -0.1843926 0.2220915 0.1068076 -0.2571936 -0.0337989 0.1682905 -0.0411076 0.3455519 -0.0043374 -0.3699181 -0.3006361 0.4164662 0.6215375 0.3056126 0.3933394 0.2814994 0.3698155 0.5437588 0.5198940 0.6797683 0.5042004 -0.1486900 0.5775073 -0.1153019 -0.2697291 0.0893208 0.2516156 0.5054495 -0.4105597 0.5651599 0.3917125 -0.0483977 -0.0373916 0.0933337 0.7326661 0.3104768 0.7216982 0.4980493 -0.2343102 0.0015893 -0.2827207
0.3099430 0.2323292 0.8198597 0.0649565 0.0000000 -0.0930323 0.3323607 0.3537155 0.0368787 -0.0306895 0.1758041 0.4005224 0.5692111 -0.0929800 -0.0343618 0.2863184 -0.0030704 -0.1927137 0.1240088 0.4389580 0.3793047 0.3927749 0.1435529 -0.0131491 0.2201029 0.0099484 -0.1304100 0.0282511 0.2924874 0.1615975 0.3362142 0.5166194 0.0481119 0.2350344 -0.0817947 0.3142804 0.3144739 0.5617125 0.0130215 0.2479742 0.6773003 0.3335959 0.1078895 0.1335242 0.2586490 0.4037735 0.3149858 0.5418833 0.1588818 0.5913354 0.2855127 -0.0241140 0.3187728 0.0222406 0.5401751 0.4789643 0.3441529 -0.1036873 0.4697952 0.2619366 0.5672787 -0.0295016 0.4074244 0.2039590 0.4507808 0.3657431 0.1655388 -0.2575237 0.3689513 0.0326185 0.2889839 0.3372269 -0.1059846 0.4628391 0.2071275 0.1015947 0.2658092 0.0087355 0.0437668 0.1707435 -0.0503409 -0.1091336 -0.1119789 -0.2254043 -0.0869124 -0.1614882 -0.1838828 -0.3830660 0.1513548 0.1317851 0.0712808 0.0490262 -0.3779525 -0.2512425 0.2633695 -0.0730756 -0.1491392 -0.2213706 0.2100440 0.1622030 0.2113201 -0.0947478 -0.3067977 -0.0315491 -0.1016169 0.2592044 -0.2334078 -0.3209993 0.0035174 -0.1785926 0.1029474 -0.0690874 -0.0635024 0.0695460 0.0561936 -0.0298790 -0.0023645 -0.2942414 -0.2014064 -0.1162867 -0.0063171 0.0651145 -0.2861291 0.0744621 0.0308045 0.1451137 0.0564321 0.1162487 -0.0404998 -0.0198338 -0.0361851 0.0503332 -0.0895718 -0.2869212 0.2705294 -0.3538998 -0.1942772 -0.2286822 -0.2286713 0.2444304 -0.0066815 0.0742269 0.5433559 -0.0577549 -0.1845674 -0.2739311 -0.3020351 -0.3281900 0.2340794 0.1950201 0.3057243 0.0088661 -0.2064979 -0.0572700 -0.0220759 0.1961072 0.3323426 -0.3205669 0.2147458 0.3340074 -0.0902473 0.0623671 -0.0084838 0.2234038 -0.0501795 0.0878073 -0.0041130 0.2079627 0.2011909 0.1068749 0.0144522 0.1068880 -0.1480367 -0.2684916 0.0274770 0.0684824 0.3858943 -0.1580338 0.2278321 0.2364424 -0.2888777 0.1068924 0.3269728 0.1491302 0.5170962 0.5383697 0.3960943 0.4003301 0.3474204 0.3222065 -0.1107510 0.2942202 -0.0607177 -0.1408429 0.0916836 -0.0017459 -0.0908675 0.5216272 0.3535127 0.0510269 0.0863576 -0.3939035 -0.0685664 0.1138412 0.5214720 -0.1263446 0.0480770 0.1651690 0.2488791 0.3631625 0.0003279 0.2562914 0.4364354 0.4155230 0.4352435 0.4446910 0.0620799 -0.4566354
0.3075870 0.3825449 0.0572937 0.7992898 -0.0930323 0.0000000 0.4555121 0.7011554 -0.0017420 -0.2292183 0.6991386 0.4694226 0.4067603 -0.3986124 0.1212578 0.7185424 -0.1834131 -0.3737076 0.7818872 0.2934673 0.3234409 0.3321025 0.5463853 -0.4782412 0.5656156 0.6395992 0.0787662 -0.3018294 0.2182133 -0.2909042 0.1806827 0.0881895 -0.4657210 -0.1923491 0.5022231 0.3832827 0.4271265 0.2075562 -0.5137881 -0.5669754 -0.0949894 0.1918418 0.3976550 -0.3536749 0.3183391 0.3771476 0.3374258 -0.2716418 -0.0195526 0.2425956 0.2351330 -0.2304791 0.3638231 0.0332036 -0.4081234 0.3120468 0.3861802 0.6127646 -0.2248695 0.3034610 0.3569203 0.2437654 -0.1028668 0.7248840 0.4131951 0.4315156 0.4909678 0.5704438 0.4549892 0.7815490 0.4566303 0.7770558 0.4559957 0.5823452 0.4812233 0.5249031 0.7241362 0.3017117 0.1059121 0.2596903 -0.3877092 -0.0822867 0.1599123 0.1666197 0.1067288 -0.0342115 -0.2706261 0.0553931 0.0536762 0.3519495 -0.1599101 -0.3469748 -0.0548657 -0.1037452 0.0867502 0.0620913 -0.2777971 -0.1575272 0.1601987 0.1945666 0.4011056 -0.2643419 0.0746343 -0.3088944 0.0824620 0.2555352 0.0494532 0.1033420 -0.1243514 0.1856165 0.1405406 0.2622184 -0.2140634 -0.2692772 -0.1503197 -0.1382070 -0.0685447 0.4233509 0.3269963 0.3995274 0.1411963 0.0118681 0.1780282 0.6401255 0.3441767 0.5590573 0.1591609 0.1143658 0.5987920 0.2774455 0.2466418 0.4511991 0.4503991 -0.1043989 0.4543447 0.1062539 0.2071695 0.5217462 0.3418616 0.6722827 0.2955155 0.6230290 0.0616150 0.4262650 0.5648384 0.1890726 0.2841870 0.1119412 0.4010699 0.5248573 0.4400901 0.4032181 0.4769160 0.2192679 0.2935647 0.2303434 0.2820583 0.2829692 0.2814041 0.2751362 -0.0271119 0.5322200 0.1672381 0.3274818 0.1440436 0.1921281 0.1859209 0.2711571 0.3699499 0.4718259 0.2095595 0.0778682 0.3357925 0.4946475 0.8214312 0.6013635 0.5829317 0.0483615 0.4096789 0.1737620 -0.0662054 0.0097880 0.1512194 -0.0791736 0.2872551 0.0052417 -0.4295498 -0.2984540 0.5003265 0.6704084 0.4472969 0.3093229 0.3715150 0.6429627 0.6226387 0.7102050 0.6735242 0.4698854 -0.2718983 0.6724583 -0.3956099 -0.3163173 -0.2030525 0.0003252 0.2285918 -0.3694829 0.3439200 0.2052983 -0.3371644 -0.2533480 -0.2172269 0.5979211 0.1402581 0.6826067 0.3256740 -0.4688800 -0.1711142 -0.3223377
0.4266963 0.1769512 0.5253975 0.3333290 0.3323607 0.4555121 0.0000000 0.2515255 -0.0924898 -0.3024831 0.2536892 0.4531521 0.5295640 -0.3573731 -0.2874409 0.4432867 0.0111705 -0.6033980 0.3764663 0.4356155 0.2688604 0.4976719 0.4743321 -0.5365214 0.3161240 0.3232282 0.2933128 -0.3528781 0.0591181 0.1258382 0.3594704 0.0213206 -0.4671135 -0.3563854 0.2485862 0.1829041 0.3628332 0.2910053 -0.0471445 -0.0057473 -0.0424201 0.1729978 0.3333164 -0.1636676 0.2802467 0.3311164 0.3967941 -0.2159827 -0.2470017 0.2381997 0.2732922 0.0381012 0.1655548 -0.0205730 -0.1810460 0.4579885 0.4033249 0.1721934 0.2692690 0.3032550 0.4875435 0.1080441 0.2205493 0.4678955 0.4500640 0.4513593 0.3775098 0.1197265 0.5346823 0.4785877 0.3976051 0.6559762 0.2374367 0.6896050 0.4673173 0.5298963 0.6528466 0.3867749 0.4877843 0.5442228 0.1582055 0.0576832 0.1237556 0.0112777 0.0322081 -0.0543858 -0.1763482 -0.2075482 0.1687091 0.2097563 0.1641977 -0.1290002 -0.1504751 -0.1625085 0.3188820 0.2036861 -0.0995781 0.0026178 0.2812959 0.2571654 0.3151957 -0.1014194 -0.0482539 -0.1748599 0.1931657 0.4607884 -0.0498975 -0.0249131 -0.0239574 0.0897668 0.2859807 0.1595011 0.0439924 0.2102399 0.2664308 0.2094191 0.2686524 0.1690605 0.1325471 0.1524864 0.1673029 0.2241223 -0.0229767 0.2385571 0.2929710 0.4289201 0.2810081 0.1790974 0.2563228 0.2445081 0.3271675 0.2642881 0.1193437 -0.1866939 0.6547607 -0.0843751 0.0681727 0.1709066 0.2710007 0.4740203 0.2401016 0.3116258 0.4258564 0.0102065 0.1659022 -0.1195460 0.1946571 0.0554803 0.3620814 0.3972555 0.4932474 0.2052357 0.4669640 0.1400196 0.0503848 0.0344578 0.3747846 0.2630929 0.3547017 0.3510717 0.0919225 0.3956680 -0.0590084 0.3086091 0.2295553 0.2154705 0.1713447 0.2761743 0.3615234 0.3606170 0.2547516 0.1188016 0.2167779 0.3039068 0.6677536 0.4919823 0.4758530 0.0015268 0.3340991 0.2273678 0.0104015 0.1303052 0.2344192 0.0819494 0.5750726 0.4239212 0.2246571 0.2871826 0.6394399 0.6371323 0.2360622 0.5712322 0.3009040 0.1557184 0.3748249 0.2934381 0.2574503 0.5779564 0.3639980 0.2838623 -0.2246632 -0.2706903 -0.0015762 0.2062795 0.2093208 0.0719241 0.0584197 0.2234558 -0.1686924 0.2457801 0.1115411 0.4064846 0.4722039 0.7469766 0.3324880 0.1129604 -0.1816328 -0.3779598
0.3401107 0.5601018 0.4059633 0.7515462 0.3537155 0.7011554 0.2515255 0.0000000 -0.0542193 0.0278890 0.8922668 0.3529555 0.5876612 -0.3602064 0.1576431 0.7720899 -0.1433232 -0.1966205 0.7929778 0.2694584 0.2550751 0.4129277 0.5851942 -0.2912561 0.6571070 0.5986465 0.0348557 -0.1089150 0.1836071 -0.1773633 0.3480700 0.4635799 -0.3456438 -0.0716197 0.4570822 0.4338512 0.5860376 0.5420897 -0.3456937 -0.4266381 0.3342061 0.2298826 0.4328001 -0.1418619 0.2699678 0.6873563 0.4687794 0.1003973 0.0971834 0.6112947 0.3636108 -0.3421732 0.2968160 0.1299014 0.1398954 0.6239044 0.5396253 0.5637094 -0.0324491 0.4263633 0.4370452 0.3024390 0.2274675 0.5626310 0.3459208 0.5794131 0.5848098 0.4782345 0.6500894 0.6614266 0.6095583 0.6289882 0.4253694 0.4998617 0.6137244 0.4842330 0.7056475 0.3993210 0.1184770 0.3295357 -0.2552152 -0.1604385 -0.0266533 -0.0933048 -0.1227994 -0.1068782 -0.1436005 -0.0863056 -0.0433988 0.1915442 -0.2116489 -0.3284019 -0.1242859 -0.2717350 -0.0228227 -0.0791341 -0.1502530 -0.2857842 -0.0297274 0.0546055 0.2928054 -0.2259930 -0.0770630 -0.2676304 0.0065064 0.2558197 -0.0660391 -0.0925316 -0.0402412 -0.0035200 0.0516268 0.1070486 -0.2979540 -0.4218505 -0.3695487 -0.3718988 -0.3813571 0.0561896 0.0486834 0.1487309 -0.0744649 -0.2290183 0.1394093 0.6146233 0.2423439 0.2960574 0.0519100 0.2461028 0.4369873 0.3038441 0.2030558 0.4627212 0.4495508 -0.0922199 0.4334119 0.0478467 0.2106625 0.2542920 0.1185437 0.4244908 0.2656270 0.3807197 0.2296468 0.3333065 0.3753407 0.1671613 0.0362821 -0.1297226 0.4305621 0.3714776 0.2459485 0.2476038 0.1071986 0.1108051 0.3338759 0.1598420 0.2575684 -0.0824980 0.2246458 0.1337431 -0.1410658 0.2510124 0.0606477 0.1823371 0.0012508 0.1036034 0.0891802 0.2279787 0.2088492 0.2471007 0.0705055 0.0061177 0.1446069 0.4302986 0.6938697 0.5022508 0.6245968 0.1737793 0.4486519 0.2863071 -0.1536245 0.1432102 0.3136597 0.1079016 0.3489569 0.1381925 -0.0482399 0.0343867 0.4689378 0.5902398 0.1048762 0.4742489 0.3032919 0.3707245 0.3632302 0.4773760 0.3481959 0.5241834 -0.0525159 0.3753553 -0.0347797 -0.1623323 -0.0116985 -0.0013540 0.5548941 -0.2407369 0.3077117 0.4315591 0.0736097 0.0581747 -0.0066478 0.6466852 0.3085606 0.6685715 0.4251909 -0.0181391 0.0644900 -0.4513068
0.0771916 0.2525100 -0.2068340 0.0854818 0.0368787 -0.0017420 -0.0924898 -0.0542193 0.0000000 0.5446278 -0.3728933 0.2321876 -0.4024889 0.6428140 0.7508945 -0.4218438 0.4779210 0.4560688 -0.2465180 -0.3349313 -0.1975037 -0.4811600 -0.2719464 0.6646070 -0.4254538 -0.0493131 0.1841911 0.6635199 -0.0921309 0.2433060 -0.5230705 -0.2824068 0.7000838 0.3215459 -0.2040042 -0.4101952 -0.2932069 -0.5607732 -0.2672450 -0.4350587 -0.1597711 -0.5844677 -0.6351372 0.2797894 -0.5067997 -0.3777336 -0.4521879 -0.2455638 0.6054127 -0.4302475 -0.4927218 -0.5323052 0.0353992 -0.4105199 -0.1046384 -0.5129155 -0.4638269 -0.3418453 -0.2166032 -0.5616799 -0.3721350 -0.3969954 -0.1077347 -0.1185475 0.0150380 -0.4298647 -0.5845546 -0.4147645 -0.5204634 -0.3723598 -0.5056148 -0.0985125 -0.5053821 -0.1318937 -0.2899682 -0.4051640 -0.4212508 -0.3246679 -0.4801131 -0.4566982 -0.0916993 -0.2616215 -0.0733243 -0.0719697 -0.2174934 -0.0376600 0.0171860 0.0500458 -0.0156720 -0.2375882 -0.1944820 -0.1293153 -0.1303591 -0.2033030 -0.1341030 -0.0252362 0.1115020 -0.0861846 -0.1260395 -0.4466406 -0.4308118 -0.1022754 -0.0848047 -0.3974058 -0.1083463 -0.4527519 -0.2703004 -0.1532956 -0.1095002 -0.2875987 -0.0980701 -0.3156593 -0.1403652 -0.0577513 -0.0880185 -0.0359182 0.1456097 0.3352924 0.0934863 0.3461596 0.2130372 0.2398182 0.2262425 0.0158373 0.0806528 0.1864370 -0.1948852 0.0283783 0.0919857 -0.4606707 -0.3550872 -0.0078882 -0.2205650 -0.0330496 -0.5285377 -0.0502066 -0.2671539 -0.0408033 0.0857743 0.1308069 -0.1718147 0.0186282 -0.1356583 0.1165201 0.1468500 -0.2451991 0.0023351 -0.1340385 -0.3386919 -0.0561078 0.0375087 0.2161692 -0.1320165 -0.1604830 -0.3513064 0.0820426 -0.0500896 -0.0369125 -0.3138382 0.0511811 -0.2979152 -0.1173438 -0.0033499 0.0668953 -0.2602951 -0.1358032 -0.2017229 -0.3232462 -0.3433299 -0.2576563 -0.4269043 -0.4522761 -0.2127515 -0.1979743 -0.1784253 -0.0334992 -0.0558051 -0.0550463 -0.3310232 -0.5338274 -0.3653945 -0.6345292 -0.6287026 -0.6178660 -0.3840256 -0.0486016 -0.1485833 -0.1675520 0.0668538 0.0950852 0.4321000 -0.1362249 0.4751849 0.0457492 0.1089464 0.0113529 0.3673851 0.1448016 -0.0045831 0.3719755 -0.0493371 -0.2078680 0.0362302 0.2112588 -0.0633194 0.1283785 0.3819973 -0.2580067 0.0106812 0.1335098 0.0616769 0.3355047 0.0538884 -0.0225873 0.0329812 -0.2115888 0.3719173 0.2025419
0.3007710 0.3744565 -0.1072298 -0.1148200 -0.0306895 -0.2292183 -0.3024831 0.0278890 0.5446278 0.0000000 -0.1861023 -0.0331679 -0.3909472 0.5776069 0.6471329 -0.4336097 0.6164531 0.3645877 -0.2487964 -0.6125538 -0.3181063 -0.5311937 -0.0928547 0.5720148 -0.5045289 -0.2954264 0.3578044 0.7828998 -0.2048730 0.2750719 -0.3519036 -0.3523276 0.5620953 0.3057751 -0.0874400 -0.2401245 -0.3407101 -0.4394303 0.3309983 -0.1608341 -0.2011964 -0.5139787 -0.2867458 0.3498117 -0.6312609 -0.2115237 -0.4629211 -0.2493843 0.5635779 -0.3483564 -0.4821109 -0.3295068 -0.0812511 -0.1487617 0.2247678 -0.3222667 -0.5043205 -0.2847131 -0.1811419 -0.4777156 -0.5019326 -0.1874563 0.1561379 -0.4658279 -0.2726711 -0.5046988 -0.4316797 -0.3050595 -0.3984197 -0.5229115 -0.4568150 -0.4087989 -0.3575559 -0.3918166 -0.1502582 -0.3690168 -0.4112054 -0.0837199 -0.2496955 -0.2248605 0.3217843 -0.2764081 -0.5346679 -0.4571530 -0.6786138 -0.4470085 0.0414862 0.1452249 -0.6157608 -0.7116008 -0.6797920 -0.5278636 -0.3756550 -0.2207164 -0.6819346 -0.3487844 -0.0712735 -0.4261903 -0.7504729 -0.4118868 -0.7151590 -0.4093616 -0.4029337 -0.2857386 -0.5138103 -0.6048745 -0.6690752 -0.5084105 -0.4536519 -0.6982535 -0.5483009 -0.7998263 -0.4793491 -0.5160234 -0.5938807 -0.5144145 -0.4104464 -0.2190581 -0.3844187 -0.2960521 -0.3879965 -0.2868430 0.2646854 -0.1838233 -0.3844336 -0.4518434 -0.4974627 -0.2792940 -0.3263814 -0.4768039 -0.5919612 0.1337665 0.0277118 0.3539710 -0.5131437 -0.2615979 -0.2321032 -0.3748457 -0.2250104 -0.4423337 -0.3453043 -0.3892672 -0.6172795 -0.2373091 -0.1411061 -0.4458784 -0.2785641 -0.2956765 -0.5003052 -0.4364326 -0.5529468 -0.2207865 -0.5602206 -0.5850113 -0.3373648 -0.4994734 -0.5677008 -0.3327174 -0.6081800 -0.6261113 -0.5524832 -0.6789020 -0.4462033 -0.6014909 -0.6700613 -0.5461317 -0.6600213 -0.5437008 -0.7435649 -0.8037684 -0.6721247 -0.6730120 -0.0215654 0.1665279 -0.1544878 0.2786793 -0.1048357 0.4894618 -0.1716493 -0.2545807 0.3029313 -0.1003075 -0.3020592 -0.1513307 -0.2905588 -0.0440336 0.1860047 0.1955683 0.1497528 -0.0211324 -0.3157385 0.1525066 0.6862335 -0.4558768 -0.5321453 -0.4466074 -0.2014799 -0.1694763 0.0993949 -0.2169491 0.2462271 -0.0099902 -0.1762945 -0.4058712 -0.0411393 0.4046750 -0.0330113 -0.0475841 0.2975413 0.0653748 -0.0128386 0.0965373 0.0620696 -0.2720303 0.1332705 0.1179626 0.4082657 0.1753726
0.1816527 0.3219481 0.2648536 0.6759658 0.1758041 0.6991386 0.2536892 0.8922668 -0.3728933 -0.1861023 0.0000000 0.2526310 0.5935307 -0.5911437 -0.0368463 0.8732481 -0.2095139 -0.4159355 0.8474642 0.3672024 0.3170804 0.4885676 0.6841181 -0.5502842 0.7635298 0.6562895 0.0700225 -0.3056336 0.2759007 -0.1302609 0.4022470 0.4554390 -0.5728124 -0.0748323 0.6208218 0.5670007 0.6220540 0.5811343 -0.1659506 -0.2629022 0.2220505 0.4305200 0.6855456 -0.2579722 0.5076207 0.7220266 0.6063104 0.0400592 -0.0567288 0.5687151 0.5341077 -0.0320169 0.3517274 0.3246653 0.0566242 0.6703194 0.6545939 0.7398457 -0.0169397 0.6157272 0.5496972 0.5289025 0.1839656 0.6545997 0.3602733 0.6795687 0.7642963 0.7149140 0.7405933 0.8340912 0.7599954 0.6125580 0.6782025 0.4777068 0.7031506 0.6689499 0.8255544 0.5647151 0.3006201 0.4720387 -0.1978970 -0.1441494 -0.0471448 -0.0859844 -0.0701976 -0.1659015 -0.2109127 -0.0834096 -0.0460852 0.2083138 -0.0985773 -0.2283150 -0.0441021 -0.2093296 -0.0065336 0.0691713 -0.1899584 -0.2646995 -0.0266584 0.1734455 0.3583503 -0.2817911 -0.1074716 -0.1340363 0.0726498 0.4061850 -0.0083119 -0.0818944 -0.0792319 0.0497917 0.0984002 0.1917890 -0.3140104 -0.4223630 -0.3616896 -0.3645276 -0.4031159 -0.0780491 0.0021711 -0.0110949 -0.1872423 -0.3137261 0.0729880 0.4666501 0.1395373 0.2096677 0.0884432 0.1305474 0.3549637 0.3650348 0.2865835 0.4272850 0.5337600 -0.1242218 0.6125888 0.0388956 0.2234815 0.2439368 0.1162357 0.3289477 0.2631318 0.3227997 0.1926009 0.1584690 0.2464474 0.1911462 0.0163939 -0.0939420 0.4219609 0.3320568 0.1422949 0.0762005 0.1829359 0.1058242 0.3619552 0.0214232 0.1174701 -0.0677357 0.1883830 0.0402979 -0.0529653 0.2556407 -0.0485385 0.0619470 0.0433489 0.0356622 0.0477098 0.1698674 0.2250830 0.2907850 0.1308286 0.0607234 0.2594513 0.4949158 0.7348912 0.4972532 0.5480447 0.1181219 0.4912111 0.4175049 -0.0033428 0.2616412 0.4634468 0.2537059 0.4024327 0.1205670 -0.0857262 0.0018625 0.3557162 0.4760135 -0.0322474 0.4025289 0.1525735 0.3936383 0.2904898 0.4782496 0.2161467 0.3178812 -0.1615679 0.2431783 -0.0352894 -0.0692874 -0.0892449 -0.1463288 0.5125440 -0.2656710 0.0729643 0.4079030 0.0133859 -0.1680974 -0.1202098 0.4374613 0.1969433 0.5664810 0.2810317 -0.0129247 -0.0802368 -0.3682258
0.3436561 0.1450062 0.3372068 0.5571805 0.4005224 0.4694226 0.4531521 0.3529555 0.2321876 -0.0331679 0.2526310 0.0000000 0.2871744 -0.1302759 0.4034215 0.2870198 -0.1144079 -0.2819937 0.1127365 0.2030736 0.7935533 0.2884643 0.2689961 -0.1263082 0.0329097 0.0007084 0.0659301 -0.1859534 0.7734843 -0.2572527 0.3540155 -0.1662865 -0.0984875 0.4935217 -0.0611492 0.5407690 -0.1229563 -0.0350376 -0.3788248 -0.3123845 0.0357829 0.4624821 0.1543489 -0.2223529 0.4772460 -0.0832485 0.0122279 0.0040694 0.3093633 0.0330192 0.0153724 -0.2600130 0.8173215 -0.2281082 -0.3367827 -0.0529889 0.0308315 0.2255429 -0.1152716 -0.0330866 0.5651027 -0.0941457 -0.3099316 0.6391952 0.5842995 0.1084166 0.0324747 0.0774388 -0.0069116 0.3561824 0.0593732 0.6697366 0.0071650 0.6034031 -0.0138345 0.1917716 0.3650564 -0.1066979 -0.1802241 -0.0349581 -0.3552411 0.1165865 0.0400404 0.1013112 0.0777433 -0.1446898 -0.2734847 -0.1792072 -0.0116446 0.2436955 -0.1969076 -0.2601422 -0.4303408 -0.2217077 0.0436465 -0.1662988 -0.3168703 -0.1418701 0.0805701 0.1984837 0.3597431 -0.2038105 -0.0584426 -0.3812966 -0.1748252 -0.0616932 -0.1982035 -0.0547341 -0.2040901 0.0193692 -0.1723605 -0.0685441 -0.2665178 -0.0004634 -0.0025293 -0.0545707 0.0722318 0.1085261 0.0334632 0.1822101 0.0277325 0.1420796 -0.3320185 0.2784527 0.0996359 0.5563517 0.0983047 -0.2049625 0.4347602 -0.0806893 -0.0077083 -0.0326979 0.1005532 -0.2912613 0.1573972 -0.3030730 -0.2661484 0.3278339 0.0893186 0.7059318 0.1293125 0.5575738 0.1825386 0.1147213 0.1991393 -0.3519598 0.0595092 -0.0180904 0.1225024 0.6023878 0.5620050 0.1732303 0.2456690 -0.0008465 0.0455086 0.1299093 0.3157426 0.0827372 0.1409815 0.3941647 -0.0137340 0.4121208 0.0276182 0.3188910 0.0701270 0.0699645 -0.0763664 0.0172664 0.2363590 0.3175245 0.0905948 0.0515450 0.1473894 0.0697455 0.4053725 0.4882416 0.6531495 -0.3750371 0.4165921 0.3225252 -0.2895983 0.0584456 0.1736853 -0.0068551 0.4919564 0.2680738 -0.1584444 -0.1111370 0.6094440 0.7155327 0.3711435 0.2864557 0.3100375 0.3366759 0.5476111 0.4307002 0.6153560 0.5429317 -0.0461219 0.6116531 -0.4883385 -0.6320629 -0.3214308 0.0203250 0.4412393 -0.3337948 0.4589701 -0.0440364 -0.3003272 -0.1826508 -0.1454234 0.5180260 0.4001135 0.6969843 0.6800881 -0.1861584 -0.1458868 -0.1463442
0.3484604 0.2650712 0.8376509 0.4254329 0.5692111 0.4067603 0.5295640 0.5876612 -0.4024889 -0.3909472 0.5935307 0.2871744 0.0000000 -0.5118505 -0.4407611 0.7724279 -0.4717707 -0.4869008 0.6323986 0.7777918 0.3018255 0.8716441 0.4911058 -0.4506134 0.7388550 0.3344822 -0.2841375 -0.3952496 0.1208966 -0.1615252 0.6807322 0.5612830 -0.4032961 -0.1839273 0.2136403 0.3422401 0.6001512 0.8095950 -0.1103961 0.3082744 0.4135512 0.4631544 0.5611340 -0.0840332 0.5420494 0.7000909 0.7096957 0.3397970 -0.1552813 0.7645906 0.6822087 0.2780316 0.3390200 0.3891912 0.3537479 0.8116594 0.7249702 0.5313042 0.6179766 0.7057329 0.8003727 0.3465301 0.4485590 0.6011214 0.6638895 0.7234925 0.7326317 0.4586479 0.8133227 0.6492005 0.7334247 0.7017953 0.5552025 0.7680661 0.5801655 0.6761865 0.7760976 0.3955881 0.5467321 0.6383222 0.1144711 -0.0673934 -0.0780020 -0.1492347 0.0430754 -0.0346218 -0.3851787 -0.2538943 0.3687069 0.5121580 0.2557963 0.1368938 -0.2031461 0.0161089 0.5525205 0.3045642 -0.1868516 -0.2341948 0.5359309 0.4794136 0.4333442 -0.1835005 -0.2776922 0.1109172 0.1921122 0.7387913 -0.0009938 -0.1761627 0.1226277 0.0292242 0.3926702 0.2914185 0.0540844 0.0701757 0.1844575 0.0592008 0.0322268 -0.1114750 0.0154959 -0.0597326 -0.0011339 -0.0719119 -0.1837789 0.2587850 0.0199675 0.2025112 0.1920778 0.2085888 0.1356863 0.3876258 0.3095636 0.3529241 0.0738095 -0.0207988 0.6605081 -0.1200788 0.1587529 0.0071641 -0.0250088 0.4169240 0.3219747 0.2979516 0.4673039 0.2113265 0.0164750 0.0117831 -0.0381007 0.0287169 0.6456152 0.3634270 0.4821419 0.1698834 0.1575488 0.2728386 0.4157250 0.2664117 0.5144872 0.0277218 0.5054339 0.4599739 0.1349600 0.4189113 0.0845665 0.4681218 0.2181456 0.3633815 0.2916995 0.5815455 0.6043798 0.5304769 0.4047988 0.3808010 0.2683255 0.1917185 0.5600195 0.3958478 0.4713222 0.0856880 0.2964872 0.3533632 0.0514220 0.3561187 0.6353820 0.4040730 0.7216565 0.6531526 0.4025283 0.4937243 0.4948810 0.5497976 -0.1088790 0.5624973 -0.0474450 0.1277264 0.2673678 0.2389927 0.0701528 0.7016727 0.4626740 0.0279039 -0.0716972 -0.3651777 -0.0921176 0.0513208 0.2577038 -0.1572321 -0.0322735 0.4730995 -0.1505119 0.0409472 -0.1539941 0.2458074 0.2100107 0.6884495 0.5507776 0.2985811 -0.3253913 -0.5151222
0.0946019 0.3172150 -0.2580859 -0.2668576 -0.0929800 -0.3986124 -0.3573731 -0.3602064 0.6428140 0.5776069 -0.5911437 -0.1302759 -0.5118505 0.0000000 0.4810895 -0.6360620 0.4554651 0.7943867 -0.5280224 -0.6004779 -0.3770638 -0.4820560 -0.5383782 0.7748975 -0.6484714 -0.4464574 0.1235099 0.7222282 -0.3293231 0.2346809 -0.2912195 -0.4353983 0.6874382 0.1928871 -0.5239256 -0.4571297 -0.4876334 -0.5507853 0.0935403 -0.1376724 -0.1436258 -0.5314757 -0.5969675 0.1106462 -0.5959170 -0.5730481 -0.5415823 0.0358969 0.1850042 -0.3893760 -0.4870390 -0.4428656 -0.1772619 -0.5330753 0.0667984 -0.6051751 -0.5249410 -0.7166938 0.0016512 -0.5731780 -0.5525309 -0.5089773 -0.1989992 -0.5391345 -0.3516169 -0.4548996 -0.5895859 -0.6247937 -0.6040975 -0.6541444 -0.4824799 -0.4049667 -0.5614513 -0.4140052 -0.4903812 -0.6240574 -0.6671108 -0.4538969 -0.4393849 -0.5485493 0.1214612 0.1672052 0.0255962 0.0570759 -0.0654282 0.1346183 0.1747696 0.2876305 -0.0267450 -0.1961621 -0.2069361 0.0038029 -0.0304906 0.2551142 -0.2344871 -0.2670471 0.1404973 0.0960140 -0.1920998 -0.0865705 -0.5010016 0.1167528 0.0148985 0.0928169 -0.1526108 -0.5651914 -0.1418538 -0.0294691 0.0061159 -0.1576816 -0.2264472 -0.2810830 0.0704420 0.0543873 0.0025427 0.0062487 0.0706901 0.0926004 0.0760167 0.0880406 0.1004502 0.1243138 -0.2504528 -0.1198454 0.0154054 -0.1991618 -0.3394023 -0.0591113 -0.1262043 -0.3371399 -0.3427562 -0.0394538 -0.4236073 0.2653443 -0.4836833 0.1366153 -0.0562438 -0.1194410 -0.1814522 -0.2353751 0.0881442 -0.1500021 -0.3514873 0.1678629 0.0792438 -0.0567716 -0.0245827 0.0398985 -0.2250148 -0.2305504 -0.1602503 0.1798425 -0.2177623 -0.0317451 -0.1490032 0.0685211 -0.0686073 0.1757181 -0.1824404 -0.1162103 -0.1144463 -0.3054958 0.1331843 -0.1326935 -0.2292027 -0.0124921 -0.1410974 -0.1568573 -0.3909864 -0.3971225 -0.2096144 -0.2305746 -0.0515342 -0.1972829 -0.4773601 -0.1779315 -0.3190494 0.1661401 -0.3170140 -0.2680446 0.1200231 -0.1231069 -0.2757644 -0.0267199 -0.2414486 -0.2935764 0.0646799 -0.0000525 -0.1192071 -0.1807232 -0.0508137 -0.2941951 0.1093881 -0.3561595 -0.2963717 -0.2889031 -0.0212926 -0.2557506 0.1598132 -0.0530669 -0.0237118 0.0390732 -0.0252925 -0.0281726 -0.1189542 0.5073470 0.1871959 -0.4488803 -0.0278399 0.2212377 0.0908837 -0.2260690 0.2406235 -0.3519774 -0.1934586 -0.1683721 0.3350255 0.1703341
0.1328775 0.3491219 -0.3230543 0.3287333 -0.0343618 0.1212578 -0.2874409 0.1576431 0.7508945 0.6471329 -0.0368463 0.4034215 -0.4407611 0.4810895 0.0000000 -0.2451951 0.4299466 0.4051537 -0.1173764 -0.4912166 0.0535961 -0.5123460 -0.1756720 0.5769138 -0.3292382 -0.0337091 0.2396867 0.6147901 0.3101361 0.0886805 -0.3410432 -0.2896095 0.5397312 0.6259980 -0.0653458 -0.0265347 -0.3362467 -0.5045768 -0.2163441 -0.5549945 -0.0968052 -0.2473497 -0.4122891 0.0962482 -0.2304205 -0.3121616 -0.4263390 -0.1186969 0.6708634 -0.3350573 -0.4448387 -0.5467595 0.3673488 -0.3582856 -0.1348427 -0.5052991 -0.4469787 -0.1264391 -0.4922150 -0.4931990 -0.2146741 -0.2446215 -0.2909235 0.0144533 0.0091794 -0.3998031 -0.4655855 -0.1878412 -0.4961063 -0.2148435 -0.4010794 -0.0673638 -0.3440322 -0.1945352 -0.2241368 -0.3801651 -0.2925500 -0.2736591 -0.6218421 -0.5002327 -0.3334548 -0.1767267 -0.1340372 -0.0450478 -0.2510777 -0.1774818 0.0239338 0.1036819 -0.2589251 -0.3120399 -0.4575041 -0.3957924 -0.2807149 -0.3124324 -0.4112794 -0.1694405 -0.0707835 -0.2091961 -0.4453795 -0.4483229 -0.3670793 -0.2669398 -0.0954013 -0.4759688 -0.2928709 -0.5521714 -0.3474687 -0.1888448 -0.3422302 -0.3095458 -0.3640087 -0.4061143 -0.4605373 -0.3965391 -0.4709086 -0.4016779 -0.2576422 0.0781184 -0.1433204 0.0931209 -0.1158426 -0.0601151 0.1070700 0.0154720 -0.0919883 0.0685882 -0.3099284 -0.1940741 0.1380893 -0.5092687 -0.4224614 -0.0044144 -0.0161752 -0.1156925 -0.5321986 -0.1390166 -0.3534956 0.0522294 0.0040971 0.0423644 -0.2447087 0.0079884 -0.2947528 0.0052730 0.1486637 -0.3095653 -0.0501643 -0.1623303 -0.4694201 -0.1016400 -0.2058573 -0.0321035 -0.2187983 -0.3697723 -0.3169196 -0.1409330 -0.3270551 -0.1704312 -0.4419820 -0.2900784 -0.4101689 -0.2563705 -0.1597174 -0.2818113 -0.4257093 -0.4149624 -0.4792467 -0.5410260 -0.4838551 -0.3785555 -0.5219082 -0.5220994 -0.1312342 -0.1036245 -0.0572396 0.1095007 -0.0098183 -0.1870791 -0.1712605 -0.2952965 -0.2333623 -0.4457272 -0.4588637 -0.4541525 -0.2681980 -0.2227314 -0.3856931 -0.3907684 0.1084767 0.1525702 0.1937399 -0.1324359 0.4920352 -0.0108642 0.0159480 0.0038700 0.3291942 -0.0719020 -0.3582278 0.3454945 -0.0007656 -0.1983214 -0.1426679 -0.1007691 0.2364224 -0.1054493 0.3812852 -0.2404166 0.1311100 -0.1317173 -0.0600649 0.3432395 0.1405926 -0.0431785 0.1270275 -0.3383907 0.2794182 0.1478383
0.2567583 0.3099270 0.4612911 0.6533027 0.2863184 0.7185424 0.4432867 0.7720899 -0.4218438 -0.4336097 0.8732481 0.2870198 0.7724279 -0.6360620 -0.2451951 0.0000000 -0.3426374 -0.5256073 0.8828211 0.6449149 0.3268275 0.7409299 0.7138686 -0.5996997 0.9020091 0.7470102 -0.1409922 -0.4003192 0.2301609 -0.1389377 0.5327258 0.6106050 -0.5960297 -0.2252281 0.6586587 0.4976123 0.7967405 0.7689353 -0.2558518 -0.0382167 0.3856477 0.5415405 0.7047843 -0.1924015 0.6604793 0.7897826 0.8312615 0.1945118 -0.1973632 0.7146934 0.7852422 0.1676053 0.3258667 0.4354475 0.0679173 0.7730044 0.8565462 0.7087775 0.2250959 0.8257896 0.7054365 0.6316370 0.2306349 0.6513600 0.4190868 0.8560813 0.8810969 0.6621663 0.8650542 0.8657236 0.8680181 0.6902288 0.6993747 0.5588819 0.7593115 0.7529266 0.8383529 0.5765038 0.4402123 0.5884999 -0.1912360 -0.0895984 0.0364820 -0.0401448 0.1006343 -0.0263710 -0.2591104 -0.1651781 0.2412856 0.4283384 0.1270801 -0.0223566 -0.1036381 -0.1174312 0.3315710 0.1777408 -0.3008474 -0.1993360 0.3275748 0.3301291 0.4468532 -0.2015396 -0.0999074 -0.0997765 0.1082563 0.5675888 0.1396807 -0.0730314 -0.0033646 0.1777382 0.2311782 0.4020141 -0.2227592 -0.2913866 -0.1527392 -0.2533735 -0.2909635 -0.0534754 0.0166943 0.0092327 -0.0960875 -0.2777166 -0.0637378 0.4402074 0.1462190 0.3123036 0.0660328 0.1466380 0.3333999 0.3313856 0.2675877 0.3750259 0.3117511 -0.2610389 0.7190509 -0.0129307 0.1035080 0.2018767 0.0142315 0.4385361 0.2913294 0.3434060 0.3905521 0.2635216 0.1747945 0.1338411 0.0066340 -0.0766727 0.5504141 0.3574804 0.3554287 0.1484104 0.2605748 0.1974564 0.3743526 0.2396849 0.3182809 0.0350992 0.3752367 0.3008284 -0.0181620 0.3945344 0.1209487 0.3032251 0.1228844 0.2044084 0.2122341 0.4162440 0.4643443 0.4930741 0.3053822 0.2430500 0.3804141 0.3555418 0.7573830 0.3946308 0.5446699 0.0464372 0.4022286 0.3553988 -0.0389237 0.2211355 0.5550220 0.2787731 0.5928018 0.1998461 -0.0496330 -0.0015179 0.2795299 0.4305310 0.0081284 0.4311965 0.0232787 0.4708809 0.3963664 0.5882000 0.2701162 0.5050694 -0.0280564 0.2786833 -0.0589952 -0.2127524 -0.1245933 0.0347790 0.4772468 -0.3231179 0.0726856 0.5083521 -0.0586178 -0.0515955 -0.1461879 0.3850978 0.2334461 0.6586380 0.2854553 0.0228346 -0.1377417 -0.4646933
0.0192368 0.0802579 -0.2489882 -0.2453454 -0.0030704 -0.1834131 0.0111705 -0.1433232 0.4779210 0.6164531 -0.2095139 -0.1144079 -0.4717707 0.4554651 0.4299466 -0.3426374 0.0000000 0.1044686 -0.1999588 -0.4146545 -0.2738229 -0.5335622 0.0752657 0.2288685 -0.4159927 0.0084999 0.6807047 0.7377436 -0.1750604 0.8269539 -0.6014655 -0.2163834 0.3341861 0.1711214 0.1532001 -0.0973535 -0.1116948 -0.3682198 0.4828473 -0.0765086 -0.0899823 -0.3496362 -0.1607508 0.3711772 -0.4305008 -0.1669544 -0.3095095 -0.2728709 0.3805250 -0.4342860 -0.3351650 -0.1103114 -0.1383661 -0.0195219 0.1422265 -0.2668342 -0.3228892 -0.3472285 -0.0431508 -0.2882869 -0.4021586 0.0358225 0.2660172 -0.3942739 -0.2056229 -0.2938883 -0.3036727 -0.3644899 -0.2603028 -0.4114918 -0.2411825 -0.3753609 -0.2659806 -0.3685943 -0.0349936 -0.2497893 -0.2862337 0.1031506 -0.1433703 -0.1511226 0.2582146 -0.3910705 -0.4028145 -0.4273826 -0.5103904 -0.5811681 -0.2003848 0.1445478 -0.5043509 -0.6542541 -0.4971703 -0.5057633 -0.4023508 -0.1882794 -0.6062497 -0.2727303 -0.3026603 -0.4490795 -0.6417686 -0.3463983 -0.5664773 -0.4623107 -0.4486279 -0.1439203 -0.5012793 -0.4968609 -0.5537207 -0.5169705 -0.5852153 -0.5467839 -0.4319867 -0.6286920 -0.4062445 -0.4363972 -0.4854192 -0.4200574 -0.2589727 -0.2387813 -0.3020538 -0.2879992 -0.2490915 -0.1478296 0.1503948 -0.1773968 -0.2186295 -0.4073109 -0.4687750 -0.3965762 -0.4516084 -0.4094765 -0.4725058 0.1548991 0.0183902 0.1157328 -0.1525135 -0.3870278 -0.2056680 -0.4811087 -0.1767067 -0.4119792 -0.4684756 -0.4618775 -0.4064567 -0.4398050 -0.2115280 -0.4023211 -0.3891206 -0.5055122 -0.5101633 -0.4737053 -0.5122771 -0.2843428 -0.4587019 -0.6323368 -0.5690039 -0.4997446 -0.6405377 -0.3893961 -0.6411199 -0.4970928 -0.5662224 -0.6505343 -0.4986123 -0.6229841 -0.6524815 -0.5723968 -0.5901264 -0.5826350 -0.7179340 -0.6801425 -0.6690267 -0.6517012 -0.2212663 -0.0262457 -0.1131100 0.1184436 -0.2145305 0.2398722 -0.1502343 -0.2171424 0.2318979 -0.2489998 -0.2040208 -0.1756824 -0.1403451 -0.0637944 0.0588555 0.0404151 0.0035728 -0.1681729 -0.2327215 -0.1315793 0.4542734 -0.2979146 -0.5147532 -0.3669290 -0.2980396 -0.4119500 -0.0852822 -0.1680944 0.1300878 -0.1131202 -0.2849212 -0.3355659 0.0479807 0.4303463 -0.3265198 -0.2997919 0.2867357 0.1089186 -0.1446946 -0.0228199 0.0955018 -0.3270167 -0.2136226 0.1108741 0.6203340 0.3130285
