0.0000000 0.7229790 0.6544081 0.6349362 0.6210217 0.5304741 0.2068660 0.7916738 0.2159409 0.4142333 0.4879165 0.3978479 0.8385977 -0.1454340 0.1304423 0.2358200 -0.0358466 -0.0770641 0.4357596 0.4805741 0.3250016 0.8359806 0.1596546 0.0566477 0.4109348 0.3174928 -0.0630784 -0.1978680 0.3571310 -0.2107134 0.7257146 0.3229630 0.0073851 0.2656777 0.3267156 0.3094425 0.2391173 0.6054512 0.0032786 -0.1462206 0.6201313 0.3529503 0.1529654 -0.0540948 0.2160456 0.3995809 0.3126341 0.5933803 0.1355675 0.6133507 0.3144441 0.0768506 0.4205176 0.2116957 0.5483810 0.4571116 0.2479863 0.1549890 0.4993117 0.2491783 0.3968989 0.2809087 0.4341386 0.4217692 0.5980745 0.2382876 0.2721996 0.3293726 0.2408675 0.4013888 0.3071223 0.4290423 0.4336644 0.5673684 0.1691620 0.3825044 0.3570050 0.3832996 0.2571335 0.3111122 0.2820688 0.2878580 0.1166671 -0.2028628 0.0595853 0.0312851 0.3085302 -0.2123319 0.1537038 0.0975257 0.1708448 0.5667877 0.2037197 -0.1167990 0.2138771 0.2679343 0.2045602 0.1210245 0.1048552 0.3094604 0.2899040 -0.0073620 0.2332565 0.4103255 0.0390440 0.2713663 -0.1668877 0.1412033 -0.0284027 -0.1582212 0.1022326 0.0073862 0.1106901 0.1826365 -0.0023233 0.3124357 0.1601341 0.2505103 0.1607286 0.1391714 0.1386789 0.1793816 0.3457850 0.0250435 0.1551756 0.1983549 0.2553472 0.0659013 -0.1568100 0.4434293 0.1185601 -0.0298884 0.3981793 -0.1998225 0.3542621 0.0438811 -0.1059095 -0.1138289 -0.1463492 -0.0606930 0.2451222 -0.1319909 0.4185978 -0.1350204 -0.1477250 0.3946863 -0.0993044 -0.1010758 0.4439747 -0.1335195 -0.1735874 -0.1241753 -0.1203233 0.4163136 0.1377992 -0.0932435 -0.0003130 -0.1093467 0.4111139 0.0001647 0.1506215 -0.2384815 0.0699503 -0.0307658 -0.0348396 -0.0744081 0.4160545 0.3489547 0.1512059 -0.1534345 0.0974892 0.1659857 0.3818816 0.3862294 0.4477469 0.5345320 0.5491349 0.5128909 0.4738717 0.5545204 0.5359553 0.6790167 0.4160667 0.2954145 0.3600663 0.6655004 0.4692900 0.4874026 0.3941505 0.2204810 0.0779889 0.4015937 -0.0069327 0.3154506 0.2827926 0.4327765 0.0013973 0.1168910 0.3955155 0.0716117 0.3710219 0.2183974 0.6119752 0.6062692 0.4394605 0.5068777 -0.1807687 0.3469108 0.2514175 0.2716794 0.3004609 0.5560829 0.4828617 0.3490017 0.0005930 0.3006022 -0.4045170 -0.2881144
0.7229790 0.0000000 0.7358970 0.8785984 0.6040213 0.8782954 0.5829130 0.7070696 0.6145972 0.7311478 0.6178543 0.6559234 0.6542779 0.1461512 0.3577556 0.1702083 0.2495692 0.0865986 0.1421657 0.6483893 0.6605991 0.5669283 0.3229859 0.3428733 0.1180569 0.0876740 0.1344233 -0.0175711 0.6322752 0.0324992 0.7257712 0.0644126 0.4338560 0.6743007 0.2964686 0.6418247 -0.0951508 0.2269654 0.0841939 -0.0527006 0.4060928 0.6683524 0.1385593 0.2929704 0.4880084 0.0296398 -0.0100437 0.5138417 0.5983724 0.3475290 0.0486325 0.0526579 0.7186648 0.4917381 0.2685415 0.0544124 -0.0887477 0.4846249 0.4445505 0.0671408 0.4467171 0.1780923 0.1394490 0.7663454 0.7500897 -0.0259455 0.0225019 0.3616008 -0.1369951 0.5540845 0.0586501 0.7986530 0.3982889 0.7933030 -0.1799755 0.6760340 0.7019836 0.2442106 0.5111766 0.4055133 0.2219718 0.1071497 0.1382115 0.0084972 0.1448834 0.0423554 0.0785095 0.0252315 0.1462486 0.1144560 0.1304353 0.2593191 0.0407854 0.0007735 0.1274892 0.1569003 -0.0115404 0.0671059 0.0005090 0.1400149 0.1875275 -0.0771618 0.1785333 -0.0679205 -0.0470027 0.1510709 -0.2817270 -0.0532279 -0.1276755 -0.0725618 0.0885123 -0.1702507 -0.2050717 0.0663151 0.1149197 0.1132489 0.1951299 0.2934188 0.1959327 0.1698677 0.2222509 0.2329231 0.0347169 0.0779864 0.1437568 0.0084510 0.2618052 -0.2255164 -0.2521099 0.3263014 -0.0324088 -0.2530110 0.2526238 -0.2139729 0.0407288 -0.2118950 -0.2268338 -0.3263163 -0.3102565 -0.1777340 -0.0797969 -0.2848824 0.0296632 -0.2721673 -0.3346821 0.0321131 -0.3028896 -0.2762387 0.2084764 -0.2600359 -0.1819576 -0.3159751 -0.3281601 0.0441682 -0.0112725 -0.4234814 -0.2847997 -0.3554901 0.0006961 -0.2448173 -0.1043476 -0.3338308 -0.2346221 -0.2668566 -0.2809943 -0.2989760 0.0864030 0.0693308 -0.0919763 -0.3104881 -0.2483124 -0.1093800 0.1159684 0.1234955 0.5604379 0.6464164 0.5534101 0.2514231 0.5837462 0.4186030 0.0800726 0.5018693 0.5432869 0.3838310 0.2149312 0.5624000 0.2857038 0.3637010 0.6418750 0.5443996 0.0070116 0.3406045 0.4031375 -0.1385023 0.0025614 0.1542175 0.0492124 0.4586113 0.4625529 -0.0456167 0.4373957 0.1703153 0.3008283 0.4475013 0.4799691 0.4025087 -0.2072203 0.6297470 0.3278385 0.4824054 0.0387152 0.4885816 0.4006124 0.5954726 -0.0559581 0.0475611 -0.0099480 0.0762800
0.6544081 0.7358970 0.0000000 0.5647624 0.8966024 0.5713077 0.4344099 0.5166605 0.4925704 0.5421719 0.3254371 0.6430120 0.8291972 0.1037192 0.3740220 -0.0778859 0.0001735 0.2361306 -0.0882162 0.8009336 0.5625580 0.4529597 -0.0214028 0.3706318 -0.1742152 -0.2334672 -0.2007031 -0.0009688 0.4571240 -0.2440886 0.7783119 -0.2003638 0.3009248 0.4200138 -0.0665097 0.4524919 -0.4034848 0.0820928 -0.2589136 -0.4042888 0.3194057 0.4668524 -0.2111872 -0.0547702 0.2776565 -0.1955023 -0.3174531 0.5959038 0.3274168 0.4427467 -0.2815735 -0.2550122 0.3910568 0.0323162 0.4089620 -0.0853263 -0.3603870 0.1233342 0.2845769 -0.2940744 0.1870446 -0.1653848 0.4668804 0.5596642 0.6789899 -0.2989593 -0.3063285 -0.0464573 -0.2524948 0.2139172 -0.2537595 0.5884116 -0.0465135 0.8616626 -0.3630513 0.3906942 0.6063995 -0.0175173 0.3581327 0.4880501 0.2615478 0.4764843 0.0876608 -0.3828316 -0.0778034 0.1106560 0.1430700 -0.0364677 0.0782524 0.1990096 0.1700240 0.2812297 0.0279332 -0.1284187 0.0983636 0.2836238 0.0770332 0.0422872 -0.0523748 -0.0102745 0.3948218 -0.0182487 0.1990936 0.1346656 -0.0112108 0.2529567 -0.2165971 -0.0593397 -0.1142180 -0.1477705 0.1183374 -0.1369763 -0.1794580 0.2074343 0.0506075 0.2172100 0.3343453 0.4576347 0.3530215 0.2545929 0.4047616 0.4172912 -0.1882368 0.2671327 0.2718879 0.0911022 0.3205466 -0.2407290 -0.1813130 0.4013568 0.1783476 -0.3164553 0.1526854 -0.2160988 0.1760643 -0.1357001 -0.1681930 -0.1878312 -0.1667833 -0.1484545 0.0041615 -0.2415718 0.2191892 -0.3126522 -0.1707247 0.1244109 -0.1423915 -0.1481133 0.3598000 -0.2661361 -0.2522555 -0.2878861 -0.1700143 0.1581924 0.1564718 -0.3822450 -0.1824112 -0.2008305 0.1350449 -0.1968630 -0.0117044 -0.2947955 -0.1868858 -0.1743868 -0.1075368 -0.2618595 0.2335557 0.1711949 0.0545113 -0.2353301 -0.0713158 0.0196732 -0.0505985 0.1883014 0.5674381 0.7377490 0.7262047 0.5071996 0.6435461 0.5568684 0.3141063 0.5112509 0.3331720 0.0705109 0.1280339 0.7071124 0.5321747 0.7254192 0.7617252 0.4991123 -0.0689523 0.4428541 0.1312219 0.0464609 0.0419870 0.2849200 -0.0377077 0.4044452 0.4575255 -0.0529949 0.1422871 -0.0594777 0.1699330 0.3503444 0.6791611 0.4297143 -0.2051900 0.6494152 -0.1540239 0.3067088 -0.0407671 0.3856228 0.2716388 0.5420062 -0.0917672 0.2326519 -0.2241130 -0.3953623
0.6349362 0.8785984 0.5647624 0.0000000 0.3551859 0.7491509 0.2417357 0.8476418 0.5332643 0.8540356 0.8252075 0.5022824 0.5408564 0.1768274 0.2421528 0.4286790 0.4271014 -0.0972214 0.3990528 0.3601203 0.5292765 0.5724316 0.5136625 0.2028607 0.3938890 0.3400957 0.3270402 -0.0890265 0.6117064 0.1943204 0.5581310 0.3579874 0.3884141 0.6505426 0.5296673 0.5567664 0.1551469 0.4339084 0.4000292 0.2255340 0.4474099 0.6276127 0.4587574 0.5092323 0.5460693 0.3028806 0.2814180 0.4594282 0.7001914 0.4009212 0.3425453 0.3894455 0.8034024 0.6800478 0.2933830 0.2542417 0.1360758 0.6928735 0.4521333 0.3642205 0.5235929 0.3918207 0.0634198 0.8310140 0.7155215 0.1811486 0.2646599 0.5055880 0.0294994 0.6762337 0.2977755 0.8153051 0.5139741 0.6461996 0.0431920 0.7309700 0.6007643 0.4105297 0.5510867 0.2794754 0.1999134 -0.0522527 -0.0109831 -0.0030020 -0.0274222 -0.1254609 -0.0285193 -0.0292636 -0.0197397 -0.1190923 0.0540002 0.1970653 -0.0719596 -0.0777883 0.0339908 0.0267247 -0.0991800 -0.1481785 -0.0962168 0.1163773 -0.0171298 -0.2560162 -0.0126630 -0.2680394 -0.0340910 0.1209015 -0.3381123 -0.1808826 -0.1271289 -0.1306298 0.0306629 -0.1717242 -0.2759727 -0.0485049 -0.0317704 -0.0618312 -0.0412731 0.1273398 -0.0046698 0.0218783 0.0283918 0.0152882 -0.0243681 -0.0374199 0.0113072 -0.0289976 0.0411121 -0.2605844 -0.2004912 0.1900697 -0.1222304 -0.2310432 0.1672229 -0.1314071 -0.0417492 -0.1619028 -0.1784204 -0.2994974 -0.3023548 -0.1538299 -0.0212521 -0.2266160 0.0012312 -0.1750934 -0.2972766 0.0673852 -0.3165484 -0.2972556 0.1651286 -0.1822435 -0.1351821 -0.2789504 -0.2874032 0.0647214 -0.0524968 -0.3244127 -0.1798838 -0.3700975 0.0371907 -0.1686021 -0.1866451 -0.2137968 -0.2045344 -0.2074435 -0.2968135 -0.3201269 0.0078870 0.0342268 -0.1061820 -0.2134801 -0.2900606 -0.2001143 0.1514689 0.0737243 0.2949717 0.4377449 0.3506569 0.0078439 0.4164412 0.2282523 -0.0657980 0.4305595 0.5602652 0.4918460 0.2738959 0.3483952 0.1183346 0.1286886 0.5014703 0.4905563 -0.0988437 0.2536025 0.4754021 -0.1610935 -0.0667081 0.0789655 -0.0064537 0.4076806 0.4360341 -0.0830682 0.4380610 0.0413856 0.1388230 0.2711506 0.3221180 0.2712601 -0.2855354 0.3965249 0.3605272 0.3677035 -0.1266323 0.3727276 0.2746190 0.2827710 -0.1493914 -0.0464856 0.0609791 0.0835179
0.6210217 0.6040213 0.8966024 0.3551859 0.0000000 0.4932265 0.5878602 0.3267350 0.3793112 0.3708620 0.2353055 0.6259139 0.7818132 0.0435962 0.3023168 -0.0998472 -0.0516689 0.2600268 -0.1631427 0.8689195 0.5068782 0.4126335 -0.0909180 0.2758983 -0.2484844 -0.2801523 -0.2066820 -0.0873139 0.3232841 -0.3707182 0.8117018 -0.3290512 0.1661885 0.2376714 -0.1514933 0.3610322 -0.4789528 -0.0015290 -0.3122280 -0.4933438 0.3246897 0.3178972 -0.2903523 -0.2098071 0.0683976 -0.3134062 -0.4269080 0.6650277 0.1520153 0.4743917 -0.3790903 -0.3087158 0.1776142 -0.1019011 0.4151635 -0.1491880 -0.4574861 -0.0557810 0.2333768 -0.3898491 0.0624033 -0.3009280 0.4480896 0.2969119 0.4970497 -0.4014554 -0.3867690 -0.2511293 -0.3517174 -0.0414036 -0.3704947 0.3830884 -0.1927482 0.6836611 -0.4874080 0.1473675 0.4121120 -0.2529731 0.1178892 0.3380551 0.0823508 0.5484730 0.1804412 -0.2980332 0.0957296 0.3583658 0.2143119 0.0984022 0.3121207 0.4154532 0.1790055 0.2076462 0.1686942 0.0443604 0.1033657 0.2949947 0.0750113 0.1658534 0.0165642 0.1573485 0.4987380 0.1079143 0.3053798 0.3980151 0.0074823 0.1997563 0.0238763 0.0626973 -0.0072577 0.0705587 0.1994064 0.0722363 -0.0856262 0.3329723 0.1872261 0.2876578 0.3339994 0.4729284 0.3719100 0.4122864 0.4645932 0.4414398 -0.1326934 0.4469985 0.3453896 0.3000480 0.2958306 -0.1733272 -0.0162654 0.3978101 0.2347526 -0.1629340 0.0429201 -0.0699124 0.2146436 -0.0924671 -0.1206790 -0.0781021 -0.1141671 -0.0454206 -0.0810566 -0.1326912 0.0538790 -0.2175229 -0.1043600 0.0097716 -0.0552673 -0.0806541 0.1282348 -0.1612945 -0.1497245 -0.1880070 -0.1371571 -0.0247761 0.1385508 -0.2711077 -0.2582314 -0.1032771 -0.0733080 -0.1945222 -0.0484987 -0.2684045 -0.2239774 -0.2010530 -0.0814698 -0.2239447 0.0756026 -0.0605052 -0.1341509 -0.2651176 -0.1408884 -0.1339474 -0.0783156 0.3172208 0.6904429 0.7964990 0.7619193 0.6029958 0.6473723 0.5860678 0.3749693 0.5166919 0.2719223 0.0186904 0.1038700 0.6403637 0.5121523 0.7329688 0.6251997 0.3428409 0.2200630 0.3588359 0.1299560 0.2507093 0.2728764 0.3976843 0.0603221 0.4246737 0.2280853 0.1154952 0.0154560 0.1226692 0.2110530 0.4143164 0.6759178 0.3214938 -0.0472070 0.6998664 -0.1336677 0.1876835 0.0865753 0.3389747 0.3671550 0.6455119 -0.0661952 0.2151839 -0.3385556 -0.3494606
0.5304741 0.8782954 0.5713077 0.7491509 0.4932265 0.0000000 0.6659993 0.4860282 0.7512362 0.7491022 0.5111345 0.6989182 0.3864918 0.2378031 0.5293636 0.0296733 0.2123906 0.2733766 -0.0089660 0.5802420 0.6666093 0.4144496 0.2177731 0.5516169 -0.0453837 -0.0939405 0.0442439 0.1648889 0.7698447 0.1262109 0.5582197 -0.1051895 0.6308734 0.8065350 0.1064409 0.6471426 -0.2006153 0.0181605 0.0758900 -0.0165701 0.2716700 0.7116886 0.0235050 0.3991172 0.5180063 -0.1557007 -0.1603969 0.3610326 0.7194600 0.0510116 -0.0855194 -0.0009578 0.7275082 0.4789967 -0.0067827 -0.1907185 -0.2293798 0.5314218 0.3860510 -0.0635099 0.4686753 0.1192523 -0.0950314 0.7573393 0.6048516 -0.1673781 -0.0602763 0.3710073 -0.3554126 0.5570023 -0.0566947 0.7905972 0.3257867 0.6916953 -0.2574660 0.6782274 0.6934829 0.1446537 0.3837246 0.2916172 0.1011849 0.1065577 0.2703341 0.1004041 0.3543289 0.0557962 -0.1439464 0.1674659 0.1364887 0.2566968 -0.1549534 -0.0741893 -0.2574786 0.1714211 -0.1569184 -0.1692623 -0.3538065 -0.1190840 -0.2200177 0.2371884 0.0545600 -0.2858643 0.2366199 -0.0578394 -0.3784758 -0.1992682 -0.4409679 -0.1646247 -0.4388143 -0.1585026 -0.1098109 -0.4097001 -0.4387057 -0.1417835 -0.0298286 -0.1131239 -0.0137491 0.0838260 -0.0121452 -0.0595254 0.0260409 0.0557946 -0.0779096 -0.1014927 -0.1024672 -0.2256922 0.0563154 -0.4895769 -0.5062296 0.2464486 -0.3523012 -0.4426058 -0.0451206 -0.2400179 -0.1456281 -0.5222041 -0.5051634 -0.5916088 -0.5826655 -0.4682378 -0.3364783 -0.5663441 -0.2511685 -0.5448790 -0.6111619 -0.2401490 -0.5781820 -0.5448410 0.0428548 -0.5254923 -0.4204061 -0.6033818 -0.6016032 -0.1715529 -0.2952984 -0.6705762 -0.6388478 -0.6650214 -0.2192685 -0.5696975 -0.4119858 -0.6018078 -0.5400992 -0.6191024 -0.5889003 -0.5658406 -0.1807358 -0.1078648 -0.3793465 -0.6244082 -0.5625166 -0.3635939 -0.0287610 0.0180936 0.5720308 0.5807291 0.4589152 0.0744195 0.4976884 0.2094260 -0.1539952 0.2211096 0.4740268 0.3049842 0.0662498 0.3484947 0.1225544 0.1864386 0.5785893 0.5390216 -0.1566880 0.1842604 0.3353450 -0.3910825 -0.2298502 -0.0523586 -0.1421402 0.3057362 0.3391305 -0.2928389 0.2564762 0.2987966 0.0058123 0.2885563 0.5998671 0.3344885 -0.3471614 0.5458204 0.3055827 0.6332498 -0.1688676 0.2348754 0.5648859 0.5498088 -0.1032807 -0.0336975 0.2746626 0.2669562
0.2068660 0.5829130 0.4344099 0.2417357 0.5878602 0.6659993 0.0000000 -0.0281936 0.4995516 0.2771895 0.1022374 0.6074169 0.1978768 0.1237580 0.3107433 -0.1988292 0.0752062 0.2762114 -0.4107900 0.6154743 0.5482877 0.0341748 -0.0148132 0.3547981 -0.4364485 -0.3651056 -0.0102238 0.0446911 0.3653824 -0.1460068 0.4225424 -0.4543206 0.4006761 0.4168859 -0.1723351 0.4688017 -0.4745254 -0.3753541 -0.2435290 -0.2904989 0.0634849 0.4274083 -0.3009505 0.0315924 0.1800726 -0.5519189 -0.5376508 0.2954686 0.3693669 0.0048385 -0.4425291 -0.2930413 0.2678768 0.1507977 -0.0383330 -0.4167561 -0.4677300 0.1590574 0.2819901 -0.3416843 0.1574432 -0.1751267 -0.0743759 0.2876830 0.3244961 -0.3351133 -0.3240535 -0.0547865 -0.5283930 0.0486299 -0.3132571 0.4108593 -0.0166739 0.4365631 -0.5221914 0.2481191 0.4157343 -0.2805291 0.0690509 0.1410665 -0.1433847 0.2664666 0.3146089 0.2139033 0.4086392 0.4366660 0.0232719 0.3778228 0.4059927 0.5313560 0.0666450 -0.0928368 0.0479712 0.3058784 0.0853627 0.0847116 -0.1473509 0.2261136 0.0840276 0.1001307 0.3194101 0.1092621 0.2786799 0.1144526 -0.1757043 -0.0603096 -0.0373265 0.0091192 -0.1297597 0.1823473 0.1338207 -0.0950391 -0.2317685 0.1675715 0.2899796 0.0741566 0.3095512 0.3139923 0.2621853 0.3800748 0.3960188 0.4047085 -0.1088080 0.3369722 0.2155780 0.0108869 0.3004890 -0.2653979 -0.1847547 0.2012693 -0.1117268 -0.2272637 -0.0643266 -0.1409067 -0.0360274 -0.3310337 -0.3429969 -0.3521309 -0.3601198 -0.1794021 -0.3478730 -0.2983184 -0.3794175 -0.3160992 -0.3832822 -0.3789715 -0.3190704 -0.3214761 -0.1614115 -0.2692691 -0.1035886 -0.2813250 -0.4241408 -0.3855652 -0.1691900 -0.4348860 -0.5767208 -0.3014421 -0.4491642 -0.4352160 -0.2499981 -0.3914849 -0.4100919 -0.4266213 -0.3566742 -0.2395889 -0.2021151 -0.2772432 -0.3547055 -0.4062215 -0.3887212 -0.3111307 -0.2658108 0.0232862 0.6005397 0.5496964 0.4274814 0.2226779 0.4235443 0.2149092 -0.1087732 0.1688054 0.3365427 0.1385969 0.0480069 0.2421004 0.1124424 0.2553008 0.3862732 0.3174541 0.2885778 0.0487851 0.4313409 -0.1627132 0.0362885 0.0001135 0.0524037 0.4714526 0.0138937 -0.0539757 0.1508643 0.3448829 0.0801156 0.2975196 0.4450499 0.1827472 -0.0742508 0.7264475 0.1855520 0.3189521 0.0801092 0.1909139 0.4034185 0.7774400 0.0189658 0.0155846 0.1241009 0.3069547
0.7916738 0.7070696 0.5166605 0.8476418 0.3267350 0.4860282 -0.0281936 0.0000000 0.1313988 0.6292928 0.7684526 0.2002042 0.7153670 -0.1489241 -0.0608469 0.5015915 0.2883621 -0.3552221 0.6875704 0.2021150 0.2813904 0.8161469 0.4858339 -0.1062651 0.6772659 0.5649751 0.2275602 -0.3141045 0.3688970 0.0097393 0.5449758 0.5769839 0.0549397 0.3825504 0.6378242 0.3728630 0.4140186 0.7014815 0.4101815 0.2544139 0.5196306 0.4256923 0.5067140 0.2998722 0.4009089 0.6161989 0.5689085 0.4251859 0.3467559 0.5432667 0.5621493 0.4168309 0.5976503 0.4988446 0.4370451 0.5177539 0.3882020 0.4329213 0.5143534 0.5008720 0.4920544 0.4646947 0.2196267 0.5712877 0.5380742 0.3498317 0.4267542 0.5367271 0.3038084 0.6238807 0.4859873 0.5221587 0.5814481 0.4531413 0.2888033 0.5304311 0.3511818 0.5825401 0.4231776 0.1912720 0.2167468 0.0850217 0.0693826 -0.0668141 -0.1176210 -0.0548438 0.3255988 -0.2727961 0.1169102 -0.1230491 0.2778350 0.5724730 0.1973349 -0.2626947 0.2853306 0.2879977 0.2600113 0.0301727 0.1715409 0.1437859 0.1443519 -0.0431303 0.0488112 -0.0977354 0.2341360 0.4140912 -0.1695772 0.0679091 0.0956542 -0.1890191 0.1955413 0.0179007 0.0727233 0.0658854 -0.0710071 0.1569384 0.0295012 0.2002488 0.0661676 0.0893278 0.0820659 0.0837985 0.3208939 -0.0128439 0.1479328 0.1363333 0.1671990 0.1448522 -0.0436813 0.2859965 0.1336203 0.0829598 0.4524372 -0.1124245 0.2915532 0.2081532 0.0686815 -0.0294130 -0.0313744 0.0603991 0.3662903 0.0021527 0.3787251 0.0614185 -0.0076647 0.4682793 -0.0180827 -0.0159200 0.4044760 0.0440087 -0.0151399 0.0185913 0.0387300 0.4279993 0.2251095 0.0274266 0.1620968 -0.0393600 0.4107470 0.1200577 0.1752492 0.0397671 0.1983131 0.0806302 0.0669125 0.0258299 0.3743335 0.2893876 0.2545920 0.1078413 0.1344582 0.1679474 0.2326701 0.0999336 0.1289431 0.2880874 0.2914527 0.1202778 0.3329417 0.3684634 0.2387922 0.6564528 0.5820158 0.5671134 0.4816916 0.3457855 0.1775382 0.1280991 0.2932174 0.2260148 -0.0243661 0.2531307 0.1190999 0.1937349 0.1735561 0.2880065 -0.0113415 0.1461365 0.3680454 0.0455425 0.5482979 0.0663031 0.4511154 0.4928764 0.1824561 0.2355435 -0.2493653 0.2037604 0.4354533 0.2617473 0.1885187 0.4983021 0.2238238 0.0163611 -0.1060315 0.2004185 -0.2333312 -0.1258673
0.2159409 0.6145972 0.4925704 0.5332643 0.3793112 0.7512362 0.4995516 0.1313988 0.0000000 0.6341327 0.2315327 0.8099647 0.1503756 0.6758789 0.8719565 -0.1308078 0.1617981 0.7215114 -0.2661146 0.4974049 0.6230780 0.0445807 -0.0380457 0.8619660 -0.3426811 -0.3539686 0.0216270 0.6263074 0.7533304 0.4067297 0.3483049 -0.2854180 0.8535702 0.7311415 -0.1764608 0.4837477 -0.3715547 -0.1278715 0.0162426 0.0081199 0.1605930 0.5828781 -0.1201232 0.5182250 0.4557757 -0.3122726 -0.3559751 0.3408101 0.7919142 0.0379511 -0.2079902 -0.0473606 0.6227613 0.3144354 0.0448404 -0.2254530 -0.3339182 0.5428992 0.1152142 -0.1604754 0.2943591 -0.0205912 0.0070460 0.7244254 0.6490657 -0.1975073 -0.1300023 0.1281103 -0.2946498 0.4032706 -0.1633040 0.7261812 -0.0114854 0.6864738 -0.2470050 0.6016618 0.6860813 -0.0433384 0.2897991 0.3737573 0.1906478 0.0355414 -0.1138897 -0.1352159 0.1558399 -0.2011005 -0.5300645 0.2118266 -0.2990827 -0.0448958 -0.4211325 -0.4238461 -0.5440224 0.2028229 -0.4309108 -0.4557838 -0.6454945 -0.4711231 -0.5558704 0.1480767 -0.1769926 -0.5442627 -0.0960710 -0.0023902 -0.6445301 -0.4695360 -0.5589872 -0.5728194 -0.6060679 -0.2679509 -0.3750697 -0.5770954 -0.7655233 -0.3531480 -0.2286034 -0.4038677 -0.2416965 -0.1378585 -0.2096983 -0.3377282 -0.2281202 -0.1989950 -0.6435555 -0.2023539 -0.4215992 -0.2883462 -0.2578215 -0.8145434 -0.5411713 0.0240014 -0.5349780 -0.7040033 -0.4381409 -0.1810063 -0.5294790 -0.7748572 -0.5908377 -0.6262301 -0.6088271 -0.6235749 -0.6405490 -0.6712391 -0.3149099 -0.6981453 -0.6529175 -0.5491775 -0.6721701 -0.6180285 -0.0433270 -0.6938005 -0.5297715 -0.7733005 -0.7101342 -0.3708171 -0.4362663 -0.8303189 -0.6494789 -0.7597504 -0.2636671 -0.6272604 -0.6341065 -0.6650096 -0.7481713 -0.6310069 -0.7618499 -0.7216380 -0.3854303 -0.1302443 -0.4166109 -0.7280875 -0.7149428 -0.5016007 0.1037145 0.1825333 0.6016292 0.5471768 0.4408298 0.1239680 0.4272633 0.1054157 -0.1947584 -0.0947190 0.0783755 -0.0675350 -0.2281114 0.3764634 0.2316844 0.2976505 0.6548889 0.6389773 -0.3619028 0.2560712 0.3570872 -0.4863539 -0.3872514 -0.1065249 -0.1436778 0.3172538 0.3547089 -0.2967509 -0.1039135 -0.0482619 -0.4205758 -0.2230278 0.5692847 0.3969540 -0.2323710 0.3734477 -0.1544333 0.4873026 -0.6002827 -0.1106477 0.3097714 0.4715758 -0.1787086 -0.2020398 0.4805792 0.1626042
0.4142333 0.7311478 0.5421719 0.8540356 0.3708620 0.7491022 0.2771895 0.6292928 0.6341327 0.0000000 0.8236555 0.4755486 0.4053502 0.3604801 0.2921459 0.4412243 0.5707091 0.0520893 0.3054394 0.3867160 0.4416366 0.3195459 0.5205340 0.2846322 0.2479002 0.2139640 0.3163939 -0.0706328 0.5739360 0.1786286 0.4407182 0.2181820 0.4222813 0.6027799 0.3947401 0.4222378 -0.0543496 0.1704362 0.4249510 0.1354943 0.2607301 0.4416666 0.3608905 0.5016748 0.3098442 0.0419608 0.0384578 0.2960578 0.6979862 0.1414822 0.1413889 0.3274565 0.6039055 0.5350490 0.0729597 -0.0772401 -0.1351040 0.5811671 0.2050275 0.1523352 0.2501435 0.1445399 0.0015421 0.7160158 0.4951474 -0.1057922 0.0220344 0.2196229 -0.2515380 0.4534524 0.0419998 0.7174947 0.1303141 0.5716241 -0.1488664 0.5014137 0.5211030 0.1895147 0.3696875 0.2197452 0.0974697 0.0528899 0.1407728 0.0716055 0.0879493 0.0307882 -0.0495374 0.1501952 0.0310014 0.0804278 0.0347703 -0.0110900 -0.2308901 0.0901314 -0.0337094 -0.0724373 -0.3058648 -0.1885050 -0.1426665 0.0530669 0.1156337 -0.2311724 0.1395177 -0.2041631 -0.2055885 0.0128246 -0.2961980 -0.1586493 -0.2239815 -0.0541939 0.0753918 -0.2618225 -0.4405779 -0.0522992 0.0034953 -0.1156803 -0.0215121 0.2155726 0.0574703 -0.0216736 0.0528985 0.0586442 -0.2074514 -0.0379134 0.0060852 -0.2193436 0.0009388 -0.4840907 -0.3171081 0.0567683 -0.2526328 -0.3888367 -0.1801252 -0.1368902 -0.3243840 -0.3614999 -0.3806727 -0.4215508 -0.4461047 -0.3780748 -0.3043092 -0.3721964 -0.2036123 -0.3541968 -0.4415202 -0.1848127 -0.4458632 -0.4315733 -0.0908130 -0.3499378 -0.3586725 -0.4597049 -0.3973749 -0.2173519 -0.2453036 -0.4781475 -0.3312722 -0.5399749 -0.1776944 -0.3749880 -0.4175342 -0.3811029 -0.4578487 -0.3924987 -0.4724239 -0.5732671 -0.2723497 -0.2286839 -0.3672443 -0.4420265 -0.5156444 -0.4072175 0.0400396 0.1264786 0.3314924 0.4377072 0.3187872 -0.0960433 0.3252648 0.0372207 -0.1912759 0.2014279 0.3474241 0.2418452 0.1347609 0.1836270 0.1067135 0.0904615 0.5076989 0.4469145 -0.2507039 0.1822429 0.4619210 -0.2958789 -0.2755977 -0.0866645 -0.1957670 0.4035292 0.2987412 -0.2851951 0.2932140 0.0711049 -0.1229294 0.1514020 0.4491847 0.1589297 -0.4209845 0.4603833 0.1887548 0.3311909 -0.2623997 0.0618528 0.3181755 0.1695964 -0.3400099 0.0566784 0.2476154 0.0707892
0.4879165 0.6178543 0.3254371 0.8252075 0.2353055 0.5111345 0.1022374 0.7684526 0.2315327 0.8236555 0.0000000 0.1310883 0.4656575 0.1290986 -0.1388342 0.7993672 0.7084848 -0.3581379 0.6471905 0.2158875 0.1361348 0.5222680 0.8123186 -0.1970876 0.6246835 0.6474194 0.5949985 -0.3840368 0.2321956 0.1786532 0.4773573 0.5395106 0.0062141 0.2611247 0.7971841 0.1911035 0.3259533 0.4925471 0.6880019 0.3794064 0.4987822 0.2434421 0.7401363 0.4537586 0.2033589 0.3721011 0.4239475 0.4144877 0.4473305 0.3900567 0.4998565 0.6749095 0.4847173 0.7051112 0.2943626 0.2578988 0.1961797 0.5577468 0.2973463 0.5209659 0.2969458 0.3936219 0.0728412 0.4578514 0.3505296 0.1563270 0.3286567 0.3197540 0.0541431 0.3544098 0.3079221 0.4492322 0.2971593 0.2410775 0.0490930 0.3180076 0.1263116 0.2174523 0.1546329 -0.0971498 -0.1430771 -0.1239993 0.0633557 0.1929810 -0.0404322 0.1086785 0.2128186 0.0017327 0.2063873 -0.0072238 0.2522147 0.2036233 0.0889395 -0.0654987 0.2064221 0.0905224 0.0200871 -0.0088799 0.1216148 0.1217600 0.0944151 -0.0350558 0.0388774 -0.2063047 0.1732892 0.2310343 0.0196879 0.0391996 0.1977337 0.1869742 0.2452788 0.1687629 -0.1075898 0.0832371 0.1368244 -0.0289050 -0.0590213 0.1946039 0.0284529 0.1788069 0.0963909 0.0327126 0.1321012 0.0739788 0.1749403 0.0288884 0.0478386 -0.0529669 0.1058271 -0.0077611 -0.0008660 0.0573399 0.0847128 0.0280729 -0.0881264 0.0738541 0.0029855 -0.0136604 -0.0806556 0.0414480 -0.0264517 0.0858497 -0.1026496 0.1301799 -0.0566665 0.0553274 -0.0749548 -0.1043564 -0.1351557 0.1276545 0.0229501 0.0016755 -0.0393235 -0.0898988 -0.0031534 0.0289647 0.0141315 -0.1637118 -0.1273695 0.0167770 -0.1801455 0.0252217 -0.1033639 -0.0216135 -0.1428542 -0.2359794 -0.1758566 -0.2236266 -0.2726870 -0.0777929 -0.2705201 -0.3193866 0.2159563 0.2462700 0.1487640 0.2106009 0.0515358 -0.2025874 0.0776024 -0.0537964 -0.1152907 0.3098042 0.4461374 0.4722236 0.3530353 0.0655303 0.0153060 -0.0570404 0.1070377 0.0536058 0.0393408 -0.0375420 0.4519904 -0.0300432 -0.0216075 -0.0567439 -0.1257115 0.3085840 0.0263379 -0.0470773 0.4823630 0.1663750 0.1706776 0.2641185 0.1434025 -0.0745903 -0.1501494 0.2644574 0.5080279 0.0423487 0.1063584 0.1427925 0.2961158 -0.0436212 -0.3109153 0.1482991 0.0315111 0.1837128
0.3978479 0.6559234 0.6430120 0.5022824 0.6259139 0.6989182 0.6074169 0.2002042 0.8099647 0.4755486 0.1310883 0.0000000 0.3353568 0.3482288 0.7769622 -0.3037885 -0.1068539 0.5601028 -0.3008867 0.6231836 0.8504684 0.2160804 -0.2722386 0.7473734 -0.3523819 -0.4494631 -0.2049952 0.3904936 0.8328985 0.0586883 0.5162672 -0.3366925 0.7613034 0.7468769 -0.3104946 0.7275896 -0.3932748 -0.0257571 -0.1731905 -0.1999690 0.2621755 0.7510554 -0.2773778 0.3229296 0.5288188 -0.2575603 -0.3682657 0.5580066 0.6999073 0.2310396 -0.2620149 -0.1794339 0.6497130 0.1947570 0.1887179 -0.1270589 -0.3103748 0.4563931 0.3650435 -0.2303752 0.4412879 -0.0241360 0.0674040 0.7016039 0.6838047 -0.1620074 -0.1254726 0.1584482 -0.3203786 0.4528522 -0.1207147 0.7702908 0.1284644 0.7851717 -0.2394711 0.6561827 0.7983919 0.0438071 0.4210812 0.5640489 0.3382656 0.3318012 -0.0115177 -0.1401296 0.2737753 -0.0456027 -0.4000109 0.2270299 -0.0816714 0.1472346 -0.3455965 -0.2294865 -0.2736495 0.2174375 -0.3930253 -0.2689517 -0.4780597 -0.3179844 -0.4968325 0.2997211 -0.0257135 -0.4194911 -0.0116816 0.0966823 -0.4950341 -0.3602919 -0.4284753 -0.4401500 -0.5075499 -0.1705783 -0.2728388 -0.4040029 -0.5655452 -0.1004220 -0.1301641 -0.1829879 -0.0852775 -0.0484639 -0.0791007 -0.1266146 -0.0716028 -0.0358319 -0.5092333 0.0493228 -0.2269160 0.0895066 -0.1930069 -0.6745167 -0.3806452 0.2707070 -0.3460476 -0.6287066 -0.3036335 -0.0402600 -0.3100574 -0.6466659 -0.4774019 -0.5235165 -0.5837412 -0.3675731 -0.4902704 -0.5633567 -0.2738290 -0.6285305 -0.5804005 -0.4109812 -0.6004465 -0.5786769 0.0540798 -0.5606413 -0.2967127 -0.6692286 -0.6461721 -0.2509085 -0.4135585 -0.7649904 -0.6528839 -0.6210840 -0.2005491 -0.5147864 -0.4726032 -0.5924455 -0.6822482 -0.5534947 -0.6167452 -0.6119863 -0.2054499 -0.0804994 -0.3289488 -0.5903557 -0.5725824 -0.4063653 -0.1406451 0.1466542 0.7089163 0.7955435 0.7598663 0.3818006 0.7744290 0.5005450 0.0153013 0.3241640 0.3950689 0.1664297 0.0141867 0.4736090 0.2957542 0.3880933 0.8161097 0.8091640 -0.0983807 0.5255077 0.3534600 -0.1621954 0.0297200 0.2775693 0.1250745 0.4850161 0.5328022 0.0119563 -0.0979462 -0.0868427 -0.2248662 0.0558690 0.7178497 0.5495036 -0.1520838 0.6245491 -0.2105832 0.4189064 -0.5314523 0.3008962 0.2878287 0.7758514 0.1419903 -0.2446552 0.1841985 -0.0882149
0.8385977 0.6542779 0.8291972 0.5408564 0.7818132 0.3864918 0.1978768 0.7153670 0.1503756 0.4053502 0.4656575 0.3353568 0.0000000 -0.1018052 0.0595130 0.2216004 0.0364589 -0.0427866 0.3446783 0.6898862 0.2624526 0.7608357 0.1789841 0.0159293 0.2812899 0.2001652 -0.0591991 -0.2264066 0.2067185 -0.2591807 0.8680107 0.1839033 -0.0588005 0.1456663 0.2627357 0.2156383 0.0042457 0.4919062 -0.0280928 -0.2039161 0.5570264 0.2268934 0.0734469 -0.1185350 0.0965994 0.2334192 0.1107488 0.6716295 0.0468347 0.6883281 0.1094584 0.0111741 0.2710269 0.0692865 0.6622695 0.3042642 0.0111930 0.0053397 0.3557223 0.0343645 0.1836017 0.0335212 0.6607485 0.3217809 0.5389157 -0.0428984 0.0040523 0.0414498 0.1470468 0.1703642 0.0158849 0.3320509 0.0646497 0.6269910 -0.0692713 0.2037190 0.3047066 0.1198674 0.1533068 0.3692061 0.2276746 0.3529238 0.0305240 -0.3240935 -0.1383323 0.0880107 0.4254010 -0.3501617 0.1890253 0.0398022 0.3386245 0.5842055 0.3336293 -0.3493029 0.3124892 0.4437664 0.4004482 0.2080702 0.1549643 0.1180958 0.3746449 0.1612306 0.1553273 0.2946354 0.2623862 0.4426903 0.0229952 0.1601887 0.1970122 -0.0347661 0.2199433 0.1673876 0.1853071 0.2809908 0.1186694 0.3574110 0.2918851 0.4257742 0.3261064 0.2954866 0.3312331 0.3309277 0.1996059 0.2128956 0.3483733 0.2843346 0.3460745 0.1470628 0.0933947 0.3257927 0.3564815 0.0446080 0.3681785 -0.1630629 0.3529645 0.2066845 0.1108347 0.1558279 0.1216145 0.1187614 0.2344858 0.0993742 0.5037967 0.0190533 0.1198806 0.4108221 0.1513087 0.1262466 0.4155874 0.0477901 -0.0689456 0.0335612 0.1282785 0.3615457 0.3106419 0.0013507 0.1833489 0.0805999 0.3713567 0.1541292 0.2455034 -0.0253243 0.1662605 0.1445217 0.1680976 -0.0095222 0.4014396 0.2852024 0.2087286 0.0180976 0.1874412 0.2175849 0.2647250 0.3661647 0.4824022 0.5813904 0.5791687 0.5487095 0.4768442 0.5912757 0.6052541 0.6798656 0.3263091 0.1828678 0.3625847 0.7415778 0.6526822 0.6971925 0.4951384 0.1951704 0.0890866 0.4194867 -0.0783916 0.3797216 0.2877109 0.4201239 -0.0285866 0.1757655 0.3532386 0.1506945 0.2768375 -0.0509788 0.5034729 0.4964213 0.4288638 0.3715059 -0.0318460 0.4038694 0.0490716 0.0414250 0.2924032 0.4995340 0.2972643 0.2826623 -0.1052038 0.4276162 -0.4437729 -0.3727340
-0.1454340 0.1461512 0.1037192 0.1768274 0.0435962 0.2378031 0.1237580 -0.1489241 0.6758789 0.3604801 0.1290986 0.3482288 -0.1018052 0.0000000 0.5395880 0.2161998 0.5246931 0.6327037 -0.0583195 0.2231040 0.0261442 -0.2224483 0.2381773 0.5127218 -0.1850494 -0.0535305 0.4871471 0.6176483 0.1629759 0.7356095 -0.0125471 -0.1854391 0.4772837 0.1530920 0.0545696 -0.1321416 -0.2290784 -0.0996545 0.2860291 0.2653007 -0.0556977 0.0219336 0.1826505 0.5520568 0.0735538 -0.1961022 -0.1893567 0.1130284 0.4041742 0.0386666 -0.0273211 0.1775000 0.1672195 0.3028332 0.1524675 -0.1227800 -0.3318667 0.3737916 -0.3703985 -0.0310343 -0.1059885 -0.0323338 0.0856612 0.1842592 0.1372044 -0.2792617 -0.0982016 -0.1225805 -0.1348780 -0.0549062 -0.1950589 0.1421055 -0.3476616 0.1541356 -0.1763854 0.1115609 0.0994604 -0.3451545 -0.0921671 0.0926588 0.0018505 -0.3390726 -0.4140889 -0.1893321 -0.0378175 -0.2122296 -0.4552191 0.1870704 -0.3845003 -0.1789340 -0.3780668 -0.5354719 -0.5249950 0.2760856 -0.2726191 -0.4831763 -0.5503561 -0.5234380 -0.4140087 0.1503453 -0.3446586 -0.3853792 -0.3416429 0.0328499 -0.4717464 -0.4524573 -0.3408380 -0.6468898 -0.3093573 -0.2479524 -0.4651947 -0.4167265 -0.7505387 -0.6218068 -0.3740964 -0.5906552 -0.4312227 -0.3175154 -0.4230061 -0.4661357 -0.4361966 -0.4415416 -0.6291778 -0.4037929 -0.5531737 -0.2134355 -0.4464960 -0.6079298 -0.1839089 -0.5586060 -0.4866255 -0.4125017 -0.5426447 -0.1573363 -0.7213452 -0.5789060 -0.2989632 -0.1293571 -0.1479179 -0.3813452 -0.7133675 -0.2092410 -0.3094105 -0.3300929 -0.2192014 -0.7463832 -0.2248598 -0.1979163 -0.4200374 -0.3247315 -0.3683311 -0.3586538 -0.2487557 -0.6198760 -0.3196993 -0.4155140 -0.2131964 -0.4113091 -0.4097553 -0.2204563 -0.6055409 -0.2249025 -0.5445866 -0.1725750 -0.4345919 -0.4826572 -0.5712910 -0.3903640 -0.4325577 -0.3954316 -0.5394642 -0.5492830 0.4275536 0.3863784 0.3604675 0.1375483 0.0548781 0.0743852 -0.0585329 -0.2419027 -0.0686081 -0.3642889 -0.4136374 -0.4153389 -0.6095485 0.0384699 0.0866717 0.1487486 0.2667260 0.2518499 -0.4161061 0.1275667 0.2637108 -0.2838359 -0.3587108 -0.1371993 -0.2348785 0.2984960 0.0309999 -0.1245947 0.0100544 -0.1990547 -0.4535030 -0.5738220 -0.0047094 0.0155788 0.0206651 -0.0801575 -0.2019369 0.0778505 -0.4953765 -0.4721100 -0.1601075 0.0146578 -0.3758353 -0.4072164 0.5075815 0.3415945
0.1304423 0.3577556 0.3740220 0.2421528 0.3023168 0.5293636 0.3107433 -0.0608469 0.8719565 0.2921459 -0.1388342 0.7769622 0.0595130 0.5395880 0.0000000 -0.4674575 -0.2418741 0.8981343 -0.4046474 0.4254885 0.6268351 0.0411364 -0.4326540 0.9761078 -0.4718464 -0.5602625 -0.2927761 0.8276581 0.7606730 0.3614608 0.2686591 -0.4311072 0.8671164 0.6796720 -0.4921905 0.4813694 -0.4092475 -0.1497974 -0.1771373 -0.0583471 0.0688944 0.5554543 -0.3645337 0.3696481 0.4408136 -0.2872708 -0.3913906 0.2859868 0.6115577 0.0107590 -0.3045851 -0.2378978 0.5115757 0.0022506 0.0160801 -0.1764304 -0.3090400 0.3127441 0.0690352 -0.3101638 0.2839888 -0.1593940 0.0019198 0.5744411 0.5665678 -0.1859365 -0.1635271 0.0526860 -0.1993561 0.3679435 -0.2200067 0.5626071 -0.0583291 0.6040265 -0.1641194 0.5354383 0.6580183 -0.0445637 0.2375579 0.4569776 0.2974058 0.1378914 -0.1404414 -0.2236168 0.2266888 -0.3087792 -0.6261689 0.1352260 -0.3811937 -0.1303199 -0.5954877 -0.4952762 -0.5443333 0.1914534 -0.6561471 -0.5688774 -0.6675748 -0.5638093 -0.7323248 0.3083216 -0.2890937 -0.6305812 -0.1333688 0.1527378 -0.7173816 -0.6127145 -0.5474234 -0.5943703 -0.6956763 -0.3511770 -0.5262118 -0.5779894 -0.6880158 -0.4030834 -0.3551804 -0.3883229 -0.3860280 -0.3345181 -0.3122072 -0.5151891 -0.3989943 -0.3831617 -0.6600290 -0.2383886 -0.5710253 -0.1296411 -0.4337449 -0.7612797 -0.5048424 0.1446531 -0.4735354 -0.6414337 -0.4642757 -0.0059495 -0.4513966 -0.7619492 -0.4835522 -0.5442615 -0.5356674 -0.5873996 -0.6056304 -0.6837075 -0.2246738 -0.7204018 -0.5623958 -0.4777582 -0.6130175 -0.5484980 0.0491140 -0.7202203 -0.5199584 -0.7748534 -0.6625572 -0.2547133 -0.4243689 -0.8118077 -0.6368293 -0.6773480 -0.1094385 -0.6119477 -0.5649789 -0.6379721 -0.6928516 -0.6471368 -0.6889994 -0.6497290 -0.3123914 -0.0092569 -0.2822694 -0.6770380 -0.6043348 -0.3834504 0.0719287 0.1623731 0.6142646 0.5512177 0.5230822 0.2792674 0.5167088 0.2687385 -0.0641439 -0.1112665 -0.0323901 -0.1582824 -0.2819638 0.4136511 0.2788566 0.3394643 0.6420676 0.6551301 -0.3908672 0.3664557 0.0721731 -0.3373661 -0.2387740 0.0874556 -0.0299670 0.1188213 0.4047573 -0.1409134 -0.3907256 -0.1105791 -0.4824732 -0.3034378 0.5498993 0.4304573 -0.0704037 0.2071396 -0.3812482 0.5200244 -0.6851695 -0.0828238 0.2010702 0.4399498 -0.0280099 -0.2804520 0.4176181 -0.0118528
0.2358200 0.1702083 -0.0778859 0.4286790 -0.0998472 0.0296733 -0.1988292 0.5015915 -0.1308078 0.4412243 0.7993672 -0.3037885 0.2216004 0.2161998 -0.4674575 0.0000000 0.8275826 -0.4964630 0.8013618 -0.1240348 -0.4064326 0.3199231 0.9147199 -0.5391576 0.7632218 0.8895914 0.8349149 -0.4267945 -0.2941476 0.3269711 0.1218440 0.6747295 -0.3729471 -0.2725043 0.9356336 -0.3459438 0.5624321 0.5615351 0.7998722 0.5442584 0.3971552 -0.2404343 0.9088056 0.3660054 -0.1275526 0.5213696 0.6248222 0.2043046 0.0379531 0.3727295 0.7019221 0.8163274 0.0639140 0.6308199 0.3742235 0.4248605 0.3621452 0.3538161 0.0285967 0.7017712 0.0364691 0.4780955 0.1465764 -0.0492446 -0.0710123 0.2651793 0.4788181 0.1974731 0.3037161 0.0007828 0.4234325 -0.0925556 0.1341206 -0.2615943 0.2469462 -0.1091916 -0.4124194 0.0790454 -0.2246374 -0.3852047 -0.3057937 -0.3531533 -0.1386229 0.1792550 -0.1977617 0.0938026 0.3192298 -0.0817628 0.1401327 -0.1083848 0.3081092 0.2205979 0.1543429 -0.0743067 0.3852751 0.1038180 0.1702791 0.0258234 0.3034258 0.0810393 -0.0049485 0.1232613 -0.1392588 -0.0951038 0.3102554 0.2671928 0.1973864 0.0606260 0.4289656 0.1981023 0.1976255 0.3130851 0.0282455 -0.0485901 0.0466938 -0.1074417 -0.1465706 0.0491110 -0.1161603 0.1073731 -0.0454998 -0.1000329 0.2582403 -0.0875619 0.0966959 0.0395365 -0.0157511 0.2096409 0.3352053 -0.3785796 0.0288086 0.3092189 0.0949821 -0.0030208 -0.1278709 0.2809908 0.2001509 0.3319430 0.2482538 0.2298812 0.0444697 0.4200604 0.0057812 0.4185369 0.2499173 0.0264332 0.2487485 0.1952112 -0.2743218 0.4084644 0.1698510 0.3481453 0.2886285 -0.1205174 0.0966321 0.4192408 0.3769237 0.1483011 -0.0951885 0.3524928 -0.0458366 0.3368450 0.1533695 0.3656658 0.1306366 0.0522397 -0.1540351 -0.2374029 -0.1650038 0.2034407 -0.0143894 -0.2034938 0.4765333 0.3940458 -0.1233934 -0.2087568 -0.3336701 -0.2518369 -0.3838205 -0.3379797 0.0179444 0.0946881 0.0866320 0.2361241 0.1817230 -0.1957796 -0.0859574 -0.2114841 -0.3383306 -0.3765622 0.0484314 -0.2163713 0.2742549 0.1456172 0.0134476 -0.1203081 -0.2180491 0.1282045 -0.2821562 0.0356465 0.5544223 0.0930986 0.2535314 0.0576703 -0.3062870 -0.2937468 0.0245600 -0.1549404 0.5035321 -0.3263231 0.2969944 -0.1157555 0.0241745 -0.4222089 -0.3694575 0.1333152 -0.0118036 0.2886233
-0.0358466 0.2495692 0.0001735 0.4271014 -0.0516689 0.2123906 0.0752062 0.2883621 0.1617981 0.5707091 0.7084848 -0.1068539 0.0364589 0.5246931 -0.2418741 0.8275826 0.0000000 -0.2373247 0.4765521 0.0130340 -0.1903217 0.0117024 0.8992349 -0.2561646 0.3927991 0.5640336 0.8991043 -0.2021758 -0.1442169 0.4959862 0.0288841 0.2858143 -0.0370236 -0.0455688 0.7376342 -0.1666651 0.1527447 0.1458651 0.7319213 0.5173476 0.0794173 -0.0890980 0.7274996 0.5525866 -0.0029289 0.1110259 0.2369905 0.0681555 0.2711132 0.0667660 0.3584882 0.6147986 0.1173407 0.6553660 0.0853194 -0.0167179 -0.0657027 0.4459070 -0.2069915 0.3689178 -0.0758557 0.2396679 -0.0903587 0.0621355 -0.1179868 -0.1192627 0.1206044 0.0778664 -0.1054231 -0.0296367 0.0804303 0.0368507 -0.0572088 -0.1470851 -0.1104962 -0.0220517 -0.2106715 -0.1428348 -0.0819299 -0.3244602 -0.3337176 -0.4166029 -0.0798747 0.2167171 -0.1033209 0.1984900 0.1656677 0.1697586 0.1701584 0.0480903 0.2523885 -0.0608442 -0.0100341 0.1486369 0.3325991 0.0264840 -0.0213518 -0.0194853 0.2505989 -0.0288130 0.0053602 0.1189182 -0.1174764 -0.3152387 0.1956892 0.1545139 0.1170992 -0.1041011 0.3031210 0.1551674 0.1647124 0.1063053 -0.2657267 -0.2193398 0.0236179 -0.2730777 -0.1318699 0.0679056 -0.1222492 0.0737999 -0.0072728 -0.0677789 -0.0487478 -0.0761411 0.0240584 -0.0757272 -0.0487438 -0.0300176 0.2164914 -0.5112449 -0.0901200 0.1232143 -0.0845346 -0.0346774 -0.3748914 0.0498850 0.0914404 0.1978753 0.1740918 0.1004332 -0.2277469 0.2799185 -0.2894250 0.2622998 0.1467859 -0.3207065 0.1608732 0.1396254 -0.4954855 0.2691833 0.1025395 0.1971969 0.1967415 -0.4450651 0.0389777 0.1595281 0.1494001 -0.0023506 -0.4427060 0.1609867 -0.2268816 0.2631240 -0.1016987 0.1878968 0.0053054 -0.0915114 -0.4074618 -0.5025244 -0.3297201 0.0803422 -0.2379487 -0.4004061 0.2430749 0.1970968 -0.0113350 -0.1252893 -0.2801345 -0.3517874 -0.2813687 -0.3805852 -0.2492945 -0.0593801 0.0333574 0.1345880 -0.1433790 -0.3296313 -0.2725108 -0.2770137 -0.1391408 -0.1475440 -0.0318236 -0.2435201 0.4148728 -0.1290353 -0.1565532 -0.2356097 -0.1658947 0.3476606 -0.2806694 -0.0278029 0.5487968 0.0870626 -0.0316985 -0.0771172 -0.2532618 -0.3975569 0.0080791 0.0140722 0.4639592 -0.0885492 0.0742766 -0.2660174 -0.1011969 -0.2522244 -0.3911794 -0.1368186 0.2496274 0.4827304
