0.0000000 0.3991378 0.6478569 -0.2296468 0.4994862 -0.2591269 0.3122050 -0.0314750 -0.5575009 -0.2099175 -0.1454166 0.0872389 0.4833989 -0.4467171 -0.5949560 -0.0817450 -0.0588635 -0.3823864 -0.1214641 -0.3036230 -0.0168178 -0.0227417 0.1494758 -0.4409444 -0.0919237 0.0262628 0.5098343 -0.4045435 -0.3485846 -0.3494350 0.1494735 0.1228911 -0.4546281 -0.4676645 -0.1222644 -0.0657140 -0.0264020 -0.1074896 -0.0084591 0.0984076 0.1283108 -0.0161651 -0.1696357 -0.4888130 -0.3712432 -0.0167860 -0.1779174 0.0433539 -0.4481719 0.0727523 -0.3676853 -0.0862529 -0.4586623 -0.0305067 0.1939485 -0.0261685 -0.1803107 -0.2819457 0.4549620 -0.4019919 0.1967103 -0.1867151 0.4248582 0.1127767 -0.2152749 0.1325660 -0.4043458 -0.0314506 0.1144397 0.0895029 -0.0360054 -0.3738289 -0.2231911 -0.1668488 -0.0002120 -0.0275233 -0.1736128 -0.1833641 -0.0819050 0.3158285 -0.1559057 -0.2426328 -0.4121999 -0.2757013 -0.1388392 -0.3601920 -0.1730562 0.2186530 -0.4021836 -0.3449794 -0.3137445 0.0498955 -0.0511983 -0.0002952 -0.3168122 -0.3457468 0.1592074 -0.2535513 -0.2110476 -0.0422926 -0.1704128 -0.2706212 -0.3634639 -0.0113779 -0.2834513 -0.3535616 -0.6255357 0.1395914 -0.3100371 0.4026020 0.0302282 -0.4927511 0.3072861 0.3195376 0.4339738 0.3047853 0.3582379 0.3094864 0.2647123 -0.0751339 0.0204719 -0.0630657 0.3217227 -0.0906360 -0.1849822 -0.0742487 0.1661371 0.3481686 -0.0594132 -0.0535281 0.2374958 -0.0079551 0.3087783 0.0212609 -0.1713495 0.3849003 0.2164733 -0.1149328 0.4416420 -0.1627821 0.5062867 -0.3022087 -0.0655409 -0.1570361 0.3761001 0.7231436 0.3483437 0.4365351 0.2098503 -0.3218451 -0.1729893 -0.0239103 -0.3044760 0.5526719 0.4309703 0.1635459 -0.0258219 0.2161939 0.3905566 -0.2205053 0.4221866 -0.2652233 0.4653463 -0.1895016 0.0916581 0.5029730 0.4648541 0.4025620 0.2887968 -0.0942000 0.3118213 0.3382694 0.2476031 -0.3702762 0.1182974 0.1252340 0.1303324 0.2527714 -0.0725367 -0.2261122 -0.3867637 -0.1014988 0.3293365 0.3513150 0.7449828 0.1295272 0.6046353 0.4965228 0.2641998 0.2225806 -0.1504787 0.0222045 0.4482844 -0.2079364 -0.1590122 -0.2438730 -0.3510794 -0.1348715 0.1410195 -0.1709567 0.3175156 0.3127683 -0.0059136 -0.0431817 0.2455821 0.1573772 -0.0901336 0.0261863 0.3485638 -0.1218590 0.1266061 -0.2332495 0.5969728 0.0987085 -0.1793756 0.0301617 -0.0918856 0.1472275
0.3991378 0.0000000 0.3256990 0.4312818 0.0700162 0.4850460 0.4569068 -0.1417054 0.2570464 -0.1014026 -0.1965283 0.4825810 0.1098554 0.0241746 0.2002488 -0.3601618 -0.3918635 0.0987265 -0.2963035 -0.3117450 0.5330581 -0.1524981 -0.4862639 0.1338323 -0.3440651 -0.5282683 -0.2281551 0.1942185 0.3160819 -0.0055168 -0.1489308 -0.2758409 0.0961660 -0.0033090 -0.3293635 0.4591586 -0.3533134 -0.2497382 -0.1469552 0.3515305 -0.1802484 0.2430966 -0.2364916 0.1285601 -0.0919414 -0.3727788 -0.3646342 -0.0790276 0.0659843 -0.3927184 -0.4911139 -0.2543159 0.0161841 -0.2093257 -0.2450320 -0.3697442 -0.3992060 -0.0362100 0.1682550 -0.5274245 -0.1002940 -0.5155264 0.0651400 0.3970004 0.0220472 -0.3121111 -0.4779562 -0.3694462 -0.2195154 0.0444724 -0.4741278 0.1198321 -0.4084954 -0.1598306 -0.3148312 -0.0617689 0.2237998 -0.3722539 -0.1634699 0.4353592 -0.2211656 -0.1972681 0.0003855 0.1362440 -0.1484935 0.0886955 0.1545818 -0.1379137 0.3803922 -0.0095304 0.3408374 0.3478661 0.1588071 -0.3241334 0.2237673 0.1584337 0.0864204 0.2164675 -0.1256914 -0.1781795 -0.3460853 0.0806924 -0.3704165 -0.4211216 -0.0611257 -0.1896983 -0.4052675 -0.7091361 0.0328390 -0.4484426 -0.3874103 -0.3380885 -0.4897991 -0.1433075 -0.0608127 0.0828532 0.1672348 0.1451289 0.1023506 0.0654508 0.2407702 0.1084323 0.0342838 -0.0242694 0.0089507 0.3172174 0.1963138 0.2553974 0.2904192 -0.2190440 0.3785383 0.0426284 0.0631950 -0.5647205 0.3171443 0.3644963 -0.0550360 0.2161291 0.5274552 0.1616990 0.5713818 0.0899195 -0.1662853 -0.2809819 0.0647040 0.0680536 0.7642755 0.7122837 0.2352458 -0.2508523 -0.0037597 -0.2764889 0.0753038 0.3292173 0.6202198 -0.4158726 -0.3680944 0.3503588 0.0210109 -0.2770427 0.2836423 -0.0859263 -0.3881868 -0.3157371 0.3489761 -0.1880786 0.1427084 0.3279914 0.1991713 0.0155839 0.2547963 0.4632603 0.5179444 0.5309918 0.6898854 0.6387231 0.3951519 0.4960479 0.2673619 0.0076888 -0.1359870 -0.2368674 0.0903399 -0.1091875 0.2427474 -0.1180095 -0.0970208 -0.3914275 -0.1069731 0.1137863 -0.0471638 0.2262250 0.4427860 0.0740801 0.1966443 0.1658208 0.1222832 0.3980236 0.0871001 0.2596271 -0.1253356 -0.3206194 0.3812088 0.5863037 0.4973862 0.3019310 0.3451932 0.6803002 -0.2591103 0.0358586 0.3012902 0.2571821 0.1290213 0.4523198 0.3653326 -0.2785739 0.6544830 0.3556974
0.6478569 0.3256990 0.0000000 -0.2993307 0.8155748 -0.2397085 0.2980660 -0.0800189 -0.5153425 -0.4106978 -0.4184600 0.2531271 0.6731905 -0.3694162 -0.3838785 -0.0383372 -0.2825387 -0.3882681 -0.1076151 0.2744245 0.1043767 0.1875622 -0.1128301 -0.4220929 -0.0783543 0.0424725 -0.0133528 -0.2553592 -0.5238052 -0.3714503 0.5485204 0.2445265 -0.3550411 -0.5199876 0.3444054 -0.0518824 0.1629294 -0.0674758 0.0474118 0.5845185 0.2484929 -0.1869418 0.3963410 -0.4154896 -0.4668285 -0.0127700 -0.0296278 0.1576158 -0.5676730 0.0209301 -0.0620061 0.4356072 -0.6325693 0.1002855 0.2893160 0.1288456 -0.0465861 -0.5687799 0.1746404 -0.1857158 -0.1615097 -0.0742130 0.5555988 -0.2144801 -0.6120760 0.0974284 -0.3612069 -0.0915012 0.2995302 -0.1554221 -0.0212718 -0.6347566 -0.3632484 -0.3286989 0.2000359 -0.3772954 -0.1223497 0.0160590 -0.3069653 0.4610825 0.1566707 -0.5838876 -0.5385858 -0.3352891 -0.4659164 0.0436675 0.1732770 -0.0387713 -0.0464193 -0.2454594 0.2193134 0.4240871 0.2404144 -0.1939394 -0.0247243 -0.0664205 0.6783969 -0.2394246 0.0213418 -0.1663544 -0.2538856 -0.0850159 0.0452079 -0.2674094 0.1110489 -0.3419465 -0.2858849 0.0819547 -0.1736141 0.2576485 -0.1996912 -0.2352246 0.1176804 0.5217522 0.4578603 0.6186343 0.6959610 0.5768697 0.6009391 0.0988140 0.1679350 0.3229187 0.3067466 0.1989006 -0.0148499 -0.0833054 0.3050403 0.0878697 0.0513386 0.2770017 0.2198454 -0.5776826 0.2609364 -0.3358234 0.1124629 0.0215468 -0.0777801 -0.0418640 0.1805968 -0.1163733 0.4020660 -0.2071279 0.2609799 -0.5130921 -0.2184804 0.0889366 0.0450770 0.0182936 0.5832435 -0.4148475 -0.3090925 -0.3944666 -0.2082057 0.2843665 0.1726127 -0.1619610 0.0505208 -0.1015858 0.7109553 -0.2049058 0.3022634 -0.1489722 0.0350050 -0.0103393 0.1055377 0.2575245 0.2232501 0.5705041 0.6662692 0.2604184 0.3583813 0.5560981 0.2169311 -0.0562098 0.2487993 0.2334170 0.3314087 0.5114540 0.2718573 0.2707115 0.0044065 -0.0584640 0.0441385 -0.0098990 0.5328500 -0.3160936 0.1889678 0.2814535 0.5199477 0.5146711 0.0302856 0.3779472 0.0964896 0.0305263 -0.0296210 -0.0893028 -0.3380909 -0.2582099 0.4329918 -0.1492184 0.3220848 -0.1303715 0.3801299 0.0266269 0.7039271 0.4197181 -0.0561611 -0.0848706 0.4854909 0.0869006 0.5061547 -0.1918716 0.8566181 0.1510085 -0.2480935 0.4065601 0.1720869 -0.3506021
-0.2296468 0.4312818 -0.2993307 0.0000000 -0.3260440 0.8374197 0.0392179 0.5454248 0.8807367 0.7470226 0.5944414 0.1765324 -0.0224334 0.6803615 0.6298379 0.2924031 0.3778567 0.6893851 0.3893769 -0.1990562 0.2288611 0.3297063 -0.2525922 0.7020227 0.3942832 0.0215259 -0.0748212 0.5717659 0.8811837 0.4684365 -0.0438512 0.2402841 0.6172496 0.7518340 0.0621470 0.2720388 0.2140529 0.3876651 -0.1563854 -0.1657793 -0.0571120 0.3647259 0.1148329 0.6345766 0.7891953 0.2602390 0.2772121 0.1593966 0.7468067 0.0740175 0.2760411 -0.0706099 0.7857086 -0.0845662 0.0319650 0.2233664 0.2713863 0.6648255 -0.3461024 0.3301637 0.1328283 0.1677020 -0.1116041 0.7636749 0.7592610 -0.0049209 0.4354170 0.2512841 0.0540580 0.7110369 0.1603479 0.8623880 0.4346255 0.7309100 0.2346336 0.7011697 0.6798144 0.4097492 0.6493941 -0.0349043 0.2437262 0.1946914 0.2465009 0.1800602 0.1575987 0.0597768 0.0496876 -0.2174307 0.2740385 0.1955230 0.0987606 -0.3278581 -0.3529986 -0.1600528 -0.0009370 0.1580793 -0.5609904 -0.1113925 -0.1330768 -0.1235885 -0.0929413 -0.2216472 -0.1829210 -0.1765545 -0.3852925 0.2047423 0.0274003 -0.2740451 0.0939796 -0.4531445 -0.1563211 0.1378287 -0.1280317 -0.2413149 -0.3445810 -0.2416054 -0.3788882 -0.3359560 -0.3659683 -0.1189455 -0.0826588 -0.0778929 -0.2274285 0.0736320 -0.0533232 0.0478316 -0.1149263 -0.1203037 -0.0088242 0.1086857 -0.0227740 0.1836947 -0.0882046 -0.2389308 0.1026478 -0.0666491 -0.1467541 -0.0068835 0.0337460 -0.0381249 -0.2062257 0.0632575 0.0591099 0.1580828 -0.2015351 -0.0820638 0.1408994 0.0369663 -0.0691029 0.1401445 0.2293888 -0.0546628 0.0287705 -0.2370308 0.0337584 -0.2943321 -0.1319112 -0.1843985 -0.2339390 0.0365949 -0.2542950 -0.0727683 -0.4158715 -0.1101144 -0.0578899 -0.4208827 -0.2372117 -0.1775877 -0.2250799 -0.1363369 -0.2952214 -0.1156364 0.2682769 0.6425813 0.2718874 0.2888298 0.0256331 -0.0777592 0.0787474 0.0629358 -0.0456477 -0.1244638 -0.1486264 -0.2429043 -0.4791214 0.3433082 -0.6137244 -0.4181918 -0.2646403 -0.2461448 -0.0543536 0.0686778 -0.2818882 0.0549736 0.0029623 0.0046802 0.1711163 0.3083912 -0.1207083 0.0569406 -0.4687916 -0.2765038 0.1099573 0.1157649 0.0372143 0.3048871 0.1257057 0.1502651 -0.5422898 0.0015744 -0.1543274 0.1152509 -0.3629446 0.2663004 0.3812214 -0.2519950 0.3800173 0.0888807
0.4994862 0.0700162 0.8155748 -0.3260440 0.0000000 -0.4308581 0.0773974 0.0004831 -0.5410602 -0.4216731 -0.3110265 0.0585035 0.7682522 -0.3954740 -0.2847469 0.1127634 -0.3092249 -0.3176337 0.0118357 0.1023717 -0.0068978 0.2619445 0.2950160 -0.3504285 -0.0119746 0.2250925 0.1144566 -0.2644041 -0.4181208 -0.2152878 0.6821365 0.2407041 -0.2749835 -0.4222536 0.2867871 0.0215271 0.2323725 0.1735269 0.4136301 0.5712845 0.5623861 -0.0163284 0.2509217 -0.3555979 -0.3081529 0.0224749 -0.0554109 0.4202128 -0.4417274 0.0397815 -0.0527293 0.6202261 -0.5378358 0.4951289 0.5662971 0.2555939 0.0564348 -0.3699486 0.0153049 -0.1077095 -0.0217886 0.2953098 0.6509620 -0.3755118 -0.5184204 0.3574337 -0.0748628 0.2787464 0.5629427 -0.1364798 0.1808073 -0.6079823 -0.1024169 -0.1967510 0.3983789 -0.3618334 -0.3664865 0.1443056 -0.3678941 0.1876738 0.0451825 -0.4139800 -0.4123828 -0.1430964 -0.3009154 0.2461342 0.4338972 -0.2173735 0.0831641 -0.3088607 0.2036679 0.2519455 0.3074075 -0.3826232 0.2015715 0.2059142 0.4707404 -0.1237447 0.2605774 -0.2417520 -0.0446176 0.1332234 0.4685793 -0.2751098 0.1311538 -0.0927555 0.0902507 0.2739009 0.1005405 0.3820742 -0.0970496 0.0112521 0.1321539 0.5864672 0.4707253 0.6894883 0.6996356 0.5166271 0.7032207 0.1115995 0.1093869 0.3910117 0.1460653 0.3974987 0.0322533 -0.0559678 0.5257602 -0.0145268 0.0108217 0.3733757 0.1507611 -0.5972446 0.3529387 -0.3883272 -0.0622939 0.0456594 -0.0906832 -0.0313121 0.0696593 -0.0827770 0.1588649 -0.1784086 0.3710767 -0.6051189 -0.2145553 0.1276145 -0.0716615 -0.1911792 0.3915124 -0.3734196 -0.3240424 -0.5184313 -0.1537401 0.0947543 0.0944045 -0.1938932 -0.0320741 -0.2023573 0.4308715 -0.2668805 0.2735825 -0.1057767 0.0085988 -0.0336119 0.0789574 0.2116782 0.2044979 0.2464643 0.4986588 0.2981556 0.2762838 0.2800409 0.1249422 -0.3445013 0.0237263 -0.0000129 0.2271956 0.3810887 0.2246448 0.3181082 0.0428669 -0.0145173 -0.1902326 -0.2302362 0.3703726 -0.1347880 0.2502170 0.5434897 0.4725915 0.4076468 0.0501668 0.1846551 -0.0327833 -0.0472147 -0.0551293 -0.0855484 -0.4113909 -0.4328416 0.1749105 -0.1301515 0.3239407 0.1087867 0.5236733 -0.0007071 0.5878055 0.2164197 -0.0205051 -0.2755636 0.7902046 0.1618154 0.6472931 -0.1784832 0.7279403 -0.1564872 -0.3631191 0.5402311 0.0753008 -0.5284686
-0.2591269 0.4850460 -0.2397085 0.8374197 -0.4308581 0.0000000 0.4181699 0.3225995 0.9036802 0.5536484 0.3117567 0.5751305 -0.2970030 0.5307732 0.5071315 -0.0758705 0.2201847 0.5147342 0.0049083 -0.1439554 0.5722028 -0.0397564 -0.6092579 0.5543627 0.0577867 -0.3213788 -0.1684688 0.4615217 0.7039696 0.2960081 -0.2709494 -0.0393165 0.4723911 0.5273510 -0.1546090 0.5279629 -0.1279597 -0.0406137 -0.2767291 -0.1570508 -0.5089089 0.5410908 0.0696412 0.4559640 0.4872902 -0.1106690 -0.0140139 -0.2843421 0.5011889 -0.2306429 0.0440950 -0.2738352 0.5610411 -0.2243207 -0.3380227 -0.1520213 -0.0859489 0.3889067 -0.1917286 0.0704653 0.0114696 -0.1166836 -0.3202458 0.6689385 0.4805778 -0.4511411 0.1123137 -0.0386510 -0.2471373 0.4888769 -0.2056012 0.6806012 0.0417883 0.3834458 -0.0730889 0.4009509 0.8532085 0.1910956 0.4637962 0.3525090 0.3767629 -0.2037203 0.1601652 0.1629821 -0.0112969 0.2301359 0.2289714 -0.1564132 0.4173464 0.3906077 0.3915740 0.1196431 -0.2012970 -0.1232781 0.1766363 0.3230007 -0.2306227 0.0963528 -0.0582862 -0.1220839 -0.1314246 0.0027727 -0.1649553 -0.2543632 -0.1966017 0.2618143 0.0538871 -0.3354170 0.1826267 -0.3159393 -0.1101508 0.2635749 -0.1468064 -0.1104697 -0.1289236 -0.0359603 -0.1012136 -0.1040070 -0.1076711 0.2775855 0.3062905 0.2499414 0.1149845 0.1676542 0.3333315 0.3493825 0.0214011 0.1624116 0.3621041 0.0952679 0.1649984 0.0534033 -0.1502456 -0.3116556 0.3011190 0.1612856 -0.2015849 0.3230385 0.0448800 0.2821814 0.0357510 0.4294422 0.2958800 0.3519541 -0.0900681 -0.2618608 0.1724062 0.1519438 0.2739320 0.4066769 0.4943714 0.1801169 0.3918674 0.0066945 0.0909951 -0.2395102 0.1731268 0.1552869 0.0603073 0.3846419 -0.0118553 0.3260718 -0.4711068 0.2418529 0.2960789 -0.2609154 -0.0442857 0.1910117 0.1145824 0.2269464 0.1045074 0.2331888 0.5139034 0.7907915 0.6021968 0.6360024 0.4128611 0.2218083 0.4481534 0.3286142 0.3076240 0.2478627 0.0909439 -0.1089135 -0.3605785 0.0395217 -0.7148327 -0.7320295 -0.0050032 0.1013136 0.3426067 0.4382109 -0.0249479 0.4803454 0.3934370 0.3738056 0.4960197 0.6157461 0.2818948 0.3722617 -0.3557771 -0.6084615 0.2482877 0.2666535 -0.0491993 0.3542067 0.4111324 0.2859635 -0.7151673 0.0761853 0.0407145 0.3574811 -0.3685735 0.5824859 0.6805771 -0.4475521 0.2873727 0.1937853
0.3122050 0.4569068 0.2980660 0.0392179 0.0773974 0.4181699 0.0000000 -0.0177984 0.1156436 -0.2912343 -0.1374387 0.8936337 -0.1414114 -0.4919402 -0.3053026 -0.5951233 -0.0525833 -0.4402431 -0.6322882 -0.3545659 0.7796121 -0.5816635 -0.6216395 -0.4068867 -0.5572799 -0.7215462 0.0400570 -0.4241537 -0.1690996 -0.5144557 -0.3848540 -0.4569426 -0.4618291 -0.4807149 -0.5514297 0.6687763 -0.6696229 -0.5330465 -0.2772139 -0.1175866 -0.5957931 0.6550119 -0.2935390 -0.5010424 -0.4326702 -0.6984358 -0.6998349 -0.5254090 -0.5099397 -0.6574181 -0.6035753 -0.4977959 -0.4296843 -0.2293097 -0.4420892 -0.6673921 -0.7818524 -0.3400572 0.5517787 -0.6559247 0.3022933 -0.5799130 -0.1814030 0.1801182 -0.2131269 -0.8062606 -0.6625476 -0.5114599 -0.4587770 -0.1921604 -0.7328830 -0.1127624 -0.6837422 -0.3607971 -0.5501392 -0.3534349 0.4233457 -0.4414596 -0.1591087 0.8351732 -0.0010199 -0.6492735 0.1554877 0.3392689 0.0693578 0.3396022 0.4914059 0.3477241 0.3709860 0.5009522 0.4700009 0.6010627 0.3910118 0.1716427 0.3963758 0.3044256 0.4904242 0.3827426 0.3136388 0.0854377 0.1167258 0.2253814 -0.0680996 -0.0937077 0.2407943 0.2127778 -0.1812967 -0.0332105 0.2661438 0.1380884 0.2064542 0.0236412 0.0446803 0.2725570 0.3194739 0.4086469 0.5461482 0.1427648 0.4618465 0.6232768 0.7113198 0.6208264 0.7264009 0.1731996 0.5378710 0.7055081 0.6336487 0.7286851 0.6849105 0.3362586 0.7000179 -0.2664671 0.4768140 -0.2682392 -0.0979258 0.6863330 0.2463461 0.5809217 0.5899570 0.6334483 0.6536623 0.6534687 0.4268038 0.3866581 0.4041801 0.0832760 0.3770675 0.4606005 0.6383136 0.5326668 0.6563303 0.2276177 0.5780714 0.7322944 0.5956438 0.1942381 0.5227335 0.6793132 0.5730959 0.5559661 0.8112959 0.6133545 0.0339786 0.4757240 0.7894664 0.3475061 0.7304191 0.8016031 0.6627878 0.5358676 0.8138761 0.8125842 0.6092156 0.3276662 0.8464173 0.8456962 0.8680912 0.7060408 0.6746148 0.3306701 0.3353215 0.6464518 0.6546224 0.4287778 0.5210665 -0.0549939 0.0282485 -0.3481228 0.5898765 0.5909736 0.5948917 0.5899453 0.5456985 0.6252440 0.7047843 0.6330049 0.5646058 0.6368497 0.5918388 0.6751746 0.0138637 -0.4989512 0.4906113 0.4735015 0.0471328 0.1410284 0.7104557 0.1901661 -0.2301028 -0.2301394 0.3624192 0.4815829 0.1617434 0.8246459 0.6960578 -0.6460304 -0.0202533 0.3407748
-0.0314750 -0.1417054 -0.0800189 0.5454248 0.0004831 0.3225995 -0.0177984 0.0000000 0.3616892 0.6015032 0.7857551 -0.1531028 0.4577808 0.1946690 -0.0115606 0.7380898 0.7330760 0.1383472 0.7523425 0.1044693 -0.2288189 0.6429586 0.2694526 0.1280868 0.7379056 0.4874891 0.1834135 -0.0867828 0.2802111 -0.0645839 0.2124808 0.5827511 0.0453345 0.3041394 0.3124148 -0.1371126 0.4758886 0.8003116 -0.4384043 -0.5453145 0.2842618 0.2221286 0.2396454 0.0223219 0.5647160 0.5404387 0.3477704 0.5463233 0.2454245 0.5705973 0.4475926 0.0002164 0.3251706 0.0153729 0.4899860 0.5627540 0.3916089 0.4872323 0.0219475 0.5006214 0.6578225 0.4291596 0.1739552 0.4935562 0.5972632 0.2454923 0.5502942 0.4980611 0.3709717 0.6791995 0.3567557 0.4855153 0.5913213 0.8128099 0.4835371 0.6499321 0.3441234 0.5498838 0.6368996 -0.3226830 0.1510515 0.3118214 0.3317328 0.2680075 0.5481243 0.0563390 0.0198302 0.3288395 0.0046604 0.4748538 -0.1647845 -0.6174126 -0.2085955 0.3725281 -0.1377155 -0.1852773 -0.3633764 -0.3876926 0.3264207 0.4372647 0.5388320 -0.4169766 -0.0479189 0.4714723 -0.0947026 0.5345818 -0.0699644 0.5089615 0.0666225 0.1556951 0.5625354 -0.0856543 0.4826595 0.0604800 -0.0462214 -0.1760000 -0.2145383 -0.2032437 -0.3358459 -0.3040031 -0.2464535 -0.1368177 0.0188772 -0.2358080 -0.2719372 -0.1502545 -0.0610992 0.0020213 -0.2570162 0.4916808 -0.0164471 0.0326112 0.2413193 0.3504629 -0.2047731 -0.1578644 0.3298360 -0.2054572 0.0549364 -0.1928222 -0.0985486 -0.1032573 0.3559951 0.2621952 0.0635670 0.2738633 -0.2154141 -0.2689721 0.2027339 0.2922526 0.1968887 0.0486850 -0.1894008 0.0627202 0.0239460 0.0796766 0.2380862 -0.3074222 0.1994438 0.1473816 -0.0386893 -0.0779507 0.0982208 0.0203112 -0.1715859 0.0690378 0.1107249 0.0955048 0.0491883 -0.0700060 -0.1280692 0.0321803 -0.0332055 0.0397167 -0.1797423 -0.1500313 -0.2465934 -0.4228474 -0.2825903 -0.2115057 -0.2980827 0.0645716 0.2041202 0.2223945 -0.0789029 0.7082108 -0.1478936 0.2482861 -0.1062938 -0.4066777 -0.2291174 -0.2703140 -0.6901931 -0.2632657 -0.2720650 -0.2769348 -0.1086595 -0.2773932 -0.2759359 -0.1172615 -0.5872915 0.1249364 -0.1724709 -0.4099093 -0.1605803 0.1278472 0.0105349 -0.6725058 -0.2921338 -0.4264075 -0.1875928 -0.3671900 0.1000545 -0.0039450 -0.0900254 -0.0182599 -0.2860397 -0.1627542
-0.5575009 0.2570464 -0.5153425 0.8807367 -0.5410602 0.9036802 0.1156436 0.3616892 0.0000000 0.6643632 0.4754703 0.3195798 -0.3843404 0.6580043 0.6802732 0.0863234 0.3005502 0.6546903 0.1701207 -0.0988139 0.3629873 0.0758812 -0.4165363 0.6990550 0.2097633 -0.1966552 -0.2091327 0.5839554 0.8166480 0.4578437 -0.2234569 0.0285831 0.6250177 0.7102134 -0.0781035 0.3918200 -0.0233829 0.1582032 -0.1693239 -0.2004638 -0.3425884 0.4455307 0.0706225 0.6390042 0.6753742 0.0359204 0.1377849 -0.1131121 0.6935443 -0.1284184 0.2157388 -0.1764752 0.7500813 -0.1585116 -0.1925453 0.0069202 0.1045989 0.5354458 -0.3445894 0.2713901 0.0355210 0.0445194 -0.3108465 0.5913071 0.6731571 -0.2513849 0.3423654 0.0756863 -0.1146715 0.4725416 -0.0181400 0.8087372 0.2520694 0.5411154 0.0589629 0.4807783 0.7518626 0.3103545 0.5294761 0.0349078 0.3258444 0.0840455 0.3435883 0.2761871 0.1318825 0.2599538 0.1909013 -0.2091536 0.4422832 0.3729252 0.2742136 -0.1196084 -0.2713332 -0.0992836 0.1795797 0.3298325 -0.4464716 0.0660799 -0.0370711 -0.0987353 -0.0419101 -0.0223049 -0.0314460 -0.2110489 -0.2205311 0.3086911 0.2357896 -0.2920908 0.1912474 -0.4311536 -0.1383539 0.3446738 -0.1743150 -0.2019074 -0.2814364 -0.1825630 -0.3116980 -0.3583852 -0.2824187 0.0902744 0.0737681 0.1140914 -0.1641999 0.1515065 0.1770326 0.2003270 -0.0900728 -0.0602803 0.1511586 0.0897660 -0.0623953 0.1450486 -0.2172922 -0.2523009 0.1755863 -0.0253785 -0.2785247 0.1450731 -0.1472892 0.1700312 -0.2454292 0.3200240 0.1997174 0.3534958 -0.2376520 -0.3421890 -0.0029979 -0.0651792 -0.0258322 0.3960587 0.4467893 0.1767503 0.2827071 -0.2656077 -0.0652887 -0.2018179 0.0828986 -0.0365564 -0.2430099 0.3294640 -0.1999538 0.2090737 -0.4879467 0.1819397 0.0828425 -0.3936880 -0.2400817 -0.1488437 -0.1587560 0.0619778 -0.1743598 -0.0707488 0.3389454 0.7404702 0.3652848 0.3898113 0.1798824 -0.0387409 0.2753926 0.2420573 0.2329625 0.1644347 -0.0815177 -0.2183139 -0.6016991 0.1796789 -0.7599940 -0.6584337 -0.1956447 -0.1354606 0.1835194 0.2150138 -0.2333416 0.3126796 0.2264993 0.2419226 0.3979852 0.4775641 0.0419434 0.2455483 -0.4193851 -0.4330584 0.1918034 0.1855978 -0.1044499 0.2818363 0.2927214 0.2024291 -0.6635811 0.1407799 -0.1181344 0.2840683 -0.5375538 0.3831223 0.5953701 -0.3489955 0.3346514 0.1774400
-0.2099175 -0.1014026 -0.4106978 0.7470226 -0.4216731 0.5536484 -0.2912343 0.6015032 0.6643632 0.0000000 0.7614765 -0.1977713 -0.0988493 0.7665073 0.3983584 0.5863703 0.7341727 0.7202145 0.6443576 0.0214988 -0.2545375 0.4871010 0.0732851 0.6797264 0.7532348 0.4408882 0.3254818 0.5433526 0.6616198 0.5511490 0.0896289 0.6302035 0.6120492 0.8010498 0.3353133 -0.2203965 0.5468951 0.5175223 -0.1311917 -0.3826755 -0.0312017 0.0459313 0.3417126 0.6021242 0.8772505 0.6728031 0.6803729 0.1273442 0.7412717 0.5044765 0.6364760 0.0636781 0.8231532 -0.1452810 0.2357929 0.5782820 0.6521940 0.6237579 -0.4232664 0.7099450 0.1238073 0.4462281 0.0104720 0.6413824 0.8374711 0.3319298 0.7009247 0.4871524 0.2782970 0.8447607 0.6096036 0.7745046 0.7257830 0.9039136 0.5544374 0.9119277 0.6341057 0.7436298 0.9361002 -0.2784241 0.5396159 0.3009706 -0.0353579 -0.2235406 0.0645469 -0.2830667 -0.3565150 -0.1084542 -0.2736911 -0.0389902 -0.4075070 -0.6463362 -0.8041842 0.0705183 -0.5135990 -0.2277147 -0.7408512 -0.5767465 -0.4266325 -0.1042742 -0.1315144 -0.5698101 -0.2321518 0.0174930 -0.7074439 0.0170207 -0.0062841 0.1984072 -0.2736719 -0.0277551 -0.0498593 0.1770882 0.3908792 -0.0354595 -0.1242324 -0.2540061 -0.5130233 -0.4085595 -0.5054016 -0.3360719 -0.4200691 -0.3340681 -0.2868946 -0.0035766 -0.2434559 -0.4135815 -0.5093988 -0.3088490 -0.4131870 0.0537030 -0.4774856 0.2675258 -0.3174793 0.1976455 -0.0796330 -0.3192233 -0.2733212 -0.3918257 -0.4134314 -0.4043287 -0.5535153 -0.2713749 0.0852897 0.3822867 -0.2606237 0.1081349 -0.3848059 -0.3699291 -0.2760938 0.1268708 0.1270650 0.3249277 -0.2890072 -0.4151019 -0.4146756 0.0755594 0.1140922 -0.4582314 -0.1757400 0.1780360 -0.4939324 -0.2603695 0.0224970 0.0463436 -0.4720512 -0.1281697 -0.3776517 -0.3705535 -0.3884392 -0.3374507 -0.5524127 -0.4423306 0.0535530 0.2553324 -0.2187378 -0.1378394 -0.3056382 -0.4825531 -0.1933473 -0.0490544 -0.1421304 -0.0546359 -0.1319618 -0.0430482 -0.5353103 0.4603150 -0.4849820 -0.0758362 -0.2030663 -0.3138027 -0.1708499 -0.0614004 -0.4664930 -0.1039167 -0.3450349 -0.3608508 -0.1447062 -0.0057529 -0.0682238 -0.3865156 -0.2293169 0.0895400 -0.2903792 -0.4546464 -0.2284538 0.3570538 -0.3287204 -0.2315499 -0.4041477 0.1417999 -0.5193386 -0.2757246 -0.3092613 0.0085669 0.0862195 0.0123038 -0.0124637 0.0187216
-0.1454166 -0.1965283 -0.4184600 0.5944414 -0.3110265 0.3117567 -0.1374387 0.7857551 0.4754703 0.7614765 0.0000000 -0.2827795 0.0230717 0.3198673 0.1970023 0.6494492 0.8841244 0.3672260 0.6334523 -0.1048360 -0.3727520 0.3823940 0.2716380 0.3453390 0.7121215 0.3109276 0.4467001 0.1478234 0.3908700 0.2254716 -0.0941510 0.5155986 0.2542203 0.5104011 0.1339459 -0.2832286 0.3567473 0.6531853 -0.3443156 -0.6610711 0.0601835 0.1064156 0.1039192 0.2765601 0.7207252 0.5075824 0.3905308 0.2986737 0.4439396 0.4303962 0.4071818 -0.1234651 0.5688375 -0.2977881 0.3228694 0.4742327 0.4035309 0.4595213 -0.0814465 0.4857277 0.5869658 0.3291755 0.1414162 0.4413021 0.8605844 0.2597677 0.5253533 0.3222244 0.3130401 0.5753485 0.3913822 0.6391530 0.6368781 0.8556083 0.3963743 0.7499552 0.3641019 0.4648093 0.7836255 -0.3840114 0.1687149 0.5221186 0.4049690 0.2047884 0.5362912 -0.0711482 -0.2383135 0.3038375 -0.1380519 0.2762884 -0.4726966 -0.7865635 -0.5476400 0.4326505 -0.3390101 -0.2445956 -0.6953024 -0.4697105 -0.0285072 0.1959279 0.2727485 -0.5230660 -0.1197547 0.2784300 -0.4414694 0.2150046 -0.0277240 0.4375390 -0.0382898 0.0135779 0.2949585 0.0036692 0.4810750 -0.0820031 -0.1907357 -0.3233641 -0.5200592 -0.7008597 -0.5925435 -0.4918617 -0.5299645 -0.4207276 -0.2973893 -0.2844549 -0.4192750 -0.3443586 -0.2894028 -0.2259756 -0.4871762 0.2175588 -0.3163288 0.1440818 0.0600248 0.3026784 -0.5231194 -0.2550203 0.1472911 -0.4613731 -0.0301027 -0.3943939 -0.3856260 -0.2633448 0.0662837 0.4568510 0.0053045 0.3032634 -0.2721523 -0.2809311 -0.3101198 0.2258453 0.1914153 0.2615713 -0.3413750 -0.1751320 -0.1063172 0.2766417 0.1562992 -0.3848377 -0.1933013 0.1462120 -0.1395922 -0.2971192 0.2146169 -0.0789669 -0.4327395 -0.0454684 -0.0881459 -0.2938586 -0.4043596 -0.4906496 -0.4668837 -0.3368540 -0.1402089 -0.0000160 -0.2905274 -0.2642866 -0.3319898 -0.5965125 -0.3592439 -0.2915038 -0.4236692 0.0100338 0.1378911 0.2630276 -0.2656609 0.8402625 -0.1629742 0.2129767 -0.1709447 -0.4818888 -0.3323831 -0.3731700 -0.4876371 -0.3021754 -0.4139276 -0.4286787 -0.1844210 -0.1537248 -0.2924102 -0.3182833 -0.5069316 0.3435580 -0.2420905 -0.4926958 -0.2579282 0.1342500 -0.2338570 -0.5062611 -0.3181772 -0.2431116 -0.5952712 -0.3940761 -0.1822470 -0.0143060 -0.0022116 -0.1810270 -0.0934243 0.2152735
0.0872389 0.4825810 0.2531271 0.1765324 0.0585035 0.5751305 0.8936337 -0.1531028 0.3195798 -0.1977713 -0.2827795 0.0000000 -0.2455165 -0.2145059 -0.0497127 -0.6801154 -0.1959777 -0.2032159 -0.6749914 -0.3012350 0.9384249 -0.5337057 -0.7878206 -0.1706534 -0.5905236 -0.7109179 -0.1669931 -0.1427211 0.0585758 -0.2850406 -0.2266679 -0.4571026 -0.1993978 -0.2721351 -0.4230123 0.8146043 -0.5889200 -0.5973450 -0.0179581 0.1436971 -0.5801730 0.6910209 -0.1420824 -0.2477457 -0.3024857 -0.6632164 -0.5548331 -0.5818234 -0.2971088 -0.7453316 -0.4394196 -0.2910199 -0.2498513 -0.0279722 -0.4700881 -0.6255242 -0.6422726 -0.2129182 0.2646450 -0.5017014 0.0090406 -0.4763362 -0.2912449 0.2436502 -0.2240470 -0.7852188 -0.5165168 -0.4238354 -0.4660892 -0.1157768 -0.6134521 0.0103167 -0.6437865 -0.3349998 -0.4534706 -0.3383541 0.5911893 -0.2584350 -0.1186277 0.9018769 0.2073581 -0.7908641 0.0190798 0.2271570 -0.1806313 0.3622944 0.5925164 0.0155179 0.4618912 0.3578917 0.6479414 0.7283105 0.3631533 -0.1177765 0.4646769 0.4871564 0.5040439 0.4419048 0.1850065 -0.1511006 -0.0910766 0.3025478 0.0421778 -0.3350767 0.1775769 0.1575379 0.0128547 -0.2208650 0.2447458 -0.0228727 -0.0756919 0.2688672 -0.1282321 0.2980347 0.2717897 0.4909046 0.5783744 0.2245012 0.5832337 0.7875347 0.8311037 0.8011431 0.6848550 0.4965334 0.7114896 0.7500277 0.6486260 0.6255539 0.7911598 0.3771737 0.6447242 -0.2814147 0.3452880 -0.4744982 0.1001913 0.6257510 -0.0565927 0.6808375 0.3475608 0.7293431 0.4551989 0.7468655 0.4731875 0.3011258 0.1125988 -0.1930722 0.2668628 0.3084412 0.6092969 0.5263190 0.6786038 0.1544079 0.7023018 0.4741199 0.3968579 0.0350138 0.4880159 0.5887495 0.4974157 0.6006554 0.6008285 0.7064691 -0.1983510 0.6009019 0.8154409 0.1786291 0.5241862 0.6692382 0.6569062 0.6963010 0.7362226 0.7111450 0.7203914 0.5819732 0.9503826 0.9672886 0.9611496 0.8552487 0.8859785 0.6011733 0.6201812 0.6456936 0.3858432 0.1144441 0.2476067 -0.3091089 -0.2576689 -0.5871834 0.6135671 0.7334782 0.7621602 0.8288857 0.5115322 0.8156252 0.8402959 0.7849409 0.6655620 0.7799387 0.7150986 0.7236810 0.1782543 -0.7373988 0.6379903 0.6355886 0.1463285 0.2579608 0.7406179 0.3828169 -0.2070034 0.0332913 0.4813994 0.6878527 0.0145465 0.8685271 0.8342180 -0.5383610 0.1443286 0.1477646
0.4833989 0.1098554 0.6731905 -0.0224334 0.7682522 -0.2970030 -0.1414114 0.4577808 -0.3843404 -0.0988493 0.0230717 -0.2455165 0.0000000 -0.1760311 -0.2672611 0.5303930 -0.0221090 -0.2047355 0.5116611 0.2392241 -0.2721561 0.6977464 0.4382623 -0.2359964 0.4020659 0.5496205 0.0045475 -0.2423909 -0.1960859 -0.2417226 0.7140063 0.5077192 -0.2106573 -0.1946255 0.4920115 -0.2205805 0.5291471 0.6125634 0.0060996 0.2664073 0.7694571 -0.1576720 0.3101145 -0.2499482 -0.0172368 0.4169472 0.2216675 0.7861414 -0.1936210 0.5043629 0.2050592 0.4865479 -0.2751619 0.3946269 0.7224409 0.5569664 0.3280440 0.0122794 0.0535176 0.1744722 0.2147937 0.3821649 0.6041039 -0.0007639 -0.1641626 0.5395248 0.1965387 0.4489170 0.5934421 0.2519393 0.3450470 -0.2683613 0.2439188 0.2145577 0.5289010 0.0764495 -0.3073805 0.3021446 -0.0627985 -0.1969046 -0.1010426 0.0247127 -0.1956281 -0.0534400 0.0416110 0.0070219 0.1194615 0.0037683 -0.0471939 -0.1120017 -0.0059670 -0.1931366 0.1858898 -0.1237969 -0.0303400 -0.1610796 0.1816121 -0.3203184 0.2850121 0.1622337 0.2111296 -0.1908786 0.0958371 0.1512266 0.1185667 0.0951048 -0.2008064 0.2666510 -0.0421471 0.2105651 0.1764771 -0.3468332 0.1741583 0.2699009 0.1849670 0.2206916 0.2959657 0.4188277 0.2027389 -0.2818333 -0.1688503 -0.0082000 0.0126317 -0.0524169 -0.3433145 -0.2377068 0.1789619 -0.0672323 -0.2388333 0.3377551 0.1051174 -0.2494651 0.3219463 -0.0071485 0.0543995 -0.1401589 0.2077545 -0.2149409 0.1601520 -0.2926311 0.1997489 -0.3931851 0.1753045 -0.5756346 -0.0953099 0.2997883 0.0308576 -0.1011900 0.3525993 -0.4125503 -0.4274242 -0.5541765 -0.4031265 0.1225472 0.1613365 -0.2662364 -0.2047420 -0.3394283 0.3564075 -0.4588834 0.0347532 -0.3432112 0.0269585 -0.3210852 -0.1412746 0.1092949 0.1050791 0.2133327 0.3265389 0.0399299 0.0421999 0.2079549 -0.0713327 -0.2681339 -0.2000387 -0.2249136 -0.2140370 -0.0257504 -0.2548871 -0.1406029 -0.3558235 -0.3379365 -0.1154404 -0.1079075 0.3201843 0.1851412 0.2559936 0.5963685 0.0132162 -0.1216106 -0.3670423 -0.2158035 -0.4203643 -0.4585313 -0.3774343 -0.3817031 -0.5111322 -0.6357839 -0.2470899 -0.2776807 -0.1059330 0.2267021 0.0835103 -0.1911442 0.4594699 0.1452769 -0.1370677 -0.4328729 0.4356887 -0.2009983 0.3600833 -0.4410111 0.6895877 -0.3050052 -0.5596084 0.5407742 -0.0290279 -0.5211433
-0.4467171 0.0241746 -0.3694162 0.6803615 -0.3954740 0.5307732 -0.4919402 0.1946690 0.6580043 0.7665073 0.3198673 -0.2145059 -0.1760311 0.0000000 0.7823397 0.4016225 0.2358261 0.9418560 0.4911936 0.1907601 -0.1390453 0.4194175 -0.0908662 0.9257811 0.5132059 0.3728952 -0.1155820 0.8987068 0.7619724 0.8420025 0.1123604 0.4015843 0.9207209 0.9473350 0.4416024 -0.1344154 0.5614011 0.3050245 0.1200755 0.0605180 -0.0110121 -0.1522653 0.4742217 0.9160964 0.8408443 0.5333124 0.6920085 0.0498305 0.9186349 0.3219349 0.6438438 0.3274689 0.9011320 0.0046329 -0.0110844 0.4590610 0.6753740 0.5876089 -0.8205381 0.6968760 -0.4560236 0.4801307 -0.1506966 0.3958621 0.4998246 0.2908289 0.7073700 0.4379256 0.1652204 0.6340192 0.5261764 0.6677137 0.6543185 0.6191466 0.4565866 0.6844146 0.4561107 0.6303343 0.5965111 -0.2571470 0.5360775 0.2135779 -0.2338363 -0.4043654 -0.3203694 -0.1648816 -0.2822170 -0.6060973 -0.0685134 -0.2724123 -0.0505505 -0.3183740 -0.6276722 -0.3934927 -0.2876272 0.0612515 -0.5813964 -0.3006419 -0.5050280 -0.4261813 -0.4558530 -0.1811648 -0.0474516 -0.3090768 -0.4994144 -0.1231133 0.2854324 -0.2745101 -0.0818121 -0.3726534 -0.4387837 0.3785938 -0.1651525 -0.3122959 -0.3973237 -0.3124250 -0.5457766 -0.1496290 -0.4219832 -0.1909647 -0.2989628 -0.2986245 -0.5073898 0.1493056 -0.0515353 -0.3568915 -0.5642180 -0.6005874 -0.2299291 -0.2348939 -0.4947656 0.1382397 -0.6352017 -0.1384641 0.3779679 -0.5440977 -0.5101944 -0.1930343 -0.5456826 -0.3512766 -0.6682764 -0.1991711 -0.1080126 -0.0684812 -0.5411919 -0.4062225 -0.2520601 -0.3402765 -0.3143170 -0.1890116 -0.2183397 -0.0996855 -0.1349071 -0.7555522 -0.6245081 -0.4435171 -0.3012117 -0.5570349 -0.3773819 -0.1519442 -0.8297627 -0.2492959 -0.4856470 -0.1816671 -0.4750480 -0.6115375 -0.7899436 -0.5584091 -0.4883866 -0.2617417 -0.6677992 -0.5685838 -0.1261168 0.4208442 -0.2006246 -0.1536175 -0.3167084 -0.3008475 -0.0639429 0.1877131 0.1318144 -0.3640901 -0.6271086 -0.5862500 -0.8570942 -0.1015296 -0.7665636 -0.4044310 -0.3519006 -0.2193194 -0.0763215 0.0624258 -0.4207657 0.0366143 -0.2121597 -0.1836079 -0.0382595 0.0585212 -0.0689003 -0.3243319 -0.1947902 -0.2197239 -0.1926162 -0.2262741 -0.0686217 0.2235356 -0.3910006 0.1226693 -0.3661532 0.3708286 -0.2791859 -0.0570824 -0.4852944 -0.2040979 -0.0320723 0.2090469 0.2816300 -0.2518473
-0.5949560 0.2002488 -0.3838785 0.6298379 -0.2847469 0.5071315 -0.3053026 -0.0115606 0.6802732 0.3983584 0.1970023 -0.0497127 -0.2672611 0.7823397 0.0000000 0.1496145 -0.0746354 0.8673079 0.1853444 0.0432378 0.0884462 0.1027389 -0.1807164 0.9030534 0.1514631 -0.0362569 -0.3021929 0.8964350 0.7250208 0.8387109 -0.1171542 -0.0006214 0.9116157 0.8322320 0.1352040 0.1390182 0.1959890 0.1381950 0.2047994 0.2113655 -0.0822750 0.0081165 0.2480007 0.9270738 0.6878163 0.0735081 0.2666250 0.0032821 0.8260199 -0.1251844 0.2741425 0.2854670 0.7774604 -0.0286573 -0.1935138 0.1114227 0.3015699 0.3881849 -0.8067238 0.3284225 -0.4709395 0.3082530 -0.1498617 0.0881646 0.3318988 0.0456899 0.4530857 0.1864431 0.0863817 0.2108895 0.1321213 0.5259720 0.3887937 0.3258265 0.1759805 0.3026726 0.2423341 0.2495020 0.1866210 -0.1505109 0.2629376 0.1914101 0.0470321 -0.0446934 -0.2358171 0.3061023 0.1058941 -0.7038311 0.4241557 -0.1181254 0.3144530 -0.0415532 -0.2589169 -0.5480303 0.2206126 0.4997262 -0.4344197 0.1126581 -0.1866178 -0.5438306 -0.4128466 0.2758958 0.2885396 -0.5495141 -0.1711051 -0.0174341 0.5712977 -0.5094745 0.3798047 -0.6030765 -0.5346254 0.5107227 -0.5528351 -0.4398150 -0.5385335 -0.2288271 -0.4282714 -0.2437329 -0.2713724 -0.0531473 -0.1567071 -0.1348274 -0.6393250 0.1990038 0.1031173 -0.0759651 -0.2271673 -0.6333994 -0.0033622 -0.2834715 -0.3071230 -0.1291194 -0.5272605 -0.5449096 0.3198136 -0.4604961 -0.4742597 0.0149229 -0.2864845 -0.1467182 -0.5495417 0.0339508 -0.1157033 -0.2630048 -0.5347573 -0.6548629 0.0165332 -0.1760185 -0.3155598 -0.2155397 -0.2230688 -0.3877610 0.0993692 -0.7499766 -0.3960640 -0.6665886 -0.4915109 -0.4183318 -0.5636154 -0.2746140 -0.5962689 -0.1295577 -0.8034498 -0.3218556 -0.2596513 -0.8789178 -0.7522564 -0.5822670 -0.4913979 -0.2071524 -0.5384489 -0.4638943 -0.1453580 0.4683348 0.0109975 -0.0150840 -0.0776215 -0.0840790 0.1503177 0.3399470 0.2288362 -0.3433240 -0.7174316 -0.7644054 -0.8800894 -0.1859130 -0.8123500 -0.5441790 -0.3214508 -0.1417925 0.0315424 0.0659472 -0.2428290 0.1717180 0.0149156 0.0633850 0.1254771 0.1861947 -0.1176909 -0.0528548 -0.3668305 -0.3313498 0.2075244 0.0903921 0.0901668 0.0679000 -0.1418685 0.2957716 -0.2940121 0.3721476 -0.0213183 0.1681330 -0.5628143 -0.1722304 0.0794437 0.0544263 0.5904205 -0.1369312
-0.0817450 -0.3601618 -0.0383372 0.2924031 0.1127634 -0.0758705 -0.5951233 0.7380898 0.0863234 0.5863703 0.6494492 -0.6801154 0.5303930 0.4016225 0.1496145 0.0000000 0.5656310 0.3713330 0.9752083 0.4537915 -0.7470253 0.8648126 0.6311743 0.3404747 0.9563672 0.8234278 0.2318488 0.2306382 0.1404825 0.2925612 0.4649186 0.8461103 0.3321485 0.4604202 0.6593485 -0.6425420 0.8270529 0.9336557 -0.2053370 -0.2310708 0.5442122 -0.3591575 0.5156783 0.3132156 0.6260845 0.8463573 0.7114488 0.7306251 0.4009404 0.8907283 0.6996497 0.4364751 0.3997895 0.0238181 0.7106767 0.9061993 0.7955929 0.3312940 -0.3476376 0.7587847 0.2303671 0.7054177 0.4945042 0.0819670 0.4576409 0.7458607 0.7505639 0.6724469 0.7480965 0.5495119 0.7351764 0.2222541 0.8181124 0.7642242 0.8186092 0.6178098 -0.0633488 0.7097728 0.5099139 -0.6975616 0.2391179 0.5271315 -0.0331614 -0.1657737 0.2006855 -0.0704957 -0.2833133 -0.0034784 -0.2295049 -0.0334294 -0.4110026 -0.7543928 -0.4862188 0.1329607 -0.3906207 -0.3274798 -0.4872462 -0.6966583 0.0131399 0.1633084 0.2027971 -0.4605765 0.0869367 0.2635047 -0.2658824 0.1318355 0.0543697 0.4823438 -0.1264887 0.1881834 0.2183992 -0.0923507 0.4349688 0.0416048 -0.0473429 -0.1939665 -0.3502853 -0.1393004 -0.4313530 -0.6803058 -0.7197478 -0.4954231 -0.5005973 -0.3157061 -0.5911561 -0.7027459 -0.4847369 -0.5613237 -0.7198425 0.0928475 -0.5795499 -0.0475063 -0.2347006 0.3141175 -0.0645892 -0.6494338 -0.0376744 -0.6469029 -0.3929150 -0.7200762 -0.4470226 -0.6245840 0.1188256 -0.1667809 -0.3069810 0.1479513 -0.4670898 -0.5564695 -0.1274408 -0.2753347 -0.4156203 -0.1322110 -0.6346745 -0.4128408 -0.4063105 -0.1225336 -0.1325284 -0.7601104 -0.0574005 -0.2963283 -0.4871287 -0.5607879 0.0358681 -0.3202241 -0.7214187 -0.1180787 -0.4197058 -0.3408246 -0.2670463 -0.4211446 -0.5843245 -0.3979275 -0.3822501 -0.2732741 -0.6874502 -0.6692989 -0.6825574 -0.7517437 -0.5876128 -0.2746009 -0.4741538 -0.3533278 -0.2668295 -0.1025046 -0.3233696 0.5207993 -0.1483298 0.5026921 -0.3256079 -0.5724260 -0.5751964 -0.5192360 -0.8673922 -0.5914453 -0.7532371 -0.7348611 -0.6245006 -0.7572594 -0.4370339 -0.6691215 -0.4298099 0.4636622 -0.3394951 -0.7723837 0.0085043 0.1843004 -0.5589989 -0.7243966 0.0147613 -0.0303601 -0.2876644 -0.7797083 0.2002015 -0.5522413 -0.6374552 0.5524179 -0.1259278 -0.3420506
-0.0588635 -0.3918635 -0.2825387 0.3778567 -0.3092249 0.2201847 -0.0525833 0.7330760 0.3005502 0.7341727 0.8841244 -0.1959777 -0.0221090 0.2358261 -0.0746354 0.5656310 0.0000000 0.1810055 0.5475198 0.0149383 -0.3660687 0.3367278 0.1407865 0.1273299 0.6950213 0.3847586 0.5065339 -0.0299251 0.1523688 0.0379175 -0.0386331 0.5905518 0.0507807 0.3301450 0.2736710 -0.3804133 0.4198974 0.4871859 -0.3827017 -0.7134866 -0.0570733 0.0175306 0.2684318 0.0497437 0.5536230 0.5735388 0.4923486 0.0913976 0.2182239 0.4801453 0.5383261 -0.1133909 0.3816429 -0.3165207 0.2447492 0.4810540 0.4333631 0.3248433 0.0105852 0.5715758 0.5347431 0.2912601 0.0345763 0.4326505 0.6761333 0.1726434 0.4671111 0.2578965 0.1869528 0.5732324 0.4457048 0.5110397 0.5456232 0.7612729 0.3752933 0.7113717 0.4821497 0.5393950 0.8667573 -0.1952639 0.3752196 0.2858694 0.2004042 -0.0304991 0.3964768 -0.2901705 -0.3837683 0.4458119 -0.4280354 0.2470735 -0.5570949 -0.6958180 -0.5853525 0.6063394 -0.5639776 -0.4426422 -0.4699376 -0.5830009 -0.1472404 0.2445318 0.2379400 -0.6776080 -0.2304473 0.4099657 -0.4533139 0.1096362 -0.1346041 0.6389361 -0.2533355 0.2131693 0.3715432 0.0311410 0.7180280 0.0716430 -0.0556896 -0.2462438 -0.4167576 -0.5879306 -0.4967693 -0.3406299 -0.4031015 -0.3297999 0.0020190 -0.2110737 -0.3050002 -0.3711573 -0.3313778 -0.1077778 -0.4327211 0.3714045 -0.2697715 0.1005035 0.1227195 0.5192454 -0.5667884 -0.2518726 0.1866694 -0.4258194 -0.1141013 -0.3462003 -0.3926342 -0.2234995 0.1421965 0.6397361 0.0217791 0.3218035 -0.4898903 -0.4025018 -0.1770659 0.3534137 0.2894928 0.4479850 -0.3065989 -0.0785215 -0.2579456 0.5211546 0.4575700 -0.3652849 0.1199086 0.3806101 -0.1262719 -0.1703743 0.4654669 0.1939317 -0.4009701 0.1880923 0.0218691 -0.0983022 -0.2263856 -0.3557357 -0.3566286 -0.2460576 -0.1610983 -0.0351641 -0.2981831 -0.2294416 -0.2565325 -0.5010738 -0.2813096 -0.2073540 -0.2652607 0.1834965 0.2940159 0.4615825 -0.1297496 0.6881990 -0.0907498 0.2262178 0.0963086 -0.2475810 -0.1614421 -0.1601523 -0.4420484 -0.1504657 -0.3303353 -0.3690258 -0.1189534 -0.1010997 -0.0118178 -0.3397638 -0.2679142 0.2388747 -0.3939570 -0.6017081 -0.3557796 0.1585987 -0.3084131 -0.6149736 -0.2835050 -0.3012046 -0.6795421 -0.3728687 -0.0804367 0.1109183 0.0107038 -0.1841225 -0.3679052 0.0995873
