0.0000000 0.0241866 0.0258663 -0.1926122 -0.0737965 0.6045654 0.4743587 0.4060917 0.6741890 0.1985200 0.3875498 0.0745263 -0.0478149 0.0040953 0.2952862 0.2588053 -0.0913214 0.1409219 0.0123021 -0.2895399 -0.3019486 -0.0084619 -0.1233313 0.5125304 0.0858190 -0.3928517 -0.1670845 0.0387613 0.0094874 -0.0159718 0.2761941 0.0776425 0.1760717 0.2152042 -0.1791511 0.0100693 -0.2199467 -0.2286831 0.2325598 -0.0522257 0.3060639 0.0148854 0.0274198 -0.0749190 0.0342901 -0.1526365 -0.2152856 -0.2479775 0.1115030 -0.0203179 -0.1689157 -0.0875967 -0.0923323 -0.1174601 -0.3273729 -0.0583644 -0.1743317 -0.0325344 0.3221018 -0.1044018 -0.0265297 -0.0518588 -0.1455649 0.3655432 -0.3902947 -0.1282096 -0.1140720 0.0436440 -0.0428314 0.1675377 -0.1512146 0.3124213 0.0755431 -0.0477339 -0.0702838 0.2973441 0.1239182 -0.0398809 0.1299092 -0.2136429 -0.5961759 0.2612046 0.2169456 -0.1194848 -0.4983047 0.2878189 -0.0260376 0.4076701 0.3169381 -0.2105129 0.3656443 0.1871165 0.1173037 0.5288866 0.0476831 0.2919932 0.2768397 0.0614753 0.1070914 0.1644457 0.2936635 -0.1652431 0.3202761 -0.2423172 0.3792410 -0.3478284 -0.0718327 0.3380564 -0.1536624 -0.2855031 -0.0257098 -0.4865694 -0.1706279 0.1906819 0.1180954 -0.0555905 0.1403567 0.4125319 0.0644160 -0.0863779 0.0345142 -0.0283533 0.1066452 -0.2175475 -0.0103547 -0.5887756 -0.1102995 0.5651840 -0.2043892 -0.0605039 -0.1416747 0.3648128 -0.3329291 -0.2357208 0.4862076 -0.3419004 -0.0958527 -0.1190947 -0.2471420 -0.0902425 0.3130101 -0.1018994 -0.0117814 -0.5374540 0.1816757 -0.4296795 -0.0353801 -0.1085852 0.1198108 0.1383939 0.1025454 -0.3792208 0.0621374 0.3707957 0.1321482 -0.6101214 -0.0864913 0.2694531 -0.0224526 -0.1072943 0.2111965 0.2159656 -0.5104115 -0.3311925 0.1938922 -0.2218812 0.1286812 0.2263626 -0.0335877 0.0776870 0.1237275 0.2492396 -0.2175010 -0.3979005 -0.1424382 -0.0559085 -0.4051317 -0.6832362 -0.4446641 -0.4876889 -0.5807311 -0.1355361 0.0040848 -0.1010721 0.0394942 -0.3515028 -0.4003239 -0.6174371 -0.6691753 -0.3841801 -0.1891752 -0.5982588 -0.5498863 -0.3522544 -0.2783077 -0.5209462 -0.8494919 -0.4137444 -0.6899554 -0.7064628 0.0075827 -0.3605146 -0.1516214 -0.3981617 0.2648059 -0.2356443 -0.5512041 0.1655921 -0.1231942 -0.4433494 -0.2506760 0.0689613 0.1991353 0.5787011 -0.0464392 0.1883574 0.0961992 0.0969295
0.0241866 0.0000000 0.7912747 0.7304959 0.3492476 0.3485256 -0.6224851 0.5114900 -0.0124574 0.4361348 0.5434137 0.4638068 0.4673705 0.4877689 0.0597813 0.3381052 0.5645222 0.3870037 0.2849180 0.6748125 0.5777929 0.4799657 0.2121695 0.2717768 0.4888051 0.3070296 0.2741026 0.3469367 0.5554782 0.3404891 0.1995342 0.4818345 0.2695694 0.4085210 0.3836902 0.3954528 0.1936850 0.4485223 -0.0227298 0.3675264 0.0278364 0.5216637 0.0894832 0.2788131 0.4689481 0.3256760 0.2949153 0.4643420 0.3580711 0.2053410 0.1757268 0.1810511 0.7151057 0.2987683 0.4183227 0.2997254 0.2621550 0.4240358 0.0012306 0.1025416 0.4626456 0.1568129 0.0540438 0.3963614 0.6181349 0.3225798 0.3884973 0.3127960 0.2997829 0.5717405 0.2682072 0.2016115 0.4944611 0.4194351 0.2966917 0.5102948 0.5093450 0.4896161 0.6027657 0.3564558 0.1233974 0.1175122 0.0682078 0.6680908 0.5157558 -0.0663688 0.4058168 -0.1170183 0.0972249 0.3251310 0.2317796 0.3492479 0.3319843 0.0011567 0.3183321 0.2599328 0.2645214 0.2579992 -0.1516069 0.0757238 -0.0195993 0.4312531 -0.2156897 0.6528880 0.2234151 -0.1756404 0.1017115 0.0636319 0.5158363 0.2882088 -0.0249647 0.3007554 0.2169469 0.2117812 0.0246479 0.0085450 -0.1355641 -0.0608404 -0.1368900 -0.0685662 -0.2392646 -0.2914395 0.4314022 -0.0607330 0.2682849 0.2672407 0.0437233 0.5362656 0.5386548 0.4459693 0.2521560 0.4802810 0.6556397 0.3927458 0.3292979 0.5815555 0.5963989 0.2267806 0.7087806 0.3771795 0.1463209 0.3459163 0.4224932 0.3638101 0.4596925 0.2394397 0.2772273 0.3883430 0.2432421 0.3692019 0.0100319 0.3636708 0.4220914 0.3245306 0.4880052 0.1368191 0.4368616 0.2567920 0.1140886 0.0569814 0.2417903 0.0613133 0.1705116 0.3388651 0.3057986 0.3311062 0.0822395 -0.1552111 0.0138240 0.0449732 0.1513829 0.0994737 0.5333829 0.4222080 0.6181052 -0.0080716 0.0065325 0.0542514 0.2429348 0.3381863 0.3669234 0.1478283 0.1319883 0.2268446 0.1582429 0.6777471 0.4732242 0.2193948 0.2457261 -0.0972877 0.0416455 0.0212340 -0.2153334 0.1167139 0.1964844 0.2774101 -0.0182245 0.1421302 0.0694882 0.1463253 0.5400463 0.5382283 0.3935481 0.1563797 0.6720998 0.5401462 0.4713244 0.5975506 0.4929779 0.2787842 0.4179612 0.3067404 0.3987376 0.3785332 0.1831744 0.4450126 0.2453255 0.2102722
0.0258663 0.7912747 0.0000000 0.5803395 0.7301967 0.2362304 -0.5244892 0.4504204 -0.0513415 0.4057217 0.3977846 0.3402357 0.5373806 0.4438816 -0.0874703 0.2227241 0.4691215 0.4442812 0.1224335 0.8290163 0.4300887 0.4517179 0.1753568 0.2512570 0.3111973 0.1831928 0.3354422 0.4583474 0.2764444 0.5240124 0.4340778 0.4796532 0.1916258 0.2324832 0.4010693 0.1143619 0.1987457 0.4415425 0.0634183 0.4960456 0.1858811 0.1205959 0.1433608 0.1510128 0.1121763 0.2833199 0.2373526 0.4350115 0.1428588 0.1638401 0.1370057 0.3049026 0.3503849 0.2196845 0.4993945 0.3086145 0.3054295 0.0990561 0.0387914 0.0729983 0.0875931 0.0762682 0.3973933 -0.0207417 0.2922325 0.3684168 0.2871606 0.1554635 0.3541015 0.1182707 0.3273261 -0.1509817 0.2053121 0.4739884 0.3940294 0.0325712 0.1701445 0.3947729 0.5773948 0.3411077 0.4143982 -0.1086995 -0.1454683 0.3311900 0.3490831 -0.1755900 0.4393620 -0.4151462 -0.1766969 -0.1559224 0.0551016 0.1912616 0.2840631 -0.4174850 0.2428311 -0.0153239 0.0817941 0.3657435 -0.4178550 -0.1906332 -0.2659987 0.3705890 -0.3073384 0.3339636 0.0313676 -0.4165400 -0.0801166 -0.1849798 0.3046043 0.1659511 -0.4255462 0.0389552 0.0576540 0.1438301 0.0038836 0.0823129 0.0378554 -0.0638419 0.0451202 0.0860030 -0.0275071 -0.1055820 0.7403841 -0.0706535 0.2369599 0.3535006 0.1432253 0.5484461 0.4360706 0.3483320 0.3345144 0.2782276 0.4933113 0.0451071 0.2781904 0.4395458 0.3729434 0.2658175 0.6020013 0.2842497 -0.2189695 0.1625330 0.6395630 0.3292820 0.3513882 0.0637357 0.0535154 0.0440154 -0.0288731 0.1083945 0.0796845 0.4841442 0.1608015 0.0167837 0.2265463 0.3717383 0.2551430 0.0130620 0.1384302 0.2305098 0.0714480 -0.0356500 0.2554873 0.2785374 0.1302218 0.2881928 -0.1266509 -0.4108992 -0.1174784 -0.0011208 0.0557789 0.0489969 0.4766304 0.2264101 0.4151493 0.0600534 0.1712187 0.3074545 0.2586918 0.3573268 0.5174511 0.1435806 0.0899846 0.1586507 0.3892672 0.6780067 0.6211825 0.4357402 0.4434522 0.1032666 0.1132367 0.3002545 0.0144739 0.2516052 0.1857597 0.3767808 0.0644233 0.1034842 0.2680200 0.2680419 0.7157435 0.4812650 0.3785411 0.2223724 0.8167594 0.6593188 0.4269569 0.5844068 0.5113216 0.2966566 0.2932109 0.2907835 0.6672280 0.2187214 0.0692020 0.6284953 0.2894864 0.3384806
-0.1926122 0.7304959 0.5803395 0.0000000 0.1459014 0.2012235 -0.7578847 0.2901789 0.0152969 0.5724680 0.4358393 0.3658600 0.2544374 0.6766923 0.1916156 0.2529440 0.6889009 0.3941157 0.2816884 0.6772460 0.3768286 0.5845850 0.3790420 0.0595565 0.4336232 0.3798735 0.6353349 0.4526594 0.5265518 0.5852270 -0.0059659 0.2844378 0.2399381 0.3181189 0.4105362 0.0709593 0.2131456 0.4479771 0.2230784 0.4673551 -0.0728207 0.3816526 0.1416334 0.5512073 0.3958886 0.1502044 0.2706431 0.5457489 0.4044886 0.0263198 0.1390199 0.1180055 0.5843825 0.4037257 0.4133977 0.0969531 0.1766967 0.6408707 -0.0381441 0.0770212 0.4423746 0.2275739 -0.1125070 0.2617995 0.6890489 0.1250947 0.2378829 0.3355139 0.1424436 0.4418905 0.0731670 -0.1375897 0.3874415 0.0787265 0.0925586 0.2436778 0.1406176 0.1740886 0.1236419 0.1285247 0.0492071 -0.0368555 -0.0563138 0.6398500 0.5614495 -0.2606678 0.3848638 -0.2567306 -0.2329061 0.1966862 0.1226864 0.2857875 0.1027479 -0.0988953 0.2961379 0.0114175 0.3405450 0.1518372 -0.1811002 -0.0642068 -0.3032909 0.3397977 -0.3608185 0.7957225 0.1940385 0.0026552 0.1884822 0.0338393 0.4363179 0.5827268 0.0955015 0.3444529 0.1709469 0.2647165 0.1395019 0.0705936 -0.0155167 -0.0399983 -0.1079962 0.0769599 -0.0072258 -0.1343529 0.4119909 -0.0723511 -0.0258382 0.1902195 -0.0581688 0.2499117 0.2115311 0.0351838 0.0093259 0.3523230 0.3408600 0.1281093 0.3060749 0.4785853 0.1600720 -0.0040245 0.5843273 0.2338073 -0.0964568 0.1936547 0.2469015 0.3614954 0.1655248 0.2033561 0.1312228 0.1605951 0.3884801 0.1661092 -0.0739234 0.3682806 0.2957457 0.1233914 0.2390446 0.1105518 0.2882748 0.0876580 0.1489050 -0.0662706 -0.1291908 0.0017957 0.2401323 0.3482021 0.1004800 0.1775098 -0.1000143 0.0728970 0.1197611 0.0253977 -0.1765001 0.0598060 0.6558963 0.6409402 0.6681278 0.0185149 0.0127559 0.1912743 0.0695975 0.1764136 0.2946525 -0.0572642 -0.0580836 0.0332047 0.0091928 0.7091538 0.5403853 0.2945034 0.2636890 -0.1146202 0.0128935 0.0668060 0.0168043 0.0272460 0.1303513 0.1097117 0.2312622 0.0512421 0.1507637 0.1502985 0.2839081 0.6893333 0.1751585 -0.0190967 0.3018717 0.3257575 0.4485784 0.5649876 0.2872053 0.5336156 0.3068155 -0.1725440 0.0405107 0.0318143 0.1783672 0.3790948 0.5617585 0.3817337
-0.0737965 0.3492476 0.7301967 0.1459014 0.0000000 -0.1179474 -0.1621416 0.1803030 -0.2483564 -0.0177499 -0.1096949 0.2797553 0.5860566 0.2370094 -0.3204637 -0.0458150 0.2708501 0.2461205 -0.0374213 0.7039675 0.3190100 0.1615446 0.1557871 -0.0624335 0.0748519 0.0820941 0.3262729 0.3012381 -0.0817992 0.3785845 0.4789959 0.4060706 0.0113273 -0.0279859 0.3174556 -0.0160186 0.1263007 0.4217289 0.0674951 0.2943957 0.2886626 -0.1775746 0.2208936 -0.1286440 -0.3180547 0.2703959 0.1124018 0.4212844 -0.1656589 0.2328550 0.1172251 0.3520928 -0.0049011 -0.0453297 0.5914349 0.3785895 0.2950347 -0.4154791 0.2254438 0.0219369 -0.0884014 -0.0457308 0.7369793 -0.4336052 0.0478159 0.4547057 0.1499513 -0.0485629 0.4672459 -0.2656294 0.4178574 -0.2624575 0.0075605 0.4705606 0.5297815 -0.3501251 -0.0272849 0.3410869 0.3813098 0.3376220 0.6130778 -0.4079585 -0.4161561 -0.1876328 0.0057167 -0.2169914 0.2204339 -0.6749665 -0.1939799 -0.4186820 -0.3176924 0.0374418 0.2313063 -0.7142003 -0.0643549 -0.0618477 0.0778788 0.2677717 -0.5039940 -0.4565074 -0.3413388 0.0399183 -0.2819779 -0.0498636 -0.0511705 -0.1604563 -0.1981251 -0.4406308 0.0880907 0.1058820 -0.4238794 -0.0814990 -0.2648246 0.1032134 0.0253594 0.1972350 0.2890634 -0.1098201 0.2692418 0.0934425 0.1696690 0.1881536 0.6138123 -0.0347010 0.2746239 0.3437834 0.2599029 0.1699478 0.3219199 0.2840976 0.5565800 -0.1609556 0.3309117 -0.0113901 -0.0241905 0.1979717 0.3013919 0.3308873 0.5093446 0.1521353 -0.2765360 0.1503382 0.5321275 0.3380309 0.2931215 -0.0036989 0.1540903 0.1213443 -0.1685506 0.1425100 0.0852217 0.4282007 0.1034391 -0.1120521 0.1512864 0.5123509 0.1002291 -0.0262436 0.2880833 0.2073439 0.1270260 0.0987485 0.2206077 0.0428165 0.1115974 0.2140857 -0.2229577 -0.4204791 -0.0911107 -0.0169795 0.0926660 0.0681812 0.3465864 0.0995030 0.2189898 0.2977946 0.5193877 0.6017275 0.3782908 0.4028467 0.4843075 0.1569564 0.2026785 0.1217148 0.6802205 0.4179537 0.7085503 0.6470042 0.6257027 0.4434075 -0.0410154 0.5314760 0.3540423 0.2632270 0.0671883 0.3963396 0.2782923 0.3449048 0.4752488 0.3857765 0.7097576 0.1499107 0.1452809 0.3325870 0.7088612 0.7082110 0.2435983 0.2997921 0.4943445 0.0848744 0.0138782 0.2627418 0.7570680 -0.0893164 -0.1158532 0.3952034 0.2573951 0.3772666
0.6045654 0.3485256 0.2362304 0.2012235 -0.1179474 0.0000000 0.2248217 0.6077429 0.8443529 0.3254888 0.5868881 0.2542034 -0.1062083 -0.1577073 0.7335882 0.3385539 -0.2593999 0.1461977 0.1444008 -0.0985595 0.1604386 -0.0930742 -0.0146488 0.7891359 0.2061774 -0.0969104 -0.2974061 0.1575233 0.3659951 -0.0942004 0.1224615 -0.1586272 0.4724080 0.5624950 0.0708829 0.2757694 -0.1808040 -0.3010378 0.1338421 0.0651625 -0.0410169 0.2939954 0.0389061 0.3898322 0.4160925 -0.0810497 -0.0616631 -0.3553608 0.6179386 -0.1061367 -0.0064930 -0.0586767 0.3599081 0.1468841 -0.5030300 -0.2242848 -0.1902832 0.4442870 -0.0864746 0.0325735 -0.0906785 0.0415591 -0.3878458 0.6956668 -0.0785216 -0.3118411 0.1081462 0.3085878 -0.3507060 0.5494006 -0.1726077 0.3859103 0.3887756 0.2542752 -0.2210799 0.6419996 0.4969600 0.0486275 0.4140290 0.1696447 -0.3062698 0.5602005 0.4334405 0.2651360 -0.2710779 0.2960265 0.1028195 0.3695103 0.5946341 0.2649487 0.3293579 0.0080607 -0.1199405 0.5590895 0.2126120 0.3448752 0.2891950 -0.0598519 0.1763136 0.4397128 0.3116885 -0.1477145 0.2625902 -0.0504764 0.2699537 -0.3253390 -0.0011877 0.5145679 -0.0463236 -0.1115804 0.1205364 -0.1490911 0.2782695 0.2752042 0.1591106 -0.0207716 -0.0120770 0.3559842 -0.0674046 -0.1383325 -0.0403088 -0.1229895 0.3354872 -0.0903574 0.0143217 -0.4704598 -0.1276489 0.8176966 -0.0550915 0.0726927 -0.1446408 0.6670242 -0.2074936 -0.1052527 0.7379573 0.0424283 -0.0247839 -0.0031413 -0.1113066 0.2074758 0.2533856 0.1600376 0.3457611 -0.2336387 0.2894868 -0.3054575 -0.0873544 -0.0303901 0.1331964 0.2694921 0.2297013 0.0296546 0.1850458 0.2392082 0.1696373 -0.2934897 0.3040740 0.3125866 0.1324793 0.1943438 0.0285542 0.2968477 -0.0662275 0.1133109 0.0783543 0.1873982 0.3935606 0.2502325 0.2413853 0.3398077 0.1621835 0.3995516 -0.1971600 -0.3988985 -0.1409236 -0.0831050 -0.3375141 -0.5819473 -0.1787831 -0.0644978 -0.1607898 0.0737368 0.0880229 0.1113827 -0.2331327 -0.0079735 -0.3771791 -0.3779291 -0.3997091 -0.2976888 -0.1976305 -0.4017568 -0.5577470 -0.2152380 -0.2580985 -0.2414116 -0.6204918 -0.3953464 -0.3901784 -0.5452506 0.1067447 0.2434703 0.3289839 0.0339892 0.3099739 0.0474797 -0.1180302 0.4421103 0.1671305 0.2199533 0.4282551 0.4399444 0.2659666 0.6904379 0.2066788 0.3722041 0.2923651 0.2248603
0.4743587 -0.6224851 -0.5244892 -0.7578847 -0.1621416 0.2248217 0.0000000 0.0271399 0.4178015 -0.3912118 -0.1694088 -0.2030024 -0.2255086 -0.6383207 0.1483100 0.0191993 -0.6606653 -0.4163847 0.0187813 -0.6834253 -0.3191100 -0.5066293 -0.0690809 0.1087950 -0.0737020 -0.1744657 -0.5486444 -0.3944349 -0.4462729 -0.5031731 0.1316917 -0.2423479 -0.1646063 -0.1777948 -0.1516084 0.0038894 -0.0655582 -0.4048996 0.0457345 -0.2553027 0.2246491 -0.3065545 0.1544370 -0.2844399 -0.2694997 -0.0304243 -0.1231376 -0.5772409 -0.2139380 0.1181057 0.0725809 -0.0041882 -0.5322938 -0.1376250 -0.5233050 -0.0386077 -0.0436032 -0.3565107 0.2102365 0.1319568 -0.2381022 -0.0278619 -0.0070734 0.0075507 -0.6558878 -0.0678850 -0.0534427 -0.0001459 -0.1510027 -0.1239444 0.0643190 0.2428665 -0.0930454 -0.0615224 0.0857434 -0.0013112 -0.0949520 -0.1339950 -0.1807371 -0.0959733 -0.2060355 0.3087505 0.2411041 -0.6252710 -0.8476444 0.3492304 -0.3915373 0.3456011 0.3886104 -0.0757844 -0.0485456 -0.1907276 -0.0792641 0.3033161 -0.3085702 0.0261788 -0.0118414 -0.0738382 0.2179376 0.2744063 0.4023980 -0.3590268 0.5482343 -0.7908683 0.0026595 -0.0614745 -0.0398795 0.2145947 -0.3263167 -0.5274553 0.0438290 -0.1755788 0.0159192 -0.0134627 0.1669450 0.0997020 0.2030533 0.3386831 0.2714183 0.0040229 0.2051812 0.2825230 -0.1866252 0.2409075 0.1655861 -0.4129244 0.1239226 0.0727978 -0.2661364 0.0547438 0.1313605 -0.1409584 -0.4814204 -0.1070544 0.0729662 -0.3616242 -0.1196539 0.0754879 -0.6172720 -0.1037406 0.2013149 -0.0180328 -0.1271909 -0.4422706 0.1260867 -0.1994206 0.0290509 -0.0590456 -0.2299716 0.0662381 0.2886307 -0.2618458 -0.0511083 0.0044719 -0.0863345 -0.1829428 0.0226930 0.1306646 0.1955074 0.1893817 0.1363604 0.3750788 -0.1613127 -0.2801520 0.0467222 0.0337047 0.3627500 0.1493928 0.1403309 0.3137740 0.1880511 0.2339021 -0.7729824 -0.7842103 -0.6390873 0.0376279 -0.0684964 -0.3582087 -0.1665918 -0.1494796 -0.3246587 0.1430461 0.2079689 0.0768920 0.0261601 -0.6619445 -0.5922762 -0.4451101 -0.4501569 -0.0152608 -0.0705141 -0.2224349 -0.1135907 -0.0350215 -0.1950709 -0.1661408 -0.3595652 -0.2683871 -0.2697036 -0.3122345 -0.1934370 -0.5890365 -0.1145271 0.0260539 -0.1393789 -0.3089793 -0.4198006 -0.2892947 -0.1262908 -0.4235465 -0.1697657 0.2425119 0.0488261 0.1307964 -0.1534915 -0.1972763 -0.1488513 0.0404369
0.4060917 0.5114900 0.4504204 0.2901789 0.1803030 0.6077429 0.0271399 0.0000000 0.5793609 0.6319242 0.8123069 0.1442568 0.6562659 0.0417960 0.3956582 0.8454441 0.1574213 -0.1454729 0.7026046 0.2155207 -0.0047119 0.4409074 0.3363154 0.1959290 0.6747799 0.3912784 0.0534496 -0.2493578 -0.0400182 -0.0142448 0.5975167 0.1268591 -0.1198350 -0.0330137 0.5530465 -0.0408424 0.3913372 0.2572825 0.4755228 0.3607714 0.4752844 -0.1547971 0.5725643 -0.0952846 -0.0973820 0.5298127 0.5252569 0.0579518 0.0443110 0.5054092 0.5887045 0.5467252 0.1135625 0.5381652 -0.0302644 0.4589824 0.4058408 0.4396298 0.1565650 0.5740577 0.1353537 0.6033920 0.1213699 0.6340710 0.2009389 0.3277172 0.6352670 0.7050675 0.3935660 0.7054837 0.3535189 0.6292210 0.6517645 0.7730687 0.3063460 0.4701359 0.3800823 0.5101151 0.5429158 0.0594390 -0.0680211 0.5589897 0.3519770 0.2043914 0.0498308 0.5599752 0.2830533 0.2637350 0.5804782 0.3386023 0.5094669 0.4769703 0.3507534 0.2325022 0.5074058 0.2586579 0.4317803 0.4067450 0.3160294 0.2645279 0.4960423 0.3116786 0.4732118 0.0339845 0.1929300 -0.1778982 0.5069400 0.6454535 0.1523973 0.0893111 0.0236682 0.1822974 0.3944002 0.2870360 0.1458401 -0.0017204 0.0099163 0.2597750 0.0187115 -0.0552713 -0.0443803 -0.0470118 0.3015813 0.0214980 0.1647480 -0.1748209 -0.0845290 0.7502721 0.0589842 0.1861231 0.0392850 0.6339873 -0.0706513 0.0579258 0.4879913 0.3600051 0.1884617 0.2558615 0.2218319 -0.0012917 0.3771253 0.1272133 0.4030056 0.1602394 0.5206663 0.1159805 0.1797459 0.1553679 -0.0385580 0.1690926 0.0717110 0.3900290 0.1266366 0.3013856 0.3993281 0.0898521 0.2512037 0.4458382 0.0691567 0.0116075 0.2910008 0.0551022 0.1718833 0.0358365 0.1051608 0.3653824 0.3299084 0.0554457 -0.1472723 -0.0500151 0.2339411 0.2207855 -0.1339425 -0.2709724 -0.0897091 -0.0660098 -0.2046533 -0.3207312 -0.1238263 -0.0534496 0.0040065 0.0229856 0.0417652 0.0152759 0.0257806 0.4256664 -0.0843787 0.0453934 -0.0969775 -0.0610960 0.0086765 -0.2435911 -0.3202842 -0.0170142 -0.0943448 -0.0678643 -0.3543575 -0.0946416 -0.2094438 -0.2514171 0.5904583 0.3005612 0.1200794 -0.0061311 0.6926970 0.4399425 0.0235927 0.5320880 0.4180406 0.1065686 0.0487358 0.2674326 0.6693185 0.6364806 0.1663956 0.6076029 0.1748131 0.1290136
0.6741890 -0.0124574 -0.0513415 0.0152969 -0.2483564 0.8443529 0.4178015 0.5793609 0.0000000 0.4055613 0.5298403 0.1731420 -0.1351494 -0.1476379 0.7538471 0.4246740 -0.2672063 0.0970554 0.2232044 -0.3275211 -0.2138031 0.0000862 0.0609971 0.6164297 0.1495430 -0.0537306 -0.1448170 0.0350655 0.1256668 -0.0360595 0.2814760 -0.3841323 0.2739560 0.2982409 0.1348072 -0.0745523 -0.0973673 -0.2802525 0.3944188 0.1237134 0.2235808 0.0035650 0.2372491 0.3116332 0.1782814 -0.0215878 0.0201406 -0.3797262 0.4114710 0.0252008 0.1023218 0.0324936 0.0383869 0.2287080 -0.5496354 -0.1203880 -0.1131344 0.4278898 -0.0652212 0.1916764 -0.1515559 0.2274472 -0.3413876 0.6360695 -0.1736156 -0.2967873 0.1247679 0.3816852 -0.2381694 0.4485953 -0.1706207 0.3655540 0.4159741 0.1969533 -0.2443230 0.4055379 0.2441474 0.0782451 0.1700890 -0.1610436 -0.3924653 0.5161701 0.3809088 0.0084768 -0.3529666 0.4010868 0.0389379 0.4075449 0.5315668 0.1166340 0.2775406 0.0029506 -0.1941701 0.5181872 0.2950311 0.3318205 0.3219813 -0.1232000 0.2851794 0.3657123 0.3121631 -0.2621588 0.4507788 -0.1710666 0.1704806 -0.1654877 0.1501657 0.6670001 -0.3367298 0.0004787 0.0952899 -0.2292241 0.1623396 0.2745111 0.2022750 -0.0889286 0.0781298 0.3920885 -0.0802487 -0.1606433 0.1218222 0.0939002 0.2484414 -0.0884249 -0.0287834 -0.6548839 -0.1255200 0.6709726 -0.3440929 -0.1172081 -0.2223267 0.5301946 -0.4985074 -0.2822797 0.6391223 -0.1057652 -0.2765219 -0.0979332 -0.2906262 -0.0934343 0.3048160 -0.1224407 0.2411935 -0.2431949 0.1170832 -0.2725879 -0.1129054 -0.1457300 0.0594748 0.0763083 0.1334301 -0.0290393 0.0342906 0.2729254 0.1154818 -0.2723777 0.1527898 0.2703633 0.0208820 0.0328086 0.0446257 0.2086235 -0.0325764 0.0155014 0.0673027 0.0746848 0.4246458 0.3735202 0.1496615 0.1405696 0.1914991 0.5096630 -0.2858757 -0.4321062 -0.3639009 -0.0704065 -0.3914280 -0.5861643 -0.4312009 -0.4146136 -0.4084221 -0.2104981 -0.1296669 -0.1809940 -0.3606791 -0.0863375 -0.5208033 -0.3626779 -0.4719430 -0.2564154 -0.3229453 -0.4436433 -0.4165137 -0.4054179 -0.4240468 -0.4804083 -0.5877138 -0.3567466 -0.4419577 -0.6508516 0.0595761 0.0770238 0.0984228 -0.1727484 0.0639100 -0.1075230 -0.3896193 0.2312928 0.0720068 0.1553125 0.1120970 0.1334116 0.2097786 0.5365668 0.1572614 0.2228846 0.3791784 0.1785874
0.1985200 0.4361348 0.4057217 0.5724680 -0.0177499 0.3254888 -0.3912118 0.6319242 0.4055613 0.0000000 0.8233740 -0.0370151 0.4312192 0.4446684 0.3922267 0.7019227 0.4735816 0.1005981 0.5910473 0.2991852 -0.2910800 0.7061461 0.2127561 0.1075038 0.4907987 0.3926015 0.4640566 0.0318953 0.0955087 0.4441771 0.5402872 0.0794803 -0.1649609 -0.0581486 0.5314016 -0.3243900 0.4665083 0.4391000 0.6218301 0.5648486 0.3934288 -0.1197961 0.4458686 0.2296543 0.0292371 0.4377475 0.5340400 0.3498389 0.0105639 0.3430264 0.4125284 0.4698500 0.1119858 0.6821925 0.1932390 0.3579249 0.3474570 0.6776137 -0.1874628 0.4604315 0.1142759 0.6349181 0.0209305 0.4083711 0.4091035 0.2569028 0.5310152 0.6735496 0.3558524 0.4675008 0.1617724 0.1568155 0.5135056 0.3209153 0.1131712 0.1463108 -0.0836551 0.1391927 0.0520756 -0.4959734 -0.2722432 0.0821260 -0.0618793 0.3223747 0.4314782 0.1037071 0.1216900 0.2823837 0.0662200 0.0429513 0.2361109 0.5370894 0.1089831 0.0860721 0.4232132 0.1452568 0.3671973 0.1843916 0.0285342 -0.0572546 -0.0777256 0.2783476 0.0349394 0.3210191 0.0298885 0.0007880 0.4666055 0.4475627 0.0008206 0.3554641 -0.1805001 0.0015559 0.2728302 0.2619811 0.0636898 -0.0328186 -0.0471227 0.0319802 -0.1814429 -0.1680384 -0.0570632 -0.0976287 0.2836670 -0.1933680 -0.0921952 -0.2720283 -0.2351322 0.3964893 -0.2636661 -0.1533444 -0.2710639 0.3556854 -0.0764532 -0.1984709 0.1473036 0.1961709 -0.2140988 -0.2721193 0.0968666 -0.4271880 -0.1294413 -0.4471273 0.1009816 -0.0459968 -0.1213397 0.0348795 -0.2799415 -0.2735829 -0.0778496 -0.3910406 -0.4303290 0.0840787 -0.2484203 -0.0059763 0.0969375 -0.0253202 -0.0390801 -0.1745617 -0.3015807 -0.4185314 -0.0810367 -0.4731889 0.0925370 -0.0428041 -0.0809331 -0.1034963 -0.0267613 -0.0836944 -0.3669402 -0.4786066 -0.2009152 0.0132485 0.2706886 0.1102618 -0.0000910 -0.3638226 -0.4092441 -0.1960335 -0.3620656 -0.3440426 -0.1481009 -0.3839017 -0.5111474 -0.3921095 -0.3298563 0.6268473 0.1127340 0.0896471 -0.1542972 -0.3377795 -0.1854235 -0.2757012 -0.2251123 -0.2979583 -0.3175519 -0.3278305 -0.2083933 -0.2155774 -0.3026554 -0.2341720 0.3435895 0.4711992 0.1265447 -0.1947473 0.2813973 0.1398851 -0.0767526 0.3507417 0.2716900 0.2517056 0.0144459 -0.3782135 0.2245939 0.1273579 -0.1143924 0.4158005 0.2918255 -0.0521729
0.3875498 0.5434137 0.3977846 0.4358393 -0.1096949 0.5868881 -0.1694088 0.8123069 0.5298403 0.8233740 0.0000000 0.0264471 0.4017796 0.2784542 0.3966996 0.8367867 0.3406295 -0.0760850 0.6130751 0.1864840 -0.1157616 0.5638197 0.3360256 0.2236960 0.6475565 0.4049108 0.1642994 -0.1498368 0.0303978 0.1916020 0.5118854 0.1993048 -0.2069551 -0.0432173 0.5124923 -0.0708490 0.4477288 0.2900431 0.5733468 0.5071871 0.4321228 -0.0359371 0.4991287 0.0766731 0.1008064 0.4529894 0.5450772 0.1579441 0.0163946 0.4099119 0.4810944 0.5038706 0.1257791 0.6747607 -0.0841932 0.3360917 0.3628560 0.6515760 0.0250311 0.5224115 0.2041891 0.6555669 -0.1440757 0.5919567 0.2684926 0.2368265 0.5951264 0.7409924 0.2091797 0.6904160 0.1933560 0.4400849 0.6099152 0.4388719 0.1224476 0.4490062 0.1181258 0.2232250 0.3212829 -0.1925122 -0.3431924 0.5071417 0.3814038 0.3930662 0.1653218 0.4259394 0.2995603 0.4903839 0.3391509 0.2907869 0.5846302 0.6314581 0.3893876 0.3660090 0.4676354 0.3106489 0.4636765 0.4246265 0.2431131 0.3243145 0.3606187 0.4473617 0.4031377 0.2254945 0.3261549 -0.1860879 0.5726577 0.7093700 0.2566425 0.1303234 -0.0209741 0.1828678 0.5759358 0.3945104 0.2692288 0.1461545 0.0697360 0.3610928 0.0508437 -0.0008125 -0.0160581 -0.0839430 0.2736992 0.0360913 0.0307441 -0.2294553 -0.0299679 0.7084441 -0.1210153 0.1077672 -0.1994120 0.5887970 0.0017105 -0.0811732 0.4090198 0.4000395 0.0295948 -0.0442717 0.0625592 -0.1544346 0.1454313 -0.1109210 0.2256898 -0.0822029 0.2031650 0.1466001 -0.0601292 -0.0769130 -0.0364468 -0.0936003 -0.0948645 0.1893879 0.0086177 0.2457133 0.3620717 -0.1275182 0.2010898 0.1826371 -0.0196427 -0.1006546 0.2185690 -0.1420368 0.0767339 0.1131421 0.1267618 0.1674326 0.2373402 0.0253675 -0.1579654 -0.0898379 0.0805099 0.1295765 -0.0777477 -0.1497958 0.0425169 -0.2055343 -0.3605861 -0.4249919 -0.2164054 -0.1268540 -0.0145064 -0.0005150 -0.1363329 -0.0362449 -0.2324671 0.4672864 -0.1480499 -0.1626495 -0.2895299 -0.3080048 0.0911557 -0.3566488 -0.3775027 -0.0279168 -0.0768265 -0.1473020 -0.3768369 -0.3154297 -0.4068436 -0.2871527 0.4095245 0.4971801 0.2992844 -0.0170946 0.4745571 0.1062741 0.0483296 0.5423236 0.3174635 0.1952520 0.2250999 0.0387512 0.3018113 0.5230685 0.1440865 0.6078905 0.1409299 0.0262969
0.0745263 0.4638068 0.3402357 0.3658600 0.2797553 0.2542034 -0.2030024 0.1442568 0.1731420 -0.0370151 0.0264471 0.0000000 -0.0094266 0.3814214 0.0198440 -0.0663023 0.2731144 0.5911626 -0.2160256 0.3725371 0.6666369 0.0761333 0.0660279 0.2925249 -0.0349066 0.0085580 0.2554664 0.5197257 0.6478715 0.3862680 0.0145722 0.0550645 0.4172399 0.4765805 0.1609429 0.4978781 -0.2569956 0.1020005 -0.1638629 0.1402073 -0.0311577 0.6181734 -0.0276272 0.4011871 0.4919676 -0.0865079 -0.1598412 0.2397914 0.4204926 -0.0598679 -0.1166520 -0.0211963 0.5488143 -0.1677616 0.2341188 -0.0031725 -0.0413096 0.0974342 0.1251893 -0.1754894 0.4668558 -0.1257213 -0.0775638 0.2728111 0.5017835 0.0094726 -0.0340485 -0.0502550 0.0838758 0.3047879 0.0078437 0.1392184 0.4464329 0.1201447 0.1337802 0.3840384 0.4939745 0.4994692 0.5639347 0.4189903 0.0832860 -0.0902764 0.0747638 0.4387234 0.1685067 -0.0411292 0.5439661 -0.4593352 0.0523525 0.1269975 -0.0456568 -0.1260743 0.1707559 -0.0419629 0.1519374 0.5281938 0.3164353 0.0087765 -0.2882308 -0.1728452 -0.1951192 -0.0151327 -0.0493738 0.5390111 0.3742783 0.0787852 -0.0695959 0.0892289 0.2072826 0.5137895 0.0881349 0.1934853 -0.1419154 0.2346727 0.1094724 -0.0045866 0.1172680 -0.0167357 -0.0501725 -0.0858290 0.0533302 0.0576270 0.4447566 -0.0827826 0.2358339 0.0894599 0.2809702 0.2841498 0.3963103 0.4154126 0.4129426 0.2247345 0.4467465 0.2713671 0.3799976 0.2444582 0.5021495 0.2558172 0.5998893 0.5053310 0.1559456 0.4744863 0.4432147 0.4162563 0.3126196 -0.0087725 0.5011169 0.5385036 0.2378619 0.6899939 0.2761716 0.3070849 0.7482716 0.4003231 0.5080549 0.0578315 0.3617421 0.4634061 0.2052259 0.2305273 0.3759418 0.5680371 0.0565580 0.3408959 0.6374077 0.2590273 0.0436170 0.0198558 0.3329366 0.3403743 0.5990876 0.5643142 0.4748533 0.4032961 0.5106251 0.3287822 0.2340743 0.1289649 0.3038595 0.3097286 0.2084758 0.1331024 0.3848799 0.3014060 0.2721280 0.2835004 0.3406386 0.1171443 0.2638684 0.0843621 -0.1932212 0.1008998 -0.0687521 -0.0151270 0.1522949 0.1661575 0.0902304 0.2497390 0.0894150 0.0675342 0.2922382 0.3429773 0.1361813 0.0635340 0.2364754 0.2588158 0.1710977 0.2136466 0.2153538 0.3832327 0.2450757 0.2638074 0.2917091 0.2962193 0.2686657 0.0279091 0.5221056 0.2618329
-0.0478149 0.4673705 0.5373806 0.2544374 0.5860566 -0.1062083 -0.2255086 0.6562659 -0.1351494 0.4312192 0.4017796 -0.0094266 0.0000000 0.2187351 -0.1791589 0.6410846 0.4665261 -0.2424688 0.6789560 0.5599093 -0.0218302 0.5782715 0.4225720 -0.3964437 0.6646859 0.5316836 0.3629822 -0.3112146 -0.3008768 0.0950944 0.6471426 0.5056134 -0.4316522 -0.3884859 0.6558269 -0.2243311 0.6343480 0.7034056 0.3889958 0.3514037 0.5610734 -0.3649901 0.6358772 -0.4000316 -0.4593553 0.7497543 0.6731248 0.5388220 -0.3995171 0.7129918 0.6813620 0.7008819 -0.0461586 0.4533961 0.5859956 0.8014635 0.6882835 0.0718579 0.2677686 0.5965475 0.1894347 0.5958053 0.6272632 0.0662558 0.3546034 0.7705291 0.7016110 0.5625566 0.8350463 0.3362144 0.6641161 0.2954489 0.4474532 0.7673660 0.6516718 0.0061681 0.0616155 0.5395641 0.3493566 0.0128640 0.2742840 0.0262510 -0.1406171 0.0362193 0.2722941 0.2521924 0.1692334 -0.1349170 0.1711013 0.0958459 0.1466346 0.5501456 0.4793312 -0.3312051 0.2778479 0.0165072 0.3064099 0.5026167 0.0281687 -0.1554597 0.1635167 0.4346472 0.1282331 0.0937584 0.0207137 0.0339478 0.4677124 0.1175523 0.2852026 0.2001492 -0.1348418 0.2735157 0.1272694 0.1535527 0.0356310 0.0972468 0.0762385 -0.0462596 0.1308828 -0.0011342 -0.0242542 0.0505998 0.2188450 0.0581470 0.2940748 0.1970028 0.0384164 0.2297884 0.2292173 0.2578990 0.3410374 0.1510072 0.2496473 0.1782545 -0.0299337 0.3968197 0.3529935 0.2919672 0.4718497 -0.1331873 0.1429044 0.0724074 0.2843005 0.3659131 0.4405305 0.3042242 0.2674649 0.2303604 -0.0781186 0.0613845 -0.1384184 0.4606842 0.0379605 0.1352994 0.3709538 0.4020501 0.1321722 0.1960583 0.0977141 -0.1692760 0.3462405 -0.1514826 0.2553251 -0.1078933 0.0945731 0.3007823 0.0211427 -0.2194270 -0.3302837 -0.3292110 0.0956166 -0.0439877 0.1421947 0.0509481 0.1117139 -0.0005612 0.1407964 0.2373373 0.0849234 0.1282385 0.2525260 -0.0057338 0.0018411 -0.0575059 0.4001719 0.6219612 0.4763720 0.5298251 0.3394136 0.1762171 0.0475768 0.1042907 0.0921746 0.1658689 0.0365070 0.1886988 0.1155266 0.2425616 0.1516845 0.1886463 0.6938849 0.1986834 -0.0688366 0.0513967 0.7447037 0.6795606 0.1748254 0.4089254 0.4965956 -0.0666386 -0.2332603 0.0047974 0.6920377 0.0927582 -0.0823726 0.4936362 0.0136891 0.0719755
0.0040953 0.4877689 0.4438816 0.6766923 0.2370094 -0.1577073 -0.6383207 0.0417960 -0.1476379 0.4446684 0.2784542 0.3814214 0.2187351 0.0000000 -0.1521022 0.1436112 0.9104291 0.5544169 0.0350948 0.6339488 0.0883969 0.6403023 0.3297660 -0.1144451 0.2480915 0.1648060 0.8095712 0.5366182 0.2862364 0.8478635 0.1629949 0.3607252 -0.0200126 0.0636788 0.2616942 -0.1496431 0.1379350 0.5879640 0.3746714 0.5827617 0.3342751 0.2050528 0.1631677 0.3485451 0.1435018 0.1119755 0.1700684 0.7636979 -0.0190121 0.1224149 0.0152740 0.2250438 0.2158363 0.2487342 0.5724495 0.2271292 0.1805975 0.2292632 0.1875080 -0.0418746 0.4020117 0.1596125 0.0324132 -0.1426248 0.4499032 0.2217790 0.0624440 0.1012855 0.2809416 0.0979078 -0.0424636 -0.2650832 0.1579665 -0.1365053 0.1242778 -0.1641334 -0.2129178 0.1420426 -0.0495113 -0.1474434 -0.1060865 -0.3781341 -0.2624710 0.3467023 0.4350569 -0.2466210 0.4163267 -0.2992918 -0.5043023 -0.1490326 0.0853525 0.4303684 0.4056694 -0.2418556 0.0677696 0.1499030 0.5051405 0.2576599 -0.2604036 -0.3826189 -0.3651569 0.2845311 -0.2856880 0.6858585 0.3940584 0.1342645 0.2292266 -0.0420091 0.3007453 0.6522506 -0.0195769 0.1863944 -0.0526674 0.4293592 0.3460702 0.2618952 0.3345225 0.1681264 0.1666368 0.2844999 0.2830164 0.1726409 0.3098289 -0.0017358 0.0300701 0.1952450 0.2656985 0.0440882 0.0037949 0.0187715 0.0335692 0.0645726 0.3571353 0.0108828 0.0006422 0.3497583 0.1099968 -0.1520133 0.5908881 -0.0663867 -0.1688987 -0.0689644 0.0205013 0.2912395 -0.0869373 0.2271841 0.1523738 0.1020614 0.3190910 0.0222829 -0.2544308 0.1918282 0.2732729 0.2117065 0.3788864 -0.0106370 0.0012706 -0.0390137 0.0960530 -0.2608828 0.0800224 -0.0646030 -0.0187455 0.1941812 0.2747235 -0.1311329 -0.3421944 0.0374710 -0.0271839 -0.1865752 -0.0932764 0.0214676 0.7169683 0.7387601 0.7509525 0.1926732 0.1468066 0.2681304 0.0057921 -0.0488394 0.1006381 -0.2074412 -0.1886335 -0.1765208 0.1544628 0.5103541 0.5364178 0.1949466 0.1927465 -0.0137958 0.0447760 0.1241930 0.1842985 -0.0433845 0.1126112 -0.0255225 0.2560005 0.2120829 0.0088827 0.1531951 0.3422007 0.4571499 -0.0404750 -0.0942081 0.2499329 0.1097113 0.1756716 0.3025643 0.0847817 0.1374061 -0.0605971 -0.4031585 0.0226318 -0.0312901 0.0807897 0.1915714 0.5412780 0.3748238
0.2952862 0.0597813 -0.0874703 0.1916156 -0.3204637 0.7335882 0.1483100 0.3956582 0.7538471 0.3922267 0.3966996 0.0198440 -0.1791589 -0.1521022 0.0000000 0.3368451 -0.2708689 0.0965856 0.2211348 -0.2002962 -0.1521905 -0.2036380 -0.1121132 0.5804432 0.1104978 -0.1010379 -0.2281598 0.0693503 0.3195424 -0.1780401 -0.0785221 -0.5205502 0.4250922 0.5240829 0.0220972 -0.1020968 -0.1443897 -0.2141435 0.1978812 -0.0523539 -0.0605599 0.1787118 0.0176253 0.5502200 0.3451786 -0.0601178 0.0232360 -0.2368157 0.6119264 -0.1063856 0.0949825 -0.0895000 0.3386248 0.2161851 -0.4098970 -0.2156724 -0.2285974 0.5289758 -0.3340062 0.0679762 -0.2450403 0.0853443 -0.3402856 0.6365439 -0.0046503 -0.4121245 0.0941339 0.3046984 -0.3631831 0.5029423 -0.3666474 0.3324935 0.2830853 0.1357694 -0.4037516 0.4249682 0.3542525 -0.0728091 0.0322996 -0.1621514 -0.3073798 0.3426802 0.1629087 0.2060083 -0.0485893 0.2434605 -0.2803930 0.4965218 0.5717655 0.3968024 0.0644968 -0.1821324 -0.4899998 0.5254746 0.0697934 0.0941844 0.3468513 -0.4991545 0.4315045 0.2903240 0.1892820 -0.5097173 0.1569815 -0.0914662 0.0004212 0.2128025 0.2207665 0.5366221 -0.4681914 0.2258396 0.4092538 -0.1202258 0.3186946 0.4242246 0.2709504 0.0760745 0.0453237 0.3329799 -0.0808901 -0.0857284 0.1877184 0.1687342 -0.0017293 0.0459308 -0.0846075 -0.6598071 -0.1495710 0.4096579 -0.4894992 -0.1943227 -0.3387280 0.4996370 -0.4620807 0.0083847 0.3940034 -0.1566145 -0.3387450 -0.4670565 -0.3049202 -0.2753698 0.0835682 -0.2398785 -0.0014657 -0.1157525 -0.1237113 -0.2888570 -0.4291773 -0.3053517 0.2214846 -0.0678001 -0.2650653 -0.0088180 -0.1787919 0.0079228 -0.1385062 -0.2224259 0.1074806 -0.0348182 -0.0637013 -0.2129653 -0.3227274 -0.0895991 -0.0399649 0.0772495 -0.3370221 -0.0266105 0.3440235 0.4208156 0.2218568 -0.0843557 -0.1723124 0.2406844 -0.0795596 -0.2203616 -0.3278712 -0.2187585 -0.3911033 -0.4179474 -0.3851707 -0.3672883 -0.4250416 -0.4088002 -0.3854690 -0.4192636 -0.5141706 -0.0378796 -0.3718859 -0.2200740 -0.3940186 -0.2830402 -0.4819538 -0.3526303 -0.3918664 -0.6171667 -0.6654705 -0.5786471 -0.4025057 -0.2153177 -0.3195663 -0.6358954 -0.1693126 0.2334431 0.1216700 0.0322671 -0.0679143 0.0650080 -0.3454312 0.1857485 -0.0710478 0.1672158 0.2913427 0.0652808 0.0607445 0.3535185 0.0672637 0.0095999 0.4230061 0.1749784
0.2588053 0.3381052 0.2227241 0.2529440 -0.0458150 0.3385539 0.0191993 0.8454441 0.4246740 0.7019227 0.8367867 -0.0663023 0.6410846 0.1436112 0.3368451 0.0000000 0.3224141 -0.3110930 0.8501599 0.1540380 -0.2886712 0.5441698 0.4922683 -0.1162791 0.8198040 0.5679733 0.1571814 -0.4434285 -0.2447071 -0.0256789 0.5826111 0.2164721 -0.4406285 -0.2950164 0.6804578 -0.3059834 0.6866663 0.4924771 0.6066463 0.4148389 0.6682733 -0.2826354 0.7483141 -0.1455351 -0.1720902 0.7145170 0.7846791 0.2668407 -0.2258130 0.7213243 0.8153763 0.6811768 -0.0637552 0.7330479 0.0909692 0.6603623 0.6507570 0.5352788 0.1604064 0.7929080 0.2323162 0.8378030 0.1258606 0.5343271 0.2758082 0.5154591 0.8016323 0.8548002 0.5157129 0.7206104 0.4363085 0.5511708 0.6653870 0.5875855 0.3651741 0.3411314 0.0519736 0.4237100 0.2379394 -0.2517110 -0.2081051 0.5194991 0.3307118 0.2313804 0.1305811 0.6059363 0.1388697 0.4774307 0.4089890 0.4086334 0.4987950 0.5582122 0.3879874 0.2620243 0.4122126 0.1305826 0.4933663 0.4071766 0.4364580 0.3118431 0.4884539 0.4098559 0.5837420 0.0721426 0.2021841 0.0473733 0.8261174 0.7561296 0.1447216 0.2336141 0.1286654 0.3696020 0.6043674 0.4391109 0.3750475 0.2314896 0.1624450 0.4059578 0.1907283 0.1023612 0.1767031 0.2105149 0.1127377 0.3055247 0.2608425 -0.2417483 0.1316375 0.5367329 -0.1644301 0.2192571 0.0315767 0.4920318 -0.0556000 0.1184731 0.2861833 0.3857520 0.1314100 -0.0154791 0.0248943 -0.3115730 0.2758810 -0.1220882 0.1777493 0.1107874 0.3213861 0.2951007 0.0575183 -0.0230619 0.0264409 -0.0489995 -0.1364338 0.3636877 -0.0055549 0.3024235 0.3840785 0.0752942 0.2692763 0.2542137 0.0796529 -0.1828333 0.3412979 -0.1221137 0.2029600 0.0617402 0.1117018 0.3175637 0.3862047 0.1133581 -0.1296221 -0.2018890 0.1656174 0.1905898 -0.2130292 -0.2016758 -0.1078031 -0.1722643 -0.2671382 -0.2783931 -0.2761023 -0.1934858 -0.0502226 -0.1333445 -0.1633152 -0.2000458 -0.0837208 0.4559012 -0.0801146 0.0171505 -0.1996993 -0.1933831 0.0513072 -0.3020947 -0.2343346 -0.0541818 -0.1322836 -0.1599399 -0.2248082 -0.1519073 -0.2895398 -0.2590572 0.4085242 0.3187529 0.0447795 -0.0529077 0.4771564 0.2915481 -0.0417608 0.4723679 0.2842703 -0.0003580 -0.0506338 -0.0572725 0.4235780 0.3844564 0.1001016 0.4941175 0.1239769 0.0748250
-0.0913214 0.5645222 0.4691215 0.6889009 0.2708501 -0.2593999 -0.6606653 0.1574213 -0.2672063 0.4735816 0.3406295 0.2731144 0.4665261 0.9104291 -0.2708689 0.3224141 0.0000000 0.3318150 0.2717124 0.6552742 0.0480601 0.7856096 0.4961370 -0.3508872 0.4854845 0.3910163 0.8484059 0.2715285 0.1278279 0.6830879 0.2701491 0.5764476 -0.1905751 -0.1282110 0.4609249 -0.2194096 0.4103440 0.7795309 0.3851840 0.5252875 0.4056424 0.1059261 0.3343485 0.1234851 0.0385712 0.3617922 0.4190716 0.8807042 -0.1641271 0.3892752 0.2454208 0.3077250 0.2084293 0.3561351 0.7207909 0.4970324 0.4570300 0.2638662 0.2325011 0.1846690 0.5396796 0.3522611 0.1540421 -0.0825598 0.6039269 0.4937747 0.3129316 0.2910870 0.5435186 0.2331950 0.2563244 -0.1834442 0.3247186 0.0338850 0.3164464 -0.0741176 -0.1963079 0.3050265 0.0129187 -0.1486424 -0.0205806 -0.2634068 -0.2293392 0.3594295 0.5156986 -0.2084305 0.3837095 -0.2510765 -0.4642382 -0.0598197 0.1203104 0.5604328 0.4919585 -0.2922305 0.2456945 0.0485985 0.4478336 0.3867032 -0.2102260 -0.2379627 -0.2603826 0.4720216 -0.2095842 0.7343794 0.3091146 0.1007138 0.3568519 0.0011889 0.4376491 0.6279509 -0.0273498 0.3502478 0.0493823 0.3942413 0.3164337 0.2602805 0.2710869 0.0953723 0.1597365 0.1903016 0.1868687 0.1446904 0.3014617 0.0658034 0.1742042 0.2311359 0.2531623 0.0467930 0.1270443 0.1861523 0.1993657 0.0256110 0.4746221 0.1357121 -0.0158591 0.4891711 0.2917139 -0.0313203 0.6005269 -0.0501102 -0.0195299 -0.0033993 0.0794682 0.3619164 0.1399700 0.4302753 0.2729340 0.1901541 0.3167959 0.0830494 -0.1852080 0.3145750 0.2671708 0.3373466 0.4303339 0.1134298 0.1692605 0.0767461 0.1442279 -0.2298421 0.2425514 -0.0750632 0.1497605 0.1960383 0.3422727 0.0898809 -0.1557165 -0.0362446 -0.1032147 -0.2059228 -0.0473163 0.0115959 0.6542504 0.7287339 0.7437546 0.0989294 0.1018766 0.2895446 -0.0477075 -0.0209613 0.1996560 -0.1810856 -0.1357931 -0.1430839 0.2141847 0.6540480 0.6166561 0.3142504 0.2456252 -0.0521300 0.0689444 0.0700972 0.1752341 0.0635133 0.1748848 0.0871488 0.2948044 0.1882226 0.0608732 0.2171368 0.4162685 0.4168311 -0.0664812 -0.1431958 0.3427657 0.2469603 0.2376830 0.3972797 0.2789859 0.1227450 -0.1173943 -0.3983134 0.0955857 -0.1214886 0.0335477 0.2777407 0.4225385 0.3121659
