0.0000000 0.7355474 0.5403427 0.2792109 0.5035666 0.1842725 0.0935654 0.3336411 0.3764845 0.4066394 0.2937438 0.1391495 0.4248177 0.3362074 0.2617611 0.3176903 0.4416038 0.1143982 0.5116604 0.3534118 0.0491876 0.6739936 0.2562940 -0.0642625 0.5590776 0.3681260 -0.0240038 -0.1134518 0.0796706 0.0843619 0.6156338 0.3899572 0.1952839 0.0986461 0.3390921 0.1457740 0.3920093 0.6308772 0.2644676 0.0176390 0.5774518 -0.0031916 0.2469563 0.1824078 0.0112322 0.4349910 0.2216038 0.4916614 0.2134284 0.3773492 0.3108212 0.2100551 0.1655392 0.2798090 0.7212954 0.6855485 0.4573000 0.2155597 0.0969198 0.3870421 0.0674643 0.2570581 0.4180704 0.1850700 0.3072539 0.4432232 0.2585964 0.1210640 0.2939419 0.1623006 0.2974994 0.2904241 0.1474736 0.2517639 0.1925843 0.0611834 0.2137681 0.0719792 0.0580445 0.0832224 0.1981437 0.1687970 0.2107071 0.0902501 -0.1691166 0.2819128 0.3227144 0.2100568 0.2959443 0.1258448 0.4056587 0.4574442 0.4801838 0.2245956 0.2675472 0.3262849 0.5001625 0.5020182 0.0579005 0.3561123 0.1639314 0.4081377 0.1846849 0.0916568 0.5778097 0.3041874 0.2726687 0.1625750 0.4950224 0.0299704 0.4256904 0.2049460 0.2333654 0.3023594 -0.0317814 0.3184089 0.2787479 -0.1720787 0.3409725 0.2884793 0.4846521 0.4980248 0.2925932 0.2604086 0.3041814 0.5940542 0.3609449 0.3410992 0.3978438 0.5399455 0.4287250 0.5074479 0.4836397 0.4170047 0.5509830 0.4608128 0.5202106 0.4914273 0.4749619 0.3551867 0.4786430 0.5380705 0.1868857 0.3791262 0.3971251 0.4475088 0.4484623 0.5495193 0.1239559 0.5534399 0.4321550 0.2217566 0.4728486 0.2036331 0.3501353 0.1066311 0.1482626 0.4500952 0.2259091 0.3302472 0.1188778 0.4935944 0.1971878 0.0466474 0.1898547 0.1411288 0.1754077 0.1129605 0.1974696 0.2688801 0.0629410 0.0992836 0.5113724 0.3577414 0.4485869 0.2148118 0.0748742 0.0510920 0.2324142 0.1585556 0.1983262 0.2673927 0.1060625 0.2726466 0.2024039 0.3926491 0.2076178 0.1442184 0.0657292 0.2627786 -0.0134861 0.0840266 0.1062490 -0.1112504 0.2101816 -0.0420750 0.5082362 0.1103579 0.0012282 0.5550366 0.7537306 0.3982808 0.4148212 0.6415935 -0.0384525 0.4611559 0.3658773 0.2903498 0.5377360 0.3056343 0.5508399 0.3526806 -0.1133034 0.3402504 0.1389518 -0.0018804 0.3524541 0.0096938
0.7355474 0.0000000 0.6064124 0.5374707 0.6555401 0.6204073 0.3712025 0.5205587 0.6410367 0.4812120 0.4448667 0.2833256 0.6301928 0.3465890 0.2990512 0.4644512 0.4700211 0.1864102 0.6231317 -0.0782153 0.3240340 0.6539903 0.4461665 0.0566012 0.6398262 0.5804173 0.1720206 -0.0786500 0.5501010 0.1700324 0.2957360 0.5021269 0.5570551 0.5636462 0.5772604 0.2692844 0.6158347 0.6867411 0.5376131 0.2624819 0.4774998 0.2981597 0.5015750 0.3764091 0.4965084 0.5526100 0.4817148 0.3159406 0.4557102 0.0878631 0.4407831 0.4906864 0.6133583 0.4910522 0.5663203 0.5628599 0.6344239 0.3346175 0.0099050 0.5169237 0.4553628 0.4598559 0.1717023 0.3496864 0.5240793 0.4642953 0.4432932 0.1129788 0.4502863 0.3468577 0.4779798 0.5442802 0.3884825 0.5659828 0.2889424 0.1502840 0.5068901 0.1905253 0.3358424 0.3986674 0.2438831 0.2219103 0.1742701 -0.0140826 0.0694593 0.0613796 0.1860522 0.2801771 0.2975712 0.2403264 0.3018783 0.3369850 0.2800607 0.2766542 0.3090432 0.3783984 0.4215018 0.3538346 0.3116822 0.3115557 0.2998187 0.1697830 0.0445210 -0.1913556 0.4689820 0.2498010 0.0164834 -0.0635671 0.1824697 -0.2174320 0.2662014 -0.0641102 0.1011971 0.0429404 -0.3887613 0.1251309 -0.0432828 -0.3447320 0.2595935 0.0988820 0.2940367 0.2628196 0.2186289 0.3861580 0.2316015 0.1372203 0.3185710 0.3469477 0.1643951 0.4930410 0.2283256 0.2516823 0.3965903 0.3756336 0.2040720 0.2477338 0.3683215 0.2458192 0.2534856 0.1201901 0.2714319 0.3139561 0.1568651 0.0843523 0.2464142 0.4146176 0.1910114 0.2849458 0.1008477 0.3631705 0.2098641 -0.0446743 0.2713023 0.2096672 0.0832691 -0.1282920 0.0210960 0.1989499 0.2267642 0.0747533 0.1936062 0.3581848 0.0343612 -0.1284991 0.1787116 -0.0763445 0.0224259 0.0960208 0.1110912 0.0841948 -0.0106840 0.0544159 0.6794685 0.5244893 0.7225005 0.3750488 0.1404560 0.0457226 0.1424990 0.0923681 0.0450518 0.1570555 0.1380656 0.2359378 0.0830379 0.4622337 -0.1945389 0.2077843 0.3255955 0.3938310 -0.2428711 0.3332481 0.2164172 -0.2082764 -0.1075709 -0.1984063 0.1544905 0.0756055 -0.0925393 0.0478222 0.4786696 0.1626437 0.3447548 0.3413820 -0.3538484 0.1086894 -0.0191698 0.4724059 0.3868860 0.1988901 0.5066427 0.5936969 -0.2215789 0.1318793 0.3741530 0.4550129 0.1426058 0.1152870
0.5403427 0.6064124 0.0000000 0.5514237 0.7226045 0.6148559 0.1063375 0.6070674 0.7138650 0.3708002 0.5968533 0.1686839 0.7568694 0.1839925 0.4898672 0.6353841 0.5605030 0.3168511 0.4577117 0.0547981 0.0383663 0.7047336 0.5336300 0.1508728 0.6821856 0.5383035 0.4216736 0.1599790 0.4776711 0.4609596 0.2981493 0.6154813 0.4210297 0.4340580 0.4797449 -0.2336410 0.5172370 0.3725466 0.5213878 0.2626930 0.4861380 0.2043488 0.4266276 0.4543233 0.4788922 0.4275665 0.3015811 0.3694863 0.5502406 -0.2032670 0.2766042 0.3998401 0.3729571 0.5236115 0.4363474 0.2445093 0.4171959 0.4852824 -0.1387605 0.3490783 0.0925827 0.3931071 -0.0012325 0.4424776 0.4062804 0.2218814 0.2156482 0.2501007 0.0639424 0.3455177 0.0960260 0.5525142 0.1555245 0.4816576 -0.2417159 0.1520941 0.1743898 -0.2391447 -0.1017455 0.0100179 -0.0735655 0.2222959 0.2413216 0.2408136 0.1385162 0.4003334 0.2997210 -0.0959202 0.3234276 -0.0044232 0.5930628 0.5024733 0.2237653 -0.0863711 0.4952185 0.3915853 0.1561515 0.2513090 -0.0464691 0.0553007 -0.1886504 0.3132581 0.4730491 -0.0735161 0.2487776 0.4698628 0.2776495 0.1847285 0.0891350 -0.2009751 -0.1096823 -0.0869040 0.3404310 0.2734288 -0.0078925 0.2842659 0.2178977 -0.1438923 0.1579904 0.2670781 0.3791544 0.4701493 -0.3983499 -0.0108223 0.3151456 0.2602862 0.4504311 -0.1939757 0.2222862 0.3449266 0.2519833 0.0026352 0.2927076 0.0948482 0.0211148 -0.1677970 0.2390597 0.2475815 0.2598920 -0.0235760 -0.0555795 0.2232533 0.0364399 0.1841379 0.1912557 -0.0256570 0.0973382 0.0577693 -0.1306799 0.1658804 -0.0911423 0.2465027 0.1159194 -0.1371047 -0.2681337 0.1328190 -0.0200506 0.0988709 0.1505984 -0.1568694 -0.1968272 0.0646432 0.1315292 -0.2256031 -0.1905124 0.1401742 -0.0353976 -0.0265087 0.0690991 -0.0418555 -0.1108257 0.0201267 0.1322382 0.1477023 0.2190314 -0.0493150 -0.0636128 -0.0397526 -0.1011976 -0.1260790 -0.0420780 -0.0157426 -0.2962909 -0.0973837 -0.2199353 0.5154908 0.0359957 -0.0240210 -0.0993304 -0.1009438 -0.1281695 -0.0160354 -0.0931214 0.0150799 0.0555951 -0.0242291 0.2000666 0.0488172 0.0769722 0.1287046 0.4354389 0.0135393 0.5212382 0.4610111 0.2046499 0.3537962 0.0831175 0.5003780 0.3294516 0.2743589 0.5820887 0.1146380 0.0606764 0.0859430 -0.0121402 0.3804578 0.4343688 0.1167231
0.2792109 0.5374707 0.5514237 0.0000000 0.3007139 0.8252985 0.2739026 0.8690931 0.4273064 0.4224857 0.6941088 0.3858046 0.8017533 0.0315350 0.0820586 0.6892657 0.6403363 -0.0012290 0.7866175 -0.1487937 0.3398326 0.5797226 0.6548118 0.0934390 0.7842788 0.7004614 0.2950868 -0.0638159 0.4963916 0.2038766 0.1661129 0.6758210 0.4854402 0.6377060 0.6518627 0.1066772 0.7373482 0.5080832 0.7287901 0.5056358 0.2570212 0.2360323 0.7099750 0.6081432 0.6698392 0.8307755 0.7262533 -0.1354000 0.7186114 0.0075451 0.7025433 0.7097213 0.7407228 0.6391098 0.2875189 0.5418284 0.7153171 0.6562782 -0.2946340 0.7062345 0.4648301 0.6479153 -0.2275316 0.7308566 0.6941438 0.2265897 0.6602347 0.5207030 0.2241033 0.7302489 0.5487093 0.6582230 0.6690345 0.7489099 0.1231247 0.6056319 0.6408500 -0.0208573 0.3996898 0.4502766 0.2073245 0.1390737 -0.0302366 -0.2676406 0.0081153 -0.0006672 -0.0206351 0.1125610 0.0641701 -0.0762701 0.3763416 0.1996776 0.0378470 0.1659665 0.1979308 0.3107491 0.2412923 0.1188392 -0.2561923 0.2778072 -0.0593729 0.0016209 -0.0974399 0.0788808 0.3866185 0.0759839 -0.2078421 -0.4149756 0.0109935 -0.5307927 -0.2319807 -0.3873985 -0.1613027 -0.2038685 -0.4374307 -0.1294550 -0.2293730 -0.2000321 0.0871408 -0.1390695 0.0449311 0.3084648 0.0707315 0.4706954 -0.0592656 -0.0372708 0.4254017 0.0748884 -0.0433407 0.1778610 0.0195529 0.1920758 0.1236248 0.4059881 0.2253316 -0.0144976 0.1127476 0.0845579 0.0480126 0.2333044 0.0956318 0.1076567 -0.0594590 0.1478832 0.1488293 0.1159408 0.0662897 0.0173420 -0.1074978 0.1763402 0.2862048 0.1519913 0.2449838 0.1560070 0.0516345 0.1889654 -0.0668238 0.2116234 -0.0523456 0.2525182 0.2357441 0.3025638 0.2040582 -0.0724707 0.2772499 0.3221851 0.1927672 -0.0812200 -0.1564434 0.1228653 0.0098431 -0.1438092 0.1559374 0.0499109 0.1242211 0.1210691 0.1300554 -0.1078631 0.0979705 -0.0024097 0.0626272 -0.2587265 -0.2461018 -0.1445526 -0.3394456 0.4625373 -0.2520462 0.5477867 0.3011434 0.1161043 -0.1168234 0.3207418 -0.0283677 -0.0230469 -0.1161821 0.0091907 -0.0173121 0.1475674 0.2176228 -0.0304675 0.2650384 0.1484049 0.1332046 -0.0252460 -0.4184489 0.0323724 -0.0849195 0.3282605 0.3542455 0.3539674 0.2640356 0.3317472 -0.1914451 0.2091075 0.3144275 0.3903666 0.0584413 0.2476533
0.5035666 0.6555401 0.7226045 0.3007139 0.0000000 0.3963519 0.3934039 0.5138323 0.6152867 0.4714917 0.4795704 0.2939943 0.6974523 0.4649214 0.5874754 0.3745685 0.5926961 0.4823833 0.2829800 0.0694837 -0.0154763 0.4772115 0.4080260 0.2038864 0.3682149 0.3378843 0.3127537 0.2526400 0.3668259 0.3748229 0.4048135 0.2974334 0.2848146 0.2354526 0.2836343 -0.2158658 0.3685347 0.2873996 0.3521005 0.0829650 0.4961291 -0.0272622 0.2409556 0.1585446 0.2198155 0.2962141 0.0738608 0.3580838 0.2737811 -0.0968527 0.0564620 0.1906709 0.3889550 0.2523352 0.4987178 0.2688547 0.3472594 0.1786900 -0.1630463 0.2285852 0.0858166 0.1689431 0.1592111 0.2320756 0.3723616 0.3088380 0.1081525 -0.0660377 0.2397397 0.2041090 0.1010270 0.5636600 -0.0332345 0.4076982 -0.0237316 -0.0454293 0.2352257 -0.0017298 -0.0752447 0.0851390 -0.1277676 0.3094174 0.3140633 0.3044027 0.2080272 0.3240606 0.1462515 0.2848972 0.3411782 0.1832363 0.3504075 0.2432260 0.1416585 0.0361375 0.4108018 0.3592684 0.1165550 0.2070131 0.0617823 -0.0978483 0.0706755 0.2494674 0.3130598 -0.0745362 0.2213763 0.5014449 0.2138782 0.2830697 0.1330522 0.0758296 0.1941723 0.0877287 0.4110793 0.3503592 0.0728452 0.4675983 0.2985255 0.0725136 0.5787869 0.2744404 0.4589303 0.4144148 -0.1421840 0.1790126 0.3608254 0.2580438 0.2065264 -0.0838866 0.2975207 0.3540776 0.3164282 -0.0562208 0.2608150 0.1526634 0.0219244 -0.0582092 0.3422420 0.3029083 0.2825507 0.0173664 -0.0063355 0.2980656 0.1010997 0.0624856 0.2506631 0.1366134 0.1612368 0.1222023 -0.0017030 0.3268619 -0.0073295 0.0048394 0.1242522 -0.1741797 -0.2673763 -0.1769112 0.0791149 0.0023038 0.2388044 -0.1431424 -0.2087416 0.0968720 -0.2413756 -0.2025884 -0.2198881 -0.2232073 -0.1234084 0.0734421 0.2083406 -0.0354820 -0.1407866 0.0967591 0.0989061 0.1585989 0.3523006 0.2826370 -0.0381288 0.3250304 -0.2270094 -0.3381975 -0.1693959 -0.1989498 -0.2028303 -0.1113303 -0.1976108 0.3330664 -0.1770604 -0.1779872 -0.0115317 0.1029673 -0.2641351 0.1536690 0.2676604 -0.0826724 -0.0225390 -0.0753896 0.3031589 0.0810873 -0.1438989 0.1352065 0.1963873 0.0982960 0.5036271 0.4473965 0.0500368 -0.0760715 0.2719392 0.1937177 0.1963434 0.1897332 0.5282437 0.4344204 -0.0891264 0.0214336 0.2521127 0.2032541 0.3418609 0.0020501
0.1842725 0.6204073 0.6148559 0.8252985 0.3963519 0.0000000 0.4080134 0.7519829 0.6451796 0.4026101 0.7045607 0.4188230 0.7189760 0.0633574 0.2443284 0.7178282 0.5410627 0.1464607 0.6301676 -0.2881770 0.5393340 0.4264988 0.7112232 0.1107407 0.6874667 0.7340215 0.5414422 0.0479614 0.7727657 0.3076212 -0.1016262 0.6672698 0.6136168 0.7966252 0.7622647 0.2118234 0.7662089 0.4689600 0.7752548 0.5708528 0.1993470 0.5517629 0.7607521 0.6230673 0.8199654 0.6589136 0.7354519 0.0043786 0.7582057 -0.2257991 0.6409641 0.7717384 0.7719280 0.6793933 0.2447306 0.2877817 0.7096857 0.5557768 -0.0382758 0.6376687 0.5613780 0.6516267 -0.1746895 0.6278296 0.6231378 0.3472064 0.5917686 0.3395114 0.2707639 0.5975659 0.4782313 0.6708695 0.5503562 0.7364041 0.0141845 0.2725047 0.5183712 -0.0474395 0.2987520 0.3742213 0.2146916 0.2565793 0.1916329 0.0150011 0.3395376 0.1398303 0.0757054 0.1589880 0.3247360 0.2293348 0.3438166 0.2263194 0.0859280 0.1827270 0.3012667 0.3478027 0.1919789 0.1360091 0.0698879 0.1968218 0.0932914 0.0896653 0.1088652 -0.2509790 0.2588963 0.0777137 -0.0399696 -0.2093232 -0.0435431 -0.3927924 -0.1657673 -0.3238025 -0.0207820 -0.1308097 -0.3754730 -0.0398361 -0.1831703 -0.2053609 0.0961003 -0.0630777 0.0612839 0.2538209 -0.0711825 0.2897436 0.0707294 -0.1514096 0.4841810 0.0259857 -0.0836563 0.2648620 -0.0049022 0.0323388 0.1827882 0.2704475 -0.0784395 -0.1083545 0.0398093 -0.0395687 -0.0302033 -0.0258062 -0.0261997 0.0101492 -0.0360753 -0.0306337 0.0214776 0.0526879 -0.0792927 -0.1082215 -0.0494093 0.0168210 -0.0353869 0.0336105 0.0697589 0.1343771 -0.1506405 0.0610402 -0.0759036 0.0447009 0.0447532 -0.0851307 0.2111905 0.1207376 0.0383405 -0.2120785 0.1562893 0.1036374 0.0530526 0.0083587 -0.0907655 -0.0236435 -0.0118928 -0.0513451 0.2204778 0.2189082 0.2605030 0.1498945 0.1861672 -0.0658921 0.0683280 0.0747532 0.1021043 0.0449553 0.0139464 0.0993739 -0.1272685 0.4618630 -0.2160163 0.2443582 0.3235926 0.1597714 -0.1675226 0.2951776 -0.0367561 -0.0607655 -0.1784948 -0.1286476 -0.1360310 0.0552323 0.1451270 -0.2183410 0.2263809 0.0990693 0.1848493 -0.0513004 -0.3828683 0.0035077 -0.2194609 0.5399316 0.2979159 0.2371395 0.3499679 0.3515418 -0.1813307 0.0042914 0.2870220 0.7037335 0.0837189 0.2949232
0.0935654 0.3712025 0.1063375 0.2739026 0.3934039 0.4080134 0.0000000 0.2938884 0.2425313 0.4788897 0.2454444 0.7673150 0.2740614 0.4479397 0.3931877 -0.0217068 0.3284989 0.4325499 0.0629636 0.1480339 0.5908878 -0.0359209 0.1469892 0.2681564 0.0317047 0.1777200 0.2636889 0.1547688 0.3519086 0.1644458 -0.0991531 0.1069908 -0.0524235 0.0121049 0.2277253 0.5488782 0.3987196 0.0487002 0.1321974 -0.0932178 -0.1409141 0.4743237 0.1047013 -0.2354453 0.0523004 0.2377981 0.3577794 -0.1597614 -0.0661644 -0.2513979 0.1357973 0.0334852 0.2581643 -0.1985118 -0.1486238 0.0405249 0.3452465 -0.3240074 0.2122059 0.1095625 0.5751406 -0.1046196 -0.1020817 -0.0644102 0.1781538 0.3048065 0.0126503 -0.3696506 0.5554311 -0.0063545 0.1330983 0.5326250 -0.0865620 0.2672397 0.4701452 -0.1430984 0.3615868 0.4399527 0.1922369 0.3935104 0.1185643 0.1960937 0.1645264 0.1963269 0.5743072 -0.0355064 -0.1589545 0.6176225 0.3577909 0.5108541 0.1850834 0.1773330 -0.1354288 0.4645848 0.3402215 0.3935446 0.1146390 -0.2537491 0.2148649 0.1937303 0.4404792 -0.1409358 -0.2737994 0.0229136 0.2381912 0.2764746 -0.0468383 -0.2210845 0.0170198 0.1627334 0.2882263 0.1527566 -0.3065032 -0.3196847 -0.3738746 -0.1804026 -0.2931937 0.1062402 0.3608788 0.0617003 -0.0369569 -0.0889867 0.4007797 0.3721532 -0.0444685 -0.0193604 0.2122507 0.2475078 -0.1334390 0.0839109 -0.0762064 0.2325387 0.0167221 0.2509474 0.1072422 0.2764992 -0.0241146 -0.1063595 -0.1272454 0.1807630 0.1846095 0.0080340 0.2374699 -0.1585544 -0.0756421 0.3722559 -0.0011497 0.0312269 0.3633961 0.1025267 0.0860491 -0.2098640 0.0447932 0.4020679 0.0952402 -0.1760620 0.2093839 -0.0603524 0.1666906 0.0577740 0.1909101 0.0917024 -0.4523219 0.1643280 0.2092958 -0.1771174 0.1591775 0.2310578 0.1297087 0.1254941 0.1199405 0.1099955 0.1229643 0.0276946 0.3746287 0.6914349 0.4520023 0.6963949 0.2314953 0.3324671 0.2687176 0.1380690 0.3512364 0.3626291 0.1694150 -0.0076937 -0.1055692 0.1878330 0.5797996 0.6942674 0.1825059 0.6393861 0.6691179 0.0958858 0.1366318 0.1908516 0.1326987 0.3897276 0.2261668 -0.0432975 0.1519603 0.3714935 0.3442029 -0.0584340 -0.3290547 -0.5603082 -0.0394651 0.0008972 0.2516275 0.3660128 0.2922368 0.7109041 -0.2539166 0.1576270 0.4278871 0.1875332 0.3199219 0.3357885
0.3336411 0.5205587 0.6070674 0.8690931 0.5138323 0.7519829 0.2938884 0.0000000 0.3886387 0.4905408 0.8947116 0.3546969 0.9120434 0.0559145 0.1051248 0.8237690 0.7774205 0.0445421 0.7996765 -0.1023422 0.2314808 0.5173689 0.8456695 0.0666724 0.8266966 0.8081560 0.4518504 0.0086507 0.4167926 0.3346891 0.2376615 0.7644905 0.4290693 0.6123673 0.7438142 0.0178996 0.8459138 0.4364790 0.8430032 0.5571526 0.4501968 0.1611541 0.7979434 0.6141037 0.6344303 0.8760254 0.7361749 0.0536366 0.8087619 -0.0314266 0.7732215 0.7718745 0.7965573 0.6935418 0.4636053 0.5627848 0.8393844 0.7090712 -0.2374975 0.8384346 0.3487831 0.7314762 0.0029291 0.8596500 0.7303999 0.3918657 0.7463493 0.6064126 0.1970780 0.8762621 0.6159918 0.7918207 0.6375570 0.8678395 -0.0222840 0.5755664 0.6457861 -0.0960550 0.2455641 0.3757104 0.0548023 0.3580420 0.0120896 -0.1467040 0.0190766 0.2147799 -0.1226595 0.1297185 0.1941220 0.0095583 0.4172012 0.0908449 0.1233480 0.0765486 0.2490190 0.3360342 0.1565256 0.2426749 -0.3335526 0.0763985 -0.1807136 0.2041505 0.0066544 -0.1318677 0.3978404 0.1529954 0.0084812 -0.2510707 0.2466249 -0.4352597 -0.0553881 -0.2822924 -0.0351077 -0.0399369 -0.2642801 0.1209614 -0.0187145 -0.0347888 0.3289996 0.0649452 0.3025376 0.4289955 0.0193561 0.4425386 0.1745819 0.1248351 0.4856614 -0.0105722 0.1307141 0.2934641 0.2419736 0.1328117 0.2941892 0.4476167 0.2751937 0.0130227 0.3257740 0.2987857 0.2479296 0.3419087 0.1529137 0.3544493 -0.2345223 0.2607878 0.3568822 0.1494581 0.3044377 0.1897054 -0.2350612 0.3618805 0.4088493 0.2617886 0.4320475 0.0767027 -0.0329051 0.1745756 -0.0876735 0.3307222 -0.1531645 0.2630871 0.0598668 0.4687387 0.0248984 -0.1298806 0.1757599 0.2925753 0.1752890 -0.1263738 -0.1715420 0.1949779 -0.0928013 -0.2010283 -0.1108260 -0.1907378 -0.0648793 0.1111081 0.0639266 0.0091317 0.0071596 -0.1639878 -0.0343728 -0.2718415 -0.2564600 -0.1221738 -0.2891570 0.5229908 -0.1996020 0.4126275 0.1724041 0.0626147 -0.1702877 0.2483817 -0.0454347 -0.1580844 -0.0702167 -0.1414667 0.1355131 0.0507796 0.1627809 0.1367517 0.1650629 0.0498193 0.0547014 -0.0162241 -0.4059591 -0.0545809 0.1731873 0.1390157 0.2546492 0.1954885 0.2633544 0.3341118 -0.2982666 0.1916535 0.4395006 0.2153296 -0.0098403 0.0695581
0.3764845 0.6410367 0.7138650 0.4273064 0.6152867 0.6451796 0.2425313 0.3886387 0.0000000 0.6565492 0.3324038 0.2784570 0.5738142 0.5648062 0.7229872 0.4081550 0.5021016 0.5098873 0.3561944 -0.3571933 0.2079513 0.4743804 0.2261643 0.5068279 0.3611589 0.2130096 0.4443018 0.2562675 0.7134632 0.3892301 0.1832490 0.2134978 0.7328223 0.4381042 0.2335394 -0.0709374 0.2486378 0.3056029 0.4022407 0.2001886 0.4653016 0.2812524 0.2434423 0.3133410 0.4105401 0.1635980 0.1405347 0.0859034 0.3401019 -0.1446828 0.1034404 0.3016049 0.3029661 0.3660307 0.2257799 0.0806648 0.2157868 0.2330191 -0.1533809 0.1836079 0.0804116 0.2090039 -0.2850138 0.2374992 0.2534164 -0.0549830 0.1411770 -0.0188266 -0.0410590 0.2013144 0.0137199 0.3327250 0.0872408 0.2302451 -0.2402707 -0.0962451 0.1624295 -0.1489143 -0.0835962 0.0060040 -0.1423746 0.3396843 0.4924929 0.4245159 0.4566607 0.2032614 0.3345762 0.2280389 0.3993615 0.3298225 0.3150063 0.4158061 0.0748082 0.0692928 0.4703509 0.2778805 0.1038306 0.0722912 0.1805506 -0.1112778 0.1333201 -0.0467017 0.2879005 -0.2642190 -0.0026103 0.2935437 0.1565727 0.1056736 -0.1307351 0.0913764 -0.1234944 0.2035239 0.1263197 -0.0198764 -0.1622898 0.0154827 -0.1682814 -0.3123125 0.1533351 0.2040858 0.1842031 0.3483972 -0.2239031 0.0969675 0.2041504 0.1259282 0.4086011 0.0455740 0.0813430 0.4158083 0.0653609 0.1073992 0.2152810 0.2215566 -0.0851222 -0.0767631 0.1045837 -0.0224750 0.0361139 -0.0315398 -0.0477682 -0.0208520 0.3164131 0.1497424 -0.0520004 0.3147909 -0.1468518 -0.0768395 0.2051352 0.0300651 -0.2050046 0.1735494 -0.1225333 0.1120307 -0.1627311 0.2295010 0.1119752 0.0243366 0.3564958 -0.1448502 0.2276701 -0.0536271 0.3001204 -0.1317786 0.0568948 0.1310201 0.1852428 0.2111280 0.1754457 0.0062805 0.1641981 0.2443304 0.3070113 0.3104152 0.3903341 0.0968066 0.1470373 0.2039203 0.0328069 -0.0460704 0.1320244 0.0863671 -0.1745833 -0.0315359 -0.2572529 0.1082398 -0.0845282 -0.2406378 0.0533870 0.0507222 0.0649586 0.1276604 0.0746377 0.3161724 0.1550308 0.1354598 0.2637535 0.2164638 0.0686703 0.0320498 0.4414272 0.1784196 0.5876646 0.5068580 0.1243323 0.2291921 -0.0646525 0.7199303 0.2552932 0.3726803 0.6806528 0.2720031 0.2520066 0.2278187 0.2360111 0.5829903 0.2125737 0.2129952
0.4066394 0.4812120 0.3708002 0.4224857 0.4714917 0.4026101 0.4788897 0.4905408 0.6565492 0.0000000 0.4485654 0.4453480 0.5640998 0.8318956 0.5241674 0.3208442 0.7565010 0.5294474 0.4266170 -0.1721961 0.1723094 0.2534376 0.2402573 0.5340254 0.3020702 0.1498861 0.4724431 0.2043063 0.3729038 0.3884460 0.2788903 0.1803322 0.3952128 0.1210307 0.2096560 0.0530246 0.3212281 0.1009547 0.4325341 0.1253625 0.4629108 0.0700049 0.2527627 0.0502322 0.0784857 0.3422823 0.2195501 -0.2148627 0.1648197 -0.0090454 0.2810832 0.2609598 0.2336463 0.1514898 0.1298856 0.3236594 0.3450019 0.1004625 -0.2580690 0.3654121 0.0282412 0.1692375 -0.2102510 0.2703177 0.1420929 0.0132680 0.2492596 0.0483248 0.0958723 0.3570453 0.1953457 0.4920877 0.1502815 0.2252338 0.0205891 0.0419981 0.3317611 0.1297556 -0.0201147 0.1492426 -0.1128610 0.3592920 0.2314996 0.2485398 0.3657212 0.1514893 0.0487404 0.3662067 0.3431758 0.2803445 0.2313788 0.1558421 -0.0465032 0.1261996 0.4451124 0.2369612 -0.0859088 -0.0727894 -0.1595178 -0.1801584 -0.0105096 -0.1248568 -0.1223638 -0.1600807 0.0299011 0.2237236 0.1396242 -0.1674663 0.1510780 0.1080406 -0.0416309 0.2965546 -0.2737141 -0.2968691 -0.2934309 -0.1576094 -0.3344046 -0.1240303 0.3115939 0.3159975 0.2816723 0.3218974 0.1246727 0.3702552 0.2252322 0.3962841 0.4510304 0.1011516 0.2624930 0.4082814 0.2336521 0.3355163 0.2788841 0.4114962 0.3354994 0.1674671 0.3489533 0.2555571 0.2394944 0.4136801 0.2112636 0.3072230 0.1462974 0.3122522 0.1991475 0.6108291 0.2694610 0.3288772 0.1491707 0.3178493 0.2765260 0.2458991 0.2562711 0.2597961 0.0122598 0.2820720 0.0351457 0.3312674 0.0425028 0.2350108 0.1951968 0.3543252 0.1192478 -0.0443839 0.1837302 0.2277089 0.3640820 0.0640999 -0.0161502 0.2747395 0.1073238 0.0192706 0.1074774 -0.0716445 0.1300246 0.3154197 0.2706689 0.4940833 0.1479317 -0.0729117 0.0987643 -0.1457399 -0.1882583 -0.0231129 -0.2848919 -0.2014823 -0.1383458 0.0014760 0.2164008 0.3455072 0.2123414 0.3890362 0.3863402 0.2896075 0.3956255 0.2511905 0.5867091 0.4015978 0.2771480 0.3884415 0.4474358 0.3006817 0.3961682 0.4038953 -0.0096723 -0.0490885 0.3146935 0.3584430 0.3780769 0.5304983 0.5445676 0.4593214 0.2162175 0.4949470 0.6033162 0.0995410 0.2117107 0.2781238
0.2937438 0.4448667 0.5968533 0.6941088 0.4795704 0.7045607 0.2454444 0.8947116 0.3324038 0.4485654 0.0000000 0.2144357 0.8000424 0.0790850 0.0782208 0.9208143 0.7603545 0.1467246 0.7373777 0.0124621 0.1042624 0.4472600 0.9428029 0.0372071 0.8358615 0.8687887 0.6907631 0.1949739 0.3382767 0.5895116 0.0796606 0.8627326 0.3148556 0.5817105 0.8457578 -0.1087912 0.8417057 0.3323103 0.9151466 0.7367334 0.4866500 0.1940351 0.8931760 0.6823347 0.6359599 0.8151359 0.7467331 0.2215347 0.8070938 -0.1485254 0.8113840 0.8535522 0.7004826 0.7728091 0.4416576 0.5131158 0.8158609 0.7356949 -0.1037379 0.8482456 0.2474977 0.8062864 0.2129398 0.8212251 0.6506834 0.5414203 0.6788757 0.6287659 0.2507024 0.8104808 0.5642159 0.7220149 0.5752016 0.7737891 -0.1325056 0.4109466 0.3968894 -0.1933277 0.0473254 0.1452621 -0.0476968 0.3019250 -0.0119466 -0.1514447 0.0279376 0.4681472 -0.0393521 0.0536204 0.3400514 0.0738866 0.3630638 0.0611606 0.3245303 0.1084724 0.2131828 0.2272215 0.0999647 0.3796057 -0.2490692 0.1028270 -0.2311405 0.4625576 0.1888037 -0.2508374 0.3191558 0.0175881 0.3009723 -0.0855367 0.4370885 -0.4220949 -0.0303283 -0.3159485 0.0275221 -0.0110509 -0.2550852 0.1560317 0.0725524 -0.0593676 0.2641533 0.1629665 0.4379751 0.4052650 -0.1370475 0.3722382 0.3444330 0.1439705 0.4595709 -0.1905867 0.2493377 0.2331514 0.3573833 -0.0181960 0.3511001 0.1929080 0.1919136 -0.1637244 0.4152495 0.4151617 0.3780952 0.1628503 0.0610652 0.4516534 -0.4920280 0.1542191 0.4782075 0.0262488 0.4038159 0.2474160 -0.3838851 0.2551368 0.2668853 0.2036613 0.4615706 -0.1254069 -0.2927171 -0.0164248 -0.2107731 0.3249730 -0.2696147 0.0529226 -0.2077394 0.4400318 -0.1954268 -0.2927550 -0.0485517 0.1022149 -0.0494174 -0.1889307 -0.1816056 0.1971593 -0.2120866 -0.2371433 -0.1869895 -0.1426159 -0.1721470 -0.1029878 -0.1838850 -0.0598151 -0.2443239 -0.2432930 -0.0506489 -0.1787967 -0.1156222 0.0516864 -0.1357202 0.5163401 -0.2263761 0.1830094 -0.0589553 -0.0886573 -0.3493493 0.0109668 -0.2225189 -0.4202005 -0.1648697 -0.4091916 0.0716074 -0.2506985 -0.0469026 0.1308288 0.1192331 -0.0193215 -0.0438276 -0.1076823 -0.3072761 -0.0536130 0.2716769 0.1837152 0.3546316 -0.0078968 0.2248024 0.1362392 -0.3023739 -0.0861639 0.2653029 0.2729253 0.1441063 0.2221038
0.1391495 0.2833256 0.1686839 0.3858046 0.2939943 0.4188230 0.7673150 0.3546969 0.2784570 0.4453480 0.2144357 0.0000000 0.3389111 0.3494436 0.4996951 0.0918878 0.4371758 0.2221007 0.2281539 0.1692042 0.6992991 0.0177002 0.0906065 0.2862297 0.0946545 0.1374165 0.1961402 0.1360642 0.5007797 0.1349543 0.0280724 0.0293511 0.1780119 0.0501769 0.1394708 0.5349188 0.2857069 -0.0352974 0.1717582 -0.0515209 -0.2649903 0.5195165 0.0691664 0.0126150 0.1047659 0.2934535 0.3205302 -0.4232629 0.1044002 -0.1372591 0.1536548 0.0417019 0.3031429 -0.0614387 -0.2352740 0.0129026 0.2879459 -0.1088154 0.0827922 0.0743199 0.5553330 -0.1330971 -0.3485486 0.1191378 0.3736997 0.0622269 -0.0093955 -0.2646614 0.2087036 0.0756149 0.0595061 0.4504123 -0.0926200 0.3277252 0.3250254 0.0929518 0.3242589 0.3287285 0.2133468 0.3373157 0.1203212 0.1089604 0.2529564 0.0778689 0.3630835 -0.1431265 -0.0950416 0.5289401 0.1961867 0.3319048 0.0168924 0.0770690 -0.2860311 0.4535000 0.0910625 0.0766379 -0.0105925 -0.3310054 0.0069717 0.2091918 0.3145449 -0.2382125 -0.3142596 0.1915577 0.0099762 0.1343645 -0.1985721 -0.2431844 -0.1351740 0.2113244 0.0755560 0.1496158 -0.1334717 -0.1473702 -0.1778351 -0.0991467 -0.1935905 0.1808880 0.2940035 -0.1047729 -0.2364391 0.0122855 0.1906949 0.3832158 -0.3604776 -0.0039231 0.0979831 0.0804966 -0.3665674 -0.1155674 -0.3631917 0.1186553 -0.2574436 0.2214144 0.0754598 0.1680297 -0.2810186 -0.3274038 -0.3684087 0.2443560 -0.0027043 -0.2138236 0.1395610 -0.0669767 -0.3322879 0.2685988 -0.2558734 -0.2222240 0.2738383 -0.0272471 0.0874529 -0.1691316 -0.1618698 0.3344251 0.2436807 0.0655969 0.1612330 -0.1692707 0.1374282 0.1668558 0.3182904 -0.0284236 -0.1354578 0.1735693 0.2293798 0.0067792 0.2398842 0.1750439 0.0735423 0.0431329 0.1241410 0.0838522 0.0500777 0.0838140 0.3254343 0.7316240 0.6654600 0.6922599 0.4604219 0.4363039 0.4480883 0.1163344 0.2255800 0.2723753 0.1171254 0.1168056 -0.0814460 0.4531562 0.6496211 0.5541519 0.3933989 0.5847394 0.5254205 0.2404836 0.2051990 0.3644119 0.2036758 0.4799804 0.3070672 0.1292622 0.1652064 0.2982666 0.3261746 0.0836903 -0.3646626 -0.3232023 0.0361346 0.2328883 0.2046076 0.3957182 0.1365174 0.6750765 -0.1625840 0.3400673 0.4063956 0.2393773 0.2746796 0.3634425
0.4248177 0.6301928 0.7568694 0.8017533 0.6974523 0.7189760 0.2740614 0.9120434 0.5738142 0.5640998 0.8000424 0.3389111 0.0000000 0.2178691 0.2667175 0.7450056 0.7724533 0.1351766 0.7390684 -0.1502593 0.1911598 0.6381186 0.7267886 0.1102060 0.7697060 0.6922536 0.3939750 0.0098408 0.4943907 0.3279203 0.2325387 0.6744294 0.4754307 0.6178488 0.6533521 -0.0889236 0.7313095 0.4783726 0.7550105 0.4171945 0.4263334 0.0909313 0.6643162 0.5212677 0.6108151 0.7335325 0.5460333 0.0598055 0.6953835 0.0568444 0.5890304 0.6381713 0.7538763 0.6243503 0.4614952 0.5021575 0.6797222 0.6268532 -0.4316936 0.6957019 0.2651576 0.6119672 -0.1155587 0.7010245 0.5908914 0.2318061 0.6041969 0.4871661 0.1162982 0.7375144 0.4927651 0.7713220 0.5335054 0.7635630 -0.0481174 0.5159067 0.6160741 -0.0045381 0.2865122 0.4174322 0.0455146 0.2978417 0.1129239 -0.0058421 0.1283227 0.2284584 0.1433235 0.1133856 0.2852266 0.0084162 0.5223317 0.2588878 0.0658102 0.0136136 0.4549449 0.4342580 0.0650396 0.1378982 -0.1817249 0.0037232 -0.1360316 0.1488600 0.1427984 -0.1344502 0.3262958 0.3866783 -0.0234333 -0.1087161 0.0839909 -0.3746200 -0.0961674 -0.3023553 0.1411035 0.1197683 -0.1988137 0.2438473 0.0898707 -0.0284696 0.3959228 0.0091217 0.2591390 0.5552172 -0.1532701 0.4426956 0.1361609 0.0879597 0.5254820 -0.1760186 0.1395328 0.2976600 0.1814697 0.0040117 0.2078041 0.2874895 0.1379205 -0.1152388 0.2655603 0.2657674 0.2042775 0.1447497 0.0079415 0.2663027 -0.1730258 0.1151005 0.2413319 0.1335794 0.2189203 0.1349804 -0.3313924 0.2836774 0.2488672 0.0991873 0.3220407 -0.0741105 -0.1514341 0.0821433 -0.2296847 0.1567085 -0.1806317 0.1206464 -0.0817160 0.3645445 0.0654444 -0.3170514 -0.0259563 0.1642177 0.0492191 -0.2653397 -0.2511664 0.0076418 -0.2565493 -0.2909381 -0.0086569 -0.0983316 0.0814448 0.1683502 0.0851890 0.0666499 -0.0083922 -0.2463182 -0.1251866 -0.3259134 -0.4126457 -0.2437220 -0.4565667 0.3921311 -0.3465545 0.3022833 0.1663146 0.0852959 -0.2501649 0.3171777 0.1002330 -0.0815439 -0.1356172 -0.1186970 0.1173855 0.1285197 0.1232694 0.0456796 0.2879125 0.0225024 0.2973871 0.2290692 -0.2224311 -0.0615298 0.0963241 0.2937791 0.3507114 0.3481420 0.3708064 0.4162841 -0.0276394 0.1705729 0.4581245 0.3387167 0.0803856 0.1778653
0.3362074 0.3465890 0.1839925 0.0315350 0.4649214 0.0633574 0.4479397 0.0559145 0.5648062 0.8318956 0.0790850 0.3494436 0.2178691 0.0000000 0.6927021 -0.0293184 0.4678897 0.7560153 0.1003231 -0.0696257 0.0137837 0.0888932 -0.1650210 0.6542292 -0.0770730 -0.2392641 0.2623115 0.4628078 0.2353164 0.3892757 0.2599020 -0.1906863 0.2264101 -0.2053535 -0.1707478 -0.0598832 -0.1127785 -0.0391537 0.0187224 -0.0807084 0.3421647 -0.0387336 -0.1395778 -0.2127746 -0.2243257 -0.0353425 -0.1679307 -0.1486310 -0.2801825 0.0293871 -0.1381193 -0.1296307 -0.1329577 -0.1862654 0.0040361 0.1764884 -0.0373842 -0.2445603 -0.1336143 -0.0664904 -0.1032047 -0.2091136 -0.1009112 -0.1538260 -0.0743613 -0.0539490 -0.1883365 -0.3125199 0.1923267 -0.1101244 -0.1186381 0.1547294 -0.2183154 -0.1830234 0.1357514 -0.2607851 -0.0062379 0.2285815 -0.1624621 -0.0806494 -0.1802148 0.2126763 0.4010047 0.3795058 0.4100071 0.2287116 0.2324957 0.4863281 0.3988577 0.3967752 0.0041327 0.1506180 0.0288091 0.1992121 0.3560292 0.1027678 -0.0775746 -0.0499930 0.1118613 -0.1963589 0.2071310 -0.0650101 0.0354245 -0.0182807 -0.1150722 0.2077919 0.2917393 0.1467045 0.1259503 0.4759733 0.1019804 0.5179549 -0.0876453 -0.1650566 -0.1238542 -0.0760281 -0.2072481 -0.0194031 0.3497947 0.3849036 0.3009860 0.2191962 0.1086963 0.2610285 0.2464376 0.4008073 0.1776891 0.0786108 0.2887620 0.2922578 0.1966235 0.2032333 0.1647957 0.1650509 0.1745076 0.0750779 0.2656790 0.1711236 0.1742929 0.1809588 0.0595727 0.1758963 0.2262174 0.1240109 0.0960508 0.5421070 0.1050164 0.1933134 0.2772989 0.1588806 0.0070621 0.0205157 -0.0034568 0.0724044 -0.1140919 -0.0023737 0.1025669 0.0878868 0.2088967 -0.0165771 0.0511180 0.0528332 -0.0505490 -0.0635145 -0.0320715 -0.1338168 0.1226037 0.1834045 0.1877343 0.1229932 0.0976337 0.1827973 0.1897471 0.1686988 0.2567552 0.2937616 0.1297660 0.6325202 -0.0382828 -0.0624753 0.1312730 -0.1032467 -0.0414904 0.0493447 -0.1427010 -0.3614569 -0.1366959 -0.2732636 0.0581284 0.2806889 0.2075985 0.2299252 0.4523953 0.2792193 0.3980800 0.2773324 0.5951086 0.3034476 0.0206420 0.3749024 0.3775470 0.3649132 0.5463161 0.5172513 0.2395074 -0.0793743 0.3729017 0.3616475 0.3784935 0.4046786 0.5767076 0.4077979 0.3461021 0.3169687 0.3666428 0.0770847 0.3558001 0.2937508
0.2617611 0.2990512 0.4898672 0.0820586 0.5874754 0.2443284 0.3931877 0.1051248 0.7229872 0.5241674 0.0782208 0.4996951 0.2667175 0.6927021 0.0000000 0.0968978 0.3568521 0.7660025 0.0529260 -0.0058126 0.1376524 0.2229676 -0.1378108 0.7568068 -0.0240703 -0.1614234 0.2891453 0.6566954 0.4794040 0.4791584 0.2997782 -0.1621242 0.3852214 -0.0959718 -0.1965152 -0.0606805 -0.1265110 -0.0233038 -0.0257374 -0.0325297 0.2764820 0.2290270 -0.1843200 0.0149021 -0.0344338 -0.1311498 -0.1584796 0.0393495 -0.1001405 -0.1467274 -0.2535673 -0.1537986 -0.1106709 -0.0655348 -0.0129995 -0.0975265 -0.0881988 -0.1276103 0.0646457 -0.2247162 -0.0324534 -0.2483266 -0.2198392 -0.0610613 0.1748647 -0.0988871 -0.3128744 -0.3332229 0.0260393 -0.1797513 -0.3082840 0.0900407 -0.3766452 -0.0856650 -0.0969088 -0.2684726 -0.1385246 -0.0557810 -0.3322196 -0.2672844 -0.3524034 0.3610152 0.7157643 0.5617142 0.4976266 0.3447141 0.3345001 0.5255294 0.4858571 0.5187488 0.1629035 0.4058542 0.1249404 0.2643598 0.3409532 0.1483552 0.1119701 0.0462145 0.2233108 -0.1329887 0.3251619 0.0574290 0.3398862 0.0015862 -0.0805201 0.3374361 0.3820661 0.3760579 0.0206285 0.6187043 0.1530498 0.6122309 0.2543572 0.0965801 0.0855832 0.1226753 -0.0036765 -0.0098332 0.3655184 0.3700253 0.2364004 0.2779908 -0.1276775 0.0844853 0.1665122 0.3000027 0.1658361 0.0363108 0.0700100 0.2103405 0.0288288 0.0827977 0.0717645 0.1314322 -0.0463394 -0.0235438 0.0090124 -0.1064443 -0.0407929 0.0485551 -0.0916972 -0.0924276 0.3336682 0.1578953 -0.1110472 0.3334522 -0.2243827 -0.1941358 0.4074215 -0.0125077 -0.2408373 0.1314913 -0.2886773 0.0754060 -0.1138730 0.1317311 0.3528895 -0.1077440 0.5047023 -0.1399662 0.1286576 -0.2588683 0.0912532 0.0915141 -0.0130208 -0.0347313 0.1869700 0.4377149 0.4412049 0.0537067 0.2922380 0.4587202 0.0055830 0.2076226 0.2329288 0.1703275 0.1587325 0.6766471 -0.0101942 0.1064889 0.3794791 0.1183743 -0.0093962 0.0961004 -0.0657631 0.0646384 0.0700748 -0.3413274 -0.0563860 0.0046503 0.3522119 0.0024795 0.2044825 0.4074238 0.4049333 0.3576448 0.4860633 0.2640973 -0.0358736 0.3038987 0.3190094 0.3769151 0.7580089 0.5903912 0.3203469 0.0804980 0.2452957 0.4913123 0.1972229 0.2646844 0.6807927 0.2946002 0.2151768 0.2582133 0.0578168 0.2914163 0.4116356 0.2101395
0.3176903 0.4644512 0.6353841 0.6892657 0.3745685 0.7178282 -0.0217068 0.8237690 0.4081550 0.3208442 0.9208143 0.0918878 0.7450056 -0.0293184 0.0968978 0.0000000 0.6429798 0.0587399 0.8277172 -0.1285606 0.0897185 0.5326395 0.8811157 0.0736553 0.8887674 0.8619761 0.6137765 0.2298514 0.4533351 0.5820207 0.0919553 0.8438122 0.5465701 0.7122319 0.8185310 -0.1481972 0.7467868 0.4180511 0.9229050 0.8559452 0.5275078 0.2497407 0.9027156 0.8859407 0.7686971 0.7723340 0.7308103 0.2587320 0.9006729 -0.0736944 0.8193790 0.9121992 0.7040366 0.9247309 0.4773284 0.5129030 0.7666784 0.8960509 -0.0828229 0.8297438 0.2120492 0.8830664 0.1784093 0.8983545 0.7366796 0.4657159 0.7029188 0.7455666 0.1255646 0.8244725 0.5681251 0.5498971 0.6555543 0.7571213 -0.2200727 0.4954267 0.3343957 -0.2952167 0.0655495 0.0631320 -0.0500837 0.3076051 0.0996125 -0.1882935 -0.0807834 0.4820446 0.1067312 -0.0388872 0.3265397 0.0593015 0.2823157 0.0893301 0.4273855 0.0835712 0.1069954 0.1071757 0.1634696 0.5261455 -0.1421073 0.1161839 -0.2135430 0.5139028 0.3176017 -0.3248209 0.2601597 -0.0896692 0.3330615 0.0127752 0.4100248 -0.4094374 -0.0728414 -0.3009270 0.1670394 0.0767870 -0.2082299 0.1882796 0.1087172 -0.1799177 0.1320063 0.1410271 0.4202966 0.4323642 -0.2467279 0.3097693 0.3259605 0.1056480 0.4210464 -0.1750037 0.2037550 0.2463601 0.3042180 -0.0795701 0.3570263 0.1667135 0.1057715 -0.2301497 0.3634704 0.3360213 0.3331384 0.0834100 -0.0158231 0.3616724 -0.5286740 0.1971915 0.4209174 -0.0098849 0.2782469 0.1392026 -0.4188413 0.1684797 0.1868383 0.2412748 0.3500066 -0.1714131 -0.2861736 0.0482929 -0.2446690 0.2955714 -0.2252674 0.0012956 -0.1378601 0.3593993 0.0407491 -0.3387232 -0.0370038 0.1496945 -0.0729022 -0.1711088 -0.1682695 0.1291767 -0.1801517 -0.1957549 -0.0913028 0.0198923 -0.1414466 -0.2713973 -0.2334316 -0.2273011 -0.2187576 -0.1780516 0.0155435 -0.0821267 -0.1121535 0.0571792 -0.1041445 0.6401595 -0.2081705 0.1803380 -0.1541369 -0.2758767 -0.3330201 -0.1668829 -0.4531432 -0.4217749 -0.1969906 -0.4546758 0.0197431 -0.3594991 -0.1502429 0.1254523 0.1387138 -0.0992537 -0.0517005 -0.0336584 -0.2736973 0.1811612 0.2160909 0.3958301 0.3064490 -0.1496793 0.2308254 0.0155531 -0.2321144 -0.0997849 0.1546826 0.4166609 0.0096754 0.1628930
0.4416038 0.4700211 0.5605030 0.6403363 0.5926961 0.5410627 0.3284989 0.7774205 0.5021016 0.7565010 0.7603545 0.4371758 0.7724533 0.4678897 0.3568521 0.6429798 0.0000000 0.2282171 0.5824053 0.1107530 0.0266499 0.4999856 0.6446290 0.2054429 0.6141948 0.5122341 0.6580889 0.1383366 0.3040244 0.5337396 0.4701874 0.4678168 0.3242135 0.3172701 0.4662488 -0.1970542 0.5648159 0.1498246 0.7273786 0.4124836 0.5279552 -0.0787336 0.5363370 0.4173339 0.2886704 0.5972177 0.3879823 -0.0392172 0.5688852 -0.0868236 0.4885548 0.5281508 0.5088809 0.5200984 0.3322184 0.4373359 0.5562088 0.5250525 -0.3951685 0.6039061 -0.0316114 0.4799224 -0.0824893 0.6154201 0.4486503 0.1966868 0.4763750 0.3635126 0.0066454 0.6206764 0.3731040 0.5847853 0.3372317 0.5101063 -0.0995535 0.3139919 0.3604937 -0.0969608 -0.0417853 0.0729832 -0.1191405 0.3260005 0.0669856 -0.0531482 -0.0358802 0.2171313 -0.0787892 0.1894978 0.1526663 -0.0579006 0.3036222 0.0554229 0.0657836 0.1224471 0.1931827 0.1121153 -0.0244939 0.1217668 -0.4733577 0.0330963 -0.2280929 0.1365363 -0.0194070 0.0944041 0.1674264 0.1131123 0.1245543 -0.1376227 0.2858165 -0.2242102 -0.1797871 -0.0531370 -0.0299435 -0.0340991 -0.1613907 0.0672775 -0.0601075 -0.1204289 0.2890829 0.1535050 0.3429385 0.3645656 -0.0685151 0.3695442 0.2012965 0.3788593 0.2665064 -0.1077395 0.3177618 0.2093223 0.3129175 0.2086081 0.2294580 0.3420262 0.4481102 0.0320654 0.4362731 0.4484349 0.3962468 0.4324633 0.2185660 0.4503170 -0.1263195 0.3967506 0.4186299 0.2948107 0.4032554 0.3376670 -0.1070996 0.4221723 0.4038052 0.3482757 0.4433060 0.0476060 -0.0603193 0.2724287 -0.0414039 0.4347209 -0.0841336 0.3081201 0.0052698 0.4718558 0.0569626 -0.0894637 0.1169154 0.2787940 0.2213637 -0.0782290 -0.0690505 0.3611853 -0.0085276 -0.0842984 -0.0498877 -0.0624784 -0.0183719 0.1440320 0.0190421 0.2393144 -0.0946332 -0.3238262 -0.0440002 -0.3662932 -0.3606576 -0.1923683 -0.3606587 0.2019845 -0.2562785 0.1368587 0.0141131 0.0197673 -0.1339816 0.1307194 0.0716459 -0.0457029 0.1284818 0.0204308 0.4496424 0.1191819 0.0998000 0.4050603 0.2180138 0.2328604 0.2198623 0.2411842 -0.1806303 0.0302753 0.4748269 0.1938969 0.2949652 0.3415302 0.3723298 0.2712095 -0.0916885 0.3142339 0.4376415 0.0566644 0.3171330 0.2510855
