0.0000000 0.3820216 0.2417763 -0.2765401 0.2636731 -0.2153862 0.0459683 -0.0770094 -0.1413332 -0.0771460 -0.1917981 -0.0770843 0.1797633 0.1852082 -0.1414040 0.1897431 0.2154016 0.1530002 0.2456100 0.1967113 0.1179554 0.4863153 -0.0264738 -0.2224766 0.3076101 0.1638334 -0.1833502 0.0029045 -0.2697885 0.3554452 0.4452102 0.3189119 -0.2121257 -0.2516632 -0.0715910 0.3589106 0.2548629 0.3273021 0.2088204 0.0441190 0.1050035 0.1747568 -0.0908847 -0.1998396 -0.0561566 0.3204792 0.2550278 0.2181436 -0.3424940 0.2845569 0.1829162 -0.1434177 -0.2882381 -0.2270893 0.2380541 0.3471435 0.3034306 -0.3079807 0.0992367 0.2555226 0.2592724 -0.0304501 0.1508421 -0.2314754 -0.1006533 0.0509356 0.2328544 -0.1056276 0.3364252 -0.1146042 0.0894976 -0.1742421 0.1272517 0.2450014 -0.0204041 0.0468401 -0.0519850 0.3048003 0.2896265 0.2338848 0.3546172 0.2539257 0.4621268 0.5005720 0.0848668 0.0916798 0.0830559 0.1315968 0.2107920 -0.0512447 -0.1546238 0.2073145 -0.0378501 0.1740716 0.2501046 0.1338006 -0.2070582 -0.1044816 0.2432202 0.1570978 0.0312132 0.0596536 0.1406652 0.3298278 -0.2167350 0.1988549 0.1521177 0.1670565 -0.0601555 0.1612887 -0.0639534 0.1225259 0.1791491 0.2389937 0.0218130 0.1201064 0.1474884 -0.1211518 0.1183493 0.3737519 0.1974962 0.2606360 0.1591637 0.1762783 0.2287115 0.3503323 0.4207695 0.2096010 0.4148668 0.4068212 0.3369419 0.1127746 0.3566970 0.2251219 -0.2396243 0.1953797 0.1148512 0.3494371 0.0232833 0.3245065 -0.0057361 0.4798821 0.4489123 0.3357908 0.0665209 0.1381745 0.0466422 -0.0885172 0.3325364 0.2193765 0.0927692 0.3378033 0.5025621 0.1533882 0.2478910 0.3410016 0.0198075 0.2677401 0.3433701 0.0915973 0.1253404 0.2896357 0.3987268 0.2035505 0.2964362 0.3395857 0.4706962 -0.3380246 0.0812708 0.3050829 0.4190307 0.2559821 0.5186825 0.5873004 0.4860753 0.5522117 0.6343650 0.6003052 0.4678371 0.2874172 0.2699983 0.1858739 0.3161839 0.1882838 0.1113463 0.2865093 0.0907645 0.3248398 0.3285195 -0.0298476 0.3962585 0.1112776 0.3081342 0.5853161 0.3908260 0.5397005 0.5552067 0.3590128 0.3200003 0.4048325 0.4376953 0.3794574 0.2701765 0.4489649 -0.2237317 0.4288023 0.0111329 -0.4165453 0.0522134 0.0142193 0.3353917 0.5421462 -0.0900921 0.2181523 -0.1723494 -0.1170103 -0.0415918 0.0485935
0.3820216 0.0000000 0.2279463 0.4248081 -0.0512999 0.4121788 -0.1190783 0.3638843 0.3222389 0.0319720 0.3004461 0.1793149 0.4070571 0.0311250 0.0324313 0.3944169 0.2600257 -0.2214581 0.3024613 0.1905594 -0.0413116 0.4043875 0.1923383 0.0655689 0.3479981 0.3123013 -0.2005541 -0.1597726 0.3145957 -0.1018247 0.3379897 0.3666333 0.2063606 0.4081542 0.2167046 0.4875354 0.2833441 0.2187627 -0.0099011 0.3076337 0.1868553 0.5290358 -0.0070613 0.0447713 0.4299395 0.3579571 0.3223624 -0.1061713 0.3586379 0.2470862 0.3478802 0.1776482 0.3917007 0.3320213 -0.1750135 0.1943922 0.1535235 0.3074190 -0.0434860 0.3309036 0.2980033 0.2533431 -0.2327965 0.5195151 0.3852496 -0.1142550 0.2809903 0.3570793 -0.0772127 0.4284984 0.0053534 0.1461412 0.3729830 0.3732352 -0.0842827 0.5641614 0.4651104 0.0939226 0.1813930 0.3541829 0.0121825 0.4881408 0.3658839 0.3456465 0.1812811 0.1159603 0.1755947 0.4841701 -0.0952190 0.0797498 -0.2094055 -0.2515830 -0.1929853 0.6286699 0.0935204 -0.0347320 0.1703897 0.0964586 0.1068149 0.5989161 0.3387923 -0.0062506 0.0785365 0.2902577 -0.0237420 0.1540751 -0.1857228 0.2151951 -0.1982647 -0.2843420 0.1556635 -0.2045536 0.3306343 -0.0068632 -0.3149610 -0.0578032 -0.2787410 0.0042262 -0.1214812 -0.1151816 0.1237625 0.0225250 0.0466884 0.4623668 0.2909687 -0.0789388 0.1738194 0.3145879 0.2961061 0.6991683 0.5053718 0.4212180 0.3981250 0.7941237 0.0682834 0.3469948 0.5437791 0.4834167 0.3431842 -0.2906607 0.3196755 0.0785574 0.3928955 -0.2319542 0.3121207 0.5822880 0.6423413 0.5985645 0.2897630 0.4286507 0.1578054 0.0837697 0.7487896 0.5719484 0.5831156 -0.0284775 0.0576028 0.5193898 0.1484591 -0.3452801 0.6875068 0.5152983 0.4682495 -0.2731753 0.6733711 0.0850281 0.7554048 0.0509565 -0.1336108 0.0437030 0.6285742 0.4338147 0.4342996 0.5170288 0.6450982 0.6186461 0.3422360 0.3887580 0.2042480 0.3725293 0.4339374 0.5114115 0.2794266 0.5127536 -0.0272094 0.0041941 -0.1315108 -0.2190514 0.4007776 0.2883500 -0.3057004 0.3959835 0.3410394 -0.0108088 -0.2027308 -0.0665887 -0.0712593 0.0171748 -0.1168027 -0.0260666 0.3319668 0.5335958 0.4447292 0.3259709 -0.4486879 -0.1336544 -0.0885812 -0.2516915 0.1371928 -0.2896890 0.3938469 -0.0123524 -0.4715735 -0.2644306 -0.2311953 -0.4424384 0.1466111 0.0083215
0.2417763 0.2279463 0.0000000 0.2051017 0.8384843 0.1154208 0.2790870 0.3953745 0.0407190 0.0210661 0.3386213 0.0747143 0.5192992 -0.1994525 -0.1851025 0.3351876 -0.1459340 -0.0142193 0.3513969 0.8363844 0.2779409 0.2696760 0.2981199 -0.4441992 0.2019820 0.4149327 -0.2238370 -0.4199540 -0.1737789 -0.2431137 0.5213109 0.2851838 -0.4123549 -0.2602047 0.3406582 0.2497428 0.4825308 0.4116010 -0.3446587 -0.4021016 0.3425795 0.2611032 0.1095763 -0.3338000 0.2547981 0.4018610 0.3930840 0.5147991 -0.2115353 0.3358472 0.2203333 0.0164923 -0.0309242 0.2455318 0.5826666 0.5116054 0.5784929 0.1102496 0.5742456 0.2538547 0.6515760 0.3825609 0.4564442 0.1791660 0.4424303 0.5271022 0.3800306 0.4219037 0.5649835 0.4258740 0.4809947 0.4459467 0.4351707 0.7875621 0.7716258 0.4361397 0.4267924 0.7026014 0.6661133 0.5914307 0.7045143 0.4132088 0.3328226 0.3576899 0.5068288 0.1063255 0.3344214 0.5137917 0.4376611 0.2052420 0.1774199 0.4041587 0.2689711 0.0942289 0.1422157 0.1632600 0.1487450 0.0399443 0.2102877 0.1897495 0.1002165 0.0386275 -0.0669578 0.2910450 0.1817795 0.1074295 -0.1524858 -0.2083654 0.3203155 -0.2410194 0.0714744 0.0545472 -0.2327823 -0.3906813 -0.5813460 -0.2890081 -0.4748738 -0.6467924 -0.4208439 -0.2335117 -0.4384669 -0.5243259 0.3503848 -0.2299190 -0.3541061 0.3036268 -0.4239322 0.3831595 0.1274081 -0.0222144 0.0132465 0.2837105 -0.2271439 0.3655742 -0.1216628 0.1834241 0.0253549 0.2383397 0.0582494 0.2230795 0.0650949 0.4801352 0.5647133 0.4570110 0.1212879 -0.0900901 -0.1280659 -0.2479670 0.4315211 0.1986951 -0.0633426 0.4132089 -0.0612255 -0.0394013 -0.3199199 0.3686520 0.5490669 -0.0533324 0.2593561 0.3634978 -0.2960571 -0.0219884 -0.0353338 0.5157994 -0.2313906 0.3323717 0.1355888 -0.0281137 0.1989192 0.3000938 0.1141185 0.2925997 0.0731805 0.5439164 0.2566469 0.3052368 0.2946242 0.2823298 0.2307600 0.0169881 0.0232130 -0.0374123 0.4528961 0.1018865 0.4616834 0.6822362 0.5296109 0.6158328 0.5108395 0.2411507 0.0177022 0.3977268 0.3452123 0.0105401 0.1821452 0.0812031 0.5263410 0.3436548 0.6103281 0.3335150 0.2308399 0.0159401 -0.0239806 -0.0337688 0.2008781 0.4960563 -0.0163969 -0.0021881 0.2238480 0.1411906 -0.2117620 -0.0058347 0.5132703 0.4336288 -0.0906101 0.3782410 0.0788238 0.0111394
-0.2765401 0.4248081 0.2051017 0.0000000 0.0499959 0.8266662 0.2945118 0.6743902 0.7699840 0.1819551 0.4993833 0.6715033 0.5114176 0.0043138 0.5061141 0.2855079 0.0625928 -0.2413448 0.1980428 0.0915426 0.2522500 0.1294053 0.2016409 0.3175333 0.1507660 0.2706452 0.3952030 -0.1371115 0.6370370 -0.2990300 0.1000651 0.2217153 0.2953650 0.6597027 0.3767787 -0.0978590 0.2208163 0.1004197 0.0726481 0.0452803 0.2702625 0.1223126 0.2409766 0.0982727 0.6910896 0.3330549 0.3032753 -0.0378701 0.6976012 0.2478218 0.3573001 0.1662546 0.8205148 0.2992106 -0.0854285 0.1500643 0.1549025 0.5425028 -0.0554395 0.2424243 0.0137899 0.2341567 -0.0267606 0.8409888 0.5923091 0.2234034 0.1382367 0.3320926 -0.0249487 0.5701996 0.2516271 0.7758070 0.2142368 0.4426669 0.2359103 0.5770471 0.6435382 -0.0527711 0.1148031 0.4699259 -0.0008675 0.3752303 -0.0515370 -0.1138427 -0.0507161 0.1586574 0.1832552 0.4517907 -0.2287584 -0.1117046 -0.2730202 -0.3403916 -0.1072849 0.3747590 -0.1130369 -0.2875005 0.0948786 0.0433969 0.0946906 0.2083558 -0.0207486 -0.1525920 -0.1004555 -0.2112527 -0.0583290 -0.0834848 -0.3724547 -0.1266652 -0.1330727 -0.5833918 -0.0562533 -0.2350712 -0.0609159 -0.5338838 -0.4549404 -0.2917019 -0.4758576 0.0125750 -0.2025292 -0.3236639 -0.2174761 -0.4258981 -0.2318475 0.3418632 -0.0716634 0.1071422 -0.4631542 -0.1306607 0.1745850 -0.0205145 -0.1025426 0.2016064 -0.2877904 0.4301490 0.2711911 -0.1776170 0.0645521 0.1219641 -0.0265247 -0.1138291 0.2351293 0.0969063 -0.0496720 -0.3546410 0.0995104 -0.0624862 0.1802755 0.1882845 0.2865368 0.4788347 0.1702157 -0.2971880 0.1767738 0.0933128 -0.1567363 -0.4959510 -0.2782507 -0.1332037 -0.3741926 -0.4288020 0.1958893 0.3418448 -0.3017384 -0.4011495 0.0412633 -0.4938495 0.0046478 0.4583565 0.0777831 -0.1749704 0.0958254 0.0894466 -0.1494895 -0.1363991 -0.1309474 -0.1219426 -0.4200051 -0.4139400 -0.3700860 -0.2223026 -0.1625677 0.0220478 -0.2540873 0.0649548 -0.0229575 -0.1321192 -0.0304204 -0.3162793 -0.1471163 0.4065302 -0.4185567 0.5310783 -0.1973601 -0.4210830 -0.0409137 -0.2114371 -0.1997430 -0.3539000 0.0841095 0.0715367 0.1089050 -0.1799649 -0.0471397 -0.3991889 0.2374988 -0.3248368 0.3257907 0.0077192 0.1270314 -0.4552873 -0.1242923 -0.4659561 -0.0545843 -0.1277073 0.4236858 -0.3457437 -0.0357102 0.0215889
0.2636731 -0.0512999 0.8384843 0.0499959 0.0000000 0.0261361 0.3188908 0.1916709 0.0641396 -0.0081064 0.1377688 0.1734934 0.3985960 0.0089113 -0.0113941 0.1810492 -0.0016999 0.1719377 0.1413574 0.8584338 0.4433132 0.3716212 0.1525289 -0.3339934 0.0512138 0.2700606 0.0236371 -0.2129864 -0.1203137 0.1220635 0.5449714 0.2438420 -0.3302634 -0.2620715 0.2028658 0.0543652 0.3985610 0.4111027 -0.1149553 -0.3058517 0.3613771 0.1386722 0.1371534 -0.2471232 0.2567291 0.4090055 0.4527777 0.6317854 -0.1976179 0.3354770 0.2390475 0.0198843 -0.0653053 0.1212279 0.7792452 0.5893777 0.6313998 0.0426220 0.6211102 0.3011534 0.6495604 0.3036334 0.7606834 0.0611304 0.3926520 0.6956517 0.3575289 0.2301368 0.7424138 0.2846549 0.5869579 0.3950778 0.3097222 0.7781130 0.7945105 0.3108728 0.2501131 0.7293174 0.7502878 0.6168341 0.8505556 0.1699596 0.1754030 0.2391222 0.2087616 0.1570650 0.4714282 0.1443762 0.3602896 0.0555364 0.2021742 0.5376507 0.1485459 -0.2316678 0.2132888 0.0781296 -0.2216297 -0.1057822 0.2507019 -0.1029968 -0.1434346 -0.0340593 -0.0067321 -0.0279925 -0.0410543 0.0482289 -0.1419566 -0.1873543 0.1783134 -0.1860000 -0.0720091 0.0274886 -0.1975866 -0.3249666 -0.4906412 -0.2115969 -0.3675838 -0.5887398 -0.3346457 -0.0994594 -0.4454055 -0.4798440 0.2641320 -0.3794777 -0.4531087 0.4124177 -0.4255118 0.1759611 0.1540345 -0.1692452 -0.1628043 0.1218612 -0.3629932 0.1393561 -0.2428183 -0.0284709 -0.2043660 0.0728954 -0.1286398 0.4452008 -0.2078189 0.5797284 0.3512845 0.5675816 -0.0611491 -0.3103794 -0.4009302 -0.4969026 0.1924663 0.2765906 0.0481007 0.4802474 -0.1770930 -0.3857218 -0.4340443 0.3828303 0.4940798 -0.2577051 0.1357659 0.5060791 -0.5376968 0.0118783 -0.1343496 0.6758984 -0.4992627 0.2941269 -0.1059854 -0.1670842 0.2090273 0.2220044 -0.1738567 -0.1089546 -0.0412784 0.3435420 -0.0210912 -0.0354941 0.1113252 0.0337649 0.1495798 -0.2293186 -0.2962206 -0.3552739 0.2755666 -0.2016976 0.5010372 0.8156204 0.6689206 0.7744503 0.3606234 0.2026684 0.2274535 0.3416432 0.1155613 0.1001403 0.3286549 0.1660237 0.6151885 0.1860162 0.7319538 0.4103095 0.1022705 -0.1334614 -0.0660091 -0.2508226 0.3460296 0.7557627 0.1673370 0.0490972 0.2796647 0.1589746 -0.0939206 0.0755768 0.6855039 0.5358539 0.1269942 0.4817399 0.0034223 -0.1628927
-0.2153862 0.4121788 0.1154208 0.8266662 0.0261361 0.0000000 0.5197987 0.3490710 0.8136497 0.5516899 0.5189872 0.6548147 0.3025023 0.3114083 0.6655742 0.2765220 0.4814165 0.0770184 0.0330375 0.0454177 0.0717970 0.1279845 0.3228331 0.5290068 0.0654854 0.1694871 0.2400816 0.1500429 0.5812931 -0.0878417 0.1054925 0.0362927 0.4635932 0.6955699 0.3509770 -0.1542175 0.1155173 0.0012173 0.2824788 0.1255256 0.1032437 0.0245135 0.4129412 0.2762911 0.7145289 0.2615477 0.3089825 -0.1272096 0.7857524 0.2300817 0.4133189 0.1799456 0.7948276 0.3416957 -0.0720145 0.1064497 0.0573547 0.5591231 -0.0684338 0.3370197 0.0381026 0.2639961 -0.0679004 0.7240324 0.4491140 0.0247969 0.1764261 0.2154088 -0.0621252 0.4117912 0.1291000 0.6395585 0.1279835 0.4353533 0.0420569 0.4112383 0.6876894 -0.1604049 0.0635798 0.2286283 -0.0172122 0.1289829 -0.0748865 -0.1423856 -0.1006302 0.2609053 0.2266552 0.3085094 -0.1110320 -0.0566331 -0.2378366 -0.1548190 -0.1843369 0.3514641 -0.1425468 -0.1638931 -0.0020778 -0.0712057 0.1456820 0.2371088 0.0197546 -0.1831377 -0.0730918 -0.1625130 -0.1140580 -0.0558714 -0.2813601 -0.0875582 -0.2119005 -0.3988533 -0.1709824 -0.2810271 0.1203622 -0.3866312 -0.2104198 0.0468222 -0.1297666 0.2890218 0.1201013 -0.1863981 0.0196168 -0.1813010 -0.2802108 0.4785598 0.1984063 -0.1007303 -0.2122992 -0.1722701 0.0870414 0.1824176 0.0775934 0.2728177 -0.1246665 0.5026864 0.3611553 -0.0718807 0.2602780 0.1003401 0.1101080 -0.3558417 0.3494396 -0.1110073 -0.0062628 -0.4995733 0.2075557 0.0110057 0.2362674 0.3340244 0.1434563 0.3061400 -0.1129487 -0.3385310 0.2300062 0.1231725 -0.1160136 -0.6054167 -0.3608297 -0.1053313 -0.4371695 -0.6502043 0.2767614 0.3567819 -0.2591359 -0.4752078 0.0769973 -0.5478431 0.1266629 0.1888715 -0.0195888 -0.1061083 0.1856266 0.0129118 -0.1659209 -0.2671758 -0.0238167 0.0266266 -0.3712624 -0.3689617 -0.3890022 -0.2232432 -0.0813761 0.0467114 -0.1213568 0.1645124 -0.0071748 -0.1092908 -0.0974502 -0.2538426 0.0838954 0.5242897 -0.3516954 0.4164587 -0.0205674 -0.4569656 -0.2350974 -0.3380396 -0.2887923 -0.1820011 -0.0012586 -0.1287935 0.0634619 0.1732224 0.2518836 -0.1382362 0.1136249 -0.1668973 0.0719721 -0.0852523 -0.0032843 -0.2053923 0.1682633 -0.4527680 -0.1607426 -0.1648130 0.2677929 -0.4533743 0.0237432 0.1938059
0.0459683 -0.1190783 0.2790870 0.2945118 0.3188908 0.5197987 0.0000000 0.0921934 0.4184054 0.4178976 0.0906957 0.3460872 0.0683585 0.2988710 0.5298042 0.0145529 0.2794036 0.4153693 -0.1742895 0.2420204 -0.0057865 -0.0062676 0.2216147 0.1800366 -0.1897141 0.0239684 0.0140942 0.2210489 0.0176832 0.0702532 0.1515028 -0.1849684 0.0856482 0.0812275 0.2375811 -0.3968048 0.0318349 -0.0532614 0.1273011 -0.1556936 -0.0623209 -0.4448424 0.1984351 0.2163070 0.1154915 0.1262491 0.1881317 0.1736614 0.2311401 0.1484381 0.1164245 -0.1426799 0.2629095 0.0838341 0.2180234 0.1663174 0.1778040 0.0895366 0.0338366 0.0533308 -0.0584620 0.0282482 0.1686396 0.0874377 0.0831110 0.1668428 0.0529033 -0.0849355 0.2332245 0.0103352 0.1564148 0.5748860 -0.0974852 0.3977673 0.2602022 0.0086689 0.4573789 0.0428966 0.0922418 0.0736515 0.1546616 0.2223638 0.0084194 -0.0923786 -0.0605469 -0.1342703 -0.1116362 0.3104430 0.1160546 -0.2180770 0.0095855 0.0812016 -0.0863195 -0.0491087 0.0837380 -0.0300245 -0.2535174 -0.2123628 0.5253415 -0.1545100 -0.2231541 -0.3642073 -0.4851339 -0.0922893 -0.1736711 -0.0875106 -0.2432804 -0.5666992 -0.0637343 -0.0888056 -0.4419342 -0.1367269 -0.2787551 -0.4332565 -0.0954379 0.0309121 0.0833643 -0.0466166 0.1025443 -0.0859072 -0.1791184 -0.2584845 -0.0864996 0.1113780 -0.0513676 0.1052586 -0.2069554 -0.2110312 -0.1141631 -0.1542197 -0.1568332 -0.1091916 -0.3405133 0.1809252 0.0642309 -0.2391279 -0.0581412 -0.1140716 -0.1145612 0.1901353 0.0558893 0.1456530 -0.0666596 0.0674260 0.0522286 -0.2607802 -0.2998106 -0.2135124 0.0034123 0.0217656 -0.1742759 -0.0725931 -0.3451126 -0.0882506 -0.4953976 -0.2856709 -0.2090398 -0.3051195 -0.5501816 -0.2821868 -0.2439466 -0.2530990 -0.4848437 -0.1708245 -0.3411590 -0.3867103 -0.3043936 -0.1254104 -0.2088154 -0.1486454 -0.0957266 -0.1843013 -0.2556341 -0.1422621 -0.3046251 -0.0141913 -0.3088870 -0.1701346 -0.4540271 -0.5175356 -0.2181888 -0.3651799 -0.1744986 -0.2001042 0.0783623 0.0663254 0.0120965 0.1729833 0.1746287 0.4830223 -0.0102545 0.2996209 0.1598776 -0.3341639 0.0397935 -0.0671614 0.0802626 0.2595845 0.3028705 0.1387776 -0.0335255 0.0468742 -0.0366925 -0.1150756 0.4811778 0.2255448 0.1533828 0.2192802 -0.2749780 0.3417869 -0.0777162 -0.0610686 0.3622529 0.5074508 0.4308187 -0.2409707 0.0526407 0.4123245
-0.0770094 0.3638843 0.3953745 0.6743902 0.1916709 0.3490710 0.0921934 0.0000000 0.3704861 -0.0719330 0.6312143 0.3190251 0.8925401 -0.2664220 0.1334379 0.6519970 -0.2968575 -0.4720607 0.6752544 0.3138883 0.1959567 0.4664598 0.4301600 -0.2695036 0.6001752 0.7605710 0.0933496 -0.6098660 0.1927552 -0.6240158 0.5042988 0.6858861 -0.2728728 0.0873070 0.7036125 -0.0648007 0.7036991 0.5268951 -0.2536585 -0.2242546 0.6637152 0.1114010 0.3258663 -0.2690166 0.3905834 0.6364581 0.6070049 0.3730011 0.2568523 0.4383796 0.6533711 0.3770020 0.3585263 0.4289631 0.1262714 0.4960024 0.6283667 0.5874300 -0.0755460 0.5452381 0.0458172 0.5736263 0.1091965 0.7272406 0.4767680 0.5196554 0.6100093 0.6662710 0.3475448 0.8494468 0.5626028 0.6379275 0.6674161 0.4444636 0.4606440 0.8205753 0.3675155 0.2508342 0.4194123 0.6183533 0.1290485 0.5686052 0.2706459 0.2162514 0.2635034 0.1504420 0.2118161 0.4363406 0.1426069 0.0942299 0.1313750 -0.0035576 0.3174141 0.1522841 0.2145801 0.0771920 0.2602777 0.4125773 0.3011439 0.0847180 -0.0012328 0.1352552 0.0422598 -0.0407198 0.1121534 0.1604327 -0.1221890 -0.0172013 0.1434559 -0.3071399 0.1934521 0.0603707 -0.0566214 -0.3218329 -0.3245388 -0.3144879 -0.4539941 -0.2732822 -0.2681057 -0.1660482 -0.2363623 -0.3365736 0.2415649 0.0902421 -0.1048052 0.4070305 -0.3699505 0.3425935 0.3807859 -0.0192940 0.0675169 0.3170420 -0.0398644 0.4106883 0.0955095 0.1203510 0.2265449 0.4706308 0.2133171 0.2059084 0.3051343 0.5751028 0.1279155 0.2117998 0.3356673 0.0641330 0.2959463 0.1927885 0.3848134 0.4018963 0.1433035 0.1942405 0.2281484 0.2858858 0.0937999 0.0289322 0.1051404 0.2165436 0.0461465 0.0287066 0.1839944 0.2435559 0.0014109 -0.0160512 0.1709251 0.0249566 0.1164064 0.4590266 0.2418158 0.0695702 0.1976781 0.3203297 -0.1199739 0.1435067 -0.0363274 0.0052073 -0.1113665 -0.0752011 -0.0682280 -0.1348689 -0.0744332 -0.0908608 -0.2963838 -0.1897908 -0.0877958 -0.0482084 -0.0753079 -0.1066339 -0.1541394 0.1167103 -0.1299819 0.3536893 -0.1923295 -0.0204948 0.2331531 0.1788108 0.1831025 -0.3168979 0.1880513 0.4655327 0.4520009 -0.2674155 -0.1838731 -0.2230581 0.2217592 -0.0946249 0.5377156 -0.1750285 0.4424049 -0.2613673 -0.1149994 -0.0751515 0.2328514 0.0801465 0.0896674 -0.2793539 0.1572030 0.0795344
-0.1413332 0.3222389 0.0407190 0.7699840 0.0641396 0.8136497 0.4184054 0.3704861 0.0000000 0.4239469 0.4573720 0.6366212 0.3184103 0.3987697 0.7398590 0.3066143 0.5347367 0.2013036 0.2090825 -0.0409177 0.0779032 0.1648766 0.2376617 0.5701045 0.1740953 0.1078310 0.3359160 0.2219083 0.4933113 0.0375892 0.0262550 0.1433558 0.4685906 0.6383197 0.2709294 -0.4022217 0.0928178 0.0806707 0.2912018 0.2244252 0.1566690 -0.1793562 0.3443920 0.3151378 0.6565393 0.3803929 0.3334179 -0.0678874 0.7922078 0.3284250 0.3783361 0.1479540 0.7392449 0.2872926 -0.0548896 0.2281607 0.1633802 0.5799700 -0.3052033 0.3668242 -0.1096091 0.2511640 0.0218920 0.7296077 0.4566243 0.1980912 0.1670235 0.2163426 0.0465512 0.4101399 0.2056611 0.5879346 0.1082366 0.3269847 0.1632662 0.4420645 0.6536849 -0.1149090 0.1230707 0.3470381 -0.0043384 0.0089126 -0.3367974 -0.3310331 -0.5093525 0.0672095 0.1274222 0.1828245 -0.3990811 -0.3938791 -0.4517043 -0.3214955 -0.5003085 0.2694512 -0.3006061 -0.4775132 -0.3051500 -0.2622392 -0.0568934 0.0317876 -0.2626120 -0.3934733 -0.1968946 -0.4423476 -0.4472885 -0.2571321 -0.5372408 -0.1549673 -0.5178280 -0.6198182 -0.4267618 -0.5979599 -0.2062730 -0.3969761 -0.3295093 -0.2206967 -0.2648867 0.0990221 -0.1720458 -0.3737740 -0.2426217 -0.3543784 -0.5757852 0.1917324 0.0049069 -0.1582065 -0.4376981 -0.4945742 0.0103277 -0.0238400 -0.2284377 -0.1870151 -0.3366801 0.4960329 -0.0354637 -0.4521723 -0.0984776 -0.1082949 -0.3121834 -0.2601439 -0.0947453 0.0324841 -0.0114631 -0.5470373 -0.2099722 -0.2817093 -0.0752043 0.1165671 0.0942692 0.2424038 -0.0842433 -0.4773015 0.1254538 -0.1931866 -0.1011632 -0.7443946 -0.4966086 -0.3944644 -0.5979336 -0.6602461 0.2652219 0.1865749 -0.4947782 -0.4530155 -0.0373545 -0.7037732 -0.0109206 0.1387212 -0.1245596 -0.2641347 0.0531520 -0.2228985 -0.1626804 -0.3308771 -0.2025433 -0.0936900 -0.4127358 -0.2870672 -0.4987224 -0.3500566 -0.1790644 -0.1555327 -0.4188287 -0.0706566 -0.2302049 -0.2018729 -0.1138382 -0.2239463 0.0150962 0.4359646 -0.4839862 0.3843152 0.0225668 -0.5036148 -0.2532721 -0.4295270 -0.3436748 -0.1630845 0.1355456 -0.1930092 -0.0220340 0.0157454 0.1298443 -0.3537517 0.2074868 -0.1649533 0.3070932 0.0921423 -0.0145102 -0.1082443 0.0277002 -0.4124656 -0.0595604 -0.1214554 0.4058947 -0.4088276 0.1807814 0.0222245
-0.0771460 0.0319720 0.0210661 0.1819551 -0.0081064 0.5516899 0.4178976 -0.0719330 0.4239469 0.0000000 0.6307683 -0.0280686 0.0711806 0.1191817 0.2088579 0.4129632 0.6630226 0.2556959 0.1280080 0.0397583 -0.4750188 -0.0305892 0.6516829 0.1019308 0.0647352 0.2387844 -0.1405669 -0.0464928 -0.2101907 -0.1066503 0.0420954 -0.0676086 -0.0627051 -0.0106943 0.4404041 -0.3984509 0.0973217 -0.0275264 0.3116013 -0.1013941 -0.0339426 -0.3343740 0.7149197 0.1749099 0.0881785 0.0512076 -0.0192887 -0.1717818 0.1797655 0.0414746 0.2226190 0.3376235 0.0286834 0.4209080 -0.1510215 -0.1126689 -0.0820337 0.3654428 -0.0963532 0.3529025 0.0081322 0.4856389 -0.2020391 0.1623996 -0.0234064 -0.2504052 0.3546716 0.3424694 -0.1896016 0.2480122 0.0212787 0.1190796 0.2541956 0.1128768 0.0150684 0.1202867 0.2718553 -0.1221332 0.0177152 -0.1664766 -0.0320989 -0.2940746 -0.1352993 -0.2838464 -0.1713583 0.0663812 0.0175077 -0.0302527 0.0073009 -0.1410077 -0.0555051 0.2471034 -0.2062869 0.0320849 -0.1085505 0.0085234 -0.1290001 -0.2958412 0.1072566 0.0634100 -0.2045378 -0.2152930 -0.0955739 0.0170833 -0.1147178 -0.1097039 -0.1027472 -0.1116863 -0.1139215 -0.0309078 -0.2739794 -0.1913945 -0.0551553 0.0036157 0.2031710 0.4752113 0.4618148 0.3785146 0.3584338 -0.0964416 0.1499881 0.1610471 -0.2199792 0.0345630 0.2264081 -0.4312363 0.0781414 -0.0889659 -0.3238248 0.1435122 0.0781227 0.1357719 0.0976548 0.2383213 0.1591668 0.0050881 0.2174406 -0.0349284 0.1027523 -0.6119484 0.2427893 -0.2090879 0.1860720 -0.4582051 0.1617049 -0.0960193 0.0529961 0.1866724 0.2445627 -0.3802815 -0.7764583 -0.2653463 0.1239297 0.0442290 -0.1538836 -0.4893213 -0.4263822 -0.1468638 -0.2770394 -0.5612170 0.1253422 -0.0676531 -0.1828976 -0.2065551 -0.0051234 -0.2623850 0.2624771 -0.3576230 -0.1919944 0.0821320 0.3721321 0.0643601 -0.0507312 -0.2598880 0.1545058 0.2465774 -0.0046715 0.0336977 -0.2424239 -0.1160771 0.2467140 0.0431916 0.0335188 0.1497260 -0.1214855 -0.0636299 -0.2102550 -0.0375925 0.2856929 0.1729354 -0.2258690 -0.1463794 0.3000191 -0.3848348 -0.4335989 -0.4586319 -0.2053602 0.3641547 -0.0109287 -0.4584252 -0.1607498 0.1954088 0.2619351 0.2592628 0.2113750 0.1861573 -0.3423405 -0.1571166 -0.2715094 0.0982210 0.1399226 -0.3988845 -0.0286786 -0.1311193 -0.3093949 -0.2151567 0.1097041 0.2614643
-0.1917981 0.3004461 0.3386213 0.4993833 0.1377688 0.5189872 0.0906957 0.6312143 0.4573720 0.6307683 0.0000000 0.0749717 0.6822300 -0.1701537 0.0803132 0.8298606 0.2467333 -0.1791307 0.6789480 0.2803309 -0.2302005 0.2855890 0.8249156 -0.1859561 0.5652284 0.7595869 -0.1074951 -0.5408332 -0.0578021 -0.5744309 0.3559485 0.4949935 -0.2903786 -0.0099202 0.8183943 -0.2303081 0.6092794 0.4132635 -0.0380498 -0.2349274 0.5091167 -0.0129562 0.7919043 -0.1354898 0.3500985 0.4638316 0.4002659 0.1602738 0.2498900 0.3229932 0.6402068 0.6231329 0.1730392 0.6761522 0.0126419 0.2801259 0.3910210 0.7475707 -0.0784054 0.6899957 0.1317557 0.8607194 -0.0520745 0.6237286 0.3150234 0.1969311 0.7530157 0.8327747 0.1223637 0.8528885 0.4146552 0.3604555 0.7527194 0.3295852 0.3464227 0.6998118 0.3591845 0.1337508 0.3489680 0.2734788 0.0704345 0.0361593 0.0698606 -0.0560068 0.1410465 0.2369206 0.2739935 0.1609510 0.1649595 0.1144602 0.1385459 0.2554914 0.1518162 0.0904061 0.0107518 0.1435207 0.2388262 0.1776501 0.0887115 0.1449838 -0.0332399 0.0957002 0.1325577 0.0304108 0.1166646 0.0768443 -0.0747528 0.0754633 0.1037279 -0.2033282 0.1117456 -0.0628577 -0.0530689 -0.1161137 -0.0753369 0.1083800 -0.0436098 0.0572969 0.0047399 -0.2145830 -0.0435261 -0.0810888 0.0888198 -0.0229653 0.0817902 -0.1066622 -0.1979672 0.2919622 0.0171441 0.1159812 0.1633369 0.3737009 0.1302600 0.4585671 0.1552357 0.2378192 0.3791809 0.3513162 0.3091144 -0.4403987 0.3891333 0.1909796 0.3286779 -0.1822084 0.3733006 0.0417652 0.3307387 0.3444195 0.4214593 -0.0507418 -0.5177618 0.0180668 0.2888033 0.2281425 0.0794072 -0.2108066 -0.0382423 0.1222431 0.0580064 -0.2659287 0.2779645 0.1389228 0.0124827 -0.0137942 0.1726062 0.0012162 0.4054720 0.0957204 0.1399212 0.1837879 0.4151760 0.3076926 -0.0893528 -0.0627570 0.2003904 0.2032615 0.0253322 0.0485126 -0.0709558 -0.0248385 0.1923292 0.0352525 -0.0780980 0.0144182 -0.1215443 -0.0296355 -0.1499907 -0.0650282 0.1488096 0.0829321 -0.2780729 0.0095365 0.0990383 -0.2418230 -0.2430412 -0.2852887 -0.0530933 0.0026940 0.0345684 -0.0890688 0.2097440 -0.0086121 0.1150651 0.0704044 0.1978188 0.0777602 0.0453371 -0.3004700 0.2494700 -0.0775284 0.0386066 -0.3927189 0.1421255 -0.2025556 -0.4058680 -0.2017709 0.2804662 0.1367315
-0.0770843 0.1793149 0.0747143 0.6715033 0.1734934 0.6548147 0.3460872 0.3190251 0.6366212 -0.0280686 0.0749717 0.0000000 0.3097525 0.5456770 0.6067676 -0.1182236 0.1868884 0.2351892 -0.0341274 -0.0299862 0.6886141 0.2176877 -0.2532434 0.5056196 0.1353662 -0.0428373 0.4949968 0.3125059 0.6792234 0.1255429 0.1779632 0.2387198 0.4435765 0.6749841 -0.0670503 0.0718509 0.1166137 0.3065727 0.3218810 0.1891249 0.3780339 0.1991157 0.0314296 0.0245741 0.6830322 0.4296183 0.4481530 0.2890025 0.6097685 0.5692297 0.3710560 -0.1269258 0.8195655 -0.1951484 0.3291464 0.4291602 0.2783336 0.2175309 0.1376507 0.2322807 0.1810474 -0.1523949 0.3296810 0.6331107 0.6234811 0.4554759 -0.0320651 -0.1715652 0.2864392 0.1683875 0.3879452 0.6537150 -0.0511697 0.4956668 0.1440969 0.2850435 0.5443479 0.1096133 0.1918290 0.4783420 0.2269869 0.1009165 0.0020457 0.1846290 -0.0632426 0.5548099 0.4163433 0.1928991 0.0457377 0.1537337 -0.2652880 -0.1960559 0.0247781 0.3127453 0.0146116 -0.1205614 -0.0738719 0.1898275 0.1043903 0.1321860 0.1964532 0.0344969 0.2158202 -0.3542938 -0.2213874 0.1530921 -0.1010443 0.1321162 -0.1926964 -0.3307692 0.0642952 -0.1375164 0.1664249 -0.3861571 -0.2231339 -0.2806168 -0.3414825 0.2254081 0.0005753 0.1961519 0.1211930 -0.1526400 -0.2526530 0.4602712 0.2074771 0.4084465 -0.2292420 -0.4089115 0.5507763 0.0175343 0.0156704 0.0644693 -0.2339431 0.2473456 0.3447113 -0.3012399 -0.0239927 0.1063794 -0.0874568 0.1177964 0.0127345 0.1431174 -0.2381315 -0.1308263 0.0177643 -0.3311225 0.0053775 -0.1092063 -0.0802462 0.4997419 0.3234749 -0.2406898 0.1015689 -0.3144681 -0.2718807 -0.4098121 -0.2037215 -0.2216809 -0.1640843 -0.2812167 -0.0932997 0.3606918 -0.3754016 -0.3051782 -0.2470185 -0.4953274 -0.2426437 0.5484084 0.3302648 -0.2772278 -0.3591548 -0.3510815 0.0466803 -0.1287131 -0.1296531 -0.2514594 -0.2955527 -0.5052167 -0.0424437 -0.1126472 -0.3442532 -0.0982850 -0.2293271 -0.1026985 0.2052825 0.1374535 0.2577355 -0.0821371 -0.1405903 0.4522271 0.0910163 0.6765634 -0.3398998 -0.0146430 0.3586377 0.1319743 -0.1170504 -0.4751112 0.1847624 0.2496319 0.4178438 0.0770831 0.2330847 -0.3667187 0.0995257 -0.1242729 0.4043775 -0.0054759 0.4282169 -0.2547124 0.2317252 -0.1716896 0.0005943 0.0454460 0.6637823 -0.1508975 -0.2901110 -0.0759153
0.1797633 0.4070571 0.5192992 0.5114176 0.3985960 0.3025023 0.0683585 0.8925401 0.3184103 0.0711806 0.6822300 0.3097525 0.0000000 -0.1594981 0.0247700 0.7414580 -0.1249480 -0.3342292 0.7823557 0.4643984 0.2289044 0.6865978 0.4871369 -0.3922342 0.7419601 0.8518413 -0.0420817 -0.6541532 0.0105977 -0.5392319 0.7678388 0.8678510 -0.4320344 -0.0690142 0.7024022 0.0530585 0.8728224 0.7824341 -0.1664354 -0.3073712 0.8279095 0.2205575 0.4298672 -0.4401385 0.4115395 0.8320329 0.7725795 0.5582880 0.0851805 0.6596793 0.7965630 0.3617023 0.2283342 0.3712608 0.3398801 0.7020872 0.8182136 0.4945237 0.1222245 0.7683238 0.3410635 0.6854034 0.2740303 0.6573455 0.5491090 0.6269185 0.8117271 0.7016867 0.5323371 0.8459044 0.7479545 0.5570309 0.8048561 0.6385425 0.5722737 0.8449740 0.4171821 0.4833745 0.6289661 0.7573211 0.4109853 0.4549187 0.3460609 0.4138090 0.3045793 0.3386853 0.3808413 0.3865929 0.3003118 0.1862675 0.0997707 0.2735819 0.3673538 0.2024033 0.3253206 0.1485348 0.1391245 0.3810836 0.3449062 0.2273399 0.0380473 0.1641345 0.2027361 0.0595148 -0.0124298 0.2273820 -0.0782470 0.1199171 0.0857291 -0.2725160 0.1891726 0.0435647 0.0608412 -0.2216135 -0.2821539 -0.2068953 -0.3499834 -0.2448959 -0.2080040 -0.0058202 -0.1264521 -0.2154628 0.2657395 0.0138189 -0.0188055 0.4619415 -0.2617463 0.3756132 0.5107114 0.1485404 0.1869007 0.4424293 0.0835332 0.5160531 0.0923092 0.1518420 0.2721254 0.5557748 0.2370920 0.1833056 0.2882395 0.7068294 0.3431731 0.3128209 0.3290004 -0.0200087 0.2718410 0.1253107 0.5058801 0.3808002 0.0189319 0.2974658 0.3920996 0.1756480 0.1066214 0.1181326 0.1576500 0.2309787 0.2418877 0.0711889 0.0893101 0.3409014 0.0823348 0.1243830 0.1003541 0.1629346 0.2560809 0.3080918 0.2737599 0.1915536 0.2597003 0.3087750 0.0821523 0.3225547 0.2126072 0.2101107 0.1839770 0.1256896 0.1889248 0.0262565 0.0734994 0.0198037 -0.0465332 -0.0626160 0.0748300 0.2346761 0.1009791 0.1296351 0.1029953 0.1644403 0.0256152 0.4393320 -0.0259776 0.1611683 0.3190142 0.2810990 0.3473867 -0.1515770 0.3618346 0.4695704 0.5839452 -0.0860862 0.0707805 -0.0125077 0.1164258 0.2321919 0.3815267 -0.3367412 0.5762502 -0.2583157 0.1302069 0.0950355 0.2544074 0.1923543 -0.0681748 -0.1724105 0.0338580 -0.0055008
0.1852082 0.0311250 -0.1994525 0.0043138 0.0089113 0.3114083 0.2988710 -0.2664220 0.3987697 0.1191817 -0.1701537 0.5456770 -0.1594981 0.0000000 0.5878812 -0.1910547 0.5653820 0.7157234 -0.1499052 -0.2217728 0.3157642 0.0813288 -0.3468944 0.6602098 -0.0205468 -0.3715862 0.0843447 0.7778755 0.3569184 0.5296145 -0.0663254 -0.1090206 0.5678694 0.4630789 -0.3971484 -0.0796784 -0.2698075 0.1060112 0.4268795 0.2871836 -0.0109507 0.0132715 -0.0194959 0.2510887 0.4167879 0.1586242 0.2570850 0.1756056 0.4540594 0.3052446 0.2315692 -0.2621594 0.4251834 -0.3470796 0.3795287 0.3744112 0.0912323 0.0682111 -0.0860063 0.2155452 0.0567985 -0.3135944 0.3749409 0.2028698 0.1581017 0.1873200 -0.0661479 -0.5054046 0.3170644 -0.2395420 0.1716326 0.1292236 -0.2914972 0.1240571 -0.1943181 -0.1717991 0.2616827 0.0131303 0.0280567 -0.0655939 0.0558485 -0.3241502 0.0191467 0.1217960 -0.3526414 0.4277455 0.2412310 -0.1608193 0.1524924 0.1539167 -0.0765817 -0.0178657 -0.1596586 0.1407246 -0.2186597 0.0820562 -0.2098393 0.1307177 -0.1449394 -0.0857032 0.2681228 0.0828093 0.2161171 -0.3044627 -0.1885877 0.2094184 0.1228577 0.2840573 -0.2392672 0.1296838 -0.0320468 -0.1931952 0.1974126 0.2107744 0.2387644 0.1373225 0.2262821 0.3969904 0.3271577 0.3363648 0.3543495 0.2797057 -0.4575133 0.3693199 0.5338884 -0.0101263 0.2072510 -0.4220023 0.3610858 0.2806314 0.2505735 -0.2229428 0.1778771 0.1760568 -0.0001161 -0.1552578 0.1516590 0.1363185 -0.0361689 -0.0703503 -0.1800713 0.0522093 -0.1492804 -0.2121574 -0.0537473 -0.1740541 -0.0068889 0.0019706 -0.4346046 0.1334271 -0.0431590 -0.1230541 0.1256868 -0.3098437 0.0396283 -0.3126582 -0.2036406 -0.1161473 -0.1316327 -0.3193938 0.1454309 0.1487837 -0.1578198 -0.1464919 -0.0473903 -0.3244448 -0.0528222 -0.1070516 0.1632171 -0.2023526 -0.2546508 -0.4815110 0.1055774 -0.2140051 -0.0915559 -0.0847730 -0.1399291 -0.1937781 -0.0237484 -0.1629760 -0.3155621 -0.2677116 -0.1787767 -0.2006563 0.0025613 0.0352161 0.1110068 0.0921614 0.1648078 0.3725761 0.2138994 0.1337226 -0.0769127 0.0931516 0.0479622 -0.0236635 -0.2120564 -0.1408340 -0.0812969 -0.0395446 0.2427781 0.4221287 0.4812351 -0.0765034 -0.2925839 -0.0525770 0.2176314 -0.1726464 0.2087307 0.3957557 0.4618895 -0.0471473 -0.1732879 -0.1125822 0.3518909 -0.1805840 0.0568560 -0.1699969
-0.1414040 0.0324313 -0.1851025 0.5061141 -0.0113941 0.6655742 0.5298042 0.1334379 0.7398590 0.2088579 0.0803132 0.6067676 0.0247700 0.5878812 0.0000000 0.0561928 0.5161358 0.2800711 -0.1195983 -0.1557386 0.1755509 0.1619116 -0.0037937 0.7975294 -0.0166286 -0.0798037 0.4950378 0.5784555 0.6551634 0.3902100 -0.0483095 -0.0872474 0.7149230 0.6856495 0.0816136 -0.3779276 -0.0615329 -0.0963347 0.5340473 0.3719237 -0.0225043 -0.3172607 0.2959882 0.5866844 0.5754601 0.2417546 0.3700504 -0.0044249 0.8423935 0.1102686 0.3754155 0.0922224 0.6543535 0.1042132 0.0771559 0.2286141 0.1177477 0.4858060 -0.2821504 0.2720798 -0.3842407 -0.0016376 0.1222799 0.4086335 0.0191628 0.1979648 -0.0367573 -0.2241462 0.1793827 0.0575217 0.0715574 0.3650290 -0.2836287 0.0867628 -0.1428204 0.0634627 0.3798141 -0.3667873 -0.0619521 0.0246563 -0.1619387 -0.1634724 -0.2723282 -0.3518405 -0.4702429 0.1101870 0.1672772 -0.1786777 -0.2243915 -0.2928973 -0.1933948 -0.2029455 -0.2689485 -0.1213250 -0.1211880 -0.1833225 -0.2264628 -0.1166399 0.1198540 -0.3233134 -0.3032571 -0.1159109 -0.0776433 -0.6274629 -0.2363359 -0.0517343 -0.1663783 -0.0505710 -0.2798555 -0.1848774 -0.4190472 -0.2375156 0.0388831 -0.2257986 -0.0321721 -0.0798096 -0.0732092 0.2105266 0.1189962 -0.0352770 -0.0560865 -0.1252630 -0.3829745 0.2939819 0.1200585 0.0856725 -0.1792741 -0.4257735 0.1531131 -0.2003842 -0.1816817 -0.1582759 -0.2638282 0.1144544 0.1579470 -0.2851818 -0.0679548 -0.0871728 -0.1750967 0.0931738 0.0986827 0.0139164 -0.1443986 -0.2688219 -0.0771267 -0.1994649 -0.1220181 0.0748388 -0.1272803 0.3599981 0.1855233 -0.2305727 -0.0118929 -0.0979617 -0.0679784 -0.4595762 -0.3637309 -0.2520883 -0.5921409 -0.4119609 0.1777935 0.3106747 -0.3324066 -0.3088603 -0.0435115 -0.5418444 -0.1698898 0.0947572 0.0405961 -0.0909489 -0.1123133 -0.3373183 -0.3684296 -0.5634657 -0.5274247 -0.3770879 -0.6721438 -0.4855084 -0.6128149 -0.6055905 -0.5369568 -0.4124931 -0.4873268 -0.2940545 -0.0517026 -0.3267690 -0.0649378 -0.0937014 -0.1923750 0.2884263 -0.0961731 0.1295558 -0.2986698 -0.2722480 -0.0214163 -0.1557932 -0.3011328 -0.4419982 -0.0109498 0.0856694 -0.0704700 -0.0363458 0.0161692 -0.4199486 0.1468855 -0.1821418 0.3983828 -0.0357245 -0.0937738 0.0861280 0.1389518 -0.1808423 -0.0904592 -0.1555036 0.5393847 -0.5789745 0.0683575 0.0517325
0.1897431 0.3944169 0.3351876 0.2855079 0.1810492 0.2765220 0.0145529 0.6519970 0.3066143 0.4129632 0.8298606 -0.1182236 0.7414580 -0.1910547 0.0561928 0.0000000 0.2114533 -0.3327824 0.8193338 0.2942979 -0.2211721 0.6208021 0.8402880 -0.2867769 0.7322276 0.8857693 -0.1294058 -0.5665252 -0.1897907 -0.4415789 0.5693921 0.6188937 -0.3460311 -0.1924715 0.8641773 -0.1818033 0.7390450 0.4268302 -0.0486620 -0.2156878 0.4508267 -0.0879026 0.6946697 -0.1542344 0.2676530 0.5604399 0.5773569 0.1499822 0.1144257 0.2694296 0.7523769 0.6103335 -0.0627940 0.6751933 -0.0011708 0.3838434 0.5585018 0.6908204 -0.2259972 0.8145518 0.0102143 0.8955133 -0.0313655 0.4675519 0.0893939 0.1986967 0.8883618 0.8246573 0.2949652 0.8184473 0.3840767 0.1826359 0.8247491 0.2804412 0.2894630 0.7514527 0.1306036 0.1781577 0.5017792 0.3569343 0.1649649 0.1831356 0.1906565 0.0493758 0.0905877 0.0894362 0.1736277 0.1167039 0.1615593 -0.0612538 0.1300233 0.2928700 0.1144368 -0.0078203 0.0786618 0.1588122 0.0533618 0.0927993 0.1565782 0.0223762 -0.2065851 0.0966316 0.1020207 0.1261560 -0.0018351 0.0432721 -0.0272631 0.0804544 0.0499550 -0.1236289 -0.0245348 0.0124058 0.0469306 0.0017859 -0.0868091 0.1088544 -0.0220103 -0.1677445 -0.0117157 -0.1343351 -0.1125749 -0.0616134 0.2561229 -0.0151711 0.0588087 0.0602384 -0.0639748 0.4888248 0.1468672 0.1800807 0.1938185 0.4056255 0.2528088 0.4263090 -0.1132527 0.3299879 0.3676242 0.4395108 0.2706862 -0.1291578 0.3579121 0.4331993 0.4815347 0.0534368 0.3691483 0.2424873 0.3160536 0.3693732 0.4640527 0.0412274 -0.3759587 0.2299353 0.4592979 0.3969218 0.3231443 0.0372900 -0.0204553 0.2762430 0.1212037 -0.1258351 0.4070441 0.3183809 0.2622451 0.1204224 0.4224879 0.1908832 0.5288445 -0.1010571 0.1462273 0.4455721 0.6272655 0.4846003 -0.1046376 0.0717661 0.2169330 0.3364475 0.1972783 0.2888509 0.0451318 0.0023321 0.2052282 0.0022911 -0.1110512 -0.0560326 -0.2572719 -0.0418152 -0.2458025 0.0607203 0.0827387 -0.1401802 -0.1023611 -0.1297194 0.1022666 0.0913987 -0.0751149 0.0437313 0.2628864 0.0285570 0.2025232 0.2025168 0.3224868 -0.0140514 -0.0198099 0.1659421 0.0428636 0.2129176 0.1852950 -0.5105591 0.1878077 -0.0463381 0.0570671 -0.0071413 0.1287565 -0.1003088 -0.4910306 -0.3168246 0.4421394 0.2439570
0.2154016 0.2600257 -0.1459340 0.0625928 -0.0016999 0.4814165 0.2794036 -0.2968575 0.5347367 0.6630226 0.2467333 0.1868884 -0.1249480 0.5653820 0.5161358 0.2114533 0.0000000 0.4869966 -0.0620234 -0.0297907 -0.1810095 0.2061575 0.2628883 0.5024443 0.0671110 -0.0199126 0.1283051 0.4322208 0.1298846 0.4998957 0.0557740 -0.0588447 0.4394897 0.3181066 0.0861186 -0.1343543 -0.0387339 -0.0234419 0.6933745 0.4718893 -0.0824498 -0.2230084 0.5027811 0.5495875 0.2400218 0.1613069 0.1692726 -0.1117645 0.4572500 0.0955109 0.2692019 0.2753590 0.1671273 0.2820127 -0.0200127 0.0911995 -0.0228876 0.3753529 -0.1164483 0.3927130 -0.0156625 0.2088237 -0.0491341 0.1186437 -0.1083665 -0.1516013 0.1461472 -0.0254551 -0.0083360 0.0194647 -0.0428287 -0.1358227 -0.0185088 0.0775754 -0.2188918 0.0441392 0.2303611 -0.1450994 0.0739105 -0.1142022 -0.0032465 -0.4611266 -0.1530625 -0.2575312 -0.4431899 0.1349018 0.1799385 -0.3130160 -0.1735597 -0.2397291 -0.1955668 -0.0236865 -0.4968120 -0.0163961 -0.0350712 -0.0473289 -0.3527387 -0.3404513 0.0505821 -0.0675600 -0.1818531 -0.1457525 0.0582399 -0.2921899 -0.3061512 0.0087620 -0.0809080 0.1344558 -0.3459864 -0.0190776 -0.3261009 -0.2930296 0.1540738 0.1113229 0.1017855 0.2692276 0.2870931 0.3723757 0.2687477 0.1009989 0.2609164 0.2645364 -0.3115297 0.1603882 0.3766802 -0.3077173 0.2767723 -0.2846010 -0.0376377 0.2360850 0.1448311 -0.0151314 0.1906020 0.2786734 0.0609080 -0.0585144 0.1629215 -0.0376769 -0.0268978 -0.4362718 0.0371484 -0.2302919 0.2380954 -0.4320370 0.0143547 0.0063141 0.0174499 0.1456238 -0.0204429 -0.0956914 -0.3651863 -0.1548385 0.3219440 -0.0357329 0.1235909 -0.4026316 -0.3699603 -0.0689925 -0.2600936 -0.5227600 0.3004570 0.2353628 0.0160642 -0.1793784 0.1426698 -0.2232373 0.3913060 -0.3819407 -0.1547369 0.0260727 0.2781363 -0.2300607 0.1999172 -0.1716790 0.1712039 0.2022964 0.0010754 0.0952671 -0.1311958 -0.0903169 0.0743917 -0.0312038 -0.0316815 0.0626719 -0.0102677 -0.0345126 -0.0258801 0.0892896 0.2955425 0.1000421 -0.0552084 -0.0966536 0.1921379 -0.1337965 -0.3053517 -0.3396545 -0.3356269 0.0656264 -0.0411727 -0.3756542 -0.0834085 0.4214685 0.4066552 0.1224511 -0.0849658 0.1551523 -0.2062919 -0.2098347 -0.2302334 0.1391289 0.4301711 -0.2378662 -0.2524810 -0.3253358 -0.1402568 -0.3819304 0.1027489 0.0093580
