0.0000000 0.4673975 0.4880274 0.5329966 0.2452003 0.4010087 -0.1291128 0.1924795 -0.1665776 0.1348221 -0.0071468 -0.0262472 0.0587311 0.3571330 -0.0737535 0.1117438 0.1258023 0.3204516 0.1937372 0.1682171 -0.0383303 0.0861333 0.0073987 0.2723888 0.2387702 0.3010346 -0.0562799 0.5186862 -0.0694303 0.5508557 0.1935526 0.2565108 0.3818175 0.2533248 0.3061296 -0.1695927 0.2751258 0.2554195 -0.0023431 0.4020027 0.2740749 -0.2829386 0.1770606 0.3260700 0.1715946 0.2272543 0.1784364 0.2177370 0.1155260 0.1320701 0.3254617 0.0906427 0.1099902 0.1251502 0.2018059 0.0794811 0.0706119 0.1058537 -0.1887406 0.2611533 -0.0304999 0.1336367 -0.1059003 0.2859913 0.1394447 -0.0184235 0.1799023 -0.0014672 -0.1746806 0.1236304 0.1971332 0.2041813 0.0951242 -0.0245093 0.0020994 0.3134350 0.1890948 0.0075269 0.1315881 -0.2350964 -0.0911307 0.2584594 0.0641101 -0.0693208 -0.4547733 -0.0169134 0.2660234 -0.0783533 -0.1644809 -0.2365986 0.1701556 0.0847267 -0.1062395 0.4707086 0.0366798 0.0974322 -0.0555252 0.1295354 0.1064019 0.4044573 0.4244237 -0.0216707 -0.2440564 0.3453046 0.0004689 0.1338205 -0.2439564 -0.2934433 0.0271940 -0.5381090 -0.0136372 -0.2793570 0.0128414 -0.2115328 -0.2880136 -0.0679691 -0.1964303 -0.1872988 0.0978675 -0.0235947 0.0816878 -0.0695585 0.0184196 0.5667852 0.1285956 -0.0888993 0.1004429 0.0422649 -0.0706786 0.0958724 0.0519627 0.0195047 0.0525271 -0.0219092 -0.2193283 0.1125438 0.0841707 -0.0825017 -0.0672808 -0.2436553 0.1806301 -0.3019813 -0.1657256 -0.2638510 0.0109854 0.4346335 -0.0961433 -0.0975548 -0.0751030 -0.4042277 -0.2601708 0.0175776 -0.2370087 0.1554948 -0.3116864 -0.2090974 -0.0452976 -0.0000687 -0.1855305 -0.2087780 -0.0843766 -0.2974791 -0.0962515 -0.1161703 -0.0027126 0.0653145 0.0545730 -0.0769444 -0.0622500 0.0231647 0.0865686 0.0402410 0.2597501 0.1451154 -0.1946079 -0.0808168 0.2858611 0.2222731 0.0212347 -0.2021789 -0.4052211 -0.2680270 -0.2978615 -0.3662746 -0.2089412 0.0925083 0.1364177 -0.2461238 0.1535424 0.3060081 0.1051405 -0.0397302 0.1108248 0.0854643 -0.0017144 0.0321616 -0.1253278 -0.2491342 -0.6665383 -0.0680134 0.2503949 0.3146108 0.4520140 0.0727386 0.2996892 -0.0600994 -0.0263538 0.0071550 0.3495633 0.1980302 0.2019251 -0.1388713 0.0764384 -0.3327099 0.0311336 -0.2370775 0.2238485 0.1906860
0.4673975 0.0000000 0.7275905 0.2701231 0.3325020 0.3125272 0.2780816 0.3679729 -0.3557494 0.6299808 0.4907793 0.1183422 0.3764878 0.1418684 -0.0371021 0.5681083 0.5888744 0.0479522 0.4107387 0.2467436 0.2462435 0.2446136 0.3474048 0.3359072 0.3046777 0.3288684 -0.0633288 -0.0437570 0.4029277 0.1194419 0.1787082 0.1541058 0.3400275 0.5857258 0.3392203 0.0868316 0.2552354 0.2143948 0.2790332 0.4496491 0.3296699 0.1997305 0.2113244 0.3745019 0.4687225 0.1256296 0.1967794 0.2336216 0.3260445 0.0828528 0.1682249 0.3923494 0.3770065 0.5284781 0.0711447 0.0687536 0.1547263 0.1315259 -0.1883998 0.2028710 -0.0372723 0.3154156 0.0421029 0.2609591 -0.0343323 0.0965317 0.3151383 0.1282983 -0.0813993 0.1809208 0.2600311 0.3250642 0.0753588 -0.0178650 0.0058587 0.2450040 0.1471931 -0.0121160 0.1026929 -0.2265294 0.0394413 0.2600701 -0.0580440 -0.2236385 -0.2294467 -0.0276625 -0.0740029 0.0338407 -0.0808135 -0.0609451 -0.0165681 -0.2177164 -0.2587224 0.0593581 -0.0706251 -0.2229206 -0.2621652 -0.1433333 0.0667892 0.0657967 0.0017887 -0.0483241 -0.2014439 -0.2611934 -0.2533376 -0.0451299 -0.1357020 -0.2442635 -0.1011497 -0.1980153 -0.0612770 -0.1673271 -0.1070321 -0.1482708 -0.0961100 -0.0777883 -0.0881631 -0.0889348 -0.0005655 -0.2625073 -0.1868459 -0.1990768 -0.2412901 0.1267226 -0.1144194 -0.1225092 -0.1922611 -0.2471318 -0.1086115 -0.2330659 -0.0868507 -0.3718227 -0.3411268 -0.2312216 -0.5577015 -0.4441114 -0.1979243 -0.0667763 -0.2163268 -0.0265326 -0.3349402 -0.3534442 -0.2182862 -0.1846792 -0.1537316 -0.0935654 -0.3399363 -0.4411370 -0.2347724 -0.1103364 0.1315733 -0.1577194 -0.2156423 -0.1905989 -0.4392690 -0.0234129 -0.1466767 -0.2368354 -0.1778518 0.0721629 -0.3519197 -0.0676141 0.1633435 -0.0371815 -0.1994155 -0.1639378 -0.1655873 -0.2466639 -0.1084886 0.0257509 -0.1259692 -0.1061221 0.1411823 0.2925802 0.6322302 0.5129561 0.4557496 0.0309636 0.3727659 0.2686363 0.0156271 0.3295997 0.0845030 -0.0006247 -0.1895222 -0.5253752 -0.2914710 -0.4653483 -0.0044623 0.1680936 -0.1488013 -0.1701321 -0.0967046 -0.0767590 -0.0765667 -0.1302226 -0.1320477 -0.2205249 -0.0840743 -0.1247965 -0.0857963 -0.0813557 -0.0126119 -0.1931465 0.1327126 0.3791297 -0.2580263 -0.3035760 0.2522898 0.0553380 -0.0188712 -0.1208517 0.1732821 -0.0711403 0.1097410 -0.3638582 0.4752935 0.4077028
0.4880274 0.7275905 0.0000000 0.3357027 0.6409486 0.0502904 -0.0695087 0.5482494 -0.4842128 0.4981247 0.5420692 -0.2996929 0.6077954 0.2650141 -0.1395972 0.7154359 0.4890141 0.3022543 0.6168243 0.5168769 -0.1866742 0.2310903 0.4932106 0.1870581 0.5802862 0.6384286 -0.1440208 0.1199520 0.2104940 0.0842330 0.2033207 0.6008705 0.3560229 0.4420633 0.6070453 -0.1795194 0.4909123 0.4454510 0.4324864 0.6682182 0.5319459 0.1898714 0.4516215 0.4710421 0.5006453 0.5770655 0.5351499 0.5120079 0.3711612 0.2919290 0.4273900 0.5718268 0.3957191 0.6403727 0.4456345 0.4955617 0.5245192 0.1849794 0.0478601 0.4678343 0.0322680 0.4650054 0.4898502 0.2213043 -0.1511381 0.4648414 0.3727747 0.2029248 0.3700373 0.1350113 0.3638228 0.3758667 0.2030810 -0.0795415 0.3942110 0.0770901 -0.0151179 0.1451527 -0.0901172 -0.4524084 0.0270568 0.6515875 0.3087329 0.1599200 0.0047141 0.2883159 0.2327426 0.3333835 0.2486446 0.3057196 0.2361150 -0.0021912 -0.1032369 0.4679748 0.2523116 0.0864238 -0.0488924 0.0884238 0.3953470 0.5495910 0.4079754 0.2961907 0.1351811 0.2514869 0.0492119 0.2865138 0.1681706 0.1192832 0.1097745 -0.0081804 0.3160290 -0.0223736 0.2784914 0.2203377 0.1062023 0.3027811 0.2599649 0.2804768 0.4376765 0.1012287 0.2789636 0.2435906 -0.0516203 0.2165259 0.0941951 0.0619119 0.2329420 -0.0556362 0.0826023 0.0777361 0.0985183 -0.2176070 0.0705908 -0.4480774 -0.3806040 -0.2416661 -0.1455361 -0.0965090 -0.1375815 -0.1856673 -0.0982120 -0.3637731 -0.0313044 -0.3732331 -0.1729896 0.0157469 -0.2912645 -0.3023306 0.0081202 -0.1765579 -0.0046844 -0.3080950 -0.1164358 0.0043134 -0.2045799 -0.0777287 -0.0435727 -0.1821561 -0.0496757 0.0258475 -0.0644328 -0.1161855 0.1395777 -0.0017655 -0.0232645 -0.1986824 -0.1163671 -0.1501276 -0.0482495 0.0476543 0.0174528 0.0591764 -0.1459547 0.0920588 0.2288845 0.1615829 0.1201559 0.0595114 -0.0030728 -0.0144687 0.0197467 0.2341865 0.1420359 0.0150890 0.0055569 -0.4698185 -0.0122128 -0.4692981 0.0311584 0.2837963 0.0177848 -0.0102706 0.0789619 -0.0037441 0.0969935 -0.1087535 -0.1485424 -0.4901850 -0.4883825 -0.0457419 0.0423570 0.0069080 0.1781725 -0.1868614 0.3594788 0.1525900 -0.3495706 -0.4655913 0.3038293 -0.2023970 0.1277242 -0.1436653 0.1381977 -0.4055614 -0.3157723 -0.1943116 0.0218098 -0.0456085
0.5329966 0.2701231 0.3357027 0.0000000 0.5381390 0.7315398 -0.4950297 0.6370609 0.2300020 0.2546585 0.4801006 -0.2867343 0.4009701 0.0079412 0.3900328 0.4278446 0.1287508 -0.0790542 0.4476454 0.4895577 0.1256235 0.4168418 0.5054941 -0.0666776 0.5570198 0.3936709 0.4614888 0.2080881 0.2875172 0.2797738 0.5401864 0.5349677 0.2567615 0.3416132 0.4181120 0.0723597 0.3910410 0.6273206 0.2518955 0.4728590 0.6179799 0.2900429 0.5390176 0.3246861 0.6391970 0.4679614 0.3927911 0.6332238 0.4098806 0.6487411 0.4680072 0.5522926 0.5443579 0.5366068 0.6490801 0.5139408 0.4055479 0.6917182 0.5743918 0.5329951 0.6946746 0.7100984 0.4368621 0.8031544 0.6380677 0.4432550 0.6074225 0.7318407 0.3769717 0.7204616 0.5965419 0.3783488 0.7221151 0.3816051 0.4609108 0.5880829 0.1254011 0.4870588 0.5988793 0.2103519 0.4026935 -0.0580947 0.0210801 0.0082587 0.0160104 0.0144103 0.3459769 0.0735183 0.0528812 0.0251480 0.2908793 0.2440903 -0.2765696 0.0288333 0.3197060 0.3077462 0.1139939 -0.1316626 0.2905453 0.3940819 0.3043229 0.0089781 -0.1572432 0.2023908 -0.0582191 0.4394695 -0.0024987 -0.1399611 0.1113640 -0.2675017 -0.0298511 -0.2763964 0.1773864 -0.0425286 -0.1878416 0.0869420 0.0032953 -0.3107015 0.1090067 -0.3396239 0.1913696 0.1999574 0.2345115 0.2803637 -0.3919263 -0.4414223 0.3102062 0.3332388 -0.4769813 -0.0872792 -0.3422176 0.3838225 -0.2080141 -0.4271337 0.0053216 -0.0861508 -0.5602464 -0.4714459 -0.4597690 -0.3991984 0.0571376 -0.2975962 0.2729815 -0.4051950 -0.5478141 0.3536551 -0.3235842 -0.4260198 0.2020787 -0.3129582 -0.2996879 -0.2580270 -0.3834651 0.2596736 -0.1241736 0.0168131 0.1676416 -0.3860916 0.1346536 -0.1799845 0.1043979 -0.1498592 0.0138087 -0.0071933 0.1403594 0.3062227 0.1966126 0.2488589 0.0266801 0.0133711 0.2456737 0.2039049 0.4326919 0.0329992 -0.2720682 -0.2870983 -0.0857240 -0.2298989 -0.0834857 -0.0385884 -0.0365011 0.1173696 0.3045891 0.2123831 0.5456864 0.2895584 0.4716982 0.2031317 -0.1156382 -0.1346619 -0.3769802 -0.3619295 -0.2690092 -0.3493729 -0.4211080 -0.3370392 -0.3272886 -0.2679192 -0.5682271 -0.4091912 0.0948175 0.2767486 0.5414893 -0.2054210 0.1281594 0.2492604 -0.3339059 0.2754172 0.0203149 -0.0000945 0.2493635 -0.6120796 -0.1867143 -0.5040966 0.0324781 0.2631802 -0.1200477 -0.1268214
0.2452003 0.3325020 0.6409486 0.5381390 0.0000000 0.1094066 -0.2609777 0.6973473 -0.0002413 0.0226255 0.3728262 -0.2478957 0.6733890 -0.1599503 0.4472116 0.4797415 0.0351868 -0.1106765 0.5549586 0.7168999 0.0800104 0.3219815 0.4659915 -0.1663956 0.5654540 0.4582692 0.0938799 0.0123830 0.4213509 -0.0591064 0.4435999 0.5816017 0.1714634 0.2569087 0.4592591 0.1512643 0.3439383 0.5980826 0.1854536 0.3926578 0.6189163 0.5093911 0.3465887 0.2830664 0.6379690 0.5543310 0.4453123 0.6350622 0.4806937 0.5423078 0.3582061 0.4832564 0.4700157 0.5398190 0.7551918 0.6090943 0.5058368 0.6152749 0.4937487 0.4718168 0.5976301 0.5794492 0.7005888 0.4600169 0.1751323 0.5384993 0.4601761 0.5349650 0.5293232 0.5053703 0.5064150 0.2705389 0.5737976 0.2854400 0.6302523 0.3267968 0.0626279 0.5567366 0.3035737 0.0901597 0.3825318 0.1124619 0.0469517 -0.0026258 -0.0177824 0.0810910 0.2841660 0.0496841 0.1167384 0.2138715 0.2044476 0.2231239 -0.1209860 0.3393581 0.1856655 0.2821931 0.2366600 0.0747882 0.2601280 0.5646539 0.4330473 0.2066452 0.0294075 0.5191970 0.1405697 0.3732194 0.1800832 0.1588665 0.1321781 0.1566571 0.2649029 -0.0097283 0.3675540 0.3244107 0.2085359 0.3470866 0.3052279 0.1844584 0.3288980 -0.0029344 0.3287994 0.3122996 0.2338144 0.3172546 0.0352297 -0.1184396 0.3704900 0.2115418 -0.0704339 0.2330343 0.0026305 0.1947995 0.1005918 -0.6011318 0.0674045 -0.2289468 -0.2776706 -0.1305247 -0.1870782 -0.2114538 -0.0975959 -0.0833067 0.3074343 -0.5134048 -0.2961209 -0.0169195 -0.1696246 -0.2657348 0.1925616 -0.0288965 -0.0866435 -0.3401625 -0.0739995 0.1028822 -0.1827884 -0.1535526 0.1217679 -0.2162003 0.2342304 0.0051936 0.0806096 0.0216240 -0.1003936 0.0449226 0.0499634 0.0834971 0.0129458 0.0558939 0.0628738 0.0724430 0.1432732 0.1337661 0.0228922 0.1671853 0.0552011 0.0167170 -0.0134101 0.0930124 -0.0373114 0.1917922 0.4323454 0.2276495 0.3536345 0.3108972 0.5804629 0.0310770 0.6263919 0.1667360 0.1411433 0.1417239 -0.2283813 0.0835262 0.1504078 -0.2143239 -0.1615844 -0.2292808 -0.2445543 -0.2262469 -0.4921685 -0.1802498 0.3410041 0.2735659 0.5701391 -0.0063202 0.5604065 0.3397040 -0.1430842 0.1474501 0.2464217 -0.1125005 0.5728664 -0.2660030 0.2548075 -0.4565078 0.1130887 0.4495986 -0.1044146 -0.1650182
0.4010087 0.3125272 0.0502904 0.7315398 0.1094066 0.0000000 -0.0548161 0.1063125 0.5385176 0.4357863 0.2586546 0.1472078 -0.1264512 0.2857458 0.3235868 0.1144460 0.3146934 -0.0045788 -0.0311363 -0.0284095 0.1247633 0.1290876 0.4411979 0.2946965 0.1023840 0.1757193 0.2747175 0.3704047 0.0386495 0.4517700 0.2115510 0.1254861 0.3399009 0.3341792 0.2531483 -0.0797749 0.1775706 0.1352617 0.2597099 0.3734047 0.2182231 0.0171954 0.4772989 0.3832397 0.2940415 -0.0469009 0.0015061 0.1386867 0.3182136 0.1728808 0.3130202 0.3442541 0.3345891 0.3193999 0.1234378 -0.0393504 -0.0330291 0.5378212 0.2042213 0.3515412 0.2923686 0.3913758 -0.1274756 0.6451747 0.7281123 -0.0011599 0.2738394 0.3589111 -0.1643968 0.3992725 0.2226733 0.3844148 0.2819022 0.4236782 -0.1002855 0.3284813 0.3051080 0.0330276 0.3196989 0.1353616 0.2921761 -0.2996991 -0.1994972 -0.2233127 -0.1077258 -0.1807862 0.1496551 -0.0798174 -0.1599561 -0.3285738 0.0035527 0.0309699 -0.2812809 -0.1388839 0.1613220 -0.0260782 -0.2230970 -0.3172608 0.0470448 0.0115676 -0.1416206 -0.3263695 -0.4368504 -0.0616700 -0.3577012 0.0661170 -0.3693555 -0.5094080 -0.1918216 -0.5731740 -0.3277105 -0.5153906 -0.2749365 -0.5016368 -0.5513486 -0.3860289 -0.4211434 -0.6706840 -0.3042780 -0.5429504 -0.3044844 -0.2751243 -0.0889329 0.0031308 -0.5049117 -0.4377142 -0.1247949 -0.0611595 -0.5575953 -0.4616012 -0.4911855 -0.0012532 -0.4168619 0.0817265 -0.3447983 -0.1555830 -0.4256456 -0.4651480 -0.3773947 -0.4896512 -0.2341889 -0.5247793 -0.2300043 -0.2433891 -0.4386246 0.1956535 -0.4401885 -0.4452016 -0.2930556 -0.5954638 -0.5237179 -0.3084211 -0.6459137 -0.0946358 -0.3805243 -0.1668583 -0.2408824 -0.5767708 -0.3371639 -0.5136786 -0.3490408 -0.5193530 -0.1077127 -0.3585459 -0.2611678 -0.0531442 -0.0300616 -0.0999337 -0.3234813 -0.3801508 -0.1823974 -0.2304787 0.3057230 -0.2141733 -0.0993535 -0.0687367 0.1228061 0.0177298 -0.0306948 -0.2090609 -0.0832659 -0.1331269 0.0089663 -0.0796933 0.1799218 0.3754369 0.1940505 0.1954139 0.0879062 -0.0252493 -0.2713976 -0.1611517 -0.1039718 -0.2420072 -0.3719880 -0.1904267 -0.1910330 0.0369286 -0.2541442 -0.3354335 0.1528207 0.4541071 0.4851346 0.0675673 -0.0522591 0.3304868 -0.2181097 0.4632226 0.1022056 0.3129876 0.2586165 -0.4167778 -0.0733379 -0.1778527 0.0846009 0.1503424 0.3088821 0.2239219
-0.1291128 0.2780816 -0.0695087 -0.4950297 -0.2609777 -0.0548161 0.0000000 -0.4744070 0.1156025 0.1379869 -0.2534905 0.8682578 -0.3303964 0.1850445 0.1420535 -0.1516081 0.3053499 0.3207539 -0.2327674 -0.3794976 0.3722261 -0.3085733 -0.1082288 0.6618229 -0.3434127 -0.1656463 -0.1834517 -0.0414530 0.1285387 0.0224798 -0.4313653 -0.5056752 0.3195733 0.3522491 -0.1398558 0.1813918 -0.2773771 -0.4980592 0.0824181 -0.0209601 -0.5384715 -0.0998336 -0.2010859 0.2233123 -0.1602583 -0.5281986 -0.4569544 -0.5752633 0.2428201 -0.6071629 -0.2253852 -0.0884258 0.0501343 -0.0312202 -0.5828876 -0.6204748 -0.4858052 -0.0538214 -0.7087781 -0.2295788 -0.5197566 -0.3068866 -0.6060813 -0.1323316 -0.0026540 -0.5283055 -0.2651764 -0.4914655 -0.6393965 -0.1912618 -0.3491466 0.2171343 -0.5638078 0.1955429 -0.6289806 -0.0814698 0.5558248 -0.4606048 -0.2889470 -0.0615313 -0.1526644 -0.2299798 -0.4267951 -0.5312084 -0.5197783 -0.4314250 -0.4713360 -0.4694855 -0.4647401 -0.4901150 -0.5068321 -0.4871556 -0.2145414 -0.0906692 -0.4935899 -0.5983407 -0.5049584 -0.3078684 -0.5226658 -0.3879188 -0.6127411 -0.5205624 -0.5280269 -0.3162000 -0.2639747 -0.6271786 -0.6029353 -0.5389142 -0.4031700 -0.3547911 -0.2404209 -0.2482695 -0.7289330 -0.6085717 -0.4096585 -0.6616973 -0.5806955 -0.3898351 -0.6106611 -0.1021582 -0.6585120 -0.7717321 -0.6505563 -0.3691409 0.2909512 0.3113655 -0.7156795 -0.6537951 0.3168568 -0.2527560 0.1584233 -0.6214113 -0.2453745 0.4163702 -0.4261743 -0.2556312 0.3739428 0.4063253 0.2967822 0.2392485 -0.5396412 0.0084567 -0.5699080 0.1559965 0.4248266 -0.4898193 0.1018181 0.1587935 -0.6498592 0.0543361 0.1288652 0.1445360 0.0434207 -0.6412198 -0.5390085 -0.3621541 -0.4731011 0.1295566 -0.3652358 -0.0028386 -0.7089944 -0.0815534 -0.2571440 -0.2804240 -0.5937319 -0.4809779 -0.5547489 -0.6003157 -0.2909260 -0.2127128 -0.6009528 -0.5341730 -0.5401161 -0.2965148 0.6371728 0.8480613 0.6350200 0.4922732 0.4228557 0.1642271 0.0381246 -0.1479572 -0.3718849 -0.3016417 -0.5893549 -0.0336491 -0.2543071 0.0034358 0.5654182 0.5410748 0.1662437 0.4982314 0.4477367 0.3054131 0.3092959 0.2576128 0.2323862 0.5312849 0.6086854 0.3541261 0.1001280 -0.0266888 -0.2386959 0.2418864 0.2190524 0.2315941 0.4337587 -0.0401564 0.2081213 0.4231671 0.0997309 0.4496879 0.6190411 0.5645410 0.2950921 -0.2226796 0.6722540 0.6569279
0.1924795 0.3679729 0.5482494 0.6370609 0.6973473 0.1063125 -0.4744070 0.0000000 -0.2285007 0.2206541 0.7374845 -0.4679814 0.9471185 -0.3457928 0.2806715 0.7756694 0.1538818 -0.1321110 0.8716640 0.9169819 0.2044370 0.7728282 0.4405608 -0.3943512 0.8588908 0.5067363 0.4844008 -0.2345197 0.6620028 -0.0707986 0.8180066 0.6985176 0.0382395 0.3127139 0.4250610 0.4019536 0.5442965 0.9353913 0.1452184 0.3391274 0.8982865 0.7534412 0.3099990 0.1275802 0.8051454 0.7910606 0.6901555 0.9297033 0.3328749 0.8875374 0.3854243 0.5295724 0.5251307 0.5865367 0.8790281 0.8714254 0.7603442 0.4443472 0.6708383 0.4780129 0.7083762 0.7145043 0.8397710 0.5548740 0.1110974 0.7513547 0.8005486 0.7270031 0.7689905 0.6845093 0.8534956 0.1747589 0.8820152 0.0763229 0.8870991 0.5755548 -0.2437004 0.8361870 0.6629449 0.2613847 0.4874687 0.2585014 0.1856209 0.1668377 0.2639329 0.1852913 0.2415953 0.3377249 0.2646162 0.4601098 0.4079107 0.2954357 -0.0364497 0.0075241 0.2840441 0.3745092 0.3827717 0.1237012 0.3632125 0.3867937 0.4526284 0.4089218 0.2742759 0.0502608 0.1963456 0.5049952 0.4595090 0.3752509 0.3915819 0.4276587 0.2514407 0.2775294 0.5388367 0.5325666 0.4966601 0.5955275 0.6042976 0.3109616 0.5400237 -0.0162221 0.5314028 0.5850355 0.3091511 0.3040516 -0.2064224 -0.3083848 0.4690127 0.4019312 -0.2271301 0.2361600 -0.0687972 0.3370363 -0.0469798 -0.6477285 0.0957192 -0.1965050 -0.4793163 -0.2321872 -0.3915433 0.0075613 0.0999331 0.0867724 0.5656107 -0.2653415 -0.4388011 0.1473492 -0.1001383 -0.3492511 0.5193543 0.2562109 0.2646699 -0.0735440 0.1869941 0.3483259 0.1721269 0.3384665 0.3885666 -0.0560450 0.4613858 0.3219008 0.4119916 0.4200334 0.3171544 0.3020599 0.4884476 0.4442415 0.3215239 0.4088255 0.3294424 0.4380345 0.4807270 0.4898136 0.3739858 0.4389329 0.1128910 -0.1373057 -0.2550101 -0.5351475 0.0145317 0.3963494 0.2672783 0.7105408 0.7668374 0.7187036 0.6586112 -0.2874289 0.1646659 -0.1445320 -0.4450008 -0.3227045 -0.3856699 -0.4870978 -0.4476186 -0.4214783 -0.3580580 -0.4298806 -0.3750808 -0.5199123 -0.3395572 -0.3559975 0.0360884 -0.0833796 0.1900735 -0.4902109 0.2306219 0.3147333 -0.3870903 -0.1588929 0.1227649 -0.2199014 0.0606504 -0.4741909 -0.1335138 -0.3973980 -0.0350477 0.0902264 -0.2341647 -0.1902445
-0.1665776 -0.3557494 -0.4842128 0.2300020 -0.0002413 0.5385176 0.1156025 -0.2285007 0.0000000 -0.2283302 -0.2520264 0.3710341 -0.3860050 0.0588142 0.6671398 -0.3779842 -0.1597125 0.0063791 -0.3441539 -0.2732571 0.0700380 -0.2176044 0.2006476 0.0957603 -0.1028696 0.0032446 0.1764396 0.3388913 -0.0950159 0.2414406 0.0026245 0.0157276 0.1465407 -0.1162808 0.0341497 0.0151533 -0.0303816 -0.1540283 -0.0429434 -0.0749377 -0.1043768 0.0654835 0.2117882 0.1163279 -0.0628014 -0.2604435 -0.1944965 -0.2175385 0.1969512 -0.1489942 0.1699331 0.0061654 0.0170160 -0.0874017 -0.0703020 -0.2665025 -0.1640292 0.4245680 0.1881808 0.2590692 0.2229348 0.1346333 -0.1902455 0.2932277 0.5512068 -0.0681319 0.0146492 0.1545733 -0.2275673 0.2505099 -0.0036749 -0.0506108 0.1395437 0.3828029 -0.1875852 -0.0111982 0.2452631 0.0506728 0.1175501 0.3475151 0.5166041 -0.6985775 -0.5873437 -0.5034065 -0.2387585 -0.5580994 -0.1989848 -0.3824119 -0.4566540 -0.5342377 -0.4178782 -0.1029187 -0.2516070 -0.3071297 -0.2363518 -0.2346787 -0.2159035 -0.4144540 -0.4493371 -0.3552483 -0.4462054 -0.5388746 -0.5697889 0.0957937 -0.4132694 -0.3578278 -0.5343890 -0.5099223 -0.4524693 -0.3440043 -0.5001463 -0.5182395 -0.4011615 -0.4699284 -0.3427281 -0.4145317 -0.3538596 -0.5894101 -0.4374831 -0.4913567 -0.4838421 -0.3889226 -0.0357535 -0.3324094 -0.3802911 -0.4433230 -0.3805580 -0.0959370 -0.4879162 -0.3452734 -0.4993431 0.0347068 -0.3221458 0.3707280 -0.1396042 -0.0159014 -0.1712417 -0.3527719 -0.2513694 -0.4373238 -0.2328369 -0.2304689 -0.2455993 -0.3109908 -0.2948649 0.0394854 -0.2367616 -0.1771413 -0.3736565 -0.3925384 -0.5804059 -0.3493558 -0.4060456 -0.1530081 -0.3326003 -0.2737531 -0.4237197 -0.4331897 -0.3562081 -0.6572250 -0.3602291 -0.4033255 -0.2823831 -0.5984108 -0.3491237 -0.0854738 -0.0445632 -0.1902654 -0.4400972 -0.5195804 -0.3485686 -0.4416138 -0.1233391 -0.5050957 -0.3022490 -0.1708084 -0.2107980 0.1360381 -0.3392748 -0.3042216 0.1375241 -0.3862766 -0.0431977 0.0020445 0.2221147 0.5985946 0.4418108 0.5211665 0.2848545 -0.0313571 -0.3729922 0.2806576 0.2356024 -0.3864062 -0.4567815 -0.3004788 -0.3197384 0.3202808 0.0665684 -0.3446012 0.3580996 0.6097651 0.4334771 0.1813580 0.1513573 0.4039232 0.0106909 0.6977842 0.0250702 0.4324757 0.4136750 -0.2742338 0.1717968 0.0620843 0.1336705 0.4695239 0.1561824 0.0587600
0.1348221 0.6299808 0.4981247 0.2546585 0.0226255 0.4357863 0.1379869 0.2206541 -0.2283302 0.0000000 0.7646433 0.0532190 0.2553431 0.5161118 -0.2240329 0.6937837 0.9277565 0.2834287 0.3986953 0.1559810 0.1296974 0.2462241 0.5800358 0.5207441 0.2786923 0.4831793 0.0815230 0.1174397 0.2690680 0.2810872 0.0349505 0.1986221 0.5344579 0.7171654 0.5423456 0.0503938 0.4950961 0.1833988 0.7470663 0.6977324 0.2047815 0.1115655 0.6165146 0.6503231 0.3380845 0.2864091 0.4000116 0.2448265 0.4573348 0.2002704 0.4505264 0.5618534 0.5283666 0.5777879 0.0773259 0.2404336 0.3283606 0.1222773 -0.0760294 0.4215680 -0.1114496 0.3198432 0.1379209 0.4144128 0.2816824 0.2448650 0.4409038 0.1212198 0.1617771 0.1290499 0.3456859 0.6100329 0.0188955 0.2636131 0.0897684 0.1713478 0.2210565 -0.0040547 -0.0041371 -0.2271061 0.0239078 0.3665458 0.2795277 0.1406668 0.1566608 0.2620857 0.1982113 0.2764447 0.2983235 0.2136133 0.2812244 0.0418977 -0.0378346 0.0164861 0.4516077 0.0052006 -0.1726159 -0.0856860 0.4195891 0.1461072 -0.0316091 0.1130447 0.0780784 -0.3218730 -0.0806222 0.1917692 0.0090548 -0.0596173 0.1530400 -0.1909493 0.1723783 -0.1106057 -0.1748353 -0.1992134 -0.3004550 -0.1598091 -0.0844889 -0.2247079 -0.0060463 -0.1597017 -0.0732116 -0.0856809 -0.3157180 -0.2291125 -0.2064085 -0.0065353 -0.0693210 -0.2581739 -0.1289077 -0.4925199 -0.1704515 -0.3565703 -0.2905068 -0.1117148 -0.6230110 -0.3329862 -0.3182492 -0.2480023 -0.2471865 -0.2733884 -0.4162084 -0.5438136 -0.2253608 -0.0387174 -0.2063920 -0.3387641 -0.4315341 -0.4519528 -0.2124581 -0.3860511 -0.1415439 -0.2754417 -0.2974580 -0.3342317 -0.2723939 -0.1332343 -0.2152659 -0.4040808 -0.2270388 -0.1174964 -0.3341037 -0.2244836 0.0667335 -0.1291987 -0.1785664 -0.3732498 -0.2825647 -0.2030449 -0.1495980 -0.1387279 -0.2143305 -0.1259776 -0.0036548 -0.0783364 0.3466061 0.2768327 0.2685233 -0.0803530 0.3408230 0.1379426 -0.2678747 0.2788044 0.1133228 -0.0370141 -0.1447132 -0.3538635 -0.4764190 -0.4409247 -0.0312739 0.1633657 0.0154269 -0.1127809 -0.0931210 0.0726595 0.0755170 0.0336233 0.1337738 -0.2344456 0.0120032 0.0085315 -0.2260301 -0.2410367 -0.1345892 -0.1460666 -0.2253468 -0.0072602 -0.3303226 -0.3396587 0.1430858 -0.2791928 -0.1486580 -0.1099540 -0.2502507 -0.2042125 -0.3292577 -0.3512015 0.0588394 0.0511837
-0.0071468 0.4907793 0.5420692 0.4801006 0.3728262 0.2586546 -0.2534905 0.7374845 -0.2520264 0.7646433 0.0000000 -0.3037262 0.7366551 0.0658100 0.0570387 0.9416902 0.6888464 0.0434535 0.7936941 0.6172966 0.2157356 0.5731227 0.7113652 0.0211163 0.6994481 0.6234885 0.4231815 -0.1591063 0.6166691 0.0222203 0.4573917 0.5718099 0.3421521 0.6349551 0.6150360 0.3217836 0.6603221 0.6465930 0.6442938 0.6344993 0.6252807 0.5987735 0.6376683 0.4809367 0.7188393 0.6865196 0.7243004 0.6940986 0.5295864 0.6704788 0.5339032 0.7448156 0.7066442 0.7655234 0.5523046 0.7237114 0.7465495 0.3447301 0.4559907 0.5899395 0.4107987 0.6975497 0.6821257 0.5988903 0.2611483 0.7175971 0.8088438 0.6043671 0.6921234 0.5360416 0.7607485 0.4681734 0.5740239 0.2408275 0.6463270 0.4057621 -0.0449862 0.5364510 0.3818333 0.0371761 0.3921057 0.3391198 0.2777746 0.2056472 0.3615688 0.2797301 0.2183436 0.4174150 0.3958455 0.4831217 0.3965014 0.1752907 -0.0899650 -0.1107828 0.4746579 0.2107012 0.1107432 -0.0653924 0.4787182 0.2457140 0.1619967 0.3172279 0.2668157 -0.2496607 0.0275232 0.4097957 0.3349369 0.2538067 0.3154025 0.2403443 0.2533392 0.1072429 0.2263514 0.2450070 0.1604031 0.3069143 0.3830767 0.0609010 0.3335664 -0.1714362 0.2522317 0.3364693 0.0095657 -0.1459596 -0.3555481 -0.2479224 0.2053920 0.1114766 -0.2853684 -0.2767605 -0.2574804 0.0202742 -0.2860784 -0.5329546 -0.3088475 -0.3538326 -0.6084527 -0.3979264 -0.4944933 -0.2100045 -0.2253498 -0.3094351 0.2644698 -0.2152566 -0.4930489 -0.2119054 -0.4117048 -0.5645767 0.2154171 -0.0613162 0.0625996 -0.3090622 -0.0868526 -0.0046416 -0.0216825 0.1543145 0.0973363 -0.3598419 0.1793949 0.1216805 0.0625999 0.1623120 0.2591150 0.0905838 0.1827210 0.0260067 0.0107640 0.1498844 0.0962689 0.1423993 0.1366156 0.2024255 0.1852546 0.1591006 0.2565216 0.0332568 -0.1101836 -0.4897516 0.2032409 0.3574779 -0.0151987 0.6624186 0.6179299 0.4904847 0.3744357 -0.4468941 -0.2262169 -0.3337812 -0.3498829 -0.1708351 -0.3204022 -0.3780516 -0.3672478 -0.2902039 -0.2354459 -0.3097672 -0.1677317 -0.4719759 -0.0897387 -0.2666139 -0.2563400 -0.3103611 -0.1056374 -0.4970355 -0.1097200 0.1793294 -0.5322788 -0.3502958 0.0155026 -0.4406564 -0.1706926 -0.4158264 -0.3315575 -0.3730044 -0.3164927 -0.1171744 -0.2762710 -0.2320066
-0.0262472 0.1183422 -0.2996929 -0.2867343 -0.2478957 0.1472078 0.8682578 -0.4679814 0.3710341 0.0532190 -0.3037262 0.0000000 -0.4075502 0.2268087 0.3473506 -0.2801069 0.2368619 0.2737797 -0.2525395 -0.3608164 0.6066309 -0.2652818 -0.1760854 0.6920359 -0.3457251 -0.1521030 -0.0803833 0.1609188 0.2007575 0.2760287 -0.3210567 -0.5419813 0.4514359 0.4037225 -0.0851367 0.4097970 -0.1754047 -0.4187307 0.0532628 -0.0300767 -0.5370732 -0.1442521 -0.1413981 0.3053059 -0.1913734 -0.5105210 -0.4056514 -0.5380827 0.3272540 -0.4734562 -0.0567151 -0.1880971 0.1240046 -0.1620359 -0.4891293 -0.6030455 -0.4846849 0.0533965 -0.6472773 -0.0995512 -0.3441677 -0.3256849 -0.6338080 0.0917932 0.3009042 -0.5407839 -0.1049261 -0.4107797 -0.6646044 0.0007223 -0.1898972 0.2181679 -0.4381436 0.4474351 -0.5866712 0.1660052 0.7069995 -0.2574461 -0.0277278 0.2270439 0.0038250 -0.4912491 -0.5463956 -0.6484584 -0.7032147 -0.5688089 -0.3593030 -0.7339103 -0.5799931 -0.6511250 -0.4199048 -0.2629206 -0.1788791 -0.1422926 -0.4460248 -0.4528456 -0.3378689 -0.2613744 -0.5662415 -0.4081050 -0.5456995 -0.5954153 -0.6524239 -0.2248835 -0.2017520 -0.5911242 -0.7438817 -0.6430550 -0.3139497 -0.5091715 -0.2938385 -0.3594692 -0.8432771 -0.7574828 -0.5646196 -0.8129643 -0.7011964 -0.6528632 -0.7713261 -0.2074840 -0.6863642 -0.8538112 -0.5048335 -0.2673112 0.2537795 0.1542397 -0.7163163 -0.4994709 0.1488831 -0.3018989 0.0533970 -0.3824625 -0.2924043 0.4953668 -0.3381356 -0.1564706 0.3410032 0.3067637 0.2118548 0.0939149 -0.5138505 0.0216545 -0.4725580 0.0864276 0.4019602 -0.4832473 0.1247858 0.1259796 -0.5908612 -0.0764899 -0.0722133 0.1525441 0.0097375 -0.6066256 -0.6288017 -0.5110196 -0.4395069 0.1005005 -0.3004764 -0.1488736 -0.6890827 -0.0820096 -0.4492790 -0.3402675 -0.5244642 -0.3296128 -0.4787956 -0.4882779 -0.2332634 -0.1895793 -0.5234165 -0.4951140 -0.3331850 -0.2651855 0.3954151 0.6971888 0.6612548 0.5164356 0.5233049 0.2619893 -0.1406306 -0.3081850 -0.4483482 -0.3496988 -0.4842354 0.2884932 -0.0666405 0.1914585 0.6336937 0.5273086 0.0700857 0.5304228 0.4980002 0.2436458 0.1592544 0.2329848 0.2178116 0.6225820 0.5219751 0.2674430 0.2381830 0.0740119 -0.0261722 0.3524478 0.2180977 0.1186700 0.5455303 0.2909531 0.2496081 0.3999505 0.2706379 0.3423395 0.4617249 0.4042614 0.4901571 -0.0614190 0.5578543 0.5664995
0.0587311 0.3764878 0.6077954 0.4009701 0.6733890 -0.1264512 -0.3303964 0.9471185 -0.3860050 0.2553431 0.7366551 -0.4075502 0.0000000 -0.2992252 0.1449708 0.8184734 0.2213535 -0.0272390 0.9119731 0.9352372 0.1984904 0.7568821 0.3693417 -0.3167921 0.8429955 0.5220180 0.3311920 -0.2857866 0.6690467 -0.1164539 0.7330665 0.6428474 0.0466337 0.3296320 0.4327105 0.4356866 0.5530803 0.8903618 0.1918448 0.3357162 0.8306944 0.7366769 0.2456919 0.1410205 0.7066504 0.8026264 0.7113925 0.8948464 0.3091856 0.8190179 0.3563946 0.4747652 0.4711076 0.5409078 0.8315278 0.8724030 0.7733644 0.2874512 0.5202660 0.4204085 0.5295361 0.5801945 0.8496631 0.3849728 -0.0742389 0.7305546 0.7411175 0.5528859 0.7849426 0.5220653 0.7880343 0.1626047 0.7265885 0.0108087 0.8791675 0.4599042 -0.2655132 0.7929243 0.5152526 0.1791873 0.3883808 0.4037066 0.2887210 0.2403203 0.2969140 0.2871811 0.2454137 0.3523972 0.3695288 0.5850992 0.4527604 0.3222989 0.0991343 0.0745549 0.3172098 0.3913795 0.4450193 0.2440114 0.4099789 0.4080965 0.4694572 0.5292099 0.4073047 0.0316841 0.3341699 0.5020367 0.5436122 0.5061232 0.4880195 0.5561387 0.4154150 0.4333443 0.5433405 0.6121178 0.5853767 0.6236025 0.6782833 0.4638505 0.5840121 0.1687371 0.5895903 0.6081975 0.2677820 0.2450497 -0.0237610 -0.1100583 0.4711652 0.3502619 -0.0166601 0.3258944 0.1126502 0.2482807 0.0811445 -0.6186331 0.0845334 -0.1695138 -0.3104378 -0.0589411 -0.2325583 0.1310062 0.0784629 0.1915568 0.5701738 -0.1702630 -0.2610863 -0.0054641 0.0233812 -0.2214991 0.5428065 0.3792087 0.3959449 0.0026755 0.3815477 0.2821418 0.2282089 0.3376518 0.4129255 0.0931483 0.5204891 0.4468902 0.4263896 0.5375757 0.3462763 0.3857441 0.5152702 0.3666232 0.2640137 0.3837797 0.4193105 0.5372500 0.4774505 0.5251990 0.1977257 0.4467306 0.2500279 0.0166276 -0.1807308 -0.4726180 0.1035434 0.4941245 0.2903420 0.7598051 0.7285411 0.6995551 0.5284681 -0.4131749 0.0322730 -0.2608561 -0.4072635 -0.2293455 -0.2385559 -0.3778888 -0.3545530 -0.2735147 -0.1664006 -0.3182005 -0.2560826 -0.5239526 -0.2259947 -0.1975277 0.0454504 -0.2132987 0.0619638 -0.4482906 0.2842184 0.2214230 -0.2962001 -0.3012918 0.2097979 -0.3202160 0.0464193 -0.3057738 -0.0942912 -0.3574046 -0.0834646 0.0285002 -0.2418607 -0.2033171
0.3571330 0.1418684 0.2650141 0.0079412 -0.1599503 0.2857458 0.1850445 -0.3457928 0.0588142 0.5161118 0.0658100 0.2268087 -0.2992252 0.0000000 -0.3652575 0.0993984 0.5979533 0.7542534 -0.0195121 -0.2632586 -0.2574313 -0.3521449 0.2519184 0.7722682 0.0142513 0.5270693 -0.4109460 0.8245024 -0.3888581 0.7454187 -0.3874261 0.1548257 0.7223541 0.3283216 0.6123736 -0.3519690 0.4897587 -0.2032918 0.6070288 0.6670146 -0.1808853 -0.5770129 0.5915381 0.7334346 -0.3139689 0.1335886 0.2792158 -0.1671623 0.2448360 -0.2637237 0.6246209 0.1573485 0.0474851 0.0558328 -0.1898635 -0.0890929 0.1197330 -0.1931188 -0.4982500 0.4798996 -0.6007055 -0.1139991 -0.2322130 0.0162361 0.1327181 0.0000810 0.0272357 -0.4096386 -0.1703990 -0.3627775 -0.0735207 0.3257866 -0.4747761 0.1124548 -0.2521399 -0.3080469 0.2952303 -0.3353808 -0.5421701 -0.5780463 -0.1053546 0.4017466 0.2722501 0.0970022 -0.2164451 0.2091788 0.3746729 -0.0192075 0.1771348 -0.0339306 0.2084278 0.1761996 0.1676316 0.4463222 0.3980914 0.0803336 -0.1260040 0.1322630 0.2776129 0.2632429 0.1215362 0.0608842 -0.0549788 0.2736531 0.0615731 0.0316816 -0.2934675 -0.1893471 0.0537352 -0.5267886 0.2450209 -0.2981315 -0.2884129 -0.4032261 -0.5288571 -0.3331559 -0.2761247 -0.2774874 -0.0443946 0.0838181 -0.1397490 -0.2465144 -0.1482123 -0.2073766 0.1560064 0.1557634 -0.1576568 -0.1961598 0.0373169 -0.3308523 -0.0257926 -0.2519806 0.1339903 0.3257332 -0.5481425 0.2860545 0.2646538 -0.1752793 0.0478968 -0.6006541 -0.0497717 -0.6206894 -0.4547275 -0.2394005 0.1491649 -0.0726821 -0.2497678 -0.0380070 -0.3484229 -0.7727840 -0.6667927 -0.3158818 -0.3119533 -0.2025620 -0.3381107 -0.4929036 -0.4163747 -0.2070049 -0.4613570 -0.6184695 -0.3710899 -0.5769664 -0.1951479 -0.4591399 -0.2907191 -0.4857251 -0.2329970 -0.3305563 -0.2742385 -0.3537720 -0.3176040 -0.2918796 -0.3978051 -0.4785503 -0.2531563 0.0106622 0.2418933 0.4313140 -0.0001875 -0.3783120 -0.6516467 -0.5514125 -0.5958208 -0.6923524 -0.5887284 0.0822044 -0.2173903 -0.4127731 0.4092936 0.5712145 0.3647072 0.4850111 0.5619384 0.3441834 0.3061058 0.2400768 0.1527185 -0.2064646 -0.3569116 0.1360615 0.2270585 0.2162726 0.2239357 0.3019893 0.1627628 -0.3521157 -0.0371091 -0.0392129 0.4345509 -0.1987927 0.2075789 0.0670799 -0.1373166 -0.3985042 -0.5271278 -0.1560002 -0.0311829 -0.1608745
-0.0737535 -0.0371021 -0.1395972 0.3900328 0.4472116 0.3235868 0.1420535 0.2806715 0.6671398 -0.2240329 0.0570387 0.3473506 0.1449708 -0.3652575 0.0000000 0.0290352 -0.1015234 -0.1784050 0.1348207 0.2028925 0.4902369 0.0830972 0.3346284 -0.0570058 0.2148925 0.0960965 0.5142483 -0.1114679 0.5425420 -0.1321767 0.2608536 0.1692444 0.1953730 0.2679394 0.0859228 0.4694012 0.0094012 0.2002687 -0.0159667 0.0081566 0.1383936 0.5748908 0.1534291 0.1609989 0.5328385 0.0161883 -0.0213723 0.0937410 0.5745765 0.1816261 0.1283340 0.3170403 0.5120758 0.3321980 0.2519423 0.0580598 0.0717768 0.7570456 0.3883776 0.3130848 0.6485806 0.4922711 0.1931812 0.6279284 0.6029541 0.1796222 0.3867359 0.5361437 0.0672575 0.7638680 0.3913321 0.1909674 0.5276150 0.5891429 0.1756884 0.5029294 0.4275008 0.4192207 0.5312396 0.5971058 0.6275273 -0.7173240 -0.7210920 -0.6628490 -0.3997543 -0.7152156 -0.3901548 -0.4486069 -0.6148761 -0.5062407 -0.4696864 -0.2748499 -0.5664767 -0.3128023 -0.4442130 -0.3337937 -0.2507378 -0.5551375 -0.5382233 -0.2251372 -0.3821381 -0.5904043 -0.6479175 0.0428927 -0.4199942 -0.3410165 -0.4798609 -0.4864836 -0.4360429 -0.1840575 -0.4877166 -0.4738871 -0.3320259 -0.3069553 -0.1575804 -0.2530013 -0.2272582 -0.4976343 -0.3808942 -0.5438170 -0.3824437 -0.3375720 -0.1639393 -0.1501663 -0.2682554 -0.4337332 -0.3423182 -0.1306385 -0.3843142 -0.2305564 -0.4044296 0.0222924 -0.5062205 -0.1289926 -0.0741296 -0.4542008 -0.4182764 -0.2362275 -0.3866181 -0.1541803 -0.4644397 -0.0471749 -0.0237649 -0.4175927 -0.3805423 -0.2024040 -0.2430910 -0.3491615 -0.2704898 -0.0140078 -0.1661623 -0.2914741 -0.2442715 -0.2625338 -0.5108414 -0.2992012 -0.2914379 -0.3501330 -0.0779311 -0.2070656 -0.3678302 -0.0327045 -0.3650823 -0.3800042 -0.3277427 0.0067793 -0.2219844 -0.2215097 -0.3251621 -0.2693439 -0.2947329 -0.3494294 -0.0367207 -0.1973086 0.0463963 0.1079064 -0.0584255 0.0227458 -0.0145598 0.1590065 0.3386888 0.0464288 0.3109498 0.3582332 0.5109887 0.3599265 0.6083802 0.6056753 0.3003244 0.0441996 -0.6130560 0.1661013 0.1196629 -0.5046267 -0.5267010 -0.4155853 -0.3715822 0.3701986 0.1651092 -0.3227156 0.1838921 0.3093342 0.2980499 -0.1069001 0.2895789 0.6021541 0.0197626 0.4325864 -0.1137634 0.3822243 0.3648884 -0.3033182 0.4279141 0.1198927 0.4351587 0.3972445 0.1174079 0.1745388
0.1117438 0.5681083 0.7154359 0.4278446 0.4797415 0.1144460 -0.1516081 0.7756694 -0.3779842 0.6937837 0.9416902 -0.2801069 0.8184734 0.0993984 0.0290352 0.0000000 0.6811543 0.2010488 0.9008479 0.6961949 0.1738264 0.5378795 0.7042418 0.0807320 0.7901692 0.7130718 0.3656153 -0.1255842 0.6208818 0.0285675 0.4308285 0.6491168 0.4133320 0.6653199 0.6837053 0.2869433 0.6911874 0.6789045 0.6459802 0.7121918 0.6410352 0.5817941 0.6168082 0.5331730 0.7523473 0.7679168 0.7623861 0.7103206 0.5803276 0.6316821 0.5586801 0.7832724 0.7106518 0.8157893 0.5849338 0.7564984 0.7883847 0.3319722 0.3447330 0.6110906 0.3181133 0.7097221 0.6977321 0.5322497 0.1235604 0.7384384 0.7930515 0.5294287 0.6972101 0.4910867 0.7459960 0.4972602 0.5181614 0.1697526 0.6641551 0.3673716 -0.0067560 0.5100352 0.2746958 -0.1237644 0.3457465 0.5017653 0.3251495 0.2099685 0.2641566 0.3108482 0.2402758 0.4227263 0.3927140 0.5163337 0.3949539 0.1345067 -0.0970019 0.0846539 0.4220477 0.2039419 0.0964750 -0.0067271 0.4754705 0.3864447 0.2572032 0.3634994 0.2610003 -0.1050976 0.1061682 0.4087780 0.3299035 0.2777625 0.3226816 0.2461777 0.3664851 0.1527143 0.2778627 0.2972307 0.2103802 0.3737103 0.4214665 0.1792247 0.4322277 -0.0367739 0.3050101 0.3474355 -0.0233412 -0.0902223 -0.1599382 -0.1124638 0.2152111 0.0834754 -0.1096797 -0.1322724 -0.0955883 -0.0204887 -0.1536620 -0.5962529 -0.2949707 -0.2832866 -0.4467730 -0.2668012 -0.3807417 -0.1566565 -0.1530939 -0.2605613 0.2482152 -0.2763657 -0.3628932 -0.1713594 -0.3164360 -0.4373954 0.2138994 -0.0015481 0.1289145 -0.2496528 0.0140308 0.0224530 -0.0502930 0.1155036 0.0986540 -0.2022235 0.2017066 0.1883125 0.0595645 0.1988133 0.2607926 0.1100460 0.1650495 0.0067202 -0.0247989 0.0863183 0.1224890 0.2044304 0.1320112 0.2133079 0.0207513 0.1469172 0.3167198 0.1501106 -0.0170661 -0.3690328 0.2100368 0.3481687 -0.0041671 0.6411219 0.5488236 0.4283964 0.2694890 -0.5075114 -0.1855964 -0.4193883 -0.2322041 0.0152483 -0.2109842 -0.2495097 -0.2155970 -0.1804249 -0.0960843 -0.2489776 -0.1673461 -0.5291462 -0.1840181 -0.1718107 -0.1524451 -0.2787079 -0.0637069 -0.4756531 0.1427328 0.2062495 -0.4499963 -0.4490701 0.1463776 -0.4108627 -0.0827386 -0.3304336 -0.1311510 -0.3757350 -0.3583732 -0.1387771 -0.2094449 -0.1757230
0.1258023 0.5888744 0.4890141 0.1287508 0.0351868 0.3146934 0.3053499 0.1538818 -0.1597125 0.9277565 0.6888464 0.2368619 0.2213535 0.5979533 -0.1015234 0.6811543 0.0000000 0.4544938 0.4358765 0.1303321 0.1933317 0.1469354 0.6170717 0.6329435 0.2911719 0.5975689 0.1137267 0.1975847 0.3165501 0.3271417 -0.0534350 0.2240198 0.7038998 0.7928202 0.6454003 0.1478106 0.5790196 0.1250017 0.7971463 0.7487885 0.0938021 0.1264762 0.6528488 0.7792655 0.3209637 0.3242572 0.4399361 0.1250081 0.6180344 0.0949107 0.5578574 0.5632382 0.5900226 0.5686811 0.0167437 0.1996581 0.3535152 0.1272486 -0.2110326 0.5347941 -0.2052408 0.2855960 0.0957595 0.4143388 0.2737802 0.2422002 0.4755941 0.0027015 0.1146785 0.1310481 0.3864252 0.6702444 -0.0609686 0.3523195 0.0645299 0.1690641 0.3925152 -0.0004906 -0.0939089 -0.2454064 0.0716778 0.3537896 0.1713611 0.0107443 -0.0365957 0.1077458 0.1085267 0.1773136 0.1368790 0.0890236 0.1569821 -0.0447358 -0.0679500 0.1392491 0.3164852 -0.1232232 -0.2688730 -0.1158464 0.2667504 0.1192451 -0.0791159 0.0049353 -0.0455110 -0.2007586 -0.0971854 0.0120638 -0.1546685 -0.1388636 0.0677721 -0.2320651 0.1672345 -0.1766169 -0.3073701 -0.2775152 -0.3355984 -0.2334729 -0.1378412 -0.2619971 -0.0554326 -0.1152570 -0.1792102 -0.2320331 -0.4734300 -0.3069162 -0.0291314 0.0714973 -0.2270534 -0.4344223 -0.0197017 -0.5042593 -0.1061853 -0.4991347 -0.2686822 -0.0218342 -0.7129149 -0.3613364 -0.1659055 -0.1617069 -0.1816190 -0.2999033 -0.5271863 -0.5616442 -0.3845386 -0.1105566 -0.0673295 -0.5053309 -0.3933658 -0.3722589 -0.3830982 -0.4253146 -0.2003293 -0.2911017 -0.2618801 -0.5042103 -0.4406681 -0.3683902 -0.4346578 -0.3392035 -0.3612285 -0.2079403 -0.5003505 -0.2683983 -0.1377470 -0.3359870 -0.3363063 -0.5375769 -0.4689158 -0.4272348 -0.3045076 -0.2515041 -0.4172837 -0.3251987 -0.2253638 -0.1990267 0.3395723 0.3549941 0.3217790 0.1002516 0.3770769 0.1395669 -0.3352903 0.1721156 0.0296676 -0.1081080 -0.2503349 -0.3379504 -0.4614212 -0.4631966 0.2002903 0.4037680 0.0647669 0.1803442 0.1769791 0.1347663 0.1502547 0.0987024 0.1670331 -0.1441816 0.0553903 0.1114209 -0.1139585 -0.2135816 -0.1183115 -0.0578405 -0.0464109 -0.0100864 -0.1887847 -0.3672974 0.2305068 -0.2484528 -0.0288890 0.0323488 -0.0482232 -0.1223061 -0.3595482 -0.3931394 0.0749829 0.1063167
