0.0000000 0.8507812 0.4930620 0.6521588 -0.2853171 0.5839367 0.5323561 0.6377441 0.5771904 0.5939838 0.5528477 0.6906371 0.5400054 0.5261215 0.6043211 0.4204407 0.2795878 0.1724141 0.4912389 0.1048056 0.6458220 0.3725591 0.2006539 0.4882089 0.4347645 0.2772403 -0.0895345 0.1598362 0.6539301 0.1121273 0.3648144 0.4279835 0.2179769 0.4674904 0.4035870 0.6983949 0.4840375 0.4558680 0.5273123 0.2550256 0.1491520 0.7013046 0.4745881 0.1182392 0.6098950 0.4191356 0.5237444 0.2839162 0.4686153 0.1147191 0.5625137 0.3617488 0.5943042 0.3589492 0.3266302 0.3578659 0.5587366 0.3869843 0.6676700 0.5481935 0.6219014 0.5183717 0.4761953 0.5718305 0.4396749 0.3870323 0.6248806 0.5173293 0.5573439 0.6055598 0.5250912 0.6797688 0.5886762 0.6189878 0.5313777 0.6307012 0.6350924 -0.0574231 0.4243958 0.6210576 0.1560655 0.2939603 0.2795583 0.3802493 0.2177721 -0.4073130 -0.3387840 -0.0111845 -0.5370702 -0.1041728 -0.2542042 -0.1246654 0.1754939 0.3077416 -0.6303530 0.0611989 0.0826454 -0.2740511 0.1838878 0.1242393 0.3041017 0.0566474 -0.1700866 0.5240858 -0.0813052 0.0334778 0.1989636 0.1353562 0.1603044 0.4330700 0.2547420 0.3504482 -0.0118229 0.1374079 0.3392642 0.0611334 0.2046247 0.5165337 -0.0667024 0.3752176 0.4576127 0.1021061 0.6171056 0.2577814 0.1275539 0.2907984 0.3297242 0.3138503 0.2378137 0.3432242 0.2683149 -0.0614290 -0.3429607 0.5623861 -0.2357145 0.2221714 0.0977177 0.2552403 -0.0145890 0.4184899 -0.3781705 0.4292462 0.3715092 0.4174356 0.1276860 0.1391911 0.0530312 -0.1005238 -0.3483081 0.4045739 0.2570265 0.2093630 0.3295589 -0.2920680 -0.0628139 0.5042603 0.5860476 0.0384729 0.5403858 0.6329519 -0.0655929 0.4963694 0.6017369 0.6357569 0.1428400 0.4588295 0.0984099 -0.5851797 0.1863293 0.3939770 -0.5866739 -0.7233996 0.6842537 0.6278078 0.8611620 0.8420969 0.8117768 0.7002057 0.5058419 0.6084159 0.6672651 0.6248026 0.7515104 0.7534673 0.5984106 0.4322864 0.1606554 -0.3228685 0.2310645 0.6774344 0.2854279 0.7715423 0.7856165 0.3665730 0.2628006 0.4050328 0.4414724 0.7135827 0.5248999 0.3522543 -0.4236546 -0.5102484 -0.0724955 0.2509732 -0.1893893 -0.3554116 0.0600405 -0.1958193 -0.4885065 -0.2086131 -0.0617980 0.6681920 -0.0842372 0.2219214 0.7906256 0.0668770 -0.3469408 -0.3166830
0.8507812 0.0000000 0.5821943 0.7462220 -0.1717941 0.8324136 0.6626150 0.8470858 0.7264368 0.7143387 0.7596405 0.8396115 0.8159952 0.6558218 0.7241393 0.6476767 0.4999569 0.2753314 0.6801714 0.3064449 0.8722137 0.6575783 0.4968758 0.6656580 0.6357258 0.5862278 -0.0473315 0.2430797 0.9057564 0.2574822 0.5831477 0.6900612 0.2199988 0.6078144 0.7057528 0.8636240 0.7129759 0.6839902 0.7258150 0.5298697 0.3463105 0.9137320 0.7550130 0.0828365 0.7698522 0.6733942 0.7436630 0.5482064 0.4076376 0.4701275 0.7952761 0.6637071 0.6804117 0.4737790 0.6303901 0.6758325 0.7774319 0.3991908 0.7716449 0.7522663 0.7856850 0.7291323 0.6439308 0.6852455 0.5176651 0.6887728 0.7922830 0.6693586 0.8168822 0.7979030 0.7851629 0.8561015 0.7557006 0.6775183 0.7817815 0.8178665 0.6771341 0.2237352 0.6339297 0.8002730 0.3985214 0.2332960 0.2073808 0.1549241 0.1759414 -0.5563545 -0.3627006 -0.2091252 -0.6411100 -0.1093261 -0.2666178 0.0435600 0.2995897 0.2835979 -0.4281465 0.2357550 0.3758012 -0.0266806 0.2699992 0.1224488 0.4421366 0.1295062 0.0555157 0.4068460 0.1679803 0.1999884 0.2542025 0.3128855 0.4170529 0.4324491 0.3466264 0.4765965 0.0425416 0.2253095 0.3824043 0.0550742 0.1593676 0.5046574 -0.1062488 0.5121767 0.6387639 0.2156245 0.6907248 0.2459304 0.2603885 0.4493069 0.5862215 0.6138051 0.4292811 0.5282562 0.5280980 0.3228473 -0.1502718 0.4775435 -0.0772706 0.3864981 0.3094969 0.4844066 0.2275328 0.7040772 -0.1921000 0.6684889 0.7173769 0.5881965 0.4316870 0.1861508 0.3600394 0.1194577 -0.2615337 0.7324995 0.5733263 0.5073326 0.6204771 -0.1062097 0.0767808 0.6342343 0.6991566 0.3778160 0.7932707 0.7848497 0.2625298 0.8059726 0.6464742 0.6809461 0.4673148 0.5541359 0.3394163 -0.6181708 0.2369721 0.6282067 -0.5906922 -0.5707953 0.7164453 0.5885678 0.9271006 0.8139786 0.7525815 0.6493852 0.5858545 0.7453418 0.7638399 0.7538990 0.8651579 0.8406870 0.6899107 0.4842918 0.0734548 -0.4202662 -0.0359090 0.6898773 0.4286362 0.8135511 0.5976807 0.4835662 0.4448699 0.5447864 0.4282391 0.5320280 0.6676459 0.5551280 -0.3332668 -0.6509396 -0.2208357 0.0675042 -0.1786299 -0.3194863 0.2615851 -0.0670157 -0.4846177 -0.3185399 -0.2035545 0.6499577 -0.0570301 0.0147043 0.8079095 0.3361045 -0.2615859 -0.2983103
0.4930620 0.5821943 0.0000000 0.5184008 0.5108817 0.4497691 0.3179288 0.6402739 0.3730136 0.4477303 0.4131802 0.3256165 0.7653001 0.3739951 0.3378851 0.3319802 0.1657917 0.1031943 0.2983879 0.3313887 0.3951852 0.4248876 0.1569818 0.3364579 0.2929891 0.2677127 -0.0498516 0.0775161 0.4711224 0.1586338 0.3778741 0.4444624 0.1328182 0.4187622 0.3589660 0.5127518 0.2880385 0.3579532 0.4105781 0.3336696 0.5318574 0.4936302 0.3331951 -0.0268069 0.4703580 0.2232049 0.3322337 0.6010371 0.4658468 0.1350019 0.3633259 0.3887958 0.6469697 0.3164216 0.4598996 0.3527907 0.3867089 0.4600526 0.4668748 0.3561244 0.4479052 0.4359276 0.5069837 0.6015616 0.4068541 0.5432665 0.4388256 0.4626872 0.5154492 0.5660094 0.4935944 0.5590464 0.5097848 0.6931559 0.5339511 0.5524210 0.7046728 0.0139700 0.4538827 0.6714347 0.3469424 -0.1551097 0.0147178 -0.0784438 -0.0111298 -0.1940333 0.0431465 0.0170894 -0.1928101 -0.1728397 -0.0074160 -0.0069079 0.0127377 0.0900922 -0.3452730 0.1436247 0.2392466 0.0165198 0.0630670 0.0273258 0.1103292 0.1478810 -0.1165841 0.0488876 0.0809273 -0.0569904 0.1739886 0.0957079 0.3371078 -0.0288131 0.0853791 0.1596404 0.2167755 0.0627853 0.0517760 0.0206107 -0.0620302 0.0958994 -0.0756219 0.3091276 0.3263151 0.1381914 0.3889651 0.0780159 -0.0398170 0.3410020 0.2233294 0.4374177 0.1040691 0.2015483 0.1890542 0.0991600 -0.1138525 0.2549017 0.0201713 0.3410248 0.2094275 0.1840781 0.0871295 0.4731598 0.1635259 0.3885394 0.2219905 0.4445956 0.2413957 0.3164246 0.1867841 0.1061663 -0.1240506 0.4445013 0.3605749 0.5758844 0.2233048 0.2365545 0.1368488 0.4385169 0.5570917 0.3503660 0.3388489 0.4515362 0.0634382 0.3338573 0.4912298 0.6558233 0.1126395 0.6849259 0.4046589 -0.2587436 0.1499561 0.2417940 -0.2384346 -0.4178436 0.1903551 0.0835929 0.3636998 0.3169174 0.2741305 0.2848771 0.2304263 0.3592654 0.3735342 0.4580291 0.5060523 0.4710787 0.4730522 0.4871025 0.2405279 0.1527432 0.2738309 0.4292907 0.3154540 0.5661605 0.4851788 0.2648253 0.2939952 0.2854239 0.2460706 0.4221850 0.5302748 0.1844916 -0.1633965 -0.6381772 -0.1768130 0.0811060 0.4302743 0.0294668 0.1359439 0.3121483 -0.1532442 -0.4329160 0.0220341 0.4557148 0.5117830 0.4465285 0.4787151 0.4086185 0.0838446 0.1618863
0.6521588 0.7462220 0.5184008 0.0000000 -0.2166442 0.7603298 0.1663769 0.8404089 0.8704146 0.8614708 0.8067067 0.7294208 0.8456760 0.6196246 0.8559405 0.7176725 0.2465227 0.2545073 0.7489390 0.1979603 0.6997153 0.6176683 0.6946189 0.5501220 0.7443741 0.6434043 0.1310978 0.0425784 0.8127057 0.2179024 0.5047864 0.9072130 0.1283697 0.5607087 0.7334096 0.6460877 0.8178665 0.8001163 0.7685115 0.4118571 0.4424687 0.7869589 0.7786459 0.1261773 0.8518408 0.7378928 0.8786271 0.7997168 0.4571227 0.6788908 0.8778496 0.6666215 0.7919965 0.5912322 0.7311977 0.7835762 0.8733722 0.6683517 0.8232180 0.8474377 0.7941831 0.7978811 0.6932121 0.8116795 0.6376859 0.7927881 0.9071617 0.9024339 0.8339912 0.9218770 0.7764013 0.8906523 0.8549637 0.6238982 0.7530408 0.8505165 0.7154582 -0.0903401 0.5872689 0.7608746 0.2798319 0.2455645 0.2768050 0.2576144 0.4821719 -0.3998449 -0.6752628 -0.1033913 -0.5028652 0.0472318 -0.3042966 -0.0984725 0.0591644 0.0960277 -0.1803365 0.1606190 0.2115153 -0.2462310 0.5874596 0.1343134 0.4122091 0.1021888 0.1321712 0.3102194 0.0011029 0.2120172 0.2983886 0.2865139 0.1485583 0.6186412 0.5966487 0.2551002 -0.0505549 0.1897815 0.3201313 -0.0297963 0.1391437 0.3516088 -0.2235337 0.2605671 0.4642376 0.1893632 0.5227739 0.5113885 0.2071777 0.1185532 0.4768936 0.4429961 0.2632226 0.4152737 0.4296712 0.1580302 -0.1615655 0.2091530 -0.0284412 0.2532351 0.0152556 0.2659836 0.0051150 0.4588738 -0.3534881 0.4090722 0.6041499 0.5087762 0.1302307 0.0696781 0.2166176 0.0869095 -0.2900572 0.6145118 0.4766085 0.4494045 0.5706840 -0.2357637 -0.0496919 0.6318772 0.6633392 0.4268634 0.6240606 0.7104341 0.2116732 0.7011060 0.6710048 0.6704234 0.4500807 0.4562014 0.2789658 -0.4460760 0.5287332 0.5371026 -0.4509432 -0.4983160 0.1709501 0.0901727 0.6347752 0.5265881 0.3934566 0.0926859 0.1782943 0.3876193 0.4102691 0.3571443 0.7561550 0.6613090 0.7173643 0.5996343 -0.0719476 -0.3905374 -0.0933804 0.4842084 0.1350039 0.5518499 0.2650759 0.0068670 0.0952306 0.1161580 0.0893611 0.3328108 0.7195108 0.2256617 -0.0045817 -0.3767224 -0.1920583 0.0509646 -0.1345399 -0.1593697 -0.1936167 -0.0905006 -0.2379889 0.0721703 -0.0987722 0.3074529 -0.0449100 0.2248428 0.4128308 0.0934212 -0.1199895 -0.3722560
-0.2853171 -0.1717941 0.5108817 -0.2166442 0.0000000 -0.1133753 -0.0181281 -0.1045624 -0.1254935 -0.0648857 -0.3290818 -0.2435458 0.1463902 0.0966360 -0.1982938 -0.3691029 -0.0812272 0.1408792 -0.4819058 0.2358247 -0.3035948 -0.2277441 -0.3634942 0.0627217 -0.4607514 -0.3474654 0.1515304 0.2388611 -0.2115427 0.3825764 -0.1644385 -0.1941851 0.2546810 0.0790353 -0.2912795 -0.2876740 -0.3204264 -0.3798669 -0.1365251 0.1181610 0.2307469 -0.3111441 -0.2911753 0.1167541 -0.2922285 -0.4825034 -0.4089859 0.0582276 0.1702312 -0.3265281 -0.3505173 -0.1111958 -0.0358452 -0.0322552 -0.1265555 -0.3223722 -0.2722562 0.0996623 -0.2499179 -0.2207630 -0.3361988 -0.1608560 0.0213365 -0.1510927 -0.2544026 0.0414350 -0.2950806 -0.1843960 -0.2257810 -0.1871345 -0.1738548 -0.2643352 -0.1946288 0.0382853 -0.2374370 -0.1169035 0.1038213 0.0155060 0.0989993 0.1010938 0.2348264 -0.3054492 -0.1998269 -0.3764650 -0.3603174 0.1308443 0.4964830 -0.0959410 0.2164729 -0.3421203 0.0394570 -0.1466978 -0.3182878 -0.3107718 -0.1384897 -0.3015073 -0.1828296 0.0949686 -0.3636904 -0.1839819 -0.4589629 -0.1561085 -0.2002528 -0.5484217 -0.2226782 -0.4674989 -0.2822877 -0.3071524 -0.1408231 -0.5636690 -0.5904457 -0.3398234 0.1156878 -0.3010673 -0.4315669 -0.1553850 -0.3739569 -0.3873081 -0.0968441 -0.1595453 -0.2676924 -0.1554631 -0.1333616 -0.3122108 -0.2604324 0.0055934 -0.4011351 -0.0065664 -0.1641603 -0.2904507 -0.2084742 -0.0303616 -0.1142793 -0.0093704 0.1754619 0.1106248 0.1381712 -0.1681484 -0.0402710 0.0239539 0.4537465 -0.1364800 -0.3171074 0.1604480 0.2238173 0.2836486 -0.0310649 0.0313487 0.1871474 -0.1944937 -0.0393548 0.2098810 -0.2468381 0.4712570 0.0389252 0.1178978 -0.0623089 0.0365059 -0.3196645 -0.1432305 -0.1294780 -0.2710997 -0.0629879 0.1236256 -0.2042905 0.2391909 0.2208138 0.1787971 -0.2320710 -0.0377667 0.2727776 0.1937827 -0.2355445 -0.2700983 -0.3405744 -0.2832472 -0.2694709 -0.1242165 -0.4102518 -0.2823685 -0.2515567 -0.1654186 -0.2829995 -0.2782673 -0.1739392 -0.0355258 0.2616217 0.6921861 0.4025761 -0.1721663 -0.0950512 -0.1877621 -0.1017667 -0.0485077 -0.0203616 -0.0745793 -0.3313396 -0.2277874 0.0536582 -0.3454495 0.2395100 -0.0135963 0.0677081 0.0630191 0.8552432 0.5293223 0.1107610 0.6083351 0.5286012 -0.0616491 0.2934610 -0.0529920 0.8738199 0.5274218 -0.1608523 0.3851931 0.6515358 0.7466858
0.5839367 0.8324136 0.4497691 0.7603298 -0.1133753 0.0000000 0.6369372 0.8385730 0.7868235 0.6913378 0.8624529 0.8795270 0.7978278 0.6948440 0.7138391 0.7546514 0.7614481 0.5535521 0.7168789 0.4229262 0.8931355 0.7686372 0.7324494 0.7345829 0.6840212 0.6901010 0.1479087 0.2901110 0.9000839 0.4610317 0.7577001 0.7834504 0.2412659 0.6919316 0.8125191 0.7061931 0.7722791 0.8117876 0.8923054 0.6862489 0.6604112 0.8372704 0.9156118 0.3412474 0.8333804 0.7949339 0.7783891 0.7544851 0.4591268 0.7004934 0.8204840 0.8036963 0.6877029 0.6931952 0.8087273 0.7932600 0.7166565 0.5822126 0.6372394 0.7472239 0.7015052 0.8302016 0.6373779 0.7732613 0.4922900 0.6513983 0.7324066 0.7727319 0.7757785 0.8499545 0.7822885 0.8348786 0.8019621 0.4212368 0.7662570 0.8433091 0.4690812 0.3277127 0.5984702 0.6937133 0.3791239 -0.0314846 -0.0855308 -0.1615031 0.0350208 -0.6344915 -0.4201326 -0.3965499 -0.7091636 -0.1725734 -0.3818708 0.1596746 0.2760155 0.0481572 -0.1902707 0.2746747 0.4575644 0.0824312 0.2239965 -0.1158277 0.3512922 0.1047699 -0.0237170 0.0802434 0.1516559 0.2116797 0.1273957 0.2158461 0.3064035 0.4366246 0.3529562 0.3790013 -0.0780130 0.2049907 0.3063754 -0.0714762 0.0735618 0.4333134 -0.2380172 0.3661371 0.5484750 0.1900294 0.5589505 0.2314231 0.1847955 0.3165105 0.4683363 0.5699544 0.4231676 0.4189169 0.4923833 0.4212625 -0.0281075 0.0932640 0.1120844 0.2888962 0.2739152 0.4977425 0.2941131 0.7023954 -0.1101046 0.7571122 0.8294320 0.4929820 0.5282440 -0.0560426 0.5668439 0.3987105 0.0222964 0.8365962 0.7515579 0.5833853 0.8376671 -0.1195603 0.1729345 0.5451071 0.6753834 0.5794300 0.8312953 0.8192164 0.5449724 0.9332445 0.3818526 0.6556756 0.7012570 0.4506855 0.2769577 -0.4654592 0.3601003 0.7299527 -0.3518460 -0.2573183 0.4240799 0.2296569 0.6724192 0.6761224 0.6049409 0.3194445 0.4933199 0.4926647 0.4519074 0.4787797 0.6765917 0.5843205 0.4781439 0.3062384 -0.2895709 -0.5835470 -0.3010968 0.4243416 0.2465959 0.5164280 0.2100700 0.1978225 0.2897161 0.3419174 0.1962021 0.2682226 0.6001875 0.4741657 0.0765271 -0.3235203 -0.1371304 0.0121252 -0.0742122 -0.3102580 0.2098192 -0.0716135 -0.0685905 0.0157560 -0.1247112 0.4361449 0.0275579 -0.0332128 0.4360604 0.2218821 -0.0669647 -0.1475053
0.5323561 0.6626150 0.3179288 0.1663769 -0.0181281 0.6369372 0.0000000 0.4704742 0.2829080 0.1821628 0.4092493 0.6692136 0.3878986 0.4287832 0.2384325 0.2674888 0.6590321 0.2699036 0.2629914 0.5613815 0.7206711 0.5143981 0.1090951 0.6064489 0.2406541 0.2019320 -0.1729325 0.5602990 0.5597177 0.3729437 0.6855779 0.1863394 0.4008280 0.5737278 0.4069379 0.5360267 0.3304383 0.3645816 0.4331199 0.5626474 0.4294897 0.5199467 0.5097651 0.3516079 0.4312417 0.3987105 0.3046243 0.1640758 0.3458775 0.1399434 0.3873481 0.3975679 0.3429344 0.2468730 0.3349084 0.2969480 0.2991609 0.1478069 0.2410411 0.3309801 0.3510606 0.3310158 0.0912179 0.3941902 0.2923461 0.2207228 0.2383240 0.1184968 0.2700441 0.2829945 0.4423601 0.3834886 0.2959016 0.2008032 0.4103318 0.3357647 0.0859343 0.4359246 0.1940869 0.2644198 0.1063319 -0.1380883 -0.3351236 -0.3395713 -0.5099517 -0.5164973 0.2038388 -0.4861317 -0.5391731 -0.3911269 0.0400038 0.4437427 0.4919285 0.0248808 -0.3569853 0.4209189 0.5054379 0.3361716 -0.2634391 -0.3728848 0.1612485 0.0898920 -0.2595810 -0.0049324 0.3176529 0.2742913 -0.0670823 -0.0384454 0.4188795 -0.0450148 -0.0148584 0.3847922 -0.1478903 0.0735561 0.2127510 -0.0538531 0.0057116 0.3587024 -0.1870792 0.3656626 0.3398042 -0.0770083 0.4397146 -0.3287797 -0.0552181 0.3798671 0.2776565 0.4456091 0.2774824 0.0743782 0.1877180 0.3484127 0.1128545 0.1360544 -0.0068181 0.2118379 0.2679011 0.3968133 0.4302566 0.5297395 -0.0125057 0.5947320 0.5759808 0.2412476 0.5774601 -0.1665567 0.5038693 0.2274064 0.1851484 0.5387481 0.4677952 0.2794165 0.5646335 -0.0815894 0.2528942 0.1280020 0.3136937 0.1899669 0.5321022 0.4745428 0.3261400 0.6227869 -0.0542482 0.3237152 0.4893866 0.1921587 -0.0619536 -0.5024632 -0.1810436 0.5603611 -0.3801443 -0.1245470 0.7900242 0.6348874 0.6418902 0.7364885 0.8040960 0.7971078 0.7342632 0.5723005 0.5031416 0.5370742 0.3747204 0.3643002 0.0877186 0.0849923 -0.0905161 -0.4037349 -0.2060218 0.2876002 0.3173217 0.4701334 0.4187389 0.4710296 0.3704646 0.4845445 0.3579278 0.3593888 0.1020489 0.5163235 -0.0359855 -0.2202985 0.1818051 0.2194248 -0.0333391 -0.3723032 0.5217224 0.0668943 -0.1301683 -0.3430673 0.1096970 0.5575732 0.0224727 -0.1462285 0.5582423 0.3748925 -0.3178080 -0.0014049
0.6377441 0.8470858 0.6402739 0.8404089 -0.1045624 0.8385730 0.4704742 0.0000000 0.6530948 0.6296771 0.8990081 0.6780207 0.8905376 0.4580424 0.6070376 0.8533454 0.4155580 0.1712449 0.8726185 0.2477971 0.7947138 0.8723072 0.6534939 0.5604575 0.8527775 0.7974927 -0.2519037 0.0868369 0.8473507 0.0778769 0.7635826 0.8618883 0.0612187 0.5265911 0.8606681 0.8349969 0.8215798 0.8968817 0.6776856 0.4800620 0.6432298 0.9177712 0.8470978 -0.0199103 0.9536350 0.8496188 0.8770358 0.8489070 0.3498143 0.7002528 0.8801197 0.7358628 0.7662538 0.4131799 0.8558483 0.8642842 0.8273433 0.4169379 0.8282912 0.8105807 0.9295739 0.7613725 0.6622203 0.8523809 0.7609155 0.8461997 0.8531571 0.7334842 0.9094485 0.8917002 0.8401162 0.9643562 0.8599561 0.7304002 0.9369524 0.8337872 0.7315050 0.1795110 0.4629447 0.7371419 0.2656172 0.1338539 0.1857559 0.1017952 0.3146378 -0.4753416 -0.3652158 -0.0611824 -0.4560561 0.1788514 -0.1037742 0.2388426 0.4219464 0.3474919 -0.0420085 0.4532091 0.6079134 0.2241796 0.4714094 0.1940937 0.6438106 0.4731458 0.2333757 0.4082881 0.3833529 0.3926484 0.5409177 0.5209252 0.5473669 0.5928812 0.5358533 0.6056068 0.2486922 0.5167154 0.5850809 0.2921247 0.3564745 0.5778935 0.0651117 0.5791773 0.7365270 0.3622918 0.5927035 0.4976547 0.3163898 0.5041980 0.7169064 0.5437818 0.4321526 0.6419752 0.6546190 0.3536020 0.1685063 0.2814768 0.0776414 0.2046766 0.4100858 0.5272156 0.4251089 0.6707917 -0.0587254 0.7170483 0.7389239 0.5457183 0.4245908 0.0088437 0.5861265 0.4481104 -0.0834112 0.8554188 0.6466142 0.6780117 0.7553544 -0.0381767 0.3068571 0.5706587 0.6449402 0.6543397 0.7041243 0.6601720 0.4608673 0.8376580 0.4863247 0.6388722 0.6134222 0.4583056 0.3216666 -0.4391484 0.4101552 0.5206506 -0.4579435 -0.4258709 0.3961146 0.1881154 0.6693321 0.5733688 0.4493607 0.3146150 0.5096045 0.6850096 0.6127330 0.6113157 0.8254505 0.7129617 0.7502044 0.6197291 0.0228640 -0.4418163 -0.1995274 0.5268295 0.5099415 0.7921133 0.3712607 0.3222998 0.4615194 0.3940450 0.3610355 0.3768265 0.6024496 0.5834840 -0.0586886 -0.4940183 -0.3335307 -0.1958982 -0.2160873 -0.4133413 0.2350534 -0.1023570 -0.3436846 -0.2635486 -0.2077086 0.3940663 -0.1076691 -0.0125391 0.4360271 0.1842045 -0.2732939 -0.3593055
0.5771904 0.7264368 0.3730136 0.8704146 -0.1254935 0.7868235 0.2829080 0.6530948 0.0000000 0.9751241 0.6470637 0.8636705 0.7839962 0.8925439 0.9839497 0.4760393 0.3372302 0.5353353 0.5052918 0.3021510 0.7354410 0.4300279 0.6105231 0.7957229 0.4976270 0.4662533 0.4089317 0.3655340 0.8441924 0.5899640 0.3725530 0.7941513 0.4436929 0.7641677 0.6006694 0.5087692 0.7986420 0.6052377 0.8081638 0.5479011 0.3065106 0.6756746 0.7214499 0.4487244 0.6463549 0.5922816 0.7675095 0.5905672 0.6158054 0.6156764 0.8066378 0.6174363 0.7217698 0.7015092 0.5393924 0.6396172 0.8275165 0.7514144 0.6705171 0.8455790 0.5753258 0.7621412 0.5526873 0.6277630 0.3623520 0.6763459 0.8063961 0.8288544 0.6885559 0.7851345 0.7057355 0.7081104 0.7248331 0.3301566 0.5665965 0.7623650 0.4728360 0.0577556 0.7064457 0.7115674 0.3992433 0.2893136 0.1908940 0.1378617 0.3092919 -0.5185240 -0.6767775 -0.4567894 -0.6577167 -0.2471729 -0.5214840 -0.2302813 -0.0448428 -0.1594188 -0.3586277 -0.0396995 0.0279788 -0.3521885 0.3922916 -0.0812252 0.1692080 -0.2601665 0.0010762 0.0742437 -0.2053001 0.0596393 -0.0645719 0.0137975 -0.0639285 0.4390092 0.3934792 0.0820010 -0.3912748 -0.1154918 0.0774189 -0.3324210 -0.0921117 0.2598840 -0.4286512 0.1417794 0.2849365 -0.0500760 0.4718899 0.2477204 0.1612890 -0.0642079 0.2061748 0.4399483 0.2490047 0.2048025 0.2809900 0.2436819 -0.3889458 0.1355077 0.0321350 0.2647631 -0.0701369 0.2390119 -0.1560622 0.3780983 -0.4275456 0.3046398 0.6071085 0.4180304 0.2849926 0.0233844 0.1568047 -0.0518392 -0.2594070 0.4837495 0.4025939 0.2558365 0.5699530 -0.2976225 -0.2160495 0.5704934 0.5063793 0.2816576 0.5944134 0.6798648 0.1674517 0.6891690 0.6034432 0.5190410 0.4783708 0.3730793 0.2233705 -0.5657960 0.3558542 0.6348432 -0.4830194 -0.3697961 0.2942798 0.2886308 0.6974481 0.5695780 0.4686771 0.1735002 0.0554608 0.3110842 0.3742093 0.2918747 0.6295267 0.5821536 0.5121066 0.3654153 -0.1803991 -0.4047749 -0.1750774 0.3562340 -0.0483333 0.3230730 0.0803237 -0.0055659 -0.0352728 0.0870027 -0.1483461 0.1232211 0.6842408 0.0678428 0.0116007 -0.2990136 -0.0771326 0.1832597 -0.0167255 -0.0031704 -0.1454555 0.0043651 -0.0675181 0.1816765 0.0137084 0.2090636 0.0707756 0.1789271 0.4517571 0.2568090 0.0495459 -0.2511813
0.5939838 0.7143387 0.4477303 0.8614708 -0.0648857 0.6913378 0.1821628 0.6296771 0.9751241 0.0000000 0.5914696 0.7729733 0.7913649 0.8787785 0.9736986 0.4223016 0.2055178 0.4770516 0.4637018 0.2078935 0.6490425 0.3472853 0.5488842 0.7538155 0.4475464 0.4390484 0.3941107 0.3237047 0.8010903 0.5351956 0.2464388 0.7675470 0.4312280 0.7136390 0.5472162 0.5170587 0.7744692 0.5275465 0.7384048 0.4899998 0.2180254 0.6589067 0.6301577 0.3824682 0.5889912 0.5112800 0.7327013 0.5529203 0.6304524 0.5553513 0.7652629 0.5692626 0.7156507 0.6662812 0.4698197 0.5903563 0.8250594 0.7476794 0.7110970 0.8338262 0.5763689 0.7403167 0.5695148 0.5796342 0.3364559 0.6903899 0.8203379 0.8238705 0.7025703 0.7713167 0.6901862 0.6947566 0.7240551 0.4006285 0.5601627 0.7549967 0.5538760 0.0376999 0.7506800 0.7616657 0.4627915 0.3676230 0.3352371 0.2567156 0.4197190 -0.4237141 -0.6579942 -0.3557389 -0.5528564 -0.1717306 -0.5341558 -0.3348249 -0.0969817 -0.0770857 -0.3927074 -0.1123949 -0.0542670 -0.4153453 0.4469917 0.0494173 0.1901927 -0.2648521 0.0607942 0.1655694 -0.2576017 0.0096320 -0.0118953 0.0465253 -0.0629013 0.4420863 0.4005650 0.0907600 -0.3236177 -0.1066206 0.0806532 -0.2786455 -0.0627630 0.2674343 -0.3397698 0.1946248 0.3072306 -0.0248475 0.4814367 0.2903855 0.2231110 -0.0304041 0.1824303 0.4062957 0.2552245 0.2434502 0.2912400 0.1849200 -0.4659210 0.2410570 0.0223086 0.2457751 -0.0417787 0.2338473 -0.2115840 0.3478712 -0.4259820 0.2495225 0.5067155 0.4319269 0.2527597 0.1084932 0.0871416 -0.1062035 -0.3550802 0.4223746 0.3324253 0.2452610 0.4779901 -0.2629944 -0.2565468 0.5974742 0.4812646 0.2442659 0.5294267 0.6233922 0.0573163 0.5990160 0.7076366 0.5068434 0.3631121 0.4174046 0.2913047 -0.5671181 0.3557856 0.5409108 -0.5177627 -0.4544292 0.2846722 0.3121540 0.6932282 0.5009383 0.3895363 0.1771447 -0.0206010 0.3390190 0.4362459 0.3483230 0.6712090 0.6443843 0.5916389 0.4354345 -0.0409164 -0.2941088 -0.0709630 0.4199794 0.0097088 0.3667284 0.1237032 0.0560377 0.0090281 0.1212892 -0.1247832 0.1179401 0.7348851 0.0418173 -0.1229713 -0.4161062 -0.1803316 0.1286914 0.0040857 0.0618118 -0.1433709 0.0000680 -0.1519847 0.1057058 -0.0486914 0.1792960 0.1030395 0.2218605 0.4943092 0.2672742 0.0747787 -0.2616151
0.5528477 0.7596405 0.4131802 0.8067067 -0.3290818 0.8624529 0.4092493 0.8990081 0.6470637 0.5914696 0.0000000 0.6553533 0.7507520 0.4262109 0.5850085 0.9567326 0.6060486 0.3365834 0.9172926 0.1958359 0.8013132 0.8513967 0.8536487 0.4497004 0.8623792 0.8737375 -0.1211876 -0.0415944 0.8408804 0.0991632 0.7770321 0.8380566 -0.1285902 0.4027680 0.9303797 0.8543419 0.8259036 0.9175590 0.8156731 0.5716956 0.6556503 0.9269907 0.9271740 0.0388180 0.9175605 0.9155280 0.8798413 0.8430991 0.2055164 0.8086878 0.8619706 0.8572607 0.6078957 0.6215548 0.9061241 0.9355304 0.7888664 0.4335087 0.8214368 0.7537205 0.8902983 0.8696288 0.7203913 0.7535687 0.5948702 0.7376678 0.8374585 0.8284491 0.8902934 0.9308603 0.8499067 0.9313402 0.9119025 0.5900694 0.9254238 0.8784655 0.5850577 0.3056651 0.5074866 0.6590387 0.3074325 0.1251127 0.1457127 0.0026892 0.3329840 -0.4332213 -0.4215157 -0.1105615 -0.4441734 0.2518809 -0.2607897 0.2297352 0.3626395 0.4042244 0.0655916 0.4015492 0.5686804 0.1146962 0.5847534 0.2176753 0.6941246 0.3583213 0.2496021 0.3997023 0.2756837 0.4231969 0.4786091 0.4614724 0.4455049 0.7120143 0.6656283 0.6298831 0.2101892 0.5020669 0.6212456 0.2362425 0.2866326 0.5727341 0.0312776 0.5846613 0.7317452 0.2885674 0.4867979 0.4831990 0.4883421 0.5001383 0.7053385 0.3999197 0.6307995 0.6594468 0.7306446 0.2429725 0.1787263 0.2065857 -0.0252557 0.0562247 0.3789799 0.6979427 0.4352411 0.7117935 -0.2371349 0.8283014 0.7602976 0.4372082 0.4464412 -0.1809953 0.6412684 0.4884845 -0.2152133 0.8902427 0.7275523 0.5843667 0.8619815 -0.2545544 0.1315638 0.4872837 0.6569082 0.5929166 0.8270169 0.7403599 0.4532041 0.9130588 0.4327797 0.5975899 0.5712936 0.2940160 0.2387726 -0.4947009 0.4157501 0.5235164 -0.5023420 -0.4559130 0.3310977 0.1206247 0.5797707 0.4674963 0.3664156 0.2212254 0.5062770 0.6329502 0.5854620 0.6138350 0.8363633 0.7374073 0.7094792 0.4901418 -0.1552782 -0.6476067 -0.3126450 0.5477143 0.4995599 0.6268660 0.2070478 0.3404964 0.4813645 0.4907130 0.4487377 0.2303215 0.5731697 0.6737762 -0.0711442 -0.4243910 -0.3391829 -0.2916217 -0.3320388 -0.3888131 0.3000176 -0.4061497 -0.3106298 -0.0589535 -0.3501278 0.3404786 -0.2396740 -0.1299233 0.3571423 -0.0726836 -0.2350783 -0.3554650
0.6906371 0.8396115 0.3256165 0.7294208 -0.2435458 0.8795270 0.6692136 0.6780207 0.8636705 0.7729733 0.6553533 0.0000000 0.7143626 0.8226766 0.8543926 0.4874583 0.5683198 0.4626979 0.5313125 0.5069144 0.9183137 0.5717833 0.5189331 0.8325093 0.5232275 0.4325209 0.2440209 0.4825385 0.8911483 0.5409703 0.6013294 0.6643594 0.4848247 0.8386408 0.6150294 0.5961529 0.7207195 0.6555530 0.7893738 0.5801555 0.3537626 0.7289020 0.7801790 0.4609905 0.7012874 0.6608525 0.7267924 0.4749158 0.5866806 0.5263640 0.7823167 0.5876819 0.7232797 0.5803540 0.5325576 0.6103446 0.7286537 0.5854520 0.5447017 0.7384944 0.5688017 0.6624899 0.4147794 0.6948119 0.4327961 0.5370445 0.6728334 0.6443261 0.6155181 0.6911889 0.6949246 0.6952648 0.6183178 0.2788633 0.5816556 0.6843699 0.3379225 0.1702748 0.5459543 0.5925162 0.2430820 0.1305122 -0.0694063 -0.0155479 -0.0229293 -0.6615343 -0.5248794 -0.5351830 -0.8213792 -0.4055369 -0.3146252 0.0919172 0.2441725 -0.1679918 -0.4044461 0.2290036 0.2804168 -0.0927505 0.1073977 -0.3030456 0.1528007 -0.1341977 -0.1348757 0.0434169 0.0560252 0.2125050 -0.0910097 0.0298796 0.1497986 0.3039517 0.3070012 0.1981577 -0.4294694 -0.0800530 0.1116567 -0.3207718 -0.0462943 0.3250081 -0.4613210 0.1840156 0.3368113 -0.0148612 0.5781868 0.0329476 -0.0269696 0.0289525 0.3223056 0.6122907 0.1937574 0.1647724 0.2310202 0.4209746 -0.1944705 0.0771356 0.0636317 0.4064582 -0.0111616 0.2418153 0.0359595 0.4710650 -0.2878627 0.4567744 0.7790438 0.3665054 0.3732213 -0.0134711 0.2865489 0.0232574 -0.0354394 0.5983659 0.4927401 0.3038332 0.6614593 -0.2221896 0.0186793 0.4295619 0.5664700 0.3194839 0.7273459 0.7437899 0.3600834 0.8022069 0.3908437 0.5338811 0.6510685 0.3963579 0.1406389 -0.5630167 0.2554947 0.7506719 -0.4427274 -0.2553132 0.5735806 0.5038226 0.8396538 0.8517178 0.8049406 0.4781918 0.4623291 0.4558233 0.4468456 0.3915329 0.5839754 0.5383341 0.3513100 0.2306357 -0.2773481 -0.5665405 -0.2991661 0.3308700 0.0269060 0.4410955 0.2765795 0.1187708 0.0462165 0.1803071 0.0269307 0.3566699 0.4897174 0.2531325 0.0023338 -0.2746589 0.1226978 0.3547845 -0.1121541 -0.2713602 0.0033414 0.0594202 -0.1658171 -0.0248901 0.1085228 0.4445448 -0.0367553 0.0050507 0.6018538 0.3804345 -0.2277060 -0.2905350
0.5400054 0.8159952 0.7653001 0.8456760 0.1463902 0.7978278 0.3878986 0.8905376 0.7839962 0.7913649 0.7507520 0.7143626 0.0000000 0.6638367 0.7538511 0.6556060 0.3432808 0.2821976 0.6580452 0.4125111 0.7689667 0.7129742 0.6017067 0.6536529 0.6573260 0.6380020 0.0517439 0.2087008 0.8724036 0.3313734 0.5997349 0.8482913 0.2241303 0.6761173 0.7394530 0.7140225 0.7584606 0.7417093 0.7204679 0.5501910 0.5576460 0.8127723 0.7598305 0.0912032 0.7924051 0.6794967 0.7961440 0.8199441 0.4752407 0.6496166 0.8145435 0.6987829 0.8226715 0.5112669 0.7529365 0.7831349 0.8337453 0.5664140 0.7396418 0.7862575 0.7536546 0.7399133 0.6675561 0.7865451 0.5748053 0.8768960 0.8065459 0.7644543 0.8510096 0.8602664 0.8267613 0.8504615 0.7778629 0.6515849 0.8154766 0.8118082 0.7056200 0.1386894 0.6385381 0.8096145 0.4090406 0.1246456 0.1318336 0.0005795 0.2186758 -0.4550203 -0.3921851 -0.2518819 -0.4889517 -0.0995247 -0.1559237 0.0961465 0.1959043 0.0553340 -0.1589984 0.2948215 0.4292944 0.0571487 0.3855022 0.0344035 0.3654555 0.1477597 0.1697158 0.1320305 0.2096595 0.2417481 0.2508956 0.3021460 0.3850714 0.3296936 0.4259804 0.3241042 0.0171886 0.1488828 0.2252875 -0.0506601 0.0180241 0.2683568 -0.2170312 0.3845869 0.5140100 0.1797529 0.5413454 0.2747391 0.1635037 0.2758188 0.5246495 0.6636560 0.2999195 0.4212782 0.4733184 0.4248588 -0.0115353 0.1953514 0.1225652 0.4131506 0.2375526 0.3670265 0.1729258 0.6072156 -0.0346705 0.5268174 0.6945079 0.5436096 0.4200315 0.1870646 0.3948930 0.1943571 -0.1600917 0.7242345 0.5749268 0.6427527 0.6278127 0.0713885 0.1228773 0.5990146 0.6577690 0.5889159 0.6640381 0.6797986 0.3631677 0.7574245 0.6046596 0.6566275 0.5562995 0.5944307 0.4621024 -0.4604006 0.3323832 0.5767275 -0.4198071 -0.3691545 0.3062962 0.1810750 0.6451204 0.5066748 0.3883387 0.2398946 0.2854438 0.5331639 0.5189422 0.5166912 0.7296287 0.6543019 0.6598527 0.5479344 0.0137798 -0.2577203 -0.1485309 0.4360755 0.3038292 0.5990260 0.2456692 0.2359656 0.2813493 0.2806318 0.1060389 0.2546174 0.6753348 0.3149200 -0.0560808 -0.5858006 -0.2161494 0.0038262 0.0962727 -0.0911801 0.1021326 0.1675306 -0.2408660 -0.2678442 -0.0570157 0.3429162 0.1901248 0.1657473 0.5036287 0.4516286 -0.0477444 -0.1921475
0.5261215 0.6558218 0.3739951 0.6196246 0.0966360 0.6948440 0.4287832 0.4580424 0.8925439 0.8787785 0.4262109 0.8226766 0.6638367 0.0000000 0.8723510 0.2012190 0.3994567 0.6414575 0.1993356 0.4632045 0.6546645 0.1986216 0.3770805 0.8868346 0.1498007 0.2084762 0.4963949 0.6472684 0.7587347 0.8223962 0.2366492 0.5014600 0.6768016 0.8618451 0.4016282 0.4192606 0.6244091 0.3103246 0.7226085 0.6438274 0.1916176 0.5250036 0.5643818 0.6689362 0.4315138 0.3328232 0.5192369 0.3345702 0.7199141 0.3764803 0.5693422 0.5125306 0.6190412 0.6966493 0.2708417 0.3878809 0.6370402 0.7237040 0.4983332 0.6555644 0.3558594 0.6236354 0.4115484 0.4438660 0.1092035 0.4980139 0.5565477 0.6176256 0.4758126 0.5702410 0.6095563 0.4823212 0.5369960 0.1727523 0.3830431 0.6251263 0.3430736 0.2552098 0.7215128 0.6358907 0.4647515 0.2896840 0.1444997 0.0676886 0.0736150 -0.4021523 -0.4342178 -0.5476198 -0.5776777 -0.4364598 -0.4946797 -0.2103561 -0.0066677 -0.2459569 -0.4556079 -0.1421911 -0.1012498 -0.2971726 0.1278232 -0.2217695 -0.0656778 -0.4020496 -0.0726130 -0.0962649 -0.3389141 -0.0562649 -0.2550217 -0.1477037 -0.1328494 0.1909785 0.1460677 0.0342533 -0.5025942 -0.3223811 -0.0989049 -0.4337453 -0.1964464 0.2048217 -0.4453496 0.1621168 0.1986087 -0.1715295 0.5248595 -0.0774748 0.0469304 -0.0738497 -0.0168435 0.4383144 0.2339806 0.0173631 0.1570536 0.2704026 -0.4524156 0.1735419 0.1861453 0.2875908 0.0276005 0.1959866 -0.1504370 0.3417828 -0.3011434 0.2505247 0.5145680 0.3179048 0.4917359 0.0714943 0.1669646 -0.0844335 -0.1648653 0.3226854 0.3276292 0.2026346 0.5005802 -0.1638668 -0.2009751 0.4356567 0.4229510 0.1910552 0.5199238 0.6107901 0.0750767 0.5732947 0.4592565 0.4662905 0.4068585 0.3718937 0.2600147 -0.5594494 0.1954118 0.6632341 -0.4361170 -0.2416374 0.4437364 0.4534079 0.6755585 0.6033437 0.5276387 0.3648954 0.0156757 0.2966867 0.4006271 0.3294127 0.4903894 0.4947875 0.3453276 0.1948901 -0.0487475 -0.2379374 -0.1024590 0.2640533 -0.0298091 0.2084499 0.0447629 0.1425387 0.0123265 0.1522594 -0.2604950 -0.0063053 0.5289545 -0.0308415 -0.0905539 -0.2890348 0.0907536 0.3236776 0.1972814 0.1446506 0.0172450 0.1107361 0.0244552 0.0826078 0.1656191 0.1665496 0.2938862 0.2356255 0.5026046 0.4306312 0.1253297 -0.0447477
0.6043211 0.7241393 0.3378851 0.8559405 -0.1982938 0.7138391 0.2384325 0.6070376 0.9839497 0.9736986 0.5850085 0.8543926 0.7538511 0.8723510 0.0000000 0.4226581 0.2441434 0.4507689 0.4839499 0.2728308 0.7231534 0.3776193 0.5574566 0.7572018 0.4794986 0.4206538 0.4031501 0.3342640 0.8305861 0.5195799 0.2943652 0.7557564 0.4354287 0.7504177 0.5399538 0.4981392 0.7660857 0.5654402 0.7427819 0.4531715 0.1682502 0.6553166 0.6590678 0.3846389 0.6058922 0.5577364 0.7546685 0.5043716 0.5982644 0.5671766 0.7843602 0.5335839 0.7290309 0.6219706 0.4542917 0.5967209 0.8232342 0.6977371 0.6495403 0.8152096 0.5538134 0.6910017 0.5090926 0.6023760 0.3486955 0.6408342 0.7881530 0.7839338 0.6694374 0.7400166 0.6723857 0.6774203 0.6625441 0.3192737 0.5319037 0.7108196 0.4642991 -0.0064289 0.6810646 0.6865160 0.3546448 0.3601315 0.2437213 0.2361515 0.3510774 -0.4987776 -0.7360378 -0.4153405 -0.6616078 -0.2532680 -0.4758289 -0.2472832 -0.0354684 -0.1625586 -0.3822041 -0.0349019 -0.0048765 -0.3874860 0.3820520 -0.0654216 0.1471513 -0.2812032 0.0280504 0.1241359 -0.1903979 0.0744584 -0.0652654 0.0362572 -0.0653486 0.4216557 0.4110726 0.0581990 -0.4339242 -0.1589647 0.0400326 -0.3588879 -0.0873998 0.2312513 -0.4379680 0.1116766 0.2584222 -0.0425267 0.4820208 0.2401428 0.1214721 -0.1269953 0.2187332 0.4750694 0.1747136 0.1941004 0.2337214 0.2633914 -0.4096218 0.1520981 0.0282609 0.3303431 -0.1282972 0.1587835 -0.2359027 0.3063130 -0.4367091 0.2167920 0.5882462 0.3712250 0.1999876 0.0952246 0.0529849 -0.1628669 -0.3010646 0.4189527 0.3128749 0.1972089 0.4883440 -0.2776600 -0.2341026 0.5327297 0.4951497 0.2338423 0.5745733 0.6435781 0.1292841 0.6308309 0.6444601 0.4794935 0.4463929 0.3925830 0.2411715 -0.5514201 0.3554394 0.5901237 -0.4872049 -0.3845125 0.3228791 0.3559194 0.7410388 0.6000001 0.4963323 0.2007484 0.0678815 0.3254101 0.3948300 0.2921255 0.6187831 0.5897938 0.5070964 0.3458096 -0.1547127 -0.3960897 -0.1719631 0.3459398 -0.0733354 0.3343071 0.1241017 -0.0064884 -0.0808766 0.0491956 -0.1559862 0.1804161 0.6509454 0.0243971 -0.0839016 -0.3485916 -0.0511829 0.2485809 -0.0723131 -0.0200849 -0.2171130 0.0219641 -0.1830198 0.1089263 0.0288792 0.2125567 0.0063199 0.1528837 0.5145494 0.2977531 -0.0368780 -0.3462855
0.4204407 0.6476767 0.3319802 0.7176725 -0.3691029 0.7546514 0.2674888 0.8533454 0.4760393 0.4223016 0.9567326 0.4874583 0.6556060 0.2012190 0.4226581 0.0000000 0.5487705 0.1916530 0.9591719 0.0679232 0.6815418 0.8593356 0.8616442 0.2424323 0.9080558 0.9272598 -0.2145300 -0.2572631 0.7237104 -0.1235445 0.7194001 0.7949680 -0.3414353 0.1996199 0.9014899 0.7992016 0.7271379 0.9141040 0.6904944 0.4127307 0.5999098 0.8666479 0.8564631 -0.1913234 0.8787066 0.9035024 0.8213504 0.8360131 -0.0001352 0.8072233 0.7819580 0.7926268 0.5060219 0.4676459 0.9096147 0.9228176 0.6827683 0.2512371 0.7409596 0.6330415 0.8653451 0.7709213 0.7230651 0.7048050 0.5961156 0.6840260 0.7548201 0.7458021 0.8774344 0.8674991 0.7555368 0.8893189 0.8347229 0.5943806 0.9012979 0.8027592 0.5771989 0.2630344 0.3984108 0.5867279 0.2550371 0.0715635 0.1612269 0.0375152 0.3999762 -0.3626920 -0.4239897 0.0833860 -0.3445369 0.4027240 -0.1805362 0.2673798 0.3865367 0.4985751 0.2356194 0.4380996 0.6271660 0.2209507 0.5829085 0.3430209 0.7409519 0.5158576 0.3598018 0.4528446 0.3982682 0.4293474 0.6134707 0.6250674 0.5302905 0.7286846 0.6539991 0.6543231 0.3932965 0.6345657 0.6645010 0.3815044 0.3913036 0.5469644 0.1823865 0.5725815 0.7677556 0.4685117 0.4257615 0.6012339 0.5033444 0.5492553 0.8036287 0.3927271 0.5876586 0.7734239 0.7797135 0.2837281 0.3094556 0.1746258 0.0163230 0.0783143 0.4467813 0.6580628 0.4935154 0.6905955 -0.0689968 0.8210258 0.7240106 0.4185624 0.3449853 -0.0905252 0.6326383 0.5714024 -0.1510055 0.8876541 0.7176514 0.6477537 0.7807724 -0.1074269 0.2533529 0.4574912 0.6465125 0.6755731 0.7873277 0.6535289 0.5417448 0.8338302 0.3944305 0.5454266 0.5464901 0.3025389 0.3182081 -0.2861816 0.4845548 0.4024914 -0.3334901 -0.3673354 0.1985386 -0.0372405 0.4407262 0.3411594 0.2251688 0.0771175 0.5174327 0.5812653 0.5019714 0.5538801 0.7610621 0.6505486 0.6897898 0.4470856 -0.1564856 -0.6080117 -0.3203414 0.5035876 0.5408017 0.6240161 0.1874866 0.3002819 0.5125711 0.4493503 0.5024882 0.2447130 0.5122811 0.7117122 -0.0825048 -0.4146973 -0.4350214 -0.4138477 -0.4136136 -0.4534190 0.2695772 -0.4187776 -0.3654131 -0.0980651 -0.4607415 0.3048748 -0.3321724 -0.2314011 0.2433287 -0.1333708 -0.2547145 -0.3877979
0.2795878 0.4999569 0.1657917 0.2465227 -0.0812272 0.7614481 0.6590321 0.4155580 0.3372302 0.2055178 0.6060486 0.5683198 0.3432808 0.3994567 0.2441434 0.5487705 0.0000000 0.6120473 0.4001474 0.4391576 0.6320209 0.5057247 0.5825760 0.3855354 0.3161441 0.4527004 0.2373445 0.1703073 0.5612245 0.4277100 0.6047184 0.2983564 0.0029266 0.3594470 0.5561071 0.4955478 0.3188077 0.4580780 0.7427323 0.6663875 0.5551627 0.5287127 0.6697003 0.3279547 0.4453406 0.4869980 0.3157053 0.4242335 0.1357006 0.4155716 0.3505715 0.6715034 0.2205380 0.6611970 0.5642017 0.4817927 0.2057092 0.3015942 0.2216515 0.2183296 0.2916512 0.5912857 0.4768453 0.3894981 0.0409067 0.1699998 0.2357026 0.4441969 0.3941558 0.4970376 0.4690684 0.4286117 0.4702303 0.1069203 0.4388650 0.5665737 0.1026150 0.5589034 0.4374281 0.3705148 0.3687268 -0.3086440 -0.3573278 -0.4662392 -0.3342132 -0.4124175 -0.0549275 -0.3399184 -0.5081921 -0.2444607 -0.3404295 0.2634203 0.2279764 0.0575080 -0.0722882 0.1799608 0.3749002 0.1707813 -0.1108928 -0.2130660 0.1138341 -0.0038814 -0.1472621 -0.1483776 0.0799100 0.0694345 -0.0823189 0.0477074 0.2423174 0.1381542 0.0769900 0.2857853 0.0003265 0.0762751 0.1220962 -0.1122172 -0.0889732 0.2262916 -0.1809759 0.2762821 0.3857464 0.1420611 0.3547288 -0.1203435 0.1221342 0.3685363 0.2739282 0.3901323 0.4713783 0.2537128 0.3666553 0.3241626 0.0781197 -0.0316641 0.1017637 0.2259653 0.3450150 0.5187490 0.3845473 0.6926154 0.0896603 0.8062130 0.6356078 0.2653778 0.5715004 -0.0912148 0.5719841 0.4618630 0.1294886 0.6744263 0.7486327 0.4876107 0.6857090 -0.0103291 0.1652431 0.2482667 0.5787254 0.4290930 0.7786068 0.7136038 0.5225263 0.7319946 0.0448639 0.5122925 0.4816992 0.3094985 0.2349479 -0.2307657 0.1590538 0.5955746 -0.0758662 -0.0297118 0.3517557 0.1280963 0.3290610 0.4569367 0.4785635 0.3038720 0.5431298 0.2860779 0.2610087 0.4000737 0.3521528 0.3166860 0.1011135 -0.1090284 -0.3828006 -0.5161493 -0.2624986 0.2934997 0.2400160 0.2026000 0.0929607 0.2912916 0.3619126 0.4608342 0.3197328 0.1239954 0.2830352 0.5120926 0.0234464 -0.1859659 0.0038242 0.0055006 0.0403324 -0.2105263 0.4199415 -0.1880730 0.0739273 0.0601866 -0.1926044 0.4446732 0.1046825 -0.1592723 0.2909847 0.0758391 0.0577687 0.1854425
