0.0000000 0.6965964 -0.0450561 0.5200708 -0.0492226 0.5009304 0.4176149 0.6901272 0.4282685 0.0577329 0.2647581 0.4916904 0.0873746 -0.4195694 0.3983024 0.3950189 -0.2159342 -0.4083585 0.5361148 -0.1636763 0.3343501 0.2502701 0.3193322 -0.0676488 0.5662561 0.4420780 -0.2706166 -0.7664686 0.4694142 -0.4652619 0.4090029 0.3357991 -0.2263893 -0.0358415 -0.0337836 0.1567357 -0.0482229 0.1056344 -0.1499470 -0.4270122 0.3330576 0.5763512 0.0393328 -0.2033776 0.5530480 0.3121588 0.1098731 0.0604565 0.0310923 0.0641791 0.0639637 -0.2160156 0.4612059 0.0503664 0.0368318 0.1044770 0.0678262 0.2166422 0.3998505 0.0718348 0.5987781 0.4713543 0.1041917 0.4312454 0.7212826 0.1856626 0.4033851 0.4652877 0.0848614 0.3903189 0.2175922 0.7478064 0.4449557 0.5825046 -0.1708668 0.3643542 0.3113151 -0.1319219 0.2757489 0.2995582 0.1327067 0.1065032 0.2803273 0.6389799 0.5783998 0.4659920 0.1415781 0.6419455 0.5486382 0.6648596 0.0406897 0.1376972 0.2297756 0.6947397 0.3357329 0.3870207 -0.2672095 0.1712064 0.2012938 0.6543939 0.5100669 0.4504302 0.1788272 0.6754751 -0.1938526 0.5154878 0.3887992 0.0475343 0.0532039 0.3844094 -0.0901481 0.2711771 0.0455863 0.3516837 0.4209410 0.5148441 0.5155109 0.3944732 0.5117512 0.3225200 0.3357671 0.3541237 -0.1916322 0.2186676 0.2638884 0.2869984 0.3694412 -0.2975427 -0.0437504 0.2864265 0.3077608 -0.0388868 0.5012613 0.0770269 0.1002847 -0.0524645 0.2243199 0.1654857 0.2847185 0.3202039 0.5009100 0.4108548 -0.1185825 0.2707311 0.1721502 -0.2195851 0.4043490 0.3743088 0.5861248 0.3010898 0.0434644 0.1357994 0.3689915 0.2837171 0.0815168 -0.0438386 0.2558043 0.2476651 0.5355443 0.0378955 0.1994354 0.3328875 -0.2867145 0.0832965 0.2946323 -0.0458387 -0.4570480 0.5719000 0.5893747 0.3205128 0.2220793 0.4521741 0.7119521 0.0895573 0.4247313 0.2569306 0.2161635 0.2350061 -0.0286552 -0.1831186 0.1542988 0.1831434 0.5100796 0.4910033 0.0828760 0.3460199 0.1174826 0.1070524 0.3153326 0.2902048 0.2128171 0.3026348 0.2460692 0.2100173 0.1521550 0.2895266 0.3577252 0.2582180 0.3444582 0.2247748 -0.1334454 -0.4813398 -0.3168632 0.1048168 -0.1010720 0.1942715 0.1823938 -0.0240707 -0.4864514 -0.3734260 -0.4512483 0.2305012 -0.0365925 0.3230146 -0.0170238 -0.1991136 -0.3569078 -0.3228902
0.6965964 0.0000000 0.0755297 0.5158330 -0.0599571 0.6040743 0.3494938 0.4621121 0.6638959 0.3267288 0.1807928 0.6162922 0.0485809 -0.0229606 0.5658904 0.0371862 -0.1402723 -0.0434831 0.1402965 -0.2090284 0.4884240 0.2516558 0.0212342 0.2715705 0.2537442 0.3289300 -0.1463283 -0.3074230 0.5908364 -0.2616624 0.3924162 -0.1132526 0.2096943 0.3074592 -0.0871283 0.2385569 -0.1226082 -0.1390541 -0.3297551 -0.3957482 0.1446112 0.4514231 -0.2853592 -0.1369699 0.5306298 0.0006949 -0.1230876 -0.1281090 0.2248839 -0.2456440 -0.1493518 -0.4278421 0.5694783 -0.1828684 -0.2461987 -0.2336972 -0.2279144 0.0642622 0.1655841 -0.1831185 0.3625593 0.1843003 -0.1587576 0.4418181 0.5974639 -0.1366875 0.1482925 0.2081875 -0.0987938 0.3257429 -0.0815880 0.6697864 0.1837641 0.6932042 -0.2005518 0.2729111 0.6682973 -0.1586785 0.0687838 0.4147162 0.1388188 -0.0674673 0.2118479 0.7286416 0.3528693 0.3758974 0.0470901 0.3009024 0.4918813 0.3832775 -0.0331111 -0.0575411 -0.0059496 0.5336953 0.4057606 0.1349875 -0.3888116 -0.0386740 0.1766719 0.4872683 0.2369516 0.2130246 0.2088529 0.6694352 -0.2253784 0.4494022 0.2339337 0.0861669 -0.0876133 0.2185929 -0.0218136 0.1701073 -0.0255914 0.1713413 0.3029383 0.2825062 0.2994042 0.2830656 0.2650857 0.2399408 0.1682649 0.1923375 0.0529272 0.1657138 0.1114708 0.2817639 0.1446504 0.0324078 0.1151775 0.1702353 0.2008422 0.0229984 0.3138782 0.1425843 -0.1973629 0.1283287 0.1983915 0.4099897 0.2269209 0.3638446 0.1646047 0.3227595 -0.0844326 0.3011796 0.3482999 0.0289820 0.2143111 -0.0094717 0.2183025 0.1242884 0.1611011 0.3492655 0.3358861 0.1723329 -0.3140854 0.1200401 -0.0145186 0.2960262 0.2684371 0.0252767 -0.1469338 0.1834363 -0.1965770 -0.0879803 -0.0485495 0.1000065 -0.2554221 0.1842355 0.2798427 0.0386305 -0.0862703 0.0964817 0.4218284 0.0273159 0.4810828 0.2403796 0.2112125 0.3465561 0.0076371 0.0304123 0.4626594 0.4068129 0.4728847 0.6148530 0.1361439 0.2641418 0.2036684 0.1866444 0.6109065 0.4647463 0.1802500 0.3679033 0.2533181 0.1307601 0.1112172 0.2885886 0.4291598 0.3449738 0.4208776 0.2812404 -0.1271689 -0.5777134 -0.0761826 0.2455645 -0.0565054 0.0251162 0.1224550 0.0835664 -0.3742094 -0.3279093 -0.3104609 0.3786266 0.0177005 0.4436901 -0.0683545 -0.0233576 -0.2265250 0.0012394
-0.0450561 0.0755297 0.0000000 -0.3120549 0.9449995 0.1699381 -0.3006791 0.1761709 0.0752437 -0.0676666 -0.4928426 -0.0190995 0.8352347 -0.4069681 -0.2640083 -0.5701885 -0.6328060 -0.1279269 -0.3414862 0.3678727 -0.0472837 0.2341269 -0.6351225 -0.3152163 -0.1446938 -0.2870635 -0.6315304 0.1106510 -0.0088112 -0.1624302 0.4188780 0.3328073 -0.1306290 -0.0900825 -0.0701318 -0.4429494 0.1938611 0.3576102 -0.3113022 -0.4303303 0.4034170 -0.2898815 -0.5564933 -0.2084062 -0.0796340 0.1048906 0.1246254 0.5886558 0.0371291 0.2935512 0.0857723 -0.3896300 0.1096877 -0.3563000 0.6845191 0.4941991 0.1661819 -0.1059692 0.4476025 0.0073167 0.0377947 -0.1804798 0.7639756 -0.2320849 0.2327554 0.2189267 0.0173379 -0.0546148 0.5582149 -0.0889403 -0.0278680 0.1185975 -0.1326891 0.2032400 0.0452317 -0.2247351 -0.0237601 -0.0229300 0.0082855 0.3899284 0.2583060 0.2842678 0.4075336 0.2605773 0.3489555 0.5311909 0.4551108 -0.2389704 0.5644517 0.1143088 0.5638130 0.3045678 -0.1563876 -0.4578659 0.6842187 0.3906391 0.4850690 0.0151641 0.7708844 0.1271462 -0.2909773 0.0755336 0.3364448 0.1089146 0.4317357 0.4051910 0.3168565 0.3021305 0.2452108 0.0698242 0.4705974 0.0493492 -0.0103157 0.1217301 -0.1271307 -0.1118499 -0.1006005 -0.3145433 -0.1690271 -0.1912333 0.0611746 0.0845194 0.1897369 -0.1702907 0.1445096 -0.2273839 0.1648872 -0.0309988 -0.0253884 -0.0251468 0.0684039 -0.0918962 0.0182422 -0.1037324 -0.2615922 -0.2818877 -0.1427604 0.0898420 -0.0636756 -0.1847006 -0.4986093 -0.3054638 0.2593583 -0.4361942 0.1030752 -0.0091939 -0.2603292 -0.2236097 -0.4102304 -0.1605037 -0.1713918 -0.1186842 -0.2410344 -0.4692649 -0.0543499 0.0555375 -0.3753048 -0.0380930 -0.2219520 -0.1667593 -0.0242166 -0.1283118 0.2895609 -0.4293628 -0.1723138 -0.0370095 -0.1195901 -0.4614463 -0.5069875 -0.3857263 -0.4007738 -0.5325936 0.2334694 0.2575893 -0.1706615 -0.0572808 -0.1299368 -0.2613306 0.0188947 0.1254484 0.0449338 0.1224477 -0.2462699 -0.0138403 0.4819076 0.4584594 0.6387873 0.5659255 0.0474680 -0.2783903 -0.2128873 -0.1680483 -0.2349209 -0.0106143 -0.1057530 -0.3577305 -0.3193651 -0.3010614 0.3854156 -0.2297807 0.1186281 0.0018177 -0.0072161 -0.3434697 0.6465168 0.2156970 -0.0287966 0.1864442 0.0491397 0.0870851 0.0729146 -0.4514338 0.4570554 0.1836702 0.0722904 0.2255745 -0.4447500 -0.3631912
0.5200708 0.5158330 -0.3120549 0.0000000 -0.3948312 0.7185347 0.3834789 0.6686301 0.7578045 0.6466579 0.7207052 0.7131288 0.0273867 0.1644909 0.8407793 0.5331105 0.1048270 0.3035975 0.5392156 -0.0838954 0.6660687 0.2459578 0.4916961 0.7164614 0.3699935 0.5999020 0.2030649 -0.1603774 0.7984559 0.0802635 0.3731842 0.0919615 0.4256458 0.6573030 0.1477735 0.6065504 0.1658694 0.1648806 0.1507356 0.1734376 0.2769834 0.7752953 0.2237259 0.3293573 0.7898507 0.2702596 0.1593569 0.0028096 0.5234261 -0.0358659 0.1632025 -0.0375851 0.7543030 0.4678291 -0.1894566 -0.0966109 0.1393654 0.6523938 -0.1671050 0.1766703 0.6418543 0.5930059 -0.3536817 0.8316570 0.4914008 0.1414551 0.5888991 0.6577999 0.0634046 0.7368642 0.4007816 0.6742511 0.6585440 0.6507001 0.3306717 0.7485404 0.6935010 0.3553676 0.5624079 0.0508162 -0.0207589 0.0540440 0.3053697 0.5465970 0.2931853 0.3459816 0.0264552 0.2638646 0.2524253 0.2681087 0.0315874 -0.0707738 0.1528816 0.3576548 0.2326711 0.2229316 -0.1965882 0.0988264 0.0365552 0.1229911 0.5316529 0.2776356 0.3021999 0.4434439 -0.0062467 0.4074961 0.2420857 0.2772370 0.1191224 0.2768688 0.0625765 0.2500657 0.2269270 0.4025391 0.4233818 0.3922676 0.3558220 0.4464107 0.2710736 0.3111288 0.2509388 0.1158883 0.1486181 0.0806758 0.2568145 0.0733649 0.0080000 0.1916681 0.2122760 0.4808519 0.5177886 0.2631348 0.2309058 0.0922601 0.2699200 0.4481153 0.5267113 0.5150271 0.3031696 0.4380256 0.4466105 0.5584497 -0.1364825 0.1687608 0.3085070 0.3489827 0.5549908 0.3885607 0.5175995 0.4451736 0.3684692 0.1251853 0.6792161 0.6925652 0.1493706 -0.0898728 0.4093738 0.5900951 0.5086635 0.2357813 0.2320891 0.5934919 -0.2796167 0.2985703 0.4166691 0.0878908 -0.0892581 0.5861032 0.5290534 0.5844359 0.4281996 0.5360710 0.3253022 -0.2649594 0.2248393 -0.0039770 -0.0501048 0.0331047 -0.3556533 -0.4199438 -0.1806693 -0.0603982 0.5763999 0.6305890 -0.2839942 -0.0162362 -0.3255930 -0.2770300 0.2385680 0.3010889 0.1286562 0.1424208 0.0675666 -0.1745870 -0.1208474 0.0880685 0.2214563 0.2790685 -0.0813868 0.1275184 -0.1933907 -0.4482840 -0.0922363 -0.1062391 -0.1380011 -0.0286104 0.2553073 -0.1504802 -0.3222193 -0.3985841 -0.1137450 0.0467927 0.0869332 0.2246023 0.0938381 -0.0921073 -0.2900188 -0.3114488
-0.0492226 -0.0599571 0.9449995 -0.3948312 0.0000000 0.0667065 -0.3645916 0.1274587 -0.0615094 -0.1439947 -0.4928587 -0.1579171 0.7938825 -0.4344838 -0.3973087 -0.5530227 -0.5713513 -0.0998303 -0.3078274 0.4234660 -0.1181967 0.0691026 -0.5979400 -0.4275737 -0.1125510 -0.3355742 -0.6127490 0.1128142 -0.1312792 -0.1262809 0.2228770 0.3953701 -0.2177292 -0.2247088 -0.0162540 -0.4750798 0.1808888 0.3474186 -0.2022299 -0.3063152 0.3291355 -0.3350354 -0.4405318 -0.1268772 -0.1795871 0.1311239 0.1601875 0.5366638 -0.0168287 0.3189802 0.1591102 -0.1954134 -0.0451415 -0.2232380 0.6660441 0.4920843 0.1946149 -0.0539538 0.4574426 0.1112310 0.0482949 -0.1143657 0.7388852 -0.3178493 0.1374420 0.1991756 0.0200568 -0.0314722 0.4680991 -0.1035550 0.0131666 0.0915140 -0.1074208 0.0878022 0.0894863 -0.2770421 -0.1685575 0.0343927 0.0178142 0.2245805 0.2925028 0.2827307 0.3321526 0.1002650 0.2739896 0.4232546 0.4944251 -0.2168438 0.4769858 0.1325230 0.4813141 0.2486578 -0.1524466 -0.4502353 0.4942694 0.3531918 0.4929927 0.0057620 0.6373088 0.0922415 -0.2129153 0.0427408 0.1710223 -0.0301282 0.4061302 0.3165833 0.2113002 0.2484339 0.3371412 0.0061958 0.4188813 0.0017984 -0.0049046 0.0178794 -0.2078290 -0.1870941 -0.1761183 -0.3536335 -0.2150799 -0.2564212 -0.0298275 -0.0099073 0.1408866 -0.2314531 0.1912073 -0.3280370 0.0793048 -0.0481709 0.0174557 -0.1043058 0.0478901 -0.0639447 0.0015017 -0.1187157 -0.1583192 -0.2585073 -0.1331152 0.1029446 -0.0534948 -0.2350514 -0.4424852 -0.3072019 0.2643743 -0.4429882 0.0928842 0.0043489 -0.2236374 -0.1547564 -0.3779943 -0.1607732 -0.1761656 -0.1689210 -0.2119670 -0.4456847 0.0107738 0.0611276 -0.2614018 -0.0833023 -0.1669226 -0.0992766 -0.0329613 -0.1017165 0.3203953 -0.3099848 -0.1434157 -0.0395155 -0.0599743 -0.4028972 -0.4128240 -0.2623686 -0.3313563 -0.3825141 0.1654332 0.2176305 -0.2269066 -0.0609339 -0.1209231 -0.2946565 0.0673423 0.0998374 -0.0992559 0.0304064 -0.2947044 -0.1242833 0.4824153 0.4374752 0.6506884 0.5376433 -0.0916670 -0.3546797 -0.2419840 -0.2294721 -0.2854564 -0.0341638 -0.1508355 -0.3913365 -0.4289944 -0.3588631 0.3105081 -0.3320627 0.2066231 0.1754598 -0.0007354 -0.3844198 0.6035877 0.2216730 -0.0860651 0.0811846 0.1462552 0.1810734 0.1752932 -0.4669551 0.4428478 0.0236939 0.1606257 0.1420557 -0.3179056 -0.3680345
0.5009304 0.6040743 0.1699381 0.7185347 0.0667065 0.0000000 0.2709965 0.7431894 0.9305095 0.7635781 0.5860247 0.8607433 0.3580562 -0.0424421 0.7256394 0.3249116 -0.0753261 0.1343513 0.2322870 -0.2664098 0.7821208 0.2795046 0.1714188 0.5290005 0.1904534 0.3429529 -0.0455907 -0.1088712 0.9303774 0.0399738 0.5050112 0.1764229 0.4130486 0.6321198 -0.1470625 0.5400527 0.1148953 0.2804842 -0.1230392 -0.1221140 0.4643265 0.7087339 -0.1337431 0.1559435 0.8340895 0.3441611 0.0311105 0.2158652 0.5618082 0.0834331 0.0759976 -0.2648585 0.8472407 0.1888489 0.1208876 0.0630372 0.1042024 0.4875223 -0.0266548 0.0692924 0.6780706 0.5594717 -0.0216816 0.6866812 0.7174951 0.1257488 0.5319205 0.6167264 0.1187868 0.7208487 0.1784210 0.7944133 0.6204179 0.8335443 0.1855195 0.6359298 0.7195476 0.2990529 0.5516451 0.1725591 0.3460782 -0.0556527 0.3768138 0.7470506 0.3743874 0.6439764 0.0232028 -0.0367087 0.5563013 0.2798266 0.0759860 -0.0885416 -0.0450767 0.0423113 0.5112401 0.3022452 -0.2030273 -0.1488985 0.3365426 0.1681056 0.1341811 0.1520622 0.3660649 0.4032710 -0.1552004 0.4850152 0.3336173 0.3139797 -0.0037560 0.3419204 -0.0234782 0.2081148 0.2006307 0.3301268 0.3055952 0.3393418 0.3085738 0.2181455 0.1760161 0.1327617 0.2195474 0.2006027 0.3803959 0.2290639 0.2263553 0.0386547 0.2057434 0.2557750 0.0884475 0.4918679 0.4836697 0.1506387 0.1521259 0.3275108 0.0564579 0.2363335 0.4082927 0.4482868 0.3005109 0.3700536 0.1141754 0.3098504 0.2478314 0.1793329 0.5115513 0.4364135 0.3123606 0.1575700 0.3182071 0.3055292 0.2763929 0.3853647 0.3751685 0.4612705 0.0691529 0.0989940 0.2565241 0.4962320 0.4843767 0.2233054 0.1576293 0.3296683 0.1242342 0.0589787 0.2400032 0.2439137 -0.0655572 0.3162388 0.2470261 0.3087161 0.1263223 0.3522128 0.3001891 0.1627670 0.5265958 0.2497397 0.1539339 0.0582517 -0.0090573 0.0108377 0.0305071 0.4542016 0.5577916 0.7987334 -0.0877284 0.4678406 0.1389822 0.1199945 0.3190079 0.3619017 -0.1158561 0.2213199 -0.0531961 -0.0949566 -0.0905638 0.0681986 0.2777740 0.2386947 0.2604420 0.0749543 -0.0961009 -0.5097456 -0.2773177 0.0006414 -0.0924196 -0.1720991 0.0891284 -0.0832172 -0.3238885 -0.2258795 -0.2293359 0.1013411 -0.0439007 0.0803884 0.2576565 -0.1438900 -0.3854305 -0.4012125
0.4176149 0.3494938 -0.3006791 0.3834789 -0.3645916 0.2709965 0.0000000 0.0856546 0.1806268 0.0360140 0.0600793 0.6871462 -0.4120137 -0.0473025 0.3413913 0.0756614 0.0471303 -0.2834197 -0.0379261 -0.5021511 0.6266490 -0.3011438 0.0498286 0.1781143 -0.3028567 -0.2012843 0.0106572 -0.4272438 0.3338374 -0.3760697 -0.1149756 -0.4614194 -0.0585068 0.1261563 -0.5165799 0.3049938 -0.5931282 -0.5140656 -0.1958912 -0.1653521 -0.3124370 0.2716835 -0.0904994 -0.3551879 0.3909408 -0.3865858 -0.5304612 -0.4361524 -0.2219166 -0.4054891 -0.5496818 -0.1516233 0.3145896 -0.1288178 -0.3180840 -0.4063961 -0.5517422 -0.2222622 -0.1771191 -0.5248441 0.2195052 -0.1054824 -0.1972637 0.1120387 0.5170685 -0.5154961 -0.2066649 -0.0220985 -0.3775772 -0.1478842 -0.3769213 0.1317175 -0.1172032 0.4152635 -0.5022705 -0.0254954 0.1399937 -0.1194926 -0.0783473 0.1959611 0.3982436 -0.2755549 0.0305731 0.2957986 0.2326660 0.1949833 -0.1783711 0.2184619 0.0221730 0.2632187 -0.1832456 -0.0779614 0.1412767 0.1074371 0.0666442 -0.1295843 -0.0967502 0.0382632 -0.1498392 -0.2047865 0.2019607 0.3547346 0.1989956 0.0850792 -0.1906267 0.0990585 0.2742042 0.0939914 -0.1335843 0.3240031 -0.1998251 0.2476278 0.3145092 0.2400224 0.3694648 0.4285403 0.2530147 0.3456722 0.3281143 0.3451284 0.1903746 0.2568777 -0.0955499 0.3517576 0.2346927 0.6738187 0.1223965 -0.0920274 0.1604553 0.2341666 0.0176752 -0.1972177 -0.1077630 0.0015093 -0.0851430 -0.1520784 -0.1653208 -0.1151482 -0.4927358 -0.0637302 0.2168159 -0.0454543 -0.0100860 0.5038440 -0.3165471 -0.0736886 -0.1814092 0.0800095 0.3370994 -0.2207253 -0.2939278 -0.0764784 -0.1463944 0.5856183 0.0191715 -0.0998323 0.2975044 -0.0808196 0.3982409 -0.0993220 0.2796398 -0.1165117 -0.1880633 0.0626008 0.1173571 -0.1156922 0.1551371 0.4734124 0.2112073 0.2789612 0.4957501 0.2951070 0.1307169 0.3544253 0.6531220 0.7603271 0.7564448 0.7588192 0.4799734 0.3280573 0.3392162 0.2070118 0.0134132 -0.0113568 -0.0288179 0.3754286 0.0811408 0.3534128 0.5566719 0.8031015 0.4712232 0.8066141 0.7077956 0.6696975 0.6777264 0.7779253 0.8384327 0.9066352 0.5831880 0.6338668 -0.0282558 -0.2187763 -0.1213072 0.5122067 -0.3300923 0.3086113 -0.0850918 -0.3462498 -0.2944789 0.1919035 -0.3449428 0.6094195 -0.1395473 0.4816491 0.1541692 -0.5116739 0.3248398 0.3486624
0.6901272 0.4621121 0.1761709 0.6686301 0.1274587 0.7431894 0.0856546 0.0000000 0.6294083 0.4155141 0.5134289 0.5332248 0.5635938 -0.4105198 0.4581598 0.5542361 -0.2941805 -0.1430126 0.6579426 0.0179278 0.3850484 0.4790312 0.4122519 0.2110505 0.5644826 0.5870314 -0.2288917 -0.4665755 0.7444771 -0.2113767 0.6816518 0.5092701 -0.0462287 0.3199820 0.0624797 0.3358135 0.3360652 0.5401222 -0.0609495 -0.3025919 0.6525924 0.7858431 0.0126090 0.0101945 0.7726815 0.5598497 0.3026698 0.4953641 0.3061466 0.3672635 0.2582886 -0.2125463 0.6468436 0.1947328 0.3621300 0.3833734 0.3786708 0.5956474 0.3843469 0.2848488 0.7935807 0.6726144 0.2450759 0.6811176 0.6890540 0.5083799 0.7754594 0.7790746 0.4555321 0.8003784 0.6303245 0.8694911 0.7985725 0.7564162 0.4158818 0.7554703 0.5626399 0.3526125 0.7062339 0.2262011 0.1722009 0.2491023 0.5607519 0.7531493 0.6270597 0.7503899 0.3714466 0.3441223 0.7120366 0.5474990 0.4246423 0.2830259 0.3442133 0.3267152 0.5873516 0.6788997 -0.0211727 0.2710201 0.4468910 0.4626526 0.4618365 0.5328269 0.4714775 0.5287552 0.1224444 0.7310459 0.5962631 0.4126943 0.3323781 0.5199467 0.2269460 0.4364792 0.2105960 0.6217592 0.5162127 0.5842036 0.6018971 0.4565856 0.4998433 0.3601591 0.5205258 0.4459204 0.2527489 0.1927569 0.4217840 -0.0766069 0.4217368 0.1133376 -0.0308923 0.6109731 0.6549256 0.3009599 0.5876466 0.2053361 0.1758584 0.2696295 0.5481770 0.3089738 0.4772022 0.4365119 0.4753100 0.5172271 0.1433440 -0.0657890 0.4133447 0.1946580 0.6091961 0.5285050 0.6019214 0.6380616 0.3306155 0.1640684 0.4456373 0.3744115 0.4305403 -0.0361968 0.4104017 0.5302936 0.6473090 0.2140470 0.5138334 0.5724942 -0.1178310 0.1294804 0.6034809 0.0521184 -0.2974052 0.5324141 0.4292302 0.3675669 0.1878309 0.4486437 0.5441960 0.0406937 0.2114527 -0.0113311 -0.1359280 -0.1946872 -0.3308522 -0.3652677 -0.1405595 0.1415248 0.6817538 0.7155742 0.0199780 0.3171042 0.0572001 0.0003357 0.0995979 0.0420810 -0.0366953 0.0016344 -0.0891438 -0.1680613 -0.2071886 -0.1031361 -0.0386079 -0.0172014 0.1352413 -0.1071005 -0.2830004 -0.5496259 -0.2746039 -0.3105810 0.2289243 0.1651565 0.2377224 0.0134285 -0.4711480 -0.3939229 -0.1952367 -0.2158164 0.2908094 0.1765757 0.1088694 -0.0150093 -0.6504133 -0.6166719
0.4282685 0.6638959 0.0752437 0.7578045 -0.0615094 0.9305095 0.1806268 0.6294083 0.0000000 0.8613817 0.6473117 0.7859044 0.2252941 0.1915537 0.8498347 0.2765925 0.0562838 0.3376281 0.1437715 -0.2066734 0.7219751 0.3402585 0.1863636 0.6716075 0.1820481 0.4104826 0.0828155 0.0451128 0.9074790 0.1421642 0.4497529 0.0685926 0.6193185 0.7635532 -0.0274705 0.4615475 0.1296327 0.1788172 -0.1107640 -0.0692673 0.3994423 0.6151565 -0.1122109 0.2448304 0.8001755 0.2100125 0.0126245 0.1407303 0.6989714 -0.1213180 0.0528971 -0.3163838 0.9051411 0.1715268 -0.0115157 -0.1061297 0.0401117 0.4930499 -0.2119208 0.0358059 0.4865086 0.4440846 -0.1577551 0.7806578 0.5869518 0.0791874 0.4225868 0.5202625 0.0702676 0.6945636 0.1343653 0.7564003 0.5305159 0.6956059 0.1850999 0.6092311 0.7424576 0.1370971 0.3869188 0.1703308 0.0427096 -0.0569097 0.2538947 0.7137710 0.2556274 0.4801996 -0.1077767 0.0013057 0.4459485 0.1500112 -0.0420068 -0.2606639 -0.1970876 0.1741019 0.4216033 0.1449399 -0.3726767 -0.2534178 0.2399701 0.2294844 0.1491245 -0.0251099 0.2413631 0.5098982 -0.2241103 0.3779264 0.1441577 0.1355055 -0.1502475 0.1746269 -0.0391049 0.0230948 0.0015806 0.2100857 0.2044549 0.2249419 0.2355251 0.1572484 0.0810992 0.0768514 0.1397680 0.1126168 0.2349759 0.1109067 0.0845051 0.0076186 0.0704683 0.1997630 0.0814091 0.3254097 0.3623705 0.1356564 0.0942106 0.2042404 -0.0365239 0.2374739 0.3415144 0.5107692 0.3711365 0.4084781 0.0615897 0.4262546 0.0255888 0.0819955 0.5278792 0.3436669 0.3241296 0.0264316 0.1852504 0.2547992 0.2530848 0.3668650 0.5529515 0.3273957 -0.1579890 0.0130349 0.0545586 0.4790324 0.2563535 0.1154072 -0.0697827 0.3169738 -0.0159468 -0.0465383 0.0426537 0.1706472 -0.2048679 0.2095792 0.2195270 0.1934747 -0.0567146 0.2294909 0.2413716 -0.0413457 0.4114350 0.0943507 -0.0100525 -0.0396353 -0.1959458 -0.1517647 0.0020087 0.3121452 0.4675636 0.7576410 -0.2299448 0.1911449 -0.0389713 -0.1022764 0.2311221 0.2607500 -0.1418626 0.1039541 -0.1338352 -0.2052976 -0.1749069 0.0188937 0.2567738 0.1411319 0.0627638 0.0612448 -0.1274230 -0.5074923 -0.2310171 -0.0633247 -0.1083502 -0.3256770 0.1867811 0.0403570 -0.3056011 -0.3588919 -0.2239897 0.0880772 -0.1111077 0.0829122 0.2905861 -0.0209031 -0.3552194 -0.3084837
0.0577329 0.3267288 -0.0676666 0.6466579 -0.1439947 0.7635781 0.0360140 0.4155141 0.8613817 0.0000000 0.7864925 0.6122974 0.0949751 0.5105242 0.7913155 0.2863264 0.4022810 0.6238334 -0.0206802 -0.1889333 0.6333214 0.1604059 0.2145822 0.8333059 -0.0556730 0.2113960 0.4290468 0.3852760 0.7956522 0.4816187 0.1631680 -0.0950743 0.8161116 0.9233330 -0.0768293 0.5108963 0.0948305 0.0948339 0.1849586 0.2699491 0.2254391 0.5039402 0.0604903 0.5262474 0.6832504 0.0861105 -0.0284413 0.0258853 0.7893560 -0.2314851 -0.0075626 -0.0498479 0.7767976 0.2799888 -0.1480109 -0.2651763 0.0008812 0.5658511 -0.5410788 0.0057118 0.2810866 0.3538527 -0.3199289 0.7655355 0.3186879 -0.0326080 0.2666098 0.3745774 -0.0764889 0.6561594 0.0994173 0.5035062 0.4582458 0.4535170 0.3159666 0.5733266 0.6541000 0.2294201 0.3377500 -0.0572871 -0.0156020 -0.2296790 0.0479067 0.3976884 -0.0877082 0.2651671 -0.1461084 -0.2721664 0.1384950 -0.1771588 -0.1434833 -0.3674761 -0.2101601 -0.0391915 0.1385365 -0.0234816 -0.3618416 -0.2869310 -0.0258136 -0.0982924 0.0249066 -0.1658171 0.1286410 0.1768684 -0.2359709 0.1504303 -0.0398073 0.1058551 -0.1155877 0.0628579 -0.0790380 -0.0666214 0.0271570 0.1114692 0.1165670 0.1273289 0.1330073 0.1525602 -0.0040713 0.0521422 0.0775015 0.0376112 0.2980355 0.1109623 0.1189506 -0.1954108 -0.0564388 0.3859926 0.1498473 0.3002505 0.3556870 0.1958410 -0.0917526 0.2920420 -0.0116673 0.3640355 0.4007357 0.4859455 0.3340575 0.3884083 0.0178699 0.3685296 0.0671857 0.0619101 0.6007674 0.5220850 0.2866126 -0.0375758 0.0799425 0.2359354 0.3059464 0.4415142 0.5316887 0.3874517 -0.0249236 0.0706149 0.1282950 0.5008377 0.1909409 0.2533142 -0.0326758 0.2634892 0.1535893 0.0769539 0.0519652 0.2932245 0.0434716 0.1139305 0.2048378 0.2668664 -0.0372096 0.2997427 -0.1743239 -0.1623029 0.3033050 0.0069122 -0.0792433 -0.1602445 -0.2028519 -0.1530604 -0.2015272 0.2029553 0.3084636 0.5876597 -0.4948051 0.0138570 -0.2611811 -0.2932432 -0.0094944 0.1927525 -0.2095206 0.0094356 -0.2386979 -0.3244105 -0.3055253 -0.0965835 0.1227989 0.0346084 -0.1881527 -0.1094286 -0.0546372 -0.3254120 -0.1434538 -0.0827089 -0.1115925 -0.4815662 0.0201113 0.0080308 -0.0902602 -0.2660433 -0.0241935 0.0716831 -0.1217550 -0.1977656 0.4288046 -0.0166502 -0.1447554 -0.2227314
0.2647581 0.1807928 -0.4928426 0.7207052 -0.4928587 0.5860247 0.0600793 0.5134289 0.6473117 0.7864925 0.0000000 0.4301030 -0.1290212 0.3703210 0.7481906 0.7791339 0.5673882 0.4122519 0.4290163 -0.2211809 0.4026013 0.2195604 0.7213546 0.6967906 0.3097480 0.5297552 0.5895710 0.0168209 0.6739788 0.3942022 0.1361594 0.0964841 0.5565610 0.6939353 0.1210709 0.5839908 0.2082947 0.2122486 0.4134772 0.3323941 0.2848830 0.6960515 0.4962875 0.5599454 0.6566372 0.3376054 0.1971047 0.0079195 0.6371472 -0.0597498 0.1910676 0.2223715 0.5823760 0.5299799 -0.2232745 -0.1749123 0.2133852 0.7097974 -0.4481991 0.2459724 0.3813127 0.6437944 -0.4537154 0.8227561 0.2183077 0.1834843 0.4754750 0.5783342 -0.1077825 0.7791013 0.3800355 0.4709521 0.7135774 0.2950520 0.4034366 0.7678282 0.5109364 0.3160117 0.5140011 -0.2892872 -0.1532534 -0.1992112 -0.0654715 0.2514322 -0.1239241 0.1018944 -0.2259422 0.0030327 -0.0460844 -0.1038620 -0.2496421 -0.2655569 0.0511059 0.2927356 -0.1266250 0.0150162 -0.4951448 -0.1076457 -0.2836378 0.0082492 0.2592637 -0.0252671 0.0317974 0.1962502 -0.3582392 0.0508475 -0.0367345 -0.0086192 -0.1352192 0.1386402 -0.2667098 0.0013710 0.0640511 0.2078806 0.2442362 0.3236555 0.3362797 0.3477863 0.2245714 0.1673895 0.1792712 0.1300777 0.1494701 0.2570564 0.0782842 -0.2133778 0.0729349 0.2048573 -0.0439624 0.4127830 0.4067220 0.2491935 0.1347699 0.3623424 0.2701408 0.4081888 0.5234092 0.2476539 0.4655130 0.4101988 0.4499025 0.5308981 -0.0191969 0.1524873 0.4846552 0.3818018 0.5584906 0.3096998 0.4759182 0.4761388 0.3575077 0.4069553 0.6160162 0.5792496 0.2519763 -0.0336187 0.4167568 0.4895962 0.4380238 0.3200388 0.2064258 0.4224535 -0.0277451 0.3059156 0.3629706 0.2275323 -0.0524613 0.4762892 0.5812384 0.4877776 0.2220221 0.6475375 -0.0711862 -0.2434455 0.2747668 -0.0944946 -0.1466137 -0.1818223 -0.3210429 -0.3286337 -0.2789661 0.0957493 0.5647241 0.6175363 -0.6226949 -0.1881324 -0.5559033 -0.5847290 -0.1975532 0.1372627 -0.1984805 -0.0767621 -0.1989390 -0.3871108 -0.3582511 -0.0528201 0.1072107 0.0008305 -0.4396409 -0.1718170 -0.0992716 -0.2858839 -0.1492422 -0.0167859 -0.3042657 -0.4518655 0.0459412 -0.0050673 -0.1385554 -0.3452948 -0.0355400 0.1290883 -0.2399709 -0.3514046 0.3094887 -0.0518537 -0.1232702 -0.2980754
0.4916904 0.6162922 -0.0190995 0.7131288 -0.1579171 0.8607433 0.6871462 0.5332248 0.7859044 0.6122974 0.4301030 0.0000000 0.0341378 0.0119687 0.7061054 0.2016599 -0.0341421 -0.0137113 0.0895757 -0.4461708 0.9261932 0.0239091 0.0517034 0.5235119 -0.0873729 0.0910323 -0.0011861 -0.2073321 0.8678795 -0.0818286 0.3081409 -0.1594112 0.3162472 0.5853776 -0.4348103 0.6061280 -0.2632833 -0.0993952 -0.1861343 -0.1354157 0.1386355 0.6453230 -0.2034467 -0.0581469 0.8197188 0.0027333 -0.2960252 -0.1096201 0.3230436 -0.1745656 -0.2859184 -0.2943484 0.8088885 0.0336858 -0.1123267 -0.1955352 -0.2444233 0.1998340 -0.1536563 -0.2851525 0.5931485 0.2894975 -0.1516753 0.5692566 0.7895972 -0.2079977 0.2318700 0.3600062 -0.1230879 0.4100928 -0.1238723 0.6212907 0.3323801 0.8323390 -0.1586948 0.4264875 0.6253157 0.1146515 0.3208749 0.2941245 0.4393191 -0.1726118 0.3035426 0.6928115 0.3837547 0.5449951 -0.0407097 0.0378993 0.4105430 0.3051576 -0.0238832 -0.1198766 0.0049926 0.0407935 0.4358986 0.1414802 -0.1770299 -0.1064403 0.1976616 -0.0045427 0.1598677 0.2574998 0.3735170 0.3174933 -0.1926840 0.4203567 0.3557649 0.2894534 -0.0786885 0.3884529 -0.1086971 0.2677938 0.2638599 0.3244641 0.3871081 0.4037830 0.3042836 0.3134140 0.2531504 0.2650531 0.2235096 0.2311565 0.2652884 0.2738613 0.2510050 0.3880144 0.1552717 0.2210976 0.1685815 0.4439884 0.3337136 0.0443590 0.0008265 0.2050251 -0.0455820 0.1475205 0.2218672 0.3088682 -0.0366275 0.2958529 0.1414033 0.1816966 0.1613034 0.4111040 0.2260139 0.3116708 0.1075786 0.1023178 0.3426351 0.0870319 0.0931441 0.2723596 0.1820290 0.6068696 0.0185975 0.0562156 0.2933664 0.3759225 0.5082156 0.1220775 0.2056112 0.1580022 0.0307728 0.0808480 0.2016412 0.1832596 0.0675425 0.4154327 0.2210551 0.3329145 0.3359089 0.3436090 0.2652205 0.2849452 0.6999168 0.5627158 0.4932812 0.4250757 0.2416719 0.1781439 0.1831732 0.4283221 0.3756658 0.5653376 -0.1092156 0.5395816 0.1255365 0.2579517 0.5442200 0.6808024 0.1826062 0.5893639 0.3031048 0.2632197 0.2706581 0.4211938 0.6211486 0.6273109 0.5071779 0.4039920 -0.1101054 -0.5593633 -0.2902614 0.2557004 -0.2112475 0.0341618 0.0233308 -0.2196245 -0.3788693 -0.1317331 -0.3828643 0.3598679 -0.0856079 0.3552802 0.2010468 -0.3386267 -0.1319043 -0.0865979
0.0873746 0.0485809 0.8352347 0.0273867 0.7938825 0.3580562 -0.4120137 0.5635938 0.2252941 0.0949751 -0.1290212 0.0341378 0.0000000 -0.4747497 -0.0822898 -0.1211370 -0.6052374 -0.0476600 0.1441259 0.4427440 -0.0335876 0.4862622 -0.2134190 -0.1344066 0.2442696 0.1547167 -0.5274085 0.0010879 0.2155832 -0.0979032 0.6684946 0.6062616 -0.1217145 0.0501185 0.1805551 -0.1950092 0.5442414 0.7182457 -0.1448550 -0.2989192 0.6840389 0.0878920 -0.3170977 -0.0039466 0.1542099 0.4842962 0.4345131 0.8157041 0.2047563 0.5892444 0.3872235 -0.2790115 0.2359290 -0.0327644 0.7720114 0.7106770 0.5214197 0.3120165 0.5438882 0.3401831 0.3656004 0.2520785 0.7087640 0.0972293 0.2746457 0.5807819 0.4999973 0.3850951 0.7816487 0.3767490 0.4591785 0.3633415 0.3558630 0.3771985 0.4933019 0.2574355 0.2188685 0.3722714 0.4772697 0.2714156 0.2149719 0.4472313 0.6305244 0.3921377 0.4858450 0.6928476 0.5756058 -0.1007059 0.6758719 0.2511588 0.7444269 0.4763287 0.1140770 -0.3280291 0.7375648 0.6648714 0.5257231 0.2291133 0.8026626 0.2047896 -0.0059796 0.2842697 0.5101757 0.2134252 0.5637062 0.5989248 0.5071778 0.5378668 0.4669961 0.2774782 0.5992578 0.2793798 0.1807270 0.4100085 0.1131810 0.1152980 0.1402101 -0.0552760 0.0289085 -0.0239270 0.2700483 0.1862236 0.3893435 -0.0896956 0.2919228 -0.4043984 0.2675492 0.1412332 -0.0352824 0.3270363 0.4356801 0.1975199 0.3079064 0.0504705 0.0542338 0.0475505 0.2620181 0.2311477 0.2401533 0.0448569 -0.1652952 0.0226231 0.3474762 -0.5032158 0.2824211 0.2267825 0.1515102 0.1540982 -0.0624652 0.3066621 0.1719035 -0.0642484 0.0444296 -0.1931609 0.2878625 0.0552879 -0.0455917 0.2751560 0.0940693 0.0819339 0.2879474 0.2966466 0.2213686 -0.1644648 0.2553946 0.0427647 -0.1210128 -0.1825016 -0.2193103 -0.0807856 -0.2092641 -0.2256580 0.3408758 0.0699986 -0.2731935 -0.2945649 -0.3855758 -0.4931598 -0.2943561 -0.1738161 -0.1904632 0.0412387 0.1523948 0.2983991 0.3943654 0.3534292 0.4249732 0.3198227 -0.0564631 -0.4014629 -0.2763171 -0.3514687 -0.3778959 -0.2895548 -0.3527231 -0.5393000 -0.5244115 -0.4321681 0.1342418 -0.4042645 -0.0116590 -0.1231363 0.0242240 -0.5358118 0.6667882 0.2121167 0.0669256 0.1781892 -0.0384750 -0.0929419 0.1932644 -0.6439190 0.5755704 0.1016852 0.0094184 0.3123041 -0.6734511 -0.6617971
-0.4195694 -0.0229606 -0.4069681 0.1644909 -0.4344838 -0.0424421 -0.0473025 -0.4105198 0.1915537 0.5105242 0.3703210 0.0119687 -0.4747497 0.0000000 0.4595430 -0.0737310 0.7942411 0.8036855 -0.3430888 -0.1356395 0.0736265 -0.0654006 0.0473059 0.6983290 -0.2972629 -0.1192419 0.8002704 0.7369341 0.0062339 0.6635033 -0.3411554 -0.5014754 0.8218447 0.6074422 0.0357208 0.2033563 -0.0714941 -0.3466232 0.3937304 0.6622852 -0.3621159 -0.1437777 0.1852256 0.6465288 -0.0963966 -0.3412273 -0.1158630 -0.4314774 0.4942339 -0.4978221 -0.1706414 0.1699513 0.1219055 0.1476114 -0.5982869 -0.5803249 -0.2046552 0.1061757 -0.7849791 -0.1835956 -0.4559190 -0.2110968 -0.5561171 0.2679165 -0.3621465 -0.3041872 -0.3588610 -0.3561910 -0.3287585 -0.0036345 -0.2369298 -0.2543802 -0.2213662 -0.2582961 0.0939704 0.0029699 0.2980572 -0.0804438 -0.2580793 -0.0948534 -0.3329608 -0.4009776 -0.3460054 -0.3010553 -0.5737514 -0.3915625 -0.3572117 -0.2985611 -0.4698287 -0.5380558 -0.3476259 -0.3040044 -0.1282703 -0.0497956 -0.4070595 -0.4132852 -0.2361534 -0.1131304 -0.4729630 -0.3336443 -0.1412857 -0.3586075 -0.1010261 -0.1035234 -0.1374868 -0.3487446 -0.3613419 -0.1183290 -0.1651588 -0.1808600 -0.0573045 -0.1567798 -0.0350786 -0.1763463 -0.0094993 -0.1237357 -0.1029251 0.1338791 -0.1056053 0.1135331 -0.0646925 -0.1448088 -0.0102455 0.0580635 -0.0052700 -0.0778241 -0.2269361 0.3107612 0.3050974 -0.0273460 0.0689827 0.0013350 -0.2536441 0.2261187 0.0269273 0.3082080 0.2087002 0.3388152 0.1435966 0.2754322 -0.1357074 0.2060927 -0.1252226 0.2114788 0.3791898 0.3325911 0.0013351 -0.3175509 -0.2597755 -0.0134906 0.2797648 0.3710636 0.3604142 0.1274145 -0.2144156 0.2084821 -0.1027402 0.2378476 -0.2944354 0.3195883 -0.3215816 0.0847223 0.1314570 0.2421337 -0.2403063 0.3319860 0.2494812 -0.2974411 0.1573200 0.1702590 -0.1501653 0.0234449 -0.5578631 -0.5186359 -0.0501820 -0.2096303 -0.1220703 -0.0226624 -0.1406497 -0.0686444 -0.1299159 -0.0851098 -0.1679148 -0.0238674 -0.5595474 -0.4460869 -0.5338005 -0.4617011 0.0262430 0.1268251 0.1341380 0.0331671 -0.0185868 -0.2015796 -0.1275495 -0.0566368 0.1013168 -0.0220019 -0.4355959 0.0292507 0.1089878 0.0782851 0.2314277 0.2171441 -0.2673460 -0.5666097 -0.1410984 0.1111222 0.2794070 -0.1602674 0.1771020 0.2842817 -0.3032524 -0.2300644 0.0590901 0.1367782 0.3786766 0.2983994
0.3983024 0.5658904 -0.2640083 0.8407793 -0.3973087 0.7256394 0.3413913 0.4581598 0.8498347 0.7913155 0.7481906 0.7061054 -0.0822898 0.4595430 0.0000000 0.3977193 0.4004953 0.4553061 0.1887417 -0.2267417 0.6225254 0.3748425 0.3764901 0.7944373 0.1923445 0.4453463 0.4374732 0.0435935 0.7412462 0.2461974 0.3454961 -0.0760175 0.7007749 0.8018708 0.0488937 0.4752687 0.1191139 0.0370697 0.1335813 0.1759583 0.2583746 0.5346313 0.1338408 0.4045200 0.6509522 0.0984978 0.0542268 -0.0412701 0.7068829 -0.2625677 -0.0190404 -0.1865722 0.8210082 0.2845674 -0.2719657 -0.2873109 0.0153759 0.4692794 -0.4580097 -0.0325322 0.2991405 0.3812352 -0.3502208 0.8308101 0.4324967 0.0338185 0.2759075 0.3627285 -0.0055976 0.5931717 0.0962590 0.5119646 0.4313003 0.4896379 0.1717587 0.5919514 0.7247585 0.1205353 0.3082393 0.1500990 -0.1170503 -0.0941794 0.1838377 0.5165494 0.1332030 0.3113062 -0.2061462 0.1310866 0.1834986 0.0429518 -0.0888732 -0.1664988 -0.0281766 0.2710141 0.2372058 0.0304107 -0.3376535 -0.0598045 0.0328936 0.0796698 0.2891257 0.0585200 0.3068089 0.5589580 -0.1679459 0.2618614 0.1435243 0.1569342 -0.1808400 0.2662059 -0.0096912 0.1044285 0.1421674 0.3191987 0.3551010 0.3667682 0.3294361 0.3531081 0.2205680 0.2538609 0.2320731 0.1516252 0.1321452 0.2486845 0.1177758 0.0926324 0.0710788 0.1921609 0.1199390 0.4207033 0.4063838 0.1423720 0.0770856 0.2407981 0.1826879 0.3201312 0.3977210 0.4624049 0.3075057 0.4657826 0.2307960 0.5496460 -0.0438747 0.2211256 0.4281792 0.3472269 0.3325898 0.0789311 0.2871498 0.2926244 0.2915959 0.3722018 0.6695882 0.5162492 -0.0953471 0.0054768 0.1515772 0.5306675 0.2607432 0.2321022 -0.0001589 0.4344676 -0.0917088 0.1623410 0.1242240 0.2264735 -0.1362590 0.2675243 0.4774958 0.3752535 0.0810696 0.3335488 0.1588453 -0.3176304 0.3457817 0.0213052 -0.0096159 0.0340366 -0.2646100 -0.2426233 -0.0738646 0.1588398 0.3927252 0.6205314 -0.4462539 -0.0287629 -0.3652378 -0.3167973 0.2459798 0.3453299 0.0568720 0.1919385 0.0180674 -0.1511906 -0.0965833 0.1116536 0.3793132 0.2344655 -0.1231088 0.1402440 0.0111385 -0.4552375 -0.0110293 0.1596890 -0.2540564 -0.3479098 0.0420834 0.1177915 -0.1643594 -0.4460464 -0.1204035 0.2663477 -0.2202200 0.1551283 0.1502402 0.0595189 -0.1433327 -0.2054077
0.3950189 0.0371862 -0.5701885 0.5331105 -0.5530227 0.3249116 0.0756614 0.5542361 0.2765925 0.2863264 0.7791339 0.2016599 -0.1211370 -0.0737310 0.3977193 0.0000000 0.3272173 -0.0952476 0.7470818 -0.1669452 0.0705047 0.3246906 0.9379908 0.2594802 0.5705433 0.7012608 0.3769583 -0.4027783 0.4282724 0.0743323 0.2718352 0.3249363 0.0227945 0.2315749 0.2528093 0.4854305 0.3355686 0.3966459 0.3618653 0.1202186 0.4172405 0.7349384 0.6216457 0.2583445 0.5053420 0.5712225 0.3848625 0.1822904 0.2528749 0.2806236 0.3567145 0.3094966 0.2662939 0.5225197 -0.0330957 0.1595229 0.4310000 0.6129966 -0.0255709 0.4315288 0.4685170 0.7481502 -0.2861276 0.6019103 0.1758603 0.4457569 0.6285269 0.6762908 0.0599226 0.6950117 0.5831187 0.3657129 0.7960087 0.2159899 0.3696466 0.7860952 0.2905267 0.3550702 0.6369029 -0.2739621 -0.1432266 -0.0227733 -0.0230254 0.1416389 0.0113328 0.0570244 -0.1818782 0.2264825 -0.0700030 0.0462874 -0.1369838 0.0180833 0.3102330 0.4248492 -0.1334482 0.1626297 -0.3959103 0.1044795 -0.2497187 0.1581420 0.2802272 0.1694961 0.0465829 0.1364410 -0.3131989 0.0370901 0.1228977 -0.0305741 -0.0983798 0.2283647 -0.3331506 0.1370908 0.0810718 0.2983729 0.3080335 0.4388881 0.4544340 0.3998559 0.3841882 0.2315202 0.3034612 0.2550199 0.1165514 0.3686151 0.0042999 -0.1412096 0.3092920 -0.0166705 -0.3090910 0.5082214 0.3837889 0.2551264 0.4006802 0.3495381 0.4135557 0.2809233 0.4876193 -0.1551883 0.4618974 0.2504095 0.7145905 0.4625732 0.0624883 0.1097112 0.2182842 0.1445901 0.6773458 0.6459546 0.7490301 0.6197258 0.2768453 0.1954116 0.3460855 0.5479009 0.5264417 -0.1681497 0.5779241 0.3326546 0.5991292 0.2121347 0.5038906 0.4150983 -0.1947660 0.3362964 0.6369024 0.0598170 -0.1044136 0.6551386 0.5814808 0.4232014 0.3865251 0.6625888 0.1815722 -0.0443823 0.2001683 -0.1423707 -0.1792606 -0.1682622 -0.3316707 -0.3199355 -0.1393848 0.0942233 0.7236041 0.5481686 -0.4140419 -0.1704502 -0.5368895 -0.5385847 -0.2185225 0.0360956 -0.1740207 -0.1415349 -0.1230325 -0.3302159 -0.2903063 -0.0313931 0.0446173 -0.0337081 -0.3995715 -0.1656374 -0.1700800 -0.2221924 -0.1135979 0.0135814 -0.2484972 -0.1795885 0.1391033 0.0615327 -0.1892588 -0.2760759 -0.0626836 0.0341047 -0.1592909 -0.2960824 0.0621166 0.0047634 -0.2040223 -0.2761764
-0.2159342 -0.1402723 -0.6328060 0.1048270 -0.5713513 -0.0753261 0.0471303 -0.2941805 0.0562838 0.4022810 0.5673882 -0.0341421 -0.6052374 0.7942411 0.4004953 0.3272173 0.0000000 0.5159547 -0.1460487 -0.2418092 -0.0038428 -0.0862473 0.3939060 0.4652002 -0.1566672 -0.0382126 0.9546733 0.3768399 -0.0096960 0.6162451 -0.4028259 -0.3663879 0.5552398 0.4329483 -0.0162309 0.2819541 -0.0852367 -0.2845130 0.5791108 0.6200717 -0.2428489 0.0224794 0.4862684 0.5983041 -0.0481861 -0.1763666 -0.0446748 -0.4004088 0.3935077 -0.4107592 -0.1666503 0.4143103 0.0309490 0.2916536 -0.5869168 -0.5430620 -0.1192979 0.1622634 -0.7699861 -0.1109053 -0.3371390 0.0361593 -0.5846114 0.3098497 -0.2717926 -0.2149924 -0.2981169 -0.2297756 -0.4421089 0.0745844 -0.1734557 -0.2573696 -0.0152092 -0.3131236 0.0351314 0.1275271 0.1504057 -0.0296447 -0.1068014 -0.2493747 -0.2423322 -0.4154191 -0.4363090 -0.3835292 -0.5896447 -0.4168188 -0.3853469 -0.1696672 -0.5747370 -0.5083550 -0.4640787 -0.2844341 0.0012894 0.0815691 -0.5480297 -0.4273819 -0.4028305 -0.0932690 -0.6281386 -0.3321335 -0.0630537 -0.2628276 -0.1955301 -0.1501974 -0.3864251 -0.4193195 -0.3326087 -0.2140954 -0.2833274 -0.0427156 -0.3454876 -0.1484417 -0.0026868 -0.1307744 0.0371132 0.0698881 0.0550643 0.2160594 0.0776210 0.1288651 0.0020854 -0.0202183 0.0117207 0.3100709 -0.0488285 -0.1290793 -0.0567960 0.2260862 0.0067727 0.1039693 0.0644423 0.0972897 -0.1623988 0.3772649 0.2413011 0.2837439 0.2354995 0.0022490 0.1746727 0.2271606 0.2235930 0.2594722 0.0486355 0.3149361 0.2980347 0.2839303 0.1286460 -0.0254910 0.1108937 0.0995296 0.1810212 0.4392814 0.2846400 0.3338526 0.0635479 0.1105443 0.2277583 0.1978199 0.0510846 0.3545621 -0.0584426 0.0748788 0.1666204 0.3843286 0.0187613 0.3618301 0.2535708 0.0118762 0.4408277 0.2890053 0.0281696 0.3639947 -0.5151488 -0.3689117 0.1583847 -0.0617117 0.0132757 0.0003072 -0.0126489 -0.0053784 -0.1682059 0.0683377 -0.0067873 0.0167129 -0.7093671 -0.3496377 -0.6404543 -0.5662375 -0.1803617 0.1838120 0.0106001 0.0642096 -0.0412701 -0.1672907 -0.1504619 0.0431468 0.1879042 0.0116579 -0.4785414 -0.0976771 0.2848563 0.0837761 0.2082278 0.4353521 -0.4021820 -0.5299819 -0.3541496 0.1775629 0.3554697 -0.1329262 0.1846787 0.4437319 -0.4573831 -0.4003915 0.1528806 0.0826011 0.5079800 0.2669327
