0.0000000 0.4165519 0.5152564 0.5242959 -0.0768093 0.4790033 0.2255970 0.6994033 -0.3175061 0.5208590 0.5621372 0.1017750 0.5198665 -0.0087091 -0.2336144 0.2746322 -0.0324461 -0.3131936 0.0960119 0.1462211 0.0449867 0.2979054 0.3594974 0.0166249 0.0183117 0.3998213 -0.2407076 0.0804024 -0.0360590 -0.3145248 0.2275717 0.2632500 -0.0750817 0.0873229 0.4175014 -0.1401409 0.1989144 0.2463666 -0.1079517 -0.0354899 -0.0407743 -0.1593618 0.0774151 0.2455113 0.1287945 0.1786849 0.3198462 0.1016169 0.2689665 0.1405273 0.1740145 -0.1498674 0.2871640 0.0941470 0.3167870 0.2069526 0.1833366 -0.0389534 -0.3025178 -0.1433551 0.2252343 -0.1966096 0.2601278 0.4463864 0.3573890 0.0240757 -0.1331648 -0.0987729 0.1384191 0.0243733 -0.1529227 0.5947356 0.1037658 0.5981137 0.0405180 -0.0206927 0.3421272 0.0512160 0.1603514 -0.0439089 0.3201135 0.5599938 0.4994036 0.3399196 0.2126930 0.3357265 -0.0425452 -0.1527620 0.1769805 0.5759565 0.1350236 -0.1481610 -0.2777208 -0.4038881 0.2551533 0.2369967 -0.3386600 -0.0867299 -0.0028292 -0.5414286 0.1500320 -0.1930571 -0.1743075 -0.0831860 -0.2836664 0.3086166 0.0498750 -0.2787236 -0.0262910 -0.2511820 0.3566616 0.2048637 -0.2068869 -0.3519558 -0.3735272 -0.4008113 -0.4919833 -0.3000930 -0.5767933 -0.1976451 -0.4097812 -0.4485686 0.0874648 0.0724647 -0.0802206 -0.0624886 -0.2360881 0.0434897 0.1538743 0.1286323 0.2363436 0.2670773 -0.1895354 -0.6362925 0.0127140 -0.1530692 -0.1542137 0.0803653 0.2087864 -0.2123842 -0.2842949 -0.3968541 0.1587699 -0.6827431 -0.3204591 -0.0197740 0.0124694 -0.0372812 -0.3419607 -0.1636799 0.0034600 -0.5027258 -0.2184040 -0.1877966 -0.2650117 0.2964979 -0.3129883 -0.2156749 -0.1973074 0.2258499 -0.0337390 -0.2726687 0.4741691 -0.0012399 -0.1703314 -0.1093206 -0.0893791 -0.4791981 -0.3949057 -0.2207193 -0.4496977 -0.5196899 0.1031322 -0.1999860 -0.1879953 -0.1294175 -0.0724350 -0.4468073 0.0455377 -0.0207910 -0.5883480 -0.0539419 -0.3126986 -0.3304583 -0.3484819 0.3467471 -0.2879907 -0.2104344 0.4652936 0.4712860 0.1518920 0.2587501 0.3838167 0.2163880 0.1195190 0.2232957 0.4720065 0.5082769 0.1058023 0.1665872 0.4667206 0.0065210 0.1295922 0.4543639 0.1495489 0.4001399 -0.0218064 0.4309627 0.2662834 0.2700481 0.1336102 0.0492189 0.1578086 0.0831952 -0.0549316 -0.0617002 0.1353755 -0.4146224
0.4165519 0.0000000 0.5519476 0.7317822 -0.2716859 0.8182944 0.7731344 0.5998455 0.4459122 0.1177979 0.4039271 0.7091839 0.1861172 0.3105788 0.5369522 -0.1765560 -0.0506430 0.5487690 -0.0841635 -0.4236562 0.6541282 -0.3491966 -0.1721352 0.5557016 -0.2944318 0.0551873 0.1518561 0.4342092 0.6076292 -0.1067717 -0.3777202 -0.2594815 0.4535695 0.6095489 0.0846400 0.6356149 -0.1177010 0.2000809 -0.2333286 -0.3002895 -0.0141428 0.6316135 0.0418837 -0.0533661 0.6349184 0.4296455 0.2830398 -0.0268777 0.6175241 0.2507708 0.1695777 -0.3664338 0.7634378 -0.1256804 0.4784621 0.3270762 0.1334648 -0.0968047 -0.2851344 -0.1093909 0.6481999 -0.1299635 -0.0204089 0.7677217 0.7847821 -0.1285528 -0.1883961 -0.4517579 -0.2274003 -0.2654652 -0.3637035 0.6490249 -0.4930501 0.6727291 -0.3592532 -0.5286468 0.6090036 -0.4933630 -0.4424202 0.2996965 -0.1383281 0.1188406 0.2339731 0.2274940 0.0074011 0.1706134 -0.2217101 -0.1557042 0.0756008 0.3162951 -0.1019283 0.2567148 -0.1120779 -0.2468110 0.2309642 0.1125466 -0.2256555 -0.2102341 0.1211341 -0.5667901 0.5338439 -0.2307378 -0.0849491 -0.0739063 -0.1912631 0.0779512 0.0086481 -0.0244695 -0.3094071 -0.0372715 -0.2216936 0.0274132 -0.1177549 0.0376466 -0.2464652 -0.2712902 -0.2619694 -0.3925336 -0.4248526 -0.4141285 -0.3473487 -0.1989446 -0.2846907 0.3497875 -0.2972168 -0.4061990 -0.2147824 -0.2334599 -0.2743059 -0.0733798 -0.2938729 -0.2875072 -0.4349958 -0.2081957 -0.5510061 -0.1989040 -0.5772802 -0.2765093 -0.3062087 -0.2516196 -0.1499651 -0.6275721 -0.3964946 -0.1767593 -0.5601374 -0.1919906 -0.4469833 -0.4978862 -0.4556960 -0.3812065 0.0386131 -0.3449178 -0.4971532 -0.0161436 -0.4063322 0.1539279 -0.0047532 -0.4916228 -0.2427060 0.2124900 -0.3524091 -0.3785104 0.2739663 0.2544828 -0.5252645 0.0043686 -0.0468728 -0.2778639 -0.0914550 -0.0570607 -0.4529208 -0.3390904 0.0774213 0.1417982 0.5953818 0.5389595 0.4473488 -0.0018919 0.5350017 0.4275898 -0.4536759 0.0490294 0.1236343 -0.0501159 -0.2357890 0.1526468 -0.4482332 -0.5720341 0.6820209 0.7062167 -0.2201339 0.6986556 0.7830172 0.1180401 -0.2779329 0.1040251 0.6475833 0.7794553 0.5078306 0.0087950 0.3662857 -0.2435433 -0.0282870 0.4498933 0.1428823 0.1598649 -0.2474332 0.0213274 0.3994157 0.3577619 0.0290981 0.4170876 0.0095733 0.4783371 0.3807366 -0.2665671 -0.0625299 -0.5654880
0.5152564 0.5519476 0.0000000 0.6612006 0.4803387 0.5779585 0.4001645 0.7771965 0.0798408 0.1816139 0.3393434 0.3830443 0.7448369 0.2544554 0.2761423 0.1122122 0.0347077 0.2113034 0.0896738 0.3143751 0.3560645 0.0293286 0.2613508 0.3293487 -0.0278922 0.4316884 -0.0618330 0.4252630 0.2776877 -0.0402545 0.2223655 0.1846477 0.3391009 0.3306688 0.5546027 0.2857662 0.2922872 0.1256503 0.1203922 0.0855035 0.1006163 0.1602970 0.4014037 0.2293788 0.2053944 0.3670036 0.3556852 -0.0777529 0.3283458 0.4028240 0.2390489 0.2289594 0.4224924 0.2021173 0.4260135 0.3981366 0.2991493 -0.0022086 -0.4594136 -0.0426212 0.2787592 -0.0891240 0.3369748 0.5058168 0.5307603 0.2843822 -0.2054354 -0.1567988 0.2613829 -0.0983601 0.0536289 0.4350198 -0.1246494 0.6802801 0.1723540 -0.1495996 0.1748062 0.0061549 0.0053997 0.1969699 0.3020119 0.2586006 0.3386382 0.0755159 -0.0941524 -0.0327398 0.0303812 -0.5003142 -0.0395042 0.2277032 0.2138420 -0.1078884 0.0596659 -0.5211506 0.3048897 0.0016174 -0.1808396 -0.2531601 0.0437092 -0.6947514 -0.0189145 -0.3937080 -0.2316711 -0.4415703 -0.3205997 0.2228443 -0.1929524 -0.3582629 -0.1855713 -0.2257775 -0.0767320 -0.0018902 -0.4075158 -0.3545320 -0.4128037 -0.5963683 -0.3909636 -0.3909647 -0.5906618 -0.2434424 -0.5112089 -0.4208456 -0.3370133 -0.2029344 -0.3140591 -0.0719396 -0.1820865 -0.0890894 0.0143661 -0.0403407 -0.1294794 -0.1024246 -0.4108004 -0.3842850 -0.2281865 -0.3384154 -0.3596715 -0.2658153 -0.3380284 -0.2208927 -0.1550144 -0.5462608 0.0595311 -0.3715584 -0.6364727 -0.4725908 -0.4598696 -0.4875294 -0.3191684 -0.4332551 -0.0100034 -0.5243781 -0.5786637 -0.1916496 -0.5008234 -0.1776740 -0.0626215 -0.6263238 -0.0681722 0.0943880 -0.3190239 -0.4756927 -0.1460088 -0.1818736 -0.5439035 -0.2961411 -0.3906655 -0.4017829 -0.3417738 -0.2657717 -0.4771459 -0.3666521 0.2647352 -0.0322730 0.1692784 0.3685458 0.3399935 0.0036793 0.4224378 0.3627116 -0.1628407 0.3841056 -0.0686838 0.0917545 -0.5098710 0.3127257 -0.1045037 -0.0129716 0.2741959 0.2917631 0.0568332 0.3053576 0.4122377 0.3019556 0.2027670 0.3116248 0.4120850 0.4125536 0.4159375 0.2252386 0.1393416 -0.2836346 -0.1746476 0.0789995 0.3622324 0.5741594 -0.2129304 0.0709764 0.2754133 0.4161563 0.0671303 -0.0267522 0.4766945 0.3084776 0.1238425 -0.2938687 -0.2986070 -0.6104908
0.5242959 0.7317822 0.6612006 0.0000000 -0.0751218 0.8927825 0.6503576 0.8162506 0.2527098 0.2691480 0.7541705 0.6539920 0.4782630 0.2249241 0.2484445 -0.0471491 -0.3101922 0.2982680 -0.0317863 -0.1670593 0.6714806 -0.2706808 -0.0534021 0.3718856 -0.0058177 0.2546726 -0.0785013 0.2178762 0.5709463 -0.3515540 -0.1317810 -0.0693326 0.3320416 0.6032275 0.3489099 0.4687050 0.0157969 0.3316514 -0.3091409 -0.2856439 -0.0711629 0.3780752 0.1751872 0.1051950 0.6463658 0.4516801 0.3503135 -0.0670164 0.7790718 0.4352453 0.3075008 -0.2140590 0.7890504 -0.0159850 0.5859667 0.3924956 0.1951829 0.0956569 -0.2036762 -0.0715054 0.6148482 0.0407826 0.2625376 0.8414986 0.7535103 0.0735872 0.0163873 -0.1571300 0.0807724 -0.1479973 -0.0078722 0.8714635 -0.0274197 0.7403401 -0.0426844 -0.2780857 0.6960936 -0.1410544 -0.2298017 0.2346038 -0.0923694 0.2009791 0.5157336 -0.0026475 -0.0635009 0.1479993 -0.1424756 -0.1581067 0.1518628 0.4355077 0.1817765 0.0083299 0.0916635 -0.2302460 0.2223163 0.0771790 -0.1653751 0.0141109 0.2716300 -0.5805028 0.4959188 -0.1053478 -0.2332392 -0.2898074 -0.0607655 0.1125399 -0.2021272 -0.3248514 -0.1986808 -0.2821047 -0.1173365 -0.0621076 -0.3928243 -0.2746496 -0.4133107 -0.5056627 -0.4180942 -0.3042347 -0.5583134 -0.4125901 -0.5777172 -0.4781164 -0.2190671 0.1151831 -0.2297896 -0.3391618 -0.5185677 -0.0575361 -0.1741581 -0.0071689 -0.1832568 0.0052745 -0.5238823 -0.3623540 -0.1983978 -0.0709770 -0.4234251 -0.3446226 -0.3820143 -0.3403127 -0.0173094 -0.5138814 -0.1807215 -0.2928069 -0.6107857 -0.2529207 -0.3532509 -0.3450923 -0.2016113 -0.3575707 -0.2098766 -0.5793891 -0.4386404 -0.0456630 -0.4701604 -0.1754964 -0.1721660 -0.4544009 -0.2642454 0.0210330 -0.1197937 -0.2993061 0.2104803 -0.0262688 -0.4137665 -0.0979771 -0.0300880 -0.1818536 -0.1938575 -0.0751253 -0.3070834 -0.2296740 -0.1964319 -0.2038937 0.2483034 0.3489691 0.2952859 -0.2469213 0.4418390 0.2450655 -0.4598103 0.2011015 0.0018262 0.0721066 -0.3793546 0.2532803 -0.2618976 -0.4039679 0.6615745 0.8136311 -0.2943382 0.6394424 0.5816706 0.1039949 -0.1211973 0.1620364 0.7006606 0.6270861 0.1865158 0.1264115 0.3018432 0.0401680 -0.2200803 0.1519786 0.0974479 0.0153413 -0.1689230 -0.2111329 0.1956119 0.4377679 -0.0012831 0.1257103 -0.1193280 0.2303331 0.3144156 -0.5275524 -0.2653524 -0.4406011
-0.0768093 -0.2716859 0.4803387 -0.0751218 0.0000000 -0.2855998 -0.3617948 0.2137663 -0.2375332 -0.1130041 -0.1748928 -0.2794194 0.6766432 -0.0524135 -0.0861361 0.2787453 0.0599887 -0.0490813 0.1812054 0.7227380 -0.2584611 0.2384453 0.3725383 -0.1167557 0.2655462 0.4833066 -0.2404803 0.1725386 -0.2430428 0.2391546 0.4669812 0.5551621 -0.0183026 -0.2805933 0.5179557 -0.1849462 0.6049155 0.0068387 0.2801523 0.4850668 0.2539173 -0.2992496 0.2848921 0.3655754 -0.4477287 0.1078679 0.2669954 0.0610940 -0.2663809 0.1180375 0.1929902 0.4962969 -0.3170631 0.3142962 0.0958905 0.3214030 0.4335529 0.0805827 -0.0588011 0.2707407 -0.3080525 0.1835263 0.5345463 -0.2156680 -0.1222818 0.7383501 0.1540149 0.2364983 0.6332919 0.0524278 0.6263034 -0.3277506 0.3426016 0.1452667 0.6522135 0.3339798 -0.4922261 0.4434057 0.3815849 0.1933370 0.4706405 0.0466582 0.1525040 -0.0373721 -0.0824428 -0.1137181 0.3876277 -0.3721989 -0.0013960 -0.2233037 0.4139047 -0.0365745 0.3272446 -0.2262234 0.2564209 -0.1202248 0.1914950 -0.1028066 0.1695248 -0.1290688 -0.4689440 -0.2901002 0.0770293 -0.3652683 -0.0245607 0.0706353 -0.1253166 -0.2384921 -0.0375817 -0.0407674 -0.0416780 -0.1041023 -0.2371270 -0.1610087 -0.0619681 -0.1904735 0.0454947 -0.1092542 -0.1471159 0.1710868 -0.0660806 -0.0712805 -0.1189537 -0.7474195 -0.0569940 0.3351549 0.1601281 0.1950713 0.1912463 -0.0348574 0.0463243 0.1535030 0.2172681 0.0304600 0.3158513 -0.0776456 0.2232953 -0.0476944 -0.0913550 0.1420836 0.1056474 0.1278195 0.5865685 -0.0730032 -0.0573471 -0.2525753 -0.1036342 -0.0979665 0.1678804 0.0426479 0.2159914 0.0152159 -0.1234742 -0.0219046 -0.0431323 -0.3059415 0.2206584 -0.1558065 0.3446901 0.0906433 -0.0465999 0.0112135 -0.6373671 -0.1226326 -0.0408999 -0.0826329 -0.2280368 -0.0430674 -0.1037489 -0.0018623 -0.0184731 0.0592894 0.3281417 -0.0237578 -0.2030649 -0.0695311 0.0152669 0.1636840 0.0063584 0.1948529 0.5464132 0.5979751 0.0301960 0.4350728 -0.0401235 0.3100438 0.6447914 0.7596959 -0.5197183 -0.5418154 0.1764286 -0.4051392 -0.3732386 0.2363118 0.3972849 0.1680040 -0.2869831 -0.4900620 0.1284412 0.1893096 -0.2354442 -0.1120578 -0.0940758 -0.5523129 0.4583833 0.5798319 0.0114996 -0.0679950 0.0660666 0.1471683 0.1960897 -0.5649117 0.6767435 -0.1205548 -0.3627103 0.0390769 -0.2554020 0.0009909
0.4790033 0.8182944 0.5779585 0.8927825 -0.2855998 0.0000000 0.8166989 0.6832260 0.4707674 0.2493248 0.6211902 0.7890219 0.3026569 0.4274387 0.4826264 -0.2371480 -0.1086428 0.4957400 -0.1669226 -0.3310551 0.7664111 -0.2804991 -0.1175824 0.5176794 -0.1511234 0.0533005 0.2430033 0.3015932 0.6720991 -0.2294126 -0.2243537 -0.1955534 0.4338356 0.7061262 0.1068746 0.6329464 -0.1372716 0.3331977 -0.2877175 -0.3873968 -0.0215824 0.5508613 0.1436674 -0.1032026 0.6920719 0.3834503 0.2937301 -0.0013656 0.7698772 0.3241287 0.1656128 -0.3015163 0.8555375 -0.1192060 0.4915783 0.3300454 0.1216281 0.0409253 -0.2789695 -0.2004629 0.7093149 -0.1717905 0.1233108 0.8864619 0.8275803 -0.1059136 -0.1875995 -0.3502219 -0.1005042 -0.0644108 -0.2676850 0.8292275 -0.2933055 0.6875587 -0.2106783 -0.3162637 0.7238685 -0.2831518 -0.2951752 0.2990347 -0.1472056 0.1137598 0.2483370 -0.0716923 -0.2188844 0.0704225 -0.2777807 -0.3297460 -0.0728971 0.2986202 0.0761465 0.0433394 -0.0178721 -0.3548989 0.1835177 0.2394675 -0.1633942 -0.0961856 0.1059668 -0.4887467 0.4880276 -0.1277177 -0.3125787 -0.2512050 -0.0846166 0.1803417 -0.0846669 -0.1946417 -0.1292977 -0.1944762 -0.0690673 0.1130899 -0.2146153 -0.1490554 -0.3177130 -0.3955804 -0.3410689 -0.4189510 -0.4628238 -0.3989255 -0.4797175 -0.2504551 -0.2182412 0.3551755 -0.3187784 -0.2805747 -0.3860661 -0.3729455 -0.1802418 -0.1723067 -0.2949279 -0.3158899 -0.6806813 -0.4753321 -0.4622827 -0.2567214 -0.6614651 -0.3444620 -0.4330769 -0.2512274 -0.1729776 -0.6315786 -0.3514264 -0.2546210 -0.7461309 -0.2604634 -0.5227091 -0.5605592 -0.3685028 -0.4381242 -0.1722781 -0.5587005 -0.5083137 -0.0870390 -0.5813346 -0.0770960 -0.1262041 -0.5722015 -0.2924917 0.1032894 -0.2990137 -0.4620674 0.3433475 0.0427218 -0.5516182 -0.1562403 -0.1032814 -0.2447179 -0.1429879 -0.1597211 -0.4103047 -0.3037393 -0.1577091 -0.0259623 0.4617549 0.4792817 0.4275258 -0.1694209 0.5864983 0.3538417 -0.5118744 0.1058327 0.1056592 -0.0067910 -0.3395141 0.2090226 -0.4376640 -0.5768856 0.7424914 0.8429410 -0.0937939 0.7291704 0.7107191 0.2218986 -0.0334066 0.3235096 0.8764854 0.8205212 0.3281493 0.2291404 0.3119533 -0.1953735 -0.1215720 0.3750752 -0.0986251 -0.0571862 -0.2721902 -0.1804408 0.2996093 0.4062203 0.0188113 0.4002669 -0.2123133 0.2765556 0.3554483 -0.4506767 -0.1489161 -0.5874380
0.2255970 0.7731344 0.4001645 0.6503576 -0.3617948 0.8166989 0.0000000 0.4269654 0.6695233 -0.1920369 0.2418199 0.9420204 -0.0427924 0.2852137 0.7375459 -0.5448778 -0.3079459 0.6817295 -0.3720756 -0.6193586 0.9292750 -0.5448657 -0.4697550 0.6500813 -0.5511187 -0.2445194 0.2291504 0.4137919 0.8566067 -0.3572604 -0.5255995 -0.5945284 0.6711948 0.8714395 -0.2110313 0.8792467 -0.4344576 -0.0768288 -0.2953137 -0.5148034 -0.3080246 0.8287286 0.0452763 -0.1636295 0.8277896 0.2490437 0.0061114 -0.2322934 0.7992613 0.1570283 -0.0456556 -0.4055934 0.9318887 -0.2040482 0.3096153 0.1165323 -0.1264478 -0.1080907 -0.2093838 -0.3398511 0.7998382 -0.2556975 -0.1795370 0.8608714 0.8998437 -0.3131096 -0.3462671 -0.5992452 -0.3882229 -0.3392633 -0.4752144 0.6572961 -0.5931661 0.5461638 -0.4833168 -0.6045353 0.6658987 -0.5575063 -0.6136091 0.2741244 -0.3787983 -0.1082002 0.0149196 -0.1043113 -0.3063201 -0.1429506 -0.2864822 -0.2660696 -0.0642183 0.1930241 -0.0578609 0.3457064 -0.0368456 -0.2942842 0.1725115 0.1731332 -0.1107592 0.1086446 0.1945703 -0.2486582 0.6033820 -0.0676123 -0.5240938 0.0990427 0.0001405 -0.0297904 -0.1502753 -0.1956166 -0.2022975 -0.1096320 -0.2975687 0.0439709 -0.0888357 0.0683105 -0.0730641 -0.1458373 -0.0842642 -0.1880642 -0.3020295 -0.2285539 -0.2597070 -0.1090703 -0.2476044 0.4765453 -0.1094641 -0.2965095 -0.4136449 -0.2878156 -0.2810909 -0.4011607 -0.3966358 -0.4226537 -0.6490962 -0.2826750 -0.5922804 -0.1499362 -0.6466308 -0.3039832 -0.3570757 -0.2994521 -0.0386964 -0.5726342 -0.5977276 0.0618875 -0.5645615 -0.3374430 -0.4187055 -0.3900766 -0.3173941 -0.5096337 -0.2666488 -0.4339132 -0.4289467 -0.0115938 -0.4277657 -0.1723786 -0.1111108 -0.4216394 -0.3375052 -0.0131221 -0.2796885 -0.3671213 0.1103212 0.1387444 -0.4793870 -0.0560953 -0.1068883 -0.0444382 0.1099653 0.0143690 -0.2697558 -0.1490906 -0.0313621 0.3316254 0.7965368 0.8147732 0.7526976 0.2142008 0.8405180 0.5563112 -0.4520473 0.1186948 0.3434000 0.0369041 -0.1806391 0.0608336 -0.4505476 -0.6553961 0.7648038 0.7492471 -0.1834524 0.8640839 0.8409224 0.3421368 -0.0536454 0.3171262 0.7031217 0.8042850 0.4231619 0.0584351 0.3520834 -0.2526592 -0.2335114 0.4843643 -0.0845730 -0.2074410 -0.4812152 -0.3638624 0.3254749 0.3888112 -0.0580674 0.6693870 -0.2206908 0.5284145 0.4504201 -0.6341483 -0.1784190 -0.6718157
0.6994033 0.5998455 0.7771965 0.8162506 0.2137663 0.6832260 0.4269654 0.0000000 -0.0026179 0.3964209 0.7144877 0.4094683 0.7399087 0.1308414 0.0732579 0.2560224 -0.1327433 0.0855348 0.2272371 0.1574277 0.3639705 0.0693160 0.2209816 0.1542218 0.1699376 0.5465033 -0.1645856 0.1988276 0.2543191 -0.3861420 0.1429329 0.2357092 0.1643083 0.3054583 0.5384596 0.2548530 0.3325310 0.3604447 -0.1626382 -0.0476016 0.0529750 0.1986469 0.2670317 0.2638024 0.4033265 0.4559166 0.5548186 0.0431726 0.5306443 0.3742324 0.4144444 0.0286124 0.5334417 0.1432659 0.4804770 0.5181231 0.4412502 0.0988817 -0.1025313 0.0087113 0.5308185 0.0047466 0.4923920 0.6934927 0.6511455 0.3123713 0.0176176 -0.1207613 0.3080387 0.0737060 0.0848245 0.7310981 0.1450525 0.8098792 0.1392166 0.0115987 0.4622991 0.0053400 -0.0032713 0.3196637 0.1685218 0.3650448 0.5132517 0.2718870 0.1069007 0.2791400 -0.0352017 -0.4062236 0.2429339 0.4996953 0.3508280 0.0940015 0.0500004 -0.5291093 0.5136190 0.1877207 -0.1804522 0.0995827 0.2241317 -0.6096337 0.2017817 -0.0822587 -0.1542157 -0.2526439 -0.1606140 0.2959570 0.0396932 -0.2221345 -0.0497046 -0.1125548 0.0059102 0.2193243 -0.2390058 -0.1451212 -0.1720281 -0.3120990 -0.2162708 -0.2268097 -0.4512274 -0.0627561 -0.3146418 -0.3017765 -0.1312671 -0.0680100 0.0564367 0.0521674 -0.2068197 0.1096152 0.1808168 0.2093037 0.2070956 0.0786189 -0.1775344 -0.4907108 -0.0561069 -0.0539367 -0.1387629 -0.0523937 -0.0614264 -0.0975600 -0.1153762 -0.3371468 0.1946465 -0.4400142 -0.4312444 -0.1511045 -0.1298022 -0.2043196 -0.2651183 -0.2283014 0.0629756 -0.5462662 -0.2395435 -0.0798421 -0.2852356 0.0036188 -0.1194178 -0.3145960 -0.0495470 0.1982723 -0.0514384 -0.1537877 0.1215511 -0.0104746 -0.1908695 -0.1168531 -0.0939505 -0.3075857 -0.1909620 0.0218303 -0.2769836 -0.2590114 0.1826800 -0.0608227 0.1411324 0.2481526 0.3036029 -0.1321728 0.4090569 0.3651995 -0.2974450 0.4168896 0.0945263 0.1892802 -0.1680286 0.5078440 -0.0300905 -0.1157652 0.4920881 0.5228152 0.0439093 0.4159746 0.4316713 0.3626270 0.1861025 0.3762627 0.5878879 0.4708119 0.2508296 0.3167837 0.4004887 -0.0272807 0.0116956 0.2023322 0.1895688 0.2690479 0.0160704 -0.0001364 0.3819615 0.5243241 0.2354783 -0.0223302 0.1429386 0.1974561 0.0355586 -0.3553903 -0.0377230 -0.4386594
-0.3175061 0.4459122 0.0798408 0.2527098 -0.2375332 0.4707674 0.6695233 -0.0026179 0.0000000 -0.2088427 -0.0419046 0.7153318 -0.3416685 0.6812413 0.9296775 -0.3943178 0.1051052 0.8603346 -0.1454548 -0.5689482 0.7178676 -0.7358318 -0.3234894 0.8558095 -0.3001227 -0.2353673 0.4229598 0.6813090 0.8087827 0.1936002 -0.5525784 -0.5344412 0.8461490 0.8081274 -0.3198446 0.8032763 -0.3515992 -0.1342802 0.1603894 -0.1761583 -0.0470866 0.8173009 0.2582225 0.0054755 0.5964611 0.2855418 0.0274269 -0.3747661 0.5861625 0.2466362 -0.0067848 -0.0486955 0.6005631 0.1374848 0.1916817 0.1639044 -0.0220705 0.3068347 -0.1618065 -0.0450610 0.5020223 0.0418598 -0.0856689 0.4761965 0.5620906 -0.1522098 -0.1557090 -0.2337041 -0.2572362 -0.1298383 -0.3325398 0.1095941 -0.5822754 0.0660199 -0.3919188 -0.3930996 0.1943063 -0.4920573 -0.5496231 0.2049561 -0.4814401 -0.0880208 -0.1596599 -0.2539366 -0.3419004 -0.2532984 -0.1933515 -0.1209994 -0.2131747 -0.0912182 -0.2135559 0.2524271 0.1610756 -0.0121178 0.0608943 -0.0005498 -0.0121055 -0.0981583 0.2254609 -0.1494582 0.4511495 -0.0714734 -0.2601688 0.1600915 0.0394497 -0.0498958 0.0064823 0.0228527 -0.1304862 0.0340298 -0.4828222 0.0948735 0.1091413 0.2390748 0.0837567 -0.0141133 0.0399251 -0.0935825 0.0706053 0.0339004 0.0671895 0.2380562 -0.2615002 0.6176937 -0.0035732 -0.0035063 0.0307572 -0.4555896 -0.0595032 -0.2009182 -0.3837772 -0.6913498 -0.5038974 0.1776076 -0.6759679 -0.3496066 -0.5203340 -0.2610675 -0.4371175 -0.0055785 -0.1608990 -0.2522458 -0.5743636 0.4412512 -0.3934729 -0.3729181 -0.4756720 -0.4163122 -0.3268552 -0.2273696 -0.1293313 -0.2237918 -0.2763910 -0.2366759 -0.1286187 -0.4788689 -0.0172416 -0.3638735 -0.2370580 0.0547652 -0.1057770 -0.2695272 -0.1242310 0.0834430 -0.3633145 -0.2405441 -0.3423513 -0.0446680 0.1452996 -0.0935777 -0.1536413 -0.0331135 -0.1548794 0.3034138 0.6831764 0.6993096 0.7216218 0.4335563 0.7540886 0.4993381 -0.1203353 0.0648766 0.3796142 0.0984991 -0.0205518 -0.1493518 -0.3569615 -0.5590107 0.2051550 0.2511974 0.0740923 0.4830782 0.4441561 0.4344074 0.1383359 0.3624900 0.4050058 0.3666390 0.2849228 0.1720456 -0.0263090 -0.1860923 -0.1101613 0.2866474 -0.1386947 -0.2849707 -0.2550365 -0.6403343 0.1710202 0.3386090 0.1499124 0.6511780 -0.2686285 0.4013185 0.3822558 -0.5044068 0.0233803 -0.3774803
0.5208590 0.1177979 0.1816139 0.2691480 -0.1130041 0.2493248 -0.1920369 0.3964209 -0.2088427 0.0000000 0.7088266 -0.2895321 0.2934755 0.4544947 -0.2810091 0.6322493 0.3985440 -0.2531375 0.4130593 0.2787702 -0.3039330 0.3938741 0.7204212 -0.0482435 0.4756338 0.4200733 0.1475163 -0.0366868 -0.2824351 0.1580732 0.2745727 0.5055457 -0.2424193 -0.1783874 0.4864441 -0.3352614 0.3965660 0.4922090 0.2352636 0.2718077 0.3632230 -0.3195953 0.3936414 0.2933314 -0.0692864 0.2160664 0.4541177 0.2907830 0.0355984 0.1432764 0.3243049 0.3054257 -0.1375897 0.3836953 0.1513341 0.3014062 0.3850274 0.4344280 -0.1449542 0.2178729 -0.0275244 0.1495894 0.4897756 0.0195206 -0.0921863 0.2197369 0.1380739 0.4762496 0.3885701 0.6220509 0.1786613 0.2611352 0.4192037 0.1073122 0.3193469 0.4809707 0.1543691 0.4000398 0.4937672 -0.1954106 0.4022834 0.4111618 0.1912598 0.0135900 0.1676688 0.3431000 0.0075404 -0.0556960 -0.0040992 0.2795284 0.1005395 -0.2904639 -0.2814722 -0.1043097 0.0932401 0.1563803 -0.2603630 -0.2869829 -0.0488304 -0.5040140 -0.0372659 0.0483778 0.2468249 -0.2712279 -0.2106611 0.3982177 0.2256457 0.1145959 0.3318946 -0.2993907 0.3600476 0.3422747 -0.0181549 -0.2904847 -0.3193039 -0.2717901 -0.3829885 -0.2685126 -0.0855933 -0.0901850 -0.1656512 -0.1721817 0.1179464 0.1367495 -0.1250655 0.2127938 0.0663550 -0.1803167 0.3619011 0.4823010 0.3376361 0.0428352 -0.0990896 -0.3279227 0.0276266 -0.3262172 -0.0835666 -0.0342328 -0.0593768 0.0015871 -0.5551581 -0.2359869 0.3456371 -0.5173163 -0.2526700 -0.0563814 -0.1523796 -0.2695828 -0.3531550 -0.0081665 0.0650077 -0.4741572 -0.1100862 -0.5348010 -0.1805465 0.1137939 -0.2469753 -0.3284951 0.1129428 0.2405658 -0.0653697 -0.2777924 0.6092193 -0.1767354 -0.1221311 -0.4776338 -0.3086867 -0.5151945 -0.4252570 -0.4410197 -0.4377065 -0.4464324 -0.0451717 -0.3651769 -0.3914709 -0.4568657 -0.4220056 -0.5797963 -0.2913247 -0.2320636 -0.3249169 -0.0558824 -0.2953509 -0.1349632 -0.2334716 0.1968029 -0.2133243 -0.0564541 -0.0095186 0.1148911 0.4198440 -0.2689411 -0.2236400 0.0681782 0.1433994 0.1553896 0.2694709 -0.0069563 -0.2442289 0.3707075 0.0918928 0.3549370 0.4328283 0.1427871 -0.1850424 0.2698901 0.4081589 0.2982011 0.1866653 0.2831476 0.3515010 -0.2591464 -0.1138947 -0.3916495 -0.3085512 0.3908910 0.2872560 0.0896379
0.5621372 0.4039271 0.3393434 0.7541705 -0.1748928 0.6211902 0.2418199 0.7144877 -0.0419046 0.7088266 0.0000000 0.1932072 0.4137677 0.2682986 -0.1634879 0.4289254 -0.1827643 -0.0426968 0.2816817 -0.0405328 0.1960791 0.0105267 0.3023337 0.0647361 0.3749548 0.4389625 -0.1469513 -0.1131079 0.1215381 -0.3771484 -0.0216400 0.2792994 -0.0848326 0.1900058 0.4981423 0.0687665 0.3147738 0.5715931 -0.2323391 -0.1983299 0.0826049 0.0699245 0.3338857 0.1716578 0.4496516 0.5100739 0.5905635 0.2122660 0.5405627 0.3273505 0.5579241 -0.0125142 0.3965224 0.0670860 0.4676230 0.5147163 0.4483707 0.2371532 0.1256240 0.2149301 0.4503560 0.2455641 0.5021515 0.5577313 0.4175549 0.2484009 0.3631656 0.1907035 0.3217852 0.2225827 0.2100442 0.7689298 0.3657712 0.5263280 0.1562159 0.0970647 0.6015272 0.0944524 0.0300655 0.0501732 0.0017897 0.3020500 0.5412476 -0.0224447 0.1363231 0.3903639 -0.0464890 -0.0096418 0.2597176 0.5051188 0.3017716 0.0016415 0.0804763 -0.0606006 0.2320072 0.2007068 -0.1072181 0.0693256 0.3468140 -0.5158898 0.4212747 0.0955855 0.0317121 -0.2499701 0.0406889 0.2613811 -0.0020607 -0.1792309 0.0800632 -0.4025062 0.1024699 0.1514783 -0.3188569 -0.3394580 -0.3755897 -0.3757206 -0.4112986 -0.2640091 -0.3510332 -0.2739765 -0.4293219 -0.4089066 -0.0085580 0.1378688 -0.0465777 -0.0591382 -0.4415039 0.0306169 0.1337103 0.2641543 0.1884976 0.1106827 -0.2674342 -0.3138247 0.0096956 -0.0188912 -0.1228249 -0.1988331 -0.2064482 -0.1892001 -0.2870604 -0.2719880 0.0978192 -0.3457935 -0.3302852 -0.0676323 -0.1396610 -0.1953115 -0.2767149 -0.1572208 -0.1406565 -0.5287943 -0.1511201 -0.3020078 -0.2969201 -0.0431752 -0.2999850 -0.3002858 -0.1037003 0.1262556 -0.0472853 -0.1523275 0.4794450 -0.0511876 -0.1638469 -0.2219879 -0.0869034 -0.3577898 -0.3225633 -0.1847264 -0.3401512 -0.3272661 -0.2645232 -0.4075798 -0.0850963 -0.0741440 -0.0623446 -0.4601826 0.0888482 0.0505554 -0.3972989 0.2093355 0.0243705 0.1503724 -0.0942358 0.3357073 -0.1360104 -0.2589571 0.4569094 0.6107852 -0.0471471 0.2552087 0.1733241 0.0895733 -0.0527564 0.1378858 0.5382089 0.2718727 -0.1310143 0.2518688 0.3201374 0.4155111 0.1531361 0.1168121 -0.0352146 -0.0549455 0.1779562 -0.0859763 0.1847378 0.4878681 0.2534105 -0.1092032 -0.2965830 -0.1675427 -0.0575388 -0.1447198 -0.0508996 -0.1582268
0.1017750 0.7091839 0.3830443 0.6539920 -0.2794194 0.7890219 0.9420204 0.4094683 0.7153318 -0.2895321 0.1932072 0.0000000 -0.0319949 0.2643934 0.7544818 -0.5549378 -0.2628417 0.7209377 -0.2607455 -0.5962453 0.9606734 -0.5899952 -0.5875257 0.6317875 -0.3911770 -0.1362643 0.1696859 0.4364783 0.9187432 -0.3338020 -0.4656967 -0.5800376 0.7035722 0.8841816 -0.2699795 0.8845579 -0.4149802 -0.0142202 -0.3244998 -0.4354093 -0.2163078 0.8467711 -0.0351736 -0.1628939 0.8138367 0.2903909 0.0055898 -0.2398487 0.7945892 0.2805065 -0.0469194 -0.3712600 0.9468095 -0.2063921 0.4076273 0.1449619 -0.1201336 -0.0919698 -0.1446501 -0.3260552 0.7737343 -0.1739319 -0.2036927 0.8580642 0.8938893 -0.2806346 -0.2699584 -0.5599434 -0.4126042 -0.3999222 -0.4060093 0.5869157 -0.5246687 0.5138814 -0.4995837 -0.5557496 0.6216310 -0.5913251 -0.6587179 0.4226784 -0.4962669 -0.1474726 0.0436351 -0.1360474 -0.3720339 -0.1843534 -0.2841119 -0.2923740 -0.1076540 0.0916568 -0.1234555 0.2218567 0.0833392 -0.2434642 0.1248948 0.0438035 -0.1097944 0.1651040 0.2130008 -0.2089620 0.5310020 -0.0880102 -0.4746963 -0.0060038 -0.0339696 -0.1386392 -0.1703869 -0.1985909 -0.3764619 0.0351978 -0.4359060 -0.0949232 -0.0733675 0.1368148 0.0062368 -0.1211364 -0.0051745 -0.1136355 -0.2435421 -0.1895802 -0.1918353 0.0024681 -0.2817863 0.4222220 -0.0883578 -0.3296747 -0.3470875 -0.2776569 -0.3550330 -0.3854915 -0.4542148 -0.4266642 -0.5959896 -0.1892186 -0.5957722 -0.1169675 -0.6050575 -0.3669240 -0.3807447 -0.2439005 0.0520675 -0.4977026 -0.6329930 0.2114291 -0.5455767 -0.3266858 -0.4033799 -0.3257196 -0.2384557 -0.4493385 -0.2272936 -0.3283250 -0.4389147 0.0707508 -0.2760743 -0.2650991 -0.0453985 -0.3563333 -0.4463951 -0.0561398 -0.1438669 -0.3334626 -0.0665814 0.1092234 -0.4514830 0.0203244 -0.0329158 0.0153733 0.0667490 0.0464583 -0.1540210 -0.0831917 -0.1667545 0.2083202 0.7558206 0.8568496 0.7969132 0.3619771 0.8433481 0.5755564 -0.2592713 0.1635416 0.3598685 0.0988155 -0.1457161 -0.0003115 -0.3808930 -0.6201474 0.7094982 0.7167039 -0.2735402 0.8996432 0.8456844 0.2962385 -0.0549908 0.2579297 0.6228251 0.7592853 0.4470851 -0.0451153 0.2273293 -0.3724019 -0.4052455 0.4281645 -0.0007128 -0.2722592 -0.5017933 -0.4688046 0.2225439 0.2461158 -0.1876421 0.7010859 -0.1552598 0.6198072 0.6194093 -0.7534250 -0.1827349 -0.5628954
0.5198665 0.1861172 0.7448369 0.4782630 0.6766432 0.3026569 -0.0427924 0.7399087 -0.3416685 0.2934755 0.4137677 -0.0319949 0.0000000 -0.0174727 -0.2011270 0.3096408 -0.0325906 -0.1332391 0.1148163 0.6523860 -0.0611384 0.3826415 0.4763732 -0.1647313 0.3173897 0.5678577 -0.2242018 0.0241199 -0.1786637 -0.0836631 0.4756941 0.6419782 -0.1657046 -0.1639312 0.7208510 -0.1111777 0.6238213 0.3985686 -0.0630233 0.1504441 0.2204319 -0.2458638 0.2551563 0.1935139 -0.1766676 0.2799838 0.5460022 0.2650370 0.0223065 0.2000721 0.4022136 0.1691034 0.0374911 0.0814619 0.3423640 0.5083773 0.5672795 -0.0195746 -0.1313702 0.1922757 0.0448469 0.0177859 0.6776064 0.2569844 0.2465852 0.6655596 0.1116879 0.0872165 0.6590421 0.2101392 0.4580940 0.3270308 0.3587209 0.6729041 0.5899418 0.2887491 0.0301876 0.3993596 0.3959260 0.2441987 0.5499853 0.2939379 0.4262259 0.1191960 0.0108987 0.1474524 0.2273021 -0.5178520 0.0450980 0.1273960 0.5848249 -0.0315734 0.2155487 -0.5424799 0.3933879 0.2289903 0.1119873 -0.1350824 0.0992245 -0.4064801 -0.2546065 -0.3009551 0.0197154 -0.5553154 -0.0308483 0.3202924 -0.0315950 -0.2879494 0.0416038 -0.1369586 0.2484470 0.1230378 -0.3225301 -0.2909091 -0.2572644 -0.3589568 -0.1884651 -0.3504360 -0.4274013 -0.0565879 -0.3722443 -0.2908531 0.0056026 -0.6137709 -0.1869024 0.2303688 -0.0812734 0.1621759 0.2149609 0.0647386 0.1473721 0.2638208 0.0247422 -0.4709011 0.3226294 -0.0125995 0.0270906 -0.0116473 -0.0692845 0.1236530 0.0549300 -0.1192001 0.6058735 -0.4783063 -0.3387324 -0.0605155 -0.1710710 -0.2689802 0.0307791 -0.0315874 0.2761280 -0.2622368 -0.2443760 0.0829070 -0.3567538 0.0410092 0.1879851 -0.2972651 0.3006632 0.3054459 -0.1551814 -0.0874218 -0.1146383 0.0152929 -0.1776561 -0.0032113 -0.0398121 -0.1875774 -0.1759680 0.0166979 -0.1959994 -0.1256703 0.2731243 -0.1388282 -0.1950681 -0.1250838 -0.0380000 -0.2427176 0.0687353 0.2329410 0.1204431 0.5523373 -0.0267406 0.3186345 -0.1659221 0.6314425 0.4245351 0.4691038 0.0366997 0.0456130 0.1794532 -0.0846217 -0.0352844 0.2407490 0.3249267 0.3137971 0.3121510 0.0366764 0.1554137 0.4107148 0.1111376 -0.1051590 0.0901345 -0.2789153 0.2875358 0.5725146 0.1110988 0.1529761 0.2236088 0.3279044 0.2626802 -0.5050716 0.4453843 -0.1980285 -0.3429626 -0.0003574 -0.2149077 -0.2829246
-0.0087091 0.3105788 0.2544554 0.2249241 -0.0524135 0.4274387 0.2852137 0.1308414 0.6812413 0.4544947 0.2682986 0.2643934 -0.0174727 0.0000000 0.6014108 0.1767844 0.5476322 0.5801398 0.1467936 -0.1089072 0.2627877 -0.2729551 0.3746585 0.7017966 0.0839409 0.1324963 0.4815479 0.6385757 0.3791471 0.4940446 -0.1526580 0.0260406 0.5525705 0.4570853 0.1068685 0.3784118 0.0830821 0.1570438 0.4657267 0.1443055 0.3709094 0.3786559 0.6034036 0.2113464 0.2726608 0.3626729 0.3522104 -0.0934395 0.3217732 0.2309103 0.2166089 0.3155471 0.2331468 0.4036682 0.2034026 0.3628718 0.3004559 0.4974580 -0.2933952 0.1787502 0.2405317 0.0847238 0.3002747 0.2313787 0.2843114 0.1416771 -0.0349056 0.1773950 0.1798336 0.3196500 -0.0531820 0.0284364 -0.2387015 0.0550902 0.0437479 0.0660222 0.0283630 -0.0296177 -0.0122584 -0.0269216 0.0179217 0.1904970 -0.0733747 -0.2861185 -0.1935899 -0.0017824 0.0420527 -0.2384500 -0.2697276 -0.0127981 -0.0526578 -0.0650828 0.0138790 -0.1007482 0.1299783 0.1434354 -0.0963492 -0.4384415 0.1512997 -0.4557764 0.2164798 -0.1469800 0.0581325 -0.1223508 -0.1184802 0.3278771 0.1918281 0.1007884 0.1008493 -0.1864773 -0.1044204 0.3102749 0.0585897 -0.0714711 -0.2182714 -0.2990324 -0.2930645 -0.3588941 -0.0285484 -0.0388804 -0.0917644 0.1185317 -0.1272994 0.4838944 -0.2302025 0.2197783 0.1690094 -0.6187027 0.1913039 0.0421030 -0.2212257 -0.6477685 -0.5188748 0.0226161 -0.5693064 -0.6808576 -0.5472481 -0.3397331 -0.5427437 0.0731009 -0.5922063 -0.3706270 -0.1886607 0.0844085 -0.5898416 -0.4754191 -0.6756505 -0.6851432 -0.5537004 -0.1985949 -0.0079382 -0.4715409 -0.4245231 -0.6721403 -0.2982153 -0.4201761 -0.1509816 -0.6720338 -0.0503807 0.2417411 -0.2394904 -0.5301456 0.1570487 -0.1546108 -0.4964274 -0.6524920 -0.7034272 -0.4932344 -0.2742792 -0.5578232 -0.5475117 -0.3998970 -0.0940953 -0.0133210 0.2485465 0.2298378 0.2749999 0.0024057 0.3987950 0.2958847 -0.1834729 0.0756365 0.1072396 0.0302297 -0.2058935 0.0589465 -0.3391112 -0.3482836 -0.0496161 0.0347541 0.4912784 0.0345576 0.0744760 0.4613423 0.3199850 0.4390853 0.4049166 0.1387795 0.0983590 0.4537026 -0.0229795 -0.0499323 0.2423815 0.2092368 -0.1702479 0.1452056 0.0337707 -0.2693917 0.3109739 0.4318466 0.4151278 0.2843972 -0.1400719 -0.0209614 -0.0068084 -0.0224449 0.1928804 -0.3344269
-0.2336144 0.5369522 0.2761423 0.2484445 -0.0861361 0.4826264 0.7375459 0.0732579 0.9296775 -0.2810091 -0.1634879 0.7544818 -0.2011270 0.6014108 0.0000000 -0.5053265 0.1089934 0.8971145 -0.2504068 -0.4553994 0.7390666 -0.6183317 -0.3376971 0.8364835 -0.4571770 -0.2558148 0.4612793 0.7347346 0.8018087 0.2077370 -0.4674288 -0.5288953 0.8611031 0.7813618 -0.2860519 0.8558591 -0.3378570 -0.2136912 0.1572785 -0.1256716 -0.0672602 0.8249787 0.2119905 -0.0328491 0.5265319 0.2056301 -0.0403451 -0.3421230 0.5123920 0.1765970 -0.1273259 -0.0440923 0.6115863 0.0990020 0.1678422 0.1188309 -0.0547028 0.1544009 -0.3049961 -0.1669500 0.5002261 -0.1072671 -0.1231490 0.4952951 0.6258219 -0.1362219 -0.3611887 -0.3796480 -0.2903698 -0.1805327 -0.3632455 0.0932977 -0.6763470 0.1840526 -0.3702023 -0.4361946 0.1865775 -0.4838334 -0.5108252 0.2752392 -0.3209035 -0.1716213 -0.2655449 -0.2328881 -0.4385742 -0.3616239 -0.1948082 -0.3199607 -0.3073535 -0.1869314 -0.2007734 0.2793499 0.0481340 -0.1977136 0.0871784 -0.0045861 -0.0329367 -0.1584573 0.1338936 -0.1876859 0.3180734 -0.2001814 -0.3612255 0.0600518 -0.0537922 -0.0770441 -0.0602422 -0.0239396 -0.1716816 0.0451740 -0.4731984 0.0554153 0.0920966 0.2352252 0.0725228 -0.0318150 0.0883481 -0.1539685 0.0013130 0.0047320 0.0364372 0.2201979 -0.3201646 0.4515052 -0.1202094 -0.0284240 0.0337560 -0.4774382 -0.1381079 -0.3341730 -0.4553734 -0.7007253 -0.5272496 0.0490045 -0.7093072 -0.4084613 -0.6153718 -0.2926863 -0.4415768 -0.0619524 -0.1342889 -0.4172669 -0.5273765 0.3378092 -0.4930584 -0.4851713 -0.5543305 -0.5231582 -0.3234525 -0.3763554 -0.0841225 -0.2539331 -0.4287444 -0.1799006 -0.2485188 -0.4165809 0.0795599 -0.4811188 -0.1729378 0.0599998 -0.2732174 -0.3994318 -0.2001679 0.1013128 -0.4986687 -0.2247386 -0.3625198 -0.0452901 0.1519967 -0.0878920 -0.2357075 -0.0663709 0.0624536 0.4520129 0.7888523 0.8077342 0.7899114 0.5020413 0.8204761 0.6161585 -0.0622325 0.1680320 0.3814714 0.1257091 -0.1332817 -0.1020297 -0.3203142 -0.4383272 0.2389816 0.2171987 0.0902962 0.5085539 0.5255062 0.4603060 0.1583272 0.3807329 0.3960478 0.4322671 0.4456834 0.1396195 -0.0372852 -0.3690671 -0.1797951 0.2987176 -0.0498112 -0.0631599 -0.3914901 -0.5086043 0.2675220 0.3165626 0.0646762 0.6262992 -0.0267984 0.4971609 0.3714862 -0.4666998 -0.0638333 -0.4948710
0.2746322 -0.1765560 0.1122122 -0.0471491 0.2787453 -0.2371480 -0.5448778 0.2560224 -0.3943178 0.6322493 0.4289254 -0.5549378 0.3096408 0.1767844 -0.5053265 0.0000000 0.3214159 -0.4178452 0.7907773 0.3716105 -0.5976739 0.2885826 0.7134306 -0.1884126 0.6961167 0.7692473 -0.3762926 -0.0440695 -0.5105137 0.0900312 0.2693658 0.6799749 -0.3112841 -0.4266967 0.5984766 -0.5502530 0.6992222 0.3712822 0.3319092 0.4015282 0.4354943 -0.4260768 0.4608911 0.5028502 -0.2435303 0.4350733 0.6281466 0.2489655 -0.2111943 0.2301036 0.6158543 0.4957744 -0.4217847 0.4284070 0.2066965 0.4877236 0.5999063 0.2978861 0.2085504 0.5730798 -0.2492144 0.4405452 0.5308985 -0.2661719 -0.2990126 0.4861094 0.5827619 0.5617909 0.5598484 0.2743673 0.4232805 -0.1155695 0.5362564 -0.0219402 0.3957644 0.4195903 -0.2879682 0.2916970 0.3406362 -0.1659352 0.2695124 0.5036343 0.4520370 0.2534772 0.4947924 0.5063904 0.3379044 0.1783609 0.3381156 0.3391979 0.1444788 -0.1458687 0.1149769 0.1516574 0.2475289 -0.0500822 -0.1576447 -0.1191439 0.2254819 -0.4371360 -0.0905535 0.0168927 0.5452498 -0.0545314 -0.1910447 0.2992251 0.2668578 0.0821730 0.0303463 -0.1387010 0.1110184 0.1566246 -0.1014937 -0.2327693 -0.1780020 -0.2058223 -0.3024528 -0.0935893 -0.0782878 0.0894609 -0.0253004 -0.1379233 0.0619662 -0.0769182 0.1778418 0.2762008 0.2037297 0.2431773 0.4345174 0.5810266 0.4607959 0.2082495 0.3249413 0.1656831 0.1782753 -0.0820463 0.3889775 0.0495928 0.0992325 0.1344763 -0.4434302 0.1891989 0.4343882 -0.1600723 0.1722978 0.0631583 0.1155829 0.1150403 -0.3510515 0.2553970 0.2240391 -0.0810790 0.1216149 -0.4900444 0.2700313 0.0787800 -0.2602416 -0.0104084 0.0725117 0.2596858 0.1756984 0.0664800 0.0774895 -0.1453467 0.1607934 -0.2998025 -0.3430224 -0.5813412 -0.5164040 -0.3425486 -0.2902014 -0.4134325 -0.0030651 -0.4857282 -0.5290784 -0.4688325 -0.3556854 -0.1941134 -0.3707430 -0.1730840 0.0459468 0.1230954 -0.1596845 0.0513683 0.1530513 0.2229024 0.1325729 0.1949618 -0.3454580 -0.2927298 0.2749422 -0.4568887 -0.3806503 0.0986577 0.1364370 -0.0100804 -0.2324577 -0.4136846 -0.1625936 0.1505839 0.1324296 0.3820305 0.4173974 -0.0225743 0.3114119 0.3708923 0.4794161 0.2576324 0.0980910 0.2367404 0.4484906 -0.3803529 0.2008754 -0.2425927 -0.3606309 0.3766741 0.2660921 0.1746904
-0.0324461 -0.0506430 0.0347077 -0.3101922 0.0599887 -0.1086428 -0.3079459 -0.1327433 0.1051052 0.3985440 -0.1827643 -0.2628417 -0.0325906 0.5476322 0.1089934 0.3214159 0.0000000 0.0866610 0.2953556 0.3111923 -0.3201047 0.3874943 0.4377009 0.0643757 0.2301741 0.1584902 0.5035637 0.3237061 -0.2133299 0.7111370 0.4221275 0.2136972 0.0291842 -0.1898557 -0.1140117 -0.1706495 0.0908175 0.0243501 0.5122836 0.4943277 0.6608796 -0.1284660 0.1024136 0.0525107 -0.3089451 -0.1572430 0.0378885 0.0310377 -0.3993877 -0.1133022 -0.1776021 0.3777336 -0.3455764 0.3020432 -0.2313216 -0.0831487 0.0263982 0.1893626 -0.2256903 -0.0721244 -0.2172222 -0.2567713 -0.0329657 -0.3647481 -0.2983094 -0.0652099 -0.2702878 0.1593631 0.0367184 0.4557317 -0.1143136 -0.4475480 -0.0918106 -0.2498025 0.0881475 0.4457628 -0.3506955 0.2055621 0.3913487 -0.0268024 0.3392931 0.1334179 -0.3552823 0.2001967 0.1741598 0.2249969 0.1284370 -0.2857659 -0.1967072 -0.0883642 -0.2304992 -0.4075227 -0.3434098 -0.2175637 0.1289650 0.0822415 -0.2041513 -0.3859385 -0.3705400 -0.1212752 -0.3642721 0.0227145 0.4655248 -0.0615161 -0.3767733 0.4008377 0.5698320 0.5737265 0.1290816 0.4210461 0.1762246 0.3746186 0.4764085 0.2616866 0.1666539 0.0854188 0.0430787 -0.0450691 0.2851743 0.2099256 0.3703456 0.4986051 0.0712406 0.1626746 -0.1052530 0.2733303 0.7609586 -0.5151329 0.1732351 0.3231834 0.0345564 -0.4188696 0.0830590 0.0996901 -0.3110071 -0.5866559 -0.1809131 0.0124313 -0.0560235 0.3323708 -0.4471074 -0.0725993 0.0909654 -0.0733160 -0.2221938 -0.1129649 -0.2561848 -0.3428664 -0.2968487 0.0885866 0.3193978 -0.0684839 -0.0935933 -0.3436880 0.1027392 0.0710277 0.0090413 -0.2331895 0.0857489 0.1339100 -0.0360595 -0.2728965 0.1204716 -0.3194296 -0.0600972 -0.4453418 -0.3963893 -0.3473826 -0.2288879 -0.3922497 -0.2254306 -0.2024985 0.2630700 0.0206897 -0.1344903 -0.1935770 -0.1970856 -0.0332569 -0.1884397 -0.0568762 0.0515376 -0.2156490 -0.1613960 -0.2075089 -0.0830114 0.0153468 -0.1708186 0.0061816 -0.3530628 -0.4273881 0.5741295 -0.3493831 -0.2216937 0.0697983 0.2113119 0.1238049 -0.0831894 -0.0877882 0.0348231 0.2108635 -0.0757339 -0.4250584 0.2836895 0.1408434 -0.2026829 0.3451198 0.2401884 0.4242028 0.2820976 -0.2494116 0.1081417 0.0487352 0.1344476 -0.0872145 -0.0284913 0.4741572 0.6132316 0.0792310
