0.0000000 0.3904769 0.3848218 -0.1908369 0.0462040 0.1637837 0.1912645 -0.2604168 -0.0805415 -0.0961552 -0.3855268 0.3169704 -0.1075209 -0.0876513 -0.0857119 -0.4897178 -0.2492140 -0.1954094 -0.1975108 0.5224797 0.1067269 0.0844335 -0.5297480 -0.2158658 0.0758176 0.0149847 0.1011618 -0.0203572 -0.0363171 0.1297058 0.4166218 0.0747477 -0.1752432 -0.2155707 -0.3114603 0.0697375 -0.1686497 -0.2685971 0.1519782 0.1133673 0.0601416 0.1105617 -0.2251920 -0.0288009 -0.0939602 -0.2927065 -0.3816351 -0.0628126 -0.1444236 -0.2991122 -0.3944405 0.0434707 -0.2141086 -0.1060083 0.0391239 -0.1839175 -0.2542533 -0.1744251 0.0035681 -0.2147361 -0.2453303 -0.3283201 0.0407155 -0.2661831 -0.3140020 -0.0650694 -0.1329680 -0.3065006 -0.1976393 -0.2347729 -0.1982273 -0.3223743 -0.3142661 -0.2160310 -0.3320540 -0.3372142 -0.3213222 -0.2340979 -0.2766904 -0.0488568 -0.0787298 -0.2937362 -0.1193343 -0.1145242 -0.0163353 -0.0295113 -0.2186240 -0.0083563 -0.1065574 0.1151532 0.0665940 0.0869734 0.1379967 0.2853586 0.1530153 -0.3795497 0.4035550 0.2273401 -0.0604539 -0.0338474 0.1813796 0.0012173 -0.0108657 0.2600973 0.2461196 -0.1666924 -0.0670953 0.0549289 -0.0404154 -0.1013127 0.0605117 -0.0773755 -0.1097362 -0.3546974 -0.2715378 0.0547356 -0.2413026 -0.3378355 -0.0940293 0.0981893 -0.2793988 -0.4546291 0.2543436 -0.1886319 0.1763857 0.0883665 -0.4023883 0.2675146 0.3591069 -0.3387020 0.3037569 0.0691171 0.2226652 -0.6928327 0.3555659 0.2434674 0.4361900 0.4344395 0.4579647 0.3838179 0.4055609 0.5247568 0.0607365 -0.2302956 0.3247939 0.3199189 0.4953743 0.4567324 0.2067470 0.4320222 0.3428100 0.2481098 0.4573249 0.1398023 0.1331374 0.4829844 0.1655642 0.3231482 -0.0010445 0.2928711 -0.0358671 0.3887709 0.3980374 0.3856349 0.3821853 0.5134269 0.2607829 0.3167265 0.2243118 0.4382381 0.3217168 0.4267927 0.6162092 0.2685744 0.1301328 0.0114478 0.1071179 0.2877537 0.0237290 0.0625279 0.0647185 0.1963606 0.0761067 0.1003824 -0.1239086 -0.2061419 -0.1755060 0.1052610 -0.1241950 -0.2452063 0.1346350 -0.3573205 -0.1190386 -0.0128142 0.0149405 0.0187283 -0.0325437 -0.2346857 -0.0802320 0.0631328 -0.0749370 -0.1611671 -0.2583612 0.1820145 0.1071479 -0.3124679 0.0575202 -0.2553686 0.1234098 -0.2234931 0.0602435 0.2162012 0.4950612 -0.4924591 -0.1678375 -0.0182231 0.2368838 0.1925920
0.3904769 0.0000000 0.3699161 -0.0046914 0.1423464 0.4305701 0.4612068 -0.2902276 0.4188873 -0.2005368 -0.4185545 0.5682785 -0.2397247 0.0057088 -0.0540071 -0.3153224 -0.2912407 0.1855938 -0.5418689 0.4224727 0.7241693 -0.4356619 -0.2063946 0.1491726 -0.4065773 -0.3497917 0.1758965 0.2931870 0.0820706 0.0214605 0.1583255 -0.1592685 0.1652711 -0.0776852 -0.3344898 0.3996605 -0.3680123 -0.5149312 -0.2222567 -0.1944590 -0.0040736 0.2845414 -0.2756624 -0.0366110 -0.1560104 -0.4063929 -0.5049581 -0.2781984 -0.1029817 0.0244140 -0.4057555 -0.3080476 -0.2453251 -0.4475150 -0.0652514 -0.3876977 -0.4862939 -0.4031121 0.1507879 -0.4450489 -0.2930578 -0.1648160 -0.1666550 -0.3975596 -0.3503068 -0.4151089 -0.2573488 -0.4158783 -0.3308847 -0.5699111 -0.3871451 -0.5393497 -0.3671478 -0.3482803 -0.3821590 -0.6558633 -0.5132300 -0.3207807 -0.6355536 -0.2722891 -0.1448785 0.1834708 0.3243891 0.1419370 0.2808360 0.4090395 -0.0102768 -0.0021605 0.3455327 0.4224927 -0.0377676 0.0568705 0.3764291 0.2747150 0.0760341 -0.2083319 0.5955590 0.4239327 0.1147456 0.2789716 0.3451667 0.4086891 0.2832234 0.4344907 0.3005040 -0.0071082 0.3780425 0.0903337 0.2207727 0.2215369 0.1677967 0.3555358 0.2085896 -0.2104514 0.2478775 0.1398520 0.0926743 0.2412794 0.2028043 0.2993102 0.0336975 -0.1419405 0.4340037 0.1770175 0.4279334 0.3601575 -0.3131384 0.5842453 0.5536111 0.0700763 0.5397473 -0.0939307 0.4913437 -0.1028626 0.1563243 0.4115688 0.3262244 0.4567417 0.4094134 0.4234465 0.2021376 0.4309875 -0.1082286 -0.2020900 0.2774852 0.3159523 0.4216956 0.3854879 0.0192165 0.2030827 0.2717789 0.2694612 0.3635722 0.0897949 0.3052328 0.2244851 0.1223809 0.2780346 -0.0826076 0.0941878 0.0934938 0.2096025 0.2023720 0.2542299 0.1845540 0.2653638 0.0505328 0.0868097 0.0254015 0.2580905 -0.0253836 0.1157259 0.3061623 0.4129158 0.6247463 0.4442023 0.5161593 0.6460474 0.6998073 0.6212488 0.5757808 0.7340444 0.2604636 0.4419676 -0.0752029 -0.3407217 -0.2282418 -0.1553075 -0.2752770 -0.2784062 0.3279122 -0.1766690 -0.0456807 0.3859285 0.2368293 0.4575803 0.3343450 0.2033909 -0.1424331 0.4832554 0.3900638 0.1493858 0.3417568 0.4731608 0.3152127 -0.2670393 0.4409199 0.3703849 0.3997351 -0.0944314 0.5412489 0.5461215 0.3205181 0.1904887 -0.4367253 -0.0718189 0.5415040 0.6336565
0.3848218 0.3699161 0.0000000 -0.0211818 0.5395790 -0.3981762 0.2121290 0.2502308 -0.2088843 -0.4392038 -0.5951097 -0.0161429 0.4070532 -0.0375060 -0.5861190 -0.2572941 -0.3658149 0.3534213 0.0625933 0.4576329 0.0832610 -0.2242407 -0.5171595 -0.1995762 0.0722978 -0.1405782 0.3046537 0.1653871 -0.3416148 0.2279725 0.2549540 0.1570433 -0.3152082 -0.4532701 -0.2831343 -0.1014710 -0.2160333 0.1761124 -0.3592936 -0.2589183 0.4101762 -0.0961507 -0.3996622 -0.4275511 -0.4931570 -0.1714460 -0.3949387 0.3379350 -0.5132722 0.5076594 -0.3259291 -0.5418108 -0.4940015 -0.6023216 0.5227598 -0.0424539 -0.3073379 -0.6397716 -0.1537889 -0.3754549 -0.4794582 -0.5374402 0.4299688 -0.4357278 -0.3509505 -0.2171497 -0.1913675 -0.5720581 0.2016581 -0.5290595 -0.0053302 -0.3672854 -0.3361441 0.1222960 -0.2246116 -0.3899555 -0.0648133 -0.1761155 -0.0666310 0.2631132 0.3557370 -0.0166480 -0.0832710 -0.1113414 -0.1569239 -0.1672359 -0.1555598 -0.1533386 -0.1918966 -0.1659362 -0.3168883 0.2251947 -0.2577344 -0.0243972 -0.1507243 -0.0164385 0.0231630 -0.3919761 -0.3205856 -0.2044105 -0.1320779 -0.5236308 0.1261742 -0.0109878 -0.4206245 -0.4709409 -0.1470877 -0.0497699 -0.4948555 -0.4178375 -0.4220353 -0.2593158 -0.3430478 -0.3335127 -0.3509027 -0.3150279 -0.2322561 -0.1434121 -0.4016131 -0.1873565 -0.1233046 -0.1701529 0.1188498 -0.5313597 -0.3309918 -0.2336810 -0.1052162 0.1813548 -0.3386928 -0.3182749 -0.2773046 -0.4227529 -0.2126422 -0.4911493 0.0179641 -0.2035988 -0.3443276 -0.3498474 -0.3162509 -0.3031951 -0.2304234 -0.2789393 0.1661808 -0.2480101 -0.3923511 -0.0818717 -0.3302033 -0.3360979 0.0792550 -0.3138374 -0.3402732 -0.2476246 -0.3709925 0.2749426 -0.3919839 -0.2499036 0.4100411 -0.4092320 0.4063232 -0.0717202 -0.2674079 -0.2661638 -0.1169410 0.4432155 -0.2951787 -0.1214778 0.1666206 0.0902306 0.0491708 0.0940708 -0.1149280 -0.1850145 0.3834040 0.0339940 -0.0396561 -0.0714468 0.1476020 0.5879786 0.2511214 0.3589357 0.3959504 0.1768636 -0.1034936 -0.1473953 -0.0573253 0.2282456 0.2336944 0.4272767 0.2710815 0.1081664 -0.0971646 0.1225747 0.3827999 -0.1388363 -0.2575942 -0.1126685 -0.2179473 -0.1276293 0.1590038 -0.1350376 0.1054197 0.4506067 -0.1248369 -0.0544542 0.3582910 0.0136073 -0.3722882 -0.4141402 0.0762747 0.2412514 0.0852231 -0.1760590 0.6453902 -0.4784859 -0.4459846 0.0623264 0.2779924 0.0767365
-0.1908369 -0.0046914 -0.0211818 0.0000000 0.3549552 0.4279076 -0.1100212 0.7429500 0.3063999 0.3872222 0.5787223 0.0483040 0.5945258 0.1358282 0.2334338 0.4682731 0.4761708 0.0812011 0.3325073 0.2564544 0.0094894 0.2752544 0.3984526 0.1062994 0.2264635 0.1990721 -0.0256437 0.0919775 0.1807338 0.0035580 -0.0015067 0.4081026 0.1306204 0.2019282 0.4991943 -0.0285561 0.3426961 0.5433450 0.2336054 -0.0879525 0.3931636 0.1337117 0.4722595 -0.2385854 0.2746224 0.3567110 0.3891939 0.5468048 0.1134529 -0.0140746 0.4863251 0.1392527 0.2968851 0.0708307 0.4108042 0.3829127 0.4682050 0.1645141 0.0856816 0.4465729 0.4961584 0.5130801 0.4544197 0.5386734 0.6300435 0.5546817 0.4022955 0.3846716 0.5133958 0.3015682 0.3432559 0.6302460 0.2530717 0.6757016 0.3718140 0.2890055 0.4015993 0.2996957 0.5498003 0.4916790 0.4653082 0.0529482 0.2856352 0.4493541 0.1665875 0.4188641 0.2801558 -0.2038371 0.3204160 0.1586019 0.1582384 -0.0496077 -0.0752034 -0.2336064 0.4042551 0.2809184 -0.1020255 -0.0195403 0.1560548 -0.2648738 0.1263329 0.2496024 0.1659447 -0.2663052 0.0345455 0.2964916 0.2574274 0.2048303 0.2502858 0.2550552 0.2545636 0.1359747 0.3483125 0.2323738 0.2364011 0.3287308 0.2608736 0.1839353 0.3802688 0.0043393 0.1055206 0.2035081 -0.0457930 0.0032104 0.3050784 -0.3513496 -0.0572969 -0.2754201 0.1485618 0.4053043 0.4066732 0.3271538 0.2793178 0.3080314 0.2667878 0.1430631 0.3622924 0.1094154 0.2269661 -0.1890758 0.2516706 -0.0559345 0.2583121 0.6230221 0.3916457 0.1879956 0.1382212 0.2305671 0.4635868 0.0159526 0.0872860 0.0963351 0.0015852 0.0183494 0.2107877 -0.1461097 0.0363298 -0.0146443 0.2563784 -0.0261808 0.1513108 -0.1072863 0.0719849 -0.2795468 -0.0470440 -0.2297218 -0.1367101 0.3267763 0.1223982 -0.0639590 0.0467085 0.1410241 -0.2094413 -0.0683876 -0.1953885 -0.2495042 -0.2101970 -0.1258297 -0.0642762 -0.1543272 -0.3283324 -0.1731539 0.0781435 0.0260377 0.2419925 0.6919754 0.5611306 0.4359223 0.4428325 0.4405404 -0.1585998 0.5267800 -0.0655316 -0.1656692 -0.3012039 -0.2546812 -0.2262951 -0.2003341 0.3934075 -0.3021921 0.5691416 0.1199997 0.4000959 0.2848262 -0.1649913 0.4217596 -0.2078678 0.2827737 0.5760731 0.4087703 0.3222797 -0.2730535 -0.1329387 0.0662485 0.2515084 0.6316574 0.3203771 0.1332017
0.0462040 0.1423464 0.5395790 0.3549552 0.0000000 -0.3730970 0.0114991 0.6456204 -0.4727930 -0.2632282 -0.3278414 -0.0403593 0.7138344 -0.1443454 -0.5104763 -0.0993280 -0.2012794 0.1884147 -0.0488675 0.2912736 -0.3046552 0.0873595 -0.3411851 -0.0823392 -0.0392122 -0.1088122 0.2419055 0.1252129 -0.1955022 -0.0625739 0.3857511 0.4604017 -0.0922807 -0.2075079 -0.1940562 -0.5174349 -0.1692499 0.3906627 -0.2980472 -0.4824622 0.8468496 -0.2536488 -0.2215829 -0.5387757 -0.3188779 0.1731162 -0.2277359 0.7149770 -0.3465379 0.3721147 -0.2381825 -0.5296015 -0.2689435 -0.5820566 0.7514400 0.2997622 -0.1716197 -0.5394847 -0.1890597 -0.3580636 -0.2216960 -0.4093895 0.7970553 -0.2808942 -0.0066283 0.0090455 -0.2764539 -0.4347369 0.4725542 -0.5081165 -0.1237450 0.0274528 -0.4794098 0.6271012 -0.2025424 -0.3036282 0.3314178 -0.2268292 0.2456865 0.6898516 0.8549883 0.0102110 0.0327810 0.0602810 -0.1930360 -0.0291990 0.0678317 -0.4700452 -0.1395532 -0.0873955 -0.1185034 -0.1395587 -0.5658543 -0.4413590 0.0288870 0.1074620 -0.0513194 -0.3883857 -0.2808655 -0.4956957 -0.1660084 -0.1968677 0.1673881 -0.3577917 -0.3752058 -0.2979451 -0.1347046 0.0530147 -0.3820665 -0.3164480 -0.3457064 -0.3530729 -0.0687653 -0.3141761 -0.2808082 -0.2440675 -0.2859518 -0.1750753 -0.2435805 -0.5347481 -0.2389126 -0.0736857 0.1139588 -0.7662718 -0.3117572 -0.6998476 -0.0909909 -0.0329974 -0.3400269 -0.1630796 -0.0354055 0.2671011 -0.1223866 -0.4107715 0.5273285 0.0056180 -0.0968790 -0.3050447 -0.0273684 -0.5017517 0.0439776 -0.3667156 0.6453461 0.1006943 -0.0403172 0.0651590 -0.0913424 -0.0188827 0.3084606 -0.3263483 -0.2290845 -0.2821404 -0.2717345 -0.1498514 -0.2375003 -0.3085456 0.6798067 -0.4985854 0.6763916 -0.0610165 -0.2813207 -0.3594694 0.0333695 0.2628663 -0.4187058 -0.5307673 -0.4211471 0.1112334 0.0468379 -0.0946996 -0.3562195 -0.1964747 -0.1676593 -0.2504927 -0.4763728 -0.5198242 -0.3445476 0.1063856 -0.2142266 0.0511075 0.3052137 -0.1418957 -0.1927380 -0.2170647 0.2590832 0.6837718 0.7115781 0.8546443 0.7605490 0.6185238 -0.5770964 0.4951343 0.3678562 -0.5145721 -0.7268122 -0.6362579 -0.7665991 -0.5439118 0.6538834 -0.6994991 -0.0279584 0.2883739 0.2157019 -0.0785254 0.2793958 0.5986776 -0.6404107 -0.1644893 0.0538030 0.4108134 0.1369726 -0.6611363 0.4665595 -0.4403658 -0.3217212 0.7319868 0.3698457 -0.0743401
0.1637837 0.4305701 -0.3981762 0.4279076 -0.3730970 0.0000000 0.2471025 -0.2341425 0.7342307 0.5824186 0.4631114 0.5699970 -0.3840696 0.3531061 0.5286462 0.0058986 0.3678638 0.0090763 -0.2386615 0.0546985 0.6222737 -0.1094633 0.2565382 0.3826701 -0.2213966 -0.0238995 -0.0357962 0.2471562 0.5791054 0.0818685 -0.1450972 -0.2023538 0.4347997 0.5108792 0.1429427 0.6619339 -0.0191938 -0.3460672 0.3618936 0.2524341 -0.2960998 0.5739985 0.2715243 0.3444921 0.5602422 -0.0874904 0.0563546 -0.3451181 0.5412489 -0.4807411 0.1444291 0.4658701 0.5241935 0.3919576 -0.3085932 -0.1333841 0.0833605 0.4880699 0.2186264 0.2363987 0.4385114 0.5363043 -0.3893694 0.4955282 0.4444600 0.0771783 0.1723138 0.3832430 -0.3207895 0.2827072 -0.0840105 0.2013572 0.1900798 -0.1409853 0.0310106 0.0324720 -0.2917078 0.0418202 -0.1392345 -0.2591891 -0.3809301 0.0890385 0.4327282 0.3528364 0.3807074 0.5064305 0.1716348 0.1807182 0.4611795 0.4717885 0.2511292 -0.0638247 0.5281311 0.3304513 0.3437119 -0.0192329 0.4494299 0.6409299 0.3946353 0.3422655 0.4698646 0.7068208 0.2204389 0.2601125 0.6372276 0.4422752 0.5176118 0.3260180 0.6358839 0.5964726 0.6544257 0.5128126 0.5970096 0.3091939 0.4638579 0.5495159 0.3486068 0.3139849 0.5707294 0.4966838 0.1477080 0.0163190 0.1893515 0.6280214 0.7278959 0.3925487 -0.1890974 0.2519253 0.7474484 0.4156908 0.7535772 0.2176048 0.6780288 0.4093162 0.0276234 0.4826431 0.6964485 0.7061594 0.5781246 0.5066603 0.3955828 0.5640306 -0.3151292 0.2418786 0.6736630 0.4655417 0.6094060 0.6038522 0.1451826 0.4591984 0.4496328 0.4971471 0.6060577 0.0352297 0.6292923 0.4329798 -0.4234829 0.6699120 -0.4562130 0.0610717 0.3743122 0.4136091 0.3519982 -0.2998269 0.5028089 0.4199665 0.2228486 0.3476118 0.2021116 0.2190907 0.4037298 0.5101151 0.0432905 0.4633573 0.5193987 0.3812817 0.2929147 0.0587834 0.3816585 0.0659414 -0.2669112 0.3148030 0.4230508 0.4866387 -0.0538369 -0.2198349 -0.3104438 -0.3732749 -0.3844843 -0.3262725 0.4358379 -0.1770297 -0.5023091 0.4374597 0.4029089 0.4365656 0.4903569 0.2142984 -0.2007632 0.4617989 0.4377390 -0.1914601 0.3358531 0.5372363 -0.1014669 -0.1849321 0.5609840 0.5243505 0.5560399 -0.1300919 0.4514108 0.4827537 -0.1453701 0.5035039 0.1037995 -0.0178338 0.3633671 0.4859332
0.1912645 0.4612068 0.2121290 -0.1100212 0.0114991 0.2471025 0.0000000 -0.2680349 0.0329566 0.1222375 -0.3271150 0.5530176 -0.1671708 0.3753953 -0.5775628 -0.4225753 -0.0509591 0.0077128 -0.4556912 0.2032622 0.2649678 -0.0937037 -0.3945901 -0.0159743 -0.2000231 -0.3028762 0.7014206 0.1430494 -0.2198405 0.5009833 0.1783517 -0.2573828 -0.0321771 -0.1320260 -0.3016350 0.2906705 -0.3367479 -0.3039465 -0.0203992 0.2056704 0.0104037 -0.1599737 -0.3252114 0.0819395 -0.3319493 -0.4435656 -0.5044175 -0.0780408 -0.0301412 -0.0169866 -0.3912844 -0.0340219 -0.1414121 -0.0873818 -0.0793448 -0.3466697 -0.3594203 -0.1534409 -0.4691148 -0.2716917 -0.4406488 -0.2834377 -0.2075368 -0.1404088 -0.1898836 -0.2402799 -0.3089133 -0.4265379 -0.4562285 -0.3028502 -0.2492485 -0.2471487 -0.3867320 -0.3154938 -0.4682021 -0.5510640 -0.6337775 -0.4317362 -0.3431857 -0.0662268 -0.1602375 -0.0276419 0.0895457 -0.2733390 -0.2177777 0.0301342 -0.0734649 0.1002009 -0.1535914 -0.0816647 -0.5241681 -0.1901991 0.1506888 0.1669899 -0.3785482 -0.1987659 0.3921266 0.1531502 -0.3689618 -0.2128980 -0.1023126 0.0019881 -0.0201881 0.0754083 0.0810707 -0.3441250 0.0604571 -0.2044257 -0.1348193 0.0062025 -0.1724655 -0.0357228 -0.2334490 -0.2948832 -0.0532584 -0.1414320 0.1590271 0.1952571 0.0520200 -0.0015455 0.1331644 0.1412869 -0.2689501 0.0104147 0.1800254 -0.0572785 -0.0104445 -0.0346523 0.0751748 0.1179475 0.0789234 -0.3683615 0.1934824 -0.1552907 -0.2494052 -0.2268898 -0.1053198 0.0044029 -0.0195250 -0.1556908 -0.1268238 -0.0691261 -0.3983323 -0.6024623 -0.2132963 -0.1875170 -0.0448470 0.0364809 -0.0339024 -0.2074505 -0.2840174 -0.3378169 0.0146006 0.1338928 0.0279629 -0.0061656 -0.1372802 0.1387100 -0.1571446 -0.4888096 0.2036866 -0.0854571 -0.0593358 0.0661683 0.1390174 0.0590178 0.2865189 0.4738321 0.1764787 0.0848592 0.2108438 0.2163944 -0.1076034 0.7390209 0.6463890 0.6374288 0.7082203 0.6179262 0.5417002 0.2370323 0.1665892 0.1854842 -0.2873528 -0.2528402 -0.4834551 -0.3471236 -0.4238445 -0.1666932 -0.3511075 -0.3822514 -0.2095340 -0.2752433 0.3394256 -0.1334006 -0.1998478 0.1687576 0.1915495 0.5251994 0.0839020 0.1740869 0.1664150 0.1048728 -0.2065123 -0.1801652 0.2684535 -0.1835334 0.0532166 0.3549320 0.4091432 0.0142961 0.0170618 0.0850280 0.2041866 -0.0448753 -0.3103099 -0.2723445 0.6651777 0.6895615
-0.2604168 -0.2902276 0.2502308 0.7429500 0.6456204 -0.2341425 -0.2680349 0.0000000 -0.2162379 -0.0381603 0.3305635 -0.3975116 0.9404232 -0.1651858 -0.1360316 0.4903747 0.2798207 -0.0311381 0.5887138 0.2539023 -0.3917978 0.4407908 0.2548001 -0.2146195 0.4551551 0.3672112 0.0810331 -0.1444281 -0.2201234 0.0655912 0.1500666 0.5891249 -0.2280638 -0.1982980 0.5125909 -0.4820918 0.4576221 0.8898222 0.0835164 -0.1764436 0.5909740 -0.3220753 0.3837929 -0.4928201 -0.1629459 0.4823141 0.4212421 0.8185199 -0.3269574 0.2544066 0.4347336 -0.1569931 -0.1264436 -0.2474368 0.6374114 0.5512633 0.4910206 -0.2336267 -0.1057389 0.3597176 0.1569767 0.1432505 0.8116315 0.2286684 0.3246083 0.5813905 0.3322892 0.1098360 0.8384011 0.1521633 0.4344291 0.5999150 0.1286879 0.8635534 0.3952399 0.3098508 0.7292303 0.3303739 0.6977715 0.7779227 0.8410453 -0.0620491 -0.0774036 0.2458767 -0.1095101 0.1370762 0.2040481 -0.3251431 0.0775886 -0.2068505 0.0623761 -0.0115827 -0.4514289 -0.4744879 0.2143585 0.2085899 -0.3124618 -0.4794494 -0.0700290 -0.5647297 -0.2280508 -0.2631341 -0.0876675 -0.4574083 -0.3505334 0.0111897 -0.1441191 -0.0569390 -0.2119787 -0.2055073 -0.2113246 -0.2836198 -0.1290693 0.0079470 -0.1799515 -0.1303959 -0.0305519 -0.1438405 -0.0402292 -0.4101459 -0.0435908 0.1508970 -0.2177344 -0.3952642 -0.2526091 -0.6422089 0.0256819 -0.4585191 -0.3797698 0.1514531 -0.0233311 0.2693140 -0.2457865 0.0394167 0.3360180 -0.1698997 -0.0376392 -0.3680131 -0.0863813 -0.5639685 0.1061088 -0.4322520 0.5396673 0.5368738 -0.0090269 -0.1154439 -0.2132833 -0.1110694 0.5461908 -0.3251528 -0.1630371 -0.1822037 -0.3733772 0.0600727 -0.1307236 -0.4494491 0.3506949 -0.4670733 0.6117352 -0.0598640 -0.0801882 -0.3835708 -0.1696278 -0.0911479 -0.3554284 -0.5337411 -0.2786270 0.1889908 -0.0524418 -0.2353187 -0.1348349 -0.1486307 -0.1713751 -0.3092109 -0.5594905 -0.5441985 -0.4413892 -0.1529961 -0.3420771 -0.1889225 -0.1648963 -0.3778289 -0.2689299 -0.3097745 0.2454830 0.8884524 0.8077113 0.7312045 0.7964538 0.7930773 -0.4848461 0.7729596 0.3282240 -0.4967785 -0.6144695 -0.5820844 -0.5699782 -0.3557062 0.6820628 -0.6338527 0.3327630 0.3263957 0.2839096 -0.0058706 -0.1082012 0.6649465 -0.6291428 -0.0611312 0.2856874 0.6539514 0.1238826 -0.6476570 -0.0014332 -0.2964063 0.2533334 0.7282751 0.1346512 -0.1056354
-0.0805415 0.4188873 -0.2088843 0.3063999 -0.4727930 0.7342307 0.0329566 -0.2162379 0.0000000 0.3754506 0.4066389 0.4560062 -0.3361683 0.3490735 0.6740242 0.3410492 0.2090886 0.3310402 -0.0429636 0.0713478 0.6192828 -0.1645276 0.5032300 0.4816240 -0.0007614 0.1366298 -0.2276675 0.3969453 0.5162733 0.0437807 -0.2202747 -0.0967051 0.4723885 0.4621095 0.3251167 0.6095942 0.1873497 -0.2061988 0.1650453 0.1724909 -0.3474309 0.6510805 0.3003880 0.4335670 0.5284116 -0.0257736 0.2313472 -0.3755007 0.4853415 -0.1004260 0.3651579 0.2790806 0.4288603 0.2728766 -0.3637528 -0.0196119 0.2001213 0.3804272 0.5712187 0.3333199 0.5441399 0.5555229 -0.3888624 0.3386294 0.2779978 0.0810645 0.4093706 0.4475879 -0.1175447 0.3139917 0.2208719 0.0692056 0.5046159 -0.2555021 0.3255332 0.2396368 -0.2282908 0.4100022 -0.0895268 -0.4561749 -0.4084699 0.3414835 0.4553045 0.4038995 0.5034433 0.5567686 0.2560890 0.4356054 0.6217541 0.5028512 0.2943503 0.1809675 0.5950472 0.5042207 0.3780690 0.2207331 0.1867097 0.5234184 0.5622994 0.6431105 0.4936394 0.5249584 0.2675494 0.4145739 0.4779955 0.6026097 0.6058284 0.3372880 0.6299723 0.6419169 0.6171906 0.6025208 0.6127407 0.5275254 0.6819239 0.5419692 0.4927034 0.5648604 0.5194285 0.7649406 0.4554217 0.2683036 0.2924561 0.7253137 0.7015202 0.4981017 0.0802196 0.3300620 0.5683837 0.5346116 0.4685366 -0.0800603 0.5019975 0.6054832 -0.2125740 0.2205835 0.3225506 0.5057482 0.1542465 0.5851009 0.1035241 0.4862068 -0.3347017 0.1963760 0.3357203 0.3237327 0.2028623 0.1218680 -0.0391331 0.4527028 0.4291247 0.3866641 0.3256026 0.2367211 0.3562596 0.2241820 -0.4036520 0.4157301 -0.3972115 0.2224119 0.3731927 0.3984233 0.1008245 -0.1114941 0.3406482 0.3559436 0.3162990 0.0814421 0.1113213 0.2175257 0.2234108 0.1837789 -0.0033285 0.1585354 0.4873325 0.4071372 0.3312018 0.1178312 0.4169891 0.0772279 -0.1219293 0.3666667 0.6165129 0.6176408 0.2178673 -0.2460732 -0.2140275 -0.4893316 -0.4652322 -0.4293756 0.6057173 -0.2050576 -0.3934714 0.4921594 0.5396621 0.5174635 0.5925907 0.3419039 -0.3875051 0.6055052 0.5406894 0.0960631 0.3313421 0.4304361 -0.0125466 -0.3440515 0.7194966 0.3776615 0.4404378 -0.0793905 0.4698934 0.6095144 -0.2614425 0.6493131 0.1412314 -0.3252005 0.2131093 0.3183145
-0.0961552 -0.2005368 -0.4392038 0.3872222 -0.2632282 0.5824186 0.1222375 -0.0381603 0.3754506 0.0000000 0.5092755 0.3404904 -0.1217217 0.8028096 0.2993804 0.1601543 0.4369590 0.1040322 0.0054193 -0.2642432 -0.0304740 0.1964105 0.2158775 0.5595833 -0.0891850 0.1888913 0.0050547 0.4189641 0.5860880 0.1975590 -0.1523457 -0.0169183 0.5227684 0.7286936 0.1439247 0.3765265 0.0484569 0.0135806 0.2890545 0.3124957 0.0556857 0.5373253 0.1077804 0.5061899 0.7610099 0.1533160 0.1971378 0.0774387 0.7890769 -0.2905697 0.1834604 0.5611082 0.8630751 0.6575527 -0.0170258 0.1827261 0.2379452 0.7475478 0.1359500 0.2562246 0.6713192 0.3312426 -0.2172585 0.5953491 0.7497308 0.2162584 0.0600253 0.4617064 -0.1117926 0.3919825 0.0848542 0.4313469 0.2764690 0.1409026 0.1444490 0.4068870 -0.0858448 0.1211023 0.3787001 -0.0830551 -0.1963940 -0.2264815 0.0351800 -0.1508214 -0.2235380 -0.1487836 -0.1169910 -0.0388334 -0.1136758 -0.1198690 -0.0738370 -0.2587011 -0.0893212 -0.0662704 -0.0722206 -0.0737380 -0.0040095 0.0552669 -0.0956223 0.0246793 -0.1360943 0.1636804 -0.1023099 -0.3903793 0.2518118 0.1308423 0.0165494 0.2887327 0.2634644 0.1693624 0.3954879 -0.0329217 0.4961423 0.2379466 0.0421975 0.1770392 -0.0841549 -0.0153935 0.0448498 0.0089660 -0.1906144 -0.1412810 0.0537156 0.1896768 0.3650902 -0.1779195 -0.1542858 0.0239521 0.2108826 0.0938204 0.1565060 0.3426158 0.3195533 0.4829817 -0.0632758 0.2026066 0.2997137 0.3127129 0.1146770 0.0418656 0.2220792 0.1955206 -0.0475568 0.1746636 0.3614418 0.2480165 0.1652835 0.1926442 0.1715358 0.3603783 0.1152775 0.0802430 0.2758089 0.0756928 0.3415610 0.1602430 -0.2796445 0.3216832 -0.1544476 -0.0030845 0.2568539 0.2680830 0.2269909 -0.2382262 0.3650900 0.1063085 0.3811317 0.4045554 0.4602671 0.2119912 0.4034294 0.5095130 -0.2616917 0.2025713 -0.0059211 -0.0145090 -0.0940303 -0.3511779 -0.0800892 -0.3366257 -0.4772612 -0.2524164 0.3514527 0.1326581 0.1635786 0.0669919 0.0134323 -0.0843321 -0.1215153 -0.2610388 -0.0221321 -0.2018915 -0.4438760 -0.0574415 -0.0549703 -0.1275718 -0.0231121 -0.0616565 -0.1749661 -0.1339515 0.0645266 -0.0081429 -0.1116603 0.0876244 -0.0975153 0.0944121 0.0838831 0.0595388 0.2499770 0.0571225 -0.0617397 -0.1203539 -0.2019652 0.3408823 0.2131411 -0.0792313 0.1947056 -0.0143472
-0.3855268 -0.4185545 -0.5951097 0.5787223 -0.3278414 0.4631114 -0.3271150 0.3305635 0.4066389 0.5092755 0.0000000 -0.2370321 0.0669245 0.1075292 0.6321365 0.6322137 0.8060615 -0.1327763 0.5547048 -0.3627940 -0.0196237 0.4018033 0.7727825 0.1001396 0.3565709 0.5146526 -0.1840738 -0.1813658 0.2994561 0.0192134 -0.2086539 0.1382253 0.1517168 0.3699248 0.7596946 0.1166543 0.5645632 0.3779771 0.5239546 0.2404612 -0.2045134 0.1422997 0.7704265 0.0923342 0.4647206 0.4922000 0.7007065 0.0110243 0.3356315 -0.2575325 0.7576626 0.5161208 0.4729233 0.5285103 -0.2753740 0.3772171 0.7054567 0.5611145 0.2968891 0.7835604 0.6518435 0.8598053 -0.1022334 0.7951239 0.6422366 0.6206539 0.6695846 0.8765730 0.3380058 0.8641974 0.5521824 0.7971309 0.7396911 0.3264483 0.6853551 0.7961027 0.4515266 0.6506732 0.6400510 0.1110392 -0.0055435 0.1535236 0.2466982 0.4268284 0.2762629 0.3182069 0.4171946 0.2032105 0.3479223 0.1500025 0.4489227 0.0890257 0.2052670 0.0395940 0.3254232 0.2782631 -0.2138652 0.1284000 0.4442246 0.0916290 0.2100321 0.3172929 -0.0088785 0.0016217 0.2420857 0.5290255 0.2095482 0.2407564 0.4320455 0.4304609 0.4374349 0.2428957 0.3856662 0.5832400 0.3825459 0.3663606 0.3141235 0.2461984 0.3793944 0.1855221 0.2330688 0.2628967 -0.1824571 0.4697451 0.1559777 0.0623163 0.1858346 -0.3565194 0.0975830 0.6104021 0.3108472 0.2766968 0.1332016 0.6027242 -0.0163454 -0.0007217 0.3062580 0.1010169 0.1304594 -0.0245882 0.2131420 -0.0297948 -0.1172803 0.5476741 0.3073010 0.0775821 0.1333761 0.1764811 0.2596793 0.0390335 0.0939678 0.1421274 0.1076393 0.0923363 0.3712980 -0.0000288 -0.4231412 0.1834580 -0.1964741 -0.0445666 0.2613105 0.0506800 -0.0284988 -0.5477261 0.1428105 -0.0302116 0.1135741 0.2977228 0.0042280 -0.1636484 0.2849740 0.2145291 -0.2595064 0.0033380 -0.0629026 -0.0263090 -0.1744123 -0.4412797 -0.1996494 -0.4480135 -0.7184470 -0.3523838 0.2297671 0.1322327 0.2009057 0.2443756 0.0920947 -0.1517893 0.0446374 0.2177108 0.0112119 0.2576400 -0.1476402 0.0109551 0.1062699 0.0212676 0.1869904 0.1484091 0.2016757 -0.0106618 0.3199696 -0.1517209 0.3576125 0.3182239 -0.2277796 0.3158636 0.0717304 0.2750726 0.2821314 0.2065861 0.1964164 -0.0418002 -0.3728263 0.4711520 0.4962226 0.2377785 -0.0999890 -0.0458651
0.3169704 0.5682785 -0.0161429 0.0483040 -0.0403593 0.5699970 0.5530176 -0.3975116 0.4560062 0.3404904 -0.2370321 0.0000000 -0.3223265 0.4056514 0.0676914 -0.4513708 -0.1726676 0.1730653 -0.7659297 0.3118306 0.3440154 -0.1878368 -0.2970490 0.3879350 -0.3991258 -0.3493524 0.1906475 0.4960478 0.3625840 0.2256934 0.3238137 -0.0879083 0.4181792 0.3608419 -0.3375038 0.3704803 -0.2599521 -0.4854693 0.1713517 0.2148795 0.1567909 0.4569801 -0.1574376 0.5507983 0.3472346 -0.2599155 -0.3397326 -0.0971951 0.4802273 -0.0790711 -0.2817126 0.2580975 0.3560286 0.2233658 -0.0340721 -0.1148390 -0.2848958 0.2977497 -0.0109228 -0.2235856 0.1787952 -0.0463696 -0.1598961 0.0759224 0.1547622 -0.1942214 -0.2513460 -0.1181271 -0.4366102 -0.2000935 -0.3812977 -0.2119858 -0.3147659 -0.2581364 -0.4278950 -0.4315309 -0.5775600 -0.3328333 -0.4082846 -0.2043869 -0.2139185 0.0904035 0.2728607 -0.0280537 -0.0168099 0.2445734 -0.0599826 0.0754449 0.1175090 0.2347131 -0.1285961 -0.4073274 0.1731660 0.2423603 0.1773551 -0.0234577 0.3049704 0.3963042 0.0230663 0.2737975 0.2039017 0.3916802 0.1642465 0.1038283 0.2696351 0.1342357 0.2786311 0.0545140 0.1819883 0.2607461 0.1959855 0.1168469 0.3253900 -0.1157635 0.3233928 0.2032160 0.1822727 0.3433570 0.2487402 0.4607705 0.2341649 0.1497432 0.0846784 0.1299550 0.6509983 0.0012975 -0.0116644 0.2534190 0.4497007 0.0679804 0.3034377 -0.0135418 0.4642852 -0.0610533 -0.1057231 0.1321511 0.2583763 0.4285934 0.2454622 0.3770656 -0.0040832 0.4240107 -0.2741479 -0.2881356 0.2482068 0.1825851 0.2252165 0.2276938 -0.2291604 0.3861513 0.2788850 0.0457557 0.2784605 -0.2502086 0.0957943 0.1954494 -0.2071702 0.2782530 -0.3810216 -0.0218638 0.1076006 0.2092725 0.1345246 0.0511518 0.1744321 0.1777749 0.0392911 0.1683809 0.1435478 0.1496851 -0.0146549 0.1179331 -0.2176628 0.2488152 0.3935856 0.2762357 0.2614145 0.1664151 0.1921625 -0.0286886 0.0156333 0.1947608 0.2057557 0.1576961 -0.0099750 -0.2527828 -0.2456403 -0.1835579 -0.3527138 -0.4824124 0.2254315 -0.3719910 -0.2766982 0.0601254 0.0622446 0.0589350 0.0963012 0.0449343 -0.1424681 0.1999758 0.1216473 0.0624245 -0.0287506 0.0484036 0.1764611 -0.3695047 0.3914184 0.3244284 0.3571161 -0.1072743 0.2828807 0.2695185 0.1143312 0.1423914 -0.1484269 -0.2019109 0.5099288 0.3307423
-0.1075209 -0.2397247 0.4070532 0.5945258 0.7138344 -0.3840696 -0.1671708 0.9404232 -0.3361683 -0.1217217 0.0669245 -0.3223265 0.0000000 -0.1683081 -0.3073658 0.3820733 0.0185282 -0.0698986 0.4724582 0.4283108 -0.4885488 0.4647968 0.0454304 -0.2963691 0.4557728 0.3026583 0.0937864 -0.1289137 -0.3239084 0.0550242 0.2253315 0.6168731 -0.3185827 -0.3312625 0.3566235 -0.5560327 0.3712355 0.8460719 -0.0500094 -0.2286627 0.6683821 -0.3590690 0.1730009 -0.4997990 -0.2775163 0.3092539 0.2504563 0.9098106 -0.4222548 0.2334463 0.2531066 -0.2890395 -0.2549966 -0.3658972 0.7645510 0.4498050 0.3379105 -0.3658976 -0.1530280 0.1843634 0.0296640 -0.1285398 0.8965714 -0.0034914 0.1354769 0.4918902 0.1693653 -0.1362555 0.7649664 -0.0488821 0.3163010 0.4208785 -0.0719935 0.7999622 0.2137445 0.1333361 0.6398902 0.1715568 0.5928495 0.8061251 0.8777391 -0.2491575 -0.2775077 0.0162615 -0.2569632 -0.0222846 -0.0027646 -0.3504865 -0.1125402 -0.3136040 -0.1223230 -0.0814168 -0.5401679 -0.4910599 0.1043539 0.0850045 -0.2611183 -0.5433904 -0.2501467 -0.6734317 -0.3596018 -0.4168817 -0.2001134 -0.5076183 -0.4035921 -0.1609353 -0.2712663 -0.1957419 -0.3642155 -0.3498760 -0.3684484 -0.4255596 -0.2858222 -0.1961945 -0.3430976 -0.2346334 -0.1150780 -0.2539760 -0.1452529 -0.4535277 -0.1067622 0.0896545 -0.1995424 -0.5475969 -0.2297398 -0.7188166 0.0179427 -0.4287045 -0.4043588 -0.0201974 -0.1174423 0.2468436 -0.2796032 -0.1618574 0.3812748 -0.1938861 -0.1105235 -0.3796259 -0.1042572 -0.5282621 0.1088391 -0.3739523 0.6457069 0.4187626 -0.1027921 -0.1338007 -0.2528046 -0.1585391 0.5517632 -0.2516844 -0.1168969 -0.2304612 -0.3845488 0.0898746 -0.2565639 -0.3873734 0.5303334 -0.5097023 0.7454839 0.0434737 -0.1059146 -0.3461708 -0.1066891 0.1514865 -0.3260492 -0.4735744 -0.2652783 0.1726935 0.0168277 -0.1042625 -0.1434003 -0.1308942 -0.0790361 -0.3480491 -0.6076455 -0.5984371 -0.4359872 -0.0668216 -0.3698888 -0.1176077 0.0109415 -0.3105516 -0.3219147 -0.3659850 0.2530651 0.8551152 0.8367409 0.8398391 0.8186663 0.7370452 -0.5436752 0.7070142 0.3947375 -0.6002824 -0.7225202 -0.6737926 -0.6805159 -0.4326842 0.6281144 -0.6867298 0.2086667 0.3216602 0.0714702 -0.1836884 -0.1688558 0.5381706 -0.7081759 -0.2151366 0.1922745 0.5781089 -0.0429493 -0.6780427 0.0117595 -0.5313518 0.1612934 0.6274981 0.1721194 -0.0939907
-0.0876513 0.0057088 -0.0375060 0.1358282 -0.1443454 0.3531061 0.3753953 -0.1651858 0.3490735 0.8028096 0.1075292 0.4056514 -0.1683081 0.0000000 -0.0536885 0.0138028 0.1201027 0.5115193 -0.0928034 -0.2172748 0.0926796 -0.0994230 -0.0510516 0.7314680 -0.1293425 0.0863262 0.1800817 0.7459199 0.5062445 0.3292436 -0.2189051 -0.0642651 0.6119254 0.6822627 -0.1003410 0.4886366 -0.2067607 -0.0524703 -0.0816264 0.1993984 0.0969025 0.5110523 -0.2933790 0.4547835 0.5214940 0.0102267 -0.0470088 0.0088921 0.7239504 0.0458329 -0.0286580 0.2271066 0.7062115 0.3521490 0.0812417 0.1256677 -0.0094110 0.4453916 0.0345458 -0.0110346 0.3388056 -0.0386170 -0.2219072 0.2468001 0.4731190 -0.0831297 -0.0911119 0.0925229 -0.1760317 0.0396942 0.0743178 0.0322819 0.1682966 -0.0840856 0.0309497 0.1810792 -0.3707987 0.0407565 0.1876921 -0.2360624 -0.2367739 -0.0650479 0.1232924 -0.1948179 -0.2143996 -0.2030801 -0.0740575 0.0692395 -0.1237109 -0.1154972 -0.2361106 -0.0203017 -0.0602260 0.0989399 -0.2390984 0.0468389 0.1194516 0.0101673 -0.1878136 0.0926988 -0.1375170 -0.0319339 0.1040056 -0.2998319 0.1819536 -0.0090138 0.1162134 0.4088446 0.1496759 0.1024400 0.3185202 0.0082958 0.4239431 0.2561197 -0.0358709 0.0668250 -0.0893067 0.0560988 -0.1047252 0.0055271 -0.1186629 -0.1170338 0.2055304 0.0815970 0.2063066 -0.1774966 -0.1168722 0.2663819 0.0377452 0.0166392 -0.0971928 -0.0174834 0.2512324 0.4158447 -0.2192736 0.0256945 -0.0416841 0.1433453 -0.2531929 -0.0614221 -0.0252405 0.0394170 -0.1137244 -0.2010112 0.0318767 0.2080734 -0.1420975 -0.1557196 0.0656407 0.1836892 -0.1241272 -0.1000130 0.1025385 0.3363991 0.1549350 0.0522797 -0.1722154 0.2154739 -0.0853732 -0.1346266 0.3239965 0.2493107 0.1700525 0.0112334 0.3174066 0.0776393 0.5412000 0.3506274 0.5511132 0.3002088 0.3825798 0.3984482 -0.2407343 0.2850939 0.1347353 0.1651181 0.1772437 0.0113591 0.2034075 -0.1096867 -0.1613693 -0.0927459 0.3300703 0.1278213 0.0272991 -0.0899325 -0.0993310 -0.1087553 -0.2568548 -0.5001024 0.0093706 -0.4003333 -0.3008834 -0.0074460 -0.0630531 -0.0127025 0.0301083 0.0514143 -0.2970211 -0.0385124 0.0676662 0.2496228 -0.2230416 -0.1056450 0.2187041 -0.0496879 0.1096751 -0.0687376 0.2366375 0.0263771 -0.0824994 -0.1128927 0.0346977 0.2860579 -0.1276189 -0.3540696 0.3251210 0.0370399
-0.0857119 -0.0540071 -0.5861190 0.2334338 -0.5104763 0.5286462 -0.5775628 -0.1360316 0.6740242 0.2993804 0.6321365 0.0676914 -0.3073658 -0.0536885 0.0000000 0.4511975 0.3188156 -0.0569519 0.1446749 -0.1473029 0.2209207 0.0989937 0.6811546 0.2898817 0.1195259 0.3381205 -0.6494232 0.0357394 0.5320676 -0.3258964 -0.1594571 0.1072970 0.3852627 0.4691444 0.4865639 0.2555612 0.4385310 -0.0822045 0.3741200 0.1222794 -0.3420775 0.5292157 0.5839350 0.3874879 0.6629534 0.3150588 0.5620441 -0.3131767 0.4739009 -0.2975473 0.5660303 0.4567575 0.4697896 0.4629725 -0.4207319 0.2081435 0.4610520 0.5545422 0.6845402 0.5270549 0.7091387 0.7348890 -0.3043295 0.4309509 0.3316496 0.3421442 0.5450028 0.7544688 0.0940959 0.5829839 0.2801134 0.2665827 0.6262606 -0.1019712 0.5315481 0.5602877 0.1644567 0.5534144 0.1207525 -0.3529041 -0.3304276 0.1870323 0.2565613 0.4463801 0.5012874 0.4213223 0.2520292 0.2392281 0.5303982 0.4502586 0.6730293 0.1307817 0.4417128 0.2574044 0.5869901 0.1832362 -0.0425373 0.4490009 0.6966007 0.5809840 0.4742458 0.5858958 0.1008718 0.3026571 0.4774997 0.7618860 0.3653882 0.3127033 0.6801592 0.5668882 0.6616558 0.4826454 0.6191492 0.5115530 0.5982505 0.5557005 0.2740534 0.2906600 0.4632895 0.6179667 0.2466138 0.0862157 0.2963349 0.6384245 0.5097516 0.4503822 0.0372948 0.1307488 0.5362083 0.3762499 0.4521261 0.3489689 0.3794294 0.4918223 0.0832416 0.3665673 0.5287073 0.5438846 0.3740889 0.6500916 0.3300687 0.5502171 -0.0987930 0.4946532 0.5556494 0.3482460 0.4125992 0.3363952 -0.0092647 0.5927451 0.6275084 0.5416894 0.4413978 -0.0420178 0.4410062 0.3218858 -0.3624589 0.4187587 -0.3872072 0.4593449 0.2419449 0.4547745 0.1833606 -0.2730010 0.3150541 0.3264135 -0.0137056 -0.1585545 -0.0783370 0.0707081 0.0879486 0.1125676 -0.0146398 -0.2998825 -0.0078204 -0.0674273 -0.2477601 -0.4957652 -0.1807704 -0.2779062 -0.3848390 0.0387941 0.5910995 0.5637615 0.3866197 -0.1217767 -0.0701905 -0.3888228 -0.2543813 -0.1401246 0.5517344 -0.1064045 -0.5901854 0.4050804 0.5506177 0.2703825 0.3620488 -0.0594642 -0.3074338 0.3470374 0.2284731 -0.2466571 0.3523970 0.4878097 -0.2522410 -0.2063526 0.5585333 0.2168622 0.0909882 -0.1918889 0.3010305 0.4770218 -0.4224831 0.5393324 0.4042653 -0.0651991 -0.3341280 -0.2041966
-0.4897178 -0.3153224 -0.2572941 0.4682731 -0.0993280 0.0058986 -0.4225753 0.4903747 0.3410492 0.1601543 0.6322137 -0.4513708 0.3820733 0.0138028 0.4511975 0.0000000 0.3202234 0.0480031 0.6840431 -0.0753061 -0.2230673 0.4472792 0.8479953 0.0879363 0.6052328 0.6433382 -0.4039881 -0.0588067 -0.0097402 -0.2800109 -0.2820590 0.4512075 0.1337901 0.1041919 0.7930113 -0.1829982 0.6104728 0.5741820 -0.0474815 -0.2096258 -0.0413456 -0.0484658 0.4742178 -0.1934276 0.1249292 0.3876391 0.6565321 0.2181762 0.0335043 0.0016869 0.7431929 -0.0758798 0.0943102 -0.0291194 -0.0350614 0.3732698 0.6340997 0.0158176 0.5274781 0.6025686 0.4529996 0.5102453 0.1381157 0.1601742 0.1541902 0.5858583 0.6918951 0.5034685 0.5805952 0.4450788 0.7069511 0.4173464 0.7255080 0.2425772 0.7968756 0.6760383 0.4449870 0.7776628 0.5804036 0.0309380 0.1751012 0.1095446 0.0854158 0.2878859 0.3083277 0.2799218 0.2945101 0.2156990 0.3446431 0.1598293 0.3201114 0.3414565 0.1652437 0.0236236 0.2318053 0.2979107 -0.2323479 0.0029423 0.3653047 0.0009523 0.0924098 0.1198108 -0.0132532 0.0260734 0.1395772 0.4746506 0.2317060 0.1771506 0.4001063 0.3590775 0.3224741 0.2934312 0.2645543 0.4862704 0.3262797 0.3163645 0.3302072 0.2480069 0.3254969 0.1328014 0.2572659 0.2901662 0.0949217 0.2721751 0.1570946 -0.0401538 0.1655176 -0.2484607 0.0420351 0.5509534 0.1253168 0.2225248 0.0670574 0.5349558 0.1724846 -0.0403914 0.0470388 0.0143219 -0.0798518 0.0182390 0.2318925 -0.0147395 0.2595917 0.4534457 0.0577884 0.0712439 -0.0945120 -0.0891088 0.3757098 0.1105063 0.1684752 0.0198638 -0.0314718 0.4001104 0.1927940 -0.0867600 0.0536115 -0.0349538 0.2960468 0.2233595 0.3909923 0.1203218 -0.0100010 -0.0773314 0.1157954 -0.1049972 0.0055542 0.0300514 0.0425547 0.0426823 0.0721327 0.0499900 -0.1657369 -0.3058257 -0.2086648 -0.1217392 -0.1452258 -0.2584170 -0.1280722 -0.2135251 -0.1612845 -0.1456320 0.2354930 0.2053953 0.4413875 0.2896115 0.3911349 0.0693351 0.1480287 0.2179531 -0.1176834 0.2537819 0.0850150 -0.1350120 -0.1057842 -0.0666618 0.0006683 0.0816317 0.0487012 -0.0960509 0.4123843 -0.0001329 0.2636196 0.1051648 -0.2517157 0.1848961 0.0081567 0.1130933 0.1863803 0.1207401 0.0159386 -0.0474363 -0.5534791 0.2282203 0.3220709 0.0922753 -0.1352543 -0.0809550
-0.2492140 -0.2912407 -0.3658149 0.4761708 -0.2012794 0.3678638 -0.0509591 0.2798207 0.2090886 0.4369590 0.8060615 -0.1726676 0.0185282 0.1201027 0.3188156 0.3202234 0.0000000 -0.2070048 0.4631842 -0.3355981 -0.0318789 0.4148594 0.5765241 -0.0793992 0.2638135 0.3271276 0.2752834 -0.2870658 -0.0287409 0.3569657 0.1316953 0.0481986 -0.0524377 0.1306513 0.5719192 0.0365750 0.4886327 0.2974830 0.6897875 0.4309660 -0.0254005 -0.0787401 0.7278769 0.0813666 0.1949119 0.4739908 0.5076870 0.0349797 0.1336097 0.0475662 0.5525302 0.6161470 0.2788358 0.5689154 -0.3741338 0.3133730 0.6045655 0.4805528 0.0409430 0.6614303 0.3657382 0.7855934 -0.2233915 0.7600342 0.5506710 0.5624047 0.5444200 0.7927899 0.2681236 0.7682077 0.5227288 0.6896294 0.5968635 0.2544253 0.5373154 0.6203065 0.2248553 0.4834926 0.5721242 0.0789109 -0.0420102 0.2408139 0.2603129 0.2737161 -0.0076199 0.1934457 0.4023442 -0.0508947 0.1770527 -0.0892013 0.2260027 0.0412320 0.0595140 -0.1229082 0.0313441 0.0655977 -0.3604442 -0.0839533 0.0941439 -0.0640286 0.0134700 0.1415587 -0.0958999 -0.0734021 -0.0480466 0.1969453 -0.0440285 0.0687339 0.1654661 0.1628088 0.1701735 0.0183865 0.1309932 0.2543104 0.2752088 0.0456096 0.0775089 0.1902616 0.0739339 -0.0437136 0.0728884 0.1265188 -0.3701602 0.2454564 -0.0952102 -0.0453688 -0.0084646 -0.4785468 -0.0844837 0.4268601 0.1629684 0.0290309 0.0361249 0.3810191 -0.1760484 -0.2379487 0.1641174 -0.0784418 0.0451001 -0.2962820 0.0205961 -0.2417788 -0.3362276 0.1874964 0.1500798 -0.2763649 0.0561035 0.1531259 0.1160204 -0.2110359 -0.2697502 -0.1618189 -0.0290576 0.0077909 0.2625539 -0.2612252 -0.5116176 0.0329445 -0.2616039 -0.3520627 0.0363980 -0.1650289 -0.3311251 -0.6093338 -0.0358451 -0.1456737 0.2615717 0.4728843 -0.0228279 -0.2863822 0.1922995 0.1164000 -0.3055600 0.2736362 0.1439009 0.1915283 0.0411870 -0.2234640 -0.0638231 -0.4369637 -0.7278055 -0.5128788 -0.0308862 -0.2241413 -0.0372601 0.1486087 -0.0515906 -0.2002993 -0.0512738 0.1481266 -0.1856017 0.1271537 0.0915713 -0.1238078 -0.0169032 0.0177997 0.1562952 0.3371478 0.3216947 -0.0793697 0.3580152 0.0796561 0.2217509 0.3521515 0.1951934 0.4131710 -0.0094540 0.3874752 0.3784668 0.3974356 0.2206943 -0.0628448 0.0174705 0.4780264 0.4789918 0.2553937 0.0679910 0.0457572
