0.0000000 0.6923547 0.5306474 -0.2077208 0.5647761 -0.5055923 -0.4167852 -0.1000900 -0.6883345 -0.2831035 -0.1280316 -0.6295476 -0.0419126 -0.2790405 -0.5034819 -0.2613515 -0.4730450 -0.2612346 -0.3536966 -0.1316935 -0.5424516 -0.3078483 -0.2020241 -0.3044295 -0.2767744 -0.2536195 -0.3625756 -0.2283170 -0.4588721 -0.1391072 0.0609006 0.3104346 -0.1102250 -0.3453775 0.0273630 -0.2099048 -0.2494437 0.1237995 0.1299249 0.2171660 0.0994974 0.0377558 0.0563840 0.2892169 -0.1897395 -0.0817557 -0.1082737 0.2814999 -0.1259588 0.1633086 -0.0041382 -0.1759719 -0.4959353 0.0982150 0.4696312 0.3141895 -0.0096861 -0.2879083 0.0208261 0.1153822 0.0248109 -0.0376059 0.3862587 -0.0210212 -0.1227611 0.1500058 0.0908380 -0.2179623 0.0581035 -0.0239863 0.0772287 -0.2627819 0.0604480 0.2742648 -0.0488379 0.0789750 0.2414031 0.0010571 0.1839907 0.3833264 0.2243451 0.0252077 0.1212284 0.1858413 0.1240124 -0.0546097 -0.2297364 0.3490166 -0.2635046 -0.3540268 -0.2568251 -0.0458998 -0.1715864 0.3753993 -0.0948989 -0.0236003 -0.0687589 0.1600436 0.0678769 -0.0930644 0.0558891 -0.0239402 0.0731795 0.1125108 -0.0722773 -0.0373895 -0.0743989 0.0460090 -0.1365687 0.1046982 -0.0394030 0.0895179 -0.0620966 -0.1250916 -0.0830639 -0.1577860 -0.2763901 -0.0941121 -0.1550215 0.0512357 -0.1138254 -0.2115852 0.0769681 0.0700721 -0.1143800 -0.0024165 -0.1235747 -0.2919962 0.0108563 -0.1213020 -0.0728313 -0.2007513 -0.2994479 -0.0902326 -0.1682952 -0.1865393 -0.1140398 -0.2932470 -0.3082520 -0.0351862 -0.2170286 -0.4050778 -0.0553319 0.0261984 -0.2226996 -0.0281771 -0.5541634 -0.4436853 -0.1129639 -0.2432083 -0.0496863 0.1818383 -0.5223774 -0.0996725 -0.3770684 0.4885011 0.3805064 -0.2722725 0.1982202 0.2816448 -0.2773707 -0.2149405 0.3962847 0.5159310 -0.2788438 0.2925357 0.4426229 0.3063092 0.3217938 -0.0094411 -0.0178600 0.0819420 0.4338954 -0.0125059 0.6307956 0.2490564 0.1651303 0.3904377 -0.3483936 -0.0048856 0.3418931 0.2185559 0.1841234 0.2434315 0.1793178 0.1895450 0.4275922 0.7772258 0.4045920 0.0868681 0.3751920 0.2668040 0.2607122 0.5849667 0.2947818 0.2049534 0.2045306 -0.0411995 0.0461648 0.1228469 0.1684407 0.0363825 -0.1157444 0.0646448 0.1222860 0.4039920 -0.4853416 -0.1239559 0.2501680 -0.0952110 -0.1303679 0.0856021 0.4205549 0.2535415 -0.0808539 0.5843915 0.4540919 0.3320251
0.6923547 0.0000000 0.7845631 0.1497304 0.7707171 -0.1562777 -0.4698278 0.3084999 -0.5888765 0.1501719 0.3260842 -0.6232570 0.4440019 -0.1110253 -0.6925029 0.1231403 -0.2740579 -0.4259152 0.0235320 0.0119953 -0.3523099 -0.0584175 -0.0258642 -0.3025522 0.1035574 0.1865354 -0.5812605 -0.3232867 -0.2819222 -0.2592809 -0.0206094 0.5551395 -0.1515991 -0.3292730 0.0568343 0.1909892 0.0507320 0.4612250 0.1611164 0.1852612 0.3892476 0.3976110 0.1065308 0.3256311 0.2973281 0.1915022 -0.0265669 0.5653133 0.1224163 0.3702947 0.1382346 0.1317476 -0.1548545 0.5583163 0.6532838 0.5625422 0.1871251 0.2059034 0.4525483 0.4481534 0.5550273 0.4301230 0.5960797 -0.0056505 0.3292358 0.5804748 0.5996010 0.3215960 0.4595240 0.1407791 0.5682033 -0.3903699 0.5343101 0.1371771 0.4523757 0.2510531 -0.0856221 0.3381676 0.1822866 -0.0105260 -0.0709769 0.3252265 0.3262644 0.3414639 0.4563366 0.0769655 0.0624622 0.3734550 -0.1243556 -0.0127031 0.0805834 0.2316981 0.0909819 0.5137456 0.0018425 0.0522658 0.1293083 0.4393391 0.3177005 0.2761458 0.3671410 0.2874934 0.3514372 0.2148245 0.2093659 0.1182744 0.2694738 0.4173718 0.1890586 0.4117908 0.4078347 0.4906079 0.3859919 0.2124739 0.1438626 0.0673795 -0.1136009 0.1697570 0.0657809 0.2058937 -0.0157351 -0.1556248 0.2632078 0.1217162 0.0576626 -0.1167357 -0.1089390 0.0780651 0.2757205 0.0314922 0.0790384 -0.0669804 -0.2718391 0.0489377 0.0831872 0.1142800 0.0826634 -0.0456863 -0.3567772 0.2998748 -0.1739962 0.0556322 0.0647680 -0.1940368 0.0930675 0.1382404 -0.3831566 -0.2713737 -0.0503450 0.0191566 0.1620115 0.2581351 -0.0431732 -0.0960152 -0.4051386 0.3919181 0.5622273 0.1212088 0.2997830 0.5166257 -0.2609808 -0.0014585 0.5656761 0.7320447 -0.2109818 0.5382541 0.6071299 0.3351003 0.6067637 0.2247102 0.1543823 0.2663639 0.1331235 -0.3339304 0.8371268 0.2012950 0.0552160 -0.1079606 0.0077964 0.2493565 0.3554627 0.5624034 0.5908047 0.5876127 0.5360354 0.6411125 0.5526974 0.5716104 0.0979653 -0.2331191 0.3264340 -0.0494164 0.0565707 0.2451109 0.1071301 -0.1102625 -0.0617311 -0.2418445 -0.3339235 -0.1052332 -0.2442554 -0.5292102 -0.5859674 -0.4167319 0.2538989 0.1016121 -0.1888860 -0.3974541 -0.1532622 -0.5075868 -0.4544757 -0.3129403 0.3500196 0.0914440 -0.1579301 0.3492944 0.1874407 -0.1208351
0.5306474 0.7845631 0.0000000 -0.0584847 0.8566608 -0.2662662 -0.5461988 0.1618168 -0.4780465 0.1393973 0.1730454 -0.5892063 0.4728898 -0.0388201 -0.5791584 0.1041071 -0.2150719 -0.3790772 0.1667201 0.2328604 -0.3159224 0.2054857 -0.0298957 -0.1477951 0.4058901 0.2657136 -0.6604333 -0.2299933 -0.3008328 -0.3618940 0.2449019 0.7173322 0.0619542 -0.2506500 -0.1447954 0.1788101 0.1122480 0.5950388 0.0187305 -0.0110790 0.6508386 0.2909552 -0.0465406 0.3579738 0.2394237 0.2219402 -0.1784601 0.7050295 0.1494749 0.3482217 -0.0330887 0.1298813 -0.1967779 0.6538227 0.8308452 0.7787904 0.2026072 0.2477825 0.5137322 0.2978757 0.5834477 0.4414278 0.8693761 0.0986882 0.4168266 0.7278407 0.5283143 0.3793943 0.7191872 0.2930403 0.4043525 -0.4392316 0.4073765 0.1883974 0.5069100 0.3580445 0.0264471 0.2846437 0.2593888 0.0929798 0.0675075 0.5113253 0.3790808 0.4471985 0.4356705 0.1137157 0.0334945 0.4235890 -0.0096232 0.2908661 0.2692055 0.2756472 0.2818022 0.4856182 0.1752620 0.2178745 0.3404297 0.5016631 0.4881241 0.3624188 0.4005679 0.2559408 0.4175271 0.1812190 0.3680509 0.3882437 0.3211322 0.4556936 0.2429023 0.3738610 0.4860571 0.4457200 0.4059627 0.2895598 0.1656460 0.0930918 -0.0456883 0.2217641 0.1066847 0.3804593 0.0923236 -0.0408612 0.5170649 0.1842392 0.1660652 0.1368813 0.0870971 0.3505604 0.4894351 0.2145084 0.3033264 0.2094227 0.1171769 0.1133553 0.3929367 0.4438370 0.3749779 0.2968303 0.0829709 0.4354567 0.1606459 0.2434993 0.3313131 -0.0797237 0.3360679 0.4690864 -0.0594613 0.0474792 0.2020441 0.3046345 0.3602461 0.2982349 0.1291170 0.2576306 -0.0973782 0.3685412 0.6685850 0.3639862 0.4837549 0.5569528 0.0900479 0.1712215 0.7237223 0.6667016 0.0253636 0.5257324 0.5789182 0.2950103 0.4951184 0.3089924 0.3683114 0.3153874 0.0278221 -0.3448443 0.7527477 0.1863458 0.0093806 -0.1090063 0.0373702 0.1877824 0.4145674 0.5960702 0.5657990 0.5794431 0.3459821 0.8352460 0.3760679 0.5516448 0.1508314 -0.1089928 0.5773292 0.1447187 0.1221373 0.2847685 0.3439601 0.0651454 0.0949346 -0.0731454 -0.2794342 0.1299673 -0.1133111 -0.5814555 -0.2397868 -0.0725512 0.4151513 0.1784328 0.0774586 -0.4244170 -0.0206533 -0.5079677 -0.1377195 -0.0984825 0.5308657 0.2254621 -0.0375599 0.3793226 -0.0767460 -0.1005337
-0.2077208 0.1497304 -0.0584847 0.0000000 -0.2259319 0.7818709 0.1365933 0.8373893 0.3581897 0.5610710 0.5672789 0.3502748 0.4118899 0.4623957 0.1852712 0.3842615 0.2498512 0.1201749 0.6153536 -0.2226619 0.3937367 0.2992176 0.3330993 0.3145584 0.3860625 0.4130609 -0.0137341 -0.0751996 0.5852939 -0.1800163 -0.2389627 0.3112783 0.1727568 0.4231497 0.2925469 0.4300775 0.5041904 0.5396867 0.1397309 -0.1099622 0.1687348 0.4157057 0.2023618 -0.0067145 0.4999872 0.4618121 0.1952529 0.4023933 0.2538451 0.4033607 0.2576379 0.3488874 0.4691850 0.1369036 0.1346258 0.1134217 0.2879110 0.2966871 0.3740035 0.2891307 0.3715199 0.2396168 -0.0305013 -0.2271220 -0.0804679 0.3805444 0.3117872 0.4297239 0.1043706 0.1273196 0.3467502 -0.2532962 0.3282949 -0.5186002 0.2831197 0.0180058 -0.5782129 0.0945543 -0.3260649 -0.7020626 -0.6634590 0.1461767 0.3835653 0.2942266 0.3689519 0.2268531 0.4255590 0.1463637 0.1639246 0.2140820 0.2247808 0.3808076 0.2928679 0.3028730 0.0677347 0.1409864 0.1767715 0.3943656 0.2204654 0.3325830 0.4937247 0.3742137 0.3254546 0.3406718 0.3276527 0.2644932 0.3479551 0.4089841 0.3765949 0.4423458 0.3418772 0.4371065 0.4852467 0.3147602 0.3222932 0.3887438 0.2411785 0.3549487 0.3554026 0.1582272 0.2167159 0.1986360 0.0635205 0.4181204 0.2602001 -0.4993553 0.0439150 0.2160016 0.1444544 0.2507939 0.2554183 0.1155218 0.0067608 0.4154302 0.0370748 0.2540473 0.2763497 0.1116701 -0.1162540 0.1062653 0.0912835 0.2562694 -0.0063092 -0.3594565 0.2756574 0.1207666 -0.1478154 -0.0757697 0.1293621 0.1461390 0.1204922 0.0056139 0.1371716 0.0280951 -0.0347848 -0.3448859 0.1692525 0.1981238 0.1306103 0.1984236 -0.0392258 0.1680682 0.0026128 0.2069327 0.0292788 0.1888630 0.1228697 0.1220056 0.4302598 0.2737988 0.1981236 0.3084072 -0.2775886 -0.1478417 0.2002101 -0.0996974 -0.3912953 -0.4287647 0.1143430 0.0865395 -0.1700211 0.2609990 0.3378652 0.2678591 0.5008312 0.0507270 0.3923272 -0.1498066 -0.4580807 -0.6947396 -0.3780938 -0.7140762 -0.3232831 -0.3983971 -0.5738745 -0.5094394 -0.6469921 -0.3862760 -0.6022299 -0.6448861 -0.3138432 -0.2572207 -0.4561530 -0.5077834 0.0188358 -0.5757443 0.0431369 -0.1324588 -0.2385960 -0.4677428 -0.1962874 -0.4416907 -0.2259797 -0.1901773 -0.0901707 -0.3812898 -0.0886367 -0.5766751
0.5647761 0.7707171 0.8566608 -0.2259319 0.0000000 -0.2512817 -0.4569067 -0.0652923 -0.4370923 0.0889829 0.1060772 -0.4965442 0.4106181 -0.1042740 -0.6516813 0.0755605 -0.0957119 -0.5133592 -0.0349422 0.3379126 -0.2919984 0.0447342 0.0502298 -0.3254717 0.1919951 0.2089638 -0.4940162 -0.3195980 -0.4110776 -0.2243538 0.3331382 0.5373039 -0.0933130 -0.3142764 -0.0041058 0.0398100 0.1167332 0.3727696 0.1597531 0.0603013 0.5519443 0.1776309 0.1167797 0.1809145 0.0999321 0.1565381 -0.0217866 0.5026615 0.0085539 0.3111270 0.1033071 0.1846467 -0.2539241 0.5440482 0.6081220 0.6005901 0.2703915 0.1365283 0.3468555 0.4006799 0.4508531 0.4305302 0.6835999 0.1003884 0.3050304 0.5238879 0.4793368 0.2276448 0.5528084 0.1996843 0.3226589 -0.2741902 0.3398612 0.3558634 0.3841732 0.2613760 0.1854690 0.3268165 0.3837769 0.2902764 0.2545787 0.3747042 0.2858665 0.3261503 0.2535833 0.0433872 -0.0144612 0.2761104 -0.0446589 0.1483660 0.0220925 0.0321889 0.0671679 0.3424863 -0.0563324 -0.1107967 0.0143116 0.2862815 0.2036664 0.1810924 0.1447346 0.1624071 0.2669665 0.1107977 0.0464533 0.0997593 0.1944606 0.3131176 0.1128293 0.1588845 0.2349584 0.3376238 0.2588368 0.1266162 0.0771612 -0.0477095 -0.1657562 0.0825138 -0.0595986 0.1885524 -0.0669817 -0.1822376 0.3445392 0.0239935 0.0660305 0.0523176 -0.0565884 0.2300390 0.2968386 0.0549104 0.1419966 0.0812149 -0.0884955 -0.0536248 0.1993770 0.1819388 0.1574642 0.0325447 -0.0844505 0.2168718 0.0087089 -0.0594135 0.2113816 -0.0753486 0.0843972 0.3304420 -0.2899089 -0.2096322 0.1175244 0.0081817 0.0941398 0.3268575 -0.0559213 0.1444511 -0.3004599 0.3457714 0.5525968 0.1114065 0.3300830 0.2539894 -0.1328556 -0.1016139 0.5496877 0.5200992 -0.1918615 0.3380439 0.5269856 0.2532398 0.3248667 0.1194067 0.2238585 0.1609940 0.2217570 -0.2661897 0.6541765 0.2909529 0.2111007 0.1633812 0.0271743 0.2011317 0.4068418 0.4132857 0.4310499 0.4073843 0.2027928 0.6859964 0.1742879 0.4571163 0.3226427 0.1944138 0.5141499 0.3244265 0.3013208 0.4129995 0.3212259 0.0803353 0.1854346 0.0958300 -0.0085505 0.1535442 -0.0018413 -0.4486918 -0.2607107 -0.1171020 0.4507866 0.3534228 0.0508381 -0.2019915 0.1560815 -0.2128029 -0.2031717 -0.1611138 0.5409222 0.2343375 -0.0624883 0.5450560 -0.0053621 0.1188401
-0.5055923 -0.1562777 -0.2662662 0.7818709 -0.2512817 0.0000000 0.4335963 0.5338316 0.7898214 0.6521901 0.5579841 0.6978463 0.2928000 0.7202329 0.4362845 0.5254919 0.4768921 0.2911077 0.5709873 0.0624496 0.6309636 0.3360319 0.4788521 0.3292843 0.4185893 0.4167640 0.2005671 0.0973131 0.7246043 0.1401381 -0.0478548 0.1597823 0.0989829 0.5488725 0.4211709 0.3838211 0.5926585 0.3284523 0.2953015 0.0159794 0.1081272 0.2991838 0.3877296 -0.1941411 0.5016445 0.4326790 0.4135403 0.2136445 0.2530639 0.4616785 0.4300423 0.5908625 0.6489060 0.1504343 -0.0455158 0.0277378 0.4847947 0.3582792 0.1835023 0.4019543 0.2940688 0.3087425 -0.1900666 -0.2336138 -0.0534370 0.2191866 0.2900987 0.4236648 0.0585840 -0.0032008 0.2664687 -0.0667187 0.2656557 -0.4791974 0.2188168 -0.1833458 -0.5723562 0.1792449 -0.3031275 -0.6553468 -0.5872728 0.1115914 0.2721538 0.1157966 0.0802640 0.1459833 0.4117731 -0.1745634 0.2596576 0.3020279 0.1161149 0.0489477 0.1288341 -0.0577830 -0.1400263 -0.1845944 -0.0794126 0.0666714 -0.1391549 0.1546247 0.1832688 0.2398566 0.1533078 0.1538903 0.0879028 0.0513109 0.2153674 0.2478085 0.3189257 0.1578124 0.1958021 0.2300245 0.2145776 0.0832606 0.1518242 0.1596911 0.1272095 0.1476150 0.1577509 -0.0857114 0.0400850 0.0528815 0.0369825 0.2496582 0.2579829 -0.4845192 -0.0791452 0.3324229 0.0963152 0.1097423 0.1731120 0.1103345 -0.0238442 0.2129357 0.0045288 0.1936720 0.1804471 0.0437898 -0.0582905 -0.0344676 0.0923149 0.1924964 -0.0348695 -0.4163794 0.2112038 0.0982828 0.0039855 0.0181216 0.1092537 0.0063725 -0.0993536 -0.0366615 0.2568424 0.0223348 -0.0531250 -0.5106805 -0.1230241 0.1560655 -0.1118173 -0.1726262 -0.0240236 0.0031226 -0.2682565 -0.1448209 0.0036349 -0.1245259 -0.1525535 -0.0300051 0.1490592 0.1174984 0.1965735 0.2102368 -0.2147204 -0.0910637 -0.1218241 -0.0669864 -0.2398022 -0.3216613 0.2591891 0.0079064 -0.3577413 -0.0051305 0.0859242 -0.0082373 0.2096796 -0.0464876 -0.0462105 -0.4950370 -0.4822060 -0.5142147 -0.6142994 -0.6717494 -0.3156490 -0.5380954 -0.5910173 -0.4868086 -0.5826263 -0.2386674 -0.3577822 -0.5514271 -0.2070680 -0.1433286 -0.3182790 -0.4429499 0.0163027 -0.5524287 0.3617031 0.0950739 -0.0044941 -0.1290245 -0.0116866 -0.4405395 -0.2884459 -0.2399284 -0.0507096 -0.3681678 -0.2271426 -0.5010884
-0.4167852 -0.4698278 -0.5461988 0.1365933 -0.4569067 0.4335963 0.0000000 -0.1155082 0.4908011 -0.1361446 -0.0538167 0.8233723 -0.4491099 0.0949271 0.3417500 0.1325352 -0.1249631 0.2388672 0.0606209 -0.1579430 0.5747093 -0.2587142 0.1440400 0.2043762 -0.0761494 0.0329604 0.0480215 0.2379881 0.4912011 0.1830015 -0.2332447 -0.2300075 0.1523272 0.5499049 0.3204037 0.0840613 0.2606445 -0.3147004 0.2546341 0.2335914 -0.4843636 0.0840783 0.2602719 0.1306523 0.2299611 -0.0057898 0.3444183 -0.4551966 0.5077253 0.0665943 0.2694979 0.0424485 0.6552915 -0.1480104 -0.2982514 -0.1824624 0.2823614 0.1969424 -0.1787135 0.1152071 0.0098421 -0.3397738 -0.5283236 0.2422000 -0.0809213 -0.2929988 -0.2304333 -0.1359135 -0.2498268 -0.0064594 -0.0010354 0.6323385 -0.1334831 0.0778624 -0.1520479 -0.1337839 0.1218630 0.0975596 -0.0861095 0.0117172 -0.0230605 -0.1647608 -0.3109081 -0.2601642 -0.3134978 -0.2137355 -0.1671467 -0.3261720 -0.0947201 -0.1609218 -0.2097952 -0.2575466 -0.1872536 -0.5323972 -0.2416832 -0.1502998 -0.0899627 -0.3759484 -0.3642236 -0.3123999 -0.4423601 -0.2084541 -0.2634568 -0.3916006 -0.1021533 -0.2186171 -0.2379549 -0.1442815 -0.1590283 -0.1805488 -0.2896985 -0.3920732 -0.3837832 -0.3016729 -0.2326858 -0.2774485 -0.0933959 -0.1720966 -0.1666337 -0.2719005 -0.1819262 -0.2045185 -0.1975758 -0.1419760 -0.0250013 0.0837867 -0.2377190 -0.2845007 -0.0682198 -0.3063950 -0.2609748 -0.3404427 -0.1887924 -0.1362919 -0.4395232 -0.2919591 -0.1559514 -0.1526052 0.0243652 -0.2794820 -0.2228807 -0.0378036 -0.0980940 -0.2671645 -0.1666094 -0.3526411 0.3398438 0.3590026 -0.0786169 -0.0354812 -0.2810155 -0.2875419 0.2827051 -0.2499317 0.0367722 -0.5362584 -0.4552227 -0.0137958 -0.2551003 -0.5415645 0.1258069 0.0032536 -0.6835866 -0.5214796 0.2174797 -0.7412500 -0.6476856 -0.1001310 -0.1866827 -0.0870728 0.0068722 0.1488826 -0.0141885 -0.1119756 -0.2508622 0.4174704 0.5215475 0.2767776 0.4579663 -0.0470044 -0.2369490 -0.3126281 -0.2244696 -0.3641044 -0.1747286 -0.3491001 -0.1980815 -0.2766241 0.1241734 0.0905072 -0.3738602 -0.0797460 0.1249435 0.0135002 0.0310189 -0.0057456 -0.2254690 0.2563283 0.4338077 -0.0454174 0.3328653 0.4730539 0.3854854 0.1932258 -0.1415095 -0.1155971 0.1326651 0.2586276 0.1337952 0.5001733 0.4315419 -0.0913743 -0.2354507 -0.1302866 0.0799606 -0.5138388 -0.0449669 0.0662137
-0.1000900 0.3084999 0.1618168 0.8373893 -0.0652923 0.5338316 -0.1155082 0.0000000 0.2129054 0.7057499 0.7481913 0.0140781 0.5797815 0.3255536 -0.0040809 0.5311971 0.3830465 0.0678566 0.7256669 -0.3333492 0.0655701 0.3489488 0.5092698 0.0571672 0.5197046 0.6508769 0.0728026 -0.1640572 0.3070723 -0.1456133 -0.4131925 0.3424296 -0.0249613 0.1172199 0.3927732 0.3070451 0.4798959 0.6365960 0.2805258 -0.0054551 0.2106481 0.2613149 0.3465388 -0.0138477 0.4176495 0.6018252 0.2573044 0.5171296 0.1534801 0.3440670 0.3765564 0.4577995 0.3319837 0.1844944 0.2327975 0.1667107 0.2782734 0.3902959 0.3093094 0.4246923 0.4740357 0.4606222 0.0956248 -0.0849618 0.2290611 0.4779021 0.5378821 0.6642534 0.3124007 0.2938320 0.4633928 -0.2448091 0.5786771 -0.3504605 0.4597148 0.3196209 -0.5093930 0.2578267 -0.0279402 -0.5984078 -0.5239344 0.0708704 0.2829963 0.1885614 0.3576500 0.0075013 0.2424682 0.3246040 -0.0985116 0.0672372 0.1523578 0.3689588 0.1911584 0.5001003 -0.0197507 0.1388139 0.1434974 0.3505964 0.2948054 0.2532595 0.6222138 0.2102028 0.2124357 0.3919237 0.3508107 0.1748833 0.2141361 0.3339992 0.2287929 0.5045188 0.4198692 0.4387957 0.5201918 0.2480422 0.2158782 0.2459687 0.0587686 0.2842137 0.1947680 0.1281127 0.0641159 -0.0026363 0.0893225 0.3548084 0.0868801 -0.3068710 -0.0758607 0.2390344 0.2529265 0.1629154 0.1423801 0.0113492 -0.0692767 0.5118928 0.0963575 0.2766550 0.2893249 0.1927260 -0.1186284 0.2077038 -0.0675244 0.3879102 -0.1123811 -0.0132378 0.4500841 0.1157286 -0.1327715 -0.0998212 -0.0921523 0.1863985 0.1385549 0.1366853 0.0854974 -0.1102459 -0.1897843 -0.1296280 0.1751526 0.1248327 0.0073932 0.3671401 -0.2359687 0.0448595 0.2398793 0.3171086 -0.1871209 0.3061638 0.1388569 -0.1595224 0.2462280 0.0821003 -0.0676746 0.0023906 -0.2230465 -0.2703059 0.3060552 -0.0955469 -0.3400261 -0.4973898 0.0204762 0.0551267 0.0633285 0.3063824 0.3066198 0.2654460 0.4115948 0.3531936 0.3419204 -0.1227920 -0.4190395 -0.6547582 -0.1691041 -0.5167328 -0.3276384 -0.3620689 -0.4028886 -0.3847032 -0.4032198 -0.3676485 -0.5984128 -0.4902865 -0.3076079 -0.3166607 -0.4041315 -0.4753843 -0.0137121 -0.4124191 0.0682560 -0.0736602 -0.3997673 -0.5110915 -0.3549630 -0.1963454 -0.0650477 0.0368178 0.1172934 -0.1770349 0.0879513 -0.4074768
-0.6883345 -0.5888765 -0.4780465 0.3581897 -0.4370923 0.7898214 0.4908011 0.2129054 0.0000000 0.5187121 0.3209469 0.7745952 0.0502429 0.6950713 0.7146374 0.4083592 0.5897128 0.5291629 0.4641099 0.1038557 0.5881066 0.3158631 0.4492798 0.3444843 0.3816539 0.3194627 0.4862249 0.3515225 0.6732080 0.3817492 -0.0085455 -0.1527864 0.1209483 0.5127231 0.3376051 0.1531438 0.3843623 0.0544933 0.2848985 0.0592208 -0.0766944 -0.0174789 0.3515101 -0.2552633 0.2402916 0.2620646 0.3633080 -0.0576686 0.1198854 0.2829639 0.3348648 0.5731340 0.5088562 -0.0660545 -0.2668562 -0.1609836 0.3179850 0.2437339 -0.1258159 0.1859755 0.0196201 0.1635347 -0.2983770 -0.1048239 -0.0635373 -0.0771031 0.0484797 0.2483435 -0.0336800 -0.0282326 -0.0390049 0.1266692 0.0226784 -0.3411392 0.0221558 -0.1869682 -0.3667662 0.0675985 -0.1799051 -0.4717984 -0.3251022 0.0140970 0.0501985 -0.1051308 -0.1713145 -0.0235275 0.1708240 -0.2314075 0.1806024 0.2372126 0.0237526 -0.1577949 -0.0087707 -0.2253062 -0.1738318 -0.2017091 -0.1576712 -0.1914975 -0.2997775 -0.0550830 0.0088883 -0.0164486 -0.1008543 0.0562574 -0.0048240 -0.0173253 -0.0176100 -0.0280471 0.1290402 -0.0319476 0.0314955 -0.0264766 -0.0846594 -0.1127325 -0.0050499 -0.0418251 0.0240894 -0.0231176 -0.0381100 -0.1828721 -0.0517240 -0.0096801 -0.0319626 0.1086089 0.1702390 -0.2256857 -0.0633472 0.3178498 0.0513195 0.0397015 0.0962133 0.1559190 0.1120184 0.1265353 0.0412841 0.1903299 0.1367818 0.1425266 0.1955579 -0.1346533 0.1661529 0.1675085 -0.0436373 -0.1099971 0.2322358 0.1081127 0.2327149 0.1651090 0.0916913 -0.0156243 -0.1649696 -0.0502342 0.2312138 0.0940681 0.1210709 -0.4838996 -0.3988284 0.0591504 -0.3100517 -0.3843151 0.0929891 -0.0781774 -0.3633460 -0.4982555 0.0447615 -0.3346886 -0.4608106 -0.3524873 -0.3154418 -0.1233559 0.0464413 -0.0627318 -0.1166737 0.0105885 -0.4608045 -0.1686453 -0.1508867 -0.2155414 0.1902466 -0.1283443 -0.3407501 -0.2746816 -0.2668309 -0.3134900 -0.1788281 -0.1851004 -0.4021187 -0.7054695 -0.4077128 -0.2399014 -0.5177618 -0.4319083 -0.3223192 -0.5590079 -0.4476248 -0.2438847 -0.2565710 -0.0886485 -0.1102178 -0.2519169 -0.0650570 0.1230492 0.1071552 -0.0878453 -0.0747918 -0.3116258 0.4365670 0.2819895 0.0857181 0.1967844 0.2751622 -0.0737974 -0.2670916 -0.0626318 0.1169624 -0.3192925 -0.2177676 -0.2173531
-0.2831035 0.1501719 0.1393973 0.5610710 0.0889829 0.6521901 -0.1361446 0.7057499 0.5187121 0.0000000 0.8986844 0.0693493 0.7251401 0.6550244 0.0928270 0.7815264 0.7791576 0.2289320 0.6079346 0.1788231 0.1656881 0.5917558 0.6839967 -0.1097820 0.5386520 0.6467980 0.3110518 -0.1486039 0.2724137 0.1062526 0.0315298 0.2471561 -0.3556472 -0.0549567 0.4113160 0.3599972 0.4998832 0.5345034 0.3035013 0.0044710 0.3485908 0.2317382 0.4481442 -0.3842600 0.4454040 0.6042452 0.3911387 0.4641869 -0.0946178 0.3695768 0.5341779 0.7038262 0.2922575 0.3545266 0.1523956 0.1690331 0.4612019 0.4945522 0.2682569 0.5900795 0.4988841 0.8287480 0.0802260 -0.2592552 0.2497054 0.5254526 0.7166404 0.8617675 0.4053309 0.2373501 0.4567663 -0.2982507 0.6854201 -0.3794011 0.5487520 0.1929675 -0.6067265 0.3842971 -0.0192075 -0.5998280 -0.4913548 0.0554077 0.3256139 0.0988993 0.1502821 0.1123098 0.3418788 -0.0789101 0.1521760 0.2451330 0.1346079 0.1383892 0.0998128 0.1804250 -0.1453161 -0.2079764 -0.0927670 0.0945782 0.0331225 0.2475945 0.3864011 0.2298539 0.2582138 0.2883172 0.1144696 -0.0131444 0.2698629 0.2910776 0.2967580 0.2419783 0.4333525 0.3816246 0.4103844 0.1581099 0.1231997 0.1236550 0.0303781 0.0881721 0.0774168 -0.0426416 -0.0416076 -0.0589014 0.2019084 0.2058782 0.1622752 -0.2270458 -0.0898960 0.4741768 0.3531701 0.1508631 0.1982158 0.1336410 -0.0436087 0.3971424 0.2540852 0.2562643 0.2626316 0.2191027 -0.0677525 0.3183022 0.0005292 0.4165958 -0.0617385 0.1185998 0.5019984 0.0953546 -0.0423867 -0.1115716 -0.0826307 0.1406960 0.0926700 0.2975202 0.1839494 -0.1107438 -0.2080929 -0.0303025 0.1044127 0.0807131 -0.1265226 0.2732204 -0.2975893 -0.0784257 0.1449318 0.2419104 -0.3078799 0.2436146 0.0948372 -0.1897917 0.1360014 0.0473601 -0.0711812 -0.0998612 -0.0674945 -0.0165742 0.0322733 -0.2284106 -0.3894753 -0.5052940 0.1137183 0.1672496 -0.0760336 0.2044154 0.1871718 0.1766226 0.2110263 0.4286556 -0.0564041 -0.4732214 -0.5737888 -0.5233167 -0.3614900 -0.4887627 -0.3777400 -0.4462488 -0.2878494 -0.2451065 -0.2023116 -0.2851353 -0.5299160 -0.2883631 -0.3716918 -0.4903402 -0.4115681 -0.4358477 0.1444798 -0.3846233 0.4571159 0.1336354 -0.2597514 -0.4388638 -0.3011127 -0.1094220 0.0230060 0.1101934 0.2872920 0.0082976 -0.1142146 -0.3950411
-0.1280316 0.3260842 0.1730454 0.5672789 0.1060772 0.5579841 -0.0538167 0.7481913 0.3209469 0.8986844 0.0000000 -0.0561806 0.6117511 0.5050050 -0.0960633 0.8970308 0.5766068 0.1177265 0.5190207 0.0069280 -0.0310462 0.3735678 0.7253169 -0.2513954 0.4774950 0.7017205 0.1371484 -0.2337526 0.1754992 0.1581963 -0.2160055 0.3272479 -0.4587310 -0.1447818 0.5638146 0.2971625 0.5593170 0.5189080 0.4737726 0.2620220 0.1643114 0.3032517 0.5821764 -0.2280773 0.5394893 0.6521111 0.5644743 0.4478322 0.0534664 0.4394586 0.7000560 0.6878615 0.3505418 0.3765925 0.2924122 0.2886787 0.5839395 0.5594463 0.1908994 0.7532281 0.5806997 0.7869546 0.0775610 -0.1288537 0.3458592 0.5954678 0.8525331 0.8773241 0.4784571 0.3130409 0.6900381 -0.1464173 0.8623110 -0.2590581 0.6666177 0.2923836 -0.5173437 0.5369313 0.0175852 -0.5701538 -0.5168590 -0.0626222 0.1518319 -0.0669248 0.1075563 -0.1062461 0.1201865 0.0075257 -0.1013132 0.0401388 0.0130392 0.0701521 -0.0310754 0.1813405 -0.2466337 -0.1598802 -0.0780676 0.0673833 0.0123736 0.1285863 0.3674559 0.1109165 0.1263799 0.2031131 0.1271438 -0.1191024 0.1426292 0.1978012 0.1590921 0.3003083 0.3986574 0.3548789 0.3403597 0.0253750 -0.0437328 -0.0213887 -0.1444500 -0.0376653 -0.0463228 -0.1272242 -0.1902760 -0.2409393 0.1099768 0.1368555 0.0586356 -0.2670231 -0.2853829 0.2740604 0.3513505 -0.0608710 0.0078911 -0.0619571 -0.2742041 0.3535613 0.0418223 0.0776402 0.1267544 0.0876195 -0.2799637 0.2594169 -0.2595605 0.3814553 -0.2422051 0.0469284 0.4102992 -0.1440871 -0.1324237 -0.1865828 -0.2930406 0.0647841 0.0189414 0.1204313 0.1347911 -0.3885132 -0.4037858 -0.1113114 -0.0241482 -0.0365472 -0.2487109 0.2362079 -0.4540704 -0.1418722 0.0235494 0.2092220 -0.3939918 0.1050917 -0.0127929 -0.2567002 0.1945470 -0.0477197 -0.2269487 -0.1045272 0.0066398 -0.1746481 0.1461612 -0.1521652 -0.2295342 -0.4331339 0.0716196 0.1550318 0.0123801 0.2314111 0.2209509 0.2144379 0.2001712 0.4672059 0.0172130 -0.3188452 -0.4657331 -0.5862839 -0.3150697 -0.4860512 -0.3435710 -0.3647827 -0.2457123 -0.3056913 -0.2750804 -0.2848660 -0.4978904 -0.3783408 -0.3447711 -0.4295957 -0.4852917 -0.5362028 0.0427066 -0.3477547 0.3505231 0.0732267 -0.3680832 -0.4213040 -0.3803021 -0.1775524 -0.0054734 -0.0180060 0.2154391 -0.0565572 0.0507282 -0.3844370
-0.6295476 -0.6232570 -0.5892063 0.3502748 -0.4965442 0.6978463 0.8233723 0.0140781 0.7745952 0.0693493 -0.0561806 0.0000000 -0.2358477 0.3887171 0.6147405 0.0698722 0.1879855 0.3319630 0.2828669 -0.0530090 0.8015458 0.0247749 0.1636974 0.4584034 0.1049647 0.0635882 0.2405989 0.3077887 0.7112626 0.1381683 -0.0615174 -0.2390813 0.3361873 0.7416845 0.2100958 0.1997980 0.3290628 -0.1412967 0.1278351 -0.0630069 -0.2487240 0.0737419 0.1655878 -0.0881465 0.2137045 0.0597663 0.2174887 -0.3218540 0.3555956 0.1711132 0.1298095 0.2337873 0.6490048 -0.1622272 -0.3952699 -0.2568771 0.2040612 0.1591720 -0.0595706 -0.0182208 -0.0644074 -0.2463642 -0.4703908 0.0805181 -0.2401552 -0.2801687 -0.3069958 -0.0940520 -0.2805712 -0.0111953 -0.1983528 0.4064773 -0.2785065 -0.1757496 -0.2181361 -0.2100126 -0.0772054 -0.0807759 -0.2203465 -0.2146865 -0.1746600 -0.0018146 -0.0136637 -0.0017543 -0.1580134 0.0491925 0.1446714 -0.2523594 0.1967108 0.1512400 -0.0207558 -0.0982652 0.0507334 -0.3644528 -0.0920199 -0.1302780 -0.0592831 -0.1925055 -0.2712784 -0.0982599 -0.2379072 -0.0047733 -0.0833410 -0.0972678 -0.0320227 0.0154737 -0.0188987 0.0205965 0.0829047 -0.1055141 -0.1969027 -0.1800709 -0.1627940 -0.0590246 0.0672290 0.0195506 0.1668294 0.0947872 0.0772048 -0.1015773 0.0676948 0.0993710 -0.0677029 0.0512406 0.1644009 -0.1256791 0.0247214 0.0708673 -0.1217690 0.0165024 0.0404007 0.0310975 0.1265169 -0.0277868 -0.1530353 0.0279346 0.0447916 -0.0414092 0.2263888 -0.2606245 0.1675503 -0.0292553 0.0897759 -0.3178534 -0.0676017 0.0106696 0.2886549 0.3138472 0.2396314 0.0367780 -0.1614392 -0.1726677 0.2587920 0.1437441 0.2585998 -0.6042960 -0.3167958 0.1140055 -0.0894889 -0.5287489 0.2904548 0.0815642 -0.5658743 -0.5346094 0.3019507 -0.5450755 -0.5266423 -0.0798814 -0.2122577 0.0289079 0.2163292 0.1885234 -0.1366060 0.0107038 -0.3869904 0.1660689 0.1686448 0.0886182 0.4040677 -0.0582570 -0.3823794 -0.2846338 -0.1854795 -0.3262987 -0.1090464 -0.4340252 -0.2477017 -0.5041366 -0.0982134 -0.0111573 -0.4602411 -0.2718707 -0.0325746 -0.2527762 -0.3009118 -0.1920210 -0.3268425 0.1283903 0.2015806 -0.1877994 0.1691006 0.3505169 0.2915202 0.0940146 -0.0904904 -0.2764283 0.2213759 0.2331101 0.1944031 0.3790486 0.4381243 -0.2038262 -0.3142511 -0.1624956 0.0003596 -0.5238666 -0.2888983 -0.1247768
-0.0419126 0.4440019 0.4728898 0.4118899 0.4106181 0.2928000 -0.4491099 0.5797815 0.0502429 0.7251401 0.6117511 -0.2358477 0.0000000 0.3110783 -0.1852136 0.4379342 0.5605021 -0.0675606 0.5826660 0.3596493 0.1111511 0.7297529 0.3415498 0.0250760 0.5254795 0.5169652 -0.0663869 -0.1779778 0.0846137 -0.3137446 0.2797553 0.4025094 -0.1847260 -0.1686205 -0.0503297 0.5331803 0.2519369 0.7627527 -0.1376112 -0.3370970 0.7158923 0.4763864 -0.0190164 -0.2199704 0.5100953 0.5797347 -0.0393286 0.6403191 -0.2165307 0.2208410 0.1298028 0.4188892 -0.0134840 0.5172341 0.2553962 0.3146865 0.1532409 0.4136812 0.6315314 0.3945336 0.6149019 0.8354710 0.3700626 -0.2905740 0.2111023 0.6714173 0.6520506 0.7486104 0.4898844 0.3656960 0.4175393 -0.5217620 0.5739405 -0.4109349 0.5815081 0.3739289 -0.5550783 0.2027718 -0.0754370 -0.5116344 -0.4676804 0.2221105 0.4686501 0.4002834 0.4862727 0.4175466 0.4955653 0.0325153 0.3545887 0.3717883 0.3899323 0.4199347 0.3352402 0.3513863 0.2324048 0.0450343 0.1068375 0.4109272 0.4380866 0.6097539 0.4946201 0.5088041 0.5624662 0.2989936 0.3304444 0.2527432 0.5599827 0.5795814 0.4478444 0.4198823 0.6361637 0.6103813 0.7549352 0.5592088 0.4849415 0.4733599 0.3467438 0.4047350 0.3732079 0.3332012 0.2938791 0.2223484 0.3942847 0.1977294 0.3141953 -0.0606025 0.2366330 0.6180412 0.4286139 0.5074996 0.4748077 0.3449162 0.2284794 0.5523675 0.5862302 0.4672873 0.5207806 0.3448929 0.1255863 0.5807669 0.2311822 0.4408398 0.3366343 0.1194672 0.5402319 0.2407421 -0.0244695 0.0166828 0.2110629 0.4070348 0.4515963 0.4264226 0.2554249 0.1008574 0.0659682 0.1775175 0.5487408 0.4105045 0.2976659 0.5969631 -0.0304591 0.2562867 0.3701453 0.5724600 -0.0085729 0.5724216 0.3642574 -0.0270249 0.3321895 0.3443915 0.0822685 0.0658809 -0.0556713 0.0831902 0.2760998 -0.0937125 -0.4981636 -0.5977371 0.2064345 0.4403791 0.0388595 0.4396688 0.4544955 0.3918663 0.5895990 0.5626652 0.4036835 -0.1822685 -0.5615571 -0.4519645 0.0411497 -0.3007131 0.0123770 -0.2609548 -0.1058189 -0.1642911 -0.0981967 -0.0256245 -0.5701590 -0.1474440 -0.3510128 -0.6920829 -0.4583499 -0.3947292 0.4051563 -0.3896978 0.1471069 -0.1124238 -0.3332799 -0.6809528 -0.3616698 -0.2001697 0.0689966 0.1033763 0.0512688 0.0334447 -0.3375290 -0.5299138
-0.2790405 -0.1110253 -0.0388201 0.4623957 -0.1042740 0.7202329 0.0949271 0.3255536 0.6950713 0.6550244 0.5050050 0.3887171 0.3110783 0.0000000 0.6051201 0.4111236 0.4480877 0.6688029 0.3622968 0.1467405 0.4751348 0.3724323 0.2701809 0.3665188 0.3473689 0.1143809 0.2145887 0.4026665 0.6573851 0.3989622 0.1137895 0.0990598 0.0466910 0.3741143 0.2301490 0.4301676 0.3003143 0.2890287 0.1706437 0.1377170 0.1297622 0.2943458 0.2566174 -0.2028204 0.4854802 0.2535104 0.2274618 0.2276522 0.1531303 0.5727433 0.3089065 0.7264286 0.5027826 0.3086127 0.0976783 0.1325238 0.3816417 0.4128958 0.1812247 0.3301029 0.2112699 0.4980584 0.0225359 -0.2529387 0.0202728 0.3091451 0.3163203 0.4813492 0.1258115 0.0430350 0.2229852 -0.2550536 0.2849162 -0.5577154 0.2071632 -0.1340797 -0.6200987 0.1363882 -0.3150073 -0.6068546 -0.5660968 0.1442758 0.3315533 0.1841712 0.0409240 0.2433893 0.3184182 -0.0870811 0.3552553 0.3858708 0.1155844 -0.0117877 0.1171036 0.0120101 -0.0779196 -0.2226581 -0.0484347 0.0251270 -0.1565579 0.1637005 0.1584972 0.2095611 0.2416391 0.2214559 0.0578443 0.1657402 0.2536348 0.2543220 0.3626869 0.0955375 0.2663825 0.2524851 0.0599823 0.0942351 0.1315962 0.0742662 0.1346447 0.0889429 0.1130204 -0.0542359 0.0571126 0.1000061 0.2631518 0.1143945 0.2052544 -0.3856326 0.0412192 0.4437097 0.0560138 0.1509590 0.2419609 0.2616630 0.1499816 -0.0570611 0.1955193 0.3283738 0.1239593 -0.0139068 0.0121138 0.1496925 0.2855830 0.1456812 0.1064622 -0.3341027 0.1416620 0.1858801 0.0358868 0.0457927 0.1883693 0.1359760 0.1686234 -0.0204751 0.1245264 0.1613610 0.1214350 -0.2455919 0.0091650 0.1371813 -0.0162969 0.1208926 0.0936888 0.0604477 -0.1344086 0.0430343 0.0486959 0.0660328 -0.0739793 0.0125274 0.1425299 0.1830659 0.3284469 0.2438916 0.0966622 0.2082768 -0.0975585 -0.3376521 -0.3556455 -0.4483978 0.1729192 0.0210837 -0.5531788 0.0325319 0.0729746 0.1052432 0.1849959 0.0224226 -0.0909829 -0.4952088 -0.6137097 -0.6005932 -0.5105248 -0.6814935 -0.4869184 -0.5604432 -0.4630486 -0.4052094 -0.4262778 -0.3493646 -0.4596763 -0.3677705 -0.3516379 -0.3055704 -0.3250088 -0.3259244 -0.0970435 -0.4967789 0.3504842 -0.0490753 0.0234600 -0.2791200 -0.0083903 -0.2353301 -0.2542911 -0.1228768 0.0002127 -0.2621554 -0.3807360 -0.4733861
-0.5034819 -0.6925029 -0.5791584 0.1852712 -0.6516813 0.4362845 0.3417500 -0.0040809 0.7146374 0.0928270 -0.0960633 0.6147405 -0.1852136 0.6051201 0.0000000 -0.0985522 0.2426594 0.8387259 0.1909130 -0.0255350 0.5361653 0.2091042 -0.0399279 0.7188766 0.0816136 -0.2304848 0.4780442 0.7623785 0.7121857 0.3959877 0.0046727 -0.3522371 0.4286047 0.6263600 -0.0295422 0.1381922 -0.0945433 -0.1402608 -0.1412696 -0.0556599 -0.2180771 -0.0932188 -0.0812086 -0.1313058 0.0417199 -0.1508226 -0.0440273 -0.2313387 0.0015732 0.0554801 -0.1089500 0.2284841 0.3361049 -0.3510319 -0.4360613 -0.4227433 -0.1526776 -0.0783830 -0.2460126 -0.3055105 -0.3894106 -0.1977824 -0.4387376 -0.2784758 -0.3296128 -0.3729305 -0.4226323 -0.1580643 -0.4398289 -0.2535310 -0.3630749 -0.0357496 -0.3709705 -0.6078486 -0.3933949 -0.3923122 -0.4360079 -0.3542299 -0.4648760 -0.4310452 -0.3802735 -0.1522387 -0.0644670 -0.1460101 -0.2448993 0.1355206 0.2142530 -0.2276046 0.3328624 0.2078766 0.0691325 -0.1229582 0.0253185 -0.2259831 0.0810658 -0.0650796 -0.0934257 -0.1884344 -0.2331040 -0.0764352 -0.0833574 -0.0170359 -0.1319917 -0.0474241 -0.0451018 0.0824646 -0.0478950 -0.1563776 0.1211197 -0.1549034 -0.0985563 -0.1637058 -0.2253894 -0.0551838 0.0589260 0.0661587 0.2098292 0.0239353 0.0792751 -0.0864936 0.1381943 0.2369773 -0.1004031 0.0506063 0.0525870 -0.1764457 0.1567399 0.1025562 -0.2432653 0.1434490 0.1177767 0.1491237 0.3207406 -0.0598443 -0.0201960 0.1663370 0.0643500 0.0058849 0.2907357 -0.1200296 0.3082144 0.0277450 0.0633983 -0.1615214 0.0088172 0.0600408 0.2782481 0.2614903 0.1505206 0.0630741 0.0310344 -0.2359300 0.0243275 0.1917147 0.4180266 -0.4012499 -0.3904522 0.0672375 -0.1677958 -0.1935766 0.3301910 0.1198703 -0.4719923 -0.4551792 0.3074364 -0.2624903 -0.5054862 -0.2840908 -0.3354425 0.0073418 0.1155200 0.0193678 -0.1078060 0.3209755 -0.5650969 -0.2538886 -0.3135137 -0.2834064 0.0414790 -0.2557253 -0.6562161 -0.4300285 -0.4437603 -0.4035311 -0.1054756 -0.5722386 -0.1950218 -0.6093590 -0.5282988 -0.3416472 -0.4137179 -0.4525251 -0.2897426 -0.4926560 -0.4228524 -0.1564783 -0.2826126 -0.0559893 -0.0907017 -0.2101527 0.0156558 0.3174522 0.2137315 0.1196864 -0.2713281 -0.4506912 0.1567641 0.2148333 0.1894241 0.1849701 0.3218653 0.1479082 -0.5621426 -0.0796040 0.0154834 -0.4558295 -0.3267147 -0.2371688
-0.2613515 0.1231403 0.1041071 0.3842615 0.0755605 0.5254919 0.1325352 0.5311971 0.4083592 0.7815264 0.8970308 0.0698722 0.4379342 0.4111236 -0.0985522 0.0000000 0.5559104 0.0208410 0.5375457 0.1755566 -0.0828672 0.3740716 0.8404254 -0.2605304 0.5969128 0.7947542 0.1058661 -0.2903226 0.1092383 0.1737250 -0.1190505 0.3913254 -0.4157320 -0.0643492 0.6198890 0.1149288 0.6759651 0.4433100 0.5293058 0.2996415 0.1661447 0.1498391 0.6342342 -0.2653958 0.4463142 0.7019396 0.7206969 0.4067572 0.0938155 0.3813583 0.7741095 0.6328364 0.3936039 0.3143545 0.3122025 0.3656333 0.7409413 0.5207648 0.0168662 0.7729932 0.5305540 0.6683705 0.0667574 -0.0305940 0.3646444 0.5616730 0.7825138 0.7890490 0.5222996 0.3079394 0.5977935 0.0518953 0.7443854 -0.1154503 0.6138993 0.2177043 -0.3517831 0.4978307 0.0223992 -0.4080772 -0.4247765 -0.1036809 -0.0147561 -0.2331884 -0.1153897 -0.2762633 -0.0240378 -0.0918306 -0.1693573 0.0894015 -0.0511559 -0.1222152 -0.1048241 0.0014459 -0.3134156 -0.1917813 -0.1446458 -0.0787654 -0.0667260 -0.0034510 0.2351353 -0.0687817 -0.0735782 0.0313930 0.0425265 -0.1872005 -0.0295946 -0.0075359 0.0237426 0.1086514 0.2688573 0.1480967 0.1957738 -0.1623637 -0.2359913 -0.1538286 -0.2673346 -0.2268242 -0.1800692 -0.2182215 -0.3050776 -0.3475452 0.0488035 0.0897800 0.0520836 -0.2407999 -0.3681424 0.2404576 0.3820997 -0.1675855 -0.0608247 -0.0979739 -0.2523174 0.3440865 -0.0577644 0.0191749 0.1615104 0.1032274 -0.1954958 0.0986688 -0.2952042 0.3165359 -0.3066024 0.0198374 0.4057315 -0.1794712 -0.0305541 -0.1148719 -0.3516422 -0.0197632 -0.1484522 -0.0320194 0.1451317 -0.4100964 -0.4274318 -0.2974718 -0.2475526 -0.0527862 -0.4035853 -0.0350360 -0.4113818 -0.2291059 -0.1393434 -0.0654236 -0.3735984 -0.1745374 -0.2014122 -0.4064832 -0.0023514 -0.1807522 -0.3037739 -0.2023256 -0.0327505 -0.2556178 -0.0186560 0.0022638 -0.1072435 -0.2212397 -0.0062055 -0.0264268 0.0506541 0.0784270 0.0558519 0.0435460 -0.0727978 0.4569374 -0.2173136 -0.3175898 -0.2980992 -0.3852553 -0.2620761 -0.2817539 -0.1455862 -0.2985266 -0.1471890 -0.2591099 -0.2766152 -0.0207126 -0.2278515 -0.3533121 -0.1020824 -0.2644676 -0.2674495 -0.3946046 0.0119015 -0.3003736 0.4712738 0.1701310 -0.2219699 -0.1508992 -0.1918510 -0.1571002 -0.0370251 -0.1308746 0.1502184 -0.0512262 -0.0068357 -0.3176325
-0.4730450 -0.2740579 -0.2150719 0.2498512 -0.0957119 0.4768921 -0.1249631 0.3830465 0.5897128 0.7791576 0.5766068 0.1879855 0.5605021 0.4480877 0.2426594 0.5559104 0.0000000 0.1647361 0.4353747 0.2085086 0.1362097 0.5746964 0.6836778 -0.1370674 0.3318366 0.4950553 0.6920265 -0.1614548 0.0839469 0.1941023 0.1205284 -0.1003377 -0.4141903 -0.1341209 0.3389317 0.0686435 0.3888888 0.2510137 0.1940391 -0.1901555 0.2183160 -0.1265649 0.3762130 -0.6982603 0.0558467 0.5073532 0.3754767 0.1333806 -0.4570486 0.0124495 0.4096504 0.5591415 0.0582751 -0.0603260 -0.3023422 -0.2274120 0.2515126 0.1665752 -0.0667876 0.3136668 0.0462715 0.5925052 -0.2268840 -0.2504000 -0.0108564 0.1059655 0.3438204 0.5431198 0.1057418 0.1801553 0.0399642 -0.0832825 0.3341752 -0.2963794 0.2447219 0.1559397 -0.3654640 0.1710982 0.0623247 -0.3550547 -0.2334092 -0.2655593 0.0841191 -0.1094114 -0.1295155 0.0276784 0.2500334 -0.2432726 0.1418789 0.0947653 -0.0491150 -0.0741744 -0.0681210 -0.0490376 -0.2005597 -0.3564209 -0.3531788 -0.1990486 -0.1778735 0.0302515 0.0892076 -0.0026180 -0.0157534 0.1887943 -0.1792712 -0.2258363 0.0435839 -0.0285483 0.0396735 -0.0800377 0.0464781 0.0925577 0.2243886 0.0264785 0.0656849 0.0838995 0.0499451 -0.0209025 -0.0271061 -0.1772176 -0.0666054 -0.0032646 -0.0161649 0.0248184 0.0148371 -0.1481307 -0.0377942 0.4144558 0.0424007 0.1264674 0.1000712 0.1705540 0.0504496 0.3608030 0.2479001 0.0753985 0.1307239 0.0925718 0.0696185 0.0490859 0.0400983 0.1468020 -0.1235125 0.3989087 0.2894735 -0.0155554 -0.0891606 -0.2076451 -0.0855422 -0.0257277 -0.0806952 0.2262820 -0.0331327 -0.0767567 -0.0907882 -0.1229214 -0.1401970 -0.1581530 -0.2857397 -0.0915503 -0.3184760 -0.2413744 -0.1101942 -0.1500972 -0.3672815 -0.0081593 -0.1383048 -0.4463302 -0.3500176 -0.2326234 -0.3520198 -0.4785387 0.0047079 0.2720628 -0.4490210 -0.3287047 -0.3964056 -0.2651403 -0.0487282 0.0628350 -0.1399183 -0.1801565 -0.2053264 -0.2381508 -0.1635284 0.0369720 -0.3904421 -0.6873078 -0.4586741 -0.1176931 -0.3803629 -0.1586646 -0.1427478 -0.4271572 -0.2945095 -0.1233894 0.0533342 0.0569438 -0.1884649 -0.1268960 -0.1135224 -0.1304286 -0.0893705 -0.2029588 0.0950894 -0.2346587 0.3927879 0.4703187 -0.0762029 -0.0455284 -0.1962050 0.0997226 -0.0717453 0.0757920 0.3050111 0.0938582 -0.1195139 -0.1335214
