0.0000000 0.6822351 0.5599118 0.4822120 0.4541812 0.6142426 0.6913780 0.3480493 0.4128103 0.2142954 0.3907133 0.6319994 0.4102139 -0.0343241 0.4434466 0.3951910 0.1631772 -0.0262597 0.3154121 0.0920384 0.5651378 0.3567191 0.3381942 -0.0454066 0.4466331 0.3469334 0.0592938 -0.3115750 0.4977750 -0.1356103 0.4503739 0.4875319 -0.1001992 0.2844167 0.3096180 0.4151634 0.2459514 0.3196034 0.0856236 -0.0774617 0.3611402 0.4850988 0.3649322 -0.2198305 0.5100802 0.3996470 0.1773396 0.4151826 0.0159920 0.0619640 0.2509495 0.1813063 0.1236649 0.0445933 0.2534444 0.1392235 0.1355936 0.1744965 0.3424513 0.1566432 0.5062793 0.3257689 0.1647367 0.2156844 0.3541580 0.4979582 0.2970586 0.2616001 -0.1835362 0.3409414 0.5005952 0.2793458 0.2713826 0.3688885 0.4032311 0.2985141 0.2915639 0.3780191 0.3319420 0.3900900 0.3276018 0.6093108 0.7209235 0.5061521 0.4377157 0.6571563 0.5349892 0.0457065 0.3999366 0.3731574 0.5238249 0.6957221 0.6590400 0.1082543 0.5188243 0.4187446 0.3831637 0.4396136 0.5330996 0.2498318 0.5265303 0.6734716 0.7482431 0.2239461 0.5605013 0.5633678 0.7832943 0.5887923 0.4843719 0.5418982 0.5695287 0.4065024 0.1637013 0.0950606 0.1896181 0.0869188 0.1824817 0.3861105 0.1348038 0.4781969 0.4755579 0.1189060 0.3263274 0.2051302 0.5504205 0.5777224 0.4817919 0.2651143 0.5776882 0.4630432 0.5300528 0.1184302 0.4670232 0.4588773 0.2631030 0.5535445 0.4780978 0.6984259 0.4051774 0.4149763 0.2304029 0.5367392 0.5365211 0.3104922 0.5142231 0.7045899 0.4936139 0.2323262 0.4044851 0.4309590 0.3600696 0.2561561 0.6902794 0.4513083 0.1873491 0.2150358 0.6564054 0.5935077 0.6827896 0.5308723 0.5695507 0.6725603 0.5608998 0.6244351 0.5696398 0.5741983 0.6485754 0.6785728 0.7119827 0.7170629 0.7183869 0.6360952 0.7977583 0.7184010 0.7607494 0.4618838 0.5242943 0.4563044 0.6488592 0.7825044 0.6459249 0.5717233 0.3571875 0.3582857 0.2606361 0.4527939 0.3649394 0.2838306 0.2567072 0.3543536 0.3169334 0.4061772 0.6468495 0.1025133 0.3466028 0.3510003 0.7044757 0.5871168 0.6401281 0.6492005 -0.0339170 -0.1665534 0.0560027 0.1621653 0.2494325 0.1250191 0.5651858 0.2244719 -0.2535473 0.0416693 -0.0972562 0.3614053 0.4762511 0.6856079 0.4096624 0.2331451 0.0075710 -0.1651765
0.6822351 0.0000000 0.7470562 0.8807276 0.6267953 0.8223874 0.7361300 0.7294695 0.8198566 0.5476867 0.6760067 0.7645225 0.5158924 0.1770885 0.5448874 0.5785286 0.4810735 0.1203297 0.3484483 0.1978324 0.7111763 0.4114706 0.6566581 0.2387171 0.4655297 0.4707859 0.4872501 -0.0284115 0.7551346 0.2606483 0.1281417 0.5136347 0.1659264 0.6928829 0.4604813 0.7060602 0.3600065 0.2763655 0.5551338 0.4627220 0.4501204 0.7223406 0.5494673 0.2322703 0.7865697 0.4999911 0.1766420 0.4860892 0.4416040 0.2468216 0.2792367 0.5701550 0.6746688 0.6288422 0.3100649 0.4328032 0.4127617 0.5609006 0.6296666 0.3523773 0.8532011 0.6352368 0.3291012 0.6456186 0.8190202 0.6974401 0.5079847 0.6467221 0.2408319 0.5995938 0.6014160 0.7469172 0.5249830 0.8086637 0.4607472 0.5609928 0.6981493 0.4788434 0.5162249 0.4594989 0.1748993 0.4016865 0.4390898 0.3187493 0.3786580 0.2337331 0.2211468 -0.0634632 0.0701842 0.1994877 0.3824707 0.2374496 0.2757233 0.0485364 0.1819126 0.3597012 0.2858744 0.1285963 0.1652522 -0.0436919 0.3474034 0.3358536 0.5118486 0.1251392 0.4922980 0.3043330 0.4250780 0.6610385 0.2354867 0.5395968 0.3539170 0.3684398 0.4148638 0.3867418 0.4128883 0.3221559 0.3329198 0.4264725 0.2545637 0.4346562 0.4553314 0.3844508 0.1394120 0.1689963 0.2018154 0.3769047 0.6988779 0.2642000 0.2906687 0.3646784 0.3640977 0.1712984 0.3449630 -0.0583975 0.6310833 0.3459009 0.2270300 0.3122233 0.2853775 0.1612181 0.5280030 0.3589889 0.8652114 0.1588648 0.4122266 0.6054471 0.4336025 0.2987688 0.6783047 0.4742695 0.3573038 0.2112144 0.6200494 0.7527545 0.2678770 0.5305880 0.8363385 0.5252176 0.9007526 0.5567424 0.5717506 0.7047508 0.7873171 0.6424226 0.7254476 0.5670934 0.6754443 0.6426927 0.8056673 0.7227871 0.6848423 0.8359235 0.5725489 0.7879733 0.8419979 0.5287607 0.5794500 0.5007424 0.6664245 0.5679139 0.3465091 0.5717925 0.6600284 0.6340613 0.6055981 0.7738256 0.6384360 0.5642072 0.6184973 0.6490861 0.4406697 0.5347771 0.4976165 -0.1091604 0.2680741 0.0822008 0.5034386 0.6288888 0.4298095 0.3818790 -0.1699303 -0.1426446 -0.2272250 -0.0190842 0.3471540 0.0812032 0.1684597 0.3213879 -0.2945394 0.0669660 -0.3574373 0.1860072 0.4611803 0.5897251 0.0458327 0.2791372 0.1631371 0.0338073
0.5599118 0.7470562 0.0000000 0.8119504 0.7818752 0.6673536 0.5531409 0.7808527 0.5806991 0.5664397 0.6928874 0.6243997 0.7375247 0.3160757 0.4080192 0.6597378 0.5776124 0.2253505 0.4706842 0.6533207 0.5868430 0.7009369 0.6530580 0.2423464 0.5176388 0.6381449 0.4428769 0.0353352 0.6594708 0.3463360 0.4270969 0.5215750 0.2258590 0.7003332 0.5197720 0.4492194 0.4791933 0.4041051 0.3981518 0.3910494 0.6480430 0.5748352 0.3753441 0.3089583 0.6534836 0.6700823 0.3537929 0.6135518 0.5254773 0.0522183 0.3868296 0.4399918 0.5641288 0.4429216 0.3357573 0.4003906 0.4097544 0.4957115 0.5522904 0.3720079 0.6184236 0.5945257 0.1279835 0.5863189 0.6963905 0.6533536 0.5196569 0.4986427 0.0859866 0.5669110 0.6508424 0.6249623 0.5650687 0.7180198 0.4630697 0.6463294 0.7484999 0.6498199 0.6668449 0.6584369 0.4487674 0.3534033 0.4192473 0.3311687 0.4870248 0.3903537 0.2953521 0.0391133 0.2328477 0.3115183 0.5003447 0.5560954 0.3889623 0.1535964 0.3734492 0.6418619 0.4391131 0.2900275 0.3360876 -0.0527123 0.4330705 0.2537031 0.4040316 0.0786533 0.5262999 0.4580947 0.3285134 0.4054628 0.2737168 0.4452991 0.4060906 0.1591936 0.3480593 0.1493169 0.4448792 0.3668827 0.3771374 0.4656744 0.4325938 0.4163491 0.5002558 0.4945891 0.2805862 0.3767959 0.3582402 0.2658158 0.6426119 0.1724449 0.4022135 0.4692609 0.5055770 0.1066817 0.3625247 0.0246455 0.4774462 0.2607519 0.2683094 0.4267969 0.3809115 0.1818199 0.3251202 0.3772966 0.6278042 0.1499058 0.4528066 0.3875051 0.4989856 0.3714070 0.5680301 0.3639997 0.2606771 0.3257025 0.5688903 0.5401713 0.3528736 0.4737492 0.6653502 0.5155061 0.7064896 0.5214873 0.5134123 0.5813114 0.6418409 0.6284374 0.5776317 0.4715796 0.6244358 0.7300320 0.8117808 0.6746131 0.6306963 0.7781078 0.4074769 0.6997653 0.6882847 0.5406101 0.5602467 0.5837461 0.5579326 0.4265076 0.2559553 0.1352482 0.4518130 0.2216324 0.4947680 0.6427563 0.5824841 0.5740409 0.5686041 0.5886824 0.3589077 0.5677750 0.4773997 -0.0257811 0.2223206 0.1387177 0.2690377 0.6516412 0.6420253 0.2786169 0.2073574 0.0239687 0.0399192 0.1608093 0.7386758 0.3868959 0.2840063 0.4981155 0.0324863 0.1844655 -0.0985857 0.2945326 0.7478094 0.6531627 0.0920584 0.4248927 0.2525699 0.1711047
0.4822120 0.8807276 0.8119504 0.0000000 0.5558702 0.7531763 0.5651030 0.8859457 0.6972013 0.6340982 0.7978006 0.6397384 0.5958941 0.2928157 0.3607482 0.6847783 0.6349595 0.1639526 0.4388687 0.3558904 0.6359639 0.4441786 0.7500272 0.2392393 0.4542199 0.5951771 0.4797548 0.0405231 0.6709951 0.3198235 0.2167860 0.4181093 0.2254177 0.7377849 0.5176137 0.6851736 0.4282331 0.3209033 0.5636679 0.5639388 0.4130699 0.7084085 0.5125881 0.3119182 0.7346888 0.5595669 0.2490956 0.3927282 0.5209646 0.2586590 0.3078092 0.6360519 0.6951858 0.6982370 0.3412113 0.5257664 0.4778578 0.5935234 0.5992119 0.4018211 0.7218358 0.6592260 0.1341651 0.6643683 0.7651888 0.6470461 0.5384498 0.6418817 0.2745581 0.6314529 0.6081682 0.7182317 0.5943872 0.8060316 0.3880339 0.6262077 0.7809672 0.5418286 0.5499210 0.5108213 0.1876266 0.2955404 0.4086159 0.2888822 0.4056791 0.2589232 0.3184088 -0.0313894 0.0890252 0.2495011 0.4289110 0.2797235 0.3115585 0.1233110 0.1571524 0.4656383 0.4318358 0.2148834 0.1414669 -0.0178188 0.3237824 0.2606713 0.4865931 0.1622537 0.5043896 0.2925095 0.3126670 0.6272895 0.2187936 0.5060095 0.2615349 0.2740741 0.3458083 0.4067401 0.4101539 0.3463772 0.3251833 0.3180300 0.3191821 0.3663918 0.3784302 0.3711057 0.0596481 0.1248745 0.0626826 0.2514440 0.6488614 0.2158437 0.2233760 0.2524736 0.3003470 0.1762023 0.2872238 -0.2191565 0.6337013 0.2505162 0.1166678 0.1945016 0.2558359 0.0659044 0.5532440 0.2807126 0.7076890 0.1665966 0.3493564 0.4897436 0.3926755 0.3124786 0.6567951 0.4039076 0.2675608 0.2486418 0.5114695 0.7448778 0.1747739 0.5784483 0.6671029 0.4398979 0.7211805 0.5187121 0.4733587 0.6205995 0.6981211 0.5553446 0.6277051 0.4702660 0.5852759 0.6185024 0.6671710 0.5581795 0.5620754 0.6974589 0.3432765 0.5750972 0.6303010 0.4414974 0.5030572 0.4995809 0.5437042 0.3867728 0.2110208 0.3200889 0.6104176 0.4766897 0.5677838 0.6580617 0.5144855 0.4652034 0.5752431 0.6372035 0.4172651 0.5056056 0.3525138 -0.1230239 0.2407015 -0.0250762 0.2597201 0.5685354 0.3743363 0.1932490 0.0606232 0.0933681 -0.0573808 0.1116463 0.5693055 0.1468204 0.0641503 0.3028934 -0.0133265 0.2524425 -0.1590010 0.2257570 0.5051625 0.4760429 -0.0524811 0.3079829 0.2980620 0.1848255
0.4541812 0.6267953 0.7818752 0.5558702 0.0000000 0.4617200 0.4387848 0.5443775 0.4972716 0.2913794 0.3767913 0.6523419 0.5025160 0.0348454 0.2498793 0.2092133 0.2447963 -0.0013935 0.0672474 0.4553348 0.7087621 0.3445982 0.2561897 0.0264095 0.1166603 0.1829830 0.2505420 -0.0831863 0.7887829 0.1632795 0.0399996 0.1469264 0.1268067 0.5630533 0.0619502 0.4964839 -0.0354985 -0.0427774 0.1603131 0.1762792 0.2867150 0.6331141 -0.0169488 0.3505199 0.7508413 0.2767061 -0.1368040 0.3273784 0.5295092 -0.2214391 -0.1295805 0.0321752 0.5604635 0.2149862 -0.0761741 0.0113447 -0.0441618 0.2952234 0.5390700 -0.1209011 0.7404100 0.1687109 -0.0853945 0.4383993 0.6792277 0.2745858 0.0619922 0.1781451 -0.2243646 0.2273454 0.2317718 0.6026126 0.1018885 0.6931375 0.1397312 0.3002646 0.6133880 0.2225904 0.3052188 0.4527403 0.2282418 0.1338694 0.2306313 0.2471391 0.3046158 0.1812431 0.0516435 -0.1773796 -0.0385427 0.0827832 0.2944055 0.2997915 0.1892545 -0.1514008 0.1305085 0.4901770 0.1804414 0.0091707 0.1645134 -0.1642278 0.1988627 0.1074521 0.3191045 -0.1594504 0.3506991 0.3500596 0.3259581 0.4512518 0.1699338 0.5803014 0.3793208 0.4215103 0.3314349 -0.0238606 0.3205299 0.2138665 0.1915826 0.4784658 0.2937787 0.6273271 0.4630944 0.3155853 0.3346598 0.4772059 0.3501560 0.4909427 0.5969541 0.0585880 0.3309589 0.5955148 0.3107665 -0.0775142 0.2454784 0.1541987 0.3161057 0.1328231 0.1388182 0.2830914 0.1688425 0.3163403 0.0926649 0.3434056 0.7397481 -0.1122184 0.2643424 0.2893230 0.3219756 0.2540461 0.2825156 0.2995175 0.2436883 0.0552700 0.4073310 0.2177360 0.6169180 0.1198012 0.7659610 0.2831835 0.6667524 0.4175287 0.4392683 0.4329081 0.4303225 0.7055074 0.4896460 0.1833397 0.3309290 0.4008759 0.6894521 0.6749432 0.4325490 0.6663788 0.5580140 0.7278408 0.6741738 0.7822279 0.7607926 0.7010566 0.7404228 0.5414096 0.3287316 0.2179899 0.4606102 0.3810992 0.7006600 0.8160084 0.8529531 0.8437950 0.8114788 0.8235100 0.6145051 0.6574503 0.6371624 0.2574307 0.4733924 0.4069340 0.4710016 0.7294476 0.6150874 0.4723487 -0.1798453 -0.3033709 -0.3572026 -0.1840108 0.4435150 0.2487121 0.2029927 0.2695237 -0.3302292 0.0327851 -0.4102404 0.3437895 0.6478494 0.6603499 -0.0776601 0.1513816 0.0422542 -0.0446514
0.6142426 0.8223874 0.6673536 0.7531763 0.4617200 0.0000000 0.8468957 0.7015576 0.7215849 0.7459644 0.7683219 0.8011280 0.5206238 0.3436513 0.5910556 0.6386449 0.5591978 0.2280274 0.4503745 0.1994611 0.5954722 0.5081898 0.6597410 0.1986129 0.4619798 0.4839775 0.4941709 0.0457709 0.6895924 0.2800273 0.3793754 0.3896868 0.1345585 0.5445986 0.5512992 0.6942585 0.4587994 0.3704332 0.5321715 0.4013589 0.5400776 0.6633195 0.5799305 0.0587258 0.6706844 0.5826570 0.3493066 0.5247303 0.3039054 0.3250209 0.3836929 0.5618695 0.4915884 0.5369354 0.1877791 0.5795634 0.5334453 0.5143896 0.5669353 0.3874397 0.6179688 0.5676835 0.1601376 0.5957820 0.5867443 0.7540839 0.4265398 0.5412819 0.2377387 0.5916237 0.5360287 0.5211059 0.5217182 0.5974368 0.4403024 0.5270674 0.5959888 0.3957993 0.3968470 0.3592015 -0.1023484 0.3949684 0.3534278 0.2671406 0.4433441 0.2040669 0.1708562 0.1773289 0.0384938 0.1287589 0.2765558 0.4200954 0.3277886 0.2109408 0.1866202 0.4640880 0.5677987 0.2308766 0.1215919 -0.1899692 0.2708993 0.3004299 0.4390586 0.1836228 0.4392786 0.2431115 0.3835224 0.6300025 0.1126293 0.4591172 0.1929457 0.1940229 0.5021765 0.4992106 0.5593971 0.3880598 0.4757345 0.4952054 0.3520133 0.3812862 0.5243039 0.5067792 0.1168460 0.2244357 0.2602665 0.2705796 0.6360111 0.2292598 0.2240314 0.4267071 0.3694325 -0.0064202 0.2874025 0.0401576 0.3858969 0.2814862 0.2080075 0.2832223 0.1707591 0.1712670 0.4351581 0.3813320 0.5517431 0.0805855 0.3501133 0.6080327 0.3240993 0.2051270 0.6184854 0.3956176 0.2748824 0.1195068 0.5208545 0.7122333 0.1074481 0.4446070 0.6354538 0.5384423 0.6599010 0.4224059 0.5338497 0.5604965 0.6526577 0.5411806 0.5634986 0.5094928 0.6647151 0.6769082 0.7492605 0.6058254 0.6662196 0.7239443 0.5145639 0.6974524 0.6752260 0.4170145 0.4875342 0.4163435 0.4382615 0.4037302 0.3399700 0.3268430 0.5323795 0.3960421 0.4156872 0.4975429 0.3929344 0.3740546 0.4073961 0.4600520 0.3034744 0.4070451 0.3389486 -0.2718057 0.1134325 -0.0843767 0.4453222 0.4655922 0.1399152 0.3005222 -0.1201541 -0.1272803 -0.1408673 -0.0989574 0.4573101 -0.0017046 0.1896162 0.2041815 -0.2159870 -0.1051189 -0.2667836 -0.0418546 0.4999984 0.3810940 0.1693448 0.2924636 0.1435138 -0.0976832
0.6913780 0.7361300 0.5531409 0.5651030 0.4387848 0.8468957 0.0000000 0.3989733 0.6721948 0.3672048 0.4770644 0.8752730 0.2649319 0.0031732 0.7427363 0.4211400 0.1700148 0.0302796 0.2444273 0.0030068 0.6308504 0.3346553 0.5059813 0.0558833 0.3614405 0.4041061 0.3251288 -0.1617397 0.6547382 0.0920574 0.3229010 0.3953039 -0.0179084 0.3692588 0.4079639 0.5951012 0.3350264 0.2931326 0.3635899 0.2853308 0.4738040 0.5666702 0.4124938 0.0191842 0.5962001 0.4792075 0.1986747 0.5664416 0.1589738 0.1968187 0.2913033 0.3033609 0.3267437 0.3055879 0.0861293 0.3342516 0.3482894 0.3767986 0.5557413 0.2970227 0.5752128 0.4254046 0.0584544 0.4374242 0.4655629 0.6405115 0.3678477 0.4016522 -0.0154690 0.4641231 0.4465474 0.4605989 0.3902712 0.4531279 0.3620742 0.4031002 0.4387674 0.2815827 0.3376063 0.3262546 -0.0407471 0.5237932 0.3778481 0.3752322 0.4543707 0.2481087 0.1439258 0.1571353 0.1021718 0.1705273 0.2695226 0.3712008 0.3049584 0.3013397 0.3166777 0.2784443 0.3265017 0.0963087 0.2710991 -0.0887294 0.3643453 0.3735219 0.4778351 0.2888615 0.3338584 0.2862202 0.4458367 0.5689295 0.0759984 0.4428907 0.2106139 0.1614215 0.4038509 0.3917509 0.5029182 0.3287530 0.4319713 0.5733158 0.2891860 0.3886147 0.5005472 0.3590712 0.2943932 0.2735187 0.2902507 0.2519827 0.5041203 0.2366763 0.1289478 0.3492874 0.2658513 0.0993448 0.1930630 0.0851953 0.3779725 0.1499302 0.1423891 0.2996110 0.0708060 0.2431973 0.2440097 0.4014559 0.4831161 0.0454975 0.2594212 0.3455601 0.2509288 0.1189732 0.5056071 0.3717549 0.2360526 0.0612802 0.4709105 0.4420080 0.0817716 0.3461584 0.5429002 0.4578466 0.5830904 0.3194883 0.3368670 0.5049619 0.4575977 0.4322003 0.4310120 0.4027433 0.4907896 0.5690245 0.6783919 0.5618078 0.5483099 0.6155028 0.6211982 0.8055161 0.8069080 0.4724555 0.5547962 0.5088788 0.4936491 0.4411400 0.4023196 0.4763994 0.5109009 0.4264868 0.3577758 0.4751350 0.4320663 0.3460343 0.2953154 0.3316815 0.2657908 0.3855862 0.4350526 -0.2248649 0.1605165 0.0507525 0.5070227 0.4273716 0.2779095 0.3102025 -0.1812497 -0.2596452 -0.2098921 -0.0618772 0.3286961 -0.0315730 0.2965592 0.3103983 -0.3345127 -0.1929780 -0.3056535 0.1326165 0.4613466 0.5100513 0.3261738 0.3225963 0.0220368 -0.1488772
0.3480493 0.7294695 0.7808527 0.8859457 0.5443775 0.7015576 0.3989733 0.0000000 0.5878782 0.7110998 0.8607903 0.4701116 0.8391869 0.2926748 0.1479657 0.7243945 0.6976316 0.1407193 0.5829450 0.4228816 0.5054689 0.6324289 0.7801330 0.1855479 0.5179020 0.6303497 0.5017053 0.0234244 0.5421169 0.3288680 0.3632764 0.3918701 0.1491859 0.6570283 0.5899448 0.5955336 0.4488496 0.4606286 0.5202063 0.5033184 0.4463100 0.6198025 0.4850461 0.3063114 0.6814757 0.6703017 0.3031540 0.4285316 0.5891401 0.4261961 0.3063237 0.6070932 0.7092043 0.7493764 0.4312650 0.6994496 0.5029353 0.6755187 0.6167808 0.3617863 0.6795560 0.6590489 0.0336293 0.7430436 0.7943912 0.6208294 0.4400902 0.6985447 0.2941521 0.6876286 0.5552306 0.6507911 0.6282548 0.8232892 0.4160922 0.7073118 0.8514172 0.5777395 0.5841372 0.5865921 0.1098087 0.2149028 0.3402912 0.1823143 0.3896480 0.1896923 0.1996237 -0.1242634 -0.0303883 0.0985704 0.3532985 0.2705120 0.1948487 0.0562047 0.0477845 0.4271582 0.5445864 0.1626119 0.0195410 -0.0997993 0.2226034 0.0425051 0.2708505 0.0742333 0.4330833 0.1745468 0.1248525 0.4248008 0.1421774 0.4016719 0.1251655 0.1980577 0.3457268 0.2952747 0.4212970 0.3261903 0.2503582 0.3024935 0.3083057 0.3526728 0.3787179 0.4269950 -0.0609335 0.2249365 0.1383735 0.2859867 0.7368636 0.2059697 0.3670192 0.4223150 0.4019375 0.0324155 0.4198949 -0.1142164 0.4768970 0.2498841 0.2331839 0.2451438 0.3433289 0.1165516 0.4912797 0.3358916 0.6553477 0.2346168 0.4604248 0.4416008 0.4529852 0.4223202 0.5985760 0.4222915 0.3408873 0.3294517 0.5288347 0.7325772 0.3064879 0.5175149 0.6186285 0.5147116 0.6792664 0.5677672 0.5592333 0.6185646 0.7132967 0.5329180 0.6476067 0.5257540 0.6092719 0.6128680 0.6841184 0.6026041 0.6026946 0.7441629 0.1912481 0.4002738 0.4042257 0.4032641 0.4370201 0.4070788 0.4314310 0.2839713 0.1573327 0.1659325 0.5921639 0.4142859 0.6110662 0.6302514 0.4666789 0.5223529 0.6124198 0.6178428 0.4379112 0.5052241 0.1928905 -0.0819748 0.2384171 -0.0477492 0.2197342 0.5271520 0.2471019 0.2280379 -0.0651085 -0.0243315 -0.1442832 -0.1041950 0.4904046 0.1204921 -0.0149425 0.0681690 -0.1079111 0.0615976 -0.2614512 0.0738706 0.3887235 0.4394580 -0.1408748 0.0715478 0.1716504 0.0276749
0.4128103 0.8198566 0.5806991 0.6972013 0.4972716 0.7215849 0.6721948 0.5878782 0.0000000 0.5152402 0.5023373 0.5973535 0.3903292 0.3925937 0.7218267 0.4970935 0.5513014 0.4347647 0.3383708 0.2441567 0.4834154 0.4033868 0.6539373 0.5520882 0.4810260 0.5213518 0.7875258 0.3303098 0.6097969 0.6097705 0.1131441 0.5395384 0.4636616 0.7540411 0.5098376 0.4922771 0.4669282 0.3024151 0.7047810 0.6509260 0.4729041 0.5956233 0.5728766 0.5084000 0.7049370 0.4845194 0.2407584 0.5012839 0.5674120 0.3993445 0.3458069 0.6892937 0.6941369 0.6613209 0.2702207 0.3881094 0.4935676 0.5188420 0.6423196 0.5077207 0.7202096 0.7327330 0.2809609 0.6130742 0.7060477 0.6018417 0.5717757 0.5971475 0.2383834 0.5644868 0.5752810 0.7086067 0.5689758 0.6590476 0.4310288 0.4933364 0.6023981 0.4534340 0.4463188 0.2395454 0.0575881 0.2436471 0.2085221 0.2547120 0.3969221 0.0395408 0.0509686 0.0682798 0.0747811 0.1830324 0.2952479 0.0543257 0.1454802 0.0605318 0.1659017 0.2593789 0.1176483 0.0085253 0.0389490 -0.2730049 0.2894624 0.1631973 0.2545651 0.0785920 0.3172889 0.1791039 0.1829024 0.4843432 0.0324883 0.3771315 0.1983149 0.0674316 0.5746935 0.4270007 0.3865624 0.3455844 0.3341542 0.3198313 0.2318379 0.0726307 0.3144261 0.4082646 0.1394059 0.1737280 0.0602021 0.0177656 0.5731267 0.3209336 0.0438773 0.2716959 0.3061043 0.2279846 0.3005309 -0.2737187 0.7989511 0.3211268 0.2092301 0.0913416 0.2591050 -0.0737862 0.6323764 0.1339332 0.7369088 0.2111578 0.3854528 0.3619093 0.3823274 0.3851615 0.7151510 0.2985640 0.2211762 0.3035097 0.4984771 0.6941351 0.2718593 0.6045166 0.6088467 0.5044993 0.7745178 0.3039089 0.4570583 0.5215652 0.6950665 0.3031062 0.6429683 0.5538689 0.5863029 0.5643113 0.6706091 0.4855764 0.5540806 0.6874923 0.2859759 0.6611375 0.6817276 0.2232821 0.2758727 0.2380203 0.2890681 0.1960563 -0.0379670 0.3450380 0.5539006 0.4089730 0.4608320 0.5536413 0.4335951 0.3252723 0.4337641 0.4028400 0.0827033 0.1945103 0.0998821 -0.4426792 -0.1082839 -0.2916530 0.2014819 0.2334824 0.1342124 0.0781692 -0.1396450 -0.0136280 -0.2065606 -0.0223032 0.2953625 0.0396688 0.0069296 0.4847363 -0.1873548 -0.0112071 -0.3236074 -0.1122343 0.4598009 0.3149728 0.0213597 0.4601079 0.3241300 0.2837833
0.2142954 0.5476867 0.5664397 0.6340982 0.2913794 0.7459644 0.3672048 0.7110998 0.5152402 0.0000000 0.8921609 0.4024011 0.5935809 0.5957631 0.2294936 0.7416240 0.8817109 0.3679497 0.5884349 0.3256892 0.3421007 0.6001167 0.6820342 0.4327822 0.5031376 0.5189212 0.5118035 0.3179099 0.4595226 0.4648149 0.3438720 0.3703798 0.3682046 0.6398743 0.6437435 0.5701834 0.5710600 0.4210616 0.6848026 0.5098765 0.5008545 0.5760915 0.6558865 0.2404979 0.3947932 0.5966045 0.4848652 0.4353314 0.5304417 0.2442934 0.4680172 0.6449925 0.5833513 0.6717338 0.2847839 0.6985986 0.6264175 0.6665822 0.4549530 0.4806348 0.3341559 0.5785158 0.3311877 0.7041256 0.5175326 0.6694275 0.4670355 0.5837878 0.5108305 0.7005108 0.5455946 0.5268356 0.5983801 0.5844754 0.4981483 0.6563008 0.6668609 0.5313010 0.5161520 0.4501574 -0.0640087 0.1042995 0.1124168 0.1012905 0.3382628 0.0960253 0.0471285 0.2746359 0.1378889 0.1538043 0.2920625 0.3192335 0.3186377 0.2009860 0.1811156 0.5512322 0.5310758 0.4406507 0.0375982 -0.2375903 0.1800479 0.1421068 0.1024125 0.0542610 0.4549772 0.1707567 0.0809829 0.3465232 0.1398020 0.2604010 0.1657694 -0.1478075 0.6205354 0.6328581 0.5403075 0.5739123 0.6353918 0.4169219 0.5531292 0.2002651 0.5252211 0.6866717 -0.0100525 0.2621695 0.2714943 0.0515114 0.5774696 0.1877367 0.2436829 0.3791060 0.5015900 -0.0455469 0.3983394 -0.0693862 0.2925980 0.3499957 0.3370234 0.1716544 0.3565453 0.0471280 0.4190062 0.3177097 0.3175370 0.1954585 0.4264693 0.4761226 0.4394196 0.4345382 0.5895839 0.4295786 0.3486527 0.3072631 0.4657986 0.6637624 0.1903599 0.4373206 0.3422339 0.5367745 0.3712755 0.3788261 0.5964310 0.4574499 0.5008482 0.2642483 0.5600000 0.5094217 0.6099447 0.5070362 0.4256296 0.4044930 0.5964606 0.5066842 0.0531307 0.2383949 0.3213192 0.0615764 0.0541833 0.0117018 0.0452600 0.0178937 0.0498437 -0.0298723 0.3866654 0.0796710 0.2171938 0.2145760 0.0890095 0.1413342 0.3348906 0.3740591 0.1081647 0.3755940 0.1070832 -0.4846063 -0.2469921 -0.3963754 0.0759116 0.3523770 -0.1117463 0.1015718 0.0775300 -0.0659908 -0.0520851 -0.1709766 0.4962667 0.1965225 0.0836869 0.1236813 0.0255373 -0.1998848 -0.2026892 -0.4085229 0.3221677 0.1897852 0.0526383 0.1601217 0.0292886 -0.0709493
0.3907133 0.6760067 0.6928874 0.7978006 0.3767913 0.7683219 0.4770644 0.8607903 0.5023373 0.8921609 0.0000000 0.4967740 0.7429830 0.3199503 0.1935943 0.8565841 0.7879608 0.1278385 0.6936675 0.2731910 0.4946485 0.6572145 0.8271489 0.2487330 0.6142363 0.6784740 0.4049021 0.0335862 0.5464553 0.2730157 0.4497825 0.4822628 0.1759777 0.6501830 0.7348575 0.6832344 0.5947790 0.5699850 0.6417834 0.5217075 0.5171393 0.6809101 0.6519440 0.2444559 0.5242621 0.7298949 0.4646192 0.5430863 0.5696477 0.2861115 0.4703512 0.5848403 0.6228728 0.7416081 0.4551260 0.7599296 0.6151609 0.8102517 0.6422351 0.4767863 0.4941262 0.6355463 0.2291309 0.8019007 0.6753880 0.7447581 0.5288163 0.7450946 0.4353239 0.8517822 0.6355485 0.6123373 0.7043126 0.7611289 0.5969424 0.8268834 0.8514423 0.6574862 0.6796696 0.6967415 0.0805903 0.3263801 0.3762564 0.2543539 0.4780902 0.2788382 0.2000349 0.1613669 0.1916493 0.2477474 0.4340814 0.4036011 0.3949809 0.3096129 0.2848077 0.5012244 0.6096560 0.4211273 0.1779469 -0.0054195 0.3401321 0.2399461 0.2614556 0.2450332 0.5155998 0.2305666 0.1971605 0.4075908 0.2210141 0.3861919 0.1933040 -0.0437984 0.5298866 0.5918423 0.5852499 0.5753485 0.5935166 0.5129691 0.5706972 0.3955576 0.5973129 0.6208389 0.0573485 0.3560647 0.3461405 0.2584133 0.7467098 0.2761224 0.4294355 0.4492492 0.5521589 0.0606608 0.5187849 -0.0221442 0.3717046 0.3491086 0.3831640 0.3483548 0.4351049 0.2236306 0.4104950 0.5122185 0.4483729 0.3203354 0.5283689 0.4489657 0.5567894 0.5063946 0.6305853 0.5975503 0.4790455 0.3919709 0.6191832 0.6945799 0.2540160 0.4502148 0.4318462 0.6254161 0.4974181 0.5653582 0.6346287 0.6602786 0.5393544 0.3627460 0.6578189 0.5942724 0.6392123 0.5787626 0.5177087 0.5668705 0.6794347 0.6104863 0.1497087 0.3345795 0.4616451 0.2370478 0.2671231 0.2719157 0.2735642 0.2123066 0.2803551 0.2118969 0.6056028 0.3244629 0.4314153 0.4175855 0.2742796 0.2957954 0.4479286 0.4825301 0.3388521 0.5739126 0.2595635 -0.2886218 0.0429439 -0.1475784 0.2499735 0.5694601 0.1337814 0.2678039 0.0089714 -0.1707911 -0.1052511 -0.1420655 0.5341643 0.2341816 0.1930503 0.0607538 -0.0953658 -0.2013450 -0.2645511 -0.1074489 0.3087359 0.4666840 0.1399975 0.0524658 -0.0890830 -0.1871366
0.6319994 0.7645225 0.6243997 0.6397384 0.6523419 0.8011280 0.8752730 0.4701116 0.5973535 0.4024011 0.4967740 0.0000000 0.2522169 -0.0561601 0.5547030 0.3153718 0.1395137 -0.1256569 0.0789847 0.0845797 0.8914170 0.1772924 0.3602841 -0.0940083 0.1747430 0.2346800 0.1119932 -0.2833344 0.8761485 -0.0548582 0.0823677 0.1825404 -0.0461688 0.4668865 0.1349924 0.8074617 0.0250978 0.0283204 0.2291162 0.1386997 0.2145476 0.7842740 0.1802571 0.0387801 0.7419837 0.3391573 -0.1239086 0.3330366 0.2974942 -0.0579070 -0.0445250 0.1033902 0.5278224 0.2270166 -0.0978725 0.1565854 0.0431818 0.3620766 0.5029698 -0.0371527 0.7201552 0.2020925 -0.0656013 0.5132443 0.5708041 0.4133083 0.1223968 0.2523485 -0.2082779 0.3514957 0.2658728 0.6259669 0.1797223 0.5978958 0.1369184 0.3108339 0.5277987 0.1363357 0.2419506 0.3807769 -0.0574824 0.2914160 0.3237857 0.4374418 0.4117601 0.2917419 0.1896729 0.0564733 0.0542406 0.1819370 0.3862035 0.3158469 0.3558463 0.1257502 0.2633166 0.4933579 0.1898787 0.1832507 0.2779624 -0.1373089 0.3522633 0.4400652 0.5950443 0.1234459 0.5458219 0.4748263 0.5690685 0.7640019 0.2678159 0.6084169 0.4392863 0.4524029 0.4511837 0.4166227 0.4968808 0.3567404 0.4058114 0.6261877 0.3332656 0.6801344 0.6166543 0.4007856 0.3071041 0.3666854 0.3714381 0.4921807 0.5540471 0.1683285 0.1822140 0.4743644 0.2587413 0.0897509 0.1404135 0.2088766 0.3297293 0.1382677 0.0954966 0.3074477 0.0473876 0.4350790 0.2223554 0.5077785 0.6286578 -0.1139273 0.2197620 0.4402432 0.2685500 0.1310090 0.4681197 0.4897249 0.3542792 -0.0160350 0.4832934 0.4130157 0.3120976 0.2046891 0.7314595 0.3855585 0.5968893 0.4832391 0.3946314 0.5690262 0.4242878 0.6918440 0.5122871 0.2641999 0.4782993 0.5289313 0.6808451 0.7012512 0.5439411 0.6570125 0.6827551 0.7831564 0.8103848 0.7091606 0.7669455 0.6694829 0.7426693 0.6173444 0.4822819 0.4932178 0.5320647 0.4826668 0.4874424 0.6108591 0.6116005 0.5719706 0.6172921 0.6493452 0.5692985 0.6690296 0.7031520 -0.0769147 0.3394437 0.1634184 0.5975981 0.6610738 0.3734293 0.4970233 -0.3133467 -0.3524814 -0.4068197 -0.2336706 0.4052617 0.0305837 0.3520066 0.1695762 -0.4439696 -0.0827952 -0.4591969 0.2778781 0.4836931 0.5681882 0.2477734 0.1957088 0.0012400 -0.2025160
0.4102139 0.5158924 0.7375247 0.5958941 0.5025160 0.5206238 0.2649319 0.8391869 0.3903292 0.5935809 0.7429830 0.2522169 0.0000000 0.2641734 0.0800623 0.7574978 0.6342461 0.2012370 0.7329509 0.5381786 0.3138116 0.8694535 0.7440477 0.2367879 0.6937263 0.7098109 0.4016970 0.0249517 0.3288241 0.3148498 0.6323397 0.5687221 0.1407266 0.5129392 0.6886231 0.3094953 0.5490455 0.6842960 0.3994179 0.3493327 0.6301630 0.3895636 0.4805655 0.2728586 0.4419669 0.7400181 0.4773073 0.6490252 0.5528740 0.4377454 0.4569613 0.4741506 0.4842604 0.5709611 0.5833064 0.6545025 0.4764913 0.6327007 0.6110525 0.4082933 0.5110693 0.6372282 0.1268696 0.6541187 0.6580021 0.5802996 0.4450330 0.6479489 0.2053389 0.6838009 0.6166464 0.4646302 0.6244103 0.6827079 0.5889426 0.7195945 0.7498926 0.7051281 0.6623755 0.7127362 0.2730711 0.3209180 0.4441198 0.2673316 0.5023322 0.3655630 0.2202998 -0.0672151 0.1753167 0.1772974 0.4328410 0.4646466 0.2365833 0.1580271 0.2660597 0.3632018 0.5293468 0.2386513 0.2188015 0.0115226 0.3645648 0.0655519 0.1500074 0.1246456 0.4061040 0.2033717 0.1394745 0.1358509 0.2450627 0.3049898 0.1789306 0.0020976 0.3514022 0.1143315 0.4402184 0.3864996 0.2983164 0.4170986 0.4161839 0.3158779 0.4911106 0.5195889 0.0789922 0.4560075 0.4559532 0.3304475 0.7496114 0.2176593 0.6586425 0.6211470 0.6720639 -0.0019185 0.6425109 0.1954799 0.3222289 0.3685144 0.5371323 0.5407382 0.5943123 0.2616949 0.3779713 0.4849679 0.5143387 0.4747013 0.6888843 0.3909734 0.6506911 0.6029995 0.5696113 0.4752096 0.4642409 0.5628299 0.6605106 0.6255764 0.4807598 0.4804576 0.5207245 0.6949227 0.6357563 0.6336125 0.7013541 0.6518290 0.6803929 0.4440875 0.6703682 0.6810005 0.7010419 0.7078349 0.6849522 0.6545180 0.7362949 0.7583417 0.1811994 0.3213757 0.2918564 0.2564808 0.2881635 0.3072239 0.3140015 0.2938431 0.2711592 0.1457527 0.5403389 0.2779321 0.5235741 0.5007949 0.3592538 0.4567469 0.4697870 0.3966045 0.3283666 0.4348785 0.1403388 -0.0502811 0.1472166 0.0431952 0.2113176 0.5242729 0.3430201 0.3545096 -0.0093814 -0.1072430 -0.0078541 -0.0554214 0.4497966 0.2070712 0.2182706 0.1065073 -0.1190184 -0.1086810 -0.1654453 0.0500804 0.3578202 0.5492561 0.0289550 -0.0063969 0.0057388 -0.0847065
-0.0343241 0.1770885 0.3160757 0.2928157 0.0348454 0.3436513 0.0031732 0.2926748 0.3925937 0.5957631 0.3199503 -0.0561601 0.2641734 0.0000000 0.3703197 0.4599602 0.7751127 0.9217749 0.3818001 0.6380599 -0.1977501 0.4181524 0.3754967 0.7277350 0.3434034 0.3757824 0.6470896 0.8329723 0.0499128 0.8078027 0.2552936 0.2777281 0.7024455 0.4501632 0.4482028 -0.1054260 0.5733035 0.2370075 0.5093192 0.4925342 0.5038827 0.0122891 0.4690941 0.3078139 0.0306709 0.2684857 0.6087882 0.2427844 0.2334922 0.1840819 0.5513196 0.6917968 0.1154405 0.2872604 0.1392173 0.2498861 0.5697237 0.0510668 0.0793682 0.5839551 -0.0599474 0.4950638 0.3635867 0.0952303 0.0064929 0.3486088 0.4821401 0.1289245 0.4031925 0.1699420 0.4460679 0.0573577 0.3567833 0.0400113 0.3087340 0.1368309 0.1019507 0.3605075 0.1328694 -0.1151878 0.0299133 -0.0825448 -0.0151417 -0.0213280 0.1950137 0.0386022 0.1277313 0.4033087 0.2489624 0.2340761 0.1307874 0.2800164 0.1722379 0.1286776 0.1306205 0.4090404 0.3279960 0.2930234 0.0052999 -0.2617681 0.0860459 0.0626096 0.0187506 -0.0287793 0.1500585 0.0401137 0.0049598 0.1041347 0.0554928 -0.0392509 0.0549947 -0.2642926 0.3651649 0.2411902 0.1867242 0.2617340 0.3313641 -0.0577329 0.2902248 -0.3476180 0.0614568 0.4134689 0.0166409 -0.0279697 -0.0648275 -0.3805921 0.0699897 0.0097281 -0.0570217 -0.0183405 0.2241118 0.0027468 0.0626988 -0.2412896 0.3298791 0.2511899 0.1136217 -0.0675622 0.1967758 -0.4063406 0.5197747 -0.2508534 0.0072646 0.1632714 0.1423211 0.3405047 0.1382109 0.1781351 0.4333363 -0.1681548 -0.1697888 0.2468725 0.0615825 0.4966441 -0.1004319 0.4885481 0.0351949 0.2025869 0.1535537 -0.0914053 0.2491177 -0.0418756 0.3781215 -0.0694241 0.1424055 0.2676552 0.3976028 0.4193036 0.1831729 -0.1320904 0.2150586 0.1535057 -0.1172679 0.0955244 -0.0383373 -0.3803685 -0.3246278 -0.2128537 -0.3311674 -0.2155910 -0.2769493 -0.3546445 -0.0466229 -0.3107312 -0.1118103 -0.1471544 -0.2013537 -0.2406536 -0.1160716 -0.1014474 -0.3811612 -0.3440134 -0.3451996 -0.4850496 -0.5097530 -0.5174624 -0.3634085 -0.1903390 -0.2002965 -0.3216151 0.5327020 0.6140653 0.5247824 0.4367254 0.5261047 0.0991777 -0.0530442 0.5433734 0.5879437 0.3415804 0.4593975 -0.3640534 0.4584272 -0.3289176 -0.0750084 0.6050172 0.6076082 0.5970436
0.4434466 0.5448874 0.4080192 0.3607482 0.2498793 0.5910556 0.7427363 0.1479657 0.7218267 0.2294936 0.1935943 0.5547030 0.0800623 0.3703197 0.0000000 0.3995966 0.2385129 0.5082558 0.2512305 0.2697006 0.2762243 0.3024146 0.4470446 0.4215247 0.4328349 0.4613305 0.5384157 0.2803489 0.4625192 0.4647345 0.1503340 0.5412682 0.3152897 0.4062480 0.4482217 0.1574061 0.5010873 0.2882202 0.4630188 0.4613990 0.5646961 0.2272305 0.4125106 0.2403091 0.3671478 0.4254460 0.3823544 0.5773227 0.1391830 0.1045708 0.4805922 0.4394586 0.1942522 0.2085770 0.1489710 0.0990520 0.4500249 0.1727978 0.4106583 0.5357766 0.3776414 0.5265423 0.3670418 0.2274387 0.2648675 0.5499999 0.5940166 0.2864647 0.0871867 0.3153988 0.5592216 0.3412596 0.4110326 0.2414692 0.4588010 0.2466288 0.2292483 0.3673920 0.2677576 0.0848761 0.0659776 0.4024962 0.2917945 0.3368561 0.4205164 0.1891128 0.1210764 0.3755218 0.3139622 0.3698257 0.2789391 0.2372426 0.2154141 0.3654535 0.3942526 0.2170287 0.0754253 0.0455281 0.2921149 -0.1234727 0.4401652 0.3612766 0.3344793 0.2991090 0.2400936 0.2230103 0.3372849 0.3410180 0.1273523 0.1492864 0.2365594 -0.0330464 0.4730754 0.3175541 0.3776791 0.3070418 0.4061144 0.3540249 0.2778371 0.0277229 0.3266463 0.4233816 0.3835069 0.2270070 0.1540834 -0.0662915 0.3104220 0.2443671 -0.0003051 0.1392797 0.2257559 0.3333871 0.0906194 -0.0933715 0.5594848 0.1726906 0.1325606 0.1887090 0.1451354 -0.0422107 0.4803486 0.1030932 0.3592520 0.1524099 0.1863510 0.2081322 0.2205821 0.1554953 0.5994835 0.1584078 0.0592368 0.1957795 0.3235212 0.4595434 0.0026339 0.4775512 0.3200495 0.3611485 0.4851934 0.0735144 0.1995800 0.2741077 0.3966575 0.0861130 0.2810469 0.3686583 0.4723626 0.5374434 0.4953014 0.2557292 0.3718577 0.4384036 0.3574849 0.7090785 0.6094456 0.0260388 0.1661811 0.2774347 0.1488954 0.2153922 0.1478859 0.3484594 0.3190681 0.2131327 0.1681751 0.2501951 0.2433306 0.0560204 0.0665487 -0.0002197 -0.0736611 -0.0225801 0.0936625 -0.4368775 -0.1792789 -0.1882690 0.1801881 0.0902851 0.1207098 0.0386270 0.0368724 0.0908755 0.0799037 0.2528775 0.3697257 -0.0373823 0.2594741 0.6578733 -0.0418683 0.0073273 0.0068264 0.0114911 0.4386447 0.1517610 0.3216985 0.6059225 0.2846176 0.2794284
0.3951910 0.5785286 0.6597378 0.6847783 0.2092133 0.6386449 0.4211400 0.7243945 0.4970935 0.7416240 0.8565841 0.3153718 0.7574978 0.4599602 0.3995966 0.0000000 0.7773105 0.3871250 0.9046083 0.4689139 0.2830004 0.8158352 0.9354112 0.4565094 0.8900449 0.9167539 0.4777445 0.1792297 0.3611781 0.4187288 0.6118447 0.7823017 0.3016887 0.6468617 0.9061151 0.3688911 0.8193203 0.8316835 0.6280726 0.5905476 0.7281176 0.4162328 0.6863456 0.3024771 0.3506842 0.8212756 0.6855908 0.7442848 0.5180608 0.3473583 0.7131326 0.6703296 0.4530257 0.6856205 0.7226525 0.6631264 0.7154022 0.7560161 0.6518555 0.7240683 0.3552069 0.8182581 0.4318109 0.7132660 0.5456628 0.7602845 0.7997234 0.7871652 0.4351151 0.8764932 0.8779082 0.4991834 0.8627838 0.6256410 0.8424757 0.8461774 0.7299647 0.8861226 0.7826100 0.7297186 0.2871284 0.5338530 0.5791095 0.4694247 0.6853280 0.4574305 0.3939418 0.3926644 0.5014926 0.5432566 0.5948848 0.4649159 0.4141400 0.6076930 0.5130637 0.3729817 0.5048421 0.4226427 0.4259567 0.2139745 0.6306790 0.3408750 0.2506081 0.5307277 0.5326215 0.2637268 0.2333626 0.2464274 0.3790758 0.2999306 0.2477835 -0.2206282 0.5938890 0.5834222 0.6737519 0.6677291 0.6537548 0.5251936 0.6728819 0.2036360 0.6148986 0.7209327 0.2952577 0.4372354 0.4287936 0.1261275 0.7303363 0.4463726 0.5544883 0.4366225 0.7072800 0.3681757 0.6390535 0.0490766 0.5514629 0.4690715 0.5681416 0.5222610 0.6704091 0.2007382 0.6286387 0.5190712 0.3581006 0.6427106 0.6948133 0.3845826 0.7222712 0.6658279 0.8189173 0.6060560 0.5313988 0.6932050 0.7131576 0.7841613 0.2442698 0.6798074 0.3114187 0.7725805 0.5091079 0.5990068 0.6593055 0.6885391 0.5719389 0.1785734 0.6652818 0.7820904 0.7714816 0.7574601 0.5041334 0.4824783 0.7405699 0.5981276 0.0399981 0.2845254 0.3609450 -0.0784358 0.0286068 0.2130176 0.0908365 0.1307467 0.3056718 0.2478142 0.6013582 0.2329362 0.3297077 0.2479954 0.1083047 0.0782151 0.2038812 0.1374341 0.1262981 0.3180095 0.0368977 -0.4027487 -0.1437209 -0.2356929 0.0447176 0.3958067 0.1745275 0.1825681 0.1899695 0.0711386 0.2219190 0.1740715 0.6360914 0.2972171 0.3810236 0.3162045 0.0964106 -0.0736035 0.0507211 -0.0569973 0.3248486 0.4290510 0.3291130 0.2523125 0.0330426 0.0423886
0.1631772 0.4810735 0.5776124 0.6349595 0.2447963 0.5591978 0.1700148 0.6976316 0.5513014 0.8817109 0.7879608 0.1395137 0.6342461 0.7751127 0.2385129 0.7773105 0.0000000 0.6339738 0.6671311 0.4978519 0.1315620 0.6491029 0.7275152 0.6871248 0.5960767 0.6467992 0.6812275 0.5797069 0.2965521 0.7091335 0.4064734 0.4907890 0.6283920 0.7328928 0.7360132 0.3077297 0.7192587 0.5030725 0.7538446 0.6627035 0.5719395 0.4247218 0.7108031 0.4589767 0.3316810 0.5720968 0.6344574 0.4561363 0.6038452 0.3029902 0.6157450 0.7972448 0.5120542 0.6930568 0.4282186 0.6149648 0.7124295 0.5883449 0.4597919 0.6709462 0.2596712 0.7234813 0.3768965 0.5840660 0.4639791 0.6261195 0.6432313 0.5858773 0.5585928 0.6707173 0.6651181 0.4528043 0.6775951 0.5202797 0.5658554 0.6278338 0.6147041 0.6651348 0.5434683 0.3799014 0.1329829 0.1028854 0.1789775 0.1011737 0.3890399 0.1441372 0.1553535 0.3011032 0.2755630 0.2718460 0.3443790 0.3513215 0.3435791 0.1856596 0.2427949 0.4963380 0.5251526 0.4321607 0.0539958 -0.1761203 0.2322895 0.1128136 0.0606764 0.0678222 0.3716845 0.1202412 0.0246292 0.2059038 0.1332134 0.2143839 0.1304441 -0.2814986 0.5465674 0.4768486 0.3921596 0.4770639 0.5075451 0.2027499 0.4854532 -0.0553040 0.3395589 0.5622100 -0.0002250 0.1964696 0.1583493 -0.1020792 0.5091564 0.2117072 0.2479555 0.2587246 0.5156896 0.0435634 0.4567414 -0.2394733 0.4898649 0.4469947 0.3786176 0.1535265 0.4705162 -0.1383142 0.5703648 0.1406069 0.2937135 0.3728115 0.4769549 0.4287288 0.4866695 0.5221061 0.6174162 0.2663664 0.2137785 0.4704174 0.4420265 0.6917305 0.1675797 0.5545371 0.2380421 0.5289174 0.3912623 0.2816972 0.5816884 0.3861633 0.5307075 0.1034794 0.5381080 0.5565992 0.5860430 0.5242616 0.3493628 0.2440999 0.5308639 0.4148976 -0.0857371 0.1675490 0.2224690 -0.1454756 -0.1250506 -0.0782576 -0.1021640 -0.0894550 -0.1110494 -0.1229140 0.3375974 -0.0221876 0.1896588 0.1628983 0.0119980 -0.0004409 0.1998059 0.2324382 -0.0911165 0.1264271 -0.1081455 -0.4897505 -0.3343375 -0.4378708 -0.1022085 0.1958554 -0.0377075 -0.0452304 0.3308403 0.2445339 0.2285772 0.1634204 0.5619382 0.2574644 0.0403720 0.3566342 0.2932124 0.0413459 0.0744045 -0.3390859 0.4251141 0.1015474 -0.0093594 0.3552891 0.2623529 0.2565041
-0.0262597 0.1203297 0.2253505 0.1639526 -0.0013935 0.2280274 0.0302796 0.1407193 0.4347647 0.3679497 0.1278385 -0.1256569 0.2012370 0.9217749 0.5082558 0.3871250 0.6339738 0.0000000 0.3357182 0.5870618 -0.2745460 0.3872778 0.3553468 0.8300852 0.3626288 0.3960433 0.6798393 0.9052862 -0.0196780 0.8874440 0.2537494 0.3496392 0.7902735 0.3989797 0.4655507 -0.2571993 0.5942537 0.2674319 0.5273107 0.5640772 0.5518645 -0.1101300 0.4672116 0.4484390 -0.0270501 0.1981919 0.6336837 0.3589201 0.2375934 0.2430124 0.6044232 0.6592776 0.0182189 0.2335911 0.1523641 0.1323320 0.5511761 -0.0071565 0.1712043 0.6534137 -0.0420140 0.5125653 0.3689279 0.0072086 -0.0315103 0.2873413 0.5279445 0.1017619 0.3384364 0.1151367 0.4454150 0.0146120 0.3178856 -0.0294709 0.3373315 0.0470479 0.0164224 0.3383736 0.0715341 -0.1838340 0.0249709 -0.0366229 0.0011872 0.0209934 0.2616908 0.0227130 0.0638736 0.3987617 0.2808154 0.2350676 0.1003506 0.2183793 0.0753192 0.1674604 0.1798420 0.2028744 0.2021570 0.1289167 0.0201061 -0.2753011 0.1325780 0.0314983 -0.0442414 0.0220510 0.0094949 -0.0670868 -0.0130946 -0.0190568 -0.0126110 -0.0695855 -0.0248321 -0.3658405 0.3670571 0.1350348 0.1584977 0.2397233 0.2863791 -0.0535413 0.2570569 -0.4467843 0.0147688 0.3622763 0.0813680 0.0559832 -0.0649083 -0.4186543 0.0452259 0.0017672 -0.0781615 -0.0336805 0.2018962 0.0405261 0.0740741 -0.2719616 0.4219400 0.2136916 0.1331505 -0.0549381 0.2002796 -0.4171414 0.5535738 -0.2908059 0.0044612 0.2483640 0.1478551 0.2101599 0.1325048 0.2113987 0.4477927 -0.2245177 -0.2086507 0.3032082 0.0475641 0.4396857 -0.0494762 0.5245761 -0.0146596 0.2067333 0.1817616 -0.1689697 0.2192151 -0.0866306 0.3424411 -0.2035014 0.1101085 0.2739169 0.3460431 0.3985013 0.1368516 -0.1980228 0.1778127 0.1155625 -0.0936954 0.1524108 -0.0300059 -0.4623192 -0.3589874 -0.2076229 -0.3673337 -0.2231012 -0.2818423 -0.2325635 0.0264821 -0.2328551 -0.0596987 -0.1274961 -0.1699699 -0.2621977 -0.1900244 -0.2401088 -0.4522837 -0.4842804 -0.4433207 -0.5090674 -0.5324934 -0.4782727 -0.3530704 -0.2702040 -0.1920487 -0.3263426 0.4864099 0.6148447 0.5346158 0.5375188 0.4300924 -0.0192439 -0.0221146 0.6800400 0.5285639 0.2976405 0.4911350 -0.2911291 0.4328807 -0.3390422 -0.0426462 0.6402054 0.6061835 0.6511032
