0.0000000 0.8859181 0.7821459 0.4207549 0.6859569 0.6371819 0.5242591 0.2773245 0.2715967 0.0890511 0.4743051 0.2969001 0.1698350 -0.0169296 0.0171527 0.4319484 0.4250020 -0.0623807 0.2047850 0.5044891 -0.0024224 0.3668941 0.3220629 -0.1596492 0.5629515 0.4473991 0.5329076 -0.0741937 0.0232831 0.3280519 0.1388536 0.4747064 -0.3249957 -0.1334825 0.4045901 0.0056253 0.3381688 0.3614023 0.3539439 0.2088756 0.3716331 0.0600219 0.4714958 -0.1481384 -0.1514097 0.1365155 0.3949539 0.4668997 -0.0286179 0.1945465 0.3179107 0.4271210 -0.0190410 0.3449547 0.4040742 0.1329474 0.2465063 0.0961193 0.4806590 0.1554646 0.1831409 0.1819289 0.3680844 0.2668902 0.0317313 0.2505033 0.0088051 0.2115568 0.2039539 0.2706204 0.2029812 0.2047379 0.1911892 0.0681236 0.2921487 0.2763447 0.1328772 0.3035656 0.0946513 -0.1433972 0.1413136 0.0479769 -0.0991662 0.0844871 0.1597962 -0.0251080 -0.0173144 -0.0590074 0.2222665 0.3221413 0.2394626 0.0961249 0.0820791 0.1250072 0.3027301 0.1004491 0.1336182 -0.0040769 0.2700449 0.1403207 0.0923209 0.0300744 -0.0363020 0.1895121 0.0959759 0.0883395 0.1788133 0.0487087 0.3219021 0.0109653 0.3290791 0.4763737 -0.1431032 0.0639942 0.1061934 0.1540857 0.2749501 0.0818995 0.2539298 0.3540025 0.3182748 0.2748324 0.1305556 0.3202578 0.3052407 0.1023907 0.3564887 0.0831249 0.1214675 0.4069098 0.3958709 0.2034343 0.4157934 0.1244170 0.1476769 0.0137287 0.2925722 0.5060342 0.2469771 -0.1816451 -0.0355224 -0.1295602 0.3123645 0.0467634 0.2012553 0.0303027 0.2709637 0.0648117 0.1378502 -0.0245457 -0.0028934 0.1812122 0.3542293 -0.1342431 0.2065984 0.2176722 0.5380791 0.2457752 0.3526824 0.3076688 0.1227736 0.2870365 0.2529441 0.3093746 0.2716959 0.2808961 0.0500242 0.1261184 0.2956552 0.2998473 0.1962938 0.1540195 0.7201952 0.4378336 0.5325887 0.4981159 0.0095385 -0.2519382 -0.0637425 -0.0023242 -0.0462519 0.2847827 0.3643744 0.3781594 0.6466160 -0.0720680 0.5606732 0.0200599 -0.0142103 0.2177863 0.2335242 0.0144325 -0.2394503 -0.0345977 0.1089711 -0.1461960 -0.1155273 -0.1962885 -0.3581201 0.0553201 0.0855962 0.1918079 0.3682121 0.0029635 0.5004050 0.6517132 0.2909600 0.0592033 0.1248878 -0.1372126 0.1399791 -0.3223311 0.3690655 0.1416658 -0.1469729 0.2198103 0.2171690 0.4893116
0.8859181 0.0000000 0.7917773 0.6495574 0.5220100 0.7182628 0.6283474 0.4144172 0.3887066 0.3820723 0.4899806 0.4849184 0.2697090 0.1237228 0.0834159 0.3197549 0.4018949 -0.0372844 0.2538472 0.2680587 0.2593431 0.4110727 0.2112215 0.0369848 0.5993120 0.2791759 0.3865110 -0.1244000 0.2625887 0.2406814 -0.0392711 0.4504012 -0.2169291 0.1307319 0.2611240 0.1762431 0.2689209 0.3704802 0.1933791 -0.0423218 0.2811019 0.1868690 0.3856821 -0.2197737 0.1363710 0.1737023 0.3754695 0.4115655 -0.0459128 0.2837495 0.2248382 0.2689472 0.2125648 0.0815615 0.2389901 0.1434156 0.2027997 -0.0531306 0.5975469 0.1159007 0.4888957 0.0754532 0.1380557 0.2003508 0.3013322 0.1205654 0.0540661 0.0894137 0.1213878 0.1561454 0.2282904 0.3755184 0.1379561 0.1961275 0.1888881 0.2892321 0.1911271 0.3453475 0.1263448 0.0561288 0.2290883 -0.0058282 -0.0507420 0.1427363 0.1720879 -0.0445388 -0.0257966 0.0962723 0.2635287 0.2943593 0.2022446 0.0492509 0.1339329 0.1527901 0.3775005 0.1499378 0.1223865 0.0528989 0.3180158 0.0180509 0.0802096 -0.0757053 -0.0330901 0.1373587 -0.0058096 0.1605619 0.1189393 0.0877766 0.1830682 -0.1189983 0.1971544 0.3660681 -0.1095113 0.1322707 0.2076906 0.3412770 0.3861947 0.1864832 0.4613819 0.3419853 0.3798122 0.4191735 0.2320633 0.4669962 0.2611311 0.1325701 0.4758725 0.0982853 0.1248108 0.4679701 0.4574431 0.2528608 0.5001397 0.1514311 0.1751517 0.0341103 0.2798055 0.4316062 0.1905792 -0.2425174 0.0654893 -0.1693526 0.3574155 -0.0991234 0.1960860 0.0088982 0.2232057 0.0806804 0.2272742 -0.0452833 0.0361571 0.0728369 0.2474383 -0.0000211 0.2352168 0.2189617 0.2999541 0.2916204 0.3962065 0.0709865 0.1124885 0.1007153 0.3807644 -0.0408335 0.1629810 0.3291049 0.1142761 0.2230140 0.1383101 0.0052907 0.2048068 0.1126960 0.6177238 0.2654048 0.4499594 0.4626601 -0.0292478 -0.3950364 -0.0138017 -0.2115992 -0.1967085 0.1159550 0.2536818 0.2729430 0.5896554 0.3010400 0.4944381 -0.1332197 0.2459180 0.3948234 0.2016307 0.2707019 -0.3201149 -0.1169178 0.0947768 -0.1945146 -0.2364515 -0.3145310 -0.3413527 0.0314902 -0.0279679 0.1762012 0.2684589 -0.1910876 0.1982662 0.5471037 0.1153968 -0.1382085 0.0102202 -0.1561044 0.0527158 -0.4137490 0.1667599 0.0922246 -0.0100097 -0.0159414 0.1407479 0.3247957
0.7821459 0.7917773 0.0000000 0.6320972 0.7309000 0.7179908 0.3886767 0.5462745 0.2499107 0.0984209 0.6188748 0.2281062 0.5096879 -0.1014806 -0.0947256 0.4783268 0.4778709 -0.2131972 0.4474066 0.5993680 0.0285530 0.6296040 0.2589968 -0.1934608 0.7157430 0.5029106 0.3512429 -0.3325522 0.0554860 0.1732706 0.4417192 0.7494328 -0.4019673 -0.1656112 0.3305961 0.2239872 0.5781590 0.7245761 0.3055680 0.0750432 0.6936375 0.3307105 0.4354151 -0.2848604 -0.0399967 0.4973088 0.5423238 0.8231948 -0.1115007 0.5185163 0.3568824 0.3879307 0.0283541 0.3206078 0.6741890 0.5901984 0.6144476 0.2040424 0.6832876 0.4353275 0.4870847 0.3852568 0.4886795 0.3553884 0.3051798 0.5596347 0.3797435 0.3856064 0.5465825 0.4188157 0.6076810 0.5578264 0.4584582 0.4185433 0.6033681 0.4964404 0.4260604 0.5956696 0.3924570 0.0125889 0.4689743 0.1395077 0.2984181 0.4656713 0.4691916 0.2210630 0.0417287 0.2335405 0.4659803 0.4901791 0.3267390 0.1800789 0.4057398 0.3660123 0.5642734 0.2623157 0.3130982 0.3871765 0.5772983 0.2924976 0.4208298 0.2231192 0.2288510 0.3883949 0.3005218 0.4276336 0.4375395 0.3885215 0.5111127 0.1479953 0.5163728 0.5201199 -0.0377724 0.2361935 0.2947829 0.4488857 0.5957922 0.4968642 0.5078358 0.5618848 0.6523727 0.5238191 0.2411361 0.5778037 0.4669523 0.2597811 0.6148409 0.3306186 0.2161599 0.6502522 0.6687578 0.5497111 0.6107046 0.1954938 0.5069027 0.3567467 0.5852310 0.6260402 0.5421843 -0.4156621 0.3387672 -0.3568075 0.7037615 0.1422590 0.3947527 0.0170182 0.5795597 0.3782868 0.5385874 0.0355671 -0.0443689 0.3279106 0.4801962 0.2446892 0.4922687 0.3915756 0.3628229 0.5527640 0.5323976 0.1399314 0.3753779 0.3487360 0.3002719 0.1030849 0.4487536 0.5719611 0.3556420 0.4612998 0.3691504 0.2451057 0.4853558 0.3296302 0.7489732 0.2925987 0.3136661 0.3317598 -0.1466584 -0.3932747 -0.0921091 -0.0824053 -0.2504031 0.3400485 0.5894223 0.5510316 0.8091321 0.2695158 0.6954328 -0.0567496 0.2924811 0.4162238 0.2398892 0.0825743 -0.3992355 -0.2321009 0.0539366 -0.3412489 -0.3316607 -0.4069777 -0.0785136 0.1111188 -0.2788037 -0.1836118 -0.0043386 -0.4082907 0.4394997 0.7115571 0.3410633 0.0008755 -0.2857484 -0.2844552 -0.1338625 -0.5650958 0.3942059 0.1987195 -0.0844922 0.2699412 0.0618119 0.3148269
0.4207549 0.6495574 0.6320972 0.0000000 0.3532509 0.8792991 0.6292765 0.8555035 0.6473458 0.6265869 0.8270953 0.7530126 0.7545971 0.2294899 0.2805260 0.5621301 0.5403785 -0.0461030 0.6987445 0.1035759 0.5596264 0.6556531 0.4458584 0.3172034 0.8091616 0.4987508 0.0827826 -0.1088572 0.6742294 -0.0444175 0.2276214 0.5507813 0.1100994 0.4905596 0.4350707 0.4822784 0.5899528 0.5280461 0.0674138 -0.1594733 0.0763447 0.5762289 0.5146030 -0.1020906 0.5170827 0.6669074 0.6939284 0.2930732 0.1370982 0.6939709 0.4655533 0.1589388 0.5107214 0.0044368 0.1719385 0.5449450 0.5167543 0.0649795 0.8069492 0.4099089 0.8406039 0.1902523 -0.1825769 0.3115894 0.5819151 0.0782710 0.3939509 0.1100201 0.1723587 0.3935106 0.4815401 0.6894807 0.3137575 0.3945810 0.3849769 0.5447419 0.6013523 0.5687961 0.4103552 0.5202643 0.5291587 0.2210270 0.3275989 0.5335878 0.5381119 0.4135795 0.2892856 0.5113662 0.6347427 0.5997864 0.4622560 0.3787642 0.5661830 0.3339880 0.7450325 0.6181405 0.3728648 0.4907181 0.6614429 0.2116485 0.5482434 0.1497061 0.3988814 0.4233996 0.3980545 0.6810247 0.3739335 0.5257468 0.3669694 0.0828942 0.3882731 0.4371072 0.3932073 0.5913503 0.5273601 0.7069631 0.6318757 0.5148379 0.7874102 0.4821884 0.6599018 0.7543873 0.3633653 0.8603006 0.5242375 0.2508288 0.8279467 0.2657257 0.3142702 0.8186697 0.7665470 0.5339762 0.8096357 0.2593897 0.4095924 0.4347817 0.5809876 0.4151698 0.4601063 -0.3883008 0.3612121 -0.3375589 0.4185869 -0.1551254 0.2358517 0.2719148 0.3892238 0.2616762 0.4381126 0.0884368 -0.0189152 0.0464881 0.1526275 0.4631105 0.3959284 0.4351551 -0.0590429 0.4401518 0.4649939 -0.1902324 0.3841457 0.1187876 0.5955775 -0.3297617 0.2906687 0.5074548 0.4997436 0.5281709 0.2831383 0.0073164 0.4766334 0.3174565 0.4313513 0.1363112 0.2704597 0.3611107 0.0983444 -0.2280881 0.1315801 -0.1962569 -0.1082180 0.1455495 0.3708576 0.3399926 0.4879774 0.5850114 0.2279205 -0.5028730 0.5590661 0.8725195 0.2182782 0.7044492 -0.1510407 -0.0342510 0.1338077 -0.0989570 -0.1360736 -0.2843800 -0.1472632 0.1699556 -0.3907764 -0.3557929 -0.0051882 -0.4363916 -0.2440163 0.4514527 -0.1120858 -0.4002049 -0.3527692 -0.4898568 -0.0755733 -0.4827173 -0.2285605 0.0073021 0.0716330 -0.0139385 -0.1473503 -0.1317765
0.6859569 0.5220100 0.7309000 0.3532509 0.0000000 0.5536359 0.2245049 0.3118708 0.2585139 -0.0029818 0.5297835 0.1229115 0.2929835 0.0109857 0.0752663 0.4710450 0.4259766 -0.0937263 0.3844894 0.7947075 -0.1274583 0.3295321 0.4126400 -0.1422183 0.6007726 0.6040996 0.3881882 0.0434245 0.0374349 0.2048435 0.4460619 0.6180518 -0.1132597 -0.1387186 0.4873511 0.1320613 0.5126066 0.5519747 0.2986512 0.3275592 0.5370981 0.1030470 0.4965997 0.1363373 -0.1821608 0.4110987 0.4194965 0.6009690 0.2545548 0.3727557 0.3495535 0.3391381 0.0962089 0.4903613 0.6368616 0.4923158 0.5220935 0.4299752 0.4388176 0.2691893 0.1227364 0.3402864 0.5954037 0.4964911 0.1451724 0.5704790 0.1117651 0.3606794 0.5863786 0.5565896 0.3824141 0.2746215 0.3100764 0.1963661 0.6399914 0.4520489 0.4917650 0.3778795 0.2627532 0.0260040 0.3571958 0.2949958 0.2337604 0.3328481 0.3396653 0.2563007 -0.0530590 0.0894267 0.3388337 0.4374524 0.1735384 0.1659030 0.2497852 0.4381540 0.3558368 0.2795364 0.2125916 0.2317903 0.3446784 0.4965166 0.4436229 0.3964155 0.3336120 0.4747656 0.2810209 0.3507164 0.4443181 0.3333805 0.5019257 0.2738869 0.6220027 0.6071442 -0.0179812 0.1138722 0.0456646 0.0751463 0.2370603 0.2424141 0.1435070 0.3257204 0.3339295 0.1619479 0.0478081 0.2627107 0.3558751 0.0293993 0.2781503 0.1446009 0.0843023 0.4727486 0.4435304 0.3895041 0.4068543 0.2775978 0.2975614 0.2236132 0.4668456 0.5536903 0.4887668 -0.2816583 0.0961909 -0.2572626 0.6017314 0.1380732 0.1986235 0.1314971 0.4444551 0.2104105 0.3061942 -0.0195262 -0.1589335 0.2496422 0.4342126 0.0271030 0.2298494 0.2242164 0.4823757 0.2728052 0.3986889 0.1366005 0.1906055 0.3666149 0.1187678 0.4410390 0.3463329 0.3018729 0.3050751 0.3935369 0.4909448 0.4005924 0.3439180 0.2837429 0.5749204 0.1265284 0.1440654 0.3407441 -0.0786765 -0.1939190 -0.0976489 0.1746059 0.1797714 0.5255943 0.5027086 0.5152384 0.7279566 -0.2370457 0.6800225 0.1299689 -0.0283201 0.2952693 0.1367823 -0.0170887 -0.3038920 -0.0807472 -0.0151959 -0.2052282 -0.2558316 -0.3317495 -0.1217445 -0.0278780 -0.1868683 -0.1859908 0.1735860 -0.1397169 0.5509093 0.6640753 0.4308031 0.1357737 -0.1540314 -0.3121539 0.1425385 -0.3196881 0.3782568 0.1876196 -0.1763189 0.4237369 0.1135504 0.2249951
0.6371819 0.7182628 0.7179908 0.8792991 0.5536359 0.0000000 0.5732173 0.7089670 0.5313283 0.4183210 0.7789882 0.6631412 0.6250559 0.1102169 0.1832590 0.6393210 0.5493237 -0.0136009 0.5746759 0.2867990 0.3477428 0.5905715 0.5606328 0.1397938 0.8278514 0.6121416 0.2713418 -0.0629728 0.5059866 0.0476809 0.3053479 0.5441056 -0.0300061 0.2941932 0.5787351 0.2492194 0.5551094 0.4000539 0.0423776 -0.0423972 0.1090951 0.4143783 0.5998963 -0.0224472 0.2898984 0.5296110 0.6732479 0.3178032 0.1491600 0.5278511 0.5787357 0.2345783 0.3609292 0.1954774 0.2286213 0.4144499 0.4281317 0.1225107 0.6414716 0.3917042 0.5503057 0.2373177 -0.0033137 0.3738086 0.3789558 0.1124812 0.3054527 0.1330558 0.1437096 0.3974681 0.4367775 0.4550873 0.3028084 0.2481939 0.4386329 0.4799867 0.4345122 0.4942605 0.2758261 0.2833376 0.3713914 0.2350347 0.1433561 0.3441169 0.3706307 0.2499218 0.3445398 0.2907032 0.4995100 0.5098922 0.5664228 0.3385866 0.4236283 0.2190277 0.6718664 0.4838981 0.2491934 0.2919514 0.5924403 0.2004801 0.4492711 0.0224294 0.2385349 0.3246283 0.3176115 0.5369851 0.2634986 0.3565063 0.3280793 -0.0047748 0.3857133 0.4427570 0.3064283 0.4941990 0.5132926 0.5869362 0.5695629 0.3849759 0.6802415 0.5279301 0.6345306 0.6929038 0.1673429 0.7884503 0.5855223 0.2087337 0.7471589 0.1466428 0.3109747 0.7831844 0.7308899 0.4198325 0.7327763 0.2563169 0.2915822 0.3855270 0.6174543 0.4738989 0.4814372 -0.2242024 0.2894291 -0.1923219 0.3632901 -0.0482655 0.2554411 0.1654243 0.3822209 0.2584273 0.3053906 0.1156754 0.1253789 0.1358349 0.2289581 0.3329454 0.3656584 0.3832191 0.1493841 0.3515989 0.3057671 0.1560045 0.2981927 0.2014932 0.4277223 0.0297038 0.2799228 0.4411528 0.4521156 0.4017198 0.3902534 0.2131672 0.3843783 0.2757658 0.5313368 0.3214277 0.4904479 0.4249245 0.1031385 -0.1745700 -0.0409595 -0.2255632 -0.0444559 0.1156093 0.3196352 0.2791927 0.4729279 0.2491383 0.2567976 -0.3213952 0.2877667 0.6700388 0.2327702 0.4809383 -0.0934775 0.0687583 0.1913389 -0.0119378 0.0121865 -0.1461576 -0.2521307 0.1560876 -0.2481260 -0.2346851 0.2055702 -0.1961768 -0.0193728 0.5526594 0.0078735 -0.3681851 -0.1281094 -0.4243005 0.0136875 -0.3056738 -0.0063887 -0.0090972 0.0054786 0.1266755 0.1317757 0.0958545
0.5242591 0.6283474 0.3886767 0.6292765 0.2245049 0.5732173 0.0000000 0.6159232 0.5809729 0.7090598 0.6665595 0.6688220 0.5255195 0.3006360 0.2988007 0.5655966 0.2336864 0.0054657 0.4492060 -0.0028665 0.3172909 0.5228014 0.4533735 0.3311582 0.5506705 0.4762214 0.0248956 -0.0711077 0.5253227 -0.0796277 0.0288636 0.4248627 0.1430276 0.4027957 0.4655581 0.4191128 0.4147150 0.2909045 0.1155811 0.0105234 -0.1174766 0.5621720 0.4237838 0.1335110 0.4145827 0.4058885 0.5614239 0.0751739 0.3152327 0.5476690 0.5946476 0.1373593 0.4089546 0.2238365 0.0414994 0.2534957 0.2758514 0.2405058 0.7211071 0.4030975 0.6259882 0.3880153 -0.1669499 0.3661159 0.4058516 0.0055652 0.3585360 0.3203649 0.0506328 0.4302659 0.2898404 0.3949198 0.3736132 0.2991226 0.2859371 0.5463089 0.4516709 0.3953233 0.3931625 0.2657334 0.3999346 0.3718825 0.2549430 0.3435131 0.2789087 0.3869077 0.3872131 0.3911224 0.5019789 0.4934032 0.2181936 0.4031651 0.4219813 0.4364292 0.5472101 0.5749801 0.4123040 0.3626869 0.5513394 0.4177906 0.3832021 0.3107281 0.4372112 0.3309714 0.4145210 0.4495240 0.4696376 0.4834154 0.3792052 0.3080927 0.4711307 0.4930485 0.3870599 0.5347668 0.2626639 0.4958682 0.4204213 0.2928529 0.5676582 0.3815260 0.4631926 0.5823466 0.5473033 0.5464034 0.4545444 0.2047833 0.6297484 0.3074961 0.2335134 0.6587845 0.5598094 0.4039032 0.6351530 0.2834274 0.2919914 0.2511860 0.4295629 0.5045449 0.3371248 -0.4180662 0.1676361 -0.4250320 0.2070732 0.0410624 0.3761115 0.4816520 0.3974202 0.1939767 0.2523878 -0.0396568 -0.1174585 0.2254360 0.4541486 0.2791535 0.4170956 0.2871892 0.2910671 0.4729382 0.5086453 -0.2447930 0.4903086 0.2655864 0.7425726 -0.1724101 0.4267253 0.5205083 0.4120405 0.4483767 0.2482874 0.1019329 0.4973014 0.4582675 0.5075817 0.2108017 0.1294726 0.3268271 0.1835178 -0.1000896 0.1632056 0.0907099 0.1567915 0.3515885 0.4404243 0.3517976 0.5145003 0.2985641 0.1481523 -0.3929105 0.3532877 0.5441016 0.1945056 0.4991396 -0.0946796 -0.0125326 0.0063511 -0.1169912 -0.0321845 -0.3019981 -0.3736113 0.1666645 -0.3440894 -0.2712073 0.1131024 -0.1888839 -0.1652009 0.5417527 0.0264868 -0.5146757 -0.2774907 -0.6465822 0.0712149 -0.4249330 -0.1048772 -0.3648300 -0.4438961 -0.3146333 -0.2942165 -0.2255163
0.2773245 0.4144172 0.5462745 0.8555035 0.3118708 0.7089670 0.6159232 0.0000000 0.5216708 0.4599652 0.8679392 0.5361656 0.9240061 0.1004237 0.1770030 0.7441650 0.3132153 -0.1047089 0.8126739 0.0540445 0.3058163 0.7973887 0.4819705 0.3296936 0.7715068 0.6011234 -0.1480548 -0.2164857 0.5935558 -0.2819662 0.5013139 0.6374817 0.1882085 0.4385958 0.3759047 0.6093097 0.6935295 0.6709811 0.1009758 -0.0788749 0.1485431 0.8213531 0.4735675 0.0347916 0.5919947 0.8344567 0.7381981 0.3807168 0.3058053 0.8533555 0.6186348 0.1127997 0.5053606 0.2187225 0.3087098 0.7452580 0.6941514 0.3964485 0.8484179 0.6654071 0.8582572 0.4932843 -0.1137520 0.4945724 0.6924743 0.2777776 0.7097022 0.4607040 0.2845299 0.6198250 0.6959050 0.8366092 0.6669005 0.6198290 0.5245558 0.8103595 0.7492104 0.7536443 0.7280569 0.4407552 0.7579922 0.4020839 0.6232095 0.7594029 0.7293137 0.6901501 0.4371729 0.7926258 0.7931570 0.7060854 0.3885074 0.5700885 0.7635231 0.6152595 0.8065862 0.7519944 0.6407102 0.7465789 0.7716732 0.4958527 0.7300251 0.4413744 0.6359739 0.5888469 0.7077456 0.8095817 0.6351410 0.7091899 0.5707712 0.3265714 0.5287320 0.4996728 0.3898098 0.6052967 0.5635273 0.7015301 0.7127464 0.6893155 0.8035633 0.6028698 0.8213048 0.8096017 0.5767187 0.8715024 0.7064877 0.4034386 0.9449324 0.5650167 0.3733859 0.9471510 0.8992647 0.8228424 0.9100067 0.3887982 0.6873710 0.7450250 0.8356740 0.5845904 0.6924513 -0.6398565 0.6000413 -0.5255851 0.4942623 0.2151767 0.5876034 0.5075471 0.6998161 0.5555441 0.6248230 0.1053300 -0.1879437 0.4252584 0.4529372 0.7023390 0.6584270 0.5595022 -0.0418564 0.7066730 0.6219211 -0.2893889 0.6790876 0.3806114 0.7086357 -0.3267653 0.6373757 0.7532867 0.6707848 0.6709480 0.4121240 0.1587433 0.6850594 0.5939394 0.5044391 0.0791766 0.0086414 0.0613195 -0.0870899 -0.3027745 0.0443556 -0.0832599 -0.1306769 0.3671527 0.6367500 0.5425632 0.5344434 0.5548549 0.1207832 -0.6331889 0.5072940 0.7529315 0.2072301 0.5430661 -0.2709558 -0.1987632 0.0567581 -0.2583404 -0.1985963 -0.4458222 -0.0042796 0.2986813 -0.7041648 -0.5437441 -0.3219198 -0.6140142 -0.2105793 0.5779664 0.0553563 -0.4285397 -0.6822444 -0.6336159 -0.2948930 -0.6844139 -0.2791765 -0.1446825 -0.2920481 -0.1509954 -0.4643271 -0.3818824
0.2715967 0.3887066 0.2499107 0.6473458 0.2585139 0.5313283 0.5809729 0.5216708 0.0000000 0.7380997 0.5200327 0.8625833 0.4181879 0.4388460 0.8783865 0.3041003 0.2794936 0.4160665 0.4641037 0.1483624 0.6267765 0.2543312 0.4823744 0.6640607 0.4509654 0.3835146 -0.0283370 0.4615626 0.8300276 0.0182819 0.0339689 0.2401712 0.5518667 0.7003507 0.5111504 0.3965408 0.4944279 0.2073551 0.1508637 0.1464589 -0.2544136 0.4261654 0.4018904 0.3607156 0.5687568 0.4735973 0.5268094 -0.0917085 0.4655507 0.3812689 0.3608238 0.0825019 0.6478308 0.1177048 -0.0684995 0.3100408 0.3390342 0.1539091 0.5894511 0.2926248 0.5313550 0.1780351 -0.4403111 0.3405020 0.3304994 -0.1732917 0.1581931 0.0400694 -0.0396290 0.3430859 0.0767154 0.2813220 0.0900876 0.1061734 0.2193679 0.3687620 0.6054181 0.3187368 0.3495761 0.6491295 0.4056856 0.4745182 0.2589438 0.3483655 0.4210333 0.4411624 0.0321038 0.3544036 0.4490289 0.5149752 0.2077704 0.2951569 0.3533324 0.1884933 0.3853255 0.4904732 0.3975270 0.3043065 0.3336850 0.2917936 0.4409708 0.3137504 0.4284052 0.3115934 0.4078897 0.3948500 0.3009321 0.3644826 0.2850770 0.1416591 0.4393785 0.3118359 0.3989235 0.3776991 -0.1011071 0.2263616 0.0181795 0.0698310 0.2097351 -0.0402465 0.1420297 0.1860791 0.3832980 0.2786324 0.1728138 -0.1063548 0.4711047 0.2787998 0.0277383 0.4725923 0.4001875 0.3819617 0.6288895 0.1211774 0.3024394 0.3070131 0.2740064 0.1478463 0.3064161 -0.1541657 0.2276669 -0.2325893 0.3089095 -0.3265526 -0.0473403 0.6328278 0.1756109 0.1678011 0.3323871 0.2057516 -0.0765686 -0.1827760 0.0304194 0.3718447 0.2991524 0.3623502 0.0911610 0.2048211 0.3006553 -0.2340825 0.3789597 0.0472003 0.6280115 -0.0746681 0.2411607 0.3783170 0.5805527 0.5217587 0.2841245 0.1052941 0.4379287 0.3205211 0.1840299 0.1260572 0.1019853 0.3466034 0.2082558 0.1549980 0.2737245 0.1431221 0.3914960 0.2124619 0.1435408 0.2139522 0.2571121 0.2274538 0.0823498 -0.3894859 0.3962737 0.7937425 -0.1341347 0.7516411 0.0799641 0.0607004 -0.1588523 -0.0095302 -0.0151771 -0.1709028 -0.0744519 -0.0692488 -0.1870476 -0.2310456 0.2468982 -0.0682780 -0.1543963 0.2657521 -0.1538151 -0.1733421 -0.2005215 -0.5520467 0.2673583 -0.1452249 -0.2397980 0.1134568 0.0394298 0.0667742 -0.2974295 -0.1490072
0.0890511 0.3820723 0.0984209 0.6265869 -0.0029818 0.4183210 0.7090598 0.4599652 0.7380997 0.0000000 0.3886651 0.8256882 0.3220000 0.6408478 0.5667202 0.1156733 0.0505066 0.2713957 0.3550945 -0.1819385 0.6700673 0.1646604 0.1216697 0.7161970 0.3691218 0.1228594 -0.2934354 0.2834906 0.7908982 -0.0258641 -0.2293469 0.1979629 0.4777623 0.7360571 0.1822305 0.4078827 0.2353899 0.0759363 -0.1922028 -0.2898788 -0.3549925 0.3751314 0.0887782 0.1794351 0.6336777 0.3246238 0.3473616 -0.1813179 0.3002293 0.3721673 0.2466138 -0.2549062 0.6582592 -0.3019875 -0.2446300 0.1473154 0.0980958 -0.1024025 0.4883272 0.0827658 0.6298891 -0.0382257 -0.4881461 0.0159713 0.4105575 -0.3094788 0.0944835 -0.1815175 -0.0970482 0.0495710 -0.0458913 0.2422841 -0.0857502 0.0404454 -0.0009268 0.1924353 0.3824334 0.0296870 0.1124791 0.6532882 0.2020045 0.4304035 0.2728503 0.3186208 0.2346831 0.3179095 0.1841932 0.3894998 0.4206487 0.3855046 0.2355931 0.2872485 0.3590819 0.2751605 0.4422845 0.5368827 0.2763738 0.3009346 0.3780230 0.2811782 0.3692238 0.1576560 0.3888318 0.3066320 0.1772513 0.4160552 0.2302010 0.3877013 0.1219240 0.1632466 0.2763375 0.2416965 0.4459456 0.4647859 0.1316314 0.4343821 0.1788442 0.1590717 0.4381115 0.0411973 0.1603607 0.3531743 0.4438472 0.3740849 0.0976082 0.0733176 0.4229369 0.2272297 0.1681960 0.3846353 0.2953988 0.2224126 0.5061435 0.2013026 0.1285072 0.1290557 0.1135351 0.1346849 0.1109334 -0.0889751 0.1267707 -0.1322688 0.1813647 -0.3767258 -0.0183967 0.3444578 0.0416369 -0.0040575 0.2056369 0.0281227 0.0777145 -0.2042532 0.0379816 0.3220677 0.1584319 0.0524763 -0.0500928 0.1750685 0.2512613 -0.3944351 0.2434018 -0.0502439 0.5396644 -0.3318831 0.0326452 0.2597477 0.4175425 0.4175690 0.0385004 -0.2135337 0.2971154 0.1712649 0.1672457 -0.0151533 -0.0178136 0.3370584 0.3610723 0.1363583 0.3457200 0.0800634 0.3579093 0.1084108 0.0365799 0.0355453 0.1655695 0.4651866 0.0394760 -0.2749927 0.5476371 0.6545123 0.0433310 0.8162630 0.0947396 0.1553866 0.0417244 0.1260459 0.0149922 -0.1813080 -0.1129033 0.0479301 -0.2885787 -0.2568179 0.1860271 -0.1033569 -0.4336461 0.2132323 -0.1089433 -0.5068886 -0.2440271 -0.4471018 0.2219350 -0.1037262 -0.2730454 -0.1407468 -0.0293192 -0.3669358 -0.2645695 -0.4463180
0.4743051 0.4899806 0.6188748 0.8270953 0.5297835 0.7789882 0.6665595 0.8679392 0.5200327 0.3886651 0.0000000 0.5232207 0.8597953 0.0250553 0.1817709 0.8462468 0.6331559 -0.2802693 0.7793990 0.3625003 0.2195824 0.7920639 0.6860069 0.0839585 0.8714988 0.8267182 0.2293268 -0.2080797 0.4587287 -0.0956440 0.5044057 0.7278173 0.0385861 0.2375480 0.6982324 0.4724386 0.7974894 0.6955101 0.3393813 0.1479556 0.2315966 0.6390290 0.7652828 0.0502873 0.2948273 0.8168936 0.8617979 0.4303291 0.2862408 0.8245768 0.7108646 0.4421636 0.3261415 0.3773861 0.4307972 0.7139689 0.7317268 0.4214001 0.8465506 0.6135335 0.6742714 0.5113926 0.1037368 0.5461931 0.4644563 0.3875128 0.5276071 0.4621503 0.4209901 0.7631178 0.6671957 0.6579110 0.5816891 0.4162211 0.6819288 0.7652475 0.7127536 0.6997434 0.5729498 0.3118504 0.6131801 0.3434653 0.4830455 0.6699766 0.6838322 0.6627817 0.4206587 0.5137513 0.7478728 0.7681312 0.4131476 0.5309050 0.7066376 0.5443162 0.7842587 0.7496960 0.4807869 0.6464784 0.7491992 0.4879859 0.7379609 0.5084828 0.6623100 0.6438276 0.6505589 0.8120100 0.6804643 0.7292993 0.6548100 0.4303989 0.6702717 0.6917994 0.4568181 0.6734963 0.5052321 0.5992893 0.6463312 0.6015281 0.6927577 0.5822228 0.7337607 0.7328814 0.3681670 0.8269990 0.7008083 0.2956761 0.8101393 0.3323782 0.3269084 0.9227685 0.8423421 0.6341462 0.8125449 0.2982882 0.4939713 0.5101716 0.7392665 0.6290756 0.6579004 -0.5906581 0.3445537 -0.5561629 0.3889359 0.0892626 0.4227688 0.4274891 0.6213430 0.3511341 0.4562548 0.0333822 -0.2446576 0.2468103 0.3730601 0.4573744 0.4690414 0.4700688 0.1332974 0.5566475 0.5568445 -0.2133770 0.5260164 0.3856884 0.6162130 -0.1648010 0.5318809 0.5858645 0.5449038 0.6104658 0.4395127 0.2757804 0.6390555 0.4911437 0.5435522 0.2186876 0.1612306 0.2854189 0.0269031 -0.2039237 0.0710008 0.0322534 -0.0027667 0.4543063 0.6495360 0.5910199 0.6557646 0.2683822 0.2761764 -0.5431768 0.2995573 0.7623820 0.2366048 0.4424115 -0.2073414 -0.0802085 0.0292636 -0.2005217 -0.1376339 -0.3462751 -0.2329560 0.2513117 -0.5114658 -0.5621479 -0.0823363 -0.4346049 0.0108358 0.6260498 0.0255611 -0.3381539 -0.4752459 -0.6871146 -0.0675309 -0.6025437 -0.0869938 -0.0603048 -0.2901752 0.1176828 -0.2825729 -0.1430822
0.2969001 0.4849184 0.2281062 0.7530126 0.1229115 0.6631412 0.6688220 0.5361656 0.8625833 0.8256882 0.5232207 0.0000000 0.4159940 0.5222775 0.6892913 0.2892492 0.3157316 0.3827410 0.4395285 -0.0484921 0.8292450 0.2313747 0.3320476 0.6386906 0.4759447 0.2700389 -0.0543555 0.3414859 0.8648382 0.0979583 -0.1486114 0.1592458 0.4324240 0.7248977 0.3746378 0.4478721 0.3234902 0.0571339 -0.0957199 -0.0919464 -0.3774173 0.4227540 0.2716757 0.1739080 0.5901564 0.3078944 0.4376234 -0.2039235 0.3148884 0.3254508 0.3141977 -0.0941752 0.6433739 -0.0742856 -0.2536051 0.1124292 0.1138268 -0.0674058 0.5442293 0.1263591 0.6001125 -0.0209128 -0.5354465 0.1907186 0.3512831 -0.3532644 0.0513392 -0.1915181 -0.2006362 0.1085281 -0.0231389 0.2788510 -0.0479768 0.0819178 0.0622448 0.1992112 0.4544165 0.1866203 0.1445524 0.7050541 0.2713928 0.3725442 0.0906584 0.1900668 0.1870416 0.2198514 0.1182592 0.2753966 0.3289030 0.3213475 0.3184073 0.2698328 0.2776822 0.0934233 0.4346228 0.4639304 0.2648691 0.1758504 0.2966775 0.1309928 0.2855606 0.0143109 0.2224615 0.1349415 0.2398790 0.3613767 0.1476756 0.2465831 0.1691567 -0.0286401 0.2528688 0.2422549 0.4237884 0.4211492 0.1300316 0.4045551 0.1798296 0.0815354 0.4034518 0.1187615 0.2156424 0.3732782 0.3472305 0.4748390 0.1876296 0.1221818 0.5390413 0.1770029 0.1871974 0.4846465 0.3761504 0.2398204 0.5960121 0.1021003 0.1168012 0.2187545 0.2039596 0.1699545 0.1411820 0.0136129 0.0606263 0.0367365 0.1956967 -0.3328274 -0.1147044 0.4454689 0.0258241 -0.0159037 0.1607424 0.2803634 0.2541460 -0.2133721 0.0080333 0.2729297 0.1452483 0.3304840 0.1256095 0.0955099 0.3165498 -0.0547949 0.2327795 0.0918969 0.5784649 -0.0792815 0.1047304 0.2586131 0.4169681 0.3520650 0.2440872 0.0845203 0.2985141 0.2405766 0.1715953 0.1416163 0.2819531 0.4915466 0.4363266 0.1401962 0.4562606 0.0667766 0.2996436 0.0909777 0.0660668 0.0926946 0.2199133 0.4031084 0.0700123 -0.2953793 0.5300830 0.8213882 0.1515890 0.8888473 0.1610935 0.2044736 0.1483855 0.2201215 0.1244580 -0.0342835 -0.0355231 0.1597281 -0.0828713 -0.1849338 0.3025434 -0.0181494 -0.3247286 0.2531807 -0.1209388 -0.3587976 -0.0503592 -0.4555159 0.2090147 -0.0774756 -0.3231017 -0.0245988 0.1990911 -0.1012663 -0.1391125 -0.1345610
0.1698350 0.2697090 0.5096879 0.7545971 0.2929835 0.6250559 0.5255195 0.9240061 0.4181879 0.3220000 0.8597953 0.4159940 0.0000000 -0.0234472 0.1407903 0.7893277 0.4313878 -0.1529929 0.8305484 0.1929900 0.2505075 0.8719884 0.5308144 0.1834507 0.7400749 0.6542264 -0.0994972 -0.3482552 0.4924983 -0.3625485 0.5871425 0.6575006 0.1294677 0.3087981 0.4448413 0.6464295 0.7354993 0.7132209 0.1217797 -0.0130254 0.2564765 0.8427192 0.5387579 0.0455234 0.4860457 0.8553139 0.7422330 0.4298193 0.3247539 0.8687259 0.6636922 0.2416969 0.4238054 0.3727574 0.3573585 0.7984155 0.7689146 0.5286704 0.7889135 0.7803909 0.7919938 0.6683929 -0.0206446 0.6123133 0.6841082 0.4456671 0.8194709 0.5800026 0.4052811 0.7280897 0.8317804 0.7914410 0.7776367 0.6852674 0.6935549 0.8426741 0.7849057 0.8379750 0.7724632 0.3348994 0.7833796 0.4499690 0.7126688 0.7738257 0.7238255 0.7507937 0.4769901 0.7516536 0.7368022 0.6190687 0.2790010 0.5201035 0.8105730 0.6780162 0.7870562 0.7176945 0.6113925 0.8157891 0.7472466 0.5151102 0.7598167 0.5696312 0.7235117 0.5340152 0.7404497 0.8455935 0.7643800 0.8015489 0.6308749 0.4382819 0.5892993 0.5056565 0.4207675 0.6281496 0.4959693 0.6814938 0.7482476 0.8150566 0.7472166 0.6281197 0.8734825 0.7977489 0.5012064 0.8360538 0.7126295 0.4324613 0.9105785 0.5559222 0.3536777 0.9455261 0.8952921 0.8393975 0.8303064 0.1884542 0.7349515 0.7832283 0.8463928 0.6627824 0.7790539 -0.6553927 0.6398144 -0.5717199 0.5279359 0.2726162 0.6346658 0.5151953 0.7936046 0.6539441 0.7054562 0.2451252 -0.1718614 0.4126602 0.4666120 0.7662800 0.7141720 0.6055418 0.0180229 0.7760686 0.6243694 -0.3049765 0.7477637 0.4575605 0.6517740 -0.3250097 0.7082418 0.8061849 0.7569729 0.7968633 0.4595557 0.2626463 0.8241125 0.6852998 0.4082408 0.0638434 -0.1118831 -0.0645873 -0.1687097 -0.3258423 0.0830270 -0.0131508 -0.1344271 0.4232369 0.6780827 0.6054975 0.5436449 0.5108942 0.1120531 -0.6250525 0.4550525 0.7173027 0.1828556 0.4279672 -0.3075234 -0.2905766 -0.0574124 -0.3010807 -0.2306836 -0.4662741 0.0275926 0.3378782 -0.7206127 -0.7167046 -0.5022712 -0.6715050 -0.1485078 0.4825767 0.0622730 -0.3915381 -0.7165058 -0.7851460 -0.4579866 -0.7015716 -0.2057400 -0.2022028 -0.3293049 -0.0965509 -0.4835129 -0.3136249
-0.0169296 0.1237228 -0.1014806 0.2294899 0.0109857 0.1102169 0.3006360 0.1004237 0.4388460 0.6408478 0.0250553 0.5222775 -0.0234472 0.0000000 0.3937453 -0.2096164 -0.2077286 0.6236243 0.1152110 -0.2031381 0.4923449 0.0025499 -0.2522569 0.7650557 0.1499012 -0.0871939 -0.5376189 0.6533445 0.5953189 0.3735419 -0.0282134 0.1224091 0.5618930 0.6251229 -0.1010542 0.2225004 0.0375967 0.0265556 -0.1578924 -0.1213269 -0.1820086 0.0446374 -0.2405075 0.2134805 0.4966973 0.0562796 -0.0053584 -0.1915668 0.2740556 0.2442837 -0.0646150 -0.2924254 0.5976619 -0.3663564 -0.0804358 0.0090322 -0.0212738 -0.1165220 0.0276566 -0.0915446 0.2676560 -0.2819214 -0.1999584 -0.1372281 0.2679427 -0.2004302 -0.1095073 -0.4363924 0.0607350 -0.1449956 -0.2316411 0.1542572 -0.2793105 -0.1694643 -0.1414979 -0.0894473 0.1358491 -0.2074087 -0.1037424 0.4403184 0.0013599 0.4817621 0.2073933 0.2067101 0.0568057 0.1897737 0.2243752 0.2229036 0.2002487 0.1388665 0.2782292 0.4383591 0.2775187 0.1735618 0.2493037 0.4444440 0.4427409 0.2114249 0.1560715 0.2530471 0.1461705 0.0798939 0.1971704 0.1675715 0.1954070 0.1718051 0.0692488 0.1248702 0.1364360 0.0919746 0.2426501 0.0677527 0.0580713 0.0400313 -0.2218585 0.0508239 -0.0703603 -0.1410845 0.0834394 -0.2579413 -0.0956483 0.0727663 0.5264948 0.0280254 -0.3586216 -0.1922748 0.0811380 0.2742043 -0.1987475 0.0157247 -0.0882465 -0.0180061 0.1588585 -0.0367329 -0.1282757 -0.1622237 -0.2478939 -0.1324747 -0.1590449 0.0851469 -0.2072089 0.1020458 0.0753779 -0.5581163 -0.3362747 0.1370935 -0.2447778 -0.2897476 -0.0813037 -0.0027375 -0.0140616 -0.4159723 -0.1554230 -0.0179109 -0.1722615 -0.1010628 0.0824607 -0.0690750 0.1826705 -0.2226036 0.0413723 -0.1426329 0.2531995 -0.0974937 0.0120833 -0.0297362 0.1010320 0.1972293 0.2846734 -0.0629074 0.0777124 0.2495753 0.0729066 -0.2246998 -0.1773286 0.1270502 0.3380214 0.1783537 0.4163412 0.3685400 0.5638312 0.1994999 -0.0480254 0.0667429 0.0367128 0.2186980 -0.0112827 0.0135225 0.2961739 0.3317598 0.0028149 0.5389070 0.0183334 -0.0102703 -0.0759889 0.0470998 -0.1376056 -0.1814513 0.0566215 -0.1892099 0.0812051 -0.0653515 0.0731109 -0.0809689 -0.1986656 0.0634404 -0.0115759 -0.4028526 0.1131209 -0.1380419 0.0168452 0.0198509 -0.0017533 -0.1795235 0.0393163 -0.2374673 -0.2814027 -0.4849794
0.0171527 0.0834159 -0.0947256 0.2805260 0.0752663 0.1832590 0.2988007 0.1770030 0.8783865 0.5667202 0.1817709 0.6892913 0.1407903 0.3937453 0.0000000 0.0117289 0.0931302 0.5643039 0.1545348 0.1007889 0.5846559 -0.0674978 0.3175219 0.6625488 0.0776918 0.1342572 -0.0413005 0.6206036 0.7284608 0.0610006 -0.1490086 -0.0620677 0.6744436 0.6595346 0.3464032 0.3671580 0.2181716 -0.0644016 0.1470907 0.2869812 -0.3898209 0.2654476 0.2041164 0.5526550 0.4997620 0.1740126 0.1993296 -0.3256670 0.5513622 0.0482444 0.0858863 0.0051363 0.5899546 0.1456353 -0.2701799 0.0312271 0.0735558 0.1796799 0.2347259 0.0613476 0.2220994 0.0985039 -0.5332379 0.3038532 0.1647243 -0.2990574 -0.0657295 -0.0455764 -0.1888879 0.1923820 -0.1820372 -0.0162780 -0.0794415 -0.0385071 0.0343498 0.1161314 0.4291364 0.1095549 0.1946078 0.5499222 0.2432324 0.4639520 0.1310588 0.0918600 0.1751048 0.2709522 -0.1712422 0.1637366 0.0970914 0.1844382 -0.0777124 0.1072491 0.1133620 0.0128323 -0.0201002 0.2099941 0.2408539 0.0743187 -0.0685500 0.1191414 0.1781984 0.2423083 0.2769679 0.0418002 0.2153250 0.0769763 0.1316066 0.1242375 0.1276118 0.0701657 0.2189639 0.1206987 0.2415947 0.1131964 -0.4042931 -0.1201889 -0.3140506 -0.1727815 -0.1832707 -0.3255823 -0.2038411 -0.2024310 0.2525954 -0.1064136 -0.1434217 -0.1702713 0.1271289 0.1823186 -0.1929691 0.1268848 0.0207258 0.1894707 0.2958992 -0.0222152 0.0919252 0.1637428 -0.0147517 -0.0879221 0.0537973 0.0304443 0.0614650 -0.0210930 0.1091881 -0.3099433 -0.2404191 0.6826378 -0.0392719 0.0309539 0.1548183 0.3615874 0.0260999 -0.3277870 -0.1270452 0.2351331 0.0849373 0.2893399 0.1158271 -0.0508878 0.1312334 -0.1888160 0.1737470 0.0183126 0.4818596 0.0230494 0.0907391 0.1480597 0.4554912 0.3843173 0.2010854 0.1438722 0.2558834 0.2141716 -0.1800525 -0.0282041 -0.0331884 0.1619812 0.1254742 0.2151198 0.3763640 0.2378802 0.4462025 0.1499374 -0.0887431 0.0751647 -0.0390512 0.0613792 -0.1118199 -0.3014599 0.1997342 0.5462563 -0.2414344 0.5962961 0.0966988 0.0229182 -0.2542520 0.0519183 -0.0053438 -0.1098662 0.0810598 -0.0596204 -0.0226352 -0.0948557 0.2347899 0.0721728 -0.0969464 0.0091019 -0.1741435 -0.0403440 -0.0643847 -0.4121636 0.3074847 0.0477578 -0.2336466 0.2242143 0.1405361 0.0385838 -0.3236376 -0.0988463
0.4319484 0.3197549 0.4783268 0.5621301 0.4710450 0.6393210 0.5655966 0.7441650 0.3041003 0.1156733 0.8462468 0.2892492 0.7893277 -0.2096164 0.0117289 0.0000000 0.5223730 -0.2435042 0.8054745 0.3356132 -0.0354221 0.7396571 0.7814607 -0.0437814 0.7602978 0.8382436 0.1627399 -0.3222368 0.2388445 -0.4252521 0.5447795 0.5465571 -0.0130064 0.0847869 0.6666721 0.2500955 0.7091738 0.5051475 0.1043555 0.0413229 0.1201484 0.5304036 0.7291391 0.0388592 0.1248499 0.7248453 0.7915044 0.2961468 0.2962178 0.6577587 0.8621188 0.3502882 0.1701935 0.5146583 0.3106637 0.5942185 0.6486615 0.4904342 0.6753562 0.7149788 0.4319327 0.6220699 0.0990133 0.5600928 0.3272386 0.3727849 0.6447921 0.5911009 0.2403657 0.7431993 0.6553155 0.4665900 0.6805660 0.3900496 0.6242562 0.7887038 0.5840841 0.6400884 0.5560881 0.1006025 0.4854339 0.3342294 0.4238137 0.5373529 0.5924423 0.6336812 0.4953379 0.4953820 0.6986252 0.6529648 0.3255861 0.4163357 0.5678961 0.5715319 0.7302381 0.6196776 0.3766950 0.5521918 0.6682082 0.5731346 0.6805678 0.5204500 0.5861354 0.5836233 0.6398680 0.7115520 0.6594966 0.6484421 0.5247509 0.4518491 0.5733674 0.5854685 0.4646075 0.6208067 0.5284659 0.5337475 0.5988768 0.6335044 0.6213758 0.6669937 0.7635149 0.6846884 0.1901512 0.7160662 0.8927040 0.3033419 0.7435957 0.2707377 0.5307890 0.8596024 0.8705301 0.6065417 0.7449835 0.1735035 0.6010343 0.6241711 0.8276452 0.7689157 0.8069903 -0.4519029 0.4924376 -0.4675875 0.3258771 0.3510665 0.6629021 0.3831423 0.7411618 0.5877292 0.4906678 0.0931527 -0.2080490 0.5130925 0.5070794 0.5116654 0.6337495 0.3946478 0.1565006 0.6516032 0.3859396 -0.0558250 0.6479173 0.4833773 0.4149338 0.0137402 0.6321331 0.6482930 0.5739093 0.5280701 0.4155455 0.3825595 0.6634103 0.4903657 0.5997983 0.3952195 0.1457733 0.1537134 -0.0120823 -0.1053201 -0.1542157 0.0263521 0.0784568 0.4225599 0.6190828 0.4869023 0.5394602 0.0026894 0.1541927 -0.4272195 0.1143989 0.4945133 0.1972868 0.2016747 -0.0456431 0.0452620 0.0845651 -0.0619432 0.1161267 -0.1439645 -0.3202889 0.2651340 -0.5189227 -0.5326207 -0.1768064 -0.2205716 0.0117474 0.5373520 0.1599157 -0.1680798 -0.4482541 -0.7087824 -0.2096646 -0.4349527 -0.1543488 -0.2828023 -0.5194189 0.0603669 -0.1369860 -0.0628359
0.4250020 0.4018949 0.4778709 0.5403785 0.4259766 0.5493237 0.2336864 0.3132153 0.2794936 0.0505066 0.6331559 0.3157316 0.4313878 -0.2077286 0.0931302 0.5223730 0.0000000 -0.2728160 0.5083307 0.5291315 0.2968792 0.4318795 0.5617018 -0.3422013 0.5645023 0.5148638 0.6626846 -0.3135405 0.0770158 0.0155089 0.1183734 0.3051273 -0.2987382 -0.1176043 0.5984446 0.1118850 0.4567605 0.3561295 0.3217234 0.1011378 0.2032409 0.0311470 0.6935077 -0.3283006 -0.2345500 0.3771622 0.5207504 0.2302505 -0.1532668 0.3043142 0.2865661 0.5812315 -0.0988004 0.2540126 0.2042217 0.2900631 0.3844798 -0.0046266 0.4617773 0.1924230 0.2569846 0.1163101 0.1362914 0.2170114 0.0101391 0.1958541 0.0579529 0.0718782 0.2023095 0.3833753 0.3014246 0.2400104 0.0918262 0.0854952 0.3914228 0.2255203 0.3220204 0.3552265 0.0283930 0.0843706 0.1142247 -0.1294417 -0.0278808 0.1369577 0.2902625 0.1706653 0.0431459 -0.0533267 0.2614114 0.3352486 0.2138376 -0.0061552 0.1904266 0.0389649 0.3821778 0.2272994 -0.0979750 0.1462637 0.2976698 -0.0217574 0.2894145 0.1498315 0.1892470 0.2353015 0.1229888 0.3879909 0.2911353 0.3582676 0.2982974 0.1841858 0.2840378 0.5092441 0.3948847 0.4973495 0.3279742 0.3932221 0.4076729 0.3673057 0.3670315 0.3919575 0.3665600 0.3819493 -0.2377042 0.5058083 0.3819311 0.0900993 0.3284082 -0.2658793 0.3001156 0.4317740 0.4239159 0.0833389 0.3049234 -0.1838587 0.1147344 0.0219426 0.2078205 0.3690439 0.2837090 -0.1045275 -0.0324717 -0.1943611 0.1615619 -0.1934540 -0.0735554 -0.0181393 0.1800609 -0.0050835 0.1539918 0.1837383 -0.0668992 -0.1992331 -0.1139824 -0.0197986 0.0548274 0.2979912 0.1374589 0.1406484 0.1890662 0.0570594 0.0699504 0.0955235 0.1254435 -0.0521609 0.0521537 0.1168565 0.1214572 0.2393981 0.2092071 0.2308971 0.2867393 0.0128576 0.2367410 0.3369917 0.4192396 0.4861178 0.1480472 -0.0249472 0.1635626 0.0412244 -0.0256603 0.1889878 0.2661265 0.3211051 0.4235550 0.0694859 0.3433712 -0.1997454 0.1496318 0.5822182 0.2870052 0.2386167 0.0611784 0.1679175 0.1615272 0.1053546 0.0666006 0.0877425 -0.3786053 0.1314492 0.1220177 -0.2335189 0.0905275 -0.0593060 0.1064449 0.1147644 -0.1056643 0.2019112 0.0835078 -0.3601354 0.0386224 -0.2038816 0.0001190 0.2116040 0.2552889 0.5024040 0.2648398 0.4920312
