0.0000000 0.6674672 0.5504380 0.3370833 0.1870714 0.5596924 0.3714216 0.3482729 0.6546448 0.4515298 0.6021134 0.5812464 0.4308592 0.2936225 0.6869204 0.6531644 0.4172429 0.1835324 0.3235904 0.1718068 0.3181065 0.2117495 0.5041900 0.4040801 0.2974050 0.5928479 0.1828780 0.1392294 0.5965375 -0.0864702 0.1500996 0.2176883 0.2495330 0.5040919 0.1898890 0.6371667 0.1138193 0.0805589 0.0672599 0.2115190 0.1102025 0.3469908 0.2814497 0.0378629 0.1058789 0.1703816 -0.0376501 -0.0224120 0.1252983 0.1651501 -0.0362293 0.3288297 0.1540401 0.4094953 0.4266861 0.2964384 -0.0160362 0.3688495 -0.0858002 -0.0289102 0.2095829 0.3506639 0.1899251 0.3930950 0.2688539 0.1452085 0.2559019 0.4623447 0.3160488 0.4894084 0.2343652 0.3180274 0.3408838 0.3792723 0.2285134 0.2089170 0.3723975 0.1271035 0.3137971 0.2082827 0.2005510 0.2483663 0.5002984 0.2991926 0.5678589 0.5447803 0.2059330 -0.0088032 0.6470034 0.4734146 0.0576267 0.1001520 0.0681253 0.3790390 0.5891713 0.4245271 0.0941680 0.4403160 0.6063257 0.6744820 0.3369972 0.6079374 0.3856277 0.7391330 0.1501321 0.6715976 0.5143322 0.0840684 -0.0999520 0.2172255 0.2703815 0.5325684 0.2321178 0.3435135 0.3139122 0.2351287 0.2340340 0.1619776 0.0854484 0.3439310 0.3480259 0.0889279 0.1290364 0.1906900 0.4816048 0.3611716 0.4405759 0.2953230 0.4674456 0.4003007 0.5297818 0.5417775 0.3784119 0.1217309 0.2597895 0.5413866 0.4177066 0.3429174 0.4302172 0.3746453 0.4938169 0.4446805 0.2592873 0.1653299 0.5128455 0.1697847 0.4446185 0.4046762 0.2703376 0.3316812 0.4023958 0.3327030 0.4051631 0.0888007 0.4187440 0.1969649 0.3500640 0.4578520 0.3292306 0.3396247 0.0482918 0.1943592 0.2643747 0.5642995 0.3123995 0.5514768 0.3491401 0.3705994 0.3839278 0.1883653 0.3413598 0.1851679 0.3398215 0.1732882 0.5405920 0.4704150 0.2853079 0.2878415 0.3123705 0.4492680 0.4669713 0.5942601 0.5513570 0.6354562 -0.0296474 0.1733479 -0.0459028 0.0793761 0.5989089 0.5427614 0.2502993 0.4049410 0.1548204 0.0273817 0.4366318 0.4299995 0.3095886 0.1846626 0.2503554 0.5013974 -0.2694793 0.0818993 0.2329697 -0.1634397 0.1982103 0.1484525 0.5024342 0.3315559 -0.3797744 0.4417822 0.5125189 -0.2829936 0.4294711 0.2468183 0.5337207 0.3790315 0.5425235 0.2588548
0.6674672 0.0000000 0.8229383 0.8700112 0.4334182 0.8283593 0.7048863 0.7677136 0.6731007 0.7039116 0.7408083 0.6600371 0.7483450 0.4679347 0.6082028 0.6834093 0.4202952 0.3607773 0.5299316 0.1382905 0.5163524 0.3591978 0.4357903 0.4497564 0.4540741 0.7275963 0.4555017 0.3652896 0.5422170 0.3073246 0.2764279 0.4218520 0.4365868 0.7462025 0.4937058 0.6053358 0.4115750 0.3609940 0.3786512 0.4034101 0.4192680 0.4733443 0.4353867 0.2336333 0.4765590 0.3976705 0.2998261 0.4668407 0.3357636 0.3820794 0.2980825 0.5602611 0.7209810 0.3350468 0.6247266 0.4818440 0.3299841 0.3243063 -0.2118546 0.3164889 0.3709129 0.5623386 0.3923471 0.7003364 0.6061284 0.4219844 0.5627264 0.6314965 0.3518803 0.6353071 0.5308952 0.6510596 0.5883482 0.6493647 0.3227772 0.5939441 0.6823919 0.3267807 0.5775518 0.4106555 0.3573467 0.4585541 0.5103804 0.0805007 0.2268795 0.3578310 0.3591053 -0.1986780 0.3624745 0.0937971 -0.0556480 0.0787647 -0.0548720 0.2555415 0.2638291 0.3808027 0.2345787 0.3030313 0.2843892 0.4822361 0.2793298 0.3225322 0.3680345 0.4076970 0.1612715 0.3633316 0.3046141 0.2759777 -0.0360039 0.0384094 0.1533808 0.2350919 0.2338743 0.2388431 0.2134879 0.1012792 0.0881989 0.0946221 0.0624460 0.1741573 0.3130894 0.1836852 0.3159087 0.6206414 0.4540645 0.1478635 0.4636925 0.4263317 0.3695634 0.6908665 0.5991035 0.5666549 0.3140821 0.4807590 0.4213526 0.5693280 0.5083595 0.1318241 0.2938853 0.1736119 0.5932708 0.2761254 0.4972419 0.3189746 0.4178839 0.4604719 0.3455758 0.2371115 0.4300865 0.3532437 0.4853697 0.4253067 0.2480908 0.5214623 0.2165763 0.2981623 0.4355336 0.3530474 0.2985688 0.3448042 0.2640963 0.2731733 0.4385572 0.6527496 0.4842205 0.6367199 0.6864332 0.5384285 0.3153094 0.2704718 0.4100469 0.2423541 0.5141251 0.5235593 0.8330956 0.8063222 0.4496189 0.3039710 0.5014202 0.3426613 0.3734924 0.4193673 0.2788460 0.3172957 -0.1663993 0.1870558 -0.0739797 0.1986998 0.8100769 0.7553112 -0.0397399 0.2947776 -0.0583863 -0.4034236 0.2594118 0.0993583 -0.1044311 0.1615290 0.2424800 0.0999416 0.0306300 0.1914192 0.4909005 -0.1047591 0.3057844 0.3591918 0.2133965 0.5079346 -0.0409164 0.2905569 0.5131290 -0.4573079 0.4321111 0.4993564 0.5947719 0.5228189 0.2081943 0.0982692
0.5504380 0.8229383 0.0000000 0.7056297 0.7555711 0.4737162 0.3689451 0.6005817 0.3044600 0.4181264 0.5058229 0.2920496 0.8074831 0.1369208 0.2057967 0.4368567 0.1315027 -0.0112624 0.4248307 0.5172878 0.1835167 0.5049938 0.3502861 0.1397670 0.3855867 0.5961509 0.1356386 0.1046196 0.1277966 0.0557122 0.4562464 0.4120750 0.1093867 0.3959220 0.5314883 0.2568270 0.4411461 0.4164079 0.2458868 0.1938743 0.5484332 0.1493490 0.4602956 0.0132552 0.2095382 0.4670730 0.3971530 0.5941839 0.0304815 0.4794058 0.3948415 0.3458491 0.4720889 0.1148689 0.6903958 0.5132744 0.4128392 0.1222332 -0.1812955 0.3899912 0.4799564 0.3590787 0.4393932 0.5119316 0.5830536 0.4668026 0.4800087 0.4227468 0.3137968 0.4391050 0.3388627 0.6393232 0.4057892 0.6857800 0.1861534 0.3487749 0.4420274 0.1054722 0.3544467 0.3732992 0.2942149 0.3748577 0.4135331 -0.0326674 0.0952739 0.3098972 0.3197082 -0.3661025 0.2734097 0.1300725 0.1380399 0.2145331 -0.0083010 0.0300941 0.0791985 0.2301756 -0.0518228 0.1843226 0.1467874 0.3924872 0.1398004 0.2968635 0.3773025 0.2920896 0.0455477 0.2304318 0.2313197 0.3231635 -0.0709785 -0.1099390 0.0338112 0.1017060 -0.0811006 -0.0418239 -0.1001972 -0.1573569 -0.1544801 -0.1376868 -0.1596973 -0.1306646 -0.0267784 -0.0261891 0.1127752 0.3076081 0.0495983 -0.1769122 0.3241794 0.3049816 -0.0042148 0.5139757 0.2291198 0.2151067 0.2427017 0.2599374 -0.0030323 0.3226620 0.1928022 -0.1747146 -0.1985640 -0.2082149 0.1791286 -0.1303757 0.2892822 0.2653091 0.0679624 0.3085676 -0.0814920 -0.1903543 0.0633706 0.0496528 0.1962377 0.3870926 -0.0632960 0.2781964 0.1597911 0.3438597 0.0754481 0.0796898 -0.0066596 0.1148437 0.1093084 -0.0012384 0.2643718 0.3145037 0.1780917 0.5569154 0.4072910 0.2064352 0.0579869 0.0571865 0.1921189 0.0238575 0.4137606 0.4820914 0.4906915 0.6431347 0.2679783 0.2961621 0.1938516 0.1458864 0.2744917 0.2424368 0.1081427 0.0831580 -0.0021414 0.4066232 0.1131708 0.3186457 0.7850186 0.7427197 -0.2651950 0.4214716 0.1901190 -0.3309147 -0.0346657 0.0903906 -0.1770469 0.0749785 0.2423148 -0.1020865 0.1644222 0.1582399 0.6398931 0.1556592 0.3100171 0.3103923 0.1208663 0.6805023 0.1979933 0.3118545 0.6049768 -0.5446117 0.5581173 0.4603375 0.3329874 0.6952493 0.3223301 0.2732738
0.3370833 0.8700112 0.7056297 0.0000000 0.3938256 0.7695769 0.6774250 0.8407219 0.4927462 0.7094283 0.6870638 0.6364704 0.6845798 0.4396512 0.4664816 0.5641406 0.3168485 0.3502796 0.5489675 -0.0200456 0.6300041 0.4069806 0.2573608 0.4738000 0.4907641 0.6550283 0.4897280 0.4560541 0.4068783 0.4962684 0.3056554 0.4959147 0.4701434 0.7460309 0.5523810 0.3558797 0.5779342 0.5081268 0.5007250 0.4119248 0.6066953 0.3410491 0.4304499 0.3444853 0.5544071 0.5466161 0.4960813 0.6491251 0.4900001 0.4432902 0.4677204 0.4786498 0.9095583 0.2067714 0.5981892 0.5245995 0.5215503 0.3073624 -0.3359882 0.4815031 0.1413814 0.4145546 0.3030980 0.8135888 0.6492070 0.5493003 0.5237260 0.4610487 0.2221658 0.6088158 0.4477697 0.7107834 0.3777316 0.5622546 0.2517445 0.5377923 0.6901981 0.2024362 0.4268954 0.2871176 0.1290380 0.3172021 0.3454667 -0.1476402 -0.0519274 0.0059232 0.1480481 -0.3348032 0.0065950 -0.2021295 -0.1447707 0.0678948 -0.1925242 -0.0307618 -0.1357227 0.1679859 0.0949144 0.0446608 -0.1510066 0.2269336 0.0247883 -0.0450976 0.0979085 0.1444903 -0.0309091 0.0169084 -0.0096891 0.1537675 -0.2002499 -0.1617463 -0.1681046 -0.0821824 0.0635248 0.0131609 0.0367685 -0.0501554 -0.0608462 -0.0678475 -0.0392855 -0.0284475 0.1571018 0.0713194 0.2905827 0.6077808 0.2331419 0.0006030 0.2635321 0.3580642 0.1755276 0.5556852 0.4110618 0.3792294 0.1305807 0.4460638 0.4679292 0.4162541 0.3489795 -0.0842123 0.1711313 -0.0357957 0.4965494 0.0696278 0.3415784 0.1748233 0.1731068 0.4007385 0.2129374 0.1273542 0.3461646 0.1810763 0.2856104 0.2372180 0.0954405 0.4995404 0.1672715 0.1617644 0.3297780 0.1647173 0.0864324 0.1088134 0.3191525 0.1186290 0.3501901 0.4258936 0.3473575 0.4808796 0.5719085 0.4075212 0.1620453 0.1320191 0.2858489 0.1700757 0.3150830 0.3320902 0.6751484 0.6608286 0.4747335 0.0492266 0.4987290 0.0572766 0.1076705 0.0534153 -0.0131324 -0.0279401 -0.2627321 -0.0292679 -0.1412423 0.0290485 0.6524722 0.6072443 -0.2022302 0.0150431 -0.3263508 -0.6772020 0.0715275 -0.1420789 -0.4666073 0.0260440 -0.0335692 -0.1629300 0.2755317 0.2708314 0.4324356 -0.0991966 0.3531915 0.0700445 0.0573275 0.5658262 0.2073558 0.0818613 0.3243528 -0.5146552 0.3475145 0.5601573 0.4741076 0.3736536 0.0016844 0.0857975
0.1870714 0.4334182 0.7555711 0.3938256 0.0000000 0.0663142 -0.0326500 0.2430719 -0.0369673 0.1291911 0.2407605 -0.1473532 0.5931460 -0.1534222 -0.2226589 0.0603676 -0.1913961 -0.2798218 0.1607421 0.6404758 -0.1679303 0.3007666 0.1959271 -0.1456613 0.1168648 0.2891043 -0.1522279 -0.1741678 -0.3412622 -0.0656659 0.2929184 0.2488432 -0.1640092 0.0310620 0.5491730 -0.2143248 0.3597484 0.2834931 0.1126254 -0.1254333 0.4100594 -0.2270205 0.3294419 -0.2183834 -0.0961036 0.3011794 0.3870734 0.4706687 -0.2039246 0.2990587 0.4143910 -0.0275760 0.1977487 -0.2405841 0.4930521 0.3125557 0.3937620 -0.2006892 0.2119017 0.3678662 0.5613082 0.0264262 0.5745849 0.1368814 0.3848067 0.4163583 0.2143178 -0.0367479 0.2346469 -0.0205854 0.0559418 0.3318804 0.0291994 0.5304983 -0.1399836 -0.1037298 0.0273013 -0.1560690 0.0063407 0.2577434 0.3049314 0.0190516 -0.0242019 -0.2581727 -0.2444607 -0.0306768 0.1947355 -0.4701674 -0.0869723 -0.0094983 0.2908896 0.4247215 0.0430968 -0.2698997 -0.0556717 0.1843148 -0.1500941 -0.0615420 -0.1344499 -0.0667864 -0.2052490 0.0081137 0.1334316 -0.0434666 -0.0533829 -0.0737678 -0.0857597 0.1968771 -0.2313835 -0.2923472 -0.1008825 -0.1984118 -0.3776611 -0.3090699 -0.3429890 -0.2292471 -0.2632789 -0.2954113 -0.2826866 -0.3982027 -0.2567518 -0.0761234 0.1275523 -0.1727185 -0.3470038 -0.4786204 0.1789450 0.0329546 -0.4346341 0.0182306 -0.1894018 -0.1638986 0.1132878 0.0292837 -0.3006457 -0.0118535 -0.3542554 -0.5549223 -0.4411038 -0.6115754 -0.0785974 -0.4143714 0.2447533 0.3519801 -0.2763026 0.1245852 -0.4132381 -0.5041250 -0.2832302 -0.1001492 0.0045486 0.2525113 -0.2225697 0.1382127 -0.1353949 0.3230430 -0.3186109 -0.1829704 -0.3516298 0.0614962 -0.0433418 -0.1101834 0.0872902 0.0173469 -0.0477133 0.2974931 0.0649356 -0.2065680 -0.2024678 0.0221515 -0.1560192 -0.2810942 0.4098308 0.5429300 0.1366607 0.3834295 -0.0840033 0.2676350 -0.2214817 -0.1638875 0.1068585 0.0301893 0.0439122 -0.0750488 0.4737133 0.6143941 0.5975257 0.6245077 0.5591454 0.5237212 -0.4709288 0.3789168 0.3823815 -0.1943456 -0.4245051 -0.2826774 -0.1706990 -0.2897615 0.2814649 -0.4035301 0.4978986 0.1795442 0.5032705 0.5409234 0.3094905 0.3194354 -0.1409469 0.5253507 0.3533405 0.1163517 0.5157030 -0.4782450 0.6327438 0.2496171 -0.2242356 0.7131371 0.0037149 0.1453199
0.5596924 0.8283593 0.4737162 0.7695769 0.0663142 0.0000000 0.8127196 0.6156661 0.8622099 0.9246129 0.8406219 0.8643120 0.4113009 0.7813070 0.8171530 0.7989852 0.7311612 0.6424095 0.4906192 -0.2030843 0.7024137 0.1699915 0.6068195 0.7614146 0.4207603 0.6648097 0.7754318 0.5248647 0.7141421 0.4647992 0.0419983 0.3379891 0.6637094 0.8815539 0.4840497 0.6316133 0.3057036 0.2084191 0.5565563 0.6087742 0.1910493 0.5065190 0.5483222 0.4802514 0.5550988 0.2991300 0.2296661 0.2122341 0.6815337 0.2346921 0.2309368 0.6877317 0.6822987 0.5973243 0.4244392 0.3734590 0.1758519 0.5948991 -0.2657311 0.2489439 0.0549604 0.5305207 0.2898279 0.5747682 0.3603434 0.2517651 0.3242181 0.5448004 0.2608469 0.5487503 0.4256738 0.3180363 0.3637577 0.3598127 0.2334859 0.4451664 0.5867599 0.1864197 0.3969136 0.0561884 0.1118844 0.2977933 0.3587558 0.0813306 0.2276862 0.2524002 0.3227383 -0.2218808 0.1899895 -0.1656218 -0.1483449 -0.0907753 0.0235398 0.1552285 0.2778323 0.2909008 0.3078403 0.3736936 0.3102932 0.3440929 0.2594909 0.2688245 0.2072359 0.2756817 0.1371234 0.3298933 0.2534376 0.0470005 -0.0469912 0.0171962 0.2455462 0.2906796 0.3304659 0.3310808 0.3285204 0.1820188 0.2718921 0.3279745 0.2506999 0.4199639 0.5583235 0.4226607 0.2984495 0.6523358 0.6546875 0.4773817 0.4772653 0.3393256 0.6056112 0.6528316 0.7610076 0.6445581 0.2824156 0.3006260 0.6214554 0.5314781 0.5028234 0.4069866 0.5959740 0.4585260 0.7180023 0.5246962 0.5113686 0.2108914 0.4526861 0.3276997 0.5659432 0.5129436 0.4228731 0.4543210 0.5165669 0.2211351 0.4290861 0.4680719 0.4455041 0.1136327 0.5010897 0.4719878 0.3545648 0.3947473 0.5299694 0.3987902 0.4035465 0.6615608 0.6034780 0.4874358 0.6985656 0.5005058 0.2742928 0.3113979 0.4155027 0.1617529 0.4495028 0.3000220 0.8445929 0.6207012 0.6661198 0.2415568 0.7473177 0.4618025 0.4348241 0.4433985 0.3688215 0.3938133 -0.2817523 -0.1231722 -0.2707216 0.0303787 0.4678606 0.4356855 0.2868180 -0.1317086 -0.3952582 -0.4233536 0.5170132 0.1771511 -0.1051438 0.2699043 -0.0398013 0.3435420 -0.0304533 0.2289572 0.2681629 -0.0858043 0.3197755 0.1709851 0.4424214 0.1189624 -0.1422019 0.1354943 0.4048912 -0.1640166 0.2453584 0.3090354 0.5803855 0.3082633 0.1915671 0.0482378
0.3714216 0.7048863 0.3689451 0.6774250 -0.0326500 0.8127196 0.0000000 0.4302138 0.6650641 0.6051743 0.4351496 0.7551501 0.2838933 0.6255313 0.6552894 0.4189616 0.3836087 0.6564148 0.2130128 -0.2907609 0.7102606 -0.1374390 0.2781684 0.6410017 0.0946155 0.3706701 0.6435542 0.6206018 0.5644416 0.5552747 -0.1614739 0.0791064 0.6813303 0.7197215 0.3179904 0.5401864 0.1651649 0.0140429 0.4958990 0.5736452 0.0337894 0.5074165 0.3516475 0.5227261 0.6574921 0.0914321 0.0941702 0.1784210 0.5783985 -0.0066920 0.0894397 0.5043888 0.6585820 0.4119137 0.1394498 0.1125650 0.0785767 0.3053139 -0.2371287 0.1259629 0.2375593 0.3048235 -0.0108768 0.5305538 0.4152376 0.0188138 0.2921724 0.3365474 -0.1185412 0.4052970 0.2833156 0.4105274 0.3730815 0.4206078 0.0594061 0.5408724 0.6168994 0.1778317 0.4588789 0.1830351 0.2101778 0.4685343 0.4620145 0.0677866 0.0050149 0.0996130 0.2120774 -0.1340871 0.0781949 -0.2596134 -0.4950918 -0.3958094 -0.2088424 0.3414117 0.0384519 -0.0787702 0.0708802 0.1393279 0.1692552 0.3102035 0.3668914 0.0484194 0.2351362 0.3532072 -0.0829790 0.0734466 0.0910901 0.1535429 -0.0243874 -0.0455957 0.0628311 0.1258850 0.1559457 0.1607004 0.1902073 -0.0338534 0.0431240 0.1338788 0.0814950 0.2390381 0.3644886 0.1894445 0.3400952 0.8617001 0.5508668 0.1984635 0.3000293 0.3433046 0.5239293 0.6221509 0.6288114 0.4992215 0.1812071 0.6261857 0.5444744 0.5445884 0.5999843 0.3560210 0.4182833 0.4254385 0.5910520 0.3196877 0.4808653 0.3681015 0.4633394 0.6914559 0.4923408 0.4160531 0.3446934 0.3190988 0.3928946 0.4619035 0.2365963 0.6522122 0.2094462 0.4051942 0.4073567 0.3333883 0.2603351 0.2411052 0.4254047 0.3228308 0.6937532 0.5065667 0.5402833 0.6153129 0.7680048 0.5114706 0.1398834 0.1809708 0.4132284 0.1966073 0.2712479 0.2692588 0.7221586 0.7332586 0.7534427 0.4072142 0.7849026 0.3404791 0.4048537 0.3873323 0.1123369 0.2117383 -0.4656037 0.0559343 -0.4592573 -0.0415447 0.5051637 0.5072262 0.1699598 -0.0436980 -0.4544871 -0.4175498 0.3742588 0.1943285 -0.1193025 0.4667260 0.1093148 0.1641753 0.0426156 0.4688834 0.4271843 -0.0229830 -0.0751641 0.2727203 0.1849337 0.1376523 -0.0342656 0.4243127 0.3908678 -0.1293703 -0.0700645 0.4061181 0.7394236 0.1851247 -0.0130410 -0.0590427
0.3482729 0.7677136 0.6005817 0.8407219 0.2430719 0.6156661 0.4302138 0.0000000 0.4596719 0.6049585 0.6573861 0.5022313 0.8364453 0.3389928 0.4918657 0.6161175 0.2715214 0.2679814 0.8125150 0.0622929 0.3803008 0.6078688 0.1928756 0.4217228 0.7716639 0.7451612 0.4233139 0.3734675 0.4401340 0.4470137 0.5483237 0.7300411 0.4273955 0.6555590 0.4425689 0.3501435 0.6625877 0.6657495 0.4767163 0.3749707 0.6366796 0.2456743 0.3343667 0.3415811 0.3813551 0.7020865 0.5826037 0.6291247 0.4043097 0.6667716 0.4988435 0.4983046 0.7565788 0.2452092 0.7602183 0.7357224 0.6484884 0.3431814 -0.4790106 0.5290011 0.0818569 0.5505714 0.3925433 0.7606994 0.6997721 0.7153981 0.6978033 0.6465053 0.5704071 0.6389716 0.7557017 0.7370006 0.5891973 0.5801184 0.6644365 0.6301474 0.5578596 0.5587857 0.6003278 0.3470553 0.2957195 0.2519601 0.1606292 -0.1610283 0.0746781 0.0762152 0.3151152 -0.2598479 0.1177175 -0.0695747 0.0443270 0.1361917 -0.1012538 0.0682323 -0.0758904 0.2628034 0.2620975 0.1568258 -0.1028288 0.2584678 -0.0175162 0.1516334 0.0064553 0.2356519 0.2351094 0.1511248 0.0693149 -0.0102663 -0.0567390 -0.1652161 -0.0067429 0.0060245 0.2901291 0.1108216 0.2273212 0.2141964 0.1095147 0.0949472 0.1498425 0.1114812 0.2197902 0.1363309 0.0821210 0.5452080 0.2792568 0.1720646 0.2279896 0.2815625 0.2951168 0.5223480 0.4120021 0.3938896 0.1103445 0.3508880 0.3699895 0.3296801 0.3885975 0.0833030 0.2611399 0.0781118 0.4443501 0.2455583 0.4038800 0.1126944 0.2482632 0.2588276 0.2096494 0.1367785 0.5151508 0.3113249 0.4013555 0.1689463 0.1384399 0.3313159 0.0139845 0.1712797 0.4866705 0.1864322 0.3662857 0.2337578 0.0998625 0.2181453 0.2332162 0.4922647 0.2915390 0.3907932 0.3714073 0.4755489 0.2424054 0.2096581 0.3192003 0.3495436 0.2080966 0.2596157 0.5929296 0.4688025 0.2208887 -0.0160185 0.3121208 0.1818016 0.0823631 0.0768491 -0.0551872 0.0010940 -0.3282902 -0.0591367 -0.2193053 0.0173314 0.5272816 0.5086368 -0.1112445 -0.0529171 -0.1501824 -0.3728344 0.2212594 -0.0030953 -0.1628112 -0.0325102 -0.0081483 0.0098762 0.0135327 -0.0279995 0.0813269 -0.3067173 0.1869428 0.0295775 0.2132414 0.4085694 0.0800055 -0.1175483 -0.0084148 -0.3754392 0.2430954 0.3184132 0.4097358 0.2743633 0.0824502 -0.0227097
0.6546448 0.6731007 0.3044600 0.4927462 -0.0369673 0.8622099 0.6650641 0.4596719 0.0000000 0.7975018 0.7167389 0.8358807 0.2875039 0.7417648 0.8996844 0.7581817 0.6293016 0.6574402 0.4193716 -0.2687506 0.6439046 -0.0150388 0.5199662 0.8123818 0.3338346 0.5900215 0.6788452 0.5268374 0.7782478 0.4275842 -0.1705316 0.2148497 0.7349874 0.8326783 0.2951898 0.7296091 0.1487257 0.0030840 0.4855357 0.5127346 -0.0882681 0.4848313 0.4481479 0.4481621 0.3634074 0.1313431 0.0650469 -0.0876567 0.6155210 0.0627944 0.0681897 0.6151129 0.4338209 0.6026568 0.2760810 0.2348909 0.0313469 0.5806191 -0.2598402 0.0978586 0.0080270 0.5161842 0.2454259 0.3862612 0.2514549 0.1540722 0.3283434 0.5612834 0.3207291 0.5087884 0.4508684 0.2202065 0.4165654 0.3007116 0.3768498 0.4022792 0.4916604 0.3287245 0.4345859 0.0770657 0.2498459 0.2812714 0.3459843 0.2728012 0.4230464 0.3605554 0.3851827 -0.0720618 0.3675102 0.0146988 -0.0038154 -0.0527463 0.0333346 0.3881192 0.4877561 0.3420663 0.3184221 0.3706463 0.4408524 0.4700264 0.3487300 0.3482775 0.2520726 0.5187668 0.2057715 0.4950438 0.3257158 0.0004626 -0.1512309 -0.0815844 0.3228731 0.3677017 0.2954412 0.2288729 0.2518118 0.1835990 0.2378051 0.3038988 0.1749743 0.4870219 0.5497523 0.3675015 0.2719449 0.5166479 0.6720593 0.5529503 0.5469220 0.3550541 0.5904153 0.6205948 0.7550678 0.6254587 0.4833682 0.0878639 0.6226144 0.4475733 0.4956442 0.5528006 0.7373714 0.5934600 0.7505951 0.6777529 0.6092954 0.2285823 0.5499058 0.2018976 0.6740336 0.6348260 0.4793065 0.6620606 0.5803717 0.3057513 0.6225881 0.4338243 0.3984638 0.1366327 0.5952001 0.6385994 0.5312911 0.5233029 0.5073608 0.5724697 0.3852178 0.7304949 0.6613339 0.4595813 0.6361800 0.5238518 0.3701607 0.4475888 0.4715380 0.2323519 0.5574205 0.2864816 0.7943452 0.4856704 0.5355861 0.2932710 0.6701303 0.4973899 0.3911065 0.4905079 0.3880479 0.4483793 -0.2354259 -0.1105056 -0.2454696 0.0253385 0.4014510 0.3659184 0.4013157 -0.0740116 -0.3387754 -0.2339337 0.5337872 0.2020424 0.1731171 0.2608726 0.0480216 0.5202101 -0.2661753 0.0979418 0.0033951 -0.1523702 0.2006068 0.2948130 0.5409583 -0.0523745 -0.4081957 0.1209084 0.3144900 0.0136995 0.1963303 0.1506770 0.5625208 0.2738345 0.3671979 0.1496836
0.4515298 0.7039116 0.4181264 0.7094283 0.1291911 0.9246129 0.6051743 0.6049585 0.7975018 0.0000000 0.8985083 0.7927821 0.3774180 0.8219098 0.7322456 0.8160651 0.8025482 0.5880588 0.5215880 -0.1702982 0.6158831 0.2199464 0.6614040 0.7761920 0.4874476 0.6411559 0.7838232 0.5067147 0.6241865 0.5093272 0.0724913 0.3978300 0.6679685 0.8847268 0.5313276 0.4695531 0.3195246 0.2077905 0.6629017 0.6538186 0.2120123 0.3693724 0.6398188 0.5476965 0.5330646 0.3520343 0.2833087 0.1444943 0.7716598 0.2689650 0.2803548 0.7234068 0.6431774 0.6862614 0.4545234 0.4265056 0.2230813 0.7459625 -0.2834502 0.3024939 -0.0292478 0.4946014 0.4555152 0.5351286 0.3560122 0.3678268 0.2321355 0.5043560 0.4054981 0.5106886 0.4326185 0.2347390 0.2191173 0.3480786 0.2777880 0.3161928 0.4452585 0.1302031 0.3112221 -0.0184364 0.0657598 0.0644504 0.1566291 -0.0019194 0.2105702 0.1915579 0.3371665 -0.2960328 0.0724112 -0.2066616 0.0920482 0.1097507 0.2117150 0.0074317 0.2311242 0.3702456 0.3934445 0.4612081 0.2394500 0.2549919 0.1069859 0.2884647 0.1291511 0.1473348 0.2427307 0.3446317 0.2439956 -0.0291866 -0.0714021 -0.0668779 0.2552726 0.2864849 0.3179202 0.2750727 0.2919899 0.2414405 0.3221381 0.4051599 0.3209259 0.4516989 0.5910155 0.5517470 0.3344614 0.4607209 0.6003977 0.5129400 0.5434524 0.3471932 0.5305652 0.5649320 0.7160950 0.6403392 0.3457119 0.0388506 0.6208175 0.4254709 0.3431307 0.3792847 0.6030510 0.3912782 0.6881367 0.5201579 0.5019493 0.1588182 0.3405773 0.1039497 0.4936839 0.4846607 0.3824303 0.4640277 0.4954472 0.1086527 0.4719888 0.3567842 0.4884465 -0.0140843 0.4714420 0.5105922 0.3365238 0.4189212 0.6104318 0.4476964 0.1979177 0.6290063 0.5881735 0.4006018 0.5442680 0.4227662 0.2397126 0.4020581 0.4015897 0.1464293 0.4504518 0.2322719 0.7123250 0.3864580 0.6234405 0.1714619 0.6804587 0.4076300 0.3602692 0.3320254 0.3442298 0.3429616 -0.1932167 -0.1550970 -0.1853326 0.0874908 0.2872119 0.2113747 0.3748753 -0.3207922 -0.4286392 -0.3646480 0.5057884 0.1454783 -0.1654759 0.2352003 -0.1121658 0.3385611 0.0580728 0.1071748 0.0967863 0.0293103 0.4631965 0.0426544 0.4934441 0.0863089 -0.0607722 -0.0865203 0.2802890 -0.1405838 0.3566832 0.2782068 0.3884201 0.2689815 0.1351219 0.0040750
0.6021134 0.7408083 0.5058229 0.6870638 0.2407605 0.8406219 0.4351496 0.6573861 0.7167389 0.8985083 0.0000000 0.6926908 0.5265966 0.6385835 0.6863966 0.9413020 0.7222667 0.3889301 0.6476368 -0.0452231 0.4600965 0.4657945 0.7130409 0.6268579 0.6516236 0.8326735 0.6108814 0.3391780 0.5617327 0.3119980 0.2887836 0.5568339 0.4463566 0.7730494 0.5882522 0.4964287 0.4226768 0.4119659 0.4763171 0.4229359 0.4160489 0.3332996 0.5744233 0.3120903 0.3054220 0.4825963 0.3338835 0.2897406 0.5477714 0.4653918 0.3365393 0.6015061 0.5762138 0.5406465 0.6770771 0.5799328 0.2903327 0.6334193 -0.1086620 0.3406200 -0.0052256 0.5897211 0.5442966 0.5422994 0.3141635 0.4957606 0.3369431 0.5641960 0.5812161 0.5664576 0.4926508 0.2860821 0.2834799 0.3332305 0.3116620 0.2434603 0.4027557 0.1269604 0.2761555 0.1276740 0.0996050 0.0183398 0.1092246 0.0063468 0.2874834 0.2151448 0.2534320 -0.2614920 0.1739341 -0.0443542 0.1212336 0.2338063 0.1271251 -0.1189610 0.3344602 0.5657206 0.3551888 0.4253873 0.2498670 0.2443354 -0.0993508 0.3976443 0.0063384 0.1875835 0.2855452 0.4269076 0.3204489 -0.1831412 -0.1564192 0.0969808 0.1811407 0.3649204 0.3233894 0.4282098 0.4463566 0.4090007 0.4932667 0.4304258 0.4233434 0.4949989 0.6229236 0.5348596 0.1354999 0.2618185 0.5590519 0.5615049 0.4657755 0.1342708 0.5074251 0.4108239 0.6235849 0.5753235 0.3049908 -0.0264442 0.4888206 0.2906661 0.1796830 0.2778314 0.5300595 0.2485225 0.5485166 0.5095213 0.3517203 0.0058583 0.2139121 -0.0272832 0.4561993 0.4233820 0.4145916 0.4330831 0.4853841 -0.0538616 0.4677226 0.1223091 0.5194595 -0.0771322 0.4605406 0.4051323 0.3527315 0.3439387 0.3917900 0.3506193 0.0579440 0.6024050 0.4702739 0.3103166 0.3147192 0.4000945 0.3548729 0.2844710 0.3590553 0.1800867 0.5035484 0.2917580 0.7101302 0.4312704 0.3494904 0.0305426 0.4249691 0.3417951 0.2812670 0.3430694 0.5401950 0.4932632 0.0742067 -0.1199280 0.0570400 0.1845939 0.4263603 0.3391646 0.2925798 -0.1422480 -0.1629394 -0.2485787 0.5323020 0.1359346 -0.0036501 -0.0148785 0.0250622 0.4259285 -0.0379946 0.0312812 0.0660232 -0.0667069 0.5407042 0.0583383 0.5607434 0.1979114 -0.2113065 -0.0800834 0.2281304 -0.2336841 0.4651840 0.2191364 0.2791456 0.3248333 0.1801566 0.0824161
0.5812464 0.6600371 0.2920496 0.6364704 -0.1473532 0.8643120 0.7551501 0.5022313 0.8358807 0.7927821 0.6926908 0.0000000 0.1967876 0.8142826 0.9078179 0.6849854 0.6857049 0.7491167 0.2735497 -0.4575541 0.8973367 0.0286156 0.4344977 0.8635557 0.2585322 0.4957447 0.7040960 0.7631175 0.8615921 0.6085109 -0.1639828 0.1600147 0.7878594 0.9130892 0.2647095 0.6979997 0.1316702 -0.0108222 0.5429989 0.6723324 0.0421484 0.5753800 0.4335696 0.6278362 0.6482675 0.1601478 0.0160464 -0.0036278 0.7903271 0.0129933 0.0025496 0.6441969 0.6675654 0.6497240 0.2345424 0.1878664 0.0020581 0.6858187 -0.2522150 0.0606043 -0.1962860 0.4223795 0.0569043 0.6630203 0.3888312 0.1741030 0.2143385 0.4870218 0.0982056 0.6278501 0.3036816 0.3755751 0.2445731 0.2883957 0.2272642 0.4073370 0.6848844 0.1071252 0.3192042 0.0889274 -0.0516606 0.2875345 0.4450991 0.1582312 0.3479412 0.1993037 0.0918039 -0.0331746 0.2131861 -0.0475652 -0.2472163 -0.1927677 -0.0337679 0.2848308 0.2488415 0.2409743 0.2441018 0.3605715 0.2755327 0.4714405 0.2184036 0.2311343 0.2272611 0.4476557 0.1317485 0.4550910 0.3287011 0.0172602 -0.2550742 0.0181751 0.0431043 0.3672714 0.3499538 0.2855205 0.2981601 0.1915853 0.2395913 0.2857623 0.2002723 0.4794385 0.5772678 0.3177681 0.3492717 0.6298425 0.6971698 0.5304819 0.5597454 0.4581138 0.6179791 0.6420871 0.8018013 0.7055324 0.4922914 0.1924370 0.7891906 0.5333801 0.5994068 0.5354943 0.7240192 0.5970722 0.7930554 0.5984704 0.3034596 -0.0107213 0.5585943 0.1806144 0.7647995 0.7026449 0.5307035 0.5028958 0.4431485 0.2278502 0.6213903 0.4269698 0.5872759 -0.0543301 0.6575290 0.6487450 0.4387764 0.2671859 0.6335072 0.4518168 0.2937329 0.6450472 0.6930137 0.4488797 0.6168107 0.6240127 0.4923937 0.3795710 0.5975890 0.3900603 0.3424441 0.0529441 0.7469878 0.4834659 0.7443368 0.1042468 0.7861369 0.2471761 0.2023023 0.2172613 0.3324101 0.3492307 -0.3520058 -0.3013966 -0.3768383 -0.2301379 0.3785732 0.2694155 0.4376386 -0.1779020 -0.6010824 -0.4327621 0.5306163 0.2636298 -0.1937045 0.3122257 -0.0226489 0.4493401 -0.2179092 0.1685658 0.0567976 -0.3189515 0.2629218 -0.0340583 0.3890193 0.1979160 -0.3737024 0.0872727 0.2583860 -0.1659323 0.0747364 0.4425699 0.6911347 -0.0581564 0.1772356 0.0919286
0.4308592 0.7483450 0.8074831 0.6845798 0.5931460 0.4113009 0.2838933 0.8364453 0.2875039 0.3774180 0.5265966 0.1967876 0.0000000 0.0885746 0.2526779 0.4852600 0.0435441 -0.0056615 0.7701314 0.4659530 0.0160203 0.6203134 0.2494885 0.1631681 0.7017060 0.7516944 0.1891137 0.0710843 0.1352279 0.1543730 0.6443037 0.7229586 0.1198752 0.3654701 0.5520587 0.1575928 0.6793631 0.6823367 0.3170289 0.1421561 0.6418436 -0.0062053 0.3611203 0.0401109 0.0789946 0.6916753 0.6276633 0.7136867 0.0304921 0.7220016 0.5527686 0.2993752 0.4803289 0.0448546 0.8660310 0.7580745 0.6813099 0.0454791 -0.2819084 0.5536054 0.4637874 0.4499035 0.5264441 0.4953036 0.6780353 0.6860657 0.6967474 0.4922419 0.5878077 0.3919220 0.6764275 0.6974108 0.5685203 0.7264262 0.5022261 0.4373788 0.3102215 0.4408890 0.5273234 0.4011636 0.4893113 0.2622681 0.0614114 -0.2371157 -0.0365011 0.0940623 0.4285091 -0.4419697 0.1208339 -0.0050519 0.0868874 0.1551759 -0.0765620 -0.0045826 -0.0389243 0.2071041 0.0795345 0.1304890 -0.0192927 0.1708285 -0.0565351 0.2769168 0.0563357 0.2593364 0.1860348 0.1097234 0.0604817 -0.0155424 -0.0339341 -0.1999353 0.0531266 -0.0005376 0.0795003 0.0329342 0.1384547 0.1394114 0.0496601 0.0174700 0.0780273 -0.0492262 0.0640006 0.0569308 -0.0613006 0.3446053 0.0742068 -0.0568426 0.1632961 0.0800121 0.1288775 0.3739294 0.1961716 0.1567885 0.0489734 0.3495673 -0.0500937 0.2348331 0.1478950 -0.1168908 -0.0626253 -0.1726066 0.1820161 0.0331038 0.4683528 0.3433008 0.0901875 0.3593308 -0.0897583 -0.1898091 0.2228152 0.2028968 0.3774162 0.3002108 -0.0707556 0.2178858 -0.1077397 0.4843722 0.2030889 -0.0358057 0.1986269 0.2694434 -0.1573670 0.1045416 0.3121313 0.3796790 0.1163772 0.4963409 0.2174352 0.2308287 0.0202607 0.0902500 0.1135111 0.1227393 0.3027468 0.4780465 0.4773054 0.5701087 0.0482074 0.2653666 0.0423977 0.2032639 0.2669871 0.2482075 0.0154571 0.0753809 -0.0560003 0.3928181 0.0283297 0.3506872 0.6967318 0.7199547 -0.2727476 0.1856451 0.2354034 -0.1349821 0.0962007 0.0684863 0.0822812 -0.1095269 0.2076251 -0.0513667 0.0920332 0.0427382 0.2809044 0.0127820 0.0524707 0.2457341 0.2501573 0.4524073 0.1545833 0.1131391 0.2311435 -0.4678727 0.3684305 0.1980679 0.2563620 0.5985886 0.1388105 0.0060493
0.2936225 0.4679347 0.1369208 0.4396512 -0.1534222 0.7813070 0.6255313 0.3389928 0.7417648 0.8219098 0.6385835 0.8142826 0.0885746 0.0000000 0.7611816 0.5987954 0.8391828 0.8735408 0.1757918 -0.3670645 0.6708790 -0.1183030 0.5088811 0.8096326 0.1690459 0.3425191 0.8291057 0.7398338 0.7267689 0.6712605 -0.2753505 0.0532294 0.7483337 0.8117833 0.2793022 0.4826586 -0.0477110 -0.1741328 0.6272445 0.7354833 -0.1771699 0.4223152 0.4946403 0.6555542 0.6263348 -0.0131941 -0.0635199 -0.1394304 0.8008587 -0.0805001 -0.0987540 0.7065592 0.5097725 0.7383780 0.1246901 0.0560494 -0.1361577 0.6893996 -0.0957515 -0.0400429 -0.1309384 0.3846632 0.2086747 0.3160121 0.2172697 0.0395407 0.0094465 0.3869978 0.1525890 0.3189294 0.3239495 0.0636159 0.1508282 0.1958630 0.1550980 0.2720518 0.3578038 0.0691374 0.2412281 -0.0253674 0.0113035 0.2444979 0.1387359 0.1199243 0.2677291 0.1553775 0.3248533 -0.0915610 -0.0038560 -0.2417375 -0.1385803 -0.2681795 0.2274589 0.1798107 0.2149095 0.2924392 0.5200933 0.5781575 0.3656641 0.1940001 0.1506730 0.3457024 0.2253567 0.1780709 0.4276742 0.4603634 0.3725990 -0.0112421 -0.0597676 0.0295604 0.2336776 0.4569003 0.4952132 0.3955140 0.3888196 0.3806861 0.4227723 0.5870146 0.4612535 0.6159183 0.7531423 0.6872722 0.4150183 0.5568882 0.7739089 0.6028729 0.7182368 0.3901851 0.6534122 0.5969955 0.8428895 0.6981301 0.5267763 0.0685922 0.6860723 0.4483768 0.4681389 0.6206794 0.6937162 0.6044221 0.7421202 0.6260717 0.4677249 0.1081172 0.4796653 0.1171842 0.6295992 0.5714554 0.4903030 0.5511258 0.4923380 0.1472394 0.6115322 0.4554982 0.5339812 -0.0520298 0.6325576 0.6296666 0.5347881 0.4062872 0.7429000 0.6124933 0.1164656 0.6462388 0.7954705 0.3078656 0.5029269 0.5648382 0.3763643 0.5091711 0.5602320 0.3223135 0.4317144 0.2136621 0.7283369 0.3634994 0.7551464 0.3134714 0.7144450 0.2963147 0.2797502 0.2317340 0.3798117 0.3647696 -0.2074101 -0.2136756 -0.2797352 -0.0421973 0.0925413 -0.0230510 0.6292888 -0.4417050 -0.5862805 -0.1639011 0.6177355 0.3779486 -0.0929317 0.3599055 0.0439382 0.4876201 -0.2086440 0.1166656 -0.1194433 -0.0614135 0.2990546 0.0934660 0.4292083 -0.1422151 -0.3301194 -0.0487645 0.1838966 0.0409068 0.0496380 0.2392455 0.4974933 -0.0981422 -0.0614787 -0.2492280
0.6869204 0.6082028 0.2057967 0.4664816 -0.2226589 0.8171530 0.6552894 0.4918657 0.8996844 0.7322456 0.6863966 0.9078179 0.2526779 0.7611816 0.0000000 0.7153499 0.6706852 0.7561464 0.3880788 -0.3083552 0.6874555 0.0361193 0.4533495 0.8724383 0.3305494 0.5223945 0.6347426 0.6405856 0.9123149 0.4683526 -0.0981656 0.2015655 0.7495868 0.8252034 0.1765385 0.6953526 0.0895513 -0.0060636 0.4261342 0.5538480 -0.0914181 0.5069605 0.3163276 0.5320757 0.4481656 0.1356411 -0.0116138 -0.1201390 0.6678512 0.0631018 -0.0685916 0.5431675 0.4493419 0.6216981 0.2755195 0.2315203 -0.0426371 0.6073844 -0.2165932 -0.0387699 -0.1737019 0.3912382 0.1026411 0.4646422 0.2787500 0.0948563 0.1810186 0.4697516 0.2662315 0.4739942 0.3757243 0.2107274 0.2952455 0.2023668 0.3354853 0.3209636 0.4568622 0.2398739 0.3226353 0.0168235 0.0619584 0.3059571 0.3136055 0.2107284 0.4398229 0.2781805 0.2391385 -0.0177910 0.3124449 0.0183547 -0.1766313 -0.2407635 -0.0072152 0.3483182 0.3581013 0.2778957 0.3273054 0.4365108 0.4008622 0.4653528 0.2509921 0.3724926 0.1627992 0.5736366 0.2589707 0.5241312 0.3378619 -0.1115804 -0.1636135 0.0301879 0.2289116 0.4311680 0.4997009 0.3704319 0.4328319 0.3649805 0.3544274 0.3807961 0.2957406 0.5556464 0.6191608 0.3664776 0.1926514 0.5356718 0.7348755 0.6434346 0.5158972 0.3302492 0.7140827 0.5213632 0.7929128 0.6687313 0.3783590 0.1679551 0.6233339 0.5387974 0.5686506 0.6473147 0.8003827 0.6835571 0.7798122 0.7114018 0.4121498 0.0736656 0.6199918 0.2006949 0.7240425 0.6680346 0.5150969 0.5415985 0.5058030 0.1696768 0.5993737 0.3414869 0.4475417 0.0327282 0.6431385 0.5931972 0.5610535 0.3920771 0.4097978 0.4549095 0.2894062 0.6605898 0.6116094 0.3715624 0.4957503 0.5610795 0.4297560 0.3422884 0.4787349 0.3137997 0.2798222 0.0430427 0.7494249 0.4184635 0.5756595 0.1833067 0.6472265 0.4493408 0.3505939 0.4163489 0.4528469 0.5031685 -0.2989867 -0.2527505 -0.3473629 -0.1414796 0.2820111 0.2410990 0.4786597 -0.1751279 -0.4117647 -0.1793241 0.6289236 0.3705717 0.1427418 0.2272632 0.0112473 0.6032047 -0.3592758 0.1337779 -0.1229823 -0.3015491 0.1401155 0.0179730 0.5516271 -0.0571470 -0.4791455 0.0976587 0.2039554 0.0229223 0.0863689 0.1644786 0.6522580 0.0145738 0.2691057 -0.0284761
0.6531644 0.6834093 0.4368567 0.5641406 0.0603676 0.7989852 0.4189616 0.6161175 0.7581817 0.8160651 0.9413020 0.6849854 0.4852600 0.5987954 0.7153499 0.0000000 0.7025127 0.3466069 0.6981233 -0.1321837 0.4233423 0.4920221 0.7105122 0.6078146 0.7209417 0.8822084 0.6187147 0.3166389 0.5922183 0.2454838 0.3051170 0.5835768 0.4335950 0.7164418 0.5017004 0.6249715 0.4035605 0.4243363 0.4365919 0.4099220 0.3873876 0.3715851 0.5634902 0.2981890 0.2036010 0.4888523 0.2954303 0.2423975 0.4929971 0.5042724 0.3107736 0.6484523 0.4530529 0.5996951 0.6649584 0.5988579 0.2584217 0.6637469 -0.2256993 0.3348938 -0.0474887 0.7171491 0.4437480 0.4887863 0.2307602 0.4669083 0.4562527 0.7087630 0.6195041 0.6607328 0.5916034 0.2926436 0.4401474 0.2944004 0.4723158 0.3533890 0.4317345 0.2724281 0.3827720 0.1750946 0.1549015 0.0556007 0.1794407 0.1350219 0.4198922 0.3281672 0.2782451 -0.1501198 0.3262905 0.0471117 0.1056749 0.1739179 0.0798913 0.0069062 0.4439371 0.5462238 0.3091592 0.4202702 0.3587633 0.3623242 -0.0109321 0.5034304 0.0189733 0.2974810 0.2902621 0.5160755 0.4282371 -0.2410594 -0.0964163 0.1542271 0.2440479 0.4707311 0.3279942 0.4878094 0.5097588 0.4134713 0.5542735 0.4897677 0.4770999 0.6172448 0.6674430 0.5142268 -0.0221631 0.3049055 0.6375811 0.6915441 0.4066928 0.0737735 0.6184436 0.4834137 0.6517977 0.5818212 0.3530760 -0.0857349 0.4858921 0.1989870 0.2643267 0.4370968 0.5650904 0.3864760 0.4604324 0.6177471 0.3165748 -0.0939568 0.2436829 -0.0827515 0.5479510 0.5292507 0.5000861 0.5163448 0.5182170 -0.0444496 0.5291686 0.0134096 0.5825902 -0.0643082 0.5623168 0.4606648 0.5046168 0.3382185 0.3651232 0.4115128 0.0836068 0.6248062 0.4704374 0.3104087 0.2908691 0.4734708 0.4321134 0.2626283 0.4492419 0.2921111 0.5114852 0.2383489 0.6840124 0.3935772 0.3002336 0.0029199 0.4373137 0.4261608 0.2656997 0.3954851 0.5235194 0.5291713 -0.0406566 -0.1787322 -0.0943174 0.0834618 0.4211231 0.3523821 0.3986944 -0.1102674 -0.1238266 -0.1313274 0.6807086 0.2711393 0.1773600 0.1023185 0.0449604 0.6151517 -0.2756416 -0.0798130 0.0040505 -0.2241668 0.4068645 0.1268652 0.6911305 0.1228619 -0.3638967 -0.0276000 0.1212518 -0.1174048 0.3063291 0.1219932 0.3537928 0.2716636 0.3592356 0.2258684
0.4172429 0.4202952 0.1315027 0.3168485 -0.1913961 0.7311612 0.3836087 0.2715214 0.6293016 0.8025482 0.7222667 0.6857049 0.0435441 0.8391828 0.6706852 0.7025127 0.0000000 0.5793230 0.2398527 -0.2368746 0.4571095 0.1123809 0.7401817 0.5929250 0.2984825 0.4075719 0.7435360 0.3706447 0.6740078 0.2833041 -0.0232756 0.1704936 0.4250102 0.6421039 0.2838788 0.4903420 -0.0168509 -0.0499560 0.4420081 0.6649819 -0.0638221 0.3796080 0.5268603 0.4362431 0.4480786 0.0771335 -0.0511385 -0.1485819 0.6275445 0.0735397 -0.0363810 0.7346032 0.3087546 0.8037178 0.2276446 0.1892868 -0.1367631 0.7766679 -0.0680832 0.0057390 -0.1751498 0.4894539 0.2787332 0.2570352 0.0624635 0.0820610 -0.0370910 0.4673910 0.2889258 0.3451619 0.2641348 -0.1028588 0.1074042 0.0645584 0.1482071 0.1448006 0.2808979 -0.0048583 0.1368732 -0.1833718 -0.1364175 0.0306819 0.1271130 0.0923549 0.3900163 0.3334134 0.2969156 -0.0623246 0.1624787 -0.0332138 0.0357232 -0.0656540 0.4516584 0.0713261 0.4594724 0.4578745 0.5731028 0.7319434 0.5770249 0.2261284 0.1929962 0.5495559 0.2678174 0.0289285 0.4585521 0.6090382 0.5242054 -0.0191563 0.1722426 0.3049793 0.4854497 0.6092614 0.6160869 0.6349471 0.5648146 0.5063427 0.6006685 0.7108851 0.5803172 0.7039027 0.7849926 0.7235701 0.2801976 0.3377032 0.7782313 0.7447595 0.6457536 0.2890858 0.7288540 0.5115368 0.8114777 0.7364967 0.3986388 -0.0553434 0.5580802 0.4506242 0.4275740 0.6241522 0.6855202 0.6420813 0.6410794 0.6977988 0.2851200 -0.0378571 0.5012175 -0.1377615 0.6081178 0.5958909 0.3881029 0.4553143 0.4988584 -0.0143246 0.5865185 0.1325004 0.6666407 -0.2464710 0.5146445 0.6019976 0.4418056 0.4477965 0.6036890 0.4733212 -0.0448314 0.6201380 0.6332939 0.2075967 0.4046086 0.4239299 0.4037409 0.4642728 0.4438281 0.2248953 0.3404703 0.1048143 0.5841216 0.2001715 0.5788194 0.1711731 0.5850874 0.4571348 0.4084242 0.3713898 0.5675003 0.5598729 -0.1089746 -0.2553494 -0.1953110 -0.0289390 0.0241031 -0.0772962 0.6816143 -0.3226692 -0.3274534 -0.0170131 0.7123025 0.4538035 -0.0088622 0.3116799 -0.0826957 0.5886041 -0.2637642 -0.1255713 -0.0592330 -0.1520883 0.4087732 -0.0535759 0.5217770 -0.1406273 -0.3373061 -0.1354156 0.2282699 0.0034874 0.1374336 0.1032558 0.3126623 -0.0748102 0.1318463 -0.1306476
0.1835324 0.3607773 -0.0112624 0.3502796 -0.2798218 0.6424095 0.6564148 0.2679814 0.6574402 0.5880588 0.3889301 0.7491167 -0.0056615 0.8735408 0.7561464 0.3466069 0.5793230 0.0000000 0.0173193 -0.3629034 0.6886765 -0.2585204 0.1548481 0.7820251 -0.0419307 0.1061179 0.6353893 0.8214062 0.7509340 0.6886742 -0.3975536 -0.1611241 0.7823130 0.7196841 0.0093368 0.4711354 -0.2206944 -0.2892844 0.4181188 0.5514835 -0.3343838 0.5135324 0.1411088 0.6051992 0.6194221 -0.2044296 -0.2179617 -0.1898132 0.6954123 -0.2535305 -0.3137351 0.4422904 0.4863796 0.5022364 -0.0893962 -0.1654355 -0.2883042 0.4226570 -0.0100598 -0.2766457 -0.2031504 0.1538581 -0.0830513 0.2324505 0.1714801 -0.2078025 -0.1051930 0.2026117 -0.0730577 0.1556761 0.1804869 0.0255682 0.1145799 0.0172571 0.0638718 0.2501395 0.2910377 0.0766101 0.1499185 -0.0245042 -0.0631835 0.4954990 0.2110609 0.2525945 0.2731133 0.1259553 0.2944113 0.1093618 0.0080852 -0.2154036 -0.2546915 -0.4397124 0.0548965 0.2881296 0.0707432 0.1484301 0.4836169 0.4180836 0.2326412 0.1553232 0.1975082 0.1772143 0.2113545 0.2743778 0.4053572 0.3136602 0.2629723 0.0622159 -0.0675050 0.0145981 0.1017569 0.3505601 0.5253779 0.2797526 0.2839129 0.3084514 0.2482129 0.4036340 0.2939963 0.4550474 0.5688554 0.4896415 0.3659162 0.5817041 0.6578149 0.4733960 0.5755692 0.3967255 0.5419114 0.4839685 0.7362931 0.5352094 0.3844037 0.2032913 0.6317261 0.4524983 0.4945297 0.5947561 0.6293322 0.5766276 0.7203055 0.5095127 0.3883335 0.0917859 0.4717076 0.2676338 0.5719179 0.4702055 0.5042426 0.4432123 0.3221878 0.0742240 0.5090987 0.6102199 0.3110037 -0.0344585 0.6126179 0.5143336 0.5434163 0.2708349 0.6176354 0.5022605 0.1088103 0.5000937 0.7198377 0.1276322 0.4677443 0.5619557 0.3489292 0.3748405 0.4950486 0.3194622 0.2350472 0.1577926 0.7139955 0.3937515 0.6999105 0.2743135 0.6640816 0.2236310 0.1780156 0.1426933 0.2853886 0.2188755 -0.2492674 -0.2898383 -0.2963718 -0.2180997 0.0022951 -0.0769513 0.4879770 -0.3582107 -0.6191371 -0.2129764 0.4498124 0.3126712 -0.0826111 0.2521264 0.0469103 0.3704567 -0.2869328 0.2305296 -0.2354059 -0.1281402 0.1498562 0.0607564 0.2507833 -0.2419568 -0.3672752 0.0055389 0.1008815 0.1783926 -0.0972635 0.1800344 0.5769920 -0.2239305 -0.1519290 -0.3881672
