0.0000000 0.6963708 -0.1591197 0.3887444 -0.0665385 0.2156667 -0.4612579 -0.0606060 -0.0937132 -0.2482175 0.1517157 -0.3895712 0.0284010 0.0971696 -0.0681019 -0.0778342 -0.0281152 -0.3438356 -0.2678987 -0.1423283 0.4615104 0.3974535 0.0350021 -0.4085845 0.2762484 0.3051515 0.1487810 -0.2771119 -0.1475828 0.1863263 0.0025591 0.1374819 -0.2726670 -0.4753097 0.3769597 0.4015264 0.3886307 0.5012188 0.2653221 -0.4477067 0.3675422 0.1102741 0.2384486 -0.2311000 -0.2920895 0.4107070 0.3942522 0.0766056 0.1853725 0.0690453 0.4053482 0.0824853 0.0232416 -0.2516347 -0.1566315 0.2224969 0.3773136 0.1649845 -0.3125375 0.2012394 -0.1449179 -0.0191507 -0.1339519 0.1718294 -0.1733561 0.0426893 0.0971854 -0.5617633 -0.1089753 -0.1578578 0.0040356 0.1738540 -0.1702964 -0.0030041 -0.0735216 -0.0479163 -0.0479157 0.0448658 -0.0165282 -0.0932668 -0.0352197 0.0296872 0.0064114 0.4992046 0.5883288 0.4639488 0.3678696 -0.0256127 0.5585294 0.1836727 0.1275817 -0.1169074 0.0777143 0.0560812 -0.1883857 -0.3341140 0.4878055 0.3542750 0.2906836 -0.0566501 -0.1189166 0.3950025 0.3406308 0.0528484 0.3602894 -0.3636151 0.5532467 0.4326759 0.6093601 0.0657100 0.1480392 0.4743870 0.1800738 0.1047549 -0.0846429 0.4686353 0.4768168 0.4116438 0.5044555 0.7009073 0.8037623 0.2309979 0.1539885 0.2316601 0.3390739 0.5878524 0.0859993 0.5343009 0.5755625 0.4859117 0.5966901 0.3910951 -0.0527501 0.4482751 0.4005553 0.6242558 0.6577217 0.6387202 0.6643360 0.4571200 0.3621401 0.5795687 0.3428513 0.6126129 0.6019386 0.5770070 0.4621854 0.4526345 0.1513499 0.6088215 0.5078240 0.5752406 0.4352407 0.4648151 -0.0082596 0.5055776 0.6747924 0.5361077 0.6059379 0.7103417 0.4368220 0.2956178 0.5834332 0.5915757 0.2955350 0.3641061 0.5941725 0.6645420 0.5915910 0.4193487 0.4139813 0.1986976 0.7742020 0.2973383 0.4121184 -0.4671863 0.0817630 -0.1753414 0.3853075 0.2511425 -0.0475419 0.3907226 0.3971128 0.3351306 -0.0584115 -0.5921538 -0.1083908 -0.1918996 -0.0072710 -0.1320709 0.3613601 -0.1919635 -0.2804215 0.2074977 0.6187425 0.1955313 -0.0934160 -0.2530630 -0.1445249 0.3623114 0.0873207 -0.4944589 -0.0842448 -0.1662796 0.1297116 -0.1219395 0.1204536 -0.0503910 0.3676702 -0.3282736 -0.3759980 -0.0850464 -0.4265122 -0.4165022 -0.3888893 0.3619358 0.4420664 -0.0402831
0.6963708 0.0000000 0.2828026 0.5408822 0.1737596 0.3809992 -0.2906867 0.2062923 -0.1338491 0.1174174 0.3084995 -0.1670034 0.2245345 0.0291602 -0.4261634 0.0528016 0.0304243 -0.4240761 -0.0988877 0.2031352 0.3976060 0.3812012 0.1895467 -0.1932994 0.2362488 0.2262624 0.1780251 0.0046692 -0.1147362 0.3374034 0.2045716 -0.1656186 -0.3296772 -0.4132400 0.4098810 0.2206151 0.1946898 0.3190875 0.4126427 -0.1964719 0.2527193 -0.0477937 0.2182621 -0.2649638 -0.4156008 0.0581109 0.1371901 -0.0644315 -0.1265801 0.0347174 0.1501117 0.0688475 -0.2765658 -0.3089787 -0.3714657 -0.1242979 0.0870870 0.0398574 -0.0330177 0.2665961 -0.2578129 -0.1151606 -0.2069619 -0.0563793 -0.3311925 -0.0840570 0.0049571 -0.4470062 -0.2344586 -0.1364748 -0.0685428 0.0751810 -0.1266180 0.0430771 0.0098745 -0.0711888 -0.1730157 -0.0119992 -0.1805689 -0.0942996 -0.1897063 0.1244474 0.1613617 0.5515842 0.3044027 0.6332705 0.6289128 0.3324418 0.6470555 0.4990524 0.1492417 0.2979103 0.1038767 0.2696146 -0.0509264 0.1210892 0.2299875 0.4035099 0.2250271 0.1478114 0.2837926 0.4596646 0.2906504 0.2674258 0.3396677 -0.0249235 0.4845528 0.4482046 0.4744168 0.4200000 -0.1499197 0.4824681 0.3999701 0.3681925 0.2655295 0.1856628 0.3143282 0.2732825 0.5215075 0.3955712 0.5884114 0.3606583 0.1837330 0.4204317 0.4264721 0.2479267 0.0741325 0.4200435 0.3672771 0.2894240 0.5303190 0.1732507 -0.1771351 0.3002630 0.4407812 0.4428511 0.5541026 0.3345896 0.4060236 0.2904535 0.2228131 0.5185495 0.3412900 0.5582236 0.4800871 0.3542748 0.3800354 0.3653885 -0.0184398 0.6684144 0.5005693 0.5667710 0.3176794 0.1889886 -0.1359313 0.4778801 0.4901385 0.4489206 0.4714734 0.5625074 0.4274905 0.3654753 0.4432873 0.2311177 0.2130184 0.2315891 0.3615132 0.4062274 0.3732832 0.4558790 0.2627856 0.0006405 0.7229087 0.2073372 0.7552408 -0.1389094 0.3256381 0.2589426 0.4290328 0.3368824 0.1561276 0.4237159 0.3982087 0.3340497 0.0870926 -0.3278222 -0.0795977 -0.2113183 -0.1927908 -0.4191278 0.2305668 -0.4370932 -0.4531144 0.2170929 0.3254897 0.0671802 -0.3521197 -0.4539505 -0.2236524 -0.1128961 0.4372631 -0.2694976 -0.0417362 -0.4366918 0.2551394 -0.2983907 -0.2625890 -0.0335032 0.6777140 -0.2311509 -0.0898892 -0.2888251 -0.3110839 -0.2269272 -0.5351327 0.3200315 0.7151198 0.4424291
-0.1591197 0.2828026 0.0000000 0.0171672 0.5751850 -0.0865591 0.3913923 0.2055098 -0.2309666 0.3001708 0.1276434 0.4464220 0.5328274 -0.1571143 -0.3867743 0.0271340 -0.0502183 -0.1458286 0.0091344 0.4235610 -0.2119106 -0.0990168 -0.0053890 0.2836186 -0.2682297 -0.4607359 -0.1132788 0.2547486 0.2140200 0.3071076 -0.0376317 -0.3602696 0.0747050 0.2536861 -0.2294250 -0.2201624 -0.4368563 -0.1708561 0.0295104 0.0474124 0.0084417 -0.0510051 -0.1062168 -0.1044586 -0.2497643 -0.4807603 -0.4717985 0.1799644 -0.2590209 -0.1605609 -0.4029709 -0.2405511 0.0090035 -0.2756913 -0.0407873 -0.3925703 -0.4236921 -0.4231479 0.3521361 -0.1802412 -0.0261439 -0.3861337 -0.0398604 -0.1537455 -0.0654715 -0.1634018 -0.2917042 -0.2270983 0.0128815 -0.0223401 -0.3261060 0.1868953 -0.3176693 0.1286974 -0.2080338 -0.1613819 0.1207586 -0.3991946 -0.3740752 0.0143695 -0.1826465 -0.0149063 0.1245837 0.0563356 -0.3071478 0.1605287 0.1346017 0.3699773 0.2470101 0.4423033 0.1486117 0.5984575 0.0792766 0.0962973 0.3642566 0.1817591 -0.1074706 0.0004624 0.2683450 0.2473870 0.3020970 0.0167369 -0.1646626 0.2370937 -0.0330410 0.2428244 -0.2276777 -0.1928590 -0.2656654 -0.0182923 -0.1265545 -0.2732847 -0.0592169 -0.1424653 0.0356322 -0.0791351 0.0448228 0.0232344 0.1525415 -0.2856703 -0.0230818 0.2961811 -0.0734961 0.0163291 -0.1656643 -0.2473552 -0.1580123 -0.0063084 -0.2882929 -0.3303764 -0.0849052 -0.0852867 -0.2409344 -0.1750092 -0.0173497 -0.2843650 -0.1068889 -0.3672075 -0.2356844 -0.3545360 -0.0900233 -0.2971479 -0.1567974 -0.1567712 0.0264144 -0.3666361 -0.1138774 0.0353077 -0.3377873 -0.0796628 -0.2487591 0.0430973 0.0985541 -0.2530412 0.0189467 -0.2394734 -0.4084501 0.1606141 -0.3804234 -0.3456546 0.1481788 0.2200452 -0.4065279 -0.4975856 0.0700799 -0.0639974 -0.2401599 -0.2782548 -0.1433946 0.1927105 0.1047415 -0.0736524 0.1269531 0.4434959 0.4270975 0.6106658 0.3546369 0.4834076 -0.1656235 -0.2435034 -0.1092074 -0.2843974 -0.0604665 -0.2781418 0.0707564 0.1068746 -0.0033056 0.0428015 0.2143787 0.1734733 -0.3600106 -0.0741920 0.1676871 -0.3210787 -0.3111075 -0.2225824 0.0649881 0.1764295 0.3008945 -0.3851124 0.2243253 -0.0411995 -0.0776743 -0.0714670 0.4989457 -0.0821604 -0.2242890 0.1402485 0.1358296 0.2824035 -0.0380852 -0.0346433 0.4619807 0.5305543 0.0513959 -0.2273334 0.2253520 0.4784773
0.3887444 0.5408822 0.0171672 0.0000000 -0.2840355 0.2226557 0.0081153 0.6248480 -0.3104274 0.1055859 0.6610847 -0.4824476 0.0375090 0.0790872 0.0837886 0.4623825 0.3895974 -0.0587534 0.3101613 -0.2529015 -0.2233850 0.3308740 0.4180823 -0.3376164 0.4544646 0.4813215 0.2646005 -0.2492127 -0.3329596 0.2386110 -0.0932054 0.0164372 -0.3482298 -0.4614429 0.3376309 -0.0953798 0.3996375 0.1347963 0.3912861 0.1713404 -0.0678377 -0.3743532 0.4847493 0.0359523 -0.2271177 0.3452248 0.4305066 -0.2469558 -0.1883111 0.3361889 0.4489484 0.3193787 -0.5494517 0.0665525 -0.3647465 0.1373257 0.3714148 0.2940747 -0.0459161 0.6154676 -0.4157173 0.2156113 -0.3324993 -0.2475122 -0.6383309 -0.0079194 0.4439472 0.0006967 -0.2188969 -0.0483429 0.3126578 -0.3501716 0.1979793 -0.3713992 0.1315313 0.0818411 -0.5223572 0.1607762 -0.0841892 -0.2194428 -0.4621332 0.1591455 0.2977353 0.6003358 0.4364736 0.4382916 0.5305292 0.2161307 0.7027383 0.6237262 0.1991264 0.2441869 0.0253520 0.1103158 0.1849283 0.2039427 0.1915265 0.3151344 0.3591611 -0.1591920 0.2387903 0.4214106 0.2026002 0.3112474 0.2779662 0.2207114 0.2801743 0.3528871 0.2467432 0.4020522 -0.0080230 0.4236734 0.4347685 0.5398463 0.4270315 0.1328034 0.3315016 -0.0229090 0.2546500 0.1241705 0.4481074 0.3804365 0.2116890 0.1051897 0.4334529 -0.1105870 0.3356359 0.4670811 0.1213210 0.5433560 0.7651927 0.3010659 0.3105545 -0.0045011 0.5672711 0.5341327 0.6833974 0.0322205 0.2964956 -0.0815665 0.5107420 0.2589157 0.3747538 0.4238513 0.5731314 0.5494225 0.4349714 0.3975231 0.2720858 0.5462587 0.2521453 0.6666600 0.4434060 0.6405640 0.1399643 0.5312950 0.4458872 0.6598393 0.4591211 0.2526147 0.7538866 0.5364790 0.5005632 0.0328435 0.6746504 0.6229035 0.5845049 0.5044336 0.3398147 0.6064271 0.6297662 0.3242359 0.3884931 0.1879635 0.1044412 -0.5213565 -0.3577036 -0.1879994 0.0302014 0.0967376 -0.2490184 0.0267161 0.0220661 0.0050886 -0.2030237 -0.5004093 -0.4638461 -0.5614784 -0.7345128 -0.7309912 0.0896478 -0.4878557 -0.5792231 0.0702831 0.0284643 -0.2815240 -0.7849442 -0.6833592 -0.6560873 -0.3689492 0.3621917 -0.2616804 0.1094546 -0.3431656 0.0982506 -0.5143825 -0.4248802 -0.3430458 0.5304848 -0.7210525 0.2468385 -0.2254760 -0.4360816 -0.4200827 -0.6377050 0.1553710 0.4571301 0.3974910
-0.0665385 0.1737596 0.5751850 -0.2840355 0.0000000 -0.1577806 0.1744138 -0.0173733 0.0660369 0.2005038 -0.0967094 0.2765777 0.6086086 -0.0956941 -0.3347555 -0.2690795 -0.0922704 -0.0341870 0.0981298 0.6047256 0.0791587 0.2144011 0.0078920 -0.0354642 0.1380529 -0.2052774 -0.1075341 0.1143035 -0.1036059 0.3215352 0.2895730 0.1860011 -0.2651826 -0.1053657 0.1161296 0.2539851 -0.0507402 0.1091919 0.1213442 -0.2549606 0.4067829 0.0438870 0.2213397 -0.5593585 -0.0810440 -0.0869256 -0.1356821 0.2256119 -0.3107550 -0.3269194 -0.1205555 -0.0766719 0.1007000 -0.1333533 0.1396228 -0.0132846 -0.0115617 -0.1535148 0.3320285 0.0826854 0.1716972 -0.0976278 0.2268265 -0.0712394 0.2225089 0.3687099 -0.1794464 -0.1251361 0.3110100 0.0744840 -0.1242039 0.1213908 -0.0254141 0.3354303 0.0410037 0.2385128 0.4459874 -0.1564701 -0.0855692 0.3531265 0.1552198 -0.3399413 -0.2017641 -0.1978192 -0.3118025 0.1191468 0.0590411 0.0884459 -0.0263687 0.1226561 0.3157894 0.4922345 0.2222346 -0.0605866 0.2088843 0.4030652 0.0834595 -0.0305915 -0.1240391 0.1495807 0.1901871 0.0342178 -0.3028153 -0.1339764 0.1469407 0.1882282 -0.2471324 -0.3204742 -0.2158134 0.0366009 0.0097777 -0.3854959 -0.1571784 -0.0206055 -0.3366374 -0.1674395 -0.3619232 -0.2064491 0.0801010 -0.3709100 -0.1853242 -0.1193458 0.1512058 -0.0189215 -0.1898379 0.0781364 -0.1696923 0.0692559 -0.0127970 -0.1455375 -0.0435398 0.1314699 -0.1740808 0.1093588 0.0883750 -0.2042721 -0.1041013 0.0910187 -0.1048344 0.0038648 -0.0057165 0.0835905 0.1207773 0.1802544 0.0271005 -0.1338878 0.1978136 0.2602646 -0.1056384 0.2067663 -0.1146944 0.1263241 0.1569500 -0.0296964 0.3878463 0.1464065 -0.0840466 0.1468609 -0.0644918 -0.1702646 0.1302541 0.1997265 -0.0226137 -0.1034626 0.1006771 0.1772580 0.0018987 -0.0289744 0.0194522 0.1665171 0.1627903 0.1383223 0.0279585 0.1995665 0.5707432 0.6371867 0.5033418 0.3720719 0.1694165 0.2010570 0.2034381 0.1396453 0.1080609 0.0218583 0.1906191 0.3780901 0.3239872 0.5370777 0.4803181 0.2690236 -0.4735823 0.2670917 0.3156690 -0.1564919 -0.1388345 0.1224507 0.3389793 0.2442790 0.5979302 -0.1392754 0.0473951 0.2635942 -0.3314364 -0.2144150 0.5206576 0.2469926 -0.0141663 0.1789271 -0.1275334 0.4682338 -0.3879430 -0.0899595 0.5679507 0.3821263 -0.0541674 0.0459506 -0.1999366 -0.0020479
0.2156667 0.3809992 -0.0865591 0.2226557 -0.1577806 0.0000000 -0.1292713 -0.1027348 0.6050506 0.4400629 0.0003822 -0.1318888 -0.1615346 0.1113096 -0.3642431 0.1242195 0.0073255 0.0324119 -0.2985744 -0.0908506 0.0930182 0.0826966 0.4713364 0.3613733 0.1040744 0.3414358 0.2234585 0.3173094 -0.0941448 0.2728092 -0.0440921 -0.0063529 0.4285571 0.2046764 0.5674190 0.0089295 0.3251400 -0.3187772 0.2835386 -0.2335818 -0.3028070 -0.0471603 0.1359633 0.2951790 0.1434042 -0.1307391 0.1298616 -0.5170409 0.3568816 -0.1586109 0.0675330 -0.1844221 0.1180690 -0.0362906 -0.4072858 -0.1309336 0.0507140 0.3009470 -0.5247757 0.1094610 -0.2398962 0.0529055 -0.1270610 0.3460227 0.3145335 0.0697457 0.0508463 0.1250092 -0.5542991 0.2840425 -0.0554688 0.2399410 0.2945000 0.1161719 -0.1403754 0.3130800 0.0692054 0.1722718 0.1637996 -0.0332555 0.0460959 0.4170566 0.3116752 0.2970908 0.3566135 0.3308824 -0.0547203 0.1606693 0.2107738 -0.0152668 -0.2095998 -0.4173204 -0.2421222 -0.1842318 -0.3365407 -0.1905729 -0.1426835 0.2714580 -0.2565750 -0.1969458 -0.0639594 0.0207339 0.3816253 -0.3544529 -0.1772332 0.0711150 0.4688372 0.5694598 0.3764590 0.3837370 -0.1014372 0.4778573 0.5384525 0.4281581 0.6261002 0.0043530 0.0159443 0.1566919 0.1897617 0.5133446 0.4757445 -0.1312657 0.2666286 0.2569571 0.5137009 0.2179513 0.1739989 0.1145636 0.4102336 0.3574895 0.2720224 0.3072922 0.0623718 0.3240521 0.3120672 0.2451669 0.3851009 0.2760099 0.3665066 0.3153713 0.2888005 0.4344839 0.0678305 0.5012126 0.2825404 0.2440259 0.3576401 0.3344398 0.2433881 0.2927290 0.2476306 0.1274098 0.3548014 0.1120322 0.1243321 0.3693534 0.2781275 0.1262527 0.2179112 0.3007634 0.0307541 0.1953127 0.1675970 0.1549086 0.0831456 -0.0573995 -0.0348155 0.0291544 0.1198208 0.0879080 -0.0161282 0.0814315 0.1067960 -0.3022430 0.2501218 -0.2320690 0.2534876 -0.0299704 -0.0150519 -0.1086374 -0.0655547 0.1982527 -0.0636059 -0.0206437 -0.4490206 -0.0084685 -0.4282619 0.1052373 -0.2472514 -0.3172262 0.6103914 -0.2062832 -0.3668259 0.6117386 0.3984760 0.4886331 -0.0896312 -0.2234683 -0.1812040 0.1396333 -0.0247044 0.0266541 0.4350592 0.2095537 -0.0299455 0.1698374 0.1486593 -0.1043590 -0.0170928 -0.1599161 0.1207458 -0.3195757 -0.1352550 -0.1454035 -0.2172780 0.1570113 0.3414412 0.2647999
-0.4612579 -0.2906867 0.3913923 0.0081153 0.1744138 -0.1292713 0.0000000 0.3384393 0.1516970 0.4123763 0.2106858 0.3453388 0.3533656 0.1365490 0.3496393 0.2125960 0.3816725 0.5110412 0.2241364 -0.1130746 -0.2936596 -0.2618465 0.1004928 0.3641993 -0.1808176 -0.2176285 -0.0833773 0.5334263 0.3818743 0.0265255 -0.2882456 0.0357246 0.2105848 0.3201262 -0.1779218 0.0656289 -0.2087853 -0.2291251 -0.2179756 0.1342409 -0.2449384 0.3458709 0.0387063 0.1215013 0.4346637 -0.0761309 -0.1293517 0.0574006 0.0259937 0.3980449 -0.0171843 -0.0926016 0.1690745 0.2422990 0.2656125 0.1153922 -0.1379395 -0.0958053 0.4691791 0.0200030 0.4482362 -0.0008329 -0.0234612 0.1225115 0.0680119 -0.0800709 -0.0259234 0.2429848 0.2994735 0.2732419 0.0549227 0.1425024 -0.0532978 0.1537253 0.1250489 0.1004799 0.1759888 -0.0124717 0.0210543 0.2426065 -0.1019309 0.1091962 0.1683294 -0.1974808 -0.5710339 -0.3521727 -0.1836096 0.1098070 0.0056769 0.1953829 0.0190349 0.2134026 -0.0373170 0.1934949 0.4786561 0.1256634 -0.2390025 -0.0555505 0.3050877 0.2160914 0.4562444 -0.3152898 -0.5555601 0.4070367 -0.1936095 0.4893188 -0.5665580 -0.4900597 -0.5920748 -0.1754721 0.0989704 -0.4172494 -0.1257130 -0.2892024 -0.0158541 -0.3119326 -0.2087119 -0.3498327 -0.5112482 -0.4377182 -0.3057292 -0.3281815 -0.3452906 -0.1862550 -0.4294039 -0.4949975 -0.1831742 -0.1343031 -0.4609374 -0.1350453 -0.1410328 -0.1261729 -0.1022979 -0.0982393 -0.0635581 -0.3321449 -0.1743367 -0.4423228 -0.3094071 -0.3660457 -0.0262775 -0.3940902 -0.0566830 -0.2319388 -0.1050435 -0.1908532 -0.1276238 -0.0267875 0.1447346 -0.3479369 -0.5084399 -0.1386239 -0.0286710 -0.0772136 0.1924025 -0.0719382 -0.3183397 -0.0215196 -0.3080253 -0.5436630 0.0299918 -0.1003443 -0.2754548 -0.3135511 0.0299328 -0.0108165 -0.2813283 -0.1759786 -0.0752011 -0.0855842 0.0546047 0.2305992 -0.3269753 0.1901504 -0.1588024 0.3276229 0.0225047 0.1428494 -0.0327242 0.0008878 0.1303749 -0.1981275 -0.0366475 -0.1084616 0.1656424 0.3696094 0.2256039 -0.0111173 0.0935569 0.1359080 -0.3591025 0.4231671 0.3600627 -0.5101919 -0.4562851 -0.4548961 0.0138121 0.1685612 0.1295214 -0.3605252 0.0811963 0.3969234 0.0872117 0.2284619 0.4442869 -0.2590902 0.0385694 0.0974052 -0.1630665 0.1808065 0.1901396 0.1213482 0.5785351 0.2749581 0.4010372 -0.2536440 -0.2018729 0.0119384
-0.0606060 0.2062923 0.2055098 0.6248480 -0.0173733 -0.1027348 0.3384393 0.0000000 -0.3076376 0.2543102 0.8369206 -0.2138437 0.4709952 -0.1745529 0.2450454 0.7711216 0.3370856 0.0360554 0.7319704 -0.2487417 -0.2136014 0.2915938 0.5683501 -0.3594630 0.3568587 0.5674304 -0.2561979 -0.2240137 -0.2954622 0.1333127 -0.2020604 -0.0269739 -0.4788152 -0.3529582 0.2856764 0.1275875 0.3022138 0.2462301 0.1567202 0.2632372 -0.0808854 -0.0501234 0.4349765 -0.1105321 -0.0552974 0.3787358 0.4651200 -0.0198573 -0.2677200 0.5558773 0.5656211 0.3098225 -0.4556800 0.3149700 -0.0451049 0.3034673 0.4605617 0.2888573 0.5283760 0.7003320 0.1694975 0.4245453 -0.0389499 -0.1149301 -0.5030950 0.3173855 0.7273180 0.2941066 0.3379515 0.2011301 0.6555005 -0.0421412 0.3980563 0.1555765 0.6034861 0.2590350 -0.1878460 0.3518754 0.1907159 0.3167963 -0.1278410 0.1790796 0.4376558 0.2894707 -0.0483930 0.1468153 0.3440763 0.4321896 0.4316039 0.6077443 0.1428148 0.3639708 -0.0895165 0.3890272 0.3176807 0.3979935 -0.1023612 0.1649621 0.3632646 0.3208435 0.6396199 0.0116518 -0.0827229 0.5446379 0.0810101 0.3372629 -0.0106620 0.0969259 -0.1584067 0.3907631 0.0148015 0.2648962 0.4131914 0.4578666 0.4514300 -0.1574052 -0.1564130 -0.1780739 -0.2229860 -0.3116607 -0.0954748 0.1733290 -0.0994055 -0.0292103 -0.2208097 -0.5276414 0.4809037 0.0206596 -0.4047794 0.3145795 0.2697816 -0.0711694 0.3757955 -0.2954796 0.3238656 0.1598052 0.0466676 -0.4400922 -0.3723759 -0.1923142 0.2204780 -0.1209337 0.5177042 -0.0859877 0.0353537 0.2738452 -0.0842614 -0.1248403 0.3074477 0.1959143 -0.0662400 0.1429775 0.0442454 0.4063632 0.2093066 0.2818665 0.3107530 0.1956939 0.3537939 -0.0202016 0.5616431 0.3883293 0.2585100 -0.0081333 0.4442466 0.3203400 0.3615064 0.4013817 0.3315277 0.3852342 0.5224405 0.4436060 0.0477860 0.1090637 0.0527056 -0.0962782 -0.1597120 0.0800962 0.2023385 0.3170504 0.1210200 0.2067133 0.3342725 0.2049825 0.2826596 0.0708889 -0.0074376 -0.3479383 -0.4306750 -0.4713955 -0.0773812 -0.0799769 -0.2775716 -0.0438668 -0.2061260 -0.3189645 -0.6518877 -0.4858277 -0.2645814 -0.7382885 0.3362542 -0.2108539 0.1294732 -0.3344090 0.1380655 -0.4612168 -0.5603398 -0.1048636 0.3578715 -0.3708036 0.3523800 -0.1294389 -0.1099545 0.0069866 -0.3772222 0.0923091 0.0970698 0.2171599
-0.0937132 -0.1338491 -0.2309666 -0.3104274 0.0660369 0.6050506 0.1516970 -0.3076376 0.0000000 0.4756196 -0.3555285 0.0983264 0.0213594 -0.1697102 -0.0165564 -0.1495131 -0.2616774 0.3381856 -0.3219437 0.1256542 -0.0404409 0.1498488 0.3004852 0.4969883 0.1586852 0.1705896 0.1831641 0.5199832 -0.0807228 0.3197999 -0.2804358 0.4930040 0.4955405 0.3756193 0.4624932 0.0429267 0.3452519 -0.3781970 0.1188735 -0.1910809 -0.2934637 0.1548918 0.0568266 0.2873430 0.4446113 -0.0582449 0.1170014 -0.3660866 0.5184793 -0.1374981 0.0495773 -0.1167953 0.3746964 0.2805601 -0.0858828 0.0256113 0.1052256 0.4323342 -0.2657233 -0.0249382 0.1934751 0.2486398 0.1898117 0.5540773 0.5189630 0.3748801 -0.0220190 0.3679750 0.0451527 0.5572029 -0.0257881 0.2831018 0.3159212 0.3849453 -0.0030626 0.4687872 0.5468744 0.2498206 0.3899734 0.2321068 0.4713956 0.1314691 0.1730823 -0.0645418 0.0134900 -0.0184062 -0.2746341 -0.1000998 -0.1954503 -0.3599601 -0.0491837 -0.4401422 -0.0948510 -0.4311214 -0.1103051 -0.2299174 -0.2261160 0.0202972 -0.3999573 -0.1848794 -0.1360143 -0.2892324 -0.0412754 -0.4581511 -0.3316647 -0.0631722 0.0553612 0.1384228 -0.0661164 0.2242640 -0.0555945 -0.0722915 0.0657241 0.0123189 0.1639260 -0.2839109 -0.3961627 -0.2064664 -0.2794452 0.1107532 0.0191180 -0.5972373 0.2744550 -0.1796545 -0.0109084 0.1361625 0.0285354 -0.2018754 0.1203016 0.0613791 -0.1468365 0.1570290 0.0969085 0.1294378 -0.0176977 -0.2030122 -0.0480693 0.0951092 0.1169457 0.1251514 0.0204311 0.0192435 -0.0312530 0.1325631 -0.0025938 -0.1129662 0.1935341 0.1945461 0.2264690 -0.0509851 -0.1757432 -0.1856635 0.2215651 -0.1226838 0.3757734 0.1001599 0.0518736 -0.1159892 0.0624724 -0.0495955 -0.1490322 -0.0068977 -0.1062143 0.1020707 -0.0769814 -0.1685115 -0.2470354 -0.1459578 -0.0779366 -0.1793121 -0.1317536 0.2382110 -0.1914267 -0.1490156 0.1317427 0.1511359 0.1760387 -0.0236799 -0.1437654 -0.0666091 0.1368261 0.0575664 -0.1967032 -0.1321141 -0.1864599 0.3913990 0.0391130 0.5037569 0.1395679 0.1256201 0.2303554 0.2898976 0.1608296 0.2979614 0.0659779 0.4501820 0.3611986 0.2685023 0.2691167 0.2491106 -0.3253217 0.4385368 0.1124296 0.4700703 0.2498891 0.4866758 0.5149770 0.3432919 -0.5621188 0.1410854 -0.1426915 -0.2151792 0.4273508 -0.0867375 0.2717570 0.1351534 -0.2948446 -0.2617578
-0.2482175 0.1174174 0.3001708 0.1055859 0.2005038 0.4400629 0.4123763 0.2543102 0.4756196 0.0000000 0.3449377 0.2034326 0.1721838 0.1105279 -0.0428727 0.4216668 0.3144878 0.2988674 0.1136304 -0.0293831 -0.3292269 -0.1292910 0.6873935 0.5794293 -0.0818856 0.0570240 0.0216856 0.5973037 -0.0307297 0.2464477 -0.2700044 0.0696816 0.3724691 0.3926546 0.3281761 -0.1316221 -0.0422986 -0.2201640 0.2287994 0.3135954 -0.1848511 0.0708186 0.2301317 0.3670991 0.3488259 -0.2422271 -0.0756580 -0.0038461 0.1888403 0.0205341 -0.0343570 0.0644839 0.1155374 0.2461742 0.1998256 -0.0943517 -0.0834555 0.1488560 0.1049025 0.1185071 0.3532302 0.3377625 -0.0158463 0.2485650 0.2832374 0.1788430 0.1346208 0.5543701 0.0122273 0.5456902 0.1210101 0.2758374 0.4562267 0.3140964 0.0719352 0.5584409 0.3529718 0.1688081 0.2746995 0.4372851 0.2779930 -0.1741910 0.0144400 -0.1305789 -0.2616829 -0.1508075 -0.1153503 0.1842616 -0.0538972 0.0666225 -0.1506761 -0.0840148 -0.2718265 -0.2225288 0.2389545 0.2300613 -0.3855854 -0.0277617 0.0313304 -0.1130162 0.1971768 -0.3850891 -0.4595936 -0.0577655 -0.2780640 0.2083432 -0.2657374 -0.0307641 -0.2904787 0.2475578 -0.2435210 -0.0958885 0.4197800 0.2303907 0.4291832 -0.1268001 -0.1603797 -0.2237397 -0.1149361 -0.1266276 -0.0937421 -0.1624252 -0.0981918 -0.0214268 0.0074273 -0.3628432 0.1064316 -0.3963700 -0.1808210 0.0583302 0.0261435 -0.2128424 -0.0293575 0.1445597 -0.2483955 -0.2117071 -0.0183847 -0.1488258 -0.2065631 -0.0078661 -0.0406355 -0.1191838 -0.1599719 0.1162926 0.0032877 -0.1367007 0.0746527 0.0395714 -0.1710145 -0.1633632 -0.1880225 -0.0640868 0.2599751 -0.1721075 0.2489046 0.1001600 -0.2010931 0.0097687 -0.2904275 -0.2398448 0.0914537 0.1037136 -0.1383653 -0.1676087 0.1064208 -0.0831066 -0.4131570 -0.3671861 -0.3145311 -0.0514157 -0.0774239 -0.0436733 0.0059158 0.0707564 0.2574527 0.2033875 0.1732427 -0.0530092 -0.2104836 -0.1681854 -0.0441962 -0.0200404 -0.0876890 -0.0411717 -0.0196552 0.5204202 -0.0322915 0.2307305 0.0103142 -0.0072861 0.1069904 0.0864865 0.0262765 0.0631398 -0.1594963 0.0708851 0.0449502 0.1451225 0.2008770 -0.0941937 0.3641709 0.4633508 0.3885507 0.0520114 0.2592672 0.2569026 0.0180193 -0.0576916 -0.0610574 0.2967394 0.2170224 -0.2133295 0.4758608 0.1959639 0.1604720 -0.2089418 -0.1860286 0.1942731
0.1517157 0.3084995 0.1276434 0.6610847 -0.0967094 0.0003822 0.2106858 0.8369206 -0.3555285 0.3449377 0.0000000 -0.2638682 0.3405510 0.0948760 0.3008656 0.8214825 0.4951402 -0.0036494 0.6100093 -0.4632087 -0.1440806 0.2355729 0.6478304 -0.1974870 0.2890845 0.4925632 -0.0481822 -0.0884758 -0.2289944 0.1402163 -0.2358767 -0.0977418 -0.3142377 -0.2782643 0.3228328 0.1518833 0.2561370 0.3759555 0.2909289 0.2967633 0.0053440 -0.0463378 0.5448296 0.0306706 -0.0270118 0.3796271 0.4394777 0.1727662 -0.1359349 0.4996902 0.5383051 0.4219595 -0.3332918 0.2785835 0.2289709 0.3721060 0.4308496 0.3105567 0.2263758 0.6506030 0.1924670 0.5270420 0.0648007 -0.0872895 -0.3553758 0.2298154 0.7210276 0.3237361 0.1676932 0.2341480 0.7116555 0.0459100 0.5045206 0.1508593 0.5799816 0.3986140 -0.0918304 0.4688650 0.3355456 0.3877139 0.0006078 -0.0038490 0.2513384 0.3723108 0.1338590 0.1837739 0.2372099 0.3462405 0.5158394 0.5184743 0.1121904 0.1916597 -0.1547479 0.2721922 0.3182817 0.3002657 -0.0009497 0.1402038 0.4174097 0.2034271 0.5248650 0.0774942 -0.0583154 0.4602118 0.1337729 0.3187664 0.1289898 0.2878623 0.0963317 0.3716647 0.1602516 0.4311729 0.6010910 0.3994126 0.3556883 0.0840056 -0.0022415 0.0713378 -0.0252520 -0.0239937 0.1340802 0.1523123 -0.1764098 0.1944367 0.0501603 -0.3510837 0.5062051 0.1181694 -0.1208721 0.5621174 0.4912067 -0.0318141 0.2919502 0.0300309 0.1661442 0.4258270 0.2670697 -0.1927751 -0.1692094 0.1203814 0.3438961 0.0763816 0.3845924 0.1671241 0.1850056 0.5372327 0.0384031 -0.0221362 0.0843858 0.2881446 0.2167706 0.2632526 0.1883979 0.4419983 0.1771990 0.4123101 0.3525262 0.2872302 0.2357398 0.2154818 0.5878983 0.3644591 0.4153435 0.2242040 0.4817938 0.3663925 0.3513607 0.3516043 0.2026776 0.2841670 0.4297028 0.1883484 0.3091377 0.1673528 0.0709047 -0.2711537 -0.0932126 -0.1853112 0.2185079 0.1431222 -0.1423037 0.2626621 0.3128114 0.3276073 0.1429137 0.0197712 -0.1248951 -0.2574914 -0.3286306 -0.3645687 0.0946002 -0.0546864 -0.2720695 0.0164216 0.0106201 -0.2224569 -0.5230994 -0.3894777 -0.2431200 -0.4304122 0.4778117 -0.2021996 0.3157195 -0.3781607 -0.0282668 -0.3527536 -0.2964502 -0.2983137 0.4707841 -0.3183018 0.4621958 0.0859012 -0.2814124 -0.1025005 -0.3432700 0.1589474 0.1658300 0.3922974
-0.3895712 -0.1670034 0.4464220 -0.4824476 0.2765777 -0.1318888 0.3453388 -0.2138437 0.0983264 0.2034326 -0.2638682 0.0000000 0.0430407 -0.2479646 0.1217876 -0.3492932 -0.3086470 -0.2859079 -0.4605746 0.3397472 0.1668816 -0.3869816 -0.1425861 0.5381934 -0.6418142 -0.6406353 -0.0491619 0.3518086 0.6116452 0.2352937 0.1160536 -0.3537487 0.4205778 0.6110361 -0.1596046 -0.1838088 -0.6768891 -0.2543837 0.0504330 0.2751215 -0.1388720 0.3036520 -0.2745474 0.3561668 0.0789044 -0.6340967 -0.7966675 0.2996067 0.0481382 -0.2612299 -0.7350304 -0.0783339 0.1302352 0.0432696 0.2457977 -0.5871026 -0.7121405 -0.2675646 0.1532423 -0.3799045 0.2493691 -0.2736939 -0.0326155 0.1004240 0.0707998 -0.3619188 -0.5267580 0.0584920 -0.0831284 0.3239470 -0.4967667 0.4588294 -0.2949946 0.4144527 -0.2521496 -0.0660639 0.3345424 -0.2924238 -0.1085377 0.1838061 0.1404948 -0.2140288 -0.2702555 -0.3549714 -0.3865341 -0.2305771 -0.4006875 0.4718915 -0.2412599 0.1878584 -0.3096387 0.0146976 -0.3406231 0.1707046 0.1752431 -0.0766710 -0.3692174 -0.4208386 -0.0685618 0.3822529 0.1578478 -0.4132181 -0.3218890 0.1688829 -0.3000378 -0.0849682 -0.3679367 -0.3639627 -0.3858912 -0.3797376 -0.4401315 -0.4692129 -0.1121766 -0.2223545 0.0448212 0.1937207 -0.0083141 0.1985390 0.1124168 -0.3419865 -0.1775237 0.0806013 -0.2855976 0.4209324 -0.1795171 0.0605074 -0.2551577 -0.3000354 -0.0298973 -0.4033229 -0.4142558 -0.4436515 -0.3723401 0.2224185 -0.3714621 -0.3825805 -0.2331853 -0.0917826 -0.0880695 -0.0072233 -0.4025090 -0.2658789 -0.5615911 -0.2160385 -0.1039541 -0.4840409 -0.1603443 -0.1625374 -0.3864150 -0.4298359 -0.2056013 -0.1381342 -0.1113639 -0.6608452 -0.2204159 -0.5130927 -0.5000364 -0.2564988 -0.6027876 -0.2323074 -0.3821429 -0.3210170 -0.5912702 -0.2019785 -0.5011477 -0.4829660 -0.6225300 -0.4523078 -0.3824108 -0.3608569 -0.4121009 -0.3157975 -0.0764890 0.2947995 0.2386316 0.7365371 0.5458208 0.6679181 -0.0496504 -0.1598433 0.2512286 -0.1723422 -0.1077758 -0.0737838 0.0527026 0.4377540 0.1026086 0.2067519 0.5833702 0.6251525 -0.3550539 0.4045538 0.5382473 -0.1309962 -0.2135558 0.1202813 0.5627677 0.5874230 0.5761464 0.1635558 0.3148027 0.1586913 -0.1960103 0.1316029 0.1431207 0.3307347 0.1553985 0.4646327 -0.1354378 0.6735282 -0.0870549 0.1639283 0.5603446 0.7657557 0.5087113 -0.3175097 -0.0105123 0.0781600
0.0284010 0.2245345 0.5328274 0.0375090 0.6086086 -0.1615346 0.3533656 0.4709952 0.0213594 0.1721838 0.3405510 0.0430407 0.0000000 -0.3903824 -0.1555995 0.1308587 -0.1459353 0.1709797 0.3010230 0.1950700 -0.1088768 0.5321508 0.2225867 -0.0654490 0.3696898 0.1201107 0.0172106 0.1595756 -0.1859147 0.4930343 -0.3236329 0.3093768 -0.3088623 -0.1100438 0.1460164 0.3061332 0.2559122 0.1809219 0.2557064 -0.1240959 0.1814220 0.1258017 0.3234586 -0.3551149 0.0794209 0.1824557 0.2473466 0.1155822 -0.1176749 0.2513671 0.2934310 0.1221106 -0.0050202 0.2442800 0.0663636 0.2773227 0.3147368 0.2388963 0.3742772 0.3091785 0.2602076 0.2501150 0.2724521 0.0948215 -0.0584717 0.5016519 0.2490756 0.0179197 0.5663673 0.2999788 0.3217860 0.1222455 0.1753517 0.4837416 0.4127874 0.3469933 0.5290377 0.2251925 0.1353506 0.4862703 0.1605728 0.1237160 0.4960489 0.3653996 -0.1685457 0.3961089 0.3721849 0.3248836 0.4548846 0.3624026 0.6266460 0.5611955 0.3003181 0.0605356 0.5293086 0.3585834 0.2308263 0.3755527 0.1763929 0.3351944 0.4741911 0.2310971 -0.0925849 0.1596110 0.2895742 0.4435253 0.0370662 0.0144593 -0.0943971 0.3572794 0.4211163 -0.0412325 0.1702999 0.0511976 -0.1396746 -0.3437528 -0.4872087 -0.1227223 -0.2330878 -0.2490714 -0.0498442 -0.1200024 0.1048893 -0.1733865 -0.3495949 -0.1655265 0.2246970 0.2400084 -0.1993799 0.0896036 0.0678522 0.2758009 0.1318491 -0.2572111 0.3417594 0.0554112 -0.1026979 -0.3503611 -0.2583005 -0.1404717 0.3226592 -0.1469936 0.4171925 -0.1010892 0.0600741 0.0867542 0.0435145 0.1671648 0.2115619 0.3034143 -0.2292947 0.0962994 0.1896505 0.2119368 0.5153896 0.0891469 0.1748264 0.2614768 0.1741705 -0.1284775 0.4795883 0.4538960 0.0798758 -0.0417928 0.3677780 0.2921219 0.3096828 0.2523827 0.2657902 0.3945208 0.4991771 0.4794418 0.0390600 0.2934868 0.4485111 0.5142753 0.1919602 0.2593929 0.1981863 0.2715443 0.1548616 0.1801719 0.2016025 0.0308340 0.2239174 0.2457343 0.3540007 0.3538953 0.2443698 0.1068593 -0.3656006 0.3548247 0.3401583 -0.2207328 -0.1827029 -0.0928072 0.0036412 0.0603174 0.3027902 -0.5164784 0.0326680 0.0224477 -0.2175624 -0.1317474 0.6997640 -0.1617739 0.0219299 0.2487856 0.0088797 -0.0817842 -0.0309834 0.0513553 0.4004620 0.1465101 -0.0863111 0.1345749 -0.0385496 0.1895406
0.0971696 0.0291602 -0.1571143 0.0790872 -0.0956941 0.1113096 0.1365490 -0.1745529 -0.1697102 0.1105279 0.0948760 -0.2479646 -0.3903824 0.0000000 -0.0782918 0.0889608 0.8286043 0.3649028 0.0863160 -0.4551087 0.1806425 -0.5537040 -0.1271514 0.0275909 -0.3118746 -0.1257191 -0.1056970 0.2237484 0.3133407 -0.6331027 0.3091323 -0.2260774 0.0925716 -0.0467541 -0.2429875 0.3511523 -0.2472285 0.1396485 -0.3856322 -0.2202349 0.2440561 0.3314069 -0.1072375 -0.1337657 0.3126099 0.0429484 -0.0272194 0.1122581 0.0526999 0.1358446 0.0218381 -0.2767891 0.3390424 -0.3593544 0.2449149 0.1961533 -0.1269151 -0.4521492 -0.0553366 -0.2157576 0.1809479 -0.2541947 -0.3041928 0.0275127 0.3750605 -0.4029612 -0.1960184 -0.2035135 -0.2733248 -0.3579092 -0.1065091 -0.0083112 -0.1464045 -0.3699268 -0.2154314 -0.1299305 -0.2708038 -0.1650249 -0.1621370 -0.0635435 -0.3139071 -0.1060662 -0.4333784 -0.3642979 -0.2833959 -0.4463245 -0.1511945 -0.4332854 -0.2381660 -0.2771213 -0.3529681 -0.2429790 -0.0693748 0.1594787 -0.1781211 0.0708749 0.0748506 0.1262041 0.2699827 -0.2579471 -0.0915305 -0.0707028 -0.3168605 0.0468595 0.0864230 0.2459788 -0.2575426 -0.2777695 0.0138614 -0.3713057 0.1873693 0.0176448 0.0332949 -0.1487049 -0.1505676 0.1797450 0.3439266 -0.0068117 0.0424970 0.2967961 0.0432208 -0.1333606 -0.4866366 0.1114635 0.1575576 -0.0821888 -0.4520944 -0.0026887 0.1071058 0.0483049 0.1127597 -0.0484161 -0.4908464 0.4647428 -0.1503414 0.0966816 0.1448368 0.3811060 0.1286517 0.2370985 -0.0146840 0.3655362 -0.1217081 0.3378046 -0.0286130 0.1806188 0.0670829 0.0612174 0.0014482 -0.1108294 0.1191131 0.0035290 -0.1247892 0.0678218 -0.2706100 0.2894698 -0.0607531 -0.0662173 -0.1634133 -0.0167056 -0.2558136 -0.3631556 0.2421265 0.0971193 -0.1533656 -0.0171041 -0.1436712 -0.0881414 0.0421527 -0.1623724 -0.2633993 -0.2991930 0.0059103 -0.3277605 -0.2556762 -0.4675999 -0.0195398 -0.4580526 0.2573083 0.1157877 -0.0298135 0.1587877 0.2054520 0.2819979 -0.0057753 -0.1046466 0.0660466 -0.2085723 -0.0086159 -0.0755688 0.2438909 -0.0261820 -0.1523839 -0.1919080 0.2091061 -0.2587029 -0.0933861 -0.1855131 -0.2432598 0.2393577 0.1907666 0.2558073 0.3843436 -0.0721743 -0.2283533 -0.2860738 -0.0229532 -0.6412166 0.2766211 0.2011358 0.1031479 0.1131954 -0.2256102 -0.1746687 0.0689275 -0.2416223 0.0856950 -0.0391488
-0.0681019 -0.4261634 -0.3867743 0.0837886 -0.3347555 -0.3642431 0.3496393 0.2450454 -0.0165564 -0.0428727 0.3008656 0.1217876 -0.1555995 -0.0782918 0.0000000 0.2620211 0.1383974 0.0073586 0.1674343 -0.3621257 -0.0482276 -0.0111719 0.1608655 -0.1019828 0.0618612 0.1640473 -0.0335836 -0.1309445 0.0815378 -0.0052877 -0.2358203 0.1908446 -0.0262290 -0.0408112 0.1304893 0.0334430 0.1137318 0.2035436 -0.0082511 0.3179527 -0.1622397 0.1472173 0.2811761 0.2865559 0.1322865 0.3984001 0.2103981 0.2719402 0.1239364 0.3599226 0.2896539 0.4380758 -0.1022068 0.4806365 0.4867574 0.3426461 0.2653743 0.3404341 0.1488538 0.3389471 0.3724604 0.4431305 0.2102268 0.0654238 -0.2577308 0.1109956 0.3983104 0.3965580 0.3395200 0.3191537 0.4177417 0.0926195 0.2041627 0.1433081 0.3831268 0.1998117 0.0144898 0.3458766 0.4324083 0.2207360 0.2481149 -0.2351340 -0.1631800 -0.1248301 0.0737294 -0.3366359 -0.3505749 0.0062189 -0.0344314 0.0851879 -0.1335954 -0.2336686 -0.2478747 0.1259105 0.1755561 -0.2520798 -0.1479267 -0.4539406 0.1575049 0.1629689 0.1507925 -0.3406423 -0.2653454 0.3545667 -0.2131613 -0.2246115 -0.2181837 -0.1492093 -0.2179850 -0.2246323 -0.0590206 -0.1096332 -0.1301430 -0.1698941 -0.0857373 0.1848594 0.0123888 -0.0318330 -0.2537550 -0.2149089 -0.0904011 -0.1936855 -0.1866478 0.0326709 -0.2201059 -0.0480676 0.2162104 -0.1067651 -0.0953205 0.2989457 0.1098562 -0.2190449 0.3007490 0.1162924 -0.2092677 0.0697670 0.0742785 -0.0371952 -0.0050990 0.0517586 -0.0363373 -0.1996815 0.0125505 -0.0811914 0.0587209 0.2449012 -0.0466217 -0.1429268 0.0594704 -0.1992244 -0.0110291 0.0378632 0.0116259 0.1630251 0.0958906 0.0674094 0.1019314 0.0005792 0.0485681 0.0666133 0.1237002 -0.1534946 0.0719494 0.3202639 0.0768968 0.1256522 0.0628740 0.2068774 -0.0140871 -0.2285410 0.1045141 0.1738573 0.0069434 0.2856133 -0.3840142 -0.1810091 -0.2262858 -0.1626605 0.0279961 0.0049250 -0.0108874 -0.0307366 0.0432827 0.1781195 0.1571260 0.1102437 0.0216274 -0.1612335 -0.0103963 0.1352210 -0.1344422 0.3600206 0.1689483 -0.1508524 -0.1105425 -0.1352777 0.0571536 0.1553914 0.0631137 0.1473669 0.0442694 -0.0321136 -0.0415440 0.1081691 -0.1905322 0.0532669 0.1806050 0.1814517 -0.1717744 -0.0351980 0.0818545 0.2684879 0.0197302 -0.0403520 0.2373244 0.1414189 -0.3567673 -0.3435645
-0.0778342 0.0528016 0.0271340 0.4623825 -0.2690795 0.1242195 0.2125960 0.7711216 -0.1495131 0.4216668 0.8214825 -0.3492932 0.1308587 0.0889608 0.2620211 0.0000000 0.4771361 0.1081688 0.6924648 -0.4892127 -0.2564330 0.0541425 0.6819278 -0.1225312 0.1847319 0.5775399 -0.3425146 -0.0753989 -0.3115617 -0.1269874 -0.3060281 -0.1589350 -0.1400091 -0.1608349 0.2697217 0.0161572 0.2614264 0.1567113 -0.0516918 0.2274969 -0.2447001 -0.0699108 0.2905279 0.0948957 -0.0330799 0.2941424 0.4636894 -0.0279563 -0.0283648 0.4250349 0.5587197 0.1646207 -0.1993488 0.2154391 0.1429231 0.3441983 0.4307936 0.2422682 0.3145498 0.5136150 0.2661742 0.4812811 0.1753334 0.0130836 -0.1510302 0.2879901 0.7965483 0.4453767 0.1968894 0.1829866 0.7358231 0.0977282 0.5366836 0.1108033 0.5867642 0.2798503 -0.1819329 0.4834052 0.4424267 0.3121173 0.1532930 0.1583745 0.3272301 0.1287869 0.0142680 -0.0844908 -0.0053534 0.1875880 0.1860207 0.2242788 -0.1538764 -0.0398926 -0.2762828 0.2320391 0.0742305 0.0796710 -0.3258420 -0.0376549 0.2958063 0.1882885 0.4371028 -0.2539258 -0.0403814 0.3651280 -0.2442323 0.1371247 0.0385638 0.2680137 -0.0604258 0.3428466 -0.0043611 0.4198464 0.4292414 0.2641376 0.5241058 -0.0957258 -0.0738694 -0.0368590 -0.2756702 -0.0318177 -0.1006722 -0.0095650 -0.2272529 -0.0822166 -0.1597063 -0.5807720 0.4907087 -0.2786771 -0.4232859 0.3392183 0.1421299 -0.2418268 0.3688764 -0.2048568 -0.0777071 0.0711845 -0.0917594 -0.4067177 -0.4661390 -0.0307254 0.0361824 -0.1673761 0.3556469 -0.1267642 -0.2014892 0.2475224 -0.3228248 -0.3807802 0.0972781 -0.0556365 0.0452934 -0.2031626 -0.0900210 0.2417504 0.0396178 0.2549217 0.1735893 -0.0974061 0.1906042 0.0474890 0.2641572 0.1383342 0.1838951 0.1044724 0.2526975 0.0354653 0.0758668 0.1389518 0.1042243 -0.0002824 0.1825251 0.1386704 0.0435219 -0.0646903 -0.1693776 -0.3358770 -0.1776216 -0.2598797 0.0309296 -0.0169041 -0.1439182 0.1637393 0.2912108 0.2276233 0.2356490 0.1244505 -0.1229817 -0.3046716 -0.4554789 -0.4395528 0.3343296 -0.1717109 -0.3893677 0.1216114 -0.0514273 -0.1617310 -0.4957027 -0.3401501 -0.2280298 -0.4646287 0.1866256 -0.1740842 0.5713300 -0.0687213 -0.2485537 -0.2262473 -0.3602479 -0.2479028 0.2393973 -0.2136573 0.5331775 -0.0109275 -0.2559368 -0.0949130 -0.1612594 0.1555915 -0.0263584 0.2155281
-0.0281152 0.0304243 -0.0502183 0.3895974 -0.0922704 0.0073255 0.3816725 0.3370856 -0.2616774 0.3144878 0.4951402 -0.3086470 -0.1459353 0.8286043 0.1383974 0.4771361 0.0000000 0.4735945 0.4291099 -0.5271158 -0.0883716 -0.3746795 0.2267275 -0.1177346 -0.0998016 0.1177777 -0.1348837 0.1341437 0.0630482 -0.4704267 0.1480459 -0.0936371 -0.1117444 -0.1950900 -0.0811064 0.2814086 -0.0669258 0.1720585 -0.2345018 0.0169293 0.1508477 0.2083482 0.1534296 -0.0897574 0.3124238 0.2180109 0.1777159 0.0608536 -0.0491777 0.3562457 0.2773739 -0.0398684 0.0622585 -0.0493195 0.2441666 0.3261667 0.1245962 -0.1936070 0.2420864 0.1840426 0.2473461 0.0765604 -0.2461056 -0.0330753 0.0498789 -0.1809753 0.1868670 0.0848570 -0.0181652 -0.1251376 0.2398073 -0.1394358 0.1340340 -0.3546878 0.0908555 0.0687631 -0.3430714 0.0874876 0.0285752 0.1027182 -0.2916106 -0.1057877 -0.2268910 -0.2537989 -0.3438202 -0.4288095 -0.0302947 -0.1896654 -0.0621751 0.0700235 -0.2532454 -0.0718864 -0.1645916 0.2647698 0.1462759 0.2422099 -0.0393015 0.1028737 0.4535902 -0.1616711 0.2012800 -0.1438428 -0.4743388 0.2809978 0.0443274 0.3924734 -0.3977171 -0.3301788 -0.2098747 -0.2036798 0.1136041 -0.0129795 0.1808552 0.0484325 0.1003675 0.1308686 0.2603816 -0.1043131 -0.0721524 0.0174890 -0.0760512 -0.0688330 -0.4953238 0.0009410 0.0294369 -0.4061819 -0.2222392 -0.0563568 -0.1588752 0.1529836 0.2065417 -0.1133626 -0.2485113 0.2601459 -0.0466663 0.0789860 0.1399442 0.0834255 -0.1152061 0.0067275 0.0558540 0.1389984 0.0434872 0.2182044 -0.0196004 0.2407802 0.0263339 0.0021059 0.1612207 -0.1009902 -0.0682205 0.0700004 -0.0843310 0.2460705 -0.0988183 0.3495716 -0.0306918 0.0552896 -0.0664877 -0.1733356 0.0534080 -0.2227215 0.2721308 -0.0075802 0.1013409 0.1696578 -0.0171811 0.0514985 0.0949745 -0.0373197 0.0335917 -0.0332676 -0.0701329 -0.1942085 -0.2151379 -0.4119806 -0.2244347 -0.4580826 0.2001003 0.1894742 -0.0394025 0.1217055 0.2258782 0.2510118 0.0776702 -0.0457409 0.0353790 -0.3850649 -0.2758315 -0.3070762 0.0628214 -0.0057063 -0.1634561 -0.2904926 -0.0569454 -0.4452373 -0.3381737 -0.2979631 -0.2997693 -0.1318167 0.4049688 0.2771749 0.4133912 -0.1048485 -0.0881957 -0.4491993 -0.2877011 -0.5923261 0.3973514 0.0311967 0.3083365 0.1065296 -0.1363256 -0.1740031 -0.0191386 -0.2120560 0.0050272 0.0490913
