0.0000000 0.4778407 0.2646577 -0.1947851 0.0248798 -0.3502733 0.0298439 -0.2861777 -0.0951016 -0.2184048 -0.4085879 0.0757375 -0.1186010 0.1524467 0.2518229 -0.4084716 0.0257045 0.2142001 -0.5954935 0.2647578 0.0146947 -0.2008240 0.0255698 0.2273505 -0.4150672 -0.1433759 0.4907895 0.4261513 -0.1630423 0.4306469 -0.1170393 0.0252054 0.2312123 0.0702178 0.2908783 -0.4988727 0.1865874 -0.0395710 0.4890702 0.1234239 0.1264368 -0.5974195 0.4084715 0.3998432 -0.3328760 0.0525368 0.0385261 -0.0087265 0.2169907 0.0340316 0.1084996 0.1016113 -0.0664868 -0.1320708 -0.0574567 -0.1314428 -0.1837924 -0.0600828 -0.1295857 -0.0313888 -0.4487363 -0.3309355 0.0128096 -0.0165616 -0.0823576 -0.5014832 -0.3522016 -0.2124560 -0.1057787 -0.0722735 -0.2767709 0.0616462 -0.3182712 0.0412542 -0.1088133 0.0600987 0.2041061 0.0803068 0.2313764 0.2813509 0.4060743 -0.2114760 -0.1657891 -0.1398708 0.0850930 -0.1374312 -0.0398422 0.0423965 -0.2595104 -0.1918130 -0.3319429 0.1519075 -0.1170073 -0.1471029 -0.0251803 -0.1600316 0.0454759 -0.2045084 -0.1608937 -0.2848516 -0.2588384 0.0798037 -0.0859400 -0.1055780 -0.1812341 -0.0691408 0.0481869 -0.3521866 -0.0370757 0.0155954 -0.2545969 0.1506658 -0.1960786 -0.2249600 -0.0922942 -0.0759075 -0.1075614 -0.1977325 -0.3180179 -0.2755842 -0.2605318 -0.1915277 -0.3419548 -0.3517291 -0.2014736 0.3393208 -0.1640829 -0.4150309 0.1221514 -0.2838423 -0.2932429 -0.0938295 -0.1778356 -0.3089334 -0.0531406 -0.1628435 -0.2369460 0.0164668 -0.2216448 -0.1535960 -0.1441162 -0.0979653 -0.2294143 0.0329467 0.1526787 -0.0916988 -0.1924241 -0.2405762 -0.0847522 -0.0568976 -0.1072740 -0.0159473 -0.1368289 -0.1409309 -0.1398184 0.0202364 -0.1502060 -0.1645250 -0.2677918 -0.0968967 -0.0230782 -0.0619014 -0.3198324 -0.0473839 0.0153595 -0.1739808 -0.2068459 -0.1815202 -0.1717665 0.0458100 -0.1577028 0.0696923 0.3614329 -0.2920244 -0.4627080 -0.1139120 0.4520920 0.3973013 0.1663554 -0.2157130 0.0910739 -0.3244717 -0.5861089 -0.4618481 -0.4822550 0.0416018 -0.0675079 0.0565411 0.3340434 0.5061440 -0.1304538 0.4740915 0.5242588 -0.3655333 0.1055107 -0.0188678 0.1995612 0.3409192 0.4602211 0.3579763 0.3747730 0.3615146 0.4388930 0.4716612 0.3909792 0.2396045 0.2902670 0.6152715 0.3301830 0.4382480 0.5829233 0.4607168 0.4248127 0.2410493 0.1628250 0.0315234 0.1211261 0.2364641
0.4778407 0.0000000 0.5522816 0.2943625 0.1982560 0.2368215 0.3705995 0.3026665 0.3369993 0.3263129 0.1257102 0.5233762 0.3528872 0.4883695 0.4214607 0.1464779 0.4458919 0.4405267 -0.0020733 0.4230124 0.2789491 0.4678076 0.3334482 0.4533889 0.2196993 0.2559319 0.6530162 0.5620230 -0.0371599 0.6122730 0.3961758 0.4885872 0.2998238 0.2624732 0.3367878 -0.3229480 0.3577344 0.4295322 0.4995719 0.1838547 0.5856022 -0.4084531 0.4160465 0.3622997 -0.0521899 0.2615254 0.2689658 0.4843334 0.3589347 0.2729875 0.2874406 0.2087093 0.2017993 0.1051788 0.3181741 0.2094549 0.1687470 0.2342505 -0.1483307 0.1582933 -0.0741770 0.0404715 0.3459818 0.2197956 0.0983931 0.0592754 0.0134611 0.2101066 0.3192610 0.3509304 0.1026250 0.3030608 0.1148769 0.2978458 0.4732336 0.3339143 0.4166530 0.3247189 0.4157684 0.5680806 0.4105601 -0.0009771 0.0373673 0.0108504 0.1424331 -0.1710402 -0.2531236 -0.2612859 -0.1463012 -0.1509697 -0.2596274 0.0108769 0.0656504 -0.3464909 -0.3008259 -0.2743845 0.2765244 -0.1122084 -0.3818068 -0.2002768 -0.1621069 -0.0905886 -0.1128625 -0.0427007 0.0875872 -0.1948532 -0.0411422 -0.1505993 0.1171711 -0.0476476 -0.2253280 0.1887911 -0.1743716 -0.3608004 -0.2365749 -0.2760118 -0.3637628 -0.3384694 -0.3750960 -0.2594581 -0.2663697 -0.2923324 -0.4319127 -0.1757858 0.0784711 0.2511837 -0.3070469 -0.4821717 0.2107770 -0.2227217 -0.0845099 -0.2758738 -0.3106707 -0.2963071 -0.0044177 0.0248729 -0.0078093 0.2148641 0.0929923 -0.3956241 -0.0111485 -0.1205012 0.1184304 -0.3040001 0.3106513 -0.0974229 0.2789849 0.2536424 -0.1208059 -0.2359040 -0.3418530 -0.2000107 0.0162543 -0.1754308 0.0621743 -0.2591376 -0.0724275 -0.0596728 -0.2126871 -0.3088631 0.1165699 -0.2341219 -0.4108714 -0.1225173 -0.0363431 -0.3980724 -0.3308587 -0.2751723 -0.2805806 -0.1769345 -0.1739263 -0.1567605 0.4730431 -0.1043100 -0.1043359 0.1887819 0.6239156 -0.0293662 0.2739171 -0.4354814 -0.4446193 -0.3660604 -0.4793906 -0.4441493 -0.0202578 0.3162148 0.1498250 0.3082648 0.6388858 0.7195664 -0.1829278 0.5953189 0.4942671 -0.3389446 -0.0306417 -0.1433320 -0.3124234 0.3036493 0.4176323 0.0657470 0.5462096 0.4767064 0.7883442 0.8225814 0.4015594 0.3065217 0.3361409 0.4494805 0.4603461 0.4651688 0.6420951 0.4527087 0.5302650 -0.0060222 0.3102861 0.2022705 0.4891539 0.5170844
0.2646577 0.5522816 0.0000000 0.4168676 0.7473952 0.4736339 0.2277968 0.4706767 0.1798386 0.2089389 0.1939024 0.1675602 0.5523193 0.2297315 0.3394336 0.2666383 0.4229744 0.3118935 -0.2105735 0.4434323 -0.1514717 0.1996356 0.4678059 0.3080344 -0.1895695 0.0010933 0.4373985 0.1676652 -0.0596176 0.1839557 0.2995116 0.2662424 0.0730073 0.1100480 0.0637277 -0.5379243 -0.0184326 0.3633729 0.0918930 0.0036564 0.4622456 -0.4644604 0.1492307 -0.2149309 -0.1393560 0.0455108 0.1357903 0.5592043 0.0353990 0.2766929 -0.0153812 -0.0565681 0.0986256 -0.1099239 0.4586707 0.2136317 -0.0537608 -0.0417774 0.0680175 -0.2866881 -0.0001304 -0.2661397 0.5761971 0.1196255 0.0345695 -0.0295398 -0.3340269 0.0612465 0.4920214 0.1426023 -0.1801424 0.1712099 -0.1255694 0.1826132 0.3732632 0.1615406 0.1920517 0.2419159 0.1179909 0.2412767 0.2106906 -0.0219783 0.0809987 0.1124740 0.0997462 -0.1095846 0.0314299 -0.1665387 0.0802034 0.1132468 0.1412469 -0.0372519 0.1458307 -0.0330846 0.0344686 -0.0428391 0.0520190 0.0595336 0.1191708 0.1388065 0.4099707 0.0811654 -0.0844880 0.3413085 0.1537851 0.1590736 0.0987134 0.1387674 0.1674520 0.1455759 0.0196648 0.2120718 0.1663474 0.0299100 0.0790646 0.1240456 -0.0013493 0.0263500 0.0439679 0.0044099 0.0601755 -0.0658419 -0.6860210 -0.0340119 0.4167304 0.0727460 -0.2376738 -0.5763898 0.2222746 -0.0616610 0.0740543 -0.5804990 -0.3294076 0.2668230 -0.3986861 -0.0429763 0.1412960 0.0839771 0.0117024 -0.6464216 -0.3131355 -0.3854796 -0.0360412 -0.0747272 0.4037357 -0.0865395 0.1257665 0.0358427 -0.3334671 -0.3253576 -0.3519014 -0.0038323 -0.2657101 -0.2762804 -0.4334123 -0.0872103 -0.1202683 -0.0689598 -0.0774077 -0.2855859 -0.1443945 -0.5568047 -0.4271288 -0.2728717 -0.3170395 -0.5029966 -0.5338407 -0.2290591 -0.2720376 -0.2964657 -0.4247546 -0.2141049 0.0963129 -0.2531536 -0.3836531 -0.1364650 0.1316793 -0.2652525 -0.2351766 -0.5170469 -0.3947203 -0.4779691 -0.2870702 -0.3079641 0.4104298 0.4423752 0.6771849 0.5705303 0.3043796 0.3038333 -0.0097621 0.2630171 0.1368020 -0.6424733 -0.2040272 -0.6312530 -0.5875385 0.0885163 0.1338365 -0.1034580 -0.0136359 0.4888905 0.4514191 0.3281995 0.2368693 0.1178225 -0.1639580 -0.2379487 0.1017176 0.4686614 0.4173711 0.0342992 0.1588111 -0.4029202 -0.1808668 0.0564520 0.4884009 0.0842741
-0.1947851 0.2943625 0.4168676 0.0000000 -0.0087081 0.9304168 0.4704676 0.7863879 0.7382852 0.8004952 0.7952619 0.6285750 0.1876866 0.5033019 0.6300470 0.3387066 0.3354076 0.6195710 0.2413681 -0.1433707 0.3832713 0.0548082 0.0218728 0.7288709 0.0193102 -0.1486621 -0.0474945 0.1825959 0.7472266 0.0179935 -0.0414308 -0.0920158 0.3957385 0.7381511 -0.3766024 0.0482835 -0.2885496 -0.0760336 -0.1965279 -0.0772854 -0.0420210 0.3114398 -0.2689583 -0.0965396 0.6023156 -0.2239957 -0.1308188 -0.0271976 0.5203630 -0.1258857 -0.2433848 -0.1960047 0.8097461 0.2337825 -0.1751363 -0.2293181 -0.1149136 0.6106778 0.2765606 -0.3684139 0.3528836 0.0085861 -0.1505379 0.8218153 0.7675440 0.0018879 -0.0551058 0.5618122 -0.1709291 0.7677734 -0.0805473 0.6676654 0.4694876 0.7689759 0.2017939 0.7585537 0.5938372 0.1506761 0.5074350 0.3808584 -0.1454287 -0.1342038 -0.1092632 -0.0693208 0.1700996 0.0138946 -0.3790093 -0.0706068 0.1845092 0.0972168 -0.1819577 -0.3973335 -0.2729957 0.3321576 -0.3888699 -0.3338109 -0.1014472 -0.2611181 -0.1278990 0.6477412 0.1352053 -0.2248771 -0.3044111 0.3736721 -0.1236874 -0.2878791 -0.1151742 0.0286227 0.1651440 0.2165842 0.1566708 -0.1127380 0.2509368 0.2513431 0.1407327 0.2145774 0.0967977 0.1433525 0.0232150 0.2941888 0.3833465 0.0304467 -0.3633452 0.1769435 0.5812132 -0.1066969 -0.0491288 -0.1964327 0.1882356 -0.0479723 0.2336479 -0.2321705 -0.1143202 0.3248471 -0.2632798 0.2184311 0.1538947 0.1563121 0.2055420 -0.5285193 0.1541296 -0.0188070 0.1365000 -0.0573693 0.2498694 0.4452579 0.3758208 0.3231656 0.1079732 -0.0432326 -0.1498931 0.0157540 0.1149509 0.3059957 -0.3669713 -0.0348083 0.5020219 0.2537025 0.3810151 -0.0492766 -0.0835532 -0.2286017 -0.1552674 0.4196742 -0.0599626 -0.1848940 0.2162053 0.3488485 0.2929311 0.0912851 0.0937936 0.0810112 -0.1746001 0.0352493 -0.0016529 0.1954675 0.1731883 -0.3457671 -0.1054295 -0.5706399 -0.3613039 -0.5360134 -0.1544747 -0.4784822 0.4142494 0.5120016 0.0010419 0.1984382 0.3575005 0.0990772 0.0283230 0.1938590 -0.1547142 -0.4258141 -0.1089505 -0.6259636 -0.3473555 -0.3861814 -0.3081452 -0.1648984 -0.3118266 0.1460040 0.0441519 0.1749020 0.0587046 -0.0543462 -0.1327156 -0.2821083 -0.0752239 -0.1232570 -0.0189840 -0.0538669 -0.0502361 -0.0537772 0.1698646 -0.2077912 0.3317838 0.0619774
0.0248798 0.1982560 0.7473952 -0.0087081 0.0000000 0.1569502 -0.2517281 0.2284491 -0.3215901 -0.2444192 -0.0911846 -0.3302665 0.6091802 -0.2634248 -0.2606581 0.2727362 0.1438294 -0.2397562 -0.1159305 0.5297930 -0.3351311 0.1752633 0.4524563 -0.3022972 -0.1158113 0.0516499 0.2679848 -0.2310347 -0.3565352 -0.0926341 0.3785479 0.3450150 -0.4020955 -0.4428802 0.0801729 -0.3984607 -0.0024608 0.5117246 -0.0610663 -0.0077804 0.5076519 -0.4296627 0.1037447 -0.3557824 -0.4347300 0.1434475 0.2089720 0.7185285 -0.4831469 0.3540698 0.0258235 -0.1005906 -0.4074628 -0.3713302 0.7141620 0.4252442 0.0238293 -0.4729507 0.1836061 -0.1979246 -0.1350751 -0.2944944 0.8439818 -0.3457335 -0.3660016 0.1268732 -0.4072188 -0.2765851 0.6509384 -0.3508135 -0.3359977 -0.2842203 -0.4575513 -0.2778835 0.1054907 -0.3163946 -0.2253105 -0.0998824 -0.4529804 -0.1168464 -0.0590740 0.0874950 0.1770854 0.2130518 -0.0469689 -0.0762583 0.2260189 -0.1907691 0.0818580 -0.0234969 0.3555756 0.0076599 0.3213696 -0.0862210 0.2278750 0.2059117 -0.0565891 0.3149712 0.2874740 -0.0054360 0.3853032 0.1980104 0.1006202 0.1206181 0.2605359 0.3277882 0.2175920 0.2284848 -0.0014166 0.0708830 -0.0565001 0.1698392 0.1202473 0.0269638 0.0830973 0.0716765 0.0166295 0.0436565 0.1179621 -0.1198373 -0.0926227 -0.0359901 -0.4195151 -0.1548530 0.0879474 -0.0248551 -0.1981816 -0.3793670 -0.0538486 -0.1770796 -0.1650685 -0.4337111 -0.3471571 0.0660694 -0.3027202 -0.2509831 -0.0607384 -0.2060479 -0.1866029 -0.4753124 -0.4854359 -0.5514650 -0.1414566 -0.2905765 0.1009907 -0.4330887 -0.1181250 -0.0988637 -0.5238069 -0.5259916 -0.4407395 -0.2070264 -0.5220218 -0.5708926 -0.3389729 -0.2554095 -0.4271386 -0.2222303 -0.3464185 -0.4585554 -0.1706949 -0.7219814 -0.2237640 -0.6046466 -0.5555594 -0.5312115 -0.5998493 -0.4501405 -0.5473280 -0.6002613 -0.5742190 -0.5111577 -0.0010329 -0.2212864 -0.2900289 -0.2474051 -0.0997370 -0.1559270 -0.2097607 -0.1455356 -0.2847008 -0.1634857 0.0473308 0.0753188 0.4540366 0.0405800 0.8071898 0.4455272 -0.0249878 0.0206950 -0.0971052 -0.0070489 0.0775359 -0.3570259 -0.2655188 -0.3874597 -0.4542124 0.1367278 -0.0062724 -0.2096142 -0.0000456 0.4467504 0.2235885 0.0748782 0.2529935 -0.0193365 -0.2767244 -0.3496636 0.0542673 0.4411090 0.2431940 -0.2673527 0.1469787 -0.6051302 -0.4853376 0.1868214 0.4176710 0.0225087
-0.3502733 0.2368215 0.4736339 0.9304168 0.1569502 0.0000000 0.4188211 0.7981994 0.6494996 0.7459734 0.8547209 0.5054491 0.2900110 0.3966266 0.4476229 0.5345602 0.4870520 0.4533466 0.3407216 -0.1451240 0.2814419 0.1134848 0.2189949 0.5197036 0.1249561 -0.0144971 -0.0329559 0.0167122 0.6287307 -0.0112332 0.0139727 0.0059460 0.1448811 0.5300785 -0.3296102 0.0843007 -0.2507620 0.0567292 -0.2249583 0.0280865 0.0557517 0.3609462 -0.2494652 -0.2066474 0.6395260 -0.1363528 -0.0391080 0.1197216 0.2868257 0.0059213 -0.1834119 -0.1085739 0.6618784 0.2816623 0.0323595 -0.0517137 0.0116661 0.5189849 0.3744331 -0.2770020 0.4737518 0.1411369 0.0034815 0.6416875 0.6012595 0.1968295 0.0561490 0.6213139 -0.0084244 0.6535507 -0.0064769 0.5252513 0.5021417 0.5991181 0.2275322 0.6072003 0.4296923 0.0348285 0.3311907 0.2944056 -0.3045086 -0.1107464 0.0416631 0.0931080 0.1923745 0.1396157 -0.3076250 -0.0633720 0.3570022 0.1753944 0.0355004 -0.4636782 -0.0884564 0.2681561 -0.2643619 -0.1895350 -0.1336454 -0.0664975 0.0485100 0.6400917 0.2604602 -0.0825279 -0.2083164 0.4190899 0.0723118 -0.1245489 -0.0162006 0.1892900 0.1771194 0.3085221 0.2618306 -0.0556434 0.4247432 0.4057928 0.2952692 0.3709676 0.2644372 0.3340778 0.2362877 0.4220817 0.5117598 0.2357656 -0.2261509 0.2144895 0.6457174 -0.1888161 0.1353036 -0.1046012 0.1894447 0.1052995 0.3375016 -0.2360393 0.0759078 0.3803308 -0.2107861 0.2384748 0.2694528 0.1732066 0.3205508 -0.5235049 0.1522537 -0.0064371 0.2701004 -0.0371748 0.2653302 0.3924027 0.4584164 0.4240220 0.1260811 -0.0302932 -0.1983371 -0.0284225 0.2043642 0.3060482 -0.2497949 -0.0826326 0.5246600 0.3126744 0.4848631 -0.1093693 0.0817103 -0.1880928 -0.0965751 0.3404577 0.0203327 -0.2403250 0.1713778 0.3729678 0.3111432 0.0473765 0.1287885 0.0815533 -0.2474408 0.0084646 0.0202013 0.2617726 0.1065069 -0.3602267 -0.1437895 -0.4604909 -0.3818704 -0.4231348 0.0511737 -0.3176974 0.6258855 0.4088207 0.1532153 0.1842005 0.2687509 0.0010178 0.1103911 0.1047519 -0.1554469 -0.2949141 -0.1434033 -0.5940339 -0.4511988 -0.3897885 -0.3989713 -0.2567642 -0.3680369 0.1058417 -0.0766449 0.0484291 0.0584414 -0.1823515 -0.2234499 -0.4558185 -0.1330815 -0.1351494 -0.1523020 -0.1880592 -0.1274798 -0.2322119 0.1216400 -0.2404632 0.4545469 0.1273364
0.0298439 0.3705995 0.2277968 0.4704676 -0.2517281 0.4188211 0.0000000 0.0821247 0.8596428 0.5336761 0.2499637 0.8624817 -0.3710140 0.4546097 0.7689034 0.0075686 0.2624161 0.4844454 0.0861575 -0.3129466 0.2914462 0.0647499 -0.2410713 0.6036049 -0.1268607 -0.3430299 -0.0692484 0.4080047 0.4042368 0.1189548 -0.3474598 -0.3561582 0.5621899 0.6436273 -0.4363090 0.1174491 -0.4006845 -0.3827870 -0.1914035 -0.2349792 -0.2632783 0.2780604 -0.3543258 -0.1971389 0.6257876 -0.4243208 -0.4641064 -0.3180220 0.3556352 -0.4494088 -0.4386253 -0.1880331 0.5180346 0.1637497 -0.3725036 -0.4720161 -0.3576932 0.3088056 -0.1570327 -0.3333524 0.4407157 -0.1283450 -0.2939854 0.4070701 0.3757814 -0.1473909 -0.0016483 0.2327734 -0.1759325 0.4022875 0.0573533 0.4364942 0.1514977 0.4455398 0.3708588 0.4247213 0.3598659 0.0923889 0.3561668 0.4463913 0.2053802 -0.1731932 0.0554733 0.0218478 0.0702538 0.1463514 -0.2742618 0.0912946 0.0085102 0.2486603 -0.3983652 -0.1649826 -0.2604365 -0.1046543 -0.3812886 -0.4752164 -0.1261589 -0.3895060 -0.2465008 0.0706566 0.1974897 -0.0825727 -0.1154869 0.2526388 -0.3895436 -0.3611222 -0.1813950 0.0064543 -0.0940461 0.1217926 0.0806951 -0.0694911 0.0799156 0.0532106 0.0864222 -0.0184936 -0.0981668 0.0659455 -0.0742683 0.1634678 0.1129393 0.0193037 -0.1790053 0.1229189 0.4341216 -0.0690759 0.0831881 -0.2286403 0.1861445 0.2747854 0.4071158 -0.1997679 0.1907961 0.1749925 0.1049685 0.4137730 0.2778796 0.2502875 0.2970584 0.0372743 0.4838416 0.3265162 0.3236827 0.1291683 0.1352559 0.4584636 0.2538305 0.2176903 0.4039094 0.3728083 0.1714085 0.0116176 0.2350602 0.5292077 0.1271902 -0.0403375 0.4016348 0.1997908 0.3279192 0.2038759 0.2226294 0.2891036 -0.3032883 0.3480885 0.2835642 -0.0743409 0.0658414 0.3011355 0.2123769 0.3303166 0.3017494 0.1667474 0.2106588 -0.0048674 0.2652562 0.4736577 0.2551581 -0.0198046 -0.0013900 -0.1094779 -0.0452803 -0.1390045 -0.0405091 -0.1657278 0.1415983 0.3342544 -0.1305234 0.1086903 0.2559960 0.1743737 0.0953111 0.1781799 0.0605356 0.0248682 -0.0139580 -0.1396897 -0.1900036 -0.0526887 0.2045964 -0.0521360 -0.1482925 -0.1923202 0.1251858 0.0161250 -0.2376312 0.0511666 -0.0851258 -0.0571775 -0.0650467 0.0924079 -0.0762186 0.2862719 -0.1829960 0.0792646 0.1921734 -0.4010092 0.2547724 0.1275863
-0.2861777 0.3026665 0.4706767 0.7863879 0.2284491 0.7981994 0.0821247 0.0000000 0.3196220 0.6858302 0.7722270 0.2615280 0.6613974 0.4960757 0.2460916 0.5581515 0.3614874 0.5335425 0.4261411 0.1029955 0.1229427 0.3126800 0.3223103 0.4566832 0.2990860 0.2298237 0.1572071 0.0922491 0.3987552 0.0983562 0.3884513 0.1850133 0.1766967 0.4171845 -0.0617952 -0.0340678 0.0081376 0.3008017 -0.0723360 -0.0180178 0.2115267 0.1012457 -0.0134902 -0.1019092 0.3052502 0.1772771 0.2565565 0.3042912 0.3427797 0.3147425 0.1021661 -0.0437565 0.5660522 0.1621890 0.1590862 0.2179811 0.2734982 0.4223708 0.0821422 -0.0697701 0.2859552 0.2002519 0.1088533 0.5506210 0.5531182 0.2896129 0.1344634 0.4876537 0.1434268 0.6299932 0.1666322 0.4460639 0.5205566 0.5236710 0.3390059 0.5401398 0.4145761 0.2604640 0.3296758 0.1712768 -0.1042908 0.2722412 0.2132009 0.2669380 0.4781047 0.1193337 -0.2297703 -0.0214952 0.3969556 0.1925827 0.1567677 -0.2000079 0.0919467 0.3084306 -0.1941838 0.0345557 0.1593915 0.0413319 -0.0308497 0.5099189 0.2229899 -0.0802283 0.0057127 0.4268718 0.2945522 0.0426128 0.1736941 0.3229731 0.3694123 0.3076358 0.1436393 0.0786012 0.2997074 0.2425204 0.1686378 0.3083808 0.1327073 0.1317764 0.2407583 0.3021376 0.3985033 0.1345177 -0.3634797 0.4018502 0.5491419 -0.0636476 0.0223783 -0.2045729 0.1869230 0.0449091 0.1960320 -0.3591574 -0.1231834 0.3938549 -0.3887419 0.0593263 0.1764775 0.1089673 0.1459068 -0.5009608 -0.0694357 -0.1689946 0.0419737 -0.0339191 0.3280176 0.1008780 0.3299392 0.3172290 -0.0783061 -0.2728749 -0.2249177 0.0267057 -0.0049952 0.0146824 -0.4171202 -0.0786621 0.3666007 0.2085909 0.2824368 -0.2080861 -0.0963387 -0.3966581 0.0237393 0.2401492 -0.2407317 -0.2164531 0.0485417 0.1461294 0.1730342 -0.1546664 -0.0988328 -0.0369951 -0.0003023 0.1251451 0.0076818 -0.0690305 0.0037167 -0.5983294 -0.1995993 -0.6286559 -0.5983730 -0.4664332 -0.1750167 -0.3308592 0.4270880 0.4901388 0.1439228 0.2845484 0.2851121 0.1061791 0.1322828 0.1892365 -0.1224903 -0.3149977 -0.0995009 -0.5032610 -0.3358652 -0.2780695 -0.3242688 -0.2099972 -0.2053173 0.2048123 0.1133446 0.2459236 0.1702936 0.1164177 -0.0483739 -0.3073965 -0.1711729 -0.1613844 0.0367436 -0.0513229 0.0122533 -0.1615381 0.2244394 0.0309280 0.2562029 -0.0165896
-0.0951016 0.3369993 0.1798386 0.7382852 -0.3215901 0.6494996 0.8596428 0.3196220 0.0000000 0.7230076 0.5217486 0.8441560 -0.3111542 0.5035611 0.8438389 0.0351275 0.2914511 0.5725692 0.0957217 -0.3384295 0.3540882 0.0465348 -0.1870370 0.7144078 -0.0633345 -0.2654588 -0.1198720 0.3351833 0.6465154 0.0791379 -0.2833945 -0.2841335 0.5378753 0.7532008 -0.4028306 0.1609743 -0.3679047 -0.3639579 -0.2172041 -0.0715184 -0.1918920 0.4148756 -0.3172481 -0.1131244 0.6886193 -0.4133907 -0.3646459 -0.3242742 0.4821153 -0.4432277 -0.3309655 -0.0823368 0.6671685 0.3048420 -0.4250016 -0.4694732 -0.2725683 0.5368455 0.0446868 -0.3144731 0.3799578 0.0086206 -0.3286757 0.6302752 0.5777900 -0.0589748 0.0426748 0.4471653 -0.2140646 0.5720659 0.0903461 0.4653431 0.3084843 0.5681380 0.3458193 0.5657008 0.4080631 0.1689759 0.4921131 0.4636757 0.0945660 -0.2261397 -0.0986088 -0.1470420 0.0067343 0.0339895 -0.2644285 0.0790120 -0.0450191 0.1373884 -0.3967432 -0.3107524 -0.4333063 0.1641270 -0.4591549 -0.5353029 -0.2297870 -0.4357367 -0.2294397 0.3184532 0.1309628 -0.2443307 -0.2988669 0.3140916 -0.3768012 -0.4199433 -0.3168900 -0.0940963 -0.0464000 0.0648465 0.0941054 -0.1829557 0.1418569 0.1073853 0.0318424 -0.0073192 -0.1206337 0.0171828 -0.1674637 0.1508351 0.1774178 -0.0804546 -0.1556971 0.1743642 0.4866623 -0.2097180 -0.0246216 -0.0702864 0.0905298 0.1190595 0.3521216 -0.1169724 0.1063346 0.1844055 0.0249234 0.3895582 0.2422385 0.1815064 0.2735708 -0.1596899 0.4797869 0.1797841 0.4523122 -0.0224146 0.0516187 0.5417104 0.2696978 0.2012986 0.3504004 0.2052980 0.0546308 -0.0397244 0.2117190 0.4926271 0.0979171 0.0085828 0.4400120 0.1078454 0.3975574 0.2280304 0.1146496 0.1602659 -0.1541378 0.4431604 0.1953984 0.0203992 0.3046424 0.2936789 0.2819587 0.3183866 0.3400916 0.1832866 0.1168881 0.0413027 0.3343895 0.5037893 0.2118043 -0.0413772 -0.0607979 -0.2380495 -0.0526051 -0.2783762 -0.0731046 -0.3213112 0.1801920 0.3798139 -0.2047151 0.0911917 0.2273355 0.0670871 0.0116039 0.1535728 -0.0188846 -0.1344048 -0.0413316 -0.3321849 -0.2473781 -0.1683161 0.0700128 -0.2002389 -0.1771100 -0.0642959 0.0734799 0.0496750 -0.2577753 -0.0857954 -0.1897307 -0.0335928 -0.0231998 -0.0117983 -0.1344255 0.1050545 -0.0877135 0.1225693 0.2130734 -0.3479582 0.1719707 0.1348387
-0.2184048 0.3263129 0.2089389 0.8004952 -0.2444192 0.7459734 0.5336761 0.6858302 0.7230076 0.0000000 0.8120031 0.6661694 0.0902291 0.7695824 0.5681233 0.3983339 0.5844471 0.7225786 0.4328104 -0.1836608 0.3638350 0.2714400 0.1984104 0.7040552 0.3434380 0.0406101 0.1521503 0.3284215 0.6363060 0.2887147 0.0473273 -0.0138977 0.4304378 0.7192408 -0.1645366 0.3150199 -0.1296490 -0.0173224 0.0316280 0.1811701 0.0035384 0.4313836 -0.0286153 0.0437663 0.6701031 -0.0257856 0.0319516 -0.0765112 0.5520389 -0.0196485 0.0283977 0.1857087 0.7473982 0.5816126 -0.1998585 -0.0962997 0.1487759 0.7730226 0.0512908 0.0442253 0.4659320 0.3913475 -0.3075836 0.6780885 0.6242414 0.2546503 0.4452822 0.7627872 -0.1377961 0.7166707 0.3692512 0.4998790 0.6714402 0.5746118 0.3236288 0.6032177 0.4211264 0.1789894 0.4330982 0.2572090 -0.1350543 0.1402347 0.1972634 0.2054682 0.4476469 0.2119392 -0.3223833 0.1898660 0.3306296 0.4038815 -0.0136397 -0.0561960 -0.0913834 0.3349489 -0.2995600 -0.1336400 0.2102791 -0.0633854 -0.2141313 0.6133938 0.1891023 -0.0645968 -0.0074539 0.5647016 0.0976175 -0.1481304 0.0908249 0.3026764 0.3358775 0.3705339 0.2824132 0.2190344 0.4563843 0.3837647 0.3362721 0.3220032 0.1812298 0.2517811 0.2217326 0.5173422 0.5453677 0.2510404 -0.1272602 0.5001122 0.7392012 0.0917425 0.2076055 -0.0466348 0.4472994 0.2581307 0.5777373 -0.1636235 0.1467560 0.3936238 -0.2437629 0.3729225 0.3980866 0.4807124 0.4897886 -0.2037364 0.3054620 0.2952816 0.1208201 0.0549650 0.3024894 0.3444528 0.5014811 0.4191988 0.1559395 0.1157329 0.0934453 0.1212634 0.3584234 0.3149895 -0.0813807 0.1384736 0.4146068 0.2698715 0.2881878 0.1821471 0.1252680 0.0514386 0.0812962 0.3873439 0.1466874 0.0736319 0.2768763 0.2579456 0.2434047 0.1390591 0.1775646 0.0362862 0.0148360 0.0337971 0.2908186 0.3776929 0.2026241 -0.2969153 -0.0570789 -0.4992635 -0.3693906 -0.3793492 -0.1123401 -0.3557974 0.3204715 0.4524728 -0.2147191 0.0110461 0.2595371 0.1681259 0.3842124 0.2139503 -0.0909706 -0.0224053 0.2436191 -0.2243669 -0.1114457 -0.3398238 -0.2287609 0.0043777 -0.1546756 0.0935700 -0.0334012 0.1437931 -0.0025933 -0.0095851 0.1443564 -0.1908216 -0.1299288 -0.1481485 -0.0557439 0.1195383 -0.1443257 -0.0185609 0.4354769 -0.2385008 0.0564454 0.1538455
-0.4085879 0.1257102 0.1939024 0.7952619 -0.0911846 0.8547209 0.2499637 0.7722270 0.5217486 0.8120031 0.0000000 0.4378989 0.2901119 0.4089000 0.2443820 0.7192696 0.5965604 0.3617147 0.5870598 -0.1773457 0.1487018 0.2945029 0.3608303 0.3954075 0.4318037 0.2643183 -0.0074278 -0.1319160 0.4924976 0.0461838 0.1481770 0.0780928 -0.0337329 0.4257100 -0.1563867 0.1739500 -0.1151626 0.1616552 -0.1206032 0.1861393 0.1198032 0.4606390 -0.1131382 -0.0322521 0.7094482 0.0565213 0.1156975 0.0916683 0.2658095 0.1394224 0.0073578 0.0942771 0.5747886 0.6167579 0.0606771 0.0884883 0.2495037 0.7092753 0.2273461 0.0366554 0.5634553 0.5167093 -0.1219372 0.5269989 0.4624026 0.4211464 0.4193148 0.8332479 -0.0836428 0.6763604 0.2892381 0.3651553 0.7002086 0.4190542 0.1577586 0.4502240 0.2313903 -0.0390173 0.2724144 0.0561868 -0.4667070 0.0285119 0.2109822 0.3065939 0.3854211 0.3064899 -0.3000977 0.1092330 0.5309821 0.3699889 0.2323846 -0.3726122 -0.0266052 0.2068184 -0.1970187 -0.1044131 -0.0514454 0.0378551 0.0413893 0.6943229 0.2942588 0.0074451 -0.0482686 0.5506450 0.2487113 -0.0398373 0.1018760 0.2807566 0.3536606 0.3351400 0.3697429 0.1225180 0.4594320 0.4541831 0.3258676 0.4302451 0.3395758 0.3194378 0.3661167 0.5496040 0.6220860 0.4256648 -0.0407206 0.3529505 0.6152878 -0.0455746 0.3091556 -0.0325935 0.3683592 0.2019734 0.4742448 -0.2519756 0.2489679 0.4095884 -0.3700151 0.2307566 0.3696257 0.3871178 0.5089020 -0.3441731 0.2425301 0.2131533 0.2742160 0.0286331 0.3186588 0.3352730 0.5954303 0.5338289 0.1799353 0.0852199 -0.0159271 0.1193730 0.4349732 0.3372368 -0.0301764 0.1190532 0.5577382 0.3836187 0.4777268 0.0292142 0.2091420 0.0245472 0.1420578 0.4273004 0.1948315 0.0524045 0.3515453 0.3941293 0.4038571 0.1274192 0.2284246 0.1377664 -0.2116250 0.1546723 0.1636310 0.4088803 0.1170609 -0.4235497 -0.2081935 -0.5136735 -0.4741692 -0.4021382 0.0858637 -0.2899203 0.5724790 0.1988438 -0.0565964 -0.0845314 0.0989458 -0.0759059 0.3222327 0.0018178 -0.1924115 -0.0760636 0.1571120 -0.3773521 -0.1852390 -0.4869172 -0.5289147 -0.1296610 -0.3822795 0.0243980 -0.2132379 -0.0118083 0.0719822 -0.2866935 0.0059857 -0.3803779 -0.3198983 -0.4309151 -0.2757860 -0.3364964 -0.2468971 -0.3045644 0.1985846 -0.3064370 0.1920149 0.1692301
0.0757375 0.5233762 0.1675602 0.6285750 -0.3302665 0.5054491 0.8624817 0.2615280 0.8441560 0.6661694 0.4378989 0.0000000 -0.2010417 0.5753496 0.7206128 0.1299557 0.3186538 0.5441446 0.2626901 -0.1895591 0.5306415 0.2336609 -0.2109145 0.7026232 0.0731390 -0.1848833 0.0535946 0.4920634 0.5379359 0.2992318 -0.1830296 -0.1832427 0.5788278 0.7487148 -0.3558674 0.1406756 -0.2457521 -0.1994174 -0.0078028 -0.1116788 -0.1255072 0.3191140 -0.2548195 0.1180176 0.6750652 -0.2635303 -0.2979171 -0.1905806 0.5552314 -0.3147548 -0.3115762 -0.1633768 0.6531927 0.3336951 -0.2972703 -0.3717450 -0.2003663 0.5903505 -0.1067689 -0.2331125 0.4034956 0.0169476 -0.3082860 0.6324950 0.5000184 -0.0738065 0.0418685 0.4402102 -0.2373147 0.6817262 0.0165173 0.6359460 0.3277149 0.6527379 0.3445668 0.6215086 0.5760223 0.1188882 0.4981936 0.5738055 0.1323379 -0.1118872 -0.0005363 -0.0447796 0.0949504 0.0725732 -0.4044115 -0.1289845 0.0223244 0.1003089 -0.4930282 -0.2885660 -0.3534905 -0.1618434 -0.5133970 -0.6193467 -0.1214970 -0.4950304 -0.4491991 0.2067398 -0.0413608 -0.2439601 -0.2035723 0.1329335 -0.4401896 -0.5609458 -0.2265715 -0.1089504 -0.1059610 0.0307258 -0.0422795 -0.1243948 -0.0364454 -0.0485124 -0.0613872 -0.1396941 -0.1787413 -0.0865046 -0.2149693 0.0993827 0.1003663 -0.0353309 -0.2702558 0.0310931 0.3026395 -0.0032123 0.0124513 -0.3578911 0.1894880 0.0659752 0.1823663 -0.1968378 0.0288816 -0.0041061 -0.0590233 0.2110474 0.0198733 0.2532453 0.1898690 -0.1188872 0.3356767 0.2588057 0.1349183 -0.1132832 0.0743548 0.3839530 0.2893389 0.2628292 0.2475254 0.1859405 0.0045442 -0.1302668 0.2309540 0.3958328 0.0335771 -0.1444094 0.3851144 0.1524759 0.1776514 0.0189725 0.0909337 0.1463196 -0.2720274 0.3423728 0.1683990 -0.1591033 0.0691240 0.2249035 0.1228261 0.1505171 0.1459955 0.0289572 0.1683904 -0.0039587 0.2049816 0.5423576 0.4991367 -0.1071381 0.1879588 -0.2552374 -0.1904272 -0.2074122 -0.1400784 -0.2877205 0.0904187 0.3774559 -0.2335289 0.1052976 0.4571600 0.3432760 -0.0049473 0.3065705 0.0744594 -0.0406431 -0.0315235 -0.1687882 -0.1854363 -0.1583110 0.0948969 -0.0699246 -0.0100888 -0.0884591 0.2067203 0.2855440 -0.0450973 0.0558708 0.0928046 0.1206814 0.0923899 0.0072621 0.0684696 0.2744118 0.0092632 0.0772554 0.2521549 -0.2379701 0.3477805 0.3304451
-0.1186010 0.3528872 0.5523193 0.1876866 0.6091802 0.2900110 -0.3710140 0.6613974 -0.3111542 0.0902291 0.2901119 -0.2010417 0.0000000 0.1822576 -0.2791429 0.5761004 0.3122468 0.0756345 0.2979925 0.6563059 -0.1031020 0.5153960 0.6257539 -0.0779176 0.4057912 0.5703300 0.4989448 -0.0051224 -0.2638833 0.2692258 0.8056093 0.5947472 -0.2100941 -0.2069720 0.4078890 -0.3214425 0.4432637 0.7905883 0.2831036 0.1714001 0.6408061 -0.3820168 0.3804336 0.0475300 -0.3343357 0.5860709 0.6173680 0.8159594 -0.0477376 0.7505822 0.4290350 0.1649755 -0.0719557 -0.0003008 0.7272114 0.7387345 0.5426789 -0.0022917 -0.0223121 0.2598378 -0.0852105 0.2293249 0.6415366 -0.0025257 -0.0779820 0.4804022 0.0839356 0.1742958 0.6454599 0.2067575 0.1797983 0.0853227 0.2138389 0.0677903 0.4182665 0.0616183 0.1335192 0.3414793 0.0435552 0.0734755 0.0948060 0.4250367 0.3303065 0.2953606 0.2496293 -0.0826377 0.0870537 -0.2471996 0.2359336 -0.0029001 0.3599645 -0.0594423 0.4644050 -0.0882674 0.0593091 0.1838305 0.3168641 0.3339625 -0.0003023 0.0878039 0.1772040 0.0347190 0.1063452 0.0765389 0.4603658 0.2246362 0.2238345 0.2708787 0.2513736 0.0357042 -0.1258363 0.1741735 -0.0006867 -0.0886246 -0.0794485 0.0411360 0.0054052 -0.0620114 0.1482896 -0.0106220 0.0448652 0.0119292 -0.3802047 0.0650019 0.0969122 0.1037516 -0.1552949 -0.3180660 0.1140109 -0.1170750 -0.1626201 -0.4635809 -0.3336551 0.0697632 -0.4577949 -0.3864243 -0.1050314 0.0459244 -0.1203582 -0.4684012 -0.5475700 -0.3990157 -0.2012346 -0.2198198 0.2912340 -0.5013375 0.1141390 0.0945578 -0.4187143 -0.5590836 -0.4387255 -0.0844997 -0.1942422 -0.5135146 -0.3910871 -0.2466362 -0.1686789 -0.0865715 -0.1782750 -0.5133284 -0.2823824 -0.5905398 -0.1467931 -0.3546006 -0.4582996 -0.4345715 -0.5214608 -0.3061509 -0.2736760 -0.5570063 -0.5241027 -0.2583269 -0.0194365 -0.0303355 -0.2798123 -0.2863830 0.0729775 -0.5349833 -0.0117348 -0.4465936 -0.6284667 -0.2217049 -0.1613501 -0.0787500 0.3108006 0.2864596 0.4800052 0.4362826 0.3297515 0.3186433 -0.0294526 0.2481840 0.1067462 -0.3216306 -0.1648290 -0.2418720 -0.4303088 0.1573335 -0.0421126 -0.1626616 0.2126442 0.2282215 0.3009620 0.4528960 0.4117400 0.2989917 0.0830486 -0.1078695 0.1046391 -0.0004969 0.2364860 -0.0321173 0.3048250 -0.3674194 -0.0122611 0.4709926 0.3405805 0.0684043
0.1524467 0.4883695 0.2297315 0.5033019 -0.2634248 0.3966266 0.4546097 0.4960757 0.5035611 0.7695824 0.4089000 0.5753496 0.1822576 0.0000000 0.5737845 0.1053250 0.5036836 0.8655726 0.1768682 0.1129758 0.4568190 0.2920715 0.2123285 0.7214979 0.2790407 0.1344812 0.5564919 0.7813888 0.4586017 0.7289477 0.1623787 0.1178655 0.6897576 0.6978704 0.1752127 0.1363002 0.2443665 0.0993986 0.4691376 0.3427650 0.0658995 0.0608926 0.3392266 0.3348040 0.2996129 0.2761012 0.2936206 0.0131801 0.7044289 0.2236028 0.3061859 0.3925170 0.6470586 0.4669165 -0.1526243 0.1021646 0.3493461 0.6732316 -0.1876186 0.2634185 0.0704109 0.3313211 -0.2821075 0.6424506 0.5107244 0.2041557 0.3807398 0.5900515 0.0594079 0.6840815 0.4150596 0.5731635 0.6043680 0.6039245 0.5709421 0.6425896 0.6155526 0.5172528 0.5734731 0.4941974 0.3462420 0.3425525 0.2442776 0.0847296 0.4409137 0.0158077 -0.1109306 0.1103200 0.1485697 0.2073989 -0.2063360 0.1017806 0.0257261 0.2927835 -0.2628374 -0.1473030 0.4377775 -0.0985699 -0.4239713 0.3517557 -0.0587313 -0.1312004 -0.0186172 0.3174421 -0.0287168 -0.1968128 0.0733512 0.1989173 0.1519674 0.2649555 -0.0722070 0.1810240 0.2779340 0.1851957 0.2137479 0.1826804 0.0997308 0.1553857 0.0949757 0.3554031 0.4015237 0.1328321 -0.2544487 0.3859617 0.5430827 0.2079376 0.1589324 -0.1362735 0.3773243 0.2405390 0.3088378 -0.0925446 0.0648926 0.1319721 -0.1797704 0.0252717 0.0581035 0.4215116 0.1404176 -0.1570049 -0.0421999 0.1517002 -0.1699353 0.0420374 0.2284132 -0.0003830 0.1960429 0.0808509 0.0228678 -0.1043063 -0.0766577 -0.0318898 0.2315875 0.0520755 -0.2656861 -0.0532185 0.1651457 -0.0379910 0.0494221 -0.0107796 -0.1401808 -0.0219382 -0.1082960 0.1255969 -0.0074664 -0.1662860 -0.1206839 0.0097074 0.0258470 -0.0757707 -0.1150044 0.0379951 0.1420721 -0.2538521 0.0232270 0.0866754 0.3284583 -0.2200486 0.1987859 -0.4367098 -0.2575862 -0.2424647 -0.3836880 -0.3510938 -0.1171107 0.6029124 -0.3252540 0.1789625 0.5616939 0.5609047 0.2826985 0.5352243 0.1787438 -0.0281245 0.1611802 -0.0045086 -0.1166830 0.0509401 0.1819471 0.0727134 0.3092774 -0.0043758 0.1380140 0.4455655 0.1398803 0.4001802 0.2654633 0.2148781 0.2653279 0.0566286 0.1779200 0.6202299 0.2077170 0.2615166 0.6166509 0.1230246 0.1073261 0.2239283
0.2518229 0.4214607 0.3394336 0.6300470 -0.2606581 0.4476229 0.7689034 0.2460916 0.8438389 0.5681233 0.2443820 0.7206128 -0.2791429 0.5737845 0.0000000 -0.2701459 0.1143445 0.7846763 -0.2872871 -0.1820179 0.2713328 -0.0646628 -0.2319919 0.9020789 -0.2951799 -0.3001943 0.0750230 0.5971613 0.5811693 0.2158602 -0.2855665 -0.2400010 0.7865912 0.8577268 -0.1956243 -0.1970539 -0.1918427 -0.3707517 -0.0003072 -0.1162040 -0.1570042 -0.0196261 -0.0924091 0.0745881 0.3912769 -0.3018776 -0.2363722 -0.3120683 0.7189131 -0.3264696 -0.1917092 -0.0976342 0.7119786 0.1091462 -0.4686744 -0.4602008 -0.2962550 0.4741989 -0.1456934 -0.3524502 0.0174787 -0.2636169 -0.3720953 0.6890428 0.5920359 -0.3894494 -0.2016032 0.2153948 -0.2371830 0.5600499 -0.0725962 0.5348732 0.1428345 0.6237031 0.3157930 0.6558768 0.5578637 0.3707669 0.6383918 0.5310825 0.4065174 -0.3081410 -0.3521931 -0.3706369 0.0084950 -0.2661856 -0.2761856 -0.0187461 -0.2676992 -0.0453075 -0.5171776 -0.0928360 -0.5562660 0.2928898 -0.4393135 -0.5078976 -0.0948124 -0.6091754 -0.3417189 0.2284059 -0.0296260 -0.4223084 -0.4735283 0.2512633 -0.4256914 -0.4409719 -0.4247560 -0.3066737 -0.0659416 -0.0891861 -0.1149640 -0.2200708 -0.0259452 -0.1014732 -0.1277392 -0.1227513 -0.2674664 -0.1845187 -0.3198929 -0.0439270 0.0431470 -0.2816184 -0.4920718 0.0886882 0.4497060 -0.1001557 -0.2406494 -0.3049768 0.1083979 -0.0172199 0.1946720 -0.0551014 -0.1414937 0.1393608 0.0473118 0.2450268 0.1443811 0.1023565 0.0875225 -0.3241390 0.3087792 0.0038848 0.2029921 0.0622726 0.1517151 0.4720266 0.1401688 0.0298481 0.2471279 0.0867406 -0.0447252 0.0241814 0.0611374 0.3705379 -0.1449653 0.0126208 0.2906388 -0.0195252 0.2879760 0.1517366 -0.0514307 0.0155749 -0.3269639 0.3186527 0.1025436 -0.1022100 0.0849634 0.1913333 0.2269594 0.2991666 0.1677485 0.2677480 0.2132798 -0.1971334 -0.0153048 0.0740184 0.1877295 -0.0048220 -0.1167487 -0.3614956 0.0690246 -0.4044913 -0.4904102 -0.5156366 -0.1700349 0.4863548 -0.2171391 0.2204993 0.3208970 0.2481337 -0.1456119 0.3050822 0.0318260 -0.4288596 -0.1091097 -0.4928489 -0.2446129 -0.1100225 0.2633607 -0.0809148 -0.0200576 0.0931282 0.3161403 0.2072284 -0.2026261 0.1163789 -0.1473739 0.1433772 0.1532658 0.2082720 0.1670108 0.3490503 0.0636013 0.3317635 0.2573482 -0.2449169 0.0958814 0.0990889
-0.4084716 0.1464779 0.2666383 0.3387066 0.2727362 0.5345602 0.0075686 0.5581515 0.0351275 0.3983339 0.7192696 0.1299557 0.5761004 0.1053250 -0.2701459 0.0000000 0.6183590 -0.0680185 0.7722509 0.2140675 -0.0570730 0.5241468 0.6293182 -0.1185185 0.6360762 0.5019987 0.1781759 -0.3802602 -0.0645211 0.0403674 0.4879262 0.3128207 -0.4635098 -0.1191405 0.0485089 0.0653948 0.0625494 0.5630486 -0.0016977 0.1875303 0.4309299 0.1925049 0.0458096 -0.1175089 0.3709533 0.3303263 0.2799604 0.5233142 -0.2149079 0.4411258 0.1084061 0.1460534 0.0710670 0.4546986 0.5837500 0.4978123 0.4083660 0.2961853 0.1229384 0.2703245 0.5008670 0.5573984 0.3539480 -0.0085430 -0.0476427 0.6700362 0.4549966 0.5935167 0.2833170 0.3052029 0.3174193 0.0611900 0.4749016 0.0084122 0.1544842 0.0182462 -0.0572381 -0.2224052 -0.1162999 -0.1117285 -0.5071570 0.1616840 0.5363692 0.6428739 0.4127453 0.3911404 -0.2284327 0.1135221 0.6041024 0.4076790 0.5010279 -0.2729819 0.4501235 -0.2111358 -0.0572599 0.0791249 0.1181168 0.4136157 0.0728477 0.4090461 0.4601782 0.3092113 0.2105653 0.4104162 0.4916668 0.1622291 0.3489024 0.4279866 0.3818623 0.3201191 0.2744148 0.3497800 0.3008680 0.3189178 0.3242138 0.3775882 0.3891108 0.3352550 0.5060530 0.4945096 0.4427329 0.5433174 0.0274775 0.1189364 0.3999825 0.2368558 0.3398230 -0.1707077 0.5069467 0.1389363 0.3945349 -0.4599602 0.2062907 0.2287049 -0.4221251 0.0387324 0.3288070 0.5071892 0.5323810 -0.1961021 0.0451613 0.2796162 0.1395341 -0.0074441 0.4875694 -0.1440237 0.6432306 0.6327682 0.0862010 0.0488704 -0.0368460 0.1436968 0.4144796 0.0843059 0.0566986 -0.0360192 0.3153684 0.4410810 0.1960355 -0.2147828 0.2783706 -0.0422374 -0.0371080 0.0622484 0.1108994 -0.1331760 -0.0578854 0.2256642 0.1422330 -0.1127811 0.0287353 -0.0327342 -0.2358767 0.1689688 0.0438138 0.3916128 0.2212251 -0.4086245 -0.0812544 -0.3998490 -0.6922788 -0.2811694 0.2089397 -0.0682397 0.6958709 -0.0724269 0.2359943 -0.0717779 0.1107732 0.0692118 0.3528172 0.0484834 0.0571564 0.0831999 0.2874204 -0.0654378 -0.1103725 -0.1697704 -0.4224454 0.0531905 -0.1971594 -0.0683404 -0.1548591 0.0591541 0.3788811 -0.1199917 0.2291725 -0.3971756 -0.3664969 -0.4538740 -0.2848870 -0.3959896 -0.1666248 -0.6355693 0.0525955 -0.1553527 0.3437687 0.2532396
0.0257045 0.4458919 0.4229744 0.3354076 0.1438294 0.4870520 0.2624161 0.3614874 0.2914511 0.5844471 0.5965604 0.3186538 0.3122468 0.5036836 0.1143445 0.6183590 0.0000000 0.2264378 0.2890866 0.1664016 0.0740079 0.3730261 0.7867515 0.1847531 0.4356342 0.4052069 0.5571099 0.1286695 -0.0010869 0.5400432 0.2390193 0.4181070 -0.1515597 0.0742062 0.2890774 0.0394196 0.2379566 0.4614774 0.4008845 0.6177643 0.4486016 0.0844814 0.3861156 0.1390870 0.3335310 0.3217232 0.3608285 0.4060442 0.0409989 0.4275845 0.3333870 0.5838904 0.1145938 0.7294087 0.4115679 0.3966130 0.4321619 0.4987350 0.2454105 0.4120085 0.3712286 0.6564108 0.1992048 0.0866724 -0.0798240 0.5713869 0.5778769 0.7793198 0.3356208 0.2907687 0.4658204 0.0811566 0.5141848 0.0489114 0.3568917 0.0818580 0.0202094 0.0375153 0.1082620 0.1023867 -0.2363499 0.1128707 0.4336633 0.4165694 0.2732095 0.3179040 0.0150579 0.1543440 0.4697937 0.4557295 0.3242945 -0.1140218 0.3667437 -0.1266429 0.0843321 0.0349916 0.2439937 0.3969314 0.1306296 0.3081324 0.3033837 0.3591315 0.1693753 0.4483939 0.4256214 0.2101675 0.3041146 0.3947001 0.2926598 0.4331675 0.3570901 0.5113733 0.5729638 0.4376157 0.4686009 0.4297649 0.4041375 0.4448677 0.3706998 0.5124194 0.5032027 0.4847978 0.0621286 0.1762224 0.5005108 0.2159831 0.3854951 -0.0334219 0.5275234 0.3810724 0.5461188 -0.3407394 0.3650222 0.2013411 -0.3147385 0.1664742 0.4149296 0.6101324 0.5733388 -0.2700608 0.0517482 0.2143423 0.1835194 -0.0396969 0.3741625 -0.0035630 0.5350829 0.3955223 0.0012122 0.0389099 -0.1085492 0.0135402 0.4952734 0.0394447 0.1673727 0.0950219 0.1277994 0.1363518 0.1148287 -0.0389040 0.3219796 0.0761402 -0.0677983 -0.0358413 0.3075496 -0.1016000 -0.1022850 0.0082261 -0.0128654 -0.0603218 0.0197359 -0.0228975 -0.0878246 -0.1801999 -0.0245524 0.4882949 0.3503813 -0.1465574 0.0348077 -0.4103633 -0.4612531 -0.2644649 0.1097516 -0.2027092 0.5232681 0.1187042 0.1495229 -0.0716481 0.2448366 0.3032307 0.4876906 0.1957576 0.1693384 0.0165038 0.2770573 -0.0310294 -0.3019099 -0.0206174 -0.1453907 0.0691734 0.0753599 0.2020003 -0.0369780 0.2070307 0.2897802 -0.2014652 0.2002857 -0.1655620 0.0725105 0.0260579 0.0535546 -0.0071228 -0.0741194 -0.4551202 0.2072176 -0.1549100 0.3635208 0.3665210
