0.0000000 0.4854737 0.6786034 0.3606974 0.6271772 0.1804069 0.5134050 0.3369230 -0.2318840 0.1412580 0.0748609 0.3360109 0.2833888 0.1716758 0.1783223 -0.1637444 0.0482382 -0.0645028 -0.2950514 0.4205841 0.3872659 -0.2702399 -0.0889024 0.0507099 -0.3166786 -0.2456260 0.0328204 0.2926961 0.1439646 0.1942553 -0.2388750 0.1570789 0.2806624 0.1203079 -0.4485317 0.1497007 -0.3274552 -0.0486748 0.0372736 0.1842159 0.1861149 0.2013912 -0.4152458 0.4338791 0.2074650 -0.1970435 -0.5023473 0.2797117 0.3768948 -0.1202741 -0.5464026 -0.2450975 -0.0022975 0.3621473 0.4221303 0.0083247 -0.3081705 0.4432156 0.5227121 -0.4415144 0.3715642 0.0813023 0.4589437 0.1635361 0.2583664 -0.2808636 -0.2448887 0.1975903 0.0467203 -0.0606086 -0.4298758 0.1121249 -0.3379684 0.5391917 -0.1674013 -0.2338569 0.0654711 -0.1297327 -0.0457308 0.2622037 0.5231064 0.0988532 0.0920802 0.3130395 0.3194586 0.4188056 -0.0381513 -0.0875258 0.1788092 0.3450886 0.0836720 0.2648474 0.5721697 0.1404328 -0.1264440 0.2373400 0.1821978 0.4811511 -0.2287401 -0.0780455 0.1455697 0.5301128 -0.2479661 0.3157735 0.3713805 -0.1707849 0.5616336 0.1268231 0.1865219 0.4185273 -0.1200677 0.2367187 0.0931114 0.4610208 0.3934971 0.3779895 0.3669681 0.4446276 0.3400998 0.5188341 0.4692652 0.4768445 0.0787230 0.0110061 0.3806142 0.1882327 0.3650763 -0.0066937 0.2714392 0.2535913 0.1495352 -0.2602910 0.1304037 0.1522968 -0.0759478 -0.0054831 0.1034740 0.1682346 -0.1755576 0.2339867 -0.0206609 0.2149092 0.0550182 0.0569428 0.2280531 -0.0673892 0.0794843 0.1306778 0.0305163 0.0517359 0.2202113 0.2531499 0.0591468 0.0671141 -0.0526414 -0.0039032 0.0757257 0.1324880 0.0789034 0.2909325 0.0897253 0.0969575 -0.0462869 0.3373028 0.0849231 0.0577168 0.0767175 0.1417320 0.1512273 0.1245500 0.0623409 0.1419321 0.2522859 0.5449795 0.4317558 0.7119069 0.6552442 0.1229632 0.3719135 0.2500442 -0.1613959 0.1534174 0.2000273 0.0616018 0.5767196 0.4654477 0.6665401 0.7112102 0.6149247 0.5286280 0.1258528 0.4890155 0.3535329 0.1354498 0.1610475 0.2225981 0.2170680 0.1218457 0.2961552 0.0793795 0.0508730 -0.2150972 -0.0520633 0.1407310 0.3790089 0.2439450 0.3461820 -0.3245497 -0.2194987 -0.2937870 -0.0772920 0.2255568 0.2602840 0.3036025 0.3116460 -0.2520601 0.0823993 0.2233202
0.4854737 0.0000000 0.6771995 0.9008494 0.4218696 0.8044094 0.7749472 0.8077156 0.5691781 0.7097319 0.6391478 0.7727545 0.6572901 0.4494038 0.6749369 0.1291944 0.3479518 0.4396443 0.0445103 0.3569332 0.7291057 0.1255842 -0.1456887 0.5434708 -0.2157369 -0.1743983 -0.0784504 0.4008436 0.5449510 0.3268795 0.0890904 -0.5049844 0.3848177 0.5757945 -0.2541425 0.1660178 -0.4665139 -0.2436208 -0.1543511 0.0729310 -0.3459739 0.1686309 -0.3673852 0.2954599 0.6509561 -0.2206390 -0.3017428 -0.2622982 0.3080575 -0.1647337 -0.2934720 -0.2740854 0.6029403 0.2554722 -0.0841817 -0.2279984 -0.4807197 0.4854269 0.6092646 -0.2617285 0.7626546 0.0886503 -0.1311833 0.6101257 0.7087255 -0.4717687 -0.1331168 0.5277336 -0.4931803 0.4343456 -0.1556723 0.6398309 -0.0168206 0.7911990 -0.2101466 0.2905077 0.6522771 0.3264620 0.4436379 0.5509178 0.2223322 0.1174436 0.1792233 -0.0247534 0.0340088 0.0711055 0.5758214 -0.1678099 -0.0730732 0.0688387 0.1348911 0.5769989 0.4012289 0.2125795 0.1631885 0.4824177 0.1822284 0.0771800 0.2646479 -0.1754941 0.2595138 0.0613009 -0.2905330 0.0678732 0.2027731 0.2168015 0.2127001 -0.3137456 0.1639565 0.0226450 -0.0689335 0.3138092 0.1961439 0.1225987 0.2252097 0.1739344 0.0161095 0.3862467 0.1559408 0.3149568 0.1069089 0.0485174 0.0457765 -0.0010023 0.4295744 0.5526471 0.0514240 -0.0907614 0.5352154 0.3971887 0.3460707 -0.2203970 -0.2253219 0.2838335 0.3012046 0.0665810 0.3865400 0.3655629 0.2144418 0.3367053 -0.0794472 0.1911570 -0.0295811 0.3737737 0.4919407 0.0291300 0.3227144 0.4941263 -0.1613603 -0.0609889 0.4202552 0.4007906 0.0639747 -0.1708056 0.2687034 0.0543593 -0.1612516 0.1025367 -0.1593134 0.3252180 -0.0390519 -0.0802494 -0.1767659 0.1718124 -0.0492348 0.0549699 -0.2755626 -0.3629484 -0.1518743 -0.0686752 -0.3540193 -0.1705817 0.1344080 0.4599773 0.7738260 0.6482770 0.6229216 -0.0316691 0.4373155 0.5729747 0.2425326 0.1964319 0.1370674 0.0145923 0.6301845 0.7693628 0.6791169 0.3041755 0.5727940 0.5431885 0.4395567 0.7251544 -0.0775842 0.4361613 0.7085724 0.5674013 0.4229813 0.2721727 0.0576692 0.6369135 0.3705824 0.0284110 0.0180155 0.3635007 0.0752575 0.0080344 0.2711278 0.0883233 0.1723997 -0.0146893 0.1393176 0.3575199 -0.0971703 0.4980072 0.5063171 -0.1026333 -0.0040568 0.2834057
0.6786034 0.6771995 0.0000000 0.5830053 0.7254480 0.4815055 0.4886440 0.7098783 0.1839399 0.4436612 0.3192062 0.4441235 0.8078395 0.3179191 0.4310505 0.0907087 0.2864767 0.1239470 0.0328239 0.5852423 0.4094055 -0.0157832 0.1851573 0.3004314 -0.3428052 0.0488100 -0.1119580 0.4251591 0.1782645 0.2354977 -0.0402748 -0.3173299 0.4389692 0.3109461 -0.2742636 -0.0576784 -0.3127004 0.0444319 -0.0853865 0.2966377 -0.0032494 -0.1031980 -0.4017366 0.5491405 0.3469119 -0.0064652 -0.3492311 0.1345317 0.4118463 0.0013896 -0.4160138 -0.2202381 0.2331140 0.5132978 0.4013604 0.0895089 -0.4306080 0.5132022 0.7103870 -0.4406876 0.5273247 0.0578488 0.3277904 0.2518827 0.4523706 -0.5070990 -0.2212080 0.2802615 -0.2567361 -0.0381381 -0.2015671 0.1731980 -0.1334393 0.7688904 -0.0276954 -0.2572772 0.1347409 0.1908695 0.0473175 0.1832110 0.5375214 0.1234891 0.0866011 0.1450886 0.1527743 0.2092875 0.2794763 -0.1059618 0.0542150 0.2348169 0.1745368 0.3161817 0.5431607 0.4303924 0.1262360 0.0715719 0.2832883 0.2704105 0.0569816 -0.2207767 0.3676602 0.1933382 -0.1203325 0.2168708 0.3482890 0.0540969 0.2769433 -0.1134116 0.0955166 0.1110825 -0.0366493 0.2261331 0.0895975 0.1965814 0.2058089 0.0242409 0.0213047 0.2177885 0.0223102 0.1126957 -0.0046089 0.1238163 0.1492933 -0.2032109 0.1889181 0.3213198 -0.1051512 0.0194852 0.3980361 -0.0098774 -0.0046738 -0.4731805 -0.2575058 0.0252080 -0.1794971 -0.0627050 -0.0303893 0.1268820 -0.1489636 0.2889603 -0.3183907 0.0115381 0.0837943 0.1346796 0.2481925 -0.2251787 0.0672841 0.2076093 -0.2180922 -0.3182120 0.3232562 0.1636378 -0.1742839 -0.1515237 0.1664904 -0.1343344 -0.0442261 0.0228346 -0.0341471 0.3172334 -0.0682014 -0.1516714 -0.1634348 0.3351877 -0.1780404 0.0278284 -0.0592820 -0.1584009 -0.0018868 -0.0174181 -0.1940065 -0.0296851 -0.1682030 0.2977083 0.4430680 0.7095613 0.5972320 -0.2533835 0.3335309 0.3901261 0.0527867 0.1590586 0.1752995 -0.0245742 0.7835882 0.7646873 0.9083235 0.7769688 0.7201439 0.5897459 0.1097306 0.5655909 0.1887221 0.4289362 0.4140646 0.4750837 0.2373310 0.1773970 0.0606038 0.2893266 0.0937033 -0.2185970 -0.3028218 0.0580058 0.3600406 0.2892027 0.2673903 -0.0799706 -0.0932458 -0.2664778 -0.0779742 0.2978519 0.2229632 0.2871109 0.3868904 -0.1340158 -0.1109503 0.0189183
0.3606974 0.9008494 0.5830053 0.0000000 0.2552079 0.9003852 0.7185412 0.8716822 0.7281536 0.8510071 0.7963677 0.8423741 0.6528391 0.5902308 0.7273456 0.1744676 0.4497709 0.3716880 0.0635383 0.2737234 0.6572022 0.0032076 -0.1572498 0.5202154 -0.2853171 -0.1637833 -0.3241045 0.3158456 0.4921998 0.1884090 -0.0518869 -0.6634332 0.3136958 0.6992686 -0.3117754 -0.0897506 -0.5646880 -0.4166645 -0.2145482 -0.0336038 -0.5174960 0.0159235 -0.3147350 0.2712309 0.7819727 -0.2660690 -0.2597731 -0.5272623 0.4007380 -0.3665963 -0.1817269 -0.3166301 0.7654329 0.0965548 -0.3349837 -0.4316527 -0.5743902 0.4227394 0.4744545 -0.2079714 0.7586383 -0.0146656 -0.3628713 0.6427511 0.8405900 -0.4916592 -0.0605512 0.5207621 -0.6464427 0.5188337 -0.0330237 0.6880560 0.0540031 0.8841832 -0.1876220 0.4697151 0.7431898 0.3458128 0.5221567 0.6003779 0.1164977 -0.0118161 -0.0134532 -0.0562947 -0.0492613 -0.0102731 0.5652812 0.0092063 -0.1618950 -0.1248188 0.1948094 0.5303473 0.2343709 0.2406637 0.1434277 0.4388327 0.0170035 0.0657576 0.2124017 -0.3909678 -0.0307801 0.1227898 -0.2692580 0.0260078 0.0221424 0.1222399 0.0977778 -0.1330049 -0.0897536 -0.0531800 -0.3550759 0.0595876 0.3230544 0.1769706 0.2459965 0.1397720 0.0423564 0.3839981 0.1376540 0.1923477 0.0233879 0.0066416 -0.1547447 -0.0822557 0.3153107 0.3525564 -0.0585082 -0.2265183 0.3833736 0.2213559 0.2247379 -0.1887761 -0.1303014 0.1541010 0.3177311 -0.1771248 0.3346008 0.2283005 0.2562621 0.1020424 -0.2937667 -0.0485831 -0.2058513 0.1767793 0.3687181 -0.2169985 0.3877266 0.6203440 -0.3255359 -0.3209243 0.1225885 0.2874099 -0.0998214 -0.4521862 0.2214039 -0.1670060 -0.3763758 0.0164609 -0.3776936 0.0183788 -0.0863362 -0.3114047 -0.4100973 -0.1103321 -0.2467534 -0.1923220 -0.4376351 -0.5099398 -0.3694551 -0.2881398 -0.5278758 -0.3548854 -0.1048434 0.3469470 0.5225243 0.4894130 0.6317187 0.0500286 0.3440674 0.4943319 0.4157660 -0.0609411 -0.1094484 -0.3215757 0.4358726 0.7999663 0.5686058 0.1564778 0.5961600 0.4266585 0.3255418 0.7810387 -0.0685428 0.5093022 0.5804451 0.5123509 0.3701466 0.3565126 -0.0416484 0.5221140 0.2060429 -0.1569317 -0.1415063 0.3238147 -0.0517019 -0.0876061 0.1623567 0.0754294 0.0730904 -0.2084314 -0.0007740 0.1959557 -0.2105088 0.4560248 0.4294137 -0.2926758 0.0870601 0.2485575
0.6271772 0.4218696 0.7254480 0.2552079 0.0000000 0.1375599 0.3702071 0.4054488 -0.0468469 0.1080296 0.0158849 0.0948801 0.4793716 0.1826131 0.1525988 -0.1525921 0.1159375 0.1204956 0.0277437 0.5723288 0.2481106 -0.0535475 -0.0373285 0.1054571 -0.3983266 -0.0414355 0.1139495 0.3840980 -0.0421789 0.2766591 -0.1012599 -0.1334396 0.4555988 0.1121305 -0.2991261 0.1149775 -0.2033712 0.0710286 -0.0589609 0.0808338 0.1090408 -0.0607995 -0.5226984 0.3915176 0.0483603 0.0776090 -0.3143648 0.3146454 0.4187000 0.0745860 -0.5396895 -0.4143281 0.0213006 0.2591514 0.4951039 0.2911265 -0.3836553 0.2977903 0.5613963 -0.6356046 0.3277761 -0.0331049 0.4774467 0.0923105 0.1758725 -0.4206788 -0.4270566 -0.0554385 0.0503405 -0.2819899 -0.3977971 0.0191347 -0.3042753 0.4068906 0.0756330 -0.6075406 -0.2095801 0.1590242 -0.1433420 -0.1800307 0.4178753 0.3061380 0.2927898 0.2351868 0.3765728 0.3866195 0.3242148 -0.1156519 0.1544641 0.4171308 0.3314413 0.4005908 0.7011290 0.4975694 -0.0187316 0.0853155 0.1779117 0.3133225 -0.0929426 -0.0768962 0.4665017 0.4270598 0.0940908 0.2257524 0.4350935 0.1390401 0.6732237 -0.1484822 0.3766414 0.4707669 0.1467446 0.5064749 -0.0639621 0.2071257 0.3016775 0.0852962 0.1281736 0.4477778 0.1999432 0.3212745 0.1965415 0.1017943 0.1000931 0.0330601 0.3189255 0.2163957 -0.0733076 -0.0059600 0.2828569 0.0934895 0.0639284 -0.3160375 -0.4115026 0.2819384 -0.4207958 0.0851239 0.0337961 0.0659898 -0.2285281 0.3032425 -0.1377377 0.0223155 0.0031168 0.2118668 0.3187894 0.0695656 -0.1272541 -0.0257603 -0.1635343 -0.1636833 0.3231490 0.3681911 -0.0471638 0.0929928 -0.1004717 0.0870076 0.0535649 -0.1243749 0.0504672 0.4022727 -0.2060571 -0.0255569 0.0468488 0.4079403 -0.1089319 0.1032812 -0.0538965 -0.1032107 0.0275078 -0.0035622 -0.0968366 -0.0064885 0.1283607 0.4453602 0.3886206 0.5592561 0.2769382 -0.3078600 0.1472894 0.2078336 -0.2291870 0.3691015 0.3444474 0.2622206 0.6576159 0.4918073 0.6686913 0.6155786 0.2820902 0.3110339 -0.0402898 0.2023518 0.0361250 0.0080539 0.1572487 0.1326044 -0.0182240 -0.1974321 -0.1073881 0.0311343 0.2767157 0.0401412 0.0182242 0.0650557 0.4534665 0.3016390 0.3634446 0.0317540 0.0885237 -0.0866555 0.1972738 0.1890940 0.4272684 0.3120113 0.1757366 0.1478756 -0.0570073 0.0331321
0.1804069 0.8044094 0.4815055 0.9003852 0.1375599 0.0000000 0.7495507 0.7208299 0.8073705 0.9088730 0.8229019 0.8843360 0.5680196 0.6571828 0.8129070 0.0532303 0.4144038 0.5217278 -0.0424371 0.1662498 0.6495347 0.1954375 -0.2105851 0.6875367 -0.2052988 -0.2415212 -0.2675971 0.3770337 0.6102847 0.2480983 -0.0160709 -0.6660489 0.4487858 0.8173847 -0.2475092 -0.1958298 -0.5513864 -0.4288921 -0.1763358 -0.0832185 -0.4621209 -0.0646637 -0.2929591 0.1977266 0.8128459 -0.3615017 -0.2333029 -0.5516180 0.4265043 -0.4101396 -0.2032320 -0.3339470 0.8746331 -0.0452930 -0.4052004 -0.4942074 -0.5653872 0.3889077 0.3875722 -0.2485738 0.7810776 -0.1587009 -0.3670748 0.5531683 0.8857230 -0.3844781 -0.1971033 0.4099028 -0.5934913 0.4762366 -0.0685953 0.6810523 -0.0165282 0.7694398 -0.1579602 0.4434368 0.7871828 0.2711922 0.3574976 0.5648002 -0.0672486 -0.0469527 -0.0834563 -0.1638091 -0.1710929 -0.1377272 0.5126601 -0.0436333 -0.1790994 -0.2297667 0.1421864 0.4829170 0.0891241 0.2392432 0.3213608 0.4951667 -0.0686971 -0.0098476 0.5109141 -0.5180373 -0.0580229 -0.1096760 -0.3425357 0.0260865 -0.0850377 0.3211425 -0.1254007 -0.1784312 -0.2526411 -0.2742165 -0.2746497 -0.0911349 0.2237664 -0.0535170 -0.0422534 -0.0393664 -0.1759178 0.1112909 -0.0570860 -0.0095951 -0.1452101 -0.1251053 -0.1176826 -0.1671871 0.1346254 0.1776242 -0.0981106 -0.2019452 0.2040927 0.1848201 0.0869602 -0.1972386 -0.0829032 -0.0083402 0.2771426 -0.1501479 0.2106191 0.0549083 0.1281362 -0.0541736 -0.2030486 -0.1982437 -0.1570662 0.0458175 0.2455482 -0.2391664 0.3767347 0.6035052 -0.2747242 -0.2851884 0.0599079 0.1503560 -0.1010820 -0.4340178 0.4821276 -0.2475534 -0.4331565 0.1344279 -0.3849090 -0.0812128 0.0986135 -0.3296734 -0.4131020 -0.2084639 -0.1174599 -0.1732129 -0.4258775 -0.5850158 -0.4229895 -0.3519624 -0.5262077 -0.4219754 -0.0614731 0.3353079 0.5320491 0.4274409 0.6048808 0.0796520 0.2725006 0.4686216 0.5090862 -0.1090644 -0.1779845 -0.3622520 0.3091237 0.7769498 0.4510489 0.0255047 0.5035892 0.3754305 0.1958890 0.7159260 -0.1296496 0.4351143 0.4579371 0.3493144 0.2375984 0.4523158 -0.1850712 0.4021900 0.2615363 0.0057623 -0.1589873 0.1456683 -0.0526990 -0.1553806 -0.0417603 0.3371523 0.2182596 -0.0838069 -0.0090727 0.0456770 -0.2483385 0.5028532 0.2838707 -0.1486009 0.0693716 0.1794002
0.5134050 0.7749472 0.4886440 0.7185412 0.3702071 0.7495507 0.0000000 0.5469032 0.4712904 0.7095313 0.5920519 0.7854804 0.3773260 0.6334704 0.6500207 -0.3403762 0.2571987 0.4992151 -0.2563435 0.4516888 0.7269163 0.2220070 -0.5096103 0.5555182 -0.2129552 -0.5351787 -0.0100809 0.5350242 0.6600069 0.5017017 -0.0831910 -0.4149162 0.4285556 0.6415996 -0.4970451 0.2454429 -0.6363456 -0.3931237 -0.2338466 0.0310016 -0.3582315 0.3586464 -0.5533868 0.2202253 0.6889093 -0.4799502 -0.4477603 -0.3174049 0.3681646 -0.3910749 -0.4956226 -0.4603432 0.6115068 -0.0074883 -0.2427423 -0.4558440 -0.6170262 0.4281690 0.3948581 -0.4846653 0.7175730 -0.1491518 -0.1720412 0.5087962 0.7570321 -0.4926109 -0.4039179 0.2513804 -0.3974513 0.3104337 -0.4580640 0.5583262 -0.2598135 0.6327402 -0.3204109 0.2654336 0.5974283 0.0324614 0.2245841 0.4211022 0.0072932 0.2550934 0.2138339 0.0135322 0.1359771 0.1429345 0.2840021 -0.2205119 -0.0417939 0.0132233 -0.0220484 0.4347789 0.4469747 0.0865545 0.1593330 0.6584425 0.1060651 0.4140563 0.2578557 -0.1688485 0.1121088 0.3216926 -0.1607860 0.1170306 0.3011561 0.2690485 0.3069377 -0.1289816 -0.0258175 0.2020240 -0.0872770 0.2211144 0.2745010 0.2958236 0.3061164 0.4550134 0.2682923 0.4481375 0.4124287 0.4394634 0.4183667 0.3478921 -0.0503238 0.1931029 0.4031893 0.1657849 0.3958760 -0.0749481 0.1560622 0.4223092 0.2639271 0.0484797 -0.0943601 0.3889197 0.1483139 0.0945697 0.2917103 0.1201232 -0.0736202 -0.0766979 0.1387233 0.0414589 -0.0263825 0.1263656 0.3117413 0.1143918 0.2489212 0.3017343 0.0514398 0.0610844 0.2081009 0.4526358 0.2150461 -0.0261422 0.2682639 0.0071589 -0.1240313 0.1817473 -0.0777001 0.1496215 0.1925362 0.0455788 -0.0981343 0.0562720 0.2275458 0.0827047 -0.2097913 -0.2504409 -0.1386196 -0.0748540 -0.1978081 -0.1071157 0.3040938 0.6195530 0.7138495 0.5617602 0.6757017 0.2550188 0.3945047 0.5319045 0.2985479 0.1874611 0.1017973 -0.0331441 0.3484797 0.6494743 0.4341190 0.1387106 0.3636734 0.2825147 0.3013089 0.5708052 -0.0493901 0.2480878 0.3596927 0.2421514 0.2819562 0.2643701 -0.1127844 0.2289109 0.3188539 0.1486595 0.0972942 0.3093342 -0.0140795 -0.1690389 0.0425029 0.2505395 0.1267366 -0.0591206 0.1498607 0.1177113 -0.1972135 0.5411104 0.1910069 -0.0655888 0.1508883 0.4354713
0.3369230 0.8077156 0.7098783 0.8716822 0.4054488 0.7208299 0.5469032 0.0000000 0.6602636 0.7989265 0.7833624 0.6041770 0.8304789 0.6389707 0.5949357 0.2982433 0.6298285 0.3942634 0.3397104 0.3482637 0.4526374 0.0466656 0.1328999 0.4372139 -0.2709747 0.0912787 -0.2277110 0.4696226 0.2867298 0.3729081 0.1832705 -0.6768292 0.3563304 0.5174288 -0.1142056 -0.0810538 -0.3507839 -0.1377078 -0.0549503 0.1934413 -0.4335783 -0.0704758 -0.1665780 0.4573787 0.5628192 0.0972208 -0.1143976 -0.3334362 0.3799683 -0.0792077 -0.0785094 -0.1206524 0.5438719 0.2709543 -0.0709810 -0.0933037 -0.5125049 0.3985850 0.4399019 -0.1519725 0.5645379 0.0592240 -0.2204869 0.6502309 0.6611724 -0.5648361 0.0452009 0.4241181 -0.5686206 0.3987607 0.1416154 0.5103630 0.2134730 0.8852926 0.0901921 0.2988674 0.4757809 0.5392664 0.4603628 0.3474552 0.3792212 0.1249945 0.1051764 0.0225035 -0.0397211 0.0041025 0.5152940 -0.0614432 -0.1672292 -0.0851482 0.3520252 0.5768184 0.2638671 0.3669391 0.0284443 0.1882360 0.2054861 0.1386631 0.0983495 -0.2760395 0.1330319 0.0992434 -0.0960780 -0.1009129 0.2561689 0.1764130 0.0697029 -0.2415805 -0.0094153 -0.0308047 -0.1212566 0.1157966 0.1585821 0.1006366 0.1993733 -0.0039680 -0.0417619 0.2860375 0.0102535 0.0411111 -0.0800658 -0.0572308 -0.0120278 -0.1463699 0.1320336 0.2769573 -0.1710357 -0.0214279 0.3030032 0.0018625 0.0720613 -0.1266668 -0.3280430 0.0752266 0.0784535 -0.0461215 0.1553465 0.1386457 0.1447816 0.0757956 -0.3192950 -0.0955862 -0.0168736 0.1507130 0.2862066 -0.1488660 0.3028158 0.4826142 -0.2028523 -0.4308400 0.1102372 0.1967245 -0.1139094 -0.3226970 0.2054993 -0.1457383 -0.2243587 -0.0331976 -0.1918651 0.0808228 -0.0303252 -0.2640579 -0.3129511 -0.0118445 -0.2392117 -0.1139585 -0.2928135 -0.3360427 -0.2616369 -0.2128863 -0.3384415 -0.2400609 -0.3222738 0.1866434 0.3874950 0.4658304 0.4607164 -0.1676607 0.2255820 0.4111942 0.3124005 0.0493517 -0.0430823 -0.2010682 0.4920734 0.7963883 0.6326239 0.3412919 0.5746885 0.3136525 0.1587879 0.6050272 0.0337281 0.4878745 0.4334976 0.4810467 0.2744987 0.3355447 -0.1253046 0.3987611 0.2255347 -0.1734207 -0.0970532 0.2725392 0.0906902 0.1230657 0.1501138 0.0721008 0.0726423 -0.2596222 0.0684256 0.1604449 0.0152569 0.3694701 0.3339371 -0.1263584 0.0660290 0.1527692
-0.2318840 0.5691781 0.1839399 0.7281536 -0.0468469 0.8073705 0.4712904 0.6602636 0.0000000 0.8080573 0.8132555 0.6251105 0.5073510 0.6456677 0.7088168 0.1588074 0.5759329 0.5498362 0.3456738 0.0904068 0.3974214 0.1518092 -0.1324592 0.5699438 -0.1568640 -0.1100477 -0.1977404 0.2644506 0.4503132 0.3210403 0.0973149 -0.8575510 0.2537534 0.6650016 -0.0045556 -0.1914071 -0.3924859 -0.4125600 -0.0805068 -0.1786995 -0.6330922 -0.1107660 -0.0532972 0.0213349 0.6353663 -0.0767803 0.0893036 -0.7032830 0.2509472 -0.1679318 0.1197715 -0.2259536 0.8445304 -0.0983328 -0.5758754 -0.3743968 -0.4755930 0.2706036 0.1725313 -0.0539519 0.6544519 -0.0972927 -0.6036328 0.6985574 0.7704025 -0.3999170 -0.0415673 0.3339706 -0.5867312 0.5909345 0.1106653 0.7358106 0.2236208 0.5846289 0.0344715 0.4930057 0.6573013 0.4528238 0.4971354 0.3326326 -0.2381382 0.2492694 0.1968149 -0.1134999 -0.0188150 -0.2016148 0.6193490 0.0932602 -0.1461582 -0.1543208 0.3270174 0.5430320 -0.0946562 0.1625884 0.2624039 0.2964595 -0.0059045 -0.2021749 0.4859552 -0.3144682 -0.0151727 -0.2529226 -0.0629350 -0.2746258 -0.0034005 0.3343282 -0.2593758 -0.2698376 -0.0716382 -0.3145209 -0.0458505 0.0285718 0.0025707 -0.3332977 -0.1378533 -0.2163673 -0.3137870 0.0754948 -0.1533988 -0.1514102 -0.3097701 -0.4209863 0.0484407 0.0397981 0.0518544 0.0901163 -0.3937029 0.0412059 0.1248565 0.0794170 0.1560145 0.1432733 -0.3058556 0.0884400 0.2525010 0.0568774 0.2892606 0.0933779 0.3290612 -0.1895900 -0.1450772 -0.2085981 -0.0835636 0.0722461 0.2652237 0.0020032 0.3665700 0.4641927 -0.2673396 -0.2903690 0.0324202 0.2328079 -0.0077342 -0.3446040 0.2982869 -0.0565040 -0.3135576 0.1213730 -0.2713119 -0.1117049 -0.0122750 -0.2400093 -0.1874150 -0.2179104 -0.1355439 -0.0305669 -0.4246880 -0.5630695 -0.4149101 -0.3208610 -0.5226549 -0.4173160 -0.1073746 0.2281681 0.3272224 0.0042803 0.1992460 -0.1459180 0.0276929 0.3570757 0.5402044 -0.0147095 -0.1235534 -0.2548806 0.0726905 0.5774906 0.1801868 -0.3146279 0.1275121 -0.0406957 0.1031892 0.4452275 -0.3525781 0.3821520 0.3678979 0.3088811 0.0976257 0.2515861 -0.4357252 0.2261350 0.3413342 0.2498805 0.1243186 0.2237805 -0.2407047 -0.3413231 -0.0673517 0.4159331 0.2368886 0.0824345 0.2470569 -0.0003490 -0.3285389 0.3638453 0.1874068 -0.0600428 0.2231798 0.2929691
0.1412580 0.7097319 0.4436612 0.8510071 0.1080296 0.9088730 0.7095313 0.7989265 0.8080573 0.0000000 0.9038838 0.8061460 0.6007459 0.7696131 0.6929407 0.0782921 0.5442708 0.4559874 0.1345798 0.1023431 0.6152834 0.0946372 -0.1214259 0.5735519 -0.2019818 -0.1101303 -0.2316882 0.4057932 0.5683238 0.3637716 0.0104037 -0.7155659 0.3558258 0.7676042 -0.1915244 -0.0600994 -0.4683209 -0.3646505 -0.1405168 0.0151751 -0.6032598 0.0697078 -0.2168684 0.2579948 0.7915781 -0.1403194 -0.1188862 -0.6006645 0.4109864 -0.2643876 -0.1150373 -0.2941362 0.8143690 -0.0742740 -0.3971890 -0.3804002 -0.5236651 0.3385929 0.3471577 -0.2137983 0.6826818 -0.2147192 -0.4395967 0.6053340 0.8416782 -0.4059076 -0.1260344 0.3001623 -0.5460615 0.4557748 0.0345429 0.6119072 0.0809667 0.7716630 0.0126784 0.4739418 0.7266854 0.3930220 0.4161539 0.4781037 0.0465647 0.0592977 -0.0523585 -0.2091096 -0.1942522 -0.2472396 0.3478225 -0.0440089 -0.3611659 -0.3137760 0.1111945 0.4367498 0.1147848 0.2394985 0.0645801 0.3277682 0.1175614 0.0967020 0.2885759 -0.4438764 -0.1064126 -0.0091795 -0.2097728 -0.0769000 0.0850338 0.2036163 -0.2007659 -0.1221393 -0.2647034 -0.2170586 -0.2370309 -0.0827972 0.2478884 0.0167306 0.0259810 0.0359497 -0.0588036 0.1474546 0.0326721 -0.0144966 -0.0584224 -0.0087975 -0.0807142 -0.1151054 0.0703609 0.0774449 -0.0049898 -0.0072828 0.1081356 0.0856415 0.0702116 0.0424788 -0.1278907 0.0473761 0.2257993 0.0039115 0.1920604 0.0225849 0.1193150 -0.1823912 -0.0779177 -0.1909057 0.0597366 -0.0291270 0.1438935 -0.1126498 0.3505153 0.5366049 -0.0747877 -0.2939326 -0.0241617 0.1500209 0.0301737 -0.2736006 0.4209969 -0.2044275 -0.2410432 0.0886717 -0.1612493 -0.0669108 0.2118534 -0.1670527 -0.2914632 -0.1568293 0.0383836 -0.0937231 -0.2145795 -0.3544823 -0.2549904 -0.1903338 -0.2754393 -0.2157019 -0.1453580 0.2695275 0.4270509 0.3792509 0.5808461 0.1377013 0.3152352 0.5232576 0.5671788 -0.0090827 -0.1047903 -0.3065657 0.2860905 0.7440327 0.4017561 0.0009449 0.4787298 0.2355918 0.2107725 0.6630790 -0.0251583 0.5274556 0.3291236 0.3681949 0.3002406 0.4810119 -0.1987938 0.2970461 0.2039839 -0.0525466 -0.1302120 0.1669011 -0.1169374 -0.1170477 -0.1970890 0.2709329 0.0770908 -0.1769525 0.0018349 -0.0024733 -0.2575210 0.5268883 0.1297573 -0.1461500 0.1209958 0.2907846
0.0748609 0.6391478 0.3192062 0.7963677 0.0158849 0.8229019 0.5920519 0.7833624 0.8132555 0.9038838 0.0000000 0.6884900 0.5359240 0.8086947 0.6511319 0.3145568 0.7389555 0.5401602 0.2916797 -0.0114150 0.4312143 0.2037121 0.0591529 0.6355600 -0.1398017 0.0044594 -0.2117834 0.4591642 0.5113740 0.3985412 0.1375038 -0.7440826 0.4372398 0.7542426 0.0379117 -0.1514544 -0.2863078 -0.3177931 0.0942467 0.1359762 -0.5646986 0.0098370 0.0235838 0.3080984 0.6971373 -0.0200865 0.0938956 -0.5839371 0.4367212 -0.2309109 0.1595320 -0.0334907 0.7526722 0.0390130 -0.4973003 -0.3068109 -0.3885605 0.3455881 0.1663818 0.0743589 0.5378432 0.0592570 -0.5508977 0.7044946 0.7732487 -0.3791710 0.1509391 0.4612877 -0.5864629 0.6410526 0.2125947 0.6100663 0.3852085 0.6874926 0.0555744 0.6090441 0.6260254 0.4526730 0.4503094 0.3402267 -0.0635677 0.0275375 0.0422658 0.0415842 -0.1027805 -0.0679007 0.3952576 0.0772390 -0.0977637 -0.2386516 0.2181066 0.5148511 -0.0925788 0.1703949 0.1468593 0.2939212 0.0335177 0.0820988 0.3616634 -0.3815996 -0.1386652 -0.0437060 -0.0211445 -0.2161845 -0.0055412 0.3369146 -0.1550343 -0.0241059 -0.3141552 -0.1574999 -0.2500136 -0.1424023 0.1898007 -0.0355611 0.0471138 -0.0084743 -0.0752815 0.1529760 0.0096415 -0.0611148 -0.0943671 -0.0844706 -0.0682904 -0.0356996 -0.0209357 -0.0176739 -0.0445571 -0.0263266 -0.0045456 0.0901324 0.0067874 0.0848143 -0.0551197 -0.0146074 0.1686264 -0.0330904 0.0955082 -0.0591030 0.0740705 -0.2130229 -0.2117072 -0.2915169 -0.1002061 -0.0258367 0.0650501 -0.1487352 0.3178937 0.4639131 -0.1339064 -0.3964687 -0.1602154 0.1285884 -0.0886863 -0.3451455 0.3171494 -0.1427294 -0.3552462 0.1111300 -0.2610313 -0.1735363 0.2060768 -0.2953353 -0.2936411 -0.2711887 -0.0971840 -0.1447282 -0.3277439 -0.3906050 -0.3986661 -0.3503928 -0.3452991 -0.3537239 -0.2324893 0.1804598 0.3576311 0.2163200 0.3912898 0.1200034 0.1281596 0.3614312 0.5447046 -0.0777762 -0.1623293 -0.3127269 0.1193236 0.6643932 0.2570399 -0.1010468 0.2981382 -0.0066996 0.0669798 0.4422899 -0.1221262 0.4060060 0.2096418 0.2475736 0.1885418 0.4455990 -0.3169992 0.1871210 0.1509375 0.1153309 0.0043128 0.2680434 -0.1061966 -0.1985806 -0.1854913 0.1801691 0.1449400 -0.0867148 0.0652579 -0.0545283 -0.2246548 0.3873025 0.0785241 -0.1961633 0.3655268 0.3043063
0.3360109 0.7727545 0.4441235 0.8423741 0.0948801 0.8843360 0.7854804 0.6041770 0.6251105 0.8061460 0.6884900 0.0000000 0.4569615 0.5739733 0.8604239 -0.1114761 0.2668783 0.4357259 -0.2714954 0.2761631 0.8714564 0.0251648 -0.3154398 0.6834208 -0.2755163 -0.4317063 -0.3619511 0.4327201 0.8181166 0.2420706 -0.2010944 -0.5768405 0.4644286 0.8740913 -0.5466199 0.0015312 -0.7660758 -0.6796345 -0.4069602 0.0623631 -0.5066799 0.2454461 -0.5163037 0.3610571 0.9280342 -0.5672907 -0.5023776 -0.6343167 0.5345622 -0.5493239 -0.4180531 -0.5024815 0.8249704 0.0609519 -0.4393591 -0.6435146 -0.6168801 0.5427188 0.4610557 -0.3593851 0.7930470 -0.2003530 -0.3635917 0.4581388 0.8640030 -0.3221199 -0.3049528 0.3681296 -0.4714523 0.3010925 -0.3167619 0.5180964 -0.2149441 0.6851946 -0.4059885 0.3989193 0.6818760 -0.0166364 0.2633840 0.5629726 -0.0336020 -0.0861231 -0.1532975 -0.0954566 -0.0378251 -0.0394422 0.3660618 -0.1505675 -0.1257931 -0.0727349 -0.0010854 0.3871196 0.2009979 0.0695409 0.2234486 0.4948612 0.1195125 0.1268173 0.2994990 -0.4829753 -0.1929101 0.0264854 -0.3748921 0.0252177 0.0700556 0.0717672 -0.0000345 0.0771196 -0.1370693 -0.0756393 -0.3939534 -0.0038429 0.2839306 0.1370842 0.1154334 0.1401771 0.0302194 0.2577860 0.1162992 0.1636674 0.0309104 0.0826033 -0.1607271 -0.1745189 0.2856186 0.2760156 0.1049999 -0.1945135 0.3434638 0.1942394 0.2001954 -0.2323320 0.0836254 0.0197173 0.4641836 -0.1625011 0.2943187 0.2525063 0.1628589 0.0320113 -0.0415672 -0.0035392 -0.1100974 -0.0543805 0.2609124 -0.2337616 0.4029118 0.5799539 -0.1100735 -0.1741426 0.1435984 0.1768047 0.0898271 -0.3675759 0.3969452 -0.3199490 -0.3187167 0.2224364 -0.3006639 0.0123011 0.2129164 -0.1661852 -0.3687266 -0.1094083 0.0185956 -0.1760147 -0.3327750 -0.4439539 -0.2859046 -0.2096244 -0.4048552 -0.2851881 0.0588741 0.4533706 0.5562213 0.5000778 0.7256827 0.1435622 0.4452881 0.5755891 0.3844464 -0.1373101 -0.0473698 -0.3854717 0.2935118 0.7381689 0.4849252 0.1159016 0.5000850 0.3511502 0.3153047 0.7069239 -0.0544991 0.4298448 0.5341982 0.4266394 0.2428989 0.4337949 -0.0793163 0.3819626 0.0120463 -0.0347899 -0.1845729 0.1382087 -0.0508659 -0.1594332 0.1153334 0.0302890 -0.1171862 -0.2902550 -0.0952813 0.1061207 -0.3156708 0.4325222 0.3408560 -0.4437395 0.0329372 0.2149290
0.2833888 0.6572901 0.8078395 0.6528391 0.4793716 0.5680196 0.3773260 0.8304789 0.5073510 0.6007459 0.5359240 0.4569615 0.0000000 0.3704756 0.4798640 0.2679972 0.4716012 0.2107731 0.3942690 0.4200883 0.3851277 0.1134952 0.2326850 0.3660708 -0.0628433 0.2441282 -0.2801333 0.4200691 0.1962332 0.2458055 0.2411340 -0.6397090 0.4040059 0.4326028 -0.1350539 -0.1226149 -0.2652274 0.0105516 -0.0503244 0.2632639 -0.1513526 -0.1817895 -0.2460888 0.4979746 0.4673663 0.0523860 -0.1339720 -0.1461094 0.4065849 0.0842190 -0.1761103 -0.1137450 0.4683463 0.4338370 0.0889352 -0.0172071 -0.4879500 0.3983643 0.5113445 -0.2744379 0.5547130 0.0660999 -0.0650795 0.3831189 0.5454157 -0.6583457 -0.0300942 0.3777776 -0.5305353 0.1374610 -0.0459642 0.2711502 0.1390724 0.7716856 0.0140766 0.0483642 0.2622733 0.3712724 0.3444693 0.2473440 0.3369460 0.0978841 0.0949656 0.0312967 -0.0111326 0.0325778 0.3196179 -0.0796908 -0.0338387 0.0990293 0.1833055 0.3030658 0.3340543 0.3878157 0.0362463 -0.0893918 0.3793052 0.1080116 0.1447292 -0.2723716 0.2464618 -0.1062521 0.0609321 -0.1828631 0.2937222 0.1289203 0.0000118 -0.1634579 0.0479923 -0.1037713 0.0469707 0.1260745 0.0224907 -0.0263449 0.0147660 -0.1877457 -0.2348445 0.0643329 -0.1551668 -0.1819104 -0.3131146 -0.2141462 0.0939286 -0.1702410 0.0038626 0.3271461 -0.3644082 0.0396867 0.3648634 -0.2163634 -0.0899444 -0.2613295 -0.4452656 0.0173120 -0.0380551 -0.0159046 -0.0672642 0.0602595 -0.0685347 0.2796298 -0.3360286 -0.0927731 0.1384831 0.3387638 0.1794684 -0.1821080 -0.0115542 0.2244138 -0.1761809 -0.3739481 0.3844451 0.1286002 -0.2580149 -0.2340301 0.2234941 -0.0392946 -0.0349859 -0.1521081 -0.0122736 0.3472220 -0.1284868 -0.1660192 -0.1803515 0.2605481 -0.2164477 -0.0246006 -0.1219851 -0.1757102 -0.0379399 -0.0172996 -0.2386684 -0.0451553 -0.3274631 0.0807571 0.3776618 0.5626128 0.4972931 -0.3962404 0.3687591 0.4147507 0.1503583 0.2085777 0.0624459 -0.0538373 0.6179728 0.7615889 0.7590710 0.4391593 0.5420935 0.3435234 0.0932825 0.4813480 0.0111816 0.6093820 0.4518416 0.6307597 0.3244455 0.3021593 -0.0218145 0.3488841 0.1809364 -0.1502474 -0.2183503 0.3321016 0.2874069 0.2247889 0.0803000 0.0385840 -0.0551027 -0.2051758 -0.0563582 0.4165834 0.1695314 0.4136133 0.3756073 -0.1158563 -0.0201774 0.0521686
0.1716758 0.4494038 0.3179191 0.5902308 0.1826131 0.6571828 0.6334704 0.6389707 0.6456677 0.7696131 0.8086947 0.5739733 0.3704756 0.0000000 0.6145776 -0.0613862 0.7362245 0.6508641 0.0359062 0.2420111 0.3413973 0.1662118 -0.0279468 0.5758838 -0.3566156 -0.2517778 -0.0803839 0.6925370 0.4312813 0.6604814 -0.0218220 -0.5562385 0.5634089 0.6216841 -0.1554885 -0.1367732 -0.4427037 -0.2839113 0.1054201 0.2016318 -0.4066329 0.0107223 -0.0961313 0.4290959 0.5004257 -0.0711417 -0.1776869 -0.3883196 0.5308429 -0.3349379 -0.1138228 -0.1150356 0.5230574 -0.0308113 -0.2709072 -0.2606159 -0.5361993 0.3196663 0.0590418 -0.1404508 0.3399026 -0.1221333 -0.2605184 0.5609444 0.5827991 -0.3605470 -0.1189156 0.1208812 -0.3542075 0.3040550 0.0252043 0.3513757 0.0667214 0.5821877 0.0723750 0.3193083 0.3585224 0.2157490 0.0315900 0.0763121 0.0341826 0.2445512 0.0952520 0.0531648 0.0424536 -0.0071651 0.3225218 0.0744325 -0.0434304 -0.1382835 0.4480182 0.6544733 0.1372213 0.3813786 0.2737463 0.4856415 -0.0281439 0.4534654 0.2716040 -0.2184467 -0.0007204 0.2377966 -0.0141820 -0.0019122 0.3052364 0.4550133 0.0628938 -0.0752205 -0.1919289 0.0523862 -0.0872648 -0.0582537 0.1802234 0.0908423 0.1307861 0.0869048 0.0509140 0.2411203 0.0940394 0.1049272 0.1167937 0.1062292 -0.0584771 0.0473068 0.0725879 -0.1846007 0.1004665 0.0050412 -0.1253308 0.0855789 0.0003399 0.1147734 -0.0931956 -0.0467581 0.0438325 -0.0320988 0.0901868 -0.0684136 -0.0145492 -0.4166698 -0.0769492 -0.2930938 -0.1107896 -0.2901538 0.1581082 -0.1092404 0.4955954 0.4934993 0.0848678 -0.3478579 -0.3118943 0.1791120 0.0893937 -0.2251521 0.4439992 -0.3370546 -0.3856966 0.3259806 -0.2712294 -0.3252599 0.4614118 -0.2680528 -0.3378268 -0.3988229 0.0194410 -0.1561181 -0.4011621 -0.3602423 -0.4911354 -0.4650857 -0.2677036 -0.4435425 -0.2480890 0.2828771 0.2244289 0.2246462 0.3612405 0.2124875 0.0140522 0.3131916 0.5763089 -0.0567631 -0.1530670 -0.3512229 -0.0425324 0.5358193 0.1788064 0.0511327 0.2420932 -0.1269099 -0.1036519 0.2851325 0.0806567 0.1813471 -0.0213798 -0.0279324 -0.0975527 0.4059095 -0.4450867 -0.0923541 0.2171232 0.1932317 0.0963646 0.0567556 0.1181569 -0.0177623 0.0306485 0.3562746 0.2416658 -0.1039788 0.2660390 -0.2231018 0.0272325 0.3804778 0.0159342 -0.0844090 0.3808925 0.2978557
0.1783223 0.6749369 0.4310505 0.7273456 0.1525988 0.8129070 0.6500207 0.5949357 0.7088168 0.6929407 0.6511319 0.8604239 0.4798640 0.6145776 0.0000000 -0.0832992 0.3525193 0.6956941 -0.1515075 0.4764239 0.6749388 0.1136200 -0.2244247 0.8668063 -0.3210644 -0.4107527 -0.3527138 0.6180481 0.7634184 0.3841566 0.0019075 -0.6966258 0.6214162 0.8234979 -0.4239891 -0.2429771 -0.6908388 -0.6541519 -0.3821906 0.1445813 -0.4695033 -0.0248062 -0.4180780 0.4526180 0.7599842 -0.4178148 -0.3795812 -0.6178324 0.5517791 -0.4256125 -0.3232794 -0.4301113 0.7587306 0.1780348 -0.3987222 -0.4734762 -0.6372753 0.6241530 0.3024892 -0.3405732 0.7256315 -0.1620287 -0.3254163 0.5480723 0.8159919 -0.3412316 -0.3546943 0.3238622 -0.3888660 0.2996287 -0.2268580 0.5292673 -0.1345643 0.6168061 -0.1759546 0.2522289 0.5116407 0.1288780 0.1974488 0.3582130 -0.0276359 0.0302179 -0.0221000 0.0644729 0.0826479 0.1560021 0.6153713 -0.1873139 0.1294375 0.0542152 0.3410429 0.5662956 -0.0080093 0.1091574 0.4974025 0.4814958 -0.0209636 -0.0453512 0.5640356 -0.4837769 -0.0463026 -0.1645384 -0.3179416 -0.1415109 0.0771346 0.3401898 -0.0278422 -0.0682895 -0.1117881 -0.1149358 -0.1908653 -0.0158829 0.0274279 -0.1382166 -0.0702417 -0.1734149 -0.2380097 0.0917221 -0.1688990 -0.1044079 -0.2483774 -0.2316454 -0.1364741 -0.2943860 0.0416486 0.1012727 -0.2285233 -0.1985378 0.1642903 -0.0031810 -0.0251399 -0.3172055 -0.1235384 -0.1663566 0.1942485 -0.2148346 0.0806697 0.0771774 0.0272946 -0.1424370 -0.2005173 -0.2487280 -0.2188420 -0.2115815 0.1505849 -0.2755336 0.3227325 0.4550496 -0.2786995 -0.3777510 0.0480320 0.0042967 -0.0656791 -0.4927036 0.4194976 -0.4202848 -0.4654553 0.2220545 -0.4152949 -0.1174638 0.1616084 -0.3561877 -0.3885937 -0.2098510 -0.1703440 -0.2656552 -0.5372212 -0.6734426 -0.4906415 -0.4268925 -0.6045489 -0.5277337 -0.0724483 0.3540857 0.3963672 0.2559705 0.4222507 -0.2159582 0.0385262 0.2841855 0.2260462 -0.2812641 -0.1918076 -0.4644705 0.1434951 0.7939669 0.4593620 0.1512841 0.3330075 0.1667833 -0.0349554 0.5227700 -0.1804410 0.1563077 0.3833881 0.2142775 -0.1145351 0.3567649 -0.4059373 0.1933702 0.0519519 0.1416640 -0.0884535 -0.0694281 0.0269230 -0.2040913 0.1914729 0.1699347 0.0184827 -0.2535527 -0.0192590 -0.1187845 -0.1958558 0.2491345 0.3600778 -0.2669788 0.0335612 -0.0116813
-0.1637444 0.1291944 0.0907087 0.1744676 -0.1525921 0.0532303 -0.3403762 0.2982433 0.1588074 0.0782921 0.3145568 -0.1114761 0.2679972 -0.0613862 -0.0832992 0.0000000 0.4461121 -0.1256937 0.5804811 -0.3868134 -0.1901189 -0.0845935 0.7915164 0.0843733 0.0223780 0.7738573 -0.0403637 -0.1827604 -0.1210534 -0.2461156 0.1819097 -0.2409832 -0.0003747 0.0027114 0.6429407 -0.1970367 0.5728792 0.3035666 0.3845571 0.3176446 -0.1204415 -0.2784396 0.5970430 0.1535821 -0.0912153 0.6012616 0.6546358 0.0072684 0.0086156 0.4048692 0.7515776 0.5860505 -0.0309392 0.4507580 -0.0353527 0.4345722 0.5330010 0.1314719 0.1118343 0.7305802 -0.1316084 0.6376283 -0.1772560 0.2808044 -0.0557145 0.1544840 0.7794275 0.6195971 -0.1044112 0.5060224 0.7527910 0.1076514 0.8379055 0.1429978 0.3665965 0.3299610 0.1197091 0.5755325 0.4270068 0.0943783 0.0796229 -0.3029028 -0.0696141 0.1496965 -0.0725894 0.0609496 0.2625426 0.5018383 0.1723523 0.0449146 0.0854270 0.0661721 -0.3724955 0.1894460 0.1396860 -0.2618965 -0.0666362 -0.4121978 0.1280134 0.0663537 0.1690265 -0.2761339 0.2117268 -0.0452825 -0.3927931 0.0950919 -0.1883300 0.1210201 -0.1464738 -0.0988971 -0.1704032 -0.1009640 0.1889031 -0.0819593 0.0647313 -0.2191302 -0.1184549 -0.0530588 -0.1673997 -0.2487157 -0.3235934 -0.2118320 0.0136479 -0.0711669 -0.1553530 0.2651958 -0.3297647 -0.0380888 0.1825142 -0.0479351 -0.0901510 -0.2531976 -0.0763602 -0.1773906 -0.0100928 -0.1120185 -0.1622278 0.0287475 0.1222923 0.3221302 -0.4542581 -0.0974514 -0.0952618 0.2265874 -0.1650870 -0.1846047 -0.1164101 0.0369477 -0.3446398 -0.3794271 -0.0719570 -0.1492114 -0.4157786 -0.2333123 -0.1098766 0.1398008 -0.1407076 -0.2280695 -0.1289096 0.0425475 -0.2872373 -0.3077501 -0.0431599 0.0095828 -0.4663150 -0.1163613 -0.0709810 -0.1279813 -0.0927612 -0.1085361 -0.2057234 -0.1282582 -0.4237892 -0.4358476 -0.0439043 -0.0848629 -0.1146694 -0.0507238 -0.0373126 -0.0283096 0.2310643 -0.0396872 -0.0487112 -0.0162302 0.1976806 0.1343589 0.1597524 0.0434022 0.1716683 0.0809213 0.1286851 0.0358017 0.0129537 0.3610689 0.2310774 0.3511970 0.3197597 0.1300610 0.1709536 0.4073520 -0.1673005 -0.0108968 -0.2383691 0.1155624 0.0372313 0.0384433 -0.0550664 -0.3722236 0.0317747 0.2160279 -0.1857950 0.2393369 0.0517251 -0.0830938 0.2941889 -0.1824859 0.1301982 -0.0166280
0.0482382 0.3479518 0.2864767 0.4497709 0.1159375 0.4144038 0.2571987 0.6298285 0.5759329 0.5442708 0.7389555 0.2668783 0.4716012 0.7362245 0.3525193 0.4461121 0.0000000 0.3484922 0.3594676 0.0179274 0.0732180 0.1553191 0.4455685 0.3458929 -0.3842153 0.1126146 0.1870113 0.5023831 0.1439567 0.6089320 0.1543158 -0.5561869 0.4530487 0.3993472 0.2156956 -0.1036967 -0.0260529 0.0008088 0.4449532 0.4444590 -0.2511475 -0.1038943 0.1867941 0.4938343 0.1955995 0.3227831 0.1808506 -0.1776437 0.4825444 0.0457175 0.2729722 0.2595212 0.3381931 0.4100916 -0.1306241 0.1032252 -0.0934425 0.4762042 0.1604544 0.2872083 0.1796002 0.4752980 -0.1636051 0.7133456 0.3775140 -0.1478357 0.4515944 0.5273415 -0.1931415 0.5210692 0.3962060 0.3199562 0.5913042 0.5370025 0.2923739 0.3827562 0.2220980 0.4901380 0.2834527 0.0212568 0.1980877 0.2599327 0.3425047 0.4192319 0.2777188 0.1949609 0.3521276 0.3859510 0.2569948 0.2048433 0.4520453 0.6123741 -0.0088567 0.4812138 0.2360772 0.2114876 0.1679179 0.2197716 0.2385765 -0.0432618 0.2414539 0.0163978 0.3007779 0.0049428 0.2615720 0.4577630 0.0660485 0.0087320 -0.0272428 0.1290701 0.0714155 0.1368351 0.0232965 -0.0832037 0.1279388 -0.0735964 -0.0538408 0.1788860 -0.0137798 -0.0111546 -0.0769508 -0.1153756 0.2261658 0.1064122 -0.0105936 0.0499223 -0.1758971 0.2517813 0.0224896 -0.0761892 0.0164341 0.1064866 -0.3446825 -0.0762351 -0.0128609 0.0854074 -0.0180771 0.0345496 0.0956679 -0.0770363 -0.1568728 -0.1468939 0.0716503 0.0122526 0.0865561 0.0250356 0.3104416 0.2273819 0.0346949 -0.3431905 -0.0918480 0.1680569 0.0085884 -0.1006979 0.1730860 -0.0245179 -0.1371793 0.1274173 -0.0707522 -0.0467968 0.1619447 -0.1947952 -0.0802978 -0.1327606 -0.1362792 0.0548833 -0.2217524 -0.2005905 -0.2818169 -0.2958274 -0.2287182 -0.3096577 -0.3327742 0.1611183 0.2407377 0.1725174 0.1642914 0.1058722 0.0335381 0.3403995 0.6078270 0.1740014 0.0505442 -0.1103551 0.1290886 0.4365729 0.2607647 0.1088772 0.2040445 -0.1481552 0.0143665 0.1552527 0.2020448 0.4053298 0.1176310 0.2333960 0.1337599 0.4414661 -0.2046558 0.0390139 0.2061863 0.2719097 0.0559059 0.1967866 0.2383481 0.1428771 0.1411576 0.1023606 0.1959000 0.0360102 0.1822961 0.1136462 0.2140269 0.2977405 0.2057012 -0.1194115 0.3148740 0.3702099
