0.0000000 0.5861822 0.5773559 0.1484783 0.1047234 0.3056299 0.0875490 -0.2706658 0.5088083 0.2965332 -0.1658830 -0.1008182 0.0018675 0.1487126 0.2832956 -0.4203381 -0.1007093 0.1499831 -0.5321394 -0.1977613 -0.2277985 -0.1484345 -0.4833740 -0.1693701 -0.4394926 -0.5764583 -0.3803322 -0.1306913 0.0808139 -0.2641623 -0.1430958 -0.1433732 -0.0362407 -0.1138337 -0.4747832 0.4652506 -0.5771115 -0.3646634 -0.3419836 -0.3033630 -0.1767944 0.6088950 -0.3880264 0.2723747 0.0254849 -0.5709296 -0.5676618 0.0250037 -0.2038241 -0.5575642 -0.5083881 -0.3700805 -0.2688135 -0.0714853 -0.3580615 -0.5585567 -0.5937189 0.1839080 0.5040354 -0.5360769 0.1491254 -0.3710121 0.1636436 -0.3550016 -0.1812176 -0.4767190 -0.6970446 -0.1953081 0.0731335 -0.2647205 -0.6326553 -0.3019738 -0.4700511 -0.3835469 -0.3403194 -0.4219417 -0.3957765 -0.2677323 -0.3523366 -0.3817948 -0.2502416 0.7150728 0.4040627 0.2882443 0.4551750 0.2739636 0.0898300 0.3196263 0.4029098 0.4828562 0.2322622 0.3372264 0.1734277 0.1549972 -0.0146163 0.1194861 0.0533068 0.0459042 0.0213770 0.5743021 0.3098649 0.2169265 0.2720444 0.4182861 0.1061882 -0.0828161 0.0927147 -0.0296281 -0.0019318 0.0045538 0.1370591 0.0607968 -0.2702943 -0.2088882 -0.0063774 -0.1714331 -0.0765509 0.2410878 -0.1585435 -0.0348540 -0.2673337 -0.0719239 0.1338074 -0.5586506 -0.1872379 -0.0892673 -0.1583547 0.3113570 -0.1399810 -0.4695354 -0.1915819 0.0431138 -0.0186807 -0.3991082 -0.3404596 -0.3418206 -0.2860080 -0.3895819 -0.3885945 0.2391106 -0.5406315 -0.1092473 -0.0874723 0.2528199 -0.3533373 -0.3842858 -0.4858293 -0.3518871 -0.2302804 0.0469979 0.1539935 -0.0468138 -0.3552805 -0.3770403 -0.2551877 -0.1821002 0.1118521 -0.5250614 -0.1589179 0.1440800 -0.3415812 -0.1286096 -0.1805861 -0.0931360 -0.2255058 -0.3937917 -0.1346016 -0.1676056 -0.1277825 -0.0080484 -0.3710281 -0.1216177 0.5630593 0.3821156 0.3432359 0.3933281 0.0612074 0.3774344 0.0848270 0.2933842 0.2289613 0.5594229 0.5547042 0.3132596 0.5597095 -0.3934550 0.0330073 -0.2366877 -0.2289557 -0.0496041 0.1187010 -0.2984095 -0.1807045 0.0780012 -0.0366051 -0.1580489 0.1161868 -0.2225271 -0.3718987 0.0329926 -0.3340534 0.0342700 0.2444501 -0.0321595 0.3003959 -0.1214992 0.0361462 0.0159973 -0.0465179 -0.2097054 0.2333606 0.1286467 0.1109581 0.0170438 -0.0603182 0.3789542 -0.2346126 -0.5307260
0.5861822 0.0000000 0.6701076 0.3271876 0.0669948 0.6760068 0.5510284 -0.2073556 0.7081129 0.4190538 0.2998831 -0.0240191 -0.0569548 -0.1471783 0.4360535 -0.2642647 -0.4508908 0.2019313 -0.5845492 -0.2176777 -0.2123960 -0.4000827 -0.5098377 -0.0050514 -0.4166167 -0.5737625 -0.7606368 -0.5050430 0.1795848 -0.7248114 -0.3584324 -0.2607031 -0.0357742 0.0274217 -0.7781886 0.5823361 -0.6875283 -0.5255480 -0.7517760 -0.6456799 -0.3692968 0.7166176 -0.7974544 -0.0194593 -0.2590447 -0.6929684 -0.7559307 -0.1273597 0.0668286 -0.6356425 -0.8093714 -0.8010766 -0.1429341 -0.2518915 -0.2247183 -0.5974111 -0.7274561 0.2155294 0.3709158 -0.8376748 -0.0186005 -0.5407446 0.1190838 -0.2993251 -0.2896484 -0.7027344 -0.7945884 -0.1116339 -0.1377158 -0.3030227 -0.7326845 -0.3327993 -0.4066927 -0.5504342 -0.4138382 -0.5858578 -0.5037037 -0.3086556 -0.5704679 -0.4892452 -0.3109729 0.4715149 0.5070288 0.2829032 0.5759056 0.2578357 0.1562956 0.6375870 0.4085267 0.4737144 0.1747197 0.2192900 0.3083015 0.3642486 0.0634349 -0.1108446 0.1307178 0.3388110 -0.0169946 0.4699763 0.4679704 0.4654952 0.3916985 0.6553820 0.1427135 -0.0305432 0.5084774 0.3894675 0.4611707 0.4539531 0.2057405 0.4617503 -0.0783373 0.0867796 0.3039197 0.1387395 0.2174270 0.5841373 0.2751058 0.6366435 0.0352244 -0.1907113 0.1520441 -0.1371885 0.4351313 0.4608591 -0.1562244 0.2597382 0.4213943 -0.0422023 0.1828330 -0.1940803 0.4581779 0.1587190 -0.4716504 -0.3666797 0.3759381 0.1461931 0.0981171 0.3037753 -0.5134344 0.2212582 -0.1596043 0.6962859 0.2487204 -0.5252958 -0.5796179 -0.6818580 -0.1441924 0.0961514 0.1560398 0.5128048 -0.0231001 -0.3677354 -0.3642582 0.1036985 0.0097346 -0.5078726 -0.3120852 0.2504754 -0.4165552 -0.1946199 0.0709441 -0.1561860 -0.1515844 -0.0399156 -0.0210890 -0.4079155 -0.3722236 0.0283458 -0.0381797 -0.0302136 0.7995356 0.4349494 0.7105622 0.3297299 -0.0539889 0.0760325 0.0593023 0.1977597 0.2106130 0.6210401 0.6159733 0.5303878 0.5001381 -0.5505602 -0.2800671 -0.5245171 -0.2953480 0.0849520 0.7059977 -0.2671054 -0.1402861 0.1972506 0.4464040 0.1302690 0.4601234 -0.2486533 -0.4192925 0.4841122 -0.5349142 -0.0909275 0.4152432 0.0648388 0.2049504 -0.3061091 0.4763516 -0.3205075 -0.2678526 -0.3301448 0.2701395 0.0631409 -0.0091031 -0.1543251 0.1380206 0.1787725 -0.2218761 -0.3308915
0.5773559 0.6701076 0.0000000 0.0609062 0.5092019 0.1316499 0.1826165 -0.1841546 0.3328915 0.1240552 -0.2045715 -0.3506339 0.2877583 0.0101517 0.0799436 -0.5013247 -0.2685067 0.2910993 -0.5841340 -0.1256694 -0.2551197 -0.0772135 -0.4348771 -0.0058632 -0.4161502 -0.4820224 -0.4592229 -0.1327450 -0.1391977 -0.2961715 -0.0824336 -0.0489881 0.0732203 -0.0729499 -0.4286984 0.4654260 -0.3872456 -0.3878338 -0.4814856 -0.4174994 -0.1073061 0.5026405 -0.5385669 0.1538606 -0.4098931 -0.4815846 -0.4603867 0.0771079 -0.1228467 -0.5218362 -0.5146991 -0.6104113 -0.3367604 -0.4029649 -0.3227117 -0.4484567 -0.4631300 -0.1048429 0.4301007 -0.5387445 0.2073313 -0.5526687 0.5637753 -0.5844649 -0.3497937 -0.3579218 -0.6723834 -0.4633668 0.2021429 -0.5022741 -0.5689014 -0.3246304 -0.5154803 -0.4421019 -0.2295229 -0.6026360 -0.3791495 -0.0765961 -0.2994151 -0.1964421 0.0418156 0.4836332 0.3212564 0.2035687 0.4323249 0.0669682 0.1824719 0.1962257 0.3768376 0.4009692 0.2456587 0.1298410 -0.1759723 -0.1243753 0.1375699 -0.1797074 -0.1945645 -0.1358269 0.0972356 0.3549842 0.2288450 0.0416382 0.2854253 0.3800262 -0.0104867 0.0245015 0.4059642 0.3950336 0.3877420 0.4987742 0.2386830 0.4619026 -0.3559589 -0.1928409 -0.0843434 -0.3063209 -0.2171567 0.0930042 -0.1666182 0.1783953 -0.2708003 -0.4817705 0.1430949 -0.2227887 0.0231055 0.1555868 -0.5093643 0.2449463 0.1076394 -0.2667462 -0.2032615 0.0343502 -0.0549974 -0.0037890 -0.4986338 0.0817629 -0.0433774 -0.2214713 -0.2742492 0.1749114 -0.5331244 -0.0441240 -0.0962382 0.3311049 -0.1921694 -0.1500766 -0.6874150 -0.5934349 -0.3795126 0.0055898 0.2357994 0.1193000 -0.1626658 -0.4007481 -0.5277966 -0.0866876 0.0637982 -0.5721012 -0.2746900 0.4034484 -0.4656090 -0.2720537 0.0474308 -0.0650003 -0.3710031 -0.2754180 -0.0376391 -0.4690425 -0.5205523 -0.2314890 -0.2389453 -0.2721346 0.5262433 0.5226539 0.3632105 0.2030351 0.0522043 -0.0086378 0.1932411 0.3762812 0.0320898 0.5307147 0.5637323 0.4079419 0.3970916 -0.2193528 0.1150385 -0.1847989 -0.1062933 -0.0937305 0.3930364 -0.2669110 -0.3132029 0.1764964 0.2606145 0.0949486 0.3968905 -0.1785848 -0.0818032 0.2573772 -0.0669253 0.0539480 0.4604570 0.2760099 0.4332997 0.0481934 0.2333668 -0.1987475 0.1092903 -0.2111043 0.2296467 -0.0053524 0.3758759 -0.1290675 -0.0958579 0.6086126 0.0616530 -0.2694787
0.1484783 0.3271876 0.0609062 0.0000000 -0.2599131 0.6137120 0.0983264 0.6860049 0.4572596 0.5675638 0.6579429 0.4345684 0.3454321 -0.0059523 0.6771961 0.4803283 0.0213973 0.1385911 0.3498455 0.1559227 0.1731413 0.1451341 -0.0330472 0.0627931 0.3340221 0.2730730 -0.5552102 -0.4617662 0.5370372 -0.5409532 0.0697159 0.1582547 -0.1061926 0.2207322 -0.2775039 -0.0189684 -0.1191144 0.1157963 -0.4324338 -0.5068499 -0.1388229 0.1727644 -0.3678035 -0.2278733 0.5856678 -0.0675235 -0.2592913 -0.1594231 0.1736572 0.0390065 -0.3318160 -0.3157489 0.4506529 -0.0440940 0.0231836 -0.0018096 -0.1729948 0.1703073 -0.2529440 -0.2776753 0.4786550 -0.1089951 0.0263785 0.4440177 0.6389201 -0.2013880 -0.1539441 0.1490945 0.3858338 0.4308940 -0.0178131 0.5800164 0.2614005 0.3502338 0.2555969 0.2549477 0.3149791 0.2899609 0.2106998 0.2556079 0.1532805 -0.0180840 -0.1783983 -0.4360426 -0.3553888 -0.3008970 -0.1546487 0.0131198 -0.2580427 -0.3070202 -0.2137357 -0.0739209 -0.0322185 -0.0213096 -0.2990282 -0.0962391 0.1912625 0.0116304 -0.6250021 0.0241585 -0.2358240 -0.3018348 -0.3697716 -0.0722293 -0.3005952 -0.5530674 -0.3670155 -0.3931563 -0.2928385 -0.4179436 -0.5367969 -0.4157855 -0.1271692 -0.1697018 -0.0651735 -0.0036165 0.0446061 0.0331338 0.1318027 0.0875508 0.3283074 0.4784484 0.0505571 0.3111703 0.1850181 -0.0675345 0.3073255 -0.0148747 -0.0172147 -0.1479577 0.0653211 -0.0489488 0.3616940 -0.1856699 -0.3005747 -0.4857058 -0.0126189 -0.0619524 -0.0924559 -0.2808280 0.0513100 -0.3171441 0.0097659 -0.1695191 -0.1186052 -0.1793441 -0.0131083 -0.0489902 0.4363914 -0.3491172 -0.4006803 -0.1394842 -0.2625630 0.3157974 0.3416590 -0.3661141 0.2371535 0.1043830 0.3121223 -0.3472222 0.3552252 -0.2528278 -0.1203143 -0.0793401 0.2520297 -0.0290968 0.1466898 0.2035360 0.2852031 0.3627553 0.1513288 0.3796196 0.1136993 -0.1339407 0.2965129 0.3615638 0.1008726 0.2435748 -0.0960945 0.0294861 0.3409045 0.3054975 -0.0560198 0.0749955 0.0310033 0.0672384 -0.1935810 -0.1230211 0.1387216 0.5602561 0.0201973 0.5890580 0.4256959 -0.0989316 -0.1897534 0.0209520 -0.1650046 0.2092359 0.1548719 -0.0935169 -0.1520807 -0.5317451 -0.1117574 -0.1060911 -0.0490250 0.0626916 -0.2007171 -0.0155452 -0.2164566 -0.1967397 -0.0060643 0.1500656 -0.0891354 0.2529169 -0.0152824 -0.3355757 -0.0878031 -0.1347789
0.1047234 0.0669948 0.5092019 -0.2599131 0.0000000 -0.2605243 0.0636279 0.0606870 -0.1296605 -0.2684720 -0.3452536 -0.2672490 0.6857120 -0.1221224 -0.3891650 -0.4100109 0.1408052 -0.2043287 -0.1988729 0.4013098 -0.1391057 0.4761314 0.0423482 -0.1527908 0.1389192 0.1533607 0.1221240 -0.0287458 -0.5287860 0.1385414 0.5851290 0.5641941 -0.1292566 -0.3923181 0.2117236 0.0439758 0.2921896 0.3502723 0.1643163 0.1869594 0.6391915 0.0035484 0.1147007 0.1926181 -0.3894007 0.0831795 0.1251425 0.5072106 -0.1927856 0.1435011 0.1435002 0.0751833 -0.5599636 0.0573772 0.1925040 0.0722778 0.1996054 -0.1046299 0.5072689 0.1507371 0.5098971 0.0672738 0.7818586 -0.4882945 -0.2593425 0.4058516 0.0779053 -0.1540392 0.5876215 -0.2870521 0.1561399 -0.1863639 0.0655031 0.0112939 0.3913927 -0.0452690 0.0837157 0.4174966 0.3307469 0.3461866 0.5582329 -0.1038769 -0.2569209 -0.2501717 -0.1265990 -0.2126740 0.4344401 -0.3136563 -0.0978289 -0.0960140 0.2410046 0.0462286 -0.4397346 -0.4729254 0.3552168 0.2458569 -0.2665333 -0.2359558 0.1387071 -0.1692116 -0.1533001 -0.3617176 -0.2864838 -0.2766475 0.1231519 0.0679059 -0.0849429 -0.0964249 0.3161782 0.1199077 0.2608604 0.2004388 -0.5913379 -0.4386010 -0.3998152 -0.6397420 -0.5885882 -0.3546819 -0.6316257 -0.0846259 -0.2820600 -0.4877202 0.0419975 -0.2152345 -0.2041430 0.0255704 -0.2603232 0.1180760 -0.0567920 -0.3473091 -0.3580473 0.2128941 -0.5240151 -0.2773194 0.0325689 0.2729786 -0.2780851 -0.1948421 -0.4114819 -0.0242270 -0.2313304 -0.0259439 0.2759460 -0.0742672 -0.3017255 0.0184494 -0.3286288 -0.2583805 -0.2528230 0.1181656 0.3558953 -0.1745997 0.0782778 -0.2185907 -0.1548998 0.0901060 0.2733401 -0.3844447 0.1835359 0.4141131 -0.2646956 0.0278187 0.0770064 0.3298446 -0.1904064 -0.3554588 0.0067996 -0.0369523 -0.0915380 -0.1600506 -0.1650259 -0.0486946 -0.0414972 0.2935258 0.1722599 0.2395658 0.1035829 0.0916783 0.1796761 0.2001163 0.0999809 0.2857601 0.4591627 0.4427429 0.4217177 0.3851710 0.8148589 0.6103488 0.4064973 -0.0026313 0.0211160 -0.0466016 -0.1169683 -0.0073735 0.1302781 -0.0035726 0.1218140 0.1159724 0.4359352 0.0467647 0.4769315 0.3097096 0.1870792 0.1373389 0.5716208 0.6459138 0.1269461 0.4158801 0.3353739 0.2349169 0.0745463 -0.2564538 0.8197093 0.0169369 0.2252281 0.5608553 -0.3726871 -0.1191466
0.3056299 0.6760068 0.1316499 0.6137120 -0.2605243 0.0000000 0.6498223 0.1310953 0.8226704 0.7218996 0.7615542 0.4482067 0.0088486 -0.0403687 0.7335519 0.2667586 -0.1321379 0.1493794 -0.0540103 0.0664799 0.0755056 -0.2372393 -0.3300973 0.0034979 0.0129922 -0.1581132 -0.6941095 -0.5907426 0.7082523 -0.7664504 -0.2532979 -0.0895661 -0.1606701 0.2477516 -0.6475225 0.4204094 -0.4682415 -0.1777903 -0.5898283 -0.5401487 -0.2760764 0.6947382 -0.5878280 -0.0488860 0.2315135 -0.4060472 -0.5385501 -0.0055609 0.3427254 -0.2818670 -0.5600710 -0.5005523 0.2877377 0.1094995 -0.1363683 -0.3433515 -0.4609254 0.5763917 0.2490591 -0.5734118 0.1556971 -0.0890693 -0.1300792 0.3354782 0.2319848 -0.4989200 -0.3096284 0.3994475 -0.0747677 0.3763637 -0.3823423 0.1444114 0.1285373 -0.0338784 -0.2121329 0.0019591 0.0029170 -0.1847599 -0.3073011 -0.2854797 -0.2881929 0.0018405 0.1685822 -0.0822331 0.1163765 -0.0574327 -0.1183664 0.3901286 -0.0690261 -0.0140930 -0.3763968 0.1001423 0.3133970 0.2556929 -0.3305186 -0.1611127 0.4378307 0.5080962 -0.5088092 0.1276269 0.0446024 0.2906786 -0.0061425 0.2957615 -0.0697265 -0.4134917 0.1220005 -0.0027945 0.0392579 0.0755833 -0.3164653 0.0316984 0.1714332 0.1914058 0.4336888 0.3621786 0.3645673 0.5710493 0.4535011 0.6471831 0.5277161 0.4075950 0.1190918 0.1822012 0.6002745 0.3569665 0.3547548 0.2326477 0.3895011 0.1996615 0.4985824 -0.1973080 0.6373469 0.0079791 -0.4076255 -0.4728988 0.4173717 0.3665759 0.3281786 0.1713828 -0.1248803 0.1829654 0.1286680 0.3533434 0.3695586 -0.3758275 0.0054602 -0.2768739 0.4422616 0.0641545 -0.1174980 0.3913378 0.2297138 0.1950614 0.2686821 -0.0585797 0.1592562 0.0582496 0.0875190 -0.1408212 0.2137755 0.0763724 -0.0368456 -0.2110385 0.4413179 0.1392624 0.2907994 -0.1094149 0.0419909 0.5179135 0.4267683 0.4535602 0.4878712 0.1080646 0.5979397 0.4126283 0.0523027 0.4918389 0.0070442 0.1214713 0.4745830 0.5522274 0.4154338 0.5078945 0.4719507 -0.3356878 -0.2302216 -0.3119121 0.0090471 0.4197457 0.4907152 0.1811133 0.2932756 0.0599234 0.1800520 0.1304144 0.2590272 0.0096815 -0.2664008 0.3551553 -0.4822182 -0.6382846 -0.0819588 -0.3477685 -0.0646434 -0.3585354 0.2751181 -0.1610966 -0.5123453 -0.6119512 -0.1625809 0.1428134 -0.2620473 0.1577596 0.0824269 -0.3897549 -0.3296489 -0.3939419
0.0875490 0.5510284 0.1826165 0.0983264 0.0636279 0.6498223 0.0000000 -0.0496580 0.6145960 0.4412251 0.3387988 0.5160302 0.0156902 -0.0199605 0.3733729 -0.2307381 -0.3608544 0.2029661 -0.3273984 0.1690139 0.2678062 -0.0514756 -0.3593701 0.2414961 -0.1741204 -0.2223487 -0.3538360 -0.2116946 0.3535821 -0.3814006 -0.0079249 -0.0892042 0.0763537 0.2859208 -0.2768114 0.4125909 -0.1466450 -0.1163679 -0.3035416 -0.2026429 0.0727844 0.4540014 -0.3248397 0.0050404 -0.0285965 -0.1843789 -0.1601112 0.1149071 0.3180731 -0.1317939 -0.2145232 -0.2704145 0.2375902 -0.0958051 -0.0817860 -0.2336608 -0.1095866 0.1656433 0.2418706 -0.2193692 0.1096892 -0.2138599 -0.0351020 0.0955691 0.0251372 -0.1162777 -0.1313900 0.1115565 -0.1990718 0.0952356 -0.1084043 -0.0116758 0.0095291 -0.0142720 -0.1120386 -0.0880605 0.1241656 -0.0645201 -0.1720443 -0.0897577 -0.0493168 -0.2218616 0.0730460 -0.1063591 0.1453908 -0.0501541 0.1051055 0.2420950 -0.0144602 -0.0398604 -0.3991940 -0.3107673 0.0901579 0.0704411 -0.0860941 -0.2497706 -0.0713085 0.5084244 -0.3522664 -0.0286493 0.0545825 0.2880446 0.0340719 0.1747522 -0.1194116 -0.3573802 0.2524308 0.1357960 0.3048828 0.3771911 -0.1673973 0.2723740 -0.0672091 0.0276594 0.1900339 0.0119150 0.0348151 0.2965899 0.1546675 0.7968049 0.4170967 0.1034897 -0.1624637 0.2175643 0.6540393 0.6780130 0.2989861 -0.0956373 0.7609937 0.2146864 0.3243574 -0.4491113 0.4449541 -0.0038321 -0.2474921 -0.2541127 0.3712794 0.6301639 0.3526153 0.4980932 -0.1908313 0.6403017 0.1933479 0.4661211 0.4222702 -0.4474687 -0.1531662 -0.2969778 0.0758342 0.3527927 0.3211531 0.4582057 0.6495290 -0.1489428 0.0749849 0.0289889 -0.2336967 -0.2933644 -0.1645087 0.3487478 -0.1372377 -0.1214148 -0.2639499 -0.2492798 0.0326669 -0.2041071 -0.1446949 -0.3989330 -0.2887674 -0.0410369 0.1390222 0.0811861 0.4741742 0.5556917 0.8111290 0.5780675 0.4134011 0.4047270 0.4419083 0.3536208 0.4398497 0.4822997 0.4039676 0.4841775 0.3574321 -0.0553271 -0.0244457 -0.0112930 0.2459584 0.4427295 0.7486304 0.1438234 0.2482413 0.4918148 0.6532574 0.5792732 0.6014375 0.2286965 -0.0612519 0.7238599 -0.1415858 -0.4332141 0.0697768 -0.1565660 -0.0874221 -0.1292767 0.7312074 0.1561689 -0.1983732 -0.4627708 -0.1067178 0.2470544 -0.0295709 0.3103642 0.4501052 -0.0388711 -0.3169590 -0.1871038
-0.2706658 -0.2073556 -0.1841546 0.6860049 0.0606870 0.1310953 -0.0496580 0.0000000 -0.0090362 0.0430534 0.4653498 0.5161005 0.6495786 -0.2717154 0.2027901 0.5349167 0.1364883 -0.2644857 0.7207525 0.5250898 0.3488013 0.5763834 0.4034800 -0.0436744 0.6845711 0.7144723 -0.0787117 -0.3059927 0.1314385 -0.1699337 0.4462604 0.4663656 -0.2479597 -0.0343024 0.3050236 -0.4716889 0.3794573 0.5033319 0.1043638 0.0147401 0.3273280 -0.3695729 0.1496829 -0.2685681 0.6597084 0.3072546 0.2111256 0.0714206 0.1141643 0.3939323 0.1586674 0.2186586 0.3542770 0.2197226 0.2390790 0.2918823 0.3326790 0.0036904 -0.3264883 0.2700802 0.6683237 0.2961695 0.0728332 0.5824252 0.7774040 0.3804942 0.3742215 0.2507676 0.6000020 0.6276196 0.5433986 0.8997924 0.6111821 0.8196063 0.6598733 0.7184245 0.7318078 0.8214447 0.8069147 0.7936820 0.7246770 -0.3615972 -0.5755880 -0.6396031 -0.7514090 -0.5439180 -0.0071363 -0.4212556 -0.5154670 -0.6622037 -0.2850249 -0.4689180 -0.3062265 -0.2708818 -0.0643539 -0.1108289 -0.0574467 -0.2937261 -0.4709854 -0.4439358 -0.4952715 -0.7277017 -0.7257798 -0.5340549 -0.4114146 -0.5186608 -0.6749783 -0.6020234 -0.4027686 -0.6158189 -0.5910623 -0.6205320 -0.3728120 -0.4249767 -0.5057381 -0.3814607 -0.3822934 -0.4552456 -0.2883639 -0.2352183 0.1851225 0.3600812 -0.2047096 0.3603371 -0.0854353 -0.2390721 0.3018924 -0.3747205 -0.0608413 -0.2271894 -0.1039594 -0.1196868 -0.0828820 -0.3363738 0.0094188 -0.2134883 -0.2272674 0.0497871 -0.1721395 -0.4499950 0.2627333 -0.3004834 0.0081063 -0.5616904 -0.2341326 0.0308819 0.2149652 0.2604563 0.3126713 -0.3838746 -0.3782967 -0.3833043 -0.0776627 0.3710401 0.4168716 -0.3426351 0.1520272 0.2584291 0.4923160 -0.3487518 0.4091717 -0.2201617 -0.1736233 0.0557520 0.1785097 -0.0834616 0.0390633 0.4020582 0.4393139 0.1874287 0.1059847 0.3092070 -0.3455350 -0.1622590 0.1415572 0.2758809 0.2266111 0.3073825 -0.0689099 -0.1022051 0.3105721 0.0025339 -0.3009773 -0.0225781 -0.1137234 0.6365911 0.2370449 0.4484757 0.5846480 0.6310895 -0.3096178 0.8440260 0.6244379 -0.1467780 -0.3314927 0.0995674 -0.4069643 0.4790155 0.7161347 -0.2821961 0.3375978 -0.3647513 -0.4150138 -0.2170779 0.1459186 0.6203938 -0.3225027 0.3116063 -0.1203919 0.0890666 -0.2757354 0.0499011 0.2346107 0.4483782 0.2226652 -0.2898142 -0.1465467 0.2208734
0.5088083 0.7081129 0.3328915 0.4572596 -0.1296605 0.8226704 0.6145960 -0.0090362 0.0000000 0.7051417 0.3461518 0.2968953 0.0109307 0.1605487 0.8582324 -0.0564555 -0.1933723 0.2845876 -0.2428769 0.0949604 -0.1111037 -0.1951644 -0.5003505 0.0862643 -0.1743031 -0.2626516 -0.6798933 -0.3044764 0.4853409 -0.5137369 -0.1676491 -0.0421853 0.0550686 0.2252054 -0.4813501 0.3287321 -0.3938328 -0.2745390 -0.4519953 -0.4441770 -0.2331477 0.6242554 -0.4565240 0.0939163 0.1561404 -0.3056355 -0.3999288 0.0632141 0.2295003 -0.2857999 -0.4098092 -0.4268722 0.1294078 -0.0025066 -0.2424257 -0.2871333 -0.3835645 0.3914182 0.3979718 -0.4688119 0.2534665 -0.3621857 -0.0116841 -0.0056839 -0.0212909 -0.4060914 -0.4795730 0.0450796 -0.0878401 0.1144551 -0.4049500 -0.0666461 -0.1552394 -0.2048436 -0.0946153 -0.1610427 -0.0381661 -0.1690581 -0.3150890 -0.2461087 -0.3029039 0.1012587 0.1776323 0.0186833 0.2151269 -0.1641260 -0.4080053 0.3191202 -0.0387865 0.1035334 -0.3212399 0.0885433 0.1077554 0.0891292 -0.3257772 -0.2298483 0.3508290 0.3320578 -0.3905401 0.0191658 0.0743267 0.2324819 0.0186562 0.2472335 -0.0911131 -0.3450151 0.1909629 -0.0382588 0.1419936 0.0635756 -0.2293961 0.1586116 -0.0405683 -0.0673926 0.1535591 0.1333207 0.1150412 0.3913831 0.2872570 0.4679131 0.3909025 0.2544024 0.1381027 0.1406863 0.4539348 0.3066510 0.1535103 0.2432573 0.2326170 0.0493400 0.2828500 -0.1348312 0.3805267 -0.1320667 -0.4969145 -0.4534747 0.1757498 0.1311066 0.1259184 0.1170580 -0.4116469 0.0409712 0.1539149 0.3042341 0.1036254 -0.3500099 -0.2989699 -0.4845504 0.1973527 -0.0516865 -0.1221276 0.1562144 0.0231237 -0.0422757 -0.0171762 -0.1448047 0.0814668 -0.2888577 0.0088922 -0.0818349 -0.0644490 -0.1239516 -0.1652317 -0.3480265 0.0898081 -0.1582649 0.1786658 -0.2850785 -0.1215715 0.3000172 0.1319705 0.2011369 0.4952331 0.3146933 0.5496338 0.3971433 -0.0534646 0.4540471 -0.0269391 0.0600561 0.2291588 0.4077344 0.4385239 0.4735653 0.5690108 -0.4482184 -0.1188613 -0.3509116 -0.1158974 0.1252520 0.3782159 -0.0708401 -0.0365909 -0.0162849 0.1436570 0.1439303 0.2503363 -0.2263518 -0.3384415 0.2985745 -0.4493671 -0.5264036 0.2396017 -0.0916010 0.0286040 -0.2073262 0.2223712 -0.2418237 -0.3146133 -0.6084960 0.1363030 -0.0100269 -0.1266459 -0.0105319 -0.0501690 -0.0396240 -0.3609332 -0.5833523
0.2965332 0.4190538 0.1240552 0.5675638 -0.2684720 0.7218996 0.4412251 0.0430534 0.7051417 0.0000000 0.3824404 0.3353410 0.0433401 0.6058995 0.7797856 0.0238337 -0.1640344 0.6879702 -0.1318343 0.0883117 0.0630852 0.0155051 -0.6650350 0.5259237 -0.1109964 -0.2139470 -0.6309598 -0.0209728 0.7443981 -0.3252642 0.0719192 -0.0431629 0.4054689 0.6999199 -0.4618552 0.2619705 -0.2612201 0.0037618 -0.5649149 -0.5957415 -0.0864526 0.4435312 -0.5038238 -0.0060809 0.1679682 -0.1067359 -0.2458329 0.0331814 0.3103317 -0.0057692 -0.2926270 -0.4503106 0.5672018 -0.3511002 -0.1686877 -0.0682063 -0.2308348 0.1138247 -0.0154475 -0.3332008 0.2053424 -0.3986377 -0.0417251 0.1547168 0.2631978 -0.3023433 -0.2658918 -0.0536604 -0.0770421 0.1931373 -0.2440574 0.0729454 -0.0258154 -0.0409100 -0.0485436 -0.0897089 0.0998216 -0.2661280 -0.2488762 -0.1505170 -0.3693315 -0.0396001 -0.1055191 -0.3805848 -0.0783147 -0.1870614 -0.3361644 0.1419681 -0.1006931 -0.0990854 -0.3368233 0.0784941 0.0035788 -0.0527798 -0.3204786 0.0045682 0.2101576 0.3720869 -0.6341427 0.1478508 -0.1807956 0.2122361 -0.1404907 0.0850640 -0.3054097 -0.4403692 0.0126572 -0.1284179 -0.1632979 -0.0189172 -0.4874192 -0.1521839 0.2859896 0.2057153 0.3534883 0.3067729 0.3639203 0.3540859 0.4225276 0.4489159 0.7113548 0.6101732 -0.0220261 0.3690289 0.5380637 0.1609947 0.4582147 0.1534437 0.1125170 0.1673793 0.3151408 0.0682785 0.5070968 -0.1404587 -0.3873274 -0.4864227 0.1416999 0.1514534 0.1499641 0.0920765 0.0380261 0.0080428 0.4057863 0.0483907 0.0964013 -0.2716462 0.0368300 -0.1943161 0.5660599 0.0074737 -0.0743003 -0.0096276 0.1195151 0.3287766 0.3547115 -0.3927161 0.1498559 -0.1091585 0.1399066 -0.1841081 0.2478719 -0.0769948 -0.3328949 -0.3838650 0.3159745 -0.1895600 0.2855525 0.0180830 0.1201938 0.4135622 0.3370207 0.4935346 0.1630339 0.0780943 0.2933067 0.3907145 0.1276169 0.3206518 0.1114265 0.2219337 0.1856323 0.3190292 0.0847900 0.1104537 0.1475309 -0.3009711 -0.2206993 -0.2943792 -0.0654902 0.2497960 0.2621167 0.1142549 -0.0146008 0.0499401 0.0630434 0.0492939 0.1971146 -0.0499116 -0.3152182 0.1974735 -0.4212578 -0.6428701 0.1923970 -0.1191123 -0.1586173 -0.3112033 0.1334097 -0.0935646 -0.2584647 -0.6478914 0.0964200 -0.0231216 -0.2880650 0.0669590 -0.2941110 -0.2190976 -0.1861569 -0.5555267
-0.1658830 0.2998831 -0.2045715 0.6579429 -0.3452536 0.7615542 0.3387988 0.4653498 0.3461518 0.3824404 0.0000000 0.5065635 0.0471327 -0.3837944 0.4166288 0.7389012 -0.0214684 -0.1891708 0.4451650 0.0823393 0.2936156 -0.1244567 0.0960811 -0.1537488 0.4444608 0.2436007 -0.4767403 -0.7386745 0.6177701 -0.7650964 -0.2332288 0.0600763 -0.4109410 0.0992105 -0.4630448 0.1483674 -0.2700786 0.0475117 -0.4274851 -0.4000339 -0.2620905 0.3250030 -0.4164903 -0.2836014 0.3093207 -0.2178534 -0.3937890 -0.1485127 0.3625302 -0.0715511 -0.4189092 -0.3046989 0.3718110 0.2945401 0.0673913 -0.1364997 -0.2719194 0.5925559 -0.1244724 -0.3794435 0.0377564 0.2996584 -0.3010237 0.6877643 0.5056137 -0.3286787 0.0906784 0.6861373 0.0483013 0.6777874 -0.0762997 0.5059033 0.5286174 0.2831341 -0.0974890 0.3481956 0.1473012 0.0621125 -0.0207831 -0.0640874 -0.0305232 -0.1768532 -0.0284364 -0.2185736 -0.1939385 -0.0921121 0.0675904 0.2447274 -0.2154290 -0.2926889 -0.3671813 -0.0978621 0.2940457 0.3240325 -0.2830029 -0.1628593 0.3463417 0.2334287 -0.4984441 0.0190937 -0.1053266 0.0343078 -0.2023549 0.1275144 -0.1827902 -0.3752297 -0.0828544 -0.0656883 -0.1522340 -0.0966357 -0.4392778 -0.1916126 0.2668711 0.2526220 0.3562982 0.4058987 0.3940946 0.3929685 0.4343477 0.4505900 0.4477557 0.4066311 -0.0459631 0.2602193 0.4530244 0.2641337 0.3310570 -0.0292847 0.3194058 0.2391354 0.4634749 -0.2979182 0.5282887 0.1705368 -0.1492414 -0.3450511 0.4404562 0.4556729 0.3722690 0.0077594 0.2392269 0.1534203 -0.0735769 0.1466710 0.4339054 -0.2001368 0.3412307 0.0665098 0.5642002 -0.0195862 -0.2494634 0.3907324 0.2694726 0.4204424 0.4395434 0.0261910 0.0990090 0.4786975 0.1630868 -0.3256507 0.4685200 0.1557219 0.0915644 -0.1016150 0.6183730 0.4323626 0.3030227 0.1442406 0.2273371 0.5275730 0.5966825 0.5308670 0.0866443 -0.2393806 0.3806652 0.1948951 0.0524943 0.3181825 -0.0797657 -0.0496411 0.4292175 0.2910028 0.0582085 0.2588942 0.1059757 -0.0406965 -0.2816569 -0.1684122 0.1606113 0.5784105 0.3018973 0.4735605 0.6045527 -0.0596383 0.0481964 0.1003572 0.0565960 0.2643386 0.0476942 0.2135276 -0.3490481 -0.5815775 -0.4491090 -0.4946193 -0.1401001 -0.2329484 0.1233283 -0.0975583 -0.6573675 -0.3764194 -0.4256588 0.1734992 -0.3720176 0.2619679 0.1839483 -0.7601935 -0.1710037 0.0549778
-0.1008182 -0.0240191 -0.3506339 0.4345684 -0.2672490 0.4482067 0.5160302 0.5161005 0.2968953 0.3353410 0.5065635 0.0000000 0.0910310 -0.0900498 0.3956841 0.3169576 -0.0221787 -0.1109938 0.3735647 0.1244571 0.8161000 0.2127017 0.1000957 0.0662543 0.3776743 0.2992118 -0.1204637 -0.2641102 0.6091672 -0.2404864 0.1524123 0.1196264 -0.2225827 0.1561807 0.0444589 0.0833469 0.0803116 0.2497417 -0.0126085 -0.0896993 0.1710802 0.0630426 0.0488841 -0.4105169 0.6709827 0.0956170 0.0643034 -0.0099183 0.0292903 0.1839204 0.0576300 0.1982490 0.4968288 0.2032436 -0.0442038 -0.0041872 0.1469367 0.1452537 -0.2065581 0.1274412 0.3004694 0.3052317 -0.3463238 0.6962680 0.7681907 0.1471620 0.3141610 0.4710870 0.1275637 0.6863486 0.3417881 0.6546507 0.5380958 0.6511294 0.2216640 0.6064055 0.5673272 0.2010788 0.3482230 0.3308722 0.1420651 -0.2964664 -0.4127095 -0.4337168 -0.4977763 -0.3911934 -0.0538277 -0.2401333 -0.5101840 -0.6109624 -0.4456149 -0.6272222 0.1259678 0.0068054 -0.3528488 -0.1733000 -0.0968146 0.2218086 -0.6384570 -0.1041996 -0.1981392 -0.2209393 -0.5259627 -0.1614032 -0.2645714 -0.4917094 -0.4501534 -0.5344187 -0.2221098 -0.4048444 -0.5668901 -0.4258904 -0.0863060 -0.1638964 -0.1232080 -0.1001432 -0.0627746 -0.0349795 0.0256505 0.1399776 0.3125874 0.4917166 -0.4524152 0.2653484 0.1225889 0.3610418 0.4058109 -0.5083936 0.2913131 -0.1203807 -0.0599699 -0.5188313 0.0845038 -0.2962917 0.0133829 -0.4420868 -0.1720582 0.3697516 -0.0646290 0.2574886 0.1380995 0.3788609 0.0325466 -0.1235622 -0.0192053 -0.1663075 0.3089464 0.3524037 0.2333710 0.1734936 0.0999043 -0.0295941 0.3915550 0.1406715 0.5273622 -0.0870981 -0.2362000 0.1029271 0.0473105 0.0274324 0.2994446 -0.2361956 -0.3534080 -0.0893703 0.1609611 -0.2032527 -0.3037086 -0.0553844 0.0659891 -0.0157102 -0.0241214 0.0733399 -0.0992672 0.0199788 0.4516908 0.5839128 0.6579133 0.5548156 0.4844466 0.3216894 0.5632028 0.2442664 -0.0982459 0.0415908 -0.0160720 0.4564270 -0.0875957 0.2313453 0.3648441 0.6461474 0.1849808 0.6623679 0.7069913 0.2921458 0.2357039 0.5037812 0.2130896 0.6484549 0.2407264 0.3445243 0.1038365 -0.4997099 -0.3440885 -0.1947291 -0.2316214 0.1094100 0.2901215 0.4277731 -0.2260640 -0.1723403 -0.2181143 0.5213762 -0.2007609 0.8149353 0.5408718 -0.4650258 -0.1545965 -0.0066347
0.0018675 -0.0569548 0.2877583 0.3454321 0.6857120 0.0088486 0.0156902 0.6495786 0.0109307 0.0433401 0.0471327 0.0910310 0.0000000 -0.0786948 -0.0289738 -0.0055820 0.1531186 -0.1049823 0.2956394 0.7404400 -0.0111006 0.7998573 0.1605929 0.0417357 0.4754209 0.4887401 -0.0919610 -0.1578191 -0.1465980 -0.0474214 0.7484239 0.6681403 -0.0696111 -0.0909035 0.2641993 -0.3272915 0.4446501 0.6377882 0.0537068 0.0199987 0.7163829 -0.1663548 0.0634401 0.0625550 0.2159483 0.2662577 0.2231018 0.6089005 0.0583512 0.4046881 0.1573357 0.0713172 -0.0247251 0.0593637 0.3680295 0.3009300 0.3626842 -0.0775654 0.2002087 0.2453663 0.8806302 0.1135214 0.6571322 0.0654775 0.3606374 0.5149878 0.2482072 -0.0017365 0.7926994 0.2095511 0.4328065 0.4460622 0.4131198 0.5535117 0.7264490 0.4340563 0.6069417 0.7885884 0.7237040 0.7504151 0.7776219 -0.2610167 -0.4703366 -0.6044945 -0.5205169 -0.4577680 0.1886080 -0.4467749 -0.3527076 -0.3859084 -0.0847901 -0.1328420 -0.4592172 -0.5263220 0.1553877 0.1543677 -0.0343214 -0.2185171 -0.2438067 -0.4391991 -0.4118502 -0.6298949 -0.6201361 -0.5233281 -0.1951808 -0.3564082 -0.5447544 -0.4681929 -0.1814513 -0.3478495 -0.2923126 -0.3767876 -0.5344979 -0.4672242 -0.4457753 -0.5839577 -0.5378788 -0.4366932 -0.5141858 -0.1728268 0.1445711 0.1315423 -0.0814755 0.2229116 -0.0773339 -0.2723198 0.1946037 -0.0657276 -0.0955317 -0.3378362 -0.1709449 0.2808360 -0.2330349 -0.4794440 -0.1443395 -0.0563518 -0.3006025 -0.0927429 -0.3233219 -0.4160738 -0.0091424 -0.3357767 0.3066417 -0.4983359 -0.3768394 -0.0339249 -0.1207879 -0.1145548 0.1543493 -0.3106376 -0.1219748 -0.4401891 -0.1074241 0.2050057 0.1683385 -0.3286014 0.3898663 -0.0909854 0.5014494 -0.0657259 0.1703572 -0.1241042 -0.1125181 0.2220271 0.0584226 -0.2806508 0.1908491 0.2503889 0.2668052 0.1724627 0.0627941 0.2893198 -0.1827050 0.0294185 0.1097242 0.3210342 0.1482312 0.3099524 -0.0406025 0.0112470 0.2500062 0.2060873 0.1072114 0.2778977 0.2709346 0.6030616 0.7154907 0.6949629 0.6476615 0.3707704 -0.2817020 0.5205789 0.2303140 -0.1939073 -0.2879293 -0.0312037 -0.2598643 0.2787557 0.6918788 -0.2441774 0.5337940 -0.1807599 -0.1923491 -0.1173436 0.5459901 0.7634050 -0.2238674 0.4171346 0.1760619 0.0558758 -0.2320507 -0.2044962 0.7591160 0.2505013 0.1225408 0.2287541 -0.3473233 0.0071136
0.1487126 -0.1471783 0.0101517 -0.0059523 -0.1221224 -0.0403687 -0.0199605 -0.2717154 0.1605487 0.6058995 -0.3837944 -0.0900498 -0.0786948 0.0000000 0.3383026 -0.3658063 0.0651312 0.8252377 -0.3007341 0.0066516 -0.1116650 0.1014109 -0.5805133 0.6239700 -0.3685577 -0.2335630 0.0149659 0.7187509 0.2921983 0.5038448 0.2505087 -0.1146019 0.7143771 0.6748887 0.1088396 0.0363761 0.1194383 0.0425206 0.0044328 -0.0563424 0.0943564 0.0001842 0.0706345 0.2574220 -0.0121877 0.2471869 0.2622639 0.0223214 0.0640317 0.1970457 0.2719189 0.0414182 0.3839463 -0.4804306 -0.2453400 0.1766273 0.1522355 -0.3673545 -0.1239434 0.1914078 0.0811728 -0.4273005 0.1237531 -0.2656952 -0.0476815 0.0910948 -0.0908070 -0.5347012 -0.1475317 -0.2235332 -0.0242830 -0.2219251 -0.3545871 -0.1290269 0.0428584 -0.2404537 0.0948106 -0.2960274 -0.1370030 -0.0312651 -0.2976813 -0.1317764 -0.2395292 -0.3038274 -0.1101519 -0.1784008 -0.4234858 -0.2170144 -0.0514380 -0.0501334 -0.1740156 0.1232781 -0.3402142 -0.4161192 -0.1453987 0.1026637 -0.1167842 0.1152212 -0.2962236 0.0271258 -0.3218501 0.0602085 -0.0467131 -0.2198241 -0.2477730 -0.1449087 0.0144108 -0.0987215 -0.1867918 0.0082780 -0.2068647 -0.0833712 0.1981498 0.0721554 0.0657059 0.0556413 0.0750172 -0.1050519 0.0831621 -0.0201196 0.3816871 0.3264110 0.1187691 0.2221316 0.1319152 -0.2062798 0.2623950 0.2018237 -0.2382537 0.1680181 0.0183668 0.3313847 0.0536001 -0.1726433 -0.0952505 0.0198002 -0.1786998 -0.2270663 -0.0556179 0.0170134 0.1298097 -0.1750547 0.5369300 -0.2348324 -0.1790338 0.1432809 0.0717648 0.0453258 0.2633536 0.0639395 0.0433070 -0.3669526 0.0209735 0.2022858 0.2299529 -0.4326379 0.1126456 -0.1804462 0.1653937 -0.0253298 0.0967548 -0.0123156 -0.3614923 -0.2602124 0.0114885 -0.4027790 0.1292224 0.1012614 0.1198994 0.0851855 0.0022642 0.1921448 -0.1359238 0.1129709 -0.2458704 0.0907807 0.0884760 0.0034128 0.1590822 0.2593819 -0.1744973 -0.0614184 -0.1564462 -0.2480691 -0.1670761 -0.1483077 0.0133436 -0.0675376 -0.0892813 -0.1668853 -0.1229303 -0.1495717 -0.3954867 0.1188492 -0.0860908 -0.0949749 0.0164937 -0.1622136 -0.2369671 -0.1382158 -0.0282067 -0.2019108 0.4201475 0.2274262 -0.2395113 -0.1378723 -0.1344814 0.0408250 0.3035112 -0.2726479 0.3315249 -0.1482111 -0.1070353 -0.1468441 -0.5680466 0.2384559 0.0912727 -0.5125739
0.2832956 0.4360535 0.0799436 0.6771961 -0.3891650 0.7335519 0.3733729 0.2027901 0.8582324 0.7797856 0.4166288 0.3956841 -0.0289738 0.3383026 0.0000000 0.1906466 -0.0585170 0.4025392 0.0205969 0.0351338 0.0287458 -0.1505820 -0.4084479 0.1794962 -0.0158516 -0.0450285 -0.6067918 -0.1742061 0.6656769 -0.3618020 -0.1517050 -0.0354533 0.1167417 0.3882288 -0.3203758 0.1587222 -0.2466743 -0.1883369 -0.3517609 -0.4053861 -0.3140292 0.4003212 -0.3036395 -0.0061745 0.4011542 -0.0931546 -0.2292204 -0.1264198 0.2295467 -0.1029668 -0.2376939 -0.2659057 0.3938262 -0.0268918 -0.2706433 -0.0989324 -0.2386131 0.2816088 0.0531495 -0.2917634 0.2636982 -0.2995524 -0.1294652 0.1874681 0.2433890 -0.3203825 -0.3191513 0.0310315 -0.0441916 0.2871735 -0.2343896 0.1636943 -0.0521652 -0.0027284 0.0327423 0.0126293 0.1462387 -0.1118870 -0.1739265 -0.0954470 -0.2847195 -0.0619971 -0.0431762 -0.1773031 -0.0700643 -0.3443923 -0.6122475 0.1550030 -0.2460054 -0.1475559 -0.4595439 -0.0343924 0.0015898 0.0024920 -0.4907734 -0.2964717 0.3078789 0.1973158 -0.5904963 -0.0564061 -0.1183406 0.0159155 -0.1690706 0.0814375 -0.2877942 -0.4069650 0.0002581 -0.2235671 -0.1044841 -0.1798473 -0.4527905 -0.0770643 0.0651006 -0.0659162 0.0870232 0.1977511 0.1711195 0.2315580 0.3753962 0.2739973 0.4718492 0.4222177 0.1658688 0.3621342 0.3919377 0.1629419 0.2041739 0.1416988 0.0498222 0.1083336 0.2155821 -0.1245353 0.3712236 -0.0562111 -0.4443326 -0.4569493 0.0746272 0.0005322 0.0554847 -0.0624815 -0.2061955 -0.1614646 0.1356232 0.0496175 -0.0074953 -0.1637509 -0.1125207 -0.2611805 0.3711889 -0.2066792 -0.3406123 -0.0277610 -0.0797211 0.1541487 0.1908084 -0.2952294 0.0453580 -0.0749942 0.1049280 -0.2787176 0.1681760 -0.2168894 -0.2392341 -0.4057695 0.1690968 -0.1344392 0.1535928 -0.1598318 0.0000131 0.3182782 0.1472127 0.2620267 0.2540255 0.0861440 0.3042181 0.2992377 -0.0289698 0.3368772 -0.0536197 0.0386032 0.1796618 0.2322033 0.1284371 0.2187170 0.2645013 -0.3315012 -0.2600515 -0.3742650 -0.1086108 0.1991598 0.1910453 0.1437222 0.0726175 -0.0687390 -0.0131082 0.1259670 0.0988815 -0.1202984 -0.2460572 0.1173872 -0.3523203 -0.6378089 0.1974128 0.0138285 -0.1847690 -0.1962197 -0.0105263 -0.2412553 -0.2369680 -0.5298457 0.1733370 0.0802216 -0.2798769 0.0457275 -0.1873861 -0.2204872 -0.1546619 -0.5180283
-0.4203381 -0.2642647 -0.5013247 0.4803283 -0.4100109 0.2667586 -0.2307381 0.5349167 -0.0564555 0.0238337 0.7389012 0.3169576 -0.0055820 -0.3658063 0.1906466 0.0000000 0.3885513 -0.3965895 0.8370518 0.0364172 0.2865324 -0.0331112 0.4977399 -0.3527958 0.7251491 0.6302643 -0.0072320 -0.4956357 0.3903267 -0.3554715 -0.1656857 0.2730333 -0.4941719 -0.1227361 -0.0237571 -0.1824681 0.1040389 0.2389662 0.0267591 -0.0710295 -0.2573903 -0.0610446 0.0674475 -0.2899194 0.4057872 0.2116653 0.0190065 -0.2147390 0.1749503 0.2504302 0.0345923 0.1224874 0.2382494 0.4752400 0.1613914 0.2595734 0.0991091 0.5123767 -0.3368075 0.0599745 -0.0148213 0.5915384 -0.3060070 0.7213503 0.5494261 0.0052475 0.4711635 0.6953924 0.2232315 0.7333784 0.2650352 0.5828174 0.6808486 0.4371038 0.1226750 0.5736736 0.2643092 0.1825502 0.2136197 0.1251839 0.0790784 -0.3199761 -0.2099232 -0.2207449 -0.4498209 -0.2418636 -0.1872939 -0.1457876 -0.4510921 -0.4889221 -0.3412957 -0.0616366 0.0648268 0.0766344 -0.4835513 -0.1676148 0.3250833 -0.2007859 -0.4299526 -0.1981297 -0.3499475 -0.3151189 -0.3547800 -0.2182720 -0.1951431 -0.3117394 -0.3248243 -0.2658204 -0.3476505 -0.3844312 -0.4818101 -0.3425340 0.2356902 0.0743390 0.0717584 0.2884381 0.2039700 -0.0111599 0.2365854 -0.1380343 0.1927322 0.3660644 -0.0233828 0.2143914 -0.0094411 -0.0647183 0.1633001 -0.0728547 -0.1576206 0.1524980 0.1992785 -0.1165918 0.1098792 0.0927427 0.0702146 -0.0385464 0.0940017 0.0737981 0.1596432 -0.2900537 0.3863441 -0.1962145 -0.1078814 -0.2625809 0.1093744 0.2603591 0.5352129 0.3968812 0.5512059 -0.2424439 -0.4859468 -0.0111221 -0.0305195 0.5710646 0.4690028 -0.0093493 0.1448407 0.7846530 0.3061166 -0.5631356 0.6655437 0.2392292 0.2061663 0.0386120 0.6282853 0.5097006 0.3756661 0.3266292 0.3886158 0.4867879 0.5234098 0.4139428 -0.4104632 -0.6131420 -0.2057386 -0.1418993 -0.1057707 0.1341031 -0.2507550 -0.2776150 0.1427710 -0.1771424 -0.3176476 -0.1412713 -0.2119844 0.1444931 -0.1712768 -0.0081098 0.1380625 0.3311584 -0.2403383 0.4888643 0.5702005 -0.3628114 -0.3260427 -0.0579768 -0.2697365 0.2794491 0.2218256 -0.1603410 -0.0863484 -0.4272030 -0.6003162 -0.3739892 -0.3374701 -0.1097366 -0.3146750 -0.0988741 -0.4388455 -0.0860593 -0.4278182 0.0877172 -0.4572303 0.1919940 -0.0791060 -0.8478402 0.1097345 0.2172269
-0.1007093 -0.4508908 -0.2685067 0.0213973 0.1408052 -0.1321379 -0.3608544 0.1364883 -0.1933723 -0.1640344 -0.0214684 -0.0221787 0.1531186 0.0651312 -0.0585170 0.3885513 0.0000000 -0.3473767 0.3505716 0.0261520 0.0891174 0.0286063 0.5851044 -0.5760042 0.3970384 0.5767707 0.5858007 -0.0126119 0.0413015 0.2848741 0.1490723 0.3843706 -0.4638819 -0.4526791 0.3952794 0.0725155 0.4088516 0.2848252 0.5357905 0.3743270 0.0786881 0.0759312 0.5759505 0.1360890 0.2966195 0.3783289 0.3382052 -0.0117968 -0.2749133 0.3266852 0.4596441 0.5481831 -0.3313083 0.5360309 -0.0382756 0.2820782 0.3407747 0.3132954 0.1601427 0.4228922 0.3175575 0.6445354 0.3622980 0.0702734 0.1848918 0.3671234 0.4708761 0.3098807 0.5442112 0.1983484 0.3238106 0.0823458 0.3143443 0.2620475 0.2904254 0.3077186 0.2568592 0.1164806 0.2644051 0.1868802 0.1767702 -0.4344184 -0.3517008 -0.2300268 -0.4448880 -0.4225177 -0.1836686 -0.6582727 -0.5973273 -0.4795608 -0.1675363 0.3264559 -0.3258844 -0.6029390 -0.4985326 0.0687751 0.1877829 -0.1565759 -0.3066283 -0.2464773 -0.5682929 -0.5389935 -0.3638410 -0.5858416 0.2164561 -0.2506841 -0.4077680 -0.4572660 -0.0693969 -0.3372697 -0.0494998 -0.0836643 -0.2648349 -0.3574890 -0.2492200 -0.2581579 -0.3690928 -0.4202493 -0.3908343 -0.5107090 -0.2602635 -0.0145837 0.4890397 -0.2361384 -0.4931771 -0.3085451 -0.0116979 0.4466039 -0.5463250 -0.1205939 -0.2302723 0.3292086 -0.4140004 -0.3496068 0.2571284 0.5033308 -0.4081886 -0.5744444 -0.3171592 -0.2502286 0.1664620 -0.4151345 0.4141087 -0.4329398 -0.3676203 0.6958454 0.3718657 0.5017503 0.2233228 0.0334636 -0.1503218 -0.4402394 -0.1180581 0.3598858 0.4898059 0.0287674 0.5533428 0.5143804 0.5965820 -0.0975711 0.5273703 0.4581187 0.3182925 0.5384633 0.4492127 0.0289094 0.3370064 0.3011298 0.3778715 0.3407298 0.0740905 0.1800753 -0.3080768 -0.3293943 -0.4096118 -0.0009021 0.0202957 0.2556928 0.0217634 0.1269424 0.2600632 0.0713517 0.1382917 0.0909401 0.1100705 0.3678230 0.4916787 0.4621957 0.2446219 0.0393808 -0.4522255 0.2140651 0.2396033 -0.2024471 -0.3449113 -0.1970696 -0.2431081 0.2522097 0.2601385 -0.3556974 0.4814846 -0.0109243 -0.2192799 0.0586204 -0.3064161 0.1270537 -0.4942359 0.3025723 0.4181509 0.2757460 -0.0396135 0.0624629 0.0972960 0.1899482 -0.1909479 -0.0772030 0.0994117 -0.2865584
