0.0000000 0.5086452 0.3528299 0.6408425 0.0996849 0.4897549 0.6560362 0.4058470 0.3707633 0.0194984 0.1657910 0.3192058 0.2967356 0.3778530 0.6844144 0.2771994 -0.1054927 0.5866685 0.4026258 -0.3756162 0.2408215 0.3223973 0.2554944 0.2845338 0.5509358 0.2756990 0.4772424 0.2920708 0.1663536 0.0187458 -0.0084755 0.4288724 0.0833331 0.0476180 0.0830904 0.0687921 0.3103685 0.4489296 0.0859306 0.0756791 0.4427138 0.0901663 -0.0071016 -0.1127397 0.1775048 0.6438677 0.2653811 0.3121467 0.0214871 0.6619334 0.0421353 0.1099619 0.0265582 0.0131431 0.3684122 0.6009824 0.2759770 0.0093345 0.4112420 -0.0067612 0.4843197 0.0700692 0.0092816 -0.0508447 0.2837405 0.2028068 -0.1396220 0.1020532 0.2950103 0.0585444 -0.0569879 -0.0596963 0.0861204 0.0851564 0.2210087 -0.0167252 -0.0479936 0.1124427 0.0618288 0.1605405 0.0523222 0.0635717 0.0810262 0.0502972 0.0767350 0.1368647 0.1792046 -0.0679363 0.1256999 0.0627373 0.2007370 0.5288029 0.3131595 -0.0451445 0.3051377 0.3284191 0.2172614 0.2443960 0.2968989 -0.0083974 0.2865485 0.2631030 0.2054725 0.2219517 -0.0092476 0.2338499 0.2518490 0.2747976 0.0718252 0.2083948 0.0367047 -0.0603889 0.3080540 0.3343611 0.2124824 0.2771419 0.2477079 0.2350870 0.2518080 0.0911248 0.2441344 0.2627555 0.4689981 0.4171673 0.1976748 0.1800793 0.2136031 0.3795663 0.2724991 0.5156635 0.3220010 0.2201418 0.3178612 0.1994394 0.2922722 0.2615368 0.3173771 0.1018335 0.1455288 0.0693605 0.1942842 -0.1320591 0.3202111 -0.0055396 0.2103835 0.3741082 0.1077316 0.0876255 0.0866505 -0.0160412 -0.0086142 0.2647619 -0.0633716 0.3458409 0.1563730 0.5246362 0.3647051 0.0442947 0.2389847 0.1400234 0.1065565 -0.0379561 0.5219586 0.2790465 0.0234178 0.2537713 0.2514682 0.1357887 0.1694242 -0.0062508 0.1512541 -0.0908249 0.5687928 0.2419535 0.3192661 0.6093267 0.3123669 0.5501704 0.2044362 0.1521191 0.3276309 0.0952536 0.1699668 -0.0410898 0.4971610 0.3008210 0.4197892 0.3807586 0.1518880 0.0982735 -0.0578610 0.0644365 0.3458123 0.2701229 0.2335588 0.3101397 0.0579436 0.2366546 0.1464027 0.1210089 0.2348554 0.1652143 0.2657302 0.4703006 0.3750277 0.3157625 0.0577497 -0.1831876 0.1311020 0.2423158 0.1410553 0.3602821 0.2906814 0.3393964 0.1423898 -0.2109420 0.4960172 0.2388698
0.5086452 0.0000000 0.5894178 0.0858642 0.5684111 0.6813731 0.0842100 0.6090188 0.5505035 0.5590272 0.5664395 0.4613322 0.5740236 0.2205413 0.5034649 0.2602277 0.4116159 -0.1734747 0.3703118 0.0686911 0.3598799 0.2380373 0.3824480 0.6188327 0.3984759 0.4755201 0.3437905 0.1796186 0.5324019 0.5689960 -0.2659510 0.6311266 0.1418590 0.4811182 0.3762132 0.3971630 0.5149662 0.5397302 0.3969043 0.4491005 0.2002052 0.5585155 0.3067159 -0.0894942 0.5259376 0.2866458 0.2615014 0.2744258 0.2903509 0.0039719 0.2604848 0.4960198 0.6225669 0.4320740 0.4575474 0.4163620 0.4564186 0.4814074 0.4780781 0.4037745 0.5879202 0.5533885 0.3750427 0.5803838 0.7426552 0.5926644 0.3096973 0.6327659 0.5018986 0.5993920 0.3468170 0.6029961 0.4738084 0.5970254 0.4777667 0.5251396 0.5025621 0.4524102 0.5938458 0.6616371 0.5295876 -0.1003805 0.1693248 0.2797888 0.0977290 0.3193613 0.3594359 -0.0471537 0.1753375 0.2849575 0.0852135 0.4410824 0.3849122 0.0416846 0.0013481 0.0993867 0.2537400 0.2581103 -0.0155438 0.1359518 0.4725659 0.3657532 0.3158699 0.6823620 0.1755597 0.2302713 0.4972437 0.5551551 0.2508758 0.3282161 0.1550230 0.2013698 0.5667514 0.6167856 0.3256297 0.5592926 0.4485305 0.4487574 0.5121637 0.2340805 0.4049234 0.4693945 0.4520065 0.7628925 0.4092804 0.0868848 0.3339588 0.2353040 0.1680716 0.6181931 0.4472330 0.0703323 0.3170410 0.1418990 0.1863744 0.1729750 0.3796643 0.1922717 0.2338215 0.2932998 0.1551110 -0.0703806 0.0330281 -0.0379404 0.3951281 0.1909466 -0.0343617 0.0417393 -0.1625560 -0.1114098 0.1293476 0.1893617 -0.1463125 0.1639957 -0.0941482 0.2773136 0.4067897 -0.0486851 -0.0239055 0.3538742 -0.1443723 -0.1663163 0.2717537 0.3352112 -0.1722913 0.0152108 0.2378534 -0.0404485 0.2539720 -0.2525279 0.0688456 -0.3088051 0.0336342 0.3716596 0.2247984 0.6553624 0.4240592 0.3040358 0.2055303 0.4194444 0.6033385 0.4627689 0.5715709 0.4873900 0.6324915 0.7017719 0.7418029 0.5479621 0.4678837 0.3677759 0.0092634 0.5789347 0.3122914 0.3515131 0.1673656 0.2567922 0.1177249 0.2235688 0.4514482 0.0981304 0.1000326 0.1240129 0.3202778 0.7293527 0.2725955 0.5889883 0.0358050 0.0475640 -0.1366884 0.4148856 0.2936159 0.1884116 0.0393088 0.2892677 0.1584526 0.2404486 -0.1213949 -0.1355499
0.3528299 0.5894178 0.0000000 0.3806134 0.7060563 0.6673508 -0.0380111 0.6526394 0.4280484 0.6260840 0.6065664 0.2184070 0.7906489 0.1927203 0.2449444 0.0117111 0.4923215 -0.2272758 0.0523258 0.5104755 0.4046107 0.7012306 0.4454026 0.2992317 0.3198470 0.3890237 0.4408804 -0.1096982 0.5497457 0.3761937 0.3326980 0.6874084 0.1467116 0.3727957 0.2913972 0.5002058 0.3928925 0.5271617 0.6278112 0.5929440 0.1943573 0.3537335 0.4498584 0.0202392 0.1866551 0.2214068 0.0102301 0.2581371 0.3733356 0.1590796 0.0006336 0.6832642 0.4661630 0.6065190 0.4814215 0.3758111 0.1933347 0.5012786 -0.2360752 0.3306682 0.1659034 0.5414011 0.4254589 0.5013876 0.3589585 0.3771854 0.3295499 0.6086062 0.2052972 0.6051878 0.4659128 0.5058380 0.5200895 0.6158181 0.2114695 0.4423182 0.5211467 0.4214162 0.4937213 0.4287867 0.4984118 -0.4298319 -0.5119903 -0.4710332 -0.5446735 -0.3044645 -0.0799832 -0.4853563 -0.3851766 -0.3221741 -0.4325517 0.0874081 0.0565990 -0.4153209 -0.4877528 -0.2232391 -0.0153388 -0.2262940 -0.2591130 -0.4898723 -0.2226850 -0.1716800 -0.3511921 0.1342713 -0.0652682 0.1169362 -0.0714590 0.0347106 -0.2285581 0.0430011 0.0123668 -0.2229343 0.1472484 0.3653163 -0.0665913 0.2571173 0.4323755 0.1228521 0.5209064 -0.4261941 -0.0718273 0.1827019 -0.1531698 0.4285097 -0.3104928 -0.1427300 -0.3010394 -0.1527839 -0.2085255 0.1065106 -0.1085734 -0.2051484 -0.3297448 -0.0158487 0.1547255 -0.1755236 -0.2535296 -0.0829721 -0.0076974 -0.0470938 -0.0532463 -0.4043571 0.1730647 -0.4431693 -0.2068204 -0.1063783 -0.3094622 -0.2692739 0.1783100 -0.4492923 -0.1644169 -0.1060117 -0.5780522 0.0560513 -0.5044635 0.3422495 0.6867209 -0.3362477 0.3720828 0.0717901 -0.4781138 -0.3632333 0.5658636 0.3748804 -0.4941956 0.0674372 0.1525599 0.2529432 0.3455993 -0.0007658 0.2815958 0.0298262 -0.3753112 -0.0938052 -0.5304165 0.3027635 0.3727873 0.2028473 0.4510988 0.5031875 0.3578420 0.4215682 0.3447786 0.3360296 0.0894899 0.2379649 0.3299567 0.6267313 0.7008219 0.3580194 -0.4915846 0.4123586 0.1828828 -0.0749660 -0.3290959 -0.1610795 0.0172051 0.0703480 0.4019614 0.0689836 0.1245022 -0.2227243 -0.2597894 0.0444585 0.2387123 0.0315787 -0.1224367 -0.2729209 -0.1420988 -0.0602235 -0.2956606 -0.3405588 -0.0514432 -0.1832325 -0.3510999 0.2681275 -0.1676753 -0.0031948
0.6408425 0.0858642 0.3806134 0.0000000 -0.1353185 0.4438655 0.6137873 0.3407235 0.1375568 -0.1147755 0.0036342 -0.1568723 0.2970159 0.2923807 0.5274445 0.1754982 -0.0993073 0.6803773 0.3471735 -0.0715120 -0.0843709 0.6443273 0.4721448 -0.1310614 0.5758231 0.3528150 0.4394885 0.1201020 -0.1539834 -0.2327466 0.5551105 0.3762485 -0.1034526 -0.2836961 0.1675895 -0.0489694 0.2329468 0.4004930 0.0656658 -0.0603629 0.4143997 -0.1826578 0.0621777 0.0032313 -0.1622016 0.6138144 0.2835100 0.3671284 0.1627230 0.7205056 0.0530386 0.0438452 -0.1305574 0.0367582 0.2433222 0.5323188 0.2149993 0.1282667 0.0153195 0.1578132 0.1586483 0.0649822 0.1210935 -0.0787135 0.0683444 0.1740368 0.1512518 0.1031664 0.2297032 0.0583063 0.2383670 -0.0476416 0.2800219 0.1366790 0.1543986 0.0427120 0.1065449 0.2114357 0.0966124 -0.0776169 0.0040066 -0.2577371 -0.4460845 -0.4953250 -0.3895569 -0.4173006 -0.0983737 -0.4724845 -0.3788746 -0.4521806 -0.0984517 0.3578709 -0.0653281 -0.5730647 0.1233718 0.0517947 0.0041868 -0.1116135 0.0187710 -0.5640428 -0.0073909 -0.2203219 -0.2484255 -0.2941457 -0.2760943 0.0271502 -0.1884076 -0.1190838 -0.1337619 -0.0937334 -0.2181954 -0.2532076 -0.0020741 -0.0231326 -0.2128341 -0.0115320 0.0573461 -0.0770544 0.0085570 -0.2445616 -0.0179128 -0.0369239 -0.1183695 0.1333560 -0.2506003 0.0078159 0.0174431 -0.1062357 -0.0561959 0.1976755 0.0175870 -0.1392833 -0.0756936 0.0526310 -0.0094779 -0.0868554 -0.0171755 -0.2814915 -0.0852584 -0.3607915 -0.2505532 -0.4562798 0.3452864 -0.1282575 -0.1770261 0.0407808 -0.1980539 -0.2918224 0.1132947 -0.3594168 -0.3958611 -0.0217687 -0.4557536 -0.0314498 -0.2798110 0.4012935 0.3517243 -0.3603350 0.3786565 -0.2481646 -0.2320465 -0.3404487 0.5548010 0.1481922 -0.2831012 -0.0190606 -0.2136965 0.0607313 -0.0462183 -0.0930567 -0.0157128 0.0538770 0.3557530 -0.0638748 -0.1514966 0.1297000 -0.0679384 0.1146237 0.1211716 -0.0709641 -0.1060021 -0.0011709 0.0132375 -0.2377163 0.2641566 0.0296602 0.1385538 0.3635099 0.3512070 0.1925214 -0.3122704 -0.0832464 0.1952111 0.0423298 -0.0832877 -0.0638558 -0.1234313 -0.0716508 -0.0504426 0.0374814 0.4037815 0.2038454 -0.1648173 0.0102555 0.0427335 -0.2188235 -0.1864951 0.0028545 0.3198303 0.0086855 -0.2777354 0.0647590 0.2819640 -0.0999525 -0.3242096 -0.0830149 0.6632119 0.4993966
0.0996849 0.5684111 0.7060563 -0.1353185 0.0000000 0.5327880 -0.4722020 0.6676436 0.4982527 0.7829255 0.7788486 0.4857256 0.6935195 0.3099686 0.1331697 0.0139673 0.6292941 -0.5133393 -0.0645460 0.3257141 0.6614811 0.2758688 0.3516668 0.4062352 0.0976715 0.2830466 0.4029996 -0.2345699 0.7647458 0.5799204 -0.0933064 0.4056448 0.2978211 0.6612195 0.3143596 0.6088578 0.2947467 0.3342622 0.6350766 0.6628961 -0.0813146 0.5700964 0.4566015 0.0985596 0.3743056 -0.0411028 -0.0794703 0.0008213 0.3189702 -0.2085413 -0.0005046 0.6729596 0.6252371 0.5514853 0.3098934 0.1385189 0.0564373 0.3957070 -0.1728056 0.1757181 0.1631977 0.4562360 0.1376152 0.6159204 0.5088647 0.1069382 0.0950425 0.5410404 0.0764779 0.5982782 0.0782982 0.5759526 0.2308328 0.6013686 0.1358350 0.4632072 0.4990596 0.1685813 0.4800496 0.5498869 0.4387413 -0.1481849 -0.2273269 -0.1657368 -0.4197190 -0.0909842 0.1011946 -0.3826091 -0.2962447 -0.1546751 -0.2455035 -0.0294920 -0.0044425 -0.1507178 -0.3042422 -0.1286187 -0.1006724 -0.0505548 -0.1935937 -0.1561981 -0.0866533 -0.0161301 -0.0909968 0.3553083 0.0283403 0.2067654 -0.0800735 0.0325659 -0.2763685 0.1210722 -0.0355372 -0.0481106 0.0355879 0.2729285 0.2320693 0.1527973 0.2275636 0.2693486 0.3747583 -0.2335099 -0.2080707 0.0242534 -0.1407225 0.3914758 -0.1589476 0.0296024 -0.3506448 -0.1668637 -0.1431652 -0.0248510 -0.2415003 -0.2947501 -0.2952318 0.0243403 0.0100751 -0.2322153 -0.2881106 -0.0691755 -0.0833488 0.1457413 -0.1168577 -0.2673929 -0.1133934 -0.3893519 -0.1532336 -0.2162313 -0.2813019 -0.1771499 -0.1082330 -0.3456815 0.0652159 -0.3304300 -0.3457692 -0.1279012 -0.3587136 -0.1231943 0.4706692 -0.3345802 -0.0574092 0.2512285 -0.3747345 -0.3408505 0.2688349 0.3480546 -0.4095095 -0.1974027 0.0431478 -0.0193814 0.2819635 -0.2152429 -0.0021120 -0.1620740 -0.4324173 0.1975760 -0.3956693 0.2946651 0.5281645 0.2687327 0.4958489 0.6198200 0.4339884 0.3246856 0.2179421 0.3426060 -0.0791478 0.4117331 0.2858311 0.3857535 0.4843308 0.3006418 -0.1152262 0.5178959 0.1634325 0.1649885 -0.0114309 0.1851551 0.2212697 0.1182593 0.3197842 0.1763417 -0.2739424 -0.2461325 -0.1568365 0.2020970 0.2126761 0.1114914 -0.0918264 -0.4118400 -0.4830630 -0.0336542 -0.2176843 -0.3098652 -0.2633703 -0.0328184 -0.0742625 0.0121739 -0.4279292 -0.3031611
0.4897549 0.6813731 0.6673508 0.4438655 0.5327880 0.0000000 0.0912434 0.7656757 0.8127550 0.6976111 0.6437955 0.5187426 0.6674006 0.6900648 0.6756787 0.0313243 0.5955116 -0.0331152 0.2680551 0.1630340 0.4689541 0.6608800 0.6301349 0.5624774 0.4806705 0.5700216 0.6050787 0.2448515 0.5823073 0.6026141 0.1948448 0.5512312 0.4626088 0.5639454 0.4319966 0.4992554 0.5177998 0.4350431 0.4711250 0.6149120 -0.0137552 0.5340047 0.3448484 0.3831670 0.4813710 0.3073405 0.1566745 -0.0122491 0.6844036 0.1088022 0.1375599 0.6501833 0.6564677 0.5887211 0.1816659 0.3604511 0.3447481 0.6474018 0.0963058 0.4068380 0.5346023 0.5381884 0.0459619 0.6459022 0.6881933 0.3735086 0.3321544 0.6936257 0.3067703 0.6911997 0.3548442 0.6646091 0.5390155 0.7534555 0.3204744 0.7145515 0.6913075 0.4329800 0.7509426 0.6414113 0.5938637 -0.4296811 -0.4347707 -0.3762262 -0.5240041 -0.3785335 -0.0145681 -0.5688652 -0.5100801 -0.3394158 -0.3821738 -0.0054970 -0.2709089 -0.4602729 -0.1756923 -0.2761897 -0.2431796 -0.3048270 -0.1521800 -0.3982182 0.1967307 -0.2736194 -0.2528876 0.2653803 -0.3109146 0.0173441 -0.1320354 -0.0390512 -0.3384254 -0.0457004 -0.2373439 -0.2231850 0.0772710 0.1571884 -0.0767236 0.1078879 0.0602279 -0.0202091 0.1554513 -0.2815696 -0.0715502 0.0094761 -0.0634866 0.4941205 -0.1173269 0.0938912 -0.0354319 -0.2626671 -0.0059387 0.4141050 0.0790089 -0.2375418 -0.1526469 0.1632575 -0.0697852 -0.2386207 -0.0031875 -0.1855311 -0.1074387 0.1033872 -0.3112866 -0.3737957 0.0537132 -0.0822202 -0.0286047 -0.0912837 -0.4054573 -0.3340147 -0.1906250 -0.4373946 -0.1088419 -0.1490018 -0.5345705 -0.1723098 -0.5370588 0.1045749 0.4693222 -0.4779174 0.0633364 0.2102509 -0.6211819 -0.4460147 0.5118043 0.4413304 -0.6102068 -0.2102041 -0.1557589 -0.1352233 0.1965047 -0.3208871 -0.1982711 -0.3146998 -0.0858854 0.2810612 -0.2173250 0.4843200 0.4688988 0.2604540 0.4011730 0.4391250 0.5046696 0.4656340 0.3347998 0.3022244 0.3235922 0.5196924 0.4800691 0.5671190 0.7354994 0.6592827 -0.2821678 0.6289661 0.4219581 0.3142671 0.0058589 0.2152462 0.1326902 0.1977742 0.3737653 0.2005730 0.1621828 -0.0632494 -0.2425265 0.2891097 -0.0696161 0.0517352 -0.1020771 -0.1691228 -0.1108176 0.0779851 -0.3585743 -0.0718963 -0.3313766 -0.0040445 -0.1440243 -0.1607572 0.0985967 0.1724835
0.6560362 0.0842100 -0.0380111 0.6137873 -0.4722020 0.0912434 0.0000000 -0.2217696 -0.0460908 -0.5422834 -0.4757792 0.0921873 -0.2863754 -0.0512667 0.4807777 0.0022675 -0.6398413 0.7333692 0.0704136 -0.4401403 -0.0664048 0.0911186 -0.1181849 0.0722818 0.1641258 -0.1938674 -0.0538647 0.4323486 -0.2675260 -0.4622247 0.1071343 0.0144374 0.0395980 -0.4238820 -0.4112100 -0.0653855 -0.2297828 -0.0762692 -0.4773588 -0.5725354 0.1757309 -0.1819057 -0.5166306 -0.2122466 -0.3141116 0.2473723 -0.0833428 -0.0022663 -0.1267288 0.4331201 -0.3277698 -0.5018200 -0.3608165 -0.5019010 -0.0988732 0.1232152 -0.1351022 -0.3914428 0.3939740 -0.3550209 0.1242394 -0.4471967 -0.0628553 -0.3753500 -0.1270277 -0.0658397 -0.3459092 -0.3749016 -0.1018271 -0.3849016 -0.1678879 -0.3655784 -0.2324562 -0.2641589 -0.1811985 -0.3995805 -0.3971314 -0.2063210 -0.2254079 -0.0552947 -0.1559356 -0.1917150 -0.0023330 0.0014217 0.1897738 -0.0396096 -0.1172355 0.1024402 0.0977208 0.0220485 0.0393363 0.3569459 0.0787974 0.0571822 0.2169719 0.2154372 -0.0095388 0.0362709 0.2259694 -0.0043199 0.2994623 0.0310935 -0.0124516 -0.1182221 -0.2734531 0.0061881 0.1676458 -0.0107656 0.0914902 -0.0033157 -0.0137450 -0.0584501 0.0142898 -0.1002945 -0.2572247 -0.0568874 -0.1399820 -0.1734194 -0.2027694 0.1611441 0.2075535 0.1491021 0.3694435 -0.0599749 0.1545332 0.1744834 0.2943546 0.3158687 0.3407638 0.2377733 0.2266854 0.3491926 0.3966035 0.0624222 0.3220608 0.2387469 0.2867348 0.1931021 0.1938190 0.0684307 0.2225273 0.0992388 0.2178000 0.0812857 0.1189504 0.2479141 0.2285067 0.2213419 0.1350764 0.1591466 -0.1058031 0.2896633 0.0179895 0.3014092 0.2748738 0.3791854 -0.0948373 0.1967410 0.1572180 -0.1087586 0.2554278 0.1607404 0.0693789 -0.1422061 0.1428280 0.2847303 -0.0124453 -0.0030505 -0.2819079 0.0421889 0.0255726 -0.0815650 0.7406896 0.1821212 0.5249606 0.4798857 0.0975350 0.4527179 0.1011853 -0.0423834 0.1470919 0.0795775 0.1253620 -0.1042423 0.4295180 -0.1019300 0.2300816 0.2380035 -0.0837067 -0.2238827 0.0830425 -0.2178641 0.3651324 0.1320586 0.2104009 0.1507057 0.0775444 0.3702660 0.2296975 0.1663205 0.2981783 0.0591960 0.0826735 0.3007618 -0.0030022 0.1188400 0.2587969 0.2123897 0.1565367 0.2803609 0.0958859 0.6103054 0.4156025 0.5219211 0.1383058 -0.1603529 0.6331653 0.4513481
0.4058470 0.6090188 0.6526394 0.3407235 0.6676436 0.7656757 -0.2217696 0.0000000 0.5804442 0.7928208 0.8635780 0.2759009 0.9363205 0.5841298 0.4349856 0.4089017 0.7844854 -0.1549183 0.5350409 0.1985665 0.3263351 0.5527987 0.7843510 0.3150166 0.6657304 0.8179175 0.7969907 -0.0674331 0.5035453 0.6630882 0.1420443 0.6546508 0.1349998 0.5041382 0.7573321 0.2995681 0.7865389 0.7590695 0.7444864 0.7550532 0.2134321 0.4100600 0.6891254 0.2022185 0.5728184 0.5541570 0.4744529 0.2996558 0.4417179 0.3001802 0.4640459 0.8010926 0.5914314 0.7134572 0.5513088 0.6499116 0.5993365 0.6838442 0.0782124 0.5842620 0.4996309 0.7075434 0.2486510 0.6222818 0.6571885 0.5150910 0.4197234 0.7361881 0.6227703 0.7406219 0.3369142 0.6687937 0.6180974 0.6965655 0.6430685 0.7288361 0.7379924 0.5601037 0.6544172 0.4014739 0.4519736 -0.0260172 -0.2027125 -0.2163622 -0.4245270 -0.1449321 0.3400223 -0.5385151 -0.2958804 -0.3021058 -0.0887976 0.1205709 0.0432405 -0.3715579 0.0618460 0.0000945 0.0245010 0.0821945 -0.0371975 -0.2857141 0.0117072 -0.0796587 -0.0403603 0.3684902 0.0289806 0.1317684 -0.1379735 0.1745009 -0.2338961 0.0511815 -0.2463053 -0.2497813 0.2202858 0.4173310 0.2450911 0.2792234 0.3848869 0.3101883 0.4508397 -0.2985858 -0.0094677 0.1565505 -0.1293544 0.5323103 -0.1868354 -0.1612477 -0.0615936 -0.2508675 -0.3007177 0.3682118 0.0037643 -0.4427900 -0.1790927 0.0658618 -0.2518171 -0.3023821 -0.0849492 -0.3737526 -0.2503085 -0.1691767 -0.3760670 -0.5697464 0.0355089 -0.3089238 -0.1201297 -0.1870469 -0.4317445 -0.4748495 -0.2302953 -0.5231488 -0.2172003 -0.2113025 -0.4707148 -0.2638920 -0.4514021 0.1022855 0.5494870 -0.4978820 0.0211761 0.1559121 -0.4767205 -0.5122420 0.5230461 0.5468087 -0.4804019 -0.3289828 -0.0239974 -0.0261592 0.3792848 -0.2536184 -0.0743754 -0.1905123 -0.2478054 0.0539759 -0.3682612 0.2514575 0.2777395 0.1026126 0.2410834 0.3329460 0.2966717 0.2133211 0.2032597 0.1564196 0.2368242 0.5943703 0.4023817 0.3578374 0.6376286 0.6209255 -0.4113336 0.4872780 0.0722062 0.1672452 -0.1506408 0.0315274 -0.1152862 -0.2318844 0.0563602 -0.1257250 0.1368618 0.1250584 0.0617336 0.2815094 0.2419636 0.0884052 -0.4239225 -0.3195871 0.0321259 -0.0458169 -0.1894133 -0.2961134 -0.2065059 -0.2313033 -0.2975948 0.0022311 -0.0587481 -0.0656213
0.3707633 0.5505035 0.4280484 0.1375568 0.4982527 0.8127550 -0.0460908 0.5804442 0.0000000 0.6109485 0.4938260 0.6998277 0.4300423 0.8525318 0.7693294 -0.0952578 0.5359856 -0.0332326 0.1557805 -0.0927290 0.5652117 0.5230757 0.2689958 0.7919178 0.3683463 0.3086701 0.5624528 0.5181944 0.6934761 0.7821812 -0.0572786 0.3419396 0.7538060 0.7460894 0.2419770 0.5153392 0.3921256 0.2395689 0.3603194 0.6261444 -0.0828442 0.6854743 0.1339556 0.6735977 0.6241167 0.1656795 0.0176966 -0.1782774 0.7790415 0.0278626 0.0664706 0.5686117 0.7223303 0.5482458 -0.0212996 0.1706857 0.2764738 0.5856398 0.2378053 0.2529503 0.6441152 0.4492454 -0.3128311 0.6416812 0.6107149 0.2517437 0.1975513 0.5862436 0.1206196 0.6554506 0.1332808 0.6673955 0.3343278 0.6089089 0.2066413 0.7228571 0.6196805 0.2032256 0.7396355 0.7408587 0.5297836 -0.3536191 -0.2444169 -0.1786071 -0.3879209 -0.2248080 -0.1147649 -0.3222775 -0.4048558 -0.1735033 -0.4080441 -0.1488924 -0.3396106 -0.2135683 -0.2415395 -0.4925478 -0.4189320 -0.3250770 -0.3299061 -0.0591654 0.1677824 -0.2085642 -0.1160384 0.3170844 -0.4379989 -0.2008943 -0.0767744 -0.0546684 -0.4733348 -0.1540364 -0.3753571 -0.2033969 0.0983427 0.1186934 0.0048172 0.1366013 -0.0375624 -0.1012860 0.1147686 -0.1572894 -0.0725906 0.0194246 0.0281015 0.4546827 0.1009106 0.1606757 -0.0419699 -0.1484332 0.1907153 0.4475668 0.1169823 -0.0996073 -0.0426549 0.3479018 -0.2394890 -0.1957300 0.1437777 -0.0118408 -0.0543712 0.2326720 -0.2533054 -0.1517641 -0.3027707 0.1508564 0.1601167 -0.0233469 -0.2371786 -0.0586974 -0.4190558 -0.3403810 0.0464089 -0.0756693 -0.3593199 -0.1451795 -0.4169572 -0.0011774 0.1303388 -0.2286493 -0.2880902 0.4005751 -0.6188767 -0.3809724 0.3598623 0.3205145 -0.6069019 -0.1576138 -0.0660556 -0.3365450 0.0977096 -0.4458795 -0.3528853 -0.5765286 -0.1736768 0.2750465 -0.0394319 0.4753794 0.5500449 0.3101122 0.3730363 0.4937951 0.6227647 0.4268443 0.3924624 0.3786828 0.2716899 0.3824205 0.3134832 0.3013487 0.4615832 0.5912678 -0.0844299 0.6788288 0.2622057 0.4950435 0.1537532 0.3910078 0.1536802 0.2830841 0.3677819 0.1616638 0.2706888 -0.2928495 -0.3000698 0.2327184 0.0298966 -0.0411067 0.0214256 -0.2799173 -0.0048853 0.0695637 -0.3809937 -0.0632148 -0.4801664 0.0933959 0.2240827 -0.4682866 -0.1946348 -0.1865305
0.0194984 0.5590272 0.6260840 -0.1147755 0.7829255 0.6976111 -0.5422834 0.7928208 0.6109485 0.0000000 0.9365741 0.4546784 0.7908111 0.4999906 0.1637353 0.0959903 0.9291594 -0.6060790 0.1574553 0.4406180 0.4770139 0.4255553 0.5155834 0.4580619 0.2651398 0.5933504 0.5648416 -0.1644409 0.7433126 0.8143956 -0.0007492 0.4829898 0.3243197 0.7716469 0.6063593 0.4494269 0.6086880 0.4699009 0.8199967 0.9017936 -0.1456170 0.5532971 0.7218813 0.3499092 0.6076038 0.1258482 0.1883639 -0.0210316 0.5187726 -0.1387414 0.3348873 0.9265294 0.7499811 0.8621396 0.3350054 0.2825503 0.3884276 0.7398703 -0.1941929 0.5308205 0.3243743 0.7717626 0.1411173 0.7679332 0.6221688 0.3646695 0.4276997 0.8363249 0.3239402 0.8484706 0.3205111 0.7539079 0.5711615 0.7435053 0.3832910 0.7851231 0.7651548 0.4966853 0.7282985 0.5493735 0.6270315 -0.0819496 -0.2398810 -0.2024401 -0.4171398 -0.1849579 0.0819288 -0.4029625 -0.3572083 -0.1892254 -0.2555651 -0.2157484 -0.1208908 -0.1955869 -0.2945899 -0.1825379 -0.0782180 -0.2045487 -0.1774149 -0.2094618 -0.1115375 -0.1948580 -0.2026333 0.4130109 0.1095634 0.0917233 -0.1873390 0.0360302 -0.2925774 -0.0026056 -0.0631963 -0.2416764 0.0938357 0.2999202 0.1318961 0.1551025 0.2573290 0.1564930 0.4005621 -0.3818165 -0.1601413 0.0265577 -0.1657443 0.4050811 -0.2378061 -0.1416094 -0.2362995 -0.2420530 -0.2589027 0.1872851 -0.0796925 -0.3177804 -0.3072050 -0.0808865 -0.1101910 -0.2333074 -0.1906721 -0.1972208 -0.1668817 0.1752760 -0.1780353 -0.2891898 -0.0346686 -0.2412581 -0.1367700 -0.1378437 -0.3704880 -0.3193914 -0.0890754 -0.3007728 0.0752067 -0.2681112 -0.3129506 -0.1344427 -0.4163066 -0.1188628 0.4596219 -0.3320238 0.0511538 0.2911199 -0.4850655 -0.2512075 0.3409139 0.4215688 -0.4119618 -0.1976833 0.0970568 0.1045287 0.4574141 -0.0738436 0.0478014 -0.0759668 -0.6125361 -0.0246075 -0.4846267 0.1615412 0.4036335 0.0364460 0.2767995 0.3987078 0.3854893 0.2966012 0.1281017 0.2926381 -0.0959220 0.4965901 0.2264709 0.2905210 0.6169282 0.6173158 -0.3768191 0.6420916 0.0718367 0.0382886 -0.2194205 0.0083557 0.0267121 -0.0562229 0.2539142 -0.0045300 -0.1156236 -0.2148930 -0.0945245 0.0856568 -0.0247329 0.0652852 -0.2520624 -0.4649165 -0.2252938 -0.1702675 -0.2100078 -0.4229461 -0.5789741 -0.2804957 -0.2150719 0.0208498 -0.4594963 -0.2692252
0.1657910 0.5664395 0.6065664 0.0036342 0.7788486 0.6437955 -0.4757792 0.8635780 0.4938260 0.9365741 0.0000000 0.3664058 0.8377192 0.4722551 0.1752277 0.3628825 0.8888879 -0.4813426 0.3290776 0.2968605 0.4301971 0.4088031 0.6233563 0.3369348 0.4127147 0.7135005 0.6487445 -0.3177096 0.6636450 0.6944942 -0.0438068 0.5391218 0.1347340 0.6542969 0.7028767 0.3270095 0.6972752 0.6228060 0.8295575 0.8255064 0.0022609 0.4574270 0.7943892 0.2188391 0.5596910 0.3201839 0.3524101 0.1408088 0.3764508 0.0543996 0.4378462 0.8773750 0.6380319 0.8035372 0.4666523 0.4674075 0.4820032 0.6694493 -0.1616103 0.5319107 0.3257387 0.7562543 0.2145785 0.6591510 0.6248828 0.3459595 0.3855329 0.7871325 0.4416481 0.7737776 0.2270692 0.6444502 0.5553497 0.6287673 0.4364130 0.6731085 0.6607656 0.4872128 0.6315922 0.4492862 0.5434071 0.1308123 -0.1069208 -0.1146080 -0.3044375 -0.0855943 0.1950286 -0.3300399 -0.2530794 -0.0957203 -0.0391001 -0.0128752 0.0188413 -0.1207683 -0.0770720 0.0834214 0.1108668 -0.0522882 0.0046358 -0.1491302 -0.0991810 -0.0997590 -0.1019546 0.4366705 0.2711487 0.2068064 -0.1914769 0.0919703 -0.1739798 -0.0019067 0.0024505 -0.1682791 0.1084437 0.3107877 0.2588802 0.1494043 0.3137924 0.2893168 0.4202684 -0.2919721 -0.1137942 0.0259614 -0.0650429 0.4538416 -0.1988234 -0.0829285 -0.2094079 -0.0793472 -0.2178018 0.2190192 -0.0194562 -0.2390399 -0.1977603 -0.0896692 -0.0827305 -0.0873318 -0.1141901 -0.1714938 -0.0474335 0.1558527 -0.0975723 -0.2730111 0.0578672 -0.2645698 -0.0838902 -0.0298804 -0.2106566 -0.2364249 -0.0844908 -0.2055051 0.1228931 -0.2197336 -0.1867254 -0.0714934 -0.2594755 -0.0290818 0.4985143 -0.2710847 0.1056611 0.2773876 -0.3162888 -0.1707177 0.4082034 0.3994537 -0.2431662 -0.1500828 0.1420597 0.1388119 0.4644845 -0.0174014 0.0897567 -0.0143281 -0.4720457 -0.0384593 -0.4310584 0.1274607 0.2987152 0.0202310 0.1882177 0.2510393 0.2553410 0.1436862 0.0051178 0.1364280 -0.0946024 0.5726186 0.1910225 0.1951509 0.5058284 0.5293235 -0.3089241 0.5510015 0.0434928 0.0165954 -0.1162865 0.0233326 0.0597685 -0.1201843 0.1564854 0.0097240 -0.1228387 -0.0969663 0.0631010 0.2024940 0.0095388 0.1425351 -0.2750159 -0.4908033 -0.1937156 -0.2001876 -0.0770554 -0.3046792 -0.4695662 -0.2061445 -0.2089933 0.0367050 -0.3370740 -0.2708911
0.3192058 0.4613322 0.2184070 -0.1568723 0.4857256 0.5187426 0.0921873 0.2759009 0.6998277 0.4546784 0.3664058 0.0000000 0.1418269 0.5195345 0.5316145 -0.2785567 0.2146598 -0.2121726 -0.2881176 -0.2329020 0.8663159 0.0470180 -0.1435198 0.7628513 -0.1039780 -0.1352273 0.2199780 0.2976655 0.8276410 0.5197966 -0.3912311 -0.0209191 0.7597699 0.7239585 -0.2082134 0.7146811 -0.0516136 -0.1412994 0.2041758 0.2924919 -0.4114520 0.7418164 -0.0782958 0.3793891 0.4499016 -0.2114854 -0.3712014 -0.5528934 0.4803386 -0.2501765 -0.3229128 0.2834248 0.5867476 0.2002843 -0.2443095 -0.1645017 -0.1697682 0.1385994 0.1921834 -0.2517697 0.3711309 0.0541322 -0.4877182 0.5037515 0.4821925 -0.1526520 -0.3293252 0.2485652 -0.2711208 0.3923745 -0.3452679 0.4158076 -0.1842059 0.3985806 -0.1607265 0.3071167 0.2380492 -0.1523489 0.4459522 0.7332645 0.4978967 -0.1697718 0.0005064 0.0964827 -0.0788359 -0.0444631 -0.1357275 -0.0595854 -0.1877400 0.0445748 -0.2503554 -0.1982977 -0.2889804 0.2321751 -0.1755331 -0.1905315 -0.4025245 -0.2425688 -0.1825649 0.2115731 0.1917574 -0.1127140 -0.0890431 0.4224897 -0.2780084 -0.1055238 -0.0125025 -0.1073555 -0.3737613 0.0766069 -0.0382861 -0.1146109 -0.1054671 0.0000273 0.0840089 -0.0767837 -0.2098549 0.0104191 0.0334773 -0.0331570 -0.1868391 0.0297133 0.2056098 0.2139955 0.1457518 0.3133683 -0.1099902 0.1138222 0.3858925 0.1696641 -0.0105730 0.1647045 0.0977857 0.0006748 0.2148338 -0.0148377 0.0563672 0.3073491 0.0746098 0.6782594 0.1436446 0.2428207 -0.2023238 0.0728606 0.1347527 0.0621071 0.0490642 0.2611010 -0.1811882 0.1199465 0.4143076 -0.0283112 0.0510583 0.1409405 0.0712903 -0.1164505 0.0009556 0.1100760 -0.2960094 0.5878695 -0.1620286 0.1110445 0.1141073 0.1860099 -0.1957392 0.0963554 0.1068146 -0.1792920 0.0859458 -0.1309035 -0.1377600 -0.3734672 -0.0296715 0.4690771 0.2489118 0.7203431 0.8840498 0.7368031 0.6503335 0.6546148 0.7671976 0.4583780 0.2934557 0.3912450 0.0702837 0.2888706 0.2372618 0.3057530 0.2701654 0.3160394 0.1750712 0.6051345 0.5261654 0.4965771 0.3622322 0.6254616 0.4595185 0.6939781 0.6509700 0.4251975 -0.1882509 -0.5288273 -0.1561178 0.4222852 -0.1039278 0.2497704 0.3485560 -0.4732773 -0.4676890 0.1293945 -0.1839061 0.2570828 -0.5012375 0.5144677 0.4819793 -0.5272676 -0.2200721 -0.1157250
0.2967356 0.5740236 0.7906489 0.2970159 0.6935195 0.6674006 -0.2863754 0.9363205 0.4300423 0.7908111 0.8377192 0.1418269 0.0000000 0.3545361 0.2230944 0.3676077 0.7608258 -0.2919985 0.4168671 0.4640639 0.2732431 0.5977120 0.7358387 0.2366949 0.5191759 0.7478211 0.6375804 -0.1765605 0.4658751 0.5711914 0.2570847 0.6532351 -0.0006507 0.4133230 0.7025361 0.3127595 0.7181965 0.7286747 0.7775785 0.7759700 0.2031438 0.3137484 0.7345147 0.0388507 0.4475435 0.4472339 0.3860597 0.3483083 0.3406751 0.2336594 0.4113070 0.8518041 0.5219713 0.7348078 0.5932959 0.5772001 0.5239987 0.6793084 -0.1015882 0.6083612 0.3103033 0.7418537 0.3930739 0.5675648 0.4930638 0.5440087 0.4803737 0.7571457 0.5721803 0.7291792 0.4579232 0.6231437 0.6613833 0.6714649 0.5831630 0.6606170 0.7051407 0.5950232 0.5665511 0.3054092 0.4433174 -0.1170250 -0.2817674 -0.2962055 -0.4593588 -0.1354343 0.3357795 -0.5525977 -0.2669620 -0.3306009 -0.1794194 0.0800793 0.1279058 -0.4277485 -0.1462876 -0.0427806 0.1233672 0.0483564 -0.1270713 -0.3941149 -0.1452807 -0.0630611 -0.1181257 0.2462421 0.1259620 0.1228265 -0.0947483 0.2270885 -0.1619945 0.1257900 -0.1064177 -0.2514305 0.2814995 0.5224338 0.1771168 0.3827933 0.5648022 0.3566850 0.6110305 -0.3436206 0.0540951 0.2781171 -0.1915293 0.5289166 -0.2667849 -0.2576632 -0.1024897 -0.2528037 -0.3887083 0.2855792 -0.0113526 -0.4137649 -0.2409621 -0.0115313 -0.1047048 -0.2756722 -0.1561634 -0.3050360 -0.1986967 -0.2089858 -0.2635618 -0.5669434 0.1426921 -0.3879510 -0.1608540 -0.1846301 -0.4369310 -0.4911318 -0.0304779 -0.5194258 -0.2521157 -0.1323823 -0.4888424 -0.1537009 -0.4649079 0.2374811 0.6853115 -0.4354450 0.2016481 0.1157935 -0.4456910 -0.4585558 0.5804538 0.6052444 -0.4404560 -0.1841209 0.1350862 0.1797747 0.5402242 -0.0667608 0.1687279 -0.0022006 -0.4176231 -0.0880864 -0.5334840 0.1792591 0.2441128 0.0673757 0.2821527 0.3882071 0.2851409 0.2681712 0.2445345 0.2185600 0.1485933 0.4151096 0.3122316 0.4567768 0.6926054 0.5417861 -0.5210158 0.4033522 -0.0311799 0.0248770 -0.3192089 -0.1249246 -0.1445622 -0.2938807 0.0524917 -0.1567239 0.1136126 0.0674337 0.0337970 0.1385686 0.2887434 0.1203072 -0.3720661 -0.2884576 -0.0019998 -0.1390973 -0.1753975 -0.4710474 -0.1724174 -0.3495659 -0.4037200 0.2562263 -0.1669127 -0.0646975
0.3778530 0.2205413 0.1927203 0.2923807 0.3099686 0.6900648 -0.0512667 0.5841298 0.8525318 0.4999906 0.4722551 0.5195345 0.3545361 0.0000000 0.7220169 0.0268523 0.5206666 0.2002416 0.3012067 -0.2530665 0.3827695 0.4965328 0.3734951 0.5169642 0.5111223 0.4187130 0.7381568 0.4061011 0.4846647 0.6275416 0.0583617 0.2479125 0.6541271 0.6081774 0.3784509 0.2186268 0.4590650 0.2854507 0.3664445 0.5542129 -0.0011902 0.4233320 0.2342064 0.7680557 0.5442528 0.3904440 0.2310548 -0.1160097 0.6649082 0.2954877 0.2206015 0.4946464 0.5022950 0.4943877 0.0018383 0.3259664 0.3462382 0.4909580 0.1217517 0.2621845 0.5846990 0.3744799 -0.4369666 0.4438812 0.4986788 0.1121390 0.1631262 0.4543203 0.1584493 0.5095097 -0.0008557 0.4526362 0.2840985 0.4392469 0.2226344 0.6121288 0.5051539 0.1622640 0.5817592 0.4425883 0.3117063 -0.1152946 -0.2807563 -0.2925508 -0.4455337 -0.3688458 -0.1741371 -0.4029184 -0.5082380 -0.3379929 -0.2458616 -0.1829283 -0.4376060 -0.2904775 0.0029182 -0.3092344 -0.4076598 -0.3128768 -0.1419623 -0.1626193 0.0056096 -0.3278309 -0.1732616 0.1136910 -0.3929907 -0.1482426 -0.3498980 -0.2521231 -0.5715921 -0.3148448 -0.5108693 -0.3898045 -0.0972353 -0.1089275 -0.0228178 -0.1147530 -0.2294881 -0.2206974 -0.1129457 -0.3070512 -0.2661532 -0.2740412 -0.1102248 0.2024694 -0.1151384 0.0790379 -0.1381760 -0.2185093 0.0344778 0.3302924 -0.0428621 -0.2318492 -0.1512264 0.2574521 -0.4041429 -0.2546517 0.0273553 -0.2954135 -0.2545022 0.0435684 -0.4034081 -0.2839251 -0.2085662 0.1220020 -0.0583036 -0.0319324 -0.2886791 -0.1958651 -0.3699335 -0.3306295 -0.0514909 -0.2678943 -0.3104142 -0.2485640 -0.3541450 -0.1612142 0.0415920 -0.3266613 -0.2111344 0.1967512 -0.5186877 -0.3683310 0.3457390 0.2193431 -0.4986630 -0.2861577 -0.2259909 -0.2811399 0.0300128 -0.4039502 -0.4280190 -0.4115618 -0.0571799 0.0956546 -0.1296391 0.1961877 0.3161943 0.1515227 0.1717422 0.1695660 0.2731484 0.0555304 -0.0122926 -0.0401188 0.0627737 0.3293874 0.0967537 0.0464765 0.3157058 0.5774035 -0.1637920 0.4607622 0.1651386 0.3527736 0.0971048 0.3016460 0.0020725 0.0598092 0.0413431 0.0293405 0.2509258 -0.1614151 -0.2749296 0.0269577 -0.0697870 -0.3037950 -0.2141160 -0.4468335 0.1728760 -0.0745955 -0.4298937 -0.0904045 -0.4884683 -0.0916187 0.0813568 -0.6926629 0.0207072 -0.1152214
0.6844144 0.5034649 0.2449444 0.5274445 0.1331697 0.6756787 0.4807777 0.4349856 0.7693294 0.1637353 0.1752277 0.5316145 0.2230944 0.7220169 0.0000000 0.1303392 0.1142548 0.5091935 0.3764283 -0.4669594 0.3254024 0.4461548 0.2798888 0.6532845 0.5486882 0.2689927 0.5551067 0.6379806 0.3570231 0.3881549 -0.0907952 0.2914782 0.5012548 0.3024302 0.1373730 0.2436623 0.2880965 0.2848694 0.0611109 0.1646566 0.1190294 0.4029646 -0.0749403 0.4204472 0.3237452 0.4422574 0.1963002 0.0227228 0.5245117 0.4069430 0.0784139 0.1712181 0.3685678 0.1867835 0.0204829 0.3566375 0.3086254 0.3302702 0.5109625 0.1342441 0.6181855 0.1856133 -0.2953868 0.3285576 0.5101977 0.2400532 0.0550726 0.3122689 0.1991371 0.3689155 -0.0099644 0.3707543 0.1782223 0.3240899 0.1960242 0.4138327 0.3232616 0.0471960 0.5031341 0.5189453 0.2415299 -0.2357086 -0.0884243 -0.0371960 -0.1553136 -0.1098108 -0.0299030 -0.2188460 -0.2282721 -0.1021379 -0.1400048 0.2537105 -0.1429834 -0.1497037 0.0818426 -0.1749864 -0.2489430 -0.1004159 -0.1856099 -0.0008362 0.3663325 -0.0573428 0.0403285 0.2292708 -0.4390773 -0.2059370 0.0457748 0.0434610 -0.2702192 -0.1383446 -0.4317698 -0.1734275 0.1841713 0.0752922 -0.0466338 0.1468951 -0.0846520 -0.0706405 -0.0084896 0.0598469 0.1116859 0.0867695 0.2186274 0.3862630 0.2430989 0.1860405 0.2252681 0.0900458 0.2971140 0.5578725 0.2530811 0.0282146 0.2829625 0.2826545 -0.1971388 -0.0104030 0.3820057 0.0099505 0.0538406 0.1176779 -0.1710224 -0.1667271 -0.2499737 0.1547296 0.2530883 0.1256524 -0.0461735 0.0707778 -0.4399452 -0.2530212 -0.0921294 0.0211464 -0.2631149 -0.0497351 -0.1389223 0.1331802 -0.0575052 -0.1260532 -0.2879558 0.1896763 -0.3174940 -0.3092717 0.2961695 0.0861094 -0.3892617 -0.1322263 -0.1677667 -0.3977903 -0.1682640 -0.5300554 -0.4057010 -0.6008577 0.3425674 0.2908744 0.3138349 0.5418835 0.3482903 0.4114776 0.2238773 0.2433576 0.4531888 0.1974865 0.3149307 0.0900455 0.5156625 0.3652746 0.3801229 0.2707885 0.2517407 0.3439527 0.0345746 0.3724334 0.2744672 0.5403166 0.3008395 0.4181447 0.0543002 0.2599398 0.2667978 0.1083565 0.4165112 -0.0272654 -0.0468551 0.4757141 0.0325392 0.0186525 0.0069351 -0.0716833 0.1870303 0.2963421 -0.1585481 0.3560108 -0.0792280 0.3721591 0.3392229 -0.4711229 0.2517119 -0.0070966
0.2771994 0.2602277 0.0117111 0.1754982 0.0139673 0.0313243 0.0022675 0.4089017 -0.0952578 0.0959903 0.3628825 -0.2785567 0.3676077 0.0268523 0.1303392 0.0000000 0.2269347 0.1696458 0.8075645 -0.1991302 -0.3400636 0.1112139 0.5553539 -0.0239796 0.5573726 0.6524165 0.3193232 -0.1426021 -0.2428291 0.0449223 -0.1196172 0.2701429 -0.4813202 -0.2444397 0.6084774 -0.4578689 0.5665093 0.5847478 0.1011289 0.0825917 0.3057285 -0.2354775 0.3707688 -0.2584795 0.0698658 0.6125205 0.6835437 0.4719135 -0.2535577 0.4520692 0.6127372 0.1370045 -0.1484143 0.1160160 0.4094330 0.5671766 0.5971897 0.1792709 0.2674905 0.4109315 0.1761180 0.3063777 0.3068195 -0.1267151 0.1093586 0.3190143 0.2416452 0.2114880 0.6367722 0.0696306 0.0046583 0.0039760 0.3189389 -0.1894395 0.4306856 0.0870618 0.0207881 0.1810905 0.0105964 -0.1834420 -0.1579902 0.4948673 0.4431234 0.3255807 0.3296997 0.3833675 0.5673638 0.1968966 0.3465311 0.3014513 0.4781588 0.4696021 0.4450578 0.1901725 0.4940743 0.5817271 0.5666469 0.4435652 0.4225379 0.2425431 0.1956057 0.2955460 0.3689298 0.1928612 0.4677950 0.1880356 0.0976017 0.3918611 0.3547983 -0.1176038 -0.0357962 0.1350658 0.3474150 0.2850388 0.2445593 0.3132838 0.4203857 0.3376473 0.2233481 0.3382333 0.4878278 0.3037603 0.3278971 0.3488834 0.2265489 -0.0226319 0.3816865 0.3823325 -0.0173927 0.4612415 0.4409094 0.1469942 0.4879607 0.1721261 -0.1947380 0.3688607 0.4753138 0.0224342 0.3342953 -0.1575542 0.1188376 -0.0753365 0.0117714 0.0287742 0.3300338 0.2474255 0.3119941 0.1030312 -0.2561258 0.0910215 -0.0707760 0.2258560 0.2497317 0.0541695 0.2917791 0.2536037 0.0403836 0.1676578 -0.0257099 -0.0485977 0.2848585 0.0716109 0.1277974 0.0830698 0.3108235 -0.0240475 0.1949845 -0.0179581 0.1668449 0.0081724 0.0152816 -0.0975735 0.1492803 -0.1547073 0.1152297 -0.1179666 -0.4353761 -0.2459661 -0.4654796 -0.4053604 -0.1695808 -0.3238103 -0.1780710 -0.2725305 0.1928568 0.2822231 -0.0208457 -0.3072925 -0.2386332 -0.1234325 0.0479224 -0.1539191 -0.4395640 -0.0124895 0.1401626 -0.0950280 -0.1029271 -0.4998752 -0.3913905 -0.2155429 0.2360875 0.4031951 0.5819950 0.3670030 0.0830927 0.2573009 -0.1791267 0.1696077 0.2878053 -0.1600557 0.4500807 0.1249555 0.0884844 0.0900475 -0.0491384 0.2374328 0.0501419 -0.2812404
-0.1054927 0.4116159 0.4923215 -0.0993073 0.6292941 0.5955116 -0.6398413 0.7844854 0.5359856 0.9291594 0.8888879 0.2146598 0.7608258 0.5206666 0.1142548 0.2269347 0.0000000 -0.5453573 0.3475627 0.3670691 0.2330422 0.4142963 0.6029434 0.3013436 0.4126948 0.7182874 0.6420701 -0.1844166 0.5629513 0.8247150 0.0122593 0.5126160 0.2042745 0.6765319 0.7782423 0.2248353 0.7385417 0.5708941 0.8272969 0.9043841 -0.0318960 0.4354778 0.8120417 0.4635259 0.6113909 0.2467175 0.3942118 0.1218478 0.5530393 -0.0476854 0.5509108 0.9025283 0.6960189 0.9207934 0.3931613 0.3818207 0.5716949 0.8469882 -0.1949482 0.6893900 0.3407682 0.8354660 0.2101468 0.7480921 0.6058056 0.4763360 0.5940851 0.8261331 0.4956338 0.8451568 0.4214580 0.7681959 0.6735153 0.6918532 0.5421833 0.8515198 0.8197676 0.5836646 0.7385858 0.4068538 0.5400875 0.0265442 -0.2079066 -0.2051463 -0.4083880 -0.2068945 0.0878345 -0.3749888 -0.3388744 -0.2070382 -0.2131819 -0.2602625 -0.1477228 -0.2245975 -0.2041269 -0.2332626 -0.0771796 -0.1990789 -0.1907553 -0.2023894 -0.2023650 -0.2674789 -0.2103913 0.3787071 0.1134210 -0.0466739 -0.2924374 0.0021949 -0.2993601 -0.1570723 -0.1939125 -0.2751098 0.0691445 0.2263084 0.1233756 0.0996163 0.2197239 0.0850883 0.3270587 -0.4306504 -0.1989029 -0.0838860 -0.2936452 0.3194287 -0.2785017 -0.2884540 -0.2586923 -0.3446254 -0.3965423 0.1507180 -0.1037156 -0.4339106 -0.3779354 -0.0829546 -0.3873357 -0.3191234 -0.1968353 -0.3502975 -0.2397927 -0.0324181 -0.3458835 -0.3754824 -0.1531515 -0.2401187 -0.1617954 -0.2329056 -0.3869267 -0.3980433 -0.2368312 -0.3834309 -0.0365936 -0.3142865 -0.3263965 -0.3230413 -0.4886376 -0.1772086 0.3186455 -0.4030032 -0.0416652 0.1616504 -0.5490028 -0.3365405 0.2645755 0.3115599 -0.4360068 -0.3373545 -0.0306289 0.0093052 0.3528266 -0.1594489 -0.0755987 -0.1089120 -0.6305835 -0.1905572 -0.5504206 -0.1210756 0.1142635 -0.2646803 0.0223889 0.1404107 0.1112304 0.1005365 0.0291327 0.1534163 -0.1109792 0.5285519 0.1594188 0.0585671 0.5364077 0.6628938 -0.4701884 0.5659097 -0.0935285 -0.1040793 -0.3395468 -0.2000752 -0.1818819 -0.2837685 0.0686137 -0.2253216 0.0012461 -0.0522382 -0.0662283 -0.0088448 -0.0472969 -0.0603206 -0.4607404 -0.3661582 0.0054003 -0.1735862 -0.2153416 -0.4465545 -0.5264434 -0.4274553 -0.2719977 0.0620453 -0.4213823 -0.3061754
