0.0000000 0.0059692 -0.0389206 0.1335570 -0.2002819 0.0605558 -0.1113081 0.0493060 0.0534613 -0.1964021 -0.0229515 -0.1086540 0.0153471 -0.0997178 -0.3135129 0.0043628 0.0987553 -0.2466262 -0.1076004 0.1535113 -0.4021399 0.1018786 -0.1127164 -0.2015610 -0.0860327 0.0798604 -0.0562026 -0.1470502 -0.2644901 -0.0220713 -0.0693461 -0.0308018 -0.2203776 -0.2979162 -0.1137585 -0.4191168 -0.0301050 -0.0580701 0.1611211 -0.0398849 -0.1736594 -0.1966755 -0.0734497 -0.3130194 -0.2411708 0.1230775 -0.1812045 -0.0232806 -0.2394654 -0.1482030 -0.1854143 0.0086060 -0.2175392 -0.1070633 -0.1676210 0.0619493 -0.0869785 -0.2629653 -0.0607852 -0.1971710 -0.0593784 0.0090363 -0.1679792 -0.1984244 -0.2574951 -0.1255030 0.0687652 0.0306144 -0.1281877 -0.0343457 -0.0477893 -0.0498797 -0.0477827 -0.2408843 -0.1475266 -0.2526496 -0.2227507 -0.1145127 -0.5089487 -0.3923623 -0.5494879 -0.0845589 0.1877168 0.0053035 0.4531138 0.0930727 0.1518901 0.3913798 0.0756679 0.3965673 0.1632836 0.1784663 0.5364180 0.3791852 -0.2048785 0.0184274 0.4578628 0.3558083 0.1114949 0.3444947 0.0889537 0.3083485 0.4030859 0.2332223 0.3668876 0.2453146 0.2727713 0.2968668 0.3510988 0.3608397 0.4354113 0.3604990 0.1765665 -0.0445480 0.3443750 0.1304822 -0.0089484 0.1699227 -0.0014734 0.1596130 0.1157454 0.0084945 0.6218457 -0.0317552 0.1653243 -0.1695226 0.1441942 0.4911701 -0.2110805 0.1415410 -0.0264972 0.4812134 0.2148933 -0.3363055 0.2465399 0.4293564 -0.1474591 -0.4396667 -0.1278906 -0.4775982 0.7235216 -0.3648054 0.2788874 -0.2387686 -0.2244559 0.2720264 -0.1942884 0.1054537 0.6369483 -0.0698700 -0.2408220 -0.3068148 -0.0700910 0.6524990 0.5333805 -0.1064032 0.1182522 0.0516535 0.3095890 -0.3538011 0.6145316 0.2086870 -0.0847315 -0.1522937 0.6017432 -0.0112276 0.4143096 0.5759910 0.4610635 0.3843884 0.6354754 0.5819546 0.5643508 0.5296092 0.0601944 -0.1864492 -0.2855671 -0.0053781 -0.4468922 -0.3447764 -0.0183213 -0.1273383 -0.1725636 -0.0856231 -0.1723339 -0.3253279 -0.1128455 -0.2131878 -0.2544338 -0.2446714 -0.1624126 -0.2591423 -0.2199294 -0.3361342 -0.2476472 -0.3656664 -0.2822759 -0.1861392 -0.4803034 -0.1609571 0.4046025 0.1920676 0.1746894 -0.1229295 -0.3564722 -0.3395990 -0.4213333 -0.2166140 0.2789746 -0.2014599 0.1804122 -0.4568339 -0.4576401 -0.2860092 -0.3901388 0.0023046 -0.1137380 0.0451120
0.0059692 0.0000000 -0.1508137 0.5333664 -0.1863997 0.6806413 0.1929049 0.0669537 0.4681541 0.3323469 0.1165977 0.3164517 -0.1752540 0.4871986 0.3721857 0.2847742 0.1839711 0.3697635 0.2002043 -0.0712700 0.3020915 0.1773323 0.0442296 0.2454662 0.1386363 0.0734555 0.4396952 0.1668074 0.2640209 0.2277413 -0.1198496 -0.3863756 0.0657713 0.2170016 -0.0673433 0.5399977 -0.1803116 -0.1507785 0.0100210 0.0277098 -0.2635937 0.6152734 0.1116076 0.0808755 0.2688991 0.0340701 0.0001460 -0.2369824 0.1919365 0.0561215 -0.0524302 0.2839147 0.3425653 0.3396472 -0.2170728 -0.0080933 -0.2546213 0.0295997 0.3832816 -0.2322073 0.2363327 0.1901895 -0.2250674 0.3430809 0.2844749 -0.5132492 -0.3763490 0.1326526 -0.2870893 0.1862596 -0.5169019 0.4204033 -0.2732235 0.1348366 -0.3539388 0.1111869 0.2794562 -0.0690789 0.2790731 0.2475049 0.3289973 0.0815376 0.0853059 0.1694698 0.4150340 0.0983680 0.0944181 -0.1477050 0.1415515 0.1669312 -0.0694792 0.0852046 -0.0190944 -0.1713528 0.0586216 0.0410530 -0.4538941 0.0830938 -0.1277373 -0.1973862 0.1640106 -0.0184062 0.0924492 -0.0267647 -0.2565816 -0.1157624 0.2818732 0.0471328 -0.1495061 0.2658777 0.0358452 0.2241218 0.0961764 -0.1058245 0.0852510 -0.0223211 -0.3914407 -0.3025719 -0.2847512 0.0464820 -0.2245738 -0.1846686 0.0780541 0.2088304 0.1433066 0.4682030 0.3659312 0.1876483 0.5089588 0.3612972 0.3380989 0.1108973 0.5105833 0.3771045 -0.0288720 0.3552197 0.4649338 0.5003994 0.5222191 0.3419546 0.0955561 0.5183159 -0.1020756 0.4776901 0.5442852 0.1801032 0.5771273 0.6326040 -0.2861406 0.5132864 0.3892887 0.3612224 0.4825068 -0.2093568 0.4072389 0.2656338 0.0054046 0.6456944 -0.1695028 0.3869853 0.4232422 0.4216350 0.2510275 0.1315670 0.1340375 0.3095937 -0.0921342 -0.3626886 -0.2700664 0.0909895 -0.0614608 -0.3860756 0.0531615 0.2831174 0.6210434 0.4241755 0.1714327 -0.1589705 0.2598024 0.1576463 -0.2255180 0.3280262 0.4783771 0.3451165 0.0798731 0.0633702 -0.0139972 -0.1450406 0.1371823 0.3587143 0.3009464 0.3245275 0.1330509 0.4189704 0.3355537 0.4392358 0.1999604 0.1321862 0.2362123 0.4554438 0.6039089 0.1288725 0.5133175 0.5106136 0.1057989 0.2769847 0.4502052 0.0075786 0.6790076 0.3933027 0.4521933 0.6216966 0.1440104 0.1903569 0.2591348 -0.0535180 0.6975901 0.6577563
-0.0389206 -0.1508137 0.0000000 -0.0594013 0.8262381 -0.3944261 -0.2127013 0.3330877 -0.3695692 -0.2833935 -0.1030906 -0.2998241 0.8055065 -0.2165556 -0.0585812 -0.1559671 -0.1676627 -0.0523356 -0.0726953 0.8149308 -0.3680578 0.5298148 0.2295004 -0.0687472 0.2861374 0.2198428 0.1271626 -0.0999026 -0.3769331 -0.0275794 0.5750724 0.6737166 -0.2156016 -0.2945551 0.0458214 -0.4891221 0.4216618 0.4128897 -0.0956431 0.1696077 0.7016941 -0.4677358 -0.1508939 -0.1106760 -0.2789013 0.0632359 -0.0746967 0.6326848 -0.2759540 0.1308593 -0.1127052 -0.1921293 -0.4049955 -0.0508188 0.3609420 0.1791724 0.2344849 -0.1085135 -0.4374621 0.0321531 -0.2622049 -0.3281302 0.6210565 -0.2911033 -0.2943056 0.3898036 -0.1482475 0.0055798 0.6028976 -0.2461331 0.4308016 -0.2941436 -0.0685034 0.2349453 0.3346450 -0.0479068 -0.1266783 0.2127553 -0.0915031 -0.2147428 0.0689659 0.3409736 0.0171889 0.0038993 -0.2390282 0.0672748 0.3127976 0.0587082 -0.3929042 -0.3024735 -0.2952310 -0.1949494 0.0967062 -0.2767315 -0.4866667 -0.4854726 0.3648255 -0.0042527 -0.4949531 -0.3785135 -0.6630679 -0.1687058 -0.2751491 -0.4738123 -0.0727651 -0.4356766 -0.3488510 -0.3417532 -0.2637824 -0.3603349 -0.3205181 -0.2682433 -0.6476387 -0.5772319 -0.3308637 -0.6135883 -0.4193113 -0.1534113 -0.4871768 0.0544137 -0.3526700 -0.3349646 0.1611713 -0.1632607 -0.2910043 0.0670398 -0.4796494 0.0234000 -0.0154321 -0.6519505 -0.4462274 0.0718234 -0.4864212 -0.5949210 0.4023449 -0.1685677 -0.6161514 -0.0064857 -0.3006379 0.1769218 0.1471631 0.0881071 0.4788315 0.0654492 -0.3752314 -0.0026253 -0.1956421 -0.2921525 0.3752255 0.2249898 0.3117476 0.4037852 0.0747069 0.3590054 -0.0093489 0.4979047 0.4817389 -0.0541945 0.5284522 0.3157107 -0.0824454 0.2940920 0.4570873 0.5583893 0.0260457 0.5271838 0.3322069 0.4419112 0.4562248 0.3440974 0.1908155 0.2358150 -0.4885353 -0.5120471 -0.4888973 -0.3937617 -0.2615872 -0.1953552 -0.2739953 0.0131004 -0.2174237 -0.2456994 -0.3784260 -0.2712695 -0.1281091 0.1051384 0.3090853 0.5854730 -0.0081461 -0.3466752 0.1481147 -0.4058965 -0.3514316 0.1243517 0.1497713 0.2114507 0.3283741 -0.2785959 -0.2990739 0.1427433 -0.2084655 0.0280563 0.0049495 0.1969131 0.6995783 0.6905031 0.2347354 0.6287355 -0.1596176 -0.1262164 -0.0699564 -0.2662402 0.5976785 0.2643885 -0.0353825 0.4365591 -0.2173309 0.1357081
0.1335570 0.5333664 -0.0594013 0.0000000 -0.0877204 0.5019207 -0.2420055 0.6423761 0.1242249 0.5362240 0.5907615 -0.1064439 0.2133355 0.2066259 0.2036569 0.7133815 0.5291915 0.2239910 0.5407313 0.2995579 -0.0269106 0.4150546 0.4987537 0.0961269 0.4109896 0.5661505 0.2676488 -0.0689558 0.0096307 -0.0509254 0.3334139 -0.0241570 -0.0508000 -0.1435440 0.2916504 0.3591291 0.2914409 0.3008473 -0.0135129 -0.2217387 -0.0566563 0.5476807 0.3466149 0.0604727 -0.1590782 0.3928232 0.2558509 0.1513677 0.0348843 0.2623491 0.2605582 0.4782486 -0.0368518 0.0168349 0.2872117 0.2605057 0.2260084 -0.2842271 0.3186694 0.1999056 -0.0098808 0.3998861 -0.0877495 0.1377288 -0.0179053 -0.0500984 0.1082504 0.3623410 -0.2207913 0.3322072 -0.0349506 0.4989927 0.1730550 0.0874453 0.0598527 0.1813236 0.1840077 0.3407604 0.1317666 -0.0892507 0.1544662 0.5356927 0.2441844 0.4035533 0.3629467 0.0014124 0.3623184 -0.2961818 -0.0755033 0.0609912 0.1942072 0.3295472 0.3850346 -0.2205603 -0.0437801 0.1487926 -0.0423587 0.4287533 0.1086079 0.0395217 0.2292286 0.2956028 0.2825634 -0.1112311 0.1703562 -0.0331211 0.2252890 0.3491319 0.1285325 0.2661969 0.3033918 0.3637959 0.4072494 0.0373789 0.3195241 0.1338509 -0.2446279 -0.1143793 -0.1780315 0.1227251 -0.2742838 -0.2273605 0.1502205 0.3225979 0.2854034 0.3361842 0.2953526 0.2262680 0.3145265 0.3400111 0.2625561 0.3516493 0.4208831 0.3508005 0.2668673 0.3181889 0.4469839 0.2246639 0.3702052 0.0426235 0.0976803 0.2381349 0.1320881 0.3123134 0.4233632 0.1783414 0.2197674 0.3820448 -0.0322991 0.4714957 0.2935388 0.0889638 0.2197322 -0.1627722 0.2134520 0.0794133 -0.0375940 0.3376686 0.0209210 0.1545611 0.2680540 0.3725382 0.1630562 -0.0544807 0.1301155 0.0892680 -0.1479664 -0.1484608 -0.1534761 0.1276032 0.0337920 -0.1265018 0.1620913 0.3858023 0.1796467 0.0433558 -0.1927649 -0.4308664 -0.0008351 0.1074695 -0.1253898 0.6480588 0.7132107 0.6918832 0.3440036 0.0866375 0.2108010 -0.0973027 0.0441007 -0.1082305 0.2216957 -0.0814002 -0.2771668 0.3042215 0.1465179 0.3220558 0.0672427 -0.3812283 -0.1462277 0.2040868 0.3498044 -0.1400078 -0.0130288 0.0392219 0.1091666 0.0266887 0.1206008 -0.4282527 0.5420974 -0.0024669 0.1707763 0.0976005 0.0608424 -0.4171535 -0.0876928 0.1270538 0.4767818 0.2979686
-0.2002819 -0.1863997 0.8262381 -0.0877204 0.0000000 -0.4328922 -0.0697545 0.3015759 -0.2360587 -0.1429537 -0.0408421 -0.1922234 0.7024986 0.1202125 0.1055570 -0.1103800 -0.1785036 0.1849673 -0.0578899 0.7042576 -0.1657947 0.5157186 0.3852381 0.1783653 0.1747441 0.1125709 0.1417608 0.2644766 -0.1559955 0.3187081 0.6761374 0.6643997 0.1371220 -0.0854164 0.2825505 -0.3895944 0.4541910 0.4586064 0.2416389 0.4462715 0.8335040 -0.4708649 0.1425025 0.3711971 -0.1457250 0.0770376 0.1567619 0.7551747 0.1327390 0.0943793 0.1743051 0.0474662 -0.1552763 0.1107049 0.5497661 0.2833290 0.4029452 0.2091733 -0.4475874 0.2166981 -0.1886127 -0.3389798 0.7020567 0.0273002 0.0828664 0.6131763 0.0121374 0.0485840 0.6335798 -0.0599462 0.5385831 -0.1225320 0.1400065 0.5555904 0.5267604 0.3690983 0.2278229 0.3164740 0.2372320 0.1144200 0.2538586 0.3988810 0.0813171 -0.0012415 -0.2114940 0.1325731 0.2606264 0.0149706 -0.1409519 -0.1923772 -0.0793585 -0.1752200 -0.1267904 -0.3065356 -0.1155588 -0.2665911 0.2900577 -0.2039083 -0.3409954 -0.3894722 -0.4313199 -0.2208959 -0.2582310 -0.2177069 0.0608994 -0.1594248 -0.2375554 -0.4094743 -0.2483006 -0.3726641 -0.2992015 -0.3552914 -0.5212131 -0.4304131 -0.2714127 -0.4126662 -0.2216804 -0.0960231 -0.2541133 -0.1189895 -0.0484439 0.0035677 -0.0021205 -0.1517625 -0.2914038 -0.2139542 -0.3202494 -0.0929881 -0.1891711 -0.4808781 -0.3143571 -0.0467219 -0.3697831 -0.1640537 0.2422096 -0.2069961 -0.3085101 0.0085738 -0.2765708 0.1106010 -0.0654221 -0.0445558 0.3691740 0.1388106 -0.2253881 0.0591084 -0.1438177 -0.3266842 0.1752584 0.0354486 0.1678099 0.3084505 0.1103342 0.1817891 -0.1216947 0.3012128 0.3831407 -0.2031032 0.4490040 0.3739309 -0.2424394 0.1448294 0.3933761 0.4990000 -0.0812900 0.3371142 0.2671838 0.2804563 0.4015305 0.1959384 0.0752867 0.1381449 -0.3305319 -0.3923198 -0.3788849 -0.1974862 -0.1762165 0.0011527 -0.0560165 0.3175637 0.0440944 -0.1036495 -0.3036953 -0.2136403 -0.0141216 0.4760941 0.4416780 0.8580978 0.4067415 -0.0562435 -0.0721029 -0.1930716 -0.1810088 0.0369157 -0.0671083 0.1526234 0.1401124 -0.0143117 -0.0084177 -0.1247628 -0.2445018 0.0390564 -0.0886347 0.0973879 0.6466901 0.7732947 0.0575476 0.5905039 -0.3110815 0.0141075 -0.2414225 -0.2051816 0.7058485 0.3588236 0.2811259 0.6014980 -0.3954557 -0.0868350
0.0605558 0.6806413 -0.3944261 0.5019207 -0.4328922 0.0000000 0.5381549 -0.1304098 0.7630660 0.3827432 0.0656406 0.6068391 -0.3938206 0.5429145 0.5556059 0.1384634 0.1329935 0.5422880 -0.0259148 -0.3295463 0.5565475 -0.0515258 -0.1164400 0.5801088 -0.1653205 -0.2036154 0.2034147 0.3849259 0.6408739 0.4032021 -0.2223409 -0.5422400 0.3770186 0.5502062 -0.2438409 0.7075379 -0.4514237 -0.3463320 0.0322387 -0.0751763 -0.3694905 0.6478348 -0.0630816 0.2106626 0.5302342 -0.2245591 -0.2569934 -0.2832356 0.3592454 -0.1272173 -0.2278416 0.1482253 0.6069821 0.1783510 -0.3361956 -0.3252748 -0.4242100 -0.0603280 0.1306277 -0.2200549 -0.0507942 0.2966712 -0.5093456 0.4058098 0.2832680 -0.5509088 -0.2544630 0.1249109 -0.5983164 0.3001552 -0.5759973 0.5971453 -0.2607663 -0.2012878 -0.5478215 0.0096629 0.0879769 -0.3233020 0.1415685 0.3424540 0.2128815 -0.2741505 -0.2785972 -0.2236411 0.0390400 -0.3456061 -0.3529685 -0.3350861 -0.0912813 -0.1054989 -0.2618257 0.0193444 -0.1149339 -0.0456650 -0.0344906 0.2421683 -0.5749401 0.1072599 -0.0696536 0.1270128 0.1899892 -0.0949785 -0.1960723 0.1147954 -0.2389982 0.0146359 -0.0633225 -0.1413146 -0.2183571 -0.0302777 -0.0773323 0.0092313 0.0593550 -0.0187890 0.0947850 -0.0204718 -0.3718629 -0.0024500 -0.1871774 0.1318030 -0.2575411 -0.2681428 -0.1230698 0.2941043 0.2939287 0.4335485 0.0441122 0.0789104 0.4743441 0.2970949 0.3713667 0.1078951 0.4437104 0.4182826 0.0338423 0.1947942 0.6030266 0.5165400 0.6665435 0.2988513 0.1564000 0.5485132 -0.3969601 0.0729472 0.6278627 -0.0540133 0.5918397 0.7672155 -0.3940424 0.2645512 0.0980633 -0.0338403 0.4116421 -0.3015538 0.2581462 -0.2311744 -0.5493206 0.5261270 -0.5707998 0.0029725 0.2591265 0.0629731 -0.4176097 -0.3448998 -0.0362582 -0.3148140 -0.4751643 -0.5680167 -0.6084705 -0.3045194 -0.2535222 -0.5444438 0.1841809 0.2969229 0.7330026 0.6628377 0.5209034 0.1580482 0.4782877 -0.1753969 -0.1020091 0.1208625 0.3195976 0.1469120 -0.2780145 -0.2718809 -0.4794983 -0.4666976 -0.0862438 0.2585834 0.1976464 0.4602737 0.2201891 0.1282846 0.2129882 0.3475381 0.2900416 0.0601743 0.3708319 0.4095869 0.4430237 -0.0218498 0.0914659 0.2701936 -0.0680769 -0.2057450 0.4445936 -0.1833914 0.3777895 0.2789241 0.3611481 0.6168092 -0.0893661 0.0909109 0.3508451 -0.3596850 0.4037202 0.3437493
-0.1113081 0.1929049 -0.2127013 -0.2420055 -0.0697545 0.5381549 0.0000000 -0.4226592 0.8773235 -0.0394845 -0.2623487 0.9477752 -0.4356800 0.5738188 0.7491130 -0.3293656 -0.3655378 0.7046708 -0.3089418 -0.3366241 0.8272099 0.0400019 -0.4287987 0.8279183 -0.3895464 -0.6525816 0.0049746 0.7054554 0.8915613 0.6798177 -0.0769216 -0.3030162 0.6832444 0.8720138 -0.2250788 0.5274698 -0.4361059 -0.2368161 0.3592835 0.4110133 0.0595830 0.2705434 -0.0618602 0.4532495 0.8665361 -0.2685839 -0.1262089 0.0152540 0.6395775 -0.0284256 -0.0859819 0.0364672 0.8449951 0.4212897 -0.1221793 -0.1840728 -0.2172349 0.4008458 -0.2304184 -0.0338792 0.1125574 0.0275585 -0.2543809 0.5766835 0.5803126 -0.1361502 -0.0302705 0.1065651 -0.1940157 0.2828130 -0.2891332 0.3563981 -0.0502943 0.0307398 -0.3484342 0.2222724 0.1977853 -0.4515820 0.4118297 0.6846046 0.3248758 -0.6474206 -0.5871154 -0.5728094 -0.3955110 -0.2015562 -0.6993799 -0.1952341 0.1314720 -0.3073181 -0.3934305 -0.4075834 -0.5170728 0.0943391 0.1794917 0.0696579 -0.5393955 -0.1958482 -0.1892472 0.1053169 -0.0722498 -0.3068929 -0.5450109 0.2256098 -0.2399344 0.0489890 -0.2290447 -0.6089916 -0.4106135 -0.3849393 -0.4898091 -0.4403841 -0.3392180 0.0474824 0.0637694 0.0074212 -0.0336050 0.3862471 0.1565329 0.1838912 0.1416108 0.0340941 -0.4687784 0.2188618 0.1022944 0.0419056 -0.1358270 -0.2968464 0.1096612 0.0142832 0.0696243 -0.3365483 0.0533167 0.3195027 -0.2156987 -0.2522406 0.3076465 0.3738092 0.1761715 0.3631167 0.0327310 0.3579591 -0.5899280 0.0125217 0.2650036 -0.3179183 0.2221649 0.2664303 -0.3879439 -0.1589953 -0.0960940 -0.0178449 0.2038914 -0.2105684 0.0239198 -0.3253600 -0.6935891 0.0925996 -0.6854201 -0.0195301 -0.0411223 -0.2848284 -0.6233482 -0.3509712 -0.2006913 -0.5068603 -0.4451930 -0.4401063 -0.4794767 -0.4927797 -0.3010477 -0.4191756 0.1442611 0.0610992 0.6712609 0.8877610 0.8975501 0.7479089 0.7520531 -0.1876829 0.1019149 -0.4306407 -0.3009450 -0.4728887 -0.6098436 -0.0771663 -0.6927425 -0.1205839 0.1709418 0.5954930 0.0976216 0.7643105 0.6952296 -0.1185354 0.0855131 0.1973679 0.3916244 0.6222307 0.7354935 0.1866497 0.1246129 0.0674517 0.0880855 0.3781986 -0.0118071 -0.0622504 0.3263693 0.1843688 -0.1963450 0.3620317 0.1360052 0.6448660 0.0816540 0.6350822 0.7658600 -0.3586587 -0.2840403 -0.1233825
0.0493060 0.0669537 0.3330877 0.6423761 0.3015759 -0.1304098 -0.4226592 0.0000000 -0.2494269 0.4980231 0.7773542 -0.3904878 0.6986760 -0.0730095 -0.0157797 0.7395069 0.5573942 0.0100608 0.7477242 0.6688810 -0.3471526 0.7282557 0.7771755 -0.1050978 0.7018941 0.7003565 0.4014575 -0.2982063 -0.3400122 -0.3287716 0.7683758 0.5785677 -0.2535938 -0.4038532 0.6128827 0.0153284 0.7367238 0.8030923 0.1540903 -0.0288329 0.4523786 0.2279958 0.5570038 -0.0859100 -0.4381541 0.7290676 0.5094367 0.5938702 -0.2179464 0.6892531 0.5096137 0.5173573 -0.4182329 0.0821719 0.7730467 0.7368282 0.7246645 -0.1426801 0.1476233 0.5619863 0.0344598 0.3646221 0.4542094 0.0000693 -0.2264606 0.5378200 0.3971568 0.5735189 0.4528951 0.3813939 0.6144745 0.2349586 0.5856639 0.3491638 0.5951226 0.3459043 0.2339327 0.7847840 0.2630731 -0.2598647 0.2453913 0.6886914 0.0721280 0.3256104 0.0045291 0.0823832 0.4899021 -0.3479934 -0.2125896 -0.2799109 0.0925463 -0.1046580 0.3565944 -0.3311431 -0.1562930 -0.4373463 0.1406407 0.3829349 -0.0874452 -0.1320634 -0.2123965 0.2760416 0.1043608 -0.5012452 0.1066367 -0.2752970 0.0185133 0.1612091 0.0034990 0.0667004 0.0594474 0.1386046 0.1361786 -0.1059213 0.2021833 0.0466392 -0.0976793 0.0070788 -0.0673106 0.0840112 -0.2723103 -0.2252762 -0.0417129 0.1450727 0.1279356 0.0915304 0.0571290 -0.0999312 0.0580017 -0.0275750 -0.1095557 0.1563363 -0.0170764 -0.0207368 0.3414835 -0.1170940 -0.0650258 -0.0129054 -0.1403084 -0.0888290 -0.1811620 -0.0289576 0.2101234 0.2570956 -0.0230156 -0.1129938 -0.2087350 -0.1874233 0.0886953 0.4126132 0.3368248 0.1612125 -0.1043887 -0.1667078 -0.2209433 0.2232435 0.1481435 -0.0986713 0.1885974 0.0860566 -0.1096743 0.2425793 0.3421801 0.0392167 -0.0587656 0.1987826 -0.1112887 0.0560859 0.0003763 0.0963492 -0.0432485 -0.0048234 -0.1186571 0.0592055 -0.2483812 -0.3234882 -0.4495431 -0.5890362 -0.2536157 0.1895858 -0.0371022 0.6136738 0.5322279 0.6432535 0.5688197 0.3190374 0.5425720 0.2821536 0.1793203 -0.2350399 0.1710432 -0.3640445 -0.3556237 0.2373539 0.0605196 0.1795106 -0.0161030 -0.4207080 -0.3615119 0.0149271 -0.1970381 -0.3491823 -0.1297552 -0.0883628 0.1865390 0.2332954 -0.0519811 -0.1767325 0.2115867 -0.2746533 -0.0592441 -0.2944504 0.3275230 -0.3464178 -0.1172017 0.5533190 0.1232400 0.0158255
0.0534613 0.4681541 -0.3695692 0.1242249 -0.2360587 0.7630660 0.8773235 -0.2494269 0.0000000 0.2441671 -0.0092051 0.9190039 -0.4811941 0.7601227 0.8203617 -0.0446878 -0.0227345 0.8054397 -0.0581178 -0.3225421 0.7996587 0.0887267 -0.2694092 0.8431698 -0.2318902 -0.4402930 0.1889593 0.6931555 0.8839780 0.6756005 -0.1039679 -0.4143941 0.6749876 0.8473770 -0.0863727 0.6949871 -0.3828773 -0.1615404 0.4146696 0.4068682 -0.1273026 0.5511835 0.1163054 0.4613874 0.8584820 -0.0827862 0.0123424 -0.0692459 0.6470729 0.0334484 0.0523550 0.2919237 0.8615502 0.5459048 -0.1042311 -0.0580415 -0.1842300 0.3693217 0.0554784 0.0567991 0.2627744 0.2927667 -0.4042357 0.6982363 0.6155205 -0.2225714 0.0727318 0.2897729 -0.3174290 0.4782913 -0.4068065 0.6519932 -0.0013191 0.0689531 -0.3648141 0.2949104 0.3253008 -0.3741594 0.4176303 0.6592562 0.3087313 -0.4824179 -0.4925342 -0.4616989 -0.2029107 -0.1637215 -0.6579283 -0.2674407 0.1961186 -0.1845411 -0.2993590 -0.2243462 -0.3526944 0.1105167 0.2176084 0.2052730 -0.5466305 -0.0145728 -0.0613609 0.1808559 0.1094208 -0.1093812 -0.3381919 0.3080475 -0.1616938 0.1447387 -0.0487189 -0.4406423 -0.2741684 -0.2372337 -0.2752615 -0.2318943 -0.0917593 0.0638985 0.2121373 0.1310097 -0.1288283 0.3578933 0.1000971 0.2369500 0.0790469 0.0293023 -0.3666814 0.3644910 0.2393296 0.1779531 0.0518290 -0.1555205 0.2382757 0.2510675 0.1791093 -0.1925370 0.3078777 0.5022824 -0.2239781 -0.0569280 0.5247535 0.4068174 0.2968744 0.3817676 0.1108634 0.4633104 -0.5574839 0.1666902 0.4226955 -0.2118592 0.3269916 0.4621790 -0.3848323 0.0966354 0.0541549 0.0229864 0.2918871 -0.2453071 0.1794456 -0.2649171 -0.6656670 0.2578164 -0.6719510 0.0459736 0.1601400 -0.0795425 -0.5330835 -0.3652169 -0.0716670 -0.4492630 -0.4605261 -0.4826701 -0.5126025 -0.3862997 -0.2402037 -0.4207342 0.3308699 0.3110093 0.8399121 0.9308647 0.8090431 0.5880372 0.7338323 -0.1170226 0.1276392 -0.1402778 0.0468786 -0.1304055 -0.3684675 -0.0097035 -0.5599988 -0.2300608 0.2259591 0.6328044 0.1988764 0.7792290 0.6183972 -0.0016943 0.1567984 0.2277754 0.3339524 0.4723209 0.6848868 0.2632786 0.3231040 0.1059227 0.2389168 0.4228400 -0.0612629 -0.1734952 0.3565508 -0.1372232 0.1219342 0.4678602 0.3603485 0.6769514 0.0493660 0.4490520 0.6411783 -0.3562447 0.0335552 0.1014853
-0.1964021 0.3323469 -0.2833935 0.5362240 -0.1429537 0.3827432 -0.0394845 0.4980231 0.2441671 0.0000000 0.7220056 -0.0002465 0.0440475 0.5392107 0.2515836 0.6289319 0.7378702 0.3691270 0.6674575 -0.0597568 0.0634580 0.0677589 0.7111092 0.3163953 0.4323604 0.4343619 0.5796262 0.1761717 0.1538226 0.0533162 0.2065964 0.0435143 0.2755505 0.2331888 0.6632602 0.5048640 0.3312128 0.3559795 0.2993753 0.1224268 -0.0052698 0.5743704 0.6760454 0.3296505 0.1298260 0.4775449 0.4829217 0.1206990 0.2678366 0.4640025 0.5056036 0.6962335 0.1922913 0.4655667 0.3966846 0.4415596 0.3881849 0.3364430 0.3189244 0.5695867 0.1030774 0.7497875 0.0670214 0.4862414 0.2145685 0.2239984 0.3518577 0.6377069 0.1168841 0.7107492 0.2533694 0.7296789 0.4896172 0.3349417 0.3699331 0.5286286 0.5245850 0.5926139 0.4970315 0.2092981 0.4859018 0.3199291 -0.1847532 -0.0210030 -0.1484350 -0.2522273 -0.1343284 -0.5180482 -0.1831889 -0.2701059 -0.0505022 -0.1256999 -0.1102823 -0.2693255 0.0696266 -0.0671313 -0.3426128 -0.0073143 0.0814832 -0.0194926 0.0699048 0.0030081 -0.0792454 -0.1524113 -0.1019863 -0.0305513 -0.1535996 -0.0388325 -0.1549226 -0.1829932 -0.0085009 -0.0935002 0.1602748 -0.1566699 -0.1986563 0.0289584 -0.2362365 -0.2059740 -0.1451008 -0.2945632 -0.4029295 -0.1511716 -0.3689764 -0.0825390 -0.0316353 0.0603235 -0.0156400 -0.2469954 0.0739127 0.1732149 -0.0041986 -0.0256026 0.2913043 0.4564396 0.0198452 -0.1099512 0.3692174 0.1028372 0.2219665 0.0246181 -0.3623577 0.1690280 -0.2273280 0.0300044 0.2686393 -0.1887981 0.2199372 0.2029626 -0.3813966 0.4026037 0.2224768 -0.1262637 0.0239756 -0.5129065 -0.3261940 -0.1226144 -0.2037823 0.0072223 -0.2635406 0.0074034 -0.1630369 0.0175964 -0.0094086 -0.2723711 -0.2393939 -0.1832995 -0.4089311 -0.4441850 -0.4881449 -0.3048684 -0.3916193 -0.4631997 -0.1045519 0.0528747 0.2835819 0.1194439 -0.0625927 -0.3444052 0.0920932 0.3030174 0.2565231 0.6350627 0.6977148 0.6839860 0.5941462 0.3663945 0.3715767 -0.0046036 0.3594043 0.1848335 -0.0543935 0.1281712 -0.0067575 0.0854401 -0.0533413 0.0526984 -0.2028888 -0.1904344 0.0882986 -0.0552867 -0.0863381 -0.3333581 -0.0126204 -0.0105404 0.0694081 -0.0263878 0.0679730 -0.4265830 0.2143332 0.0201108 0.1515502 0.0923732 0.3198034 -0.1708748 0.0974430 0.1120436 0.4113806 0.2109298
-0.0229515 0.1165977 -0.1030906 0.5907615 -0.0408421 0.0656406 -0.2623487 0.7773542 -0.0092051 0.7220056 0.0000000 -0.1775605 0.2477334 0.1970447 0.1256403 0.9308466 0.8500066 0.1690230 0.8355979 0.2776623 -0.1406362 0.3653721 0.7813534 -0.0089026 0.5356088 0.6284635 0.5854605 -0.1339381 -0.1416874 -0.1297754 0.4298734 0.1722448 -0.0175474 -0.1346348 0.7225067 0.2769150 0.4890272 0.6490404 0.4281223 0.1789468 0.0822885 0.4769215 0.7304855 0.0699984 -0.1764298 0.6749045 0.6373170 0.2803221 -0.0638395 0.7391193 0.7082549 0.7385070 -0.1711201 0.2714993 0.5884006 0.6362502 0.5990776 -0.0543964 0.3568249 0.7042393 0.1992060 0.6163998 0.0281785 0.1330805 -0.1137700 0.3688038 0.6398554 0.6406826 0.1807278 0.5591144 0.3749835 0.5041488 0.6652409 0.2146710 0.4284283 0.4128656 0.3283349 0.6082095 0.3533685 -0.1128591 0.1615787 0.6026622 0.1382413 0.3759466 -0.0028429 0.2123440 0.2774708 -0.2792465 0.1108840 -0.1515060 0.2848002 -0.0006549 0.2214433 -0.0204917 0.2436883 -0.1250475 0.0373544 0.3061930 0.3538615 0.2111523 0.1648059 0.3610108 0.2281853 -0.1076741 0.2312768 0.0716580 0.1149127 0.2655607 0.1549358 -0.0059660 0.2270255 0.1263919 0.4131305 0.1505336 0.2206576 0.3895780 0.1244405 0.1470501 0.2039777 0.0174946 -0.0705011 0.0715213 -0.3089326 0.2064451 0.2531041 -0.0540839 0.3171807 -0.2753391 -0.0240811 0.3758695 0.0372935 -0.0357605 0.2392652 0.3168340 -0.0458462 -0.1671611 0.2267497 -0.1282314 -0.1270323 -0.1534228 -0.3419051 -0.0469130 -0.1415392 0.0754919 0.0397079 -0.2050062 -0.1817848 -0.0943573 -0.2156679 0.3496273 0.1691298 -0.1386604 -0.2645644 -0.3792744 -0.2426013 -0.0252035 -0.1342939 -0.1360599 -0.1813579 -0.1232857 0.0205598 0.0155719 0.1025595 -0.3325489 -0.0484202 -0.1116403 -0.3287344 -0.1632429 -0.2715248 -0.1700634 -0.1470303 -0.1377299 -0.1160798 0.1613804 0.0287585 -0.0893230 -0.1882097 -0.3314496 -0.0855396 0.1892681 0.2000657 0.6423877 0.6970491 0.7243621 0.6619894 0.2199602 0.3520925 -0.0452201 0.2184615 0.0322329 0.0520539 -0.1332698 -0.1334866 0.0426117 -0.0818792 -0.1090561 -0.2908676 -0.3174726 -0.1532160 -0.2196033 -0.1236028 -0.1265187 0.0340726 -0.0381575 0.1110815 -0.1740903 -0.1455110 -0.5573832 0.3553755 0.0850531 0.1564718 -0.0618642 0.2885825 -0.3047128 -0.1349401 0.2179236 0.3436579 0.0750040
-0.1086540 0.3164517 -0.2998241 -0.1064439 -0.1922234 0.6068391 0.9477752 -0.3904878 0.9190039 -0.0002465 -0.1775605 0.0000000 -0.5224171 0.5820423 0.8325590 -0.1885162 -0.2458631 0.7625483 -0.1643659 -0.3862491 0.8996738 0.0852122 -0.4568578 0.7853861 -0.2941827 -0.5341013 -0.0111078 0.6716243 0.9226444 0.6040357 -0.1238447 -0.3746141 0.6681908 0.8693161 -0.1809041 0.6762746 -0.3919737 -0.1817730 0.2958251 0.3629925 -0.0537490 0.4755874 0.0159524 0.4345002 0.9186466 -0.1562903 -0.0059051 -0.0585351 0.6583559 -0.0015029 0.0200190 0.1526003 0.8864405 0.4849651 -0.1259097 -0.1157167 -0.1805560 0.3849353 -0.0114189 0.0199534 0.2958552 0.1533665 -0.3420380 0.6586869 0.6601954 -0.1842290 0.0569752 0.2175786 -0.2430007 0.3827214 -0.3760067 0.4755067 0.0045058 0.0686634 -0.4032106 0.2446327 0.2763482 -0.4641562 0.4367533 0.7391935 0.3526500 -0.6004715 -0.5287025 -0.4630302 -0.3073154 -0.1228626 -0.6791324 -0.2342329 0.2492697 -0.2296836 -0.3086901 -0.2701515 -0.4761429 0.1080286 0.3045718 0.1901395 -0.5604637 -0.1317176 -0.0518665 0.1490894 0.0552558 -0.2308060 -0.4374780 0.2368641 -0.1968888 0.0676954 -0.1140379 -0.5192219 -0.3313717 -0.2998100 -0.3808607 -0.3342089 -0.2083544 0.1306974 0.1701457 0.1208954 -0.0117212 0.3608883 0.1725827 0.2403583 0.1261533 0.0172973 -0.4734068 0.3255410 0.1213606 0.1494505 0.0024179 -0.2811991 0.1740234 0.1255027 0.0574150 -0.3819430 0.1498309 0.4038491 -0.3198705 -0.1797779 0.3762603 0.3887028 0.1812475 0.4743308 0.0439436 0.4432533 -0.5950644 0.1728148 0.2948929 -0.2710710 0.2191224 0.3198072 -0.4046908 -0.0277212 0.0311290 0.0459134 0.1702553 -0.2366080 0.1390518 -0.2539048 -0.6919213 0.1338518 -0.6999209 0.0521039 0.0425874 -0.1996556 -0.5686209 -0.3546920 -0.1771718 -0.4562392 -0.4377713 -0.4442459 -0.4873081 -0.4382698 -0.2943069 -0.4122507 0.2279516 0.2041064 0.7705188 0.9621241 0.9527561 0.7447849 0.8378733 -0.0760897 0.1770444 -0.2884825 -0.1177541 -0.3034446 -0.4759602 -0.0249648 -0.6648780 -0.1997112 0.2138269 0.6859029 0.2386481 0.8736896 0.7863525 0.0159509 0.1921163 0.2579150 0.4628913 0.6726835 0.8186004 0.2718475 0.2587590 0.0992369 0.1959107 0.4522337 -0.0139949 -0.1195728 0.3800104 -0.0106990 -0.0314067 0.4552383 0.2057813 0.7624410 0.0497436 0.6062775 0.7137060 -0.4583250 -0.0718207 0.0547729
0.0153471 -0.1752540 0.8055065 0.2133355 0.7024986 -0.3938206 -0.4356800 0.6986760 -0.4811941 0.0440475 0.2477334 -0.5224171 0.0000000 -0.2619256 -0.1982287 0.1793589 0.1367994 -0.1231160 0.1601816 0.8787744 -0.5484547 0.6595172 0.5795531 -0.1427222 0.3680423 0.3488874 0.2215085 -0.2115031 -0.4926389 -0.2355375 0.8012787 0.7587105 -0.2597842 -0.4467369 0.2526550 -0.4471563 0.5615566 0.5833240 -0.0137024 -0.0194493 0.7139240 -0.3192694 0.1205301 -0.0964684 -0.5291947 0.2518160 0.0336460 0.6867002 -0.3124206 0.2503286 0.0339696 -0.0092777 -0.5345431 -0.1958697 0.5655364 0.4029998 0.4304925 -0.1863756 -0.2847291 0.1618226 -0.3106500 -0.1885902 0.7271267 -0.2293714 -0.3478758 0.5266540 -0.0215612 0.1726086 0.6346991 -0.0013110 0.6437531 -0.1034240 0.2152021 0.3389349 0.4763995 0.1404032 0.0252375 0.5377340 -0.0106560 -0.3146160 0.0906180 0.5472659 -0.0211357 0.0146670 -0.2076198 -0.0864869 0.4589471 -0.1361611 -0.4845820 -0.3609430 -0.2088396 -0.2884492 0.1082344 -0.3462996 -0.4996919 -0.6358779 0.2549680 0.0126160 -0.4602557 -0.3538126 -0.5194819 -0.1111533 -0.2281244 -0.5725631 -0.1339715 -0.4048797 -0.2981857 -0.2220877 -0.2661708 -0.1897307 -0.2300024 -0.1830892 -0.3684264 -0.4460149 -0.1618442 -0.3857085 -0.2474484 -0.1504357 -0.2944272 -0.1261335 -0.3292907 -0.2774967 0.1034052 -0.1736722 -0.1767953 -0.0688527 -0.3916456 -0.0571896 -0.1037196 -0.4979951 -0.3063471 0.1035023 -0.3958091 -0.4569159 0.4376682 -0.2238737 -0.4847023 -0.0884697 -0.2294044 -0.1094879 -0.0917768 -0.1497315 0.3758050 0.0287851 -0.2714111 -0.0899023 -0.1909057 -0.2877512 0.2593679 0.1405500 0.1736085 0.2251680 -0.0566347 0.1187738 -0.1897951 0.2730019 0.3494494 -0.1946037 0.4568420 0.0527909 -0.2593243 0.1111064 0.3744537 0.3014178 -0.1342073 0.3391886 0.1236488 0.2856143 0.2684106 0.1414238 0.0267144 0.1075471 -0.2709258 -0.2323319 -0.4852720 -0.5288690 -0.5328135 -0.4519720 -0.4509473 0.1032743 -0.0574200 0.2257364 0.0055763 0.1938756 0.2001497 0.2299554 0.5279717 0.5495945 0.1197939 -0.3765739 -0.0514188 -0.5248041 -0.4406023 0.0537179 -0.0754279 0.1065508 0.0688799 -0.4115956 -0.4424444 -0.0179124 -0.4100529 -0.3018261 -0.2867223 -0.1808481 0.4079701 0.5384289 -0.0277621 0.4132805 -0.1175727 -0.3886165 -0.2697614 -0.4982178 0.4715624 -0.0478934 -0.0684479 0.7461237 -0.1454113 -0.0339625
-0.0997178 0.4871986 -0.2165556 0.2066259 0.1202125 0.5429145 0.5738188 -0.0730095 0.7601227 0.5392107 0.1970447 0.5820423 -0.2619256 0.0000000 0.6901326 0.1357864 0.2609215 0.8182860 0.1273528 -0.1374327 0.5274813 0.0597748 0.2181169 0.7926721 -0.0478473 -0.1464064 0.4728462 0.8018910 0.6471979 0.8033001 0.0702212 -0.1918649 0.7465733 0.7392580 0.3396667 0.5161124 -0.0747590 0.0479752 0.6378582 0.6512219 0.0882453 0.4285594 0.4636787 0.7545173 0.6853361 0.0730314 0.2898507 0.1440843 0.7540370 0.0890372 0.3387555 0.5784517 0.7433718 0.7266816 0.1510086 0.1593936 0.0617309 0.6285625 0.1142165 0.2892408 0.2477207 0.3776154 -0.0912536 0.7781604 0.6984360 0.0662973 0.1685110 0.4019021 -0.0285807 0.5855578 -0.1280475 0.7590311 0.1643628 0.4451726 0.0538992 0.6264965 0.6255059 -0.0026188 0.5728375 0.6786164 0.4398648 -0.0879231 -0.2146227 -0.2829498 -0.1065463 -0.0613144 -0.4327862 -0.2274093 0.2246064 -0.0176944 -0.0582605 -0.0789785 -0.4012288 -0.0460179 0.3592881 0.2770514 -0.3423333 -0.2257160 0.0561120 -0.0116268 0.1796209 -0.1558893 -0.1887265 0.3787219 0.0120600 0.2715643 -0.0180577 -0.4006350 -0.1974880 -0.3174793 -0.1176945 -0.2623059 -0.0869405 -0.1544395 -0.0930635 0.0261213 -0.2310728 0.0256601 -0.0638123 -0.1497603 0.0281722 0.1659634 -0.3086117 0.0658358 0.0126098 -0.0844932 0.0864039 -0.1112079 0.0256293 0.2399134 0.1219881 -0.1207963 0.4215807 0.6632321 -0.1850329 0.0314716 0.5759519 0.2333146 0.2628441 0.2173851 -0.0333302 0.2873136 -0.3010931 0.1555069 0.3909270 0.0227041 0.3870389 0.3835326 -0.3529363 0.1790380 0.0799589 -0.0014312 0.3424533 -0.2253442 0.1133175 -0.1708780 -0.3148593 0.1817028 -0.3407994 0.2013076 0.1269045 0.0287460 -0.1680688 -0.1562541 -0.0071876 -0.2391318 -0.2202619 -0.3723909 -0.2988555 -0.2406161 -0.1578974 -0.3462697 0.1621748 0.1812347 0.6504757 0.6728865 0.4644211 0.3901890 0.5124561 0.2567069 0.3031601 0.1023629 0.2224283 0.0829097 0.0260072 0.4019663 -0.0301387 0.1823579 0.5788841 0.6389688 -0.0957663 0.6092978 0.4256373 -0.0841677 -0.0972600 0.0517216 -0.0126186 0.3570714 0.5825316 -0.0479972 0.2390825 0.1291780 0.2789472 0.3431543 0.2156663 0.1473183 0.1813572 -0.1255250 0.1128672 0.5018731 0.2871685 0.4679064 0.4069421 0.4179965 0.5760995 -0.0492845 0.1171125 0.1770595
-0.3135129 0.3721857 -0.0585812 0.2036569 0.1055570 0.5556059 0.7491130 -0.0157797 0.8203617 0.2515836 0.1256403 0.8325590 -0.1982287 0.6901326 0.0000000 0.1187522 0.0244802 0.9530979 0.1056017 -0.0266478 0.8377667 0.3441017 -0.0631054 0.8522969 -0.0456552 -0.2483748 0.2490749 0.7119501 0.8223013 0.6272868 0.1877865 -0.1605471 0.6925783 0.7895555 0.1356682 0.7343793 -0.1016174 0.1210576 0.3897682 0.5183057 0.1463035 0.5594734 0.2850448 0.5862603 0.8001873 0.0576034 0.2639345 0.1778946 0.6653409 0.2258954 0.3059609 0.4156534 0.7544016 0.5909539 0.2145613 0.1403874 0.1082337 0.3841608 0.0652330 0.3225463 0.3661928 0.3016091 -0.1741200 0.7012250 0.6406699 0.0895766 0.2377142 0.3847031 -0.0533513 0.4802009 -0.1843925 0.6502209 0.1575466 0.2688273 -0.1132475 0.4135059 0.3980361 -0.2139315 0.5938960 0.7104177 0.4744125 -0.2048235 -0.4459277 -0.3314079 -0.3782967 -0.0101109 -0.5587522 -0.3329933 0.2224345 -0.3359329 -0.2857364 -0.2351475 -0.4198740 -0.0061916 0.2617143 0.1675536 -0.5233176 -0.0076500 -0.0415620 0.1067141 0.0537105 -0.0765325 -0.4349279 0.0875486 -0.1872159 0.0846644 -0.0847777 -0.5364175 -0.3405081 -0.3653632 -0.4171399 -0.3292614 -0.1556242 0.1076083 0.1843452 0.0961956 -0.0946248 0.3595766 0.0865948 0.2606460 0.0157056 -0.0068172 -0.5869512 0.4667672 0.1168654 0.2428150 -0.0331713 -0.3911007 0.2487745 0.1337777 0.0339212 -0.4370219 0.0565471 0.4912046 -0.3078054 -0.3038159 0.3926261 0.4783610 0.0969774 0.6584464 -0.1504152 0.5885248 -0.4974846 0.4026601 0.3152401 -0.3154802 0.1374144 0.1765689 -0.4755508 0.2503289 0.3418377 0.2887739 0.1679139 -0.3828035 -0.0453285 0.0076698 -0.5461770 0.0885465 -0.5767347 0.3185225 -0.1077691 -0.0390054 -0.2984401 -0.1472899 -0.2988428 -0.2638024 -0.5239767 -0.4989621 -0.4842418 -0.3704557 -0.3929532 -0.4495435 0.0745743 0.1211526 0.6764248 0.8720662 0.8039577 0.5254352 0.8523152 0.1043272 0.1885302 -0.0079654 0.1130707 -0.0121498 -0.1871851 0.2091234 -0.3499357 0.0087864 0.3543025 0.6461779 0.3809258 0.7550288 0.6034697 0.2056296 0.3202202 0.4221002 0.5330856 0.4383176 0.7776515 0.3103701 0.2029818 0.1341453 0.2239287 0.5751560 0.3427416 0.1049866 0.5225998 -0.0611993 0.1076318 0.5776847 0.3130681 0.7593193 0.4442576 0.5911489 0.7000215 -0.1765777 0.0647169 0.1635874
0.0043628 0.2847742 -0.1559671 0.7133815 -0.1103800 0.1384634 -0.3293656 0.7395069 -0.0446878 0.6289319 0.9308466 -0.1885162 0.1793589 0.1357864 0.1187522 0.0000000 0.8158351 0.1471436 0.8034058 0.2531939 -0.1276048 0.3737683 0.7175680 -0.1135898 0.4942546 0.6698686 0.5448576 -0.1735598 -0.1820989 -0.1677192 0.3383506 0.0572869 -0.1054158 -0.2299548 0.6441714 0.3189358 0.4376025 0.5199441 0.3369932 0.0768138 -0.0437837 0.5575202 0.7194548 0.0313315 -0.2390966 0.6291089 0.6043189 0.1484293 -0.0776180 0.6321539 0.6546762 0.7538839 -0.1931179 0.2024746 0.4632697 0.5683578 0.5149377 -0.1715803 0.4880432 0.5564574 0.2849945 0.5808596 -0.0459008 0.0899255 -0.0959877 0.2258001 0.5255439 0.5475038 0.0567723 0.4468990 0.2222967 0.4438652 0.5433488 0.1569127 0.3098731 0.3068002 0.2646322 0.5206446 0.2697631 -0.1557617 0.0989215 0.6199369 0.3158767 0.5312298 0.2498137 0.3261078 0.4180009 -0.1612475 0.2607122 0.0861355 0.4466063 0.1906415 0.3199333 0.0135291 0.3181745 0.0228095 0.0255654 0.3845171 0.4799506 0.2386824 0.3737558 0.4535355 0.4024918 -0.1058575 0.2701443 0.1761945 0.3490744 0.4361766 0.2808970 0.2615772 0.3879071 0.3472406 0.5708136 0.2887618 0.3412817 0.4717220 0.1522032 0.0408231 0.1951125 0.0246658 -0.0404260 0.0393982 -0.1707060 0.2638264 0.2772955 0.0333635 0.4839222 -0.1492046 0.0467251 0.5242449 0.1758563 0.0062338 0.3519995 0.3436239 -0.0743222 0.0102041 0.3033438 -0.0881447 -0.0311901 -0.1108029 -0.2637184 -0.0178260 -0.0618204 0.2201864 0.1315713 -0.0312450 -0.1255290 -0.0139153 -0.1861519 0.4067499 0.2443023 -0.0666439 -0.2342061 -0.3298254 -0.0872602 0.0849052 -0.0421609 -0.0235728 -0.0981082 -0.0244368 0.1417684 0.1314780 0.2255404 -0.2615466 0.0356143 0.0284723 -0.2396413 -0.1462361 -0.2096182 -0.0385643 -0.0664304 -0.0886348 -0.0285212 0.3314384 0.1095983 -0.0743117 -0.2253952 -0.3746765 -0.0783806 0.2463136 0.1530187 0.7434226 0.7823063 0.8083611 0.6844890 0.1648017 0.3436539 -0.1339654 0.1523515 0.0376232 0.0976657 -0.1247191 -0.1417751 0.1284342 -0.0277907 -0.0372134 -0.2731939 -0.2715794 -0.1535286 -0.1521590 0.1392846 -0.0214499 0.1445956 0.0527537 0.1046177 -0.1317417 -0.1238314 -0.5795329 0.5778909 0.1347579 0.2023464 0.0449666 0.2111504 -0.3198624 -0.1805132 0.2083754 0.5043778 0.2337331
0.0987553 0.1839711 -0.1676627 0.5291915 -0.1785036 0.1329935 -0.3655378 0.5573942 -0.0227345 0.7378702 0.8500066 -0.2458631 0.1367994 0.2609215 0.0244802 0.8158351 0.0000000 0.1261051 0.7170639 0.1850712 -0.2895709 0.1064997 0.7018822 -0.1050770 0.4750814 0.6058598 0.6673088 -0.1441626 -0.2433790 -0.1507590 0.1684740 0.1022845 -0.0808863 -0.1407295 0.6210332 0.2114600 0.3718301 0.4523040 0.3690256 0.1752193 -0.1030452 0.5049684 0.6436185 -0.0058067 -0.1426102 0.5445208 0.4743341 0.0760787 -0.1376188 0.4865413 0.5145862 0.6984722 -0.1827860 0.3352344 0.3236686 0.4893250 0.3758301 -0.0033853 0.5774941 0.5310408 0.3167746 0.7268954 -0.0373439 0.1083630 -0.1441235 0.2137232 0.5159743 0.6068226 0.1520480 0.4993689 0.2095085 0.5320073 0.4483182 0.1085385 0.3408191 0.2423841 0.2182114 0.4527138 0.0526661 -0.2074821 -0.0336646 0.4219924 0.1139127 0.2057559 0.0335303 0.0789888 0.1616038 -0.1836845 0.0771229 0.0658105 0.3117654 0.2115799 0.2524508 0.0288462 0.1968140 0.0561567 0.1231368 0.2689271 0.4639827 0.1747093 0.2876826 0.3891803 0.3327345 -0.0133097 0.2459284 0.2166398 0.1697354 0.2655877 0.3189598 0.0382439 0.4338218 0.2648582 0.4008207 -0.0001396 0.0485612 0.2427914 -0.0703262 -0.0706191 -0.0322589 -0.1026853 -0.2014355 -0.0489560 -0.0792098 0.0518441 0.1997789 -0.0120854 0.2316414 -0.0169644 -0.0021002 0.3542021 0.0762599 0.1134534 0.4070190 0.2042046 -0.0142464 0.0866324 0.2284853 -0.2257288 0.0077077 -0.1806864 -0.1380306 -0.0205681 0.0252827 0.0237038 0.0773356 0.0486720 0.0027786 0.0923809 -0.0494368 0.4658524 0.2113915 -0.1365366 -0.1442310 -0.1689166 -0.0328510 0.0525980 0.0386709 0.0305830 -0.0123713 -0.1164723 0.1871765 0.1529718 0.1897759 -0.2577619 0.1471562 0.0166358 -0.1294319 -0.0566045 -0.1393923 0.0114719 0.0212703 -0.0115877 -0.0204780 0.2135261 0.0643901 -0.1741708 -0.2864489 -0.3507662 -0.2453512 0.1549121 0.2379144 0.6152792 0.7264589 0.7420048 0.7332758 0.1267098 0.4096520 -0.1684606 0.1146939 -0.0398093 -0.0481723 -0.1795372 -0.1828468 -0.0805288 -0.1372445 -0.2965929 -0.3725508 -0.4067043 -0.2463051 -0.1752813 -0.0314643 -0.0526412 0.1717077 -0.0385003 0.0994792 -0.2552200 -0.1139977 -0.6558588 0.4631872 0.0771046 0.3192059 -0.1423300 0.1973606 -0.3545593 -0.3640775 0.1419678 0.5426744 0.2954107
