0.0000000 0.2986887 0.4596409 -0.0208484 0.3863169 0.1676478 0.1377669 0.4136242 0.0758157 -0.2664618 -0.1315825 -0.0249012 0.4167200 -0.5492766 -0.3555104 0.1025376 -0.4370872 -0.2389111 0.0003952 0.5486880 -0.1263024 0.6002662 -0.1327930 -0.5331579 0.0867991 -0.0326522 -0.1758819 -0.5178068 -0.4667000 -0.5074460 0.6502701 0.3253536 -0.5476138 -0.6308029 -0.0479574 -0.1826205 0.2361696 0.1979734 -0.4513080 -0.4287916 0.3763484 -0.1984578 -0.3186189 -0.4493133 -0.3145233 0.3110493 0.2327028 0.5490581 -0.6157485 0.3305210 0.0540463 -0.4593863 -0.4318230 -0.3242567 0.4384945 0.3173714 0.3338795 -0.4814483 0.2195036 0.0782728 -0.3272515 -0.2678103 0.5052775 -0.2263141 -0.1366843 0.3401627 -0.0909170 -0.4308729 0.3262076 -0.1438090 0.0361127 -0.0195806 -0.2136264 -0.0864849 -0.0707603 0.0189810 -0.1066428 -0.1156668 -0.3014502 0.1290080 -0.0988378 0.2978709 0.1805766 0.1800660 0.1823353 -0.1325352 0.1161764 0.3048842 0.1167593 -0.1565888 0.0967436 0.1338447 -0.0502243 -0.1038146 0.0544807 -0.1997128 -0.3083616 -0.0965787 -0.1744544 0.5698712 -0.2248222 0.1814196 -0.2531063 0.2105543 -0.3071867 -0.4035671 0.0515880 -0.2325906 -0.2111181 -0.2266088 -0.3321347 -0.1940008 0.0093818 -0.0785262 -0.2246803 0.3155575 0.0353061 -0.1278302 0.0762150 -0.1112457 -0.0828602 0.0211603 -0.3234252 0.3370644 -0.0749268 -0.1601079 -0.1640351 -0.1836816 -0.2905788 -0.0124442 -0.2093353 -0.2548681 -0.2751239 0.4199668 -0.2701666 -0.0747669 -0.1019159 -0.2181755 -0.0915658 -0.1529610 -0.2961088 -0.1807347 -0.3883392 0.1376368 0.1575454 -0.2793021 -0.1180108 -0.0716379 -0.4621977 -0.3054941 -0.2854809 0.1577395 -0.2891200 -0.4250278 -0.3168876 -0.3404731 -0.3103919 -0.1932901 -0.4829098 -0.2450910 -0.3857549 -0.3076121 -0.2390040 -0.2737433 -0.3699630 -0.2001368 -0.3213164 -0.3881204 -0.4083394 -0.2219071 -0.3334424 -0.4938269 0.4455343 0.5533970 0.0987001 0.0379997 -0.1509950 -0.1731210 -0.2096953 -0.3429032 0.4312079 0.7426990 0.0865029 0.4611966 0.3370951 -0.4641423 0.1022413 -0.2943679 -0.0403380 -0.0234513 -0.1949128 -0.0869097 0.1326043 -0.1981686 -0.1103329 -0.3105090 -0.3318168 -0.1501290 0.2134192 -0.2745533 0.2116215 0.1630948 0.2100932 0.3017472 0.4088579 -0.0134613 -0.2989589 0.5923581 0.0483860 0.0766145 0.2413176 0.0741185 0.2719232 -0.4544037 -0.5359925 0.0534801 0.4555663 0.1623715
0.2986887 0.0000000 0.2735607 0.7718472 -0.1592116 0.6975559 0.5838229 0.3509292 0.5407899 0.3899616 0.5299000 0.5462879 0.1846794 0.1378094 0.3654933 0.3538931 0.3491183 0.0859694 0.1002321 -0.1035426 0.2247328 0.0676591 0.1027018 0.0974088 0.0970516 0.0934104 0.2124442 0.0027392 0.3732538 0.0846750 0.1665177 0.1436241 0.0312294 0.1626545 0.1420680 0.0917604 0.1209149 0.2515325 0.1740723 0.1969255 0.2929675 0.4210861 0.2180338 0.0936020 0.4157647 0.1506281 0.1821996 0.3965111 0.1304355 -0.0332605 0.0788016 0.1948017 0.3754063 0.1197772 0.0929920 0.0279783 0.1579450 0.2776236 0.5528550 0.0467543 0.3347331 0.0946960 0.0334118 0.3230392 0.5307916 0.1346604 -0.0291453 0.3585067 0.1351553 0.2198402 0.0226218 0.0321002 0.1541126 0.1759178 0.1537491 0.1533144 0.1034379 0.1291348 0.2503199 0.1695535 -0.0410657 0.3952870 0.5970715 0.3194071 0.5047314 0.6082719 0.5574069 0.5505093 0.6485238 0.5768966 0.4552002 0.4736380 0.6607291 0.3669934 0.5625608 0.3175857 0.4118139 0.5518580 0.2799918 0.4668904 0.5521872 0.6570636 0.4485854 0.3607884 0.2732771 0.2450028 0.4921374 0.3985068 0.3824398 0.3800106 0.4257254 0.4697726 0.4236689 0.4527215 0.3151593 0.4363603 0.4895539 0.1619288 0.3885293 0.5032213 0.5151629 0.5316733 0.4248496 0.5350975 0.6258104 0.2101893 0.4975288 0.4029644 0.4012345 0.5715879 0.5653960 0.2246900 0.4538835 0.1787431 0.2156232 0.3768512 0.5522208 0.3682926 0.6000407 0.1491598 0.1351186 0.2476909 0.1363903 0.0812083 0.6183995 0.0952960 0.4894678 0.5024556 0.1455271 0.2038510 0.2178167 0.3104317 0.2697819 0.1205450 0.1571998 0.2143212 0.3048333 0.3769194 0.2454123 0.0458798 0.1372869 0.2786069 0.1629042 0.1448428 0.2132549 0.1236878 0.1404704 0.2415310 0.5298702 0.3847267 0.2267534 0.2008575 0.0691129 0.4008373 0.6794314 0.4995689 0.1858003 0.2016899 -0.0632864 -0.0430069 0.5644367 0.5622906 0.4421689 0.5462734 0.4473251 0.2297904 0.3611890 0.1701384 0.0392628 -0.2831919 0.1973835 -0.0720349 0.3491690 -0.0226859 0.2028959 0.0768721 0.1139769 0.3780804 0.3349934 0.1919035 0.1015180 0.5240380 0.4808265 0.2740478 0.1907432 0.0971818 0.2318664 0.1246020 -0.1413428 0.1556677 0.2491026 -0.1278771 0.0220605 0.2444058 -0.1371452 0.0536608 0.3889143 0.4591028
0.4596409 0.2735607 0.0000000 0.3690236 0.7342324 0.4071439 0.0755553 0.5655386 0.0391188 0.0623925 0.3015279 0.0745679 0.8209509 -0.4835638 -0.3332914 0.4084943 -0.3112673 -0.2724146 0.2150844 0.4991734 -0.0239215 0.5507584 0.1475222 -0.4985137 0.3513614 0.1977316 -0.2001214 -0.5209768 -0.1265112 -0.4813745 0.7515283 0.4976281 -0.5117264 -0.4178272 0.2365685 -0.1995311 0.3872947 0.4796417 -0.2294719 -0.2723062 0.5743426 -0.2657027 -0.0124051 -0.4478886 -0.2490587 0.4282937 0.4187030 0.5937403 -0.3441847 0.4481582 0.3477057 -0.1646735 0.0437712 -0.1125988 0.3368412 0.3230816 0.4249515 -0.0453729 0.4511906 0.3730557 0.2292530 -0.0890563 0.4326548 0.4281400 0.2035248 0.4503520 0.1642623 -0.1979602 0.2895842 0.4349166 0.2072767 0.1499767 0.0826345 0.2050809 0.3198955 0.4457968 0.5180769 0.2937848 0.3554301 0.7025301 0.1343516 0.5803048 0.2600824 0.4179466 0.3425101 0.0235046 0.1422636 -0.1059961 0.2680656 -0.0695463 0.1320714 0.2775382 0.0884656 -0.3185755 -0.0068595 -0.0744605 0.1281066 0.0391026 -0.1547059 0.7946454 -0.0293188 0.2458811 0.0717889 0.5306541 0.0458734 -0.3177469 0.3542959 -0.0999533 -0.0622271 -0.1109084 -0.1896826 0.0444236 -0.0924013 0.1990326 -0.1763815 0.0380018 0.0466164 0.0958426 -0.0041030 -0.1539693 -0.0243414 0.0447638 -0.2510405 0.6814973 0.0459280 0.0444097 -0.0091361 -0.0076166 0.0465549 0.4486230 -0.0189077 -0.0301558 -0.0848065 0.9012564 -0.0055601 -0.0839532 -0.1066918 0.0553011 0.0023898 -0.1686747 -0.1198779 -0.0608379 0.0071790 0.0315813 0.1272306 -0.2925731 0.0572611 -0.0215624 -0.1364821 -0.0820658 -0.0715806 0.0627586 -0.0934534 -0.1933506 -0.1272900 -0.3730400 0.3077922 -0.2095697 -0.1029971 -0.0599149 -0.1558702 -0.1647369 -0.2603107 0.1182205 -0.1306796 -0.2963326 -0.1362808 -0.0701311 0.0953354 0.0162240 -0.1132670 -0.1315903 -0.0298613 0.1042207 0.0466946 0.1223366 -0.2674301 -0.3507781 -0.2071017 -0.4014714 0.2165208 0.5030556 -0.0639341 0.2950009 0.7561321 -0.1616890 0.5803210 0.0835798 0.3775418 -0.1259260 -0.3474067 0.2852656 0.5611806 -0.4614942 -0.1360236 -0.3231972 -0.3169116 0.4388136 0.0593175 -0.0130248 0.3899092 0.0357455 0.2332226 -0.1692897 0.1106709 -0.0093057 -0.2563674 0.2542402 0.3004264 -0.1347281 0.2059714 -0.1667037 0.2559167 -0.2052503 -0.3947252 0.2249333 0.4621076 0.2873590
-0.0208484 0.7718472 0.3690236 0.0000000 0.0161768 0.7842537 0.1695931 0.4663850 0.5099071 0.4536604 0.8238666 0.3078885 0.2976114 0.2006029 0.3235472 0.5920312 0.4095251 0.1379077 0.2173377 -0.0601006 0.0038612 0.1529942 0.3331284 0.1579282 0.2861986 0.1916679 0.2886351 0.1485179 0.4587585 0.2239147 0.2439507 0.3171064 0.2037052 0.3333534 0.3043681 -0.0521998 0.2199820 0.4308513 0.4110919 0.4136171 0.4453053 0.3002946 0.3992730 0.3056117 0.3974443 0.2995217 0.3155358 0.4056042 0.3531669 0.1760701 0.2211747 0.3546950 0.5087936 0.2346362 0.0321783 0.2184487 0.2360464 0.4405368 0.4597663 0.2529947 0.5079012 0.0882847 0.0005203 0.3518658 0.4358914 0.1578953 0.1072270 0.3590360 0.2321807 0.2262656 0.0922186 -0.0463790 0.2140058 0.0693467 0.3988023 0.2306107 0.2718210 0.3224041 0.4007160 0.2083235 -0.0461558 0.3637100 0.4959672 0.2910574 0.5415387 0.4626604 0.4083686 0.2547147 0.4403566 0.4313802 0.4532607 0.4961867 0.6142725 0.0040937 0.3176747 0.2592931 0.4785520 0.5779733 0.1482228 0.2465562 0.3894997 0.5959352 0.5145424 0.2461448 0.3933923 0.2106263 0.5635745 0.3194920 0.3100807 0.3786262 0.3046109 0.4957567 0.2106522 0.4562753 0.2012445 0.0512377 0.3266530 0.0923603 0.1331771 0.2865468 0.3139413 0.3435780 0.3966003 0.4440654 0.4340532 0.1942125 0.4953555 0.3337994 0.4795478 0.6880539 0.5173172 0.1850564 0.4472224 0.3728436 0.2165458 0.2245227 0.4312474 0.4363591 0.5345136 0.0307598 0.1476049 0.2044611 0.2508439 -0.0458939 0.4120777 0.0547836 0.5211613 0.4911958 0.2010680 0.2309333 0.1734477 0.1637208 0.2931747 0.1460225 0.2284383 0.2858648 0.3251536 0.2916556 0.2860905 -0.0272056 0.2474079 0.1643178 0.1716525 0.0544560 0.2719146 0.1177483 0.1558985 0.2496698 0.6027107 0.2593144 0.2491926 0.2418532 -0.0368892 -0.0512981 0.2322814 0.0859147 -0.1657730 -0.1396769 -0.2174265 -0.1051710 0.2592558 0.3518591 0.2865973 0.3559067 0.4209778 0.1713884 0.2815961 0.0675098 0.2710746 -0.1151582 0.0588226 -0.0528551 0.2631940 -0.2082497 0.0789769 -0.0196289 -0.0361415 0.4273081 0.0430561 0.2509962 0.1566234 0.4849854 0.5235936 -0.0049754 -0.2220369 -0.0236636 0.2089484 -0.0373584 0.0425224 0.1659739 0.3268076 -0.1598508 -0.1213523 0.0692413 -0.0567750 0.1634016 0.4104657 0.4829260
0.3863169 -0.1592116 0.7342324 0.0161768 0.0000000 -0.0348612 -0.1897586 0.5324923 -0.1831693 -0.2406171 -0.0751829 -0.2311571 0.8536249 -0.5959390 -0.5852951 0.3965585 -0.4926444 -0.4472878 0.3228169 0.6531288 -0.0690068 0.5630209 0.4283064 -0.5897169 0.4826259 0.4342587 -0.1761819 -0.5610069 -0.4059291 -0.5036340 0.8186483 0.6966673 -0.4787341 -0.5634746 0.4736386 -0.1922391 0.6174363 0.5728255 -0.2383342 -0.4102325 0.5703226 -0.4596331 0.1270998 -0.4001604 -0.4597756 0.6384829 0.6372261 0.5911735 -0.4114581 0.8110696 0.6274558 -0.3453082 -0.3025665 -0.2767996 0.5687132 0.6257852 0.6514561 -0.2702950 0.2478296 0.6236776 0.0531037 -0.2082614 0.6618462 0.1163325 0.0957477 0.7540266 0.3891022 -0.4282231 0.4587035 0.1912515 0.4135867 0.1350815 0.0988241 0.1944869 0.3082847 0.4104157 0.3300634 0.1776299 0.1802697 0.6821943 0.2960446 0.2644496 0.1219082 0.3270543 0.2008402 -0.1803854 -0.0537029 -0.4455872 0.0394029 -0.3426876 -0.0141700 0.1964428 -0.0681493 -0.6866289 -0.3128505 -0.1691252 -0.0901838 -0.0790460 -0.2125355 0.3689890 -0.3383568 0.1062968 -0.1543230 0.2291114 -0.1350111 -0.4109158 0.1621335 -0.2365144 -0.2566444 -0.1009492 -0.4190094 -0.1497826 -0.1503725 0.1023620 -0.1949892 -0.0342022 -0.0662194 0.1306851 -0.0693918 -0.3261155 -0.2394135 -0.1417500 -0.3635152 0.4633328 -0.1918275 -0.0298279 -0.2914926 -0.2008193 -0.0350705 0.1335332 -0.2944815 -0.2910516 -0.3636946 0.7074519 -0.2484838 -0.2815338 -0.3518271 -0.0495911 -0.2938558 -0.1967223 -0.3131306 -0.2392136 -0.1839526 0.1938168 -0.0819181 -0.4519558 -0.1731384 -0.2246503 -0.3587777 -0.2900547 -0.1943381 -0.0154299 -0.3174394 -0.3864181 -0.3195804 -0.3595246 0.0827140 -0.3779036 -0.2829565 -0.0053509 -0.3019875 -0.4058628 -0.4509723 0.0210084 -0.3181131 -0.3201057 -0.3481626 -0.3153525 -0.1658447 -0.2186125 -0.2988792 -0.2651709 -0.1615781 -0.1217036 -0.3435776 -0.1807956 -0.3665348 -0.5768840 -0.0586060 -0.3203058 -0.2653627 0.2176576 -0.2978039 0.0750394 0.6088382 -0.1341828 0.5219765 0.1561963 0.2509087 -0.0830344 -0.3854134 0.4314575 0.3359659 -0.2604988 -0.1356401 -0.2286646 -0.3484423 0.0433652 -0.0741022 -0.0934724 0.3150233 -0.0659712 0.3301062 -0.1286413 -0.0785650 -0.0381172 -0.3012101 0.4230554 0.2615380 -0.1684753 0.3842564 0.0292364 0.1810124 -0.3531596 -0.3914388 0.1650175 0.2459626 0.0917523
0.1676478 0.6975559 0.4071439 0.7842537 -0.0348612 0.0000000 0.2554042 0.2122850 0.6668526 0.4791779 0.6433455 0.3873476 0.1345573 0.2026222 0.5188008 0.2827246 0.4043006 0.3284675 -0.2394139 0.1334170 -0.0965071 0.2116321 0.1506642 0.2217996 -0.0339540 -0.1806185 0.4185081 0.1769007 0.3787833 0.2325514 0.2722162 0.0866610 0.2214159 0.2557035 -0.0093710 -0.1496579 -0.0073803 0.0833767 0.3498029 0.4228584 0.2460658 0.2655826 0.2530728 0.2733963 0.3052486 0.0506142 0.0299827 0.2801577 0.2952041 0.0103202 -0.0527285 0.4033888 0.4808635 0.2775123 -0.1538349 0.0208778 -0.0133865 0.4500740 0.4989010 -0.0136418 0.3296471 0.1042919 0.0771209 0.2459506 0.2743781 -0.0636436 -0.2161702 0.3020762 0.1319539 0.0960167 -0.2092541 -0.0573061 -0.0419730 -0.1666390 0.0979286 0.0063547 0.0981364 0.1760059 0.3274628 0.2060593 -0.0380750 0.3888943 0.4044002 0.3241525 0.4229523 0.2751056 0.3065713 0.3327975 0.3108966 0.2913179 0.4612125 0.5247431 0.3978906 0.0422803 0.3930941 0.1420554 0.3305160 0.1604966 0.0564010 0.4267451 0.2677753 0.2333305 0.3580854 0.2779697 0.1591661 0.0002210 0.2598355 0.1748716 0.0712166 0.1367854 0.1529498 0.1694483 0.0246488 0.1532929 -0.0109231 -0.1258294 0.2311045 0.1389055 0.0197933 0.0772169 0.2590379 0.3158043 0.1327462 0.4454559 0.3144624 0.0861857 0.4410998 0.0468485 0.3060988 0.5659029 0.4466470 -0.0079695 0.3821213 0.5228969 0.0970594 0.0771470 0.3592800 0.3402593 0.4757122 -0.0572087 -0.0096387 0.1165781 0.0970888 -0.1400690 0.3671241 -0.0144306 0.4051628 0.3542832 0.1549740 0.0486298 0.0476196 0.0642954 0.1478270 0.0687796 0.1606718 0.0855701 0.2515103 0.1741566 0.1050511 -0.0760598 0.1558415 0.0242454 0.1626597 0.0986394 0.1583385 0.0448344 0.2004848 0.2434841 0.3749457 0.1579379 0.2092416 0.0875402 -0.1205686 -0.0519336 0.3193286 0.0634517 -0.3123976 -0.2767332 -0.4292816 -0.3044529 0.4991574 0.6112431 0.3912816 0.5468932 0.4112516 -0.1184992 0.1471903 -0.2105783 0.1721032 -0.0010329 -0.1713638 -0.1391953 0.3406018 -0.4592577 -0.0787237 -0.2429819 -0.2205398 0.4231176 0.1285746 0.1420490 0.3843146 0.6198075 0.4199143 -0.0423670 0.0283923 0.0247102 0.0918993 0.0107087 0.3078284 0.3686467 0.3978240 -0.1923424 0.1638948 0.0295105 -0.0436710 0.3585717 0.5835210 0.3255159
0.1377669 0.5838229 0.0755553 0.1695931 -0.1897586 0.2554042 0.0000000 0.0161259 0.1166736 0.0053594 -0.0239121 0.8188890 -0.0593568 0.0181840 0.2580551 -0.0579643 0.0553351 -0.1129060 -0.0860231 -0.0710826 0.4466155 -0.1293717 -0.0133366 0.1084930 -0.1036625 0.0262962 0.1027179 -0.0732584 0.1471328 -0.0253477 -0.1447217 -0.1343630 -0.0102797 -0.0086018 0.0183502 0.2563048 0.0002569 -0.0808024 -0.1699152 -0.1563347 0.0471034 0.1799603 0.0505705 -0.1509524 -0.1302814 -0.1732736 -0.0135490 0.0551594 -0.0254918 -0.2212777 0.0558318 -0.0208824 0.0180881 -0.0940094 -0.1558771 -0.3764784 0.0028053 0.0548119 0.2567252 -0.0664712 0.0698145 0.1096146 -0.2068204 0.3125809 0.4211062 0.0276371 0.0145778 0.2888772 -0.1447862 0.1481492 0.0534411 0.3641443 0.3492864 0.4779138 0.0689456 0.1110389 0.1457177 0.2134644 0.3566583 0.2147332 0.2269671 0.1788940 0.4180846 0.2239616 0.1471606 0.6161155 0.4888951 0.4224874 0.5339581 0.4896360 0.3066263 0.3264785 0.5629153 0.4920703 0.5454925 0.2427945 0.3730165 0.3430933 0.4388608 0.2696270 0.5568038 0.3728691 0.5004705 0.3533585 0.1712091 0.1910596 0.1927582 0.6657385 0.2434617 0.3007748 0.3421053 0.2872678 0.6217121 0.4045836 0.3976431 0.6036922 0.4853800 0.3972055 0.5794762 0.5039084 0.5291073 0.5007676 0.1603907 0.5900824 0.6348204 0.2025537 0.4118655 0.2552228 0.3329477 0.4188169 0.5148769 0.1633048 0.4934354 -0.0374743 0.1853154 0.3221902 0.5202101 0.3399137 0.3842765 0.3548356 0.1166532 0.3813571 0.3548859 0.1233282 0.5579429 0.0855127 0.3083333 0.2499534 0.2090912 0.3094307 0.3224815 0.1453852 0.1650980 0.1533303 0.1158961 0.0756835 0.2929755 0.2615223 0.3269440 0.3062276 0.1506763 0.4543348 -0.0766681 0.4078168 0.2216256 0.0154965 0.1931457 0.2808197 0.3461756 0.5810745 0.3399851 0.2557840 -0.0554884 0.4830610 0.8810601 0.8161261 0.6043376 0.4705378 0.3228958 0.3403664 0.5813275 0.2364671 0.2085364 0.1905724 0.2935604 0.4085274 0.3778203 0.3990056 -0.0208603 -0.3106501 0.2525927 0.2287797 0.4149779 0.2580417 0.2628238 0.3229772 0.3475183 0.4944258 0.3423775 0.1485352 0.0766937 0.1337231 0.1579158 0.3020702 0.3685416 0.3296178 0.2591626 0.2361365 -0.1007092 -0.0371316 0.0098539 -0.1434105 0.2744209 0.6223147 0.1938232 0.0878755 0.2662972 0.4293643
0.4136242 0.3509292 0.5655386 0.4663850 0.5324923 0.2122850 0.0161259 0.0000000 -0.0894706 -0.0396765 0.4244568 -0.0602421 0.7458311 -0.5231328 -0.4141018 0.4572942 -0.4154836 -0.4932831 0.4783480 0.2984506 -0.1375799 0.5648005 0.0779557 -0.5364108 0.5035494 0.3767163 -0.3170985 -0.5545438 -0.2623080 -0.5153694 0.6168736 0.5518261 -0.4939843 -0.4650854 0.2574111 -0.2889750 0.4376729 0.6349668 -0.2753040 -0.3322847 0.6308435 -0.3712148 -0.1764832 -0.3953506 -0.2787726 0.5025183 0.5152164 0.5888677 -0.4422360 0.5091475 0.3231103 -0.3250766 -0.2546333 -0.2166800 0.5324385 0.4547554 0.5006208 -0.2942807 0.1627120 0.3113418 -0.1780895 -0.1173334 0.2499393 0.1921524 0.1375186 0.5440202 0.3450742 -0.1426583 0.4032954 0.2349963 0.4022325 0.1733374 0.1798014 0.0790628 0.4079500 0.1861404 0.3544692 0.2750047 -0.0847933 0.2781407 -0.1791305 0.0777809 0.3076679 0.0707078 0.1680492 0.2300462 0.3079323 0.0137074 0.3934309 0.0450556 0.1245040 0.1078454 0.1423562 -0.2513352 0.0673026 0.0805336 -0.0732418 0.4324062 -0.0964571 0.4364586 -0.0032004 0.5456744 0.1398174 0.2475474 -0.0461729 -0.0209710 0.4551986 0.0595794 0.0170843 0.1758941 -0.1374707 0.2251472 0.2329729 0.3241306 0.0556340 0.2950684 0.0854916 -0.1384251 0.0224113 0.0189298 -0.0396481 0.0374988 -0.0943001 0.3160316 0.0463120 -0.1524268 -0.1009240 0.0187070 -0.0821923 0.2469822 -0.0825665 -0.1777761 -0.1619421 0.3933398 -0.2432972 -0.1230036 -0.1179359 -0.1643336 -0.0774025 -0.3006868 -0.2445138 -0.2485284 -0.1783130 0.0020817 -0.0337713 -0.3432613 -0.0713587 -0.0371864 -0.4146740 -0.1520859 -0.2162408 -0.1553800 -0.2661834 -0.4006654 -0.2605485 -0.1219440 -0.0900480 -0.2168360 -0.3225050 -0.3120492 -0.2391347 -0.2657325 -0.3020173 -0.2962389 -0.2712486 -0.2502631 -0.4115749 -0.3849853 -0.0645175 -0.2108903 -0.3230263 -0.3235691 0.3724920 0.3845186 0.0512645 -0.0260350 -0.2296596 -0.3110921 -0.1933165 -0.4381249 0.0194750 0.3025196 -0.0993715 0.1474225 0.3371493 -0.2498410 0.1481193 -0.1232566 0.4026703 -0.0878948 -0.0005687 -0.1107309 -0.0942606 -0.1584166 -0.0677632 -0.1716729 -0.2169032 -0.1175533 -0.1068030 -0.1900203 -0.0979002 0.2415458 0.3724255 0.0158883 -0.2375050 -0.3125547 -0.2635043 0.3386344 -0.2542540 -0.1727047 0.1902639 -0.3582331 -0.0851419 -0.3102835 -0.4619955 -0.1912091 0.3894802 0.6028277
0.0758157 0.5407899 0.0391188 0.5099071 -0.1831693 0.6668526 0.1166736 -0.0894706 0.0000000 0.6014244 0.4235342 0.3047622 -0.0468700 0.4315080 0.6520966 0.3773256 0.6613706 0.5280495 0.0061514 -0.1866047 0.1545111 -0.0169163 0.2395221 0.3414914 0.0874119 0.0685246 0.6099137 0.4031613 0.5964102 0.4853914 -0.0479507 0.1591869 0.3731041 0.4534026 0.1771314 0.0977993 0.0830102 0.1179670 0.6268449 0.6609082 0.0523269 0.5222751 0.4241279 0.5659779 0.5391160 0.1336438 0.0548366 0.1400038 0.4357196 -0.0359889 -0.0077596 0.6628050 0.5013235 0.5458453 -0.0924971 0.0937293 0.0032339 0.5765730 0.3801403 0.0707019 0.3215914 0.5249104 -0.0811993 0.1533648 0.4034716 -0.0307835 0.0268577 0.5556488 0.0340557 0.1069942 -0.0455537 -0.1029238 0.1881196 -0.1315016 0.1218653 0.1073944 -0.3451678 -0.0011688 0.1724101 -0.1199854 -0.2840916 0.2785460 0.3810847 0.3189106 0.5789944 0.2434492 0.2838552 0.4501900 0.3832187 0.4034341 0.5663157 0.4998452 0.4060576 0.0751218 0.4039632 0.4269957 0.3161506 0.2309354 0.3748787 0.1355895 0.4067899 0.2931420 0.2078235 0.1930987 0.3479086 0.3766261 0.3554822 0.2118414 0.4127431 0.4591894 0.4629892 0.4638206 0.1045716 0.2864600 0.3308366 0.0816765 0.4198322 0.3252781 0.2565779 0.4115842 0.4961217 0.4869732 0.5667326 0.2830669 0.3169045 0.4305625 0.5957464 0.4409716 0.4317511 0.4120142 0.4732677 0.3935778 0.5100145 0.1696122 0.1876022 0.4409769 0.5053524 0.4098776 0.6244543 0.2654382 0.3172095 0.4102427 0.0661081 0.2557357 0.4108454 0.3874533 0.5674124 0.6486218 0.3109090 0.3919978 0.3542974 0.4947205 0.4861753 0.3271780 0.5503782 0.4912616 0.3667190 0.5474672 0.1999908 0.1837700 0.4576279 0.2983947 0.4949345 0.2219839 0.4599273 0.4936470 0.2983200 0.4196620 0.3857813 0.2540977 0.4102185 0.3615797 -0.2345076 -0.2175440 0.2249238 0.0243152 -0.0607410 0.1249471 -0.1126356 0.0333184 0.4366906 0.5029472 0.4525724 0.6092923 0.0573613 0.1757348 0.0465707 -0.0393798 -0.3148594 -0.1326432 0.1172881 -0.3654639 0.0657551 -0.2013633 0.2965399 0.0111264 0.1332600 0.1516901 -0.0131702 0.4380651 0.1421316 0.6289224 0.4626237 0.1555529 0.0170683 -0.1808848 0.2875297 -0.2030351 0.1054028 0.2928641 0.5060582 0.0543255 -0.1535204 0.1031516 0.1397758 0.1633083 0.2985419 0.0407623
-0.2664618 0.3899616 0.0623925 0.4536604 -0.2406171 0.4791779 0.0053594 -0.0396765 0.6014244 0.0000000 0.5646813 0.2773631 -0.0994834 0.5695869 0.5220609 0.0211029 0.7415471 0.3027531 -0.1246287 -0.3589479 0.3610678 -0.2266406 0.0658865 0.3370562 -0.0882826 -0.1181759 0.4010107 0.2843716 0.7411123 0.4412476 -0.1575778 -0.1309436 0.3382994 0.5038202 -0.0766800 0.2265606 -0.1861307 -0.0703936 0.7466188 0.7062054 -0.2005297 0.5819815 0.3756832 0.5053528 0.6841904 -0.2015861 -0.1672487 -0.1547879 0.5478061 -0.3129033 -0.0884967 0.8159868 0.7071953 0.8031089 -0.2375023 -0.2541830 -0.3206001 0.8678143 0.3995005 -0.1039123 0.3794442 0.5607194 -0.2859975 0.6017354 0.5322808 -0.2810674 0.0095689 0.7808290 -0.3389474 0.5976209 -0.1833068 -0.0184537 0.1488500 0.0207176 -0.0401282 0.2724246 0.0370287 0.0525642 0.3561165 0.0067357 -0.1453943 0.0798454 -0.0029004 0.1801361 0.2884658 0.1260320 -0.1196135 0.0941387 0.3701221 0.2684009 0.0494923 -0.0376270 0.1441859 0.1209908 0.2025877 0.2213608 0.2652150 0.1010087 0.1991014 0.2894014 0.4305581 0.0192624 0.1090217 0.1689473 0.1783243 0.3575617 0.2836846 0.0521343 0.3315159 0.1415530 0.4567608 0.3218873 0.0953500 0.2058126 0.2730238 0.0393304 0.2581845 0.2360906 0.2183777 0.4659345 0.4189363 0.3900960 0.3305365 0.1860616 0.2937936 0.4544938 0.3565689 0.3197886 0.3567051 0.2867453 0.3432775 0.2750230 0.3037430 0.1082282 0.0755102 0.2381542 0.2993555 0.1825772 0.3501549 0.3158196 0.2251204 0.3066826 -0.1628494 0.1775954 0.1375110 0.2162563 0.2620858 0.3888132 0.3263906 0.3054037 0.4547837 0.2217792 0.4150056 0.3503268 0.4261906 0.1544608 0.6308615 0.3633178 0.2035193 0.2847832 0.2970193 0.2883214 0.4038806 0.5214473 0.3109964 0.2948099 0.2874120 0.4611153 0.5227464 0.2410512 0.2846236 0.3479210 -0.0927707 -0.0789940 0.2938854 0.1846032 0.0414816 0.1933086 -0.0057285 -0.1271796 0.0336796 0.1817485 0.4506043 0.4355081 0.1537977 0.2347482 0.1974961 0.0623428 0.0775420 0.1984232 0.3273787 -0.1674390 0.1511774 -0.0690321 0.4094141 0.1437067 0.2628028 0.2071664 -0.0153332 0.4520631 -0.0407378 0.3286775 0.1629776 0.0435355 0.0298115 -0.0014608 0.1744871 -0.5596757 -0.0143550 0.1070417 0.1981965 0.0931953 -0.2230817 0.4319594 0.2121417 -0.0851557 -0.2342482 -0.1828655
-0.1315825 0.5299000 0.3015279 0.8238666 -0.0751829 0.6433455 -0.0239121 0.4244568 0.4235342 0.5646813 0.0000000 0.1485171 0.1623534 0.0857357 0.2172565 0.5660282 0.3528470 -0.0368613 0.1393658 -0.2690005 -0.1135324 0.0867261 0.2165929 0.0413439 0.2117704 0.1058533 0.0330209 0.0328802 0.3677758 0.0876341 0.0679446 0.2191645 0.1749332 0.2864292 0.1659313 -0.2718332 0.1550945 0.3576514 0.3579603 0.3604952 0.3494835 0.1145554 0.2941878 0.3478705 0.3323419 0.2190033 0.2141953 0.2954666 0.3369120 0.0360471 0.1435536 0.3456906 0.3943062 0.3438770 -0.0825751 0.1483934 0.1395846 0.5099053 0.1855750 0.1435385 0.3117754 0.1839049 -0.2109047 0.3802595 0.3255369 -0.0197144 0.0359380 0.4648504 0.1054207 0.2811178 -0.0114432 -0.1365784 0.2396291 -0.0707931 0.3023892 0.2756696 0.1946517 0.3555479 0.2530369 0.0518467 -0.1556811 0.0881222 0.2483070 -0.0075925 0.3236884 0.2179356 0.3092562 0.2363348 0.3240875 0.2967915 0.4104775 0.3341230 0.4863189 0.0007655 0.2826707 0.3317503 0.3986646 0.5529537 0.1320753 0.2038553 0.2519652 0.3998497 0.3243106 -0.0340390 0.3844935 0.3438323 0.4430547 0.1703040 0.2177602 0.3014828 0.2657587 0.4185933 0.2058794 0.4913532 0.3167442 -0.0252534 0.3426965 -0.0293797 0.0407640 0.1294740 0.2567893 0.3989685 0.3396439 0.2404157 0.1972892 -0.0196969 0.4683465 0.2791780 0.2221914 0.5973376 0.3665624 0.1912299 0.3773878 0.2629054 0.1925605 0.0551620 0.2316603 0.1396791 0.3579050 -0.1787140 0.1452938 0.0185791 0.1309707 -0.3059066 0.0878282 0.0741164 0.3408999 0.3616957 0.1816652 0.1623788 -0.0275633 -0.0720334 0.1975588 0.1873280 0.2310092 0.1194890 0.1650710 0.1920828 0.1374408 -0.2162385 0.2845712 0.0567517 0.0957975 -0.0705354 0.2219527 0.1071059 0.1773712 0.2445905 0.5232832 0.0661912 0.1759346 0.1787293 0.0464434 -0.1230412 0.0407358 -0.1048384 -0.2416713 -0.1146512 -0.2918330 -0.0904767 0.2215115 0.1388404 0.0635486 0.1054676 0.1684422 0.0599889 0.0512774 -0.0672130 0.2050444 0.0141763 0.0233111 -0.1668965 0.0721955 -0.2638872 -0.0607637 -0.1341248 -0.0896083 0.3788617 -0.0451853 0.0474093 0.2496382 0.5726170 0.2423876 -0.1742060 -0.2958807 -0.0665455 -0.0304693 -0.2894106 0.1362211 0.3229537 0.0798732 -0.2435495 -0.1889142 -0.0226587 -0.0523461 0.0233595 0.3380029 0.4771738
-0.0249012 0.5462879 0.0745679 0.3078885 -0.2311571 0.3873476 0.8188890 -0.0602421 0.3047622 0.2773631 0.1485171 0.0000000 -0.0989275 0.3657848 0.5276873 -0.0130655 0.3558817 0.1193779 -0.1697014 -0.2804939 0.6834610 -0.3160678 -0.0614020 0.4206629 -0.2783111 -0.1433466 0.2599581 0.2770282 0.4968685 0.3580904 -0.2769067 -0.2804116 0.3253976 0.3512375 -0.0807918 0.5733268 -0.2065606 -0.1886303 0.0731257 0.0889336 -0.1999468 0.4560294 0.1142647 0.1267318 0.0168212 -0.2776425 -0.1745371 -0.1212002 0.3418282 -0.3499035 -0.0620444 0.2062867 0.4254736 0.0074142 -0.2353826 -0.5175014 -0.2404941 0.3530357 0.2716917 -0.1843708 0.2608582 0.1333292 -0.4297423 0.5766661 0.6009415 -0.2233201 -0.1219616 0.3767211 -0.4836368 0.1384488 -0.2471539 0.5648783 0.2334855 0.6270535 -0.0889506 0.0473148 0.3412253 0.0398024 0.5623935 0.1661132 0.1223529 0.3556637 0.4931644 0.5563659 0.4366620 0.6649551 0.5159473 0.3252390 0.5983028 0.6020320 0.4929754 0.4131515 0.6206132 0.3075247 0.6802038 0.4043344 0.6180846 0.3284057 0.6035285 0.1673984 0.6961604 0.3386704 0.7214061 0.3777863 0.4339844 0.3811269 0.4580113 0.8071599 0.3754305 0.3953423 0.5577027 0.4194246 0.7360067 0.3439561 0.2982037 0.4783952 0.3503712 0.3601300 0.4809245 0.6377295 0.4863964 0.3819846 0.2809161 0.6639743 0.6405037 0.3880788 0.5007979 0.3674155 0.5010490 0.4575703 0.5895550 0.1342866 0.5896358 0.0593028 0.0299002 0.3935856 0.5147764 0.4203099 0.3763946 0.5918452 0.2859238 0.4806949 0.4291571 0.3346545 0.5098340 0.2849480 0.4039000 0.3614942 0.4705385 0.4845258 0.5844809 0.3041656 0.2862127 0.4464071 0.3870048 0.2812353 0.4613775 0.4460039 0.5051235 0.5913157 0.4152940 0.6169597 0.1918937 0.6238993 0.4413985 0.2196677 0.5430414 0.5890080 0.5397722 0.8005051 0.6204929 0.5120620 -0.0653850 0.2489135 0.7605682 0.6556085 0.6151727 0.4707198 0.5149741 0.4619528 0.4502173 0.1944717 0.2928977 0.1205531 0.2142240 0.4592510 0.2871430 0.2695108 0.2331281 -0.1540342 0.4673073 0.2293754 0.3841321 0.3702313 0.5135201 0.5573468 0.5682109 0.6047818 -0.0825659 0.4389630 0.0908764 0.1892890 0.3904225 0.5131592 0.2336772 0.0913656 0.4912797 0.0269025 0.1478196 -0.1791849 0.3311733 0.0205909 -0.0207683 0.7478014 0.6035036 0.0344706 0.2812012 0.3088264
0.4167200 0.1846794 0.8209509 0.2976114 0.8536249 0.1345573 -0.0593568 0.7458311 -0.0468700 -0.0994834 0.1623534 -0.0989275 0.0000000 -0.5676971 -0.4806190 0.5575480 -0.3886823 -0.4281812 0.5751192 0.4900850 0.0485848 0.5865835 0.2607827 -0.6227166 0.6292098 0.5606217 -0.2399999 -0.6175651 -0.2697583 -0.5642429 0.8091690 0.7418332 -0.6256017 -0.5454180 0.4927190 -0.0917290 0.6501988 0.7544897 -0.2889607 -0.4134639 0.6306971 -0.2925574 -0.0353915 -0.5301544 -0.2350370 0.7116967 0.6972576 0.7086734 -0.4969125 0.6597248 0.5524198 -0.3192607 -0.1304554 -0.2543113 0.7357328 0.6328407 0.6747038 -0.2862827 0.3994234 0.5559595 0.1546457 -0.0663264 0.5663270 0.3379222 0.3279883 0.7644475 0.4659733 -0.3148005 0.4337147 0.3738533 0.4827757 0.2958859 0.1830002 0.3129332 0.3914864 0.3575465 0.4165559 0.1438275 0.1197650 0.6624522 0.0851163 0.4869798 0.3902731 0.4033154 0.3729137 0.1205274 0.2609811 -0.2757186 0.3478094 -0.0402168 0.1586215 0.2435248 0.0897629 -0.4742738 -0.0503263 0.0250049 0.0156079 0.2051245 -0.0755986 0.5491117 -0.0687673 0.3994215 0.0456509 0.3941955 0.0292570 -0.2307524 0.4078459 -0.0730909 -0.0044501 0.1001606 -0.1704330 0.1349065 -0.0317722 0.2149032 -0.1430777 0.1028121 -0.0525929 -0.0418627 -0.1149670 -0.1043020 -0.1547178 -0.0703982 -0.1159237 0.4976209 -0.0711909 0.0321095 -0.1907384 0.0489299 0.0228468 0.2298170 -0.1971146 -0.0955289 -0.2578299 0.6781725 -0.2085074 -0.0931124 -0.2542845 -0.0599746 -0.1341790 -0.1689220 -0.1972109 -0.2096497 -0.1210122 0.2611219 -0.0257468 -0.3086791 -0.0748523 -0.0884674 -0.3427428 -0.1315262 -0.0802133 0.1347281 -0.1929775 -0.3215971 -0.2110105 -0.1424906 0.1865030 -0.2182800 -0.2371363 -0.0097139 -0.1913743 -0.2059619 -0.2767536 -0.0099989 -0.2003264 -0.2149089 -0.2947403 -0.2764470 -0.0031950 -0.0356810 -0.2261231 -0.1659566 -0.0377064 0.0826848 -0.0745726 0.0628546 -0.1691211 -0.3615979 0.0004715 -0.4066907 -0.0997752 0.3737330 -0.1270969 0.1815264 0.6208907 -0.0291208 0.5203420 0.2221084 0.2979702 -0.3388775 -0.1418079 0.1907451 0.2395401 -0.1574834 0.0143907 -0.1161322 -0.1536027 0.0759766 -0.0158925 0.0140869 0.1129361 0.0417314 0.4686679 -0.0227015 -0.0605578 -0.2011229 -0.2349113 0.3855998 -0.0052018 -0.3330670 0.3723916 -0.1136740 0.0382052 -0.2519268 -0.4148099 0.0105814 0.3633516 0.3446235
-0.5492766 0.1378094 -0.4835638 0.2006029 -0.5959390 0.2026222 0.0181840 -0.5231328 0.4315080 0.5695869 0.0857357 0.3657848 -0.5676971 0.0000000 0.8210177 -0.2202818 0.8601126 0.7837342 -0.2573817 -0.5249688 0.3786504 -0.5752282 0.0115864 0.9245231 -0.3766928 -0.2866952 0.6620064 0.9018210 0.8426614 0.9438713 -0.5925322 -0.4867398 0.8089518 0.9065973 -0.1410034 0.5678964 -0.5082185 -0.4310316 0.7265892 0.7542996 -0.5423805 0.7594417 0.3678803 0.6908622 0.6348406 -0.4772781 -0.4962792 -0.5287903 0.8373116 -0.4788441 -0.3243263 0.7310397 0.7852657 0.4682341 -0.4688103 -0.5071767 -0.6081622 0.6924191 0.1453810 -0.2992109 0.3922849 0.2836863 -0.5187192 0.1938997 0.2509269 -0.5643774 -0.2074523 0.4982520 -0.5453117 -0.0080789 -0.4032066 0.0068954 -0.0992350 0.0477905 -0.2535453 -0.1849395 -0.0511205 -0.2414599 0.3150140 -0.3367557 -0.1479819 0.0573843 0.0545825 0.2741335 0.2681723 0.3007266 -0.0771983 0.1848465 0.1202207 0.4351813 0.0965461 0.0470208 0.1713591 0.3358330 0.3042730 0.2910486 0.4518961 -0.0009601 0.4008388 -0.3203686 0.5665457 -0.0748047 0.3872417 0.1356772 0.4030200 0.4539753 0.1869986 0.3539749 0.4822897 0.2633301 0.6456281 0.3378053 0.1200999 0.0067130 0.1585510 -0.0072431 0.1135355 0.2560160 0.2028820 0.5589017 0.4032625 0.1684895 0.4811207 -0.0970335 0.4524403 0.5764107 0.4457070 0.3828288 0.6064892 0.1335285 0.5489113 0.3227702 0.5183949 -0.3384566 0.2527887 0.5020412 0.5249822 0.5330925 0.4655859 0.5986346 0.5333073 0.5549510 0.2936449 0.2892005 0.3488721 0.5945316 0.4828518 0.5062547 0.7068681 0.5109639 0.6658695 0.4060146 0.6156476 0.6753494 0.6373322 0.5892077 0.4901632 0.6423809 0.6384524 0.5287164 0.5654614 0.5831530 0.7399261 0.5128833 0.6270824 0.5723904 0.6271418 0.6973549 0.5335598 0.5000249 0.6381817 0.6642241 -0.2533610 -0.3197152 0.1940120 0.0804320 0.2436034 0.3607027 0.2489792 0.3440017 -0.0768576 -0.2022500 0.4614138 0.1198954 -0.2344316 0.3698943 -0.1322613 0.0171136 0.0310859 0.2489098 0.4030028 -0.1112525 -0.0245771 0.2220145 0.4868944 0.4782781 0.4605677 0.0796404 -0.2620360 0.6552116 -0.2236422 -0.0003623 0.0583831 0.1699011 0.0498265 -0.0719225 0.6561905 -0.4477471 0.0534606 -0.1080447 0.1967996 0.2131507 -0.3188219 0.5236375 0.6367750 0.0291252 -0.3342302 -0.3859413
-0.3555104 0.3654933 -0.3332914 0.3235472 -0.5852951 0.5188008 0.2580551 -0.4141018 0.6520966 0.5220609 0.2172565 0.5276873 -0.4806190 0.8210177 0.0000000 -0.0760269 0.8220079 0.7488510 -0.3538527 -0.5151315 0.2966136 -0.5359682 -0.0607024 0.8472645 -0.4396917 -0.3264360 0.5750155 0.7834183 0.7871103 0.7912591 -0.5154938 -0.4616994 0.7488648 0.8027059 -0.1957622 0.3413320 -0.4555142 -0.4353368 0.5483915 0.6389750 -0.4750413 0.5574158 0.2489452 0.6362298 0.5120378 -0.4513432 -0.4842824 -0.4025124 0.7259292 -0.4694726 -0.4207995 0.6155208 0.6940887 0.3342503 -0.4969844 -0.4847740 -0.5404382 0.6081302 0.1080154 -0.4187524 0.1975981 0.2406459 -0.4829245 0.1830143 0.3024676 -0.5326834 -0.3884194 0.4717795 -0.4885381 -0.1484636 -0.5108826 -0.0046459 -0.1538032 -0.0875776 -0.3286077 -0.3748550 -0.2203322 -0.3045820 0.1701773 -0.3404791 -0.2945737 0.1877331 0.3746277 0.3326825 0.3863604 0.5107658 0.2941595 0.4294445 0.3658282 0.6362778 0.4704815 0.3293984 0.3721949 0.3774985 0.6019478 0.4924993 0.5388763 0.1544045 0.4527670 -0.1480242 0.6424012 0.1155986 0.5310967 0.1149243 0.4796426 0.5219921 0.2654828 0.4938622 0.5309912 0.4700899 0.6802008 0.4151117 0.2499923 0.0986463 0.2197656 0.0076393 0.2227595 0.2254648 0.1699183 0.4741968 0.4761336 0.3165507 0.5640208 0.0311589 0.4741989 0.4371055 0.5741425 0.4231256 0.5646532 0.2543039 0.6437747 0.3065032 0.6364914 -0.2370919 0.2507888 0.5088439 0.6200343 0.5412288 0.6454818 0.3762655 0.4884739 0.4425025 0.2995609 0.1201511 0.4590434 0.5944609 0.5880826 0.6009989 0.6633633 0.4132227 0.4817748 0.3410996 0.5483951 0.6474055 0.6287809 0.5983387 0.3713601 0.6911996 0.5410972 0.3247208 0.6075336 0.5179217 0.7119897 0.3552460 0.6313665 0.6067456 0.6829826 0.7220940 0.5522237 0.4797648 0.6777986 0.6362111 -0.3724169 -0.2526522 0.3861784 0.1420776 0.1548881 0.2741784 0.0463068 0.2137248 0.2531065 0.0055797 0.3197648 0.1618236 -0.2360570 0.2101440 -0.1976639 -0.1222839 -0.1704679 -0.0575799 0.2362193 -0.2872443 0.0145375 0.0079558 0.3284250 0.2872259 0.3210868 0.1610479 -0.2102611 0.5424969 -0.0646961 0.3529389 0.1842907 0.0759744 0.0447272 -0.2149966 0.6754848 -0.4209207 0.1281295 0.0565423 0.2710003 -0.1422578 -0.2993599 0.4318619 0.5660948 -0.0101292 0.1053166 -0.0666944
0.1025376 0.3538931 0.4084943 0.5920312 0.3965585 0.2827246 -0.0579643 0.4572942 0.3773256 0.0211029 0.5660282 -0.0130655 0.5575480 -0.2202818 -0.0760269 0.0000000 0.0996559 -0.1372611 0.6677165 -0.0120651 -0.0333218 0.2902683 0.5936187 -0.1989496 0.6783710 0.7156435 0.0167148 -0.1367341 0.0886349 -0.1169048 0.3384390 0.7751610 -0.0747813 -0.0028473 0.7696463 -0.1727365 0.7498323 0.8172192 0.0987650 -0.0109767 0.6785651 -0.0724094 0.4213677 0.1086730 0.0359782 0.8096984 0.7606279 0.7138717 0.0258597 0.5709639 0.6448015 -0.0187756 0.0410869 -0.0708826 0.4130520 0.6801999 0.7561665 0.0516660 0.2215385 0.6834661 0.3537855 0.0833264 0.1594738 0.1229084 0.3851545 0.6069041 0.4376243 0.0180275 0.4471970 0.0405672 0.4179142 -0.0548420 0.3955709 0.1755115 0.5125663 0.3705817 0.0243256 0.2098835 0.1414603 0.2090886 -0.0926372 0.3579106 0.6058790 0.2709676 0.6486810 0.3195450 0.5293263 0.1993821 0.4031869 0.3635677 0.6432781 0.6504315 0.6397445 -0.2452978 0.2369516 0.4580502 0.4750304 0.6704566 0.3564114 0.0457322 0.2100393 0.6751108 0.3492480 0.0500106 0.5888192 0.2654255 0.5856983 0.2656349 0.3784924 0.5944541 0.2529545 0.5791613 0.1995532 0.6657724 0.3541539 0.1659192 0.4099581 0.0554053 0.0999149 0.1175816 0.2247195 0.3992331 0.4920506 0.3854227 0.1431505 0.1699347 0.4754984 0.5075938 0.3935794 0.6206364 0.2958363 0.3600366 0.3710851 0.3258667 0.2748787 0.3028337 0.2498876 0.3418581 0.4088144 -0.0573978 0.3178465 0.1171777 0.3143732 0.0939699 0.2634655 0.2317652 0.4964887 0.4952656 0.1479892 0.2659445 0.0354616 0.3648973 0.2968963 0.2088132 0.3117356 0.3809607 0.1331359 0.3353308 0.2020934 -0.0187902 0.4176324 0.1432275 0.1028772 -0.1173191 0.3640907 0.3324926 0.1547560 0.1864198 0.4335719 0.1801546 0.2824184 0.3113322 -0.2475408 -0.3426408 -0.2122050 -0.1367557 -0.1272530 -0.1205060 0.0044599 0.1642954 0.0882651 0.1198970 -0.1849348 0.0131236 0.2665450 0.3060934 0.2789865 0.2984432 -0.1253214 -0.4075930 -0.0724371 0.0019979 0.1262835 -0.0935814 0.0642575 0.0310082 -0.0165121 0.2547920 -0.0987616 0.2141093 0.2991492 0.3972675 0.4837829 -0.1016623 -0.2154264 -0.1720905 0.1246829 0.1182962 0.1596282 0.0342010 0.3388773 -0.0763819 -0.2264920 -0.2407129 -0.1610608 0.0989090 0.4596295 0.4672984
-0.4370872 0.3491183 -0.3112673 0.4095251 -0.4926444 0.4043006 0.0553351 -0.4154836 0.6613706 0.7415471 0.3528470 0.3558817 -0.3886823 0.8601126 0.8220079 0.0996559 0.0000000 0.6276236 -0.1185463 -0.5004267 0.4224334 -0.4781371 0.2038771 0.7271152 -0.1747399 -0.0596490 0.6480207 0.6870982 0.8657948 0.7830711 -0.4137164 -0.2081586 0.6819158 0.7989151 0.0696491 0.4450957 -0.1919181 -0.1834116 0.8105733 0.7839463 -0.3464463 0.7494739 0.5251390 0.7348547 0.7493748 -0.2152559 -0.2017084 -0.2444428 0.7846315 -0.3645825 -0.1036070 0.7999834 0.7663261 0.6035280 -0.3425206 -0.2722868 -0.3275849 0.7973257 0.2968115 -0.0976805 0.4798482 0.4056868 -0.3845920 0.3111020 0.5045799 -0.3606171 -0.0958955 0.6190222 -0.4206582 0.1206027 -0.3184477 -0.0859262 0.0298289 0.0476593 -0.1905096 -0.0444163 -0.2305931 -0.2365728 0.2780826 -0.2528851 -0.1601836 0.2171455 0.2582796 0.3190496 0.4930545 0.3483397 0.0490839 0.2563360 0.3321333 0.5496847 0.2988507 0.1933239 0.3869792 0.2410209 0.3619076 0.3499080 0.5265939 0.1959499 0.4473911 -0.1727110 0.5886727 0.0925546 0.3766516 0.0067994 0.4743792 0.4410705 0.2698605 0.3169156 0.5406405 0.3809172 0.6642463 0.4487667 0.1320925 0.1911286 0.2572105 -0.0066224 0.2525099 0.1869805 0.1809554 0.5496677 0.4554230 0.3951079 0.6058344 0.0372750 0.3905375 0.6184465 0.5749036 0.5061790 0.6568328 0.3024741 0.5667283 0.4163989 0.5818249 -0.1933271 0.2710748 0.5288318 0.5798168 0.5334746 0.6197302 0.5357287 0.5255190 0.5115681 0.1572211 0.2921442 0.3920932 0.5912348 0.5684211 0.6548016 0.6350058 0.4846004 0.6167898 0.5197548 0.6893110 0.6819842 0.6834532 0.5897620 0.5558423 0.7246874 0.5348204 0.4789603 0.6340550 0.5719645 0.7307589 0.5146043 0.6592447 0.6885743 0.6568040 0.7306156 0.6875427 0.5179243 0.6667126 0.6869250 -0.3598518 -0.3737714 0.2165249 0.1534897 0.2076424 0.3232518 0.1835790 0.2560888 -0.0095679 -0.0239023 0.4059991 0.2347524 -0.0743833 0.4642965 0.0490254 0.1634020 -0.2066450 0.0178314 0.3843369 -0.1767299 0.1102093 0.1647150 0.5265742 0.4243200 0.4409815 0.1934443 -0.0745940 0.7064757 -0.0549687 0.2437980 0.2232101 0.1040247 0.0920842 0.0228197 0.6296860 -0.5133899 0.0784601 0.0516588 0.2937203 0.2246319 -0.3596713 0.4998192 0.5045839 -0.0042158 -0.2072019 -0.2675172
