0.0000000 0.3251155 0.3432641 0.1670332 0.1692864 0.1517595 0.2909139 -0.0186185 -0.1569938 0.1470722 0.3130274 0.0767229 0.3602481 -0.2026539 -0.0058512 -0.0441653 -0.0693274 -0.3458720 0.1330513 0.4082691 0.0764364 0.1433496 0.0632792 -0.3394806 0.1494705 0.1187969 -0.3460558 -0.4777914 0.0130895 -0.6105842 0.3100111 0.1907869 -0.4495260 -0.2378742 0.1088697 0.0624674 -0.0776757 0.1430781 -0.4359351 -0.6086844 0.0304254 -0.0458540 0.1471111 -0.5794351 -0.1484356 0.2757344 0.0095964 0.2377052 -0.5143890 0.0842608 0.0329538 -0.1353866 -0.1883966 -0.4103492 0.2610216 0.0613496 -0.1077600 -0.5777101 0.1172721 -0.0419209 -0.1069485 -0.1521060 0.2499959 -0.2789737 -0.0642235 0.0433648 -0.0089369 -0.3429257 0.1083684 -0.3907440 -0.1213865 -0.1361579 -0.2794628 -0.1190189 -0.1211740 -0.5439527 -0.2095221 -0.3863302 -0.4950926 -0.4689487 -0.2008338 -0.0514038 -0.0111149 0.5349140 0.3477035 0.0338338 0.0766841 0.1331554 -0.1022078 -0.2362466 0.1368582 0.2870301 0.2588472 0.0652301 0.0005716 -0.0477996 0.1749698 0.1428752 0.2358191 -0.0249082 -0.3219411 0.2859503 0.1555503 -0.3000175 -0.0483838 -0.1218179 0.2279288 0.3189315 0.2907610 0.1836131 0.0652177 -0.0035865 -0.3302230 -0.0282164 -0.4475568 -0.4001283 -0.2462615 -0.3659993 -0.2869183 0.3088979 0.0817089 -0.1651151 0.3679352 -0.2424750 -0.3963010 0.3818666 -0.1451909 0.4089209 0.1203118 -0.3529143 -0.4024141 -0.0880612 -0.3301670 -0.3117812 0.0708704 0.4132539 -0.2275399 0.2056682 0.2892177 0.2411825 0.4009360 0.3648629 0.5404001 0.1853787 -0.0180065 0.2744675 0.3674902 0.4911377 -0.2499685 0.2610804 0.2839649 0.0705814 0.2397571 0.3980051 0.1847702 0.2782763 0.2590789 0.1073634 -0.0238839 0.3699808 0.1944495 0.2507317 0.4674261 0.2312008 0.2002016 0.2565923 0.3107662 -0.3383592 -0.1022712 0.3461699 0.1048449 -0.0240634 0.6161695 0.4424564 0.3830717 0.3396592 0.2954176 0.2621168 0.2374665 0.0995179 0.1309771 0.0435684 -0.0080980 -0.0614670 0.1912383 0.0075399 -0.1096115 -0.0260448 0.0338705 0.0780930 0.2880615 -0.1431551 0.0606101 -0.1355202 0.2337401 0.0699076 0.1912041 0.0190190 -0.1334155 0.3401622 0.1839589 0.0731356 -0.2386825 -0.2094392 0.2973887 0.1699529 0.4724642 0.0392545 0.3047323 0.0354393 -0.0584946 0.1097104 0.2753925 0.0796612 0.0922296 0.3953751 -0.1528827 -0.1499202
0.3251155 0.0000000 0.4560342 0.4654416 -0.1972712 0.4129321 0.6116543 0.1216963 0.5041558 -0.0040195 -0.1877731 0.8163348 -0.3140270 0.3937786 0.7382228 -0.6291226 -0.2647339 0.3107939 -0.3618795 -0.3515040 0.7951478 0.0537427 -0.4075893 0.6264511 -0.0574374 -0.2947569 0.0183950 0.3117856 0.8062647 0.0404624 -0.3628511 -0.4802821 0.4529786 0.6024479 -0.2680408 0.7146896 -0.4561672 -0.5153557 -0.0008949 -0.1551257 -0.5776680 0.7387510 -0.0962382 -0.1535967 0.6813689 -0.4714189 -0.5306615 -0.5531686 0.3501521 -0.4128521 -0.4274981 -0.1691202 0.6901395 -0.2522789 -0.4432627 -0.6652704 -0.5979280 -0.1191011 0.5501348 -0.5722960 0.7106024 -0.5309902 -0.3243188 0.6192431 0.6348620 -0.6263562 -0.4422834 -0.4316165 -0.5769019 0.1442441 -0.4777168 0.5949903 -0.5859966 0.6454978 -0.3281335 -0.0309284 0.6608862 -0.4206016 -0.4673281 -0.2072346 -0.1433158 -0.3646752 -0.4269264 0.0102643 -0.4207543 0.0650215 -0.2200930 -0.4731822 -0.3550382 -0.6612035 -0.1048143 -0.0205874 0.0371735 -0.2259254 -0.0595431 0.0390813 -0.1007659 -0.3115335 0.3065746 0.2964235 -0.4958747 -0.0961125 -0.0485418 -0.3575779 -0.0827732 -0.1263274 -0.2265658 -0.1941755 -0.2167231 -0.4408459 -0.3611354 -0.4102196 -0.3026083 -0.1253328 -0.1312206 -0.2004776 -0.2412858 -0.2036262 -0.2628974 0.4895625 0.1730958 -0.1558426 -0.1906585 -0.1378187 -0.0277639 0.7222208 0.1301829 0.0335223 0.2786090 -0.3278875 -0.3025806 0.0296215 -0.2525273 -0.0636595 0.1672321 0.0003952 -0.3404185 0.2760251 0.3720524 0.6691080 0.3407450 0.3744297 0.2111704 -0.0782280 0.1574190 -0.1850170 0.4769175 0.5048952 0.3692031 0.4145883 0.5770811 -0.0442904 0.4163421 0.1974941 0.2356547 -0.3201765 0.0915160 0.3577526 0.2521948 0.3317137 0.3543672 0.1786307 -0.2030233 0.1927668 0.3630936 -0.2036492 0.1188943 0.2410459 -0.1003693 0.3881649 0.4049238 0.2137838 0.4277991 0.5737380 0.6879946 0.5049143 0.8117147 0.5040237 0.7388670 0.5664929 0.3719052 0.5003757 0.4111051 0.2420634 0.2443630 0.4970770 -0.0904513 0.4560519 0.7855881 0.6374673 0.2724332 -0.1520572 0.0768260 0.0612207 0.6711480 0.4899341 0.4364831 0.3103715 0.1537672 0.6724185 -0.1432987 -0.0524453 -0.2254293 -0.0961739 0.2292640 0.0383320 0.4520832 0.5445889 -0.2659104 0.1436395 -0.0675535 0.5594331 0.3016592 0.6468695 0.7634449 0.3410220 -0.2322805 -0.2206657
0.3432641 0.4560342 0.0000000 0.1779378 0.5978361 0.0895724 0.3692852 0.1435262 0.0906818 -0.4493632 -0.5742318 0.3730689 0.0405580 0.1773312 0.3928156 -0.3676144 -0.4168214 0.3237733 -0.0981521 0.2526596 0.3690637 0.0919107 -0.7146940 0.3116837 0.0240549 -0.3719132 -0.1218972 0.0444019 0.3429118 0.0449222 -0.0834576 -0.1317250 0.1478479 0.1882099 -0.5657523 0.3511425 -0.4808211 -0.2790087 -0.3321131 -0.1478015 -0.1386291 0.4210728 -0.4170728 -0.1876924 0.2553090 0.0289912 -0.5111753 -0.1065075 0.1281104 -0.0834135 -0.5802012 -0.2994098 0.2690056 -0.2054863 0.0853451 -0.1049897 -0.4834564 -0.0278627 0.6236046 -0.4914757 0.3499633 -0.4689549 0.2392939 0.2222991 0.2562424 -0.1632626 -0.4156324 -0.2999684 0.0488760 -0.1649537 0.1579063 -0.0059526 -0.3821994 0.0861356 0.1212904 0.0942898 0.1477158 0.0829215 0.0173291 -0.0318682 0.0647414 -0.4333239 -0.0993027 -0.3250537 -0.3008560 0.1393952 0.2385649 -0.6144664 -0.0346097 -0.3271531 0.0535799 0.1402527 0.4191221 -0.5238474 0.2843362 0.2492153 0.0176468 0.1724182 0.2568706 -0.0097283 -0.2119817 0.4001181 0.3311761 -0.1615419 0.2042830 0.1628981 0.2672982 0.1470616 0.1866743 0.1345866 0.1609833 0.0923095 0.0784076 0.4441475 0.0563481 0.1405909 0.1839264 0.0340799 0.1573074 0.4822409 0.4899051 0.2364352 0.2751695 0.1716599 0.0561212 0.4243713 0.3538281 0.5066072 0.1038696 0.0616535 0.0038914 0.2638853 0.0511709 -0.4820985 0.2795880 0.4295047 -0.0322178 0.1478389 0.3387589 0.3225539 0.6225738 0.3067103 0.5993951 -0.2787961 0.1626805 0.2936454 0.6248919 0.7152450 0.3108998 0.2097441 0.2645742 -0.0355054 0.5491588 0.3956660 0.5802756 0.1407491 -0.0252844 0.3676138 0.0029497 0.3414740 0.6112350 0.1075705 0.2187521 0.1843737 0.7467724 0.0266802 0.2660674 0.0524127 0.0457066 0.5028399 0.4891661 0.4981400 0.4681630 0.1412391 0.3251760 0.4671496 0.5452214 0.3860337 0.3877956 0.3547794 0.3357449 0.4735822 0.5267526 0.2688076 0.4038291 0.1080885 0.2863225 0.4818355 0.4880165 0.5639629 0.2207469 0.3050401 0.4266911 -0.3360545 0.2156319 0.0164268 0.4200543 0.3015105 0.1056348 0.4318939 0.3678939 -0.0943064 0.2081980 0.1417088 0.6441093 0.1448615 0.6176467 0.5311010 0.1991371 0.2118041 0.4561792 0.3919204 0.3912545 0.4589035 0.4480682 0.5490587 0.0593608 -0.0820504
0.1670332 0.4654416 0.1779378 0.0000000 0.0020045 0.8129572 0.3685318 0.6860731 0.6148990 0.2649968 0.2405154 0.6108073 0.0688803 0.3992671 0.6858692 0.0243076 -0.3007702 0.1922178 0.3706468 -0.2125160 0.6041948 0.1078550 -0.3176086 0.4657224 0.3470723 -0.0955439 -0.0418166 0.2372618 0.6889089 -0.0617854 -0.0854649 -0.1163474 0.4514711 0.5718907 -0.3333612 0.6202385 -0.2655442 -0.0566221 -0.1942462 -0.1809360 -0.1968730 0.6547721 -0.1716720 -0.2877055 0.6233540 -0.1887860 -0.3744589 -0.1049305 0.2373154 -0.1187292 -0.2725551 -0.1479672 0.6617862 -0.3694190 -0.0652219 -0.3192666 -0.2659392 -0.1665011 0.6612474 -0.3938271 0.6474700 -0.3957457 -0.1935237 0.5987091 0.7317998 -0.2505680 -0.3187792 -0.3158226 -0.2476757 0.2377579 -0.2127047 0.6940824 -0.3954070 0.6872192 0.0382166 0.0847485 0.6321662 -0.1523618 -0.1764026 -0.0270082 -0.1727938 -0.3721700 -0.3003765 0.0176485 -0.1912079 -0.3148589 -0.3984708 -0.2462515 -0.4337639 -0.4504363 -0.1451173 0.2391239 0.3713058 -0.2320983 -0.0848185 0.1515681 0.0531665 0.0455586 0.0748118 -0.1573003 -0.1483753 0.0548387 -0.0648496 -0.2022686 0.0669548 -0.2021967 -0.0473772 0.0941849 -0.0083386 -0.1308757 -0.1706160 -0.0953198 0.0144719 0.1559181 0.0694109 -0.0052578 0.0930533 0.1261588 0.0567360 0.3385574 0.3075761 0.1204272 -0.0015257 0.1020711 0.2396767 0.4218637 0.4085061 0.0131811 0.0791949 0.0894872 0.0578615 -0.0648673 -0.0258164 -0.2071685 0.2182347 -0.0245858 -0.1691308 0.1235624 -0.0335547 0.4867187 0.3478127 0.1988894 -0.0271690 -0.0283313 0.0061427 0.1166581 0.0555213 0.1820226 0.0561128 0.2717657 0.4377358 -0.1303873 0.2228658 0.3591225 0.3480563 -0.1064901 -0.2320514 0.1670326 0.1262241 0.2644002 0.6401152 0.2605858 0.0728615 0.0587796 0.4355685 -0.1097110 0.0581521 0.2605046 -0.2822254 0.2065945 0.4171777 0.2383313 0.0836277 0.3560578 0.3751831 0.1545779 0.3280832 0.1975394 0.4742992 0.4069810 0.2085093 0.6852905 0.5704653 0.6501936 0.4323505 0.5145003 0.1262579 0.2473514 0.4848172 0.3865907 -0.0511253 -0.1279637 -0.0564054 -0.1883221 0.1175454 0.0023937 0.2667605 0.0570240 -0.0748018 0.3817018 -0.3007155 -0.1103404 -0.2090652 -0.2356794 0.0739483 -0.1114727 0.1070051 0.1176553 -0.2363170 -0.0734395 -0.0645960 0.2648779 0.1143219 0.2924709 0.4140761 0.1987557 -0.1052505 -0.1296393
0.1692864 -0.1972712 0.5978361 0.0020045 0.0000000 0.0096083 -0.1412625 -0.0544340 -0.2532691 -0.2813111 -0.2296258 -0.2726435 0.6110219 -0.2535409 -0.1785334 0.1596573 -0.0164878 -0.1117574 0.2502707 0.5930016 -0.1402744 0.0235347 -0.2910613 -0.2498877 0.1707678 0.0552228 -0.1635369 -0.2836078 -0.1466966 -0.1981476 0.1891453 0.1970920 -0.2533366 -0.2217058 -0.2615160 -0.0938443 -0.1387933 0.0878480 -0.4761706 -0.1610115 0.1488888 -0.0674786 -0.3278406 -0.1935399 -0.1796381 0.3304683 -0.2026172 0.2514965 -0.2275277 0.1695096 -0.2220480 -0.1651080 -0.1942149 -0.0201117 0.3552447 0.2700721 -0.1637777 -0.0930615 0.2377734 -0.1305017 -0.1915326 -0.1349741 0.6171754 -0.2586990 -0.1854945 0.2630495 -0.1812004 -0.1285700 0.4347249 -0.3677746 0.3282115 -0.4106791 -0.1593955 -0.3169274 0.3069148 -0.1566766 -0.1964968 0.2421490 0.0910593 -0.0653122 0.1325451 -0.0717662 0.1481972 -0.2200898 0.1446282 0.0414861 0.1389718 -0.2338629 0.1375878 0.0590527 0.1459776 0.0820119 0.4984253 -0.4174205 0.2200993 0.2785299 0.1604583 0.4319257 -0.1767218 -0.6161842 0.0751508 0.5998969 0.2996882 -0.0883313 0.3529380 0.3891463 0.4229712 0.1893354 0.3710479 0.3615199 0.2505490 0.2933614 0.1629144 0.4172765 0.1183169 0.1923373 0.3883098 0.0602672 0.3403475 -0.0075112 0.3017512 0.3489444 0.3230620 0.1441336 -0.0299537 -0.0727705 0.2127352 0.4116508 -0.2034613 0.2846529 0.2490375 -0.0307576 0.3062469 -0.3300645 -0.0857675 0.3695237 0.3060842 -0.1441098 0.2278564 -0.2423210 0.2706962 -0.1363496 0.2634034 -0.2399365 -0.0521678 0.3731855 0.1616901 0.3518251 -0.0958960 -0.3030420 -0.3600262 -0.1398252 0.1102611 0.2402510 0.6583032 0.2084771 -0.3652742 0.1539322 -0.5585762 -0.1020398 0.4886481 -0.2873660 0.3811663 -0.0087603 0.4894597 0.0577179 0.2192495 -0.3712279 -0.2358237 0.0003852 0.0669128 -0.0027051 -0.1319107 -0.1479043 -0.0246977 0.1676433 -0.0008542 0.1482865 -0.0448808 -0.1824608 -0.2011732 0.0082384 0.0208052 -0.0572437 0.1113200 -0.3431005 0.4972742 0.3311100 0.0866972 0.2260882 0.0290080 0.4820208 0.5210641 -0.2891910 -0.0792910 -0.1905696 0.0842243 0.2371326 -0.0795225 0.0145980 0.3621742 -0.5138082 0.3235093 0.2378562 0.7122057 0.3974241 0.1906581 0.3179448 0.3735404 -0.1455087 0.2185425 0.0576653 0.4032023 0.1477514 -0.0439737 0.4641593 0.0804297 0.0451248
0.1517595 0.4129321 0.0895724 0.8129572 0.0096083 0.0000000 0.5894029 0.3983833 0.7051318 0.5519202 0.3596598 0.4600637 0.0717320 0.0633896 0.5711989 -0.1027264 -0.4411661 -0.0809319 0.4351939 -0.1911101 0.5337513 0.0090409 -0.1407918 0.3327339 0.4121822 0.0702547 0.1058968 0.1035343 0.6508001 -0.0616604 0.0290782 -0.0294588 0.3125318 0.5610914 -0.0917833 0.4967994 -0.1136855 0.0824709 -0.1506377 -0.2139610 -0.2869754 0.5218766 -0.0237852 -0.2954252 0.5403825 -0.0408803 -0.1321568 -0.0955931 0.1514438 0.0591186 -0.0694035 -0.0176938 0.5218567 -0.4140239 -0.0002359 -0.2161434 -0.1319549 -0.3026088 0.5272893 -0.2553539 0.4637461 -0.3731973 -0.1153410 0.3415542 0.5962626 -0.0955786 -0.1430814 -0.4367309 -0.1152306 -0.0031341 -0.1908550 0.4439922 -0.3652494 0.4937363 0.0676226 -0.1327209 0.4700718 -0.2341805 -0.2596685 -0.1520887 -0.1353580 -0.1766124 -0.3979968 0.1244531 -0.1811435 -0.4321036 -0.3926700 -0.1249613 -0.5529467 -0.5775817 -0.0312946 0.1907333 0.2420932 0.0190113 -0.0681805 0.1298752 0.1500907 0.1415834 0.0585183 -0.1202485 -0.0850425 0.1156079 -0.2385818 -0.1235135 0.1618758 -0.0759886 -0.1450463 -0.0183781 0.0072624 -0.2815656 -0.1226342 -0.1484850 -0.0898271 -0.0558348 -0.1074881 -0.1610583 -0.0458340 -0.0279798 -0.0924562 0.3084326 0.2247914 -0.0440085 0.0479366 -0.0422474 0.0720798 0.3644184 0.3140623 0.1055095 -0.1104728 -0.0403525 -0.0385844 0.0301145 0.0885543 -0.1143053 0.1087074 0.0257602 -0.1674779 0.0139540 0.0535006 0.3716885 0.3163724 0.1554098 -0.1101206 0.1084468 -0.0489449 0.0885846 0.0359564 0.2267734 -0.2569087 0.2287913 0.3153371 -0.1407882 -0.0089025 0.3842629 0.1883903 -0.0776199 -0.2586722 0.1849734 -0.1545533 0.1767657 0.4514593 0.1423863 0.1463099 0.0579240 0.2753479 -0.0218506 0.1281240 0.0963823 -0.4560179 0.1894026 0.2687477 0.1293660 0.1544160 0.1767084 0.6309069 0.3248527 0.3291718 0.3158749 0.4465221 0.3329619 0.1864926 0.4631136 0.3718851 0.4410424 0.2238254 0.3237147 -0.0746950 0.0608136 0.4138318 0.2627624 0.0326828 -0.1521727 0.0235315 -0.1039992 0.0410513 -0.1331371 0.3001553 0.1381722 0.1127748 0.3969473 -0.1601743 0.0205208 -0.4073473 -0.1610693 0.0589076 -0.1000829 0.0757255 0.2271492 -0.0855111 0.0753268 -0.2187095 0.1700560 0.0823412 0.1919291 0.3036925 0.4001364 -0.2487227 -0.1860507
0.2909139 0.6116543 0.3692852 0.3685318 -0.1412625 0.5894029 0.0000000 0.2781001 0.4393219 0.2858200 -0.0065608 0.5570226 -0.1164535 0.1024978 0.5700664 -0.6271601 -0.6694174 -0.0377735 -0.0437608 -0.2473561 0.5939305 0.0796038 -0.3542803 0.3738414 0.1365003 -0.2220702 -0.0108436 0.1049903 0.6133104 -0.0295279 0.0396025 -0.2713864 0.2309418 0.4120627 -0.1710662 0.5273364 -0.2856343 -0.1501010 -0.2447113 -0.3109943 -0.2455897 0.5352584 -0.0930193 -0.3028240 0.4481343 -0.3028470 -0.2357833 -0.2992551 0.0685811 -0.1602033 -0.2122757 -0.2103399 0.3593159 -0.5137211 -0.2661542 -0.4106078 -0.2361033 -0.3102892 0.3673866 -0.3259138 0.4412065 -0.3929017 -0.2660694 0.2622198 0.4630255 -0.2605782 -0.1322197 -0.4591938 -0.1017332 0.0360366 -0.2241246 0.2977619 -0.2927395 0.4289477 -0.1427858 -0.0548997 0.3981415 -0.4128421 -0.2914443 -0.2278159 -0.1849429 -0.1278383 -0.3513912 0.0571189 -0.3363092 -0.1256739 -0.2053576 -0.2491757 -0.5389628 -0.7387957 -0.1401469 -0.0176927 -0.0408313 0.0856349 -0.2765155 -0.1506549 -0.1226804 -0.1602814 0.4288142 0.2651173 -0.4323580 -0.1034710 -0.1326161 -0.1137445 -0.1232709 -0.3105535 -0.2823166 -0.2015557 -0.1961295 -0.4725219 -0.1652424 -0.3099653 -0.4048571 -0.3095746 -0.4579009 -0.4690485 -0.4890520 -0.3741069 -0.5170296 0.5510963 0.0912262 -0.4199649 -0.0616635 -0.3444784 -0.2142677 0.6567845 0.0564485 0.2308315 0.1221570 -0.4095202 -0.4189368 0.4796436 -0.1893353 -0.1730834 0.4786675 0.0835081 -0.4659007 0.2988848 0.3244673 0.7037383 0.5964495 0.4535233 0.0551483 0.0195572 0.0738161 -0.1458374 0.4838445 0.6051275 -0.0199179 0.5706667 0.6732560 0.0297169 0.1939643 0.1748534 -0.0623513 0.0590738 0.0471222 0.3882601 -0.0224022 0.6125643 0.2640923 0.4589368 -0.0430593 0.4369616 0.2555872 0.0673174 -0.0116642 0.2352439 0.0583552 0.6357456 0.2933759 0.4449014 0.5406082 0.1041207 0.7663160 0.6037636 0.6431724 0.7093197 0.6588674 0.6223600 0.6743798 0.5464602 0.4971749 0.4266097 0.2441772 0.4303002 -0.2028147 0.2644814 0.5341753 0.4196429 0.3021264 -0.3380368 0.0232604 0.1485888 0.3056730 0.0899403 0.4577499 0.1406922 0.4945005 0.6009987 -0.1463451 0.3665725 -0.4118054 -0.1904559 0.0474914 -0.0373536 0.5391146 0.3755062 -0.1447901 0.5587378 0.0740356 0.4650223 0.2399111 0.4738734 0.6318441 0.4613013 -0.3306832 -0.4726458
-0.0186185 0.1216963 0.1435262 0.6860731 -0.0544340 0.3983833 0.2781001 0.0000000 0.3168427 0.1382997 0.2148879 0.3890645 0.0922540 0.6282015 0.5245522 0.2198071 -0.2832990 0.3640669 0.3698319 -0.1433729 0.3430010 0.1505969 -0.4010887 0.3433353 0.4094890 -0.0776537 -0.1369941 0.3174784 0.3623598 0.0292083 0.0006221 0.0756704 0.2346313 0.1530831 -0.3689583 0.4279509 -0.0689134 0.0516093 -0.2748068 -0.0170655 0.2033251 0.4175876 -0.2155867 -0.1258624 0.2869168 -0.1278250 -0.3290512 0.0571638 0.0460525 -0.0421248 -0.2335656 -0.1967178 0.3186973 -0.2710989 0.0414327 -0.1395463 -0.0236732 0.0931353 0.5138199 -0.1736305 0.4327165 -0.1081531 -0.0736103 0.5005144 0.6083609 -0.0125447 -0.0320712 0.0498291 0.2049432 0.4792675 0.2261687 0.5829452 0.0918465 0.5800624 0.3524097 0.4016439 0.4689036 0.1658396 0.3242170 0.3337951 -0.0116305 -0.3598008 -0.2569748 -0.1907365 -0.2998376 -0.3201388 -0.1232780 -0.2543423 -0.5054109 -0.3056490 -0.3305816 -0.0148037 0.1007133 -0.1915201 -0.3306459 -0.1884142 -0.2973262 -0.1468645 0.2227085 -0.2288929 -0.1566914 -0.1018327 -0.0711110 -0.0881475 -0.3165127 -0.5027345 -0.1404389 -0.0038133 -0.1976267 -0.1766858 -0.2557263 -0.1474168 -0.0632412 0.0581020 -0.1139523 -0.1145517 -0.0979437 0.0428500 -0.0963939 0.1141703 0.0807468 -0.0590425 -0.1898000 -0.0848255 0.0940198 0.1307563 0.2019050 -0.1168637 -0.1099232 -0.1009228 -0.1382656 0.0623844 -0.3566475 -0.4992229 0.3863591 -0.2048118 -0.4848073 -0.0447138 -0.3444940 0.3252452 0.3223253 -0.0419833 -0.1135502 -0.4430002 -0.2068652 -0.0950236 0.0139494 -0.0373514 0.2900657 0.1050148 0.3668818 -0.2720795 0.0738827 0.1786651 -0.0293403 -0.1630668 -0.3032062 -0.1463649 0.1657840 0.2977116 0.3615756 0.2956887 -0.2463061 0.0299397 0.1878725 -0.3553141 -0.4100826 0.3863937 0.0423424 0.1382605 0.1534375 0.5284377 0.0216512 0.0810829 -0.1214857 -0.1951630 0.0298896 0.0521722 0.2705506 0.4089033 0.3253523 0.7478537 0.6222939 0.7613714 0.4958221 0.6456049 0.2040018 0.2595533 0.2505629 0.2705567 -0.2191601 0.0114132 -0.2363065 -0.2037626 -0.1950965 -0.2508203 -0.0063255 -0.1922676 0.0598930 -0.0106259 -0.2019583 0.2287065 -0.1881595 -0.4367256 0.0326681 -0.0486313 0.0786827 -0.0172919 -0.0623577 0.1937977 0.1140079 0.0807107 0.1796736 0.3390296 0.3586424 0.1326440 0.2145153 -0.0217937
-0.1569938 0.5041558 0.0906818 0.6148990 -0.2532691 0.7051318 0.4393219 0.3168427 0.0000000 0.4430363 0.0422100 0.5453147 -0.2998407 0.4918408 0.7756361 -0.1825887 -0.4381502 0.4868805 0.1677575 -0.5040394 0.4571402 0.1345731 -0.1940359 0.7313568 0.2255614 -0.0539407 0.5682003 0.6575589 0.6250128 0.5737162 -0.2074785 -0.1803003 0.6381890 0.7115693 -0.1412595 0.3776242 -0.0986041 -0.1631564 0.3507709 0.3539913 -0.4059780 0.5593334 -0.0067034 0.1919379 0.6129028 -0.1871533 -0.1885934 -0.3615412 0.5658353 0.0116817 -0.1866174 0.1748954 0.6771521 -0.0529920 -0.2216894 -0.3415905 -0.1408711 0.1319811 0.5270017 -0.2844684 0.5559623 -0.2486887 -0.4791938 0.5984144 0.6654259 -0.2492123 -0.1332970 -0.1317225 -0.2755161 0.3120550 -0.2451440 0.6016293 -0.1850695 0.5104353 -0.0272080 0.2262345 0.5608868 -0.1728999 -0.0417068 0.0457439 -0.0652933 -0.3834787 -0.4984377 -0.1833770 -0.7209624 -0.2200825 -0.1311028 -0.5191760 -0.4588571 -0.6395736 -0.0842827 -0.0105946 0.1039037 -0.1017553 0.0255900 0.1099326 -0.0598736 -0.0188182 -0.0852648 0.0957177 0.1273260 -0.0458043 -0.2052855 -0.0783606 0.0549377 0.0264031 -0.3607630 -0.0978930 -0.2534257 -0.4570177 -0.1804770 -0.2907527 0.1663290 0.0885781 0.0677475 0.0834305 0.1133208 0.2154843 0.1035069 0.3352834 0.2941142 0.0965179 -0.2568938 0.1942505 0.3123628 0.2716178 0.3794257 -0.2213678 0.0274379 0.0740557 0.1806706 -0.0567640 0.0797674 -0.0452675 -0.0677814 -0.2673639 -0.0378782 0.0237673 0.0662981 0.2897386 -0.0026853 -0.0270132 -0.2930311 -0.1549465 0.2219914 -0.1346951 0.1799003 0.0962102 0.0230630 0.1438828 0.3238632 -0.1119268 0.1079964 0.0727383 0.0846839 -0.3176240 -0.3503852 0.1302959 0.0736338 0.0034027 0.1998367 0.0763379 -0.2007007 -0.2800631 0.1789976 -0.2696379 -0.0429014 0.3383081 -0.3669173 -0.0056015 0.2593093 0.2076391 0.0974294 0.1625238 0.3954735 -0.0197313 0.2322054 0.0435928 0.2587875 0.2200908 0.0697951 0.4146789 0.4284221 0.3651491 -0.0411090 0.2821127 -0.3757627 -0.1169968 0.3678258 0.2272463 0.1440679 -0.1193806 -0.2178820 0.0901857 0.1804835 0.1114733 0.1716602 -0.0218221 -0.0284314 0.2995349 -0.2352541 0.1894995 -0.3402076 -0.1666424 -0.0056033 -0.0025094 -0.0010179 0.3216528 -0.3386619 -0.0569285 -0.1573871 0.0836532 -0.0029625 0.1920757 0.3040563 0.2929446 0.0839087 0.0121625
0.1470722 -0.0040195 -0.4493632 0.2649968 -0.2813111 0.5519202 0.2858200 0.1382997 0.4430363 0.0000000 0.6871812 -0.1944851 0.1628472 0.0114713 0.0910695 0.1960629 0.0129416 -0.2410850 0.3580278 -0.2204669 -0.1888906 0.0058542 0.5587336 -0.1124080 0.3151832 0.4670185 0.4072722 0.1233372 -0.0564644 0.0581270 0.2014866 0.1844759 -0.2460015 -0.0908438 0.5592480 -0.2338951 0.4639460 0.2855084 0.1942184 0.1607211 -0.1385352 -0.2219894 0.5366131 0.0310257 -0.1508905 0.1457370 0.4329009 0.0082952 -0.2555969 0.2712766 0.5452848 0.5493817 -0.1587336 0.1008269 -0.0150948 -0.0173167 0.4360294 -0.0582152 -0.1135501 0.4153334 -0.2494515 0.3602044 -0.2852786 -0.0665889 0.1328355 0.2061397 0.4788788 0.1739983 0.1692291 0.1846152 -0.2033213 0.1105835 0.2857426 0.1044045 -0.0638516 -0.2041607 0.1287057 -0.3673764 -0.2154404 -0.2154960 -0.1504499 0.2662278 -0.2754297 0.4568785 -0.0209510 -0.3093702 -0.0931359 0.2547592 -0.4243888 -0.3127451 -0.0250473 -0.0397863 -0.0130876 0.6177146 -0.3329003 -0.2071890 0.1736307 0.1571553 -0.1169138 -0.1786668 0.2225028 0.0663068 -0.2611039 0.1423126 -0.0999179 -0.2205032 -0.3126090 -0.0488170 -0.1192538 -0.4197403 -0.1056020 -0.3158131 -0.2095787 -0.3766726 -0.4792263 -0.4837642 -0.3228131 -0.3057544 -0.3471595 -0.1724025 -0.3133933 -0.3915083 -0.1016701 -0.3798645 -0.3979003 -0.1442004 -0.2762831 -0.1043809 -0.3400281 -0.3806032 -0.1925793 -0.1722378 -0.1349667 -0.1097970 -0.1739946 -0.1092172 -0.1898921 -0.2213678 0.1076973 -0.1934857 -0.1582952 -0.3660568 -0.5275489 -0.0022143 0.0686866 -0.0609010 -0.0268448 -0.0657344 -0.5217227 -0.2243862 -0.0940782 -0.1832977 -0.5187250 0.0052939 -0.3865720 -0.1900825 -0.3701981 -0.2583654 -0.4108799 -0.2806616 -0.2817167 -0.1527552 -0.0350440 -0.3950903 -0.4248763 -0.1892711 -0.3069746 -0.2859025 -0.5584474 -0.3909377 -0.4244195 -0.2303154 -0.0489384 -0.0626690 0.2730408 -0.1981643 -0.2938424 -0.0982197 -0.1935306 -0.2933239 -0.2423361 -0.1815844 -0.2736757 -0.1410135 -0.4159303 0.0996193 -0.4476501 -0.3846392 -0.1540217 -0.2615264 0.0638488 -0.3351232 -0.4850546 0.2781666 -0.0923329 -0.1021575 -0.3010828 -0.3596457 -0.1791294 -0.1374466 -0.2765710 0.1506742 -0.4847374 -0.3239295 -0.3109152 0.3003691 -0.1125452 -0.1171821 -0.0729445 -0.1783577 -0.4636205 -0.4197662 -0.0573057 -0.1292652 -0.2087321 0.2467923 0.0549497 0.1500579
0.3130274 -0.1877731 -0.5742318 0.2405154 -0.2296258 0.3596598 -0.0065608 0.2148879 0.0422100 0.6871812 0.0000000 -0.2270835 0.4545960 -0.2112466 -0.2041424 0.5020369 0.1955641 -0.4860553 0.5982640 0.1874539 -0.1565590 0.1593140 0.4870852 -0.4570233 0.5374368 0.6566268 -0.1633611 -0.2470951 -0.1237078 -0.4377737 0.3781977 0.4545501 -0.4021581 -0.2706203 0.5183804 -0.1179003 0.4821785 0.5130013 -0.1692336 -0.2445302 0.2440962 -0.2560941 0.3935694 -0.1365828 -0.2266176 0.2846796 0.3721672 0.3712005 -0.3669010 0.2880608 0.5255418 0.1421688 -0.2365918 -0.1378146 0.2776620 0.1849846 0.3596107 -0.2558962 -0.1836831 0.4001613 -0.2938616 0.3435447 0.1824832 -0.2280141 -0.0192965 0.3119364 0.5230686 0.0728496 0.2841167 0.0472931 0.0482826 0.0982356 0.2626523 0.0284889 0.1567413 -0.2807860 -0.0722817 -0.1585539 -0.1321263 -0.1245453 -0.0585929 0.1816965 -0.1704717 0.4518990 0.3095230 -0.4361869 -0.2038318 0.4273687 -0.4290316 -0.0861480 -0.1136757 -0.1342997 -0.2314164 0.3303851 -0.4740519 -0.3779763 -0.1051247 -0.1237053 -0.1495083 -0.3662850 -0.1208238 -0.1571634 -0.3368451 -0.2266897 -0.3431517 -0.3145962 -0.2699867 -0.0470741 -0.1262214 -0.1933007 -0.3119293 -0.2298434 -0.3441142 -0.4896910 -0.4813779 -0.4940887 -0.3743201 -0.3670433 -0.3970588 -0.4039269 -0.4440434 -0.3918889 -0.1652582 -0.4638322 -0.4104082 -0.2486805 -0.4208684 -0.2985299 -0.4107612 -0.3512650 -0.3549850 -0.4860453 -0.3781326 0.0129571 -0.3021268 -0.2825458 -0.2869005 -0.3133562 -0.3098316 -0.1705803 -0.3295374 -0.2833869 -0.2833824 0.0526250 -0.3726670 -0.1492559 -0.3446147 -0.3405408 -0.4745686 -0.1931879 -0.1251201 -0.2183956 -0.4816159 -0.0303252 -0.2964728 -0.1458049 -0.1013111 -0.3839074 -0.1754113 -0.1132996 -0.2576926 -0.0492408 0.0019935 -0.0622153 -0.5074737 -0.1471706 -0.1683233 -0.2526100 -0.2503269 -0.2970403 -0.4511058 -0.3097297 -0.1335651 0.1671222 -0.0092472 -0.2819826 -0.3458699 -0.1345477 -0.0756449 -0.1755793 -0.2860363 -0.1721579 -0.3086606 -0.0908284 -0.0853986 0.0381388 -0.2381241 -0.3009011 -0.2455917 -0.2527777 -0.2686691 -0.1432038 -0.2212714 -0.0622618 -0.2477703 -0.2595307 -0.3262343 -0.1537019 -0.0795241 -0.2802283 -0.0807252 0.1815093 -0.4449078 -0.3543326 -0.1362247 0.1495024 -0.3814732 -0.1408993 0.2302365 -0.0437621 -0.4890172 -0.2740526 0.0938300 -0.1197591 -0.1619734 0.1712123 -0.0229762 0.0925935
0.0767229 0.8163348 0.3730689 0.6108073 -0.2726435 0.4600637 0.5570226 0.3890645 0.5453147 -0.1944851 -0.2270835 0.0000000 -0.4395994 0.4585797 0.7979451 -0.5846437 -0.4838351 0.4196652 -0.2543283 -0.4610926 0.9520645 0.0531944 -0.6212138 0.7520120 0.0190544 -0.4958051 -0.0949011 0.3293916 0.9205276 0.0853657 -0.4150845 -0.4495117 0.6968380 0.7604443 -0.5387790 0.9012250 -0.5651231 -0.4647953 -0.0500925 -0.1927884 -0.4069400 0.8966657 -0.3351330 -0.2272302 0.8280748 -0.5345528 -0.6203429 -0.4676172 0.4936314 -0.4681763 -0.5997916 -0.4066367 0.8511352 -0.4753316 -0.3862490 -0.6154522 -0.6106043 -0.1542651 0.6874901 -0.7276241 0.9267864 -0.7410551 -0.2650831 0.7048987 0.7389625 -0.6247182 -0.5905239 -0.5700153 -0.5674542 0.1299697 -0.3134586 0.7394369 -0.6545575 0.7503705 -0.1452685 0.1020790 0.6528235 -0.1777802 -0.2067432 0.0331786 -0.0023513 -0.4513648 -0.3233802 -0.2039823 -0.4626680 -0.0560856 -0.2820839 -0.4477609 -0.3810666 -0.5899761 -0.1345550 0.0909524 0.0305117 -0.3600434 0.0318558 0.0101051 -0.1872487 -0.4038970 0.3768632 0.3681253 -0.4494047 -0.2927004 -0.0629192 -0.3482068 -0.0865451 -0.2283245 -0.1495596 -0.1091329 -0.2288245 -0.2549888 -0.3547356 -0.1937869 -0.1818480 -0.0074311 0.0944496 -0.0077607 -0.1173907 0.0393440 -0.1193767 0.6199493 0.3336884 -0.0059921 -0.1819317 0.0553700 0.2931231 0.7885400 0.3575660 -0.0604058 0.3751041 -0.1013570 -0.1975817 0.1419908 -0.2242957 0.0291409 0.3345514 -0.1194615 -0.3804296 0.2909784 -0.0296023 0.8101538 0.3755643 0.4971371 0.1892525 -0.0192414 -0.1097842 -0.1842000 0.1436017 0.2301664 0.4377730 0.5481283 0.7016341 -0.0561829 0.4338759 0.2304084 0.2552053 -0.1873695 0.1619813 0.3180989 0.4553727 0.5598484 0.5197882 0.3544749 -0.2183515 0.4024504 0.4484311 -0.1307362 0.0967136 0.4978041 0.1003105 0.5389943 0.5821730 0.3467613 0.4120364 0.5140908 0.4943408 0.4473766 0.8235496 0.5103677 0.8305477 0.8133914 0.6311877 0.7984316 0.7451062 0.6842007 0.6008104 0.6014770 0.0519681 0.4102023 0.7809944 0.6757919 0.1904513 -0.0836748 0.1912696 -0.0092903 0.4992387 0.3426940 0.6421565 0.3991438 0.4054112 0.7292754 -0.0921749 0.1657292 -0.1723281 -0.0580623 0.1625780 -0.3227445 0.3446682 0.4127647 -0.2522867 0.3799332 0.1185206 0.7012921 0.1710207 0.5394396 0.7787519 0.1176771 -0.2820135 -0.3372875
0.3602481 -0.3140270 0.0405580 0.0688803 0.6110219 0.0717320 -0.1164535 0.0922540 -0.2998407 0.1628472 0.4545960 -0.4395994 0.0000000 -0.3408555 -0.3252373 0.4859355 0.2568169 -0.4808441 0.5818201 0.6963065 -0.2759071 0.3369357 0.2204329 -0.5886279 0.4829744 0.5811338 -0.1756449 -0.4322750 -0.2427981 -0.5089315 0.6053418 0.5077924 -0.5255071 -0.3797112 0.2604910 -0.1511959 0.2993462 0.5184354 -0.5340355 -0.3759106 0.4707498 -0.1972935 0.0714347 -0.3027763 -0.2594483 0.4428019 0.1522869 0.5523988 -0.4759771 0.4040963 0.2529476 -0.1003670 -0.3355136 -0.1307304 0.4653879 0.3990866 0.1928523 -0.3051913 -0.2129822 0.2614519 -0.3613048 0.2873472 0.4671843 -0.3483603 -0.1629693 0.4844745 0.2779401 0.0232895 0.6077121 -0.1303039 0.1981327 -0.2124789 0.1248545 -0.2102737 0.1595260 -0.2261245 -0.2182654 -0.1197743 -0.1609016 -0.3264278 -0.2225590 0.1074397 -0.0065671 0.1486423 0.3457853 -0.1565192 -0.2313195 0.1553074 -0.1517414 0.0237802 -0.1552285 -0.2265273 0.0538295 -0.1708263 -0.3538928 -0.1651996 -0.1286501 0.0449250 -0.4716937 -0.7746623 -0.2378333 0.2052388 -0.0978215 -0.4262838 -0.1745453 0.0015630 -0.0034812 -0.0516410 0.0953394 0.0240708 -0.1648357 -0.0771216 -0.2523787 -0.1556094 -0.3996231 -0.3046121 -0.0702141 -0.3419851 -0.1274306 -0.3023135 -0.1797342 -0.0926113 -0.0485537 -0.3026160 -0.3468998 -0.2081777 -0.2288522 -0.0447305 -0.3524610 -0.0613818 -0.0733139 -0.3937988 -0.1028839 -0.1449014 -0.3026123 -0.0846378 0.0542852 -0.2172033 0.0417941 -0.1672606 -0.0327230 -0.2309099 -0.0654755 -0.1894793 -0.2410302 -0.0066092 -0.0591225 0.0657871 -0.2710909 -0.2179789 -0.1913991 -0.1322763 -0.2058536 0.0019248 0.2290181 0.0648453 -0.3076238 0.0224269 -0.5534223 -0.0370062 0.0992517 -0.0527085 0.2082282 0.0305320 -0.0251146 0.0256457 0.1226018 -0.2583082 -0.1698785 -0.1063940 -0.1698069 -0.1060844 -0.3641639 0.1059904 -0.0944343 -0.0997636 -0.2295977 0.0768447 -0.0295926 -0.1976623 -0.3086040 -0.1152184 -0.2535603 -0.1630574 -0.1564506 -0.2097086 0.0342537 0.1216663 -0.1798377 -0.0649901 -0.1484254 0.0413798 0.1266651 -0.1332133 -0.1150036 -0.2021151 -0.2458036 -0.1047571 -0.2022093 -0.2045519 -0.0112717 -0.3085599 -0.1109848 -0.1887889 0.4706128 0.5080992 -0.1488196 0.0580075 0.1938509 -0.2130928 -0.2318719 -0.0674728 0.4541564 0.1111504 -0.0658852 0.3611826 -0.0900572 -0.1997600
-0.2026539 0.3937786 0.1773312 0.3992671 -0.2535409 0.0633896 0.1024978 0.6282015 0.4918408 0.0114713 -0.2112466 0.4585797 -0.3408555 0.0000000 0.6992657 -0.0320334 -0.1335966 0.8604555 -0.2281394 -0.5304228 0.2979289 0.0091477 -0.3719372 0.7227995 -0.0842161 -0.2984390 0.2356811 0.7771059 0.3307967 0.5060321 -0.4023281 -0.3203687 0.4961728 0.2629194 -0.3992025 0.2875150 -0.2111403 -0.4437686 0.1878791 0.4368189 -0.1750771 0.4069221 -0.2097148 0.2338500 0.3186262 -0.4413679 -0.5074493 -0.4388099 0.2996721 -0.3081484 -0.4136372 -0.0197477 0.3940038 0.1013348 -0.3807555 -0.4588527 -0.2130716 0.3696288 0.4610418 -0.3155495 0.4578739 -0.1358168 -0.4230021 0.6296846 0.5177609 -0.3388232 -0.2400978 0.2033439 -0.1436913 0.5744387 -0.0538478 0.5701037 0.0480800 0.5013756 0.1331859 0.4374726 0.5542616 0.1259257 0.3090159 0.4526379 0.0517601 -0.4623692 -0.3227950 -0.2935406 -0.6932311 0.0824270 0.1006181 -0.6033709 -0.2682271 -0.3764729 -0.2236406 -0.1043003 0.0775015 -0.2126748 -0.1312544 -0.0112465 -0.3296736 -0.1457567 0.2286739 -0.0025171 0.0807055 -0.0537633 0.0263228 0.0723288 -0.2391445 -0.2044876 -0.2086358 -0.0705760 -0.3151105 -0.3240507 -0.2670510 -0.2913179 0.1546864 0.2230328 0.1499786 0.1546591 0.1061055 0.3030058 0.1388172 0.2180598 0.2098063 0.1299147 -0.4056524 0.1640471 0.3137731 0.1634319 0.3108451 -0.2861643 0.2253976 -0.0240637 0.1005575 0.0613735 -0.2400188 -0.3872292 0.2376972 -0.3158703 -0.2770726 0.1754820 -0.0086310 0.2036912 0.1026672 -0.1570396 -0.2231216 -0.5771800 0.1705015 -0.3114225 0.2501347 -0.0301522 0.5695688 -0.0291089 0.2580231 -0.1791789 0.3149129 -0.1174549 -0.0481091 -0.4505885 -0.4225376 -0.1322363 0.2558718 -0.0087085 0.0930821 0.0821821 -0.5568988 -0.3484489 0.1303245 -0.5980448 -0.5613277 0.3913822 -0.0582253 -0.1413013 0.0564956 0.3206220 0.0057315 0.0656548 -0.2232252 -0.3763980 0.0591755 -0.1206107 0.1059226 0.1698057 0.0935394 0.4947342 0.4311580 0.4330955 0.1092249 0.4743211 0.0689224 0.1607588 0.2809285 0.2207858 0.1032260 0.0846063 -0.4698085 0.1909603 0.2178706 0.2646284 -0.0988385 -0.2560332 -0.1682574 0.0243607 -0.3596190 0.0540099 -0.1271467 -0.4041885 0.0174633 0.1298135 0.1555684 0.0827792 -0.3262709 -0.1341673 0.0158153 0.0088161 0.1389269 0.3907326 0.3355280 -0.0113214 0.4530795 0.1772013
-0.0058512 0.7382228 0.3928156 0.6858692 -0.1785334 0.5711989 0.5700664 0.5245522 0.7756361 0.0910695 -0.2041424 0.7979451 -0.3252373 0.6992657 0.0000000 -0.3156074 -0.5353999 0.6430000 -0.1327229 -0.5230532 0.7188285 -0.0127134 -0.5491913 0.8877054 0.0570422 -0.4503621 0.2077084 0.6559941 0.7963085 0.3491645 -0.4464385 -0.4837928 0.7268202 0.7553720 -0.5450502 0.6650375 -0.5359528 -0.5050985 -0.0508863 0.0702574 -0.4972443 0.8027925 -0.3824806 -0.1189043 0.7796908 -0.4842766 -0.6495307 -0.5479374 0.4463520 -0.3803183 -0.6249792 -0.1998258 0.7572166 -0.3026353 -0.4350185 -0.6208856 -0.5620024 -0.0170750 0.6647896 -0.6771700 0.7814317 -0.5401797 -0.4379475 0.6930745 0.7505632 -0.5798841 -0.5225446 -0.3431962 -0.3611232 0.2510510 -0.3537926 0.6859456 -0.4600786 0.6578334 -0.0492778 0.1724056 0.6238910 -0.1692259 -0.0562909 0.1260361 -0.0391860 -0.6173277 -0.4003393 -0.3246678 -0.7302990 0.0863165 -0.0995995 -0.6492706 -0.3447135 -0.7279887 0.0106131 0.1328465 0.2202269 -0.3765641 0.0523220 0.2050940 -0.1679463 -0.1053236 0.1989814 0.0742899 -0.1312990 0.0665055 0.0300624 -0.1396718 0.0472381 -0.0819899 -0.1175122 0.0209796 -0.1131557 -0.3385529 -0.2100667 -0.1756099 0.1183705 0.2081759 0.1521966 0.1466625 0.1268685 0.2180890 0.1125904 0.6177487 0.5027220 0.1995469 -0.1618765 0.2327167 0.3485662 0.6114302 0.5225470 -0.0093645 0.3299205 0.0494580 0.1020852 0.1844348 -0.0938641 -0.3053088 0.2038153 -0.0927298 -0.2018159 0.2810061 0.1988542 0.5825832 0.4049994 0.2455716 -0.0799861 -0.1872800 0.2017663 -0.1156335 0.3585905 0.3437815 0.3106003 0.3651492 0.5797078 0.0851836 0.4602173 0.1979615 0.2117965 -0.2036927 -0.3126412 0.3850820 0.2186344 0.3313875 0.4879223 0.3227290 -0.1912076 -0.0300925 0.5253700 -0.2270370 -0.0966692 0.4887956 -0.1883100 0.3172035 0.5144800 0.4670495 0.2198950 0.2294392 0.3993424 0.1885503 0.5568841 0.3390467 0.5633884 0.5798594 0.4346925 0.7310029 0.7046808 0.6129470 0.2719751 0.4956478 -0.0795889 0.2576604 0.5892450 0.4790931 0.3317699 -0.0614296 -0.0999268 0.1061384 0.4543072 0.3453432 0.4478080 0.1248770 0.0561443 0.5630803 -0.2715959 0.0833426 -0.2554387 -0.2054015 0.2035685 -0.1065725 0.3939138 0.3419233 -0.4020312 0.0235890 0.0768068 0.4239477 0.1230466 0.4444673 0.6137142 0.2486826 0.1023834 -0.1812566
-0.0441653 -0.6291226 -0.3676144 0.0243076 0.1596573 -0.1027264 -0.6271601 0.2198071 -0.1825887 0.1960629 0.5020369 -0.5846437 0.4859355 -0.0320334 -0.3156074 0.0000000 0.3692395 -0.0650508 0.6403825 0.4501271 -0.5885950 0.1104458 0.3745109 -0.4062352 0.3905834 0.4859879 0.0041367 -0.0792305 -0.4971693 -0.1261505 0.2918586 0.5666468 -0.3121068 -0.3694107 0.1926134 -0.4550548 0.4152938 0.4938304 -0.1449768 0.0927831 0.4512328 -0.4315857 0.0627480 0.0618867 -0.3505248 0.5202027 0.2757801 0.5833307 -0.2637324 0.4360525 0.2843255 0.1343395 -0.3587599 0.1870183 0.5196918 0.5335450 0.3592712 0.0829658 -0.2390130 0.3972264 -0.4302249 0.4982166 0.2662621 -0.2763222 -0.2193283 0.4715253 0.3551990 0.4066496 0.4880369 0.0439404 0.3048599 -0.1536909 0.4344141 -0.3038928 0.3352136 0.0516158 -0.3912693 0.2565480 0.3038107 0.1390771 -0.0472812 -0.0558848 0.1646076 0.0453690 0.2432433 -0.0662623 0.1589932 0.2385618 0.1769072 0.4215524 0.1114288 0.0373393 0.0856254 -0.1114942 -0.0101077 0.0364298 -0.0670795 0.2480121 -0.4704457 -0.6184092 0.3402449 0.2637838 0.0052316 -0.0140559 -0.0463849 0.0437269 0.1333330 0.2700932 0.2051070 0.2832180 0.1297666 0.1722047 0.3414651 0.2126341 0.1072577 0.2341109 0.3693734 0.2406154 0.3638772 -0.5273774 -0.0596832 0.3066671 0.0685628 0.1951474 0.0609480 -0.6994339 -0.0378178 -0.2012700 -0.3848263 0.2872978 0.3199454 -0.4782455 -0.0599840 -0.2704787 -0.4664402 -0.1439146 0.2132813 -0.3651630 -0.3988444 -0.5950071 -0.3948183 -0.4873683 -0.1910132 -0.1451907 -0.1053842 0.1697026 -0.3396127 -0.4601602 -0.2767545 -0.4717871 -0.4609076 -0.0108906 -0.2366962 0.0103763 -0.0707955 -0.0045916 -0.3436167 -0.3447631 -0.1010285 -0.4024820 -0.1760876 -0.1307692 0.1714613 -0.4527911 -0.2129417 -0.0696220 -0.0647666 -0.0906054 -0.1877727 -0.5001651 -0.2491293 -0.1034216 -0.4953848 -0.1414141 -0.6287811 -0.6720074 -0.7430168 -0.6303431 -0.5650751 -0.4682075 -0.5557398 -0.2739531 -0.2889966 -0.1566367 -0.1906587 -0.2382666 -0.0127270 -0.3397226 -0.6412052 -0.5221168 -0.3859849 0.1451762 -0.2502655 -0.3504247 -0.5656497 -0.4304603 -0.5466399 -0.3800583 -0.5986676 -0.6740154 0.0289983 -0.0920970 -0.0427609 -0.2186097 0.0151711 0.0854867 -0.5311860 -0.4280480 0.1745672 -0.5183625 -0.2222357 -0.6009625 -0.1272188 -0.4433333 -0.5497578 -0.0857738 0.4664611 0.3474715
-0.0693274 -0.2647339 -0.4168214 -0.3007702 -0.0164878 -0.4411661 -0.6694174 -0.2832990 -0.4381502 0.0129416 0.1955641 -0.4838351 0.2568169 -0.1335966 -0.5353999 0.3692395 0.0000000 -0.2898538 -0.0439776 0.1662398 -0.4243797 -0.1059121 0.6129716 -0.5077313 -0.1913948 0.5277590 0.0679267 -0.2620595 -0.4351285 -0.2119253 0.0696445 0.2602160 -0.5111409 -0.4746627 0.6169130 -0.3317963 0.5247343 0.1997420 0.2988527 0.1474279 0.0953606 -0.4307330 0.5728879 0.1835361 -0.3906784 0.2691857 0.3915903 0.1880865 -0.2707561 0.2311100 0.5487007 0.4579527 -0.3212852 0.5642716 0.1538190 0.2813501 0.3755677 0.2586307 -0.5532618 0.5691411 -0.3725306 0.5968375 0.0826465 -0.0563292 -0.1786219 0.3009056 0.3772155 0.5534321 0.0821030 0.2208369 0.0629218 -0.0897143 0.3183686 -0.0792780 -0.1059044 0.0240008 -0.0355124 0.0278421 -0.1659084 -0.1337566 -0.1435674 0.2520362 -0.1043462 0.2305308 0.4325681 -0.1412953 -0.2227097 0.3846027 0.1389638 0.4803935 -0.1795385 -0.2409412 -0.2633534 0.2257696 -0.1072685 -0.0246660 0.1875193 -0.1638823 -0.4328553 -0.1645490 -0.0529196 -0.0998211 -0.2478227 -0.1253244 -0.1397478 0.1266173 -0.0707729 -0.2872799 0.0238715 -0.0777478 -0.2016565 -0.1886762 -0.1903255 -0.2451264 -0.0690894 -0.1101212 -0.1010035 -0.1993857 -0.0890041 -0.7181227 -0.5370942 -0.1171034 -0.1853697 -0.2292732 -0.2594002 -0.5417004 -0.4215831 -0.2592116 -0.2840208 -0.2204906 -0.1403036 -0.6082881 -0.0610830 0.1830441 -0.4720631 -0.1593672 0.0640017 -0.3733039 -0.0611240 -0.4851921 -0.4875591 -0.4059844 -0.0857956 -0.0859885 -0.1013329 -0.1384077 -0.2828929 -0.4067704 0.2289629 -0.4174599 -0.4287772 -0.1542644 -0.4194388 -0.0576904 -0.2632296 -0.3277404 0.0683209 -0.2968008 -0.1731322 -0.6649115 -0.4408908 -0.4735767 -0.1886012 -0.4432154 -0.4824573 -0.1739258 -0.0152708 -0.2263450 -0.2244020 -0.5966814 -0.3578454 -0.3547926 -0.5666762 0.1912523 -0.3779896 -0.3162385 -0.4471073 -0.5726790 -0.4144114 -0.4966831 -0.6843981 -0.5891019 -0.7264962 -0.6531699 -0.4660500 -0.0190380 -0.0053117 -0.0005722 -0.2767407 -0.2907498 -0.4390618 0.0449042 -0.2282097 -0.0325455 -0.1292517 -0.0357614 -0.6295699 -0.3375518 -0.5237140 -0.5743408 -0.1443736 -0.5029406 0.1400337 -0.0973959 -0.1563644 0.2402774 -0.4613826 -0.2671441 -0.0712706 -0.5361083 -0.4372501 -0.4572058 -0.1572929 -0.1529941 -0.3754728 -0.3983444 0.0255668 0.3170086
