0.0000000 0.7568246 0.2762781 0.3390391 0.7408144 0.6905476 0.5682897 0.3668525 0.2081382 -0.0387527 0.1599769 0.2526218 0.2392086 -0.3720369 0.1938245 0.2109529 -0.1584298 -0.2025377 0.1505243 -0.1471535 0.1084095 -0.1859391 0.0780539 -0.2847180 -0.1992581 -0.0734384 -0.2591980 -0.4039458 0.2385665 -0.4233013 -0.0647651 -0.4287691 -0.4917932 -0.2449432 -0.0334486 0.3798678 -0.4073232 -0.2035165 -0.2497267 -0.2973615 -0.3353332 0.4142482 -0.0011295 -0.5111118 0.2425288 -0.0685286 -0.1226153 -0.3139129 -0.4498638 -0.0182786 -0.1130746 -0.0150671 -0.1997167 -0.0931243 0.0258279 -0.1320558 -0.3143938 -0.2363514 0.1881392 -0.3168704 0.3246167 -0.1332848 0.2409187 -0.1669231 -0.2386796 -0.2600143 -0.3101628 -0.1261468 -0.1559565 -0.0472285 -0.3659340 0.1871179 -0.3115268 0.1578273 -0.1346856 -0.1326666 0.2184951 -0.1328049 0.0669340 -0.0381941 0.0758675 0.0538539 0.0608353 0.1567099 0.2270126 0.0561583 0.1973110 0.0223715 0.1807279 0.2871157 0.3026801 0.5778540 0.2978156 0.0883727 0.3935744 0.6678787 0.6299990 0.2716415 0.4367294 0.2477755 0.4077626 0.1281609 0.4496994 0.1593864 0.4373663 0.5770106 0.4774525 0.5601892 0.1531960 0.4597283 0.3903595 0.5170268 0.3354969 0.3869173 0.3897796 0.3568278 0.4200032 0.3292466 0.3772300 0.2942464 0.1351079 0.4576937 0.2330149 0.5232195 0.2795029 -0.3122187 0.3523340 0.1574133 -0.3177764 0.6485070 0.0519913 0.1835434 0.1095663 0.6736166 -0.1631688 -0.1240655 -0.2148398 -0.3062371 -0.3003093 -0.2743887 -0.2503588 -0.2758248 -0.1116476 0.0177365 -0.3845645 0.0514153 -0.2758480 -0.2339403 -0.1902116 -0.0637790 0.0420843 -0.0962689 -0.1532117 -0.1606602 0.3401858 0.0625835 -0.2973626 -0.1888763 -0.3493158 -0.2118705 0.0924852 -0.0703546 0.2316396 -0.2656812 -0.0776910 -0.0825679 -0.1031356 -0.4055792 -0.5268893 -0.2064423 -0.3876513 -0.4162419 0.5017431 0.0941236 0.5500439 0.5052862 0.3983432 0.3178251 0.4269523 0.3781981 0.2404723 0.4899237 0.5279594 0.6216308 0.2314855 -0.2313800 -0.0663904 -0.0492155 0.0704450 0.1199408 0.1749701 -0.0178335 -0.1233362 0.1687582 -0.0899883 -0.0212304 -0.5168040 -0.0388993 0.0209213 -0.3488879 0.3822742 0.1200801 0.2474209 0.2399047 0.5010755 0.0829025 -0.2492290 0.1387842 0.2170607 0.2074843 0.0062756 -0.0150741 0.2229711 0.0175512 -0.1069914 -0.2348605 -0.0049033 -0.0440787
0.7568246 0.0000000 0.2460104 0.3103360 0.5963044 0.7448815 0.7563111 0.2575476 0.0824204 -0.0337674 0.1058898 0.3195124 0.1060925 0.2077755 0.2438074 0.1609301 0.1270796 0.1189953 0.1963118 -0.3042856 0.0082575 -0.2550228 0.2031801 0.1800235 -0.1036933 0.0107330 0.2258432 0.1781175 0.3493156 0.1932913 -0.1326147 -0.0865580 0.0728401 0.0351447 0.2683710 0.2360507 -0.0289267 -0.1164447 0.0705818 0.0820109 -0.4178912 0.3371535 0.1932698 0.0313616 0.3347503 0.1564885 0.2452165 -0.3096690 -0.1765727 -0.1128144 0.2482941 0.2279040 -0.0838017 0.0920234 0.0408290 0.0303746 0.0909706 -0.0792591 0.2190773 0.0988161 0.2635796 0.1306345 0.0486092 -0.0449972 -0.0909791 0.0135730 -0.0306125 0.1190585 -0.1653417 -0.0088828 -0.2020173 0.1040094 -0.1093368 0.2643290 -0.1400503 -0.1311217 0.0679870 -0.3057286 0.1036583 -0.0607219 0.0146627 -0.0388898 0.0221356 0.2040129 -0.0160850 0.1177417 0.1175163 -0.1267036 0.2101721 0.2438838 0.3633920 0.5675915 0.3118370 0.0459633 0.4916827 0.5572523 0.4577177 0.3429835 0.3805188 0.2409404 0.1937321 0.2430036 0.4941036 0.2719846 0.2606315 0.3994239 0.4933209 0.4250103 0.0442607 0.4125267 0.1891934 0.4143656 0.3362240 0.3884006 0.4173974 0.3383033 0.4018008 0.2282987 0.2847155 0.2345845 0.2305310 0.4114853 0.0354455 0.4424967 0.2960725 -0.0775172 0.3366614 -0.0819383 -0.0479239 0.6029719 0.2674091 -0.1037368 0.1033764 0.6995062 -0.3064022 -0.2226360 0.0190201 -0.0153719 0.0177632 -0.1445528 -0.2950971 -0.1769104 -0.3435469 -0.0287159 -0.0918924 0.1613324 -0.1108171 -0.1990975 -0.2071825 -0.1515649 -0.0808837 -0.2261307 -0.1258578 -0.2346713 0.1511118 -0.2032693 -0.2511569 -0.3019047 -0.3083140 -0.3439064 -0.1633647 -0.2678436 0.1206707 -0.2163207 -0.1341235 -0.2773026 -0.0923025 -0.2691436 -0.1627057 -0.2759049 -0.2435172 -0.1822954 0.3133052 -0.0856924 0.6844921 0.6184308 0.3470777 0.2351857 0.1832067 0.4458075 0.4379033 0.5305002 0.3990835 0.5061497 0.0417752 0.0542739 0.1159841 0.1428742 -0.0459149 -0.0622550 0.0040643 -0.3113341 -0.2517862 -0.1296696 -0.0610952 -0.1444679 -0.4457045 -0.3047191 0.0815715 -0.1453428 0.3416304 0.2373288 0.2169978 0.3731956 0.2835299 0.0011569 0.0865739 0.2268301 0.2158904 0.2018751 0.0593814 0.1673620 0.1599748 -0.0721970 -0.0712336 -0.0206640 0.0867566 0.1188648
0.2762781 0.2460104 0.0000000 0.8085089 0.5559230 0.3332518 0.3117909 0.8374726 0.1680257 0.5046083 0.7065143 0.4747481 0.5209728 -0.1238457 -0.1793569 0.4649454 0.2531001 -0.0601109 0.5728390 0.4518328 0.5962369 0.2742182 0.3931440 -0.2745701 0.4172415 0.2414299 -0.0053727 -0.1847074 0.4686226 -0.0542588 0.4574016 0.2942470 -0.0743472 0.2752447 0.2785058 0.3058062 0.0973049 0.3381003 0.2159985 0.1287625 0.2306965 0.3949047 0.3960576 0.0353406 0.6834215 0.5496790 0.2759183 0.0854109 0.2325960 0.1315585 0.2454281 0.5455211 0.5261513 0.5653759 0.5365724 0.5660766 0.2885307 0.3967454 0.3930483 0.2881459 0.6363186 0.6236523 0.2940102 0.4906090 0.1487875 0.3164792 0.3607875 0.5984607 0.5647690 0.4750871 0.1429463 0.3459979 0.3757333 0.4233720 0.2500282 0.3124478 0.3803552 0.1366909 0.5057125 0.3334291 0.3730205 0.0677250 -0.3403131 -0.2864216 -0.2563489 -0.3268361 0.0709009 -0.2844025 -0.3475259 -0.0636497 0.0958996 0.2433538 -0.0059863 -0.2749686 -0.0541593 0.2534659 0.3242985 -0.3036241 0.1420712 -0.1333053 0.1856004 -0.2934386 -0.1767648 0.1808994 0.1735733 0.1070190 -0.2115561 -0.2888841 -0.0172164 -0.2075200 0.2009356 -0.1490959 -0.5654256 -0.3582007 -0.3042840 -0.4165262 -0.2964962 -0.4124319 -0.4144323 -0.1709810 -0.0697848 -0.0774358 0.1143946 -0.1810798 0.0948052 0.0329906 0.1823837 0.0210917 0.2044818 -0.0197270 0.2084934 -0.0932834 0.0636537 -0.0974480 -0.2412672 -0.0796250 0.1315377 0.2280690 0.2065396 0.1663158 -0.0479856 0.2283584 -0.1589530 -0.0666341 0.1248895 -0.0517908 0.1781909 0.1400676 -0.0504352 0.1205784 0.0433744 -0.0689896 0.0657798 -0.0077557 0.1545281 -0.1869062 0.0002576 0.0315392 -0.0086367 -0.1159433 0.2019188 -0.0852705 -0.0692434 -0.1131111 0.0304309 -0.0510336 -0.0434933 -0.0564896 -0.2011107 -0.2119581 -0.0980260 -0.1372981 0.6872193 0.3019448 0.5345043 0.7476004 0.7199706 0.5495016 0.6431271 0.5106273 0.4883782 0.4756115 0.4709781 0.3395505 0.2779167 -0.3647948 0.0007108 0.0546141 0.4517916 0.4524795 0.0234132 0.2476721 0.2682025 0.1063198 0.1284096 0.1723870 0.0576738 -0.0217947 0.4046561 0.1157952 0.5592239 0.0978191 0.3320176 0.4477130 0.4110162 0.5338263 0.2856815 -0.0383699 0.5384962 0.3816659 0.3575646 0.2941048 0.4242486 0.3944244 0.3207056 -0.0245967 0.1273848 -0.1352609
0.3390391 0.3103360 0.8085089 0.0000000 0.4603263 0.6321235 0.3924797 0.8301445 0.5408891 0.7771803 0.8303055 0.7191760 0.2181947 -0.0320368 0.1605110 0.4790757 0.5633327 -0.1603867 0.2977236 0.0035694 0.7527022 -0.0023624 0.4212477 -0.1213958 0.1096018 0.0999730 0.1967920 -0.3633061 0.6796284 0.0492966 0.1460786 0.0218187 -0.0766855 0.5535699 0.2222315 0.5151802 -0.0391398 0.0458752 0.3725811 0.1328983 0.0505408 0.3718954 0.4106418 0.0165464 0.7425163 0.2766990 0.1776687 -0.0633934 0.4284833 -0.2285209 0.1812738 0.5354073 0.7405099 0.5822677 0.3050107 0.2992267 0.1554596 0.5558538 0.2201727 0.1775005 0.5716790 0.5099440 0.2020511 0.6573856 0.3408977 0.1914016 0.1946661 0.5094647 0.3320380 0.4758655 -0.1954680 0.4955717 0.1236096 0.5303551 -0.0993947 -0.0008706 0.4296013 -0.2156889 0.1651135 0.0919518 0.0770387 -0.3077692 -0.5882774 -0.4800257 -0.3926218 -0.4880959 -0.1723724 -0.5010657 -0.4321714 -0.2580848 -0.0647180 0.1598082 -0.1939149 -0.5494525 -0.0745157 0.2743973 0.3328238 -0.3574070 0.2085432 -0.3927492 0.0578038 -0.4020151 -0.1876633 -0.2038227 0.2303894 0.1148170 -0.2732348 -0.2899026 -0.1930321 -0.3288996 0.0658889 -0.2120646 -0.4088242 -0.1565465 -0.0771065 -0.2657864 -0.1560908 -0.1998114 -0.2960672 0.1663550 0.2336039 0.1487831 -0.1026208 -0.1323635 0.3010364 0.2313016 0.3067558 -0.0566800 0.2503147 -0.0080851 0.0859757 -0.0905507 -0.0328485 -0.0280890 -0.4139749 -0.1355162 0.0315590 0.1945084 0.0415711 0.1798496 -0.2434646 0.1939034 -0.2773474 -0.1080490 0.0296124 -0.1589311 -0.0250696 -0.1492856 -0.1350353 -0.1075362 -0.2624312 -0.3206843 -0.1060475 -0.1789344 -0.0380658 -0.2733111 0.0904774 -0.1891029 -0.0559031 -0.3490509 0.0303817 -0.2838971 -0.2518088 -0.2078915 -0.0966529 -0.1495924 -0.1120512 0.0534137 0.0469709 -0.2561021 0.0243142 0.0434500 0.4862166 0.0999897 0.2986326 0.6741809 0.7022053 0.3019290 0.7679627 0.6075296 0.4695766 0.5472114 0.3909457 0.4418338 0.2391584 -0.4204155 -0.1386892 -0.1384922 0.2772823 0.5443089 0.2953822 0.3872919 0.4706567 0.3942302 0.4528559 0.4687506 0.1794371 -0.0225329 0.1421685 0.2287211 0.4001867 0.0045109 0.2395044 0.1491050 0.1891120 0.1396491 0.1976424 -0.2288376 0.3641976 0.2201337 0.2507954 0.3422249 -0.0223880 -0.0444212 0.1663002 -0.3121194 -0.1194251 -0.2740179
0.7408144 0.5963044 0.5559230 0.4603263 0.0000000 0.4623492 0.5015847 0.5123758 0.1243707 0.0789850 0.3393546 0.1170602 0.5078898 -0.3130513 -0.0027218 0.3576321 -0.1554447 -0.0267764 0.4191155 0.2086699 0.0918142 0.0849385 0.2101343 -0.3982044 0.0312064 0.0461256 -0.3171902 -0.2204354 0.1583487 -0.2283573 0.2691655 -0.1832054 -0.4143516 -0.2363100 0.1816282 0.1891357 -0.2582075 -0.0233901 -0.0814622 -0.2223719 -0.0754403 0.2921454 0.2940937 -0.4440569 0.2831417 0.1464125 0.0212064 -0.2226388 -0.4825282 0.0592209 0.1146613 0.1839610 -0.1397516 -0.0271719 0.2705004 0.1470059 -0.1336205 -0.2703160 0.1701003 -0.1101136 0.4136335 0.1468649 0.5622730 -0.1248223 -0.3157206 -0.1117909 -0.0898291 0.0575028 0.1544992 0.0708111 -0.0952949 0.2218655 -0.1954659 0.2178873 0.2307349 -0.0402469 0.3551403 -0.0986865 0.3046856 0.2399037 0.3796536 0.2680473 -0.0097178 0.0026980 0.1863764 -0.1174111 0.3902644 0.0217440 0.0083774 0.2188470 0.1891484 0.6527034 0.2111662 0.1349763 0.3111088 0.7159863 0.7267917 0.0144897 0.4853429 0.3478522 0.5760504 -0.1042041 0.1788498 0.2840492 0.5251022 0.5440833 0.2856043 0.3636144 0.2124369 0.3449060 0.5326340 0.4114660 0.0330852 0.2614081 0.2752788 0.2341333 0.3152512 0.1503366 0.2024319 -0.0798628 -0.1371729 0.1969150 0.2520568 0.3197433 0.2603908 -0.3369908 0.0358492 0.2497993 -0.2052411 0.3052860 -0.0343435 0.1723951 -0.1210799 0.4133460 -0.2842661 -0.1082041 -0.2278257 -0.2721974 -0.1928531 -0.2999414 -0.2836324 -0.3041320 -0.0561697 -0.0392960 -0.2983510 -0.1375950 -0.2799658 -0.2279146 -0.2197126 -0.1821802 -0.0530420 0.0373832 -0.2839108 -0.2172191 0.1623157 -0.0158686 -0.3074911 -0.2065572 -0.2026527 -0.2204309 -0.0204241 -0.1904419 0.1335245 -0.2461012 -0.1685411 -0.0881962 -0.2168069 -0.3843716 -0.4998550 -0.2788883 -0.4583806 -0.4321290 0.6347806 0.1378612 0.7641434 0.5331293 0.4106394 0.3492089 0.3921177 0.3370834 0.2634349 0.4891915 0.4588259 0.5776189 0.2913757 -0.4402227 -0.1248102 0.0625644 0.3171682 0.2911076 -0.1765833 0.0431219 -0.0305818 -0.0561671 -0.2554584 -0.1024566 -0.5647698 -0.0611172 0.2717831 -0.2872851 0.6163005 0.3047752 0.2134005 0.3340659 0.6803729 0.4806576 -0.1371953 0.0386969 0.3458973 0.5029843 0.1123193 0.0251207 0.5218282 0.1589077 -0.0616065 -0.1885130 0.2310724 0.0267232
0.6905476 0.7448815 0.3332518 0.6321235 0.4623492 0.0000000 0.7510305 0.5682607 0.5524997 0.4052946 0.5733883 0.6612791 0.1397947 0.0311687 0.5158256 0.4569521 0.4717993 0.0196130 0.2317602 -0.3424538 0.4451266 -0.1840189 0.4824556 -0.0403106 0.0118554 0.1723330 0.3621591 -0.2489076 0.6805213 0.0925694 -0.1419461 -0.0785148 -0.1504619 0.2845705 0.3874037 0.5694636 -0.0569177 -0.0472118 0.2472408 0.1874688 -0.2358486 0.4971976 0.3972443 -0.0299070 0.5986789 0.1982001 0.2779920 -0.1905925 0.1247470 -0.2050019 0.3297911 0.4364043 0.3255140 0.3954326 0.1773262 0.1089619 0.1111691 0.3740988 0.2805276 0.1896533 0.4535079 0.3289038 0.0241917 0.3231412 0.0483473 0.1197526 0.1268413 0.3533008 0.0189756 0.3697447 -0.3037112 0.4921467 0.0046522 0.4306957 -0.2428761 -0.0302029 0.4222879 -0.3696749 0.1472781 0.0438772 0.0351148 -0.2060012 -0.2250451 -0.0250015 -0.1868138 -0.1014383 -0.1444317 -0.2961856 -0.0253020 0.0688987 0.1966077 0.4171261 0.1046809 -0.2395963 0.2502870 0.3678558 0.4250565 0.2147501 0.2782955 -0.1068323 0.0961824 0.1412476 0.3640645 -0.0161614 0.2127604 0.3243855 0.2967519 0.1841610 -0.1019076 0.0918379 0.1220569 0.2174436 0.1619652 0.2274160 0.3330158 0.1579140 0.2597979 0.1846293 0.1227991 0.4101440 0.3930710 0.4680259 -0.0182772 0.2912276 0.4197076 0.0318850 0.5030449 -0.0624094 -0.0344444 0.4823005 0.2788660 -0.1428590 0.1873417 0.5526828 -0.3716590 -0.2541409 -0.0290300 0.0381630 -0.0508590 -0.0163022 -0.3384532 -0.0370265 -0.2450324 -0.0594561 -0.1504582 0.1203226 -0.0930809 -0.2465105 -0.0553460 -0.0930860 -0.1041611 -0.3222167 -0.0386776 -0.1732186 0.1474480 -0.1902720 -0.0179830 -0.2305318 -0.0856594 -0.3344286 0.0063964 -0.1839796 -0.0141495 -0.1732161 0.0063399 -0.2066168 0.0165778 -0.0311025 -0.0072362 -0.1439068 0.0139024 0.0406795 0.3748512 -0.1106684 0.4105399 0.5327347 0.4774211 0.0715878 0.5378634 0.7026404 0.6254789 0.7616804 0.5316753 0.6987265 0.1175889 -0.2681857 -0.0298126 -0.1465248 -0.0056281 0.3429809 0.4071281 0.1650681 0.1460842 0.3145725 0.2920931 0.1738193 -0.2208317 -0.0639204 0.1391874 -0.0639962 0.1615736 -0.1059173 0.1399210 0.1539418 0.1706947 -0.0709636 -0.0069461 -0.1176906 0.0465732 0.0430261 0.0082077 0.1973639 -0.0674680 -0.1201400 0.0797128 -0.3426167 -0.2149649 -0.1157660
0.5682897 0.7563111 0.3117909 0.3924797 0.5015847 0.7510305 0.0000000 0.3379891 0.0115191 0.0150625 0.3171582 0.6112872 0.0382251 0.2006382 0.2806120 0.1138602 0.1540747 0.4433867 0.1013860 -0.3409852 0.2965810 -0.3856797 0.1843073 -0.1752945 -0.0491496 -0.0901472 0.2473630 0.1385614 0.5311622 0.2774205 -0.2031271 -0.0418870 -0.0956819 0.0027480 0.4094916 0.2212696 -0.1880669 -0.1611695 0.1518020 0.2797934 -0.4404227 0.4497837 0.3961582 0.0682314 0.7220106 0.1367927 0.2112841 -0.4427604 -0.0952002 -0.2540854 0.4194254 0.4163668 0.2272490 0.2997583 0.1198401 0.0355717 0.0784903 0.1475798 0.5345899 0.2953880 0.6424385 0.3986983 -0.0925470 0.3238665 0.1324887 -0.0226976 0.1490134 0.4501942 -0.1391142 0.3542379 -0.3352401 0.2586514 0.0091448 0.5111208 -0.2486753 -0.0009660 0.2802124 -0.3929522 0.3415225 0.2125705 0.2264572 0.0525843 -0.1093592 0.1035319 -0.2433507 -0.0015391 0.1587067 -0.3229099 0.0698022 0.0831059 0.3351838 0.5562051 0.3100126 -0.0786759 0.4976028 0.4754395 0.3150519 0.3185175 0.2565748 0.0910162 0.1337915 0.2092707 0.3649190 0.4210930 0.1290720 0.4123933 0.5282677 0.2551120 0.0617533 0.3771586 0.2730816 0.4946543 0.3148683 0.2519675 0.3652216 0.3167851 0.4017146 0.2593816 0.2547256 0.3230552 0.3040387 0.4843039 0.1083540 0.5113700 0.4409310 -0.1599106 0.3148521 -0.0590579 -0.1833042 0.5188794 0.3048542 -0.1448488 0.2839397 0.6844679 -0.3806449 -0.3045962 0.0278932 -0.0836278 0.0032057 -0.2371690 -0.3895682 -0.2767295 -0.4088357 -0.0125615 -0.1666798 0.2482323 -0.1798810 -0.2776110 -0.1909974 -0.3556118 -0.2128781 -0.3151758 -0.2463441 -0.2875703 -0.0803371 -0.2888517 -0.2135412 -0.3737303 -0.1930113 -0.4525970 -0.2225504 -0.4075838 0.1448017 -0.2669514 -0.2087837 -0.3813123 -0.0731724 -0.2392471 -0.1979846 -0.3634383 -0.2496370 -0.2272834 0.5229951 -0.2381793 0.7687099 0.6681713 0.5732381 0.1084432 0.2681645 0.6592228 0.7100576 0.7211610 0.6340631 0.5609775 -0.0350925 -0.1053988 0.0009193 0.1739517 0.1277888 0.3130216 0.2922176 0.0727036 0.1529526 -0.0290483 0.0543528 -0.0475678 -0.3957383 -0.0683769 0.3528531 -0.1599475 0.1908984 0.2928330 0.3618657 0.4643003 0.2653409 0.0323593 0.1339446 0.0936319 0.0554242 0.4134628 0.2494772 0.2742883 0.1414658 -0.0672262 0.3457644 -0.2385302 -0.2423860 -0.2002052
0.3668525 0.2575476 0.8374726 0.8301445 0.5123758 0.5682607 0.3379891 0.0000000 0.5191954 0.5889793 0.8777230 0.6093969 0.6398885 -0.2993780 0.2213421 0.7982138 0.4213968 -0.2228508 0.6889544 0.3519123 0.7312015 0.4289139 0.6834041 -0.3996261 0.5325425 0.4885702 0.1244237 -0.4386571 0.6888550 -0.1487249 0.5247841 0.3328436 -0.2987782 0.2962541 0.5051735 0.6905654 0.2448553 0.4900023 0.2332543 0.1824405 0.4133836 0.5933847 0.5417550 -0.1102681 0.6869195 0.6043251 0.4457039 0.3075087 0.2034460 0.2277349 0.4172145 0.6623707 0.5168095 0.6494205 0.6970962 0.6485440 0.4052313 0.6006428 0.3180914 0.4306958 0.6231440 0.6884414 0.4433340 0.5345300 0.0397999 0.5266416 0.5360149 0.6817849 0.6937743 0.7298890 0.2227008 0.7285889 0.4995497 0.5597300 0.3441786 0.4976663 0.7512963 0.2308037 0.5500599 0.3964225 0.4225422 -0.0248686 -0.3405593 -0.2836098 -0.1241792 -0.2632481 0.0496158 -0.2070722 -0.2457237 0.0364028 0.1476676 0.3401657 -0.0143997 -0.2748482 -0.0023509 0.3024970 0.4739869 -0.1447538 0.3153862 -0.1628654 0.2913859 -0.1593608 0.0309444 -0.0314443 0.2453608 0.2467834 -0.0652310 -0.1006238 -0.0268286 -0.1553345 0.2915056 -0.0836675 -0.4288484 -0.1795997 -0.0981817 -0.2997304 -0.1648035 -0.2339550 -0.3003902 -0.0184675 0.0185013 0.0657477 0.0813360 -0.0370768 0.1815197 -0.0301469 0.3453919 0.0129740 0.0287929 0.1701227 0.1973036 -0.0429384 0.0957179 0.0761310 -0.2977080 -0.1391010 -0.0025952 0.0926152 0.0067409 0.1527609 -0.1794022 0.1785547 0.0246576 -0.0745758 -0.0953093 -0.0849383 0.0677142 -0.0111975 0.0486260 0.1665347 0.0923164 -0.1285552 0.1156059 -0.0456290 0.2548451 -0.0505293 0.1054606 -0.0051336 0.1522385 -0.1050494 0.2576065 0.0502636 0.0271469 -0.0715862 0.1625279 -0.0264160 0.0394433 0.0298471 -0.1161944 -0.0318710 0.0290023 -0.0003584 0.5898907 0.3722586 0.3637926 0.5814946 0.5793348 0.3246238 0.8274133 0.7396494 0.6504252 0.7090974 0.5278029 0.6452577 0.3606169 -0.4974138 -0.0996366 -0.1624796 0.4637272 0.6764371 0.2252260 0.4972229 0.4064193 0.3029899 0.2024341 0.2260374 -0.0030690 0.2210600 0.4417379 -0.0252218 0.5427930 -0.1432974 0.2036940 0.2403215 0.3941837 0.5075025 0.0337018 -0.0065860 0.4999901 0.2531148 0.2504070 0.2964236 0.3668943 0.4032364 0.2601278 -0.0332903 0.0553477 -0.0555202
0.2081382 0.0824204 0.1680257 0.5408891 0.1243707 0.5524997 0.0115191 0.5191954 0.0000000 0.7695769 0.6873210 0.4263516 0.1853706 -0.1176503 0.6549798 0.6366988 0.7120996 -0.2245631 0.2256456 -0.0010990 0.4570202 0.2414511 0.6359874 0.0654736 0.0836335 0.3304719 0.4128247 -0.4961912 0.4638784 0.0025673 0.2411627 -0.1004584 -0.1914411 0.4997469 0.2985381 0.6405623 0.1401126 0.1888514 0.5074816 0.2029105 0.3824032 0.2662143 0.4948603 -0.1712679 0.1648697 0.1022772 0.1655489 0.3610475 0.3126369 0.0451161 0.2035368 0.4671909 0.3938667 0.4669243 0.2095971 0.1240271 0.0952817 0.5447979 -0.2148450 0.1046920 0.0719836 0.2785277 0.2933068 0.3484803 0.1494454 0.2227025 0.1794911 0.1873579 0.2362310 0.3776429 -0.0874832 0.6505314 0.0813053 0.3066146 -0.0611814 -0.0005711 0.4895030 -0.1783362 -0.1211446 0.0376903 -0.1000386 -0.2179741 -0.2703109 -0.2406307 0.0367930 -0.1540475 -0.2811751 -0.0416312 -0.1070754 -0.0529195 -0.1570011 -0.0657225 -0.2188964 -0.2545771 -0.1642842 0.0662169 0.2643322 -0.1197951 0.2611786 -0.2946664 0.0738010 -0.1124444 0.0847406 -0.5474623 0.2326264 0.0729516 -0.1458829 -0.0093846 -0.0554981 -0.2608134 -0.0691137 -0.2195659 -0.1867777 0.0351694 0.0720244 -0.1548310 -0.1081892 -0.0809853 -0.2104589 0.2015450 0.2329101 0.0864604 -0.4053291 -0.1793667 0.0665613 0.2514530 0.2448113 -0.3069182 0.1526857 -0.0600718 -0.1275725 -0.2798201 -0.2390823 -0.1506984 -0.3881420 -0.2676819 -0.2752448 0.0519267 -0.2033210 0.2035006 -0.3438557 0.1816933 -0.0696434 -0.2415457 -0.1833488 -0.3379095 -0.1514500 -0.3092084 -0.1623265 0.0255216 -0.1353396 -0.3429239 -0.0428059 -0.2700629 -0.0514234 -0.1493772 -0.0257480 -0.1975444 -0.0080230 -0.2164467 -0.0415850 -0.0743628 -0.4157850 -0.2668487 -0.0401285 -0.1322876 -0.2430040 -0.0144230 0.0893345 -0.0920641 0.0693024 0.1318733 -0.0299069 0.2148285 -0.2503737 0.0353218 0.1498565 0.0006692 0.5972482 0.3838962 0.1957858 0.3592458 0.0829670 0.4996046 0.3262935 -0.2621948 -0.0891784 -0.3082093 0.0756046 0.3870928 0.3128962 0.3987301 0.3014618 0.5484550 0.4682963 0.4856564 0.1872119 0.1644175 -0.0911230 0.1128857 -0.0053997 -0.4271132 -0.4443629 -0.5727278 0.1759104 0.0554964 -0.1147141 -0.2155415 -0.0542487 -0.2407160 -0.4413379 -0.1153058 -0.1712906 -0.1822507 -0.1282315 -0.2213578 -0.1831976 -0.1341723
-0.0387527 -0.0337674 0.5046083 0.7771803 0.0789850 0.4052946 0.0150625 0.5889793 0.7695769 0.0000000 0.8285041 0.5198400 0.0243225 0.1515655 0.2544903 0.4693415 0.7913437 -0.1487981 0.1748685 0.0900172 0.5902691 0.0843678 0.4837232 0.1481783 0.0800289 0.1633531 0.4388527 -0.2590670 0.4527720 0.2466025 0.2155310 0.0416786 0.1611305 0.6964239 0.2161887 0.4110995 0.1257502 0.1233566 0.7165951 0.3763209 0.3477708 0.1777340 0.5181025 0.2207061 0.4117608 0.2070578 0.1628564 0.2360344 0.6634590 -0.1983576 0.2002789 0.6057958 0.7361608 0.6804746 0.2116396 0.2225946 0.2024480 0.6635394 0.0169533 0.1939447 0.2812164 0.4920734 0.1041704 0.6251295 0.4586089 0.2486263 0.2396826 0.3816843 0.2940522 0.3547879 -0.0947593 0.4458596 0.1687026 0.3901100 -0.1036828 -0.0976592 0.2974634 -0.2288809 -0.0071860 0.0842493 -0.0316271 -0.2446085 -0.4545874 -0.3911803 -0.2779519 -0.3322450 -0.3693843 -0.2948759 -0.3314382 -0.2742476 -0.1699237 -0.2019586 -0.2976763 -0.4522927 -0.2405404 -0.0822363 0.0491489 -0.3923267 0.0859184 -0.4795092 -0.1121150 -0.3366512 -0.2331061 -0.4741368 0.0852019 -0.1237249 -0.4249280 -0.3732596 -0.2119954 -0.4340140 -0.2222963 -0.4906093 -0.4942957 -0.1891528 -0.1559516 -0.3593466 -0.3071147 -0.3117243 -0.4234026 0.1127121 0.2712801 -0.0090700 -0.3907016 -0.4477188 0.1173582 0.5942930 0.1693427 -0.2952957 0.5696818 -0.3913684 -0.0394656 -0.3189144 -0.1079588 -0.4095979 -0.3253978 -0.1582108 -0.0055244 0.4540360 0.1963792 0.4451962 -0.1350622 0.4903557 -0.1782183 -0.2688763 0.2467109 -0.3186361 0.1427787 -0.0382899 -0.1321000 0.0420934 -0.2876190 -0.2860900 0.0535213 -0.1585121 -0.2308187 -0.3150852 0.0944998 -0.0751974 0.0548939 -0.2582463 -0.0106988 -0.2153386 -0.5410953 -0.2209389 -0.0973429 -0.0466128 -0.2219127 0.1262008 0.2561468 -0.1651352 0.1793297 0.2270041 0.1311407 0.1682599 -0.1549614 0.2881278 0.3999983 0.1859889 0.5653314 0.3711416 0.2399736 0.2680257 0.1155739 0.2937688 0.3234792 -0.1659050 0.1015275 -0.0301944 0.1945183 0.4017824 0.2115058 0.3445053 0.3822339 0.4735342 0.6537326 0.6117502 0.4967820 -0.0999599 -0.0357094 0.5267202 0.0796100 -0.1810348 -0.1950477 -0.3474533 -0.0491407 0.0900870 0.3382419 -0.4295613 0.0803162 -0.0695939 -0.0888435 0.0905026 -0.2888620 -0.1657358 0.0935320 -0.2356250 -0.2133195 -0.2780466
0.1599769 0.1058898 0.7065143 0.8303055 0.3393546 0.5733883 0.3171582 0.8777230 0.6873210 0.8285041 0.0000000 0.6455620 0.4331176 -0.0789952 0.3329587 0.7549747 0.6523147 -0.0320658 0.5313815 0.2890161 0.7191876 0.2990006 0.7149508 -0.2735253 0.4242222 0.4302875 0.3441687 -0.3400189 0.6376124 0.0981099 0.4365586 0.2712534 -0.1331932 0.4440456 0.5509327 0.5722961 0.1990844 0.3910573 0.5615963 0.4054810 0.4312297 0.4508416 0.7330596 0.0707513 0.6740622 0.5008960 0.4013740 0.2807726 0.4115056 0.0359602 0.5034579 0.7886448 0.6666916 0.7764408 0.5809946 0.5198722 0.3712152 0.7134114 0.2783001 0.4629215 0.5956664 0.7613491 0.2651801 0.6577048 0.2164952 0.4447501 0.5316270 0.6848185 0.5592315 0.7051392 0.0839819 0.7168300 0.4214508 0.5537024 0.1644013 0.2922692 0.6695742 -0.0367313 0.4574363 0.4191677 0.3652165 0.0006572 -0.3530111 -0.2702187 -0.2348998 -0.2651133 -0.1392965 -0.2451044 -0.2707595 -0.0780980 0.0321925 0.1442263 -0.0801326 -0.3217340 -0.0738552 0.0923528 0.2805101 -0.1743416 0.2042255 -0.3179689 0.1247365 -0.1445388 -0.0448124 -0.1523568 0.1124060 0.1052054 -0.1432447 -0.2259966 -0.0901439 -0.2389897 0.0893984 -0.2183792 -0.4362231 -0.1861388 -0.0997807 -0.3002449 -0.1857983 -0.2520169 -0.3494890 0.0551343 0.1569213 0.0894388 -0.0885190 -0.1933259 0.2084703 0.2381338 0.2976229 -0.1127851 0.2658927 -0.0816712 0.1679970 -0.2290588 0.1066693 -0.0982502 -0.3328115 -0.1740875 0.0152579 0.2867919 0.1522371 0.2704194 -0.1716642 0.3122364 -0.0207810 -0.1455071 0.0709269 -0.1333979 0.1426041 -0.0046852 0.0416483 0.1006543 -0.0719385 -0.1730613 0.1208258 -0.0734409 0.0178847 -0.1785633 0.1489109 -0.0014242 0.2407874 -0.1634451 0.1733582 -0.0559792 -0.1892160 -0.1071455 0.1044288 -0.0188670 -0.0320645 0.1158680 0.0717208 -0.0568449 0.1493223 0.1458842 0.4483828 0.2098346 0.1984059 0.4364326 0.5299424 0.1780327 0.7268377 0.6897512 0.6290691 0.6529047 0.4318655 0.5819740 0.3090916 -0.4406356 -0.0222743 -0.1158296 0.3718974 0.6636285 0.3028345 0.5202000 0.4556164 0.4048463 0.4376602 0.4071487 0.1844337 0.1161667 0.3916026 0.2191877 0.2699805 -0.1535800 0.0290465 0.0041148 0.2217762 0.3985162 0.2258991 -0.2896860 0.2079185 0.1819144 0.1122885 0.1583409 0.1048659 0.1978855 0.3530310 -0.2051183 -0.1624359 -0.2127608
0.2526218 0.3195124 0.4747481 0.7191760 0.1170602 0.6612791 0.6112872 0.6093969 0.4263516 0.5198400 0.6455620 0.0000000 -0.0504128 0.1577358 0.3509839 0.2879352 0.6377176 0.0266050 0.0232827 -0.2741565 0.8834304 -0.2177821 0.3430630 -0.0334641 0.0228868 -0.0700392 0.4593357 -0.1884019 0.8911155 0.2037272 -0.0306423 -0.0240134 -0.0753802 0.5892826 0.2706540 0.6749091 -0.0752212 -0.0170205 0.3976919 0.4920064 -0.0561163 0.6460472 0.3773974 0.1631276 0.8782974 0.1483826 0.1396057 -0.0534956 0.5066408 -0.1379274 0.2587450 0.5566242 0.7954531 0.7166422 0.2466939 0.1363289 0.1170327 0.7468799 0.4316851 0.3269530 0.7008990 0.5298195 -0.0440523 0.8374648 0.5592673 0.1674994 0.2838457 0.6185050 0.0922533 0.6540106 -0.3737731 0.5988813 0.2363815 0.7147126 -0.3925828 0.1425239 0.4301506 -0.2630987 0.1809665 0.0949758 -0.0160613 -0.2568636 -0.4028094 -0.1839910 -0.3071628 -0.1722232 -0.1277841 -0.3963405 -0.1357905 -0.0613311 0.1422764 0.2056208 -0.0084294 -0.3700776 0.1870169 0.2688063 0.2030884 0.0114230 0.1737533 -0.2606425 0.0473512 -0.0074515 0.1288105 0.0331539 0.1764776 0.2051393 0.1102649 -0.1199795 0.0322738 -0.0869996 0.1177684 0.0891511 -0.1237427 -0.1964095 -0.1002547 -0.2346513 -0.1650776 -0.1980668 -0.2841585 0.3428149 0.3960465 0.2476136 -0.1269312 0.0920944 0.2016832 0.1468259 0.4348465 -0.3271898 0.0582267 0.2256451 0.2291403 -0.1934799 0.1960786 0.1941759 -0.3350172 -0.2961219 0.1036047 0.1242688 0.0027834 0.1391355 -0.3237951 0.0778529 -0.4627441 -0.1378808 -0.0638395 0.0129389 -0.0763915 -0.2463661 -0.2247370 -0.1747904 -0.2357326 -0.5353225 -0.1089703 -0.2843205 -0.2142442 -0.3558641 -0.0899706 -0.3617890 -0.1849703 -0.4418313 -0.1950872 -0.3360245 -0.1845129 -0.3564101 -0.2169591 -0.3478049 -0.1381910 -0.1306227 -0.0562910 -0.3460515 -0.0761350 -0.1019333 0.3847574 0.1199375 0.2485625 0.6867561 0.7894296 0.2703736 0.7602502 0.8295621 0.7058550 0.6984306 0.5730166 0.5012843 0.1161989 -0.0430161 -0.0002060 -0.0573042 0.2006181 0.6319108 0.6481049 0.5570603 0.6873828 0.5052445 0.5865718 0.4803987 0.2301503 0.2383341 0.1563568 0.1371592 0.1805874 0.0517824 0.2831326 0.0810833 0.1001696 -0.0650441 0.2497680 0.1484506 0.2782575 0.2253392 0.2131533 0.3051513 -0.1552743 -0.1398466 0.4812428 -0.1072448 -0.3686940 -0.3367076
0.2392086 0.1060925 0.5209728 0.2181947 0.5078898 0.1397947 0.0382251 0.6398885 0.1853706 0.0243225 0.4331176 -0.0504128 0.0000000 -0.4880561 0.1314210 0.7836630 -0.0426981 -0.0744870 0.9158677 0.7369830 0.1461845 0.8199018 0.6794856 -0.4846999 0.7933424 0.7594170 -0.1280344 -0.2664611 0.1851738 -0.3241500 0.7621434 0.5169112 -0.3797049 -0.1940940 0.5657561 0.3180077 0.4034442 0.7606045 -0.0964165 -0.0653117 0.5430208 0.3108777 0.4619914 -0.3032083 0.1226962 0.7197370 0.5274379 0.4684669 -0.3054503 0.6891330 0.4660647 0.3783197 -0.1549407 0.2004343 0.8059187 0.7664876 0.4157762 0.1104435 0.0542630 0.3954461 0.2170429 0.4614550 0.5993628 -0.1112623 -0.5732793 0.5336873 0.5281682 0.3857528 0.7840275 0.4712828 0.5945674 0.4937985 0.4939738 0.0651334 0.7458446 0.6702538 0.5937205 0.4710042 0.6725140 0.4724677 0.5881097 0.3845498 0.1349639 0.0661282 0.1845987 0.0189672 0.2263457 0.2192377 -0.0266850 0.3151552 0.1387091 0.3831413 0.2024083 0.1837930 -0.0524163 0.1880738 0.4808760 0.0977980 0.2182309 0.2013560 0.4083744 0.1224092 0.1430454 0.2399890 0.1428487 0.2138640 0.0872417 0.0824275 0.1789798 0.0121642 0.3833429 0.0882620 -0.2687383 -0.1476111 -0.1210244 -0.1984600 -0.0833673 -0.2068991 -0.1785448 -0.3606712 -0.3654904 -0.1270128 0.3235828 0.0210053 -0.0607565 -0.4059071 0.1640496 0.2566078 -0.2014802 0.2464009 0.2733931 0.0349324 0.0568194 0.0968113 -0.0326918 0.0528411 0.0219368 -0.0874531 0.0231269 -0.0411476 0.0541179 -0.0083771 0.3937153 0.1345442 -0.1360207 0.0780252 0.1624011 0.2042265 0.3114591 0.3813139 0.5186525 0.2975845 0.2761226 0.2276352 0.5838920 0.2374235 0.1485008 0.3030222 0.3703154 0.3354538 0.4571453 0.4485243 0.3289150 0.2490854 0.4813178 0.1875255 0.2392845 0.0706860 -0.2120909 0.2683672 0.0567786 0.0153119 0.4074117 0.3395318 0.3731596 0.0963514 0.0419926 0.1118503 0.3647125 0.3417278 0.3850375 0.4522133 0.2410578 0.3929957 0.1385825 -0.5635944 -0.2175592 -0.2895755 0.2628277 0.2558973 -0.1272521 0.1433612 -0.0925582 -0.0896764 -0.3513667 -0.2378045 -0.3329812 0.2400164 0.5808813 -0.3425474 0.3900628 -0.2215445 0.0676357 0.3507733 0.5857289 0.7514802 -0.1591837 0.1140795 0.3112292 0.1867138 0.0860660 -0.0565719 0.7803243 0.7081812 0.1120351 0.1359789 0.4336999 0.3436087
-0.3720369 0.2077755 -0.1238457 -0.0320368 -0.3130513 0.0311687 0.2006382 -0.2993780 -0.1176503 0.1515655 -0.0789952 0.1577358 -0.4880561 0.0000000 -0.0815682 -0.2902419 0.4887693 0.5066050 -0.2396047 -0.3689519 -0.0980645 -0.3828976 -0.0205057 0.7465119 -0.1897039 -0.1789368 0.7331247 0.8377469 0.0862441 0.9222767 -0.3328977 0.1505789 0.8624741 0.4699891 0.2025536 -0.2824724 0.2487636 -0.1596053 0.5756825 0.5715847 -0.2187194 -0.1840444 0.2038060 0.8174742 0.1028499 0.0149106 0.2324940 -0.1247731 0.5394771 -0.3629642 0.3310650 0.2144393 0.2528662 0.2353946 -0.2248923 -0.0816556 0.2918349 0.1998164 -0.0345235 0.3531947 -0.1743763 0.2204160 -0.4336332 0.2264923 0.4257782 0.0925802 0.1516655 0.1289352 -0.2568101 -0.1529057 -0.1052772 -0.3219482 0.0385286 0.0026849 -0.3326593 -0.2612457 -0.4642074 -0.4107135 -0.2117139 -0.2480090 -0.3263885 0.0362474 0.1378662 0.2483855 -0.1865417 0.3016644 -0.0326492 -0.0284816 0.2644546 0.0695877 0.2245486 -0.0362244 0.1755406 0.0882756 0.3070763 -0.1159404 -0.2641306 0.2317748 0.0142638 0.0752959 -0.1994327 0.2774123 0.1713230 0.1923096 -0.0889012 -0.1331617 0.1072456 -0.1159840 0.0806351 0.0019354 -0.2157392 -0.0368816 0.1457643 0.0286178 0.0438007 0.0400180 -0.0060241 -0.1150251 -0.0648323 0.1915544 0.4481099 0.1141185 -0.2055433 -0.0855023 0.1066568 0.5577150 0.0905102 -0.3069870 0.5724433 -0.1273359 0.2988431 -0.2867565 0.0474276 -0.0434711 -0.0214020 0.0312658 0.3699832 0.5040382 0.4926913 0.3790399 0.0738902 0.3104502 -0.3483282 -0.0136419 0.5346916 0.2574574 0.2695125 0.1198682 -0.0800670 -0.0952185 -0.2013671 -0.1253705 0.0514969 -0.0416838 -0.3496498 -0.2547421 -0.0336712 -0.0917262 -0.0234144 -0.1605389 -0.3253100 -0.3019114 -0.2157179 -0.0528546 -0.1584704 -0.1458181 -0.0049901 0.1544946 0.4635043 -0.1635879 0.1988688 0.2925694 -0.2976711 -0.3116793 0.0075749 0.1319625 0.0402044 -0.1017703 -0.3214452 0.0120196 0.1983309 -0.0131898 -0.1800736 -0.1858198 -0.3393674 0.4966104 0.2815227 0.2373226 -0.3210805 -0.3088614 0.0330566 -0.4190131 -0.1222922 -0.0419132 0.3782874 0.1657609 0.3246217 -0.4644672 -0.2116701 0.4894749 -0.2828498 0.2358874 -0.0924233 -0.0658651 -0.3694061 -0.3755250 0.5965767 0.0186537 -0.2107948 -0.0991045 -0.0168057 0.1604172 -0.3614644 -0.3506294 0.1801100 0.1398589 -0.2675080 -0.1497840
0.1938245 0.2438074 -0.1793569 0.1605110 -0.0027218 0.5158256 0.2806120 0.2213421 0.6549798 0.2544903 0.3329587 0.3509839 0.1314210 -0.0815682 0.0000000 0.4464742 0.4365630 0.1265826 0.0877172 -0.2303190 0.2291011 0.0599900 0.5024057 0.0029080 0.0487831 0.2699462 0.4023779 -0.2343661 0.4035715 0.1031219 0.0765139 -0.0322115 -0.1765919 0.2377662 0.4293124 0.4904564 0.1304599 0.1251679 0.2420456 0.1753591 0.0722456 0.1708589 0.4630410 -0.1726048 0.1551874 0.0330798 0.2245324 0.1357614 0.0128428 0.0633276 0.3508258 0.4030974 0.1781212 0.2658371 0.2104412 0.0537354 0.1187130 0.3528936 -0.2644911 0.2737787 0.0911707 0.2414063 0.2172919 0.2473429 0.1321142 0.1933829 0.2212273 0.2437858 0.0449140 0.4036564 -0.0383435 0.6593111 0.0783649 0.4655183 -0.0263008 0.0519285 0.4965617 -0.1742081 0.0469711 0.1647444 0.1037957 -0.3039215 -0.2673198 -0.1729655 -0.1758329 -0.0988240 -0.3319272 -0.2345177 -0.0440352 -0.1445769 -0.1484319 -0.0676128 -0.0401662 -0.2644330 0.0296756 0.0430689 0.0273657 0.1076295 0.2719941 -0.3142141 -0.0713078 0.0910736 0.1703762 -0.3784099 -0.1000886 0.1517062 0.1485233 0.1664792 -0.1100976 0.0634902 -0.0991018 0.0680487 0.2355151 0.3119884 0.3688015 0.2068674 0.2641075 0.2671724 0.1245099 0.3236639 0.2529041 0.3084639 -0.3992955 0.2552827 0.1980376 0.0151487 0.2774405 -0.3538066 -0.1564424 0.2897609 -0.0006321 -0.3782341 -0.0519680 0.2151376 -0.4776734 -0.3146526 -0.1684876 -0.1890172 -0.2688555 -0.0566540 -0.4666049 -0.1548472 -0.1173045 0.0473540 -0.3373041 -0.1127223 -0.3134441 -0.4733936 -0.1353068 -0.2485548 -0.1780722 -0.4113548 -0.2101185 -0.3805461 -0.0939400 -0.1661121 0.0543639 -0.3854304 0.0489173 -0.2355273 -0.2525583 -0.1516339 -0.0949248 -0.1150371 -0.0268898 -0.3476233 -0.1837032 -0.0260309 0.1251632 -0.0853405 0.0308017 0.1477691 -0.1260828 -0.0471331 -0.0687598 -0.0859388 -0.0601888 -0.3220011 0.2835463 0.3837249 0.2873620 0.3573603 -0.0672960 0.3721099 -0.0948139 -0.1146667 -0.3149978 -0.2430921 0.0695629 0.2081359 0.3291252 0.2574577 0.2075873 0.1640282 0.2254995 0.2685681 -0.0220402 0.3748087 0.2198882 -0.0662521 -0.2256594 -0.2410574 -0.3081329 -0.2763623 0.1542750 -0.0025832 -0.1313571 0.0775147 -0.2869693 0.0018489 -0.3135810 0.0026083 -0.0110389 -0.1173027 -0.0004709 -0.1207306 -0.1217270 0.0670461
0.2109529 0.1609301 0.4649454 0.4790757 0.3576321 0.4569521 0.1138602 0.7982138 0.6366988 0.4693415 0.7549747 0.2879352 0.7836630 -0.2902419 0.4464742 0.0000000 0.4602879 -0.2052124 0.8447011 0.4742635 0.3957306 0.7153171 0.9217077 -0.2862219 0.7141537 0.8189208 0.2793476 -0.3492804 0.4753334 -0.0841746 0.6915615 0.4919277 -0.2530048 0.1745840 0.7297545 0.6489129 0.5346128 0.7417432 0.3252676 0.2487835 0.6540810 0.4475580 0.6964787 -0.1106519 0.2702156 0.7141777 0.6738983 0.6123880 0.0652155 0.4577059 0.6368120 0.6665074 0.1656329 0.5304143 0.7856556 0.7359494 0.5694904 0.5067111 0.0549626 0.5515405 0.2625289 0.6381153 0.4974077 0.2096759 -0.3076171 0.7048876 0.6604585 0.5357228 0.7535177 0.6575696 0.4594718 0.7849785 0.5628586 0.3116980 0.5455352 0.5703753 0.7714597 0.2660284 0.5403074 0.4094687 0.4286854 0.1308122 -0.0400093 -0.0265264 0.1075496 -0.0052777 0.0160327 0.1058076 -0.0139762 0.2364495 0.1430479 0.3188849 0.0622119 -0.0239656 -0.0223567 0.1440419 0.4763538 0.0946347 0.3205690 -0.0506679 0.2849065 0.1109019 0.2335905 -0.1311029 0.1541614 0.1824516 0.0556975 0.0746004 0.0033445 -0.0823938 0.2013653 -0.0978112 -0.2693039 -0.0208653 0.0148302 -0.1807696 -0.0704053 -0.1665562 -0.2162836 -0.1205622 -0.0750294 0.0308804 0.0380472 -0.0715356 0.0421121 -0.0418293 0.3248601 0.0194304 0.0405271 0.1753989 0.2277779 -0.1016811 0.0667332 0.0873892 -0.1940949 -0.0870337 -0.0306754 0.1289555 0.0634207 0.1495245 -0.0913704 0.1895694 0.3045765 -0.0757499 -0.0623541 -0.0651590 0.1774584 0.0794821 0.2568931 0.3307347 0.2497202 0.0345869 0.3128529 0.0835321 0.3813552 0.0800268 0.2402821 0.1725177 0.4174664 0.0916828 0.3606438 0.3000650 0.1029820 0.1228313 0.4148635 0.1311324 0.1717503 0.1890042 0.0994625 0.2563441 0.2507266 0.2486054 0.2257775 0.3135846 0.1293316 0.1122356 0.0763939 -0.0089842 0.5662101 0.6006578 0.5468864 0.6279816 0.2877663 0.6221074 0.2893753 -0.4867230 -0.0829979 -0.3059464 0.2321954 0.4559660 0.0969926 0.3374991 0.1220006 0.1877538 0.0510043 0.0506736 -0.1046144 0.1698200 0.4187549 -0.0938926 0.3534249 -0.3476152 -0.0638241 0.0239599 0.3245014 0.5461654 -0.0523576 -0.0467883 0.3016024 0.0086183 0.0231479 -0.0246282 0.3592473 0.4360757 0.0768906 0.0644184 0.1807107 0.2276139
-0.1584298 0.1270796 0.2531001 0.5633327 -0.1554447 0.4717993 0.1540747 0.4213968 0.7120996 0.7913437 0.6523147 0.6377176 -0.0426981 0.4887693 0.4365630 0.4602879 0.0000000 0.0592757 0.1713406 -0.1146872 0.5586291 0.0922028 0.6425255 0.4760819 0.1767631 0.2672378 0.8623454 0.0629912 0.6398089 0.5696910 0.1313032 0.2213456 0.3800751 0.8562689 0.4533252 0.4987898 0.3946880 0.2462535 0.8283620 0.6629743 0.3038495 0.2854707 0.5969591 0.4699769 0.4019967 0.3233723 0.4266438 0.3570379 0.7725919 -0.0526762 0.4594351 0.6725971 0.6955158 0.7570965 0.2480336 0.2843927 0.4224213 0.8141834 -0.0103205 0.4766946 0.1443884 0.5697930 -0.0422995 0.6377790 0.4447115 0.4395908 0.4362098 0.4839797 0.2386899 0.4591363 -0.0652903 0.4919046 0.3287922 0.3883422 -0.2210558 0.0492311 0.2342958 -0.3222201 -0.0486890 -0.0417060 -0.2235243 -0.2299838 -0.2573854 -0.1149070 -0.2227073 -0.0375790 -0.3383523 -0.1725009 -0.0636453 -0.0450471 -0.0070370 -0.0953332 -0.1323035 -0.2897747 -0.0505322 -0.0879128 0.0349415 -0.0374447 0.0922228 -0.3181598 -0.1508721 0.0320478 0.0900811 -0.2871497 0.0642919 -0.1208549 -0.1601745 -0.2725754 -0.0583004 -0.3725650 -0.2344991 -0.3203856 -0.2731625 -0.2008993 -0.1538298 -0.3570047 -0.3216120 -0.3767238 -0.4637578 0.1755082 0.3972620 0.0285832 -0.4433169 -0.3416032 0.0215186 0.5496234 0.3282077 -0.4847069 0.5251179 -0.1605540 0.2128784 -0.4607552 -0.0579564 -0.2245196 -0.3215457 -0.2332859 0.1434783 0.4924765 0.2748483 0.4590560 -0.1804115 0.4321011 -0.3262580 -0.2684729 0.2783182 -0.0936891 0.1954081 -0.0620321 -0.1088344 0.0476726 -0.1925884 -0.4310006 0.1267555 -0.1715608 -0.2389719 -0.3986693 0.0612735 -0.1570145 0.0392794 -0.2880227 -0.1588476 -0.2112441 -0.4970993 -0.2125838 -0.0473822 -0.2119022 -0.1213876 0.1619305 0.4172068 -0.1571693 0.2728689 0.3391997 -0.1153297 0.0663048 -0.1817550 0.2331477 0.2992984 0.0283341 0.4611193 0.5188290 0.4443623 0.4076210 0.0989077 0.2870277 0.0938503 0.0683429 0.1424132 -0.1208587 -0.0742490 0.2757460 0.3568456 0.2342973 0.3417701 0.4359726 0.6644769 0.5051115 0.4717315 -0.0880809 -0.0855360 0.4446147 -0.0908075 -0.2678271 -0.2365406 -0.3478423 -0.1189437 -0.0887989 0.3984275 -0.1194498 0.0279750 -0.2351446 -0.1661682 0.0557810 -0.3363908 -0.2450532 0.1478766 -0.0169239 -0.2488004 -0.1476604
