0.0000000 0.7653011 0.6087435 0.5897716 0.6613815 0.5756217 0.4673216 0.4121828 0.5538914 0.6476263 0.2379595 0.5455006 0.1701656 0.5265610 0.6050565 -0.0756707 -0.1991648 0.5157784 -0.0134139 0.2578774 0.3172042 -0.1102400 -0.2429398 0.4175596 -0.1142133 -0.1655910 -0.2366844 0.3887705 0.3976704 0.1004216 -0.1273812 -0.1760257 0.3254790 0.2950787 -0.2461590 0.1594357 -0.2193116 -0.1171620 -0.2245689 -0.0667684 -0.1860898 0.1899692 -0.2554971 0.0011127 0.1592855 -0.0547660 -0.1583988 -0.0982997 0.1460202 -0.0563121 -0.2144307 -0.2187115 0.1855214 -0.2963281 -0.0393711 -0.0397646 -0.2040672 -0.2336370 0.1642236 -0.3684886 0.1435365 -0.2330180 -0.0503520 0.0860864 0.1540990 -0.2225866 -0.3143052 -0.2430375 -0.1042780 -0.2353130 -0.2951107 0.2522341 -0.2129276 0.3529828 -0.1570761 -0.1099645 0.0192926 -0.2583621 -0.2283295 -0.3212328 -0.2189213 -0.2868731 -0.4829313 -0.1682940 -0.2407092 -0.4020129 -0.0799544 0.1530817 -0.2578459 -0.2849281 -0.2434133 -0.0721504 -0.0343070 0.3406433 -0.2783753 -0.2281249 -0.2247371 -0.0578869 -0.0615931 0.4155633 -0.1059704 -0.2137108 -0.4838057 0.3330214 -0.0636913 -0.0604055 -0.2554638 -0.4957283 0.1197000 -0.2975207 0.0252567 -0.3442808 -0.5051094 -0.2738293 -0.1552553 -0.2652917 -0.1337550 -0.0352889 -0.0873538 -0.1772912 -0.1215530 -0.1768787 0.3096596 -0.3229619 -0.0946380 0.1768367 -0.1582894 0.2241027 0.2222556 -0.2106708 0.0168974 0.1831676 -0.0383677 0.1657890 -0.0064162 0.1966481 -0.1404214 0.2090761 0.2210623 0.0364424 0.0892753 0.0600898 0.1230618 0.3588146 0.0059055 -0.0997736 0.1054090 -0.0641588 0.0321345 -0.1060463 0.1501006 0.4046511 0.0833717 0.0801504 -0.1620143 0.1402148 0.0329121 0.0670263 0.0576081 -0.1192774 -0.0515227 0.1108763 -0.2915578 -0.1806690 0.0059669 0.5010612 0.2591595 -0.0481868 0.0279214 0.1492853 0.1251936 0.0292894 0.3129187 -0.3300528 0.2550912 0.2255151 0.2285971 -0.1725032 0.2275253 0.1923582 0.2767093 0.1389172 0.0428539 0.0146937 0.1991722 0.2425851 0.3632867 0.2850418 0.2295498 0.2082455 -0.1255544 -0.2560915 -0.2682080 0.0235931 0.0631928 -0.1373679 0.2588331 -0.1198797 0.0240051 0.1992942 -0.4208029 -0.4403864 -0.6492325 -0.4653366 0.4135965 0.3167713 0.1198502 -0.1348265 -0.5188244 -0.2986704 -0.5170128 -0.3488438 -0.0023047 -0.1419666 -0.1206077 -0.0296367 -0.4141954 -0.1448632
0.7653011 0.0000000 0.7722338 0.5998179 0.6959457 0.6481405 0.6046582 0.4858685 0.6596168 0.6489196 0.3367756 0.6891993 0.3151436 0.5209155 0.6861154 0.0419275 -0.0327882 0.6216888 0.0783803 0.4345327 0.1870225 0.0136499 -0.1331839 0.3783241 -0.0516065 -0.1267872 -0.1930223 0.3493929 0.2698992 0.0157918 0.0112222 -0.1197853 0.2124648 0.2301935 -0.2162517 -0.0659263 -0.2338167 -0.0349182 -0.1976168 -0.0000030 -0.1061138 0.1102678 -0.2571075 0.0137845 0.3862232 -0.0586854 -0.1799190 -0.0326890 0.1151227 -0.0670292 -0.2397128 -0.2503106 0.0940157 -0.2248971 -0.0104967 -0.0659448 -0.2126182 -0.0855639 0.3487139 -0.3929032 0.4104151 -0.2181103 0.0059724 0.1624396 0.2802372 -0.2212596 -0.2560287 -0.0915476 -0.0526976 -0.1401504 -0.2361581 0.2237129 -0.1145577 0.6362461 -0.0945330 0.0706629 0.1975645 -0.1930535 -0.1470957 -0.2830637 -0.2598033 -0.3600812 -0.6346203 -0.3093988 -0.3680612 -0.5320085 -0.1858547 0.1020686 -0.4598986 -0.3926819 -0.2989463 -0.1654062 -0.0655847 0.3576446 -0.4222094 -0.2540050 -0.3128110 -0.0953636 -0.2672702 0.5035125 -0.2245257 -0.2912904 -0.5065158 0.3703054 -0.2812844 -0.2231704 -0.2791831 -0.4591590 -0.1775041 -0.0469276 -0.1653228 -0.4303122 -0.3752974 0.0053319 0.1149631 0.0644650 0.1053932 0.1142554 0.1639777 -0.2015719 -0.0264047 -0.0839871 0.2050624 -0.2060947 -0.1875022 0.1001436 -0.1784891 0.0927934 0.1265920 -0.1628382 0.0235103 0.1377377 -0.1217586 -0.0275884 -0.0957565 0.0952933 -0.3367424 0.0231546 0.1617975 -0.1069209 0.0893739 -0.0285170 0.0653035 0.2790135 -0.0809283 -0.2094985 0.0416132 -0.1164576 0.0529919 -0.2289150 0.1308054 0.4006072 -0.0645280 0.0840553 -0.2964937 0.1220454 0.1194518 0.0079895 0.1457482 -0.1335495 -0.2601225 -0.0027846 -0.2763216 -0.1678144 -0.1721831 0.4647071 0.3425637 0.1083349 0.0413929 0.1166290 0.0936109 0.0400159 0.5144704 -0.3399439 0.4695739 0.2524834 0.2400197 -0.1657301 0.0758222 -0.1241161 0.0295911 -0.1158389 0.0321051 -0.1807839 0.4060496 0.5814909 0.5948816 0.5531700 0.4883006 0.3729367 -0.2288159 -0.2233504 -0.2334579 -0.1463280 -0.0566733 -0.2722226 0.2187020 -0.1174703 -0.1880866 0.0483640 -0.2599770 -0.5599495 -0.5119734 -0.4821755 0.3764576 0.2833961 0.0949686 -0.1929468 -0.3643882 -0.4956473 -0.4681875 -0.6061594 0.1513237 -0.1789261 -0.2446871 -0.0917078 -0.2527486 -0.0967441
0.6087435 0.7722338 0.0000000 0.7977291 0.9444274 0.2288233 0.0792859 0.8541408 0.1041579 0.2512657 0.6137670 0.1643406 0.7076242 0.2115902 0.2196154 0.4673985 0.3485297 0.1773267 0.4890373 0.6288463 -0.0672737 0.4701168 0.3335637 -0.0188391 0.3913581 0.3636226 0.2222390 0.0944135 -0.0362513 0.1072839 0.4611591 0.3785703 -0.0363497 0.0857016 0.2254099 -0.2425815 0.2478266 0.3973927 0.0328784 0.2392125 0.3753378 -0.0785670 0.1724523 0.0979901 0.3610328 0.3257766 0.2060381 0.4147823 0.2238813 0.3019989 0.2026029 0.1476356 0.3172166 0.1686176 0.4164350 0.3140361 0.1868879 0.1988815 0.3210772 0.0597909 0.3873524 0.2442117 0.4492434 0.5024204 0.6621962 0.2343003 0.2426758 0.3650964 0.3855354 0.2775125 0.2456285 0.1552393 0.3849466 0.8044577 0.3803792 0.3907956 0.3113259 0.2504623 0.2827458 -0.0129422 0.2033529 -0.4334007 -0.6650750 -0.5239676 -0.5100534 -0.7160037 -0.2606325 -0.1095855 -0.5410081 -0.4557054 -0.3086710 -0.0158188 -0.0989310 0.3302211 -0.3817913 -0.1450600 -0.0735166 -0.1115169 -0.3230588 0.5187662 -0.2657683 -0.4672228 -0.6510619 0.5118210 -0.0093823 0.0155719 -0.3629859 -0.4716826 -0.1569074 -0.1081557 -0.0576248 -0.5853461 -0.2134812 0.1347750 0.1106345 0.1353417 0.1562075 0.0203263 0.1235460 -0.4757524 -0.0019843 0.0531561 0.4030535 -0.2923562 -0.3259117 -0.1075601 0.0866448 0.1986864 0.0077871 0.0747270 0.1562900 0.3402388 0.1814647 0.0230107 0.1837563 0.2724459 -0.1339025 0.1406630 0.3448010 -0.2036734 0.3539399 0.1363571 0.3571104 0.2601281 0.0632121 -0.0618647 0.3138374 0.2126261 0.3155751 -0.0034394 0.1221288 0.4177011 0.2031663 0.3518761 -0.0185089 0.1768615 0.0354958 0.3263081 0.2823162 -0.2761491 0.0522399 0.2832830 -0.2197867 -0.2257445 0.1181092 0.6416460 0.4160721 0.2072591 0.1452859 0.3001109 0.3788105 0.2134276 0.2891177 -0.5307219 0.0400792 -0.2813563 -0.2186567 -0.2563173 -0.2254933 -0.2290576 -0.2467339 -0.4044733 -0.2370962 -0.4897589 0.2573837 0.6189262 0.5342944 0.6865834 0.4803062 0.1223059 -0.5925221 0.0574785 -0.2114634 -0.3730369 -0.2810534 -0.4382589 0.0543693 -0.1908300 0.1757446 -0.0908864 0.1930207 -0.3025308 -0.1881308 -0.5851697 0.4235617 0.5827585 -0.0070597 -0.2240030 0.1539136 -0.1137333 -0.0361376 -0.6342638 0.5994938 -0.1704820 -0.1511515 0.2354963 0.0531138 0.0859523
0.5897716 0.5998179 0.7977291 0.0000000 0.7264354 0.3792987 -0.0832296 0.8522030 0.0064985 0.3710523 0.8468715 0.0887080 0.4938904 0.2533471 0.1517776 0.2254614 0.4705979 0.1091234 0.2502204 0.4084299 0.0270398 0.2849716 0.3484565 -0.1116896 0.2030506 0.2762083 0.4517833 0.0088296 -0.1157319 0.3255825 0.2531778 0.1735095 -0.0122360 0.1970632 0.1244148 -0.1866215 0.1439346 0.2267603 0.2092676 0.2954852 0.2020775 -0.1650980 0.0532352 0.2463626 0.2924515 0.1578713 0.0440698 0.2318725 0.5342574 0.1676079 0.0301034 0.0962917 0.5563358 0.2025084 0.2127441 0.1477916 -0.0174976 0.4324844 0.1527199 -0.0940395 0.2240673 0.0961683 0.2923093 0.6637213 0.7358912 0.0246976 0.0194645 0.3633387 0.1940153 0.2836520 0.0175236 0.5342998 0.1676583 0.7613254 0.1813702 0.3210617 0.5158193 0.0397163 0.1535552 0.1584445 0.1661129 -0.3610064 -0.5090812 -0.4498956 -0.3797859 -0.5220867 -0.1311449 -0.2446134 -0.3381149 -0.3809655 -0.2062121 0.0888091 0.0332263 0.0314843 -0.1603551 -0.0323884 0.1454211 0.0359401 -0.1091527 0.1780822 -0.3429789 -0.2485830 -0.4937898 0.1793596 0.0285620 0.1855691 -0.2029571 -0.2201581 -0.2389043 -0.0565282 0.0170292 -0.4310137 -0.2002735 0.1982297 0.1793640 0.1090276 0.2447296 0.1677580 0.1769464 -0.2633970 0.1622795 0.2243858 0.3823246 -0.1825917 -0.2275291 -0.1777603 0.2204468 0.1281456 -0.1029636 0.0792908 0.1263039 0.1511386 0.1514674 0.0487876 -0.0136449 0.1992306 -0.0640328 0.0729669 0.1665757 -0.3167908 0.1204387 -0.1075264 0.3286128 0.1158049 -0.0189335 -0.0144798 0.1334860 -0.0300684 0.3018901 -0.2008182 -0.1052469 0.1350129 0.0960178 0.2553669 0.0158912 0.2588427 0.1769141 0.1645086 0.3918108 -0.1124963 0.2005713 0.1661160 0.0601822 0.0611483 0.2021514 0.4212239 0.3888400 0.2571891 0.3425320 0.3827330 0.4135800 0.4041256 0.2227186 -0.2746424 -0.2016066 -0.3044248 -0.0749504 -0.0510374 -0.0805042 -0.0899722 -0.1610651 -0.3467045 -0.3807698 -0.4820012 0.0152307 0.3803990 0.1624463 0.2922156 0.4961135 0.2188351 -0.4468482 0.2817004 0.0498958 -0.3088350 -0.3226948 -0.2929423 0.0309092 0.1095496 0.4588547 -0.1083385 0.2664661 -0.0600480 -0.1911508 -0.3688640 0.4331722 0.6797076 -0.1594336 -0.1317734 0.1379788 0.2056423 -0.0932802 -0.2787735 0.6251630 -0.0222978 0.0120756 0.1820773 0.1023480 -0.0104852
0.6613815 0.6959457 0.9444274 0.7264354 0.0000000 0.1016398 0.0382218 0.8299142 0.0465950 0.1596620 0.5404559 0.1257839 0.7104619 0.1501872 0.1705383 0.4866940 0.2501574 0.1204136 0.5324377 0.6136076 -0.0354842 0.4761007 0.3416936 -0.0382396 0.4398098 0.4402236 0.1863135 0.0526693 0.0891841 0.0236954 0.4565206 0.4200342 -0.0887577 0.0775142 0.2963828 -0.1160887 0.3312691 0.4218453 -0.0829047 0.1551247 0.3832998 0.0614749 0.1926150 -0.0400596 0.3849837 0.3894695 0.2885267 0.4379189 0.1282464 0.3373009 0.2884506 0.1265100 0.2962148 0.1378843 0.4417724 0.3496360 0.2592839 0.1348709 0.3386902 0.1360668 0.3888100 0.2661516 0.4457659 0.5081992 0.6538702 0.2902562 0.2859691 0.3386366 0.4045351 0.3302860 0.2766125 0.0990659 0.3958084 0.7282871 0.3988365 0.4216391 0.2349887 0.2492096 0.2978837 -0.0972329 0.1762688 -0.4368492 -0.6677074 -0.5059818 -0.5092196 -0.7462850 -0.2632464 -0.0473239 -0.5379890 -0.4600549 -0.3354845 -0.0297904 -0.2369329 0.3548501 -0.3886589 -0.1910516 -0.1366502 -0.2242844 -0.3215393 0.5260592 -0.2457362 -0.5339113 -0.6709163 0.5525839 0.0217490 0.0149305 -0.4356723 -0.5670844 -0.0910486 -0.2563348 -0.0452145 -0.6080656 -0.2845060 -0.0251122 -0.0725085 -0.0323585 -0.0085737 -0.1127628 -0.0428004 -0.5249283 -0.1121375 -0.0398463 0.4055908 -0.3822987 -0.3451187 -0.1186108 0.0440385 0.2246669 -0.0574478 -0.0081611 0.0685781 0.3925049 0.1724628 0.0923264 0.2061812 0.2896624 -0.0999717 0.1602452 0.3500605 -0.1366348 0.3440739 0.1728078 0.3385545 0.3079091 0.0848891 -0.0113130 0.3292633 0.2590658 0.2895376 0.0332705 0.1340150 0.4421304 0.2385989 0.3331461 0.0230352 0.1712409 -0.0552954 0.3362882 0.2015138 -0.3413384 0.0834393 0.3036437 -0.1708015 -0.3189357 0.1470282 0.6406379 0.3619541 0.1459376 0.0855423 0.2417711 0.3618288 0.1816752 0.2186571 -0.5720549 0.0583981 -0.2428322 -0.2435958 -0.3062932 -0.1797194 -0.0674391 -0.0663012 -0.2519285 -0.0958437 -0.3324883 0.2907732 0.5642579 0.5510909 0.6577759 0.3337207 0.0284605 -0.5611488 -0.1011069 -0.3768636 -0.2776101 -0.2462986 -0.3928343 0.0809840 -0.3385804 0.2000719 -0.0278024 0.0832624 -0.2494643 -0.2009037 -0.5951502 0.4230062 0.5050888 -0.0107903 -0.2682142 0.0780867 -0.1002026 -0.0481063 -0.6034425 0.5444048 -0.1113552 -0.0832191 0.1344029 -0.1022110 0.0370958
0.5756217 0.6481405 0.2288233 0.3792987 0.1016398 0.0000000 0.7022546 -0.0262220 0.8113798 0.8305737 0.0843614 0.7787871 -0.3128512 0.6179228 0.8032712 -0.6209293 -0.3859671 0.6118880 -0.5567808 -0.0492703 0.5554010 -0.4952218 -0.6223261 0.5787577 -0.6111075 -0.6852493 -0.4353535 0.4619290 0.2621132 0.1671024 -0.5003553 -0.6619960 0.4479235 0.4248838 -0.7400893 0.1388206 -0.7245724 -0.5378342 -0.2103610 -0.1719255 -0.5869960 -0.0446117 -0.7156009 0.1179431 -0.0052702 -0.5812518 -0.6925426 -0.5329684 0.2362793 -0.4396679 -0.7610208 -0.5995927 0.2230190 -0.5584265 -0.5209436 -0.5321865 -0.6926626 -0.2864123 -0.1233392 -0.7875148 -0.1010073 -0.6023304 -0.5062915 -0.1082146 -0.0460279 -0.7118788 -0.6949639 -0.5391003 -0.5817347 -0.5758664 -0.7167324 0.5350786 -0.6316304 0.2519195 -0.6389156 -0.3182481 0.3212667 -0.6521985 -0.4789644 0.0491894 -0.4595942 0.0422002 -0.2586291 -0.0179939 -0.1322032 -0.0776633 -0.0099028 0.1249540 -0.0903447 -0.1798594 -0.1403616 -0.2850274 0.1127547 -0.0082903 -0.1446205 -0.1676609 -0.1888636 0.0203081 -0.0267693 -0.0411520 -0.2277406 -0.0010929 -0.2183305 -0.2014798 -0.3996280 -0.2088321 -0.1628450 -0.1513028 -0.3047681 -0.0998997 -0.2170575 -0.2058782 -0.2482494 -0.0600925 0.0689013 -0.0843942 0.0058519 0.0892542 0.0406447 0.0708993 -0.0175987 -0.0957959 -0.0636243 -0.0462537 -0.0096677 0.1748379 -0.2140976 -0.0904870 0.1634670 -0.2007029 -0.1038044 -0.3449257 -0.3567004 -0.0094861 -0.4433351 -0.1983102 -0.3210630 -0.1542546 -0.2420929 -0.1642506 -0.3330156 -0.3739311 -0.2549018 -0.0778361 -0.3023330 -0.3179957 -0.3678701 -0.5501191 -0.2729529 -0.5052428 -0.2488296 -0.1103425 -0.3857799 -0.2600927 -0.4019816 -0.1345076 0.2426271 -0.4032173 0.0396274 0.0797557 -0.3503805 -0.3975112 -0.1582227 0.1855820 -0.3495591 -0.0600479 0.0872169 -0.0267520 0.0317902 -0.0697128 -0.2269399 -0.1328962 0.2132752 0.0149589 0.3231494 0.5710116 0.7519327 0.3870207 0.5073590 0.0814637 0.3032676 0.1340089 -0.1225474 0.0473279 -0.0497916 0.0525284 -0.0049491 -0.0504576 0.5622949 0.7204274 0.1116352 0.1458922 0.3360650 0.0128250 0.0832710 0.1338648 0.2140392 0.4946528 0.0205422 0.0551473 -0.3593542 -0.2562735 -0.5304295 0.0448986 0.3789200 0.2262168 0.1040265 0.2779960 -0.5468880 -0.1369689 -0.6732791 0.0410786 -0.1436507 0.0678713 -0.0457579 -0.1914961 -0.1115343 -0.0886056
0.4673216 0.6046582 0.0792859 -0.0832296 0.0382218 0.7022546 0.0000000 -0.2921722 0.9323779 0.7246397 -0.2278417 0.9057601 -0.3427868 0.5153527 0.8455707 -0.4679525 -0.4801878 0.6689257 -0.4997270 0.0098446 0.2953879 -0.5791883 -0.6804076 0.6848888 -0.6154593 -0.7019676 -0.5799656 0.5503562 0.4603136 0.0459019 -0.5261558 -0.6413443 0.4689031 0.2396047 -0.6588584 0.0977263 -0.7367596 -0.5945239 -0.2583255 -0.1855886 -0.6495937 0.2079551 -0.5759181 0.0539169 0.1830482 -0.5510399 -0.6033420 -0.6027216 -0.0764932 -0.5341940 -0.6466993 -0.4960761 -0.2436451 -0.5216291 -0.5454859 -0.5136015 -0.5872206 -0.4479909 0.1721423 -0.7036468 0.1962708 -0.5532117 -0.5379648 -0.3891380 -0.3650726 -0.6454394 -0.6755047 -0.6094569 -0.5845286 -0.6389342 -0.6772871 0.1118834 -0.6336016 0.0876502 -0.6439836 -0.4399420 -0.0554645 -0.6163816 -0.6204056 -0.3741739 -0.6892815 0.0014713 -0.3523941 0.0019276 -0.1115836 -0.0468742 0.0424259 0.2632810 -0.1157595 -0.1172390 -0.1154152 -0.3423101 0.0012780 0.2509385 -0.2606113 -0.2208499 -0.3941029 -0.0948865 -0.0831545 0.2431512 -0.0006673 -0.0534053 -0.2113629 0.0587224 -0.4085692 -0.3779643 -0.1158964 -0.3121039 -0.1403532 -0.0818696 -0.1261252 -0.0600680 -0.3042206 -0.1868390 0.0769806 -0.0805528 -0.0481866 0.1651132 0.0786425 0.1169316 -0.0442904 -0.1832797 -0.3239483 0.0468630 0.0791524 0.1490419 -0.3692369 -0.2470733 0.2089064 -0.2305181 -0.0892720 -0.4184161 -0.4250448 -0.2093778 -0.4532767 -0.3853410 -0.4549587 -0.1780621 -0.2087325 -0.0567227 -0.3558172 -0.2714373 -0.3844826 -0.0212060 -0.3175744 -0.4300558 -0.3294658 -0.4753172 -0.3511247 -0.4148478 -0.0907631 0.0046245 -0.3761648 -0.3897937 -0.4653906 -0.1559870 0.2277775 -0.4323987 -0.0582223 0.0353090 -0.5739941 -0.3462510 -0.3266407 0.1175688 -0.4897918 -0.0975254 0.0142039 -0.0482222 0.0134513 -0.0674550 -0.3784024 -0.2610762 0.3248945 0.0407461 0.7982426 0.8401785 0.6474488 0.1288168 0.2535137 -0.0837261 0.2026025 0.1638470 0.2901205 0.2283690 0.3429869 0.2368700 0.3641737 0.1612425 0.3438033 0.5406367 0.1149710 -0.3378711 0.0231472 -0.0564755 0.0650046 -0.0633878 0.1049676 0.1141601 -0.5047728 0.0132928 -0.6793513 -0.6097454 -0.6114712 -0.2213635 0.2483991 -0.2375387 0.0316557 0.1966592 -0.7403493 -0.6468273 -0.7514473 -0.2101238 -0.3736050 -0.1405007 -0.2857604 -0.2499450 -0.4085934 -0.3310458
0.4121828 0.4858685 0.8541408 0.8522030 0.8299142 -0.0262220 -0.2921722 0.0000000 -0.2555444 -0.0011007 0.7792385 -0.1781732 0.8585414 0.0880079 -0.1341926 0.6628293 0.6290299 0.0236354 0.7031875 0.7077122 -0.2832104 0.7137926 0.6598243 -0.3383312 0.6612277 0.6705961 0.5782712 -0.0898118 -0.2413131 0.1300939 0.6909583 0.6319954 -0.2374486 -0.0324052 0.5290315 -0.2962773 0.5645329 0.6645894 0.2315817 0.3236605 0.6322556 -0.1034515 0.4235569 0.1083690 0.4219511 0.5802588 0.4581004 0.6647586 0.2599550 0.5678189 0.4513526 0.3505236 0.3517113 0.3539143 0.6312212 0.5316675 0.4133018 0.4236060 0.4208893 0.3152998 0.4716187 0.4337996 0.6674512 0.6651790 0.8342784 0.4568028 0.4509144 0.5951456 0.6046320 0.5759762 0.4641144 0.1645306 0.5740463 0.7559350 0.6054941 0.5417924 0.3687335 0.4790175 0.4507721 -0.0200277 0.3976279 -0.4647096 -0.4795335 -0.5104377 -0.4395260 -0.6152555 -0.3185491 -0.3383016 -0.4902017 -0.4309966 -0.3509539 0.0137007 -0.0998682 0.1261067 -0.3443009 -0.1523350 0.0293439 0.0106291 -0.3133299 0.3429858 -0.3267503 -0.3022255 -0.4040979 0.3761431 0.0524969 0.0990870 -0.1721020 -0.2057851 -0.0797558 0.0103275 -0.0416790 -0.3335659 -0.1000815 0.2421426 0.1562841 0.1825945 0.2132134 0.0830401 0.1519430 -0.3074951 0.1128873 0.1991553 0.3888862 -0.2007601 -0.2130743 -0.2065545 0.2733881 0.1652783 -0.1018481 0.2030213 0.2295429 0.3797017 0.3221520 0.1570588 0.1860694 0.2820179 0.1190800 0.1979072 0.3674160 -0.1298797 0.3372105 0.1991752 0.4204496 0.3005339 0.2017728 0.0324654 0.3775146 0.2939441 0.4246086 0.0906283 0.1463949 0.4107903 0.2971481 0.3894803 0.0843184 0.3597906 -0.0039307 0.4119334 0.3076938 -0.1072187 0.2331267 0.3547489 0.0236479 -0.1449449 0.2557936 0.6095920 0.3384152 0.2605395 0.2299057 0.3094502 0.5074350 0.4079598 0.2116240 -0.4109303 -0.2062408 -0.5577907 -0.4837763 -0.3830958 -0.3709449 -0.2036622 -0.3399213 -0.4005401 -0.2087170 -0.4818892 0.2655362 0.6034395 0.3991922 0.5183008 0.2752175 -0.0501148 -0.4690953 0.1508860 -0.2908757 -0.2865405 -0.3391643 -0.4344672 0.0207975 -0.3226044 0.2812792 -0.0738076 0.3780605 -0.0216935 0.0082816 -0.4318914 0.3171895 0.5399835 -0.0895643 -0.3284662 0.3326345 0.1306531 0.2446926 -0.4912959 0.6961064 -0.1103013 -0.0582684 0.2847161 0.2313923 0.2096477
0.5538914 0.6596168 0.1041579 0.0064985 0.0465950 0.8113798 0.9323779 -0.2555444 0.0000000 0.8204100 -0.2501223 0.9257897 -0.3624692 0.5811433 0.9303441 -0.4988258 -0.5570800 0.7015893 -0.4852549 -0.0581002 0.4499908 -0.5806513 -0.7000434 0.8214933 -0.6019198 -0.7317538 -0.6138360 0.5818032 0.5511326 0.0022496 -0.5674359 -0.6630240 0.5780632 0.4368964 -0.6621110 0.2345004 -0.7322837 -0.5710520 -0.3255071 -0.2308553 -0.6569792 0.2652805 -0.5857049 0.0028957 0.1048125 -0.4788800 -0.5423499 -0.5736386 -0.0059814 -0.4311706 -0.6151792 -0.4959351 -0.1130963 -0.5589311 -0.4866437 -0.4269865 -0.5245511 -0.5041457 0.0810487 -0.6546826 0.0895428 -0.5230148 -0.5076851 -0.3573843 -0.3051224 -0.6027687 -0.6355168 -0.6376770 -0.5388245 -0.6485693 -0.6430402 0.2031427 -0.6065790 0.0634803 -0.6190768 -0.4175772 -0.0347461 -0.5759955 -0.5338335 -0.3188545 -0.5441802 0.0834775 -0.2208038 0.0341862 -0.0138334 -0.0009568 0.0754235 0.2218502 -0.0689479 -0.0727500 -0.0489911 -0.2822802 0.0278597 0.1487487 -0.1863153 -0.1756665 -0.4130284 -0.0367080 -0.0464312 0.1642551 -0.0201545 0.0689528 -0.1072993 -0.0132991 -0.3394383 -0.2801563 -0.0403395 -0.2322152 0.0041354 0.0021806 -0.1121018 -0.0024724 -0.2670410 -0.1450229 0.0850730 -0.0493359 -0.0043110 0.1758067 0.1287074 0.2370740 0.0142852 -0.1554135 -0.1900015 0.1087634 0.1793466 0.3509941 -0.3176744 -0.0615850 0.3708306 -0.1851004 -0.0009352 -0.2226579 -0.3076156 -0.0356995 -0.2749615 -0.1861863 -0.2775633 -0.0031032 -0.0654469 0.0931145 -0.2025749 -0.1370267 -0.3034813 0.1352361 -0.1448404 -0.2145896 -0.2010206 -0.3595353 -0.2841670 -0.2620968 0.0684106 0.1349739 -0.2315719 -0.2520586 -0.3388859 -0.0531336 0.1133881 -0.2846980 -0.1469214 0.1469439 -0.4424209 -0.2253042 -0.2380119 0.0360183 -0.3525153 0.0250010 0.0240782 -0.1418378 -0.1339442 -0.1184793 -0.3421033 -0.3034393 0.3810402 0.0534845 0.6925450 0.7640573 0.6634625 0.0956931 0.3972199 0.0742118 0.3061956 0.2820406 0.2835199 0.3068528 0.2544793 0.1568288 0.2252388 0.0242401 0.2519653 0.4872856 0.2865373 -0.2873369 -0.0024891 0.1492794 0.2776019 0.0848859 0.2571147 0.1841402 -0.3572412 0.1755551 -0.6794916 -0.5629973 -0.6059562 -0.1117196 0.1976572 -0.1344938 0.2217323 0.1461238 -0.7891836 -0.5500494 -0.6962677 -0.1221744 -0.4139919 -0.0132106 -0.1441435 -0.3627760 -0.4031951 -0.2357904
0.6476263 0.6489196 0.2512657 0.3710523 0.1596620 0.8305737 0.7246397 -0.0011007 0.8204100 0.0000000 0.1418560 0.7632788 -0.2730855 0.7236430 0.8211150 -0.4517580 -0.2270232 0.5650835 -0.4854993 -0.0173040 0.3088165 -0.5685144 -0.4739259 0.7612461 -0.5985234 -0.6173723 -0.2013044 0.6777733 0.3460796 0.3988714 -0.5441184 -0.6246063 0.7374957 0.5283716 -0.5360576 0.0340449 -0.6477209 -0.5733404 0.1032551 0.1141240 -0.6080297 0.0064288 -0.4044811 0.3959307 0.0452863 -0.4303097 -0.4765735 -0.5604169 0.3947433 -0.4429393 -0.5402444 -0.2611160 0.1417934 -0.3398054 -0.4571481 -0.3557610 -0.4913773 -0.2232185 0.0279301 -0.6213861 0.0286703 -0.4995326 -0.3886985 -0.1502197 -0.0944295 -0.5903359 -0.6889354 -0.5106266 -0.5101051 -0.6303234 -0.6721169 0.4376333 -0.6316119 0.1924625 -0.6130870 -0.4859351 0.0641596 -0.6153357 -0.6341119 -0.2325402 -0.4962396 0.0130736 -0.2133010 0.0166248 0.0668206 0.0360113 0.2522361 0.2244298 0.1109706 0.0570282 0.1634902 -0.0107802 0.1880890 0.1693665 0.0899234 0.0588245 -0.0821978 0.0475750 0.2131160 0.1584822 0.0922988 0.0911439 -0.2046453 0.0375753 -0.0557484 0.0804700 0.0496529 -0.1492979 0.0377017 0.0317777 0.2136766 -0.0265135 -0.1344780 -0.0396156 0.1739136 -0.0131781 0.1165765 0.3223613 0.2226081 0.2494929 0.2274930 0.0899651 -0.0054478 0.2201073 0.2422261 0.1648345 0.0020006 0.0701032 0.3462319 0.0349564 0.1679230 -0.1921816 -0.0324456 -0.0101464 -0.2249602 -0.0188147 -0.1501700 0.0491852 0.0237664 -0.1459987 -0.1209907 -0.2285349 -0.0886971 0.0406970 -0.0771882 -0.0631079 -0.1021370 -0.3279516 -0.0492391 -0.2996147 -0.0602507 0.0223255 -0.0962255 -0.0578082 -0.0945563 0.1887025 0.2876602 -0.1604000 0.1272337 0.2005600 -0.1248046 -0.0234105 -0.0272095 0.3034332 -0.0549449 0.1474805 0.2602022 0.0737543 0.1986903 0.2322522 -0.0450175 0.0473862 0.3667787 -0.0942449 0.4171534 0.5377714 0.5317331 0.0398156 0.2154770 -0.1104171 0.0567232 -0.0391403 -0.0394537 -0.0246613 0.0634679 0.1051897 0.0508019 -0.0654243 0.3194429 0.4592103 0.0934705 -0.1310741 0.1500363 -0.0981105 0.0347594 -0.1150507 0.0475599 0.3653827 -0.0936035 -0.0116259 -0.3827405 -0.3975833 -0.4687391 -0.1507672 0.4569493 0.0756365 0.0222963 0.2509641 -0.5544909 -0.2934973 -0.5972722 -0.0546090 -0.1397823 -0.0177418 -0.0522437 -0.1906989 -0.4161214 -0.3906538
0.2379595 0.3367756 0.6137670 0.8468715 0.5404559 0.0843614 -0.2278417 0.7792385 -0.2501223 0.1418560 0.0000000 -0.0646291 0.4875394 -0.0081017 -0.1006012 0.3766999 0.8015536 -0.1712136 0.3091137 0.3203576 -0.1818091 0.3155564 0.6164104 -0.3982266 0.2692506 0.4591560 0.7447498 -0.2284613 -0.1627754 0.4576703 0.3045284 0.2862767 -0.2440222 0.1012333 0.3325431 -0.2326112 0.2975477 0.2814479 0.4499138 0.4386609 0.2946495 -0.0735481 0.2562689 0.3139684 0.5304243 0.2122044 0.1490301 0.2755921 0.5980547 0.1396046 0.1753418 0.2806001 0.5268864 0.4457069 0.2316217 0.1707621 0.0666831 0.7409431 0.2805155 0.0341364 0.4168983 0.1692658 0.3501634 0.7851637 0.7411934 0.1096283 0.0899848 0.5706238 0.2565366 0.5057901 0.1175084 0.5101508 0.2327596 0.7653042 0.2718599 0.4298182 0.5614668 0.1271335 0.2008249 0.1770970 0.1549958 -0.4241242 -0.4497762 -0.5080508 -0.2640953 -0.3803317 -0.0354541 -0.3920233 -0.2319069 -0.2791715 -0.1173749 0.2047688 0.1262865 -0.0790455 -0.0490125 0.1574875 0.2830135 0.0959988 -0.0979607 0.1208742 -0.2622215 -0.1489438 -0.3319230 0.1442750 0.1016407 0.2753408 0.0003363 0.0060778 -0.2801293 0.1477946 0.0845174 -0.2522992 0.0276151 0.4246353 0.3915089 0.3362267 0.4478409 0.3902532 0.3562288 -0.1032144 0.4102090 0.4880293 0.1773175 0.0778278 -0.0697181 -0.3192585 0.4213920 -0.0556760 -0.1977216 0.2775879 0.2512084 -0.0300406 0.2169733 -0.0946085 -0.0818452 0.0531453 -0.0423349 0.0725212 0.1746165 -0.3813108 -0.0068693 -0.1212131 0.2742059 -0.0708732 0.0120051 -0.0046456 0.1733003 0.0165096 0.2654806 -0.1893355 -0.2183754 -0.0299186 0.1326189 0.1384638 0.1107341 0.1651291 0.1805410 0.1708371 0.4295615 -0.2148167 0.2361762 0.1785353 0.1688461 0.1003322 0.2440132 0.2367470 0.2904910 0.3054953 0.4698059 0.4245266 0.3778239 0.4871820 0.1442583 -0.1866574 -0.2215770 -0.3630092 -0.1855181 -0.0982379 -0.3005704 -0.2322697 -0.4052950 -0.4583579 -0.2543127 -0.5016714 0.1321650 0.4196237 0.1752889 0.2566539 0.4151127 0.1171543 -0.5050488 0.3050338 0.0755745 -0.4408835 -0.4382692 -0.4342042 -0.1672775 0.0338066 0.3811588 -0.2268173 0.3515696 -0.0436507 -0.0402817 -0.3975911 0.3539388 0.5007791 -0.2829193 -0.1145087 0.2984046 0.1894324 0.0298683 -0.2464544 0.6447208 -0.0064090 0.0294583 0.1819916 0.0804402 -0.1640380
0.5455006 0.6891993 0.1643406 0.0887080 0.1257839 0.7787871 0.9057601 -0.1781732 0.9257897 0.7632788 -0.0646291 0.0000000 -0.3118381 0.5208784 0.9532931 -0.4679231 -0.4193419 0.6668278 -0.4781394 -0.0621928 0.5279860 -0.5663958 -0.5593656 0.6535491 -0.5935784 -0.6282189 -0.5028679 0.4527841 0.6384365 0.0982904 -0.5700626 -0.6271647 0.4360995 0.4961277 -0.6059699 0.3280310 -0.6776647 -0.5679716 -0.3121768 -0.1908268 -0.6360248 0.3781940 -0.6048354 0.0000434 0.3652834 -0.5184717 -0.5648704 -0.5682756 0.1186531 -0.4991089 -0.6182757 -0.5359846 0.0418240 -0.4951358 -0.5230125 -0.4901146 -0.5749236 -0.2814750 0.1356953 -0.6986132 0.2415123 -0.5972096 -0.5182064 -0.1367218 -0.1402834 -0.6582842 -0.6947633 -0.5165285 -0.5553709 -0.4801197 -0.6921055 0.3460798 -0.6284457 0.2695495 -0.6173100 -0.2223378 0.1725205 -0.6198973 -0.4729947 -0.2517716 -0.5969213 -0.1021293 -0.3725087 -0.1497929 -0.0865220 -0.0928053 0.0279202 0.1106863 -0.1565838 -0.1871599 -0.1365226 -0.2685905 0.0482014 0.0203660 -0.2350977 -0.1241718 -0.3802910 -0.0151221 -0.1877922 0.1065191 -0.1636660 0.0369742 -0.1431906 -0.0901516 -0.3774722 -0.2986322 -0.0628065 -0.2060563 -0.1364852 0.0252656 -0.2112007 -0.0847208 -0.2315416 -0.0453848 0.0983767 0.0002553 0.0387495 0.1870390 0.1374322 0.1929865 0.0702663 -0.0533538 -0.2149741 0.1119230 0.1613261 0.3164318 -0.2152707 -0.0960609 0.3071276 -0.1338536 0.0243114 -0.2877263 -0.2685684 -0.0871419 -0.3221846 -0.1972850 -0.3312784 -0.0009052 -0.0365735 0.0150684 -0.2901274 -0.1784557 -0.2879409 0.0535803 -0.1430423 -0.2046642 -0.1765542 -0.3581537 -0.3111802 -0.3272494 -0.0634696 0.0772973 -0.2252455 -0.3091595 -0.3067627 -0.1969239 0.1226657 -0.2817611 -0.0646607 -0.0939696 -0.4144024 -0.2489504 -0.2414976 -0.0760587 -0.3245579 -0.0071345 0.0104105 -0.1111254 -0.0605239 -0.1003992 -0.3150600 -0.2140683 0.3929981 0.0065937 0.6616316 0.7648567 0.7395205 0.1437389 0.4387192 0.1001749 0.3037492 0.2899899 0.3540632 0.3173146 0.3643736 0.2682385 0.3200267 0.1040609 0.4038365 0.6247430 0.1830937 -0.2058126 0.0319631 0.1134615 0.2500231 0.0340487 0.2338789 0.1563978 -0.3268333 0.1556013 -0.6307776 -0.5644266 -0.6247820 -0.1770498 0.2436339 -0.1401025 0.1889819 0.1899403 -0.7073363 -0.5658539 -0.7387579 -0.1698503 -0.3068359 0.0450700 -0.0946966 -0.3460634 -0.4402749 -0.2637922
0.1701656 0.3151436 0.7076242 0.4938904 0.7104619 -0.3128512 -0.3427868 0.8585414 -0.3624692 -0.2730855 0.4875394 -0.3118381 0.0000000 -0.0002545 -0.3057547 0.8527421 0.5810291 0.0125243 0.9064332 0.8709370 -0.5035742 0.9109048 0.7473754 -0.3916829 0.8804203 0.8297891 0.5044161 -0.0238860 -0.3388653 0.0161502 0.9082203 0.8828370 -0.2957817 -0.2618239 0.7556308 -0.3891629 0.7931018 0.8927278 0.2630090 0.3808741 0.8801292 -0.0793888 0.6543621 0.0442827 0.4189669 0.8080489 0.7164700 0.8945028 -0.0751987 0.7883071 0.7059763 0.4945319 0.0054454 0.3872377 0.8586275 0.7571211 0.6970744 0.2550211 0.6161820 0.5921017 0.6084414 0.5939490 0.8679795 0.3966705 0.6672587 0.7239364 0.6804369 0.6075010 0.8286633 0.5919201 0.7230984 -0.2852348 0.7520696 0.5580510 0.8212346 0.5204440 0.1061940 0.7294490 0.5135325 -0.2511675 0.4642879 -0.4380352 -0.2872286 -0.3308924 -0.2903236 -0.4478620 -0.3224478 -0.2309883 -0.3964971 -0.2389680 -0.3114593 0.0122630 -0.0838667 0.2746751 -0.3462711 -0.1367348 0.0093295 0.0408132 -0.3342625 0.5119673 -0.1090770 -0.2304020 -0.1991057 0.5394946 0.1186946 0.0560668 -0.0582763 -0.0804996 0.0853091 0.0949423 -0.0162806 -0.1414770 0.0967831 0.2602821 0.1017070 0.2217123 0.1103312 -0.0410786 0.0603503 -0.2866609 0.0428840 0.1488724 0.4020745 -0.1912721 -0.1363694 -0.2231921 0.3052258 0.2802265 -0.0359616 0.2975245 0.2754308 0.5338881 0.4174315 0.2500960 0.3390777 0.3728076 0.2101027 0.2308561 0.4667857 0.0224512 0.5203703 0.4164244 0.4872595 0.3491513 0.3333901 0.0444411 0.5064757 0.5092031 0.5167441 0.3211167 0.3707992 0.5880291 0.4095783 0.5042379 0.1484533 0.4135792 -0.0430938 0.5450868 0.2744764 -0.0270060 0.2450376 0.4578571 0.0127223 -0.2409971 0.2758945 0.7087418 0.3555811 0.3231632 0.1508404 0.2339364 0.5553114 0.4008750 0.2062783 -0.5014848 -0.0826773 -0.5571172 -0.6712417 -0.5815051 -0.5634989 -0.3535453 -0.4391904 -0.4187074 -0.0155447 -0.4239143 0.4805680 0.7275113 0.5807671 0.6627669 0.0628891 -0.2107925 -0.4061462 0.0086700 -0.4946440 -0.2236996 -0.2876389 -0.5275737 -0.0749422 -0.6195455 -0.0279605 -0.1128480 0.3831744 0.0438027 0.2343658 -0.3598324 0.2484219 0.3064109 0.0134151 -0.4300883 0.4166232 -0.0252698 0.5017481 -0.6306124 0.5827031 -0.2572145 -0.2102662 0.3911921 0.2550908 0.3334432
0.5265610 0.5209155 0.2115902 0.2533471 0.1501872 0.6179228 0.5153527 0.0880079 0.5811433 0.7236430 -0.0081017 0.5208784 -0.0002545 0.0000000 0.5788268 -0.3174743 -0.2486407 0.8065032 -0.2025337 0.2739432 0.1733047 -0.1916256 -0.3551731 0.5372184 -0.2461920 -0.3498606 -0.2168450 0.8331826 0.0399137 0.2078814 -0.1657844 -0.2792943 0.6349344 0.3093832 -0.3599233 -0.0162072 -0.3485741 -0.2494795 0.1272762 0.0072907 -0.2460682 -0.1632297 -0.2941061 0.3745200 -0.0338231 -0.1953756 -0.2819675 -0.2314970 0.1565415 -0.1744372 -0.3779996 -0.3205441 0.0378716 -0.5828622 -0.2320148 -0.2137702 -0.2873755 -0.3645749 0.0768650 -0.4797176 0.0509366 -0.5346527 -0.2230437 -0.2700027 -0.0459605 -0.4292960 -0.5189513 -0.5703102 -0.3549148 -0.5402242 -0.4948119 0.2170398 -0.4958834 0.0861341 -0.4429559 -0.3348290 0.0176874 -0.4385697 -0.4958633 -0.3691265 -0.4965468 -0.2152350 -0.1716755 0.0545058 -0.0991198 -0.0840432 -0.1602398 0.3223724 -0.0702164 -0.0762960 -0.1939609 -0.3125729 -0.1209217 0.2056267 -0.1761102 -0.2997567 -0.3225232 -0.1722266 -0.0400168 0.0905083 -0.0330976 -0.1245455 -0.1698772 -0.0229592 -0.2919794 -0.2357338 -0.1532871 -0.1838223 0.1097772 -0.2006965 -0.0499747 -0.0347510 0.0079092 -0.2826506 -0.2491882 -0.3042689 -0.3185475 -0.1443279 -0.1966377 0.1838871 -0.1184527 -0.2089336 -0.0653292 0.0547590 0.2116659 0.2332927 -0.0123303 0.0561267 0.3155062 0.0533868 0.0950263 -0.0689183 0.1096280 0.4134612 -0.2316525 0.0258574 0.1281431 0.0746816 0.0566898 0.1018061 -0.1080670 0.0140053 -0.1975678 0.2819737 0.1453076 -0.1196918 -0.0494544 -0.1614203 -0.1412608 -0.1490569 0.0372623 0.2620967 -0.0813587 -0.0843075 -0.1919793 0.2507746 0.0474772 -0.0751975 -0.0435819 0.2587247 -0.1910894 -0.0687727 -0.1073401 0.1099516 -0.1753333 0.2806531 0.0949587 0.0006315 -0.0038857 -0.0821856 -0.0424114 0.0198168 0.0955065 -0.4568864 0.1692358 0.2647808 0.3245985 -0.1065994 0.2154990 -0.1373286 0.0464817 0.0251047 -0.0400643 0.0333478 0.1089285 0.1271108 0.0845041 0.0053868 0.1716044 0.4140317 0.2680893 -0.1820859 -0.1219694 0.0722216 0.0804749 -0.0104410 0.2525434 0.0311275 -0.3258818 0.1930928 -0.1451597 -0.0110193 -0.1913253 0.2230348 0.5690807 -0.1610588 0.2266234 0.3888855 -0.2738491 -0.1519057 -0.2884475 -0.0139452 -0.0682370 0.0901529 0.1034220 -0.0652267 -0.1787580 0.1079530
0.6050565 0.6861154 0.2196154 0.1517776 0.1705383 0.8032712 0.8455707 -0.1341926 0.9303441 0.8211150 -0.1006012 0.9532931 -0.3057547 0.5788268 0.0000000 -0.4716505 -0.4780613 0.6549820 -0.4685453 -0.0623483 0.5861669 -0.5567200 -0.5878729 0.7780860 -0.5852469 -0.6657687 -0.4970927 0.5527904 0.6387280 0.1420459 -0.5727777 -0.6178689 0.6073980 0.6348744 -0.6113218 0.3556734 -0.6827132 -0.5668565 -0.2926986 -0.1626951 -0.6390852 0.3249301 -0.5720624 0.0908962 0.2302506 -0.4765801 -0.5210516 -0.5575756 0.2292878 -0.4369866 -0.5808235 -0.4811884 0.1647042 -0.4892673 -0.4776079 -0.4190939 -0.5071871 -0.3287046 0.0127846 -0.6338701 0.1050290 -0.5302749 -0.4852262 -0.1243779 -0.0772614 -0.6100560 -0.6373603 -0.5357095 -0.5266789 -0.5198291 -0.6520524 0.3812552 -0.5873154 0.2444829 -0.5987979 -0.2422246 0.1574622 -0.5735014 -0.4124480 -0.1653050 -0.4722006 0.0159769 -0.3079345 -0.2123887 -0.1107800 -0.1133467 0.0572314 0.0508711 -0.1579062 -0.1980149 -0.0848777 -0.2472584 0.0317038 -0.0461858 -0.1909755 -0.0944460 -0.3734963 -0.0014053 -0.1720989 0.0370290 -0.1933381 0.0471586 -0.1603314 -0.1386271 -0.2797563 -0.2120851 -0.0825773 -0.2407174 -0.0198834 -0.0013821 -0.1431382 -0.0919254 -0.2090781 -0.0758766 0.0644386 -0.0400273 0.0167062 0.1506554 0.1268543 0.1903829 0.0682869 -0.0713072 -0.1436091 0.1356657 0.1970171 0.4300611 -0.1766815 0.0156369 0.4524141 -0.0479866 0.1212305 -0.1735951 -0.1301744 -0.0024738 -0.1704200 -0.0728500 -0.1809691 0.1140301 0.0618754 0.0655380 -0.1560374 -0.0968324 -0.2117710 0.1581996 -0.0277710 -0.0451819 -0.0699595 -0.2576613 -0.2210346 -0.2059437 -0.0012705 0.1376927 -0.1087006 -0.1812276 -0.1733637 -0.1117815 0.0791269 -0.1582245 -0.0821558 -0.0305432 -0.3058817 -0.1165430 -0.2172487 -0.0686467 -0.2084747 0.0901950 0.0394520 -0.1332503 -0.1013950 -0.0551714 -0.2506370 -0.2244998 0.3778425 -0.0072982 0.5489283 0.6601331 0.6795685 0.1299361 0.4710472 0.1359170 0.2829745 0.2842271 0.2578553 0.2987206 0.2357437 0.1979157 0.1875232 0.0220633 0.3760292 0.5882910 0.2097943 -0.1241205 0.0847248 0.1587677 0.3370822 0.1028653 0.2973316 0.2569393 -0.1893744 0.2135963 -0.5635296 -0.4991889 -0.5624035 -0.1328240 0.2582128 -0.0597724 0.2658463 0.2689993 -0.6548646 -0.4353180 -0.6400511 -0.0884797 -0.2434476 0.1170065 0.0060185 -0.3179744 -0.3568235 -0.1835674
-0.0756707 0.0419275 0.4673985 0.2254614 0.4866940 -0.6209293 -0.4679525 0.6628293 -0.4988258 -0.4517580 0.3766999 -0.4679231 0.8527421 -0.3174743 -0.4716505 0.0000000 0.6810171 -0.2599530 0.9441367 0.6134378 -0.6374452 0.8463646 0.8486794 -0.4450513 0.8992816 0.8667443 0.5961770 -0.2661106 -0.2166808 -0.0879283 0.8470460 0.8973657 -0.3826687 -0.2603085 0.8882071 -0.3142058 0.8464853 0.8771251 0.2854720 0.3476163 0.8552962 0.0905202 0.8603602 -0.0658464 0.4231365 0.8890199 0.8510030 0.8750686 -0.1321662 0.7983709 0.8784242 0.7431423 -0.1034841 0.6155137 0.8965506 0.8632980 0.8411807 0.3208621 0.5962971 0.7895856 0.6009473 0.7900740 0.9005007 0.3779054 0.5069954 0.8716541 0.8285642 0.7289132 0.9149313 0.7129782 0.8800094 -0.3965973 0.8793202 0.3646795 0.9184294 0.5130699 -0.0699479 0.8935277 0.6271600 -0.2459768 0.6255298 -0.3702732 -0.1271809 -0.2875035 -0.0884465 -0.2800337 -0.2154046 -0.3523275 -0.2761601 -0.1043522 -0.1269498 0.1550072 0.0044074 0.1820616 -0.2185704 0.0040325 0.0350532 0.1599647 -0.2720007 0.4452997 0.0296359 -0.0116451 0.0289466 0.5206430 0.2910421 0.1621400 0.2188133 0.0801515 0.3154767 0.3538315 0.1141355 0.1158714 0.1637192 0.3931277 0.3093491 0.4363869 0.3552141 0.2239146 0.3378985 -0.0577893 0.2752346 0.3203957 0.2757253 0.0882838 0.0631476 -0.1381971 0.3660655 0.2248195 0.0525795 0.4078575 0.4409820 0.5507343 0.5223452 0.0975831 0.5216945 0.3423158 0.3395397 0.4003206 0.6002251 0.1744917 0.5824102 0.5691336 0.4818082 0.3512848 0.4739642 0.2187317 0.6645965 0.6890609 0.4944541 0.5598349 0.5170205 0.5640061 0.5897006 0.4785960 0.3122874 0.3822712 -0.2015160 0.6715611 0.1053928 -0.0026014 0.3250184 0.6239597 0.0041129 -0.2922635 0.4012532 0.5883645 0.1621688 0.1388405 0.0448381 0.2457661 0.4504119 0.2737548 0.2268401 -0.2694496 -0.1094070 -0.6558096 -0.8599231 -0.7268075 -0.6989532 -0.3155219 -0.5519575 -0.3567964 0.1355707 -0.2987726 0.4753188 0.5838313 0.4923031 0.5164484 -0.2347282 -0.5294724 -0.2856840 -0.0798250 -0.5501672 -0.1747775 -0.1835655 -0.5179026 -0.1386101 -0.6821454 -0.0447354 -0.0553544 0.3438981 -0.1357358 0.2296398 -0.4593873 -0.1275530 0.1321164 -0.0046682 -0.5303225 0.4244181 -0.1130320 0.5732221 -0.5595778 0.4078248 -0.2548007 -0.1771832 0.3175598 0.1987562 0.2247088
-0.1991648 -0.0327882 0.3485297 0.4705979 0.2501574 -0.3859671 -0.4801878 0.6290299 -0.5570800 -0.2270232 0.8015536 -0.4193419 0.5810291 -0.2486407 -0.4780613 0.6810171 0.0000000 -0.3606638 0.5443359 0.3589913 -0.6004722 0.5259561 0.8664634 -0.5966768 0.5290855 0.6854832 0.9135663 -0.3278662 -0.3999367 0.3927170 0.5457181 0.5763880 -0.3550819 -0.1873695 0.6689676 -0.4410177 0.5865266 0.5294712 0.6826117 0.5915852 0.5767141 -0.1368938 0.6681578 0.3564309 0.4689908 0.4880107 0.4824370 0.5194222 0.3809333 0.3691570 0.5283764 0.6583908 0.1773368 0.7207552 0.4909410 0.4654359 0.4205267 0.7835483 0.4266885 0.4248560 0.5153653 0.4628347 0.6174760 0.5862668 0.5535394 0.4619242 0.4022370 0.7596436 0.5499604 0.6412899 0.4755982 0.0767861 0.5100169 0.4933457 0.5725350 0.4046942 0.2540672 0.5005213 0.3312628 0.0225796 0.3684748 -0.3828902 -0.1430026 -0.3218414 -0.0199733 -0.1079419 0.0198854 -0.4378451 -0.0578049 -0.0199536 0.0505369 0.3502454 0.2670535 -0.0367388 0.0666826 0.2832123 0.4029212 0.2854257 -0.0227209 0.1844767 0.0002443 0.0897453 0.0120192 0.2344168 0.3015013 0.3509376 0.3304916 0.3042901 -0.0209185 0.4484684 0.2410617 0.1196285 0.2792655 0.5941395 0.5475523 0.5556341 0.5813078 0.5082606 0.5136070 0.0699707 0.5472305 0.6136236 0.1479039 0.2802034 0.1005974 -0.3608505 0.5569171 -0.0066156 -0.1271063 0.4864365 0.4321192 0.1101153 0.4241840 -0.1315702 0.1469075 0.1287751 0.1533941 0.1627670 0.3159829 -0.2340638 0.2006714 0.1172707 0.3950778 -0.0478320 0.2095394 0.1053945 0.3665273 0.2912541 0.4283380 0.1340373 0.0366461 0.0713366 0.3275316 0.2799055 0.2771131 0.3047196 0.1476591 0.3721937 0.4219783 -0.0383260 0.3618162 0.3895484 0.2012756 0.1261707 0.3823513 0.2539369 0.2547878 0.3628345 0.4722133 0.4762285 0.4710414 0.5565533 0.1609232 -0.0853655 -0.2687358 -0.5874076 -0.5840142 -0.3752575 -0.6710821 -0.4789781 -0.7448845 -0.6038576 -0.1635700 -0.5553575 0.2418776 0.4411092 0.2082968 0.2683519 0.0811402 -0.2421893 -0.4177745 0.2380705 -0.0419726 -0.4460822 -0.4392687 -0.5640413 -0.3470082 -0.2032255 0.1221936 -0.3026580 0.5241527 -0.0036411 0.2561838 -0.3581485 0.0569505 0.2365538 -0.2990761 -0.2627011 0.5443850 0.0941457 0.4164744 -0.3076244 0.5574918 -0.1967018 -0.1160225 0.3733367 0.2260486 -0.0769422
