0.0000000 0.2911263 0.1428271 0.0848899 0.1729841 0.2351669 0.4459944 0.2198482 0.3154931 0.0839381 -0.0859992 -0.1784791 0.3466727 0.0637050 0.1777736 -0.0399059 0.1799261 0.1632639 0.2769417 0.0660972 -0.2984734 0.4573252 -0.1199793 -0.0900999 0.3775651 0.0579856 0.2888135 0.0522206 -0.3176765 0.0836484 0.3825556 0.4039475 0.0939690 -0.0040161 -0.0123977 -0.1201797 0.1577032 0.5018172 -0.1909508 -0.0938407 0.3706349 -0.0278361 -0.0615293 0.0392990 -0.0733431 0.3098767 0.1766429 0.4972930 0.1661381 0.7076815 0.0672549 -0.1564091 0.2490781 -0.0968135 0.4803289 0.2649080 0.1150401 0.1275113 0.0453178 -0.0877360 0.0656784 -0.1172131 0.3255311 0.2726723 0.3983937 0.1125641 -0.2599986 -0.1986450 0.3550023 -0.0451848 0.0514309 0.1952410 -0.2409574 0.0667566 0.2621276 0.0681901 0.2267935 0.2003740 0.2225157 0.3063071 0.3685482 0.5215821 0.2284748 -0.2820523 0.0887357 0.4325552 0.5270533 0.4109636 0.3351033 0.3448125 0.2709795 0.3488282 -0.4524245 0.1692888 0.5547353 0.2708258 -0.1737551 -0.5431010 0.4896473 0.3443982 0.3304867 -0.0183814 -0.1085651 -0.0208441 0.0214365 0.2539304 -0.2323705 -0.1177268 -0.1098483 -0.2601990 0.1542385 -0.1991722 -0.0388071 -0.3722952 -0.3254132 -0.1437056 -0.3733319 -0.4955290 -0.3046264 -0.1309612 -0.1112531 -0.1399889 0.2003708 0.0822251 -0.2841637 0.1125429 -0.0339848 -0.0309167 -0.0663687 -0.0458279 -0.2149645 -0.0855105 0.1999172 0.2812654 -0.1224670 0.0299303 -0.1097037 -0.1252136 -0.0222263 0.2486273 -0.1776970 -0.1948983 0.0074129 0.3846114 -0.1703265 0.2442592 -0.3015453 -0.1192247 -0.3495022 -0.2954753 0.3260446 0.1994215 -0.4901505 -0.0545570 -0.2390952 0.2316756 0.1027543 -0.1943676 -0.1873443 0.1726739 -0.4011448 -0.3138442 0.3832577 0.1193953 -0.5676773 0.1385090 0.2625385 -0.2292997 -0.3156379 -0.2944147 -0.2819323 -0.3559389 0.2232190 -0.1242142 0.4637932 0.3359324 -0.0409482 -0.2941498 -0.1354815 -0.1041767 0.0315398 -0.0018645 0.0480684 0.0719949 0.0717193 0.0458223 0.0437837 -0.0484372 -0.0336412 -0.0737340 -0.1025536 0.1942201 -0.0492477 -0.1576687 -0.0024189 -0.0036858 -0.0973345 0.5738170 0.5039830 0.0227973 -0.1651503 0.1250786 0.3230301 0.0711286 0.5967169 0.4045268 0.4629889 0.7492188 -0.3177649 0.3835855 0.2736502 0.4446900 0.3986353 0.3497916 0.3394753 0.5791008 0.5690207 0.6078555
0.2911263 0.0000000 0.8573945 0.8854766 0.7235252 0.7995313 -0.0611478 0.9348762 0.7724039 0.6452492 0.8197380 0.6349201 0.8893408 0.5268170 0.5138091 0.8443264 0.4487116 0.4718154 0.9434923 -0.2102589 0.5503133 0.7900273 0.6672154 0.4579855 0.9001172 0.9244491 0.6210083 0.5586490 0.1985385 0.7302568 0.3266172 0.8209607 0.5748426 0.4346899 0.8081625 0.5030351 0.8141564 0.8880950 0.6707232 0.6027359 0.7092403 0.3774129 0.7529337 0.5749045 0.2650145 0.7599050 0.7765981 0.7241592 0.6920353 0.6295349 0.8091747 0.4250927 0.8220802 0.2898560 0.8083306 0.7070934 0.6663018 0.5123982 0.5397728 0.6423735 0.6450243 0.0978317 0.6783898 0.7600250 0.5279925 0.6326564 0.4235271 0.2622088 0.6764698 0.6261937 0.6701566 0.7244450 0.3209294 0.7038781 0.7464651 0.6188421 0.7946936 0.7110159 0.4019144 0.4521059 0.6025412 0.2117577 0.0010762 -0.5266823 -0.2835341 -0.0610156 -0.0602232 0.2854812 -0.1590153 0.0999880 -0.1754604 0.1167632 0.2485661 0.2660688 0.2591448 0.1525665 -0.0676184 0.2798015 0.1171117 0.4312579 0.0853774 0.0166826 0.0620499 0.1303158 0.0889804 0.2782574 0.0388855 -0.2346456 0.0065548 0.2166108 -0.0188131 0.2809362 -0.1022048 -0.0001800 0.2516907 0.1748423 -0.0803949 -0.2047721 0.0292788 0.2840241 0.1450253 0.2081525 0.2747290 0.3859558 0.1571873 0.6223304 0.3350208 0.0070018 0.3873891 -0.0101635 0.0838366 -0.0963603 -0.1314677 0.4461757 -0.0932157 -0.0830465 0.0108626 0.4112153 -0.0683590 0.2599145 -0.2720614 0.2303508 0.2540120 0.2109674 0.1935677 -0.1473690 0.0417665 0.0337763 -0.1175791 -0.0403661 0.1063811 0.4618776 0.0824896 -0.1542247 -0.2155018 0.4879159 0.2234816 0.0133777 0.2587474 0.2273476 -0.1406126 0.1122573 0.2815546 0.1803922 -0.2775438 0.2714904 0.2560996 0.0603581 0.1658107 0.0857721 0.0258420 -0.0034966 0.2164038 0.5883123 0.7720321 0.7280899 0.5286667 0.3867347 0.3708350 0.2681267 0.5693989 0.4543104 0.2735735 0.3190971 0.6217011 0.7048849 0.6663228 0.6675782 0.7089652 0.6560551 0.3744304 0.5907216 0.7170712 0.3298747 0.3977969 0.5395154 0.3931744 0.6652153 0.7980142 0.6145704 0.4485435 0.0650968 0.2646934 -0.0995866 0.4014063 0.6152888 0.3008386 0.3431884 -0.0340143 0.7137452 0.1639626 0.1001502 0.6188555 0.2733029 0.4063917 0.0318475 0.5004218 0.2694354
0.1428271 0.8573945 0.0000000 0.8990803 0.7362501 0.8188794 -0.2445555 0.9052480 0.8515514 0.6663581 0.7042058 0.7534267 0.8375256 0.5252054 0.5949297 0.7381750 0.2736726 0.5073092 0.7621163 -0.1889152 0.7409383 0.6491376 0.6081728 0.6538171 0.7300915 0.7876477 0.4543054 0.6484024 0.2457582 0.6984927 0.0996685 0.7567950 0.7292345 0.3611321 0.7786105 0.6430196 0.7709127 0.7142758 0.6127265 0.5131231 0.5215056 0.3238382 0.7352434 0.7384742 -0.0593941 0.6523203 0.7323365 0.4910382 0.7065956 0.3422201 0.7882544 0.2781391 0.6676073 0.0947861 0.6755052 0.6583245 0.6606011 0.3938948 0.4608364 0.6540042 0.4927870 -0.0197840 0.6064123 0.7455064 0.6014986 0.5012276 0.3718145 0.0900980 0.5100067 0.5776187 0.4780902 0.8258438 0.2516632 0.8528827 0.5996195 0.6529073 0.8473155 0.5792673 0.4373748 0.4873242 0.6130391 -0.1795734 -0.3192063 -0.6036527 -0.5386376 -0.3319365 -0.3540687 -0.0986431 -0.3994512 -0.2438793 -0.4442965 -0.1516456 0.0821020 -0.1363865 -0.0147787 -0.1476583 -0.2615873 0.1134310 -0.1714009 0.2076519 -0.1946616 -0.2081584 -0.2555083 -0.0772113 -0.2101830 -0.0962505 -0.2716618 -0.5349668 -0.1714517 -0.0728559 -0.2560069 0.0311747 -0.4846032 -0.2972925 -0.0244558 -0.1665571 -0.3492604 -0.3381409 -0.2075582 0.2406199 0.0150510 -0.0295893 0.0024213 0.1930351 0.2183203 0.6004442 0.2508393 -0.1681071 0.4174403 0.0164840 0.0638506 -0.2600505 -0.1530977 0.4710363 -0.1411994 -0.0453522 0.0586972 0.3619368 -0.1017529 0.4383884 -0.2733001 0.2788310 0.2104248 0.1921661 0.1857551 -0.0764600 -0.0066832 -0.0068417 -0.1665455 0.1143124 0.1134842 0.4059239 -0.0102525 -0.2174670 -0.2949511 0.3683691 0.0233962 -0.0598240 0.1132280 0.1079366 -0.2769085 0.1078946 0.2126433 0.0031023 -0.3337149 0.0867648 0.1875376 -0.0742807 0.0245952 -0.0151022 -0.1571578 -0.1799911 0.1261906 0.5484246 0.5217811 0.7189052 0.6190630 0.3920011 0.5629446 0.4362518 0.6530687 0.5773872 0.1443956 0.4081301 0.5741513 0.8550471 0.6377159 0.7742918 0.8740798 0.8326841 0.2800041 0.7110631 0.7695511 0.3720903 0.3164094 0.6175838 0.5591328 0.4494487 0.6344445 0.6712512 0.3217172 0.0474258 0.3232557 0.1354159 0.1765022 0.5796087 0.2109429 0.1922661 0.0178955 0.6904290 0.2105816 0.2444220 0.3382978 0.2085554 0.4586117 -0.1072497 0.3687584 -0.0538691
0.0848899 0.8854766 0.8990803 0.0000000 0.7276754 0.7589529 -0.3968508 0.9605253 0.8190814 0.6944455 0.8405777 0.7384111 0.9037639 0.5641545 0.5681400 0.7649022 0.3522196 0.5262432 0.8195647 -0.1085316 0.7315813 0.7668493 0.6903275 0.5772979 0.7845047 0.8829350 0.4987002 0.5932980 0.2385065 0.6857281 0.2772721 0.7510506 0.6902531 0.4907389 0.8348617 0.6886625 0.8301202 0.8273875 0.7225158 0.6648746 0.6865541 0.4297501 0.7479475 0.7156205 0.0407386 0.7164434 0.7665821 0.6637872 0.8389133 0.3829472 0.8053942 0.4204188 0.8556785 0.3982572 0.7905113 0.7396670 0.7142116 0.6405794 0.6566519 0.7205077 0.6676806 0.1262729 0.6772237 0.8256808 0.6551434 0.6376313 0.4377631 0.2820756 0.6049591 0.6953353 0.5924219 0.8441963 0.2860848 0.8429206 0.6764552 0.7073553 0.8719211 0.6447253 0.4777962 0.4963100 0.6530360 -0.0327111 -0.1337736 -0.4108910 -0.3700162 -0.1665641 -0.2658835 0.1176911 -0.3042567 -0.0503730 -0.3360632 0.0159525 0.1761107 0.0655252 0.0716818 0.0458683 -0.0004037 0.3204797 -0.0750351 0.2774368 -0.0892354 0.0211634 -0.0158619 0.0314690 -0.0625880 0.0596225 0.0055613 -0.3615456 -0.1026044 0.1487349 -0.1279929 0.2771373 -0.3453632 -0.1732185 0.1834523 0.0134186 -0.1763062 -0.1951435 -0.0391495 0.3469277 0.1589283 0.1340154 0.0943236 0.3320405 0.2251595 0.5858483 0.4485089 -0.2447633 0.2538844 -0.0531281 0.0059390 -0.2749476 -0.2000632 0.4508120 -0.2031205 -0.2032410 -0.0938171 0.3293712 -0.2544535 0.3413019 -0.3917070 0.2061244 0.1636903 0.0372332 0.0724857 -0.2012448 -0.0690725 -0.1179546 -0.2002580 0.0897836 0.0281630 0.2942590 0.0998957 -0.3198266 -0.2836437 0.4528140 0.0151962 -0.0840014 0.1410136 0.0611905 -0.2635752 0.0944285 0.3319698 0.0312009 -0.3236846 0.0680672 0.2566542 -0.0487924 0.1248469 0.0488318 -0.0161140 -0.0648979 0.0717031 0.5033914 0.4966272 0.6479286 0.5875024 0.4169135 0.5631060 0.4342309 0.6738705 0.6016459 0.3730156 0.4925963 0.6642804 0.8985124 0.6589780 0.7797322 0.8126911 0.7908798 0.4818144 0.6144827 0.6748890 0.4003594 0.4186069 0.5489380 0.5241879 0.4472394 0.6848297 0.6216684 0.4051093 0.0673874 0.2666690 -0.0213486 0.2987099 0.6353050 0.0233528 0.2239413 -0.0824081 0.6327264 0.1765832 0.0767674 0.4846918 0.2098693 0.3606594 0.0289757 0.4074295 0.1051856
0.1729841 0.7235252 0.7362501 0.7276754 0.0000000 0.8051569 -0.0037282 0.8083654 0.5697067 0.4286793 0.5261615 0.5609763 0.8751532 0.2858252 0.1847855 0.5216379 0.1979925 0.0975812 0.5109340 -0.1367876 0.6661341 0.6641252 0.4043714 0.1576859 0.4817237 0.5897112 0.3246214 0.2013421 -0.1612652 0.4801976 0.2782454 0.5745526 0.3664022 0.1156206 0.5567637 0.2974706 0.5973932 0.6487200 0.6352467 0.3911465 0.6095495 -0.0536817 0.5302774 0.4324789 0.1212657 0.4297743 0.4749178 0.5568740 0.4690692 0.4252597 0.5174111 0.4552783 0.6277314 0.2919652 0.7293730 0.5061115 0.4004490 0.3169405 0.5908249 0.3619696 0.4970231 0.1596715 0.7478434 0.5060797 0.5154512 0.3951007 0.1434560 0.0706210 0.6523226 0.2663721 0.3741913 0.6081338 0.0493049 0.7824461 0.5744437 0.3298219 0.6261123 0.4600353 0.1570605 0.1541735 0.4480025 -0.0158181 -0.2706384 -0.4304817 -0.4611219 -0.3657521 -0.4711340 0.0102062 -0.4866055 -0.2541033 -0.6340192 -0.2805878 -0.1259746 -0.1521439 -0.1824323 -0.3621391 -0.4667614 -0.0781100 -0.2296756 0.0559741 -0.3692141 -0.3986632 -0.2720254 -0.1896781 -0.4195503 -0.1378652 -0.1178833 -0.3348151 -0.4980580 0.1435458 -0.5673543 0.1946324 -0.2828652 -0.1090370 0.1359771 0.1751089 -0.0351994 -0.1297195 0.0789515 0.5073110 0.2932941 0.2845511 0.0010380 0.2660296 0.2143499 0.7581087 0.5862467 -0.3406301 0.4332851 0.3544420 0.3460069 -0.3391445 0.1252064 0.5260580 -0.1685012 -0.1423792 0.1856555 0.5028292 0.0520404 0.4096687 -0.3727043 0.4008233 0.1779654 0.1827733 0.3212078 -0.0854237 0.1706367 0.0486699 -0.2907309 0.3803617 0.3658599 0.4145231 0.2571602 -0.2571734 -0.0619961 0.2899112 -0.0388212 0.1495370 0.0877161 0.3041078 -0.0100927 0.3280561 0.2163223 0.0756363 -0.0533846 0.0526278 0.0779449 -0.1862653 0.0875266 0.1712626 0.1066886 -0.0797071 0.4826887 0.6508970 0.5294428 0.6039729 0.8066176 0.5486212 0.6589242 0.4176630 0.5363629 0.4380716 0.2933040 0.4531444 0.8505108 0.7202289 0.8831876 0.8675659 0.8123006 0.6428651 0.6122645 0.3572877 0.7697768 0.5507087 0.6574765 0.7147281 0.5331973 0.5190641 0.5414888 0.7547477 0.0651304 -0.4793676 -0.2331624 -0.0835959 0.2132954 0.4546084 0.0417551 0.0793537 -0.1574152 0.4617966 -0.3000821 0.1568970 0.3643192 0.0294074 0.2035967 -0.0021593 0.2867399 -0.0796665
0.2351669 0.7995313 0.8188794 0.7589529 0.8051569 0.0000000 -0.0295013 0.8359461 0.8039382 0.7634708 0.6778611 0.6702611 0.8453966 0.6313954 0.5350305 0.6967261 0.5494999 0.4451169 0.6717657 -0.2942207 0.5905023 0.7683596 0.6799334 0.4547962 0.6591982 0.6547258 0.7088732 0.5859631 -0.0982091 0.8252982 0.1685781 0.7462607 0.6023083 0.2160632 0.7311963 0.3733597 0.6804797 0.7506851 0.8096625 0.6780013 0.7048850 0.1303736 0.7824271 0.6195449 -0.0197107 0.5466750 0.6198009 0.6438663 0.6003724 0.3766052 0.6765542 0.6220023 0.6697194 0.3537886 0.7548404 0.6342399 0.5890875 0.4971311 0.5329299 0.5863405 0.5344168 0.3679818 0.8405356 0.7002186 0.6310888 0.5998634 0.4902536 0.3568413 0.7962025 0.5640043 0.6765712 0.7222571 0.4424906 0.7983792 0.8330095 0.6146551 0.7409813 0.7632279 0.4743900 0.5230269 0.6759559 -0.1317805 -0.3943269 -0.6564609 -0.6032177 -0.2571311 -0.2382727 0.0816734 -0.3135563 -0.2416388 -0.3461320 -0.0662807 0.0464182 -0.0434023 0.1272950 -0.1006018 -0.3029554 0.0757710 -0.0493202 0.3062786 -0.1781769 -0.1178616 -0.2453435 0.1389550 -0.1199508 0.1013087 -0.1236237 -0.4500173 -0.1479458 0.1136998 -0.2650407 0.0360803 -0.2672486 -0.1265080 0.1291456 0.0394935 -0.1142646 -0.1138018 0.1083220 0.4519953 0.2712076 0.2326616 0.0278455 0.3860022 0.3530092 0.6052718 0.4138610 -0.1712734 0.4577051 0.1863867 0.1952383 -0.1207555 0.0348112 0.4539479 0.0203708 -0.1004351 0.0787253 0.4362409 -0.0298966 0.4268591 -0.1962337 0.4003807 0.3345103 0.0768750 0.1657512 -0.0816496 0.0844716 0.0229552 -0.1252694 0.2678440 0.2207372 0.2716130 0.1317030 -0.1410502 -0.0397443 0.2388778 0.1432084 0.0171470 0.1969582 0.3072572 -0.0520424 0.2508121 0.1114206 0.2084276 -0.2071967 0.1099388 0.0354892 -0.0795857 0.1294672 0.1079032 -0.0034087 -0.1211548 0.4336383 0.6937297 0.6060566 0.6765360 0.6063149 0.3832442 0.5191229 0.3339772 0.5765788 0.4498235 0.2369291 0.4540241 0.6983740 0.7967063 0.7793624 0.7623711 0.7647725 0.6405795 0.3799262 0.5531998 0.7353180 0.3754403 0.3955135 0.5336755 0.2746020 0.5247464 0.7675995 0.4787899 0.1700906 -0.1853728 0.0874848 -0.1361319 0.3322458 0.7037032 0.0513984 0.3054886 -0.1533643 0.7250503 0.0795661 0.0912866 0.5435046 0.3230064 0.2484697 0.2119676 0.4606534 0.0375817
0.4459944 -0.0611478 -0.2445555 -0.3968508 -0.0037282 -0.0295013 0.0000000 -0.2529445 -0.3495914 -0.3429612 -0.3569258 -0.1679981 -0.1651118 -0.3676285 -0.4134207 -0.2128576 0.0293387 -0.5737455 -0.0801582 -0.3326254 -0.2833461 -0.0199957 -0.2445826 -0.5673259 -0.1305368 -0.2365645 0.0593479 -0.4682793 -0.3949467 -0.1774093 -0.0827268 -0.1545239 -0.4305925 -0.4517014 -0.2372146 -0.2987263 -0.2296445 -0.0807642 -0.1822621 -0.3358741 -0.1457075 -0.0815047 -0.1604556 -0.4474582 0.5048938 -0.1326005 -0.1887500 -0.0243886 -0.4615181 0.4191184 -0.2099010 -0.0305516 -0.1939724 -0.1861164 -0.0778003 -0.2191845 -0.2728586 -0.3518876 0.0319321 -0.3166021 0.0482357 -0.0274919 -0.0483744 -0.2361431 -0.0644433 -0.1806526 -0.1666129 -0.1274085 0.0565046 -0.2693534 -0.0594658 -0.3395524 -0.0874350 -0.3357634 0.0133663 -0.2932480 -0.3086123 -0.0156863 -0.1018917 -0.0596058 -0.0898813 0.4312538 0.2406608 -0.1013602 -0.0980603 0.2647996 0.3422386 0.1338241 0.3056170 0.2677151 0.1326752 0.0403626 -0.3739573 0.0381569 0.3339242 -0.0331301 -0.3022294 -0.4313681 0.4659189 0.0711841 0.2768055 -0.2341055 -0.0114855 -0.1273288 -0.0655122 0.1582630 -0.1525571 0.1174585 -0.2101057 -0.0306910 -0.0004242 -0.0719043 0.1503239 0.0221149 -0.1682609 0.0899444 -0.0281955 -0.0970642 -0.0583137 -0.1234532 -0.0797560 0.0672498 0.3040432 -0.0465404 -0.2058729 0.0623743 0.0044940 0.2302665 0.0708828 0.3622133 0.2440334 0.0042117 0.2591793 0.1958206 0.1638651 0.3925562 0.3149131 0.0224656 0.3455623 0.3190455 0.2069531 0.1807642 0.0356496 0.6033297 0.2530027 0.5315459 0.2071778 0.2616196 -0.0597372 0.1466984 0.6209113 0.4130302 0.0091428 0.2581159 0.2734424 -0.0775156 0.3543557 0.3233361 0.0794916 0.5835988 0.3594549 0.2619525 0.1071406 0.3971901 0.2461374 0.2994458 0.0711507 -0.1170920 0.0394725 0.2527001 0.0885389 0.0011660 0.1977200 0.0889696 0.4294667 0.1940803 0.1472030 0.0633739 -0.0140548 0.0921005 -0.1293166 -0.1574225 0.1269349 -0.0051598 -0.0008369 -0.3645226 -0.0234070 -0.1826945 -0.1835756 -0.2377905 -0.1267893 0.0458547 0.1258617 0.0804668 0.1159357 0.1550513 -0.0281624 0.2356142 -0.0468667 0.0019896 -0.3898108 -0.3843764 -0.1488350 0.2314551 0.0650926 -0.0768710 0.2787937 0.2408733 -0.1756081 -0.2111323 -0.0888317 0.4076658 0.1247394 0.1488236 0.2020942 0.1867724 0.1175974 0.2062559
0.2198482 0.9348762 0.9052480 0.9605253 0.8083654 0.8359461 -0.2529445 0.0000000 0.8376924 0.6526135 0.7873615 0.6273152 0.9720385 0.5341304 0.5554150 0.7774455 0.3548626 0.5167859 0.8564836 -0.0972767 0.6225661 0.8244415 0.6153000 0.5048313 0.8373558 0.8670027 0.5220970 0.5569939 0.1288116 0.6918074 0.3694387 0.8118528 0.6189180 0.4327522 0.7825616 0.5069733 0.8268878 0.8899800 0.6892277 0.6036419 0.7535480 0.2534831 0.7069753 0.6607915 0.0482060 0.7308391 0.7604379 0.7238978 0.7493733 0.5416619 0.7799447 0.4028186 0.8204683 0.3393997 0.8498716 0.7615471 0.6975784 0.5620973 0.6186938 0.6434712 0.6288687 0.1255338 0.7777194 0.7584430 0.6177252 0.6392301 0.3488045 0.2188938 0.7143839 0.5678264 0.5903310 0.8030740 0.2294200 0.8284744 0.7273879 0.6056490 0.8257177 0.6595508 0.3751787 0.4129735 0.6121316 -0.0108252 -0.1716777 -0.5309127 -0.3518786 -0.2050237 -0.2640696 0.1730244 -0.3375186 -0.0742314 -0.3724015 0.0059866 0.1664330 0.0801361 0.0660923 -0.0117071 -0.1106800 0.2280951 -0.0807514 0.2931686 -0.1234751 -0.0415703 -0.0866378 0.0607275 -0.1027265 0.0619984 -0.0567141 -0.3366562 -0.1465754 0.1562534 -0.2080955 0.2083979 -0.2763101 -0.1125449 0.2074213 0.0932633 -0.1471493 -0.2196003 -0.0230308 0.4018984 0.2015095 0.1373942 0.0828473 0.3230632 0.2593889 0.6598447 0.4202019 -0.2368076 0.4023116 0.0529102 0.1321804 -0.2542336 -0.0616398 0.4603853 -0.1674281 -0.2131166 0.0360449 0.4648636 -0.0749993 0.3159871 -0.3977113 0.2802119 0.1824967 0.0724383 0.2016513 -0.2295770 0.0460627 -0.0077276 -0.2550076 0.0854629 0.0724471 0.3381312 0.1186906 -0.3142830 -0.2316241 0.3916261 0.0014528 -0.0151657 0.1093407 0.1146261 -0.2426553 0.1030374 0.2346212 0.0229043 -0.3127287 0.0692613 0.1465689 -0.0813624 0.0899715 0.0165880 -0.0183051 -0.0749405 0.1549707 0.5117962 0.5694980 0.6507466 0.5739826 0.3870595 0.4777476 0.3040253 0.5892606 0.4987299 0.3062039 0.4052340 0.6969649 0.8448766 0.7346225 0.7663040 0.7776396 0.6882574 0.4789344 0.5216266 0.7087840 0.3444847 0.4395887 0.5432784 0.4276142 0.6314237 0.7527546 0.6606005 0.4022164 -0.0154870 0.1644007 -0.1371805 0.3400471 0.6151563 0.1508518 0.3144401 -0.0549608 0.7004616 0.0525696 0.0787289 0.5018084 0.1709669 0.3004092 0.0737005 0.4343097 0.1540259
0.3154931 0.7724039 0.8515514 0.8190814 0.5697067 0.8039382 -0.3495914 0.8376924 0.0000000 0.8242422 0.7004263 0.6048038 0.8029874 0.7754546 0.8352652 0.7023819 0.5094947 0.8088941 0.6992269 -0.1028427 0.5272017 0.6515944 0.5814448 0.7580831 0.7079154 0.6813900 0.6515461 0.8252549 0.1831098 0.8056285 0.1930814 0.7199792 0.8239446 0.4574927 0.6320415 0.5453632 0.5894343 0.7239673 0.5664018 0.6262944 0.5468978 0.1962677 0.6316441 0.7581043 -0.3627064 0.5073759 0.5548968 0.5338394 0.7728256 0.2866000 0.6153467 0.3121616 0.6803350 0.2083054 0.6448609 0.5594382 0.5271736 0.5471890 0.3502947 0.5090509 0.3394697 0.1605598 0.6215115 0.8019989 0.7365220 0.4489498 0.3586413 0.2251977 0.5500163 0.6269558 0.5432255 0.8932805 0.3949360 0.8626687 0.6614638 0.7712709 0.8610478 0.7221304 0.6403417 0.7032517 0.8137452 -0.1524599 -0.4125251 -0.5971018 -0.4032270 -0.2431638 -0.1591791 0.0501556 -0.2967641 -0.2314643 -0.1974417 -0.0012762 0.0286626 -0.0479462 0.1471205 0.0126795 -0.1612149 0.0908536 -0.0914790 0.3417225 -0.1371175 0.0323804 -0.2168466 0.1803584 -0.0270053 -0.0032279 -0.1204620 -0.4585119 0.0382736 -0.0174952 -0.1067850 -0.0097520 -0.2520325 -0.2457000 0.0593743 -0.0686427 -0.2551989 -0.2508628 -0.0450450 0.2185780 0.1224149 0.0950284 0.0072751 0.3915572 0.1672581 0.4532041 0.2783208 -0.1426575 0.2435809 -0.1485033 -0.1778907 -0.0959725 -0.2342458 0.4271936 -0.1560962 -0.2309329 -0.1956270 0.1864146 -0.3042799 0.3535672 -0.2968035 0.1527551 0.3623389 -0.0279569 -0.0967455 -0.2026087 -0.2539824 -0.2363654 -0.1134793 0.0466813 0.0209261 0.1436269 -0.1644426 -0.1823098 -0.3588442 0.3888075 0.0681657 -0.2810246 0.1601058 0.0511245 -0.3668037 -0.0011597 0.2324277 0.0229226 -0.4962813 0.0694201 0.2049280 -0.0077476 -0.0254312 -0.1242878 -0.2006215 -0.2193005 0.2354258 0.4887898 0.4912303 0.6119358 0.3950294 0.1663457 0.3797384 0.2197761 0.6270352 0.5328666 0.0397554 0.3742934 0.5333426 0.8416860 0.5845200 0.6698206 0.7043174 0.6242984 0.1683816 0.5827855 0.4800856 0.1714406 0.1652976 0.3716864 0.3063219 0.4930414 0.8320834 0.4179371 0.3357221 0.1831980 0.4129098 -0.0466252 0.4293144 0.7824420 0.1202302 0.3615437 -0.0438322 0.8949551 0.3718383 0.1833585 0.5180085 0.2629741 0.4210000 0.1113916 0.6378733 0.2553874
0.0839381 0.6452492 0.6663581 0.6944455 0.4286793 0.7634708 -0.3429612 0.6526135 0.8242422 0.0000000 0.8470364 0.6511102 0.6073397 0.9586753 0.6933946 0.7490284 0.8135633 0.7611058 0.5934550 -0.3335991 0.5847495 0.4891116 0.8202307 0.6963676 0.5527689 0.6609422 0.8555856 0.8400658 0.3143241 0.9218143 -0.0366887 0.5394205 0.7909849 0.5478778 0.7009908 0.6098605 0.4828323 0.5777041 0.7703778 0.7705403 0.4754302 0.3489939 0.7652479 0.7005038 -0.2239482 0.3629978 0.4442700 0.4860846 0.8382400 0.0189049 0.5829789 0.6675689 0.7319513 0.5330635 0.4897083 0.3730380 0.3941967 0.7833382 0.2768937 0.5668882 0.2887118 0.4524180 0.4631600 0.8718956 0.6369737 0.3771065 0.5935883 0.5639269 0.4404482 0.8426040 0.6108509 0.7788295 0.6036999 0.7357359 0.6211863 0.8852208 0.8321967 0.7065849 0.7866863 0.7480929 0.8039236 -0.0118413 -0.3278846 -0.4089690 -0.4401620 -0.1790501 -0.0887177 0.1136002 -0.1879312 -0.1643365 0.0123797 0.0951405 0.2195450 0.1128395 0.2613713 0.1712847 0.0321925 0.3445588 -0.0263747 0.2877101 -0.0680994 0.1607188 -0.0675478 0.2360225 0.2642178 0.2432339 0.1240568 -0.4175592 0.2350047 0.1513714 0.0863583 0.1784700 -0.1237104 -0.1210947 0.1370568 0.0010342 -0.0341226 -0.0510261 0.2085842 0.2338171 0.1885786 0.3233883 0.1207700 0.3707463 0.1432876 0.3343613 0.4000089 -0.0005953 0.1319329 -0.2319521 -0.2459035 0.0540026 -0.2273994 0.2405788 -0.1168457 -0.1789737 -0.4025425 0.0802579 -0.4949792 0.2279753 -0.1764997 0.1390130 0.3938992 -0.0804710 -0.2331975 -0.1793818 -0.3116394 -0.3741591 0.0936362 0.1014061 0.0365282 0.1637337 -0.0496261 -0.0604298 -0.2704860 0.5343522 0.2852760 -0.2615458 0.3511113 0.2298345 -0.1453347 0.2003540 0.2519818 0.3198104 -0.2743039 0.2791732 0.3006348 0.1729321 0.1949360 0.1824623 0.0272156 -0.0333551 0.1957027 0.6129876 0.4435146 0.5225170 0.3156095 0.1066451 0.3604434 0.2248170 0.5006859 0.3997723 0.0468667 0.3370937 0.4070353 0.7221496 0.4512704 0.5965668 0.6426850 0.6308212 0.2347579 0.6238212 0.3962471 0.2818343 0.1824499 0.2738139 0.2038224 0.1735514 0.7664336 0.2081811 0.1388270 0.0925211 0.3425219 -0.1116517 0.4263483 0.7621561 -0.0520174 0.1121092 -0.3314569 0.7332733 0.4492798 -0.0811316 0.6305820 0.4898157 0.3474025 0.0998563 0.5496083 0.2320425
-0.0859992 0.8197380 0.7042058 0.8405777 0.5261615 0.6778611 -0.3569258 0.7873615 0.7004263 0.8470364 0.0000000 0.6881696 0.7033328 0.7845977 0.5290574 0.9050076 0.6805810 0.6022810 0.7994302 -0.3120108 0.6717820 0.5557254 0.8662612 0.5731603 0.7074538 0.9129945 0.7293289 0.6824012 0.4634220 0.8261393 0.1045224 0.5770444 0.6567824 0.6445897 0.8306234 0.6603295 0.6565942 0.6837358 0.8288148 0.7692402 0.5563900 0.4864657 0.8177270 0.6202683 0.1572472 0.5410058 0.6029046 0.5719460 0.8417754 0.1980846 0.7314369 0.6779873 0.8628547 0.6080969 0.5752762 0.4831382 0.5039462 0.7824224 0.4529585 0.6783394 0.5096123 0.3572285 0.4581962 0.8405735 0.4751961 0.4981220 0.6182147 0.5723025 0.4596000 0.8556676 0.6717547 0.7158376 0.5323984 0.6899248 0.6196117 0.8024218 0.8205477 0.6693628 0.5830819 0.5273410 0.6319090 0.1512589 -0.0557572 -0.2781136 -0.2645807 -0.1370462 -0.1446665 0.2385359 -0.1908845 0.0405965 -0.0501413 0.1314161 0.4698173 0.3291951 0.2036373 0.2348185 0.1935140 0.6150482 -0.0031304 0.3080294 0.0231315 0.2025323 0.1884544 0.2080428 0.3206832 0.3355463 0.3116053 -0.2016969 0.2337290 0.3820278 0.1149996 0.4829813 -0.0022258 0.1217464 0.3862025 0.2459605 0.1492431 0.0410887 0.2858873 0.3161517 0.2445815 0.4196448 0.2775751 0.3864813 0.1638720 0.4805709 0.4798637 0.0546313 0.2222796 -0.1725675 -0.0658143 0.0103576 -0.2453693 0.2546659 -0.1423009 -0.1750101 -0.2646084 0.2745670 -0.3645158 0.1082527 -0.2386090 0.1940165 0.3039166 -0.0192821 -0.0033129 -0.2721264 -0.0934567 -0.2003246 0.0923397 0.0557027 -0.0158148 0.3371763 0.1963075 -0.1072835 -0.2168191 0.6297140 0.2989041 -0.0576720 0.4270045 0.2330430 -0.0126812 0.2752461 0.2765364 0.3083438 -0.0921175 0.3586049 0.3392728 0.2567362 0.3588167 0.3210514 0.2227611 0.1892047 0.0627305 0.6424735 0.5378158 0.5285876 0.4164441 0.3212454 0.3777547 0.2572377 0.5053315 0.3962588 0.2118902 0.2830137 0.5017363 0.6920584 0.5296226 0.6461155 0.6795231 0.6815566 0.4489219 0.5736670 0.5500055 0.3984880 0.3719646 0.4054400 0.3564112 0.2818398 0.7048384 0.4377199 0.3651402 0.0618597 0.2263598 -0.1752530 0.3480263 0.6012889 0.0155580 0.0087933 -0.2071267 0.6043417 0.2511997 -0.1887152 0.6376914 0.3363866 0.3132066 -0.0936184 0.4156355 0.2273982
-0.1784791 0.6349201 0.7534267 0.7384111 0.5609763 0.6702611 -0.1679981 0.6273152 0.6048038 0.6511102 0.6881696 0.0000000 0.5447221 0.4918286 0.4784721 0.6547694 0.3917320 0.2484475 0.5395742 -0.4613058 0.8800033 0.4733046 0.7232399 0.4782554 0.4380146 0.6570424 0.4852066 0.4752273 0.1557390 0.6400965 -0.2422315 0.4679358 0.5854640 0.1302311 0.7103264 0.8380624 0.5525612 0.4184708 0.7562967 0.6434777 0.2935508 0.5861930 0.7451683 0.5210819 0.1391840 0.3614214 0.4870350 0.3110583 0.5789786 -0.0117093 0.5983110 0.5265512 0.5814650 0.3195572 0.4215275 0.3837725 0.4500311 0.4223522 0.6389760 0.5901659 0.6396048 0.2552653 0.4110603 0.7144900 0.6043738 0.4208755 0.6239283 0.4203391 0.3659109 0.7899853 0.5962937 0.7449476 0.5926847 0.7593719 0.5909084 0.7850555 0.7131788 0.6739684 0.6523350 0.6513371 0.6811750 -0.1705711 -0.2143692 -0.2737378 -0.6122099 -0.2107832 -0.3065482 -0.1064601 -0.2320348 -0.1690545 -0.3083707 -0.1109294 0.0140510 -0.1481275 0.0901179 -0.0547921 -0.1074263 0.2585664 0.0028525 0.2605792 -0.0733521 -0.0562536 0.0161673 0.0323309 -0.0685559 0.0040983 0.0516175 -0.3372434 -0.0623862 0.1911345 -0.1079059 0.3103152 -0.3430838 -0.1330522 0.1583931 -0.0241658 -0.0924763 0.0478805 0.0962487 0.2812342 0.1801899 0.2937229 0.2408917 0.4652957 0.2765036 0.5183581 0.4626941 0.0350490 0.1763381 0.1107143 0.0402702 -0.0648178 -0.3361647 0.5863683 0.0802213 0.1819462 -0.0314523 0.1717864 -0.3180483 0.5926578 0.0257853 0.3897582 0.4386804 0.2282574 0.0695608 0.2076945 -0.0307166 -0.0719142 0.1870441 0.4316126 0.2788952 0.3731926 0.2263945 0.0717244 -0.0262638 0.3687001 0.3568899 0.0723814 0.4622448 0.3268803 0.1170337 0.4154072 0.4276877 0.3255834 0.0055442 0.2601330 0.4122187 0.1549281 0.3619592 0.3452869 0.1271046 0.0682681 0.2410443 0.7421831 0.5524033 0.7326781 0.7725167 0.6514250 0.7948900 0.7853327 0.8810236 0.8164126 0.4431426 0.7027380 0.6567194 0.8188963 0.6297215 0.8083635 0.8638876 0.9021290 0.3572580 0.7768860 0.7910153 0.6506932 0.4394272 0.7257702 0.7122109 0.1118519 0.4837793 0.5422429 0.1835897 -0.1024105 0.2665396 0.2847117 0.0021682 0.6184825 -0.1391630 -0.0203404 -0.0595490 0.4023611 0.2808885 0.2061095 0.3621995 0.1811977 0.4644689 -0.1153325 0.3442409 -0.1712369
0.3466727 0.8893408 0.8375256 0.9037639 0.8751532 0.8453966 -0.1651118 0.9720385 0.8029874 0.6073397 0.7033328 0.5447221 0.0000000 0.4920206 0.4873253 0.6845719 0.3583669 0.4460794 0.7792591 -0.0685310 0.5617094 0.8599364 0.5326369 0.3711376 0.7798184 0.7806269 0.5136742 0.4530090 -0.0302609 0.6307800 0.4391914 0.7883028 0.5419887 0.3514350 0.6901155 0.4002495 0.7645865 0.9006864 0.6535509 0.5537347 0.7969652 0.1366942 0.6193835 0.5858490 0.0174706 0.6696732 0.6751026 0.7769148 0.7059837 0.5980691 0.6784706 0.4225261 0.8101727 0.3831913 0.8952292 0.7240198 0.6138119 0.5643422 0.6364231 0.5315629 0.5968586 0.1763547 0.8375454 0.7247919 0.6491923 0.5944501 0.2458252 0.1930961 0.7702559 0.4756012 0.5431780 0.7700000 0.1458274 0.8188010 0.7303979 0.5379485 0.7908316 0.6358429 0.3516484 0.3788704 0.6252175 0.0625806 -0.1559609 -0.4930365 -0.3219249 -0.1645064 -0.2368730 0.2356781 -0.3177829 -0.0556414 -0.3797678 0.0176837 0.0312944 0.0683929 0.0834684 -0.0404706 -0.1779864 0.0919041 -0.0484668 0.2845272 -0.1436377 -0.0838905 -0.1186358 0.0315773 -0.1597544 0.0595230 -0.0494711 -0.3086031 -0.2374837 0.1625152 -0.2691271 0.2086411 -0.2513009 -0.1346674 0.1859266 0.1377860 -0.1198564 -0.2168548 0.0138861 0.4597397 0.2710840 0.1971468 0.0917240 0.3465284 0.2340025 0.6976764 0.4956729 -0.2917226 0.3821717 0.1380697 0.1642253 -0.2763666 0.0458799 0.5123149 -0.1809111 -0.2276722 0.0437332 0.4634808 -0.0573378 0.3503225 -0.4276954 0.2863226 0.1887628 0.1039461 0.1921084 -0.1850227 0.0335208 -0.0265503 -0.3150317 0.1391513 0.1817754 0.3354754 0.1169688 -0.3162385 -0.1945808 0.3933494 -0.0087776 0.0052664 0.0753169 0.1786403 -0.2310243 0.1213450 0.2880116 0.0577606 -0.3124296 0.0678536 0.1558848 -0.1345194 0.0630580 0.0254094 0.0138669 -0.0970951 0.2665185 0.5019742 0.5807392 0.6328482 0.6008483 0.3723005 0.4886302 0.2887798 0.5604951 0.4606931 0.3338077 0.4311367 0.7559872 0.8160027 0.7848957 0.7787383 0.7491596 0.6230089 0.5455915 0.4473891 0.6722242 0.3713414 0.5172193 0.5523625 0.4019948 0.6857031 0.7782879 0.6602376 0.2805263 -0.1351832 0.0702396 -0.1718755 0.4162600 0.6410364 0.1441056 0.3738636 -0.1580827 0.6803025 -0.0310030 0.1117168 0.5345596 0.1602758 0.2667870 0.1906965 0.4864325 0.2091448
0.0637050 0.5268170 0.5252054 0.5641545 0.2858252 0.6313954 -0.3676285 0.5341304 0.7754546 0.9586753 0.7845977 0.4918286 0.4920206 0.0000000 0.7210298 0.7015292 0.8573893 0.8356480 0.4972099 -0.3027800 0.4563313 0.3401205 0.7301436 0.6931161 0.4447608 0.5626794 0.8521685 0.8590339 0.3640109 0.8832123 -0.0228112 0.3764986 0.7585892 0.5858963 0.5374795 0.5011985 0.2793771 0.4484408 0.6627505 0.7260227 0.3350020 0.2245148 0.6305655 0.6421544 -0.3453061 0.1881591 0.2539894 0.3481184 0.7634168 -0.0746067 0.4185696 0.6109131 0.6233744 0.5266515 0.3212327 0.1896241 0.2065457 0.7511790 0.1282046 0.4089396 0.0952183 0.4890429 0.3313332 0.7754854 0.5498779 0.2204733 0.5251078 0.5705368 0.3223089 0.7641271 0.5399292 0.6880375 0.6208369 0.6536850 0.5150104 0.8417626 0.7482858 0.6545636 0.7715636 0.7204122 0.7752578 -0.0170324 -0.3735921 -0.3234851 -0.3099643 -0.1926870 -0.0484628 0.1194828 -0.1610820 -0.1565174 0.1115184 0.0918821 0.2614691 0.1639608 0.2459795 0.1718457 0.0860957 0.3705056 -0.0431878 0.2779290 -0.0607411 0.2477754 -0.0188780 0.3264937 0.3283755 0.2227652 0.2190690 -0.3204268 0.3541812 0.1993933 0.1272246 0.1880352 0.0217398 -0.0103750 0.1968803 0.1003268 0.0742249 0.0370550 0.3013497 0.2037793 0.2213644 0.3835661 0.1210218 0.3699448 0.0854058 0.2544788 0.3456547 0.0572935 0.0975069 -0.2829005 -0.2957984 0.1179168 -0.2745302 0.1796390 -0.1491607 -0.2504355 -0.4413268 0.0417660 -0.5106420 0.1425725 -0.1745021 0.1128551 0.4404370 -0.1509866 -0.2665227 -0.2653724 -0.3443106 -0.4175060 0.1481445 0.0910609 0.0106472 0.0811262 -0.0546672 -0.0128245 -0.2697770 0.5406319 0.2997044 -0.2851951 0.3958043 0.2384569 -0.0916035 0.2280024 0.1622422 0.3245286 -0.2091198 0.3011674 0.2628357 0.2298020 0.2069712 0.2109525 0.0681018 0.0294153 0.1468424 0.5638242 0.3399598 0.3437304 0.1824958 0.0308837 0.2340252 0.0771466 0.3938318 0.2592728 -0.1110949 0.1706820 0.2955943 0.6020130 0.3615646 0.4913273 0.5051223 0.4560555 0.1634139 0.4877270 0.2140571 0.1866537 0.1144032 0.1605677 0.0866479 0.1313820 0.7384550 0.1161413 0.1404004 0.1096997 0.3277763 -0.1566020 0.4740423 0.7325942 -0.0626633 0.0734793 -0.2969492 0.7512147 0.4568687 -0.1081408 0.6371101 0.4184783 0.3348928 0.0505798 0.6065345 0.3612433
0.1777736 0.5138091 0.5949297 0.5681400 0.1847855 0.5350305 -0.4134207 0.5554150 0.8352652 0.6933946 0.5290574 0.4784721 0.4873253 0.7210298 0.0000000 0.6432590 0.5250922 0.8726642 0.5708980 -0.2496708 0.3018159 0.4643089 0.5098588 0.6348745 0.5951706 0.5139428 0.5793049 0.7616201 0.1043834 0.6126098 -0.0223264 0.5784267 0.5934157 0.2037545 0.3603219 0.4212280 0.3455073 0.4651313 0.3823527 0.5848676 0.3330224 0.2671473 0.4005445 0.4602192 -0.5168630 0.2881246 0.3019535 0.3627407 0.5210093 0.0636973 0.3220931 0.2296777 0.3404632 0.2170694 0.3602410 0.3390684 0.3337231 0.4683020 0.2326721 0.3205515 0.2040782 0.3451766 0.4228604 0.6378301 0.4805635 0.3406783 0.4234081 0.4319031 0.4069358 0.6235202 0.5475429 0.7219978 0.5914059 0.6264321 0.5826478 0.7745056 0.6430647 0.6953117 0.6830225 0.7092533 0.7281462 -0.2911968 -0.2696192 -0.2642174 -0.0878006 -0.0514798 -0.0225903 0.2273409 -0.0119284 -0.0681422 0.1186869 0.2810070 0.2027629 0.1002707 0.3054718 0.2353727 0.1754862 0.2123503 0.0962820 0.5582976 0.0811642 0.3993913 0.1008890 0.5540354 0.2423633 0.1221195 0.1397378 -0.1127269 0.4431450 0.2001355 0.2000297 0.1212255 -0.0925074 0.0149586 0.2721625 0.0647291 -0.0208749 0.0984710 0.1563502 0.3177940 0.3300799 0.1522141 0.2465196 0.5365173 0.4182708 0.3764547 -0.0047388 0.2256891 0.3193949 -0.0337994 -0.0763910 0.2867983 -0.1863426 0.4732157 0.2219484 0.0607553 -0.0367942 0.2457025 -0.1646995 0.2846771 0.1311300 0.3081265 0.6184768 -0.0091218 0.0140386 -0.0198630 -0.0847095 -0.0266241 0.2896163 0.1040944 -0.0496797 0.0378992 0.0182241 0.2048173 -0.0453348 0.3006823 0.3209665 -0.0615865 0.4121543 0.0761298 -0.1673913 0.0747107 0.2014488 0.2002056 -0.2770501 0.2274850 0.2638200 0.3503518 0.2615162 0.0019310 0.0270197 0.1207743 0.0679049 0.3226528 0.3106025 0.3043280 0.1280470 0.1606331 0.1750727 0.1467048 0.6000702 0.4752458 0.0323204 0.2618429 0.2737214 0.6225800 0.3912222 0.4403714 0.4482274 0.4046183 0.1120397 0.4105453 0.2904345 0.1559395 0.1140755 0.2455248 0.1420698 0.4057030 0.7543183 0.2473895 0.3632132 0.3186345 0.4864144 -0.1110828 0.2178586 0.7277965 0.2028581 0.4070608 0.0733510 0.7559924 0.4123272 0.0207809 0.3392664 -0.0076900 0.2439889 0.1895750 0.6097983 0.2471103
-0.0399059 0.8443264 0.7381750 0.7649022 0.5216379 0.6967261 -0.2128576 0.7774455 0.7023819 0.7490284 0.9050076 0.6547694 0.6845719 0.7015292 0.6432590 0.0000000 0.6405288 0.6062094 0.8677213 -0.4957695 0.6042215 0.5479130 0.8160475 0.4817978 0.7868712 0.9271826 0.6914085 0.6361618 0.3791823 0.7508841 -0.0298625 0.6668821 0.5115213 0.4239490 0.7344219 0.5228865 0.6397520 0.6507959 0.7276539 0.6592745 0.5008474 0.4235234 0.7412375 0.4484783 0.1236389 0.5227713 0.5606290 0.5397990 0.6418755 0.2701314 0.6613826 0.6031901 0.6697692 0.4582820 0.5333069 0.4430112 0.4502237 0.5987856 0.3907941 0.5759496 0.4426367 0.3901924 0.4814977 0.7473147 0.3160298 0.4519786 0.6048348 0.5641353 0.4970480 0.7642431 0.6795678 0.6735271 0.5811965 0.6625769 0.6500894 0.7588950 0.7668219 0.6855704 0.5122210 0.4601046 0.5699610 0.0438724 -0.0421891 -0.2834211 -0.1539736 -0.1591390 -0.1955938 0.3130699 -0.1423987 0.0515225 -0.0539546 0.1890799 0.5475384 0.3564015 0.2310865 0.2001252 0.1492111 0.5357310 0.0502783 0.4500964 0.0639083 0.1928510 0.2166484 0.3417175 0.3167720 0.3401434 0.2945302 -0.0829963 0.3318783 0.4577682 0.1099727 0.5153275 0.0330945 0.2738944 0.4885895 0.3581014 0.2466404 0.1496195 0.3469035 0.4668116 0.3928555 0.4292254 0.4339906 0.4483888 0.3746146 0.6747626 0.2790340 0.3041334 0.5577765 0.0970737 0.2115028 0.2047242 -0.0481132 0.4117731 0.1216287 0.1067661 0.0724639 0.5452187 -0.0269865 0.1664286 0.0274375 0.4596840 0.5070596 0.1940131 0.3254726 -0.0926480 0.2016215 0.1288097 0.2851680 0.1535038 0.0862291 0.5090608 0.3494645 0.1669192 0.0105443 0.5937259 0.4630433 0.2254938 0.5853243 0.3669686 0.1287879 0.3953272 0.2193953 0.4172282 0.0643930 0.5330785 0.3511278 0.4535486 0.5254969 0.4034679 0.3608198 0.3823541 0.1039198 0.6725141 0.6130695 0.4842001 0.4149455 0.4159356 0.3096457 0.2263884 0.5256215 0.3672463 0.1310890 0.1765065 0.4686099 0.6052646 0.5999556 0.6423301 0.6854082 0.6441514 0.4723111 0.5362710 0.6812002 0.4764989 0.4685712 0.5348410 0.3772600 0.4681561 0.7570725 0.5977586 0.3707191 0.0031344 0.1846405 -0.2135561 0.1756514 0.5627985 0.3265293 0.0730659 -0.0821458 0.6356164 0.1177821 -0.1663609 0.4954310 0.1010240 0.2539997 -0.1296651 0.4019704 0.1404337
0.1799261 0.4487116 0.2736726 0.3522196 0.1979925 0.5494999 0.0293387 0.3548626 0.5094947 0.8135633 0.6805810 0.3917320 0.3583669 0.8573893 0.5250922 0.6405288 0.0000000 0.5632767 0.4719470 -0.5466200 0.2834762 0.3710058 0.7460414 0.2989529 0.3967980 0.4864929 0.9538556 0.5912814 0.1426810 0.7681231 -0.0525763 0.2865358 0.4519622 0.3615436 0.4427503 0.3280690 0.1731107 0.4127039 0.6669410 0.7075596 0.3504098 0.3199662 0.5786502 0.3231082 -0.0462154 0.1292820 0.1417295 0.4240579 0.5524728 0.0535733 0.2870459 0.7863253 0.5473067 0.6960323 0.2967510 0.0847343 0.0739799 0.7536395 0.2187353 0.3114559 0.1799655 0.7263779 0.3292516 0.6828232 0.4071513 0.2303608 0.6152124 0.7835292 0.4095884 0.7481925 0.6484331 0.4358457 0.7157605 0.3948667 0.5942148 0.7541491 0.5788533 0.6952362 0.7695379 0.6928220 0.7232052 0.2629250 -0.0652397 -0.1075620 -0.1607981 0.1472546 0.2364270 0.4136251 0.2021657 0.1981618 0.3798986 0.3433229 0.2660578 0.4381390 0.5665797 0.3894476 0.2344072 0.3631560 0.3536917 0.4834786 0.2647521 0.4054790 0.2614517 0.4715928 0.5185925 0.5423864 0.4528006 -0.0602767 0.4686561 0.4179558 0.3457059 0.4039270 0.2182029 0.1906712 0.3216812 0.3118187 0.3000218 0.2455781 0.5163005 0.3219368 0.4052701 0.6011412 0.4489879 0.4913344 0.1215847 0.2985226 0.3575389 0.2957474 0.1254455 -0.0547700 -0.1134872 0.2763088 -0.0830458 0.2861014 0.0735794 0.0082219 -0.2868818 0.1040174 -0.3497700 0.2174998 0.0567649 0.2437452 0.5343100 0.1020786 -0.1388287 0.0215006 -0.1602655 -0.2190432 0.2958135 0.1854581 0.2815511 0.2245907 0.1406975 0.2499969 0.0557969 0.5817804 0.6212508 0.0073687 0.5938607 0.5829056 0.2427655 0.4304157 0.2632835 0.6973923 0.0548993 0.5798600 0.3846327 0.3568215 0.4649098 0.5035604 0.3638358 0.2769281 0.2138667 0.6024191 0.4883496 0.2733478 0.1706404 0.1245709 0.1766843 0.1206732 0.3199750 0.1130075 0.0744481 0.1406215 0.2501461 0.3627212 0.3185982 0.3530026 0.3277748 0.2842260 0.2809866 0.4463549 0.2026470 0.3177563 0.2840760 0.2042448 -0.0064295 0.1816851 0.7407399 0.0446379 -0.0422326 -0.0540297 0.2462223 -0.1525095 0.5362284 0.7396295 0.0180533 0.2051859 -0.4736345 0.5722710 0.4012372 -0.0973095 0.7694832 0.4693501 0.3085234 0.2817558 0.6642316 0.5115726
