0.0000000 0.3909013 0.6215942 0.4156871 0.2141496 0.5560001 0.5937088 0.4268202 0.4959714 0.3465898 0.0941673 0.5910220 0.1854591 0.3220823 0.4926298 0.1497742 0.2014823 0.3744452 0.1727875 0.0510716 0.4931275 -0.0084383 0.0791914 0.5177350 0.3137450 0.3447990 -0.3191722 0.5685559 0.5601408 0.1789422 0.2708649 0.5345619 0.3879934 0.4578572 -0.1459474 0.1514666 0.3020085 0.4784067 0.3889157 0.2852084 0.6347174 0.2305622 -0.0173265 0.4186536 0.1969995 0.7711051 0.1187786 0.4110765 0.3449276 0.3218706 -0.1724330 0.3586578 0.3676633 -0.0324233 0.5540670 0.8445936 0.5826576 -0.2019564 0.2391355 0.0881108 0.2514951 0.0087353 0.5076428 0.4041671 0.4156427 0.3575411 0.1185362 -0.0690195 0.4272114 0.0205836 -0.1243900 0.0862429 -0.0218538 0.2620467 0.1289255 0.1539379 0.3654487 0.0880921 0.2960066 0.5738721 0.2257328 0.0795027 -0.0138751 0.2393677 0.0667113 0.5582302 0.7709418 -0.4224955 0.4099172 -0.0152468 0.4618409 0.5736896 0.3387966 -0.2557347 0.0481443 0.5326186 0.5413217 0.2407357 -0.1057833 -0.2538350 -0.1788986 0.3066686 -0.0645347 -0.0753554 0.4797367 0.4813555 0.2778475 -0.1389765 0.3318193 0.2266552 0.1452048 0.4007317 -0.3536589 0.1984011 0.3602698 -0.0637546 0.0965127 -0.2187164 -0.2293484 0.3875822 -0.4666608 0.0833476 0.7879876 -0.5092627 -0.2159086 0.2386555 0.1352261 0.7688503 0.1542745 0.0992359 -0.0798681 -0.0810137 0.3204826 0.1122283 0.0924950 0.5485573 0.3326971 0.1585554 0.4662975 0.6362879 0.2255788 0.6482615 0.7442557 0.0053977 0.0886257 -0.2043067 0.5094211 0.5013080 0.1590422 0.4374978 0.4855508 0.1753308 0.3851074 0.5552672 0.3904081 0.0727268 0.5592522 0.0239685 0.6830474 0.3045839 0.1948857 0.2406171 0.3140607 0.4160669 0.2256581 0.0173284 0.3843539 0.5639470 0.6571841 0.2682573 0.1724958 0.1625010 0.5342318 0.5215907 0.5242750 0.3533191 0.4048832 0.4550225 0.2279006 0.0866211 0.2932345 -0.2446833 0.1331443 0.1903920 0.1493623 0.4980314 0.3995831 0.4881145 0.3631606 0.4794096 0.5653501 0.6622782 0.4560104 0.3066301 0.2494908 0.1469601 0.2273112 0.2922482 0.2926492 0.2045578 0.6831382 0.4358792 0.3626207 0.5383618 0.5670598 0.1146015 0.2145076 0.3105626 0.6272261 0.2410004 0.3385120 0.4645494 0.7731394 0.2346098 0.1748242 0.2075704 0.4222106 0.1528583
0.3909013 0.0000000 0.6623937 0.8675865 -0.0637841 0.7830555 0.1035595 0.3316738 0.8105733 0.1685365 0.2588603 0.4886800 0.3140662 -0.0873910 0.6272985 0.1777860 -0.0384687 0.2843004 0.1200163 0.0208931 0.4799181 0.1112783 0.0808623 0.4348797 -0.1147388 -0.0100817 0.2008844 0.2875846 0.5979936 0.1894162 -0.0126155 0.1232277 0.2425783 0.4765226 -0.0065843 0.4952611 0.0644391 -0.0359367 0.7287643 0.6729895 0.0568337 0.2046212 -0.0570624 0.2787922 0.0036603 0.6692988 0.1375480 0.0051265 0.2410141 0.0974267 -0.0514238 0.2742877 0.4341194 -0.0067765 0.1910982 0.2499698 0.3183895 0.0417398 0.3563934 0.0639555 0.4131321 0.1857320 -0.2249611 0.3597734 0.3126075 0.0747897 0.3003467 0.2194361 -0.0185084 0.0479192 0.3841775 -0.1298565 0.3757508 -0.0205147 0.4517355 0.2044527 0.1129482 0.2514458 0.3596367 0.2953819 0.1392030 0.1686868 0.2050109 -0.0136318 0.2485754 0.1224067 -0.0442140 0.2977982 0.3054680 0.4394691 -0.0517753 -0.2378674 -0.4108418 0.2895833 0.2648330 0.2598733 -0.1935383 0.0259544 0.2997482 0.2157962 0.2515006 0.2007242 0.4436467 0.3107533 0.2742869 -0.0807864 0.5225829 0.5913501 0.2749654 0.5898800 0.2097981 0.1154287 0.1339119 0.4229030 0.4925128 0.3618069 0.2189809 -0.0701260 -0.0795327 -0.0576260 -0.3979950 -0.3764151 0.4431062 -0.1317476 -0.4086365 -0.1501064 -0.2423745 0.1392868 0.1427463 -0.2713191 -0.2268922 0.3135256 -0.5646264 0.4434040 0.1783696 0.2010970 0.0943591 0.3418913 0.1707872 -0.0049422 0.4411448 0.4183580 0.3012742 -0.3552732 0.6136455 0.3054277 0.2768292 0.0594308 0.0471486 0.4781449 0.2902024 0.2785552 0.3330273 0.6450236 -0.4650781 -0.2659040 -0.2066697 0.0866428 0.0192488 0.0118718 -0.4961729 0.4565456 0.2751594 0.1613376 0.0383873 0.3756475 0.5900094 0.2921114 0.0658099 0.1286157 -0.0663510 -0.1556023 0.1056059 0.1060260 0.4157006 0.2846667 0.2113983 0.1440009 0.6465441 0.4388614 0.5414834 0.1165642 -0.0213265 -0.1865836 0.2672052 0.2993466 0.1000650 -0.0838681 -0.1062005 0.1496044 0.1108735 0.3361520 -0.0123674 0.1018001 -0.2322336 -0.2379832 -0.0640953 -0.0094057 -0.0595348 -0.1324662 0.2099047 0.2357968 0.4986946 -0.1711176 0.2750994 0.0872154 -0.1113715 -0.3307398 -0.0344445 -0.2562825 0.1893852 -0.2138082 0.1947195 0.0584830 -0.1408025 -0.4908934 0.4831483 0.1005692
0.6215942 0.6623937 0.0000000 0.8290556 0.3952223 0.5212588 0.2802226 0.8416922 0.4580622 0.2541776 0.2962538 0.5993179 0.7270709 0.2101878 0.5807831 0.1985915 0.1104711 0.4938907 0.3919375 0.2152821 0.5372202 0.4678894 0.0990646 0.3586168 0.4704685 0.2665744 0.0927051 0.2601690 0.5653289 -0.0185577 0.4952307 0.5663568 0.1601787 0.4904654 -0.1327718 0.3702880 0.2704406 0.5732477 0.4627782 0.3796296 0.2148658 0.3450794 0.0844997 0.1952683 0.3686295 0.7727719 -0.0092132 0.2766754 0.1769399 0.4071496 -0.2511585 0.2683830 0.5637647 -0.0172691 0.3892249 0.4895078 0.3924461 -0.1840887 0.2048805 -0.0390775 0.5241716 0.3350648 0.1678936 0.5478993 0.5577191 0.1360068 0.2419215 0.2183606 0.3762690 0.0617954 0.2101916 0.2336791 0.1831650 0.3122230 0.4220400 0.2238611 0.3844727 0.2977560 0.4113212 0.4739602 0.3704377 0.0457669 -0.2071085 -0.0308547 -0.0125133 0.1978304 0.4323051 -0.0737754 0.2002236 0.1492441 0.0151363 -0.0149983 -0.2539617 0.0703373 0.1074058 0.4749308 0.0307666 0.3041651 0.0187376 -0.0535146 0.1142945 0.2171740 0.2441411 0.1971720 0.5578620 0.1582651 0.2251332 0.1775963 0.3514789 0.2461853 0.3039766 0.0879281 0.1550616 0.6723054 0.5544175 0.4969319 0.4468091 0.2182840 0.0157598 0.3824307 -0.1411821 -0.1199730 0.4349153 -0.0711960 0.0091196 -0.0109771 0.2056551 0.2980942 0.1408893 0.0783389 -0.0956450 0.2011178 -0.1150216 0.2202641 0.3850219 0.3022074 0.0273730 0.1558282 0.1628503 0.3353400 0.3444150 0.4904240 0.4099070 -0.0743824 0.1719359 0.3942681 0.1428116 -0.0115635 0.3752020 0.3876318 0.4343522 -0.0412363 0.2295256 0.4413112 -0.2164308 0.2710175 -0.0125320 -0.1643570 0.2848128 0.0832048 -0.3387411 0.3282795 0.1647489 0.1206379 0.0853502 -0.0698709 0.1784286 0.3051448 0.0510694 0.1400505 0.0390116 -0.0830057 0.2547026 0.2762314 0.3253575 0.1210667 0.2643011 0.1903152 0.4151872 0.2398196 0.4213052 -0.1570735 -0.0478348 -0.2457617 -0.0267553 0.4565879 0.0287564 0.0936408 0.3188889 0.5010483 0.3062937 0.6396054 0.3874948 0.0193402 0.0322680 0.0750281 0.2239865 0.3955532 0.2814815 0.0507907 0.4366195 0.2549476 0.4022853 0.2281190 0.3910837 0.3680835 0.1096573 0.2435481 -0.0183262 0.0852941 0.1994818 0.2929255 0.3217923 0.4740336 0.2466827 -0.1470217 0.3821995 0.0758717
0.4156871 0.8675865 0.8290556 0.0000000 0.2376490 0.7237752 0.1742579 0.6684949 0.6502131 0.2937215 0.4603515 0.5540141 0.5607061 -0.0760185 0.6045196 0.2697159 0.0457566 0.2379709 0.2734337 0.0932738 0.4072515 0.2508453 0.1365424 0.3133713 0.1302867 0.0897016 0.2237094 0.1319311 0.4230692 -0.0512646 0.1900167 0.3524096 0.1086955 0.4831442 -0.0088858 0.3315352 0.2382659 0.3095874 0.5460510 0.4508026 0.1599592 0.0528125 -0.0066126 0.1635711 0.2435544 0.7091672 0.1055284 0.2605497 0.2130580 0.3638797 -0.1367236 0.1549013 0.5914163 -0.1710857 0.3436715 0.3177710 0.3094785 -0.0127688 0.4635173 -0.0702284 0.6511859 0.2314682 -0.0675554 0.4817638 0.5551656 0.2333347 0.1842043 0.1865224 0.2887235 0.0565540 0.2781032 0.2082614 0.2709274 0.3089731 0.5764886 0.1770804 0.3696545 0.2105937 0.2750044 0.3576074 0.1808364 0.1625136 0.0241422 0.0683556 0.1697767 -0.0242540 0.0075452 0.2665789 0.2154782 0.3582048 -0.0461074 -0.1902305 -0.5401746 0.2249702 0.2843649 0.4485276 -0.2067170 -0.0873778 0.0934641 0.0736560 0.2888962 0.0968348 0.3669540 0.4258202 0.3950096 -0.0936001 0.2718941 0.3866651 0.2324570 0.3902041 0.2620362 -0.0492230 0.2658810 0.5712254 0.6526354 0.6638278 0.4848102 0.2557258 0.1494195 0.0757474 -0.2498184 -0.2951059 0.2890037 -0.0552472 -0.2217649 -0.1781858 -0.0893070 0.1078884 0.0207227 -0.2685090 -0.3919932 0.3480571 -0.5150732 0.1048091 0.5187276 0.1561157 -0.0747861 0.1301542 -0.0265674 -0.0628540 0.3939159 0.2174797 0.2983103 -0.1855758 0.3246008 0.3493540 0.0044967 -0.1647299 0.3320928 0.1571643 0.1329596 0.0690331 0.1004415 0.4532316 -0.5284365 0.0754026 -0.3662673 -0.1558513 -0.0258482 -0.1139601 -0.5722250 0.2179586 0.1291678 -0.1217488 -0.1135279 -0.0322951 0.2399165 0.2018058 -0.1548233 -0.1216369 -0.1974124 -0.3418946 0.0394239 0.1600556 0.2849197 0.1873022 0.2052722 0.1186160 0.4255780 0.2042264 0.3611550 -0.0819658 -0.1280464 -0.3047357 0.2980574 0.4671926 0.1943824 0.0391821 0.2360019 0.4372141 0.1007393 0.5647381 0.2653281 -0.0317630 -0.2255569 -0.1343843 0.0835647 0.3512218 0.2003586 -0.0581905 0.3106160 0.3848750 0.5889802 0.0556239 0.3776649 0.1707899 0.0087228 0.0990894 0.0033931 -0.0073242 0.2592092 0.0129499 0.2055675 0.4293889 0.2631700 -0.2979518 0.4070784 0.0542380
0.2141496 -0.0637841 0.3952223 0.2376490 0.0000000 -0.1661404 -0.2173746 0.6350107 -0.4152853 0.0231860 0.4253145 -0.2145943 0.7353507 0.1240406 -0.4248412 0.3893214 0.0550467 -0.3353248 0.5724153 0.5970328 -0.2896835 0.4214660 0.0085426 -0.2657128 0.5856154 0.1673315 -0.2721166 -0.4114675 -0.1807578 -0.7181023 0.4784475 0.5388144 -0.2989643 -0.0303543 -0.2086376 -0.1011484 0.3197065 0.6383545 -0.2007787 -0.4927223 0.1641232 -0.1157757 0.0761475 -0.3575894 -0.0163231 0.3599238 -0.0589397 0.4362382 -0.1252293 0.7264788 -0.2843199 0.0245854 0.2155159 -0.2876547 0.6298954 0.4299176 0.1640496 -0.5073385 0.3991056 -0.3163814 0.4227275 0.1100861 0.5526773 0.0286119 0.2832074 0.1957152 -0.2206523 -0.2630517 0.6148182 -0.3499008 -0.0980325 0.0724821 -0.3113731 0.1868647 0.0422024 -0.3608750 -0.0606254 -0.2748012 -0.3653755 -0.2349378 -0.2389579 0.0192628 -0.0747152 0.3503127 -0.0892740 0.2920924 0.1177148 -0.0399291 0.2587913 0.0747546 0.3694532 0.2267564 0.0778515 0.1461840 0.0867004 0.8141182 0.4645698 0.3254613 -0.1623662 -0.0233096 0.0895752 0.5601393 0.4147200 0.2249148 0.7625425 0.4496079 0.0682910 0.0803129 0.5256117 -0.0323984 0.5035450 -0.1352234 0.2925745 0.6220494 0.0514579 0.5119775 0.4964874 0.7266982 0.3332111 0.5264384 0.3881033 0.3332288 0.2254541 0.1167898 0.4800272 -0.0632675 0.5495623 0.2853050 -0.1527782 0.2892328 0.1367258 -0.0380535 0.2537593 -0.2603097 0.4929396 0.4598891 -0.0184233 -0.1765654 -0.1092415 0.1050697 0.0368223 -0.1720005 0.1295820 -0.2408904 -0.2696988 0.3230643 -0.1914955 -0.1268216 0.3595912 -0.2511886 0.0537587 -0.6826915 -0.2290731 0.0245866 -0.2483678 0.2805966 -0.3738440 -0.3233870 -0.0371945 -0.0245395 -0.2817432 -0.2894661 0.3229938 -0.3377423 -0.3708440 -0.4003577 -0.0150486 -0.0933330 -0.3916406 -0.4688037 -0.2024500 -0.4432874 -0.3142320 -0.0331207 -0.1561521 -0.3107617 -0.2590420 -0.1801704 -0.4128437 -0.1773345 -0.0835404 -0.0493346 0.3521787 0.1705927 0.2654429 0.2337834 0.2355762 0.2256945 0.1143719 0.0979037 -0.0071921 0.1018266 -0.0783521 -0.3169871 -0.1400580 -0.1026454 -0.0187399 0.2145766 -0.0444385 -0.0273843 0.1509518 -0.0209693 0.2012185 0.2073222 0.5562756 -0.0830026 -0.0273176 0.4120202 -0.1716372 -0.2577186 0.0061138 0.1375856 0.1334669 0.2117883 0.2209383 0.2083020 0.0648347 0.1783939
0.5560001 0.7830555 0.5212588 0.7237752 -0.1661404 0.0000000 0.6247702 0.3788003 0.8109718 0.6319433 0.4573557 0.8068797 0.0953760 0.2010083 0.6807914 0.3798424 0.4014116 0.1704120 0.1477571 -0.3035725 0.6976298 -0.1678608 0.3934497 0.2755516 0.0073492 0.3398388 0.2639568 0.2327755 0.3584646 0.1002748 -0.1989551 0.3414271 0.1331532 0.3537215 0.3973304 0.5354833 0.3919681 0.0635039 0.6207069 0.4140599 0.1612645 0.3013638 0.3241765 0.2193571 0.2213130 0.6661529 0.5648323 0.1104377 0.1231931 0.1833639 0.3345328 0.4463321 0.3568484 -0.0124487 0.1824483 0.4407038 0.6617402 0.1442933 0.4268953 0.4525661 0.3956399 0.3331792 -0.1522519 0.3827046 0.2265828 0.5164728 0.5074397 0.4054821 0.0260003 0.4335335 0.2266204 0.1743465 0.5510329 0.1717974 0.4460256 0.4717060 0.4221475 0.3300313 0.4446897 0.4842465 0.2982943 0.4134134 0.3142990 0.0895314 0.1317450 -0.0956091 0.1181074 -0.0528271 0.1922588 0.1234624 0.0817063 0.1196931 -0.1741576 0.0063665 0.3384428 0.1982713 -0.1369365 -0.0351403 0.0895956 -0.1489123 0.1347085 0.0051316 -0.0377236 0.0758218 0.0434160 -0.0051978 0.2188264 0.1328384 0.1853380 0.2435399 0.0475922 0.3868852 -0.1426686 0.0710162 0.5094606 0.1283660 0.0040751 -0.1946579 -0.2114966 0.1479645 -0.4831431 -0.1033073 0.5301290 -0.3670592 -0.4132951 0.2738811 -0.1752071 0.2535931 0.4667031 -0.2311716 -0.2829288 0.0800885 -0.4273550 0.2971692 0.0679617 0.0994625 0.3634165 0.5101551 0.3945791 0.2312144 0.2985768 0.5462477 0.4934726 0.0269875 0.6086626 -0.0456958 0.4545408 0.3049724 0.1677380 0.1954674 0.0726398 0.4762094 0.5047605 0.7130288 -0.1205458 -0.0839761 0.0518195 0.2837745 0.2934909 -0.0466635 -0.0752208 0.4745930 0.1035901 0.1128576 0.2692035 0.1968998 0.4767246 0.5355547 0.3747356 0.1647405 0.1414696 -0.0088465 0.3750640 0.4759455 0.7005843 0.7093389 0.6471125 0.5079053 0.7045218 0.4486448 0.5784982 0.0499959 0.2027675 -0.0654394 0.2063357 0.2702377 0.1756525 0.0020224 0.1860376 0.3579510 0.5335566 0.5411992 0.3703376 0.5018998 0.2547633 0.2462523 0.4207986 0.0538337 0.1963447 0.3055447 0.3378585 0.4015113 0.4893212 0.2932631 0.3742634 0.3313763 0.3305971 -0.0175889 0.3310532 0.1665508 0.4225005 0.2535273 0.4593301 0.3407493 0.1629263 -0.0479499 0.5314229 0.0481568
0.5937088 0.1035595 0.2802226 0.1742579 -0.2173746 0.6247702 0.0000000 0.3299568 0.4271725 0.7371731 0.2198211 0.8350010 -0.1236358 0.4661100 0.5380680 0.2648886 0.6705370 0.3082271 0.0457885 -0.5792507 0.6847508 -0.3465004 0.4613926 0.1457176 0.2355998 0.5739818 0.0099583 0.3113500 0.1054011 0.0824268 -0.1903573 0.4183414 0.1460130 0.1704304 0.4808247 0.2737840 0.4312398 0.1895231 0.1220348 0.0398689 0.1876449 0.4116418 0.5044360 0.2384419 0.5245705 0.3471920 0.5219819 0.0527832 0.0603864 0.0067650 0.4229584 0.3271647 0.1574863 0.1962577 -0.0619150 0.3790725 0.5958934 0.2583445 -0.0351353 0.5965731 0.1077701 0.3878447 0.0660569 0.4319309 0.1652437 0.5210678 0.5067231 0.4994042 0.0300047 0.6740436 -0.0386623 0.5034498 0.4651687 0.4368438 0.1314253 0.6901150 0.6592211 0.3882464 0.5779149 0.6878215 0.6018117 0.2042216 0.0053722 -0.0632816 -0.2612201 -0.2314015 0.4775927 -0.5364194 -0.1756253 -0.5066392 -0.0067925 0.3734206 0.1438601 -0.4259413 -0.0181813 -0.0994832 -0.0546736 0.0437686 -0.3668947 -0.5827541 -0.3458323 -0.2711211 -0.7251255 -0.4383848 -0.2402062 0.0860097 -0.3305533 -0.6134987 -0.1407174 -0.3463432 -0.3466016 0.4905943 -0.5351337 -0.3576501 0.1855572 -0.3163450 -0.3234872 -0.4138237 -0.4270036 0.2803113 -0.4074083 0.2255872 0.3519645 -0.5034232 -0.1852049 0.5514585 0.0898500 0.2048506 0.5568761 0.0036477 -0.1253215 -0.3402613 0.0809603 0.1040927 -0.2279837 -0.1622383 0.3726860 0.3566950 0.4791035 0.5037225 -0.1794313 0.5458432 0.4386520 0.5864256 0.1769580 -0.4812115 0.4185313 0.3912904 0.0610838 0.0277073 0.0107752 0.5288750 0.4091632 0.2720604 0.4251382 0.3638994 0.5320537 0.1985979 0.5185199 0.0649254 0.3984536 0.2518456 -0.1116767 0.1654822 0.4287188 -0.0645490 0.0243962 0.4584666 0.6605694 0.2617883 0.2970455 0.2259195 0.7219612 0.7376875 0.7340142 0.8256976 0.8959048 0.7950626 0.4299309 0.1416742 0.4304171 -0.3142100 0.1408060 -0.1390752 -0.2929405 0.1947650 -0.0198058 0.1943778 0.5849000 0.5387041 0.8121175 0.6339418 0.7827608 0.7212726 0.7181187 0.7025942 0.7756560 0.2417100 0.5751297 0.5687112 0.3243481 0.3307830 0.0328946 0.6790676 0.0842825 0.5897875 0.5737661 0.3773146 0.5453479 0.7064159 0.2787482 0.7540412 0.4624245 0.4490898 0.3578499 0.3689420 0.4122349 0.1140381
0.4268202 0.3316738 0.8416922 0.6684949 0.6350107 0.3788003 0.3299568 0.0000000 0.0937856 0.4956103 0.6169036 0.5094901 0.8573985 0.3850041 0.2782128 0.4664801 0.4073704 0.1849381 0.6135392 0.1642367 0.3916147 0.4639538 0.3222415 -0.0951474 0.6989585 0.4658511 0.1756949 -0.1861080 0.0845075 -0.4636083 0.4190201 0.6922149 -0.2380919 0.1542878 0.1422703 0.2872931 0.4494891 0.7141749 0.1708392 -0.0754769 0.0522882 0.2647918 0.4037395 -0.2077433 0.3886530 0.6322539 0.2311193 0.3050340 -0.1604047 0.6514697 0.0097301 0.3077579 0.3828347 -0.1471200 0.3940332 0.4591958 0.4246472 -0.2540961 0.2620662 0.0817885 0.5061548 0.4826767 0.1740738 0.3805158 0.3886664 0.3054071 0.2850078 0.2893483 0.4269246 0.2147281 0.0761447 0.4248497 0.2074768 0.3786533 0.3243537 0.2055078 0.3938486 0.1947143 0.1892474 0.2474943 0.2777660 0.1330274 -0.2027464 0.0668226 -0.1908535 -0.0619039 0.3261765 -0.1808048 0.0372258 -0.0798518 0.0693406 0.1288695 -0.1928814 0.0833265 0.1717246 0.5406158 0.0451012 0.2977708 -0.1668528 -0.2036505 0.1216555 0.1260970 0.1008320 0.1084341 0.5475193 0.1579413 -0.1027263 -0.0329178 0.3585076 -0.1014992 0.3236708 0.0410405 0.2608488 0.6456917 0.4346224 0.5556967 0.4811812 0.5100774 0.1313892 0.6325154 0.1843479 0.2360975 0.2353343 0.0290653 0.3257138 0.1676225 0.4874037 0.1860895 0.2638773 0.2254990 0.0035451 0.1332400 0.0033001 0.0040860 0.4990657 0.2030190 0.1274056 0.1727898 0.0977804 0.3066037 0.1694383 0.2738751 0.2532927 0.1087008 0.0435365 0.3335466 0.0284623 -0.0683031 0.5285077 -0.0796156 0.0936922 -0.2025972 0.1587193 0.2757928 -0.2201473 0.5462874 -0.1893548 -0.1209817 0.1591792 -0.0786897 -0.2315458 0.1719565 0.0741594 -0.1777640 0.0816835 -0.3228838 -0.0468771 0.2324149 -0.1640599 -0.0837279 0.0860899 -0.1868968 0.0676807 0.2454427 0.2196572 0.1494533 0.3366317 0.2104970 0.2162393 0.1069547 0.3119127 -0.1481641 0.1715414 -0.2099670 -0.0897377 0.2546260 -0.0602264 -0.0006049 0.3987986 0.4536115 0.4162102 0.5457093 0.4365390 0.0947701 0.2564153 0.3697986 0.5063567 0.3737881 0.2860212 0.2699208 0.3819050 0.2536441 0.3925857 0.4759166 0.4691689 0.4504224 0.3155509 0.4935020 -0.0610606 0.2210059 0.2886792 0.5139958 0.2637133 0.6482953 0.4538764 0.1012536 0.3109233 0.0860287
0.4959714 0.8105733 0.4580622 0.6502131 -0.4152853 0.8109718 0.4271725 0.0937856 0.0000000 0.3087774 0.0728884 0.6656326 -0.0852978 0.0216836 0.7839973 0.0590256 0.0966509 0.4395311 -0.0205668 -0.2240632 0.6065593 -0.1230680 0.0870408 0.6682587 -0.1546425 0.1236319 0.0965100 0.5968967 0.6611469 0.4634897 -0.1642998 0.0147714 0.5503714 0.6259116 0.0273044 0.4417199 0.0618042 -0.1115635 0.7347044 0.7196338 0.2142396 0.2142237 -0.0783971 0.6007933 0.1600826 0.5691937 0.2154493 -0.0177692 0.4879600 -0.1302167 0.0265624 0.2096438 0.4879276 0.1957774 0.0072168 0.2387598 0.3331807 0.3418076 0.0519929 0.1752497 0.2901313 0.0443241 -0.1372934 0.5313681 0.3506725 0.1932795 0.3362778 0.2613390 -0.0489320 0.2676598 0.4111354 0.1572628 0.4302829 0.1485512 0.4591534 0.4581671 0.3970110 0.4727001 0.5790903 0.5707376 0.4067281 -0.0023298 0.1063083 -0.0988587 0.1890351 0.0290612 0.1464326 0.2001176 0.0910658 0.1906573 -0.1283128 -0.1365422 -0.3127629 0.0359185 0.0735347 -0.0455740 -0.2322003 -0.2391615 0.1295953 0.0797496 0.0222322 -0.1659936 -0.0163511 0.0811820 -0.0758791 -0.0840545 0.2739452 0.2438100 -0.1260653 0.4414330 -0.1883356 0.1658592 -0.1125682 0.0050593 0.3779712 0.0992958 0.0526764 -0.3798098 -0.1374402 -0.1924664 -0.5250107 -0.2968621 0.3315529 -0.2164031 -0.5460561 -0.0942492 -0.2769994 0.0914063 0.0945045 -0.2347610 -0.2586983 0.1702159 -0.3886197 0.4082133 -0.0743596 -0.0647150 0.0781232 0.2470193 0.1290127 0.0353266 0.2786699 0.4124724 0.3732706 -0.0751868 0.5516497 -0.1060970 0.3062046 0.1138729 -0.0781455 0.4528307 0.1327692 0.6134177 0.3502938 0.4828968 -0.0551009 -0.1713628 0.1651560 0.1095563 0.1952060 -0.0092410 -0.1449781 0.4277922 0.2238203 0.3610547 0.2277908 0.3962897 0.4631309 0.3848886 0.4295234 0.3274252 0.0696061 0.0778842 0.3531417 0.2442961 0.4919398 0.4729288 0.4405865 0.3595518 0.6448986 0.2485280 0.4375609 -0.0470986 -0.2162993 -0.1872051 0.1333361 0.3365531 0.0991556 0.1002329 0.1873130 0.3807672 0.2377652 0.5710488 0.3270187 0.2459961 -0.0650412 -0.0887812 0.0001315 0.1757968 0.2382297 -0.0771276 0.3209157 0.3302925 0.3342147 -0.0531640 0.0609389 0.1850259 -0.0673125 -0.1825906 0.3313894 0.1748827 0.2040686 -0.0076358 0.3103733 0.0953726 -0.0297305 -0.3271708 0.5916220 0.1975099
0.3465898 0.1685365 0.2541776 0.2937215 0.0231860 0.6319433 0.7371731 0.4956103 0.3087774 0.0000000 0.7761299 0.6989769 0.1993261 0.6969139 0.3602246 0.7631292 0.9159043 0.0646560 0.5187978 -0.3918358 0.6147931 -0.1246668 0.7893338 -0.1514426 0.4676597 0.8098331 0.3021467 -0.1410063 -0.1452373 -0.3489701 -0.2553747 0.4710378 -0.2041276 -0.0424118 0.7565435 0.4499664 0.5560782 0.3135120 0.3080617 -0.0318849 0.0110742 0.2920204 0.7557922 -0.1638136 0.1769127 0.5093486 0.8748651 0.0809571 -0.2397344 0.4433567 0.7472948 0.6655755 0.0263023 0.0678128 0.1451002 0.4417292 0.6293880 0.1936088 0.0800460 0.7140758 0.0177203 0.5079885 -0.0871095 0.2060747 -0.1482368 0.5374827 0.7064782 0.5607253 0.0211304 0.7884270 0.1088109 0.4409231 0.6447896 0.1818412 0.2221679 0.5620154 0.4170657 0.3477887 0.2330121 0.1793140 0.2722152 0.2951958 0.2303480 0.2382312 -0.0561291 -0.3014418 0.1965142 -0.3987694 -0.0294559 -0.2722355 0.2152449 0.4297970 0.1031546 -0.1127849 0.3932900 0.1171852 -0.0098324 -0.0277703 -0.0777274 -0.4069765 0.0403438 -0.2870648 -0.3441747 -0.3236683 -0.0261650 0.1314248 -0.2229549 -0.1821326 0.1387236 -0.1474371 0.0082162 0.4293158 -0.0305675 -0.0433640 0.2452399 0.0073499 0.0119216 0.0611582 -0.1550781 0.5644721 0.0510958 0.5241998 0.1833357 -0.2090822 -0.0112904 0.6284503 0.4286072 0.1404361 0.6247736 0.2254677 0.0704322 0.0003327 0.0272333 0.0928652 0.1052085 -0.0684538 0.5509077 0.6095122 0.2802149 0.4106478 0.0893057 0.3380415 0.3293803 0.4094708 0.4658169 -0.2923777 0.4051027 0.2980594 0.2968188 -0.2838669 -0.3278264 0.4827801 0.5865027 0.4284152 0.1473177 0.4116438 0.1300262 0.5263506 0.2230417 -0.0371694 0.2825243 0.4346569 -0.0013346 0.1111170 0.5066561 0.0847006 0.1499280 0.4203194 0.2185396 0.1829788 0.4510000 0.1030700 0.1566684 0.2916978 0.4517226 0.6613962 0.8032668 0.5988991 0.4604703 0.1776172 0.4189307 0.0228169 0.3982627 -0.0215892 -0.1727538 -0.1412741 -0.1032806 -0.0486739 0.2886398 0.2749352 0.7665301 0.4583367 0.4869987 0.6087610 0.7110756 0.7752245 0.7726138 -0.0122366 0.1992585 0.6856185 0.4243855 0.3484737 0.4149774 0.6558412 0.3495367 0.3786145 0.6370718 0.3653512 0.4051607 0.4866610 0.6365854 0.7225976 0.3623883 0.4527539 0.3780231 0.2825859 0.4944573 0.1356412
0.0941673 0.2588603 0.2962538 0.4603515 0.4253145 0.4573557 0.2198211 0.6169036 0.0728884 0.7761299 0.0000000 0.2981449 0.5574108 0.4719430 0.0266392 0.8501766 0.6625033 -0.2860039 0.7164566 -0.0320206 0.2178694 0.1387271 0.6333906 -0.4148210 0.4668320 0.5541157 0.3623527 -0.5537404 -0.3410733 -0.6962491 -0.1538265 0.3933978 -0.5245405 -0.2162988 0.5732206 0.3220302 0.4375043 0.3655353 0.2713777 -0.1734059 -0.1279720 -0.0260857 0.5911376 -0.5252329 -0.1373115 0.4992926 0.7149708 0.1558482 -0.4351112 0.7402243 0.5568304 0.5646787 -0.0163415 -0.2746238 0.3654695 0.3665174 0.4070389 -0.1199570 0.3842241 0.3620708 0.1763071 0.3760366 -0.1165274 -0.0581070 -0.1740039 0.3974508 0.4429669 0.2789622 0.1077500 0.4034936 0.0842605 0.2206025 0.4055517 -0.0038834 0.2107687 0.1100492 0.0655711 0.0411964 -0.2149343 -0.2820480 -0.1675614 0.2657172 0.2292871 0.3543976 0.0251769 -0.2467287 -0.1199441 -0.0268783 0.0966536 0.0259236 0.2855532 0.2775091 -0.1122923 0.3025469 0.5080834 0.4598292 0.0472406 -0.0622435 0.0417378 -0.0613752 0.3358638 -0.0576233 0.1821984 0.0720937 0.3415401 0.0491771 -0.0764621 0.2248467 0.3680533 0.0055313 0.3543684 0.0818656 0.4253577 0.3927354 0.2435026 0.4310043 0.3796105 0.5408779 0.1987216 0.5761249 0.3532659 0.4934660 0.0512936 0.0919968 0.2184957 0.3118009 0.4951550 0.0790471 0.3554568 0.2048369 0.0806430 0.3003066 -0.1194093 -0.0423575 0.4856598 0.1389743 0.3971295 0.4453282 -0.0069327 0.0872448 0.2359399 0.0043429 0.0876112 -0.0105100 0.3895360 0.0744807 0.1375997 0.0268636 0.4201015 -0.4866057 -0.4575096 0.0471952 0.3483557 0.3839966 -0.3028521 0.2882289 -0.4107252 0.3620321 -0.1527162 -0.2243383 -0.1253447 0.2529330 0.1567437 -0.2082282 0.1919560 -0.0218577 0.1914436 0.2315400 -0.3139423 -0.1678739 0.2164215 -0.2223168 -0.3843288 -0.1082447 0.0789371 0.2589169 0.3505313 0.1620169 0.2235503 0.1066428 0.2287405 0.2082552 0.4470934 0.0440014 0.1557871 -0.2201717 -0.0248543 -0.2127312 -0.0068145 0.0084921 0.3836843 0.1706080 0.0616461 0.2401838 0.2985643 0.4258390 0.4740639 -0.1118338 -0.1627527 0.4004943 0.3473416 0.3287141 0.6475003 0.4331346 0.5687784 0.0713310 0.3653088 0.2555463 0.0806085 0.0600052 0.6221716 0.3403608 0.2101033 0.3556091 0.2960313 0.0534573 0.3635101 0.1176660
0.5910220 0.4886800 0.5993179 0.5540141 -0.2145943 0.8068797 0.8350010 0.5094901 0.6656326 0.6989769 0.2981449 0.0000000 0.0898906 0.4312671 0.8316100 0.3026237 0.5439938 0.5292675 0.1523300 -0.3408420 0.9097287 -0.0316901 0.5097389 0.3823798 0.2906326 0.5981291 0.3056733 0.4123158 0.4387102 0.2314716 0.0816121 0.5593447 0.2800728 0.4698949 0.4526650 0.5497357 0.5475386 0.3356618 0.4819051 0.3882242 0.2617928 0.5355263 0.4713841 0.3797549 0.6042905 0.5985626 0.5082469 0.2021091 0.2165313 0.1180178 0.3420859 0.4504909 0.4544754 0.2639102 0.0865093 0.4309950 0.6925712 0.3196864 0.0632611 0.5778117 0.2976138 0.5149084 -0.0168567 0.6248760 0.3279344 0.5165937 0.6342541 0.6142156 0.1586514 0.6821767 0.2560424 0.5048075 0.6202956 0.4288473 0.5246842 0.7352473 0.7426433 0.5876235 0.7040290 0.7450463 0.6609100 0.3646347 0.1105057 0.0158601 0.0668547 -0.1778835 0.3842699 -0.3999723 0.0455206 -0.0774151 -0.0094000 0.1502942 -0.0637125 -0.3649884 0.2712704 -0.0233588 -0.1982715 0.0641884 0.0261215 -0.4510731 0.0276018 -0.2108083 -0.3721122 -0.1614214 -0.1303112 0.1051238 -0.0016859 -0.2269992 0.0615609 0.0326096 -0.0464605 0.5133045 -0.2557463 -0.0458149 0.5807548 0.0445275 -0.0332198 -0.2252460 -0.2779039 0.2737508 -0.4063383 -0.0613959 0.3949660 -0.3567396 -0.3466901 0.4949111 -0.0161409 0.1991379 0.5483719 -0.0485659 -0.2464157 -0.0912242 -0.2019481 0.1917881 0.0158167 -0.0894174 0.2564135 0.4781781 0.3824979 0.4935603 0.2329807 0.6310467 0.5927283 0.4456138 0.4062746 -0.0778811 0.3695687 0.2407750 0.3267066 0.2134804 0.1793559 0.5348051 0.5081417 0.5160378 0.1592604 0.2725261 0.3483001 0.2592594 0.5182167 0.1138463 0.1735223 0.5162544 -0.2172353 0.2646762 0.4168034 0.0367253 0.0764136 0.4678964 0.4620244 0.3703130 0.3041439 0.1950457 0.6398347 0.6448985 0.6869946 0.6766457 0.7969900 0.6287356 0.6984208 0.3915881 0.5401213 -0.1307204 0.0533523 -0.2100702 -0.2019633 0.3452062 0.0292125 0.1267135 0.5258936 0.6619706 0.6696583 0.7851615 0.7572076 0.4841491 0.5458832 0.5567460 0.6381009 0.3303073 0.5607199 0.5604199 0.3691705 0.2797483 0.2416146 0.4500297 0.1491074 0.6057583 0.6044598 0.3418992 0.3580991 0.5356477 0.4018136 0.6713854 0.3772062 0.6242348 0.4520358 0.2336285 0.3973571 -0.0839954
0.1854591 0.3140662 0.7270709 0.5607061 0.7353507 0.0953760 -0.1236358 0.8573985 -0.0852978 0.1993261 0.5574108 0.0898906 0.0000000 0.2629931 -0.0043177 0.4005608 0.1834780 0.0759743 0.6629103 0.3620666 0.0786563 0.6033920 0.1234143 -0.2233790 0.6209217 0.2212993 0.0993344 -0.3591368 0.0198552 -0.5714905 0.3816810 0.4102034 -0.3705237 -0.0382974 -0.0761770 0.1914288 0.1145312 0.5379310 0.1434474 -0.0679874 -0.1796885 0.1299595 0.2072154 -0.4042315 -0.0031127 0.5212076 0.0314097 0.0824005 -0.3107392 0.6316868 -0.1215877 0.2511392 0.1617544 -0.2300799 0.3486623 0.2938910 0.1140339 -0.4398775 0.1742377 -0.1568560 0.3158203 0.3213334 0.0492712 0.1012112 0.1731192 -0.0786665 0.1229018 0.0892889 0.2549388 -0.0812403 0.0626157 0.0695122 0.0330010 0.0361810 0.0803200 -0.1081903 -0.0644918 -0.0176620 -0.0765452 -0.1458536 -0.0273332 -0.0876236 -0.2405701 0.0216785 -0.2038410 0.1085215 0.1787057 0.0608408 0.0792576 0.0265800 0.0653652 0.0157000 -0.1958226 0.4135748 0.0948952 0.5896641 0.1297527 0.3908708 -0.0608386 0.1206099 0.1528086 0.2769632 0.4550967 0.1654699 0.7454501 0.1068309 0.0399856 0.3160912 0.4367580 0.0568127 0.4163199 -0.1850023 0.4995469 0.8680228 0.2063606 0.5886442 0.5748676 0.6265886 0.2184171 0.6016984 0.4248671 0.3063999 0.1131507 0.2461448 0.5028892 -0.0960978 0.5892953 0.1105857 0.0911437 0.3359893 0.2636478 0.3324145 0.0798310 0.1623599 0.5028014 0.3168900 0.1368969 0.1110955 -0.0081410 0.1205050 0.1727608 0.1176993 -0.0403651 -0.2136045 0.0703050 0.4766426 0.0089373 -0.1121406 0.3450451 0.0110293 0.1121108 -0.3672510 0.1056374 0.1952548 -0.3798624 0.4164915 -0.3820821 -0.1199214 -0.1206556 -0.0774094 -0.3979056 0.1478793 0.3254896 -0.1585670 0.0179855 -0.1241212 0.1243197 0.0881947 -0.3967100 -0.1131949 0.0468088 -0.2276423 -0.2945646 -0.1852501 -0.0823890 -0.1654307 0.0004274 -0.0747817 0.0689371 0.0272164 0.2352494 -0.0134727 0.1773754 -0.1654939 -0.0734422 0.0010474 -0.2274487 -0.1916710 0.0000196 0.0383558 0.1639711 0.1559603 -0.0281317 -0.0858181 -0.0060016 0.1032358 0.1918207 0.0884860 -0.1183906 -0.0435885 0.2880768 0.1406054 0.4043619 0.2103250 0.4521780 0.1808564 -0.0474878 0.1649601 -0.3114295 -0.1395015 0.1586605 0.1387310 0.0931901 0.2770112 0.0810227 -0.2204241 0.2899843 0.2250926
0.3220823 -0.0873910 0.2101878 -0.0760185 0.1240406 0.2010083 0.4661100 0.3850041 0.0216836 0.6969139 0.4719430 0.4312671 0.2629931 0.0000000 0.0940344 0.5964962 0.7475607 0.1767952 0.7283641 0.0417340 0.6060629 0.3170867 0.5588016 -0.0803317 0.7832059 0.8746182 0.2741378 -0.0800091 0.0796432 -0.2120529 0.1296783 0.4876641 -0.1189167 -0.0512481 0.4712943 0.6079104 0.4624404 0.4728565 0.3871636 -0.0832082 -0.0075677 0.5906422 0.7388930 -0.1536489 -0.0155924 0.4307597 0.6839622 0.0583953 -0.2694238 0.4747658 0.5520476 0.8280455 -0.0708991 0.2859643 0.2122397 0.5162872 0.6073533 -0.0748362 -0.2778716 0.6488987 -0.2442217 0.4219026 0.1881026 0.0559386 -0.3771520 0.3051791 0.7062126 0.4189312 0.0012634 0.6052602 0.2512554 0.2486220 0.4552243 -0.2037757 0.0660600 0.3888085 0.1044235 0.4942887 0.2032101 -0.0303815 0.2811190 0.0853321 0.0218062 0.1032580 -0.0849574 0.0594189 0.4871484 -0.5235476 0.0090529 -0.2282020 0.3142881 0.4703440 0.4482425 -0.0645986 0.2113683 0.0656909 0.3149764 0.3798350 0.1807818 -0.1569565 0.1183373 -0.0914479 -0.2084177 -0.3873843 0.1439826 0.4521128 -0.0653462 -0.1013778 0.3380028 -0.1156684 0.2228394 0.4657089 0.1202641 0.1249618 -0.0544498 -0.1396597 0.0700590 0.1244213 -0.0773554 0.8135351 0.4132799 0.6532090 0.2426452 0.1139770 0.3043308 0.6700953 0.7429886 0.2839900 0.6012529 0.7976379 0.6238534 -0.0232906 0.4478546 0.3232778 -0.1495360 0.1596595 0.5718620 0.6165698 0.2767852 0.7386350 0.2488455 0.5180497 0.3390441 0.1627946 0.3894470 -0.0040123 0.4645700 0.3382378 0.3297557 0.0308236 -0.0679332 0.2237572 0.7442651 0.4367663 0.4654148 0.2397810 0.4405167 0.6223435 0.5045943 0.0737575 0.5617231 0.6722936 0.1575072 0.5317133 0.7540864 0.2395874 0.2142431 0.5209116 0.3353200 0.6163980 0.8470816 0.5356491 0.0776720 0.0740540 0.2153750 0.2772063 0.5120180 0.2801213 0.4584265 0.3689247 0.3177881 0.3593596 0.5581160 0.3345649 -0.3798344 -0.3709594 -0.3212958 -0.1837840 -0.0045427 0.0543614 0.6626687 0.2490665 0.2250192 0.3804711 0.7751094 0.7415542 0.5531535 -0.2028280 -0.0709518 0.5961479 0.4547517 -0.0784338 0.1498539 0.4430963 0.3309146 0.3908415 0.5345358 0.2495322 0.1503490 0.2215135 0.5281258 0.6998814 0.3796624 0.2340225 0.1078777 0.3191290 0.3215823 0.0631286
0.4926298 0.6272985 0.5807831 0.6045196 -0.4248412 0.6807914 0.5380680 0.2782128 0.7839973 0.3602246 0.0266392 0.8316100 -0.0043177 0.0940344 0.0000000 0.0230962 0.1759508 0.7818533 -0.1487408 -0.3369587 0.7645072 -0.0726636 0.3053288 0.6420086 -0.0525211 0.2532624 0.2441249 0.6734608 0.6455646 0.5476168 0.0748661 0.2465296 0.4921669 0.5769318 0.1863713 0.3353063 0.1835015 0.1253501 0.5544413 0.7966882 0.3195246 0.2972273 0.0292532 0.5824066 0.4501002 0.5348999 0.1388943 0.1134032 0.4091091 -0.1385176 0.0964134 0.2704321 0.4229112 0.2450534 0.0100908 0.2393212 0.3158420 0.4204637 -0.0522077 0.3069644 0.1282127 0.2602569 -0.2031432 0.5948055 0.3751790 0.1069782 0.4225297 0.4374051 0.0472421 0.4482281 0.2050205 0.2411988 0.4708717 0.3462435 0.4735938 0.5643571 0.5853308 0.4370425 0.6402474 0.7093914 0.4976011 0.1851124 0.0790043 0.0101619 0.2977081 -0.0179025 0.2857265 -0.2156439 0.1763552 0.1659526 -0.0807609 -0.0339311 -0.2099046 -0.3161267 0.2777307 -0.1353421 -0.2906537 -0.1226926 0.1867907 -0.2902447 0.0448566 -0.2730394 -0.1458708 -0.0612698 -0.1415686 -0.0825446 0.2205711 0.0489733 -0.0395668 0.3723120 -0.0675776 0.3563354 -0.2084003 -0.0018236 0.6839528 0.0548163 0.0035437 -0.3836961 -0.3058581 -0.0903362 -0.5850320 -0.4002204 0.2581369 -0.3748536 -0.6119464 0.1983898 -0.2992903 0.1484190 0.2399769 -0.3094056 -0.4303026 0.1538515 -0.3092674 0.1798060 0.1309060 -0.0739901 0.0450366 0.3197712 0.2403423 0.2829582 0.3383533 0.5186375 0.4839613 0.3365046 0.3750240 -0.0715036 0.2933950 0.1485023 0.1480699 0.4381193 0.3477270 0.6481844 0.3841223 0.4155481 0.0154745 0.1497479 0.3101897 0.1830376 0.3048269 0.2931635 -0.0559600 0.4637084 -0.2704384 0.3886242 0.2753772 0.2219470 0.0778830 0.2508454 0.3326030 0.3895419 0.0926403 0.1435267 0.5464574 0.3797429 0.4592517 0.4113297 0.5331025 0.4613885 0.6241100 0.2391630 0.4263782 -0.2499643 -0.3568245 -0.3979891 -0.1696743 0.4014943 0.0832785 0.1884807 0.3780057 0.5497130 0.3523529 0.6690672 0.5736197 0.2620816 0.1853654 0.2041436 0.2633994 0.3236036 0.4549368 0.2856816 0.3623548 0.3734428 0.3255473 0.1857158 -0.0311116 0.2635155 0.3245957 0.1274729 0.3631211 0.4165821 0.3415087 0.3405517 0.1955166 0.3841501 0.2858322 -0.1034491 0.2856533 -0.1350603
0.1497742 0.1777860 0.1985915 0.2697159 0.3893214 0.3798424 0.2648886 0.4664801 0.0590256 0.7631292 0.8501766 0.3026237 0.4005608 0.5964962 0.0230962 0.0000000 0.8001952 -0.1311095 0.6844961 -0.0178638 0.3228451 -0.0153677 0.8403440 -0.2140595 0.5046919 0.7702466 0.0996878 -0.3323954 -0.1904290 -0.6666308 -0.1555837 0.5224121 -0.2250990 -0.0357411 0.6757867 0.4712501 0.5979544 0.3086754 0.2338461 -0.1153168 -0.0343564 0.2226685 0.6927578 -0.2675171 -0.0824986 0.5672631 0.7810814 0.1109169 -0.1987257 0.5742909 0.6679526 0.6608401 0.0455390 0.1836690 0.3450926 0.4039596 0.5311416 0.1719330 0.1492840 0.5893244 0.0020348 0.5991446 0.0399026 0.1475336 -0.1974682 0.3665513 0.6547879 0.4810508 0.1377559 0.5647524 0.2920610 0.1502903 0.6118315 0.0515507 0.2419630 0.3547371 0.0964003 0.1951511 -0.0000593 -0.1877913 0.0020154 0.3053569 0.5057643 0.5234301 0.1565026 -0.0830100 -0.1362427 -0.2908625 0.2675014 0.0219110 0.3705632 0.2898599 0.1150175 -0.0225170 0.5821698 0.3592194 0.1060704 0.1383860 0.1432332 -0.3303590 0.1407897 0.1390986 0.1324556 -0.2823652 0.2108593 0.4041070 0.1271545 0.2153972 0.4971881 0.1590153 0.3254465 0.4454168 0.1272817 0.1544076 0.1428698 0.1680134 0.0899679 0.3427654 -0.1049579 0.5598666 0.2365256 0.5277464 0.2246366 -0.1315766 -0.0147277 0.5395175 0.5862021 0.0869204 0.4874611 0.2672013 0.1914755 -0.0937018 -0.0479644 0.0952404 0.1992262 0.0772540 0.4549079 0.6420290 0.1380415 0.3059261 0.1372584 0.0978821 0.2941980 0.1529080 0.5733121 -0.0743563 0.2802300 0.1681666 0.2120606 -0.2762604 -0.2391542 0.2421963 0.4543612 0.4264899 -0.2365298 0.3025051 -0.2358631 0.5162934 -0.0846235 0.1692982 -0.0682058 0.3384784 0.1879543 0.0630042 0.1364027 0.2744384 0.3082755 0.0287549 -0.1886296 -0.0929457 0.2108415 -0.2779252 -0.1803737 0.0352534 0.2830593 0.3618148 0.4596897 0.3872649 0.2649703 0.1800908 0.4713820 0.1543252 0.6092648 0.0218500 -0.0511789 -0.1357129 -0.0299433 0.0530123 -0.0091592 0.0050294 0.5041298 0.1880322 0.0360020 0.2696389 0.4067422 0.4410246 0.4147140 -0.2100147 -0.0894148 0.5748296 0.1591767 -0.0052074 0.3689334 0.3023922 0.3829835 0.0521764 0.4544024 0.2137784 0.0625736 -0.0587496 0.4561672 0.4565065 0.0295657 0.1466064 0.1602942 0.1734925 0.5010103 0.2677439
0.2014823 -0.0384687 0.1104711 0.0457566 0.0550467 0.4014116 0.6705370 0.4073704 0.0966509 0.9159043 0.6625033 0.5439938 0.1834780 0.7475607 0.1759508 0.8001952 0.0000000 0.0809336 0.4929606 -0.4230980 0.5306352 -0.2007099 0.8563150 -0.2543018 0.5043301 0.8616012 0.1276063 -0.1937877 -0.2501220 -0.4686265 -0.3136031 0.4471936 -0.2088411 -0.1449511 0.8124091 0.4493444 0.5246421 0.1974426 0.0833810 -0.1670184 -0.1644409 0.4361875 0.8579922 -0.2041133 0.1846721 0.3678782 0.8532332 -0.1287457 -0.2916027 0.2813401 0.8232616 0.6215409 -0.1001401 0.3078326 -0.0393272 0.2893043 0.5529642 0.2941926 -0.1612947 0.8010698 -0.1624337 0.6713532 -0.1001466 0.2039500 -0.2671715 0.3830854 0.7766683 0.6927651 -0.0775928 0.8471542 0.1498757 0.3717529 0.7133283 0.1651502 0.0535494 0.6555770 0.3134127 0.3528469 0.2976748 0.1144473 0.3492220 0.2290343 0.2838304 0.1960699 -0.1897863 -0.3083190 0.1330200 -0.5239540 -0.1023270 -0.4534752 0.1314549 0.3714189 0.2215913 -0.2103311 0.2883266 -0.0238258 -0.0362991 0.1820964 -0.1591974 -0.5438231 -0.1880508 -0.1902782 -0.4188142 -0.6181892 -0.1196402 0.2386820 -0.2726308 -0.2540566 0.1332255 -0.2464256 -0.1087893 0.5265104 -0.1769449 -0.1765373 0.0022616 -0.1981949 -0.2196673 -0.0154543 -0.3509645 0.5839321 0.1367518 0.6635345 0.1348012 -0.2524964 0.0637772 0.7062235 0.5739452 -0.0019569 0.7225795 0.3224737 0.2744479 -0.2551113 0.1400678 0.2189857 -0.1323364 -0.1974929 0.6047482 0.6706659 0.3672187 0.4511965 -0.1590352 0.3031052 0.2118801 0.5421401 0.4840125 -0.3705414 0.4427251 0.3518221 0.0765394 -0.2338537 -0.2562342 0.4961031 0.5644162 0.2799355 0.1607872 0.5382923 0.1545531 0.5566311 0.1238216 0.1274904 0.3091716 0.3894285 0.0361404 0.1364488 0.4655667 0.2086505 0.1400865 0.2059701 0.1926367 0.1598829 0.4310736 0.0537302 0.2060687 0.2927139 0.4880750 0.6767336 0.8286853 0.6977380 0.3784932 0.1392172 0.5395407 -0.0496786 0.5077760 -0.1139083 -0.4456538 -0.2498085 -0.3091126 -0.0322814 0.2315613 0.1295778 0.8184673 0.2891887 0.3877459 0.6566478 0.8022997 0.8359180 0.7879370 -0.1538329 0.1842476 0.7215493 0.1807562 0.0834909 0.1162992 0.5772112 0.1303104 0.4327474 0.6078437 0.2779431 0.2378265 0.4132660 0.3935849 0.7426439 0.1287830 0.2644882 0.2032538 0.3007107 0.5360553 0.3045481
