0.0000000 0.2664154 0.4074444 -0.1921507 0.3867778 -0.0606539 -0.2060658 0.1355674 0.1678270 -0.1475637 -0.2754463 -0.0573882 0.2352249 0.2715760 0.0954343 0.3586352 0.3639193 0.0697953 0.1410287 0.3036157 -0.1324622 0.0775974 0.0298678 -0.1994869 -0.0874493 0.1643564 0.2607614 -0.1247538 -0.1449268 -0.0929192 0.2811977 -0.0597249 -0.1292714 -0.1071686 0.1102119 -0.2958057 0.2134490 0.0392253 -0.0820567 -0.0913258 0.3404866 -0.2366332 0.4003949 -0.0527413 -0.0880548 0.0810264 0.1652838 0.1448852 -0.1151920 0.0696736 0.2878945 0.2838729 -0.1485960 0.1738398 -0.0538504 -0.0241938 0.2293337 0.1821908 -0.1352510 0.3320614 -0.2000794 0.1389857 -0.1809079 -0.1226618 -0.2291073 0.1278463 0.2839729 0.1473951 -0.0672311 0.0169606 0.1037111 -0.3554471 0.0457111 -0.1196721 -0.2390362 -0.0765551 -0.4092423 -0.2207019 -0.0824923 -0.1262582 -0.1446000 -0.3026548 -0.6423100 -0.3190270 -0.3613059 -0.3161316 -0.1694978 -0.1183957 -0.3356006 -0.5081256 -0.4771567 -0.0899108 0.2888993 -0.0155211 -0.3357877 -0.4260885 -0.2646729 0.1524397 -0.1484634 -0.4938730 -0.1652975 -0.0865095 -0.2246347 -0.2179638 -0.2626086 -0.1399053 -0.1060833 -0.1914652 -0.1553412 0.1057571 -0.0737534 -0.2021860 0.1539624 0.1593333 0.1756473 0.3025176 0.2391279 0.2199874 0.1176907 0.2559014 0.1543866 0.1557843 0.3176394 -0.0148976 0.1068443 0.2787720 0.0962700 -0.1765609 0.1187341 0.0819747 -0.0890227 0.1704604 -0.1509358 0.2325474 0.1801870 0.1773858 0.0183109 -0.2207724 -0.2444137 0.2007611 0.3049293 0.0813095 -0.2745775 0.1419334 0.0365893 0.1991802 -0.1423755 -0.1203282 0.0559849 0.2311437 0.1035091 0.0842816 -0.1996546 0.0628001 0.1649860 -0.0736594 -0.4865661 0.1038360 -0.4113157 -0.0670279 0.1300335 -0.0151708 -0.0354212 -0.4341117 0.0589507 0.2053534 -0.0457443 -0.1214004 -0.2597861 -0.1058398 0.1377071 0.1481073 0.3290590 0.1591020 -0.1251587 -0.0430902 -0.2284122 0.1283803 -0.4029613 -0.2942149 -0.2319741 -0.4055208 -0.2358593 -0.3043802 -0.1508264 -0.1060989 -0.0370914 0.1766592 -0.3243873 -0.4431779 0.0927100 -0.1693322 -0.1200767 0.1609459 0.2314049 0.0303359 0.2998221 -0.3938681 -0.1587711 0.3391663 0.5722782 0.1762820 0.0335409 0.4414691 0.2952610 -0.0459631 -0.1472092 0.1857394 0.3127289 -0.2149537 0.1974966 -0.0130920 0.4680774 -0.1531567 -0.4710189 0.1368381 0.1369138 0.2518886
0.2664154 0.0000000 0.0791319 0.1827357 0.0048053 0.3971704 0.1030788 -0.1575042 0.3085263 0.2596492 0.1466705 0.1565797 -0.1019828 0.4102254 0.1645487 -0.1319529 0.1016248 -0.0196437 -0.2035416 -0.0312468 0.1046133 -0.3930953 -0.0996584 0.0831168 -0.1444988 -0.0763455 0.1584998 0.0551329 -0.0965098 0.2475231 -0.1076858 -0.1225079 0.0653918 -0.0906502 -0.1279803 0.1454619 -0.0599506 -0.1625785 0.2977004 0.2612203 0.0593500 -0.3878801 -0.0110945 0.1619941 -0.6090713 -0.2128738 -0.2088360 0.1537514 0.0499864 -0.1143213 -0.0560055 0.1832013 -0.1998429 -0.0697629 -0.2188541 -0.2917551 -0.1869355 -0.0585363 -0.1480191 -0.0525366 -0.6601169 -0.1839968 -0.3641370 0.0158458 -0.5100483 -0.3057963 -0.1579520 -0.1452517 -0.3397111 -0.2029057 -0.2545709 0.0062465 -0.1036828 -0.1573297 -0.4358495 -0.1133823 -0.2380142 -0.5768146 -0.3644528 -0.3317214 -0.6013997 0.0321047 0.1236025 0.1258296 0.2711302 0.1801058 -0.0678199 0.0976967 0.2158990 0.3287672 0.0284837 -0.0774996 0.1548282 0.2096959 0.2546362 0.0268018 -0.0269264 0.3015757 0.0979288 0.1504121 0.0198990 0.1813876 0.2132158 0.1776161 -0.0915439 0.0463994 0.3558215 0.1597664 0.0107096 0.4056714 0.1483324 0.2646952 0.0819575 0.0888080 0.1670583 0.2875378 0.0560517 0.2397955 0.2007185 0.2510145 0.1379879 0.1357363 -0.3050141 0.2779037 0.2266571 -0.0405298 -0.0454545 -0.1621041 0.0846160 0.0568606 -0.0884492 -0.3735562 -0.1891783 0.2540562 -0.3738208 -0.0035280 -0.0436486 -0.1609533 -0.2793811 -0.0079012 -0.1682190 -0.1417998 -0.4875327 -0.1442238 0.0337653 0.1181200 -0.3042869 -0.3898751 0.1451316 -0.2209205 -0.2694849 -0.0716499 -0.3445720 0.1330682 -0.4719490 -0.3002040 -0.2839172 -0.2527741 -0.4098840 -0.2349905 -0.2348308 -0.3863657 -0.2198617 -0.1458157 -0.3447423 -0.1716081 -0.0407277 0.0439400 0.1936523 -0.3965185 -0.1468664 -0.0275303 -0.2484243 0.0087820 0.3271318 -0.1205736 -0.1096466 -0.4324344 -0.0650325 -0.2289315 -0.4387841 -0.0941677 0.1130408 0.1375760 0.1036510 -0.5724031 -0.0916380 0.0560515 -0.1344946 -0.1418088 0.2485687 -0.1806008 -0.0979141 -0.0467321 0.1645843 0.0297583 0.1561031 -0.0627259 -0.3823712 0.1235677 0.0173224 0.4469097 0.1698369 -0.1314659 0.1963050 -0.3125799 0.1578127 -0.0165017 0.1337327 -0.2005867 0.4252920 0.0812055 -0.1661636 -0.2564645 -0.1095815 -0.1833372 0.2985549 0.0159908
0.4074444 0.0791319 0.0000000 0.2544967 0.7915417 -0.0525221 -0.3461557 0.6678134 -0.0459431 -0.1811571 -0.0947460 -0.4496432 0.9050989 0.0411502 -0.3503960 0.4438329 0.3645021 -0.2402189 0.5806842 0.8055548 -0.2646721 0.6627918 0.2285546 -0.4624375 0.4496209 0.4911897 0.0369927 -0.5180437 -0.2475475 -0.5191195 0.6835022 0.5459084 -0.2808135 -0.0752962 0.3971059 -0.2854015 0.5863310 0.7338168 -0.4223736 -0.4615052 0.7805790 0.0376626 0.1632799 -0.4187895 0.2690275 0.5978947 0.5309336 0.8080635 -0.1731248 0.6652376 0.3716981 -0.1867737 0.0808395 0.1392229 0.6956861 0.6709042 0.6356416 -0.0342811 0.3397423 0.3357564 0.4627939 0.2673632 0.4480465 0.1498491 0.3644525 0.6031611 0.3630975 0.4733340 0.6022369 0.2239132 0.2834672 -0.0466376 0.3652652 0.6030061 0.3240303 0.3372703 0.1461563 0.3040863 0.5102467 0.4409449 0.3762040 -0.0689480 -0.3358929 -0.0888340 -0.3766888 0.3222369 0.0146877 -0.1301266 -0.0677766 -0.4958553 -0.2114152 0.0914498 0.3296338 -0.1752164 -0.2987709 -0.0136842 0.2002677 0.0762290 0.0584084 -0.5955661 -0.4245909 0.0987039 0.2888347 -0.4242165 0.1847926 0.2835223 -0.0095948 0.2715038 0.2976386 0.0853727 0.0032609 -0.0940136 0.3468741 0.2856288 0.1018780 0.1079303 0.1980495 0.0480137 0.1100890 0.1826538 0.1047324 0.1589892 0.4738152 0.0629546 0.0389258 -0.0772793 0.2105391 -0.0914513 -0.0059666 0.2345050 0.0188899 0.4087578 0.0557117 -0.0047098 0.2200133 -0.1592593 0.0471161 0.0304704 -0.0725457 -0.0403076 -0.0752276 0.0434663 0.3130682 -0.0944892 0.0365294 -0.0545847 -0.1336180 -0.0851641 0.0691705 0.1332443 0.1456657 -0.1142851 -0.1242439 -0.2560718 0.0702692 0.0564131 -0.3089254 -0.0971105 0.2143113 0.0946186 0.1409716 -0.0491860 -0.0665824 -0.1302221 -0.0037574 -0.1135709 -0.3706446 -0.0425393 0.1279337 0.2204412 -0.0130485 0.3118818 -0.0102527 0.0512068 -0.2910682 -0.2420269 -0.2563030 0.2431609 -0.2116264 -0.1774296 -0.0672124 -0.3004609 -0.0839539 -0.3721230 -0.0265742 0.4027801 0.2604030 0.4657815 0.0783609 -0.0575424 0.1077526 -0.0630481 -0.3179205 -0.0181079 0.0461333 -0.3477371 -0.2994159 -0.2316824 0.4513788 -0.2302537 0.4677263 0.2704828 0.1045869 0.4323939 0.5734409 0.6887835 0.2584292 0.6694709 0.4732192 0.5329683 0.0973346 -0.2675042 0.7297642 0.2237745 -0.1475673 0.7227500 0.0438159 0.0292020
-0.1921507 0.1827357 0.2544967 0.0000000 -0.0963710 0.5870344 0.2980012 0.6938201 0.0691287 0.6552788 0.6362367 0.2338045 0.5013553 0.3842918 0.0869034 0.2544648 0.1345889 0.2500566 0.4903815 0.0859733 0.2271085 0.2294827 0.2622172 0.2836231 0.3999152 0.3086246 0.0645519 -0.0345840 0.1953095 0.1302578 0.0832208 0.3290848 0.2923293 0.5000997 0.3825608 0.3061178 0.2622213 0.3774556 0.2527615 0.0641978 0.2988545 0.3246959 -0.0348702 0.0806025 0.2127898 0.2948747 0.2581472 0.2302536 0.3473205 0.2714513 0.1409233 0.0572474 0.6462953 -0.1268872 0.2382827 0.2440161 0.2313215 0.0000890 0.1005669 0.1488547 -0.0023997 0.2555118 -0.0909496 0.5507690 -0.0571231 0.1944133 0.1534937 0.3491741 0.3169439 0.5018582 0.1363390 0.6618358 0.5408079 0.3324042 0.4946566 0.6100100 0.5685457 0.2932789 0.5562888 0.5632568 0.2448459 0.4081970 0.4437273 0.4784352 0.4234702 0.6267569 0.2194523 0.0288715 0.5650822 0.3565144 0.2940014 0.0683132 0.1056514 0.2172036 0.4572363 0.3661950 0.0819118 0.3824351 0.6320605 0.3484249 0.2172305 0.3811481 0.3806067 0.0592524 0.2016555 0.4055490 0.4228986 0.3133727 0.1259966 0.1633318 0.2104730 0.4366282 -0.1554396 -0.1214853 -0.2006638 -0.3776664 -0.3228391 -0.1945934 -0.1864809 -0.0847695 -0.2655153 -0.1933564 0.0377606 0.1304047 0.0222910 -0.1978162 -0.0713331 0.1221598 -0.1931063 0.0979209 -0.1094399 0.0619010 -0.1820046 -0.1827340 -0.3811593 -0.2703851 -0.2047806 -0.1448781 -0.2486734 -0.2981131 -0.4178301 -0.2697789 0.0318685 -0.3585789 -0.1446052 -0.0770426 -0.3493812 -0.3287458 0.3308177 -0.3078404 -0.2489896 -0.3227658 -0.2656839 -0.1932513 -0.2817839 -0.1428122 -0.0461067 -0.2936431 0.2349248 -0.2588247 0.0077498 -0.3541268 -0.0417042 -0.0547719 -0.2452214 -0.3084358 -0.0390095 0.3580210 0.2230200 -0.2548631 -0.1724762 0.0211813 0.0497227 0.3834753 0.3363240 0.2742436 0.3541945 -0.3581838 0.3172556 -0.0745555 -0.2054336 0.1598927 0.1809372 0.0829701 0.0169043 -0.2183916 -0.3479659 -0.3142656 0.2824978 0.4039976 0.2205733 0.3285361 -0.5714411 0.3336691 0.0051316 0.0583662 -0.2405249 -0.3584550 0.5150626 -0.2970364 -0.0441472 0.1097675 -0.2456576 -0.3357994 0.0982672 0.4470380 0.2507725 -0.1341725 0.0459714 0.4741643 0.2032089 -0.1028127 -0.0974661 -0.1938162 0.0349296 0.1449014 -0.1157203 -0.5861824
0.3867778 0.0048053 0.7915417 -0.0963710 0.0000000 -0.2341791 -0.4092096 0.3693152 -0.1868071 -0.3893716 -0.4163525 -0.3907121 0.5865444 -0.0418279 -0.3482156 0.1746161 0.2566016 -0.3713737 0.3163544 0.7667669 -0.2143033 0.3142529 -0.0124554 -0.3995951 0.2232779 0.1790640 0.1022497 -0.3556646 -0.1607395 -0.3713662 0.5630753 0.5178048 -0.1997511 -0.1137250 0.2392765 -0.2921231 0.3937245 0.6268067 -0.2734751 -0.2661520 0.6217153 0.0066778 0.3368639 -0.2435628 0.1284574 0.4987164 0.4484713 0.7196213 -0.0828984 0.5866389 0.4288717 0.0585719 -0.0531897 0.4050067 0.5982508 0.5467562 0.5064052 0.0923220 0.4470552 0.3788585 0.4754645 0.2196384 0.5094773 0.0202948 0.4490461 0.5034874 0.1827457 0.2078604 0.3910003 -0.0917910 0.1768357 -0.1162464 -0.0153903 0.6669478 0.1374244 -0.0394066 0.0044704 0.0489314 0.1843089 0.1264851 0.1863029 -0.0724005 -0.5260183 -0.4364118 -0.5750705 0.0089660 -0.2984654 -0.2604831 -0.1929171 -0.5512468 -0.1825973 0.1651492 0.2500731 -0.3599514 -0.5554803 -0.0005631 0.2966998 0.0243956 -0.3714218 -0.6569061 -0.6501801 0.0293060 0.0523893 -0.5048595 0.2324831 0.0341699 -0.0079365 0.2173940 0.3169597 0.1861509 0.0124681 -0.0993301 0.5036143 0.4756137 0.2999259 0.3109920 0.4309520 0.2751924 0.3470164 0.3099876 0.3651752 0.4509803 0.3057704 0.1507136 0.0850410 -0.1810868 0.2839752 0.0174098 0.0766639 0.2323044 0.1381092 0.3888354 0.1408638 0.0501248 0.3278804 -0.0238056 0.1792160 0.0678072 0.0342573 0.0983012 0.0488421 0.0749344 0.2224992 -0.0674244 0.1593114 -0.0268839 -0.0342994 -0.0135589 -0.1646080 0.1078168 0.1127807 0.0390576 -0.0223420 -0.3008204 0.0932423 -0.0919159 -0.3740307 0.0525141 -0.0518110 0.0995479 0.1957725 0.0128694 -0.1269008 -0.1536830 0.1503423 -0.0728459 -0.4540737 -0.3281976 -0.1886833 0.2012529 0.1249766 0.2250332 -0.1375179 -0.1303465 -0.3561434 -0.4117354 -0.4341435 0.2027796 -0.3496958 -0.3323616 -0.1816192 -0.5413569 -0.1002705 -0.5685357 0.1906136 0.4900813 0.5832579 0.7496286 0.0612511 -0.1348144 0.0307126 -0.1343747 0.0675574 -0.2855066 -0.0124336 -0.5450450 -0.2360830 0.0925491 0.1663779 -0.1982414 0.5343381 0.2686236 0.2220686 0.2946880 0.3826535 0.4184654 0.2124249 0.5496971 0.4195330 0.3583532 0.0124531 -0.3018414 0.4460447 0.1295634 -0.1018403 0.4950782 0.0522418 0.0564706
-0.0606539 0.3971704 -0.0525221 0.5870344 -0.2341791 0.0000000 0.4629701 0.1247824 0.4806427 0.7525178 0.4602523 0.5685365 -0.0046349 0.4182022 0.5276190 -0.1753964 -0.2311526 0.4288471 -0.0150236 -0.1245981 0.5844909 -0.2471243 -0.2864693 0.6193254 -0.2628280 -0.3177399 -0.3005489 0.3022826 0.4794262 0.4539262 -0.4017425 -0.3555247 0.6295429 0.5472414 -0.2356366 0.6274212 -0.4394585 -0.2666561 0.6663034 0.4940665 0.0073967 0.0594185 -0.3470304 0.4041678 -0.2236345 -0.3458980 -0.3416813 -0.1404254 0.4229948 -0.4084122 -0.4390210 0.1359416 0.2569005 -0.5038744 -0.4613170 -0.4318905 -0.4195371 -0.2160960 -0.3481451 -0.4290994 -0.4774257 -0.3712984 -0.4581673 0.3126497 -0.5025902 -0.4878277 -0.3546111 -0.2008251 -0.4278120 0.0523777 -0.5369707 0.5154929 0.0450479 0.0757327 -0.1848442 0.2020775 0.3535991 -0.1992073 0.0433625 0.1927365 -0.2109682 0.5066729 0.3366804 0.2329616 0.2287693 0.1159059 -0.1295330 0.2335368 0.3069561 0.3128104 -0.1149571 -0.4497053 -0.4819613 0.4152865 0.2180066 0.1988005 -0.1833369 -0.1181825 0.1483011 0.3812144 0.4870398 -0.2192178 -0.1602164 0.4040628 -0.0876628 0.2067603 -0.0735700 -0.1066020 -0.2203183 -0.2686366 -0.0061681 -0.0190389 -0.4517009 -0.3646533 -0.3969850 -0.5738304 -0.4038638 -0.3682397 -0.4273261 -0.4285620 -0.4749254 -0.2135702 -0.4113984 -0.0273558 -0.3509996 -0.5225389 -0.3194856 -0.1542072 -0.5544781 -0.4344816 -0.6319089 0.0108664 -0.7177390 -0.3101411 -0.5307434 -0.4658345 -0.6264543 -0.5681336 -0.6654835 -0.5014968 -0.2844471 -0.5463379 -0.2158218 -0.5750433 -0.5650877 -0.3134311 -0.6504697 -0.5552100 0.3276680 -0.5495210 -0.6516283 -0.5896784 -0.6139712 -0.1731980 -0.3319652 -0.3321872 -0.1518577 -0.5224988 -0.0083311 -0.5564688 -0.1337444 -0.5972943 -0.3988260 -0.3073822 -0.5418495 -0.4306963 -0.1008376 0.1994177 0.0361973 -0.6325861 -0.3290436 -0.1786117 -0.0435593 0.5558602 0.7459928 0.4121126 0.4237275 -0.3776832 0.5649982 0.1413873 -0.1316433 0.2729059 -0.0398212 0.0775689 -0.3178087 -0.6759570 -0.5920135 -0.4233397 0.3028808 0.2925740 -0.2237218 0.5581104 -0.1152759 -0.2467511 -0.4051825 -0.1602257 -0.1390488 -0.1824834 0.0666643 -0.4420134 -0.3564930 0.0137894 -0.3398663 -0.2903608 -0.0499559 0.0421871 -0.1202113 -0.2350718 -0.3416484 -0.1320574 0.0512859 0.2622760 -0.2798404 -0.1577937 0.1090364 -0.0870765 0.0614373 -0.6122800
-0.2060658 0.1030788 -0.3461557 0.2980012 -0.4092096 0.4629701 0.0000000 -0.0093143 -0.0251675 0.2901127 0.2561129 0.7942614 -0.2332584 0.0879685 0.6260598 -0.2363273 -0.5817087 0.4120145 -0.0080300 -0.2552605 0.7791732 -0.1062272 -0.3303309 0.7789446 -0.1727814 -0.3082628 -0.3665920 0.5275910 0.6472960 0.5299998 -0.3025719 -0.1818641 0.7610798 0.6424787 -0.2619683 0.7764454 -0.4155043 -0.2544235 0.6146141 0.5889769 -0.0203969 0.3674489 -0.4171178 0.6933863 -0.0164659 -0.2889492 -0.3223154 -0.2140892 0.6275578 -0.4656225 -0.4011508 0.1123278 0.2991775 -0.2967911 -0.3364015 -0.3448135 -0.3998046 0.0354300 0.0615555 -0.4687273 -0.2639887 -0.3595778 -0.2098301 0.2811001 -0.3521105 -0.2966860 -0.3695213 -0.2273270 -0.2188759 0.0504443 -0.3556951 0.3559509 -0.0174182 -0.1305038 0.0806347 0.2650967 0.4649201 0.0977774 0.0825411 0.3529398 0.0241340 0.7095293 0.4298021 0.5171987 0.5492560 -0.0438751 -0.1758933 0.4963486 0.4251300 0.5831729 -0.2584185 -0.2792896 -0.4182397 0.6262571 -0.0841054 -0.1197359 0.0459689 0.1037722 0.0573419 0.6547601 0.5942675 -0.3277898 -0.2212686 0.6767856 0.0514976 -0.4111549 0.0770790 -0.2996739 -0.0853024 -0.2000597 0.0553133 0.1847867 -0.4693546 -0.5779853 -0.4395527 -0.5185733 -0.3694166 -0.3314178 -0.3710974 -0.3702383 -0.3666876 -0.3757077 -0.0811736 0.1591516 -0.1859804 -0.2797472 -0.6546862 0.0837388 -0.2708513 -0.2067688 -0.2370013 0.2231824 -0.3157191 -0.1827613 -0.1328053 -0.1602601 -0.2518659 -0.1170372 -0.1658613 -0.1420450 -0.1446092 -0.1244058 -0.0055031 -0.0675210 -0.1831819 -0.3551760 -0.0844548 -0.0255000 0.2202543 -0.2359635 -0.3155674 -0.1580228 -0.0587708 -0.3572911 -0.0975152 0.0298703 0.4907185 -0.0467259 0.2988262 -0.1945031 -0.3683979 -0.2546264 -0.1061994 0.2123953 -0.3365962 -0.2772457 -0.0272596 0.2662917 0.2543343 -0.4015061 -0.4619354 -0.4155001 0.1596617 0.1566626 0.7748278 0.6781662 0.7244126 0.0751974 0.7472112 0.4193237 0.1759915 0.5678226 0.3340194 0.4772757 0.0716308 -0.3830316 -0.2942217 -0.5404271 0.2160203 0.4722198 -0.1854222 0.5687462 0.0002758 -0.0194219 -0.2258251 0.1667362 0.0502473 0.0809123 0.2256762 -0.1335916 -0.3690550 -0.2882116 -0.0877336 -0.5415209 0.3006829 0.0969083 0.2165009 -0.2845946 -0.3924082 -0.0998796 0.2403924 0.6139427 -0.1870003 0.3665909 0.6861676 -0.2228489 -0.2466745 -0.4292649
0.1355674 -0.1575042 0.6678134 0.6938201 0.3693152 0.1247824 -0.0093143 0.0000000 0.0023323 0.3052047 0.3481069 -0.0732858 0.8944923 0.2355787 -0.1024915 0.5473632 0.3283289 0.0273145 0.7358415 0.3954294 -0.0035223 0.6613778 0.2851564 -0.0922666 0.4974876 0.4910061 0.1481121 -0.3950409 0.1247036 -0.2785903 0.4182658 0.5002943 0.0111969 0.4021442 0.4770452 0.0088033 0.5340979 0.7252426 -0.1680405 -0.2995667 0.5305595 0.4915771 0.2267130 -0.2131698 0.6191307 0.6209145 0.5338278 0.4840533 0.2344311 0.6041415 0.3591283 0.0551684 0.6714752 0.2332134 0.6089184 0.6413214 0.5858288 0.2291462 0.2717296 0.3360325 0.4518146 0.5030749 0.2683599 0.5609234 0.3972356 0.6093408 0.3663016 0.7226177 0.6736545 0.6090534 0.4123624 0.4694229 0.6503957 0.5897719 0.7250914 0.7072427 0.4106566 0.6539463 0.8134192 0.7556040 0.6488965 0.3097596 -0.0276563 0.1392326 0.0033164 0.4581795 0.0888979 0.1111384 0.2528993 -0.0770421 0.0680754 0.2453427 0.3886763 0.1914750 0.0264397 0.2739615 0.2232475 0.4332815 0.3745991 -0.0688199 -0.0854882 0.4381439 0.4275329 -0.1371367 0.3534560 0.3746790 0.3678793 0.2952869 0.3423098 0.2021684 0.2778269 0.3351051 0.2194259 0.1554031 0.0301569 -0.0887650 -0.0333807 0.0379212 0.0269824 0.1415635 -0.0479724 -0.0597240 0.5087186 0.2578218 0.1725462 0.0179966 0.0816519 0.1755996 0.0269215 0.3232721 0.1070671 0.4914840 0.0707000 0.0442063 0.1457467 -0.1044963 0.0548942 0.0971384 -0.0338207 0.0110012 -0.2514723 0.0414116 0.3221088 -0.0411704 0.0987930 -0.0874994 -0.0967391 -0.1013754 0.1129808 0.0593266 0.1360285 -0.0462586 -0.0043588 -0.3600253 -0.0017472 0.0482620 -0.1605558 -0.0577681 0.2924824 0.0450214 0.0809212 -0.0330081 0.0739091 0.0057108 0.0137773 -0.1274777 -0.3149138 0.0609269 0.0706949 0.1258582 -0.1365276 0.0944486 0.2995219 0.1753782 -0.0759092 0.1676219 0.2047955 0.0559338 0.0763694 -0.0758976 -0.0494041 -0.0585867 0.0951296 -0.1739941 -0.0361578 0.3052423 -0.1210573 -0.0529338 0.1264650 0.2875575 0.3185272 0.2409222 -0.6624013 0.4394204 0.2048522 0.0103022 -0.2103242 -0.4150360 0.7619500 -0.1570101 0.4800987 0.2558525 -0.0070159 0.1084001 0.3918315 0.7832309 0.2931575 0.1688426 0.4084798 0.7038039 0.2587098 -0.1396046 0.4433364 0.0870055 -0.0405393 0.4993103 -0.3709053 -0.3025871
0.1678270 0.3085263 -0.0459431 0.0691287 -0.1868071 0.4806427 -0.0251675 0.0023323 0.0000000 0.4231872 0.0605239 0.1835604 -0.0860666 0.3194149 0.5691993 -0.2229274 -0.1963987 0.2529863 -0.3056309 -0.3888634 0.0882224 -0.2312839 -0.4137701 0.0683929 -0.3851293 -0.3464295 -0.2931933 -0.1332837 0.1426490 -0.0160348 -0.3351714 -0.5750232 0.0529136 0.1252216 -0.5255300 0.0844338 -0.4128218 -0.3524409 0.1531279 0.1090934 -0.1209328 -0.3865155 -0.1454307 -0.0679699 -0.1589157 -0.5139668 -0.4682937 -0.1562413 0.0517794 -0.2374264 -0.4771845 0.1118990 0.0288360 -0.1066576 -0.4037762 -0.4083346 -0.4305591 -0.2213925 -0.7725564 -0.4466060 -0.5340512 -0.3419346 -0.1862540 -0.1177063 -0.4388808 -0.4352409 -0.2727424 -0.0838881 -0.4570495 -0.2092385 -0.3580650 0.1461853 -0.1110782 -0.2184534 -0.4204103 -0.0845905 -0.3376628 -0.1272199 -0.0208771 -0.1682510 -0.0913621 0.0424680 -0.0435684 -0.2398931 -0.1278634 -0.1200186 0.1853282 0.1755866 -0.3947625 -0.0275244 -0.0505764 -0.0687331 -0.1514315 0.3039707 0.2967644 0.0463134 -0.0177459 -0.1908805 -0.1476339 0.2585190 0.0730049 -0.0902777 -0.1648029 0.2515824 -0.2818303 0.0287519 -0.1296797 -0.3067468 -0.3510842 -0.1558077 0.0536937 -0.1978972 -0.2195498 -0.2679373 -0.1671026 -0.0855430 -0.3387152 -0.1432699 -0.2565884 -0.2430369 -0.3990834 -0.2883045 -0.3426111 -0.0757814 -0.0333209 0.0331356 -0.3164520 -0.4124513 -0.0504268 -0.2789716 -0.3436248 -0.2278613 -0.4853943 0.1490850 -0.1113333 -0.0867606 -0.1917273 -0.2113991 -0.2759974 -0.1853412 -0.1217870 -0.1784946 -0.2467446 -0.1469743 -0.2045493 -0.1645431 -0.2993058 -0.3047815 0.1283677 -0.1928429 -0.2498076 -0.2188645 -0.3543487 -0.0840863 -0.3620212 -0.1664106 -0.2172782 -0.3516879 -0.2951310 -0.2030527 -0.4169208 -0.2672918 -0.2348361 -0.2370049 -0.4878894 -0.2163403 -0.2971676 -0.3127975 -0.1089340 -0.4366994 -0.4540278 -0.3321213 -0.2030041 -0.0394547 0.2080646 0.1940511 0.1069385 -0.3860765 0.1087797 -0.0092796 -0.2343805 0.1301830 -0.4385248 0.0242703 -0.6413896 -0.5363130 -0.6411247 -0.4318154 -0.0505688 0.0449107 -0.0789805 0.0478788 -0.1597560 -0.1258639 0.0030541 -0.0277550 -0.1391680 -0.3190282 -0.1166340 -0.0165134 -0.0403117 0.1821268 -0.1890963 -0.0388035 -0.2245738 -0.1735860 -0.2537231 -0.3342232 -0.1593939 -0.3179257 -0.0055135 -0.1104776 -0.1595902 -0.3612432 -0.3335578 -0.2844601 0.1896544 0.0387403
-0.1475637 0.2596492 -0.1811571 0.6552788 -0.3893716 0.7525178 0.2901127 0.3052047 0.4231872 0.0000000 0.7831111 0.4039579 0.0378313 0.6236967 0.4164347 0.0730231 0.0824692 0.4756525 0.1546682 -0.4267493 0.3139120 -0.1949492 0.0009319 0.5587565 -0.0721235 -0.0704108 0.1305487 0.2003375 0.3924947 0.4459134 -0.5328369 -0.2966584 0.4260417 0.5102238 -0.0147150 0.4433106 -0.2051263 -0.1488570 0.5436985 0.2985817 -0.2980880 0.2242410 -0.0787052 0.2045229 -0.1340267 -0.1499790 -0.1957054 -0.2839702 0.4304864 -0.2695807 -0.2218108 0.2777910 0.4530093 -0.2536051 -0.3606771 -0.3018353 -0.2349068 0.0749427 -0.2357918 -0.1883428 -0.4431288 0.1126679 -0.5017188 0.6070408 -0.3542884 -0.2921253 -0.0735823 0.1896592 -0.2387645 0.4219087 -0.1536643 0.6011788 0.3512295 0.0071831 0.1167459 0.3900185 0.1270868 0.0173823 0.1322690 0.1283617 -0.1683140 0.4586724 0.3528498 0.1546162 0.3610386 0.1680229 -0.1519384 0.3602859 0.3985300 0.5150707 0.2294691 -0.1271897 -0.2318042 0.4909460 0.4603969 0.4157864 -0.1316359 0.2219785 0.3102364 0.5315559 0.5833204 0.1873210 0.2153396 0.4635506 0.1317352 0.4055940 0.3541399 0.0327768 0.0898419 -0.0015524 0.4906453 0.3495857 -0.3054240 -0.2240230 -0.3170128 -0.3744962 -0.4512569 -0.1819949 -0.3055174 -0.1858399 -0.3418119 -0.3186385 -0.1534061 0.1892635 0.0185295 -0.1430778 -0.2076232 0.2110499 -0.1447519 -0.0541728 -0.2168816 0.0212928 -0.3207335 0.1085631 -0.3405512 -0.0454804 -0.2481729 -0.1608089 -0.3154898 -0.1347598 -0.2429607 -0.2167095 -0.3164915 -0.1626842 -0.1580883 0.0145768 -0.2853656 -0.3103600 -0.0498397 -0.2494507 -0.2599201 -0.1133406 -0.1953392 -0.0202704 -0.2214105 -0.1132790 -0.1596483 -0.1957058 -0.2096718 -0.2251338 -0.0244927 -0.2185015 -0.0300408 -0.0194004 -0.1936430 -0.0771172 0.0988207 -0.0202657 -0.1459043 -0.3147470 -0.2206734 -0.3668697 0.2575970 0.3497321 0.4614428 0.1982783 0.2732679 -0.4613551 0.3262177 0.0858092 -0.0522028 0.2305896 0.2350919 0.1676512 -0.1003198 -0.5465605 -0.6253261 -0.5915910 -0.1193829 0.0890630 0.1107741 0.3582313 -0.4241784 0.1931000 0.0059912 0.1915156 0.0597801 -0.3529483 0.0082952 -0.1026603 -0.1583335 0.1319507 -0.2917972 -0.3238135 -0.1419286 -0.0794505 -0.0605240 -0.5125535 -0.2475146 -0.1306397 0.1189950 0.2009623 -0.3630229 -0.2705714 -0.0484584 -0.2542920 -0.3061644 -0.4768303
-0.2754463 0.1466705 -0.0947460 0.6362367 -0.4163525 0.4602523 0.2561129 0.3481069 0.0605239 0.7831111 0.0000000 0.1611777 0.1512534 0.6079531 0.1219819 0.4493855 0.2921962 0.5091053 0.4947747 -0.2004301 0.0795071 0.1141772 0.4640527 0.4009184 0.3983059 0.3820189 0.3508204 0.2549299 0.1581665 0.4245642 -0.2000506 -0.0136778 0.2474180 0.3023107 0.3784746 0.2034735 0.1398653 0.0791955 0.4402347 0.1961663 -0.1776332 0.2414765 0.0598538 0.1761424 0.0003980 0.1973048 0.1552334 -0.1403615 0.2906586 -0.0867127 0.0760179 0.2594081 0.3543804 -0.1707207 -0.0676039 -0.0001276 0.0651432 0.2671049 -0.0184317 0.0670424 -0.2126185 0.3771277 -0.3568296 0.6744846 -0.1173543 -0.0045540 0.3018188 0.4423807 0.0637167 0.7251638 0.1768457 0.4296060 0.6670064 0.0916886 0.4042614 0.6256121 0.2689143 0.2668458 0.3329275 0.2696238 0.0119206 0.3998466 0.4898069 0.5006306 0.6835299 0.3566195 0.0143139 0.4186209 0.5546081 0.6582856 0.2655255 -0.0097901 -0.0984580 0.3895591 0.4415021 0.4630604 -0.0082052 0.2779494 0.4858850 0.3989149 0.6173405 0.2569025 0.4467981 0.3869976 0.3476139 0.4600447 0.4792961 0.2714466 0.4104673 0.1043914 0.4199993 0.5561150 -0.1411306 -0.1779891 -0.3429096 -0.3348408 -0.4292094 -0.2693383 -0.3043872 -0.1791567 -0.2616804 -0.3529101 0.0611264 0.1606636 -0.0035072 -0.0834477 0.0083257 0.4154174 -0.1425219 0.1120740 -0.0186878 0.0928713 0.0152848 0.0107142 -0.3430399 0.0634635 -0.1308451 0.0176314 -0.0834457 -0.1530434 -0.2068277 -0.1470850 -0.1243023 -0.0515504 -0.0706837 0.1187247 -0.0889085 -0.1256196 -0.0756062 -0.1298156 -0.0736639 0.0149410 0.0049285 0.1123953 -0.0098240 0.1529204 0.0445162 -0.1070234 0.0764496 -0.0454019 0.1331974 -0.0799454 0.1635000 0.2234306 0.0034938 0.0242769 0.2770628 0.1848738 0.2468576 0.0561706 -0.0876623 -0.0783137 0.3731023 0.2756717 0.2207384 0.0583977 0.1499115 -0.3258818 0.1597286 -0.0142104 0.0240471 0.1484022 0.2493848 0.1478928 -0.0151120 -0.2684038 -0.4574596 -0.5134005 -0.1655981 0.0373793 0.1335374 0.2587600 -0.4293839 0.3107915 0.0064620 0.1883939 -0.0320348 -0.3937004 0.1499474 -0.1242114 -0.1805076 0.1014816 -0.0071939 -0.1431661 0.0607528 0.1521611 0.1407940 -0.1998107 -0.1155851 0.1371034 0.2373788 0.1412337 -0.1709705 -0.0158759 0.1373107 0.0925954 -0.3917534 -0.3545634
-0.0573882 0.1565797 -0.4496432 0.2338045 -0.3907121 0.5685365 0.7942614 -0.0732858 0.1835604 0.4039579 0.1611777 0.0000000 -0.3556486 0.2426782 0.7899685 -0.3771010 -0.5141173 0.4254877 -0.2255237 -0.3871006 0.9357851 -0.2788495 -0.5672734 0.8239955 -0.3971261 -0.5265601 -0.2342620 0.5315675 0.8716407 0.5879779 -0.4259622 -0.3049397 0.8206478 0.7977428 -0.3774820 0.8558560 -0.5238131 -0.4254284 0.6962388 0.6774316 -0.1181084 0.4202267 -0.1271683 0.7070295 0.0313279 -0.4463402 -0.4217913 -0.3772793 0.7855686 -0.5408498 -0.3823274 0.4092343 0.4422671 -0.0996144 -0.5390408 -0.5023426 -0.5036703 0.1835658 -0.1454052 -0.4135759 -0.4105656 -0.2968733 -0.3703205 0.3184809 -0.4125552 -0.4703721 -0.4869194 -0.2310928 -0.4463732 -0.0536324 -0.4596205 0.5009974 -0.1589414 -0.1266554 -0.1244205 0.1463555 0.4096995 -0.1059339 -0.1083624 0.1516377 -0.1626736 0.5111243 0.0869902 0.2116651 0.3409442 -0.2966426 -0.3788706 0.3598662 0.3026045 0.4710179 -0.2363510 -0.3602029 -0.3333254 0.6184703 -0.1284165 -0.1479662 -0.1755700 0.2343575 -0.1751370 0.6308535 0.4630466 -0.2345399 -0.4231401 0.5671753 -0.1916108 -0.4239146 0.0995678 -0.4724867 -0.3083662 -0.0801925 -0.0166944 0.2340317 -0.4784621 -0.4138416 -0.1249432 -0.3063983 -0.1807099 0.0194112 -0.1145608 -0.0985665 -0.1508087 -0.0854277 -0.4337444 0.2596590 0.0178476 -0.1982635 -0.5086110 -0.2053226 -0.2034768 -0.2869656 -0.3001197 0.0575220 -0.4587615 -0.0752332 -0.2555040 -0.2976166 -0.3202328 -0.2991241 -0.4092587 0.0055428 -0.2990156 -0.1666445 -0.3016151 -0.1330978 -0.2034936 -0.4854411 -0.2727274 -0.2519483 0.1893740 -0.3512121 -0.4916777 -0.1914163 -0.2351953 -0.4877663 -0.2127086 -0.3648513 0.1515822 -0.1425943 -0.0096710 -0.4535828 -0.3242517 -0.4620681 -0.4197709 -0.0923149 -0.3991358 -0.4362613 -0.2470132 0.1628326 0.0084766 -0.6755769 -0.4405456 -0.4350594 0.2308405 0.4419069 0.8817386 0.7188249 0.6809348 -0.2085901 0.6346356 0.1465741 -0.1531488 0.2602736 0.1278775 0.1972694 -0.0455550 -0.5787675 -0.4304011 -0.4839873 0.2648828 0.5534818 0.0771797 0.6280606 -0.0127157 0.0370097 -0.0389872 0.2796265 0.3413480 -0.0928924 0.0646493 0.0494197 -0.1769775 -0.0240615 -0.1205993 -0.4435369 0.0494112 -0.0996984 0.1919026 -0.4070325 -0.1894480 -0.1696410 0.3073589 0.5736878 -0.3306481 0.0363236 0.4577329 -0.3461266 -0.1668839 -0.2918139
0.2352249 -0.1019828 0.9050989 0.5013553 0.5865444 -0.0046349 -0.2332584 0.8944923 -0.0860666 0.0378313 0.1512534 -0.3556486 0.0000000 0.0707785 -0.3332211 0.5699540 0.4081258 -0.1518143 0.7277172 0.6736699 -0.1987869 0.7855249 0.3525705 -0.3482384 0.5341766 0.5841564 0.1018334 -0.5297431 -0.1234021 -0.4860737 0.6216031 0.5806299 -0.2038560 0.1159504 0.5162015 -0.1745909 0.6484119 0.8000285 -0.4081756 -0.4964141 0.6787571 0.3209189 0.1559902 -0.4061225 0.5053417 0.7005112 0.6138942 0.6801842 -0.0416278 0.7043288 0.4005280 -0.1843001 0.3718261 0.1363122 0.7418604 0.7600238 0.7001331 0.0729346 0.3672887 0.3699070 0.5630051 0.4319117 0.3865768 0.3756143 0.4674775 0.6912806 0.4318375 0.6752506 0.7526901 0.4946441 0.4263182 0.1826184 0.5924929 0.6151639 0.6176563 0.5927430 0.3147062 0.5716838 0.7362197 0.6608921 0.5775984 0.1002517 -0.1515682 0.0593086 -0.2098570 0.4530494 0.0924272 -0.0042281 0.1100974 -0.3273220 -0.0798528 0.1573589 0.3957695 -0.0079807 -0.1378344 0.1532295 0.1988217 0.2356149 0.2854613 -0.3933066 -0.2433620 0.2895782 0.4397188 -0.3198487 0.3018289 0.4277971 0.1436330 0.3581212 0.3627381 0.1092386 0.1216339 0.0880359 0.3263247 0.2552870 0.0698300 -0.0014202 0.1069088 0.0278042 0.0712888 0.1650655 0.0377816 0.0495086 0.5804902 0.1519005 0.0897880 -0.0243528 0.1987589 0.0657773 -0.0065447 0.3184915 0.0802846 0.4940985 0.1066276 0.0022237 0.2049190 -0.1534277 0.0453033 0.0880856 -0.0358090 -0.0182220 -0.1539312 0.0686581 0.4159470 -0.0638807 0.0616629 -0.0408856 -0.0945881 -0.0694629 0.0947286 0.1455288 0.2057046 -0.0900360 -0.0319754 -0.2653381 0.0807352 0.1085426 -0.2027282 -0.0701136 0.3606686 0.1222797 0.1656473 0.0142156 0.0571917 -0.0255937 0.0556119 -0.0823899 -0.3010931 0.0727293 0.1568074 0.2689577 -0.0249427 0.2774793 0.1695412 0.1217259 -0.2562519 -0.0687155 -0.0323338 0.2292857 -0.0605119 -0.0522332 0.0326689 -0.1343174 0.0537261 -0.2438398 -0.0254154 0.4520180 0.0872980 0.2143849 0.0991411 0.1113402 0.2207376 0.0588959 -0.5625078 0.2337173 0.1153265 -0.1592543 -0.2717169 -0.3407247 0.6748209 -0.2181334 0.4704182 0.2433545 0.0657602 0.3619696 0.5224258 0.8168823 0.2762378 0.5065541 0.4835737 0.6996350 0.1771148 -0.1987336 0.6766526 0.2326940 -0.0891345 0.7117122 -0.1760648 -0.1193464
0.2715760 0.4102254 0.0411502 0.3842918 -0.0418279 0.4182022 0.0879685 0.2355787 0.3194149 0.6236967 0.6079531 0.2426782 0.0707785 0.0000000 0.4281946 0.4070565 0.4793395 0.6530183 0.3101215 -0.0977569 0.0518141 -0.0838678 0.1935420 0.3802331 0.2608283 0.1886597 0.5477232 0.3970694 0.1530857 0.5547948 -0.0786194 -0.1086658 0.2844767 0.2856877 0.1879641 0.0378838 0.0468830 -0.0657932 0.5725580 0.4084569 -0.0944875 -0.0586443 0.5111923 0.3656682 -0.1505674 -0.0348040 0.0550139 -0.1108486 0.4286249 -0.1104762 0.2256965 0.7125098 0.2935852 0.3159529 -0.2018300 -0.1961690 -0.0088709 0.5597648 -0.1369409 0.1962290 -0.3745892 0.4144048 -0.2880637 0.5544255 -0.1965132 -0.1375201 0.3009444 0.4056708 -0.2204785 0.4626014 0.0972890 0.2420879 0.4464653 0.1329147 0.0197442 0.3811176 -0.0924562 -0.0253907 0.0893603 -0.1247064 -0.2658104 0.1202738 -0.0868127 -0.0252345 0.3744708 -0.1532553 -0.2900906 0.0595867 0.0360361 0.3023689 -0.1046886 -0.2014455 -0.0421002 0.1629018 0.1014896 0.1141334 -0.2179015 0.3803168 0.0186249 0.1330806 0.1840384 0.1491608 0.1342787 0.0731392 -0.0041966 0.0684141 0.5087363 0.0906393 0.1308166 0.3713394 0.2708870 0.5028706 -0.0237329 -0.0216899 -0.1383207 -0.0196525 -0.2186271 -0.0246847 -0.1080602 0.0116155 -0.0803842 -0.1091787 -0.1327911 0.1275922 0.0987769 -0.1269123 0.0143809 0.0630725 -0.0798085 0.0062048 -0.1390559 -0.1655366 -0.2238707 0.1432710 -0.4535050 0.0417859 -0.1684279 -0.2231954 -0.3485289 -0.0451560 -0.3311070 -0.2647785 -0.5783170 -0.0812822 -0.0902680 0.0343655 -0.3396526 -0.4244756 -0.3230686 -0.3027571 -0.2978808 0.0263552 -0.2908767 -0.1351281 -0.2208862 -0.2482042 -0.4411817 -0.2313158 -0.5122934 -0.3088554 0.0036071 -0.3866125 -0.1842159 -0.2221554 -0.1930599 -0.1594288 -0.1160971 -0.3066835 -0.2171106 -0.2973600 -0.2216131 -0.2840609 0.4332095 0.2406226 0.1977231 -0.1208687 -0.1488799 -0.4764236 -0.1695039 -0.4171515 -0.3216909 -0.4078704 -0.0502091 -0.2803395 -0.0926288 -0.3298375 -0.4322775 -0.2624471 -0.3589329 -0.2085296 0.1444297 0.0114380 -0.3466321 0.1142898 0.1014177 0.0338387 0.0811542 -0.5806526 -0.2172759 0.0094849 0.0670417 0.1444499 -0.1045488 -0.2159626 -0.0223530 -0.0998824 0.1173751 -0.2156448 0.0712214 -0.1199344 0.2713926 -0.0072949 -0.2412353 -0.3722839 -0.1065165 -0.0197243 0.0496994 -0.1026164
0.0954343 0.1645487 -0.3503960 0.0869034 -0.3482156 0.5276190 0.6260598 -0.1024915 0.5691993 0.4164347 0.1219819 0.7899685 -0.3332211 0.4281946 0.0000000 -0.3508917 -0.4820580 0.6921664 -0.3096952 -0.4730336 0.6590347 -0.1988293 -0.5930938 0.7492019 -0.4071254 -0.5504475 -0.2731919 0.5447404 0.7051904 0.5547268 -0.4057418 -0.5469880 0.7150004 0.6636937 -0.5415489 0.5982289 -0.6132783 -0.5403150 0.6064122 0.6431558 -0.2020118 0.0984449 -0.1228527 0.5975869 -0.0559633 -0.6317736 -0.5730380 -0.4094389 0.6865255 -0.5887546 -0.5024756 0.4080425 0.3407230 -0.0202366 -0.6079020 -0.6151041 -0.6186692 0.0914869 -0.3748918 -0.5210689 -0.5069806 -0.3314639 -0.3347881 0.2366909 -0.4572566 -0.5768652 -0.4152287 -0.2023812 -0.5900218 -0.1309271 -0.4623385 0.3703809 -0.1431722 -0.2139075 -0.2996386 0.0535124 0.0538127 -0.0933644 -0.1163216 -0.0474673 -0.2193166 0.3275508 -0.1139938 -0.0943535 0.1402226 -0.5210657 -0.2816392 0.3231801 -0.1937290 0.2535960 -0.3321087 -0.3340140 -0.3828689 0.5165147 -0.0988826 -0.1827050 -0.0850324 0.0734897 -0.3601166 0.4980182 0.3779447 -0.3900640 -0.5025183 0.4892677 -0.2335536 -0.4136772 -0.0580268 -0.6309340 -0.3162503 -0.2579133 0.0774988 0.0201804 -0.4987681 -0.4902222 -0.3101962 -0.2755821 -0.3078293 -0.1539865 -0.2733757 -0.2327096 -0.2799402 -0.2592411 -0.3325993 0.1231313 0.0093018 -0.1021717 -0.5740250 -0.2720581 -0.1107258 -0.2811968 -0.2870095 -0.0200355 -0.4595152 0.1115924 -0.1273379 -0.0971805 -0.2014304 -0.1871226 -0.2853972 0.0354899 -0.1600595 -0.0871477 -0.4444257 0.0389507 -0.1427408 -0.3773737 -0.1675726 -0.1409964 -0.0453757 -0.2254397 -0.3739425 -0.0567198 -0.1830490 -0.4514393 -0.1052056 -0.1272907 0.1070853 -0.0790656 -0.2151212 -0.2720631 -0.3420346 -0.3465979 -0.2935961 -0.0545879 -0.3848476 -0.2745840 -0.2618419 -0.2663488 -0.1658127 -0.5633263 -0.5176221 -0.6525471 0.2195897 0.1497924 0.6656990 0.5235217 0.4225779 -0.2583902 0.4229294 0.1019555 -0.1268274 0.1920649 -0.0748302 0.1247306 -0.2954072 -0.5734360 -0.6155114 -0.6288699 -0.0115761 0.3364209 -0.0943196 0.4274429 -0.0631548 -0.0841850 -0.0227147 0.2187845 0.2078083 -0.3147347 -0.1086681 0.1116526 -0.1767220 -0.2224130 -0.2360438 -0.4001613 0.0407141 -0.2034724 0.0378698 -0.5224817 -0.3226202 -0.4379819 0.1287645 0.4208740 -0.2808455 -0.0578629 0.2802463 -0.4190774 0.0129903 -0.0659648
0.3586352 -0.1319529 0.4438329 0.2544648 0.1746161 -0.1753964 -0.2363273 0.5473632 -0.2229274 0.0730231 0.4493855 -0.3771010 0.5699540 0.4070565 -0.3508917 0.0000000 0.7922502 0.1818158 0.8334223 0.4446620 -0.4363421 0.5402323 0.7930122 -0.2718287 0.6834913 0.8327819 0.5964447 -0.1310897 -0.3363859 -0.0905771 0.5358543 0.3598585 -0.2817261 -0.1477349 0.7200063 -0.4798098 0.6689556 0.5060148 -0.1194650 -0.2918749 0.2852661 0.1061038 0.4981640 -0.1290900 0.3224940 0.6704715 0.7275666 0.2272080 -0.1430525 0.4349612 0.6558649 0.2053859 0.1108431 0.2391897 0.4426220 0.5295363 0.6861331 0.5528653 0.1276036 0.6186793 0.2957284 0.6928412 0.0652717 0.3508075 0.3244774 0.5912008 0.8408263 0.7855828 0.5307747 0.8191364 0.6799925 -0.1820688 0.8191043 0.2249984 0.5801538 0.6314770 -0.0002040 0.5278412 0.5899838 0.3151851 0.4016131 -0.0098989 -0.0278540 0.2263066 0.2445475 0.2268740 0.1230392 0.0504451 0.0963772 -0.0641937 -0.1722391 0.0537351 0.3091910 -0.0239383 -0.0577597 0.0677361 -0.1084611 0.2211755 0.3734908 -0.3827983 0.0822550 0.2728495 0.4498574 -0.2095682 0.2489542 0.2959686 0.2895717 0.4970602 0.3799629 0.3068997 -0.0033713 0.3039216 0.3859814 0.1880430 -0.0476895 0.0211072 -0.0275435 -0.0947605 -0.0852818 0.0192481 -0.0229178 -0.1166041 0.5750786 -0.0242773 -0.0606937 0.0934414 0.3744262 0.3268118 -0.0946404 0.2741089 0.0728905 0.2760084 0.1748188 -0.0597986 -0.0659722 0.1485526 -0.0414656 -0.0477100 -0.0405670 -0.0700894 0.0373208 -0.0531661 0.2242570 0.0344134 -0.0356035 0.3024510 -0.0640112 -0.0955047 -0.0968274 0.1451858 0.2481247 0.0682488 -0.0030909 0.2133105 0.2043634 0.1790262 -0.2054772 -0.0359088 0.1389904 0.0919799 0.3039001 0.1177769 0.2771347 -0.0532020 0.2273182 0.1991851 0.1514051 0.1246807 0.1575193 0.3732272 0.1838243 0.4170406 0.5265316 0.1511452 -0.4254947 -0.2046423 -0.2072708 0.1385606 -0.3665092 -0.2299934 0.0476386 -0.3202119 -0.0920853 -0.3016751 -0.1278314 0.3730218 -0.0943015 -0.0110601 -0.3268408 -0.3467283 0.0990844 -0.1854540 -0.4707375 0.3524800 0.0656781 -0.0326316 -0.0854081 -0.5169966 0.3097137 -0.0495960 0.3583616 0.1240320 0.2213864 0.4437596 0.2139069 0.4522288 0.0604735 0.3950499 0.4132564 0.4210379 0.3006974 -0.1590027 0.4267674 0.0835867 -0.1729923 0.6247172 -0.1482692 0.0057415
0.3639193 0.1016248 0.3645021 0.1345889 0.2566016 -0.2311526 -0.5817087 0.3283289 -0.1963987 0.0824692 0.2921962 -0.5141173 0.4081258 0.4793395 -0.4820580 0.7922502 0.0000000 0.0006701 0.5059335 0.3627543 -0.6033905 0.2309104 0.7249471 -0.3972602 0.4897832 0.6627274 0.8243060 -0.1635427 -0.5176016 -0.0598818 0.3812103 0.2892048 -0.4391223 -0.3697555 0.6452249 -0.5814815 0.6154957 0.3392337 -0.1814495 -0.2991801 0.0221207 -0.0622937 0.6663563 -0.2288531 0.0740348 0.5100467 0.5934394 0.1099736 -0.2655868 0.4130829 0.7104873 0.2718826 -0.0164255 0.4005676 0.3274684 0.3786612 0.5846943 0.5397062 0.1573084 0.7124124 0.2101723 0.7345343 -0.0401527 0.2461219 0.3389020 0.4137149 0.7120447 0.6538742 0.3421096 0.5709194 0.6022401 -0.2331889 0.5595167 0.1904335 0.2862979 0.3006755 -0.2547215 0.1452832 0.1858703 -0.1135446 -0.0040407 -0.3211667 -0.1752613 -0.1115237 0.0363786 0.1090423 -0.0340970 -0.2726811 -0.0293253 -0.1774338 -0.0106737 0.0091816 0.4490850 -0.3056964 0.0474453 0.1509096 -0.2980834 0.3251844 0.2812543 -0.4795197 -0.2133127 0.4922782 0.4903517 -0.4834475 0.0830685 0.4268791 0.3946717 0.6078889 0.2736891 0.5412788 0.0477037 0.3177448 0.5453530 0.5418024 0.3055260 0.3723557 0.2643668 0.2512921 0.2657431 0.3204879 0.2914400 0.2347568 0.3076973 0.0109330 0.1199175 0.0890521 0.6183114 0.2218442 0.0409983 0.2801897 0.1217996 -0.1164322 0.1881724 0.1096538 -0.2321543 0.1394089 0.0071524 -0.1034119 -0.1263827 0.0566324 -0.0771974 -0.1023937 -0.1264608 -0.0204473 0.0416521 0.4186935 -0.1654865 -0.2884448 -0.2887119 0.0242631 0.1505646 0.1148385 -0.1029969 0.3309851 -0.0196161 -0.1306591 -0.5687644 -0.0940209 -0.3043408 -0.0288858 0.3732471 0.0232608 0.1285517 -0.2637001 0.2536860 0.2088106 0.1273302 -0.0713024 -0.1710281 0.2718365 0.3564216 0.3801658 0.4052654 0.0972410 -0.5372674 -0.5220368 -0.4855425 -0.0562086 -0.5907189 -0.3812861 -0.0877589 -0.5776452 -0.0168118 -0.3865921 0.0716420 0.3506029 0.0653758 0.2667951 -0.4232295 -0.5355965 0.2551584 -0.4725476 -0.3881992 0.2724100 0.1884301 -0.0353093 0.0598137 -0.3874229 -0.1069946 0.0652185 0.3666703 0.2522451 0.1376851 0.3694589 -0.0663985 0.0725594 -0.0652819 0.2754652 0.4994050 0.2597206 0.2051445 -0.2964860 0.1622735 -0.2857536 -0.4485110 0.3953898 0.1024884 0.1293983
