0.0000000 0.1850354 0.2137106 -0.0865809 0.4570883 -0.1315097 -0.2087214 0.2729008 -0.0659892 -0.0237865 0.0204328 -0.1877064 0.3270932 0.0673772 -0.2218807 0.4086801 -0.0168728 -0.0703707 0.1829042 -0.0627026 0.0279173 0.1622081 -0.1141993 -0.2200740 0.2577566 0.5232150 0.1750168 0.0809611 0.0094061 0.1304519 -0.0255008 0.4430292 -0.1466479 -0.1331648 0.1950497 0.1903820 0.5232921 0.4481204 -0.0408804 0.0684987 0.3541359 0.4361725 0.3187676 0.1594902 0.4654740 0.4423245 0.4548563 0.4546387 0.0230635 0.1890536 0.4695061 0.1460002 0.0275751 0.2203407 0.3671045 0.5080450 0.4330105 0.1233034 0.2843632 0.4653654 0.4211661 0.5705416 0.6323721 0.1185432 0.1982760 0.3319319 0.4856625 0.4896769 0.5788005 0.3709701 0.1482740 0.1483928 0.4506165 0.3217909 0.2735718 0.3458344 0.3320109 0.1128196 0.2656646 0.2799164 0.0435300 -0.1320756 0.2586709 0.3579572 0.2446874 0.2417620 0.4170782 -0.1567518 0.1379420 0.1250810 0.3167109 0.2643362 0.0348811 -0.0349816 0.4128369 0.2812836 0.0376776 -0.1661868 0.3041410 0.1280427 0.3410067 0.2423892 0.2660377 0.0578430 0.0837829 0.4531617 0.2649819 0.2248578 -0.0289190 0.3803812 0.1052778 0.1997428 0.2782177 0.1162146 0.4388214 0.2624737 0.1112879 0.4622139 0.3211742 0.2625155 0.0421479 -0.0019684 0.0214643 0.3267816 0.0699860 -0.0508755 -0.1541548 -0.0144568 -0.1112231 -0.0576400 -0.1138162 -0.0598505 -0.1951533 -0.0303895 -0.0557354 -0.0957967 -0.1326464 -0.3083532 -0.1781297 -0.1413488 -0.1338878 -0.1486327 -0.1186057 -0.1596844 -0.3279831 -0.2118282 -0.2362641 -0.3149451 -0.0468694 -0.1556133 -0.1461217 -0.1255861 -0.0963813 -0.1762478 -0.2588493 -0.1732870 -0.1499561 -0.1701483 -0.0854001 -0.1692714 -0.1584684 -0.1173727 -0.1485561 -0.2963158 -0.1241400 -0.1798477 -0.1612391 -0.0979117 -0.0824953 -0.0901133 -0.0380983 -0.0862610 0.5150393 0.2183847 0.2878028 -0.0447158 -0.2059332 -0.1276695 0.1690249 0.2482683 0.1309767 0.2079759 0.4256981 0.3667029 0.5637287 0.2873808 0.6950878 0.3929246 0.3808423 0.1188526 0.1977518 -0.0244502 -0.2146706 -0.0383795 -0.0417716 -0.0830954 -0.1097667 -0.4718941 0.1722830 -0.0483526 0.0225243 -0.2810529 0.1269126 -0.0386000 0.0905600 0.0795389 -0.2547577 -0.0914117 -0.1001582 -0.4800240 -0.0123003 -0.1346589 0.0433122 -0.2570487 -0.0474027 -0.0138801 -0.0551283 -0.0360354
0.1850354 0.0000000 0.4636396 0.7241178 0.0058734 0.4946441 0.5231075 0.4762182 0.4593562 0.4133403 0.4801482 0.6644416 0.5406291 0.1685775 0.4821014 0.4611966 0.2153439 0.1214008 -0.0260049 0.2756590 0.4442228 0.3333813 0.2618703 0.1406975 0.2168466 0.1026137 0.2978588 0.1144087 0.3938729 0.0462174 0.4417628 0.2214798 0.1997012 0.4233280 0.0923217 0.2342664 0.0526290 0.2526121 0.1461487 0.0852089 0.2842423 0.1893626 0.1197435 0.1828709 0.5030819 -0.0455455 -0.0286971 0.1860230 0.3892352 0.0720302 0.0848436 0.1141759 0.4614110 0.2609199 0.1852901 -0.0067183 0.1039454 0.3474645 0.0772662 0.0858756 0.2441227 0.1453669 0.0599777 0.4393524 0.3691674 -0.0981110 0.0746670 0.2365580 0.0597298 0.4143488 -0.1450449 0.4961898 0.0494100 0.2208262 0.0892294 0.2808724 0.5994964 -0.3939126 -0.4454958 0.3429494 -0.4662658 -0.0212074 0.3090878 0.5827898 0.4173371 0.1864490 0.0665591 0.3445914 0.3308373 0.3676034 0.2799684 0.3065534 0.2050623 0.3071610 0.0571402 0.1682604 0.1407563 0.0670347 0.1555008 -0.0854944 0.2396100 -0.0395825 0.1466250 0.2554839 0.3872772 0.1605848 0.1438514 0.1914514 0.2783310 0.1256198 0.4299836 0.4201345 0.0163655 0.1280578 -0.0439292 0.0126149 0.1237121 -0.2805564 -0.0672570 -0.2328874 -0.3063806 -0.1261088 0.2393043 -0.1387741 -0.2799456 -0.0401686 -0.0054226 -0.0518047 -0.0460056 0.0441255 -0.0432464 -0.3198321 0.1107228 0.0261060 -0.4539770 -0.1127230 0.0436786 0.0381386 0.2343894 -0.0387777 0.0197716 -0.0783247 0.0373131 0.0799199 0.0509616 -0.0346822 -0.0153110 0.0301497 -0.1369050 -0.1064972 -0.0310201 -0.1040982 -0.0137616 -0.0785056 0.0326552 -0.1532477 -0.0010259 -0.1150570 -0.1283848 0.0357848 -0.1948440 0.0981795 -0.0367174 0.2417833 -0.0914275 -0.0959420 0.0783630 -0.1071518 0.3109302 0.3386382 -0.1811286 -0.1873446 0.2575818 0.5191606 0.5142329 0.5149707 0.2126836 -0.0693433 0.0442220 -0.1630991 -0.0735665 -0.1049625 -0.0585017 -0.2315804 -0.1821055 -0.1413067 -0.1547820 -0.0550351 0.2891734 0.5575555 -0.0231815 0.4847911 0.1671683 -0.2748262 -0.1043159 -0.1061872 -0.1141675 -0.0097136 -0.0228084 -0.0244567 0.1654568 0.1751072 0.0862031 -0.0312338 0.3440533 -0.0905896 0.1826977 -0.0372208 0.0404578 -0.1101900 -0.0359632 -0.2546591 0.3064505 0.0498739 0.2374710 0.0196601 0.3304150 0.0507237
0.2137106 0.4636396 0.0000000 0.0945645 0.5117789 -0.0798203 -0.0830338 0.0838959 0.1323269 0.0174171 0.0810844 -0.0673020 0.2153119 0.1475158 0.2078285 0.5826902 0.1436652 0.2365648 -0.1615781 0.0792831 -0.2166072 0.0053745 0.1797328 0.2001290 -0.2128148 -0.0209936 0.1902927 0.1726261 -0.0100468 0.1606936 0.1168818 -0.0342790 0.0234342 -0.0107309 -0.0358257 -0.2128571 -0.1377247 -0.0160636 0.0988891 0.1698954 0.1134864 -0.1744308 0.3998174 0.0332382 0.0394860 -0.1475981 -0.0521741 0.0208133 -0.0108023 -0.2087379 0.0307891 0.2474695 -0.0452938 0.1712474 -0.0210211 0.0218559 0.1114227 0.1380240 0.1422997 0.0242856 -0.0588280 0.1273705 0.3247248 0.0417759 -0.0362125 0.1113760 0.0863319 0.0654179 0.4761181 0.0139975 0.2769183 -0.0551041 0.0307013 0.3603647 0.3867153 -0.2014459 0.2351165 0.2422873 -0.0388319 0.1242888 0.1887914 -0.5702732 -0.1115937 0.1846112 0.2821659 -0.2211267 0.1945152 0.0595391 -0.1173699 -0.1038902 0.0153986 -0.0152126 -0.0711448 -0.1917061 -0.0110629 0.0081722 -0.0787387 -0.1496636 -0.0208943 -0.3593812 -0.1980246 -0.2963862 -0.2397275 -0.2515735 -0.0285971 0.1461673 -0.2048992 0.3783453 -0.1090073 0.2776876 0.1439247 0.0200753 0.4004141 0.5393328 0.1454657 0.4714006 0.5998232 0.0237900 0.4806376 -0.3625333 0.0508336 0.4284261 0.0288727 -0.2655015 -0.3998519 -0.3274795 0.0101007 0.0759280 -0.3873946 -0.1310321 -0.2376733 -0.1260959 -0.3752407 -0.3742610 -0.1624844 -0.0841915 -0.3969971 -0.3606196 -0.2584776 -0.1753672 0.1523590 -0.2204368 0.1331377 -0.0329859 -0.0922877 -0.1672880 0.1543419 0.2003331 0.0665267 0.0213782 0.1392269 0.0745770 -0.1207255 0.1397501 0.2969396 0.0572227 0.0851802 0.2049698 0.0564771 0.1992384 0.1395559 -0.0739489 0.1024260 0.2761921 0.1260458 0.1185177 0.1687597 0.2025241 0.2673242 0.0305303 0.1404773 0.0544489 -0.0153444 0.2665384 0.1411544 0.0648217 -0.0078604 0.0746606 -0.1600059 0.0330502 0.0619713 -0.1072035 0.0558036 -0.0868850 -0.1446771 0.3700746 0.1957366 0.3981166 0.4350051 0.2181673 -0.4390463 0.5015807 0.1262164 -0.5508675 -0.4300802 -0.4102675 -0.3164046 -0.1923468 0.0723159 -0.2668336 0.2052000 0.1564207 0.0707599 -0.1239920 0.3730167 0.4798141 -0.1288229 0.1338779 0.4768326 -0.1237178 -0.2930279 -0.4107607 0.5298235 0.1630981 -0.0278275 0.3653159 0.4856491 0.0461428
-0.0865809 0.7241178 0.0945645 0.0000000 -0.2616537 0.5463576 0.4807723 0.6666877 0.4307916 0.4818670 0.6049623 0.6261480 0.5013092 0.1775799 0.3935594 0.2531199 0.2071688 0.0421285 0.2190852 0.4041473 0.5383766 0.5007368 0.2562862 0.1400336 0.4039432 0.1522354 0.3345783 0.0635157 0.4759323 0.0494472 0.6044768 0.2145262 0.1876714 0.5268235 0.2250357 0.2571274 0.0690707 0.1312944 0.0582242 -0.0113553 0.2154367 0.1313605 -0.1247878 0.1776107 0.2812869 -0.0557147 -0.0825428 -0.1045793 0.4258287 -0.1556970 -0.0284782 -0.1961224 0.5546279 -0.0316517 -0.1166664 -0.2116353 0.0078346 0.2878894 0.0525297 0.0100844 0.4002044 0.1466609 -0.3325916 0.5699175 0.4846539 -0.1655113 0.1499012 0.2524075 -0.2708483 0.6005438 -0.2500992 0.5884387 0.0379139 0.1976203 -0.0287654 0.4108124 0.5793267 -0.4070618 -0.4184650 0.1530536 -0.5941480 0.1147761 0.0305231 0.1977111 0.0757776 -0.1047880 -0.2761822 0.1575300 0.0558894 0.0774766 -0.0571610 -0.0834856 -0.0671197 0.2691984 -0.2300048 -0.1979757 -0.1486669 -0.0893449 -0.0532281 0.2663918 0.2789155 -0.2736369 -0.0796094 0.1622992 0.2096734 0.0017408 -0.1774241 -0.2540894 0.0381199 -0.3037002 0.3371964 0.0565463 -0.0814020 -0.2066656 -0.3326883 -0.3003780 -0.1264481 -0.2950699 -0.3175742 -0.2326060 -0.3135336 -0.2248143 0.1852679 -0.2598446 -0.3206911 -0.1274120 -0.0902949 -0.0233300 -0.1933444 0.0115441 -0.1746625 -0.3092017 -0.0237876 -0.0392742 -0.3514136 -0.2733232 -0.0771320 -0.1147534 -0.0093701 -0.2609682 -0.0186808 -0.2382587 -0.0127718 -0.2302593 -0.1055807 -0.2426272 -0.0591896 0.0503761 -0.0271949 -0.2756485 -0.2940297 -0.2814028 -0.1403570 -0.0890956 -0.0022175 -0.3266953 -0.0424556 -0.0738055 -0.0529980 -0.2597176 -0.1058214 -0.1686213 -0.1473352 -0.0351655 -0.0984121 -0.0927131 -0.0120024 -0.0526555 0.0201912 0.0245774 -0.0755298 -0.1160902 -0.1063351 0.1546176 0.2359718 0.1075998 -0.0126630 -0.2871582 -0.0332799 -0.5040339 -0.2225382 -0.3230138 -0.2510936 -0.2736716 -0.0574109 -0.2601891 -0.3892049 -0.2061541 0.1069376 0.3483598 -0.1380726 0.1869085 -0.1126796 -0.3960846 -0.1982035 -0.2180563 -0.2221162 -0.1361667 -0.3237064 -0.1718008 -0.0605938 0.3905373 -0.3156963 -0.3599041 0.0922013 -0.2501734 -0.0578100 -0.1112902 0.0647460 0.1187758 -0.2298738 -0.4475513 -0.1164197 -0.2927331 0.0893056 0.1160382 0.1909214 0.0889005
0.4570883 0.0058734 0.5117789 -0.2616537 0.0000000 -0.0195476 0.0809728 -0.0745100 -0.1239111 -0.3450037 -0.3051332 -0.6214114 -0.0489804 -0.2641208 -0.2221247 0.4451556 -0.3521591 -0.0429651 -0.1784616 0.1376670 -0.5033391 -0.0967934 -0.3225906 -0.1450439 -0.1593780 0.0018423 -0.2928551 -0.2139238 -0.3703161 -0.1978202 -0.0235558 0.4033101 -0.3300357 -0.5079899 -0.1118900 -0.3285726 0.0913993 0.1004262 -0.3951505 -0.2371673 0.1960749 -0.2102079 0.0596353 -0.3132876 0.0062070 0.0619078 0.2168373 0.2794187 -0.4031713 0.0667952 0.1447929 -0.0091152 -0.4159473 -0.0915540 0.3016152 0.3077860 0.2481364 -0.2132429 0.1656278 0.0636482 -0.0381639 0.2069602 0.7863240 -0.3415131 -0.3813449 0.4209677 0.1169413 0.0786832 0.5887200 -0.1386724 0.4738839 -0.3116050 -0.0290576 0.2383354 0.4331764 -0.2954626 0.0057533 0.4490352 0.2388078 0.2542913 0.3796082 -0.1992294 -0.2362613 0.0956905 0.2052302 -0.0399364 0.3019693 0.1296193 -0.0514873 0.0020522 0.1866339 0.1093419 0.0060966 -0.1451728 0.2416669 0.1340023 -0.0754394 -0.2603851 0.2172930 -0.1009380 -0.0322314 0.0341762 -0.0213536 0.0626995 0.0651780 0.2208026 0.0743638 0.3815209 0.0244376 0.4182215 0.1244694 -0.0012184 0.1098262 0.3242961 -0.0166493 0.2616063 0.2351241 0.0544791 0.3424830 -0.1759351 -0.0541851 0.1810536 0.1065239 -0.2600833 -0.1905101 -0.1982782 -0.1015871 -0.0491342 -0.1996378 -0.1913382 -0.1243777 -0.1593135 -0.1948907 -0.5324884 0.2103764 -0.0250427 -0.1659077 -0.2437188 -0.0765169 -0.2728387 0.0068910 -0.2315730 -0.0992134 -0.0006899 -0.0680638 -0.1467145 -0.2884199 -0.3031668 -0.1379875 -0.1454200 -0.0638973 0.0983679 -0.1914902 -0.0690577 -0.2515229 -0.0248057 -0.1819799 -0.0823012 -0.1565729 -0.0505687 -0.1901597 -0.1604156 -0.1348418 -0.0649060 -0.2358210 -0.1702114 -0.1723142 -0.1370055 0.0108188 -0.1818725 -0.1095884 -0.2108952 0.2615926 -0.1591941 -0.2727328 -0.3455538 -0.3887854 -0.0123189 -0.2246814 0.1396980 0.4281927 0.0600442 0.1626326 0.0897787 0.0224289 0.3205567 0.7636037 0.9159690 0.4149169 -0.4115251 -0.3002875 -0.0539600 -0.1655774 -0.4105269 -0.2770820 -0.3194448 -0.2239837 -0.4987507 -0.0992158 -0.1569036 -0.1388409 -0.2506486 0.0570135 -0.1489579 0.2122918 0.4496866 -0.1731548 -0.0435252 0.1771820 -0.5456346 -0.2635721 -0.3304736 0.3960071 -0.0723491 -0.2625954 0.2267780 0.1580731 -0.3060648
-0.1315097 0.4946441 -0.0798203 0.5463576 -0.0195476 0.0000000 0.6323102 0.6017615 0.7799786 0.6045770 0.4840194 0.2765768 0.5036960 0.4092597 0.3366354 0.2732197 0.2789996 0.3147804 0.1062155 0.0335358 0.1716524 0.3224201 0.2410142 0.2193678 0.2753657 0.1256265 0.2483612 0.2716965 0.3223088 0.2674969 0.3303854 0.2955571 0.4109469 0.4335285 0.2842419 -0.0180296 0.1392483 0.3340212 0.2674280 0.3054339 0.2491782 -0.0165683 0.0828244 0.4552476 0.3576251 0.1748259 0.2287782 0.2649391 0.6017848 0.2289219 0.2632257 0.2322934 0.5942532 0.3845246 0.4335833 0.2077528 0.2171562 0.5323917 -0.4169335 0.2207822 0.2418982 0.1617366 0.0265701 0.4994691 0.4050188 0.2617866 0.0604379 0.3821702 -0.0372676 0.4555019 0.1791587 0.5036531 0.2146047 0.1345213 0.2474617 0.4280714 0.4393590 -0.0663859 -0.1963032 0.2652795 -0.1280431 0.5407849 0.2746955 0.2332735 0.0023851 0.3275646 0.2283191 0.0271585 0.4320495 0.5371636 0.5126140 0.4956279 0.6165678 0.2728869 0.3589595 0.0318368 0.4560499 0.3617641 0.4699776 0.0792204 0.4341142 0.2674272 0.4105382 0.7105706 0.4674605 0.2310569 0.3822332 0.0751593 0.4947871 0.2466085 0.7267519 0.4229544 -0.4647562 -0.0577913 -0.2550567 -0.2316689 -0.1825814 -0.3611003 -0.2568090 -0.1820729 -0.3368291 -0.2953703 -0.1669551 -0.1260173 0.0027349 -0.0569124 -0.1317438 -0.2948657 0.1503646 -0.0496911 0.0206580 -0.3502652 0.2724844 -0.1326551 -0.5043635 -0.3881335 0.1596499 0.2037141 0.3384391 -0.1558353 -0.2347776 -0.0743772 -0.1548263 0.0643024 0.1497751 -0.0565521 -0.2236094 -0.1995739 -0.3526020 -0.3153053 -0.2331820 -0.2417240 -0.1629750 -0.1935286 -0.1463990 -0.2878916 -0.2521955 -0.2246030 -0.3131913 -0.2491391 -0.1698090 -0.1357513 -0.2976011 -0.2040195 -0.2088328 -0.3237716 -0.1639878 -0.2346510 -0.0097256 0.0061340 -0.1608600 -0.1977691 0.2285531 0.1958476 0.1778656 0.1248664 0.0347870 -0.1009587 -0.1316975 -0.1213498 0.1761165 0.0090977 -0.2955835 -0.3835143 -0.3071644 -0.0997814 -0.0616973 0.0368422 0.1460943 0.0590628 -0.0737869 -0.0983078 -0.0832570 -0.2230803 -0.0560562 -0.0892052 -0.1757194 -0.1554649 -0.0362689 -0.0656730 -0.0595279 -0.1426893 0.1452945 0.0624742 -0.0036830 -0.0945956 0.0691795 -0.2059113 0.1518876 0.0630576 0.1892429 -0.1183415 0.1445911 -0.0953160 -0.2958645 -0.3611383 0.0662817 -0.0861918
-0.2087214 0.5231075 -0.0830338 0.4807723 0.0809728 0.6323102 0.0000000 0.1506695 0.5079330 0.2698962 0.1038967 0.3912807 0.0931615 -0.0501725 0.4881600 0.0145831 -0.1858757 0.1972888 -0.1624534 0.4015802 0.1647159 0.0663218 -0.0603758 0.2047171 0.0626726 -0.1467910 -0.1497213 -0.0618926 0.2338555 -0.2285707 0.3206655 0.2104160 0.2587331 0.2113209 -0.1609123 -0.0052663 -0.1432463 -0.0097706 -0.3177442 -0.3243939 0.1505797 -0.0660660 -0.4475254 -0.1529208 0.1814499 -0.1183813 -0.1554178 0.0813798 0.1021250 0.2558366 -0.1923627 -0.2097340 0.0686321 -0.1582549 0.2124314 -0.0887477 -0.1346454 -0.1452407 -0.1346295 -0.2422561 -0.2154087 -0.1318247 0.0405530 -0.0566124 -0.1752753 -0.1495809 -0.2048352 -0.0768492 -0.3167138 -0.0319031 -0.1176069 0.1052731 -0.3409446 -0.2341298 -0.1616160 -0.0714804 0.0678629 -0.4231217 -0.5703237 0.3787403 -0.3820010 0.3299408 0.0484545 0.2336981 0.2389048 0.1734541 -0.1641857 0.5296297 0.1736099 0.2191076 0.1846039 0.2558572 0.2166410 0.3997962 -0.0318944 0.0904421 0.0318539 0.0259921 0.1137119 0.0458617 0.1703155 0.2017425 0.1323551 0.6273919 0.4736199 -0.1212738 0.3113543 0.0086057 0.4178687 -0.0412971 0.3250105 0.3493981 -0.2898392 -0.1330486 -0.4634126 -0.2034778 -0.1547007 -0.6946113 -0.3221014 -0.1562971 -0.3582737 -0.3211654 0.3462025 -0.2874558 0.0161073 0.3198761 -0.0187981 -0.3272795 0.4358296 0.0846207 0.3028663 -0.4464119 0.3134873 0.1854726 0.0501960 0.1900193 0.5417630 0.5509012 0.6323415 0.1467873 0.1678204 0.2561626 -0.1150644 0.4443644 0.5714967 0.4017273 -0.1442144 -0.1400645 -0.2354025 0.0433162 0.0551677 0.3367000 0.2584942 -0.0074542 -0.3263321 0.1569296 -0.1882283 -0.1245000 -0.3695329 0.0233996 -0.3546164 0.2847400 0.0611559 0.1356373 -0.3182282 -0.0678200 -0.0632160 -0.4219991 0.0089800 0.2787081 -0.4022941 -0.5354825 0.2219701 -0.0338725 -0.0188629 0.1602983 -0.1099989 -0.1019471 -0.2608882 -0.3427197 -0.0436473 -0.2779162 -0.1973877 -0.3565447 -0.4031928 -0.3795911 -0.0978785 0.0860573 -0.1438714 -0.0971854 0.0098770 0.1266315 0.0972185 -0.1302417 0.2150240 0.1686571 0.0821005 0.1264247 -0.1484336 0.2485310 0.1637832 0.0827374 0.0892207 0.0572675 0.2198935 -0.0722150 0.4133721 0.1561292 -0.0346658 -0.2283042 -0.0008530 0.0875739 0.1072702 0.2092526 0.1426138 0.0900523 0.0313398 0.1245428
0.2729008 0.4762182 0.0838959 0.6666877 -0.0745100 0.6017615 0.1506695 0.0000000 0.5062479 0.5729177 0.7113336 0.2066848 0.8574928 0.4760898 0.0124021 0.5725919 0.5468471 0.0789782 0.6691661 0.0995649 0.2689383 0.6704866 0.4552413 -0.0964387 0.7601555 0.7448358 0.6868519 0.2841626 0.1371336 0.5092816 0.4018527 0.5203412 0.1388366 0.3169288 0.6805046 0.1504761 0.6245148 0.6821141 0.4825311 0.4810687 0.4857931 0.0742927 0.4599599 0.5720479 0.1945919 0.5958057 0.5696627 0.3897368 0.6033750 0.1907955 0.5753099 0.3098894 0.6318227 0.4664694 0.3655036 0.4594267 0.6120302 0.6628254 0.0493764 0.6002728 0.6766948 0.6086105 0.0297156 0.7998945 0.7457425 0.3580196 0.6194827 0.7277758 0.2204935 0.9246478 0.1541361 0.7491680 0.6168713 0.5009110 0.4047564 0.6840976 0.7347266 -0.0480933 -0.0629987 0.1068507 -0.2831674 0.3869854 0.4079829 0.3135192 -0.0152880 0.1997890 0.2593792 -0.3598308 0.2282315 0.3167743 0.3301886 0.2493251 0.2613965 0.1092356 0.2150937 -0.1372444 0.1587963 0.0504896 0.2692312 0.1025772 0.4910690 0.1320611 0.2868724 0.2826573 0.2430071 0.2566210 0.1862357 -0.1323871 0.2141089 0.0390691 0.4949763 0.3381207 -0.0938554 -0.2115825 -0.1149770 -0.1518702 -0.1347807 0.0331970 -0.0897115 0.0505150 -0.1756424 -0.1922376 -0.0560212 0.1381485 -0.0526332 -0.0027156 -0.1270282 -0.1818177 -0.0682822 0.0510353 -0.0768530 -0.3286614 0.0395396 -0.0142277 -0.6380870 -0.3008437 -0.0945515 -0.2264759 -0.0653592 -0.2696729 -0.3606091 -0.2777266 -0.2429384 -0.2173617 -0.2523249 -0.2567231 -0.1961852 -0.2055718 -0.3551596 -0.3039118 -0.2263208 -0.3867654 -0.1461016 -0.3216771 -0.1459339 -0.4152764 -0.2082130 -0.2626334 -0.2146957 -0.1781904 -0.1775391 -0.1998766 -0.3022136 -0.3096587 -0.1728533 -0.3631750 -0.2116208 -0.2439577 -0.0552372 -0.0451791 -0.1229496 -0.1755707 0.1658477 0.2277610 0.2595532 0.0394960 0.0566229 -0.0899736 0.1567016 -0.0747713 -0.0383223 0.0168628 -0.0106520 -0.1204965 0.3821450 0.1876715 0.0223377 -0.0927525 0.3051882 0.3173790 0.0631341 -0.0023525 -0.2293263 -0.2510343 -0.0101669 -0.0764894 -0.1431980 -0.2937038 -0.0052074 -0.0603198 0.0971983 0.1915148 0.0330792 -0.0308555 -0.1752631 -0.2463279 -0.2432711 -0.3164781 0.3071288 0.3209083 0.1534265 -0.3295022 -0.1527786 -0.4344957 -0.2378231 -0.2256029 0.0385848 0.1905825
-0.0659892 0.4593562 0.1323269 0.4307916 -0.1239111 0.7799786 0.5079330 0.5062479 0.0000000 0.7869936 0.4013514 0.2827791 0.5274384 0.7287609 0.6457520 0.2090790 0.3671789 0.7091107 0.0671405 -0.0084197 0.0133072 0.2642514 0.3241725 0.6532508 0.1065161 0.1858798 0.4383137 0.6506262 0.5802371 0.5077887 0.2977321 -0.0008370 0.8260060 0.6813598 0.2749249 -0.2175015 0.0382217 0.2047953 0.3208980 0.4628597 0.2668270 -0.0000811 0.2387309 0.6831003 0.3239121 0.1576785 0.1297164 0.1835966 0.7581893 0.1303901 0.2715295 0.4110379 0.5589651 0.4791365 0.3050021 0.1806324 0.1526797 0.5274726 -0.5043233 0.2433643 -0.0094616 0.3138704 0.0460509 0.3998952 0.2801022 0.1592080 0.1610236 0.4776965 0.0244162 0.3732415 0.1810130 0.3135649 0.3042272 -0.0657170 0.1850264 0.3429442 0.2043609 -0.0612840 -0.2993609 0.2435821 -0.0148997 0.1703593 0.2930480 0.1639228 0.0341190 0.2138907 0.1979932 -0.0674357 0.2246058 0.2582394 0.3641166 0.3814689 0.5741404 0.1186433 0.2700971 -0.0139503 0.3827745 0.4147342 0.3836397 -0.0474210 0.3836147 0.2462040 0.3252047 0.5624069 0.4020336 0.3115727 0.3344678 0.1611177 0.3112553 0.2777293 0.6597732 0.4085726 -0.0439992 0.2005881 0.0589065 0.2152951 0.2236297 -0.2555931 0.1174043 -0.1321889 -0.0287292 0.0015685 -0.3217454 0.0312934 0.1556847 -0.0667136 -0.0636099 -0.3599470 0.1749759 0.0380723 0.1264155 -0.3164336 0.0003645 0.0751396 -0.3810029 -0.2614649 0.1928032 0.2663793 0.2693312 -0.0728233 0.0145339 0.0785744 -0.0902116 0.1268294 0.3930047 0.0595387 0.1141600 0.1147044 -0.1407460 -0.1077972 -0.0556627 0.0555560 0.0738259 0.0217827 0.0217613 -0.0580495 -0.2198738 0.1041413 -0.2982357 -0.1650041 0.0955198 -0.0536858 -0.0399246 -0.2510076 0.0294383 0.0120125 -0.0007182 -0.0901900 -0.1274493 -0.0035975 0.0325471 -0.1487346 0.2302154 0.3435843 0.3586108 0.1211534 -0.1415563 -0.2180908 -0.4014770 -0.2812363 -0.1892288 -0.2726203 -0.3406339 -0.4475803 -0.3161696 -0.0283000 -0.0251134 -0.0796652 -0.0921801 0.1315111 -0.1908366 0.1297321 0.0447142 -0.3365918 -0.1236136 -0.1608985 -0.3703725 -0.1589411 0.2275986 -0.1696008 0.3028868 -0.0764582 0.2282896 0.0856414 0.1699287 0.2016862 0.0177300 0.1259756 0.3748979 0.0551406 0.0750075 -0.0526626 0.1488172 0.1017705 -0.2452305 -0.1272545 0.1897476 0.3234034
-0.0237865 0.4133403 0.0174171 0.4818670 -0.3450037 0.6045770 0.2698962 0.5729177 0.7869936 0.0000000 0.7128085 0.3742917 0.7197566 0.8377283 0.3101176 0.2995209 0.7128791 0.3857877 0.1860024 0.2275883 0.0832819 0.5994151 0.6343514 0.3801975 0.2631808 0.3650147 0.7534626 0.4851215 0.4199823 0.5281862 0.4743009 -0.0181128 0.6088228 0.6834262 0.3469006 -0.1695340 0.2201240 0.3743445 0.5782505 0.6266003 0.3680001 0.1099590 0.4136548 0.7635253 0.2037899 0.2470412 0.1842749 0.2925553 0.8749843 0.3031998 0.3093408 0.5762368 0.7352512 0.5932607 0.3243763 0.2636939 0.2568273 0.6985538 -0.5584706 0.3336855 0.0610485 0.3978075 -0.1358255 0.6887986 0.5240138 0.0668612 0.2379840 0.5967897 -0.0570150 0.5495451 -0.0165014 0.5852268 0.4599344 -0.0386579 -0.0207238 0.5646934 0.2930753 -0.3081212 -0.4549710 0.0086274 -0.2913956 0.0739683 0.3975549 0.0837954 -0.1322418 0.2211185 0.0124693 -0.3470199 0.1675437 0.1243928 0.2014105 0.2604393 0.3871507 -0.2021896 0.1697542 -0.0815080 0.1520989 0.2306007 0.2550452 -0.2111210 0.2584140 0.2073319 0.3386003 0.1792547 0.0282641 0.1814263 0.2488194 0.1082323 0.1159174 0.1474907 0.2664226 0.2759687 0.0649774 0.1044593 0.0940508 0.2234162 0.3218378 -0.0807991 0.1854564 0.0141472 0.2573692 0.1946071 -0.2874275 0.3024943 0.2246689 -0.0053789 0.2456210 -0.3790074 0.0785866 0.2958818 0.2021079 -0.3350097 0.1375434 0.2837756 -0.5379047 -0.1075988 0.1907695 0.1419332 0.1561988 -0.1763865 -0.1719814 -0.0953446 -0.0445624 -0.0888144 0.2903350 -0.0509974 0.1026575 0.1005411 -0.1949121 -0.1784658 -0.1536512 -0.0434223 -0.0377438 -0.1683016 -0.0968003 -0.2159393 -0.2249173 -0.0197243 -0.3155050 -0.1836119 -0.0302440 -0.1472823 -0.1142453 -0.2249913 -0.0638190 -0.0274525 -0.0746471 -0.1967444 -0.0819844 -0.0173791 -0.0842255 -0.1956989 0.1308005 0.4255660 0.5992630 0.3399855 0.1291934 -0.2326740 -0.1998643 -0.2864074 -0.3532262 -0.1802826 -0.3377143 -0.3887328 -0.1832923 -0.0525198 -0.1804738 -0.4120239 -0.2159034 0.3438728 -0.1054657 0.2351113 0.1312337 -0.2291881 -0.0650135 -0.1063086 -0.2509303 0.0522569 0.1724444 -0.1406403 0.4838083 0.1268180 0.2757181 0.3179694 0.1404150 -0.1049016 -0.2196122 0.1423370 0.2861876 0.2783465 0.2213158 -0.0956132 0.0004877 -0.1944074 -0.4025316 -0.0825175 0.3838239 0.5187394
0.0204328 0.4801482 0.0810844 0.6049623 -0.3051332 0.4840194 0.1038967 0.7113336 0.4013514 0.7128085 0.0000000 0.5180081 0.7586707 0.6534044 0.0258412 0.4497038 0.8147368 0.1099005 0.5112027 0.1921414 0.3975775 0.7209129 0.8611982 -0.1025436 0.6157366 0.4909193 0.8104999 0.3726284 0.0484139 0.6048360 0.5368823 0.3221252 0.0803846 0.2934016 0.6063517 0.2089278 0.5104805 0.5676669 0.6057036 0.6052006 0.5459939 0.1706396 0.4708781 0.5222461 0.1823889 0.4471411 0.4358706 0.3466230 0.5791616 0.2669786 0.4175460 0.3501323 0.6351000 0.4220886 0.2734361 0.3709161 0.4826440 0.5856770 -0.3851341 0.4943761 0.4134187 0.3896756 -0.3032975 0.8057757 0.6675698 0.2679020 0.4644086 0.4720485 -0.0737733 0.6553115 0.1847256 0.7544214 0.4938091 0.1860401 0.1687896 0.5551419 0.5408170 -0.1487920 -0.2728241 -0.0821558 -0.3470324 0.2208040 0.3237494 0.1976169 -0.2222396 0.3223337 -0.0050343 -0.4631966 0.2135616 0.1944716 0.1248519 0.0649340 0.1048451 -0.0909864 0.0594542 -0.3939718 -0.0417977 -0.0414245 0.0294011 -0.2233904 0.0522685 0.1331559 0.2808235 0.0499687 -0.2437417 -0.1112307 0.1988993 -0.1950653 0.2038015 -0.1424099 0.2366141 0.3059784 -0.2612776 -0.3018544 -0.1404598 -0.1878006 -0.1095215 0.0247908 -0.1014653 0.1460481 -0.0974549 -0.1634343 -0.1537949 0.2787437 0.0483627 0.0158113 -0.0319822 -0.4218449 0.0007556 0.0165080 -0.0869513 -0.5801268 0.1541418 0.1564524 -0.8129099 -0.2779672 0.0252376 -0.1115980 -0.0532724 -0.1699710 -0.5158446 -0.2691626 -0.2822330 -0.0988636 -0.1495711 -0.1114169 -0.2600816 -0.1760923 -0.4638337 -0.3032413 -0.2380116 -0.4032861 -0.3261246 -0.4327969 -0.2199403 -0.3773075 -0.3263060 -0.4417810 -0.3630734 -0.1006215 -0.3504986 -0.1715743 -0.4182225 -0.0025390 -0.3794391 -0.4621197 -0.3705707 -0.3197967 -0.1016635 0.0008093 -0.3605802 -0.2702316 -0.0558087 0.2424881 0.5275019 0.4389966 0.4677070 -0.0771254 0.3023173 -0.0109662 -0.1637510 0.2001733 -0.1423766 -0.1452083 0.0969537 -0.0981998 -0.3552607 -0.4677180 0.0270419 0.3700406 0.1708515 0.1538414 0.1776731 -0.1461546 0.0056200 0.0379824 0.0354096 0.0471017 0.0207738 0.0629114 0.2545944 0.1275939 0.1385579 0.2618008 0.1899912 -0.3726584 -0.1027959 -0.0690456 0.2681214 0.3445452 0.2248602 -0.1360276 0.1629671 -0.2477205 -0.2794422 -0.2018939 0.1820132 0.2116595
-0.1877064 0.6644416 -0.0673020 0.6261480 -0.6214114 0.2765768 0.3912807 0.2066848 0.2827791 0.3742917 0.5180081 0.0000000 0.2318235 0.1938347 0.5055796 -0.0551151 0.2492645 0.1790739 0.0980119 0.0464813 0.8100070 0.1489344 0.3670748 0.1492352 0.2547429 -0.0726180 0.2334482 0.2630383 0.4805267 0.1298274 0.2400528 -0.0502954 0.2835788 0.4723647 0.0838987 0.5551611 -0.0707626 -0.0080183 0.1885429 0.0692277 0.0532612 0.3346260 -0.1091641 0.1551917 0.3684314 -0.1085636 -0.1804277 -0.1462036 0.3196424 -0.0663128 -0.1060759 -0.1422600 0.4100221 0.0404192 -0.1767013 -0.2664643 -0.1869304 0.1364216 -0.1047898 -0.0488466 0.1165671 -0.1377933 -0.5465269 0.3241163 0.2959987 -0.3577252 -0.0911588 -0.0991154 -0.4884369 0.1865740 -0.3423749 0.4411259 -0.1179277 -0.1597604 -0.3154854 0.2121630 0.2924781 -0.5213860 -0.4218757 0.1756080 -0.5046325 0.1489398 0.2998314 0.4113407 0.2247127 0.2609287 -0.1881639 0.2851071 0.3047740 0.2621864 0.0165908 0.0211797 0.0495730 0.4785978 -0.1612963 -0.0794029 0.0594200 0.1492237 -0.1496785 0.0414507 0.0725767 0.0178885 0.1192424 0.1817138 0.1174685 -0.2058730 0.1421460 -0.1830305 0.2883576 -0.2744662 0.1941253 0.3699970 -0.2276741 -0.2523242 -0.0906968 -0.2507973 -0.2322732 -0.2234994 -0.3360081 0.1239248 -0.3103758 -0.3736520 0.1682750 0.1248207 0.0088643 0.2253648 -0.0310233 -0.1077689 0.2729754 0.0533062 0.0571331 -0.2886208 0.2543633 0.4491831 -0.3869723 -0.0563835 0.2691612 0.3366236 0.3008142 0.3256064 0.0084298 0.2471702 -0.0333522 0.2580344 0.1370429 0.2424460 0.0650060 0.1465797 -0.0587007 0.1106188 0.0458065 -0.0951965 0.1559074 -0.0325030 0.0926497 -0.0090080 0.0037031 -0.1618410 -0.0868001 0.0926254 -0.1683724 0.3101087 -0.0140715 0.2987402 -0.0609975 -0.0767812 0.0221416 -0.0415000 0.0897991 0.4065349 -0.1999837 -0.0694815 -0.0591789 0.3243037 0.4829011 0.6235971 0.4662791 -0.0574649 0.2954991 -0.1353462 -0.3237349 -0.0291578 -0.0743909 -0.1389595 -0.1434575 -0.5141131 -0.6742789 -0.6209337 -0.0936036 0.5552600 0.3941413 0.3363993 0.3569408 0.1812384 0.2314713 0.3073366 0.2599116 0.3951009 0.1034236 0.2854115 0.1279399 0.1290206 -0.0140907 0.0788292 0.2243961 -0.3980594 0.4905905 0.0978524 -0.1822558 0.1048160 0.1226696 0.2335194 0.0407676 0.2732600 0.5239381 -0.1089431 -0.0104897 0.1716746
0.3270932 0.5406291 0.2153119 0.5013092 -0.0489804 0.5036960 0.0931615 0.8574928 0.5274384 0.7197566 0.7586707 0.2318235 0.0000000 0.5997933 0.0258216 0.6043525 0.6967602 0.1048516 0.5498654 0.2215784 0.1217982 0.7962148 0.6213669 -0.0118068 0.6698808 0.7518653 0.8180285 0.3219415 0.0819842 0.5340798 0.4975424 0.5045167 0.2184176 0.3755099 0.7172010 -0.0814673 0.6796840 0.8115664 0.5971631 0.6496746 0.6423156 -0.0028019 0.6912637 0.6815383 0.1939913 0.6461988 0.6242121 0.6247146 0.7181979 0.4095668 0.7286866 0.6249330 0.6667010 0.7100901 0.5485195 0.6236517 0.7366227 0.7525106 -0.1517962 0.7404856 0.4964051 0.7421908 0.1888613 0.7815762 0.6634728 0.4281052 0.6727461 0.8543030 0.3886045 0.8550724 0.2208700 0.7163718 0.7373188 0.2686543 0.3809821 0.6563179 0.5954634 -0.0760449 -0.1975788 0.0666750 -0.2533787 0.2032933 0.6191236 0.4683351 0.0870415 0.4311477 0.3169133 -0.3825380 0.3818897 0.3989441 0.4201274 0.3388982 0.4213655 -0.1116318 0.3126016 -0.0206120 0.2309674 0.2014097 0.3442388 -0.2838988 0.3757015 0.3136287 0.5299255 0.1071552 0.1572442 0.3341416 0.3855372 0.1733201 0.2885363 0.2485655 0.3924829 0.5042968 0.0725449 0.0413164 0.1903219 0.2017358 0.1835944 0.1957075 0.2420458 0.1682252 0.1387489 0.0785892 -0.1786084 0.4067915 0.1684670 -0.0240718 0.1507608 -0.3453059 -0.0216880 0.2427539 0.1468382 -0.4021479 0.1787204 0.1057540 -0.7195803 -0.1350802 0.0922239 -0.0718456 0.1090081 -0.2974460 -0.4472240 -0.3300714 -0.2679828 -0.1894610 -0.0542382 -0.2317066 -0.1559313 -0.1878690 -0.4844416 -0.2949192 -0.2096748 -0.3225289 -0.1364017 -0.4914799 -0.2499057 -0.4729596 -0.3039019 -0.3476738 -0.3839826 -0.1183249 -0.3086519 -0.1498341 -0.3474852 -0.2328514 -0.2603579 -0.3797332 -0.2917525 -0.3943609 -0.0010311 0.0487583 -0.2979721 -0.3137546 0.3303569 0.5091148 0.5969737 0.3828463 0.1669012 -0.1643758 0.0550625 -0.0846193 -0.2131422 0.0158559 -0.1612633 -0.2676129 0.2652283 0.0804704 0.0757760 -0.2151008 0.1173202 0.4723426 0.0751036 0.2646482 0.0833130 -0.2592489 -0.0458427 -0.1047146 -0.1983742 -0.1858711 0.1653709 -0.1088367 0.3516754 0.0762372 0.2629593 0.2536255 0.0586162 -0.1996181 -0.2295571 -0.2702082 0.3313012 0.2964381 0.2223496 -0.2827893 0.0363080 -0.4218984 -0.2801671 -0.2533993 0.3232067 0.2973310
0.0673772 0.1685775 0.1475158 0.1775799 -0.2641208 0.4092597 -0.0501725 0.4760898 0.7287609 0.8377283 0.6534044 0.1938347 0.5997933 0.0000000 0.2837053 0.2732962 0.7723659 0.6090948 0.2964016 -0.1301684 -0.0236336 0.4213709 0.7136435 0.4225823 0.2209378 0.4270928 0.8054838 0.8017497 0.3146226 0.8564766 0.2535583 -0.0826793 0.6209445 0.5081515 0.4852754 -0.1467851 0.2965835 0.3552958 0.6511484 0.8122136 0.3995602 0.1574901 0.6033372 0.8469871 0.1983023 0.3998529 0.3571490 0.2761893 0.7637222 0.1889984 0.4428475 0.6344918 0.5675607 0.6181070 0.2724215 0.4006479 0.3590745 0.6377341 -0.6446151 0.4858018 0.0720573 0.4490111 -0.0992919 0.5696880 0.4541941 0.2952341 0.4021473 0.5533786 0.0903166 0.4205791 0.3152959 0.3883546 0.5904620 -0.0019291 0.2052942 0.4500361 0.1610821 0.0860450 -0.1403831 -0.0836039 0.0897163 -0.0104694 0.2891364 -0.0366502 -0.2829955 0.2260976 0.1870264 -0.5857540 0.0561429 0.0249332 0.1777052 0.1772498 0.3261953 -0.2548787 0.2386999 -0.2742062 0.1750938 0.2049681 0.2163607 -0.2360435 0.1274502 0.2309611 0.2897332 0.1597886 -0.1597868 0.1548140 0.2539079 0.0137108 0.0709671 0.1711936 0.3354966 0.2670934 0.0271434 0.0813769 0.2484107 0.2723477 0.2833443 0.1218482 0.2813479 0.1090012 0.2114305 0.1504325 -0.5110336 0.3676888 0.2641273 -0.0867804 -0.0493407 -0.4359532 0.0572063 -0.0128307 -0.0187894 -0.3476840 -0.1402202 0.1831729 -0.5837930 -0.2954655 0.0005006 -0.0084568 -0.1076368 -0.0843424 -0.2323945 -0.0363519 -0.1359322 -0.0118806 0.1325587 -0.0083057 0.0883364 0.1068578 -0.1817378 -0.1137919 -0.0523612 -0.0751851 -0.1147383 -0.0925720 0.0171593 -0.0819769 -0.2610202 0.0079164 -0.2738854 -0.0940849 0.1098025 -0.1673354 -0.1322090 -0.2179333 -0.0096298 -0.0743748 -0.1436035 -0.0583951 -0.2316163 -0.1315873 0.0277533 -0.0613490 0.0738037 0.3251037 0.5282084 0.2061234 0.1443066 -0.1168380 -0.1004158 -0.0142346 -0.2432294 0.0356137 -0.1732634 -0.1804956 -0.0432661 0.1460778 -0.0933090 -0.3448611 -0.1498112 0.1875200 -0.0503154 0.1004979 0.1384273 -0.1872238 -0.1045870 -0.0910781 -0.2503153 -0.0739865 0.3484072 -0.1288204 0.4718002 -0.0703583 0.3136097 0.3116995 0.1966825 0.1006671 -0.2145733 0.2307007 0.5033400 0.2459057 0.2064962 0.0289996 0.1817391 0.0046175 -0.4469475 -0.1342110 0.1757202 0.4537648
-0.2218807 0.4821014 0.2078285 0.3935594 -0.2221247 0.3366354 0.4881600 0.0124021 0.6457520 0.3101176 0.0258412 0.5055796 0.0258216 0.2837053 0.0000000 -0.1631176 -0.1457221 0.6867164 -0.2669644 0.0431715 0.1587334 -0.0540184 -0.0272391 0.8428235 -0.2587945 -0.3058814 -0.0170160 0.4898656 0.7640944 0.0963123 0.3130704 -0.2899464 0.7034367 0.5744606 -0.0329188 -0.0049300 -0.3667510 -0.2728706 -0.1672008 -0.0780413 0.0313332 0.1882227 -0.1632904 0.1532249 0.4044692 -0.2868274 -0.3748255 -0.1871759 0.2605064 -0.2909794 -0.1879863 -0.0828821 0.1038672 -0.0489402 -0.1137226 -0.3261478 -0.3654008 -0.0585535 -0.2558085 -0.2275128 -0.1363514 -0.0687410 -0.1077005 -0.0929339 -0.0987039 -0.2885374 -0.1403191 -0.0439797 -0.2541338 -0.0572144 -0.1206151 -0.1662778 -0.1951614 -0.3320685 -0.1034728 -0.1096447 -0.0961290 -0.2110293 -0.4245727 0.0806115 -0.1573764 -0.1172978 -0.0862305 0.1717447 0.1262123 -0.0282368 -0.1847260 0.4150101 0.0379516 0.0166989 -0.0095448 0.0574686 0.1771359 0.3104671 -0.1313482 -0.0295668 0.1926888 0.3093085 -0.0781319 0.1145939 0.0654904 -0.0799805 -0.0576376 0.3061147 0.4256523 0.0815884 0.0169790 0.0054679 0.1792274 -0.0835560 0.4208284 0.2395353 0.1112419 0.1950510 0.1395539 0.1621709 0.1493412 -0.3554038 -0.0628669 -0.2703757 -0.2591353 -0.1886439 -0.0592206 -0.2519111 -0.0555953 -0.1288092 -0.2914543 -0.0740922 0.0969018 -0.1676599 -0.0535031 -0.0626049 -0.2271773 0.0907705 0.0386627 -0.1687644 0.1759022 0.3527615 0.2581918 0.1824270 0.4572167 0.3020663 0.1783958 0.2539023 0.4282583 0.2104888 0.3668917 0.4286973 0.2721980 0.1899111 0.1506543 0.1785026 0.2037020 0.3338972 0.2566596 0.2008162 0.1416702 0.2976375 0.0629429 0.0422707 0.2170822 0.2133943 0.2314598 0.1760135 0.2311685 0.3169820 0.2702934 0.2090437 0.0224060 0.2476596 0.1484276 0.0407484 0.1561796 0.3718378 0.3330797 0.1829592 -0.1934996 -0.1592484 -0.3611829 -0.3469670 -0.2212463 -0.3349286 -0.2877968 -0.1994280 -0.3784090 -0.2286733 -0.1894804 -0.1251107 -0.2966016 0.0233050 -0.1865806 0.1130434 0.0503919 -0.2238687 -0.1780191 -0.1408576 -0.3485790 -0.1155229 -0.0302552 -0.1552298 0.1179528 -0.0044214 0.0331156 -0.2639281 0.4541546 0.1814101 0.3543349 0.2282860 0.1289640 -0.1789925 -0.1980358 0.0180010 0.3058373 0.4523078 0.2764407 0.0300304 0.2171479 0.1232754
0.4086801 0.4611966 0.5826902 0.2531199 0.4451556 0.2732197 0.0145831 0.5725919 0.2090790 0.2995209 0.4497038 -0.0551151 0.6043525 0.2732962 -0.1631176 0.0000000 0.3782202 0.0237238 0.3217197 0.1254131 -0.1000022 0.4332703 0.3169437 -0.2202480 0.3773601 0.4719747 0.4521237 0.0907546 -0.1971821 0.2789584 0.1637432 0.3438196 -0.1666004 -0.1486606 0.2425598 0.0069079 0.4028019 0.5416253 0.3920776 0.3220445 0.3975886 0.0536041 0.5941352 0.2337133 0.0750366 0.3397072 0.4569911 0.4710475 0.1837666 0.1721733 0.4223621 0.4613992 0.1997943 0.4820728 0.4434496 0.5043294 0.5260408 0.5250914 0.1979216 0.3962258 0.3542140 0.4883250 0.4454616 0.4502772 0.3709770 0.2558347 0.3545252 0.4874457 0.5043085 0.5310146 0.2288007 0.4495128 0.3946355 0.6266832 0.4238028 0.2357227 0.6066191 0.0449078 -0.0271482 0.1782032 -0.0458681 -0.0393884 0.2813574 0.4492207 0.2170307 0.0540335 0.3983941 -0.1725729 0.1386031 0.2338053 0.2849821 0.3082427 0.1633168 -0.0150738 0.2489274 0.0293825 0.0381384 -0.2110802 0.2586798 -0.1964256 0.2624527 -0.0323564 0.0429202 0.0253202 0.0394773 0.2395899 0.1021856 0.3321884 0.0724215 0.3580704 0.2442587 0.3171694 0.2014115 0.2229652 -0.1279363 0.2146184 0.2692535 -0.0460644 0.2736671 -0.1721366 -0.1422979 0.1392559 0.1806200 0.0590634 -0.3309720 0.0771685 0.1318251 0.0805498 -0.1585876 0.2059448 -0.0650802 -0.1998606 0.0911790 -0.0772563 -0.5312538 -0.0310134 -0.1963711 -0.3156829 -0.0655448 -0.0567676 -0.0836818 -0.1087628 0.0060179 0.0530684 -0.0860792 -0.0649624 0.0410276 0.0253785 -0.2220503 0.0074814 0.1569164 -0.0351116 -0.0267281 -0.0405524 0.0394435 -0.0783275 -0.0223008 -0.0419595 -0.0960169 0.2043237 -0.1041355 0.0159989 -0.0490734 0.0497385 0.0002038 -0.1418423 0.0592971 -0.0350164 0.3563832 0.1987312 0.0058892 -0.0298987 0.1809268 0.3530444 0.2591940 0.1621720 0.2359756 0.2238501 0.1954597 0.2819759 0.2368086 0.1987322 0.3610269 0.1316660 0.1783901 0.4967171 0.3350248 0.3348659 0.5530770 0.1689552 -0.0517467 0.1305070 -0.0822060 -0.1987522 -0.0023681 -0.0651021 -0.0219280 -0.1912422 0.1651279 0.0702799 0.2417411 0.1953536 0.3904777 0.2080001 0.1344476 0.0585177 -0.2095023 0.0380696 0.2966781 0.0028351 0.2741052 -0.2629249 0.3117378 -0.0479850 -0.2636364 0.0652220 0.3729432 0.1725711
-0.0168728 0.2153439 0.1436652 0.2071688 -0.3521591 0.2789996 -0.1858757 0.5468471 0.3671789 0.7128791 0.8147368 0.2492645 0.6967602 0.7723659 -0.1457221 0.3782202 0.0000000 0.1180637 0.4308825 -0.0154133 0.1094565 0.5340872 0.9258950 -0.0974717 0.4175850 0.5382501 0.9087761 0.4141888 -0.1100629 0.7342882 0.2377935 0.0585935 0.1693192 0.2900640 0.5205134 -0.0115685 0.4242215 0.5307751 0.8779508 0.8685948 0.3544235 -0.0150540 0.7088879 0.6897363 -0.0523556 0.4644427 0.4171405 0.3504150 0.6628312 0.3909667 0.4220126 0.6796680 0.6185107 0.6551759 0.3041847 0.4414905 0.5016756 0.7155564 -0.4029052 0.5107796 0.1759369 0.3135305 -0.2731426 0.7816852 0.6552283 0.2836247 0.3779135 0.4576544 0.0875188 0.5018430 0.2044732 0.6520780 0.5875815 0.2349569 0.1941430 0.5193983 0.3898376 -0.0503766 -0.1681079 -0.1899213 -0.1284636 0.1078581 0.4449098 0.0177087 -0.2642122 0.2803121 0.1647352 -0.6953478 0.1444544 0.1186044 0.1842476 0.1800738 0.2095298 -0.3700595 0.1732507 -0.2195837 0.0949112 0.0916948 0.0952933 -0.4848952 -0.0577663 0.2265028 0.3022702 -0.0929568 -0.3028098 -0.0541364 0.2135909 -0.0258099 0.1129828 0.0553967 0.0546628 0.2315889 -0.0827042 -0.0823986 0.0666570 0.0696576 0.1637797 0.1468819 0.1510729 0.1851183 0.2700706 0.1823756 -0.3166455 0.4231601 0.2075105 0.0606814 0.1887025 -0.3955320 0.0466235 0.1511950 0.0842443 -0.3636122 0.1472857 0.2351475 -0.7513410 -0.0800470 -0.0148362 -0.1128972 -0.1032573 -0.1114435 -0.5131440 -0.2201473 -0.1908210 -0.0888654 -0.0974880 -0.0551900 -0.0945189 -0.1060736 -0.4233554 -0.1731541 -0.0597393 -0.2263517 -0.2024050 -0.3554744 -0.0611974 -0.2189971 -0.2289150 -0.2637460 -0.2952907 0.0639522 -0.1392823 -0.1409475 -0.2247482 -0.0104381 -0.1884832 -0.2854515 -0.2255098 -0.2539537 -0.0343008 -0.0349889 -0.2084409 -0.1738024 -0.0774322 0.2629415 0.4572305 0.4257843 0.5378646 0.0987520 0.2483734 0.1525196 -0.2018031 0.2149638 -0.1058925 -0.2007327 0.0804806 0.1721439 -0.3044788 -0.5400008 0.0117975 0.4816831 0.0988320 0.3044694 0.2624246 -0.0373650 0.0750092 0.0912948 0.0903495 0.2729248 0.2606385 0.0684536 0.5004869 0.1641175 0.3175758 0.5328697 -0.0328702 -0.2266675 -0.2181008 -0.0173035 0.4091904 0.5924877 0.3857546 0.0168695 0.0726224 -0.1857230 -0.3964410 -0.2132503 0.1924659 0.4142361
