0.0000000 0.7709385 0.5131407 0.5207892 -0.0081905 0.6897350 0.4018374 0.2012305 0.7661307 0.4720602 0.3463613 0.6883766 -0.0404972 0.4458324 0.6483262 -0.0372358 0.2483677 0.4002989 -0.2466615 -0.1728898 0.7459851 -0.2788611 -0.0756380 0.4112366 -0.2125722 -0.0924995 0.0124155 0.0564124 0.6985149 0.0547156 -0.2969872 -0.2294458 0.1158270 0.4347187 -0.0447563 0.6493061 -0.1954013 -0.4010864 0.1305801 0.1504433 -0.5012294 0.7021104 -0.0092959 0.0408838 0.5964172 -0.4121825 -0.3241047 -0.5267997 0.3567965 -0.5691159 -0.2379720 0.2446933 0.5380006 0.4175707 -0.5799907 -0.5731022 -0.3935953 0.4854772 0.0155011 -0.2639465 0.2908794 0.1987294 -0.3834491 0.5457325 0.1481501 -0.4993282 -0.3015160 0.4553518 -0.5350349 0.6207673 -0.3985117 0.3461910 -0.1890511 0.3243775 -0.3415625 0.6407206 0.4293500 -0.2990204 0.3443159 0.4161837 -0.2637920 0.0670462 0.0876514 -0.1664454 -0.1539095 -0.2361736 0.1676828 -0.1360687 -0.2193047 -0.3340211 -0.1820549 -0.0946782 -0.1515800 -0.0885087 -0.3266000 -0.5637821 -0.3063713 -0.3020011 -0.5112169 -0.0782787 -0.2572651 -0.1859325 -0.2216902 0.0067769 -0.5060366 -0.5615319 -0.3603912 -0.4983703 -0.2970885 -0.3448405 -0.4321529 -0.3557905 -0.5396125 -0.4383780 -0.2954910 -0.3446788 -0.2739959 -0.2201696 -0.1974289 0.1721848 -0.2240757 -0.4373269 -0.0678194 -0.4356361 0.0963773 0.2269086 -0.5574543 -0.0750972 0.3682881 -0.4196287 0.1212385 -0.4227515 -0.4994497 0.1650521 -0.5083278 0.0028662 0.1918086 0.3996221 0.3126786 0.2063787 -0.3275362 0.2657829 -0.5869780 0.2093309 0.3050213 -0.2000612 0.2849846 0.1996996 -0.3908442 -0.2604725 -0.1790614 0.1556745 0.0821665 -0.2536903 -0.4342759 -0.0155496 -0.4298794 -0.0941940 -0.4172214 0.1679551 -0.5638574 -0.2679677 -0.1346926 -0.3498351 -0.4368804 0.0621256 -0.1717706 -0.2107528 -0.4030972 -0.3665558 -0.2234920 -0.3887814 0.8428573 0.7406419 0.6873487 0.4035701 0.5599721 0.3026115 0.5556844 0.5480942 0.3632884 0.4015634 0.3324359 0.2124630 0.1572244 0.1192414 -0.0574632 -0.2534359 0.1355447 0.2194967 0.1678140 0.3564386 0.1944728 0.6358879 0.3481929 0.5127693 0.4192753 0.3571431 -0.0864398 0.2181774 -0.1652571 -0.0917375 -0.0386192 0.4567805 0.3411181 0.6052454 0.4376437 0.7460664 -0.2744573 0.1529078 0.0821627 0.5864584 0.3177200 0.4475099 0.6397372 0.0416318 0.3169631 0.3701584
0.7709385 0.0000000 0.5723104 0.7247735 -0.1283192 0.4956840 0.3046657 0.2369049 0.6467203 0.8222984 0.6594132 0.7265449 -0.2886414 0.6546939 0.8708460 0.0276927 0.4809226 0.7662006 -0.4409809 -0.4096117 0.8488235 -0.5164681 0.0130159 0.6178668 -0.3869035 -0.2105242 0.1137459 0.2481245 0.7974970 0.2112018 -0.5701277 -0.3416189 0.1726249 0.4679098 0.0947098 0.6788784 -0.2640258 -0.4859240 0.4226623 0.4424093 -0.6303229 0.6430105 0.2485894 0.3185501 0.4987137 -0.5194702 -0.3399940 -0.5958140 0.5794626 -0.5690315 -0.1135000 0.5303561 0.6162888 0.6656858 -0.6838073 -0.6440143 -0.4710615 0.6708583 -0.2113815 -0.1259914 0.0608441 0.2785689 -0.5904816 0.6999986 -0.0470991 -0.6166680 -0.4045385 0.4878472 -0.6759068 0.6389636 -0.6018602 0.3838422 -0.4102923 0.3024500 -0.5225858 0.6909403 0.5185057 -0.5928862 0.2719600 0.5958151 -0.3031545 -0.1946283 -0.1880087 -0.4757584 -0.4349820 -0.3660240 0.0385244 -0.3603452 -0.4928465 -0.6006919 -0.3800024 -0.3731848 -0.2257165 -0.3529848 -0.4489679 -0.6821882 -0.6345652 -0.2599660 -0.6539681 -0.3311594 -0.4341790 -0.1045821 -0.1481964 -0.2095995 -0.7007385 -0.5847642 -0.3597517 -0.5096821 -0.4943385 -0.2072370 -0.5862433 -0.3654660 -0.6070209 -0.4497167 -0.2967142 -0.2597726 -0.2384133 -0.2555736 -0.1145425 0.0888818 -0.3901570 -0.5285584 -0.3036555 -0.4146634 -0.2389255 0.0433606 -0.7790068 -0.4185615 0.0578080 -0.5971957 -0.2646238 -0.7503187 -0.6884994 0.0425663 -0.7209850 -0.2187774 0.0026368 0.0921186 0.0221410 -0.0623471 -0.6384419 -0.0755923 -0.8125527 0.1356821 0.1445085 -0.5244226 -0.0149802 -0.0509999 -0.7218495 -0.5173328 -0.3872040 -0.0024654 -0.3395383 -0.6161771 -0.6218158 -0.1287133 -0.7867652 -0.3521305 -0.7340921 -0.0209791 -0.6758807 -0.6074919 -0.3572548 -0.6504070 -0.6886208 -0.2120650 -0.5745565 -0.5937477 -0.7405445 -0.7307229 -0.5925990 -0.7472576 0.9055118 0.7892297 0.5728562 0.2275262 0.7848356 0.4962302 0.8559366 0.7901355 0.2731053 0.3668790 0.1993735 0.1886750 -0.1028586 -0.1952630 -0.4397599 -0.4356175 0.3823750 0.5221417 0.2352439 0.6597815 0.5426280 0.6195796 0.2089681 0.6063143 0.4677915 0.5728044 -0.0068000 0.0479303 0.0938320 0.0241836 -0.0390504 0.4547950 -0.0019187 0.4027268 0.2578180 0.3895820 -0.1113812 0.3611674 -0.1723500 0.6757323 0.0601487 0.3454559 0.6406074 -0.1000207 0.1830524 0.1259731
0.5131407 0.5723104 0.0000000 0.8070121 0.5890537 0.1103828 -0.1995766 0.8832564 0.3480220 0.3537515 0.6867512 0.2596799 0.5294679 0.1536607 0.2334647 0.3067795 0.2472005 0.2267560 0.3193647 0.3275438 0.3403019 0.3151274 0.1663655 0.1860006 0.3323727 0.2677945 0.0205951 -0.0800321 0.1476987 0.0862630 0.2630045 0.2382152 -0.0838521 0.1060241 0.0201957 0.0766218 0.1361809 0.2842781 0.1025541 0.0260531 0.1507081 0.1024198 0.0490275 -0.0490380 0.1967728 0.0635598 -0.0199994 0.1952582 0.1924395 0.0853662 -0.0160459 0.3101092 0.7228380 0.3780703 0.0521352 0.0221623 0.0002196 0.2690348 -0.3121972 0.0793654 -0.0293720 0.5158277 0.1706304 0.5711577 0.5004306 0.0607297 0.2817202 0.7111499 0.1118158 0.7991786 0.1211227 0.8158871 0.3386152 0.6959046 0.2613568 0.7428306 0.5512715 0.0857999 0.6007554 0.4916278 0.3078268 0.1345398 0.1550654 -0.1302917 -0.0269270 -0.0527457 0.3923753 -0.0255821 0.0223325 -0.0713071 0.0539688 0.1126910 -0.1934824 -0.0980797 0.0216308 -0.0877439 -0.1836085 -0.2644831 -0.1208997 -0.2408880 -0.1311522 -0.2564414 -0.3556882 -0.0409871 -0.3300252 -0.2740767 -0.2903864 -0.5810052 -0.3592333 -0.3312814 -0.0698483 -0.3582453 -0.4270628 -0.3380874 -0.1289851 -0.1861030 -0.2567845 -0.4291240 -0.3000329 -0.1650825 -0.5423533 -0.6056169 0.1654966 -0.4487221 -0.1713465 0.0431243 -0.5857363 0.1844856 -0.0091235 -0.0818464 -0.1144042 -0.1301894 -0.3529700 0.2465710 -0.2854415 0.1596272 0.1135122 0.0037293 0.0554710 -0.0576904 0.0536412 -0.0119350 -0.1627877 0.3769362 0.1293331 -0.0048206 0.0431282 0.0980516 -0.0351675 -0.1911131 -0.1618493 0.3182771 -0.1074238 0.1020398 -0.2615585 0.4843576 -0.1280130 0.0553315 -0.0144604 0.3080758 -0.2635001 -0.3609814 0.3810430 -0.1545385 -0.3502238 0.4609540 0.1110702 0.1071081 -0.1747042 -0.2684256 0.0969013 -0.1105339 0.4901597 0.5702906 0.1200758 -0.2689567 0.3938886 0.3233414 0.4790497 0.5538478 -0.0490482 -0.0644091 -0.1914862 -0.3194324 -0.2960871 0.2182984 -0.0757789 0.1730265 0.4708405 0.4540100 -0.0315892 0.4207509 0.3959394 0.3975663 0.1248545 0.4674382 0.4502806 0.3516115 0.5764741 0.0773570 0.1848557 -0.3459377 -0.1450837 0.3441279 0.1607155 0.5967847 0.0461012 0.5720812 0.0654374 0.1538252 -0.2260422 0.2698097 0.4458940 0.5817209 0.3992093 0.1918980 0.3362263 0.3338797
0.5207892 0.7247735 0.8070121 0.0000000 0.1568524 0.0721725 -0.2887912 0.7059718 0.3866107 0.5847262 0.8429246 0.2816743 0.0955071 0.4070966 0.5284172 0.3229605 0.5051626 0.5091699 0.1305119 -0.0581113 0.5686099 0.0202622 0.2356541 0.3494944 0.2349710 0.1749991 0.1865561 0.0946484 0.3620019 0.2846219 -0.0870540 0.2663933 -0.0497786 0.0459910 0.2443283 0.2900705 0.1642236 0.1721760 0.4454935 0.3782107 -0.1408692 0.1793842 0.3806330 0.2409974 0.1118900 0.0319684 -0.0198397 -0.0743377 0.4351237 0.0029179 0.1409234 0.6225761 0.6097143 0.6789236 -0.1488371 -0.1159381 -0.0498691 0.5519718 -0.4036335 0.2144001 -0.2098403 0.5950818 -0.2506789 0.6691570 0.1342942 -0.1657339 0.0951383 0.6792021 -0.2237224 0.8314362 -0.1328821 0.6962359 0.0916550 0.4854746 0.0161427 0.7702224 0.5587134 -0.0502609 0.5645951 0.5230721 0.0532758 -0.0740925 -0.1587486 -0.3278440 -0.2751306 -0.2603868 0.1633490 -0.2827974 -0.2552567 -0.3695918 -0.0930743 0.0050687 0.0651902 -0.2873024 -0.0551964 -0.2002158 -0.2483319 -0.0912561 -0.2109787 -0.3113334 -0.4134610 -0.2094882 -0.2885661 -0.2363094 -0.3817697 -0.1798250 -0.1570385 -0.3973758 -0.3184915 -0.0138394 -0.0843817 -0.2054559 -0.2942087 -0.0908056 0.0469937 0.0388130 -0.0014588 -0.1405084 -0.1054046 -0.0692191 -0.4128118 -0.4442292 -0.2060213 -0.3732882 -0.1548108 0.0523226 -0.6108148 -0.1898718 0.0373420 -0.2957700 -0.1951919 -0.4238207 -0.4494438 0.1360636 -0.4827585 -0.1262369 0.0056620 0.0322580 0.0053440 0.0236106 -0.3324753 -0.0165520 -0.4165868 0.2358556 0.0578244 -0.3896661 -0.0312671 -0.0186060 -0.3967349 -0.2277470 -0.0980812 0.1712887 -0.1879323 -0.2948893 -0.4060458 0.2604598 -0.3746297 -0.1590810 -0.3215834 0.3500524 -0.4057301 -0.3834764 0.1250649 -0.2022358 -0.4354362 0.1462104 -0.2626733 -0.2618192 -0.3902599 -0.4618672 -0.2868655 -0.4550776 0.6433215 0.5372638 0.0846054 -0.3254943 0.4154307 0.2343894 0.6204306 0.6489347 0.0397828 0.1494674 -0.1300111 -0.1338591 -0.3774333 -0.2192770 -0.4333342 -0.2338781 0.3240488 0.4509746 0.0052711 0.5086740 0.3752355 0.3264509 0.0976512 0.4870668 0.4035360 0.3844056 0.3815138 0.0720790 0.0181152 -0.1821732 -0.0466687 0.4318938 -0.0198687 0.4396442 0.1235016 0.3845720 -0.2127747 0.2051449 -0.2316923 0.4496298 0.1209479 0.5359549 0.4695350 -0.0547346 0.2107550 0.2835041
-0.0081905 -0.1283192 0.5890537 0.1568524 0.0000000 -0.0451477 -0.1853433 0.6722259 -0.0429264 -0.2660331 0.0548364 -0.1212330 0.9007412 -0.2162028 -0.4746213 0.0054867 -0.1492844 -0.3430675 0.5088506 0.7874453 -0.2482951 0.6628979 -0.1314468 -0.1411473 0.4129978 0.2835132 -0.0076426 -0.1181729 -0.3523001 0.0245035 0.7755660 0.2760258 0.0701094 0.0462038 -0.2836355 -0.3100363 0.1888421 0.5318427 -0.2736802 -0.2903643 0.7475048 -0.2547145 -0.3823874 -0.2015325 -0.0958798 0.3080438 0.0786887 0.7337213 -0.1087368 0.3717666 -0.2049665 -0.2953171 0.3916029 -0.2879098 0.5703665 0.4437240 0.2265888 -0.2212640 -0.1441116 -0.1129720 -0.0228631 -0.0729864 0.8276026 0.0314572 0.7350463 0.4581900 0.3114641 0.0738968 0.6831028 0.1964751 0.4411721 0.5210018 0.3981720 0.5945325 0.5559431 0.2101990 0.2472744 0.3263002 0.3297572 0.0969473 0.4586943 0.4641876 0.4647247 0.3589938 0.4135432 0.3096040 0.3820971 0.3577158 0.3887675 0.4332632 0.2484540 0.4321064 -0.0137486 0.1863395 0.1297437 0.2731386 0.1002508 0.0421089 0.1791224 -0.0539268 0.2018169 0.1248991 -0.1968917 0.0917048 -0.0352328 -0.1303601 0.0768447 -0.2236024 -0.0049210 -0.2956289 0.1288724 -0.0258449 0.0179643 -0.1205221 0.0334552 0.0400336 -0.1339020 -0.3083934 -0.0579455 -0.0038618 -0.1672661 -0.2606502 0.5292276 0.0401253 0.1973014 0.2481938 -0.0985410 0.7280497 0.1744981 0.3888555 0.2831136 0.4667007 0.1309455 0.4934411 0.3343580 0.6422150 0.3749102 0.1764474 0.3190806 0.0280464 0.6110241 0.1836028 0.4338700 0.5250126 0.3901487 0.5000237 0.3148994 0.4179304 0.4499755 0.1515157 -0.0007340 0.5649949 0.2170292 0.5557391 0.3491205 0.6964494 0.3471198 0.4848020 0.4491984 0.1476075 0.3044110 0.0202581 0.6882847 0.0476072 0.1525755 0.7212102 0.4883395 0.5067160 0.2195845 0.1837497 0.5219335 0.4071984 -0.1250087 0.0852049 -0.0786146 -0.2304660 -0.0606022 0.1101955 -0.1113108 0.0251129 -0.3039456 -0.4464602 -0.2745379 -0.4746411 -0.1562310 0.6028486 0.3562664 0.7872549 0.3416206 0.1296944 0.0876547 -0.0130831 0.0354188 0.2019677 0.2328150 0.2502465 0.4143589 -0.0687711 0.4542233 0.2884566 0.4261407 -0.1280098 0.2458946 0.2738307 0.4421327 0.3340108 0.1101588 0.3918419 0.5060385 -0.0242702 0.2043405 -0.1964537 0.6386352 0.2376787 0.0826354 0.2901465 0.2626701 0.3551876
0.6897350 0.4956840 0.1103828 0.0721725 -0.0451477 0.0000000 0.7320478 -0.1838435 0.8061186 0.3339951 -0.0205459 0.7812277 -0.0956749 0.5028180 0.5526407 -0.2563558 0.2630301 0.3356321 -0.4581971 -0.1529880 0.6208347 -0.3769167 -0.2721653 0.7045746 -0.5586726 -0.3630086 0.1052026 0.3840951 0.7682785 0.2121389 -0.2502761 -0.5362541 0.6120194 0.8636020 -0.2428597 0.7279270 -0.4389216 -0.6296871 0.1157505 0.2096849 -0.4100121 0.8560819 -0.1114627 0.2462702 0.7669475 -0.5319933 -0.3683025 -0.5106135 0.4531208 -0.7356580 -0.3222901 0.0738632 0.4714734 0.2673234 -0.6137269 -0.5827438 -0.4455421 0.4719379 0.3379109 -0.4173024 0.5417903 -0.0675489 -0.2781225 0.2888337 0.1913533 -0.4831260 -0.4302644 0.0916635 -0.5167955 0.2112613 -0.4202078 0.0111603 -0.4470260 0.1370122 -0.4333917 0.2844322 0.2329028 -0.5083412 -0.0181281 0.2280709 -0.2686005 -0.0140297 0.1069976 -0.0375195 -0.0814261 -0.0755993 0.0171556 -0.0150628 -0.2025808 -0.2096581 -0.2016689 -0.1101726 -0.1669948 -0.0204538 -0.5130622 -0.5443295 -0.2862981 -0.0793371 -0.5668144 0.0180830 -0.1485287 0.1423288 0.0601495 -0.0856890 -0.3896425 -0.5928064 -0.2466869 -0.1810671 -0.1098225 -0.2713800 -0.4612945 -0.1165968 -0.4982005 -0.4411880 -0.4231838 -0.3759467 -0.3121336 -0.2208858 -0.0932159 0.3743792 -0.0173698 -0.2418161 -0.1086476 -0.2678347 -0.0151742 0.2665501 -0.3639491 -0.0006192 0.3132504 -0.5830119 -0.0087033 -0.3826354 -0.4956251 0.2212413 -0.3549814 0.1674025 0.0340862 0.3361239 0.2287653 0.2262803 -0.3362212 0.2587759 -0.4803736 0.1336931 0.3193170 -0.0702417 0.2014957 0.1534882 -0.4435472 -0.1816074 -0.1568556 0.0501799 -0.0144702 -0.3835174 -0.2110356 -0.1100510 -0.3670914 -0.0801185 -0.3984529 -0.1094676 -0.3441360 -0.1724474 -0.3142363 -0.4887177 -0.2801891 -0.1229894 -0.3903095 -0.3750056 -0.4098820 -0.2468894 -0.4202257 -0.4414374 0.5174782 0.4237481 0.7369618 0.6179605 0.4759175 0.2792395 0.3751262 0.3760636 0.3939228 0.3570064 0.5637631 0.3219748 0.4631571 0.2514295 0.2197021 -0.0769451 0.2298773 0.1720875 0.5105724 0.2449181 0.1243353 0.6575605 0.4398711 0.4110076 0.4196744 0.2260973 -0.2842334 0.2770000 -0.1571673 0.0514909 0.0006854 0.4367174 0.3328596 0.5652410 0.4803242 0.5582069 -0.0989599 -0.0438431 0.2497050 0.6443448 0.3966952 0.1212240 0.6037240 0.2287979 0.3415543 0.2896045
0.4018374 0.3046657 -0.1995766 -0.2887912 -0.1853433 0.7320478 0.0000000 -0.5014818 0.4332584 0.1983377 -0.3011908 0.7609891 -0.2984202 0.3191650 0.3359622 -0.5690984 -0.0048741 0.1221325 -0.7453966 -0.3055180 0.4446351 -0.5477060 -0.5154608 0.4560308 -0.8381686 -0.6911686 0.0717925 0.3327588 0.6127827 0.1496505 -0.4122582 -0.8738781 0.4943546 0.6890008 -0.4450293 0.6329529 -0.7912177 -0.8451525 -0.0299913 0.0951204 -0.4975820 0.7351475 -0.2911231 0.1621548 0.5585865 -0.8064997 -0.6648528 -0.5827482 0.2644245 -0.8072614 -0.6248600 -0.1454636 0.1436854 -0.0334399 -0.7014290 -0.7230806 -0.7439702 0.1808017 0.4626837 -0.7429616 0.4993444 -0.4595700 -0.2854220 0.0897992 -0.0352904 -0.6540257 -0.7695738 -0.2823137 -0.5108014 -0.1484773 -0.6356335 -0.2111725 -0.6649920 0.0179447 -0.5911329 0.0243222 0.1867308 -0.6889968 -0.2004295 0.1957070 -0.2970146 0.2250311 0.2335602 0.1271154 0.0977097 0.0874357 -0.0811569 0.2340282 -0.0933543 -0.0382557 -0.2936299 -0.3281879 -0.4372326 0.2613880 -0.4266733 -0.5561112 -0.4967023 -0.2784634 -0.4556240 0.1998100 0.1242968 0.2358868 0.2732291 0.2730849 -0.4818188 -0.5947735 -0.2467640 -0.1380878 -0.1871911 -0.4124602 -0.5854454 -0.1734553 -0.5803265 -0.6363759 -0.5933843 -0.5449629 -0.4937755 -0.2797613 -0.1820452 0.3720221 -0.0332306 -0.3017654 0.0138253 -0.2621871 -0.0468944 0.2294750 -0.3311983 -0.0260708 0.2768523 -0.4535760 0.0436466 -0.2860011 -0.4015660 0.1710014 -0.2512393 0.1479170 0.1580595 0.3713516 0.3142714 0.0773042 -0.3505301 0.1883643 -0.5172947 0.1748739 0.3481945 -0.0361466 0.2503973 0.2066462 -0.5161843 -0.2875992 -0.2745414 0.0186837 -0.0473297 -0.4554373 -0.1407837 -0.1784369 -0.4905082 -0.1278464 -0.5526178 -0.2269445 -0.2986264 -0.2704865 -0.3522735 -0.6131441 -0.3453603 -0.1944977 -0.4483678 -0.5108537 -0.5464161 -0.3727944 -0.4591136 -0.4771723 0.3916659 0.4105612 0.7470682 0.8407687 0.5802498 0.5117756 0.3314076 0.2712850 0.5100486 0.3844857 0.6590964 0.5127872 0.5630031 0.2252217 0.1513370 -0.1170381 0.2537607 0.2083181 0.5489065 0.2312184 0.2618784 0.6745750 0.4001224 0.3639882 0.3806917 0.3861311 -0.3105808 0.2419209 0.1252784 0.1432674 0.0765872 0.3313957 0.1717835 0.2425301 0.4532111 0.2856768 0.0160552 0.0508550 0.0983274 0.4288166 0.2459751 0.1159795 0.4289801 -0.0608089 -0.0197701 -0.0406362
0.2012305 0.2369049 0.8832564 0.7059718 0.6722259 -0.1838435 -0.5014818 0.0000000 0.1012981 0.1114444 0.6100731 -0.0864363 0.7244611 -0.1055753 -0.0684362 0.4149822 0.1490196 -0.0050015 0.6499745 0.5152843 0.0246483 0.6259519 0.2327661 -0.1262581 0.6350751 0.4313669 -0.0852013 -0.2487207 -0.2086186 -0.0178105 0.5600357 0.5209396 -0.2771445 -0.1998679 0.0300421 -0.2314393 0.3573787 0.6516227 0.0055166 -0.1235407 0.4464625 -0.2234794 -0.0052104 -0.1922872 -0.0331752 0.4014245 0.1913743 0.5040438 -0.0282092 0.4735644 0.0907172 0.1542704 0.5807917 0.1531618 0.4410004 0.3986512 0.2811264 0.0055020 -0.2911679 0.1939513 -0.0527436 0.4559832 0.4168439 0.3855052 0.6212150 0.3876632 0.5280679 0.5494618 0.4622450 0.6629537 0.4622310 0.8436187 0.5938167 0.7138887 0.6160435 0.5458045 0.4332314 0.4471305 0.6085646 0.3109695 0.5608705 0.1868884 0.2098017 0.0451911 0.1491004 0.0855897 0.4335612 0.1305450 0.2554144 0.1767609 0.2305696 0.2945408 -0.0445367 0.0363175 0.3002747 0.2819010 0.0655379 -0.1682590 0.2014889 -0.1406566 0.0445281 -0.3256169 -0.4287709 0.0166589 -0.0449038 0.0970229 -0.1584351 -0.4424589 -0.2234007 -0.2468245 0.2841473 -0.2814214 -0.1317230 -0.0901070 0.0257858 -0.0306336 -0.1196860 -0.3343163 -0.2740857 -0.3549387 -0.4775403 -0.3915557 0.2940832 -0.2552806 -0.1782561 -0.0767308 -0.2728542 0.2889268 -0.1500961 0.1386941 -0.1224934 0.1235884 -0.0818855 0.1327658 -0.0491132 0.1655369 0.0048266 -0.1507486 -0.0540425 -0.0942960 0.2829129 -0.0952172 0.1870947 0.2593008 -0.0716400 0.1303435 -0.0832143 -0.0114025 0.2200437 -0.0071762 -0.0216408 0.2444982 -0.0993789 0.3420348 -0.1138223 0.5633036 0.2194300 0.0843482 0.3037453 0.3681992 -0.0686818 -0.1704621 0.5472469 0.1810141 -0.1540592 0.5215448 0.3198091 0.3221691 0.1078638 -0.0134107 0.2699709 0.1247465 0.1870456 0.3160710 -0.1965774 -0.4902684 0.0957978 0.1259324 0.2020330 0.3257489 -0.1217763 -0.1781629 -0.3153391 -0.4010530 -0.3080124 0.3260172 0.0726348 0.3421781 0.3431481 0.3235174 -0.2520093 0.2269004 0.2403164 0.0995802 -0.0877248 0.1930498 0.2168603 0.1952651 0.7337809 -0.0468046 0.0849871 -0.3284866 -0.0897704 0.2023285 0.0407743 0.4293643 -0.1837673 0.4318096 0.0212892 0.1167943 -0.1357037 -0.0001496 0.3466600 0.5185801 0.1198734 0.2735800 0.3072928 0.2779732
0.7661307 0.6467203 0.3480220 0.3866107 -0.0429264 0.8061186 0.4332584 0.1012981 0.0000000 0.5608155 0.3005913 0.7989216 -0.0375587 0.6461537 0.6993512 -0.1331104 0.5346136 0.4558068 -0.3528469 -0.0648591 0.7198294 -0.2896398 -0.1805036 0.6159699 -0.3533653 -0.2536307 0.1481780 0.3789371 0.7181071 0.3135524 -0.2122449 -0.3003836 0.4992757 0.6546377 -0.1599353 0.6697781 -0.2673150 -0.3807152 0.3952985 0.4393108 -0.3533479 0.6356799 0.0374042 0.4050762 0.5622055 -0.4208818 -0.3347052 -0.3714633 0.6786838 -0.6050467 -0.2512783 0.3615964 0.7431328 0.5325587 -0.4758786 -0.5085470 -0.3880647 0.7040798 -0.0575538 -0.2541685 0.2510320 0.1558733 -0.2682582 0.7093958 0.3356109 -0.4316502 -0.2880003 0.3474633 -0.4919331 0.6102037 -0.3947454 0.3958334 -0.2856533 0.4431444 -0.3239701 0.6583431 0.5666274 -0.3276186 0.4043122 0.6017264 -0.1912677 -0.2751979 -0.1691650 -0.3164065 -0.3296574 -0.4162743 -0.2171020 -0.3078594 -0.4360478 -0.4758447 -0.4833534 -0.3414630 -0.2062774 -0.3090944 -0.6285494 -0.6388762 -0.4475264 -0.3191997 -0.7521247 -0.2946467 -0.4958359 -0.2799959 -0.3772143 -0.3488149 -0.5824478 -0.6461841 -0.3798371 -0.4443752 -0.4799145 -0.2703262 -0.5090449 -0.3718116 -0.5241214 -0.4066778 -0.3713616 -0.2784426 -0.3091379 -0.3725895 -0.2318558 0.0030577 -0.3668749 -0.4673800 -0.2924411 -0.3270398 -0.1388606 -0.0049860 -0.5672200 -0.1280771 0.1562620 -0.3717950 -0.0075379 -0.4809705 -0.5065658 0.2020760 -0.4285673 0.0253078 0.1348502 0.2874423 0.2494239 0.1470750 -0.3483578 0.1863143 -0.4037807 0.1942935 0.1934929 -0.2686938 0.2285668 0.1976533 -0.4089078 -0.1863838 -0.1353817 0.1137721 -0.0208009 -0.3704771 -0.3268606 0.0392200 -0.3834425 -0.1098882 -0.3224946 -0.0498872 -0.4524779 -0.3078119 -0.1998423 -0.4334428 -0.3917308 -0.0742223 -0.3670556 -0.3309358 -0.3714244 -0.3697199 -0.4246911 -0.4538623 0.6503550 0.6744919 0.5666902 0.2447470 0.6218488 0.4498931 0.6256249 0.5608391 0.2457922 0.1180043 0.1893136 -0.0092381 0.0651858 0.1638019 0.0057260 -0.0125574 0.4889020 0.5181433 0.1716189 0.5969530 0.4052046 0.5422436 0.1097423 0.3101181 0.3513004 0.4711649 0.0117780 0.0288977 -0.1494416 0.0670260 0.0214735 0.5394818 0.2832665 0.6436510 0.3172134 0.6213309 -0.1668435 0.3752397 0.2287682 0.8251336 0.4170374 0.3744633 0.7464906 0.1607089 0.1751941 0.1750725
0.4720602 0.8222984 0.3537515 0.5847262 -0.2660331 0.3339951 0.1983377 0.1114444 0.5608155 0.0000000 0.7693375 0.6458414 -0.4239091 0.8362289 0.8200536 0.2224957 0.7939222 0.8251741 -0.4211974 -0.4155327 0.7524109 -0.5758491 0.2701523 0.6571950 -0.3518666 -0.0672292 0.3561651 0.4280763 0.7276980 0.3987939 -0.5917324 -0.1987417 0.2593422 0.4467525 0.4107236 0.6125453 -0.0570301 -0.4452837 0.7540749 0.7133956 -0.4923536 0.4658668 0.5957792 0.5519250 0.3412669 -0.4092467 -0.1085000 -0.4686641 0.7221678 -0.4939118 0.1876439 0.7577046 0.5429138 0.8083462 -0.5705829 -0.5314824 -0.3115178 0.8053185 -0.4625583 0.1542518 -0.1681717 0.3408956 -0.6216783 0.7869727 -0.1675414 -0.5270637 -0.3408749 0.4131121 -0.6596600 0.6216961 -0.6116988 0.2663201 -0.4651673 0.2604755 -0.5729804 0.6696992 0.5887260 -0.5490380 0.2203008 0.7394407 -0.3433581 -0.3645431 -0.4155046 -0.6531740 -0.5972258 -0.4772449 -0.1993382 -0.5369431 -0.6175814 -0.6991129 -0.5555628 -0.5585811 -0.2768084 -0.5541438 -0.5037971 -0.6250630 -0.7352843 -0.2941874 -0.7089233 -0.5513221 -0.5324001 -0.1690001 -0.3011398 -0.3614417 -0.7230734 -0.5559620 -0.3491333 -0.4427948 -0.6747337 -0.0549863 -0.6472823 -0.4176725 -0.3817760 -0.2837961 -0.2470486 -0.1053480 -0.1458411 -0.2511206 -0.0849725 -0.1445033 -0.4224823 -0.4622392 -0.6019334 -0.0987983 -0.3732808 -0.3044832 -0.7541786 -0.6642468 -0.2518904 -0.5310316 -0.4137717 -0.8826677 -0.7177988 -0.1390315 -0.7860102 -0.4648276 -0.1090545 -0.1403507 -0.0907950 -0.3326631 -0.7591694 -0.3526757 -0.7518906 0.0161722 -0.0435361 -0.6244865 -0.1714148 -0.2015127 -0.7184436 -0.6704719 -0.5103013 -0.1821704 -0.5351770 -0.6628954 -0.7849795 -0.2661046 -0.7844160 -0.6095694 -0.6931948 -0.2101392 -0.7687131 -0.7973883 -0.4876009 -0.6780103 -0.8179732 -0.4807303 -0.6385757 -0.6140476 -0.7199212 -0.8609299 -0.7340557 -0.7647259 0.7171930 0.6124261 0.2541018 -0.0461295 0.7455095 0.5272192 0.8648304 0.7286936 0.1457899 0.1530789 -0.0411378 0.0008614 -0.3539856 -0.3781647 -0.6666890 -0.4576659 0.4796397 0.6836039 0.0389349 0.8355764 0.6886108 0.3460386 -0.1303405 0.3000576 0.1990981 0.6897220 -0.0080851 -0.3006527 0.1801701 0.3704389 -0.0595914 0.2764978 0.0084283 0.1820584 -0.0107800 0.2006475 0.0288120 0.5815379 -0.2756371 0.6167498 -0.0017565 0.2037592 0.6965447 -0.2446737 -0.2451303 -0.2381542
0.3463613 0.6594132 0.6867512 0.8429246 0.0548364 -0.0205459 -0.3011908 0.6100731 0.3005913 0.7693375 0.0000000 0.2609071 -0.0292895 0.4500232 0.5029068 0.6167768 0.6388931 0.5472048 0.1366938 -0.0756942 0.5031733 -0.0925519 0.5628543 0.3243920 0.2309074 0.3826101 0.2043586 0.0485715 0.3338883 0.1918563 -0.1726005 0.3027641 -0.1440200 0.0322118 0.5559510 0.2259403 0.3016055 0.0981200 0.5348316 0.4137254 -0.1513119 0.1220038 0.5999557 0.2190196 0.1211787 0.0297097 0.1301121 -0.0909894 0.3874209 -0.0051789 0.3839384 0.7005935 0.5203899 0.7079239 -0.1586402 -0.1138473 0.0094301 0.5408750 -0.5319168 0.4319066 -0.2699249 0.6710718 -0.3139328 0.6765988 -0.0005733 -0.1588079 0.1614585 0.7132847 -0.2476540 0.8011747 -0.1660429 0.5508721 0.0518230 0.4148561 -0.0690770 0.7053509 0.5622517 -0.0910026 0.3755255 0.5980855 -0.0097123 -0.1906852 -0.2297308 -0.4837438 -0.3864011 -0.2839018 0.1382006 -0.3504313 -0.2884234 -0.4190399 -0.1799033 -0.2025308 -0.1732522 -0.3684810 -0.0428742 -0.1919525 -0.3733886 -0.2377579 -0.2350222 -0.4104324 -0.3378706 -0.3132954 -0.3860661 -0.2463937 -0.4279266 -0.2176741 -0.3104946 -0.4463659 -0.5386933 -0.0397943 -0.2239931 -0.3927157 -0.2104465 -0.0980023 -0.0342297 0.0030113 -0.0465851 -0.2341095 -0.1643798 -0.3103661 -0.4868934 -0.4056859 -0.4048852 -0.1455543 -0.3296533 -0.3352797 -0.6250729 -0.4844501 -0.3035169 -0.3567630 -0.4331322 -0.6328129 -0.6029662 -0.1711662 -0.6801753 -0.4536659 -0.2323224 -0.2857446 -0.2289998 -0.4031355 -0.4853366 -0.4348108 -0.4690081 0.0011466 -0.2036689 -0.5210466 -0.3049926 -0.2984670 -0.4062605 -0.5669671 -0.4422373 -0.1455102 -0.5330906 -0.3309057 -0.7171520 -0.0164170 -0.4379521 -0.5153963 -0.3383624 0.0165868 -0.6180743 -0.6830928 -0.1151251 -0.3309189 -0.6773843 -0.1824807 -0.2915235 -0.2736062 -0.4414475 -0.6343309 -0.3811431 -0.4815270 0.5740323 0.4965728 -0.0130722 -0.4089600 0.4595357 0.3558467 0.6725823 0.7142530 0.0605531 0.0586049 -0.2713557 -0.2108407 -0.4991920 -0.3101398 -0.5731085 -0.3207125 0.3895305 0.5501383 -0.1479842 0.6480844 0.5628052 0.1982107 -0.2099898 0.2826099 0.1639426 0.5319798 0.3331386 -0.3188289 0.0822585 0.0537361 -0.2451223 0.1004584 -0.1268473 0.2183093 -0.2052361 0.3001524 -0.0380793 0.4035126 -0.4462299 0.2949552 -0.0263149 0.3407571 0.4515815 -0.0080534 -0.0235780 -0.0066478
0.6883766 0.7265449 0.2596799 0.2816743 -0.1212330 0.7812277 0.7609891 -0.0864363 0.7989216 0.6458414 0.2609071 0.0000000 -0.2511115 0.6610909 0.7315182 -0.3331519 0.4155358 0.4414405 -0.6908396 -0.2200379 0.8566637 -0.4863584 -0.3374702 0.6603781 -0.6705129 -0.4958124 0.1536684 0.4410522 0.8680102 0.3258501 -0.4269654 -0.6735642 0.5333714 0.7307843 -0.2470606 0.8582277 -0.6447412 -0.7003822 0.3306313 0.4040576 -0.5338579 0.8179231 -0.0413505 0.3950236 0.5825348 -0.8269647 -0.6794123 -0.5629603 0.6631142 -0.8552480 -0.4946924 0.2627075 0.6064547 0.4302353 -0.7748552 -0.8338581 -0.7829567 0.6244010 0.1152894 -0.5329785 0.2934086 -0.0622216 -0.4396485 0.6496453 0.0907968 -0.7722279 -0.6343670 0.2032330 -0.6835081 0.4539126 -0.7280442 0.2889873 -0.5377717 0.3752787 -0.5796397 0.5964637 0.6567145 -0.6343034 0.2430048 0.6618240 -0.3146160 -0.0749635 -0.1007667 -0.3176373 -0.3249488 -0.3475733 -0.1685435 -0.1732088 -0.4675031 -0.4743646 -0.5337447 -0.5236343 -0.5116786 -0.1016537 -0.6458930 -0.8172850 -0.7685162 -0.4743250 -0.7365515 -0.0848218 -0.3202728 -0.1131606 -0.1929844 0.0032507 -0.8093931 -0.8032519 -0.5265104 -0.5281585 -0.5908379 -0.4501119 -0.7634963 -0.4835236 -0.7614061 -0.7216746 -0.6536057 -0.5515438 -0.5964181 -0.5431196 -0.3891443 0.0965470 -0.4582006 -0.6785478 -0.3077108 -0.3958672 -0.1979670 0.0303191 -0.7855548 -0.2477227 0.1645788 -0.5500631 -0.0642669 -0.6045408 -0.7501494 0.2120602 -0.5730862 -0.0702709 0.1439134 0.3382748 0.3082126 -0.0491143 -0.5785157 0.0773752 -0.7081499 0.2390439 0.2933616 -0.4201035 0.2437241 0.2034292 -0.7005803 -0.5000586 -0.4150532 0.0680460 -0.1894685 -0.6368001 -0.4538082 -0.0731821 -0.7074981 -0.2807344 -0.6784976 -0.2041697 -0.6529776 -0.6089585 -0.3299378 -0.7570695 -0.6865051 -0.2117534 -0.6196438 -0.6225974 -0.7037982 -0.6904174 -0.6563075 -0.7126303 0.7322580 0.7510996 0.7516619 0.5375764 0.9003819 0.7162150 0.8175266 0.7322657 0.5269812 0.3720139 0.4629348 0.3191716 0.2352823 0.0649899 -0.1351429 -0.2016064 0.5843209 0.6187920 0.3739092 0.6976807 0.6201787 0.7574803 0.2208145 0.4916180 0.5055835 0.7370181 -0.0630994 0.0698157 0.1981588 0.1548215 0.0870040 0.5444695 0.1928008 0.4534091 0.3929372 0.5427201 -0.0621502 0.3769383 0.0467488 0.7506156 0.2782513 0.3838229 0.7970860 0.0006097 0.0514680 0.1108860
-0.0404972 -0.2886414 0.5294679 0.0955071 0.9007412 -0.0956749 -0.2984202 0.7244611 -0.0375587 -0.4239091 -0.0292895 -0.2511115 0.0000000 -0.3966225 -0.5421880 0.0828694 -0.2372460 -0.4621011 0.7074841 0.8320047 -0.3965685 0.8451782 -0.0952498 -0.3349519 0.5801670 0.3210252 -0.1583531 -0.2505985 -0.5125743 -0.1066043 0.9138448 0.4052796 -0.0951478 -0.1293128 -0.3362293 -0.4644357 0.2573963 0.6868697 -0.3734754 -0.4286032 0.7846552 -0.3548104 -0.4402943 -0.3490801 -0.0856262 0.4703054 0.1925099 0.7742715 -0.2825679 0.5295774 -0.1434635 -0.3630304 0.3540438 -0.3760851 0.7051226 0.6009039 0.3731340 -0.3744829 -0.0014858 -0.0650164 0.1401694 0.0129728 0.8705952 -0.0348318 0.8434124 0.6338406 0.5328503 0.0931288 0.8109434 0.1894407 0.6930617 0.5587907 0.6414864 0.6046532 0.7770485 0.1258654 0.1390878 0.5896726 0.3909626 -0.0325057 0.6655307 0.4153908 0.4921320 0.4684021 0.5202521 0.3714422 0.4254046 0.4624864 0.5595192 0.5846672 0.3888081 0.5030474 0.0258400 0.3096622 0.3286358 0.4788483 0.3303234 -0.0235320 0.3583513 0.0669674 0.3309479 -0.1009621 -0.2664876 0.1603591 0.2168788 0.1395134 0.0482985 -0.1856046 0.0734098 -0.2941738 0.4031635 -0.0602052 0.0691160 -0.0346056 0.0420653 -0.0164204 -0.1214543 -0.2824647 -0.1849584 -0.1985980 -0.1895454 -0.1563366 0.6303706 -0.0567792 0.0625000 0.1064581 0.1315240 0.7513577 0.0294207 0.4400874 0.1973610 0.6113346 0.2941636 0.2948018 0.4382139 0.5745194 0.1887948 0.0252851 0.1520729 0.0812941 0.7322165 0.1579544 0.6296593 0.3218665 0.1078250 0.6164890 0.1543114 0.2446741 0.6337505 0.3282325 0.1764549 0.3918392 0.2452580 0.7201984 0.3788934 0.6720672 0.6240566 0.4535801 0.6848587 0.2850023 0.3602421 0.2251199 0.7190891 0.3754159 0.2798346 0.7332602 0.6565190 0.6693487 0.4746617 0.4351130 0.6344782 0.5675726 -0.2608301 -0.0193893 -0.2226742 -0.2838402 -0.2253423 -0.0382648 -0.2861861 -0.1386835 -0.2458473 -0.4111591 -0.2496468 -0.4541554 -0.0278368 0.7317750 0.5668781 0.7981931 0.2128532 0.0224304 -0.1402960 -0.1623804 -0.0907208 0.0127837 0.0400213 -0.0086428 0.1461801 -0.1515793 0.5928821 0.1406843 0.1357424 -0.2847559 0.0857477 0.1380549 0.3092686 0.3832630 -0.0728813 0.4030809 0.2559837 -0.1014403 0.2185920 -0.2519995 0.6023146 0.2860938 -0.1063052 0.4072265 0.3186938 0.3145274
0.4458324 0.6546939 0.1536607 0.4070966 -0.2162028 0.5028180 0.3191650 -0.1055753 0.6461537 0.8362289 0.4500232 0.6610909 -0.3966225 0.0000000 0.7321025 -0.0926700 0.8251681 0.7564155 -0.5270062 -0.3284479 0.7039468 -0.5857705 -0.0061927 0.8114760 -0.4574029 -0.2254872 0.6344574 0.7898516 0.7444576 0.7304944 -0.5051062 -0.2441315 0.6693629 0.6312287 0.2544497 0.6794965 -0.1030599 -0.4853538 0.8574944 0.8952127 -0.3344708 0.4712456 0.5493762 0.8404628 0.2285574 -0.4103224 -0.1214119 -0.3546816 0.9297805 -0.6057190 0.0931154 0.7249581 0.4825618 0.7807453 -0.5255045 -0.5226462 -0.2927585 0.9226546 -0.4468000 0.0511614 -0.2766661 0.1328773 -0.5101729 0.7113572 -0.1477262 -0.5187808 -0.4813278 0.1537047 -0.6599693 0.4611326 -0.6697266 0.1045567 -0.6125683 0.1589830 -0.6789754 0.5885075 0.5155106 -0.5974318 0.2069463 0.6523245 -0.5094709 -0.3313446 -0.4821934 -0.5169857 -0.5504754 -0.5003693 -0.4425814 -0.5748179 -0.7031089 -0.6995599 -0.6493482 -0.4779921 0.0189094 -0.6064580 -0.7258197 -0.6901976 -0.6645870 0.0038404 -0.8304904 -0.5964240 -0.7078023 0.1195233 -0.1800218 -0.5084880 -0.7150919 -0.6682361 -0.0361776 -0.1660728 -0.4702590 0.1887427 -0.6983891 -0.0796976 -0.1976742 -0.0941067 -0.0460568 0.1418386 0.0524622 -0.0473069 0.1739880 0.1415981 -0.1770758 -0.3397905 -0.6472991 0.0487658 -0.1153421 -0.0168508 -0.6539497 -0.4515029 0.0446293 -0.4210062 -0.1262508 -0.7221742 -0.5602829 0.1828451 -0.5590213 -0.1755342 0.1613095 0.1729603 0.2082338 -0.0120062 -0.6559279 0.0022349 -0.6275116 0.1955865 0.2756453 -0.4506077 0.1503119 0.1232052 -0.6641236 -0.3989491 -0.2409087 0.0689189 -0.1936484 -0.6348935 -0.4485572 -0.1586565 -0.7172995 -0.3359478 -0.6442451 -0.1101652 -0.5266940 -0.5335029 -0.4082743 -0.6431530 -0.5554132 -0.3639287 -0.6238166 -0.5754097 -0.6154909 -0.7054767 -0.6937782 -0.6695004 0.5653168 0.4229741 0.2300404 0.0074689 0.6004476 0.3761187 0.6966411 0.4978189 -0.0492003 -0.0076900 -0.0295538 -0.0760169 -0.3308629 -0.3785852 -0.5882648 -0.2651327 0.4098093 0.5576895 0.2630288 0.7083699 0.4423144 0.3453194 0.0930180 0.3032720 0.3044153 0.4624950 -0.2339111 -0.0074698 0.2608563 0.4991378 0.2202783 0.5033608 0.3756967 0.2161926 0.3029814 0.1903448 0.1412620 0.4563040 0.0037814 0.7157176 0.2319298 0.1153652 0.7980644 -0.4035086 -0.3312278 -0.1393919
0.6483262 0.8708460 0.2334647 0.5284172 -0.4746213 0.5526407 0.3359622 -0.0684362 0.6993512 0.8200536 0.5029068 0.7315182 -0.5421880 0.7321025 0.0000000 -0.0430683 0.5391584 0.8399316 -0.5973420 -0.5690668 0.8543261 -0.6301339 -0.0070691 0.6691914 -0.5250521 -0.3185657 0.0859708 0.3829939 0.8656612 0.2306848 -0.7056486 -0.4220240 0.2888102 0.5054484 0.1307467 0.7471933 -0.3205483 -0.6101020 0.5241230 0.5658399 -0.7592012 0.6728468 0.3280354 0.4607489 0.5139906 -0.5773687 -0.3097276 -0.7363212 0.6673383 -0.6680990 -0.0061032 0.5728397 0.4940382 0.7132932 -0.7806210 -0.7143887 -0.4661153 0.7530269 -0.1128360 -0.0486327 0.1027362 0.2614534 -0.7938660 0.6737282 -0.2031321 -0.6747346 -0.4152409 0.3726249 -0.8408464 0.5036173 -0.6518387 0.1840512 -0.4764673 0.1001401 -0.6370649 0.5540501 0.4111683 -0.5792311 0.1882852 0.5301801 -0.3908230 -0.5063470 -0.4772367 -0.6478116 -0.6632610 -0.5728059 -0.2086561 -0.5712058 -0.6968217 -0.7785719 -0.4697157 -0.5075224 -0.1602894 -0.5031838 -0.5805734 -0.7522135 -0.5911343 -0.2342297 -0.7348851 -0.3277613 -0.5880212 -0.1922243 -0.1847813 -0.3359138 -0.5729531 -0.4840980 -0.3881171 -0.3860304 -0.4380826 -0.0525500 -0.5592302 -0.3238930 -0.5344108 -0.3365165 -0.3196029 -0.2527214 -0.1982903 -0.1877358 -0.1426351 0.0119126 -0.3291556 -0.3905548 -0.5010089 -0.3840874 -0.3427910 -0.1073035 -0.6338437 -0.5949119 -0.0617618 -0.6535028 -0.3324057 -0.7808619 -0.6497491 -0.1385431 -0.6557754 -0.3943764 -0.1660904 0.0041024 -0.1025948 -0.0089305 -0.7468212 -0.0892506 -0.7732423 -0.0951653 -0.0498814 -0.6450629 -0.1076205 -0.1683511 -0.7502486 -0.4172186 -0.2517912 -0.2023543 -0.3270905 -0.7420064 -0.5929680 -0.3393138 -0.7481051 -0.4274380 -0.7318987 -0.1207680 -0.6728498 -0.4872492 -0.5779363 -0.5558028 -0.6031041 -0.4590908 -0.7243297 -0.6893705 -0.6568842 -0.6450963 -0.7418146 -0.7787648 0.7338942 0.5626648 0.4674110 0.2385824 0.7092945 0.3696638 0.7990546 0.6508296 0.3373707 0.4394371 0.2703137 0.2983522 -0.0101453 -0.3300784 -0.4371850 -0.5867733 0.2956333 0.4726215 0.1331248 0.6289759 0.4805385 0.3827370 0.0240514 0.3189858 0.1883190 0.5328338 -0.1515404 -0.1069625 -0.0633777 0.1122550 -0.0267883 0.3549763 -0.1087988 0.2810815 0.1695353 0.2166948 -0.2879723 0.3378768 -0.0433169 0.7712116 -0.1117442 0.1703200 0.5739015 -0.1014935 0.0971150 0.0222561
-0.0372358 0.0276927 0.3067795 0.3229605 0.0054867 -0.2563558 -0.5690984 0.4149822 -0.1331104 0.2224957 0.6167768 -0.3331519 0.0828694 -0.0926700 -0.0430683 0.0000000 0.3038799 0.0588323 0.6133521 0.0961965 -0.0856220 0.2029777 0.9658426 -0.0672456 0.6413411 0.8356420 0.0086338 -0.3505475 -0.1421572 -0.2164628 0.1088473 0.6961608 -0.4533465 -0.2613669 0.8133306 -0.2283517 0.7412648 0.3861899 0.1339069 -0.0837863 0.1297111 -0.1627434 0.6020515 -0.2566654 0.0196386 0.5232466 0.6499755 0.1333725 -0.2358140 0.3800367 0.7930250 0.3585575 -0.0294396 0.3024676 0.2165566 0.3301502 0.5313411 0.0166093 -0.2793046 0.7917177 -0.1251611 0.7463807 -0.0801049 0.0225320 -0.1152279 0.3390698 0.6653480 0.6141781 0.1158570 0.3598092 0.3925726 0.0799978 0.4691110 -0.0668842 0.2912718 0.1172111 -0.0789097 0.3550466 -0.0458441 -0.0366138 0.0886513 -0.1415944 -0.0449719 -0.2352306 -0.1236861 0.0183445 0.3012629 -0.1474157 0.1467151 0.0017489 0.2432288 0.1394806 -0.0618181 -0.1270952 0.3946169 0.3637648 0.2992332 -0.0165025 0.2997782 -0.0870137 0.1262077 -0.3112002 -0.2211344 -0.0578819 0.2777768 0.3208739 -0.1795270 -0.0767783 -0.0764082 0.1252097 0.2944481 -0.1655900 0.2204408 0.2563250 0.1946228 0.1222760 0.1889037 0.0443777 -0.0453600 -0.3981034 -0.0937694 0.1389939 -0.2257704 0.1798248 -0.2122893 -0.4918477 0.0414320 -0.3395801 -0.5001516 -0.1247294 -0.4598856 -0.2277459 -0.1779877 -0.3872712 -0.3648858 -0.4896551 -0.5129285 -0.5981788 -0.5383850 -0.4540684 -0.0655332 -0.5808913 0.0019669 -0.3425000 -0.5057774 -0.0807108 -0.5687377 -0.5813902 0.1903622 -0.3129101 -0.2380481 -0.3878631 -0.4556967 0.2283179 -0.5369570 -0.1827616 0.2020545 -0.4444765 0.2440538 0.0150126 -0.2588371 -0.2263362 -0.0095281 0.2574755 -0.2023328 -0.1696151 0.2821986 0.2855828 0.2180599 0.0256303 0.1521876 0.1555066 -0.0151968 -0.1062451 -0.3300219 -0.5068863 -0.2590643 -0.2745275 -0.0520400 0.0856646 -0.0808208 -0.0201365 -0.3150324 -0.2488108 -0.3126685 -0.2421324 -0.1783124 -0.2348560 -0.1912411 -0.1032808 -0.4352794 -0.0349179 -0.0587093 -0.3452007 -0.4094892 -0.2549050 -0.3865567 -0.0665939 0.1362367 -0.5260158 -0.3480042 -0.1000993 -0.6565819 -0.5827107 -0.1601330 -0.0665765 -0.5973706 0.0762271 -0.0768322 -0.0657360 -0.5682631 -0.2968150 -0.2264863 -0.0673393 -0.0880594 0.2764305 0.0608395 -0.0703963
0.2483677 0.4809226 0.2472005 0.5051626 -0.1492844 0.2630301 -0.0048741 0.1490196 0.5346136 0.7939222 0.6388931 0.4155358 -0.2372460 0.8251681 0.5391584 0.3038799 0.0000000 0.5954007 -0.1374781 -0.1916927 0.5299424 -0.3185001 0.3599097 0.6835866 -0.0763203 0.0698295 0.6276536 0.5687728 0.5177667 0.6731656 -0.2769019 0.1472405 0.4648641 0.4338925 0.4761575 0.4726015 0.2250303 -0.1101188 0.9353997 0.8259215 -0.0860912 0.2477453 0.7466310 0.7093182 0.1377000 -0.0346235 0.1647075 -0.0933375 0.7926642 -0.2352173 0.3570508 0.8502854 0.5181315 0.8530345 -0.2125435 -0.1860108 0.0043589 0.8599165 -0.5351971 0.3329278 -0.2978630 0.4187384 -0.3524453 0.7160533 -0.0146537 -0.1909627 -0.1133389 0.3436283 -0.3964313 0.6090423 -0.3216270 0.2733773 -0.2834928 0.2742661 -0.2941243 0.6265547 0.5588823 -0.2506189 0.3418110 0.6882922 -0.2218473 -0.3408838 -0.4443277 -0.5325168 -0.4854422 -0.4347830 -0.4039612 -0.5349419 -0.5144727 -0.5462388 -0.5586617 -0.3630462 -0.0685787 -0.5665034 -0.4645730 -0.3418161 -0.4541969 -0.0974635 -0.5802203 -0.5890935 -0.5695582 -0.1373523 -0.3618681 -0.4977890 -0.4936027 -0.3542184 -0.1311419 -0.2201663 -0.5105973 0.1454251 -0.3499460 -0.1938515 -0.1260487 -0.0091964 -0.0317140 0.1585290 0.0551876 -0.1302463 0.0356912 -0.1543460 -0.3060593 -0.3245707 -0.6286164 0.1007388 -0.2656804 -0.2791555 -0.5474973 -0.4201857 -0.2343463 -0.2634740 -0.2889591 -0.6176329 -0.4549969 0.1366928 -0.5134616 -0.2277975 0.0350761 -0.0766638 0.0355316 -0.1263098 -0.4783719 -0.1812271 -0.3910465 0.2134401 0.0445840 -0.3354782 -0.0484217 -0.0450128 -0.4542931 -0.3286726 -0.1511702 0.0511809 -0.3091937 -0.4047757 -0.5121009 0.0395141 -0.4134562 -0.3817237 -0.3349361 0.0305236 -0.4371397 -0.5196772 -0.1404369 -0.3643648 -0.4939465 -0.2435906 -0.4156030 -0.3792976 -0.3804672 -0.5489432 -0.5463666 -0.4981405 0.4028763 0.3406581 -0.0598550 -0.3567209 0.4082485 0.2542149 0.5767519 0.4187046 -0.1083314 -0.1079500 -0.2039998 -0.2658739 -0.4643776 -0.3586939 -0.5334048 -0.1740199 0.4456742 0.6089937 -0.0494728 0.6899762 0.4414534 0.0864477 -0.1842670 0.0652484 0.1056258 0.4686253 0.0736552 -0.2755569 0.0076106 0.3664391 -0.0604725 0.3051029 0.2366581 0.2474149 -0.0415958 0.1489171 0.0044900 0.4375346 -0.2185842 0.6004475 0.2077824 0.2705241 0.7235983 -0.2557898 -0.3847310 -0.2871802
