0.0000000 0.2036246 0.7962672 0.3810371 0.6557431 -0.1733233 -0.2734110 0.7039757 -0.0798343 0.2306793 0.4303526 -0.0884940 0.8293790 -0.1444478 -0.3525560 0.4934755 0.0826847 -0.6279333 0.5172491 0.6077981 0.0830365 0.3931410 0.3252167 -0.4339330 0.2999620 0.4355002 -0.0098626 -0.5329534 0.0532021 -0.1847781 0.6495877 0.5271988 -0.4091191 -0.2264247 0.4632413 0.0804399 0.5510872 0.6583735 0.1837463 -0.2483943 0.5195220 -0.1825749 0.4066711 0.0703196 -0.2766506 0.5727879 0.5099406 0.6470614 -0.0762023 -0.0193597 0.5099861 0.3971636 -0.3224896 -0.1376165 0.6137419 0.0659847 0.5989146 0.0405944 0.3769814 0.5012369 0.6201502 0.3850462 0.4759990 0.2291214 0.4517400 0.6798842 0.4880072 0.5840944 0.3898169 0.2542688 0.6531594 0.0857726 0.4450483 0.5298284 0.6078848 0.2350632 -0.0633706 0.5862861 0.4692205 0.3866185 0.6401150 0.2290581 0.1521137 0.1311791 0.1595381 0.0205376 -0.1476189 -0.0095926 0.0326493 0.0525439 0.1492486 0.0745775 0.2327203 0.2009446 0.1166385 0.0825739 0.0815154 0.1894440 -0.1269746 -0.0510853 0.0157571 0.2158102 0.2885155 0.1344650 0.1070226 -0.1284295 0.4183485 0.4749640 0.3815472 0.5522051 0.2137124 0.5133313 0.1611654 0.2606886 0.2551945 0.0884127 0.2049075 0.3048070 0.1086946 0.3136952 0.2811164 0.2107462 -0.0689107 0.5094684 0.4489308 -0.1606199 -0.0296985 0.2521513 -0.2240616 0.2964968 0.2807979 0.0573731 -0.0296141 -0.0213789 -0.1648321 0.2952222 0.0955454 -0.2273715 -0.2063147 0.0600402 -0.1026538 -0.2152905 0.3452846 0.1062918 0.0173628 0.1207466 -0.1332223 -0.1563011 0.0199431 0.0625041 0.3409646 0.3055318 -0.0226995 -0.1696829 -0.0665886 0.6077418 0.3375095 -0.1413598 0.4037506 0.3903891 0.0937816 0.1518038 0.5436415 0.3397497 0.0258227 0.4851705 0.3062225 0.0313735 -0.1399059 -0.0632311 -0.0734400 -0.2504832 0.1747377 0.2839579 0.3802981 0.6271839 0.1920798 0.2049529 0.2875161 0.5220198 -0.0280321 0.2473072 0.2182323 0.1477045 0.6193100 0.8960718 0.7885083 0.7603297 0.1082127 0.0333986 0.4041216 0.4627194 0.4973192 0.4617883 -0.0094036 0.0332538 0.0319809 0.4004896 0.4138983 -0.1648764 0.2233962 0.2964456 0.0107408 0.3945580 -0.1503515 0.3984027 -0.2431063 -0.1718915 0.2612197 0.4698222 0.1701340 -0.1158367 0.2621601 -0.0613053 -0.0277530 0.4897479 -0.0774773 -0.1190420
0.2036246 0.0000000 0.0425256 0.7369457 -0.1549682 0.8226290 0.6830977 0.6257625 0.2962580 0.3421418 0.3616738 0.7324166 0.0289234 0.1418288 0.5388190 0.1978791 -0.0936891 0.3951666 0.1473430 -0.0158186 0.5966254 0.2287608 0.2089489 0.3251305 0.1524313 0.3281872 0.3277459 0.0283815 0.5141875 0.0682460 0.2399446 0.0700064 0.5551252 0.5689531 0.1538304 0.4572290 0.2761562 0.1981064 0.2424137 0.3544857 0.2587671 0.4612265 0.1521709 0.0257706 0.6263066 -0.0556160 0.3371376 0.1357166 0.4873601 0.0731848 0.2409559 0.2013454 0.6554634 0.2568346 -0.0521850 0.1730092 0.3590953 0.3604080 -0.2700368 0.2000028 0.0674155 0.1739882 -0.0515037 0.8035825 0.6375429 0.0419628 0.2703568 0.5648887 -0.1105837 0.7807456 0.0439580 0.7461538 0.4233161 0.7511499 -0.1470149 0.8809036 0.6209906 0.3946366 0.4212361 0.6952656 0.3034678 0.4959745 0.5436873 0.1473890 0.3052801 0.0392271 -0.0478066 0.5291101 0.0674579 0.1522221 -0.0994558 -0.1354343 -0.0227213 0.5932776 0.2874125 -0.0841248 -0.2208074 0.0008235 0.3406301 0.1949114 0.3727431 -0.1877301 -0.0454141 0.4704316 -0.1910135 -0.0041850 -0.0284883 0.0477570 -0.1356831 0.0785200 -0.0429427 -0.1166531 0.0336243 -0.2079333 -0.2370317 -0.3706510 -0.3611516 -0.1763786 -0.3632212 -0.2915072 -0.2508156 -0.2843716 0.0300127 0.2189800 -0.1319963 -0.2511110 -0.2006938 0.0188988 -0.4213408 0.0114851 -0.0782234 0.2281286 0.0881348 0.4792944 0.0548052 0.1450749 0.1397889 -0.1864459 -0.1625790 -0.1192103 -0.2326605 -0.4333725 -0.1188906 0.3313659 0.3081672 0.2305061 -0.1814077 -0.2012737 0.0382757 -0.3686885 -0.2624238 0.1119144 -0.1537757 -0.2299894 -0.1286294 0.1840152 -0.1789777 -0.0553208 0.0277141 -0.2285880 -0.0776434 -0.2378205 0.1071176 0.0147573 -0.1308945 -0.0483057 -0.0051886 0.0169462 -0.0915540 -0.2221233 -0.0830056 -0.2271561 0.7693833 0.6885112 0.8531896 0.6163173 0.6727514 0.4906786 0.5431675 0.3437354 0.4542236 0.3588000 -0.0434469 0.1620444 -0.2239970 0.1769128 -0.1648773 0.4400978 0.6464213 0.5227412 -0.2156089 0.6722556 0.3908725 -0.0514600 -0.3871141 0.0605830 0.5005871 0.4703816 0.4235966 0.2745642 0.2862843 0.3999836 0.1793587 0.4688779 0.1705303 0.0312044 -0.0214561 0.2162504 0.2957770 0.5919574 0.3015812 0.6654927 0.0235698 0.5055040 0.6021516 0.2016389 0.3263482 0.1740109
0.7962672 0.0425256 0.0000000 0.3578403 0.8864367 -0.3033403 -0.3952821 0.6235866 -0.0490378 0.0850630 0.4100535 -0.1566274 0.8689217 -0.3141994 -0.3591364 0.3778470 -0.1092395 -0.6751977 0.2989850 0.3841384 0.0377761 0.0898918 0.3562754 -0.4240000 0.0516775 0.2468078 -0.0834505 -0.3935670 0.1288971 -0.1415421 0.5201881 0.4387080 -0.3235435 -0.2359121 0.4725296 0.0580905 0.4709644 0.7124547 0.2316698 -0.1154622 0.4432858 -0.2535851 0.4226821 0.0357092 -0.4847441 0.5163183 0.6229294 0.6886062 -0.2369679 0.1838745 0.6197269 0.3970652 -0.4909316 -0.3408294 0.7301350 0.1501479 0.6894960 -0.2048282 0.2413671 0.5146840 0.2705645 0.2100932 0.5000684 0.0650310 0.1484515 0.7183414 0.3319244 0.3675100 0.3858973 0.1516070 0.5589600 0.0646901 0.2470017 0.4222709 0.5293615 0.0860089 -0.0682680 0.4159810 0.4159774 0.3455168 0.7150029 0.2811648 -0.0765979 -0.0726647 0.0828796 -0.0133758 -0.1645273 0.1047857 -0.0325527 -0.0445371 0.1387987 0.0272013 0.2120139 0.0310653 0.3254695 0.1584598 0.0251461 0.1435935 -0.3440057 -0.3706974 -0.1344384 0.1606044 0.2130340 -0.3060814 0.0578097 0.0348496 0.3315007 0.3363584 0.3194085 0.4209891 0.1318750 0.3738379 0.0743940 0.3251070 0.2477610 0.2213831 0.2481595 0.2400259 0.1599513 0.1532306 0.1825425 0.2024105 0.0521921 0.5167545 0.3995213 -0.1397806 0.0231633 0.2545427 -0.1976369 0.3632431 0.2208856 0.1316613 -0.0606749 0.1398188 -0.0925120 0.2743722 0.1686673 -0.2814105 -0.3113319 -0.1366483 -0.0569265 -0.2734306 0.3415375 0.0182105 0.0470195 0.3128064 -0.1670749 -0.1207482 -0.0714645 0.0028645 0.2009054 0.3508546 -0.0370221 -0.0193287 -0.0976879 0.4735922 0.3380647 -0.0873024 0.4466958 0.2543148 0.2063629 0.1384731 0.4606454 0.2486424 0.0275060 0.3782548 0.3375509 0.1213370 -0.0705586 -0.0139615 -0.0285327 -0.1976640 -0.1027892 0.2476353 0.2298720 0.4652756 0.2254045 0.4192081 0.3436810 0.7155112 0.2899739 0.4375953 0.0506113 0.1398711 0.4871889 0.7720959 0.6511995 0.7380730 0.0971768 0.0609870 0.1676285 0.4164456 0.6574560 0.3432098 -0.1092452 -0.1058514 -0.0463497 0.4256149 0.5301067 -0.2107339 0.2242179 0.2770281 0.1215354 0.4256117 -0.0619169 0.6365129 -0.1467782 -0.1015715 0.1241907 0.3850799 0.1354847 -0.0308664 0.2686989 0.0899454 0.0690023 0.4880794 -0.1769887 -0.0094289
0.3810371 0.7369457 0.3578403 0.0000000 0.1771583 0.5865152 0.4628690 0.7356764 0.6002065 0.5853151 0.6397161 0.7013742 0.2945487 0.2720110 0.5819443 0.2503506 0.1648780 0.2011720 0.2095364 0.0734153 0.7153698 0.1905450 0.4310918 0.4464172 0.1416391 0.3705632 0.4913025 0.1963949 0.7668085 0.4547481 0.3630729 0.2186669 0.4811536 0.6446896 0.3897794 0.6673480 0.3540740 0.4200657 0.5869113 0.3329493 0.3748044 0.4599593 0.4620097 0.2018034 0.2884203 0.2044787 0.5486786 0.3310654 0.5485526 -0.0437182 0.4279487 0.4123579 0.4206247 0.0856471 0.1574038 0.0774990 0.4564936 0.4182670 0.0943848 0.2400055 0.2545450 0.1192531 0.0704900 0.8124831 0.7053191 0.1834374 0.2323749 0.6565266 -0.0268612 0.8590573 0.1725334 0.8584547 0.3487999 0.8797281 0.0660129 0.7172523 0.6862175 0.3681474 0.5553781 0.6798785 0.5669315 0.6994954 0.5484188 0.2102239 0.5241870 0.2099022 0.1616253 0.6000889 0.3027759 0.4312527 0.3004470 0.2087845 0.2799642 0.6396547 0.5364012 0.3221938 0.0979531 0.2725256 0.2453156 0.3720299 0.5047135 0.1333671 0.3136279 0.2765380 0.0508397 0.2831663 0.2962309 0.3506450 0.1281706 0.3712417 0.1596338 0.1573561 -0.1791161 -0.0961815 -0.0157120 -0.0603387 -0.0028125 0.0864102 0.0477741 0.0630562 0.1010992 0.1097569 0.3050221 0.5766983 0.1604323 -0.0890587 0.1651178 0.3352370 -0.1831171 0.4116253 0.3296357 0.4152137 0.4343330 0.6114644 0.2129470 0.4449236 0.5501951 0.1274254 0.1552017 0.2500526 0.0846280 -0.1690134 0.2104379 0.5346927 0.5755022 0.5349636 0.0585469 0.0127174 0.2467530 -0.0325688 0.0385366 0.4032041 0.1486860 0.0659092 0.1279748 0.4543802 0.1226403 0.2476153 0.3127347 -0.0038671 0.3437994 0.1235244 0.3292934 0.1848993 0.2281106 0.2927469 0.3118083 0.2136806 -0.0442373 0.0077615 0.2452698 -0.0741836 0.2951220 0.4223591 0.7640990 0.8175972 0.7349258 0.5044114 0.7227721 0.6167385 0.5642268 0.6210363 0.2705412 0.4109474 0.1340796 0.4223654 0.1727860 0.5055936 0.7355063 0.6839807 0.1202108 0.6933309 0.6014932 0.2993564 -0.0891749 0.2552124 0.5604084 0.6077520 0.6240431 0.2893834 0.6538599 0.7471092 0.6468301 0.8100299 0.4137203 0.4171252 0.2415141 0.2832493 0.5007809 0.7361926 0.6613580 0.6183134 0.4333903 0.6197633 0.4463488 0.3260541 0.2362980 0.3338345
0.6557431 -0.1549682 0.8864367 0.1771583 0.0000000 -0.4347414 -0.6018098 0.5112206 0.0860014 0.0419695 0.3454570 -0.3001761 0.8943560 -0.1678660 -0.4080001 0.3544504 0.0523472 -0.6598399 0.3249772 0.4652826 0.0032375 0.0561451 0.3581145 -0.4658760 0.0200242 0.2677860 -0.0785226 -0.3487177 0.1237407 -0.2129271 0.4909533 0.3571352 -0.3853248 -0.2791489 0.4825878 0.0116167 0.3742486 0.6373214 0.2575255 -0.2663277 0.3568104 -0.2007170 0.4433276 0.0501586 -0.5370862 0.5558827 0.5561792 0.6221738 -0.3217055 0.2023037 0.5870589 0.3012892 -0.6105671 -0.3486401 0.7674992 0.0667554 0.5940402 -0.2741060 0.2480527 0.3572569 0.3300657 0.0677558 0.5494196 -0.1038563 -0.0019710 0.7342699 0.1428463 0.1641126 0.4546233 -0.0354921 0.4865120 -0.0832904 0.0604048 0.2857000 0.5585882 -0.1651790 -0.1806633 0.2827877 0.3019869 0.1634035 0.7277810 0.2866203 -0.1130509 0.0202625 0.1426051 0.0416742 -0.1838529 0.0612873 -0.0038526 0.0415894 0.1113726 0.0673773 0.2437703 0.0151471 0.1849219 0.1648837 0.1884205 0.3691056 -0.3670837 -0.2146714 -0.0589300 0.2073006 0.2534122 -0.3585382 0.2489554 0.0946805 0.2789521 0.3400515 0.3122524 0.3732826 0.1645137 0.3302117 0.1259805 0.3896504 0.2696763 0.3242643 0.2908669 0.1510702 0.2079401 0.1187297 0.1613303 0.1798520 0.0298015 0.3356552 0.3339533 0.0262049 -0.0211646 0.2260783 0.1037103 0.3260087 0.3407525 0.1364352 -0.0112407 0.0576565 0.0000081 0.2269871 0.3151196 0.0128594 -0.1032195 -0.1104471 0.0851969 -0.1205324 0.4539319 0.0903185 0.2035736 0.3280518 -0.0169106 0.0644411 0.0305451 0.0469398 0.1714393 0.4903576 0.0675085 0.1734374 -0.0289282 0.5814516 0.4404941 0.1466149 0.4844799 0.2854077 0.3109654 0.2333817 0.4937936 0.3204655 0.1619252 0.5311325 0.5084793 0.2406947 0.0345623 0.1652278 0.2317785 0.0325439 -0.3211862 0.1411057 0.0812120 0.3326017 0.1078479 0.4084736 0.2644927 0.6958123 0.2769612 0.4728748 0.1798176 0.3408205 0.4815449 0.7707619 0.6308835 0.7022507 -0.0107560 -0.0740600 0.0780937 0.2852299 0.4842418 0.2433660 0.0150982 -0.0727147 -0.1442972 0.2192354 0.4310613 -0.1491406 0.1990295 0.2943146 0.1483663 0.2683918 -0.1523647 0.7057844 -0.0646463 -0.2196287 0.1377743 0.3602689 0.1848636 -0.1849528 0.2567524 0.0034454 -0.0838185 0.4778590 -0.0446394 0.1060591
-0.1733233 0.8226290 -0.3033403 0.5865152 -0.4347414 0.0000000 0.8409565 0.3166948 0.4638555 0.4510837 0.3508854 0.7923980 -0.2671459 0.4083846 0.7652810 0.1317042 0.1828076 0.6923692 -0.0884553 -0.2488143 0.4752418 0.0878931 0.3104736 0.5505773 0.0202879 0.3014455 0.5862116 0.2397810 0.4632975 0.2614028 0.0205610 -0.0670000 0.7009760 0.6563558 0.1959565 0.4133452 0.1498519 -0.0428065 0.3498650 0.5740285 0.1409051 0.6353776 0.1850569 0.2185115 0.8468292 -0.2499864 0.2647553 -0.0463580 0.7189709 0.1826357 0.1889623 0.3105437 0.8857075 0.5066219 -0.2302047 0.3179478 0.1726185 0.4716168 -0.2833121 0.1666968 -0.0148390 0.1798026 -0.1277412 0.6854402 0.6408412 -0.1597057 0.1754510 0.3860139 -0.1661912 0.5734505 -0.1083733 0.6409190 0.2973752 0.4457403 -0.2710000 0.6978184 0.5325422 0.1924812 0.2066047 0.4568782 0.0561354 0.4879466 0.6565990 0.3446312 0.4244133 0.1001833 0.0239477 0.5979092 0.1505107 0.2343655 -0.0294277 -0.0538578 -0.0932728 0.4109762 0.3786352 0.0036826 -0.1082958 -0.1577088 0.4525091 0.3193462 0.3614080 -0.2413577 -0.0181381 0.4904268 -0.1272465 0.1679168 -0.0621981 -0.0440364 -0.1326555 0.0231382 0.0319749 -0.1721656 -0.0467596 -0.2396552 -0.2742490 -0.3598747 -0.4116856 -0.2387381 -0.3402838 -0.3372525 -0.2837693 -0.3095233 0.0349360 -0.0311490 -0.1916263 -0.2848478 -0.2059268 -0.0378529 -0.3137591 -0.0580150 -0.1253149 0.1824400 0.1077944 0.3941154 0.1748692 0.1281464 0.1337656 -0.0689121 0.0196225 0.0275952 0.0176447 -0.2425351 -0.1025637 0.3985924 0.3174011 0.1779964 -0.0337954 -0.0895447 0.1855317 -0.2270118 -0.1872574 0.1432697 -0.0215279 0.0082256 0.0201398 0.0589738 -0.1965217 0.1608327 -0.0300873 -0.1719520 -0.0066019 -0.1336621 -0.0236315 0.0400283 0.0177371 -0.0053924 0.0065710 0.1312863 0.0619184 -0.0896802 0.0909605 0.0102432 0.6342075 0.2749295 0.6148482 0.2636193 0.4224966 0.1378529 0.3092484 0.1647420 0.4711508 0.1698068 -0.0138225 0.1609240 -0.3457478 -0.1554606 -0.3641304 0.1270360 0.4844561 0.4231575 -0.3207209 0.4370157 0.1530131 -0.1625121 -0.3782503 0.0007135 0.2867811 0.2663774 0.2298689 0.2093152 0.2780854 0.4036730 0.2594676 0.2805596 0.2158554 -0.1526517 0.1084036 0.1682018 0.2838261 0.4795794 0.3620482 0.6527752 0.0715001 0.4696425 0.5745537 0.0807319 0.5461448 0.2938492
-0.2734110 0.6830977 -0.3952821 0.4628690 -0.6018098 0.8409565 0.0000000 0.0664742 0.2843220 0.1797916 0.0782008 0.8219129 -0.4474389 0.1542683 0.8229664 -0.0977578 -0.0216311 0.7844178 -0.2727054 -0.3662562 0.3740896 0.0310121 0.1790559 0.6702872 -0.0712210 0.0751913 0.5737077 0.4646609 0.3713547 0.5159991 -0.0621755 -0.1319891 0.7799505 0.6515783 0.0631110 0.2311699 0.0477061 -0.1525077 0.3703529 0.7561876 0.0801694 0.3999987 0.1195245 0.0772141 0.7449957 -0.3607963 0.0745352 -0.1316932 0.5699331 -0.0701664 -0.0015412 0.2378414 0.7993913 0.4102951 -0.4658535 0.1162886 -0.0061678 0.3807134 -0.1602546 0.0070909 -0.1828347 0.0898150 -0.3524190 0.5525767 0.4488316 -0.3571766 0.1040734 0.3186241 -0.3673458 0.5439919 -0.1479806 0.4789068 0.2455692 0.2563355 -0.3866134 0.6338787 0.5075392 0.0566367 0.1355887 0.2999485 -0.2622205 0.3275011 0.5329479 0.1599789 0.1800644 0.1590951 0.1576582 0.4968733 0.2047262 0.1678842 0.0686991 0.0019808 -0.1219804 0.3136606 0.4518375 0.0995710 -0.2471719 -0.2902094 0.4740233 0.2180404 0.3606789 -0.2171024 -0.0321263 0.4552207 -0.2766499 0.2215066 -0.0853282 -0.1077070 -0.1556326 -0.0968346 0.0229255 -0.2403608 -0.1595735 -0.3857042 -0.4133780 -0.3862151 -0.4311823 -0.2442322 -0.3380921 -0.2429248 -0.2659940 -0.3116014 0.2146675 0.0620637 -0.3169929 -0.1283856 -0.0538068 0.0940209 -0.3858584 -0.0489867 -0.1884297 0.2472946 0.2655637 0.4462753 0.2711732 0.2011081 0.1139964 -0.1469406 0.0026455 0.0194061 0.0540093 -0.2117878 -0.1887341 0.2223809 0.1813828 0.2513150 -0.0937454 -0.1692051 0.1818609 -0.1918859 -0.2563482 -0.1606603 -0.0607472 -0.0127203 0.1994275 -0.3063671 -0.2933548 0.0730373 -0.1834662 -0.2680369 0.1087418 -0.1149416 -0.0716569 -0.0975700 0.0959544 -0.2445779 -0.1325549 0.0102055 -0.0254119 -0.0754549 0.0063331 -0.0549338 0.5596154 0.1944691 0.4988506 0.2468009 0.3792025 0.0720945 0.1901333 -0.1111686 0.2750787 -0.0329315 -0.1107442 -0.0415654 -0.2829294 -0.3295977 -0.3543912 -0.0602522 0.3937066 0.4516076 -0.1388953 0.2283513 -0.0229159 -0.1494410 -0.2328065 0.0858438 0.3526152 0.1805059 0.0367544 0.2284374 0.2883867 0.2744851 0.2886131 0.3369578 0.5726507 -0.2664375 0.1269437 0.5019559 0.3996951 0.2983787 0.3151841 0.5748378 0.2347819 0.3954779 0.3859853 0.0019944 0.3074377 0.1546679
0.7039757 0.6257625 0.6235866 0.7356764 0.5112206 0.3166948 0.0664742 0.0000000 0.2590669 0.5429872 0.7441032 0.2494628 0.7269124 0.0778799 0.0388239 0.6507234 0.1593196 -0.2708015 0.6336841 0.5823734 0.4207206 0.4717917 0.5140958 -0.1638006 0.4464920 0.6481158 0.3084211 -0.3713556 0.4058181 -0.0211476 0.7054397 0.5318166 -0.0179538 0.1240999 0.4667699 0.5119082 0.6169930 0.7207729 0.3756041 -0.0611213 0.6139650 0.3115422 0.4900192 0.2434968 0.1195345 0.5776218 0.6975958 0.6261300 0.3307441 0.1807242 0.5647442 0.4559478 0.1162675 0.2446423 0.5797165 0.2531028 0.7352540 0.4382364 0.2476815 0.5340812 0.4974589 0.4687987 0.5014314 0.7357420 0.6721439 0.6493547 0.5429839 0.7427431 0.3631311 0.6471218 0.5828590 0.5924435 0.5668900 0.8112866 0.5124332 0.5902321 0.2780692 0.6635295 0.6491741 0.6173469 0.7106942 0.5135207 0.5092876 0.3572530 0.5187986 0.2120810 -0.1344683 0.5561879 0.2156828 0.3397754 0.0537519 0.0865952 0.2753815 0.6273757 0.1972211 0.0726004 0.1733636 0.3724294 0.2276004 0.1444288 0.4005788 0.2129317 0.3064642 0.3360995 0.1914508 0.1027591 0.3473887 0.4745636 0.2844908 0.5010982 0.2297502 0.3390906 0.2860534 0.3383157 0.2294223 0.1679448 0.1352769 0.1691156 0.1159163 0.1269427 0.2027335 0.1800120 -0.0162926 0.4756145 0.3515891 -0.1858418 0.0709029 0.2219946 -0.2485651 0.4473719 0.4158896 0.3883691 0.1688574 0.3626864 0.1091568 0.3481265 0.3951409 -0.0563275 -0.0367613 0.1075769 0.0244930 -0.2258481 0.3105126 0.1940419 0.3804677 0.4429949 0.0626502 -0.0003965 0.2429814 -0.0656244 0.1245051 0.2976090 0.1953027 0.0578437 -0.0183356 0.6080202 0.3846276 0.0411809 0.5414076 0.2632611 0.2094163 0.1844744 0.3415292 0.4769720 0.1444146 0.3295496 0.2946206 0.3276626 0.1485322 0.1314275 0.1847273 0.0175265 0.4565156 0.6244694 0.8015736 0.8136462 0.4178836 0.4082052 0.4410295 0.6245578 0.4837571 0.6902729 0.3431272 0.4473734 0.3978531 0.7344143 0.4845505 0.7458741 0.4189952 0.2891297 0.1314737 0.6732902 0.5775621 0.2980827 -0.1591653 0.0590140 0.1907494 0.3742632 0.5300744 -0.0099088 0.3685856 0.5875386 0.3497686 0.5196256 -0.0587662 0.4751341 -0.0738654 -0.1565925 0.3228269 0.6740673 0.4323473 0.2151863 0.2229552 0.2346157 0.2179864 0.5424456 0.2391574 0.2069619
-0.0798343 0.2962580 -0.0490378 0.6002065 0.0860014 0.4638555 0.2843220 0.2590669 0.0000000 0.4955679 0.4274651 0.6214172 0.0505896 0.6272487 0.6907053 0.1425567 0.6039094 0.3796342 -0.0225390 -0.0424679 0.6209909 0.0005256 0.4804528 0.6342823 -0.0889345 0.2255310 0.6024521 0.5315098 0.7505574 0.4198334 0.1386489 -0.0752932 0.4943867 0.6801393 0.3017319 0.6289197 -0.0228414 0.0132427 0.6474354 0.1682296 0.1067949 0.7078580 0.4355291 0.2224683 0.3427294 -0.0595242 0.2388460 0.0786221 0.5235957 -0.1849974 0.2475922 0.1994276 0.4445823 0.0937403 0.0067357 0.0036636 0.0856927 0.3816644 0.1317045 -0.1169901 0.3669903 -0.2118242 0.0373974 0.4022617 0.4839271 0.0676190 -0.2108101 0.2025652 0.0298704 0.5050765 -0.1104942 0.5258154 -0.1096869 0.4177480 -0.0531241 0.2850393 0.5755782 -0.0670249 0.2246012 0.4031478 0.4523741 0.4931894 0.5288174 0.4577427 0.6270363 0.3416445 0.1797717 0.5365391 0.3817672 0.6323855 0.2830419 0.3652238 0.1534791 0.4487499 0.4488540 0.4439268 0.3648037 0.3724261 0.3193195 0.7339598 0.6151412 0.0904889 0.3353082 0.1916946 0.3313867 0.5144790 0.0523337 0.1913892 0.0088227 0.1413654 0.2188987 -0.0108288 -0.1868586 -0.1154251 -0.0733751 0.0059846 -0.0828069 -0.1148649 0.0463572 -0.0823614 -0.0639871 -0.0569567 0.2092596 0.1050955 -0.0163461 0.1334478 0.0127457 0.1878042 0.3762198 0.2101293 0.4109549 0.3820783 0.4418437 0.3785937 0.4992043 0.3031083 0.7500330 0.6067265 0.6128186 0.4775319 0.4416213 0.2832051 0.4289279 0.8307240 0.9018193 0.4309614 0.5245284 0.5300323 0.5361435 0.2286242 0.0994788 0.7051294 0.4476556 0.5140802 0.3522857 0.4785305 0.3246095 0.8586888 0.3703914 0.1346118 0.4595235 0.3413994 0.2457019 0.3341765 0.4992004 0.5456062 0.4947577 0.5325699 0.3484067 0.3990370 0.7570520 0.4898015 -0.0727120 -0.0821466 0.3099515 0.3616628 0.4713862 0.2814680 0.5122345 0.4535649 0.5487579 0.5166459 0.5333240 0.6948136 0.0678400 0.1455376 0.0242355 0.2230629 0.5166363 0.4937822 -0.0590727 0.4081004 0.3434379 0.1178346 0.2161093 0.3990184 0.3661502 0.2408916 0.5161330 0.4802759 0.6653663 0.8025766 0.6463389 0.3875593 0.3823320 0.4507132 0.4597882 0.1393529 0.5103334 0.6829239 0.7286665 0.4627092 0.5412257 0.5739370 0.3066322 0.1143644 0.6340471 0.6981812
0.2306793 0.3421418 0.0850630 0.5853151 0.0419695 0.4510837 0.1797916 0.5429872 0.4955679 0.0000000 0.8915043 0.3419914 0.2322683 0.6415589 0.3103208 0.6087954 0.7057813 0.0914569 0.5846981 0.3149661 0.4119696 0.5078187 0.6312313 0.1540117 0.6046486 0.7160622 0.4952788 -0.1585973 0.3932905 0.2488719 0.4589175 0.5379389 0.0363264 0.2530511 0.5145947 0.6434540 0.5552784 0.4763683 0.5093090 0.1269534 0.5206691 0.5719949 0.5787141 0.5204758 0.2671138 0.4510067 0.5446626 0.3627794 0.6277314 0.1062474 0.4020624 0.6277738 0.3570372 0.5732394 0.1530702 0.2238559 0.4120539 0.6549977 0.2700518 0.4866979 0.5020231 0.5635700 0.3727956 0.6084028 0.6916017 0.2726019 0.5486753 0.7322574 0.3383383 0.4707457 0.4445220 0.6213877 0.5896771 0.5228340 0.4511352 0.4877794 0.2434529 0.5964519 0.5815541 0.3352020 0.4065917 0.5540263 0.5127262 0.4175743 0.6819959 0.1882101 0.2178527 0.4338596 0.3625362 0.4617550 0.3951742 0.4449505 0.5404812 0.4291892 0.0681150 0.2732569 0.5318654 0.3653419 0.3508724 0.4096101 0.4492330 0.3920340 0.4895574 0.5621581 0.4026306 0.2555065 0.5213368 0.5842909 0.4504974 0.5484050 0.3195792 0.4612432 0.2130743 0.2936825 0.3352498 0.2920690 0.2829408 0.2571181 0.3317450 0.3957189 0.4377020 0.4173900 0.0714860 0.3834774 0.4671054 0.0461006 0.2982403 0.2030144 0.1062048 0.4865886 0.5845025 0.0998503 0.3665788 0.2287602 0.0077564 0.3098347 0.4213210 0.3389630 0.3668014 0.5937817 0.1315513 0.1465140 0.2089022 0.2241533 0.3866649 0.2605418 0.2600430 -0.0060325 0.2865035 0.2475549 0.3696564 0.2896887 0.4442614 0.1974812 0.1656310 0.4474562 0.3873023 0.2684484 0.4160609 0.4393860 0.2422639 0.3658327 0.2245014 0.4704450 0.3076127 0.3384851 0.3473839 0.2921287 0.2372431 0.2050147 0.2539524 0.1597357 0.1858145 0.0215335 0.4020420 0.4768959 0.1763332 -0.0814180 0.2457083 0.2616763 0.1453263 0.3611011 0.5067375 0.4247295 0.2717724 0.4016940 0.3001705 0.2568492 0.3187974 0.2516788 0.3643026 0.2887484 0.2613833 0.5188065 0.1671815 0.3496021 0.1401259 0.3418135 0.2020765 0.1390250 0.4811408 0.5341653 0.5411792 0.4952639 0.1001595 0.3237210 0.1636609 -0.0116021 0.2763525 0.3357033 0.4574360 0.3404736 0.3172031 0.3643158 0.3197647 0.2651682 0.1878501 0.0381157
0.4303526 0.3616738 0.4100535 0.6397161 0.3454570 0.3508854 0.0782008 0.7441032 0.4274651 0.8915043 0.0000000 0.2211771 0.5502056 0.3959893 0.1441491 0.7908734 0.6238214 -0.1486063 0.6841958 0.4719582 0.2593404 0.5597193 0.8069376 -0.0713766 0.6101832 0.8225875 0.5347842 -0.2640558 0.3203266 0.2066259 0.6718625 0.6825117 -0.0426443 0.0868268 0.7148621 0.5302771 0.7484357 0.7166488 0.6008540 0.1138833 0.6890059 0.3872087 0.7534425 0.5493324 0.1058900 0.6276545 0.7952978 0.6222075 0.5357792 0.2007907 0.6922695 0.7383331 0.1476810 0.4906951 0.4755485 0.4203137 0.7320675 0.6185862 0.3270577 0.7281983 0.5470456 0.6807382 0.6373232 0.6153948 0.6436257 0.5904265 0.6783065 0.7668688 0.5624295 0.4372815 0.6390661 0.5482050 0.6621440 0.5504465 0.6488870 0.4538858 0.1124716 0.7044386 0.6635472 0.3962405 0.5359855 0.5760450 0.4700298 0.4033117 0.6508410 0.2767651 0.1574673 0.4945810 0.4262693 0.4652007 0.3922461 0.4215200 0.5414247 0.4869405 0.2226959 0.3333147 0.5452802 0.3443022 0.3069379 0.2278526 0.4117598 0.3719215 0.5017347 0.4447142 0.4752765 0.3251703 0.5628715 0.6072100 0.5722076 0.6126208 0.4068905 0.5547774 0.3784390 0.4541568 0.4056593 0.4207206 0.3290423 0.3236474 0.3458773 0.3876720 0.4341555 0.3789957 0.0913862 0.4891426 0.5599731 0.0121659 0.2443516 0.3116148 0.0551223 0.5811969 0.6060620 0.2037405 0.2727079 0.3808747 0.0392266 0.4506605 0.4767822 0.1533200 0.1786497 0.4854997 0.2042738 0.1202986 0.3517053 0.1369111 0.4054641 0.4760502 0.2068208 -0.0156465 0.2672122 0.2965229 0.4283870 0.3126990 0.4640407 0.2538715 0.2003979 0.5087837 0.5067282 0.2286340 0.5694611 0.5056930 0.3239792 0.4350947 0.3383289 0.5543884 0.3488786 0.3724758 0.4263819 0.3505219 0.2198449 0.2376148 0.2509378 0.1177714 0.2094367 0.2473416 0.5282765 0.5730060 0.2054331 0.1085136 0.2562858 0.4915610 0.3769782 0.5816489 0.4644150 0.4766908 0.4012181 0.6097213 0.4419418 0.4858153 0.2192515 0.1218919 0.3004635 0.3198289 0.4054231 0.4729664 0.0743147 0.2088206 -0.0484825 0.3167703 0.3367733 -0.0332879 0.5216902 0.6257275 0.5594016 0.5278304 0.0431058 0.4598016 0.0170386 -0.0265325 0.3570668 0.4856716 0.4792541 0.3408874 0.3784738 0.2993780 0.2762107 0.4976990 0.2142212 0.1538008
-0.0884940 0.7324166 -0.1566274 0.7013742 -0.3001761 0.7923980 0.8219129 0.2494628 0.6214172 0.3419914 0.2211771 0.0000000 -0.2587163 0.3342142 0.8861332 -0.1182154 0.0786100 0.6624802 -0.2274365 -0.2990279 0.7770041 0.0046409 0.2261529 0.7689535 -0.1277425 0.0543493 0.4662025 0.5166989 0.7343546 0.4385739 0.0342194 -0.1578927 0.8040610 0.8499559 0.0837163 0.5789442 -0.0120561 -0.0537841 0.4643543 0.5793889 0.1175919 0.6393875 0.1954880 0.0514573 0.6634437 -0.3553013 0.1484636 -0.0385831 0.5802398 -0.2585179 0.0633003 0.1815603 0.7873419 0.1555803 -0.3725490 -0.0776595 0.0512626 0.3241084 -0.1781808 -0.0998188 0.0322068 -0.1494767 -0.2934668 0.6331534 0.5828534 -0.2208162 -0.0691819 0.4002718 -0.3203007 0.7963574 -0.1629296 0.7363862 0.1049149 0.5965967 -0.3547777 0.7649177 0.8457123 0.0581844 0.2716257 0.5925920 0.1556804 0.4474613 0.5177792 0.1458898 0.2982822 0.0745454 0.1063272 0.5177007 0.1211383 0.2378980 0.0708148 0.0472427 -0.0620287 0.3293238 0.4760474 0.1800102 -0.1469947 -0.0630983 0.3029701 0.3918406 0.4027807 -0.2002243 0.0324017 0.3016583 -0.2395134 0.2198192 -0.1418976 -0.0418379 -0.2606143 -0.0934102 -0.0912798 -0.3010636 -0.3457124 -0.4758731 -0.4488717 -0.4540360 -0.4352263 -0.3122473 -0.3557240 -0.3073719 -0.3178036 -0.3157593 0.1740387 0.1673073 -0.3098824 0.0236519 -0.1317067 0.0382317 -0.1673914 -0.0140535 -0.0309283 0.2572249 0.3081674 0.4119626 0.3262271 0.1560860 0.3748226 0.1424192 0.2006109 0.1525511 0.0077624 -0.1785700 -0.0386053 0.5867516 0.5303251 0.2722571 0.0707533 0.0195046 0.2712892 -0.2024605 -0.2413026 0.2382039 -0.0048988 0.0283652 0.0896298 0.0320607 -0.1436347 0.3265180 -0.0058388 -0.2278671 0.1536605 -0.0833796 0.0351213 -0.0038551 0.0991077 0.0209254 0.0240165 0.1774908 0.0722130 -0.0033045 0.2254611 0.0594079 0.3752626 0.1676031 0.4899492 0.4736279 0.7310171 0.3589506 0.6321244 0.2283427 0.3816594 0.1508653 0.0301860 0.1488414 -0.2289730 -0.0455451 -0.2015275 0.2451102 0.7698409 0.8009402 -0.1458560 0.5802235 0.3488335 -0.0494793 -0.0638599 0.3255326 0.6526394 0.4176464 0.3768413 0.5776543 0.4467099 0.4938549 0.4234249 0.5734127 0.5872672 0.1092429 0.3183822 0.4156372 0.4039242 0.5134640 0.4592462 0.7160761 0.3328407 0.6480004 0.5876748 -0.0387538 0.3234831 0.2941088
0.8293790 0.0289234 0.8689217 0.2945487 0.8943560 -0.2671459 -0.4474389 0.7269124 0.0505896 0.2322683 0.5502056 -0.2587163 0.0000000 -0.1517231 -0.4036712 0.6451546 0.2046529 -0.6923251 0.5813405 0.7031453 -0.0520834 0.3608569 0.5394595 -0.5369394 0.3096693 0.5579671 0.1405161 -0.4990314 0.0440865 -0.1518263 0.7331011 0.6016760 -0.4374064 -0.3340536 0.6321017 0.0615419 0.6253687 0.7955548 0.3592493 -0.2425910 0.5891378 -0.1414782 0.5967488 0.2117298 -0.3918855 0.7426687 0.7007776 0.7777903 -0.1038068 0.2121919 0.7066096 0.4857564 -0.4827360 -0.0621058 0.8637713 0.2486129 0.7572321 0.0627361 0.4730697 0.5946875 0.5787328 0.4039199 0.7190357 0.1483449 0.2828679 0.8784915 0.4666988 0.4450225 0.6052819 0.0816012 0.7324553 -0.0095787 0.3758472 0.3764360 0.7689329 0.0059401 -0.2376088 0.5423661 0.4614714 0.2332258 0.7062255 0.3168631 0.1312455 0.2264107 0.3098123 0.2018038 -0.1384383 0.1853409 0.1987186 0.2221654 0.1873866 0.1769301 0.3383998 0.2481767 0.1878836 0.2084996 0.3096985 0.3722323 -0.0640923 -0.1090729 0.1346489 0.3142953 0.3744067 0.0009667 0.3813155 0.1411857 0.4607056 0.5260698 0.5175790 0.5912464 0.3694561 0.5592760 0.3625393 0.5448250 0.4043419 0.4144072 0.3559011 0.3072592 0.2919403 0.3072219 0.3372865 0.2868634 0.0043917 0.4518030 0.5178206 -0.0813544 0.0734326 0.3455033 -0.0230521 0.4858275 0.4899537 0.2405512 0.0640971 0.1534455 0.0187364 0.4058130 0.3521178 -0.0813815 -0.0815865 0.0711621 0.1899843 -0.0658383 0.5156996 0.0412597 0.2054998 0.4172588 0.0533920 0.0495186 0.1441474 0.1762709 0.3573733 0.3891131 0.2241808 0.2041117 0.1127123 0.6363828 0.5658566 0.0979045 0.5974470 0.4787475 0.3568885 0.3599046 0.5465117 0.5145380 0.2742381 0.5570675 0.5211427 0.2853426 0.0767732 0.2141195 0.2244129 0.0215200 -0.0345513 0.2675209 0.3348284 0.5210959 0.0396434 0.2411486 0.1601201 0.6488638 0.2595463 0.5409717 0.3642371 0.4203962 0.6911736 0.8963362 0.7954941 0.7510926 -0.0671098 -0.1524607 0.2654418 0.3124118 0.4545551 0.3963525 0.0164464 -0.0342601 -0.2211918 0.2057207 0.4167336 -0.2803459 0.3041245 0.4309712 0.2142241 0.3103759 -0.1849019 0.5986039 -0.1873019 -0.2489192 0.3072301 0.4896859 0.2901987 -0.1931935 0.3374166 -0.0885725 -0.1543071 0.6508229 0.0814608 0.1322965
-0.1444478 0.1418288 -0.3141994 0.2720110 -0.1678660 0.4083846 0.1542683 0.0778799 0.6272487 0.6415589 0.3959893 0.3342142 -0.1517231 0.0000000 0.4991707 0.1249268 0.6688695 0.4912865 0.0866341 -0.0809864 0.4269257 0.1964506 0.2732700 0.5012181 0.1498481 0.2344258 0.3584429 0.2605210 0.5164057 0.1577479 0.0263907 0.0327565 0.2254266 0.4962558 0.1852647 0.5187539 -0.0098034 -0.0409826 0.2783273 0.1113865 0.0790436 0.6345682 0.2600328 0.0588739 0.3254657 -0.0982479 0.0018978 -0.0408228 0.3278245 0.0751772 0.0139949 0.2404339 0.3898076 0.2575884 -0.2590905 -0.0814928 -0.1266513 0.2902001 0.0766648 -0.0925646 0.3358564 0.0102243 -0.0616321 0.1907530 0.3969670 -0.1392785 -0.0383053 0.1361083 -0.0602757 0.2041264 -0.1469298 0.3424164 0.0715752 0.1852897 -0.0641811 0.1722952 0.2249083 0.1119260 0.3454727 0.0803953 0.1990805 0.4186816 0.5810009 0.5494382 0.6235227 0.3245302 0.2650180 0.3229548 0.3406285 0.4484022 0.2958863 0.3975183 0.2919593 0.2100665 0.0980536 0.3567629 0.4207322 0.2889731 0.2915920 0.6158599 0.3687429 0.2007386 0.4756491 0.3470398 0.3321465 0.4144183 0.1918931 0.3263941 0.1662988 0.2815746 0.3423424 0.1504445 -0.2152583 -0.1235615 0.1768709 0.0096551 0.0953847 0.1066462 0.1384546 0.1754799 0.1402544 0.0898765 0.2500740 -0.0082535 0.1413171 0.0676677 -0.0269437 0.1831047 0.2838148 0.0312293 0.2409528 0.2221514 0.2523630 -0.0695162 0.3379685 0.2433381 0.2852929 0.5356946 0.5060367 0.5103361 0.2910589 0.3004978 0.4401289 0.4494766 0.3839315 0.0831020 0.4814959 0.3788658 0.5308415 0.3291310 0.3249402 0.5491217 0.4506647 0.4045794 0.2381584 0.5358701 0.3753003 0.5847319 0.4119995 0.4080989 0.1401778 0.4210271 0.3239883 0.4625189 0.3416999 0.5210468 0.4303588 0.4684811 0.3622186 0.4086904 0.4705287 0.4143964 0.0404803 -0.2602320 0.1032933 0.0993874 0.0212649 -0.1638962 0.0562271 -0.0603947 0.0003228 0.1261499 0.4766554 0.5132401 0.0301477 0.0072389 -0.0045204 -0.0591186 0.1559140 0.1550805 0.1516114 0.0647995 -0.1471111 0.2074534 0.1723312 0.1121884 0.0711559 0.1289069 -0.0820681 0.1309824 0.3034353 0.2872450 0.2998658 0.1089677 0.0892814 -0.0120551 0.1169196 -0.0261712 0.2085620 0.2471225 0.5140634 0.1037769 0.2534707 0.1533298 0.1274985 0.2046448 0.3391797 0.0902774
-0.3525560 0.5388190 -0.3591364 0.5819443 -0.4080001 0.7652810 0.8229664 0.0388239 0.6907053 0.3103208 0.1441491 0.8861332 -0.4036712 0.4991707 0.0000000 -0.2131517 0.1953832 0.8620842 -0.3723857 -0.4685455 0.6352583 -0.1441293 0.2148728 0.9257694 -0.2386036 -0.0215782 0.6279654 0.7363683 0.7416718 0.6438747 -0.1610618 -0.2694031 0.8804340 0.9128633 0.0914818 0.4912558 -0.1406134 -0.2012388 0.5322059 0.6953448 -0.0483905 0.6362024 0.2026048 0.0625377 0.6457709 -0.4067499 0.0370674 -0.1888019 0.5523408 -0.0765770 -0.0151787 0.2025225 0.7493495 0.2002576 -0.4867362 -0.1051553 -0.1401518 0.2984372 -0.0852176 -0.2330565 -0.1003069 -0.2265973 -0.4393399 0.4799724 0.4384855 -0.4166968 -0.2031674 0.1807214 -0.4624103 0.5827440 -0.3339301 0.5811514 -0.0244732 0.3345599 -0.4719176 0.4913345 0.6633287 -0.1337606 0.1754546 0.2753437 -0.0132752 0.5419250 0.5777780 0.2415046 0.3902215 0.2526840 0.2352731 0.5918050 0.2934468 0.3706095 0.2196021 0.1709958 0.0044447 0.3355909 0.5803537 0.3334639 -0.0653951 -0.0196914 0.3827021 0.4842402 0.5147531 -0.1133037 0.1507108 0.2715646 -0.1165889 0.4692586 -0.0549083 -0.0139948 -0.1614698 -0.0335503 0.1024543 -0.2471135 -0.4253527 -0.4666632 -0.3704787 -0.3221098 -0.3382741 -0.2650999 -0.2051609 -0.2088150 -0.2365163 -0.2346505 0.4081725 0.0887272 -0.3113388 0.0315934 0.0094531 0.2165140 -0.0584125 0.0312042 0.0154491 0.4144061 0.4911873 0.4755477 0.5026449 0.2968047 0.4344902 0.2857359 0.3703635 0.2127124 0.2593751 -0.0224400 0.0748812 0.5764990 0.5319490 0.3950482 0.1878946 0.1610494 0.4061546 -0.0562714 -0.1977319 0.2795219 0.1480014 0.2874813 0.3183888 0.0085026 -0.0840991 0.5163344 0.0197468 -0.1938604 0.3370089 0.0783542 0.1188110 0.0331424 0.3172412 0.1109952 0.2072692 0.2770142 0.1201506 0.1536086 0.3950534 0.1950874 0.2031597 -0.0344179 0.4004944 0.2894365 0.4622664 0.1584334 0.3608829 0.0540020 0.3843164 0.1681087 0.1656649 0.3178598 -0.2228162 -0.2799135 -0.3116265 -0.0690643 0.5300394 0.6083039 -0.0980504 0.2741173 0.0443978 -0.0207530 -0.0175137 0.2412320 0.4948166 0.2851820 0.1735936 0.4071872 0.5101934 0.4853746 0.5447539 0.4484764 0.6876002 0.0007541 0.4077997 0.5112455 0.4786000 0.4317518 0.6029505 0.5647289 0.4360175 0.5744986 0.3814274 0.0477476 0.4123113 0.3644539
0.4934755 0.1978791 0.3778470 0.2503506 0.3544504 0.1317042 -0.0977578 0.6507234 0.1425567 0.6087954 0.7908734 -0.1182154 0.6451546 0.1249268 -0.2131517 0.0000000 0.5921563 -0.3948085 0.8208083 0.7346956 -0.1602408 0.6997356 0.7861107 -0.4507074 0.7280575 0.8992534 0.4378504 -0.5612903 -0.1341010 -0.1259783 0.7998381 0.8105897 -0.4119389 -0.3495107 0.6705505 0.1475782 0.8184466 0.7183626 0.4390640 -0.1261427 0.7552883 0.1328164 0.6848954 0.3992061 -0.0104060 0.7466410 0.7150785 0.7398565 0.2819891 0.2099566 0.6869158 0.6409645 -0.0585387 0.5737228 0.6744217 0.6194477 0.7647189 0.5615824 0.4626949 0.8086039 0.6366176 0.8364560 0.8355251 0.3690349 0.4946566 0.8077679 0.8175899 0.6902263 0.8046997 0.1368198 0.8233815 0.1158796 0.7518252 0.2221922 0.8480170 0.2594661 -0.2751745 0.7616226 0.5549306 0.3024036 0.4547710 0.2447322 0.4105917 0.4919942 0.5637897 0.3679169 0.0814940 0.3836577 0.4412906 0.4635746 0.2840266 0.4178590 0.4645295 0.4954394 0.0258963 0.2018017 0.5547018 0.3218205 0.4549334 0.0818514 0.4118544 0.4298562 0.4443984 0.5793346 0.6139992 0.2394162 0.5553016 0.6137844 0.6641867 0.6262480 0.5331707 0.6796118 0.7957886 0.7605517 0.5500731 0.5785836 0.3759836 0.3871577 0.3727367 0.3849426 0.4521142 0.3605931 -0.0989319 0.3319480 0.6424048 -0.1919712 0.2071113 0.2607690 -0.0593800 0.5460818 0.5830157 0.1427873 0.1040356 0.2498565 -0.0613801 0.3749134 0.2964382 -0.1122963 -0.0243944 0.3300789 0.2106183 0.0747059 0.3567989 -0.0929885 0.2003839 0.3311781 0.1939277 0.0236630 0.1761359 0.3449115 0.4766579 0.1248618 0.4661897 0.2435855 0.2693822 0.3756219 0.5787749 0.1165990 0.5577596 0.6385303 0.2572750 0.4602789 0.2897563 0.6359070 0.3638190 0.3235602 0.3649091 0.2892092 0.3106039 0.2894664 0.1746863 0.1476976 0.3791905 0.2921947 0.4488777 0.3774108 -0.1174795 -0.0376457 -0.0820542 0.3440854 0.2517713 0.5119492 0.4960351 0.4424397 0.5496941 0.6030563 0.5629499 0.4681583 -0.1631511 -0.2900028 0.2720372 0.1631792 0.2887240 0.4255030 -0.0288106 0.0516267 -0.3327907 0.1196518 0.2819653 -0.2849898 0.3639219 0.4882417 0.2493222 0.1545307 -0.1778529 0.4019859 -0.3061706 -0.1944468 0.3531024 0.4330085 0.2735866 0.0543778 0.3105085 0.0313862 0.0407134 0.5194489 0.3172373 0.1510901
0.0826847 -0.0936891 -0.1092395 0.1648780 0.0523472 0.1828076 -0.0216311 0.1593196 0.6039094 0.7057813 0.6238214 0.0786100 0.2046529 0.6688695 0.1953832 0.5921563 0.0000000 0.0381611 0.4315127 0.3457554 0.0288460 0.4104871 0.6920295 0.0999062 0.4055798 0.6255713 0.6143053 0.0270304 0.1318029 0.2385714 0.3770121 0.3738766 -0.1017666 0.0611388 0.5627350 0.2981913 0.3557265 0.2011957 0.5551999 -0.0457023 0.3465740 0.4270769 0.6197270 0.5169970 0.1605842 0.3488951 0.3234445 0.2618742 0.4752776 -0.0430186 0.3723071 0.4978878 0.1488523 0.4900177 0.1824098 0.2365400 0.2056906 0.5704847 0.4527112 0.3210817 0.6949010 0.4089641 0.4364444 0.1593591 0.4582995 0.3103088 0.2960052 0.3455014 0.4759632 0.0121442 0.3456735 0.0744952 0.2751899 0.0128142 0.4821513 -0.0182641 -0.1162613 0.2735886 0.2542834 -0.0106542 0.2206177 0.2853389 0.4374104 0.5938796 0.6130965 0.3658326 0.2295743 0.2162289 0.4959471 0.5892104 0.4432586 0.5626690 0.3978663 0.2803054 0.0759515 0.4107317 0.6964896 0.3284945 0.3995095 0.6237974 0.4808583 0.3470620 0.5136074 0.5141134 0.6568622 0.4100047 0.4149547 0.4760819 0.5059416 0.4558092 0.5002214 0.4962062 0.3135779 0.3231447 0.3260197 0.3749892 0.2430721 0.2146814 0.3286607 0.4019056 0.3601782 0.2549989 0.0265085 0.0688431 0.4009306 0.1721050 0.1378800 0.2385434 0.4835534 0.3208513 0.6038620 0.0719351 0.3066376 0.0552110 0.1880473 0.3437520 0.4791264 0.5088749 0.5717045 0.7227250 0.4813220 0.5382167 0.4723836 0.3614888 0.4934081 0.2150160 0.5147409 0.3313275 0.4613054 0.5739049 0.5516542 0.4481047 0.6276732 0.4966115 0.4525531 0.4537676 0.5567394 0.6390084 0.4419049 0.6231978 0.3634135 0.5800249 0.3235625 0.5731176 0.5611391 0.5949176 0.5338090 0.4171005 0.3619207 0.4434151 0.5485746 0.4465118 -0.0744667 -0.3099480 0.0732978 0.1275081 -0.1759996 -0.3205999 -0.0961011 0.1118037 0.0433486 0.2168425 0.6925173 0.5888552 0.4091923 0.3027867 0.3507468 0.0721986 -0.1204944 -0.1669062 0.3493910 -0.0895806 -0.0420274 0.4041221 0.4031509 0.3605892 -0.2231290 -0.0363463 0.0682008 0.0520419 0.4863055 0.5476117 0.4252102 0.0796315 0.0392381 0.2363026 0.1563910 -0.0741472 0.4265128 0.3460626 0.4731856 0.0585387 0.4820896 0.0975753 -0.0199332 0.2590312 0.4922484 0.3142758
