0.0000000 0.0823472 0.8810633 -0.3445550 0.8092054 -0.4490412 -0.1252014 0.0560800 -0.4760326 -0.5570417 -0.5192385 -0.3075646 0.6423236 -0.4843959 -0.2482680 -0.4176041 -0.5050112 0.1713887 -0.2744942 0.6213469 -0.3485610 0.0866221 -0.3878513 -0.1412493 -0.2430939 -0.3017583 -0.2874367 -0.2699213 -0.5312356 -0.1342367 0.3051772 -0.0176609 -0.3030206 -0.4876518 -0.2701674 -0.3640185 -0.0398189 0.2071511 -0.2436379 -0.3596241 0.6716672 -0.5128502 -0.2809899 -0.2948895 -0.5002252 0.0535420 -0.0230324 0.5780075 -0.3696090 0.0612342 -0.0774484 -0.3029805 -0.5310392 -0.4045013 0.6011608 0.3196655 0.1313812 -0.4970460 0.1697792 -0.1559242 -0.4783365 -0.3245467 0.4909306 -0.5945013 -0.4852720 0.3308398 -0.1346822 -0.3635925 0.3230242 -0.6079358 -0.0780475 -0.5208322 -0.2445076 -0.2516700 -0.2994344 -0.5525512 -0.5580568 -0.3383466 -0.3427506 -0.3574025 -0.0186960 -0.0461049 -0.2498514 -0.1089776 -0.4818101 -0.1278244 0.1425517 0.1214988 -0.1002843 -0.2548725 -0.1226117 0.0069792 0.1093839 0.4110605 -0.2950272 -0.3611637 0.0594269 0.0770607 -0.3018635 0.2501432 0.1511557 -0.2496250 -0.1969629 0.6351469 -0.4473797 -0.6099371 -0.4306326 -0.2735373 -0.4416981 -0.3746515 -0.5906848 -0.4143360 -0.0556431 -0.0478865 -0.1616578 -0.1559941 -0.0920294 -0.3219575 -0.0323335 -0.2934377 -0.1412678 -0.2380995 0.3346021 -0.1260400 -0.4058110 -0.3039633 -0.1551165 0.0489557 -0.4471462 -0.5283786 -0.4580714 0.1375569 -0.4183511 -0.4399371 0.1343525 0.0288064 -0.4301724 -0.4316624 -0.2650676 -0.4922761 0.1418275 -0.4623036 0.1686991 -0.3146575 -0.4995712 -0.3348615 -0.3130666 -0.2527663 0.1042212 -0.4016322 -0.1648395 -0.4194780 -0.4905128 -0.3796091 0.0698119 -0.3345829 -0.0954008 -0.3234677 0.0129090 -0.2179089 0.0481667 -0.4775398 -0.5372330 -0.2105111 -0.1545799 -0.4590162 -0.5036126 -0.0394175 -0.1880138 -0.3223791 0.0432718 0.0886970 0.2581667 -0.4640356 -0.3883863 -0.0040345 -0.0424439 0.5177407 -0.0513129 0.0645880 0.4371054 0.0192229 -0.3679342 0.0056186 -0.0193275 0.2855820 0.6831731 0.5568541 -0.3033690 -0.4934505 -0.2703380 -0.2060645 0.1069036 -0.2440442 -0.2579097 -0.3098858 -0.2997050 0.0599375 0.1235768 -0.3285231 0.6583060 0.3690291 0.0128456 0.0882877 0.7413510 0.6118136 -0.2048234 0.6114377 0.4871027 0.0229312 -0.2792312 -0.3646946 0.7745766 0.1167315 -0.0860804 0.6892481 -0.3850893 -0.4114715
0.0823472 0.0000000 -0.0814296 0.6542689 -0.0923195 0.5141345 0.5378394 0.5580763 0.4533335 0.3889407 0.4119377 0.5463954 0.0012857 0.0929928 0.5771994 0.2999245 0.0874176 0.1458349 0.1171903 -0.1620808 0.2988885 0.0965666 0.1938317 0.6126844 -0.0116169 -0.0923211 -0.0528129 0.5701369 0.5711507 0.0008932 0.2026205 -0.1812919 0.6732985 0.6067039 -0.1527315 0.2740137 -0.1524242 -0.0803215 -0.0817525 0.1465349 0.1352296 0.6158689 -0.0312546 0.3686088 0.6340608 -0.1761592 -0.1877287 0.0507904 0.5514089 -0.1294450 -0.2272234 -0.0485943 0.6249298 0.0982242 -0.0249869 -0.0985085 -0.1187026 0.2146152 0.3855770 -0.1180268 0.6253191 -0.1190601 -0.0165801 0.3977398 0.4746344 -0.0294754 -0.1603892 0.0379979 -0.0765145 0.3291217 -0.1170525 0.5851306 -0.0131487 0.4473243 0.1254664 0.4714908 0.6197845 0.0905573 0.3190298 0.5495298 0.1152302 0.0886968 0.2373835 0.3231006 -0.0417705 -0.0683324 -0.1567353 0.3110564 -0.0074575 -0.0681648 -0.0523902 -0.1846245 0.0963287 0.1713445 0.2838804 -0.0863880 -0.1413243 0.2053920 0.0925847 0.4185910 0.1472202 -0.1103969 0.1647355 -0.0952465 -0.3059318 -0.0254393 -0.1626057 0.3534976 -0.4509107 0.1413890 -0.2349431 -0.0770680 0.1972888 0.2369803 0.1237147 0.1218719 0.0872019 0.0441310 0.1051078 -0.1449985 0.1917365 0.2765868 0.0843501 0.1173676 -0.1950618 -0.2991062 0.1820655 -0.1212217 -0.2959902 0.2446792 -0.1859478 0.2839752 0.0228524 0.0737747 0.5987069 0.2051905 -0.2762289 -0.3024884 -0.3106430 0.2318721 0.6516850 -0.0277450 0.3994990 -0.1378811 -0.3559815 0.2371039 -0.2822305 -0.1817464 0.5716265 0.2447188 0.0397367 -0.0998768 -0.3017516 0.3641659 0.4235047 -0.1308709 0.1953652 0.1226797 0.4287689 -0.2069006 0.4871144 0.2079733 -0.0678247 -0.0902718 0.4794250 0.0371980 0.1703866 0.3556914 0.1344904 0.3111237 0.5861851 0.6059381 0.0750048 0.2936728 0.3135388 0.3174764 0.3081017 -0.0533046 0.0933523 -0.0634529 -0.1510313 0.0882571 0.2974936 0.2580230 0.5554619 0.0016522 0.2333474 -0.2486236 0.4290850 0.4226122 -0.0924062 0.3806550 0.1070168 -0.1253027 -0.2297240 -0.1925095 -0.0739904 0.0008717 0.2492402 -0.1817263 0.0531037 -0.1592081 0.3659678 0.5511042 0.3172292 -0.0529902 -0.2165599 0.0513474 0.0846082 -0.0932491 0.3109079 0.6832491 0.2390132 0.2354475 0.4800880 -0.0809840 0.2037231 0.0551734
0.8810633 -0.0814296 0.0000000 -0.3584802 0.9294529 -0.5000530 -0.3406782 0.2418525 -0.5241443 -0.5671878 -0.4018310 -0.4864163 0.8769304 -0.4785284 -0.3555981 -0.3277318 -0.4470187 0.2037489 -0.0894062 0.7913054 -0.5884512 0.3777006 -0.2777513 -0.2116556 -0.0387618 -0.0908272 -0.1405585 -0.3268082 -0.7030140 -0.0925763 0.5051839 0.2269502 -0.3225528 -0.5596132 -0.0335121 -0.6267765 0.2338817 0.4367361 -0.1895933 -0.3039551 0.6696478 -0.6872973 -0.1333496 -0.3213805 -0.5804147 0.3269841 0.2728411 0.6475425 -0.4396295 0.3808213 0.2108474 -0.1055182 -0.6377069 -0.2485685 0.7352737 0.5833860 0.4294051 -0.3908584 0.2176618 0.1337146 -0.5360024 -0.0649515 0.7222212 -0.4926569 -0.4107048 0.5854720 0.1539300 -0.0983873 0.6210644 -0.4286968 0.1856236 -0.5204571 0.0315292 -0.0486442 -0.0026769 -0.3792861 -0.5222999 -0.0860807 -0.1108581 -0.2014946 0.1816943 -0.3135418 -0.4453918 -0.1869595 -0.5330022 -0.1867201 0.0757865 0.0202768 -0.1890043 -0.2902583 -0.1933133 -0.0118045 -0.0166261 0.3003228 -0.3561873 -0.2046745 -0.0233957 -0.0560820 -0.3465114 0.2671068 -0.0537915 -0.3614689 -0.3122573 0.6781352 -0.4087375 -0.4905713 -0.5269243 -0.3758658 -0.5044083 -0.4105311 -0.6130214 -0.5597063 0.0388618 0.0562276 -0.1445411 0.0124937 0.0786974 -0.3225528 0.1271902 -0.4630665 -0.0984353 -0.1721199 0.2758180 -0.0044897 -0.4141357 -0.5082796 -0.1791315 -0.0970154 -0.5948607 -0.5071339 -0.4496380 -0.0496624 -0.4717177 -0.3989689 0.0099477 -0.1344782 -0.5137123 -0.5939042 -0.3271184 -0.7245697 0.0166803 -0.7014641 0.3075731 -0.4374355 -0.6002506 -0.3809691 -0.4333855 -0.3927990 0.1101567 -0.6258777 -0.3271785 -0.5142555 -0.6372065 -0.4286590 -0.1441433 -0.3013604 0.0203827 -0.4684480 0.0658702 -0.2906668 -0.1287952 -0.6669764 -0.4983341 -0.1521654 -0.3547998 -0.5148401 -0.5083116 -0.0555562 -0.0806864 -0.4788483 -0.1270032 -0.0618026 -0.0312051 -0.6160099 -0.5899468 -0.2003948 -0.2187411 0.5037448 -0.1946006 -0.0136482 0.5769577 -0.0864333 -0.5732877 -0.1865824 -0.1510280 0.5223879 0.7561597 0.8309457 -0.2121003 -0.6145264 -0.4542664 -0.2632325 0.1568433 -0.4201221 -0.4602693 -0.5263761 -0.5384527 0.1158743 0.3325588 -0.5737561 0.6796644 0.2602765 -0.1491803 -0.0712662 0.5105385 0.5794214 -0.4145489 0.5449398 0.4717234 0.0827905 -0.4850454 -0.4247573 0.6151648 -0.1364498 -0.1608803 0.7599296 -0.3443684 -0.3240420
-0.3445550 0.6542689 -0.3584802 0.0000000 -0.3749477 0.9046398 0.6626125 0.5670048 0.7888944 0.7641893 0.8136278 0.7140677 -0.0884991 0.6266267 0.8296109 0.5645298 0.6783810 0.4989412 0.3604455 -0.2308557 0.2762182 0.3523507 0.4670137 0.7287045 0.2468638 0.1692803 0.5718192 0.6658833 0.7612023 0.5258625 0.3407786 0.0547211 0.6248975 0.7386615 0.0615861 0.3153288 0.1289686 0.1258610 0.2782866 0.4329505 0.1159709 0.7999868 0.2386098 0.4204430 0.7976901 0.0662495 0.1068946 0.1654699 0.5684127 0.0657413 0.1263966 0.3166149 0.7129028 0.5057055 -0.0417227 0.0401763 0.1824846 0.6054448 0.4525816 0.2521359 0.7017399 0.3707728 0.0515484 0.7180405 0.6853297 0.1688007 0.2586761 0.5050514 0.0760428 0.7235263 0.2799949 0.7415913 0.4505762 0.6002243 0.5018828 0.8043087 0.7539650 0.4883809 0.7529291 0.7689988 0.1856895 0.1967737 0.4918361 0.6020996 0.2010685 0.3013541 0.0259317 0.1264683 0.2616680 0.3065189 0.1099699 -0.0241113 0.1295601 -0.3127997 0.5807504 0.1484969 -0.1086301 0.3176199 0.4344868 0.0771776 0.0947926 0.2336997 0.4360966 -0.3847604 0.0923468 0.4634386 0.3048559 0.6049141 0.0199080 0.5408059 0.2471357 0.3262779 0.4822827 0.4883854 0.3980181 0.4481307 0.3200957 0.4021218 0.4520753 0.0547634 0.5423527 0.5646877 0.1205071 0.5043535 0.3982127 0.0274508 0.6144881 0.0876410 0.1511860 0.7932578 0.4673444 0.4248538 0.5204812 0.2753882 0.6770095 0.4385373 0.2220817 0.1065321 0.1935867 0.4358381 0.7483711 0.2760622 0.5905594 0.0372210 0.1374289 0.6058641 0.2027569 0.2877366 0.7548092 0.4580541 0.1530253 0.1506715 0.1783272 0.6092042 0.5206004 0.1750808 0.4137650 0.4277148 0.5282379 -0.0164320 0.6829294 0.4603360 0.2575928 0.1640830 0.7398058 0.2960479 0.4883157 0.6220174 0.5603472 0.5154827 0.6403248 0.6609916 -0.4061546 0.1609774 0.3939015 0.1187819 0.0451995 -0.4383952 -0.0944825 -0.1725038 -0.3113223 -0.0321462 0.4287514 0.1634090 0.6570368 -0.0417846 0.0724461 -0.2691179 0.5062894 0.4672569 0.0101516 0.1374844 -0.1055499 0.0195513 0.0212408 -0.0057837 -0.0020191 -0.1658311 0.1748018 -0.0168046 -0.1093929 -0.2330930 0.2137008 0.3265416 -0.1093540 -0.3157041 -0.0233011 -0.2159597 0.2543928 -0.0164071 0.3492409 0.8013163 -0.1537131 0.0171469 0.3632983 -0.1699676 0.5970590 0.3432495
0.8092054 -0.0923195 0.9294529 -0.3749477 0.0000000 -0.5273858 -0.3524020 0.1525418 -0.5519344 -0.5821627 -0.3988349 -0.4365000 0.8558401 -0.3729428 -0.3085032 -0.4391519 -0.4621266 0.2198120 -0.1780198 0.7985863 -0.5617917 0.4092441 -0.3918448 -0.1112471 -0.1262548 -0.2247821 -0.1501428 -0.2240030 -0.6562463 -0.0944937 0.4958167 0.1119482 -0.2757990 -0.4396145 -0.1658893 -0.5689692 0.1407995 0.3465288 -0.2425602 -0.3481672 0.6027459 -0.5792123 -0.2302454 -0.3943816 -0.4514283 0.2176880 0.1521686 0.6116688 -0.4566386 0.2735461 0.1083696 -0.1628493 -0.5135004 -0.2849988 0.6429095 0.4568686 0.3402802 -0.3857805 0.2088371 0.0762896 -0.3732380 -0.0807227 0.6705764 -0.4263967 -0.2739071 0.4232928 0.0971964 -0.0899587 0.5163348 -0.3969167 0.0442479 -0.4377376 -0.0375340 0.0602023 -0.0879138 -0.3637019 -0.4289994 -0.1826406 -0.0736151 -0.1195845 0.1451011 -0.1810846 -0.2748290 -0.0871966 -0.3870298 -0.1185358 0.0319996 0.1205047 -0.0948538 -0.2289669 -0.1728639 -0.0047753 -0.0460044 0.3494615 -0.2840179 -0.0444763 0.1215664 0.0139890 -0.3041075 0.2665692 -0.0449512 -0.3482749 -0.2493097 0.6610716 -0.3307652 -0.4032007 -0.4953906 -0.2871480 -0.5167939 -0.3378269 -0.5081395 -0.5323537 -0.0757505 -0.0234683 -0.2135017 -0.0956322 -0.0691043 -0.4073862 0.0339464 -0.5278771 -0.1784617 -0.2067186 0.3064740 0.1372289 -0.4387160 -0.5731349 -0.1146516 -0.1098518 -0.6745320 -0.3773140 -0.4279959 -0.1371460 -0.4393037 -0.2837139 -0.0514317 -0.1369461 -0.4930928 -0.6542827 -0.3633251 -0.7840923 0.0255423 -0.7620873 0.2434886 -0.4520665 -0.5887017 -0.2652267 -0.4615658 -0.4117356 0.0927306 -0.6800418 -0.4488417 -0.5202468 -0.6217197 -0.3482619 -0.1976329 -0.3842001 -0.0664579 -0.3734392 -0.0222977 -0.4145927 -0.1722260 -0.6791512 -0.4068562 -0.1651787 -0.3301496 -0.4922963 -0.3890128 -0.0062273 -0.1376366 -0.4656647 -0.0838314 -0.1575481 -0.0234212 -0.6227040 -0.5503743 -0.1921775 -0.2134668 0.4450442 -0.1737055 0.0699292 0.6290599 0.0163999 -0.4733846 -0.1049355 -0.1343765 0.5200627 0.6828803 0.8175163 -0.1448699 -0.5196233 -0.4991693 -0.2125719 0.1861192 -0.4596025 -0.5360708 -0.6185746 -0.6390711 0.1010631 0.3460248 -0.6644233 0.6596754 0.2998692 -0.0551542 -0.0478697 0.5512364 0.5240494 -0.4686765 0.5880252 0.4593061 0.2131990 -0.4547758 -0.4094384 0.5985934 -0.1191454 -0.1132041 0.6984954 -0.4639441 -0.4516934
-0.4490412 0.5141345 -0.5000530 0.9046398 -0.5273858 0.0000000 0.6782203 0.4275865 0.9326577 0.8256027 0.7875327 0.6924561 -0.2483088 0.7842513 0.8792676 0.5810940 0.8209205 0.4619087 0.3716563 -0.3434937 0.3008002 0.2047711 0.4972277 0.7264890 0.2724993 0.2502831 0.6167521 0.6460753 0.8033107 0.5786040 0.2131799 0.0745214 0.6112389 0.7577315 0.0775111 0.3623641 0.0891936 0.1095255 0.2691942 0.4434615 0.0265310 0.8024979 0.2083186 0.4174636 0.7682909 0.0947534 0.1007758 0.1021448 0.6098034 0.0573267 0.1208918 0.2861403 0.7291743 0.5064447 -0.0667994 0.0406152 0.1156276 0.6711960 0.2529152 0.2072578 0.6166317 0.3713917 -0.0301676 0.7376298 0.6715990 0.0922336 0.2358832 0.4748537 0.0231770 0.7199053 0.2453897 0.6699824 0.3696190 0.4206287 0.4632049 0.7262427 0.6530552 0.4188821 0.6907231 0.6433713 0.0824303 0.2857536 0.5643532 0.5699765 0.2943036 0.3784777 0.2060493 0.1325281 0.3685953 0.3731686 0.1054720 -0.0250389 0.2245834 -0.2790516 0.6239008 0.1613958 -0.1168124 0.4781876 0.5340123 0.0025590 0.2021204 0.4324320 0.5597085 -0.3718396 0.3076704 0.5812542 0.4814029 0.6883754 0.3130428 0.6460840 0.4371308 0.5201640 0.5445090 0.5623198 0.4137587 0.4939793 0.3572593 0.4221727 0.4895764 0.2029790 0.6018603 0.6075436 0.1188202 0.5117630 0.5678395 0.2814223 0.6797466 0.2871465 0.4091125 0.7847853 0.6125207 0.5354427 0.6973106 0.1986987 0.5851550 0.5191011 0.4238282 0.3803575 0.4067450 0.5774704 0.6442486 0.4430512 0.4258267 0.0908606 0.3565228 0.6754987 0.4206015 0.4980405 0.5485032 0.5682063 0.2850659 0.2035765 0.4102766 0.6562184 0.4528328 0.1507085 0.3885993 0.4656104 0.4465868 0.1406402 0.6582163 0.5676516 0.3940219 0.2880301 0.7539028 0.2937058 0.5831359 0.5709910 0.6655278 0.6838713 0.5908711 0.6673574 -0.3875217 0.2521411 0.4061404 0.0870870 -0.0173249 -0.6274047 -0.1290515 -0.2684988 -0.5160972 -0.1010434 0.4467758 0.0969760 0.5223520 -0.2072056 -0.1483455 -0.4567473 0.3686271 0.4928645 0.1439777 0.0475113 -0.2121406 0.1196302 0.2116633 0.1955068 0.1973954 -0.2326748 0.0027147 0.2068417 -0.2250993 -0.1512318 0.1727355 0.1205524 -0.2941632 -0.4343076 0.1796095 -0.3804539 0.1344187 -0.0473856 0.3458344 0.6703817 -0.3942933 -0.0119774 0.2975332 -0.3396310 0.7225164 0.5027059
-0.1252014 0.5378394 -0.3406782 0.6626125 -0.3524020 0.6782203 0.0000000 0.1959412 0.5556221 0.3651929 0.2971054 0.9397180 -0.2445122 0.4160382 0.6657280 0.2189500 0.3976706 0.4855487 0.1332823 -0.3389334 0.6508978 0.0978635 0.1372272 0.5275762 0.0501434 0.0129074 0.4450742 0.5606381 0.6964287 0.5467459 0.1443466 -0.1076549 0.4650218 0.5197190 -0.1780942 0.6263540 -0.0619540 -0.0564882 0.2492563 0.4072277 0.0955368 0.6884129 -0.0083752 0.4429774 0.5587746 -0.0939242 -0.1260103 0.0242522 0.4657317 -0.1498911 -0.1134543 0.1366305 0.4833021 0.3460351 -0.2042167 -0.1353768 -0.0993959 0.3805972 0.0908710 -0.0953593 0.4983408 0.1364118 -0.2159199 0.3158336 0.3092198 -0.1119990 0.0448858 0.2413903 -0.2491089 0.3479592 0.0270194 0.4197787 0.1771527 0.2250498 0.0906601 0.3986205 0.4211872 0.1841026 0.3770633 0.3268700 0.1887853 0.4541916 0.6250894 0.5484858 -0.0219057 0.5218557 0.0767327 0.3799015 0.4154000 0.3788868 0.3926586 0.3281403 0.3515462 -0.0831456 0.6804089 0.0887788 0.0948257 0.4733158 0.5893155 0.0631369 0.4004749 0.4210411 0.5352422 -0.4011511 -0.0162254 0.3775041 0.4581138 0.5164431 0.1512612 0.4869649 0.2826041 0.5197794 0.4437867 0.4873687 0.4955181 0.4132884 0.2948273 0.4344257 0.4085681 0.3943393 0.4505556 0.4960159 0.1422079 0.2373870 0.4046996 0.2149796 0.4832659 0.2043479 0.2773371 0.5453568 0.2989373 0.4427977 0.4212118 0.3577221 0.6572817 0.5293584 0.3517438 0.3168861 0.2387548 0.4532720 0.5985247 0.3487197 0.3311397 0.2093443 0.2599543 0.4956166 0.2829331 0.4028536 0.5160518 0.4429919 0.2505011 0.2269635 0.2149398 0.4917878 0.6718204 0.1849306 0.2410473 0.4817596 0.4136200 0.1428662 0.7992240 0.4107414 0.3509017 0.0711324 0.7779550 0.2077678 0.4748006 0.4697309 0.2010290 0.3834733 0.5941980 0.5386203 -0.0232873 0.2319916 0.6902460 0.6372327 0.5399567 -0.0309953 0.3929923 0.2874344 -0.2088533 0.3720211 0.5136139 0.5343305 0.4172385 -0.0007609 -0.0944815 -0.4088800 0.3650533 0.5474824 0.3897953 0.3744320 0.3281680 0.3943304 0.3426675 0.3297144 0.3435057 0.2128546 0.0781238 0.2705642 0.2032444 0.1180909 0.5029362 0.5841658 0.1317454 -0.0319429 0.2403773 0.1498607 0.3062066 0.2413098 0.3928315 0.5236257 0.0923948 0.3886560 0.3326977 -0.0123718 0.4986496 0.4190021
0.0560800 0.5580763 0.2418525 0.5670048 0.1525418 0.4275865 0.1959412 0.0000000 0.4185895 0.3503165 0.5432845 0.1440521 0.5191238 0.1058143 0.4320819 0.6522635 0.2578914 0.2767114 0.7498159 0.1945189 -0.3379635 0.7300156 0.5901703 0.4376326 0.6796767 0.5683764 0.4158553 0.4650455 0.1441047 0.3080223 0.6414621 0.5989742 0.5076551 0.3405644 0.4965341 -0.3872921 0.6401985 0.6812915 0.3604126 0.4073017 0.3706572 0.1561348 0.5549393 0.4397673 0.3078747 0.6004109 0.6074518 0.4049039 0.4389995 0.6299715 0.5489118 0.5737125 0.2243944 0.4764418 0.4445719 0.6077091 0.6636823 0.4254721 0.3777766 0.5793886 0.1560038 0.4998414 0.3979011 0.3788245 0.3132893 0.6711941 0.5865872 0.5954064 0.5897330 0.5852943 0.6131277 0.2096267 0.6607232 0.4312500 0.7337873 0.7095069 0.3126373 0.6825571 0.6788600 0.5667135 0.3832286 -0.2998024 -0.0318020 0.2291266 -0.0690674 0.1110898 0.0474994 0.2400407 0.1899643 0.1768012 0.0445497 -0.0141268 0.0931378 0.0497958 0.4189495 0.1776698 -0.1852943 0.1222392 0.3047577 0.5381520 0.2002809 -0.0334543 0.1507572 0.2045560 -0.1197313 0.1824009 -0.1516590 0.1347792 -0.3888139 0.1578612 -0.2218470 -0.2197963 0.6015460 0.6030683 0.3396876 0.5879765 0.5499260 0.1518953 0.5678910 -0.3643966 0.4034178 0.4924155 0.1608126 0.4759323 -0.1026823 -0.5590022 0.2618914 -0.1365903 -0.4417200 0.1916683 -0.1645734 0.1469064 -0.0457522 -0.0877997 0.4880895 0.0510138 -0.4423121 -0.4845902 -0.3558856 -0.1746308 0.5412412 -0.4070250 0.7322767 -0.4265968 -0.5140181 0.1295342 -0.3982548 -0.3114875 0.6490988 -0.1204705 -0.2637060 -0.3372653 -0.4829482 0.1903797 0.2606502 -0.0973482 0.4610015 -0.2386653 0.6091391 -0.2856944 0.3345722 -0.1790367 -0.0279252 0.0120541 0.1328948 -0.2112720 0.0563954 0.3107238 0.3999678 -0.0451616 0.2559285 0.4840607 -0.3438608 -0.0556259 -0.2273517 -0.2785136 -0.2599952 0.0155056 -0.4238918 -0.4316733 0.1284581 -0.2790154 -0.2181927 -0.2589390 0.1825108 0.4517985 0.4176699 0.2280949 0.1466874 -0.1819744 -0.3837781 -0.0379451 0.0190055 -0.4261960 -0.5162602 -0.5277872 -0.4128941 -0.0870488 0.3443454 -0.5269943 0.2968492 0.0823358 0.1330715 0.2419258 -0.0657735 -0.1728046 -0.6046158 -0.0336463 0.3194662 0.0061993 -0.0408584 0.4904788 -0.0966102 -0.4127531 0.2254776 0.1357243 0.3256536 0.2475320
-0.4760326 0.4533335 -0.5241443 0.7888944 -0.5519344 0.9326577 0.5556221 0.4185895 0.0000000 0.8848180 0.7786608 0.5677266 -0.3028813 0.8105165 0.8905374 0.6713238 0.8372329 0.3527980 0.4307554 -0.2966159 0.1616405 0.1545408 0.6020465 0.7504417 0.3087375 0.3503577 0.5919867 0.6249885 0.7580294 0.5484017 0.1640713 0.0768390 0.6969106 0.8167564 0.2096503 0.2023819 0.1271001 0.0879166 0.2508012 0.4421848 0.0114816 0.7510998 0.2609790 0.4805849 0.7856483 0.0636942 0.0833174 0.0756243 0.7014850 0.0108715 0.1352090 0.2846065 0.7619809 0.4979617 -0.0835144 0.0001171 0.0745432 0.6923166 0.0977656 0.2367501 0.5535880 0.3493578 -0.1073127 0.6935065 0.6481203 0.0076691 0.2113992 0.4720966 -0.0132759 0.7230675 0.1667954 0.5529678 0.3264459 0.2791365 0.3621256 0.6848983 0.5344190 0.3080718 0.5784779 0.4693366 -0.1412340 0.3114461 0.5189918 0.5975668 0.2627983 0.3449171 0.2442831 0.0428538 0.2847761 0.2486659 0.1303393 -0.0685641 0.3309877 -0.2769844 0.5359452 0.0805304 -0.1033313 0.5744958 0.4293816 -0.0233852 0.1819941 0.4922346 0.6118259 -0.2911073 0.3040155 0.4738569 0.4002596 0.6989742 0.2946409 0.5668999 0.3160164 0.3900789 0.5468262 0.5344727 0.3721827 0.4848069 0.3393759 0.3531771 0.3945262 0.0892727 0.5327725 0.5104845 -0.0657326 0.4386618 0.5040455 0.2725322 0.5641828 0.2290880 0.3802660 0.6666905 0.5565752 0.4505826 0.6080921 -0.0234846 0.4507241 0.3773306 0.3660945 0.3429030 0.3871079 0.4786124 0.5027167 0.3838054 0.2602228 -0.0928753 0.3244875 0.4832719 0.3774703 0.4270810 0.3405950 0.4537144 0.1290387 0.0460416 0.4240129 0.4344739 0.2471446 -0.0383858 0.2195419 0.2480654 0.2484428 -0.0233248 0.4545156 0.4671539 0.2527042 0.1164576 0.5794661 0.0868620 0.4020171 0.3140029 0.5333707 0.5691821 0.3719353 0.5243856 -0.3867830 0.1998459 0.3189429 -0.0484766 -0.1779800 -0.6766053 -0.3152742 -0.5030539 -0.6065542 -0.3530001 0.2263476 -0.1557701 0.3344026 -0.1905913 -0.2225163 -0.4912330 0.1746065 0.3510979 0.0142582 -0.1443427 -0.3678252 -0.0232581 0.1459151 0.1153589 0.1304774 -0.4431710 -0.2458140 0.1690022 -0.2791337 -0.1563057 0.0135615 -0.0915731 -0.3440936 -0.6111164 0.0871491 -0.5306259 0.0777815 -0.2978847 0.2026333 0.5073196 -0.4772227 -0.2024044 0.1403405 -0.3816643 0.6638241 0.4262620
-0.5570417 0.3889407 -0.5671878 0.7641893 -0.5821627 0.8256027 0.3651929 0.3503165 0.8848180 0.0000000 0.9072839 0.4131431 -0.3131510 0.7514454 0.7470090 0.7624672 0.8620501 0.1570820 0.3950324 -0.2336571 0.1162730 0.0987654 0.7317410 0.6349157 0.2540031 0.3534626 0.5525813 0.6023345 0.7546329 0.4751298 0.1583161 0.0159308 0.5863867 0.8052942 0.3371317 0.1403532 0.1222764 0.0664768 0.3805527 0.5107254 -0.0306355 0.7213950 0.4149951 0.5572847 0.7812737 0.0035350 0.0679919 0.0117982 0.7631100 -0.0262402 0.1597835 0.3750936 0.8149002 0.5691401 -0.1271053 -0.0977566 0.0405160 0.7246347 0.3130670 0.3028525 0.5736665 0.3922355 -0.1725393 0.7675818 0.6404435 -0.0050803 0.1951229 0.4487172 -0.0586095 0.7771400 0.1575995 0.6405636 0.3266237 0.3039822 0.3299468 0.6886337 0.6095091 0.3259276 0.5111206 0.4808815 -0.1463581 0.2287097 0.4286944 0.4766764 0.3847707 0.2278265 0.1442917 -0.1713497 0.2065161 0.2227308 -0.0928871 -0.2651116 0.1513289 -0.4129099 0.3690666 -0.0943127 -0.2887080 0.3928757 0.3125570 -0.0820841 -0.0389840 0.3676320 0.4804289 -0.3720558 0.1382363 0.2839864 0.3991423 0.6820297 0.2386749 0.5411765 0.2673349 0.3415598 0.4310540 0.3801980 0.3722939 0.3961930 0.2425967 0.3719007 0.2315946 -0.0692045 0.3818768 0.3936769 -0.1291838 0.3373230 0.4117217 0.2119922 0.4504519 0.1305595 0.3499015 0.6491142 0.5435304 0.3173909 0.5278561 -0.1100513 0.2711711 0.2050645 0.2949475 0.2986122 0.3618441 0.4558555 0.5177387 0.4308466 0.2194815 -0.1220057 0.2992235 0.3790692 0.3784454 0.3935565 0.3060146 0.4732617 0.0641248 0.0827100 0.4603723 0.4422910 0.1042103 -0.0143082 0.2264324 0.2696268 0.2554462 -0.0986292 0.2763933 0.5923720 0.1435102 0.0536586 0.5349353 0.1842409 0.3524972 0.3296513 0.5346002 0.5401917 0.3471513 0.4610102 -0.2490170 0.3016788 0.3168489 -0.2028056 -0.2601555 -0.6744359 -0.4012891 -0.5080187 -0.5165329 -0.4099053 0.2590123 -0.2102988 0.4517377 -0.3468108 -0.1769304 -0.4972415 0.2371071 0.3403665 -0.1600993 -0.1909405 -0.4827807 -0.1979366 -0.0018085 -0.0310382 0.0182166 -0.5726693 -0.2519832 0.1005648 -0.4372774 -0.2656582 -0.0768353 -0.1326085 -0.2764159 -0.5679070 0.0670165 -0.5592823 0.0095013 -0.2923485 0.3019325 0.5597072 -0.4150741 -0.2735366 0.1873625 -0.4462536 0.6608669 0.3808989
-0.5192385 0.4119377 -0.4018310 0.8136278 -0.3988349 0.7875327 0.2971054 0.5432845 0.7786608 0.9072839 0.0000000 0.3864151 -0.0373916 0.7137852 0.7056649 0.7900813 0.8030498 0.3196821 0.5015753 -0.0296670 -0.0026407 0.4098269 0.7649317 0.6443380 0.3754193 0.4283993 0.6528294 0.7033535 0.6646685 0.5523595 0.4268177 0.1845226 0.6321824 0.7874280 0.4088867 -0.0148620 0.3189896 0.2859515 0.4377591 0.6138531 0.1079334 0.6490591 0.4980915 0.5910162 0.7649866 0.2131496 0.2640566 0.1814357 0.7327854 0.1831312 0.3402070 0.5313732 0.7597680 0.7046505 0.0871341 0.1554809 0.3063244 0.8153079 0.5338936 0.4895428 0.6077186 0.5658452 0.1020055 0.9082156 0.7582547 0.2580804 0.4032446 0.6214165 0.2168146 0.9125227 0.3879587 0.7451562 0.5277320 0.5963710 0.5741362 0.8645085 0.7363334 0.5656058 0.7596511 0.7320940 0.1684000 -0.0213704 0.2632278 0.3510512 0.2648607 0.1650185 0.0593111 -0.0838015 0.1670328 0.2516635 -0.1464063 -0.2288196 0.0039518 -0.2865202 0.3997996 0.0195434 -0.3074539 0.2276108 0.3228776 0.1365645 -0.1066403 0.1452603 0.3133576 -0.2254714 0.0830702 0.3425888 0.2069658 0.4908007 0.0401783 0.4166104 0.2118558 0.1560439 0.4093321 0.3725678 0.2739505 0.4167068 0.2756356 0.2511648 0.3316333 -0.2892282 0.3480416 0.4261688 -0.0778572 0.5274887 0.2574418 -0.0632439 0.4563115 0.0299236 0.0796814 0.6738801 0.4280226 0.2700542 0.4426942 0.0059938 0.3435657 0.1105055 0.0912974 0.0268680 0.1761398 0.2407762 0.5749799 0.1567670 0.3686310 -0.2494907 0.0713383 0.4160733 0.1730558 0.2274308 0.4472981 0.2814860 -0.1103082 -0.0766160 0.2267392 0.5186901 0.1130999 -0.0751473 0.3068173 0.1582119 0.3813820 -0.2249707 0.3205630 0.4058020 0.2132560 0.0134488 0.4927381 0.0895685 0.3980503 0.4759990 0.6478799 0.3772645 0.4009098 0.4939035 -0.3618864 0.1510564 0.1612092 -0.2612739 -0.2701389 -0.5150766 -0.4071885 -0.3977781 -0.2029211 -0.2617804 0.2526066 -0.1295316 0.5323710 -0.1004516 0.0213074 -0.2351106 0.4379989 0.3421225 -0.3500458 -0.0782525 -0.2913675 -0.3692990 -0.2602854 -0.2592771 -0.2329172 -0.3873172 0.0786877 -0.1923725 -0.3213048 -0.3076429 -0.0445267 -0.0416174 -0.2795936 -0.3959808 -0.1752291 -0.3671997 0.0237908 -0.1307952 0.1939882 0.6989937 -0.3985194 -0.2357238 0.3798296 -0.2324859 0.6423048 0.3800265
-0.3075646 0.5463954 -0.4864163 0.7140677 -0.4365000 0.6924561 0.9397180 0.1440521 0.5677266 0.4131431 0.3864151 0.0000000 -0.3409583 0.4852597 0.6950036 0.1832820 0.3972482 0.4690998 0.0492059 -0.3860200 0.7315106 0.0976419 0.0896024 0.5713684 -0.0520545 -0.0834203 0.4067296 0.6091164 0.7812936 0.4789588 0.0886783 -0.2520930 0.5228023 0.6266210 -0.2447262 0.6949603 -0.1701288 -0.2064323 0.1623457 0.3791731 -0.0214478 0.8071409 -0.0840168 0.3940247 0.6993086 -0.2512700 -0.2487374 -0.0604817 0.4742879 -0.2726401 -0.2028718 0.0742929 0.6295319 0.3494931 -0.3307642 -0.2984437 -0.2055681 0.4068329 0.1656954 -0.1385895 0.7125593 0.1129401 -0.2339433 0.4797341 0.4932423 -0.2430215 -0.0234867 0.2486852 -0.3473448 0.4434152 -0.0619016 0.6150720 0.1532628 0.4191142 0.0735235 0.5050525 0.6232054 0.1583544 0.4341257 0.4785301 0.1758613 0.4573523 0.6107370 0.5963143 0.0732575 0.4344401 -0.0627500 0.4134939 0.3257459 0.3714377 0.3317661 0.2562027 0.2036787 -0.1235583 0.6767481 0.1849291 0.0623926 0.3631338 0.5413292 0.0762580 0.2920765 0.3089126 0.4550214 -0.5110263 -0.0129740 0.4847376 0.3754227 0.5072805 0.0660334 0.4434720 0.3336356 0.4368956 0.2832354 0.3338876 0.3754443 0.2864671 0.1499714 0.4120732 0.2794079 0.3518806 0.3285719 0.3751696 0.0021531 0.2390159 0.3579432 0.1361716 0.4213734 0.0799661 0.2156486 0.6310976 0.3018445 0.2970808 0.4153971 0.5115608 0.5660431 0.4037326 0.3275487 0.2514196 0.1633291 0.4644181 0.5057807 0.3300135 0.2480532 0.2516935 0.2588520 0.5068439 0.2094560 0.3128754 0.4840596 0.4104841 0.1792253 0.2511632 0.2125372 0.5202729 0.5809205 0.1509649 0.1584508 0.4918625 0.3215917 0.0574558 0.7025870 0.4050399 0.3722765 0.0248240 0.7290957 0.2389847 0.5071932 0.4546086 0.1571558 0.3418324 0.5373904 0.4103763 -0.1275566 0.2763422 0.7702073 0.6781433 0.5922520 -0.0929584 0.4516278 0.3463612 -0.1906459 0.4410794 0.6209757 0.5999836 0.5307191 -0.0023689 -0.1189554 -0.4086430 0.5619298 0.7239913 0.3615176 0.4971914 0.3639308 0.3803362 0.2741059 0.2967764 0.2635416 0.2313452 0.1399801 0.2103562 0.0205113 -0.1182430 0.3974776 0.5510523 0.0355516 -0.1059668 0.1719563 0.0671062 0.1143470 0.1873277 0.3540252 0.6413110 -0.0041616 0.4550092 0.3972917 -0.0913026 0.4433059 0.3325255
0.6423236 0.0012857 0.8769304 -0.0884991 0.8558401 -0.2483088 -0.2445122 0.5191238 -0.3028813 -0.3131510 -0.0373916 -0.3409583 0.0000000 -0.2297154 -0.1086518 -0.0391684 -0.1962922 0.3619933 0.1989323 0.8229877 -0.6639143 0.6939663 0.0021980 0.0415793 0.2194407 0.1314029 0.1783727 0.0139007 -0.5563315 0.1546478 0.7523432 0.4099455 -0.0986768 -0.2992752 0.1896139 -0.7218078 0.4802068 0.6840055 0.0455838 -0.0539595 0.7288178 -0.5175653 0.1467413 -0.1155538 -0.3457116 0.5595511 0.5058149 0.7451475 -0.2338978 0.6218727 0.4525256 0.2103777 -0.4084485 0.0432310 0.8183008 0.7548337 0.6754651 -0.1055733 0.4080882 0.4110608 -0.3293116 0.2355413 0.8163895 -0.1337151 -0.1379772 0.7649900 0.4246650 0.1987391 0.8060500 -0.0342727 0.4336578 -0.2679358 0.3219074 0.2308078 0.3530038 0.0057419 -0.2551569 0.2756808 0.2859964 0.1619606 0.4379369 -0.3761148 -0.3215940 -0.0561325 -0.3765420 -0.0012607 0.1821420 0.1386261 0.0372786 -0.0438771 -0.1417411 0.0710257 0.0276808 0.2370591 -0.0468036 -0.0518301 -0.0481090 0.0527679 -0.0794470 0.4556647 0.0301098 -0.2688892 -0.1464729 0.6486772 -0.3311201 -0.2543963 -0.4120690 -0.2025394 -0.5057191 -0.1826276 -0.4957664 -0.4908283 0.2778182 0.2931447 0.0509868 0.2875406 0.3096801 -0.1567080 0.3905728 -0.5946295 0.1119297 0.1083108 0.3841800 0.3333048 -0.2782247 -0.6702371 0.0811063 -0.0265220 -0.6703419 -0.2006683 -0.3108916 0.0141806 -0.2865270 -0.3088342 0.1351966 -0.0710822 -0.5260595 -0.6710432 -0.3179029 -0.7588057 0.2348258 -0.8014416 0.5500846 -0.5604601 -0.6382938 -0.1488359 -0.4424202 -0.3594608 0.3168300 -0.6598653 -0.4926351 -0.6042339 -0.6500283 -0.1602007 -0.0891033 -0.3602102 0.2515257 -0.4478620 0.2959826 -0.4093784 -0.0215079 -0.6675456 -0.3377626 -0.0793799 -0.2425742 -0.5186321 -0.3034846 0.1892199 0.2130015 -0.4072590 0.0268599 0.0814030 -0.2271064 -0.5838156 -0.6150037 -0.3489963 -0.3401760 0.4090842 -0.3605666 -0.0962245 0.6722402 -0.0877290 -0.4968521 -0.2280085 -0.0177666 0.6071634 0.7756657 0.8230186 -0.0347009 -0.5380501 -0.6164768 -0.2596980 0.1515930 -0.6089685 -0.6671032 -0.7376982 -0.7294025 0.0612774 0.5178815 -0.7737422 0.6640319 0.2448972 -0.0280926 0.0160097 0.3858722 0.4751802 -0.6365552 0.4826700 0.4914303 0.2339554 -0.3634110 -0.1265607 0.3954977 -0.2506607 0.0118482 0.6855695 -0.1834465 -0.2007150
-0.4843959 0.0929928 -0.4785284 0.6266267 -0.3729428 0.7842513 0.4160382 0.1058143 0.8105165 0.7514454 0.7137852 0.4852597 -0.2297154 0.0000000 0.7812988 0.4226995 0.8968081 0.5270758 0.2290165 -0.1018193 0.0799032 0.2133514 0.4041206 0.6584534 0.1395003 0.2098433 0.7308435 0.5794024 0.6151986 0.7214827 0.1865243 0.0087008 0.4983314 0.7276174 0.1014425 0.1830854 0.1173375 0.0656878 0.2490113 0.4060807 0.0238602 0.6682063 0.1328411 0.2817421 0.7027267 0.0572035 0.0797521 0.1635292 0.4924606 -0.0199845 0.1963083 0.2633543 0.6577375 0.5223635 -0.0555194 0.0122665 0.1328848 0.7166855 0.1637820 0.3247390 0.5210569 0.4809337 0.0543278 0.7230218 0.6631738 -0.0151203 0.3011374 0.5272210 0.0516321 0.6919954 0.1740551 0.5390463 0.3275633 0.3571378 0.2877159 0.5596139 0.4718708 0.2351972 0.6078092 0.4681567 -0.1187524 0.4566191 0.5887316 0.5615356 0.3423315 0.3954655 0.3216905 -0.0204380 0.3472002 0.2977859 0.0616452 -0.0532575 0.2060286 -0.2628047 0.4777447 0.1357142 0.0279900 0.5632839 0.4427375 -0.1849295 0.0519925 0.4912885 0.5474886 -0.2273280 0.4724872 0.5453073 0.4848260 0.6440798 0.4615441 0.5892314 0.5249624 0.4628873 0.3503502 0.3584647 0.1969009 0.3012342 0.1207975 0.1677767 0.2965904 -0.0122954 0.3826130 0.3531768 0.0107108 0.6260528 0.5609329 0.3322490 0.6574019 0.3566991 0.4018510 0.8027293 0.7402249 0.4404891 0.7429745 0.1051835 0.2924350 0.3777722 0.5448259 0.3959478 0.5712792 0.3168566 0.3854363 0.3554721 0.0718461 -0.0531768 0.5159387 0.6096449 0.5539466 0.5998835 0.2055027 0.3611429 0.0329283 0.0769476 0.6111887 0.4785953 0.0993985 -0.0787193 0.0767743 0.3820585 0.0369600 -0.0781423 0.3655120 0.4065394 0.4037691 0.1424859 0.5753393 0.1011852 0.4998741 0.4220307 0.5354608 0.5143099 0.3444042 0.3006396 -0.4001051 -0.0151113 0.2342316 -0.1099252 -0.2758552 -0.7120779 -0.3139553 -0.2980213 -0.4079268 -0.1664091 0.3438383 -0.0187482 0.3685706 -0.2025071 -0.2483209 -0.3474907 0.2312301 0.3713208 -0.0863587 -0.2381469 -0.3453439 -0.0730635 0.1228953 0.0656449 -0.0003547 -0.4154648 -0.1947012 0.0822769 -0.3130957 -0.1164854 -0.0417717 -0.2481336 -0.3353588 -0.4706656 0.1379637 -0.3996888 0.1209173 -0.0864048 0.0967939 0.3273668 -0.4555000 -0.1382981 0.1042595 -0.2539110 0.5200721 0.2646716
-0.2482680 0.5771994 -0.3555981 0.8296109 -0.3085032 0.8792676 0.6657280 0.4320819 0.8905374 0.7470090 0.7056649 0.6950036 -0.1086518 0.7812988 0.0000000 0.4812896 0.6806729 0.5986630 0.2666790 -0.1323264 0.1536465 0.2488877 0.4018876 0.9343688 0.1396498 0.0986789 0.5687892 0.7886741 0.7090082 0.5934470 0.3046113 -0.0691017 0.7649353 0.8480975 -0.0068459 0.1945168 0.0426689 0.0635273 0.1652182 0.3273440 0.2453976 0.7794863 0.1175661 0.4011275 0.8269869 -0.0234127 -0.0254293 0.2513874 0.5880879 -0.0715628 0.0246957 0.1665018 0.7689657 0.3569289 0.0031716 -0.0162995 0.0624388 0.5438662 0.2641346 0.1405126 0.6680095 0.2257517 0.0048881 0.6418572 0.6941837 -0.0058172 0.1166829 0.3684080 0.0016855 0.6212284 0.0611003 0.5953747 0.2347044 0.4109811 0.2859603 0.6338074 0.5540271 0.2387785 0.6268817 0.5685114 -0.0151996 0.4342066 0.6718321 0.7474796 0.1922929 0.4977894 0.3373678 0.2971356 0.3946397 0.3033026 0.2709865 0.1213186 0.4724991 -0.0828797 0.6499265 0.0643441 0.0933800 0.7142801 0.4332154 0.1791209 0.3582318 0.5005777 0.7193585 -0.1160828 0.1808062 0.3752630 0.3137440 0.7522852 0.0959053 0.5828500 0.1660423 0.3064286 0.5151982 0.5125413 0.3769520 0.4354551 0.2974323 0.3444422 0.4070023 -0.0103755 0.5753300 0.5377326 0.1665777 0.5458258 0.4552255 0.1206179 0.7041996 0.3348292 0.1786520 0.7456008 0.5048872 0.5567753 0.6190577 0.0357598 0.6444466 0.5303765 0.2930865 0.1571210 0.3266032 0.3093222 0.7007188 0.2027956 0.4036644 -0.1838396 0.1940840 0.5476521 0.3036305 0.4127248 0.5307568 0.3129447 -0.0335689 -0.1056507 0.2963510 0.4604918 0.4257861 -0.2150033 0.2666670 0.2614522 0.3293354 -0.2084035 0.6053017 0.2919404 0.1408062 0.0244432 0.6875069 -0.0344448 0.3366710 0.4917177 0.5237066 0.5093999 0.5713474 0.6121510 -0.3763433 0.0148997 0.2835304 0.0482893 -0.0924454 -0.4795825 -0.2595401 -0.3290276 -0.3506729 -0.1400418 0.2764341 0.0250384 0.4907801 -0.0205540 0.0155235 -0.3311187 0.2497230 0.3552322 -0.0832331 -0.1024574 -0.2581063 -0.0999958 0.0290996 -0.0419166 -0.0616322 -0.3978346 -0.0682811 -0.0202403 -0.0236805 -0.0510503 0.2118760 0.1357294 0.0104646 -0.3613326 -0.0673281 -0.2413349 0.2970766 -0.1511773 0.2786681 0.5941103 -0.1807674 -0.0258358 0.2606496 -0.1459144 0.4355856 0.1710280
-0.4176041 0.2999245 -0.3277318 0.5645298 -0.4391519 0.5810940 0.2189500 0.6522635 0.6713238 0.7624672 0.7900813 0.1832820 -0.0391684 0.4226995 0.4812896 0.0000000 0.6479418 0.0489713 0.8373377 -0.0918226 -0.1322444 0.4133095 0.9852739 0.3587720 0.7422774 0.8075494 0.6132394 0.5612924 0.4711238 0.5118634 0.3603152 0.5482247 0.5156987 0.5637273 0.7568099 -0.1938899 0.6182580 0.5352876 0.7032437 0.7852010 0.0846975 0.3748653 0.8414220 0.8013138 0.4829165 0.4769965 0.5113023 0.1099193 0.8030656 0.3745842 0.5543361 0.7903192 0.4861030 0.7788046 0.1475292 0.3197321 0.4513880 0.7762372 0.2488357 0.6131617 0.1747157 0.6388099 -0.0745742 0.6095758 0.3480305 0.3968856 0.5580421 0.6353492 0.2507999 0.7971946 0.5695449 0.3186384 0.6306420 0.1583764 0.5990092 0.7501702 0.3668106 0.6708013 0.5269916 0.3458165 0.1017621 -0.1652641 0.0753327 0.1219652 0.1693161 0.1752561 0.1030430 -0.1176107 0.2422960 0.3020403 0.0198244 -0.0983024 0.1077693 -0.2030582 0.4133314 -0.0165243 -0.2781336 0.1358445 0.4256325 0.2035519 0.1013994 0.2111348 0.2537399 -0.1081046 0.0683725 0.2085245 0.2065060 0.2321465 0.0806245 0.2688736 0.1175049 0.1083615 0.5436600 0.4554423 0.3817341 0.5308048 0.4356879 0.2423480 0.3872568 -0.2209616 0.3024467 0.4316466 -0.1611591 0.3796120 0.1148660 -0.0775038 0.2359455 -0.0248100 0.0664741 0.3143026 0.1396499 0.1959469 0.1687145 -0.2134064 0.2854597 -0.0375500 -0.1119593 0.0147381 -0.0043801 0.2100557 0.4332972 0.1196557 0.2827759 -0.3064660 -0.0679219 0.1538830 0.0266895 0.0653643 0.3039400 0.2370974 -0.1208749 -0.1348296 0.0953040 0.2948133 0.1334929 -0.0321285 0.2606374 -0.1144340 0.3735073 -0.1428912 0.2487257 0.3015108 0.1845171 -0.0755449 0.2553030 -0.0560488 0.2278790 0.1826308 0.4448179 0.1292461 0.1660902 0.4512657 -0.0964305 0.2417543 0.0101591 -0.4006339 -0.3502941 -0.2647368 -0.5049697 -0.5601692 -0.1812920 -0.4368223 -0.0009980 -0.3387310 0.1600038 -0.0514902 -0.0874423 -0.3001294 0.0106781 -0.0181014 -0.2761298 -0.1864689 -0.2882583 -0.3437076 -0.2391531 -0.2085120 -0.0665707 -0.3753566 -0.1759169 -0.0920669 -0.1698986 0.0168028 0.0011161 -0.0126712 -0.3469471 -0.4791381 -0.2239170 -0.3464552 0.0227288 -0.2029645 0.1288187 0.5183129 -0.4787196 -0.4311812 0.2574825 -0.2297001 0.6373142 0.4974351
-0.5050112 0.0874176 -0.4470187 0.6783810 -0.4621266 0.8209205 0.3976706 0.2578914 0.8372329 0.8620501 0.8030498 0.3972482 -0.1962922 0.8968081 0.6806729 0.6479418 0.0000000 0.3739850 0.4369873 -0.1385836 0.0437963 0.2396381 0.6415048 0.4922822 0.3370112 0.4648198 0.8039938 0.4725171 0.5997142 0.7376344 0.2204047 0.2131760 0.3875317 0.6158367 0.3744704 0.1230884 0.3038177 0.2405354 0.4654872 0.5553219 0.0100202 0.5733808 0.3924958 0.4294330 0.5900882 0.2394419 0.2971007 0.1410277 0.5924077 0.1909455 0.4039264 0.4783990 0.5716953 0.6890207 -0.0108589 0.1417796 0.2760468 0.7994552 0.2294642 0.4993155 0.3593569 0.6425936 0.0504033 0.7039274 0.5100133 0.1892066 0.4720972 0.6372988 0.1520380 0.7706126 0.3960878 0.4698332 0.5176618 0.2543815 0.4478825 0.6250739 0.4243446 0.4269998 0.6082914 0.4242221 -0.0616021 0.3244353 0.4529313 0.4691506 0.3564359 0.3442953 0.3021755 -0.1880746 0.3425858 0.3279009 -0.0616024 -0.1719026 0.1256948 -0.4499929 0.4383321 0.0180880 -0.2391582 0.4397994 0.4956874 -0.2349515 -0.0205826 0.4905562 0.4781084 -0.3329051 0.3672040 0.4957830 0.5823941 0.6277910 0.5091726 0.6365539 0.5068160 0.5218713 0.5386031 0.5212930 0.4031382 0.5023043 0.3257224 0.3419089 0.4223751 0.0369276 0.4538031 0.4303218 -0.0164038 0.5077925 0.5956971 0.3375017 0.5855544 0.2987387 0.4859396 0.7157787 0.7234651 0.4194798 0.6891829 0.0056224 0.2576681 0.3174378 0.5106439 0.4649122 0.5798969 0.4021709 0.4200220 0.4517435 0.2115178 -0.0069619 0.5124132 0.5143761 0.5772557 0.5937733 0.2742313 0.4720093 0.1604504 0.1907495 0.5972864 0.4730823 0.1056380 0.1288535 0.2509818 0.3822963 0.2233682 0.0670861 0.3530950 0.5333776 0.3617468 0.2402873 0.5573824 0.2120078 0.4693045 0.4201937 0.6110127 0.5275435 0.2976865 0.3691958 -0.3603822 0.1370353 0.2484985 -0.1908334 -0.3237062 -0.7017753 -0.3824173 -0.4067728 -0.4690238 -0.3179361 0.2692689 -0.1418904 0.3645690 -0.2633629 -0.2042097 -0.3685388 0.1911928 0.2612381 -0.0667377 -0.2838710 -0.3866257 -0.0744685 0.1316617 0.0809277 0.0826442 -0.4332826 -0.1990012 0.1462380 -0.3383855 -0.1156915 -0.1212132 -0.2545789 -0.4321122 -0.4960597 0.1830338 -0.5035015 0.1502786 -0.0958032 0.1379433 0.3403211 -0.4823239 -0.3096889 0.0403415 -0.3105938 0.7374935 0.4987806
