0.0000000 0.7482170 0.5971132 0.4897537 0.6077096 0.6092424 0.4171661 0.4443318 0.5196270 0.3052022 0.2250095 0.4447592 0.5502359 0.4240138 0.5141201 0.1591710 0.1533935 0.3535469 0.0333088 0.0670756 0.4226056 0.1610596 0.1010547 0.4235412 0.1515683 0.0680314 -0.0427762 0.3397448 0.3688901 0.3267618 0.5266657 0.3484401 0.3897052 0.4006335 -0.1184510 0.3823262 -0.0062179 0.3737693 0.2902761 0.2915278 0.2843024 0.2634449 0.0677729 0.3407530 0.0171959 0.0190980 -0.1833468 0.4781477 0.4601591 -0.0921157 -0.0709266 0.2021249 0.5573694 0.4560349 0.5564883 0.2141867 0.0245765 0.4004966 0.6885533 0.0611325 0.5727435 0.2687147 0.5712969 0.4918271 0.5680100 0.2822629 0.1142788 0.4335593 0.2751027 0.4343480 -0.1648074 0.5542549 0.2347508 0.7138985 0.1395906 0.4713157 0.5852047 -0.1892816 0.2144147 0.4858666 0.2874004 0.1230942 0.0892461 0.1735912 -0.2436865 -0.3149645 -0.1486640 -0.0633330 -0.4235834 -0.3722365 -0.4238185 -0.2780359 -0.5006817 -0.2332561 -0.5806984 -0.8271698 -0.3730958 -0.4504798 -0.3127551 0.0748556 -0.3716722 -0.4630347 -0.3612952 -0.0492458 -0.7318102 -0.6229085 -0.3350452 -0.2849756 -0.6300647 0.0204539 -0.6644826 -0.4840618 0.2538761 0.0498734 0.1446406 0.2421008 0.0201424 -0.1875105 -0.1780091 -0.2965521 -0.1946133 0.0272127 -0.4894761 -0.5268167 -0.2730808 -0.1161163 0.1974920 -0.5872722 -0.3216081 -0.1952063 -0.2968844 -0.3134224 -0.1715276 0.3272571 -0.2773931 -0.4074581 -0.1995500 -0.2455074 -0.1823138 -0.0867793 -0.4651590 -0.2145865 0.0196768 0.0451113 -0.2155986 -0.3488300 -0.4005740 -0.4577828 -0.4119757 -0.3135339 -0.1331296 -0.2494952 -0.4594696 -0.4782507 -0.4248958 -0.0855425 -0.4048579 -0.4011161 -0.2090887 -0.2002902 -0.5182302 -0.4688855 -0.2471989 -0.5134672 -0.5542470 -0.4628508 -0.6604434 -0.3496828 -0.4877809 -0.6154741 -0.4440816 -0.4223138 0.5275108 0.3816760 0.2760349 0.2863679 0.5974766 0.7340659 0.6040304 0.5391228 0.7846307 0.7347384 0.6886597 0.7689735 0.7593994 0.6582032 0.6635525 0.6185744 0.7251116 0.5995064 0.0934266 0.4496723 0.2941544 0.2257858 0.1617755 0.0819309 -0.3655174 0.0528302 0.3979610 -0.2903086 -0.3723947 -0.4015203 -0.4688967 -0.3402019 -0.1829005 0.0694136 -0.3116413 -0.1781631 -0.4871843 -0.2290672 -0.7455631 -0.4064323 -0.0409589 0.3936697 0.1549765 -0.2655247 0.2041758 -0.3962189
0.7482170 0.0000000 0.5446902 0.5761571 0.5532336 0.7092944 0.5914194 0.4685106 0.5576865 0.4596312 0.4442726 0.5794423 0.5574187 0.4352557 0.4586716 0.3131829 0.3935238 0.2474398 0.1224387 0.0813656 0.5052601 0.2864378 0.2935763 0.4543019 0.1845506 0.1984962 0.2012528 0.1539615 0.4103622 0.1852196 0.4310768 0.4397623 0.2566651 0.5028030 0.1643220 0.3896830 0.2237482 0.3777851 0.3434356 0.2947718 0.4690633 0.3460403 0.2762371 0.1041797 0.1118519 0.1473446 -0.0382271 0.4818456 0.3804246 -0.1746908 0.1432747 0.3079738 0.5423087 0.4034672 0.5041465 0.2750051 0.1561075 0.3580105 0.5429132 0.3011018 0.5362622 0.3735789 0.6076005 0.5795795 0.5543082 0.3642858 0.2997714 0.4034867 0.4294322 0.4949669 0.0753828 0.6274750 0.2455150 0.6785955 0.3354565 0.4953503 0.6205708 -0.0051161 0.3445318 0.5618581 0.4032669 0.2435084 0.0961088 0.1044158 -0.2530291 -0.2075508 0.0958947 -0.2321861 -0.3902997 -0.3153306 -0.3226887 -0.2767893 -0.4128979 -0.2900763 -0.4029455 -0.6403937 -0.3355473 -0.5685448 -0.2471628 0.1704304 -0.3458458 -0.4841998 -0.4837476 0.0010732 -0.5911873 -0.5478701 -0.3867078 -0.3197400 -0.5157033 0.0494102 -0.4977078 -0.4017972 0.3691023 0.0231273 0.2873613 0.3437607 0.1822227 0.1429181 0.1583149 0.0084087 0.0810275 0.1229751 -0.1109591 -0.2824548 0.0068133 0.1696646 0.3276308 -0.2516399 -0.1925744 -0.0341472 -0.0745778 0.0121960 0.0388628 0.4236377 -0.1418129 -0.1960204 -0.1205539 -0.0997934 -0.1496041 0.0327834 -0.2598541 -0.0311719 0.2745008 0.1450895 -0.0850272 -0.0977049 -0.2125636 -0.2777939 -0.1239562 -0.1292104 0.0113128 -0.1107306 -0.2022322 -0.2157362 -0.2230580 0.0710493 -0.0484687 -0.1336016 0.1103423 0.0195242 -0.2202356 -0.2868118 -0.0836590 -0.1876429 -0.2943405 -0.2888703 -0.3739523 -0.1126605 -0.1965510 -0.3249420 -0.0831396 -0.1693344 0.3391038 0.3421215 0.4296957 0.5320089 0.6807186 0.6883810 0.6312244 0.5899953 0.6673032 0.6837796 0.6690453 0.6933792 0.5688869 0.5202963 0.5168582 0.5317431 0.6792310 0.6224554 0.1964826 0.4955569 0.4224263 0.3041631 0.3196666 0.2475378 -0.0733221 0.3589176 0.5360792 0.0078802 0.0067877 -0.0877156 0.0669692 -0.0070560 -0.1263394 0.3137219 -0.2492624 0.1107063 -0.0574718 0.0261039 -0.4373174 -0.1046493 0.0590711 0.3188437 0.0971803 -0.1217176 0.1495476 -0.2709881
0.5971132 0.5446902 0.0000000 0.5269002 0.8116231 0.5655090 0.4399578 0.4219402 0.4434905 0.2234096 0.3315599 0.4505189 0.7302888 0.2375568 0.2169371 -0.0008220 0.1636639 -0.0581920 -0.1966204 0.0851773 0.3682033 0.1222786 0.0933326 0.1035118 -0.0990499 0.0172596 0.1041044 -0.0653640 0.1757630 -0.0631456 0.5480976 0.2329370 0.0665990 0.1761051 -0.0160849 0.2007903 0.0154337 0.1358115 0.2078136 0.1936887 0.4039086 -0.0396614 0.0275556 0.1954119 -0.1479211 -0.1428208 -0.1988087 0.3455622 0.3764506 -0.4674333 -0.0901570 0.0628602 0.5767746 0.4197506 0.2700124 -0.0519173 -0.0416044 0.3180859 0.8211559 -0.0015043 0.7366415 0.2365814 0.7684950 0.4865915 0.7647076 0.3391404 0.1646331 0.3785616 0.2510948 0.3767061 -0.0227835 0.5573312 0.1975542 0.8331121 0.1241516 0.4246648 0.5736966 0.0178873 0.4082962 0.5953901 0.6106424 0.3847240 -0.0704387 -0.2529881 -0.5428905 -0.3280759 0.4051231 -0.2894286 -0.6074443 -0.5827322 -0.2895199 -0.1830943 -0.2397462 -0.2297326 -0.3575943 -0.4511943 -0.1960225 -0.1673583 -0.4702907 -0.0973288 -0.6336357 -0.3482572 -0.4612712 0.1092244 -0.2766412 -0.5046031 -0.5098383 -0.5248739 -0.5966847 0.2247401 -0.4848125 -0.5262922 0.2052502 0.3069369 0.3966117 0.4649613 0.3306225 0.1771513 0.2517351 0.0296921 -0.1803566 0.1260636 -0.4525142 -0.3905296 -0.1855682 -0.0427984 -0.2185324 -0.5369780 -0.4075709 -0.3171981 -0.4000548 -0.3116462 -0.4755286 0.4735043 -0.3894586 -0.3766465 -0.3299411 -0.3634195 -0.4413967 -0.2189478 -0.5889902 -0.2876357 0.2433402 0.1670033 -0.2354716 -0.4026566 -0.5101513 -0.5692595 -0.2852200 -0.3171264 -0.0929481 -0.1602979 -0.3582408 -0.3970677 -0.5018556 -0.0844011 -0.0385784 -0.4234139 0.1922156 -0.0987603 -0.4533661 -0.4216604 -0.2786203 -0.3071142 -0.6099079 -0.2728573 -0.3221801 -0.0482096 -0.1611337 -0.4327799 -0.0871132 -0.1917592 0.3247984 0.4581212 0.1242434 0.4571784 0.6677569 0.6265139 0.6172791 0.1594536 0.4582315 0.5576209 0.6510090 0.6852663 0.7632539 0.8775876 0.8295899 0.8062060 0.7973153 0.5391423 0.3474162 0.3921085 0.3184481 0.3307953 0.2963163 0.0921267 -0.2095342 0.5524886 0.6301114 -0.2453406 -0.2445596 -0.4710654 -0.3127296 -0.2529910 -0.1762843 0.3532042 -0.4722124 0.2761534 -0.2352559 -0.1996806 -0.7356984 -0.4872032 0.3590588 -0.0556574 -0.1131439 0.1534651 0.0259588 -0.3591042
0.4897537 0.5761571 0.5269002 0.0000000 0.3076762 0.9385378 0.6559658 0.9168810 0.8601970 0.8313946 0.8393390 0.7634217 0.6089691 0.7549277 0.6661506 0.6786613 0.7189039 0.3935039 0.5486902 -0.0524781 0.6359389 0.4233308 0.7272119 0.6909414 0.4997563 0.6751561 0.4807345 0.2584980 0.5361983 0.3328686 0.5263313 0.7584144 0.4003180 0.6539004 0.6614949 0.4801502 0.6445243 0.6779598 0.7182881 0.6166597 0.5551338 0.4607440 0.7609361 0.3522320 0.1957723 0.5724037 0.5085984 0.5825857 0.6309382 0.1984872 0.6253961 0.7372738 0.7570243 0.7394327 0.6078760 0.6124843 0.6441121 0.5681042 0.5337283 0.6702037 0.6125004 0.7313157 0.7009143 0.8476760 0.6376615 0.7247835 0.7048511 0.5974724 0.5690845 0.7483942 0.4452715 0.8329273 0.6287124 0.7462720 0.3569126 0.7599599 0.7550027 0.3742128 0.7299069 0.6861598 0.6134068 0.2186997 0.0584032 0.0962550 -0.3262727 -0.2657996 0.1034893 -0.5477114 -0.5417387 -0.5296614 -0.4633959 -0.3552728 -0.3642967 -0.0286401 -0.4367563 -0.5787019 -0.5687182 -0.2780243 -0.1313072 0.3545181 -0.0340038 -0.4930404 -0.5333390 0.4242683 -0.5738156 -0.4497858 -0.3305972 -0.2074325 -0.6492397 0.3818612 -0.5204657 -0.4750834 0.4877880 0.1981146 0.4290440 0.5747177 0.3006910 0.1473207 0.2313612 -0.2031988 -0.0407861 0.3241363 -0.3559352 -0.4548153 -0.0857278 0.0674318 0.5103655 -0.3972260 -0.2223420 0.3031008 0.0268165 -0.0258830 0.1351396 0.4572222 -0.3596343 -0.3736124 -0.1187604 -0.2993853 -0.3027037 -0.3327180 -0.5757205 -0.2707846 0.1553901 -0.2588142 -0.2471887 -0.0629787 -0.4562017 -0.4671484 -0.2440389 -0.3295148 -0.2680176 -0.4033718 -0.4626284 -0.4370754 -0.2305248 -0.1662930 -0.2040645 -0.2992400 0.1391999 -0.2898289 -0.1443638 -0.5376689 -0.2863416 -0.4037421 -0.4259417 -0.5012493 -0.5533316 -0.1490837 -0.2602295 -0.6823911 -0.1095817 -0.1618557 0.3345247 0.3500998 -0.1326924 0.3984585 0.5982632 0.4918618 0.6871463 0.6057093 0.6458481 0.7063265 0.5826578 0.5383205 0.5915475 0.5853239 0.4242706 0.3506673 0.7207733 0.7435296 -0.1267583 0.5986109 0.4428238 0.0999237 0.0322140 -0.0286945 -0.1604969 0.3194655 0.5806323 -0.1927868 -0.0331259 -0.2546274 -0.0980780 -0.2956197 -0.4688188 0.1112259 -0.4553749 0.1584021 0.1746778 0.0780170 -0.5129542 -0.5127979 -0.2150660 0.1756319 -0.0853349 -0.1646098 -0.0096897 -0.4706064
0.6077096 0.5532336 0.8116231 0.3076762 0.0000000 0.3976065 0.4339442 0.2796998 0.2750331 -0.0830426 0.0852582 0.4781030 0.7679351 0.1119062 0.2434732 -0.1152231 -0.0656996 -0.1425619 -0.2959220 0.0979317 0.4035327 -0.1779284 -0.0821416 -0.0255192 -0.2227454 -0.1927418 0.1036434 -0.0110974 0.2640315 -0.0205717 0.6107535 0.0259570 0.1519203 0.1997347 -0.2792641 0.4058820 -0.2487648 0.0108518 0.0815246 0.2420023 0.3508521 0.0520023 -0.0770521 0.2676646 -0.0350503 -0.3861631 -0.3909219 0.2802560 0.4193773 -0.3035810 -0.3424375 0.0285425 0.5544998 0.3981102 0.0244080 -0.3024997 -0.2889311 0.3265189 0.8018772 -0.2838351 0.7616913 0.1110060 0.5694178 0.3516323 0.8269327 0.0829080 -0.1106638 0.3327348 0.0634733 0.2524528 -0.2336284 0.4376227 0.0977111 0.7259876 -0.0445348 0.2956732 0.4834379 -0.0840208 0.2805390 0.4630351 0.5470852 0.5265449 -0.3265889 -0.1983916 -0.6464994 -0.5562676 0.1508211 -0.3282836 -0.7256285 -0.6913605 -0.5012262 -0.4321975 -0.3737513 -0.5036571 -0.4697303 -0.5164132 -0.2777731 -0.4021089 -0.6077997 -0.1308230 -0.8393529 -0.6247562 -0.6455752 -0.0728897 -0.4517478 -0.6583360 -0.6546185 -0.7030694 -0.6278173 0.1555697 -0.5957000 -0.6571461 -0.0213259 0.3086301 0.4754475 0.3888849 0.4995870 0.2295574 0.2747283 0.2848856 0.0369694 0.2114614 -0.4135820 -0.5046120 -0.2866049 -0.1886967 -0.3312798 -0.5574429 -0.5464435 -0.5587763 -0.5994022 -0.1542209 -0.4726581 0.1998979 -0.0955403 -0.4330999 -0.4564417 -0.4625642 -0.4608178 -0.1824818 -0.5144842 -0.3850497 0.4723383 0.0225407 -0.3838861 -0.6387161 -0.4408732 -0.4403768 -0.0985437 -0.2705214 0.0474356 -0.2993162 -0.2953204 -0.4358377 -0.2402831 -0.0719317 0.0481985 -0.4002002 0.3941413 -0.0037557 -0.1897871 -0.2699547 -0.2860262 -0.2290717 -0.3891829 -0.3906574 -0.4000163 -0.0908152 -0.1106132 -0.2748383 -0.2070716 -0.0345386 0.1738893 0.0221000 0.2364205 0.4135608 0.7427439 0.6948253 0.7249870 0.1648195 0.5037494 0.4109493 0.6018594 0.6180441 0.7047697 0.8871390 0.8128743 0.7821520 0.6954689 0.5050901 0.4931056 0.3379356 0.2962929 0.3985831 0.2906525 0.1055866 -0.3270564 0.4857801 0.5773815 -0.3437059 -0.1954508 -0.4113654 -0.3399530 -0.1950644 0.0911942 0.6114542 -0.4924945 0.2163732 -0.3082483 -0.1612563 -0.6944002 -0.3403877 0.6181372 0.1900886 -0.0716583 0.0958193 -0.0180880 -0.3344606
0.6092424 0.7092944 0.5655090 0.9385378 0.3976065 0.0000000 0.7621065 0.8526239 0.9064352 0.8374843 0.8354379 0.8513554 0.6294614 0.7554828 0.7077245 0.6438136 0.6997104 0.4539528 0.4848196 0.0178821 0.7497657 0.4524335 0.6616730 0.7181220 0.4284909 0.5768715 0.4711832 0.2673575 0.6858880 0.3502816 0.4861044 0.6604656 0.4752006 0.7842562 0.5417166 0.5782237 0.5188572 0.6125067 0.7278903 0.6429279 0.4177781 0.5754300 0.6504656 0.3744892 0.3143166 0.4655018 0.3439352 0.4847298 0.7195453 0.0478412 0.5217043 0.7157931 0.8365852 0.7923360 0.5765482 0.5061952 0.4805630 0.6647758 0.5601393 0.6031503 0.6437551 0.7402287 0.6419571 0.9297260 0.6786622 0.5358199 0.6712027 0.7021855 0.4853878 0.8468012 0.2970042 0.9463843 0.6369770 0.8199081 0.2570264 0.8434137 0.9060693 0.2245715 0.6688912 0.7940809 0.5919956 0.2262517 0.1328648 0.0025450 -0.3349562 -0.2584538 0.1324285 -0.3934912 -0.5427322 -0.4246252 -0.4258658 -0.2860656 -0.4634805 -0.0364518 -0.3982688 -0.6632378 -0.4359819 -0.3997178 -0.1654783 0.3181459 -0.1160895 -0.4975227 -0.5377904 0.3097482 -0.5828758 -0.4482888 -0.4367369 -0.2937474 -0.7024336 0.2103677 -0.5296603 -0.4879507 0.4735968 0.1337222 0.3929741 0.4931478 0.2185188 0.1495661 0.1681134 -0.2489160 -0.1308150 0.1616715 -0.3921159 -0.3929313 -0.0534598 0.0422002 0.4175049 -0.4485134 -0.2568094 0.1645201 -0.0356097 -0.0612536 0.0533427 0.5054152 -0.3879841 -0.4155091 -0.1664429 -0.2751725 -0.2801075 -0.3107594 -0.5343492 -0.2038631 0.1127994 -0.0654296 -0.2304706 -0.1014159 -0.4005092 -0.4597867 -0.2173609 -0.2854905 -0.2716033 -0.3604847 -0.3820783 -0.3359826 -0.2633068 -0.0703433 -0.2145569 -0.2782402 0.0894271 -0.2918232 -0.1866326 -0.4693830 -0.3103815 -0.4515747 -0.3942500 -0.5096719 -0.5772057 -0.0720414 -0.2219804 -0.6074987 -0.0124243 -0.0700791 0.2740971 0.3993396 0.0735469 0.5238298 0.7284804 0.6404979 0.7444829 0.6725222 0.7241933 0.7825710 0.6850590 0.6280501 0.6243613 0.5896391 0.4605971 0.3744711 0.8377501 0.8930007 -0.0361835 0.7735548 0.5790622 0.1582047 0.1120759 0.0657613 -0.0523819 0.3851730 0.6989817 -0.1323310 -0.1262093 -0.3432926 -0.0038578 -0.2117397 -0.3783776 0.1818614 -0.4664749 0.1662883 -0.0618197 -0.0389685 -0.6021847 -0.4854849 -0.1488501 0.2891669 0.1263535 -0.1317241 0.0626141 -0.4222767
0.4171661 0.5914194 0.4399578 0.6559658 0.4339442 0.7621065 0.0000000 0.6142343 0.7064217 0.5493640 0.6288938 0.9186298 0.6409197 0.7161355 0.6446706 0.4010886 0.4658417 0.5746654 0.2772356 0.2232656 0.7335170 0.4266936 0.3931683 0.6907231 0.3048621 0.3140762 0.6971961 0.4830887 0.7711202 0.5445405 0.5434329 0.4597300 0.6364938 0.8123962 0.3102675 0.6288239 0.3532223 0.4963502 0.6067094 0.7178245 0.3720471 0.6544155 0.4878556 0.5436073 0.5775152 0.2461181 0.1712390 0.4652197 0.7868503 0.0964182 0.3293857 0.5785055 0.7344138 0.8393381 0.3364881 0.2359873 0.2933144 0.8161781 0.3777296 0.3675579 0.5617160 0.6344532 0.4648118 0.8099512 0.6963173 0.3309141 0.4869609 0.7395373 0.3116154 0.7194753 0.1062313 0.8163071 0.5676407 0.6949779 -0.0188233 0.7402590 0.7973430 -0.0679529 0.4015719 0.7581559 0.3764250 0.3866429 0.1637633 0.1563292 -0.2787199 -0.3438712 0.1592251 -0.3044049 -0.5834269 -0.4525835 -0.4290441 -0.2790076 -0.3874544 -0.1065759 -0.0699263 -0.3765117 -0.3649200 -0.3504170 -0.0821252 0.2943024 -0.3317900 -0.5878590 -0.6338516 0.2373013 -0.4289244 -0.2980547 -0.6397781 -0.3675667 -0.7253098 0.3341289 -0.5539288 -0.6074410 0.1906772 0.3187128 0.4940864 0.3491895 0.4115942 0.2911398 0.2937170 0.0824626 0.2420800 0.2780952 -0.5576485 -0.2786928 0.0066417 -0.0232194 0.2262854 -0.5502252 -0.3588329 -0.1941987 -0.1999428 -0.2372314 -0.1276937 0.1113292 -0.5816172 -0.5208598 -0.3622556 -0.3232348 -0.3527451 -0.4775375 -0.5933539 -0.3584749 -0.0887079 -0.1584325 -0.3163962 -0.3760448 -0.3867358 -0.4245525 -0.3345019 -0.4328125 -0.4379898 -0.5216566 -0.3242500 -0.3995082 -0.2094289 -0.2326800 -0.1919350 -0.3268019 0.0861685 -0.4181460 -0.1086528 -0.4086179 -0.4847064 -0.4543382 -0.2910484 -0.6205507 -0.5568932 0.0394078 0.0137849 -0.4757854 0.0049257 0.1482783 -0.0386302 0.3885055 0.3618337 0.8060717 0.8126983 0.6845217 0.6362993 0.5669411 0.4808524 0.5437208 0.5790520 0.5107363 0.4038142 0.4707712 0.2666221 0.3259981 0.7023059 0.7614245 0.0756731 0.7326100 0.7121442 0.0381356 0.1088989 0.0072873 0.0661287 0.5826700 0.7139464 -0.0911848 0.0192997 -0.1769206 0.0745005 -0.1732729 -0.1429002 0.3578178 -0.3051589 0.5725121 -0.0026481 -0.0529776 -0.5016647 -0.4676197 0.2246755 0.1747052 -0.0664346 0.0550044 0.0507432 -0.2305841
0.4443318 0.4685106 0.4219402 0.9168810 0.2796998 0.8526239 0.6142343 0.0000000 0.7864969 0.7797954 0.8000218 0.7765018 0.6916721 0.8069154 0.7673317 0.7467092 0.7465519 0.4378548 0.7024876 -0.1507091 0.6068258 0.4161882 0.7643978 0.6576628 0.6371603 0.7333479 0.4751565 0.2940015 0.6319674 0.4162525 0.5977167 0.8136972 0.3702726 0.6710343 0.5962702 0.6032565 0.6524335 0.8034998 0.7003875 0.6056362 0.6280343 0.6297963 0.7725235 0.3255150 0.4061864 0.6199095 0.5729032 0.6258199 0.6318680 0.4262275 0.5944516 0.8208057 0.8136779 0.7533725 0.6303913 0.6725027 0.6989718 0.5649402 0.4788584 0.5994504 0.7132135 0.7800640 0.7098935 0.8249580 0.6817330 0.7329734 0.7079292 0.5989206 0.6927004 0.7543626 0.4517964 0.8062338 0.6814412 0.6878866 0.4308435 0.7749300 0.6979286 0.4153005 0.6527684 0.5124019 0.4728593 0.3192906 0.0592790 0.1493069 -0.3108402 -0.2363675 0.0339268 -0.5597615 -0.4673114 -0.4824101 -0.5167988 -0.4404505 -0.4395776 0.0881512 -0.3825265 -0.5516837 -0.7107368 -0.3383642 -0.1647569 0.4584569 0.0463252 -0.5657555 -0.5455313 0.5056125 -0.6009619 -0.3804741 -0.2305585 -0.0966623 -0.6400199 0.4076700 -0.5546775 -0.4570323 0.5359952 0.1419623 0.2557794 0.3981761 0.1890644 -0.0606048 0.1031701 -0.1557209 -0.0453357 0.3165816 -0.3271356 -0.5251169 -0.1387280 0.0384760 0.5834008 -0.3660818 -0.2019013 0.3833431 0.0342276 0.0233304 0.2254311 0.4391039 -0.3141176 -0.3398057 -0.0317014 -0.2495426 -0.1959409 -0.3405297 -0.5969611 -0.3413031 0.1600677 -0.3145578 -0.2139566 -0.0793447 -0.3916377 -0.3846244 -0.3333428 -0.3554374 -0.2189267 -0.4121500 -0.4858467 -0.5165682 -0.2259340 -0.0478949 -0.2407201 -0.3100080 0.0745905 -0.2260071 -0.1464337 -0.5395040 -0.2267352 -0.3238131 -0.4151769 -0.5050671 -0.5600311 -0.2817679 -0.3325547 -0.7339002 -0.2896154 -0.2503113 0.1811976 0.1843305 -0.2872730 0.2479297 0.6019071 0.4364675 0.7415425 0.7001865 0.6834828 0.6763846 0.5377832 0.4234937 0.5452054 0.5831596 0.2999223 0.1955163 0.6140381 0.6658443 -0.1019549 0.4958242 0.2533852 0.0920404 0.0020936 -0.0284272 -0.1720376 0.1596786 0.3965049 -0.2271929 -0.0775519 -0.1074059 -0.0417954 -0.2905311 -0.4865480 -0.0111552 -0.3853653 0.0917975 0.1729543 0.1974931 -0.4234554 -0.5536031 -0.2904386 0.2637180 -0.0114900 -0.2003368 -0.0143035 -0.4737515
0.5196270 0.5576865 0.4434905 0.8601970 0.2750331 0.9064352 0.7064217 0.7864969 0.0000000 0.8750632 0.8173935 0.8263965 0.5128309 0.7746304 0.7861620 0.7336347 0.7126619 0.5450913 0.5394534 -0.1893203 0.7247385 0.4292281 0.7561799 0.8056222 0.4984262 0.6784228 0.5232872 0.3246009 0.6653532 0.4669253 0.3895925 0.6442998 0.5450724 0.7975988 0.5920679 0.6009291 0.5620284 0.6339780 0.7412544 0.6317215 0.3617653 0.5238745 0.6742692 0.3534869 0.2655224 0.5452028 0.4712082 0.4136022 0.7066267 0.1319781 0.6024561 0.7436680 0.8107286 0.7915488 0.5079052 0.5635308 0.5409548 0.6665864 0.3736247 0.6627170 0.4991963 0.7920258 0.5000215 0.9097608 0.6263353 0.4460465 0.6979309 0.7672026 0.3454466 0.8844753 0.3485631 0.8930726 0.7250953 0.6929662 0.1913198 0.8368900 0.8221049 0.2753884 0.6499508 0.6505866 0.5542485 0.3272191 0.1653661 0.0967592 -0.2162486 -0.1235826 0.0315809 -0.4372957 -0.3995679 -0.3414088 -0.5179681 -0.3634986 -0.3731708 -0.1406238 -0.5026380 -0.6865793 -0.4187725 -0.4380029 -0.0810199 0.1834026 0.0368009 -0.4786931 -0.3305230 0.2211000 -0.6373921 -0.4776854 -0.2893677 -0.2005825 -0.6410379 0.1549157 -0.4885148 -0.4317646 0.3291608 -0.0155508 0.2423673 0.3761729 0.1025878 0.0482731 0.0907756 -0.2804617 -0.2332402 0.0776528 -0.3911554 -0.4416425 -0.0403565 0.1879591 0.3836883 -0.3962858 -0.0930884 0.2005228 0.0742187 -0.0158233 0.1344902 0.3003593 -0.3507105 -0.2982206 -0.0340763 -0.1533716 -0.1408107 -0.1528907 -0.4966008 -0.1543072 0.0512215 -0.0644515 -0.1491648 -0.0792834 -0.3515449 -0.3884099 -0.3982156 -0.2388585 -0.1369268 -0.2592443 -0.3806698 -0.4254242 -0.2837264 -0.0157045 -0.3909760 -0.2061093 -0.0718000 -0.1696853 -0.2056543 -0.3852487 -0.1772405 -0.3663020 -0.3500697 -0.4111270 -0.5697836 -0.2472941 -0.4232352 -0.6035728 -0.1395007 -0.2428832 0.4144237 0.3919657 -0.1039937 0.3674417 0.6744199 0.5358154 0.7320816 0.6161266 0.6518888 0.5785627 0.4358762 0.3865693 0.4628751 0.4719450 0.2974654 0.1761431 0.7009062 0.8010370 0.0071071 0.6688503 0.4674123 0.2723045 0.2315886 0.2282778 -0.0022491 0.3033166 0.5819914 0.0321705 -0.1576843 -0.3364455 -0.0375294 -0.2370332 -0.5184142 0.1794639 -0.2591849 0.0415281 -0.0360329 0.0671679 -0.4801278 -0.3943125 -0.2031482 0.3248665 0.1037782 -0.1306585 0.1558300 -0.3304008
0.3052022 0.4596312 0.2234096 0.8313946 -0.0830426 0.8374843 0.5493640 0.7797954 0.8750632 0.0000000 0.9278759 0.6489818 0.2876300 0.7889367 0.6179972 0.8561037 0.8858436 0.5198060 0.7563219 -0.2625433 0.5057619 0.6154011 0.8727720 0.7549607 0.6623037 0.8533265 0.5013316 0.1999743 0.5143216 0.3673933 0.1483098 0.7607527 0.3640728 0.7145819 0.8241080 0.3670901 0.7922006 0.6781431 0.7718103 0.4953562 0.3177633 0.5170392 0.7836825 0.1573574 0.2977533 0.7781273 0.6972415 0.3255250 0.5396808 0.1771921 0.8317482 0.8128727 0.6537347 0.6382516 0.5730793 0.7665219 0.7573246 0.5142183 0.1428565 0.8802863 0.3200809 0.8382126 0.4356811 0.8222275 0.3225272 0.5691418 0.8753122 0.6233862 0.5525690 0.8287962 0.5757828 0.7843254 0.7205917 0.4780542 0.4152447 0.7682723 0.6665401 0.4332989 0.6417473 0.5020670 0.4137637 0.1229694 0.2861212 0.0394898 -0.0344600 0.0872858 0.1120050 -0.2980947 -0.1552020 -0.0677130 -0.2440659 -0.1798960 -0.3292681 0.1782304 -0.2782469 -0.5110239 -0.3860507 -0.3283400 0.0299464 0.3272823 0.3152785 -0.2265863 -0.1690537 0.3943653 -0.3862386 -0.2340506 -0.0462898 0.0917971 -0.4256415 0.1736743 -0.2861215 -0.1771545 0.5298507 -0.1224946 0.0507075 0.2129561 -0.1290388 -0.0582785 -0.0135528 -0.3930922 -0.2367202 0.0073953 -0.1511218 -0.1697465 0.2214492 0.3194080 0.6439341 -0.0918953 0.1761737 0.5579050 0.3891519 0.1113660 0.3614907 0.4999391 -0.3403776 -0.0746149 0.2092840 0.1025272 0.0564460 -0.0338617 -0.2832921 0.1152020 -0.0728994 0.0153929 0.1168233 0.3077718 -0.0971614 -0.1605551 -0.3215796 -0.0309225 -0.1088182 -0.0495755 -0.1575087 -0.1654311 -0.1613027 0.0827350 -0.2828744 0.0390185 -0.1615046 -0.0761205 -0.1190614 -0.2405520 -0.0457990 -0.1897396 -0.1936045 -0.1589039 -0.3459998 -0.1576538 -0.3305700 -0.4743397 0.0372231 -0.2351566 0.2775246 0.4344618 -0.1574928 0.2543460 0.3998286 0.2592321 0.4582703 0.5802569 0.5047508 0.5333522 0.3043306 0.2132048 0.2528687 0.1793627 0.0427771 -0.0867449 0.4827079 0.6318332 -0.2335236 0.5070440 0.2877157 0.1256951 0.1080837 0.1701245 0.1264502 0.1297636 0.3826212 0.1807039 -0.1166747 -0.1710808 0.1636008 -0.1783928 -0.6486071 -0.1172882 -0.1116187 0.0444297 0.1189480 0.1149098 -0.2073536 -0.2634640 -0.5029603 0.1554185 0.1500521 -0.0746496 0.2302443 -0.1572969
0.2250095 0.4442726 0.3315599 0.8393390 0.0852582 0.8354379 0.6288938 0.8000218 0.8173935 0.9278759 0.0000000 0.7156353 0.4017952 0.8008340 0.5243822 0.8473630 0.8923620 0.3902967 0.7465503 -0.3132101 0.4842181 0.5902202 0.8735391 0.6119708 0.6181051 0.8460359 0.6779498 0.1126271 0.4834369 0.3050178 0.1659467 0.7333552 0.3172136 0.6825877 0.8587312 0.3505153 0.8048269 0.6157093 0.8264804 0.5658696 0.3459427 0.4754048 0.8157335 0.1980016 0.3262938 0.7114725 0.7023675 0.2595148 0.6102766 0.1106375 0.8188941 0.8648368 0.7083194 0.7063609 0.4078095 0.6440825 0.7331259 0.5495555 0.2139921 0.8281753 0.4627685 0.8730142 0.5015176 0.8129520 0.4525710 0.5878079 0.8829940 0.6247439 0.6092284 0.8054680 0.6017184 0.8021209 0.7253517 0.5157356 0.4265544 0.7406912 0.6633843 0.4982524 0.7086965 0.5187588 0.5251137 0.2655150 0.1017550 -0.1397499 -0.2412523 -0.0896133 0.2157046 -0.3842060 -0.3621706 -0.2056904 -0.2958076 -0.2971696 -0.4399462 0.1361609 -0.2492367 -0.4902064 -0.4560654 -0.4092510 -0.1762345 0.3257429 0.0779603 -0.3673351 -0.3738902 0.4744110 -0.3246083 -0.3115018 -0.2090967 -0.0469508 -0.5168322 0.3092911 -0.3649593 -0.2876822 0.4978301 -0.0073883 0.1942975 0.2249698 0.0235187 0.0767946 0.1197219 -0.1994503 -0.1377835 0.0721571 -0.2019667 -0.1369601 0.2954323 0.3028497 0.5430802 -0.1149418 0.0940419 0.4564015 0.2737845 0.1879004 0.2407231 0.5726095 -0.3329016 -0.1052960 0.0955305 0.0318809 -0.0728350 -0.0942585 -0.3299190 0.0771023 0.0468402 0.0130765 0.0704249 0.2226074 -0.0807619 -0.1377244 -0.2502064 0.0003316 -0.0609313 -0.0896131 -0.0605560 -0.1396956 -0.0551495 0.0811284 -0.1391545 0.0599316 0.0022922 -0.0113859 0.0033356 -0.1671483 -0.0816928 -0.1457262 -0.1422013 -0.1323080 -0.2891470 -0.0880648 -0.2306058 -0.4063210 0.1299827 -0.1303276 0.0743687 0.3366305 -0.1030730 0.3795678 0.4929296 0.2586617 0.5126276 0.4619452 0.4461397 0.4735957 0.3236729 0.1835446 0.2621973 0.3007819 0.1063803 -0.0270990 0.5109408 0.6544372 -0.1539958 0.4653808 0.2823585 0.1846735 0.1115761 0.1392379 0.1049027 0.2677423 0.4616784 0.1428101 -0.1625145 -0.2649177 0.1573825 -0.2229848 -0.6528216 0.0450964 -0.2326560 0.2711639 0.1310256 0.0093544 -0.2443334 -0.2790744 -0.2863372 0.0371592 0.0396847 0.1458573 0.2665009 -0.0849606
0.4447592 0.5794423 0.4505189 0.7634217 0.4781030 0.8513554 0.9186298 0.7765018 0.8263965 0.6489818 0.7156353 0.0000000 0.6929833 0.7605849 0.7786337 0.5506686 0.5560708 0.5189926 0.4286281 0.0071853 0.8611308 0.3298064 0.5515297 0.6958778 0.3575539 0.4525127 0.6516949 0.4020885 0.8596783 0.5167887 0.5473196 0.5235879 0.6102761 0.8580637 0.3884763 0.7946696 0.3859184 0.5677389 0.6771753 0.7421198 0.4117505 0.7419190 0.6193086 0.4807987 0.6022387 0.3410316 0.2844086 0.4491612 0.8127065 0.2210201 0.3913683 0.7071913 0.8640271 0.8554750 0.3375338 0.3341956 0.3647280 0.7638418 0.4290498 0.4051273 0.6779328 0.6984225 0.5193239 0.8962276 0.8045954 0.3564936 0.5323681 0.7304383 0.3616188 0.8028338 0.1628787 0.9042465 0.6151077 0.7430487 0.0634066 0.8009746 0.8631216 0.0998476 0.5234916 0.7119807 0.4903439 0.4265465 0.0230714 0.0785309 -0.3271743 -0.3668760 0.0873250 -0.4713322 -0.5900021 -0.4754682 -0.5437380 -0.4306874 -0.4981904 -0.1570890 -0.2621386 -0.5109579 -0.4710099 -0.5043870 -0.1806268 0.2818092 -0.2474008 -0.6805353 -0.6600002 0.2610957 -0.5660973 -0.4121503 -0.5389379 -0.3849123 -0.7356793 0.3078738 -0.5749546 -0.5555242 0.2891466 0.2431299 0.4921532 0.4269549 0.4103854 0.2561716 0.3135447 0.0734091 0.0962766 0.2910945 -0.4396426 -0.4019203 -0.0964411 0.0084410 0.2562341 -0.4895805 -0.3577672 -0.0620937 -0.1815454 -0.0727969 -0.0124430 0.1994978 -0.3858949 -0.4855806 -0.3057461 -0.3704159 -0.3312917 -0.4000605 -0.5922214 -0.3877318 0.0961440 -0.1352582 -0.3424050 -0.3210140 -0.3799482 -0.3804686 -0.2513273 -0.3580358 -0.2569393 -0.4823441 -0.3629322 -0.4091848 -0.1060360 -0.0187312 -0.1420753 -0.2908319 0.1792068 -0.2834643 -0.0029491 -0.4065694 -0.3237948 -0.3597965 -0.2526359 -0.6014960 -0.5535015 -0.0428475 -0.0877211 -0.5304359 -0.0611336 0.0579186 0.0149467 0.2152075 0.1516482 0.6267168 0.8685470 0.6689175 0.8189855 0.6437126 0.6124603 0.5663106 0.5615538 0.4455324 0.4630136 0.5781391 0.3103812 0.2834391 0.7369017 0.8552684 0.1802451 0.7636674 0.6404964 0.2229441 0.2025225 0.1366092 0.0486854 0.5163733 0.6904450 -0.1076728 -0.0398088 -0.2116703 0.0668511 -0.1409989 -0.1961117 0.3696704 -0.4116046 0.3303093 -0.0129347 0.0780337 -0.5073933 -0.4884089 0.1237479 0.3912714 0.1314137 -0.0084986 0.0548980 -0.3087167
0.5502359 0.5574187 0.7302888 0.6089691 0.7679351 0.6294614 0.6409197 0.6916721 0.5128309 0.2876300 0.4017952 0.6929833 0.0000000 0.4358932 0.5929049 0.2943288 0.3867444 0.1868596 0.1651424 0.0716432 0.4974897 0.1697759 0.3375227 0.3752368 0.2897125 0.2342318 0.3149000 0.2146778 0.5141257 0.2210144 0.8198331 0.5098160 0.2971843 0.5020643 0.0629285 0.5228920 0.2071651 0.5276505 0.3280003 0.4585590 0.6691692 0.3727217 0.3113685 0.3411386 0.2704269 0.1002700 0.0227225 0.5859096 0.5933474 0.1085549 0.0757370 0.4356581 0.8089269 0.6721232 0.4105538 0.1861341 0.2068954 0.5741553 0.8012449 0.1367079 0.9286247 0.5188085 0.7624671 0.6663830 0.9001855 0.5169625 0.3649696 0.6062261 0.4899888 0.5920743 0.2007263 0.6982061 0.5113677 0.8666990 0.2823396 0.6764506 0.6585658 0.2368713 0.5608569 0.5943421 0.6027163 0.6509363 -0.0878208 0.0033449 -0.6375206 -0.4989712 0.1097059 -0.5486277 -0.7254600 -0.7615672 -0.6264056 -0.4877418 -0.3897057 -0.1655831 -0.3993164 -0.4748362 -0.5762817 -0.2540993 -0.4733176 0.2799809 -0.5163024 -0.7232541 -0.7522509 0.3571476 -0.5499894 -0.5419854 -0.5920509 -0.4136734 -0.8007085 0.3647116 -0.7184712 -0.7504002 0.3218249 0.4364029 0.3697900 0.3930421 0.4380429 0.0225735 0.2680132 0.1283932 0.1712433 0.4275710 -0.5202651 -0.6024294 -0.3767041 -0.1804096 0.1401473 -0.6088985 -0.5730812 -0.2458846 -0.4761580 -0.1086685 -0.2776536 0.2274159 -0.2737763 -0.5237043 -0.4116618 -0.4947490 -0.4930881 -0.4455767 -0.6982523 -0.5839806 0.4153751 -0.3035350 -0.4816976 -0.5527099 -0.6544680 -0.6576526 -0.3151318 -0.5684143 -0.2421883 -0.5462574 -0.6026731 -0.6305754 -0.4528552 -0.1913837 -0.1430028 -0.6051790 0.3084634 -0.2285592 -0.3264643 -0.5970986 -0.4539437 -0.3543967 -0.6045060 -0.6210790 -0.6060890 -0.2259897 -0.2373976 -0.6444518 -0.3293670 -0.1580015 0.1524314 0.1682692 -0.0626302 0.4648830 0.8312749 0.7638180 0.8296649 0.5379428 0.7141266 0.6715491 0.7498123 0.6737069 0.7882325 0.8537463 0.6729081 0.6253608 0.7552135 0.6006950 0.1766931 0.4532986 0.3176605 0.1481062 0.0687316 -0.0643100 -0.3439193 0.4450863 0.6094207 -0.4364978 0.0036271 -0.1647977 -0.1518092 -0.3151712 -0.1632662 0.4451750 -0.5076649 0.3721520 0.0064557 0.1237018 -0.6325074 -0.5451739 0.3397951 0.0600852 -0.2185357 0.0140506 -0.1189346 -0.5728850
0.4240138 0.4352557 0.2375568 0.7549277 0.1119062 0.7554828 0.7161355 0.8069154 0.7746304 0.7889367 0.8008340 0.7605849 0.4358932 0.0000000 0.6913241 0.7547212 0.6717730 0.7413359 0.7113551 -0.1701341 0.5173683 0.6295612 0.6752219 0.7641013 0.6646431 0.7114287 0.6947466 0.5522865 0.6338958 0.7420053 0.4204416 0.7645802 0.6609390 0.7598184 0.6429986 0.5574391 0.7058064 0.8111892 0.8332430 0.7282282 0.4557515 0.7196668 0.7462862 0.5762048 0.5894150 0.6464102 0.6391349 0.5675616 0.7800168 0.3917895 0.6903905 0.8041553 0.7355299 0.8300921 0.6180570 0.7117959 0.7135813 0.7454559 0.1895202 0.6569049 0.5024394 0.8133584 0.5211966 0.7888758 0.5330866 0.5725572 0.7286680 0.6927170 0.6283590 0.7448474 0.3762445 0.7537303 0.7355136 0.5121102 0.2997452 0.7381497 0.6514594 0.1900227 0.4780852 0.4374103 0.2782057 0.2761611 0.2597414 0.3071849 -0.0820690 -0.1121505 -0.0349431 -0.3915592 -0.3736673 -0.2828101 -0.3956346 -0.3582680 -0.4653001 -0.0056084 -0.2567755 -0.5816084 -0.6541840 -0.5178935 -0.0506837 0.3443568 0.0369912 -0.5015265 -0.3319796 0.3348934 -0.5789741 -0.3516827 -0.2438389 0.0725364 -0.6278747 0.3765350 -0.5603883 -0.4160858 0.3588695 -0.0743618 0.0607686 0.0698605 -0.0530829 -0.1817899 -0.1498856 -0.2593442 -0.0651509 0.0566761 -0.3899270 -0.3749662 0.1531094 0.0636980 0.5615436 -0.3608491 -0.0387634 0.3140405 0.1303665 -0.0990299 0.1329671 0.3737735 -0.5019042 -0.2493829 0.0374098 -0.0577288 -0.0778890 -0.2321850 -0.4455342 -0.1320012 -0.2006061 -0.1994308 -0.0019332 0.0292263 -0.1418430 -0.1566351 -0.5418991 -0.1825804 -0.1978810 -0.2707589 -0.2298774 -0.3774272 -0.1067498 0.0175583 -0.4482444 -0.0825050 -0.3095344 -0.1762115 -0.1246260 -0.2774273 -0.1119847 -0.3813593 -0.1826535 -0.3590356 -0.5151099 -0.3714757 -0.4005385 -0.5948943 -0.1919849 -0.2394429 0.0294903 0.2549019 -0.0211961 0.3220637 0.5074186 0.3476250 0.5599133 0.6694014 0.5730768 0.5474320 0.3770356 0.2602448 0.2978059 0.3334615 0.0301780 -0.0260537 0.5081645 0.6565602 -0.2008430 0.4603454 0.2878400 0.0355069 0.0024986 -0.0166074 -0.1183736 0.0178212 0.2736443 -0.0630131 -0.2978094 -0.1674247 -0.0836313 -0.4508925 -0.6069898 -0.0775517 -0.1211163 0.1951001 0.0021439 -0.0678920 -0.3463745 -0.5492227 -0.3394951 0.3158090 0.0093925 -0.0933565 0.3642386 -0.0500418
0.5141201 0.4586716 0.2169371 0.6661506 0.2434732 0.7077245 0.6446706 0.7673317 0.7861620 0.6179972 0.5243822 0.7786337 0.5929049 0.6913241 0.0000000 0.6574074 0.5092797 0.7118801 0.5592247 -0.0890708 0.7794953 0.2470425 0.6057400 0.8456712 0.5726959 0.5334863 0.4386571 0.6216073 0.8386719 0.6860523 0.5136268 0.6104695 0.6228854 0.8106056 0.2881280 0.7964826 0.4036405 0.7262951 0.5445160 0.7175691 0.3834977 0.7191392 0.5089244 0.4153650 0.4901238 0.5268777 0.3938489 0.5028865 0.6315542 0.5217418 0.3847534 0.6824480 0.7134294 0.7273498 0.4971501 0.5542896 0.5056984 0.6427945 0.3110760 0.4174089 0.5023502 0.6392436 0.3431876 0.7396476 0.6012432 0.4453031 0.5010501 0.6884176 0.3854986 0.7246743 0.2175853 0.7369611 0.6400588 0.5504830 0.2247645 0.7316809 0.6586322 0.1388944 0.3785979 0.4247482 0.2226097 0.3144358 0.1294987 0.2868212 -0.2236168 -0.1711677 -0.2862826 -0.4639779 -0.2570235 -0.3034248 -0.5673256 -0.4361077 -0.3682080 -0.0510734 -0.3466783 -0.5510986 -0.6271328 -0.3828417 0.0559814 0.3104022 0.1588071 -0.5760556 -0.3664665 0.1612468 -0.7470771 -0.3489504 -0.1297885 -0.0621283 -0.5289962 0.0517701 -0.4758538 -0.3315197 0.3745380 0.0231173 0.1222727 0.2784453 0.0883038 -0.1964443 -0.0117894 -0.1447295 -0.0482820 0.1954996 -0.4112697 -0.6108814 -0.3678882 0.0646305 0.4450450 -0.3705421 -0.2249354 0.1446595 -0.0341180 0.0550152 0.1947669 0.0122158 -0.1912426 -0.2645442 -0.0677855 -0.2212361 -0.0757677 -0.2805716 -0.4316919 -0.4130478 0.0304996 -0.2740139 -0.2926179 -0.2089367 -0.3953163 -0.4192905 -0.4345948 -0.5077256 -0.2665916 -0.4476147 -0.5607639 -0.6146470 -0.3959579 -0.0001276 -0.5398846 -0.3858169 -0.1519954 -0.3076034 -0.3157876 -0.5523749 -0.1967939 -0.4190372 -0.4119467 -0.6274612 -0.7282434 -0.4303432 -0.4525142 -0.6998711 -0.5009139 -0.2597650 0.2418546 0.1457871 -0.2188038 0.2355116 0.6939489 0.5891188 0.7838856 0.7994699 0.6945597 0.5230213 0.4577478 0.3453102 0.4229849 0.3991077 0.1426411 0.0809894 0.4999878 0.6234064 0.0653345 0.5554664 0.3398096 0.1692154 0.1068369 0.2179653 0.0379656 0.0544316 0.3694684 -0.0481751 -0.0225331 -0.0885964 0.0274749 -0.0880622 -0.1876721 0.1308414 -0.1949896 -0.1111155 0.0107146 0.1655223 -0.3342639 -0.3498845 -0.1730737 0.5279063 0.1286048 -0.2693868 -0.0345915 -0.4160329
0.1591710 0.3131829 -0.0008220 0.6786613 -0.1152231 0.6438136 0.4010886 0.7467092 0.7336347 0.8561037 0.8473630 0.5506686 0.2943288 0.7547212 0.6574074 0.0000000 0.8914833 0.5020419 0.9273358 -0.5032862 0.3510981 0.5251137 0.9640930 0.6790538 0.8423406 0.9538770 0.6185330 0.2520336 0.4539523 0.4581459 0.1019253 0.8042639 0.3629488 0.6770792 0.8391806 0.3740012 0.8638497 0.7575289 0.7667281 0.5670860 0.3546640 0.5052572 0.8214809 0.1573459 0.3327563 0.8725727 0.8620911 0.2599319 0.5121069 0.4502143 0.8754257 0.9272968 0.6076106 0.6147833 0.4448635 0.8172927 0.8598349 0.4786860 0.0302405 0.8677846 0.3243049 0.8822004 0.2786405 0.6680176 0.2775114 0.5929673 0.8816763 0.6058033 0.6261660 0.7511897 0.7158536 0.6335544 0.8010366 0.2734454 0.5595947 0.6747966 0.4510495 0.6300840 0.6447669 0.2125970 0.3542844 0.2963885 0.0757240 0.0296334 -0.1563326 0.0012081 -0.1687642 -0.4629888 -0.1457993 -0.0844781 -0.4116616 -0.4527713 -0.4095574 0.1198114 -0.3708364 -0.5266486 -0.6303385 -0.4551438 -0.0967071 0.3846758 0.3509032 -0.4104643 -0.1961923 0.4229526 -0.4940577 -0.3390425 0.0762025 0.2434022 -0.3706547 0.1600311 -0.3358854 -0.1589039 0.5100118 -0.2201996 -0.1251640 0.0038556 -0.2111551 -0.2652611 -0.1182116 -0.2556618 -0.1246191 0.0264430 -0.0763087 -0.2530167 0.1851080 0.3530137 0.7199322 0.0532070 0.2293791 0.6126371 0.3879650 0.4405915 0.4428315 0.3673905 -0.0397415 0.1020597 0.2836328 0.1850483 0.1290123 0.0736817 -0.1201056 0.1059233 0.1252537 -0.1618119 0.1234106 0.3190560 0.0116319 -0.0308990 -0.3021593 0.0106332 0.0685596 -0.0531313 -0.0907251 -0.2205508 -0.0643943 0.1655120 -0.3604888 0.1002020 -0.1599413 0.1213617 -0.0282953 -0.1111649 0.0935326 -0.0433474 -0.0714608 -0.0875377 -0.3569818 -0.4019788 -0.4950646 -0.4111281 -0.1483891 -0.3132456 0.1235637 0.0658533 -0.3902500 0.0354191 0.3367064 0.1390938 0.4895121 0.5857090 0.5071137 0.3431146 0.1522615 -0.0350964 0.1290498 0.0872977 -0.1185113 -0.3127857 0.2315755 0.4480324 -0.2443071 0.2286687 -0.0112245 0.1824342 0.0429459 0.2103274 0.0362788 -0.1330711 0.1606624 0.2007675 -0.0984545 -0.0988248 0.1864226 -0.2212648 -0.6770408 -0.0140726 -0.0350974 -0.0228528 0.2180850 0.1622087 0.0023459 -0.0797767 -0.4480314 0.1769764 0.0212680 0.0067605 0.2975351 -0.0465250
0.1533935 0.3935238 0.1636639 0.7189039 -0.0656996 0.6997104 0.4658417 0.7465519 0.7126619 0.8858436 0.8923620 0.5560708 0.3867444 0.6717730 0.5092797 0.8914833 0.0000000 0.3260514 0.8415090 -0.3854101 0.2723926 0.6907632 0.9417157 0.5808602 0.8196264 0.9164934 0.5575505 0.0192106 0.3660861 0.2299417 0.1792918 0.8452383 0.1819880 0.6190769 0.8425055 0.2008498 0.8798472 0.7260429 0.7668179 0.3813250 0.4587624 0.4185117 0.8394178 0.0059900 0.2770507 0.8029022 0.7405731 0.3085507 0.4536518 0.2648795 0.8496918 0.8754673 0.6425481 0.5821129 0.5239390 0.7566858 0.7971801 0.4332064 0.1948658 0.8961234 0.4197281 0.8959602 0.4463909 0.7302823 0.2969613 0.6388595 0.9240494 0.6041815 0.6439404 0.8100903 0.7169401 0.6973277 0.7641469 0.4270671 0.5165403 0.7494108 0.5467113 0.6111756 0.7041356 0.4129328 0.4512004 0.2505724 0.0766723 -0.0478130 -0.0816741 -0.0649010 0.0327145 -0.3434840 -0.2183067 -0.1040673 -0.3976366 -0.3825148 -0.4318550 0.3104899 -0.2977905 -0.4289348 -0.4526943 -0.2789626 -0.2160805 0.5580679 0.2289109 -0.3685907 -0.3224547 0.6618247 -0.3087981 -0.2834636 -0.0230382 0.2153793 -0.4467161 0.3489676 -0.3850655 -0.2428460 0.6285367 0.0004691 0.0200921 0.1529336 -0.0951329 -0.0701922 0.0756647 -0.1747299 -0.0060999 0.1578054 -0.1104619 -0.0362058 0.2987673 0.4006375 0.7305729 -0.0448905 0.2028737 0.5593073 0.3457605 0.2391786 0.3816036 0.5127210 -0.2430831 -0.0858836 0.1877765 0.1708534 0.0117646 -0.0194048 -0.3076882 0.1038767 0.1079823 -0.0807841 0.0975347 0.2224033 -0.1050135 -0.1775423 -0.2572969 -0.0546029 -0.0687939 -0.0881614 -0.1289719 -0.1684238 -0.1166738 0.0308000 -0.1097206 -0.0209916 0.0129022 0.0361182 -0.0816542 -0.2246443 -0.1004194 0.0271309 -0.2378812 -0.0958607 -0.2510068 -0.0968381 -0.2669867 -0.4298570 0.0485091 -0.2527404 0.1595679 0.3181409 -0.2279849 0.2462741 0.3846504 0.2345248 0.4252276 0.5725002 0.4834078 0.4866461 0.3063021 0.1355875 0.2654207 0.1798168 0.0619520 -0.1185057 0.3692218 0.4855572 -0.2136669 0.3134564 0.1107527 0.1677652 0.1309447 0.1533178 0.0354025 0.1401045 0.3459840 0.1601584 0.0795986 -0.0665139 0.2271714 -0.2107480 -0.6983154 -0.0124664 -0.1591637 0.2072894 0.2853683 0.2852478 -0.1204908 -0.1312057 -0.3465617 -0.0649892 -0.0236319 0.0944908 0.2624438 -0.1456322
