0.0000000 0.7928650 0.4706476 0.1010739 0.2333968 -0.1087900 -0.0257141 0.0189717 -0.3218258 -0.2608097 -0.1923047 0.4390859 0.0685403 -0.1093636 -0.0786852 -0.3547993 -0.1641427 -0.2961428 -0.2535141 -0.0664641 0.5127042 0.1451879 -0.2178221 -0.3541655 0.0330637 -0.1409258 -0.0548545 -0.3810813 -0.1304347 -0.0082115 0.1638985 0.0695207 -0.2944449 -0.2178202 -0.0198628 0.3738265 0.0082027 -0.0947178 -0.2124888 -0.6396122 -0.0923310 -0.1587503 -0.1334892 -0.3297124 -0.2567289 -0.1879596 -0.0690884 -0.1532857 -0.3531086 0.0716399 -0.0636284 -0.2637019 -0.1473232 -0.3176430 0.0590882 -0.0109160 -0.1248403 -0.3342670 0.3778212 -0.0340707 0.2007299 -0.0932864 0.2628841 -0.2733822 0.0256655 -0.1949836 -0.2126367 -0.2862824 0.1217911 -0.3728472 -0.2964091 -0.1070193 -0.3272696 0.3229448 -0.0704443 -0.5406410 -0.1015393 -0.2217093 -0.2936007 0.1034640 -0.0721408 0.0213550 0.1458294 -0.0062308 0.1004948 0.2746191 0.1652457 0.0381447 0.2052457 0.0567427 0.1814619 0.2199009 0.3261825 -0.5652598 -0.3541202 -0.4173611 -0.0691508 0.1131547 0.1594249 -0.3892884 0.2606334 0.0797900 0.1545398 0.0862558 -0.1504429 -0.1366868 0.1926904 -0.0477736 0.1762763 0.1920017 -0.0644955 0.1854434 -0.3350160 -0.3281425 -0.5088894 -0.3726321 -0.3005486 -0.2978121 -0.2673523 0.4075860 0.0361270 -0.4638867 -0.0108241 -0.0784152 0.1368230 0.5367740 -0.3863663 -0.2102630 0.4887987 -0.3411593 -0.0533648 -0.1478077 -0.4244761 -0.1740974 -0.0480620 0.0178509 -0.2654497 0.3118396 0.0499666 0.3615081 -0.5186126 -0.0271012 0.2684408 0.6184955 0.2552239 0.2665756 -0.3935930 -0.5138484 -0.2968544 -0.3679625 0.5142321 0.7357094 -0.0342930 -0.4884108 -0.5043014 0.5806144 0.1254888 -0.2106812 -0.3272244 0.6174259 -0.3473633 -0.6212853 0.5562355 0.2972618 -0.5403356 0.1216761 0.1324539 -0.5399549 -0.2018982 -0.5699497 -0.5661442 -0.6661457 0.5909763 0.7205387 0.3641579 0.5787595 0.7408066 0.2623139 0.5328044 0.5455104 -0.2742004 0.0274096 0.0026358 -0.2208638 0.3060658 0.4990371 0.5709012 0.3402948 0.4259557 0.6612341 0.5906898 0.6094198 0.5780516 0.5881296 0.6061946 0.5288701 0.5161791 0.4270187 0.0757700 0.4939193 0.3800824 -0.2957590 0.2275951 0.4686389 -0.0294128 0.3594083 0.3190945 0.2381390 0.3150818 0.1875632 0.3390234 0.5132622 0.1920639 0.6327665 0.6441764 -0.0514719 0.0950611 0.0639318
0.7928650 0.0000000 0.1976496 0.0053663 -0.0629638 -0.0417880 0.1427465 -0.2369382 -0.3973007 -0.4692886 -0.3929465 0.5626423 -0.2560996 0.0312260 0.1644959 -0.4971482 -0.1246589 -0.0330180 -0.5075979 -0.3884020 0.6365004 -0.2810190 -0.3801283 -0.1610344 -0.3913991 -0.3476948 0.0564564 -0.0305323 0.0601450 0.0612186 -0.2408202 -0.3489337 -0.0740626 -0.0995549 -0.2453440 0.6054317 -0.2927678 -0.4582852 -0.3444874 -0.6040864 -0.4819279 -0.0186212 -0.3256505 -0.1603003 -0.1381406 -0.2181328 -0.2727124 -0.5264496 -0.2807978 -0.1790987 -0.3441054 -0.4868127 -0.0079252 -0.4474229 -0.2410456 -0.1782550 -0.3541848 -0.4099868 -0.0952506 -0.3252469 0.0998981 -0.3239071 -0.1236815 -0.4218444 0.0692984 -0.5292015 -0.3260531 -0.4334900 -0.0931486 -0.5172086 -0.5237930 -0.2400027 -0.4837024 0.0391050 -0.2817792 -0.6693491 -0.2176797 -0.5096596 -0.5296819 -0.3141990 -0.2701776 0.1112071 0.2160445 0.1031278 0.2579220 0.4273896 0.3415331 0.3267810 0.4671822 0.3703128 0.3007516 0.3403550 0.3738388 -0.3350408 -0.0631052 -0.0906401 0.0542223 0.2670361 0.2657908 -0.1754268 0.4368437 0.2462762 0.3549773 0.2555750 -0.0240139 0.0508762 0.3816164 0.2029340 0.3832055 0.3896763 0.1403083 0.3452719 -0.1484157 -0.2011617 -0.3026864 -0.3772057 -0.3403529 -0.1519875 -0.2310489 0.5516870 0.2248552 -0.4715737 -0.1916147 0.1183989 0.3492618 0.7826742 -0.3926445 -0.0513226 0.7048684 -0.0152583 0.1526405 -0.1925167 -0.3848306 0.1456195 -0.0885435 0.3087595 0.0035131 0.4465540 0.2331322 0.4339031 -0.2507070 0.0902228 0.0020435 0.7084317 0.4743830 0.5411896 -0.0605014 -0.1198230 -0.2202490 -0.4270215 0.2989830 0.4948450 0.2421347 -0.1198508 -0.2589984 0.5011177 0.0667154 -0.0220027 -0.1235763 0.3539671 -0.0696791 -0.3496813 0.4255131 0.2000069 -0.1747069 0.0477240 0.2976329 -0.2434442 -0.1310971 -0.3639694 -0.1844107 -0.3927297 0.3264059 0.4605281 0.2655324 0.4206608 0.6267358 0.3056928 0.4738284 0.5024394 -0.2755707 0.0828941 0.0828731 -0.1627628 -0.1982700 0.3990116 0.1530271 0.0882893 0.2057849 0.3464823 0.6617573 0.3258504 0.5317945 0.6165217 0.7779950 0.6301221 0.6980790 0.4047347 -0.1023972 0.7620781 0.0338027 -0.4877665 0.0191918 0.2021696 -0.2231374 0.2874111 0.4524696 -0.1218208 0.1270813 -0.0259579 0.3048068 0.4683070 -0.0484425 0.5442351 0.5867978 -0.4389127 0.0746951 -0.0968245
0.4706476 0.1976496 0.0000000 0.5214118 0.8551679 0.4403249 -0.0350676 0.6904854 -0.1391683 0.3712946 0.3916938 0.2498441 0.7793192 0.2020595 -0.1138164 0.0914737 0.0542739 -0.5217946 0.2305528 0.6079391 0.2886721 0.6498383 0.2045804 -0.0859355 0.2917609 0.2117099 0.1165475 -0.3190131 -0.0535806 0.1869025 0.6011984 0.3469486 -0.1253397 -0.0378100 0.3225812 0.0796050 0.3863323 0.4643659 0.1337611 -0.2639042 0.4967304 0.0872443 0.1977355 -0.3026997 0.0256366 0.0273726 0.1583635 0.4719606 -0.1814693 0.4150371 0.1823470 0.0789743 -0.1036936 -0.0434597 0.4683419 0.2499900 0.2047663 -0.1267787 0.6677530 0.1286982 0.4613905 0.0882520 0.4880648 0.1576162 0.3351933 0.0024577 -0.0694834 0.1238585 0.1722629 0.0479807 -0.0084205 0.3884071 -0.0187916 0.6308685 -0.0679190 -0.0746203 0.2966115 0.2251299 0.0875210 0.5344603 0.1056087 0.5239848 0.3067579 -0.2768787 -0.6027091 -0.5304645 -0.4458632 -0.5690736 -0.5913766 -0.6826527 -0.3181982 -0.3632358 -0.3490760 -0.0946003 -0.6595966 -0.7209541 -0.5117552 -0.6785613 -0.6190735 -0.4461997 -0.1640366 -0.8102771 -0.6893418 0.3351508 -0.4899176 -0.4426359 -0.7304285 -0.8055911 -0.5416819 -0.6571791 -0.6875711 -0.6523417 -0.8275603 -0.8776970 -0.7836140 -0.6904782 -0.6161103 -0.7068922 -0.7127507 -0.2157023 -0.5768955 -0.5791940 0.4333403 -0.6001959 -0.1844701 -0.1679875 -0.7025086 0.0397999 -0.1368122 -0.5764675 -0.4996489 0.5000992 -0.6472186 0.0912390 0.2854839 -0.3811707 -0.4709400 -0.2007170 -0.1755795 0.0002347 -0.1608228 -0.2539412 0.3851435 -0.0019618 -0.4494597 -0.5384904 -0.5992332 -0.4869331 -0.0933159 0.0204246 0.4016882 0.4531831 -0.4846443 -0.4480597 -0.4959430 0.4937038 0.1041406 -0.2553621 -0.1971770 0.4946297 -0.4770501 -0.5551654 0.3176350 0.2268012 -0.6344021 0.3905397 -0.0963692 -0.4116184 0.1305514 -0.2500236 -0.4466956 -0.2848023 0.0412375 0.0735702 0.1355639 0.6035156 0.5242397 0.1164921 0.1961325 0.0869447 -0.2089340 0.1464945 0.3281737 0.2908740 0.7094155 0.6305171 0.7268820 0.3432514 0.6505720 0.7445715 -0.0243106 0.7455881 0.4851812 0.0234945 -0.0816578 -0.1093726 -0.1915701 0.6660543 0.1002022 -0.2049499 0.5013316 0.2723506 0.0121845 0.3456106 0.4880127 0.2848834 0.0194602 0.3825609 0.4331127 0.4989181 -0.0479373 0.1496961 0.5457934 0.5011954 0.1119770 0.3409655 0.0475071 -0.0750946
0.1010739 0.0053663 0.5214118 0.0000000 0.4685007 0.7910903 -0.0767766 0.8416826 0.2778822 0.7053102 0.6840351 0.3332558 0.7376508 0.2004726 0.1039816 0.5200193 0.3405629 -0.2177196 0.5667320 0.4867204 0.4243721 0.5030292 0.3739888 0.4169939 0.4043943 0.4420543 0.1977607 -0.1774608 0.3959859 -0.1128124 0.3476606 0.4898691 0.2811504 0.5037569 0.3661578 0.3398723 0.5634818 0.5626554 0.2304875 0.1950166 0.5002701 0.5824868 0.3784298 0.1258159 0.6439740 0.4586330 0.4139245 0.4496380 0.4237937 0.4675789 0.3695911 0.4774744 0.5917254 0.4322078 0.4516639 0.4936487 0.4704912 0.4340999 0.2073822 0.3206199 0.7308850 0.4045673 0.2647995 0.6443242 0.6664938 0.1886512 0.2510631 0.5312742 0.3514245 0.5539112 0.3451793 0.8133821 0.3494737 0.6295503 0.0877922 0.5114617 0.6607741 0.4371832 0.4517237 0.5376082 0.0426902 0.2707654 0.2682169 -0.2726252 -0.7437048 -0.6028321 -0.5072535 -0.7327852 -0.5072859 -0.6358445 -0.5793218 -0.4029117 -0.4920966 -0.1359106 -0.5577902 -0.5744324 -0.7205804 -0.5798153 -0.5569219 -0.4743863 -0.5188312 -0.5836125 -0.5154625 0.0864218 -0.5506514 -0.2533259 -0.5123281 -0.6037456 -0.5234626 -0.5549380 -0.6826101 -0.5556224 -0.3424712 -0.3782729 -0.2813472 -0.1782594 -0.1705384 -0.5144606 -0.2263024 -0.1599662 -0.1587319 -0.1245642 0.3318362 -0.0870893 0.0045990 -0.0122539 -0.2040466 -0.1356664 -0.1091721 0.1073001 0.1731792 0.3438496 -0.1200925 0.0764926 -0.2390541 -0.3582127 0.0886720 -0.2448517 0.2459411 -0.2202361 -0.2222002 -0.2118156 -0.3116037 0.0824386 -0.1423682 -0.4495675 -0.0981059 -0.0616905 -0.4613270 -0.2657228 -0.0997652 0.1531401 -0.3129512 -0.4259678 -0.3033122 -0.1401021 -0.4474539 0.0580081 -0.3820170 -0.0371693 -0.4898322 -0.4257355 -0.2859544 -0.3269852 -0.3830628 0.0075017 -0.2869930 -0.4102918 -0.0087395 -0.1147479 -0.3293865 -0.1227556 -0.0394934 -0.4481286 -0.2556552 0.0260257 0.0891356 -0.4281535 -0.0309316 -0.2151959 -0.4780804 0.1826356 0.6136779 0.3170659 0.1346030 0.4666053 0.1959175 0.0534302 0.3370912 0.4382529 -0.0500207 0.2790915 0.0254013 -0.1281522 -0.0555264 -0.1847386 0.0177777 0.5804644 -0.1550741 -0.0428360 0.2074498 0.1204950 -0.3529772 0.0715678 0.1348485 -0.2254088 0.1270445 0.1436832 0.2594414 0.2407419 -0.4749957 -0.2206704 0.0580708 0.0772777 0.0954424 0.1213798 -0.0118233 0.0244858
0.2333968 -0.0629638 0.8551679 0.4685007 0.0000000 0.3229763 -0.2492828 0.7337101 -0.1994252 0.3888607 0.4867661 -0.0962152 0.8023996 0.1717363 -0.1196670 0.2983978 0.1513543 -0.4091961 0.3101615 0.6467746 -0.0633172 0.6717123 0.2976959 -0.0012226 0.2647988 0.3152933 0.3151176 -0.1914532 -0.0637980 0.2530385 0.5948277 0.4644397 -0.0942646 -0.0167158 0.3270890 -0.2832623 0.4892182 0.5881742 0.1959901 -0.0344485 0.7125701 0.0202472 0.3028703 -0.2641638 0.0790299 0.1276596 0.2167995 0.7116944 -0.1996640 0.5371973 0.2215251 0.2113323 -0.1295108 0.1270491 0.5539595 0.2605305 0.2659010 0.0028449 0.5887812 0.1609464 0.3608709 0.1544662 0.6235265 0.2311694 0.3763127 0.2732269 0.0179537 0.2390549 0.2725118 0.1592378 0.2017830 0.4558719 0.1560295 0.6881632 0.2009849 0.1255523 0.3788369 0.4432751 0.3942616 0.7131823 0.4500159 0.3748496 0.1647920 -0.4996147 -0.7645700 -0.6835147 -0.5868607 -0.7421104 -0.7623823 -0.7677197 -0.4983030 -0.4760729 -0.4532794 -0.2144927 -0.6077891 -0.6566180 -0.5131485 -0.7171077 -0.6678387 -0.4401535 -0.4871062 -0.8258461 -0.7271306 0.0335847 -0.4910622 -0.4537651 -0.7977840 -0.7929850 -0.7237036 -0.7580258 -0.7453972 -0.7844245 -0.7015962 -0.6465759 -0.5929062 -0.4157903 -0.3695283 -0.5811406 -0.5201023 -0.5519033 -0.6827741 -0.3948635 0.3040416 -0.6700776 -0.5196509 -0.4640260 -0.5705095 0.1159487 -0.4996563 -0.5356982 -0.5731189 0.4214057 -0.5893208 -0.1892561 0.3530922 -0.3989468 -0.5080971 -0.5260592 -0.3822371 -0.2486968 -0.1571985 -0.3767519 0.4045041 -0.2491220 -0.6139816 -0.5801517 -0.7318293 -0.5150496 0.0314611 0.1847650 0.3743712 0.1788717 -0.7043869 -0.3705922 -0.4867722 0.2375528 -0.0573218 -0.4063586 -0.1704580 0.3148738 -0.4140878 -0.5171301 -0.0210567 0.0364494 -0.6161926 0.1446795 -0.3235145 -0.3059853 -0.0736679 -0.3075017 -0.4485582 -0.3016696 -0.2185537 -0.0545206 0.0066086 0.3719363 0.1674006 -0.1684633 -0.1613509 -0.2777317 -0.3780405 -0.1364028 0.1817501 0.1017348 0.7338838 0.5643861 0.6548947 0.5107157 0.7208182 0.6379437 -0.4223240 0.5192389 0.2685067 -0.3710193 -0.4556376 -0.4720035 -0.4229525 0.4362369 0.3318303 -0.4582177 0.3180917 0.2458557 -0.1827268 0.1056655 0.5696000 0.4798025 -0.1305277 0.1323201 0.2949284 0.5196928 -0.0379295 -0.1341025 0.7040225 0.4483652 -0.1806315 0.2303911 -0.1171731 -0.2847000
-0.1087900 -0.0417880 0.4403249 0.7910903 0.3229763 0.0000000 0.4294352 0.6895317 0.1159231 0.5785098 0.5667698 0.1595809 0.5438671 0.2449259 -0.0766194 0.2032018 0.0711772 -0.3851257 0.4025172 0.5770942 0.2122084 0.4640183 0.0414440 0.1667688 0.3603723 0.1606960 0.2282134 -0.2225833 0.1126217 0.1610426 0.4275941 0.2416967 0.0185191 0.2084143 0.1398680 0.3564277 0.3199965 0.4195296 0.2651583 0.0738155 0.3949580 0.4931636 0.1016468 -0.1508170 0.4384537 0.1716960 0.2559146 0.3180175 0.1947145 0.1607539 0.1711402 0.2188024 0.4229796 0.1520625 0.1728066 0.1953071 0.2920169 0.1368917 0.0918141 0.1170394 0.5994691 0.1411878 -0.1264260 0.5408475 0.6379335 -0.0510683 -0.0063514 0.3900170 0.0185286 0.3509344 0.0737103 0.6385900 0.1368831 0.3869725 -0.2116162 0.3370251 0.5161516 0.1481181 0.2003304 0.2819585 -0.0465191 0.4782884 0.3466586 -0.0617145 -0.6265359 -0.6407448 -0.5582589 -0.5569017 -0.5556569 -0.5852607 -0.4401978 -0.3779051 -0.5785639 0.2852693 -0.4427074 -0.4730904 -0.5967697 -0.6226443 -0.5593692 -0.1668190 -0.2220134 -0.6155124 -0.5660718 0.3576504 -0.4573107 -0.4261509 -0.5918644 -0.5603008 -0.2760555 -0.6199467 -0.4199112 -0.5003324 -0.3655428 -0.4660679 -0.3323632 -0.2974197 -0.3305367 -0.5314271 -0.3691125 -0.1333460 -0.1947417 -0.3387437 0.4652777 -0.0871771 0.0880436 -0.0780750 -0.3535531 0.0685126 -0.0645738 0.0948625 0.1084310 0.5513498 -0.2087317 0.4687205 0.0700665 -0.1499010 0.2625393 -0.1306105 0.3974865 -0.2536072 0.1036038 -0.0796979 -0.2047744 0.0884336 -0.0560184 -0.4990121 0.1616644 0.2377161 -0.2171987 -0.0978531 -0.2053785 0.0263168 -0.1834915 -0.1821654 -0.0784269 -0.0738070 -0.0921486 0.3516799 -0.0012846 -0.0219764 -0.2708700 -0.1562484 -0.1957052 -0.0965916 -0.0856848 0.2474641 -0.0566414 -0.0892253 0.3601378 0.3048578 0.0043934 0.2038985 -0.1443760 -0.5102119 0.0386000 0.1522598 -0.0043527 -0.3385047 -0.1707941 -0.2180584 -0.2406726 0.2342216 0.7053645 0.4396201 0.0124996 0.3754640 0.0475268 -0.1733941 0.1765337 0.2231507 -0.0674395 0.1267869 -0.0303873 -0.1987790 -0.1015024 -0.2314513 -0.1532456 0.5242821 -0.1619953 -0.1091516 0.2779728 0.4119745 -0.1841291 0.1819572 0.4069800 -0.1664848 0.2470672 0.1788643 0.3196839 0.4271486 -0.4429975 -0.1894399 0.1709046 -0.0546743 -0.1112602 0.0569560 -0.0616926 0.2566729
-0.0257141 0.1427465 -0.0350676 -0.0767766 -0.2492828 0.4294352 0.0000000 -0.1171086 -0.0814105 -0.2392673 -0.2743622 -0.0170030 -0.2399112 -0.0081346 -0.1447531 -0.5230833 -0.5058547 -0.1766609 -0.1356812 0.1565408 -0.0575626 -0.0469985 -0.5054818 -0.2432286 0.0907410 -0.3327516 -0.0706370 -0.0986945 -0.2752230 0.3645445 0.1260143 -0.1742137 -0.3375782 -0.2960237 -0.3530990 0.2087866 -0.2478222 -0.1342367 0.0680320 -0.1342570 -0.1015658 -0.0005587 -0.3910910 -0.3266719 -0.1671214 -0.3789823 -0.2580462 -0.1577699 -0.1942941 -0.3563455 -0.2851415 -0.2611286 -0.0212581 -0.3325829 -0.2668213 -0.3633285 -0.2140129 -0.4424821 -0.2050265 -0.3006080 -0.0163450 -0.2933268 -0.4967328 -0.0516341 0.1515477 -0.3222640 -0.3594400 -0.2501045 -0.3750160 -0.2985215 -0.3466145 -0.1163600 -0.3299664 -0.1498250 -0.4249868 -0.2580564 -0.0848000 -0.4689889 -0.4336468 -0.3142529 -0.3043209 0.3114617 0.2920020 0.4720702 0.2693071 0.0862630 0.0524988 0.2067644 0.0352366 0.1286674 0.0940422 0.0338705 -0.1282505 0.3188245 -0.0020444 0.0403331 0.0856828 -0.0082046 -0.0570536 0.4311408 0.3978089 0.0246869 0.0703474 0.2204620 0.0490650 -0.1737466 0.0038539 0.1977552 0.4520823 -0.1372754 0.3707893 0.2440238 -0.1360624 -0.1717555 -0.1272024 -0.1268072 -0.1763713 -0.0276387 -0.1667026 0.3867062 0.2363413 -0.3948091 0.0928130 0.2413817 0.3934321 0.1969994 -0.2336581 0.0177884 0.3826496 -0.0275825 0.1747309 0.1998236 -0.1968883 0.3851085 0.3421397 0.3259933 0.4548061 0.5005374 0.5729979 0.2492613 0.0810062 0.4173638 -0.1243763 0.2559997 0.4454308 -0.1179937 0.4797496 0.3075145 -0.1455045 0.0424641 -0.0801809 0.0217898 0.4211701 -0.0737654 0.0216000 0.0900715 0.3253429 0.6226674 0.1472045 0.1293194 -0.0809834 0.1204365 0.2314832 0.2212239 0.1598774 0.3372946 0.2722211 0.0821583 0.5355452 0.5000321 0.1981094 0.2385492 0.1662073 0.0629454 0.6419099 0.3973413 0.0900842 0.2208344 0.0481231 0.1861811 0.4417961 0.1876608 0.0159124 0.2268735 -0.2472459 0.0889549 -0.0909364 -0.0979733 -0.2272852 -0.1993407 0.3392406 -0.2061925 -0.1531703 0.2361100 0.2601711 0.2411816 0.0310980 0.0403895 -0.2315800 0.1808946 0.3261869 0.3086560 0.4369851 0.4712014 0.3392176 -0.0217248 0.5255145 0.3535985 0.1212784 0.1097890 0.0970870 0.1982100 0.0581277 -0.1639032 0.0869264 0.0271756 0.1332360 0.6499532
0.0189717 -0.2369382 0.6904854 0.8416826 0.7337101 0.6895317 -0.1171086 0.0000000 0.0737692 0.7159172 0.7822061 -0.0210965 0.9499021 0.1233760 -0.1845866 0.6110195 0.2773957 -0.4280802 0.7408716 0.6986839 0.0978504 0.7323188 0.5181776 0.1931821 0.5859511 0.5880284 0.2355931 -0.2552576 0.0676357 0.0118716 0.6033544 0.6311346 0.0522063 0.2137750 0.5295160 -0.0023695 0.7012443 0.7673700 0.2446520 0.1090192 0.7348763 0.3082863 0.4955535 -0.0834872 0.3779323 0.4170452 0.5118513 0.7039698 0.1853387 0.5939742 0.5085603 0.5390636 0.2596852 0.4421079 0.6134742 0.5399873 0.5815353 0.3777758 0.4769366 0.4408094 0.5932168 0.4937115 0.4694255 0.6052610 0.5738094 0.3466686 0.3232036 0.6418764 0.4336031 0.5717861 0.4602514 0.7816845 0.4660269 0.6333706 0.1988679 0.5310424 0.5451678 0.5951095 0.5473069 0.6756067 0.2188806 0.3010570 0.2345357 -0.3233476 -0.7981627 -0.6965714 -0.5443870 -0.7876201 -0.6862403 -0.7588945 -0.6408295 -0.5159416 -0.5924029 -0.0334153 -0.5450240 -0.5484715 -0.6988325 -0.7452458 -0.6466155 -0.5080122 -0.4936979 -0.7484268 -0.6868017 0.0564892 -0.5865434 -0.3165607 -0.7280854 -0.7735177 -0.6297731 -0.7340981 -0.7017192 -0.6714599 -0.5143232 -0.5797020 -0.4933875 -0.2829804 -0.3141974 -0.6557566 -0.4097227 -0.4119875 -0.4478202 -0.1983318 0.4100385 -0.3792647 -0.2765476 -0.3994378 -0.3270840 -0.0815158 -0.4026240 -0.1570705 -0.1382532 0.4258287 -0.2862101 0.0591931 0.0683449 -0.4767851 -0.1329869 -0.3803384 0.0160622 -0.2396939 -0.1953756 -0.1748134 0.0006656 -0.0956573 -0.3732103 -0.6279281 -0.3967507 -0.3090874 -0.3210059 0.0920967 0.1327617 0.1609441 -0.5335858 -0.4689796 -0.3752043 -0.0938888 -0.2468147 -0.0361359 -0.3488757 0.1600366 -0.5226651 -0.4109816 -0.1703907 -0.1632558 -0.5003781 0.1274937 -0.3330192 -0.4856303 -0.0448782 -0.0681612 -0.4273179 -0.1737075 -0.0482601 -0.3761442 -0.1883158 0.1226045 0.0176265 -0.3155273 -0.0687416 -0.2323631 -0.3491235 0.1614078 0.4625786 0.3416285 0.4612169 0.4926306 0.3963243 0.1798248 0.4398698 0.4717603 -0.2968107 0.3584001 0.0638679 -0.3463667 -0.3854154 -0.4447495 -0.3517711 0.4625002 0.0245979 -0.4211686 0.3951773 0.4532908 -0.1288710 0.2216000 0.3605358 -0.0523307 -0.0096105 0.2822570 0.4174051 0.4439845 -0.3047538 -0.1084349 0.3052251 0.0620574 -0.1123364 0.3429724 -0.0166239 -0.0107151
-0.3218258 -0.3973007 -0.1391683 0.2778822 -0.1994252 0.1159231 -0.0814105 0.0737692 0.0000000 0.3786001 0.1294486 0.3935941 0.0320071 0.1786459 0.5974601 0.2916458 0.1600854 0.3328770 0.2117927 0.0017832 0.1748526 -0.0963556 0.2634808 0.6438353 0.0126712 0.2329650 -0.4373833 0.2287897 0.6783591 -0.3216945 -0.1851254 0.1133901 0.6287108 0.7155112 0.1131822 0.0919102 0.1000175 0.0377294 0.0578957 0.5265968 0.0070112 0.6187998 0.0852659 0.6484305 0.6407753 0.1378223 -0.0652104 0.0517278 0.7144224 -0.0589913 0.0183914 0.2185200 0.6142099 0.2773557 0.0463684 0.0779840 0.0385410 0.4403264 -0.0940627 0.0546134 0.3417711 0.0951288 0.0884663 0.4877991 0.2162764 0.0300978 0.1734677 0.1515961 0.0248151 0.4338235 0.1515982 0.3970349 0.2446233 0.2153357 0.0541471 0.5243738 0.5028767 0.2399427 0.3222665 0.2614876 -0.0208308 0.0198181 -0.0136523 0.0323933 -0.1122802 -0.1281067 -0.2052548 -0.1106539 -0.1017478 -0.0865438 -0.2989838 -0.2691603 -0.2140593 0.1225866 -0.0630869 -0.1042305 -0.1622817 -0.0904221 -0.1482805 0.1097994 -0.2944373 -0.0597442 -0.0464852 -0.0576475 -0.0791494 0.2110217 -0.0162185 -0.0084213 -0.2621183 -0.0509148 -0.1966428 -0.1082819 0.3063880 0.2552324 0.4762593 0.4340394 0.4694462 0.4180145 0.4941311 0.1343555 0.3259251 0.5262513 0.1821837 0.4937230 0.3659974 0.0565878 0.4484441 -0.0287030 0.0528024 0.4371208 0.4132365 -0.0581359 0.4751238 -0.0901696 -0.3852174 -0.0191501 0.4443555 0.0623951 0.2643703 0.0189771 0.1295782 0.0371257 -0.4540544 -0.3280355 0.0691370 -0.1929272 0.4572159 0.3274403 -0.1885268 -0.1850969 -0.3799826 -0.2267597 0.2543810 -0.0004113 0.2646916 -0.2749239 -0.3521672 0.1844647 -0.1823824 -0.3575438 -0.0338080 0.1814594 -0.2759396 -0.3780626 0.1367737 0.0109259 -0.1224129 0.0727248 0.1456426 0.0378177 0.1030034 0.1962447 0.0267266 -0.2729879 -0.2407808 -0.1633035 -0.0808277 -0.1499388 -0.0852446 -0.1919026 0.2025453 0.0005826 0.0741751 0.0307927 -0.1300116 -0.0936368 -0.1913737 -0.2519335 -0.0535799 -0.1138579 0.0384989 -0.0390494 -0.2816529 0.0623870 0.0153671 0.0936709 0.0395555 0.1836658 -0.0365845 0.0706435 -0.3210655 -0.1610412 -0.1040407 -0.0753748 -0.1254173 -0.4886215 -0.0834251 0.2348240 -0.5661509 -0.3154996 -0.3695129 -0.1932157 -0.3429595 -0.1235121 0.1426260 0.3167033 0.1296007 -0.0106125
-0.2608097 -0.4692886 0.3712946 0.7053102 0.3888607 0.5785098 -0.2392673 0.7159172 0.3786001 0.0000000 0.9131301 0.0651698 0.7405948 0.4115665 -0.0596282 0.7721189 0.6369372 -0.1012321 0.7579598 0.5410950 0.1067999 0.5919397 0.6697548 0.2689499 0.5330028 0.6330680 0.3085616 -0.2114532 0.2232207 -0.0857283 0.3472534 0.6407659 0.1623543 0.3784680 0.6934549 0.0863076 0.7318210 0.7746480 0.6203424 0.4529157 0.6292780 0.4720682 0.7113207 0.0938573 0.4547246 0.6537120 0.6904368 0.6659369 0.5377799 0.6311720 0.7048763 0.7416681 0.4545617 0.6826993 0.6464084 0.7089088 0.7301580 0.6870657 0.4768926 0.6757608 0.5969120 0.6676637 0.4384769 0.7652871 0.4025444 0.4811746 0.5597930 0.7832936 0.4774686 0.8387747 0.6474370 0.7651413 0.6885891 0.4535423 0.3230601 0.7595213 0.5553178 0.7329734 0.6230433 0.5978966 0.1234499 0.1328571 -0.0679434 -0.3850369 -0.7046092 -0.7319616 -0.6002779 -0.6807389 -0.6601389 -0.6850107 -0.5138360 -0.4403760 -0.5272701 0.1982208 -0.5653824 -0.4915713 -0.5805548 -0.6524400 -0.6706468 -0.2058961 -0.4552685 -0.6440041 -0.7155776 0.1558127 -0.4412805 -0.4442999 -0.6376882 -0.7105292 -0.5582887 -0.5605053 -0.6807089 -0.5519353 -0.2234225 -0.2871887 -0.1736823 -0.1043894 -0.1230189 -0.3815238 -0.1946133 -0.3456480 -0.3215498 0.0485442 0.3380440 -0.2834863 -0.1643944 -0.4427503 0.0096123 -0.1585460 -0.3764682 0.0612894 -0.0425290 0.2690109 -0.0109616 0.1574546 -0.2122648 -0.6758513 -0.0847477 -0.3216146 -0.0832782 -0.2735882 -0.1186113 -0.0911627 -0.0535480 -0.2745147 -0.5515727 -0.5330565 -0.1247284 -0.0805475 -0.1337368 0.1779197 -0.1828056 0.0428730 -0.2919329 -0.2921511 -0.0840893 -0.0994935 -0.2016583 -0.2459154 -0.1049177 -0.0431129 -0.2692304 -0.0750977 -0.2773702 -0.1849994 -0.2507525 -0.1188249 -0.4581046 -0.2672146 -0.0763103 -0.0507724 -0.2836010 -0.0346893 -0.2143448 -0.5152332 -0.3402274 -0.0621986 -0.0152386 -0.2680670 -0.0393925 -0.1754858 -0.1557044 0.3212280 0.6889240 0.3513453 0.3891857 0.1967675 0.3082258 -0.0662262 0.2112275 0.3553798 -0.2871406 0.2952030 0.0802804 -0.2632984 -0.3933205 -0.3115578 -0.4819090 0.3420421 0.0211895 -0.4973853 0.1623567 0.2446592 -0.3857328 -0.1977252 0.1408659 -0.3535685 -0.1573245 0.1354045 0.0454263 0.1544930 -0.7021614 -0.3727464 0.0467909 -0.0372580 -0.0758903 0.3032972 0.1414130 0.0348225
-0.1923047 -0.3929465 0.3916938 0.6840351 0.4867661 0.5667698 -0.2743622 0.7822061 0.1294486 0.9131301 0.0000000 -0.0605962 0.7706528 0.3102389 -0.1576746 0.8218977 0.5855754 -0.2333276 0.8151738 0.5820274 0.0420426 0.6782053 0.6477554 0.1714309 0.5904554 0.6621999 0.4763080 -0.2650958 0.0855989 -0.0327490 0.4200883 0.6834755 0.0437042 0.2320186 0.6976004 0.0703639 0.7908714 0.8282368 0.4559273 0.2708912 0.6728370 0.3239476 0.7038452 -0.0430312 0.3330669 0.6640203 0.7711701 0.6861988 0.3695298 0.6624895 0.7351971 0.6913234 0.3186644 0.6425458 0.6353285 0.7046206 0.7819353 0.6326159 0.5122250 0.7002568 0.4946781 0.6859444 0.4628378 0.6468294 0.3691065 0.5147756 0.5710464 0.8298492 0.5282499 0.7669982 0.6545827 0.7148911 0.7074661 0.4058801 0.4252919 0.6909751 0.4908088 0.7910791 0.6985312 0.6355908 0.3257533 0.0578591 -0.1414460 -0.4890160 -0.7429681 -0.7290743 -0.5787532 -0.6737371 -0.6324306 -0.6556076 -0.5200582 -0.4325534 -0.5030131 0.1133447 -0.5038779 -0.4963713 -0.6000579 -0.6858968 -0.6105952 -0.3983538 -0.4623580 -0.6136282 -0.6946405 0.0599779 -0.4541301 -0.4814219 -0.6178603 -0.7243943 -0.4910036 -0.5197997 -0.6009950 -0.5286693 -0.2091392 -0.2917830 -0.2165981 -0.0903320 -0.1594861 -0.4409752 -0.2123703 -0.4433026 -0.4251053 -0.0323059 0.3198802 -0.3636064 -0.3095138 -0.4698356 -0.0911178 -0.0998710 -0.4378479 0.0433914 -0.0751973 0.2871558 -0.1150718 0.1276011 -0.0307074 -0.5677827 -0.1083961 -0.4095435 -0.1205794 -0.3163732 -0.1274721 -0.1141074 0.1072906 -0.1696080 -0.5127363 -0.4406344 -0.2841861 -0.1880806 -0.1019636 0.2492995 -0.0107361 0.0123033 -0.4143839 -0.2636098 -0.1597975 -0.1022807 -0.1826730 -0.3049853 -0.0866795 0.0681890 -0.2784000 -0.1635498 -0.2536602 -0.1650595 -0.3058389 -0.1534546 -0.4820909 -0.3254414 -0.2951643 -0.1108348 -0.3605439 -0.1627127 -0.2570070 -0.4956989 -0.3704097 -0.1093538 -0.1052136 -0.3677386 -0.1042813 -0.2062644 -0.3430598 0.2244221 0.7157501 0.3096655 0.4209180 0.2078492 0.2963999 -0.0275600 0.2745261 0.3791980 -0.3903008 0.2522282 0.0751988 -0.4039493 -0.4698858 -0.4526856 -0.5052420 0.2867076 0.1671233 -0.5394853 0.1957229 0.2731659 -0.4169599 -0.1674684 0.1837183 -0.1303028 -0.1183491 0.0135812 0.1474692 0.2809657 -0.6392332 -0.2900156 0.1699302 0.0623768 -0.1451899 0.1462201 0.0100844 -0.0945298
0.4390859 0.5626423 0.2498441 0.3332558 -0.0962152 0.1595809 -0.0170030 -0.0210965 0.3935941 0.0651698 -0.0605962 0.0000000 -0.0351583 0.2224381 0.6451926 -0.0706619 0.2183128 0.1332363 -0.1770713 -0.2812924 0.9309823 -0.2531589 0.0732970 0.4001907 -0.2733260 0.0763906 -0.1640798 0.0478008 0.6566527 -0.2883836 -0.3559824 -0.1052941 0.4773424 0.5688902 0.1376031 0.8096486 -0.0301330 -0.2338123 -0.2474571 -0.1646190 -0.3836975 0.5747970 -0.0454661 0.4057355 0.4492574 0.1232027 -0.1146179 -0.3530620 0.4327742 -0.0007022 -0.1231117 -0.1565001 0.5436238 -0.0859296 0.0262568 0.1457575 -0.1016152 0.0684063 0.0009389 -0.0542532 0.4777717 -0.0492912 0.0781476 0.0908223 0.2769226 -0.3811382 0.0303652 -0.0706191 0.1383950 0.0307525 -0.2321034 0.1803925 -0.0876450 0.2778995 -0.1284992 -0.0932353 0.3069651 -0.0963870 -0.1329713 0.0213930 -0.2300712 0.1927231 0.2140247 0.0397150 -0.0179500 0.1607022 0.0351519 0.0713496 0.2720929 0.1064604 -0.0487003 -0.0608100 0.0810883 -0.2011852 -0.2143426 -0.2452896 -0.2153209 0.0316182 -0.0431496 -0.1413619 0.1224131 -0.0372037 0.0520389 0.3518159 -0.1173289 0.2134716 0.1049782 -0.0719791 0.0034576 0.1908041 -0.1969538 0.0301023 -0.0046882 -0.1380137 0.0263556 -0.1594013 -0.0787875 0.0501354 0.0128832 0.5331953 0.2995709 -0.0517193 0.0355054 0.3096456 0.5678498 0.7308538 -0.0613674 -0.1140875 0.6207985 0.2821237 0.3656715 0.0477202 0.0218340 0.1610861 -0.2953039 0.0499026 0.2394132 0.3933380 0.2672883 0.4657679 -0.0634996 0.0989298 -0.2891498 0.2347579 0.2551920 0.1493681 0.2017872 0.0231438 -0.3096221 -0.5277987 -0.0213821 0.1876701 0.3943813 -0.1702179 -0.0511256 0.2757610 -0.3118376 0.0193333 -0.3486475 0.0302254 -0.1388366 -0.1298043 0.1547685 -0.1871143 -0.0971774 0.0421702 0.0398676 -0.2343785 -0.0620761 -0.2986726 -0.1226868 -0.1821576 0.2061929 0.0919161 -0.0883856 0.3034387 0.6756866 0.2943248 0.5490258 0.4612292 -0.0139161 0.4017270 0.3634188 0.2047170 -0.1231857 0.3393473 0.0860518 -0.0937198 0.1879137 0.3622626 0.5695199 0.3664377 0.3070165 0.6118598 0.6776038 0.6204262 0.5880703 0.6683071 -0.2012403 0.6572217 -0.2055693 -0.5085325 -0.1167576 0.0907366 -0.3444785 -0.2451597 0.2808059 0.1523220 -0.2206442 -0.2349124 -0.1619243 0.3653945 -0.3877973 0.4402555 0.6627447 -0.0323636 0.2209892 -0.1379256
0.0685403 -0.2560996 0.7793192 0.7376508 0.8023996 0.5438671 -0.2399112 0.9499021 0.0320071 0.7405948 0.7706528 -0.0351583 0.0000000 0.2245685 -0.2334611 0.6088461 0.3331478 -0.4021134 0.7067143 0.7187287 0.0811552 0.7822361 0.5762804 0.1114752 0.5695890 0.5627122 0.2654894 -0.2531625 -0.0063514 0.0871728 0.6338411 0.6472420 -0.0145300 0.1247312 0.5843088 -0.0972268 0.6980174 0.8114801 0.3427383 0.1066808 0.7797127 0.1685401 0.5621850 -0.1555667 0.2375916 0.4103951 0.5121764 0.7642520 0.1086626 0.6882931 0.5431854 0.5562799 0.1066791 0.4201318 0.7108707 0.5894524 0.5859023 0.3248989 0.5984963 0.4666211 0.4977460 0.4966340 0.6026808 0.5012534 0.3994399 0.3752651 0.3145452 0.5856766 0.4484808 0.5277096 0.4761298 0.6870842 0.4388472 0.5973803 0.2031928 0.4520823 0.4429123 0.6198469 0.4950065 0.6916003 0.1907569 0.2901019 0.1807490 -0.3555933 -0.7561707 -0.7003734 -0.4880459 -0.7771172 -0.7138031 -0.7920096 -0.5194644 -0.4333191 -0.4974186 -0.0210541 -0.5795139 -0.5783400 -0.6220939 -0.7468211 -0.6965215 -0.5246281 -0.4669050 -0.8154691 -0.7496378 0.0616104 -0.5256214 -0.3618390 -0.7777383 -0.8333020 -0.6954473 -0.7583633 -0.7621413 -0.7100388 -0.6500354 -0.6603105 -0.5941200 -0.3988276 -0.3838878 -0.6786941 -0.5103534 -0.4448374 -0.5385981 -0.2185078 0.4289837 -0.5380931 -0.3493201 -0.4916010 -0.3624110 -0.0704690 -0.4604522 -0.3603295 -0.3389292 0.4353819 -0.3622085 0.0200924 0.1170018 -0.5884437 -0.3855366 -0.4164780 -0.1798567 -0.2016894 -0.2164452 -0.2156555 0.1885110 -0.1482836 -0.5641179 -0.6536281 -0.5607214 -0.4604915 -0.2007907 0.1954585 0.2563065 0.2829492 -0.5952427 -0.4642303 -0.4200289 0.0937786 -0.1141355 -0.2272370 -0.2983326 0.2925367 -0.5097316 -0.4225776 -0.0192467 0.0035481 -0.5705042 0.1700569 -0.3171588 -0.5071418 -0.0459776 -0.1258371 -0.4780981 -0.2254774 -0.0523509 -0.2843497 -0.2368813 0.1588636 0.1084632 -0.1945342 0.0161851 -0.1654774 -0.2842891 0.1683785 0.3993793 0.3398957 0.6198804 0.4278308 0.5317904 0.2251377 0.4564301 0.5533977 -0.3020473 0.4990111 0.1809909 -0.2919114 -0.4192052 -0.4223719 -0.4319101 0.4265316 0.0333284 -0.5223708 0.4506955 0.4195673 -0.1405680 0.1542631 0.3622228 -0.0248965 -0.1147192 0.2776764 0.4255344 0.3707502 -0.3148812 -0.1293079 0.3631018 0.1352423 -0.1129997 0.3917282 0.0052680 -0.0350111
-0.1093636 0.0312260 0.2020595 0.2004726 0.1717363 0.2449259 -0.0081346 0.1233760 0.1786459 0.4115665 0.3102389 0.2224381 0.2245685 0.0000000 0.3121946 0.2478188 0.5069094 0.3869490 0.0779048 -0.0369318 0.1684744 -0.0322066 0.2425466 0.2582745 -0.3167689 0.0776426 0.5354356 0.4604360 0.2464045 0.6225915 -0.2107651 -0.0398964 0.1422937 0.1935155 0.2185926 0.1654873 0.0983905 0.1800620 0.4753728 0.2908511 0.1592366 0.3103720 0.2269718 -0.0797292 0.2344009 0.2092119 0.0063419 0.2359561 0.1287051 0.3644861 -0.0144227 0.0976597 0.3201869 0.0531510 0.2853893 0.2339552 0.0153178 0.0505631 -0.0509808 -0.0419108 0.2775841 -0.0206474 0.3093541 0.1889088 0.2297045 -0.2086801 0.0469736 0.1083834 0.1600884 0.2436752 0.0752141 0.3519811 0.1469395 0.1129354 -0.0326792 0.1397637 0.2090129 0.1750178 0.1239757 0.1767874 0.0640579 0.2060377 0.0459336 -0.1125545 -0.1778107 -0.2539167 -0.0755649 -0.0801804 -0.2138861 -0.0526931 -0.0204232 0.0299326 -0.0763548 0.3132253 -0.1642769 -0.1670186 -0.0810094 -0.2431032 -0.4008949 0.0866356 -0.0230637 -0.3631107 -0.2447270 0.1578954 -0.0717175 -0.2459475 -0.2201697 -0.1954224 -0.2046943 -0.2214335 -0.2699320 -0.1375455 -0.2697235 -0.1461021 -0.0601254 -0.0957857 -0.0441481 0.1082610 -0.0658519 0.1061763 0.1080888 0.0212292 0.0808282 0.0212826 0.0535262 -0.0632786 -0.0315960 0.2118565 0.0311709 0.0642433 -0.0834626 0.0018373 -0.2131834 0.2582715 0.1487198 -0.1380363 -0.1093995 0.0062246 -0.1257153 0.2322465 0.0117657 0.2426399 0.1370388 0.1041169 -0.2198059 0.0454602 -0.0676097 -0.0459392 0.2632017 0.4286842 0.2366536 0.2615011 0.0766618 0.0907514 0.1420879 0.4803965 0.1503715 -0.2655544 0.1758189 0.2818939 0.2006813 0.1853055 0.0526370 0.2489377 0.0478188 0.0057962 -0.0646156 -0.0800635 -0.0603768 -0.0427496 -0.0613541 -0.1484608 -0.2239217 -0.1853113 -0.2851864 0.0898812 0.1696939 0.0820106 0.0434041 -0.0379174 -0.0005271 0.0683161 0.3777807 -0.0183010 -0.0457804 0.1428618 0.1182968 -0.2544589 0.1635991 0.2166277 0.0836867 0.2933881 0.2611358 0.0891417 0.0027650 0.1050813 -0.1843795 0.3562158 0.1564374 -0.0420828 -0.2093693 -0.2939057 -0.4513728 -0.3553939 0.0368023 -0.0116084 0.2395241 -0.3762489 -0.4100204 -0.2763941 -0.4065071 -0.2580945 0.0620037 0.4181879 0.1588693 -0.3544544 -0.0169735 -0.2128690
-0.0786852 0.1644959 -0.1138164 0.1039816 -0.1196670 -0.0766194 -0.1447531 -0.1845866 0.5974601 -0.0596282 -0.1576746 0.6451926 -0.2334611 0.3121946 0.0000000 0.0942611 0.2310205 0.6232603 -0.2154650 -0.3993840 0.4245095 -0.5260333 0.1334306 0.8229863 -0.5800433 0.0736758 -0.0639526 0.6295423 0.9083122 -0.1384438 -0.6503326 -0.2157620 0.8361177 0.8021446 -0.0508354 0.2824088 -0.1313813 -0.3263349 -0.2470570 0.3512570 -0.3493386 0.6429558 -0.0811559 0.7442605 0.6707267 0.1317151 -0.3117184 -0.2528258 0.5592422 -0.0832640 -0.3301083 -0.1575059 0.6048254 0.0070113 -0.0705627 -0.0427210 -0.2497600 0.1584179 -0.3680878 -0.2977083 0.2536737 -0.2018153 0.0847882 0.1225302 0.2786505 -0.2380736 0.0349237 -0.1500893 0.0525192 0.0701441 -0.0932723 0.2067503 0.0231617 0.2185356 0.1361946 0.1410170 0.4598391 0.0793989 0.1869548 0.1109392 0.1773784 0.1885248 0.1644554 0.0029971 0.0015953 0.1216025 -0.0507874 0.1201940 0.1865464 0.2275576 -0.2763168 -0.2744882 -0.1278298 -0.1138906 0.0178709 -0.0177012 -0.1652992 -0.0021108 -0.0949958 0.1340369 -0.1780826 0.0249160 0.1882513 -0.0025199 -0.0917735 0.3419698 0.1494507 0.1989975 -0.2149299 0.1642773 -0.1683725 -0.0369496 0.3210818 0.2962380 0.5341572 0.3686723 0.4138892 0.5062855 0.4473199 0.1796995 0.3115171 0.3151592 -0.2660313 0.4242249 0.2642717 0.3872347 0.1564398 0.0126730 0.2243832 0.4576422 0.3077984 -0.1701432 0.1408364 -0.1406370 -0.1975096 0.2196126 0.3791284 0.0609994 0.0478028 0.2398252 0.0917163 0.0132823 -0.4388642 -0.2053366 0.1711529 0.1747010 0.2405342 0.1885111 -0.1313278 -0.3262708 -0.2113447 -0.3517809 0.3083316 0.1111957 0.0886589 -0.1163605 -0.5647342 -0.0856133 -0.2582905 -0.3701177 0.0088439 0.0289790 -0.3288267 -0.5173653 0.0572917 -0.2570130 -0.2118873 0.1024495 -0.1909367 -0.3009483 0.0620083 -0.0465200 -0.2344926 -0.1753313 -0.2873402 -0.0856770 0.0954199 0.0323899 -0.0106484 -0.1060410 0.0143833 -0.0535753 0.0194719 -0.1054463 -0.3263853 0.1129217 -0.2321901 -0.0185815 0.1994521 0.0081162 0.0598761 -0.0272359 -0.0685036 0.1185290 0.2133402 0.2090210 0.2922178 0.3544330 0.1356273 0.4031165 -0.7027152 -0.6538840 -0.3958352 -0.3629239 -0.3653969 -0.0837776 0.0266974 -0.2633584 -0.7575704 -0.4524779 -0.1682526 -0.0834154 -0.3507642 0.3266121 0.3311965 -0.2548196 0.0949402 -0.4922541
-0.3547993 -0.4971482 0.0914737 0.5200193 0.2983978 0.2032018 -0.5230833 0.6110195 0.2916458 0.7721189 0.8218977 -0.0706619 0.6088461 0.2478188 0.0942611 0.0000000 0.7534858 0.1834600 0.8305794 0.2506816 0.0171681 0.3335557 0.8883869 0.4710924 0.3915070 0.8354904 0.4049794 0.0841045 0.3400990 -0.2206685 0.0326586 0.6657268 0.3697353 0.4801336 0.7711027 -0.0725959 0.7745674 0.7064137 0.3556083 0.5295726 0.5242583 0.3631299 0.8388486 0.3594176 0.4804019 0.8389262 0.7212425 0.6129282 0.6158860 0.7244988 0.7355099 0.8231416 0.4545670 0.8434368 0.7103179 0.8109699 0.7731548 0.8473006 0.2787988 0.7113101 0.3706076 0.8032701 0.5913792 0.6536888 0.3102926 0.6414411 0.7995463 0.8686779 0.7157778 0.8819490 0.8465335 0.6858518 0.8929040 0.3333025 0.6597981 0.8525900 0.4691055 0.8968529 0.8043535 0.5647088 0.3152012 -0.1440169 -0.1657121 -0.4137371 -0.5182982 -0.4484825 -0.3060728 -0.5027932 -0.3630816 -0.3644560 -0.5738948 -0.4118929 -0.4179861 -0.0291921 -0.2659639 -0.1342386 -0.4739016 -0.4429473 -0.4704311 -0.2714104 -0.5345891 -0.3485355 -0.3924419 -0.2051807 -0.3440372 -0.0437297 -0.3478617 -0.4070559 -0.5093917 -0.2991474 -0.5167969 -0.3335527 0.0738555 0.0235645 0.1002969 0.2199704 0.1379177 -0.1335113 0.0891145 -0.3989126 -0.1947394 0.3321249 -0.0338777 -0.1624127 -0.2995970 -0.4468167 0.2271126 -0.2608350 -0.4545086 0.2463703 0.0934008 -0.0530909 0.0997116 -0.1138314 -0.2405999 -0.5576767 -0.0153583 -0.3511530 -0.1961442 -0.1345638 -0.2367753 0.0338619 -0.1768645 -0.3321299 -0.4340320 -0.2598940 -0.2438408 -0.2412547 -0.2628484 0.2457767 -0.0747603 -0.1791469 -0.2435065 -0.2546184 -0.1478021 -0.3683841 -0.4936395 -0.3570217 -0.3487603 -0.1640039 -0.2804632 -0.0445710 -0.4469394 -0.4503551 -0.2664087 -0.4468043 -0.6230722 -0.3987691 -0.5512149 -0.2346585 -0.3843918 -0.2317210 -0.2591696 -0.5167579 -0.5971306 -0.3583190 -0.2325078 -0.2634263 -0.0296878 -0.2048848 -0.2030712 0.2272376 0.3735666 0.1711167 0.2251393 0.0902843 0.1228691 0.0755484 0.1528922 0.1738504 -0.4272243 0.0404427 -0.0762438 -0.3867621 -0.4812572 -0.3995447 -0.4363180 0.0698605 0.1051153 -0.4850554 -0.1212797 0.0228319 -0.4197646 -0.3590521 -0.1973457 -0.3079788 -0.2169182 -0.1079076 -0.1441703 -0.1328377 -0.5199304 -0.2834214 -0.1725691 -0.0839481 -0.0768664 0.1387014 0.1583287 -0.2622883
-0.1641427 -0.1246589 0.0542739 0.3405629 0.1513543 0.0711772 -0.5058547 0.2773957 0.1600854 0.6369372 0.5855754 0.2183128 0.3331478 0.5069094 0.2310205 0.7534858 0.0000000 0.3876241 0.4308511 -0.1416300 0.3050483 -0.0283253 0.7834604 0.3635616 -0.0326043 0.6685414 0.5185260 0.1586282 0.4197606 -0.1770891 -0.3309494 0.3687437 0.3666433 0.4777955 0.7523055 0.2295998 0.5437712 0.3930771 0.4881204 0.4502285 0.1897330 0.4682437 0.7776780 0.3490690 0.4317216 0.8073033 0.5592383 0.3573848 0.6060489 0.6585827 0.5720196 0.6381520 0.5357658 0.7182511 0.6245737 0.7597923 0.5491453 0.7621408 0.2047460 0.6022713 0.4603527 0.6776568 0.5223474 0.5588612 0.3655052 0.3820129 0.7445600 0.7029062 0.6858706 0.7655762 0.6242385 0.5322939 0.7505628 0.3031834 0.5074318 0.6126460 0.3288387 0.6283251 0.4826019 0.2870920 0.0710553 -0.1363519 -0.1897857 -0.4187720 -0.3673862 -0.2673834 -0.1998873 -0.2999341 -0.1668245 -0.1465354 -0.3480048 -0.2376627 -0.2098282 -0.0528045 -0.2808046 -0.0146157 -0.2730455 -0.2033712 -0.3970270 0.0083646 -0.2458380 -0.2174117 -0.3061727 0.0865796 -0.1908297 -0.0519848 -0.2008784 -0.3111593 -0.2888678 -0.0910750 -0.4460289 -0.1407909 0.0948106 0.0255864 0.1186771 0.0448735 0.0054623 -0.0381564 0.0120728 -0.0882139 -0.0112789 0.2321724 -0.2342437 -0.1125228 -0.0562682 -0.1037934 0.2343699 -0.2535093 -0.0932559 0.3371509 0.1362720 -0.2246996 0.0544905 0.0323078 -0.4027629 -0.5832507 -0.0643648 -0.0683321 -0.2306313 0.1470964 -0.2706029 0.2236746 -0.2221543 -0.2045736 -0.4114482 0.0362134 -0.1284102 -0.1495232 -0.1615681 0.2073700 -0.1221877 -0.0404311 0.0480088 -0.1881643 0.0081898 -0.0751456 -0.4200893 -0.4714492 -0.2357810 -0.1679622 -0.0253473 0.1301183 -0.3460340 -0.3659920 -0.1185030 -0.5569487 -0.5363580 -0.3165021 -0.5656063 -0.3589836 -0.2985688 -0.2703456 -0.3099943 -0.3736457 -0.4624773 -0.1128519 0.1590672 0.0951495 0.2649667 0.1147045 -0.0925433 0.4439461 0.4604914 0.1173736 0.0920972 0.2623526 0.2213303 0.0743036 0.1686529 0.2479717 -0.1039795 0.1623900 0.2627595 0.0019443 -0.1049031 0.0457944 -0.1888998 0.2275049 0.0230229 -0.1243399 -0.3167968 -0.2873770 -0.4719052 -0.5044946 -0.3787302 -0.3376152 -0.0214152 -0.2444828 -0.3217552 -0.2659909 -0.3880938 -0.1580620 -0.3082244 0.1088064 0.2069939 -0.0301128 0.3982811 -0.3157580
