0.0000000 0.1482694 0.7625639 0.0834175 0.3185073 0.4170773 0.7545662 0.2434986 0.0802828 -0.4355447 0.0293877 -0.0390974 0.2259870 -0.2579340 0.5172098 0.1428754 0.1147655 -0.0999361 0.4761268 0.5373621 0.1767560 0.5305839 0.1486932 0.2164277 0.4548674 0.4515180 0.1640842 -0.0059472 0.2329246 0.2384221 0.5193833 0.4847086 0.4199952 0.3122317 0.3240303 -0.0883717 0.5938541 0.3952845 0.2247120 0.2489642 0.4143582 0.2502061 0.3367476 -0.1337708 0.1061922 0.5212038 0.5504029 0.5789091 0.2692624 0.1944068 0.4166261 0.4669064 0.2494951 0.0865777 0.2780904 0.3324267 0.6239919 0.2310440 0.7649998 0.4405433 0.7632777 0.3918787 0.5013154 0.4574449 0.1595588 0.6488824 0.4793358 0.2534772 0.5346191 0.5989595 0.4315007 0.3103830 0.2229030 0.6185226 0.3433314 0.5639304 0.3133991 0.0469522 -0.1276538 0.1053071 -0.4657102 -0.4778640 0.3042952 0.3513885 0.4098705 0.3759628 -0.0547681 0.5752230 0.2946112 0.0708200 0.1077084 0.3204687 -0.1223176 -0.2814244 0.2380506 0.3909892 0.7508141 -0.1019026 0.3326115 -0.4726532 -0.1429107 -0.2725530 -0.2359384 -0.0832493 0.3371043 0.2686421 0.0750517 -0.1588880 -0.1839902 -0.3385999 -0.3889273 -0.2007343 -0.0049674 -0.1114652 -0.4508162 -0.0899395 -0.0553358 -0.3372160 -0.1764812 -0.2902070 0.0368873 0.0222953 0.1461977 -0.7073651 -0.3694059 -0.3886356 0.0150183 0.3675551 -0.2271283 0.0387883 0.0590237 0.0189397 -0.1554760 -0.2622482 0.3288847 -0.3234888 -0.0945021 -0.1905124 -0.0204137 -0.5515749 0.1421515 -0.1433959 -0.2588887 -0.5254720 -0.3106632 -0.2650898 0.1429034 -0.0593633 0.4601170 -0.1394760 -0.3507059 -0.5272513 -0.2931486 0.1141254 -0.2081427 -0.6334965 0.1573438 -0.0457174 0.1673198 -0.2411336 -0.2900342 -0.0368796 -0.6597950 0.0853669 -0.0464294 -0.6815061 -0.3533096 0.3905660 0.3889816 0.3753459 0.3389879 0.4583920 0.0763443 -0.0927446 0.5860933 0.7154506 -0.1386274 0.3551955 -0.3103301 -0.5033814 -0.2574427 -0.3986855 0.5821117 0.2650996 0.8138708 0.6893365 0.8429551 0.7946028 -0.0364794 -0.5400471 -0.5818876 -0.4690208 -0.2219243 -0.5804634 -0.5157145 -0.5256455 -0.3628285 0.0142996 0.0909984 -0.5879900 0.1671322 -0.4470772 -0.2736333 -0.5829781 0.7792843 0.0235853 -0.5980686 0.4280948 0.1314044 -0.0387929 -0.4067414 -0.7674606 0.5299668 0.0541516 -0.0946298 -0.1604170 -0.2841437 -0.2732228
0.1482694 0.0000000 0.2462904 0.5592960 0.2353157 0.3663114 0.0466081 0.4773442 0.0317725 -0.3054379 0.3145862 0.4367347 0.2435721 -0.4031739 0.2129359 -0.0438288 -0.0862652 0.0113070 -0.0015923 0.0764405 0.5502896 0.4572569 -0.0031410 0.0599514 0.0429736 -0.0139928 0.1329981 0.0097606 0.1680800 -0.1628676 0.0004262 0.1184660 0.0202904 -0.0400024 0.2354725 0.5907400 -0.0068973 0.2747571 0.0323896 0.0934174 0.1109036 0.5652607 -0.0530314 -0.0464584 0.2849984 0.1196345 0.0711871 0.2224763 0.1199511 0.0795315 0.0730662 0.1047096 0.2499438 0.3350330 0.0972948 0.3427441 0.1230048 0.1599439 0.2627431 0.0580992 0.4010451 0.1188031 0.2784368 0.0827131 0.4738551 0.1005419 0.0367563 0.2036905 0.2249004 0.0746904 0.1128773 0.1719427 0.1059855 0.2557388 -0.0802163 0.2276746 0.3262427 -0.1840164 0.5192250 0.4387200 0.4830879 -0.3330679 0.4657618 0.1586410 0.3178120 0.1073394 0.3033632 0.3707246 0.0808996 0.1846540 0.0195370 -0.1425434 -0.0722368 -0.3110110 -0.0502770 -0.1129758 0.1707311 0.1579982 0.1688278 -0.1394495 -0.0815290 0.0835666 0.0811836 -0.1931345 0.5244511 -0.0770337 -0.1154491 0.0275398 0.0901766 0.0259137 0.2640524 -0.0868644 -0.1485980 -0.1908546 -0.1507064 -0.1442855 0.0979859 0.2691903 0.1402396 0.1712019 0.0555119 0.1216071 -0.0879491 -0.0882768 -0.0312254 -0.0948218 0.1784275 -0.1038443 0.0435028 -0.1130198 -0.0566721 -0.1531225 0.0375017 -0.2745800 -0.0252212 0.2720898 -0.0831225 -0.2342327 -0.1167327 0.2719436 -0.1010046 -0.2101266 0.4496938 0.3435585 -0.2243229 -0.2220924 -0.2540532 -0.1915211 -0.1469519 0.1015230 0.3416669 0.1884498 -0.4490824 -0.1443693 -0.2318201 0.2677221 -0.0999204 -0.3836689 -0.0452304 0.0735948 -0.4447068 -0.3337614 -0.0495527 -0.0941207 -0.3434684 0.0341426 -0.3070690 -0.3540514 -0.4613126 -0.3578272 -0.3120396 -0.1715865 -0.0287136 -0.1013276 -0.2736222 -0.1228876 0.2624098 0.1072443 0.4896189 0.4173880 0.2344756 0.3811533 0.3705706 0.2058100 0.2572490 0.5049341 0.1064916 0.1165127 0.4146858 0.3116979 0.2940322 0.1148012 -0.2042274 0.0349596 -0.0426416 -0.1858105 0.1199653 0.0050001 0.5658293 -0.0660737 -0.1922832 -0.5175771 -0.0059105 -0.0911473 0.0442629 0.0861629 0.0660972 -0.0290363 -0.1078757 -0.1263011 0.3697595 -0.0796305 0.1102217 -0.4593326 0.6807114 -0.3202563 0.2097521 -0.2533762
0.7625639 0.2462904 0.0000000 0.2403034 0.5085155 0.1117116 0.2621987 0.3124149 -0.0108858 -0.4778542 0.1558875 -0.3035934 0.4994188 -0.3929455 0.1200621 0.1796349 -0.0799589 -0.3041407 0.4753488 0.6165026 -0.0935140 0.6993523 0.3100672 -0.1357384 0.5127129 0.4463108 0.1274915 -0.2844382 -0.0254457 0.0732776 0.6232590 0.5931671 -0.0425801 0.0395189 0.4321783 -0.2894971 0.6252144 0.5385632 0.3108798 0.2769271 0.6370492 -0.0331875 0.3744681 -0.0789865 0.1258415 0.3573039 0.5648886 0.6148120 0.0382816 0.3328189 0.4135944 0.6610578 -0.0119551 0.1983495 0.4427428 0.5393162 0.6302997 0.2103323 0.6089520 0.5006772 0.4222824 0.5148927 0.6205566 0.1711593 -0.0968813 0.7311066 0.5884474 0.2600732 0.5205552 0.5598395 0.5520270 -0.0284348 0.3055294 0.4202692 0.4647087 0.4427377 -0.0095525 0.1706755 -0.2209783 -0.3113923 -0.5494900 -0.4966493 0.0912334 0.2168113 0.0686174 0.0195305 -0.1945173 0.6361943 -0.1303865 -0.1427443 -0.1963031 0.0285511 -0.4618989 -0.1482417 -0.1002320 -0.0485575 0.4546411 -0.4207677 0.1022451 -0.5412048 -0.2008199 -0.4785341 -0.3391853 -0.3959052 0.3445779 -0.0212833 -0.0789854 -0.2930858 -0.3895203 -0.5348589 -0.5595368 -0.5596368 -0.2138920 -0.3072658 -0.3736127 -0.2757458 -0.1981017 -0.2346562 -0.1825760 -0.1029641 0.0345346 -0.0891056 0.0850302 -0.7425033 -0.1573676 -0.3251489 -0.1747816 0.1855800 -0.0129074 -0.0588469 0.1167417 0.3799429 -0.3303259 -0.2170790 0.3503529 0.0081818 -0.1094518 -0.1645189 -0.0416978 -0.5792173 0.0394849 -0.1814613 -0.1807946 -0.5129837 -0.2725447 -0.2201713 0.0323679 -0.1282798 0.1214702 -0.3562878 -0.4117449 -0.5917790 -0.3363237 -0.1047989 -0.4667797 -0.4621575 -0.2780150 -0.2614153 -0.1797066 -0.5228427 -0.5947467 -0.2779105 -0.4973411 -0.4407737 -0.4318628 -0.7247237 -0.5309327 -0.0671535 -0.1064025 0.0359823 -0.0718429 -0.0174344 -0.0384603 0.0956032 0.2423672 0.3287254 -0.5475265 -0.1604025 -0.5237737 -0.5949163 -0.4287144 -0.2549877 0.5560081 0.4953674 0.7541974 0.5010531 0.7347473 0.6825816 -0.2465608 -0.6225611 -0.2887602 -0.7149866 -0.5687661 -0.5784308 -0.4408010 -0.7310969 -0.6117944 -0.3395278 -0.2637803 -0.7450101 -0.0892620 -0.3616258 -0.5074944 -0.8218308 0.7748164 -0.0907022 -0.5579701 0.4751279 0.1169342 -0.4073474 -0.6194302 -0.8858879 0.5748259 -0.0190315 -0.0849088 0.0286287 -0.0699656 0.0619856
0.0834175 0.5592960 0.2403034 0.0000000 0.5912478 0.5137295 -0.2433661 0.7536654 0.4660855 0.1603688 0.4077171 0.5205138 0.5121628 -0.0097057 0.0227746 0.0746255 0.4423868 -0.1978893 0.2801330 0.1567241 0.6657995 0.4217355 0.2564826 0.0411587 0.2599811 0.2273099 0.5308063 -0.2512976 0.4180946 0.0518877 0.4003652 0.3308632 0.1070304 0.2594543 0.3943034 0.6237263 0.2674314 0.5440382 0.4277418 0.3353061 0.4534238 0.4301572 0.3172476 0.2811140 0.7722314 0.0913516 0.4211582 0.3901200 0.6430003 0.2944363 0.4771084 0.1187658 0.5727867 0.5681421 0.4520115 0.4438621 0.3477086 0.4769870 0.0026503 0.3861193 0.2426922 0.2521839 0.5314548 0.2617665 0.5915472 0.2154667 0.3108412 0.4467139 0.3946702 0.3024801 0.3448905 0.4801545 0.3211147 0.2362655 0.1500345 0.2621125 0.2995737 -0.0088965 0.3991414 0.0345525 0.4170070 -0.0515526 0.2811990 0.6506585 0.4798802 0.3280482 0.5603904 0.4096504 0.2128812 -0.0557017 0.3077520 0.1832383 0.1824217 0.0414688 0.3955724 0.1392225 0.1105424 0.2016056 0.2279052 0.1626750 0.1100854 0.0399049 0.2827034 -0.1229249 0.6985545 0.1904651 0.2088798 0.4839049 0.1503643 0.3229596 0.4130968 -0.1727692 0.3099517 0.1862947 0.2122801 0.1701599 0.4127017 0.3185696 0.3547962 0.2675731 0.5297624 0.6053782 0.1497759 -0.0093785 -0.3827608 -0.2831387 0.5553680 -0.1177117 -0.4787743 0.0710486 -0.4008685 -0.0915463 0.2380514 -0.3328989 -0.1359563 0.1932735 -0.4755094 -0.6785707 -0.5333974 0.0873283 -0.0947303 -0.1060951 0.2248660 0.2891082 -0.5499948 0.2673965 -0.6259519 -0.6186686 -0.3611252 0.2916364 0.2992905 -0.0675451 -0.3873699 0.1976506 -0.3839784 0.2798784 -0.1239214 -0.4658635 -0.2398133 -0.0120629 -0.3409391 -0.2018446 0.0813179 -0.2604646 -0.4089425 -0.2361231 -0.0233631 -0.4114842 -0.4646023 -0.5323773 -0.4141042 -0.3477769 0.5713898 -0.4810178 -0.3877333 -0.2673663 0.2839121 0.0445412 0.5499062 0.4244481 0.3022955 0.4703810 0.0835150 0.2235681 0.0205960 0.2155082 -0.0786776 -0.1194466 0.3837177 0.4992206 0.0253243 0.1086892 -0.0335086 -0.3208170 -0.3426778 -0.3137057 -0.0382495 0.2719296 0.2868438 -0.1184495 0.1092859 -0.3640194 -0.1747715 0.0126663 0.2617692 0.1882120 -0.2058523 0.4987906 0.2344870 -0.3578073 0.3027415 0.0899458 0.3428062 0.0234708 0.4898784 0.3809593 0.0520322 -0.0095766
0.3185073 0.2353157 0.5085155 0.5912478 0.0000000 0.2326367 0.0120532 0.8235311 0.3106931 -0.2338846 0.2967636 -0.1373254 0.7911403 -0.0345626 -0.1264716 0.3475827 0.1754004 -0.3374230 0.6109463 0.5930001 0.2286517 0.7691052 0.2688473 -0.2725972 0.7245918 0.5223249 0.6159668 -0.3776949 0.0965053 0.4049613 0.8044060 0.8172947 -0.0496756 0.0578800 0.4944517 0.2306999 0.6780373 0.9161568 0.6729747 0.7727206 0.9074673 0.0857586 0.5523064 0.4294415 0.4996531 0.5539141 0.5539069 0.9066605 0.4680342 0.6783216 0.5072420 0.4887116 0.2766091 0.6189666 0.8572163 0.6916987 0.6815809 0.7096959 0.2377736 0.6197190 0.4297523 0.5754678 0.9198494 0.5500652 0.4793643 0.7325569 0.6344375 0.6502122 0.8600537 0.6508623 0.7616516 0.3084631 0.6861810 0.7023435 0.7337380 0.6640417 0.3516173 0.5584003 0.3503152 -0.3321058 -0.0353843 -0.0990340 0.3881829 0.6439671 0.5839852 0.3915984 0.4360918 0.4312958 0.1623356 -0.3001329 0.1164073 0.1881643 -0.0277699 0.1351361 0.3211933 0.2843149 0.4382571 0.0203085 0.0389386 -0.1076785 0.2897502 -0.0054024 0.4452284 -0.2273234 0.7275432 0.2377732 0.2838431 0.4974612 -0.1262071 0.1154720 0.0556987 -0.3496570 0.1949266 0.0957614 0.1707681 0.2234646 0.3275544 0.2815203 0.3709996 0.3643426 0.5304069 0.4183344 0.3372694 -0.2251982 -0.2176071 -0.3563386 0.3971293 0.3091963 -0.3805401 0.3791057 0.0187497 0.4096634 0.3051692 -0.0900050 0.3342757 0.3126692 -0.0843918 -0.4722897 -0.0630600 -0.0259887 0.2867595 0.2411140 0.2438530 0.0547676 -0.2818432 0.2332729 -0.1000579 -0.1828582 0.2027070 0.2987702 0.0336293 -0.1530087 -0.0325586 0.3892913 -0.3592303 0.0362326 -0.0378116 -0.1325295 0.0795452 0.0333793 -0.3611436 -0.0796511 -0.0780329 -0.0900995 -0.2633724 -0.2605818 -0.1445262 -0.0395804 -0.0728187 -0.1375902 -0.1635202 -0.0677334 0.3792522 -0.0878521 -0.1108140 -0.0023827 0.0516951 0.0052660 0.0516322 -0.0809823 -0.0417884 0.3533011 0.4009870 0.6626417 0.4329631 0.5103243 0.4136230 0.4771924 0.4745585 0.0892368 0.1271078 -0.4355034 -0.1018987 -0.6461310 -0.4525219 -0.6895735 -0.5264028 -0.0605843 -0.2394681 -0.5083936 0.4697342 -0.1654689 -0.2166130 -0.3215155 0.6708981 0.4347055 -0.4535907 0.4936264 0.3955981 -0.4503528 -0.1305292 -0.3876751 0.6520222 0.4951974 0.2695507 0.3049224 -0.3590083 -0.2164843
0.4170773 0.3663114 0.1117116 0.5137295 0.2326367 0.0000000 0.2948439 0.4526690 0.6713362 0.2806325 0.3197659 0.5526131 -0.1037760 0.3337844 0.6150263 0.2131441 0.4596061 0.4737228 0.2503108 0.2519530 0.5879668 0.2825199 0.1673035 0.5897288 0.1365035 0.1163776 0.3904685 0.1890015 0.3994135 0.2174937 0.3412482 0.2107801 0.3876560 0.3051805 0.1685138 0.6870397 0.2824624 0.2643929 0.0504044 0.2768745 0.1357025 0.7005859 0.2291015 -0.1873708 0.5625310 0.4017083 0.2384440 0.2909559 0.4767799 0.3494936 0.2460446 -0.0200829 0.5028468 0.3036787 0.2541617 0.2222536 0.3440078 0.3595488 0.2278147 0.2370767 0.6471139 0.1949354 0.4317978 0.3652840 0.7329475 0.2642581 0.2215073 0.3188938 0.4404048 0.2469990 0.2569482 0.4872715 0.2107589 0.4733109 0.1847751 0.3573913 0.3997357 -0.0140483 0.5303546 0.5608133 0.4300304 -0.1093318 0.2648426 0.5483350 0.5404788 0.2799212 0.4103588 0.1018628 0.2403191 -0.1834071 0.1987739 0.1718417 -0.0149292 -0.2100617 0.4518619 0.2866864 0.3346993 -0.0229922 0.1141663 0.0354082 0.0345045 -0.2661719 -0.0888582 -0.0535901 0.2830114 0.1037405 -0.0341216 0.1171161 -0.0682693 0.0101180 0.2021266 0.0027214 -0.0388427 -0.0861504 -0.2801132 -0.1279947 0.0463692 -0.1670246 -0.1562478 -0.3470006 0.0147490 0.2315378 0.3232325 -0.3135559 -0.7048764 -0.5397409 0.2315246 0.4347606 -0.6261653 -0.1940995 -0.4194352 -0.1900367 0.0030798 -0.4790664 -0.1229999 -0.2973111 -0.4200283 -0.5226148 -0.3538904 0.1529444 -0.0877968 -0.2224069 0.2259940 0.1902783 -0.5979836 0.0388838 -0.3160580 -0.4180443 0.0741682 0.2418179 0.3384561 0.0439354 -0.4458241 0.3382866 -0.2004647 0.0532169 0.4677929 -0.3557335 0.3720188 0.3776964 -0.1813502 -0.2356913 -0.1660762 0.4377880 -0.1557247 -0.1014730 0.1112753 0.2126048 0.2191079 -0.0180102 0.1262321 0.3262256 0.6176245 -0.2324661 -0.0963339 0.2164185 0.6060818 0.5634088 0.5284254 0.4276092 0.2968579 0.3517848 0.3147261 0.1499763 0.1972439 0.5855148 0.2132714 0.1783752 0.4271936 0.3501162 -0.5395028 0.1397408 0.0057245 -0.3015542 -0.5030151 -0.1996974 -0.0365971 0.2960806 0.6076942 -0.2801262 0.1602659 -0.4163653 -0.0226977 -0.0192353 0.3383809 0.2574831 -0.3635577 0.3994189 0.0377323 0.1989124 0.3084378 0.0487623 0.2945743 0.0140990 0.5598340 0.2173537 -0.2298588 -0.1730846
0.7545662 0.0466081 0.2621987 -0.2433661 0.0120532 0.2948439 0.0000000 0.0455445 -0.1432939 -0.4562312 -0.1634370 0.1231324 0.0571760 -0.1871230 0.5520877 0.0107219 -0.1207090 -0.0274860 0.2512867 0.2401081 0.2522897 0.1525543 -0.0789995 0.2011104 0.3051002 0.3101279 0.0529121 0.0845280 0.2585536 0.1120278 0.1335771 0.2663234 0.5012984 0.3329724 0.1618881 0.0053855 0.2720375 0.1722337 0.1159800 0.1520664 0.0571809 0.2241750 0.1451663 -0.1219332 -0.0816170 0.5310944 0.3097180 0.3470594 0.2839464 0.0034544 0.2428951 0.2247517 0.3733707 -0.0601203 0.1187499 0.1447323 0.3726222 0.1793394 0.5757350 0.1870355 0.7466501 0.1359662 0.1369597 0.6506996 0.3062736 0.3388138 0.1882161 0.1800520 0.3875323 0.4896641 0.2158142 0.4909833 0.1420321 0.6072926 0.1561941 0.6006727 0.5745807 0.0703937 0.0898766 0.4925012 -0.2032766 -0.2739425 0.4873744 0.1307280 0.5430263 0.5317065 -0.0650170 0.3982018 0.6051166 0.4001711 0.3542307 0.5090845 0.2143384 -0.2014015 0.4031529 0.6675940 0.7924716 0.2534026 0.5417862 -0.1340063 0.1363616 0.2199355 0.0595981 0.3842629 0.2294539 0.5307108 0.3234994 0.0430487 0.1876574 0.0169533 -0.0018761 0.3328158 0.1221692 0.0821634 -0.3131384 0.1098395 0.0928261 -0.2001333 -0.0629330 -0.2381639 0.0249194 0.0442916 0.1061771 -0.3514998 -0.2437526 -0.1500332 0.2105559 0.3436528 -0.1433291 0.2928972 0.2311121 -0.2146818 0.2259500 -0.1217374 0.2848934 -0.5364613 0.1948272 -0.0136477 0.2801014 -0.3262424 0.1557954 0.0517815 -0.1575199 -0.3606009 -0.0384599 -0.4402734 0.3826103 0.2692548 0.6824475 0.0787448 -0.2698958 -0.2707847 0.0346065 0.0200258 0.1323359 -0.5636823 0.4045077 0.2656751 0.4365603 0.0582888 0.0336748 0.3269022 -0.5839353 0.4926511 0.3788953 -0.3091951 -0.2806545 0.6549833 0.6903700 0.6918068 0.6178954 0.7433224 -0.0434395 -0.0021526 0.8126117 0.8916771 0.2532381 0.6604933 -0.0600928 -0.3280428 -0.0546517 -0.4881083 0.3452515 -0.0802239 0.5655022 0.6402061 0.6711389 0.6839814 0.2396092 -0.2845763 -0.4362626 -0.0471531 0.3215865 -0.2780938 -0.2260185 -0.0786320 0.0254235 0.3630603 0.3688578 -0.1729877 0.3631684 -0.2583745 0.1781591 -0.0481083 0.3203607 0.2602170 -0.2962327 -0.0866977 0.1005374 0.4743647 -0.0045296 -0.3880252 0.1467976 0.1522436 -0.1497467 -0.4138460 -0.4314726 -0.5238516
0.2434986 0.4773442 0.3124149 0.7536654 0.8235311 0.4526690 0.0455445 0.0000000 0.4959528 -0.0583049 0.6227059 0.1564252 0.7368551 0.1923469 0.0305832 0.4218670 0.3492824 -0.1645709 0.6145202 0.4124120 0.6170342 0.5632145 0.4548496 -0.1256510 0.5946105 0.5281609 0.5427748 -0.1857071 0.2529939 0.4072727 0.5570989 0.6169281 0.1315133 0.1400348 0.6087240 0.6354898 0.4967404 0.8504061 0.6543882 0.7517554 0.6276901 0.3849236 0.5101695 0.5929970 0.6740548 0.5589580 0.5493276 0.7453663 0.6871310 0.5185169 0.6161630 0.4527549 0.5465225 0.8112365 0.7271091 0.7484418 0.5842493 0.7507037 0.1382756 0.5939313 0.4990540 0.4741456 0.7664138 0.6068086 0.7277447 0.4872204 0.5162458 0.7194589 0.7285007 0.5906686 0.5935268 0.5398242 0.5657232 0.6339747 0.3717331 0.6711165 0.6654265 0.1415584 0.5377623 0.1012983 0.3083875 0.1058108 0.7002406 0.7515685 0.7103639 0.6377863 0.7129912 0.5958919 0.4495937 0.0448848 0.3847509 0.1530906 0.0846934 0.0209981 0.5007385 0.4280962 0.3749625 0.1842454 0.2494340 0.1897829 0.3659186 0.1993199 0.5379023 0.0389134 0.8256945 0.4321550 0.4537679 0.5638346 0.2339113 0.1853065 0.3442491 0.0001957 0.1466764 -0.0344100 -0.0574557 0.0187700 0.2143120 0.2065346 0.2119121 0.1909985 0.4123314 0.4097020 0.1938498 -0.2041342 -0.4646987 -0.4922336 0.5352243 0.2846569 -0.5200970 0.3502670 -0.2094654 0.0859164 0.3810704 -0.2484724 0.1591178 0.2180116 -0.2638044 -0.5122928 -0.2145883 0.1251085 0.3213725 0.3486939 0.4221855 0.3073745 -0.4229477 0.2462642 -0.2573779 -0.3102515 0.2049527 0.5298749 0.2218613 0.0329547 -0.0314011 0.5084265 -0.4313659 0.1290840 0.2177897 -0.1343077 0.1714095 0.0949240 -0.2975153 0.0940154 -0.0856948 0.0388327 -0.1670358 -0.1095414 0.0132675 0.0338889 -0.0331711 -0.0266857 0.0168701 0.0888588 0.3610982 -0.0854284 -0.1085171 -0.0286768 0.3659613 0.1583255 0.4682827 0.2184850 0.1463476 0.4178468 0.2500315 0.4093494 0.2742948 0.5479872 0.2314580 0.2726387 0.6779717 0.3866357 0.0668066 -0.2034866 -0.0164501 -0.5989363 -0.5518506 -0.5215826 -0.3194650 0.3060116 0.2430974 -0.3799602 0.2203019 -0.2787193 0.0374898 -0.1441137 0.4485341 0.3664896 -0.3346179 0.2528038 0.1762392 -0.1335727 0.3291120 -0.1687345 0.4115514 0.4257079 0.4643351 0.0969042 -0.2364772 -0.4048742
0.0802828 0.0317725 -0.0108858 0.4660855 0.3106931 0.6713362 -0.1432939 0.4959528 0.0000000 0.5341636 0.4114979 0.3164868 0.0348004 0.6510480 0.2561153 0.3842277 0.4905489 0.4700078 0.3382101 0.2811147 0.3985448 0.1690947 0.3452335 0.5863210 0.1011509 0.0942384 0.1305593 0.2760244 0.3877453 0.4104396 0.3121657 0.1924490 0.3647544 0.4269746 0.1546132 0.4879989 0.2797150 0.3011668 0.0533767 0.4065988 0.1486482 0.4425545 0.1754038 0.1433050 0.6654033 0.1871419 0.1112857 0.2532972 0.4587017 0.3577780 0.2231224 0.0332931 0.4661172 0.5330990 0.2989615 0.2478696 0.2709695 0.4236486 0.1250276 0.2910283 0.3387677 0.2256314 0.4351028 0.2009784 0.5019300 0.2805427 0.2276937 0.3947923 0.3511868 0.2245881 0.2663694 0.3835459 0.2026226 0.3296029 0.2019789 0.2583353 0.2902112 -0.0697252 0.3085317 0.1434683 0.2046567 -0.0397829 0.0823852 0.5566053 0.3536758 0.2096968 0.4018362 0.0827183 0.0914825 -0.4176173 -0.0919851 -0.0513490 -0.0697098 0.2469324 0.2811396 0.0858442 0.1399638 -0.0056962 -0.0873506 0.2486328 0.2546120 -0.2342713 -0.0160724 -0.0005826 0.2920094 0.1115961 0.0388337 0.0818347 -0.2512373 -0.0179689 0.0170559 -0.1025091 -0.0485888 -0.1513999 -0.0607071 -0.1576849 0.0347572 -0.0243241 -0.0486306 -0.0609797 0.1816899 0.3293980 -0.0560229 -0.2946659 -0.4797376 -0.4753516 0.2295785 0.2200237 -0.5447888 0.0031806 -0.3437427 0.0599446 0.0514126 -0.1806784 -0.0952108 -0.0197990 -0.2664277 -0.4239671 -0.2965223 0.0548562 0.0694387 -0.0731691 0.0990039 0.0412363 -0.4204915 0.2128855 -0.3681602 -0.3817384 -0.0532461 0.3076721 0.2732950 -0.1132250 -0.1536564 0.4273258 -0.1240846 -0.0801502 0.1854535 -0.2105496 0.0153747 0.2093806 0.1557415 0.0315056 -0.1655323 0.1114030 0.0058091 -0.1473557 0.1303805 -0.0526941 0.0166188 -0.0767475 -0.0381347 0.0079099 0.3781072 -0.0029223 -0.2075399 0.0020518 0.3825601 0.2858883 0.3321149 0.2301656 0.1952103 0.5266408 0.2499091 0.4071041 0.1261083 0.2615671 0.0819166 0.0529353 0.3562270 0.3205937 -0.3080132 -0.1461549 -0.1118104 -0.4144291 -0.4961881 -0.3833166 -0.4328419 0.2877973 0.2340156 -0.4110361 0.0076640 -0.2985533 0.0319183 -0.0858111 0.2007222 -0.0458400 -0.4372136 0.3723928 -0.0907002 -0.0493994 0.1457026 0.1025511 0.0889315 0.2595303 0.3363390 0.3153298 -0.2352607 -0.0633819
-0.4355447 -0.3054379 -0.4778542 0.1603688 -0.2338846 0.2806325 -0.4562312 -0.0583049 0.5341636 0.0000000 0.2638874 0.1824753 -0.3754508 0.7522764 0.1948684 -0.2041438 0.3895277 0.5805195 -0.3690728 -0.5135591 0.1521030 -0.5899400 -0.0816598 0.4865620 -0.5511380 -0.4487130 -0.1404861 0.4984274 0.2790734 0.2506865 -0.3257758 -0.5102160 0.2689960 0.2352488 -0.4574591 0.3467106 -0.4393512 -0.3541715 -0.3564959 -0.0827107 -0.4158429 0.3037119 -0.3370579 0.1282179 0.3640531 -0.4487506 -0.4147574 -0.4678723 0.2471742 -0.2789127 -0.2877181 -0.5821460 0.1110384 -0.1386413 -0.2811173 -0.4293719 -0.4652906 -0.2383336 -0.3048177 -0.3971682 -0.2779434 -0.5197852 -0.2487247 -0.3259625 0.0394641 -0.4887265 -0.4179768 -0.3149786 -0.3540018 -0.5072050 -0.4348435 -0.0145536 -0.4341452 -0.4304379 -0.2955407 -0.4138762 -0.2343934 -0.2461767 -0.0837213 0.0469188 0.2228953 0.3113611 -0.3503829 0.2984044 -0.2189779 -0.0969724 0.0385496 -0.4654377 -0.0636769 -0.1484474 0.0682208 0.0444800 0.2301857 0.3148429 0.0113676 -0.0678016 -0.3398379 0.0172332 -0.3148850 0.4422964 -0.1537876 -0.1203715 -0.1655228 0.1747983 -0.2013257 -0.1076690 0.0799506 0.0200698 0.0800070 0.1830902 0.1025343 0.2331628 0.1675684 0.2165302 0.0878529 -0.0522898 -0.1046687 -0.3366792 -0.2525973 -0.3146054 -0.1135546 0.0674008 0.2374475 0.3856894 -0.1428618 0.1494187 0.0060692 -0.0182738 -0.0839024 -0.0495673 -0.1866804 0.1043238 0.0477458 0.2815681 -0.0044107 0.1160397 -0.1245561 0.1288511 -0.0994614 0.0370625 0.1572306 -0.1076155 -0.0903469 0.3605527 0.0948056 0.5150642 -0.0515141 -0.0344685 -0.1694057 -0.0744014 -0.0048165 0.3208107 0.2679341 0.2467073 0.3125638 0.2856771 0.1401137 0.1928888 -0.1215763 -0.0161413 0.4816789 -0.1141336 0.4738841 -0.0024938 0.2605471 0.3142238 0.5400490 -0.0479208 0.0148408 -0.2408689 0.0551556 -0.0141107 0.4899186 -0.1271325 -0.2656624 -0.2691440 0.3484609 0.1720761 0.3664660 0.5317447 0.5885259 0.4679892 -0.2083883 -0.0787591 -0.4643766 -0.4771602 -0.5139061 -0.6109466 -0.1301483 0.3037370 -0.3603726 0.2693661 0.1120480 0.3542991 0.1932225 0.4454168 0.1208752 0.1755539 0.0574899 0.3457146 -0.2843782 0.3707859 0.3603330 0.3753820 -0.3528281 -0.3431766 0.1820945 0.0552896 -0.4254124 0.1826725 0.3042433 0.4594250 -0.4231085 -0.0314721 -0.0885655 0.2966023 -0.1448279 0.3384752
0.0293877 0.3145862 0.1558875 0.4077171 0.2967636 0.3197659 -0.1634370 0.6227059 0.4114979 0.2638874 0.0000000 -0.1208322 0.2526009 0.4719538 0.2479189 0.4289521 0.4790326 0.2414050 0.4016452 0.0841756 0.4346280 0.1219454 0.6005799 -0.0896742 0.2463039 0.3411392 0.2819193 0.1498130 0.1694060 0.5193321 0.1382366 0.2184225 -0.0268352 -0.0958439 0.4723937 0.5463627 0.2367176 0.4390043 0.3701651 0.5643814 0.2024491 0.4627713 0.3446583 0.6082029 0.4625573 0.3539756 0.3438485 0.2736453 0.3728810 0.1065219 0.4458950 0.3847709 0.1376326 0.6319638 0.2746294 0.4534440 0.3128391 0.4100892 -0.0677074 0.3887267 0.1385158 0.2805364 0.2835587 0.0883675 0.2988788 0.1451597 0.3520498 0.4352018 0.2430330 0.1666747 0.2480033 0.0320532 0.2230703 0.1492243 -0.0223585 0.2653868 0.2969202 -0.2398832 0.2917943 0.2182274 0.2915164 0.3731934 0.5514834 0.5604844 0.0897651 0.3137134 0.5041743 0.3075340 0.1278170 0.1190391 0.2915265 -0.1124740 -0.1788580 -0.3085674 0.1838595 0.1382596 -0.0320588 -0.1776001 -0.0433794 0.0441835 -0.1054860 -0.1160897 0.0558167 -0.1083072 0.2844381 0.0777163 0.1365689 0.0372060 0.2431401 -0.3041303 0.0286481 0.0013457 -0.2951658 -0.3457002 -0.5230951 -0.5435640 -0.3748400 -0.2710832 -0.4181219 -0.2750471 -0.1671573 -0.1001623 0.2508967 -0.2198526 -0.4687828 -0.4290343 0.1041763 0.4423486 -0.2828980 0.0184078 -0.2573680 0.2054079 0.0417213 -0.1814557 0.1372981 0.2578288 -0.3398091 -0.1395351 -0.1759841 0.1494682 0.4882881 0.2551166 0.4884296 0.5114859 -0.3000628 0.2875320 -0.1179627 -0.2186109 0.2296603 0.2249229 0.1254961 0.3340927 0.0496254 0.5454879 -0.3861326 0.2925104 0.3634960 -0.0199488 0.2050629 -0.0651624 -0.1769070 -0.0870259 0.0939156 0.0294320 -0.0723409 0.1552811 0.3115345 0.1901818 0.0248043 0.0712677 0.3411593 0.2662802 0.2374035 0.2718902 -0.1555898 -0.1651219 0.1837989 -0.0641818 0.3672249 0.3070861 0.0781778 0.2731346 0.0186036 0.0984044 0.0232653 0.2630119 0.0212690 -0.0120087 0.2228175 0.1571165 -0.0835845 -0.3062619 -0.3880579 -0.2816429 -0.4221158 -0.1700260 -0.2118848 0.1008681 0.3087196 -0.2447066 -0.3822517 -0.1767673 0.0623520 -0.2840310 0.2022145 -0.0895154 -0.1585085 0.0269882 -0.2380315 0.1123349 0.3093104 -0.1508621 0.1490561 0.0594378 0.2977350 -0.0721217 -0.0573556 -0.3859289
-0.0390974 0.4367347 -0.3035934 0.5205138 -0.1373254 0.5526131 0.1231324 0.1564252 0.3164868 0.1824753 -0.1208322 0.0000000 -0.1149480 -0.0377222 0.2372677 -0.1680512 0.1568244 0.0560005 -0.1317727 -0.1476245 0.7159244 -0.0995519 -0.1076055 0.4607300 -0.1794918 -0.1197247 0.1479083 0.0248262 0.5119671 -0.3207982 -0.1614409 -0.1734976 0.3733257 0.4426042 0.0204047 0.5745447 -0.1803309 -0.0900360 -0.0662906 -0.2369879 -0.2326295 0.4574238 -0.0979153 -0.2248428 0.4092020 -0.1458211 -0.0062770 -0.1586427 0.4464668 -0.0820836 0.0916766 -0.3689368 0.6994483 0.1147772 -0.0795358 -0.0327776 -0.0695940 0.1034451 -0.0356708 -0.0674129 0.2427982 -0.1533689 -0.0696451 0.2585703 0.6122396 -0.2227140 -0.2007860 0.0909674 -0.0287486 0.0282891 -0.1311396 0.6719214 -0.0523323 0.0673974 -0.2830519 0.0593470 0.3794807 -0.2547434 0.4623231 0.6106006 0.6119083 -0.1726343 0.1435122 0.1367539 0.4756178 0.2488077 0.2997004 0.0996075 0.3909047 0.1927982 0.2833184 0.2491323 0.4407456 0.0458735 0.3839718 0.1843065 0.1219666 0.5370118 0.4101376 0.3767504 0.2205609 0.3172703 0.1949505 0.3308321 0.3341852 0.2497187 0.1244474 0.3359044 0.2758496 0.5533315 0.6316777 0.2744246 0.3682083 0.3153694 0.2969972 0.3411013 0.5411557 0.3736234 0.3945938 0.1730762 0.3711882 0.5767355 -0.1655505 0.1913779 -0.2363655 -0.0252761 0.5569765 -0.3846298 -0.3567171 -0.0342719 -0.3612672 -0.6151462 0.3099741 -0.3312920 -0.4490058 -0.3067294 -0.2512359 -0.5138629 -0.3897834 0.2146547 -0.4723588 -0.2836626 0.1114966 0.1382414 -0.3463284 -0.1410799 -0.5342133 -0.3933539 -0.3767802 0.3497196 0.4597151 -0.0425498 -0.3819280 -0.1929861 0.0807047 0.1247578 0.0290688 -0.3472282 -0.1063266 0.3374462 0.1082136 0.1290937 -0.0328165 0.1583532 0.0060639 -0.0447665 -0.0955698 -0.2696538 -0.2230443 -0.2478525 -0.2751973 -0.1590563 0.3208066 -0.5466088 -0.0971121 0.0592320 0.6140529 0.4427463 0.6979651 0.5135145 0.4368392 0.2100076 -0.1038659 -0.2634145 -0.1897836 0.1184777 -0.2521353 -0.2638078 0.4349440 0.6458641 -0.0618776 0.7095902 0.4652989 0.1113128 -0.0142292 0.1842465 0.4909140 0.6366902 0.7423771 0.3022020 0.1993416 -0.3712837 0.1194042 0.5428149 -0.3187749 0.1923503 0.1206366 0.0806527 0.1692742 0.1953971 0.5534132 0.5519350 -0.1632625 -0.2296883 0.4472551 0.1342664 0.1326393 -0.0865246
0.2259870 0.2435721 0.4994188 0.5121628 0.7911403 -0.1037760 0.0571760 0.7368551 0.0348004 -0.3754508 0.2526009 -0.1149480 0.0000000 -0.1942717 -0.2978940 0.1858240 -0.0969031 -0.6012769 0.5124820 0.3779686 0.2103320 0.5374851 0.3306751 -0.4887437 0.6509068 0.5208185 0.3290168 -0.5317451 0.1076982 0.0569571 0.5190020 0.6829422 -0.0748960 0.1485659 0.5833244 0.0697506 0.4562191 0.8300595 0.6882196 0.6188735 0.7016871 -0.1441973 0.4516632 0.5361891 0.4548997 0.3961187 0.5801603 0.7102419 0.5017096 0.4303254 0.5995017 0.6139955 0.4275269 0.6112355 0.7695370 0.7468844 0.5620215 0.6258817 0.1646179 0.5667487 0.2806481 0.4650018 0.6176112 0.5695523 0.3188703 0.5397349 0.5450195 0.6134850 0.6508677 0.6929241 0.6456759 0.4091404 0.5757735 0.4989082 0.4879283 0.6618071 0.4852088 0.3575466 0.1808799 -0.2820096 -0.1041922 -0.0337772 0.4841691 0.4244098 0.4827955 0.4683777 0.2569668 0.7442619 0.3513835 0.1420960 0.2847833 0.3067298 0.0837881 0.3238140 0.3600908 0.3712654 0.4120815 0.1522946 0.4442267 0.1890333 0.4871204 0.3260963 0.5091889 0.1286647 0.7612349 0.5490912 0.5962139 0.4970922 0.2030281 0.2228655 0.2051866 -0.0339612 0.2278008 0.0761845 0.1834926 0.1643712 0.2990219 0.3386250 0.3736747 0.4433955 0.5749922 0.4072158 0.0090172 -0.1781654 -0.0866156 -0.1636937 0.4993070 0.0038079 -0.1802658 0.5882076 0.1668127 0.2615610 0.4486507 -0.0386029 0.2898176 0.1508060 0.0401434 -0.3284330 0.0576915 -0.2538166 0.1887622 0.3146804 0.0452337 -0.1114971 -0.1589630 -0.0336417 -0.0685440 -0.0838526 0.1234709 0.2178917 -0.2098401 -0.3490290 0.1374906 0.0581604 -0.3717073 -0.1695257 -0.2351109 -0.0347503 -0.1740035 -0.3083682 -0.3680880 0.2304774 -0.2449685 -0.3575298 -0.1681888 -0.3864882 -0.3861147 -0.1459285 -0.1539615 0.0316423 -0.1091651 -0.1179678 0.0598609 0.0469816 0.1417514 0.1025975 -0.0766935 -0.0633143 -0.0013173 -0.2492330 -0.0889018 0.0508542 0.1678092 0.3846430 0.3398716 0.3230599 0.3476552 0.3730250 0.3663566 0.0491470 0.2294375 -0.3468320 0.0839107 -0.5549764 -0.2989774 -0.5191036 -0.4325572 0.2121714 -0.1689245 -0.3619115 0.2580567 -0.1222443 -0.0077519 -0.1681951 0.3716513 0.3376667 -0.3484652 0.0945508 0.2690753 -0.2487427 0.0099534 -0.3512956 0.3001179 0.5135289 -0.0244686 0.0664137 -0.2601903 -0.1631291
-0.2579340 -0.4031739 -0.3929455 -0.0097057 -0.0345626 0.3337844 -0.1871230 0.1923469 0.6510480 0.7522764 0.4719538 -0.0377222 -0.1942717 0.0000000 0.0952928 0.3779239 0.3966859 0.5250893 0.1542335 -0.0682169 0.1330511 -0.4119206 0.3662062 0.2764884 -0.0764010 0.0472681 0.0075425 0.3642206 0.0180796 0.4834749 -0.0273396 -0.1450960 0.1567379 0.0302479 -0.0279967 0.3463965 -0.0536630 -0.0209215 0.0122555 0.2514949 -0.1859926 0.1493580 0.0849200 0.3220469 0.2492995 0.1122545 -0.1018854 -0.1052129 0.2768113 0.1124282 0.0398930 -0.1414038 0.1313239 0.1983311 0.0797838 0.0179272 -0.0947557 0.1304656 -0.3306662 -0.0068923 -0.0858308 -0.1150280 0.0261919 0.0826273 0.2482271 -0.1665064 -0.0761321 0.0767975 -0.0010383 -0.0940719 -0.0941754 0.1433089 -0.0642485 -0.0314146 -0.0863405 0.0050813 0.1544845 -0.1338013 0.1463871 0.1828693 0.2288658 0.5601629 0.0461509 0.3135618 0.0400561 0.1936595 0.3085403 -0.2236545 0.1551215 -0.1045537 0.1570652 -0.0958535 -0.0019983 0.1769262 0.2197232 0.1787212 -0.1921348 -0.1130345 -0.2577287 0.5049129 0.1884137 -0.0564647 0.0861331 0.3063157 -0.1430629 0.1113824 0.2376224 0.1266394 0.1499146 -0.0213436 0.1048314 0.3279568 -0.0714322 -0.1324771 -0.2397756 -0.2652182 -0.3231279 -0.4127591 -0.4233923 -0.4530447 -0.2539819 -0.1287447 0.2242691 0.0315641 -0.4604657 -0.3220340 -0.0200263 0.3663189 -0.3852658 0.0117948 -0.3094677 0.0861141 0.0577078 0.0402693 -0.0207102 -0.0842190 -0.2095983 0.0423027 -0.0797020 0.1795311 0.3037961 0.3878967 0.2109094 0.3235237 -0.0615175 0.4769100 0.0375340 -0.0046531 0.2202332 0.3276008 0.1390127 0.3173188 0.4131945 0.5505615 0.0062492 0.1649475 0.5641825 0.2616090 0.3620485 0.2396660 0.3864220 0.2595211 0.2563075 0.3514498 0.2954545 0.3710340 0.6011769 0.3844793 0.4212479 0.3019566 0.4104173 0.3585489 0.3230245 0.1980079 -0.0717479 -0.0892032 0.4052477 0.1633003 0.3124975 0.2917148 0.2237428 0.2922920 -0.2268191 -0.0434849 -0.3314965 -0.1291308 -0.2820223 -0.2727472 0.1904737 0.3004398 -0.3837121 0.0511643 0.1102500 -0.0968729 -0.2565219 0.1211236 -0.1107382 0.2989135 0.1150394 -0.0321978 -0.1112756 0.3657810 0.3395105 0.1879167 -0.1333677 -0.0336236 0.0182288 -0.0772803 -0.2498830 0.4343122 0.3273728 0.3107142 -0.2244631 0.4253881 0.0374871 0.2433288 -0.2246308 -0.0110078
0.5172098 0.2129359 0.1200621 0.0227746 -0.1264716 0.6150263 0.5520877 0.0305832 0.2561153 0.1948684 0.2479189 0.2372677 -0.2978940 0.0952928 0.0000000 -0.2681916 0.2369019 0.6189054 -0.1333183 -0.1652269 0.4121412 0.0067576 -0.2508696 0.6757469 -0.1841560 -0.2011750 -0.0150997 0.5719745 0.6582114 0.3242995 -0.1240042 -0.0506520 0.6406493 0.5226417 -0.1929658 0.3802125 -0.0054823 -0.0388726 -0.3016344 0.1967622 -0.1796605 0.8030663 -0.1933925 -0.1288027 0.3448599 0.1744099 -0.0246767 0.0503759 0.3309366 -0.2692204 -0.0420002 -0.1306377 0.3114561 -0.0539833 -0.1822820 -0.2136761 0.1172175 0.0197653 0.5856772 -0.0762578 0.6752734 -0.1253436 -0.0096571 0.1276042 0.2675229 0.1173246 0.0060294 -0.0004188 0.1533630 0.0128174 -0.0094980 0.1802541 -0.1307358 0.3014372 0.0198274 0.2420737 0.2226117 -0.1260873 0.1030546 0.5442890 0.0043927 -0.3510853 0.2328815 0.4421022 0.2162988 0.2018130 -0.1056568 0.0066672 0.2199056 0.0823098 0.1719046 0.4499769 0.1802148 -0.2240461 0.1961694 0.3476185 0.5583264 0.1129688 0.1913739 -0.2480507 -0.3302814 -0.1830817 -0.3997421 0.0195912 0.1018242 0.1273768 -0.0344417 -0.2767213 -0.0502732 -0.1225002 -0.1617928 0.1271507 -0.0452795 0.0907100 -0.3606664 -0.1616141 -0.0485432 -0.3761567 -0.2996683 -0.3748542 -0.0947056 0.0901021 0.2913832 -0.1779964 -0.2227187 0.0227567 0.1282397 0.4339147 -0.0257286 0.0989999 0.2136125 0.0635775 0.1187617 0.0560839 0.3659916 -0.1781766 0.1477150 0.0401738 0.2282553 -0.2572713 0.3160578 -0.4825175 -0.1574893 0.0204090 -0.0578104 -0.2469405 0.2596153 0.1340720 0.4424187 -0.2751812 -0.2452676 0.0397396 -0.1445107 0.1347781 0.3513510 -0.2473836 0.2854986 0.1499530 0.1752191 -0.0432249 0.1617676 -0.2822058 -0.3128427 0.3398629 0.3603076 -0.1526922 -0.0593463 0.3832351 0.3813637 0.1550613 0.5037374 0.5938177 0.3283772 0.0178719 0.3804034 0.5975219 0.4131979 0.7475419 0.2029281 0.2082440 0.4151105 0.0739663 0.5126595 0.0934136 0.4469644 0.4849771 0.4715656 0.3448168 0.0329664 -0.1863820 -0.5581456 -0.0858387 -0.0340879 0.0834345 -0.0211547 0.1663399 -0.0117042 0.1604630 0.5012198 -0.0249561 -0.0929570 -0.4129738 0.2681216 -0.0636439 0.1921190 -0.1860403 -0.3425061 0.1034730 -0.3790934 0.3222985 0.1066269 -0.2521452 -0.0183088 -0.3232693 -0.0147858 -0.3564586 -0.5194711 -0.3736159
0.1428754 -0.0438288 0.1796349 0.0746255 0.3475827 0.2131441 0.0107219 0.4218670 0.3842277 -0.2041438 0.4289521 -0.1680512 0.1858240 0.3779239 -0.2681916 0.0000000 0.3068458 -0.1172946 0.8596033 0.7712604 0.0384920 0.3797774 0.8590292 -0.2918034 0.7094409 0.7814217 0.4251237 -0.3281948 -0.3811245 0.3118289 0.6001191 0.5578790 -0.3581836 -0.3930468 0.7596530 0.0650383 0.7014877 0.5058975 0.6228110 0.3991152 0.4675113 -0.1938859 0.7793001 0.2149522 -0.0293793 0.6880633 0.5746540 0.4962071 0.0062760 0.6791726 0.5955622 0.6368145 -0.0361528 0.6263240 0.5418508 0.6988946 0.6147288 0.5754261 -0.2217064 0.7208141 0.0648617 0.7451223 0.4992037 0.3675421 0.2819932 0.4896936 0.6209219 0.6291008 0.4489553 0.5439793 0.5446300 0.1302033 0.5987021 0.4157910 0.2728529 0.4020169 0.3144659 0.0702787 0.3636845 0.0505954 0.1481282 0.3687719 0.3746067 0.0760932 0.2393235 0.2194270 0.5587240 0.2740163 0.0330067 -0.2246044 -0.0164750 -0.4422545 -0.5135018 -0.3512718 0.2243766 0.0431096 -0.0849246 -0.3613734 -0.1339499 -0.0478057 0.3165419 -0.2125484 0.2347405 -0.1618708 0.0491922 0.0099839 -0.0900409 0.1120008 -0.0925442 -0.4165926 -0.0412577 -0.2494785 -0.4061746 -0.5767548 -0.4155383 -0.3674513 -0.2863830 -0.0079036 -0.2042818 -0.1421120 -0.1500417 -0.1875713 -0.0263902 -0.5823073 -0.5956995 -0.8726540 -0.0766934 0.4287379 -0.6413817 -0.2654278 -0.5702972 -0.0750782 -0.2309977 -0.6100902 -0.3390619 -0.1790481 -0.5259350 -0.4474191 -0.4359534 0.3579369 -0.0284069 0.5530474 0.5723224 0.0348189 -0.5499741 0.1401036 -0.3368719 -0.4102234 0.1333134 0.6269251 0.5080743 -0.0311968 -0.1631121 0.4888734 -0.7115463 0.0682652 0.4729484 -0.3156895 0.5152883 0.4352036 -0.3021504 0.3026212 -0.1632592 0.3171310 -0.3266236 0.0103338 0.1953680 0.3044867 0.2097532 0.3930504 0.1510373 0.1601313 -0.0516985 0.2583988 -0.1374510 -0.1088023 -0.0562463 -0.3309143 -0.0181989 -0.2162879 -0.6425114 -0.1111930 -0.1513103 0.0654023 0.0251905 0.3774318 0.1204346 0.2605590 0.3554921 0.1284687 0.0113284 -0.3029978 -0.2950870 -0.7457088 -0.8293945 -0.6359633 -0.3335015 0.0371578 0.0641589 -0.6396622 0.1663840 -0.1758931 -0.4447820 -0.4216533 0.4012899 0.3687126 -0.2623019 0.1920805 0.4470864 0.0259719 -0.0707048 -0.0985101 0.5186594 0.4820052 0.4425722 0.3069464 0.2197124 -0.3311319
0.1147655 -0.0862652 -0.0799589 0.4423868 0.1754004 0.4596061 -0.1207090 0.3492824 0.4905489 0.3895277 0.4790326 0.1568244 -0.0969031 0.3966859 0.2369019 0.3068458 0.0000000 0.1009209 0.3787821 0.0551413 0.4338583 0.0491601 0.3479830 0.1590541 0.1653053 0.3059466 0.5426504 0.0961228 0.3402117 0.5281979 0.2902623 0.1007917 0.2409779 0.1526052 0.2700381 0.4259431 0.3302409 0.1723149 0.3484215 0.2702260 0.1812891 0.3975456 0.4388969 0.4041473 0.4148471 0.1760082 0.4098867 0.1387183 0.4779866 0.0440576 0.4652450 0.0412804 0.1916392 0.3653718 0.0447815 -0.0043646 0.2778408 0.3340884 -0.1638214 0.4045683 0.0537351 0.2298071 0.1623573 0.0523246 0.2311669 0.0305972 0.3153968 0.3118149 0.0618174 0.0758472 0.1111272 0.1827589 0.1550424 0.0173377 -0.0681009 -0.0628830 0.1033879 -0.2600490 0.0374194 0.0057260 0.1902760 0.3824649 0.1940482 0.6507673 0.2184942 0.3807094 0.6635235 -0.0184871 0.1985031 -0.0935365 0.4358355 0.1113552 0.1923547 -0.3776502 0.4867582 0.2932763 -0.1098041 0.0518117 -0.0140644 -0.0829189 -0.2060650 -0.1681650 0.1011341 -0.2043669 0.0890781 0.0905139 -0.0120482 0.2881708 0.1570542 0.0095910 0.1114974 -0.1126404 0.2014677 0.1256279 -0.1135609 0.0176725 0.0852077 -0.1015925 -0.0391916 -0.1692519 0.1480939 0.2773239 0.2619238 -0.0475484 -0.6062551 -0.4680845 0.2656102 0.3063205 -0.6613347 -0.1588379 -0.6463568 -0.2798325 -0.0360153 -0.3315726 -0.2615790 0.0109313 -0.6767029 -0.4776657 -0.6698175 0.1696924 0.2371062 0.0830559 0.0957132 0.3125568 -0.5724148 0.5672033 -0.4961655 -0.6397161 -0.0219916 0.3741826 0.3214468 0.1528694 -0.2601521 0.7837305 -0.2505677 0.2164935 0.4330484 -0.1672104 0.1713825 0.1939967 0.0508035 -0.0677492 0.1047514 0.2445154 -0.0783962 -0.0558179 0.6429369 0.2498579 0.1453376 -0.1342818 0.2051317 0.1498268 0.5615504 -0.4334205 -0.2234585 -0.2193359 0.2067318 0.0199989 0.3361154 0.2976725 0.0385325 0.1001347 -0.2189331 -0.1735637 -0.1811676 -0.0236069 -0.1608841 -0.2209294 0.0680169 0.2349272 -0.2796990 -0.0145348 -0.1639825 -0.3549443 -0.5270438 -0.0691394 0.0678302 0.1875990 0.1751033 -0.0296569 0.0920862 -0.2417963 -0.2603939 -0.1082708 0.3780632 -0.0228778 -0.2677473 0.5665532 0.2134209 -0.1765647 0.1288923 0.1256895 0.4362942 0.1282007 0.2030429 0.3259370 0.0669912 -0.2617042
