0.0000000 0.5148711 0.3702457 0.1318667 0.2502491 0.3073665 0.2010257 -0.0127943 0.3125593 0.1232911 -0.0177117 0.4892618 0.1708106 0.1744374 0.4153806 -0.0729261 -0.0946481 0.3303232 -0.1790045 0.2769677 0.2436631 0.3856147 0.0489867 0.3466812 -0.0993386 -0.2205183 0.3116299 0.2937635 0.0405733 0.3388976 0.4054846 0.3054682 0.2188253 0.0360884 -0.0342352 -0.0368943 -0.0654597 0.0169398 0.1707810 0.1233182 0.2970025 -0.0870593 0.0699829 0.0612645 -0.0232753 -0.0403374 0.0181222 0.0976778 0.1008843 -0.1421831 -0.0465385 0.2727260 0.1412584 -0.0897337 0.2751658 0.1064945 0.1116901 0.0238305 0.0869444 0.0576730 -0.0215322 0.1928424 0.1376835 0.2090968 0.2151552 0.1575785 0.0571529 0.1276492 0.0723638 -0.0110592 -0.0635006 0.3189838 0.1271721 0.3778350 0.0015856 -0.0935337 0.0620253 -0.2538389 0.1633540 0.1356438 0.3607281 0.3505149 0.4443663 0.3267835 -0.2942181 0.0554784 0.4892825 0.0176666 -0.0723476 0.0076980 0.5606577 0.1598839 0.4483287 0.0053569 -0.0585734 0.4610247 0.3225631 0.2190173 -0.3222109 -0.1852642 -0.0177200 0.2298557 0.2133599 0.1796858 0.4581797 -0.1816046 0.1912776 0.3447453 0.4437593 0.2359926 0.2372717 0.3992059 0.2541631 0.3645115 0.0025011 0.2677694 0.2924019 0.4106767 0.1594311 0.2921544 0.4005969 0.4985917 0.0445647 -0.2071464 0.4185436 0.4342909 0.2151344 0.5747345 0.3369791 0.1793316 0.2854275 -0.1561830 0.4268056 0.3268592 -0.2136501 0.3024925 0.3660215 0.2244769 0.1920262 -0.1323235 0.3304863 0.1660293 0.0183923 0.3850449 0.4189169 0.3684410 0.1805733 0.1228035 -0.0399460 0.1795647 0.0247604 0.4145407 0.4066954 0.3905851 -0.1613362 0.3409094 0.2566695 0.3271418 0.2042270 0.2548524 0.0941287 0.5246904 0.6557554 0.2523347 0.1861922 -0.0061763 0.0430255 0.1065335 0.2726350 0.4049887 0.2264354 0.0536772 0.5677428 0.2100674 0.2721507 0.2614510 0.4121125 -0.1967638 0.1798136 -0.1075169 -0.4078897 0.0051920 -0.1468876 -0.0667472 0.0713711 0.1487280 0.0880685 0.0979283 0.1125801 -0.1616184 0.1267375 0.3625027 0.3951644 -0.1980250 0.3670789 0.0519570 0.2876010 0.6356296 0.2525557 0.3702461 0.3432319 -0.0476153 0.5670885 0.3842786 0.2632454 0.2932485 0.1508726 0.1531961 0.3276529 -0.2827505 0.2060069 0.2932540 0.1296894 0.3386113 0.1499535 -0.0155474 0.0776184 -0.0055031
0.5148711 0.0000000 0.4970826 0.7380632 0.1242372 0.7309299 0.1917472 0.5540118 0.7535652 0.5251705 0.5118004 0.7895569 0.5032898 0.4616874 0.7747553 0.2140488 0.2132911 0.2747360 0.0553126 0.1364218 0.2709210 0.6170097 -0.0364302 0.6180679 0.2826709 -0.1150884 0.0135972 0.2263148 0.6015297 0.2597495 0.5659529 0.1081605 0.3392441 0.5709334 -0.0027986 0.2000797 0.0265161 0.1051105 0.2157368 0.0520735 0.5617869 0.4615319 0.0996918 0.1349686 0.5317535 0.1428976 0.1150157 0.0149121 0.3058776 -0.1671705 0.0126673 0.3531597 0.7322479 0.3047140 0.1156378 0.2113295 0.1991984 0.3818783 -0.0579580 0.1282346 0.1501303 0.5069847 0.3306224 0.7051545 0.5204791 0.1886614 0.2417975 0.5635255 0.2237853 0.4524852 0.0503195 0.8137004 0.4701508 0.7508215 0.0673500 0.3576383 0.6609862 0.0983863 -0.0179974 -0.0460601 -0.0981679 0.3410942 -0.0818321 -0.1771101 -0.4138305 -0.1761263 0.3207101 0.1539459 -0.2087952 0.1146890 0.1155997 0.0428233 0.6180395 -0.1086856 -0.1995681 0.3278361 0.2730361 0.3155607 0.0518792 -0.4974462 0.1684008 0.3822673 0.5754735 -0.0647795 0.4998780 -0.3667495 0.2705273 0.6352733 0.5406826 0.4128282 0.6060481 0.5626225 0.2113836 0.3178742 -0.1919892 -0.0154249 0.2452384 0.1241156 -0.0843480 -0.1195693 -0.0687935 0.0034754 0.1445271 -0.4055547 -0.0324238 -0.1099957 0.0328011 0.2801920 -0.0909891 0.2322200 -0.0195913 -0.3285828 -0.0141197 -0.0558915 -0.2634604 -0.0044806 0.0421967 -0.2608877 -0.0903509 -0.0819741 0.1199000 -0.0616351 0.1248939 -0.1627137 -0.1220962 0.2580917 -0.2553157 -0.2119365 0.0974025 -0.0012553 -0.1383890 -0.1950168 -0.0161111 0.2855623 -0.0359799 0.0998520 0.0001438 -0.0388303 0.2697681 -0.2251277 0.3307893 0.1136921 0.3872241 -0.1803722 0.2284228 -0.4775334 -0.1506619 0.0132219 -0.3010507 -0.0626978 0.1025651 -0.1001712 0.5255493 -0.3577665 -0.1890003 0.1853272 0.1384529 -0.4450836 -0.0950899 -0.0658291 -0.3842224 0.5293631 0.2654677 0.5637358 0.0348201 0.1294763 0.0046996 -0.0858976 0.6467368 0.5732623 -0.1211592 0.5677505 0.1188721 -0.4308336 -0.1221004 -0.2132681 -0.0197311 0.1557780 0.2565103 -0.1264349 0.1513054 -0.0927420 0.5201653 0.4349920 0.4107918 0.0149914 -0.1903819 0.2828599 0.2823739 0.0295394 0.5746355 -0.0223358 -0.4142512 -0.1373780 -0.0922678 -0.4288720 0.1737031 -0.0735331
0.3702457 0.4970826 0.0000000 0.4502050 0.8644271 0.2815595 -0.0344338 0.5544317 0.3481298 0.1548784 0.2280498 0.3441524 0.8346484 0.0521406 0.4398709 0.1092838 -0.0131765 0.1741004 0.1560228 0.4603010 0.1807531 0.4657634 -0.1219717 0.0412638 0.4132025 0.1220102 -0.1822889 -0.1332381 0.2025355 -0.1186438 0.6670024 0.7311972 -0.2123919 0.0467692 -0.1091013 0.0146840 0.4064284 0.4817186 -0.1755664 -0.2839629 0.7057217 0.1027328 -0.1094072 -0.4022572 0.2535177 0.2893266 0.1876231 0.5771835 -0.3845077 0.3767599 0.0242549 -0.0620820 0.1011668 -0.2979839 0.7284190 0.4635594 0.4721784 -0.4136143 0.4854189 0.1197368 0.5238955 0.1693737 0.7230945 -0.0230027 0.3085602 0.6740349 0.1975264 -0.1117672 0.5708578 -0.1997932 0.3652950 0.2433834 0.0421915 0.3328186 0.4370357 0.0424014 0.1084900 0.2748722 0.4441526 0.3673681 0.3225602 0.5058594 0.2269606 0.0324041 -0.1215316 -0.2110991 0.4285734 -0.2783234 0.0699642 -0.0364484 0.1288936 0.0755946 0.3366619 -0.0841917 -0.0859682 0.2431867 0.1482585 0.0922334 0.1269714 -0.0512227 0.2028739 0.1216328 0.2448884 0.2869908 0.2556996 -0.2548544 0.0447069 0.3054908 0.3411002 0.0553664 0.4048799 0.1547415 -0.1932934 -0.1863112 -0.3845289 -0.1416289 -0.0561224 0.0198906 -0.0607644 -0.2186626 -0.0025161 0.0554694 0.6074929 -0.2970299 -0.1408555 -0.0355194 0.1704357 0.4830938 -0.2143277 0.1896994 -0.0312587 0.2269868 0.2140297 0.1392498 0.1442854 0.3016918 0.0395450 -0.2561657 0.0101350 -0.0645690 0.4105924 0.0281222 0.3266228 0.1997680 -0.0736629 0.3288680 0.0024835 0.2653336 -0.0587368 0.2124463 0.3436047 0.0705161 0.2311818 0.1330074 0.3943841 0.4760225 0.2698392 0.2277620 0.4228443 0.1889158 0.5891552 0.3586621 0.4755553 0.2038977 0.4258907 -0.2212591 -0.4784182 -0.3289197 -0.1460744 0.0641842 -0.0855343 -0.1895185 0.3378603 -0.1894373 -0.2487428 -0.1785415 0.0434208 0.1055416 0.1645671 0.0869178 0.1369694 0.2557043 0.3599060 0.4843942 0.6247688 0.5368096 0.6853705 0.6073369 0.2667191 0.2121514 -0.2392390 -0.0367000 -0.3908611 -0.2569906 -0.0971145 -0.0410028 0.1648065 -0.0344533 0.3246987 -0.1049623 0.0493401 -0.1045253 0.3354061 0.1953594 0.5693909 0.4950395 -0.0218298 0.1128256 0.0039187 -0.2093062 0.3146537 -0.2243987 0.0890508 0.1718486 0.0161875 0.1100535 -0.0046351 -0.0764868
0.1318667 0.7380632 0.4502050 0.0000000 0.1637215 0.8566701 0.2697959 0.8111470 0.8894395 0.8241739 0.8138607 0.5520184 0.5900092 0.7774222 0.8870731 0.6363988 0.7116376 0.5056241 0.4822321 0.0610209 -0.0789130 0.5217050 0.3723207 0.6049588 0.6210969 0.4562178 0.1835994 0.2296264 0.5845395 0.3020017 0.4803267 0.1665125 0.2622548 0.6631290 0.3755088 -0.0416269 0.4046268 0.4119998 0.3771466 0.1138005 0.5818815 0.4105359 0.4093642 0.1093526 0.5790895 0.5333241 0.4595413 0.1574747 0.2434339 0.1713434 0.3805167 0.5046280 0.7397627 0.4438359 0.2512026 0.4662309 0.4704502 0.3945082 -0.2426050 0.4375703 0.0270942 0.6164941 0.4647893 0.7209300 0.4145060 0.3646314 0.4872478 0.5850613 0.3764475 0.6445058 0.3793497 0.8240595 0.6805439 0.6474262 0.2866473 0.6566698 0.8274686 0.5077407 0.0233008 -0.0965756 -0.1381658 -0.0677267 -0.4301577 -0.4565908 -0.3056926 -0.3498745 0.1423690 0.2707919 -0.4003146 0.0025233 -0.1313242 -0.1727804 0.2432177 -0.1090792 -0.3840154 0.0511964 0.0094757 0.0480911 -0.0412238 -0.5043227 -0.1264796 0.2140319 0.5079977 -0.4244844 0.1414067 -0.5655104 0.1705991 0.4865670 0.3890990 0.2822157 0.4072815 0.2671286 0.2422845 0.1494499 -0.3469827 -0.1357318 0.2077392 -0.1539482 -0.1453206 -0.3276066 -0.2516249 -0.0850559 0.1142274 -0.3698841 -0.4011104 -0.3077334 0.1629749 0.0498227 -0.4489273 0.1049768 -0.2197365 -0.1940497 -0.0917873 -0.2975530 -0.1829778 -0.0751160 -0.1935803 -0.5855987 -0.2334445 -0.0175237 -0.1899054 -0.3516137 0.2101101 -0.4762365 -0.4720269 0.1329794 -0.5013005 -0.3794017 0.0095831 -0.1228525 -0.1554262 -0.5532310 -0.4023412 -0.0796306 -0.1104837 -0.0822685 -0.1893352 -0.3854310 0.1860985 -0.5054483 0.1889481 -0.2571548 0.1251894 -0.4949031 -0.0034274 -0.5998383 -0.3069377 -0.2557310 -0.5138762 -0.3150226 -0.2841391 -0.3310884 0.3899155 -0.4694641 -0.4103827 -0.0257937 -0.1793581 -0.3600251 -0.4248087 -0.2504454 -0.2751871 0.2567486 0.1950340 0.4208108 -0.0967539 -0.0675322 -0.0750474 -0.1272193 0.7492432 0.7232316 -0.2042281 0.4366246 -0.0509274 -0.5612693 -0.4152683 -0.4106617 -0.2690055 -0.1445335 0.2197318 -0.4011983 0.0288445 -0.3048005 0.1528718 0.3165361 0.3549355 -0.1772595 -0.5715622 -0.1306443 0.1607825 -0.1580508 0.2798006 0.0154141 -0.5189717 -0.4710216 -0.4309244 -0.5643693 0.2820160 -0.1927050
0.2502491 0.1242372 0.8644271 0.1637215 0.0000000 -0.0070309 -0.2375602 0.3734442 0.0997098 -0.0403511 0.0385581 -0.0914354 0.7391611 -0.1564343 0.1420834 0.0803143 -0.0947525 0.0656923 0.1365287 0.6528797 -0.1030671 0.3818960 -0.1094551 -0.2910557 0.3710054 0.1877621 -0.1553534 -0.2311375 -0.1834069 -0.2232025 0.6515397 0.8675864 -0.4145432 -0.3145442 -0.0308868 -0.2674179 0.5983427 0.5532254 -0.2269211 -0.3168220 0.6293148 -0.1857114 -0.0578644 -0.4612974 -0.0342856 0.3364652 0.2438655 0.6621193 -0.5785368 0.5521268 0.1256400 -0.1473155 -0.2882790 -0.4108823 0.8096786 0.5111844 0.5522510 -0.6540411 0.6009352 0.1737251 0.5199433 -0.0098189 0.7102796 -0.4276034 -0.0935860 0.8023539 0.1584827 -0.3993562 0.6252230 -0.4348305 0.4638997 -0.1572243 -0.1363054 -0.1229244 0.5815806 -0.1373618 -0.1875243 0.2985422 0.4073381 0.3461056 0.3593943 0.3403120 0.2869257 0.1020078 -0.0059764 -0.1913802 0.4038027 -0.3417886 0.1385204 -0.0928785 0.1563680 0.0859402 0.1404837 -0.0652768 -0.0686320 0.1753985 0.0520029 -0.0433779 0.0876882 0.0527205 0.0494290 0.0068021 0.0157979 0.3752499 0.1104147 -0.2321658 -0.0627959 0.1055593 0.2901181 -0.1078716 0.2128732 -0.0394583 -0.3509660 -0.4124144 -0.4250372 -0.2530349 -0.2556389 -0.0625461 -0.1800035 -0.0678632 0.0733258 0.0060425 0.5926742 -0.1915445 0.0035367 0.0705345 0.2052108 0.4535232 -0.0735618 0.1477377 0.0875758 0.3871239 0.3220637 0.2195542 0.2746442 0.3951870 0.1322716 -0.0276387 0.1428737 -0.0701890 0.4161288 0.1614079 0.3667702 0.2982396 0.0625922 0.3183501 0.1543640 0.3578213 -0.0354147 0.3187561 0.4333235 0.2128585 0.3103597 0.0940158 0.5465603 0.5030298 0.3463512 0.3076877 0.4006798 0.2539472 0.4699222 0.4121354 0.4094733 0.2591731 0.3702549 -0.0232918 -0.3800967 -0.2744635 0.0289033 0.1533602 -0.0893539 -0.1340615 0.1531673 -0.0575008 -0.2644424 -0.4009615 -0.1280429 0.2385726 0.0970282 0.0027631 0.3120920 -0.0773155 0.2010689 0.1881805 0.7057801 0.4003794 0.8061283 0.6598534 0.0178876 -0.0419367 -0.0870556 -0.2983622 -0.4877341 -0.1205154 -0.0011009 -0.0312194 0.1433130 -0.1777206 0.1047260 0.0751127 -0.0269672 0.0219974 0.0743768 -0.0062508 0.4054942 0.4545979 0.1982249 -0.1064308 -0.1222928 -0.1286246 0.1274756 -0.2291922 0.2271451 0.1701069 -0.0154851 0.4608951 -0.0622818 -0.0143166
0.3073665 0.7309299 0.2815595 0.8566701 -0.0070309 0.0000000 0.5071468 0.6656079 0.9269844 0.8579027 0.7911623 0.5077084 0.4563540 0.7218033 0.8330246 0.5803253 0.6815087 0.4893794 0.4972312 0.0241540 -0.2051966 0.5541067 0.4266297 0.6018972 0.5260920 0.2665646 0.1620184 0.1278968 0.4382609 0.2248405 0.4342647 -0.0209288 0.2608321 0.5746216 0.3520736 -0.0729030 0.2032094 0.3609529 0.3180574 -0.0212519 0.4612668 0.3775941 0.3795053 0.0401480 0.6295603 0.4969440 0.4752646 0.0772886 0.2773966 0.1410179 0.4164732 0.5045171 0.7447731 0.4009709 0.2116592 0.4710451 0.4328426 0.4899149 -0.4894946 0.5233736 -0.0384711 0.7531399 0.4143886 0.7476306 0.4049578 0.2516741 0.5639083 0.7564253 0.3694710 0.6096842 0.3190877 0.7462043 0.8200378 0.6023164 0.2232316 0.5833465 0.6660696 0.4198885 -0.0334689 -0.3471807 -0.1149191 -0.1753142 -0.3692478 -0.3142498 -0.2660243 -0.1391591 0.2441826 0.2474055 -0.2698176 0.1408619 0.1536916 -0.0168948 0.3965512 -0.0634638 -0.2308767 0.2314827 0.0846172 0.2003853 0.0007916 -0.3682152 -0.0073528 0.3403518 0.6175701 -0.3306415 0.2217414 -0.4307942 0.2329183 0.6801042 0.4054099 0.4565359 0.4345028 0.4622391 0.4783992 0.3044329 -0.2601320 0.0852755 0.3469868 -0.0813377 -0.0005028 -0.1696684 -0.1821635 0.1605211 0.0846538 -0.3638596 -0.2887533 -0.0971536 0.2451317 0.0749389 -0.3299259 0.0762061 -0.2620820 -0.1904756 -0.0329252 -0.2591345 -0.2174072 -0.1806203 -0.2142486 -0.5264598 -0.3070386 -0.1345990 -0.1537480 -0.3896579 0.2792179 -0.3628896 -0.3771120 0.1729527 -0.5698170 -0.4850058 0.0657844 -0.2419370 -0.3140805 -0.4145810 -0.4956819 0.0787972 -0.3317756 -0.1765421 -0.2650985 -0.4842512 0.1814300 -0.4233495 -0.0038249 -0.3212522 0.1378950 -0.4973899 -0.2431475 -0.7170011 -0.1781215 -0.1340213 -0.4258500 -0.2818491 -0.1801208 -0.2697599 0.3467161 -0.4195138 -0.0476998 0.1874085 0.0112742 -0.3925897 -0.3197475 -0.1885903 -0.3043251 0.3257215 0.0296911 0.2035978 -0.2573105 -0.1863496 -0.2632695 -0.2953658 0.5578387 0.4303549 -0.0298937 0.3788593 0.0739946 -0.3855564 -0.1389984 -0.1891780 -0.0805245 0.0410242 0.0562789 -0.3121011 -0.0464770 -0.3233026 0.4184217 0.4297110 0.3212167 -0.0542674 -0.5296266 -0.0744694 0.1624223 -0.2612202 0.3090847 0.1045269 -0.4093892 -0.2628108 -0.1248391 -0.5672920 0.4148935 -0.1865059
0.2010257 0.1917472 -0.0344338 0.2697959 -0.2375602 0.5071468 0.0000000 0.1716118 0.3986200 0.3449274 0.3635748 0.4264398 -0.0098720 0.3625226 0.4405355 0.2485112 0.2618513 0.2445009 0.2700147 -0.2880418 -0.0949349 0.1307489 0.3550858 0.4528583 0.0688378 -0.0140312 0.2909743 0.2834839 0.1669809 0.3274979 -0.0946678 -0.3865834 0.3609837 0.2543724 0.1874569 -0.0459698 -0.1872430 0.1027138 0.2313624 0.2430053 0.0957598 0.0894948 0.1741795 0.1365423 0.2818293 0.1690034 0.2652534 0.0953543 0.2668574 0.0650427 0.2168115 0.3017417 0.2884119 0.1305565 0.0700164 0.1833371 0.0816554 0.2806677 -0.5038302 0.2784451 -0.0437349 0.3654156 0.1213297 0.4474550 0.3191358 -0.1184978 0.2928491 0.3787753 0.0934594 0.2887287 0.0338954 0.3188737 0.4399182 0.3718125 -0.0985711 0.3327926 0.2591504 0.2229054 0.2295647 0.0464231 0.0102099 -0.2351922 -0.2386501 -0.2383039 -0.2265705 -0.2441006 0.3177772 -0.0794607 -0.1918291 -0.0965855 0.1394249 0.0029630 0.0952006 -0.1682036 0.2050000 0.3802785 -0.0076727 -0.1197076 0.0350048 0.0926682 0.0535501 -0.0784545 0.0714644 -0.0724738 0.0087727 -0.2816452 -0.2184860 0.2295789 -0.1429330 0.2008794 -0.0943424 0.0801158 0.6353851 0.5673197 0.4097627 0.6748874 0.6132292 0.1747534 0.5535214 -0.0051743 0.0842583 0.5104331 0.0651357 -0.4559502 -0.1437070 0.1415140 0.2092006 0.0681855 -0.1587695 -0.1522627 -0.2509623 0.0574919 -0.0271675 -0.0481175 0.0028317 -0.0520875 -0.2162664 -0.2419815 -0.2478839 0.1542083 -0.0216993 -0.2716550 0.3493567 0.1557112 -0.1225975 0.1545901 -0.3921540 -0.4281471 0.1838305 -0.3268128 -0.2398386 0.0591079 -0.3708805 0.1558106 -0.6373362 0.0091016 -0.1553685 -0.3987951 0.0790788 0.0903012 -0.3933649 -0.2919789 0.0213973 -0.0187787 -0.4081227 -0.3072892 -0.0174131 0.0739107 0.0783040 0.0069876 0.0877757 0.1482323 0.1411679 -0.0308718 0.5152365 0.6281337 0.3444055 0.1154458 0.0477345 0.1401150 0.0991344 0.2801300 -0.1302167 -0.0025077 -0.2672285 -0.0159490 -0.2427141 -0.0202858 0.3074080 0.0655341 -0.0601503 0.3581733 0.4216585 0.0842906 0.2067844 0.3548752 0.2443727 0.3789475 0.1900082 -0.1724554 -0.0984478 -0.2013187 0.3420700 0.3682664 0.0183867 0.0243371 -0.2453372 -0.0209586 0.0751228 -0.3595486 -0.1741106 0.4750230 -0.0544148 0.1789749 0.2948071 -0.3712328 -0.1711605 -0.5541668
-0.0127943 0.5540118 0.5544317 0.8111470 0.3734442 0.6656079 0.1716118 0.0000000 0.7214109 0.7511851 0.8797628 0.2351834 0.8490515 0.4082317 0.6243291 0.7653920 0.6424173 0.1891570 0.7355119 0.4298864 -0.2219261 0.7136381 0.1946862 0.1237355 0.9037295 0.3863230 -0.2388489 -0.2553520 0.3653857 -0.1715027 0.6666733 0.4105993 -0.2351894 0.3094429 0.3247992 -0.1097581 0.5356495 0.7575278 0.0158359 -0.2481714 0.8143820 0.4928158 0.2659588 -0.2492065 0.7123116 0.7364520 0.6307005 0.4433615 -0.1646461 0.5394327 0.5249306 0.2653588 0.4888412 0.4056942 0.5569376 0.7438201 0.6909995 0.1422257 -0.0216291 0.5889659 0.4966924 0.7175917 0.8021896 0.3623971 0.4939534 0.6724930 0.7046514 0.4949376 0.7602708 0.3882618 0.6959110 0.4729907 0.6498480 0.4784716 0.6889949 0.5736749 0.5918670 0.7908190 0.2735075 -0.0346419 0.1248293 0.2179107 -0.1597917 -0.1123555 0.1104668 -0.1089407 0.3861599 0.1776172 0.0995319 0.3761547 -0.0377185 0.1793207 0.4395898 0.0421387 0.0630991 0.2003370 0.1542631 0.3252244 0.4468758 -0.1906129 0.2933216 0.4121686 0.6491281 -0.0601381 0.2395902 -0.2923694 0.3508273 0.6647642 0.5096976 0.4704544 0.6147654 0.4220384 0.0234508 -0.1700870 -0.4097001 -0.2884733 -0.0518718 -0.0380927 -0.1852734 -0.1743730 -0.0857643 -0.0703293 0.4293225 -0.2023973 -0.2901731 -0.0960054 0.4350526 0.2684908 -0.3044562 0.3547662 -0.0563123 0.1526053 0.1805825 -0.0282241 0.2362143 0.1468884 -0.0321893 -0.4656501 -0.1015887 0.1788760 0.1394792 0.0425559 0.5844870 -0.2574501 -0.3502698 0.4476134 -0.2928584 -0.1295030 0.3059791 0.2218271 0.1839776 -0.3291495 -0.2594812 0.2203450 0.1825500 0.1468648 0.1330348 -0.1592372 0.4742680 -0.1950135 0.2597910 -0.0346481 0.1275672 -0.2459754 0.1054524 -0.4440894 -0.1055647 -0.0397028 -0.2990499 -0.0905992 0.0427407 0.0051109 0.4278022 -0.3468061 -0.3332463 -0.1156883 -0.1318544 -0.0768258 -0.2481644 -0.0105420 0.0521980 0.3151529 0.4320852 0.4531612 0.1681484 0.2225564 0.2347759 0.1161759 0.5920204 0.4959748 -0.0610682 0.0639282 -0.3005986 -0.3203929 -0.1704013 -0.2616399 -0.0517584 -0.2117773 0.3198733 -0.2694278 -0.2903523 -0.1474448 0.1726498 0.3793366 0.3163284 0.1286766 -0.3557756 0.0840262 -0.3478915 -0.0919442 0.2825244 -0.0209011 -0.4434312 -0.3200071 -0.1617066 -0.2978870 0.2334966 -0.1152518
0.3125593 0.7535652 0.3481298 0.8894395 0.0997098 0.9269844 0.3986200 0.7214109 0.0000000 0.8914099 0.8135999 0.5567488 0.5214746 0.7958341 0.9198536 0.6527793 0.6940774 0.5590213 0.5057318 0.1502449 -0.1454404 0.6430809 0.4674817 0.5969651 0.5975122 0.3850813 0.2557157 0.2337944 0.5048049 0.3498303 0.5642739 0.1214875 0.2954004 0.6250874 0.4659456 -0.0857113 0.4254434 0.4516793 0.4290827 0.1522555 0.5701646 0.4304237 0.4832218 0.1653699 0.6325845 0.6271509 0.5993217 0.2072023 0.3528920 0.2363292 0.5056941 0.5909947 0.7869713 0.5409268 0.2408443 0.5892637 0.6018112 0.4943013 -0.3941964 0.5813537 -0.0104747 0.7541462 0.4724749 0.7296156 0.3534574 0.4123811 0.6172059 0.7368480 0.4455667 0.7023200 0.4457977 0.7784602 0.8322032 0.5832945 0.3581653 0.7188573 0.7829138 0.5417446 0.0521410 -0.1381879 -0.0454787 -0.0676073 -0.3003698 -0.2868015 -0.3363897 -0.2840908 0.3839650 0.2982377 -0.3729597 0.0889802 0.1675132 0.0966160 0.3659976 0.0052854 -0.2460358 0.3627331 0.1557096 0.1778357 -0.0627658 -0.4745494 -0.0603103 0.2700606 0.5693381 -0.3596532 0.2911871 -0.5297236 0.1994822 0.6002418 0.5114432 0.4193304 0.4377724 0.4651153 0.2639495 0.2223597 -0.1903298 0.0756836 0.4049588 0.0888225 0.0799437 -0.0654795 -0.0110859 0.2267007 0.1342875 -0.3434085 -0.2187727 0.0042475 0.3490835 0.1947367 -0.2541936 0.3256184 -0.0721937 -0.1310945 0.0494276 -0.0554176 -0.1287006 -0.1115518 -0.0635720 -0.4317501 -0.2087731 0.1207146 -0.1856557 -0.2658836 0.3505772 -0.3119873 -0.3263997 0.1979756 -0.5390448 -0.4940920 0.1335412 -0.1263371 -0.1419768 -0.3763643 -0.3956423 0.0702677 -0.2090630 -0.0398589 -0.1123987 -0.3718322 0.2520189 -0.3565246 -0.0061445 -0.1652435 0.1809138 -0.4079467 -0.1414577 -0.6512878 -0.2422587 -0.1634335 -0.3105443 -0.1463847 -0.1925443 -0.1953999 0.4990053 -0.2985740 -0.1048870 0.2421663 0.0480198 -0.2867212 -0.3337254 -0.1581373 -0.2113952 0.3059179 0.0754246 0.3143419 -0.1794860 -0.1420024 -0.1375065 -0.1933953 0.6995970 0.5020858 0.0457907 0.5076684 0.1702157 -0.3617699 -0.1044852 -0.1761210 0.0328144 0.0795905 0.2063781 -0.1546798 -0.0779613 -0.3222770 0.3224552 0.4620489 0.1893774 -0.1835844 -0.4191962 -0.1782540 0.0946929 -0.2756635 0.4025608 0.2599737 -0.4743509 -0.2979081 -0.2059893 -0.4849267 0.3528081 -0.2273720
0.1232911 0.5251705 0.1548784 0.8241739 -0.0403511 0.8579027 0.3449274 0.7511851 0.8914099 0.0000000 0.9202696 0.3017367 0.4363589 0.7454146 0.7597063 0.8509398 0.8714840 0.4796952 0.7222634 0.1139874 -0.2884899 0.5341177 0.6400335 0.3697853 0.7115646 0.5063144 0.2214004 0.0436412 0.3508838 0.1990046 0.3924267 0.1002912 0.0786875 0.4792300 0.6021436 -0.1731885 0.4547089 0.5280320 0.3631004 0.0740666 0.4884261 0.4106562 0.5587179 0.0627840 0.6651757 0.7342195 0.7007642 0.2260360 0.2035281 0.3693044 0.6514480 0.5736416 0.6702171 0.6301315 0.2527209 0.6396356 0.6018720 0.5027523 -0.4516086 0.6883314 -0.0037479 0.7981892 0.4368992 0.6199248 0.3945617 0.4066876 0.7384087 0.7287842 0.4772228 0.6928530 0.5852326 0.6315645 0.8818443 0.4706635 0.4763141 0.7408993 0.7248255 0.6947766 0.0003323 -0.3014328 -0.0294611 -0.1929136 -0.3049630 -0.1895237 -0.1080337 -0.1450124 0.2623200 0.4736006 -0.2520206 0.2172839 0.0838694 0.0846635 0.2773488 0.0980719 -0.1209684 0.2704942 0.1757228 0.2719169 0.0252107 -0.3193150 -0.0732935 0.2709198 0.5469277 -0.4468332 0.2034717 -0.3540151 0.2538342 0.5435424 0.4328447 0.3789469 0.3455274 0.3792845 0.3490481 0.1935049 -0.1459772 0.0463270 0.3474429 0.0248634 0.0614419 -0.0438852 0.0028201 0.2072057 0.0346094 -0.1284102 -0.2410061 0.0275628 0.4996669 0.1176899 -0.2540250 0.3269798 -0.0540474 -0.0346125 0.1687474 -0.0287727 -0.0108214 -0.0544739 -0.0574028 -0.4494119 -0.2057025 0.1080565 -0.1777391 -0.2141871 0.3876182 -0.3540263 -0.3443999 0.2113129 -0.4593644 -0.4127040 0.2351632 -0.0601692 -0.1535951 -0.4030418 -0.4333782 0.0862800 -0.2514007 -0.1307384 -0.1346205 -0.3760074 0.1877368 -0.3622291 -0.0838357 -0.2348356 0.0419683 -0.4451989 -0.1567867 -0.5196323 -0.0462742 0.0017962 -0.2530151 -0.1529345 -0.1396160 -0.0740497 0.4182872 -0.2239795 -0.1222616 0.0943881 -0.0777595 -0.2670428 -0.4003686 -0.2028543 -0.1932217 0.1516244 0.0841735 0.1897228 -0.2880092 -0.1495972 -0.2331405 -0.2783991 0.5719863 0.3910582 0.0926873 0.2978676 0.1454010 -0.3465310 -0.0807048 -0.2387499 -0.0442156 0.0222406 0.1274718 -0.1701708 -0.1115534 -0.3073997 0.2060842 0.5339722 0.0859315 -0.2086098 -0.5383799 -0.2112802 -0.0189952 -0.2424212 0.2630599 0.2453438 -0.4373008 -0.3558971 -0.2567308 -0.5178015 0.3350766 -0.2333545
-0.0177117 0.5118004 0.2280498 0.8138607 0.0385581 0.7911623 0.3635748 0.8797628 0.8135999 0.9202696 0.0000000 0.2391520 0.5649474 0.6186594 0.6623995 0.9100165 0.8366648 0.2827203 0.7950022 0.2359458 -0.3199719 0.6514189 0.4967509 0.2510656 0.8491008 0.4279839 0.0120180 -0.0743448 0.2901103 0.0503246 0.4629969 0.1334824 -0.0200366 0.3417955 0.6024975 -0.1544900 0.4869604 0.6559477 0.2957773 -0.0078034 0.6710955 0.4664586 0.5528954 0.0196662 0.6942185 0.7884053 0.7649728 0.3053359 0.0982869 0.4409973 0.7224929 0.5614242 0.5717486 0.6629218 0.3784905 0.7193685 0.6605319 0.4651353 -0.3454665 0.7657710 0.2772021 0.8691863 0.6202722 0.5471845 0.4175970 0.5069782 0.8382718 0.7026107 0.6517927 0.6262146 0.6855530 0.5259475 0.8731110 0.4469892 0.5818148 0.7231384 0.7075789 0.7920427 0.0986056 -0.2450730 -0.0348878 -0.0935113 -0.3420118 -0.1904215 0.0095584 -0.0814745 0.3336266 0.2905484 -0.0424773 0.3390420 0.0271942 0.1638606 0.4096117 -0.0818404 0.0595616 0.2579574 0.2088771 0.3754551 0.3304033 -0.2945532 0.0901785 0.4043075 0.6243380 -0.3187057 0.2511092 -0.3200351 0.3343824 0.6383137 0.4771786 0.4946376 0.5060945 0.4563864 0.2588126 0.1218192 -0.1836525 -0.0657829 0.2264222 0.0591842 -0.0211723 -0.0234981 0.0104871 0.1000078 0.1934657 -0.2345756 -0.1740960 -0.0274074 0.5146303 0.1342466 -0.2046888 0.3280617 -0.0098954 0.0072499 0.1696345 -0.0174204 0.1477794 0.0429967 0.0024091 -0.4132554 -0.0929726 0.2189939 -0.0781141 -0.0470784 0.5457489 -0.2854105 -0.3131227 0.3574989 -0.3688586 -0.3116176 0.3824952 0.0980958 0.0114938 -0.3631632 -0.4063001 0.1730539 -0.1311313 0.0165312 0.0449280 -0.3301073 0.3978454 -0.2350658 0.0046457 -0.1811243 0.0540814 -0.3148726 -0.0601958 -0.4965036 -0.0190167 0.1482515 -0.1892060 -0.0768921 0.0457442 0.1119659 0.3535057 -0.3082377 -0.1516976 0.0613850 -0.0696991 -0.1221717 -0.2904415 -0.0377658 -0.0281807 0.2498176 0.2430934 0.2890263 -0.1166294 0.0367296 -0.0462178 -0.1299637 0.6237411 0.5027708 0.0979491 0.1951808 -0.0399126 -0.2329530 -0.0505068 -0.1743690 -0.0036162 -0.0962703 0.1390360 -0.2168173 -0.3039665 -0.2335242 0.1738340 0.5173314 0.0816990 -0.0960298 -0.4588616 -0.0467369 -0.2366283 -0.1514479 0.2397404 0.1859472 -0.5178122 -0.3630950 -0.1481733 -0.4581970 0.2278997 -0.2702315
0.4892618 0.7895569 0.3441524 0.5520184 -0.0914354 0.5077084 0.4264398 0.2351834 0.5567488 0.3017367 0.2391520 0.0000000 0.1528998 0.5060345 0.7439432 -0.0337805 0.0331855 0.4063234 -0.1522575 -0.2610949 0.6126386 0.2091674 -0.0141299 0.8067089 -0.0615854 -0.0822216 0.2648046 0.5500104 0.7661208 0.5629348 0.1763895 -0.1309943 0.6201888 0.7286716 -0.0989816 0.4601470 -0.1970540 -0.1670823 0.3082861 0.4050364 0.2135922 0.4440299 0.0049555 0.3384816 0.3856957 -0.1038820 -0.0872858 -0.0660075 0.5102853 -0.3817799 -0.2118008 0.3280380 0.7234967 0.2024862 -0.1466580 -0.0911444 -0.0698737 0.3946548 -0.0793733 -0.1304247 -0.0774623 0.2248307 -0.0128971 0.7577449 0.5931610 -0.1583314 -0.0297519 0.4363838 -0.1541982 0.4923532 -0.2415905 0.8404867 0.2739324 0.8577733 -0.2955494 0.4043204 0.6482276 -0.1048011 0.1842334 0.3459146 0.0217753 0.3084784 -0.0507171 -0.2085707 -0.5047590 -0.3685550 0.1903503 0.0481129 -0.4385525 -0.1730183 -0.0128258 -0.0827614 0.2521166 -0.0864339 -0.2024707 0.2876355 0.0966805 0.0133918 -0.2327266 -0.3585521 0.0476771 -0.0214979 0.2094037 -0.1545489 0.2665035 -0.3604345 -0.0448968 0.2228618 0.1236838 0.1382548 0.1979052 0.2548573 0.2481270 0.4924561 0.2035107 0.3366374 0.4935212 0.2734835 0.3243717 -0.2031932 -0.0112672 0.2323278 0.0375305 -0.3667606 -0.1355030 -0.1130803 -0.1247019 0.2024213 -0.1807602 0.0956822 -0.1232302 -0.2780691 -0.1997415 -0.0192355 -0.2669716 -0.0982056 -0.0891209 -0.2734428 -0.2112990 0.1453548 0.0062172 -0.2427397 -0.0455704 -0.0688107 -0.1536764 -0.0027903 -0.3050883 -0.2962568 -0.0409440 -0.2346021 -0.1896768 -0.1480859 0.0067872 0.0883346 -0.3363193 0.0545254 -0.0951735 -0.0892171 0.0239197 -0.0991565 0.1195162 0.0346347 0.2256623 -0.0358147 0.1197270 -0.3505002 -0.2841529 -0.1557102 -0.1990453 -0.0646906 0.0000612 -0.1285381 0.5255119 -0.0831813 0.0438673 0.5450687 0.4082258 -0.1821715 0.1204210 0.1178670 -0.2922155 0.5587024 0.2191003 0.5678124 -0.0307238 0.2027896 -0.0804410 0.0643939 0.6676745 0.5550518 -0.3011832 0.7858526 0.4398228 -0.2719401 -0.1272004 0.0517513 0.1380541 0.4659329 0.5330893 -0.1735043 0.2436133 -0.2850082 0.4113668 0.3119799 0.2957708 -0.0395127 -0.2657057 0.2171056 0.4176350 -0.2135749 0.3332729 0.2466432 -0.1961053 0.0728416 -0.0212842 -0.4803846 -0.0742984 -0.2938486
0.1708106 0.5032898 0.8346484 0.5900092 0.7391611 0.4563540 -0.0098720 0.8490515 0.5214746 0.4363589 0.5649474 0.1528998 0.0000000 0.1109677 0.4548884 0.4628315 0.2792817 0.1180742 0.5047303 0.6619426 -0.1405920 0.7150906 -0.0450145 -0.0488234 0.7508399 0.2113051 -0.3384822 -0.3493060 0.1888938 -0.3118232 0.8175151 0.7050958 -0.3674105 0.0724958 0.0686210 -0.1459411 0.5322964 0.7341631 -0.2135001 -0.4480877 0.8404362 0.2981094 0.0143816 -0.4498294 0.4872565 0.5665691 0.4434409 0.5659119 -0.4045486 0.5523784 0.3045275 -0.0159557 0.1996730 0.0004477 0.7386366 0.6975865 0.6720076 -0.2422978 0.2961031 0.3973035 0.5990756 0.4523058 0.8946274 0.0296597 0.3301475 0.8122798 0.4793619 0.1680387 0.8094386 0.0083718 0.5930303 0.2359420 0.3331937 0.3076999 0.6918518 0.2475978 0.2697307 0.6093507 0.3645909 0.1058755 0.2760510 0.4282631 0.1396651 0.0507090 0.0821861 -0.0598831 0.5407301 -0.0187589 0.2542788 0.3360317 0.1368179 0.2411650 0.4909302 0.0918496 0.0506852 0.2759364 0.1844534 0.3092845 0.4160003 -0.0526050 0.3590648 0.3996875 0.5613161 0.2772854 0.3381605 -0.2135683 0.2961976 0.6149236 0.5645275 0.3500582 0.6214421 0.3763308 -0.1339681 -0.3516822 -0.5069403 -0.3431963 -0.2114591 -0.0432122 -0.2548521 -0.1033440 -0.0319572 -0.1049369 0.5634350 -0.1930514 -0.1419864 0.0428459 0.3150840 0.4257907 -0.1531614 0.3195565 0.0371236 0.2702991 0.3001203 0.0831519 0.2514633 0.3064407 0.0874399 -0.2562846 0.0289326 0.0230083 0.4006853 0.1795576 0.5379480 0.0115035 -0.1183357 0.5422171 -0.0339319 0.1626701 0.1837854 0.3413317 0.3106214 -0.0572204 0.0818797 0.3366329 0.4113116 0.3506843 0.2448792 0.1561738 0.4886378 -0.0005330 0.4399079 0.2383793 0.3248453 -0.0599986 0.2655251 -0.2845259 -0.1926580 -0.1541637 -0.2370299 0.0302569 0.0734374 -0.0697595 0.4182621 -0.3005370 -0.3236160 -0.2479234 -0.1058765 -0.0093635 -0.0893011 0.0101384 0.1562448 0.2540036 0.4046317 0.4159611 0.4544091 0.3317096 0.5327069 0.3609896 0.3775870 0.2535266 -0.0297326 -0.0813558 -0.4281115 -0.2849895 -0.0570895 -0.1841991 0.0577359 -0.2347017 0.2844635 -0.0755537 -0.1778226 -0.0942604 0.2263905 0.2415950 0.4849215 0.3778071 -0.0738661 0.0653261 -0.2989397 -0.1374353 0.3081145 -0.1714199 -0.1989875 -0.0992431 -0.0772369 -0.0112187 0.1589351 -0.0030033
0.1744374 0.4616874 0.0521406 0.7774222 -0.1564343 0.7218033 0.3625226 0.4082317 0.7958341 0.7454146 0.6186594 0.5060345 0.1109677 0.0000000 0.8046544 0.5791245 0.7588141 0.7527025 0.3730001 -0.1999012 -0.0463631 0.2509075 0.6857058 0.7337038 0.3644152 0.6103763 0.6033749 0.5844438 0.4681971 0.6757768 0.1728726 -0.0861398 0.5637679 0.6848602 0.6435873 -0.0371560 0.3568579 0.2132512 0.7492616 0.5266361 0.2199720 0.2304717 0.7074501 0.4848250 0.2874030 0.4743634 0.4895899 0.0083572 0.5937332 0.0240820 0.4822113 0.7666983 0.6871439 0.5831060 -0.0118842 0.3108567 0.3859094 0.6175760 -0.5189148 0.4858358 -0.4179834 0.5216658 0.0993934 0.7818034 0.1442990 0.1094953 0.4275726 0.6005902 0.0784598 0.8049248 0.2474701 0.7629068 0.6995458 0.4741983 0.0313614 0.7130808 0.8024941 0.2891971 -0.1077350 -0.0771057 -0.1937462 -0.3659112 -0.4402886 -0.4211211 -0.4416526 -0.2864322 0.0857290 0.2920035 -0.6231154 -0.2107241 0.0844795 -0.1061817 0.0029070 -0.1289032 -0.5070965 -0.0053664 0.0401532 -0.0818137 -0.4245896 -0.5712105 -0.4661223 0.0705894 0.3129528 -0.6828044 0.0972894 -0.5300472 0.1291570 0.2008980 0.2829083 0.1859196 0.1330441 0.1767733 0.2953430 0.3298299 -0.0830287 0.1609545 0.5291221 0.0816173 0.1578697 -0.0547475 0.0125873 0.2125356 -0.1517318 -0.2976810 -0.2250110 -0.0841802 0.2037756 -0.0033372 -0.2490481 0.1400905 -0.0375924 -0.3143168 -0.0746293 -0.1725463 -0.2825398 -0.1309008 -0.0487776 -0.3962309 -0.0773510 0.1417476 -0.5329196 -0.4363055 -0.0078989 -0.4442183 -0.3190556 -0.0429511 -0.4658005 -0.4570975 -0.0804230 -0.1842942 -0.1402354 -0.5223630 -0.4518031 -0.3358687 -0.3549570 -0.1429068 -0.1658738 -0.4435795 0.0678797 -0.4454839 -0.0923593 -0.2642927 0.0926811 -0.4441902 -0.1654755 -0.4641157 -0.2868075 -0.3095024 -0.2791989 -0.1587704 -0.4598535 -0.3198803 0.3628270 -0.1616434 -0.0918716 0.2486213 0.0368782 -0.2588555 -0.3813519 -0.2763932 -0.3606551 -0.0120973 -0.1490355 0.1015857 -0.3917219 -0.3179916 -0.3819979 -0.3439684 0.6157334 0.5526980 0.0547568 0.5951949 0.3099455 -0.3375295 -0.2254070 -0.2406985 -0.1402291 0.1039282 0.1257725 -0.1906969 0.0729561 -0.4478260 0.0580827 0.2462946 -0.0103821 -0.4552725 -0.5334372 -0.4095648 0.2579347 -0.4280215 0.1665925 0.3477986 -0.4496369 -0.4113043 -0.4308066 -0.5796680 0.3326352 -0.2485984
0.4153806 0.7747553 0.4398709 0.8870731 0.1420834 0.8330246 0.4405355 0.6243291 0.9198536 0.7597063 0.6623995 0.7439432 0.4548884 0.8046544 0.0000000 0.4999276 0.5762717 0.6537288 0.3439451 0.0150983 0.0874588 0.5014511 0.3843910 0.7295003 0.4275276 0.3864233 0.3647513 0.4164577 0.6338349 0.5028309 0.4678320 0.1489364 0.4149780 0.7100069 0.3142168 0.0083182 0.3233170 0.3233881 0.4251681 0.2925586 0.5169345 0.3557298 0.3624493 0.2031951 0.5379672 0.4448992 0.4180232 0.2158946 0.3638594 0.1171748 0.2997752 0.5308269 0.7639183 0.3776961 0.2149644 0.4064638 0.4364919 0.3746145 -0.2460961 0.3692062 -0.0698326 0.5540194 0.3479521 0.7424760 0.4384825 0.2952175 0.4099007 0.5607089 0.2615941 0.6185424 0.2833865 0.8656836 0.6354352 0.7101762 0.2047229 0.6433205 0.7713089 0.3871027 0.1525811 0.0871559 0.0276752 0.0271823 -0.2628838 -0.3558007 -0.4244225 -0.4444303 0.3114072 0.2829477 -0.5167497 -0.1219492 0.0415556 -0.0719258 0.2214492 -0.0045968 -0.2968075 0.2993017 0.0816130 -0.0232545 -0.2390839 -0.4498711 -0.1388865 0.0582132 0.3649583 -0.3296734 0.1943561 -0.5998366 0.0289716 0.4029585 0.3336469 0.2374490 0.2663212 0.2618402 0.2928888 0.3453414 -0.0707440 0.1581507 0.4556909 0.1183319 0.1546878 -0.1766636 -0.0310262 0.2444348 0.1059699 -0.3603765 -0.2808826 -0.0581785 0.2329268 0.2140517 -0.3298261 0.1966062 -0.1499149 -0.1420340 0.0016284 -0.0609955 -0.2175785 -0.0587950 -0.1169321 -0.4352238 -0.2464666 0.1115695 -0.1428087 -0.3274999 0.2077759 -0.2389376 -0.3134558 0.1292682 -0.5184005 -0.4774860 -0.0042040 -0.2021135 -0.1541061 -0.3112037 -0.2957592 -0.0079113 -0.2808957 0.0257529 -0.1441771 -0.3152503 0.1516554 -0.3155668 0.0247137 -0.1355827 0.2330097 -0.3301491 -0.0744596 -0.5430174 -0.3277341 -0.2688812 -0.3277355 -0.1611982 -0.2390392 -0.2652018 0.5358939 -0.2382690 -0.1753805 0.2586876 0.0634928 -0.2841667 -0.2963541 -0.2047545 -0.3060708 0.2725000 0.1064106 0.3921642 -0.1189397 -0.0530425 -0.0993951 -0.0541571 0.7406646 0.5632399 -0.1278741 0.6185363 0.2682711 -0.4582060 -0.1851123 -0.1901489 -0.0113419 0.2213382 0.3830052 -0.1950622 0.1505929 -0.3436449 0.2771632 0.3922685 0.3123889 -0.1621756 -0.4218392 -0.1254765 0.2896848 -0.2959370 0.2537287 0.2658987 -0.3787663 -0.2338992 -0.2606688 -0.5132621 0.1945971 -0.3407809
-0.0729261 0.2140488 0.1092838 0.6363988 0.0803143 0.5803253 0.2485112 0.7653920 0.6527793 0.8509398 0.9100165 -0.0337805 0.4628315 0.5791245 0.4999276 0.0000000 0.8978494 0.3262023 0.8678865 0.3436688 -0.4387943 0.5861919 0.6400004 0.0399249 0.8602955 0.5913673 0.1177797 -0.0896463 0.0567640 0.0433711 0.4192534 0.2406210 -0.1526515 0.1307034 0.7417257 -0.3508429 0.6207571 0.7428618 0.3207848 0.0435321 0.6112065 0.2368830 0.6695906 0.0125980 0.4813759 0.8580626 0.8454642 0.4135599 0.0006196 0.5966211 0.8426097 0.5529804 0.3156851 0.6404010 0.4664332 0.7633895 0.7271766 0.3263579 -0.3103274 0.8355106 0.1986956 0.7603390 0.5760834 0.3107910 0.2083551 0.5909815 0.8569286 0.4934084 0.6713863 0.4991530 0.8074423 0.3009441 0.7631438 0.1827946 0.6948099 0.6313207 0.5423299 0.8211304 0.0670827 -0.2358354 0.0288767 -0.1744317 -0.2405689 -0.1009569 0.0861366 -0.0068091 0.3753791 0.3476864 -0.0039620 0.2711935 0.1291341 0.2490273 0.2694805 -0.0008433 0.1033800 0.2054237 0.2706334 0.3066978 0.2451870 -0.2033671 -0.0497567 0.3438748 0.4754986 -0.3038391 0.2188684 -0.2532664 0.3392695 0.4691609 0.4783993 0.4130801 0.3597016 0.3156393 0.1890083 0.0516910 -0.1465084 -0.0661454 0.2103115 0.1459452 -0.0186930 0.2017352 0.2311130 0.1628243 0.1353116 -0.1077834 -0.0227785 0.1825530 0.6728870 0.1990377 -0.0359003 0.3972083 0.1942116 0.1194130 0.3982770 0.1530458 0.2387941 0.2265952 0.1930958 -0.2092124 0.1128270 0.2924504 -0.0978209 0.1089035 0.5366074 -0.1629599 -0.1312872 0.4344668 -0.1881031 -0.1862899 0.4152904 0.2741825 0.1934810 -0.2209852 -0.3269850 0.1311880 -0.0682646 0.1427513 0.2002812 -0.1924955 0.4304773 -0.1192381 -0.0868474 -0.0610908 0.0823137 -0.2279440 -0.0503293 -0.2402141 0.0927827 0.1839862 0.0125233 0.1134766 0.0365186 0.2183300 0.3279708 -0.1226649 -0.1438954 -0.0714602 -0.1495214 -0.0265320 -0.3549263 -0.1496438 0.0080615 -0.0921338 0.1066618 0.0742996 -0.1449419 -0.0443797 -0.0511177 -0.1370567 0.4475188 0.3013803 0.3202682 0.0468285 0.0011061 -0.1616222 0.0996983 -0.2047616 -0.0017505 -0.0868482 0.0713914 0.0075282 -0.2627592 -0.1806423 -0.0211501 0.4565220 -0.0778618 -0.1827667 -0.2967226 -0.2094258 -0.3296424 -0.1922407 0.0610783 0.2786849 -0.4545552 -0.3752923 -0.2154226 -0.2984156 0.2139231 -0.2465024
-0.0946481 0.2132911 -0.0131765 0.7116376 -0.0947525 0.6815087 0.2618513 0.6424173 0.6940774 0.8714840 0.8366648 0.0331855 0.2792817 0.7588141 0.5762717 0.8978494 0.0000000 0.4463541 0.7453014 0.0762811 -0.4477964 0.4167823 0.7003569 0.2876059 0.7071368 0.6505979 0.2523216 0.0574821 0.1764719 0.1709704 0.2340134 0.0359191 0.0609928 0.3616334 0.7057418 -0.3300375 0.4858235 0.5357467 0.4392716 0.0947851 0.3758395 0.1636023 0.6659193 0.1304143 0.4068976 0.7339283 0.7149773 0.1290774 0.2148266 0.3916323 0.7415500 0.5854425 0.4738145 0.6207302 0.2512080 0.5759191 0.5642737 0.4838590 -0.5498122 0.7306111 -0.1274008 0.7093130 0.3499512 0.5091249 0.1467897 0.3469755 0.7279029 0.5673759 0.4040090 0.6138541 0.6179760 0.4483882 0.7670042 0.2480974 0.4436233 0.6147344 0.5800228 0.6358034 -0.0829296 -0.3719298 -0.0885550 -0.3630112 -0.4802511 -0.2928694 0.0173595 -0.0338586 0.0996349 0.4260288 -0.2186757 0.1421367 0.0176892 0.0062045 0.0830813 -0.0283789 -0.1323501 -0.0047383 0.0821162 0.1144546 -0.0194958 -0.3533228 -0.2407177 0.2816823 0.4312221 -0.5781152 0.0059111 -0.3483604 0.3159737 0.3738420 0.3303092 0.3851231 0.2356430 0.2227189 0.2311479 0.1366550 -0.2492622 -0.1171851 0.2353479 -0.0061269 -0.0824260 0.0225484 0.0313358 0.1155599 -0.0946041 -0.0894038 -0.2219493 -0.0181043 0.5156263 -0.0768790 -0.2424833 0.1957146 -0.0171122 -0.1307840 0.1633785 -0.1495711 -0.0850253 -0.0756849 -0.0246819 -0.3810914 -0.0610299 0.1356667 -0.4287149 -0.2148092 0.2186025 -0.3908212 -0.3032186 0.1430845 -0.4049464 -0.3873691 0.0583117 -0.0146388 -0.0084134 -0.4235115 -0.5821343 -0.1922462 -0.2509121 -0.0948922 -0.0708969 -0.4538927 0.1918067 -0.3580725 -0.1898163 -0.3306536 -0.0057238 -0.4494978 -0.2847890 -0.3962105 -0.0840858 -0.0749063 -0.2094973 -0.1168343 -0.2865721 -0.1010578 0.1674002 -0.2911102 -0.2321419 -0.0669345 -0.2511780 -0.2157722 -0.5146361 -0.3313443 -0.2486882 -0.1853139 -0.1041934 -0.0877853 -0.4122196 -0.2848089 -0.3349226 -0.3587411 0.4035354 0.3459999 0.2013799 0.1234126 -0.0037340 -0.3393262 -0.1569365 -0.3684228 -0.1960344 -0.1458789 0.0131382 -0.1652771 -0.1264694 -0.2542539 -0.0746349 0.3374609 -0.0842962 -0.3106279 -0.5048273 -0.2887067 -0.1252443 -0.2301943 -0.0462375 0.2470463 -0.5331649 -0.5493124 -0.3661868 -0.5273010 0.4597632 -0.0913667
