0.0000000 0.3380048 0.4767597 0.2232891 0.8185750 0.2815309 0.6373731 0.2089428 0.3945980 0.3434508 0.1602162 0.3436352 0.0025747 0.2193964 -0.0154652 0.2292017 0.4346523 -0.3651729 0.0790211 -0.2849655 0.1697877 0.1123582 0.4232340 -0.3054980 -0.0890502 0.0317107 0.1515966 -0.2353284 -0.0357542 0.0556459 0.4027588 0.0288753 -0.3449869 -0.1706041 0.1508976 -0.0161156 0.1101604 0.0894049 -0.3552177 -0.4192492 0.2310286 -0.0509641 -0.4272172 -0.4702163 0.0722948 0.0783356 -0.0199952 0.1637273 -0.1703739 0.1732171 0.0269149 -0.4809039 0.0957139 -0.2153203 0.3450710 0.3352668 0.0648895 0.1733395 0.2711686 -0.1794012 0.2356357 -0.1612770 0.7069899 0.4016181 0.4509567 0.2663769 -0.2848204 -0.1563218 0.3932961 0.2647585 -0.0222614 0.3734013 -0.2901801 0.7069957 0.1114494 0.3591453 0.5749034 0.2331858 0.3339572 0.3748118 0.4706406 -0.0937028 -0.0177998 -0.2158736 -0.3816419 -0.0487367 -0.2751424 -0.7177613 -0.0720901 -0.4507336 -0.3795904 -0.5549585 -0.3041485 -0.0946954 -0.3765373 -0.1922354 -0.3545456 -0.2036485 -0.5363710 -0.2624740 -0.5423362 -0.1867109 -0.0085415 -0.2848787 -0.1598675 -0.3939983 0.1994357 -0.0921088 -0.1586469 0.0427427 -0.6686237 -0.0997073 -0.1338378 0.2453150 0.2372926 0.0668730 0.0579233 0.0306563 0.0430281 0.1505789 -0.0712104 -0.0071765 0.0302492 -0.3247463 -0.0389313 0.0120451 0.0877765 -0.2674541 -0.0181410 -0.2587395 -0.0844059 -0.4248489 0.2597982 -0.0656634 -0.3094514 -0.2436207 -0.0413455 -0.0655654 0.0442413 -0.1037224 -0.0390817 -0.1911243 -0.0401068 0.0727332 -0.1500730 0.2321230 -0.0170805 -0.0332063 0.0177771 -0.1248605 -0.1656986 -0.0601334 -0.2207417 0.1436674 0.0308794 0.1544050 -0.1676823 -0.0294863 -0.1560785 -0.1691161 0.0741803 -0.2193553 0.0270208 -0.1706328 0.0055893 0.1424427 0.2173476 -0.1068579 -0.2478884 -0.1836277 -0.2016272 -0.1415172 -0.0883829 0.3147355 0.2985326 0.5060862 0.4452109 0.6100543 0.1913292 0.0975998 0.6227072 0.0013503 -0.0783004 -0.0298767 0.3101470 0.4861784 0.5033860 0.6283191 0.6948962 0.6720534 0.1206070 0.5130661 0.3645019 0.0776641 0.0268004 0.1006694 -0.0378399 0.1831149 0.3957238 -0.0036553 0.0459704 -0.2383732 0.2087650 0.0098402 0.4668591 0.5750928 -0.0528169 0.1367315 0.0873780 0.1933059 0.1312843 0.1615682 0.7384195 0.6073895 0.1820420 0.5804333 0.3578372 0.1403125
0.3380048 0.0000000 0.6710273 0.7667861 0.4175692 0.7942021 0.4956826 0.4946256 0.5535064 0.5419872 0.4241931 0.5623396 0.6751966 -0.2473445 0.5687324 0.1105934 0.2905314 -0.2010799 0.0314371 -0.0376832 0.7235870 0.5091076 0.2710538 0.0149491 0.2953276 -0.0224757 0.2799561 -0.1117120 0.3147648 0.1324125 0.5086083 0.2312954 -0.2703994 -0.0249229 -0.2460349 0.3528740 -0.1050609 0.4032466 0.0486779 -0.1668397 0.0579205 0.2335363 -0.0561165 -0.3651725 0.3562760 0.1974540 -0.0636496 0.1068996 0.0111698 0.1985247 0.0063405 -0.0541702 0.3787530 0.2188294 0.1280361 0.2861345 -0.0011494 0.3022789 0.2369945 0.0198691 0.5916447 0.3625443 0.1182371 0.5049769 0.5864666 0.0227675 0.2367080 0.1321918 0.4254318 0.4282853 0.3318015 0.6604105 0.0760497 0.5820211 0.3622227 0.6297743 0.4960482 0.5109797 0.6783779 0.5358170 0.4366996 -0.0468816 0.2276048 0.4047723 0.0930040 0.4849258 0.2563698 -0.2247110 0.4060091 0.1123862 0.1257129 -0.0416073 -0.0079331 -0.1160740 -0.0751734 0.0178446 -0.3666881 0.1184425 -0.0389120 0.1671146 0.1111324 0.3567191 0.3918545 -0.2633302 -0.2736619 0.1493686 0.5085989 0.3278133 0.0258062 0.1912121 -0.1933648 0.2471360 -0.1297988 0.0223477 0.0261570 0.0508664 -0.0235093 0.0908189 0.0874470 0.2140630 -0.0890900 -0.1024431 0.0253913 0.0033088 -0.0438452 0.3670790 0.1172820 0.1651898 0.4502456 0.0720953 0.1290254 0.1100698 0.0120330 0.6558119 -0.2672793 0.1855756 0.0778312 0.4817146 -0.0338300 0.2955998 -0.0133164 0.2817294 -0.1630663 0.2924618 0.2644731 0.0678681 -0.0400622 -0.2318723 -0.2206439 0.0212752 0.1215994 -0.0682879 0.0255447 -0.0323500 -0.4214901 0.2045501 0.0505289 -0.0827291 -0.1566250 0.1616248 -0.2023948 -0.0305016 -0.0390827 0.1597094 -0.0579299 -0.3287293 -0.2123681 -0.0305958 0.0570982 0.0902654 0.0394223 0.0528905 0.0728134 0.2791218 0.7089220 0.2289875 0.3487798 0.2621570 0.5626254 0.1336681 0.0095595 0.0431241 0.1601410 0.1591127 0.4550641 0.4748094 0.4201318 -0.1222562 0.1996603 0.0811556 0.3654570 0.0034603 -0.1427244 0.4363255 0.4218450 0.3313992 0.0918314 0.2200874 0.1022303 0.2609840 -0.1515077 -0.4760145 0.2159754 0.1474280 -0.1514220 0.1681788 0.2346503 -0.0494927 -0.2596439 -0.0323461 0.0253933 0.3532994 0.1242775 0.3928293 0.6825901 -0.2652334 -0.0657763 -0.1587498
0.4767597 0.6710273 0.0000000 0.6130063 0.6454915 0.4415378 0.1570029 0.6745760 0.3660432 0.7179773 0.7135038 0.0329127 0.7474181 -0.2974922 0.1487296 0.6051565 0.4945545 -0.3963724 0.5147622 0.1133025 0.3258449 0.8509172 0.5581705 -0.3359754 0.6440115 0.3934914 -0.0552418 -0.3731652 0.1198136 0.2781166 0.7648793 0.4399534 -0.4295036 -0.2008685 -0.0394580 0.3432433 0.2979678 0.6158380 0.0126211 -0.3163776 0.4140509 0.1276355 -0.2192041 -0.2352583 0.1684041 0.4421831 0.0331037 0.3334881 0.0992076 0.3000908 0.0530373 -0.2402727 0.0535191 0.1776126 0.2410017 0.4892077 0.1852971 0.6129774 0.3679351 0.0164380 0.6485764 0.0770362 0.3148397 0.5807929 0.5115401 0.2783193 0.2371491 0.2761991 0.5387452 0.7115369 0.6354067 0.4027214 0.1282139 0.5601066 0.5561369 0.7563879 0.2719071 0.7133431 0.5484245 0.1489463 0.4420510 0.0953058 0.4131753 0.3310431 0.1261512 0.6420052 0.3793804 -0.3573193 0.4783923 0.0472343 -0.0399282 -0.1932091 0.0222559 0.0150666 -0.1378841 0.0100608 -0.3185217 0.1701044 -0.0369549 0.4217663 0.0365550 0.4561522 0.5821354 -0.1277662 -0.0884161 0.0949436 0.5986363 0.4515866 0.0390472 0.3193005 -0.2204848 0.3990003 0.0667604 0.1219786 0.1420078 -0.0140827 -0.1498482 -0.1377401 -0.1071916 -0.2791313 -0.2682454 -0.1518003 -0.0386304 -0.2661871 -0.2047427 -0.2988033 -0.0450963 0.1451785 0.0136444 -0.0282707 0.0463940 0.2334058 -0.0180545 0.4238996 -0.0236325 0.2777935 -0.0326829 -0.0248676 -0.0630519 -0.1686070 0.0277570 -0.1541705 0.0137669 0.0043386 0.1000101 0.0977510 0.0423994 -0.0293250 0.0943544 -0.2004815 -0.1604140 -0.4208174 -0.1276679 0.0877994 -0.2606960 -0.1545062 -0.0197720 -0.0660136 0.0972138 -0.1248283 -0.0812740 -0.2660133 -0.2207321 -0.1765197 -0.0701673 -0.0085412 0.1987291 0.1514717 -0.0347260 -0.1053845 0.1254181 0.0744948 -0.3341839 -0.1426745 0.1059592 -0.1585951 -0.1113456 0.1762828 0.1324657 0.2780991 0.5111474 0.1485737 0.2118170 0.1287979 0.4870613 0.6158228 0.4771039 0.0704576 0.1350608 -0.0207334 -0.2559376 -0.1628361 -0.2122579 -0.1217700 -0.1934517 -0.3139381 -0.4933474 -0.0166021 -0.1031394 -0.3607629 -0.3857331 -0.4902912 0.0941631 -0.4094044 0.1189209 0.2612704 -0.3688590 -0.3855404 -0.4020213 -0.2105213 -0.2322465 -0.1168096 0.4506129 0.2453898 0.1997707 -0.0646712 -0.2688951 -0.5284046
0.2232891 0.7667861 0.6130063 0.0000000 0.2151018 0.8691293 0.3711367 0.7789701 0.4889823 0.4344066 0.6108425 0.4289536 0.6414334 -0.3867788 0.3760172 0.3077553 0.0043774 -0.1367376 0.1473574 -0.1676444 0.5859031 0.5112200 0.3071889 0.0671906 0.2644714 0.1101562 -0.0983264 -0.4505335 0.4845954 -0.1190535 0.4632778 -0.0053915 -0.0957021 0.2237225 -0.0109568 0.1117068 0.0547080 0.3468192 -0.2704068 -0.3635322 -0.1031467 -0.0576816 -0.2146964 -0.2175772 0.4097989 0.2496732 0.0197565 -0.1291316 0.1979419 0.3787088 0.0172882 -0.2997921 0.5332267 0.0643147 -0.3252384 0.1635472 0.0461673 0.3859888 -0.1400922 0.0474185 0.6528986 0.1385435 -0.0623030 0.6571609 0.6952942 -0.1746332 0.2554076 0.1799788 0.1948354 0.4637862 0.3017288 0.8854456 0.2106242 0.6686789 0.3963760 0.6607622 0.5416531 0.7225832 0.8038737 0.5626539 0.4646132 0.0196259 0.0839962 0.1765264 -0.0106933 0.3429363 0.0825885 -0.2902885 0.1447131 0.0064895 -0.1580102 -0.3274808 -0.3580853 -0.0539747 -0.1755364 -0.2922890 -0.5760608 -0.2949774 -0.0504116 0.3558673 0.0569203 0.0420272 0.2043225 -0.0477775 -0.5064666 -0.1074397 0.1933698 0.0661063 -0.3257765 -0.1117240 -0.3673869 0.0731063 -0.3297320 -0.2756352 -0.3199235 -0.3297640 -0.3032526 -0.2819826 -0.2352194 -0.1670032 -0.2390629 -0.2929859 -0.0622563 -0.0240226 0.0031096 0.1534277 -0.1123150 -0.1006687 0.0902012 -0.0595507 -0.0632719 0.0307792 -0.2379477 0.6358467 -0.2557301 0.1482820 -0.1636732 0.1750718 -0.2467053 0.0159852 -0.0204717 0.0124704 -0.2643047 0.2025177 0.0064101 -0.1049944 -0.2585300 -0.4048951 -0.1845806 -0.2971602 -0.1092167 -0.2252364 -0.2193877 -0.1356031 -0.4633282 0.2001410 -0.0611839 -0.2804501 -0.1527970 0.0084936 -0.3576910 -0.2534431 -0.1601657 -0.0241900 -0.2758489 -0.3601843 -0.1930647 -0.0063380 -0.0893447 -0.1040447 -0.0271237 -0.0011350 0.0799608 0.2240358 0.3134161 0.0037882 0.1008447 -0.1174488 0.3596386 0.1491684 -0.0251579 -0.3277695 -0.3227006 -0.2490444 0.1695166 0.5468362 0.3043283 -0.4729666 0.1643314 0.0856330 0.0232043 -0.1194616 -0.2867663 0.2940928 0.1133280 0.0988040 -0.0006669 0.4764855 0.0340608 0.1001986 -0.0005524 -0.2359303 0.2749146 0.0987325 -0.1508091 0.4725318 0.0221792 0.0403185 -0.1549172 0.1985072 0.1471297 0.3588666 -0.0572412 0.4086570 0.7471417 -0.0418015 0.0194310 -0.1785458
0.8185750 0.4175692 0.6454915 0.2151018 0.0000000 0.1970738 0.4431903 0.1372058 0.2590456 0.5157825 0.3703534 0.2421566 0.3040702 -0.0030164 -0.0578855 0.4659092 0.5815881 -0.6003562 0.3940435 0.0819360 0.2945756 0.4566073 0.5601483 -0.4374393 0.2895891 0.2384836 0.0528622 -0.2301272 -0.2307530 0.0396058 0.6571996 0.3520422 -0.5273830 -0.4140475 0.1876643 0.1891441 0.2757611 0.4177326 -0.1688803 -0.3789148 0.5795366 0.0039397 -0.2352799 -0.3873874 -0.1223651 0.3453457 0.2004173 0.4965798 -0.2534558 0.1608883 0.2303184 -0.4333072 -0.1474085 -0.0564192 0.5843642 0.6244442 0.2778648 0.3166364 0.6057324 0.0489995 0.4098129 -0.0341030 0.7169194 0.4397687 0.4720362 0.5398018 -0.0225284 -0.0183558 0.6701533 0.4192774 0.2644078 0.3015620 -0.2250951 0.6696318 0.2995510 0.3901628 0.4324153 0.3002037 0.3331393 0.2519150 0.5083495 0.0939754 0.2421999 0.0764528 -0.1478371 0.2547951 0.0414447 -0.5605969 0.2370023 -0.2339695 -0.3256892 -0.4434495 0.0461974 0.0640348 -0.3120816 -0.1009870 -0.2200917 0.0437810 -0.2978214 0.1403768 -0.2456568 0.0343941 0.2142169 -0.0371236 0.0923736 -0.1276637 0.4080391 0.1253214 0.0120205 0.2144957 -0.4289127 0.1388799 -0.0335725 0.1476852 0.2214441 -0.0140421 -0.0685977 0.0227442 -0.0813888 0.0511341 -0.1318098 -0.0913812 0.0815354 -0.2951840 -0.1465635 -0.1376296 0.1353180 -0.1031903 -0.0631265 -0.0158842 0.1338174 -0.2186282 0.3556910 0.0897730 -0.2552742 -0.1004789 0.0887053 -0.0543622 0.1204566 -0.1352301 0.0623476 -0.1571116 0.1278683 0.0382496 -0.1153898 0.2946497 0.1118525 0.0865577 0.1197158 0.0315756 -0.0262543 -0.1308822 -0.0953018 0.2843796 0.1618768 0.0853079 -0.0888219 0.0834071 -0.0151850 -0.0267736 0.3618366 -0.1269780 0.0641881 -0.1496219 0.2106502 0.2475784 0.3363045 -0.0044734 -0.1152371 -0.0364718 0.0562508 0.0220230 -0.4055428 0.0482106 0.2259733 0.3437810 0.3529626 0.6338361 0.2805949 0.3010119 0.7423275 0.2686797 0.2414197 0.2501831 0.6602053 0.5839719 0.6835852 0.6918303 0.5862790 0.4527146 0.0770629 0.2679051 0.1065719 0.0814050 -0.0005607 0.0079338 -0.1355275 -0.0383973 0.3461102 -0.0959700 -0.2084615 -0.2934594 0.3184506 -0.0593536 0.3032413 0.3758387 -0.0635637 -0.1218394 -0.1457815 -0.0012243 0.0090651 -0.0776946 0.7293481 0.3998961 0.0930595 0.3482583 -0.0824480 -0.1903219
0.2815309 0.7942021 0.4415378 0.8691293 0.1970738 0.0000000 0.5450179 0.5746936 0.6164918 0.3293257 0.3077306 0.6242103 0.4414265 -0.2225345 0.6508364 -0.0612878 -0.1287974 0.0631656 -0.1939743 -0.0864708 0.5513838 0.2324548 0.0375476 0.3387749 0.0120341 -0.1880456 0.2224785 -0.2079845 0.5894352 0.0477352 0.3110025 -0.1174215 0.1039951 0.3878282 -0.2076664 -0.0518442 -0.1655157 0.1000495 -0.2819278 -0.3606999 -0.2855319 -0.0601760 -0.1631859 -0.3830961 0.5178908 0.0243198 -0.0440871 -0.2133973 0.1328430 0.1711054 -0.0407512 -0.2672395 0.7192643 -0.0927778 -0.2651741 -0.0551904 -0.0855189 0.0932960 -0.2938279 -0.0355805 0.3492324 0.1885144 -0.1200409 0.4431267 0.4825977 -0.2856696 0.1321155 -0.0053467 0.0217586 0.1982665 0.0503007 0.8013472 0.0314796 0.6622595 0.1306232 0.5107671 0.7396668 0.4387921 0.7158392 0.6220306 0.3856743 -0.2566960 -0.1375731 0.1392184 -0.1554038 0.1075872 -0.0754617 -0.1859745 0.0335196 -0.0168080 -0.0005811 -0.2319113 -0.4404154 -0.1683174 -0.1073187 -0.1580292 -0.4927472 -0.3245704 -0.0597565 0.0544518 -0.0162693 -0.1005837 -0.0413744 -0.2503776 -0.4672881 0.0307973 0.0274655 -0.0666933 -0.3199050 -0.2210768 -0.3016418 -0.1495909 -0.2709752 -0.0972731 -0.1440125 -0.0840549 -0.0386507 0.0212850 0.0744739 0.0260114 -0.0848739 -0.0734125 -0.0682404 0.0707485 0.1002133 0.3317751 -0.0506888 -0.1516188 0.1562644 -0.0573470 -0.0506765 -0.1795821 -0.1893509 0.4919721 -0.2966744 -0.0810458 -0.1627722 0.1818629 -0.2789951 -0.0034495 -0.0887187 -0.0003332 -0.4479730 0.0321356 -0.0506516 -0.1652026 -0.3402949 -0.4138433 -0.2979936 -0.3200031 -0.2282686 -0.2071753 -0.2252035 -0.1416802 -0.4260845 0.1238313 -0.1941470 -0.2893590 -0.3474112 -0.1348395 -0.3253437 -0.2622912 -0.2319788 -0.1008431 -0.2850293 -0.4296909 -0.3222890 -0.0167393 -0.0999951 -0.1350847 -0.0323535 -0.0485477 0.2298600 0.2629647 0.5315557 0.3203844 0.2840262 0.0751452 0.3053060 -0.1380497 -0.1760746 -0.4060942 -0.3585155 -0.2197550 0.0158620 0.2892852 0.1598459 -0.2940777 0.4096885 0.3045901 0.1348728 0.1869508 0.0173891 0.3006858 0.2130340 0.2864680 0.2441244 0.5671271 0.2171318 0.2736560 0.1454932 -0.1346321 0.2091684 0.2388805 -0.2157578 0.3133342 0.1550718 0.1828992 -0.0652186 0.3518422 0.2616096 0.5140427 -0.0136016 0.3617311 0.6646940 -0.0679577 0.1571796 -0.0472784
0.6373731 0.4956826 0.1570029 0.3711367 0.4431903 0.5450179 0.0000000 0.2411595 0.6355665 0.2673443 -0.0481657 0.7932997 -0.0462063 0.3828715 0.3850560 -0.1017759 0.2408290 0.0425565 -0.2009523 -0.3953386 0.4117085 -0.1052288 0.2366429 0.1961227 -0.2637900 -0.1264582 0.2823458 0.0650034 0.3571918 -0.0532822 -0.0602212 -0.1940017 -0.0629160 0.1646401 0.1041053 -0.0107389 -0.1708236 -0.0496293 -0.2851266 -0.1516693 -0.0652414 0.1981801 -0.1377222 -0.2309752 0.3748401 -0.0417880 -0.0673827 -0.0568179 0.0223166 0.0407416 -0.0074257 -0.1446098 0.4448597 -0.0360910 0.0786249 0.0154770 -0.0722847 0.1127924 0.1106986 -0.1202621 0.1884657 -0.0075293 0.1621705 0.4055727 0.5397694 -0.0632320 -0.1801580 -0.0536238 0.1472144 0.1030185 -0.2072371 0.5178510 -0.1043036 0.6679129 0.0461048 0.3199561 0.7172057 0.0488070 0.3991911 0.6044328 0.1430706 0.0706258 -0.0666948 -0.1258767 -0.1907416 -0.1051512 -0.4506113 -0.2975902 0.0021808 0.0074485 -0.2414791 -0.5481835 -0.2399782 0.0716406 -0.0662894 0.0208887 -0.1352424 -0.2700515 -0.2165188 -0.3290134 -0.2331419 -0.2674349 -0.2053748 0.0169498 -0.3063269 -0.2111383 -0.0017101 -0.2455608 -0.1482543 -0.1911659 -0.4292503 -0.2328808 -0.2688350 0.1184322 0.0452712 0.0360607 0.1525382 0.1141776 0.1279112 0.3452873 0.0502135 0.0600833 0.1703911 -0.0835209 0.1494704 0.4006120 0.1048765 -0.1332161 0.2006209 -0.1531309 -0.0959442 -0.3024349 0.2407186 0.1266861 -0.2165965 -0.1494653 0.0637492 0.2088106 0.0372219 0.1295327 0.1800706 0.0181180 -0.0538831 0.1975801 0.0262894 0.1593384 -0.0884606 -0.1240319 0.0027368 -0.1371600 0.0333114 0.1726324 -0.1171610 0.1913226 0.0519829 0.2846916 -0.0907993 0.0566995 -0.2344102 0.1108092 0.0641553 0.0184656 0.0938683 0.0555636 0.1640161 -0.0003223 -0.0019493 -0.0237584 0.0078404 0.0870231 0.0139554 0.1471531 0.0937475 0.5649851 0.6565612 0.7166805 0.6543238 0.5188598 0.3423899 -0.0495437 0.0613912 -0.1575822 -0.1492512 -0.0879217 0.1056132 0.3016419 0.1788313 0.3064983 0.6255034 0.6431087 0.3765511 0.5501813 0.3317412 0.3653338 0.3452938 0.4774823 0.4170292 0.4003620 0.3062749 0.3639303 0.2360984 -0.0812408 0.3831985 0.4561081 0.1402884 0.5034751 0.3015075 0.4173761 0.1469219 0.2899437 0.4744314 0.5012841 0.3304580 0.7820410 0.4568014 0.4688480 0.5299937 0.4710629
0.2089428 0.4946256 0.6745760 0.7789701 0.1372058 0.5746936 0.2411595 0.0000000 0.5493988 0.5932307 0.7460494 0.1465397 0.6505166 -0.1646241 0.2156611 0.5085696 0.2036721 0.0802066 0.4187138 -0.1947600 0.3185318 0.6238447 0.4997960 -0.0159784 0.5054940 0.4594598 -0.2352209 -0.3192740 0.5475282 0.0956786 0.3509524 0.1470264 -0.0826250 0.2167842 0.2160395 0.1381422 0.3484611 0.4995909 0.0175299 -0.1328122 0.0619574 0.0654581 -0.0689900 0.0911021 0.4401424 0.4151163 0.0558261 0.0063960 0.5629828 0.2945909 0.1375095 -0.0415430 0.4196431 0.3299690 -0.2318545 0.1652311 0.1790576 0.6961884 -0.0682853 0.1537204 0.6571233 0.1937191 -0.1962322 0.7528604 0.6033048 -0.1038079 0.3328479 0.5063159 0.1132041 0.7312435 0.4788009 0.6052161 0.5165241 0.5636350 0.5693982 0.8307185 0.3882070 0.7696789 0.6283568 0.3707117 0.1114582 0.2204612 0.1893685 0.1997564 0.0853501 0.3850852 0.0070691 -0.2248507 0.2792662 0.1882714 -0.0268741 -0.3255331 -0.1966947 0.2612606 -0.0537234 -0.0502226 -0.2492846 -0.1012560 0.0196066 0.3002995 0.1228415 0.2006564 0.2337079 0.1483644 -0.3270125 -0.0413659 0.1412938 0.0816367 -0.1463421 -0.1344474 -0.2775553 0.0476989 -0.2819673 -0.1747419 -0.2502403 -0.3092161 -0.2626065 -0.3458348 -0.2753396 -0.3257891 -0.2587818 -0.2195751 0.1547916 -0.2018903 0.0430390 -0.1652891 -0.2259869 0.1082138 -0.0585997 -0.1586108 -0.1893216 0.2561368 -0.2479660 0.4875805 0.2461335 0.3907360 -0.0876767 -0.0093114 -0.1450228 -0.1307524 0.2657156 -0.1086407 0.0449576 0.1143729 0.1470659 0.0532574 0.0236400 -0.0411340 0.2164436 -0.3087354 -0.1679069 -0.1953441 -0.0322048 0.1511801 -0.2742441 0.0492254 0.1708470 0.0242065 0.2687472 -0.0212144 -0.3530453 -0.1134809 -0.1133651 -0.0196924 -0.0915610 0.0719057 0.2194382 0.3724479 0.1690542 0.0428987 0.2552950 0.2671899 0.0379298 0.1092502 0.0395433 -0.1407297 -0.0969257 -0.1013080 0.0352907 0.1073584 0.0696805 -0.3067452 -0.2013169 -0.2304594 0.0706096 0.4951360 0.0521023 -0.4054689 0.0571972 0.0099032 -0.3205104 -0.0664353 -0.1884386 -0.0991550 -0.2066846 -0.2723453 -0.2385794 0.2518276 -0.2298563 -0.2791178 -0.1555726 -0.2197302 0.0774017 -0.1735668 0.0898873 0.4904020 -0.3454152 0.0544164 -0.2530497 0.0225464 0.0294731 0.0141954 0.0463880 0.3776857 0.3159495 0.1196203 0.0519493 -0.1937476
0.3945980 0.5535064 0.3660432 0.4889823 0.2590456 0.6164918 0.6355665 0.5493988 0.0000000 0.6480896 0.2883073 0.4370821 0.2841783 0.3260194 0.6074625 -0.0582523 0.3208088 0.2767206 -0.1188406 -0.1075131 0.3202337 0.1552406 0.2344825 0.0624356 0.0626425 -0.0421265 0.1659632 -0.0385750 0.4147499 0.1289001 -0.0184525 -0.0501062 -0.1486552 0.0942536 -0.1590015 0.2492179 -0.1526155 0.1244252 -0.0284321 -0.3148886 -0.0704726 0.2091513 -0.2165423 -0.2177208 0.3060232 -0.1108199 -0.3345599 -0.0156131 0.3277297 0.0286546 -0.1763068 -0.1255233 0.4144273 0.1508700 0.0253594 -0.0308868 -0.2364457 0.4639798 -0.0344235 -0.2270542 0.3481968 0.3314818 0.0785795 0.5920870 0.4958647 -0.1422198 -0.0672839 0.3913563 0.0274762 0.4640121 -0.1158537 0.4825947 0.2166010 0.5639814 0.2090069 0.5909563 0.4883286 0.2319004 0.3296515 0.3274341 -0.1184651 -0.0635664 0.0702291 0.1722560 -0.0505752 0.1213764 -0.1204627 -0.1991423 0.2056262 0.1057610 0.1239208 -0.2019717 -0.1228325 0.0452416 0.0998066 0.3878053 0.0235407 0.0455155 0.0310129 0.0493673 0.0360563 0.0235326 0.0432592 0.0758980 0.0112270 0.1129008 0.1516827 -0.0202393 0.2057660 -0.0910079 -0.1459657 -0.0698860 -0.1323771 0.2837378 0.1665808 0.1754119 0.3339952 0.2259236 0.2187035 0.2212458 0.1746980 0.2826646 0.4399826 -0.1293611 -0.0776027 0.1189991 0.1990038 0.1723632 0.0296140 0.0240170 -0.2527708 0.1162574 0.1852159 0.1836657 0.0718095 0.0766335 -0.1337919 0.2409052 -0.2125675 0.0944033 0.2324597 0.0727616 0.1531866 -0.0556458 0.0479114 0.1454012 -0.0160466 -0.0820347 0.1847311 0.0245230 0.1438449 -0.0604138 0.0765953 0.3575645 -0.1220668 0.1130974 0.3122748 0.1576054 0.2541040 0.2254098 -0.0426264 0.2105948 0.1549404 0.2608871 0.1933010 0.2159944 0.2556544 0.4961221 0.4529717 0.3698733 0.3716198 0.4581135 0.3233132 0.4419651 0.4826347 0.3791544 0.3436380 0.3730578 0.1815328 0.0700616 0.0919855 -0.1283251 -0.0657908 -0.1026205 0.0432014 0.3783530 0.0962857 -0.0026702 0.3270727 0.2784176 0.0274237 0.3217780 0.1865998 -0.0505858 0.0370221 0.0859782 0.0051056 0.0620656 -0.2287081 -0.0348177 -0.3691862 -0.4823269 0.2572293 -0.0294050 -0.1674633 0.2793845 -0.1048332 0.0330001 -0.3900472 -0.1701741 0.2827775 0.1510154 0.1066056 0.3807444 0.2202096 0.1103943 0.2873937 -0.0790392
0.3434508 0.5419872 0.7179773 0.4344066 0.5157825 0.3293257 0.2673443 0.5932307 0.6480896 0.0000000 0.7253537 0.0140402 0.5932068 0.0527167 0.1469456 0.5396736 0.6989143 -0.2858230 0.5218630 -0.0265687 0.2960194 0.6126426 0.5882547 -0.4461151 0.5665153 0.5097253 -0.1801622 -0.2289579 0.0198926 0.1604362 0.4684805 0.4048434 -0.6151344 -0.4053522 0.0515289 0.5422100 0.2877621 0.4950961 0.1283257 -0.1274770 0.2897717 0.2908315 -0.2026719 -0.1660776 -0.0133712 0.3055313 -0.0815364 0.2186036 0.1593568 0.0470841 0.0420911 -0.1412776 -0.0954123 0.2714249 0.2201788 0.3513911 0.0521000 0.6777151 0.3501597 -0.0600480 0.5928213 0.2642347 0.2348432 0.6857925 0.5062803 0.1870743 0.1007251 0.4141748 0.3623825 0.7711626 0.3016193 0.3464156 0.2118109 0.4543652 0.4912407 0.6058086 0.1036054 0.3822034 0.1911699 0.0239623 -0.0478209 0.3043147 0.5098584 0.4953274 0.3496937 0.5689125 0.3360068 -0.2329527 0.6581493 0.2863920 0.0513828 -0.1186561 0.2785038 0.3008718 0.0729287 0.2468439 -0.0290576 0.2868946 0.1992005 0.4515731 0.2482530 0.3716397 0.4485564 0.2922701 0.1277573 0.0941544 0.5584388 0.2754232 0.4462341 0.2864512 -0.0921127 0.3927144 -0.0495739 0.1991882 0.1785985 0.0390602 0.0580145 -0.0498645 -0.0360531 0.0459245 -0.0276608 0.0245360 0.3619982 -0.0163097 0.0147666 -0.1071151 0.1170921 0.4063015 0.1434738 -0.0299165 -0.1249388 0.4552741 0.1445462 0.3505318 0.1460274 0.4330093 -0.0511879 0.2592102 -0.1059730 0.1176240 0.3577004 0.1102609 0.4436040 0.0906455 0.3000776 0.5204341 0.2141682 0.1155304 0.2947145 0.1302018 0.1661532 -0.0557997 0.1252403 0.4591047 -0.1071987 0.1174740 0.3102354 0.3262883 0.4830315 0.2356082 0.1806985 0.1011712 0.2424672 0.1589915 0.2788133 0.4226979 0.4599146 0.4529053 0.3172108 0.2642112 0.3909460 0.3228109 -0.1683794 0.0571723 0.1525708 0.0216792 0.0735490 0.3665389 0.1931923 0.4095500 0.4877281 0.2252396 0.2614644 0.0137355 0.3688672 0.5534127 0.2476107 0.0508338 0.0963421 0.0046779 -0.1241112 -0.0101821 -0.0609530 -0.1542212 -0.0539789 -0.1137027 -0.2764003 -0.1022508 -0.3722846 -0.1723076 -0.5733954 -0.6194881 0.2753166 -0.2605100 -0.0890141 0.1887562 -0.1574790 -0.3102795 -0.5198019 -0.4600736 0.0005652 -0.0648693 0.3785579 0.3339326 0.0314653 0.0844023 -0.1900736 -0.4416768
0.1602162 0.4241931 0.7135038 0.6108425 0.3703534 0.3077306 -0.0481657 0.7460494 0.2883073 0.7253537 0.0000000 -0.1698113 0.8196364 -0.4657129 -0.1046710 0.8348567 0.4575119 -0.4012518 0.8058463 -0.0398252 0.2707512 0.8292143 0.7574398 -0.4691626 0.7637715 0.6346824 -0.4716379 -0.4797555 -0.0501172 -0.0356216 0.6570985 0.4350793 -0.5487720 -0.3741368 0.3347453 0.2165871 0.5378339 0.7592591 0.1589682 -0.0978610 0.3564110 -0.1777048 -0.0051412 -0.0588492 -0.1511146 0.6111186 0.2606586 0.3200247 0.2261888 0.2996475 0.3413487 -0.0764441 -0.1418228 0.3565310 0.0446277 0.5686984 0.3675371 0.7134775 0.2722213 0.3307751 0.7539635 0.3220615 0.1101271 0.7694181 0.5938456 0.2275109 0.4575970 0.4978970 0.4866144 0.8822078 0.6291345 0.5568530 0.4362265 0.5049297 0.7428728 0.6835262 0.1430168 0.7097977 0.3930210 0.1496782 0.1921607 0.3774091 0.4209461 0.3979758 0.2468839 0.4978995 0.2706213 -0.3144887 0.4246801 0.1221340 -0.1232263 -0.2164886 0.1079237 0.3214127 -0.2530990 -0.2452800 -0.2370118 0.1396718 -0.0065511 0.5707423 0.2094291 0.2794381 0.4220746 0.2738690 -0.1698186 -0.1075844 0.3555949 0.2107570 0.0111010 0.1063474 -0.2860045 0.2681104 -0.2199661 -0.1831077 -0.1484430 -0.3349949 -0.3116748 -0.2634401 -0.3379106 -0.2574080 -0.2292157 -0.2685536 0.1618561 -0.0573019 -0.0709670 -0.2761848 -0.0708922 0.1628187 -0.0806308 0.0048866 -0.0626391 0.2947512 -0.0958578 0.4982634 0.1188033 0.4213929 -0.0214853 0.0307359 -0.0752851 -0.0616803 0.2729898 -0.0296291 0.2610401 0.1907877 0.1178380 0.3517845 0.1663499 0.0376490 0.1551809 0.0243821 0.0272989 -0.0914377 0.0636760 0.2630786 -0.0850878 0.1727137 0.2377136 0.1464961 0.4098088 0.1439768 0.0648293 -0.0295640 0.1304187 0.0376004 0.1234043 0.2578527 0.4101359 0.2969286 0.1513737 0.1043984 0.2081964 0.1678620 -0.1885278 -0.0822916 -0.1413779 -0.2801835 -0.1553918 0.0359527 0.1131880 0.3328132 0.2790262 -0.1041065 0.0371791 -0.0307904 0.4664234 0.6032306 0.3052021 -0.2482414 0.0580391 -0.0182923 -0.2405445 -0.1750669 -0.2342865 -0.0647352 -0.1907128 -0.2779688 -0.2697239 0.0747253 -0.1794592 -0.2569961 -0.4270655 -0.3902183 0.1109754 -0.2275828 -0.0005776 0.3399300 -0.2756585 -0.2252868 -0.4471668 -0.2504772 -0.1918085 -0.1800946 0.1666911 0.1453320 0.1832650 0.0006261 -0.2952998 -0.4685621
0.3436352 0.5623396 0.0329127 0.4289536 0.2421566 0.6242103 0.7932997 0.1465397 0.4370821 0.0140402 -0.1698113 0.0000000 0.0588981 0.2460947 0.5701180 -0.2929651 0.0072971 0.1593158 -0.3617023 -0.2448513 0.7235312 -0.1469757 -0.0697493 0.4637866 -0.2451425 -0.2776959 0.5518620 0.2681755 0.5153970 -0.0511094 -0.0769105 -0.1351982 0.2203377 0.3948544 -0.0283513 0.0016448 -0.2828575 -0.0480536 -0.1547158 -0.0485964 -0.1176296 0.2564973 0.0885529 -0.1479813 0.5896363 -0.0086548 0.0520820 -0.1216503 0.0526604 -0.0181391 0.1418777 -0.0427773 0.6719634 0.0872619 0.0701613 -0.0553227 -0.0233530 -0.0487066 0.0680392 0.1002757 0.2089491 0.1741620 -0.1008483 0.2607317 0.4163559 -0.1735899 0.0221678 -0.0443900 0.0025141 -0.0750185 -0.1599600 0.5010258 0.0093617 0.5500565 -0.1240147 0.2673862 0.7172359 0.1124429 0.6352097 0.8338113 0.2545193 -0.0622774 -0.2632163 0.0316934 -0.2033027 -0.0998369 -0.3736167 -0.1196323 0.0108584 0.0965213 0.0269668 -0.2764153 -0.1906416 0.0791772 0.0090922 0.0117637 -0.1242037 -0.3054814 -0.1093474 -0.2882065 -0.0004773 -0.1982444 -0.3254376 -0.0764349 -0.1868251 0.0231823 -0.1202972 -0.2758237 -0.2200258 -0.3321058 -0.2487204 -0.3372783 -0.4724936 -0.2710585 -0.2980997 -0.2158796 -0.1451262 -0.0375595 -0.0956242 0.2831099 -0.1554613 -0.2105222 0.1354119 -0.1933490 0.1343354 0.6159840 -0.0585632 -0.1158163 0.2946752 -0.0885584 0.0440924 -0.3320666 0.0480879 0.2663016 -0.2949204 -0.1967683 0.1443174 0.3882747 0.0770314 0.2770473 0.0422980 0.2576317 -0.2372563 0.2917237 0.0589784 -0.0995953 -0.0657220 -0.1205722 -0.1473225 -0.0317900 0.1145310 0.2198225 0.0920626 0.0090694 -0.0642030 0.3518020 0.0081223 0.0023830 -0.3328069 0.2058967 -0.1622203 0.1190025 0.0048405 0.2231753 0.0088284 -0.2335579 -0.3417050 -0.1155256 0.0696391 0.1652310 0.1115296 0.1409685 0.1091510 0.6031044 0.8171079 0.7364911 0.8052142 0.4002160 0.6072007 -0.1064135 -0.1899459 -0.1529696 -0.0701247 0.0239332 0.1582202 0.1813695 0.1683388 0.1013743 0.4412198 0.3968162 0.5608688 0.4088504 0.0666465 0.6826497 0.5828063 0.6416629 0.5683118 0.4012994 0.4438424 0.5149107 0.3452860 0.1047494 0.2995145 0.5896329 -0.0134852 0.3676660 0.4940526 0.5342766 0.2290283 0.4852363 0.4039372 0.4764512 -0.0498728 0.5600870 0.6392765 0.1563272 0.4112636 0.4878369
0.0025747 0.6751966 0.7474181 0.6414334 0.3040702 0.4414265 -0.0462063 0.6505166 0.2841783 0.5932068 0.8196364 0.0588981 0.0000000 -0.5344628 0.2510495 0.5700711 0.3742579 -0.2512521 0.5907542 0.2055215 0.5463919 0.9002360 0.5514312 -0.1852281 0.8143189 0.4100530 -0.1208727 -0.1937390 0.1089518 0.0838551 0.6709077 0.5177092 -0.3533921 -0.2255707 0.0973517 0.3364852 0.3464243 0.8539656 0.3834089 0.0169759 0.4455821 0.0127266 0.2504648 -0.0152387 0.0450687 0.5817970 0.2638463 0.4771314 0.2389655 0.3559029 0.3755872 0.1812595 0.0145607 0.5872159 0.2078165 0.5622536 0.3618753 0.6675430 0.3922103 0.4370509 0.7877455 0.5693966 -0.0498002 0.6263659 0.5413974 0.2493133 0.6344668 0.5773819 0.5654021 0.7872019 0.7563262 0.4815601 0.5276963 0.4341522 0.7298607 0.7571928 0.1884809 0.7616036 0.5863720 0.2685430 0.3120596 0.2328435 0.4315558 0.5900663 0.2737847 0.6422731 0.4120029 -0.1180330 0.5542793 0.2715752 0.1568708 0.0361602 0.2130422 0.1622131 -0.1052663 -0.0045729 -0.1561111 0.3460638 0.0999952 0.5423528 0.3958802 0.5488041 0.5578232 0.0633533 -0.0667010 0.2922158 0.4823057 0.4635346 0.0618216 0.2024624 -0.0132273 0.3571447 -0.0932009 -0.1731050 -0.0905133 -0.1854488 -0.2462688 -0.0214510 -0.1870082 -0.1426015 -0.1808191 -0.2086417 0.1517610 -0.1015899 -0.2356711 -0.1229165 0.0212530 0.2561398 0.0807641 0.2513483 0.1965712 0.3324981 -0.0470228 0.6279631 0.1155234 0.4143782 0.1515068 0.1872432 0.0313869 0.0258072 0.1382752 0.1002798 0.1130903 0.1747088 0.1917501 0.0786413 0.1641468 -0.0001390 0.0232226 0.1042579 0.1364659 -0.1722865 0.1894133 0.1167921 -0.2150030 0.0409605 0.2951402 0.0675487 0.2793307 0.2191821 -0.0874482 0.0896787 -0.0195647 0.1796424 0.1016106 -0.0120295 0.1471852 0.2368718 0.2919718 0.2386614 0.3041287 0.2773839 -0.1072180 -0.0809480 0.2070225 -0.2323845 -0.0471302 0.0538023 0.3205862 0.2778984 0.0371787 0.0245779 0.3043720 0.2730623 0.5979929 0.5411859 0.3937839 -0.2485204 -0.0437853 -0.1847628 -0.0245820 -0.2637452 -0.3383666 0.1365719 0.0090003 -0.1349439 -0.1974600 -0.0189519 -0.0977341 -0.1814996 -0.4355494 -0.3798682 0.0833433 -0.1479763 -0.1481072 0.0920267 -0.1692925 -0.2545701 -0.4870291 -0.2410981 -0.2705702 -0.1756603 0.0149515 -0.0119343 0.3314331 -0.3798516 -0.4063104 -0.4667313
0.2193964 -0.2473445 -0.2974922 -0.3867788 -0.0030164 -0.2225345 0.3828715 -0.1646241 0.3260194 0.0527167 -0.4657129 0.2460947 -0.5344628 0.0000000 0.1600598 -0.3041958 0.2436200 0.4768201 -0.3315983 -0.2484278 -0.0238634 -0.4853888 -0.2617112 0.1491190 -0.4032167 -0.0623039 0.3132553 0.4960190 0.2386788 0.0964924 -0.5297419 -0.2650681 0.1313098 0.1843272 0.0244917 0.2552974 -0.1196930 -0.4314576 -0.1338960 0.1319503 -0.1066940 0.5231817 -0.2403762 0.2111259 0.2778356 -0.4132022 -0.3366833 -0.2139446 0.1192270 -0.1571984 -0.1878864 -0.0590467 0.1097630 0.0554566 0.0561067 -0.3769665 -0.2503386 0.0748477 -0.0381374 -0.2949200 -0.1528831 -0.1812214 0.0252979 0.0380090 0.0114282 -0.1153973 -0.4550400 0.1016604 -0.3121348 -0.1679089 -0.5636688 -0.2991362 0.0226525 -0.0303061 -0.2810248 -0.0640114 -0.0194558 -0.2855949 -0.1938590 0.0123319 -0.4199180 0.0535144 -0.0282666 -0.1697769 -0.0642590 -0.1245994 -0.2283499 -0.0161909 0.1053082 0.0858134 0.1226557 -0.0125097 0.1405109 0.0509089 0.4874893 0.5135105 0.4344564 0.0275522 0.1333682 -0.4082891 -0.0377205 -0.0488475 -0.2106892 0.2085552 0.3881961 0.1034544 -0.0630781 -0.1453489 0.4802226 -0.0242945 0.1198966 -0.1146919 0.0136821 0.2584792 0.1477133 0.2278521 0.3106051 0.0247967 0.1379407 0.3659719 0.2602536 0.3011464 0.5167235 -0.1637701 0.1945649 0.2275932 0.1828847 0.2418164 0.1677757 -0.0033442 -0.0065157 0.1567380 0.4047577 -0.2491502 0.2450037 0.1150938 0.2216485 0.2308007 0.2842758 0.2619075 0.2365070 0.2142564 0.3977104 0.0830722 0.2649208 0.2066829 0.3221326 0.3566638 0.4196751 0.2439848 0.3151283 0.2300736 0.3265075 0.3225914 0.2347179 0.1696868 0.3317987 0.4614855 0.2716365 0.2539268 0.0505102 0.4199011 0.3520614 0.3605408 0.3320902 0.4533378 0.2731194 0.2553036 0.3366885 0.3663050 0.2820321 0.3423247 0.1122175 0.4258447 0.2160911 0.4840333 0.4159571 0.3653384 0.0809713 0.1377155 0.1903099 0.1535394 -0.0201478 -0.2366309 -0.3422922 0.0297170 -0.1921525 0.3971515 0.0367659 0.1369036 0.1289906 0.3911648 0.2915314 -0.0663010 0.1040819 0.2151439 0.1005015 -0.1459900 -0.1973231 0.0892448 0.0960463 0.1257689 0.3456867 0.1311324 0.0352193 0.0963351 0.1297793 0.2968990 0.3049691 0.0593152 0.5263248 0.1353158 0.0281646 0.3121690 -0.2265624 0.4695653 0.5082832 0.3636587
-0.0154652 0.5687324 0.1487296 0.3760172 -0.0578855 0.6508364 0.3850560 0.2156611 0.6074625 0.1469456 -0.1046710 0.5701180 0.2510495 0.1600598 0.0000000 -0.3880882 0.0059159 0.5483388 -0.4190387 0.1122872 0.3913401 0.0149523 -0.3607654 0.6245232 -0.0828266 -0.5317979 0.6540298 0.3174018 0.5252142 0.3817486 -0.1210554 -0.2224316 0.2561186 0.3970589 -0.5793379 -0.0000471 -0.5418937 -0.1082579 0.0125701 -0.0697308 -0.2812253 0.1297916 -0.0019439 -0.2626506 0.4513100 -0.3600912 -0.3540508 -0.1562575 0.0644384 -0.0039427 -0.2539983 0.0845532 0.5497116 0.1140081 -0.1368258 -0.3666269 -0.3983039 0.0727235 -0.2380664 -0.1260586 0.0735016 0.2807051 -0.2517557 0.1799346 0.1521250 -0.4730666 0.0690394 0.2404270 -0.1975685 0.0282310 -0.1458703 0.3040857 0.2462654 0.3411551 -0.1031532 0.4034378 0.4722028 0.1423850 0.4412493 0.3537275 -0.0436700 -0.3097602 -0.0651205 0.3437516 0.0712699 0.1247309 0.0379859 0.1736102 0.2190840 0.2857682 0.5003277 0.2896038 -0.1071636 -0.2948667 0.3575142 0.3707032 0.1090577 0.1252769 0.2547688 -0.1227303 0.3210422 0.2013286 0.0082597 -0.2469210 -0.0429712 0.5392130 0.0651076 0.1532973 0.1126342 -0.0390641 0.2341303 -0.1003319 0.0645678 0.2549882 0.2049789 0.3597171 0.4096417 0.3965317 0.4425166 0.1961316 0.2083393 0.3689345 0.1440626 -0.0482174 -0.1060962 0.2849172 0.1925037 0.1267909 0.1654725 0.2882891 0.0931753 0.0048015 0.0698946 0.2040842 -0.1225992 -0.1118690 0.0057293 0.2664745 -0.1369099 0.1097336 -0.2289889 0.1231628 -0.3475798 -0.1820656 -0.0022819 -0.3520983 -0.1498522 -0.1946902 -0.2451184 -0.0192605 0.0664467 -0.2693336 0.1342921 -0.1618252 -0.2382195 -0.1425526 0.0651318 -0.0725339 -0.2175252 0.0633713 -0.2433192 0.1457031 -0.2276196 0.2116896 -0.0704235 -0.3223703 -0.3125070 0.1184427 0.2885245 0.2193444 0.1923091 0.2390039 0.2590315 0.3689895 0.6555322 0.4388819 0.3384525 0.2700697 0.1847632 -0.2191873 -0.3532517 -0.2568531 -0.0495165 -0.0665168 -0.1372417 0.0361174 -0.0894208 -0.1492140 0.1994463 0.1267509 0.1317236 0.2994854 0.2261880 0.1527595 0.1511025 0.2468658 0.1809725 0.2334691 -0.1079317 0.1443402 -0.0548649 -0.1526744 0.0558961 0.0334972 -0.5159669 -0.1161335 0.0362742 0.0184993 -0.0995579 0.0627853 0.1530818 0.3374232 -0.3314483 -0.0973993 0.3008347 -0.3819228 0.2879705 -0.0460955
0.2292017 0.1105934 0.6051565 0.3077553 0.4659092 -0.0612878 -0.1017759 0.5085696 -0.0582523 0.5396736 0.8348567 -0.2929651 0.5700711 -0.3041958 -0.3880882 0.0000000 0.5851721 -0.5187921 0.9479417 -0.1582128 0.0865319 0.7369727 0.7557356 -0.5450068 0.6726611 0.6962638 -0.5022017 -0.4268132 -0.2690923 -0.0557494 0.6037741 0.3574642 -0.6069431 -0.4858109 0.4926950 0.1282454 0.6062297 0.6427197 -0.0023335 0.0208947 0.4817958 -0.1970005 -0.0929169 0.0324685 -0.3063687 0.5848077 0.3213216 0.3416203 -0.0066202 0.3658245 0.3575752 -0.1437669 -0.4228519 0.2794483 0.0800255 0.5720159 0.4110955 0.6688224 0.3924619 0.3200379 0.6437259 -0.0336857 0.2365422 0.6576867 0.5299234 0.2988966 0.3165659 0.3904100 0.5286818 0.7526604 0.5728994 0.3258084 0.3518680 0.4305858 0.6691014 0.5045191 -0.0104326 0.6180038 0.2438982 -0.0037454 0.2028152 0.5550586 0.5020616 0.2553121 0.3017880 0.4677797 0.2312646 -0.3631953 0.4234477 0.1080266 -0.3074690 -0.3053507 0.1740858 0.3113179 -0.1983514 -0.3581528 -0.1480977 0.0971656 -0.0172007 0.4651751 0.1545727 0.2426671 0.4169257 0.3676282 -0.1346262 -0.2210276 0.3576599 0.2151891 0.0087272 0.2117140 -0.3055380 0.3290743 -0.1140320 -0.1439102 -0.0799322 -0.3358971 -0.3529463 -0.3783014 -0.4117256 -0.3330411 -0.2618209 -0.2910531 0.0784738 -0.1358434 -0.0695216 -0.4048974 -0.0797450 0.0800110 -0.1523903 -0.0051578 0.0461488 0.2304205 0.0386164 0.2820130 0.0682993 0.3790163 0.0941191 -0.1348884 0.1158025 -0.1448934 0.1959070 -0.1668772 0.3219630 0.2093788 0.0727944 0.3751314 0.2369093 0.1528530 0.1931662 -0.0056291 0.0167964 -0.1149574 0.0055225 0.1891940 0.1405668 0.1123962 0.0948140 0.1853566 0.3226722 0.0852639 0.2298186 -0.0923071 0.1071514 -0.0608528 0.1776216 0.3365055 0.4656827 0.0715220 -0.0443773 -0.0275209 0.0551629 0.0475371 -0.5147454 -0.1332848 -0.3400741 -0.2623909 -0.1793673 0.1096078 0.0176389 0.4273958 0.4750280 -0.0387209 0.0369695 -0.1198519 0.4228564 0.6194424 0.3191516 0.0147060 0.0662826 0.0563387 -0.3063136 -0.1291056 -0.1451416 -0.1012225 -0.3042553 -0.3176014 -0.3289476 0.0901750 -0.1351976 -0.3048826 -0.2488618 -0.1708610 0.1873523 -0.2557231 0.1177199 0.4042819 -0.3067220 -0.2463503 -0.1635593 -0.1785874 -0.1706289 -0.1861015 0.2891452 0.1638418 0.0129424 0.2411328 -0.1818011 -0.3419386
0.4346523 0.2905314 0.4945545 0.0043774 0.5815881 -0.1287974 0.2408290 0.2036721 0.3208088 0.6989143 0.4575119 0.0072971 0.3742579 0.2436200 0.0059159 0.5851721 0.0000000 -0.3475118 0.5720266 -0.2579075 0.2377049 0.4316169 0.5724718 -0.5293387 0.4091142 0.3321857 0.0441590 -0.0163486 -0.3750029 0.1739613 0.3141700 0.3093592 -0.7788167 -0.6912829 0.0961426 0.4376033 0.1315277 0.4145221 0.1861309 0.1387722 0.4572907 0.2195446 -0.1574554 -0.2025447 -0.3019133 0.1616268 -0.1330990 0.3517417 -0.2064129 0.1623920 0.0672511 0.0288978 -0.4947637 0.4090138 0.4437038 0.4090658 -0.0136242 0.6355065 0.6401905 -0.0237407 0.5112891 0.1674398 0.4695999 0.5663096 0.4643301 0.2206240 -0.0256698 0.4272243 0.4951932 0.6674521 0.2036711 0.0969160 0.2580494 0.3880693 0.3975402 0.4594645 -0.0584300 0.2582546 0.0605557 -0.0178833 -0.0187184 0.4244666 0.5590873 0.4582707 0.4023076 0.4618959 0.2366803 -0.3695840 0.6511946 0.2405769 0.0324232 -0.0263129 0.4160032 0.1804671 0.0527128 0.1633659 0.1655041 0.4403891 0.0322380 0.1504913 0.2312206 0.4484544 0.4718316 0.1992047 0.1975927 0.0063478 0.6265135 0.3465929 0.5067302 0.4531460 -0.1334489 0.4241045 0.0020755 0.3083557 0.3543299 0.1615780 0.1526675 0.0791001 0.0110675 0.2153047 0.0208618 0.0836083 0.3518804 -0.2382136 -0.2082904 -0.0863534 0.2496439 0.3415853 0.1764817 0.0585468 0.0006958 0.2824155 0.3854729 0.0534754 -0.0301093 0.2769016 0.1530411 0.2983710 0.1704904 0.2573196 0.1267052 0.1670950 0.4976712 0.2426222 0.2589437 0.5154477 0.3727322 0.2276280 0.1447479 0.3803973 0.4153767 0.0650588 0.2733701 0.2984200 0.1395379 0.1564930 0.3726352 0.4095610 0.3941447 0.4092060 0.3066601 0.2876050 0.3213575 0.3810011 0.3977066 0.4565106 0.4235389 0.1108200 0.2740134 0.3320879 0.1569301 0.2225399 -0.3382032 0.2926893 0.2373657 0.2068887 0.3089259 0.6699589 0.2993555 0.4852740 0.5456650 0.2964165 0.4521162 0.0941039 0.4912764 0.5899867 0.3609641 0.3910684 0.1170384 0.1459989 0.1072104 0.1801173 0.1749217 0.0375779 0.0315397 0.0296254 -0.2268922 -0.1576043 -0.2746690 -0.1246315 -0.5016255 -0.5683864 0.2150193 -0.2529242 -0.0092624 0.2212779 -0.1057888 -0.3170045 -0.2787478 -0.5193410 -0.1644256 -0.0911403 0.3943187 0.2483207 -0.0497378 0.1613976 0.1122078 -0.1459696
