0.0000000 0.6790894 0.5744762 0.2540404 0.2748547 0.2277893 0.6080931 0.2998542 -0.0654370 -0.2222093 -0.0087538 0.6723170 0.2526998 -0.2533051 -0.2110501 -0.0018350 0.0363798 -0.0450712 0.1248544 0.2663519 0.5381576 0.2460127 0.0916172 -0.0613059 0.0818508 0.0185385 -0.0045717 0.0126317 -0.0797171 -0.3455916 0.3192665 0.2412324 0.0182714 -0.2064577 -0.0949966 0.0239190 0.2010773 0.0251853 0.0164613 -0.3276014 0.4399332 -0.3240493 -0.0104935 0.0484067 -0.4733612 -0.2321374 -0.1358664 0.2845701 -0.1089902 -0.2661171 -0.1345808 -0.0584481 -0.2652942 -0.1759874 0.2777846 0.0187359 -0.0729002 -0.1680306 -0.1425646 -0.0814596 -0.1791063 -0.1107210 0.6141989 0.1784525 0.1364832 -0.0359702 -0.0430319 -0.0125043 0.5942564 0.0748259 0.0459240 0.7506587 0.0502433 0.7569944 0.0837819 0.0339903 0.6781698 0.0957287 0.0383168 0.2057045 0.4240071 -0.6146610 -0.4528026 0.0261236 -0.1081936 0.2304782 0.2554486 -0.2486588 0.2169486 -0.1968968 0.1059849 0.3753848 0.2256672 -0.3085305 0.3896933 0.5627979 0.1307200 -0.0649378 -0.1135152 -0.3540432 0.0189334 -0.0661801 -0.0154978 -0.4009521 -0.1621774 0.1670238 0.0324598 -0.1547067 -0.3874963 0.1659803 -0.3758115 -0.1005809 0.0041827 0.0166143 0.0240844 0.0309458 0.0428418 -0.0428022 0.0061450 0.1752901 0.1301779 0.2693489 -0.0465955 -0.1078561 0.1449700 0.4522787 0.1234682 0.1504189 0.3796766 0.0498650 0.0959818 0.0262291 0.1563051 -0.0555038 -0.2518814 0.2105758 0.1309918 0.1978835 0.2291255 0.0542508 0.0910187 -0.1809204 0.5713273 -0.0333747 0.1451690 0.2382087 0.2081281 0.2265511 0.1745313 0.1253578 -0.1636018 -0.0829421 0.1276524 0.1281463 -0.0392909 -0.0048819 0.1803932 -0.0271523 0.2608698 -0.3598250 -0.0114203 0.1806676 0.2333677 0.0093212 0.1038667 -0.0106355 0.1841835 0.2058549 0.2652665 0.4237978 0.1077803 0.1802752 0.2230222 0.4452925 0.6239806 0.7220204 0.6854174 0.6881626 0.4699951 0.0186818 -0.2720729 -0.4131416 -0.3151709 -0.2274457 -0.0025712 0.4038335 0.5327731 0.4869290 0.6883853 0.5993195 0.3378090 0.7009111 0.7280438 0.3721910 0.4108986 0.4526364 0.5440026 0.7919448 0.6873158 0.5158641 0.0502440 -0.0236217 -0.1394721 0.3833174 0.2168503 0.2850700 0.4975583 0.1958345 -0.1619084 0.1557579 -0.2738019 0.4131217 0.1317785 0.0811515 0.2413585 0.2175552 0.1138649 0.0988771
0.6790894 0.0000000 0.3426774 0.2404668 0.0519696 0.4246238 0.6485494 0.1353906 0.1091625 -0.0595623 -0.0623302 0.8215027 0.0952568 -0.2138159 0.0445463 -0.0854089 0.0994370 -0.0116442 0.1635690 0.3790852 0.5779190 -0.1342420 -0.0814386 0.2665156 0.1437954 -0.0314206 0.1401102 0.2017231 0.3817842 -0.1391138 0.0065252 0.1970298 0.3092885 0.1285068 -0.1604175 0.2515028 0.0233789 0.0128050 0.0410399 -0.1529434 0.0847548 0.0627504 -0.0296317 0.2997130 -0.2258614 -0.0677758 -0.1428617 0.1502264 0.2076185 -0.4445835 -0.1395192 0.0602552 0.0535258 0.0487116 0.0128419 -0.0232559 -0.1095216 0.0399821 -0.0722542 -0.0220317 0.0204370 0.0139414 0.2102403 0.3653823 0.3101072 -0.1072634 0.0775593 0.1026916 0.1809178 0.0970428 0.0000534 0.7142090 0.1066102 0.4866736 -0.2100488 0.1039287 0.3536740 -0.1185742 0.0676542 0.1291157 0.0087601 -0.3510120 -0.3143594 -0.2704592 -0.4255722 -0.0001844 -0.2451363 -0.0254622 -0.0985834 -0.0094472 -0.0561212 -0.2231722 0.1970771 -0.0772019 0.1875082 0.1037247 0.1915137 0.0066455 0.1755643 -0.0037011 0.1868111 0.0720841 0.1327923 -0.3067426 0.0821537 0.0384603 0.0784775 0.0013819 0.0864484 -0.1685992 0.1004153 -0.1063899 0.1201327 -0.0714045 -0.2937124 0.0665816 -0.1539311 -0.0898022 -0.1093289 -0.0599754 -0.1446843 -0.0872860 -0.3049222 -0.0061179 -0.1664422 0.1709836 -0.2778469 -0.2047232 0.0627810 -0.2289558 -0.1865751 -0.1211560 -0.1766755 0.1885988 -0.4123675 -0.2292578 -0.2761754 0.1289321 -0.1207358 -0.1240011 -0.1754198 -0.2454755 0.2916649 -0.2375840 -0.1131651 -0.2505257 0.0002010 -0.1138318 -0.0581074 -0.1278777 -0.4097737 -0.4426163 -0.0233534 -0.0625909 -0.3757961 -0.3745341 0.0661687 -0.3847014 0.0747732 -0.4097266 -0.3233906 0.0566127 -0.1062133 0.1324420 -0.3047804 -0.1984626 0.1179712 0.0849663 0.2140095 0.2956074 -0.0839347 0.0175843 0.0742075 0.5110065 0.7798985 0.5715464 0.4819232 0.3741354 0.3215402 -0.0899992 -0.3956262 -0.3812309 -0.1605502 -0.1185915 0.0798793 0.2390664 0.3506664 0.1464291 0.3519459 0.3098759 0.2212003 0.2909699 0.4295504 0.2528301 0.1553790 0.3256386 0.4194932 0.5220916 0.3821126 0.3675663 -0.0196447 -0.0841824 -0.0974314 0.2454884 -0.1948712 -0.0268835 0.3249137 0.4373849 -0.1867723 -0.0486170 -0.2535967 0.0532519 -0.1550987 0.0151857 0.1920479 0.2329686 0.1214561 0.3434181
0.5744762 0.3426774 0.0000000 0.4061786 0.8521537 0.1467477 0.3304273 0.5185199 0.1419890 0.1008903 0.1347880 0.3094243 0.6737526 -0.1416115 0.0391092 -0.0606579 -0.1416861 0.1266585 -0.1019627 0.3401654 0.2860336 0.3446586 0.1259075 0.1640033 -0.1287276 -0.0185371 -0.1564300 0.2780426 0.0901398 -0.2022704 0.4311216 0.1751376 0.2389158 0.0514793 0.1510847 -0.2872478 0.2176987 0.2599733 0.2471889 0.0113068 0.8018043 -0.1963343 0.1293410 0.4281720 -0.1524422 -0.0522829 0.0763936 0.7400470 0.2108656 0.1278123 0.1500662 0.1383781 -0.0025588 0.0024467 0.7104908 0.3148681 0.1286911 0.1365013 -0.5767972 0.1902510 -0.4757812 -0.0042482 0.7429777 0.2111760 0.3243262 0.2679157 0.0704750 -0.0243549 0.7743213 0.1512448 0.1507550 0.3284865 -0.0746026 0.7305761 0.3462660 0.2078409 0.6319802 0.2609821 0.1550277 0.3599252 0.4877685 -0.4360218 -0.3237187 0.1166436 0.1977455 0.4432369 0.4409981 -0.3035394 0.4806031 -0.1138723 0.2352243 0.4009669 0.0844131 -0.5723468 0.5397731 0.4255895 -0.1202212 0.0101833 0.0204331 -0.5483152 0.0597175 -0.0152163 -0.1437625 -0.2006231 -0.2463148 0.3196659 -0.0582333 -0.1370893 -0.3789956 0.2076708 -0.4246300 -0.2358868 -0.2425881 -0.0447249 0.0801584 -0.0791023 0.1732064 0.1186652 0.1538908 0.4135186 0.5515482 0.6983631 0.2212685 0.1012441 0.3980844 0.0695682 0.5807442 0.4363707 0.1702527 0.3356513 0.3965895 0.2622490 0.3795166 -0.0935721 0.2859316 0.4963252 0.3245456 0.3004860 0.3573143 -0.0351539 0.3388829 -0.1615701 0.5852260 -0.0091217 0.3347456 0.3874527 0.3682979 0.4101325 0.3758743 -0.0731931 -0.1557612 0.0455408 0.3137434 0.3262162 0.3516494 -0.0331070 0.1483431 0.3117543 0.3267125 -0.1421615 0.2622114 0.3448412 0.1124430 0.0190749 0.4704268 0.1100647 0.2326154 0.2240426 0.1938995 0.3910992 0.3369831 0.3381364 -0.3569129 -0.2032966 0.0123128 0.2639640 0.3575469 0.2665349 0.2242573 -0.0609539 -0.5293422 -0.6680819 -0.7108525 -0.6204943 -0.5104565 0.7184873 0.1233371 0.7587974 0.4600427 0.2587452 0.2696438 0.4412100 0.1617652 0.0814960 0.1438568 0.0380442 0.1186408 0.2231280 0.4889779 0.1629593 0.0078789 -0.3520410 -0.1950682 -0.0156807 0.4814104 0.4396529 0.2540379 0.0899401 -0.0313504 -0.0056187 -0.2043616 0.1182379 0.6035578 0.1195282 0.3692103 0.3272893 0.2231712 -0.3517918
0.2540404 0.2404668 0.4061786 0.0000000 0.2100258 0.7432071 0.2198076 0.8660979 0.5696428 0.6573762 0.7664493 0.2037470 0.6538161 0.4008014 0.5813204 0.6896347 0.3169074 0.7236615 0.6260676 0.0111214 0.0304886 0.4757003 0.7648354 0.7165524 0.6945391 0.6454509 0.4138631 0.8006031 0.5320663 0.0639516 0.3128916 0.7468579 0.7589061 0.6556004 0.7224549 -0.2977674 0.4309632 0.8093492 0.6742206 0.5623408 0.4336402 0.1610793 0.7624967 0.7247513 0.4476635 0.7391322 0.7255198 0.4619409 0.7667526 0.5066127 0.7308630 0.7546672 0.6472616 0.7893253 0.5337682 0.7610618 0.7501761 0.8089045 -0.6508726 0.7828522 -0.2185031 0.7220976 0.3918492 0.8125750 0.7693286 0.7095671 0.7427852 0.6773879 0.4560246 0.8229183 0.7385130 0.3063523 0.6652130 0.5609696 0.6533914 0.8765037 0.5124091 0.5881839 0.8371191 0.8287458 0.4062842 -0.0650324 -0.4043149 -0.3061311 -0.0124348 0.3079202 0.0809365 -0.2115502 0.2565505 -0.0045008 0.5187529 0.2934199 0.1976567 -0.3483940 0.4205828 0.2221330 0.1996646 0.3339997 0.3612158 -0.3775161 0.2879502 0.2599828 0.0351347 -0.4044547 0.3920411 0.3582623 0.1034131 0.0174890 -0.1018023 -0.0324689 0.2196854 -0.4157146 0.1548585 0.2816471 -0.3852778 0.1634875 -0.1946117 -0.1833307 0.1120783 -0.3102105 0.1601069 0.3053662 0.0352784 0.4636687 -0.3420206 -0.3309410 0.4940119 0.0392456 -0.4643842 0.3272308 0.1340483 0.2961512 0.4685209 0.1385169 -0.0374974 -0.0996460 0.0288100 -0.1504765 -0.2678553 -0.2075001 -0.5443975 -0.2588406 0.0263689 -0.3591994 -0.2697465 0.0892549 -0.3114807 -0.3859801 -0.5971351 -0.7827571 -0.3982579 -0.5944716 -0.3772416 -0.5721840 0.1262860 -0.6124506 -0.6489523 -0.3184590 -0.5016379 -0.0661462 0.2309864 -0.4196232 -0.6653387 -0.0418784 -0.1989430 -0.6809580 -0.5649072 -0.6338074 -0.6042582 -0.5245181 -0.5761521 -0.5676473 -0.4914936 -0.3251205 -0.2268438 -0.0190989 -0.0191392 -0.1747712 -0.1821508 -0.6084838 -0.7037044 -0.6364668 -0.6753192 -0.5829624 -0.6409493 0.5890579 -0.4086720 0.2831874 -0.0382887 -0.1084778 -0.2172531 0.0384312 -0.1318542 -0.4905826 -0.3979356 -0.4491597 -0.1515384 0.0125818 0.5396945 -0.2016813 0.5409810 0.4486903 0.0176574 -0.0680351 -0.1612797 -0.1320463 0.0564035 0.0864898 0.5389906 0.5514165 0.0892836 -0.1104013 0.0584023 -0.0630752 -0.2200687 0.1211359 0.5605487 0.1331677
0.2748547 0.0519696 0.8521537 0.2100258 0.0000000 -0.1786888 0.0818409 0.3146308 -0.0263048 -0.0534913 -0.1182932 0.0656533 0.5634503 -0.2146339 -0.0931271 -0.2929147 -0.3456796 -0.0304178 -0.2609674 0.4588558 0.1560686 0.2536394 -0.0402933 -0.0496589 -0.3133712 -0.1823942 -0.3964090 0.1095597 -0.0623455 -0.2771306 0.5425834 -0.0504427 0.0272590 -0.0915134 0.0124977 -0.4119762 -0.0164968 0.2142572 0.1391508 0.1694306 0.7702231 -0.2587760 -0.0988121 0.3363457 -0.1719712 -0.1602630 -0.0581437 0.7183676 0.0441948 0.1666287 0.0138594 -0.0259375 -0.1455291 -0.1417364 0.6750529 0.2241427 -0.0177560 -0.0017060 -0.5257762 0.0339942 -0.4857649 -0.2134962 0.6857991 -0.0635917 0.1319746 0.1962004 -0.0872108 -0.2831598 0.6886485 -0.1004192 0.0524180 0.0636651 -0.2693064 0.5478174 0.3212322 0.0144338 0.4480130 0.1800819 -0.0482077 0.0957388 0.3119269 -0.4963427 -0.4178920 -0.0282140 0.0909403 0.2314758 0.3939284 -0.4820908 0.3227557 -0.2384459 0.0407442 0.2051487 -0.0206326 -0.7507419 0.2995164 0.2192043 -0.1912227 0.0528237 -0.0356591 -0.7027276 -0.1488500 -0.1689898 -0.3859243 -0.3202520 -0.2994238 0.2329128 -0.3385014 -0.3321724 -0.4828393 0.0597302 -0.4193088 -0.3078383 -0.5181650 -0.1882553 0.0812457 -0.3035180 0.2378511 0.0440952 0.0359883 0.5157201 0.5530989 0.7371236 0.4181763 -0.1271078 0.4571428 -0.0610248 0.5806988 0.4608553 0.1752994 0.2123094 0.2564950 0.0676057 0.3044697 -0.3166004 0.3360228 0.4285334 0.2554958 0.2028899 0.3342259 -0.0860741 0.3883445 -0.2495204 0.4582280 -0.0384499 0.3468244 0.2424911 0.3678713 0.4775602 0.4069577 -0.0140980 -0.1491740 0.1808891 0.2913204 0.3292223 0.4812350 0.0746330 0.1803348 0.4549996 0.3480185 -0.2226610 0.3142435 0.1977897 0.1446722 -0.0498913 0.5062083 0.0808198 0.1523503 0.2319772 0.1960766 0.3059552 0.3685700 0.3877108 -0.4890732 -0.3199115 -0.2398718 0.1201287 0.2572009 0.2408263 0.2137185 0.1698711 -0.4088115 -0.6163725 -0.7112028 -0.6869814 -0.5138232 0.5674186 0.0698520 0.7787692 0.3962684 0.1759060 0.2339961 0.3457642 0.0451546 0.0521356 0.1340257 -0.0048416 -0.0202206 0.0170285 0.2272582 0.0114649 -0.2630962 -0.4579833 -0.4700656 -0.2944074 0.6567662 0.4548081 0.0830024 -0.0181616 -0.1943475 -0.1101158 -0.3466394 -0.0072956 0.7397591 0.1129991 0.4912585 0.1820432 0.1816113 -0.3346843
0.2277893 0.4246238 0.1467477 0.7432071 -0.1786888 0.0000000 0.4856961 0.7357002 0.7975398 0.7764018 0.8093714 0.4230689 0.5084782 0.6234506 0.7306016 0.7155829 0.7228065 0.6790197 0.7635905 -0.1113317 0.0423234 0.2488664 0.6749297 0.8124721 0.7754444 0.7185816 0.6961264 0.7144608 0.7113183 0.3500253 0.1082966 0.7496002 0.7395921 0.7751934 0.6983531 -0.0820971 0.6148864 0.6180034 0.6352236 0.3867082 0.1050192 0.4026088 0.7942158 0.5020438 0.5606698 0.6914234 0.6918752 0.0786372 0.7459570 0.4020988 0.6982261 0.7407595 0.7994703 0.7797457 0.2964717 0.6523981 0.7087980 0.7658337 -0.3351926 0.7780164 0.2289219 0.8489769 0.1020610 0.8794871 0.8669968 0.5321076 0.8003038 0.8482312 0.1637572 0.8457939 0.6705799 0.2892875 0.8028414 0.3781305 0.3511940 0.8497730 0.1942701 0.5125584 0.8619237 0.8497760 0.3429666 0.1008775 -0.2659832 -0.2584266 -0.2239855 0.0343367 -0.0729063 -0.1606672 0.0808695 -0.0636888 0.4070749 0.1196861 0.0392958 -0.1237455 0.4999569 0.3088013 0.0644546 0.2409516 0.3583972 0.0271022 0.4968150 0.1258561 0.1278427 -0.0960651 0.5300937 0.3889197 0.1121801 0.1568653 0.1939854 -0.0295693 0.3357914 -0.3733202 0.2232889 0.3745099 -0.4227204 0.2222031 -0.1775151 -0.1554112 0.0722487 -0.5259374 -0.0704709 0.0168368 -0.3066935 0.4424202 -0.4960582 -0.3014364 0.2139349 -0.1093250 -0.6019803 0.1596177 -0.0186513 0.3103962 0.3143825 0.1993072 -0.2171280 -0.2505605 -0.1876196 -0.2935411 -0.4983716 -0.3114786 -0.5726164 -0.2746796 0.0705314 -0.4636191 -0.4781501 -0.0068577 -0.4737429 -0.5808113 -0.5577609 -0.7155060 -0.4971477 -0.7792314 -0.4501439 -0.5117819 -0.1723859 -0.6908885 -0.4070926 -0.5922251 -0.3495029 -0.0744435 -0.1404769 -0.3173377 -0.6544612 0.0968872 -0.4466700 -0.5668804 -0.3709940 -0.4893465 -0.3507723 -0.3868059 -0.5421206 -0.4834337 -0.2779163 -0.0252702 0.0883299 0.0073415 -0.0747202 -0.1933235 -0.2581410 -0.6178015 -0.5364934 -0.3409467 -0.3623651 -0.2667763 -0.3751164 0.5516129 -0.2383720 0.0803532 -0.1201411 -0.1428177 -0.3862413 -0.0859487 -0.0396375 -0.4166050 -0.4305838 -0.2853152 -0.1546430 0.0384879 0.5750671 -0.1687197 0.4217789 0.3389329 0.2367375 0.2169270 -0.4128638 -0.0641982 -0.1040597 0.4077673 0.4236271 0.4317558 0.2088324 0.0355530 -0.1694498 0.1141531 -0.3263131 0.3168910 0.6181318 0.1944341
0.6080931 0.6485494 0.3304273 0.2198076 0.0818409 0.4856961 0.0000000 0.3211352 0.3611498 0.1162970 0.1733768 0.8607613 0.1695329 0.1535808 0.2432490 0.1460501 0.6069963 -0.0065952 0.2887122 -0.0136244 0.6176807 -0.1802773 0.2430220 0.1869404 0.1864389 0.2617184 0.5127412 0.1034305 0.4652339 0.2413956 -0.0762973 0.2826602 0.0912262 0.2044308 0.0976161 0.2885264 0.3779287 0.1033356 0.1796614 -0.0303966 0.0563574 0.3103584 0.2012034 -0.0018275 0.1300963 -0.1238102 -0.0625114 0.0711402 0.0623318 -0.2278201 0.0496691 0.2115879 0.1755200 0.1195439 0.1998512 0.0954293 -0.0460264 0.0493753 -0.1906729 0.0980765 0.2190682 0.2104304 0.3745297 0.2845558 0.4271083 -0.1387282 0.2388087 0.2046201 0.3711042 0.1823425 0.0125416 0.4005910 0.1340272 0.5351709 -0.1493891 0.1453424 0.4142553 0.0272997 0.1733689 0.3331409 0.2274282 -0.2064063 -0.3160266 -0.0440242 -0.3130967 0.0788656 0.2683400 -0.2796511 0.1790961 -0.0234800 0.2222971 0.1677811 0.1606254 -0.2004268 0.4456941 0.4013353 0.2339492 0.0746737 0.2791022 -0.1249006 0.4494695 0.1491873 -0.0236515 -0.2509232 0.3700691 0.3001088 0.0048171 0.0283740 0.2032323 0.1298125 0.1158312 0.0754751 -0.0535958 0.0874440 -0.0913863 0.0650422 0.1482994 0.0540318 0.0550189 0.0906650 0.0126863 0.0747271 -0.3271966 0.0086633 -0.2314270 0.4367284 -0.0736228 -0.1444141 0.0746497 -0.2267155 -0.2017179 -0.0810669 -0.1293563 0.0052287 -0.3519289 -0.1228773 -0.2843163 0.2693670 -0.0655461 0.1141273 -0.0667387 -0.1132785 0.3710012 0.0144468 -0.2346577 0.0471964 0.1881436 -0.1923780 0.0911798 -0.0363398 -0.1768369 -0.3424940 0.1638700 0.0584170 -0.3414160 -0.1831442 0.1808513 -0.4647710 0.1444909 -0.1448475 -0.4900636 0.1841914 0.0099684 0.2853254 -0.1590697 -0.0786695 0.1517172 0.1731417 0.2944869 0.3605083 0.0063702 0.2103747 0.1800569 0.6392195 0.5809268 0.5886335 0.5625940 0.3792476 0.4381339 -0.0553201 -0.3064171 -0.3915963 -0.2993409 -0.2735338 -0.1707018 0.4422683 0.1938801 0.2940717 0.4306653 0.4385155 0.3699434 0.4318106 0.4965748 0.3479023 0.3726215 0.4534997 0.4740927 0.4814023 0.5073016 0.5613609 -0.0421454 -0.1714267 -0.2979290 0.1219198 -0.2883088 0.0287808 0.4785603 0.2026866 -0.1157941 -0.0868545 -0.3854324 0.3493149 -0.2855568 0.1356426 0.2378684 0.0647321 0.4798534 0.2999915
0.2998542 0.1353906 0.5185199 0.8660979 0.3146308 0.7357002 0.3211352 0.0000000 0.6079534 0.6602166 0.7971219 0.1761809 0.8696670 0.3852050 0.4809954 0.6814007 0.4083745 0.5946702 0.6501939 0.0865581 -0.0287388 0.5433010 0.7174155 0.6019138 0.6581763 0.6291979 0.3893702 0.6649068 0.4076764 0.0591680 0.4659704 0.7792526 0.6119969 0.5630053 0.7616872 -0.3485343 0.5834512 0.8500328 0.6863546 0.4948470 0.6231965 0.0452378 0.7805125 0.6087838 0.3747647 0.6818806 0.7828073 0.5547464 0.6281796 0.6114573 0.8055540 0.7651130 0.5506843 0.7276014 0.7298466 0.8811539 0.8084257 0.7170257 -0.7339474 0.8247242 -0.2525784 0.7402611 0.5618237 0.6810220 0.7902932 0.7539291 0.6978450 0.6220025 0.6593176 0.7958578 0.7269970 0.1682793 0.6141667 0.6400550 0.7096885 0.8457634 0.5163245 0.7328903 0.8408864 0.9112563 0.6471338 -0.0295000 -0.3393912 -0.2870356 -0.0163016 0.3015140 0.2272468 -0.2392093 0.2846341 -0.2184191 0.5282186 0.4215439 -0.1746092 -0.4077220 0.6051505 0.4982197 -0.0663872 0.0766452 0.1396397 -0.3647643 0.3763308 0.0544421 0.0108984 -0.1911461 0.2704073 0.4312042 0.0482819 0.0236457 -0.2599030 -0.0141401 -0.0657741 -0.5617947 0.1029600 0.2838484 -0.3959248 0.1147376 -0.1040167 -0.1861598 0.0653326 -0.2348445 0.2963484 0.4158988 0.0305729 0.4481962 -0.2935595 -0.2135901 0.6763418 0.1268031 -0.4970940 0.3674940 0.1206852 0.2479209 0.5842055 0.0910222 -0.0520329 -0.0075321 0.0001620 -0.2245142 -0.2657228 -0.2544745 -0.4206713 -0.2846876 0.2815857 -0.2539289 -0.3341111 0.2015990 -0.2869880 -0.3601219 -0.3951936 -0.6969582 -0.3376310 -0.5481764 -0.3458993 -0.4155183 0.2149532 -0.5177428 -0.4317590 -0.3037245 -0.2670879 -0.0122877 0.1871530 -0.2918202 -0.5879172 -0.0010308 -0.0825321 -0.5635654 -0.4355565 -0.4756075 -0.4060127 -0.3730118 -0.3914231 -0.3375872 -0.3994993 -0.2701235 -0.2310666 -0.0285427 0.0220125 -0.1343400 -0.1536427 -0.5758775 -0.7569303 -0.6164875 -0.7291568 -0.5996352 -0.7106753 0.7798871 -0.3053085 0.4933946 0.0725969 -0.0328377 -0.2544854 0.1878548 -0.0228688 -0.4575241 -0.3160153 -0.3571820 -0.1071251 0.0744561 0.6913681 -0.1148330 0.4754163 0.3013106 0.0781331 0.1004306 -0.0117288 0.0777009 0.0488452 0.3040708 0.4218033 0.5602775 0.1950340 0.0822470 0.2103809 0.1440468 -0.2115034 0.4035012 0.6151899 -0.0390452
-0.0654370 0.1091625 0.1419890 0.5696428 -0.0263048 0.7975398 0.3611498 0.6079534 0.0000000 0.7991305 0.7123331 0.1960767 0.5051509 0.7243337 0.9063745 0.4695412 0.7652015 0.6695824 0.4486407 -0.2348064 -0.2252685 0.2171774 0.6674440 0.7704266 0.4996768 0.5581924 0.6321598 0.5995718 0.6306883 0.4334495 0.0539375 0.4592858 0.6317443 0.7647173 0.7237665 -0.3768695 0.5166689 0.5397861 0.5701632 0.5224449 0.0355439 0.4549881 0.7825878 0.4029216 0.6980862 0.5855327 0.5479937 0.0514536 0.7102165 0.4937936 0.6329011 0.7621233 0.8508825 0.6915998 0.3974939 0.6505900 0.5816720 0.7117310 -0.4580804 0.6956536 0.1293348 0.7668077 0.0798122 0.7810791 0.8747219 0.3584102 0.6385919 0.6396293 0.0048537 0.7086633 0.4570389 0.0217651 0.5410354 0.1575316 0.2267919 0.7646135 -0.0194023 0.4366712 0.7413262 0.7704090 0.2640697 0.1706601 -0.1539402 0.0401371 -0.0561375 0.0454909 0.1724149 -0.2746670 0.2639758 0.1043978 0.4611740 0.2136135 0.0537893 -0.1877511 0.5458523 0.1591855 -0.0766440 0.5120962 0.5896962 -0.0150724 0.4672025 0.2017657 -0.1144821 0.0459278 0.4676074 0.5115904 -0.1053256 0.1238385 0.2717322 0.1796668 0.4431079 -0.2903101 -0.1092690 0.4034575 -0.1797803 0.0167307 0.0177419 -0.0574409 0.1420151 -0.3944772 0.0498371 0.1988514 -0.1496738 0.3965689 -0.3258881 -0.4551030 0.3816590 -0.0010051 -0.6948803 0.2273412 0.0159736 0.4580732 0.3424446 -0.0805619 -0.0036144 -0.0468112 -0.1795552 -0.3853394 -0.4981117 -0.3911785 -0.3851696 -0.3243531 0.0956285 -0.5665627 -0.4785839 0.1519355 -0.4971733 -0.5516492 -0.4223207 -0.5687211 -0.4526066 -0.6649960 -0.3890800 -0.2897992 -0.0405923 -0.6745728 -0.1231167 -0.4452055 -0.1157753 0.1276080 -0.1157981 -0.1582197 -0.5244468 0.3745128 -0.3108474 -0.4146905 -0.2074751 -0.3697438 -0.1822906 -0.2603628 -0.3279454 -0.3081881 -0.4420687 -0.1916671 -0.2239597 -0.2995802 -0.3459552 -0.4323571 -0.5131386 -0.7011895 -0.3533416 -0.4213838 -0.4686407 -0.4125092 -0.6017173 0.5676124 -0.5525081 0.0111411 -0.3155215 -0.4189478 -0.4496476 -0.3465066 -0.3200467 -0.5979585 -0.5811132 -0.4920427 -0.4715012 -0.2380317 0.3888686 -0.4227839 0.2850399 0.1100600 0.2336205 -0.0335498 -0.2812298 0.1031704 -0.3858944 0.2411913 0.5205231 0.2684855 0.2082392 0.0409034 -0.0329657 0.1944831 -0.2518224 0.3151033 0.7231598 -0.1386294
-0.2222093 -0.0595623 0.1008903 0.6573762 -0.0534913 0.7764018 0.1162970 0.6602166 0.7991305 0.0000000 0.8791147 -0.0721908 0.4750990 0.6791959 0.7625688 0.7287339 0.6465869 0.6780362 0.5537695 -0.1737650 -0.3604815 0.2344123 0.7531659 0.7872248 0.6427453 0.7642459 0.6001651 0.7348770 0.6254505 0.5175384 0.0391001 0.6412174 0.7359786 0.8248021 0.8634733 -0.2998116 0.5975491 0.6696386 0.8628013 0.6450775 0.1478497 0.4057600 0.8821902 0.6217267 0.7675040 0.7638291 0.8152511 0.2246895 0.8357429 0.7088900 0.8321063 0.8453639 0.8619778 0.8452864 0.3368692 0.6654461 0.7880895 0.9010244 -0.3872165 0.8797542 0.1838976 0.9091720 -0.0243288 0.7263407 0.7087546 0.6705092 0.8229127 0.8108224 0.0906059 0.7993032 0.7639844 -0.2330689 0.7496645 0.0359305 0.5613165 0.8048046 -0.1018134 0.6957844 0.8350122 0.7510380 0.2969132 0.3621549 0.0364262 -0.0337581 0.1824706 0.2212120 0.0672031 -0.0484551 0.2626652 0.1423013 0.4537130 0.1414923 -0.0037847 -0.0551881 0.3910137 0.0515687 0.0324246 0.1943009 0.4618376 0.0699508 0.5023057 0.2462427 0.1350976 0.0922686 0.5086848 0.3885689 0.1695902 0.2051338 0.3377716 0.0739898 0.4267565 -0.2922967 0.0970023 0.2833802 -0.2349511 0.2706778 -0.0869742 0.0527733 0.2460069 -0.4335053 0.0817300 0.1008076 -0.1288579 0.5407749 -0.3586265 -0.5637458 0.3039000 0.0051249 -0.7389082 0.2894836 0.0461264 0.3962103 0.3112719 0.2806471 0.1592107 -0.1189130 -0.0291946 -0.3076130 -0.4688076 -0.3583763 -0.3273347 -0.1768909 -0.1558724 -0.3544787 -0.3916810 0.1340875 -0.4116794 -0.4754564 -0.4237239 -0.7095558 -0.3772177 -0.5475721 -0.3775399 -0.3477830 -0.0378601 -0.4865142 -0.4800926 -0.3225124 -0.4313270 0.0994220 0.0248218 -0.3370941 -0.6090498 0.0533187 -0.2422044 -0.3657459 -0.3196674 -0.4567314 -0.4445203 -0.4778957 -0.3571511 -0.4050901 -0.5389191 -0.5000227 -0.4630393 -0.4519308 -0.4706793 -0.5933888 -0.5400950 -0.6912079 -0.4880233 -0.2925615 -0.4150796 -0.3671106 -0.4676195 0.4065591 -0.4832664 -0.0101030 -0.4336807 -0.4742873 -0.5042960 -0.3857429 -0.4759626 -0.6213329 -0.6236984 -0.6105331 -0.5403210 -0.4655589 0.1989537 -0.5087230 0.5545003 0.3770342 0.2938876 -0.1349522 -0.3437945 -0.2003691 -0.3795189 0.1512404 0.6998796 0.3720939 0.2986461 -0.2632796 -0.0220249 -0.1244656 -0.4120982 0.1481855 0.6043490 0.0319951
-0.0087538 -0.0623302 0.1347880 0.7664493 -0.1182932 0.8093714 0.1733768 0.7971219 0.7123331 0.8791147 0.0000000 -0.0084626 0.5370673 0.6259887 0.6908449 0.9133254 0.6526828 0.7010025 0.7198820 -0.3268415 -0.2202749 0.4101714 0.8500768 0.6951525 0.7749833 0.8541438 0.6779221 0.6719479 0.5282727 0.4463276 0.0688190 0.7839643 0.6410175 0.7058925 0.8825603 -0.1773333 0.7273956 0.6974256 0.7459932 0.5022728 0.1731413 0.3620578 0.8979490 0.4988569 0.6889837 0.8012683 0.8623187 0.1468370 0.7236969 0.7011607 0.8876846 0.7777481 0.7700570 0.8505291 0.3361544 0.6888858 0.8598950 0.8710281 -0.3802700 0.8877572 0.1316435 0.9404691 0.0496739 0.7836096 0.7288590 0.7454736 0.8674646 0.9065368 0.2333093 0.9354904 0.8124674 -0.0514876 0.8148531 0.1890666 0.6722913 0.8864428 0.1439468 0.6509586 0.9057528 0.8613868 0.3569823 0.3520615 -0.0248922 -0.0174846 0.2273806 0.3675134 0.1150109 -0.0088217 0.3282169 0.1220574 0.4957887 0.3346956 0.0636049 -0.0395229 0.4438249 0.2834971 0.0430756 0.1923340 0.3226109 -0.0211833 0.5378142 0.3056166 0.2588177 0.0619116 0.4829190 0.4287626 0.3407204 0.2671721 0.1217541 0.1902899 0.2399891 -0.2485208 0.3117043 0.4908530 -0.1819750 0.4569945 0.0004357 0.1002355 0.3826617 -0.3499246 0.2225964 0.1944378 -0.1851406 0.6816609 -0.2910664 -0.3877977 0.4258744 0.0331705 -0.5836484 0.4630755 0.2437178 0.4140940 0.4861659 0.3045120 0.0588427 -0.0525312 0.1315952 -0.2041258 -0.2952028 -0.1140740 -0.4448869 -0.0102721 -0.1260551 -0.2029408 -0.2880643 0.2148332 -0.3265275 -0.4064443 -0.5037699 -0.6958739 -0.2387026 -0.4877896 -0.3266899 -0.4426434 0.1276004 -0.4804371 -0.6047476 -0.3250491 -0.5068590 0.1244009 0.1806774 -0.3248528 -0.6393864 -0.0727427 -0.1459501 -0.4544628 -0.4446830 -0.5546317 -0.5684921 -0.5547987 -0.4527734 -0.4931223 -0.3089126 -0.4025510 -0.3754652 -0.3002908 -0.3053503 -0.4393344 -0.4211977 -0.6989161 -0.4525907 -0.2608247 -0.3724928 -0.2912743 -0.4366245 0.4250280 -0.4199131 0.0022684 -0.3378958 -0.3235543 -0.3947489 -0.2232100 -0.3302394 -0.5200576 -0.4827761 -0.5319849 -0.3653505 -0.2466552 0.3940850 -0.3343360 0.5878251 0.4702780 0.3617744 0.0755616 -0.3104934 -0.1373009 -0.1279319 0.0511953 0.6761291 0.5090991 0.3818836 -0.0698439 -0.1053784 -0.0116785 -0.4077901 0.1352613 0.5278656 0.0182918
0.6723170 0.8215027 0.3094243 0.2037470 0.0656533 0.4230689 0.8607613 0.1761809 0.1960767 -0.0721908 -0.0084626 0.0000000 0.1326145 0.0930407 0.2054473 0.0245537 0.3510509 0.0685011 0.2691843 0.0770648 0.8354917 -0.1554399 0.0999656 0.2723748 0.1592614 0.0973106 0.3408253 0.2100461 0.5166548 0.0349517 -0.0890429 0.2402609 0.2046031 0.1916961 -0.0718593 0.4041441 0.1493614 0.0093793 -0.0281065 -0.1594521 0.0219901 0.3306680 0.0554875 0.0318960 -0.0140806 -0.1354716 -0.1458076 -0.0101313 0.0930057 -0.4007992 -0.0945035 0.0308190 0.1459142 0.0006220 0.1496348 0.0289280 -0.1085931 -0.0235577 -0.1316868 -0.0087941 0.1550858 0.0526920 0.3452931 0.3295093 0.3945289 -0.1567015 0.0962189 0.1366546 0.2660692 0.1019674 -0.0747083 0.6916168 0.0573405 0.5926311 -0.3220587 0.1095961 0.5247440 -0.2281483 0.0927598 0.2075272 0.1167785 -0.4351233 -0.5061493 -0.2134151 -0.4972185 -0.0141650 -0.0241699 -0.2756625 0.0705950 -0.0408023 0.1383963 -0.0609875 0.3136441 -0.2078497 0.3431728 0.3843219 0.3202250 0.1966388 0.2360803 -0.1690212 0.2446334 0.1236306 0.0157443 -0.4004729 0.2790049 0.2776981 0.0180959 0.0240645 0.1502541 0.0414067 0.1162420 0.0716521 0.0435755 0.0917639 -0.0966461 0.0065644 0.0638415 -0.0006759 -0.0331633 0.0948079 -0.0886207 0.0253409 -0.3198069 -0.1077615 -0.1820754 0.4424770 -0.1796881 -0.1865229 0.1768179 -0.2859818 -0.1533103 -0.1260195 -0.2112859 -0.0450462 -0.5081147 -0.1852687 -0.3153752 0.2922019 -0.0446707 0.1427074 -0.1719340 -0.1521944 0.3391532 -0.1132817 -0.1561776 -0.0416923 0.1321442 -0.1370936 0.0016550 -0.0488955 -0.2758133 -0.3721034 0.0815869 -0.0197977 -0.3449790 -0.2704396 0.1465987 -0.3460977 0.1685017 -0.2954484 -0.3710759 0.1163209 0.0443311 0.1267838 -0.1839257 -0.1530414 0.1149750 0.1736451 0.2793526 0.3432967 -0.0509287 0.1431669 0.0905115 0.6893144 0.7687425 0.8063121 0.7490865 0.5945826 0.6028597 0.1048734 -0.2858677 -0.3430750 -0.2202893 -0.1543509 -0.1025330 0.3662338 0.2387957 0.2927004 0.5359250 0.5775519 0.4624041 0.5216376 0.6391480 0.4683928 0.4424384 0.5947855 0.6291213 0.6746580 0.5475788 0.6232010 -0.1840565 -0.2129333 -0.3030362 0.3021769 -0.1814460 0.1119924 0.5357485 0.3088456 -0.3194827 -0.1167311 -0.4317318 0.4124731 -0.2341313 0.2249970 0.3581299 0.0335138 0.2910514 0.3839239
0.2526998 0.0952568 0.6737526 0.6538161 0.5634503 0.5084782 0.1695329 0.8696670 0.5051509 0.4750990 0.5370673 0.1326145 0.0000000 0.2698745 0.3790698 0.3705266 0.1482733 0.4777304 0.4192717 0.2981430 -0.0128089 0.6198902 0.4608613 0.5045518 0.3976751 0.3225828 0.1183445 0.5528982 0.2831749 -0.1076787 0.6070564 0.6029217 0.5123916 0.4017967 0.5887185 -0.4309053 0.4418967 0.7519420 0.4878542 0.3363046 0.7875546 -0.0924841 0.5877339 0.5381262 0.1652339 0.5351466 0.6484684 0.6361655 0.4981159 0.5795782 0.6600231 0.5757510 0.3927977 0.4577482 0.8971389 0.8644344 0.6999135 0.5070411 -0.8100625 0.6897812 -0.4491521 0.4935580 0.6756941 0.4976529 0.7146361 0.6972321 0.4522732 0.3617701 0.6831175 0.5761547 0.5345346 0.1592678 0.3600928 0.6723769 0.5554048 0.6901005 0.5090994 0.5723364 0.6677945 0.7682814 0.6911696 -0.2018461 -0.3901535 -0.2737244 -0.0657408 0.2582058 0.1773445 -0.2992487 0.3305474 -0.3068792 0.4561044 0.3148628 -0.3126215 -0.5250562 0.6973453 0.5742915 -0.2823133 0.0763091 0.0430736 -0.4214090 0.2130373 -0.1166011 -0.0592735 -0.0670036 -0.0118318 0.5039153 -0.0872308 0.0501446 -0.3893544 0.0195008 -0.2667683 -0.6392938 -0.0132253 0.2705305 -0.2937256 -0.0633456 0.0148937 -0.1550775 -0.0015532 -0.0460389 0.4386388 0.6143870 0.1982301 0.2932675 -0.0426498 -0.2394440 0.8136060 0.2835760 -0.4248016 0.4046720 0.2197985 0.2124002 0.6231723 -0.1066061 0.0045430 0.1767637 0.0081315 -0.2554799 -0.1763628 -0.3146526 -0.2479700 -0.3828022 0.5161282 -0.3227723 -0.2218966 0.2826537 -0.2445218 -0.1726376 -0.1730363 -0.5423625 -0.3050123 -0.4066161 -0.2842263 -0.2075159 0.4118221 -0.4223338 -0.1356406 0.0039162 0.0676179 0.0208664 0.3317961 -0.1044878 -0.4005446 0.0498952 0.1543810 -0.3909710 -0.2655855 -0.2681559 -0.1782640 -0.1690212 -0.1484019 -0.1071632 -0.5311063 -0.3437440 -0.2542870 -0.0110036 0.0888726 -0.0490934 -0.0842284 -0.4050440 -0.7566207 -0.6299361 -0.7720659 -0.5994692 -0.7922961 0.8637050 -0.2900343 0.6841788 0.1889612 0.0303018 -0.2229841 0.2633397 -0.0005857 -0.4130423 -0.2832181 -0.2894810 -0.1026533 0.0953290 0.6977446 -0.1350280 0.2059277 0.0143436 0.0994303 0.1984047 0.3184882 0.4056250 -0.0377753 0.4318717 0.1909298 0.4474241 0.2552553 0.1617915 0.5358974 0.3676579 0.0046657 0.6170152 0.5290437 -0.2930683
-0.2533051 -0.2138159 -0.1416115 0.4008014 -0.2146339 0.6234506 0.1535808 0.3852050 0.7243337 0.6791959 0.6259887 0.0930407 0.2698745 0.0000000 0.8303324 0.5596635 0.7010676 0.7451525 0.5071884 -0.5390340 -0.0734361 0.1855906 0.6197119 0.6461876 0.4785791 0.6101384 0.6540606 0.5614111 0.5633566 0.5407786 -0.0751791 0.4128866 0.4559161 0.6821769 0.6372298 -0.0777233 0.4992472 0.3559139 0.3865444 0.3487731 -0.1470072 0.6062162 0.6626961 0.0465940 0.7649215 0.5098839 0.5476242 -0.2836816 0.4837761 0.4789778 0.5692629 0.4753225 0.7963422 0.5185922 0.2238297 0.4791049 0.5641461 0.5379396 -0.1618833 0.5856236 0.3888193 0.6443625 -0.0724452 0.5547327 0.6110090 0.3433339 0.5903654 0.6491243 -0.1374151 0.5817441 0.4103605 -0.0613487 0.5779074 0.0732148 0.1291985 0.6106357 -0.0013010 0.2854318 0.6538796 0.6266054 0.2537515 0.1553586 -0.2447645 0.0097132 -0.1091791 -0.1718967 0.1033547 -0.3884088 0.1630915 -0.0549008 0.4137221 0.1893079 0.1765857 -0.1559931 0.3856787 0.2607959 0.0316663 0.5001944 0.3445670 0.0135740 0.2441348 0.0618273 -0.1221468 0.0298994 0.5346547 0.4362979 -0.0973729 0.1457504 0.3382244 0.1843285 0.3670886 -0.0697174 -0.0075037 0.4612072 -0.0450865 -0.0028173 0.0348169 -0.0750129 0.1052762 -0.3684906 -0.0660929 0.0867022 -0.0710999 0.2173003 -0.2965515 -0.2419132 0.3049580 0.1125991 -0.4120877 0.2042017 0.1658550 0.5073992 0.3025057 -0.1826039 0.1053841 0.0294883 0.0048668 -0.1850204 -0.2797352 -0.0703078 -0.3162251 -0.0665861 -0.0527316 -0.3321122 -0.2843199 0.2757152 -0.3234329 -0.3979935 -0.3730346 -0.3964028 -0.1523110 -0.3635421 -0.2495865 -0.3360025 0.0287868 -0.3115791 -0.2059330 -0.1718249 -0.1702011 0.2464316 0.0192973 -0.1505720 -0.3162078 0.1010612 -0.1431597 -0.2495413 -0.3048873 -0.3539942 -0.2780773 -0.3861423 -0.3896727 -0.3482392 -0.3470325 -0.1839360 -0.2882068 -0.1176339 -0.1707753 -0.1961017 -0.2197654 -0.2448910 -0.0453552 0.0425529 -0.1583469 -0.0777905 -0.4310205 0.3860097 -0.4939318 0.0398855 -0.1516937 -0.1176817 -0.3262933 -0.1651985 -0.1545844 -0.3249073 -0.2947086 -0.2041424 -0.2770647 -0.1930805 0.3328731 -0.2481383 0.1354753 0.1296924 0.1092362 0.0762264 -0.2471730 0.1486984 -0.2366633 -0.0126127 0.2961298 0.2225682 0.1386266 0.2391587 -0.0658750 0.3008579 -0.1795287 -0.0597172 0.5445565 -0.0372316
-0.2110501 0.0445463 0.0391092 0.5813204 -0.0931271 0.7306016 0.2432490 0.4809954 0.9063745 0.7625688 0.6908449 0.2054473 0.3790698 0.8303324 0.0000000 0.5165046 0.6775460 0.7900042 0.4553460 -0.4290233 -0.0637230 0.1768406 0.6710747 0.8410096 0.5046459 0.5636282 0.6800751 0.6962359 0.7599835 0.5035113 -0.1483187 0.4384305 0.6819433 0.8282006 0.6837321 -0.1534265 0.4326657 0.4759186 0.4551211 0.5012139 -0.1295127 0.6959331 0.7352388 0.3667048 0.8314435 0.6254325 0.5394150 -0.1079418 0.7429986 0.4227131 0.6182589 0.6492511 0.9374190 0.6854073 0.2729509 0.5518652 0.5705285 0.7344338 -0.3814634 0.6694109 0.1941351 0.7354171 -0.0782726 0.7945616 0.8286854 0.3617321 0.6524889 0.6868645 -0.1523289 0.6993602 0.4140000 0.0605507 0.5272350 0.0807598 0.1313596 0.7538079 0.0240164 0.2146623 0.7135615 0.6893788 0.0877383 0.2155770 -0.1826874 0.0160862 -0.0648112 0.0706686 0.0163830 -0.2366790 0.2690014 0.2418396 0.4481929 0.0741264 0.2987480 -0.1165835 0.4162821 0.0511235 0.0632674 0.6652457 0.6564787 0.0038074 0.4037623 0.3786842 -0.0014335 0.0056655 0.5488848 0.4936037 0.0297199 0.2424055 0.4229791 0.1979301 0.5556588 -0.1019840 0.0320264 0.4976037 -0.1025640 0.1200191 0.0447361 0.0337795 0.2469063 -0.3272943 0.0464976 0.1660808 -0.1886319 0.4581821 -0.2937192 -0.4341083 0.2972710 -0.0412635 -0.5812068 0.2678641 0.1628882 0.5011366 0.2753299 -0.0386122 0.0393143 -0.0514808 -0.0971223 -0.1832159 -0.3717896 -0.1642221 -0.4287884 -0.1326607 -0.0944334 -0.4850484 -0.3460249 0.1621980 -0.3805172 -0.4910438 -0.4808580 -0.5657527 -0.3384716 -0.5760706 -0.2887560 -0.3519088 0.0136274 -0.6405183 -0.2755530 -0.3150193 -0.2274818 0.1861220 0.0236758 -0.1575175 -0.5171219 0.2240388 -0.2217996 -0.4038588 -0.2998761 -0.4216348 -0.3191749 -0.3739078 -0.3938249 -0.3882319 -0.4967149 -0.2493121 -0.2606834 -0.2329341 -0.2807565 -0.4093172 -0.3911670 -0.5588974 -0.2626266 -0.2798290 -0.3424754 -0.2769383 -0.5803814 0.4292969 -0.6846222 -0.0887350 -0.3476583 -0.3637164 -0.3086865 -0.3876483 -0.3809199 -0.4794088 -0.4873675 -0.4329385 -0.4038605 -0.2813070 0.2695598 -0.3708683 0.2069271 0.0854896 0.1919407 -0.0481139 -0.3555662 0.0314736 -0.2649402 0.0289544 0.4589548 0.1643078 0.1621283 0.0451092 -0.1365509 0.1985478 -0.1656322 0.0471681 0.6031915 -0.0775828
-0.0018350 -0.0854089 -0.0606579 0.6896347 -0.2929147 0.7155829 0.1460501 0.6814007 0.4695412 0.7287339 0.9133254 0.0245537 0.3705266 0.5596635 0.5165046 0.0000000 0.5864144 0.5938275 0.8417702 -0.3641371 -0.0797933 0.3582866 0.8337832 0.5650137 0.8689880 0.8824724 0.6573245 0.5823528 0.4856295 0.3822459 0.0254449 0.8552765 0.5346300 0.6172754 0.8038638 0.0562367 0.6671421 0.6692381 0.6340527 0.3652791 0.0747722 0.3367776 0.8209677 0.3494334 0.6127613 0.7870467 0.8510353 0.0319750 0.5698816 0.6184215 0.8361920 0.6508892 0.6330926 0.7446874 0.2024122 0.5850069 0.8207099 0.7362577 -0.2355539 0.8269775 0.2215245 0.8648913 -0.0217381 0.6257409 0.5639448 0.7080714 0.8487956 0.9002745 0.1916581 0.8317992 0.7872839 -0.0594684 0.8187382 0.1468910 0.5905593 0.7651850 0.1516777 0.5328636 0.8173355 0.7128166 0.3058078 0.3067623 -0.0434823 -0.1458793 0.1438486 0.3447747 0.0008513 0.0671818 0.2559431 0.1003281 0.5238171 0.2713639 0.0756810 0.0751323 0.3412099 0.3233696 0.2342827 0.0806524 0.2235580 -0.0008542 0.4741541 0.3105218 0.3787715 -0.0124194 0.5566132 0.3596628 0.4312649 0.3166302 0.1549138 0.1301671 0.2557721 -0.1612799 0.4889395 0.4460274 -0.1899037 0.5266332 -0.0640677 0.0808142 0.3394019 -0.3842482 0.0756111 -0.0000511 -0.2213810 0.5695072 -0.4158387 -0.2109487 0.2309635 -0.1431189 -0.4912097 0.3002044 0.1286577 0.1536586 0.3182632 0.3342060 -0.1540498 -0.2381269 0.0226932 -0.1556382 -0.3188744 0.0429060 -0.5271593 0.0871917 -0.2265206 -0.0748334 -0.3472700 0.1644748 -0.3092894 -0.4483505 -0.5394459 -0.6679297 -0.1322048 -0.4541961 -0.3760273 -0.5112910 0.0320341 -0.3561709 -0.6944434 -0.3337759 -0.6008722 0.1046555 0.1509507 -0.4307711 -0.5638033 -0.2496432 -0.1788201 -0.4568305 -0.5050152 -0.5394643 -0.6226445 -0.6228266 -0.5086475 -0.5161206 -0.1705830 -0.2611237 -0.2726292 -0.1209851 -0.1346487 -0.2906378 -0.2059276 -0.5271581 -0.3941942 -0.0861850 -0.1990178 -0.1162969 -0.2666418 0.2637181 -0.3065743 -0.0452037 -0.2613959 -0.1355592 -0.2771690 -0.0764418 -0.1535985 -0.3435830 -0.3092515 -0.3296530 -0.1288806 -0.1040843 0.3424116 -0.1351559 0.5747211 0.5914963 0.3122441 0.1907818 -0.4300804 -0.3057947 0.0436836 0.0165929 0.5689427 0.5129797 0.3485548 -0.0216877 -0.3047088 -0.1094071 -0.4692173 0.0006514 0.4035560 0.2307448
0.0363798 0.0994370 -0.1416861 0.3169074 -0.3456796 0.7228065 0.6069963 0.4083745 0.7652015 0.6465869 0.6526828 0.3510509 0.1482733 0.7010676 0.6775460 0.5864144 0.0000000 0.3541294 0.5710855 -0.4087586 0.0011492 -0.0819900 0.6407582 0.4796569 0.5211117 0.7234687 0.8592251 0.2912201 0.5768965 0.6875250 -0.2020779 0.4908080 0.2822629 0.5558851 0.6112644 0.0448474 0.6906629 0.2934000 0.5076617 0.3215810 -0.2508637 0.5291857 0.6596324 0.0208208 0.6474836 0.3695497 0.4107600 -0.2586865 0.3762867 0.3475734 0.5061120 0.5592771 0.6401880 0.5402054 0.1015786 0.3608062 0.4058465 0.4839883 -0.0920179 0.5177993 0.5432947 0.7278321 -0.0607037 0.5568627 0.6209045 0.2044542 0.6406081 0.6802128 -0.0083851 0.5993670 0.4088670 -0.0810849 0.5859915 0.0468814 0.1165967 0.5343527 -0.0815627 0.3171822 0.5937597 0.6015602 0.1603451 0.2656980 -0.0610306 0.1118893 -0.0521633 0.0271827 0.2461503 -0.1911668 0.2513153 0.1524952 0.3981254 0.2424236 0.1173167 0.0188128 0.4578730 0.3049179 0.1925454 0.3074293 0.5025618 0.1209821 0.6672808 0.1878689 0.0204649 0.0560069 0.6974906 0.5089795 0.0866916 0.2040984 0.4419964 0.3126967 0.4841620 0.0598778 0.0461192 0.4157897 -0.0001972 0.2501844 0.2072801 0.1630745 0.2825572 -0.2600840 -0.0206917 -0.0243437 -0.2648346 0.2945392 -0.3693278 -0.0782920 0.0504556 -0.0817456 -0.4362350 -0.0018992 -0.1238376 0.1984910 0.0832436 0.0137797 -0.2067448 -0.2033772 -0.2119230 -0.1621955 -0.3948154 -0.0224961 -0.3293728 -0.0507599 -0.0384990 -0.1878862 -0.4634718 0.0867978 -0.2690698 -0.5084176 -0.2976386 -0.3425880 -0.2335614 -0.4792339 -0.2042433 -0.2148158 -0.2520740 -0.3471301 -0.1019276 -0.5492793 -0.2085254 0.1292596 -0.3845998 -0.1171612 -0.3298307 0.3155914 -0.3428555 -0.2475347 -0.1171267 -0.1980258 -0.0678703 -0.1487163 -0.2821072 -0.1838581 0.0225954 0.2116467 0.0113088 -0.0383367 -0.0956719 -0.2150320 -0.1918634 -0.4503428 -0.1108602 -0.1381651 -0.1721678 -0.1701200 -0.2179777 0.2910013 -0.2321486 -0.1302980 -0.2121106 -0.1412329 -0.1782001 -0.1463132 -0.0430216 -0.1900315 -0.2000101 -0.1128595 -0.1481358 -0.0745338 0.3391087 -0.0522467 0.2311547 0.2198064 0.1280853 0.0689742 -0.4717390 -0.0720883 -0.0766668 0.1089482 0.4030613 0.2096700 0.0772225 0.1378639 -0.4000286 0.1462672 -0.1695207 0.0055356 0.6494613 0.2286390
