0.0000000 0.9123175 0.8030298 0.2597947 0.6222734 0.9028293 0.1120342 0.0185120 0.5464707 0.4423187 -0.0678513 0.0937381 0.3541520 0.3336107 0.5199597 -0.1866510 -0.0068650 0.2242706 -0.1473316 0.5364825 -0.2763739 0.3638246 -0.0295428 0.5208073 -0.1861281 -0.1071302 -0.2903138 0.1538350 0.2527273 -0.0558399 0.4180872 -0.0377729 0.3615614 0.6876453 0.0331753 0.0111098 -0.0710729 0.0187078 -0.2132803 -0.2622842 0.1256627 0.3757578 -0.1919002 0.0472223 0.4004607 0.1609247 0.0677903 0.1123453 0.3044202 -0.0906881 -0.0608533 -0.3867005 0.4914134 -0.3349847 0.2124897 0.2439672 0.0447225 -0.0382890 0.3953140 -0.2501377 0.2001004 -0.2534757 0.2966676 0.0640465 0.0040950 0.1235465 -0.2024051 -0.2357017 0.2920783 -0.1410290 0.0881481 -0.1316151 -0.2589676 0.2041080 0.2259612 0.1150481 -0.2424920 0.0186975 -0.0821019 -0.3996742 -0.5727372 0.2063896 -0.0119635 0.0565229 0.1433233 -0.2311727 0.0460403 0.1426942 -0.2877780 -0.2935699 -0.2170220 -0.0091732 0.2566405 0.2145874 -0.2367343 -0.0713617 0.0261150 0.1820268 -0.2339385 0.0697608 0.0311899 0.2375538 0.0444925 0.0488210 -0.1479738 -0.0687851 0.1573075 0.1854212 -0.3293799 0.3845834 -0.2742453 0.0025079 -0.1945928 0.1405125 0.1697453 0.1163591 0.2338086 0.3556298 0.2923512 0.2545032 0.1603549 0.2270493 0.1743460 -0.1847125 -0.2833379 -0.4205416 0.0746996 0.0108987 -0.3815152 0.0926554 -0.3237111 -0.1464759 0.1087575 0.3814594 -0.1166755 -0.2412264 -0.2321720 -0.3941360 -0.4515282 -0.3474941 -0.0709295 -0.3644789 0.2105803 -0.0798609 -0.2444913 -0.1561177 -0.4515116 -0.4390734 0.1650496 -0.1901480 -0.2339338 -0.1123077 -0.3215640 0.2253483 0.1368163 0.0166344 0.1855117 -0.0840446 0.4303369 -0.0772981 0.1538772 -0.0924661 0.0530422 -0.1238833 -0.0296137 0.3194376 0.2133191 0.2003362 0.2497585 -0.0044549 0.1303060 0.2059698 0.4096721 -0.1868733 0.1285082 -0.0031290 -0.0336260 0.6320220 0.0252297 0.4361315 0.4866878 0.4453220 0.2538172 0.5100850 0.3838288 0.5414897 0.6767444 0.6971750 0.0416778 -0.2038027 0.1613723 -0.4185379 -0.0533326 -0.2055282 -0.2242180 -0.3564020 -0.3144416 0.1657060 -0.4851925 -0.3243736 -0.4285758 -0.0900299 0.1845392 -0.0551548 0.4264667 -0.4307246 -0.3447442 0.5141353 -0.3793134 -0.2307956 0.0926775 -0.2343187 0.2792855 -0.0662368 0.0020740 0.6855387 0.3996311 0.2846490
0.9123175 0.0000000 0.7141945 0.0547421 0.6870708 0.9189431 0.0752714 -0.0923367 0.3426340 0.2589061 -0.1654438 -0.0513822 0.4527020 0.1472526 0.3088689 -0.1909893 -0.2147805 0.0212811 -0.1172939 0.6565653 -0.3585027 0.4507835 -0.0610907 0.4034653 -0.1864093 -0.1143633 -0.4802124 -0.0255014 0.3086489 -0.3068585 0.5366380 0.0250235 0.2513540 0.5906234 0.0163550 -0.0184537 -0.0293794 0.0562522 -0.3528143 -0.4210026 0.2281355 0.5309293 -0.2705812 -0.1476983 0.6111321 0.1669490 0.0838166 0.1704536 0.0963862 -0.0887089 -0.0655578 -0.4615384 0.2464961 -0.4748110 0.2797581 0.2851149 0.0933112 -0.2944255 0.5424212 -0.1840367 0.3444371 -0.2961966 0.4575148 -0.2067579 -0.2401125 0.2146442 -0.1137857 -0.3708688 0.4075805 -0.3429288 0.1973565 -0.3713133 -0.2751625 -0.0300732 0.3461890 -0.0421589 -0.4347217 0.1369899 -0.0044656 -0.5548680 -0.4652350 0.1593539 -0.1260218 0.1080164 0.1627287 -0.1592868 0.0428757 0.2065025 -0.2681464 -0.2346073 -0.2711964 -0.1152349 0.1763918 0.2302042 -0.1947404 -0.0811246 -0.0554876 0.0358913 -0.1671529 0.0521158 0.1476510 0.1876015 -0.0159514 0.0686139 -0.1803663 -0.0405773 0.2239549 0.1196412 -0.3920874 0.4708496 -0.2204257 0.0124820 -0.3591948 0.1033573 0.3166834 -0.0047501 0.2862691 0.5258899 0.3821448 0.3904994 0.2608099 0.2813759 0.2112652 -0.2113265 -0.2080666 -0.5219814 0.0126691 0.0700187 -0.3945025 0.0725398 -0.3001074 -0.1805164 0.1106715 0.1650567 -0.1541006 -0.2824091 -0.2065124 -0.3973572 -0.4133506 -0.4355183 -0.0356893 -0.4389843 0.3868718 -0.1834990 -0.2875255 -0.2502764 -0.4727434 -0.4546045 0.2441926 -0.3631273 -0.3932070 -0.2814028 -0.3513318 0.2347971 0.1464602 0.0256218 0.2713394 -0.1691814 0.5623439 -0.1522731 0.1452105 -0.1157417 0.1139805 -0.1699239 -0.0023565 0.2454578 0.1632536 0.1388455 0.2846470 0.0527314 0.1341638 0.2287552 0.3180268 -0.2456358 0.2507092 -0.0325180 -0.0775931 0.5707022 0.1287703 0.6101364 0.5528960 0.5819884 0.3309973 0.6142170 0.4815437 0.5627169 0.7448557 0.7124691 -0.1193133 -0.4136548 0.1531132 -0.5186203 -0.1852315 -0.3546420 -0.3433246 -0.4721752 -0.3434232 -0.0647243 -0.5826648 -0.4024613 -0.3580196 -0.0540783 0.1145428 -0.0470938 0.5161527 -0.2413312 -0.3774632 0.3205581 -0.3697489 -0.3176836 -0.0953242 -0.2582253 0.4176156 -0.3154401 -0.2272682 0.7582430 0.1521484 0.1254963
0.8030298 0.7141945 0.0000000 0.5417704 0.7324995 0.7493505 0.0018353 0.3906215 0.5729859 0.6621260 0.2937157 0.2891562 0.5868182 0.2590291 0.4584194 -0.0838575 0.2330891 0.1639482 -0.1001624 0.6576303 -0.0428906 0.4838607 0.1462580 0.3546644 -0.0941466 -0.0260083 -0.3531085 0.0560037 0.2291624 -0.0893087 0.5430100 0.0232860 0.2355009 0.4955023 0.1400863 0.1375486 -0.0102340 0.1434557 -0.0590922 -0.3106354 0.2288025 0.2637331 -0.0776054 0.0160395 0.1958594 0.2496261 0.1559092 0.2229876 0.2326963 -0.0095812 0.0090667 -0.3135467 0.4462587 -0.2050609 0.3267424 0.3433164 0.1268926 0.0520971 0.3524853 -0.2018561 0.1659648 -0.1717088 0.3853179 0.2565901 0.2442775 0.1944048 -0.1851031 -0.1017603 0.3817591 0.1153325 0.1341162 0.1753307 -0.1959830 0.4728475 0.2976902 0.2481310 0.0130220 0.0892814 0.0418329 -0.1549289 -0.5180580 0.2131842 -0.0038481 0.0177348 0.1564265 0.0164996 0.3918787 0.1530297 -0.1084671 -0.1570372 0.1004753 0.2695738 0.4208841 0.2216118 0.0187974 0.2811430 0.2489492 0.4195229 -0.0587734 0.0901159 0.2391004 0.4766810 0.0910815 0.0577311 0.1899661 0.2827164 0.2825415 0.1020027 -0.0465093 0.2383831 0.0184539 0.0858581 -0.1563276 0.1674597 0.0635011 0.1735834 0.2387369 0.2178316 0.2424032 0.1809962 0.1307910 0.2347564 0.3182821 -0.1882053 -0.4080327 -0.4330829 0.2142347 0.1435725 -0.5006489 0.2000633 -0.4171512 0.0769542 0.2683741 0.5148586 -0.1177186 -0.1675349 -0.3103118 -0.4570050 -0.5815421 -0.2195976 0.0495984 -0.3365012 0.2062243 -0.0562051 -0.3654773 0.0451038 -0.5272690 -0.4602558 0.1784836 -0.0412786 -0.1231999 -0.0015381 -0.2722680 0.2100525 0.3872918 0.0934023 -0.0021556 -0.0437409 0.3591217 -0.0579217 0.3443099 0.0918671 -0.1137643 -0.2242402 0.1281144 0.2494838 0.0687987 0.1563062 -0.0124672 -0.0637998 0.1465124 0.0097206 0.3450564 -0.1138183 0.1583082 0.1480867 0.1297953 0.4499543 0.1940903 0.3584054 0.3834488 0.3938377 0.2696957 0.5033563 0.3627333 0.6048126 0.5829805 0.6335026 0.3446749 0.0581815 0.2794540 -0.2440956 0.0739305 -0.0327354 -0.1061358 -0.2064796 -0.2784492 0.3051898 -0.2845804 -0.2935041 -0.1073236 -0.0070690 0.2635018 0.0101509 0.5407264 -0.3782204 -0.3421975 0.6241457 -0.0823804 -0.0837650 0.0531611 -0.1073996 0.3559326 0.0783159 0.0985079 0.5909874 0.4565053 0.1230497
0.2597947 0.0547421 0.5417704 0.0000000 0.0615975 0.3131025 -0.1287314 0.8054590 0.7716373 0.8392620 0.7438044 0.5411377 0.1944361 0.1445986 0.7213296 0.3828936 0.6505222 0.0690272 0.1599262 -0.0166782 0.4835605 0.0680209 0.5618032 0.0459338 0.2865179 0.2954844 0.0808282 -0.0163504 0.1412980 0.1369244 -0.0716280 0.1264562 -0.0378522 0.0719449 0.3958242 0.3118319 0.0545620 0.2160174 0.5417115 0.1056603 0.0181040 -0.2642268 0.5062060 0.2038643 -0.2992653 0.2662295 0.1360774 0.0994564 0.1869008 0.0392350 0.1687388 0.3750351 0.5734270 0.5393779 0.0403913 0.0113185 0.0055701 0.5864303 -0.1276774 -0.0296246 -0.1167458 0.3372645 -0.1240676 0.7344918 0.8541555 -0.1099098 -0.1104030 0.5659802 -0.1103899 0.7898102 -0.1463965 0.8272295 0.2681010 0.8764460 -0.0955229 0.6356078 0.7364754 -0.1234906 -0.0159104 0.4549679 -0.2598155 0.1475866 0.0740562 -0.3746652 -0.3478514 -0.0499479 0.3817445 -0.2044014 -0.2703380 -0.2674913 0.2191642 0.7293960 0.5554388 -0.1791143 -0.1570613 0.1818052 0.3483825 0.5480214 -0.2177307 -0.2219482 -0.1483548 0.3599720 0.2871699 -0.2230851 0.3190555 0.0163950 0.0162366 0.0845403 0.1827367 -0.1970293 -0.0506362 -0.0281366 0.1047643 -0.0295701 -0.2068163 0.0891878 0.0304428 -0.1251959 0.0471003 -0.1025203 -0.1063335 -0.0402014 -0.1176395 -0.0779123 -0.3493187 -0.0857818 0.0936971 -0.2588526 -0.1587716 -0.0267181 -0.3023391 0.0331650 0.1029752 0.7873363 -0.2923384 -0.1829701 -0.1448810 -0.0087184 -0.1902862 0.4322528 -0.2329382 0.2974957 -0.4062417 0.3676307 -0.0669272 0.1298989 -0.1307044 -0.0929857 -0.2656271 0.6572691 0.6228805 0.4939673 0.0736965 -0.2127635 0.2159109 0.0295215 -0.1814946 -0.0537247 -0.3369525 0.4375190 0.0888099 0.3728153 -0.2431677 0.1707755 -0.0445520 -0.0743178 -0.2149737 -0.0479470 -0.2811831 -0.1280170 -0.1729761 -0.2580008 0.4989594 0.1182048 0.0584014 0.0896134 0.1005646 -0.0966322 0.0771424 -0.3217423 -0.3460512 -0.2087882 0.0887601 0.0497793 -0.0177958 0.3140955 -0.0992087 -0.0663920 0.7568074 0.7287507 0.2239585 0.3155016 0.2806428 0.5230217 0.1782498 0.3044925 0.1573778 0.6042673 0.1205761 0.1829288 -0.1159533 -0.0676932 0.3634695 0.1103127 0.2058516 -0.3382556 0.2096064 0.5235681 -0.0258261 0.1557859 0.4419642 0.1279646 -0.2139347 0.6933242 0.6926620 -0.1360950 0.1749774 -0.1153318
0.6222734 0.6870708 0.7324995 0.0615975 0.0000000 0.5643042 0.0178863 0.2035867 0.0238397 0.1589570 0.0393492 0.1347757 0.7760688 -0.0990201 0.0346034 -0.0624319 -0.2499902 -0.2520894 0.0707968 0.8528647 -0.1111618 0.6908156 0.0554617 -0.0171191 -0.0341352 0.0353112 -0.4087653 -0.2786519 0.4269013 -0.4413539 0.8063710 0.2369601 -0.0790545 0.1752967 0.1634828 0.2369857 0.1549806 0.3246179 -0.4515439 -0.7038655 0.5477139 0.7125535 -0.1621149 -0.4540680 0.6176704 0.3747931 0.3150960 0.4880763 -0.1803812 0.2748504 0.1246903 -0.3379837 -0.0795882 -0.6079196 0.5801945 0.5507717 0.3367701 -0.4816431 0.6117430 0.0961434 0.5023844 -0.1411819 0.7995605 -0.2279452 -0.1980341 0.5068519 0.1169878 -0.2809494 0.7032186 -0.2277786 0.4435351 -0.2565808 -0.0806919 -0.0079108 0.6067213 0.1329787 -0.2381677 0.3462623 0.2882704 -0.2232493 -0.2803886 -0.0329547 -0.1282255 0.2690514 0.3115066 0.0160449 0.2443910 0.1618462 0.0033304 -0.0343451 0.0998972 -0.0156560 -0.0335851 0.0965475 0.2472679 0.4133638 0.1457406 -0.0213101 0.1451814 0.0445649 0.4443800 0.2477880 -0.0789249 -0.0073919 0.1523385 0.4226212 0.1603328 -0.0112304 -0.2667062 0.4156595 0.2159318 -0.0524882 -0.3360988 0.1523479 0.2089399 0.0205492 0.2313699 0.2541012 0.2039931 0.1276007 0.0565782 0.1283821 0.3434965 -0.3557458 -0.3677357 -0.6000065 0.0031964 0.1908085 -0.5238637 0.0380883 -0.4928509 -0.0646283 0.0901326 -0.0002535 -0.1207701 -0.3134584 -0.4394137 -0.5658665 -0.6148760 -0.5106515 0.1245863 -0.6264518 0.4908406 -0.3568050 -0.4972636 -0.2064036 -0.6180712 -0.5410946 0.4504406 -0.5207304 -0.5262926 -0.4851601 -0.4727881 0.3540243 0.3288233 -0.0431690 0.2174821 -0.2187639 0.6166510 -0.2327522 0.3322378 -0.0620049 0.0071948 -0.2759003 0.1807956 0.1719521 0.1401410 0.2973135 0.2292569 0.1203024 0.2925574 0.2372994 0.3004366 -0.0349119 0.4325532 0.0407509 0.1570459 0.3716706 0.3809380 0.7173133 0.4199351 0.6739139 0.5370615 0.6135206 0.5907681 0.5508282 0.6536559 0.6795715 0.0694800 -0.1963596 -0.0408938 -0.2503167 -0.1387498 -0.4298103 -0.4119428 -0.4076000 -0.4567533 -0.1968416 -0.1983528 -0.5193022 0.1086604 0.1967927 0.1611183 -0.0018613 0.6587834 -0.1641032 -0.5034556 0.2987451 0.1070184 -0.0213056 -0.2513475 -0.1636045 0.6375819 -0.2344795 -0.4704499 0.7153980 0.1833336 -0.0424551
0.9028293 0.9189431 0.7493505 0.3131025 0.5643042 0.0000000 0.0656522 0.0640278 0.6211640 0.5176184 0.0314686 0.1526276 0.4152104 0.2858482 0.6038395 -0.1232727 0.0401292 0.1246331 -0.1477526 0.5216974 -0.1711192 0.3579441 0.0648725 0.4755051 -0.1639485 -0.0852573 -0.3743347 0.0895481 0.3275863 -0.1550901 0.4252913 0.0530146 0.2887992 0.6204216 0.1094265 0.0594716 -0.0425094 0.0597716 -0.1445687 -0.2630120 0.1676351 0.3757994 -0.0984165 0.0028910 0.4153887 0.1819512 0.0873351 0.1296121 0.2238185 -0.1058850 -0.0267505 -0.3077621 0.4617793 -0.2448674 0.2321824 0.2261117 0.0610684 -0.0314599 0.4125649 -0.2174303 0.2187978 -0.1901169 0.3730463 0.0847926 0.0601155 0.1400470 -0.1841399 -0.1703057 0.3184106 -0.0605943 0.1097385 -0.0688541 -0.1904919 0.2650469 0.2605800 0.1695322 -0.1525803 0.0889061 0.0052329 -0.3234864 -0.3987501 0.0191574 -0.2828576 -0.1396592 -0.0757131 -0.3574756 0.0153476 -0.0238715 -0.4411676 -0.4387404 -0.3362514 0.0270214 0.2239832 0.0709758 -0.3564519 -0.2085252 -0.1098568 0.0749189 -0.3811076 -0.1163852 -0.0389619 0.0718129 -0.1103907 -0.1029058 -0.2227472 -0.2330838 0.0481298 -0.0221498 -0.4568320 0.3389345 -0.3766847 -0.1182242 -0.4703403 -0.0017841 0.2338063 -0.0848117 0.2499004 0.4444171 0.3418058 0.3365864 0.1745262 0.1901135 0.1342685 -0.2443765 -0.2021518 -0.4548020 -0.0515296 -0.0227654 -0.3083238 -0.0211743 -0.3306882 -0.1287900 0.0604380 0.4132715 -0.1824311 -0.2730570 -0.1641697 -0.2795301 -0.3615614 -0.2195014 -0.1087764 -0.2350463 0.2584242 0.0368463 -0.1644835 -0.1686835 -0.3609099 -0.3313293 0.0884522 -0.0946834 -0.1247531 -0.0281705 -0.2091144 0.1063947 0.1507057 0.0905068 0.3122759 -0.0904563 0.4339385 0.0823100 0.1010233 0.0154796 0.1005831 0.0200437 -0.0433587 0.2300596 0.0952268 0.0651291 0.2069451 0.0085220 0.0235014 0.1194400 0.4231665 -0.2412251 0.2273105 0.0171036 -0.0103594 0.4898275 0.1257377 0.4369724 0.3634580 0.4372126 0.2899686 0.5791147 0.3911214 0.6065435 0.6286593 0.6420050 0.1367544 -0.1499726 0.1735319 -0.3596611 -0.0549441 -0.1723783 -0.2597208 -0.3266101 -0.2685741 0.1608275 -0.4630467 -0.2919562 -0.4668603 -0.1277397 0.1247119 -0.0717601 0.4374460 -0.2904171 -0.2035950 0.4206461 -0.4341832 -0.2481386 -0.0330447 -0.1615444 0.2538630 -0.0414884 0.0711604 0.6585002 0.0571101 0.0925581
0.1120342 0.0752714 0.0018353 -0.1287314 0.0178863 0.0656522 0.0000000 -0.4427359 0.0118622 -0.0086395 -0.4840062 0.5293153 -0.4253100 0.5829512 -0.0804813 -0.5668328 -0.0749766 0.4246849 -0.5356656 -0.2912991 -0.1260385 -0.4995007 -0.4052206 0.4555157 -0.5189778 -0.2861728 0.1559580 0.6117031 -0.5078879 0.4007923 -0.3212522 -0.2928357 0.5899018 0.3533712 -0.2669342 -0.3858782 -0.2037656 -0.4730398 -0.0761044 0.3004372 -0.3463991 -0.3058683 -0.4985297 0.3953481 -0.3074326 -0.4174455 -0.4670144 -0.3701278 0.4568181 -0.3902975 -0.4514170 -0.4267001 0.0765573 -0.2028281 -0.3604292 -0.4184676 -0.4026080 0.0196542 -0.5626999 -0.3311856 -0.6566814 -0.6757289 -0.2763061 0.0886302 -0.2052136 -0.4290136 -0.5504899 -0.4847878 -0.3565383 -0.3550431 -0.5208106 -0.1491916 -0.6888247 -0.2042531 -0.4460581 -0.5258188 -0.1643656 -0.4563060 -0.4807776 0.0715065 0.0408431 0.0090423 0.1304360 0.3764991 0.3568774 0.0653872 -0.0134681 0.3770481 0.2873391 0.2559144 0.0769505 0.0021276 -0.1369219 0.4393459 0.3136357 -0.0583155 0.1164897 0.0441630 0.1995179 0.4108811 0.0183924 -0.2478209 -0.2448679 0.4687630 -0.1158913 -0.0900342 -0.0305412 -0.1293102 -0.0916271 0.2738327 -0.1089891 0.0167052 -0.2908958 0.3578884 0.0444056 0.0727872 0.1108472 -0.0250822 -0.1359754 0.0704836 0.1769158 0.2717668 -0.3844854 0.4675415 0.2273665 0.3298652 0.3416515 -0.4615238 0.2659430 0.2090808 0.2705119 -0.4555841 0.0796710 -0.0701048 -0.5700455 -0.4179751 0.0963998 -0.1557673 0.0210053 -0.1851812 -0.5329601 -0.3100709 -0.2483134 -0.1514430 -0.0244774 -0.5028633 -0.2104433 -0.2213083 -0.4532888 -0.3574041 -0.3696955 -0.2462609 -0.5262976 -0.3874336 -0.2919275 -0.5120992 -0.0608085 -0.4470611 -0.2088595 -0.3713750 -0.3041358 -0.6781183 -0.3688888 -0.1735859 -0.4414371 -0.3535113 -0.4089331 -0.4106555 -0.1653137 -0.3488762 -0.4173955 -0.1685264 0.2916135 0.6046012 0.3494035 0.8214855 0.7016494 0.5793633 -0.1088193 -0.2334781 0.0987369 -0.3143741 -0.5951559 -0.5149231 -0.6647401 -0.5633453 -0.4021840 -0.2300383 -0.4291392 -0.2706058 -0.2911844 0.2656997 0.7376700 -0.1254970 0.1155443 0.1405613 0.0105955 0.5734510 0.4738805 0.0731347 0.3714020 0.4167830 -0.1993896 0.2969098 0.3448480 -0.0814520 0.0899506 0.4976908 0.3011512 0.3748419 -0.3040147 0.5995336 0.4658620 0.2119761 0.2267693 -0.2053776 0.2635518 0.7129949
0.0185120 -0.0923367 0.3906215 0.8054590 0.2035867 0.0640278 -0.4427359 0.0000000 0.3190050 0.5553979 0.8958851 0.2662838 0.5510791 -0.3121179 0.3659710 0.7173324 0.5092023 -0.3825909 0.5854689 0.1617421 0.5044057 0.4511936 0.7806771 -0.4598761 0.6199382 0.5681515 0.0572486 -0.4693069 0.3631385 -0.1768855 0.2582961 0.4315285 -0.5087355 -0.3857231 0.6097466 0.4886597 0.3404738 0.6212323 0.4222784 -0.2376038 0.4195196 0.0656127 0.7044511 -0.2589623 -0.0046285 0.5897042 0.4986722 0.5156603 -0.3216186 0.4551278 0.4916109 0.5454411 0.1010423 0.4170170 0.4411419 0.3866548 0.3719544 0.2191703 0.2373694 0.3379169 0.3340646 0.6206507 0.2310752 0.3891634 0.6723161 0.3109209 0.3568450 0.6060197 0.2734706 0.7228395 0.3235560 0.6647531 0.6201270 0.6700081 0.3390322 0.7242357 0.6853016 0.2702116 0.3775101 0.4372136 -0.1194085 0.1502738 0.0793757 -0.2610561 -0.2321594 0.0991119 0.4500204 -0.1828208 -0.0724459 -0.0564135 0.4844123 0.7031389 0.4063309 -0.2569276 0.1127761 0.5441058 0.4272609 0.4067010 0.0756582 -0.1918429 0.1466920 0.4043832 0.2649035 -0.2424609 0.5987041 0.3827543 0.0860872 0.1022007 0.3329763 -0.2128816 0.3846529 -0.0803621 0.1933613 -0.0151158 -0.1708842 0.1230082 0.0466346 -0.1102760 0.0276364 -0.1094060 -0.0773365 -0.0419644 0.1901499 -0.1817208 -0.3630636 -0.3423807 0.0872760 0.0346724 -0.3814481 0.0391992 -0.3777948 0.1707317 0.1802940 0.6032387 -0.2085338 -0.1182645 -0.2373003 -0.1178238 -0.2923311 0.2714013 0.0606981 0.1391943 -0.0522155 0.2469404 -0.2084044 0.2020818 -0.1739194 -0.1214243 0.1188619 0.4629582 0.4773174 0.2697061 0.1456100 0.0765886 0.4094775 0.1290581 0.0280573 0.0270931 -0.0417128 0.4493019 0.3254314 0.5943608 -0.0254958 0.2047975 0.2773032 0.0300912 0.0195402 0.2602945 -0.0289499 0.2184043 0.1704778 0.0324861 0.3276724 0.0448732 0.1046905 -0.1549902 -0.0401613 -0.4024262 0.2983788 -0.0089445 -0.2602173 0.1015047 0.4543249 0.2826175 0.3397938 0.5046890 0.0457561 -0.0651465 0.7762670 0.7116261 0.0891311 0.3124505 0.0154676 0.2724921 -0.1026652 0.1089417 0.0004626 0.1895672 0.1573397 -0.0478171 -0.0103958 0.1345707 0.5593169 0.0976076 0.1157127 -0.1943094 0.0235165 0.2496880 0.0533773 0.3111942 0.4713678 -0.0253900 -0.1724127 0.5370296 0.3488592 -0.0188337 0.0403262 -0.4641366
0.5464707 0.3426340 0.5729859 0.7716373 0.0238397 0.6211640 0.0118622 0.3190050 0.0000000 0.8573316 0.3290131 0.4408374 -0.0248010 0.5333608 0.8887977 -0.0318278 0.5315805 0.4806531 -0.2189329 0.0166789 0.1744846 -0.1137236 0.1759570 0.5701421 -0.0900212 -0.0507354 -0.0259266 0.3868552 0.0266367 0.3113783 -0.1508249 -0.0819476 0.4202090 0.5858531 0.1155690 0.0424714 -0.1479532 -0.1185372 0.3550955 0.2902249 -0.2029933 -0.2980096 0.1552244 0.5211860 -0.2893903 0.0237178 -0.0733199 -0.1798418 0.6066662 -0.2375468 -0.0631197 0.0109176 0.8878194 0.3539589 -0.1616952 -0.1310631 -0.1622950 0.6749726 -0.1701850 -0.3033965 -0.2918810 -0.0297622 -0.1963144 0.7498239 0.6955124 -0.2533843 -0.3954502 0.2909835 -0.2049477 0.5243997 -0.3239107 0.5927888 -0.0804106 0.7900129 -0.2464781 0.4531657 0.4153022 -0.2582504 -0.2186414 0.1517784 -0.3374496 -0.0659562 -0.1577232 -0.4149420 -0.3856668 -0.3321728 0.0555802 -0.2749337 -0.5291195 -0.5496210 -0.3095544 0.3101814 0.4429228 -0.1318648 -0.5636022 -0.3528699 0.0274448 0.3646934 -0.5960179 -0.2937132 -0.3826261 0.1577230 0.1640593 -0.2907762 -0.1449946 -0.4521625 -0.0763515 0.0292516 -0.1821238 -0.0643098 -0.5315434 -0.0246686 -0.1032341 -0.1415821 -0.1238570 -0.0420809 0.0247879 0.0149840 0.1228168 -0.0064434 -0.1084338 -0.0747146 -0.1894227 -0.1715241 -0.2373069 -0.0027501 -0.0799137 -0.3058685 -0.0108745 -0.1538024 -0.2276933 -0.0617729 -0.0580140 0.6702849 -0.0841875 -0.1159087 -0.0581415 0.0717099 -0.1090961 0.3235241 -0.2898039 0.3229591 -0.3621755 0.2904887 0.0708224 0.0889408 -0.0249470 -0.0045279 -0.3515647 0.5806583 0.4886077 0.4958240 0.1069344 -0.2627269 0.0690304 0.0746545 -0.1686132 0.0366976 -0.2629464 0.2826862 -0.0472217 0.2044903 -0.2034848 0.1307642 -0.1822269 0.0142931 -0.1818118 -0.1797242 -0.2394152 -0.2194307 -0.2956343 -0.2977136 0.4200396 -0.1376257 -0.1037429 0.0826229 -0.0093150 0.1895841 -0.1838029 -0.3194387 -0.2166837 -0.2469775 -0.1097725 0.0432816 -0.0930992 0.2938056 0.0749864 0.2252388 0.5136857 0.3981021 0.2967463 -0.0293822 0.1800717 0.4354908 0.2261665 0.1725602 0.0547937 0.6260167 -0.1972431 0.1512565 -0.3708843 -0.3859229 0.0306367 -0.1469137 0.1292997 -0.3914498 0.1630600 0.4919108 -0.2391773 -0.2225931 0.1841918 -0.0301895 -0.2291962 0.4300808 0.6180460 0.0315301 0.1560698 0.0942293
0.4423187 0.2589061 0.6621260 0.8392620 0.1589570 0.5176184 -0.0086395 0.5553979 0.8573316 0.0000000 0.5939523 0.5089069 0.2217261 0.5029655 0.6531120 0.0756658 0.7977377 0.3479716 -0.1046792 0.0952434 0.2853883 0.0420258 0.3288167 0.3476852 -0.0563617 0.0226734 0.0387964 0.2729030 0.0382050 0.3337672 0.0219764 -0.0436056 0.2698032 0.3691747 0.2095485 0.1301404 -0.1000704 0.0076036 0.5332397 0.2341594 -0.0673372 -0.2443304 0.2424353 0.4395843 -0.3283067 0.1235640 0.0208918 -0.0178751 0.4703164 -0.1618606 -0.0181720 0.0801440 0.7026572 0.4345996 0.0155248 0.0086808 -0.0837577 0.6714728 -0.0772704 -0.2847395 -0.2118225 0.0108553 -0.0399619 0.7736658 0.7487592 -0.1431862 -0.3474391 0.3330509 -0.0444185 0.5939622 -0.1991874 0.6815297 -0.0695681 0.8541525 -0.0775126 0.4325353 0.4672920 -0.2112325 -0.1754272 0.1356804 -0.3995825 0.0635129 0.0017005 -0.1620480 -0.1222984 -0.0221249 0.3672104 -0.0497033 -0.2104633 -0.2561034 0.0485160 0.4729823 0.5007893 0.0514392 -0.2416032 -0.0207880 0.1977047 0.5270732 -0.2912293 -0.0486115 -0.0487476 0.2959945 0.1707485 -0.0852610 0.1311744 -0.1308358 0.1286772 0.0503439 0.0304431 -0.0847911 -0.1770343 0.0004579 -0.0452365 -0.0364356 -0.1693786 0.0549843 0.0518091 -0.0042824 0.0607694 0.0078340 -0.0385963 0.0071782 0.0543194 -0.0564770 -0.2950443 -0.0993540 0.1115066 -0.2579658 -0.2223594 0.0144933 -0.3225131 -0.1004581 0.0623143 0.6581726 -0.2287800 -0.2867185 -0.2502089 -0.1315535 -0.3483048 0.1980680 -0.2748327 0.1204764 -0.1631437 0.1453798 -0.1734628 -0.0157521 -0.2514762 -0.2686638 -0.2326836 0.4264772 0.3213196 0.3188453 0.0118261 -0.1746261 0.2021184 -0.0524886 -0.0861878 -0.0433515 -0.1113373 0.1972147 0.1104193 0.3043355 -0.2826214 0.1349493 -0.0134155 -0.0190144 -0.1621484 -0.0763430 -0.1537014 -0.0298343 -0.1631294 -0.1814891 0.3455045 -0.1244711 0.0319934 0.2654849 0.1723685 0.0036581 0.0504072 -0.2164206 -0.1400854 -0.1277770 -0.0317672 0.1231858 -0.0297710 0.4126581 0.1090963 0.1946001 0.5935407 0.4381721 0.2417753 0.0813727 0.2512312 0.3674512 0.1575337 0.1471673 -0.0634609 0.6597220 -0.1332727 0.0050388 -0.2414068 -0.0249763 0.2055364 -0.0358299 0.2433780 -0.3496802 0.0227548 0.5498905 -0.1612061 0.0615850 0.2031942 0.0793990 -0.0823806 0.4727535 0.5543993 0.0318788 0.1915907 -0.0840703
-0.0678513 -0.1654438 0.2937157 0.7438044 0.0393492 0.0314686 -0.4840062 0.8958851 0.3290131 0.5939523 0.0000000 0.3100781 0.4191985 -0.2848515 0.3483175 0.5976376 0.6823183 -0.3347789 0.3478166 -0.0007021 0.6719976 0.2436360 0.6903796 -0.4732860 0.3677777 0.3106615 0.0797382 -0.4502747 0.4495952 -0.1254810 0.0800964 0.1176521 -0.5212300 -0.4196295 0.4038303 0.6334421 0.0019316 0.3449940 0.5491518 -0.1258445 0.1215993 0.0450558 0.6590953 -0.2171162 -0.1233450 0.2887169 0.2193186 0.2268054 -0.2888373 0.1594135 0.2304162 0.6321393 0.1417938 0.5709433 0.2104021 0.1614657 0.0822610 0.3776391 0.1661534 0.0646270 0.2726006 0.6599195 0.1057602 0.5098279 0.7655781 0.0728714 0.1370240 0.7662393 0.1027344 0.8497738 0.1281523 0.7803814 0.5250745 0.7394183 0.1631266 0.6459137 0.7702272 0.0610155 0.1949484 0.4394341 -0.1222749 0.1324956 0.0455385 -0.2683360 -0.2647714 0.1142918 0.4304657 -0.2235534 -0.0815927 -0.0944892 0.3633232 0.6164737 0.3353198 -0.2796432 0.0207883 0.3234280 0.0962366 0.3263729 -0.0313568 -0.2351066 0.0239365 0.2638380 0.1429472 -0.2761639 0.3205988 0.2213737 0.0471974 -0.0543377 0.2123313 -0.2785956 0.2246384 -0.1285007 0.1072635 -0.1565657 -0.1149638 0.0520991 -0.0172468 -0.1157640 0.0727791 -0.0875305 -0.1571413 -0.1638170 0.1487077 -0.1250976 -0.2645535 -0.1084763 -0.0612200 0.0221375 -0.1752682 -0.1373617 -0.3786087 0.2286892 -0.0242966 0.5137845 -0.0867750 -0.0860972 -0.2574522 0.0306326 -0.1982771 0.4331904 0.0521595 0.2564805 -0.0367564 0.3684463 -0.0997040 0.1801667 -0.1136111 -0.1342457 0.0655116 0.4993636 0.5239151 0.3584423 0.1607423 0.0546222 0.2186353 0.1181547 0.0562270 0.0214787 -0.0628801 0.5043472 0.1705132 0.5527457 -0.0188950 0.2775540 0.1862462 0.0141864 0.0401302 0.2336220 -0.0611134 0.1199694 0.1298872 -0.0101526 0.1210064 -0.0498003 0.1599283 -0.0787453 0.0777207 -0.5237915 0.4697742 -0.0169277 -0.2874828 0.0907216 0.4305278 0.3213420 0.2991469 0.4717763 0.0497353 -0.0767914 0.8597795 0.7928063 0.2495617 0.4483596 0.0796426 0.4623557 0.1615586 0.3542037 0.2570493 0.1758077 0.0738483 0.1984592 -0.1855120 0.0846541 0.3479069 0.1832771 0.0564376 -0.0327794 0.2209463 0.0780777 -0.1732246 0.2597272 0.4036793 0.1369554 -0.2409563 0.5258819 0.3794215 -0.1007986 -0.1369168 -0.5646782
0.0937381 -0.0513822 0.2891562 0.5411377 0.1347757 0.1526276 0.5293153 0.2662838 0.4408374 0.5089069 0.3100781 0.0000000 -0.0951440 0.3201764 0.4278274 -0.2199106 0.3919464 0.1667725 -0.4154355 -0.1920563 0.6487274 -0.3584734 0.0638673 0.1123560 -0.3203448 -0.1734296 0.2370771 0.2429629 0.0904686 0.2956289 -0.2786067 -0.2443906 0.1396600 0.0566828 0.0293785 0.3698276 -0.3058433 -0.2933702 0.3559153 0.2377644 -0.3071448 -0.1642050 0.0594645 0.2387486 -0.3761894 -0.2510175 -0.3409459 -0.2882497 0.2920680 -0.3070987 -0.2983796 0.1661713 0.3296553 0.3091998 -0.2989656 -0.3794103 -0.4020794 0.4618713 -0.4573493 -0.3085777 -0.4462517 -0.0603449 -0.1191293 0.6733363 0.5482913 -0.4223811 -0.5254069 0.3136017 -0.3239571 0.4748228 -0.5132639 0.6030830 -0.2254660 0.5200713 -0.4035323 0.1037358 0.6077081 -0.4521042 -0.3484894 0.6031002 0.1243995 -0.2241241 -0.0703294 -0.0232889 -0.0496874 0.0002458 0.2945014 -0.0155939 0.0159202 -0.0370922 0.1631409 0.4377003 -0.0750218 0.0069747 0.1690121 0.0313209 -0.0091610 0.0850990 -0.0265147 -0.0213388 -0.0760318 -0.2210405 -0.2337398 -0.0164170 -0.1003873 -0.1115313 -0.3405494 -0.4417130 -0.2191258 -0.1737687 -0.1107514 -0.3165338 -0.3124531 -0.1439935 -0.2791935 -0.2482847 -0.2114614 -0.4139027 -0.2734058 -0.3755783 -0.3912895 -0.2785311 -0.5030196 0.0917584 -0.2440928 0.3656062 -0.1064646 -0.5612518 0.3331065 -0.3042360 -0.2503540 -0.2484180 -0.2902610 0.3175088 -0.4376125 -0.4144670 -0.2050464 0.0399237 -0.0489938 0.3952937 -0.4780137 0.0842585 -0.4394499 0.3006568 -0.0093595 -0.2603655 -0.2061071 -0.1853795 -0.4498119 0.1911745 0.2260815 0.2002050 -0.4111388 -0.4097216 -0.2012681 -0.3713996 -0.1323576 -0.4157980 -0.4259231 0.1728006 -0.2890114 -0.2494329 -0.4326920 0.1564188 -0.4089694 -0.3486850 -0.4332684 -0.2419671 -0.2967984 -0.3682780 -0.3914313 -0.2983818 0.5172282 0.5745147 0.6006949 0.7086633 0.8162256 0.0787009 0.3338700 -0.2900873 -0.4093455 -0.2783464 -0.1604868 -0.2354597 -0.3838163 -0.2187156 -0.3792788 -0.1966746 0.4192411 0.5317674 -0.1541762 0.7195171 0.7635927 0.4520775 0.3594054 0.6437283 0.3644806 0.6464494 0.5177085 0.4487300 0.2746924 0.2836823 -0.0419723 0.3956992 0.4820193 0.0574086 0.4698718 0.4321826 0.2580499 0.4366522 -0.0857967 0.7521368 0.2221830 0.6070735 0.5263918 -0.3473035 -0.0004078 0.2025109
0.3541520 0.4527020 0.5868182 0.1944361 0.7760688 0.4152104 -0.4253100 0.5510791 -0.0248010 0.2217261 0.4191985 -0.0951440 0.0000000 -0.3475040 0.0276720 0.4110606 -0.0166931 -0.4554107 0.5073592 0.7867982 -0.0268521 0.9319328 0.4879732 -0.3143319 0.4040808 0.4097071 -0.3253968 -0.5150243 0.5134838 -0.4987164 0.9126505 0.5688136 -0.4015626 -0.1509625 0.5291709 0.3122234 0.4772141 0.7221269 -0.2188011 -0.6680061 0.8078255 0.6694464 0.2608167 -0.5794343 0.5908457 0.7221462 0.7019669 0.7993660 -0.4590480 0.5923489 0.5394832 -0.0245097 -0.2037327 -0.3299475 0.8704587 0.8360057 0.6860165 -0.4340822 0.7933397 0.4211264 0.7457988 0.2346233 0.8946841 -0.2144454 -0.0065325 0.8030164 0.5243358 -0.0426611 0.8964223 0.0074890 0.7978352 -0.0695374 0.3695829 0.1630219 0.8914508 0.3977860 -0.0503289 0.7076551 0.6603396 -0.1399090 -0.0713627 -0.0635137 -0.2669919 -0.0095993 0.1051682 0.0068783 0.2532829 -0.0078155 -0.0344843 -0.0418461 0.2319595 0.1292745 0.0507236 -0.0508883 0.1782966 0.5216332 0.1967188 -0.0143699 0.1413758 -0.0502304 0.4743673 0.2648627 -0.0742883 -0.1566966 0.4299407 0.4918861 0.1619575 -0.0343483 -0.0246156 0.1464566 0.4577856 -0.1827055 -0.2341135 0.0072747 0.0874180 0.0026456 0.1999862 0.2412074 0.1579997 0.1542968 0.1180481 0.1303760 0.6069938 -0.4555599 -0.3197065 -0.7864504 0.0226324 0.4645181 -0.6631283 0.1284618 -0.4683435 0.2047128 0.2510609 0.1864298 0.0122993 -0.0729482 -0.3341833 -0.4358796 -0.5500374 -0.3626423 0.4111192 -0.4042707 0.7070148 -0.1831419 -0.4286646 0.1175546 -0.3941036 -0.2891635 0.6546783 -0.2326160 -0.2435770 -0.2766731 -0.0150737 0.5036905 0.6211228 0.2781126 0.4034727 0.1157156 0.7197782 0.0415988 0.6002798 0.4863173 0.2406188 -0.0326683 0.5638865 0.3354874 0.3615029 0.5217546 0.4144214 0.5008507 0.5417037 0.4369968 0.1562905 -0.2459070 0.2292746 -0.2346821 -0.1276682 -0.1108171 0.3972468 0.6892129 0.3141720 0.6952233 0.7001434 0.7391120 0.7867463 0.8273537 0.6760614 0.5607033 0.3464121 0.0189003 -0.0545621 -0.2386150 -0.3222037 -0.4258708 -0.5879039 -0.4876145 -0.5154161 -0.2955092 -0.2036066 -0.5983845 -0.0189222 0.1957850 0.4226806 -0.1578442 0.3056640 -0.0135997 -0.4664722 0.1070815 -0.0062253 0.1112799 -0.0248729 -0.3318215 0.3271658 -0.1667710 -0.3631437 0.6687558 -0.0288964 -0.4542127
0.3336107 0.1472526 0.2590291 0.1445986 -0.0990201 0.2858482 0.5829512 -0.3121179 0.5333608 0.5029655 -0.2848515 0.3201764 -0.3475040 0.0000000 0.2625355 -0.5061611 0.4047973 0.8977365 -0.5177287 -0.1875505 -0.2927146 -0.3876419 -0.3168396 0.8660930 -0.4776420 -0.2912600 0.1446320 0.9379978 -0.5994838 0.7184051 -0.2404017 -0.2668132 0.9097959 0.7701261 -0.1897589 -0.5451395 -0.1765798 -0.4400657 0.2088004 0.6107780 -0.3565015 -0.5417432 -0.3310352 0.8640346 -0.5734998 -0.2951874 -0.2817661 -0.3646266 0.9332154 -0.3960838 -0.2741816 -0.4558436 0.6684859 0.0535784 -0.2968387 -0.2559376 -0.2675944 0.5324619 -0.4735017 -0.4251783 -0.7027946 -0.6535409 -0.3410013 0.4988514 0.1722295 -0.3552510 -0.5966186 -0.3522378 -0.3041301 -0.0966277 -0.4629804 0.1280322 -0.6406639 0.2620879 -0.3917902 -0.2185563 -0.1235938 -0.4038397 -0.4778980 -0.1628895 -0.2480923 -0.0928116 0.0199266 0.1351379 0.2063266 -0.1009711 -0.1035674 0.1568967 0.0247858 -0.0743680 -0.1821535 -0.1155285 0.1176624 0.3927406 -0.2024656 -0.3380254 0.0827532 0.2522593 -0.2501444 0.2982180 -0.1530817 -0.0567810 -0.0864080 0.2599955 -0.1470641 -0.3799296 0.0657524 0.0389482 -0.0231055 0.1285066 -0.3491561 0.0856353 -0.1264925 0.2203821 -0.1076693 0.1656011 0.0979867 -0.0003712 -0.1071484 0.0975081 0.1800113 0.2382794 -0.0678041 0.2346614 0.1662265 0.2110075 0.3378662 -0.2820751 0.0579071 0.2580929 0.1839156 -0.2770770 0.1327690 0.2276993 -0.1807906 -0.1781331 0.0290576 -0.1072989 -0.1224846 -0.1421065 -0.3443504 -0.0674521 -0.1651096 -0.1693755 0.0007049 -0.1592151 -0.0798536 -0.1242288 -0.4000280 0.0224908 -0.1281491 0.0622038 -0.0955965 -0.2525276 -0.0664795 -0.1973684 -0.1582911 -0.0017169 -0.1263514 -0.3179462 -0.0684050 -0.2441110 -0.3209789 -0.1520343 -0.2022117 -0.0395553 -0.1529884 -0.2759194 -0.1317005 -0.2101257 -0.2912575 -0.1604256 0.0555947 -0.0511628 -0.2462255 0.5324139 0.2742497 0.4570988 -0.4494014 -0.4102346 0.1292014 -0.4245897 -0.6670823 -0.4142193 -0.5438006 -0.1882048 -0.1207541 0.0799059 -0.1478690 -0.1810820 -0.0609408 -0.1558764 0.4183592 -0.0027005 0.1404255 -0.0415832 -0.2537276 0.7324908 0.0169014 -0.0802918 -0.0551311 0.0231188 -0.1944866 -0.2516995 -0.0138169 -0.3276690 -0.1023875 0.5652916 0.0066640 0.0581236 -0.1657463 0.0969059 0.0666635 0.2010348 0.3767941 -0.0862999 0.4233174 0.5361955
0.5199597 0.3088689 0.4584194 0.7213296 0.0346034 0.6038395 -0.0804813 0.3659710 0.8887977 0.6531120 0.3483175 0.4278274 0.0276720 0.2625355 0.0000000 0.1100791 0.3473519 0.2218532 -0.0789116 0.0199101 0.3059274 -0.0163445 0.2507344 0.3516262 0.0639949 0.0474080 -0.0197372 0.1669005 0.2845585 0.1295859 -0.1077296 0.0439762 0.1498633 0.3849442 0.1954203 0.2720801 -0.0700072 0.0413399 0.2234130 0.0965213 -0.0855490 -0.0934313 0.2972959 0.2334498 -0.0997123 0.1354952 0.0333195 -0.0469872 0.3344833 -0.0449064 0.0641809 0.1895044 0.7288118 0.2921333 -0.0583813 -0.0423742 -0.0607987 0.4968349 -0.0609181 -0.1438867 -0.1020829 0.2258191 -0.0991319 0.6088012 0.6516999 -0.1272391 -0.1783126 0.4184251 -0.1108500 0.5748543 -0.1659724 0.5648477 0.1828112 0.7087301 -0.1286532 0.6074272 0.5124721 -0.0935389 0.0009973 0.3387181 -0.1710695 -0.1438980 -0.2539546 -0.5944421 -0.5806111 -0.5640635 -0.0582690 -0.4984050 -0.6554512 -0.6734768 -0.3224809 0.3521214 0.3124722 -0.3722834 -0.5677718 -0.3147775 -0.0682250 0.1910343 -0.6322297 -0.4801696 -0.4823134 -0.0021122 0.0464877 -0.4618485 -0.1942940 -0.4598163 -0.2981326 -0.0692148 -0.3284033 -0.0855703 -0.5285915 -0.1980748 -0.1661451 -0.1972318 -0.0829388 -0.1051145 0.0062669 -0.0210182 0.1416467 -0.0825308 -0.2222291 -0.1775164 -0.2169835 -0.2694013 -0.3099063 -0.0434366 -0.2266370 -0.2100199 0.0205132 -0.2898195 -0.3274159 0.0376131 -0.1240814 0.7139367 -0.0310736 -0.0085793 -0.0466571 0.0923465 -0.0639211 0.3760830 -0.1382778 0.3313513 -0.3481084 0.4950590 0.1438558 0.2122737 0.0363431 0.1204893 -0.2142508 0.5831449 0.5884180 0.5463559 0.1302146 -0.1219397 0.0761657 0.2433525 0.0602115 0.1164228 -0.2017039 0.5566713 -0.0290244 0.2427360 0.0800729 0.3354457 -0.1335881 0.1649538 -0.0350266 -0.0249805 -0.1030249 -0.1736046 -0.1530431 -0.1754433 0.5214842 -0.0500749 -0.0111743 -0.1002094 -0.0406547 0.1771425 -0.0515206 -0.1795997 -0.2800090 -0.1020522 0.1340477 0.1895235 0.0603449 0.3145748 0.0711831 0.1940730 0.5798291 0.5163860 0.2410407 0.0967603 0.1176070 0.4344652 0.1564506 0.2112223 0.1434587 0.4395611 -0.0447915 0.1991739 -0.4626822 -0.4280996 0.1515240 -0.0294524 0.0327500 -0.3659688 0.2408797 0.3639400 -0.3223631 -0.1642565 0.2988368 -0.0008474 -0.3539917 0.5141569 0.6176536 0.0948410 0.0311538 0.0928002
-0.1866510 -0.1909893 -0.0838575 0.3828936 -0.0624319 -0.1232727 -0.5668328 0.7173324 -0.0318278 0.0756658 0.5976376 -0.2199106 0.4110606 -0.5061611 0.1100791 0.0000000 0.1325798 -0.5247700 0.9014749 -0.0124481 0.1448672 0.4962133 0.9074771 -0.5685189 0.9223211 0.8768890 0.0549904 -0.5845636 0.2406654 -0.3763985 0.2190378 0.6972041 -0.5900660 -0.4909973 0.8052677 0.2352815 0.6105398 0.7993525 0.2356050 -0.2685565 0.5714272 0.0841702 0.8615221 -0.4384783 0.1336695 0.6943677 0.6813590 0.6566574 -0.5231202 0.6268296 0.7833095 0.6479850 -0.1098077 0.2694896 0.5498050 0.4909357 0.5850437 -0.0811688 0.2939332 0.7353773 0.4945702 0.7525231 0.2261104 -0.0097825 0.3550905 0.4920585 0.7588617 0.4620513 0.3389053 0.4455861 0.5505066 0.3234150 0.8923575 0.2663912 0.4671868 0.6636529 0.4085032 0.5221359 0.5684321 0.1795926 0.0732185 0.0584015 -0.0038674 -0.3926142 -0.3931554 -0.1423680 -0.0993515 -0.3541184 -0.2519434 -0.1769236 0.2511137 0.4215094 0.1848832 -0.4483959 -0.1290809 0.3319725 0.2955387 0.0292360 -0.0864968 -0.3383383 -0.1175830 0.1875151 0.2472277 -0.4036343 0.5281803 0.1445540 0.0128957 0.2430642 0.3096620 -0.0581857 0.3406106 -0.2302082 0.1316154 0.0592530 0.0640813 0.2109668 0.2309087 0.1565074 0.1455872 0.1581007 0.2159674 0.1575022 0.1826723 -0.3070470 0.0103246 -0.5156341 0.0835519 0.1941520 -0.3531273 0.0810780 -0.1329935 0.1523697 0.2447145 0.3166241 -0.1546123 -0.0073530 -0.0508390 0.0208203 -0.0602419 0.1208063 0.2283783 0.1785617 0.1259306 0.0792480 -0.0743466 0.1648420 0.0665649 0.0939921 0.3213548 0.3682300 0.4053351 0.0850760 0.3644660 0.2644941 0.3782956 0.2986678 0.2641577 0.1692968 0.1101721 0.4123806 0.3712096 0.6756969 0.2592239 0.1216457 0.4056893 0.1606159 0.3379284 0.4918184 0.3004714 0.3792477 0.3744923 0.3815290 0.1698222 -0.1307535 -0.1299229 -0.5456566 -0.4471932 -0.4970764 -0.0055209 -0.0176003 -0.2129531 0.0230345 0.3890611 0.1551345 0.3748653 0.4104099 0.0127726 -0.2343367 0.4798409 0.4777245 -0.1505039 0.1013105 -0.2762458 -0.0685701 -0.4355394 -0.1730546 -0.1292151 -0.1567248 0.0905091 -0.1960130 -0.2301621 0.0732092 0.4781533 -0.2367252 -0.2200981 -0.0116543 -0.0189847 -0.0275053 -0.1643473 0.2764303 0.5085460 -0.3693689 -0.3117164 0.3437229 0.0747713 -0.0280403 -0.2087005 -0.5521924
-0.0068650 -0.2147805 0.2330891 0.6505222 -0.2499902 0.0401292 -0.0749766 0.5092023 0.5315805 0.7977377 0.6823183 0.3919464 -0.0166931 0.4047973 0.3473519 0.1325798 0.0000000 0.2829897 -0.0795109 -0.2649017 0.4471393 -0.1836502 0.2789385 0.0729034 -0.0620653 -0.0438845 0.3122265 0.2458888 -0.0492345 0.5238351 -0.2269451 -0.2088412 0.0812888 0.0099878 0.0698179 0.1875234 -0.2208402 -0.0988613 0.8006661 0.4574337 -0.2643823 -0.4164618 0.3529877 0.4700568 -0.5741957 -0.0705449 -0.1071771 -0.1660323 0.3324566 -0.2238535 -0.0846165 0.3387453 0.4427284 0.7235850 -0.1638434 -0.1759145 -0.2244936 0.7865047 -0.2469549 -0.3338602 -0.3043940 0.1879490 -0.3154567 0.7402704 0.7288639 -0.3020869 -0.3125117 0.5094688 -0.2682757 0.6769021 -0.2830794 0.7475410 0.0094391 0.7185413 -0.2385405 0.2684552 0.5532651 -0.3457462 -0.2753182 0.2164037 -0.2846647 0.1730990 0.2342368 -0.0347929 -0.0142540 0.1945843 0.4406603 0.0361493 0.1261074 0.0515933 0.3035964 0.4918105 0.4164180 0.1296887 -0.0270049 0.0570168 0.1485856 0.5416902 -0.0506116 0.1403675 0.0184822 0.1910441 0.1213154 0.1076564 0.1843982 -0.0442641 0.1400464 0.0356007 0.2984981 -0.3161992 0.0405951 0.0274251 0.2131371 -0.0426071 -0.2846928 0.1205874 -0.1030278 -0.2031222 -0.1182891 -0.1060034 -0.0821244 -0.0648537 0.1415598 0.2653835 -0.1316649 0.2175402 0.1993541 -0.1898606 -0.0562975 0.0946641 -0.1282266 -0.0021852 0.0491868 0.5435090 -0.1370478 -0.1303718 -0.1656666 0.0144948 -0.1824541 0.3339487 -0.1801807 0.2367767 -0.1949282 0.2769359 -0.0428652 0.0773302 -0.0723286 -0.1708012 -0.2585566 0.4530525 0.3950193 0.4055923 0.1555186 -0.1366962 0.0497404 -0.0757072 -0.0283792 0.0877813 -0.2166363 0.3025321 0.0375589 0.3173619 -0.1699964 0.3501871 0.0383359 -0.0009598 -0.0583934 -0.0302021 -0.1065312 0.0676954 -0.0749662 -0.1131982 -0.0081301 -0.1149977 -0.0738322 0.3077386 0.2399821 -0.3056910 0.1468155 -0.3549662 -0.1940824 -0.2342313 -0.1295967 -0.0480868 -0.2001225 0.1544047 -0.1561291 -0.1769587 0.5215033 0.5135951 0.2071757 0.3109135 0.2935559 0.5095141 0.3469018 0.3604802 0.1469752 0.5849664 0.0325080 0.2056703 -0.2383010 0.1627558 0.2506020 0.1353810 -0.0950738 -0.2072386 0.1691998 0.2910420 -0.2175349 0.2849240 0.3706700 0.2586347 -0.3324403 0.5649500 0.6213692 -0.2888785 0.1220347 -0.1719523
