0.0000000 0.2829606 0.1543226 0.1186564 -0.3319295 0.1852989 0.0312134 0.2345064 0.0960120 0.2324798 0.3697539 -0.0917502 0.2601293 0.1813800 0.0696180 0.4462189 0.1841015 0.3791676 0.4253533 0.0547158 -0.2441292 0.2963672 0.4683435 0.2746224 0.4995733 0.4805306 0.1000390 0.2464215 -0.0366948 0.2627614 -0.1085061 0.4011747 0.1481162 0.0192046 0.5037075 -0.3336314 0.4205251 0.5392407 -0.0307011 0.0668273 0.1253318 -0.2916716 0.2299272 0.4553576 -0.1494993 0.5450655 0.3266755 0.3117511 0.0705317 0.5338584 0.3465226 0.1485905 -0.2324666 0.0990786 0.4309061 0.3676905 0.3500179 0.3192010 -0.0825276 0.3989078 -0.2345246 0.1843998 0.2628366 -0.4064791 -0.3350989 0.2695321 0.3965713 0.2950267 0.2835218 0.0770946 0.2415531 -0.3507091 0.3623562 -0.2256996 0.2104263 0.1277848 -0.3608497 0.3482326 0.1947243 -0.1175654 0.0295823 0.5310547 0.5086383 0.4595702 0.4951052 0.2517832 0.0074388 0.1099853 0.3474670 0.3690102 0.0860249 0.1284246 0.1066700 0.0225243 0.2362416 0.1460864 -0.0457253 -0.1683817 -0.1337164 -0.0520987 0.2064287 -0.0058241 0.1261113 0.1161205 -0.0698078 0.3633356 0.0678060 0.0630198 0.0410287 -0.0503645 -0.0323763 -0.0700987 -0.0260934 -0.0210912 -0.1668998 -0.0589938 -0.0427591 -0.1132414 -0.0576801 -0.2489123 -0.1022327 -0.0862729 0.0559398 -0.0332074 -0.1167166 0.2206969 -0.0451085 0.1928351 0.2038390 0.0035511 -0.0445204 -0.0033089 -0.0646173 0.0322392 0.0088889 0.2163733 -0.1167426 0.1610189 0.0262936 0.1612207 0.2390269 0.1179804 0.3044144 0.1910293 -0.0171673 0.1872815 0.1757422 0.1215362 0.1136044 0.1685851 0.2110182 0.2752907 0.1478675 0.1319798 0.3036013 -0.0770293 0.0860496 0.2576995 0.3776981 0.1590716 0.2936827 0.1684677 -0.2137411 0.2367795 0.2123179 0.1066442 0.2870022 0.1812688 0.2640344 0.2511910 0.0968651 0.1651710 0.6306311 0.3345805 0.6082179 0.2159189 0.0229726 0.0872849 -0.1476075 -0.0129851 0.1083491 -0.3855114 -0.3980089 -0.4181267 0.2506387 -0.1067908 0.5116873 0.0895157 -0.1782281 -0.1684349 -0.1629113 -0.1151484 0.1034642 0.0559220 -0.0098678 0.1338187 -0.2167217 0.0171525 -0.1964743 0.1958359 -0.0817161 -0.3229431 -0.1849114 -0.3004815 -0.0069722 -0.0581373 0.0757147 0.1638823 -0.1442487 -0.2616921 -0.1073453 0.0354287 -0.0634922 -0.0820764 -0.0022575 -0.0295878 -0.0138357 -0.1668076
0.2829606 0.0000000 -0.2143690 0.6197982 -0.5268491 0.5570646 0.1928587 0.2958803 0.5710208 0.7428772 0.7432531 0.6138816 -0.2835336 0.4022981 0.3985813 0.2849855 0.4877703 0.3698516 0.0194053 -0.2739141 0.6150223 -0.0752493 0.0808968 0.6152661 0.1649028 0.1000923 -0.4114691 0.2431102 0.6582078 0.1879230 -0.2358417 0.2859862 0.2674956 0.4925037 0.1898027 0.6319184 0.3898103 0.2895187 0.2999541 0.2670678 0.0669278 0.6455005 0.1336456 -0.0671537 0.6534495 0.3805889 0.4581886 0.3204191 0.1646278 0.3972105 0.4220920 0.3339645 0.4577710 0.1322576 0.4360641 0.4695188 0.5233453 0.3541822 0.5473914 0.4834100 0.5831751 0.4042192 0.3485745 0.3147855 0.0811524 0.3000784 0.3480974 0.3210656 0.2543611 0.5996155 0.1784224 0.1900051 0.4173512 -0.4516627 0.2251391 0.4892811 0.2702885 0.2723617 0.2712121 -0.0490478 -0.0699208 0.4415729 0.3652849 0.1703878 -0.1185172 -0.0769317 0.1430211 0.2987638 -0.1913099 -0.0926271 0.1441021 0.2350131 0.3136912 0.1854404 -0.1075437 0.2880594 0.4373021 0.1853584 -0.0959842 0.0045069 0.3567913 0.2445775 0.0054626 0.2522045 0.3786641 0.1144148 -0.1787099 0.1282241 0.2604187 0.0258144 0.2010290 0.0204004 0.0965631 -0.1187449 -0.1362891 -0.3200742 -0.3661758 -0.2755822 -0.4586901 -0.0297552 0.0549827 -0.0985358 0.3609376 -0.2273514 0.1775867 -0.0893458 0.3884846 0.4786153 0.2174535 0.5353005 0.2911919 -0.0180257 0.3815002 0.1643415 -0.2958760 0.3917087 0.2786117 0.1838203 0.1450228 -0.0040905 0.2657684 0.1497568 -0.1946249 -0.1352749 0.1654192 0.6010184 0.2434308 0.1872849 0.3784995 0.2233642 0.0968068 0.1033174 0.2936314 0.6352798 0.3220209 -0.1107470 0.0127492 0.2220172 0.2132553 0.0707268 0.4892367 0.3394935 0.0653251 -0.0250656 0.4524992 0.0030509 0.4996335 0.3714915 0.2951397 0.4478642 0.4390686 0.4648142 0.0883089 -0.1593682 0.6247385 0.3564614 -0.1941468 -0.5066162 -0.1180928 -0.2138933 -0.3113076 -0.0342692 0.3953926 0.0027485 -0.0014153 -0.3904121 -0.2938010 -0.6242503 -0.0122369 0.5091799 -0.5254923 0.4078854 0.0524868 -0.4039254 -0.6269142 -0.4392588 -0.2027169 -0.0211072 -0.3944777 0.0516968 0.3849884 0.1160315 0.0777572 0.0125108 0.2759736 -0.4180567 0.1808299 -0.0084817 0.3690330 -0.1260374 0.3123862 -0.1664772 -0.1030176 -0.4577301 -0.3126304 0.0139956 -0.2022623 -0.4392390
0.1543226 -0.2143690 0.0000000 0.0826659 0.7383209 -0.5428701 -0.2392877 0.3090838 -0.4674259 0.0084480 0.0783527 -0.3715231 0.4654584 -0.0160919 -0.5461074 0.4285551 0.3341262 -0.5009718 0.4687593 0.6172480 -0.3579534 0.5513092 0.5573826 -0.4644387 0.4192049 0.6477934 -0.0318654 -0.3743184 -0.4080928 -0.1318561 0.2484164 0.5334850 -0.1373163 -0.2290756 0.5876137 -0.4195937 0.5120116 0.4341280 0.1192486 -0.1116453 0.5924649 -0.4356539 0.4148102 0.0496795 -0.3576846 0.4163748 0.2775311 0.5436006 -0.1102919 0.4275298 0.3209830 0.1737551 -0.2627467 0.3710426 0.2140229 0.3513455 0.3518923 0.2723621 -0.4118515 0.2374300 -0.2826564 0.1637267 0.4025040 -0.3326992 -0.0942138 0.4682124 0.2261460 0.3595982 0.4114131 -0.0564123 0.5477979 -0.1779946 0.2523894 0.3087545 0.3618712 0.0644238 -0.1127887 0.3904229 0.1944408 0.4826630 0.1783716 -0.0907594 0.0371409 -0.0008860 0.0434029 -0.2238739 -0.3735133 0.1235455 0.0131623 -0.0044835 -0.0720884 -0.2540420 -0.1139935 0.0151349 0.1991580 -0.1433363 -0.1778478 -0.1343984 -0.2752043 -0.0370746 -0.1414894 -0.2565077 -0.1188314 -0.0704809 -0.1752704 0.1066646 -0.1041349 -0.1727133 -0.1477027 -0.1130699 -0.2649553 -0.2104602 -0.2452513 -0.2779872 -0.3229619 -0.1866095 -0.2033443 -0.2541983 -0.1106361 -0.2345767 -0.2982862 -0.1580083 -0.3323274 0.1531579 -0.1909653 -0.2128859 -0.3102459 -0.4340104 -0.0632427 -0.4067331 -0.2847970 -0.2384406 -0.2131236 0.2982459 -0.3139607 -0.2601719 -0.2706657 -0.2542862 -0.1977349 -0.3431876 -0.3654756 -0.2317824 0.4462513 -0.0589373 -0.2323548 -0.1970065 -0.2117478 -0.1449834 -0.3610184 -0.2104934 -0.3084324 -0.1591114 -0.3213672 -0.3272751 -0.0451950 -0.2255422 0.1607202 -0.1653793 0.1688386 -0.2710708 -0.1113470 -0.1522330 0.1484587 -0.1778440 -0.1724332 -0.0067135 -0.0444532 -0.1375317 -0.0455482 0.0131591 -0.1385514 -0.0699539 0.3232896 0.0727593 -0.0010013 0.2336310 0.5937302 0.6449782 0.4722751 0.4036933 0.2672590 -0.1506219 -0.2842424 -0.3803636 0.2952836 0.1955751 0.7681727 0.5929195 -0.0021016 -0.3612392 0.1415781 -0.1870970 0.1062447 0.3600480 0.1343301 0.1511762 -0.0691335 0.1196985 0.2524306 -0.2178262 -0.1164925 0.1008786 -0.0886811 0.0297989 0.2473661 0.2476508 -0.1332565 -0.1314030 -0.2771202 0.1449574 -0.4532345 0.0403746 0.4374061 0.2541254 0.3087154 -0.3925912 -0.2119166 0.2398078
0.1186564 0.6197982 0.0826659 0.0000000 -0.0475686 0.4476475 -0.3035273 0.6044945 0.3881303 0.8366988 0.8249298 0.4871130 0.0733391 0.5478729 0.1635305 0.5575791 0.6838632 0.2301367 0.3366838 -0.3064811 0.5895691 0.0944179 0.3529068 0.4263144 0.3204452 0.3297422 -0.4254067 0.2465115 0.5241278 0.3275971 -0.4262535 0.2186149 0.4952574 0.6467332 0.3525963 0.4958141 0.5054599 0.3635066 0.6432434 0.4286382 -0.0615550 0.4413542 0.3753607 0.0490525 0.7101813 0.5118853 0.6571159 0.1943566 0.3878102 0.5333959 0.6691183 0.4291561 0.7124159 0.5090204 0.2596980 0.5876387 0.5577580 0.4994678 0.0960328 0.6202341 0.6224997 0.5398749 0.2879986 0.5885329 0.4924680 0.2439815 0.6378269 0.6206023 0.3225487 0.8783837 0.4599429 0.5102827 0.7424411 0.0169166 0.5266509 0.8272509 0.5297365 0.6844321 0.7445265 0.4319915 0.5128119 0.0418099 0.2643151 0.0149279 -0.4271402 -0.3553153 -0.0071301 0.5482557 -0.3376428 -0.2103536 0.0010782 0.0807551 0.0660735 0.1960770 0.0762156 0.2521641 0.2609935 -0.0157331 -0.4141258 0.0551989 0.0094104 0.0031920 0.0553017 0.2706628 0.0635905 0.0132185 -0.3483745 0.1300623 -0.0065424 -0.0144720 -0.1401960 -0.1816914 0.0632546 -0.0611599 0.1968223 0.0164857 0.0177827 -0.0775990 0.0281874 -0.1852071 0.0873585 0.0573532 -0.2135610 0.1759467 -0.0898476 -0.3388686 0.2590496 -0.1452229 -0.0195599 0.5842573 0.1219036 -0.4191040 0.2637463 0.5075417 -0.6280821 -0.0116670 0.0740963 -0.1043637 -0.1110287 -0.3892222 -0.2363187 -0.1952712 -0.1360109 -0.3477103 -0.0808579 0.3108868 -0.0650839 -0.1233777 -0.0806750 -0.1521102 -0.2773175 -0.0284265 -0.0468366 0.1255929 0.0299991 -0.2832076 0.4433480 -0.0964193 0.5123387 -0.2805324 0.1255399 -0.0332600 0.0135564 0.1103843 0.0720746 -0.1322918 0.1292609 0.2690372 0.3569387 0.2675682 0.0863487 0.1282592 0.2396091 -0.2442256 0.1692673 0.4688113 0.1255615 -0.1646712 0.1454628 -0.0582031 -0.1473785 -0.2754073 0.0002441 -0.2282676 -0.2369562 0.0563932 -0.2059088 -0.3409804 0.2630302 0.5862655 -0.6332455 0.7061457 0.4124418 -0.1355581 -0.5105874 -0.1897628 -0.2517534 0.3695952 0.2346753 -0.3487631 -0.0454096 -0.2624791 -0.2070783 -0.2057940 -0.0406980 -0.0813492 -0.3007571 -0.1175920 0.0123197 -0.0373471 -0.1968805 0.0187153 -0.2327843 -0.0752588 0.1347518 -0.3394551 -0.1238666 -0.2860516
-0.3319295 -0.5268491 0.7383209 -0.0475686 0.0000000 -0.7085425 -0.3860966 0.0858000 -0.5184035 -0.2073234 -0.3005563 -0.4998436 0.2591078 -0.1463678 -0.5865713 0.0766778 0.1441643 -0.7378034 0.1828143 0.3852586 -0.4043414 0.2216688 0.2762135 -0.6713393 0.0580041 0.2915733 0.0825206 -0.4500541 -0.5996390 -0.1750694 0.1887877 0.1509765 -0.2947833 -0.4273605 0.2545196 -0.4209056 0.2387145 0.1005550 0.2252882 0.0355862 0.2900127 -0.4702207 0.2509416 -0.1039497 -0.4751696 0.0706834 0.0976176 0.2065284 -0.2438854 0.1336982 0.1094489 0.1146901 -0.2966542 0.3533469 -0.0081253 0.0852033 0.1160958 -0.0416013 -0.4536228 -0.0460226 -0.3383381 0.0255296 0.0814566 -0.0929120 0.1287156 0.2422839 -0.0007937 0.1228676 0.1661103 -0.1526896 0.3772542 -0.0216590 0.0099537 0.6270775 0.1933111 -0.0902699 -0.0905909 0.2419960 0.0930893 0.4328143 0.3450593 -0.4806859 -0.2272974 -0.2820877 -0.2324059 -0.2266333 -0.1874583 -0.0399534 -0.0742422 -0.1419769 -0.0412683 -0.1931756 -0.3056539 -0.0692250 0.2264432 -0.1340203 -0.2675526 -0.1333064 -0.2042252 -0.1308413 -0.2857038 -0.2768729 -0.1192579 -0.2583128 -0.2591003 -0.0784614 -0.1001265 -0.1566505 -0.2357060 -0.1446396 -0.3578923 -0.1994506 -0.2244450 -0.0967628 -0.0981926 0.0569964 0.1174427 0.0067141 0.1982646 -0.1066655 -0.1141519 0.0594530 -0.4140962 0.3070082 -0.1439544 -0.2479486 -0.2562382 -0.5685935 -0.1665889 -0.3921545 -0.2172305 -0.2587155 -0.2001824 0.2090521 -0.1727907 -0.4065092 -0.1863211 -0.2977797 -0.1439310 -0.3727398 -0.5437101 -0.2846437 0.2216837 -0.0974135 -0.1230370 -0.3610833 -0.2646205 -0.2062748 -0.5354149 -0.3214201 -0.3534606 -0.1763871 -0.3678373 -0.5510661 -0.3306787 -0.0743228 0.0437890 -0.2413985 -0.1414662 -0.3234541 -0.3991191 -0.2810558 0.2741809 -0.2202022 -0.3614917 -0.0100907 -0.2372217 -0.2354575 -0.1890125 -0.2590571 -0.2468039 -0.2748013 0.1670076 0.0611757 -0.4393708 0.0221408 0.5836909 0.6687707 0.5400835 0.4664786 0.3190788 0.1858086 -0.1119221 0.0215282 0.2260342 0.4786033 0.4654013 0.7101766 -0.0371639 -0.4796097 0.1874607 -0.2436997 0.0396090 0.4602492 0.3475901 0.3264629 0.1712643 0.1908188 0.5148984 -0.2860639 -0.1493016 0.2176875 0.1158114 0.3023593 0.1075331 0.5543534 -0.1762657 -0.0608699 -0.2348608 0.4158245 -0.3426716 0.1698380 0.3349989 0.4094076 0.4522786 -0.2792613 -0.1103707 0.3874650
0.1852989 0.5570646 -0.5428701 0.4476475 -0.7085425 0.0000000 0.1412764 -0.0840789 0.8001563 0.5757136 0.4412487 0.6659976 -0.3459153 0.4317651 0.7742782 -0.0947796 0.2999167 0.5102454 -0.2197317 -0.3010949 0.6423598 -0.4093930 -0.2303607 0.7698134 -0.1627285 -0.2886427 -0.0761801 0.5809022 0.8197510 0.3408708 -0.3677904 -0.2640695 0.6370542 0.7276933 -0.2066270 0.6462180 -0.0989367 -0.1780347 0.1423696 0.2014416 -0.3976206 0.6017955 -0.2427503 0.1876212 0.6913063 -0.0169978 0.1084220 -0.2884999 0.5131728 -0.0908667 0.0626611 -0.0765983 0.6075194 -0.0869311 -0.0581369 0.0144883 0.0595705 0.2800701 0.2692180 0.2634530 0.6000193 0.1685884 -0.1407819 0.4438105 0.1610199 -0.1071451 0.1776304 0.1420222 -0.1514183 0.4940442 -0.1143628 0.2269441 0.3220134 -0.4271482 -0.0381091 0.4714253 0.3548746 0.1545297 0.3635915 0.0883018 0.2285505 0.2202467 0.1300256 -0.0529055 -0.2643040 -0.0727677 0.0297466 0.2382223 -0.3196053 -0.1854086 -0.1901181 0.0587806 0.2092236 -0.0606888 -0.4316665 -0.0560687 0.0569559 0.0406239 -0.1948818 -0.0931238 0.0551861 0.1199621 0.0549117 0.0435680 -0.0492705 -0.2538866 -0.1356454 0.0676362 0.1148826 -0.0658528 0.0107104 0.1708723 0.1484646 -0.0074237 0.1194043 -0.0497486 -0.0741943 -0.1673064 -0.1609857 0.0052689 0.0113734 -0.1643991 -0.0309380 -0.2452148 0.1344911 -0.0309077 0.0491679 0.1760815 0.1466777 0.5459740 0.3224326 -0.0668006 0.1319796 -0.0968674 0.0030385 0.2759276 0.2064044 0.3069000 0.1630330 0.2057686 0.0672554 0.0974622 -0.1327158 -0.0222728 0.1474276 0.4973818 0.2067717 0.0347871 0.2142353 0.0233192 0.1870730 0.1671865 0.2416529 0.3126232 -0.1630791 0.0699141 0.0636931 0.1370531 0.1106911 0.1638659 0.0891109 0.0029753 -0.1103892 0.4004693 0.1089584 0.0031490 0.1946480 0.0393453 0.1204312 0.0848497 0.0313728 -0.0555584 -0.1200511 -0.3217447 0.1287556 0.0040553 -0.6100281 -0.7446629 -0.5524036 -0.6867416 -0.6321510 -0.4211564 0.0932842 -0.1296243 -0.4736659 -0.2332160 -0.4521581 -0.4510312 0.1598730 0.6135208 -0.5004605 0.6153628 0.0139408 -0.6167978 -0.5936729 -0.4535490 -0.3930927 -0.1091330 -0.0264554 0.1132180 0.1655203 -0.2566172 0.0238735 -0.2501464 -0.3083279 -0.4059554 0.1016412 -0.0207436 0.2285185 -0.2110695 0.2161073 -0.2912528 -0.6306591 -0.4960770 -0.4009222 0.2073487 0.2423966 -0.3903830
0.0312134 0.1928587 -0.2392877 -0.3035273 -0.3860966 0.1412764 0.0000000 -0.2979586 0.4519771 0.0784373 -0.1642909 0.5014770 -0.2524468 0.3787357 0.5255638 -0.3088062 0.0356639 0.2720268 -0.1460345 -0.0086461 0.2192064 0.0156406 -0.3355782 0.3574490 -0.0496008 -0.2363597 0.1121936 0.4992726 0.3958607 0.3195243 0.3094064 0.0703106 0.3068266 0.2871610 -0.2037469 0.2171929 -0.1088264 0.0042852 -0.0935606 0.0445653 0.1787897 0.3527366 -0.2488488 0.3701926 0.2323386 0.0429618 -0.0796496 0.1095020 0.2908796 -0.1834228 -0.2056344 -0.1168611 0.0689846 0.0173978 0.2958354 0.0709732 0.0370020 0.2580044 0.7204599 -0.1545061 0.3501079 -0.0726201 0.2128668 -0.1095089 -0.2106931 0.1347950 -0.2461289 -0.0772323 0.0728748 -0.2417609 -0.1958539 -0.2186920 -0.1142797 -0.3068040 -0.0302933 0.0590602 0.0781997 -0.2280247 -0.0560227 -0.0017979 -0.2815423 -0.0631419 0.0142350 -0.0763250 0.0564948 0.4193754 0.0719196 -0.2939869 0.0738049 0.1268859 -0.3344877 -0.0569706 -0.0486788 0.0558605 -0.2996030 -0.1782907 -0.0993817 -0.0281427 0.5580951 -0.0001312 0.3132203 0.1308270 0.2797375 0.2179753 -0.0516067 -0.1592859 0.2504052 0.1224698 -0.1015864 0.0336769 0.1434002 0.1991255 -0.0224743 -0.0118071 -0.1993054 -0.2302016 -0.2248198 0.0398144 -0.3133241 0.0834754 -0.1787734 -0.2285708 0.2465199 -0.3886105 -0.0992213 -0.1272893 0.0262625 0.2586318 -0.2407499 -0.2045113 -0.1511995 0.0350530 0.1868138 -0.5969118 0.1493908 0.0341957 -0.0267290 -0.1197382 -0.1284791 -0.0967341 0.2208936 -0.1782133 -0.3220375 -0.1969706 -0.1115988 0.0710851 -0.2081223 -0.1892907 0.2581243 -0.2198071 -0.1527335 -0.2959790 -0.2547625 0.2649835 0.1530460 -0.3426637 -0.6262202 -0.1646598 -0.3386785 -0.1667069 0.1136428 -0.1810627 -0.2725601 -0.3706091 0.0123364 -0.3312481 -0.0789854 -0.2363572 -0.1212997 -0.2889429 0.0771172 0.1698119 -0.2100546 0.1874204 0.4310907 0.2874335 -0.0752398 -0.1769212 -0.1545032 -0.1610019 -0.0715057 0.3444918 0.3634523 0.3554783 -0.0546102 -0.2261674 0.1018839 -0.1902193 -0.0214488 -0.0177596 0.2709984 0.0724877 0.0786772 -0.2624570 -0.2836671 -0.4130868 -0.2630381 -0.1578879 -0.2375984 -0.1108364 0.1384024 -0.0519898 0.0558788 -0.0187083 0.0782299 -0.4034250 -0.1341153 0.0064284 0.0107932 -0.3251587 0.1574142 -0.3698827 -0.1193157 -0.2994516 -0.4199712 0.1580923 -0.1775068 -0.3315845
0.2345064 0.2958803 0.3090838 0.6044945 0.0858000 -0.0840789 -0.2979586 0.0000000 -0.2992127 0.4308782 0.7279722 -0.0063037 0.6993688 0.1308297 -0.4280421 0.9036205 0.3637355 0.1299221 0.7878467 0.0006690 0.0279988 0.6532174 0.6853684 0.0884495 0.7427200 0.7903780 -0.5084472 -0.0439493 0.0885514 0.0179977 0.1347154 0.6163756 0.1418985 0.2742098 0.7597879 -0.0622790 0.7346020 0.6892010 0.4100067 0.2777232 0.3147148 0.1736086 0.8413755 0.0065256 0.3341059 0.7586114 0.8062604 0.4691705 -0.0351799 0.6979241 0.8775141 0.7373998 0.1925824 0.5866984 0.4566426 0.7659152 0.6768935 0.4456874 0.1611525 0.6782738 0.2332736 0.6958685 0.5915378 0.0390428 0.1625119 0.3849285 0.7664974 0.6661572 0.6350623 0.4998306 0.5669108 0.0207415 0.6614154 -0.0793010 0.7105179 0.5183895 -0.0063273 0.5276624 0.4234390 0.1076333 0.1572101 0.1009433 0.3249617 0.4099748 0.0591077 0.0770247 0.1212242 0.2365284 0.3532857 0.3462151 0.2766385 0.0281097 0.0611564 0.1136453 0.5425640 0.3486297 0.3643091 -0.0431239 0.1528993 0.2974192 0.3897186 0.2040926 0.1722295 0.3956412 0.2533003 0.4883834 0.0188818 0.0919135 0.1698705 0.2770086 0.2733689 -0.1121411 0.1033087 -0.0786247 0.0877977 0.0387660 -0.0376692 -0.0700564 0.0383495 -0.2740799 -0.1099250 -0.0600701 0.0569879 0.1721810 -0.3429762 -0.1593742 0.2192935 -0.0188003 -0.0704510 0.1907362 -0.1915461 0.0409355 0.2057508 0.7455310 -0.4196837 0.0366364 -0.1570013 -0.2209193 -0.3462103 -0.2626924 0.0847434 -0.0156307 0.2680861 -0.0457311 -0.2530632 0.1305700 -0.1743705 -0.1452312 0.0518617 0.1330925 -0.1208988 0.0518265 -0.0407055 0.0910653 0.4329695 -0.1069815 0.6054956 -0.0936939 0.5768649 -0.0845667 0.3540917 0.2230871 0.2871264 0.1924676 0.1540175 0.0433793 0.0973665 0.3837540 0.2878974 0.4425111 0.2173518 0.3182825 0.2359297 -0.0981981 0.2965494 0.4761595 0.3427695 0.2740156 0.1839613 0.2452835 0.3308796 -0.0246749 -0.0120847 -0.1341756 0.2617019 0.1032337 0.1541697 -0.2069125 -0.1373180 0.1316493 -0.2982245 0.1706760 0.2726240 0.2325939 -0.2176424 0.0171308 -0.2737575 0.0854622 -0.1051810 -0.3237406 -0.4762684 -0.4145134 -0.5199875 -0.5003295 0.0624936 0.0149393 -0.4158876 -0.4519684 -0.4858327 -0.4424687 -0.3666805 0.1841993 0.0681823 0.0286278 0.2708992 -0.6518429 -0.4084841 -0.2257603
0.0960120 0.5710208 -0.4674259 0.3881303 -0.5184035 0.8001563 0.4519771 -0.2992127 0.0000000 0.6226634 0.2330784 0.8286313 -0.6151323 0.6642320 0.9491798 -0.2877936 0.3932204 0.4022088 -0.3082802 -0.3102986 0.7109534 -0.4534315 -0.3622967 0.7928690 -0.2262035 -0.4296238 -0.0030339 0.7439897 0.8061682 0.4893412 -0.3561607 -0.2112226 0.7092619 0.7017744 -0.3382063 0.6781204 -0.1247740 -0.1182769 0.2208626 0.2359777 -0.2688291 0.5354697 -0.4365082 0.3560789 0.6221528 -0.0241100 0.0435822 -0.1379937 0.6388637 -0.0720601 -0.0607149 -0.2164126 0.5899907 -0.0045869 0.1138576 0.0516344 0.0959264 0.3293711 0.4353472 0.1442404 0.6365654 0.0605143 -0.0870880 0.4750807 0.1465252 0.0527273 0.0389561 0.1075948 -0.1151485 0.4285700 -0.0355917 0.2820889 0.2635194 -0.2627710 0.0129830 0.5276159 0.4761231 0.2596055 0.4319890 0.2685423 0.2687067 -0.0311286 0.0593905 -0.2228412 -0.3726362 -0.0612047 0.0400636 0.2257569 -0.4483381 -0.2992892 -0.3486174 0.0721435 0.0634326 0.0820998 -0.4619287 -0.1122476 -0.0893490 -0.0158399 -0.1596258 -0.2008775 0.0038575 -0.0415912 0.1194581 0.0847467 -0.2056769 -0.4491637 -0.1672311 0.1103382 -0.1246302 -0.1841225 -0.2552177 0.0325554 -0.0044327 0.0216283 0.0620603 -0.1264453 -0.0474868 -0.0108839 -0.1743357 -0.0200841 0.0162396 -0.0934323 -0.0597972 -0.3587389 0.0915329 -0.2707453 0.0620008 0.1258607 -0.0223909 0.3513394 0.2203175 -0.3044132 0.1512279 -0.4520548 -0.0795274 0.1225482 0.1765401 0.1170191 0.1295185 -0.0605596 -0.0661662 -0.1347603 -0.3733795 -0.3484457 0.0692100 0.3541238 0.0479510 -0.0544843 0.0343563 -0.2448689 -0.0604410 -0.1508696 -0.0433577 0.2447847 -0.2227712 -0.2828954 -0.3721512 -0.0530232 -0.1432510 -0.1296153 -0.0490837 -0.2333433 -0.3456632 -0.0811493 -0.0109881 -0.3505546 0.0401132 -0.1977788 -0.0037755 -0.2194809 -0.0775678 -0.0941515 -0.0762130 -0.1538532 0.1850279 0.1398236 -0.4003798 -0.6455959 -0.3045499 -0.5457482 -0.6097095 -0.1851048 0.1815190 0.0101543 -0.4721319 -0.2240880 -0.3211734 -0.3249899 0.2481931 0.4976170 -0.4770957 0.6106316 0.1164902 -0.6555043 -0.6571317 -0.5570908 -0.3781352 0.0389004 0.0889962 -0.0924384 0.3820723 -0.1016820 0.2479026 0.0586059 -0.0954624 -0.3937399 -0.0035797 0.1848116 0.4047020 -0.0551938 0.2593708 -0.4727644 -0.5050812 -0.4702530 -0.4992002 0.3131058 0.1954823 -0.3767799
0.2324798 0.7428772 0.0084480 0.8366988 -0.2073234 0.5757136 0.0784373 0.4308782 0.6226634 0.0000000 0.7995025 0.6009632 -0.0616605 0.7350674 0.4252281 0.4298073 0.8123107 0.2865128 0.2418974 -0.1996510 0.5491451 0.0268086 0.2859790 0.6067902 0.2880637 0.2841640 -0.3508240 0.4933553 0.6922651 0.4861807 -0.3104780 0.3011684 0.6133414 0.7461514 0.3587817 0.5143940 0.5697773 0.3723508 0.6160695 0.5122387 -0.0330412 0.5626217 0.2949936 0.3450890 0.7167061 0.5583659 0.6699725 0.2967650 0.5169855 0.4575338 0.6363591 0.4382115 0.6295985 0.5742113 0.5108481 0.6297727 0.6751268 0.7577809 0.4163453 0.5982190 0.6928469 0.6239324 0.4558240 0.4511100 0.3143447 0.4303672 0.5580434 0.6208343 0.3791486 0.8034802 0.4125151 0.2425861 0.7209906 -0.2228619 0.5055779 0.8269512 0.3806400 0.6622774 0.7612427 0.5180149 0.4677918 0.0153098 0.2839653 -0.0957991 -0.4380146 -0.0930527 0.0339319 0.3088064 -0.2463674 -0.1565168 -0.0304659 0.1455827 0.1419131 0.0166322 -0.0683041 0.2249026 0.2173586 -0.0377697 -0.2329437 -0.2233821 0.2550634 0.0640753 0.1623402 0.1157957 0.0619517 0.0171807 -0.1884749 0.1662116 0.0454481 -0.0727033 -0.0556726 0.0061348 0.0065396 -0.1540468 -0.0322279 -0.1920717 -0.1350454 -0.2314783 -0.1903201 -0.2382684 -0.1700129 -0.2285864 -0.0468552 -0.1193789 -0.0916716 -0.3767736 0.1724432 0.0816576 0.0202995 0.4681717 0.1310164 -0.3977431 0.2289972 0.1682138 -0.4291899 0.1368296 0.0951875 0.0207528 -0.0268059 -0.2629026 -0.1572692 -0.1669787 0.0135212 -0.2879646 -0.0212843 0.5546285 -0.0155783 -0.1361751 0.0183396 -0.1698847 -0.1459704 -0.0663923 -0.0731138 0.2793857 0.0308915 -0.3321271 0.1309879 -0.0699846 0.3067199 -0.1413338 0.1749405 -0.0456546 0.0309735 0.1299565 0.1115906 -0.1777037 0.2958307 0.1189285 0.2079165 0.1540734 0.1317267 0.1542462 0.1836642 -0.2768285 0.2937083 0.4758003 -0.0618500 -0.2872693 -0.1228688 -0.2747676 -0.2834881 -0.1547972 0.2365156 -0.0501958 -0.2910277 -0.0401386 -0.1160669 -0.2957293 0.0467355 0.4553970 -0.6434199 0.6937873 0.2912292 -0.3473996 -0.7147291 -0.3983238 -0.5039359 0.1250504 0.1145314 -0.2739586 0.0729289 -0.2370634 0.0165742 -0.1759323 -0.0787954 -0.2957900 -0.1981710 -0.2259415 0.0403119 -0.1998400 -0.0076761 -0.1908688 -0.4615431 -0.4197789 -0.0995503 -0.2534436 -0.1863460 -0.4568142
0.3697539 0.7432531 0.0783527 0.8249298 -0.3005563 0.4412487 -0.1642909 0.7279722 0.2330784 0.7995025 0.0000000 0.3504858 0.2714622 0.4120259 0.0418953 0.7252880 0.6447794 0.3895945 0.4633177 -0.1362729 0.4052591 0.3313188 0.5112410 0.4410600 0.5196474 0.5372263 -0.4796573 0.1526691 0.4892236 0.2150418 -0.2341247 0.4673496 0.3425934 0.5615861 0.5892229 0.3723247 0.6387654 0.5140891 0.4410745 0.3457613 0.0956190 0.4825096 0.5727049 0.0673110 0.6516050 0.6904913 0.7472655 0.3690331 0.2232991 0.6057667 0.7698753 0.6209693 0.5015430 0.4419860 0.4411932 0.7066906 0.6888694 0.5573107 0.2732769 0.6713126 0.5091768 0.6166572 0.4918825 0.2757057 0.2080089 0.3693627 0.6460429 0.5758889 0.4965831 0.7780613 0.4129192 0.2327817 0.6413679 -0.2886377 0.5363713 0.6453494 0.2780787 0.5162537 0.5073900 0.1607388 0.1620400 0.3842377 0.3728853 0.2260752 -0.1150442 -0.1082220 0.0290388 0.4019860 -0.0318036 0.0284836 0.2399941 0.1763143 0.3072571 0.1620285 0.1720350 0.3775709 0.4878321 0.0677236 -0.1862520 0.1418356 0.2758394 0.2211835 0.0718612 0.2560804 0.3860745 0.3285919 -0.1651668 0.1076552 0.2428562 0.0853539 0.2403640 -0.0037889 0.1394668 -0.1296796 0.0137249 -0.1098140 -0.1526422 -0.2226476 -0.1432927 -0.2060406 -0.0830947 -0.1461255 0.1652816 0.0245689 -0.1256215 -0.0899865 0.2903077 0.2164574 0.0964183 0.5147799 0.0663330 -0.0703915 0.3186504 0.5602835 -0.3977745 0.2363493 0.0412708 0.0341316 -0.0919342 -0.1222951 0.1419852 0.0301804 0.1037032 -0.0667712 -0.0391223 0.4902296 0.0889200 0.0214595 0.2964605 0.1588991 0.0053709 0.1612531 0.1800223 0.4343875 0.3922355 -0.1109322 0.4495555 0.1206050 0.5151467 0.0315380 0.4705414 0.3075421 0.1732931 0.2766289 0.3599945 0.1285165 0.4092533 0.4476003 0.3810953 0.5222080 0.3797076 0.4076872 0.3128333 -0.1321608 0.4727951 0.4946534 0.0023199 -0.2305689 -0.0705781 -0.1408314 -0.0897331 -0.2425164 0.1162493 -0.1955033 0.0001260 -0.1701784 -0.0917917 -0.4817239 0.0325769 0.5034775 -0.5592567 0.4982523 0.2688848 -0.1580227 -0.4891312 -0.2220174 -0.3150176 0.1099396 -0.1640626 -0.1129272 -0.0628642 -0.2751513 -0.3289070 -0.4447981 0.0219221 -0.3129332 -0.1622037 -0.2481247 -0.0841050 -0.2996146 -0.1801634 0.0387682 -0.2116708 -0.2599246 0.0399561 -0.3771314 -0.2757637 -0.3169115
-0.0917502 0.6138816 -0.3715231 0.4871130 -0.4998436 0.6659976 0.5014770 -0.0063037 0.8286313 0.6009632 0.3504858 0.0000000 -0.4181602 0.5701209 0.7862478 -0.1058895 0.3095900 0.3268314 -0.1725117 -0.3367065 0.8877562 -0.1965294 -0.3341894 0.7359082 -0.1140553 -0.3090331 -0.2091699 0.6462829 0.9232148 0.2844167 -0.2457328 -0.1199985 0.7617072 0.8467521 -0.2936297 0.8161146 -0.0732300 -0.0782366 0.1572366 0.0922049 -0.0998219 0.7146232 -0.2974975 0.2269514 0.8490419 0.0229922 0.0977111 -0.0784861 0.7022834 -0.0714355 0.0400328 -0.1503255 0.8071391 0.0639419 0.0254257 0.1200434 0.0858878 0.3657377 0.5874892 0.1547194 0.8726460 0.0870492 0.0152007 0.5925403 0.3380313 -0.0221814 0.0958627 0.1566995 -0.0679959 0.4205798 -0.0299737 0.4446160 0.3065655 -0.2269114 0.0911502 0.6298660 0.6518068 0.2186592 0.4431648 0.2919181 0.1249811 -0.1194948 -0.0905401 -0.2004381 -0.4545710 -0.2323090 -0.1423095 0.2503063 -0.4969004 -0.3196755 -0.4882506 -0.2146877 -0.0971733 0.1985321 -0.4795458 -0.2184568 -0.0681295 -0.1376130 -0.0191603 0.0659933 -0.0054573 -0.1339429 -0.0153023 0.3615394 -0.1591508 -0.3940484 -0.3325751 -0.0435729 -0.2454565 -0.1747967 -0.1422281 -0.2002341 -0.1417366 -0.1806454 -0.0099055 -0.3037091 -0.2933936 -0.1240662 -0.3627150 -0.1725087 -0.0760474 -0.1363410 -0.0982230 -0.2851833 -0.1169383 -0.4355105 0.0797690 -0.0131260 -0.2355131 0.2637248 -0.0211402 -0.3205683 0.1173289 -0.2405879 -0.3977966 -0.0600579 -0.0078379 -0.1823610 -0.1855559 -0.2771448 -0.0709708 -0.2745583 -0.4456150 -0.5406933 -0.2431426 0.1519307 -0.2534937 -0.2532707 -0.0209881 -0.3195839 -0.2865484 -0.4028306 -0.2624242 0.2123503 -0.0493498 -0.4162879 -0.1678919 -0.3458609 0.0320338 -0.3317325 -0.0120483 -0.3085255 -0.3567984 -0.2492292 -0.1132066 -0.5383670 -0.1970429 -0.1627491 0.0474315 -0.1514415 -0.1191070 -0.0075836 -0.2817795 -0.2639470 0.2748762 0.4026738 -0.1357487 -0.4882394 -0.0213941 -0.2687752 -0.4120871 -0.0634769 0.2550311 -0.0124968 -0.4332029 -0.2154899 -0.3904872 -0.5254033 0.4139943 0.6590668 -0.4144986 0.7152925 0.2739492 -0.5085105 -0.7176791 -0.5830558 -0.3291792 0.1156981 0.0413897 -0.3065069 0.1582434 -0.0866575 -0.0609480 -0.0807850 -0.0130168 -0.4348899 -0.2629144 -0.1280475 0.2258689 -0.1569317 0.0889154 -0.4167098 -0.3186705 -0.3227604 -0.4394479 -0.0507729 0.0456410 -0.4297489
0.2601293 -0.2835336 0.4654584 0.0733391 0.2591078 -0.3459153 -0.2524468 0.6993688 -0.6151323 -0.0616605 0.2714622 -0.4181602 0.0000000 -0.1301430 -0.6091535 0.6968843 0.0508634 -0.0636342 0.7773683 0.3571818 -0.5091490 0.8037278 0.6160850 -0.2713362 0.6601648 0.7364535 -0.2382775 -0.1653466 -0.3179354 -0.1107119 0.4518318 0.4353832 -0.0418031 -0.0293962 0.6382199 -0.5980529 0.4738496 0.4992855 0.0356895 0.0345263 0.2659734 -0.3324599 0.6647962 0.1941138 -0.1480154 0.5451718 0.4584764 0.2438746 -0.0776714 0.3944086 0.5444831 0.4648256 -0.1625239 0.4189955 0.2357087 0.4186313 0.3204438 0.3235350 -0.1483232 0.3367829 -0.1632227 0.3691550 0.4508184 -0.2255254 0.0473113 0.1776756 0.5097450 0.3865290 0.4232305 0.0905675 0.3912102 -0.1464387 0.3348583 0.1812174 0.5035651 0.1359753 -0.1951876 0.2822165 0.2390313 0.1160081 0.1859085 -0.0027322 0.1157904 0.3001083 0.2611145 0.2524217 -0.0309493 -0.1849138 0.5533209 0.4987273 0.1854369 -0.0989928 -0.0388738 -0.2248319 0.5070972 0.1037396 0.0749831 -0.1344402 0.2767975 0.2627918 0.2638936 0.0800398 0.1875613 0.0669606 0.1104857 0.4973001 0.1910571 -0.0386251 0.0201228 0.1976782 0.2962569 0.0036872 -0.0380787 -0.1758652 0.0223887 0.0623161 0.0040551 -0.0506095 0.1696792 -0.2651477 -0.3224201 -0.2773143 -0.0728134 0.2725037 -0.5092824 -0.0985178 -0.1697712 -0.2244002 -0.2466377 -0.1442634 -0.4383559 0.0982426 -0.0764789 0.6355009 -0.1356124 -0.2075286 -0.3908229 -0.3207604 -0.4635768 -0.1995889 -0.0339552 -0.1380939 0.4640954 0.1043709 -0.3598420 -0.2308826 -0.3389404 -0.3362024 -0.0413026 -0.0181287 -0.1151045 0.0046058 -0.2261788 -0.2731015 0.2230450 -0.0512179 0.4988438 -0.2242414 0.3735713 -0.0456740 0.0010655 -0.0234723 0.2332205 0.2939832 -0.1688222 0.1211010 -0.1626809 0.0676411 0.0240030 0.0686803 -0.0968800 -0.0322346 0.1566529 -0.0065057 -0.0057009 0.3067706 0.4109707 0.5529290 0.0942743 0.2497235 0.5195377 -0.0434159 -0.3732595 -0.1483963 0.2228104 0.3913076 0.5001197 0.2518562 -0.0382918 -0.1593587 0.1304373 -0.0857302 0.1958274 0.4792846 0.1422882 0.2730112 -0.2475736 0.0417395 0.0877874 -0.3863936 -0.6961880 -0.5359455 -0.6312239 -0.6333504 -0.2508194 0.1839135 -0.5111741 -0.4230926 -0.7973140 -0.4917650 -0.6212498 0.2111975 0.0236236 0.1136593 0.4337725 -0.6038298 -0.3507045 -0.0896676
0.1813800 0.4022981 -0.0160919 0.5478729 -0.1463678 0.4317651 0.3787357 0.1308297 0.6642320 0.7350674 0.4120259 0.5701209 -0.1301430 0.0000000 0.5717352 0.2093389 0.7869045 0.4814579 0.2502957 -0.0810352 0.3965138 0.0962230 0.2521978 0.6553762 0.2868701 0.1470767 0.0976152 0.7612056 0.5871311 0.8790770 -0.1000142 0.2657198 0.6941405 0.6961541 0.1824476 0.3024444 0.3827041 0.3638798 0.7000063 0.6219698 0.1099552 0.3703929 0.1074029 0.5181361 0.5404668 0.4535256 0.4724657 0.3330450 0.5590272 0.2654682 0.3927611 0.2212453 0.4585718 0.5952697 0.5304015 0.5004593 0.5130915 0.6852533 0.3890750 0.4968592 0.5363879 0.4833151 0.4558773 0.2734499 0.1673569 0.4077631 0.4787115 0.5290194 0.3397400 0.5774572 0.3805560 0.1197748 0.6479854 -0.2181538 0.4439163 0.7734781 0.3381204 0.5041327 0.7501040 0.5890437 0.4193680 -0.0419450 0.3511741 -0.0020658 -0.2322051 0.0580454 0.1071496 0.3337511 -0.1316588 0.0420896 -0.0993694 0.2047275 0.1015739 0.1614719 0.0401253 0.2599882 0.1126291 -0.0179978 -0.0540798 -0.0284637 0.1859862 0.0165982 0.3831774 0.2248967 -0.0563492 0.0280236 0.0395354 0.4561465 -0.0752957 0.0808289 -0.1023740 0.1430065 0.2244249 0.2090127 0.2648356 0.1626380 0.2346538 0.2163870 0.1569405 0.1054704 0.1488952 0.0998394 -0.0656415 -0.0320632 -0.0565228 -0.2867348 0.3423574 0.0108638 -0.1723622 0.4069789 0.0807598 -0.5072741 0.4113376 -0.1971634 -0.3575070 -0.0125742 0.0691388 -0.0851398 -0.0545443 -0.4105188 -0.1435562 -0.3413901 -0.2718887 -0.4782514 -0.0461277 0.3880708 -0.1452521 -0.2377934 0.0019043 -0.3670771 -0.3113155 -0.2787014 -0.2494454 0.1976305 -0.0146843 -0.6226463 -0.0413876 -0.1852379 0.2500298 -0.3389022 0.0683405 -0.2124519 -0.3183849 -0.0144966 0.0760825 -0.3777186 0.0891490 0.0106728 0.2565317 -0.0692268 0.0542307 0.1045892 0.0866040 -0.0294385 0.2209731 0.3615341 -0.0569828 -0.1813584 -0.1794129 -0.3197889 -0.1748647 -0.2026488 0.0505040 -0.0288150 -0.3538594 -0.0718041 0.0485000 -0.1992893 0.0530823 0.2458270 -0.2462185 0.5979801 0.4600459 -0.3428340 -0.5048425 -0.3736990 -0.5412021 0.2270172 0.2194907 -0.4148754 0.1281926 -0.3678386 -0.0597193 -0.2677903 -0.0728941 -0.3335401 -0.3862314 0.1292354 0.0164758 -0.3034769 -0.2086810 -0.3066387 -0.4242676 -0.3088133 -0.1531674 0.0171485 0.0082284 -0.1851386
0.0696180 0.3985813 -0.5461074 0.1635305 -0.5865713 0.7742782 0.5255638 -0.4280421 0.9491798 0.4252281 0.0418953 0.7862478 -0.6091535 0.5717352 0.0000000 -0.3921369 0.2054651 0.4262756 -0.3465308 -0.2224258 0.6031165 -0.4297476 -0.4392192 0.7966932 -0.2625759 -0.5175823 0.1371716 0.8059079 0.7810441 0.4389398 -0.2571771 -0.2827187 0.7205602 0.6639545 -0.4548319 0.5715998 -0.2865900 -0.2134752 0.0398028 0.1099545 -0.2741600 0.4434954 -0.5649035 0.4239726 0.5197278 -0.1704326 -0.1390308 -0.2191182 0.6678455 -0.2567851 -0.2196073 -0.3745534 0.4939208 -0.1386686 0.0138513 -0.1307755 -0.0944583 0.2474826 0.4172662 0.0333494 0.5291231 -0.0473144 -0.1833211 0.3814547 0.0463402 -0.0774719 -0.0491400 -0.0217459 -0.2539731 0.2573186 -0.1698534 0.2037401 0.1443763 -0.3274369 -0.1140339 0.4084127 0.3881728 0.1019748 0.3167448 0.2093479 0.1353500 -0.0420090 -0.0217512 -0.1828534 -0.2507674 0.0056745 0.0051782 0.1662039 -0.3511614 -0.2087899 -0.3947845 0.0014089 0.0319569 0.0824252 -0.4626784 -0.2042702 -0.1863210 -0.0632654 -0.0542937 -0.1096000 -0.0135757 -0.1083980 0.1164824 0.1181701 -0.2867351 -0.4578084 -0.1013211 0.0992153 -0.1776251 -0.1637086 -0.2524108 0.0381289 -0.0028128 0.0546442 0.1049677 -0.0906677 -0.0167832 0.0389915 -0.1473960 -0.0157433 0.0022179 -0.0851627 -0.0601317 -0.4222417 0.0626923 -0.2534350 0.0035409 0.1360885 -0.0764341 0.2377332 0.1533338 -0.2430554 0.0650749 -0.6040720 0.0398462 0.1064460 0.1150437 0.1034036 0.1132999 0.0122332 0.0388173 -0.1183804 -0.3314527 -0.3389440 0.0055260 0.2591625 0.0157740 -0.0519699 0.0380938 -0.2423039 -0.0128515 -0.2292123 -0.0757255 0.2224923 -0.1947344 -0.2876419 -0.3975048 -0.1034807 -0.1999964 -0.0953802 -0.0830329 -0.2716135 -0.4638113 -0.0743704 -0.0520349 -0.4102494 -0.0707879 -0.2690079 -0.0432969 -0.2771196 -0.1565699 -0.1477154 -0.2233344 -0.1400379 0.1134976 0.0048208 -0.4945999 -0.6399355 -0.4174903 -0.6034916 -0.5957544 -0.2404010 0.0963873 -0.0366686 -0.5160963 -0.2797195 -0.3263868 -0.3133786 0.2261839 0.4382580 -0.3926297 0.5297725 0.0789351 -0.6996022 -0.6060023 -0.5654008 -0.3943391 -0.0342562 0.0406929 -0.0775983 0.3533866 -0.1059645 0.2376029 -0.0218366 -0.1538945 -0.4827677 -0.0161973 0.1778089 0.3873944 -0.1540383 0.2590854 -0.5233266 -0.5210881 -0.4701453 -0.5776941 0.3797996 0.3281469 -0.2788728
0.4462189 0.2849855 0.4285551 0.5575791 0.0766778 -0.0947796 -0.3088062 0.9036205 -0.2877936 0.4298073 0.7252880 -0.1058895 0.6968843 0.2093389 -0.3921369 0.0000000 0.4170820 0.2429626 0.8923001 0.1436199 -0.1194425 0.7330694 0.8593273 0.0952569 0.8943063 0.9148547 -0.3734466 0.0188472 0.0208516 0.1384497 0.1068671 0.7460376 0.1345853 0.2259927 0.8639854 -0.2437344 0.8032697 0.8197432 0.3918284 0.2403415 0.3900079 -0.0165130 0.8420259 0.1741348 0.1970938 0.8437080 0.7748788 0.6061435 0.0252079 0.7902414 0.8816328 0.6765690 0.0833317 0.5831924 0.5849837 0.7718143 0.6936905 0.5644937 -0.0009131 0.7520566 0.0460367 0.7299214 0.7000699 -0.0940423 0.0111724 0.4595302 0.8319940 0.7684284 0.6558369 0.5428146 0.6065653 -0.0571283 0.7229873 -0.1502306 0.7340158 0.5369672 -0.0890059 0.5489079 0.4547313 0.1917864 0.1084715 0.3107883 0.5331264 0.5246943 0.2585246 0.1214325 0.1509131 0.3678513 0.4371099 0.4883080 0.3696368 0.1983510 0.2310356 0.1453812 0.6509101 0.4814343 0.4074722 0.0536608 0.0056075 0.2889428 0.4069700 0.1896031 0.2058476 0.4290614 0.2317087 0.5596069 0.1132031 0.2120746 0.2335433 0.2777513 0.1411154 -0.0080927 0.1456176 -0.0470510 0.0786445 0.0805157 0.0141261 -0.0612286 0.0646842 -0.2162627 -0.0609592 -0.0544826 0.0237305 0.1724185 -0.1868286 -0.1204143 0.1989814 0.0807452 0.1006642 0.2160375 -0.0474955 -0.0908340 0.1797763 0.6814624 -0.3743782 0.1858622 -0.0080642 -0.0506156 -0.1183143 -0.1895897 0.1944454 0.0666436 0.3633967 0.0363945 -0.1003678 0.2402306 0.0136158 0.0530805 0.1412336 0.1817447 -0.0389125 0.1261358 0.0461730 0.1980228 0.5132564 -0.2118742 0.6018650 0.0601886 0.6817837 -0.0259876 0.3792531 0.2789115 0.0843722 0.2149436 0.2742792 0.1017966 0.2604757 0.4170670 0.3984987 0.5354994 0.2555956 0.3835771 0.3665312 0.0302361 0.3608470 0.4346582 0.3513143 0.3504872 0.1326473 0.2046726 0.3657837 -0.2089461 -0.2291857 -0.3069197 0.1755047 -0.0151712 0.2917660 -0.1466154 -0.1187756 0.1095593 -0.2837755 0.1576640 0.4246482 0.2203963 -0.1919985 0.0500030 -0.3346686 0.2437565 -0.1564444 -0.2705857 -0.2838246 -0.3958467 -0.3841075 -0.4929760 0.0431086 -0.1616327 -0.3077692 -0.2515699 -0.3469044 -0.4582488 -0.3666430 0.2189845 0.0820210 0.0138320 0.2843166 -0.4983401 -0.2053258 -0.0962903
0.1841015 0.4877703 0.3341262 0.6838632 0.1441643 0.2999167 0.0356639 0.3637355 0.3932204 0.8123107 0.6447794 0.3095900 0.0508634 0.7869045 0.2054651 0.4170820 0.0000000 0.1268837 0.3234805 0.1373455 0.2668123 0.2321818 0.5150098 0.3801192 0.3559190 0.4419433 -0.0070046 0.3357323 0.3992136 0.6065063 -0.0749596 0.4429913 0.4399855 0.5040990 0.5323539 0.2563169 0.6992081 0.4413991 0.7830006 0.6767761 0.2516453 0.3627256 0.4286419 0.2746519 0.4509450 0.6353853 0.7305118 0.4872771 0.2796006 0.4387745 0.6617669 0.5490403 0.3421278 0.7318588 0.5743109 0.6781338 0.7724962 0.6717477 0.2484603 0.6396279 0.4538351 0.6319499 0.5433453 0.2365768 0.2042922 0.5968394 0.5600977 0.5870375 0.4984101 0.6459498 0.5611994 0.0853857 0.6797535 -0.1037651 0.5037605 0.6925009 0.2225374 0.5884140 0.6969889 0.5973901 0.4492839 0.0910602 0.2856941 -0.0808380 -0.3404998 -0.1305656 -0.0502640 0.3358493 -0.1895510 -0.0872844 0.0682100 0.1225889 0.1311697 0.1048982 0.0996659 0.2539571 0.1936534 -0.0387418 -0.2555554 -0.0499488 0.1327939 0.0267927 0.1429479 -0.0032616 0.1094311 0.1721640 -0.1374725 0.2321851 0.0379749 -0.0494092 -0.0083015 0.0894812 0.1488875 0.0013229 0.0242425 0.0060573 0.0477546 -0.1035122 0.0046985 -0.0309733 -0.0187972 -0.0269802 -0.0438888 0.0946705 -0.0928358 -0.2221613 0.2681086 -0.0385701 -0.0765243 0.3940003 0.0556058 -0.3747577 0.3929442 0.1905326 -0.3884240 0.0159961 0.0103409 -0.0545493 -0.0657091 -0.3632681 -0.2050773 -0.2693179 0.0154603 -0.2787435 0.0010330 0.5078371 -0.0622547 -0.1895295 0.0276706 -0.2358588 -0.2371522 -0.0664405 -0.0991317 0.2284600 0.0094118 -0.3362982 0.1692764 -0.0330229 0.2243126 -0.2231489 0.1853139 0.0026134 0.1751841 0.1632587 0.1733311 -0.0022402 0.3348798 0.1900632 0.2922180 0.1675806 0.2571780 0.2047863 0.2979398 -0.0405795 0.2533305 0.4277878 0.0606993 -0.0758768 -0.0775972 -0.2140057 -0.1329878 -0.1785412 0.2065804 -0.0365293 -0.0347662 0.0249447 0.1927144 -0.0450642 -0.1244601 0.1228797 -0.3640725 0.4753509 0.2930363 -0.1947373 -0.4157464 -0.2399317 -0.4123234 0.1226323 0.2326850 -0.2845389 0.1042447 -0.1097133 -0.0630201 -0.2469742 0.0176051 -0.1537977 -0.2367690 -0.0591622 -0.0755784 -0.0905835 -0.3078864 -0.1272402 -0.3207646 -0.2756242 0.0497568 -0.2123680 -0.1636350 -0.0389937
