0.0000000 0.5048220 0.2845851 0.1893591 0.1304701 0.1291290 0.0369446 0.1842141 -0.0253088 0.2180960 0.1526406 -0.2117044 0.2648578 -0.0686891 -0.1471017 -0.0658286 0.2305262 -0.3513491 0.0503927 0.1145367 0.2216938 -0.2408712 -0.0120154 -0.1186809 -0.1103955 -0.0907491 -0.1726096 0.0253028 0.3560191 0.0519700 -0.5292662 -0.2086219 -0.0578905 0.3352844 0.1861994 0.2203545 -0.0109291 -0.1738732 0.1355566 0.2195365 -0.5512565 0.2193116 0.0653390 0.3200265 0.5461610 0.1011596 0.1355420 -0.4415998 0.1350770 0.1712604 0.1537476 0.1712617 0.3536443 0.2397642 -0.1976784 0.0785350 0.1299416 0.2098100 -0.1332624 0.1995483 0.2458976 0.3332767 -0.1567274 0.1633836 0.1259451 -0.2772928 0.4155719 0.0716297 -0.3834381 0.2359431 -0.2269769 -0.0309085 0.0462936 0.1141477 -0.4988412 0.1953763 0.4088958 -0.1808874 -0.3669618 -0.6295193 -0.2585137 -0.0316915 0.1012469 0.5347847 0.4004137 0.0559351 -0.0934556 0.1634336 0.2261892 0.3341771 0.0037566 -0.1686734 0.1477553 0.1917371 0.1453231 -0.1123192 -0.1465920 0.0642105 0.2906979 0.2742450 0.5036781 -0.0426761 0.2064303 0.1385160 -0.0460073 0.0416349 0.3002647 0.2215634 -0.0964055 0.4149852 0.1297247 0.2223634 0.1790672 0.0286869 0.0651737 0.0682268 -0.1985527 0.3479564 0.0544471 0.2136935 0.1723540 -0.0628904 -0.1359118 0.2618355 0.0688342 -0.2380960 -0.1518302 0.0242602 -0.4225725 -0.2281126 -0.4320916 -0.4417851 -0.1783784 -0.2509554 -0.3564647 -0.2343944 -0.2223244 -0.6011554 -0.3984981 -0.1799912 -0.4763614 -0.3417775 -0.4742652 -0.1943718 -0.3598943 0.0237736 -0.3585147 -0.4154909 -0.2162036 -0.4540583 -0.2546200 -0.2480590 -0.5085628 -0.3349832 -0.4921156 -0.3155420 -0.4236227 -0.2015148 -0.3557540 -0.0652422 -0.4093823 -0.4821096 -0.2537110 -0.2725717 -0.3532923 -0.1455307 -0.1195505 -0.1288864 -0.1898768 -0.3238615 -0.3185973 -0.3400330 0.8029463 0.5550945 0.4226517 0.4440513 -0.0491468 -0.4145072 0.3405169 0.5080367 -0.2484817 0.1967339 0.0405112 0.0211198 -0.2972054 0.0049239 -0.6434146 -0.2975015 0.1778337 -0.0610534 0.2624807 0.4273893 0.2353270 0.1720114 -0.0699416 0.0512901 0.3241851 0.5185607 -0.2846722 -0.1434688 -0.5211236 -0.4767470 -0.1114780 -0.1601563 -0.5322643 -0.1035905 -0.3750170 0.3882243 -0.6078873 -0.0204179 0.3754902 -0.0495087 0.0557141 0.2115290 -0.1944945 -0.1501543 -0.1337253 -0.2380267
0.5048220 0.0000000 -0.3580094 0.4201846 -0.2567340 0.3138428 0.1444286 -0.2029084 0.4709784 0.5676238 0.0412491 0.2718180 -0.1830749 0.3986175 0.2615732 0.1686164 0.0979595 0.0789414 0.2377847 -0.1831053 0.3737825 -0.3235351 0.0214180 0.3785485 -0.1088846 0.0846789 0.0860112 0.1207722 0.3955124 0.2892128 -0.5681359 -0.0000637 0.2656183 0.5190762 0.0298817 0.1136585 -0.0683507 -0.5272418 0.1651950 0.0022206 -0.5203551 -0.0226793 -0.0340036 0.1865311 0.3478550 0.0570118 0.0568503 -0.5308152 0.3793535 -0.0804290 0.0473804 0.2144431 0.4204291 0.4061640 -0.6167260 -0.1287546 0.0079304 0.1561667 -0.2225848 0.2601939 0.0943826 0.4754828 -0.2794568 0.0606254 0.0722557 -0.1958592 0.3517981 0.0110643 -0.2661840 0.2930530 0.0589173 0.3666119 0.2660317 0.0006073 -0.1303227 0.1403461 0.2206233 0.3711800 0.2837863 -0.0725310 0.3167476 -0.1525235 -0.2832666 0.1080788 0.4149579 -0.3894334 -0.0522320 0.0936354 -0.1646585 0.0032372 -0.0372690 -0.1672373 -0.0454500 -0.1201842 -0.0473237 0.0289413 0.0274835 -0.1480243 0.1422487 0.0411072 0.1854663 -0.2124522 -0.2556293 0.4164388 -0.0573925 -0.0089760 -0.1788445 0.0060781 -0.4185627 0.3758402 0.2294278 -0.4316967 -0.2890233 0.0575960 0.0194050 0.1250649 0.1866652 0.1739034 0.4558144 -0.0973860 0.3360192 0.1360212 -0.2180084 0.5525800 0.4352490 -0.7242707 -0.0858517 -0.1859541 -0.7266690 -0.0423925 0.0739725 -0.5186143 -0.0141836 -0.2053676 -0.0354811 -0.2934225 0.1883047 -0.3637142 0.1316508 -0.1613244 -0.2941311 -0.1913890 -0.6271597 -0.7727914 0.2081267 -0.2627604 0.1530793 0.0493103 -0.4522350 -0.2247136 -0.3616487 -0.0757052 -0.2493261 -0.2330230 -0.3918298 -0.0786517 -0.3273815 -0.1556081 -0.6324726 -0.2934958 -0.4334501 -0.2942298 0.0829748 -0.1169822 -0.3436627 -0.0571360 -0.0710131 -0.2315171 0.0140980 -0.0896000 -0.2639074 -0.4375592 0.6526969 0.4308434 0.6231757 0.6132642 0.0303408 -0.3129805 0.1156922 0.0990018 -0.5626170 0.0083016 0.0093406 -0.0680902 -0.3733934 -0.4230620 -0.5529104 -0.3742648 0.0328623 0.3360628 -0.6051400 0.1985492 -0.1177847 -0.4129271 -0.6867559 -0.6146282 -0.4741629 0.1116831 0.0610729 -0.7135168 -0.6752465 -0.0668612 -0.6802618 -0.5927681 -0.6881677 0.5253735 -0.3552024 0.1027811 -0.2981906 0.5317214 0.3229201 0.3645218 -0.0185228 0.4642736 0.3737471 -0.4750246 0.4319203 0.0106949
0.2845851 -0.3580094 0.0000000 -0.0253243 0.8402366 -0.1031721 -0.5524404 0.4822772 -0.7464749 -0.4354818 0.3657090 -0.6736265 0.5207687 -0.7186652 -0.5582293 -0.4182057 0.0186013 -0.5768095 -0.3760305 0.6452471 -0.4945705 0.2919142 0.1946396 -0.7866550 -0.0499429 -0.0380840 -0.3042111 -0.5546793 -0.3939541 -0.4338154 0.2092789 -0.2516302 -0.7258253 -0.5170813 0.1165058 -0.1137605 0.0464937 0.3787259 -0.2826567 -0.1292735 0.0755248 -0.1529167 -0.2078944 -0.2613427 -0.0727895 -0.0879291 0.0409889 0.2745702 -0.4220944 -0.0826559 -0.0415529 -0.2558071 -0.0267113 -0.3433234 0.5114191 0.1608284 0.1178711 -0.0858905 -0.2677879 -0.1842814 0.0232855 -0.1650554 0.5309411 0.1294555 -0.0669169 0.1824862 -0.1980545 -0.0401120 0.3629537 -0.1446923 -0.1011345 -0.2986675 -0.1694080 0.0705179 0.0622171 -0.3217970 0.0387250 -0.4977502 -0.3058234 -0.1864810 -0.3032878 0.0447762 0.4480726 0.3967500 0.2328181 0.3238966 0.2520744 0.3115845 0.4162515 0.3922322 0.2872515 0.1997467 0.3344198 0.3442230 0.4112941 0.1092482 0.0675120 0.2550607 0.3604510 -0.0957796 0.3378967 0.1840945 0.4580110 0.1044996 0.0937975 0.4264764 0.3940763 0.3046208 0.5826682 0.1377753 0.2882149 0.4615960 0.4178264 0.1175526 0.2240347 0.0301845 -0.1562693 0.0088436 -0.6235366 0.6272229 0.3374101 0.1596515 0.3212131 -0.2438650 0.1021157 0.6095298 0.2637782 0.2749504 0.3854336 -0.1291978 -0.1927871 0.0825561 0.1491110 -0.4557992 0.0136036 0.3139267 -0.0089211 0.0833992 -0.0113112 0.1132617 0.2950310 0.1057841 0.3028398 0.2956552 -0.3791189 0.2925953 -0.0953541 -0.0838548 0.3505748 0.0061083 0.3198550 0.1435942 -0.1147543 0.2148581 0.1125102 0.0655883 -0.1654049 0.3780193 0.1890590 0.0733803 0.2190587 -0.0915313 -0.1321549 -0.2386217 0.1959340 0.2131871 -0.1064567 0.0452300 -0.1741859 -0.1659494 0.0989053 0.0799655 0.2112491 -0.1023321 -0.4333902 -0.1925156 -0.2099458 0.0755063 -0.1616746 0.0299830 -0.1939469 -0.3126698 -0.3206634 -0.4229359 0.0288658 0.6463753 0.2812268 0.5510389 0.0547028 -0.1908266 0.4598499 0.0684873 0.0637130 0.1331897 0.5917769 0.2612651 0.6097613 -0.0279966 -0.0450594 0.5957799 0.0540736 -0.4437462 0.1878264 0.1096097 0.1364006 -0.4035908 0.4335663 -0.1975336 -0.3141321 -0.3608695 0.1528181 -0.1949917 0.0282328 -0.4393575 -0.4698053 0.6142859 -0.3661380 -0.2489208
0.1893591 0.4201846 -0.0253243 0.0000000 0.3435493 0.3684371 -0.1437138 0.5035431 0.1048903 0.4789474 0.5205737 0.1760795 0.3277167 0.0072896 0.1886108 0.0286522 0.2922534 -0.2550603 0.0183313 0.2632463 -0.1261797 -0.3132327 0.4204809 0.1083174 -0.0142888 0.0680838 0.1053764 -0.1189150 -0.0578809 0.6821905 -0.1851357 0.4115198 0.0067279 0.3682954 0.4036892 -0.5723667 0.2631619 -0.1054618 0.7073458 0.2193310 -0.0705349 -0.5815253 0.2833110 0.1462838 -0.0943964 0.2806320 0.1996805 -0.0061287 0.4121653 0.4272600 0.1959814 0.4877867 0.5608436 0.4060077 -0.1775944 -0.0872098 0.2961794 0.6673519 -0.6802184 0.1355921 -0.1066347 0.7310429 0.0159208 0.5660867 0.2547599 0.3732503 0.4768463 0.5887518 -0.0215289 0.5548499 0.5517426 0.3171643 0.2425265 0.1815645 0.1383891 0.3283641 0.1198419 0.3224063 0.4607134 0.3815425 0.4285456 -0.3265647 -0.5199012 -0.3107207 -0.2206147 -0.6338900 -0.3576893 -0.4733780 -0.6510197 -0.5460274 -0.3961049 -0.4865833 -0.3361506 -0.5072204 -0.1964216 -0.1358407 -0.2812875 -0.2484226 -0.5465666 -0.6438361 -0.5567084 -0.5911195 -0.4942105 -0.0501225 -0.2775435 -0.2020112 -0.4496386 -0.4935516 -0.1776623 -0.1053689 -0.2303217 -0.5419969 -0.6174270 -0.0581746 -0.0801809 0.0040093 0.0442616 -0.0638268 0.0280461 -0.3207090 -0.0733515 0.0582813 -0.1231719 0.0887755 -0.0834037 -0.1613283 0.0224337 -0.2578291 0.0205991 -0.0620410 0.1579244 -0.5459142 -0.0269181 -0.1407191 -0.1386391 -0.5442988 0.1575868 0.0150603 0.1807335 -0.5530027 -0.2018759 -0.2588236 -0.2218774 -0.3791269 0.1688606 -0.6588003 0.0328758 -0.0494193 -0.1005738 -0.1156539 -0.3929909 -0.3018640 -0.3213215 -0.2302665 -0.4143660 -0.3158160 -0.2658727 -0.2014002 -0.5165568 -0.4406920 -0.2002502 -0.2960202 -0.1939017 -0.3167957 -0.1413896 -0.3818079 -0.5088963 -0.4453468 -0.3048442 -0.2855656 -0.3774500 -0.3657053 0.4105297 -0.0266095 -0.0562546 -0.0648197 -0.3453920 -0.4754786 -0.3401545 -0.4175764 -0.6782394 -0.5322535 -0.6458840 -0.4805841 -0.6751880 -0.0887489 -0.3075901 -0.2604756 -0.0119773 0.0516043 -0.1879088 0.2957319 -0.1299996 -0.1290681 -0.2253553 -0.3220496 -0.4819362 0.2964794 0.3663946 -0.2585845 0.0588806 0.2888674 0.0758714 -0.5205933 -0.0346419 0.5008158 0.2686630 0.2440924 0.1793194 0.7502095 0.6402038 0.1411482 0.3969087 0.3564887 0.6053209 0.0938427 0.1327441 -0.0116902
0.1304701 -0.2567340 0.8402366 0.3435493 0.0000000 -0.1042889 -0.5766974 0.7264533 -0.6894195 -0.1041884 0.7118007 -0.5694833 0.7284164 -0.7054675 -0.4515180 -0.1884824 0.1824591 -0.6730414 -0.1188399 0.7262893 -0.5566884 0.2143189 0.4937125 -0.6967345 0.2037501 0.2193291 -0.1853118 -0.5966678 -0.3658142 -0.1446842 0.3770277 0.1709706 -0.6963564 -0.3471465 0.4161249 -0.3207978 0.3681772 0.5412480 0.0901032 -0.0324669 0.2262518 -0.3461289 0.0463626 -0.3000765 -0.1230972 0.2929588 0.3221328 0.5142084 -0.2586057 0.2110126 0.2232329 -0.0009140 0.2847211 -0.0705727 0.6234525 0.3919310 0.4488954 0.1961197 -0.4855347 0.0502121 0.1053656 0.1947422 0.7011599 0.4046717 0.1266544 0.4199427 0.1218594 0.3529846 0.5439021 0.2251738 0.2524463 -0.0746571 0.1056483 0.1969390 0.1930102 0.0084939 0.2494828 -0.3354363 -0.0150201 0.1901034 -0.0899194 -0.3111459 0.2197407 0.2613495 0.1283393 0.1705127 0.1943709 0.1654418 0.1433851 0.1120443 0.1868639 0.0511713 0.2468784 0.1758930 0.4092735 -0.0022974 -0.0554108 0.2271165 0.1155541 -0.4384729 0.0451942 0.0671084 0.2250593 -0.0364617 -0.0280696 0.3738265 0.1905751 0.0715702 0.5980584 0.0872457 0.3548719 0.1751523 0.1334941 0.1059870 0.1204239 0.0064609 -0.0726578 -0.0663401 -0.6916881 0.4441433 0.3670694 0.2454759 0.3430318 -0.3656551 0.1160557 0.6207032 0.3176153 0.2736340 0.5265656 -0.0153449 0.0676167 -0.0135455 0.2784068 -0.3940616 -0.0402494 0.2616985 0.2153329 0.3111872 0.1253918 -0.1216103 0.3556209 0.0810583 0.2422804 0.1741181 -0.0811680 0.0258547 -0.0229938 -0.0969323 0.2074302 -0.0301914 0.1978242 0.2297669 -0.1138054 0.2461487 0.0695078 0.0978865 -0.0820285 0.3695724 0.0041233 -0.0170004 0.1481925 -0.0825542 0.0079513 -0.1595472 0.1486912 0.1793457 -0.2034512 -0.0957486 -0.2032239 -0.0791360 0.0661410 0.0459353 0.1595012 -0.2302606 -0.5692884 -0.3805934 -0.4320214 -0.2021625 -0.4646370 -0.1458287 -0.3982815 -0.5980855 -0.6353329 -0.6704366 -0.3230603 0.6976307 0.2772703 0.4846650 0.1799125 -0.1518346 0.3469488 0.2462398 0.1062511 0.1835937 0.5974549 0.1893342 0.2630144 0.0586225 0.1337897 0.5054623 0.3450080 -0.1369003 0.3004330 0.0864915 0.2922602 -0.1258717 0.6102897 -0.2752854 -0.0122956 -0.0238356 0.4218875 -0.1165491 0.2153948 -0.3382742 -0.1676408 0.5153773 -0.1305150 -0.1554088
0.1291290 0.3138428 -0.1031721 0.3684371 -0.1042889 0.0000000 0.0633210 -0.1922842 0.6445511 0.1190539 -0.3618388 0.4734054 -0.4447459 0.2072619 0.6870854 -0.3653820 -0.4907551 0.3749584 -0.1232050 -0.3508423 0.5204295 -0.2435817 -0.3245650 0.5229270 -0.4302952 -0.3518802 0.1440045 0.5197069 0.4363877 0.6153906 -0.3248464 -0.0282085 0.5589276 0.4684440 -0.1117157 -0.3989738 -0.1064694 -0.5118065 0.3687458 0.3523165 -0.5224157 -0.3184242 0.1274724 0.7725573 0.2068820 -0.2984035 -0.0015435 -0.4309493 0.8380497 -0.3896796 0.0253764 0.3587518 0.4542791 0.5726907 -0.6378260 -0.4843960 -0.2362303 0.6273133 0.0352020 0.0511090 0.1332129 0.2010325 -0.5330022 0.3527233 0.6190309 0.0404816 0.0992006 -0.2269902 -0.4684124 0.0378499 -0.0481571 0.5108707 -0.2883125 0.1849978 -0.2810820 -0.1788456 -0.0440653 0.0293336 -0.1940279 -0.2513623 -0.1702445 0.4357107 -0.2513797 -0.4832107 -0.2581894 -0.7496303 -0.4347229 -0.2568003 -0.5149320 -0.4516154 -0.4747629 -0.3363858 -0.4183716 -0.5577448 -0.5456824 -0.0531689 -0.2432104 -0.4474812 -0.2182527 -0.0062506 -0.2543664 -0.6200295 -0.4316411 0.1041252 -0.2110447 -0.6990016 -0.4340637 -0.3879416 -0.5292360 -0.4660878 -0.3980966 -0.6687557 -0.4252280 -0.2550458 -0.4536802 0.0617761 -0.1652485 -0.5151836 0.4536650 -0.3628070 -0.2685964 -0.3181110 -0.0167545 0.2040087 0.0134082 -0.2013657 -0.2138363 -0.4850043 -0.0693121 -0.1541588 -0.0646149 -0.7562819 -0.2965088 -0.0079564 0.0018255 -0.4041043 -0.0267434 -0.2832088 -0.0477945 -0.3058150 -0.2605300 -0.4473966 -0.4693577 0.0354709 -0.0199830 0.0065108 -0.3245876 -0.3444285 -0.1286526 -0.2738872 -0.5090482 -0.1302393 -0.4069167 -0.3331800 -0.6130721 -0.6239844 -0.5170762 -0.5159303 -0.6957499 -0.5772967 -0.4610704 -0.4111264 -0.2951343 -0.4019890 -0.3231765 -0.4581047 -0.1839002 -0.6026747 -0.4134057 -0.4186827 -0.6397415 -0.6005422 -0.0869950 0.1066676 0.2628390 0.4930777 0.4079930 -0.0871620 0.2007543 -0.2751446 -0.3215692 -0.3693029 -0.0992832 -0.1675983 -0.1998332 -0.0142751 -0.1105109 -0.6095545 0.0800390 0.6201289 -0.0626526 0.1110516 0.1682801 -0.1093119 -0.2942547 0.0332090 -0.0492020 0.3327431 -0.3837081 -0.0659227 -0.3111065 -0.3804011 -0.2924807 -0.3247832 -0.5013732 -0.2129605 0.1770123 0.3986619 -0.2294143 0.0412240 0.2469713 -0.1747032 -0.4511389 0.1084322 0.4884615 0.2728858 -0.0239736 0.2359778
0.0369446 0.1444286 -0.5524404 -0.1437138 -0.5766974 0.0633210 0.0000000 -0.2652484 0.5550062 0.3788911 -0.2045092 0.6863934 -0.2993010 0.7260307 0.6057481 0.6590145 0.3568451 0.7139549 0.4739724 -0.5073224 0.4822129 0.3142368 0.1880092 0.5910528 0.3748769 0.3834060 0.6957838 0.7195954 0.5213382 0.2593537 0.1130038 0.3403960 0.7049779 0.5329012 0.3652820 0.4808273 0.3247824 0.0888690 0.3200300 0.6604431 -0.0256249 0.5924004 0.6467811 0.3218499 0.4028806 0.2880876 0.4495968 -0.1813573 0.2408561 0.0013516 0.5416556 0.5782380 0.1241290 0.2173623 -0.3857676 0.0912404 0.1687729 -0.1042921 0.5398773 0.6513334 0.3395045 0.1204206 -0.3831180 -0.2693539 0.1097382 -0.2911262 0.2052387 -0.2346010 -0.4474683 -0.1970705 -0.4689803 0.0343428 0.0895480 -0.2970762 -0.6117694 0.1988225 0.0328084 -0.3154088 -0.3031203 -0.3079840 -0.3617326 -0.2067975 -0.5116934 -0.2725217 -0.3517077 -0.2624324 -0.5493425 -0.4683648 -0.3011974 -0.3798916 -0.5407754 -0.5021537 -0.4787401 -0.1744661 -0.3047836 -0.4169216 -0.3563349 -0.5646665 -0.0060781 0.3138643 -0.0627167 -0.2805739 -0.5764041 -0.0584633 -0.3469144 -0.4363998 -0.5061948 -0.5264659 -0.5477558 -0.4173875 -0.3041091 -0.2949655 -0.4662142 -0.6662788 -0.5557647 -0.6809566 -0.4984143 -0.3062507 0.1882286 -0.6817358 -0.4714938 -0.7228953 -0.7182058 0.0167035 -0.2235277 -0.3170737 -0.8953845 -0.3914595 -0.2362274 -0.5894627 -0.4798887 -0.0464383 -0.8261133 0.1431515 -0.5707175 -0.4867475 -0.6345020 -0.3017897 -0.5479023 -0.2383180 -0.3740109 -0.5349676 -0.5484004 -0.0359611 -0.2943815 -0.0406658 -0.4536307 -0.4168150 -0.6824057 -0.5238181 -0.4249811 -0.2915259 -0.4064810 -0.4311155 -0.5599930 -0.5741767 -0.1267498 -0.6269853 -0.2768797 -0.1009127 -0.5198137 -0.3552063 -0.5777644 -0.0238774 -0.6815074 -0.4194848 -0.2189302 -0.3851063 -0.2574303 -0.0791193 -0.4234315 -0.4773233 -0.0812526 0.5630200 0.7476832 0.2983358 0.1013610 -0.1372372 0.4550744 0.5390468 0.2766773 0.5689861 0.5541262 0.5694200 0.0620090 -0.4616111 -0.1804195 -0.3896949 -0.2478179 -0.1133566 -0.1494929 -0.4238795 -0.1621692 0.1534175 -0.3057976 0.0973299 -0.2449298 0.3566263 -0.4262154 -0.2440182 0.0328060 0.2388185 -0.1946175 0.1873980 -0.4264965 -0.1635718 -0.5853962 0.1359326 0.1376790 -0.0526844 -0.1693084 0.0184937 -0.4922761 0.2519033 -0.1570065 -0.5175338 -0.0621649 0.1853312
0.1842141 -0.2029084 0.4822772 0.5035431 0.7264533 -0.1922842 -0.2652484 0.0000000 -0.4425004 0.1878187 0.7700282 -0.2900145 0.8431534 -0.3626732 -0.2542453 0.0653887 0.5218155 -0.5047732 0.2180986 0.5754083 -0.3408515 0.1659408 0.6961760 -0.5002068 0.3684225 0.3692570 0.1323036 -0.4015944 -0.2745572 0.1321105 0.2992175 0.4527519 -0.4547973 -0.0864273 0.6287476 -0.2824469 0.6399815 0.5798221 0.4571664 0.3123715 0.1536529 -0.2520450 0.3215411 -0.2024484 -0.0205898 0.5959398 0.4706525 0.3239472 -0.1688776 0.5984429 0.4232059 0.3178605 0.4161207 -0.0148139 0.5736967 0.5096655 0.7311700 0.3485109 -0.5763910 0.1958475 0.1645824 0.3712852 0.6034474 0.5294532 0.2379678 0.6401806 0.4148649 0.6707287 0.4238328 0.3618918 0.3959729 0.0358938 0.3539802 0.2313688 0.1504873 0.2411256 0.3712592 -0.3049193 0.0690355 0.1223953 -0.0608209 -0.5200675 -0.2541196 0.0356593 -0.2843495 0.0980850 -0.3152522 -0.3500901 -0.1872436 -0.2267323 -0.1401674 -0.3550273 0.0652657 -0.0938006 0.1975268 -0.2699474 -0.2484751 0.0945908 -0.1184520 -0.6383505 -0.2335494 -0.1467020 0.1422367 -0.4111502 -0.1621412 0.2248334 0.0012492 -0.1750646 0.3763820 -0.0754509 0.0966682 0.0534112 -0.1473664 0.0645745 -0.1421475 -0.1583363 -0.2093057 -0.1150823 -0.7679426 -0.0717794 -0.1314872 -0.0493323 -0.1134647 -0.5920768 -0.3384143 0.3075870 0.0493392 -0.0136596 0.3284400 -0.1247058 -0.0334581 -0.1481571 0.0819944 0.0655341 -0.4627221 -0.1212349 0.0710791 0.0426555 0.0027814 -0.4875720 0.1971383 -0.2644811 0.0459177 0.3039779 -0.0635752 -0.1455845 -0.2756496 -0.2696124 0.0908872 -0.3435913 -0.2842517 0.1215151 -0.3729057 0.0339084 -0.1683746 -0.1416588 -0.3226747 0.1048281 -0.1131875 -0.2842447 -0.0038429 -0.3356382 -0.2175839 -0.4140756 -0.1141038 -0.2590038 -0.5296598 -0.3357505 -0.4142270 -0.3805902 -0.2400364 -0.1510883 0.2665789 0.1581785 -0.3180286 -0.4195313 -0.4364811 -0.3975079 -0.1590153 -0.0114272 -0.2495625 -0.3832091 -0.7207182 -0.5961674 -0.5016319 0.4584724 -0.0803693 0.1679655 0.2187907 -0.2745814 0.3434296 0.4132398 0.2248365 0.2428039 0.3531047 0.1407817 0.1260065 0.3701591 0.0884602 0.2482996 0.5552163 0.0560752 0.4472453 -0.0396775 0.3074394 -0.0323769 0.3053384 -0.0004551 0.3918953 0.1532049 0.5790449 -0.1740577 0.4474958 -0.0609617 -0.0165983 0.2094248 -0.1045928 0.1292667
-0.0253088 0.4709784 -0.7464749 0.1048903 -0.6894195 0.6445511 0.5550062 -0.4425004 0.0000000 0.4549387 -0.4919542 0.8519264 -0.6318508 0.7654276 0.8971199 0.1735814 -0.2470967 0.7449863 0.3720045 -0.7241580 0.8571884 -0.2524061 -0.2999206 0.9305715 -0.1792725 -0.0846096 0.4305025 0.7999721 0.6891782 0.6137933 -0.3608628 0.1374599 0.9417807 0.7564726 -0.0989470 0.0626985 0.0118515 -0.5159288 0.3489607 0.3907668 -0.4638628 0.1390253 0.2568719 0.6788925 0.4096470 -0.0587325 0.0803813 -0.5012187 0.8002771 -0.2637735 0.1495448 0.4028319 0.3957724 0.5772472 -0.7062777 -0.2714168 -0.1240767 0.3731194 0.3491936 0.2774146 0.2853347 0.1498149 -0.6152117 0.1299711 0.5281980 -0.0758999 0.2321364 -0.1727906 -0.4857662 0.0736882 -0.0629133 0.6166988 0.0662000 0.1425740 -0.2933779 0.0341496 0.0814373 0.1940624 -0.0269962 -0.1734764 -0.0560139 0.1957394 -0.4951729 -0.5055527 -0.3083321 -0.5842303 -0.5093688 -0.3467576 -0.5516712 -0.4893013 -0.5098515 -0.3916794 -0.4583074 -0.5229411 -0.5764355 -0.1760567 -0.2173777 -0.4732482 -0.1719414 0.1952296 -0.2551492 -0.4448473 -0.4972664 0.0114064 -0.2160118 -0.6489306 -0.5182771 -0.3771724 -0.7453153 -0.3573779 -0.3370766 -0.7052643 -0.5229314 -0.2514818 -0.5551346 -0.0741930 -0.0629631 -0.4116059 0.6261023 -0.6911131 -0.3907721 -0.4204936 -0.4094968 0.1863230 -0.0331487 -0.6468279 -0.4451510 -0.5558761 -0.4205996 -0.1313208 0.0154229 -0.5234047 -0.3671462 0.4444470 -0.1324049 -0.4649815 -0.0611176 -0.3247155 -0.0511396 -0.2477426 -0.3524825 -0.4538000 -0.6202829 -0.0824049 0.2307440 -0.0862823 -0.2109531 -0.2311492 -0.3810551 -0.3231200 -0.6356484 -0.0316708 -0.2167971 -0.4038459 -0.5207646 -0.4783070 -0.3089709 -0.5755866 -0.5755981 -0.4324060 -0.5028806 -0.2413291 -0.1360095 -0.1102734 -0.4247134 -0.4215471 -0.0501087 -0.4219555 -0.1144398 -0.1589686 -0.4955469 -0.4768401 -0.1714949 0.3795675 0.6646118 0.6099622 0.5553226 -0.0611732 0.4770709 0.0421158 0.0791942 0.1615909 0.2958204 0.2835550 -0.0232673 -0.3518686 -0.2502608 -0.7388989 0.1432271 0.5968336 -0.3876132 0.0364297 0.1721405 -0.1777040 -0.6491688 -0.1379378 -0.3780994 0.3112776 -0.3685720 -0.5338163 -0.2634844 -0.0315954 -0.4414949 -0.2833343 -0.5067455 0.0201235 -0.3305934 0.4043661 0.0591034 0.1738547 -0.0670289 0.0093306 -0.3968986 0.4024187 0.5344598 -0.4348423 0.2452377 0.4634890
0.2180960 0.5676238 -0.4354818 0.4789474 -0.1041884 0.1190539 0.3788911 0.1878187 0.4549387 0.0000000 0.4914173 0.4840836 0.0407517 0.6129439 0.4482538 0.6803202 0.5818729 0.1106308 0.7098372 -0.4112562 0.4941071 -0.1313889 0.4434295 0.5200145 0.2992681 0.3409377 0.4339193 0.3955413 0.6187203 0.5354550 -0.2586047 0.5480691 0.3831047 0.7638648 0.6160121 0.2655024 0.5672677 -0.0585473 0.5550327 0.3348600 -0.3464614 0.1748367 0.5658844 0.1143752 0.5482801 0.6219938 0.5466617 -0.1853513 0.3627815 0.2599914 0.5692941 0.5838121 0.7118284 0.6953303 -0.2273580 0.3754060 0.5881324 0.4589141 -0.0523205 0.6334001 0.3975301 0.7959164 -0.0654149 0.5261492 0.4291669 0.2830100 0.8284255 0.5658568 0.0394561 0.7092192 0.4237434 0.6792037 0.8211233 0.3238723 -0.0983279 0.4266783 0.4681500 0.0566224 0.3278326 0.0263078 0.2059718 -0.3860388 -0.3989851 -0.1220189 0.0148327 -0.3163316 -0.2141369 -0.2041682 -0.3470283 -0.2379828 -0.1280912 -0.1952406 0.0483878 -0.4692806 -0.3254831 0.0018395 0.0215059 0.0111172 -0.0994661 0.0363953 -0.1663376 -0.0365182 -0.3006925 -0.2514295 0.0200525 -0.2004650 -0.1778559 -0.1982441 -0.0989268 0.1351286 0.0259134 -0.4051113 -0.3391058 0.0807188 -0.1383385 -0.0171073 0.2099639 0.0302185 0.0967048 -0.4369843 0.0740724 0.0077215 -0.5438744 -0.1970982 0.2643241 -0.5815957 -0.2113650 -0.4774227 -0.2347618 -0.0507383 0.1997856 -0.5173632 -0.1087453 0.2341334 -0.3627865 -0.3324918 0.1346888 0.0414560 0.0948410 -0.1224873 -0.3246103 -0.3015073 -0.4772605 -0.3670619 0.4613087 -0.3000221 -0.0334828 -0.1632670 -0.5350181 -0.2785534 -0.4628481 0.2119911 -0.2443672 -0.2911559 -0.3650122 -0.2298492 -0.1082836 -0.3455316 -0.4681971 -0.1886121 -0.2700046 -0.0928001 -0.0080095 0.1574253 -0.3095476 -0.2489137 -0.1827805 -0.3622763 0.0721260 0.1754724 -0.2647623 -0.2742767 0.3024316 0.4048303 0.4467379 0.2891106 0.0053828 -0.4972454 0.2051382 0.2471990 -0.1093701 0.0859044 -0.0572038 0.0093076 -0.3525748 -0.0713256 -0.4497716 -0.4074351 0.4347477 0.3481597 -0.3552898 0.3576817 0.2881389 0.1067483 -0.5209209 -0.1308842 -0.6780837 0.4084270 0.0775486 -0.6085299 0.0408006 0.3722400 -0.1968297 -0.2782971 -0.3958893 0.4479924 -0.2172644 0.0802855 0.0520542 0.5047615 0.1948230 0.3415145 0.1276002 0.7467804 0.4945110 -0.5865938 0.0948009 0.0197500
0.1526406 0.0412491 0.3657090 0.5205737 0.7118007 -0.3618388 -0.2045092 0.7700282 -0.4919542 0.4914173 0.0000000 -0.3019930 0.7660154 -0.2324307 -0.3340349 0.4313308 0.7345162 -0.5788562 0.3484147 0.4530328 -0.3937500 0.1658891 0.8201141 -0.4176224 0.5159622 0.5093548 0.0980533 -0.4254237 -0.1279682 0.0429202 0.2530678 0.5302694 -0.5159142 0.0165009 0.7695936 -0.0076536 0.6680070 0.5636361 0.3588785 0.0929115 0.2135489 -0.0951899 0.3816506 -0.4548616 0.0859466 0.7238704 0.5676235 0.4407633 -0.2929178 0.5500671 0.5069715 0.2934159 0.4493078 0.1465268 0.5309117 0.6526120 0.7828762 0.2235864 -0.4688530 0.3963129 0.1939808 0.6192573 0.6480307 0.4746640 0.0708545 0.4774369 0.5607872 0.7323398 0.5608778 0.5893902 0.4890413 0.1053595 0.6502102 0.1999576 0.2004880 0.3838382 0.4271428 -0.1738166 0.3179861 0.3019159 0.1846990 -0.6681199 -0.0727297 0.2337971 0.1349162 0.1365524 0.1046745 -0.0237306 0.0075503 0.0203300 0.1684148 -0.0297854 0.2887385 -0.0069764 0.2732853 -0.0120912 0.0157567 0.2746213 0.0041745 -0.4016252 -0.0639707 0.1629864 0.0467476 -0.2328053 0.0195902 0.3817742 0.1137762 -0.0290651 0.5354089 0.2624564 0.3400095 0.0964967 -0.0435820 0.1584132 0.1787375 -0.0901428 0.0920729 0.1713413 -0.6319259 0.1313033 0.3370703 0.2652338 -0.1018620 -0.4343306 0.1668073 0.1853204 0.1490998 0.0731515 0.2860640 -0.0036748 0.1766461 -0.0500551 0.1983740 -0.1850366 -0.2894279 0.0500757 0.2036138 0.3512336 0.1505941 -0.1255115 0.1277968 0.0194398 0.0728044 -0.1661946 0.1791810 -0.2527775 0.0791769 -0.0303187 -0.1410002 -0.0842345 0.0431633 0.2173395 -0.1241882 0.1026406 0.0173457 0.1271538 0.0662457 0.2132976 -0.0377918 0.0627069 0.0995067 -0.0037768 0.0322096 0.0827143 0.0130670 0.0757086 -0.2720121 -0.1250060 -0.0194851 0.1570829 0.0765108 0.0359151 0.3623596 0.0052188 -0.2737237 -0.3826748 -0.5928051 -0.4762683 -0.3675866 0.0856476 -0.3125751 -0.2725835 -0.5151367 -0.4368827 -0.4386943 0.3830143 -0.0482317 0.3188797 0.2603464 -0.2236653 0.0519801 0.3182639 0.0846096 0.2369980 0.2183027 0.0036737 -0.2594663 0.1554948 0.3495685 0.0298585 0.4140266 0.3539186 0.2572917 -0.0271256 0.1822756 0.3285482 0.2444697 -0.2871293 0.1561262 0.3439479 0.4033332 0.1870511 0.4553623 0.1755657 0.0150735 -0.0449539 -0.0477664 -0.2425369
-0.2117044 0.2718180 -0.6736265 0.1760795 -0.5694833 0.4734054 0.6863934 -0.2900145 0.8519264 0.4840836 -0.3019930 0.0000000 -0.5477334 0.8490330 0.9328137 0.3164546 0.0359602 0.7818163 0.2970205 -0.6341771 0.6751202 -0.0554608 -0.0292264 0.9020609 -0.1168074 0.0180356 0.5862758 0.7313680 0.4712055 0.6779470 -0.1636522 0.2055841 0.8866723 0.7072023 0.0714105 0.0280138 0.1289389 -0.3279804 0.3503224 0.4009758 -0.2894677 0.1012672 0.3611961 0.4160618 0.2665785 0.0010438 0.1547523 -0.3601564 0.6287403 -0.2654328 0.2161879 0.4195395 0.3480206 0.3747550 -0.6095255 -0.2703061 -0.0518562 0.2564093 0.2510303 0.3202514 0.2000237 0.1585746 -0.4919607 0.1722396 0.3851161 0.0541529 0.1353906 -0.0694938 -0.3695517 0.0207059 -0.0239031 0.5865028 0.1873317 0.1460602 -0.2357332 -0.1054060 -0.0879642 0.0064620 0.0697510 -0.0130829 -0.0258161 0.0385423 -0.7107079 -0.6863151 -0.5518370 -0.6722220 -0.6055672 -0.5975443 -0.7512967 -0.6906156 -0.6802428 -0.5049411 -0.6104081 -0.6325739 -0.6030672 -0.2527190 -0.2675708 -0.6214862 -0.3019506 0.0664503 -0.5232022 -0.5354149 -0.6454717 -0.0149492 -0.3378449 -0.6232222 -0.7243681 -0.5441762 -0.6769137 -0.4954121 -0.4936425 -0.7014844 -0.6933577 -0.3581365 -0.5845073 -0.3018442 -0.1087067 -0.5534394 0.4511983 -0.8467528 -0.5050798 -0.5037316 -0.6707010 -0.0402082 -0.1746203 -0.5852487 -0.5814159 -0.7313359 -0.2923508 -0.4358997 -0.1305199 -0.4199830 -0.5713552 0.3648423 -0.2759054 -0.6657583 -0.2924739 -0.1938315 -0.0666955 -0.2390650 -0.3590053 -0.5383639 -0.5139209 -0.0427578 0.1243114 -0.3348717 -0.1945118 -0.1922439 -0.4317026 -0.2488449 -0.5931809 -0.0823416 -0.2463920 -0.5414013 -0.5034246 -0.5724192 -0.2655613 -0.6590812 -0.4516267 -0.4180396 -0.3570747 -0.1863733 -0.3618109 -0.1452074 -0.3899748 -0.5760628 -0.3698194 -0.4689040 -0.1259386 -0.1465927 -0.5014350 -0.4098156 -0.2327777 0.3447781 0.6205729 0.5259376 0.5264947 0.1492010 0.4126184 -0.0461573 0.1407172 0.1591214 0.2279995 0.2767307 0.0773381 -0.3471953 -0.0983970 -0.4718174 -0.0007772 0.4697938 -0.4620913 -0.2722730 -0.0355384 -0.2705460 -0.6524565 -0.2061472 -0.5494113 0.3366089 -0.1504263 -0.5535592 0.0034467 0.3247550 -0.3295253 -0.3231663 -0.3514467 0.0454467 -0.2590398 0.3488196 0.2613743 0.3465913 -0.1614869 0.2558720 -0.3096643 0.5042745 0.5035098 -0.3614835 0.1329127 0.5125031
0.2648578 -0.1830749 0.5207687 0.3277167 0.7284164 -0.4447459 -0.2993010 0.8431534 -0.6318508 0.0407517 0.7660154 -0.5477334 0.0000000 -0.5862046 -0.5615723 0.1459925 0.4853548 -0.7037756 0.1943875 0.7802214 -0.5268731 0.0690271 0.5949308 -0.6850447 0.4609926 0.4325985 -0.1451252 -0.6169180 -0.3107072 -0.1308777 0.3442585 0.3160883 -0.6149672 -0.1753171 0.5378936 -0.1380177 0.5071053 0.7288377 0.2723735 0.1431068 0.3754474 -0.0000404 0.2081722 -0.3146022 0.0440527 0.6234406 0.4416109 0.5649114 -0.3358760 0.7096774 0.3810861 0.1033596 0.2961635 -0.1184439 0.7528740 0.6624406 0.6510325 0.1391504 -0.3929903 0.2131711 0.2762872 0.2073875 0.7345224 0.2757439 0.0523615 0.2350880 0.3000532 0.5614215 0.4008677 0.3368644 0.1614687 -0.2637203 0.2071173 0.1640951 0.0334531 0.4238004 0.5518525 -0.2286937 -0.0516887 0.1719911 -0.1245587 -0.7086764 -0.0208937 0.4711352 0.0809545 0.4349257 -0.0014266 -0.0250717 0.1425817 0.0893589 0.0239471 -0.2260981 0.0982920 0.3959945 0.6348559 -0.4004688 -0.3627500 0.1255854 0.1128851 -0.4955626 0.0941569 0.0385459 0.2331319 -0.1035913 -0.2915826 0.4920365 0.1737691 0.0447998 0.3701580 0.2206162 0.4065723 0.3325348 0.0280665 -0.0177559 0.0050711 -0.2343044 -0.2855823 0.1292381 -0.7518932 0.2532109 0.1270210 0.0200986 0.1178403 -0.3445463 -0.2391982 0.4341101 0.0796212 0.4631964 0.2406676 -0.0520139 -0.0935743 0.1762890 0.1829495 -0.1044445 -0.3881225 0.0826243 0.0200919 0.0220845 -0.1362642 -0.3900047 0.1278567 -0.0720749 0.0623470 0.1507285 -0.2017963 -0.1649105 -0.1449309 -0.2211767 0.0334550 -0.2437948 0.0970336 -0.0130099 -0.1481162 0.0677683 -0.0151183 0.1503277 0.0088714 0.3102660 0.0849428 0.1601257 -0.0730035 -0.1712031 -0.0047552 -0.1153547 -0.0444412 0.0956216 -0.2452461 0.0171850 -0.1648606 -0.1148154 0.0561223 0.0501159 0.2906868 0.0028791 -0.3747775 -0.5124790 -0.6645222 -0.4296728 -0.4027836 0.1883813 -0.1951614 -0.1821947 -0.4709002 -0.3690719 -0.3806828 0.4764648 0.0803973 0.3743591 0.1846909 -0.5037752 0.4127232 0.3866051 0.0947828 0.2828596 0.5711466 0.1236973 0.2741065 0.2407617 0.0684291 0.2928679 0.3958459 0.0651479 0.4591849 0.1519104 0.4271206 -0.0324726 0.0789915 -0.0381684 0.1844136 0.0513418 0.4731314 -0.1638358 0.4843931 -0.2920752 -0.3249716 0.0150814 0.1093060 -0.0451702
-0.0686891 0.3986175 -0.7186652 0.0072896 -0.7054675 0.2072619 0.7260307 -0.3626732 0.7654276 0.6129439 -0.2324307 0.8490330 -0.5862046 0.0000000 0.7362413 0.5302799 0.2715439 0.7588842 0.4559641 -0.7637519 0.7096976 0.0570196 0.0421061 0.8321268 0.0021728 0.1010414 0.6407397 0.7216851 0.5405223 0.3846181 -0.3209227 0.1922705 0.7586787 0.6419059 0.1133472 0.4421814 0.1434448 -0.3789267 0.1762473 0.2940926 -0.3436237 0.3337455 0.3201071 0.2181058 0.3704256 0.0447219 0.1116004 -0.4849172 0.3301471 -0.2264571 0.1884903 0.3767252 0.1795512 0.2947833 -0.5948544 -0.1460414 0.0235042 0.0198708 0.3230907 0.3238925 0.1329650 0.2151155 -0.4593392 -0.0001053 0.1471109 0.0645265 0.2456957 -0.0645982 -0.2338138 0.0254091 0.0285031 0.4992159 0.4377214 -0.0143839 -0.1166314 -0.0694689 -0.1169731 0.0637418 0.2019671 -0.1364659 0.1258398 0.0873197 -0.5052016 -0.4885518 -0.2836785 -0.4472304 -0.4160594 -0.3949380 -0.4255338 -0.3465045 -0.3174103 -0.2307621 -0.2295681 -0.5576461 -0.6182002 0.0589189 0.1053809 -0.2856358 -0.1041363 0.3145591 -0.2359331 -0.1569207 -0.4250899 -0.1128187 0.0454636 -0.3767624 -0.4107261 -0.3012510 -0.4421844 -0.2076275 -0.3527897 -0.4653508 -0.4034258 -0.1199871 -0.2666717 -0.1743457 0.1102277 -0.1857313 0.4110429 -0.6838603 -0.2959571 -0.2999124 -0.7867444 0.0035278 0.0794328 -0.7592879 -0.4857348 -0.7225754 -0.4219883 -0.2604747 -0.0014418 -0.2895443 -0.4557037 0.4117014 -0.2048612 -0.4746531 -0.1708428 -0.1239185 0.0617100 0.0534118 -0.2965967 -0.3044353 -0.3946311 -0.2268853 0.2573513 -0.1386321 -0.0114956 0.0299431 -0.3908423 -0.1643346 -0.4991490 0.0333832 -0.1274836 -0.3334078 -0.3113610 -0.3693121 -0.1656216 -0.4683458 -0.2575917 -0.2842847 -0.1589780 -0.0443882 -0.2621486 0.0409314 -0.2971947 -0.3636747 -0.1483927 -0.2856417 0.0737387 0.0600537 -0.2771413 -0.2958214 0.0183076 0.5233694 0.7572976 0.5234427 0.4617219 0.0531410 0.6258306 0.2237158 0.2467648 0.4702789 0.4273046 0.4555285 0.1819451 -0.4759903 -0.3072074 -0.4477696 0.0108515 0.3672014 -0.5693624 -0.2226093 -0.0294763 -0.2034549 -0.8041876 -0.2388402 -0.5975331 0.1390879 -0.0564860 -0.6771882 -0.1644199 0.2946934 -0.4599846 -0.3278847 -0.4998416 0.2429899 -0.4319208 0.1529436 0.1254695 0.2772885 -0.3388902 0.2865628 -0.2441512 0.6944028 0.3838112 -0.5868082 -0.0447199 0.2232181
-0.1471017 0.2615732 -0.5582293 0.1886108 -0.4515180 0.6870854 0.6057481 -0.2542453 0.8971199 0.4482538 -0.3340349 0.9328137 -0.5615723 0.7362413 0.0000000 0.1947605 -0.1361672 0.7854702 0.3293437 -0.6477615 0.7552834 -0.0056721 -0.0711273 0.8846987 -0.0863615 0.0217834 0.6134366 0.8251980 0.5973479 0.6979877 -0.1077794 0.2821682 0.9115268 0.7039266 0.1146159 -0.0404100 0.2056688 -0.3214724 0.4456202 0.5355312 -0.3692288 0.0259958 0.4371060 0.6264814 0.3191002 0.0164636 0.2590918 -0.3635320 0.7799817 -0.3207251 0.3169453 0.5416897 0.4634488 0.5474144 -0.6160472 -0.2389232 0.0078868 0.4156614 0.2741264 0.3864110 0.2875988 0.2080335 -0.5048668 0.2495218 0.5957223 0.1226349 0.2226597 -0.1338598 -0.3755681 0.0200768 -0.0400238 0.6514174 0.0959331 0.1401209 -0.3075591 -0.0778293 -0.0189682 -0.0724585 -0.0715371 -0.1224606 -0.1636022 0.1490241 -0.6016565 -0.7073201 -0.5461377 -0.7273015 -0.6373171 -0.5280393 -0.7153552 -0.6944154 -0.6557510 -0.5000304 -0.5550480 -0.6747737 -0.6691465 -0.2177843 -0.2769290 -0.5837443 -0.2691756 0.0690038 -0.4527910 -0.5598794 -0.6347916 -0.0964961 -0.2837352 -0.7454303 -0.6863600 -0.5912727 -0.6363185 -0.6142863 -0.4622376 -0.7985036 -0.6554576 -0.3938447 -0.6904218 -0.2450669 -0.1820610 -0.6639805 0.4278457 -0.8055765 -0.4859233 -0.5346023 -0.5079572 -0.0555774 -0.1065312 -0.4393919 -0.5568323 -0.7209875 -0.1468232 -0.3584523 -0.0826299 -0.5592158 -0.5410660 0.3368630 -0.2456346 -0.5476582 -0.1849795 -0.1805492 -0.0938352 -0.3126199 -0.2576285 -0.5744671 -0.5662017 0.0780018 0.1403802 -0.1112439 -0.3397879 -0.3411954 -0.4133906 -0.3872192 -0.6951642 0.0107007 -0.3630447 -0.4292177 -0.6091227 -0.6775767 -0.3960012 -0.6721960 -0.6149129 -0.5610693 -0.4602976 -0.3260043 -0.3706159 -0.2328591 -0.4831497 -0.5703441 -0.2887740 -0.6237588 -0.3049164 -0.2452589 -0.6180017 -0.5578209 -0.2856987 0.3531170 0.5708995 0.5335561 0.5442518 -0.0005345 0.4324411 -0.0479490 0.0403750 -0.0228590 0.1354930 0.1208676 -0.0660994 -0.2059583 -0.1070575 -0.6207175 0.0763651 0.5761438 -0.3166422 -0.1346341 0.1314597 -0.1157124 -0.5202023 -0.0129432 -0.4022386 0.3987599 -0.3596973 -0.3481905 0.0105832 0.0587582 -0.3315062 -0.2091989 -0.4491345 -0.1157355 -0.0820975 0.3055379 0.1981900 0.1707765 -0.0190850 0.0196765 -0.4941850 0.3667167 0.5167354 -0.1960369 0.0663240 0.5151524
-0.0658286 0.1686164 -0.4182057 0.0286522 -0.1884824 -0.3653820 0.6590145 0.0653887 0.1735814 0.6803202 0.4313308 0.3164546 0.1459925 0.5302799 0.1947605 0.0000000 0.7222833 0.2664697 0.7856611 -0.2468088 0.1750898 0.3429392 0.6048694 0.2729586 0.7403602 0.7135276 0.6000316 0.3022567 0.4065141 0.0390136 0.2526782 0.6539679 0.2414666 0.4080670 0.6906714 0.6154257 0.6676491 0.4326651 0.3312598 0.4024270 0.2630316 0.5938846 0.6861163 -0.1689223 0.4055740 0.7236647 0.6624700 0.2690636 -0.1133819 0.3569268 0.6984003 0.5220671 0.2644556 0.2737717 0.1234207 0.6239852 0.6275470 -0.0937254 0.3419046 0.7538713 0.4270587 0.4060308 0.1932087 -0.0654637 0.0441637 0.0348719 0.5145754 0.2578535 0.1901083 0.2545575 0.0267844 0.1051686 0.6307735 -0.1494039 -0.1653604 0.4986038 0.3397636 -0.1437144 0.1420206 0.1109262 0.0026995 -0.6054444 -0.2778351 0.0329066 0.0110138 0.0835802 -0.1087376 -0.1525005 -0.0272802 -0.0870745 -0.0501593 -0.1528226 -0.0051794 -0.0268379 -0.0037557 -0.1609600 -0.0601208 -0.0710933 0.1103400 0.1416339 0.0442127 0.1852996 -0.3468907 -0.1840831 -0.0668513 0.0740277 -0.1810659 -0.2658868 0.0058618 0.0098953 0.1728846 -0.1048006 -0.2466770 -0.2835794 -0.1550125 -0.4931792 -0.1084858 0.0455757 -0.1886502 -0.3407776 0.0390554 -0.2169721 -0.5478573 -0.2000154 0.1683626 -0.2099805 -0.4698561 -0.1031157 -0.0285505 -0.1639566 0.0436899 0.1793790 -0.2952706 0.1646191 -0.4063407 -0.0750664 -0.1285721 0.2157832 -0.1190179 -0.0164824 -0.0825192 -0.0937183 -0.2418005 -0.2567645 0.1701691 -0.0879001 -0.0082751 -0.0769183 -0.5713613 -0.2530485 -0.0955536 0.0812114 -0.0363085 -0.0416494 -0.1347115 -0.0347057 0.2670017 -0.1140673 -0.0259561 0.2025703 -0.1915403 0.0470147 -0.1059164 0.4075244 -0.3380263 0.0540834 0.0253942 -0.1075576 0.1195168 0.4176372 0.0530114 -0.1204906 0.0351403 0.3309292 0.3943805 -0.1015764 -0.3193661 -0.4198063 0.0896796 0.5625881 0.1946191 0.4664047 0.3352360 0.3773456 -0.0501451 -0.1510745 -0.0519436 -0.0468416 0.0572561 -0.2000613 -0.2570816 -0.1090796 -0.0714151 0.2749237 -0.1620215 0.0359242 -0.4888066 0.0879122 -0.0308430 -0.2792665 0.2420885 0.5093922 -0.0935924 0.2094228 -0.1386505 0.2660700 -0.3929884 -0.2636119 0.2211259 0.1349416 -0.1480267 0.1397066 -0.0803867 0.3288913 -0.1020248 -0.7101384 0.0315862 -0.1071576
0.2305262 0.0979595 0.0186013 0.2922534 0.1824591 -0.4907551 0.3568451 0.5218155 -0.2470967 0.5818729 0.7345162 0.0359602 0.4853548 0.2715439 -0.1361672 0.7222833 0.0000000 -0.1663818 0.4450944 0.0976582 -0.1490589 0.3015721 0.7950173 -0.1321250 0.5376695 0.5257963 0.4034908 -0.0745592 0.0196779 0.0372676 0.0965873 0.4653699 -0.1896184 0.1933562 0.7635049 0.3885156 0.6051737 0.4318451 0.3134362 0.2903748 0.1235283 0.2943119 0.5230473 -0.4128547 0.2259832 0.6563925 0.5135568 0.1162593 -0.3780456 0.5108075 0.5280160 0.4143036 0.2203616 -0.0020526 0.2296593 0.5093107 0.6656207 -0.0549187 -0.1834159 0.4933801 0.1430544 0.5327496 0.3044782 0.1581838 -0.1617521 0.2545838 0.5099631 0.5338333 0.2357829 0.3337868 0.1964560 -0.0288541 0.6765289 -0.0521596 -0.0441560 0.3269952 0.2167773 -0.2718681 0.2123742 0.0123896 0.1002426 -0.5970640 -0.3120256 0.1101446 -0.0478404 0.0881054 -0.1770359 -0.3061151 -0.0553728 -0.0433593 -0.0354389 -0.1987290 0.1208387 -0.0960769 0.0378099 -0.0908692 0.0079112 0.0688503 0.0040701 -0.0954673 -0.0514473 0.1150753 -0.0971562 -0.2809892 -0.0022569 0.2427162 -0.0199090 -0.1535269 0.2535864 0.1625259 0.0323681 0.1591794 -0.1386169 -0.0432658 0.0937172 -0.3652498 -0.0644489 0.2263276 -0.4579967 -0.2085643 -0.0013010 -0.0714575 -0.6369862 -0.3589219 -0.0405140 -0.1640659 -0.2938069 -0.2162778 -0.0275945 -0.3230109 -0.1665145 0.0262525 -0.2675196 -0.0338359 -0.5558831 -0.2813253 -0.2471796 0.0659582 -0.1191768 -0.0787274 -0.1574998 -0.1871508 -0.0840955 -0.2203051 -0.0580854 -0.2832844 -0.0706799 -0.0741015 -0.3535684 -0.2200754 -0.1278202 -0.0525472 -0.2674679 -0.1602609 -0.1490357 -0.1176016 0.0043961 -0.0989931 0.0431544 0.0721635 0.0202393 -0.1036875 -0.3347326 0.0435920 -0.2176390 -0.1869944 -0.4007958 -0.1573238 -0.0364943 0.0879802 -0.0584151 -0.0879513 0.4620725 0.4004886 0.2169305 -0.1757491 -0.4396001 -0.3566352 0.0902471 0.4180758 0.0019662 0.3054264 -0.0632281 0.0699638 -0.1874457 -0.0789698 -0.2939852 0.1524526 -0.0005059 -0.3995575 -0.0751711 -0.0111121 -0.1048863 0.2043584 -0.1208997 -0.0566893 -0.3502436 0.2364508 0.2537200 -0.2341299 0.2799005 0.5066426 0.1388100 -0.0546650 -0.0591587 0.3118943 -0.2620476 -0.1295322 0.1709428 0.3116127 0.1148285 0.2897980 0.3294873 0.4560137 -0.1429549 -0.3703386 -0.2359155 -0.2399121
