0.0000000 0.3693852 0.4492732 0.1151038 0.1485480 -0.0074286 0.1861643 0.1138661 0.1331980 -0.6313270 -0.2831152 0.3000939 0.1728773 -0.3775356 0.2343431 -0.6308278 -0.7014306 0.2499596 -0.2332211 0.2562129 0.2150724 0.0063996 -0.7640418 -0.0723121 -0.1259700 -0.4853655 -0.5548604 0.1289504 0.1498308 -0.1492788 -0.0062479 -0.0781754 0.2188780 0.1607895 -0.5387001 0.1847698 -0.2786855 -0.0449974 -0.6399481 -0.4511212 -0.0335638 0.2855466 -0.5634227 -0.0441213 0.1935267 0.0767386 -0.2684037 -0.2235624 0.1089454 0.0233457 -0.4726724 -0.6067576 0.0949273 -0.3940707 -0.2063598 -0.1487252 -0.2886133 -0.1780857 0.0592611 -0.2792708 0.0037289 -0.3989714 -0.3645138 0.0202281 0.2309578 -0.3318402 -0.1173824 0.0477718 -0.1594728 -0.0045012 -0.0546035 0.2886765 -0.1362366 0.3516720 -0.0617881 0.0193695 0.4993516 -0.2017411 0.0573436 0.1085213 -0.2287334 0.3064083 0.0921389 -0.0302282 0.3314957 0.1512166 0.3090818 -0.0454522 0.0464461 0.2302989 0.2038366 0.3000798 0.5320358 0.1350210 0.3281599 0.4275503 0.3300841 0.5815572 0.2329351 0.3012430 0.2090586 0.3486559 0.0084670 0.4273129 0.3798644 0.4236518 0.1848324 0.0100448 0.1858709 0.3618774 0.4012585 0.2300076 -0.0227860 0.0986306 0.5739827 0.4060224 0.4222191 0.5196306 0.4438276 0.1662488 0.3717147 0.6004304 -0.1887534 0.4587025 0.4166821 0.0284879 0.4760324 -0.0970446 0.1454570 0.5535760 0.5385844 -0.1041169 0.3319411 0.4507687 -0.0824776 -0.0375411 0.5069124 0.1740990 0.3201603 0.1527341 0.3379533 0.1473293 -0.2364725 0.1437232 0.3640924 0.0679543 0.5383003 0.3826739 0.1759765 0.2792096 0.1007395 -0.0409432 0.2117863 0.3514041 0.4131241 0.1190565 0.1308825 -0.0071846 -0.1858944 0.1003295 0.1939445 0.2063107 -0.0423516 0.0844819 0.0447819 -0.0625806 -0.2877563 0.1401606 0.0775924 0.1034106 0.0239728 0.1994218 0.5823677 0.5325515 0.4820102 0.2340445 0.1639066 0.1031726 0.2216586 0.0174199 0.0986782 0.3032145 0.1110580 0.0217819 -0.1943350 0.3410960 0.1510329 0.1285255 0.4615554 0.3941056 -0.2248615 0.1390060 0.2376804 -0.2346323 -0.0982600 -0.0220823 0.1376679 0.2756674 -0.0218247 0.0058126 0.0268323 -0.0731981 0.5991352 0.6815455 0.3917144 0.1935316 -0.1303963 0.5359233 0.3445385 -0.1120930 0.4538977 0.5218588 0.2575482 0.3076104 0.0749980 -0.1984112 -0.3251528 0.0429343
0.3693852 0.0000000 0.6383742 0.7090823 0.5085722 0.5348766 0.6176180 0.6065507 0.3847855 0.3219326 0.3943914 0.8335706 0.5844433 0.1062463 0.5711573 0.0089462 -0.0487199 0.0732604 0.1172508 0.0921280 0.6991661 0.3969732 -0.1146312 0.3624211 0.1740166 -0.0625251 -0.0633842 0.2952325 0.5853181 0.2309846 0.5234450 0.0548705 0.3444256 0.4475718 -0.2228142 0.5821972 0.0854628 0.3725662 -0.2305203 -0.1166352 0.4514587 0.7453071 -0.1548849 0.0071080 0.7610913 0.3181090 0.3254019 0.0953825 0.2377546 0.3123959 -0.0028568 -0.1328805 0.5187682 0.0357972 0.1584486 0.3649036 0.4008982 0.2233324 0.6058884 0.0427057 0.6073766 0.0311668 0.1687818 0.4080489 0.6917701 0.1924504 0.2503243 0.3567891 0.4081860 0.3676231 0.2585763 0.6579329 0.1621310 0.7575717 0.2235381 0.4386283 0.6763303 0.1707367 0.4721500 0.5781426 0.1806758 0.5130088 0.3801048 0.1843021 0.1539610 0.1170041 0.4680243 0.0824772 0.0283641 0.4491023 0.2280971 -0.1070804 0.0630362 0.2399417 0.3442871 0.3139188 0.1794165 0.4922107 0.5185067 0.6667748 0.3650871 0.2486524 0.0957542 0.5514150 0.6432705 0.3965832 -0.2100316 0.0240527 -0.0602656 0.0259413 0.7151019 -0.0631882 0.2472825 -0.2228510 -0.0198827 -0.0669972 -0.2414366 -0.1873387 -0.2132397 0.3087753 0.1469305 -0.1002798 -0.0957189 0.1038708 0.2561632 0.5223060 0.5274098 0.2575383 0.6555649 0.5899630 0.4589625 0.5124946 0.5240503 0.7665766 0.1896772 0.2038262 0.6484337 0.6180603 0.4962440 0.5846568 0.3292384 0.4964459 0.3718898 0.4547303 0.4189806 0.2546451 0.4101325 0.4685045 0.2039034 0.5879229 0.6011353 0.1792837 0.0009226 0.2798961 0.3693905 0.4586983 0.4247151 0.1666481 0.1231495 0.4409877 0.2832927 0.3239378 0.4543480 0.5160850 0.1292955 0.1990366 0.0516563 -0.0336225 0.1703809 0.4349741 0.3665074 0.2652382 0.3067486 0.5095428 0.8676176 0.8429392 0.8384483 0.5525683 0.7333968 0.5454918 0.6391484 0.7263126 0.6636323 0.6191169 0.5495180 0.6136825 0.5501857 0.5424861 0.7325099 0.5623851 0.3327753 0.3839887 0.3371619 0.4842921 0.5363579 0.5738855 0.5324694 0.6556088 0.5429588 0.4750562 0.1967917 -0.2404406 0.1845110 0.3555454 0.3188064 0.0693958 0.4692442 0.3623267 0.3733386 0.2955239 0.3262646 0.6561780 0.2016928 0.6566087 0.5276348 0.2997573 0.2019648 0.3699954
0.4492732 0.6383742 0.0000000 0.5086335 0.7173342 0.5655220 0.7215866 0.7235065 0.3918693 0.0802724 0.4930770 0.4799419 0.8402898 0.0785732 0.3449301 -0.0505290 0.0287055 0.3699142 0.3361908 0.5077247 0.1562931 0.6606318 -0.1176364 -0.0954869 0.3997920 -0.0025667 0.0156330 0.4159746 0.0763334 0.3578733 0.5889559 0.3407106 -0.1131757 -0.1056241 -0.0923390 0.1222209 0.1947533 0.7065118 -0.0613066 0.0129807 0.5515371 0.4044523 0.0612800 -0.3345347 0.3489721 0.4699657 0.3316326 0.5496817 -0.2750746 0.6770508 0.1449918 0.1119107 -0.0493731 -0.0424717 0.4123942 0.4436554 0.4127153 0.0576056 0.6709772 0.2917132 0.5187875 0.1798151 0.2289106 0.2815447 0.4396499 0.4113720 0.3629496 0.1856196 0.3413595 0.4586671 0.3462470 0.5813576 0.0867265 0.7846808 0.0888720 0.2514416 0.6997085 -0.1864951 0.2877091 0.2559632 -0.1727981 0.0021001 0.0948909 0.0520817 0.0466211 0.1636754 0.3008548 -0.4921867 0.2655776 0.0550504 0.4788082 0.2553925 0.3615924 -0.2756431 0.2919050 0.2217053 0.2720904 0.7060180 0.4003016 0.1545459 -0.1498724 0.3807348 0.2903182 0.0239585 0.4863399 0.0685152 0.2542594 0.1532226 0.0420093 0.4827349 0.5822819 0.4295870 0.2240226 0.2019725 0.5695213 0.4512781 0.3740725 0.4413204 0.4032792 0.5219748 0.6381121 0.2477956 -0.2603775 0.5072644 0.7618094 0.3211596 0.3916534 -0.0989108 0.4683530 0.6279367 0.7049359 0.2866632 0.0400524 0.3812593 -0.0558248 -0.0687670 0.5931964 0.5886598 0.5537590 0.1899318 0.0548071 0.3444867 0.3221982 0.0465171 0.5798705 -0.0804187 0.4968611 0.6075238 0.3499946 0.6150009 0.3662969 -0.0650324 0.1877353 0.0588142 0.4202152 0.1180590 0.3655475 0.2209072 0.3265826 0.1784779 0.2979097 0.3162650 -0.0262162 0.2888514 0.2341580 -0.0773952 -0.3212918 0.1444140 0.1444683 0.2684983 0.2704039 0.3009520 0.3603049 0.0612972 0.5129437 0.3582120 0.4914334 0.2003724 0.2716302 0.1541591 0.1571415 0.2430794 0.3719615 0.0580011 0.4174174 0.6327228 0.6984597 0.6574251 0.7621518 0.5826582 0.0262918 0.0452058 0.0255237 0.0096765 0.1557655 0.0920622 0.1751253 0.4668451 0.2127918 0.2434761 0.3400968 0.1789311 0.4884744 0.1429096 0.5553494 0.1113836 0.1641029 0.5818382 0.4834527 0.2644730 0.4706297 0.2124645 0.4460192 0.6280192 0.2522740 0.3193726 0.2342287 0.2830954
0.1151038 0.7090823 0.5086335 0.0000000 0.3714272 0.7603431 0.5362133 0.7834590 0.4648275 0.4933444 0.5647095 0.7144953 0.6738330 0.4051724 0.4113518 0.3507214 0.3975925 -0.0730705 0.3923988 0.2348761 0.4755173 0.5547027 0.2548863 0.1853680 0.3387195 0.2786635 0.2815486 0.3066919 0.3674392 0.4026232 0.5014239 0.1818267 0.2412992 0.2604940 0.2144954 0.3226302 0.3675415 0.4542251 0.1650713 0.0879872 0.4662219 0.5476230 0.2636894 -0.0897773 0.5813676 0.5297440 0.4799412 0.2919085 -0.0215857 0.5750005 0.2889699 0.2582149 0.2876392 0.0702494 0.3043837 0.5453409 0.5243852 0.0331841 0.5721961 0.3513181 0.6097826 0.3372080 0.2946053 0.2669396 0.4829382 0.2671851 0.4653524 0.2837986 0.4213319 0.3344826 0.4225069 0.7343379 0.2244502 0.6802064 0.1929331 0.4355665 0.6098996 0.0614732 0.4745977 0.4827050 0.0043322 0.3581951 0.3129748 0.3465142 0.2092742 0.2012579 0.5663778 -0.0013135 0.2911182 0.3553925 0.2455769 -0.0208529 0.1996667 0.1754648 0.2512442 0.2494132 0.1435573 0.4699998 0.3703290 0.5386018 0.3395946 0.2338248 0.0924722 0.4642659 0.3741164 0.2446581 -0.0079441 0.2107652 0.0610544 -0.0260180 0.6629161 -0.0428005 0.1978120 0.0746459 0.0811276 0.0878621 0.0190625 -0.0133493 0.0275311 0.2719874 0.3058382 0.1259147 0.1048856 0.4288896 0.2712588 0.2528640 0.5205333 0.3738721 0.4513882 0.7103050 0.5989140 0.4463174 0.5730404 0.6754760 0.0050592 0.3331756 0.8228428 0.5223322 0.6335777 0.1318884 0.1207248 0.1227829 0.1814766 0.2373535 0.6189914 0.2461290 0.3681965 0.4533592 0.0309493 0.3222371 0.2522061 -0.1095750 0.0718534 0.1214021 0.5312257 0.0092972 0.1391681 0.3243846 0.0851451 0.0306958 0.3647549 0.0581495 0.0907223 0.1473477 0.3509710 -0.0177743 -0.0457269 -0.1191849 0.1339323 0.2248744 0.3118556 0.0991295 0.3376604 -0.0003504 0.4706154 0.5002904 0.6202478 0.1082062 0.4178929 0.2004540 0.3897445 0.6395571 0.5748736 0.6193033 0.5408055 0.5395717 0.5529283 0.3433097 0.4995229 0.3035627 0.2429414 0.0503288 -0.1672953 0.2328301 0.3228757 0.2435418 0.1217635 0.2586838 0.3433885 0.1446578 0.4874390 0.0787059 0.1517001 0.0081510 -0.0180729 -0.0454572 0.1049781 0.3550745 0.4364039 0.3614410 0.3360386 0.2048741 0.0001316 0.4240629 0.3949553 0.4982362 0.2363958 0.2339479
0.1485480 0.5085722 0.7173342 0.3714272 0.0000000 0.2148983 0.5805526 0.6488463 0.4550838 0.0712574 0.4347029 0.4547255 0.8069917 0.2573580 0.3268905 0.0710054 0.1174795 0.3459421 0.1841977 0.5418654 0.1100879 0.5401367 0.0647595 0.0432136 0.1881383 -0.0595493 0.1917237 0.4079200 0.1149530 0.3225221 0.7586528 0.0982347 0.0617773 -0.0696740 -0.0311821 0.0832884 0.0582963 0.5156861 0.0596400 0.0828944 0.5273752 0.3382304 0.0372458 -0.2308606 0.4359191 0.3256651 0.3711939 0.4606009 -0.1883300 0.4440609 0.1353449 0.0946792 -0.1896449 -0.0550025 0.4804386 0.4190340 0.2551777 0.2829588 0.7990785 0.0332348 0.6963235 -0.1564175 0.4826676 0.0564984 0.3335668 0.2398448 0.2550827 0.0148690 0.4410837 0.4079476 0.3433061 0.5228090 -0.0127596 0.6652908 0.4035926 0.2082027 0.5412051 -0.0160902 0.1593335 0.1589423 -0.3358039 0.0744647 0.4851203 0.2824653 0.2403598 0.5195238 0.2723901 -0.1406441 0.3587062 0.2740393 0.3891863 -0.1451466 0.1542037 -0.2595060 0.2336958 0.2704229 -0.0422258 0.5391663 0.1262305 0.3357274 -0.0588484 0.4898430 0.4872496 0.1124906 0.4420743 0.0561713 0.1862827 0.2352565 0.2538194 0.2571891 0.4173188 0.4827783 0.2641383 0.0867968 0.2665267 0.3166897 0.1335718 0.1367709 0.1524851 0.5306624 0.5412248 0.0940185 -0.4821444 0.1962894 0.6161545 0.5885768 0.3688551 0.1442070 0.6754878 0.2775411 0.4712833 0.4763399 0.2036805 0.0410565 0.2259819 0.0927648 0.3670521 0.5304567 0.4013836 0.3750477 0.1695442 0.5177533 0.4972084 0.1918892 0.2650193 -0.2534805 0.2006120 0.4546954 0.3624919 0.6599652 0.5477393 0.1682708 0.0953513 -0.0112417 0.3191350 0.3561078 0.2988132 0.3398776 0.2060512 0.3812267 0.0428960 0.3899131 0.1605575 0.4216443 0.1845416 0.1490830 -0.1184793 -0.0421235 0.0140938 0.3949077 0.2321968 0.2753933 0.0335104 0.0843727 0.4248943 0.2817525 0.4122781 0.4559596 0.2236732 0.4529734 0.5278394 0.2451926 0.3815135 0.2029418 0.7302955 0.6077405 0.7458337 0.6791456 0.7702957 0.6533750 0.2231531 0.2354404 0.1344986 0.2791889 0.4569008 0.3732116 0.3174759 0.4378802 0.0812158 0.5291307 0.0344770 -0.0151042 0.2547802 0.0772090 0.3536242 -0.2384891 0.4530911 0.2362408 0.1701753 0.1813985 0.3564530 0.0484237 0.4029222 0.5912174 0.1199213 0.1661198 0.3804325 0.2498161
-0.0074286 0.5348766 0.5655220 0.7603431 0.2148983 0.0000000 0.6224763 0.6998508 0.3344671 0.5807909 0.6331142 0.4339229 0.6533315 0.3762337 0.2953748 0.3673296 0.5287402 0.2105475 0.5895498 0.0696357 0.1342656 0.5553209 0.2607942 0.0508578 0.5939496 0.4475384 0.3072572 0.2663670 -0.0002726 0.3506161 0.2577580 0.4510741 -0.1562781 -0.1064262 0.2475305 0.0846444 0.5424699 0.6483185 0.2177461 0.2160554 0.4104504 0.3381683 0.3167229 -0.2723387 0.2874706 0.6143572 0.6693474 0.4137102 -0.2694344 0.6977653 0.4972746 0.4362811 0.0884639 0.1649724 0.3140000 0.5117526 0.6976815 -0.0297143 0.4625517 0.7005449 0.4483086 0.6651641 0.1198713 0.2850756 0.3954678 0.4917973 0.6798189 0.4006075 0.2345197 0.4112430 0.5292536 0.4760321 0.4464969 0.5900563 -0.0232624 0.4281995 0.5376484 0.0116579 0.5293958 0.4353896 0.1630084 -0.0011955 -0.0688444 -0.0195781 -0.1020149 -0.2026334 0.1566474 -0.3725240 0.0162256 -0.0047174 0.0400556 0.0119655 -0.0982092 -0.0673999 0.0566194 -0.0126582 0.0765822 0.2013164 0.2947088 0.1447222 -0.1181192 -0.0037957 0.0816466 0.0038428 0.1189200 -0.0485219 -0.0279302 0.0994494 -0.2335461 0.1031492 0.4327354 -0.1057347 0.0442159 0.0461837 0.0856303 0.0105282 0.0195421 0.0237829 0.0192690 0.2772784 0.2374256 -0.0292203 0.0531865 0.3260402 0.2515627 0.0201855 0.2680730 -0.0350706 0.0746629 0.5437938 0.3950722 0.2381385 0.0249293 0.5744687 -0.2375774 -0.0872713 0.5465761 0.2563721 0.3554339 -0.0619118 -0.2471857 -0.1330486 0.1295309 -0.1359075 0.4492931 0.1186856 0.1175708 0.1442711 -0.0800615 0.1355475 0.1223573 -0.2930902 -0.0809157 -0.1368392 0.2397256 -0.2386320 0.1078901 0.0798507 0.2101782 -0.1339313 0.2613615 -0.0811028 -0.0472200 0.0178360 0.1514713 -0.1275980 -0.1316627 -0.0477873 0.1632567 0.0697827 0.1976016 0.0519730 0.3512565 -0.1894287 0.3075491 0.3827132 0.4843693 -0.0843766 0.1954221 -0.0322652 0.0757318 0.3607429 0.4170427 0.2686272 0.3348240 0.4148666 0.5107095 0.3434185 0.4320591 0.2897348 0.1316968 -0.0817376 -0.1553236 0.0979798 0.1209806 0.0036290 -0.0443926 0.2661016 0.4058502 -0.1069305 0.6206464 0.3454125 0.1775566 -0.2045390 0.0124454 0.0599048 -0.0749051 0.5372558 0.4728194 0.4213948 0.3396472 0.1199443 -0.1057011 0.4184806 0.4301434 0.5902433 0.4285856 0.3145148
0.1861643 0.6176180 0.7215866 0.5362133 0.5805526 0.6224763 0.0000000 0.5667915 0.7462872 0.2401560 0.3528018 0.7293070 0.6465039 0.3588093 0.7118535 0.1117560 0.2352858 0.4472573 0.1266032 0.3655752 0.3777006 0.3594563 0.0122567 0.3170386 0.1257571 -0.0481475 0.1226411 0.4091036 0.2049300 0.3918633 0.3334739 -0.0438729 0.1105423 0.0058900 -0.0756099 0.4152547 0.0242581 0.4423422 0.2453424 0.3886341 0.2995701 0.6329515 0.1041927 0.0763399 0.4990340 0.1733034 0.3586660 0.3505897 0.0492938 0.4382073 0.2958588 0.3664172 0.1835466 0.5050297 0.2105984 0.1969303 0.3094143 0.4178284 0.7061937 0.3881533 0.6344269 0.4290715 0.1508707 0.4380208 0.6090603 0.2526320 0.4357299 0.4857503 0.2283325 0.6119749 0.3305106 0.5170024 0.3280631 0.7556723 0.0135169 0.4194910 0.6739622 -0.0679303 0.4871562 0.4058650 0.0100314 0.0226912 0.2685106 0.0426599 0.1340458 0.3243129 0.2279773 -0.2860773 0.4655461 0.2664845 0.3430070 0.1405435 0.1726830 -0.0637277 0.2055549 0.0406355 0.1554596 0.4980483 0.3097211 0.2014292 -0.0907985 0.5331833 0.4165537 0.1701921 0.3608186 0.1221397 0.3654420 0.1244696 0.2345752 0.3417386 0.4880453 0.3593759 0.2454624 0.1617478 0.2706514 0.2105394 0.1582449 0.1709205 0.1620020 0.4555910 0.4793540 0.0462299 -0.0329877 0.3574429 0.6504716 0.3816908 0.2455589 0.0406375 0.4527788 0.5543491 0.6490120 0.3544364 0.1715766 0.3934688 0.0304616 0.0615563 0.5374423 0.6247278 0.4664509 0.3455862 0.1874548 0.4905950 0.3257169 0.1906249 0.4649069 -0.0048615 0.4577135 0.5195346 0.2432593 0.6588062 0.5156477 0.0927980 0.1830282 0.0812213 0.3258078 0.2186864 0.2843334 0.2627067 0.2194678 0.3529723 0.2186675 0.3689511 0.1685779 0.4457958 0.2495667 0.1547142 0.0410740 0.0387319 0.0986605 0.3033141 0.3784762 0.2446676 0.0829087 0.1154014 0.6359208 0.5385203 0.7273755 0.4338602 0.5257976 0.4452006 0.4364740 0.4866159 0.6522382 0.3797948 0.5186016 0.6580054 0.5834709 0.7113840 0.7099958 0.5966719 0.0466426 0.2799019 0.2812948 0.1344534 0.3117925 0.2194616 0.2647155 0.6964766 0.3767395 0.3158670 0.3712911 0.2223669 0.4780092 0.1722660 0.3909347 0.2880338 0.3010877 0.4642918 0.3875655 0.2939367 0.4207015 0.3563081 0.3235924 0.7942059 0.5947442 0.1884807 0.4199173 0.6626477
0.1138661 0.6065507 0.7235065 0.7834590 0.6488463 0.6998508 0.5667915 0.0000000 0.3972001 0.4851268 0.8344654 0.5208633 0.9085572 0.2419709 0.2743645 0.4519232 0.3582110 0.1435989 0.6764814 0.3144486 0.1159076 0.8026862 0.2901776 -0.0742381 0.6507455 0.3747866 0.2416038 0.3784353 0.0897242 0.3689268 0.7186190 0.4743840 -0.0968290 -0.0347845 0.2680592 0.0467162 0.4654821 0.7974694 0.0517326 0.1190640 0.7518791 0.4394461 0.3215823 -0.3645224 0.5308617 0.7518768 0.6745135 0.5845408 -0.3824128 0.7683869 0.4275836 0.2727773 -0.0645475 -0.0875394 0.6599365 0.8174874 0.7347351 0.1092096 0.8217185 0.4500464 0.7954615 0.3238476 0.5925554 0.1936194 0.4016741 0.5882406 0.6728494 0.3225610 0.7122593 0.5555745 0.7254206 0.6598139 0.4293108 0.7627503 0.4831498 0.6026231 0.7551316 0.2733643 0.5763972 0.5620188 0.0576084 0.2059631 0.1886549 0.2644611 0.1959858 0.1448543 0.3578682 -0.2605840 0.1520690 0.0510048 0.3123735 -0.0498117 0.1112955 -0.1852087 0.1631627 0.1758488 0.1571286 0.4256365 0.2111261 0.3973129 0.0136111 0.2172482 0.3633498 0.1303465 0.3815635 0.0991993 0.0879305 0.3944701 -0.0322819 0.0783930 0.6079487 0.2006450 0.3377109 0.1839116 0.2337404 0.2897113 0.1301581 0.1180470 0.1572040 0.5510785 0.4976944 0.1737431 -0.1741167 0.3299180 0.4661826 0.2986579 0.4956774 0.1518677 0.4835277 0.6156007 0.5654973 0.5385472 0.2914497 0.4609168 0.0584163 0.2022924 0.6932617 0.4771364 0.5316312 0.1053698 0.0258517 0.2612055 0.4155328 -0.0561151 0.5311897 0.1605793 0.2352169 0.4801492 0.0319577 0.4979312 0.3505442 -0.1544903 0.2033496 0.0011602 0.4457758 -0.0043628 0.3224456 0.4150681 0.3416591 0.1379827 0.5233538 0.3498283 0.0626916 0.2627858 0.5081862 -0.0023228 -0.0634928 0.0171414 0.1905322 0.4180602 0.4843286 0.1636671 0.3637119 -0.1522871 0.3485033 0.3852093 0.4148910 0.0986315 0.1292350 0.1663139 0.3585959 0.4959059 0.5341701 0.4591241 0.6953943 0.6031338 0.8544858 0.5776626 0.6599117 0.4841841 0.4186678 0.0721340 -0.2055760 0.2872112 0.3668665 0.2476697 0.0742126 0.2224231 0.4445821 0.1964245 0.4802415 0.1088744 0.1943523 -0.1037858 0.0318292 -0.1053748 0.1737646 0.3176049 0.3692120 0.4883300 0.3148121 -0.0481327 0.0553295 0.5049633 0.2894361 0.6624929 0.3087630 0.0506591
0.1331980 0.3847855 0.3918693 0.4648275 0.4550838 0.3344671 0.7462872 0.3972001 0.0000000 -0.0276785 0.0900805 0.7368236 0.4770030 0.3216069 0.8158187 0.1358798 0.0961496 0.2440942 -0.0906076 0.4937846 0.3435796 0.1305582 0.1019123 0.3813557 -0.1165582 -0.0581161 0.1430937 0.3714016 0.2916005 0.4049823 0.2284511 -0.2890441 0.3666829 0.1274767 0.0281399 0.2804005 -0.0654925 0.1407591 0.2524612 0.5448107 0.0962989 0.4572501 0.0910922 0.4415032 0.4480587 0.0971615 0.2070608 0.1305854 0.2895345 0.2895396 0.2781139 0.3528845 0.2281841 0.6072684 0.0178734 0.0741115 0.0624979 0.5116017 0.5443647 0.3534237 0.5601028 0.3703163 0.0330742 0.5435806 0.6758397 -0.1199803 0.4128095 0.5414007 0.1503225 0.5814206 0.2559252 0.5548178 0.3280579 0.6595304 0.0662430 0.4316163 0.5858989 -0.0934300 0.4624527 0.4302776 -0.2676091 0.1020076 0.4009903 0.1106805 0.3325028 0.6602403 0.2440258 -0.1548622 0.6723716 0.4377222 0.2274245 0.1275198 0.3007005 -0.0567206 -0.0266408 0.2113226 0.1151208 0.5317186 0.0259040 0.2012168 0.1313850 0.6262596 0.2846755 0.4129501 0.1734275 0.2435213 0.5092712 0.0825604 0.3921489 0.3990892 0.2701128 0.3472993 0.1729904 0.2160016 0.2556264 0.2367156 0.2270607 0.2002636 0.2021134 0.2713869 0.4014252 0.1768461 -0.1530761 0.4478553 0.5503037 0.4053165 0.1388014 0.0939272 0.4157103 0.4379509 0.6207964 -0.0166144 0.4263506 0.2593663 -0.1602360 0.1069216 0.5009619 0.5025822 0.6280601 0.2971818 0.1690600 0.4355349 0.0587514 0.3918772 0.3620056 -0.0391146 0.4761526 0.5598604 0.1227867 0.4999699 0.4911050 0.0940101 0.2072262 0.1561301 0.5222068 0.1651102 0.1569436 0.2865643 0.0149835 0.3471799 0.0976054 0.3269545 0.0999804 0.3615303 0.3323527 0.2799877 0.1897945 0.0232710 0.0706361 0.3257210 0.3580179 0.2710631 0.0312678 0.1635893 0.5422219 0.4305465 0.5818364 0.4700328 0.3351529 0.3889465 0.4324435 0.3973518 0.4709173 0.4564303 0.5256567 0.6747655 0.4407834 0.5319862 0.5713239 0.5495391 -0.0945183 0.3240966 0.2100097 -0.0152404 0.3180342 0.1835423 0.2626657 0.5477212 0.1601505 0.3095640 0.1866602 0.3213829 0.4313448 0.2167299 0.0814159 -0.0147567 0.2389632 0.2167204 0.1031771 -0.0161377 0.2036508 0.1722853 0.1361342 0.5631734 0.4819742 -0.0456059 0.3182375 0.6464190
-0.6313270 0.3219326 0.0802724 0.4933444 0.0712574 0.5807909 0.2401560 0.4851268 -0.0276785 0.0000000 0.7814053 0.1886020 0.2800061 0.3603939 -0.0093337 0.7653903 0.7155130 -0.1564702 0.6094501 -0.3287788 0.1600260 0.4601298 0.7033836 0.1317626 0.5409880 0.6242136 0.4800846 0.0248507 0.0884833 0.2973107 0.3286129 0.3734527 -0.2283204 0.0231474 0.4822148 0.2056975 0.5465150 0.4906518 0.3853559 0.2189205 0.5130401 0.2728290 0.5616140 -0.2234593 0.3256451 0.3916798 0.5823578 0.4057630 -0.1942015 0.3270821 0.5199688 0.5128100 0.1646492 0.2624991 0.4916469 0.6143911 0.7907607 0.1823792 0.3897954 0.4493355 0.4527531 0.5575937 0.5701258 0.2049110 0.1625735 0.7072537 0.4586765 0.2588974 0.5674003 0.3307126 0.4518344 0.1640841 0.4217081 0.1967162 0.3195338 0.3936272 0.0868069 0.4706221 0.3734902 0.3865871 0.5488451 0.0363966 0.0242940 0.1706864 -0.2342672 -0.3222381 0.0935915 0.0047200 -0.1839443 -0.1115395 0.0221049 -0.2703179 -0.4271129 0.0038686 0.0263557 -0.2845662 -0.1463155 -0.2615604 0.2550106 0.1497140 0.0183116 -0.2991721 0.0933486 -0.1564226 0.0588240 -0.1368327 -0.3509718 0.1990464 -0.2891302 -0.3754669 0.2680675 -0.2546653 0.3021206 -0.0914500 -0.4321340 -0.3172168 -0.4539249 -0.5019979 -0.4409026 0.1982040 -0.1447116 -0.5132349 0.2474905 -0.2770099 -0.2283384 0.1621731 0.0016731 0.2500322 0.2173325 0.0592042 -0.1414887 0.5653475 -0.0716392 0.2190034 0.2557582 0.1816877 0.0835082 0.1929052 0.0129195 0.1253669 -0.1367602 0.0980000 0.5286056 -0.0626777 0.0949919 0.2213486 -0.2215822 -0.0468701 -0.1089050 0.1185909 0.2044986 0.0571891 -0.0673801 -0.1723220 -0.1482244 0.0489949 0.2320147 0.2376495 0.4060849 0.0961676 0.2357224 0.0466394 0.2546335 0.2247478 0.2171173 0.1035145 0.2501346 -0.0949890 0.1355219 0.2073685 0.3551946 -0.0639186 -0.2014387 -0.3455982 -0.0083528 0.2548076 0.3032733 0.0076843 0.2064558 0.2288296 0.2241172 0.3052362 0.4143849 0.4260275 0.4860381 0.0474906 0.3002951 0.1995244 -0.0020464 -0.0715217 0.6010259 0.0225050 -0.1796322 0.5486376 0.3750507 0.3144067 0.0804234 0.0193052 0.5231350 0.1630673 0.4240467 -0.0170895 -0.4316058 -0.5446934 -0.1820550 0.0025072 0.3204713 -0.1873665 0.0986383 0.5742614 -0.0845456 -0.1312529 -0.1492535 0.0926685 0.2315987 0.6567330 0.4447634 0.0055828
-0.2831152 0.3943914 0.4930770 0.5647095 0.4347029 0.6331142 0.3528018 0.8344654 0.0900805 0.7814053 0.0000000 0.2116299 0.6932723 0.2001446 -0.0300561 0.6516458 0.5587393 0.0485251 0.7718220 -0.0384484 -0.0238179 0.7429317 0.5443782 -0.1106454 0.7458196 0.5769409 0.3499146 0.2102109 -0.0034223 0.3060643 0.5908466 0.5523501 -0.3007048 -0.0895476 0.4192135 0.0111903 0.5855877 0.7930251 0.1531381 0.1068945 0.7463174 0.3067953 0.5135048 -0.4349626 0.4390212 0.7135011 0.6514883 0.6305125 -0.4454351 0.6451043 0.4854769 0.4098338 -0.0833418 -0.0140114 0.7118145 0.8578050 0.8859421 0.1623091 0.7068979 0.4967406 0.7124593 0.4321138 0.7077124 0.1927756 0.2498073 0.8149815 0.6321290 0.2727383 0.7439654 0.5251461 0.7115572 0.4044960 0.4881309 0.5217763 0.5105704 0.5344053 0.4404653 0.4448095 0.5058262 0.4785621 0.3347749 0.0512249 0.0324368 0.1287431 -0.0622932 -0.1605056 0.1137242 -0.2434377 -0.1095343 -0.2585707 0.1546829 -0.1617323 -0.1802562 -0.2380239 0.0269305 -0.1389240 -0.0799854 0.0394871 0.2122955 0.2111106 -0.1275201 -0.0969810 0.2801207 -0.2297445 0.1188772 -0.1751066 -0.1197684 0.3643710 -0.2578810 -0.1203852 0.3857583 0.0761764 0.3502304 0.0992658 -0.0022905 0.0355227 -0.1119366 -0.1136810 -0.0871136 0.4145749 0.2385374 -0.1356528 -0.1191026 0.0206887 0.1404731 0.1650473 0.2129346 0.0240317 0.2937572 0.3514482 0.1670803 0.5144841 -0.0674732 0.2585649 0.1314728 0.0424122 0.3326097 0.2414378 0.2167470 0.0112390 -0.1201035 0.1436351 0.5501062 -0.2731431 0.2466078 0.1508379 -0.1090529 0.2062231 -0.0315272 0.2924302 0.2236448 -0.1669897 0.0188290 -0.1049325 0.1612265 -0.0825981 0.3310665 0.3122784 0.4949331 0.0508976 0.4409011 0.2016089 0.0264389 0.1948210 0.3520414 -0.0662211 0.0105165 0.0163802 0.1723080 0.3003109 0.4467434 0.0517866 0.1109642 -0.4235337 0.0273749 0.1591078 0.2154452 -0.0916443 0.0185863 0.1174827 0.1799017 0.3094222 0.4468507 0.3376854 0.6640965 0.3595020 0.6977822 0.4290216 0.3067210 0.1788722 0.5415780 -0.0572026 -0.3472585 0.3944067 0.2953282 0.1818331 -0.0237826 -0.0245582 0.5130122 0.1261382 0.4763322 0.1224588 -0.1456156 -0.4976197 -0.0805177 -0.0609213 0.2258906 -0.0052463 0.2382260 0.6827692 0.0800863 -0.2866862 -0.0544086 0.2301049 0.1787287 0.7777340 0.3885239 -0.1186746
0.3000939 0.8335706 0.4799419 0.7144953 0.4547255 0.4339229 0.7293070 0.5208633 0.7368236 0.1886020 0.2116299 0.0000000 0.5031143 0.1741213 0.8136533 0.0094428 -0.0092758 0.0047870 -0.0996691 0.2585811 0.7789158 0.1984637 -0.0946629 0.4797087 -0.0934684 -0.2095515 -0.0572023 0.2597066 0.6462174 0.2744882 0.4006299 -0.2382148 0.5351746 0.4865587 -0.2164367 0.6564612 -0.1271544 0.1440418 -0.0538592 0.1317649 0.2498487 0.8179571 -0.1515767 0.3073717 0.7899259 0.1047010 0.1889557 -0.0251820 0.3997473 0.1773188 0.0183505 -0.0069494 0.5527146 0.3338209 -0.0028221 0.1540634 0.1849097 0.4017342 0.6053272 0.0398807 0.6462590 0.1275128 0.1142893 0.4818528 0.7421222 -0.0314560 0.2258363 0.4900745 0.3147972 0.4530110 0.1826963 0.6750400 0.2086434 0.7327569 0.1174093 0.5173390 0.6847444 0.1080051 0.5668932 0.6023664 0.0532134 0.4234469 0.4196443 0.2117597 0.2932136 0.4004590 0.4535240 0.0770555 0.3792229 0.5492913 0.2297344 -0.0258884 0.1630621 0.1973015 0.2166422 0.2795313 0.2381356 0.5407084 0.3318272 0.5809427 0.3792681 0.4976159 0.1780686 0.6507197 0.5565845 0.4454810 0.1000127 0.0412503 0.2403567 0.0368694 0.5999299 0.0414529 0.2010228 -0.1005359 -0.0328548 -0.0463004 -0.1521781 -0.1502969 -0.1437680 0.1843215 0.1762031 -0.0255450 -0.0741772 0.2137413 0.3156284 0.4815605 0.4165295 0.3162213 0.6276672 0.5828321 0.5763905 0.3770086 0.7138938 0.7053095 0.0449173 0.2775153 0.7206511 0.6819678 0.6247263 0.4992390 0.3795663 0.5345946 0.1575852 0.5199392 0.4598500 0.2516027 0.5339449 0.5697482 0.0932754 0.5792051 0.5670796 0.1451340 0.0977097 0.2982783 0.4334405 0.3638117 0.2153905 0.2162986 -0.0772104 0.4032078 0.2718905 0.3335333 0.3975292 0.4381935 0.2477612 0.2653241 0.1446958 -0.1231870 0.0333176 0.3637431 0.3864138 0.2246031 0.1321575 0.4430471 0.8529756 0.8067549 0.8854272 0.5682817 0.7575770 0.5842083 0.6788009 0.8021282 0.7534407 0.7581936 0.5544301 0.6679465 0.4692979 0.5195618 0.6480258 0.4994958 0.1250211 0.3835342 0.2971137 0.2810542 0.4624862 0.4400974 0.4372091 0.6579017 0.4621075 0.4237088 0.1503280 -0.1504704 0.2509462 0.3824929 0.1895664 0.1261734 0.3828051 0.2859879 0.2655571 0.0983793 0.1967763 0.5433900 0.1456652 0.6546403 0.6178828 0.0972526 0.0980437 0.5221361
0.1728773 0.5844433 0.8402898 0.6738330 0.8069917 0.6533315 0.6465039 0.9085572 0.4770030 0.2800061 0.6932723 0.5031143 0.0000000 0.2963895 0.3364744 0.2306656 0.3212463 0.2350398 0.5190392 0.4742972 0.0821253 0.7470096 0.1707157 -0.0737201 0.5121886 0.2368527 0.2090670 0.4968434 0.1014132 0.3495448 0.7371565 0.3734255 -0.0130882 -0.0587621 0.1766211 -0.0559797 0.3848142 0.7905164 0.0966386 0.1416683 0.6366470 0.3320918 0.2522320 -0.3191650 0.4542122 0.6849329 0.6495227 0.6324562 -0.3457758 0.7970342 0.4181925 0.3025932 -0.1257624 -0.0870371 0.5831842 0.6701939 0.5816971 0.0789900 0.8001069 0.4171265 0.7207896 0.2352945 0.4450505 0.1523955 0.3922247 0.4277607 0.5512116 0.1788675 0.4953495 0.4611334 0.5500187 0.6706427 0.2204073 0.7838005 0.2635986 0.3967911 0.6870992 -0.0362851 0.4239389 0.3425361 -0.2150295 0.0755806 0.2524509 0.2122802 0.2240775 0.3066284 0.2580910 -0.3315942 0.2911545 0.1077246 0.3085398 0.0317468 0.1637322 -0.2392191 0.1583482 0.2832764 0.1619784 0.5168394 0.1823397 0.3207137 -0.0972889 0.3624709 0.4440208 0.0906009 0.3817890 0.0361381 0.2375956 0.3253520 0.0168153 0.2867995 0.5160147 0.3514234 0.2321849 0.1933864 0.3240164 0.3233931 0.2112501 0.2201109 0.2312281 0.4749096 0.5644368 0.2318275 -0.3494870 0.3814350 0.5863828 0.2897933 0.4971216 -0.0156711 0.4352690 0.5859688 0.6129197 0.3671041 0.2075851 0.3567172 -0.0552373 0.0625583 0.6487283 0.4559198 0.5409941 0.0527929 0.0254827 0.2100745 0.3402390 -0.0473583 0.4751246 0.0372123 0.2142597 0.4892024 0.2124876 0.4784969 0.3095749 -0.2263512 0.0691328 0.0428201 0.4651837 -0.0349544 0.2606595 0.2720697 0.2911975 0.0722865 0.3319172 0.2591876 0.0015928 0.1745329 0.3169501 -0.0896527 -0.1561873 0.0852679 0.1892254 0.3364984 0.3283137 0.2911759 0.3887604 -0.1291095 0.4025996 0.3273804 0.4222872 0.1303793 0.1023526 0.1149440 0.2950434 0.3093172 0.3863754 0.2334933 0.6616027 0.6380824 0.8262539 0.5952536 0.7305330 0.5353842 0.1711831 -0.0482043 -0.1814795 0.1409119 0.2597400 0.1150952 0.0199270 0.2848144 0.2307093 0.1523261 0.3788082 0.2427913 0.3737146 -0.0463600 0.1459814 -0.2036205 0.1071505 0.4273483 0.4539924 0.3582261 0.4090832 -0.0417216 0.1273149 0.5484189 0.3182088 0.5220742 0.3127799 0.1546895
-0.3775356 0.1062463 0.0785732 0.4051724 0.2573580 0.3762337 0.3588093 0.2419709 0.3216069 0.3603939 0.2001446 0.1741213 0.2963895 0.0000000 0.2592291 0.4953430 0.7369021 0.1818807 0.2924936 0.3567351 0.1517893 0.3338929 0.5629875 0.4019162 0.1233397 0.4102046 0.7662140 0.6980179 0.1906806 0.5458830 0.3471706 0.0322168 0.2022673 0.0974252 0.5470413 -0.0614733 0.2777022 0.2308728 0.8054148 0.5853629 0.1469601 0.0210161 0.6100772 0.1974252 0.0967375 0.1069262 0.4344372 0.3921936 0.0519887 0.3302222 0.4718426 0.6955846 0.1259053 0.4011907 0.3001206 0.2451640 0.0946534 0.1430211 0.2022695 0.2494114 0.2069594 0.3644160 0.3392622 0.1196039 0.1628739 0.1079676 0.1431543 -0.0192779 0.1758458 0.1540499 0.0268548 0.1607953 -0.0206435 0.1939346 0.0119940 -0.0072710 -0.0503871 -0.2665183 -0.0740119 -0.0996263 -0.2302062 -0.0062195 0.3502131 0.2402972 -0.0593037 0.3812602 0.2403846 0.0881170 0.4165401 0.2328321 0.1461877 -0.0181480 0.0005124 0.2156247 0.1549312 0.1572263 -0.0538860 -0.0483826 0.0920819 0.2574613 0.0702245 0.0562852 0.1502282 0.1652001 -0.0423000 -0.0665274 0.1533092 0.0190664 -0.0123965 0.0784333 0.0526285 -0.0385518 0.0314249 0.1151000 0.0156423 0.1487777 0.1320892 0.0220272 0.1192766 0.1010932 0.2019803 0.0692795 0.4227949 0.2323171 0.2977734 0.0448904 0.1597204 0.4449327 0.1477804 0.1082753 0.3146680 0.2697174 0.1769056 -0.2076123 0.1844822 0.3250079 0.2088315 0.2972785 0.2694023 -0.0927174 0.0104735 -0.0032361 0.2819105 0.2108962 0.2702826 -0.0662459 0.0704168 0.1905701 0.3265510 -0.0199497 -0.0518431 0.0657320 0.0870931 -0.1337122 0.2092694 -0.0285632 -0.0056774 0.2710865 0.2567274 -0.0801888 -0.1829446 -0.1309338 -0.0519785 0.0223268 0.1052896 -0.0228273 0.2524079 0.1001687 0.2273036 0.0505564 0.0134914 0.1931388 -0.0193627 -0.2470151 0.0423490 0.0239727 0.1643698 0.1403005 0.0536893 -0.0151985 0.1016424 -0.0544891 0.0740949 0.1981147 0.3307007 0.2263010 0.2717176 0.3372395 0.1262660 0.0090437 0.0091493 -0.0849672 -0.1426410 0.0517019 0.0415088 -0.0033369 -0.1427823 0.0084731 -0.1118758 0.0167208 0.1910817 0.2746800 0.0394553 -0.2391477 0.0201366 -0.0995900 0.1059924 0.1735300 0.2831268 0.3178498 0.2716019 -0.1283070 0.2270699 0.3021543 0.2291153 0.4320324 0.5448414 0.3539036
0.2343431 0.5711573 0.3449301 0.4113518 0.3268905 0.2953748 0.7118535 0.2743645 0.8158187 -0.0093337 -0.0300561 0.8136533 0.3364744 0.2592291 0.0000000 0.0485627 -0.0785968 0.1615247 -0.1865684 0.2307307 0.5657388 -0.0128626 -0.0765931 0.6675027 -0.1765680 -0.1346308 -0.0401973 0.4166446 0.5187585 0.3065531 0.1420842 -0.3966611 0.4574871 0.3210117 -0.1079065 0.3592787 -0.1173596 0.0501072 0.0839802 0.4837355 -0.0331230 0.4964650 -0.0978028 0.4488580 0.4818595 -0.0177012 0.2205954 -0.0851191 0.3296000 0.1932426 0.1978070 0.1807869 0.4121941 0.5129384 -0.1019536 -0.0465114 -0.0432253 0.3445917 0.3714033 0.1965687 0.4459721 0.2779829 -0.0073675 0.4982846 0.6965913 -0.2589975 0.2465390 0.5791979 0.1591429 0.4266369 0.1286443 0.2915443 0.3241516 0.5531758 0.0292248 0.3654719 0.4636350 -0.0177797 0.4269016 0.4668780 -0.0144737 0.2629924 0.3406183 0.0659669 0.2743656 0.5004099 0.1606232 0.0756111 0.3864513 0.4664073 0.0881196 0.0779820 0.1391376 0.2432222 0.0150543 0.2441270 0.2418036 0.3789478 0.1053976 0.4166874 0.1687967 0.6591827 0.3053198 0.5849250 0.3311660 0.3378405 0.3143381 0.0063263 0.3280954 0.2717807 0.3174705 0.1197479 0.2001095 -0.0486786 0.0425808 -0.0256915 -0.0583848 -0.0444764 -0.0470647 0.0778571 0.0447668 -0.0328113 0.0163377 0.1253328 0.3680702 0.2725523 0.0832238 0.0715904 0.3928401 0.3477403 0.5086638 0.1487453 0.4812721 0.4626375 0.0426884 0.1856874 0.5062107 0.6626145 0.5304839 0.4152935 0.3940459 0.5606318 0.1885800 0.5374591 0.3419271 0.2694612 0.5507744 0.5575438 0.2499287 0.5047787 0.4507976 0.2132212 0.2510488 0.3807097 0.3634373 0.3735758 0.3199108 0.1752975 0.1178250 0.4221306 0.1097565 0.4464233 0.4660603 0.4521747 0.3105610 0.4081147 0.4206960 0.1882553 0.2837521 0.4617401 0.4600870 0.4642648 0.1875704 0.5285218 0.7890937 0.6833722 0.6334505 0.5853337 0.4865267 0.3804453 0.5113371 0.4811579 0.5063749 0.5673054 0.3475282 0.6357961 0.3744921 0.5456335 0.5292741 0.4461940 -0.0015786 0.4536908 0.4699539 0.1959043 0.2769506 0.3089673 0.2621596 0.6765675 0.3519807 0.2409140 0.0670186 0.0329391 0.3898471 0.3733250 0.0765343 0.1178677 0.1967377 0.1322868 0.2375114 0.0305210 0.2008021 0.5459510 0.1490378 0.6836933 0.6169742 0.0427490 0.0843571 0.5911910
-0.6308278 0.0089462 -0.0505290 0.3507214 0.0710054 0.3673296 0.1117560 0.4519232 0.1358798 0.7653903 0.6516458 0.0094428 0.2306656 0.4953430 0.0485627 0.0000000 0.6711627 -0.0936173 0.7290666 -0.0963068 -0.1196233 0.5278102 0.9143909 0.0926358 0.5986246 0.8588316 0.6805002 0.2455774 -0.0926940 0.5155471 0.3386308 0.3842625 -0.3343777 -0.1695124 0.8302015 -0.1359114 0.6984928 0.4858935 0.5469655 0.4965059 0.5145985 -0.0652566 0.7960583 -0.1584667 0.0669397 0.4986622 0.6412748 0.5105319 -0.3363786 0.3987230 0.7196589 0.6926665 -0.0817218 0.3050604 0.6634049 0.7049359 0.6343857 0.1493265 0.2741508 0.5626920 0.3679313 0.6330047 0.6927395 0.2085462 0.0899442 0.5542980 0.5529969 0.2775555 0.6733419 0.4133519 0.5278909 0.0136631 0.4966125 0.0987453 0.5326323 0.3305595 0.0005891 0.4192563 0.1884873 0.2853005 0.2498875 -0.0521831 0.1389981 0.3544385 -0.0741204 -0.0032078 0.1761170 0.0048943 0.0170899 -0.0547741 0.1687059 -0.0958343 -0.1681232 -0.0852288 0.0184480 -0.0650337 -0.0680642 -0.2014751 0.0673567 0.0731686 0.0819579 -0.1577312 0.2437845 -0.0674191 -0.0451482 -0.0123670 -0.0350795 0.4091433 -0.0492503 -0.0763226 0.1823726 -0.0155868 0.4803127 0.2435001 -0.1308545 0.0801916 -0.0725655 -0.1683517 -0.0586128 0.3481345 0.0544070 -0.1986137 0.3109720 -0.0958705 -0.0161820 0.1265168 -0.0744610 0.3417980 0.2247606 -0.0490627 0.0059874 0.4122835 -0.0765843 -0.1311455 0.3451241 0.3242909 0.0559621 0.2161662 0.1963772 0.0638482 -0.1126551 0.1826609 0.5765540 0.0645918 0.2125678 0.1327743 -0.0584960 0.1528019 0.0541915 0.1411675 0.1672955 0.2248400 0.3602484 -0.1598304 -0.0177552 0.0767115 0.3608621 0.5641787 0.6100615 0.1691443 0.1518569 0.2588141 0.2158215 0.2959505 0.5892299 0.3350377 0.5004583 0.2005723 0.3988614 0.4468333 0.5408387 0.1884638 -0.1564751 -0.3917568 -0.2012074 -0.0016763 -0.0497408 0.0003081 -0.1767800 0.0693754 0.1305394 0.0426010 0.1259329 0.3452359 0.4291047 0.0725282 0.3239713 0.2229945 -0.0594787 -0.0449815 0.6340423 0.0741205 -0.2355909 0.4166026 0.3264514 0.2471168 -0.0491718 -0.1537280 0.2458454 0.1359438 0.4854149 0.2261310 -0.3080670 -0.5884873 -0.2968425 -0.2500649 0.2490820 -0.3394526 0.0404927 0.5050436 0.0162020 -0.3849660 -0.0350147 0.0054849 -0.0286530 0.6874387 0.5188000 -0.1130667
-0.7014306 -0.0487199 0.0287055 0.3975925 0.1174795 0.5287402 0.2352858 0.3582110 0.0961496 0.7155130 0.5587393 -0.0092758 0.3212463 0.7369021 -0.0785968 0.6711627 0.0000000 -0.1017518 0.5308737 0.0721085 -0.0230734 0.4445498 0.7742234 -0.0009184 0.3430625 0.6179243 0.7972409 0.3009046 -0.0231703 0.4915061 0.2939298 0.2801425 -0.1221758 -0.0774161 0.6797253 -0.0835866 0.4660544 0.3696144 0.8185162 0.4868523 0.2549350 -0.0050770 0.7600005 -0.0957704 0.0404871 0.2679107 0.5234044 0.5048531 -0.2277578 0.3668941 0.5888077 0.7859757 -0.0128003 0.3685463 0.4053867 0.4160631 0.4547122 0.1623683 0.2691812 0.4350525 0.2440886 0.5712311 0.4309376 0.1048405 0.0178525 0.4745469 0.2767848 0.0772365 0.2543625 0.2687583 0.1820913 0.1475232 0.1642828 0.1244253 -0.0334196 0.1662165 -0.1007475 -0.0582572 0.1111926 -0.0041304 0.0224039 -0.1923294 -0.0183875 0.1180656 -0.2929358 -0.0277690 0.0397550 -0.1359407 0.1779348 -0.1043910 0.0733669 -0.0419234 -0.2523451 -0.0929963 -0.0033296 -0.1549538 -0.0804273 -0.2419929 0.1166745 -0.0834039 -0.1403489 -0.2152341 0.1109500 -0.2672370 -0.1652251 -0.2920618 0.0794745 0.1541224 -0.1870131 -0.1197740 -0.0079206 -0.0994130 0.0820502 0.1786080 -0.2125006 -0.0671538 -0.0500677 -0.1571021 -0.0680410 0.0036995 0.0642481 -0.1829152 0.2812029 0.0538439 0.0209030 -0.1274145 -0.0226256 0.2197346 -0.0634339 0.0121116 0.0555177 0.2785753 -0.1191388 -0.1675770 0.0026240 0.1418862 0.0993848 0.0487921 0.0934433 -0.3161275 -0.2774404 -0.2451924 0.1874220 -0.2189408 0.1810924 -0.0538564 -0.2353301 -0.0752037 -0.0421482 -0.1861010 -0.1939863 -0.1744860 -0.0909363 -0.3401429 -0.1255802 -0.3635813 -0.2250959 0.2276052 0.1933585 -0.3351529 -0.0555906 -0.3097950 -0.2095104 -0.2164830 0.0869686 -0.1280291 0.0994161 -0.1133151 0.0000221 -0.1578322 0.0435841 -0.1031053 -0.1886058 -0.6325570 -0.2469989 -0.1095219 0.0927724 -0.1865371 -0.0449414 -0.1047721 -0.0773532 -0.0816750 0.0938403 0.0717228 0.3621359 0.0671189 0.2357086 0.1764419 -0.0997482 -0.1920940 0.0918083 -0.3282045 -0.4470590 0.0106018 -0.0400322 -0.1647368 -0.3399529 -0.2146264 0.0410268 -0.1670440 0.3565301 0.3764716 -0.2587606 -0.6726654 -0.1849564 -0.1141651 -0.0076774 0.0068952 0.2107369 0.4514340 0.0048228 -0.4889184 -0.0550093 0.0620706 0.1388797 0.5560018 0.5061746 0.1267508
