0.0000000 0.5136096 0.6152986 0.6146307 0.4183743 0.4752925 0.3259260 0.4578198 0.4382313 0.4424606 0.0122198 0.4711951 0.4863019 0.3353846 0.2036304 0.1468164 0.0615203 0.4268296 0.0529072 0.4108297 0.2773406 0.4318812 -0.0463620 0.6327555 0.3253333 0.1872758 -0.1823086 0.5396886 0.4489374 0.2008853 0.4051116 0.2879176 0.4907287 0.3851102 -0.0274528 0.4239926 0.1337593 0.3514249 -0.3535419 -0.0128918 0.2552863 0.2292569 -0.0680228 0.0014453 0.1309533 -0.3444173 -0.0972398 0.3409046 0.4159331 -0.1997821 0.0203920 -0.1791645 0.0792614 -0.1625661 0.3562162 0.3773119 -0.1033854 0.4524713 0.1131042 -0.0275981 -0.1525995 -0.0427731 0.3035518 -0.0851502 -0.4601059 -0.0204902 -0.0195663 -0.1237560 0.4163675 -0.0774356 0.0268445 -0.1829929 -0.0078796 -0.0347034 0.1525170 0.0894175 0.0788445 0.2229715 0.1634043 0.3607023 0.2148271 -0.2149114 0.0993278 0.0125947 0.2181428 0.0740674 0.2114958 -0.3380847 0.0389076 -0.5333869 0.1470893 0.1859376 0.6162958 -0.4574235 0.1335841 0.0852897 0.5994266 0.4659057 0.0889191 -0.0731194 0.3692956 0.4648938 0.2242010 -0.0946067 0.3400910 -0.0831170 0.2476811 0.4307987 0.2494701 0.2667984 0.1397732 0.1365974 0.0596487 0.3996414 0.1312866 0.1038901 0.1133125 0.1375016 0.0972249 0.2590123 0.2699064 0.2509065 0.2296771 0.1357840 -0.0105438 0.1035714 0.3173043 0.1774811 -0.0107457 0.4192610 0.1474404 0.2017651 0.0337911 -0.2829350 -0.0491060 0.2367849 0.2217526 0.1080501 -0.0281844 0.1552750 0.3118072 0.2532519 0.1672069 -0.0854644 0.0935752 0.5111963 0.1080987 -0.0047604 0.0116388 0.2940874 0.1292977 -0.1575376 0.2799434 0.2004733 0.0230660 -0.2856767 0.1317211 0.0593197 0.2414649 0.0666878 -0.2754818 0.2757870 0.0290671 0.1331064 0.0555000 -0.0408087 0.1691512 0.2163597 0.2974087 0.3395204 0.2435623 0.2170792 0.3732377 0.1254426 0.1123631 0.0556343 0.1429888 0.1889239 0.0134559 0.0137653 0.2944979 0.1232463 0.3079351 0.0195831 0.1436129 -0.1158946 0.0468446 -0.0698173 -0.0300023 -0.0202760 0.1338039 -0.0157680 -0.1604859 0.0554583 0.0828014 -0.0426667 -0.0927944 -0.2469282 0.1256125 0.0006337 0.0805479 -0.0251334 0.4158433 0.3276119 0.5763112 0.3709584 0.0248505 0.1395561 0.6412709 -0.0209726 0.2977853 0.1904736 0.3664500 0.2218002 0.1258931 0.3938799 -0.1405327 -0.3636198
0.5136096 0.0000000 0.6332127 0.2289253 0.2803409 0.7990791 0.5883170 0.4288095 0.6083917 0.6943039 -0.1073605 0.6730285 0.5160281 0.0708614 0.1265854 0.0325579 -0.0691128 0.2335437 -0.2051495 0.1145760 0.6432673 -0.1232882 -0.2267622 0.7226360 0.0431747 -0.2801365 -0.0991310 0.5835189 0.7041358 0.2234105 -0.0403161 -0.1302211 0.5114068 0.6100215 -0.3891278 0.3542836 -0.2992912 -0.1894989 -0.3655951 0.1829951 -0.3034615 0.4809670 -0.3740389 0.3009909 0.5047839 -0.4870045 -0.4551063 -0.1562305 0.4881986 0.0226493 -0.3571385 -0.3341279 0.4314932 -0.2234742 -0.0222012 -0.1495328 -0.4848039 0.4264573 0.0171003 -0.3612475 -0.0145671 -0.3910534 0.0134785 -0.1744383 -0.1599981 -0.3444935 -0.4250491 -0.4566186 -0.0190599 -0.3676280 -0.3721123 -0.2135919 -0.5017102 -0.0057000 -0.2212826 -0.4147374 0.1613870 -0.2472646 -0.3821071 -0.0127180 -0.1223009 -0.2771030 0.2818883 -0.0551823 -0.1371423 0.4263634 0.5648031 -0.3561130 0.5136259 -0.0483156 0.2331787 0.2983682 0.6861640 -0.2173616 0.3739752 0.2864547 0.5570423 0.5142133 0.4989616 -0.0447117 0.6256627 0.5552706 0.5479041 -0.4646791 0.5595729 0.5393204 0.5265594 0.6353519 0.6722523 0.3638045 0.6447138 0.4502174 0.3210393 0.5827549 0.2579398 0.4163108 0.3489871 0.3649909 0.2877446 0.5972496 0.5225307 0.4850084 0.1591333 0.5609414 0.3578974 0.3494703 0.3439690 0.4054476 0.3593865 0.5448125 0.4279947 0.4448417 0.0841181 -0.0690577 0.0448331 0.5935160 0.4136765 0.4625608 0.3176533 0.1976164 0.4848081 0.3991913 0.2678352 0.0207566 0.5470680 0.5889953 0.4965914 0.2802972 0.3304879 0.3477814 0.1114154 0.2222930 0.5910739 0.5392684 0.3433498 -0.2473903 -0.1209671 0.5788550 0.3313036 -0.0634576 -0.0077244 0.2707564 0.0023965 -0.0381435 0.4025683 0.3821634 0.7020744 0.5513101 0.6794644 0.4525306 0.5474289 0.4142582 -0.0023346 0.1546016 0.5269987 0.1898886 0.0031427 -0.1647867 -0.1314252 -0.0755691 0.2378305 0.6188138 0.6069948 0.6734414 -0.0536225 0.1103205 -0.2531996 -0.2772630 0.0502986 0.3018824 0.3815347 0.0793025 0.1046197 -0.0025622 0.1728736 0.0752780 0.1325541 0.1690301 0.1751631 0.2513071 0.4233154 -0.1818565 0.6334856 0.4278034 0.8554563 0.3701094 0.3207662 0.0885127 0.8087884 0.3060106 0.5785031 0.5655237 0.7485469 0.0172349 -0.0309121 0.4551161 -0.1458403 0.3890677
0.6152986 0.6332127 0.0000000 0.3273527 0.5668985 0.6440556 0.4134915 0.5020748 0.6628574 0.2654116 -0.0803578 0.3018422 0.8442612 0.3244862 0.4111551 0.0969746 0.1755014 0.4311503 0.0083737 0.1221121 0.1688035 0.3578031 0.0698321 0.5334642 0.2987988 0.0953820 0.2779584 0.4446445 0.4276551 0.4413508 0.1790175 0.4150270 0.3194113 0.2939258 0.0406218 0.3337907 0.1801113 0.3574881 -0.2384172 0.1518896 0.4079598 0.4667592 -0.0602839 -0.1411420 0.2097306 -0.0744083 0.0610661 0.4666749 0.1884790 -0.2975167 0.0676969 -0.0406845 0.2490470 -0.0986371 0.5371295 0.4167314 0.0504257 0.3276622 0.5690686 0.0716804 0.2482451 0.0424004 0.6623037 0.0614048 -0.0093969 0.2441125 0.0737750 -0.0007298 0.4431467 -0.0597091 0.1716323 0.0299791 0.0127725 0.2091765 0.1048457 0.0378316 0.1003154 0.1725854 0.1901920 0.4531261 0.3988945 -0.6376687 -0.1944251 0.0081407 -0.0148122 0.1697618 0.0697789 -0.4076059 0.3179396 -0.3299985 0.3399532 0.1502678 0.5648201 -0.4232019 0.0571956 0.1296083 0.3563077 0.3097885 0.0677026 0.2283536 0.2617043 0.2343722 0.0494638 -0.2159541 0.1494472 0.1975304 0.1105854 0.2630855 0.4773451 -0.1419189 0.2073939 0.1529835 0.1610879 0.1084847 0.1154309 0.2241415 0.2420004 0.1116466 0.1565723 0.5061536 0.3801720 0.3190207 0.2414531 0.3267139 0.2959423 0.3074970 0.5186706 0.1548412 0.2898364 0.4484027 0.4190884 0.4901365 0.2870128 -0.1041568 0.3627139 0.3032929 0.3900844 0.4686613 0.1538026 0.1713901 0.1414759 0.4680259 0.1536763 0.1748976 0.3718500 0.4180341 0.4772020 0.1343518 -0.0396765 0.4143207 0.2422837 0.2309769 0.6262645 0.1718316 0.1097173 -0.0099626 0.1093659 0.3537636 0.3680359 0.1880362 -0.4087840 0.3371935 -0.0024575 0.1875049 0.2744709 0.4513539 0.4365012 0.0911232 0.2537563 0.2861097 0.0828498 -0.0336919 0.1100201 0.0223082 0.0590175 -0.1889017 -0.2033433 -0.2035067 0.0175911 0.1642103 0.2711789 0.4802461 0.6187566 0.3584276 0.4173420 0.2277226 0.3818822 0.2831914 0.1202979 0.1324827 0.4556545 0.1665027 0.1159632 0.1302742 0.2881600 0.0988701 0.0847065 0.0809082 0.4292987 0.2167578 0.0379138 -0.1240670 0.3001358 0.3432902 0.6394580 0.5741373 0.1915517 -0.2847522 0.5947418 0.2281845 0.1959962 0.3335260 0.6972529 0.2704387 -0.0269991 0.3795985 -0.1603588 0.2334825
0.6146307 0.2289253 0.3273527 0.0000000 0.0881152 0.4275552 0.2265484 0.5500251 0.2739496 0.4210773 0.5414970 0.2044115 0.1527810 0.5925582 0.3572913 0.4795932 0.3613738 0.1452913 0.1818139 0.6113411 -0.1390801 0.5352876 0.4127307 0.5794442 0.3885915 0.2288934 0.1580155 0.0806497 0.2563683 0.1531350 0.4597105 0.3322612 0.4799076 0.4277835 0.2850576 0.1257541 0.2613393 0.2923014 -0.0068414 0.0636238 0.2694159 -0.0900255 0.3007110 -0.1102865 -0.0780351 -0.4028827 0.2723720 0.2882429 0.3024155 -0.4617223 0.2857525 0.1798437 0.2467269 0.1430526 0.3231577 0.4705001 0.1741863 0.4825145 0.2675709 0.2336833 0.2052432 0.2181731 0.2942714 0.3259050 -0.0786207 0.1675226 0.2338818 0.1310366 0.5565044 0.3131830 0.1661691 0.2382926 0.2791397 0.1768536 0.4419103 0.3126375 0.1525136 0.0318957 0.2654721 0.4532602 0.1742393 -0.3275541 0.1275638 0.0298194 -0.0588731 0.1668122 0.2099421 -0.2541695 0.1770576 -0.3652253 0.0289593 0.0410161 0.6035906 -0.2573594 0.0477807 0.1490332 0.5172213 0.1840121 0.2013364 -0.0929935 0.1495939 0.1124635 0.2472948 -0.1800816 0.4013183 -0.0589319 0.0921110 0.3240361 0.0296625 0.0318155 0.2976489 -0.1337697 -0.3059600 0.1622408 0.1153866 -0.1320243 0.1671241 0.3213880 0.1620315 0.0916536 0.2740052 0.3467636 0.2176469 -0.0996623 -0.2623686 -0.2023760 0.3039087 -0.0907180 -0.2980760 0.3445648 -0.0595979 0.1384155 0.0204051 0.0673611 0.0105768 -0.2280626 -0.0796555 -0.1185208 -0.3402784 -0.3041104 0.0278258 -0.1672157 0.2052930 -0.2515133 -0.0370960 0.1923550 -0.1069281 -0.2268403 -0.0210840 0.0734607 -0.2027040 -0.2171780 -0.0696070 -0.0629187 -0.2075233 -0.1108587 -0.0215453 -0.0342606 -0.1215723 -0.2132558 -0.4163878 -0.1400360 0.2650668 0.0330940 -0.2202663 -0.1230527 -0.2133232 0.0404421 0.0569229 0.0274687 -0.0048045 -0.0265463 0.0931719 -0.1460157 -0.1333879 -0.1122536 -0.2911415 -0.2632624 -0.5591170 -0.4715326 -0.1650184 0.0059413 0.4751301 0.0278220 0.5303758 -0.1740951 0.0049205 -0.1666150 -0.0363373 0.0357652 -0.0808187 -0.3437396 -0.4691861 -0.3935697 -0.2444972 -0.3732986 -0.4603706 -0.3494219 -0.0121191 -0.2313386 -0.0192820 -0.2090752 -0.1948090 -0.1579057 0.4220195 0.0280776 -0.3473412 -0.0221562 0.4899656 -0.1760481 -0.3495660 -0.2940748 0.2102295 -0.1669620 -0.3513833 0.4601270 -0.1628293 -0.3763432
0.4183743 0.2803409 0.5668985 0.0881152 0.0000000 0.0190465 0.2279458 0.3149232 -0.0425430 -0.1409913 -0.0273582 0.1678488 0.8276255 0.1860159 0.1219809 0.1661331 0.2857293 0.3485458 0.1032041 0.4898154 0.0524164 0.3379650 0.2728143 0.1136622 0.2278321 0.3601913 0.2719639 0.4083528 0.0500348 0.6178946 0.3252947 0.4120335 0.0301593 -0.1281112 0.2925961 0.1160673 0.3645043 0.3661889 0.0943482 0.3910020 0.2537004 -0.1656463 0.2737732 -0.2075850 -0.3356468 0.2070457 0.3445365 0.3049091 0.0037019 -0.3441784 0.3271550 0.2761424 -0.3322818 0.2518676 0.5589078 0.5027431 0.2835851 0.1451714 0.2810658 0.3426379 -0.1548481 0.3109847 0.5582729 -0.0653933 -0.1866609 0.3898538 0.3540983 0.2252036 0.2809704 0.1653195 0.3725162 -0.1032634 0.2533917 -0.1144798 0.1561962 0.2018675 -0.1772006 0.1310791 0.0460286 0.1893491 0.0783049 -0.4251661 -0.3980888 0.0636631 0.1741906 0.1119906 0.0940784 -0.5922470 0.0007008 -0.3992962 0.4767011 0.1834644 0.2841457 -0.4948039 -0.1214177 0.3724277 0.3898376 0.0167531 0.0195931 0.0605156 0.1315630 0.1967495 0.0941146 -0.1836429 0.2319371 -0.2165472 0.0159495 0.2666648 0.1992885 -0.0244582 0.0016573 0.0559809 0.1188880 -0.1008678 -0.0130995 -0.0271497 0.1149798 0.1175650 0.2046844 0.3045899 0.1638208 0.1204845 0.0145895 -0.0257633 0.1751628 0.1272135 0.0086166 -0.2421741 0.0692660 -0.2470302 -0.0714835 -0.0800982 -0.1643099 -0.3515791 -0.1252388 -0.0400626 -0.0466270 0.2395588 0.0159862 0.0909118 -0.2187239 0.1795402 -0.1676301 0.1128698 0.0779247 -0.0498861 0.1536885 -0.0569543 -0.4046071 -0.0920201 0.0148916 0.1382445 0.2547219 -0.1347972 -0.0177112 -0.0142285 0.0321563 0.0122620 0.0712904 0.1818704 -0.5489552 0.0897234 -0.1480445 0.2814912 -0.1433733 0.0664091 0.0932007 -0.2029181 0.0396438 0.1856843 -0.2866412 -0.3324734 0.1163666 0.2106631 0.0171385 0.1802276 0.3346423 0.3453652 0.3263925 0.2460145 0.2831142 0.3905782 0.2287871 0.1906708 0.3546897 -0.0265964 0.6024484 0.4646205 0.1246662 -0.0943854 0.2008842 -0.0305461 0.1222208 0.1861344 0.1890935 0.1414081 0.0794634 0.0583282 0.1989566 0.0238707 0.1858863 0.1017036 0.2009903 0.5273213 0.4082357 0.3468470 -0.0090017 0.0614587 0.3131661 0.2159751 0.1735472 0.1813167 0.5186354 0.5013282 0.0718722 0.5370075 0.3562484 0.3832836
0.4752925 0.7990791 0.6440556 0.4275552 0.0190465 0.0000000 0.6111491 0.4658188 0.6720788 0.7355270 0.1791415 0.5166331 0.3463983 0.4364951 -0.0048643 0.2656712 0.1064961 0.3011823 -0.0799255 0.0270414 0.3781460 0.1232274 -0.0200560 0.5737520 0.1718087 -0.1091264 0.1402226 0.4046665 0.4676268 0.3432566 -0.0926041 0.0150819 0.3567663 0.4733326 -0.1687104 0.3061081 -0.1461074 -0.0727829 -0.2246587 0.0741360 -0.0317669 0.4964164 -0.2415154 0.0354523 0.5221350 -0.5898116 -0.3415892 0.0073189 0.2614846 -0.0453866 -0.2316179 -0.2260356 0.4903000 -0.2737741 -0.0363904 -0.0814509 -0.3133643 0.3089182 0.3477076 -0.2381407 0.3948748 -0.2780326 0.0544378 0.1268338 -0.0290445 -0.1925226 -0.2611388 -0.2676308 0.2412433 -0.1583428 -0.1952693 0.1244265 -0.2575478 0.3262461 0.0270393 -0.1829628 0.3622797 -0.0335203 -0.0424752 0.2124221 0.1787903 -0.2666601 0.4194914 0.0550071 -0.3434500 0.5036594 0.3618279 -0.1472077 0.5710243 0.0603420 0.0112837 0.1860455 0.6759942 -0.2202974 0.3934941 0.0966343 0.3265737 0.4826501 0.3938738 -0.0814921 0.5135488 0.3529069 0.5407712 -0.3707894 0.3318797 0.6286961 0.4722735 0.4351340 0.5378473 0.1267798 0.5051938 0.3093481 0.2634085 0.4738473 0.3246764 0.4613914 0.3488372 0.2811162 0.2146087 0.5244267 0.5905468 0.5781776 0.3269137 0.4593490 0.2568804 0.2981064 0.6807966 0.3720714 0.3336897 0.6805342 0.5284770 0.4693369 0.3534188 -0.0542765 0.0767600 0.5033645 0.3506288 0.4753734 0.2188438 0.1324069 0.4766728 0.3947639 0.2730085 -0.0051664 0.4277216 0.6732457 0.4627662 0.2175543 0.3647634 0.5088861 0.1787547 0.1513669 0.5818110 0.4685456 0.1858533 -0.0899475 -0.1375049 0.5833270 0.3176975 -0.1004952 -0.0503005 0.3184040 0.0562465 -0.1823359 0.4992052 0.4425076 0.5283373 0.4753647 0.4404479 0.3635981 0.5586891 0.3775330 0.0649970 0.0574105 0.4733557 -0.0431701 -0.2179431 -0.3609593 -0.2749265 -0.1316173 0.0797743 0.4493985 0.8246939 0.5239646 0.2396434 0.2120003 -0.1645746 -0.2353717 0.0940863 0.3510152 0.3732809 0.1076083 0.0180042 0.0001991 0.2175379 0.0550848 0.0910366 0.1560796 0.2351552 0.2484524 0.2921346 -0.2561764 0.3118909 0.2163279 0.7129577 0.3444530 0.1879412 -0.1514176 0.8187643 0.1850466 0.2468716 0.2898045 0.5864424 -0.1626689 -0.3060624 0.1791153 -0.2167779 0.0784224
0.3259260 0.5883170 0.4134915 0.2265484 0.2279458 0.6111491 0.0000000 0.2440247 0.1044398 0.2769927 -0.1656597 0.7669024 0.3426740 -0.0230739 -0.0010920 -0.0865053 -0.1577377 0.3199477 -0.4274104 0.4465750 0.4311755 -0.2476179 -0.1350670 0.2967148 -0.2906079 -0.3209763 -0.0743084 0.4153241 0.2074043 0.4088888 -0.2172346 -0.2776236 0.1947174 0.2095716 -0.3216855 -0.0963016 -0.3643367 -0.4252439 -0.2486590 0.1019291 -0.2905463 0.0474664 -0.3185750 0.1917753 0.4547734 -0.4456383 -0.4645849 -0.3545225 0.0548864 -0.0417483 -0.3551873 -0.2630153 0.1185728 -0.3587454 -0.2948648 -0.2579723 -0.4774038 -0.1673207 0.3001606 -0.3679090 0.1895735 -0.3927800 -0.0812639 -0.2719750 -0.0059871 -0.3840440 -0.4295365 -0.4117279 -0.0602188 -0.3785401 -0.3727863 -0.2601138 -0.4202662 -0.0220498 -0.2323201 -0.4555038 -0.0387080 -0.3804314 -0.3961494 -0.1581003 -0.1765044 0.1057057 0.4644880 0.1632760 -0.1002970 0.5550033 0.3823410 0.0892905 0.3544726 0.2219261 -0.1937978 0.0142476 0.7074311 0.1390683 0.1485323 0.2318053 0.4818003 0.4181165 0.3491632 0.2017202 0.6292828 0.2565590 0.6129946 0.0759883 0.4109598 0.4304651 0.4381306 0.5837229 0.3087858 0.1197466 0.5052411 0.1938752 0.0383709 0.1984805 0.0640532 0.1403857 0.2538384 0.2282200 0.2652688 0.3664314 0.4805627 0.3643523 0.2791168 0.1806883 0.1510175 0.0036545 0.2989420 0.3203690 0.0462765 0.4401386 0.3470263 0.4198964 0.1688926 -0.0477845 0.0210653 0.1230157 0.2795937 0.1641312 0.1874177 -0.0025542 0.4107338 0.0613168 0.4763311 0.0217844 0.4392171 0.3941812 0.2387029 0.2201105 0.5381303 -0.0020659 -0.2030162 0.1605748 0.1430635 0.5939292 0.2938724 -0.0354638 0.1205425 0.4742690 0.7557219 -0.3812724 -0.2771480 -0.0687572 0.1660845 -0.1017246 0.1205453 0.3698677 0.5334803 0.6356886 0.6565660 0.2052146 0.4443002 0.4634666 -0.0240273 0.0982724 0.7331936 0.4124633 0.2926144 0.2362132 -0.1464782 0.0624809 0.4775482 0.6277679 0.6371243 0.6735998 0.2530847 0.1580374 0.0073069 -0.0634637 0.1272683 0.2717674 0.1712196 0.0502329 0.0722208 -0.1195995 -0.0476227 -0.0490626 0.0272315 0.2032564 0.0846444 -0.0108942 0.5150172 -0.0990441 0.3084809 0.4272908 0.4966141 0.0588380 -0.0362524 0.0621110 0.6695312 0.1926905 0.1311446 0.1434661 0.3219723 -0.0857514 -0.3722853 0.2024440 -0.1188506 0.0954721
0.4578198 0.4288095 0.5020748 0.5500251 0.3149232 0.4658188 0.2440247 0.0000000 0.4399545 0.3384568 0.5398905 0.4584588 0.5558440 0.2426083 0.2581575 0.5421583 0.6071582 -0.1924064 0.3517354 0.3625075 0.3520886 0.4488060 0.4683268 0.3595835 0.5692934 0.2137937 0.3746781 0.0528139 0.4584841 0.3954094 0.3453934 0.2748683 0.2638338 0.4221285 0.2657308 0.3367924 0.2484474 0.2396955 0.3862153 0.5348682 0.1100389 0.2850828 0.3007160 -0.1104557 0.2900397 -0.2172934 0.1498077 0.1088078 0.0716034 -0.6117454 0.2183190 0.4430380 0.3445564 0.3922853 0.3058406 0.1266827 0.1658918 0.4062635 0.0077125 0.1720267 0.3378856 0.1720617 0.3847948 0.5245980 0.2974949 0.2298414 0.1837068 0.4124832 0.4243738 0.4044569 0.3785390 0.5055712 0.2888868 0.6561853 0.5435032 0.3760140 0.6637351 0.3226178 0.3446725 0.6995359 0.5180101 -0.6549908 -0.1438599 -0.1409952 -0.0925511 0.1465303 0.4092154 -0.4148883 0.1983025 -0.3515864 0.5113094 0.5282015 0.6771920 -0.4985791 0.3604495 0.5051617 0.5738025 0.3882132 0.3532502 -0.0889117 0.1627446 0.4776936 0.4434856 -0.2758590 0.6883791 0.3730145 0.4633771 0.5725822 0.6476386 0.0857807 0.5931803 0.4569215 0.2652389 0.2683954 0.0899373 0.2184917 0.2759730 0.3004724 0.2157679 0.5510801 0.3790150 0.3529325 0.4730333 0.3878261 0.3043931 0.4877550 0.4604852 0.1086876 0.4908558 0.3865595 0.3684742 0.3069674 0.3503587 -0.2925548 0.1530802 0.2212473 0.2603319 0.6009951 0.4032653 0.3182852 0.0490151 0.5249270 -0.1598073 0.4346982 0.3854306 0.3312623 0.5475705 0.4450939 -0.1081652 0.3596729 0.2680752 0.4503614 0.5446549 0.1033086 -0.0969984 0.4402510 0.3531291 0.4387130 0.0747156 0.3458450 -0.1875394 0.4318724 0.5710472 0.3682417 0.2008685 0.5083806 0.2796175 0.0902950 0.2433161 0.5556563 0.1599748 -0.0008565 0.3367300 0.1379662 0.0673289 0.1256348 0.0768750 -0.2366083 -0.0261418 -0.0689146 -0.2747006 0.2005612 0.3481002 0.1125405 0.3564512 0.4444971 0.2424512 0.4358891 0.6459292 0.6218512 0.5375151 0.2551029 0.1747644 0.2689831 0.4200021 0.3539199 0.2143520 0.3505219 0.6714399 0.4194943 0.4053685 0.0199111 0.1619570 -0.0291405 0.3721484 0.2309483 0.3892330 0.1694047 0.6525111 0.3285237 0.1521633 0.2907596 0.3953661 0.2338579 0.1865590 0.4826179 -0.3735976 0.0535794
0.4382313 0.6083917 0.6628574 0.2739496 -0.0425430 0.6720788 0.1044398 0.4399545 0.0000000 0.4186182 0.0110041 0.2464513 0.3633341 0.2674609 0.4365701 0.0423594 0.0892100 0.2683339 0.1771210 -0.3358737 0.2901728 0.1503684 -0.1244576 0.5509162 0.4090644 0.0203716 0.1833412 0.1769723 0.5105450 0.0488431 0.0629050 0.2920868 0.1916246 0.4103183 -0.0892935 0.7037079 0.1324069 0.2882354 -0.3511556 -0.1950067 0.2338173 0.7456685 -0.1984806 -0.1896068 0.3483357 -0.2840019 -0.1569547 0.3194573 0.1243273 -0.1998197 -0.0477825 -0.1734630 0.3512741 -0.2425974 0.2493694 0.1488394 -0.0711182 0.3319505 0.1725891 -0.0793135 0.0363442 -0.0736394 0.3429229 0.0574905 -0.1492230 0.0425235 -0.0944643 -0.0908864 0.4264311 -0.1210075 0.0155221 0.0321979 -0.1417669 0.3425295 0.2181125 0.0033694 0.3683464 0.3338976 0.2247982 0.3913130 0.4447960 -0.4384315 -0.0351401 -0.2753308 -0.1877704 -0.0124573 0.0351498 -0.2597008 0.3515912 -0.1989773 0.2770033 0.2231437 0.3943992 -0.3075198 0.3915624 0.0013871 0.1854247 0.3418660 -0.0742600 -0.1271776 -0.0001911 0.2460729 -0.0210063 -0.2366282 0.2248229 0.3495183 0.2497627 0.1084405 0.5390461 -0.0677654 0.1939840 0.3893245 0.2744855 0.2518435 -0.0465289 0.2462095 -0.0275557 -0.0670294 -0.1161393 0.3184722 0.1050999 0.1082615 0.0727887 0.6260967 0.1954511 0.4104750 0.3256714 0.2762980 0.3961165 0.5390606 0.3393305 0.3782977 0.1907997 0.2345721 0.4421036 0.4927976 0.3195034 0.4067642 0.0941477 0.4067348 0.2965043 0.5823867 0.2656087 0.2551727 0.1944024 0.4340207 0.3650959 0.0853570 0.0881999 0.7412027 0.5234868 0.0680800 0.6264560 0.1840293 -0.0971389 -0.0662329 0.0318313 0.2409434 0.1456412 0.3888283 0.0140010 0.5621714 0.1478374 0.1380157 0.4585400 0.3772017 0.4676679 0.1950704 0.2512232 0.5198055 0.2421591 0.1271739 0.3750267 0.1799140 0.0715879 -0.2612917 -0.3471724 -0.4223070 -0.0327993 0.0814327 0.0093994 0.2458883 0.4989014 0.1351504 0.0815427 0.0809381 -0.1116379 -0.0177922 0.1323363 0.3564079 0.5267967 0.3336730 0.2263349 0.2120940 0.3660598 0.2550583 0.2136738 0.2252932 0.4405351 0.4330022 0.1447662 0.1352473 0.4190158 0.2043352 0.4584483 0.4887862 0.4979460 -0.1126508 0.5266706 0.4753753 0.3949273 0.5558739 0.5413515 -0.1769497 0.1987243 0.1632433 -0.4914556 0.1377684
0.4424606 0.6943039 0.2654116 0.4210773 -0.1409913 0.7355270 0.2769927 0.3384568 0.4186182 0.0000000 0.1670142 0.4353802 0.0356712 0.2420552 -0.1951316 0.2783001 -0.0809541 -0.1456603 -0.0992764 0.0588447 0.4909432 0.0978956 -0.1084458 0.6452802 0.1180515 -0.2198663 -0.1686473 0.1996140 0.6312480 -0.1361123 -0.0518823 -0.3116870 0.6883892 0.7842112 -0.3766935 0.2613436 -0.4046576 -0.2602152 -0.3064543 0.0293627 -0.3341808 0.4828370 -0.3742436 0.3930000 0.4510913 -0.5447647 -0.4527483 -0.2369859 0.6466521 0.2752005 -0.4442987 -0.4270288 0.6811904 -0.2134110 -0.2318201 -0.2531436 -0.5182586 0.5320525 -0.1493236 -0.4516130 0.2271289 -0.4753553 -0.3082063 0.0298253 -0.0994770 -0.4923636 -0.4401803 -0.4387611 -0.1329610 -0.2720461 -0.4334123 0.0355158 -0.4088451 0.0170294 -0.2247972 -0.3195816 0.3114927 -0.2478377 -0.2644125 -0.0077408 -0.1468761 -0.1452059 0.4443137 0.1118304 -0.1002284 0.4530476 0.4675358 -0.0399804 0.4283891 0.0385335 -0.0455930 0.1834030 0.4938361 -0.0281857 0.2768925 0.1620337 0.2901288 0.3631258 0.4764007 -0.0899152 0.5285530 0.4170388 0.4850970 -0.3536535 0.3472595 0.5920141 0.4167127 0.4508324 0.4252480 0.4122361 0.4782357 0.2749558 0.2649564 0.6596431 0.4615954 0.4710476 0.3747419 0.3533197 0.2000006 0.3958515 0.4439079 0.4859762 0.1973022 0.3273665 0.0852962 0.2848176 0.5001745 0.3789078 0.1977988 0.4852598 0.2850875 0.2622748 0.0777466 -0.1509315 -0.2738872 0.5759756 0.1784024 0.3150940 0.1571720 0.0710060 0.5497961 0.2370707 0.0525749 -0.2126387 0.2776246 0.7617650 0.3587948 0.1773911 0.3864923 0.3444298 0.0826072 0.0130887 0.3623977 0.5102860 0.2579459 -0.3162062 -0.3831219 0.4182527 -0.0198382 -0.2298099 0.1781921 0.1399083 -0.1590399 -0.4216339 0.3865867 0.0858592 0.3661186 0.4751445 0.4178172 0.1470826 0.6276149 0.5430070 -0.0678825 -0.1249754 0.3841735 0.0349784 -0.1984343 -0.3183285 -0.3644889 -0.3579686 -0.0513873 0.1622335 0.4040108 0.3607415 -0.2208346 0.0580452 -0.5869376 -0.5938891 -0.0984067 0.2721831 0.1823830 0.0087280 -0.0590016 -0.0706468 0.1205233 -0.0716194 0.0308835 -0.0940305 -0.0976019 0.1745066 0.1951706 -0.3968401 0.2943614 -0.0123466 0.5435601 -0.0290204 0.1333780 -0.0496831 0.6668717 -0.1562481 0.3541184 0.2705043 0.2909177 -0.1633791 -0.1175687 0.0964466 -0.0097036 -0.0001538
0.0122198 -0.1073605 -0.0803578 0.5414970 -0.0273582 0.1791415 -0.1656597 0.5398905 0.0110041 0.1670142 0.0000000 -0.1731634 0.0125939 0.6461852 -0.0909068 0.8961969 0.8653368 -0.1376612 0.6645151 0.2526760 -0.3222683 0.6379667 0.8372811 -0.1092836 0.6562073 0.6061460 0.6085478 -0.2328910 -0.1768944 0.3605673 0.4910158 0.4702883 -0.1350283 -0.0639398 0.7464874 0.0044522 0.5713795 0.4132770 0.7235633 0.4196996 0.2927360 -0.2629032 0.7802246 -0.3690775 -0.1696327 -0.2750657 0.5480570 0.2606295 -0.1407023 -0.5683611 0.6462267 0.7499000 0.0143895 0.6564358 0.3129569 0.2980978 0.5753609 0.3311963 0.1300396 0.6253625 0.3681131 0.6039365 0.2163666 0.8084074 0.2343664 0.5132523 0.6356743 0.6974823 0.5650010 0.8456001 0.6077329 0.7325636 0.7148631 0.5980537 0.7671229 0.7372665 0.4254212 0.3034139 0.4712570 0.5353684 0.3241236 -0.3078993 -0.0897698 -0.2086659 -0.5189742 -0.0241811 0.1176793 -0.3891961 -0.0255939 -0.2550958 0.2757158 0.2940967 0.1550219 -0.4596935 0.2236049 0.2346135 0.1551289 -0.0969353 0.2155278 -0.4015995 -0.0915375 -0.0234665 0.2984453 -0.3947964 0.3041682 -0.0037980 0.0570006 0.0484024 0.0008560 -0.1200381 0.2308618 -0.0757216 -0.1002861 -0.0218497 0.0947496 -0.0608180 0.0641815 0.2114041 0.0217078 0.0250418 0.1751546 0.2790213 0.2181464 -0.1840366 -0.0946859 -0.0134392 0.2686682 -0.4192797 0.0420303 -0.0880293 -0.0631577 -0.2594081 0.2375435 -0.2168753 -0.2664400 -0.2566421 -0.2776713 0.1550074 -0.0587796 -0.1833745 -0.4059826 -0.0475121 -0.3528249 -0.0417935 -0.1226746 -0.2024550 -0.0181785 -0.0447719 -0.4637485 -0.0025680 -0.0686166 0.0265390 0.0490843 -0.4875405 -0.3562115 0.3175572 -0.0777748 0.0186244 -0.5706870 0.0829786 -0.1969245 0.0506853 0.3645846 0.1213925 -0.1395109 0.0104696 -0.4678126 -0.4169289 -0.4275925 0.1273677 -0.2213613 -0.4564238 0.1637253 0.1190207 -0.2111331 -0.0402971 -0.1326113 -0.3740334 -0.2943343 -0.4119103 -0.7017793 -0.2184038 0.2689203 -0.1817428 0.5351858 0.0863576 0.2388537 0.1626667 0.2459514 0.1422963 -0.0653275 -0.3017743 -0.3177840 -0.0801469 0.0326666 0.0060331 -0.2017810 0.0241892 0.1709531 -0.0260731 0.0208204 -0.0473618 -0.4345669 -0.3422290 0.0866557 0.0043935 -0.1267660 0.2184134 0.1906455 0.0323845 -0.3987484 -0.3767160 0.1641048 -0.0672370 -0.2428686 0.3334804 0.0871010 -0.1441212
0.4711951 0.6730285 0.3018422 0.2044115 0.1678488 0.5166331 0.7669024 0.4584588 0.2464513 0.4353802 -0.1731634 0.0000000 0.3006229 -0.2178537 0.0281454 -0.0779631 -0.1485460 0.0405158 -0.3553752 0.3270590 0.8363242 -0.3246491 -0.2658836 0.4534513 -0.2277409 -0.4088796 -0.2774781 0.3812262 0.5948776 0.1670334 -0.1478872 -0.4200520 0.3569024 0.4645626 -0.4981375 0.2588943 -0.4391421 -0.4478570 -0.2708272 0.1175898 -0.4396806 0.3048172 -0.4378953 0.3471591 0.5446746 -0.3511809 -0.5816896 -0.4566976 0.2083816 -0.0669780 -0.4926707 -0.3362142 0.2046135 -0.3231542 -0.3769654 -0.4215647 -0.5923822 -0.0010961 -0.2284325 -0.5260016 -0.0927543 -0.5145902 -0.1881596 -0.2752258 -0.0618786 -0.5521624 -0.5521112 -0.4100146 -0.2005039 -0.3824048 -0.4123650 -0.2742755 -0.4902072 0.0544737 -0.1676527 -0.4149543 0.2790029 -0.1899104 -0.3215876 -0.0261857 -0.0633575 -0.0183320 0.3739822 0.0231986 0.0805337 0.3906620 0.5616901 -0.0726115 0.2929613 -0.0120712 0.1394073 0.4297132 0.7340363 -0.0444918 0.5086696 0.5416301 0.6890655 0.6062551 0.3994674 0.0089875 0.4926242 0.6388656 0.6475191 0.1022011 0.7338494 0.4964501 0.7028200 0.8145349 0.5907087 0.4379744 0.5832857 0.5938151 0.3495908 0.4927413 0.0315495 0.3028449 0.2150912 0.2300281 0.2273204 0.4219448 0.3396248 0.2679908 0.1192635 0.5013509 0.2015179 0.3696971 0.2011334 0.4110240 0.3087985 0.5016543 0.3131971 0.2772395 0.0080761 -0.1062052 -0.0521286 0.4814699 0.3269987 0.3492642 0.3501899 0.3920591 0.6615080 0.3743534 0.3593989 0.2556710 0.4456432 0.5452303 0.4201815 0.4233510 0.5950468 0.2875640 0.1641190 0.2512985 0.3455057 0.7323111 0.3867916 -0.0620050 0.2384876 0.4573756 0.6573885 -0.0060631 0.0779087 0.2679357 0.2158501 0.0464558 0.3357296 0.3175008 0.6472666 0.7210664 0.7670866 0.5077421 0.5362288 0.6410275 0.2770256 0.3577634 0.7897643 0.6395104 0.4629095 0.2611563 -0.0136591 0.0179124 0.2715510 0.3627196 0.3118982 0.3599681 -0.1858190 0.2398758 -0.2445899 -0.0690075 0.4271477 0.5850750 0.3707081 0.3064038 0.3216646 0.1412214 0.2351471 0.2488894 0.3184780 0.4351919 0.3543381 0.3126440 0.6646761 0.1444401 0.5819148 0.3641548 0.3904723 0.1209769 0.3990891 0.3408724 0.6955658 0.3686793 0.5526696 0.4636605 0.2143971 0.0198479 0.1830443 0.1645556 -0.3439557 0.0326769
0.4863019 0.5160281 0.8442612 0.1527810 0.8276255 0.3463983 0.3426740 0.5558440 0.3633341 0.0356712 0.0125939 0.3006229 0.0000000 0.1585485 0.3522134 0.2262175 0.3818819 0.2954747 0.1801331 0.2764871 0.1969586 0.3878353 0.2944715 0.2556846 0.3747237 0.2773474 0.4183082 0.3945469 0.2954290 0.5627932 0.4108419 0.4529348 0.1448924 0.1119058 0.2298750 0.1896383 0.2994184 0.4097855 0.0567512 0.4466646 0.3608741 0.2081236 0.1967045 -0.1066422 0.0859180 0.0713774 0.2114509 0.4149818 0.1066594 -0.4124732 0.2552643 0.2424053 -0.0048024 0.2500540 0.6222105 0.4145815 0.1983081 0.3150977 0.4284045 0.2636172 0.0844200 0.2494895 0.7276418 0.0973443 0.0491722 0.3659805 0.2617970 0.2564251 0.3858095 0.1413597 0.3513773 0.0103879 0.1954435 0.1641155 0.1741400 0.1870485 -0.0038739 0.1399431 0.1017149 0.4012201 0.2697217 -0.6449160 -0.4839322 -0.1868245 -0.0656372 -0.0161020 0.0552503 -0.6218863 0.0104020 -0.5098752 0.5586546 0.2723206 0.4298639 -0.5146652 -0.0096532 0.3677960 0.4286795 0.1026364 0.0695780 0.2228597 0.2037692 0.2025030 0.0641788 -0.1887553 0.2797603 0.0128570 0.0414516 0.2856425 0.4066920 -0.1582031 0.2179321 0.1510629 0.1661960 -0.0608266 -0.0257381 0.0761094 0.1320885 0.0593424 0.0806659 0.4231409 0.2217653 0.1473311 0.1453379 0.1540748 0.2565418 0.3357257 0.2514267 -0.1428113 0.3028750 0.0769537 0.2170659 0.2092946 0.1954511 -0.3445204 0.1058995 0.1363532 0.2070038 0.4737737 0.2275616 0.1912893 -0.1370922 0.4028931 -0.0252246 0.2088937 0.2912565 0.1214395 0.4134596 0.1639216 -0.3020336 0.1257953 0.1207815 0.2743996 0.5244352 -0.0406438 0.0682305 0.0670261 0.1272117 0.2362129 0.2357536 0.2454191 -0.5321381 0.2479039 0.0297835 0.2959454 0.0306001 0.3663194 0.2850798 -0.1501096 0.1088331 0.2804704 -0.1685469 -0.2799793 0.1606761 0.2463368 0.0853464 0.1415226 0.1394805 0.0301267 0.1635585 0.1762017 0.1487542 0.4297060 0.4225127 0.3120908 0.4161205 0.2426653 0.5880653 0.5321822 0.2352946 0.1019925 0.3929427 0.0725979 0.1708410 0.2206348 0.3328901 0.2249400 0.1506054 0.2135824 0.4660904 0.2157114 0.1333885 0.0133084 0.2549775 0.3799355 0.5285026 0.4828000 0.2530363 0.0627249 0.4757362 0.3566018 0.2214531 0.3223395 0.7261303 0.4384115 0.1672478 0.5836919 0.0394202 0.4190245
0.3353846 0.0708614 0.3244862 0.5925582 0.1860159 0.4364951 -0.0230739 0.2426083 0.2674609 0.2420552 0.6461852 -0.2178537 0.1585485 0.0000000 -0.0341306 0.6901578 0.5813194 0.4939741 0.4632631 0.1254784 -0.4436439 0.6676335 0.5541606 0.1530390 0.5215246 0.6242409 0.5295268 0.1226628 -0.1604625 0.4817798 0.3145334 0.6620985 -0.0794965 -0.1599082 0.6309443 0.2612103 0.6436684 0.5943306 0.1796183 0.0185007 0.5885641 -0.0897087 0.5157210 -0.5684842 -0.3578820 -0.1919598 0.5391404 0.5881980 -0.0894972 -0.3887806 0.5814836 0.3620029 -0.1155829 0.1903394 0.4872258 0.6448678 0.5544932 0.2944159 0.5517675 0.5868873 0.2795305 0.5438743 0.4035996 0.4995675 -0.1932844 0.5551797 0.6154516 0.3760186 0.7549581 0.5601899 0.5239139 0.4487194 0.5736289 0.3487222 0.6143052 0.5925478 0.1842969 0.4017384 0.5487761 0.4811774 0.3989435 -0.2646462 0.0618903 0.0122846 -0.4277827 0.1383942 -0.0639231 -0.3920521 0.2444722 -0.2157663 0.1213741 0.0709337 0.1907980 -0.5328634 0.1617218 -0.0322140 0.0721451 -0.0324853 -0.0565140 -0.3443382 -0.0838444 -0.0845241 0.1220314 -0.3973372 -0.0273155 -0.0993354 -0.0767153 -0.1232078 -0.0951668 -0.2494179 -0.1604669 -0.2410982 -0.1328995 -0.0428228 0.0881473 -0.0333370 -0.0137677 0.0480796 -0.0144723 -0.0268954 0.2152375 0.3295383 0.0500044 -0.1386887 -0.1908258 -0.1682263 0.4213114 -0.3120022 -0.1709192 0.0290209 -0.0615454 -0.2111759 0.0870021 0.0228371 -0.1828001 -0.1064641 -0.2424890 0.0222222 -0.4163669 -0.2164800 -0.1977809 -0.0296351 -0.1271365 -0.2068923 -0.2359604 0.0120101 -0.1260241 -0.4251525 -0.3724605 0.2539785 0.0833459 -0.2380991 0.1483414 -0.3880504 -0.2702252 -0.1104847 -0.3199909 -0.1000859 -0.3859381 0.0471139 -0.3067859 0.1204748 -0.1131219 -0.0162559 0.0651524 -0.1006197 -0.3613989 -0.3378166 -0.3960679 0.0774736 -0.2013221 -0.3758617 0.1889938 0.0685226 -0.1904529 -0.3655824 -0.3613583 -0.3207161 -0.2263157 -0.1958709 -0.2364441 -0.0202307 0.5939468 -0.1379350 0.6336999 -0.1582032 0.3010045 -0.0349259 -0.0710164 -0.1214969 -0.1056725 -0.2777018 -0.3446428 -0.1533798 -0.0340681 -0.1787896 -0.2934806 -0.2056552 0.0233216 -0.1787480 -0.1390563 -0.0663128 -0.2465644 0.0842051 0.3394084 0.3748585 -0.3320729 -0.1684015 0.2976088 -0.0107525 -0.3019874 -0.3417839 0.3578625 -0.0954759 -0.4728325 0.1766606 0.2759501 -0.1722302
0.2036304 0.1265854 0.4111551 0.3572913 0.1219809 -0.0048643 -0.0010920 0.2581575 0.4365701 -0.1951316 -0.0909068 0.0281454 0.3522134 -0.0341306 0.0000000 -0.0867091 0.1001990 0.1476800 0.1190181 0.0763705 -0.1125564 0.0601376 0.1154595 0.4276866 0.1508930 -0.0426721 0.1865896 -0.0130474 0.3499865 -0.1731424 0.3830656 0.3663553 0.2481294 0.2641579 0.0905705 0.1479097 0.2172005 0.3425137 -0.2315854 -0.0029908 0.3643139 0.1741523 0.1248673 0.0273545 0.0326248 0.2385300 0.3117564 0.4248845 0.1935857 -0.4230042 0.2603033 0.1156039 0.1468114 0.1811257 0.5102206 0.4748385 0.2407757 0.3447187 0.2602165 0.2355942 -0.0814364 0.2981656 0.6391494 0.0511772 0.1514976 0.2886870 0.1805470 0.1144238 0.3843588 0.0723785 0.1590344 -0.0786547 0.0925606 0.0503000 0.1528172 0.1160122 -0.1553397 -0.0569266 0.1366097 0.3474313 0.1750363 -0.4048644 -0.4240765 -0.4581076 -0.0585009 -0.4256991 -0.1292329 -0.2654333 -0.0498632 -0.3952620 0.2435490 -0.0708302 0.1845518 -0.0001953 -0.1493480 0.0415070 0.3181163 -0.1268400 -0.2157048 0.4069832 -0.2358779 -0.1851535 -0.3969995 0.0481001 0.1435979 -0.2514456 -0.3426293 -0.0605152 -0.0097806 -0.4093856 0.0912126 -0.2050557 -0.4647804 -0.3372328 -0.4918036 -0.4982184 -0.2863064 -0.1795401 -0.2429848 -0.1806530 -0.2491848 -0.2710922 -0.1156865 0.0086939 -0.2583294 -0.2118956 -0.1899134 -0.1188748 -0.2659993 0.1709683 -0.0715327 0.2735547 0.0287180 0.5355550 0.5647961 -0.2783075 0.1598381 -0.2382942 -0.2867058 -0.2077706 -0.2426976 -0.1323336 0.3692815 0.0471848 0.0693794 -0.2552684 -0.0957152 -0.2249469 -0.1156153 -0.0161005 -0.1244172 -0.0517538 -0.0627870 -0.2200959 -0.0341297 -0.1296287 0.1893733 -0.1747405 0.1079775 0.0456708 -0.3123094 -0.1684557 0.2861650 0.3751668 -0.2404012 0.0998520 -0.0170813 -0.1707527 0.0474027 -0.0340346 -0.3659248 -0.2536434 0.0019469 -0.0874685 -0.3630628 -0.2014041 -0.4151280 -0.3305101 -0.3254099 -0.0986090 0.0295484 0.1661473 0.1420236 0.0446895 0.3279295 -0.0102665 0.2291588 0.1793000 0.0093211 0.0058959 -0.0428015 -0.1267031 -0.1630783 -0.3833692 -0.2906153 -0.3101359 -0.3636711 -0.1295983 0.2192477 -0.1932715 -0.2014137 0.0195925 0.0294188 -0.0299568 0.1698353 0.2618708 -0.0482828 0.0180038 -0.0299549 0.2218108 -0.1756073 0.0035368 0.3283994 -0.0467265 0.0825773 0.4558335 -0.3479745 0.1493782
0.1468164 0.0325579 0.0969746 0.4795932 0.1661331 0.2656712 -0.0865053 0.5421583 0.0423594 0.2783001 0.8961969 -0.0779631 0.2262175 0.6901578 -0.0867091 0.0000000 0.8742201 -0.0542595 0.7387956 0.1821877 -0.2158185 0.7118580 0.8754711 -0.0655220 0.6833124 0.6632988 0.6656538 -0.1481066 -0.0436724 0.3430344 0.5502154 0.4969292 -0.0387156 -0.0120851 0.7113723 0.0862073 0.5599311 0.4877661 0.5917775 0.4750348 0.3888335 -0.0797990 0.7222835 -0.2640738 -0.0694866 -0.1226627 0.5421101 0.3606309 0.0170521 -0.4885873 0.6221403 0.6517641 0.0488168 0.6719451 0.4226809 0.3717358 0.5614623 0.4549601 0.2100947 0.6237292 0.4140800 0.6195567 0.3400942 0.7849147 0.2346029 0.5135699 0.6422225 0.6517145 0.5593396 0.7852532 0.6350530 0.6828110 0.6849258 0.5583702 0.6352275 0.7054728 0.3690864 0.2669459 0.4460504 0.5807893 0.3384791 -0.3369590 -0.1553818 -0.3306355 -0.6107750 -0.0863942 0.1151769 -0.4663471 -0.0554947 -0.3346988 0.3682655 0.3679483 0.1840769 -0.4877114 0.2019041 0.3249879 0.2381169 -0.1417899 0.1459424 -0.1753558 0.0169158 -0.0042417 0.2645646 -0.3675140 0.2567006 0.0394035 -0.0589485 0.0308784 0.0117262 -0.2458150 0.1541757 -0.1640876 -0.1271404 -0.0837891 -0.0227646 -0.1214637 -0.0556573 0.0303209 -0.1451041 -0.0293835 0.1500877 0.2168240 0.1918863 -0.2551424 -0.1806591 -0.0034583 0.3805224 -0.4302473 0.0138604 -0.1402847 -0.0050534 -0.2881513 0.3170146 -0.2829511 -0.4252950 -0.1109368 -0.2025149 0.1978945 -0.0562334 -0.1700267 -0.4091074 0.0132094 -0.4616647 -0.0395962 -0.0641604 -0.0992600 0.0793365 -0.0671726 -0.5182840 0.0086352 -0.0328024 0.0557700 0.1621389 -0.4638902 -0.1288276 0.1374684 -0.2008033 0.0518393 -0.4761082 0.0798204 -0.2226798 0.0828687 0.1692642 0.0863515 -0.0268771 0.0635124 -0.4166290 -0.4784351 -0.4249877 0.1147263 -0.2322804 -0.4374413 0.1989058 0.1525969 -0.1131336 0.0025122 -0.0977614 -0.3251936 -0.2238260 -0.2882410 -0.5564139 -0.1158588 0.3131543 -0.1441394 0.4918371 0.2208379 0.3458761 0.1752175 0.2402036 0.1471478 -0.1257189 -0.2610614 -0.2619308 -0.0698802 0.0524468 -0.0369186 -0.2064284 0.0023552 0.1994703 -0.0927278 -0.0037566 -0.0923571 -0.2519053 -0.1432210 0.1690520 0.1590984 -0.1176276 0.2839917 0.2743817 0.0490328 -0.2247857 -0.3277067 0.3164159 0.1148729 -0.1852476 0.3385259 0.3416572 -0.0275856
0.0615203 -0.0691128 0.1755014 0.3613738 0.2857293 0.1064961 -0.1577377 0.6071582 0.0892100 -0.0809541 0.8653368 -0.1485460 0.3818819 0.5813194 0.1001990 0.8742201 0.0000000 0.0155291 0.7637528 0.1644982 -0.3063287 0.6907887 0.9003846 -0.1806745 0.7172649 0.7146465 0.7565822 -0.1150663 -0.1434474 0.5141571 0.6167893 0.6983675 -0.2641136 -0.2333343 0.8597723 0.0855865 0.7602785 0.6392685 0.7661728 0.5457609 0.5402050 -0.1706895 0.8828197 -0.4606889 -0.1740197 -0.0030125 0.7118886 0.5100470 -0.2425980 -0.7639470 0.8133096 0.8841904 -0.1523891 0.7691338 0.6076865 0.4800470 0.7669189 0.3116828 0.2644849 0.8097764 0.3076828 0.7983496 0.5807602 0.8318484 0.3150178 0.7604010 0.8143283 0.8697506 0.6842737 0.9278565 0.8452850 0.7149020 0.8511816 0.6755395 0.8297184 0.8684089 0.3726448 0.4532139 0.6093291 0.7189588 0.5186471 -0.5081606 -0.4028685 -0.3845356 -0.5507684 -0.2431901 0.0334981 -0.6372754 -0.1341214 -0.4703409 0.5945248 0.4721632 0.1445397 -0.6747075 0.2561016 0.3677256 0.2577050 -0.1041927 0.0912208 -0.2528903 -0.1565745 0.0117376 0.1419945 -0.3549920 0.2932002 -0.1276310 -0.0476571 0.0214942 0.0924532 -0.2868519 0.1496854 -0.0618214 -0.0688806 -0.1903800 -0.0884090 -0.1358627 -0.0368794 0.0625923 -0.0672772 0.0526733 0.1130993 0.1711946 0.1514700 -0.1563684 0.0133281 0.0899554 0.2619135 -0.5279895 0.1702492 -0.1549443 0.0225287 -0.2547603 0.3415270 -0.2733429 -0.1326889 -0.2121086 -0.1375143 0.3039286 0.0522417 -0.0611272 -0.5512751 0.1279010 -0.4412052 0.1764410 -0.0187139 -0.3431991 0.1369149 0.0402453 -0.6723644 0.0401672 0.0663755 0.2031289 0.2557410 -0.6117051 -0.2350273 0.3936944 0.1057338 0.0403741 -0.4279796 0.3423942 -0.2955903 0.2156794 0.3732685 0.4141034 -0.0853185 0.1834678 -0.4084892 -0.6071083 -0.4876773 0.2494898 -0.4369276 -0.6771426 0.2803349 0.3075426 -0.2595742 0.0092518 -0.0371860 -0.3074148 -0.0689502 -0.1815611 -0.6268402 -0.1310911 0.2336383 -0.2313390 0.6087448 0.2687955 0.6096372 0.5163965 0.4120307 0.1466602 0.0225457 -0.2023044 -0.1747921 0.0602772 0.1626869 0.1422798 -0.1063444 0.1874146 0.4527300 0.0323434 -0.0259366 0.1117101 -0.2932295 -0.1627416 0.1067095 0.3262728 0.0323038 0.2962440 0.1390197 0.2526836 -0.2721687 -0.2756216 0.3694817 0.2403796 -0.0305782 0.4420176 0.1134757 0.0350534
