0.0000000 0.6308556 0.5817410 0.3157393 0.3262970 0.4769075 0.5473455 0.4731654 0.3750188 0.3634792 0.3447577 0.3683040 0.6055509 0.2381115 0.2194381 0.3565827 0.2089497 -0.0046756 0.3638659 0.2838975 0.1353753 0.4025677 0.3522103 0.2006656 0.0971781 0.1692950 0.2018522 0.1054933 0.2215962 0.1209553 0.3556207 -0.0329549 0.0675461 0.1756898 0.2286256 0.1314527 0.0806533 0.2055366 0.0499709 -0.0465233 0.2033793 0.1990630 0.1409655 0.0582477 0.2958468 0.0804854 0.0568804 0.0914707 0.0394540 -0.0683862 -0.0214147 -0.0316216 0.1318968 0.0225812 0.0144887 0.0091837 0.0315220 0.0984860 0.0630485 -0.1180637 0.0685889 -0.1853569 -0.0093206 0.1417734 0.2214862 0.1636904 -0.1000808 -0.0240525 0.1658978 0.0816215 0.2635922 0.0980728 0.0606462 0.2500937 0.2076081 0.2727605 -0.0301028 0.0575883 0.2140557 0.0091258 -0.0044415 0.2823788 0.0929681 0.3351974 0.4255246 0.0705251 -0.2928580 0.1912170 0.1152023 0.1708213 -0.2205190 -0.4729436 -0.3481283 0.1575006 -0.2252139 -0.1555199 -0.3559519 -0.2468833 0.1621541 0.1924186 0.2529875 0.0050644 -0.0029671 0.3680062 0.1183012 0.0807862 -0.0657809 0.1201628 0.0415159 0.1624296 0.2705751 -0.0456552 0.2547037 -0.3957536 -0.2622224 -0.4293292 -0.5270255 -0.3105256 -0.1528989 -0.3293767 -0.3141093 -0.6015488 -0.1250149 0.0797903 -0.1666858 -0.0472053 -0.4669282 -0.2664909 -0.1563734 -0.4450703 -0.2944059 -0.0222965 -0.4900291 0.1265254 0.0167114 0.0449743 -0.5288076 -0.0474677 -0.6184222 -0.1391680 0.0987840 -0.3404880 -0.2702441 -0.1514339 -0.4001977 0.3383248 -0.3676094 -0.5472739 0.0723695 -0.3346495 -0.2129775 0.0014704 -0.2330372 0.2459220 -0.5030232 0.2214555 -0.3381945 -0.0147212 -0.1939438 -0.1332006 -0.1693514 -0.2307959 0.3256435 -0.2150307 -0.1080439 0.2430723 0.2037335 0.0860605 -0.2159236 -0.0180182 0.1525849 0.0718298 0.2268848 0.3115557 0.5080518 0.2981509 0.1013708 -0.0690838 0.0601331 0.1418634 0.0317365 0.1373232 0.1577321 0.1800003 0.1864498 0.1297758 -0.0316565 0.2448030 -0.0224555 -0.2365212 -0.1056849 -0.1900020 -0.0689906 -0.0365473 -0.0631539 0.0403964 0.0779527 -0.0404730 -0.1426123 -0.0524885 -0.0540779 -0.2663897 -0.1715569 0.1736262 0.1182114 -0.2170289 -0.4845464 0.3571199 -0.1567156 -0.2561790 -0.0556384 0.1468806 0.1582119 0.1125485 0.2191698 0.3436940 -0.1039507 -0.1749926
0.6308556 0.0000000 0.5035887 0.7357022 0.2757571 0.8977046 0.8878907 0.8019873 0.8202935 0.6974518 0.7606924 0.6852921 0.8770943 0.1087450 0.5427597 0.7698703 0.5745072 -0.1703322 0.7903347 0.2870279 0.5559918 0.4300275 0.7380221 0.1366155 0.5846894 0.7129578 0.3384966 -0.2137858 0.6794150 0.1442077 0.3572726 0.2005954 0.3855714 0.6581024 0.6731996 0.7454349 0.2286340 0.4734841 0.2676909 0.0931288 0.0231612 0.7547268 0.5715643 0.4361444 0.6261829 0.2919566 0.2708347 0.2329640 0.5361938 0.0395924 0.2837502 0.3346960 0.6525361 0.4130418 0.2639353 0.2378562 0.2188617 0.4755721 0.4409803 0.1849977 0.5964709 0.3230482 0.1235898 0.5582666 0.6025960 0.2196312 0.1458919 0.4401606 0.3799687 0.5937220 0.5832249 0.6476306 0.3854536 0.5597523 0.3227167 0.5851818 0.4317273 -0.0616354 0.2096283 0.2578911 -0.2093195 0.2641133 0.4349931 0.6361241 0.5738129 0.3701846 -0.2456895 0.4895478 0.5282353 0.6234807 -0.2692349 -0.3912946 -0.2159469 0.5620862 0.1066134 -0.0764128 -0.4529778 -0.4436875 0.2472323 0.5128096 0.5634762 -0.2727725 0.2099097 0.5818717 -0.2241632 0.1928472 -0.0811476 0.2657186 0.0549317 0.3367814 0.1911802 0.2216434 0.3189674 -0.4779237 -0.2856244 -0.1353616 -0.3747606 -0.1524037 0.0273550 -0.0466952 -0.1544322 -0.4567565 -0.2493685 0.3589584 0.2042370 0.3234610 -0.4335763 -0.2874893 0.2910178 0.2177396 0.1703972 -0.0305091 -0.3078142 0.4227379 0.2138074 -0.0918014 -0.1217780 0.4698761 -0.2502016 0.4928165 0.0402306 0.0664863 -0.1705475 0.2701480 -0.0473537 0.2180449 -0.1244334 -0.2774655 0.1153564 -0.0891132 0.1127148 0.3428548 -0.1162477 -0.0649879 -0.2665442 0.3318998 -0.5188842 0.2073411 -0.1897153 -0.1840732 -0.1964651 -0.1627010 0.0641946 -0.2740645 -0.2203571 0.3975087 0.1436991 -0.2955382 -0.3322288 -0.2371912 0.0746102 -0.2440971 0.0266063 0.4651771 0.7422609 0.6690514 0.4839645 0.1321599 0.5818006 0.7267705 0.3497226 0.7648768 0.7318005 0.7756995 0.3110830 0.4030503 -0.3497189 -0.0891256 0.1870926 0.2869544 0.1353594 0.1551725 0.2626273 0.1566150 0.3060870 0.3422582 0.3576145 0.2646653 -0.0308880 0.3559285 -0.5123456 -0.2313188 -0.3769764 0.1399436 0.2496315 0.0584397 -0.0325682 0.0422511 -0.5407576 -0.2663111 -0.2538629 0.5414056 0.1596805 0.7226500 0.4035001 -0.1447562 -0.1252810 -0.1716347
0.5817410 0.5035887 0.0000000 0.5035042 0.6742785 0.5481818 0.5474071 0.6230840 0.5393661 0.3693101 0.4478843 0.6335626 0.5607574 0.3127305 0.6666718 0.5344612 0.3711118 0.3070238 0.2613592 0.3294258 0.3042153 0.2549731 0.2221919 0.3574397 0.0568460 0.1720024 0.2566477 0.2145279 0.2156752 0.3868318 0.1840096 -0.1549747 0.2884726 0.3485083 -0.0187399 0.1035913 -0.0068211 0.1111878 0.2797948 0.4414295 -0.0508146 0.0596278 0.0887355 0.2738115 0.0139440 -0.2298547 -0.0714073 -0.1004855 0.1969004 -0.3387506 -0.1168666 -0.0600383 0.2680498 0.0360764 -0.1121257 -0.1928740 0.0081208 0.0349088 0.2472203 -0.1187604 0.2823622 0.0866114 0.2782988 0.1580441 0.3292718 0.1431582 -0.1087136 0.1461471 0.3164858 0.1575309 0.1616014 0.0770732 0.1499211 0.2899362 0.3251940 0.3485163 0.0492860 0.2491505 0.1417053 -0.0992225 0.0352403 -0.1113745 -0.0667684 0.2116563 0.0889669 0.2739348 0.1362455 -0.1098926 0.2792759 0.3039398 0.1720325 -0.0649539 -0.1221543 0.1475317 0.3454445 0.1407981 -0.1180150 -0.3747728 0.2661525 0.1488398 0.0967282 0.0323393 -0.0194543 0.0427580 0.0938386 0.4331828 0.0015041 0.1102314 0.2670826 0.0094831 0.3202178 0.1265527 -0.0332702 -0.1609525 0.0761663 -0.1581921 -0.3018765 -0.2521353 -0.4340871 -0.1091120 -0.3784444 -0.6090596 0.0452923 -0.4568897 -0.1476892 0.1521278 -0.3432914 0.1328267 0.0354069 -0.0493777 -0.2222112 0.1134483 -0.2024435 -0.2371561 0.0596275 0.2322289 -0.1409762 0.0720465 -0.1562060 0.0401684 0.2532546 0.0735161 0.3358256 -0.0920641 -0.2429891 0.5350694 -0.1205702 -0.1384956 0.4030571 0.3336267 0.1952257 -0.0017880 -0.1853897 0.4425585 -0.1904726 0.5755026 0.1828929 0.0924952 0.3210052 0.2984537 0.1173157 0.1512643 0.6919566 0.3533945 0.0550070 0.3380645 0.4209161 0.3346771 0.2064214 0.3461463 0.2193005 0.1831512 -0.2149946 -0.1584074 0.1454738 0.2736072 0.4137236 0.0055146 0.2296658 0.0595333 0.0422851 0.0233021 0.0044483 0.0714159 0.1833188 0.4107184 0.2793101 0.3388281 0.0979083 -0.0774717 -0.0064855 0.1597904 0.2002338 0.0571783 0.2231040 0.1528236 0.1105657 0.2929085 -0.1589161 0.0988651 0.0037962 -0.2425019 -0.1769464 -0.1737616 0.1660980 0.2320992 -0.1547303 0.0093042 -0.1168035 -0.2263563 -0.1063296 -0.1430565 0.2478596 0.4161929 0.0041074 0.2593890 0.3709686 0.4045855
0.3157393 0.7357022 0.5035042 0.0000000 0.3933470 0.7687885 0.5327955 0.9284670 0.8262304 0.8883003 0.9105866 0.6725034 0.8150016 0.5257803 0.5965014 0.8262846 0.8819587 0.2463098 0.5855629 0.4469060 0.7394655 0.4374991 0.7652976 0.5896720 0.4171220 0.6889836 0.5945924 -0.0757963 0.7189599 0.5696016 0.2451189 0.1074600 0.5951609 0.7514458 0.6221547 0.7204063 0.4416881 0.3456817 0.7111329 0.4826117 -0.3072024 0.6559966 0.7945999 0.7826632 0.4904043 0.1917739 0.3555795 0.0684238 0.8074867 -0.0392109 0.3895293 0.5446449 0.8497024 0.7004526 0.3220353 0.2028743 0.3619608 0.7421889 0.4838616 0.3675720 0.8006429 0.6046297 0.4616971 0.8785094 0.8764928 0.2867795 0.2731995 0.6877671 0.4274399 0.7505937 0.4191584 0.8088994 0.4163925 0.8134899 0.4839599 0.6694026 0.6438461 -0.0025651 0.2159308 0.2005050 -0.1628558 -0.2848119 -0.0283343 0.1265152 0.0440476 0.2464130 -0.0369789 0.0741558 0.3285394 0.6223422 -0.0379932 0.0797062 -0.1485615 0.0765182 0.4508377 0.3411243 -0.1268816 -0.3135277 0.2504357 0.0438162 0.2354581 -0.1767945 0.1444559 0.0884049 -0.0417663 0.5103643 0.1559809 0.1928199 0.2192465 0.3593127 0.2894512 0.4783982 0.2296283 -0.0300100 0.1737910 0.1869321 0.0300028 0.1059148 0.0670038 0.2085365 -0.0817109 -0.1183587 -0.0352865 0.0871484 0.1824861 0.2852732 -0.5019912 0.0137527 0.2793451 0.1771201 0.0183684 0.0336674 -0.3671118 0.4598847 0.2538177 0.2468612 0.1112400 0.2986789 -0.0531772 0.5594660 0.3691345 0.2018410 0.1137893 0.4895163 0.1348094 0.4647697 0.0401491 -0.0407169 0.3925040 0.1828787 0.2664699 0.3297126 0.1673229 0.3296018 -0.1980363 0.2266618 -0.0340338 0.2867257 0.1168259 0.0594897 -0.0123895 0.2637593 0.1879763 0.2467980 0.0504599 0.4566001 0.4580020 0.0537164 0.2053877 0.2472877 0.3194640 -0.0655226 -0.0557857 0.3361734 0.5156422 0.4348578 0.5564099 0.0365688 0.7092126 0.4754644 0.1061381 0.4947967 0.4432759 0.5029227 0.0740561 0.7295134 -0.2155648 0.0564062 0.3416273 0.5012628 0.2890062 0.3678717 0.3758995 0.2436865 0.3270543 0.1319474 0.1593810 0.4485264 -0.0313672 0.2611494 -0.1880825 0.0935755 0.0881321 0.2971032 -0.0041620 0.1883641 0.1654543 0.1846741 -0.2660807 0.1192829 0.1479246 0.3430940 -0.1137044 0.7576106 0.4270039 -0.1191031 0.0260283 -0.0716794
0.3262970 0.2757571 0.6742785 0.3933470 0.0000000 0.3117724 0.3059635 0.3888258 0.4044650 0.3914719 0.4159393 0.6777151 0.3976134 0.3063322 0.6029541 0.3370543 0.3125686 0.2381416 -0.0904026 0.3739119 0.5275094 -0.1500869 0.2860197 0.3243074 -0.3271390 -0.0921166 0.1571099 0.0205683 0.2183998 0.3851889 0.0742022 -0.4001745 0.2423736 0.3557285 -0.1548455 0.1484598 -0.1618025 -0.3263370 0.3201644 0.4730747 -0.3004820 0.0261454 0.0504034 0.3160050 0.0360630 -0.5659299 -0.4047877 -0.4216699 0.3246118 -0.5969144 -0.3886823 -0.1712806 0.3432399 0.1466713 -0.3981847 -0.4725176 -0.3195145 0.1613622 0.4466416 -0.3851374 0.3794444 -0.0575645 0.4204108 0.2446729 0.4205071 -0.0661927 -0.4203011 0.1434438 0.1473867 0.1769214 -0.2305539 0.1679380 -0.2689226 0.4933958 0.3196536 0.3123928 0.3074305 0.0963817 -0.0707684 0.0543890 0.0439777 -0.1457667 -0.1585149 0.0620858 -0.0222275 0.0858046 0.1717928 -0.1706369 0.1103514 0.1506633 -0.0742894 -0.2580527 -0.2130509 0.1793132 0.2166013 -0.0269494 0.0494453 -0.2218016 0.0504737 0.2976058 0.1641841 0.1119058 -0.0783424 0.1014380 0.1430903 0.4249016 0.0221377 -0.0440683 0.1048863 0.0901836 0.0197646 0.0964860 -0.1869613 -0.0107786 0.2178795 -0.1073902 -0.1724114 -0.0917193 -0.2315876 -0.1570654 -0.3391239 -0.4629424 0.0697827 -0.4368888 -0.2411485 0.3028954 -0.5107955 0.1941406 0.0971216 -0.1910093 -0.1861728 0.1252073 -0.4034806 -0.2940065 0.0427363 0.2470567 -0.0664055 0.0851825 -0.0856286 0.1931753 0.2001859 0.0786758 0.3877711 -0.0580230 -0.2586841 0.5284619 -0.2004750 -0.1233181 0.1675555 0.2189557 0.2877353 -0.1330646 -0.1665067 0.4289144 -0.1915749 0.4855057 0.1711757 -0.1630052 0.3347206 0.2395864 -0.1199398 0.1218053 0.7237988 0.2470549 -0.1085593 0.1913490 0.2948416 0.3597706 0.2155509 0.3865739 -0.0166852 0.0399168 0.1145484 0.0533601 0.3659258 0.4770325 0.7072749 0.1717296 0.4672372 0.0703811 0.2005397 0.0117707 0.0184692 0.0959427 0.4154288 0.5492379 0.4824151 0.6288170 0.5034692 0.2848837 -0.2002483 0.3876204 0.4936433 0.1765096 0.2640374 0.4079503 0.1510924 0.5976204 0.0375410 0.2895232 -0.1633218 -0.2039728 -0.0290825 -0.2160954 -0.1440217 -0.0807854 0.1706816 0.0327185 -0.3040591 -0.1623154 0.0084740 0.0783498 0.1772657 0.3732929 0.2227364 0.0700927 0.0535832 0.0345810
0.4769075 0.8977046 0.5481818 0.7687885 0.3117724 0.0000000 0.8323826 0.8130795 0.9084893 0.7868070 0.8283412 0.6508113 0.8108210 0.1256646 0.5870551 0.8435596 0.6631935 -0.0533649 0.7773197 0.2167339 0.6189477 0.4953045 0.7623723 0.2094230 0.5862271 0.7736770 0.3121376 -0.1667763 0.6882785 0.1647939 0.3519846 0.1709172 0.4960829 0.7008042 0.6139097 0.7796687 0.2833039 0.4280976 0.3027283 0.1119004 -0.0068709 0.7068064 0.5769140 0.5374391 0.4772980 0.2212133 0.2940433 0.1599647 0.6035627 -0.0623080 0.2772890 0.4030358 0.6610373 0.3566225 0.2393359 0.2707805 0.2930661 0.3704726 0.4094399 0.1899620 0.5673642 0.3887455 0.4212853 0.5671636 0.5506737 0.3130125 0.1315723 0.3729224 0.5581482 0.5728267 0.5731199 0.6919771 0.3774627 0.5596461 0.4735634 0.5354306 0.3873636 0.0585116 0.1887532 0.1220314 -0.1865761 0.1867191 0.3496180 0.5560382 0.4850908 0.4533730 -0.1695411 0.4217650 0.5550940 0.7119481 -0.1319554 -0.2163634 -0.1740716 0.5108111 0.2140447 0.1705072 -0.2411357 -0.4830784 0.2115674 0.3767964 0.5792316 -0.2678654 0.1800940 0.3656710 -0.0256716 0.3531004 -0.0332177 0.3205945 0.2154340 0.3581443 0.3686618 0.3535264 0.2347916 -0.4829674 -0.3060433 -0.1369070 -0.4025035 -0.2374214 -0.1332093 -0.0674328 -0.2833950 -0.4240946 -0.0736583 0.2061231 0.1725243 0.2664039 -0.5064393 -0.2023156 0.2753441 0.2390490 0.0380968 -0.0037110 -0.4233535 0.3745712 0.3485505 0.0166211 -0.1289997 0.4298051 -0.2607255 0.5580160 0.1634246 0.2451019 -0.0135775 0.2082882 -0.0889734 0.2452668 -0.1248369 -0.1075188 0.2258711 0.1234482 0.2644935 0.2890537 -0.0956131 0.0228286 -0.1753543 0.4405453 -0.2747961 0.2398841 0.0014300 0.0261374 -0.0975581 -0.0135421 0.0804797 -0.0050273 -0.1342015 0.3751728 0.1653597 -0.1977875 -0.2284253 -0.0791715 0.0779826 -0.3192151 -0.1278624 0.2078204 0.5931540 0.5643817 0.5312022 0.2195357 0.7096193 0.7233564 0.3182332 0.7511954 0.6648666 0.7551023 0.3503239 0.3304134 -0.2561380 -0.0981039 0.1690946 0.2515871 0.2210635 0.1952059 0.2356597 0.2180474 0.3204260 0.2988945 0.2758694 0.3210513 -0.1455766 0.3048633 -0.4324371 -0.1150116 -0.3280984 0.1843773 0.2976784 0.1583849 0.0312252 0.0454295 -0.4849710 -0.1510557 -0.1729094 0.4509326 0.0992341 0.7727526 0.3685590 0.0018454 0.0673508 -0.0292171
0.5473455 0.8878907 0.5474071 0.5327955 0.3059635 0.8323826 0.0000000 0.5953776 0.8150964 0.4565284 0.5656395 0.7395454 0.6350719 -0.0831809 0.6878423 0.5787261 0.3224682 -0.1217989 0.5699997 0.0718198 0.5418795 0.1449366 0.5012087 0.0059021 0.3945195 0.4954325 -0.0176213 -0.0869096 0.6772704 -0.0383095 0.1834559 -0.0438994 0.4191009 0.6599850 0.3500027 0.6825608 -0.1276236 0.2240166 -0.0275061 0.0078759 -0.0330383 0.6829946 0.2355724 0.2929187 0.5647735 0.0110504 -0.0755845 0.0100648 0.4510625 -0.1985147 -0.0592837 0.1238568 0.5423447 0.1874531 -0.0455102 -0.0454846 -0.0776774 0.1996460 0.4146521 -0.1242152 0.4917090 0.1717487 0.0940343 0.3416388 0.4109174 -0.0482185 -0.1479962 0.2630846 0.2115314 0.3653948 0.3835421 0.4664977 0.2298956 0.4288799 0.1837159 0.4341192 0.3186373 0.1289544 0.2167805 0.1872408 -0.0339283 0.3118689 0.4923371 0.6666828 0.5767268 0.3712367 -0.3651655 0.4825018 0.4037426 0.5191432 -0.2959258 -0.4559054 -0.1021578 0.6046478 0.0458717 -0.1213259 -0.5024040 -0.4333143 0.1554451 0.6549984 0.5249445 -0.2494608 0.1872397 0.4748845 -0.3434158 0.1695543 -0.2676239 0.2413063 0.0282460 0.2221412 0.1890200 0.0823614 0.1673877 -0.4764514 -0.2023599 -0.1058152 -0.3513662 -0.1179999 -0.0155577 -0.1049115 -0.1342134 -0.4127695 -0.3151583 0.2181783 0.1867995 0.2336853 -0.3833295 -0.4405197 0.2936650 0.3640856 0.2285351 -0.0745780 -0.2455361 0.2755319 0.2010995 -0.3397787 -0.0702661 0.4704451 -0.2033267 0.4208442 -0.1392990 0.1299669 -0.0082489 0.1689600 -0.0662772 0.0067906 -0.2470936 -0.3911383 0.0692963 -0.1170173 0.0922355 0.2924845 -0.3082192 -0.2174613 -0.3105571 0.3847110 -0.4252694 0.0744660 -0.0052550 -0.1276756 -0.2931313 -0.2648030 0.0411852 -0.2325038 -0.3696733 0.2759863 -0.0435271 -0.1694311 -0.3200221 -0.3041682 -0.0788799 -0.3129224 -0.0101324 0.3204618 0.6672649 0.6441653 0.5209154 0.2978722 0.5958453 0.7588702 0.5359993 0.7554314 0.6995391 0.7601284 0.4356304 0.2573217 -0.1836801 -0.0720407 0.2221178 0.2223082 0.0087725 0.2932318 0.3524615 0.0822126 0.2855117 0.3981941 0.2840968 0.3513934 0.0939061 0.2969397 -0.6160966 -0.4899592 -0.4622276 -0.0061256 0.3157819 0.1858033 -0.1421975 -0.1229226 -0.5819575 -0.4877007 -0.3166104 0.4335621 0.3401278 0.6978136 0.2573494 -0.0215482 0.0520074 0.0213586
0.4731654 0.8019873 0.6230840 0.9284670 0.3888258 0.8130795 0.5953776 0.0000000 0.7600395 0.8546360 0.9038003 0.6211634 0.9105420 0.4600634 0.5473717 0.8909483 0.8512110 0.1607877 0.7112162 0.4821911 0.5562880 0.5791692 0.7585307 0.4016184 0.4955433 0.7260109 0.5894630 -0.1476830 0.5748993 0.6100857 0.3416060 0.1478886 0.3726400 0.5787645 0.6079785 0.6186320 0.4694926 0.4808420 0.7055696 0.5020978 -0.2028625 0.5634972 0.7585783 0.5887738 0.3902432 0.2547884 0.4093821 0.1484128 0.6146343 0.0052064 0.3969679 0.4412868 0.6935715 0.5524462 0.3670032 0.2710230 0.4205971 0.5968912 0.3245204 0.3565876 0.6300605 0.5361219 0.3758747 0.7283040 0.7055546 0.3892593 0.2957404 0.5842020 0.5419813 0.6822959 0.5689029 0.6513691 0.4605411 0.6387843 0.5850111 0.6912530 0.4578460 0.0580599 0.2631642 0.1570158 -0.1400232 -0.1878696 0.1016352 0.2868317 0.1549592 0.4282258 0.0585431 0.1364917 0.5063853 0.6769063 0.0831701 -0.0420964 -0.0394860 0.2254428 0.4481829 0.2737166 -0.1748818 -0.2970915 0.3159911 0.1346881 0.2787753 -0.0867206 0.2336911 0.2482221 -0.0259780 0.4653792 0.2193580 0.1841313 0.2982891 0.3768229 0.3285739 0.4765628 0.3108119 -0.1163750 0.0428867 0.1379848 -0.0907646 0.0576299 0.0445539 0.2519410 -0.0453374 -0.3041769 -0.0318169 0.1082141 0.2630819 0.3511015 -0.4675904 0.0588188 0.3250607 0.1186506 0.0630622 0.0648781 -0.3499279 0.3170652 0.2620080 0.3084650 0.0748499 0.3685683 -0.1078599 0.4704314 0.3921861 0.1382809 -0.0108600 0.4499862 0.1358911 0.5494039 0.0866757 -0.0077099 0.4880622 0.1900398 0.1858857 0.4606398 0.1106994 0.3379544 -0.2357060 0.3794551 -0.1553066 0.4259578 -0.0031768 0.0010835 0.0558717 0.1777457 0.2750495 0.1438937 0.0643653 0.6353875 0.5437479 -0.0100865 0.0463915 0.1720642 0.4398099 0.0563113 -0.0492022 0.2944606 0.4950654 0.4159294 0.4328577 -0.0766445 0.5340551 0.4291957 0.0579570 0.4773473 0.4089733 0.4846189 0.0228606 0.5655557 -0.2443110 0.0615056 0.1020600 0.2172414 0.3683704 0.1127956 0.1694345 0.2589447 0.3743269 0.1572061 0.2985293 0.2807553 -0.1534564 0.3394298 -0.2142661 0.0317338 -0.0393809 0.2616626 0.0750510 0.2268594 0.0802092 0.1969318 -0.3036369 0.0409330 0.0336127 0.2320319 -0.0239947 0.7167942 0.3269372 -0.0044510 -0.0589202 -0.0791121
0.3750188 0.8202935 0.5393661 0.8262304 0.4044650 0.9084893 0.8150964 0.7600395 0.0000000 0.7678310 0.8207487 0.7524715 0.6927297 0.1589416 0.7912477 0.7583724 0.6273466 0.0773014 0.5411865 0.1495541 0.7987854 0.2164166 0.7087409 0.3751891 0.3331501 0.6008123 0.1983937 -0.1249095 0.8642446 0.1371901 0.1371726 -0.0991040 0.6844341 0.8616313 0.4575198 0.8329557 0.0595378 0.1241768 0.2903893 0.1825517 -0.2974411 0.7833555 0.5007429 0.6954767 0.6374390 -0.0507996 0.0472239 -0.1202570 0.7361781 -0.3010932 0.0647688 0.3208343 0.7808012 0.4296367 -0.0122269 -0.0334179 0.0341781 0.4475167 0.6213624 0.0019981 0.7934545 0.3570448 0.4054564 0.6459415 0.7142777 -0.0058557 -0.0781165 0.4644419 0.2732160 0.5762219 0.2738290 0.7722078 0.2403025 0.7018123 0.3257450 0.4989442 0.4825363 0.0659361 0.1380764 0.1919719 -0.1406079 -0.0038424 0.1854026 0.3335259 0.2777622 0.2657626 -0.3278056 0.2760570 0.3175630 0.5954243 -0.3062769 -0.2029660 -0.2793538 0.3399020 0.2438403 0.1133787 -0.2873842 -0.5280834 0.1556883 0.3599311 0.4744359 -0.3361896 0.0950610 0.1839028 -0.2027320 0.3657711 -0.1839758 0.2073098 0.0783718 0.2472303 0.2383612 0.2639545 0.0604450 -0.3182988 -0.0428115 -0.0139824 -0.2101790 -0.0924227 -0.0810781 -0.0885069 -0.2411372 -0.2128047 -0.2123591 0.0961454 0.0663787 0.1267321 -0.5697595 -0.3335251 0.1995975 0.3167140 0.0096845 -0.1308139 -0.4527309 0.4386631 0.2265523 -0.1220867 -0.0638274 0.3207701 -0.2334061 0.5821839 0.0034496 0.1947276 0.1618007 0.2478673 -0.1141422 0.1510974 -0.2973439 -0.3086947 0.1046927 0.0511487 0.2847370 0.1433351 -0.1970622 -0.0207355 -0.3007989 0.3670791 -0.1131618 0.0087935 0.1937783 0.0711512 -0.2930928 -0.0454914 0.1306464 0.1208816 -0.2951583 0.2295467 0.0985327 -0.0437881 -0.0209615 -0.0338140 -0.0474246 -0.4118792 -0.0720912 0.3076425 0.6046227 0.5701382 0.6495553 0.3855921 0.8541546 0.7418384 0.4316550 0.7131136 0.6510731 0.7245200 0.3958332 0.5848475 -0.1099571 -0.0237209 0.3451246 0.4505446 0.0998588 0.4779419 0.4853448 0.1608684 0.2236261 0.3076056 0.1679036 0.5021212 0.1174001 0.2016325 -0.4000906 -0.1624582 -0.1456640 0.2658699 0.1951724 0.1892150 0.0438300 -0.0602786 -0.4180739 -0.1358653 0.0041030 0.4802990 0.1318558 0.7817007 0.4156101 -0.0701443 0.1890358 0.0249181
0.3634792 0.6974518 0.3693101 0.8883003 0.3914719 0.7868070 0.4565284 0.8546360 0.7678310 0.0000000 0.9556802 0.5688809 0.8030854 0.4396495 0.4364341 0.8613503 0.8914965 0.0709620 0.6340432 0.4736990 0.7195638 0.5458226 0.9248136 0.4260403 0.4160500 0.7249491 0.5669745 -0.2937349 0.6422914 0.4555746 0.4779439 0.1546612 0.3915997 0.5619325 0.6998822 0.7356718 0.4556644 0.3026472 0.6112799 0.2570972 -0.1600337 0.6594043 0.7993713 0.6399261 0.5185610 0.2294411 0.3775644 0.0411296 0.6620004 -0.0293754 0.3985344 0.4573976 0.7159092 0.5650668 0.3110077 0.2802221 0.3267572 0.6337108 0.4313918 0.2949843 0.6741592 0.4658841 0.4713615 0.7889492 0.7232221 0.3411553 0.2033005 0.5233959 0.4491090 0.7232891 0.4508608 0.8042094 0.2694010 0.7509012 0.5663844 0.6168120 0.5151698 -0.1143186 0.1015224 0.0831385 -0.2292595 -0.0662559 0.0888221 0.2360079 0.2301370 0.2795191 -0.0403333 0.2847820 0.4121835 0.6416611 -0.1417704 -0.0643871 -0.2350078 0.2360670 0.2530454 0.2860388 -0.0113086 -0.3264173 0.1002102 0.1063483 0.3055607 -0.2049580 0.1428385 0.2468275 0.0931246 0.4520120 0.1927453 0.1121404 0.2150226 0.4346714 0.2253448 0.5088437 0.2213105 -0.1706435 -0.0094169 0.0805537 -0.0845706 0.0183105 0.0751491 0.1579705 -0.0967345 -0.1802928 -0.0171033 0.2005290 0.1847263 0.3442973 -0.5895622 -0.0438627 0.2888467 -0.0437692 -0.0327042 -0.0849480 -0.5927844 0.3743800 0.2578513 0.2756855 -0.0446076 0.2859858 -0.2337471 0.5659008 0.3412788 0.1314695 -0.1738154 0.4335677 0.0095849 0.4880985 -0.0658493 -0.0481132 0.1862881 0.1076714 0.3050408 0.3150437 0.0681029 0.2764647 -0.3341714 0.2648166 -0.1965748 0.2715855 -0.1310151 0.0185698 -0.1256700 0.1260487 0.1502755 0.0798702 -0.0418890 0.4921116 0.4040365 -0.1072178 -0.0710996 0.1406053 0.3001539 -0.1853517 -0.0076773 0.3549886 0.5720343 0.4749622 0.5321328 0.0588055 0.7172527 0.4881750 0.0746124 0.5461098 0.5155154 0.5692365 0.2663964 0.5486119 -0.1659131 0.1800423 0.2423331 0.3337313 0.3675701 0.1107191 0.2020707 0.3355560 0.3146103 0.1793785 0.2887344 0.3567798 -0.1657956 0.3380991 -0.2649384 0.1897331 0.0569485 0.4732925 0.1504168 0.1149713 0.2889374 0.3432348 -0.3267397 0.2327114 0.1927791 0.4160784 0.0330636 0.7018941 0.5991934 0.0149214 -0.1252592 -0.3480557
0.3447577 0.7606924 0.4478843 0.9105866 0.4159393 0.8283412 0.5656395 0.9038003 0.8207487 0.9556802 0.0000000 0.6155974 0.8481729 0.3224412 0.5741021 0.9421881 0.8986776 0.0238614 0.6946875 0.5031344 0.7041826 0.4916269 0.9271276 0.3211414 0.4462082 0.7666585 0.5271493 -0.3629050 0.6928054 0.4442147 0.4371438 0.1111068 0.3611669 0.6252289 0.6793837 0.7820233 0.3960389 0.3455204 0.6450223 0.3891513 -0.2527251 0.6906861 0.8116004 0.6046874 0.5450661 0.1817337 0.3129133 0.0499023 0.6548301 -0.0231668 0.3433210 0.4633347 0.7471335 0.6425845 0.3069582 0.2447172 0.2913291 0.6768171 0.4852892 0.2831227 0.7079022 0.5573005 0.4634763 0.7993739 0.7210437 0.2959660 0.1661612 0.6393623 0.4807143 0.8037473 0.5148886 0.8070363 0.3440822 0.7427906 0.6367807 0.7286892 0.5735728 -0.0222523 0.1848409 0.2456454 -0.1658540 -0.0576959 0.1650019 0.2582183 0.1965458 0.3080727 -0.0153539 0.2444109 0.4468576 0.6898146 -0.0418079 -0.0896644 -0.0751767 0.3103313 0.3775033 0.1778080 -0.0016756 -0.2948578 0.2013299 0.2423037 0.3634678 -0.1869658 0.1984893 0.2724746 0.0246965 0.4281833 0.1751589 0.1495143 0.3102237 0.4237904 0.2628044 0.5748274 0.3126159 -0.1210117 0.0194363 0.2209192 -0.0163293 0.1071763 0.1731696 0.2385036 -0.0167133 -0.1728757 0.0073710 0.2338356 0.2515320 0.3915645 -0.5445372 -0.0519459 0.3835307 0.1140143 0.0457069 -0.1517488 -0.5350773 0.4104355 0.1730972 0.2547247 -0.0383272 0.3909964 -0.2364292 0.6598389 0.2713357 0.1875924 -0.0961150 0.4383737 0.0277261 0.5312699 -0.0834137 -0.1031697 0.2121604 0.1826690 0.3767343 0.3953531 0.0379851 0.2412865 -0.3303680 0.4060564 -0.1752846 0.3036771 -0.0625612 0.0952880 -0.1093305 0.1334200 0.2191091 0.1297210 -0.0725837 0.5263489 0.4634363 -0.1612450 -0.0699979 0.0965995 0.2847329 -0.2250994 -0.0305391 0.3336980 0.5926018 0.4980082 0.5206892 0.1321070 0.7354991 0.6107904 0.2662189 0.6424962 0.5768954 0.6644723 0.2693181 0.5756806 -0.2315926 0.1200004 0.2717437 0.3612770 0.4092949 0.1899526 0.2531515 0.3776657 0.3970146 0.3130486 0.3680507 0.3853143 -0.0361604 0.4465681 -0.3760983 0.0429520 -0.0420921 0.4145178 0.1520619 0.2240368 0.3211187 0.1696737 -0.4744217 0.0657142 0.0869453 0.3955755 0.0940977 0.7521857 0.4827100 -0.1068406 -0.1384426 -0.2831271
0.3683040 0.6852921 0.6335626 0.6725034 0.6777151 0.6508113 0.7395454 0.6211634 0.7524715 0.5688809 0.6155974 0.0000000 0.5328370 0.2548364 0.8313668 0.5322916 0.4857146 0.1922522 0.2770339 0.3229986 0.8387818 -0.0392489 0.4975000 0.3730591 0.1047225 0.2643768 0.1929510 0.1049278 0.6302068 0.3117040 0.1668362 -0.1327428 0.5362875 0.6848651 0.2133582 0.5767419 -0.1737711 -0.0086359 0.2248221 0.2815826 -0.1521270 0.5125688 0.2648936 0.5291143 0.4606326 -0.2076034 -0.2146720 -0.1482369 0.6325936 -0.3607411 -0.1512793 0.0344866 0.6994343 0.3195001 -0.1602867 -0.2583406 -0.2061191 0.3829315 0.4571228 -0.2008333 0.6474751 0.1517741 0.2502075 0.5029139 0.7174812 -0.0829859 -0.2381388 0.2979108 0.0979240 0.3343830 0.1015366 0.4302058 -0.0498063 0.6403050 0.1585252 0.3698693 0.4855168 0.0018816 -0.0186588 -0.0340441 -0.1142608 -0.0712302 0.0641704 0.3713466 0.2463814 0.1617607 -0.1651945 0.2935999 0.2116443 0.3556824 -0.3228129 -0.2695881 -0.1566037 0.3847664 0.1420183 0.0401644 -0.2719568 -0.4206204 0.0093590 0.4705768 0.2017290 -0.2869474 -0.0818932 0.2304767 -0.2662690 0.3743357 -0.1295841 -0.0429429 -0.0299118 0.0916559 -0.0569981 0.1365343 -0.0776156 -0.2783667 0.1644213 -0.0105017 -0.0909222 0.0304785 -0.0150773 0.0238394 -0.1702579 -0.3841885 -0.3486670 -0.0957559 0.0791399 0.4747335 -0.4139993 -0.1696355 0.3865077 0.1616338 0.1781429 0.0904266 -0.2465376 0.0709521 0.2309472 -0.0933444 0.1638500 0.4372503 0.1271112 0.4181981 0.1316128 0.2049016 0.1751538 0.3492554 0.0663447 0.2727429 -0.0520767 -0.1873421 0.1798704 0.0116966 0.2200667 0.2218223 -0.1780717 0.1707445 -0.3107741 0.2789487 -0.2106550 0.0687847 0.1212458 0.0268230 -0.2814694 -0.0041516 0.3766748 -0.0041823 -0.2047865 0.3487905 0.2074128 0.1231705 0.0361503 0.1069175 0.0691138 -0.0607670 -0.1455403 0.1814032 0.5256219 0.6248779 0.7932853 0.0499007 0.7153066 0.4642285 0.3641035 0.4806269 0.4447811 0.5014458 0.3584042 0.6137847 0.0358085 0.2846272 0.5024433 0.4383628 -0.0564875 0.4982699 0.5824967 0.0193140 0.3901791 0.2597984 0.2082425 0.6671525 -0.0765582 0.3469358 -0.5057876 -0.4349443 -0.2585301 -0.1550163 0.2567658 0.2560085 0.1034785 0.0373841 -0.4615748 -0.3770663 -0.1731700 0.2326778 0.3145453 0.8119566 0.3169791 -0.0627061 0.0944581 0.0021668
0.6055509 0.8770943 0.5607574 0.8150016 0.3976134 0.8108210 0.6350719 0.9105420 0.6927297 0.8030854 0.8481729 0.5328370 0.0000000 0.3690887 0.3921243 0.8621743 0.7666664 -0.0446752 0.7848381 0.5179429 0.4277266 0.6352827 0.7859305 0.2479102 0.5663649 0.7577577 0.6113911 -0.2817234 0.4942989 0.4476108 0.4664987 0.2508081 0.2344897 0.5092631 0.7043645 0.5972122 0.5222163 0.5469903 0.5893848 0.3461827 -0.0410315 0.5679078 0.7487363 0.4329996 0.4102483 0.3361903 0.4474543 0.2552485 0.4914440 0.1039208 0.4507086 0.4620511 0.5945779 0.5433267 0.4214550 0.3602093 0.4338277 0.5877046 0.4154480 0.3936377 0.5548673 0.4927964 0.2865079 0.6492565 0.5956632 0.4481240 0.3414665 0.5937214 0.5829622 0.7448140 0.6384838 0.6583364 0.5158599 0.6042375 0.5612971 0.7742443 0.4740588 -0.0502664 0.2880174 0.3405637 -0.1790841 0.1035140 0.3020204 0.4566321 0.3849676 0.4222953 0.0608601 0.2279890 0.5980686 0.6767444 0.0189383 -0.2191806 -0.1635209 0.3879508 0.3149572 0.0840202 -0.2300948 -0.2940804 0.3356725 0.2985951 0.4611682 -0.0193876 0.3298928 0.5112134 0.0361230 0.3548950 0.1854255 0.3310953 0.2645938 0.4757265 0.3399621 0.4027829 0.4394550 -0.2237351 -0.1758461 -0.0324329 -0.2916901 -0.0990857 0.0029467 0.0794627 -0.1147156 -0.4318875 0.0632763 0.2499652 0.2091917 0.3432380 -0.4725528 0.0551994 0.2552124 0.0783633 0.0600272 0.0305074 -0.3685809 0.3179941 0.1937287 0.2954517 -0.1115712 0.3610868 -0.2785655 0.4647457 0.2902902 0.0695143 -0.1131400 0.2554978 -0.0241840 0.5513755 0.0090202 -0.0837385 0.3035537 0.1480936 0.1966512 0.3594308 0.1077532 0.2291597 -0.1758970 0.4063432 -0.3174341 0.3446310 -0.1326864 -0.0820391 0.0780862 0.0955781 0.2226154 -0.0644597 0.0309501 0.5387461 0.4256799 -0.1767144 -0.1551370 0.0353873 0.3038794 -0.0523030 0.1363431 0.4427917 0.6699089 0.5752061 0.4246099 0.0475187 0.4643955 0.5037691 0.1314002 0.5416270 0.5221092 0.5726347 0.1908299 0.4778603 -0.2482731 0.0680672 0.1402667 0.2454111 0.2595263 0.0411278 0.1632420 0.3299363 0.3352884 0.3415661 0.3668015 0.2110874 -0.0664468 0.3927018 -0.2616709 0.0577696 -0.1520719 0.2199382 0.0187892 -0.0199558 0.0852019 0.1956366 -0.4116110 0.0266693 -0.0722998 0.4448288 -0.0022154 0.6168177 0.4206468 -0.0753050 -0.1774040 -0.1858867
0.2381115 0.1087450 0.3127305 0.5257803 0.3063322 0.1256646 -0.0831809 0.4600634 0.1589416 0.4396495 0.3224412 0.2548364 0.3690887 0.0000000 0.0363050 0.1987568 0.6015993 0.7201017 0.0170174 0.5330607 0.2841660 0.4296040 0.1831075 0.7911729 0.0511633 0.1336620 0.6394617 0.4532094 0.0734907 0.8215560 0.2248306 0.1645646 0.2823828 0.1624192 0.1566872 0.0090165 0.5067248 0.1691665 0.5768689 0.4022382 -0.0103329 -0.0149285 0.4044424 0.4356335 -0.0639926 0.1785530 0.3225723 0.1023016 0.4187670 0.0676824 0.3416069 0.3875472 0.3472752 0.4315321 0.3032159 0.1857839 0.4051456 0.4813080 0.0415000 0.3930621 0.2665935 0.4136091 0.3865284 0.5675829 0.5041459 0.3968656 0.4126242 0.3916115 0.2776683 0.3268153 0.1243295 0.2405129 0.3167508 0.4812664 0.1972634 0.3968579 0.3674409 -0.0050653 0.2242402 -0.0508322 -0.0268618 -0.3833769 -0.4009684 -0.2091839 -0.2163774 -0.0100360 0.1440022 -0.2952754 -0.0652233 0.0980249 0.1381965 0.2106108 -0.1232870 -0.4527825 0.1687851 0.5487864 0.0443811 0.0616364 -0.0488960 -0.4175524 -0.3500178 0.1926590 0.0474470 -0.2298824 0.2540499 0.4909296 0.3760748 0.1766455 0.2013404 0.2887734 0.2894593 0.2735598 0.2554549 0.2818531 0.3584236 0.0500725 0.1330780 0.1317426 -0.0478997 0.2062247 0.0218052 0.0081087 0.2241926 -0.2040996 0.0685391 0.0450747 -0.2454671 0.3500766 0.0052826 -0.1578769 -0.0897706 0.3323682 -0.1625878 0.0907037 0.3817863 0.5437631 0.2421326 -0.1211679 0.1349101 -0.0374053 0.6383820 0.1138278 0.2013110 0.3001838 0.2798732 0.5573864 0.3382271 0.1999108 0.5580515 0.1304583 -0.0177782 0.1811265 0.4884500 0.6722295 -0.0987989 -0.1520240 0.2576357 0.3540831 0.2351529 0.0572699 0.3774710 0.5550195 0.2005230 0.3708225 0.5178681 0.4165580 0.5435158 0.5347483 0.5564043 0.6948382 0.5822666 0.5084575 0.1458661 0.0898399 0.1016646 -0.0332865 0.2030863 -0.3360859 0.1182303 -0.2922421 -0.3795782 -0.2663472 -0.2411214 -0.2784806 -0.2561523 0.4613550 0.0882434 0.2891573 0.1537560 0.1889751 0.1161189 0.1637039 0.1890700 0.0913004 0.0483848 -0.3302647 -0.2503347 0.2897149 -0.1773826 -0.1426278 0.4456104 0.3166042 0.4759502 0.1819300 -0.2941108 -0.0730928 -0.1122024 0.6450969 0.3279687 0.4365667 0.3882466 -0.1625582 -0.2938671 0.1870699 0.2138753 0.4033976 0.2414566 0.1279088
0.2194381 0.5427597 0.6666718 0.5965014 0.6029541 0.5870551 0.6878423 0.5473717 0.7912477 0.4364341 0.5741021 0.8313668 0.3921243 0.0363050 0.0000000 0.5391680 0.3841102 0.2109868 0.1625341 0.1433661 0.7186582 -0.1858526 0.3837655 0.2982202 -0.0577974 0.1763178 -0.0110246 -0.0024533 0.6764650 0.1435460 -0.0841856 -0.4026294 0.5254749 0.6981811 -0.0044527 0.5149341 -0.3626834 -0.1886857 0.1780569 0.3636064 -0.4541842 0.4533295 0.1496830 0.4943978 0.4539745 -0.4613837 -0.3707361 -0.3535790 0.5050158 -0.5384403 -0.3438552 -0.0802599 0.5796145 0.2642568 -0.3589141 -0.4548301 -0.3568236 0.2649470 0.5579482 -0.3398445 0.6773067 0.1425589 0.2493693 0.3723748 0.5988595 -0.3385128 -0.4045685 0.3310411 -0.0258061 0.3018432 -0.0660551 0.3843026 -0.0682298 0.4965586 0.1752586 0.3324749 0.3219548 0.1631780 0.0158556 0.1414068 -0.0151423 -0.2136756 -0.0334216 0.1112709 -0.0421835 0.0672975 -0.2500509 0.0346620 0.0709123 0.2734525 -0.2238314 -0.2132073 -0.0952188 0.2575435 0.2813321 -0.0941264 -0.1973030 -0.4747134 0.0669893 0.4588284 0.1771374 -0.3003866 -0.1044710 0.0107455 -0.3582254 0.2574112 -0.3030894 -0.1130525 0.0102259 -0.1025891 -0.0289237 0.0929951 -0.1381875 -0.1314407 0.2256266 0.1476974 0.0312576 0.0801840 -0.0370850 -0.0170548 -0.1409317 -0.1853225 -0.3326372 -0.2137396 -0.0297855 0.1683534 -0.3519835 -0.2717531 0.2276801 0.3295934 0.0672685 -0.1911285 -0.2352957 0.1103286 -0.0202916 -0.1521226 0.0634534 0.2897138 -0.0222530 0.3947172 -0.1319870 0.1367167 0.3803838 0.1557629 -0.0824404 0.1990551 -0.2890632 -0.3501804 0.0815446 0.1070056 0.2931012 0.0513397 -0.3607812 0.0547775 -0.3390451 0.4221380 0.0739930 -0.1144792 0.3727403 0.2198668 -0.3332350 -0.0617315 0.4841621 0.2519877 -0.3297742 0.1763683 0.1737754 0.1575275 0.1719192 0.0667479 -0.0606145 -0.2098880 -0.1560604 0.0757663 0.3419106 0.4437880 0.6342744 0.3307575 0.6774926 0.5005530 0.5576546 0.4336449 0.3534210 0.4491750 0.3057758 0.6536869 0.1244556 0.1769061 0.3710916 0.3442635 -0.0646681 0.5910874 0.5888941 -0.0048963 0.2143568 0.3183148 0.1584514 0.5854606 0.2150596 0.2037374 -0.3751534 -0.4509080 -0.1681711 0.0054854 0.1989689 0.4002603 0.0537627 -0.2764966 -0.3704063 -0.3828310 -0.0666001 0.1259775 0.3356910 0.6656053 0.0873887 -0.1263864 0.2758650 0.1967417
0.3565827 0.7698703 0.5344612 0.8262846 0.3370543 0.8435596 0.5787261 0.8909483 0.7583724 0.8613503 0.9421881 0.5322916 0.8621743 0.1987568 0.5391680 0.0000000 0.8489164 -0.0314678 0.8040956 0.4564040 0.5261535 0.6119147 0.8785329 0.2015894 0.5842440 0.8413433 0.5403284 -0.3771555 0.5831560 0.3504653 0.4841235 0.2293544 0.2519727 0.5185326 0.7072844 0.6730930 0.4439280 0.5127051 0.5674733 0.3450740 -0.0842628 0.5884185 0.7659917 0.4516262 0.4357300 0.2736342 0.4393748 0.2103937 0.4601993 0.0983072 0.4477457 0.4107564 0.5827666 0.5296280 0.4119399 0.3608773 0.4059271 0.5494679 0.4169296 0.3762816 0.5680340 0.5450866 0.3838048 0.6355536 0.5704037 0.3999898 0.2838874 0.5756742 0.5787093 0.7636504 0.6488369 0.6931402 0.4393490 0.5719576 0.6875338 0.7348360 0.4330648 0.0428092 0.2473181 0.2485448 -0.1351825 0.0206426 0.2210369 0.3394603 0.2477090 0.3467887 0.0786586 0.2455821 0.5552702 0.6881498 0.1345703 -0.0303160 -0.0458771 0.4133901 0.3999578 0.1301534 -0.0208469 -0.3793281 0.2419244 0.2757124 0.3632666 -0.2042372 0.1627930 0.3570610 0.0240586 0.3254120 0.1281144 0.1325186 0.3228418 0.2902628 0.2911054 0.5140179 0.3609292 -0.1921949 -0.1350162 0.1789773 -0.0952800 -0.0377043 0.0468349 0.1888167 -0.0868721 -0.3098944 0.0626002 0.1705276 0.2018308 0.3833205 -0.3383911 0.0014087 0.3231013 0.1604012 0.0152846 -0.2107117 -0.3571848 0.3195531 0.0511755 0.2712161 -0.1260242 0.3600899 -0.2550702 0.5593488 0.2318302 0.1414284 -0.1350329 0.2995711 -0.0503366 0.5551837 -0.0417358 -0.0154053 0.2098003 0.2847610 0.3692721 0.3601457 -0.0094386 0.2010236 -0.1848169 0.4817363 -0.2055864 0.3404303 -0.1412865 0.1064438 0.0237093 0.1032009 0.2564486 0.1045693 -0.0132210 0.5001361 0.4622694 -0.2562178 -0.1564052 0.0113386 0.2991596 -0.1481148 -0.1572426 0.1788263 0.4672012 0.4577984 0.4024470 0.1251315 0.5809780 0.5715322 0.2421923 0.6150496 0.5359834 0.6338176 0.2367699 0.4739279 -0.2231902 0.0882993 0.1407961 0.2007378 0.4176516 0.0262410 0.0841705 0.3375632 0.3799036 0.3115797 0.4261772 0.2088512 -0.1023287 0.4279502 -0.3266704 0.0795806 -0.1696800 0.3441030 0.2747601 0.3424670 0.3081896 0.0972874 -0.4368449 0.0496300 -0.0361489 0.3475329 0.1533498 0.6967041 0.3514210 -0.1202329 -0.0662900 -0.1658993
0.2089497 0.5745072 0.3711118 0.8819587 0.3125686 0.6631935 0.3224682 0.8512110 0.6273466 0.8914965 0.8986776 0.4857146 0.7666664 0.6015993 0.3841102 0.8489164 0.0000000 0.3011233 0.6135992 0.6629803 0.5854711 0.6506861 0.8094617 0.5030427 0.4850262 0.7402826 0.7728410 -0.1394000 0.4999364 0.6597114 0.5289553 0.3024255 0.2949427 0.4775043 0.6799580 0.5955450 0.6221403 0.4893065 0.7635839 0.4537518 -0.0863256 0.4860841 0.8897393 0.5848201 0.3223276 0.3442239 0.5052631 0.2672712 0.6195180 0.1871368 0.5544579 0.6337495 0.6814397 0.7496738 0.5415756 0.4289763 0.5193038 0.7680146 0.2949978 0.5542536 0.5759673 0.7369653 0.5502576 0.8466117 0.7042669 0.5092455 0.4482300 0.7258233 0.5908223 0.8116113 0.5801709 0.7010532 0.5105776 0.7016846 0.6444037 0.7810886 0.6139572 -0.0229650 0.2862412 0.2194249 -0.1479911 -0.2040144 -0.0086486 0.0903527 0.0298074 0.2398331 0.1593254 0.1030501 0.3744999 0.6227671 0.1580542 0.1553718 0.0182535 0.0917622 0.4346164 0.4128661 0.1447847 -0.1299513 0.1585776 -0.0024288 0.1146640 -0.0412808 0.2125925 0.0966807 0.1494480 0.5167977 0.3649165 0.2025953 0.4075982 0.4407468 0.3513684 0.6351293 0.4451890 0.0788494 0.1288106 0.3144863 0.1627869 0.2066489 0.2065109 0.3748857 0.0976321 -0.0285396 0.2077335 0.1883799 0.3317657 0.3745562 -0.3416561 0.2142089 0.3786578 0.1210697 0.0900664 -0.0054760 -0.3704245 0.3726452 0.2675886 0.5233018 0.1203431 0.3261289 -0.0459061 0.5405835 0.5332388 0.2759586 -0.0363786 0.4815343 0.2489528 0.6865048 0.2351586 0.1664408 0.3981171 0.3202568 0.3352015 0.4461680 0.3725391 0.4744624 -0.1514904 0.2085695 -0.0198755 0.5233554 -0.0089152 0.1320760 0.2350419 0.4480934 0.1815477 0.2791783 0.3124281 0.6119405 0.6617231 0.0085080 0.1734266 0.3674519 0.5585241 0.0641502 -0.0694049 0.1619498 0.3780020 0.2711377 0.3651164 -0.0965114 0.5637802 0.3659955 0.0666405 0.4183744 0.3347334 0.4115001 -0.0018983 0.5540127 -0.2671994 0.1299383 0.2244469 0.3360979 0.4201600 0.1487184 0.1692074 0.2851121 0.3175159 0.0441883 0.1590417 0.3059072 -0.1699579 0.3084634 -0.0944886 0.2384280 0.1555048 0.3812614 0.0857106 0.2795785 0.2959091 0.4046778 -0.2242203 0.2672770 0.2087682 0.2016427 -0.0583910 0.6454633 0.4073274 0.0127623 -0.0028130 -0.1528689
