0.0000000 0.6257951 0.5791211 0.2950468 0.4038954 0.2921842 0.0848349 0.3857420 0.1874423 0.0592817 0.3348365 0.2105357 0.4282370 -0.5235107 -0.2665770 0.3888397 0.0681014 -0.4081610 0.4355702 0.3691725 0.4711905 0.5724457 0.2927907 -0.5107203 0.5264165 0.4387327 -0.0080044 -0.4354171 -0.3051006 -0.3797466 0.4662444 0.5324279 -0.3128894 -0.4347935 0.3533008 0.2369165 0.4173820 0.4790058 -0.1633324 -0.3320413 0.6063996 0.2650036 0.0155318 -0.6314094 0.1640578 0.4537630 0.3705930 0.5291342 -0.3786005 0.3804612 0.3449350 -0.1410674 -0.1262985 -0.1455176 0.3863410 0.3719988 0.3722421 -0.3149433 0.1892303 0.3070943 0.1299259 0.1733914 0.4230783 -0.1439126 -0.1759706 0.4209813 0.3449428 0.1898539 0.3640554 0.1415439 0.3783526 0.1875770 0.3248297 0.0744271 0.3384188 0.3210318 0.2013049 0.3201278 0.2564286 -0.0059660 0.2012673 -0.3713049 -0.0772581 -0.0520230 -0.3124917 -0.4282978 -0.1898876 -0.3961709 -0.4442145 -0.4985246 -0.4073637 -0.2074633 -0.1295752 -0.2155446 -0.2880406 -0.4814776 -0.4471611 -0.3163219 -0.4301828 0.0078782 -0.4649825 -0.3850110 -0.0470474 -0.1520568 -0.6086734 -0.3315617 -0.3648412 0.0042580 -0.1952482 -0.1346097 -0.6003900 0.0235534 -0.0875431 -0.1099521 0.1815658 -0.0335867 0.1603737 0.1466524 0.2161845 0.0945039 0.1939607 0.0936011 0.0364816 0.3073136 0.1451367 0.2619155 0.0794911 -0.0221841 -0.0871967 -0.2091869 -0.0447697 -0.0409080 -0.2055940 -0.3724475 -0.2628814 0.0020027 -0.2364075 -0.1465508 -0.1708791 0.0775085 0.0428186 -0.3005957 0.1317672 0.3247688 0.1275598 -0.2400098 -0.3026199 -0.3813166 0.0409900 -0.3620778 0.1740069 0.1912481 -0.2915945 0.0340860 -0.4436175 0.1066985 0.3113535 0.0545569 0.1125329 0.3751275 -0.1383308 -0.0516615 -0.3509022 0.5537468 -0.1211188 0.0383669 0.0012432 0.1685767 0.2670010 0.1465222 0.0837478 0.1211386 0.6585138 -0.1883653 -0.1118653 0.1594797 0.2570952 0.1496635 0.4051071 0.0501355 -0.0503761 0.0236254 0.1255268 0.0858554 0.2090329 0.0282120 0.3275033 0.2391735 0.2782359 0.3218018 0.2353793 0.0267187 -0.1709050 0.3868442 0.3766971 0.1667213 0.2674483 0.1070157 0.0844843 0.2637304 0.3561240 -0.0581958 0.0802188 -0.1067987 0.1028066 0.3094439 -0.1632287 0.2464942 0.2556669 0.0651666 -0.0241539 0.1190851 0.0846827 0.3129959 0.4054373 0.4083010 -0.1039209 -0.1005993
0.6257951 0.0000000 0.5992840 0.7479508 0.3131616 0.6896303 0.5426444 0.7114302 0.2694066 0.5040236 0.6660166 0.6561478 0.6590214 -0.0082228 -0.1179560 0.6287786 0.6571108 -0.3105450 0.7315762 0.0687814 0.8636370 0.6719017 0.5667476 -0.5075478 0.7054783 0.7477458 0.3198024 -0.4325217 -0.0526616 -0.0818518 0.5799840 0.6767249 -0.3483022 -0.1833531 0.5924301 0.6593957 0.7611579 0.7130246 0.1220069 -0.0451087 0.6505897 0.4104018 0.3423590 -0.4500798 0.6315426 0.6780819 0.6545729 0.6128391 -0.2636263 0.7108524 0.6476398 0.2393232 0.3093203 0.2097546 0.6620718 0.6309725 0.6728440 0.0705229 0.4573259 0.6542533 0.6780288 0.5730161 0.5896464 0.2612266 0.3279997 0.5851482 0.6774128 0.6605784 0.5123166 0.6170183 0.5993256 0.5773904 0.6324368 0.4771956 0.6505297 0.7136394 0.6229001 0.7289650 0.6378251 0.5503481 0.5079446 -0.2907106 -0.2155535 -0.3994015 -0.4821872 -0.4838011 -0.4505304 -0.5801128 -0.6048533 -0.4903892 -0.6176815 -0.4729352 -0.2693441 -0.5239805 -0.7215229 -0.4421157 -0.3984885 -0.2749880 -0.6039306 -0.3080035 -0.6138166 -0.3508861 -0.4017721 -0.4245233 -0.5003764 -0.5147687 -0.5578288 -0.5578889 -0.3008914 -0.4461803 -0.4040597 -0.1856272 -0.4654965 -0.5574861 -0.1642258 -0.3507989 -0.2173016 -0.1610930 -0.1279721 -0.1308802 -0.1987443 -0.4027469 -0.0609753 0.3093986 -0.1236451 0.3643224 -0.4457169 -0.2559995 -0.1139679 -0.4341925 -0.3093288 -0.4391305 -0.3379914 -0.2423792 -0.4466562 -0.2477603 -0.3363804 -0.3716237 -0.3142386 -0.0784571 -0.1820278 -0.4442670 -0.1482944 0.7188844 0.1683282 -0.5906773 -0.4906974 -0.5486136 -0.3603679 -0.5069882 0.0426330 0.1173676 -0.5163302 -0.3047797 -0.6394760 -0.1039997 0.1056329 -0.1150340 -0.1267660 0.1441745 -0.4693988 -0.4431835 -0.2665792 0.3836892 -0.4563918 -0.2482264 -0.2228660 -0.1848821 0.1428672 -0.0797096 -0.2051295 -0.1015605 0.7496213 0.3439592 0.5621864 0.5360250 0.5812567 0.1632406 0.7200240 0.1554815 0.1029904 0.1925114 0.4470142 0.0507366 0.4241298 0.4293372 0.5116419 0.4379922 0.6115489 0.5995197 0.0944451 0.6553210 0.5582081 0.5489200 0.5660924 0.5819140 0.5197887 0.4927487 0.4774371 0.3446802 0.4632171 0.3343418 0.0548586 0.1358905 -0.1071749 0.1921397 -0.1206868 0.5621492 0.3063835 0.4941756 -0.1686925 0.1796360 -0.2449732 0.1319469 0.5598040 0.3950336 0.2627936 0.3873002
0.5791211 0.5992840 0.0000000 0.7499268 0.6647674 0.7402623 0.3818597 0.8603705 0.4343706 0.6399517 0.7741939 0.5892064 0.8474569 -0.2615754 -0.1118681 0.7981649 0.5379768 -0.6346880 0.7210940 0.6372902 0.5488270 0.8252374 0.7290280 -0.7117200 0.8026276 0.8536199 0.4013599 -0.6321606 -0.2569236 0.0369427 0.8240250 0.7346921 -0.6905399 -0.3124662 0.7462384 0.1476537 0.7803873 0.7567316 0.4689787 0.3097446 0.7294555 -0.0444363 0.4656080 -0.4132602 0.3350847 0.7516944 0.7801345 0.6724530 -0.3572138 0.6842005 0.7883398 0.5092133 0.3671133 0.4480733 0.7271086 0.6724375 0.6767735 0.1651794 0.3483550 0.7545540 0.5564641 0.6242076 0.6700798 0.4469200 0.4098104 0.5702464 0.6912867 0.5718942 0.5149619 0.7132783 0.6600920 0.6953768 0.7046350 0.6483952 0.5646583 0.6916176 0.5127450 0.6882750 0.6176428 0.3649156 0.5880581 -0.5369370 -0.2979748 -0.2279395 -0.4592375 -0.5353710 -0.0856823 -0.5947007 -0.6538593 -0.6419368 -0.2284739 0.0341839 -0.1560196 -0.4320928 -0.3436040 -0.3384381 -0.3229722 -0.1987565 -0.7008010 -0.1493995 -0.4987192 -0.2550887 -0.1753469 -0.2788356 -0.5420023 -0.3865418 -0.4557186 -0.3842532 -0.2683197 -0.3996516 -0.6079195 -0.0972170 -0.5005867 -0.4699804 -0.0424390 -0.3627480 -0.0839265 0.0022594 0.0152250 -0.0533053 -0.0602033 -0.1162895 0.1881433 0.4906625 0.0137642 0.1684183 -0.2347324 -0.1455416 -0.1453360 -0.4665372 -0.2144400 -0.2965506 -0.3071197 -0.7059091 -0.3639681 -0.2090171 -0.3737523 -0.2845784 -0.2130944 -0.1213965 -0.2184082 -0.3641905 0.1115120 0.3157785 -0.0473846 -0.6373669 -0.3822948 -0.4499958 -0.3333204 -0.3999752 0.1049259 -0.0811080 -0.4841654 -0.3797109 -0.6108599 -0.2790807 0.0326864 -0.2852975 -0.0596805 0.1778620 -0.4315923 -0.2929231 -0.7561220 0.2284750 -0.4120012 -0.4881061 -0.5224177 -0.2079967 0.0448058 -0.0818442 -0.2930061 -0.0864134 0.4478090 -0.2021337 0.0530010 0.3640197 0.4278003 0.1473232 0.5159490 0.1115363 0.1026642 0.0371392 0.1956552 0.0199780 0.5516896 0.5985778 0.6766306 0.6435480 0.5589773 0.4472965 0.2066735 0.4600827 0.2070098 0.4392961 0.2832528 0.0960026 0.1808420 0.5981848 0.4183444 0.1208548 0.5946718 -0.0240513 0.0005372 -0.0586597 0.2744229 0.5834637 -0.1432640 0.5816278 0.5920355 0.1693723 -0.1322228 -0.0392724 0.1290847 0.1757355 0.4521976 0.6189173 -0.1901735 -0.0920513
0.2950468 0.7479508 0.7499268 0.0000000 0.4923035 0.8797169 0.5566068 0.9620338 0.3738369 0.8164860 0.9038287 0.7187848 0.8514051 0.1560100 -0.1684643 0.8434807 0.8214361 -0.5309010 0.8130919 0.2699832 0.6494741 0.7772300 0.8601519 -0.5723197 0.7696125 0.8873521 0.4260749 -0.5655861 -0.0274692 0.1564549 0.7715455 0.7510281 -0.6245496 -0.1346715 0.8661019 0.3909076 0.8850677 0.8295048 0.6173892 0.3880692 0.7111835 0.1612807 0.7167987 -0.2497968 0.6279295 0.8259912 0.9037649 0.6947965 -0.2326319 0.8637314 0.8941043 0.6875035 0.5267517 0.5355707 0.8340215 0.8181810 0.8349734 0.3399280 0.5528997 0.8760030 0.8482321 0.7929865 0.7024826 0.6223482 0.6011072 0.6334673 0.8388020 0.8589103 0.6224637 0.8911743 0.7581407 0.7858028 0.8569443 0.7637015 0.7357262 0.9043266 0.7198525 0.8979000 0.8297592 0.7267592 0.7839952 -0.3824211 -0.4716164 -0.3692264 -0.5047618 -0.5483752 -0.2832167 -0.6030916 -0.7138161 -0.5447486 -0.3337166 -0.2529304 -0.2251732 -0.4881030 -0.6055034 -0.3849063 -0.2568446 -0.1768231 -0.7069448 -0.3230304 -0.4422563 -0.2852856 -0.3496266 -0.4176148 -0.4404351 -0.5512990 -0.5519560 -0.7507085 -0.4117911 -0.6105797 -0.4561416 -0.3835292 -0.6713957 -0.7028319 -0.3802886 -0.5898430 -0.4190626 -0.2510121 -0.3092851 -0.4013147 -0.4127357 -0.5269409 -0.0531804 0.3941681 -0.2995612 -0.0594385 -0.5798246 -0.3769576 -0.4326006 -0.5593324 -0.5051806 -0.6135285 -0.3728904 -0.4661113 -0.5868217 -0.4981765 -0.5372956 -0.5789729 -0.5210663 -0.3854304 -0.5134600 -0.5558623 -0.1929190 0.3902806 -0.2410836 -0.7962810 -0.6275511 -0.6749464 -0.5769279 -0.5026748 -0.0007345 -0.2667984 -0.7240625 -0.6229741 -0.6301329 -0.3988262 -0.1272445 -0.5661548 -0.2403982 0.0028292 -0.6943128 -0.5541495 -0.5905212 0.1065930 -0.7477871 -0.6360212 -0.6587294 -0.4575860 -0.0958652 -0.2145570 -0.6448045 -0.2147163 0.4050049 0.1821992 0.4724779 0.5558541 0.5936468 0.2993504 0.6382203 0.2792784 0.2561395 0.2253207 0.4646893 0.0863063 0.6300826 0.7099450 0.7313560 0.7112806 0.6878725 0.5203971 -0.1289516 0.7508665 0.6699254 0.3557466 0.1150044 0.1750924 0.2254883 0.7423508 0.7162535 -0.1030734 0.4599995 0.2808712 0.0492648 0.0385806 0.0789428 0.4733712 -0.2740760 0.5665731 0.3292919 0.4887885 -0.2052876 -0.2287082 -0.0341890 -0.0057984 0.3207036 0.4189627 0.0536266 0.0738999
0.4038954 0.3131616 0.6647674 0.4923035 0.0000000 0.6030329 0.3847616 0.6496703 0.1751249 0.4319630 0.6595677 0.6191935 0.7520690 -0.0834451 -0.2558455 0.6845669 0.2813212 -0.4722442 0.6325210 0.4246568 0.3209003 0.7530395 0.6129243 -0.7697131 0.7188026 0.6794173 0.3027558 -0.5663117 -0.2018059 -0.1477890 0.7705699 0.8462617 -0.7195411 -0.2830542 0.5768368 -0.1206045 0.7498575 0.7655458 0.4623120 0.1913645 0.7687213 -0.0328792 0.4227740 -0.2712088 0.3946517 0.7444509 0.7002937 0.7768398 -0.2411949 0.7205659 0.6572680 0.3669616 0.3321092 0.4101753 0.7732482 0.7531635 0.7703772 0.1814806 0.4315221 0.6828215 0.4923140 0.3863045 0.8504904 0.2953812 0.1624541 0.7857773 0.5755385 0.3681954 0.7353451 0.5005987 0.7131475 0.5039991 0.5257750 0.5463450 0.6625521 0.5131978 0.3747423 0.5791664 0.5793440 0.3380478 0.7368737 -0.7193648 -0.6092367 -0.4242619 -0.6847065 -0.5396178 0.0139945 -0.6781960 -0.7090218 -0.7828855 -0.1250739 -0.1726675 -0.2007863 -0.1321440 -0.2915199 -0.5160619 -0.3390695 -0.2468046 -0.6575961 0.2402606 -0.6266258 -0.5178733 -0.0727803 -0.4237299 -0.6005276 -0.4169030 -0.4339847 -0.4553596 -0.3032250 -0.4355009 -0.5932357 -0.2467093 -0.5433067 -0.4675002 -0.4449498 -0.5535260 -0.3850260 -0.4396871 -0.3586335 -0.3472755 -0.2974633 -0.1989108 0.0678706 0.1753786 -0.2778817 -0.3518416 -0.2441565 -0.3290550 -0.3770693 -0.4260171 -0.4173752 -0.4185136 -0.3348417 -0.6274043 -0.4389748 -0.3936650 -0.4772777 -0.4965251 -0.3526229 -0.2696880 -0.2712943 -0.4767299 -0.1432732 0.0628032 -0.4228305 -0.4067913 -0.4773310 -0.5242590 -0.3507059 -0.3645572 -0.1406186 -0.3177112 -0.4731052 -0.2243154 -0.5959155 -0.2269723 0.0314316 -0.5314944 -0.1281388 -0.0227180 -0.5015651 -0.4178098 -0.7683142 0.0928795 -0.5442763 -0.5463428 -0.5482709 -0.1709694 -0.0684588 -0.1555975 -0.4409347 -0.1588240 0.2481417 -0.0385286 0.1428956 0.5576617 0.5311661 0.6740918 0.4315181 0.3553582 0.4307183 0.4386561 0.3917100 0.5436521 0.7699000 0.5606747 0.8255013 0.8400572 0.3936001 0.2638606 -0.0360971 0.2838990 0.2223707 0.2697466 -0.1303150 -0.1887053 -0.2698188 0.2958334 0.6251012 -0.3453141 0.2932001 -0.1021403 -0.2476289 -0.5110976 0.5356527 0.9065107 -0.5236827 0.0273026 0.2704601 0.1527135 -0.3593597 -0.2916385 0.4150216 -0.0256624 -0.1185462 0.2876600 -0.5247258 -0.3560687
0.2921842 0.6896303 0.7402623 0.8797169 0.6030329 0.0000000 0.5105582 0.8480515 0.5332042 0.8847636 0.8546223 0.7877893 0.7855949 0.2128728 0.0028957 0.7797413 0.8445931 -0.3805713 0.6606416 0.2033462 0.6256262 0.7292797 0.8159621 -0.5980012 0.6941486 0.8787237 0.6741029 -0.4693855 -0.0014906 0.1758010 0.7623757 0.7137210 -0.6122090 -0.0620861 0.8031419 0.2448717 0.8520506 0.7421110 0.6158049 0.2755486 0.7020875 -0.0310449 0.6715430 -0.2543545 0.5220500 0.6946342 0.7737922 0.6257505 -0.1210018 0.7727397 0.8214170 0.6387550 0.6200586 0.6044008 0.7625133 0.7016901 0.7402367 0.4249418 0.3967530 0.8394274 0.7718259 0.7702160 0.7196626 0.7090083 0.6539662 0.5957734 0.7671282 0.8038258 0.5456061 0.9207282 0.7338757 0.8672784 0.7851531 0.8525847 0.6451002 0.8029470 0.7695353 0.8421971 0.8467739 0.7886947 0.8127182 -0.6490936 -0.6948319 -0.5581446 -0.6682531 -0.6641065 -0.3166149 -0.7420404 -0.8089251 -0.7190040 -0.2292124 -0.2246509 -0.3253908 -0.5019210 -0.5926166 -0.3026629 -0.3744918 -0.2396127 -0.7602232 -0.2045717 -0.6390112 -0.2854234 -0.5270086 -0.5257620 -0.4138809 -0.4766000 -0.6511314 -0.8159723 -0.4700641 -0.7229890 -0.4715385 -0.5306858 -0.6263260 -0.6643302 -0.4445978 -0.5653870 -0.4017828 -0.2232850 -0.2831795 -0.3615009 -0.3618420 -0.4792412 -0.1734603 0.4682343 -0.3252868 -0.0088848 -0.5726890 -0.5248053 -0.4164893 -0.5200375 -0.4485839 -0.5536449 -0.4505731 -0.4391998 -0.5113508 -0.5870381 -0.5329394 -0.5519022 -0.4469526 -0.4617405 -0.4059434 -0.6219737 -0.3473144 0.3265066 -0.1737926 -0.7915065 -0.6421681 -0.6771184 -0.6796817 -0.6109535 -0.2385113 -0.3475504 -0.6778281 -0.5966034 -0.7436186 -0.5224561 -0.2932867 -0.5160895 -0.4329756 -0.2561732 -0.5764249 -0.7231578 -0.6520132 -0.0880412 -0.6443531 -0.7084486 -0.7049098 -0.5781350 -0.3412633 -0.4977100 -0.6274916 -0.5146036 0.4982652 0.3332922 0.5343949 0.6019429 0.5869646 0.2155393 0.5415417 0.0249124 0.1309438 0.0427125 0.2329044 -0.0108224 0.6579300 0.8231910 0.7262056 0.7214798 0.7997921 0.6554204 -0.1735901 0.7905295 0.6625031 0.2225783 0.0845294 0.0429272 0.2027629 0.7775913 0.7766758 -0.0999226 0.4555806 0.2202282 -0.0024264 0.0203096 0.0938975 0.5339073 -0.3157329 0.5520142 0.3675251 0.4554203 -0.2821946 -0.2402617 -0.1190654 -0.0742685 0.2666879 0.2624857 -0.0190809 0.1755444
0.0848349 0.5426444 0.3818597 0.5566068 0.3847616 0.5105582 0.0000000 0.5668535 -0.0542397 0.3299789 0.4627383 0.7345691 0.5351492 0.4816124 -0.1256215 0.3633211 0.3894147 0.0161245 0.4590237 -0.1294311 0.6266989 0.2591179 0.3127115 -0.1685643 0.3905403 0.4518188 0.3770552 0.0123374 0.1102673 0.2899689 0.2582208 0.4913804 -0.0727996 0.1929068 0.3891392 0.3375884 0.5744273 0.5388927 0.3404077 0.4781351 0.2526219 0.1058008 0.2649793 0.2133507 0.6087432 0.5191617 0.5319872 0.4254015 0.1456470 0.6102403 0.5015669 0.3266551 0.4361844 0.3087015 0.5170715 0.5324540 0.5255970 0.3357809 0.3797280 0.4840982 0.6551975 0.3074525 0.4830775 0.3896640 0.4126434 0.3638691 0.4253322 0.3277747 0.4460437 0.4606553 0.2858844 0.4767291 0.3104350 0.5776402 0.4447010 0.5026553 0.5672938 0.4770232 0.5834387 0.5703367 0.5837821 -0.4024108 -0.3637924 -0.5921250 -0.6785992 -0.3956259 -0.2322135 -0.6765872 -0.6146518 -0.5470568 -0.3949126 -0.3882360 -0.2350792 -0.4239539 -0.5988930 -0.2968374 -0.2465186 -0.2494514 -0.6138162 -0.3127847 -0.6004029 -0.3855674 -0.3133695 -0.3823843 -0.3278365 -0.4727448 -0.4687836 -0.6390390 -0.2457275 -0.4327572 -0.2960960 -0.2059865 -0.6398390 -0.5807005 -0.5370232 -0.5505147 -0.3160804 -0.3941036 -0.2465832 -0.2514471 -0.3265316 -0.2970208 -0.0206122 0.3632843 -0.2235846 0.0257440 -0.4947487 -0.2902853 -0.1109448 -0.3865498 -0.4360156 -0.3964852 -0.4059097 -0.3992807 -0.3368669 -0.2264083 -0.4353991 -0.4327525 -0.4218527 -0.1861558 -0.1642608 -0.2640482 -0.1468149 0.4356951 -0.2093280 -0.4128797 -0.3637210 -0.3578858 -0.3985790 -0.2997150 -0.2444809 -0.0159633 -0.2737630 -0.1779811 -0.3660431 -0.0667532 0.0933182 -0.3729218 0.0702699 -0.0680525 -0.4533468 -0.3757323 -0.2378615 0.2286622 -0.4836549 -0.4605899 -0.3037696 -0.1460985 0.1561972 0.0173006 -0.2491771 -0.1211103 0.1997293 0.2657355 0.6753073 0.7073459 0.7364335 0.4433700 0.7386415 0.4480089 0.4421989 0.4130146 0.4487890 0.1142138 0.4316599 0.5968424 0.5720916 0.6218121 0.5057496 0.4324456 0.1036728 0.6244681 0.5373592 0.5467182 0.3365033 0.4604960 0.2269653 0.3622488 0.6209546 -0.0590033 0.1274687 0.3952435 -0.1259865 -0.1067022 0.2037840 0.2939779 -0.2558711 0.1362713 0.0912073 0.6245496 -0.1991625 0.0541111 0.0339759 -0.0998857 0.1845744 0.0939404 0.1276736 0.1503133
0.3857420 0.7114302 0.8603705 0.9620338 0.6496703 0.8480515 0.5668535 0.0000000 0.3206943 0.7529032 0.9196016 0.7343887 0.9457092 0.0474033 -0.2028600 0.8944092 0.7391232 -0.5971798 0.8793482 0.4357931 0.6180967 0.8738747 0.8657510 -0.6798179 0.8696084 0.9206826 0.4306338 -0.6201305 -0.1248942 0.1298490 0.8685009 0.8499514 -0.7239129 -0.2410106 0.8543498 0.2849091 0.9220987 0.9102321 0.6218830 0.4262577 0.8000131 0.1252112 0.6694690 -0.3033963 0.6245932 0.9115621 0.9491763 0.8022810 -0.3324224 0.9081078 0.9165604 0.6449469 0.4787166 0.5151410 0.9039367 0.8816647 0.8860788 0.2717492 0.5772548 0.8924110 0.8194491 0.7243412 0.7849971 0.5562903 0.5343517 0.7150493 0.8325844 0.7743052 0.6953547 0.8469338 0.7938419 0.7613361 0.8368196 0.7468479 0.7716416 0.8735258 0.6398906 0.8725217 0.7960813 0.6080500 0.7744320 -0.4364632 -0.4321156 -0.3545925 -0.5318127 -0.5568389 -0.1623600 -0.6327912 -0.7331306 -0.6085543 -0.3272949 -0.1957445 -0.1820804 -0.4222206 -0.5421347 -0.4631072 -0.2727355 -0.1848691 -0.7417395 -0.2033599 -0.4885908 -0.3469894 -0.2379170 -0.3722290 -0.5576136 -0.5583534 -0.5345508 -0.6732100 -0.3652927 -0.5430729 -0.5633611 -0.2843318 -0.7116089 -0.6876062 -0.3277205 -0.6092072 -0.3801819 -0.2625872 -0.2769544 -0.3372521 -0.3547395 -0.4338312 0.0490570 0.3852003 -0.2236141 -0.0727287 -0.4911910 -0.3094072 -0.3644714 -0.5807989 -0.4616976 -0.5945845 -0.3526469 -0.5890116 -0.5798260 -0.4179030 -0.5137385 -0.5228123 -0.4449379 -0.2800545 -0.4564562 -0.4992175 -0.0974665 0.4020888 -0.2360349 -0.7436405 -0.5609940 -0.6290435 -0.5143682 -0.4715343 0.0635580 -0.2008827 -0.6760735 -0.5289384 -0.6694874 -0.3028895 -0.0136506 -0.5422520 -0.1408659 0.1122877 -0.7178436 -0.4797210 -0.6681945 0.1952855 -0.7268436 -0.6007059 -0.6304031 -0.3420457 0.0137738 -0.0983760 -0.5738753 -0.1040783 0.3748334 0.0185557 0.3410241 0.5390993 0.5858838 0.3838020 0.6367617 0.3552140 0.3446994 0.2918358 0.4846752 0.1800680 0.6879084 0.7028539 0.7992094 0.7693960 0.6142018 0.4513722 -0.0313208 0.6479364 0.5378086 0.4165011 0.1346967 0.1496508 0.1371380 0.6670016 0.6651573 -0.0957819 0.5081086 0.1705967 -0.0337335 -0.0803504 0.2661115 0.6224340 -0.2812427 0.5230529 0.4062825 0.3893257 -0.2539779 -0.1928463 0.1416457 0.0806242 0.3141880 0.5082653 -0.1114370 -0.0496129
0.1874423 0.2694066 0.4343706 0.3738369 0.1751249 0.5332042 -0.0542397 0.3206943 0.0000000 0.6475268 0.4144533 0.3276329 0.2169308 -0.0605890 0.5796873 0.4066773 0.4642274 -0.0326303 0.2581837 0.2088201 0.3911277 0.3198905 0.3486043 -0.1599922 0.3753785 0.4680914 0.3865996 -0.2121074 0.2198854 0.1355069 0.3155432 0.2525214 -0.1794185 0.1219983 0.3742184 0.1989617 0.3628233 0.2498677 0.1293351 -0.0365524 0.2848573 -0.0633953 0.2163558 -0.1669711 -0.1075806 0.1869911 0.2479256 0.1486167 0.1046342 0.1832444 0.3437457 0.2601917 0.3706706 0.3817429 0.2508573 0.0983998 0.1634737 0.3552009 0.1441007 0.3798040 0.2093676 0.3898539 0.1106304 0.4479594 0.4303906 0.1972342 0.3938507 0.4779379 -0.0986398 0.5193984 0.4378113 0.4641128 0.4767241 0.4963197 0.0762345 0.4672081 0.4768337 0.3858249 0.4640948 0.4089920 0.3459123 -0.4494404 -0.5033819 -0.4598088 -0.3736522 -0.6234030 -0.5556168 -0.2591696 -0.4279228 -0.4308641 -0.1998310 0.0443757 -0.4424880 -0.4790193 -0.2434633 0.1207606 -0.5430558 -0.5194171 -0.3632350 -0.0765778 -0.3112742 -0.2239603 -0.6590809 -0.0974202 -0.1296888 -0.0079542 -0.5788156 -0.2660746 -0.4899594 -0.5523361 -0.3717744 -0.5236807 0.1496443 0.0034501 0.0161686 0.1674418 0.1389688 0.2685874 0.1816002 -0.0364562 0.1631120 0.1164375 -0.3945102 0.2569462 -0.0720591 0.2363298 -0.0239243 -0.5335297 -0.2121464 0.0647062 0.0119498 -0.2710035 -0.0016208 -0.0670054 -0.1671330 -0.3887914 -0.0603884 -0.2174303 -0.0809142 -0.3066995 -0.2437633 -0.3375895 -0.3127027 -0.0095433 0.0202712 -0.3297436 -0.3160694 -0.2435584 -0.4046716 -0.1580971 -0.0506133 -0.3895724 -0.3334718 -0.5527275 -0.3814585 -0.7454771 -0.6016556 -0.1457470 -0.6785738 -0.4455876 0.0174144 -0.3674686 -0.4434405 -0.5054828 -0.0812790 -0.4496091 -0.5230526 -0.6152124 -0.6231329 -0.6862019 -0.2268881 -0.5224007 0.2957794 0.1622620 0.0939432 0.2363527 0.1784117 -0.2860681 0.0681917 -0.6922628 -0.4915793 -0.5857275 -0.2327736 -0.3511726 0.3248607 0.3484825 0.2190701 0.2481092 0.5383857 0.4558098 -0.0561903 0.3307231 0.1194390 -0.0140494 0.1113073 -0.1484292 0.2820700 0.5258893 0.3419502 0.1192874 0.4299027 -0.1191073 0.0396035 0.2122016 -0.4253713 0.1136190 -0.1300322 0.5010910 0.4036520 0.0844525 -0.1871512 -0.2283602 -0.5945332 -0.3272249 0.1946232 0.0211179 0.2260875 0.3212508
0.0592817 0.5040236 0.6399517 0.8164860 0.4319630 0.8847636 0.3299789 0.7529032 0.6475268 0.0000000 0.8636116 0.5968929 0.5956002 0.2452768 0.1701842 0.8039263 0.8707722 -0.3092611 0.5539944 0.2486729 0.4681859 0.6173423 0.8549093 -0.4416501 0.5770468 0.8404790 0.5489407 -0.4190336 -0.0103731 0.3597331 0.6612039 0.5559275 -0.5716235 -0.0730167 0.8410711 0.1917424 0.7561733 0.5767921 0.7124622 0.3114201 0.5695440 -0.0970163 0.7695468 -0.1604609 0.2615095 0.5518623 0.7317470 0.4352195 -0.1365826 0.6239427 0.8320214 0.7187193 0.4680650 0.6121877 0.6216775 0.5516349 0.6159146 0.4136693 0.2513321 0.8388766 0.5906961 0.8149214 0.5267627 0.6312379 0.5466900 0.4389713 0.7699821 0.7710279 0.3294209 0.8510190 0.6402999 0.7013624 0.7512199 0.6977992 0.4608725 0.6686141 0.5814895 0.6910771 0.6460735 0.6574455 0.7307216 -0.5063278 -0.5881649 -0.3783600 -0.4705656 -0.4833773 -0.2323443 -0.6136292 -0.6338468 -0.5500935 -0.0643829 -0.0641949 -0.2384633 -0.6340309 -0.4312538 -0.1006215 -0.2566851 -0.1210098 -0.6641629 -0.3646844 -0.4508580 -0.0526234 -0.4496092 -0.5286657 -0.2223182 -0.3576535 -0.4452954 -0.7130812 -0.3070855 -0.5664455 -0.2754496 -0.3834306 -0.5196460 -0.5993275 -0.2724161 -0.4312985 -0.4204479 -0.1560700 -0.2529886 -0.3088680 -0.4237651 -0.4907766 -0.0587820 0.2439909 -0.2989750 -0.0387420 -0.5968187 -0.4169878 -0.3613162 -0.5133011 -0.4379019 -0.5342275 -0.3335033 -0.4169560 -0.3812508 -0.5059914 -0.4238242 -0.4821360 -0.3597671 -0.4198741 -0.3986625 -0.5137287 -0.2868672 0.1047873 -0.2879124 -0.7670296 -0.5831192 -0.5608062 -0.6310451 -0.4704332 -0.1829327 -0.3606797 -0.6829874 -0.6626493 -0.6206465 -0.6089865 -0.3544695 -0.5171539 -0.5230213 -0.3030648 -0.4789491 -0.6700176 -0.6258423 -0.2299004 -0.6172722 -0.7184376 -0.7790650 -0.6830433 -0.4946444 -0.5724454 -0.6845527 -0.5931193 0.3177310 0.2963547 0.4378460 0.5759344 0.5538432 0.0732017 0.4850558 -0.0972699 -0.0730282 -0.0649800 0.1542614 -0.1437309 0.4718092 0.6256263 0.4920053 0.5747101 0.6037508 0.3934191 -0.0727842 0.6393320 0.6359233 0.2542113 0.0490107 0.0255333 0.0644090 0.6741900 0.6759111 -0.1374835 0.5277253 0.3098258 0.2080609 0.2460417 -0.0554290 0.3538750 -0.1267048 0.5924377 0.4912489 0.4996863 -0.0868000 -0.1697720 -0.1952500 -0.3475878 0.1471789 0.3855247 0.1321547 0.1274710
0.3348365 0.6660166 0.7741939 0.9038287 0.6595677 0.8546223 0.4627383 0.9196016 0.4144533 0.8636116 0.0000000 0.6665871 0.8132944 0.0810206 -0.0910503 0.9817867 0.7969449 -0.4915249 0.8370070 0.3771522 0.5585139 0.8500687 0.9499772 -0.6629598 0.8327845 0.9673364 0.4348441 -0.6069801 -0.1393326 0.1864386 0.8372367 0.8389056 -0.7599600 -0.3063154 0.9094469 0.2374916 0.9376312 0.8434213 0.6570042 0.3278681 0.7906163 0.1674496 0.7515459 -0.3369642 0.5219903 0.8363531 0.9423502 0.7302039 -0.3763127 0.8551097 0.9601698 0.6493281 0.3589268 0.5302883 0.8499955 0.8163837 0.8767914 0.2514752 0.5246569 0.9496934 0.7133428 0.7966270 0.7771675 0.4597781 0.4055274 0.7327896 0.8910843 0.8099123 0.6626367 0.8171482 0.8305687 0.6660369 0.8585294 0.6461284 0.7261043 0.7618304 0.5097775 0.8012485 0.6863334 0.5421576 0.7994280 -0.5452932 -0.4918666 -0.3192337 -0.5436338 -0.4697754 -0.0810040 -0.7312117 -0.7253419 -0.6736686 -0.2049730 -0.1579134 -0.1263468 -0.5740422 -0.4651918 -0.3670880 -0.2409467 -0.0977374 -0.7525320 -0.3003085 -0.5864215 -0.2238967 -0.1899232 -0.5742435 -0.4902747 -0.4993583 -0.4145071 -0.6478154 -0.2480680 -0.4680367 -0.4584436 -0.2144148 -0.6788183 -0.6832862 -0.2726100 -0.5668670 -0.4561456 -0.3062298 -0.3032777 -0.3238415 -0.4367275 -0.4726249 0.1269098 0.2039590 -0.2548173 -0.1411841 -0.5270414 -0.2914826 -0.3847298 -0.6355949 -0.5258896 -0.5757541 -0.3514839 -0.6347326 -0.4728613 -0.4142789 -0.5029834 -0.5497855 -0.4328623 -0.3094553 -0.3531856 -0.5458986 -0.1063284 0.2522625 -0.3588817 -0.7408762 -0.6274163 -0.6436265 -0.4905980 -0.4870701 -0.0349346 -0.2050009 -0.7319899 -0.4653633 -0.6970266 -0.3355104 0.0131560 -0.5495220 -0.2151154 0.0152686 -0.6299997 -0.5269300 -0.7121299 0.1504511 -0.7189579 -0.6089266 -0.6541677 -0.3693513 -0.0983041 -0.2002303 -0.6033901 -0.2428044 0.3551082 0.1255430 0.3873095 0.6352168 0.6663140 0.3979652 0.6726937 0.2463945 0.1596941 0.2654228 0.4906807 0.1857975 0.6495313 0.5840619 0.6838950 0.7246779 0.5109935 0.3038438 0.0401275 0.5546178 0.5647209 0.4661405 0.1039179 0.1236432 -0.0499622 0.5151782 0.6763506 -0.1954644 0.4610923 0.2215002 0.0491703 -0.0461450 0.1890107 0.5690007 -0.2507615 0.4366912 0.4021029 0.4607977 -0.2177747 -0.1725689 0.0969013 -0.2288734 0.1286307 0.5281205 -0.0157096 -0.0865319
0.2105357 0.6561478 0.5892064 0.7187848 0.6191935 0.7877893 0.7345691 0.7343887 0.3276329 0.5968929 0.6665871 0.0000000 0.7696124 0.3650381 0.0318636 0.5871641 0.6126056 -0.1012713 0.6710570 0.1011242 0.8172686 0.6165053 0.5765191 -0.4756352 0.6966041 0.7246267 0.4875775 -0.3127116 0.2962413 0.0341218 0.5957724 0.7493839 -0.3343550 0.2312601 0.5799538 0.4769972 0.8316546 0.7720439 0.4583462 0.2972142 0.5857527 0.0848686 0.5054424 0.0674770 0.6803274 0.7278358 0.6745477 0.6625897 0.1645946 0.7663157 0.6651688 0.4986832 0.7494353 0.5483381 0.7658754 0.7200948 0.7544436 0.5288529 0.4549110 0.7502350 0.8415990 0.5038563 0.6466932 0.6388386 0.6314453 0.6639086 0.6592387 0.6378217 0.5571684 0.7701844 0.6458163 0.7841255 0.5996121 0.8221007 0.6699794 0.7713965 0.8145435 0.7424991 0.8522533 0.7625931 0.7274593 -0.5464707 -0.5691823 -0.7694850 -0.7989084 -0.6465312 -0.3906538 -0.7040441 -0.7697917 -0.7036055 -0.4111111 -0.4284368 -0.4860222 -0.2820777 -0.7244987 -0.3863800 -0.4409287 -0.4340135 -0.6900382 0.0557648 -0.6594508 -0.5336540 -0.4675693 -0.3532749 -0.4427027 -0.5247815 -0.6708112 -0.7480773 -0.5586794 -0.6140918 -0.4379913 -0.4979506 -0.6320863 -0.6496795 -0.5978018 -0.6475916 -0.4501334 -0.4197876 -0.4077325 -0.3817127 -0.3646548 -0.4321630 -0.2315000 0.4094537 -0.4226834 0.0313137 -0.4807452 -0.5641927 -0.3169860 -0.3757480 -0.4403267 -0.5614072 -0.3300492 -0.2523343 -0.5969581 -0.5228528 -0.4417511 -0.5799883 -0.4516689 -0.3779137 -0.4825437 -0.5800476 -0.5230838 0.4939940 -0.1442735 -0.5457096 -0.5454108 -0.5827228 -0.7148367 -0.4953167 -0.2987136 -0.3026166 -0.5029341 -0.5065129 -0.5829189 -0.4449750 -0.2958263 -0.4182267 -0.4136270 -0.2935232 -0.5602550 -0.6205923 -0.4053484 -0.0925432 -0.5798170 -0.5830707 -0.5025633 -0.4567653 -0.1484352 -0.3404291 -0.4079742 -0.3116334 0.5060386 0.4353300 0.6344140 0.7057437 0.6773621 0.4272642 0.6358053 0.2458764 0.4942200 0.3607873 0.4691498 0.2844396 0.7037481 0.7707283 0.7326741 0.7251155 0.7479653 0.6917568 -0.0707938 0.7870312 0.6381340 0.4000125 0.2307190 0.3190415 0.2948362 0.6671762 0.7488226 -0.0040848 0.4135313 0.3015060 -0.1547041 -0.1240085 0.2036696 0.4940209 -0.4627773 0.4555824 0.3478492 0.4837578 -0.3439660 -0.1370328 -0.1338954 -0.0180994 0.1412445 0.0678510 -0.0863979 0.2923361
0.4282370 0.6590214 0.8474569 0.8514051 0.7520690 0.7855949 0.5351492 0.9457092 0.2169308 0.5956002 0.8132944 0.7696124 0.0000000 -0.0144701 -0.2089967 0.8095762 0.6291346 -0.5785537 0.8864413 0.4727476 0.5796172 0.9088339 0.7640302 -0.7324772 0.9045497 0.8506913 0.4414162 -0.6084764 -0.1096852 0.0133144 0.9079704 0.8937967 -0.7347110 -0.2391169 0.7137770 0.2121025 0.8883934 0.9500794 0.5472907 0.3892836 0.8503747 0.0840461 0.5572344 -0.3097844 0.6735756 0.9460382 0.8879856 0.8950477 -0.3323643 0.9159396 0.8100137 0.5449338 0.5146073 0.4906227 0.9429399 0.9149942 0.8911520 0.2567358 0.5976497 0.8064815 0.8138790 0.5649092 0.8417998 0.5257793 0.5234733 0.7797698 0.7141247 0.6477344 0.7611478 0.7730708 0.7798163 0.7511305 0.7236814 0.7374115 0.8065691 0.8205865 0.6005554 0.8279972 0.7855297 0.5503295 0.7062969 -0.4214324 -0.4051422 -0.4257367 -0.5579086 -0.5823731 -0.1137377 -0.5828565 -0.7086903 -0.6039725 -0.3705780 -0.2482994 -0.2201700 -0.2009034 -0.5218553 -0.5716439 -0.3057796 -0.2411803 -0.6698281 0.0610105 -0.5089641 -0.4743213 -0.2052984 -0.2582274 -0.6586769 -0.5643320 -0.5707676 -0.6255107 -0.4027817 -0.5180707 -0.6410604 -0.3019735 -0.7121019 -0.6394154 -0.3586722 -0.6371602 -0.3535738 -0.3172867 -0.3135464 -0.3310063 -0.2932285 -0.3641327 0.0047122 0.3631598 -0.2317237 -0.0958822 -0.3774358 -0.3338698 -0.3264655 -0.5223329 -0.3939078 -0.6011732 -0.3298245 -0.5093991 -0.6184915 -0.4166141 -0.4712131 -0.4654714 -0.3642848 -0.2172432 -0.4342308 -0.4756345 -0.1498992 0.4605649 -0.1488943 -0.6450490 -0.4738599 -0.5837087 -0.5106181 -0.4789820 0.0526824 -0.1829412 -0.5834094 -0.4316344 -0.6789403 -0.2168414 0.0030669 -0.4832724 -0.1184291 0.1293988 -0.7448572 -0.4575469 -0.6185336 0.1875716 -0.6694165 -0.5109939 -0.5180056 -0.2411784 0.0979092 -0.0353990 -0.4684089 -0.0035693 0.3860418 -0.0132823 0.2770376 0.4648566 0.4873204 0.4599850 0.5216455 0.3988901 0.5076279 0.3669091 0.4862921 0.3209251 0.7517029 0.7208153 0.8536354 0.7747443 0.5706920 0.4618073 -0.0941200 0.5876195 0.4452984 0.3241760 0.0896464 0.1031311 0.0971192 0.6080667 0.6107708 -0.0698383 0.5022655 0.0446094 -0.2010873 -0.2355338 0.4247820 0.7389441 -0.3634328 0.4415538 0.3978257 0.2314612 -0.3856749 -0.1989436 0.2479916 0.2685876 0.2750549 0.4159923 -0.3016232 -0.0467676
-0.5235107 -0.0082228 -0.2615754 0.1560100 -0.0834451 0.2128728 0.4816124 0.0474033 -0.0605890 0.2452768 0.0810206 0.3650381 -0.0144701 0.0000000 0.2050900 -0.0602591 0.3499299 0.5829706 -0.1154791 -0.4651798 0.0799341 -0.2171613 0.0819902 0.4227229 -0.1794349 -0.0344469 0.3775607 0.5401624 0.5192512 0.5217399 -0.1835078 -0.0625874 0.3426998 0.6099995 0.0536532 0.0920287 0.0560962 -0.0031977 0.4521089 0.3637032 -0.1589058 -0.1078855 0.3630961 0.6892374 0.2575786 -0.0337600 0.0083566 -0.0582325 0.5469304 0.1025121 0.0463700 0.2839392 0.3684143 0.2197885 0.0259329 0.0236605 0.0244401 0.4721666 -0.0515501 0.0932675 0.2618986 -0.0243870 -0.0798600 0.4308518 0.3647489 -0.1255372 -0.0434226 0.1157514 -0.0661206 0.2084007 -0.1530978 0.1500940 -0.1073063 0.2739521 -0.0417418 0.0201116 0.2162525 -0.0108634 0.1584878 0.3898546 0.1347369 -0.0777036 -0.3587767 -0.4454233 -0.3323476 -0.1038430 -0.0863085 -0.2306688 -0.2289539 -0.1104243 0.0906172 -0.2743952 -0.2363985 -0.0232012 -0.2947176 0.0296535 -0.0467130 -0.0940771 -0.1223706 -0.0912347 -0.1388283 -0.1184890 -0.2736953 -0.0779372 0.1222942 -0.1808987 -0.1694929 -0.5708614 -0.1667911 -0.2139640 0.1776524 -0.3522896 -0.4413229 -0.4469670 -0.5200201 -0.4828981 -0.5116770 -0.3293024 -0.4054659 -0.3350823 -0.4625292 -0.5163193 -0.3193571 -0.0084099 -0.3853772 -0.2167520 -0.5029912 -0.3551929 -0.2015180 -0.1715341 -0.3176599 -0.3456374 -0.0966551 0.2280061 -0.3514913 -0.3592744 -0.1792385 -0.2555007 -0.2552436 -0.3027493 -0.4249519 -0.1618815 -0.5867545 0.0307389 -0.2703298 -0.1659226 -0.2044612 -0.1757400 -0.5638625 -0.2484515 -0.5217237 -0.2778735 -0.1627824 -0.2838626 -0.1341730 -0.2222772 -0.3637428 -0.4011883 -0.3660172 -0.5616938 -0.3902468 -0.4653558 0.2625392 -0.3806972 -0.4008663 -0.3158398 -0.2042421 -0.4328066 -0.3473470 -0.3263225 -0.3959128 -0.4412208 -0.1323737 0.4697693 0.5180718 0.2890794 0.2443360 0.0963496 0.1310821 0.1516510 0.3255221 0.1424108 0.0957463 -0.1040371 -0.0092506 0.2708046 -0.0266016 0.0337546 0.1693054 0.1251484 -0.2233853 0.3425933 0.4826713 -0.0749350 -0.1406321 0.1176319 -0.0086787 0.1345163 0.3176020 -0.2617048 -0.0787358 0.5059014 0.0256411 0.1154674 0.1839778 -0.1613832 -0.1077721 0.0186965 -0.1536859 0.4366254 -0.1247414 -0.1948413 -0.0630201 -0.3056182 -0.3506147 -0.3756307 0.1359779 0.1839573
-0.2665770 -0.1179560 -0.1118681 -0.1684643 -0.2558455 0.0028957 -0.1256215 -0.2028600 0.5796873 0.1701842 -0.0910503 0.0318636 -0.2089967 0.2050900 0.0000000 -0.0849110 0.2286451 0.6004842 -0.1242578 -0.0671910 0.0235704 -0.1830490 -0.1552834 0.4651515 -0.0652130 -0.0583291 0.2872689 0.4825473 0.4317189 0.4571146 -0.1464886 -0.2229624 0.3285094 0.3799468 -0.2195232 -0.0313218 -0.1328170 -0.1579660 -0.0450725 0.1606888 -0.1683536 -0.2300028 -0.1103119 0.3154334 -0.2671296 -0.2196952 -0.2310529 -0.1536506 0.3161896 -0.2146891 -0.1707202 0.0240815 0.1833713 0.2743115 -0.1545807 -0.3133246 -0.3008669 0.3851427 -0.1163040 -0.1461681 -0.0987727 -0.1302638 -0.3156952 0.2241248 0.3180002 -0.2476291 -0.2265002 -0.0524187 -0.4629603 0.0500633 -0.1675637 0.0629551 -0.2081260 0.1143239 -0.3951961 -0.1328794 -0.0412150 -0.2445764 -0.0539799 0.0558030 -0.2246038 0.0365795 -0.0175309 -0.3962014 -0.0962319 -0.1548314 -0.2115603 0.0333003 0.0652560 0.0145529 -0.1758313 -0.0397502 -0.3402983 -0.2038396 0.0296613 0.3145308 -0.2866616 -0.3574775 0.1891102 0.0152058 -0.1603404 -0.0681777 -0.4602892 0.1259476 0.0344027 0.2094003 -0.2400487 0.0100054 -0.1721450 -0.0691634 -0.0409347 -0.2307509 0.2510362 0.2210556 0.1705034 0.3086841 0.2560127 0.1809454 0.2069205 0.1264857 0.2181424 0.3110380 -0.4216705 -0.2144656 -0.0243185 0.2117064 0.1467751 -0.3837131 0.1257046 0.1459309 0.1583171 -0.2013581 0.0751769 0.3267621 0.0341940 -0.1633471 0.2025541 0.1422524 0.2592152 -0.0426293 0.0918264 0.0323506 -0.3109762 -0.1087867 0.1799728 -0.0037419 0.1113161 0.1719418 -0.2355233 -0.0371678 -0.2502279 -0.1475093 0.0810046 -0.0565072 -0.1306973 -0.3776584 -0.4313091 0.1166841 -0.4469097 -0.5726161 0.1364251 -0.1749393 0.1319360 -0.6131709 0.2297097 -0.0550747 0.0510675 -0.2471419 -0.3403686 -0.3932688 0.2344980 -0.2759969 -0.0221357 0.2719072 0.1152682 -0.0268565 -0.1224960 -0.3994442 -0.2719825 -0.7600412 -0.4338541 -0.6162779 -0.4163504 -0.4580644 -0.1080638 0.0280666 -0.2902013 -0.2640662 0.0291686 0.0402546 -0.0654196 -0.0171566 -0.0549410 -0.1739833 0.0804306 0.0094454 0.0000457 -0.0329597 -0.0956719 0.1544119 0.1843647 -0.1088312 -0.1648967 0.2359790 -0.3030532 -0.3037286 0.0553444 0.1442548 0.2260655 -0.1228317 -0.3052270 0.0201883 -0.5557187 -0.3403270 -0.1176910 -0.3058187 0.4448412 0.5510670
0.3888397 0.6287786 0.7981649 0.8434807 0.6845669 0.7797413 0.3633211 0.8944092 0.4066773 0.8039263 0.9817867 0.5871641 0.8095762 -0.0602591 -0.0849110 0.0000000 0.7297341 -0.5494206 0.8651232 0.4765428 0.5016846 0.8909834 0.9260803 -0.7152805 0.8749347 0.9607248 0.3781129 -0.6654118 -0.2148501 0.1317791 0.8678867 0.8546793 -0.8184807 -0.4140350 0.8667156 0.1892443 0.9162175 0.8454024 0.5877314 0.2826643 0.8201697 0.1989662 0.6796610 -0.4323618 0.4744759 0.8446680 0.9286421 0.7481403 -0.4860012 0.8272770 0.9337869 0.5798888 0.2668153 0.4797343 0.8459488 0.8036865 0.8660203 0.1589074 0.5431413 0.9188212 0.6398326 0.7493551 0.7797907 0.3559654 0.3163117 0.7621575 0.8689301 0.7578957 0.6641584 0.7508626 0.8478791 0.5948469 0.8439210 0.5634041 0.7211264 0.7150506 0.4031892 0.7603063 0.6062144 0.4158884 0.7320109 -0.5039181 -0.4012496 -0.2372518 -0.4650727 -0.4165346 -0.0136535 -0.6651224 -0.6536197 -0.6300171 -0.1977408 -0.0916360 -0.0604365 -0.5422260 -0.3721809 -0.3675730 -0.2150458 -0.0669416 -0.6975497 -0.2466825 -0.5511694 -0.2092912 -0.1002047 -0.5290148 -0.5153589 -0.4386932 -0.3509369 -0.5262935 -0.1717525 -0.3801806 -0.4729819 -0.1098613 -0.6127961 -0.6033288 -0.1540887 -0.4820954 -0.3799376 -0.2636147 -0.2408994 -0.2392811 -0.3557687 -0.3796466 0.2067859 0.1324619 -0.1644673 -0.1170370 -0.4214587 -0.2039616 -0.3069105 -0.6021818 -0.4456151 -0.5322112 -0.2789737 -0.6607408 -0.4141424 -0.3225483 -0.4180746 -0.4604574 -0.3253875 -0.1994598 -0.2780562 -0.4672735 -0.0006593 0.2458124 -0.3092669 -0.6709068 -0.5427661 -0.5658754 -0.3791328 -0.4091357 0.0757622 -0.1371003 -0.6751939 -0.3830061 -0.6830019 -0.2630137 0.0992792 -0.4721624 -0.1471876 0.1149181 -0.5866336 -0.4249433 -0.7280815 0.2022197 -0.6466135 -0.5224453 -0.5896438 -0.2679651 -0.0234311 -0.1144020 -0.5151311 -0.1351438 0.3255563 0.0165773 0.2633158 0.5623107 0.5945162 0.3896049 0.6157005 0.2307384 0.1227050 0.2565186 0.4892052 0.2260551 0.6458730 0.4983491 0.6601885 0.6883362 0.4109015 0.2093927 0.1082679 0.4396726 0.4551918 0.4770613 0.1249631 0.1082317 -0.1005477 0.4265242 0.5784469 -0.1489238 0.4769202 0.1087288 0.0053970 -0.0882865 0.2160732 0.5964700 -0.1986079 0.4074639 0.4303956 0.3434473 -0.2375662 -0.1336233 0.1539948 -0.1954845 0.1416635 0.5973932 -0.0666451 -0.1435442
0.0681014 0.6571108 0.5379768 0.8214361 0.2813212 0.8445931 0.3894147 0.7391232 0.4642274 0.8707722 0.7969449 0.6126056 0.6291346 0.3499299 0.2286451 0.7297341 0.0000000 -0.1873344 0.6219817 0.0654789 0.5192955 0.6208959 0.7999962 -0.3290301 0.5894914 0.7899764 0.6226597 -0.2861992 0.0604066 0.3990474 0.6544204 0.5159064 -0.4673686 -0.0238435 0.7183677 0.2711250 0.7227814 0.6281694 0.6381026 0.3813088 0.5752210 -0.0024583 0.7372172 -0.1231785 0.4985044 0.5919621 0.6922194 0.5132924 -0.1419476 0.6779858 0.7402726 0.6963711 0.5134424 0.6368284 0.6504369 0.5802183 0.6156024 0.4722381 0.3368623 0.7528156 0.7316607 0.7530304 0.5167445 0.6430564 0.6614616 0.4315910 0.6522298 0.7931918 0.3938648 0.8359400 0.5730385 0.7291171 0.6541907 0.6634198 0.5238615 0.6462416 0.5358047 0.6878597 0.6287306 0.6606782 0.5661153 -0.2990187 -0.3946712 -0.4195846 -0.4464178 -0.4483150 -0.2533965 -0.5612611 -0.6040856 -0.4356390 -0.3060315 -0.3238460 -0.3342419 -0.4950856 -0.5897956 -0.2688087 -0.2933109 -0.1499212 -0.5587856 -0.3330950 -0.5075583 -0.1470527 -0.4912235 -0.4462340 -0.3668323 -0.4870807 -0.4892998 -0.7930493 -0.3530109 -0.5566585 -0.2921534 -0.3726389 -0.6640946 -0.7395031 -0.3244402 -0.5521681 -0.5066969 -0.3100089 -0.3936160 -0.3932816 -0.5087555 -0.6217877 -0.1604724 0.0918957 -0.3941583 0.0096097 -0.6806725 -0.4643290 -0.3482591 -0.6238092 -0.5018695 -0.6742699 -0.4319491 -0.2221226 -0.5151982 -0.5648177 -0.4535104 -0.4724458 -0.3516353 -0.3964974 -0.4092366 -0.5523757 -0.3538001 0.3535290 -0.1076797 -0.8100302 -0.5867260 -0.6067164 -0.7025565 -0.6347863 -0.2545581 -0.2448480 -0.7138286 -0.5941454 -0.7290896 -0.4374814 -0.2847487 -0.4587259 -0.4398785 -0.2667311 -0.6653007 -0.7203382 -0.3874993 -0.1496785 -0.6539707 -0.5908306 -0.5685864 -0.5727161 -0.2796639 -0.4399341 -0.5718384 -0.4553933 0.4025218 0.4219417 0.5785284 0.4586651 0.4499270 0.0061491 0.4457009 -0.0515305 0.0281621 -0.0159355 0.2354417 -0.1238095 0.4211238 0.6341396 0.4358049 0.4133872 0.5660275 0.4521288 -0.2404601 0.7119590 0.7176211 0.1777002 0.0948333 0.1799476 0.1174931 0.5868083 0.5517568 -0.0428930 0.4690851 0.3670602 0.0714288 0.2229817 -0.0164404 0.1929318 -0.1478719 0.5942317 0.3793306 0.4537038 -0.2475050 -0.1227734 -0.2390031 -0.1201145 0.2016363 0.2920891 0.2975512 0.3903376
