0.0000000 0.5060331 0.6832679 0.4551077 0.3219692 0.3910631 0.4197457 0.1577021 0.6406218 0.3001695 -0.3786036 0.4339739 0.2951528 0.4892587 0.5816345 -0.3643345 0.1760989 0.6877673 -0.3278613 0.4951548 0.3367617 -0.3830607 -0.0955226 0.7021205 -0.3707079 -0.1619094 0.1462138 0.4988657 0.4257979 0.4110080 -0.2190112 0.2282992 0.4552491 0.5825366 0.0823218 0.1559771 0.2041543 -0.0734046 0.1805590 0.0726489 0.3079839 0.1444574 -0.1453992 0.3612110 0.2299609 -0.2931804 -0.1764418 0.4259537 0.3763294 -0.1239161 -0.0515969 0.0152632 0.6053827 0.2151959 0.2384528 -0.2473442 0.0443738 0.3821100 0.3319323 0.0299887 0.4912692 -0.0812363 -0.0941407 0.0706610 0.4552423 0.1052816 -0.0246392 0.3710500 -0.3407848 -0.2420796 -0.3370996 0.2458964 -0.1174875 0.3772242 -0.5532336 -0.0731472 0.0856120 -0.4237824 -0.2279028 -0.1454265 -0.2812480 -0.1208079 0.2401046 0.2705075 0.0342458 0.4975317 -0.0319459 -0.1711531 0.2916436 -0.1489650 -0.1989611 -0.0209688 0.0211187 0.3363352 0.1652296 0.6804560 0.1084275 0.0905449 -0.4429977 0.3869701 -0.1188599 0.1640096 0.4785837 -0.0842978 0.3462704 0.4601682 0.1921300 0.0892510 -0.1357393 -0.0849894 0.2529924 -0.3705710 -0.0957618 0.4163914 -0.0179028 0.1492705 0.4279142 0.2117726 0.2453535 -0.4337002 -0.0921192 0.2844807 0.0133402 -0.1837501 0.1719165 -0.6196193 -0.1196006 -0.0227851 -0.7544107 -0.1383613 -0.1826035 -0.0328478 -0.2385895 -0.0584410 -0.0106562 -0.0619333 -0.1838725 -0.3686965 -0.2407967 -0.5446051 0.1659145 -0.4312510 0.3389591 -0.3855287 -0.1972233 -0.3839590 -0.0175379 0.0497611 -0.0356433 -0.3136930 0.0828352 -0.1282262 0.0509867 0.1567614 0.0491719 -0.0813479 0.3457447 -0.0837936 0.2591287 0.2386834 0.2290250 -0.3306630 -0.2946603 0.3567467 -0.0697903 -0.2409107 -0.0437718 0.4655201 0.4762710 -0.0231561 0.1652230 0.3157084 0.6795980 0.1806728 0.2176130 0.0257958 -0.1166836 0.0506837 -0.1212095 -0.0472518 -0.2853358 0.0044598 0.1870981 0.2250036 0.6117269 0.7338135 0.6753437 0.2352156 0.2429225 0.1012141 -0.1982995 0.1088887 0.4583873 -0.4140153 -0.6045051 -0.7087887 -0.6600755 -0.3575084 0.2825346 -0.6952376 0.0542831 -0.1815936 -0.4376252 -0.5808609 0.6431035 0.0184255 -0.6577411 0.1328303 -0.0258155 -0.2943274 -0.5661691 -0.6875160 0.6009358 0.0622424 -0.5882983 0.3056796 0.3478847 0.5119181
0.5060331 0.0000000 0.3291659 0.6215633 0.3280638 0.6057348 0.4954401 0.3634815 0.5588310 0.2854625 -0.0862906 0.7492668 0.1428844 0.3647901 0.5918689 -0.2883255 0.0497672 0.5636217 -0.1292744 0.0993158 0.7067944 -0.0783040 -0.0458880 0.5912623 -0.0904595 -0.0318046 0.3090527 0.5366796 0.6906407 0.4689438 -0.0039503 0.3625352 0.5974133 0.6941609 0.1180771 0.5363404 0.2657311 0.1616622 0.1949859 0.3372924 0.4271492 0.6137914 -0.0577482 0.5164464 0.6083529 0.1138797 -0.0614977 0.2257088 0.5238777 -0.1104759 -0.0142108 0.3966618 0.6349317 0.5224335 0.2118957 0.1499964 0.1511102 0.5526607 0.3669229 0.0764983 0.4537487 0.3099135 0.2378138 0.1767118 0.5058471 0.2153893 0.1244022 0.5369327 0.0403927 -0.0390333 0.1677388 0.3807963 0.1192750 0.3910769 -0.0619185 0.0291194 0.3483918 0.0904824 0.1406893 -0.0839195 0.1809766 0.2878281 0.2865249 0.2353589 0.3900950 0.1264331 0.1736532 -0.1485765 -0.0236268 0.0382818 -0.0126650 -0.1125999 0.2880993 0.3998537 0.0928341 0.2164907 0.0405202 0.0348138 -0.4128849 0.3735078 0.2651116 0.0020957 0.2194470 0.3077475 0.0492306 0.0477757 -0.0290823 -0.0199558 -0.0896335 0.2860686 -0.1660034 -0.0763063 0.2777855 0.2751646 0.0348305 0.3573562 0.4758098 0.2818398 0.3865845 0.1619673 0.5281220 0.3511990 0.3708194 0.1511149 0.2613206 -0.0901214 0.0176969 0.1346537 -0.2802390 -0.3247755 -0.0689679 0.1579966 -0.3883579 -0.2526941 0.2867556 0.1146260 -0.3049980 0.0309279 -0.1027343 0.0008171 0.1521052 0.0421668 0.4603437 -0.0210345 0.0131752 -0.1287148 -0.0596114 -0.0941673 0.2819203 -0.0505994 0.1637602 0.1385310 -0.0177119 0.1802625 -0.0713271 0.1683808 0.4065983 -0.2542795 0.3970793 0.3146878 -0.1373710 -0.0998680 0.0660963 0.6131778 -0.3083758 -0.1477934 0.0650142 0.3527386 0.4783594 0.2199918 -0.0412087 0.0965677 0.6001266 0.5163609 0.5028910 -0.1420381 0.0269485 0.1208778 0.2969024 0.3780367 0.1678103 0.4228919 0.3998131 0.4359575 0.3903542 0.5546970 0.3638602 0.1877660 0.5667076 0.5923333 0.2202053 0.4831824 0.2111479 0.0272508 -0.0532948 -0.3126174 -0.1845030 -0.3626502 -0.0712958 -0.1513814 -0.1144598 -0.1369738 -0.1183841 -0.0476937 0.4202568 0.3195574 -0.2208320 -0.1649880 -0.0567949 -0.3830822 -0.2868774 -0.3917922 0.4462976 0.0911412 -0.2126330 0.0268278 0.0325870 0.1302023
0.6832679 0.3291659 0.0000000 0.2481655 0.6394612 0.0410453 0.3546291 0.4395068 0.2981261 -0.1500537 -0.5862257 0.0730469 0.7348857 0.0749953 0.1086128 -0.1213310 -0.1901093 0.5432537 0.2389509 0.5038852 0.0314023 -0.2407872 0.0520932 0.1869037 -0.0174837 0.0634217 0.1344146 0.0494350 -0.0215294 0.0839458 -0.0088096 0.3454874 -0.0267228 0.1164054 -0.0355954 0.0155200 0.3140505 0.4225706 0.0922701 0.1723157 0.4468350 -0.0177884 0.1212987 -0.0713724 0.3000848 0.1217537 -0.0304969 0.6525943 -0.1547392 0.3385687 -0.0604553 -0.0146314 0.2669336 -0.0405162 0.5223888 0.1921736 0.1630899 -0.0499275 0.5590137 0.0064836 0.4844619 -0.1783560 0.2825255 -0.0629324 0.3937426 0.2510283 -0.2903576 0.0788289 0.0600414 -0.1897807 -0.1366113 0.1052996 -0.1209695 0.5035307 -0.3233126 -0.0183302 0.1889269 -0.1406591 -0.1035729 0.0412863 0.0266124 0.0696589 0.4146171 0.0593561 0.0173400 0.4247613 -0.0563008 0.0495747 0.2982717 0.2460892 -0.0691468 -0.0508278 0.0440101 0.3884172 0.4280829 0.4391586 -0.0061040 -0.2530693 -0.1046095 0.3707002 -0.2094504 -0.0798254 0.3342912 0.0427761 0.1629308 0.5212875 -0.0513359 -0.1677554 -0.0869339 -0.3258024 0.2993660 -0.2196639 -0.1403187 -0.0318657 -0.5045836 -0.1010670 -0.0656607 -0.0022611 -0.0606853 -0.4385826 -0.4493488 -0.1849772 0.2429198 0.0340467 -0.1847045 -0.5110226 -0.4964125 0.2394110 -0.4482186 -0.2067950 -0.2055300 0.4192475 -0.4254291 -0.0031902 0.3537733 0.2192779 0.0168416 -0.0376939 -0.0426577 -0.1842587 0.1785548 -0.0896098 0.4406296 -0.0517062 0.1246305 0.0179501 0.1705213 0.2186753 0.0059055 0.1074509 0.3084474 0.1096883 0.1314419 0.2699761 0.2033482 0.1443914 0.5773851 0.1018920 0.2004580 0.3561464 -0.0504012 -0.0133255 -0.0037180 0.6216343 -0.0420236 0.0871679 0.3949646 0.3446925 0.3534271 0.2114365 0.3301056 0.0786454 0.5122031 0.0840958 0.0921807 -0.2983152 -0.2746842 0.0066931 -0.2240101 -0.0627635 0.0212181 0.0657980 0.3318529 0.3745778 0.6395647 0.7022924 0.5811127 0.5599325 0.3851550 0.0148218 -0.2817446 -0.0751052 0.3696997 -0.3568453 -0.5323717 -0.6084008 -0.5576256 -0.0460738 0.4121058 -0.5114065 0.0681460 -0.5347387 -0.3597358 -0.5566342 0.5753223 0.2827636 -0.6168254 0.2602432 -0.0196878 -0.5951042 -0.6469920 -0.5377325 0.6831985 0.2346298 -0.4024213 0.2925758 0.0038794 0.2678699
0.4551077 0.6215633 0.2481655 0.0000000 0.0015371 0.6692048 0.5447270 0.4571584 0.6696575 0.2115534 0.1192040 0.7754102 -0.0556703 0.3061059 0.8282333 -0.1842979 -0.0018025 0.3212213 -0.1806673 0.0627691 0.7398571 -0.2949782 0.0157687 0.6021653 -0.3270403 -0.1419692 0.1277850 0.5196560 0.7299673 0.3921745 -0.3797879 -0.0153586 0.7320695 0.7169008 0.2230524 0.3324642 0.0884411 -0.1001608 0.0230672 0.0408215 -0.0115819 0.2973081 -0.0546181 0.5643798 0.3538008 -0.0127680 -0.2977927 -0.0296913 0.6006046 -0.0644776 -0.1073005 0.1735067 0.6471191 0.2639743 -0.0131444 0.0228852 -0.0922864 0.5589134 0.0708860 -0.1114835 0.2863726 0.1165208 0.1317112 0.2634336 0.4466798 -0.0335790 0.0229087 0.5404435 -0.0779973 -0.0119814 0.0083138 0.6017917 0.0920009 0.1675924 -0.2063948 0.0226345 0.3276779 0.0197760 -0.0267545 -0.1684037 0.0382123 -0.1432247 0.1091997 0.1405704 0.3011898 0.1899580 -0.2483711 -0.3040486 0.1265330 -0.0418262 -0.5510681 -0.4672685 -0.0859671 0.2256693 0.1193467 0.0965860 -0.3238941 -0.1061552 -0.4599062 0.3405752 -0.0514725 0.0580718 0.2358743 0.1665972 -0.2655520 -0.0484349 0.1720922 0.0440180 -0.2205712 0.4650293 -0.1206781 -0.1115939 0.2779502 0.3093351 0.1388277 0.1180749 0.3993304 0.0809489 0.0713485 -0.2068911 0.1314231 0.3108673 -0.2630533 -0.3929746 -0.1207133 -0.2727936 -0.0759209 -0.3735164 -0.3127425 -0.2742125 -0.1703936 -0.3347877 -0.4942890 -0.3225391 -0.2341170 -0.1817866 -0.5423538 -0.3302154 -0.3160162 -0.1214173 -0.2151195 -0.0544665 0.0148433 -0.2704501 -0.2947767 -0.2468164 -0.3260351 -0.3565161 -0.1817612 -0.1929435 -0.1563561 -0.2680581 -0.2033950 -0.1092512 -0.2723024 -0.2989574 -0.0382344 -0.5358955 -0.0886886 -0.0920642 -0.2054107 -0.3315003 -0.3262923 0.2380069 -0.5808793 -0.5977102 -0.3904633 -0.1163429 -0.0317187 -0.3202722 -0.5187822 -0.3151568 0.5693836 0.2011880 0.0897467 -0.2839424 -0.0931460 -0.1387865 0.0613070 0.0176723 -0.1994555 0.0918283 -0.0184165 0.0099986 0.1880800 0.4062111 0.1676597 -0.0773963 0.4851635 0.6535282 -0.2620519 0.4144722 0.1161699 -0.2976289 -0.2816560 -0.4049006 -0.3735016 -0.2706639 -0.3515599 -0.3226915 -0.4034034 -0.1939242 -0.4735983 -0.3628545 -0.0901998 -0.2869635 -0.4362659 -0.1826284 -0.1668534 -0.2736539 -0.4796276 -0.3138128 0.0066015 -0.3909406 -0.3631842 0.0378375 0.0678578 -0.1602937
0.3219692 0.3280638 0.6394612 0.0015371 0.0000000 -0.0288458 0.0521000 0.2540533 0.0215097 -0.1358172 -0.1813367 0.1349817 0.6477995 -0.1608851 -0.1331433 0.2343380 -0.0591362 0.1851401 0.1554190 0.1040520 0.2355197 -0.1482872 0.3507631 -0.0238137 -0.0265587 0.2255716 0.1723186 -0.0625848 0.0697996 -0.0421639 0.0352969 0.1169588 -0.0382987 0.0200761 0.1922282 0.2651250 0.1971462 0.3618901 0.0977661 0.3323969 0.3646599 0.1276546 0.4043267 -0.1283001 0.2830717 0.3784591 0.2135233 0.4528201 -0.2586234 0.2202084 0.1410920 0.2739443 -0.0021830 -0.0040241 0.5334726 0.4715173 0.2476942 -0.0741484 0.4140567 0.2072669 0.1486959 0.2117060 0.4463683 0.2012606 0.3825846 0.3521015 0.0602131 0.1509852 0.3691968 0.2009908 0.3181238 -0.0245280 0.2881129 0.7596851 0.0561113 0.3986660 0.4555014 0.2209595 0.3531561 0.3931016 0.3739305 0.5051322 0.2065080 0.0659631 0.0203625 -0.0354561 -0.1420834 0.0908151 -0.1880232 0.0537530 0.0361797 -0.0034726 0.0345942 0.3627439 0.1897175 0.0259128 -0.0217263 -0.1611284 -0.3055474 0.2437555 -0.1423515 -0.4570560 0.0052928 0.0101877 0.0579584 -0.0243184 -0.4808984 -0.2130811 -0.2215625 -0.6014981 -0.2106740 -0.2422314 -0.1651568 -0.3187497 -0.4095762 -0.0309791 -0.2744186 -0.0769696 -0.1131164 -0.1278071 -0.2068016 -0.2199084 0.3901598 0.2958324 -0.1609810 -0.0430277 -0.3673822 0.1864638 -0.1223582 -0.2077447 -0.1345617 0.5241232 -0.4534360 0.1536693 0.6781537 -0.0023819 0.3176266 0.2871345 0.0913418 0.0943589 -0.0999144 0.0964212 0.3720525 0.0771666 0.3450841 -0.0461432 0.2684364 0.3308489 -0.0125910 0.2402250 0.2430058 0.2243724 0.2212546 -0.0637493 0.0402081 0.2452090 0.3731588 0.1239780 0.2203169 0.2129627 -0.3996378 0.1168658 0.1758278 0.5230225 -0.2283535 0.1233689 0.3527187 0.0187272 0.1073073 0.2160003 0.0927528 -0.2141548 0.3892791 0.2564864 0.2072052 -0.2471907 0.1055843 0.3916116 0.2686717 0.3857622 0.5586662 0.4068627 0.4127832 0.4765171 0.2863720 0.5079794 0.1937763 0.7742090 0.4574621 0.0428738 0.0221386 0.1813380 0.0836152 0.0595299 -0.0500922 -0.0976946 -0.1294500 0.0297152 0.2933351 -0.0449742 -0.1025119 -0.4874064 -0.1812156 -0.2728413 0.3286158 0.3867130 -0.2176964 -0.0314023 -0.3032937 -0.4884201 -0.4095937 -0.0893785 0.5837842 0.2177235 0.1006440 -0.0363595 -0.2407821 0.0013533
0.3910631 0.6057348 0.0410453 0.6692048 -0.0288458 0.0000000 0.4686876 0.1020702 0.8472365 0.7694273 0.3122891 0.8279986 -0.1955784 0.7404551 0.7591961 -0.1521441 0.5449814 0.4475781 -0.2352104 0.1472705 0.6383497 -0.0708100 0.1394741 0.7363732 -0.1693460 0.0639726 0.4567170 0.7638688 0.8046953 0.5845942 0.0501162 0.1064993 0.8086876 0.8309093 0.2344589 0.2900803 0.1026604 0.0629890 0.3086256 0.2501645 0.2811966 0.3731624 0.1006341 0.8307958 0.3570751 0.0632524 -0.1718340 0.1481947 0.8493701 0.0275548 -0.0888661 0.2578144 0.7249617 0.6541745 0.1834893 0.0336137 0.0207344 0.8322024 -0.0139731 -0.0235222 0.2295358 0.3068066 0.0034187 0.1956488 0.2302425 0.0269371 0.1346014 0.6704301 -0.1885527 -0.0240530 -0.0171170 0.4986547 0.2829207 0.0357988 -0.1324070 0.1435530 0.2194688 -0.0561813 0.0676412 -0.0318572 -0.0903476 0.1657019 0.0481085 0.2609887 0.1716153 0.3262559 -0.0192757 -0.1120708 0.4439441 -0.2453840 -0.4229499 -0.4382979 -0.1463938 0.1221298 -0.2094473 0.1366978 -0.4330329 -0.1172650 -0.3814298 0.2030270 -0.0736542 0.0819470 0.1975006 -0.0332351 -0.3806112 -0.1019164 0.1759328 0.2100243 -0.3335194 0.3881880 -0.2820291 -0.3054395 0.1855079 0.3935051 0.2294694 0.2161827 0.4574087 0.0597922 0.2872422 -0.2146630 0.3578886 0.5083596 -0.1507529 -0.0646154 0.1015325 -0.2563975 0.1963223 -0.5505066 -0.4618619 -0.0858346 -0.1725670 -0.1589567 -0.2069533 -0.0893447 -0.0977953 -0.5016543 -0.4755617 -0.2727575 -0.3619292 -0.2580516 -0.1585203 -0.1897409 -0.1794885 -0.2227278 -0.2578690 -0.4524420 -0.0561409 -0.1002906 -0.1014397 -0.3318598 -0.2758562 -0.1868222 0.0217922 -0.2581759 -0.2397411 -0.1733021 -0.1419809 -0.1843363 -0.0611125 -0.2064472 0.0077721 -0.3133044 -0.1268480 -0.0689676 -0.1476337 -0.4606217 -0.2594296 0.0551730 0.1500780 -0.2774727 -0.1152906 0.0614321 0.4633853 -0.0528791 -0.0186593 -0.2652304 -0.0407948 -0.1574078 0.0061237 -0.0899174 -0.2987139 -0.1247890 -0.1795052 -0.2377925 0.1216315 0.2767590 0.2913424 0.0297345 0.3195757 0.4768473 -0.1639373 0.3234442 0.0285291 -0.2936233 -0.2433867 -0.3240562 -0.2750330 -0.4303185 -0.0433784 -0.3692063 0.0747594 0.2104078 -0.1849146 -0.1881991 0.2465096 -0.0604399 -0.4053614 0.1258672 0.1814909 0.1640813 -0.2075743 -0.3881506 0.1652636 -0.1742411 -0.3592209 0.2446405 0.5105636 0.2662666
0.4197457 0.4954401 0.3546291 0.5447270 0.0521000 0.4686876 0.0000000 0.7279943 0.6542858 0.1083008 0.2141023 0.5422905 0.4245508 0.2164207 0.5571661 0.3226066 0.0920290 0.5822047 0.1842807 0.5284766 0.4609040 0.1410748 0.3122440 0.3444733 0.0855087 0.2965166 0.2673289 0.1899000 0.4636463 0.2873244 0.0975977 0.2763466 0.2972442 0.4253730 0.1750552 0.4493953 0.2973505 0.2994918 0.2380105 0.3287973 0.3368301 0.4588665 0.0618696 0.1386157 0.5509958 0.0682565 0.1468083 0.2203921 0.2293952 0.0431505 0.2062489 0.1050124 0.5330407 0.2327134 0.1190198 0.1858968 0.2544014 0.2394948 0.2647894 0.1151162 0.5178304 0.0637908 0.3344177 0.3873359 0.5545868 0.4177718 0.2411094 0.3702773 0.2719451 0.3304442 0.3162834 0.7529470 0.2157987 0.3936677 0.2219630 0.3301689 0.5390091 0.3585455 0.3464494 0.1546197 0.4153458 -0.2041748 0.0109428 -0.3294313 -0.1405478 0.0419325 -0.2696856 -0.4425164 0.1839139 -0.1578767 -0.4276960 -0.1740951 -0.4223007 -0.2586990 0.1713652 0.3594545 -0.4528809 -0.5044702 -0.4853013 0.4125353 -0.2342717 -0.0970322 -0.1511830 0.0764057 -0.2423354 0.2929191 0.1894213 -0.3533737 -0.2369019 0.3225951 -0.0875762 -0.1099463 0.1083803 0.0587805 -0.3000550 -0.1658781 0.1241845 0.1337898 -0.0342099 -0.0064492 -0.0601521 0.0034152 -0.0575958 -0.3459701 -0.3667855 -0.0259445 -0.3020913 -0.2573414 -0.3206430 -0.3841740 -0.4748158 -0.0335656 -0.3227402 -0.2247949 -0.0516053 -0.1876887 -0.5410419 -0.4786971 -0.5418704 -0.1425813 -0.1651369 -0.1507356 0.0541864 -0.1623794 -0.3554057 -0.3167461 -0.4428408 -0.4787089 0.1653130 -0.1510313 -0.0554926 -0.1248954 -0.3717715 -0.2219678 -0.4651458 -0.0966217 -0.1683682 -0.5386667 0.0601520 -0.0262820 -0.0942001 -0.2701623 -0.1727956 0.0851548 -0.5418649 -0.2577071 -0.3569295 -0.0219028 -0.0401561 -0.3201223 -0.1799840 -0.0237276 0.4332310 0.0429558 0.5216484 0.1455520 0.1251843 -0.0298809 0.3074115 0.3066011 0.1384486 0.4103024 0.3793484 0.4090781 0.2117093 0.5002371 0.0950882 -0.0460809 0.5444748 0.6199548 0.1938057 0.6022368 -0.0185129 0.1599159 0.0041825 -0.1114236 -0.2278844 -0.0550502 -0.0206727 -0.1986935 -0.0571333 -0.2896016 -0.4519429 -0.4641586 0.1956972 0.3516126 -0.5300577 0.2202222 0.1788339 -0.2661898 -0.5255899 -0.2604345 0.3569770 0.4289967 -0.1337891 0.3884009 0.4348987 -0.0411574
0.1577021 0.3634815 0.4395068 0.4571584 0.2540533 0.1020702 0.7279943 0.0000000 0.2323485 -0.2102964 0.1825404 0.3527270 0.6334652 -0.1626092 0.2104871 0.4265223 -0.0986484 0.3018078 0.4094885 0.0683825 0.4098416 -0.0155391 0.3363627 -0.0274315 0.2166755 0.2306180 0.2315180 -0.1993452 0.2615343 -0.0519401 -0.0044702 0.1801034 -0.0140184 0.1074917 0.1209573 0.3442212 0.3276117 0.4158127 0.2275447 0.3299834 0.1429164 0.2510456 0.2782239 -0.1897737 0.4936021 0.2966815 0.3527998 0.0564050 -0.1282088 0.2592086 0.3504709 0.2129421 0.3057345 0.0380708 -0.0097061 0.4062040 0.3627639 -0.0251276 0.1861675 0.2600310 0.3470046 0.2008109 0.4169709 0.5642605 0.6429750 0.3906913 0.2631836 0.2122002 0.5074141 0.5693489 0.4903090 0.7123305 0.2575229 0.5901340 0.3538565 0.4415507 0.7711177 0.5334756 0.3377857 0.1244895 0.5609470 -0.1054119 0.2273897 -0.3843517 -0.0361837 -0.1380773 -0.3538567 -0.1010291 -0.0280050 0.0929326 -0.2428704 -0.2527497 -0.2245806 -0.1490107 0.2320284 0.0136716 -0.2611916 -0.4263306 -0.2254345 0.2758355 -0.0210363 -0.1964681 -0.2249054 -0.0331671 -0.2840557 0.1113939 -0.0943111 -0.4075552 -0.1214539 0.1400719 -0.1098996 0.0939737 0.2636724 -0.2630896 -0.2838950 -0.2566864 -0.2486147 0.1937944 -0.3576617 0.0545488 -0.2866259 -0.3091790 0.0392688 -0.3982713 -0.4668054 0.0575863 -0.4241275 -0.0338221 0.1018821 -0.3502567 -0.2820623 0.1754299 -0.4262522 -0.2062190 0.1033206 0.0355643 -0.3135785 -0.0985007 -0.1690090 0.1486354 -0.2295991 0.1709503 0.0657719 0.0103098 -0.0076503 -0.0278360 -0.2733533 -0.3555517 -0.0097678 0.0811069 -0.0228353 0.0137327 -0.2230694 -0.2039043 -0.3290869 -0.0109719 0.0034106 -0.4970242 -0.0562827 0.0635091 -0.3430352 0.0153261 -0.0606025 0.3168260 -0.6252497 -0.1548557 -0.1320570 -0.2330400 -0.1893096 -0.1013245 -0.2626543 -0.4311883 0.3723093 0.0206399 0.2851176 -0.1212141 0.0594534 -0.1772694 0.3337716 0.4099362 0.3094502 0.4838169 0.3685848 0.4593293 0.1176391 0.3505884 -0.1443467 -0.0138247 0.8164269 0.7071184 0.0878987 0.5506153 -0.1813701 0.1780946 0.0841689 -0.0349615 -0.0051403 0.0491644 -0.1384643 0.0203158 -0.1778836 -0.3978455 -0.4025106 -0.3913570 -0.0828802 0.3737624 -0.2744463 0.0249647 0.0082488 -0.4335597 -0.5704918 -0.2006996 0.2799378 0.3065180 0.0454855 0.0448552 -0.0543472 -0.3770928
0.6406218 0.5588310 0.2981261 0.6696575 0.0215097 0.8472365 0.6542858 0.2323485 0.0000000 0.6301639 0.1129200 0.6667202 0.0215399 0.6357175 0.8515451 -0.0853612 0.4743330 0.6572017 -0.1889633 0.4392642 0.5352863 -0.1030012 0.2907747 0.7282623 -0.1202668 0.1528482 0.4207371 0.6852666 0.6911738 0.6347943 -0.1050095 0.3283416 0.6684633 0.7275424 0.3810457 0.3311233 0.2950951 0.0820427 0.3405502 0.3729790 0.3553841 0.3719835 0.1399616 0.7177015 0.4374228 -0.0275523 -0.1111711 0.3112522 0.6693736 -0.0123344 0.0007239 0.2438153 0.7516877 0.6699502 0.2349178 0.0285143 0.1353105 0.7722944 0.2680466 0.0697587 0.5276603 0.1993644 0.0138670 0.2066766 0.4002495 0.2308899 0.1659949 0.7755223 -0.1443664 -0.0419220 -0.0043907 0.4980394 0.3536311 0.1619722 -0.2182561 0.2384931 0.2161656 -0.0563585 0.1492987 0.0125076 -0.0523857 -0.0124206 0.1593468 0.3100463 0.2090470 0.4738549 -0.1160075 -0.4176043 0.4722391 -0.2048961 -0.5439750 -0.3011874 -0.2696886 0.1843573 0.1202639 0.4450195 -0.4386860 -0.0882337 -0.5472370 0.5038626 -0.3222267 0.1130511 0.2947149 0.0758797 -0.1974989 0.2094811 0.2121194 0.1208345 -0.3584221 0.2678377 -0.1056324 -0.4339175 0.1851908 0.4973766 0.0332610 0.2232612 0.5232433 0.0748517 0.3936914 -0.3233332 0.2311154 0.5143766 -0.0486560 -0.0957674 0.1095207 -0.4221563 0.1003649 -0.4870783 -0.6294841 -0.1299429 -0.2063650 -0.2414526 -0.2502995 -0.0535177 -0.0787255 -0.4731453 -0.4837513 -0.5305626 -0.5457048 -0.4050384 -0.2295193 -0.3805168 -0.1049872 -0.3225309 -0.4296814 -0.4866352 -0.2169780 -0.2134595 -0.1093337 -0.3493746 -0.2123209 -0.2252089 -0.0663021 -0.2406595 -0.2765519 -0.2266473 -0.1345104 -0.2823748 0.1446594 -0.1769508 0.0907517 -0.4683460 -0.2998843 -0.0188588 -0.2043408 -0.5135303 -0.2948204 0.1517509 0.1977884 -0.4431605 -0.1262816 0.1423341 0.5956282 0.0061080 0.1758166 -0.0977083 -0.1220804 -0.1126569 -0.0378534 -0.0963667 -0.3213207 -0.0718264 0.0687372 -0.0478931 0.4274032 0.6111853 0.4814114 0.1582558 0.2754044 0.3409736 -0.2060676 0.2508320 0.2498655 -0.3066139 -0.4140877 -0.5039307 -0.5866763 -0.3691170 0.1178435 -0.5766857 0.0124171 -0.0182733 -0.4487546 -0.4371340 0.3919585 -0.0414952 -0.7488467 0.1181798 0.0563178 -0.0497534 -0.4625819 -0.4830421 0.2839020 -0.0998110 -0.5229508 0.3135578 0.7183295 0.4353843
0.3001695 0.2854625 -0.1500537 0.2115534 -0.1358172 0.7694273 0.1083008 -0.2102964 0.6301639 0.0000000 0.2979942 0.5149702 -0.3434187 0.7519032 0.4453258 -0.1688503 0.7800002 0.3079432 -0.3496742 -0.0809640 0.3635471 -0.2224924 0.1668101 0.5585552 -0.1153871 0.0425270 0.4159639 0.6447517 0.5478596 0.3743714 0.0450673 0.0666112 0.5669023 0.5429547 0.1682169 0.1154091 -0.0202567 -0.0803567 0.4071389 0.2135749 0.1347756 0.1458378 0.1396626 0.6579659 0.0544645 -0.0057803 -0.0612881 0.0296779 0.6681395 0.0509457 -0.0227878 0.2205412 0.4164950 0.6956290 0.0008535 -0.1560082 -0.0488432 0.7109943 -0.2983789 0.0357659 0.0430680 0.3735838 -0.3193265 0.1451213 -0.0456615 -0.1524989 0.1815064 0.6019437 -0.3812838 -0.0377422 -0.1856961 0.2486453 0.3237402 -0.1301007 -0.2296403 0.1460250 0.0428601 -0.2120745 0.0114962 -0.0155973 -0.2445507 0.0826823 0.2027178 0.4877408 0.0565367 0.4272769 0.0592830 0.0759731 0.5277866 -0.4358351 -0.2035205 -0.1627169 -0.0876055 0.1490800 -0.4258770 0.1386921 -0.1923323 0.1444460 -0.1721831 0.0052271 0.0319517 0.1550228 0.3673886 -0.3334668 -0.1559869 -0.1419821 0.2572103 0.5761944 -0.3030168 0.2528347 -0.1399076 -0.3514348 0.2297156 0.5147499 0.3723444 0.3972110 0.4339838 0.1016856 0.3996505 -0.2317714 0.3456148 0.5616229 -0.0977127 0.0595898 0.4332703 -0.2467990 0.4965570 -0.4493428 -0.3861053 0.3317642 0.0597985 -0.0758826 0.2447486 0.2317724 -0.0986796 -0.5621405 -0.1603503 -0.2603623 -0.2609807 -0.4362582 -0.0684375 -0.3709630 -0.3487834 -0.3155166 -0.2398230 -0.3936624 0.0801183 0.0591729 -0.1635615 -0.4713205 -0.3551110 -0.1999247 0.1083213 -0.2788734 0.0185936 -0.1606688 -0.1573224 0.0191091 -0.0379031 -0.1882423 0.3189183 -0.3176683 -0.0792828 -0.3334436 0.2435199 -0.2873092 -0.1710727 0.1373078 0.2135889 -0.1951655 0.0900181 0.2660491 0.1613148 -0.1350198 -0.1813530 -0.0176151 0.0851424 -0.1311106 -0.0766915 -0.2034905 -0.4681308 -0.3519413 -0.4027903 -0.4573115 -0.0426460 -0.0140361 0.2015989 -0.1274925 0.0420506 0.1326160 -0.1405357 0.1076584 0.0873203 -0.2554393 -0.2241822 -0.2099400 -0.1802850 -0.3486573 0.1693205 -0.3349596 0.2700461 0.5440363 0.1215324 -0.0881924 0.2623141 -0.0761956 -0.2174320 0.2256017 0.1828357 0.5046175 0.1187881 -0.3699499 0.1073876 -0.1221474 -0.2767826 0.1118004 0.6220890 0.5238380
-0.3786036 -0.0862906 -0.5862257 0.1192040 -0.1813367 0.3122891 0.2141023 0.1825404 0.1129200 0.2979942 0.0000000 0.3941850 -0.1857287 -0.0337552 0.1677299 0.5551832 0.3980770 -0.3018547 -0.1885794 -0.3391316 0.4220924 0.0938299 0.3645580 0.0048809 -0.1264226 0.0654399 0.0172294 -0.0448682 0.3581407 -0.1357345 -0.0505843 -0.4715077 0.2302588 0.1561043 0.1926455 0.1618773 -0.2115770 -0.1926704 0.0557058 0.0679541 -0.3440390 0.0411745 0.1885246 0.1072446 -0.0815551 0.0640419 0.2721430 -0.5313554 0.2001945 -0.2244816 0.3026282 0.1301297 0.0068391 0.1505174 -0.3894508 0.0743897 0.0686740 0.2090167 -0.5324511 0.1350701 -0.4109705 0.3190745 0.0054193 0.5988460 0.1203226 0.0349113 0.5591834 0.2896894 0.2232503 0.7305462 0.4676656 0.5257103 0.5542276 0.1555408 0.4350825 0.6524272 0.5608880 0.4377711 0.4775596 0.3475075 0.3352336 0.1258197 -0.3468294 -0.2200479 -0.2343107 -0.3323595 -0.3613507 -0.2021109 -0.1299752 -0.5281041 -0.4002013 -0.3582543 -0.5258858 -0.5981120 -0.4091073 -0.3911463 -0.5028223 -0.1973359 -0.2915437 -0.2219621 -0.0255748 -0.1397481 -0.4766371 -0.2859981 -0.5413437 -0.5829830 -0.0095211 -0.0523184 -0.3108469 0.2434319 -0.6244133 -0.0329820 0.2013672 -0.0963734 0.3629975 -0.0849989 -0.1170999 0.0775920 -0.2392766 0.2538311 0.1167238 0.0244957 -0.3506823 -0.3724383 -0.3182991 0.5189743 0.1506219 -0.5916027 0.2906669 -0.0274383 -0.1962277 -0.2419657 0.0749459 0.0087801 -0.1382329 -0.6659419 -0.2494055 -0.1819336 -0.3209347 0.0756245 -0.5358336 -0.0072093 -0.4889794 -0.1546325 -0.2912455 -0.4424538 -0.3631429 -0.4023911 -0.0672547 -0.2054892 -0.5748665 -0.2921817 -0.2561033 -0.6974174 -0.6507588 -0.3633178 -0.7223599 -0.4800194 -0.3094266 -0.6166890 -0.1985568 -0.1656661 -0.2126462 -0.6164015 -0.4726554 -0.4681028 -0.7147210 -0.5501979 -0.5123496 -0.5362566 -0.5451654 -0.3432705 -0.1732034 -0.1988048 0.0504808 0.2349666 0.5360773 0.0586108 0.5497685 0.3522934 0.2763747 0.2397138 -0.2683204 -0.1566194 -0.6547176 -0.3423570 -0.6841892 -0.3060043 0.2895171 0.4792043 0.3076438 0.6010777 -0.6949504 0.4806023 0.5566925 0.5995295 0.4231129 -0.1563818 -0.4642405 0.3446198 -0.2540922 0.2377266 -0.1204227 0.0088322 -0.5308019 -0.0903138 0.1649281 -0.2072112 -0.0200965 0.4221381 0.0746570 0.3643235 -0.3476594 -0.0310306 0.4362767 -0.1598156 0.2668198 -0.3988738
0.4339739 0.7492668 0.0730469 0.7754102 0.1349817 0.8279986 0.5422905 0.3527270 0.6667202 0.5149702 0.3941850 0.0000000 -0.0091073 0.4880967 0.7785813 -0.0792967 0.3406733 0.2867668 -0.3180730 -0.0496168 0.8762797 -0.1318023 0.0754772 0.6679978 -0.3040372 -0.0496005 0.2966246 0.5147247 0.8507070 0.4015181 -0.0978659 -0.0274230 0.7625540 0.8073266 0.2668706 0.4536881 0.0987690 -0.0105001 0.2638141 0.1580390 0.1994690 0.4161853 0.0504017 0.6078942 0.3062315 0.0606419 -0.0124492 0.0072540 0.7239726 -0.1608439 0.1362552 0.3312343 0.7046581 0.4814770 0.0632481 0.0607180 0.1120281 0.6614341 -0.0254885 0.1291199 0.1977965 0.4105410 0.1258388 0.4642630 0.5048220 0.0947323 0.3718929 0.5663479 -0.0333159 0.2279543 0.1725225 0.6512287 0.2777625 0.3805813 -0.0235315 0.2112529 0.5255247 0.0853176 0.1151577 -0.0193186 0.1041273 0.1871985 -0.0709204 0.1268082 0.1506638 0.0336204 -0.2729324 -0.1439304 0.0801303 -0.2964603 -0.3744529 -0.5024166 -0.0762647 0.0977634 -0.3134055 -0.0418169 -0.2596330 -0.1067130 -0.5872470 0.0685307 0.1843325 0.0294375 0.0349327 -0.0080045 -0.2810076 -0.3116145 0.1048499 0.0236635 -0.2036423 0.2984060 -0.3772210 -0.1210840 0.2591407 0.2239349 0.2857500 0.2044272 0.3869332 0.1804938 0.0903467 0.0255219 0.2925743 0.2965893 -0.1248029 -0.2821350 0.0252864 -0.0136882 0.0463733 -0.4212619 -0.2559324 -0.1971143 -0.1813354 -0.1756210 -0.3100600 -0.1499618 -0.1256954 -0.3479626 -0.3936666 -0.2022646 -0.2530844 -0.0458417 -0.2191864 0.0020606 0.0366282 -0.1451487 -0.1466276 -0.3646933 -0.1556374 -0.1566305 0.0104540 -0.1900452 -0.1484238 -0.0774283 -0.0657946 -0.2572939 -0.3267671 -0.0827553 -0.0494739 -0.4112200 0.0252832 -0.0342234 -0.1916928 -0.1974233 -0.0554423 0.1676419 -0.5213096 -0.4294893 -0.3837250 0.0080145 0.1180081 -0.1380329 -0.3680410 -0.1247724 0.5138864 0.2143186 0.1786673 -0.1177180 0.2332623 0.0077487 0.3771023 0.3095276 0.0226125 0.2817020 0.0174729 0.1094960 0.0499948 0.3377653 0.1073719 -0.0396857 0.6187938 0.7258578 0.0664703 0.6387175 -0.0985384 -0.0541020 0.0006293 -0.1538566 -0.0323049 -0.3815893 -0.2263149 -0.0932713 -0.1960049 -0.0041942 -0.2704268 -0.1707854 0.0569163 -0.0237136 -0.2414017 -0.1907820 -0.0637484 -0.0696781 -0.3268257 -0.2501244 0.1681745 -0.1524517 -0.1362006 -0.0212493 0.2102128 -0.0445787
0.2951528 0.1428844 0.7348857 -0.0556703 0.6477995 -0.1955784 0.4245508 0.6334652 0.0215399 -0.3434187 -0.1857287 -0.0091073 0.0000000 -0.2864056 -0.1762162 0.3877949 -0.1883195 0.2286190 0.3689472 0.3342955 0.0351665 0.0611478 0.2736390 -0.1826939 0.2022941 0.2487367 0.0969247 -0.4502881 -0.1828104 -0.2543809 0.2041810 0.2451283 -0.3652511 -0.1698840 0.0487395 0.2062340 0.3759094 0.6319329 0.1640739 0.2757591 0.4750385 0.0814917 0.3323805 -0.4597577 0.2601609 0.2341398 0.3941774 0.5473890 -0.4487823 0.3170817 0.3352466 0.0559805 0.0938356 -0.1288883 0.4662819 0.4066840 0.4497169 -0.3198402 0.5338869 0.2950726 0.4042349 -0.0285564 0.4389594 0.3423174 0.6101639 0.5103601 0.1001607 -0.1328497 0.4476867 0.2974081 0.2888903 0.2740075 0.1229197 0.7826288 0.1142990 0.3329302 0.5307728 0.2373302 0.2335146 0.2331121 0.3976892 0.2486888 0.1688938 -0.3420860 -0.1690087 -0.0160472 -0.2440691 0.0575703 0.0261564 0.2343364 0.1383695 -0.0093530 -0.0501247 -0.0546422 0.2697836 0.1596883 -0.0120396 -0.3846403 -0.1231422 0.0989236 -0.0214101 -0.1891053 -0.2747763 -0.0960096 0.1387029 0.2975710 -0.1805991 -0.6022468 0.1258378 -0.4917577 0.1450371 0.1065271 -0.1363796 -0.5084183 -0.6027737 -0.3671868 -0.4974757 -0.0355510 -0.3735226 0.0367573 -0.4944694 -0.6179049 0.3171700 0.0316585 -0.3430909 0.0444844 -0.6394571 0.2625911 0.0476513 -0.2678279 -0.1589409 0.5249621 -0.3718759 0.1555272 0.3459738 0.2124372 0.2380802 0.1905698 0.1369608 0.2379830 -0.1043222 0.2623550 0.2636272 0.3180315 0.3545345 0.1491111 0.2361959 0.2489139 0.0811852 0.4305398 0.4129563 0.3998538 0.2155535 -0.0506451 -0.1106946 0.4069404 0.3295393 0.0934022 0.2034150 0.3791118 -0.3556075 0.3106092 0.2787812 0.4646284 -0.2503125 0.3193012 0.2786457 0.0857508 0.0883192 0.2338779 0.2142211 -0.1065994 0.3273632 0.0067748 0.2163848 -0.1370801 0.0103176 0.0493708 0.2735681 0.4287315 0.4561563 0.5091821 0.5830709 0.6924815 0.4197812 0.5522561 0.2198151 0.5061106 0.5415326 0.1310474 0.1638178 0.1432504 -0.1223153 0.1151355 0.0403766 -0.0681996 0.0120763 0.0197147 0.3207994 0.0299550 0.1272198 -0.5437586 -0.2515979 -0.2878062 0.3292570 0.5896406 -0.2892742 0.1454556 0.0289712 -0.4836853 -0.5459934 -0.1403987 0.6566660 0.5484420 0.1455752 0.1991526 -0.0320093 -0.0700041
0.4892587 0.3647901 0.0749953 0.3061059 -0.1608851 0.7404551 0.2164207 -0.1626092 0.6357175 0.7519032 -0.0337552 0.4880967 -0.2864056 0.0000000 0.5004107 -0.3883070 0.6759660 0.5466779 -0.1640882 0.2374160 0.1651317 -0.0396007 -0.1477426 0.7791605 -0.0693789 -0.0549887 0.4870216 0.7988265 0.5677904 0.6405911 0.3171759 0.1860549 0.6487820 0.7008679 -0.0547570 -0.0686958 -0.0098277 -0.0940150 0.3264707 0.0236524 0.2563543 0.1273017 -0.1193993 0.7588468 0.1732858 -0.2011971 -0.2304525 0.1356992 0.8052061 -0.0265515 -0.2265826 -0.0302839 0.6569066 0.4706979 0.0330083 -0.3136328 -0.0717691 0.7176853 -0.0820938 -0.0488110 0.1362972 0.1546789 -0.4171891 -0.0974645 -0.0475680 -0.1697546 -0.0052399 0.4327112 -0.5391688 -0.2222226 -0.3652601 0.1036343 -0.0599441 -0.2136775 -0.2902035 -0.1449339 -0.1888038 -0.4322031 -0.3480918 -0.1211860 -0.5309811 -0.0941535 -0.0496813 0.2059927 -0.0989402 0.3586629 0.2324838 0.1889624 0.4828237 -0.2979023 -0.1589025 -0.2297957 -0.0907222 0.1868123 -0.3197242 0.3734288 -0.1485542 -0.0102712 -0.1677576 0.2255634 -0.1233893 0.0755998 0.3288161 -0.1385154 -0.1625453 0.2200160 0.0321289 0.3651730 -0.3324133 0.1869167 -0.1291837 -0.5138443 0.0815089 0.5068377 0.3540794 0.2413355 0.5193778 0.3633057 0.3991849 -0.5099009 0.2237808 0.6108909 -0.1680644 -0.0539826 0.2504703 -0.6127033 0.4153369 -0.3240566 -0.7098254 0.1317109 -0.1158214 -0.0513845 0.1624636 -0.1231469 -0.1177716 -0.3653242 -0.3789239 -0.2338110 -0.1950616 -0.5417392 0.2452701 -0.4499383 -0.0365592 -0.3701649 -0.2149367 -0.4816649 0.1323466 0.1547168 -0.1104649 -0.5554924 -0.2366196 -0.2824308 0.1179616 0.0822587 0.2331288 -0.1830602 0.0157421 0.1292897 -0.1339774 -0.1335986 0.4681015 -0.3449592 -0.1759614 -0.0410998 0.3717465 -0.2587964 -0.0015944 0.3418145 0.3542404 -0.0992357 0.3772247 0.3724505 0.4059119 -0.1940616 -0.2042370 -0.1533257 -0.1709607 -0.2039730 -0.3759707 -0.4132985 -0.5752126 -0.4573308 -0.2913057 -0.4090708 0.2302103 0.1703608 0.4696605 -0.0890511 0.0198982 0.1223174 -0.4090086 0.0379502 0.2777259 -0.5008761 -0.5749675 -0.5057302 -0.4029385 -0.3702861 0.3513740 -0.6175062 0.4498325 0.4316980 -0.0198249 -0.1892355 0.4889795 -0.1114550 -0.2976045 0.4231696 0.3792196 0.2865965 -0.0886829 -0.5855064 0.2070553 -0.0891617 -0.5771659 0.3880489 0.4843342 0.6208693
0.5816345 0.5918689 0.1086128 0.8282333 -0.1331433 0.7591961 0.5571661 0.2104871 0.8515451 0.4453258 0.1677299 0.7785813 -0.1762162 0.5004107 0.0000000 -0.2460483 0.3085097 0.4248132 -0.3792841 0.2471804 0.6689255 -0.1162612 0.0696644 0.7042623 -0.3448961 -0.0324191 0.2520555 0.6105649 0.7555959 0.6545721 -0.3357793 0.1548959 0.6993867 0.7401536 0.4183786 0.3046107 0.2561924 -0.1724799 0.2447514 0.2076537 0.1388371 0.3320868 -0.0257134 0.7199562 0.2974209 -0.1136473 -0.1188116 0.0595296 0.7268255 -0.2338692 0.0815462 0.3044402 0.7681092 0.5559011 0.0562454 -0.0592479 0.1313566 0.7464554 0.1727845 0.1202045 0.4314898 0.2527994 0.0451797 0.2336600 0.4321162 0.1844324 0.2843250 0.6840977 -0.1405967 -0.0264792 0.0153116 0.4851705 0.2241188 0.1267192 -0.1893801 0.0842484 0.2188453 -0.0771658 -0.0011932 -0.1970416 -0.1151398 -0.0658982 -0.0258944 0.3148744 0.3810858 0.3008190 -0.2235815 -0.4562244 0.2381533 -0.1484769 -0.5827068 -0.4691668 -0.1322400 0.1551564 -0.0070381 0.2143151 -0.2556697 0.1274067 -0.6226456 0.3280979 -0.1347955 0.3167430 0.2649662 0.2264294 -0.1762651 -0.0476213 0.2601386 0.0852631 -0.1732048 0.3456762 -0.1677825 -0.2537185 0.1679338 0.5059698 0.3233105 0.2256477 0.6370019 0.1121223 0.2762025 -0.1652556 0.2777572 0.5267773 -0.1589097 -0.3605839 0.1084511 -0.3240300 0.0680659 -0.4974362 -0.4960017 -0.2800100 -0.2307841 -0.5701942 -0.3268088 -0.2812408 -0.3026601 -0.3229097 -0.5901470 -0.5620985 -0.4947890 -0.2823201 -0.2112910 -0.2608873 0.0151499 -0.2945740 -0.4395452 -0.4161193 -0.3664702 -0.3423224 -0.0338495 -0.3323840 -0.2459462 -0.2313216 -0.1723462 -0.1463372 -0.3575295 -0.2763591 -0.1298637 -0.4460355 0.1408542 -0.1586289 0.0219871 -0.4352406 -0.3454868 0.0575493 -0.4333476 -0.6179875 -0.4578019 0.1152281 0.1804958 -0.3904340 -0.4165097 0.0555038 0.5293504 0.1044052 0.1736716 -0.0384741 -0.0811331 -0.1364500 0.0408677 -0.0174461 -0.2877306 0.0080796 0.0394104 -0.0325687 0.3181132 0.5354262 0.3539637 -0.0156498 0.3238362 0.4882736 -0.1521045 0.3430594 0.2337724 -0.2789656 -0.3275718 -0.4747783 -0.4569543 -0.3411081 -0.2265380 -0.4185393 -0.2684421 -0.1261629 -0.5778278 -0.3644355 0.1424541 -0.2681572 -0.6052714 -0.2528902 -0.1129735 -0.1928872 -0.4948652 -0.3933170 0.0144879 -0.3678041 -0.5431163 0.0346994 0.4762084 0.1627745
-0.3643345 -0.2883255 -0.1213310 -0.1842979 0.2343380 -0.1521441 0.3226066 0.4265223 -0.0853612 -0.1688503 0.5551832 -0.0792967 0.3877949 -0.3883070 -0.2460483 0.0000000 0.1410716 -0.1788707 0.4251711 0.0129502 0.0869134 0.2635705 0.7745284 -0.4548999 0.3475710 0.6195698 0.1900330 -0.4270656 -0.0279783 -0.2451412 0.1912061 -0.0949679 -0.3023804 -0.3142085 0.3661089 0.3833107 0.1102072 0.3186382 0.1849130 0.3701624 0.0049094 0.2077429 0.5738262 -0.4145358 0.2143529 0.3677338 0.4943416 -0.0436676 -0.4057718 0.2743310 0.4606493 0.1681495 -0.2159982 -0.1184712 0.0536212 0.5186035 0.2998852 -0.2596160 -0.0480346 0.3313660 -0.0148713 0.2820485 0.3966953 0.6011609 0.2682834 0.4194071 0.4415513 0.0231287 0.6795529 0.7674244 0.6977347 0.3551618 0.5633200 0.4031026 0.6927740 0.7534674 0.5848118 0.7368008 0.7295475 0.4982382 0.7216087 -0.0439444 -0.2111871 -0.5441177 -0.3419552 -0.5227914 -0.4695413 -0.1591551 -0.2562272 -0.1542794 -0.1885235 0.0509657 -0.5374095 -0.4940278 -0.0001694 -0.2139635 -0.4280513 -0.4198935 -0.2652569 0.1003788 -0.3628476 -0.5354427 -0.6615817 -0.2384270 -0.3181386 -0.1834705 -0.3093048 -0.4523890 -0.2151691 -0.2295154 -0.3171548 0.0302704 -0.0898704 -0.5936991 -0.4065349 -0.4711476 -0.6411081 -0.2238100 -0.4648735 0.1580028 -0.3108078 -0.4346405 -0.1214548 -0.1125368 -0.5186515 0.4401278 -0.2806036 -0.3191927 0.3209949 -0.1331209 -0.2324430 0.0685275 -0.1727662 0.1953959 0.0875598 -0.3604112 0.1056414 -0.0261394 -0.1640370 0.2359940 -0.6082008 0.1409669 -0.4611512 0.1147480 0.0461656 -0.0862805 -0.1389725 -0.1973688 -0.2504040 0.1616665 -0.1094567 0.0185644 -0.1189376 -0.7163923 -0.4967939 0.0200469 -0.6224467 -0.2143361 -0.2724482 -0.2568388 -0.4780054 0.0742277 0.0671491 -0.3643396 -0.4672173 0.0230151 -0.2566009 -0.7256792 -0.7298670 -0.4119744 -0.3491027 -0.5630808 -0.0569673 -0.2399625 0.1598469 0.0998251 0.2919105 0.0991459 0.5183525 0.4741932 0.5028385 0.4390462 0.2766733 0.2375699 -0.3066048 -0.0617524 -0.5061534 0.0807714 0.2565276 0.1955664 0.2203974 0.3766556 -0.3979407 0.4446752 0.4549575 0.5578206 0.3349544 0.3879615 -0.0045831 0.3909903 -0.0328430 -0.1737833 -0.1558152 -0.1471152 -0.3675276 0.3284186 0.0379427 0.1620221 -0.0236562 0.0618892 -0.1309193 0.4199932 0.0163390 0.3852765 0.5291297 0.0817679 0.0626868 -0.4586093
0.1760989 0.0497672 -0.1901093 -0.0018025 -0.0591362 0.5449814 0.0920290 -0.0986484 0.4743330 0.7800002 0.3980770 0.3406733 -0.1883195 0.6759660 0.3085097 0.1410716 0.0000000 0.2800768 -0.2094649 -0.0822426 0.2332338 -0.0642317 0.4030400 0.3622185 0.0188820 0.3098203 0.6614032 0.4432993 0.5042167 0.4666984 0.1655823 0.1523603 0.3055390 0.3495123 0.3858985 0.0991079 0.2368382 0.0090310 0.6610317 0.4025213 0.1067750 0.1556924 0.4207231 0.4689907 0.1561820 0.1461792 0.3769106 -0.0381459 0.4612048 0.1237028 0.3673373 0.3737969 0.4323361 0.5919049 -0.0256291 0.0611589 0.3439214 0.5694170 -0.1860614 0.4704767 0.0855733 0.5970525 -0.2755012 0.3215056 0.0667877 0.1787282 0.5480773 0.5331073 -0.1081528 0.2964404 0.1518565 0.1498629 0.5226143 0.0430598 0.1085525 0.4473284 0.2067002 0.0177017 0.1537521 0.1425013 -0.1590765 0.0563643 -0.0236282 0.1999472 -0.0432084 0.1790794 -0.0329567 0.1312267 0.3849756 -0.3703989 -0.2059039 -0.2634438 -0.2397434 -0.0586121 -0.4232586 0.0940762 -0.1809892 0.1661331 -0.1979073 0.0880003 -0.1981117 0.0438997 0.0549410 -0.3951576 -0.2673885 -0.1047138 -0.0979029 0.2644187 -0.3169656 -0.0809059 -0.3346687 -0.4525317 0.0094675 0.2381363 0.4188859 0.0694357 0.1962748 0.2567041 0.1763724 -0.2954820 0.1454384 0.4791336 -0.0351365 -0.0896532 0.2046709 -0.3125710 0.4551755 -0.4835017 -0.3800525 0.1055993 -0.1458854 -0.1841493 0.2311838 0.0352516 -0.0668981 -0.6063503 -0.2184096 -0.2370022 -0.1941378 -0.4303545 -0.2085210 -0.4003706 -0.3932038 -0.2658943 -0.1461650 -0.5085060 0.1138696 0.0945078 -0.3098274 -0.5246412 -0.5078503 -0.1849675 0.1567933 -0.4294886 -0.0759067 -0.1258886 -0.3246322 0.0707434 -0.0750182 -0.3560492 0.2758162 -0.3061168 -0.1115526 -0.3915303 0.1856992 -0.3084301 -0.1646172 -0.0413544 0.0404265 -0.3397648 0.1096651 0.1102001 0.2421260 -0.3929429 -0.2670418 -0.0681801 0.0001898 -0.2137651 -0.0307931 -0.0988689 -0.3204668 -0.2888754 -0.2092739 -0.3935831 0.0240102 0.0626955 0.1495355 0.0150262 0.1657585 0.1581527 -0.2287620 0.1510660 0.0629483 -0.2349482 -0.2704809 -0.1918426 -0.1167126 -0.1878988 0.3153643 -0.3242611 0.3624600 0.3856171 -0.1054335 -0.1798018 0.1998827 0.0517330 -0.1945643 0.2018586 0.1503638 0.3659559 -0.0938821 -0.3740095 0.0421563 -0.0707056 -0.2950158 0.0267720 0.5777199 0.3824037
