0.0000000 -0.3482697 0.6054363 0.1069900 0.7710876 -0.0782273 0.3796159 0.4243108 0.1198094 0.0271489 0.0850805 0.0842622 0.7233800 -0.1694269 0.4730460 0.0430213 0.2924880 0.3147800 0.1367078 0.5831977 -0.2574819 0.4116379 0.3332644 0.3822983 0.2224746 0.2427925 0.3559937 0.0862501 -0.2498357 -0.3684217 0.5991500 0.5847321 0.4466773 0.1943642 0.3876057 -0.5556578 0.4351859 0.3728596 -0.4607078 0.3304571 0.6150090 -0.7424086 -0.1460564 0.5494313 -0.5643648 0.3945173 0.3604324 0.2602443 0.5554511 -0.0680694 0.2972007 -0.2209426 0.0426120 0.4687121 0.5292339 0.4869108 0.3981856 0.4416555 -0.4386142 0.3794736 -0.3417515 0.2617084 0.6920681 0.2093822 0.3630379 0.6011999 0.3456113 0.2555499 0.4460660 0.3518235 0.5014056 0.2477708 0.3615656 0.7079283 0.3077720 0.5274815 0.8030748 0.5468054 0.6184163 0.6068393 0.7432083 -0.1109927 0.5078496 0.0210816 0.0259243 -0.1460249 -0.2923954 -0.0525026 -0.2786272 -0.2469036 0.1578999 0.4606099 -0.2237041 -0.2647140 -0.1654946 -0.1839644 -0.0271722 0.0548341 -0.3234946 -0.3104678 -0.1888598 -0.1807913 -0.0634024 -0.1166107 0.2052362 -0.2096254 -0.2801085 0.0550422 -0.2967655 0.0735848 -0.4200948 -0.5235823 -0.5031076 -0.3626458 -0.2369162 -0.3719293 -0.2901971 -0.3768593 -0.4830915 -0.5368835 -0.1822441 -0.2606672 -0.5837697 -0.2923618 -0.1919473 -0.2595738 0.2577686 -0.3528986 -0.3207184 0.0462860 0.0731585 0.1579951 -0.0905226 -0.3574946 0.6018796 -0.4149319 -0.2977453 -0.5838659 -0.1754781 -0.5899740 -0.2097148 -0.6354309 0.1388955 -0.5723786 -0.5377549 -0.3262267 0.0462335 -0.1009450 0.3830814 -0.4475732 -0.2478106 -0.3665267 -0.0719549 -0.2646742 -0.1974325 -0.5536578 -0.2842179 0.0677359 -0.1113207 -0.5062865 0.1668383 -0.4641258 -0.6828202 -0.6410624 0.1236253 -0.3119178 -0.4460472 -0.0549021 -0.0817784 -0.6580647 -0.1298591 -0.0773396 0.1528035 -0.1382284 -0.2874778 0.3566214 0.1009567 0.2295309 -0.1620807 -0.2652548 0.0834069 -0.5244238 -0.6194620 -0.6745763 -0.6325154 0.1936593 -0.0147368 0.5626791 0.8302483 0.8044876 -0.6806714 0.5611923 0.4937953 -0.5621332 -0.5122236 -0.4584121 -0.4339698 0.4314308 0.4298860 -0.3606215 0.0859538 -0.2371538 -0.0157052 -0.1816594 0.5700406 0.6396283 -0.2371913 0.5405435 0.0143019 0.0357035 -0.0767001 -0.5793816 0.7984687 0.3441661 -0.5637973 0.7063455 -0.2052182 -0.3757942
-0.3482697 0.0000000 -0.2824157 0.5035679 -0.6066523 0.5013049 0.1840696 -0.0403896 0.2183793 0.1731422 -0.0385949 0.1900951 -0.5301576 0.3566514 -0.3824621 -0.0856377 -0.0946500 -0.1737348 -0.1733751 -0.4191901 0.5934304 -0.4256895 -0.3472604 -0.3605362 -0.2009898 -0.1434532 -0.1755308 -0.1552609 0.2562000 0.0748404 -0.3877970 -0.6360429 -0.4774295 -0.2065768 -0.3854052 0.5387922 -0.2817532 -0.4482939 0.0593616 -0.3342407 -0.4206545 0.6246486 -0.0942912 -0.5023365 0.5567928 -0.3529644 -0.2268409 -0.4430368 -0.4479852 0.0173058 -0.2173968 0.0237237 0.2411099 -0.4384657 -0.6409395 -0.4686213 -0.2484930 -0.3688182 0.5356188 -0.1928004 0.5955396 -0.1313926 -0.5164730 -0.1514923 -0.1618733 -0.5224527 -0.1868093 -0.1113755 -0.3699651 -0.1473966 -0.3608184 -0.0972999 -0.1203289 -0.3688522 -0.2770679 -0.2363650 -0.4278812 -0.3551610 -0.2788518 -0.3172749 -0.4155557 -0.2265593 -0.2333587 0.0378087 -0.1447571 -0.0982855 -0.1858147 0.1368762 0.1061175 0.1970952 -0.2229161 -0.3630578 -0.1162112 -0.2064710 0.1489025 0.0646199 -0.0824318 -0.0709215 0.0788693 -0.4113262 0.1835180 0.0169811 0.0970785 -0.1853772 -0.0110629 0.2345665 0.2157782 -0.0717564 0.7013710 0.0083807 0.2663818 0.3515070 0.2843637 0.3787828 0.1239932 0.3349401 0.2791804 0.3063468 0.4882345 0.4983155 0.2107898 0.1286820 0.1333312 0.3675727 0.1928592 0.6936123 0.1213350 0.1008667 0.6412304 0.0723299 0.1677807 0.2727631 0.2044159 0.1977940 -0.0000609 0.6479325 0.5258294 0.6113480 0.2026079 0.6680541 0.5759966 0.7704205 0.1926554 0.6496051 0.4956945 0.6032258 0.3109523 0.5263247 0.0453627 0.8235663 0.5446783 0.7211667 0.6087864 0.6007367 0.5430124 0.6767596 0.0674236 0.3619447 0.4530896 0.3083802 0.3054570 0.6810290 0.2842427 0.2525939 0.3521886 0.2470386 0.4063512 0.5540450 0.5982622 0.2900412 0.3799167 0.3920948 0.0781793 0.2456626 0.6996047 0.0770813 0.3397130 -0.2769242 0.6354613 0.2534045 -0.3740656 0.5405229 0.6583333 0.7373873 0.5457279 -0.0930439 0.0152884 -0.3546696 -0.6225820 -0.3835656 0.5135494 -0.2497061 -0.1901845 0.4890660 0.6515028 0.5963656 0.6102550 -0.2397038 -0.1317734 0.6561253 0.0353745 0.1157873 -0.1054210 0.0391666 -0.4984808 -0.4594076 0.4691281 -0.3851489 0.1226621 0.2403153 -0.0298016 0.4842273 -0.5167609 -0.2592790 0.2585643 -0.4273584 0.3761357 0.2346645
0.6054363 -0.2824157 0.0000000 0.3394842 0.4649977 0.1884597 0.5355379 0.7132514 0.4760451 0.3256747 0.4170003 0.2875792 0.7945782 0.1744547 0.2376624 0.1953103 0.3635547 0.0099249 0.0906700 0.5556100 -0.3143427 0.3349234 0.3433617 0.1559446 0.1308862 0.3014669 0.4037568 -0.0651860 -0.2229208 -0.1971772 0.5833489 0.4768196 0.1688828 0.1082898 0.4239588 -0.6850486 0.4152651 0.4145348 -0.2949984 0.1016289 0.7011438 -0.5924534 0.3001558 0.1917657 -0.0483731 0.4068917 0.3920104 0.5493357 0.2422895 -0.1786781 0.3410315 -0.0544395 0.4164531 -0.0257410 0.5975641 0.4879905 0.4392538 0.0590927 -0.3746849 0.3663524 -0.2609283 0.1481312 0.4616867 0.3712439 0.3860671 0.5229636 0.3891245 0.1337018 0.4767449 0.3240715 0.4361877 0.6517614 0.2798898 0.3567158 0.3826293 0.3418299 0.6708365 0.3290561 0.3738299 0.7322805 0.2681232 -0.2370381 -0.1103993 0.0958148 -0.1477244 0.0808551 0.0063334 0.2433387 -0.1656541 -0.4515385 0.3314193 0.3421095 -0.2492980 0.0606770 0.0096001 -0.1215376 0.4124090 -0.2289796 -0.2273028 0.0603330 -0.2866559 -0.0954093 0.1146792 -0.2730639 0.4867825 -0.2335732 -0.3809896 -0.0536604 -0.5044832 -0.3578752 -0.2874848 -0.8293771 -0.6886685 -0.5831367 -0.3233474 -0.6225833 -0.4606897 -0.5333347 -0.7420553 -0.7042137 -0.4697410 -0.4081875 -0.3917355 -0.4682891 0.0570213 -0.4762319 -0.0437779 -0.3136556 -0.3800477 -0.1219567 -0.1269856 -0.0653943 -0.3395677 -0.3201641 0.4437028 -0.6541002 -0.5345932 -0.5292719 -0.3168178 -0.6339267 0.1005660 -0.6339871 -0.2485824 -0.7105897 -0.4378367 -0.5448153 -0.0425963 -0.1407041 0.1782194 -0.5005697 -0.4399594 -0.4292802 -0.4072283 -0.0326117 -0.3005117 -0.5858867 -0.3993122 0.1033533 -0.3777513 -0.7206161 0.0787302 -0.3625129 -0.7372505 -0.5960124 -0.1006360 -0.2052562 -0.2408373 0.0098380 -0.2696592 -0.5961205 -0.0453903 -0.2249207 0.3413993 0.1460514 -0.0865595 0.4870531 0.1552545 0.1128867 -0.3691121 -0.6351281 0.0078243 -0.4123825 -0.4723131 -0.5136927 -0.5955473 -0.1944164 0.2170776 0.3712158 0.6695546 0.6029190 -0.8036238 0.8122854 0.5581557 -0.6221157 -0.5830581 -0.5118734 -0.4175057 0.5172020 0.2477746 -0.5537121 -0.0621905 -0.1041382 -0.4049162 -0.4383403 0.6280551 0.6297126 -0.1896981 0.4821592 -0.2430989 -0.2727163 -0.5007081 -0.6146314 0.5808461 0.4388313 -0.0835950 0.3518939 -0.4053683 -0.2876633
0.1069900 0.5035679 0.3394842 0.0000000 -0.4501240 0.6898712 0.5917177 0.5123044 0.6191716 0.6264863 0.3719791 0.6240328 0.0676855 0.5051084 -0.0273649 0.2151071 0.1336650 0.0914984 0.2298596 0.1784575 0.5137462 0.1097953 -0.0213761 -0.0161003 0.1235042 0.2118901 0.3238474 0.0605609 0.4465985 0.1810093 0.3006245 -0.3033829 -0.1287413 0.1436428 0.0021296 0.2966043 0.1172145 0.0705342 -0.0686101 -0.0895559 0.3320700 0.2545342 0.1446764 -0.1686174 0.4893614 0.0034702 0.2370774 0.2644060 -0.0072684 -0.0111008 0.1502911 0.1012344 0.7040608 -0.1139097 -0.2053514 -0.0102116 0.2620442 0.0185655 0.3490275 0.2363129 0.3468851 0.0746851 -0.0277585 0.3082519 0.2883667 -0.0826697 0.1662072 0.1822612 0.2157088 0.2462850 0.0831533 0.4772724 0.1635053 -0.1454456 0.3146448 0.1837570 0.2137585 0.1284573 0.1842872 0.2836835 -0.1454821 -0.2131851 -0.1992719 0.4794475 0.1865966 -0.0228311 -0.2951226 0.2927490 0.1923198 -0.1234231 0.2166464 0.0438368 0.0533550 -0.0188100 0.2966081 -0.1457053 0.1269416 0.1113648 -0.3466056 -0.2572511 -0.0513643 0.2377069 0.2164061 -0.3883049 0.2844754 0.2538962 0.0756464 0.2511170 0.3040491 0.0246624 0.1465323 -0.1094371 -0.3791787 -0.2443360 -0.2033641 -0.4448051 -0.3600541 -0.1564069 -0.2729664 -0.1969843 -0.3588657 -0.4556397 -0.1002518 0.2525117 0.6255616 0.3822494 0.4023988 0.2805921 0.4880745 0.2631263 0.4003135 0.1836489 -0.0574407 -0.0726846 0.0017052 0.1306933 0.0279922 0.1240251 -0.3724099 0.0714364 0.3808049 0.1318605 -0.0001175 -0.0028727 0.0427857 0.4545157 -0.1937039 0.0095926 0.1451794 0.3791486 0.4661322 0.2493044 0.3482019 0.6681252 0.0902556 0.1937661 -0.0118664 0.5674976 0.3470301 -0.0163906 0.5906284 0.5679653 -0.2271003 0.0439905 0.4661960 -0.1974674 -0.0007416 0.4609699 0.4799498 0.0481549 0.2755414 0.2907200 0.5519886 0.3923828 0.4522828 0.3946847 0.4958608 -0.1970219 0.3849398 0.0716908 -0.1741785 0.3967796 0.1499505 0.2021484 -0.0514743 -0.2562356 -0.1459768 -0.4034925 -0.1596214 0.1316014 -0.1510480 0.5139078 0.1957451 0.0035898 0.0626452 0.1354158 0.1190161 0.4343367 -0.0931076 0.2109323 -0.0441392 -0.1053254 -0.1166917 -0.0462781 0.2074016 -0.0517224 0.3548305 0.4003942 -0.2198078 -0.0998864 -0.0438384 -0.0008192 0.0921587 0.4825328 0.2065366 0.1852770 -0.2730261 -0.3935163
0.7710876 -0.6066523 0.4649977 -0.4501240 0.0000000 -0.5392976 -0.0677008 0.0980995 -0.2929554 -0.4239318 -0.2241389 -0.3093543 0.6156173 -0.4235907 0.3234622 -0.2342953 0.0808013 0.0620158 -0.1506517 0.4962310 -0.5862152 0.1578827 0.1575834 0.3008137 -0.0651075 -0.0490832 0.0330387 -0.0316165 -0.5345001 -0.4110928 0.3159685 0.6227096 0.4045346 0.0529106 0.2504677 -0.7347240 0.1868258 0.1822214 -0.2740534 0.2836144 0.3885581 -0.8204024 -0.2008958 0.4445030 -0.7336842 0.2178154 0.0541224 0.1526943 0.3485723 -0.2016518 0.0526600 -0.2044260 -0.3465839 0.3083320 0.6518624 0.3697835 0.0889525 0.1743413 -0.6652686 0.0703316 -0.4940987 0.0214470 0.5781272 -0.0928060 0.1484468 0.4974300 0.0889371 -0.0378482 0.1841383 0.0269954 0.2673976 -0.0644250 0.0878413 0.7168885 -0.0334432 0.1848920 0.5288379 0.2668584 0.2757655 0.3257531 0.6381831 0.0049393 0.4401088 -0.1661085 -0.0887216 0.0008206 -0.1458579 -0.2168571 -0.3167368 -0.1906247 0.0059439 0.2432302 -0.2453058 -0.2232886 -0.3178191 -0.1254861 -0.0904363 -0.1789814 -0.1158958 -0.0364779 -0.2054824 -0.3349332 -0.0699858 0.0924225 0.0315740 -0.3490339 -0.2609166 -0.0523987 -0.4665124 0.0145466 -0.5059043 -0.4528296 -0.2498647 -0.1786383 -0.0563616 -0.0924339 -0.0188298 -0.2343097 -0.2968851 -0.3562954 0.0010639 0.0609828 -0.4687824 -0.5784840 -0.4851833 -0.4503679 -0.0884129 -0.5107528 -0.5586113 -0.2779540 -0.2521006 0.0496212 -0.1045757 -0.3720396 0.6465248 -0.5246081 -0.3281197 -0.5728000 0.1265054 -0.5621488 -0.2577880 -0.6239069 0.1566059 -0.5308948 -0.4663824 -0.6111691 0.2194789 -0.0655824 0.3894126 -0.6010468 -0.5357571 -0.4952550 -0.2985184 -0.5457722 -0.1951761 -0.6414489 -0.3315715 -0.3205156 -0.3021496 -0.5037253 -0.1810367 -0.7212409 -0.4801004 -0.5860080 -0.1585273 -0.1323820 -0.3386062 -0.2147766 -0.3533875 -0.6223503 -0.1353099 -0.1525483 -0.1825372 -0.3007783 -0.4418114 0.1199431 -0.1901391 0.4039709 -0.4241767 -0.4108766 0.2731937 -0.7380143 -0.6906148 -0.7466866 -0.5544696 0.3052065 0.1600185 0.7989281 0.8565614 0.6208818 -0.5745856 0.2047366 0.3207392 -0.5077403 -0.5001279 -0.4571362 -0.4353761 0.1001288 0.4004630 -0.4417668 0.0404862 -0.0457492 -0.0125265 -0.1429921 0.4069957 0.5910348 -0.3676555 0.2112566 0.0857231 0.1050788 -0.0900467 -0.4990622 0.6778670 0.0093473 -0.5415848 0.4296647 -0.0056449 -0.0709975
-0.0782273 0.5013049 0.1884597 0.6898712 -0.5392976 0.0000000 0.6212777 0.5533391 0.7344021 0.7580624 0.5345577 0.4681365 0.0882143 0.6639523 -0.0871218 0.4074781 0.4142086 0.2069853 0.2766756 -0.2086385 0.4152447 0.1537701 0.2776279 -0.1211672 0.3772337 0.4285510 0.4354572 0.1344027 0.3271049 0.3181908 0.1508613 -0.0337577 -0.2417000 0.0230703 0.2013686 0.3053904 0.3765431 0.1843897 0.0225035 -0.0083188 0.0763526 0.3495876 0.4359679 -0.1722460 0.4714657 0.2602592 0.4151989 0.0088841 -0.0138589 0.3405307 0.3567350 0.2451071 0.5291013 -0.0450716 -0.3261255 0.1111350 0.4346529 0.1014849 0.4023716 0.4052096 0.2638337 0.3870412 -0.0605746 0.4254173 0.1135119 0.0993135 0.3511651 0.4384622 0.2378764 0.4104328 0.2767561 0.4631217 0.3895165 -0.2007645 0.4394330 0.3234418 0.1708117 0.2315162 0.2613419 0.2330023 -0.1169955 -0.5262162 -0.2426152 -0.0286863 -0.0142218 -0.2420934 -0.0509904 0.3829753 -0.0673125 -0.1352421 -0.0716194 0.1056323 -0.1002018 0.1426732 0.0113515 0.1419796 0.1047876 0.1031654 -0.1644674 -0.0273357 -0.0986102 0.0969807 -0.0296401 -0.4278180 0.2759578 0.0679263 -0.1001944 -0.1923801 0.0972829 -0.1525586 0.0311704 -0.0465285 -0.0921694 -0.0988888 0.0739827 -0.2113640 -0.1305257 0.0708052 -0.1364910 -0.1046960 -0.1487524 -0.3401165 0.2216747 0.3282950 0.3171585 0.1932543 0.4039949 0.2333584 0.2981779 0.3900797 0.3348824 0.0745955 0.1951553 0.1391182 -0.2104513 0.1332043 0.0967752 0.2107161 -0.1968588 0.0910492 0.1281453 0.1673347 0.0091732 -0.0579579 0.0500837 0.3524446 0.0310812 0.2191635 -0.3091813 0.1638217 0.1327389 0.1208493 0.1361158 0.4499852 0.1757826 0.1816564 0.1987502 0.7120208 0.3257254 -0.0856587 0.4719896 0.3971074 -0.0351378 0.0074816 0.3268473 0.0811161 0.2752641 0.3333129 0.3415280 0.0943155 0.2448588 0.0154060 0.2005900 0.2376232 0.3942398 0.3562737 0.3259153 -0.5205937 0.2838646 0.1029443 -0.3700318 0.3882121 0.2961612 0.3243698 0.2131764 -0.3605610 -0.0195346 -0.4122858 -0.2722308 -0.1946278 -0.0590406 0.2200503 -0.1776153 0.0413433 0.0801610 0.1137988 0.1193421 0.0935121 -0.1761037 0.1309581 0.0351360 -0.2698904 -0.2666911 -0.2740751 -0.0592979 -0.1059724 0.2260052 0.1525369 -0.0916369 -0.2329971 -0.3019304 -0.0646239 -0.1898566 0.2415777 0.1906144 -0.0243768 0.0857336 0.0378171
0.3796159 0.1840696 0.5355379 0.5917177 -0.0677008 0.6212777 0.0000000 0.5845174 0.6392546 0.5406484 0.4086321 0.4686403 0.2724447 0.2501116 0.1028736 0.2182391 0.3608045 0.1266129 0.2076291 0.1394582 0.3849948 0.1819607 0.2115948 0.0350797 0.2275489 0.2887308 0.4657386 -0.0589071 0.1133153 -0.0382020 0.2766634 0.1097077 -0.0516482 0.0415334 0.2282926 -0.0757589 0.2702964 0.1976936 -0.4011067 -0.0606050 0.4203507 -0.0865007 0.1754997 -0.0050693 0.2362319 0.2155335 0.3713280 0.2535371 0.0788169 0.0034251 0.3301711 -0.1183599 0.3500568 0.0096363 -0.0219428 0.1278092 0.3705461 0.0938696 0.2156959 0.3903366 0.2191638 0.2870471 0.1282780 0.2928380 0.1372961 0.2558333 0.4402931 0.2141529 0.2894342 0.3447968 0.3907415 0.4460179 0.3314146 0.1180516 0.3524178 0.3919107 0.4907892 0.2924041 0.4038520 0.5982841 0.1609066 -0.3194114 -0.0500918 0.1329665 0.0284505 -0.2830529 -0.2017942 0.5028641 -0.2565385 -0.3064503 0.0239795 0.1874475 -0.3247106 0.0629362 0.0024620 -0.1143703 0.1084695 -0.1807344 -0.1377774 -0.2167049 -0.1327914 -0.0248221 -0.2542787 -0.2528117 0.3286052 0.0467797 -0.4477914 -0.2434338 -0.1723797 -0.2361686 -0.0789807 -0.4472990 -0.6124325 -0.4434969 -0.3181310 -0.5824814 -0.4622327 -0.2589873 -0.4683290 -0.4278229 -0.4432480 -0.5450025 -0.2889462 0.1053247 0.1707295 0.0791545 0.1458062 -0.0112254 0.1732090 0.0969963 0.2045331 0.2220433 -0.2977360 -0.0267097 0.2663749 -0.1748916 -0.1194738 -0.1513536 -0.3555482 -0.1531336 0.2403956 -0.2171344 -0.2048541 -0.2460527 -0.0624326 0.0262029 -0.1221584 -0.0103823 0.0185737 -0.0987036 0.0380821 0.0906756 0.0264398 0.2672059 -0.3042558 -0.1741877 -0.0950790 0.5421160 -0.0037928 -0.3744959 0.2341712 0.0988368 -0.6386878 -0.2526963 0.1417299 -0.3459376 -0.1511063 0.3745997 0.3943454 -0.3888281 0.1375285 0.1257919 0.1792433 0.0745707 0.2097309 0.4847206 0.4742462 0.0604126 0.2504199 -0.2181319 -0.4100602 -0.1382595 -0.0008889 -0.0782499 -0.1657304 -0.0523057 0.4052962 0.1157601 0.3302614 0.4387764 -0.3708577 0.6349751 0.3693445 -0.2342058 -0.1009838 -0.1004393 -0.0151550 0.2726058 0.3443226 -0.0372091 -0.2481122 -0.3869290 -0.2280998 -0.1876316 0.5080339 0.3505948 0.1062084 0.4131796 -0.4786813 -0.4491600 -0.4379608 -0.3204577 0.4201091 0.4899787 0.0158429 0.1897588 -0.2569055 -0.1005178
0.4243108 -0.0403896 0.7132514 0.5123044 0.0980995 0.5533391 0.5845174 0.0000000 0.5638074 0.7417239 0.7452131 0.3537828 0.7064487 0.4403209 0.1130542 0.4702909 0.7069530 0.0393303 0.5358467 0.1323056 0.0607822 0.5031237 0.4720367 -0.0951248 0.5814559 0.6255063 0.7261078 -0.0793061 -0.0690322 0.1130371 0.5788406 0.3782695 -0.1389211 -0.0993778 0.5261552 -0.2028278 0.6173849 0.5315609 -0.1184877 -0.0490950 0.3772410 -0.1877861 0.5554052 0.0063413 0.1497376 0.5184327 0.6676134 0.2123999 0.1714113 0.2093347 0.5843697 0.2654647 0.5636923 0.0461553 0.1105134 0.5117751 0.6832757 0.2696087 0.0941340 0.5857584 0.0916573 0.4889328 0.5455785 0.7219278 0.7288304 0.4565688 0.5789844 0.5236087 0.7002711 0.6751818 0.6132254 0.8624060 0.4897942 0.4800896 0.6931227 0.6055010 0.7141700 0.6639650 0.6233182 0.6699894 0.4322724 -0.2765155 -0.2573836 0.0875242 -0.1631282 0.0596570 0.1394475 0.1016796 -0.0892808 -0.4103772 0.2257823 0.5451945 -0.1729151 0.1894751 0.0661798 0.0949647 0.3897650 0.1071051 -0.3223104 -0.0542556 -0.3882800 0.2248948 0.1600546 -0.5878905 0.5400076 -0.2459857 -0.3055786 -0.1279759 -0.4529776 -0.3473447 -0.2994976 -0.5822905 -0.5277300 -0.6836927 -0.3238098 -0.6848822 -0.6248255 -0.5347340 -0.6323027 -0.6661437 -0.5511822 -0.7256026 -0.0466087 -0.1772040 0.2965149 -0.2929065 0.3112991 0.1405363 -0.2009307 0.0716370 0.1229493 0.2463706 -0.0517718 -0.4287343 0.1001810 -0.2577091 -0.4950436 -0.2644029 -0.3466321 -0.3078024 0.0417683 -0.3336635 -0.2206108 -0.3647809 -0.3482259 -0.1974485 -0.0832600 -0.1538046 -0.1554440 -0.2171904 -0.1017676 -0.0861029 -0.2691806 0.1231913 -0.1147478 -0.1644055 -0.0524861 0.4855218 -0.0341374 -0.2900153 0.3259098 -0.0547672 -0.4149343 -0.1744411 0.0916547 0.0642525 0.0700866 0.1262242 -0.0287347 -0.3629217 0.0002018 -0.2785788 0.2251217 0.1414542 0.0283772 0.4357258 0.2969097 -0.1687899 -0.0855770 -0.0597392 0.0648618 0.0657187 -0.1388414 -0.1695291 -0.1027566 0.0076710 0.0352791 -0.1395460 0.3284444 0.4276402 -0.6190783 0.6609658 0.2660776 -0.3292664 -0.4350544 -0.3158003 -0.1087620 0.6222628 0.3785556 -0.3997880 0.0342552 -0.2643307 -0.1727865 -0.1219377 0.2083021 0.5066696 -0.1715560 0.3922105 -0.2181473 -0.1637544 -0.4255940 -0.2440376 0.1670450 0.7077727 0.2709536 0.2065989 -0.3668838 -0.4355711
0.1198094 0.2183793 0.4760451 0.6191716 -0.2929554 0.7344021 0.6392546 0.5638074 0.0000000 0.6526538 0.6495966 0.8000278 0.3324603 0.8243574 0.4679597 0.5657096 0.3705950 0.5230506 0.3009741 0.1173014 0.0948963 0.3327284 0.4870313 0.3878790 0.3271632 0.6270699 0.4420365 0.4792732 0.5434814 0.3695869 0.4290210 0.1533946 0.2888079 0.5141500 0.5448799 -0.0263003 0.5578770 0.2736179 0.1506022 0.3418665 0.2680323 -0.0830881 0.5907609 0.2905589 0.2629785 0.5196633 0.6337755 0.2061289 0.4160581 0.1797199 0.6105007 0.4333543 0.7845953 0.2427592 -0.0331923 0.3663529 0.6177468 0.3464709 -0.0570631 0.6226215 -0.0908216 0.4995264 0.2201747 0.6216932 0.2644446 0.3638915 0.6692107 0.4234477 0.4419981 0.5364927 0.5058304 0.6701343 0.6491421 -0.1022364 0.5915267 0.5322109 0.4266290 0.3133348 0.4117795 0.5353120 -0.0448260 -0.3746747 -0.1274601 0.2063276 0.0610252 -0.1725881 0.0597880 0.4728792 -0.0175508 -0.1192757 0.3458036 0.4473634 0.0061422 0.1767255 0.2276513 0.2562530 0.5836702 0.0832769 0.0356687 0.0191449 0.0055850 0.0076861 -0.0339702 -0.1224688 0.7544546 0.3267302 -0.1652203 0.1010930 -0.1803671 -0.1634121 0.2470458 -0.4376001 -0.4068584 -0.2499467 -0.0135847 -0.4164231 -0.2762585 -0.2026132 -0.4612962 -0.4848634 -0.2947914 -0.4305791 0.0006527 0.2910654 0.5182309 -0.2069333 0.0840108 -0.0277495 -0.0691775 0.5405496 0.5043182 -0.1256182 -0.0107890 0.1149535 -0.0129754 -0.2882693 -0.1269716 -0.2354054 -0.3012880 -0.3647070 0.1002125 -0.2548791 -0.2713095 -0.4223513 -0.1568132 -0.1004706 -0.1437089 0.0338577 -0.1096621 -0.1601236 -0.2049417 -0.2511684 -0.1619744 0.1387654 -0.1379811 -0.2054589 0.0932027 0.2473817 -0.1893227 -0.2873479 0.0917601 -0.0579775 -0.3095619 -0.2432896 -0.0910505 -0.2920467 -0.1291812 0.1413679 0.0603747 -0.1031835 -0.1094639 -0.2171005 0.2669321 -0.0041380 -0.0466225 0.1838061 0.0053968 -0.2725879 -0.2040981 -0.2842299 -0.4608244 0.0089048 -0.0921805 -0.0138638 -0.3156662 -0.4598524 -0.1055045 -0.2189287 0.0436607 0.2048039 -0.4100009 0.6421975 0.2388195 -0.3884964 -0.3894011 -0.3715267 -0.2340053 0.3041801 -0.1637774 -0.3579336 -0.1326722 -0.1828693 -0.2340181 -0.3994591 0.2478265 0.0338690 -0.0499283 0.5014307 -0.1376080 -0.3679813 -0.2623559 -0.3026497 0.1114473 0.3287863 0.0393508 0.2483455 -0.2347570 -0.1613944
0.0271489 0.1731422 0.3256747 0.6264863 -0.4239318 0.7580624 0.5406484 0.7417239 0.6526538 0.0000000 0.8924284 0.3201323 0.2458660 0.5978619 -0.0115860 0.7834487 0.7507071 0.1106158 0.6816951 -0.2061007 0.2279404 0.5376400 0.6014327 -0.1967266 0.7190216 0.7554719 0.7702783 0.0493742 0.1352073 0.3888757 0.4159718 0.1554622 -0.2227245 -0.1101275 0.4947129 0.1560264 0.6389240 0.5383266 0.0347685 -0.0315179 0.2020249 0.1615225 0.6798032 -0.0400378 0.3057836 0.5139047 0.7347271 0.1694388 0.1555503 0.3921537 0.6793189 0.3089556 0.5331631 0.0819524 -0.2186820 0.3654727 0.7140543 0.3803688 0.4380660 0.6951102 0.1769766 0.6006043 0.1465176 0.7917225 0.4299037 0.2664796 0.6388102 0.6885934 0.5962081 0.7305339 0.5578736 0.7773366 0.5460900 -0.0073901 0.7525242 0.6089528 0.3611475 0.5347414 0.5742104 0.4832019 0.1022795 -0.3041805 -0.3323775 0.0365001 -0.0290161 -0.0783236 0.2597304 0.2108849 0.0221055 -0.1653172 0.2349471 0.4380283 -0.0510052 0.1247821 0.2757353 0.2538677 0.3553543 0.3830713 -0.1342851 -0.0601847 -0.0864212 0.4720321 0.0993652 -0.4599082 0.4503400 0.0351431 -0.1790736 -0.1152771 -0.2542742 -0.2454934 0.0373383 -0.2529380 -0.3194883 -0.5183682 -0.2713102 -0.5382296 -0.5555396 -0.2951767 -0.4153193 -0.3736051 -0.3645402 -0.6235916 0.0618617 0.3453974 0.4559419 -0.1038725 0.4325505 0.2926516 0.1056050 0.4738732 0.4184309 0.1499583 -0.0389824 -0.1386579 -0.3927372 -0.0772685 -0.2873721 0.0313316 -0.5538568 -0.0485216 -0.1135246 -0.1098931 -0.4200366 -0.1412665 -0.2816430 0.1151507 -0.3995450 -0.2773019 -0.4968573 -0.0155874 0.1213751 0.0225378 -0.1824706 0.1742026 -0.2316849 0.1443128 0.1480277 0.4797144 0.0695398 0.0168121 0.2224080 0.2595693 -0.1405040 0.1234650 -0.0019056 0.0746204 0.1140786 0.0331917 0.0914749 0.0081474 -0.1824219 -0.2870057 0.4694501 0.3009754 0.0675362 0.2047132 0.2160266 -0.4565399 0.0594356 0.1833421 -0.2799593 0.3497302 0.1955607 0.1332589 0.0607343 -0.2674487 -0.0745043 -0.5311786 -0.1656868 0.0424531 -0.1703478 0.4664717 0.1753041 -0.0319952 -0.1437131 -0.1021452 0.0647281 0.5114708 0.0772291 -0.1715291 -0.0157542 -0.4326693 -0.1935804 -0.0717194 0.1065159 0.2265331 -0.0439551 0.3053965 -0.2259686 -0.3955402 -0.3400892 -0.0558962 -0.1343445 0.6211921 0.3504213 0.0001864 -0.4773762 -0.5116667
0.0850805 -0.0385949 0.4170003 0.3719791 -0.2241389 0.5345577 0.4086321 0.7452131 0.6495966 0.8924284 0.0000000 0.3110299 0.3921599 0.6013694 0.1919668 0.9021905 0.8459488 0.1886831 0.7253404 -0.1915553 -0.0305191 0.6002118 0.7896233 -0.0475414 0.7524410 0.9067304 0.8051827 0.1411016 0.0895869 0.3707985 0.5086059 0.3314853 -0.0424647 -0.0071213 0.7368515 -0.0563028 0.7911435 0.6210867 0.1211039 0.1320134 0.1593383 -0.0670847 0.8198183 0.1537570 0.1305460 0.6933978 0.8580017 0.1435835 0.3349943 0.4395613 0.8532029 0.4184437 0.5512394 0.1870064 -0.0893971 0.5382190 0.8163077 0.5031722 0.1381564 0.8235121 -0.0601890 0.7276886 0.3300810 0.9419972 0.5523658 0.4210579 0.8214107 0.7426647 0.6825874 0.8708798 0.7119780 0.8959011 0.7004906 0.1425535 0.8196409 0.7423205 0.4780592 0.6178022 0.6503803 0.5660618 0.2014571 -0.1562713 -0.2739975 0.0126702 -0.0391311 0.0497210 0.5052659 0.1938499 0.0898931 -0.0645561 0.4477296 0.6689000 0.0383657 0.2134590 0.4143717 0.4756695 0.6558951 0.4401279 0.1050689 0.0772117 0.0122436 0.4769341 0.1414786 -0.2687213 0.6922450 0.0999215 -0.1718545 -0.0666458 -0.4609293 -0.2725339 0.1509329 -0.3982467 -0.2926328 -0.5565034 -0.2609500 -0.5010110 -0.5588393 -0.4220997 -0.4457713 -0.5048326 -0.3366376 -0.5769378 0.0581348 0.3089482 0.4052901 -0.4177681 0.2104371 0.1063615 -0.2051198 0.4987821 0.3984155 0.0788731 -0.0696041 -0.0884610 -0.3194292 -0.2324171 -0.3446717 -0.1397725 -0.4234662 -0.2525321 -0.2022926 -0.2976546 -0.5577916 -0.2546736 -0.3641229 -0.2107739 -0.3362012 -0.2991408 -0.5081087 -0.2369057 -0.1714792 -0.1516142 -0.4092687 -0.1135978 -0.2955576 0.0039983 0.1803601 0.1614316 -0.2116293 -0.0071311 -0.0462500 -0.0554410 -0.1591103 0.0655930 -0.2603871 0.0527183 0.0446765 -0.1555570 -0.1558809 -0.0254546 -0.4117070 -0.4745826 0.3880892 0.1052017 -0.2243753 0.0386408 -0.0433874 -0.3268887 -0.2626990 0.0603461 -0.2187484 0.1658887 0.0366066 0.0055023 -0.0919739 -0.2472352 -0.1295198 -0.4133650 -0.0006641 0.1821155 -0.2660549 0.5492007 0.2519680 -0.1843469 -0.3767707 -0.3449274 -0.0976211 0.5212868 0.1149424 -0.4699811 -0.0246500 -0.3443157 -0.1342138 -0.0959268 0.1081318 0.3823852 -0.3042443 0.3194974 -0.1624620 -0.3783583 -0.3379582 -0.1111444 -0.1044996 0.5930276 0.2895466 0.0193567 -0.5771384 -0.5359443
0.0842622 0.1900951 0.2875792 0.6240328 -0.3093543 0.4681365 0.4686403 0.3537828 0.8000278 0.3201323 0.3110299 0.0000000 0.2384649 0.6263473 0.5927531 0.2227729 -0.0704338 0.5747619 0.1829857 0.3338559 0.3009551 0.2095304 0.0854595 0.5526550 0.0973995 0.3125600 0.1323663 0.5036132 0.8185492 0.2230700 0.3923001 -0.1026069 0.4140778 0.7210713 0.2361216 0.1497391 0.2007160 0.0753721 0.0981131 0.2599935 0.2191645 -0.0002034 0.1977943 0.2937076 0.3560225 0.2363980 0.3347697 0.1937108 0.3968653 0.0311191 0.2730224 0.3312995 0.8660603 0.2444710 -0.0261332 0.2155840 0.3397586 0.2630862 -0.1212824 0.2803871 0.0152656 0.2151968 0.2909011 0.3843050 0.3644694 0.1770467 0.3553652 0.1146634 0.3410645 0.2768364 0.2565487 0.4846491 0.3810044 -0.0910655 0.4098116 0.3212820 0.3715760 0.2134026 0.2265284 0.3764172 -0.0558521 -0.0456901 -0.0228067 0.5268396 0.2035975 -0.0239976 -0.1145220 0.3764004 0.1837637 -0.0875364 0.4118431 0.3605852 0.3145110 0.3159315 0.2550714 -0.0412308 0.4841257 0.0794459 -0.1034872 -0.0460947 -0.0002373 -0.0375426 0.0169783 -0.0331480 0.5830678 0.4012851 0.0499511 0.4103821 0.0957502 0.0340249 0.3526609 -0.2670073 -0.4071259 -0.1749271 -0.0667525 -0.4085543 -0.2965402 -0.2828253 -0.3978019 -0.4817173 -0.4243263 -0.4345444 0.0319756 0.2233474 0.6391014 -0.0406487 -0.0353898 0.1698167 0.0053012 0.3306859 0.4164953 -0.1511963 -0.0360660 0.1202435 0.0469115 -0.0752096 -0.0395316 -0.2684178 -0.1922639 -0.3195128 0.2945457 -0.1481822 -0.0610865 -0.2667661 0.1127039 0.0712101 -0.1497472 0.0121453 0.1824000 0.0212748 0.0469741 -0.0910381 0.0659674 0.3335599 -0.0027395 -0.1844454 0.0751577 0.1947889 -0.1027305 -0.1193084 0.2094123 0.0127772 -0.2617955 -0.1289746 0.1012426 -0.5274517 -0.2934965 0.1902881 0.1422398 -0.0200781 -0.0020530 -0.0214309 0.1306712 -0.1238800 -0.0212527 0.1301327 0.1068780 -0.0094962 -0.0539885 -0.1506850 -0.1543758 0.0972533 -0.1538395 0.0023636 -0.3016697 -0.2522573 -0.3109196 -0.2754158 0.0536065 0.2974725 -0.3832151 0.6203301 0.1755802 -0.3656798 -0.3647043 -0.3222159 -0.2739535 0.3500342 -0.1455836 -0.2516817 -0.0696334 0.1189861 0.1098847 -0.1367277 0.2134970 -0.1532799 0.0379735 0.5801795 -0.1002795 -0.0792237 0.1130395 -0.1454413 0.1601825 0.3423203 0.0569075 0.4125269 -0.2129262 -0.1509629
0.7233800 -0.5301576 0.7945782 0.0676855 0.6156173 0.0882143 0.2724447 0.7064487 0.3324603 0.2458660 0.3921599 0.2384649 0.0000000 0.0958283 0.4821554 0.2405870 0.4181934 0.2782845 0.2998247 0.5631021 -0.4615265 0.5924399 0.4992916 0.3240323 0.4108985 0.4402776 0.4378542 0.1141541 -0.2084530 -0.2176440 0.7305052 0.7314499 0.3706188 0.2185818 0.5713685 -0.6717059 0.6101853 0.6255943 -0.2520376 0.2772861 0.6273455 -0.6958582 0.2669233 0.4807999 -0.3077782 0.6259775 0.5264650 0.4158405 0.5211061 0.0865788 0.4302916 0.0566451 0.3267515 0.3496469 0.6780827 0.7313509 0.5796871 0.4092907 -0.4925381 0.4485917 -0.4198945 0.3548749 0.7803781 0.4918605 0.5857055 0.7185354 0.4420008 0.3636302 0.6847155 0.4762147 0.5921321 0.6137301 0.4391984 0.5786818 0.5547018 0.5539946 0.8368579 0.6406336 0.6003866 0.7142673 0.6086667 -0.1076328 0.1505676 -0.0577482 -0.2031757 0.0852224 0.1156469 -0.0401715 -0.1977161 -0.4575861 0.3066735 0.6043889 -0.1289730 0.2077383 -0.1680011 -0.0865690 0.3547945 0.0447627 -0.3345566 0.1245873 -0.3897301 -0.0919267 0.1045576 -0.2924746 0.4004503 -0.4174663 -0.3308869 0.0270540 -0.5850258 -0.2768536 -0.4245873 -0.7404454 -0.5478498 -0.5466382 -0.2151859 -0.5274188 -0.4163241 -0.5470401 -0.7303159 -0.7779768 -0.3678805 -0.3930932 -0.2167899 -0.5066311 -0.0456879 -0.6408055 0.1287651 -0.1661226 -0.6667598 -0.0141111 -0.1241742 -0.1717923 -0.0406926 -0.3558558 0.2744554 -0.5939796 -0.6072469 -0.7225405 -0.2580935 -0.7862651 -0.2840938 -0.7490216 -0.0990346 -0.7907940 -0.5298356 -0.5737931 0.0224565 -0.1574100 0.0257176 -0.6636326 -0.5028356 -0.5781332 -0.4967429 -0.2820048 -0.1654897 -0.6836266 -0.2408224 0.1355608 -0.3489202 -0.6275005 0.1536197 -0.5927339 -0.5857538 -0.6178722 -0.0477384 -0.1187755 -0.2901444 -0.2865259 -0.5151377 -0.5698403 -0.2088129 -0.4561111 0.1377074 -0.0515180 -0.3388804 0.4079270 -0.0193785 -0.0079596 -0.5061929 -0.4184158 0.2233619 -0.3825097 -0.6257645 -0.6406159 -0.5705836 -0.0242733 -0.0697383 0.3145509 0.7378038 0.6352150 -0.9054809 0.6693512 0.3783104 -0.7439791 -0.7981425 -0.7062607 -0.5934243 0.5839871 0.2806518 -0.7280257 0.1936942 -0.0707480 -0.1638116 -0.3624549 0.4319162 0.6013174 -0.4412694 0.5018937 0.0123354 -0.0367858 -0.2966567 -0.6669597 0.5179717 0.4339165 -0.2070945 0.5783702 -0.2840850 -0.2941724
-0.1694269 0.3566514 0.1744547 0.5051084 -0.4235907 0.6639523 0.2501116 0.4403209 0.8243574 0.5978619 0.6013694 0.6263473 0.0958283 0.0000000 0.3122766 0.5660642 0.3462751 0.4654105 0.2624853 -0.1865785 0.0787730 0.1771951 0.4155685 0.2815179 0.2843125 0.6261741 0.3542006 0.5665990 0.5582612 0.6812282 0.2119395 0.0022655 0.1570686 0.4144447 0.4936339 0.1992170 0.5007966 0.0816860 0.5767161 0.3631355 -0.1407021 0.1074118 0.6909826 0.1358762 0.2307420 0.4197942 0.5927569 -0.1569323 0.2737009 0.2232843 0.5921564 0.7431476 0.7129131 0.1796027 -0.3290716 0.2589007 0.5579367 0.2842572 0.0100410 0.5605715 -0.0309590 0.5010197 0.1615014 0.6090302 0.2901798 0.1971325 0.5906780 0.4799207 0.3513938 0.5005778 0.3894788 0.5611458 0.6274559 -0.0633854 0.5000416 0.4321866 0.1989064 0.2340022 0.2801589 0.2290957 -0.1112759 -0.4238909 -0.2772891 0.1369985 0.0685836 -0.1593153 0.0654203 0.2817054 0.0323242 0.0337797 0.1883544 0.3281633 0.1285219 0.0791855 0.2602647 0.4434738 0.4939291 0.1767236 0.1069010 0.0493722 0.0055837 0.0448527 0.0328274 -0.1254460 0.7190264 0.4093876 0.0166069 0.1129234 -0.1185830 -0.0393170 0.2757431 -0.1525325 -0.0263114 -0.0459291 0.2160440 -0.1344124 -0.0539327 -0.0152471 -0.1704068 -0.2531151 -0.1300490 -0.3069219 0.1830834 0.3709258 0.5782378 -0.1347478 0.0871357 0.0438735 0.0086690 0.5653096 0.6066356 0.0126687 0.1473838 0.0148005 -0.1462589 -0.1046675 -0.0412384 0.0251691 -0.1147298 -0.1085606 0.1141256 0.0005633 -0.1214623 -0.1553890 -0.1081527 0.0136510 -0.0820259 0.0530955 -0.1673370 0.0490652 -0.1174486 -0.1493659 -0.1042006 0.1125123 0.0595969 0.0482538 0.2547523 0.0960277 -0.0282796 0.0427155 0.0103037 0.0419192 0.0880004 0.0531159 -0.1475673 -0.0469921 0.0959602 0.1644490 0.1176016 0.1209543 -0.0864112 -0.2576076 0.0877341 -0.1061913 -0.0682529 -0.0941394 -0.1946663 -0.3930036 -0.2137518 -0.0436552 -0.3304944 0.1664331 -0.0004003 0.1407596 -0.0368246 -0.4007045 -0.2531723 -0.4047563 -0.2554474 -0.1102427 -0.1514159 0.2626881 -0.0823923 -0.1384039 -0.2472708 -0.1915000 -0.0422390 0.0939617 -0.2921739 -0.2412425 -0.1381775 -0.1181413 -0.0779264 -0.2104658 -0.1684268 -0.2156197 -0.0459066 0.2619860 0.0295720 -0.2126301 -0.0927305 0.0416917 -0.2588641 0.1529586 0.1475106 -0.0418769 -0.0525875 -0.1519873
0.4730460 -0.3824621 0.2376624 -0.0273649 0.3234622 -0.0871218 0.1028736 0.1130542 0.4679597 -0.0115860 0.1919668 0.5927531 0.4821554 0.3122766 0.0000000 0.3308529 0.0467632 0.8425839 0.2351949 0.5020487 -0.3182012 0.5310608 0.4698594 0.8848171 0.2811276 0.4666458 0.1866750 0.7126290 0.4568798 0.0804368 0.5964789 0.4941421 0.9063184 0.8603736 0.5798810 -0.3125056 0.5077078 0.3453198 0.0853742 0.6888072 0.3040692 -0.6048836 0.1376097 0.9036540 -0.4216163 0.6172141 0.5283888 0.1574645 0.9073068 0.0921773 0.4915036 0.2825928 0.4137054 0.7943475 0.3870207 0.6126700 0.5318412 0.7259834 -0.6042130 0.4955038 -0.5759724 0.4694466 0.6723547 0.4187712 0.2876678 0.6493110 0.5604584 0.3112235 0.5480382 0.4211196 0.5820754 0.3026685 0.6222871 0.2913945 0.5026483 0.6117518 0.6157326 0.5040850 0.5560094 0.5272655 0.4541223 0.0758267 0.4512439 0.1695236 0.2000233 -0.1126491 0.0262301 0.1525421 -0.0368430 0.0386321 0.4813795 0.6515060 0.2885214 0.1141551 0.1286967 0.0961966 0.4213073 0.2638973 0.0917960 -0.0141226 0.1216939 -0.1854324 -0.1474579 0.3358709 0.5582943 0.2968694 -0.1062799 0.4119493 -0.3017375 0.1240933 0.1974444 -0.4269203 -0.3721372 -0.1936789 -0.0768485 -0.2639084 -0.2137242 -0.3767902 -0.4602029 -0.6276988 -0.1522029 -0.2049832 -0.1973536 0.1199369 0.1868758 -0.5359813 -0.0807238 -0.1633026 -0.5552905 0.4671552 0.3988245 -0.2463490 -0.0524823 0.0130515 0.1583501 -0.4094758 -0.2772583 -0.7197618 -0.1978078 -0.7359585 -0.2802648 -0.6463626 -0.0481745 -0.6010793 -0.3548523 -0.3836709 -0.2055237 -0.2132532 0.1952953 -0.5065551 -0.3914972 -0.5879573 -0.3103134 -0.4232221 -0.3058548 -0.6081455 0.0497185 -0.3304641 -0.4168184 -0.2206970 -0.2560322 -0.6680104 -0.3658235 -0.4007904 -0.3312153 -0.5713458 -0.6753665 -0.3777407 -0.3315359 -0.2824455 -0.5289194 -0.4221435 -0.0543671 -0.5455060 -0.7067412 -0.2237431 -0.4385478 0.0570991 -0.5428094 -0.2666391 -0.0606596 -0.4343313 -0.6456959 -0.5532000 -0.6802754 -0.1546014 -0.4103267 0.1558551 0.4846770 0.5422445 -0.5722122 0.5285105 0.3619192 -0.6982079 -0.7602780 -0.7680904 -0.6861474 0.3364118 0.0296936 -0.6876972 0.0271669 0.0114025 0.2917236 -0.1828644 0.3753480 0.1832122 -0.4486177 0.6902939 0.1493576 -0.0779565 0.2610650 -0.4193925 0.4595230 0.1877145 -0.4467433 0.6948253 -0.2767916 -0.2762304
0.0430213 -0.0856377 0.1953103 0.2151071 -0.2342953 0.4074781 0.2182391 0.4702909 0.5657096 0.7834487 0.9021905 0.2227729 0.2405870 0.5660642 0.3308529 0.0000000 0.7645345 0.3573169 0.7071465 -0.1851926 -0.1272562 0.7013332 0.8841644 0.0902582 0.7937237 0.9379225 0.7167925 0.3036414 0.1387455 0.3953274 0.5059684 0.4207319 0.1513634 0.1380855 0.7508760 -0.0217437 0.8226532 0.6425828 0.1836028 0.2948546 0.1114292 -0.1105360 0.7635635 0.3612878 -0.0276076 0.7876170 0.8823066 0.0987248 0.5191992 0.4513618 0.8877335 0.4163661 0.4317780 0.3976845 -0.0697323 0.5966589 0.8368440 0.6665809 0.0843313 0.8633695 -0.2165014 0.8117180 0.2836794 0.8896512 0.3444780 0.5096957 0.8392538 0.7782938 0.6791333 0.8566134 0.7637781 0.7111718 0.7494577 0.0366705 0.8268456 0.7710981 0.3717962 0.6151329 0.6768935 0.4899080 0.2177607 -0.1170919 -0.0794105 -0.0989424 0.0816254 -0.0471279 0.5080807 0.1670814 0.0665205 0.1351021 0.4665061 0.6775803 0.1928235 0.0712735 0.4367753 0.5290974 0.5617441 0.5905565 0.2309436 0.0481018 0.2352527 0.4473467 0.0665528 -0.0457670 0.6143060 0.2506124 -0.0822001 0.0269430 -0.4136271 -0.0813328 0.2608319 -0.2618090 -0.1432936 -0.3987826 -0.2127184 -0.3303308 -0.4342388 -0.3347292 -0.3023699 -0.4029387 -0.1231663 -0.3673373 0.0610778 0.5199382 0.2659894 -0.4900392 0.2423637 0.0964745 -0.2509043 0.7006866 0.4868073 0.0365115 -0.0498734 -0.0060718 -0.3948226 -0.1788461 -0.3102744 -0.1554150 -0.4836261 -0.2611749 -0.3396722 -0.3132034 -0.4894245 -0.2569820 -0.4705674 -0.1359251 -0.4527614 -0.4036194 -0.4839311 -0.2443265 -0.1772857 -0.2543092 -0.3896477 -0.2390852 -0.3665377 -0.0034068 0.2158646 -0.0547774 -0.2406387 0.1291485 -0.2479856 -0.1332050 -0.0424912 0.0923445 -0.3946903 -0.0022188 -0.0961336 -0.3576594 -0.2494545 0.0833287 -0.6108875 -0.5803229 0.3541953 -0.0310511 -0.4056004 -0.2103117 -0.2453040 -0.4483134 -0.3163361 0.1292725 -0.2739682 0.1231077 -0.0038602 -0.0345864 -0.1408003 -0.3624441 -0.2937811 -0.4233124 -0.0776056 0.0535742 -0.1188980 0.4036289 0.2762573 -0.1634161 -0.3648158 -0.3765216 -0.1877227 0.4601291 0.0207837 -0.4935938 0.0987720 -0.2807612 0.0276412 -0.0488429 0.1215705 0.3138072 -0.3383284 0.3680225 0.0760610 -0.3385910 -0.0943110 -0.0463945 -0.1117036 0.4333681 0.1229942 0.0902780 -0.5503705 -0.5606190
0.2924880 -0.0946500 0.3635547 0.1336650 0.0808013 0.4142086 0.3608045 0.7069530 0.3705950 0.7507071 0.8459488 -0.0704338 0.4181934 0.3462751 0.0467632 0.7645345 0.0000000 0.0177300 0.7215299 -0.2537997 -0.0790229 0.5778695 0.7900848 -0.2285112 0.7996234 0.8239910 0.8379219 -0.0850341 -0.2602714 0.1854153 0.4755232 0.4955516 -0.1683610 -0.2801435 0.6785560 -0.1124861 0.7898543 0.6473093 -0.0463828 0.0537711 0.1547897 -0.1403388 0.7080835 0.1120113 -0.1318390 0.6633718 0.7777142 0.0507673 0.2808054 0.5617769 0.7904081 0.2929855 0.1823322 0.2427861 -0.0528214 0.5417837 0.7545257 0.5156126 0.1409782 0.7876606 -0.0543016 0.7757872 0.3575326 0.8131206 0.4733679 0.4674319 0.7646841 0.7430003 0.6009402 0.8628281 0.7497033 0.6788064 0.6404907 0.4004521 0.7124907 0.7422199 0.5031208 0.6861412 0.7129809 0.4816271 0.4707870 -0.2600275 -0.0496370 -0.1597526 -0.1005336 0.0599324 0.4637947 0.0188068 -0.0097007 0.0215408 0.2434987 0.6621402 -0.1430114 0.0106427 0.1935265 0.5166938 0.3775207 0.4598933 0.0841233 -0.0612749 0.0183722 0.4770613 0.1656660 -0.3405261 0.5145914 -0.1160514 -0.1651706 -0.2236233 -0.4934841 -0.1947250 -0.1449403 -0.3010584 -0.1764288 -0.4769588 -0.1911844 -0.3796109 -0.4652124 -0.2996933 -0.3079708 -0.3549812 -0.1570797 -0.4755065 -0.0211662 0.2186543 0.0838241 -0.3484861 0.3955944 -0.0073460 -0.2112983 0.4035412 0.3411607 0.3269789 0.1015431 -0.2331592 -0.1271602 -0.1886795 -0.2626066 -0.0954917 -0.2122090 -0.1731881 -0.3316828 -0.2710440 -0.3847333 -0.2023214 -0.4185808 -0.2105795 -0.0931202 -0.1643385 -0.4537650 -0.2986133 -0.2711800 -0.1333021 -0.3652306 -0.2722695 -0.2491630 0.0167941 0.1272561 0.2019429 -0.0329638 -0.0339651 -0.0277880 -0.1415386 -0.1356650 0.0186393 -0.1916421 0.2046758 0.1567423 -0.0992875 -0.0970308 -0.1357372 -0.3162927 -0.3674672 0.2301504 0.0477280 -0.2205814 0.0481371 -0.0070531 -0.2471220 -0.1524376 0.1733900 -0.1929322 0.0598598 0.0543139 -0.0458697 -0.0049939 0.0129724 0.0124921 -0.1891370 0.1486283 0.2444247 -0.2080817 0.3378016 0.1967463 -0.0725066 -0.2700122 -0.2346372 0.0087106 0.3878039 0.3525739 -0.3506349 0.0926361 -0.4679688 -0.1353782 0.0103962 0.0923709 0.5912276 -0.3119971 0.1702314 -0.0427103 -0.2417710 -0.4020877 -0.1097164 0.0172001 0.5391673 0.1510092 0.0200070 -0.3752825 -0.4399799
