0.0000000 0.4780621 0.1012451 0.4351921 0.0622417 0.4716974 0.2525819 0.2907353 0.5844852 0.4396557 0.1073605 0.2470135 0.0032760 0.4531587 0.3671447 0.1196609 0.4853956 0.3912424 0.1358368 -0.3163611 0.4086554 -0.2140903 -0.0334054 0.4023993 -0.2589979 -0.1556295 0.1851288 0.3064239 0.1858081 0.1976781 -0.1640365 -0.1571663 0.2375128 0.4049268 -0.1681142 0.2687326 -0.3338124 -0.2139694 0.0388012 -0.2160746 -0.3496635 0.0361910 -0.2847862 0.0013236 0.0962931 -0.1888398 -0.2435197 -0.3736513 0.1900092 -0.4032811 -0.2684738 -0.2290815 0.3897107 -0.0609956 -0.1565515 -0.2706197 -0.4417348 0.0093966 -0.4451047 -0.3111508 0.3738742 -0.1385274 -0.1355531 0.2779553 0.4159468 -0.4000998 -0.2327794 -0.0625060 -0.1941506 0.0673918 -0.1448412 0.3703177 -0.0490980 0.5725544 -0.0786920 0.0128828 0.2297840 -0.1378783 -0.1085849 -0.1913139 -0.2140025 0.1480962 0.0901204 0.0414959 -0.0311795 0.1098955 0.0107009 -0.0770317 0.1942573 0.0509563 0.2749141 0.1572897 -0.0015618 -0.0208420 0.1614766 0.2963053 0.0644383 -0.0266947 0.0323006 -0.0497486 -0.1317925 -0.2002956 0.1546223 -0.0275028 0.2660805 0.2011586 0.2019237 0.2592472 0.2979473 0.0759339 0.3884678 0.2864514 0.1622168 0.1447570 0.0687940 0.1908019 0.1248088 0.0823111 0.1996187 0.2936293 0.1498526 0.2329470 0.0403922 0.4565889 0.2157420 0.1958949 0.0523500 0.1320471 0.1996095 -0.0444215 0.0461769 0.0596216 -0.1612802 0.0576714 -0.0766586 0.4758269 0.0639633 0.4017736 0.0613798 0.4802328 0.2540201 0.4088638 -0.1186115 0.2046772 0.1403701 0.0236775 0.1506848 0.1925117 -0.1421254 0.3712392 0.5427840 -0.1460425 0.2503914 -0.0472594 0.2660365 0.0726386 -0.1562675 0.0095085 -0.1097346 0.4845290 0.2336993 0.2014445 -0.0330684 -0.1100175 0.2252347 -0.2293125 -0.1493721 -0.2015903 -0.2430938 0.0467088 -0.1015390 -0.0609426 0.7083021 0.2771801 0.1195550 0.1950159 0.1505363 -0.3529312 0.5026333 0.3953491 0.0913721 0.1968141 -0.3136448 -0.2426100 -0.0819086 0.4643054 0.2471462 0.4074975 0.4052585 0.1490833 0.4040620 0.1166267 0.2125558 0.2455083 0.3050054 0.3792235 0.2137524 0.3050122 -0.3225443 0.2921728 -0.0406687 -0.0911212 0.1862978 0.0702176 -0.0644435 -0.2268807 0.2039968 -0.0541817 -0.0227741 0.0525835 0.5318633 0.2195623 -0.1924198 0.2413339 0.1849580 -0.0495856 0.2889529 -0.0116688
0.4780621 0.0000000 0.5374973 0.3264735 0.2151240 0.7548491 0.5724288 0.0925863 0.8601535 0.1209796 -0.3050694 0.6765555 -0.0548272 0.5359349 0.6777509 -0.1495068 0.0261996 0.6568572 -0.0968017 0.0075044 0.6570200 -0.3455813 -0.3522001 0.7164505 -0.3799643 -0.3702151 0.2923920 0.8342860 0.4291530 0.5976383 0.0627376 -0.2328949 0.3358489 0.4057537 -0.3768514 0.2414911 -0.4436818 -0.3742013 -0.2088772 0.2407009 -0.2341209 0.1547550 -0.4475082 0.2351956 0.0326805 -0.2390160 -0.4589226 -0.3766741 0.0796779 -0.1858820 -0.4725341 -0.3173342 0.4244080 -0.1509819 -0.2035191 -0.1939202 -0.5155927 -0.3062507 -0.0732028 -0.4414130 0.5022067 -0.4207484 -0.0158137 -0.1538981 0.4745054 -0.4399952 -0.5294456 -0.4851597 -0.2534872 -0.2785964 -0.3926199 -0.0575247 -0.3854807 0.1245135 -0.2926735 -0.2447195 0.0798386 -0.3129770 -0.3641124 -0.0069607 -0.4097871 0.2017621 0.3653598 0.5146037 0.3721524 0.4787271 0.2208652 0.1838425 0.5208606 0.3470441 0.4730251 0.4902939 0.3291275 0.2615909 0.2791707 0.5462940 0.3768676 0.3256651 0.1864898 -0.2428910 0.1264761 -0.0507181 0.2356477 0.1418031 0.3877534 0.2783549 0.4003580 0.4446510 0.5125246 0.2480476 0.5462795 0.3787087 0.3869849 0.1900595 0.0277671 0.1508987 0.0372744 0.0558433 0.1192930 0.2398835 0.2202474 0.2871242 0.0401921 0.4962210 0.5064220 0.5560239 0.2114231 0.1279587 0.3521022 0.0895230 0.1556145 0.1604840 -0.2067514 0.1068389 -0.2105341 0.2854650 0.1530446 0.3047653 -0.1655235 0.4146000 -0.0176112 0.3822795 -0.1392928 0.5484477 0.1250484 0.1021589 -0.0908875 0.0836916 0.0122327 0.2921786 0.5779073 0.1230321 -0.0087246 -0.0175573 0.4205743 0.3844876 -0.0005146 -0.0841975 0.1370811 0.5322673 0.3204289 0.1555344 0.3163920 0.0789874 0.1632494 -0.3233787 -0.1610277 0.1599630 0.0601192 0.1140112 -0.0449146 0.1482036 0.1858909 0.2056047 0.7267869 0.6104179 0.5886787 0.2148080 0.4875021 0.3703270 0.2696013 0.3616965 0.3058888 0.2889918 0.2371909 0.5217951 0.1815415 0.1853081 0.1684822 0.0633489 0.1479238 0.2863290 0.3596023 0.0056575 0.3374668 0.3465516 0.4404695 0.2243007 -0.2215809 0.5979194 0.0671377 0.0790760 0.4358350 0.2637233 0.2488737 0.1720372 0.4032786 0.4212582 0.0409787 -0.0459128 0.5501751 0.0599542 0.1866972 0.3476471 0.2729372 0.1939892 0.3113572 0.3409392
0.1012451 0.5374973 0.0000000 0.2341566 0.8679075 0.0924708 0.3673204 0.5078360 0.2830205 -0.4196765 -0.3232357 0.2170668 0.6139592 0.1757806 0.0437069 -0.2225893 -0.3059720 0.4736407 -0.2498049 0.5903012 0.0648515 0.1587416 -0.3780401 0.0289644 -0.4641834 -0.1773607 -0.1585757 0.3981865 -0.2472863 0.4560882 0.1320626 0.3576892 -0.3092786 -0.2828356 -0.3773301 -0.4099264 -0.2841176 -0.1412949 -0.3701393 0.0162319 0.2582341 -0.4741638 -0.2586415 -0.1898851 -0.5031943 0.0081670 -0.0179816 0.0963299 -0.5232655 -0.4100473 -0.0740668 0.0131318 -0.2291497 -0.3093005 0.3055541 0.2959292 -0.1722145 -0.6646284 0.5528455 -0.1478917 -0.0204459 -0.3129010 0.5682834 -0.5658016 -0.1385529 -0.0156436 -0.2599238 -0.5181303 0.3584046 -0.5921166 -0.1051106 -0.3836207 -0.4522428 -0.2271609 0.1823454 -0.6133367 -0.4525600 0.0057784 -0.5715856 0.0178302 -0.3579689 -0.1338359 0.0170583 0.1003072 0.3802310 -0.0068126 -0.4797952 0.1264608 0.2952083 0.0821150 0.0815003 0.2300374 0.0375095 -0.0593034 0.1639663 0.3320235 -0.1713796 0.5268362 -0.1578408 -0.5034442 -0.1855965 0.3196252 -0.2569616 -0.0651863 -0.2462939 -0.2079860 0.0553245 -0.0129162 -0.1174336 0.0838101 -0.1858551 -0.0046882 0.2480898 -0.0501622 -0.2153961 -0.3439996 -0.5274446 -0.2763998 -0.4031812 -0.2810123 -0.1433017 -0.1881513 -0.1566701 -0.0930366 -0.0510045 0.1930374 -0.4511661 -0.0644854 -0.2455142 -0.3457038 -0.4241023 0.0447611 -0.6225626 0.3429159 -0.1881323 -0.1857197 -0.3309696 -0.2884295 -0.5867762 -0.1719786 -0.0650022 -0.1464955 0.0367343 0.2165720 -0.3896670 -0.0608243 -0.4214081 -0.3085106 0.1150210 -0.2701303 0.2817864 0.1696781 -0.3893564 -0.0204917 -0.0432805 0.1060023 0.0181077 -0.1002192 0.3002630 0.1810374 0.0109163 -0.3648620 0.0067561 -0.1232938 -0.2607733 -0.2485099 -0.4161884 0.0282373 0.0958777 -0.2351932 -0.1665214 0.0232848 -0.2792838 0.2635102 0.4782549 0.3797294 0.5274404 0.4122818 -0.0324771 -0.1935959 -0.0637640 -0.3134424 0.2530854 -0.0165287 0.6672609 0.0121289 0.4626059 0.2292367 0.0442998 -0.4121458 -0.1982550 -0.2978536 -0.1834298 -0.0423840 -0.0475568 -0.1172208 0.3204732 -0.2641113 -0.1237550 0.2671210 0.5979897 0.3706095 0.4916883 0.1309500 0.6257631 0.6933119 0.3145480 0.7414192 0.6633196 0.2423592 0.4327516 0.1880231 0.4736554 0.4141987 -0.1635719 0.5084341 0.3739754 0.6527993
0.4351921 0.3264735 0.2341566 0.0000000 0.1148723 0.3078565 -0.0055117 0.4177032 0.2763151 0.3089335 0.2698153 0.1052465 0.2498907 0.4558740 0.0195653 0.2451315 0.4330007 0.4083299 0.1613450 -0.3207352 0.2978127 0.2740000 0.1614446 0.0584347 -0.3693695 0.1814167 0.5125480 0.2414337 -0.1150849 0.2962147 0.1177449 -0.0422076 -0.2075141 -0.1082165 0.2447917 0.0016873 -0.0595046 -0.1122928 -0.0163834 -0.0967597 -0.0698044 -0.2177208 0.1006192 -0.3587565 -0.0299290 -0.0160714 0.2674905 -0.1792051 -0.1949013 -0.2881905 0.2612344 0.0857128 0.1131088 -0.0157546 0.0027364 0.1057157 -0.0809824 -0.0600738 -0.2564250 0.3235240 0.0793316 0.1977529 0.3606746 0.0841135 0.2155737 -0.1521902 0.1254522 0.0969291 0.3340245 -0.0198130 -0.0796459 0.0837799 -0.0203545 0.1930657 0.2695693 -0.1219939 -0.0678688 -0.1409940 -0.2245080 -0.2022896 -0.2078281 -0.1498774 0.0189695 0.0164592 -0.2216065 -0.0385350 -0.2452695 -0.1919318 0.0161621 -0.2603170 0.2228297 0.1795083 0.2085120 -0.1989129 -0.0943651 0.4684708 0.2587258 0.1281142 -0.1539350 0.1281557 -0.1975249 0.0072772 -0.1687329 -0.1081692 0.1084429 -0.0815198 -0.0266498 0.0783702 0.2816446 0.1401470 0.1477606 0.0208020 -0.0521508 0.0064093 -0.0276971 0.0904086 0.1494502 -0.0220087 0.1071871 0.0861899 0.1378404 0.1690228 0.0703993 0.2523481 0.0987815 0.3800556 -0.0585982 0.0596546 0.1863780 -0.1007958 0.0593538 0.1586847 -0.2167056 0.0493981 -0.0784757 0.3438949 0.1664792 0.2008269 0.0394628 0.0393494 0.1171207 0.0623599 -0.0729742 0.3556180 0.3461874 0.2127681 0.1905386 0.1248729 -0.0192059 0.1372363 0.2589731 0.1079300 0.1789149 0.0036846 0.2565764 0.2089151 0.0039540 -0.0022359 0.0130259 0.2542454 0.3186810 0.0490345 0.0239192 -0.0672700 0.1807768 -0.3550493 -0.4835146 -0.2102769 -0.2039403 -0.0952448 -0.1672961 -0.1095554 0.4327648 0.2458611 -0.1654213 -0.1354314 0.1975295 -0.1288862 0.2753446 0.1920348 0.1812014 0.0009483 -0.3633956 -0.2886921 -0.0636199 0.2062273 0.0950749 0.1274158 0.0476602 0.0248270 0.0769118 0.0054810 -0.0093742 -0.1482391 0.1628330 0.2292049 0.3046920 0.0902283 0.0838434 0.3356052 0.0067786 -0.0977879 0.2194617 0.2631680 0.1128920 0.1649713 -0.1621137 0.3063970 0.2271048 0.0376669 0.0961063 0.0532567 0.1168086 0.1762493 -0.0980203 0.2430341 0.1721957 0.0095477
0.0622417 0.2151240 0.8679075 0.1148723 0.0000000 -0.2934759 0.0769829 0.5942855 -0.0395677 -0.5494312 -0.3048440 -0.1767647 0.7677814 -0.0053948 -0.2658290 -0.2788719 -0.2926929 0.1353140 -0.4059427 0.6551925 -0.1799860 0.3376970 -0.3489811 -0.2303842 -0.4481062 -0.0978366 -0.4336678 0.0011943 -0.4691411 0.2668969 0.2073972 0.6696838 -0.4230206 -0.4801323 -0.3306109 -0.4906699 -0.1073867 0.0899106 -0.2674836 -0.0696238 0.4724584 -0.6559773 -0.1490401 -0.2101839 -0.6677058 0.0266853 0.1534122 0.3832891 -0.5390285 -0.4688299 0.1012877 0.1800400 -0.4444301 -0.2701516 0.5668025 0.3925852 0.0576815 -0.6192045 0.6427436 -0.0409852 -0.3063032 -0.2074858 0.6780383 -0.5868311 -0.4086581 0.2318740 -0.0890509 -0.4349275 0.5160531 -0.5798905 0.0782108 -0.4601128 -0.4016351 -0.3444719 0.3558620 -0.6498607 -0.6153783 0.1953631 -0.5129265 -0.2236691 -0.1674910 -0.0338717 -0.0271896 -0.1500815 0.3058122 -0.1512009 -0.5656775 0.1605217 0.1821290 0.0254701 -0.0749781 -0.0439078 -0.1653921 -0.0819405 0.0482052 0.0786665 -0.3996586 0.4016836 -0.2818897 -0.3571845 -0.2256059 0.4263221 -0.4018896 0.0047331 -0.4960744 -0.2754565 -0.1130383 -0.2400111 -0.3541875 -0.1304560 -0.4274398 -0.1803639 0.0702782 -0.2726037 -0.3230083 -0.5753412 -0.7272580 -0.4050504 -0.5587738 -0.4811689 -0.3894129 -0.3993711 -0.3912679 -0.2695344 -0.3747869 -0.1206025 -0.6515024 -0.2914190 -0.5641376 -0.5562684 -0.6806028 -0.1605582 -0.6365351 0.2115461 -0.1625776 -0.3873631 -0.5241334 -0.5630649 -0.7055039 -0.4380257 -0.1751809 -0.4359513 0.0388709 -0.1982696 -0.5616206 -0.3286006 -0.5019061 -0.4582516 -0.0102282 -0.4968742 -0.0159281 -0.0308508 -0.4799551 -0.2178405 -0.3627929 -0.1186248 -0.1872851 -0.1550465 0.1752457 -0.1331949 -0.2094491 -0.6097444 -0.2355928 -0.2610367 -0.4754068 -0.2246273 -0.5138867 -0.1810893 -0.0965112 -0.4966647 -0.2938918 -0.2216294 -0.2994066 0.1781870 0.2356328 0.1574553 0.3127547 0.3084235 -0.0937172 -0.2149011 -0.0828546 -0.4605809 0.1165235 -0.1803799 0.6671107 -0.2299516 0.5414086 0.2126044 -0.0995382 -0.5295303 -0.2694253 -0.5819183 -0.4479642 0.0052431 -0.2660051 -0.3177749 0.1215065 -0.4860256 -0.2423016 -0.0001491 0.6961479 0.4961229 0.4600668 0.0636887 0.6584944 0.7660446 0.2227457 0.6876553 0.7790886 0.3358933 0.3547025 0.1044068 0.4256272 0.1636252 -0.3022127 0.5392327 0.3396615 0.4820494
0.4716974 0.7548491 0.0924708 0.3078565 -0.2934759 0.0000000 0.5643541 -0.2130018 0.8759461 0.5336983 0.0336506 0.8220965 -0.4991778 0.5397866 0.8156148 0.1247099 0.3388172 0.5429749 0.1650253 -0.3260374 0.7672166 -0.5684547 -0.0111415 0.7647401 -0.2284617 -0.2673803 0.4621138 0.7287676 0.7113788 0.2867749 -0.2080528 -0.6622188 0.5037240 0.6985799 -0.1395842 0.4243587 -0.4640704 -0.5449878 0.0214640 0.1037847 -0.5250349 0.5228360 -0.2208870 0.1780142 0.5217333 -0.2997784 -0.5246198 -0.5830335 0.3712096 -0.0239978 -0.4825565 -0.3396067 0.8028100 0.0093267 -0.5530697 -0.4434073 -0.6187500 0.0927019 -0.4586127 -0.3856738 0.8089923 -0.3153902 -0.3657512 0.3047518 0.8606340 -0.6065479 -0.4797043 -0.2051562 -0.4771154 0.1042032 -0.4039979 0.3381866 -0.1246691 0.4848936 -0.4688007 0.1679099 0.4921571 -0.3549190 -0.0242145 0.1965414 -0.2407175 0.0267305 0.1152903 0.4902249 0.0952855 0.4163171 0.3725821 -0.0855663 0.3162995 0.2184752 0.4071796 0.3820009 0.4937157 0.0465661 0.0766614 0.3614665 0.4854332 0.3031849 0.1457759 -0.1495011 0.1168476 -0.2626603 0.4617271 -0.0450911 0.6559049 0.2420110 0.5012353 0.4496400 0.6367532 0.2860154 0.6649463 0.4045290 0.2895447 0.3596044 0.1866634 0.5303687 0.4481355 0.3157519 0.4276512 0.5993415 0.4705766 0.5185472 0.2915722 0.6324933 0.7315709 0.6499716 0.4825595 0.3735464 0.6196791 0.4204085 0.5064380 0.2365398 0.1452964 0.0628166 -0.1665829 0.5198979 0.4839408 0.5894794 0.2264944 0.6290711 0.2684354 0.5834033 -0.2084353 0.5637232 0.4521337 0.3917503 0.2490075 0.3966492 -0.0546277 0.5023216 0.5573926 0.3067085 0.3080071 0.2668309 0.6900940 0.4327887 0.0988942 0.1884166 -0.0089633 0.5504257 0.4418486 0.4511063 0.3305432 0.0743512 0.4530272 0.0716538 0.0992953 0.1419581 0.0758947 0.3014586 0.0983072 0.2102017 0.4373878 0.1748001 0.4690654 0.5180422 0.2932556 -0.0893588 0.4036631 0.3509655 0.0240832 0.4224312 0.0877246 0.2014314 -0.1121634 0.8240249 -0.1253568 0.0982185 0.3025321 0.5240663 0.3984276 0.6995049 0.7438272 0.1214264 0.5997251 0.5803485 0.3897620 0.6502467 0.0819246 0.5615786 -0.2231236 -0.3467161 -0.0745592 0.2242672 -0.2082078 -0.2904621 0.1729888 -0.0744482 -0.3081449 -0.1978912 0.1986070 0.0609030 -0.1381353 0.3991821 0.5440863 -0.2832738 0.0794313 0.1383276
0.2525819 0.5724288 0.3673204 -0.0055117 0.0769829 0.5643541 0.0000000 -0.1394411 0.5580340 0.1101010 -0.1506662 0.8811659 -0.2886981 0.1327658 0.6076979 -0.1498594 -0.1198928 0.6981768 0.0378528 0.0814389 0.4315606 -0.5884395 -0.2448823 0.5088775 -0.2623670 -0.3647409 0.1143836 0.6182389 0.3585017 0.2356188 -0.4494398 -0.4683943 0.3650508 0.3614047 -0.3589883 0.0913071 -0.5585377 -0.5700222 -0.2134154 0.0050236 -0.3564572 0.2345658 -0.2422572 0.1822270 0.1747902 -0.2521126 -0.5826562 -0.3298637 0.0797074 -0.3743878 -0.5486580 -0.2528619 0.3824864 -0.1456910 -0.4500473 -0.3641735 -0.5862796 -0.1797020 -0.0802142 -0.5164646 0.5199312 -0.4783981 -0.4462404 -0.0589185 0.3822863 -0.5019000 -0.6247734 -0.4249801 -0.5315565 -0.1841797 -0.4376959 -0.0031778 -0.3166093 0.1061094 -0.5558493 -0.1087881 0.1439706 -0.3736747 -0.2423721 0.4415377 -0.5043949 0.1212204 0.3037782 0.7190242 0.5363839 0.6539521 0.2851760 0.2559485 0.7254685 0.6073640 0.5934633 0.6993721 0.5527301 0.4046185 0.6657422 0.6403476 0.4380479 0.4496286 0.5318948 -0.1479435 0.4353606 0.2121668 0.5317734 0.0789274 0.5202713 0.5010833 0.7402119 0.6558380 0.4829541 0.5292554 0.6410708 0.6320428 0.5655606 0.6999691 0.3588755 0.5079721 0.3327535 0.3941497 0.3261959 0.5784563 0.6172574 0.5511218 0.5133241 0.3269248 0.6290701 0.2391445 0.3186706 0.7132763 0.4451285 0.4166022 0.3618722 0.5571526 0.1515623 0.4340777 0.1108548 0.5225432 0.3807448 0.4473960 0.2778483 0.5376637 0.5684561 0.6767030 0.2873900 0.5236143 0.2056888 0.5063412 0.2595026 0.4717592 0.4843582 0.5613213 0.6483271 0.3873116 0.2662539 0.5439873 0.4399943 0.3193484 0.2925152 0.3365797 0.4372994 0.4765634 0.4711422 0.5013008 0.2278589 -0.0930742 0.4029376 -0.0291904 0.0233932 0.4997130 0.4738015 0.4360000 0.2350429 0.4363793 -0.0690811 0.1912941 0.6197675 0.6698348 0.5285260 0.4123234 0.1089362 0.0291504 -0.0442046 0.2088262 0.3297646 0.3492445 0.2875306 0.4536768 0.1156399 0.0418782 0.3058818 0.1476708 0.3732382 0.4017222 0.5296630 0.0716196 0.3831916 0.2898576 0.3702049 0.5230745 -0.0764824 0.3786189 0.1473951 0.0504016 -0.0002917 0.1130481 0.2154037 -0.1128682 0.3885137 0.2251134 -0.0753157 -0.0516036 0.1802632 0.2468160 0.1698628 0.7270276 0.2009287 -0.2145127 0.0676466 0.6788328
0.2907353 0.0925863 0.5078360 0.4177032 0.5942855 -0.2130018 -0.1394411 0.0000000 -0.1718062 0.0227209 0.4184628 -0.2879561 0.7926534 -0.1347777 -0.3303175 0.4588875 0.1045272 0.0258544 0.3840733 0.4486640 -0.1747656 0.4118941 0.3692592 -0.3482758 0.0606881 0.6238307 -0.1731210 -0.1394125 -0.2530370 0.0643914 0.3387828 0.4790903 -0.2670799 -0.1960020 0.3759860 -0.0785104 0.4558279 0.2723903 0.2481737 -0.0052329 0.3651437 -0.2791643 0.3920463 -0.0903058 -0.1554624 0.3231768 0.5904643 0.1774889 -0.2773747 -0.0814669 0.5302358 0.5411157 -0.4074173 0.2589904 0.4513747 0.3293893 0.4569579 -0.0177521 0.1113258 0.4867973 -0.4361600 0.4492901 0.5406980 -0.0108081 -0.3721250 0.4640873 0.5043667 0.3219447 0.6537414 0.1069444 0.5880446 0.1461788 0.3683940 0.0722811 0.7010928 0.0017359 -0.1014705 0.4993612 0.0366921 -0.1046140 0.0927830 0.0089766 -0.1456253 -0.3348308 -0.1199969 -0.2716693 -0.4142051 -0.1350216 -0.1644607 -0.3547088 0.0937241 -0.1361393 0.0072084 -0.2834488 -0.0817796 0.1240058 -0.1783877 0.3540118 -0.3570059 -0.1145876 -0.3246973 0.5002393 -0.2230275 -0.0374435 -0.1405166 -0.2059093 -0.0714230 -0.1593670 -0.0481967 0.0430029 -0.2707338 -0.0420594 -0.0557421 -0.0862806 -0.1683928 -0.3825480 -0.4053035 -0.3586963 -0.4280788 -0.3779927 -0.4204551 -0.4994912 -0.2831911 -0.3358777 -0.3252263 -0.0364189 -0.5298650 -0.1336968 -0.3424302 -0.4896740 -0.4361306 -0.1001574 -0.5580501 -0.1141508 -0.1401988 -0.1341408 -0.5288708 -0.3415991 -0.4533268 -0.2428739 -0.1365285 -0.2322209 -0.0757554 -0.0976105 -0.4065982 -0.3126952 -0.3136718 -0.3963310 -0.2740277 -0.3693833 0.1207589 -0.2565448 -0.2663266 -0.2961952 -0.2759272 -0.3572508 -0.2673974 -0.3835563 -0.0272582 0.0977414 -0.1883355 -0.4104162 -0.2311166 -0.2650055 -0.3167390 -0.2654402 -0.4357018 -0.4992240 -0.2989463 -0.3792598 -0.3066007 -0.3338707 0.1823027 0.3177325 -0.0842884 -0.1234253 0.1771499 -0.0693690 -0.0296847 -0.2565315 -0.1889373 -0.4456422 -0.2708304 -0.3535286 0.0613492 -0.3821474 0.0749157 -0.0114473 0.0674768 -0.2490299 -0.2571100 -0.3317968 -0.4126521 0.1451763 -0.1675424 -0.1576006 -0.0364216 -0.3805684 0.0068715 0.0164233 0.2537437 0.0057499 0.2491831 -0.1632278 0.4185106 0.3486363 0.2890980 0.4178528 0.4367945 0.0715025 0.3174509 -0.0329205 0.3799136 0.0149372 -0.1003533 0.5042495 -0.0681529 0.0175907
0.5844852 0.8601535 0.2830205 0.2763151 -0.0395677 0.8759461 0.5580340 -0.1718062 0.0000000 0.3722739 -0.2367833 0.7374489 -0.3319798 0.7057492 0.8089448 -0.1715303 0.2276222 0.6844950 -0.1361654 -0.2251487 0.6984422 -0.5174600 -0.3394326 0.8656304 -0.4662815 -0.5154480 0.3993034 0.8580997 0.5281493 0.4708155 -0.1368285 -0.4625587 0.4706019 0.6034172 -0.4451594 0.2210608 -0.6263329 -0.5529985 -0.2055475 0.0243892 -0.4915152 0.2106796 -0.5404375 0.1471299 0.2224030 -0.5173876 -0.6790901 -0.5175339 0.2510874 -0.2013482 -0.6601437 -0.5678341 0.7177207 -0.3068588 -0.4156591 -0.4659911 -0.7710045 -0.1813402 -0.3373751 -0.6456582 0.7288708 -0.5620914 -0.2074758 0.1095214 0.7621357 -0.6697651 -0.6412200 -0.4512659 -0.4652459 -0.1112887 -0.5466612 0.1481394 -0.3606054 0.4164077 -0.4540423 -0.0566088 0.2961404 -0.3816837 -0.2291179 0.0601833 -0.3516631 0.1010344 0.2667945 0.4959728 0.2617460 0.4469351 0.1701209 0.1497290 0.4235814 0.3565039 0.3617900 0.3747137 0.2741677 0.1629920 0.2505318 0.3923451 0.2483278 0.1610615 0.2189560 -0.2801946 0.1031182 -0.3447992 0.3551859 0.0386100 0.3524369 0.2921666 0.3969084 0.4806309 0.4288295 0.2299986 0.5508789 0.3814632 0.3673163 0.2940170 0.1200338 0.3458272 0.2136798 0.2139759 0.2759689 0.4278108 0.4214651 0.4150144 0.1000991 0.6083366 0.6382076 0.5068360 0.4033252 0.1709961 0.4272647 0.2859123 0.3179041 0.1517403 -0.0726704 0.0985333 -0.3186908 0.3198197 0.3169685 0.4606515 0.0304275 0.5538783 0.0766249 0.4720862 -0.3017056 0.4501253 0.2926176 0.1394887 0.0455251 0.1919554 -0.1015829 0.3591866 0.4800376 0.1716857 0.1243340 0.0475521 0.4826429 0.3668052 -0.0832958 0.0660294 -0.0458788 0.4123908 0.3173701 0.2330040 0.2663585 -0.0894982 0.2383446 -0.1729004 -0.0175027 0.1267636 0.0121241 0.1487079 -0.0230448 0.1557758 0.3352956 0.1411789 0.5195603 0.4858573 0.3055424 -0.0911212 0.4646074 0.4010621 0.0974845 0.3717937 0.0553035 0.1431604 0.0390249 0.7940665 0.1079058 0.2857800 0.2970436 0.3075405 0.3031210 0.4913975 0.5583473 0.0197763 0.4355101 0.4429958 0.3849522 0.4784419 -0.1423084 0.4742579 -0.1262316 -0.1764915 0.2111306 0.2111636 0.0004583 -0.1602228 0.1922372 0.0789768 -0.2182836 -0.1339260 0.4573207 0.1197134 -0.0656823 0.4002006 0.4843711 -0.1803299 0.3368763 0.1982614
0.4396557 0.1209796 -0.4196765 0.3089335 -0.5494312 0.5336983 0.1101010 0.0227209 0.3722739 0.0000000 0.6031420 0.2941999 -0.3592446 0.3697923 0.4137671 0.5207175 0.7956325 0.1043834 0.4678407 -0.4255886 0.4941660 -0.2699037 0.5496175 0.4512699 0.0963903 0.2985418 0.5353676 0.2436968 0.5898692 -0.0019592 -0.0640028 -0.5508302 0.6707919 0.6588907 0.4652217 0.5928730 0.1219646 -0.1211899 0.6130610 0.1005498 -0.3647623 0.5830995 0.3245614 0.3356040 0.8168362 -0.1122079 -0.0315611 -0.2553582 0.7079302 0.1360427 -0.0132911 -0.0283707 0.6336214 0.3655461 -0.3525041 -0.4170881 -0.0983698 0.6804421 -0.8336761 0.0792402 0.4463504 0.2357503 -0.4684908 0.7846027 0.5804296 -0.1724088 0.1896419 0.4697408 -0.2931620 0.7242384 0.0876637 0.6802125 0.5081063 0.6604651 -0.0223166 0.6962185 0.7901108 0.0327220 0.5114660 0.1745870 0.1246047 0.2370395 0.1855337 0.2269337 -0.1465346 0.2897456 0.3345553 0.0196715 0.0430974 0.0948237 0.2790126 0.1438765 0.3744469 0.0215216 0.1092680 0.1851322 0.3110917 -0.0159993 0.1969784 0.2724491 0.2477529 -0.2278861 0.5917748 0.1808815 0.5436232 0.4396089 0.4543984 0.4280175 0.5039974 0.3978227 0.4978874 0.4265439 0.1991481 0.5180643 0.4316636 0.6027350 0.6635361 0.4100637 0.5366861 0.5844276 0.4652752 0.3970820 0.3636419 0.4435037 0.5772182 0.2448214 0.6631506 0.3962587 0.4863226 0.5743622 0.6269451 0.2262274 0.4474084 -0.1432100 -0.0582781 0.4551878 0.4579079 0.5374105 0.4957506 0.5904987 0.3437797 0.5286415 -0.1515582 0.1501647 0.5047088 0.2237811 0.3919679 0.3579455 -0.2097691 0.3906043 0.2334542 0.1633596 0.4742050 0.2425482 0.3764878 0.1300140 -0.0852589 0.1754676 -0.1217297 0.2246902 0.2933019 0.4641936 0.2659042 -0.1664874 0.4039744 0.2364777 0.1847375 -0.0801157 -0.0117700 0.3265664 0.1386392 0.1207416 0.5644497 0.0353323 -0.1935391 0.0252209 -0.1310604 -0.5417725 0.3836707 0.3291115 -0.0503852 0.2781176 -0.5026587 -0.2433755 -0.4882694 0.4394922 -0.2496039 0.0471908 0.4060260 0.7414409 0.4016124 0.7141409 0.6284032 0.2545472 0.4414294 0.4788414 0.1285739 0.6233441 0.1999911 0.1218197 -0.5438776 -0.7755398 -0.3795627 -0.0175052 -0.2224817 -0.6172102 -0.0448853 -0.3158813 -0.5688828 -0.4470019 -0.0538340 0.1126890 -0.0490616 0.1683043 0.5860331 -0.4497384 -0.3473274 -0.4246940
0.1073605 -0.3050694 -0.3232357 0.2698153 -0.3048440 0.0336506 -0.1506662 0.4184628 -0.2367833 0.6031420 0.0000000 -0.0604745 -0.0437206 -0.3205253 0.0043630 0.9405627 0.4658172 -0.1786996 0.7119772 -0.1704056 -0.0086116 -0.0786629 0.9539062 -0.1639439 0.2512959 0.7781093 0.1010118 -0.3228290 0.3243527 -0.4676335 -0.1050149 -0.2126942 0.1383550 0.3658692 0.8368171 0.3111531 0.5550028 -0.0326056 0.6312306 0.0425360 -0.0708707 0.4191530 0.8346641 0.0642781 0.6544324 0.0992612 0.4460756 -0.1242105 0.3320386 0.2942689 0.5745993 0.6109847 0.1545661 0.6597375 -0.1887693 -0.1983636 0.4196329 0.7888904 -0.5545519 0.6109916 -0.1300331 0.7485612 -0.1511713 0.7839898 0.1090241 0.3209419 0.6323333 0.8661620 0.1927383 0.8415423 0.6342868 0.7873767 0.8466349 0.5465704 0.4413671 0.7394116 0.6170428 0.5497846 0.7145036 0.2036921 0.5007955 -0.1160704 -0.3441703 -0.2880797 -0.4629591 -0.1292639 0.1102188 -0.3310017 -0.3597609 -0.4132123 0.2000482 -0.1414997 0.3044692 -0.4522035 -0.1546780 -0.0565868 0.1164450 0.1211402 -0.1326389 0.1132075 -0.1451020 0.1872205 0.2250689 -0.0720266 0.2929445 0.0912838 0.0756981 -0.0263357 0.1650289 0.1866649 0.0905896 0.0133541 -0.2466278 0.2271998 0.1214282 0.1462673 0.2750942 0.0555531 0.0478243 0.1063922 0.0576301 -0.1121411 0.1175779 -0.1467774 0.0308846 -0.1692953 0.0959360 0.2282824 -0.0223149 0.1784917 0.2378043 0.1298844 0.1537039 -0.4045811 0.0834319 0.2037271 0.0449982 0.0170781 0.2549749 0.0348643 0.1966984 0.0884120 -0.0654682 -0.1622070 0.1716793 0.1083718 0.2347143 0.0271621 -0.2793642 0.0290467 -0.0472622 -0.1531915 0.2844849 0.0923716 -0.0603555 -0.3851942 -0.1511848 -0.1226468 -0.2045604 -0.0320763 -0.1240728 0.1380725 -0.2428338 -0.3188396 0.0146199 0.1678981 -0.0191758 -0.3915474 -0.1916632 0.0011149 -0.1170904 -0.2443085 0.5227277 0.0860413 -0.4979419 -0.3834714 -0.2481509 -0.4386784 -0.0749755 -0.1943924 -0.3911531 -0.3028966 -0.5450000 -0.3553557 -0.6564012 -0.1236198 -0.5624641 -0.3846024 0.2258058 0.4970423 -0.1262460 0.3475660 0.1667615 0.0117439 -0.0591756 -0.0579422 -0.3589785 0.2212831 0.4509352 -0.2840445 -0.2665696 -0.6600186 -0.6364546 -0.5169491 -0.2902587 -0.4000253 -0.1417371 -0.3329827 -0.1748374 -0.3999291 -0.3854389 -0.1905978 -0.1960399 -0.1729568 0.2896146 -0.2258768 -0.3937934 -0.3433482
0.2470135 0.6765555 0.2170668 0.1052465 -0.1767647 0.8220965 0.8811659 -0.2879561 0.7374489 0.2941999 -0.0604745 0.0000000 -0.4913012 0.3160552 0.8292051 -0.0009479 0.0471391 0.7191748 0.1076078 -0.1502347 0.6734858 -0.6763774 -0.1218700 0.7274488 -0.2547471 -0.3658397 0.3268570 0.7428866 0.6223515 0.2193578 -0.3846154 -0.6745210 0.4397323 0.6004779 -0.2390092 0.2359480 -0.5891493 -0.6743870 -0.1526072 0.0655913 -0.5276360 0.4307297 -0.2123605 0.1489118 0.4006168 -0.3132618 -0.6078179 -0.5397068 0.2375253 -0.1955726 -0.5162817 -0.3022989 0.6797659 -0.0777901 -0.6098847 -0.4689939 -0.6468453 -0.0180486 -0.2671095 -0.4433883 0.7257218 -0.3953597 -0.4733633 0.1747305 0.7022131 -0.6167757 -0.5847424 -0.3117786 -0.5620229 -0.0114010 -0.5031064 0.2003953 -0.2506377 0.3225315 -0.5906231 0.0581150 0.3994516 -0.4344155 -0.1340988 0.4579959 -0.4151591 0.0651668 0.1803178 0.6953139 0.3843501 0.6078452 0.3647912 0.1270125 0.5386452 0.4447418 0.4923240 0.5742903 0.5736581 0.2488689 0.4199726 0.4984411 0.5092199 0.3696716 0.3906430 -0.1447091 0.3340046 -0.0310391 0.5448420 0.0667266 0.6091301 0.4250301 0.6539108 0.6104387 0.5493729 0.5113134 0.6881632 0.5668466 0.4891940 0.6196298 0.3763850 0.6010153 0.4374583 0.4429539 0.4317778 0.6245125 0.6150361 0.5802776 0.4308496 0.5232997 0.7902780 0.3971726 0.4756117 0.5653310 0.5653244 0.5570175 0.5523942 0.4171280 0.1776727 0.2940128 -0.0167705 0.5585977 0.5424378 0.5516163 0.3609040 0.5687901 0.4754342 0.6944949 0.0683878 0.6275068 0.4159404 0.5654438 0.3339026 0.5130866 0.3115978 0.5607098 0.5631156 0.3756616 0.3190740 0.4837935 0.5653471 0.3952207 0.3153703 0.3409673 0.2610694 0.4538533 0.4938506 0.5385555 0.3191528 -0.0581289 0.4454675 0.0214358 0.0635137 0.4282146 0.3507786 0.4468548 0.2144435 0.4103718 0.0999316 0.1147708 0.5793625 0.6277725 0.4909089 0.3096644 0.2401054 0.1814170 -0.0118102 0.2693949 0.2210837 0.2862557 0.0494968 0.6858956 -0.0917059 0.0299899 0.3587468 0.4340015 0.3518718 0.6793775 0.7361260 -0.0453656 0.4593385 0.3892910 0.3901648 0.6892915 0.0998992 0.4448460 -0.0924381 -0.1822791 -0.1007750 0.1174128 -0.0179893 -0.2287156 0.1847888 0.0554763 -0.2469206 -0.2061413 0.0710984 0.1465937 -0.0223588 0.5987762 0.4248867 -0.3889031 0.1091148 0.4743768
0.0032760 -0.0548272 0.6139592 0.2498907 0.7677814 -0.4991778 -0.2886981 0.7926534 -0.3319798 -0.3592446 -0.0437206 -0.4913012 0.0000000 -0.0210924 -0.5549655 -0.0278965 -0.1261095 -0.0208424 -0.0423768 0.6481071 -0.3412682 0.7109703 -0.0453688 -0.4809592 -0.0493516 0.3216876 -0.2294697 -0.1871254 -0.5925108 0.1616325 0.5000529 0.7352566 -0.4981716 -0.6149517 0.1163318 -0.3273684 0.2713052 0.5403210 -0.0313134 -0.0926983 0.6413049 -0.6120042 0.1105596 -0.2416962 -0.5642058 0.4189809 0.5982211 0.5004787 -0.5092584 -0.1896205 0.4847607 0.3076515 -0.6632703 -0.0520070 0.8165790 0.6744318 0.4736117 -0.3791929 0.5534755 0.3827269 -0.5523302 0.2222897 0.7900648 -0.4510527 -0.6190886 0.5373343 0.4421246 0.0002809 0.8141167 -0.3098454 0.4119675 -0.3374590 -0.0055179 -0.3283933 0.7078647 -0.3955077 -0.5023041 0.2924969 -0.3145352 -0.2396097 -0.1037077 0.0156617 -0.0319713 -0.3416526 0.1463815 -0.3231808 -0.6504461 0.0737643 -0.1108565 -0.2191615 -0.2441288 -0.2542594 -0.2488149 -0.1172802 -0.0941858 -0.0288931 -0.3992585 0.1907144 -0.3750318 -0.0175665 -0.2397048 0.4742213 -0.4380019 0.1017885 -0.4804795 -0.3808217 -0.2343966 -0.2711909 -0.3511076 -0.0418800 -0.5549168 -0.1568859 0.0355474 -0.2857908 -0.1547347 -0.4486158 -0.5295689 -0.3135690 -0.3913377 -0.5279764 -0.4711746 -0.5024871 -0.3427878 -0.3243300 -0.4755753 -0.0710686 -0.6455505 -0.3781999 -0.4109995 -0.5244028 -0.5284533 -0.2367750 -0.6086636 0.1341780 -0.1129461 -0.3116222 -0.5549375 -0.4130677 -0.5037042 -0.4723418 -0.1993205 -0.4152058 0.0222838 -0.1161304 -0.4426386 -0.3053563 -0.3165380 -0.3770831 -0.0866910 -0.5096263 -0.0637996 -0.1096987 -0.3322524 -0.3019710 -0.3444364 -0.1609066 -0.1095644 -0.1528213 0.0554018 -0.1045850 -0.1286842 -0.5508534 -0.0610152 -0.1000530 -0.3589095 -0.1771725 -0.4640214 -0.3551527 -0.2582536 -0.4494985 -0.2109307 -0.2202361 -0.2098192 0.1043936 -0.1402985 -0.1348992 0.1230007 0.1081825 -0.1252327 -0.2214395 0.0087545 -0.4593248 -0.1406435 -0.3859814 0.4381105 -0.5395034 0.4116437 0.2289695 -0.0790341 -0.5259568 -0.2941386 -0.5992275 -0.6095962 0.0517196 -0.2473133 -0.2299234 0.1609003 -0.6457937 -0.1699332 0.0421524 0.3330180 0.2257761 0.5362217 0.0768694 0.6776292 0.6409139 0.1115744 0.6079630 0.5534598 0.1407437 0.3386369 0.1438899 0.5659974 -0.0061598 -0.4041597 0.6292668 0.0303761 0.0303120
0.4531587 0.5359349 0.1757806 0.4558740 -0.0053948 0.5397866 0.1327658 -0.1347777 0.7057492 0.3697923 -0.3205253 0.3160552 -0.0210924 0.0000000 0.4004388 -0.3235982 0.5380439 0.5416083 -0.2750369 -0.3059117 0.5232697 0.0660881 -0.3910102 0.6387344 -0.4464008 -0.4526710 0.6631723 0.6902549 0.1004537 0.6675907 0.2284092 -0.1355353 0.3180377 0.1564132 -0.3319899 0.0332833 -0.5165127 -0.1079495 -0.0599627 0.0557941 -0.1944158 -0.1609800 -0.5075874 0.0029500 -0.0407309 -0.1857999 -0.2916982 -0.1442959 0.2269423 -0.3911877 -0.3920472 -0.5714952 0.4980441 -0.3372342 0.0037177 -0.0088197 -0.5595951 -0.2416041 -0.2496634 -0.3585469 0.5088681 -0.4226764 0.0578250 -0.0428116 0.5311417 -0.5396998 -0.3739172 -0.4201490 -0.1497201 -0.2579638 -0.6003997 -0.1177250 -0.4699815 0.1564533 -0.2224198 -0.2843184 0.0254944 -0.5905334 -0.4810796 -0.2832274 -0.5577205 0.2992726 0.4158450 0.4454122 0.3335580 0.2499504 -0.1739088 0.3834828 0.3141980 0.3153692 -0.0617040 0.1151185 -0.1045688 0.2740007 0.1301215 0.2269764 0.0025106 -0.2106415 0.1072821 0.0162112 0.1867774 -0.4321061 0.0510068 0.2558487 0.0347848 0.1238239 0.1804238 0.3906481 0.2786382 0.2872582 0.2294609 0.3546064 0.4605512 0.1358239 0.3453241 0.3662956 0.2244386 0.3536615 0.4218892 0.3431878 0.3630701 0.4356612 0.0480990 0.6944186 0.5724398 0.5427211 0.3148347 -0.1020155 0.4261554 0.2295106 0.2946573 -0.0963456 -0.0269295 0.3743003 -0.3785174 0.2483345 0.4468086 0.5008931 0.1266961 0.3190924 0.0744109 0.2711464 -0.2816197 0.4459252 0.4394695 0.1524367 0.1312602 0.2315715 -0.0381547 0.1786724 0.2256920 0.4032337 0.0770688 0.0202905 0.3405518 0.6202252 0.0586773 0.2761904 0.0168317 0.1907992 0.4016611 0.1014751 0.5601410 0.0334413 0.1770767 -0.0846625 -0.1800125 0.1170762 -0.0320431 0.0821445 0.0602676 0.2129756 0.1197539 -0.1428253 0.0915243 0.2626642 0.1125416 -0.1850714 0.4178791 0.4843186 0.3037563 0.2615045 -0.3132348 -0.3125256 0.1902153 0.5944986 0.3999119 0.4837332 0.1166885 0.1524081 0.4327386 0.2178561 0.3047569 0.0541245 0.4879626 0.5339235 0.6357559 0.2310179 -0.3515685 0.4944362 -0.2035997 -0.1817510 0.4348682 0.5395745 0.1970215 -0.0641656 -0.1171011 0.2642977 -0.1163378 -0.0987725 0.4360247 0.3655446 0.1028991 0.3208367 0.2722157 -0.0987406 0.3245650 -0.0951838
0.3671447 0.6777509 0.0437069 0.0195653 -0.2658290 0.8156148 0.6076979 -0.3303175 0.8089448 0.4137671 0.0043630 0.8292051 -0.5549655 0.4004388 0.0000000 0.0875422 0.2309550 0.5384031 -0.0370610 -0.2839028 0.7298459 -0.7068087 -0.0321012 0.9177922 -0.3643444 -0.3926812 0.3002740 0.6883333 0.8267985 0.1532140 -0.3118239 -0.6278943 0.6302470 0.8142030 -0.1580866 0.4276108 -0.4928289 -0.5977449 0.0317746 0.2169803 -0.4952242 0.5384238 -0.2049744 0.3880712 0.4789246 -0.4428931 -0.6020096 -0.5238016 0.5494795 -0.0621425 -0.4496580 -0.2947760 0.7923037 0.0811825 -0.5442658 -0.5463243 -0.5694827 0.2332742 -0.4407029 -0.4704836 0.6517909 -0.2578282 -0.4579978 0.3744291 0.7469165 -0.5037978 -0.4732474 -0.1595819 -0.5530504 0.1887214 -0.3409546 0.3788197 -0.1375657 0.4853322 -0.4055294 0.1942839 0.5817108 -0.2192313 0.0656844 0.2364914 -0.1345867 0.1881225 0.1985642 0.5105670 0.3275190 0.5951603 0.4752154 0.1927346 0.4433742 0.4006569 0.4277910 0.3906570 0.3841478 0.1558164 0.3239755 0.2670160 0.3938885 0.0867783 0.3404756 -0.1784396 0.2604179 -0.2439981 0.5316980 0.2405233 0.5619949 0.5110962 0.5055423 0.5285994 0.4573903 0.4165138 0.6982942 0.4278416 0.3764899 0.4315738 0.3204685 0.4843604 0.3984634 0.4184830 0.4374871 0.5031133 0.5569388 0.5402100 0.2163564 0.6436061 0.7393747 0.2207246 0.6007619 0.2746013 0.3958322 0.6148662 0.5857271 0.1579406 0.2429048 -0.0108731 -0.1300186 0.4468114 0.4821780 0.4786808 0.2975747 0.5276087 0.2550250 0.5783156 -0.0475703 0.3814386 0.4483591 0.3809169 0.3245966 0.3883331 0.0742810 0.4947523 0.3935980 0.1472930 0.3908890 0.2775102 0.4371520 0.3233893 0.1248514 0.2346852 0.0768956 0.2778324 0.3347446 0.4740239 0.3029479 -0.0545529 0.3220172 0.1067411 0.1416766 0.2755018 0.1566362 0.3484113 0.1554315 0.2791804 0.3297387 -0.1661303 0.3912028 0.4384704 0.2809868 -0.0016179 0.4381888 0.4416023 0.1352630 0.3176209 0.0187143 0.1136568 -0.1826920 0.6431858 -0.1530604 0.0823947 0.4144166 0.5906302 0.1527353 0.7387454 0.7656526 -0.1793625 0.2371369 0.2414841 0.1574579 0.5813255 -0.0019878 0.2402717 -0.3191699 -0.3892110 -0.1962586 -0.1626459 -0.1792802 -0.3379589 0.0005375 -0.0910425 -0.3651679 -0.4675389 0.0675284 -0.0198065 -0.2724151 0.1745529 0.4800542 -0.3920050 0.1651365 0.1354718
0.1196609 -0.1495068 -0.2225893 0.2451315 -0.2788719 0.1247099 -0.1498594 0.4588875 -0.1715303 0.5207175 0.9405627 -0.0009479 -0.0278965 -0.3235982 0.0875422 0.0000000 0.4085745 -0.1648509 0.7779008 -0.1714919 0.0751901 -0.0918385 0.9448711 -0.1112726 0.3312326 0.7753342 0.0893950 -0.2390700 0.3918307 -0.3799822 -0.0619869 -0.2253953 0.0996450 0.4173014 0.8118736 0.3506163 0.5572524 -0.0635020 0.6150919 0.1816406 -0.1167163 0.4732631 0.7888507 0.0980535 0.6230972 0.2393342 0.4819012 -0.2548043 0.3048683 0.3351160 0.5960488 0.6579749 0.1475544 0.7331405 -0.2341693 -0.1404934 0.4217745 0.7470830 -0.5022106 0.6495914 -0.0961160 0.7977583 -0.1198724 0.7389969 0.1308082 0.2829651 0.6190153 0.8487150 0.1989462 0.7920926 0.6269218 0.8132065 0.8187078 0.5628216 0.4404243 0.6840080 0.6417173 0.5208612 0.6580267 0.2257861 0.4706856 -0.1289576 -0.4077286 -0.3103318 -0.4849066 -0.2113118 0.1414718 -0.4110433 -0.4209432 -0.5149200 0.1437469 -0.1139843 0.2212371 -0.5154519 -0.2345224 -0.0662187 0.1389717 0.1304452 -0.2333216 -0.0235952 -0.2607383 0.1147243 0.1321957 -0.1081964 0.3368776 0.0130095 0.0000540 -0.0823241 0.1858366 0.1718156 0.0878178 -0.0277210 -0.2294086 0.1440894 0.0631270 0.0494489 0.1665223 -0.0322528 -0.0346384 0.0167234 -0.0712166 -0.1699813 0.0531116 -0.1171587 0.0446738 -0.0794932 0.0395797 0.1503496 -0.0263835 0.1106195 0.1864064 0.0351504 0.0520306 -0.3771173 0.0653844 0.1869477 -0.0162279 -0.0022360 0.1435194 0.0585879 0.1207261 0.0976605 -0.0463307 -0.0212756 0.0860226 0.1156311 0.1282619 -0.0432746 -0.2606853 0.0165339 0.0531494 -0.1965313 0.1834208 0.0728312 -0.0151299 -0.3380410 -0.0319203 -0.2110390 -0.1267901 0.1160762 -0.1278534 0.1419832 -0.1639234 -0.1420192 0.0024043 0.1377657 0.0380049 -0.3236504 -0.1339691 0.0751535 -0.0638006 -0.1598714 0.5077810 0.0970631 -0.3205511 -0.2537063 -0.0638008 -0.3022628 0.0007701 -0.1486760 -0.3021760 -0.2708173 -0.4226722 -0.2990154 -0.6225521 -0.1075010 -0.5648984 -0.3490519 0.2792200 0.4765469 -0.1825221 0.3582387 0.1725520 0.0060070 -0.0638104 -0.0550329 -0.3326855 0.1925479 0.4607699 -0.1879689 -0.2423382 -0.5730136 -0.5598741 -0.5301787 -0.3522942 -0.3210671 -0.0597720 -0.2885315 -0.0929611 -0.3321328 -0.3053614 -0.2032422 -0.2283097 -0.2044126 0.2814411 -0.1330870 -0.2915175 -0.2732298
0.4853956 0.0261996 -0.3059720 0.4330007 -0.2926929 0.3388172 -0.1198928 0.1045272 0.2276222 0.7956325 0.4658172 0.0471391 -0.1261095 0.5380439 0.2309550 0.4085745 0.0000000 0.0200746 0.2174530 -0.5192900 0.4212374 0.0650985 0.4353185 0.3329035 -0.1017885 0.1904716 0.5440757 0.0959974 0.2946343 0.1733165 0.0851758 -0.1945751 0.4724840 0.3559117 0.3770455 0.3653960 0.0556966 0.0360273 0.6618290 0.2002908 -0.1498426 0.2306205 0.2838673 0.2138625 0.4560425 0.1054909 0.1874412 -0.0468201 0.6525495 -0.2432336 0.1611145 0.0928166 0.5082484 0.3986059 -0.0793847 -0.0719270 -0.0601406 0.5381493 -0.6757726 0.2176295 0.2993559 0.2902826 -0.2224452 0.5934924 0.4443501 -0.1643184 0.1959019 0.3332778 -0.0692315 0.4340128 -0.0169147 0.4717253 0.2199351 0.4737581 0.1086932 0.2861416 0.4692420 -0.1222701 0.1516226 -0.2389805 -0.0466212 0.3761301 0.1653575 0.1341069 -0.0593749 0.0857974 0.0772722 0.1459230 0.0367429 0.0323973 -0.0159600 -0.0436187 -0.0190909 -0.0109249 -0.0307828 0.0277807 0.0728647 -0.2434476 -0.0002949 0.2582076 0.1542814 -0.2826253 0.1886354 0.2853839 0.2875933 0.2544585 0.2201192 0.2380613 0.3682458 0.3361915 0.2679274 0.3040057 0.2133090 0.2254505 0.4562037 0.4152110 0.4292352 0.3949762 0.4808662 0.4211524 0.3016382 0.3960203 0.1779175 0.5583160 0.4710161 0.2025890 0.3872856 0.0976542 0.2840231 0.3524830 0.4030731 -0.0851455 0.3593371 0.1040534 -0.0980147 0.4088655 0.5002637 0.4288427 0.3776220 0.3169408 0.3519081 0.2821421 -0.0725139 0.1078712 0.5048724 0.2373479 0.3574793 0.3105744 -0.1257891 0.2276818 0.1053307 0.2931259 0.3436593 0.2161537 0.1887806 0.3362580 0.0492467 0.2922515 0.0118750 0.0992921 0.2681632 0.2850282 0.3559645 -0.0546651 0.2203562 0.2757124 -0.0656697 -0.0839017 -0.0524992 0.1879211 0.1156847 0.0872461 0.4707128 -0.1954955 -0.3693108 -0.0130812 -0.1297322 -0.4944149 0.3911234 0.4262050 0.1115412 0.0792155 -0.7161185 -0.6328503 -0.2603476 0.3600972 0.0703794 0.1890822 0.2546020 0.5549916 0.4479850 0.3794640 0.4149524 0.2297579 0.3868357 0.4340354 0.2496308 0.3897712 -0.1029653 0.1126993 -0.3283646 -0.5560496 -0.2394403 0.1346788 -0.1473818 -0.4015665 -0.2475748 -0.0913041 -0.1710247 -0.2755112 -0.0353632 0.2463299 -0.1471148 0.0445473 0.3564720 -0.3141630 -0.0798173 -0.4106110
