0.0000000 0.5075701 0.5333284 0.7208459 0.1808835 0.2998275 0.2941009 0.1796008 0.1612014 0.4490559 0.2427536 0.5054843 -0.0464721 0.0158628 0.2823073 0.0765873 -0.0014450 -0.2516601 0.0874307 0.1167748 0.5901156 -0.2721012 0.1242572 0.0759608 0.1420371 0.2714792 -0.2050590 -0.1547698 0.3268719 0.1224198 -0.1616279 0.1560849 -0.0858638 0.0321176 0.4137403 -0.0353164 0.3423636 0.1105445 0.4203468 0.4516991 -0.1661584 -0.0765940 0.3452330 -0.0344231 -0.1076193 0.1618690 0.4314177 -0.0946004 -0.0445962 -0.0458225 0.4928784 0.5540017 0.1183946 0.2365252 -0.0908752 0.0896279 0.2962723 0.0649038 -0.0367637 0.4314686 0.0040082 0.2405403 -0.1525280 0.2013497 0.3240632 0.1062287 0.1832467 0.1367876 0.0362278 0.1694183 0.1186624 0.1484504 -0.0523587 0.3780799 0.1480645 0.1831979 0.2227239 -0.0329412 0.0959144 -0.1092164 0.0717614 -0.0021505 -0.0276002 -0.2768518 -0.2701836 -0.2715259 0.0742953 -0.0660511 -0.2836105 -0.2641063 -0.0823296 0.0512724 0.0196763 0.0688946 -0.1445846 0.0322322 0.1879240 0.0776969 -0.1538523 0.1640388 -0.1881406 0.0391310 -0.1270989 0.1891726 0.0955888 -0.1123913 -0.1154755 -0.2201857 0.0920210 -0.2959737 -0.2820879 0.2027336 -0.3373305 -0.2202106 -0.1885539 -0.2061520 -0.1113872 0.0201706 -0.2357425 0.1501517 0.0098195 -0.1531581 -0.0671499 -0.2286875 0.1904323 0.5769673 -0.2173226 -0.0426566 0.4861626 -0.1098962 0.0683077 -0.0963301 -0.2118731 -0.1817224 -0.2636540 -0.1159488 -0.1934713 0.3822852 0.0336310 0.0579121 -0.2173680 0.1938073 0.0473317 0.0168421 0.0394492 -0.2867242 -0.2734886 -0.3448587 -0.0360310 0.0081195 -0.0054499 0.0243953 0.0695007 -0.3082750 -0.2270797 -0.2007947 0.0640065 -0.1487989 -0.0102686 0.0591352 -0.1415446 0.0872210 -0.0078606 0.2095325 -0.0985617 0.0099860 -0.3237702 -0.1310838 0.2079192 0.0598634 -0.0767179 0.0328136 0.1847850 -0.2447929 0.2032206 0.3035219 0.2307163 -0.1992467 0.1410371 0.0376622 0.0929399 0.1045356 -0.0760771 0.0739463 -0.0578358 0.3839373 -0.0454975 0.3819103 0.3497422 0.1268699 0.3174817 -0.0520350 -0.0140975 0.4359631 0.6300185 0.6477881 0.1088719 0.0225952 0.0575621 0.4537710 0.0523683 0.1941502 0.4592103 0.3409887 -0.2190496 0.1349696 0.5294158 0.1442816 0.2301105 0.2278572 0.4030384 0.1036400 -0.0627246 -0.1443407 0.0705619 -0.0012641 -0.2380580 -0.3228435
0.5075701 0.0000000 0.4445410 0.5808146 -0.0589631 0.7851145 0.4629010 -0.2357440 0.5188564 0.6428106 -0.0239403 0.4239372 -0.3435732 0.4988456 0.3109923 -0.2185258 0.3930864 0.0038600 -0.4952258 -0.1146237 0.2479906 -0.4849551 0.1811051 0.5670804 -0.3628235 -0.1989596 0.0423770 0.3050330 -0.0968025 0.5007911 -0.4794688 -0.3919922 0.2602384 0.3652153 0.3276449 0.1890338 -0.1522302 -0.4478387 0.6402031 0.4413704 -0.5489607 -0.2404418 0.3633926 0.2908047 -0.3116525 -0.3144120 0.1074232 -0.5648482 0.1310719 -0.5409744 0.2902654 0.4488977 0.1858124 0.1645480 -0.5113055 -0.2531866 -0.0436775 -0.1331080 -0.0523853 0.2697622 -0.0770492 0.0659257 -0.3942042 -0.2194131 0.2755097 -0.1823291 0.0579779 -0.0048335 -0.2750444 -0.0919770 -0.1279152 -0.2881540 -0.1575753 0.2187217 -0.1704372 -0.1575451 -0.0810775 -0.1213280 -0.2114333 -0.5521605 -0.2194948 0.3726765 0.2450521 -0.2733752 -0.3399085 -0.2980305 -0.0070046 -0.0957245 -0.2229069 -0.1573189 -0.2904139 -0.1792213 0.0620848 0.2225413 -0.1468544 0.0028685 0.2275767 0.4165323 0.0176968 0.3007776 0.0075251 0.2400462 0.0628575 0.1872960 0.2759115 -0.0553924 0.0430663 -0.0296511 0.3857391 -0.2075720 0.1002345 0.3384440 -0.0806802 -0.0254127 -0.0522688 -0.0022041 0.1381537 0.2384895 0.1432136 0.4051615 0.4173207 0.1531990 -0.0532542 0.0769679 0.4942407 0.6307662 0.1740254 -0.0880705 0.6229846 -0.0455309 0.3218214 -0.0923465 0.0084357 -0.3157896 0.1155687 -0.1574715 -0.1046761 0.5121376 0.1477379 0.1194169 -0.0754706 0.4044350 0.2262810 -0.1174137 0.2630427 -0.3026464 0.1741705 0.0688562 0.1337776 0.4015837 0.3589904 0.0877856 0.4854128 -0.1168208 0.0620375 -0.3737682 0.3136462 0.3136498 0.3042502 -0.0715557 0.1268302 0.5747419 0.1631111 -0.0603239 0.2988942 0.2508172 0.1850986 -0.0645046 0.0060068 0.5908427 0.1980813 0.1009144 0.7257699 0.4921234 0.7939693 0.6891489 0.4073123 0.1258569 0.5565368 0.4663368 0.4667371 0.3075514 0.0654221 0.1578511 0.1756603 0.3196042 0.1400842 0.3803731 0.0915884 -0.3476212 0.4541477 -0.4766064 -0.4239800 0.3634723 0.5301691 0.4021428 0.0341543 -0.1914453 -0.3186448 0.5490930 -0.0487802 0.2536301 0.2466064 0.0353075 -0.3635829 -0.2593719 0.4550507 -0.0530079 0.1991141 0.3596580 0.1683561 -0.0735508 -0.4827680 -0.3104159 -0.1340318 -0.0778792 0.0747161 -0.1272344
0.5333284 0.4445410 0.0000000 0.7682440 0.5803651 0.0467609 -0.0221324 0.4142138 0.1143433 0.4920612 0.3223098 0.1052293 0.1180646 0.0150815 -0.1592794 0.1279471 0.0880611 -0.5146351 0.1326703 -0.0133083 0.3577746 -0.0500034 0.2172203 -0.2036820 0.2086086 0.2985891 -0.1546917 -0.3666357 0.1089826 0.0164075 -0.1178811 0.2220217 -0.3368348 -0.1939192 0.4285838 -0.1019709 0.3582484 0.1418022 0.4180971 0.2221035 -0.0546527 -0.2092568 0.3857945 -0.3457969 -0.2895239 0.2227152 0.4385688 0.0013285 -0.1980179 0.1205788 0.3947092 0.5140739 0.0337926 0.1314715 -0.0606828 0.1618295 0.4022669 0.0988005 -0.2564612 0.4039732 -0.1815765 0.3249075 -0.0683459 0.1965647 0.2411689 0.2579551 0.2584482 0.2788635 0.1086173 0.2401965 0.2343918 0.1220952 0.1049460 0.3358339 0.2047414 0.1817370 0.2814460 0.0223948 -0.0298297 -0.1162061 -0.1284162 -0.0510422 0.0902985 -0.3453261 -0.4277795 -0.3589615 -0.0446578 -0.2553112 -0.3553971 -0.3575499 0.0666741 0.4412898 0.4516702 -0.1175328 -0.0440359 0.3655439 0.4804756 0.4374886 -0.0747918 -0.0959862 -0.3571539 0.2873133 0.1584586 -0.2666882 0.3736048 0.1101733 0.1084130 0.1381864 0.3112566 -0.0176469 0.0717757 0.4395677 0.0445602 0.1002183 0.0562636 0.0378706 0.1140634 0.1909790 0.2038372 0.2818304 0.2052759 0.0183630 0.2679043 0.1871188 0.3425062 0.3970580 -0.0045960 0.3187257 0.4546958 0.1059697 0.2932302 0.2891308 0.0692219 -0.0666000 0.1193107 0.3234233 -0.0185275 0.3904141 0.2073154 -0.1289317 0.1672520 0.1574554 0.1262361 0.0262828 0.1502004 0.0542911 -0.0266817 -0.0649085 0.2706310 -0.0117011 -0.1244986 0.1334440 0.1873598 0.1038798 -0.0027126 0.0003835 -0.1643810 0.0189556 0.0352491 -0.1257157 0.0673306 0.0761349 0.1084608 -0.0648960 0.0670145 0.3185525 -0.0156391 0.1307729 0.1165682 0.0221237 0.1890597 0.1900413 -0.0411033 -0.0851855 -0.0402503 0.0670176 0.0403909 -0.1718957 0.0137667 -0.1606208 -0.1661397 -0.0871066 -0.2168970 -0.0839342 -0.2109576 0.2104655 -0.1793023 0.3041863 0.3969528 0.0402014 0.3953359 -0.0445735 -0.1519130 0.3358789 0.3707548 0.4267541 -0.0100257 -0.0903497 -0.0953788 0.2389946 -0.2176313 -0.0545599 0.3275945 0.1709778 0.2009670 0.2693348 0.3575736 0.1225722 -0.0363345 -0.0664787 0.4529644 -0.1237526 -0.0811487 -0.0183822 -0.0379194 -0.1957720 -0.4282709 -0.4573323
0.7208459 0.5808146 0.7682440 0.0000000 0.3281432 0.4437039 0.0566777 0.3835261 0.3307155 0.6206800 0.3640202 0.3775212 0.1497684 0.1915752 0.0183188 0.1980514 0.1094520 -0.2094647 0.1366771 0.0736260 0.5525462 -0.0429576 0.2171476 0.1534087 0.1998187 0.2379027 -0.0601443 -0.1581732 0.5016288 0.2270655 -0.0457181 0.0778208 0.0156315 0.2001631 0.4694235 0.1317928 0.3048717 0.0789165 0.5571534 0.4997127 -0.2029228 0.0860566 0.5064100 0.1004833 -0.0350583 0.2804142 0.5304024 -0.1448993 0.1458349 0.0144317 0.5261684 0.6718713 0.2057523 0.3716332 -0.0933346 0.2607664 0.4514731 0.3051639 0.0062719 0.5275136 0.0803210 0.4426234 -0.0831908 0.3631567 0.2826893 0.2658959 0.3979481 0.4669112 0.1372002 0.4306187 0.3252185 0.1874491 0.2462974 0.4156652 0.3442357 0.3708849 0.2133903 0.2400390 0.2379263 -0.1197969 0.1570044 0.1946262 0.0249925 -0.1410323 -0.2088729 -0.1491945 0.0882284 -0.1530478 -0.1328737 -0.1000105 -0.0750664 0.1052893 0.1281863 -0.1450558 -0.0564300 0.1884255 0.4502579 0.1648992 0.0138822 0.1282368 0.0237036 0.2165722 0.0595914 0.0818371 0.4328263 0.0508202 0.1298346 -0.0339152 0.2545998 -0.1723600 -0.0199804 0.4448185 -0.1696339 -0.0747285 -0.1197013 -0.1371270 -0.0297137 0.1246199 0.0148559 0.2524651 0.1498499 -0.0002641 0.1321409 -0.0955521 0.3992577 0.6716099 -0.1732953 0.1811757 0.6966354 -0.1450336 0.1944455 0.0965099 -0.2050286 -0.3453531 0.1481448 0.0091582 -0.2418099 0.6028249 0.0547643 0.1902150 -0.1339604 0.4486963 0.2092050 0.1510558 0.1300215 -0.2858061 -0.0742833 -0.2173637 0.1345492 0.3626718 0.3046288 0.1986187 0.4407589 -0.2101776 -0.1765948 -0.1981877 0.1934521 0.0812707 0.1341253 0.2195844 -0.0663189 0.4657158 0.1673495 0.2821286 0.0665923 0.3252616 -0.1275850 0.0015246 0.1655573 0.3367728 0.0681216 0.1100424 0.0983939 -0.1281174 0.1458057 0.1662929 0.0885981 -0.4169620 0.2223634 0.0945484 0.0944477 0.1990193 0.0222655 0.1690860 -0.0274307 0.3746060 0.0197741 0.4300910 0.3972938 0.1097747 0.5536033 -0.0475702 -0.0276410 0.7019402 0.7140452 0.7908616 0.1057112 -0.0836538 0.0776713 0.5690942 -0.1201978 -0.0222985 0.2471859 0.0970091 -0.0650571 0.2711889 0.6525434 -0.0526051 0.1210101 0.0819814 0.3908628 -0.1299163 -0.1333467 -0.2283346 -0.1082126 0.0247232 -0.1904904 -0.3881086
0.1808835 -0.0589631 0.5803651 0.3281432 0.0000000 -0.3003575 -0.2420747 0.7251500 -0.2321690 0.2830195 0.6382626 -0.0728351 0.5176999 -0.1297155 -0.3308843 0.4587582 -0.0325399 -0.4254287 0.5288180 0.1417227 0.2011600 0.2821846 0.1374040 -0.2417143 0.4904276 0.4135630 -0.1626480 -0.1803271 0.0683005 -0.0679910 0.2546315 0.4412949 -0.0455686 0.0508380 0.1875408 -0.5835985 0.3472761 0.5455868 0.1516918 -0.0281147 0.4536798 -0.3033506 0.1148663 -0.2745481 -0.1956591 0.2280360 0.2931939 0.4812998 0.0617098 0.4395914 0.2939125 0.1974660 0.2836011 0.0823980 0.4287303 0.1962049 0.3281631 0.2918649 -0.5132881 0.1835136 -0.2645288 0.2597763 0.4245515 0.4465172 0.3633767 0.3088226 0.2210751 0.4272817 0.1679129 0.3896467 0.2405412 0.4284791 0.1596348 0.4276576 0.1010636 0.3590430 0.5206508 -0.0521579 0.0234989 0.3198607 -0.1712786 -0.3388136 0.0702582 -0.4148331 -0.4223126 -0.3520346 -0.1416654 -0.3404933 -0.4952571 -0.3963056 -0.0248330 0.5015086 0.3238314 -0.3680155 -0.0634196 0.3867659 0.2747567 0.3562944 -0.1722962 -0.5756618 -0.4556226 0.1829691 0.1296046 -0.4998029 -0.0204807 0.1800889 0.0377604 0.3417995 -0.0705354 0.2428843 0.0675199 0.3549336 0.3472726 0.3464743 0.1907012 0.1842500 0.1270856 0.0634623 0.1739996 0.2946070 0.2101715 0.1016190 0.1848032 0.2201508 0.3828584 0.2135733 0.0871074 0.3828969 0.2896861 0.4595892 0.4814442 0.5536629 0.4228241 0.3440471 0.2790630 0.4728539 0.4174796 0.3267490 0.4484262 -0.0514214 0.3559984 0.1680105 -0.2209936 0.1151416 0.3697475 0.5123242 0.2535652 0.2465738 0.0094848 -0.1041048 -0.2326956 0.1137329 0.2269347 0.1345078 0.1522015 0.1584741 -0.5726599 0.1536369 -0.4257082 -0.0588049 0.0867438 -0.1173126 0.1681738 -0.1531371 0.0654126 0.1995504 -0.1437924 -0.1661572 -0.2860502 -0.1971029 0.0228894 -0.0252086 -0.4855729 -0.3860715 -0.3646805 -0.1328184 0.0819083 -0.0320987 -0.3875335 -0.5867879 -0.5641177 -0.5302650 -0.5875222 -0.5060987 -0.5725842 0.3098572 -0.3699237 0.3650862 0.3946927 0.0313985 0.0972378 0.0445965 0.0189905 0.1856187 0.2463787 0.2326341 0.2203153 0.2652628 0.1690167 0.1190846 -0.4912297 -0.1666881 0.2119632 0.2388925 0.6341773 0.5557769 0.1177886 -0.0311354 -0.4847518 -0.1817606 0.3253700 0.0444389 0.3617513 0.3616455 0.1790010 -0.4223372 -0.3888769 -0.2915007
0.2998275 0.7851145 0.0467609 0.4437039 -0.3003575 0.0000000 0.5476240 -0.3223455 0.5328655 0.4428696 -0.1549755 0.4993696 -0.2921559 0.4857797 0.4718409 -0.2746661 0.2563318 0.4017418 -0.5033789 -0.1428055 0.0913440 -0.3573465 0.0263750 0.8366457 -0.4575700 -0.3135942 0.0822473 0.4696517 0.0956826 0.5178103 -0.3022396 -0.5958325 0.5124562 0.5139129 0.1843210 0.4194359 -0.3168854 -0.4884410 0.4740229 0.3840266 -0.5090367 0.0558873 0.2826505 0.5516360 -0.0488800 -0.2827401 0.0067079 -0.5547343 0.2394295 -0.5436022 0.1170173 0.2711114 0.0784468 0.1560834 -0.4399699 -0.1539254 -0.0970126 -0.0914911 0.2531068 0.1084660 0.1313346 -0.0954496 -0.2883163 -0.2344929 -0.0068351 -0.1891419 -0.0345713 -0.0251377 -0.2144691 -0.1060358 -0.1229983 -0.2864265 -0.0814800 0.0605843 -0.0125476 -0.0397181 -0.2314777 0.1410257 0.0644280 -0.4358012 0.0906441 0.5183283 0.2061704 0.0333002 -0.0210413 0.0591946 0.1678823 -0.0169640 0.1152553 0.1424402 -0.3457256 -0.3200391 -0.2354937 0.1039134 -0.0345464 -0.0931023 0.1402219 0.0915956 0.1771492 0.4311200 0.4050869 0.1185415 0.1263543 0.3906104 0.2184058 0.0087164 0.0572102 -0.0277653 0.2346027 -0.2917721 0.1004771 0.1202137 -0.2193837 -0.1237808 -0.2073016 -0.1029641 0.0202521 0.0826101 0.1458787 0.1132370 0.3230342 0.3221670 -0.1022304 -0.0097397 0.3453352 0.5825516 0.1197441 -0.1331326 0.5437681 -0.2367712 0.1174579 -0.3929030 -0.2452332 -0.4983352 0.1026168 -0.4010055 -0.3747392 0.4637168 -0.0880580 0.2835430 -0.3197265 0.4578412 0.3460024 -0.0777390 0.1184741 -0.5743868 0.1593086 0.0191717 0.0746445 0.6197036 0.6418431 0.2711865 0.5973803 -0.3052802 0.0351835 -0.2968489 0.6054115 0.3353748 0.3944132 0.2289674 0.1195592 0.7598531 0.2159064 0.2419723 0.3132621 0.2557850 0.1176418 -0.0390153 0.0724203 0.7173614 0.1409521 0.0889550 0.6560406 0.5774658 0.8061430 0.6183425 0.3204993 0.1143483 0.6854869 0.7151570 0.7071487 0.5893915 0.3699686 0.4271093 0.3905059 0.2009554 0.3910886 0.3020347 -0.0736425 -0.3039504 0.3103589 -0.3910382 -0.2844608 0.4529028 0.4904050 0.4633229 0.1306365 -0.0748824 -0.1248214 0.6092526 0.0954064 0.2031310 0.1157095 0.0003913 -0.5235311 -0.2637613 0.5217097 -0.1210835 0.2506286 0.4351399 0.0867355 0.0680156 -0.3856920 -0.3233682 -0.1668513 0.2738611 0.1877186 -0.0760870
0.2941009 0.4629010 -0.0221324 0.0566777 -0.2420747 0.5476240 0.0000000 -0.3539449 0.2433922 0.2932653 -0.0988076 0.5607674 -0.4091581 0.3733697 0.5177467 -0.2700532 0.2117377 0.4012684 -0.3796334 -0.3709892 0.2344268 -0.4295172 -0.0326556 0.6836957 -0.3500270 -0.2553244 -0.0435425 0.5171314 -0.0715622 0.3690885 -0.3638192 -0.3901527 0.4317048 0.3139607 0.0340693 -0.0193314 -0.2475523 -0.2939734 0.2881373 0.0628904 -0.2874812 -0.2870994 0.0862272 0.1458489 -0.2723610 -0.2158771 0.0367040 -0.3324339 0.0167886 -0.2468112 0.0317006 0.0320898 0.0428281 -0.0708491 -0.3108781 -0.1436306 -0.0685751 -0.3228108 -0.1305065 -0.0584448 -0.1318004 -0.2637354 -0.2116524 -0.3297864 0.0981705 -0.1136401 -0.1827885 -0.3873916 -0.1499430 -0.3328160 -0.1898272 -0.2520947 -0.3445254 0.0967157 -0.1011933 -0.2607812 0.0197063 -0.1340715 -0.2300821 -0.3212060 -0.0244529 0.1378730 0.2353184 -0.2657266 -0.0920527 -0.0400165 0.2042228 0.0693525 -0.0468239 -0.0001452 -0.0157201 0.1295669 0.0200597 0.1859592 0.0972496 0.0815758 0.2124651 0.1751115 0.2772631 0.1544921 0.1061919 0.1410643 0.1320137 0.4188342 0.2072026 0.1318996 -0.1272403 -0.0061243 0.2325718 -0.3010386 0.2548408 -0.0762322 -0.2364706 -0.1418527 -0.2568096 -0.0863355 -0.0714954 -0.1930667 0.0922420 -0.1375644 0.2065487 0.2847876 -0.2715445 0.1938023 0.2393060 0.4506126 0.1718083 -0.3152116 0.3237727 0.0330424 0.2166305 -0.2298533 0.0442256 -0.0599766 -0.0474341 -0.2451316 -0.0750630 0.3177721 0.1475574 0.2430907 0.0558685 0.2892524 0.1665838 -0.0055722 0.2716569 -0.1774029 0.3125317 0.2955573 0.0512425 0.2953179 0.1726713 0.2748057 0.3357271 0.0842526 0.3462943 0.0450549 0.2543766 0.4017831 0.2210355 0.1645980 0.3420578 0.3215835 0.1162373 0.1639174 0.3693642 0.2159844 0.1930375 0.0838923 0.2461951 0.3777428 0.2242830 0.2007052 0.5338315 0.5864130 0.6059668 0.7831166 0.6770570 0.5895119 0.3022111 0.2400802 0.2643211 0.1212596 -0.0541781 -0.0165703 -0.0733149 0.2025983 -0.0326929 0.2151236 0.0352337 -0.0765477 -0.0143451 -0.1798772 -0.1821999 -0.0109622 0.2940470 0.2393198 0.5048279 0.3202148 -0.0843763 0.5131987 0.0295115 -0.0110233 0.2049572 0.4372372 -0.3755554 -0.0585811 0.3961583 0.5100491 0.1569600 0.3997582 0.0507026 0.5833638 0.0029499 0.3940996 0.5069448 -0.0529416 0.0773133 0.1396947
0.1796008 -0.2357440 0.4142138 0.3835261 0.7251500 -0.3223455 -0.3539449 0.0000000 -0.1132057 0.3066007 0.7696517 0.0293278 0.8469790 -0.1094134 -0.5098004 0.6362053 -0.0273792 -0.1856346 0.7694794 0.1087163 0.4078147 0.6542245 0.2708869 -0.3328750 0.7299806 0.5022618 -0.1632117 -0.2669510 0.3939817 -0.0633676 0.6373808 0.5357504 -0.1563973 0.0722517 0.2913301 -0.2676203 0.4313960 0.7195749 0.1366931 -0.0403323 0.5853203 0.0761047 0.2314619 -0.3534311 0.0956656 0.4487423 0.3827777 0.5922230 0.0933158 0.5947147 0.3698140 0.2712345 0.4559221 0.1656080 0.5878560 0.3962822 0.4229394 0.4052091 -0.3707552 0.2936560 0.0923456 0.3172824 0.5695941 0.8032385 0.4834047 0.3484040 0.3199013 0.6253828 0.3538736 0.6852554 0.3854260 0.7986338 0.3229942 0.6421668 0.3450371 0.7734614 0.7471248 0.2423839 0.4642326 0.6205040 0.3562718 -0.1951155 -0.1133818 -0.1450070 -0.1888728 -0.1612811 0.0244388 -0.4056727 -0.2846809 -0.2484343 -0.0634179 0.4524568 0.3259736 -0.6302958 -0.0667889 0.3212933 0.3934016 0.1366588 -0.0566220 -0.6262929 -0.3287899 0.0182842 0.0736162 -0.5589107 0.1078841 0.1659459 0.0685060 0.2421791 -0.3343224 0.3238156 0.0573923 0.3023335 0.3320116 0.3349361 0.2440899 0.1900670 0.1814206 0.1988962 0.2144079 0.3317397 0.1684520 0.0534898 0.3720025 0.2165348 0.1924754 0.0319555 0.1031774 0.5002152 0.1134931 0.4985259 0.2935198 0.5007998 0.2836360 0.2843760 0.3464449 0.5354482 0.1842619 0.1021484 0.1054529 -0.1100517 0.2007535 0.0363974 -0.2250319 0.0803033 0.0379001 0.4245011 0.0157969 0.0256213 -0.0770753 -0.1281000 -0.1645836 -0.0126225 0.1919212 0.0538836 0.0120919 0.1116765 -0.3427002 -0.0108848 -0.4130625 0.2001912 -0.0548664 -0.0844675 -0.0183062 0.1853420 -0.0432594 0.0913504 -0.3023781 -0.0809016 -0.0408415 -0.1996040 -0.1391296 -0.0374863 -0.4483662 -0.4728398 -0.5438196 -0.2685363 0.1305119 -0.2115593 -0.2960797 -0.5627481 -0.6038223 -0.5117593 -0.5137765 -0.4659844 -0.5654240 0.4816699 -0.2203634 0.5198460 0.6124254 0.3279769 0.2394209 0.3636695 0.2159015 0.4038703 0.1711598 0.3035068 0.1679617 0.3153956 0.5876586 -0.0783481 -0.2853505 -0.0050964 0.3494432 0.4199866 0.3776739 0.6272824 0.0461500 -0.0903768 -0.3725689 -0.0514344 0.3165514 0.0230761 0.4157155 0.2168230 0.1985503 -0.3015787 -0.3224800 -0.2777020
0.1612014 0.5188564 0.1143433 0.3307155 -0.2321690 0.5328655 0.2433922 -0.1132057 0.0000000 0.7125205 0.2186673 0.5661727 0.0067679 0.7973201 0.5420408 0.1492229 0.7351739 0.5301123 -0.3023933 0.0223554 0.1905039 -0.2321049 0.5678671 0.3671966 -0.2373982 0.1127570 0.5603019 0.3172261 0.4180372 0.7394570 -0.1345907 -0.2718614 0.2095310 0.4329132 0.5745154 0.5129738 -0.0139941 -0.4173511 0.7781862 0.7550110 -0.5558109 0.4927535 0.6767998 0.4791734 0.4956512 -0.1932779 0.1999444 -0.4113968 0.4858273 -0.5086815 0.4427985 0.6940722 0.4861806 0.6514012 -0.3620524 -0.2616292 -0.0010239 0.3727047 0.2559682 0.4522927 0.6051589 0.2836774 -0.3251798 0.1958729 0.3197740 -0.1976415 0.1307885 0.2094186 -0.3388016 0.2568727 -0.1173801 0.0444380 -0.2519026 0.3351016 -0.2900759 -0.0738840 0.1190755 -0.2344047 -0.1671361 -0.0110218 0.0867519 0.1375541 -0.3139306 -0.3827474 -0.4370892 -0.4056805 -0.0311405 -0.3878498 -0.3660795 -0.3462812 -0.3264345 -0.1808618 -0.2334305 -0.2716970 -0.3873238 -0.3022267 -0.0327993 -0.1478393 -0.1458329 -0.1589654 -0.2141371 -0.2420128 -0.3852964 -0.1062434 0.1643136 -0.2937692 -0.3322848 -0.4280039 -0.0275760 -0.2682519 -0.0045477 -0.1639192 -0.1261958 -0.1187600 -0.0355156 -0.0631275 -0.0004350 0.1441004 -0.1431385 0.0085183 -0.0319678 -0.2547383 -0.3445391 -0.2148533 -0.0549965 0.1218282 -0.1494273 -0.3302853 0.1303376 -0.2480735 -0.1616526 -0.3524170 -0.2715010 -0.0056774 -0.2011239 -0.4223157 -0.2393114 0.1363050 -0.1950586 0.3853331 -0.5243974 0.2577162 -0.3054816 0.2843472 -0.0794663 -0.2832922 -0.1540053 -0.2874502 -0.4257968 0.3197755 0.5032278 -0.0983163 0.2037847 -0.4876174 -0.3402545 -0.1647885 0.2093576 -0.0536100 -0.1442715 0.2779788 -0.3510998 0.3322266 0.1432516 0.2290574 -0.1942664 -0.1917811 -0.1943461 -0.4451262 -0.2936208 0.1183856 -0.4142098 -0.4881397 0.6041048 0.1669117 0.2827711 0.0518921 0.1759408 -0.1055829 0.5958611 0.3946123 0.0625579 0.0913125 0.1206754 0.0234041 0.1554430 0.3693130 0.3384577 0.3319258 0.3609607 0.2475023 0.1488168 0.1090403 0.1894667 0.2816195 0.1215752 0.1390541 -0.0597436 -0.0873587 0.1205305 0.1624032 0.1625838 0.3500936 -0.0670795 -0.0178439 -0.4848678 -0.0201577 0.1678273 0.1098857 0.3093838 0.3290641 -0.2852260 -0.0688111 -0.3149606 -0.1691375 0.0718163 0.1251442 0.5112466 0.3451318
0.4490559 0.6428106 0.4920612 0.6206800 0.2830195 0.4428696 0.2932653 0.3066007 0.7125205 0.0000000 0.6213799 0.5314944 0.1825651 0.7518592 0.1579307 0.3192722 0.7115623 0.1490661 -0.0559776 0.0772873 0.4668406 -0.1447757 0.6288931 0.3850503 0.0263782 0.2255496 0.4079244 0.2904567 0.3083542 0.7192689 -0.0287009 -0.0457686 0.3085261 0.5792794 0.6494949 -0.0510243 0.1332308 -0.0877111 0.9260520 0.6913513 -0.2537101 -0.0015400 0.7376654 0.2683942 0.0819226 -0.1308907 0.3698517 -0.1843882 0.5146492 -0.2241412 0.6218730 0.8095038 0.7105530 0.6389263 -0.1476089 -0.1645644 0.1759657 0.4514540 -0.3398435 0.5817012 0.1869067 0.4565765 -0.1411057 0.3951963 0.6810945 -0.0274619 0.2792128 0.4409854 -0.3145001 0.4621318 0.0380628 0.2785774 -0.0792716 0.6306866 -0.2335240 0.1718965 0.4395939 -0.1844929 -0.1367313 -0.0637793 -0.0491548 0.2465090 0.0409749 -0.5243571 -0.5319692 -0.4126203 0.0962422 -0.4734764 -0.4976327 -0.4069074 -0.2064204 0.1601333 0.1854921 -0.3157484 -0.2907309 0.0256229 0.3062003 0.3134336 -0.0270143 -0.3249256 -0.2707331 0.1796368 -0.0657951 -0.1377912 0.2799560 -0.0898748 -0.0012444 -0.0515621 0.1919496 0.0168824 0.2509627 0.3915624 0.1222457 0.1432322 0.1164205 0.0718492 0.1183042 0.2250831 0.0337465 0.3883740 0.2807630 -0.0960426 -0.1395798 0.0552467 0.4909610 0.5416282 -0.0532349 -0.0631094 0.5898721 0.1471642 0.4207843 0.2274054 0.1844185 0.1821600 0.1542114 0.0163599 0.2145613 0.5870844 0.3651959 0.3716837 -0.0530842 0.5481889 -0.2688852 0.3508786 0.4067899 0.1409585 0.2130558 0.0704302 -0.2620756 0.3598504 0.3290991 0.0214228 0.4460723 -0.1710503 -0.0691894 -0.1927158 -0.0252461 0.2252367 -0.2329098 0.2373188 -0.1269800 0.3822044 0.2377543 0.1319504 0.0255984 0.1441459 -0.1293721 -0.4105453 -0.2824991 0.2301054 -0.2053041 -0.2872734 0.4660061 0.0313079 0.2501556 0.3261480 0.4587556 -0.0784243 0.2283747 -0.0677788 -0.2270494 -0.2938435 -0.4340395 -0.4037350 -0.3867408 0.6089466 -0.1580791 0.5518821 0.5501908 0.1142464 0.4617491 -0.0324105 -0.0289437 0.4589874 0.5253923 0.4109815 0.2758459 0.0562806 0.0801659 0.4996891 -0.2501307 0.0800815 0.0755535 0.1991915 -0.1255564 0.2752956 0.4384062 0.0286694 -0.1168074 0.1119055 -0.0531769 0.0261800 -0.1690183 0.0241140 0.2002330 -0.3280672 0.1417133 0.0609882
0.2427536 -0.0239403 0.3223098 0.3640202 0.6382626 -0.1549755 -0.0988076 0.7696517 0.2186673 0.6213799 0.0000000 0.2189723 0.6615327 0.3798153 -0.1912126 0.8431741 0.4669642 0.0682795 0.6458717 0.2530153 0.5009075 0.4400376 0.6972179 -0.0720285 0.6870590 0.7078852 0.2933088 0.0219670 0.4201190 0.2765214 0.4318398 0.5996923 0.1982453 0.4499221 0.6362314 -0.4292550 0.5561785 0.5736732 0.5005991 0.2967531 0.4145366 0.0295862 0.6192165 0.0250641 0.1876899 0.3805712 0.5858638 0.5128143 0.5646461 0.4360285 0.7189309 0.6034125 0.7637658 0.6099572 0.4786224 0.3062242 0.4848433 0.7268422 -0.3717618 0.6628909 0.2184849 0.6753103 0.4470680 0.8105177 0.6507652 0.3856477 0.5778001 0.7901553 0.1798038 0.8447302 0.4447060 0.6943721 0.3118440 0.6173851 0.1331481 0.5514697 0.6932252 0.0777580 0.1308694 0.4588937 0.1244473 -0.1300941 -0.1663974 -0.3926802 -0.4295722 -0.3180386 -0.1589521 -0.5118057 -0.5386145 -0.4173028 -0.2828499 0.1908365 0.2649467 -0.5789361 -0.4441528 -0.0815341 0.3962263 0.1063579 -0.3007405 -0.6992447 -0.3815233 -0.0782200 -0.1728504 -0.3765803 0.0823895 -0.2175779 -0.0922098 0.0975898 -0.2898329 0.3191913 -0.0395785 0.2493925 0.3928267 0.4038235 0.2864251 0.2800598 0.1844981 0.1031127 -0.0077731 0.2223761 0.0857274 -0.1920280 -0.0984593 -0.0861023 0.2731288 0.2144075 -0.1104719 0.0263073 0.2609564 0.3916377 0.3945773 0.4786297 0.4116076 0.3022611 0.2613370 0.1709231 0.4452834 0.3290640 0.4045217 0.0877734 0.0956816 0.2726032 -0.4687120 0.2291700 0.3347998 0.3930995 0.2246963 0.1524899 -0.3249157 0.0093731 -0.0910424 -0.0050703 0.3047492 -0.0556511 -0.0258287 -0.0026994 -0.3149185 0.1263268 -0.5083399 0.2735346 -0.1672580 -0.0015979 -0.0874370 0.1775019 -0.0767093 0.1590167 -0.3009479 -0.3451983 -0.1762030 -0.1300581 -0.2471307 -0.2301876 -0.0978355 -0.4202423 -0.2817245 -0.0751938 0.3607403 -0.0938299 -0.3581709 -0.6439779 -0.7053696 -0.6846292 -0.6244287 -0.6757124 -0.5882925 0.5085452 -0.3136042 0.3669564 0.5904995 0.3271189 0.0776229 0.2869240 0.1906255 0.2292810 0.2357550 0.2281239 0.2814714 0.1320925 0.3591561 0.1777691 -0.6062286 -0.0871470 0.0061365 0.1986187 0.4194189 0.5565689 0.1537450 -0.0881862 -0.5744203 -0.1671902 -0.1157835 -0.1183628 0.2527716 0.2229022 0.2877276 -0.4442287 0.1270771 0.1905686
0.5054843 0.4239372 0.1052293 0.3775212 -0.0728351 0.4993696 0.5607674 0.0293278 0.5661727 0.5314944 0.2189723 0.0000000 0.0930827 0.4457438 0.5589313 0.0443038 0.3160977 0.4836384 -0.1825172 -0.0023368 0.6766054 -0.1776355 0.2513813 0.4296560 -0.1631636 0.0908508 0.1293070 0.2985566 0.5592969 0.5975904 0.0227604 -0.2428220 0.2502992 0.3953896 0.3248358 0.2914524 -0.1089297 -0.1321142 0.5930231 0.5341201 -0.3143855 0.3820028 0.4600096 0.3001205 0.3172435 -0.1081940 0.1633309 -0.2066169 0.3218625 -0.2916538 0.2632222 0.4901424 0.4992430 0.4097689 -0.1407392 -0.1185950 0.0135012 0.1781799 0.1699698 0.1942670 0.4999001 0.0309334 -0.1106972 0.3127915 0.4770112 -0.1294952 -0.1009943 0.0200078 -0.1544768 0.2193805 -0.1622751 0.3087946 -0.2582744 0.5802548 -0.0343868 0.2037564 0.4162951 -0.0289836 0.1891859 0.2192811 0.4566944 -0.1882854 -0.3808587 -0.4786854 -0.4440390 -0.4143532 -0.0679267 -0.3347867 -0.3759174 -0.4111469 -0.2853548 -0.1100584 -0.4987122 -0.2586429 -0.2471560 -0.1635188 -0.0719529 -0.3398192 -0.0922887 -0.1530797 -0.1951925 -0.3582680 -0.4628541 0.0763914 0.1053249 -0.1880247 -0.5340834 -0.5078149 -0.0429804 -0.5338416 -0.1122018 -0.3221414 -0.4973518 -0.3791986 -0.3593949 -0.3702848 -0.3178998 -0.1873834 -0.3569972 -0.1466984 -0.1787440 -0.1834960 -0.5539537 -0.3058921 0.0847685 0.3470002 -0.3251248 -0.4774376 0.3239495 -0.1852713 -0.0261286 -0.3439760 -0.2843275 0.0529406 -0.1881032 -0.5148805 -0.2317142 0.3259131 -0.0458390 0.4925045 -0.4090899 0.3757152 -0.1949474 0.2867930 0.0292916 -0.3690407 -0.1264719 -0.2690173 -0.4182333 0.3391454 0.4825343 0.2491140 0.2568581 -0.4670686 -0.3209662 0.0768668 0.2992061 -0.0208689 -0.1495968 0.5538332 -0.3127833 0.3283985 0.1553279 0.5644130 -0.2034277 -0.1339326 -0.3132115 -0.3640873 0.0161933 0.1523987 -0.3579215 -0.3306541 0.2709402 0.1356579 0.3016521 0.3185321 0.5573753 0.0043007 0.5618240 0.3239846 0.0312278 0.0644089 0.0416328 0.0000267 0.0253756 0.6840813 0.2616248 0.5009988 0.6049450 0.4500891 0.2869168 0.3463283 0.4500535 0.5855778 0.3854730 0.5385297 0.5521180 0.5173949 0.4850917 0.4166396 0.3131742 0.3056080 0.3522664 0.5589894 -0.2796915 0.1967047 0.5495717 0.5297764 0.3677045 0.6430160 0.1123063 0.4805056 0.1336706 0.1890608 0.5351378 0.2584468 0.1324331 0.1607321
-0.0464721 -0.3435732 0.1180646 0.1497684 0.5176999 -0.2921559 -0.4091581 0.8469790 0.0067679 0.1825651 0.6615327 0.0930827 0.0000000 0.0115007 -0.3856315 0.6361211 -0.0003130 0.1114862 0.6952401 0.4132680 0.2281383 0.8628830 0.2560442 -0.2564348 0.6057036 0.4073562 -0.0283158 -0.0617156 0.4363558 0.0703436 0.8921356 0.4453460 -0.0044317 0.2024518 0.1985731 -0.1532379 0.2872630 0.7830876 0.0744949 0.0399799 0.6908463 0.3064380 0.1936361 -0.0661639 0.4237974 0.4613540 0.2695060 0.7514191 0.2854764 0.6273625 0.2443803 0.2068177 0.4935903 0.2716015 0.8036897 0.4993383 0.3334942 0.5156903 -0.0924336 0.2078771 0.3535829 0.3097561 0.7960105 0.7476432 0.3473891 0.3289879 0.2680594 0.6207869 0.4375358 0.6691958 0.3365869 0.6947873 0.3120476 0.4893368 0.2932409 0.7076080 0.5506651 0.2188801 0.4823338 0.7654429 0.4212542 -0.3707417 -0.4252900 -0.1890458 -0.2259731 -0.1806658 0.0117067 -0.5518381 -0.2709060 -0.3070742 -0.0969138 0.2581827 0.0517999 -0.7875240 -0.1687674 0.0671273 0.1931220 -0.1132600 -0.1979434 -0.7061250 -0.3300633 -0.2262326 -0.1902453 -0.6463658 -0.1166597 -0.0422587 -0.0744814 -0.0078466 -0.5181426 0.3108999 -0.0689083 0.0817488 0.2688421 0.2424092 0.2889665 0.1008103 0.1218793 0.2453879 0.0073928 0.2923599 0.0059135 -0.1887569 0.1408296 0.0019761 -0.0472211 -0.1508719 -0.0121848 0.2439604 -0.1033894 0.3576712 0.0517895 0.1950353 0.2142877 0.2230190 0.1182895 0.3205756 0.1538353 -0.0957370 -0.0336519 -0.0645265 -0.0885420 -0.0505533 -0.3581962 0.0329889 -0.1043306 0.2824959 -0.1104934 -0.0980595 -0.3343237 -0.1664308 -0.1026553 -0.2376358 0.1126711 -0.2078563 -0.1779721 -0.1262737 -0.3200145 -0.1990876 -0.5256310 0.1183044 -0.3005646 -0.1356506 -0.2624189 0.1069373 -0.2378689 -0.2396683 -0.5254860 -0.2378649 -0.1794075 -0.2983206 -0.3813964 -0.2600225 -0.4266583 -0.4814861 -0.5419100 -0.4237739 0.0697110 -0.1251444 -0.2281227 -0.4397932 -0.5383877 -0.4360125 -0.3376440 -0.3804481 -0.3303028 0.4254145 0.1222514 0.5065243 0.4630474 0.2767723 0.1537184 0.3547928 0.3176447 0.3514353 0.0332991 0.1846417 0.0860062 0.3262920 0.7493125 -0.2365386 -0.0984433 0.0621765 0.1960562 0.3132721 0.3739361 0.7022596 -0.0531569 -0.0084436 -0.2272649 0.1248168 0.1810254 -0.0570030 0.5725191 0.1585861 0.1436682 -0.0085236 -0.0659805 -0.0891572
0.0158628 0.4988456 0.0150815 0.1915752 -0.1297155 0.4857797 0.3733697 -0.1094134 0.7973201 0.7518592 0.3798153 0.4457438 0.0115007 0.0000000 0.2789525 0.2291197 0.9115206 0.5445033 -0.2771744 0.1542975 0.2081619 -0.1278685 0.6673575 0.5888457 -0.1933241 0.0538942 0.7655914 0.6469968 0.2040802 0.9015283 -0.0204141 -0.2285176 0.5903900 0.7394425 0.4865396 0.0744170 -0.1159879 -0.2595733 0.8358607 0.6770006 -0.2897792 0.1033890 0.6627795 0.6180428 0.1833120 -0.2338981 0.1416357 -0.2226944 0.7040014 -0.2950680 0.3789375 0.6326392 0.6165136 0.6672278 -0.1642590 -0.1667746 -0.0410829 0.4585904 -0.0993064 0.4311262 0.2578224 0.4666592 -0.1266925 0.1168082 0.3988225 -0.1110353 0.2402861 0.3452615 -0.3451563 0.3098761 -0.0446098 -0.0454053 -0.0289445 0.2339421 -0.3525749 -0.0916126 0.0743858 -0.1462644 -0.2518774 -0.1701317 -0.0881966 0.2231392 -0.1101792 -0.3187697 -0.3406495 -0.2312702 0.0423328 -0.4038829 -0.2896397 -0.2359719 -0.2511324 -0.1745603 -0.0296685 -0.2585907 -0.3837175 -0.3207704 0.1169805 0.0952119 -0.0771612 -0.1886244 -0.0177555 0.0250688 -0.2199243 0.0795763 0.1868261 -0.3059725 -0.0470904 -0.1975766 0.1538696 0.0331691 0.2001815 0.1150168 0.0910360 0.1118170 0.1302302 0.0888599 0.1018387 0.1691365 -0.1113438 0.1612487 0.1474022 -0.2614680 -0.4279901 -0.1238373 0.3015007 0.3409161 -0.0688272 -0.4558443 0.3698834 0.0288070 0.2773918 -0.0031852 0.2520733 0.0436961 0.0898446 -0.3021536 0.2392307 0.4467497 0.3081074 0.4848297 -0.2158415 0.5736813 -0.3184902 0.3502847 0.4191536 0.0028049 0.3396119 0.1832375 -0.3604908 0.5152647 0.4885049 0.0385925 0.4909840 -0.2315763 -0.0432217 -0.3157718 0.1281390 0.3294614 -0.1769892 0.2725471 -0.1540929 0.4899931 0.0013856 0.1353515 0.0520981 0.1134776 -0.0512335 -0.3746100 -0.2966858 0.2991177 -0.2016683 -0.3416654 0.6129745 0.3019093 0.3574822 0.2944754 0.4640832 0.0970474 0.2478508 0.0790423 -0.0826038 -0.1772368 -0.1842198 -0.2723048 -0.1144912 0.3014342 -0.0331735 0.2137554 0.1675866 -0.0457389 0.1503007 -0.1319495 -0.0877212 0.1468197 0.2378194 0.1450102 0.2476504 -0.1116695 -0.0205789 0.3936747 -0.2378842 0.0001583 -0.2737984 -0.0902378 -0.1382596 0.0506848 0.3518528 0.1009477 -0.0439945 0.1254443 -0.4194069 -0.0945121 -0.1283437 -0.0085160 0.2160841 -0.0919269 0.6750599 0.5773799
0.2823073 0.3109923 -0.1592794 0.0183188 -0.3308843 0.4718409 0.5177467 -0.5098004 0.5420408 0.1579307 -0.1912126 0.5589313 -0.3856315 0.2789525 0.0000000 -0.1953121 0.1983971 0.4618222 -0.4082408 -0.0339318 -0.0235719 -0.5245246 0.0520652 0.3717412 -0.3974160 -0.0010889 0.1301857 0.2252637 0.1903590 0.2836248 -0.4172682 -0.2965407 0.1708855 0.1085759 0.2148188 0.3592914 -0.0740118 -0.4277283 0.2341195 0.4250928 -0.5113979 0.2965887 0.2080421 0.3966672 0.3674932 -0.1740386 0.0687938 -0.3804232 0.1501385 -0.4906419 0.1727732 0.2115619 -0.0315210 0.2815426 -0.3864511 -0.2632345 -0.1044785 -0.0045652 0.4798677 0.0880288 0.4078218 -0.1408589 -0.3664520 -0.2265376 -0.1051667 -0.2215150 -0.1770631 -0.3231593 -0.2091079 -0.2585690 -0.2784385 -0.2868835 -0.5539455 -0.0469489 -0.2206287 -0.4602645 -0.2022071 -0.3734660 -0.3499702 -0.1566801 -0.0868606 -0.1285463 -0.1809699 -0.3208149 -0.2581985 -0.2367959 -0.0599462 -0.0517664 -0.2332371 -0.2242717 -0.2383628 -0.2470364 -0.4627975 0.0907966 -0.2171932 -0.3386404 -0.2972369 -0.3185166 -0.1641268 0.0956018 -0.1287860 -0.3497335 -0.3459038 0.2462460 -0.0762489 -0.2600505 -0.5258178 -0.4237082 -0.0659590 -0.5228460 -0.2751425 -0.5691264 -0.3935451 -0.3285852 -0.3010495 -0.1812735 -0.1968057 -0.2321204 -0.3060481 -0.5135159 -0.2417449 -0.0907013 -0.5945611 -0.3781167 -0.3514106 0.0613649 -0.2118701 -0.5706645 -0.0881069 -0.4362226 -0.4048848 -0.6964982 -0.5093754 -0.0687727 -0.5988469 -0.7558450 -0.3922599 -0.0657718 -0.2905066 0.2748209 -0.5823826 0.0079374 -0.1447569 0.1309128 -0.1638156 -0.5271883 -0.2586177 -0.3286247 -0.3668340 0.1017013 0.2719382 0.0639421 -0.1078073 -0.5251779 -0.2651479 0.0985850 0.1414587 -0.1581971 -0.0619794 0.0858621 -0.2271855 0.0340367 0.2080552 0.1076718 -0.2016796 -0.2964506 -0.2045382 -0.3989195 -0.1835228 -0.0628042 -0.3409337 -0.3856333 0.4611878 0.1315280 0.3818077 0.1518436 0.1004084 0.2348952 0.5356915 0.5214575 0.3015360 0.3198107 0.3618999 0.2807181 0.4051990 0.0617444 0.4207187 0.0351779 -0.0053024 0.1618275 -0.3588150 -0.0015433 0.1955022 -0.0902206 -0.0085384 0.0163504 -0.0185412 0.0287860 -0.1060736 0.1711474 0.2766987 0.2385201 -0.0540395 0.0281414 -0.4681011 -0.1542370 0.0922949 0.2867992 0.3935549 0.3249689 -0.2449932 0.2486470 -0.1543459 0.0226268 0.1295595 0.3453583 0.2642551 0.2035072
0.0765873 -0.2185258 0.1279471 0.1980514 0.4587582 -0.2746661 -0.2700532 0.6362053 0.1492229 0.3192722 0.8431741 0.0443038 0.6361211 0.2291197 -0.1953121 0.0000000 0.3007379 0.2147937 0.8260411 0.2844108 0.3541580 0.5865854 0.6300770 -0.2178247 0.8629681 0.7958536 0.2220238 -0.0192605 0.4672984 0.0658790 0.4086848 0.8037066 0.1471939 0.3374759 0.5724330 -0.2766596 0.7771559 0.6184313 0.2566523 0.1300592 0.4503562 0.2313390 0.5077812 0.1021633 0.3526998 0.6579194 0.7534558 0.6006294 0.5369336 0.5291288 0.7763881 0.4374345 0.5707658 0.4903406 0.5576781 0.5362690 0.7255779 0.6834172 -0.0106177 0.7270344 0.3669145 0.6895894 0.5572711 0.7560037 0.3266161 0.6787414 0.8144315 0.8441743 0.4668788 0.8677332 0.7446356 0.6094362 0.5651271 0.3142219 0.4039659 0.5818971 0.5010754 0.2830701 0.2702488 0.5743606 0.2423916 -0.2309694 -0.4430628 -0.2373959 -0.2610088 -0.2408032 -0.4163488 -0.1982381 -0.3773434 -0.2257239 -0.2890508 -0.0179147 0.0908320 -0.3558706 -0.4391972 -0.2081956 0.4393628 -0.1818732 -0.4019361 -0.5497930 -0.3167697 -0.3259941 -0.3740758 -0.3647733 0.0666472 -0.2841576 -0.2681502 -0.1710612 -0.4416736 0.0947559 -0.2437422 0.0684268 0.2003337 0.1457825 0.0376174 0.0570732 -0.0667411 -0.1709823 -0.2114545 0.0386642 -0.2627347 -0.3615590 -0.0715365 -0.3029800 -0.0947325 -0.0711054 -0.1906261 0.0188593 -0.0335056 0.0852661 -0.0114245 0.2976249 0.2116563 0.1342366 0.2143684 0.0621474 0.2103884 0.0474653 0.1112808 -0.0506056 0.0469216 -0.0016930 -0.2939324 0.0464582 -0.0061192 0.1983921 0.1065769 0.0872727 -0.1651578 -0.1249051 -0.1868123 -0.1424514 0.2000134 -0.0114003 -0.0023204 -0.0248487 -0.1467577 0.0223161 -0.2661473 0.2525388 -0.1079071 -0.0861661 -0.3086227 0.1742280 -0.0312806 0.0475627 -0.1760447 -0.1002127 0.0147473 -0.1080043 -0.1076583 -0.0502627 -0.2178768 -0.4925619 -0.3032722 -0.2508763 0.0526763 -0.1972978 -0.4475688 -0.5746526 -0.5749144 -0.4516140 -0.2786510 -0.3871831 -0.2663883 0.2190222 -0.0218578 0.1267471 0.4086489 0.3871165 -0.0254054 0.3969796 0.3369431 0.0884039 0.0299782 0.0340222 0.0067808 0.0080793 0.3684932 -0.0703183 -0.5074399 0.0511391 -0.0933002 -0.0521057 0.4113428 0.4106647 -0.0985845 -0.1288561 -0.4575028 -0.1038828 -0.0612686 -0.3017914 0.1627489 0.1077210 0.1257956 -0.2388370 0.3288448 0.3261896
-0.0014450 0.3930864 0.0880611 0.1094520 -0.0325399 0.2563318 0.2117377 -0.0273792 0.7351739 0.7115623 0.4669642 0.3160977 -0.0003130 0.9115206 0.1983971 0.3007379 0.0000000 0.3643666 -0.2138178 0.0787428 0.2163492 -0.1665250 0.8451789 0.3016380 -0.0855792 0.2859592 0.8305276 0.3925894 0.1040566 0.7718199 -0.0794140 -0.0544300 0.3108917 0.5087314 0.6463864 0.0387416 0.0331961 -0.2638789 0.8186869 0.6123707 -0.2755992 0.0782024 0.7508469 0.3585318 0.1154792 -0.2735023 0.1259713 -0.1920723 0.5740054 -0.3215629 0.4345557 0.6855936 0.6169560 0.6783899 -0.2249829 -0.2938970 -0.0863316 0.4730982 -0.1779687 0.5170969 0.2499361 0.5253621 -0.2268178 0.2014356 0.4776809 -0.1815565 0.2358155 0.3722006 -0.4379050 0.3731248 -0.0806926 0.0931216 -0.0505571 0.2798894 -0.4334567 -0.0694278 0.2152150 -0.2001228 -0.2969869 -0.1026182 -0.1335048 0.1714698 -0.1152935 -0.3210309 -0.4548874 -0.3570159 -0.1397511 -0.4972584 -0.4574377 -0.4145181 -0.3929104 -0.1853202 0.0758875 -0.2827090 -0.5834088 -0.4204171 0.0511748 0.1177562 -0.2797704 -0.2935628 -0.2174381 -0.0846312 -0.2667452 -0.0867106 0.1031551 -0.4530076 -0.1284921 -0.1161360 0.0398543 0.1523764 0.0526488 0.0264593 0.2463461 0.2807141 0.2754021 0.2840214 0.2535066 0.2407697 -0.0362034 0.1184623 0.1407135 -0.2930384 -0.3858051 -0.1204153 0.2355562 0.1479045 -0.0586897 -0.4103654 0.2116997 0.1593312 0.3062980 0.1018617 0.3295747 0.1569175 0.0744232 -0.2418046 0.3174953 0.3045373 0.3231033 0.2721663 -0.1801782 0.3899726 -0.4733677 0.2849807 0.3599984 0.1115708 0.2515524 0.1167942 -0.3820260 0.2927211 0.2871967 0.0567953 0.3003187 -0.1838959 -0.1017115 -0.1440644 0.0187187 0.2147436 -0.2883288 0.2394569 -0.2194298 0.2648835 -0.0466114 0.1368599 -0.0734650 0.1425920 -0.0715507 -0.3931417 -0.2901278 0.0837519 -0.2462105 -0.3841693 0.5682936 0.2311064 0.2131212 0.1549780 0.4199680 0.0530277 0.1661588 -0.0511178 -0.2522448 -0.3570462 -0.2874431 -0.4158362 -0.1833941 0.2643305 -0.1861124 0.0729142 0.2653748 0.0493664 -0.0128871 -0.0005658 -0.0798144 -0.0146822 -0.0040328 -0.0546311 0.1161916 -0.2355314 -0.0881861 0.1781145 -0.3479898 0.1017780 -0.2149269 -0.0901509 -0.0530952 -0.0933563 0.1716348 0.0103808 -0.2023515 -0.0282241 -0.5146445 -0.2234273 -0.2351240 -0.0771320 0.1840988 -0.2291068 0.6318350 0.6350737
