0.0000000 0.2844663 0.1268663 0.0149916 0.2583778 0.0656306 0.4413832 0.0604193 0.0592974 0.2665983 0.1633265 0.2380151 -0.0275804 -0.1824133 0.2789518 0.0170667 0.4590603 -0.1389734 -0.1561800 -0.2708124 0.4494399 -0.1320990 0.0577016 -0.1760725 -0.0832705 -0.0610845 0.4388380 -0.1018799 -0.0122548 0.1963786 -0.4308926 -0.0125757 -0.3109198 -0.1970314 0.0706660 0.5300164 -0.1775707 0.0286460 0.3546462 0.4497150 0.0895853 0.0177704 0.3222816 0.0179225 -0.0811658 -0.0626057 0.0502353 0.2544120 0.0266732 0.2021710 -0.0551184 0.4222747 0.0980593 0.4726676 0.2974828 0.0405886 -0.1851243 0.5365192 0.0204517 -0.2022184 0.0725940 0.2678279 0.2953615 0.4667702 0.2996518 -0.0671743 -0.1809684 0.5505187 0.0402068 0.2242482 -0.1675088 0.1788850 -0.0733546 0.2411544 0.0395598 0.1608134 0.1976122 -0.1598642 -0.1365056 -0.1728624 -0.3147994 0.0070646 -0.1106353 -0.5314102 -0.4098269 0.1182863 0.2231530 0.2420616 -0.2854614 -0.1451088 -0.0118159 0.3075689 -0.2086583 0.1658340 0.0195850 0.2910860 0.2929027 -0.3009285 -0.2259023 -0.1948373 0.0568768 0.0478490 -0.0148770 -0.3418420 0.2684058 -0.0604329 -0.0220751 -0.3446147 0.0650192 -0.0853379 -0.0090929 -0.2104822 0.0004744 -0.0806271 -0.1869094 -0.1176478 0.0022773 0.0201222 0.1924728 -0.1515626 0.0357002 0.1715355 0.2671025 -0.0267954 -0.3534520 -0.0174386 -0.3729847 0.2199151 -0.0337093 -0.0550884 -0.1193164 -0.1686199 -0.2693032 0.2152852 -0.0172230 0.0638304 0.2520332 -0.0119044 -0.0378635 0.1514344 0.3100880 0.1578196 -0.0450102 0.1497791 0.4388284 0.2798707 0.0680112 0.1078071 -0.0099880 0.0716000 0.2369761 0.4544656 0.3640650 0.3801031 0.3238228 -0.1811448 0.0757761 0.4870577 0.1393566 -0.1280414 0.3101175 0.3006782 -0.2275193 0.0922874 0.5635954 0.4749212 0.2848131 0.2911373 0.2727339 0.2939306 0.4069427 0.3807222 0.1924930 -0.2827421 -0.0471262 -0.1937809 0.1856660 -0.1295116 0.3065193 0.2722402 0.2592623 0.4520620 0.1888025 0.3091981 0.1760315 0.2436568 0.1209677 0.3300384 -0.1199545 -0.3020615 -0.0693704 -0.4770287 -0.6750468 -0.1307742 -0.1222550 -0.2702520 -0.3883677 -0.7980978 -0.4498840 -0.1467292 -0.6566826 -0.4450368 -0.0618221 -0.1488738 -0.1778164 0.1050501 -0.2741179 -0.0620561 -0.4298530 -0.4137131 0.0418560 -0.3832519 0.0638746 0.3807581 0.0496599 -0.1029866 0.3241938 0.2764234
0.2844663 0.0000000 0.7576315 0.8016335 0.5798318 0.8084628 0.6186885 0.7480040 0.8262103 0.6554171 0.5040614 0.8024136 0.5633825 0.3919767 0.6782765 0.3425617 -0.1102575 0.2739447 0.5115429 0.1973503 0.6693392 0.3425207 -0.1311962 0.2409218 0.5765308 0.1974917 0.0093052 0.2834742 0.8296143 0.0555975 -0.1071022 0.4213973 0.1157495 0.5432319 0.4298780 0.7290790 0.1836805 0.3094853 0.1934148 0.1322038 0.1093751 0.7808856 0.3289244 0.2231259 0.7295121 0.4039116 0.1913520 0.2391704 0.3656981 0.3368914 0.4079442 0.3687311 0.8377814 0.3201411 0.2207910 0.3605647 0.2197296 0.0357582 0.2590037 0.4783040 0.7138125 0.3230733 0.3828242 0.7500612 0.7928324 0.1278212 0.4832055 0.0454782 0.5096375 0.4273450 -0.0332438 0.7846621 0.0781464 0.5737388 0.2175938 0.3211593 0.7261267 0.0377845 0.1457892 0.2738227 -0.1566816 0.5015924 0.5839391 0.1414787 0.1273290 0.0086662 -0.0066218 -0.0182471 -0.3607530 0.1322195 -0.1952627 -0.1401641 -0.0483907 -0.0087788 0.1733774 -0.0225310 -0.2478496 0.3669640 -0.0158541 -0.1254159 0.2898874 0.2157839 0.2466776 -0.0033742 -0.2090256 0.1905580 -0.2643967 -0.0082473 -0.2939899 -0.0432303 -0.1309358 0.2147916 -0.0833272 -0.4104877 0.2697851 0.2661215 0.0899673 0.2358417 0.3129721 0.2138990 0.0546832 0.0668599 -0.3198140 0.4547152 0.1360838 0.3181917 -0.1490261 -0.4259926 0.3735120 0.4629256 0.3841124 -0.2575969 0.2438613 -0.2206109 -0.3952771 -0.0395535 0.3708097 0.0754396 -0.1645220 0.2540654 -0.0788913 0.1718203 -0.3555599 -0.0128404 0.1712906 -0.0799151 -0.2530977 -0.1871691 -0.1765967 -0.1095214 0.1066343 0.0543333 -0.3457785 -0.0199164 -0.1891487 -0.4706814 -0.3883936 0.0277487 -0.3269183 -0.1132555 -0.2552145 0.0377123 -0.4845131 -0.1632073 -0.2916442 -0.2319882 -0.1061997 -0.1322510 0.0055515 0.0077279 -0.1558170 -0.1822076 0.4217262 0.3418356 0.6637363 0.5251290 0.6639353 0.4283749 0.6457700 0.6188748 0.2940590 0.6412355 0.6187394 0.5360520 0.1825641 0.0171978 -0.3685676 -0.3425370 0.1848594 -0.0045142 0.3596775 0.2542186 -0.2483303 0.1558576 0.3434262 0.1617418 0.3357317 -0.0941699 0.1003594 0.3335066 -0.2538597 -0.1022122 0.2117271 0.2640148 -0.0235728 -0.1543043 0.3280405 -0.0434728 -0.2508347 -0.0528985 0.3960694 0.1440194 0.1847169 0.2991917 0.5783277 -0.2047713 0.7357749 0.5709004
0.1268663 0.7576315 0.0000000 0.7668415 0.8605655 0.6687957 0.3636424 0.7415481 0.6456374 0.3229719 0.2914204 0.6262955 0.7147104 0.2973434 0.5518928 0.1661348 -0.4122851 0.3465108 0.5478765 0.4437895 0.4930275 0.3632120 -0.3083053 0.2284891 0.6013649 0.1709726 -0.0640308 0.1741951 0.6153381 -0.0929546 0.1655453 0.6263510 0.0149389 0.3874975 0.2287407 0.4861754 0.3704025 0.5678587 -0.0817314 -0.0537989 0.4264976 0.5085576 0.0074042 -0.2086684 0.5649185 0.5109559 0.1160081 0.5633612 0.0417053 0.2902468 0.2409674 0.0367742 0.6925914 0.0598244 0.3851385 0.4841502 0.3608538 -0.2904229 0.1468101 0.4450611 0.5750630 0.2665037 0.6155075 0.5694792 0.7051505 0.3097088 0.4771612 -0.1883710 0.5377213 0.2460636 -0.0373558 0.6728473 0.0332296 0.6225375 0.2669645 0.2531927 0.6652610 0.0640030 0.1557909 0.2797120 -0.2302832 0.1525173 0.2738642 0.1174664 -0.0981095 -0.0773522 0.0278229 -0.4657070 -0.4007719 -0.0722350 -0.1357719 -0.0783674 0.0909753 -0.4438106 0.3958642 0.1479686 -0.1481262 0.3426254 -0.0201754 -0.2600223 -0.0184576 0.1225326 0.2331563 -0.0026656 -0.1250042 0.4848822 -0.1333469 0.1551107 -0.1749170 0.1476140 0.0977608 0.3054719 0.0458613 -0.2561648 0.2189325 0.2758213 0.0068750 -0.0793173 0.0450179 0.0947225 0.2201015 -0.0009502 -0.1043839 0.5385210 0.4043692 0.1198974 0.0968394 -0.2891293 0.2775972 0.5870994 0.5031297 -0.1814920 0.5498913 -0.0113511 -0.1851000 -0.0653756 0.5447454 0.3661951 -0.0654313 0.1480852 -0.2838063 0.2663185 -0.0156937 -0.0602731 0.0229480 -0.0770305 -0.1948004 -0.2648057 -0.3906147 -0.0882958 0.0990449 0.0553722 -0.0542584 -0.3030257 -0.3417186 -0.4485586 -0.1927690 -0.0122392 -0.0791696 -0.0583427 -0.4015744 0.1506701 -0.5874311 -0.1244382 -0.3014478 -0.0926173 -0.3801956 -0.3141996 -0.1252167 0.0342888 -0.2619497 -0.3199272 0.1380715 0.0516694 0.4432675 0.4031658 0.4703160 0.3913640 0.4341838 0.4039928 0.2426971 0.5360768 0.5318225 0.5602875 0.1596389 0.1726795 -0.4750885 -0.0778171 0.4248816 0.2623859 0.1785624 0.4062624 -0.1485301 0.1104918 0.1925369 0.0500133 0.1190246 -0.0850172 -0.0211385 0.1478751 -0.2371720 -0.2387767 -0.0657765 0.1040432 0.2124026 -0.0884379 0.2391564 -0.1484225 -0.1132618 -0.1645446 0.2767311 0.1517522 0.3512747 0.1344407 0.5246788 -0.0954001 0.5247402 0.3472502
0.0149916 0.8016335 0.7668415 0.0000000 0.6608922 0.9052964 0.2828763 0.8606782 0.8510230 0.5351350 0.6868019 0.7229959 0.6317189 0.5465390 0.3906205 0.5453530 -0.2625742 0.2808504 0.8095525 0.6005098 0.3861085 0.3028134 -0.0233111 0.2363923 0.7469383 0.3507566 -0.0594551 0.2377006 0.7968394 -0.1568136 0.1408285 0.6767240 0.1506595 0.5953675 0.2909223 0.3598857 0.3543807 0.2415252 -0.0250638 -0.1883953 0.0997342 0.6898520 0.1519138 0.0180196 0.8133995 0.6748128 0.0495713 0.1835124 0.2765713 0.1167295 0.3327943 0.0985847 0.9152585 0.1209361 -0.0258859 0.4701951 0.4424572 -0.2690432 0.1206802 0.5281110 0.8110376 0.1801627 0.4164549 0.7373130 0.8416708 0.3625404 0.4727204 -0.2867910 0.6847494 0.3592529 -0.0015738 0.7775799 -0.1006320 0.6353051 0.2681300 0.2691908 0.6832781 0.1874159 0.3037911 0.4245757 0.0119034 0.5337665 0.4032561 0.5592510 0.4083793 -0.1245310 -0.2887621 -0.3972766 -0.4830587 0.0037505 -0.2988096 -0.3412322 -0.0606136 0.0043263 0.2996265 -0.0672633 -0.4824832 0.2254913 0.0304806 0.0295796 0.2917580 -0.0130455 0.1840648 0.4133064 -0.4752551 0.5096286 -0.3167753 0.1635526 -0.4681237 0.0719454 -0.1689422 0.1221078 -0.2156747 -0.2433468 0.1479341 0.3255694 0.1116203 -0.1539526 0.0021863 -0.0269140 0.0945409 0.0819228 -0.3840631 0.3396365 0.2275540 -0.0176286 0.1639686 -0.4721278 0.0387044 0.5809432 0.2353988 -0.2403348 0.5174876 -0.3616646 -0.2881686 -0.0486892 0.3541037 -0.0515435 -0.3079795 0.0644792 -0.2233762 0.1003782 0.0247491 -0.3644432 -0.1190325 -0.2093838 -0.2657631 -0.0709104 -0.2754171 -0.3145027 -0.0812762 -0.2636467 -0.3691144 -0.2510944 -0.2701591 -0.6523478 -0.2850728 -0.0711565 -0.1259045 -0.0163172 -0.3759094 -0.0713126 -0.5906784 -0.0634816 -0.5477210 -0.4096491 -0.3117261 -0.2836193 0.0101022 0.0515173 -0.2762325 -0.3773936 0.4398062 0.3734389 0.3801460 0.4379764 0.3900519 0.3652029 0.3590430 0.3149425 -0.0926021 0.3832936 0.3872324 0.4065066 0.2558753 0.1447866 -0.4134139 -0.1748646 0.3355337 0.1623918 0.0697780 0.2561473 0.0025808 -0.1656638 0.0902947 -0.0846886 0.1306484 -0.0270322 0.0576320 0.0542171 -0.2492087 -0.0311351 -0.0484333 -0.1178980 0.0506386 -0.2635919 0.2450837 -0.3968617 -0.2217795 -0.1271985 0.2352140 0.1400982 0.2445092 0.0554209 0.7294463 -0.2575800 0.6959386 0.6550928
0.2583778 0.5798318 0.8605655 0.6608922 0.0000000 0.4972345 0.2298023 0.6075552 0.4829096 0.2549747 0.3853206 0.5144684 0.6864422 0.1472299 0.4291476 0.2133549 -0.2369063 0.1998341 0.4811567 0.5985744 0.4842205 0.2764510 -0.2405386 -0.0444707 0.4784587 0.0537460 -0.0095415 -0.0780636 0.3539653 -0.1901226 0.2571916 0.6513204 -0.1925509 0.0967804 0.0991004 0.4302092 0.2008327 0.4351610 -0.0463828 -0.0208727 0.5387657 0.2835869 0.0658460 -0.2846642 0.2855213 0.4441791 -0.0549115 0.5726374 -0.0701675 0.1689392 0.1264830 0.0526133 0.5121817 0.1471878 0.2735645 0.4328265 0.1956319 -0.2734361 0.0336873 0.2171554 0.4343203 0.3075099 0.7088576 0.5249451 0.6142188 0.2221031 0.2315266 -0.1511374 0.4508921 0.0703421 -0.2714676 0.6764891 -0.2448423 0.7066487 0.1064017 0.0679410 0.6534407 -0.1894148 -0.0630375 0.1640529 -0.4381392 0.1153504 0.1461646 0.1095867 -0.1877374 -0.0381390 0.0447218 -0.5992211 -0.4372103 -0.1447569 -0.2251362 -0.0506682 0.0964075 -0.4645766 0.4219613 0.2259783 -0.0947565 0.2825085 -0.1347817 -0.2062354 -0.0735391 0.1519472 0.2300981 -0.0183550 -0.1458096 0.5687752 -0.0636177 0.2262925 -0.2874933 0.2504575 -0.0107596 0.2444794 0.0210263 -0.2012266 0.1863371 0.3623163 0.0612550 -0.2062344 0.0861204 0.1320099 0.3206293 0.0664405 0.0586780 0.3705914 0.3627656 0.1347353 0.1429744 -0.1715453 0.1919386 0.4581281 0.3674595 -0.2562822 0.5521409 -0.0410986 -0.0213996 0.0012749 0.4937219 0.2725798 0.0689630 0.2900442 -0.1898086 0.4209215 0.0988856 0.0922275 0.0647805 0.0640890 0.0487515 0.0294477 -0.3377195 -0.0938454 0.2089488 0.2343370 0.1444333 -0.2438059 -0.1098811 -0.3671668 0.0065808 0.1486255 0.1581650 0.0576578 -0.3392249 0.2905303 -0.5292283 -0.0018732 -0.2035922 0.1061396 -0.1953340 -0.2018798 -0.0145916 0.2218284 -0.1104621 -0.1394767 0.1101174 -0.0296060 0.2571253 0.2425461 0.4525627 0.4932622 0.4942181 0.4425270 0.4027661 0.5558212 0.4158361 0.4441544 0.1838150 0.2059939 -0.5020580 0.1581620 0.5524491 0.3768132 0.2136445 0.3082420 -0.2007399 0.1717783 0.2248218 0.1037940 -0.0091518 -0.1557509 0.0626558 0.1441467 -0.2330178 -0.3838203 -0.1387730 0.0085989 0.4623415 -0.0393566 0.2143565 -0.2127706 -0.0096692 -0.1171294 0.2436349 0.1759321 0.6663461 0.3488456 0.5721967 0.0339695 0.5137330 0.3709198
0.0656306 0.8084628 0.6687957 0.9052964 0.4972345 0.0000000 0.5161513 0.6974945 0.9521124 0.4749609 0.5335498 0.8046522 0.5155401 0.6017922 0.3491100 0.5286041 -0.2405014 0.2653335 0.7447519 0.5341164 0.4064532 0.4244574 -0.0293097 0.3473679 0.6620897 0.2674599 -0.0354015 0.4160959 0.8427437 -0.0538622 0.1871522 0.5239850 0.2802778 0.7207963 0.3657890 0.4197391 0.1928095 0.2482199 0.1453367 -0.0371521 0.1257419 0.5793811 0.3302402 0.1943248 0.7179265 0.5915666 0.1239079 0.1829892 0.3557276 0.2320444 0.4449105 0.2729034 0.9276612 0.2046590 0.1021126 0.4705358 0.3556973 -0.0820665 0.1492998 0.5032782 0.7397046 0.1024601 0.4276557 0.6889593 0.8106846 0.2595956 0.4288753 -0.0872255 0.6305929 0.4687331 0.0582629 0.7103534 -0.0168678 0.5854483 0.2742484 0.3957543 0.6640841 0.1466244 0.2674075 0.4569534 0.0021346 0.4885778 0.3220891 0.4366270 0.5283546 -0.3098993 -0.2894532 -0.2076072 -0.5143586 0.0416514 -0.2506581 -0.3015472 -0.1950564 0.0181813 0.2072151 -0.1333684 -0.3879442 0.1821782 0.0725497 -0.0710225 0.2274102 -0.1495232 -0.0722483 0.2651847 -0.4513332 0.3419182 -0.3748636 -0.1746235 -0.4683566 0.1094920 -0.1978694 -0.1009565 -0.3286815 -0.2923124 0.1532350 0.0560710 0.1869506 0.0261750 0.0439745 -0.0224885 0.0059041 0.1023784 -0.4948768 0.2971787 0.1168872 -0.0059140 0.0051642 -0.6784829 0.1063784 0.3690464 0.3484696 -0.4123320 0.2795881 -0.5593226 -0.4842007 -0.3481448 0.1682094 -0.0140097 -0.2015297 0.0238145 -0.3821281 0.0643014 -0.0798403 -0.3899564 -0.1094107 -0.3825493 -0.3536757 -0.1916989 -0.2784685 -0.2402083 -0.0629949 -0.3425794 -0.4659923 -0.3482162 -0.3428313 -0.7572172 -0.4642452 -0.1589327 -0.3799018 0.0081462 -0.1575375 -0.0413787 -0.7197829 -0.1054642 -0.4826227 -0.5238152 -0.4038573 -0.4491074 -0.0462796 0.0634470 -0.4400982 -0.5035101 0.5855281 0.4629123 0.3708678 0.3617917 0.4192255 0.2359941 0.3388201 0.2977640 -0.1318878 0.2307853 0.2135690 0.2855717 0.0862762 0.2067836 -0.2672464 -0.1445739 0.1719798 -0.0291591 0.0350152 0.1303594 -0.1006534 -0.2409451 0.0364212 -0.1474833 0.1295777 -0.1159886 0.0216322 0.0526525 -0.2814985 -0.0924411 -0.1040344 -0.1683324 -0.0259547 -0.2729014 0.1614396 -0.2980004 -0.1783191 -0.1172295 0.1352920 0.0483793 0.1283540 0.1675916 0.6878138 -0.2497031 0.7132446 0.6536002
0.4413832 0.6186885 0.3636424 0.2828763 0.2298023 0.5161513 0.0000000 0.1171414 0.6124168 0.4558164 0.0973013 0.6238757 0.1345089 0.3514519 0.4928179 0.0066549 0.1442426 0.2857767 0.0311505 -0.0692667 0.5806130 0.1414246 -0.2434682 0.3313267 0.1043492 -0.1220071 -0.0061669 0.4062017 0.4768304 0.2741315 -0.1719373 -0.0343887 0.2801068 0.4587624 0.2231730 0.6992819 -0.0698326 0.2327602 0.3045218 0.5060414 0.2115364 0.3493222 0.2944532 0.4846640 0.2677756 -0.0397743 0.2381004 0.2776659 0.4826936 0.3903010 0.3425848 0.5005180 0.4473471 0.6346409 0.3680202 0.1459157 -0.0699833 0.4679018 0.1488110 0.1718234 0.2117421 0.2610020 0.2529779 0.4831166 0.3964037 -0.2486743 0.1091173 0.5225754 0.0670093 0.2748499 -0.1904933 0.3154949 0.0714834 0.1867776 -0.0791036 0.2959609 0.3734934 -0.2722579 -0.1630461 -0.0011745 -0.3704565 0.0112876 -0.0115691 -0.3393455 -0.0336347 0.0009847 0.1256649 0.1809926 -0.2864580 0.1472400 -0.2182186 -0.0272132 -0.2491278 0.0958952 0.0056645 0.0468285 0.1018892 0.1682456 -0.0258883 -0.4860158 0.0175329 0.1548734 -0.0852929 -0.3782257 -0.0294470 -0.1220219 -0.1210606 -0.4208545 -0.1110172 -0.0620805 -0.0495976 -0.1573316 -0.1835370 -0.4781952 0.0817685 -0.1815580 0.0123518 0.3597902 0.3815640 0.2002440 -0.0313352 0.0055356 -0.2712671 0.1509473 -0.0951804 0.2640150 -0.4585411 -0.5284338 0.3486854 0.0554273 0.2625350 -0.5290976 -0.2208143 -0.2578458 -0.5075585 -0.5448148 0.0899658 0.0544393 -0.0956598 0.1174490 -0.2930429 0.0093489 -0.4299502 0.0101703 0.1719627 -0.2553728 -0.3071715 -0.3440193 -0.3029312 -0.1678624 -0.0770644 0.1292997 -0.1488062 -0.1888715 -0.1408566 -0.3514670 -0.5789653 -0.0665482 -0.6138488 -0.3969800 -0.0477047 -0.0806216 -0.2354670 -0.4606692 -0.1159115 -0.1408067 -0.2898144 -0.3009188 -0.3105662 -0.2715959 -0.3635982 -0.2000274 0.2844436 0.0800165 0.5189928 0.3476686 0.5936105 0.2361005 0.5108784 0.5068197 0.3066515 0.3344684 0.3098913 0.3509923 -0.1057593 0.0061038 -0.0925014 -0.1175222 -0.1409720 -0.2637690 0.2328813 -0.0837751 -0.4137438 0.1607701 0.2075316 0.1093626 0.1681355 -0.2532594 -0.0911224 0.2493337 -0.1790200 -0.2260855 0.0225247 0.2070722 -0.0052559 -0.1962372 -0.0036112 0.1101025 0.0439673 0.0074977 0.1421285 0.0826193 0.1967893 0.4533196 0.1507030 0.0138144 0.6044029 0.4787179
0.0604193 0.7480040 0.7415481 0.8606782 0.6075552 0.6974945 0.1171414 0.0000000 0.6177258 0.5243251 0.6465058 0.5268614 0.8213828 0.2863311 0.4794163 0.4486614 -0.1741608 0.1997062 0.7068671 0.3844903 0.3554032 0.4063462 0.1162659 0.1508092 0.7052171 0.4463282 0.1070218 0.1853357 0.7036260 -0.0471340 0.0230728 0.5547074 0.0485974 0.4305207 0.4426774 0.3100845 0.4196204 0.3572024 0.0884534 -0.0678144 -0.0701054 0.6803761 0.2139445 0.0143369 0.7919641 0.7312637 0.2366812 0.1037090 0.2059404 0.3213231 0.3755253 0.1185079 0.8054450 0.0003773 0.1826943 0.6101256 0.5308264 -0.2553726 0.2103363 0.5326366 0.8415031 0.1532656 0.3919861 0.6565704 0.7766137 0.4910077 0.5302792 -0.3067958 0.7456434 0.4647869 0.2144483 0.7447124 0.1010277 0.5555757 0.5268468 0.4368585 0.5581769 0.3790449 0.4972756 0.4960712 0.1463750 0.5093757 0.4694800 0.4154659 0.1863528 -0.0275544 -0.2383820 -0.3187709 -0.2447850 -0.0172163 -0.1224619 -0.1974958 -0.0856674 -0.0226147 0.3120099 0.0463107 -0.3210204 0.0289299 0.0815818 0.1093768 0.4232395 -0.0420900 0.2277936 0.2717575 -0.1970155 0.5033494 -0.2523364 0.1844097 -0.2369042 -0.1044431 -0.0391729 0.1415666 -0.0359641 -0.2855892 -0.0803559 0.3116756 -0.0847435 -0.2269643 -0.0847788 -0.2158124 -0.0476692 0.0979286 -0.3285551 0.2396007 0.0156552 -0.0645313 0.1222129 -0.2836781 -0.0535417 0.6084750 0.0972128 -0.1039849 0.4013727 -0.1120385 -0.1705240 0.1795050 0.3356975 -0.0864721 -0.4020558 0.0321343 0.0041094 -0.0152038 0.0238169 -0.2447491 -0.0978248 0.0620318 -0.2822290 -0.1034931 -0.1040493 -0.1092222 0.0226218 -0.1987772 -0.3160437 0.0018463 -0.1757190 -0.4306491 -0.0397104 -0.0951748 0.0207347 0.0533877 -0.2807468 0.1459055 -0.4206858 0.1754399 -0.3032621 -0.2605649 -0.0798783 -0.0826694 0.2375299 0.1955684 -0.0797011 -0.2549635 0.1683523 0.0885715 0.3018550 0.2966834 0.3250575 0.2674939 0.3490800 0.3209342 0.0730036 0.5013482 0.4797739 0.4413002 0.4432469 0.0451599 -0.3347103 -0.3117959 0.1804506 -0.0110528 0.0263695 0.1427180 -0.2030963 -0.0990986 0.0633382 -0.0698872 0.0392026 -0.1125857 0.0710900 -0.0081647 -0.2201980 -0.0435463 0.1919294 0.0057876 -0.0355152 -0.0213625 0.1917116 -0.2358917 -0.2295292 -0.1484475 0.4748383 -0.0297317 0.2218091 0.0140786 0.4795704 -0.1023921 0.6817446 0.6146818
0.0592974 0.8262103 0.6456374 0.8510230 0.4829096 0.9521124 0.6124168 0.6177258 0.0000000 0.5647931 0.4512428 0.8466208 0.4568100 0.6847823 0.4866386 0.4256373 -0.1861250 0.4477103 0.6465714 0.4396943 0.5183148 0.3802830 -0.0844009 0.4576939 0.5917142 0.1997075 -0.0363233 0.4824543 0.8508562 0.0432165 0.1535765 0.5375971 0.3696181 0.8013354 0.4221578 0.5297125 0.2060840 0.2818386 0.1985925 0.0747071 0.2392659 0.6122785 0.3406956 0.3244123 0.7436973 0.5443864 0.1928556 0.2669870 0.4777723 0.3147146 0.5039280 0.3339128 0.9402277 0.3273042 0.1313316 0.4822606 0.3316740 -0.0311465 0.1721295 0.5123928 0.7090060 0.1165882 0.4687223 0.7442203 0.8333907 0.2233119 0.3560064 -0.0466012 0.6139168 0.4154824 -0.0237338 0.7382413 -0.0401947 0.6229459 0.2541124 0.3314547 0.6983716 0.0964412 0.2407423 0.4934847 0.0010542 0.4215153 0.3552897 0.3434976 0.4414496 -0.1851022 -0.2764447 -0.1974058 -0.4399240 0.1334618 -0.2374221 -0.3001836 -0.1515081 -0.0528861 0.3024593 -0.0212269 -0.3109126 0.2555184 0.1561583 -0.1570405 0.1881336 -0.0260223 0.0141935 0.1973473 -0.3899195 0.3292830 -0.2365517 -0.1032712 -0.3973609 0.1872560 -0.1202913 0.0032903 -0.2170298 -0.2390753 0.2524449 0.0780333 0.1666093 0.1260593 0.1381170 0.1202947 0.0505916 0.1177443 -0.5164164 0.3168514 0.1279222 0.1203085 -0.0197795 -0.7020664 0.1927196 0.2949569 0.3287155 -0.5425187 0.2173818 -0.5846336 -0.5830190 -0.4050312 0.1830579 -0.0716946 -0.2518818 0.1106251 -0.4576216 0.1047674 -0.1449921 -0.2874146 -0.0831886 -0.3393854 -0.4285870 -0.2767101 -0.4159593 -0.1575672 -0.0385203 -0.2058693 -0.5304572 -0.3989993 -0.3290957 -0.5916317 -0.6126599 -0.1095728 -0.5390895 -0.0872968 -0.1671844 -0.1302608 -0.6073753 -0.2859296 -0.5593204 -0.3885519 -0.3929637 -0.5195290 -0.2567858 -0.0995398 -0.5078968 -0.5134677 0.4748161 0.3932613 0.4434144 0.3996420 0.5377704 0.3473624 0.4517407 0.4025109 0.0175427 0.3035017 0.3091424 0.3968855 0.0979852 0.2284816 -0.2767476 -0.1142402 0.2649535 0.0640325 0.1435364 0.2245190 -0.0668561 -0.1136303 0.1462517 -0.0461351 0.2137742 -0.0582945 0.1194801 0.1712003 -0.2474214 -0.1362381 -0.0532451 -0.0196701 -0.0339671 -0.3069629 0.1121313 -0.3282891 -0.1382336 -0.0757458 0.1716821 0.1830898 0.1547365 0.1696042 0.6769319 -0.2847107 0.6836296 0.5552956
0.2665983 0.6554171 0.3229719 0.5351350 0.2549747 0.4749609 0.4558164 0.5243251 0.5647931 0.0000000 0.7214255 0.3439857 0.2862025 0.5800771 0.4413930 0.4958440 0.4270561 0.4334253 0.4719221 0.0404447 0.3207314 0.0995171 0.3539699 0.2437292 0.5152663 0.4598698 0.3661428 0.2362058 0.4471727 0.3450732 -0.1678600 0.4004154 0.1090549 0.4205053 0.5861763 0.4615233 0.4161865 0.2952518 0.5110894 0.4274055 -0.0227235 0.5979225 0.4131632 0.5605542 0.6497748 0.4800765 0.4380356 0.1865611 0.5919922 0.3771797 0.5186682 0.5071313 0.6114903 0.6290768 0.1648028 0.4206732 0.4081273 0.3284488 0.4512142 0.4722068 0.6893466 0.3278429 0.2184004 0.7157492 0.6069570 0.3580749 0.2667572 0.1765296 0.5083332 0.4774295 0.0891390 0.5195235 0.0565270 0.3240017 0.2926577 0.3726070 0.2434633 0.1675702 0.2783624 0.3555348 0.0067589 0.3481743 0.3996023 0.0304834 0.1909337 0.2721723 -0.0989614 0.0606504 0.0224862 0.4779407 -0.0076315 0.0120510 0.0860416 0.2767404 0.3868683 0.2515897 0.0804620 -0.0146042 0.3263166 0.0788360 0.6094104 0.1199931 0.3721611 0.1724173 0.0554354 0.3790295 0.1925270 0.2574990 0.0089320 0.2086937 0.1948881 0.1544716 0.1910416 -0.0482298 0.1450257 0.2012689 0.0963260 0.2060676 0.2245594 -0.0012188 0.0962611 0.3000386 -0.2154826 0.1213640 -0.0902905 -0.0282256 -0.1112905 -0.2041473 -0.1095021 0.3982580 -0.0933416 -0.2537246 0.1423928 -0.1674590 -0.4169685 -0.0382941 0.3298434 -0.3080335 -0.5378746 -0.1022716 -0.0370628 -0.1835411 -0.1408174 -0.2354415 0.0718079 0.0155024 -0.2485997 -0.1298030 -0.3879899 0.0070422 -0.1779270 -0.0510535 -0.2157537 -0.0238059 -0.0168157 -0.0836571 -0.3880515 0.0526718 -0.3689500 -0.2467827 -0.2031338 -0.0054729 0.0340861 -0.2531213 -0.2018638 0.0156965 -0.0559774 -0.1742772 -0.1682145 -0.2108621 -0.1520783 -0.2513933 0.1715393 0.0317083 0.4705890 0.4364630 0.3531248 0.3185988 0.3480685 0.3410415 0.1770496 0.5538763 0.6991772 0.6773041 0.6402270 0.2275265 0.0595310 -0.0456004 0.1191377 0.0453715 0.0572526 0.0330749 -0.1319520 -0.0589174 0.0221268 -0.0669039 0.0707768 -0.1280793 -0.0322232 -0.0540861 -0.1677441 -0.1425354 0.2815167 0.0843071 -0.1159044 -0.2875440 -0.2270074 -0.3728051 -0.3530743 -0.3405273 0.2133633 -0.1302653 0.0637169 -0.0612229 0.1419853 -0.2311621 0.6370193 0.5001191
0.1633265 0.5040614 0.2914204 0.6868019 0.3853206 0.5335498 0.0973013 0.6465058 0.4512428 0.7214255 0.0000000 0.2927158 0.4086981 0.3599841 0.1019744 0.7651888 0.2805108 -0.0346724 0.6884531 0.4453041 0.1276124 0.1049488 0.4474969 -0.1714460 0.6391716 0.4954511 0.1906231 -0.0875595 0.3728497 -0.1002375 -0.0052173 0.5088584 -0.1224905 0.1634496 0.3326713 0.1673432 0.2900614 0.0075152 0.2501195 0.0107267 -0.2157632 0.5071644 0.3457726 0.1930120 0.5422656 0.5459128 0.0719910 -0.0622419 0.3234925 -0.0216420 0.3123757 0.3192281 0.5508955 0.3800290 -0.1625911 0.3385150 0.3646878 0.0798056 0.2650548 0.3506641 0.7241811 0.3467109 0.1718061 0.6182979 0.5615029 0.3316639 0.2727334 -0.0250165 0.5413889 0.4100036 -0.0032422 0.5544829 -0.1910601 0.3720904 0.1792171 0.2713700 0.2755635 0.0661041 0.1695541 0.2806342 -0.0944125 0.6102863 0.3553389 0.4567505 0.4236425 0.1015681 -0.2274816 -0.1066164 -0.1719115 0.2411056 -0.2571731 -0.2374354 0.0473996 0.4592426 0.1628721 -0.0829876 -0.2890386 -0.0346598 0.0405532 0.3886980 0.6518118 0.0264281 0.2973423 0.5159012 -0.3340358 0.4513272 -0.1094561 0.3066231 -0.3628989 0.0554402 -0.1856422 0.0404623 -0.1048353 -0.1444812 0.0120184 0.3772488 0.1663063 -0.0841968 0.0938444 -0.1439185 0.0495820 0.2348961 -0.1999748 -0.0055131 0.0079331 -0.1699284 0.0550452 -0.1835525 -0.2378218 0.5661604 -0.1300831 -0.1302370 0.3611434 -0.2174983 -0.1350498 0.1869998 0.3123232 -0.2705184 -0.4065784 -0.0169716 0.1277010 -0.0122986 -0.0211367 -0.3049645 0.0601873 0.0358224 0.0126826 0.2469590 -0.0725535 -0.2223983 -0.0772843 -0.1956598 -0.0993558 0.0421647 -0.0539043 -0.3654730 -0.0511041 0.0987055 0.0990681 0.0969890 -0.2957008 0.1588873 -0.1602783 0.1440683 -0.2715910 -0.2196669 0.0296344 0.0193500 0.2875596 0.2200450 0.0215156 -0.1615584 0.4203910 0.2874565 0.2030925 0.3054177 0.1282570 0.2623430 0.2061431 0.2057382 -0.0906452 0.3826475 0.4282488 0.3409318 0.5597526 0.1174583 -0.1418042 -0.0889999 0.1408645 0.0501530 -0.0377941 -0.0805505 -0.0263794 -0.2368518 -0.0580158 -0.1478490 -0.0632477 -0.1198138 -0.0095240 -0.1706723 -0.2288319 -0.0311304 0.1071948 -0.2543296 0.0733486 -0.2187677 0.0202025 -0.4654883 -0.3412540 -0.1899040 0.1698673 -0.1313016 0.2669276 0.0885994 0.3990113 -0.1862772 0.6839286 0.7268519
0.2380151 0.8024136 0.6262955 0.7229959 0.5144684 0.8046522 0.6238757 0.5268614 0.8466208 0.3439857 0.2927158 0.0000000 0.4192858 0.2855038 0.6163647 0.1773374 -0.2817085 0.2292313 0.3731595 0.2302562 0.8271366 0.2015961 -0.3264844 0.2496629 0.3220998 -0.0122150 -0.2738700 0.2127500 0.8378142 -0.1714997 -0.0828238 0.4039663 0.1407619 0.5576386 0.1382872 0.7762172 -0.0257238 0.0713970 -0.0296758 0.0064961 0.1965888 0.6634933 0.1800653 0.0491928 0.6053176 0.2729256 -0.0291834 0.1701049 0.2120454 0.1621738 0.2250373 0.2318197 0.7770240 0.2283823 0.0606887 0.2564051 0.0475305 -0.1175018 -0.1490964 0.2462287 0.5223483 0.1124244 0.4454894 0.7172421 0.7532613 -0.1204019 0.1586477 -0.0178925 0.3870689 0.1512160 -0.3510098 0.7415269 -0.2279097 0.6290847 -0.0126386 0.0509994 0.8513468 -0.1941825 0.0332609 0.2690281 -0.1505079 0.4148050 0.3589303 0.3000897 0.2563172 0.0198728 0.0059705 -0.1392427 -0.5376291 -0.0969393 -0.3503097 -0.3061569 -0.2053353 -0.0710281 0.0437651 -0.1407717 -0.4431772 0.4191661 -0.1531479 -0.3425287 -0.0657662 0.2735882 0.1288496 -0.0272830 -0.4377928 0.0538782 -0.3671727 -0.1688405 -0.4546317 -0.1095577 -0.2991329 0.1184462 -0.3355079 -0.4432912 0.2302462 0.1533796 0.0003125 0.1214815 0.2646622 0.3417327 0.0061583 -0.1363002 -0.3740991 0.4864806 0.2357733 0.4539482 -0.1126649 -0.4814235 0.5111864 0.2056459 0.3793113 -0.4672258 0.1427620 -0.4473404 -0.4195902 -0.1722276 0.2258042 -0.0423249 -0.1228440 0.4820468 -0.2400874 0.3954493 -0.2739531 0.0479173 0.1667292 -0.1462661 -0.3256211 -0.0772926 -0.2195447 -0.1650336 0.1782490 0.1431032 -0.4863155 -0.1428381 -0.1962808 -0.4769917 -0.3580949 0.1047569 -0.2832010 0.0127934 -0.0542069 -0.1076060 -0.5177615 -0.0814077 -0.4666214 -0.2290680 -0.1611379 -0.2235544 -0.1045299 0.1018586 -0.2365675 -0.2019647 0.4326250 0.3974416 0.4711689 0.3980585 0.7327574 0.4486975 0.6953793 0.6533457 0.1950149 0.4402628 0.3072164 0.3297251 -0.1934877 -0.0365182 -0.6021927 -0.2345642 0.2687024 0.0631929 0.4085606 0.2420928 -0.1391953 0.1430592 0.4318568 0.1832279 0.3366891 -0.0672499 0.2280999 0.4570370 -0.2920485 -0.1759117 -0.1532559 0.1695917 -0.0927130 -0.2496096 0.3394981 -0.1620798 -0.1121225 0.1368739 0.1852052 0.4287435 0.2182042 0.3412131 0.8011770 -0.3884627 0.5308705 0.5114250
-0.0275804 0.5633825 0.7147104 0.6317189 0.6864422 0.5155401 0.1345089 0.8213828 0.4568100 0.2862025 0.4086981 0.4192858 0.0000000 0.1084176 0.3664779 0.2530027 -0.1742898 0.1011336 0.5438964 0.5001987 0.3459080 0.6600546 0.0615474 0.0371857 0.5565258 0.2910409 0.0789233 0.0912341 0.4501348 -0.0174300 0.3053658 0.4147245 -0.0177542 0.2379296 0.4191769 0.2734745 0.2697163 0.5099956 0.1714180 0.0957433 0.1604073 0.3766296 0.2799563 0.0104637 0.4676503 0.6056356 0.2569052 0.2294436 0.0702359 0.4923080 0.4235036 0.1969433 0.5894187 0.0267889 0.3889426 0.6705544 0.4137658 -0.2073219 0.2681966 0.4343247 0.6488242 0.1527313 0.5779082 0.4492060 0.6171388 0.4218522 0.5030082 -0.2083460 0.6508019 0.3731900 0.1899799 0.6715941 0.1436142 0.5598188 0.4910458 0.4850003 0.5080730 0.2164240 0.4041451 0.4924151 0.0121232 0.2602212 0.2232613 0.2444325 -0.0043499 -0.2153953 -0.2205764 -0.4165557 -0.2862759 -0.2136539 -0.2222704 -0.2293960 -0.2452496 -0.3232245 0.1886778 -0.0170458 -0.2048199 0.0131725 -0.0855892 -0.0096910 0.0890187 -0.1309597 -0.0105349 -0.0147616 -0.1723517 0.3880684 -0.2769178 0.0145876 -0.3032826 -0.0485490 -0.1061789 -0.0039869 -0.1181577 -0.4530208 -0.1459718 0.1586773 -0.1938931 -0.2540003 -0.1174543 -0.1400038 -0.0748142 -0.0146206 -0.2362579 0.1727605 0.0101723 0.0222867 0.0321882 -0.3074332 0.0264476 0.3664746 0.1699189 -0.1808890 0.3295464 -0.1050998 -0.0495146 0.0191905 0.1916906 0.0373046 -0.1053185 0.1332073 -0.0726388 0.1031228 0.0672823 -0.0222453 -0.1294975 0.0383758 -0.0983187 -0.0215338 -0.0261554 0.0007015 0.1296110 -0.0563885 -0.1577889 -0.0880625 -0.0699790 -0.3104599 0.1044341 -0.1350549 0.0796945 0.1647817 -0.1517226 0.3605325 -0.3438512 0.2533564 -0.2062834 -0.1808601 -0.0739519 -0.1412866 0.2440567 0.3045481 -0.1322441 -0.2418308 -0.0050716 -0.1153692 0.1506538 0.1258769 0.3545169 0.2948491 0.3793103 0.3331741 0.3160597 0.4431292 0.3146271 0.2889564 0.3639157 0.0340708 -0.3286312 -0.2167951 0.1687907 -0.0243310 0.1172880 0.1006351 -0.3625677 0.0918776 0.1495247 0.0748948 0.0141133 -0.0902237 0.2282134 0.0903461 -0.0041520 -0.1914861 0.1410063 0.0509897 0.2380844 0.0849314 0.2131836 -0.0703404 0.2085832 0.0174098 0.4711200 0.0436328 0.5155639 0.2284245 0.3443969 0.2035410 0.6158342 0.5177410
-0.1824133 0.3919767 0.2973434 0.5465390 0.1472299 0.6017922 0.3514519 0.2863311 0.6847823 0.5800771 0.3599841 0.2855038 0.1084176 0.0000000 0.1275571 0.5256743 0.1603112 0.6677573 0.6556216 0.4265670 -0.1003715 0.2731991 0.2140072 0.6937986 0.6502772 0.4654246 0.2788039 0.6809224 0.4562076 0.4453015 0.4048876 0.4903492 0.6712121 0.8154904 0.4301634 0.0141415 0.5784578 0.4169233 0.2636522 0.1853239 0.2820188 0.3046411 0.1801738 0.5708334 0.6051101 0.5820506 0.4483413 0.3491285 0.7201194 0.2809878 0.5997652 0.2230677 0.6347048 0.3875436 0.0793154 0.4385583 0.6081730 0.0827616 0.2989328 0.6807302 0.4272116 0.1160328 0.2121352 0.4316611 0.4640067 0.4798055 0.3278394 -0.0583941 0.4375259 0.3202521 0.2402486 0.2145741 0.1490932 0.1326043 0.2700944 0.3424474 0.0441711 0.3951314 0.3893501 0.3930493 0.2748405 0.1949128 0.0844105 0.1853669 0.4361797 -0.1313825 -0.3041762 -0.1540077 -0.1473604 0.4047698 0.0423451 -0.1128946 0.0435404 0.0443458 0.4480022 0.1790826 0.0022364 -0.0287063 0.4902005 -0.0771009 0.3138556 -0.2216100 -0.0081877 0.3238437 -0.1433658 0.4294795 0.1385241 0.1286590 -0.0372319 0.4851231 0.2523746 -0.0373414 0.0373762 0.2006933 0.2027599 -0.0899184 0.1905466 0.0310806 -0.0467750 -0.1478993 0.1556137 0.3113854 -0.3205438 0.0327808 -0.0252521 -0.3461711 0.1416715 -0.5556131 -0.2783975 0.2102022 0.0211776 -0.3886474 0.2009283 -0.4666490 -0.6105733 -0.5237589 0.0881506 -0.0659166 -0.3743915 -0.4115064 -0.6168087 -0.2830631 0.2018554 -0.6490730 -0.2762476 -0.4616329 -0.4060858 -0.4490625 -0.6521975 -0.1637568 -0.4182921 -0.4508291 -0.2179321 -0.6141403 -0.2756827 -0.3382837 -0.6513731 -0.2353364 -0.6145447 -0.3269309 -0.2925467 -0.3629439 -0.2445038 -0.4986225 -0.4378492 -0.3205237 -0.5932295 -0.6480302 -0.5221978 -0.4774998 -0.6648236 -0.5797704 0.1853861 0.1402760 0.2516477 0.2532386 0.0196214 0.0023055 -0.1378748 -0.1608259 -0.3226359 -0.0221419 0.1999136 0.3533059 0.2983170 0.4455291 0.2528414 0.1613063 0.0999233 0.0739224 -0.2968849 0.0533631 0.1924290 -0.4088647 -0.3144608 -0.3476518 -0.0346012 0.0244360 -0.1573965 -0.2598150 -0.0106302 0.1328222 0.1236087 -0.2051170 0.0333356 -0.3173390 -0.2304019 -0.4457429 -0.0820578 -0.3011155 0.0531136 -0.0762769 -0.0878599 -0.2268690 0.1668964 -0.1155521 0.4138735 0.2814986
0.2789518 0.6782765 0.5518928 0.3906205 0.4291476 0.3491100 0.4928179 0.4794163 0.4866386 0.4413930 0.1019744 0.6163647 0.3664779 0.1275571 0.0000000 0.0244581 -0.0035736 0.5601201 0.0931118 -0.2403963 0.7331466 0.1331746 -0.1578000 0.4187068 0.1996165 0.1534123 0.0398689 0.2820226 0.6077021 0.2490870 -0.2305131 0.3491214 0.2112613 0.4440662 0.4130483 0.6765296 0.3046014 0.3721049 0.1461673 0.3659604 0.2885129 0.5751970 0.1966392 0.2005335 0.5138836 0.2502672 0.3968046 0.3591189 0.3499926 0.4086177 0.3842962 0.2688831 0.4770886 0.2415456 0.4001551 0.3710653 0.2461383 -0.0214658 -0.1097330 0.3873140 0.3036907 0.2658098 0.3693615 0.5207824 0.4762861 0.0244380 0.1646513 0.0889410 0.2688312 0.1655003 -0.1355588 0.4958132 0.1189659 0.3500378 0.2071119 0.0995985 0.5162119 -0.0086211 0.1648895 0.2419935 -0.0336012 0.1136472 0.4726127 -0.1978594 -0.2795127 0.5177681 0.3579346 -0.0249771 0.0573572 0.2171669 0.1500706 0.1267746 0.2143113 -0.1878122 0.3779138 0.4080786 0.1000556 0.3712960 0.1693910 -0.4534392 0.1401867 0.5476756 0.5339139 -0.3493377 0.2418531 0.1223692 0.2616900 0.1506727 0.2155527 -0.0537528 0.1940335 0.4892064 0.4059014 -0.1516738 0.3099774 0.4044728 0.0567183 0.3390736 0.5545604 0.3531161 0.2865341 0.2467947 -0.0401592 0.4894104 0.0918170 0.4742460 0.1247658 -0.1435826 0.4705506 0.3875265 0.3591373 -0.3956650 0.1101008 -0.0572840 -0.4032747 0.1129862 0.4348025 0.0056648 -0.2410461 0.3974169 -0.0683388 0.2125648 -0.4402125 0.3270916 0.3810789 0.4436501 -0.3628003 -0.3123112 -0.3281243 0.1634629 0.2271430 0.4237591 -0.2480997 0.1121676 -0.1000043 0.1398448 -0.3804383 0.1725267 -0.3897159 -0.2296725 -0.1359935 -0.0703915 -0.0948203 -0.2160434 -0.1329874 0.2591146 0.1363787 -0.0410340 -0.2376343 -0.1133264 -0.0829478 0.0242451 -0.2545385 -0.0875180 0.5832949 0.3167937 0.6978295 0.4557553 0.6329339 0.6179262 0.5432917 0.5208436 0.5872614 0.4685603 -0.0251324 -0.0508672 -0.4138980 -0.2783460 0.3174640 0.1590573 0.3847429 0.3464361 -0.0845975 0.4179712 0.4532109 0.3656172 0.2964966 0.0267648 0.2434292 0.4470175 -0.1542971 -0.2757362 0.3121057 0.6297673 0.0776965 0.2649121 0.2188433 0.1598530 -0.2189933 0.0229299 0.5133476 0.3693775 0.2711913 0.2410675 0.3155716 -0.1781074 0.3525648 0.2383221
0.0170667 0.3425617 0.1661348 0.5453530 0.2133549 0.5286041 0.0066549 0.4486614 0.4256373 0.4958440 0.7651888 0.1773374 0.2530027 0.5256743 0.0244581 0.0000000 0.3793338 0.1038704 0.8105959 0.5033255 -0.1585004 0.4188691 0.6785473 0.1419007 0.7652332 0.7556776 0.4486408 0.2167453 0.3180942 0.2234304 0.4416325 0.5920359 0.2110338 0.3581269 0.5282802 -0.1014030 0.4740612 0.2444033 0.4345079 0.1605539 0.0406180 0.2066211 0.5380795 0.3318152 0.3979875 0.6853138 0.3732821 0.1453266 0.4475266 0.0906677 0.6182330 0.4220969 0.4536314 0.2877861 0.0418941 0.4781458 0.6206389 0.1084551 0.1860723 0.6293391 0.4887484 0.3346564 0.2464097 0.3730904 0.3855415 0.5122632 0.3382757 0.0420508 0.5034997 0.4888296 0.2805469 0.2830955 0.0756274 0.1638210 0.3282863 0.4047102 0.0070001 0.2968635 0.3572154 0.3932201 0.1727388 0.5595358 0.3258825 0.3294500 0.5552515 -0.0522191 -0.0754072 0.0498460 -0.0807119 0.3902554 0.1269203 -0.0256667 0.2024413 0.3100955 0.2283662 -0.0033908 -0.0586423 -0.0850576 0.2744439 0.2843773 0.5983845 -0.1531442 0.1357790 0.3808666 -0.1484521 0.3880831 0.1014323 0.1498720 -0.1414325 0.3742083 -0.0203506 -0.0342240 0.0723647 0.1813001 0.2056429 0.2034022 0.4615052 0.1085397 0.1755365 -0.2044895 0.2545699 0.5622735 -0.0470999 0.0514203 -0.0521927 -0.3489834 0.3191585 -0.2761112 -0.3056328 0.4234742 0.1099870 -0.2428957 0.3065002 -0.4486501 -0.3962092 -0.0171162 0.2054981 -0.0322131 -0.1739451 -0.1902087 -0.1528145 -0.0230439 0.0745487 -0.4144088 0.1612351 0.0075810 -0.0101238 0.0626239 -0.1850751 0.0204166 -0.0183782 -0.3282868 0.0115281 -0.1479513 -0.1503715 -0.3301605 -0.1888478 0.0775662 -0.1159288 0.2429442 -0.0772258 0.1823132 -0.3255122 0.2243461 -0.0671371 -0.2437325 -0.0587807 -0.1935171 0.2241229 0.3199386 -0.1905958 -0.2740579 0.3461257 0.3395562 0.0706826 0.0296945 -0.1097368 -0.0808868 -0.1648017 -0.1647879 -0.3313494 -0.0229415 0.1187550 0.0511660 0.3353725 0.4015218 0.1714851 0.1000024 0.0896221 0.0068681 -0.3083593 -0.1664616 0.1646157 -0.4825924 -0.3296675 -0.3455884 -0.1841966 -0.0904436 -0.0765659 -0.3423107 -0.1751110 -0.0052632 0.2147022 -0.3459876 0.2366575 0.1024973 -0.0305193 -0.3316228 -0.3691992 -0.3005179 0.1209733 -0.2810169 0.0911780 0.0685535 0.3022412 -0.1571379 0.4611650 0.5157429
0.4590603 -0.1102575 -0.4122851 -0.2625742 -0.2369063 -0.2405014 0.1442426 -0.1741608 -0.1861250 0.4270561 0.2805108 -0.2817085 -0.1742898 0.1603112 -0.0035736 0.3793338 0.0000000 0.0546079 -0.0518971 -0.2463731 -0.1598103 0.0732472 0.6879750 0.0423897 0.0569245 0.4200133 0.7448369 0.0886567 -0.3248477 0.6906750 -0.0101780 -0.0874866 0.1185057 -0.0802242 0.3917684 -0.0379447 0.2100066 0.1429069 0.6747714 0.7347809 0.0026648 -0.1914381 0.5079917 0.6156381 -0.1247510 0.0805139 0.5305476 0.1025670 0.5062694 0.3297799 0.4277335 0.6094472 -0.1626775 0.6593605 0.2065388 0.1684161 0.2257864 0.7336774 0.2189607 0.2034856 -0.0858735 0.3790298 0.0157001 0.1526579 -0.0766984 0.2095759 -0.0445668 0.5999406 0.0000573 0.2946777 0.2240574 -0.2146526 0.2493916 -0.2744504 0.1684422 0.3324365 -0.4580689 0.1698171 0.1940511 0.0185501 0.1479789 0.0321222 -0.1128406 -0.4787679 -0.1465132 0.2518064 0.0980337 0.4598616 0.1508767 0.2755320 0.1768624 0.2370096 -0.0833980 0.4455190 -0.0056630 0.2545499 0.4363332 -0.4821042 0.1414123 0.0440875 0.3649945 -0.0621468 0.0371677 -0.2094614 0.3591265 -0.1135261 0.3507938 -0.0707354 0.2593716 0.1328740 0.1174414 -0.2618651 0.2381679 0.1703351 -0.1389166 -0.1136590 0.1073984 0.1660294 0.2566307 -0.2462694 0.1002657 0.4948394 0.2577409 -0.3420358 -0.6093852 -0.2826821 -0.1216256 0.1767226 -0.4202533 -0.1403356 -0.4450181 -0.1662610 -0.3531876 0.0081302 -0.1903534 0.0183805 -0.0160672 -0.2843562 -0.2060706 -0.1980257 0.2264139 -0.2411702 0.0418555 -0.0606673 0.3257141 0.2903003 0.0853203 0.0871456 -0.0333560 0.1769141 -0.0654507 0.1764657 0.3815840 0.2830118 0.4489654 0.2576881 -0.0376471 0.3107283 -0.1013261 -0.1559578 0.2795604 0.1228974 0.3741437 0.0184468 0.5277927 0.3753218 0.3332968 0.2230002 0.1255751 0.0372961 0.2156044 0.2823830 -0.1524521 -0.3538619 -0.1446377 -0.2838201 -0.1765982 -0.2983519 -0.1705420 -0.1901441 0.0106081 0.0310768 0.0451722 0.0346960 0.3991529 0.2879756 0.6054665 0.2950445 -0.3126691 -0.3267932 -0.3007838 -0.6153243 -0.2889364 -0.2483660 -0.3512058 -0.2828069 -0.3733857 -0.3920998 -0.2358916 -0.3353520 -0.1291836 -0.1100644 0.3902442 -0.1014560 0.0326793 0.2688566 -0.4146881 -0.0619156 -0.1791899 -0.3254651 0.1144603 -0.4234118 0.0140542 0.1322963 -0.4136991 0.1154975 0.1799414 0.1935149
