0.0000000 0.1305742 0.2041422 -0.3054719 -0.0299109 -0.2691298 0.2371314 -0.0993990 0.2961963 -0.0975048 0.1436250 0.3747503 0.0429899 -0.0513870 0.3881571 0.1809616 0.0280944 0.2759364 0.1902218 -0.1005593 0.1624280 -0.0530152 0.2920466 0.0257629 0.1664550 0.3081191 0.1699857 0.0707236 -0.0154539 0.0813142 -0.0935206 0.2645025 0.0723934 0.2576580 0.3675772 0.1188546 0.1017239 0.1274100 0.2360072 0.2757983 -0.2043526 0.2057962 0.3142906 0.1403857 0.3590637 0.0843736 0.2746301 -0.0744423 0.2432452 -0.0481117 0.2471841 0.3308361 0.1620899 0.1286505 0.3963202 0.1910759 0.1603694 0.0551501 -0.0916975 0.2696237 0.1147161 0.2827856 0.1959032 0.1478380 0.1410237 0.0138814 0.2401194 0.1763321 0.0317774 0.1957410 0.1324777 0.2089751 0.2145505 0.2777947 0.0581966 0.2688704 0.2658037 0.2401180 0.1967734 0.2224610 0.1918656 -0.0467707 0.2756157 0.1850954 0.0105763 -0.1427598 -0.3444864 0.3109902 -0.3051676 -0.0497139 -0.2113351 -0.2306264 -0.2317596 -0.1436412 -0.1330862 -0.2517083 -0.0510370 -0.0144745 -0.0961263 -0.2924354 -0.3049210 -0.2699112 -0.0203613 0.1362589 -0.3607734 -0.2687463 -0.2088041 -0.3113185 -0.1435230 -0.0009005 -0.3415916 0.1084900 -0.2826813 -0.3318305 -0.0928310 -0.1654977 -0.1448518 0.0780428 -0.0095992 0.1512171 -0.0906562 -0.1609309 -0.0848139 0.0845892 0.0858780 0.1896548 0.0809930 -0.2343351 0.1763986 -0.0044907 0.0231971 -0.4204942 -0.1087838 -0.3201594 -0.2998209 -0.3854156 -0.1265011 0.0004101 -0.1818418 0.1711193 -0.2042086 0.1008931 0.0984124 -0.0611538 -0.0537623 -0.3039321 -0.1110500 -0.1058322 -0.0408432 -0.1843901 -0.0023601 -0.1123287 -0.0726235 -0.0954549 -0.1597061 -0.1273211 0.0506074 -0.1023456 0.1364470 -0.0419448 -0.1608640 -0.1190523 -0.2454928 0.0793141 -0.1528486 -0.1222107 0.0385419 0.2836399 0.0990970 0.0249558 -0.0852580 -0.0375352 0.1103454 0.5710735 0.4146738 0.3654844 0.4217261 0.3837026 0.3952826 0.3752236 0.3355316 0.3284299 0.1646741 0.2583397 0.0277685 0.0793034 0.0877643 0.0512857 0.2158228 0.3008388 0.2421706 0.3267063 0.3245792 0.4773978 0.3025407 0.3107903 0.2156417 0.1181604 0.0561816 -0.0462254 -0.4967050 -0.3018756 0.0501311 -0.1749750 -0.5541312 -0.2200176 -0.3564112 -0.1563255 -0.6964234 -0.1020277 -0.2889253 -0.0781118 -0.4890420 -0.3128503 0.1463973 -0.1814488 0.3873665 0.2670395
0.1305742 0.0000000 0.5260927 0.6909802 0.4081805 0.5500665 0.2512969 0.5209516 0.1417198 0.2991774 0.2791345 0.1358986 0.0327452 -0.0238690 -0.0822534 0.0114577 0.1586360 -0.0856893 -0.2106539 0.3529466 0.3175184 -0.3783664 0.1329135 0.0915617 -0.2709930 0.0731684 -0.1469444 -0.0510771 0.3200084 0.1979905 0.2565659 -0.0252357 0.1453754 0.1941786 0.0903458 0.6085817 -0.0284311 -0.4440462 0.2320861 0.4903752 -0.1841268 0.5660625 -0.0818623 0.3520865 0.3810322 -0.2277390 -0.1532862 -0.2142288 0.4353631 -0.3998811 -0.0356084 0.1170901 0.4284407 0.5606636 -0.0722563 -0.1640393 -0.0982534 0.7058644 0.2098770 0.1085474 0.3018574 0.2001114 -0.0365144 0.5094684 0.6063476 0.0952204 -0.0290648 0.3678030 -0.0452920 0.3756220 0.0679179 0.2903109 0.1465541 0.1897681 -0.0178691 0.3526942 0.1588128 0.0790447 0.1792448 0.1440630 0.0695686 -0.0462509 -0.1726649 0.1112123 0.1419350 -0.2720321 0.1188667 -0.1628435 0.0138759 0.2388179 0.2858250 0.1177371 -0.2836121 -0.0578255 0.2568520 0.3368794 -0.0119382 -0.1721319 0.3761321 0.1828922 0.2190317 -0.0059376 -0.5405391 0.3512327 -0.0289719 0.1856228 -0.0290231 -0.1581550 0.1407034 0.2942696 -0.1512372 -0.0175423 0.0461864 0.2217784 -0.1799506 0.2110565 0.2991363 0.1309005 0.0171616 0.1913303 0.2448935 0.0987237 0.3496094 -0.2136660 0.2589011 0.0947307 0.2669194 0.3096304 0.0071477 0.2043006 0.0860974 0.1256778 0.1404168 -0.0426231 0.2503775 0.2442225 -0.1438301 0.0066674 -0.1817442 0.1878637 0.4726429 0.1089852 0.3412069 0.2316884 -0.0065540 0.3637637 0.0265633 0.0673296 0.4148350 -0.0573247 0.3325597 0.3772741 0.2331172 0.4424107 0.3818123 0.5122634 0.4729591 0.3458751 0.4761759 0.3260638 0.4455997 0.2329686 0.2514570 0.2299012 0.3059111 0.4270816 0.2275951 0.1243299 0.3790135 0.2876776 0.3304283 0.4209414 0.4121505 0.4082057 0.4689849 -0.3419401 -0.2530975 -0.2947313 0.1362374 0.4213947 0.1065340 0.6605521 0.5344202 0.6067730 0.1222715 0.2704046 0.2840903 0.1743318 -0.0846011 -0.3184127 0.1568988 -0.1956781 -0.4682905 0.1679052 0.1909601 0.0562638 -0.2752322 -0.1169824 0.0951789 -0.0467190 -0.3285165 -0.5679499 -0.7060209 -0.5123652 0.1443569 -0.0485499 -0.1040128 0.3471452 -0.2389510 -0.4306299 -0.3142974 -0.3612570 -0.0558467 -0.1658795 0.4150183 0.1145721 0.1608966 0.2583615
0.2041422 0.5260927 0.0000000 0.2966433 0.8372088 0.1296294 0.3516028 0.4789452 0.2582326 0.1750404 0.3380264 0.2886853 0.4301312 -0.2147144 0.1560691 0.2431800 0.0158876 -0.1511531 0.0133801 0.3834159 0.3322998 0.0253308 0.2550715 -0.1275086 -0.0692168 0.2569271 -0.0071152 -0.1142440 -0.0016070 0.2360902 0.3001259 0.3262051 -0.1224301 -0.0753281 0.2675621 0.3461386 0.2919879 -0.0347234 0.1108226 0.1944931 0.2222538 0.3213617 0.1070326 0.1228948 0.4048974 -0.0186579 0.1807684 0.2114740 0.1980735 -0.1189451 0.1937030 0.0444538 0.1928889 0.2937080 0.4087264 0.1685412 0.2526039 0.5400892 0.2853372 0.3640989 0.4938238 0.1351891 0.6275228 0.7329763 0.6822205 0.4832111 0.0715849 0.1975967 0.5411952 0.5728609 0.2661615 0.7922330 0.1494504 0.8020566 0.4691023 0.5575864 0.7808804 0.3604369 0.4462733 0.4567619 0.6125259 -0.1636205 -0.1344900 0.1824314 0.0219169 0.0227610 -0.1393160 -0.2678858 0.0577630 0.0220521 0.1595206 -0.1828050 -0.2053844 -0.0328650 -0.0822053 -0.0275924 -0.2393443 0.0121551 0.1109991 0.0544904 -0.0702657 0.0934904 -0.1421927 0.4848450 -0.1859428 -0.1021479 0.0041236 -0.1418379 -0.0063960 0.2390053 -0.3250430 -0.0138049 0.0195036 0.0774378 -0.0943623 -0.0188784 0.0424523 0.0527834 -0.0470975 -0.0585946 0.0904959 0.0235502 0.0651990 -0.2268907 0.0270540 -0.1416237 0.1018749 0.1313499 -0.1553789 0.1226944 0.0133630 0.1347356 -0.0842363 -0.1823584 0.1495908 0.0616385 -0.2582130 -0.0774969 -0.2187874 -0.3152431 0.1281228 -0.1050857 0.6398494 -0.2097996 -0.1791617 0.1475562 -0.0182874 -0.0549289 0.1246478 -0.2833930 -0.1335068 0.0776701 0.0921469 0.1063232 0.0347348 0.2744203 0.3590921 0.0475486 0.4857558 0.1130562 0.0563354 -0.0025582 0.1647149 0.2730458 0.1029573 0.1170285 0.0547708 0.0791949 0.2443349 0.1810393 0.0318543 0.0910033 0.5466215 0.6481946 0.4017827 0.2849579 0.4678135 0.3991163 0.5050426 0.6800067 0.6593573 0.5059477 0.4266750 0.4282005 0.2286590 0.7369268 0.2278856 0.5614632 0.6353015 0.4054318 -0.2098432 0.4468645 0.1859291 0.0028406 -0.0967290 0.0280348 -0.1465601 0.3285137 0.7004445 -0.3380308 -0.1244984 -0.3018893 -0.3991769 -0.2875745 0.0252718 0.2655251 -0.3054879 0.0915706 -0.2777980 0.0241176 -0.4539743 -0.4141023 0.2673269 0.3363360 0.3564224 0.1848224 0.3343245 0.3714231
-0.3054719 0.6909802 0.2966433 0.0000000 0.3075828 0.8497368 -0.0023946 0.6848379 0.1978717 0.4266407 0.1942184 0.0497081 0.1301275 0.1707099 -0.0863710 -0.0602195 0.1672419 0.0617321 -0.2576725 0.4118062 0.1854969 -0.1628277 -0.0693472 0.3364047 -0.3184267 -0.1308618 -0.0674200 0.0813217 0.5241234 0.3564121 0.3563431 -0.1916111 0.2648381 0.3104449 -0.1165250 0.4445684 -0.1273595 -0.3999540 0.2055464 0.3933571 -0.0154717 0.2685647 -0.1770438 0.4285769 0.1833024 -0.2553654 -0.2414624 -0.2873285 0.5305435 -0.2970115 -0.1223367 -0.0102745 0.5516850 0.3245869 -0.4234066 -0.2889437 -0.1777468 0.5832679 -0.0402222 -0.0928463 0.1530519 -0.0529828 -0.2287356 0.4606355 0.5304254 -0.0358057 -0.2249324 0.1480779 -0.1761323 0.2197588 -0.1339788 0.1808745 -0.0668182 -0.0292132 -0.1647071 0.1796104 0.0262602 -0.0265536 0.0334566 -0.1269354 -0.1495552 -0.2996538 -0.1553961 0.0991208 0.0425893 0.0170643 0.0547555 -0.3188968 0.0908312 0.0936271 0.3895030 0.2244105 -0.0513305 -0.1741870 0.1707472 0.3279732 -0.0111909 -0.0863442 0.2912105 0.1426849 0.2762088 0.3078913 -0.1016091 -0.0650326 0.2017218 0.1434989 0.1519937 0.3166119 0.1786709 0.3351684 -0.0387806 0.0679608 0.3145660 0.5187896 0.2767007 0.3704279 0.5888404 0.3502735 0.3022770 0.1616221 0.5434464 0.5603144 0.4577777 -0.2380163 0.2075964 -0.2031579 0.5149123 0.3547640 -0.0890751 0.4537457 0.2507149 0.2045416 0.2905622 -0.0280762 0.3433437 0.2871671 0.0929003 0.0310879 0.0384819 -0.0591981 0.3141608 -0.0708095 0.1045587 0.1317681 0.0624302 0.3829579 0.0904413 0.1499734 0.3647752 -0.1960909 0.0755660 0.0849804 0.1215419 0.2968462 0.4154963 0.2551013 0.2703996 0.2737127 0.1712145 0.0604168 0.4705856 0.1266741 0.1362644 0.0832691 0.2894164 0.2675267 0.1612501 0.0935653 0.2590434 0.1878113 0.3499123 0.4005958 0.1855764 -0.0800187 0.0372695 -0.4292312 -0.4115930 -0.4136711 -0.1504716 0.0131719 -0.1184048 0.3903691 0.1937892 0.3798685 -0.2833126 0.1321642 -0.2342103 -0.1820189 -0.3843543 -0.5699254 -0.0408478 -0.3382597 -0.6887604 -0.2291683 -0.2133449 -0.2206879 -0.2936833 0.0119712 -0.0716365 -0.1354841 0.0101966 -0.2677783 -0.4460142 -0.2365669 0.1088182 -0.1986928 -0.0400840 0.2389833 0.1077291 -0.3511898 -0.0735614 -0.1716325 -0.0754788 0.0354925 0.3194290 -0.0220812 0.0337409 0.1042264
-0.0299109 0.4081805 0.8372088 0.3075828 0.0000000 0.0286951 0.0125717 0.6175590 -0.0380989 0.4911804 0.4336971 -0.0524642 0.6638701 0.0128367 -0.1864679 0.2087374 0.3821797 -0.2176535 0.0828177 0.5581848 0.0795031 0.1537588 0.2966982 -0.1553670 0.1067117 0.1802682 0.0679001 -0.2413817 0.1236283 0.0576069 0.4170471 0.3985636 -0.2032095 -0.0632676 0.2310857 0.3575897 0.3598301 0.1332755 0.0898555 0.0868236 0.4105008 0.5258759 0.1631572 -0.0722674 0.5551431 0.1440571 0.2391095 0.4154012 0.0891148 -0.0735912 0.2910886 0.0436865 0.2228053 0.3720902 0.4492918 0.2711696 0.4094732 0.5945918 0.5774601 0.4747118 0.7539163 0.2292310 0.6706272 0.7602665 0.6911029 0.6828689 0.2095689 0.3518765 0.7273486 0.7047527 0.4267095 0.7418245 0.3431715 0.8144627 0.6239930 0.6940301 0.7308850 0.5205542 0.7179152 0.5939307 0.8007536 -0.2189564 -0.1751963 0.2239254 0.0387570 0.1381486 0.0490708 -0.3626488 0.1819522 0.0542973 0.2058816 -0.1222173 -0.1815952 -0.0911822 -0.0237055 0.0481880 -0.1086005 0.0389851 0.1729046 0.3045378 0.0609281 0.2117238 -0.0237542 0.2555474 -0.0932194 0.0078856 0.0877695 0.0745110 0.0010957 0.2463136 -0.2303419 -0.0219703 0.2080766 0.1613219 -0.0815086 0.0313829 -0.0015947 0.0179897 0.0076156 -0.0199504 0.1339378 -0.0543339 0.2294240 -0.0943072 0.0931406 -0.1012711 0.0210556 0.3547451 -0.2230235 0.2699995 0.1357741 0.3536179 0.0565250 0.0352894 0.2156475 0.2038494 -0.0819780 -0.0414579 -0.1365640 -0.5047200 0.2445917 -0.0963643 0.6241677 -0.1654489 -0.0463208 0.2633245 0.0569151 0.0102512 0.1435847 -0.1800380 -0.1833923 0.1455926 0.1639643 0.1796193 0.0751107 0.3228720 0.3168262 0.1142020 0.5093485 0.0879249 0.0417900 0.0555002 0.3458562 0.1257417 0.1294137 0.2062797 0.0587945 -0.1298394 0.1570712 0.1114705 -0.0017586 0.0362523 0.5641580 0.4575083 0.1173160 0.2025793 0.3060030 0.3057968 0.2710130 0.5294122 0.7256159 0.5940766 0.6106877 0.5071179 0.4969253 0.8696901 0.2449247 0.6776307 0.5611994 0.3986798 -0.1731286 0.4777444 0.0438068 -0.2687477 -0.1614960 -0.2000829 -0.1835914 0.2754234 0.8487097 -0.2519688 -0.1297850 -0.3144326 -0.5168142 -0.3270659 0.2896147 0.5629766 -0.2685496 0.2633690 -0.1453608 0.0027821 -0.4599964 -0.5410198 0.5644137 0.6641062 0.3115135 0.4621714 0.0308552 0.0735507
-0.2691298 0.5500665 0.1296294 0.8497368 0.0286951 0.0000000 0.2878153 0.3795689 0.4677890 0.1416024 -0.1222803 0.3962968 -0.2494657 0.2982661 0.2736793 -0.2639389 0.0786355 0.2724313 -0.4161701 0.1187117 0.5026610 -0.3632405 -0.3330230 0.4994597 -0.5054851 -0.3144258 -0.0180714 0.2716368 0.6043388 0.5955428 0.1217725 -0.3831513 0.2947863 0.2817625 -0.3501474 0.5660258 -0.2837948 -0.5430093 0.1123262 0.3551629 -0.2282662 0.1474521 -0.4070135 0.5329861 -0.0403442 -0.4813149 -0.4221654 -0.5073452 0.5030578 -0.3849329 -0.3632593 -0.0873062 0.5165565 0.1025218 -0.6088201 -0.5408341 -0.4429739 0.2699682 -0.1985486 -0.3756362 -0.1129565 -0.2632382 -0.4120257 0.0849976 0.3291603 -0.3073278 -0.4781230 -0.2074867 -0.3990980 -0.1797604 -0.4162931 0.0057693 -0.3810652 -0.3038774 -0.3987712 -0.1729717 -0.1733319 -0.3399996 -0.3135439 -0.4568994 -0.4148846 -0.2884261 0.0280586 0.2288231 0.1656775 0.0779806 0.0742908 -0.0220574 0.1404392 0.1955722 0.5123267 0.3832376 0.0891597 -0.0770099 0.2399439 0.3586697 -0.0165280 0.0442036 0.3711164 -0.0507975 0.3688161 0.4260020 -0.0068700 0.0572845 0.2723932 0.2078969 0.2552037 0.3774719 0.3645169 0.5130328 0.0553069 0.2539101 0.3477603 0.5998366 0.3361949 0.3760925 0.5987546 0.3776478 0.2579884 0.0622411 0.4230455 0.5532069 0.2144311 -0.1832459 0.1239487 -0.1974897 0.4481457 0.0769408 0.0038541 0.2505592 0.1265864 0.0130192 0.0867472 -0.1191334 0.2756361 0.0436306 0.0369494 -0.0507745 0.0223474 0.2791296 0.1026088 -0.0925643 -0.0460316 0.2317687 0.0393376 0.0798978 0.0146927 0.1179363 0.3693812 -0.0686953 0.2425023 -0.0739824 0.0000495 0.1714415 0.3773914 0.0125022 0.2639509 0.1663943 0.1296558 0.0701038 0.4505690 0.1377637 -0.0952390 0.2005128 0.2664445 0.1347325 0.1780405 0.2796481 0.3280546 0.2309464 0.4387570 0.4583348 -0.0082436 -0.0914400 0.1504879 -0.3265439 -0.3121511 -0.3798596 0.0168414 -0.0195942 -0.3074246 0.2922324 0.1042000 0.3401596 -0.3730903 -0.1831604 -0.1989899 -0.4207981 -0.4226323 -0.5329060 -0.1447876 -0.4103301 -0.5705207 0.0516645 -0.1409137 0.0473228 -0.0522034 0.1796123 -0.3580500 -0.0654938 0.1313474 -0.2279812 -0.3075251 -0.0945336 0.0070963 -0.3714934 -0.1343599 -0.0107119 0.1536049 -0.4350380 -0.0356432 0.2367801 -0.2806876 -0.0660732 0.1410603 -0.2810326 0.1807819 0.1339210
0.2371314 0.2512969 0.3516028 -0.0023946 0.0125717 0.2878153 0.0000000 -0.2413732 0.2467115 -0.4224007 -0.4804255 0.6613113 -0.5278212 0.0025807 0.4166204 -0.4043948 -0.1996837 0.0084239 -0.5446420 -0.1078105 0.7309024 -0.4953527 -0.3808199 -0.1584394 -0.5772627 -0.3690981 0.0062282 -0.0415202 0.0131063 0.3641849 -0.0288044 -0.3550717 -0.2782331 -0.3058292 -0.3557408 0.4493895 -0.3269638 -0.5823962 -0.1405456 0.2459417 -0.4938283 0.0238824 -0.4527538 0.0825059 -0.2956244 -0.5966781 -0.3098788 -0.4513425 0.0872257 -0.4495260 -0.4212180 -0.1531970 0.0412593 -0.0455353 -0.1563012 -0.4936231 -0.5084973 -0.0179625 -0.0438295 -0.4310838 -0.2653854 -0.3796966 -0.0706002 -0.1159559 0.2117436 -0.3682005 -0.5334946 -0.4909354 -0.2158542 -0.2796668 -0.4625388 0.2793270 -0.5542185 0.1170769 -0.3307105 -0.3038619 0.1879922 -0.4631752 -0.3910078 -0.2838795 -0.1035168 -0.0453455 0.2147958 0.3831686 0.5255946 0.2222500 0.3117922 0.4209881 0.3619361 0.4949965 0.4953710 0.3945953 0.3416374 0.3094067 0.4667568 0.3644841 0.2286795 0.4946303 0.5133130 -0.0621690 0.3428033 0.3634109 -0.0121201 0.6003964 0.2631260 0.3718356 0.4035103 -0.1599073 0.4838300 0.5725736 0.2708468 0.5141600 -0.0714283 0.2691220 0.1957984 0.0542898 0.0934702 0.3605238 -0.1319229 0.1211067 0.0114368 0.0872621 -0.1812716 -0.1678907 0.2623749 0.0491457 0.0650960 0.0120188 0.3119497 -0.0313399 0.0881158 0.1111666 -0.0510678 -0.3255803 0.3124910 -0.2027010 0.0506538 0.0215605 0.0698728 0.3279242 0.1249764 0.1322770 0.4300308 -0.1010574 0.0138063 -0.1686541 0.1779507 0.2865278 0.4502399 0.1247573 0.0600527 0.0991899 0.1913238 0.2552955 0.3028165 0.0344356 0.5305325 0.2763857 0.5186584 0.2007671 0.4110887 0.2872836 -0.0915462 0.6098012 0.3768171 0.2457249 0.4077275 0.4899540 0.5903061 0.5252889 0.5143879 0.4760297 -0.0355649 0.6446567 0.8292084 0.4214773 0.4541539 0.3099469 0.6059929 0.4017214 0.0487097 0.2364645 0.1851331 0.2690133 -0.0178977 -0.0719775 0.2688738 -0.0027162 0.3904667 0.3548438 -0.1385780 0.1286543 0.3541349 0.6286779 0.1805752 0.4823800 0.2471588 0.3776376 -0.0968428 -0.2015558 0.1496090 -0.3397322 -0.2126717 -0.1069536 -0.2202404 -0.1354373 -0.0915578 -0.2781165 -0.1228423 -0.3746956 -0.3227409 0.2572594 -0.1782531 -0.1460943 -0.1657993 -0.3136627 0.4556664 0.2896058
-0.0993990 0.5209516 0.4789452 0.6848379 0.6175590 0.3795689 -0.2413732 0.0000000 0.0934944 0.5942784 0.7141289 -0.1913554 0.7419010 -0.0349186 -0.1980637 0.5333788 0.3632271 -0.1236166 0.3771183 0.5855279 -0.1309931 0.3721200 0.5191251 0.1246525 0.3284458 0.4461191 -0.1328724 -0.1618916 0.1632800 0.0576533 0.6078412 0.4769139 0.1371982 0.2300374 0.4561222 0.2857473 0.4972677 0.2066460 0.5418871 0.4960954 0.4641732 0.3496305 0.4075903 0.3191616 0.5580195 0.3274969 0.3856737 0.3279027 0.3333823 0.1076327 0.5397781 0.4837198 0.2396502 0.5898396 0.2285866 0.3435626 0.5021683 0.7092692 0.1314904 0.5701842 0.5968690 0.4959187 0.3536525 0.6314681 0.4328243 0.5049702 0.3992955 0.5695807 0.4287478 0.5980576 0.3745884 0.2390510 0.5188029 0.3240428 0.4261777 0.6065343 0.2334395 0.4621989 0.5291274 0.3859583 0.4073186 -0.1034782 0.0128755 0.1449298 0.0183410 0.0396143 0.0187811 -0.2942755 0.1475339 0.0670633 0.3458399 0.1423400 -0.0446816 -0.0762751 0.0889866 0.2059503 0.0516446 -0.1221754 0.2311401 0.4086342 0.1354551 0.2069839 -0.1169423 -0.0809995 0.1488926 0.0949561 -0.0453395 0.3205728 0.1157448 0.2134808 -0.1757314 -0.0873884 0.4297187 0.3472222 0.0051748 0.2352568 0.3055428 0.0724835 0.1768480 0.1184875 0.4093553 0.2612285 0.6380509 -0.2034631 0.1839102 -0.0007453 0.2815094 0.4414545 -0.1211335 0.2475788 0.1811775 0.1512908 0.1092063 0.0827961 0.1736962 0.3797798 -0.0686568 0.0438553 -0.0808907 -0.2938490 0.1646038 0.0031563 0.3716347 0.0972225 0.0406837 0.4078904 -0.0047508 -0.0317717 0.0609571 -0.1206428 0.1037535 0.0430641 0.1086956 0.1090135 0.1489136 0.3308677 0.1950032 0.0971953 0.1716176 0.2489707 0.1447705 0.0476242 0.2017022 0.1452976 0.1348762 0.1169546 -0.0414529 -0.1153018 0.1090839 0.0818036 -0.0254624 0.0949241 0.2562568 0.0228438 -0.0499346 -0.2526540 -0.1220436 -0.1446366 -0.0047577 0.2725610 0.2850501 0.5671422 0.2987604 0.4875894 -0.0058978 0.4093324 -0.2574364 0.0136436 -0.1420842 -0.2456693 -0.0268694 -0.0893314 -0.5150323 -0.3738448 -0.1786395 -0.2420177 -0.2510761 -0.0780296 0.4343064 -0.0297207 -0.1726005 -0.3037605 -0.2330318 -0.0216868 -0.0397609 0.1182994 -0.2352726 0.3057194 -0.1309855 -0.1741133 0.0201447 -0.4374944 0.0089409 0.2268103 0.0395403 0.2487434 -0.0633632 0.0136287
0.2961963 0.1417198 0.2582326 0.1978717 -0.0380989 0.4677890 0.2467115 0.0934944 0.0000000 -0.1660750 0.0395088 0.7798308 -0.0787362 0.1832895 0.8993672 0.1604903 -0.1336330 0.6633829 0.0972307 -0.2235720 0.5731349 -0.1426561 -0.0735331 0.7291449 -0.1457047 0.1873354 0.1762991 0.6652178 0.3811578 0.7647165 -0.1962846 0.0868817 0.5475937 0.3926747 0.0298168 0.2962010 0.0516066 -0.0836245 0.1644930 0.1116595 -0.0781709 -0.0534445 -0.0787656 0.6157494 0.1277521 -0.2350596 -0.0747088 -0.2341096 0.4341006 -0.0246146 -0.0556164 0.1005507 0.3673258 -0.1534052 -0.0279114 -0.1108644 -0.0831063 -0.0696520 -0.3672814 -0.0478538 -0.0305432 -0.1387404 0.1420786 0.0394658 0.1344909 -0.0101222 -0.1751516 -0.2375972 -0.0402818 -0.1350306 -0.1245707 0.1359737 -0.1917815 -0.0400865 0.0319762 -0.0233499 0.1339833 -0.0561353 -0.1563652 -0.1816268 -0.1758696 -0.1755020 0.2572372 0.1894673 -0.1047890 -0.0092128 -0.4773982 0.1465631 -0.1937634 -0.0990067 0.0943034 -0.0508066 -0.0977775 -0.3869130 -0.1923935 -0.1997091 -0.3460742 -0.0528307 -0.0324710 -0.6106692 -0.0996293 0.0968518 0.1302605 0.0831172 -0.2144229 -0.2533499 -0.1034446 0.2418739 0.0430010 0.2296885 -0.3273688 0.1371738 0.1372428 0.1727339 0.1053411 0.0912617 0.2988105 0.0678969 0.1703114 -0.2387817 -0.0051248 0.2596049 -0.2781752 -0.0831160 -0.2403056 -0.2052947 0.1322895 -0.5147411 -0.1008132 -0.1852089 -0.2451829 -0.5329951 -0.4860782 -0.3072819 -0.1940927 -0.3572636 -0.3826817 -0.2071082 -0.3105397 0.3436585 -0.4092868 -0.1577065 -0.1402299 0.1376049 -0.1955047 -0.3282468 -0.2855041 -0.2274606 -0.1080206 -0.1261519 0.2348098 -0.3639280 -0.2869557 -0.2657719 -0.0759458 -0.2499665 0.0380789 -0.3005060 -0.0816193 -0.0313289 -0.0983161 -0.1280537 -0.2913858 0.1842240 -0.1118046 -0.2988340 0.0142228 0.4553800 0.1321807 0.0429241 0.0462614 0.1223489 0.0062752 0.0726532 0.0424679 0.0571922 0.2414904 0.1518849 0.3942119 0.2804787 0.0407635 0.1508870 -0.1187122 0.1274571 -0.3383702 -0.0843272 -0.0828291 -0.2249260 -0.0581557 -0.1270728 -0.1854833 0.0315189 -0.0650247 0.2814090 -0.0382499 0.3036638 0.1385797 0.2716592 -0.1833200 -0.0790724 -0.1993564 -0.0212216 0.1495788 0.0934070 -0.4472148 -0.4704183 -0.5913953 -0.3464277 -0.4186372 -0.0440844 -0.0398554 0.2890911 -0.5338781 -0.1767390 0.1425619 -0.4963921 0.5184678 0.3526723
-0.0975048 0.2991774 0.1750404 0.4266407 0.4911804 0.1416024 -0.4224007 0.5942784 -0.1660750 0.0000000 0.6402772 -0.4965517 0.5133191 0.3016635 -0.4997717 0.2036814 0.7491243 -0.0385035 0.2327681 0.7829489 -0.4070600 0.3124429 0.4426182 0.1803151 0.3754487 0.1834067 0.0422174 -0.1831866 0.4249638 0.0180511 0.6131452 0.3213105 0.1297609 0.4290194 0.3919102 0.2681276 0.3406833 0.1626676 0.4469971 0.3413578 0.5363210 0.5264527 0.4282932 0.1269314 0.5850398 0.3922716 0.4054723 0.4052141 0.3708305 -0.1344672 0.4697443 0.3263308 0.4839037 0.6556818 0.1357234 0.2915990 0.5008758 0.7376086 0.2516471 0.5164238 0.6255393 0.4715360 0.2040310 0.5734831 0.4290451 0.6123183 0.4274856 0.6069033 0.4464079 0.6536012 0.5612681 0.2025821 0.5987888 0.1919668 0.4335609 0.6594578 0.1691008 0.6225095 0.6439722 0.4027937 0.3077984 -0.5632943 -0.2224069 -0.0457555 -0.1910632 -0.1313966 -0.0455302 -0.5080456 -0.1759203 -0.1269050 0.0565131 -0.1540999 -0.1981022 -0.2454487 -0.0143864 0.1374522 -0.0474818 -0.1143592 0.1314821 0.1888858 0.2034490 0.1635716 0.0091315 -0.4841338 0.0568012 0.0484995 -0.0424243 0.1666314 -0.0894427 -0.0079826 -0.1179728 -0.0641911 0.1980503 0.1599622 0.0531417 0.1969728 0.2274419 0.1551420 0.2646314 0.2485629 0.3900251 0.2247117 0.2888791 0.1111657 0.2339843 -0.0810608 0.2193983 0.3537706 -0.2942595 0.2874415 0.2267529 0.0420559 0.1030594 0.1208139 -0.0967655 0.2526488 0.0320087 0.0006982 -0.1186545 -0.2950890 0.2308827 -0.0532216 0.0532429 0.0538778 0.0466056 0.3388751 0.0593117 -0.0244630 0.0424145 -0.0964967 0.0897586 0.2019277 0.2126835 0.1774354 0.1690975 0.3604353 0.0887827 0.2612396 0.1083809 0.1317892 0.0999767 0.1228759 0.3137594 -0.0734422 0.1249820 0.2984545 -0.0226040 -0.3029542 -0.0479408 0.0707164 -0.0451590 -0.0167559 0.1060960 -0.1813516 -0.3014650 -0.2458929 -0.4727695 -0.4314540 -0.5079404 -0.2653763 0.0109127 0.3763889 0.4140224 0.4475244 0.1645318 0.3562882 -0.1169425 0.1234034 -0.1533251 -0.2671323 0.2103627 0.0158304 -0.4845606 -0.4396961 -0.1056539 -0.4788789 -0.3188751 -0.1330639 0.2043732 -0.1080039 -0.1753184 -0.1739677 -0.4200093 -0.4047650 0.4339154 0.0667020 -0.0609350 0.6487623 -0.0134125 -0.2029486 -0.3098171 -0.5439819 0.2905414 0.3112699 0.3819299 0.5472477 -0.3595668 -0.4147514
0.1436250 0.2791345 0.3380264 0.1942184 0.4336971 -0.1222803 -0.4804255 0.7141289 0.0395088 0.6402772 0.0000000 -0.4228413 0.7507997 -0.2621878 -0.2550316 0.8195814 0.3328698 -0.1691073 0.7240133 0.5467157 -0.4837282 0.5668715 0.8744144 0.0583583 0.6988733 0.8238109 -0.1346621 -0.1895310 -0.1024288 -0.1426874 0.4768658 0.7428675 0.2175834 0.3053579 0.8824458 -0.0947666 0.7527864 0.4859773 0.6528314 0.4576636 0.6444718 0.1919047 0.7968775 0.2781726 0.6162688 0.7096171 0.7451722 0.6345173 0.2657458 0.2682632 0.8522638 0.6643724 0.0621622 0.6771722 0.4863366 0.6885977 0.8462236 0.6630694 0.0292069 0.8992825 0.5798079 0.7930272 0.5138937 0.5886902 0.1993722 0.7332605 0.7785867 0.8015273 0.6040209 0.7102394 0.7254127 0.1386626 0.8285996 0.3092078 0.6605425 0.7328488 0.2050189 0.7191921 0.6194554 0.5861785 0.4193634 -0.1183754 -0.2180248 -0.2862478 -0.4353528 -0.4173042 -0.3396219 -0.4953278 -0.3693515 -0.3208296 -0.2029419 -0.3382286 -0.3818797 -0.1756425 -0.2931399 -0.2053651 -0.2655585 -0.4745280 -0.1629213 0.1832764 -0.2296866 -0.2943926 -0.3384267 -0.2976177 -0.2638913 -0.2517843 -0.4788335 -0.1234023 -0.3248092 -0.3515760 -0.4355220 -0.4684325 0.0823585 -0.1577362 -0.3542502 -0.0106235 0.0002721 -0.3046953 0.0254347 -0.0656466 0.0741618 -0.0666673 0.2611720 -0.1343971 -0.1188820 -0.0288364 -0.0865132 0.0788281 -0.4018670 -0.2280238 -0.2220199 -0.3028595 -0.2895698 0.0884127 -0.3518204 0.2224155 -0.4751784 -0.2139969 -0.4584600 -0.2980357 -0.0607644 -0.1636004 0.0908421 -0.0077447 -0.2741921 0.2591496 -0.3418277 -0.4563400 -0.3887855 -0.2066433 0.1772285 -0.0003846 -0.1237880 -0.1791939 -0.2569283 0.3086733 -0.1451929 -0.1882057 -0.1555310 0.1939988 -0.2979277 -0.2092585 0.0914530 -0.1192196 -0.2306191 -0.0827527 -0.3618682 -0.4062552 -0.3093838 -0.2102133 -0.4717378 -0.3542714 0.2457437 -0.0633165 -0.2667188 -0.2595758 -0.1899236 -0.2086508 -0.1975172 0.1148204 0.1914204 0.2794005 0.0926978 0.2166229 0.0425096 0.3600303 -0.1324756 0.1169001 -0.0653687 -0.1638922 0.0628714 0.0132991 -0.3310949 -0.4103484 -0.0976518 -0.2927347 -0.4006150 -0.3236896 0.3906163 -0.0718786 -0.3150437 -0.0032051 -0.0044346 -0.0410261 -0.0018532 0.0633556 -0.3060662 0.5239147 -0.2620747 0.1493599 0.0494432 -0.5478900 -0.0137577 0.0210778 0.1392972 0.4830275 -0.1312143 -0.0357969
0.3747503 0.1358986 0.2886853 0.0497081 -0.0524642 0.3962968 0.6613113 -0.1913554 0.7798308 -0.4965517 -0.4228413 0.0000000 -0.3553391 0.1189249 0.9105889 -0.2435926 -0.2867755 0.4689038 -0.3107401 -0.3525116 0.8975805 -0.4264246 -0.4219151 0.3434476 -0.5018084 -0.2128210 0.1364669 0.4052551 0.2777048 0.6409696 -0.2477099 -0.2650235 0.0859297 -0.0287468 -0.3702150 0.4318717 -0.2519013 -0.3687827 -0.2273266 -0.0262569 -0.4178815 -0.0184510 -0.4889904 0.2289396 -0.1675002 -0.5842530 -0.3367570 -0.4732235 0.1552285 -0.3216817 -0.3925851 -0.1849414 0.2081330 -0.3777732 -0.1359794 -0.4559801 -0.4513607 -0.2631911 -0.1005568 -0.3944958 -0.2159849 -0.4383322 0.0538247 -0.1451184 0.1624745 -0.2911998 -0.4699311 -0.5966222 -0.2178203 -0.3928860 -0.3915953 0.2257903 -0.5606261 0.0511892 -0.2053130 -0.3222498 0.1760443 -0.3730303 -0.3609959 -0.3645898 -0.1084847 -0.1220010 0.3171849 0.3614906 0.2814427 0.2001863 -0.1159811 0.4197633 0.1344701 0.2815068 0.3246192 0.2256941 0.1489900 -0.2117947 0.1164894 -0.0128510 -0.0765714 0.2756821 0.2367829 -0.4509993 0.1127714 0.2831512 0.1607622 0.4500216 -0.0648382 -0.0195721 0.2808379 0.0906788 0.3442384 0.4840219 -0.0881847 0.4711631 0.1163815 0.3170253 0.2742240 0.1866670 0.2994223 0.2751477 0.1476892 -0.0402101 0.0371568 0.2322185 -0.2562481 0.0215719 0.0144447 0.0208995 0.1757864 -0.2960096 0.2541553 0.0037814 0.0073371 -0.1939968 -0.1684379 -0.2621202 0.0531528 -0.3273020 -0.0668420 -0.0155569 -0.0146355 0.4384863 -0.2065557 0.0115624 0.0835166 0.1052652 0.0204275 -0.3386284 -0.0108201 0.1039807 0.1483168 -0.0157477 0.1035860 -0.1946954 -0.1077164 -0.0420859 0.0936733 -0.2646812 0.2348713 -0.0928733 0.2079935 -0.0180522 0.1232408 0.0194799 -0.2311866 0.3513193 0.0565154 -0.1225662 0.2615194 0.5904960 0.3688082 0.2198324 0.2930487 0.3028454 0.1310823 0.4206265 0.4417018 0.2427232 0.5252088 0.3826533 0.7345440 0.4893050 0.1395129 0.2225446 0.0596956 0.1810690 -0.1016485 -0.0538606 0.2065315 -0.0535358 0.1806581 0.1825582 -0.1301716 0.0939385 0.1758018 0.6302690 0.1865731 0.5917381 0.3570325 0.4336638 -0.1308278 -0.0268357 0.0009644 -0.1601597 0.0555874 0.0777332 -0.4836151 -0.2502784 -0.4212871 -0.5294017 -0.3303683 -0.1366107 -0.1505085 0.4575836 -0.4057854 -0.1746709 -0.0356417 -0.5667880 0.5796290 0.4948234
0.0429899 0.0327452 0.4301312 0.1301275 0.6638701 -0.2494657 -0.5278212 0.7419010 -0.0787362 0.5133191 0.7507997 -0.3553391 0.0000000 -0.1807712 -0.2420719 0.6868412 0.2904628 -0.1872204 0.6852975 0.4479960 -0.3949735 0.7093747 0.6560069 -0.0905732 0.6830583 0.6259786 -0.1019846 -0.2483593 -0.1437645 -0.2607464 0.5000234 0.7584752 -0.0352174 0.0880020 0.6273572 -0.0792422 0.7165742 0.6877493 0.3621824 0.0587111 0.7489015 0.2424862 0.6273631 -0.0710081 0.6137584 0.6764135 0.6767554 0.7208280 -0.0450851 0.4303738 0.7673027 0.4250559 -0.0576728 0.3307347 0.6601138 0.7282624 0.8323965 0.4062089 0.2868551 0.8131152 0.7135186 0.5835700 0.7143057 0.5921578 0.2294033 0.7856332 0.7030274 0.5847926 0.7774507 0.6817362 0.6931172 0.2940142 0.7226455 0.5719140 0.7884901 0.7191234 0.4329375 0.7590897 0.7845866 0.6638434 0.7628785 -0.0221141 0.0486593 0.0613399 -0.1506906 0.1045063 -0.1597606 -0.3176161 0.0419168 -0.1508519 -0.0147804 -0.1875974 -0.1160405 -0.1132112 -0.2193449 -0.1426639 -0.0679728 -0.1471757 -0.1191147 0.3375747 -0.1597303 0.0114126 0.0903693 -0.1367467 -0.0724736 -0.1629825 -0.1729456 0.2271650 -0.1339209 -0.0973382 -0.2795430 -0.2160160 0.2726290 -0.0101778 -0.1286733 0.0131795 -0.0438895 -0.1643307 0.1095730 0.0269413 0.1732983 -0.0188100 0.4422265 0.0244731 0.0155042 0.0787491 0.1000279 0.3077300 -0.1456603 0.1719056 0.1448754 0.1236150 0.0761635 0.1723516 -0.0756698 0.3141810 -0.0595100 0.1171671 -0.0260364 -0.5350428 -0.0459048 0.0099887 0.3324420 -0.0284653 0.0493897 0.2751582 -0.0003129 -0.1304608 -0.2862515 -0.1499474 -0.1281122 -0.0383266 0.0406003 -0.1270289 -0.1895614 0.1760688 -0.0878242 -0.1307326 0.0105526 0.0970017 -0.2735032 -0.1284860 0.2245397 -0.0806832 -0.1453181 -0.1112786 -0.2382383 -0.3021107 -0.1992392 -0.1705980 -0.4099446 -0.3114531 0.3155050 -0.0192367 -0.3190257 0.0022807 0.1661986 0.1842824 0.0183252 0.2595254 0.5674628 0.3225594 0.2210840 0.2284635 0.2261547 0.6048527 -0.2129017 0.3094001 0.1865371 0.1568369 0.0175109 0.2639419 -0.1019032 -0.4662386 -0.1476437 -0.2709349 -0.0909453 -0.0139797 0.7545130 0.0559524 -0.1839328 -0.0641875 0.0548415 0.0980071 -0.0366407 0.3727279 -0.1900540 0.1975379 -0.1832923 0.2418637 0.0321821 -0.4947672 0.2577009 0.4207385 0.0175210 0.3668349 -0.2213430 -0.1037350
-0.0513870 -0.0238690 -0.2147144 0.1707099 0.0128367 0.2982661 0.0025807 -0.0349186 0.1832895 0.3016635 -0.2621878 0.1189249 -0.1807712 0.0000000 0.0775557 -0.3830096 0.6420490 0.6884827 -0.2511590 0.0027521 0.1358332 -0.3235109 -0.2814870 0.5958887 -0.1844358 -0.4327873 0.6840164 0.5577428 0.6748952 0.5828568 -0.1771293 -0.1567121 0.4041339 0.4473698 -0.3588244 0.3985086 -0.3575752 -0.1851433 0.1220564 0.0559466 -0.2488478 0.3395509 -0.1760578 0.3415364 0.1825807 -0.3342729 -0.3957326 -0.2856555 0.4405065 -0.1301273 -0.3166185 -0.0905619 0.6110094 0.0482629 -0.2164207 -0.2563281 -0.2781381 0.0360910 -0.0386150 -0.3013549 0.1326470 -0.2737375 -0.2168198 -0.0306825 0.1973832 -0.1454733 -0.3813983 -0.0733126 -0.1203506 0.0443304 -0.3069711 0.0720270 -0.1438450 -0.1441187 -0.2169528 0.0787509 0.0060903 -0.1416078 0.1046765 -0.1396561 -0.1985825 -0.2008990 0.3132742 0.4710909 0.2475290 0.4142542 0.1714003 0.1757892 0.1465653 0.1010047 0.1773177 0.2041745 0.1505682 -0.3378516 0.2391336 0.3091072 0.3444843 0.4228092 0.2499606 -0.2277957 0.2859916 0.4216485 0.5139724 -0.3553764 0.2507466 0.2890857 0.2608603 0.6066891 0.0814544 0.4792317 0.2510001 0.4381218 0.1672934 0.2111097 0.3794593 0.0082746 0.1150182 0.4603107 0.2274056 0.1291625 0.0770248 0.1255719 -0.1520213 0.0776303 0.2344461 -0.2170982 0.0278243 -0.0643790 0.0090168 0.3181271 0.2167838 0.0634983 -0.0359991 -0.2881536 0.3087953 -0.3014313 0.3091362 0.0156347 0.0760917 0.1187055 0.2001691 0.0819558 -0.0598449 -0.0454102 0.1202707 -0.0966093 0.2146073 0.3504645 0.5743159 0.2453534 0.0197838 -0.0044406 0.2306186 0.3710758 0.5027042 -0.0167998 0.3785870 0.3696854 0.3258003 -0.1372851 0.4236003 0.4070966 0.1715962 0.1581602 0.4749826 0.3501913 0.5543052 0.4996814 0.4458401 0.4042461 0.6203895 0.5752458 -0.3354330 -0.0442539 -0.1131877 0.2278885 -0.1013555 0.0448997 -0.1756925 -0.1889738 0.0188512 0.2364937 0.2288153 0.2715466 0.0177909 -0.0853710 -0.0692146 -0.0965344 -0.1659127 -0.1048123 0.0409280 0.1867295 -0.1040587 0.0277528 -0.0956807 -0.1541649 0.1397245 0.2039732 -0.2814863 -0.1387974 -0.3804261 -0.3548721 -0.3932232 -0.3682533 0.1303344 -0.1130253 -0.2055097 -0.0917275 -0.2178805 -0.5427782 -0.3315159 0.0240596 -0.0239155 0.4004468 0.1922802 -0.1399421 0.2234613 -0.3187702
0.3881571 -0.0822534 0.1560691 -0.0863710 -0.1864679 0.2736793 0.4166204 -0.1980637 0.8993672 -0.4997717 -0.2550316 0.9105889 -0.2420719 0.0775557 0.0000000 0.0013815 -0.3208266 0.5715812 -0.0234672 -0.4491547 0.6864267 -0.1978761 -0.2551367 0.4930432 -0.2494392 0.0242014 0.1509739 0.5536792 0.2025504 0.6225867 -0.3444477 -0.0534818 0.2892080 0.1417514 -0.1534118 0.2055869 -0.0734187 -0.0846883 -0.0528126 -0.0416237 -0.2495721 -0.1867934 -0.2291524 0.3619404 -0.0911523 -0.3355973 -0.1474159 -0.3241241 0.1782884 -0.0332571 -0.1974443 -0.0157550 0.1427162 -0.3945048 -0.0190694 -0.2154323 -0.2389948 -0.3668140 -0.3005767 -0.2271579 -0.2063631 -0.2871278 0.0961179 -0.2015500 -0.0186892 -0.2147369 -0.2920262 -0.4811085 -0.1573258 -0.3752140 -0.2971703 0.0878295 -0.4072084 -0.0339574 -0.1122660 -0.2725298 0.0998126 -0.2539630 -0.3350806 -0.3258838 -0.1785721 -0.0591349 0.3393633 0.2210972 0.0259939 0.0826135 -0.3978983 0.3917969 -0.0880914 -0.0055461 0.0977442 0.0164903 0.0259748 -0.2613530 -0.1512536 -0.2490747 -0.2381556 0.0907798 -0.0517040 -0.6289576 -0.1418939 0.0792496 0.1846904 0.2593613 -0.1989291 -0.2535950 -0.0030366 0.1200049 0.1306632 0.2365624 -0.2617162 0.2419007 0.0633641 0.1096481 0.1430702 0.0212813 0.1570870 0.0637258 0.0721002 -0.2354935 -0.1216495 0.1482558 -0.3602182 -0.0186897 -0.2247215 -0.0836570 0.0565210 -0.5598052 0.1084481 -0.1955642 -0.1964160 -0.4566279 -0.3899806 -0.3050225 -0.1544174 -0.4764110 -0.2497530 -0.1283444 -0.1499260 0.3883349 -0.4994697 -0.0902062 -0.1047996 0.0722631 -0.1186366 -0.5153139 -0.2084216 -0.1267047 -0.1227908 -0.0657821 0.1046338 -0.4380307 -0.3061576 -0.3323412 -0.1353918 -0.4523187 -0.0068681 -0.3567532 -0.0715320 -0.1051636 -0.1476069 -0.1592441 -0.4184754 0.2118897 -0.1599955 -0.4039479 0.0251794 0.5161537 0.1432573 0.0167116 0.0403233 0.0758728 -0.0087552 0.2023231 0.2024588 0.2348208 0.4898345 0.3804581 0.6084839 0.3667947 0.0873774 0.0499546 -0.1704204 0.0106338 -0.2486975 -0.1430930 0.0178167 -0.2087059 0.0883046 0.1253445 -0.2294506 0.0823591 0.1973143 0.4587035 0.0412210 0.4799601 0.3177582 0.3707032 -0.1947794 -0.0192651 -0.0572452 0.0243297 0.3192313 0.2508986 -0.5823676 -0.3646386 -0.5006335 -0.6043218 -0.3719271 0.0058420 -0.0077792 0.4671705 -0.5392289 -0.2100190 -0.0853775 -0.6249327 0.5615377 0.4222582
0.1809616 0.0114577 0.2431800 -0.0602195 0.2087374 -0.2639389 -0.4043948 0.5333788 0.1604903 0.2036814 0.8195814 -0.2435926 0.6868412 -0.3830096 0.0013815 0.0000000 0.0733889 -0.1283697 0.9101878 0.2182633 -0.3928714 0.7088950 0.9013358 -0.0281099 0.8012796 0.9545398 -0.0726063 -0.0924440 -0.4835726 -0.1127859 0.3221325 0.8371141 0.1414633 0.0411543 0.8910755 -0.3386865 0.8717081 0.6778995 0.6242399 0.3110950 0.6320774 -0.1924855 0.8161975 0.2442130 0.3231976 0.7365894 0.7477597 0.7056399 -0.0041092 0.5351247 0.8749500 0.7212250 -0.3396598 0.3950042 0.5676944 0.7287497 0.8226927 0.2887133 -0.2049587 0.8541652 0.2731618 0.7520195 0.5644776 0.2613696 -0.1970758 0.5409359 0.7862716 0.5962177 0.5128262 0.4148181 0.5414558 -0.0781945 0.6927660 0.1755146 0.5957472 0.4453635 0.0631469 0.4603347 0.3377897 0.3899288 0.3286176 0.2319901 0.0621390 -0.2406524 -0.2808168 -0.2491040 -0.3184730 -0.2654431 -0.2459827 -0.2683955 -0.2362693 -0.1898523 -0.1376906 -0.0562465 -0.3370272 -0.2681777 -0.1242793 -0.3486892 -0.2972678 0.1369328 -0.3408353 -0.2904252 -0.2108294 -0.1387898 -0.1688403 -0.2614300 -0.4132232 -0.0400227 -0.2341875 -0.3168127 -0.3641180 -0.3781297 0.1919867 -0.1921167 -0.2681470 -0.0141554 -0.0373329 -0.3095367 0.0943851 -0.0625483 0.0197624 -0.0865918 0.1967081 -0.0175586 -0.1412607 0.1314043 -0.1394707 -0.0969837 -0.1374389 -0.3981539 -0.2480021 -0.4126675 -0.3656631 0.0719435 -0.4123949 0.1895260 -0.4455738 -0.0695118 -0.2868503 -0.1436403 -0.2111509 -0.0830698 0.0172735 0.0047345 -0.2434999 0.1862221 -0.2950820 -0.4178640 -0.4995679 -0.0988549 0.2062437 -0.1160588 -0.1732833 -0.2896551 -0.3379325 0.1582003 -0.2624248 -0.3001231 -0.3201858 0.1743989 -0.3696893 -0.2469818 0.0101152 -0.0530883 -0.2637634 -0.2463711 -0.3902251 -0.2670083 -0.3454642 -0.2449433 -0.5121666 -0.4009908 0.1411943 -0.0822585 -0.2730335 -0.1522293 0.1021538 0.0246449 0.0732079 0.2337415 0.2135097 -0.0004122 -0.2215495 -0.0816223 -0.0928371 0.1065609 -0.2578046 -0.0385054 -0.0761335 -0.0535804 0.1023891 -0.0309967 -0.1371924 -0.1822476 0.0464320 0.0308084 -0.1071908 -0.3454087 0.3365375 0.1524913 -0.2305094 0.1440548 0.4083783 0.3704345 -0.2672832 0.0941388 -0.2012798 0.2250636 -0.2201956 0.3285168 0.4213449 -0.2228621 -0.1715882 -0.0325659 -0.1817240 0.2879220 0.1102041 0.1678429
0.0280944 0.1586360 0.0158876 0.1672419 0.3821797 0.0786355 -0.1996837 0.3632271 -0.1336330 0.7491243 0.3328698 -0.2867755 0.2904628 0.6420490 -0.3208266 0.0733889 0.0000000 0.1145993 0.1348342 0.5522074 -0.1863264 0.1121214 0.3302341 0.1492167 0.3109308 0.0310642 0.4046683 -0.0866325 0.3949011 0.1746716 0.3831931 0.3023837 0.0044381 0.2614610 0.2085421 0.3535129 0.2693208 0.1516517 0.4345932 0.3638952 0.2491211 0.5225009 0.3168507 0.1128436 0.4656373 0.2226235 0.2198782 0.2978082 0.2744929 -0.1400561 0.3159568 0.3627054 0.3780459 0.5655963 0.1352493 0.1294681 0.3108425 0.4714748 0.2752087 0.3574963 0.5075737 0.3949236 0.0949120 0.2254050 0.2711007 0.3361192 0.2575811 0.4309680 0.3025261 0.3961368 0.1995945 0.0971218 0.3969321 0.0744793 0.2133487 0.4165186 0.0249964 0.2410323 0.4526817 0.1675208 0.2195545 -0.3432484 0.0699239 0.2330914 0.1359794 0.0664323 0.1866839 -0.1101921 0.0237472 0.0719486 0.1809798 0.1292405 -0.0458332 -0.1675003 0.1214025 0.2099911 0.2623363 0.1176516 0.2210106 0.1615548 0.2533307 0.2759666 0.1170050 -0.3068749 0.1587877 0.1938504 0.1079992 0.2990968 0.0872878 0.2706841 -0.0131909 0.1666085 0.3669586 0.1873388 0.1061499 0.1220853 0.0705822 0.2054135 0.2204620 0.2216124 0.2018072 -0.0250682 0.1791558 0.2236302 0.2998117 0.0489790 -0.0488440 0.1968128 -0.0603506 0.1721044 0.2000945 -0.0256384 -0.0160414 0.0274556 -0.0400796 -0.0394896 0.1130112 -0.0246705 -0.0718814 -0.1121143 0.1821464 -0.0375071 0.0372914 0.0136665 0.0551591 0.0719460 0.0542091 0.0684690 0.2279906 0.0813866 0.0964638 0.0670105 0.1747534 0.2270407 0.2475704 0.1455903 0.1688967 0.2691529 0.2383465 0.0169421 0.1708754 0.1963368 0.1942194 0.0142144 0.2317150 0.2997657 0.1470798 -0.0826782 0.1083009 0.1504895 0.1774752 0.1512436 0.0415189 0.0706978 -0.1108494 0.0155253 -0.1890007 -0.1607463 -0.1993428 -0.0532711 0.1462862 0.4572712 0.4708831 0.4591712 0.3416359 0.1778358 0.0181245 0.0460198 -0.1167532 -0.0028118 0.1760729 0.1249823 -0.2863068 -0.1050485 0.0382567 -0.1706046 -0.0163454 -0.0154760 0.0823004 0.0091048 -0.2829931 -0.3260896 -0.4051852 -0.2672167 0.2998031 0.2891427 -0.1558879 0.4426037 -0.1038439 -0.4087953 -0.2813920 -0.2565001 0.1737789 0.4845058 0.0773307 0.5053543 -0.0589647 -0.3658091
