0.0000000 0.2745517 0.4557507 -0.0085600 0.4254920 0.1504130 0.5699994 0.0533158 0.2250070 0.4153455 0.1361331 0.5218383 0.1347823 -0.1214634 0.1156888 -0.2786832 -0.0629915 -0.1219036 -0.4508567 -0.1141192 0.5954082 -0.0975201 -0.2133904 -0.1285225 -0.2816973 -0.3635952 0.1046441 -0.0788881 0.4220195 0.1212857 0.0074620 -0.1836531 -0.2719138 -0.2635924 -0.2794722 0.4935829 -0.1398355 -0.3674483 -0.1361631 -0.0077694 -0.3640429 0.3254675 -0.2609595 -0.3152625 -0.0605595 -0.4601328 -0.3534953 -0.3642450 -0.3368271 -0.6062868 -0.3442387 -0.1586727 -0.3039702 0.0188084 -0.5658225 -0.4903909 -0.3418296 -0.1132439 -0.0242404 -0.4169367 -0.1198725 -0.2814382 -0.4171271 -0.1964783 0.0036216 -0.4612533 -0.5090804 0.0053820 -0.3302880 -0.2517125 -0.4334213 -0.3213080 -0.3639437 0.2971286 -0.5220790 -0.2489285 -0.1283565 -0.3142847 -0.2437930 -0.2043614 0.2821465 -0.2146475 -0.1578909 0.0503904 -0.2067089 -0.0790785 -0.1827908 0.1274490 0.0169509 -0.1724471 0.1492831 -0.1781415 0.0061824 -0.1119424 0.0243928 0.0105020 -0.0032162 -0.0903667 -0.1276206 -0.2902213 -0.3466687 -0.0140301 0.1414686 -0.3618510 0.0247386 -0.2480658 -0.1488757 0.1289142 -0.1176367 -0.1683607 -0.2819197 -0.3059392 0.0794768 -0.0868249 -0.3647099 -0.2236502 -0.3367308 -0.3409199 -0.4063276 -0.1729363 -0.3035252 -0.1950734 -0.0231736 -0.0866597 -0.2528738 -0.0665166 -0.3186474 -0.0396672 -0.0177469 -0.2562485 -0.2947178 -0.0475247 -0.0926245 -0.1811356 -0.1040101 -0.0565986 -0.2178341 -0.0641893 -0.0689214 0.0368514 -0.0456558 0.0355782 0.0693539 -0.2182432 -0.3219727 -0.1056753 -0.2180828 -0.1025698 -0.1550918 -0.1579433 -0.3650502 -0.2130602 -0.1916767 -0.1335495 -0.0451808 -0.0802375 -0.0248114 -0.2353902 -0.1209517 -0.3482054 -0.0958487 -0.0441059 0.0192955 -0.3065563 -0.2011658 -0.3174473 -0.0997613 -0.2444994 -0.1734572 -0.2766284 -0.1972555 -0.3150445 0.2437042 0.2079266 0.6312491 0.6620950 0.5412754 0.4218945 0.5887657 0.5941918 0.4172930 0.5161852 0.1791194 0.3308189 -0.2480088 0.2619126 0.0078134 0.5493451 0.0893039 -0.0583795 0.1740679 0.0629185 0.2633637 0.3091797 0.0587667 0.3237301 0.1267208 0.2376664 0.5262523 0.1379768 0.1851163 0.1664523 0.1642846 0.2154792 0.4047501 0.3291817 0.0763019 0.1444735 -0.0333264 0.5023108 0.2446872 0.3030811 0.4556392 0.3225770 0.4569240 -0.0185379 0.1515393 0.5077893
0.2745517 0.0000000 0.7009562 0.7216690 0.5821544 0.4932057 -0.1264363 0.7738320 0.0720391 0.5178123 0.6865003 -0.1194417 0.6723695 -0.1434658 -0.2335419 0.3787624 0.4369765 -0.2761755 0.2026679 0.0195039 0.1797994 0.4802020 0.0210741 -0.6704120 0.2957800 -0.1120077 0.5477879 -0.1750813 -0.4360782 0.3979375 0.0256148 0.1161639 -0.6762251 -0.6960909 -0.3273942 0.2626473 -0.1854951 0.2550920 -0.3508072 -0.2210450 -0.1478022 0.5263090 -0.1602968 -0.5585560 0.4416774 -0.1804329 -0.3071876 0.2772262 -0.7469367 -0.0797349 -0.2471964 -0.1707760 -0.7063161 -0.4699072 0.0322265 -0.2028800 -0.1777543 -0.7190424 0.4882337 -0.1734950 0.4653460 0.0478518 -0.0252671 -0.7592531 -0.4861675 -0.0841461 -0.0516769 -0.1886818 0.2300996 -0.7573277 -0.0031447 -0.7623340 -0.0091147 -0.0178278 0.0908788 -0.0748783 -0.0254204 0.2181015 0.0991877 0.4148347 0.1965079 0.2081163 0.3097763 0.4974368 0.3238271 0.4842251 0.5308942 0.4951356 0.5896051 0.4776492 0.3674139 0.0488837 0.2895290 0.1906670 0.5872224 0.2533161 0.3332014 0.1115199 0.5498665 0.2331173 0.3565379 0.1066397 0.5313510 0.0356407 0.2601218 0.3470196 0.1434661 0.2731564 0.0235551 0.3302109 0.3822847 0.0488014 -0.0425022 0.3633032 0.1675314 0.1466417 0.2162002 0.0678693 0.1037914 0.2874531 0.1198421 0.1138748 0.3574356 0.1603076 0.2693898 0.2539628 -0.0712235 0.2434096 0.2949404 0.1770605 0.1813844 0.1963379 -0.0095942 -0.0039985 0.1279109 0.1085031 -0.0138228 0.1664284 0.0898796 -0.0397492 0.3314932 0.1422081 0.5487821 0.1230771 -0.0453409 0.1052575 0.0015988 0.0824002 0.4825324 0.0014860 -0.0428574 -0.1579658 0.1044224 0.2869126 0.1313340 0.1413577 0.3382151 0.0706424 0.2732054 -0.0155716 0.1567380 -0.0289881 0.2566408 -0.1085051 0.2351022 0.0484674 0.0861875 0.2407934 0.1984520 0.1915631 0.3564267 0.3528193 0.1944292 0.1071575 0.7910766 0.5392610 0.0359019 -0.1492654 0.1052881 0.2359356 -0.1436269 0.1451453 0.4061652 0.2951889 0.3888532 0.5057450 0.3230654 0.0964861 0.2592884 0.2098533 0.2625776 -0.0246326 -0.1381230 0.0898520 0.2027232 -0.0143504 0.1966247 0.0451269 0.0615807 0.2188946 -0.3173441 -0.1297569 0.1534913 0.1958283 0.3014727 0.1922253 0.1883549 0.0611845 -0.0781092 0.1094936 0.4381844 -0.1651940 0.2677661 0.0161098 0.4756743 0.2227786 0.4276749 -0.0385117
0.4557507 0.7009562 0.0000000 0.6112400 0.7006509 0.4321580 0.1714402 0.6696919 0.1707814 0.4091640 0.5813052 0.2596056 0.7495047 -0.4128863 0.0034111 0.2367261 0.2582142 -0.3640235 0.1026649 0.3743809 0.3741476 0.5279288 -0.1302518 -0.4243273 0.1137498 -0.3488872 0.2686543 -0.3758404 -0.1060958 -0.1145804 0.4125184 -0.1178927 -0.4589063 -0.4027151 -0.4651696 0.1669138 -0.1830128 0.1263051 -0.6113345 -0.5343662 -0.1176868 0.0764616 -0.3354202 -0.6742280 -0.0282897 -0.3008585 -0.4115317 0.1443275 -0.5650349 -0.3125660 -0.3467500 -0.4517584 -0.4562752 -0.5952480 -0.1361317 -0.3595619 -0.2168606 -0.5151322 0.0235733 -0.3095555 -0.0043929 -0.2475188 -0.2189009 -0.4777181 -0.3545861 -0.1101595 -0.2992163 -0.2344411 -0.1091188 -0.5541886 -0.0901515 -0.4590505 -0.1567299 0.2083142 -0.0229120 -0.0785936 0.0533223 0.3529609 0.0494134 0.4144248 0.5526258 -0.0428321 0.1879341 0.4281646 0.3235914 0.4128754 0.5060189 0.5618205 0.4219191 0.4969769 0.3176035 -0.1748381 0.0896726 0.3522041 0.4274386 0.4480850 0.2726259 -0.0264230 0.4332881 0.0929364 0.2800808 -0.0194234 0.5018540 -0.0130837 0.3946301 0.2642945 -0.0688919 0.1041783 -0.0911562 0.0622981 0.1498103 -0.0597170 -0.1489336 0.0318753 -0.0800236 0.1785380 0.1184568 -0.1433983 0.0504620 0.0545074 -0.0604366 0.0694379 -0.0093442 0.0942040 0.0210041 0.0891787 -0.0424668 -0.1241631 0.1532478 0.0872566 0.0571929 0.0201153 -0.0336509 0.1120343 0.1103841 -0.1514332 -0.0121232 0.0581155 -0.0049115 -0.0474992 0.2399546 -0.1078899 0.5274386 -0.1250448 -0.1391196 0.0082616 -0.1609641 -0.1112796 0.4952012 -0.2313565 -0.2428984 -0.2864365 -0.1386052 0.0492673 -0.1244289 -0.0437538 0.3972723 -0.1321635 0.3779014 -0.2894400 -0.0462916 -0.2334739 0.1281561 -0.1657921 0.0306930 -0.2416143 -0.2004473 0.2468045 0.3853916 0.1688081 0.2797277 0.3393925 -0.0660150 0.2919028 0.6227250 0.6578345 0.2899795 0.0848431 0.4100889 0.2700316 0.1311641 0.1990813 0.0147234 0.0903111 0.2178134 0.5550113 0.4231067 0.5791361 0.3516565 0.2413144 0.2552139 0.1212627 0.2768185 0.2853113 0.2264561 0.2393138 0.2713126 0.2128975 0.3252879 0.3035969 -0.0818163 -0.3516232 0.1350420 0.2033530 0.5436463 0.4835146 0.1506629 0.0142514 -0.0451618 0.1933554 0.2686343 0.1937227 0.4351392 0.2794066 0.2307310 0.1168289 0.3281688 0.2154283
-0.0085600 0.7216690 0.6112400 0.0000000 0.4974609 0.5668562 -0.2874667 0.8695665 0.2448139 0.4215374 0.7576395 -0.1014943 0.7630784 -0.1245145 0.0748974 0.5801301 0.4261471 -0.0578524 0.4587978 0.0863461 0.1331222 0.5748476 0.2307566 -0.3257375 0.3574683 0.0127795 0.3430451 -0.0950015 -0.2793343 0.1181587 0.2304238 -0.0037853 -0.3926940 -0.4077652 -0.1306800 0.0136916 -0.1053624 0.3720055 -0.2975914 -0.2776044 0.0722675 0.1442164 0.0381799 -0.4317481 0.1236068 0.0251144 -0.0764075 0.3647346 -0.5167896 0.0828264 -0.0007970 -0.1218178 -0.4300775 -0.3565006 0.1806930 0.0240234 0.0679289 -0.5282190 0.1859757 0.0661327 0.2237846 0.1403309 -0.0082119 -0.4849216 -0.2749373 0.2357467 0.1620921 -0.0749459 0.2856166 -0.4718115 0.2558005 -0.4047676 0.1463469 0.0695469 0.4220378 0.0777392 0.0192096 0.3303555 0.1685678 0.3753657 0.1561491 0.0908989 0.0891755 0.2355263 0.1995516 0.3262279 0.5823044 0.2849235 0.4364006 0.4515814 0.4522619 0.3301075 0.3489015 0.1937221 0.3901446 0.2942214 0.3025548 0.1488522 0.4602754 0.3157363 0.3714185 0.1668927 0.3291488 0.1059638 0.3452533 0.3924927 0.0699444 0.1258286 0.1436515 0.1588998 0.4087687 0.1061749 -0.1439723 0.1652411 0.0391233 0.0118269 0.1133306 -0.1069805 0.0603910 0.0487502 -0.0500757 -0.0711568 0.2671298 0.0813618 0.0330055 0.1974308 -0.2634307 0.0206286 0.2073186 0.1227247 0.1509611 0.1796303 0.1003691 -0.0019080 0.2611332 0.1692101 0.2400435 0.1620499 0.2267506 -0.0528108 0.2129889 0.0687545 0.4053733 0.1515057 0.1158063 0.2760290 0.1097266 0.0730944 0.3583675 -0.0940393 -0.0930991 -0.0847207 0.0235217 0.1773945 -0.1154110 0.0646302 0.4147523 0.0583524 0.3799627 -0.1149960 -0.1315487 -0.2616550 0.2757426 -0.0308445 0.0314575 0.1081717 0.0133305 0.2431319 0.3844784 0.1932499 0.2438434 0.3366443 -0.2272730 -0.0201657 0.4392348 0.3586090 0.0390541 -0.0009733 0.0633396 -0.0470208 -0.2206797 -0.1008737 0.0479910 -0.0246081 0.3039331 0.3850546 0.2208880 0.0136474 0.1824400 0.2155220 0.0392424 -0.0785735 -0.1260126 0.0220438 0.1054969 -0.0028543 0.0957822 0.0101408 -0.0034916 0.0762655 -0.1846032 -0.0286542 0.4045194 0.1214066 0.1206249 0.1168980 0.0845378 -0.1449705 -0.0614248 0.1506706 0.4187966 -0.1292873 0.1669523 0.0004787 0.1929737 0.0098408 0.1476982 0.2161707
0.4254920 0.5821544 0.7006509 0.4974609 0.0000000 0.5386412 0.2924263 0.5721418 0.3254179 0.4886836 0.4858174 0.1702263 0.6003954 -0.2631203 0.0731984 0.1264309 0.1276685 -0.3037110 0.0258352 0.1989996 0.3131611 0.3267567 -0.1415597 -0.3811292 0.1130049 -0.2027951 0.1797541 -0.5413607 -0.0180139 -0.1262043 0.3297301 0.1947164 -0.5825127 -0.4593134 -0.3039649 0.2678754 -0.1086843 0.2506415 -0.6497630 -0.5560933 0.1636565 0.3047305 -0.2603768 -0.7385055 0.1579745 -0.0718285 -0.1880047 0.3570589 -0.5052495 -0.0423284 -0.2646927 -0.3383013 -0.3717592 -0.5369238 0.1926930 -0.0897403 -0.0546986 -0.2135513 0.2251393 -0.1919959 0.2828724 -0.2441295 0.0483605 -0.2500518 -0.1090356 0.1155187 -0.2877481 -0.3643771 0.0527941 -0.3816067 -0.1774619 -0.2863528 -0.3201419 0.2702168 -0.0479115 -0.2104475 0.0623414 -0.0321330 -0.1489047 0.2554957 0.5913243 -0.2533104 -0.0024072 0.1875998 -0.0521401 0.0588832 0.4348188 0.3939019 0.2244403 0.2310574 0.1646401 -0.1678306 0.1328582 0.1300201 0.3793849 0.2559332 0.1255024 0.1378851 0.4597953 -0.0759523 0.1551841 0.0291484 0.1788497 -0.0064567 0.1261473 0.0630098 -0.1423422 0.1168896 -0.1529263 -0.0681853 0.1244295 -0.3687354 -0.2381180 0.0184265 -0.0575226 -0.1009664 0.1100848 -0.0373697 -0.1313299 0.0193276 -0.0052334 0.0752390 -0.0539455 -0.0989102 -0.0082324 -0.0087968 -0.0826874 -0.0192915 0.1967889 -0.0468694 0.0716500 -0.0663262 -0.0399133 -0.1073691 -0.0999456 -0.1812420 -0.1434111 0.1143543 0.0378088 -0.1207331 0.0867469 -0.0710844 0.2575474 -0.1963752 -0.2963662 -0.2115092 -0.2796544 -0.2313407 0.2119889 -0.1922044 -0.3557190 -0.4139142 -0.0847396 -0.0709338 -0.1056140 -0.2136936 0.1999076 -0.2392932 0.0548424 -0.2945321 -0.1586074 -0.0957793 -0.0661737 -0.2977484 -0.0860993 -0.3081986 -0.1579072 -0.0252618 0.0693821 -0.0176580 -0.0262907 0.0079447 -0.0181413 0.1426349 0.6255115 0.5502359 0.2876680 0.0988576 0.2530960 0.1423070 -0.2022060 0.1928836 0.2224181 0.2508351 0.2315434 0.5751565 0.2662097 0.4585950 0.2677718 0.2779613 0.0300808 0.1276689 0.1624533 -0.0325702 0.0231004 0.1480515 0.2373979 0.0887209 0.3725126 0.2376597 -0.1232061 0.0268142 0.2829068 0.0450473 0.7027046 0.3093686 0.2836813 0.0152645 -0.0879855 0.4121691 0.2693215 0.0305898 0.6726319 0.2694491 0.1798029 -0.0997509 0.3127211 0.1202657
0.1504130 0.4932057 0.4321580 0.5668562 0.5386412 0.0000000 0.2574187 0.6165059 0.2353997 0.8232880 0.5122160 -0.2410453 0.4781527 -0.0416651 -0.2682846 0.2489591 0.3661879 -0.1647349 0.2248320 0.2185978 -0.1100446 0.4199538 0.1982754 -0.3175595 0.2790013 0.1036206 0.4415619 -0.3715003 -0.1262347 0.0171604 0.3292089 0.2397192 -0.5408631 -0.3719764 0.2825565 -0.2565767 0.2326791 0.2961591 -0.0154645 0.0068915 0.3069629 0.1173942 0.4007188 -0.4808820 0.2071880 0.2564175 0.3160341 0.3524265 -0.5147614 0.1177260 0.3125054 0.3421814 -0.3513917 0.0294888 0.1116702 0.2562029 0.1819701 -0.1640939 0.2209351 0.2191168 0.3559850 0.4937955 0.1212164 -0.3947914 -0.1430873 0.0680754 0.2170198 0.3936311 0.3756371 -0.1520771 0.1518354 -0.3617623 0.3690918 -0.1305069 0.0538394 0.2522962 -0.2340774 -0.2042128 0.2660166 0.1124813 0.2857837 -0.4696435 -0.3963453 -0.1489273 -0.2367757 -0.1125584 -0.0337582 -0.0645134 -0.1167519 -0.1283916 -0.1610913 -0.0583986 -0.0091921 -0.4149198 -0.1529480 -0.2308916 -0.0531937 -0.1087412 -0.0858432 -0.2886166 -0.2456728 0.0005958 -0.0970201 -0.4150550 -0.1010502 -0.3019541 -0.0955264 -0.1245583 -0.2981885 -0.1819016 -0.2218358 -0.3185539 -0.5772401 -0.3529507 -0.3800686 -0.3865579 -0.2903940 -0.4243598 -0.3445373 -0.3627644 -0.3727687 -0.3592059 0.1922216 -0.3917883 -0.2650546 0.0002638 -0.4953864 -0.1397718 0.2272170 -0.4998707 -0.1456031 0.0579606 -0.2812025 -0.4852705 -0.0321396 -0.1332382 -0.3296257 0.3068198 0.0834291 -0.3595155 -0.2513161 -0.1256868 0.0221188 -0.0993532 -0.1279498 -0.3964804 -0.2265546 -0.3080608 -0.1277386 -0.2530631 -0.2750948 0.0075657 -0.1391040 -0.3824009 -0.2429159 -0.2454536 -0.0291191 -0.2792956 -0.0284693 -0.1683130 -0.3445358 -0.3223302 -0.2375458 -0.1089778 -0.2247784 -0.3076871 -0.4188391 -0.3457216 -0.1101540 -0.3348550 -0.3494480 -0.2166132 0.1843387 0.3586982 0.5872686 0.1911398 -0.1858959 -0.1561956 -0.2410213 -0.3705161 -0.5557991 -0.3725495 0.0046166 -0.2658113 0.1456992 0.2847193 -0.0227576 -0.0764525 -0.1015135 -0.0702449 -0.2603622 -0.3027058 -0.2430821 -0.2154937 -0.1611038 0.0704420 -0.0167526 -0.3150034 -0.1888827 0.2110548 0.2499203 0.2952492 0.0235044 -0.1621281 0.1194919 0.3899312 0.4291067 -0.0445891 0.2971279 0.2110230 0.0875032 -0.2743649 0.3380498 -0.2667654 0.4349054 0.0689112 0.5254641 0.0505812
0.5699994 -0.1264363 0.1714402 -0.2874667 0.2924263 0.2574187 0.0000000 -0.2069132 0.1340608 0.2731995 -0.1602763 0.4999206 -0.1615791 -0.1528054 -0.1203240 -0.2664751 -0.2725952 -0.2080453 -0.2822723 0.1644764 0.3883341 -0.1444000 -0.0934908 0.1434537 -0.1526686 0.1090411 0.0841039 -0.2366436 0.4399194 -0.0943097 0.1384005 0.0724843 -0.0588338 0.0801614 0.1301738 0.0710576 0.4109883 -0.1873005 0.1108979 0.0909504 0.0525211 -0.0772004 0.1018767 -0.1358403 -0.1967779 0.0003879 0.1400824 -0.1190600 0.0103654 -0.2255098 0.1470408 0.1952004 0.0883866 0.2434623 -0.2741672 -0.0364371 0.1317969 0.2968685 -0.2667202 0.0490927 -0.1530977 0.0860029 0.0225707 0.1883592 0.0879882 -0.2039681 -0.0870827 0.1125909 -0.0592241 0.1987368 -0.0432229 0.1268265 -0.0619834 0.0003800 -0.4387262 -0.1693491 -0.1329805 -0.2638599 -0.0675673 -0.1941625 0.2947417 -0.4959014 -0.3277067 -0.3007019 -0.3776749 -0.4486130 -0.4040387 -0.0033142 -0.4550038 -0.3760239 -0.1760291 -0.4073693 -0.1925558 -0.2261908 -0.2096715 -0.0200018 -0.0382875 -0.0850351 -0.3279983 -0.4844253 -0.4683327 -0.1369068 -0.2693366 -0.3498260 0.0322764 -0.4643627 -0.3086303 -0.1766635 -0.3227279 -0.2628621 -0.5045277 -0.3833884 -0.1833572 -0.3714369 -0.4978542 -0.2004157 -0.3232360 -0.3026070 -0.2657510 -0.3071750 -0.1969898 -0.0915259 -0.0366450 -0.0853590 -0.2594242 -0.1073996 -0.0222765 -0.0138231 -0.0471092 -0.3154915 -0.1303087 -0.0279509 0.0931595 -0.2263734 -0.2522204 -0.0763358 -0.2064147 0.0198836 0.0286430 0.0247687 -0.1240264 0.0188491 -0.0324633 -0.2268087 -0.1786374 -0.2780617 -0.1178786 -0.1297155 -0.1551140 -0.1161100 -0.4606418 0.1520269 0.0417056 -0.2902480 -0.0776700 -0.1019212 -0.0021144 -0.0699449 -0.0508421 -0.3158026 -0.0985527 0.0745361 -0.2070063 0.0699873 -0.0670616 -0.1424682 -0.0746702 -0.1845470 -0.1267883 -0.0994852 -0.2175165 -0.2483024 0.2426412 0.2476592 0.3173431 0.3732415 0.5339239 0.5356456 0.3744025 0.1375147 0.2151006 0.1048248 -0.2416280 -0.0964441 -0.4075412 -0.1992947 -0.3113860 0.2363637 0.0240153 0.0207739 -0.2130597 0.0850762 0.4094633 0.0717393 -0.1225755 0.3866763 0.2124074 0.0907490 0.2424980 0.2076194 0.4884572 0.2931290 -0.0504502 0.1001888 0.2976686 0.3691514 0.2464700 0.1162348 0.2789265 0.3682486 0.0542752 0.3475220 0.3153482 0.2420472 0.1446178 -0.0231375 0.3867424 0.3294903
0.0533158 0.7738320 0.6696919 0.8695665 0.5721418 0.6165059 -0.2069132 0.0000000 0.3646782 0.4911306 0.8470627 -0.1318132 0.9003298 -0.0393748 0.0436982 0.6053766 0.4887504 -0.0240710 0.4675755 -0.0193048 -0.0347740 0.7035772 0.2578119 -0.4047553 0.4135624 0.0485030 0.4974768 -0.1908607 -0.3095557 0.1241968 0.2556412 0.2237307 -0.4734190 -0.4391619 -0.0188905 -0.0710518 0.0660604 0.5228735 -0.2885046 -0.3264429 0.1973893 0.2903409 0.1451243 -0.6028278 0.3570757 0.0931169 -0.0276834 0.5026386 -0.5503262 0.1839206 0.0587976 -0.0237348 -0.4361619 -0.3673794 0.2664402 0.0608664 0.1427038 -0.5244227 0.4669038 0.1364953 0.4538452 0.1911776 0.2265880 -0.4996324 -0.1630699 0.2613279 0.1331415 -0.0479941 0.3479892 -0.5159249 0.2486225 -0.5187846 0.2063683 -0.0191705 0.3961027 0.2554821 -0.1016849 0.3408433 0.3698725 0.4613720 0.3700132 -0.0814173 0.0870283 0.3222056 0.2582860 0.3439033 0.4108076 0.4338413 0.4487216 0.4549489 0.2480321 0.1270973 0.1409953 0.1865275 0.3410532 0.1354467 0.0862589 0.0189023 0.4576509 0.2597670 0.3170492 0.0233152 0.2635538 0.1068872 0.0954122 0.1970387 -0.0942580 0.0537049 -0.0832467 0.1354181 0.2618983 -0.1551530 -0.3312186 0.0610994 -0.0452428 -0.1449176 0.0791759 -0.2082130 -0.0712213 -0.0513165 -0.1155370 -0.1541653 0.1329414 -0.1529322 -0.0349469 0.0538567 -0.2757360 -0.1097608 0.1818335 0.0094294 0.0891000 0.0836895 0.0274817 -0.0844416 0.1285926 -0.0509628 0.1145238 0.2442314 0.2815072 -0.2992880 0.1338302 -0.0270881 0.3631549 -0.0724445 0.0541778 0.0493316 0.0807785 0.0579158 0.3321810 -0.1893484 -0.1809981 -0.2839154 0.0714170 0.0339243 -0.1034388 -0.1698920 0.3306485 -0.0106328 0.3151911 -0.1341288 -0.1496331 -0.2907316 0.0103359 0.0429684 0.0455855 -0.0712226 -0.1481543 0.1504676 0.4521633 0.1325481 0.1767000 0.3353487 -0.1104413 -0.1015392 0.4369481 0.2784403 -0.0489684 -0.0163191 -0.0939648 -0.1414030 -0.2771565 -0.1374988 0.2609901 0.0871075 0.5923832 0.4927207 0.4590120 0.1642539 0.0916709 0.0799020 -0.0577006 -0.3051273 -0.2951649 -0.1633918 -0.0728291 -0.1658100 -0.0682728 -0.2770743 -0.0724780 0.0079187 -0.3085902 -0.1822405 0.1911449 -0.1720418 0.3621713 0.2904467 0.1040883 -0.2532976 -0.0691053 0.0606983 0.2713742 -0.3320519 0.2754861 -0.1454266 0.2489219 -0.1678773 0.3061940 -0.0141216
0.2250070 0.0720391 0.1707814 0.2448139 0.3254179 0.2353997 0.1340608 0.3646782 0.0000000 0.2194785 0.3830618 0.4778752 0.3673795 0.5610184 0.6704586 0.2039311 0.1681985 0.6144427 0.1070956 -0.4235207 0.1628639 -0.1167326 0.2291210 -0.0027478 -0.0372590 -0.0831588 0.3231782 0.3044799 0.0131375 0.0369483 -0.2475603 -0.0328654 -0.0766083 -0.1619415 -0.0447003 0.0594256 0.0701700 0.0404802 -0.1423136 -0.1686745 -0.0784105 0.0207028 -0.0147434 -0.3311051 -0.2158502 -0.1311513 -0.2019079 -0.0163884 -0.1226183 -0.0211608 -0.1659408 -0.0443196 -0.1456816 -0.1120778 -0.0244658 -0.2683325 0.0508919 -0.2553382 0.0893225 -0.0471825 -0.0991242 -0.1039723 -0.1252691 -0.0894401 0.0235769 0.2241068 -0.1708175 -0.1250728 -0.1979198 -0.3543288 -0.0933083 -0.3135794 -0.0553169 -0.0951215 -0.0812892 -0.1462828 -0.3848478 -0.1833624 -0.1718381 -0.1676952 0.1608701 -0.3247405 -0.2674934 0.0164707 -0.0986481 0.0175851 -0.0317767 0.2670590 0.1264198 0.0273857 0.0010682 0.0201764 -0.3722632 -0.0498716 -0.0247658 0.0644548 -0.4535196 -0.3873965 -0.0523322 0.0843428 -0.2454905 -0.3334389 0.0140094 0.0192617 -0.3608123 -0.2324540 -0.2328409 -0.0353209 -0.4966825 -0.1571257 -0.3510161 -0.4992993 -0.2379660 -0.2334250 -0.4318229 -0.5702981 -0.3380464 -0.5358111 -0.4950682 -0.4456665 -0.5119786 -0.5135620 -0.5508086 -0.5431525 -0.5863020 -0.5623546 -0.3086880 -0.5783583 -0.3447267 -0.4796879 -0.4453856 -0.5475775 0.0476596 -0.2985589 -0.4689136 -0.5135896 -0.1620318 -0.2543594 -0.0621726 -0.2398031 -0.3511696 -0.3183595 -0.4861788 -0.5826907 -0.3967485 -0.2215856 -0.2562619 -0.2249019 -0.3188461 -0.5814261 -0.6349739 -0.4938078 -0.3780956 -0.3216090 -0.3185748 -0.4963033 -0.3822498 -0.4081136 -0.4329574 -0.6150029 -0.4532900 -0.5056188 -0.3994238 -0.3087292 -0.4903161 -0.3816463 -0.3611481 -0.2968599 -0.0640489 -0.3913549 -0.3270901 -0.1975207 -0.3219875 -0.3888404 0.1384563 0.2133830 0.2654975 0.3858027 0.1282173 0.1397231 0.1798703 0.1599555 0.1214004 0.2067109 0.1273797 -0.0548656 0.1224337 0.1787484 -0.1926885 -0.0307306 -0.1811812 -0.1707555 0.1966159 -0.0663613 -0.3399198 0.0004869 -0.1793026 -0.1528419 0.1632215 -0.3233584 -0.2528830 0.1454624 -0.0524168 -0.4586416 0.3310112 0.2719013 0.1426572 -0.5398264 -0.4286726 0.4612056 -0.0071656 -0.0474533 0.3506945 -0.0172924 -0.0054330 -0.7206553 0.0628026 0.1104821
0.4153455 0.5178123 0.4091640 0.4215374 0.4886836 0.8232880 0.2731995 0.4911306 0.2194785 0.0000000 0.4102800 -0.1712988 0.3438047 0.0208854 -0.1384207 -0.1463236 0.3748301 -0.3018320 -0.2624164 -0.0540864 0.1815989 0.1558215 -0.1385065 -0.5921871 -0.1859017 -0.2849056 0.4265146 -0.2053229 -0.0602611 0.3941564 0.0978863 -0.1293497 -0.7511517 -0.6836346 0.0214125 0.1855117 -0.1374576 -0.1306246 0.0092399 0.2579841 -0.0837998 0.4604944 0.1213861 -0.3667894 0.3476957 -0.1994038 0.0064900 -0.0663104 -0.7814541 -0.3153438 0.0123245 0.2302347 -0.6854581 0.0582061 -0.3061361 -0.1338652 -0.2638002 -0.3580008 0.3643281 -0.1668759 0.4214525 0.3537297 -0.1000578 -0.6515227 -0.2429345 -0.4090250 -0.1208358 0.3429319 -0.0182137 -0.3103922 -0.2945304 -0.5773043 0.1023959 0.1451038 -0.3485452 0.2331178 -0.0269125 -0.4360112 0.1042691 0.2045264 0.0820676 -0.2533431 -0.2823489 -0.0343371 -0.2386806 0.0179938 -0.1942393 -0.0801807 0.0154032 -0.1698050 -0.0297425 0.0317048 0.1013214 -0.4098665 -0.1557362 -0.1094041 0.1077559 0.0207860 -0.0950973 -0.2414423 -0.2515591 0.2180587 0.0358230 -0.3659849 -0.0247547 -0.3360208 0.1373550 0.0767292 -0.1296785 -0.0439430 -0.1645239 -0.1612081 -0.3198714 -0.2059325 -0.2927236 -0.3836739 -0.3472890 -0.4245958 -0.4247591 -0.2028587 -0.3432905 -0.2957953 0.2376460 -0.2537873 -0.2194028 0.1888299 -0.4266459 -0.1882504 0.4358138 -0.4164577 -0.1821679 -0.0736555 -0.2624308 -0.2756373 -0.1352662 -0.1532805 -0.4566314 0.4673871 0.0731329 -0.0450948 -0.1535660 0.2001482 -0.0018394 0.0204453 -0.1702313 -0.3696022 -0.1862073 -0.1778424 -0.1815912 -0.0444755 -0.1289221 -0.0275538 -0.0394670 -0.2226015 0.0697913 -0.1088009 -0.2633071 -0.1428015 -0.2860601 -0.0679993 -0.0491778 -0.0552644 -0.2252712 -0.3555851 -0.0262018 -0.2973788 -0.3431049 -0.4625926 -0.3385124 -0.3282791 -0.2627616 -0.2877901 0.2871682 0.3590774 0.7146205 0.4901545 0.0643143 -0.0491544 0.0713207 0.0678394 -0.2080897 0.1129085 0.2922965 0.1347458 -0.0221660 0.4977813 -0.1269268 0.0835349 0.0330900 -0.0556838 0.0803701 -0.1957666 -0.1635642 0.1479726 0.1369673 0.3913748 0.2461366 -0.0641231 0.0607840 0.5088921 0.2037128 0.3889294 0.1643161 0.0081455 -0.0056345 0.1446543 0.6032654 0.1937844 0.2949138 0.3379431 0.3463027 -0.0627889 0.1328736 -0.0684588 0.6756972 0.1559810 0.3331700 0.0098922
0.1361331 0.6865003 0.5813052 0.7576395 0.4858174 0.5122160 -0.1602763 0.8470627 0.3830618 0.4102800 0.0000000 -0.1388740 0.6859118 0.1020204 0.1281134 0.7079451 0.7048955 0.1683121 0.4639476 -0.0197244 -0.0539348 0.4205106 0.5016075 -0.3059957 0.3187568 0.1015579 0.5993439 -0.0426471 -0.2884126 0.1996738 0.0920983 0.1797557 -0.3624428 -0.3625087 0.0200515 -0.0421004 0.0621460 0.3216783 -0.1817667 -0.2337577 -0.0626788 0.2190413 0.1184481 -0.5513521 0.2909568 0.0514468 -0.0989394 0.2510005 -0.4462869 0.0372457 -0.0026880 0.0012656 -0.3442327 -0.3516796 0.1006495 -0.0471453 0.1477084 -0.5001766 0.3510880 0.0958042 0.3864018 0.1965422 0.0760577 -0.4001293 0.0087565 0.2940058 0.1509833 -0.0347388 0.2459049 -0.5239718 0.2419042 -0.5149744 0.2890906 -0.0038200 0.4169184 0.2962087 -0.1124759 0.3247250 0.2800162 0.4401378 0.1895443 -0.2080925 -0.1171032 0.2495418 0.1865299 0.4044857 0.4569288 0.4354992 0.5692155 0.4926416 0.4366685 0.2723451 0.1640726 0.0259451 0.4892503 0.2167412 0.0274634 -0.0157228 0.4815705 0.1478510 0.2117328 0.0254595 0.1654356 -0.0213261 0.1387602 0.1909102 -0.1306805 -0.0318910 -0.0697979 0.1456158 0.2996082 -0.1925031 -0.3087511 0.1399927 0.1073573 -0.1058024 0.2345913 -0.0889967 -0.0433316 0.0347335 -0.0240485 -0.0152833 0.1841273 -0.1256994 0.0089092 -0.0068136 -0.3113163 0.0733033 0.1079699 0.0167341 0.1104743 0.2330399 0.0470360 -0.1327998 0.1973783 0.1049991 0.1313083 0.1717100 0.2381742 -0.2891386 0.2409027 -0.0066477 0.2917844 -0.0153056 -0.0339926 0.1241174 0.0326092 0.0596722 0.2790770 -0.2102781 -0.1617037 -0.2585673 0.0372923 0.1774166 -0.0585046 0.0418162 0.3196537 -0.0330853 0.2843634 -0.1018469 -0.1578210 -0.2680108 0.1397510 0.0793806 -0.0544498 -0.0022600 0.0164267 0.1659799 0.3316599 0.0344508 0.0968381 0.1514664 -0.2333513 -0.2581073 0.3854123 0.2299091 -0.0625376 0.0262321 -0.0938954 -0.0961300 -0.2238867 -0.1231688 0.1530385 0.0510343 0.4443118 0.4187908 0.3722429 0.2533544 0.0143437 -0.0681794 -0.0356535 -0.3164747 -0.2641221 -0.2276063 -0.2087502 -0.2497089 -0.2490758 -0.2936484 -0.0112432 -0.1710823 -0.3810126 -0.2275400 -0.0160370 -0.3243961 0.2935885 0.0803303 -0.0075084 -0.4807447 -0.2717671 0.0598517 0.1280458 -0.3811220 0.2471694 -0.0020812 0.2532424 -0.2880687 0.2674516 0.0866165
0.5218383 -0.1194417 0.2596056 -0.1014943 0.1702263 -0.2410453 0.4999206 -0.1318132 0.4778752 -0.1712988 -0.1388740 0.0000000 0.0943724 -0.0115410 0.4603717 -0.2172026 -0.4819876 0.1929476 -0.2677024 -0.2381675 0.7206228 -0.2666344 -0.2731664 0.1776540 -0.2894795 -0.2066535 -0.2096211 0.1807127 0.5019898 -0.1577900 -0.1594231 -0.3115689 0.1545837 0.0839160 -0.3755782 0.4209656 -0.0055378 -0.2047954 -0.2795191 -0.2706840 -0.2837030 -0.1336216 -0.4201704 -0.0825779 -0.5698690 -0.3622554 -0.3715745 -0.2136947 0.0735876 -0.2935770 -0.3815667 -0.4017098 0.0204562 -0.1563376 -0.2869971 -0.4836616 -0.1479015 -0.0676126 -0.4262354 -0.3413976 -0.6176343 -0.5399495 -0.3846068 0.1397350 -0.1570771 -0.1478292 -0.4970878 -0.3885105 -0.3874942 -0.1388740 -0.2680453 0.0853485 -0.4565009 0.1826844 -0.3761505 -0.5328906 -0.0020978 -0.0316530 -0.3683179 -0.2315172 0.2775110 -0.0277314 0.0782458 0.0784103 -0.0146149 -0.0527208 -0.0292752 0.3394821 -0.0088480 0.0218043 0.1365359 -0.3749314 -0.3199671 0.3007282 0.1205062 0.2987227 -0.0822082 -0.3112923 -0.0292888 -0.0167930 -0.1291503 -0.3713648 0.1917946 0.0512693 0.0575124 -0.0958444 -0.2959972 -0.0162269 -0.3246283 -0.1678015 -0.3381052 -0.2627605 0.1769490 -0.1297908 -0.4000973 -0.0603705 -0.2367605 -0.2962341 -0.1765773 -0.2049539 -0.2356595 -0.1222779 -0.3354679 0.0060103 -0.3548896 -0.4014962 0.1552674 -0.2374405 -0.4987671 -0.0677336 -0.3395508 -0.2853752 0.1911713 0.2186059 -0.2317706 -0.1967627 -0.0142091 -0.5531920 -0.2620845 0.2820613 -0.0418929 -0.2173340 -0.0597646 -0.3758191 -0.3754667 -0.0112161 -0.2263009 -0.1372607 0.0710751 -0.3668992 -0.5617152 -0.2689590 -0.2954594 -0.0996799 -0.2300714 -0.2126280 -0.0138393 -0.2318369 -0.0645002 -0.6373845 -0.1437727 -0.1453114 -0.1063742 -0.2578090 -0.2039427 -0.2363928 -0.0942483 0.1003875 0.0736504 0.0488907 0.0670668 0.0944778 -0.1624618 -0.2143936 0.0947038 0.5091216 0.7829667 0.6887983 0.7504703 0.5786228 0.7167310 0.5026635 -0.1752025 0.2134540 -0.2777904 -0.2402990 -0.0213134 0.3395341 0.2806510 0.3336267 0.0858998 0.4411194 0.7745030 0.4588893 0.0505358 0.4199788 0.2807148 0.5047601 0.5431458 -0.0272379 0.0398001 -0.0876642 0.0637843 0.1937418 0.4148740 0.3472701 -0.1527339 0.0411014 -0.2098017 0.5036658 0.1455445 0.6811626 0.3597766 0.5404451 -0.0290757 -0.2326666 -0.1370907 0.3616452
0.1347823 0.6723695 0.7495047 0.7630784 0.6003954 0.4781527 -0.1615791 0.9003298 0.3673795 0.3438047 0.6859118 0.0943724 0.0000000 -0.1291488 0.0084956 0.4699550 0.3160930 -0.0357607 0.4266934 -0.0066133 0.0918848 0.7163965 0.0946471 -0.3792444 0.3933373 -0.1377680 0.3105298 -0.2899025 -0.1222968 -0.0954974 0.3164015 0.1891596 -0.4488053 -0.3763146 -0.1888130 0.0184297 0.0006374 0.5966994 -0.5549879 -0.6060460 0.2309989 0.2474472 -0.0513925 -0.7275981 0.2037626 0.0592749 -0.1239732 0.5546724 -0.5065773 0.1988580 -0.1155681 -0.3103939 -0.3767648 -0.4986571 0.2968926 0.0203597 0.1075785 -0.4238339 0.3618315 -0.0430805 0.2628587 -0.1229899 0.1408425 -0.4131849 -0.2681203 0.2697721 -0.0978986 -0.1329848 0.2186717 -0.4443275 0.1488154 -0.4126232 0.0249806 -0.0299117 0.3765790 0.0819776 -0.1070308 0.4052610 0.2425445 0.3636196 0.4655766 -0.0311931 0.2137139 0.4417787 0.3382026 0.3977778 0.4164810 0.3989294 0.4375077 0.4284644 0.1440695 -0.1610787 0.0190036 0.3112389 0.2818023 0.1086687 -0.0288743 -0.0968241 0.4080907 0.2064909 0.2938763 -0.0342389 0.3909986 0.0611799 0.0424601 0.1834280 -0.0747306 0.1467692 -0.1224603 0.1046646 0.1266689 -0.1613019 -0.2646987 -0.0346062 -0.1150700 -0.0660226 0.0681066 -0.2155458 -0.0270069 -0.0499664 -0.1419374 -0.1765425 -0.0131673 -0.1251764 -0.0874365 0.0313547 -0.2473799 -0.2053664 0.0989315 -0.0084208 -0.0136509 -0.0022047 -0.0428145 0.0421191 0.0332278 -0.2008053 0.0903359 0.0270867 0.1130417 -0.3143553 0.0458211 -0.2929942 0.3203300 -0.1908164 -0.0380813 -0.0115240 -0.1242917 -0.1417851 0.4199636 -0.4110332 -0.3536639 -0.4054568 -0.1792890 -0.0791646 -0.3477671 -0.3291871 0.3649724 -0.2186062 0.3712541 -0.3582098 -0.3258591 -0.4250834 -0.0413122 -0.0341534 -0.0890101 -0.2849129 -0.3299299 0.2605722 0.5550851 0.1785034 0.2153208 0.4527151 -0.1881337 -0.0439347 0.3984346 0.3118456 0.0468587 0.0135394 0.0594938 -0.0170061 -0.1135656 -0.0055661 0.2713280 0.1713453 0.6473243 0.4031768 0.6176183 0.2390400 0.0985303 0.1061179 0.0950500 -0.1981255 -0.1504658 0.0228761 0.0923507 -0.0541393 0.0600531 -0.1585976 -0.0610850 0.0606836 -0.3864944 -0.4046242 0.1041217 -0.1788982 0.4882860 0.3913963 -0.1118385 -0.2103816 -0.1516802 -0.0315283 0.1172083 -0.1799019 0.4026340 -0.0762826 0.1680768 -0.2152285 0.1536246 -0.0115728
-0.1214634 -0.1434658 -0.4128863 -0.1245145 -0.2631203 -0.0416651 -0.1528054 -0.0393748 0.5610184 0.0208854 0.1020204 -0.0115410 -0.1291488 0.0000000 0.2878619 0.1557704 0.3804434 0.8164021 0.1397625 -0.6137214 -0.3047053 -0.4304019 0.3599071 -0.0066457 0.0284407 0.0375421 0.3730674 0.7402418 -0.3139434 0.3901755 -0.6704414 0.1111142 0.1257510 -0.0503124 0.1575368 -0.1122087 0.0602594 -0.0397348 0.3541705 0.3330638 -0.1036285 0.1507757 0.1708452 0.2159673 0.1247841 0.0495123 -0.0559501 -0.1562022 0.1040105 0.0800430 -0.0134525 0.2357953 -0.0279326 0.3280260 0.0339488 -0.0554828 0.1100493 -0.0781759 0.3941221 0.0639790 0.1785862 0.2320435 0.1161998 -0.0985880 0.0979871 0.1864981 0.1936017 0.2705356 -0.1295791 -0.1087255 0.0558840 -0.3381224 0.3567889 -0.5044407 0.0587582 0.1203889 -0.5721078 -0.1127679 0.0287003 -0.2118341 -0.3830690 -0.0224594 -0.1265310 0.0008362 0.0366946 0.1033596 -0.2814369 -0.0333779 0.1413955 -0.0561949 -0.1972015 0.1692163 -0.3226226 -0.1812825 -0.1384517 -0.1523610 -0.5795861 -0.2556882 -0.2145751 0.2810423 -0.2155402 -0.1047921 -0.1467536 0.0277772 -0.5068868 -0.0753066 0.1489746 0.0241916 -0.2540413 0.0848133 -0.2202211 -0.1218393 -0.1636539 -0.0215061 -0.0137072 -0.3623598 -0.0264700 -0.1175879 -0.1408913 -0.0514499 -0.1036738 -0.2345025 -0.3004444 -0.3291687 -0.1571480 -0.2609200 -0.2203681 -0.2624692 -0.1203671 -0.4300577 -0.1828095 -0.4164180 0.1613615 -0.3983972 -0.5670370 -0.3462710 0.0028071 0.0164284 0.1202099 -0.3444703 -0.3820710 -0.1028736 -0.7274333 -0.1978963 -0.0052437 0.0449679 0.0561231 0.0689234 -0.4647164 -0.2593475 -0.1238397 -0.0095597 -0.1798732 -0.1022881 -0.0364461 -0.0126753 -0.5544280 -0.1073248 -0.5064371 -0.0406506 -0.2369470 -0.3225040 -0.0283570 0.0130720 -0.3157313 0.0590440 -0.0121441 -0.1844393 -0.1880496 -0.4231920 -0.2559722 -0.2148012 0.0530564 -0.2954109 -0.1179030 -0.2770769 -0.1638034 0.0209915 -0.2793981 0.0308398 0.0463219 0.0418848 0.3797538 0.2981909 0.2096723 -0.3572900 0.1188485 -0.1865487 -0.6259017 -0.5418088 -0.0288971 -0.4967013 -0.2043670 -0.2068016 -0.2617481 -0.2485839 -0.3351108 -0.3495500 -0.2905926 -0.4279457 -0.4655357 0.2590068 -0.2871621 -0.5196159 -0.3500558 -0.2467117 0.0954776 -0.5934665 -0.6125956 -0.0604187 -0.2682733 -0.4135114 -0.2262392 -0.1919186 -0.1418182 -0.5650193 -0.1291664 -0.1892256
0.1156888 -0.2335419 0.0034111 0.0748974 0.0731984 -0.2682846 -0.1203240 0.0436982 0.6704586 -0.1384207 0.1281134 0.4603717 0.0084956 0.2878619 0.0000000 -0.0242200 -0.0881618 0.4533261 -0.1941847 -0.3298063 0.2908223 -0.3286939 -0.0324182 0.2188209 -0.4150098 -0.2155652 -0.1772293 0.3975098 0.1361686 -0.0514454 -0.1846510 -0.4307107 0.2621346 0.0742981 -0.2140015 0.2186323 -0.2591512 -0.3529503 -0.0890682 -0.0464743 -0.3039636 -0.1862250 -0.2678044 0.1138532 -0.4123129 -0.3999001 -0.3613593 -0.3702954 0.1449178 -0.3008912 -0.2920802 -0.2102900 0.0491992 -0.1333233 -0.2228335 -0.4766480 -0.2302664 -0.1790408 -0.2272166 -0.1872410 -0.3781837 -0.3234402 -0.3259167 0.1571808 0.2612789 0.0270701 -0.3056305 -0.3787585 -0.4784337 -0.1972692 -0.2922389 0.0505297 -0.3315011 0.4379046 -0.1832340 -0.1052297 0.1157492 -0.1257867 -0.2727153 -0.0387749 0.1007692 -0.0716107 -0.1538023 -0.0750523 -0.0824656 -0.0143821 0.0855657 0.2962146 0.1390538 0.1657858 0.2962042 0.3509452 -0.1422163 0.2024194 0.0964072 0.3662893 -0.0958280 -0.1053198 0.1152860 0.2602772 0.0463680 -0.2025825 -0.0296541 0.3541407 -0.0281977 0.0236295 -0.2457444 -0.1188427 -0.1263289 -0.1996353 0.0091875 -0.2265602 0.0964320 0.0070278 -0.1258373 -0.3064066 -0.1581190 -0.2786482 -0.3252589 -0.2494953 -0.2779552 -0.1856239 -0.5298612 -0.2542155 -0.4005606 -0.4968596 0.0128872 -0.4900907 -0.3826193 -0.0348463 -0.2609481 -0.4672592 0.1818392 0.1104033 -0.1089799 -0.2411398 0.0628143 -0.2052012 -0.0319335 0.1931934 -0.0448667 0.0504485 -0.2935937 -0.3285815 -0.2605297 0.0788508 0.0161484 0.0895023 -0.2644373 -0.1096195 -0.1475581 -0.4525449 -0.1173456 0.0049687 0.0640450 -0.1887326 -0.3117510 -0.0834373 -0.3823214 -0.2589642 -0.0228600 -0.1220520 -0.1706985 -0.3737605 -0.2200639 -0.1135051 -0.0229172 -0.2285003 -0.0919745 -0.2005722 -0.1547184 -0.2144890 -0.4743639 -0.4933330 -0.2744308 0.1790631 0.3880798 0.4372414 0.3452192 0.2817060 0.4097068 0.3355203 -0.1005813 0.1751621 -0.1802099 0.1566602 -0.0334667 0.4223128 0.1544606 0.1793402 -0.0924945 0.1810847 0.4008104 0.0917871 -0.2409720 0.0767279 -0.1406528 0.2137274 0.5702382 -0.2876124 -0.1000658 0.1172965 0.2918159 -0.0927127 0.1932907 -0.0365341 0.0972024 -0.2703555 -0.3544780 0.5562892 0.1954243 0.2834765 0.0721383 0.3459963 -0.2234297 -0.4981205 -0.3506235 0.2284225
-0.2786832 0.3787624 0.2367261 0.5801301 0.1264309 0.2489591 -0.2664751 0.6053766 0.2039311 -0.1463236 0.7079451 -0.2172026 0.4699550 0.1557704 -0.0242200 0.0000000 0.5000340 0.3983080 0.9185626 0.1611156 -0.4224472 0.5103643 0.8307885 0.1885820 0.7799106 0.5991944 0.4606109 0.0501981 -0.4135424 -0.1216018 0.1235662 0.5338241 0.1753747 0.1903557 0.3225721 -0.5296160 0.4735162 0.6288793 0.0481728 -0.2821566 0.3103925 -0.2135548 0.4361066 -0.2844728 0.0871739 0.5207702 0.2324363 0.5210147 0.1448800 0.4981441 0.3682626 0.1958668 0.2098399 -0.1268162 0.4940776 0.3901784 0.6416395 -0.1364106 0.1476685 0.5840639 0.2105765 0.3479868 0.3817505 0.0475812 0.1718257 0.7538387 0.6365608 0.0294706 0.5936459 -0.1910543 0.7983291 -0.1374022 0.5519437 -0.4281554 0.8306594 0.2276546 -0.3960370 0.6439711 0.4227122 0.1713027 0.1523844 -0.1896914 -0.0766846 0.0732890 0.2300315 0.1608783 0.4648225 0.3057834 0.2896362 0.4184467 0.2208804 0.2697077 0.0721705 0.1157878 0.3629551 0.0740965 -0.1317741 -0.0462723 0.3148734 0.2632504 0.2285622 -0.1507400 -0.0305924 0.0754237 0.0526382 0.3444447 -0.2555600 -0.1743673 -0.0600816 0.0795715 0.2683687 -0.1211183 -0.3174619 0.1095139 0.1063174 0.0063854 0.3089081 0.0599454 0.1901435 -0.0140685 0.0835101 -0.0177868 0.0754477 -0.0845845 0.0864579 -0.1058200 -0.2263622 0.1906900 -0.1397197 0.0801023 0.2441538 0.3048233 0.2296539 -0.2963242 0.2315465 0.2132984 0.4804592 -0.0191861 0.3441271 -0.5287996 0.1435310 -0.1883001 0.2358074 -0.0627839 0.2486091 0.3639272 0.2747840 0.1871862 0.2491015 -0.2151444 -0.1455355 -0.0111539 0.1087340 0.1325257 -0.2388578 0.0670304 0.5561216 0.0891729 0.5667396 -0.0324344 -0.2859674 -0.4016754 0.3010804 0.5330735 -0.1147980 0.3028849 0.2068900 0.3985523 0.6163691 0.1443227 0.1344497 0.2955568 -0.2521921 -0.2889860 -0.0152666 -0.2677138 -0.3057606 -0.0160935 -0.4225693 -0.4542156 -0.3740301 -0.5650715 -0.1460212 -0.3138997 0.4878166 -0.1180905 0.3688347 -0.0756100 -0.2630357 -0.1768748 -0.3711451 -0.4450963 -0.3667120 -0.5869313 -0.4680278 -0.6708241 -0.5477676 -0.5219941 -0.3594876 -0.6112369 -0.3314947 -0.2239141 -0.1074120 -0.3534026 0.1522326 0.1530638 -0.2934137 -0.6937494 -0.3068187 -0.2314257 -0.1536789 -0.5775250 0.1273743 -0.3000840 -0.2503686 -0.3411173 0.3156283 0.1386960
-0.0629915 0.4369765 0.2582142 0.4261471 0.1276685 0.3661879 -0.2725952 0.4887504 0.1681985 0.3748301 0.7048955 -0.4819876 0.3160930 0.3804434 -0.0881618 0.5000340 0.0000000 0.2115779 0.3802844 0.0619969 -0.3893622 0.2219194 0.5204686 -0.4054833 0.2509787 -0.0917725 0.7722183 0.1688947 -0.5908093 0.3850698 0.0208788 0.0797674 -0.3254208 -0.3656037 -0.0248981 -0.1886973 -0.1363925 0.0830465 0.0092811 0.0287790 -0.1035483 0.2149548 0.1085510 -0.3405042 0.4280279 -0.0568355 -0.2061273 -0.0205306 -0.3919094 -0.1306578 -0.0747094 0.0439031 -0.3364377 -0.1660672 -0.0862370 -0.0743701 -0.0253996 -0.4095754 0.4578393 -0.0329745 0.5000209 0.2848420 0.0447427 -0.4828869 -0.0310735 0.1828208 0.2052747 0.2735182 -0.0406978 -0.4181877 0.1940162 -0.6132207 0.3957476 -0.3491357 0.3256187 0.3201748 -0.3337342 0.2525519 0.1245159 0.2410179 -0.3134954 -0.0083680 -0.0233106 0.3676005 0.3683094 0.5713051 0.2495046 0.1395099 0.5656100 0.4107336 0.3284065 0.4679546 0.3234448 -0.0765561 0.2010988 0.0771591 0.0141200 0.2065279 0.2291153 0.2818894 0.1700483 0.4207301 0.2481803 0.0065354 0.1558214 0.2610506 0.4083721 0.2951142 0.2287556 0.4616006 0.3171645 0.1908370 -0.0938611 0.2861647 0.3727605 0.1038764 0.3550822 0.1568481 0.2177007 0.2903507 0.1761109 0.1043498 0.1950279 0.0442436 0.2718731 0.3343682 -0.2552027 0.0858481 0.5048500 -0.0245189 0.3322992 0.1965082 0.1554620 -0.2576671 0.0619051 0.0416352 0.1934687 0.4711058 0.3959581 -0.3344113 0.2098037 0.1051584 0.0005004 0.2673460 0.2970252 0.2444196 0.1736778 0.1954413 0.1121018 -0.0153527 0.1702281 0.1532446 0.0604262 0.2878685 0.1289097 0.3290162 -0.0158739 0.1239068 0.0414751 0.2533847 -0.0446276 -0.1620827 0.2826516 0.2094129 0.0313986 0.1405479 0.0941604 0.1528517 0.1240346 -0.0563357 0.1130785 0.0860361 -0.2022356 0.0797675 0.2675422 -0.0506802 -0.3984890 -0.3629144 -0.3417787 -0.1214584 -0.2764326 -0.0946599 0.3119318 0.1415620 0.3954180 0.2456096 0.3601628 0.0593564 -0.4424063 -0.5180800 0.2730961 -0.5911175 -0.4394151 -0.1789025 0.0484930 -0.2740757 -0.2034180 -0.3613248 -0.4188774 -0.0531208 -0.3792046 -0.1376453 -0.1682487 -0.3537621 -0.1845524 -0.2838338 0.0916239 -0.5996735 -0.3213811 -0.3763022 -0.0372041 -0.6128789 -0.0971962 -0.2178479 0.0169304 -0.2998754 0.1212364 -0.1328388
