0.0000000 0.8031338 0.5502479 0.7145195 0.2370493 0.6857129 0.7985936 0.6357489 0.5637005 0.3007280 0.2502968 0.7348151 0.5742285 0.0609290 0.7000297 -0.0690429 -0.1803529 0.5709137 0.2062029 0.1002055 0.7003153 0.4734179 0.0537078 0.4326284 0.3088031 0.1328790 0.0692179 0.3016827 0.6309266 0.0774092 0.2906835 0.2953224 0.2610741 0.4091112 0.1292224 0.1555688 0.2841798 0.6109360 -0.0680322 -0.1305622 0.4351554 -0.1409507 0.1209798 -0.0305767 -0.0234639 0.4455656 0.2978447 0.4858421 0.2462343 0.0312739 0.1740743 -0.2062476 0.4922465 -0.2969318 0.6221374 0.4361536 0.3256348 -0.0953093 -0.3124434 0.0339849 0.1928062 -0.2321508 0.1444630 0.4864980 0.5572998 0.2061529 -0.1097824 -0.1899769 0.3307189 0.0971899 0.1617288 0.6551490 -0.0783144 0.6183966 0.3079671 0.0844133 0.5524771 -0.4589818 -0.5604928 0.4099610 -0.6207812 0.5618754 0.2885458 -0.0139068 0.0985902 -0.0354535 0.2534582 0.1115220 -0.0281155 -0.1897588 0.0702203 0.1943694 -0.0216787 -0.1808935 0.1571310 0.2486705 0.1611068 -0.1023471 -0.2761287 0.0126637 -0.3503977 0.1881265 0.0668244 -0.0543656 -0.0369040 0.3358170 0.0010660 0.1254293 -0.0854682 0.0486852 -0.3703364 0.0866056 0.1621112 0.3394736 0.4174740 0.2887311 0.0537313 0.0237225 0.2900913 0.2325407 0.0792183 0.0214071 -0.1245848 0.4147636 0.3711576 0.4776372 -0.0606412 0.0443074 0.5850284 0.4070520 0.3161435 -0.1871704 0.0396253 0.5401308 -0.5028741 0.1089321 0.4607180 0.2411279 0.2917875 0.5047500 0.0331738 0.0618994 -0.1177450 0.5922804 0.6006897 -0.0654758 0.2914628 0.2545735 0.1517203 0.1022435 0.3127390 0.4756654 0.1496422 -0.0514882 0.0648574 0.0190911 -0.0756506 0.4119702 0.0742779 0.3043014 0.0494374 0.1878216 -0.1138672 -0.0656236 0.2422138 0.2236348 -0.1384744 0.0483176 -0.0263925 0.1601958 0.2804539 0.2622212 0.4313939 0.6059854 0.6639052 0.5632805 0.5031048 0.3017349 0.5407860 0.1610049 0.0941600 0.1550914 -0.2092631 -0.1446855 0.0465064 0.4681396 0.1747301 0.4549363 0.6993321 0.7349598 0.3561066 0.5510440 0.5648929 0.2341876 0.5344644 0.3068217 0.4172185 0.5790579 0.0807623 0.3671782 -0.1937499 -0.2628661 -0.5361499 0.0133455 0.0983434 -0.5742936 0.0238200 -0.1155962 -0.2773935 -0.3752620 -0.4313734 0.4410521 0.1030938 0.2069867 0.0511120 -0.3068464 -0.0668236 0.0850978
0.8031338 0.0000000 0.6788584 0.8666798 0.1223943 0.7740861 0.6981835 0.7822047 0.5713527 0.4488410 0.3363924 0.6818966 0.5948439 0.0610690 0.5508769 -0.0614671 -0.2225143 0.4524845 0.3098020 0.0689927 0.6288033 0.5249829 0.0165197 0.2778774 0.4437165 0.2434270 0.1231593 0.2988331 0.4600017 0.2369482 0.2544550 0.1587761 0.0912027 0.2946857 0.2176350 0.1485570 0.2931921 0.5370190 0.0578775 -0.0145068 0.4248083 -0.0295568 0.1502727 -0.1428239 0.2888792 0.4369340 0.4082761 0.3949977 0.0573526 0.0300240 0.2759058 -0.0452082 0.6705283 -0.1267046 0.5408302 0.3730628 0.2944599 -0.0475894 -0.2946591 0.1664011 0.5148268 -0.0247390 -0.1241899 0.7443282 0.8597509 0.0831822 0.1205180 0.0318418 0.4394509 0.3268208 0.2704945 0.8259978 0.1923520 0.8995606 0.2905658 0.3794076 0.8142479 -0.4359769 -0.5709315 0.6792191 -0.7316504 0.4099005 0.1238257 -0.0967261 -0.1206659 -0.0690872 0.3302669 0.0631308 -0.0257880 -0.2562582 0.2622867 0.3784133 -0.0323764 -0.2337213 0.2704941 0.2937394 0.0447281 -0.1149865 -0.3134261 -0.2027705 -0.1392150 0.1694776 0.0960152 -0.1195140 -0.0997824 0.3319251 0.0256955 0.1688930 0.1121797 0.1146286 -0.2160718 0.1246941 0.3313391 0.4238864 0.3252200 0.3063884 0.0993310 0.0619349 0.2865034 0.2447079 -0.0035217 -0.1203575 -0.0859127 0.2860904 0.2353493 0.5461148 -0.0424030 0.0233952 0.4678312 0.4467536 0.3283266 -0.3206535 0.1339465 0.6058388 -0.6136113 0.1613793 0.4719858 0.0756961 0.1954400 0.7307496 -0.0677593 0.0584629 -0.2813128 0.8293490 0.5688311 0.0587454 0.1643458 0.0713838 -0.0037178 0.1456666 0.2849079 0.6857365 0.0914998 -0.1787419 -0.0288973 0.1833076 -0.0944664 0.3587017 -0.0762878 0.5526961 -0.0217835 0.1582634 -0.0907190 0.2603705 0.1654302 0.3421802 -0.1576310 -0.0891303 -0.0497334 0.2470643 0.2188272 0.1368908 0.3079837 0.5222209 0.7670282 0.6717831 0.6012010 0.4207609 0.6720305 0.1574656 -0.1161650 -0.0047849 -0.2298667 -0.2474134 0.0455013 0.5372403 0.0971756 0.3984411 0.8022864 0.8575443 0.5400417 0.7732651 0.5759098 0.5175062 0.7434398 0.5739505 0.5520670 0.6521814 0.0639131 0.4713609 0.1660833 -0.2365428 -0.4812028 0.2894373 0.1582313 -0.7114296 -0.1295138 0.0207368 -0.0175997 -0.2701291 -0.4649450 0.6942799 0.1432873 0.1693223 0.0922259 -0.1990402 -0.0163055 0.3104876
0.5502479 0.6788584 0.0000000 0.6526812 0.4739556 0.4965164 0.7017586 0.7556528 0.2729700 0.3585061 0.4212045 0.4330983 0.7597563 -0.0497934 0.2984201 0.3202662 -0.0206768 0.1881926 0.3911185 0.3951703 0.3232140 0.6481082 0.1606861 0.0772325 0.3774887 0.1500581 -0.0305023 -0.1237109 0.0918253 -0.0874876 0.5151755 0.3334069 -0.0627075 0.0623027 0.0464895 -0.0554893 0.2291343 0.5577676 -0.1380300 -0.1971724 0.5218513 -0.1050328 -0.0125673 -0.1559402 0.1786806 0.3010308 0.2909203 0.4985843 -0.1399401 -0.0699002 0.0788282 -0.1129596 0.2995383 -0.2547694 0.3513914 0.3256948 0.4255354 -0.3255858 -0.1684953 -0.0436342 0.2396192 -0.2552310 0.2862978 0.2585719 0.4654214 0.3115673 -0.0864428 -0.1558690 0.4724563 -0.0705076 0.3269451 0.3071026 0.0093113 0.6204974 0.3649070 0.2273969 0.4028894 -0.0336203 -0.2665547 0.6533258 -0.3540649 0.3207602 0.1479872 -0.0146287 -0.1364036 0.0747934 0.6209207 0.1983284 0.2557503 -0.2612367 0.6237548 0.7515912 0.2167808 0.0940338 0.5375368 0.5577019 0.3614846 0.0101123 -0.4868110 0.1534396 -0.0878202 0.1955352 -0.2711283 0.0916292 -0.0330744 0.5790538 0.0195329 -0.1346384 -0.2255544 0.2737585 -0.4813843 -0.1021956 0.0690214 0.2456006 0.2852384 0.1457844 0.2209998 0.0986690 0.1630034 0.3028131 0.0168960 0.0228309 -0.0417739 0.0339727 0.2020849 0.4471498 0.2426198 -0.0028063 0.3937306 0.1624337 0.1405322 0.0002290 0.2654868 0.2001711 -0.3284908 0.1538714 0.3665485 0.2113579 0.3751593 0.6420968 0.3056312 0.3699766 0.0715164 0.4843199 0.2251979 -0.0420658 0.2595512 0.3148779 0.2650391 0.2455460 0.2049046 0.3508139 0.2801397 0.0744673 0.2453387 -0.0500668 -0.2339996 0.2818292 0.1700440 0.3789993 0.2909415 0.3174368 -0.3078115 0.0717483 0.3034823 0.0994106 -0.1639297 0.1432008 -0.0288187 0.3295257 0.3160157 0.2485555 0.3055187 0.4645973 0.5553987 0.5765031 0.5185445 0.4020584 0.4816558 0.1777116 0.0483354 0.1313927 -0.0370751 -0.0029847 0.1832940 0.5700202 0.3125935 0.5817795 0.4442020 0.4579490 0.5418308 0.6520543 0.4662588 0.4290064 0.6252765 0.6004886 0.4933464 0.5292709 0.3720943 0.4252978 0.3490700 -0.0288707 -0.1647536 0.4500108 0.3960340 -0.2042258 0.4585746 0.4964115 0.1207449 0.0307856 -0.0079589 0.5690549 0.5469890 0.6271294 0.4315977 0.2569874 -0.2362956 0.0414744
0.7145195 0.8666798 0.6526812 0.0000000 0.1421661 0.8537471 0.5539835 0.9205468 0.5438328 0.7159635 0.6592676 0.4364755 0.6247117 0.4438721 0.2824911 0.1433220 0.0736697 0.2181055 0.4837530 0.2171967 0.4481109 0.5983336 0.3279845 -0.0069809 0.6136811 0.4842255 0.3383333 0.1396313 0.2038112 0.4571336 0.3829891 0.3576037 -0.1550507 0.0484568 0.4367796 0.0948631 0.5138445 0.6151150 0.2040309 0.1100034 0.4510053 0.1034149 0.3365878 -0.1879891 0.3636360 0.4902394 0.5579439 0.4965490 -0.1106939 0.0530056 0.4521954 0.1491328 0.5212102 -0.0203384 0.4860146 0.4544325 0.4444510 -0.1081898 -0.0317283 0.3183305 0.4967440 0.1386514 -0.0503602 0.7362364 0.6883211 0.1605684 0.2282296 0.2368295 0.3517263 0.4419226 0.4251200 0.7099421 0.3255604 0.7844312 0.3845683 0.4741091 0.7720309 -0.3868949 -0.5034950 0.6344547 -0.7675744 0.5733837 0.2541770 0.0401559 0.0510398 0.0156753 0.3589304 0.2838814 0.0344196 -0.1884457 0.3678008 0.3316036 -0.1479694 -0.3328748 0.2391986 0.4623242 -0.0892495 -0.1373755 -0.2962129 -0.1518567 -0.1537584 0.2679053 0.1356693 -0.1713444 -0.1059765 0.5454215 0.0574040 0.2493792 0.1304085 0.1728013 -0.2450116 0.1068183 0.3766828 0.4256168 0.3371552 0.3982049 0.1400788 0.2030640 0.3271271 0.3330535 0.1113288 -0.0469215 -0.1825771 0.3828830 0.3280702 0.5424093 0.0177480 -0.0330986 0.4331244 0.5869567 0.4315240 -0.2301549 0.1572099 0.5691206 -0.5360844 0.0751460 0.5551717 0.0925336 0.2825492 0.6425859 -0.2643916 0.0998737 -0.2578510 0.7557087 0.6489503 -0.0046632 0.2453159 0.1966486 -0.1467831 0.1779410 0.3351603 0.6385176 0.1675864 -0.3982616 0.0025650 0.1937873 -0.2042241 0.3800823 -0.2210211 0.5933012 -0.0036093 0.1534274 -0.1286292 0.3707809 0.1415919 0.3174184 -0.3693089 -0.2289996 -0.2327583 0.2229419 0.1003347 0.0210269 0.1338450 0.3136539 0.6716933 0.5583315 0.4659164 0.2994737 0.5940714 0.2919491 0.1164598 0.1826004 0.0604574 -0.0452727 0.2707776 0.4225240 0.1163230 0.2666419 0.6431926 0.6653778 0.5549990 0.6638967 0.4701246 0.4307004 0.7016851 0.4250730 0.5073246 0.5561370 -0.0494146 0.4801700 0.3377739 -0.2164741 -0.5751313 0.2393359 0.3598551 -0.6458765 0.0293506 0.2937279 0.1996286 -0.2134124 -0.5460390 0.5377331 0.3143507 0.1567284 0.1125823 0.0953832 0.1153312 0.4381051
0.2370493 0.1223943 0.4739556 0.1421661 0.0000000 0.1732707 0.2852918 0.2012306 -0.0509897 0.0763190 0.1465212 0.2048627 0.2148514 0.0279714 0.2037340 0.0251226 -0.0546992 0.0476416 0.0473398 -0.0362585 0.1990190 0.1152918 0.0900541 0.1357221 -0.1213971 0.0256661 -0.1913472 0.0254500 0.0398604 -0.2451213 0.2591746 0.0692402 0.1171044 0.0744683 0.0202683 -0.2838912 0.0273156 0.1202045 -0.0884360 -0.1423148 0.3241228 -0.2813777 -0.0404613 0.2642547 -0.2699414 0.3884961 -0.0658955 -0.0101820 0.1376074 0.3634230 -0.3152220 -0.1662440 0.0735362 -0.2886320 0.2193955 0.4199224 -0.0618380 -0.1877257 0.1973993 -0.3815112 0.3034644 -0.6121507 0.3388152 -0.2262056 0.0864114 -0.0150636 -0.5519056 -0.3607303 -0.0572355 -0.4486529 -0.2225173 -0.0022569 -0.5731467 0.1018641 -0.1214552 -0.4642187 -0.0900428 -0.3196412 -0.4488189 0.3372760 -0.2045294 0.2441153 0.1191488 0.3919558 0.3718951 -0.0400993 0.4021836 0.2721794 0.4488440 -0.1155512 -0.0086741 0.2030570 0.3391884 0.4064628 0.0509516 0.5525235 0.6617372 0.1999644 -0.4547964 0.3772196 -0.4016953 0.0314925 -0.3722819 0.0021258 0.3512850 0.5501234 -0.2838063 -0.2266307 -0.6672652 -0.1104924 -0.4497278 -0.5216969 -0.4668255 -0.1754298 -0.0482903 -0.1817493 0.0701390 0.0505802 -0.0681276 -0.0106977 0.0181331 0.4079754 0.1081308 -0.2357013 0.1342668 0.2309639 -0.0222185 0.1585353 0.0423809 0.1273818 0.0571807 -0.0331609 -0.1780026 0.2039155 -0.0780157 0.2199487 0.3714802 0.4313757 0.2543874 0.4148336 0.2096733 0.5476157 0.2713883 0.2202414 0.3455453 -0.0217012 0.4551866 0.4599887 0.3714026 0.5511231 0.3043816 0.2800851 0.5123873 0.3654761 0.4358567 0.2033915 0.2313099 0.5590639 0.4063342 0.3072587 0.5080637 0.6249824 0.0950055 0.0148426 0.5800603 0.3937984 0.4331374 0.4399105 -0.0302738 0.3882752 0.5549662 0.4036358 -0.1035304 0.0793570 0.2166205 0.3865707 0.4631566 0.6092383 0.4726973 0.2681993 0.1706799 0.1681761 0.2999321 0.2416929 0.4975883 0.6778858 0.8443761 0.7785837 0.3038512 0.2602957 -0.0650466 0.4792677 0.5273412 -0.1578995 0.0325563 0.1072931 0.3375159 0.2691457 0.6479696 0.2579460 -0.0369771 0.1450744 -0.0582533 0.1108134 0.6280927 0.0558079 0.2683759 0.2293453 -0.3139775 0.2844281 -0.1081590 0.2719818 0.5988336 0.4493341 -0.0774215 -0.0203640 -0.1878006 0.0454681
0.6857129 0.7740861 0.4965164 0.8537471 0.1732707 0.0000000 0.5326216 0.7274397 0.5611388 0.7298468 0.4411830 0.4702538 0.4551505 0.4464322 0.4496216 -0.0065596 -0.0363869 0.4987653 0.1356691 0.2566528 0.4505566 0.4483963 0.1248312 0.1419394 0.3141282 0.2413451 0.3733998 0.4555605 0.1972196 0.5832887 0.3945633 0.1440707 -0.0738035 0.0454697 0.2728210 -0.0298122 0.2496612 0.3978626 0.2720703 0.2737871 0.4707521 -0.0210333 0.2873426 -0.0261685 0.2031111 0.3082019 0.2747780 0.3207719 -0.0804160 0.0889600 0.2064084 0.0962611 0.3465660 -0.0245478 0.1723873 0.1810452 0.1130936 -0.1586153 -0.2299307 0.0277199 0.3503144 -0.0293129 0.0368766 0.5979247 0.5703425 -0.0347620 -0.0210276 0.0436742 0.1249084 0.2796958 0.1700597 0.5292708 0.1028068 0.5893182 0.2176434 0.1998671 0.5089972 -0.4986617 -0.4938788 0.4373769 -0.6175784 0.5473032 0.1513251 -0.0696659 -0.0039136 -0.0710837 0.4797799 -0.0192987 -0.0458704 -0.4282397 0.2269417 0.1970878 -0.2802378 -0.3364971 0.2610165 0.2413284 -0.0610459 -0.3474912 -0.4398710 -0.1994009 -0.4564466 0.1517756 0.1730498 -0.2508270 -0.2757912 0.4103913 -0.0846529 0.2515253 -0.0289792 0.0221266 -0.4065334 0.0296713 0.2921355 0.2633296 0.2029534 0.1607105 -0.2032838 -0.1191756 0.0976338 -0.0160651 -0.1294944 -0.2222624 0.2331108 0.3128064 0.1803083 0.2488463 -0.1322330 0.3414910 0.2167222 0.5888392 0.3627820 -0.0628580 0.0738093 0.7400226 -0.3525275 0.3586574 0.4945044 -0.0491011 0.1521122 0.5509193 -0.2625307 -0.0521724 -0.0416921 0.7691550 0.6008965 0.3528960 0.1335808 0.0434404 -0.2900740 0.2603475 0.4965461 0.6729068 0.0384172 -0.1842163 -0.0411270 0.4801436 0.1735511 0.3680091 -0.0300375 0.6397059 -0.0218927 0.0950459 0.2566674 0.1901042 0.0605883 0.5573609 -0.0541356 -0.3323986 -0.3714903 -0.0567847 -0.0055631 -0.1489924 0.2692070 0.3369474 0.6035024 0.3884251 0.3541023 0.3457959 0.4763588 0.2956303 0.0182931 -0.0573422 -0.1039045 -0.2717761 0.0864750 0.3652369 0.1856059 0.2385170 0.5337577 0.6493088 0.2232562 0.4570523 0.3156230 0.3846166 0.3920872 0.2220255 0.2912216 0.3303239 -0.0745676 0.1973023 0.1692883 -0.4387660 -0.5882210 0.0794402 0.3721607 -0.5308943 -0.1259668 0.0430280 0.1539772 -0.2732012 -0.4852945 0.4521274 0.2985344 0.2493110 0.0629124 0.0112501 0.0703802 0.2562374
0.7985936 0.6981835 0.7017586 0.5539835 0.2852918 0.5326216 0.0000000 0.5541996 0.3286620 0.0552016 0.0818612 0.6311634 0.6972669 -0.2728977 0.6715380 0.0918289 -0.3179830 0.5728297 0.0574104 0.3007412 0.4828709 0.5750523 0.0002221 0.3631040 0.1753808 -0.0878260 -0.0837272 0.1133479 0.4611039 -0.2110674 0.4774307 0.2392084 0.1783312 0.2788144 -0.1365321 -0.0440360 0.1237445 0.5198255 -0.4470594 -0.2812024 0.6707937 -0.2417934 -0.2680457 -0.1456258 -0.0132041 0.3381272 0.1671639 0.4502595 0.1338772 0.0988906 -0.0410328 -0.4675163 0.2963048 -0.4706723 0.4077178 0.3500624 0.3805577 -0.2020512 -0.3303599 -0.1407372 0.1315796 -0.4134072 0.2228129 0.2696541 0.5034141 0.4268931 -0.2210507 -0.3248419 0.4684030 0.0296553 0.2435763 0.4380457 -0.1081811 0.5664096 0.3836845 0.1619037 0.4057273 -0.2418048 -0.3062455 0.4081338 -0.3904691 0.4190665 0.2263603 -0.1298225 -0.1207598 0.1074258 0.4459186 -0.0501486 0.0090642 -0.3102886 0.1338857 0.3631289 0.2966205 -0.1001899 0.2903080 0.1881584 0.3126327 0.0100967 -0.4468236 -0.0551816 -0.3192362 0.2657472 -0.0692491 -0.0382547 -0.0943374 0.1961759 0.0220558 -0.0538265 -0.2752401 0.1287385 -0.6005503 -0.0765342 0.0046711 0.3066377 0.3962092 0.2299756 0.1461982 -0.0501496 0.2805298 0.2551440 0.1472216 0.1062971 0.0968902 0.3207875 0.4039578 0.2844525 0.1316977 0.1486138 0.5901360 0.3587229 0.3741281 0.0364898 0.2722488 0.4803901 -0.4046461 0.2745562 0.5120902 0.3042115 0.4710490 0.4188911 0.4513582 0.1553749 0.1829016 0.4783942 0.3463333 0.1612526 0.3327423 0.3299980 0.3320165 0.2176822 0.4301720 0.3016065 0.2148003 0.3259558 0.2985260 -0.0158483 0.0191823 0.4068217 0.3807685 0.3480714 0.2984857 0.2671508 -0.1044939 -0.2135685 0.3687122 0.2548555 0.0877593 0.1452227 0.0585843 0.2002426 0.4547826 0.3764441 0.5043304 0.5629521 0.4635825 0.3899451 0.3589944 0.2651056 0.2329448 0.0181497 -0.1490298 -0.1015580 -0.3855261 -0.3524033 -0.0705887 0.5670896 0.2633336 0.5402323 0.5895011 0.5847699 0.2592103 0.4640156 0.4269357 0.1798283 0.3784756 0.2227889 0.2461599 0.4554985 0.0408493 0.1792564 -0.1808316 -0.2771888 -0.4951457 -0.0113545 0.1981158 -0.3023759 0.2701098 -0.0441373 -0.2436026 -0.4622286 -0.2951504 0.3793993 0.3619282 0.6154513 0.3645174 -0.1492196 -0.4150765 -0.1886622
0.6357489 0.7822047 0.7556528 0.9205468 0.2012306 0.7274397 0.5541996 0.0000000 0.2907590 0.6257810 0.6983031 0.2528290 0.8135814 0.3437246 0.1665251 0.2988863 0.0913594 0.0985042 0.6973085 0.3538259 0.2953934 0.7345230 0.4592449 -0.1320170 0.7641659 0.5902467 0.2782092 -0.1132249 0.0822930 0.2846240 0.4953626 0.5886773 -0.2860903 -0.1052496 0.5192379 0.1658908 0.6769277 0.8044704 0.1342163 0.1668840 0.4947212 0.1883245 0.3877667 -0.3039386 0.4024575 0.6114278 0.7112660 0.6597968 -0.2336516 0.1253460 0.5544377 0.2140665 0.3668985 -0.0840767 0.4793658 0.4704892 0.6638612 -0.2869330 0.0569533 0.4364571 0.3966839 0.1408211 0.0183102 0.5251836 0.5431981 0.3960112 0.3590833 0.1150519 0.4756120 0.3817012 0.6197163 0.5360426 0.3206654 0.6815337 0.5778213 0.5390449 0.7118190 -0.1414610 -0.2864982 0.7328930 -0.5952033 0.5717650 0.2798575 0.0563179 0.0465020 0.1167635 0.4313433 0.2588613 0.0558200 -0.2246099 0.5642298 0.5473475 -0.0211473 -0.3372340 0.3097200 0.5550505 0.0738753 -0.0257081 -0.2857954 -0.1345149 -0.1970811 0.3405947 0.1648978 -0.1280784 0.0435374 0.6041914 0.1636814 0.2522456 0.1519711 0.1660362 -0.2571931 0.1423606 0.3940590 0.3116608 0.2857185 0.4024369 0.1550241 0.1779934 0.3056242 0.4081595 0.1252334 -0.0609252 -0.1251092 0.2896503 0.3485354 0.5054200 0.1193661 0.0608865 0.4659729 0.4710995 0.4329170 -0.0355406 0.2435841 0.4288990 -0.3418472 0.1100356 0.5456847 0.1254583 0.3743699 0.5932222 -0.0600146 0.1562163 -0.0725515 0.6577051 0.5356143 -0.0381802 0.2606448 0.2166141 0.0192377 0.1662131 0.2675993 0.5346462 0.2230328 -0.2587788 0.0651618 0.0087208 -0.2688907 0.3356163 -0.1535795 0.5332128 0.0628857 0.2012345 -0.2353872 0.2243852 0.1660615 0.1777201 -0.3351788 -0.1461079 -0.3227298 0.2296857 0.1470097 0.0776627 0.2255490 0.2843489 0.4693555 0.4289611 0.3420625 0.2153301 0.4974581 0.3870541 0.0885981 0.2551319 0.1036134 0.0015527 0.2807372 0.3309472 0.1164653 0.2762171 0.5335591 0.5201093 0.5993502 0.6712754 0.3715383 0.3916590 0.7103537 0.4235298 0.4261014 0.4472569 0.0247752 0.4085981 0.4205704 -0.2004778 -0.5011127 0.2786554 0.3577176 -0.5086261 0.2258748 0.4117977 0.2586715 -0.2103732 -0.4221533 0.4682242 0.4322386 0.3078823 0.3474616 0.2714927 0.0598738 0.3109610
0.5637005 0.5713527 0.2729700 0.5438328 -0.0509897 0.5611388 0.3286620 0.2907590 0.0000000 0.3987700 0.0145616 0.8204589 -0.0831789 0.2343363 0.6471569 -0.3831995 -0.2076904 0.6128623 -0.1408285 -0.1571947 0.7664427 -0.0231326 -0.4413577 0.6144135 -0.1648462 -0.2669924 -0.0200111 0.6768950 0.6103101 0.3431272 -0.0903934 -0.3829848 0.5363162 0.6809499 -0.2698880 -0.0350914 -0.2476913 -0.0575765 0.1078369 -0.2275221 -0.0404850 -0.1917195 -0.0965616 0.3135070 -0.0702681 -0.2164132 -0.2097482 -0.1076230 0.4551265 -0.4132696 -0.1377504 -0.2565300 0.6800136 -0.1164456 0.3138047 0.0580703 -0.1487080 0.3703821 -0.3751259 -0.2403422 0.1210635 -0.2050635 -0.1241369 0.7408540 0.6306088 -0.2347084 -0.2727633 0.0345085 -0.0707763 0.1277286 -0.2547417 0.5918745 -0.0668585 0.5969810 -0.2878830 -0.0553898 0.3570471 -0.5122392 -0.5884185 0.0060172 -0.5054966 0.0981867 -0.0377181 -0.0917593 -0.0681401 -0.3049301 0.1520811 0.1112314 -0.0438946 -0.0730428 -0.0146970 -0.0231444 -0.5195843 0.0328475 0.1340135 -0.0122834 -0.1472321 -0.4979133 -0.2577952 -0.0337575 0.0287882 -0.1751203 -0.0993455 0.0205986 -0.2690970 0.1238559 -0.2251335 0.0398604 0.0176061 0.0387365 -0.0806406 -0.0199175 0.1438119 0.3463386 0.2442232 0.1848469 0.0628913 -0.0340715 0.1685683 -0.0656955 -0.1395922 -0.1390630 -0.1373034 0.2674022 0.0087861 0.3300003 -0.1920304 -0.1261760 0.2223239 0.2372364 -0.0180037 -0.4058220 -0.0266189 0.4551042 -0.4003861 -0.0325529 0.1321800 0.0185151 -0.1032336 0.4268306 -0.2918355 -0.0050316 -0.4311718 0.4337209 0.2958830 -0.0660006 0.0289213 0.0376456 -0.1130454 -0.0517374 0.0560448 0.3357523 0.0036916 -0.2910225 -0.1034472 0.1496348 -0.0797759 0.1856454 -0.0369945 0.1149019 -0.1109232 0.0106115 -0.1081113 0.2168323 0.0024426 0.1026216 -0.2807387 0.0130593 0.3190976 0.2024151 0.0310977 0.0982067 0.0954584 0.4287564 0.7945659 0.6319818 0.5841253 0.3162052 0.5242127 -0.2118956 0.0572469 -0.0436900 -0.1820804 -0.1293129 0.0085421 0.3312674 -0.0510468 0.1631685 0.4192952 0.5355259 0.2519916 0.2508438 0.4036814 0.3072659 0.3879476 0.3618516 0.4807007 0.5553668 0.1174890 0.3611703 -0.1883023 -0.1080253 -0.2337537 0.0814370 -0.0534587 -0.5181627 -0.2436289 -0.0381934 -0.2212725 0.0001094 -0.1691536 0.4206468 -0.2726301 -0.0898185 -0.1995183 -0.2981832 -0.0526079 0.2375414
0.3007280 0.4488410 0.3585061 0.7159635 0.0763190 0.7298468 0.0552016 0.6257810 0.3987700 0.0000000 0.7339600 0.0693477 0.2457347 0.8329574 -0.0204369 0.0611142 0.3901565 0.0371014 0.2533305 0.1416942 0.1192747 0.3059797 0.3189023 -0.2096946 0.4340992 0.4710631 0.6070015 0.1970546 -0.1724165 0.7711636 0.2038008 0.3116177 -0.2950249 -0.2140560 0.3840617 0.0969168 0.3930691 0.3325028 0.5944115 0.3674932 0.1348410 0.2773936 0.4862490 0.0388788 0.3094929 0.2003250 0.3174387 0.3515593 -0.2646736 0.0172383 0.2783485 0.4614654 0.2109183 0.3256816 0.1809251 0.2608423 0.1853287 -0.1041895 0.2077612 0.1480069 0.3184172 0.2902272 0.0843033 0.5340048 0.3104134 -0.0105769 0.1764101 0.3924798 0.1454655 0.3491526 0.1902879 0.3323462 0.2431360 0.3554518 0.2207063 0.2565442 0.3866619 -0.1928079 -0.3579666 0.3285150 -0.4718937 0.4053583 -0.0435480 -0.1630704 -0.0034833 -0.2833301 0.1734878 0.1657960 -0.1631993 -0.2791741 0.3125485 0.1319459 -0.5629325 -0.4685467 0.1577536 0.3783603 -0.2885337 -0.4524426 -0.0146604 -0.1002390 -0.1512839 -0.1175587 -0.0639212 0.0294460 -0.1470310 0.5349647 -0.1883305 0.0251335 0.1564253 -0.0682018 -0.0128054 0.0779887 0.2278913 -0.0087327 -0.1134021 -0.1230847 -0.3574683 -0.1500290 -0.2605100 -0.1466580 -0.3432541 -0.4407824 -0.0990430 0.1115502 -0.1305213 0.4330460 -0.3101874 -0.0270589 -0.1060598 0.2642649 0.0323760 -0.1765637 -0.2290995 0.2179417 -0.1565214 -0.1113108 0.1815282 -0.1978432 -0.0228750 0.5526559 -0.5393119 0.0714706 -0.2452000 0.5844035 0.3958590 -0.0726092 0.0180036 0.0087410 -0.3568344 0.1740971 0.2348578 0.5884639 -0.0045116 -0.5542640 -0.1524835 0.4034402 -0.0615480 0.1427021 -0.3744198 0.5743267 -0.1602940 -0.0700220 0.0295164 0.4488799 -0.1857461 0.2953639 -0.4057700 -0.3312321 -0.3836423 -0.1236738 -0.3007391 -0.3135123 -0.0440563 0.1563563 0.5181484 0.3696577 0.2964153 0.1834323 0.4555377 0.3535342 0.2242532 0.2561110 0.3789756 0.1847483 0.3033893 0.1057341 0.0312685 -0.0204611 0.1472499 0.3189563 0.2142526 0.3592069 0.1634353 0.2299115 0.4488801 0.3579812 0.4629873 0.2704915 0.0207468 0.4459127 0.4851759 -0.0239794 -0.3679107 0.3760862 0.3956991 -0.3761751 0.0342719 0.4355661 0.4489771 0.2106634 -0.3443692 0.4407227 0.2897014 -0.0242600 0.0786946 0.2960402 0.3872833 0.5138736
0.2502968 0.3363924 0.4212045 0.6592676 0.1465212 0.4411830 0.0818612 0.6983031 0.0145616 0.7339600 0.0000000 -0.1881325 0.5119978 0.6922920 -0.3811587 0.5752307 0.7079244 -0.4167085 0.6145389 0.3179733 -0.0639175 0.4568496 0.8031151 -0.6131024 0.7356558 0.7655104 0.6351600 -0.4276112 -0.3257705 0.5081732 0.3295678 0.6928686 -0.6526902 -0.4483549 0.6648065 0.2785676 0.7198179 0.6259964 0.5262981 0.3229910 0.1460191 0.5468015 0.6385482 -0.3452045 0.6133710 0.4631597 0.6479058 0.5962295 -0.4796017 0.1115055 0.6385047 0.5686445 0.1388075 0.3564690 0.2943149 0.3933996 0.5465972 -0.2622614 0.4624767 0.5334233 0.4534268 0.4700754 0.3142437 0.2983175 0.1360474 0.2425215 0.4222400 0.5100179 0.3436059 0.3424524 0.5929600 0.2672333 0.5584446 0.3502102 0.5566715 0.5377307 0.4922150 0.0631260 -0.0987957 0.5825097 -0.4146942 0.5901092 0.2746770 0.1873391 0.2295582 0.1571388 0.2016975 0.5554005 0.1877151 0.1718581 0.4808815 0.2481171 -0.1468451 -0.2850593 0.1511038 0.6356540 -0.1316245 0.1676591 -0.0682514 0.2418561 0.0191197 0.3405057 0.1134696 0.1032618 -0.0751393 0.6474312 0.2331260 0.2085457 0.1761020 0.3090049 -0.1114505 0.2878223 0.3706272 0.2258065 0.2355348 0.2463064 0.0602854 0.2693761 0.1122546 0.3524899 0.1117996 -0.0460407 -0.4028628 0.2961705 0.1932437 0.4689083 0.1030573 -0.2508837 0.1501276 0.2921868 0.2007987 -0.0362448 0.0118464 -0.0142092 -0.3223367 -0.2499962 0.2207083 -0.0622458 0.2133290 0.3431990 -0.3157448 0.0888090 -0.2118162 0.3703277 0.3435379 -0.3203741 0.0837045 0.1373026 -0.1876044 0.0698214 0.0839732 0.3314460 0.0239964 -0.5571442 -0.1749531 0.0320105 -0.3397174 -0.0106082 -0.4385241 0.3436422 -0.1899943 -0.0628380 -0.2077608 0.2751696 -0.1253853 0.0219254 -0.5309802 -0.2438207 -0.4153246 -0.0625464 -0.2139556 -0.1898520 -0.0227687 0.1117040 0.2598832 0.2271248 0.1091543 -0.0430863 0.3225752 0.6106397 0.5195060 0.6340737 0.6378311 0.5200732 0.5693516 0.0954672 0.1396888 0.1398356 0.2375359 0.1594876 0.4994464 0.4037141 0.1481007 0.1707543 0.5167295 0.2644974 0.2862319 0.2052614 -0.1699495 0.4117660 0.5985759 -0.0307658 -0.3372798 0.2836523 0.3087967 -0.2864724 0.2383919 0.4695512 0.4616935 -0.0258533 -0.3157295 0.2010204 0.3396241 -0.0210079 0.1850913 0.3919029 0.3785411 0.3735626
0.7348151 0.6818966 0.4330983 0.4364755 0.2048627 0.4702538 0.6311634 0.2528290 0.8204589 0.0693477 -0.1881325 0.0000000 0.1073178 -0.1726827 0.8744675 -0.3751326 -0.4445640 0.7713210 -0.1828686 -0.1897607 0.8805331 0.0596524 -0.5014049 0.7861072 -0.2324229 -0.3905664 -0.2273340 0.6244387 0.8014190 -0.0250737 -0.0258369 -0.3425302 0.6612862 0.7990285 -0.3963151 -0.0793135 -0.3003279 0.0468628 -0.1710909 -0.3866993 0.1661476 -0.3923108 -0.3041484 0.2828872 -0.1912361 -0.0196107 -0.2450248 -0.0290199 0.5733833 -0.2299404 -0.2906942 -0.5101202 0.7284284 -0.3388082 0.4440209 0.1727409 -0.1298738 0.2868449 -0.4889232 -0.3612923 0.1822172 -0.4718493 -0.0419153 0.5814958 0.7240673 -0.1216148 -0.4353402 -0.2223877 0.0811056 -0.0520395 -0.3040748 0.6520523 -0.2759765 0.6725063 -0.2364684 -0.1656061 0.3839184 -0.5806873 -0.6488848 0.1570902 -0.5128158 0.0846942 -0.0370633 -0.1125065 -0.1523252 -0.2636203 0.2402904 -0.0413653 0.0328366 -0.1570454 -0.1057850 0.1061547 -0.1166513 0.1841208 0.1698533 0.0600672 0.1844246 -0.2965301 -0.3768551 0.0175428 -0.1318291 -0.1239361 -0.1873047 0.0310563 -0.1105832 0.1166216 -0.2456481 -0.1013353 -0.2394428 -0.0028083 -0.2660079 -0.1609012 -0.0689301 0.3322003 0.2989533 0.1297074 0.1562193 -0.0649080 0.1966930 -0.0080378 -0.0860530 0.0288837 -0.0583460 0.1398200 0.0905852 0.3840099 -0.1550935 -0.0335436 0.3759336 0.1582069 0.0008555 -0.4004382 -0.0244572 0.4904186 -0.5190071 0.1417589 0.2297252 0.1749803 0.0376853 0.5414868 0.1121632 0.1165839 -0.2771667 0.5133662 0.3002346 0.0059967 0.1415954 0.1220759 0.1882053 0.0980640 0.1527287 0.3488333 0.1147222 0.1216836 0.0641329 0.1097386 0.0271349 0.3248492 0.2367740 0.1375203 0.0804418 0.2270490 -0.0878620 -0.0147909 0.2616044 0.1909933 0.0277766 0.2764821 0.4282050 0.3429598 0.3848971 0.3992930 0.3094122 0.6686284 0.8065438 0.7406778 0.7424500 0.5334883 0.5996798 -0.2558912 -0.1236641 -0.1772599 -0.4004060 -0.2963585 -0.1043565 0.6118249 0.1992259 0.5299090 0.6550542 0.7450403 0.2078406 0.4639964 0.6381498 0.2351825 0.3978335 0.4456824 0.5249778 0.6958320 0.3185508 0.3684639 -0.3788237 -0.1586890 -0.2404997 0.1182259 -0.0218647 -0.5437337 -0.2120493 -0.2112089 -0.5153268 -0.1357712 -0.1781930 0.5626038 -0.1716526 0.1295931 -0.1085742 -0.5417530 -0.3265695 0.0129618
0.5742285 0.5948439 0.7597563 0.6247117 0.2148514 0.4551505 0.6972669 0.8135814 -0.0831789 0.2457347 0.5119978 0.1073178 0.0000000 -0.0212369 0.1119644 0.5192109 0.1131646 0.0261211 0.6446219 0.6150915 0.1149776 0.8605652 0.5001315 -0.1754908 0.7199877 0.4305934 0.1273553 -0.4128637 0.0146208 -0.1180832 0.6581530 0.7250370 -0.3157684 -0.2033594 0.3704824 0.1606166 0.5847401 0.8710357 -0.1675686 -0.0396812 0.6407473 0.1019487 0.1870751 -0.4861823 0.3002320 0.5959083 0.6236793 0.7951171 -0.2760500 0.1961334 0.4302985 0.0083801 0.0538771 -0.2880800 0.3774250 0.4183360 0.7389944 -0.4764365 -0.0293825 0.3351744 0.1183281 -0.0000161 0.2886403 0.1297885 0.2536400 0.6297527 0.3040381 -0.0972553 0.6496430 0.2127391 0.7296863 0.2558216 0.2528982 0.4332931 0.7951845 0.5344935 0.4929740 0.1582990 0.0627729 0.6716805 -0.2623858 0.4859653 0.2826587 -0.0073667 -0.0442004 0.3018798 0.4861357 0.1237266 0.1143124 -0.2293934 0.6264449 0.6568419 0.3310537 -0.2085194 0.4869546 0.5506657 0.3149016 0.1973844 -0.2803133 -0.0250537 -0.2715413 0.4782443 0.0995764 -0.0398243 0.0973387 0.4971750 0.2987108 0.0902381 -0.0061615 0.2678664 -0.4378748 0.1115908 0.2386931 0.2717965 0.3639018 0.3475316 0.1955388 0.1710445 0.3051173 0.5070482 0.2667396 0.0514081 -0.0328230 0.2523001 0.4832014 0.2934341 0.3609584 0.1421986 0.5672700 0.3702237 0.4856744 0.2472223 0.4093898 0.2350224 -0.2126678 0.1783153 0.5304549 0.2618803 0.5869318 0.3636295 0.3840857 0.2398163 0.2542002 0.3541311 0.3171367 0.0320867 0.3627328 0.3591875 0.2799678 0.2446585 0.3648313 0.1892784 0.3015705 0.1120117 0.2863110 -0.2253891 -0.2201167 0.2639668 0.1353729 0.3932659 0.2844623 0.2865729 -0.3098157 -0.1139740 0.3123902 0.0029278 -0.2096372 0.0085036 -0.2889267 0.1783395 0.2944993 0.2237833 0.4608930 0.3332798 0.1627019 0.1471831 0.0763743 0.0058303 0.1413651 0.3580961 0.0311167 0.1915164 -0.0578106 -0.0931877 0.0996688 0.2034252 0.1259053 0.3086447 0.4138493 0.3357204 0.5040960 0.4797771 0.2333848 0.2513803 0.4992575 0.2448307 0.1582715 0.2459906 -0.0412992 0.1605716 0.2858812 -0.3388260 -0.4517283 0.1330248 0.2896697 -0.1810012 0.4691340 0.2952350 0.2201734 -0.4113100 -0.2405134 0.2542617 0.5462934 0.5598530 0.6028133 0.2977519 -0.1042064 -0.0920798
0.0609290 0.0610690 -0.0497934 0.4438721 0.0279714 0.4464322 -0.2728977 0.3437246 0.2343363 0.8329574 0.6922920 -0.1726827 -0.0212369 0.0000000 -0.2506567 0.0976866 0.5425652 -0.1856519 0.2192410 0.0595571 -0.0147210 0.1320689 0.3954246 -0.3363697 0.3107508 0.4398453 0.5708698 0.0556352 -0.2399548 0.6976035 0.1329870 0.2837492 -0.3155387 -0.2663443 0.3774882 0.0716517 0.3640435 0.1851231 0.5929623 0.2933998 -0.0313772 0.3332744 0.4721852 0.0034174 0.1900965 0.1391490 0.2061300 0.1997105 -0.1860418 0.0350099 0.2935420 0.4165682 0.0615738 0.2708590 0.1589283 0.2540910 0.1641623 -0.0374649 0.4684779 0.2254971 0.2003633 0.3162577 0.1407697 0.3487686 0.0309541 0.0031857 0.2142328 0.4381085 -0.0481563 0.3473916 0.1838641 0.1583685 0.2126058 0.0563478 0.1608497 0.1893779 0.1992210 -0.0929425 -0.1694259 0.0910979 -0.2779521 0.4002399 0.0319888 0.0710193 0.2547439 -0.1599609 -0.0099421 0.3452822 -0.0278896 0.0137987 0.1089625 -0.2402049 -0.6386937 -0.3692506 -0.0326469 0.4006821 -0.3149912 -0.3692173 0.1014052 0.0494480 -0.2009598 -0.1102712 0.0293707 0.0502481 -0.0141982 0.5204683 -0.1105016 0.0960953 0.0930901 -0.0681307 0.0734658 0.0735758 0.1269329 -0.0514985 -0.1013586 -0.0352956 -0.2601202 -0.0113939 -0.1964236 -0.0720928 -0.1364629 -0.2407759 -0.1974001 0.1886826 0.0165079 0.3514519 -0.2581794 -0.0714382 -0.0876099 0.3192029 0.1252022 -0.0609635 -0.2402585 0.1143717 -0.0287149 -0.2555593 0.1815087 -0.0815819 0.0419952 0.2511736 -0.5629659 0.1165809 -0.2297682 0.2517771 0.3564619 -0.2182728 0.1196763 0.1247672 -0.2880152 0.1603144 0.1665303 0.2577333 0.0956834 -0.5516158 -0.0974677 0.2191928 -0.0361132 0.0812732 -0.3138816 0.3479075 -0.1647114 -0.0366244 -0.0400337 0.3373555 -0.1632574 0.0905810 -0.4421821 -0.1786726 -0.2512745 -0.1010989 -0.2946785 -0.2223108 -0.2207634 -0.0423026 0.2355400 0.1164941 0.0816279 -0.0603306 0.2476855 0.3562475 0.3894205 0.3697622 0.5856650 0.3564378 0.4239768 -0.1327234 0.0137177 -0.1957939 -0.0385849 0.0344486 0.0677449 0.0552023 -0.0163994 -0.0899036 0.2101140 0.0538182 0.2927625 0.0534942 -0.0683473 0.3546206 0.2945868 -0.0525023 -0.4250807 0.0938142 0.3075688 -0.2146011 0.0006734 0.3290587 0.3554265 0.1929797 -0.3703605 0.1055449 0.1228994 -0.2137922 -0.0220501 0.2488424 0.3995108 0.3899851
0.7000297 0.5508769 0.2984201 0.2824911 0.2037340 0.4496216 0.6715380 0.1665251 0.6471569 -0.0204369 -0.3811587 0.8744675 0.1119644 -0.2506567 0.0000000 -0.5630182 -0.6306120 0.9274801 -0.2853401 -0.2083799 0.7940070 0.0469625 -0.5866002 0.8935304 -0.3149803 -0.4531659 -0.3099292 0.7171180 0.8437078 -0.1340267 -0.0155446 -0.2745180 0.7432867 0.7683729 -0.4410444 -0.0419037 -0.2718608 0.0728436 -0.2986942 -0.2702916 0.2143135 -0.3812932 -0.3613083 0.4118047 -0.3580359 0.0687997 -0.2823420 -0.0617110 0.6571510 0.0248217 -0.4249731 -0.5677271 0.5134980 -0.4719250 0.3698956 0.1945957 -0.1193807 0.2438303 -0.4491370 -0.4863168 -0.0019281 -0.6332567 -0.0886702 0.3696611 0.5643643 0.0507405 -0.5068100 -0.4689315 0.0570107 -0.0839886 -0.3333773 0.4700965 -0.5107470 0.4252902 -0.1921770 -0.3101700 0.1993186 -0.5047791 -0.5413037 0.0029967 -0.3214722 0.0820937 -0.0966904 -0.2464292 -0.1376609 -0.3734204 0.1671337 -0.3104231 -0.2445686 -0.4144922 -0.2685033 0.0303406 -0.1287541 -0.0079243 0.0588690 -0.1327439 0.3178025 -0.3862824 -0.2603183 -0.1927735 -0.3800570 -0.2355023 -0.1628307 0.0427058 0.0530340 -0.0484176 -0.3691083 -0.1600733 -0.2618042 -0.3330530 -0.2518760 -0.2285981 -0.1897776 0.0163067 0.0477398 -0.0659746 -0.1293113 -0.3694357 -0.0009794 -0.2176925 -0.2055345 -0.0884919 0.2230705 0.0958972 0.0566857 0.1876456 -0.3211006 0.2666657 0.2909712 0.1412195 0.0591629 -0.2241877 -0.1090600 0.5519997 -0.1568604 0.2655320 0.2960396 0.2497099 0.0904877 0.4203211 0.2376673 0.1154687 0.0352441 0.4501546 0.3257289 0.1573784 0.2292831 0.1484818 0.3276802 0.1858539 0.2973039 0.3639111 0.1825730 0.3806367 0.2077644 0.1544740 0.2695268 0.4760551 0.4250584 0.2064109 0.2036220 0.2866614 0.0752397 -0.1838188 0.3180719 0.3085813 0.3061465 0.3195065 0.3022157 0.2264868 0.4474609 0.4305254 0.4254724 0.5738218 0.5612843 0.4731161 0.5167278 0.4359907 0.4009381 -0.2096996 -0.3056230 -0.3003445 -0.4912932 -0.4557583 -0.2223471 0.4801927 0.1938990 0.4337538 0.4984752 0.6415550 -0.0947167 0.3279616 0.4525407 -0.0005003 0.1562738 0.1740747 0.3385769 0.4402491 0.2883603 0.1448707 -0.5824306 -0.2051953 -0.3391111 -0.1015702 -0.0166595 -0.3835848 -0.1332622 -0.3601147 -0.6198920 -0.2128265 -0.2658923 0.3913780 -0.0797841 0.2510357 0.0086726 -0.5417273 -0.3262327 -0.0904984
-0.0690429 -0.0614671 0.3202662 0.1433220 0.0251226 -0.0065596 0.0918289 0.2988863 -0.3831995 0.0611142 0.5752307 -0.3751326 0.5192109 0.0976866 -0.5630182 0.0000000 0.6171312 -0.5098481 0.4223955 0.7280385 -0.3903276 0.4813298 0.7396183 -0.7174383 0.4468841 0.3410560 0.3021339 -0.7818561 -0.5446960 0.0082895 0.5697355 0.5301826 -0.7483601 -0.5960554 0.3106977 -0.0532983 0.3192597 0.3934266 0.0425064 0.0495668 0.2914070 0.2451924 0.2282977 -0.6669460 0.4805883 0.0765990 0.3509232 0.5026262 -0.6429481 -0.1499090 0.4793330 0.2176876 -0.3250061 0.0891846 -0.2133057 -0.1373712 0.4326543 -0.5155199 0.1102578 0.4150089 -0.0132497 0.3283413 0.5429834 -0.2558502 -0.2918250 0.2694948 0.3096540 0.2289356 0.2153020 -0.0326896 0.6354198 -0.2707562 0.5614025 -0.0161185 0.5477375 0.4825538 0.0262668 0.4263579 0.5179285 0.3349268 0.1412585 0.3492485 0.4156364 0.2511760 0.0041450 0.6667930 0.4862728 0.3659864 0.5342538 0.2746779 0.6436754 0.3914833 0.3625853 0.1728170 0.4550731 0.4481143 0.0067036 0.4407876 -0.3554900 0.4694885 0.0272421 0.6187654 0.2002798 0.0168313 -0.3354117 0.4218772 0.5821889 0.2331300 -0.1160166 0.7299067 -0.4874923 0.2697447 0.3000742 0.4402103 0.5661243 0.4401596 0.4246638 0.4878668 0.3938895 0.6007591 0.4736062 0.2808922 -0.1015109 0.2584395 0.3977997 -0.0676228 0.7106260 -0.0439002 0.2770780 0.1408356 0.2313793 0.4960343 0.5426072 -0.2332798 -0.1800533 0.0962549 0.0636775 -0.0650633 0.3759383 -0.1883315 0.2872596 -0.0208242 0.2150226 -0.1975603 -0.1712557 0.0249922 -0.0204551 0.1185347 -0.0974795 -0.0407945 0.0016212 -0.3634604 -0.0653115 -0.0573996 -0.0450058 -0.2796681 -0.3107243 -0.3524290 -0.0483547 -0.1322412 -0.0291420 -0.0910195 -0.1955522 -0.2314733 -0.0679416 -0.2872408 -0.3693371 -0.2000375 -0.2377598 -0.1320940 -0.1531331 -0.1578125 0.1829829 0.0515506 -0.2257660 -0.2336386 -0.2921108 -0.3076062 -0.2785198 0.3461745 0.4516497 0.2944348 0.2047234 0.2190527 0.1641643 -0.0977613 0.0793267 0.0861738 -0.0774053 -0.2825539 0.4455960 -0.1001314 -0.2097438 0.2289863 0.1149756 -0.0009625 -0.2817609 -0.1673454 -0.2992962 -0.1140364 0.4850132 -0.3015580 -0.0171193 0.0749929 0.1338089 0.2352560 0.4274135 0.3556653 0.5015670 -0.3008745 0.2300841 -0.2367827 0.3193423 0.3241830 0.4066472 0.5429119 -0.0934808 -0.3215396
-0.1803529 -0.2225143 -0.0206768 0.0736697 -0.0546992 -0.0363869 -0.3179830 0.0913594 -0.2076904 0.3901565 0.7079244 -0.4445640 0.1131646 0.5425652 -0.6306120 0.6171312 0.0000000 -0.6279087 0.3325629 0.3754883 -0.2789999 0.0194565 0.6542679 -0.6335933 0.3729254 0.4549901 0.6251169 -0.5349379 -0.4662490 0.4020057 0.0585980 0.4508204 -0.5473289 -0.4176528 0.4163562 0.3167247 0.3291292 0.2108522 0.6281880 0.2230068 -0.2866160 0.6001784 0.5568252 -0.2195885 0.5327695 0.0314255 0.2215160 0.3409027 -0.3522664 -0.0001443 0.3650117 0.5666050 -0.1445803 0.5162213 -0.1005023 0.0667549 0.1775589 -0.0508691 0.4754594 0.2938512 0.0873498 0.4921888 0.5411751 -0.0811681 -0.3614226 0.0732345 0.2658429 0.5713768 0.1641715 0.1631116 0.3269370 -0.1722969 0.5491634 -0.1452607 0.3512155 0.3318486 0.0074309 0.3154100 0.2798712 0.1366095 0.0516922 0.1513125 -0.0106736 0.1310088 0.1754610 0.1030190 0.0201531 0.4568863 0.2180179 0.4100723 0.3830839 0.0776423 -0.1859218 0.0051817 0.1988726 0.4456119 -0.1038031 0.2670565 0.1044251 0.4598557 0.1987248 0.3138415 0.0372887 0.2612373 -0.1354541 0.3352781 0.2504601 0.0448242 0.1812404 0.3672131 0.0265051 0.2657049 0.2132437 0.1152879 0.1496252 0.0335471 -0.0374602 0.2144270 -0.0739077 0.1391066 0.0544978 -0.0424644 -0.4216367 0.1395783 -0.0229791 0.0061488 0.1644562 -0.3444711 -0.2049973 -0.0397640 -0.1256665 0.0632050 -0.0934691 -0.4363331 -0.0577017 -0.3771107 -0.2246744 -0.1882016 -0.0316320 -0.1274942 -0.2535361 -0.0008891 -0.1184472 -0.1983492 -0.1377870 -0.3268631 -0.1032892 0.0352710 -0.2221902 0.0195343 -0.0153617 -0.1899615 -0.1208031 -0.4394926 -0.2243392 -0.0660485 -0.2297586 -0.3667001 -0.3814628 -0.0504647 -0.1906946 -0.1959218 -0.1444424 0.0739784 -0.2441898 -0.2662865 -0.4777217 -0.1923259 -0.3306675 -0.2884680 -0.3800989 -0.2865114 -0.0610484 -0.0528334 -0.1385654 -0.1690156 -0.2797852 -0.3596197 -0.1360674 0.4872976 0.6563774 0.6629274 0.7249825 0.6772749 0.4946030 -0.3059519 0.0438997 -0.0646330 -0.1541207 -0.2839861 0.1835260 -0.1369633 -0.1372328 -0.1044751 -0.0178271 -0.1029802 -0.1141984 -0.1623561 -0.3476295 -0.0058129 0.4084160 -0.1077831 0.0199037 0.0625196 0.0489339 0.1244490 0.1579149 0.2346103 0.4253124 -0.0216620 0.0719205 -0.2296750 0.0740553 -0.2507342 0.0781784 0.3470108 0.4948900 0.1012151
