0.0000000 0.5224258 0.7393898 -0.1070097 -0.1280471 -0.0219910 0.3511400 -0.2403951 -0.0101828 -0.0249629 -0.1856004 0.2563706 -0.3129147 0.1490175 0.0537299 -0.3141038 -0.1075803 0.6531287 -0.4006719 0.0349769 0.4312700 -0.2661309 -0.2677231 0.4035363 -0.3356527 -0.5765091 -0.2541410 0.1952256 0.0701590 -0.0713407 -0.1594050 -0.3992305 0.3291677 0.3626960 -0.4650427 0.2452891 -0.5108399 -0.2877127 0.1071794 -0.1415511 -0.1572209 0.1040160 -0.4402781 0.1702590 0.3734398 -0.3267392 -0.4319882 -0.3455368 0.2395239 -0.3423903 -0.5090844 -0.3713996 0.3325058 -0.4116248 0.1583486 -0.0802540 -0.2946346 -0.4388542 -0.2086810 -0.4650822 -0.0734975 -0.5507106 -0.3360121 -0.5082133 -0.2492765 -0.3324243 -0.2607010 -0.6651862 -0.2132428 -0.5141126 -0.2617860 -0.2776806 -0.3826258 -0.4249066 -0.1449163 -0.3201511 -0.2216054 -0.2749949 -0.3164908 -0.0714086 -0.4324968 0.3568880 0.3290265 0.4037180 0.2171911 0.1854063 -0.1226573 0.1610224 0.4413730 0.5095153 0.4456013 0.1616386 0.3922558 0.1415270 0.0572227 0.2006017 0.4423546 0.3030346 0.0627825 0.3019063 0.0874238 0.2142358 0.0354815 -0.2054602 0.4100838 0.1520020 0.2379636 0.0104076 0.5232738 0.2554698 0.2686210 0.4320235 -0.0291553 -0.0012602 0.0617657 -0.0152918 -0.0241775 0.1311051 0.2332173 0.2751581 0.1533223 0.0397057 0.3777269 0.2282437 0.2880730 0.3756843 0.0514999 0.7810711 0.3654587 0.1753546 0.3105196 0.5444376 0.4676609 0.2800292 0.2048142 0.6818591 0.5309657 0.4924067 0.4531114 0.6666378 0.1913629 0.8044243 0.3095887 0.5579398 0.5703664 0.1575189 0.5706369 0.6986629 0.0424197 0.5052706 0.5778439 0.4821972 0.5968788 -0.0493150 0.4424236 0.2092656 0.7637982 0.5341180 0.2648747 0.7105472 0.4706495 0.6868037 0.0725968 0.4678162 0.3466329 0.2685308 0.2473582 0.1649275 0.4439412 0.6542648 0.1971546 0.1918059 0.6537544 0.3581450 0.6163721 0.5420432 0.6431051 -0.1581777 0.5259554 0.0432248 0.0217045 0.4115304 0.2256890 0.4085365 -0.0540373 -0.1539532 -0.4300784 -0.4194342 -0.3016161 -0.5475395 0.4996164 -0.2088120 -0.2567586 0.5280431 0.4425523 0.3551582 0.4853365 -0.1009000 -0.1416360 0.4721432 0.0138078 -0.3767099 0.1751093 0.4888399 0.3931974 0.0623736 0.5876868 0.5840432 -0.0323194 -0.4582022 0.1889607 0.3603843 0.0259968 0.2710500 -0.0954410 0.5013458 -0.2383630 0.0290368
0.5224258 0.0000000 0.7038064 0.3945558 -0.0970332 0.4512546 0.2371185 0.2308723 0.3373141 0.3493183 0.3471499 0.4533703 0.0098683 0.0320413 0.1758638 -0.0392894 -0.2133195 0.7581247 -0.0624861 -0.3379518 0.5341479 -0.1294511 -0.1761455 0.4039914 -0.0523143 -0.5171885 -0.2701327 0.2018492 0.3482278 0.0776370 -0.3535414 -0.5275311 0.2147843 0.3106065 -0.4609609 0.5749956 -0.6464581 -0.0702445 0.2451523 0.1514674 -0.4608798 0.3643209 -0.3258813 0.3387469 0.3796317 -0.2811418 -0.6383482 -0.4120774 0.2899848 0.0411577 -0.5927579 -0.1112774 0.3512891 -0.1542936 0.3031425 -0.0603483 -0.5334539 0.0924065 -0.0020712 -0.4669143 0.2958955 -0.5680246 -0.1980107 0.0467661 0.3121058 -0.4483445 -0.3172487 -0.4984326 -0.1335856 -0.1593204 -0.3980130 0.1065775 -0.4200374 0.0298942 -0.3078900 0.0650114 0.2035728 -0.2903898 -0.0756197 -0.5473313 -0.1857621 0.2131645 0.2779411 0.3047286 0.0716468 0.1377803 -0.5476653 0.1273548 0.1216591 0.3327695 0.1782213 0.1502621 0.4361804 0.3773450 0.1993300 0.2629617 0.1481704 0.4120513 0.0048077 0.1226538 0.2690227 0.0754548 0.1263465 -0.1618078 -0.0568579 -0.0407913 0.4110301 -0.0870005 0.1027438 -0.0536053 -0.0974366 0.5809218 -0.2040533 0.1461816 0.2758804 0.0184388 -0.1124092 0.0371418 0.0950707 0.2767851 0.0420983 -0.0520449 -0.3072493 0.1018653 0.3715369 0.1999934 0.0664214 0.4160423 0.2698793 0.1645095 0.2334328 0.2453787 0.3111221 0.4301891 0.0700552 0.2057918 0.4054138 0.2131557 0.0401909 0.5214661 -0.1226690 0.4008542 -0.1232920 0.7474692 0.3687594 -0.1496933 0.1546977 0.3612604 -0.3350122 0.0297345 0.2258413 0.3408561 0.2254533 -0.3985830 0.1711273 0.1198466 -0.0582052 0.3837493 -0.3869268 0.4794665 0.1698078 0.3318836 -0.2491958 0.3013253 0.1225511 0.0336091 -0.0923254 -0.2196295 -0.0525975 0.2536147 0.0703027 -0.1496798 0.5066887 -0.0854866 0.7070356 0.7788894 0.5921988 -0.4908274 0.5044575 -0.3776198 -0.3093608 0.4568920 0.3906106 0.6108034 0.1610857 0.1443164 -0.5301833 -0.7692876 -0.2632521 -0.4947751 0.5344320 -0.7493138 -0.6886581 0.7304073 0.5629910 0.5639714 0.6726057 -0.6117057 -0.2286284 0.2344973 -0.0546860 -0.0164719 0.1218698 0.5500833 0.1063627 0.2539363 0.1962358 0.1987671 -0.0140385 0.1800733 0.2247568 0.1813674 -0.0922387 -0.3830231 -0.3836413 0.2762827 -0.1216439 0.2480697
0.7393898 0.7038064 0.0000000 0.2088254 0.0636839 0.3306302 0.1571770 0.0334921 0.3593627 0.4079517 0.1823867 0.4164028 -0.1482298 0.2563947 0.0588461 -0.1739995 0.0300059 0.7114456 -0.2218066 -0.0224742 0.4823470 -0.1756874 -0.0966278 0.5472431 -0.2058829 -0.5220986 -0.1157570 0.3185575 0.3639334 0.1145807 -0.2185595 -0.4120786 0.4302244 0.4731353 -0.3344177 0.5452266 -0.5517259 -0.2173790 0.3978304 0.1839720 -0.3082045 0.4090986 -0.2006682 0.4473121 0.4919751 -0.2863278 -0.4910429 -0.3853220 0.4798275 -0.1633849 -0.5058374 -0.0224803 0.5378034 -0.0945928 0.1994206 -0.1206287 -0.4696115 0.0620950 -0.0943757 -0.4084458 0.2251938 -0.4576729 -0.1896218 -0.0987765 0.0326806 -0.3805675 -0.3323456 -0.5267540 -0.1642991 -0.3176584 -0.3882958 -0.0418692 -0.4119546 -0.2499926 -0.2719698 -0.1004127 -0.0334093 -0.3193086 -0.1776441 -0.2694901 -0.2594853 -0.0350666 -0.1003091 0.3017089 0.0902462 -0.0384343 -0.4011659 0.0874491 0.0597753 0.2514901 0.2491379 0.2333872 0.3789374 0.1008690 0.0291346 0.2818137 0.4531682 0.3570587 -0.0724914 -0.0570124 -0.0391962 0.1386238 -0.1296844 -0.4605282 0.2589502 0.0005818 0.3270111 -0.1022739 0.3956012 0.2084408 0.0867516 0.3175059 -0.2220532 -0.0144344 0.1677875 -0.1314043 -0.1476426 0.0587511 0.0786882 0.2598929 0.0489481 -0.1049117 0.1268545 0.0853958 0.3110659 0.3212032 -0.0534507 0.7497803 0.4538748 0.0727036 0.2865218 0.3845193 0.4209936 0.1835130 0.1434804 0.6216821 0.5248309 0.4464186 0.2743080 0.6056131 0.0258926 0.6543066 0.0401897 0.5793340 0.5941436 0.0438139 0.4472843 0.6466394 -0.2289984 0.2846709 0.3466573 0.4805944 0.5887374 -0.3314221 0.3617246 0.2022951 0.4267457 0.6264756 -0.0643810 0.5243138 0.4347523 0.6978468 0.0151972 0.4709577 0.2935619 0.2296485 0.1096770 -0.0435369 0.3281002 0.6349835 0.2136705 0.1043645 0.5907852 0.3058408 0.6172397 0.5718972 0.4966761 -0.3188557 0.4665976 -0.0846607 -0.2319395 0.4665473 0.4089225 0.4705543 -0.0479948 -0.2360835 -0.5971937 -0.6377545 -0.2699101 -0.5412913 0.4235481 -0.4957800 -0.4575543 0.6098148 0.4715331 0.4915205 0.4868648 -0.3847763 -0.1450602 0.2449192 -0.0775576 -0.3640002 0.0055725 0.3819276 0.2016126 0.1603465 0.5177631 0.4507712 -0.0300419 -0.1109791 0.0222761 0.0884497 -0.1104152 -0.1639337 -0.2026896 0.4216160 0.0290853 0.2248349
-0.1070097 0.3945558 0.2088254 0.0000000 -0.2065520 0.3804731 -0.1770202 0.8095232 0.3026550 0.2904003 0.7468203 0.1894236 0.6851230 -0.5198121 0.0653200 0.5074648 -0.3561655 0.0322666 0.6802983 -0.5070294 0.1768536 0.6157569 0.1846568 -0.2542025 0.6351010 0.1691337 -0.3692607 -0.3954753 0.2087250 -0.3882521 0.1719042 0.2099339 -0.3719739 -0.2471739 -0.0392209 0.6206318 0.0115526 0.6423044 -0.1555760 0.0529898 0.0725792 0.4539398 -0.0584058 -0.0843336 -0.0509333 0.4458315 -0.1888754 0.2155917 -0.1274805 0.4383758 0.0842257 0.1367756 0.0001111 -0.0476110 0.5786971 0.5744937 0.0680860 0.3920810 0.4199983 0.2366041 0.6645660 0.2054854 0.6408636 0.7246675 0.7749843 0.0705404 0.3244164 0.3381911 0.4002757 0.6395796 0.2850378 0.7381542 0.3524312 0.7476127 0.3305976 0.7639929 0.7885526 0.4315313 0.5402302 -0.8224247 0.6046556 0.1214733 0.1903000 0.3990601 -0.0114013 0.3686395 -0.0998083 0.2273541 0.1788658 0.3185219 0.1140015 0.2072515 0.3732237 0.7229872 0.3755195 0.4822011 0.1750317 0.4957861 0.2211454 0.2499092 0.4915886 0.2764112 0.3584055 0.2951130 0.1624890 0.3468418 0.5559258 0.3305221 -0.0380743 0.3300228 0.2739319 0.2059841 0.2065258 0.6441878 0.3774479 0.5362802 0.4412350 0.3023834 0.4429628 0.2897036 0.2422342 0.4457263 -0.0700635 -0.0325307 0.2962155 0.1609115 0.5019779 -0.1491822 0.0320447 0.6123223 0.4984097 0.2731881 0.4177629 0.4437480 0.4033872 0.1849722 0.5858154 -0.1745568 0.0982525 -0.2737162 0.2125000 -0.1968910 0.1822317 0.1798197 0.1106566 0.1662255 -0.0153873 0.1928503 0.1234837 0.0837481 -0.4805805 -0.2108425 0.1970059 0.0555923 0.1968669 0.0750337 -0.5128907 0.3368931 -0.0425096 -0.3711057 0.3171343 0.2797201 0.0129422 -0.3041894 0.4338683 0.2675416 0.2215353 0.2268286 0.3734651 -0.0245796 0.4928882 0.3857720 0.1574487 -0.2843881 0.1039940 0.1704924 -0.2959746 -0.7751054 0.1395153 -0.6538006 -0.6044175 0.0917058 0.6351112 0.2651375 0.5236783 0.6409355 -0.1144564 -0.3014418 0.3151450 0.0895262 0.2490187 -0.8503937 -0.8222206 0.1107403 0.1741131 -0.0805733 0.1753947 -0.8132617 0.3246038 0.0312563 -0.5172264 -0.1344682 0.1500724 -0.0719307 -0.6815039 0.7270797 -0.1389157 -0.5884308 -0.3917668 -0.0267306 0.1428300 -0.2618082 -0.3378691 -0.6631223 -0.7636788 -0.0629600 -0.0066373 -0.0273486
-0.1280471 -0.0970332 0.0636839 -0.2065520 0.0000000 -0.1988967 -0.7309096 0.0644934 -0.1075382 0.2752203 0.1057212 -0.5193805 0.0466547 0.4027877 -0.4874714 -0.1997275 0.1123758 0.0080108 -0.0569297 0.6264276 -0.3394801 0.1052992 0.0157281 -0.0172617 0.0370721 0.1539671 0.2153862 0.1170002 -0.1608218 0.2694976 0.5261630 0.2840169 0.0328639 -0.0210151 0.3283588 -0.2094500 0.1855685 -0.0327113 0.1961369 0.0434624 0.2356206 -0.2027926 0.3584958 -0.0484327 -0.2702981 0.2933623 0.3208204 0.3316006 0.0313829 0.1246723 0.2386242 0.1147287 -0.0446956 0.1334686 0.3237221 0.0420974 0.1209390 -0.0604247 0.0737543 0.2768044 -0.0451118 0.2298063 0.1332712 -0.0546316 -0.4610724 0.4598090 0.1532572 0.0718138 0.2464009 0.0517307 0.1306921 -0.0351350 0.0809727 0.0336655 0.1004360 -0.0308846 0.0684337 0.1144735 -0.1972993 0.0284293 -0.0774475 -0.3761086 -0.4730794 -0.3398564 -0.2320456 -0.6039174 -0.3190246 -0.0026942 -0.6002694 -0.3423161 -0.3215812 -0.2651786 -0.2034077 -0.3366583 -0.6156627 -0.3085701 -0.0055470 0.0860902 -0.5600330 -0.2571691 -0.1378401 -0.1839299 -0.3806350 -0.2934223 0.0991444 -0.1386131 -0.2304548 -0.6892898 0.0557973 0.1161495 -0.3821310 -0.0667972 -0.4398379 -0.2529203 0.3970401 -0.3371336 -0.1288503 0.0167622 -0.1170411 -0.0627320 -0.1384758 -0.1920617 -0.0831539 -0.2564114 0.1056056 -0.0697016 -0.2439907 0.0376302 0.5820786 -0.4295789 -0.0790426 -0.4166346 -0.2717354 -0.5453661 -0.4233212 -0.2229941 -0.2736387 0.4568239 0.0815851 -0.1709318 -0.5538030 -0.0680338 -0.5111450 -0.2741926 0.3318669 -0.7005929 0.3114397 0.0711137 -0.4879065 -0.3641777 -0.2467771 0.1796511 0.1001136 -0.6345579 -0.2188290 -0.3576048 -0.0975153 0.0728352 -0.4517138 -0.2168126 -0.2519997 -0.1569501 -0.5859845 -0.1311042 -0.5137460 -0.3285878 -0.6144978 -0.5142943 -0.4228646 -0.2170007 -0.3905147 -0.3950582 -0.2475500 0.0853057 -0.5717178 -0.4706719 -0.3053997 0.1299146 -0.4444241 -0.0985988 -0.2006371 -0.5751227 -0.4345949 -0.5211162 -0.0782260 -0.3912545 0.1431012 0.4295136 0.4955503 0.5096698 -0.2033701 0.2597792 0.4012211 0.0064888 -0.1573380 0.3260189 -0.2837818 0.1098702 -0.3993433 -0.1466686 -0.1358426 -0.4924689 -0.7998349 -0.4322838 0.1631205 -0.3385843 -0.1251119 0.1469193 -0.1930750 0.1298953 -0.5665592 -0.4488145 0.4854068 -0.1422758 -0.0047971 0.0859388 0.1234518 0.1830448
-0.0219910 0.4512546 0.3306302 0.3804731 -0.1988967 0.0000000 0.1955274 0.4509897 0.9248423 0.8105838 0.6404180 0.8165825 0.1585826 0.1458152 0.6354587 0.5465057 0.3611502 0.5137967 0.3059762 -0.1541692 0.3102337 0.0332351 0.5533097 0.5305161 0.2576618 0.3055275 0.4883454 0.4489045 0.7297546 0.4706885 -0.3223003 0.0703533 0.3606858 0.3504015 0.4162801 0.5402439 0.1751853 0.1289746 0.5841713 0.8012783 -0.2792682 0.8073041 0.5065658 0.6867807 0.3898245 -0.0524919 0.1657455 -0.1824698 0.3845625 -0.1524850 0.1806973 0.6370724 0.3395380 0.5711243 -0.0217567 -0.0166080 0.0787813 0.7419756 -0.3247059 0.1989247 0.3124150 0.1029877 -0.1054530 0.6000905 0.4311690 -0.0612116 0.1049727 0.2194894 -0.0065468 0.2269336 -0.0900196 0.4817742 0.1149370 0.2141911 -0.1363632 0.3168597 0.2055791 -0.0483834 0.3327680 -0.2955058 0.2814573 0.0211257 -0.2906510 -0.1888041 -0.3687936 -0.3555116 -0.5760646 -0.3820630 -0.3222863 -0.4193433 -0.3372922 -0.3213072 -0.2759403 0.1823284 -0.1351276 -0.2106135 -0.4261124 -0.1696593 -0.4492153 -0.2232215 -0.4207514 -0.5264633 -0.4719413 -0.1733804 -0.5671428 -0.4118125 -0.1613922 -0.1331319 -0.5579915 -0.1630770 -0.4261646 -0.1182228 -0.1293898 0.1166775 -0.1193562 -0.2896998 -0.3822426 -0.2561482 -0.3127992 -0.2102266 -0.2248127 -0.3376658 -0.5217737 -0.1334908 0.0800895 0.1276131 -0.1639417 -0.0295751 -0.1772727 0.0271665 0.1793035 -0.2058678 0.0771521 0.1232240 -0.0252119 0.0032220 0.0954072 -0.4187044 -0.1171643 0.0782438 -0.1215937 -0.2633276 -0.0688496 0.3151983 -0.3571829 0.1119717 -0.3801903 -0.2335119 -0.1751668 -0.0463716 -0.1181458 -0.3186710 -0.2083027 -0.2015928 -0.2617579 -0.1731882 -0.2237303 -0.2502684 -0.2192286 -0.0188768 -0.2297249 -0.0358454 -0.1631294 -0.0184254 -0.0369022 -0.2771497 -0.2999812 -0.1840651 -0.0134861 -0.0108160 -0.1349819 -0.0833903 0.2535995 -0.4646329 0.2229365 0.1600339 -0.0068455 -0.3139663 0.1065057 0.1056439 -0.1048036 0.2732916 0.3095302 0.1563463 -0.2759877 0.2379458 -0.6730122 -0.7196088 -0.0863439 -0.0927044 -0.1475181 -0.6017381 -0.5915878 0.0664691 0.1803448 0.2076240 0.1824110 -0.4489622 0.3127239 -0.0320859 0.2070391 0.2074379 0.2506125 0.2117235 -0.1491830 0.5162619 -0.3097105 0.2630081 0.4013329 0.5123303 -0.0293874 0.0689014 -0.4766316 -0.5631235 -0.2836912 0.3989812 0.3359183 0.2256317
0.3511400 0.2371185 0.1571770 -0.1770202 -0.7309096 0.1955274 0.0000000 -0.3015041 0.1022115 -0.2796645 -0.3712528 0.6482785 -0.2671210 -0.1471337 0.5060344 -0.0446559 -0.1291964 0.3053576 -0.2366193 -0.3326809 0.2815985 -0.3851031 -0.2163326 0.3180975 -0.3116080 -0.3441142 -0.1854247 0.1641475 0.1763238 -0.0663977 -0.4648482 -0.5044534 0.3018860 0.2798410 -0.3838615 0.0401323 -0.3154821 -0.2601733 0.0557829 0.0095069 -0.3426582 0.1997939 -0.4189283 0.2975503 0.4151358 -0.5509576 -0.3222369 -0.4871444 0.1400785 -0.3999813 -0.4010521 -0.2590913 0.1182305 -0.1282223 -0.3806719 -0.2500793 -0.1822491 -0.1301954 -0.3746140 -0.4317775 -0.3632914 -0.4257100 -0.4601553 -0.3157705 0.0285615 -0.5802968 -0.3245158 -0.3563616 -0.4570639 -0.4556454 -0.3616481 -0.3077273 -0.3743353 -0.4058880 -0.3545040 -0.3231733 -0.3759460 -0.3974380 -0.1340991 0.2113228 -0.3057688 0.5126835 0.4135740 -0.0748165 0.0095370 0.3443598 0.0786110 -0.3829303 0.4075172 0.1203817 0.0940380 0.0294716 0.1981654 -0.1494394 0.3403804 0.0910141 -0.1573235 0.0246094 0.2596265 -0.0802804 -0.2462902 0.0131795 0.2048112 -0.1208099 -0.2436597 -0.2433095 0.0348081 0.3066693 -0.0552855 -0.5051451 0.1038625 0.1719382 0.3046690 0.0101012 -0.4349794 -0.0159971 -0.0827972 -0.0357770 0.0064805 0.2498855 0.2535900 0.0377659 -0.0836248 0.5007607 0.1488434 0.4338548 0.1531493 0.0588613 -0.3289139 0.2025162 0.1692293 0.1096689 0.3742991 0.3716381 -0.0654013 0.0531560 0.2050458 -0.3085098 0.1271129 0.5592798 0.1577541 0.2493084 0.2612112 0.4081958 -0.1784335 0.6353582 -0.1341337 0.0009642 0.2070825 0.4123303 0.6487940 -0.1466736 -0.1489905 0.3247124 0.0058693 0.2105263 0.2899170 -0.2365369 0.3248574 0.5766475 -0.0427521 0.0601276 0.3432614 0.1702862 0.2047653 -0.0390973 0.2516659 0.1089437 0.1089894 0.1882023 -0.1181635 -0.0545391 0.3562816 -0.1181887 0.6930167 0.5342514 0.5285946 0.0650417 0.3707862 0.4510603 0.4936323 0.7045407 0.2452497 0.5589000 -0.2756977 0.1326010 -0.4892650 -0.4667687 -0.5949567 -0.6720672 0.3993798 -0.0838453 -0.2832034 0.2843987 0.5117692 0.0719113 0.5498605 0.1216184 -0.0454555 0.4721068 0.5272282 0.6267859 0.8260908 0.8061274 0.3967810 0.0133852 0.4227979 0.3552892 0.6141482 0.0574409 0.5853241 0.7852872 -0.1737504 0.4554487 0.3105187 0.1323433 0.0910537 0.0361911
-0.2403951 0.2308723 0.0334921 0.8095232 0.0644934 0.4509897 -0.3015041 0.0000000 0.4553355 0.4634994 0.9090357 0.2491152 0.8960793 -0.5448212 0.3100359 0.7826556 -0.2743593 0.0211229 0.9189074 -0.2938804 -0.1478651 0.8021992 0.4893029 -0.3911910 0.8954588 0.5453066 -0.1650739 -0.4508411 0.1058082 -0.3561103 0.4191094 0.5767882 -0.5418617 -0.4617637 0.3301860 0.4209933 0.3869381 0.8469452 -0.2426774 0.1397338 0.2737915 0.5199032 0.2195616 -0.1867816 -0.3741170 0.6918956 0.1490673 0.4577804 -0.3992125 0.4217600 0.4363462 0.3045612 -0.3114708 0.1790509 0.7127345 0.7861379 0.4728261 0.4262410 0.3112404 0.6242508 0.4151863 0.5688769 0.7511692 0.7949606 0.5396047 0.5225455 0.7206897 0.6368948 0.7500078 0.8635012 0.6507179 0.9326871 0.6899500 0.9243260 0.6418197 0.9438276 0.9404887 0.7372987 0.7357588 -0.7344329 0.8346183 0.0737501 -0.0168833 -0.0901149 -0.4563683 0.0036199 -0.2817108 -0.1470701 -0.1380273 -0.0579865 -0.3394259 -0.3756709 -0.0860152 0.5465727 -0.0408790 0.0658186 -0.3034515 0.2832167 -0.2024187 0.1957331 0.2892926 -0.1139942 -0.0045044 0.3288672 -0.1896260 0.1381123 0.2396301 -0.0919137 -0.4314641 0.1646866 -0.0495053 -0.0530156 -0.0532623 0.6361362 0.2149838 0.3013124 0.2548716 0.0240343 0.2264412 0.0259434 0.0771115 0.2756538 -0.2953382 -0.2665538 0.2455834 0.1538560 0.4122360 -0.4355784 -0.0037296 0.5671596 0.5558514 -0.1253524 0.3179995 0.2883198 0.0944162 -0.1384868 0.4706028 -0.3706582 0.1543514 -0.5167179 -0.1155052 -0.5136329 0.0914288 -0.0092089 -0.1373031 0.0030233 -0.1547254 -0.0532145 -0.0174993 0.0846886 -0.6568550 -0.5584540 -0.0483819 -0.0604445 -0.1666396 -0.2353440 -0.5398885 -0.0688500 -0.0440384 -0.5548992 -0.0918917 -0.0106233 -0.3228448 -0.5735826 0.0924650 -0.2352683 -0.2610411 -0.0416171 0.1985384 -0.3998002 0.0308203 0.0877515 0.2089300 -0.6336084 -0.1902000 -0.1919514 -0.5438456 -0.6929195 -0.2152715 -0.5085191 -0.6086720 -0.1259580 0.5087749 -0.0274257 0.4312792 0.7611655 -0.0835410 -0.0584267 0.7143670 0.5008725 -0.0640539 -0.7083598 -0.6864197 -0.2090393 -0.0260484 -0.2221038 -0.0353498 -0.7547280 0.3911785 0.0443294 -0.5615252 -0.2496936 -0.0285521 -0.2825924 -0.4613533 0.7823806 -0.4874558 -0.4482157 -0.3076617 0.1675997 -0.2463807 -0.3249842 -0.0827580 -0.5956844 -0.8256694 0.1549396 0.2000756 -0.0059933
-0.0101828 0.3373141 0.3593627 0.3026550 -0.1075382 0.9248423 0.1022115 0.4553355 0.0000000 0.8520416 0.6418396 0.7826513 0.1855853 0.2321959 0.6879451 0.4949574 0.4359482 0.5340965 0.3264752 -0.0007768 0.1964266 0.1423257 0.6050573 0.4671171 0.2623330 0.3271525 0.5511495 0.4193306 0.6817328 0.4168763 -0.1765493 0.1896175 0.2900528 0.3117538 0.4170726 0.5518794 0.2482071 0.1891437 0.5217883 0.7181487 -0.0797277 0.8743953 0.5005452 0.6250146 0.3334586 0.0865384 0.1662061 -0.0200237 0.3320232 -0.0644599 0.1810532 0.6193715 0.3223832 0.5779021 0.0620707 0.0625312 0.1398715 0.7624778 -0.2466412 0.2232265 0.3332278 0.1741294 -0.0259089 0.5918785 0.3388926 0.0627318 0.1414983 0.2494887 0.1321899 0.2544115 -0.0093960 0.5102557 0.1468019 0.2094148 -0.0232197 0.3688002 0.2319580 0.0123037 0.3672555 -0.2041125 0.3085618 -0.1558994 -0.4477469 -0.2547602 -0.3982705 -0.4380047 -0.4915942 -0.4411908 -0.4230044 -0.5103815 -0.4836239 -0.3950816 -0.3538439 0.0630820 -0.2394958 -0.2923602 -0.4204179 -0.2600126 -0.4497909 -0.2882550 -0.4569887 -0.5450958 -0.6257762 -0.1570241 -0.6089390 -0.4173485 -0.2160640 -0.2851361 -0.5881077 -0.1326651 -0.4775891 -0.3865344 -0.2720383 0.0269886 -0.2304976 -0.3726813 -0.4717581 -0.4535165 -0.4411783 -0.4095489 -0.3874094 -0.4310821 -0.4961326 -0.3471738 -0.1516243 0.0392751 -0.2421002 -0.0664157 -0.1849132 -0.0302097 0.0864278 -0.2602580 0.0472924 -0.0388018 -0.0518417 0.0075738 0.0466947 -0.3801474 -0.0434670 -0.0014072 -0.1479936 -0.2646180 -0.0764707 0.2613847 -0.3210971 0.0460817 -0.4306725 -0.2417745 -0.2397570 -0.0352647 -0.1813839 -0.2823268 -0.2469484 -0.2073531 -0.3518169 -0.0374140 -0.0981199 -0.2469483 -0.1669629 -0.0791277 -0.3013662 -0.0345095 -0.0595385 0.0559366 -0.1569238 -0.2782898 -0.3626692 -0.2015407 0.0615838 -0.0391772 -0.1794387 -0.1303868 0.2465705 -0.4706855 0.1206634 0.0671949 -0.0882151 -0.3175566 -0.0380800 0.0625026 -0.2875918 0.2404121 0.4002247 0.1459836 -0.2869191 0.1512065 -0.6005623 -0.6232862 0.0374955 -0.0308841 -0.3684388 -0.5305019 -0.4814023 -0.1671535 -0.0602437 -0.0132772 0.0898955 -0.4803459 0.3367153 -0.0368629 0.0848256 0.0374023 0.0371474 -0.0067111 -0.0189573 0.4240817 -0.3187077 0.2795398 0.3857185 0.5335701 -0.2481186 -0.0811345 -0.2582453 -0.4973283 -0.3627074 0.5546991 0.4744800 0.2800381
-0.0249629 0.3493183 0.4079517 0.2904003 0.2752203 0.8105838 -0.2796645 0.4634994 0.8520416 0.0000000 0.7314904 0.4981364 0.1658278 0.3166802 0.4108380 0.4412887 0.4807349 0.4211393 0.2473284 0.0938068 0.0402846 0.0818589 0.6272158 0.4186397 0.2264013 0.3161276 0.5536584 0.4349479 0.4846716 0.4769849 -0.0773467 0.2003957 0.2507526 0.1847196 0.5154363 0.3606143 0.2125839 0.0732019 0.5512529 0.7310300 -0.2146202 0.6224797 0.6333341 0.5007378 0.1157355 0.0750260 0.2351665 -0.0932814 0.2712012 -0.1586951 0.2508544 0.6547778 0.2143725 0.5865697 0.1178706 -0.0020183 0.0925186 0.6632579 -0.1466375 0.3023688 0.2989681 0.2442252 0.0569940 0.5169981 0.1326349 0.2296527 0.1940215 0.2520705 0.1927810 0.2959137 0.0374846 0.4600527 0.1624928 0.2402848 0.0107005 0.2952578 0.2960126 0.0609688 0.2632104 -0.2603500 0.2829960 -0.3600740 -0.6276894 -0.2491235 -0.4673434 -0.6649999 -0.6968063 -0.3088845 -0.6074109 -0.4605626 -0.4411227 -0.3649709 -0.3872465 0.0199727 -0.5033787 -0.2258641 -0.2520740 -0.1829878 -0.6660709 -0.3161129 -0.3666866 -0.5232050 -0.6825485 -0.3379741 -0.3956936 -0.3578112 -0.1500976 -0.4220936 -0.3641098 0.1479092 -0.4898748 -0.1857653 -0.3667547 0.0627238 0.1602326 -0.3419169 -0.4337606 -0.2784210 -0.3820667 -0.3075184 -0.3581740 -0.4563538 -0.4321155 -0.3624546 0.0395236 -0.0195183 -0.3079798 0.0760349 0.1713561 -0.1344301 0.1015315 -0.2882558 -0.0383851 -0.1117069 -0.1385157 0.0346600 0.0581194 -0.0159913 -0.0295907 -0.1400459 -0.3357469 -0.2322702 -0.2700441 0.0784926 -0.0936516 -0.1746655 -0.1687092 -0.1294800 -0.3888180 -0.2659801 -0.3824462 -0.0640708 -0.0323183 -0.4561505 -0.2953862 -0.2132101 -0.1783805 -0.0603004 -0.3662037 -0.1935744 -0.2237148 -0.0021447 -0.3127306 0.0127092 -0.2554030 -0.2978741 -0.4401714 -0.3388206 -0.1112875 -0.0738911 -0.2021318 -0.2193266 0.1998246 -0.2581446 -0.0689474 -0.0963513 -0.1411177 -0.1484187 -0.1455677 0.0211501 -0.3031257 -0.0548069 0.1527537 -0.1215824 -0.2322565 -0.0389525 -0.4849660 -0.4384529 0.1601916 0.1213357 -0.3332196 -0.4356227 -0.3145186 -0.0170165 -0.0454909 0.2416696 -0.1786181 -0.3625853 0.1736849 -0.1793557 0.0227717 -0.2209596 -0.2398497 -0.1507854 -0.0861804 0.3655943 -0.3663033 0.2867202 0.1453808 0.5082054 -0.3726418 -0.3382379 -0.2066977 -0.6371301 -0.3248340 0.5067441 0.4414619 0.3963614
-0.1856004 0.3471499 0.1823867 0.7468203 0.1057212 0.6404180 -0.3712528 0.9090357 0.6418396 0.7314904 0.0000000 0.3569525 0.7452213 -0.2904635 0.3936409 0.7711640 0.0644848 0.1301494 0.7792347 -0.3014344 0.0069203 0.6086719 0.6717255 -0.1584874 0.7692778 0.4879826 0.0868574 -0.2038503 0.2575945 -0.0965595 0.1781823 0.4767576 -0.3533668 -0.2952055 0.4154314 0.5024631 0.3185516 0.6683494 -0.0196726 0.3894689 0.0381580 0.5820971 0.4114943 -0.0041463 -0.2423218 0.5208380 0.1397016 0.2272099 -0.1964834 0.3108050 0.3941966 0.5424817 -0.1242851 0.4047672 0.5511538 0.5796146 0.3357560 0.5957988 0.1740432 0.5591404 0.5099147 0.5054487 0.5983228 0.8277043 0.5477140 0.4805663 0.5928464 0.5524439 0.6622569 0.7963937 0.4986221 0.9055987 0.5764647 0.8155600 0.5049602 0.8225893 0.8446342 0.5934833 0.7151017 -0.6488237 0.7677405 -0.1516946 -0.2421310 -0.0550825 -0.3962842 -0.1796420 -0.4540539 -0.0767420 -0.2814221 -0.1053733 -0.2924667 -0.3218996 -0.1636645 0.4893687 -0.1272080 0.0822120 -0.2748884 0.1496706 -0.3223449 0.0708695 0.1950728 -0.1858754 -0.1892207 0.1444280 -0.2521645 0.1133419 0.2427253 -0.1323087 -0.4024989 0.2997215 -0.1176870 -0.0261268 -0.1231207 0.5774994 0.2893776 0.2062602 0.0988219 -0.0314320 0.0893538 -0.0834674 -0.0455508 0.0922437 -0.3530735 -0.3023118 0.2017072 0.0003303 0.2359552 -0.2373814 -0.0180183 0.4305509 0.4029670 -0.0947958 0.1630720 0.2446135 0.1233643 -0.0459969 0.3768512 -0.2792490 -0.0480924 -0.4168088 -0.1505490 -0.3989045 0.0223221 0.0955588 -0.1867178 -0.0814194 -0.2474788 -0.1379193 -0.1395902 -0.0122944 -0.6238750 -0.3550385 -0.0424991 -0.2093581 -0.1570344 -0.1991135 -0.4635021 -0.0326126 -0.1779421 -0.4298103 -0.0648736 0.0496479 -0.3516191 -0.3032134 0.0623880 -0.2294307 -0.2972723 -0.0983061 0.1389212 -0.2540691 0.0392371 0.0633643 0.1897741 -0.4896184 -0.1108061 -0.0919408 -0.3682657 -0.5870451 -0.0717758 -0.4367764 -0.5931806 -0.0803652 0.4615386 -0.0188761 0.2955712 0.5636460 -0.1593056 -0.2241113 0.5509211 0.3697765 -0.1411805 -0.7254498 -0.6383953 -0.1305690 -0.0318449 -0.0954747 -0.1059285 -0.7360179 0.4138067 -0.1176517 -0.4897448 -0.3181520 -0.1127468 -0.2660537 -0.4177162 0.7679860 -0.5715533 -0.3088954 -0.2710588 0.2453615 -0.2828543 -0.3582654 -0.1857270 -0.7038401 -0.7590089 0.2679885 0.2108904 0.0580956
0.2563706 0.4533703 0.4164028 0.1894236 -0.5193805 0.8165825 0.6482785 0.2491152 0.7826513 0.4981364 0.3569525 0.0000000 0.0776035 -0.0477788 0.8546307 0.4721895 0.2070622 0.5385993 0.1931147 -0.3105177 0.3247660 -0.0764062 0.4035770 0.4709192 0.1146225 0.0631221 0.2164498 0.3183515 0.5568429 0.1780261 -0.4347729 -0.1383416 0.2993223 0.2839799 0.1021979 0.4240854 -0.0203932 0.0504980 0.3276775 0.5488992 -0.3401880 0.7451018 0.1290839 0.5508532 0.3871772 -0.2543561 -0.0884992 -0.3670359 0.2204804 -0.3168268 -0.0604322 0.3474815 0.2097196 0.3718064 -0.1403149 -0.0296011 0.0195535 0.4683444 -0.4132032 -0.0225311 0.0100396 -0.0583574 -0.2033148 0.2732477 0.2898325 -0.2298605 0.0222437 0.0241461 -0.0669312 0.0179040 -0.1172404 0.2802971 -0.0137198 0.0080866 -0.1154274 0.1600652 0.0576895 -0.1070644 0.3024239 -0.0998294 0.1621709 0.2116201 -0.0565460 -0.2170616 -0.3447481 -0.0926499 -0.3781610 -0.5287000 -0.0114449 -0.2129266 -0.2285559 -0.3135890 -0.1563903 0.0614230 0.0308801 -0.0789748 -0.3978402 -0.1171948 -0.2051879 -0.1489283 -0.3897929 -0.3637763 -0.2982980 -0.1685231 -0.5434933 -0.3531684 -0.0322925 -0.0008563 -0.4268480 -0.3016233 -0.1942325 -0.0526952 -0.0108828 0.1707765 -0.3652677 -0.1858355 -0.3211092 -0.2869423 -0.2260743 -0.0733574 -0.0568290 -0.2245484 -0.3555706 0.0753463 0.1170194 0.3291511 -0.0056194 0.0441095 -0.2889743 0.2336610 0.3017702 -0.0358498 0.3452838 0.3194284 -0.0070272 0.1060505 0.3118218 -0.4577967 0.0513174 0.3039241 0.0106758 -0.0254642 0.1967453 0.4527021 -0.3374124 0.4664760 -0.3238647 -0.1123590 0.0087842 0.3060452 0.2077854 -0.3217805 -0.1778408 0.0728794 -0.1505475 0.0357989 0.1013535 -0.2750459 0.1400672 0.2831888 -0.1390199 0.0883415 0.0905020 0.0998066 0.1284419 -0.2449701 -0.0830223 -0.0307059 0.1755007 0.0948324 -0.1597655 -0.0610730 0.5179948 -0.3914910 0.5516383 0.3791986 0.2778320 -0.2205733 0.2633317 0.2980845 0.0810781 0.5856764 0.4587273 0.4122616 -0.2980484 0.2908910 -0.7325678 -0.7291483 -0.2720535 -0.3937191 0.0616666 -0.5023191 -0.6033970 0.1107899 0.3413954 0.0683667 0.3671604 -0.3206206 0.3105258 0.2647224 0.2692425 0.3030175 0.5778809 0.5055147 0.1665175 0.4851684 -0.0223036 0.3909868 0.5116462 0.3502913 0.1664537 0.4209819 -0.3573152 -0.1129096 -0.1277560 0.4566207 0.3250634 0.1529243
-0.3129147 0.0098683 -0.1482298 0.6851230 0.0466547 0.1585826 -0.2671210 0.8960793 0.1855853 0.1658278 0.7452213 0.0776035 0.0000000 -0.6652323 0.2580713 0.7532994 -0.2677565 -0.2515869 0.9523338 -0.3539474 -0.1994729 0.8735455 0.4972487 -0.6407467 0.9510469 0.5568777 -0.2994132 -0.6874867 -0.1169962 -0.5801795 0.5334322 0.6614594 -0.7362017 -0.6295303 0.2836319 0.2833601 0.4582175 0.9479119 -0.5233913 -0.0768388 0.3831596 0.3185286 0.1262454 -0.4667704 -0.5353546 0.7781849 0.1711994 0.5264077 -0.5842044 0.5406007 0.4956543 0.2464635 -0.4575358 0.1796859 0.7048211 0.9143290 0.6065798 0.2685631 0.2819833 0.6984830 0.3147014 0.6952253 0.8846474 0.7063953 0.5034500 0.6577824 0.8096110 0.6934196 0.8844446 0.9031992 0.8065919 0.8878291 0.7828072 0.9399225 0.8253186 0.9131895 0.9309803 0.8892716 0.8391297 -0.5269136 0.8928890 0.0694225 0.0652384 -0.1407116 -0.3185537 0.2019880 0.0052034 -0.0667280 -0.0009761 0.0786290 -0.2279137 -0.3172330 0.0136502 0.4167549 0.1069039 0.2287492 -0.3082863 0.3951890 0.0026304 0.1787061 0.4080438 0.1449205 0.2277862 0.4001312 -0.0806060 0.3940162 0.3888080 0.0371132 -0.3251135 0.2149432 0.2146591 -0.0198288 0.1843575 0.7753381 0.2336371 0.5346696 0.5460523 0.2060182 0.4593039 0.1810741 0.3417701 0.5677210 -0.1370731 -0.0508617 0.2996462 0.1699719 0.6728218 -0.5421688 -0.1678932 0.7268156 0.5716178 -0.0776851 0.3188016 0.2862392 0.1017978 -0.2183294 0.4534048 -0.4384055 0.0640917 -0.5087236 -0.0568297 -0.4352889 0.2517587 -0.0384777 -0.2457901 0.0982437 -0.2347844 -0.1735289 0.1206683 0.2930490 -0.5284865 -0.5973888 -0.1411039 0.0817886 -0.1269805 -0.1437639 -0.4537152 -0.1734639 0.1543845 -0.4785876 -0.0713457 -0.0291580 -0.2532812 -0.5389118 0.1851855 -0.2497039 -0.1895603 0.0632778 0.2576698 -0.4171406 0.0141335 0.1637077 0.0162451 -0.5392816 -0.2529553 -0.2392269 -0.5365429 -0.6244551 -0.1498716 -0.4764811 -0.5098147 -0.1119074 0.4854233 -0.0325250 0.4761534 0.8057620 0.1675054 0.2499332 0.7945895 0.5181407 0.0230623 -0.5035578 -0.5234355 -0.3016217 -0.0006803 -0.4153657 -0.0585833 -0.6177159 0.3926240 0.1108910 -0.6517397 -0.2748607 0.0250503 -0.2794475 -0.3452463 0.7010041 -0.4739406 -0.6163654 -0.3655348 -0.0518110 -0.1507612 -0.1485445 0.1105852 -0.2616440 -0.7140938 0.0289894 0.1131839 -0.2482131
0.1490175 0.0320413 0.2563947 -0.5198121 0.4027877 0.1458152 -0.1471337 -0.5448212 0.2321959 0.3166802 -0.2904635 -0.0477788 -0.6652323 0.0000000 -0.1774168 -0.5640046 0.6683125 0.4291033 -0.6480243 0.6735622 0.3069953 -0.4866843 -0.0540889 0.7512072 -0.6016290 -0.1923399 0.7063327 0.8419078 0.4691675 0.8454322 -0.1757137 -0.2034186 0.7912541 0.7822621 0.1422365 0.0980718 -0.0680014 -0.6006533 0.7830249 0.4492034 -0.0477790 0.1172673 0.3695945 0.6596866 0.6056303 -0.2943334 0.1607894 -0.1237900 0.7749091 -0.1981083 -0.1531892 0.2661416 0.6991281 0.3228314 -0.3482623 -0.6234599 -0.3090219 0.2105701 -0.4491075 -0.2983248 0.1269883 -0.3300094 -0.6031608 -0.2378244 -0.3314471 -0.2352247 -0.5477585 -0.3899178 -0.4832370 -0.5697711 -0.6035986 -0.4675882 -0.5097995 -0.6495527 -0.5829193 -0.5785382 -0.6408657 -0.6374740 -0.5038036 0.4922504 -0.6150473 -0.3082519 -0.4398374 -0.0709376 0.2655476 -0.5022392 -0.1283596 0.0610388 -0.3798270 -0.3948431 -0.0456197 0.0855887 -0.1003889 -0.4840584 -0.2910142 -0.3548392 0.0970653 -0.2797104 -0.2911811 -0.4242453 -0.5608335 -0.2387547 -0.5398053 -0.4170686 -0.0968088 -0.3446857 -0.4143650 -0.4407544 0.0677773 -0.0747810 -0.4313767 -0.2209272 -0.2684481 -0.7000401 -0.0329272 -0.6360635 -0.5249373 -0.2189956 -0.4748982 -0.3360250 -0.4055079 -0.5681876 -0.0503339 -0.1458131 -0.3228355 -0.1852788 -0.6264929 0.4352245 0.1742892 -0.7952149 -0.5304778 -0.1501318 -0.4213674 -0.6815435 -0.1564371 0.1150844 -0.6154260 0.3467744 -0.1805295 0.4482153 -0.1303734 0.3301935 -0.3457200 0.2022044 0.1181777 -0.4477480 -0.0235305 -0.0541929 -0.3412297 -0.3311690 0.3646056 0.5246790 -0.1095224 -0.4107983 -0.0945713 0.1547191 0.3419924 0.0414109 -0.3554385 0.3600012 -0.1602893 -0.0764719 0.0140151 0.6177631 -0.3905452 0.0411571 -0.2910824 -0.2480300 -0.3047731 0.3136693 -0.1748888 -0.2320973 -0.3325195 0.3582737 -0.0958747 0.0401970 0.2915910 0.2977079 0.0624063 0.2386889 0.0801916 -0.0866593 -0.4124858 -0.1301643 -0.6501239 -0.7770142 -0.2675608 -0.2272832 -0.3786279 -0.2370180 -0.2779779 0.3198803 0.4332110 0.1039924 -0.1135543 0.3870261 0.0666698 0.2634647 -0.2831580 -0.1216178 0.4296556 -0.0722174 -0.4554622 -0.0131610 0.3483298 -0.6000739 0.1680272 0.5904345 0.3728422 0.2093160 -0.1519190 -0.0082416 0.1537280 0.0283261 0.3807445 0.2580020 0.0408510 0.1750880
0.0537299 0.1758638 0.0588461 0.0653200 -0.4874714 0.6354587 0.5060344 0.3100359 0.6879451 0.4108380 0.3936409 0.8546307 0.2580713 -0.1774168 0.0000000 0.6291184 0.2766449 0.2638226 0.3726255 -0.2848663 0.0731154 0.1300751 0.6092499 0.1385708 0.2920569 0.3078651 0.2558482 0.1064986 0.3038819 0.0001517 -0.2519277 0.1418362 -0.0465914 -0.0685543 0.2422987 0.1862716 0.2521147 0.2509023 -0.0087163 0.4305661 -0.1367931 0.6172372 0.2079541 0.1963985 0.0159266 -0.0138401 0.0852716 -0.1573665 -0.1694073 -0.2298965 0.1758841 0.3880228 -0.1514197 0.4761740 -0.1108730 0.1571793 0.3029927 0.4334783 -0.3942797 0.2186833 -0.0816274 0.2451524 0.0233814 0.2900246 0.1944356 0.1293668 0.3050007 0.3022312 0.2566082 0.2666204 0.2213337 0.3970738 0.2692183 0.1961717 0.2328030 0.2980536 0.2138959 0.1988091 0.5480284 0.0726982 0.3876011 0.1383205 -0.0617083 -0.4038162 -0.4377720 -0.1023660 -0.1900248 -0.5880226 -0.0269274 -0.2572623 -0.3759308 -0.5471586 -0.3685459 0.0006805 -0.0679940 -0.1584380 -0.6163590 -0.2547135 -0.1898908 -0.0490515 -0.2720347 -0.3772113 -0.3143044 0.0956600 -0.6781972 -0.2204531 -0.0572473 -0.1098791 -0.5752338 -0.2461001 -0.1752672 -0.2235754 0.0186989 0.2957452 -0.4056571 -0.0516269 -0.2383142 -0.3938772 -0.2523528 -0.2674654 -0.1141635 -0.1738552 -0.3490206 -0.0752416 -0.0548566 0.1769456 0.0756987 -0.2443817 -0.4583609 0.3072687 0.2447611 -0.1402131 0.2497348 0.2165689 -0.0200000 -0.1050686 0.1849084 -0.5832446 -0.0002312 -0.0097219 -0.0075915 -0.2331018 0.3015653 0.2712248 -0.5824694 0.4347622 -0.5344933 -0.3789238 0.1213533 0.2715478 -0.0003696 -0.4670596 -0.4610023 0.2450960 -0.2922419 0.0844657 0.0527837 -0.5364823 0.2861819 0.0850029 -0.3170762 -0.1885559 0.0983115 -0.0006170 -0.0201215 -0.3832555 -0.1883440 0.0274744 0.1151125 -0.2307901 -0.2940969 -0.1357982 0.3561724 -0.5000844 0.2699115 0.1194823 0.1281207 -0.1013403 0.0568670 0.2583404 0.0021940 0.3359391 0.3505629 0.1863563 -0.2672460 0.4405666 -0.4377313 -0.3773745 -0.0133096 -0.1366135 -0.1851433 -0.2894682 -0.3945337 -0.2663626 0.0498095 -0.2812533 0.0827334 -0.2290888 0.4742262 0.2531367 0.1144781 0.1984768 0.4550104 0.2448682 0.2202998 0.4916455 -0.3128585 0.2208014 0.3957361 0.3589529 0.0405241 0.3446851 -0.0842281 0.0578000 -0.1626431 0.4501272 0.3201627 0.0173453
-0.3141038 -0.0392894 -0.1739995 0.5074648 -0.1997275 0.5465057 -0.0446559 0.7826556 0.4949574 0.4412887 0.7711640 0.4721895 0.7532994 -0.5640046 0.6291184 0.0000000 0.0558493 -0.1967461 0.8635744 -0.3926974 -0.1612799 0.5720681 0.7965800 -0.3170843 0.8356416 0.7424473 0.1029123 -0.3386766 0.1117123 -0.2307210 0.1161236 0.6119834 -0.4544391 -0.4853494 0.5995477 0.1590170 0.5897063 0.7008406 -0.2333489 0.3699522 0.0627032 0.4547086 0.4679417 -0.1435400 -0.4107955 0.4565458 0.4065157 0.1976599 -0.4520474 0.0667581 0.6705609 0.5702475 -0.4301768 0.4908382 0.2404966 0.5963047 0.6466097 0.4803297 -0.0571148 0.7662292 0.1130287 0.7415694 0.5714796 0.7176601 0.4266574 0.5760071 0.8095026 0.7896566 0.6597813 0.8314980 0.7155436 0.8404437 0.8197042 0.7648624 0.6560489 0.7654407 0.6949261 0.7444005 0.8538876 -0.3469397 0.9028110 0.0772223 -0.1222265 -0.3113140 -0.5625969 -0.0942812 -0.2181940 -0.3504540 -0.1061073 -0.2034510 -0.3230938 -0.5508929 -0.4257058 0.3697321 -0.0969635 -0.0427695 -0.5658666 -0.0630021 -0.3023106 0.1481159 0.0094760 -0.2974184 -0.1441462 0.2764098 -0.3810346 0.0749536 0.0527221 0.0536015 -0.5729935 0.1080563 0.0094184 -0.1283470 0.1173542 0.6548040 -0.0568630 0.2526974 0.1699922 -0.0360231 0.1056616 -0.0816920 0.1016208 0.1873032 -0.2299730 -0.1146057 0.2220454 0.1253997 0.3389643 -0.4626630 -0.3296754 0.5715103 0.5079838 -0.1496283 0.2166975 0.3325111 0.1017970 -0.1544324 0.3639062 -0.6464220 -0.0388617 -0.5192267 -0.0073363 -0.5916425 0.3146928 -0.1317149 -0.5785741 0.3256128 -0.3690436 -0.3439173 0.2283625 0.2381023 -0.5217331 -0.7628581 -0.2212835 0.2161395 -0.1887836 -0.3453760 -0.3663011 -0.4237138 0.2493846 -0.4715868 -0.1427282 -0.1272697 -0.2216351 -0.5374376 0.1846474 -0.3840582 -0.1758117 0.1032956 0.2235015 -0.3904460 -0.0796385 0.1593607 0.2093563 -0.5843392 -0.1658124 -0.3125790 -0.4603624 -0.3127055 -0.1359633 -0.0128418 -0.1423553 -0.0668319 0.3112423 -0.1908369 0.1550597 0.7458839 -0.0908040 0.0011939 0.5183803 0.4553417 -0.1788546 -0.4086348 -0.4857284 -0.3656235 -0.0279811 -0.3315850 -0.2521531 -0.3726347 0.6601654 -0.0284384 -0.3031158 -0.0530860 0.3084989 -0.1543809 -0.3815866 0.8583944 -0.6333861 -0.2795330 -0.1035719 0.1355794 -0.1489969 -0.0438731 -0.3223202 -0.3199951 -0.4497334 0.1077575 0.1953617 -0.1892296
-0.1075803 -0.2133195 0.0300059 -0.3561655 0.1123758 0.3611502 -0.1291964 -0.2743593 0.4359482 0.4807349 0.0644848 0.2070622 -0.2677565 0.6683125 0.2766449 0.0558493 0.0000000 0.0313944 -0.2012095 0.2641266 0.2489011 -0.2667080 0.6162951 0.4677678 -0.1674702 0.2425451 0.8484526 0.5692103 0.4183197 0.6493295 -0.2894811 0.1576930 0.4522603 0.4134738 0.5297521 0.0927207 0.3212422 -0.2455115 0.5091285 0.6486759 -0.1390837 0.2335815 0.7039382 0.4296868 0.3021816 -0.1311641 0.4194899 -0.1840662 0.4571908 -0.1995316 0.2897742 0.7456521 0.4174414 0.7764331 -0.4605296 -0.3396234 0.1062650 0.4996101 -0.5629825 0.1759939 0.1564829 0.2052523 -0.2596943 0.1614752 -0.0495047 0.1619566 -0.0812033 0.1154661 -0.0814359 -0.0673067 -0.1338295 -0.0225891 0.0076722 -0.2669469 -0.1254511 -0.2452778 -0.3375179 -0.1611393 0.1159575 0.5645149 -0.0230919 -0.4793474 -0.6302572 -0.2062216 0.1163868 -0.4665864 -0.0510525 -0.0214069 -0.3739018 -0.4024469 -0.0616306 -0.0795718 -0.3716761 -0.3901387 -0.2280970 -0.1758872 -0.1900585 -0.4398213 -0.2960354 -0.4335618 -0.5246662 -0.2330760 -0.5412079 -0.3042710 -0.2611581 -0.0670406 -0.2524534 -0.1394066 -0.1523605 0.1927171 -0.1531703 -0.3272693 0.0394243 -0.1978379 -0.0856145 -0.2903657 -0.2773640 -0.1487977 -0.3321062 -0.3842708 -0.2251869 -0.3339406 -0.0341717 -0.0520778 -0.2684306 -0.2836467 -0.3361525 0.1856550 -0.3105612 -0.3607399 -0.3751671 -0.1135952 -0.4280251 -0.4321363 0.0157130 0.0773495 -0.4602124 -0.1043328 -0.4738856 0.1379827 0.0070946 0.0852282 0.0143908 0.0759727 -0.4491194 -0.0698112 -0.4509323 -0.4779704 -0.0684491 -0.0500615 0.1475689 0.1461231 -0.2973841 -0.1189506 -0.1420221 0.0911812 0.2816199 -0.2878389 -0.0222750 0.1787047 -0.1445676 -0.0811951 0.0782101 0.5264730 -0.1281490 -0.1062831 -0.1837496 -0.0128360 -0.0523042 0.2206620 -0.1215877 0.0273019 -0.3755996 0.2307730 -0.1632575 -0.1301365 0.1186755 0.3232744 0.1541693 0.3932432 0.1690569 -0.0195183 -0.2225981 -0.2199213 -0.5877882 -0.4292758 -0.0948609 -0.0807521 -0.2023187 -0.0871897 -0.4370045 0.2746897 0.3435592 -0.2390595 -0.1974040 -0.0283858 -0.2718256 0.2412951 0.2440644 -0.2911837 0.2467803 -0.1047416 -0.1704043 -0.1251556 0.1678729 -0.1192621 -0.2814230 0.3170513 0.2977956 0.1115205 -0.1429337 0.0723730 -0.0995628 0.0571922 0.3021365 0.2591427 0.1234692 -0.1079115
