0.0000000 0.4778049 0.5494903 0.5416779 0.3735559 0.5075896 0.0456607 0.4925546 -0.2708914 0.3569613 0.1794211 0.2850180 0.4121374 -0.3067595 -0.0237272 -0.1158853 0.1633239 -0.4620426 -0.1531659 0.3545332 0.5795366 -0.3496709 0.1649135 -0.2750042 0.0555806 0.1502731 0.3427021 -0.5009951 0.6464109 -0.2283714 -0.1851223 0.3033942 -0.4423769 0.1641950 -0.0957321 0.5218861 -0.1504485 -0.1024004 -0.0963530 -0.3097695 -0.1736539 0.5295533 -0.1164897 -0.5101494 0.3850804 -0.1089661 -0.0454460 0.0366551 -0.4720074 0.0639028 -0.1725601 0.0810261 0.1576311 0.2646975 -0.0322265 -0.1704005 -0.2100153 -0.0633537 0.4773327 -0.2491523 0.3038207 -0.1949133 0.5345070 0.2310504 0.3473878 0.1837888 -0.2586707 -0.2335246 0.3315804 -0.1006339 -0.2788775 0.4615058 -0.3388108 0.4813997 0.0155906 -0.2286041 0.4500291 -0.1428032 -0.4485947 0.3591509 0.1171879 -0.0481290 0.3309510 0.5794703 0.4467396 0.2367917 0.2243997 0.4796330 0.2031196 0.6051077 0.2170692 0.2081839 0.1515641 0.4533918 0.2462250 -0.0057139 -0.0175728 0.2466683 0.2424501 0.0911677 0.7696408 0.0431830 0.1471280 0.1970304 0.0322782 0.3298337 0.2529503 0.2692368 0.1335372 0.4357232 -0.0346837 0.2952262 0.1445858 0.4038718 0.3029561 0.3032368 0.3273143 0.2355649 0.2423405 0.2823088 0.2232179 0.1625516 -0.1442448 0.1112731 0.0904198 0.3359023 0.2479264 0.1309209 0.1490970 0.3624227 0.1135547 0.1364767 0.2874703 0.4904847 0.1050583 0.3942867 0.3529354 0.1919401 0.1600417 0.3413920 0.1944568 0.3150428 -0.1361509 0.4889867 0.4534883 0.1002885 0.2986067 0.3288786 0.1192650 -0.0177215 -0.0737537 0.4804019 0.1434906 -0.0675893 0.0612537 0.1753781 0.3339596 0.5712017 0.3395865 0.0191706 0.0441537 -0.0677433 0.1464585 0.3561440 -0.0228773 0.3800782 0.2333514 0.2496148 0.4868454 -0.0359586 0.1229228 0.2269131 0.2767859 -0.0322949 0.3958545 0.2949405 0.3341170 0.3014032 0.4495344 0.3909349 0.0308532 0.5086645 0.5220093 0.4430424 0.4777561 0.1883165 0.4693996 0.3464633 0.4548140 0.5744258 0.1495050 0.3369120 0.3558343 0.0393109 0.2742627 0.3195360 0.1854375 0.3687956 0.4723592 0.3720815 0.3909525 0.0015333 0.3210538 0.3926685 0.7772768 0.3081640 0.6917153 0.6586090 0.3369468 0.6429575 0.3214826 0.5357191 0.5147658 0.4623704 0.6785796 0.2780825 0.5234528 0.5579939
0.4778049 0.0000000 0.7636044 0.4093343 0.6368064 0.5742514 0.1511940 0.3992490 0.2722216 0.0218540 -0.0716684 0.7133006 0.4590045 -0.2580071 0.5259311 -0.5496155 -0.1524781 0.0173209 -0.1810181 0.0221811 0.5699388 -0.0322039 -0.0861878 0.2021543 0.0571282 -0.1247049 0.0552884 -0.0974935 0.5187969 -0.1570291 -0.2786870 0.5908052 0.0689283 0.5359414 -0.2305983 0.3512138 0.0933492 0.1621882 -0.0545774 -0.1097272 0.2345706 0.2768275 -0.0716225 -0.2003670 0.3087100 -0.1360194 -0.1452431 0.3043365 -0.0267886 -0.0216616 -0.2532501 0.0591717 0.5618908 -0.0495490 0.0317752 -0.2132233 0.2300441 -0.1006755 0.0784222 -0.2153176 -0.0165666 -0.1285725 0.4857992 0.3677589 0.3477751 0.5813814 -0.2335392 -0.2151104 0.5953000 -0.0359711 -0.2369540 0.6260315 -0.0655163 0.3962999 0.3309147 -0.2124606 0.2470682 0.0049980 -0.1667002 0.2379002 0.0979814 -0.2389834 0.1739465 0.2073061 0.3126506 -0.0772201 0.4050228 0.5946042 0.1039998 0.3789907 0.1335165 0.4276915 0.2233832 0.1970609 0.3080421 0.0764441 0.2982476 -0.2669535 0.4371899 0.1179121 0.2465166 -0.4795444 -0.0702713 -0.0243975 0.1848425 0.2950133 -0.1096752 0.1849807 0.0001954 0.0177218 0.1558623 0.0569948 -0.0121971 0.1432586 0.0531557 0.3611410 0.3161038 0.1137627 0.2836668 -0.0701212 0.3645918 0.5108856 -0.0732777 0.4274607 -0.0756053 -0.2552061 0.0575119 0.2757532 -0.3495379 0.4496860 0.0161993 0.1257390 -0.1604087 -0.1684583 -0.0951363 -0.1487525 -0.1838731 -0.3903474 -0.2204203 -0.1706143 0.5109133 -0.0790124 0.2061244 -0.1901589 -0.1798869 0.4929556 0.0392159 0.1212018 0.3292328 0.0683394 0.0751923 -0.0169273 0.1170446 0.3220636 0.4813264 0.1686178 0.1492955 0.2999599 0.3463801 -0.0112006 0.6744547 0.3068240 0.1740283 0.0398896 0.6528000 0.3224774 0.2273199 0.2146121 0.4777272 0.2360104 0.4742822 0.5707750 0.6083583 0.6991748 0.4635891 0.2229365 0.0544859 -0.1112592 -0.0917339 0.0572124 -0.4123937 0.0236971 0.2532506 0.1778602 0.1708228 0.0017498 0.0744080 0.2258971 0.1754454 0.6053908 -0.3528616 0.3065390 0.2195687 -0.4499359 -0.2753339 -0.3283013 -0.6115790 0.2593877 0.2079594 -0.3315060 0.4317511 -0.1050063 0.2672809 0.1471097 0.2069845 -0.0760740 0.0669851 0.4136340 0.2746220 0.2041683 0.0638355 -0.2235735 0.1106412 0.1190691 0.1544100 0.2306209 0.4850161 0.4544685
0.5494903 0.7636044 0.0000000 0.5714823 0.6728635 0.5408625 0.3788596 0.5710648 -0.1360695 0.1483156 0.1137542 0.5688901 0.5283368 -0.5324119 0.1693180 -0.3932622 -0.2093914 -0.4364927 -0.2184287 0.1662638 0.5445579 -0.4771719 0.0586028 -0.2819050 0.1651721 0.0606094 0.1643714 -0.5446873 0.5280290 -0.2866149 -0.6004496 0.6531129 -0.3751858 0.3263262 -0.0995648 0.4968125 0.1838765 0.2266941 -0.0401061 -0.3580831 -0.0597121 0.3982237 0.0369077 -0.5801523 0.3449293 0.0809937 0.0494067 0.2637351 -0.4119442 0.1997918 -0.1100034 0.1875806 0.3839720 0.1105862 0.2685983 0.0043406 0.2940561 -0.1547856 0.3585972 -0.1961136 0.3161380 -0.2177874 0.5739312 0.3408934 0.4371357 0.6950254 -0.1990527 -0.2822113 0.7145234 -0.1019942 -0.2168892 0.5281558 -0.1282980 0.5205205 0.2399168 -0.2936755 0.3431360 -0.2320789 -0.2961583 0.4605097 0.1270014 -0.5129631 0.0931951 0.2112736 0.0289945 -0.0457309 0.0853612 0.5162560 -0.1241205 0.1757575 -0.0690421 0.2493069 -0.0312970 0.1968120 0.0706642 0.1582105 0.2308041 -0.2292587 0.3401021 0.2339731 0.3440436 -0.5445874 -0.1902615 0.0063286 0.0662811 0.3337438 -0.0212917 0.0204952 -0.2032935 0.0255179 -0.0554680 -0.0972191 -0.1013304 -0.0226286 -0.0640003 0.1682132 0.1596853 -0.0353912 0.1180397 -0.0287779 0.0853065 0.2477444 0.0003876 0.0661271 -0.2187914 -0.1477537 -0.1998376 0.2367693 -0.1683788 0.1717923 -0.0674090 0.2035052 -0.1389333 -0.0326374 -0.0687421 -0.0980385 -0.1314301 -0.1159485 -0.0797774 0.1584492 0.4816222 0.1309154 0.1598934 0.0828995 0.0773633 0.3443373 0.2747321 0.2646415 0.2670058 0.1944233 0.1583834 0.4030440 0.3698188 0.3303845 0.1345537 0.2627774 0.4042633 0.5846857 0.3929649 0.1702514 0.3966206 0.2295195 0.1840142 0.3584584 0.4635660 0.4935280 0.3356283 0.3132140 0.4986271 0.1865806 0.4580232 0.4903266 0.6258901 0.5128480 0.4832396 0.3187632 0.2571585 0.2449939 0.1215380 0.2556239 -0.2287290 0.2642921 0.5094230 0.4706174 0.4511028 0.3228197 0.4702782 0.5394685 0.3423049 0.5753726 -0.1650984 0.2937073 0.3327090 -0.2181307 -0.1095947 -0.0961710 -0.3892323 0.3887288 0.3706516 -0.1343558 0.2818131 -0.2221386 -0.0533511 -0.0388120 0.2457758 0.1763694 0.0921159 0.4493340 0.1233404 0.1147653 -0.1317985 0.1273879 0.3920639 0.3095060 0.3060938 0.0890942 0.3011430 0.5085987
0.5416779 0.4093343 0.5714823 0.0000000 0.6527019 0.7774367 0.4239259 0.8695097 0.0151583 0.7129079 0.5751704 0.2550305 0.7885978 -0.3409631 0.0379134 0.1083835 0.2793213 -0.5535823 -0.0465102 0.0645063 0.2786789 -0.2774073 0.5104088 -0.5242909 0.0309480 0.3015995 0.5690287 -0.7182150 0.4610226 -0.1174276 -0.2935279 0.0729550 -0.5823028 0.3282400 0.1846412 0.5369328 0.1333960 0.1532916 0.1189390 -0.3382695 -0.3479862 0.5256714 0.1739299 -0.3367179 0.6909552 0.2851660 0.1486925 -0.0349641 -0.3539366 0.3917005 0.0333506 0.3704106 0.4756880 0.6981417 0.2285454 0.2989555 0.1416691 0.4982615 0.5944083 0.0227812 0.5957949 0.2987700 0.2619248 0.5786969 0.6507919 0.2300974 0.1018288 0.3282811 0.2505573 0.3512051 -0.2120513 0.3414174 0.0766926 0.5677973 -0.0611297 0.0801546 0.2401884 -0.2544873 -0.0831827 0.1704380 0.3295298 -0.1236953 0.0622673 0.1860929 0.0614055 -0.2978088 -0.2146562 0.4555396 -0.3851857 0.2475328 -0.1342639 0.1243346 -0.0240408 0.3250829 -0.2556407 -0.0186345 0.0141017 -0.0737171 0.0251032 0.2912600 0.3541474 -0.3255799 -0.3183852 0.3472709 -0.0529164 0.0183035 -0.1549262 -0.0558380 -0.1240391 0.0919235 -0.1547338 -0.0758994 -0.0195959 0.2283479 0.1507353 0.1673854 0.2892495 0.1475589 0.1158914 -0.0509122 0.0242804 0.1116193 -0.1272911 -0.1531642 -0.0473309 -0.0588726 -0.1147926 -0.0938752 0.0898354 0.1049033 0.0862530 -0.3103801 0.1509783 0.0886345 -0.0130252 -0.0994846 0.0874775 0.1780651 0.1562996 0.2027027 0.1466242 0.1912942 0.0085968 0.2546080 0.2347754 0.0665157 0.4186171 0.2282420 -0.0956657 0.1281386 0.0267770 0.2735443 0.2551842 -0.1406227 0.0870472 0.1574797 0.1818622 0.3153816 0.2121557 0.0534904 0.1336154 -0.0259454 -0.0576590 0.2943975 0.2258043 0.0886460 -0.0106749 0.0152505 0.5420747 -0.0427938 0.0346680 0.2682105 0.1958639 0.0914973 0.4394076 0.1783766 0.1056588 0.2710892 0.1142386 0.3476523 0.0641032 0.4159218 0.5633284 0.4586015 0.5883542 0.2919558 0.6193351 0.3554548 0.1406841 0.2909861 -0.1040048 0.2861574 0.0449440 0.0141496 -0.0002788 0.0043345 -0.0656608 0.2742689 0.4023925 0.0536015 -0.0492558 -0.3042263 0.0030290 0.1494699 0.3982508 0.3767835 0.1408436 0.1935755 -0.0063837 0.3616531 -0.0087459 0.2207032 0.6014301 0.6189154 0.4969024 0.0823594 0.5165992 0.3300426
0.3735559 0.6368064 0.6728635 0.6527019 0.0000000 0.7328576 0.4969026 0.7772963 0.1369089 0.2643413 0.2026669 0.6596989 0.8202141 -0.2655134 0.2985605 0.0440879 0.2002973 -0.2934303 0.1889896 -0.3004204 0.5615513 0.0040941 0.3093476 -0.1648009 0.1553770 0.2360868 0.4552226 -0.4699343 0.5389658 -0.0998131 -0.5175907 0.2061234 -0.2823503 0.5028127 0.2538871 0.2968556 0.4143134 0.3578092 0.3373437 -0.0683544 -0.1175001 0.4210760 0.4650105 -0.3481954 0.6288770 0.3419774 0.3500299 0.1476064 -0.2697128 0.5561437 0.2930832 0.5378552 0.4797144 0.4233196 0.4051547 0.3473280 0.4550552 0.1696208 0.2559333 0.2479592 0.4038141 0.2993732 0.4940384 0.4061625 0.5875686 0.4161513 0.2547649 0.1055698 0.3408006 0.1440115 -0.1084444 0.6642432 0.3732472 0.7478050 0.0369835 0.0438016 0.6085704 -0.2162352 -0.0419651 0.4221625 0.3295644 0.0523946 0.1340514 0.3378797 0.2973188 -0.1355356 0.1289187 0.3537702 -0.1954504 -0.0163015 -0.1314724 0.1740211 -0.1058668 0.2163435 0.0157203 -0.0320263 -0.0309030 -0.3663154 -0.0158449 0.3146244 0.2046788 -0.5021443 -0.2305534 0.3289457 -0.1264297 0.1938957 -0.2687041 -0.0523088 -0.2069164 -0.2118150 -0.2198250 -0.3050502 -0.0241298 0.0381173 0.0345206 0.1564184 0.2171954 0.0288950 0.1349371 0.0334483 0.1845067 0.2086891 -0.2334043 0.1457569 -0.0570589 -0.1008810 -0.1972143 -0.1851277 -0.0787181 0.1272662 0.0682106 -0.3809759 -0.1137284 -0.2129442 -0.2504553 -0.3873800 -0.1310329 -0.0051409 -0.0021529 -0.1792918 0.0923992 -0.2787780 -0.2080581 -0.0608229 -0.0258463 0.0395619 0.0034402 -0.1598459 -0.0710834 -0.3465834 -0.1600033 0.0040742 -0.1782309 -0.0581619 -0.0056372 -0.1473424 -0.0852208 0.1230800 -0.0799920 -0.2275396 0.1768274 -0.0753523 -0.2172830 -0.1212537 0.2292170 0.0371607 -0.0414245 -0.1771349 0.2992395 -0.0528458 0.0635971 0.2513810 0.3590223 0.5100963 0.7961386 0.5589123 0.4895189 0.4488273 0.1948235 0.1550775 0.0200430 0.0939075 0.2152469 0.2110479 0.2972046 0.4852882 0.4176533 0.5296553 0.5468749 0.7233565 0.1028104 0.4748712 0.3603917 0.1625764 0.1602618 0.0872807 -0.4435787 0.6157401 0.4407338 -0.1955490 0.1808113 -0.0841852 0.0731571 0.1496007 0.3405047 0.5489147 0.0934837 0.0902253 -0.1558133 0.3576269 -0.0108466 -0.0817560 0.4995678 0.5157665 0.1985522 -0.1782555 0.3558325 0.3669810
0.5075896 0.5742514 0.5408625 0.7774367 0.7328576 0.0000000 0.4302190 0.6903555 0.2257808 0.4447599 0.3079354 0.5366275 0.7279776 -0.0673830 0.3321468 0.0687581 0.4317956 -0.2235426 0.3302473 -0.2063768 0.6131338 -0.1428876 0.4030225 -0.2432052 0.2653982 0.3684357 0.6068101 -0.4782986 0.7406538 0.1517585 -0.3853397 0.2055481 -0.3162254 0.5700377 0.2298200 0.5781717 0.3237093 0.3052886 0.3904283 0.0959241 -0.1689183 0.7354486 0.3602928 -0.1358215 0.8595691 0.3674052 0.3136253 0.0547368 -0.1806558 0.4764542 0.2284132 0.5548254 0.4435493 0.4642052 0.2682218 0.2643559 0.3844921 0.2202078 0.5176240 0.2150398 0.5492561 0.2866565 0.3446754 0.3636975 0.4643211 0.3630880 0.2801398 0.1173898 0.3335330 0.1698686 0.0285866 0.4857894 0.2370358 0.6474003 0.1089563 0.0692860 0.4744528 -0.1327581 -0.0068628 0.3695242 0.2965637 0.1613596 0.1370320 0.2652704 0.2708689 -0.3406632 0.1327966 0.5776135 -0.3942007 0.1069035 -0.1872156 -0.0517275 -0.0660365 0.0562738 -0.0604285 -0.1332765 -0.0642870 -0.2217966 0.0776182 0.1765744 0.1796341 -0.4514498 -0.2891927 0.2147406 -0.1936917 0.0429278 -0.3665088 -0.1074031 -0.3778953 -0.1014531 -0.3479846 -0.3302349 -0.3093538 0.2668124 0.1625035 0.1916391 0.3811874 0.1993273 0.2456871 -0.0680870 0.2230353 0.2369821 -0.2691041 0.0458799 -0.1049738 -0.0468505 -0.1418570 -0.2723708 -0.0708636 0.1806823 0.0189254 -0.3487039 0.0516258 -0.0326571 0.0101834 -0.1439115 0.0051287 -0.0621963 -0.0245154 -0.1126523 0.1459659 0.0258277 -0.2245960 0.1081960 0.1277794 0.0931952 0.2445900 0.1422580 -0.0977440 -0.2071757 -0.3528419 0.0505490 0.0765630 -0.2567770 0.2034981 -0.1997025 -0.1233975 0.3089121 0.0393676 -0.3543256 0.1686241 -0.2572271 -0.3124013 -0.0885759 0.2795193 -0.0848281 -0.1669541 -0.1718144 0.4843627 -0.2522969 0.0064204 0.2113529 0.2569082 0.3211658 0.6193607 0.3780782 0.2600305 0.3081989 0.2317981 0.3568720 0.0839395 0.4227318 0.5383730 0.5181170 0.5730134 0.4172678 0.5247601 0.5673787 0.3918929 0.6079372 -0.1086683 0.3853546 0.3022216 -0.0635989 0.0657242 0.0513933 -0.2028140 0.5096617 0.3567226 -0.0334775 0.1944501 0.0324633 0.3288547 0.3716765 0.3923760 0.2970869 0.2875758 0.3357639 -0.0156634 0.4013529 0.2231665 0.0643426 0.6231938 0.4652140 0.3826884 0.0353573 0.8027441 0.5788039
0.0456607 0.1511940 0.3788596 0.4239259 0.4969026 0.4302190 0.0000000 0.3799964 -0.2642882 0.0811060 0.3304367 0.5042913 0.4615067 -0.3871218 -0.0377416 0.0301168 0.0378521 -0.4706981 -0.0860644 0.1751658 0.2237295 -0.1050490 0.2903813 -0.3389950 0.0462873 -0.0609841 0.2217475 -0.3484645 0.1798821 -0.0728545 -0.1298903 0.2091368 -0.3249553 0.2835023 0.0793286 0.0553654 0.1120711 0.1328434 -0.0144225 -0.0871802 -0.1581793 0.1141499 -0.0419957 -0.2591364 0.3042417 0.0441317 -0.0376987 0.0886995 -0.2327845 0.2695706 -0.0285606 0.0569845 0.2561647 0.3412215 0.2398253 0.0412650 0.2364992 0.2098819 0.4336316 -0.1478868 0.3223020 0.0693222 -0.0385745 0.4136059 0.3258983 0.4970326 0.0544868 0.1093439 0.4235300 0.3264988 0.3973209 0.3951970 0.2194727 0.4852887 0.4972319 0.1936953 0.2980587 0.2254406 0.1026245 0.4142098 0.2661411 -0.1913352 -0.1970319 0.0450280 0.1142956 -0.2083930 0.0286261 0.5131898 -0.3749537 -0.1313665 -0.3638296 -0.1104763 -0.1800283 -0.0915398 -0.3914831 0.0021913 -0.1734377 -0.2577143 -0.1443518 -0.2513182 -0.0696184 -0.4771457 -0.4258174 -0.0805690 -0.3419616 -0.0428492 -0.3586219 -0.2727552 -0.5131484 -0.3433410 -0.2490092 -0.4480789 -0.1510953 -0.1163427 -0.1600677 -0.0217970 0.0116272 -0.1861523 -0.1740568 -0.4588123 -0.1691813 -0.0644429 -0.0279738 -0.3794441 -0.2229627 -0.4165241 -0.3517984 -0.0995693 -0.0139267 -0.1802924 0.0312850 -0.1549763 -0.0606230 -0.4836989 -0.2762606 -0.2667516 -0.0154928 0.0762424 0.0284146 -0.2663883 -0.1391365 -0.2757092 -0.3312642 -0.2409285 0.0665254 0.0796995 0.2185571 0.0203960 -0.2670542 -0.1321162 -0.0007830 -0.1724183 0.1846750 -0.1566574 0.0585998 -0.1835086 -0.1772302 0.1332161 -0.1648047 -0.0626098 0.1221260 -0.1546366 -0.1156999 -0.1526548 0.2363514 -0.0262239 -0.0307149 -0.1942607 -0.0222528 -0.1526470 -0.1042647 -0.0689508 -0.2291328 0.2233248 0.4951313 0.6003720 0.4693486 0.5044058 -0.0115424 -0.0330353 0.0371501 -0.0600533 0.2402031 0.2664882 0.4729837 0.3103542 0.4069923 0.5196417 0.3313708 0.4482683 -0.2316222 0.3918075 0.1823803 0.0907480 -0.1339763 -0.0776318 -0.3299527 0.4673521 0.2987303 -0.3517418 -0.0307745 0.0055883 -0.0736521 -0.3864500 -0.0456061 0.3858438 0.0606960 -0.0500339 -0.3258060 -0.1067222 -0.1577978 -0.2907447 0.4008107 -0.0430788 -0.2767676 -0.0412642 0.2009566 0.3366771
0.4925546 0.3992490 0.5710648 0.8695097 0.7772963 0.6903555 0.3799964 0.0000000 -0.0243890 0.6615056 0.6243955 0.2062868 0.7982031 -0.3851222 -0.0046206 0.2924211 0.2523609 -0.6111174 0.1726261 -0.0687358 0.3274261 -0.3241910 0.5948080 -0.5574953 0.1257340 0.5000263 0.5742718 -0.7754488 0.4573234 -0.1151911 -0.4554932 -0.0084718 -0.6102988 0.2101804 0.3638250 0.5383676 0.2916418 0.1529389 0.2141595 -0.3685178 -0.5502755 0.5526045 0.4167822 -0.3864412 0.6383769 0.4810472 0.3776442 -0.1562104 -0.3848096 0.5124303 0.3180633 0.5404592 0.3987793 0.7243069 0.2675998 0.4934754 0.2473682 0.4436278 0.6041682 0.2963666 0.6830135 0.4661299 0.3353657 0.5754926 0.7412206 0.0984254 0.3538895 0.3620056 0.2087658 0.4245620 -0.2395156 0.3938748 0.2257680 0.6967425 -0.2230931 0.2434036 0.4764150 -0.3229190 -0.0086678 0.3108029 0.4560933 0.0723515 0.3012276 0.4098869 0.2294590 -0.2314496 -0.3248472 0.3751782 -0.3555976 0.1917445 -0.2168446 0.0999241 -0.1615753 0.4935668 -0.2467473 0.0818403 0.0055720 -0.1784503 -0.0277115 0.5126319 0.4765259 -0.3397395 -0.1415690 0.4881473 -0.0536015 0.1159552 -0.1067333 -0.0326524 -0.1329417 0.0122453 -0.2614084 -0.1810162 0.0236552 0.0324443 0.0058008 -0.0528890 0.0803084 -0.0408467 -0.0759105 0.1216013 -0.0574352 -0.0384015 -0.1621418 -0.1913479 -0.1187291 0.1359750 -0.2044634 -0.2284493 0.1294366 0.0067813 -0.0050296 -0.3704676 0.1641184 0.1688426 0.0412575 -0.1647549 0.0901213 0.2823122 0.2133132 0.2250088 0.0647315 0.1219222 -0.0314947 0.3369850 0.2424491 -0.1655911 0.3573196 0.1518567 -0.0984270 -0.0233597 0.0020569 0.2378142 0.0390718 -0.1291610 -0.1626734 0.0525921 0.1007791 0.1686101 0.0824669 -0.0510184 -0.0079719 -0.0038235 -0.2088340 0.2131597 0.1106433 -0.0354726 -0.1136573 -0.0773790 0.4459063 0.0113680 0.0186604 0.2768453 0.3640096 0.1854057 0.6816396 0.3212850 0.3215735 0.4796875 0.3724101 0.4019305 0.1638752 0.4165940 0.5106729 0.4064587 0.5595271 0.5273107 0.7023964 0.4600275 0.3663286 0.4416668 0.1540184 0.4626462 0.2488307 0.2248030 0.2706649 0.2405810 -0.0447552 0.4884594 0.6036490 0.1312115 -0.1274506 -0.3440128 -0.1609118 0.0346771 0.3111610 0.5803287 0.1284818 -0.0073495 -0.1972429 0.4788092 -0.1139986 0.2421496 0.6470495 0.7334989 0.4670511 -0.2680178 0.2801776 0.1916839
-0.2708914 0.2722216 -0.1360695 0.0151583 0.1369089 0.2257808 -0.2642882 -0.0243890 0.0000000 0.1684729 0.0385990 0.0025622 0.1085509 0.6207240 0.6914771 0.0992493 0.4138744 0.7173295 0.3117208 -0.4403205 -0.2151351 0.4764596 0.1188355 0.5029814 -0.0106781 0.0265610 0.2921235 0.3762486 -0.1646680 0.5051596 0.1574243 -0.0368568 0.4799122 0.3738801 0.1719218 -0.0712524 0.1488691 0.1391077 0.4653987 0.4772147 0.3949123 -0.1373577 0.3612066 0.6227666 -0.0058192 0.2019280 0.0042997 0.1081266 0.6389266 0.0506117 0.1074950 0.3276338 0.2708543 -0.0464799 -0.1301355 0.1220208 0.2071815 0.2679582 -0.5367009 0.2429131 -0.3914928 0.4516151 -0.2132492 0.0323142 -0.1714714 -0.1291018 0.2909307 0.3440394 -0.0966831 0.1126981 -0.0955045 -0.1225923 0.4478367 -0.3365120 -0.0409411 0.0636505 -0.2695681 -0.0574993 0.2306441 -0.2677529 -0.1427670 0.2463261 0.1898350 -0.0593438 0.1919085 -0.1098637 0.1862207 0.0031855 0.0973344 0.0616696 0.3038109 0.3503331 0.3181290 -0.2683235 0.3634233 0.2793900 0.3755123 -0.1157736 0.3265822 -0.0504011 -0.3350003 -0.0185093 0.1113694 -0.2427010 0.4712625 0.1627023 -0.0292393 0.2871937 0.2710808 0.1799613 0.4233610 -0.0043687 0.1254760 0.3390688 0.2749657 0.3405564 0.2987032 0.3789697 0.2961431 0.1708590 0.4136045 0.3749900 0.1396798 0.3830973 0.2314150 -0.0468168 0.0901995 -0.0223227 -0.1827782 0.2485831 0.0611557 -0.0926725 -0.1485371 -0.0710848 0.1372377 -0.1962115 -0.1218151 -0.2607435 -0.0801406 -0.1788391 0.2146287 -0.0884877 0.3236965 -0.1673459 -0.2227805 0.3032470 -0.2233099 -0.1973534 0.2819748 0.0100638 -0.0451808 -0.3908925 -0.2878146 0.2738437 0.3913328 -0.0851928 -0.1177958 -0.2204499 0.1020715 -0.1370845 0.4101904 0.2411857 -0.0234909 -0.3266988 0.4285525 -0.1395437 -0.0043935 0.0502301 0.3497139 0.2567973 0.2040571 0.4354517 0.3094950 0.5205728 0.0187774 -0.3465736 -0.5410885 -0.6304857 -0.4663532 -0.3494722 -0.3874461 -0.3878921 -0.3997464 -0.3860780 -0.4952519 -0.3362466 -0.4740979 -0.3376957 -0.3375042 -0.1693497 -0.1748404 -0.1763379 -0.1949628 -0.3338700 -0.1802939 -0.2694780 -0.4016975 -0.3413821 -0.3884288 -0.1813698 0.0767534 -0.0270679 0.3350168 0.4198931 -0.1162829 -0.3255984 -0.1822241 -0.0446284 0.1692575 -0.1595411 0.1894558 -0.3269033 -0.3449848 -0.1151996 -0.0020066 -0.1256609 0.3025837 -0.1941257
0.3569613 0.0218540 0.1483156 0.7129079 0.2643413 0.4447599 0.0811060 0.6615056 0.1684729 0.0000000 0.7405005 -0.3123516 0.4760501 0.1516792 -0.2165796 0.3971523 0.5471204 -0.3351221 0.1497437 0.0902375 -0.2134335 -0.2398344 0.5790836 -0.5123760 -0.1808108 0.3113372 0.7217848 -0.5540220 0.0179167 0.3670894 0.0474582 -0.3502858 -0.4583578 0.0986474 0.2780973 0.4007684 -0.0161099 -0.3063844 0.3667683 -0.0033792 -0.3726016 0.3650349 0.2085176 0.0818826 0.4138708 0.2519561 0.0472863 -0.4478830 -0.0513047 0.0962196 0.0764453 0.4641261 0.2641132 0.7586445 -0.2468694 0.1959266 -0.1171309 0.7533970 0.3870998 0.1355884 0.4030874 0.6288127 -0.1971172 0.4436980 0.4854480 -0.2344536 0.2588248 0.6539768 -0.0437038 0.4453250 -0.1726007 -0.1481581 0.2681616 0.1301240 -0.2216293 0.2115871 -0.0422940 -0.2075457 0.0857307 0.1535286 0.2735141 0.1352265 0.2874968 0.1759822 0.0493133 -0.1360369 -0.5003240 0.1252567 -0.2828625 0.1125431 -0.1520322 -0.0300966 -0.0160627 0.2204401 -0.1970474 0.1728255 -0.0725219 0.0464763 0.1389860 0.3773673 0.2860308 -0.1685218 -0.2265398 0.3177184 0.0407595 -0.0889902 -0.0929208 -0.0152371 -0.0424240 0.2827245 -0.0000991 -0.1812069 -0.0179814 0.2095510 0.2098187 -0.0397612 0.1988396 0.2465695 0.0216213 0.1843086 0.0077933 -0.0699395 -0.0963649 -0.1330796 0.1040054 0.1321004 -0.2172630 -0.2878365 0.1708038 -0.0335652 -0.0154358 -0.1765794 0.1386835 0.4458491 0.1233035 -0.0557512 0.2001557 0.2616306 0.1436722 0.3356094 -0.0962535 0.3100311 -0.0587174 0.4510740 0.3581585 -0.1203330 0.2895333 0.1016065 -0.3023287 0.1513308 0.0572408 0.2408329 0.1790077 -0.2200599 -0.0873960 0.0391478 -0.0027113 0.1641775 0.0089969 0.0509309 -0.1018934 -0.1100812 -0.1717686 0.0930161 0.0183967 -0.2033841 -0.2899581 -0.1043782 0.4717770 -0.0948147 -0.2556022 0.1440140 0.0455961 -0.0997700 0.2714817 -0.0141109 -0.1353016 0.1355248 0.0532829 0.2960294 0.2859669 0.3189173 0.3124247 0.2626622 0.3556006 0.1895336 0.4160094 0.1871683 -0.0353875 -0.0664100 0.0896594 0.2613018 0.0866528 0.1180883 0.0812441 0.1435135 0.1434305 0.0298431 0.2558293 0.1851402 -0.2636775 -0.1243853 0.0961596 0.2259952 0.2787681 0.3906882 0.2828912 0.1020157 0.1129587 0.4578174 0.2537316 0.3816068 0.3652070 0.4008752 0.5630715 -0.0454743 0.3348394 0.0739952
0.1794211 -0.0716684 0.1137542 0.5751704 0.2026669 0.3079354 0.3304367 0.6243955 0.0385990 0.7405005 0.0000000 -0.2970395 0.5488976 -0.1589349 -0.1103900 0.5596281 0.3741546 -0.4617694 0.1605745 0.0449945 -0.2858631 -0.3735635 0.8718744 -0.5448584 0.0489433 0.4875832 0.5284529 -0.5714584 -0.1136961 0.0515530 0.0174361 -0.1314472 -0.4852711 -0.0074283 0.5744695 0.4206882 0.1992897 -0.1287122 0.0308774 -0.2909467 -0.5715885 0.1369167 0.1949955 0.0310383 0.1845183 0.3360846 0.1392181 -0.3469332 -0.0198596 0.1922539 0.2368398 0.3757405 0.2058911 0.8205677 -0.1410938 0.2553596 0.1476351 0.7852980 0.5118879 0.2266759 0.3936051 0.6716932 -0.2583975 0.5982513 0.3409012 -0.1114060 0.4922225 0.7444216 0.2447636 0.8092294 0.2066850 -0.0204007 0.4074884 0.2244610 0.0107895 0.6480835 0.1388792 0.0669380 0.3846922 0.2116307 0.5060956 0.1441230 0.4286204 0.4019550 0.2074818 -0.0467409 -0.4527095 0.2296026 -0.2390947 0.1930505 -0.1664454 -0.0297517 -0.0540362 0.3138393 -0.3275656 0.4008262 0.2011752 0.0258782 0.0924996 0.2566355 0.3598991 -0.0706615 0.0636247 0.1112416 0.2353466 0.1123015 0.1481620 0.0998989 -0.0118526 0.2255724 -0.0072012 -0.0850840 0.2153927 0.0053239 -0.1381425 -0.1099660 -0.1069075 -0.1349380 -0.2860129 0.0435080 -0.2469180 -0.2690968 0.0826228 -0.4292889 -0.0764856 0.1747589 -0.0713285 -0.2350922 0.2407571 -0.0693604 0.0035552 -0.1791405 0.4357292 0.3021450 0.3984715 0.0629413 0.3932823 0.4649875 0.4530356 0.3405505 0.1220339 0.3694423 0.1689673 0.4031852 0.4629821 -0.0720889 0.6499908 0.3248735 -0.0058787 0.2030883 0.1083039 0.0965602 0.3246103 0.0438023 -0.1804486 -0.0448398 0.1152990 0.1592660 0.1956927 0.0230109 -0.0802993 0.1146828 -0.1195270 0.1858047 0.1040659 -0.0676836 -0.0418276 0.0760306 0.5498423 0.1231249 -0.0630799 0.2591271 0.0381182 0.0393654 0.3353563 -0.0303794 -0.0820123 0.2495267 0.0540673 0.1698161 0.1703516 0.1078341 0.2784985 0.1417485 0.4492107 0.1200894 0.5852115 0.2077953 -0.0357587 -0.0140265 0.0379867 0.3637055 0.0826209 0.2103127 0.1638275 0.2136785 0.1951444 0.1207319 0.4725899 0.2142026 -0.4250593 -0.4389162 -0.1913875 -0.1511454 -0.0302070 0.4317065 0.1471681 -0.2002469 -0.3358764 0.1734037 -0.1419512 0.2209589 0.4565299 0.2524901 0.3342533 -0.4209196 0.0313479 -0.0549958
0.2850180 0.7133006 0.5688901 0.2550305 0.6596989 0.5366275 0.5042913 0.2062868 0.0025622 -0.3123516 -0.2970395 0.0000000 0.4565333 -0.3255579 0.5037899 -0.4733969 -0.1263331 0.0141826 -0.1296609 -0.1003007 0.7677240 0.1042052 -0.1379212 0.3057604 0.0816544 -0.2323170 -0.0100818 0.0470778 0.6325902 -0.2418133 -0.2988220 0.5297095 0.1963164 0.7242875 -0.1625952 0.1893903 0.1788023 0.3463847 -0.0688792 0.0705962 0.3114305 0.2533288 -0.0413786 -0.2156818 0.4401243 -0.1737061 -0.0288185 0.4414546 -0.0316840 0.1541403 -0.1265710 0.0179011 0.5380670 -0.1639699 0.2285024 -0.1904306 0.3610520 -0.2508422 0.0685441 -0.1599081 0.0337874 -0.2542015 0.3851296 0.2687668 0.2349515 0.7385217 -0.1888939 -0.3317104 0.5364912 -0.0907507 0.1649836 0.8617356 0.0619619 0.5743478 0.5165978 -0.1150142 0.4854625 0.2239587 -0.0484522 0.3076714 0.1551069 -0.1555132 -0.1651075 0.1044207 0.2431245 -0.0786096 0.5619341 0.4908748 0.0030965 0.0533251 -0.0376733 0.1420128 -0.0374599 0.0151729 0.1331000 -0.1888179 -0.1328273 -0.4481497 0.1013237 -0.1287714 0.0729299 -0.4906840 -0.1408863 0.0231116 -0.2196880 0.1849949 -0.3353175 -0.0415597 -0.2602052 -0.3280116 -0.0930029 -0.1125995 -0.1171585 0.0443879 -0.0096573 0.2633628 0.2257609 -0.0244965 0.1777679 -0.3765955 0.1945305 0.3429022 -0.2913851 0.2527260 -0.2048825 -0.4603580 -0.0689378 0.0853071 -0.4718760 0.1489691 -0.0844849 -0.1666910 -0.3360940 -0.5375440 -0.2744857 -0.3285166 -0.3561976 -0.4716292 -0.3720470 -0.4272059 0.2769497 -0.3299986 -0.1974760 -0.4760349 -0.3373768 0.3264954 -0.1668751 -0.1490436 0.0906120 -0.2317699 -0.0894998 -0.1812048 -0.0477442 0.0283093 0.2762064 -0.1337834 -0.1157344 0.1023452 0.0174480 -0.1699894 0.3525922 0.0168000 -0.0385334 -0.2004847 0.3445546 0.1878772 0.1162742 -0.0815166 0.0617786 -0.0683852 0.1406891 0.1172018 0.1115920 0.5550314 0.4833210 0.5109133 0.4052206 0.2265006 0.0415938 0.0738745 -0.1766475 -0.0521890 0.1181458 0.1524276 0.1549008 0.0949838 0.0323140 0.3079564 0.3568630 0.7789416 -0.3077474 0.2929569 0.1909169 -0.2260425 -0.2483458 -0.3052222 -0.6570442 0.4168993 0.2048256 -0.5262689 0.3548339 0.1905458 0.3102766 0.0366618 0.1760753 0.0719097 0.0283433 0.2619484 -0.0445766 0.1429682 0.0472867 -0.4297818 0.2457010 0.0132006 -0.0895400 0.2100027 0.4843445 0.6059468
0.4121374 0.4590045 0.5283368 0.7885978 0.8202141 0.7279776 0.4615067 0.7982031 0.1085509 0.4760501 0.5488976 0.4565333 0.0000000 -0.2718471 0.2653584 0.2067550 0.3026312 -0.3593211 0.1549637 -0.2730167 0.3495883 -0.0746501 0.5908383 -0.2401399 0.1184687 0.3379405 0.5054750 -0.5346860 0.4390993 -0.1912383 -0.2838182 0.1146127 -0.3270881 0.5344809 0.4551934 0.4333197 0.4091680 0.2851418 0.1588359 -0.1783383 -0.2211973 0.3428221 0.3480060 -0.1890386 0.6423241 0.2946926 0.2936504 -0.0052826 -0.1584297 0.4575796 0.2791292 0.5210650 0.5417515 0.6871786 0.2196959 0.2966001 0.4622258 0.5192833 0.3898846 0.2673072 0.4128811 0.4701442 0.3128671 0.5873355 0.5591492 0.3661608 0.3635457 0.4296914 0.4437057 0.4696711 0.1418832 0.6151104 0.4855869 0.7386383 0.1571336 0.3594053 0.6058125 0.0028845 0.2428761 0.4371666 0.5836423 0.1397258 0.3040920 0.4709056 0.3019703 0.0437731 0.0768976 0.2980293 -0.0963654 0.0777901 -0.0919855 0.0593871 -0.1002438 0.3999367 -0.0029148 0.1205584 0.0834489 -0.2640099 0.1043339 0.3623122 0.3752775 -0.3102702 -0.0775491 0.3916485 0.0278408 0.2525361 -0.0504315 0.0335408 -0.1025788 -0.0555655 -0.1593162 -0.1314802 0.1384673 0.0443538 -0.0929479 0.2258591 0.1536623 -0.0356752 0.0896380 -0.0170109 0.0388297 0.0626851 -0.1845788 0.0628521 -0.0505145 -0.0540387 -0.0044487 -0.3149488 0.0004055 0.1637464 0.1205897 -0.4883922 0.1742935 -0.1199172 -0.0296491 -0.3037068 0.0814570 0.1429521 0.2221887 -0.0888777 0.2584147 -0.0730712 -0.0824815 0.0344970 0.1197212 0.0400974 0.3474898 0.0166496 -0.0061293 -0.2419434 -0.2354343 -0.0033066 0.0851724 -0.0358331 -0.0669298 -0.2615416 -0.0294023 0.1885541 0.0589070 -0.3007174 0.0894500 -0.0851546 -0.2845259 -0.0307654 0.1673708 0.0489788 -0.0184857 -0.1193027 0.5374487 -0.1242169 -0.0587706 0.2142220 0.1932286 0.3522995 0.6431844 0.3457131 0.2938177 0.4219977 0.1010262 0.2174086 0.1804133 0.1264577 0.2820724 0.2074623 0.4350194 0.2977396 0.5432171 0.4609049 0.3696470 0.5612135 0.0905562 0.5513123 0.3136219 0.2560492 0.1585336 0.0976243 -0.2360451 0.5072438 0.5870179 -0.0741029 0.0525715 -0.1833864 0.1451873 0.2377041 0.3495798 0.5882826 0.1430190 0.0950095 -0.2201514 0.3765604 0.0408791 0.0231790 0.5855089 0.4737952 0.3554567 -0.1904741 0.3557411 0.4210052
-0.3067595 -0.2580071 -0.5324119 -0.3409631 -0.2655134 -0.0673830 -0.3871218 -0.3851222 0.6207240 0.1516792 -0.1589349 -0.3255579 -0.2718471 0.0000000 0.1774645 0.2612399 0.5864213 0.7266694 0.4608241 -0.2460992 -0.3609005 0.4771660 -0.1425409 0.3888740 -0.2161230 -0.1470751 0.3011779 0.4873085 -0.2970069 0.8476029 0.4096243 -0.4659582 0.4366050 0.0880084 -0.0250344 -0.3711333 -0.1748081 -0.2708329 0.6528788 0.8473761 0.3495605 -0.1289036 0.2055820 0.7262633 -0.0680734 -0.0259348 -0.1071942 -0.2930984 0.5034153 -0.1687811 0.0719476 0.2207259 -0.2548861 -0.1362638 -0.3481737 -0.1077902 -0.1983279 0.1369332 -0.5674143 0.1742757 -0.4280385 0.3719420 -0.3540023 -0.4415369 -0.4142241 -0.4539036 0.2009467 0.2771942 -0.4497062 -0.1889710 0.0395971 -0.5040254 0.4110952 -0.5146692 -0.0883912 -0.0723677 -0.2833216 0.0553673 0.1621232 -0.0117125 -0.2467573 0.5443398 0.1613578 -0.0799759 0.1191729 0.1606220 0.1266694 -0.3977930 0.1868304 -0.2868517 0.1568756 -0.1381150 0.1214306 -0.4902598 0.4152838 0.0438051 -0.0832738 0.0739755 0.1451225 -0.1855911 -0.4477917 0.1299904 -0.0208709 -0.1840045 0.0737147 -0.1416684 -0.0898844 0.0959846 0.0241533 0.1612259 0.1405620 -0.2262313 -0.1017946 0.2243837 0.2635154 0.0837499 0.1792491 0.3733778 0.2290356 0.3237227 0.3138014 0.0475669 0.0925555 0.3212940 0.3829763 0.1385096 -0.0872010 -0.3428563 0.0720542 0.0264190 0.0838902 0.0262122 -0.1848681 0.1274904 -0.0056184 -0.0683697 0.0391503 -0.0831215 -0.1121799 -0.2362701 -0.3219519 -0.2003984 -0.2640128 0.0100071 -0.0163927 -0.1372369 -0.4535695 -0.4304990 -0.2602267 -0.3371342 -0.4001117 -0.3143946 -0.3471019 -0.2527679 0.0705283 -0.4371754 -0.4964321 -0.2055750 -0.4223604 -0.3930750 -0.1058898 -0.3522163 -0.3229210 -0.6407759 -0.1567314 -0.4399934 -0.3631150 -0.3423844 -0.1041874 -0.2909403 -0.3401271 -0.1889208 -0.1490213 0.0337419 -0.1022554 -0.0743713 -0.2413291 -0.3367386 -0.2965796 -0.3535521 0.0772130 -0.2862078 -0.5061830 -0.3615878 -0.5114114 -0.1695012 -0.5344600 -0.1518355 -0.0703543 -0.2665125 0.2538469 -0.1272033 0.1265879 0.0979802 0.1058237 0.1104925 -0.0042849 -0.1891419 -0.4641666 0.0467023 0.1911546 0.5529537 0.6020499 0.5550598 0.0532583 -0.0931047 0.2125305 0.1476692 0.2809868 -0.0092136 0.6813992 0.0094879 -0.3584679 -0.2765272 -0.0536287 0.0228808 0.1685535 -0.0841644
-0.0237272 0.5259311 0.1693180 0.0379134 0.2985605 0.3321468 -0.0377416 -0.0046206 0.6914771 -0.2165796 -0.1103900 0.5037899 0.2653584 0.1774645 0.0000000 -0.1434932 0.1612960 0.6151570 0.0938004 -0.3102255 0.2941019 0.2215252 0.0776815 0.6603293 0.0169208 -0.0607115 0.0842538 0.3984012 0.2700423 0.0694880 -0.1364743 0.3699973 0.5563064 0.6485603 0.0749302 0.1283246 0.1304822 0.3121946 0.0525397 0.2191179 0.3176806 -0.0522329 0.2050397 0.3505387 0.1154326 0.0116186 -0.0013076 0.3368108 0.5092019 0.1001824 0.0418335 0.1176939 0.4026192 -0.2887948 0.0293943 -0.0646589 0.3113992 -0.0721905 -0.4163892 0.0983606 -0.3415190 0.1081182 0.0964621 0.1600341 -0.2044819 0.2373921 0.1461911 0.0440551 0.2926539 0.1059660 0.0469649 0.4288373 0.3271743 0.0341858 0.2847623 0.1268059 0.1430140 0.2259465 0.2508455 -0.0842924 0.0668738 0.1259903 0.1248842 0.1908430 0.3475648 0.0152851 0.4567125 0.1776237 0.2224076 0.2530622 0.3328089 0.3856640 0.1310913 -0.1111444 0.4070954 0.1849710 0.3272572 -0.3476018 0.3179120 -0.2047398 -0.0174510 -0.1239945 0.3765040 -0.2859934 0.4325769 0.3787897 0.1177339 0.4115482 0.2203251 0.1467903 0.3008251 0.2414703 0.2817384 0.2362758 0.0473113 0.3194421 0.0793055 0.0196928 0.0574990 -0.0449557 0.1749122 0.2266732 0.0435364 0.1809910 -0.0829344 -0.1281848 0.1025227 0.1073815 -0.4026851 0.1500915 -0.1419387 -0.1054278 -0.2331787 -0.2469023 0.3387431 -0.1039913 -0.2278676 -0.3638041 -0.1689628 -0.1394360 0.5409167 -0.0118032 0.4007421 -0.2415159 -0.2779495 0.3258512 -0.1691000 -0.1783086 0.5754551 0.0463365 -0.0189686 -0.3014459 -0.2136070 0.3625287 0.2607836 -0.0924437 0.0620556 -0.0887676 0.3157256 -0.1452393 0.3626728 0.3939074 0.0179488 -0.1590925 0.3712442 0.1724150 0.3255960 0.1946577 0.3690024 0.3165848 0.3928507 0.4545699 0.3586523 0.7365892 0.2471461 -0.0863686 -0.2069241 -0.3831948 -0.2443991 -0.2740954 -0.5557678 -0.3721509 -0.3176023 -0.3593075 -0.3922249 -0.3362941 -0.3399204 -0.2446551 -0.1126316 0.2747506 -0.2131198 -0.0687292 -0.0824174 -0.3202227 -0.1373772 -0.2552911 -0.5568943 -0.0952178 -0.0864004 -0.2552002 0.2422659 -0.0271436 0.3813192 0.2549419 -0.0599600 -0.2696325 -0.1728028 0.1323418 -0.0939443 -0.1207161 0.0809143 -0.3787200 -0.0179314 -0.0178156 0.0151278 -0.1029541 0.3749818 0.1756724
-0.1158853 -0.5496155 -0.3932622 0.1083835 0.0440879 0.0687581 0.0301168 0.2924211 0.0992493 0.3971523 0.5596281 -0.4733969 0.2067550 0.2612399 -0.1434932 0.0000000 0.7064421 -0.1614066 0.6922813 -0.3959021 -0.2650952 -0.0751790 0.7254779 -0.4126871 0.3126156 0.6667333 0.6241388 -0.3669378 -0.1571697 0.2691580 -0.0745303 -0.4162277 -0.3747615 -0.2306380 0.7245081 0.0566435 0.3471681 0.1759268 0.4846976 0.0790829 -0.4662971 0.1679665 0.6447209 0.0762581 0.1466678 0.6399237 0.5271294 -0.2060339 -0.0872863 0.5939222 0.6642164 0.5996066 -0.3639699 0.5981959 0.2315724 0.5892377 0.1626152 0.4024776 0.1691881 0.5834185 0.2987825 0.6701812 -0.1528042 -0.1249087 -0.1378743 -0.4940780 0.7386621 0.5481512 -0.3641297 0.3599269 0.1283612 -0.2712687 0.5246253 0.0217407 -0.5022701 0.5045428 0.2314932 -0.2604953 0.1975661 0.0230238 0.1135574 0.6335471 0.3811553 0.4143095 0.2549302 0.0162065 -0.3081486 -0.2705535 -0.1972871 -0.1385886 0.0321164 -0.1307021 -0.0435421 -0.0352834 -0.1487490 0.1656667 -0.0076603 0.2432561 -0.3333081 0.0938602 0.0261952 0.3296946 0.2384552 0.0774679 0.1145674 0.0783153 0.1580582 0.1846117 0.0888236 0.1983984 -0.1771471 -0.1391100 0.2128720 0.1794552 0.1612824 -0.1417277 -0.0347909 0.0682718 -0.1388010 0.4744512 -0.0414536 -0.2969026 0.1437020 -0.3630525 0.2688946 0.6249683 -0.0004539 -0.3918556 0.5231284 -0.1390386 0.1591372 -0.2980125 0.4456942 0.4423250 0.3975382 0.2211242 0.4926716 0.6781583 0.5680003 0.3289337 -0.2613910 0.2204333 -0.2094727 0.5630463 0.5608416 -0.4248174 0.2687212 0.0272110 -0.1519658 -0.2887100 -0.2313325 0.1303367 -0.1767163 -0.2472869 -0.4256389 -0.2668539 -0.0933716 -0.0493782 -0.1774517 -0.2043921 -0.5291451 -0.2059037 -0.2997603 -0.0689632 -0.4133136 -0.2477654 -0.1539640 -0.1381925 0.1262585 -0.0378061 -0.2334976 -0.0532018 -0.1236440 -0.1846418 0.2365532 0.0228450 0.1341057 0.3743424 0.2984883 0.0553178 0.3096893 0.0457256 -0.0776644 -0.0712375 0.0452142 0.2341113 0.3170858 0.1239082 0.1979112 -0.1098093 0.5954360 -0.0226002 0.0511970 0.6402913 0.6861869 0.6947066 0.5534727 0.1476049 0.0989222 0.5691946 -0.4172302 -0.1898566 -0.1543821 0.1128764 0.1282154 0.5044102 0.2502008 -0.4346221 -0.5330049 0.0884495 -0.0203660 0.4212369 0.3543123 0.3906472 0.2940465 -0.7447545 -0.1703173 -0.3880089
0.1633239 -0.1524781 -0.2093914 0.2793213 0.2002973 0.4317956 0.0378521 0.2523609 0.4138744 0.5471204 0.3741546 -0.1263331 0.3026312 0.5864213 0.1612960 0.7064421 0.0000000 0.1388496 0.6451068 -0.3197042 -0.0354269 0.0840442 0.5572517 -0.1480913 0.1549728 0.3536800 0.8980064 -0.2042104 0.0912344 0.6102597 0.0661161 -0.2446470 -0.1532976 0.2567287 0.4191254 0.1399259 0.1531360 0.0838905 0.7221723 0.4892219 -0.0215090 0.3635313 0.4948289 0.2617613 0.3925238 0.3546558 0.2063193 -0.0642294 0.0935711 0.4173970 0.3114686 0.6243470 -0.1118869 0.4884016 0.0191350 0.2041785 0.0429848 0.3980231 0.0137040 0.2769291 0.0773543 0.5892494 -0.1305782 -0.1402288 -0.1935567 -0.2508095 0.4466227 0.4643681 -0.2183044 0.1433824 0.0566921 -0.1049946 0.5247286 -0.0487491 -0.2402738 0.1904527 0.1387078 -0.1846807 0.0288393 0.1100690 -0.0812430 0.6173349 0.3479059 0.3723328 0.4011218 0.0182846 0.0580804 -0.0266857 -0.0978880 -0.0214612 0.2231231 0.0261906 0.2086304 -0.2844639 0.1765436 0.1044144 -0.0787132 0.2099514 -0.0191788 -0.1383577 -0.0467909 0.1164516 0.0595309 -0.0944463 0.1272756 0.1162729 -0.0485337 0.3179808 0.0553710 0.3625382 0.0298541 -0.1641867 0.0930835 0.5845704 0.5441525 0.2219433 0.4418506 0.5093245 0.2677010 0.4583351 0.3837733 0.1111169 0.0704471 0.0087109 0.4666913 0.4191069 -0.0176331 -0.2945367 0.2836694 0.1178362 0.1885756 -0.1481419 0.1868282 0.4358234 0.2904880 0.1884241 0.3959129 0.3277209 0.2550056 0.1854780 -0.1470084 0.1938096 -0.3766424 0.4644027 0.5109042 -0.0802659 0.0652626 -0.0774702 -0.1976971 -0.3239214 -0.3013771 0.1158621 -0.1200188 -0.3051677 -0.0075851 -0.2848521 -0.1975347 0.1728724 -0.1422996 -0.2496469 -0.2255488 -0.2764351 -0.2382755 -0.2859281 -0.1503270 -0.1738239 -0.1602769 -0.1442201 0.3428824 -0.1325832 -0.2231776 0.0847729 -0.0948940 0.0818642 0.3282168 0.1332839 0.0288659 0.1668515 0.0761693 0.0183184 0.1463602 0.0147302 -0.0856905 -0.0102076 -0.0264245 0.0255015 0.0749954 0.1558128 0.1916068 0.1078016 0.3702861 -0.0363056 0.1041883 0.3227756 0.4177026 0.4587734 0.2310850 0.0888231 -0.1304387 0.3539445 -0.0877352 0.1540412 0.4491940 0.5230656 0.4493401 0.3560289 0.5553961 0.0509337 -0.1213656 0.2514022 0.4874371 0.3683321 0.3092547 0.2676628 0.4874356 -0.3282507 0.4275376 0.0119045
