0.0000000 0.3197791 0.4099901 0.3028703 0.2470305 0.2145606 0.1915162 0.3927651 -0.1528926 0.0200512 0.3738647 0.0192398 0.4906426 -0.0728732 -0.1545095 0.3833610 -0.0443000 -0.1945436 0.4723965 0.1395837 0.1121160 0.2477097 0.1387191 -0.1260173 0.3488591 0.2932364 -0.2055731 -0.1458299 -0.0040977 -0.0908769 0.2583684 0.0548940 -0.0680370 -0.0785083 0.2541503 0.2422889 0.1699312 0.1540912 0.1031735 0.0308716 -0.1168483 0.0902679 0.3943245 0.0043455 -0.0314714 0.5656793 0.3249441 0.0125249 0.0340644 0.4791723 0.1687930 0.1633902 -0.0667331 0.0524521 0.0160325 0.2034513 0.1925396 0.2656630 0.4915215 0.1847925 0.1785191 0.1288541 -0.3796045 0.3090463 0.0209221 0.0015739 0.1403269 0.3747670 -0.1605900 0.4267335 0.0339320 0.1301325 0.3462584 0.2660158 0.1052818 0.4422738 0.3217618 0.1772495 0.2824798 0.3555778 -0.1394154 0.3368084 0.3099276 -0.2298885 -0.2528956 0.0016053 0.0476332 0.4137151 -0.2729105 -0.1907552 0.0127436 -0.0134964 -0.1928195 0.1088814 -0.1295569 -0.4494419 -0.3247794 -0.0597785 0.0658368 -0.0732295 -0.1157132 -0.0719031 -0.1954352 -0.2018641 0.0359035 -0.0432150 -0.1388631 -0.1330091 -0.1748735 -0.3971070 0.0431236 -0.1431794 0.3785616 0.0946090 0.0882392 0.3066247 -0.0305604 0.3461544 0.2614907 0.1934600 0.1005092 -0.1649438 -0.5371125 0.2579205 0.2761041 0.1107740 0.2150604 0.0518191 0.1728840 0.2439083 0.2679647 0.3281168 0.3116843 0.2926555 0.1213900 0.1597841 0.2691465 0.1478283 0.2645737 0.1868827 -0.1500539 0.2534682 -0.1034121 0.2587136 0.2503682 0.2550118 0.2897257 0.3366051 -0.2823196 0.3868207 0.2631555 0.3858198 0.2760288 -0.1314652 -0.0647186 0.4651381 -0.0995291 0.2605084 -0.2703425 0.2478109 -0.1401818 0.2809198 0.2863450 0.0866304 0.0471545 0.3585421 0.0262908 -0.2874775 -0.3034609 0.0630094 0.0232522 -0.2976461 -0.1365598 -0.0646823 0.0309257 0.1555414 -0.0745904 -0.1436611 -0.0011292 0.2719775 0.1372175 0.2484999 0.3739452 0.3175715 0.4485166 0.0477810 0.3352269 0.0757186 -0.0556631 -0.4246610 0.0181705 -0.0189379 0.0672440 -0.0895810 -0.0128721 -0.0317418 0.0184315 0.1504659 0.1292257 0.0944095 0.1209384 0.0717183 0.0328962 0.0173819 0.3234195 -0.1620099 0.2588144 0.4904474 0.0759859 0.1198052 0.1163342 -0.3033279 0.3667206 0.0918721 0.4478842 0.3105476 0.0625596 0.1255410
0.3197791 0.0000000 0.8820487 0.8070532 0.7661889 0.5835919 -0.0566190 0.5649804 0.2722032 0.2263470 0.6706988 0.0864543 0.3863902 0.1050198 -0.0256624 0.4495472 0.0784747 0.2463311 0.0056673 0.3374924 0.4893524 0.1937420 0.3868301 -0.1130726 0.1813352 0.1033835 0.3352368 -0.1270771 0.0852496 0.2473081 0.4367971 0.1986052 -0.3033027 -0.1685598 0.2908670 0.5581461 0.2086178 0.1101576 0.0525159 -0.1124725 0.3879475 0.2916141 0.3883309 -0.1834093 0.0786359 0.1984876 0.1827771 0.2126175 -0.0554721 0.3521820 0.1628465 -0.0654617 0.1562683 -0.0183587 0.2917119 0.2370303 0.2685940 0.3213552 0.8093823 0.2529621 0.7201392 0.0558767 0.2563458 0.5459192 0.5886074 0.2865664 0.0997757 0.2844883 0.1994901 0.5448118 0.1982428 0.6262346 0.0980811 0.6976773 0.1094366 0.4339077 0.5100135 0.2039482 0.3364568 0.5524277 0.3370095 -0.5138999 0.1899351 -0.2946682 -0.1871166 -0.0160188 -0.2715768 0.4617398 -0.2691957 -0.1813845 -0.1604645 -0.0719207 -0.4117374 0.1471612 -0.2188142 -0.4261346 -0.2605977 -0.5537700 0.1989967 0.0792519 -0.1539782 -0.3821842 -0.4593953 0.0807779 -0.3659644 -0.0948821 -0.5026548 -0.3068616 -0.4901031 -0.2924147 -0.1367094 -0.6842732 -0.3033094 0.2448385 0.4049031 -0.1689224 0.3484843 0.3854812 -0.0615543 -0.2462529 -0.0844276 0.1167667 -0.1801400 -0.0218882 -0.2173071 -0.2056365 0.2737493 0.0702910 -0.2525184 -0.0724802 -0.1409165 0.1738764 -0.0313878 -0.0819895 0.4315208 -0.1213973 -0.1165582 -0.2875560 -0.1350891 -0.1705500 0.4869849 -0.1441698 0.5022843 -0.0412637 -0.1399962 -0.0171880 -0.1395263 -0.0574890 0.4672058 0.1049414 0.0412861 0.0942453 -0.1610551 0.4203821 -0.0522414 0.0320257 0.3841561 -0.0828957 0.4120437 -0.0321412 0.0731996 0.1390059 -0.0416939 -0.1387741 -0.1212153 0.1495195 -0.0754126 0.4284719 0.1993084 0.1759145 0.2101573 0.3541929 -0.1275644 0.0405810 0.7042139 0.2964826 -0.1611062 -0.5777198 -0.0013137 0.2941887 -0.4263416 0.7470735 0.6745580 0.7784528 0.6110796 0.6816807 0.5111332 0.5281153 0.2350598 0.1622473 -0.5046201 0.3173411 0.1314793 -0.4995422 -0.4218102 -0.4352205 -0.3278102 0.3985601 0.6524758 -0.2712377 -0.1061718 -0.4871513 -0.6740645 -0.6472105 0.4394615 0.3499561 -0.1807427 0.1814545 -0.2999846 -0.3733917 -0.7081517 -0.6823334 0.5114086 0.3413749 0.4134946 0.0009365 0.1074901 0.0241811
0.4099901 0.8820487 0.0000000 0.7704763 0.7464652 0.6069628 0.1199368 0.7983846 0.0594354 -0.0468070 0.5186706 -0.0034675 0.7355078 -0.1021822 -0.1878849 0.4154382 -0.2385614 0.1350664 0.4213829 0.6723606 0.3697906 0.4764665 0.2599794 -0.3682855 0.3759651 0.2105067 -0.0012881 -0.3873645 -0.1020052 -0.0446497 0.7467210 0.5229283 -0.4773208 -0.3259224 0.4315179 0.3969539 0.4346316 0.4192799 -0.2376071 -0.3748013 0.6066757 0.0534264 0.4218926 -0.3954763 -0.1192453 0.4745057 0.4199987 0.4974858 -0.2264357 0.6073540 0.3773652 -0.1415402 -0.0598047 -0.1877451 0.5557741 0.5529286 0.5264367 0.2578035 0.8649933 0.4682283 0.6190213 0.1904143 0.4258595 0.4369437 0.3341101 0.5680047 0.2907074 0.3537470 0.4726107 0.5514719 0.4828151 0.5602313 0.2499680 0.6712180 0.4238182 0.5280150 0.6529694 0.5395690 0.5362327 0.7149101 0.5365076 -0.2596751 0.3794271 -0.1875112 -0.1254416 0.2031688 -0.0935634 0.7349194 -0.2269267 -0.0421042 -0.0432980 0.0328720 -0.3595299 0.0979077 -0.0839038 -0.2694884 -0.2055626 -0.5294734 0.1135117 -0.0622461 -0.1798007 -0.4026063 -0.3636737 -0.0463617 -0.3954664 -0.0303765 -0.5600843 -0.2296373 -0.5636504 -0.1999182 -0.1488607 -0.6656214 -0.2506250 0.3039128 0.5070223 -0.1179640 0.4020415 0.5263946 -0.0158543 -0.3546565 -0.0900002 0.2201225 -0.2826868 0.1309646 -0.3643165 -0.3508534 0.2314789 -0.0604974 -0.3879806 -0.1233428 -0.2451582 0.1951100 -0.1992741 -0.1362477 0.5814454 -0.2169248 -0.2582124 -0.4043080 -0.2935421 -0.3033700 0.3740943 -0.2640712 0.5486802 -0.1792458 -0.2703851 0.0187008 -0.2674743 -0.1968991 0.3818838 0.0255662 -0.0579584 -0.0065263 -0.2395993 0.3395689 -0.0528872 0.0172002 0.2216552 -0.1939636 0.3413725 -0.0934793 0.1726402 0.2420616 0.0571988 -0.1822174 -0.1249824 0.1138293 0.0338005 0.3736860 0.0891215 0.0876701 0.1264201 0.2451113 -0.3188671 0.0209417 0.5877439 0.1696579 -0.3020036 -0.4723013 -0.0730359 0.4609791 -0.3282262 0.5999466 0.5738384 0.6967255 0.7646062 0.5177056 0.6935974 0.6438389 0.2194646 -0.0600026 -0.6104407 0.3705420 0.3234476 -0.6285310 -0.5546711 -0.5574527 -0.4112164 0.5352458 0.7063244 -0.4156853 0.0643079 -0.2757870 -0.5514798 -0.5378187 0.6457083 0.3843137 -0.2791860 0.4232986 -0.1592996 -0.1637182 -0.5430997 -0.5673854 0.7307050 0.3632293 0.3912165 0.1707961 -0.0984772 -0.0195099
0.3028703 0.8070532 0.7704763 0.0000000 0.4931680 0.8391081 0.2836433 0.7297190 0.3995656 0.2674398 0.7251017 0.4251235 0.3728805 0.1437836 0.2636218 0.5350745 0.0358141 0.4277091 0.1299777 0.4373679 0.5826312 0.0922845 0.4040741 -0.0273668 0.0593904 0.3338162 0.1975321 -0.1093741 0.3886933 0.1204869 0.4881720 0.2159006 -0.1784063 0.0224841 0.4204007 0.7771223 0.4404012 0.0618967 0.0498204 0.0348916 0.2353306 0.5358282 0.4827568 -0.0101461 0.3039085 0.2885644 0.2763834 0.1028561 0.2262762 0.2352700 0.2899265 0.2232296 0.4421337 0.3164169 0.1236252 0.1827274 0.2834864 0.5579546 0.6990471 0.4026679 0.8871791 0.3979958 0.1356416 0.7652494 0.7542618 0.3001838 0.2774547 0.4377163 0.2357755 0.7926848 0.3462820 0.9157235 0.3129059 0.8982414 0.0907222 0.6880318 0.8142277 0.4232860 0.5727262 0.7661395 0.4961178 -0.6042762 -0.0479329 -0.5878964 -0.5684985 -0.1613490 -0.3640643 0.3432807 -0.4641542 -0.4776469 -0.3084198 -0.1092203 -0.6216080 0.0164098 -0.1277531 -0.4121659 -0.3869098 -0.6780724 0.0179697 0.1409169 -0.4349567 -0.5935490 -0.6340708 -0.3152217 -0.6364991 -0.1266521 -0.7043965 -0.4766913 -0.7131599 -0.4561624 -0.4253616 -0.8277243 -0.5478720 0.2078915 0.3260300 -0.3662850 0.3587581 0.1696500 -0.3087049 -0.4396865 -0.2551241 0.3520117 -0.4514113 -0.0604385 -0.3592973 -0.4998731 0.3181202 -0.3073189 -0.4294000 -0.1561227 -0.2683524 -0.1259360 -0.1636167 -0.1995009 0.3195203 -0.5230860 -0.2879599 -0.4932243 -0.3242747 -0.4712988 0.3490462 -0.4216118 0.3995953 -0.4873297 -0.3687367 -0.4018611 -0.3509655 -0.2817859 0.3969033 -0.1672674 -0.3371079 -0.3087423 -0.4130632 0.1949825 -0.3539525 -0.3378936 0.0521727 -0.3966952 0.2677310 -0.4985707 -0.0716047 -0.1277232 -0.3135492 -0.5890944 -0.3470587 -0.3118244 -0.1706955 0.4267679 -0.0816657 -0.1908594 -0.0192281 0.3525607 -0.3823181 -0.0953103 0.5740766 0.3527804 -0.3526264 -0.6327921 -0.2637960 0.2693323 -0.2083406 0.8766774 0.9023924 0.9236262 0.4424318 0.7735168 0.4356048 0.5611312 0.0449769 0.2238138 -0.6442084 0.5280585 0.2023063 -0.6635712 -0.6315720 -0.6450841 -0.6141825 0.6620833 0.8270322 -0.5673167 -0.2140168 -0.6816710 -0.6782533 -0.7810255 0.1705588 0.1712019 -0.5074186 -0.0247762 -0.5567480 -0.4348649 -0.7578485 -0.5579801 0.4081269 0.1041405 0.2040848 -0.3665863 -0.1204569 -0.0408728
0.2470305 0.7661889 0.7464652 0.4931680 0.0000000 0.3158194 0.1039557 0.5447726 0.0486361 0.0823955 0.5398677 -0.1384222 0.5249129 0.1772773 -0.2728332 0.5635404 0.1879357 0.3048954 0.1820624 0.5654705 0.6443624 0.6156179 0.5775366 -0.2767229 0.5427282 0.3618227 0.1159106 -0.1224509 -0.1506284 0.3721586 0.5303830 0.5647868 -0.4979100 -0.3170001 0.4725651 0.3869236 0.4737224 0.4835438 0.1274813 -0.1399919 0.5943593 0.0302010 0.4866136 -0.2602400 -0.0518912 0.3433563 0.3215492 0.5938744 -0.1907978 0.5003460 0.3233566 0.0486801 -0.0367448 -0.0543562 0.6558319 0.5100264 0.4558551 0.3070080 0.8641358 0.4337978 0.5330761 0.2376383 0.5332286 0.3014303 0.3306798 0.4482899 0.2025895 0.3345439 0.3493229 0.4127519 0.0891253 0.4124455 0.1338684 0.6290451 0.2181022 0.2592729 0.4598096 0.1897810 0.2731885 0.4455665 0.3075287 -0.4328631 0.1242360 -0.0702474 -0.0005926 0.1202113 -0.0317079 0.5020533 -0.0640434 -0.0316296 0.1061358 0.1065026 -0.2501914 0.0585424 0.1290925 -0.1856714 0.2168211 -0.5002766 0.2268660 -0.2241954 -0.2048262 -0.3639413 -0.3900916 0.1757018 -0.1766800 0.1016958 -0.4085845 -0.3456982 -0.3691448 -0.1584378 0.0593049 -0.4608744 -0.2173194 -0.0100404 0.2336588 -0.1791151 0.2043475 0.4387295 0.0488137 -0.1721324 -0.0804989 -0.1059558 0.2947640 -0.1754797 -0.2028458 -0.1308296 -0.0175703 0.2726748 -0.2716242 -0.2016702 -0.2047862 0.3547289 -0.0865497 -0.0997378 0.5657073 0.0783235 -0.1422015 -0.2615910 -0.1388984 -0.0369630 0.6132191 -0.0485900 0.7029559 0.1684177 -0.1726790 0.2358732 -0.1068766 -0.0099704 0.5490619 0.2013978 0.1957664 0.1538914 -0.0969722 0.6475178 0.1293424 0.2861759 0.6813635 -0.0184272 0.6828792 0.2621142 0.1426090 0.3103603 0.1609709 0.2537918 0.0055087 0.3475845 0.1138181 0.5405610 0.5500056 0.3899945 0.2393131 0.3827232 0.2978465 0.4453071 0.7932105 0.5117106 0.3215068 -0.0992728 0.4763604 0.4403068 -0.4338293 0.4765997 0.4006713 0.4716388 0.8955054 0.5622060 0.8288929 0.7575792 0.6917751 0.3035130 -0.3570155 0.3705554 0.3796744 -0.3634828 -0.3275981 -0.3322338 0.0766865 0.2946148 0.6190865 -0.1835193 0.1073368 -0.2214919 -0.4174125 -0.3087660 0.7361401 0.6829907 -0.0742525 0.4913659 -0.1588312 -0.2237680 -0.4530066 -0.4365184 0.6990293 0.6998683 0.6205415 0.4170663 0.2818280 0.3699400
0.2145606 0.5835919 0.6069628 0.8391081 0.3158194 0.0000000 0.3767524 0.5872040 0.6282793 0.4017832 0.5560736 0.5752470 0.3049113 0.2232877 0.5621082 0.3729931 -0.0111251 0.5442484 0.2270533 0.3788451 0.4423178 0.2095274 0.2623210 0.1716013 0.0951369 0.2478740 -0.0145054 0.0079574 0.5443267 0.1630114 0.4982245 0.2478505 -0.0173978 0.2155346 0.4159021 0.6718062 0.5074109 0.1794028 0.0960735 0.1381118 0.2987882 0.5872839 0.4315814 0.0974442 0.4521296 0.3897762 0.2883222 0.1590631 0.2940344 0.3139540 0.3132049 0.3285250 0.4835514 0.4061223 0.1765449 0.3488083 0.3421653 0.6778499 0.6204138 0.4468803 0.8001132 0.4659690 0.1042318 0.7439192 0.6463592 0.4004796 0.3386020 0.5821464 0.4107735 0.7853641 0.4973942 0.8208645 0.4263666 0.8073366 0.3159070 0.7065461 0.8198453 0.5422045 0.6234474 0.7917088 0.6410382 -0.5065019 0.0802947 -0.4600820 -0.5462830 0.0872649 -0.1067331 0.3169063 -0.3243969 -0.3912912 -0.1769048 0.0763554 -0.3309500 -0.1465318 -0.0165289 -0.1371973 -0.1708996 -0.4453712 -0.0590464 0.0088929 -0.4066636 -0.4711969 -0.4281827 -0.4202998 -0.5107139 0.0250473 -0.6178463 -0.2783943 -0.6675437 -0.2410751 -0.4282315 -0.7846756 -0.4914689 0.3721329 0.4201829 -0.3669933 0.4467104 0.2441600 -0.3300515 -0.4437614 -0.1041361 0.5018825 -0.3871403 -0.0442543 -0.4020907 -0.5596668 0.3536891 -0.3114148 -0.5070589 -0.1987550 -0.3314201 -0.1086040 -0.2537402 -0.3029507 0.4233594 -0.5687587 -0.3791378 -0.5712335 -0.4209091 -0.5383913 0.4047226 -0.5314812 0.4046623 -0.5477429 -0.4651772 -0.3804102 -0.4420634 -0.3858373 0.4117966 -0.3239153 -0.4510490 -0.4555737 -0.5073341 0.2247945 -0.4958614 -0.5535316 0.0213915 -0.4666758 0.2568894 -0.6089190 -0.1383704 -0.1839156 -0.4650749 -0.6536413 -0.3287647 -0.4657860 -0.2781730 0.3979545 -0.0465045 -0.1872997 -0.0722808 0.4402961 -0.3938242 -0.0302818 0.3481729 0.1409564 -0.4407735 -0.5935567 -0.4145378 0.2144139 -0.2195159 0.6939136 0.8399602 0.8080053 0.3010304 0.7032638 0.3679947 0.5785011 -0.0150631 0.2749611 -0.6950698 0.6879358 0.3064341 -0.7220188 -0.7002328 -0.7145757 -0.6737378 0.6365627 0.8078108 -0.6358521 -0.1705769 -0.4108391 -0.4874703 -0.6562288 0.1369654 0.1173371 -0.5836632 -0.0651569 -0.4956336 -0.1964867 -0.5783544 -0.3869686 0.3223359 0.0674758 0.0459200 -0.3760381 -0.1407192 -0.2302231
0.1915162 -0.0566190 0.1199368 0.2836433 0.1039557 0.3767524 0.0000000 0.3165015 0.1440175 0.2504847 0.0705696 0.3800551 0.3491160 0.4049407 0.3249726 0.3564153 -0.0431550 0.4815079 0.4991816 0.4518275 0.3856752 0.4355621 0.1828638 0.0930620 0.1719909 0.5762213 -0.3828463 0.1649740 0.4261692 0.1585146 0.4294413 0.4310535 0.1098069 0.3662670 0.4138291 0.4749051 0.5566898 0.4887824 0.2813223 0.4200558 0.0573645 0.3867998 0.3547806 0.3987832 0.4550816 0.3628543 0.3417067 0.2883220 0.5236135 0.0974657 0.3585639 0.6969646 0.4173191 0.6526417 0.1493070 0.2582450 0.2518247 0.6810993 0.1927557 0.5362337 0.2424164 0.7338852 -0.0531983 0.2014524 0.0253918 0.1233971 0.4150887 0.4445387 0.1149736 0.4799002 0.1271551 0.3176753 0.5359985 0.3832587 0.0401103 0.4453596 0.6493136 0.3722459 0.4146990 0.4406111 0.1088005 0.0197962 0.0077146 -0.1299072 -0.5086313 -0.0393003 -0.0775002 -0.0755892 -0.4118969 -0.4152087 -0.0197668 0.2207710 -0.1642997 -0.3134761 0.2418004 -0.1299643 -0.0585953 -0.2616148 -0.3591246 -0.1730689 -0.4911017 -0.3549621 -0.0823355 -0.5146409 -0.3677161 -0.0343571 -0.3034658 -0.1813936 -0.3218443 -0.3800494 -0.3238591 -0.1257790 -0.3442921 -0.3235867 -0.3359018 -0.3552767 -0.1319721 -0.2448244 -0.3336783 -0.2387143 -0.3567689 -0.0615841 -0.2728509 -0.3339179 -0.2328141 -0.3373276 -0.1264090 -0.3442843 -0.2530921 -0.2516676 -0.2294976 -0.1430833 -0.1736526 -0.1722041 0.0002969 -0.2830051 -0.1949383 -0.2910811 -0.2148332 -0.2333158 -0.1002979 -0.2313940 -0.0241197 -0.2936483 -0.2911499 -0.2641648 -0.2490085 -0.2246342 -0.1029872 -0.1108914 -0.1507725 -0.3180231 -0.3198997 -0.1001942 -0.4987696 -0.2012909 -0.1856135 -0.2577447 0.0431546 -0.3550538 -0.1417747 -0.1491419 -0.1845634 -0.3114557 -0.2945625 -0.2765358 0.0774345 0.0970187 -0.0729749 -0.3789591 -0.3270895 -0.1112621 0.1533215 0.4173592 0.1685542 0.3027403 0.0942427 0.2290948 0.0448940 0.4653379 0.2178813 0.1360099 0.3686758 0.1621798 0.3172037 0.0930314 0.3983323 0.4819734 0.3644664 0.2580484 -0.1786727 0.6287369 0.4466266 -0.1609943 -0.2683241 -0.2556641 -0.1425862 0.2548046 0.3551836 -0.3135862 0.0182617 -0.1946511 0.1250846 -0.0755776 -0.0356089 0.1000202 -0.2878139 0.1340686 -0.3856142 -0.0914723 0.0365093 -0.1764670 0.0761136 -0.0965579 -0.1757689 0.0112275 0.1108925 0.4059116
0.3927651 0.5649804 0.7983846 0.7297190 0.5447726 0.5872040 0.3165015 0.0000000 -0.1667583 -0.3184189 0.5688939 0.0870617 0.8079531 -0.3390605 -0.2376364 0.6056422 -0.2976445 0.0703105 0.6480507 0.7752023 0.4777603 0.4415926 0.4299238 -0.5887155 0.4569811 0.5845069 -0.0257641 -0.6068120 -0.1482157 -0.3191864 0.8187952 0.6034604 -0.6691832 -0.4943875 0.6948533 0.3703127 0.7526240 0.4941009 -0.3814995 -0.4307696 0.5280381 -0.0510198 0.5822506 -0.4965856 -0.2362759 0.7089724 0.6889675 0.5330753 -0.2657384 0.6694012 0.6869144 0.0821363 -0.1216131 -0.0481447 0.5577818 0.6463664 0.7339928 0.3764401 0.6848383 0.7371712 0.6081706 0.5853610 0.4447679 0.5705989 0.3186821 0.6904900 0.6467792 0.5857978 0.5910780 0.7364103 0.6820488 0.6899193 0.5751264 0.7739154 0.5358356 0.7729028 0.8377021 0.8011215 0.8306551 0.8733921 0.6993886 -0.2198181 0.1965891 -0.2243130 -0.1602653 0.3066408 0.1418204 0.7210240 -0.0411475 0.0131980 0.1792332 0.2543735 -0.3045622 0.2611322 0.3374689 0.0127333 -0.0697758 -0.4032845 0.2780078 0.1103815 -0.1615360 -0.3177362 -0.3236553 -0.1829711 -0.2885955 0.2735610 -0.4604021 -0.1821224 -0.4692504 -0.1309233 -0.0134447 -0.5116312 -0.2069259 0.2311851 0.3894306 -0.0906411 0.2580890 0.4324558 -0.0185949 -0.2128322 0.0254833 0.4639137 -0.2648656 0.2926413 -0.2088630 -0.3158851 0.4037094 -0.1113936 -0.2759877 0.0810108 -0.0741235 0.2427353 -0.0651710 0.0655605 0.5295422 -0.2671432 -0.1360597 -0.2917682 -0.1872922 -0.2684462 0.2577612 -0.2029173 0.4265118 -0.3259566 -0.2008339 0.0033172 -0.1504167 -0.0992777 0.2786915 0.0709303 -0.1323775 -0.1074043 -0.1271825 0.2816197 -0.0387157 -0.0301115 0.0367981 -0.1798480 0.2267804 -0.2156171 0.2477604 0.3384463 0.1079178 -0.2809396 0.0211613 -0.0219044 0.2414215 0.3475765 -0.0378625 0.0514337 0.1952723 0.2013530 -0.4320950 0.0054226 0.5008833 0.2447158 -0.3122382 -0.2135846 -0.0957185 0.4078237 0.0894890 0.5786668 0.5842062 0.6743226 0.6538299 0.4759556 0.6425588 0.6353475 0.1302107 -0.1151593 -0.4266207 0.4848759 0.4797370 -0.4992578 -0.4488563 -0.4502755 -0.3066831 0.8235345 0.7984645 -0.4027677 0.2291175 -0.2439950 -0.3120109 -0.3291296 0.5366722 0.3471469 -0.2944354 0.3782984 -0.1194387 -0.0382972 -0.3351016 -0.1052677 0.7415671 0.3939526 0.4329305 -0.0281447 -0.3228056 0.0295126
-0.1528926 0.2722032 0.0594354 0.3995656 0.0486361 0.6282793 0.1440175 -0.1667583 0.0000000 0.8843674 0.2497180 0.7305089 -0.4047501 0.7381606 0.8489969 0.0264514 0.5055546 0.7496174 -0.4081629 -0.2148759 0.2810619 -0.1206095 0.1233963 0.7971137 -0.4010231 -0.1840564 0.0545740 0.6948544 0.8294661 0.6601488 -0.1983385 -0.2447718 0.5630711 0.7141396 -0.0920047 0.6375361 -0.0091754 -0.3064503 0.5650877 0.5983930 -0.1669460 0.8458158 0.0415189 0.5677697 0.8337041 -0.2057147 -0.2848396 -0.3339915 0.5827395 -0.2792493 -0.2529548 0.2867829 0.7637976 0.5360315 -0.2761628 -0.2045801 -0.2920082 0.3705489 0.2421434 -0.1850279 0.5829029 0.0107421 -0.2471885 0.3354779 0.6298183 -0.2391050 -0.2098002 0.0406895 -0.1524035 0.2172763 -0.1769479 0.4431722 -0.2032922 0.3509300 -0.3008402 0.0288570 0.2353164 -0.2254782 -0.1484318 0.0793340 0.0354436 -0.6054502 -0.3216993 -0.5176762 -0.6287359 -0.3430481 -0.4031216 -0.3753524 -0.4173450 -0.5609362 -0.4829418 -0.3080076 -0.3074139 -0.5184321 -0.3008339 -0.2873061 -0.1622439 -0.3362804 -0.3524214 -0.2900198 -0.4723447 -0.4537862 -0.4371888 -0.2920380 -0.4995079 -0.2744422 -0.4693522 -0.3893735 -0.5153473 -0.3079971 -0.5721601 -0.6157552 -0.5336444 0.1356533 0.1325745 -0.4601210 0.3107678 -0.1285526 -0.4220812 -0.4722522 -0.3267099 0.0698918 -0.0706541 -0.4662266 -0.4113489 -0.4740301 -0.1279253 -0.2604059 -0.4881557 -0.4639420 -0.4672553 -0.4722727 -0.3649533 -0.5213643 -0.0149973 -0.4831602 -0.4367460 -0.5371693 -0.4411938 -0.4552638 0.2925631 -0.5321967 0.2003516 -0.3242883 -0.4658015 -0.4909950 -0.5067399 -0.4808250 0.2888106 -0.4841333 -0.4230223 -0.4565131 -0.6001048 0.0227505 -0.6064623 -0.5537689 0.0480961 -0.5004862 0.1413394 -0.4542717 -0.4617823 -0.5813726 -0.6083499 -0.4576034 -0.5648721 -0.4957624 -0.4835396 0.1729244 0.0193495 -0.3012390 -0.3707450 0.3507497 0.0272926 -0.0688101 0.0347217 0.0928918 -0.0523016 -0.5414765 -0.2333629 -0.0297544 -0.5190341 0.4708965 0.5672494 0.4647073 -0.1300214 0.5702285 -0.0831655 0.1503956 -0.0625407 0.5038137 -0.5582414 0.2809828 -0.2420146 -0.5176416 -0.5461521 -0.5466767 -0.5413387 -0.0851661 0.2347672 -0.4982194 -0.4610230 -0.3353938 -0.3658432 -0.5532451 -0.1891749 -0.0762011 -0.4960619 -0.4392308 -0.5324466 -0.3027515 -0.4673775 -0.4453806 -0.1363553 -0.1797008 -0.1857987 -0.3703976 0.3497484 -0.1160951
0.0200512 0.2263470 -0.0468070 0.2674398 0.0823955 0.4017832 0.2504847 -0.3184189 0.8843674 0.0000000 0.2666930 0.6243503 -0.4772750 0.9093846 0.7371919 0.1232914 0.6868943 0.6978986 -0.4453088 -0.3516361 0.2716173 -0.0941058 0.1746099 0.8925766 -0.3539895 -0.1028602 0.0577542 0.8783511 0.8715549 0.8556153 -0.3508772 -0.3654353 0.7104959 0.8410001 -0.1796525 0.6554010 -0.1515372 -0.3328767 0.8442195 0.8509274 -0.3558853 0.8897606 0.0430608 0.8059328 0.9006610 -0.2702332 -0.3752735 -0.4173410 0.7634366 -0.3978693 -0.3735669 0.4251868 0.8367059 0.6879191 -0.4208628 -0.3867321 -0.4582144 0.4205383 0.1991125 -0.2722078 0.4700883 -0.0127404 -0.4818041 0.2783419 0.5414525 -0.4920543 -0.2804339 0.0237429 -0.4648787 0.1750901 -0.4547220 0.3021872 -0.1963389 0.2427672 -0.5416566 -0.0538764 0.1272117 -0.4476382 -0.3034126 -0.1050973 -0.3078959 -0.4805581 -0.3681797 -0.4944865 -0.6394318 -0.4800429 -0.4260063 -0.5375675 -0.5057769 -0.6439715 -0.4170829 -0.2802038 -0.2657181 -0.5314445 -0.3056449 -0.4433043 -0.1788529 -0.2436240 -0.3809860 -0.3233317 -0.4805210 -0.3747563 -0.3509200 -0.2211506 -0.3752774 -0.3443255 -0.3186802 -0.3897768 -0.3423069 -0.5110075 -0.4646682 -0.4144819 -0.4108541 -0.1144701 -0.1667049 -0.4230067 0.0841888 -0.2790332 -0.3920703 -0.2642292 -0.3895460 -0.2996161 -0.0427377 -0.6222368 -0.1787369 -0.2386276 -0.2461058 -0.0726181 -0.2419003 -0.3847117 -0.2825974 -0.3651671 -0.1360282 -0.3584771 -0.1249298 -0.2236522 -0.1939476 -0.2984792 -0.1743861 -0.1578799 0.2294427 -0.2428436 0.0357075 -0.0172593 -0.2261160 -0.3685763 -0.2596520 -0.2221851 0.1443421 -0.2085999 -0.1056799 -0.1848066 -0.3837764 0.0018885 -0.5298159 -0.2669974 0.1287184 -0.2445401 0.0799544 -0.1888800 -0.4974497 -0.4815800 -0.5042626 -0.1999778 -0.4767879 -0.2384434 -0.4168564 0.0726447 0.0958688 -0.2186261 -0.3403245 0.1845915 0.3195131 0.0416722 0.0576656 0.1577572 0.1499359 -0.3786036 -0.0752848 -0.0612729 -0.4945410 0.3567366 0.4908521 0.3173450 -0.0978294 0.4659594 -0.0804591 0.0219949 0.0500019 0.4476447 -0.2992273 0.1503470 -0.2594109 -0.2456151 -0.2883777 -0.2890978 -0.2978180 -0.2818729 0.0475138 -0.2315671 -0.4627110 -0.3076658 -0.2122357 -0.4119826 -0.2671045 -0.1599522 -0.2155265 -0.3171172 -0.5097043 -0.2778970 -0.2948296 -0.5276987 -0.2776227 -0.2437488 -0.1292383 -0.2235498 0.6235360 0.1965573
0.3738647 0.6706988 0.5186706 0.7251017 0.5398677 0.5560736 0.0705696 0.5688939 0.2497180 0.2666930 0.0000000 0.2492441 0.1804890 0.1072536 0.0024291 0.8706698 0.4752627 0.2239218 0.0459990 0.1502331 0.5690931 -0.0077106 0.7546827 -0.0652332 0.2615924 0.5153853 0.4324078 -0.0759402 0.2882327 0.2876069 0.1641430 -0.0404296 -0.2453634 -0.1231242 0.4031254 0.6542328 0.3530285 -0.0685140 0.2504198 0.1453526 -0.0093212 0.4185696 0.5391918 -0.0056868 0.1802738 0.3628677 0.2272465 -0.0445492 0.1042348 0.2957678 0.2452880 0.2446337 0.2937093 0.3089961 -0.0026916 0.0996086 0.1914533 0.4979206 0.6612627 0.2677849 0.8216367 0.3170721 -0.0755492 0.8156207 0.7419414 0.0713620 0.3157571 0.5119937 -0.0299284 0.7861312 0.1013695 0.8030187 0.3670361 0.8099478 -0.0814264 0.6493179 0.5951818 0.2014561 0.5027373 0.5368882 0.2897637 -0.6385734 -0.2620338 -0.5510833 -0.3669503 -0.0792685 -0.0098857 0.2184987 -0.1658090 -0.2767539 0.0755508 0.0882327 -0.3730386 0.2740849 0.2277463 -0.2671067 -0.0653213 -0.3427188 0.3367323 0.2404543 -0.2165999 -0.3064006 -0.4745438 0.0617447 -0.1497776 0.1655315 -0.3858072 -0.3628422 -0.3518356 -0.5251614 0.0400901 -0.5869116 -0.2652758 -0.0477397 0.0209352 -0.2930993 -0.0397488 0.2320050 -0.1922059 0.0638610 0.0246879 0.0858647 -0.0462540 -0.0573167 0.1760507 -0.0293123 0.4451177 0.2791838 0.0228354 0.2200702 0.1879991 0.2643820 0.3318992 0.2342973 0.3298795 -0.0362137 0.1958352 -0.0294737 0.1814781 0.0853171 0.5370619 0.0990551 0.2767122 0.0410582 0.1100105 0.0203971 0.1511516 0.2198322 0.3837818 0.3252549 0.1640892 0.1585422 0.0650429 0.5004608 -0.1891846 0.0758402 0.3995822 0.0666755 0.3049103 0.0459536 -0.1981816 0.2743918 -0.0741873 -0.0232086 -0.0241511 0.1182163 0.0634959 0.4031164 0.2283176 0.2639599 0.2627124 0.3047662 -0.1372253 -0.1247148 0.4959148 0.2754479 -0.1228653 -0.4566083 -0.0829301 -0.0288105 -0.1608359 0.7727188 0.7864903 0.7942317 0.3619990 0.8036500 0.2991130 0.2977086 0.0400682 0.0768415 -0.2154929 0.2618314 0.1461159 -0.2866170 -0.2223644 -0.2372797 -0.1783833 0.5468802 0.6325500 -0.1330334 -0.2272952 -0.5763484 -0.5164379 -0.5029789 0.1078318 0.0354927 -0.0958367 -0.0860818 -0.4725622 -0.3476378 -0.5392755 -0.2371424 0.2735823 0.2050486 0.4381693 -0.3365738 0.1570241 0.1687189
0.0192398 0.0864543 -0.0034675 0.4251235 -0.1384222 0.5752470 0.3800551 0.0870617 0.7305089 0.6243503 0.2492441 0.0000000 -0.2476503 0.4571952 0.7669840 0.1800996 0.3673696 0.5781444 -0.1450204 -0.1965204 0.4473989 -0.2532810 0.2198139 0.5651676 -0.5872714 0.0637452 0.1756295 0.4817192 0.7696406 0.2992652 -0.0882834 -0.2830621 0.3416972 0.5212809 0.1539074 0.7106165 0.2350778 -0.3215911 0.3397488 0.5164808 -0.3780846 0.8075788 0.1472834 0.4177562 0.7481315 0.0610463 0.0586926 -0.4398857 0.4900344 -0.1857507 0.0728430 0.4216580 0.6417033 0.6283989 -0.3563691 -0.1517652 -0.0716739 0.4409255 0.0842022 0.0678932 0.6057175 0.3666365 -0.3706137 0.4185035 0.6062195 -0.2622836 0.1628425 0.2641179 -0.1726678 0.3813687 -0.0112463 0.5216649 0.1371535 0.4157012 -0.2933473 0.3341707 0.4152777 -0.0223737 0.1104677 0.2399247 0.0208318 -0.3860108 -0.3481589 -0.4425497 -0.6477088 -0.2134478 -0.2613429 -0.3973844 -0.2525493 -0.4162867 -0.3406584 -0.1482358 -0.2770464 -0.1906757 -0.0004783 -0.2455996 -0.4311173 -0.1663619 -0.1005759 -0.0339697 -0.2707667 -0.2563540 -0.3412608 -0.3156613 -0.4380930 -0.0315393 -0.2737688 -0.2191362 -0.3619211 -0.2672761 -0.3750239 -0.3925948 -0.3948499 0.0668230 0.0069972 -0.2959288 0.0693563 -0.3106033 -0.3841583 -0.3039114 -0.2604501 0.2852650 -0.2664872 -0.2189165 -0.2323201 -0.2907863 0.1261364 -0.4080302 -0.2385678 -0.1401416 -0.1811314 -0.4334544 -0.1782873 -0.2262094 -0.3355172 -0.4398125 -0.1899995 -0.2869628 -0.2261789 -0.3335090 -0.1773809 -0.3552717 -0.1968855 -0.3242829 -0.2199392 -0.4396373 -0.2865848 -0.3184811 -0.1777151 -0.3328908 -0.3704090 -0.3307851 -0.3605675 -0.3466327 -0.7035809 -0.4339668 -0.4423953 -0.3473848 -0.3208111 -0.4776984 -0.3615801 -0.4749104 -0.3825672 -0.5835636 -0.4414841 -0.4704222 -0.1539282 -0.2222800 -0.4496559 -0.4985072 -0.3909532 -0.0516038 -0.1272583 -0.1264896 -0.0790247 0.1821488 -0.0523120 -0.3069469 -0.2071764 0.1457387 0.0552643 0.6090436 0.6869738 0.5872957 -0.2027598 0.4759244 -0.2248491 0.0759633 -0.2479779 0.2791159 -0.3415596 0.3051399 -0.3635296 -0.3349529 -0.3477791 -0.3234497 -0.4323095 0.0454595 0.2096322 -0.3354212 -0.2293623 -0.2381698 -0.0109553 -0.3007764 -0.2151500 -0.1681746 -0.2936781 -0.4680862 -0.3614049 -0.1232293 -0.1657140 -0.1867127 -0.0150170 -0.1862258 0.0102301 -0.5030423 0.1976289 -0.0857190
0.4906426 0.3863902 0.7355078 0.3728805 0.5249129 0.3049113 0.3491160 0.8079531 -0.4047501 -0.4772750 0.1804890 -0.2476503 0.0000000 -0.3924242 -0.4148230 0.3683044 -0.5622137 -0.0891167 0.8779674 0.8533476 0.2025917 0.6973894 0.1820296 -0.7190406 0.6574577 0.4894375 -0.3758616 -0.6896998 -0.4601578 -0.4425317 0.9168906 0.7995306 -0.6830341 -0.5614334 0.6470334 0.0470640 0.6675938 0.7989424 -0.4683511 -0.5681152 0.6398495 -0.3845951 0.5242940 -0.5887640 -0.4615052 0.7936541 0.7455226 0.7538927 -0.4478839 0.8484570 0.6831632 -0.0065002 -0.4543132 -0.3185883 0.7701497 0.8403979 0.7984447 0.1799080 0.6057519 0.7143935 0.1638791 0.4104431 0.4788272 0.1040496 -0.2280685 0.7307351 0.5548573 0.3876524 0.6167593 0.4143065 0.6173745 0.2096980 0.4644489 0.3934853 0.6782462 0.5172891 0.6030436 0.7675538 0.6659112 0.7156230 0.5013494 0.2415665 0.5925112 0.1048903 0.0638691 0.4427380 0.2207822 0.8063753 -0.0325801 0.1963274 0.2589983 0.2941586 -0.0786794 0.1244008 0.2346878 0.0406165 0.0530893 -0.2764726 0.1017420 -0.1273211 -0.0746250 -0.1940579 -0.0486996 -0.2038612 -0.0924913 0.2249970 -0.3214432 0.0129749 -0.3349032 0.0144142 0.0676000 -0.2373586 0.1276242 0.2222438 0.3800369 0.1881477 0.2279870 0.6236909 0.2818128 -0.1056146 0.1407640 0.2386948 -0.2676004 0.4077567 -0.1691111 -0.2367172 0.1946972 -0.0363984 -0.2456847 0.0389728 -0.0855626 0.3956878 -0.1010611 0.0957350 0.5416354 -0.0162388 -0.1197960 -0.2278226 -0.1704404 -0.1445246 0.0802039 -0.0855109 0.3828527 -0.1007740 -0.1543804 0.3029196 -0.0997924 -0.0420552 0.1136252 0.1738495 0.0529836 0.0534898 -0.0311774 0.2157186 0.0888156 0.2469499 0.0531941 -0.0357560 0.1881851 0.0445154 0.3197807 0.4797304 0.4172988 0.0107643 0.0989509 0.2413376 0.3761301 0.1964690 0.0165035 0.1480786 0.1547301 -0.0024279 -0.2566384 0.2323579 0.3544563 0.1467261 -0.1566924 0.0880194 0.1185939 0.6537088 0.1212927 0.1688511 0.2032643 0.2698480 0.7908268 -0.0013336 0.7453119 0.6085979 0.3272134 -0.2416732 -0.2740225 0.3921877 0.5709167 -0.3379579 -0.3184798 -0.3221944 -0.0667005 0.5519376 0.5041343 -0.2773429 0.4434273 0.0739266 -0.0837021 0.0023669 0.7235155 0.4271031 -0.1487882 0.6663488 0.1637026 0.0635888 -0.0318090 -0.1135629 0.7916870 0.4375901 0.2950084 0.4781775 -0.2375257 0.1295339
-0.0728732 0.1050198 -0.1021822 0.1437836 0.1772773 0.2232877 0.4049407 -0.3390605 0.7381606 0.9093846 0.1072536 0.4571952 -0.3924242 0.0000000 0.6011601 0.1013886 0.6638469 0.7696334 -0.3810225 -0.1497983 0.3254113 0.1190752 0.1776250 0.8064483 -0.2167701 0.0097845 -0.1435260 0.8972129 0.7545024 0.8991385 -0.2834477 -0.1163281 0.6710841 0.8254891 -0.1462053 0.5886200 -0.0593015 -0.1377473 0.8691196 0.8365923 -0.2425234 0.7655450 0.0460513 0.8196925 0.8513541 -0.3147177 -0.3722532 -0.2069223 0.7778090 -0.4445906 -0.3563561 0.4760487 0.8022432 0.6766147 -0.2555337 -0.3312452 -0.4410765 0.3661797 0.1856893 -0.2178830 0.3342887 0.0504640 -0.3044881 0.0611504 0.3716503 -0.4346615 -0.3229383 -0.0977131 -0.4228614 0.0351403 -0.5700535 0.1816462 -0.2838640 0.1781987 -0.5668257 -0.2321019 0.0986380 -0.4875208 -0.4063765 -0.1937902 -0.3740198 -0.4382236 -0.4390533 -0.4434376 -0.6351251 -0.5818195 -0.5104672 -0.5583828 -0.5863250 -0.7083175 -0.4552412 -0.3355063 -0.3442904 -0.7010552 -0.2768899 -0.4379461 -0.0284577 -0.3844769 -0.5527674 -0.5264410 -0.6522360 -0.5205197 -0.4066920 -0.2897269 -0.4601217 -0.4375028 -0.3937286 -0.5381397 -0.3899008 -0.5365573 -0.5485279 -0.3407819 -0.4887693 -0.3188907 -0.2997792 -0.5015234 0.0457372 -0.3516479 -0.3995898 -0.3806956 -0.5697954 -0.4828289 0.0986881 -0.7903668 -0.3197342 -0.3470258 -0.5551952 -0.1416337 -0.3776796 -0.6118460 -0.4697224 -0.4465269 -0.3079736 -0.5016188 -0.1146159 -0.2574001 -0.3498602 -0.4128105 -0.3158918 -0.2338709 0.2261894 -0.3255933 0.1586973 -0.0559580 -0.3877863 -0.4031874 -0.3896600 -0.3387963 0.1919066 -0.2844327 -0.1481671 -0.2943391 -0.4990475 0.0193134 -0.4560749 -0.2102055 0.2176603 -0.3568409 0.2407398 -0.1649852 -0.4672010 -0.5383192 -0.4596617 -0.1058239 -0.5566747 -0.2498608 -0.3819025 0.1719348 0.2311761 -0.2654431 -0.4515242 0.1818116 0.5250587 0.2502243 0.1314946 0.3274954 0.3935991 -0.1433952 0.1684820 0.0683544 -0.5366060 0.1901425 0.3125667 0.1105978 0.0642880 0.3449965 0.1189748 0.1626577 0.3291525 0.5708448 -0.3005119 0.1717098 -0.1232998 -0.2289723 -0.3252561 -0.3222061 -0.1791071 -0.3584879 0.0184627 -0.3032296 -0.4192211 -0.2972684 -0.1755904 -0.3338007 -0.1732381 0.0188445 -0.2932157 -0.1591521 -0.5297469 -0.3330289 -0.2554604 -0.5199319 -0.2235743 -0.1597644 -0.1655910 -0.0028608 0.6679795 0.4253604
-0.1545095 -0.0256624 -0.1878849 0.2636218 -0.2728332 0.5621082 0.3249726 -0.2376364 0.8489969 0.7371919 0.0024291 0.7669840 -0.4148230 0.6011601 0.0000000 -0.1300616 0.2356253 0.7093194 -0.3016840 -0.2846066 0.2260871 -0.2092317 -0.0140274 0.7476503 -0.4617075 -0.0791262 -0.0216161 0.6034870 0.8071216 0.4144066 -0.1553900 -0.2569514 0.5821849 0.7353203 0.0224674 0.5466549 0.0591538 -0.2253822 0.5152182 0.6568727 -0.2581756 0.7743212 0.1082218 0.6179861 0.7826996 -0.1508022 -0.1212921 -0.3527487 0.6597142 -0.3292421 -0.0813670 0.5543738 0.7308191 0.6831374 -0.3481766 -0.2200918 -0.1934400 0.5081882 -0.0955389 -0.0114674 0.3353232 0.2417886 -0.3343746 0.2791726 0.4280601 -0.2114210 -0.0279062 0.1372920 -0.1193172 0.2315817 -0.0509254 0.3347691 0.0050783 0.2219487 -0.2074468 0.1248045 0.2529726 -0.1016078 -0.0347721 0.1418637 0.0008376 -0.3506386 -0.1680581 -0.3710288 -0.6145207 -0.2756123 -0.3422789 -0.4982366 -0.3455634 -0.5412967 -0.3945316 -0.1142061 -0.1238056 -0.4689347 -0.2170890 -0.1225500 -0.1697453 -0.1604728 -0.3217879 -0.1039897 -0.3665402 -0.2602215 -0.2203559 -0.5386814 -0.3625541 -0.1195739 -0.2552101 -0.1655954 -0.3325706 -0.1169526 -0.5174085 -0.3181854 -0.3355967 0.2408525 0.1070369 -0.2162889 0.3201315 -0.2364755 -0.2609596 -0.2891495 -0.1394404 0.2776578 -0.2580373 -0.2535222 -0.2475214 -0.3919553 0.0170444 -0.3862815 -0.3368394 -0.2885557 -0.3019120 -0.4377743 -0.2280070 -0.3513221 -0.1786961 -0.4434125 -0.2944694 -0.3965695 -0.3156529 -0.4021007 0.0201381 -0.4455630 -0.0272473 -0.4166636 -0.3708156 -0.4914167 -0.3750126 -0.3557677 0.0956001 -0.4601491 -0.4603940 -0.5179105 -0.4815564 -0.1872701 -0.5397702 -0.6044888 -0.2234316 -0.4020971 -0.0501371 -0.6236296 -0.2695230 -0.6069955 -0.5485210 -0.6281121 -0.3902001 -0.5996953 -0.3777772 0.0474912 -0.1805798 -0.3752951 -0.2919174 0.2728710 0.0435542 0.0919657 -0.0496147 0.1518189 -0.0612121 -0.2437708 -0.2474002 0.0354110 -0.0882683 0.3005627 0.4555676 0.2812287 -0.3282889 0.2625877 -0.2317175 0.0807795 -0.0919251 0.5545818 -0.2938077 0.4498320 -0.1200561 -0.2571194 -0.3333212 -0.3485844 -0.3986449 -0.0001455 0.1519917 -0.3909590 -0.2067743 -0.2390720 -0.0445078 -0.2787314 -0.3830228 -0.0908131 -0.4314484 -0.4398364 -0.3684223 -0.2144107 -0.1955923 -0.1990250 -0.2826524 -0.2383834 -0.3664856 -0.4312314 0.1949467 -0.1143191
0.3833610 0.4495472 0.4154382 0.5350745 0.5635404 0.3729931 0.3564153 0.6056422 0.0264514 0.1232914 0.8706698 0.1800996 0.3683044 0.1013886 -0.1300616 0.0000000 0.4244108 0.2551517 0.3278763 0.3213107 0.6488531 0.2072335 0.8891522 -0.2524848 0.4178134 0.8113331 0.2522594 -0.1597474 0.1295061 0.2101963 0.3083980 0.1875834 -0.3987561 -0.2274904 0.6341887 0.6089255 0.5934580 0.2319335 0.2430328 0.1368355 0.0097332 0.2475147 0.7028709 -0.0648406 0.0687269 0.5814401 0.4847986 0.1550472 0.0242496 0.4435973 0.5004681 0.4371253 0.1306273 0.3342563 0.1841049 0.3018860 0.3908669 0.5264687 0.5930787 0.4906188 0.6581648 0.5494582 -0.0206685 0.5984884 0.4552421 0.1199029 0.5479500 0.5347742 -0.0014141 0.7411398 0.0938544 0.6568570 0.4890810 0.7289138 -0.0486121 0.6443856 0.6490167 0.2882750 0.5658250 0.5510723 0.1982447 -0.4472509 -0.2026246 -0.4037383 -0.3287070 0.0074749 0.1048388 0.1610227 -0.1141609 -0.1831738 0.2597058 0.2612963 -0.2584379 0.2371350 0.5028347 -0.1537571 0.1004788 -0.2932467 0.3084093 0.1186062 -0.2296415 -0.2728643 -0.3332187 -0.0103465 -0.0374314 0.3268150 -0.3054451 -0.2890581 -0.2689724 -0.5141715 0.1618340 -0.3683764 -0.1344100 -0.2385463 -0.1656577 -0.2021234 -0.2116434 0.2441183 -0.0584696 0.1864406 0.0635209 -0.0129561 0.0617887 -0.0299566 0.2605379 0.0241376 0.3381180 0.3478924 0.0710798 0.2540772 0.2416143 0.3842758 0.3779999 0.3670350 0.2784900 0.1316269 0.2762329 0.0406850 0.2467919 0.2169541 0.3963079 0.2231065 0.2149766 0.1641437 0.1667967 0.2238446 0.2296800 0.3012354 0.2466044 0.4828998 0.3280751 0.2373023 0.1545068 0.4899320 -0.1798686 0.2972119 0.3765792 0.1665160 0.2872332 0.2036376 -0.1281240 0.4443523 0.2045275 0.1734483 0.0472889 0.2774366 0.4030947 0.3508966 0.2843592 0.3111606 0.2469320 0.1407087 0.0750592 0.1436823 0.4921952 0.3955385 0.1371456 -0.0395781 0.2043430 0.2428901 0.0612638 0.6158110 0.6507903 0.6014327 0.5028250 0.5721730 0.4220735 0.3815208 0.2845386 0.0892535 -0.0284084 0.3475369 0.2941613 -0.1050455 -0.1010883 -0.1059815 0.0890072 0.5140268 0.5442951 -0.0684294 0.0072824 -0.4536657 -0.2392651 -0.1902191 0.2186257 0.1823622 -0.0253206 0.0585522 -0.3516424 -0.3268245 -0.2643772 -0.0527608 0.3800127 0.3193799 0.4208786 -0.0849252 0.2940700 0.4893075
-0.0443000 0.0784747 -0.2385614 0.0358141 0.1879357 -0.0111251 -0.0431550 -0.2976445 0.5055546 0.6868943 0.4752627 0.3673696 -0.5622137 0.6638469 0.2356253 0.4244108 0.0000000 0.4037200 -0.5346799 -0.4314617 0.3713897 -0.2129852 0.5352157 0.5834470 -0.2018825 0.1064711 0.3335720 0.6977908 0.5338122 0.7995028 -0.5859226 -0.4513973 0.3884387 0.4261305 -0.1442153 0.4690798 -0.1323281 -0.4695368 0.7530689 0.6616529 -0.4912983 0.5830830 0.0506158 0.5370299 0.5687772 -0.2559241 -0.3687957 -0.4642404 0.4305519 -0.3710662 -0.3402076 0.2569088 0.5387160 0.4796388 -0.4196677 -0.4457010 -0.4666267 0.1441965 0.1435603 -0.3626821 0.4079492 -0.0694946 -0.4059940 0.2308558 0.5428685 -0.5885360 -0.2466857 -0.0440617 -0.5955509 0.0669915 -0.6601459 0.2292613 -0.2550180 0.1957491 -0.6973219 -0.1724135 -0.0929030 -0.6220221 -0.3804977 -0.3337627 -0.4141794 -0.5741273 -0.7375049 -0.4682596 -0.3774276 -0.4797142 -0.1960154 -0.5517877 -0.1652837 -0.3957057 -0.1505836 -0.2490151 -0.2389156 -0.1812015 0.0621190 -0.2952604 0.0805540 -0.1036463 -0.0189227 -0.2019627 -0.2890987 -0.2131233 -0.3820331 0.1931791 -0.0599857 -0.1059362 -0.1034878 -0.4427737 -0.0675029 -0.5012770 -0.0527084 -0.2007919 -0.2581453 -0.4330187 -0.4198222 -0.3884410 -0.2904549 -0.2856702 -0.2953969 0.0500260 -0.2663848 -0.4685888 0.4196220 -0.5843641 0.1584985 0.1101266 -0.2338754 0.3038689 0.0730619 -0.1235190 0.0212743 -0.1368216 0.1568292 -0.0370795 -0.1879408 0.0886204 0.1149661 0.0550185 0.1557486 0.2079134 0.3091744 0.1234654 0.0040677 0.3148686 0.1002830 -0.0754312 0.0910748 0.1086294 0.1324694 0.1224137 0.1931818 0.1335261 -0.0055017 0.2008428 -0.2541043 0.1201420 0.3718384 0.0368743 0.1393699 0.2619584 -0.5149100 -0.1645900 -0.2038997 0.2726999 -0.2293360 0.0813082 -0.1333717 0.0645693 0.2941392 0.0937187 -0.1339677 0.1032195 0.4531460 -0.0444224 0.0572651 0.2496201 0.4531809 -0.1465697 0.2343071 -0.2834175 -0.3800795 0.3121331 0.3022777 0.2027848 -0.0918991 0.5063871 -0.1353862 -0.1480655 0.0795846 0.3026527 0.0377666 -0.1951792 -0.3714958 0.0378637 0.0294487 0.0394603 0.1148141 -0.3212755 -0.0831887 0.0857113 -0.4409524 -0.2760108 -0.1396126 -0.1767557 -0.2050841 -0.1395118 0.0811593 -0.3508745 -0.4022931 -0.2565558 -0.1785840 -0.1325936 -0.2256071 -0.0219355 0.2297983 -0.1937779 0.6685219 0.3791114
