0.0000000 0.6786229 0.3407192 -0.0040640 0.2515104 0.3211094 -0.1220561 0.0450058 0.0528479 0.1688753 0.2301950 0.1437702 -0.1212381 0.5762842 0.2972520 0.2904891 0.1101898 0.0768926 0.1685805 -0.2858494 0.2005783 -0.0856235 0.1585754 0.1230318 0.0805843 0.2400210 0.4992482 0.1286825 0.3406164 0.6016909 -0.1464601 -0.0090313 -0.0682928 -0.1052843 0.1823593 0.1275398 0.3173828 0.1350064 0.0882167 0.0269066 -0.0494629 0.2213572 0.1572079 -0.0473066 0.0728930 0.3765661 0.2716747 -0.0500046 -0.2059049 0.5186251 0.2733077 0.0267261 -0.1214962 -0.2511708 0.1580489 0.3837074 0.2856146 -0.1893555 0.0430523 0.1189085 0.1483135 0.2632764 -0.1386130 0.1547362 0.2197030 0.2875020 0.3209400 0.1005809 0.2546440 0.1925772 0.3473089 -0.0187252 0.3742362 0.2824795 0.3401533 0.2111049 0.2546136 0.2553923 0.4904091 0.3916060 0.3151022 0.2125141 0.0531126 -0.2928640 -0.1294116 0.0513862 0.0925841 -0.0905608 0.0585023 0.0342681 0.0991631 0.0785763 -0.3791720 -0.2237116 -0.0263492 -0.1923699 0.3001815 -0.7732129 -0.2747113 -0.3913956 -0.0138144 -0.0999309 -0.0366564 -0.0463773 0.3174251 -0.2536598 -0.3512422 -0.1496084 0.3760512 -0.3812172 0.1411047 -0.1584086 -0.2385868 -0.4472315 -0.7032164 -0.2664764 -0.2781483 -0.5455548 -0.2067590 -0.2297127 -0.1695840 -0.2309532 0.1255975 -0.0013626 -0.3962940 0.4264186 0.0128145 0.2393320 0.3884872 0.1708090 0.2661189 0.2671421 0.2779641 0.2389995 0.1205995 0.3343853 0.4034501 0.5912455 0.4356385 0.3524845 -0.1248420 0.3529453 -0.3393822 0.4038100 0.2900314 0.2480594 0.3353203 0.2134288 -0.2693776 0.1373156 0.3441754 0.4693482 0.3051022 -0.0913214 -0.2383587 0.2973540 -0.0210705 -0.0612655 -0.0444820 0.2696503 -0.2787966 0.2695486 0.0771872 0.1210122 0.0053692 -0.1590159 -0.1173965 -0.1251469 -0.2306031 0.4117217 0.0533942 0.1861930 0.7003246 0.5531584 0.3877226 0.1551876 0.1779988 0.1342882 0.4281109 0.2554405 -0.3259988 0.1338706 0.0819216 0.1540126 -0.0568862 -0.0486984 -0.1758275 0.0192077 0.1417469 0.2487904 0.1040775 0.1888946 0.0668319 0.2692591 0.3619057 0.4134056 0.4611602 0.1725761 0.5890428 0.3361398 -0.5811039 -0.2207936 0.1610162 0.0037190 -0.4879019 0.0037086 0.5613410 -0.1297582 -0.4265583 -0.1724079 0.3466810 0.2734757 -0.3308211 0.2947213 0.5568560 -0.1444078 0.0836494 -0.0483397
0.6786229 0.0000000 0.3518840 0.0603937 0.4032727 0.5347302 0.3383592 0.0529250 0.2608924 0.0199316 0.1979559 0.5050160 0.0051014 0.4452678 0.3682217 0.2927585 0.2426228 0.1409679 0.1287129 -0.0680459 0.5419562 -0.1969357 0.2514790 0.2910579 -0.0563343 0.1881405 0.0546379 0.0868061 0.7089835 0.2100128 -0.1881987 -0.0110478 0.1487374 0.0988836 0.1483983 0.4044502 0.1748336 0.1968591 0.0986377 0.0580493 -0.2134841 0.4978847 0.1847302 0.0594487 0.2998683 0.3327663 0.2565380 0.0234747 0.0542796 0.4192757 0.2671074 0.0293531 0.1368843 -0.0965332 0.2247894 0.3473011 0.2081216 -0.0285198 0.3859497 0.1051229 0.5082890 0.2996914 -0.0390721 0.2021448 0.3457936 0.1461330 0.2354139 0.2254735 0.1979608 0.2457879 0.1669289 0.0265627 0.2658325 0.4148348 0.2429211 0.2899358 0.4091642 0.1703707 0.5039955 0.6421614 0.2572133 0.1418707 0.1425313 -0.1243759 0.0539721 0.2273322 0.2643753 0.1865431 0.2174183 0.2327715 0.0645902 -0.1157300 -0.4499220 0.0637648 0.0559652 -0.0520629 0.0214046 -0.7349144 0.0860360 -0.0839214 0.1381555 -0.1636745 0.0848619 0.1555403 0.1358816 0.0452046 0.0204141 0.2522400 0.1456383 0.2016950 0.1883454 0.0170043 0.2164875 0.1536681 -0.2399600 0.2062392 0.1526861 -0.3106751 0.0556564 -0.5594288 -0.0618746 0.0383724 -0.0611546 0.1535313 -0.5498757 -0.0785093 0.3595824 0.1383482 -0.0302590 0.4296627 0.4405132 0.3597353 0.4273946 0.2413130 0.1591174 0.3245780 0.5311007 0.3525076 0.5173101 0.1463069 0.0642568 0.2666772 -0.3652138 0.1016169 0.2605307 0.4511976 0.4910931 0.4807773 -0.4067986 0.1163309 0.2426443 0.3056791 0.2644231 -0.0810320 0.0829638 0.3362890 -0.2184610 0.2395218 -0.1817100 0.0864707 0.0580124 0.1247256 0.1486241 -0.1001361 0.0745214 0.1231913 -0.1824514 -0.1274097 -0.2332819 0.0119884 -0.0273651 -0.2621041 0.3584808 0.2665234 0.4157672 0.4272313 0.5423166 0.3937365 0.7741541 0.3882795 -0.0238267 0.4801009 0.4073468 0.4124567 0.2583685 0.0546438 -0.0018191 0.2901766 0.4525202 0.4544616 -0.3127920 0.4960165 0.5129881 -0.2144456 -0.0989251 -0.0115097 0.1167471 0.6582376 0.6903062 -0.0923795 -0.1291915 -0.1764527 0.2702088 0.2665783 -0.1499560 0.0990063 0.0097717 0.0583522 -0.2634194 -0.0902436 -0.0009086 0.4189428 -0.0925030 0.5416363 0.6350104 -0.1219454 0.2383999 0.2238818
0.3407192 0.3518840 0.0000000 0.6473103 0.6555014 0.7957294 0.0425291 0.4813494 0.4985799 0.5171933 0.4411641 0.4811558 0.1420451 0.4197691 0.3961429 0.3357349 0.2338279 0.1986156 0.0128194 0.5489040 0.2707420 0.1216737 0.1143527 0.1272289 0.1795388 0.2046574 0.3471617 -0.1448328 0.2886248 0.3880380 0.0029284 0.1992389 -0.0843097 -0.0028773 0.0092117 -0.2151617 0.1069334 0.1371625 0.1154970 -0.0445290 0.2735938 0.1351279 0.1340857 -0.0804950 -0.0076158 -0.0210946 -0.0022178 0.1294205 -0.1676562 0.2089765 0.0674269 0.0163266 0.0313356 -0.4234726 -0.1178738 0.0278648 0.0157496 -0.5469824 0.1283762 -0.0639854 0.3680446 -0.0699614 0.3429433 -0.1016449 0.3128774 0.1828116 0.0533919 -0.3326804 0.2033387 -0.0807115 0.4242074 0.0731344 0.1067831 0.3290331 0.2290764 0.1878078 0.3595197 0.4011080 0.3995453 0.2868332 0.4162008 0.1319554 -0.2211311 -0.4014117 -0.2604893 -0.2104873 -0.2882380 -0.2318487 -0.3256588 -0.2388424 -0.1058783 -0.0166786 -0.1509934 -0.5514047 -0.4555753 -0.2901620 -0.3918210 -0.5864288 -0.3657704 -0.5542626 -0.4413126 -0.1642368 -0.0540564 -0.5253154 -0.1812428 -0.1695884 -0.1209659 0.0994986 -0.0643970 0.2106830 -0.0597874 -0.1688399 0.3166095 0.1300190 -0.1117562 0.2511012 0.2455206 0.0520912 0.2474267 -0.2473739 0.0111137 0.0566624 -0.2640321 -0.0538919 -0.2358197 -0.0947217 0.0489091 -0.1606997 -0.2702845 -0.0293035 -0.0509064 -0.2031696 -0.3331631 -0.1468437 0.1285428 -0.3319691 0.0124992 -0.1614336 -0.1229042 -0.1901103 -0.3333883 -0.2269330 0.0131656 -0.2313580 -0.2710104 -0.2658913 -0.1843835 -0.1165954 0.0606935 -0.3389445 -0.2754420 -0.2497444 -0.4347852 -0.2212486 -0.6293481 -0.3485686 -0.2939701 -0.3955343 -0.1490057 -0.3462812 -0.6602492 -0.4668697 -0.2168120 -0.2631394 -0.6122468 -0.5250157 -0.2644668 -0.2630409 -0.1053802 -0.2383336 -0.5227018 -0.2265668 0.4893301 -0.0515963 -0.0652501 0.0730321 0.2115021 -0.0871169 0.2336752 -0.0744061 -0.4669701 -0.2685607 -0.0407539 -0.1290775 0.0733993 0.2713345 0.2713298 0.2379514 0.4927650 0.4353876 -0.1774400 0.0848842 0.0335871 -0.0720054 -0.0718126 0.0122427 -0.1553708 -0.0332354 0.3683770 -0.0930064 0.1165732 -0.3101019 -0.1911934 -0.1508930 -0.1294754 0.1454727 -0.2441353 0.1169106 0.2390344 -0.0496657 -0.2380836 -0.1089192 -0.0014951 0.2824912 0.0859858 0.1908288 0.0919503 -0.3566264
-0.0040640 0.0603937 0.6473103 0.0000000 -0.0313751 0.5582421 -0.3038279 0.9259122 0.4333026 0.7169993 0.7867346 0.0658672 0.6113925 0.3717931 -0.1373577 0.5735488 0.6262762 -0.2187770 0.5227439 0.3840609 0.1410080 0.1480524 0.5198868 -0.2779607 0.6822726 0.6114813 0.0777910 -0.3985458 -0.0627217 0.0731502 -0.1783457 0.4372394 -0.2699552 -0.1368958 0.5757669 0.1143088 0.4781882 0.4533887 0.7329849 0.0540896 0.1857442 0.1831399 0.6936950 -0.3404026 0.1043011 0.2990247 0.3662475 0.2819179 -0.1109421 0.4980223 0.5010849 0.6622469 0.0835569 0.1859734 0.2846054 0.3051378 0.3675111 0.0264350 -0.1179457 0.5074951 0.1340802 0.3241924 0.4411108 0.1486935 0.1844239 0.4086906 0.4621071 0.2196683 0.4205782 0.3246531 0.5606013 0.4403129 0.4322890 0.0882802 0.3550622 0.5068616 0.3510056 0.4684128 0.4427844 -0.1779326 0.3907567 0.6105591 0.0765122 -0.1228707 -0.2203179 0.1427463 -0.1334798 -0.2012287 -0.1520952 -0.2271678 0.0773813 0.0638895 0.5246925 -0.0312734 -0.3758172 -0.0547554 -0.3376313 -0.1306411 -0.2206019 0.0665840 -0.2689776 0.5593141 0.2812705 -0.1387202 -0.2773886 -0.1160274 0.3682698 0.1650926 0.0175342 0.2714048 0.0525373 0.2191009 -0.0739647 -0.1119030 -0.0204620 0.0176648 -0.0773290 0.1193664 0.0830727 0.1693405 -0.4572321 -0.3783091 -0.2241406 -0.1906420 -0.1347431 0.2774567 -0.3223651 -0.2064943 0.0068750 -0.3633756 -0.5129812 -0.5521158 -0.4815143 0.0027502 -0.5703656 -0.0217380 -0.2555556 -0.2451060 -0.4431110 0.0581883 -0.4963211 -0.2086443 -0.1941002 0.1440877 -0.2083710 -0.1557094 -0.5000370 -0.3754374 -0.0604405 -0.4064333 -0.3247352 -0.3009910 -0.5686354 -0.2273055 -0.4372659 -0.5078987 -0.3967031 -0.4884441 -0.3008528 -0.2511409 -0.4696491 -0.3562861 -0.4343427 -0.3048201 -0.4773768 -0.7092411 -0.2808063 -0.0620784 0.0845907 -0.2345003 -0.4538341 -0.2268701 0.2354077 -0.0319527 -0.5172901 -0.5544091 -0.4333468 -0.5453057 -0.0482399 0.2496922 0.1573879 -0.0735274 0.0082822 -0.1536752 -0.2509692 -0.2061378 -0.1614406 -0.3168105 0.2574148 0.3831195 0.4119246 -0.0849552 -0.1206615 0.3862020 0.3714708 0.4181905 0.0845038 -0.1079025 0.2101777 0.3640601 -0.0250754 -0.3261923 -0.4849137 -0.5059773 -0.4414629 -0.1862876 -0.1751988 -0.3334719 0.0929907 -0.2229914 0.0998516 -0.4200010 -0.3871531 -0.2747595 -0.4947298 -0.2771570 -0.0832659 -0.5216296
0.2515104 0.4032727 0.6555014 -0.0313751 0.0000000 0.5824654 0.5596697 -0.2107756 0.2253735 0.1259070 -0.0690746 0.6576941 -0.2789108 0.2646899 0.4743190 -0.0430624 -0.0312450 0.4551382 -0.4381897 0.3787319 0.1848561 0.0160525 -0.1928054 0.3865824 -0.3653965 -0.2390002 0.3806499 0.1073892 0.3538769 0.2592694 0.2575536 0.0392278 0.0872111 0.0772725 -0.4548966 -0.2526920 -0.2454414 -0.0636796 -0.4363982 -0.1611093 0.2974457 0.0466270 -0.3649296 0.1527781 -0.1653162 -0.2470827 -0.2824422 0.1416262 -0.0144164 -0.2359598 -0.3410286 -0.4663517 0.0656588 -0.4349265 -0.2506580 -0.1974536 -0.2460393 -0.5009760 0.3799942 -0.4556823 0.5530974 -0.1846293 0.2279672 -0.1300507 0.3348457 -0.0475238 -0.2819097 -0.3956999 -0.0332541 -0.2284798 0.0787275 -0.1308103 -0.1743073 0.4202484 0.0213703 -0.0166907 0.2434616 0.1231058 0.1717368 0.6113430 0.0756341 -0.3197135 -0.2046321 -0.2323834 0.0165452 -0.2380305 -0.1809854 0.1127118 -0.1441422 0.0029161 -0.2167021 -0.1778411 -0.6391729 -0.6046552 -0.1169794 -0.1917884 -0.2051837 -0.6563230 -0.1008638 -0.6218669 -0.2560497 -0.6710681 -0.2043425 -0.5972412 -0.0209014 0.0534879 -0.3304649 0.1577376 -0.2057955 0.2502315 -0.1192749 -0.5211582 0.5893273 0.4934997 0.0336802 0.4385996 0.5394237 0.0191750 0.3139455 -0.5628204 0.4421961 0.5122812 -0.0848873 -0.0247551 -0.1049469 -0.5054140 0.4256618 -0.0075873 -0.4050888 0.3120375 0.4597836 0.2348869 0.0571687 -0.2323134 0.6334127 -0.3491770 0.3258056 0.0278410 0.3400210 -0.2965229 0.1952864 -0.0275607 0.2849142 -0.4501821 -0.1038778 -0.1335062 0.3744077 0.3957865 0.1985044 -0.0397800 -0.0728617 -0.0656384 0.0084305 0.0455766 -0.1878658 -0.0148800 -0.0491334 0.1433303 0.0307539 -0.2912992 -0.2728919 -0.2546814 0.0480809 -0.2300625 -0.2295609 0.1168818 -0.0586117 -0.2015172 -0.2020791 -0.2412672 -0.1231416 -0.0523287 0.2263335 -0.1397034 0.5165862 0.7523771 0.7651727 0.5272711 0.3349574 -0.3803610 -0.6608030 -0.2056513 0.0634362 -0.0271836 0.5443045 0.5858074 0.6962632 0.7988374 0.5874600 0.3883801 -0.7588743 0.2979333 0.2858601 -0.5615855 -0.5743363 -0.4895743 -0.3224547 0.0305331 0.2751519 -0.5543541 0.2752496 -0.1951202 0.1914250 0.3994223 0.4105663 0.3996441 -0.3748861 0.4701320 0.1708672 -0.0980443 -0.5281103 0.2732744 0.5558829 0.6776201 0.3905298 0.4384632 0.0012364 -0.0470734
0.3211094 0.5347302 0.7957294 0.5582421 0.5824654 0.0000000 0.3941257 0.4400052 0.5343390 0.6134443 0.5437291 0.7480589 0.0968106 0.6755221 0.3700796 0.4766282 0.3494733 0.4268227 0.1231680 0.4508928 0.5905594 -0.0663919 0.3479420 0.0947458 0.1466557 0.2992256 0.1498374 -0.1309493 0.4594984 0.3552155 -0.2598832 0.0483824 -0.1225818 -0.0761772 0.2216206 0.2047913 0.1303087 0.0961638 0.2814864 0.0846967 -0.0076810 0.4355570 0.2741753 -0.0854315 0.0538663 0.0756080 0.1541431 0.0110137 -0.0626796 0.1753234 0.2709934 0.1462140 0.0679133 -0.0819227 -0.1628055 0.0682457 0.1480124 -0.0912976 0.4923822 0.1981765 0.6984878 0.2016674 0.1268223 0.3163163 0.4378169 0.2030293 0.2590015 -0.0871866 0.2271969 0.2239560 0.3776414 0.3959040 0.1787312 0.6787223 0.3185049 0.4344228 0.6835089 0.3640627 0.5641499 0.5930388 0.4444084 0.2404470 0.1493120 -0.0138298 0.1063086 0.2479284 0.0807221 0.1516117 0.0803952 0.1294607 -0.0642069 -0.0371179 -0.1631227 -0.2527775 -0.2226509 0.1553560 -0.1128239 -0.5150053 -0.0304603 -0.4437914 -0.1048094 0.0204265 0.3476456 -0.3406000 -0.0310462 0.1683034 0.2945155 0.5109508 0.1493189 0.5458070 0.1247263 0.1380445 0.5659877 0.4078374 0.0812127 0.5736807 0.5091672 0.2421485 0.5788763 -0.1961989 0.1508354 0.2949093 0.1455432 0.2712138 -0.1206409 -0.0544132 0.3690112 0.1965246 -0.1761312 0.2175270 0.1600592 0.0705609 -0.0789186 0.1239512 0.0682935 -0.0137390 0.2971501 0.1375183 0.1484177 0.0393281 0.0190957 0.1446727 0.1547049 0.0268726 -0.0066188 0.1377538 0.0640136 0.2171204 0.1971707 -0.1094746 -0.0308245 -0.0222059 -0.1427724 0.1479978 -0.3257613 0.0310213 -0.0043860 -0.0123440 0.1954619 -0.0507496 -0.2374025 -0.1612991 0.1469130 -0.0688250 -0.2519538 -0.1662063 0.0319887 0.1508468 0.3171433 -0.0679631 -0.1310440 -0.0244591 0.3106806 -0.1714052 0.0465686 0.2202384 0.3798415 0.0385916 0.6226004 0.2836600 -0.2543488 0.1722728 0.3700882 0.2895019 0.4144804 0.3334758 0.3774894 0.3297597 0.7943059 0.7358944 -0.1874147 0.5143456 0.5320759 0.0262845 -0.0373204 0.1445915 0.1473117 0.3858836 0.6169727 0.0242535 0.0416832 -0.4463023 0.0714868 0.2116274 -0.1343220 0.1530063 -0.2261305 0.1466665 -0.0658692 -0.2634821 0.0087253 0.2634880 0.0081113 0.4995749 0.2402959 0.0858312 0.1966273 -0.0431925
-0.1220561 0.3383592 0.0425291 -0.3038279 0.5596697 0.3941257 0.0000000 -0.4077376 0.0314357 -0.1483137 -0.2383493 0.6958278 -0.4212228 0.0216333 0.2243635 -0.1852035 -0.1418596 0.4426941 -0.4260374 0.3174925 0.4149442 0.0377203 -0.1288735 0.2952231 -0.4901186 -0.3458487 -0.1897998 0.1756697 0.3729134 -0.1447907 -0.0088662 -0.2315795 0.1778534 0.1359372 -0.3598766 0.1855873 -0.3248374 -0.2229857 -0.3021806 0.0251129 0.0052913 0.1747824 -0.3157426 0.1956677 0.1053397 -0.3421117 -0.2530988 0.0674675 0.1815278 -0.5108928 -0.2884645 -0.2759660 0.1382816 0.1100617 -0.3128624 -0.3677175 -0.2189100 0.0993295 0.5089916 -0.1815765 0.5529795 0.0091338 -0.1882325 0.2190994 0.3186853 -0.2124425 -0.2659873 -0.1486702 -0.2848388 -0.0182026 -0.2951036 0.0857156 -0.2794916 0.5247025 -0.1870886 0.0221729 0.2847513 -0.1639568 0.0050609 0.5944513 0.0192701 -0.4136125 -0.0369511 0.1340164 0.2750983 0.0433899 -0.0038166 0.4125350 0.0704104 0.1664384 -0.4177313 -0.4904553 -0.5634518 -0.1530380 -0.0203286 0.1311361 -0.0759838 -0.1344353 0.2134592 -0.2507461 0.0202063 -0.4943949 0.0058502 -0.2298449 -0.1622235 0.1934252 0.0714767 0.4064285 -0.3024793 0.4281734 -0.2134031 -0.1036688 0.7785924 0.7759643 0.4881827 0.6642015 0.7124195 0.4056921 0.5707289 -0.2901118 0.6675879 0.7450062 0.2146040 0.4651574 0.0650780 -0.6926978 0.5486878 0.1985636 -0.5952414 0.4117305 0.4133933 0.2855524 0.2100795 -0.1375135 0.3911301 -0.0833205 0.2676449 -0.0595568 0.2788403 -0.4123764 0.4567818 -0.0200426 0.2749155 -0.4173458 -0.1291473 0.1921652 0.3673204 0.4657520 0.1174872 -0.0721083 -0.1088953 -0.1579718 0.0912920 0.2143710 0.2264497 0.2394729 0.0875762 0.3875234 0.2575556 -0.1546158 0.2423182 -0.1709095 0.3480643 -0.1188456 0.0255456 0.5073892 0.1255147 0.1030784 0.1323453 -0.3510677 0.1010691 -0.1166781 -0.3366937 -0.2265524 0.5029950 0.7676878 0.8089310 0.6754101 0.6037592 0.0953024 -0.2584370 0.2127092 0.3214578 0.3009113 0.6883700 0.5997794 0.6282958 0.7368690 0.5658664 0.3476872 -0.7051348 0.4677840 0.6148333 -0.5605648 -0.7355768 -0.5572511 -0.2285224 0.4170402 0.2197713 -0.6246028 0.3995299 0.0090322 0.5743573 0.8079859 0.5800308 0.4647926 -0.5444467 0.6377663 0.0422436 -0.0542613 -0.3144735 0.5409006 0.6286419 0.7034957 0.4270868 0.4918999 0.3373634 0.5770872
0.0450058 0.0529250 0.4813494 0.9259122 -0.2107756 0.4400052 -0.4077376 0.0000000 0.2459328 0.7123229 0.9001167 -0.0152143 0.7794924 0.3904421 -0.2620361 0.7721153 0.6674628 -0.3544609 0.7515805 0.2102535 0.2572056 0.1598530 0.7261800 -0.4709804 0.8100855 0.8064140 -0.0940905 -0.5096717 0.0430281 -0.0346539 -0.2345183 0.4420529 -0.4454833 -0.3568300 0.7723468 0.3498142 0.6736776 0.5463401 0.7535072 -0.0841034 0.0267799 0.3798678 0.8304848 -0.5149466 0.0874025 0.5377084 0.5986328 0.1332749 -0.2978149 0.6868507 0.7191770 0.7870119 -0.1134893 0.2455659 0.3476045 0.5293359 0.5911452 0.1434415 -0.0053918 0.7000739 0.1363783 0.4980953 0.3408229 0.3381938 0.0690762 0.5503906 0.6640262 0.3868766 0.5685420 0.5504385 0.6568090 0.5432173 0.5517970 0.1319980 0.5547282 0.6484607 0.4989555 0.5692522 0.5504877 -0.1163331 0.4417356 0.7703215 0.3178383 0.0911196 -0.0120817 0.3544555 0.0656960 0.0031501 0.0914691 0.0128583 0.3202941 0.2795638 0.6104432 0.2083402 -0.2252895 0.1276365 -0.1043135 -0.1265894 -0.0827997 0.2351095 -0.0082928 0.6951618 0.3666351 0.1238061 -0.0132336 0.0006313 0.4926951 0.2176326 0.2848743 0.2446625 0.2688283 0.3992621 -0.1916079 -0.2329476 -0.2211058 -0.1182758 -0.2209734 -0.0837893 -0.0396875 0.1080062 -0.5466659 -0.5002138 -0.1002385 -0.1255273 -0.2390813 0.3987206 -0.2369603 0.0132188 0.1293675 -0.1879819 -0.3851193 -0.4442903 -0.2413592 0.2541048 -0.6556263 0.2483183 -0.0655794 -0.1018201 -0.2880230 0.2669742 -0.4320673 -0.0272746 -0.3897485 0.3338790 0.0049110 0.1036975 -0.3768197 -0.2614799 -0.1710376 -0.1830374 -0.0498284 -0.0790111 -0.4062860 -0.1449924 -0.2886604 -0.2648059 -0.2135855 -0.3719176 -0.3246100 0.0575256 -0.2718503 -0.1243825 -0.2336668 -0.0335246 -0.3336939 -0.6288069 -0.1897148 -0.0200376 0.1632671 0.0275210 -0.3618777 -0.1994832 0.2513143 -0.1366130 -0.6610535 -0.7029476 -0.5783797 -0.7187930 0.0112349 0.4732653 0.3331124 0.1415754 0.1926947 0.0202443 -0.2396152 -0.3230278 -0.3045587 -0.4697624 0.2261358 0.4605634 0.5013360 0.0729562 -0.0531578 0.4744591 0.5092025 0.5290908 0.1376554 -0.0189899 0.3520593 0.4587857 -0.2571982 -0.4905247 -0.6373171 -0.6300928 -0.6727917 -0.4446890 -0.0903710 -0.5998098 -0.2035367 -0.3785471 0.2012785 -0.4857780 -0.6231269 -0.3758562 -0.4841670 -0.5002481 -0.2311512 -0.5586126
0.0528479 0.2608924 0.4985799 0.4333026 0.2253735 0.5343390 0.0314357 0.2459328 0.0000000 0.1536524 0.1342922 0.3071098 -0.0836618 0.1950497 0.7304343 -0.1103714 -0.0498198 0.6029304 -0.2544480 0.0313689 0.1021005 -0.6447575 -0.1886686 0.6598949 -0.2349601 -0.1911239 0.0785139 0.3172598 0.1007412 0.4309131 -0.5535730 -0.2887270 0.5843036 0.6602079 -0.0343559 -0.3428968 -0.3941830 -0.3931387 0.1326355 0.5097488 -0.3399695 -0.2103293 -0.0875862 0.5466367 0.3701460 -0.3553115 -0.3799707 -0.2937527 0.6101245 -0.0933666 -0.1817563 -0.1736032 0.6535250 -0.0601621 -0.3534989 -0.3242257 -0.4441358 -0.1500176 -0.0767728 -0.2073618 0.1107375 -0.3696595 -0.0913651 -0.0836121 0.5107680 -0.4468634 -0.1708962 -0.1882967 -0.3073722 -0.2248188 -0.1637822 0.0240507 -0.2357435 0.1966994 -0.3008974 -0.1537889 -0.0371642 -0.2817443 -0.1473052 -0.0244945 -0.3096879 -0.0906982 -0.2550027 -0.4147717 -0.4102286 -0.1515779 0.2040730 -0.4145379 -0.1664244 -0.1102532 -0.0155932 0.1246723 0.1903383 -0.0481756 -0.0462974 0.1238015 -0.1156819 -0.0997396 0.1818476 -0.2361695 -0.1172464 -0.0463371 -0.0487134 -0.0521932 -0.0650179 0.1779404 0.0364809 -0.0984805 0.0378059 0.3099400 0.1569706 0.3447094 0.1317104 0.1708936 0.2690904 0.3252174 0.1660429 0.1862104 0.1889235 -0.2201691 -0.3034312 -0.0559915 -0.2113429 -0.2233514 -0.3074502 -0.0313213 -0.1135498 -0.1534544 -0.0701980 -0.3486731 -0.2592394 0.1097647 -0.5088316 -0.3154719 0.1801595 -0.1373943 -0.2282304 -0.1385496 -0.1706599 0.0166482 0.0106946 -0.0776580 0.3673187 -0.0759645 -0.1852952 -0.3756936 -0.2251502 -0.0462910 0.2385373 -0.1193288 -0.1458822 -0.0683939 -0.2444730 0.0920761 -0.3056197 -0.1070937 -0.0470308 -0.1068449 0.2341582 -0.1698873 -0.2496710 -0.1775262 -0.2017073 -0.0536184 -0.1093494 -0.1028832 -0.0323335 0.2145949 0.1724875 -0.1414413 -0.0974996 -0.0242323 0.2389414 0.0100133 -0.0735440 0.0858919 0.1669757 0.0854274 0.1619745 -0.0327130 -0.0420172 -0.0906060 -0.2322117 0.0166522 -0.0593612 0.1947161 0.0462927 0.0205258 0.2410801 0.1009068 0.0658711 -0.0493552 0.2413794 0.0845120 0.0568746 0.0976597 0.1226259 0.2225248 -0.0919816 0.0909824 0.1817974 -0.0313621 0.0620519 0.0579754 -0.0699893 -0.0361012 -0.1537883 0.1992240 0.3508574 0.0112185 -0.1440761 0.2395480 -0.1312207 0.1391795 0.1419801 0.0581991 0.2360679 0.0250526
0.1688753 0.0199316 0.5171933 0.7169993 0.1259070 0.6134443 -0.1483137 0.7123229 0.1536524 0.0000000 0.8674379 0.1692516 0.5558514 0.7076535 -0.2553884 0.7116536 0.7701266 0.0179937 0.5373612 0.3111194 0.0882528 0.1689505 0.6858779 -0.3991109 0.7120251 0.7038445 0.3880316 -0.2659017 -0.1683436 0.3511967 0.0647200 0.5674477 -0.5000852 -0.4716857 0.6773457 0.2873349 0.5794633 0.5103106 0.5808331 0.0373866 0.3056060 0.2803447 0.6174707 -0.3883153 -0.1343177 0.4381595 0.4849886 0.2369546 -0.2323370 0.4390892 0.5703620 0.6000225 -0.1249493 0.3144555 0.2106828 0.3917880 0.5218060 0.2792655 0.1386009 0.5888537 0.4108861 0.5497081 0.4283297 0.5580738 0.2242132 0.6468096 0.6935421 0.3222062 0.6557581 0.6119893 0.7585811 0.7764468 0.6263416 0.4712670 0.6707831 0.7788039 0.6549268 0.6328729 0.6835456 0.1268916 0.4336517 0.6544329 0.4777593 0.2781939 0.2534735 0.4491305 0.1222859 0.1508689 0.2787282 0.1863056 0.2638542 0.2669025 0.4369560 -0.0192336 0.0504845 0.3156963 0.1701767 -0.2709342 0.0050974 -0.0803767 0.0871245 0.5575528 0.4554026 -0.1940688 0.1603786 0.2116547 0.4091831 0.4359266 0.3692822 0.2335357 0.3465479 0.0689452 0.0271466 -0.0580580 -0.2343070 0.0238148 -0.0028737 -0.0159729 0.1742668 0.2128747 -0.1776012 -0.1360437 0.4170627 -0.0289567 0.2398609 0.4395099 0.0065896 0.3685585 0.3296907 -0.0584285 -0.0606469 -0.1248126 -0.1461895 0.3441618 -0.3200776 0.2458976 0.2128296 0.3088802 0.0585940 0.4010663 0.0184278 0.2902931 0.0692668 0.4270389 0.2794329 0.0928196 -0.0136816 0.0822021 0.3823850 0.0526756 0.0935887 0.1591862 -0.0145584 0.3299087 -0.1150851 -0.1672320 0.1104882 -0.0422898 0.0901718 0.1225705 -0.1915707 0.1176385 -0.0417991 0.0234426 -0.0543569 -0.3106586 0.2840706 0.3968639 0.4411546 0.2089940 0.1007146 0.3699639 0.4505686 -0.1470728 -0.1548653 -0.3512492 -0.3464591 -0.4879787 0.0571363 0.1869234 -0.0154655 -0.0284349 0.2018601 -0.0982807 0.1344140 0.0416386 0.2122910 0.0078915 0.4811413 0.6720356 0.3462883 0.2654960 0.0869973 0.5229167 0.4603366 0.5524417 0.3792295 -0.1712361 0.4647411 0.5147870 -0.2012438 -0.6299298 -0.4644345 -0.3297793 -0.4278411 -0.0417059 0.1200968 -0.3397765 -0.2651921 -0.5826144 0.2293410 -0.2897846 -0.1827648 -0.1807890 -0.4369432 -0.2256987 -0.3260432 -0.5467545
0.2301950 0.1979559 0.4411641 0.7867346 -0.0690746 0.5437291 -0.2383493 0.9001167 0.1342922 0.8674379 0.0000000 0.0793224 0.7799015 0.6551309 -0.2992969 0.9065313 0.8116182 -0.2071826 0.8022410 0.1405084 0.2867559 0.1622999 0.8865774 -0.4814523 0.8344807 0.9026605 0.0774383 -0.4177857 0.0869136 0.1147667 -0.1361070 0.5546036 -0.5383304 -0.5259875 0.8812255 0.5395663 0.7934471 0.6487309 0.7218700 -0.0818742 0.0969230 0.5077581 0.8473743 -0.5406375 -0.0116054 0.6904763 0.7358326 0.1724012 -0.3453345 0.7361167 0.8259067 0.7949101 -0.2141173 0.3693889 0.3907874 0.6629395 0.7455099 0.3374180 0.1620000 0.8106267 0.3295491 0.7137515 0.3690066 0.6097891 0.1166381 0.7390494 0.8697253 0.5314668 0.7542712 0.7825745 0.8252899 0.7386576 0.7575241 0.3791503 0.7906078 0.8690590 0.7183551 0.7211594 0.7846882 0.1341423 0.5014080 0.8533076 0.5686416 0.2995298 0.2596286 0.5704884 0.2419001 0.2586980 0.3671266 0.2705073 0.4623555 0.3754317 0.5054224 0.2479371 0.0252658 0.3215655 0.1635209 -0.3405846 0.0695404 0.2057694 0.2187511 0.6778619 0.4494776 0.1363210 0.2398574 0.1938394 0.5194476 0.3906746 0.4612641 0.2547078 0.4676220 0.3223763 -0.1326132 -0.1973428 -0.3989821 -0.1298122 -0.2052022 -0.2430745 -0.0399838 0.0187658 -0.4449247 -0.4132079 0.2446248 -0.0533431 -0.1295813 0.4617954 -0.0318668 0.3652757 0.2859757 0.0353332 -0.0806241 -0.1659577 0.0213965 0.4788340 -0.5080725 0.5075242 0.2630329 0.2353068 0.0614783 0.4685368 -0.1320869 0.2689609 -0.3459605 0.5167311 0.3034511 0.3278360 -0.0311258 0.0723911 -0.0110748 0.0711308 0.2000019 0.2222287 -0.0748947 0.1314029 -0.0622487 -0.0186031 -0.0099570 -0.0894809 -0.1984165 0.2487272 -0.0918084 0.1362811 0.0035777 0.0918130 -0.0838618 -0.3791147 0.0785532 0.2113447 0.2914354 0.2303776 -0.0605023 0.0749647 0.4036316 -0.1654181 -0.3841119 -0.5202507 -0.4482833 -0.5756277 0.1762782 0.5296921 0.2847253 0.2568047 0.3604479 0.0945394 -0.0240243 -0.2150255 -0.1180952 -0.2452362 0.3875484 0.6782695 0.4161772 0.3280933 0.1206684 0.4947922 0.5314177 0.5732377 0.2952362 0.0286777 0.5997795 0.5102114 -0.3630270 -0.6506570 -0.5789608 -0.5010899 -0.7024835 -0.3914431 0.0519878 -0.6252627 -0.4581665 -0.6156972 0.2675966 -0.3795361 -0.5316720 -0.2820900 -0.3810957 -0.5070875 -0.3131855 -0.5207215
0.1437702 0.5050160 0.4811558 0.0658672 0.6576941 0.7480589 0.6958278 -0.0152143 0.3071098 0.1692516 0.0793224 0.0000000 -0.2250098 0.2644281 0.4451765 0.1465508 0.0041953 0.4151590 -0.2095943 0.3668292 0.7417363 -0.1741742 0.0566125 0.1895740 -0.2748363 -0.0433548 -0.1589970 -0.0973307 0.5935322 0.0556843 -0.2008974 -0.2296786 -0.0126376 0.0557605 -0.1763454 0.1749906 -0.1895134 -0.1561417 -0.2095229 -0.1410476 -0.2446466 0.4098780 -0.1191972 0.0335678 0.1793752 -0.1438837 -0.1162466 -0.1752630 0.0420725 -0.1834767 -0.0879653 -0.2033153 0.1893188 -0.2227003 -0.3543895 -0.1834032 -0.1212895 -0.2233640 0.7326045 -0.1699630 0.8703341 0.0020392 -0.1747701 0.2728465 0.5602039 -0.1191896 -0.1482297 -0.2444531 -0.0876933 0.0634909 -0.0863272 0.2340843 -0.2980072 0.7772290 0.0128576 0.2030217 0.6160536 -0.0383270 0.2322868 0.8001528 0.1796318 -0.1860093 0.1185835 0.1007232 0.2735187 0.1701514 0.2163323 0.2992985 0.1575826 0.3009359 -0.2948112 -0.2503561 -0.4330569 -0.2182903 -0.0679062 0.1984517 0.0118257 -0.3112658 0.1569266 -0.5191848 -0.0083505 -0.2966428 0.2789462 -0.2786014 -0.0052478 0.2059040 0.2358632 0.5476594 0.1111078 0.5660968 -0.0129209 0.0283937 0.8348288 0.7474601 0.3617412 0.8355942 0.8383223 0.3591954 0.7615701 -0.3651408 0.5482761 0.7368053 0.1740688 0.4450609 -0.1907522 -0.4429223 0.6689353 0.1913002 -0.4269116 0.4575042 0.4313266 0.2696931 0.1394402 -0.0560010 0.2942698 -0.1894885 0.4188619 0.1005186 0.3346227 -0.1770126 0.2892754 0.1601550 0.3063737 -0.3059423 -0.0371819 0.2228782 0.3310317 0.4600674 0.1393010 0.0187144 0.0541218 -0.0714617 0.0494878 0.2966785 -0.0839036 0.2035156 0.1984409 0.3008755 0.3844613 0.0247140 0.0257970 -0.0768278 0.2930281 0.0532919 -0.1154178 0.2259548 0.1126546 0.0778612 0.2768833 -0.0790443 -0.0398563 -0.1412356 0.0283690 -0.2396392 0.2361430 0.5866636 0.7157892 0.2366592 0.7937044 0.1563140 -0.4314228 0.2106337 0.4463046 0.4308376 0.8182150 0.6547138 0.6512966 0.6267023 0.9196269 0.7147109 -0.6065351 0.6795620 0.7904814 -0.3108150 -0.4596136 -0.1991713 -0.0212109 0.6035506 0.5149709 -0.3671392 0.1341169 -0.4777224 0.2465900 0.5407375 0.2313024 0.3299773 -0.4891510 0.4408859 -0.0479063 -0.1547539 -0.2884256 0.5343756 0.2969380 0.8206533 0.4550826 0.2203402 0.1113893 0.1509517
-0.1212381 0.0051014 0.1420451 0.6113925 -0.2789108 0.0968106 -0.4212228 0.7794924 -0.0836618 0.5558514 0.7799015 -0.2250098 0.0000000 0.2195212 -0.5049853 0.7699234 0.7661228 -0.4924913 0.8154858 0.1223665 0.0864675 0.2366639 0.8143317 -0.5462173 0.8393412 0.8307087 -0.1859378 -0.4564953 0.0376766 -0.2650098 0.1809551 0.7094493 -0.4646535 -0.5062362 0.7868280 0.5220773 0.7350122 0.7574839 0.5229602 -0.2204154 0.1293142 0.4616277 0.7326845 -0.5307991 -0.0468227 0.7280638 0.7248483 0.2092170 -0.3262354 0.7102287 0.7360860 0.7013930 -0.2568478 0.3164143 0.5606374 0.7301476 0.6895648 0.3270180 0.0724715 0.6697048 0.1096869 0.5696280 0.5645493 0.3749446 -0.2074378 0.6846896 0.7465334 0.5660946 0.7900629 0.6703968 0.7085405 0.5217706 0.6899093 0.0063426 0.7346075 0.6974882 0.4553209 0.6704773 0.5776269 -0.0889110 0.3272958 0.7782729 0.5864115 0.4362410 0.3590823 0.5112535 0.2665151 0.3057950 0.4321655 0.3510242 0.6772882 0.5080442 0.6437226 0.5192977 0.2270613 0.2743565 0.0149305 -0.0948881 0.2530507 0.6397451 0.3817255 0.6662851 0.2907422 0.4309281 0.2471218 0.3130684 0.5517868 0.3562107 0.3273617 0.2644531 0.5638089 0.2889492 -0.2383045 -0.1640596 -0.3459971 -0.2916420 -0.3332878 -0.3780682 -0.3247514 -0.0943092 -0.5151105 -0.5158990 0.0138080 -0.1835165 -0.1065461 0.2631031 -0.0109001 0.2075359 0.2049806 0.1219606 -0.0110042 -0.1680721 0.1702541 0.5301851 -0.4737565 0.4575303 0.2266106 0.0122262 0.0304346 0.3904257 -0.0937221 0.1264750 -0.4986700 0.3196212 0.3700606 0.3270360 0.0040954 0.0591174 -0.1277141 0.2032197 0.2026619 0.1853733 -0.0245534 0.0431538 0.2569440 -0.0948180 -0.1239451 0.0377141 -0.4893272 0.1717329 0.1674917 0.1428324 -0.0316505 0.0439650 0.0399257 -0.2291247 0.0773790 0.0825037 0.0895161 0.1139045 -0.1182013 -0.1815486 0.2150291 -0.3658576 -0.5256907 -0.6332090 -0.5896030 -0.6483885 -0.1072813 0.3208181 0.5903037 0.2441224 0.3132029 -0.0420863 -0.1531547 -0.3947549 -0.2249489 -0.3123562 0.0688382 0.3866982 0.2981655 0.1973329 -0.0590399 0.1892337 0.3568836 0.2547864 -0.1018125 -0.0325836 0.3579712 0.2717277 -0.0973228 -0.4542357 -0.8299836 -0.7441348 -0.5201208 -0.4963439 -0.0835401 -0.7529340 -0.2762603 -0.3751791 -0.0197350 -0.7039751 -0.4557730 -0.5833893 -0.5880358 -0.5825368 -0.4586835 -0.5717008
0.5762842 0.4452678 0.4197691 0.3717931 0.2646899 0.6755221 0.0216333 0.3904421 0.1950497 0.7076535 0.6551309 0.2644281 0.2195212 0.0000000 0.0232829 0.6650422 0.5343121 0.2717156 0.4737992 -0.0890087 0.2916596 -0.1113707 0.5905399 -0.1808848 0.3939871 0.5684410 0.4431956 -0.1947685 0.2347440 0.4658017 -0.2079623 0.2174304 -0.4065915 -0.4353661 0.5471161 0.4160624 0.4771197 0.3558702 0.5050495 0.0184182 0.0323528 0.4996452 0.5260139 -0.3166349 -0.3324125 0.5178655 0.5465253 0.1059313 -0.2743570 0.5256812 0.6187493 0.3446551 -0.2561857 0.1359036 0.2164040 0.5104051 0.5371309 0.2730558 0.3734513 0.5148961 0.4634426 0.5576237 0.2157532 0.4324588 0.0886859 0.5522836 0.6705838 0.3249898 0.5660487 0.4929035 0.6691793 0.4276293 0.6195265 0.4344192 0.6440846 0.6065090 0.6196775 0.5785510 0.7734693 0.4946102 0.4307629 0.6203768 0.5181505 0.2509263 0.3012605 0.5914946 0.2804277 0.3577890 0.4142230 0.3198402 0.3351799 0.2943135 -0.0626551 -0.0482589 0.0950468 0.3138650 0.2868071 -0.6151204 -0.0195640 -0.1786122 0.1664228 0.3467599 0.5678640 -0.1646030 0.3441768 0.2528131 0.3061703 0.4312921 0.4685942 0.2802067 0.3717294 0.0789350 0.0379825 -0.1062672 -0.4111784 0.0990999 0.0393467 -0.1749749 0.1924567 -0.0235501 -0.1689813 -0.0981133 0.4363376 0.0234415 0.0604009 0.5561869 0.2299870 0.4313842 0.5163282 0.2378830 0.2606320 0.2073781 0.2561332 0.5142921 -0.1043659 0.4438645 0.5162039 0.6857529 0.4359737 0.6217231 0.0777556 0.6378779 0.0163746 0.6796926 0.4658342 0.4398983 0.2905140 0.3306218 0.2116218 0.2769085 0.4003592 0.5015431 0.2933956 0.2767729 -0.0947366 0.3290218 0.1863353 0.1551067 0.1801706 0.3449780 0.0028697 0.3809197 0.2599141 0.1058814 0.2151945 -0.0875556 0.1775871 0.3293963 0.3311705 0.4258134 0.3612558 0.4749272 0.3993155 0.0335239 0.1393306 0.0290654 0.0572506 -0.0177567 0.3549978 0.3291616 0.0030293 0.3628665 0.4833277 0.3479616 0.1986346 -0.1689817 0.0402424 0.0181230 0.4649561 0.6065233 0.1893792 0.4942182 0.3323743 0.4132144 0.5078641 0.5601293 0.5930420 0.1845319 0.6616702 0.5352981 -0.4654518 -0.4296377 0.0414132 0.0497729 -0.4733813 -0.1663831 0.4218830 -0.3439040 -0.5626414 -0.5125181 0.5221624 0.2358877 -0.2702195 0.2115599 0.1416790 -0.3564200 -0.0902820 -0.1974647
0.2972520 0.3682217 0.3961429 -0.1373577 0.4743190 0.3700796 0.2243635 -0.2620361 0.7304343 -0.2553884 -0.2992969 0.4451765 -0.5049853 0.0232829 0.0000000 -0.3610337 -0.5268061 0.7554187 -0.6055899 -0.0688217 0.2024650 -0.6264550 -0.5282195 0.8365756 -0.6809659 -0.5442460 0.0818645 0.5280312 0.3735430 0.5226488 -0.4340401 -0.6347912 0.6720164 0.6613971 -0.4747342 -0.4776168 -0.6615795 -0.7171150 -0.4560699 0.3670488 -0.4480369 -0.2208593 -0.5669386 0.6947926 0.3289823 -0.5462746 -0.6133158 -0.5945550 0.4561013 -0.3257726 -0.4998352 -0.6776870 0.4578165 -0.4859040 -0.6824549 -0.5054434 -0.6636126 -0.4992228 0.1070937 -0.6083185 0.1339719 -0.6414193 -0.4441320 -0.2135622 0.4558457 -0.6712481 -0.5002725 -0.5353285 -0.5636047 -0.4902661 -0.4323664 -0.3243864 -0.5513401 0.2911542 -0.4444979 -0.4851133 -0.1128075 -0.4637999 -0.3199668 0.2652251 -0.3536444 -0.5334514 -0.4226850 -0.5102877 -0.3468692 -0.3788158 0.1584759 -0.3466969 -0.1945292 -0.0174682 -0.1097267 0.0959632 -0.3442773 -0.2442195 -0.0106273 0.0124959 0.0499853 -0.2696015 0.1390159 -0.5681519 -0.0643574 -0.5971580 -0.3484084 -0.0883495 0.1602844 0.1182051 -0.3663399 -0.2489840 0.0969292 0.0748015 0.0895624 0.1577566 0.2776355 0.2147664 0.1128873 0.3398880 0.2620888 0.0275340 0.1845953 -0.4842022 0.0780957 0.2290253 -0.1783744 0.0139864 -0.4220418 -0.2712795 0.1760069 -0.0141678 -0.2154590 0.0075406 0.1575429 0.4628522 -0.1941934 -0.3082719 0.6667856 -0.2232419 0.0278734 -0.0079515 0.1466748 -0.1051714 0.1804232 -0.0177291 0.3679536 -0.2765497 -0.1256173 -0.2986678 0.0868514 0.1691775 0.1564571 0.0774897 0.0802651 0.0978378 0.0184179 0.0911665 -0.2932391 0.2317214 0.1991780 0.0449261 0.3726135 0.0147940 -0.1888979 -0.0705460 0.1233181 0.2311315 -0.0621267 0.1768451 0.0153402 0.0342450 0.0242555 0.0576181 -0.0516869 -0.0123313 0.2990562 0.0213388 0.2136445 0.4753346 0.5474455 0.3687558 0.3562385 -0.1426259 -0.3920400 -0.0878152 -0.2158491 0.1738386 0.1411691 0.4642916 0.1791373 0.2727474 0.2121467 -0.0221149 -0.3032447 0.0791890 0.3305565 -0.2263509 -0.2383601 -0.1949983 -0.0395636 0.3216483 -0.0356878 -0.2416859 0.1150039 0.0354358 0.3219222 0.3477170 0.1140032 0.1017818 -0.0842472 0.4556317 0.2709069 0.1588908 -0.2833739 0.5070610 0.0483570 0.4964608 0.6731987 0.3465435 0.3350121 0.3036817
0.2904891 0.2927585 0.3357349 0.5735488 -0.0430624 0.4766282 -0.1852035 0.7721153 -0.1103714 0.7116536 0.9065313 0.1465508 0.7699234 0.6650422 -0.3610337 0.0000000 0.7208887 -0.2986485 0.8903895 0.0827083 0.4944765 0.2320964 0.9478418 -0.6408848 0.7992514 0.9525068 -0.0858646 -0.6023237 0.3657429 -0.0669467 -0.0724165 0.4944196 -0.7274734 -0.7510713 0.8314613 0.7271906 0.8514699 0.7079783 0.5824520 -0.3549648 0.0035969 0.7891487 0.8310075 -0.7326720 -0.2084107 0.8440709 0.8952359 0.1078363 -0.6129121 0.8133247 0.9224951 0.7044353 -0.5013788 0.1804181 0.4359110 0.8261648 0.8805130 0.2732713 0.4390435 0.8019769 0.4335160 0.7617597 0.3448175 0.5654443 -0.1181693 0.8238821 0.8840454 0.4969027 0.8512376 0.7858077 0.8494480 0.5957073 0.7462806 0.3604867 0.9157654 0.8522045 0.8218045 0.8258526 0.8890359 0.3833250 0.6453698 0.8752715 0.7253234 0.5015395 0.5070241 0.7200120 0.3147329 0.5341914 0.5339029 0.4672418 0.5682629 0.4411637 0.2709410 0.2941665 0.0644583 0.3430528 0.1924816 -0.4168249 0.0753122 0.2430742 0.3358457 0.6116250 0.5748615 0.2035402 0.3660534 0.2568216 0.5931805 0.5542426 0.5542912 0.3458897 0.5136784 0.3099446 -0.0211969 -0.1261596 -0.4848780 -0.0594994 -0.1045935 -0.3140660 0.0138937 -0.0948603 -0.2872145 -0.2898502 0.2742198 0.1146291 -0.1543934 0.4222791 0.2525325 0.4402820 0.2821934 0.3918924 0.2090295 -0.0458068 0.3807743 0.6989503 -0.4433124 0.5558755 0.5244595 0.3590189 0.2769129 0.5307204 -0.1008808 0.4232305 -0.4672091 0.5450568 0.4421405 0.6310625 0.1590270 0.2145322 -0.1322978 0.2515733 0.3981428 0.3487615 0.0906069 0.1168805 0.0332570 0.2267393 0.0804904 0.0621356 -0.2224970 0.4156648 0.1121244 0.2725382 0.2700388 0.2091993 0.0158247 -0.2492399 0.0805400 0.0994308 0.2646295 0.3659628 -0.0097952 -0.0002421 0.2971215 -0.2913585 -0.3912031 -0.4185000 -0.3115100 -0.5287410 0.3183292 0.6058171 0.3276165 0.4843521 0.6523839 0.3474804 0.1205599 -0.3089235 -0.1349271 -0.2269524 0.4182746 0.7146961 0.2314360 0.5592789 0.2532177 0.3259181 0.4589621 0.4771288 0.2189777 0.2239561 0.7738701 0.3974134 -0.4486290 -0.6660283 -0.5206484 -0.4318493 -0.6953549 -0.4846392 0.0821019 -0.7180083 -0.6454142 -0.5409190 0.3093792 -0.2947567 -0.5496224 -0.1358339 -0.1949492 -0.6064057 -0.3247042 -0.4466975
0.1101898 0.2426228 0.2338279 0.6262762 -0.0312450 0.3494733 -0.1418596 0.6674628 -0.0498198 0.7701266 0.8116182 0.0041953 0.7661228 0.5343121 -0.5268061 0.7208887 0.0000000 -0.3487461 0.7067315 0.1326476 0.0363238 0.1989421 0.8289883 -0.4506540 0.7891887 0.8019800 0.2180226 -0.3191841 -0.0986265 -0.0038727 0.2284698 0.7844651 -0.4427257 -0.4487851 0.7892514 0.5642618 0.7462071 0.8350630 0.6792144 -0.0362202 0.3077777 0.4057224 0.7871186 -0.4501461 0.0007672 0.7111426 0.6875577 0.4946828 -0.1408519 0.6504405 0.7004823 0.7788742 -0.0361150 0.5501719 0.6877378 0.6741762 0.6937297 0.5114672 0.1031807 0.7058801 0.3923759 0.8013729 0.5892460 0.5464605 0.1469652 0.7545305 0.7959192 0.7421456 0.7917878 0.7848881 0.7263009 0.7134877 0.8107697 0.2505789 0.7040059 0.8946913 0.5579180 0.6227693 0.7218419 0.0810662 0.3390183 0.7592449 0.5968429 0.3674143 0.3102971 0.5813390 0.2158594 0.3021293 0.4239981 0.2635373 0.3608825 0.1361588 0.4470181 0.3220110 0.2292186 0.2380667 0.0826548 -0.3033252 0.1625024 0.4176895 0.2493739 0.6455995 0.4434943 0.1432587 0.1056356 0.2248003 0.4967100 0.4689321 0.2215931 0.2597190 0.3716123 -0.0096773 -0.1335482 -0.0565262 -0.2498510 -0.1231173 -0.1426205 -0.2443333 -0.1075653 0.0214275 -0.3877287 -0.3177498 0.1967187 -0.1882043 0.0518087 0.3397467 -0.0203859 0.2130850 0.3409320 0.0287316 0.0164176 -0.1351384 0.1272599 0.4245327 -0.4929126 0.4493748 0.3070735 0.2954474 0.1871905 0.4269272 0.0175332 0.2975516 -0.2994630 0.4316200 0.4254348 0.3188085 0.2002344 0.2395339 -0.0293029 0.1069229 0.1358966 0.2115265 0.1217830 0.1552009 0.2784620 -0.1636022 -0.1958176 0.1512272 -0.3308221 0.0633373 0.0768705 0.2025362 -0.1971697 -0.2156038 0.1383255 -0.1755794 0.0796444 0.2165111 0.0925014 0.0368560 0.1136866 0.0796577 0.2748728 -0.0058380 -0.0380993 -0.3222922 -0.3474174 -0.3488507 0.0569916 0.2514969 0.3498549 0.2267795 0.3312376 -0.0662613 0.0840229 -0.2291965 0.0096020 -0.0146586 0.3493471 0.6015527 0.2538559 0.2651889 0.0837651 0.3082386 0.3580741 0.3855050 0.2336920 -0.0350425 0.4715978 0.3951298 -0.1410668 -0.5025905 -0.4935918 -0.3675949 -0.3387794 -0.0809216 0.0305430 -0.4769653 -0.3343076 -0.5682932 0.1267278 -0.3578521 -0.1625594 -0.2623565 -0.4989283 -0.4663003 -0.4414213 -0.5073736
