0.0000000 0.5461818 0.4747154 0.0728439 -0.0493600 0.3541569 0.6931769 -0.0946031 0.6769481 0.3559340 -0.0125253 0.4047859 -0.0825983 0.6467473 0.5795402 -0.1220422 0.2145815 0.6535490 -0.3320278 -0.0460118 0.0438787 -0.1170423 -0.0926137 0.4739596 -0.3668232 -0.3406137 0.3572307 0.5632386 -0.2613092 0.3735289 -0.2026954 -0.3020454 0.3992836 -0.2875262 -0.2621828 -0.2725378 -0.4255345 -0.3670221 0.1452244 0.0346144 -0.2404656 -0.3637923 -0.0538389 0.2444749 -0.3425358 -0.4427185 -0.4646070 -0.3175017 0.1768830 -0.5027071 -0.4560271 -0.1702749 -0.3054970 -0.0599658 -0.2506852 -0.4796894 -0.4749448 0.0627791 -0.0551510 -0.4725313 -0.3528564 -0.4581552 -0.2782231 -0.0957748 -0.1576506 -0.5158004 -0.4975911 -0.3977930 -0.4854706 -0.2990480 -0.5310082 -0.1249329 -0.4156345 -0.1758489 -0.5267288 -0.3720494 -0.3240835 -0.6286246 -0.4332686 -0.4848753 -0.4603120 0.2683425 0.3117676 0.4544893 0.3090814 0.1961490 0.1407341 0.3467274 0.1736019 0.1819047 0.0149086 0.0645802 0.2311654 0.3083037 -0.0855056 -0.1592606 -0.0080637 0.3602721 0.0170787 0.1736399 0.3105441 0.1067595 -0.0928979 0.1724923 -0.0778288 -0.1075618 0.1229839 -0.1441242 0.0260487 -0.0822646 -0.0514578 0.1093207 -0.0500552 -0.2302355 -0.1887624 -0.1969533 -0.2404715 -0.1204342 -0.2240495 0.2518016 -0.0108738 -0.1053493 0.0380916 0.5414020 0.6278829 0.4390540 -0.1885101 0.0288727 0.5421383 0.1369470 0.4198683 -0.0220661 -0.0917891 0.0708270 -0.2332110 0.0453098 0.2579722 0.3636077 0.3131827 0.0181867 0.0421340 0.1449666 -0.3805089 0.1067456 0.3324317 0.0119444 -0.0415956 0.0190021 -0.2004589 -0.1543869 -0.0739610 0.0675059 -0.1259221 -0.0997945 -0.4054598 0.0939079 -0.4177968 -0.1637618 -0.3087845 -0.2632216 -0.3792619 -0.1344445 -0.1605262 -0.3895940 -0.3757973 -0.1893829 -0.0862019 -0.1173787 -0.2841866 -0.3173320 -0.3114090 -0.3035173 0.4612135 0.6771170 0.8128709 0.5587281 0.4671491 0.3750665 0.1714488 0.0796963 -0.2056495 -0.3917405 -0.3190639 -0.4408721 -0.0696828 -0.2539290 -0.2809992 -0.0674333 0.2428655 0.3003172 0.2213295 -0.2022043 0.3603964 0.0790821 0.3530259 0.1210820 0.0153523 0.4144881 0.0891030 0.2144249 -0.2570324 -0.1131281 -0.0431824 -0.1124292 0.3162680 -0.0383205 -0.0029417 0.1097329 -0.3158983 -0.1178353 -0.3387910 -0.0775681 0.2068204 0.1185407 -0.0795664 -0.0932364 0.1290503 -0.0071969
0.5461818 0.0000000 0.6628167 0.6716120 0.1344615 0.7878462 0.1564653 0.3371952 0.6833936 0.8125880 0.4899415 0.2591774 0.0986467 0.7225911 -0.0040147 0.3047622 0.6525602 0.3699440 -0.0728032 -0.2680918 0.4710865 -0.3345438 0.2309993 0.5593064 -0.1676327 -0.1233253 0.5002103 0.5000509 -0.0562084 0.4873874 -0.3564561 -0.3176439 0.5987533 0.2939892 -0.0992197 -0.0447660 -0.2952156 -0.2732138 0.3896409 0.3306431 -0.1485906 -0.2547050 0.2217199 0.3974011 -0.2640322 -0.2768337 -0.2248814 -0.2380860 0.6372140 -0.3235288 -0.2407185 0.1761478 0.4128303 0.3796946 -0.2669893 -0.2854083 -0.3226313 0.4696720 -0.1080844 -0.3476568 -0.1790983 -0.2245119 -0.2178327 0.5368163 0.5798758 -0.3175331 -0.3259953 -0.1123615 -0.2311812 0.2655165 -0.2771883 0.5001257 -0.1623415 0.4933418 -0.2135345 0.0558704 0.0708647 -0.1283237 0.0157584 -0.1054349 0.0136545 -0.2450760 -0.1376113 -0.0801709 -0.3005209 -0.1620607 -0.2716325 -0.1868600 -0.3278346 -0.2876716 -0.2700810 -0.2917045 -0.0371725 -0.2628304 -0.3681524 -0.3961754 -0.2298259 0.3565701 -0.4468513 -0.4472740 -0.2761218 0.0531846 -0.1677319 -0.3906359 -0.2684529 -0.4299529 -0.2137112 -0.2927985 -0.1305768 -0.2699659 -0.3543564 -0.1197528 -0.2326190 -0.2981831 -0.2379270 -0.2697829 -0.2793312 -0.1740237 -0.3152687 0.2765471 -0.1665815 -0.2608997 -0.3882735 0.4896737 0.4901079 0.6026477 -0.4372346 -0.4764474 0.6064116 -0.2007117 0.2504152 -0.5462857 -0.2339912 -0.2794732 -0.5633137 -0.3244836 0.1641478 0.4599353 0.3303897 0.2335880 -0.2606938 0.2061068 -0.5920906 0.3519695 0.2896144 -0.2378606 0.0646778 0.1198439 -0.5932247 -0.1120601 -0.0469000 0.3448265 -0.0189204 -0.3802732 -0.4195156 0.1685774 -0.6420285 -0.1612384 -0.5628314 -0.2840940 -0.4696238 -0.1393979 -0.2313545 -0.4286778 -0.4190715 -0.1933376 -0.4806099 -0.5021067 -0.5412115 -0.4813808 -0.5117201 -0.5583510 0.2833393 0.2773381 0.3798558 0.0107132 0.3690664 0.4266562 0.5097237 0.2708773 -0.3572572 -0.3862023 -0.4252510 -0.4155600 -0.1732629 0.4567171 0.0515343 0.4860268 0.6847975 0.7430263 0.4047479 0.4221334 0.7793069 0.1912981 0.5098274 0.4399706 0.2902227 0.7967425 0.4879277 0.4543716 0.0606925 -0.1046729 -0.1067025 -0.0533564 0.0895638 0.1221162 0.3942384 0.3873780 -0.2097576 0.1533526 -0.3111530 0.4509587 0.1977783 0.1065319 0.2426252 0.1244827 0.1927011 0.1294427
0.4747154 0.6628167 0.0000000 0.7194427 0.5993454 0.6379948 -0.0232140 0.6201346 0.3144703 0.6127429 0.4528343 -0.1989172 0.6333729 0.5893389 -0.0707202 0.2446237 0.5349410 0.1956105 0.0034043 0.2348590 0.0828578 0.1429453 0.2486235 0.4666825 -0.0473865 0.0084664 0.3342974 0.4277604 -0.2146411 0.5550510 0.1507958 -0.1330656 0.4418202 0.2795100 0.1459798 -0.1252474 -0.0654136 -0.0660509 0.4340690 0.2646003 0.1953933 -0.2651871 0.3399793 0.3738794 -0.3043011 -0.1211339 -0.0561543 0.0362158 0.5483101 -0.0908739 -0.0615945 0.1910167 0.2955046 0.2422369 0.1404835 -0.0507601 -0.1235748 0.4292460 0.1126158 -0.1734012 -0.1213001 -0.3170957 0.2449301 0.5436268 0.3554147 -0.1496977 -0.3119093 -0.2986266 0.0351823 0.2416850 -0.2580421 0.4869163 -0.3735795 0.5873482 -0.0326602 0.0405687 0.3350696 -0.1305127 0.0210778 0.0691053 -0.0911601 0.1408490 0.2275775 0.0532197 -0.0724706 0.1651585 0.2312862 -0.0116833 0.1154429 0.1456922 0.1469418 0.0389819 0.2748095 -0.2391605 0.1569876 -0.0808990 0.0701569 0.3452564 0.1168537 -0.3115317 0.1300186 0.3977527 0.0341221 -0.3764547 0.0707720 -0.0023888 0.1577893 -0.3573130 0.3278533 -0.3573072 0.1447562 0.2171071 -0.3539880 -0.4435889 -0.4727864 -0.3799457 -0.4520212 -0.5823367 -0.4533955 0.1799103 -0.3025662 -0.3557301 0.1046881 0.4429945 0.4546050 0.7218513 -0.2841906 0.0361150 0.7815674 0.0884629 0.5249353 -0.0933500 0.0414418 -0.0526278 -0.0168430 0.1463350 0.4137615 0.7464795 0.6540219 0.3965500 0.2294529 0.4410863 -0.1484221 0.5894931 0.6057443 -0.0977126 0.3119726 0.3847098 -0.1023127 0.0978362 0.2442536 0.5623625 0.1144443 0.0397015 -0.2536163 0.4071970 -0.3734498 0.1450100 -0.2879781 -0.0636337 -0.2491383 0.1376046 -0.0792385 -0.2635013 -0.2482107 0.1485607 0.0154974 -0.1033646 -0.2848463 -0.1796645 -0.1646678 -0.2510646 0.2704734 0.3603415 0.1812350 -0.2734843 -0.1243811 0.0363991 0.1685513 0.1363461 -0.1144044 -0.2152001 -0.2745473 -0.2365357 -0.0496850 0.5301602 0.3855710 0.7031439 0.7005205 0.4469633 0.3952410 0.4038362 0.2949825 0.4020255 0.6668953 0.4553879 0.5260283 0.3217160 0.0863271 0.6301440 -0.1109521 -0.4969342 -0.2222427 -0.2381920 0.3889871 -0.1217226 0.3872423 -0.0045847 -0.1225193 -0.4152984 -0.2004907 0.2186301 0.2750552 0.1325794 0.1475784 -0.1057455 0.1280983 0.0666341
0.0728439 0.6716120 0.7194427 0.0000000 0.6530469 0.8672173 -0.3649042 0.8640663 0.3174934 0.8085207 0.8771011 -0.3529895 0.5899838 0.4282795 -0.3743846 0.7470020 0.7714153 -0.0420650 0.4156043 -0.1357318 0.1422727 -0.0252858 0.6527996 0.3102622 0.3223657 0.4475567 0.3422079 0.1563201 -0.0535815 0.4740212 -0.1201888 0.0778870 0.3144500 0.6411033 0.5199381 -0.0771466 0.3023965 0.1340099 0.5677040 0.5378205 0.2284031 -0.1619685 0.6503371 0.3553549 -0.0756283 0.2075229 0.3328002 0.1587981 0.6014910 0.1703034 0.3377805 0.5948920 0.7015897 0.6127159 0.2030038 0.2479729 0.2414563 0.6041469 0.0203454 0.2203123 0.1181772 0.1015009 0.2625272 0.7514023 0.6330646 0.2035117 0.0596348 0.1626604 0.2774569 0.6389859 0.1533268 0.7575977 0.0648914 0.7720810 0.2521500 0.4981161 0.5836375 0.2870615 0.5010742 0.4019507 0.3289115 -0.2655522 -0.1898681 -0.2818733 -0.3293608 -0.0069621 -0.0158469 -0.2938923 -0.0957832 -0.1322898 0.1055342 -0.0634707 0.1094727 -0.4408979 0.0383131 -0.0057230 0.1440308 0.2648952 -0.1262544 -0.5015866 -0.1818500 0.3089359 -0.0701295 -0.4744977 0.1780212 -0.0931092 0.0783026 -0.3534982 0.2825233 -0.2567070 0.1157135 0.1329711 -0.3825175 -0.3127376 -0.2884020 -0.3240115 -0.2867950 -0.3650586 -0.3520462 0.2856986 -0.1846087 -0.3080106 -0.1995849 0.1084611 0.3023938 0.4286890 -0.2377379 -0.2240055 0.6028941 -0.1017260 0.3472401 -0.2956760 0.0331792 -0.1543770 -0.1163233 -0.0601456 0.3239462 0.7141333 0.5601519 0.4242233 0.1000859 0.5139716 -0.0387122 0.4427840 0.4634636 -0.2682074 0.5127779 0.5191786 -0.1012050 0.3650180 0.3361266 0.5594706 0.3961810 -0.0327993 0.0209016 0.4531539 -0.1187716 0.3365345 -0.0826732 0.0971164 0.0072757 0.3423438 0.0398291 0.0326973 0.0723092 0.3354296 -0.0858219 -0.0802780 -0.0823703 0.0579855 0.0303769 -0.0846778 0.1771640 -0.1584447 -0.1959661 -0.5891365 -0.2999098 -0.0632570 0.0876665 -0.0074372 -0.3753770 -0.2290115 -0.2548324 -0.1781131 -0.1032245 0.7690731 0.5030615 0.7870751 0.5941969 0.3927771 0.3799505 0.5332886 0.4165719 0.3065199 0.4474138 0.3433918 0.2958195 0.3966298 0.3045973 0.3589738 0.1121031 -0.4433150 -0.4537416 -0.4135634 -0.0267884 0.0999045 0.4371314 -0.1261263 -0.0935429 -0.2427451 -0.3601260 0.2541788 0.1774023 -0.0450119 0.1046773 -0.0155649 0.0693708 0.1062042
-0.0493600 0.1344615 0.5993454 0.6530469 0.0000000 0.3925723 -0.4236506 0.8010405 -0.0750508 0.3884359 0.5498992 -0.6852246 0.7985858 0.1271726 -0.4056075 0.5360220 0.4523612 -0.3460808 0.4541252 0.1701914 -0.3513928 0.3631794 0.5652545 0.0315128 0.3998548 0.5193765 0.2081231 0.0585680 -0.2048978 0.3891663 0.2229204 0.2694469 0.0377756 0.3875908 0.6533681 -0.1326288 0.5294663 0.3282590 0.5413378 0.5244488 0.4683043 -0.0787583 0.6897708 0.3379325 -0.0224503 0.3625882 0.4975413 0.4008530 0.3704985 0.3350817 0.5002570 0.6045845 0.3764232 0.4803764 0.4857681 0.3960870 0.4396402 0.5032904 0.2935928 0.4195769 0.2114280 0.2227173 0.5230583 0.5071557 0.1505311 0.3409868 0.2006594 0.2237216 0.3895174 0.5213782 0.2282048 0.4758761 0.0730865 0.5180852 0.3072299 0.4429158 0.6605991 0.1615306 0.4340176 0.4994507 0.1837002 -0.0070416 0.1666569 0.0875241 0.1598029 0.3239479 0.2646705 0.1306005 0.3692032 0.3814473 0.3789253 0.2064603 0.3481184 -0.0877000 0.3594374 0.1834663 0.3193489 0.1127100 0.2345843 0.0063661 0.3284893 0.3975871 0.1709373 -0.0489906 0.3239412 0.1506307 0.4898955 -0.0623102 0.3547770 0.1100969 0.3845135 0.3236247 -0.0918587 -0.0322562 -0.0380416 0.0312123 -0.0099410 -0.2997137 -0.0465362 0.1586528 0.0395920 -0.0451298 0.1103588 -0.0368227 0.1186779 0.1258900 -0.0106160 0.1433876 0.4268542 0.1419439 0.3224120 -0.0022513 0.1484606 0.1052908 0.2120582 0.2290898 0.3070127 0.5581886 0.4808374 0.1601808 0.3138415 0.3814747 0.3133577 0.2963886 0.4821391 -0.0632925 0.4463022 0.4455514 0.2334246 0.3245144 0.2748980 0.4663062 0.2837116 0.2040365 0.1324883 0.4969104 0.2097261 0.4281134 0.2440241 0.1588202 0.1622721 0.3756705 0.2536796 0.1274491 0.1507158 0.6289717 0.2438262 0.1333307 0.1223869 0.2520284 0.2171630 0.0845286 0.3220861 -0.0380174 -0.3109119 -0.6591871 -0.7179679 -0.6244423 -0.4817707 -0.4488034 -0.2510131 -0.1156509 0.0547813 0.0750155 0.1913064 0.5389603 0.6959415 0.7145945 0.3103388 -0.1414234 0.1615095 0.1985625 -0.1770248 0.2240196 0.2243965 -0.0119906 0.0425933 -0.1485799 0.0000113 0.0765392 0.0294404 -0.6463966 -0.5307213 -0.5403472 0.0550609 0.0583611 0.1010934 -0.4445768 0.1211890 -0.5662479 -0.3290952 -0.2964409 0.2317069 -0.0942693 -0.2676970 -0.1466751 -0.1471974 -0.1587842
0.3541569 0.7878462 0.6379948 0.8672173 0.3925723 0.0000000 0.0249979 0.6486032 0.6100099 0.8793131 0.7918912 0.0124084 0.3415240 0.6352631 -0.0518758 0.6206480 0.7070952 0.2091112 0.3030916 -0.2530429 0.2389885 -0.0800238 0.5104687 0.4295938 0.1940996 0.2549084 0.2948115 0.3626594 0.0122931 0.4695576 -0.1727933 -0.0074785 0.4268554 0.4293470 0.3000840 -0.0509682 0.1001675 0.0672916 0.4714056 0.4571507 0.1648314 -0.1484093 0.4825550 0.3807290 -0.0646324 0.1055447 0.1991691 0.0968266 0.5741819 0.0595158 0.1856855 0.4265543 0.4715513 0.4397487 0.1222113 0.1286726 0.0994872 0.4897545 -0.0417562 0.0763612 0.0390270 -0.0370289 0.1040994 0.5536091 0.4493592 0.0762882 -0.0014420 0.0242841 0.1161150 0.4016486 0.0709723 0.5211748 -0.0061399 0.4976646 0.1116547 0.2742263 0.3135982 0.1474476 0.3064229 0.1791547 0.2322124 -0.1890260 -0.0657098 -0.1709294 -0.2658315 0.1247018 0.0345108 -0.2788126 -0.0099456 -0.0551764 0.1062792 -0.0596634 0.0827757 -0.3560120 -0.0188673 -0.0560319 0.1261596 0.3174909 -0.1287798 -0.3408733 -0.0952996 0.3178299 0.0285826 -0.3334677 0.1201585 -0.1101952 0.0935599 -0.2678520 0.1876027 -0.2090338 0.0754500 0.1362356 -0.3003020 -0.2994182 -0.2758754 -0.3252914 -0.2723204 -0.2663731 -0.3587782 0.3707080 -0.0379440 -0.2102119 -0.1998721 0.2880420 0.4886323 0.4353838 -0.2071696 -0.2271901 0.6934817 0.0141312 0.4540697 -0.2663022 -0.0419227 -0.0182317 -0.2346310 -0.0570856 0.3860575 0.7005887 0.5656948 0.3018762 0.0939865 0.4544474 -0.2068840 0.3564289 0.4868750 -0.1209639 0.4208240 0.4483044 -0.1386244 0.2254482 0.1334438 0.4221831 0.3060395 -0.0305223 -0.0965775 0.3847658 -0.2329255 0.1778311 -0.1333382 -0.1284429 -0.0757888 0.2244525 0.0771979 -0.1298904 -0.0306264 0.1203820 -0.1113916 -0.0370518 -0.0983633 -0.0932354 -0.0173963 -0.0934518 0.2336745 0.0533054 0.1598192 -0.1843200 0.0726025 0.2093120 0.2008510 0.0249369 -0.4802492 -0.3236928 -0.2555205 -0.2439901 -0.1034458 0.4788133 0.2341393 0.5374805 0.4953146 0.4222890 0.3616089 0.3497794 0.5720617 0.2594593 0.4516332 0.3456814 0.1608804 0.5048802 0.3512298 0.2857206 0.1923638 -0.1988562 -0.3336238 -0.3166124 0.1097572 0.1955708 0.5142044 0.0196685 -0.0880605 -0.0666600 -0.3139424 0.2797010 0.3475803 -0.0399917 0.1080041 0.1608014 0.1669900 0.1651023
0.6931769 0.1564653 -0.0232140 -0.3649042 -0.4236506 0.0249979 0.0000000 -0.3421526 0.5649718 -0.0684115 -0.2611615 0.6552303 -0.3124005 0.2517232 0.8866999 -0.2454577 -0.2747101 0.5026495 -0.1350415 -0.1536642 -0.0621905 -0.0023515 -0.2754286 0.1939462 -0.1667486 -0.2794901 -0.1859704 0.2749196 -0.1004589 -0.1373693 -0.0232587 -0.0254490 0.0454670 -0.3791948 -0.3328012 -0.1263968 -0.2864197 -0.0986671 -0.3102672 -0.2539459 -0.1024818 -0.0965251 -0.3688863 -0.1397633 -0.0449790 -0.1681444 -0.2321826 -0.1288329 -0.2475875 -0.2338391 -0.2131060 -0.3682995 -0.4785178 -0.3869231 -0.1182511 -0.2410221 -0.2516618 -0.3735205 -0.2874803 -0.2288817 -0.2189981 -0.2020417 -0.2764295 -0.5277369 -0.4590286 -0.2552935 -0.1390027 -0.2205246 -0.3364340 -0.5045542 -0.1822780 -0.3141961 -0.1505168 -0.5527781 -0.3301153 -0.3814964 -0.4774606 -0.3942245 -0.4726908 -0.5401540 -0.3660200 0.2290935 0.2868390 0.4689862 0.4502946 0.1502218 0.1085851 0.4725863 0.2404390 0.3386673 0.0330104 0.0331636 0.1079167 0.5710553 -0.0934031 -0.0303899 0.0274596 0.0505217 0.0668436 0.3980442 0.3488087 -0.0755023 -0.0629511 0.5415254 -0.0094571 0.0164444 0.0713331 0.1390125 -0.0640462 0.2003410 -0.0231083 0.0643172 0.2415252 0.0921310 0.1276346 0.0729443 0.0771501 0.1254469 0.0368448 0.0941613 0.1886255 0.2341279 0.0355331 0.1519913 0.3038949 0.0427373 0.0068447 0.0685069 0.1514636 0.2393013 0.1485837 0.0875892 -0.0530020 0.1931651 -0.1281017 0.0427046 0.0750855 -0.0288661 -0.0077504 -0.2122711 0.1083702 -0.0827980 -0.2012735 -0.2058827 0.0193323 0.2238414 -0.1588537 -0.1357959 -0.0122204 -0.1601860 -0.1226477 -0.3051915 -0.1479653 0.1127346 -0.1495512 -0.1444176 -0.2640786 -0.2153016 -0.1578306 -0.2550811 -0.1509443 -0.1282769 -0.1027930 -0.4044229 -0.1646073 -0.2910850 0.0538566 0.0308795 -0.1794283 -0.2102053 -0.1521743 -0.1425940 0.4509091 0.6351230 0.7288224 0.8375701 0.6104271 0.3864006 0.1097404 0.0185552 -0.0208291 -0.1101620 -0.1269280 -0.2148709 -0.2035484 -0.6111493 -0.6134182 -0.5527852 -0.2623833 -0.1080626 -0.0923243 -0.5375715 0.0888193 -0.1533005 0.0227592 -0.1238094 -0.2373315 0.0513840 -0.0401945 -0.1507157 -0.2632043 0.2141194 0.0978204 0.0147439 0.3155568 0.0984930 -0.0358487 0.0900613 -0.2915850 0.1223497 -0.1411126 -0.1819125 0.2511240 -0.0540867 -0.0941628 0.0587682 0.1675130 0.1208131
-0.0946031 0.3371952 0.6201346 0.8640663 0.8010405 0.6486032 -0.3421526 0.0000000 0.0482377 0.5055962 0.8141440 -0.4954627 0.8429119 0.0823078 -0.3732438 0.7941287 0.5105860 -0.3251333 0.6968213 -0.0191813 -0.1322550 0.3543373 0.6780765 -0.0184011 0.6117917 0.6743231 0.0873912 -0.1423043 -0.0605293 0.2677953 0.1989433 0.4253296 -0.0846739 0.6461977 0.7418511 -0.0313349 0.6373285 0.4814367 0.4814473 0.5216663 0.5271391 0.0143106 0.7082308 0.1517669 0.1360942 0.5230779 0.6491992 0.4755848 0.2887376 0.4987541 0.6735140 0.6901645 0.6349802 0.5176019 0.5738382 0.5744078 0.5815047 0.4056489 0.0955857 0.5674895 0.3240660 0.3527569 0.5740395 0.5417316 0.3344547 0.5084155 0.3767167 0.3323461 0.5573450 0.6049238 0.4493973 0.7184542 0.2432971 0.6257610 0.4774959 0.6208686 0.7452049 0.4240989 0.6258950 0.5891314 0.3927102 -0.1474922 -0.0711043 -0.2081783 -0.0720814 0.1315675 0.1724225 -0.1008501 0.1795701 0.1964015 0.3668009 0.1643828 0.2933553 -0.2530903 0.3167076 0.3179102 0.3868280 0.1378354 0.1628023 -0.1941229 0.1362086 0.3721473 0.0060026 -0.1419407 0.4577883 0.2099461 0.3139011 -0.1889332 0.4905411 -0.0482490 0.4283539 0.3454820 -0.1957840 -0.1492970 -0.1534790 -0.1344317 -0.1204631 -0.3457561 -0.1528560 0.2656098 -0.0338971 -0.1010071 0.0369500 -0.1181103 0.1427213 0.3209740 0.0196447 0.0707328 0.5045371 0.1228502 0.3145385 -0.0271565 0.2399276 0.0866448 0.2110048 0.1944369 0.3284128 0.6181148 0.4912566 0.3718281 0.3375848 0.5167772 0.3664718 0.3680437 0.4297277 -0.0804233 0.5625947 0.5407821 0.2555432 0.5558533 0.4954329 0.4884253 0.5058463 0.2796723 0.2723193 0.5263294 0.2019736 0.5455739 0.2568625 0.2459433 0.3172743 0.5579522 0.2251702 0.1610011 0.3587185 0.5994539 0.2519514 0.1779530 0.1450411 0.3427168 0.3179064 0.1635075 0.3463254 -0.1546640 -0.3207982 -0.6192584 -0.5408683 -0.3306107 -0.2125465 -0.2048099 -0.2268853 0.0015851 -0.0187299 0.0736830 -0.0122791 0.6194334 0.5613528 0.6981664 0.3377265 -0.0280649 0.3075566 0.3880742 0.0509353 0.3685363 0.4231069 0.2715414 0.2476552 -0.0114306 0.1168152 0.2593207 -0.0154550 -0.5235788 -0.5263706 -0.5272663 -0.0565236 0.1321082 0.4128908 -0.4765066 -0.0890536 -0.4248211 -0.3373877 -0.0185542 0.1564501 -0.2235156 -0.0729405 -0.1947335 -0.0423775 -0.0096365
0.6769481 0.6833936 0.3144703 0.3174934 -0.0750508 0.6100099 0.5649718 0.0482377 0.0000000 0.7082361 0.3954335 0.4002010 -0.2249169 0.7779129 0.5992184 0.2540682 0.5538711 0.7501664 -0.0812522 -0.4126990 0.1577244 -0.4612487 0.2782636 0.7416594 -0.1898474 -0.0528198 0.3813043 0.6059003 -0.0786263 0.3915184 -0.5441332 -0.2983022 0.6207986 0.1266209 -0.0448055 -0.3192190 -0.2718913 -0.3402363 0.1955614 0.1567040 -0.3048726 -0.3919822 0.0917867 0.3530783 -0.2996224 -0.2655217 -0.2031572 -0.3593963 0.5013004 -0.4135211 -0.2034529 0.0086122 0.0858362 0.2156458 -0.3668136 -0.3754481 -0.3369046 0.3817021 -0.3797193 -0.3269028 -0.3302499 -0.2956796 -0.4301890 0.2559043 0.2379816 -0.3699608 -0.3711995 -0.1773882 -0.4389588 0.1013352 -0.3339775 0.2258040 -0.2468142 0.0748136 -0.3457505 -0.0735738 -0.1898839 -0.3204131 -0.2074925 -0.4084123 -0.1796928 -0.0668183 0.0207562 0.2113220 0.0409331 0.0631748 -0.1706616 0.1557943 -0.0628434 -0.0991698 -0.1233564 -0.1605907 0.0575908 0.1922272 -0.3352953 -0.3525255 0.0006472 0.4301685 -0.3226076 -0.1503344 -0.0909403 0.1448157 -0.0952962 0.0273626 -0.1243650 -0.4375002 0.0371108 -0.1853437 -0.0811772 -0.0946415 -0.2846688 -0.0482398 -0.1695995 -0.2168631 -0.1162034 -0.2703613 -0.2005915 0.0544579 -0.2683717 0.3873846 -0.0037671 -0.1251028 -0.3149232 0.3405921 0.6169679 0.2106403 -0.2700388 -0.3340773 0.5332270 -0.0068787 0.3847792 -0.3697232 -0.0831762 -0.0746576 -0.4965405 -0.1592680 0.2978378 0.4906417 0.3409748 0.0500460 0.0220522 0.2659282 -0.5618194 0.0265185 0.3681780 -0.0331030 0.1636998 0.1758598 -0.3808249 -0.0385043 -0.0548144 0.1277190 0.1099036 -0.1232589 -0.2215062 0.0683656 -0.5138651 -0.0808188 -0.4826347 -0.2082532 -0.3596098 0.0056496 -0.2158080 -0.3527578 -0.2658851 -0.1416095 -0.2806165 -0.2458081 -0.3682867 -0.2522101 -0.3662281 -0.4148697 0.4027280 0.3548126 0.5156591 0.2907206 0.4062803 0.3233569 0.1925420 -0.0700103 -0.6346608 -0.6123168 -0.5633984 -0.6176713 -0.3654105 0.0612615 -0.2379794 -0.0138441 0.2379905 0.3851828 0.2449124 -0.1982656 0.5047773 -0.0906438 0.1806196 -0.0420026 -0.2337843 0.5920046 0.3247083 -0.0631689 0.0038114 0.1019273 -0.1979591 -0.2641823 0.0990689 0.1119843 0.1817005 0.2624881 -0.2780260 0.2210344 -0.4865377 0.0173895 0.1913401 -0.0078325 0.0379204 0.2331748 0.1746652 0.1968247
0.3559340 0.8125880 0.6127429 0.8085207 0.3884359 0.8793131 -0.0684115 0.5055962 0.7082361 0.0000000 0.7595197 -0.0790587 0.2332449 0.8263553 -0.0467845 0.5384925 0.8987285 0.3682724 0.0654822 -0.2851347 0.2157756 -0.3730239 0.5884768 0.7056602 -0.0361729 0.1306867 0.5386739 0.6218712 -0.0419175 0.6905646 -0.4419859 -0.2318725 0.7221554 0.4537743 0.2327485 -0.2422816 -0.0525535 -0.1851283 0.6244435 0.5385323 -0.0883014 -0.3655039 0.5339327 0.6662979 -0.3070146 -0.0820918 0.0099483 -0.1562425 0.8559415 -0.1792051 -0.0068339 0.4205745 0.4889244 0.6091168 -0.1363801 -0.1232313 -0.1194906 0.7790396 -0.0698721 -0.1550570 -0.1710802 -0.1871912 -0.0956811 0.7484967 0.5623718 -0.1767326 -0.2652245 -0.0783275 -0.1366005 0.5170345 -0.2031815 0.5854412 -0.1993188 0.5836219 -0.1098318 0.1975267 0.2556937 -0.0988957 0.1447642 0.0326266 0.0351099 -0.2467705 -0.1475361 -0.1961384 -0.3646940 -0.0310713 -0.2056247 -0.2922413 -0.2188617 -0.2519369 -0.1546683 -0.2603726 -0.0533750 -0.3709115 -0.2250874 -0.3564904 -0.0482669 0.3582437 -0.3374406 -0.4691650 -0.2711275 0.2197291 -0.0758318 -0.4355546 -0.1464155 -0.4399969 -0.0298312 -0.4222924 -0.0156159 -0.3343571 -0.2242042 -0.0825279 -0.4373737 -0.4288601 -0.3599539 -0.3855447 -0.3750799 -0.1898791 -0.4080629 0.3363115 -0.1936670 -0.3808955 -0.2864821 0.4075191 0.5000444 0.4085216 -0.3868749 -0.3217365 0.6615367 -0.1229872 0.4408299 -0.3902074 -0.1256114 -0.0956586 -0.3900907 -0.1297797 0.3491418 0.6906266 0.5304287 0.2785793 0.0048816 0.4140975 -0.4080968 0.4467151 0.5078533 -0.1876126 0.3270121 0.3553804 -0.3263180 0.0897988 0.0349758 0.5965530 0.2043267 -0.1572725 -0.2342491 0.4387895 -0.3458397 0.1357352 -0.3257518 -0.1004650 -0.2857257 0.0945816 -0.0118200 -0.1049949 -0.2122203 0.1714489 -0.2445098 -0.1918281 -0.2056478 -0.1924020 -0.1734959 -0.2480019 0.2552885 0.0654890 0.1351204 -0.3105507 -0.0370840 0.0927637 0.1382298 -0.1218351 -0.6847435 -0.6311340 -0.4802825 -0.5044813 -0.1357650 0.5873130 0.3396983 0.5880551 0.6389813 0.5735874 0.4010170 0.3317425 0.5898410 0.1792505 0.3775633 0.2615579 0.1358066 0.6567627 0.3882424 0.2727251 0.2744758 -0.1552220 -0.3076542 -0.3020805 0.0188875 0.0123438 0.3912618 0.1990655 0.0034986 0.0588047 -0.3856662 0.2224717 0.2562927 0.1494923 0.1229264 0.2584604 0.1057530 0.1531360
-0.0125253 0.4899415 0.4528343 0.8771011 0.5498992 0.7918912 -0.2611615 0.8141440 0.3954335 0.7595197 0.0000000 -0.3946418 0.5075951 0.3412405 -0.2087773 0.9119364 0.7915293 0.0357831 0.5336349 -0.3976123 -0.0861235 -0.1381798 0.8308224 0.2919915 0.3995367 0.6324678 0.2193592 0.0747944 -0.0906780 0.3278392 -0.3107289 0.1303659 0.2330653 0.6944685 0.6584893 -0.2891009 0.4317297 0.1489230 0.4675681 0.4793629 0.0830711 -0.2709475 0.6607270 0.2782143 -0.1075051 0.2945303 0.4562328 0.0603260 0.5059914 0.1747848 0.5148044 0.6171577 0.6495031 0.6101434 0.1519371 0.2602813 0.3273329 0.5974492 -0.1208275 0.3766664 0.0374069 0.2329048 0.1255325 0.6276904 0.4634930 0.2320513 0.1929772 0.3178106 0.1681675 0.6869717 0.2543985 0.7167821 0.1973083 0.5502364 0.1563523 0.5841118 0.4706915 0.2444349 0.4700693 0.2928393 0.2616827 -0.1755171 -0.1679733 -0.2074857 -0.1754365 0.0097806 -0.0514115 -0.1651309 -0.0628098 -0.0716738 0.1472686 -0.0124713 0.0868213 -0.2279581 -0.0335491 0.0354582 0.3125583 0.2054879 -0.1752458 -0.3718035 -0.1171071 0.2796626 -0.1217610 -0.2492058 0.2710664 -0.1598517 0.1552825 -0.3877238 0.2953023 -0.1942094 0.1220367 0.1015806 -0.4092127 -0.3152055 -0.2473557 -0.3535875 -0.2757446 -0.2764107 -0.3819836 0.3320517 -0.1643173 -0.3048091 -0.1720195 -0.0665066 0.3101579 0.2148623 -0.2043059 -0.1445714 0.5486103 -0.1097926 0.3077289 -0.2102955 0.0881894 -0.0708648 -0.0858397 0.0053570 0.3247549 0.6531955 0.4984441 0.2532692 0.2037444 0.4516041 0.0565018 0.3172963 0.4630638 -0.2777769 0.5245163 0.4995575 0.0424258 0.4065926 0.3409063 0.5028171 0.4479376 0.1179456 0.1535261 0.4705388 0.0205362 0.4109386 0.0426433 0.1738345 0.1389196 0.4211695 0.0911015 0.1316628 0.2383166 0.4945445 0.0340641 0.0808998 0.0812242 0.2220984 0.2107488 0.0841848 0.1995868 -0.2994328 -0.1514013 -0.5118990 -0.3788115 -0.1443337 -0.1821391 -0.3010401 -0.4981201 -0.3932426 -0.3543746 -0.3116289 -0.2095922 0.5720085 0.3976961 0.5344640 0.2931872 0.1105165 0.3320872 0.2401791 0.2707543 0.2909436 0.3199125 0.2024780 0.0560554 0.2687408 0.2214723 0.1167200 0.0862461 -0.3311389 -0.5996069 -0.5666906 -0.1228672 0.0474354 0.3805108 -0.2893221 -0.0857453 -0.1560127 -0.4878742 0.0097281 0.0822473 -0.1308681 -0.0655947 -0.0481702 -0.0681199 0.0443099
0.4047859 0.2591774 -0.1989172 -0.3529895 -0.6852246 0.0124084 0.6552303 -0.4954627 0.4002010 -0.0790587 -0.3946418 0.0000000 -0.5211999 0.1290577 0.4782197 -0.4226482 -0.3519363 0.3774502 -0.2967385 0.0374261 0.6527530 -0.0797828 -0.5722757 0.0811905 -0.3119506 -0.5174385 -0.0831624 0.1434949 0.5105433 -0.2358531 -0.0320943 -0.2212133 0.0483765 -0.1626866 -0.6394435 0.4874545 -0.5258195 -0.2115580 -0.3937017 -0.3262272 -0.1799354 0.4163853 -0.5585543 -0.1931104 0.3608823 -0.3333412 -0.3873191 -0.1825676 -0.1827682 -0.2999449 -0.4253696 -0.4871825 -0.1344197 -0.4163708 -0.2717174 -0.3227365 -0.3875367 -0.3686247 0.0234371 -0.4201236 0.1872795 -0.2809432 -0.2830888 -0.2893102 -0.0529925 -0.2860201 -0.1786955 -0.2606213 -0.2571142 -0.4237569 -0.1649880 -0.2483556 -0.1382568 -0.2669292 -0.1493483 -0.3505906 -0.3495849 -0.0995661 -0.2950198 -0.3173455 -0.0279968 -0.0953607 -0.0981752 -0.0368324 -0.0975078 -0.1314619 -0.1848524 -0.1018287 -0.1812941 -0.2089943 -0.2353164 -0.1473447 -0.1226279 0.0507904 -0.3314803 -0.2314235 -0.3285577 0.0500626 -0.2567626 0.2173606 -0.1181955 -0.2226912 0.0031510 0.2157992 -0.3076516 -0.1732494 -0.2848283 0.1606432 -0.3214391 0.0051803 -0.3140488 -0.1949357 0.1989346 0.0588739 0.0813606 0.0106734 0.0466540 0.3313528 0.1364083 0.0729641 0.1695247 0.1588379 -0.1897561 0.3086218 0.1489712 0.2025449 0.0315226 -0.2458270 -0.0117923 0.0412715 -0.1012815 -0.2178628 -0.0990428 0.1007659 -0.2986538 -0.1854955 -0.0716930 -0.2371467 -0.2740812 -0.0213201 -0.1530117 -0.1741008 -0.4403166 -0.2360234 -0.2087800 0.2591746 -0.3282177 -0.3351618 -0.3463713 -0.2643423 -0.2253731 -0.3388471 -0.2132001 -0.1388517 -0.2656856 -0.4056965 -0.4177397 -0.3389356 -0.3952438 -0.3778399 -0.2786194 -0.3112886 -0.1098959 -0.4554543 -0.2807020 -0.5628723 -0.2873026 -0.2962886 -0.4110007 -0.4369839 -0.4612909 -0.4046812 0.1179934 0.5497873 0.5584337 0.7864164 0.9024879 0.5790847 0.6118443 0.5006982 -0.0967549 0.1604645 0.2221137 0.1512590 0.1276410 -0.3423649 -0.4634700 -0.3466735 0.0619684 0.3362583 -0.0027165 -0.1303512 0.3826871 -0.1873711 0.1064456 0.0991115 -0.0581824 0.3633107 0.3045633 0.0248889 0.0018487 0.5773424 0.4520427 0.4335318 -0.0645021 0.2541236 0.2384627 0.5241088 -0.1552655 0.5418002 0.1685913 0.3634760 0.0418182 -0.0442513 0.2617403 0.2731313 0.3119785 0.1416159
-0.0825983 0.0986467 0.6333729 0.5899838 0.7985858 0.3415240 -0.3124005 0.8429119 -0.2249169 0.2332449 0.5075951 -0.5211999 0.0000000 -0.0111392 -0.3762423 0.4339004 0.2470982 -0.4268196 0.4303926 0.2590127 -0.2353348 0.5394886 0.4071103 -0.1223098 0.3649632 0.4081915 -0.0572852 -0.0709595 -0.0225823 0.2117301 0.4393774 0.2962336 -0.1493789 0.4407309 0.5317805 0.0118049 0.4695642 0.3994867 0.3828325 0.3504109 0.5197639 0.0851767 0.5362221 0.1714839 0.1111209 0.3619871 0.4784098 0.4475353 0.1610748 0.4187605 0.5028189 0.4539319 0.3618644 0.2533392 0.6456943 0.4716471 0.4365051 0.2652885 0.4164685 0.3973845 0.3098532 0.1183464 0.7384144 0.3629803 0.0024907 0.3396717 0.2156108 0.0492644 0.4937978 0.3415639 0.2589177 0.4824488 -0.0366172 0.4556443 0.3437886 0.3270464 0.6346273 0.1892183 0.3562356 0.5068121 0.1369658 0.0922594 0.1164669 -0.1581823 0.0264868 0.1856281 0.3645540 -0.0592813 0.3049667 0.3882022 0.4103758 0.2589072 0.2736927 -0.2201174 0.4563654 0.3384842 0.3423471 -0.0386144 0.3596473 0.0720186 0.3579934 0.3226434 0.0296917 -0.0348522 0.3767688 0.3223538 0.3358540 -0.2315851 0.4268028 -0.1184781 0.4768724 0.2893803 -0.1647630 -0.2454240 -0.3039822 -0.1473541 -0.2298180 -0.5008721 -0.1931829 0.0119493 -0.1512904 -0.1349582 0.2908418 0.0323939 0.0096413 0.4347115 0.0162735 0.3517216 0.4733771 0.2078221 0.2614012 0.2229704 0.1839709 0.2387955 0.4274869 0.3803723 0.2404529 0.4707644 0.3885274 0.2193494 0.4254529 0.2895285 0.4763078 0.4313566 0.4032748 0.0498400 0.3232743 0.3022786 0.3975151 0.3307196 0.3369742 0.4993158 0.2272598 0.3700953 0.0990196 0.4979649 0.2285492 0.4451392 0.3022399 0.0910453 0.2363672 0.3633000 0.2485581 0.0599217 0.2116013 0.5955887 0.3898705 0.2709263 0.1576678 0.2257192 0.3483125 0.2200219 0.3690567 0.0916712 -0.1791734 -0.5046249 -0.6208196 -0.4991855 -0.3433541 -0.2765454 -0.0460853 0.0472487 0.1815644 0.1853417 0.2877875 0.4183383 0.6591709 0.6602994 0.3376069 -0.1571605 0.1868385 0.3002301 -0.1724318 0.4238260 0.4872450 0.3527781 0.3970646 -0.2149041 -0.0886480 0.4034604 -0.0728148 -0.4548056 -0.3448502 -0.4232413 0.0426238 -0.0926362 0.3443148 -0.5305360 0.0822305 -0.5206645 -0.1317039 -0.1535808 0.1150215 -0.1520800 -0.2196290 -0.3392143 -0.1810641 -0.2227028
0.6467473 0.7225911 0.5893389 0.4282795 0.1271726 0.6352631 0.2517232 0.0823078 0.7779129 0.8263553 0.3412405 0.1290577 -0.0111392 0.0000000 0.2845204 0.0658210 0.7039942 0.6728232 -0.3635656 -0.1186519 0.1699408 -0.4049118 0.2550624 0.8696817 -0.4128705 -0.2780056 0.5751588 0.9065109 -0.1637541 0.7700818 -0.3744201 -0.4787515 0.8857995 0.0147315 -0.1370974 -0.3465345 -0.4271336 -0.4279831 0.5020760 0.3132754 -0.2502130 -0.5088118 0.2338008 0.7383599 -0.5377694 -0.3984270 -0.3811857 -0.3505477 0.8063354 -0.4580489 -0.4204651 0.0476667 0.0176643 0.3088662 -0.3175639 -0.4462807 -0.4802176 0.6380804 -0.1052105 -0.5344116 -0.4703648 -0.5463398 -0.2635529 0.4966443 0.2682140 -0.5193664 -0.6044390 -0.4547755 -0.4345096 0.1355530 -0.5806496 0.2046285 -0.5392986 0.2662857 -0.4110493 -0.2543160 -0.1224511 -0.4771663 -0.3003259 -0.3309148 -0.3204539 0.0213565 0.1228518 0.0325760 -0.2256457 0.0786411 -0.1073429 -0.1347820 -0.1217607 -0.1447722 -0.2293286 -0.2488773 -0.0574065 -0.2075881 -0.2176698 -0.4872220 -0.1701756 0.3969784 -0.2090068 -0.3292757 -0.1424493 0.2107348 0.0132208 -0.3733452 -0.3276025 -0.4483575 -0.0451961 -0.3745250 -0.1292620 -0.3922307 -0.3242333 -0.1187585 -0.3817909 -0.4843608 -0.4559434 -0.3993030 -0.4484697 -0.2215895 -0.4543292 0.2136324 -0.2340602 -0.3722418 -0.1066040 0.6543055 0.5750362 0.4519760 -0.3936264 -0.1699197 0.6479554 -0.0003665 0.5226097 -0.2232770 -0.1943316 -0.0417921 -0.4047637 -0.0449829 0.3278629 0.5819455 0.4795394 0.1517684 -0.0102258 0.2668046 -0.5768809 0.4235398 0.4921073 -0.0294382 0.0787944 0.1533529 -0.3666827 -0.1932283 -0.1859528 0.4773972 -0.0648062 -0.1870278 -0.4587720 0.2951988 -0.5061187 -0.1158864 -0.4717963 -0.2500745 -0.5015989 -0.1387298 -0.1399218 -0.2564437 -0.4731488 -0.1060373 -0.2327768 -0.1844047 -0.2794842 -0.3774526 -0.3087388 -0.3163095 0.2160109 0.3732895 0.4472595 0.0292559 0.1935650 0.2528045 0.1971594 -0.0577234 -0.5544382 -0.7210287 -0.5639602 -0.6477443 -0.1492929 0.2424824 0.0995426 0.3105096 0.5701787 0.5922021 0.3163844 0.1227014 0.5156143 0.1264528 0.3584069 0.2316469 0.1541012 0.6187333 0.2229283 0.3196898 0.2077839 0.0014271 -0.0642609 -0.1294851 0.2701769 -0.1610056 0.2447662 0.3794900 0.0398177 0.0937034 -0.2323001 0.1528049 0.2914697 0.3031954 0.1308383 0.3153572 0.1937581 0.1863128
0.5795402 -0.0040147 -0.0707202 -0.3743846 -0.4056075 -0.0518758 0.8866999 -0.3732438 0.5992184 -0.0467845 -0.2087773 0.4782197 -0.3762423 0.2845204 0.0000000 -0.2246619 -0.1818548 0.6487554 -0.1981091 -0.1210485 -0.2070105 -0.1721518 -0.1778462 0.3717207 -0.2207454 -0.2238308 -0.1861010 0.3072650 -0.1536004 -0.0947511 -0.1575729 -0.0869588 0.1597593 -0.3181392 -0.2381602 -0.3240936 -0.2764231 -0.2192228 -0.3229171 -0.3334497 -0.2237141 -0.2599695 -0.3581050 -0.1019386 -0.1766912 -0.2070915 -0.2596768 -0.2519159 -0.1710857 -0.2981371 -0.2270362 -0.4136453 -0.4775050 -0.3761891 -0.2211826 -0.3013537 -0.2928271 -0.2942029 -0.4267361 -0.2626663 -0.3494292 -0.3274904 -0.3498613 -0.4461927 -0.3725461 -0.3042808 -0.2731700 -0.3405759 -0.4064438 -0.4579617 -0.2954372 -0.2952635 -0.3121780 -0.4924505 -0.3587305 -0.4109627 -0.5013459 -0.4319372 -0.5349007 -0.6171562 -0.4124562 0.2938958 0.2591724 0.4762026 0.4308987 0.1640379 0.1404705 0.4864017 0.2580622 0.2572945 0.0863003 0.0428129 0.1119024 0.6027496 -0.0425824 -0.0533905 0.1166752 0.0982280 0.1285792 0.2557816 0.2479799 0.0145330 -0.0798555 0.4580693 0.0616473 -0.0227105 0.1267403 0.0115659 0.0396857 0.0932586 0.0200089 0.0520783 0.0334271 -0.0165866 0.0363630 -0.0934571 -0.0447021 0.1215742 -0.0997847 0.1034524 0.0304292 0.0686564 0.0802189 0.0261433 0.3122437 -0.1111360 -0.0346112 0.1296360 0.1167769 0.1805790 0.2095303 0.1739562 0.0171362 0.1431187 -0.0044168 0.1275726 0.1516473 0.1026276 0.0880482 -0.1643728 0.2941865 0.0372442 -0.1597798 -0.2275634 0.1045304 0.1842158 -0.0025125 0.0000908 0.0979534 -0.0796114 -0.0262475 -0.2504076 -0.0237571 0.2286188 -0.0175804 -0.1351388 -0.2043178 -0.1088564 -0.1824624 -0.0865345 -0.1158107 -0.0221808 -0.1350678 -0.2376917 -0.0947498 -0.2146980 0.1461673 0.1669280 -0.0795710 -0.0503547 -0.0614587 -0.0567274 0.3192593 0.5055674 0.5408128 0.6640736 0.4182070 0.2575655 -0.0166532 -0.0766602 -0.1306390 -0.2498393 -0.3070212 -0.3804552 -0.3641320 -0.5146478 -0.5597467 -0.5953683 -0.3205604 -0.1420055 -0.1065438 -0.6431525 -0.0318884 -0.2521286 -0.1313194 -0.3144138 -0.3444770 0.0080051 -0.1176392 -0.2969988 -0.2213616 0.1822220 0.0605155 -0.0839428 0.3578114 -0.0272231 -0.1531238 0.0622225 -0.2618086 0.0690974 -0.1650921 -0.2608797 0.2215843 0.0332899 -0.0728172 0.1111929 0.1636511 0.2136182
-0.1220422 0.3047622 0.2446237 0.7470020 0.5360220 0.6206480 -0.2454577 0.7941287 0.2540682 0.5384925 0.9119364 -0.4226482 0.4339004 0.0658210 -0.2246619 0.0000000 0.6300519 -0.1374267 0.7540660 -0.4090793 -0.1886286 -0.0192813 0.8819165 0.0281791 0.6586429 0.8426491 0.1755719 -0.1923679 -0.1485432 0.1843734 -0.2332394 0.4092842 -0.0533873 0.6752918 0.8217562 -0.2383227 0.6791323 0.3659805 0.4312794 0.5547770 0.2097209 -0.1617299 0.7287042 0.1144992 0.0654076 0.5178988 0.6446563 0.2299555 0.2698836 0.3571092 0.7225192 0.7694353 0.6541557 0.6818689 0.2596706 0.4410712 0.5632197 0.4657858 -0.2178409 0.6440961 0.1774349 0.5683358 0.1526655 0.4825582 0.3835052 0.4717754 0.4766655 0.6429454 0.3177159 0.7524945 0.5169706 0.7217107 0.5248270 0.4599877 0.3104787 0.7946752 0.5668796 0.4061489 0.6673611 0.4432828 0.4180927 -0.2776848 -0.2468499 -0.1462023 -0.0370708 -0.0501450 -0.1550752 -0.0157229 -0.0422632 -0.0339335 0.1517696 0.0002463 0.1462307 -0.0699837 -0.0232178 0.1571297 0.3350712 0.0952014 -0.1610454 -0.2858153 -0.0782381 0.1537515 -0.1473305 -0.0687478 0.3625518 -0.0771617 0.1790428 -0.1710966 0.3110248 0.0726109 0.1819919 0.1549470 -0.2029010 -0.0251279 0.0656083 -0.0679492 0.0286852 -0.0592743 -0.0894961 0.3413967 0.0284308 -0.0965132 -0.1774462 -0.3419305 0.1343811 -0.0302864 -0.0436083 -0.1372846 0.2922747 -0.0907236 0.1550262 -0.1825737 0.1727708 -0.0642040 -0.0144406 -0.0259119 0.2108710 0.4614634 0.3313981 0.2522918 0.1686650 0.4543092 0.2525766 0.1480924 0.2655341 -0.2732902 0.5405543 0.5019948 0.1478946 0.5754286 0.4913264 0.3596078 0.5505132 0.1650833 0.3745959 0.4294550 0.2551049 0.5267327 0.2480432 0.4125727 0.3625773 0.5558409 0.1637078 0.3250592 0.4570158 0.5889972 0.1255747 0.1374108 0.2207624 0.4366951 0.3260327 0.1884612 0.2457708 -0.4006277 -0.3066249 -0.5125503 -0.4350835 -0.1870379 -0.2761467 -0.3401237 -0.3788407 -0.1872534 -0.2377979 -0.1518148 -0.2555102 0.4910241 0.3305769 0.4130712 0.0734253 -0.0979719 0.2372418 0.1847066 0.1351236 0.2054749 0.1411755 0.0267378 -0.0996361 0.1027087 0.2356170 -0.0875222 0.0215779 -0.4175592 -0.6628818 -0.5873650 -0.2492161 0.2159942 0.2368501 -0.3921021 -0.1293700 -0.1559328 -0.5285415 -0.1022214 0.0766196 -0.1859177 -0.1007146 -0.0452656 0.0315222 0.1459171
0.2145815 0.6525602 0.5349410 0.7714153 0.4523612 0.7070952 -0.2747101 0.5105860 0.5538711 0.8987285 0.7915293 -0.3519363 0.2470982 0.7039942 -0.1818548 0.6300519 0.0000000 0.3496508 0.0796362 -0.3373749 0.0291141 -0.4256425 0.7560720 0.6402162 -0.0042788 0.3019979 0.6991982 0.4728795 -0.2561542 0.7390962 -0.5151269 -0.2370157 0.6474327 0.4592892 0.4116740 -0.4494770 0.0681744 -0.2091248 0.7119997 0.5789036 -0.1901672 -0.5441810 0.6539544 0.6603450 -0.4793920 -0.0815321 0.0292843 -0.2426821 0.8319257 -0.2034431 0.0506203 0.5248081 0.4732843 0.7272675 -0.1897598 -0.1573737 -0.0868610 0.8772329 -0.1756054 -0.0649963 -0.3212205 -0.0809724 -0.1439173 0.7949280 0.5628615 -0.1785778 -0.2410148 0.0589123 -0.1824794 0.6521167 -0.2044343 0.6154666 -0.1105672 0.5741762 -0.1642944 0.3112255 0.2540607 -0.1039428 0.2117153 0.0794166 0.0617298 -0.1339958 -0.1124584 -0.1276250 -0.2788500 -0.0432213 -0.2676002 -0.1909379 -0.2346689 -0.2904151 -0.1306238 -0.1565638 0.0498855 -0.2885887 -0.2025803 -0.3119045 0.0602785 0.4064736 -0.3164400 -0.5416736 -0.2785925 0.2587188 -0.0670996 -0.4727430 -0.0739379 -0.4679984 0.0451913 -0.4063469 0.0597387 -0.3162514 -0.2153433 -0.0532006 -0.4648377 -0.4034561 -0.3341660 -0.3549536 -0.3479907 -0.1825269 -0.3963796 0.3520573 -0.2533744 -0.4300569 -0.1684898 0.2906573 0.4395512 0.3167950 -0.3361551 -0.2178604 0.5786199 -0.1779355 0.3736193 -0.3034306 -0.0317100 -0.2040052 -0.3075188 -0.0599852 0.2690761 0.6279577 0.4498365 0.2454808 -0.0017562 0.3909570 -0.2830245 0.4075967 0.4606508 -0.2503964 0.3026063 0.3286192 -0.2590272 0.1335401 0.1122777 0.6035800 0.2374517 -0.1257826 -0.1175742 0.4196671 -0.2206714 0.1932596 -0.2489520 0.1235245 -0.1826882 0.1896602 -0.0781654 0.0944190 -0.0967765 0.2797199 -0.1755681 -0.1409403 -0.0872740 0.0086378 -0.0958848 -0.1712106 0.1317700 -0.1564644 -0.0189817 -0.5085334 -0.2735626 0.0034614 -0.0517889 -0.2563865 -0.6101200 -0.6963738 -0.6361424 -0.6249509 -0.2543704 0.6052972 0.3939700 0.5607931 0.5147229 0.4371487 0.4599398 0.3476659 0.4609345 0.2906052 0.3553798 0.2538730 0.1041048 0.5709328 0.3594058 0.2352568 0.2359586 -0.2295573 -0.3891317 -0.4048894 -0.0600560 -0.0511410 0.2680487 0.0827384 0.0519499 0.0332663 -0.4357711 0.0876641 0.0702909 0.1569405 0.0495428 0.1302788 0.0773432 0.1266122
