0.0000000 0.4379690 0.6223236 -0.1197221 0.5166335 0.0357102 0.4993817 -0.2022821 -0.1326214 -0.2424233 -0.5741481 0.3579934 0.1158101 0.1513230 0.1717926 -0.7164428 -0.0907306 0.1379130 -0.4003324 -0.1753316 0.2377197 0.3051426 -0.7088144 0.1966016 0.2745095 -0.0896618 -0.0551740 0.1254037 0.1451358 -0.0170475 0.0737759 0.2209434 0.2476725 0.1103379 -0.0972432 0.2684591 0.1352846 0.1455039 -0.1443104 -0.3761841 0.2411776 0.1129529 -0.4210653 -0.2288416 -0.3222120 -0.1246135 -0.0393726 0.1930525 -0.0757072 -0.0100479 -0.1137953 -0.4609838 -0.1615345 -0.4573257 0.2320571 -0.1630244 -0.0130201 -0.6273930 -0.1334241 -0.1577233 -0.1606989 -0.4027246 0.2968622 -0.4088060 -0.1656368 0.0110210 -0.1360963 -0.3947409 -0.0610373 -0.3374037 -0.1425539 -0.0527344 -0.3306215 0.0221013 -0.1591948 -0.2072115 0.1885257 -0.2387985 -0.0692891 0.3384949 0.1403430 -0.0877737 -0.1542795 -0.0677021 -0.1745490 -0.1180603 -0.0551004 -0.2142861 -0.0470488 -0.1774222 -0.1687813 -0.3418431 -0.0378777 -0.0780583 -0.1118320 -0.0895209 -0.1787257 -0.4065357 -0.2693354 -0.2282968 -0.1741530 -0.0081658 -0.1117743 -0.1327156 -0.2184170 0.0508943 0.2892796 0.0073127 0.2209522 0.1939059 0.0456601 0.0455097 -0.1179932 -0.0150365 -0.1764224 -0.2546768 -0.1265795 0.2174595 -0.2063956 0.2793034 0.2705458 -0.3029273 0.2192591 -0.1075281 0.3598367 0.2996056 0.1287795 0.0115940 0.3832979 0.2572951 0.3867524 0.4399746 0.2736406 0.1752739 0.3191947 -0.2423236 0.4300476 0.4422554 0.6838905 0.3126401 0.0723511 0.4374660 0.5151428 0.2121110 0.4014189 -0.1959146 0.4724089 0.5483511 0.5865821 0.2531493 -0.0809152 0.3312785 0.3232521 0.2107771 -0.1034125 0.1315278 0.1953380 0.3015434 0.4341386 -0.0927378 0.0610750 0.0202560 0.0815888 -0.2335529 0.2533813 0.1636450 -0.0504289 0.4986807 0.2844800 -0.1126338 0.1122739 0.3286798 0.7926522 0.6399855 0.4663555 0.4114605 0.4388679 0.4625861 0.3073553 0.1613634 0.0973744 0.4223224 0.1279615 0.1367238 0.4329982 0.4138786 0.5399366 0.5130785 0.3882334 0.2998282 0.1413304 0.3981246 0.5459804 0.4200975 0.3510603 0.3412521 0.4926932 0.2057947 0.2528053 0.3223114 0.0758235 -0.2095041 -0.1603840 0.0229602 0.1606500 0.3499875 0.2692598 0.3860362 0.1224773 0.0079266 -0.0667660 0.0088406 0.4021917 0.2080667 -0.0941598 0.5801352 0.2289624 0.0940609
0.4379690 0.0000000 0.3566712 0.4965125 -0.0400555 0.2835218 0.6968081 0.0822993 0.3497007 0.2550629 -0.2331732 0.7439595 -0.1095761 0.5571809 0.5977468 -0.6638444 0.3631501 0.1659139 -0.3611157 -0.5995453 0.7975196 0.0015791 -0.3878401 0.6800960 -0.1249988 -0.5019711 0.1143917 0.5979662 0.8274016 0.2581938 -0.3014476 -0.3690420 0.7873818 0.8064903 -0.5050629 0.8038541 -0.4479713 -0.1965511 -0.1191100 0.1084441 -0.2739103 0.7384778 -0.2750191 0.3533981 0.3037165 -0.1553306 -0.3778612 -0.2620753 0.7428290 -0.4255858 -0.2377268 -0.3620226 0.5941250 -0.0940959 -0.4095628 -0.6055464 -0.4309172 -0.2476879 -0.1180081 -0.1979666 0.0475245 -0.1121451 -0.3400940 -0.1327712 0.3572654 -0.3556678 0.0017573 -0.1607563 -0.3494981 -0.1701074 0.1014178 0.1859698 0.0476690 -0.2387829 -0.1461910 0.3267054 0.6254044 0.3416400 0.6090928 0.8048111 0.4206357 -0.5733413 -0.3894265 -0.2469006 -0.4011132 -0.2982270 -0.0066193 -0.4327374 -0.0373158 -0.5876999 -0.0914788 -0.5354373 -0.4363240 -0.0923050 0.0394027 -0.1567984 -0.7099641 -0.3509886 -0.2680182 -0.7335039 -0.3575559 -0.2217584 -0.1147335 -0.3829910 -0.1972159 0.1782138 -0.3167268 0.2568255 0.1742076 -0.1644752 0.3043771 -0.6066738 0.2254468 0.1325094 -0.3933846 0.0378103 -0.2582528 -0.1539326 -0.0850766 0.2257412 0.3899682 0.2431595 0.1322533 0.0843304 0.1310781 0.2880832 0.6551260 -0.0048357 0.3744103 0.6709011 0.5571949 0.2992586 0.7198382 0.4079844 -0.2291761 -0.3025281 0.5815090 0.4377338 0.5656305 0.4672418 0.1671608 0.3265691 -0.0646025 -0.0016716 0.4166610 0.0960254 0.2060825 0.1942354 0.5432396 0.1688156 0.0975457 -0.0442867 0.0618923 0.2955463 0.1879157 -0.1839844 0.0697676 0.1608737 0.3850435 -0.4267041 0.3519730 -0.0655493 -0.1198366 -0.2807254 0.3577891 -0.2484240 -0.0392616 0.5008505 0.4155357 0.1118704 0.4340334 0.5131115 0.5537345 0.3795247 0.9584232 0.8583633 0.7382427 0.2992352 0.7100295 0.5072298 -0.1016320 0.2767177 0.4739544 -0.2768253 -0.1299065 -0.0051558 -0.0857321 -0.2257944 0.5713041 0.7555949 -0.0491021 0.6589473 0.7416999 -0.1130661 0.2747004 0.2631455 0.7145376 0.6042131 0.8201837 0.4532218 -0.3035710 -0.5822935 0.0202160 0.3919605 -0.1015778 0.5001407 0.2834593 0.4835439 -0.2978802 0.0445195 0.2384545 0.5043090 -0.1096315 0.7471069 0.5485733 -0.0359425 0.2294506 0.0392062
0.6223236 0.3566712 0.0000000 0.1546542 0.7104998 0.1575458 0.3607634 0.2680657 -0.0399825 -0.1296669 -0.4570387 0.2468053 0.5430018 -0.1229056 0.1678478 -0.3128772 -0.1257632 -0.0599000 0.1268692 -0.0355589 0.2087138 0.6591748 -0.4276042 -0.0815455 0.4389260 -0.0875267 -0.2303123 -0.2668843 0.1299818 -0.4532979 0.4804281 0.3144647 -0.0045575 -0.0157177 -0.2413999 0.2335606 0.1625068 0.4597526 -0.4263221 -0.6187622 0.4079930 0.1929514 -0.3478559 -0.4242556 0.0324636 0.2020828 0.0099493 0.3967766 -0.1662126 0.0698217 -0.1494886 -0.4860067 -0.0477291 -0.4315844 0.4043663 0.0683320 0.0469024 -0.4117702 0.1591662 -0.1167404 0.0909314 -0.4029362 0.3545666 -0.4030092 -0.1395555 0.0592237 -0.1176165 -0.4127194 -0.0124735 -0.2762304 -0.0824999 -0.0138559 -0.1744034 -0.0139245 -0.0813043 0.0899045 0.2370075 -0.2111349 0.0242556 0.1739706 0.1680068 -0.2012933 0.0019436 0.0095676 -0.3946480 0.0738040 -0.0480867 -0.3144407 0.1336063 -0.2154204 -0.1692072 -0.2534737 0.0481232 -0.2490981 0.2589409 -0.1245319 -0.2853292 -0.2153508 0.1612989 -0.3022480 -0.1535119 0.1447284 0.0246718 -0.2606763 -0.0811726 0.3231559 0.4015497 0.3976961 0.3289191 0.4215772 0.2279716 -0.0206931 0.0610708 0.3067720 -0.1581261 0.0726830 0.1945275 0.2985277 0.1433081 0.1072701 0.1054509 0.1135766 0.1204098 -0.0467520 0.3616560 0.1939798 0.2286723 -0.2300050 0.2665510 0.2071388 0.2497879 0.2627730 0.2919750 0.2140116 0.3257511 -0.2015068 0.2604972 0.2896100 0.3411107 0.2345408 0.0253226 0.3062393 0.2860773 0.2668874 0.2886328 -0.0665739 0.2651764 0.3847718 0.3315856 -0.0023117 -0.1239643 0.2001423 0.1398689 0.1899537 0.0694473 0.2389896 0.1759661 0.2679969 0.2810471 0.0715332 0.1872496 0.0582087 0.1569310 -0.0549193 0.1958445 0.1693754 0.0158358 0.2177376 0.2275298 -0.0324485 0.1873524 0.2007619 0.3610008 0.2311618 0.3541307 0.2002354 0.2495383 0.1518171 0.3431420 0.3842417 0.1856401 0.4815751 0.2428000 0.2977000 0.5609371 0.3398622 0.5456885 0.4488837 0.3145862 0.2773813 0.1530069 0.2693306 0.3465035 0.2397702 0.2523956 0.1867037 0.3278459 0.1337201 0.2000241 0.2603075 0.1487022 0.0720745 -0.0814457 0.1567800 0.4392680 0.4585853 0.2753728 0.2675238 0.0209071 0.2010018 0.0132534 0.0000214 0.5462684 0.2298849 -0.0720315 0.5263832 0.2676219 0.1098323
-0.1197221 0.4965125 0.1546542 0.0000000 -0.2405833 0.5021989 -0.0829830 0.1477282 0.8609839 0.4505474 0.2286165 0.1804085 -0.2222387 0.5030950 0.3894003 -0.0829482 0.5212408 0.3915353 0.1990331 -0.4006225 0.5662063 0.0163280 0.0853578 0.4007185 -0.2429823 -0.3857450 0.2096822 0.4181569 0.6677034 0.2177107 -0.0643166 -0.4377316 0.5015027 0.6390726 -0.3994693 0.5551581 -0.4641762 -0.2606012 -0.0493574 0.3384300 -0.1809474 0.7397928 -0.1020129 0.5789074 0.7410755 0.1411742 -0.2003841 -0.3831179 0.6394199 -0.6751568 -0.0102400 -0.1173171 0.6268535 0.2843391 -0.4509871 -0.3618939 -0.3784026 0.2898601 0.2634083 -0.0324011 0.1630162 0.1743688 -0.4537302 0.0919320 0.1630361 -0.4841512 0.1548168 0.0839038 -0.5004140 0.2218905 -0.0639081 0.0383771 0.2671129 -0.2136213 -0.3288787 0.5548387 0.5466296 -0.0128844 0.4621079 0.4439003 0.0165339 -0.2428689 -0.0332236 -0.1354331 -0.3808093 -0.3683412 0.2482355 -0.1300079 0.1002425 -0.0382225 0.1850930 0.1677831 0.0982540 0.1813076 0.3907916 0.1817913 -0.1773482 0.2456664 0.0563010 -0.3929027 -0.1676029 -0.2581826 -0.1577165 -0.0961555 0.2744698 0.4983789 -0.3093995 0.1103416 0.2175807 0.1151896 0.5368755 -0.1049766 0.2426563 0.1570610 -0.4503257 0.1676186 -0.0505494 -0.1231903 0.2981768 0.1894545 0.2266096 0.3974041 0.2653024 0.2438816 0.1207123 0.3443533 0.4245991 0.1635679 0.3225882 0.4100676 0.1690797 -0.2594024 0.4395770 0.5108976 -0.4662864 -0.1232935 0.2957555 0.3168903 0.0725372 0.4342188 0.3522940 0.2333756 -0.3521549 0.2017851 0.2683860 0.3519479 0.1868391 0.0492758 0.2455910 0.3059215 0.4136109 0.1625870 0.1499937 0.4928418 0.2244062 0.2423883 0.5385969 0.3467266 0.5455950 0.2101610 0.4909188 0.2801461 0.2570335 0.5696463 0.5551932 0.0042750 0.1152856 0.3856172 0.6562763 0.6396309 0.5020814 0.5830135 0.1479341 -0.3923061 0.3550176 0.4769495 0.4695863 0.1061718 0.6279253 0.7002807 0.3923474 0.2282081 0.5697548 -0.0487543 -0.1765664 -0.3116652 -0.3881006 -0.4723871 0.4009050 0.5580076 -0.1355729 0.4031003 0.2598989 -0.0850354 0.1743589 0.0246632 0.2727778 0.0895305 0.5565887 0.4584701 0.0509409 -0.0892857 0.3706949 0.5970629 -0.0169756 0.6122327 0.5374464 -0.2224305 -0.0898017 0.4699996 0.6674198 0.4172468 0.1223863 0.6153173 0.4659732 -0.5214324 0.0740781 0.1814210
0.5166335 -0.0400555 0.7104998 -0.2405833 0.0000000 -0.2200012 0.1089336 0.2570321 -0.4496797 -0.4241099 -0.4758903 -0.0167705 0.5053193 -0.3629840 -0.0331137 -0.2552962 -0.3490635 -0.1563675 0.0954249 0.3950373 -0.0712724 0.6257156 -0.5899741 -0.1495590 0.6601477 0.3337469 -0.2179973 -0.4359334 -0.1579991 -0.6327011 0.6307509 0.5788345 -0.2408828 -0.2572693 0.0284931 0.0352762 0.5271595 0.4792572 -0.4373326 -0.6354955 0.4324995 -0.0121241 -0.3757093 -0.5617566 -0.0948126 0.2849995 0.3414735 0.5021387 -0.4516022 0.2060086 -0.0484896 -0.4071410 -0.1961038 -0.4186160 0.6968525 0.3611232 0.3720079 -0.4033948 0.2039790 0.0140876 0.1656044 -0.3788140 0.5865017 -0.4590017 -0.2304253 0.3097058 -0.0617248 -0.4801055 0.2582654 -0.2786887 -0.1334870 0.0273598 -0.2266885 0.3653382 0.0294551 0.0317488 0.1508988 -0.2916218 -0.0393929 0.0913804 0.2751615 -0.0100393 -0.1129145 -0.1937280 -0.3526212 0.0045471 -0.1063518 -0.3432942 -0.1340574 -0.2268448 -0.3336920 -0.1722019 0.2428023 -0.3093664 -0.0886038 -0.0913204 -0.0349508 -0.3263420 0.0235209 -0.1178038 -0.1070023 0.1894094 -0.0920486 -0.0975130 -0.2742870 -0.0097728 0.3181904 0.3071212 -0.1038775 0.6120144 -0.1924405 0.1989733 0.0570951 0.3245402 0.0991400 0.0619113 0.2743265 0.4670620 0.1961743 0.1844370 0.1624631 0.1346936 0.2058963 -0.0230793 0.4848271 0.1471552 0.1229196 -0.0849111 0.2315555 0.0733119 0.2447542 0.2827920 0.1082986 0.1324898 0.4091870 0.0104485 0.1474693 0.2033219 0.2063767 0.1126836 0.1627099 0.2950268 0.3208270 0.4560543 0.2658210 0.0895242 0.2261120 0.3442106 0.0411222 0.0328469 -0.3524086 0.3879783 0.2144791 0.2382284 -0.0323018 0.4217656 0.0860886 0.3250314 -0.0175322 0.2788238 -0.0219026 0.1899684 0.3807149 0.0124359 0.0963075 0.4547719 0.2444169 -0.0631167 -0.0594775 -0.0544937 -0.0524964 -0.1685829 0.3124691 0.4309197 0.0703558 -0.0231618 0.0168940 0.3146888 0.1143420 0.2287383 0.2338508 0.6030100 0.1472159 0.4629185 0.7217467 0.5940778 0.7902347 0.8065895 0.3599459 0.0897310 0.3511367 0.2679321 0.3338940 0.5521164 0.3915991 0.4458016 0.1864691 0.0242195 -0.0201877 0.1327120 0.1622313 0.1153232 -0.1170787 -0.0983187 0.4476690 0.1920486 0.1889607 0.0828168 -0.0033704 0.0671417 -0.1715892 -0.0828823 0.5290862 -0.0496360 -0.1357541 0.6028067 0.0527666 -0.0121799
0.0357102 0.2835218 0.1575458 0.5021989 -0.2200012 0.0000000 0.2854287 0.2219194 0.3836641 0.4024806 0.3109183 -0.1974061 -0.1721907 0.0370476 -0.1490298 0.0811222 0.1170696 -0.2815362 0.1588053 -0.1342886 -0.1342068 0.1334419 0.0791895 -0.1295930 -0.0169465 0.0391577 0.2147393 -0.0214548 0.0027480 0.2924904 0.1800712 -0.0281791 -0.0386946 0.1660764 0.2931195 -0.1117070 0.0375010 0.0234795 0.2994530 0.2904119 0.2792777 0.0399246 0.2963656 0.2060686 0.2085455 0.1568043 0.1628910 0.0809437 0.2917439 -0.2028126 0.4244136 0.2956271 0.0733405 0.4825150 -0.2617324 -0.1114643 0.1025841 0.4975715 0.0166291 0.4224295 -0.0370928 0.3222384 -0.0578791 0.3812337 0.0513522 0.1295532 0.4369821 0.4407027 -0.1127216 0.3743546 0.2654144 -0.0339027 0.4939724 -0.2515456 -0.0501737 0.2388160 -0.1796781 -0.0435763 0.1907086 -0.0755755 -0.0761852 -0.3228915 -0.3704283 -0.4711157 -0.0107564 -0.3032662 0.3041707 -0.2913726 0.5677233 -0.0802693 0.4143291 -0.1108464 -0.2459787 -0.0247099 0.3204704 0.1336954 -0.1868496 0.2731744 0.0905008 -0.3072863 -0.3674305 0.0888205 -0.3934020 -0.0014423 -0.1016316 0.4033738 0.1170516 -0.0952506 0.1806799 0.0089495 0.2904935 -0.0416790 0.0327443 0.1534640 -0.4065622 -0.4817201 -0.0925263 -0.7019523 -0.2977720 -0.3779425 -0.3376470 0.2451980 -0.2729597 -0.3788043 -0.4453406 -0.2179611 -0.1677313 -0.4953414 -0.2899021 -0.3570621 -0.4725223 -0.2477123 -0.1411870 -0.2717552 -0.0978881 -0.6375032 -0.2962144 -0.2443855 -0.1105000 -0.1451155 -0.2501891 -0.2808918 -0.1759162 -0.3983232 -0.3388433 -0.3861847 -0.2620403 -0.2522999 0.0945726 -0.2991553 0.0410425 -0.2120982 -0.4217486 -0.2649218 -0.2339521 -0.1784369 0.1083570 -0.2312532 0.2232945 -0.1276848 -0.1413357 -0.1732484 -0.3632663 0.1759124 -0.0824338 -0.3021470 -0.4684503 0.0604758 0.5047874 0.2439776 -0.1320643 0.2495863 0.1061791 -0.3201864 0.0495188 -0.0402852 -0.2044858 -0.3024193 -0.0945983 -0.0396849 -0.1121282 -0.0571585 -0.0591260 -0.2258639 -0.0598911 -0.0745055 -0.2717931 -0.2242629 -0.1949881 -0.0553509 -0.4770161 -0.2211496 -0.0616211 -0.3187011 -0.3632999 -0.2880823 -0.0952493 0.3078608 0.0778484 -0.2094884 -0.1736706 0.0065015 -0.2818579 -0.1157533 -0.0922291 0.0228420 -0.0179684 -0.1437886 -0.1417624 0.0598192 -0.0383910 -0.2236907 -0.0177015 -0.0668902 -0.1552968 -0.1171383 -0.0764223 0.0005499
0.4993817 0.6968081 0.3607634 -0.0829830 0.1089336 0.2854287 0.0000000 0.2113497 -0.1292226 0.2518267 -0.1778384 0.6481787 0.0901360 0.1475893 0.3706005 -0.4110110 0.0181786 -0.3014968 -0.2469473 -0.3139037 0.2645394 0.1155366 -0.3311363 0.3037612 0.2093417 -0.1246644 0.0682915 0.1593954 0.2794564 0.0861520 -0.1175590 0.0715603 0.3108307 0.3912872 0.0008233 0.2936158 -0.0369040 0.1804307 -0.0109318 -0.0768175 0.0577999 0.1911591 -0.0364658 -0.0306210 -0.0709410 -0.0809362 -0.0492801 0.2586756 0.3503824 0.1916074 -0.0326869 -0.1515941 0.1518159 -0.1046255 -0.0420544 -0.3105558 -0.0402847 -0.1985871 -0.1322036 0.0261139 0.0213823 -0.1086168 -0.0376755 -0.0872493 0.1465067 0.1892566 0.0555014 0.0134035 0.1035470 -0.1983370 0.3085433 0.0921685 0.0776032 -0.2696952 0.2079035 -0.0361058 0.0160189 0.3617428 0.2065722 0.2839277 0.2382398 -0.6175374 -0.5232382 -0.3239367 -0.1634670 -0.0351231 -0.0636798 -0.4970425 0.1438889 -0.6514295 -0.1808379 -0.7851678 -0.5289637 -0.2424729 -0.1102975 -0.4350631 -0.6240915 -0.3360758 -0.2798715 -0.5251962 -0.4861386 -0.0223927 0.0191522 -0.2612851 -0.6066421 -0.1147460 0.0590957 0.3635234 -0.0587372 -0.2366187 -0.0981547 -0.4326124 0.2669854 0.2188508 -0.0068484 -0.1024881 -0.0102529 -0.2449740 -0.2186018 -0.0037192 0.1729895 0.2394263 -0.2747969 -0.1132152 -0.1107408 -0.1452869 0.3269683 -0.4679267 -0.0679179 0.1361648 0.1102806 0.3456071 0.2120799 -0.1147541 0.1786617 -0.3867357 0.1024474 -0.0516621 0.2260814 -0.0622906 -0.2880661 -0.0539232 -0.0579823 -0.3492017 -0.1089354 -0.1505296 -0.2356824 -0.1369757 0.2111596 -0.2957643 -0.2709612 -0.2920988 -0.2687340 -0.2042239 -0.0367225 -0.3921302 -0.4315909 -0.2475902 -0.1079543 -0.6205198 -0.0523252 -0.3572096 -0.3581021 -0.6645636 -0.1087342 -0.2059822 -0.0954715 0.0331758 -0.0325360 -0.1927083 -0.0099431 0.0468665 0.4457867 0.6051591 0.7024610 0.4030406 0.2054960 0.0172943 0.1666444 0.0204700 -0.3823364 0.0950327 0.0437662 -0.3253777 0.0804414 0.1560743 0.1615427 0.0038411 0.0351538 0.2035318 0.0351439 0.1341092 0.3925599 -0.1769494 -0.0144387 0.0882039 0.3773065 0.5722912 0.2415357 -0.0645025 -0.5404643 -0.5288524 -0.3800835 -0.1095191 0.0732431 -0.0060816 -0.1906767 0.7050543 -0.3202383 -0.4114614 -0.3061214 0.0957912 -0.1498929 0.1501260 0.0935159 0.4033449 0.1438472 -0.1203523
-0.2022821 0.0822993 0.2680657 0.1477282 0.2570321 0.2219194 0.2113497 0.0000000 -0.0664085 0.3626518 0.3504148 0.1175899 0.6350178 -0.4270279 -0.0357771 0.2853276 -0.1001448 -0.5299897 0.6220517 0.2465926 -0.1045007 0.4941505 0.0592250 -0.0531921 0.5457492 0.2973049 0.0313239 -0.5472374 -0.0685989 -0.4554904 0.5496785 0.4596034 -0.3292397 -0.0239654 0.0268950 0.0782438 0.3658106 0.6132330 -0.0783101 -0.0364917 0.4845860 0.2303963 0.3720330 -0.3604986 0.3586685 0.5877550 0.2688344 0.5132699 0.0034335 0.2010231 0.2971492 0.2513556 0.1211951 0.3270456 0.3077086 0.3002469 0.3816309 0.4384217 0.6953022 0.5368579 0.7723081 0.2345694 0.3695943 0.3433786 0.2073917 0.4409395 0.4113930 0.2854341 0.3302593 0.4529038 0.4324054 0.4477288 0.4534005 0.2644713 0.4451885 0.5725653 0.0785354 0.3184920 0.4017585 -0.0236026 0.0990697 -0.2924434 -0.1241563 -0.1997318 -0.4581684 0.4021589 0.1355953 -0.4990555 0.2790955 -0.5154908 -0.1425546 -0.3837713 -0.2100565 -0.3288410 0.1842093 0.0899971 -0.2149273 -0.0418333 0.1477219 -0.2574865 -0.3288004 0.2126447 0.2959249 -0.0430413 -0.3138392 0.2636806 -0.0192709 0.3713366 -0.2678326 -0.1795358 -0.2612770 -0.2621070 0.3165604 0.1880136 -0.0417778 0.0531166 -0.0580420 -0.0986470 0.1250114 -0.3440223 -0.2551752 0.4601816 -0.4189454 -0.0172980 -0.1102003 -0.2636130 0.2569159 -0.5913492 -0.3140206 -0.1494153 -0.2304227 -0.1384047 -0.0657606 -0.2266177 -0.1604799 -0.4431205 -0.4425358 -0.3733974 -0.4466564 -0.4879345 -0.3836176 -0.4993358 -0.3060433 -0.3230304 -0.3355288 -0.0219288 -0.4655832 -0.3990336 -0.4652547 -0.2821382 -0.5115556 -0.2367031 -0.5276713 -0.2875368 -0.2761944 -0.1214441 -0.3304245 -0.2395305 -0.3937403 -0.2318180 -0.2924096 -0.4697982 -0.0537691 0.0038749 -0.3801851 -0.0912636 0.0276735 -0.5209498 -0.1817284 -0.1410244 -0.2194281 -0.3168328 -0.0429323 -0.1984413 0.0903205 -0.0576542 -0.2522229 -0.5769653 -0.0462215 0.2513420 -0.1346534 0.4629190 0.4804533 0.2854795 0.4180461 0.3498191 0.2471696 -0.0333050 -0.0910829 -0.0548900 -0.0958133 -0.1263158 0.0044082 -0.2097561 -0.1444195 -0.1977739 -0.2456404 0.2321662 -0.0525793 -0.3124943 -0.5164228 -0.1193927 -0.2324915 -0.1994645 0.2401762 -0.2393955 -0.1326190 -0.1457337 -0.4264379 -0.2231811 -0.1533219 -0.1488370 0.0779659 -0.1045828 -0.0774263 0.0877971 -0.4856107 -0.3277608
-0.1326214 0.3497007 -0.0399825 0.8609839 -0.4496797 0.3836641 -0.1292226 -0.0664085 0.0000000 0.5466461 0.3527831 0.1833412 -0.3390378 0.5968089 0.5395111 0.0408132 0.5556634 0.6123597 0.1431677 -0.3619608 0.4346885 -0.0773454 0.2263159 0.3816016 -0.2323906 -0.3603492 0.2778041 0.4666898 0.5342179 0.2969170 -0.1668352 -0.3628299 0.4286436 0.5171724 -0.2382506 0.3874847 -0.4207981 -0.2251603 0.0376319 0.4031371 -0.1946029 0.5777025 -0.0644637 0.6098879 0.6024396 0.1388235 -0.1481662 -0.3625322 0.5405159 -0.5791442 0.0921963 -0.0009366 0.4560616 0.3529258 -0.4089122 -0.2642975 -0.2772406 0.3135202 0.1861805 -0.0085093 0.0824140 0.3321890 -0.4412890 0.0828540 0.0057446 -0.3855635 0.2175854 0.2559181 -0.3661271 0.2621764 0.0620101 -0.1653198 0.2917153 -0.3499907 -0.1741614 0.3459834 0.3015932 0.0789934 0.2286963 0.2700839 -0.0995406 -0.0820799 0.1462316 0.0664644 -0.1892898 -0.2391667 0.4556686 0.1017942 0.2146530 0.1710275 0.3012440 0.3166957 0.2052082 0.3948928 0.5536931 0.1742916 -0.0159549 0.3005418 0.1008141 -0.2458527 -0.0765211 -0.2258836 -0.0629423 -0.0015462 0.3341371 0.5364759 -0.2597312 -0.0629511 0.1634960 -0.0190873 0.4360902 0.1068651 0.0661738 -0.1704723 -0.3543933 0.0866440 0.0395230 -0.0470173 0.3189333 0.2291473 0.2993148 0.2984589 0.2720932 0.1639469 -0.0068444 0.3346738 0.3642094 0.2881441 0.2751595 0.2892597 0.0797275 -0.3154515 0.2574035 0.3908305 -0.4925560 -0.0182178 0.1914994 0.2408493 -0.0014804 0.3216281 0.1788934 0.1953845 -0.3512051 0.1033466 0.0630589 0.3731418 0.0544397 -0.1029758 0.0668728 0.3711735 0.5847920 0.0810992 0.1901148 0.3606905 0.1888686 0.2046243 0.4344496 0.1692951 0.4646933 0.3327097 0.3450940 0.3721249 0.2841894 0.5590580 0.4490004 0.0129043 0.1398207 0.2575831 0.4413628 0.6751171 0.3402759 0.4520344 0.1793757 -0.3202021 0.2113029 0.3308884 0.4071173 0.0440081 0.4591581 0.5076653 0.3370521 0.0115751 0.4199859 -0.1125880 -0.3661278 -0.3929609 -0.4634830 -0.5000103 0.1653297 0.3337022 -0.1235425 0.2407445 0.0498806 -0.0284753 0.1217693 -0.0997881 0.1044009 -0.1606434 0.3165238 0.3560076 0.1076736 0.0171404 0.4106074 0.6253933 0.0903215 0.5120568 0.4043474 -0.2387043 0.1777857 0.4208365 0.6761526 0.3817813 0.0529626 0.4237910 0.3065045 -0.4829621 0.1883517 0.3396442
-0.2424233 0.2550629 -0.1296669 0.4505474 -0.4241099 0.4024806 0.2518267 0.3626518 0.5466461 0.0000000 0.6277735 0.3336268 -0.0930969 0.3913904 0.2818545 0.3323076 0.4809942 0.0017086 0.4535700 -0.4161355 0.1248151 -0.0232233 0.3067850 0.3466317 0.0923378 0.0906696 0.3342106 0.1757867 0.2017703 0.2953122 -0.1323180 -0.0300933 0.2003989 0.4488066 0.1643741 0.1085013 -0.1869553 0.1353610 0.4920095 0.5870208 -0.0366836 0.2947749 0.4362696 0.4595224 0.4624659 0.4218235 0.1330534 0.0414556 0.4689383 -0.0924260 0.4493393 0.4966334 0.3477256 0.6691190 -0.1556926 -0.0110269 -0.0493487 0.5471262 0.4007565 0.4073735 0.3508641 0.5684959 -0.2542253 0.2695385 -0.0071394 -0.0098268 0.3874599 0.5980573 -0.0775321 0.4495903 0.2670225 -0.0251449 0.5223476 -0.2451247 0.1086996 0.2941239 -0.0666536 0.2526638 0.2082603 0.0083201 -0.2962779 -0.0771643 0.0038992 0.0416515 -0.0000356 0.1940056 0.4620493 0.1357866 0.4043790 -0.0277242 0.4051771 -0.0037706 0.0589351 0.2997219 0.3426444 -0.0787955 -0.1049104 0.2962662 0.0394695 -0.0273126 -0.1818186 0.0693236 0.2427265 0.2976674 0.0115152 0.2778879 -0.1602317 0.1384552 0.0026279 -0.2308199 0.1072662 0.0314622 0.5111928 0.0613242 -0.0973403 0.1620754 0.1314643 -0.3088349 0.2749432 0.1519159 0.2032880 0.4628370 -0.1849789 0.1626363 -0.1274464 0.0338087 0.2887713 -0.1699164 0.0092547 -0.1130073 -0.2972786 -0.1809773 -0.1952079 -0.0431884 -0.1459306 -0.1861378 -0.2395695 -0.1771850 -0.4209932 -0.2554625 -0.2986198 -0.2864883 -0.5381995 -0.2861089 -0.2991154 0.2433931 -0.3205046 -0.4799151 -0.2184859 0.1370957 0.1035479 -0.0342648 -0.3352175 -0.1016043 -0.2445353 0.0502197 -0.1345991 -0.1034920 -0.0680412 -0.0840625 -0.0241054 -0.1301649 0.1142298 0.0657258 -0.0629207 0.0315600 0.0425595 -0.2022311 -0.0182104 0.2103979 -0.0008297 0.0749154 0.1555738 -0.0941720 0.2179784 0.1431175 0.0451500 -0.2672581 0.0880825 0.2292139 0.1351904 -0.0086769 0.3164603 -0.1053900 -0.1483227 -0.2041879 -0.3723817 -0.5591568 -0.2709069 0.0126256 0.0845374 -0.1082450 -0.1021341 -0.1139185 -0.0044009 -0.1417078 -0.0757716 0.0809196 -0.0163280 -0.0882622 -0.3696220 -0.2817020 0.0022088 0.1141791 -0.0613647 0.0087178 0.0538867 0.0079838 -0.3068883 -0.2456680 0.1259893 -0.0777555 -0.2107234 0.0349953 0.0991448 -0.2284536 -0.2161823 0.0277557
-0.5741481 -0.2331732 -0.4570387 0.2286165 -0.4758903 0.3109183 -0.1778384 0.3504148 0.3527831 0.6277735 0.0000000 -0.1997577 -0.0780579 0.1314311 -0.0469821 0.7165007 0.4918929 -0.0677037 0.4202060 0.1734591 -0.3369489 -0.2330476 0.6820290 0.1095681 0.0851222 0.4725185 0.5357891 -0.0910631 -0.1588850 0.2706265 -0.0427424 0.1080685 -0.2118010 0.0516716 0.4929264 -0.2635689 0.1924813 0.0627236 0.6005574 0.6569281 -0.0090018 -0.0562568 0.7980514 0.2790685 0.2799686 0.5234077 0.4467005 -0.0186025 0.1171929 -0.0770940 0.7101851 0.8017279 0.0687470 0.8331102 -0.0978089 0.2478698 0.3320092 0.8061299 0.2832588 0.6984138 0.3827676 0.8627375 -0.0789718 0.6844082 0.1288763 0.3388896 0.6956407 0.9030330 0.3089858 0.7843154 0.5566158 0.2330929 0.8213920 0.1808992 0.4472295 0.4544021 -0.2649708 0.4005771 0.2152762 -0.3397460 -0.1295310 0.1439765 0.1120212 -0.0643013 0.2912141 0.2827671 0.5926129 0.2553716 0.6096438 0.2138112 0.5741824 0.1662135 0.0585824 0.3846691 0.3686562 0.3970819 0.2565068 0.5324507 0.2985675 0.2311378 0.0615795 0.2899417 0.1273349 0.4964777 0.0812934 0.3365961 -0.1930663 -0.2778660 -0.1113750 -0.2730279 -0.0142944 0.0594456 0.0655580 -0.2698548 0.1406373 -0.1567914 -0.0594483 -0.4055580 0.0295176 -0.3429456 -0.2468084 0.2351196 -0.4074005 0.0369967 -0.5156592 -0.2842643 -0.0196308 -0.2412716 -0.5001758 -0.4232569 -0.5772618 -0.1531162 -0.4397090 -0.4401650 -0.1686975 -0.1673764 -0.6641857 -0.6240005 -0.7131427 -0.6182408 -0.4388254 -0.7352109 -0.4933408 -0.5280904 -0.6309904 0.0135236 -0.6026183 -0.7923628 -0.6243179 -0.1561833 -0.0817523 -0.3116674 -0.5393119 -0.4236807 -0.5040234 -0.2545816 -0.2351915 -0.4619217 -0.4291927 -0.0427492 -0.4668948 -0.2337920 -0.1219196 0.2484924 -0.3902563 -0.2180898 -0.1400466 -0.5437538 -0.2546793 0.1548226 -0.4868369 -0.3564733 -0.1597896 -0.4177036 -0.3109262 -0.3210303 -0.4193404 -0.4856122 -0.4060405 -0.2062692 -0.0567901 -0.2397638 -0.0059072 -0.1773087 -0.3245618 -0.0201105 -0.3711524 -0.3379168 -0.4920550 -0.4549568 -0.2633901 -0.4717894 -0.5467342 -0.2762693 -0.4220081 -0.4346622 -0.6375290 -0.3639916 -0.3777296 -0.4876240 -0.4280811 -0.1874604 -0.1450723 -0.2143714 -0.1492408 -0.4180620 -0.3397716 -0.2927129 -0.1645072 -0.3655524 -0.1206898 -0.3751299 -0.4432419 -0.4226927 -0.3385929 -0.2382602 -0.4005235 -0.0240323
0.3579934 0.7439595 0.2468053 0.1804085 -0.0167705 -0.1974061 0.6481787 0.1175899 0.1833412 0.3336268 -0.1997577 0.0000000 0.1055019 0.4518829 0.6915607 -0.4818082 0.2787037 0.2057472 -0.2239620 -0.5209975 0.7473675 0.0062699 -0.3072077 0.7181929 -0.0131605 -0.4909686 0.0587723 0.4778999 0.7045189 0.0860230 -0.3708717 -0.2133165 0.6960822 0.7114670 -0.5547977 0.7455805 -0.4378963 -0.0112089 -0.1915847 0.0288061 -0.2239585 0.6441694 -0.2793099 0.2341432 0.2915217 -0.1671920 -0.4472071 -0.0336291 0.6019111 -0.0541092 -0.3982318 -0.4067051 0.5567966 -0.2449907 -0.1521704 -0.5200141 -0.4612543 -0.3133320 0.0753040 -0.3320774 0.2512965 -0.2597730 -0.3392995 -0.2128411 0.2740881 -0.3060877 -0.2449874 -0.2319629 -0.2174742 -0.2768558 -0.0244042 0.2601770 -0.1910415 -0.1507454 0.0050434 0.1027880 0.4914927 0.3366621 0.3212074 0.6033450 0.1025175 -0.4755199 -0.2018327 0.0287197 -0.3618715 0.1068671 -0.1829522 -0.2460123 -0.2644263 -0.5139727 -0.3751667 -0.4373744 -0.1886704 -0.0836748 -0.1951378 -0.4167661 -0.3920050 -0.3374501 -0.4372717 -0.4091695 -0.2976361 -0.2454894 0.4198467 -0.2566702 -0.2812594 -0.1758826 -0.1288840 0.5263577 -0.0678460 -0.2828413 -0.0535367 -0.3819728 0.4183006 0.1514682 0.1399836 0.4698247 -0.0147827 0.2953302 0.2616493 0.4495195 0.5859680 0.2134853 0.1441427 0.4519039 0.3876439 0.1739020 0.6168732 0.0762330 0.3426277 0.6552369 0.5590788 0.3354067 0.4969972 0.4712565 -0.0734617 0.0807835 0.4854535 0.3820929 0.2698797 0.2401584 0.1150215 0.2813984 -0.1386023 0.0251996 0.3538530 0.3533507 0.0877972 0.0630679 0.2805241 0.1703717 -0.0993945 0.0018698 0.2181063 0.2902044 0.2040453 -0.1107681 -0.2011079 0.1265562 0.0546456 -0.4105802 0.3848351 -0.0722045 0.0909361 -0.4134060 0.2896430 0.0685759 0.4113917 0.2545548 -0.0472007 0.0004020 0.4522259 0.2272335 0.4234213 0.5280625 0.8451741 0.7601712 0.6918424 0.2456931 0.6213545 0.5054792 -0.0294177 0.3287373 0.5237854 -0.0606621 0.0481751 -0.0158681 0.1103728 -0.2434455 0.3952131 0.5772770 0.3881065 0.5184680 0.5517752 0.0427606 0.3622588 0.2484743 0.5589527 0.3195709 0.4796478 0.3484018 -0.3994895 -0.6011484 0.1434262 0.3813253 0.0817677 0.3300322 0.1325428 0.5432609 -0.2923980 -0.1375278 0.1818385 0.4320856 -0.0443347 0.6126917 0.5588646 0.0252149 0.1068168 -0.1809266
0.1158101 -0.1095761 0.5430018 -0.2222387 0.5053193 -0.1721907 0.0901360 0.6350178 -0.3390378 -0.0930969 -0.0780579 0.1055019 0.0000000 -0.5636994 -0.0441259 0.1805074 -0.3647583 -0.4052723 0.4478677 0.2774625 -0.1767314 0.7472854 -0.1542025 -0.2822842 0.5834082 0.2300390 -0.3552911 -0.6503990 -0.2666122 -0.6586022 0.6644975 0.6216445 -0.4337034 -0.3436038 -0.1342075 -0.0786240 0.5022019 0.7906939 -0.3455062 -0.5878357 0.5749437 -0.1063333 0.0136598 -0.7895645 0.0822166 0.4926360 0.1864823 0.6616981 -0.4217883 0.4189598 0.0388585 -0.1256230 -0.1019288 -0.2631544 0.7066369 0.5187420 0.3963454 -0.0248335 0.4646569 0.2273782 0.6582088 -0.1467681 0.5984585 0.1862197 0.2331175 0.3860810 0.1163507 -0.0890718 0.4596812 0.2204334 0.2049427 0.4906177 0.0372227 0.4212048 0.4539365 0.3279958 0.0669970 0.1385665 0.0989181 -0.1471495 0.1487556 0.1012421 0.3014298 0.2105059 -0.1451394 0.6703779 -0.0477035 -0.1257987 0.2323419 -0.1229104 -0.2405015 -0.1393726 -0.1447150 -0.3655765 0.0818084 0.0395010 -0.0108739 -0.3912706 0.0999647 -0.0007865 0.0787604 0.4770752 0.5146993 0.0341933 -0.1757039 0.2034711 0.4848501 0.4233307 -0.0046116 0.0028971 -0.2546673 -0.1449390 -0.0498974 0.1412086 0.1816240 0.1425403 0.0907474 0.3643283 0.0201290 -0.2086229 -0.1285879 0.0698915 -0.0310440 -0.1166327 0.1343717 -0.2849689 0.0532976 -0.2657444 -0.2387774 -0.0237804 0.0739159 0.2172214 -0.0321539 -0.1745400 0.2377263 -0.0678723 -0.2202411 -0.1297592 -0.1443054 -0.3849886 -0.3507803 -0.1974744 0.2166753 -0.1378753 -0.0669537 -0.1222322 -0.1918799 -0.0800628 -0.2833627 -0.2345627 -0.3360103 -0.1091541 -0.0573844 -0.2904062 -0.2410860 -0.0649905 -0.3899140 -0.2004788 -0.3487074 -0.1148254 -0.2380000 -0.2407171 -0.0850910 -0.1965180 -0.3541228 0.0496774 0.0105233 -0.4019589 -0.3493137 -0.3341808 -0.1952493 -0.4084585 -0.0561913 0.0271271 -0.0492392 -0.2425921 -0.2193980 -0.4123065 -0.1324900 0.0848997 -0.2076626 0.4288370 0.2347144 0.5824271 0.6064923 0.5653151 0.6198639 0.3633909 -0.0544668 -0.1906590 0.1704228 -0.1125342 -0.0367582 0.0119337 -0.0828755 -0.1923304 -0.2459244 -0.0985153 -0.2124950 -0.3308803 -0.1915520 0.1689605 -0.0756917 -0.0215086 0.3405681 -0.1076499 -0.2938090 0.0135433 -0.2318996 0.0241869 -0.1770935 -0.3088484 0.3058592 -0.1501452 -0.2178369 0.5233880 -0.1869143 -0.3614339
0.1513230 0.5571809 -0.1229056 0.5030950 -0.3629840 0.0370476 0.1475893 -0.4270279 0.5968089 0.3913904 0.1314311 0.4518829 -0.5636994 0.0000000 0.5492115 -0.3306967 0.8475716 0.6689761 -0.2964324 -0.5852271 0.6228266 -0.5074871 0.0587179 0.7907310 -0.3999788 -0.2787652 0.4926141 0.8746818 0.6939298 0.7048647 -0.6676072 -0.5817830 0.8107041 0.7578560 -0.2217983 0.5348136 -0.5654055 -0.5705828 0.3634121 0.5607685 -0.6338358 0.5226708 -0.0557731 0.7787098 0.2229072 -0.0924527 -0.2146212 -0.6253275 0.5926689 -0.5945908 0.0163874 -0.0336719 0.4484034 0.1484421 -0.5213803 -0.4383145 -0.4799714 -0.1319534 -0.1733518 -0.1761910 -0.2188607 0.2547414 -0.5329346 -0.1232185 0.0691948 -0.5062129 0.0474837 0.1188412 -0.3933335 -0.0033349 -0.0404138 -0.1251344 0.1420133 -0.2234442 -0.2829888 0.1643607 0.4303185 0.1827879 0.3337617 0.5280782 0.1501812 -0.0033684 0.0614861 0.0947764 0.1141600 -0.3174505 0.3111661 0.3129138 0.0079194 0.1306188 0.3272842 0.0494810 0.1277079 0.6105740 0.1713830 0.0490175 -0.1476514 0.0513022 -0.0434143 -0.0771523 0.1860758 -0.2933378 -0.1445613 0.2148564 0.3079663 0.1922221 -0.4867781 -0.1931076 0.3527356 -0.0482692 0.5014370 -0.1508255 0.1607748 -0.1495789 -0.2135941 0.1732395 -0.0918556 -0.0375676 0.1594662 0.4535192 0.5435471 0.0375478 0.3274987 0.4005106 0.1010197 0.5182391 0.5228798 0.4890766 0.4817090 0.5391492 0.4034129 0.1925533 0.4121954 0.4546185 -0.1807520 0.1409068 0.4873564 0.4131080 0.3515835 0.4824856 0.2460510 0.3318835 -0.1797526 0.2021515 0.3819945 0.4011154 0.3748103 0.1467988 0.4130711 0.5923406 0.4903599 0.2802615 0.2886556 0.4570381 0.1464835 0.0833827 0.3332046 0.3790122 0.4063572 -0.0251347 0.4265720 0.2915221 0.2020095 0.0703541 0.5818646 -0.0330079 0.0749620 0.5228869 0.3723993 0.4115743 0.4268196 0.5681941 0.4784177 0.2324702 0.5528901 0.6203888 0.6618680 0.5082034 0.5436830 0.3625987 0.3471197 -0.1177211 0.2671043 -0.3612118 -0.4953366 -0.2679323 -0.4330829 -0.3563369 0.3262865 0.4727238 0.0701266 0.4619815 0.3189340 0.0677660 0.2911081 0.2095926 0.4566481 0.0288932 0.4974151 0.5292436 0.0759887 -0.4272037 0.4035467 0.5330166 -0.2785926 0.4652701 0.3982072 0.3451520 0.0876638 0.0748167 0.4826415 0.3850666 -0.2198495 0.5469113 0.3989548 -0.2003929 0.3525407 0.4459474
0.1717926 0.5977468 0.1678478 0.3894003 -0.0331137 -0.1490298 0.3706005 -0.0357771 0.5395111 0.2818545 -0.0469821 0.6915607 -0.0441259 0.5492115 0.0000000 -0.2413685 0.3367655 0.5852323 -0.1067796 -0.3060352 0.6284827 0.0946534 -0.1387708 0.5917692 0.1313988 -0.3661248 0.0429638 0.5375873 0.6668057 -0.0132619 -0.1602568 -0.1125590 0.5940009 0.5924076 -0.4112718 0.5916221 -0.2598506 0.0442222 -0.3589367 -0.0079330 -0.2407443 0.6139561 -0.4356073 0.3452992 0.4896022 0.0813607 -0.1289417 -0.0876387 0.5069599 -0.1792623 -0.2156925 -0.4004441 0.5287789 -0.1139892 -0.0721778 -0.2409344 -0.1554884 -0.1281129 0.0780149 -0.2639696 0.1925310 0.0217871 -0.3312295 -0.2277328 0.1132406 -0.1580110 0.0601764 -0.0691690 0.0399929 -0.1219937 0.2242644 -0.0254901 0.0702270 -0.2787887 0.2124677 0.2586854 0.4318011 0.4806878 0.3030852 0.5213843 0.3435897 -0.2786102 0.0118606 0.0065533 -0.2995326 -0.1042404 0.2698181 -0.1326241 -0.0544268 -0.3028306 -0.1848752 -0.1426588 -0.0840799 0.0733453 0.2226670 -0.2523762 -0.3446167 -0.3002187 -0.2158551 -0.5545537 -0.2149062 -0.1140079 0.1750568 -0.2503089 -0.2396619 0.1323227 -0.1967210 0.3504719 -0.2099328 -0.0640388 0.0156996 -0.1971323 0.2207965 0.0147353 0.0050106 0.3391188 0.1980500 0.3129556 0.3307089 0.4409254 0.6740964 0.4489877 0.3759336 0.2378161 0.1936552 0.2207856 0.6685247 0.3161720 0.3253536 0.6386340 0.5403227 0.2204049 0.4926326 0.4267462 -0.1787680 0.2853177 0.4556919 0.3085022 0.2188485 0.3526124 0.2199980 0.3673983 -0.1361581 0.1389274 0.1982538 0.6366990 -0.0280132 -0.1020486 0.0274841 0.2720782 0.3970794 -0.0621578 0.3354459 0.3876248 0.2964149 0.0641904 -0.0112313 0.0830650 0.1366040 0.1192838 0.3500511 0.4329276 0.2905743 0.0128597 0.3876778 0.1278271 0.4371598 0.0725681 -0.0169908 0.4889385 0.3314151 0.1290223 0.3880188 0.4412309 0.6121525 0.5228585 0.5824326 0.2740135 0.5527975 0.4895045 -0.0137052 0.1121649 0.3887672 -0.1654959 -0.2240435 -0.1156941 0.0117994 -0.1242638 0.3689505 0.4392222 0.2562672 0.5078599 0.4045054 0.1132293 0.3243797 0.2014619 0.3635524 -0.0103687 0.3948595 0.3083999 -0.1856490 -0.2812962 0.3400234 0.6708240 0.3806554 0.4851715 0.1210053 0.3831736 0.0262537 0.2105291 0.4720221 0.6659175 0.0219841 0.5236411 0.4944238 0.0295820 0.5051999 0.2537999
-0.7164428 -0.6638444 -0.3128772 -0.0829482 -0.2552962 0.0811222 -0.4110110 0.2853276 0.0408132 0.3323076 0.7165007 -0.4818082 0.1805074 -0.3306967 -0.2413685 0.0000000 -0.0120574 -0.2017717 0.6570406 0.3380978 -0.6368477 0.0298822 0.7580757 -0.4712856 0.2172117 0.4720797 0.0098895 -0.4703848 -0.5539820 -0.1676190 0.2477153 0.3131007 -0.6092462 -0.4519526 0.4866694 -0.6653285 0.3170823 0.3495154 0.2628691 0.1658204 0.1979399 -0.4755812 0.5792060 -0.0697084 0.1444916 0.4668186 0.4584585 0.2618275 -0.3157528 0.3895449 0.4662434 0.6318509 -0.2258523 0.5104853 0.2258103 0.5277379 0.4298008 0.6820621 0.2859884 0.4314904 0.2343096 0.5235105 0.0568544 0.4470763 -0.1472087 0.4263890 0.3651340 0.6183501 0.4598570 0.4985338 0.3372284 -0.0302523 0.4840724 0.0465397 0.4577479 0.1109341 -0.5739314 0.1531615 -0.2650395 -0.7486533 -0.3382907 0.3625194 0.3818374 0.1912379 0.3651355 0.4456796 0.3523740 0.4006835 0.4610724 0.3937022 0.3723026 0.3782938 0.1510655 0.0977526 0.3102129 0.1421708 0.3884308 0.5316893 0.3882115 0.4173966 0.1545550 0.4519652 0.3001453 0.3535188 0.0603195 0.1101369 0.2000845 -0.0558517 -0.1879084 -0.0533772 -0.1471320 0.2849677 0.0961402 0.0025457 0.3341714 0.0530049 0.2796580 -0.1875200 0.1319009 -0.3497783 -0.3880792 0.1979719 -0.3750351 -0.0595266 -0.4146615 -0.4626296 -0.3970811 -0.2741344 -0.5706828 -0.6410714 -0.7156734 -0.2137066 -0.6953598 -0.5422205 0.1763043 0.1881754 -0.7392832 -0.7216942 -0.8585123 -0.6559100 -0.3609591 -0.6614908 -0.2565476 -0.3835893 -0.6832140 0.0457444 -0.5985506 -0.6841340 -0.7232260 -0.3406560 -0.0073981 -0.3458164 -0.4513059 -0.4719673 -0.3411095 -0.0495596 -0.2571694 -0.4495444 -0.5029125 0.2430939 -0.3947486 -0.0598606 -0.0271447 0.2658477 -0.5021578 0.0071153 -0.0569860 -0.7314476 -0.4678565 0.0375198 -0.4868748 -0.5632879 -0.5877979 -0.5192612 -0.7155312 -0.7546623 -0.7321270 -0.5974103 -0.6560357 -0.4005281 -0.1086097 -0.4312249 -0.3592087 -0.0174270 -0.1294856 -0.1614259 -0.1829599 -0.1558624 -0.7185577 -0.7196985 -0.0834508 -0.7314156 -0.8140617 -0.2377046 -0.4816693 -0.4791767 -0.8143324 -0.5541049 -0.7178563 -0.6405141 -0.1521838 0.2691469 -0.1393237 -0.2739635 0.1368494 -0.4684918 -0.4659838 -0.3091231 -0.0369308 -0.1944939 -0.2083847 -0.4223844 -0.1694467 -0.6505995 -0.4692437 -0.0793184 -0.1815911 -0.0053787
-0.0907306 0.3631501 -0.1257632 0.5212408 -0.3490635 0.1170696 0.0181786 -0.1001448 0.5556634 0.4809942 0.4918929 0.2787037 -0.3647583 0.8475716 0.3367655 -0.0120574 0.0000000 0.4761381 -0.0391085 -0.3281116 0.3926758 -0.5246806 0.3704316 0.6961820 -0.3049195 -0.0182536 0.7527104 0.5675277 0.5215199 0.6458352 -0.5342720 -0.4488620 0.5293951 0.6125580 -0.0490233 0.3900472 -0.3824308 -0.4512540 0.5313168 0.6746106 -0.5037524 0.4478314 0.3694247 0.6508214 0.2567485 0.1558199 -0.0425229 -0.5077357 0.4446370 -0.5617394 0.2656242 0.2694874 0.3598776 0.3889192 -0.4285753 -0.2419346 -0.2917989 0.1477103 0.0409329 0.1546770 0.0222591 0.5021355 -0.3614259 0.1653102 0.1677278 -0.2803301 0.2730469 0.3988019 -0.2183816 0.2980797 0.1579650 0.0909857 0.4371457 0.0307651 -0.0984117 0.3931283 0.3444245 0.2648477 0.4258579 0.3069310 0.1290171 -0.0060605 0.1358125 0.0986844 0.1281858 -0.0625228 0.4222687 0.3098264 0.2684570 0.1740514 0.4615992 0.0550245 0.2120134 0.6785615 0.3389024 0.2512392 -0.0101437 0.3053562 0.2481520 0.1093756 0.2663716 -0.1898899 -0.0424614 0.3984988 0.4049161 0.3794201 -0.4960047 -0.2382245 0.4099813 -0.0845991 0.4929867 -0.1598750 0.1378599 -0.2298501 -0.0965743 0.1475302 -0.1054602 -0.0958321 0.2316372 0.1521784 0.2645935 0.0931274 0.0363416 0.4732396 -0.1022818 0.3871031 0.5050001 0.2461887 0.1952593 0.3064315 0.1198631 0.1248691 0.2357183 0.2569625 -0.1975408 -0.0082673 0.1089644 0.1118824 -0.0037916 0.1544465 -0.0124042 -0.0616307 -0.3584389 0.0231153 0.1151658 0.2741240 0.1289587 -0.1143915 0.1121393 0.4032975 0.2252082 0.1841463 -0.0050548 0.2170614 -0.0196689 -0.0427247 0.1976570 0.2105961 0.1166241 -0.1119785 0.1979140 0.0386587 0.1169083 0.1320635 0.3573340 -0.1492772 -0.0013842 0.2443129 0.2320787 0.3179276 0.1923744 0.3525133 0.2906516 -0.0704168 0.3525170 0.3933634 0.3775632 0.2163335 0.3325952 0.2920104 0.3828333 -0.0828702 0.3171854 -0.2674146 -0.4240977 -0.1128590 -0.4181718 -0.3507354 0.1246741 0.2351448 -0.0625037 0.1966583 0.0448326 -0.0759865 0.0791632 -0.0079309 0.1432382 -0.1096244 0.2787724 0.3231837 -0.0234459 -0.4151839 0.3197412 0.3413231 -0.2659126 0.2442126 0.2744973 0.1999792 0.0588336 -0.1100029 0.3346577 0.1034067 -0.2851183 0.3164443 0.1414163 -0.2049415 0.0840547 0.3858063
