0.0000000 0.3120095 0.1049811 0.0407446 -0.0788614 -0.0407905 -0.3010685 -0.0082395 -0.2305472 -0.0693065 -0.1988878 -0.5063866 0.1597228 -0.4040864 -0.0135399 0.3726442 -0.2066560 0.2582015 0.0253356 0.0799709 -0.3037838 0.1860751 0.0739822 -0.4811274 0.1360160 -0.1695982 0.0817968 -0.3887821 -0.2789477 -0.1376965 0.0330066 0.0727808 -0.5724017 -0.4821247 -0.0235918 -0.1645655 -0.1601008 0.0865333 0.1294674 0.0358330 0.0638232 -0.0671385 0.0542972 -0.1705152 -0.3551789 0.1158475 -0.0729005 0.0375512 -0.0826925 -0.1547448 -0.1235471 0.0515262 -0.2059884 0.1041986 -0.1919339 -0.1061478 -0.2135820 0.0961575 0.1366192 -0.1179078 -0.0473130 -0.1808436 0.0497396 -0.0300130 0.1012758 -0.1251445 -0.1809593 0.0244175 -0.0393283 -0.1496603 -0.0125140 -0.3309219 -0.0901867 -0.2503295 0.0053964 -0.2038514 -0.2359691 -0.1630907 -0.1368347 0.0599825 -0.2042527 -0.2387924 -0.0785751 -0.2422685 -0.3581922 0.3093652 0.1210067 -0.5167040 -0.4261602 -0.3627683 -0.1452274 0.5948898 0.5918088 -0.5506283 -0.0269997 0.7656903 0.4759524 0.6654286 -0.1401198 -0.5611359 -0.2188146 0.6504360 0.3522871 -0.3671909 0.4956653 0.5821915 0.7511408 0.3127219 -0.0093199 0.6167159 -0.2829733 0.4655213 0.6438165 0.6240567 0.7331765 0.7386288 0.7296827 0.9137089 0.7255792 0.4799927 0.7252030 0.6256351 0.3628606 0.5197656 0.3224570 -0.0660696 0.6264018 0.2706708 -0.0525998 0.0796609 0.3750590 0.2887448 0.4345687 0.1703051 -0.1550050 0.4707962 0.2294461 0.0831759 0.0575309 0.1281967 0.0412866 0.3014717 -0.0662170 0.1099279 0.2437386 0.4805612 0.0960142 0.0165621 0.0020746 0.2002156 0.1961589 0.4451103 0.1587960 0.0827105 0.1612504 0.0897710 -0.0475379 0.4419050 0.2324301 0.0290583 0.3695182 0.4810358 0.2372809 -0.0842947 0.4337417 0.3789386 0.4328146 0.0297014 -0.2413378 0.2349295 0.2128653 0.0795108 0.1441721 0.1889971 0.0219435 0.1263711 0.0751688 0.1363823 -0.0175629 0.1062128 0.2819047 0.3537453 0.3374760 0.2905367 0.0968436 -0.1533927 -0.1902250 0.0507993 -0.2289398 -0.3481109 0.1653306 -0.3827360 -0.1847165 0.0767453 -0.1157901 -0.2249848 0.0089660 -0.2546100 0.0249859 -0.1243024 0.1569796 -0.1015564 -0.0795656 -0.0607446 -0.2260073 0.1745629 0.0033506 0.4937138 0.2136465 -0.1301262 0.1989645 0.1400651 -0.1376909 -0.5088480 0.2154601 0.5072025 -0.0973698 0.1394917
0.3120095 0.0000000 0.3362512 0.5188295 0.1456481 0.3749223 -0.2371441 0.3625832 0.1135149 0.2523317 0.3605718 0.0017976 0.1567585 0.0291154 -0.0514998 0.2809768 -0.0159512 -0.1203900 0.1705407 0.1582615 0.2490890 0.2137822 0.2392685 0.0278527 0.1132122 0.0057534 -0.2260602 -0.2390634 0.4318838 0.0185625 0.1372596 0.0634450 -0.0930136 0.2901158 -0.0156959 0.1502812 -0.0376559 0.1313944 0.1639954 -0.2183166 0.1631127 0.1456729 0.0964922 -0.0519962 0.5203335 0.1333700 0.0815735 0.1913492 0.3730602 0.0308749 0.0346861 0.0095485 0.5469020 -0.0335821 0.2530108 0.2402136 0.1228427 0.3544647 0.0649191 -0.0160525 0.3221276 -0.2245108 0.0077165 0.3335307 0.5968117 0.2828522 -0.0646401 -0.0285836 0.1623718 0.0721415 0.1711068 -0.0239902 -0.1042440 -0.0170391 0.0942732 -0.2596458 -0.2674914 -0.0962422 -0.2751502 -0.1469329 -0.5124261 -0.0435889 0.2351346 0.2963201 0.1203888 0.1983873 0.0791404 0.0247024 0.1485922 0.1895172 -0.0001425 -0.0599998 0.1142000 -0.2031185 0.1534368 -0.0407494 -0.2722737 0.1683345 0.1729618 -0.3795370 0.0433494 0.2660437 0.2079687 -0.2223191 -0.0862336 0.0596465 0.0830705 0.0795450 0.0802650 0.3233814 0.1101003 0.0860834 0.0769683 0.1383840 0.1987540 0.0413279 0.0297416 0.2464501 0.0275932 0.0828487 0.0930825 -0.0721769 -0.3217852 0.1885910 0.1923487 -0.1299041 -0.0575301 -0.3564347 -0.0033245 -0.0299453 0.0660971 -0.0742138 -0.0709960 -0.0290208 0.2672861 -0.2988722 0.1028755 -0.2227033 0.1065148 -0.5096695 -0.1835878 -0.3291935 -0.4161320 -0.3767352 0.0712950 -0.1156943 0.1069071 0.1660487 0.1747932 -0.2853188 -0.3352334 -0.1883554 -0.1667615 0.0771107 -0.0813710 -0.0950747 -0.3025344 -0.1927087 -0.1855437 -0.6493146 -0.1216623 -0.2473573 0.1236910 -0.5760812 -0.1002852 -0.0250272 0.5036096 -0.0036500 -0.0309338 -0.2926110 -0.2362361 -0.0289538 0.1514908 0.3918307 0.4138638 0.2347896 -0.3233651 -0.5923779 -0.4524001 -0.4226447 -0.2227335 -0.0211280 0.0058598 -0.1133507 -0.3054574 0.3913203 0.0263820 0.2961463 0.0054008 0.0764084 -0.1330175 0.0081043 -0.0681882 -0.3937670 -0.1534234 -0.4218247 -0.2731601 -0.5571910 -0.1517000 -0.3283713 -0.0888602 0.3524247 0.1915047 0.1085714 0.3950401 -0.2366883 -0.0444585 0.4218226 0.0360149 -0.0679781 0.2625439 -0.4444136 0.0255797 -0.2132283 -0.2681970 0.1592440 0.0398691 0.2749167
0.1049811 0.3362512 0.0000000 0.5554425 0.6631150 0.4518667 0.0445189 0.6133813 -0.1927722 0.0986983 0.3829839 0.1423026 0.8841693 -0.2554859 -0.4499471 0.4005992 -0.0328438 -0.5630936 0.5259849 0.9207968 0.3467111 0.6782156 0.5121977 -0.4095475 0.5665416 0.2954840 0.0980542 -0.4270265 0.2843436 0.0290138 0.6755478 0.5904134 -0.1153946 0.2209687 0.2837439 0.0156545 0.2857912 0.5803437 0.2197322 0.1567319 0.7176701 -0.1041761 0.2368165 0.0981670 0.2665161 0.4220153 0.1079342 0.7394858 0.3510590 0.2381806 0.0575337 0.3029321 0.4656843 0.3180833 0.6410510 0.5992819 0.4281157 -0.0541473 -0.0683794 0.0607969 -0.0702524 -0.1021720 0.8016422 0.2901471 0.4738317 0.6012167 -0.0537142 -0.2724408 0.6946633 -0.0538538 0.2945233 0.0926722 -0.1147856 0.2371708 0.4331618 -0.0749178 0.0400632 -0.0303043 -0.0701390 0.4641079 -0.3191082 -0.0012385 0.1018451 -0.4019039 -0.1820461 0.0125707 0.3507633 -0.2629958 0.1473734 0.0476189 0.1510678 -0.0515410 0.2459964 -0.1731660 0.3035994 0.0652937 -0.1422860 0.2369129 -0.0556777 -0.1329062 -0.0403870 0.2482158 0.2793260 -0.1752037 0.0800174 -0.0118414 -0.1173765 -0.1087833 -0.2216761 0.2118210 -0.1938400 -0.1468244 0.2618035 0.1681774 -0.0398305 0.2918395 0.0670765 0.0404913 0.0266864 -0.0731781 0.2761587 -0.0556819 -0.2122327 0.4207380 0.1358011 -0.0353086 0.0163934 -0.1126480 -0.3071031 0.1503329 -0.0209095 -0.0571862 -0.0749048 0.3184897 0.1177579 -0.1047195 0.3269986 -0.3431041 0.0070877 -0.2155990 0.0907576 -0.2727379 -0.5475548 -0.0530379 0.2815114 0.1862263 0.0879316 0.2969355 -0.0715224 0.0580381 -0.1586547 -0.1035458 -0.1533216 0.0900149 0.2132526 -0.0942311 -0.1779086 -0.1782270 -0.0332029 -0.3869512 -0.0796849 -0.0611422 0.1060511 -0.4968529 -0.0905182 -0.0716338 0.3551833 -0.2523088 -0.2671006 -0.1438118 -0.1570450 0.0196486 -0.2753935 0.1778658 0.1511130 0.6449932 0.2192738 -0.3333341 -0.1373397 -0.4180212 -0.3244052 0.0951512 -0.2252037 0.0107728 -0.3720492 0.1574228 -0.2449055 0.4466387 0.3525380 0.2361785 -0.3544165 0.3599518 0.2881608 -0.3270730 -0.1592517 -0.1351681 -0.1868600 -0.3000804 0.1596109 -0.2042679 0.3013752 0.2147990 0.5970139 0.5606983 0.3537771 0.1569985 -0.2031977 0.4485005 0.1568620 0.0589704 0.1029231 -0.0648967 0.2461114 -0.3468445 -0.1031234 0.4040505 -0.0289778 0.5707754
0.0407446 0.5188295 0.5554425 0.0000000 0.2791724 0.8422058 0.0939834 0.9112127 0.5445805 0.7155332 0.7628151 0.3684819 0.6020873 -0.2477853 0.1408880 0.6157780 0.1379793 -0.5035040 0.7382783 0.5980536 0.3381733 0.8205851 0.7745606 -0.0491761 0.6796131 0.6302752 -0.0538356 -0.4945885 0.5327186 0.1470070 0.7664880 0.7022896 -0.0717496 0.1294752 0.4956890 0.0976938 0.6562558 0.8093370 0.2497123 0.1175932 0.7408268 0.0030095 0.5471500 -0.0822833 0.5183482 0.7597697 0.6364893 0.7298372 0.2269569 0.6147602 0.5709814 0.5052034 0.3727490 0.3863546 0.8098191 0.8310413 0.7491049 0.3742023 0.3001293 0.5796623 0.3857890 0.3527380 0.5689869 0.7269561 0.6146122 0.6059556 0.4536473 0.2438039 0.5817336 0.4704706 0.6140391 0.5050588 0.3921662 0.5311404 0.5890928 0.3085451 0.3608090 0.4803204 0.3442760 0.1779316 0.0806745 0.2217265 0.2738735 -0.1717756 -0.0388376 0.0561176 0.0625576 -0.1015614 -0.0102579 -0.0468746 0.2070889 -0.2284765 0.2726381 -0.1391591 0.3160335 -0.1444107 -0.3746008 0.1852078 0.2296909 0.0268944 0.1014566 0.2428567 0.5171523 0.0293951 0.0035907 0.0266357 -0.1199556 0.2476457 -0.1075696 0.2919543 0.1893570 -0.0669465 0.3443264 0.4023221 -0.0769804 0.2264605 0.0921942 -0.0388282 0.0610071 -0.2257642 0.1997465 0.0395412 -0.2820166 0.4617177 0.0633708 -0.1869885 0.1375474 -0.2507103 -0.2599350 0.4813624 0.1163928 -0.2623365 0.3812111 0.3721298 -0.0073207 -0.2779360 0.1861084 -0.3736462 -0.2923960 -0.2669207 -0.3848015 -0.3606191 -0.3282434 -0.2107989 -0.0532316 0.1277919 -0.2149349 -0.0264472 -0.2305605 -0.1431075 -0.3157988 -0.3108817 -0.3554697 -0.3157633 0.0374271 -0.1745789 -0.3995617 -0.3772314 -0.1436894 -0.4383446 0.1252559 -0.2882059 0.2263313 -0.2423093 -0.1453359 -0.1634203 0.1504047 -0.4241454 -0.1901766 -0.3580159 -0.3900982 -0.3938555 -0.0346992 0.3647726 0.0987427 0.2303529 0.0754633 -0.4847318 -0.0639635 -0.2094034 -0.1254234 0.2903274 -0.0448355 0.2271454 -0.0408749 0.4909565 -0.0079121 0.4677606 0.5587682 0.5124907 -0.4368937 0.4365764 0.1628199 -0.1178350 -0.2650998 -0.1725100 -0.3246908 -0.3399836 -0.2145303 -0.3074449 -0.0155452 -0.1238604 0.2685535 0.1261364 0.2322332 -0.1705771 -0.3516045 0.0594829 0.2447704 -0.2016286 0.2389078 -0.2913418 -0.0235079 -0.3376994 -0.4260302 0.1643727 -0.0711036 0.0193133
-0.0788614 0.1456481 0.6631150 0.2791724 0.0000000 0.4769005 0.6417063 0.3378213 -0.2213436 0.0292725 0.1801659 0.4468619 0.7064480 0.1075027 -0.5629677 0.1963294 0.0656512 -0.2371702 0.3394087 0.6718019 0.0988644 0.4170916 0.4072521 -0.0269852 0.2165030 0.3143287 0.2773116 0.0966140 -0.1665830 0.3790621 0.3176465 0.3103151 0.0845166 0.2362093 0.1768989 -0.2522359 0.2393030 0.3877312 0.6098369 0.4584568 0.5959116 -0.3836666 0.2442061 0.3111980 0.0265870 0.2995014 0.0314203 0.6366707 0.3409134 0.3733436 0.0064356 0.5403863 0.3512797 0.4793845 0.4150939 0.4531198 0.3763779 0.0344783 0.1570914 0.0847121 0.0008337 0.1410378 0.5876732 0.0399767 0.1398910 0.4722395 0.0747769 -0.0800169 0.5880260 0.0916297 0.2867802 -0.1256037 -0.0129428 0.1297293 0.3571213 0.1518261 0.0240753 0.0302892 0.1054391 0.2977013 0.0377881 0.1027421 0.0230241 -0.1729731 0.2386507 0.0101901 0.5779354 0.2083741 0.5091395 0.4044241 0.0989054 -0.1009783 -0.1323965 0.2229674 0.0951485 -0.1652281 -0.1640078 -0.0256809 -0.3041435 0.2450168 0.1852340 -0.0602181 0.2030857 0.2640972 -0.2308392 -0.2692385 -0.1961461 0.0216576 -0.3505339 -0.0735690 -0.5302031 -0.2290032 0.2372411 -0.0666731 -0.1591639 -0.0374906 -0.3393763 -0.0953561 -0.3138836 -0.1708692 -0.0448651 -0.4638282 -0.2795670 0.3058745 0.2143110 -0.2286648 -0.1501170 0.0929513 -0.0638291 0.2553677 0.1794321 0.2462024 -0.1967369 0.2924641 0.1960917 0.0622939 0.3375151 -0.0843659 -0.0360798 -0.0240701 0.2511821 -0.2365261 -0.1571012 -0.0711338 0.1216438 0.4236670 0.0053491 0.1087048 0.1010271 0.0706215 -0.3796394 0.0170940 -0.1759289 0.2050818 -0.0544829 -0.0249128 -0.1395296 -0.1392604 0.0348673 -0.3477209 0.0605721 -0.1347693 0.2235611 -0.3287307 -0.0313731 0.0853270 0.4046981 0.0415757 -0.3045553 -0.1243484 0.2398817 -0.0987753 -0.3339637 -0.0677218 0.5043100 0.4173674 0.3091015 -0.1412356 0.0628105 -0.1438950 0.0885546 0.2756927 -0.2166997 0.1712143 -0.1019240 0.2701172 0.1263917 0.3422946 0.1916595 -0.0109761 -0.4840200 0.1562455 0.1282711 -0.3132154 -0.3284892 -0.1185477 -0.3251113 0.1951967 -0.1064319 -0.2845020 0.4744147 0.2443464 0.6520721 0.4451819 0.3343585 0.0981295 -0.0257810 -0.0257570 0.2620551 -0.0547223 0.4173572 0.2339378 0.2327556 0.0172186 0.3853428 0.0540908 0.3854200 0.4848926
-0.0407905 0.3749223 0.4518667 0.8422058 0.4769005 0.0000000 0.3769157 0.6822608 0.5318760 0.6344837 0.5663996 0.5881267 0.5604014 0.0009163 -0.0582547 0.4268027 0.1210221 -0.2530901 0.6110738 0.5703894 0.3637246 0.6617961 0.6741102 0.1932184 0.4957628 0.5438591 -0.0953303 -0.2124581 0.4318133 0.2442308 0.5172463 0.5332036 0.0445042 0.2544001 0.2920782 0.0805513 0.5370166 0.6790526 0.3533639 0.1439568 0.6226109 -0.0873830 0.3890876 0.0511772 0.5580655 0.6529365 0.4422929 0.6507753 0.3406420 0.6559260 0.3693707 0.4621602 0.4365091 0.3856526 0.7091960 0.7469505 0.6435796 0.3655993 0.4479095 0.4247996 0.4378213 0.3312490 0.5614892 0.5427013 0.3564352 0.5504839 0.4186920 0.2270252 0.5637539 0.4408767 0.6396307 0.2490579 0.2964179 0.3260156 0.5854762 0.2990527 0.2240215 0.4429343 0.2620605 0.0717546 0.1356537 0.2579718 0.3122018 -0.0280129 0.3634609 0.2447688 0.4194030 0.2045689 0.3779605 0.3260142 0.3380804 -0.0512351 0.2570234 0.1849920 0.2628428 -0.1922652 -0.1787727 0.2719017 0.0696954 0.3311357 0.3253246 0.2028346 0.6115943 0.3562951 0.0124748 -0.0539500 -0.0279743 0.4955128 -0.0952261 0.3069545 -0.0609851 -0.0325367 0.3252199 0.3131750 -0.1846696 0.0613999 -0.1636361 -0.1840555 -0.1997721 -0.3429859 -0.0234335 -0.2384776 -0.3320145 0.3386698 0.0158078 -0.2590030 0.0549651 -0.1018737 -0.1477041 0.6352068 0.2401997 -0.1760123 0.3560337 0.3408482 -0.0524941 -0.2806386 0.2084031 -0.2089439 -0.2488169 -0.2264950 -0.3610945 -0.3850973 -0.1208631 -0.3036553 -0.1833882 0.2033156 -0.2271377 -0.1193038 -0.0357910 -0.2401549 -0.4762890 -0.3088751 -0.2671899 -0.2756554 0.0606283 -0.3063906 -0.3219194 -0.3866284 -0.0265139 -0.3816450 0.2159623 -0.2613864 0.1285504 -0.1218603 -0.0848422 -0.2524898 0.0864489 -0.2114658 -0.1209612 -0.2078485 -0.2284979 -0.3012347 -0.1756763 0.1244681 0.3038987 0.2207641 0.1618993 -0.4606767 0.0685631 -0.0487135 0.1352938 0.4680046 -0.0025044 0.3376182 0.1064938 0.4366237 0.1799835 0.1874808 0.4294591 0.4476859 -0.5564701 0.4237040 0.0283448 -0.1276078 -0.3743043 -0.2093540 -0.3130822 -0.1650208 -0.4242543 -0.2722894 -0.0505757 -0.2455367 0.3206191 0.1292716 0.1429966 -0.3490156 -0.1844242 -0.2110807 0.1582954 -0.3939367 0.1523834 -0.0379295 -0.1071678 -0.1150003 -0.0562712 -0.1453987 0.0624196 -0.0961332
-0.3010685 -0.2371441 0.0445189 0.0939834 0.6417063 0.3769157 0.0000000 0.1505560 0.0812596 0.1139110 0.1180523 0.6272414 0.2622486 0.0957695 -0.0991037 0.1287098 0.0637970 -0.0441583 0.2401442 0.2923434 0.0063508 0.1941247 0.2057699 0.0801286 0.0427310 0.3840773 0.1045441 0.1282712 -0.3339163 0.2364072 0.0515619 0.0979467 -0.0758858 -0.1436531 0.1091662 -0.1564874 0.3188383 0.2818749 0.5223493 0.3947052 0.3244387 -0.1898701 0.1930610 0.0153449 -0.1113698 0.3162539 0.2161360 0.3350640 -0.1499502 0.4138405 0.2016810 0.5245207 -0.1376404 0.3924441 0.1918462 0.3337662 0.3758336 0.1369858 0.4383538 0.2520649 0.1395709 0.4876351 0.2264209 -0.0316757 -0.1749865 0.1809191 0.3253086 0.2783601 0.2808664 0.3545582 0.2033543 -0.0997081 0.2949241 0.1659974 0.2008577 0.4774857 0.2351807 0.2566877 0.3111036 0.0596719 0.4695684 0.3264371 0.2515278 0.0381347 0.3539394 0.0129778 0.3209310 0.3906747 0.3995044 0.3878207 0.3914924 -0.0352022 -0.2487754 0.2855443 0.0687544 -0.2764157 0.0018009 -0.1270946 -0.1444019 0.5839892 0.3236513 -0.1875858 0.2940119 0.6297831 -0.1774264 -0.3149185 -0.1479972 0.3628439 -0.0619416 -0.2962121 -0.2177366 -0.0271738 0.1469457 -0.2668389 -0.3143180 -0.3224192 -0.5205438 -0.2968169 -0.4144531 -0.0833142 -0.2047680 -0.5021333 0.0127984 0.2105426 0.1886590 0.0407946 -0.2306332 0.4626436 0.3189069 0.4624898 0.3516431 0.4881144 -0.0742474 0.3730766 0.0543393 0.2642561 0.3693916 0.3081992 -0.0611748 0.2096146 0.1234507 0.1107975 0.2160868 0.1722601 0.0190409 0.5162845 -0.0812491 -0.0524369 -0.0884848 0.2833521 -0.1220905 0.1617598 -0.0703843 0.0679883 -0.3256865 0.1747023 0.0787146 -0.0006891 0.0117496 0.0756218 0.2362776 0.0325658 0.2939095 0.2748579 0.0572868 0.1881819 0.1358283 -0.0099939 -0.2592269 -0.0428094 0.2970295 -0.4109963 -0.3182151 -0.1247125 0.5799552 0.0122952 0.4430750 0.1698774 0.4134378 0.3040197 0.4221266 0.4112539 0.0939627 0.4404034 0.4232805 0.1444361 0.4398888 0.1925884 0.1353414 -0.0588058 -0.1450278 0.0515169 0.0818854 0.1665355 0.0075358 0.2749318 0.0282481 0.5903761 -0.2238472 0.1269466 0.3320812 -0.0725978 0.2867652 0.1980665 0.0666577 0.0496764 0.2697744 -0.4499556 0.2199342 -0.0545490 0.4058472 0.3308856 0.0813317 0.3738850 0.3897420 -0.1703670 0.2331247 -0.0533601
-0.0082395 0.3625832 0.6133813 0.9112127 0.3378213 0.6822608 0.1505560 0.0000000 0.4146268 0.6879368 0.8540126 0.3235236 0.6984942 -0.2698449 0.0582624 0.7772619 0.2490890 -0.5915641 0.8854828 0.6634420 0.2793660 0.8924781 0.8639594 -0.1611374 0.8606832 0.7912902 0.0572798 -0.5420406 0.3897395 0.1081674 0.8210811 0.8145339 -0.1835659 -0.0660536 0.6288542 0.1109027 0.7942915 0.8924210 0.2453149 0.1528451 0.8454590 0.0222334 0.5808477 -0.1782318 0.3238134 0.8282762 0.7497421 0.8137401 0.0553359 0.6072542 0.6966479 0.6088906 0.1721542 0.4985945 0.7760196 0.8612050 0.8133168 0.3882384 0.2737567 0.6703909 0.2062940 0.4831973 0.5870631 0.7629852 0.5937248 0.5765373 0.5409211 0.3438549 0.5449861 0.5577247 0.6092145 0.6044819 0.5318294 0.6959024 0.5636239 0.4924707 0.5650375 0.5430306 0.4986348 0.1981935 0.1768392 0.1976570 0.1288312 -0.4044031 -0.3082145 -0.0314080 -0.0043191 -0.2806957 -0.1178324 -0.2079633 0.2060617 -0.2501829 0.2308424 -0.2664872 0.4152980 -0.0572913 -0.3870575 0.1480286 0.2699817 -0.0696029 -0.0774353 0.2677108 0.3545326 -0.0698965 0.0231319 0.0829926 -0.2185734 0.0268948 -0.0725800 -0.0032585 0.2027193 -0.0929525 0.2897453 0.2545869 -0.2083772 0.1768328 0.0977862 -0.0795961 0.0351227 -0.2681673 0.1670588 0.0355998 -0.1405520 0.4117136 -0.0068439 -0.1066761 0.0823568 -0.0807584 -0.2358707 0.4457913 0.0509320 -0.1965588 0.2986817 0.4610631 -0.0927407 -0.1273866 0.2433977 -0.3198342 -0.3097450 -0.1769281 -0.2931996 -0.2902965 -0.4567673 -0.0311950 0.0007532 0.2011947 -0.2580596 -0.0196621 -0.4741283 -0.0524025 -0.2016409 -0.2160421 -0.3765365 -0.3206624 0.0726216 -0.0389349 -0.4131390 -0.3594103 -0.2723203 -0.3168257 0.2045907 -0.1520873 0.3912715 -0.2233547 -0.1227890 -0.0949551 0.1581990 -0.6377421 -0.4404894 -0.4593942 -0.2532827 -0.5152736 -0.1770095 0.3429053 -0.0106337 0.1810910 0.2203896 -0.3654514 0.1138705 -0.0989933 -0.1029227 0.3236395 -0.0497003 0.2975260 -0.0493638 0.5372683 -0.1131494 0.5135548 0.7184051 0.5658544 -0.4015138 0.4734787 0.2351385 0.0059745 -0.1547608 0.0290213 -0.1926954 -0.2113451 -0.1402081 -0.1808576 0.1772069 0.0228755 0.3983170 0.2418065 0.1119353 0.0586067 -0.2195364 0.1043009 0.4593095 0.0741727 0.3907611 -0.2196188 -0.0204826 -0.4501063 -0.4619421 0.3208046 0.0257571 0.1192380
-0.2305472 0.1135149 -0.1927722 0.5445805 -0.2213436 0.5318760 0.0812596 0.4146268 0.0000000 0.7495118 0.4649598 0.3772619 -0.1441021 0.0051271 0.6921942 0.2123602 0.1467803 0.0967890 0.3867861 -0.0678264 0.0781255 0.3486475 0.3527862 0.3874910 0.1822951 0.3174161 -0.2997265 -0.1343946 0.3653492 0.0928087 0.3766715 0.2750527 0.0641661 0.0255173 0.1792857 0.0660784 0.4452691 0.4198533 -0.1131719 -0.1440900 0.2932603 0.0153556 0.2321771 -0.1300765 0.2631797 0.5583973 0.4890717 0.1900518 -0.0503358 0.5960374 0.3860484 0.1049397 0.0168019 -0.0352860 0.4018177 0.5506882 0.4772279 0.1607762 0.3053112 0.4045669 0.2885926 0.2639210 0.0226649 0.3940976 0.0184158 0.2289362 0.3556118 0.1917183 0.1636677 0.2694054 0.3596110 0.3301043 0.2800400 0.1753374 0.3061068 0.1790484 0.1544894 0.3355549 0.2491465 -0.2447180 0.3384926 0.3886232 0.4710583 0.2642643 0.2349053 0.3211702 -0.1695990 0.2929937 0.0662256 -0.0354300 0.0847225 -0.1980937 0.1642851 0.1809413 0.2104852 -0.1215350 -0.1972675 0.0081425 0.2117681 0.2418781 0.2364351 0.0240527 0.4647798 0.1865163 -0.1160441 0.1123010 -0.1158039 0.4639902 -0.0117725 0.0804131 0.2937024 -0.0849903 0.2029692 0.2494394 -0.1663759 0.0033297 -0.0354572 -0.2824678 -0.1278971 -0.2784394 -0.0587418 0.1073335 -0.0241851 -0.0581145 -0.2879671 -0.0270654 0.2460833 -0.1703111 -0.1581991 0.3701488 0.0050192 -0.2931368 0.4736781 0.0933969 0.1606729 -0.1569944 -0.0295323 -0.1524643 -0.2632096 0.0667840 -0.3186263 -0.0872777 0.2197202 -0.0315095 -0.2534230 -0.0014628 -0.2788112 -0.1511707 -0.1157832 -0.0708009 -0.0269533 -0.2120862 -0.1425526 -0.2367072 0.1043821 0.0661951 -0.2034053 -0.1809490 -0.0457831 -0.0121628 0.2273470 -0.1465831 0.2947167 0.1481822 0.0046809 -0.0790412 -0.1023472 -0.2632940 0.0329417 -0.1730466 -0.1748854 -0.2235076 0.1475615 0.0451746 -0.2586415 -0.3352158 -0.0729683 -0.1936655 0.1561631 0.1443074 0.1745070 0.3114914 0.1047268 0.2957427 0.2425431 0.1112165 0.0894886 -0.0857768 0.1323638 0.2074414 -0.1854383 0.0865847 -0.1419880 0.1683480 -0.0726240 0.0525757 -0.1317147 -0.0567122 -0.3029251 -0.0474054 -0.0547247 -0.1561684 -0.0489414 -0.0744490 0.1624893 -0.3712098 -0.0658709 -0.3211887 0.2609394 -0.2664595 0.0812214 0.0320545 -0.1548678 0.0315637 -0.4699609 -0.1926626 -0.1562089 -0.5103237
-0.0693065 0.2523317 0.0986983 0.7155332 0.0292725 0.6344837 0.1139110 0.6879368 0.7495118 0.0000000 0.7112959 0.3376712 0.2438747 0.2339505 0.2838842 0.6557753 0.4796878 -0.0178093 0.7314216 0.2168761 -0.0024850 0.6521230 0.8075227 0.4126210 0.5778439 0.7483665 -0.0462767 -0.1533481 0.2949687 0.1112826 0.5673606 0.6363926 0.0905714 -0.0590194 0.5303488 -0.1323459 0.8272892 0.6972912 0.1409068 0.0203072 0.5270670 -0.2318797 0.4530105 -0.2681225 0.2591271 0.8008528 0.8523240 0.5326070 -0.1542575 0.7905485 0.7670434 0.4683363 -0.1279133 0.3912148 0.6309584 0.7264440 0.8080207 0.4941264 0.2019034 0.7661505 0.0947567 0.5982967 0.3317579 0.5182378 0.0561473 0.5813962 0.7600344 0.5323319 0.3969262 0.6049921 0.8420928 0.3367806 0.6389602 0.3207657 0.7186988 0.5302630 0.4064742 0.7173527 0.5590774 -0.1805413 0.3515750 0.4784029 0.1954829 -0.0853909 0.0796727 0.1102075 0.0654252 0.1780456 0.0676267 0.0315637 0.0897020 -0.1196917 0.1609173 0.1983536 0.4424283 -0.0885584 -0.3619798 0.1753410 0.5001337 0.2554481 0.3577826 0.3661690 0.4336031 0.3538146 0.0251590 0.3604865 -0.0057034 0.2952595 0.0562835 -0.0566754 0.3482494 -0.1093488 0.3047835 0.2818017 -0.2681154 -0.0078409 -0.1135702 -0.2305473 -0.2300925 -0.3925407 -0.0038940 -0.0377211 -0.1790710 0.0334087 -0.0594313 -0.3006029 0.1711614 -0.0932277 -0.0446137 0.5163285 0.2148807 -0.2234377 0.4601163 0.1543199 0.0911190 -0.1278919 0.1424289 -0.1104170 -0.1258190 -0.0018715 -0.4173480 -0.1438176 0.1370645 -0.1925025 -0.1298763 0.0267209 -0.1695980 -0.0691900 -0.2683612 -0.3504637 -0.3328463 -0.3000446 -0.1279803 -0.3888848 -0.0483659 -0.0929548 -0.3077284 -0.3020671 -0.2046023 -0.1466613 0.1197779 -0.2287907 0.3703503 -0.0002186 -0.0553619 -0.1611298 -0.0126657 -0.4410977 -0.1523409 -0.3590780 -0.2032316 -0.3621983 0.2937476 0.4504819 -0.1029444 -0.2213074 0.0026106 -0.1691877 0.1583475 0.1149997 0.2219261 0.4351493 -0.1575787 0.3478560 0.0405296 0.3029626 0.0451179 0.1541226 0.3866406 0.3704877 -0.5214638 0.1690516 -0.1263408 0.0993074 -0.3098092 -0.0336908 -0.3062884 -0.0871199 -0.5641327 -0.3000878 -0.0725590 0.0111948 0.0997202 -0.0546125 -0.0301861 -0.3212711 -0.1606949 -0.3536366 0.3346440 -0.1838749 0.2756533 -0.0699856 -0.4142502 -0.1742959 -0.2974689 -0.1788803 -0.1080322 -0.3941182
-0.1988878 0.3605718 0.3829839 0.7628151 0.1801659 0.5663996 0.1180523 0.8540126 0.4649598 0.7112959 0.0000000 0.2355958 0.5148827 0.0064535 0.1029455 0.7276523 0.5213952 -0.3357542 0.8134122 0.4433141 0.2431547 0.7334896 0.7696301 0.1007096 0.7716717 0.7976980 0.1330775 -0.2886979 0.5178510 0.1478521 0.6539303 0.7748356 -0.0165619 0.0486244 0.7188452 0.0675549 0.7902807 0.7933747 0.2212417 0.1465129 0.7011764 0.0460072 0.6370619 -0.1532856 0.3751439 0.7458396 0.7138981 0.7325634 0.0598993 0.5737485 0.6723807 0.5250389 0.1378129 0.4806078 0.7609179 0.7943995 0.8021013 0.4265164 0.0536967 0.6122430 0.1209264 0.4891683 0.4488161 0.6045833 0.4364157 0.6298359 0.5220351 0.4194887 0.5425103 0.5705290 0.6439239 0.5411997 0.5355085 0.5639911 0.6185614 0.4450128 0.4916171 0.5191317 0.3964342 0.0746644 0.0692864 0.3439600 0.2399282 -0.2693664 -0.1318941 0.0206821 0.1340879 -0.1100470 0.1081524 0.0019358 0.2151464 -0.4268902 0.0187776 -0.0896991 0.3813193 -0.2513635 -0.4453550 -0.0129960 0.4237656 0.0085102 0.0831123 0.1719246 0.1348599 0.0590306 -0.0689174 0.0115799 -0.3337078 -0.0915987 0.0486583 -0.1970193 0.3057282 -0.1365501 -0.0287155 -0.1153203 -0.3482511 -0.1501824 -0.1867389 -0.2603792 -0.2329930 -0.3267444 -0.1213104 -0.2298563 -0.2812918 0.1902369 -0.0165323 -0.1338511 -0.1812051 -0.2103684 -0.0355855 0.1857609 -0.0161598 -0.2142580 0.1015603 0.2084378 -0.0687558 -0.2872554 0.0886332 -0.1892717 -0.0829309 -0.2158191 -0.2371658 -0.2817357 -0.3115888 -0.1034078 0.0030941 -0.0373000 -0.0848106 0.0971092 -0.2736057 -0.1682125 -0.2867230 -0.3254512 -0.2992882 -0.1770038 -0.0084045 -0.0060117 -0.2443604 -0.4351915 -0.1801086 -0.3674902 -0.0536550 -0.3090456 0.3323057 -0.2895494 -0.3323299 -0.2436286 0.0594660 -0.4535781 -0.2023654 -0.4784476 -0.3343224 -0.3964240 -0.1497741 0.1531738 0.0024060 0.1985186 0.0110618 -0.4326852 -0.0658891 -0.2516612 -0.2886364 0.0519682 -0.2345453 -0.0007873 -0.2450475 0.4622631 -0.0961803 0.4024872 0.5976997 0.5560852 -0.3876184 0.4130503 0.3186434 -0.1243777 -0.0828357 0.0302235 -0.1971550 -0.0922970 -0.1829027 -0.1965238 -0.0356756 0.2400199 0.2585942 0.0787071 0.1262634 -0.0466313 -0.1107218 0.0126671 0.2138433 0.1320012 0.2552034 -0.2762327 -0.0176146 -0.3631732 -0.3706724 0.1717526 0.0126000 0.1005814
-0.5063866 0.0017976 0.1423026 0.3684819 0.4468619 0.5881267 0.6272414 0.3235236 0.3772619 0.3376712 0.2355958 0.0000000 0.1777921 0.2013445 -0.1446172 0.0213094 0.0701785 -0.2725563 0.3704953 0.2851813 0.5738456 0.2093495 0.3481634 0.3070631 0.1227723 0.3517111 -0.1195505 0.0761060 0.3087491 0.2098525 0.1663127 0.0458498 0.1564854 0.2817372 -0.1047201 0.3128916 0.3362597 0.2484178 0.2066016 0.0704712 0.2756337 0.1519697 -0.0309256 0.1129523 0.3475498 0.3065964 0.3297657 0.2804515 0.1183023 0.4593837 0.2362001 0.2274002 0.2609173 0.0904141 0.4232041 0.4083318 0.5027030 0.0543662 0.6107833 0.2255684 0.4427176 0.2754749 0.1562291 0.2114770 0.0239516 0.3472477 0.3251585 0.0342734 0.2147957 0.2981625 0.2779375 0.0940525 0.1268928 0.3384539 0.1993373 0.3824475 0.2929628 0.2785567 0.3370177 0.1477075 0.4010298 0.5590679 0.3073510 0.2431236 0.5088699 -0.2189538 0.1548736 0.5996227 0.4582714 0.4632644 0.4710455 -0.1198108 -0.3128682 0.5184438 0.3300217 -0.4133926 -0.1463675 -0.2048971 -0.0788842 0.4874381 0.3603515 -0.2664038 0.2611588 0.5188283 -0.0873454 -0.2406075 -0.3031653 0.3214950 -0.0035806 -0.1630036 0.1409362 -0.2082386 0.0205329 -0.1958139 -0.5491599 -0.3631307 -0.5696157 -0.6061652 -0.4701968 -0.3115927 -0.3512649 -0.4750237 -0.0128671 0.0668966 -0.1566410 0.1824898 -0.1833995 0.1744329 -0.0006322 0.7107033 0.2744843 0.0969637 -0.0046537 0.5761966 0.1455146 -0.0092787 0.3421348 -0.0447004 -0.1180408 0.1221886 0.0294616 -0.0759986 0.1485177 0.1778244 -0.0649283 0.2387424 -0.1107060 -0.0608679 -0.1857560 -0.0153250 -0.1026772 0.0527162 -0.0856462 -0.0168161 -0.1896472 0.1547980 0.1475938 -0.2047727 -0.2283609 0.1660209 0.0761280 -0.0642602 0.2907446 0.3929525 -0.0584318 0.1044455 0.0393806 -0.2243779 -0.1062481 0.0584994 -0.0782065 -0.3995302 -0.1155736 0.0329356 0.4243171 0.0541725 0.5207404 -0.0256523 0.4769388 0.3164995 0.3142320 0.3712186 0.1978965 0.4487751 0.4439632 0.4760211 0.6059935 0.1499798 0.3563481 0.3291301 -0.1179094 0.4891319 0.1440140 0.2808723 0.0866493 0.3236765 0.1519619 0.3086478 -0.1538068 0.2323907 0.2846148 -0.0571278 0.5529569 0.4374620 0.2970829 -0.3916734 -0.0018789 -0.6215202 0.1856023 0.0598394 0.2275822 0.2042723 0.1344559 0.5758869 -0.0388263 -0.5133579 0.0445997 -0.1203939
0.1597228 0.1567585 0.8841693 0.6020873 0.7064480 0.5604014 0.2622486 0.6984942 -0.1441021 0.2438747 0.5148827 0.1777921 0.0000000 -0.2400913 -0.4611108 0.6018219 0.2183901 -0.4605133 0.6940816 0.9334001 0.2199399 0.8233712 0.7029850 -0.3569319 0.7363735 0.5836541 0.3818383 -0.3426467 0.1574483 0.2174095 0.7316289 0.7834114 -0.1361641 0.0378843 0.5786581 -0.1311833 0.5539104 0.7748478 0.4484897 0.4491233 0.8401646 -0.2280336 0.5394407 0.1336158 0.0911298 0.6048976 0.3400602 0.8841933 0.2588614 0.4023072 0.3109696 0.6310364 0.2366633 0.6489788 0.7199207 0.6829200 0.6190631 0.1004746 0.0310297 0.3393283 -0.1096553 0.2683840 0.8901011 0.2907498 0.3491546 0.6687135 0.2202152 0.0650646 0.7721779 0.1996698 0.4951657 0.1611373 0.2020642 0.3591709 0.6298408 0.2458187 0.2773915 0.2254189 0.2382636 0.5244073 -0.0365684 0.0858693 0.0044951 -0.6374479 -0.2156721 -0.0440358 0.4942260 -0.3199133 0.1040345 0.0303948 0.2147954 -0.0510153 0.2582057 -0.1535025 0.2914601 0.0765762 -0.0655922 0.2754728 -0.0165083 -0.0131127 0.0457269 0.3164204 0.3160102 0.0244671 0.1818841 0.0344197 -0.0155237 -0.0397335 -0.2035281 0.1370921 -0.2327751 -0.0212603 0.3721368 0.1799544 -0.0382165 0.2926143 0.0637634 0.0939242 0.0432655 -0.1322969 0.2728685 -0.0709157 -0.1452832 0.5611210 0.2174234 -0.1661753 0.0594728 0.0552184 -0.1968705 0.2993144 0.1636509 0.0251066 0.1129688 0.4351591 -0.1458064 0.0330935 0.3628446 -0.1831646 -0.0445074 -0.0252651 0.0404838 -0.1636656 -0.3649133 -0.0052056 0.2418333 0.3800997 0.0386653 0.2048933 -0.1830028 0.0912896 -0.2232165 -0.0263859 -0.1559767 0.0077642 0.1823012 -0.0872455 -0.1498907 -0.1358150 0.0692421 -0.2836051 0.0939841 -0.0342076 0.1797414 -0.3437253 -0.0505836 -0.0332747 0.2616917 -0.2786634 -0.3299686 -0.1138268 -0.0444433 -0.1535086 -0.3672975 0.1032270 0.1747016 0.6163793 0.3806151 -0.1612415 0.0124120 -0.2516115 -0.1757126 0.2197223 -0.2249657 0.1547505 -0.2642488 0.2172488 -0.2315080 0.4752188 0.4757564 0.2741663 -0.4521147 0.3797101 0.4070379 -0.1793651 -0.2243533 -0.0310126 -0.2188107 -0.0091077 0.0266210 -0.2504606 0.2845868 0.0694878 0.4964755 0.3410863 0.1264924 0.2465748 -0.2485814 0.2226574 0.2277661 0.0541434 0.2327463 0.0969085 0.1502814 -0.4044051 0.1287405 0.3520462 0.0723312 0.4558400
-0.4040864 0.0291154 -0.2554859 -0.2477853 0.1075027 0.0009163 0.0957695 -0.2698449 0.0051271 0.2339505 0.0064535 0.2013445 -0.2400913 0.0000000 -0.3783127 -0.1648588 0.5426511 0.4448318 -0.1192459 -0.3022276 -0.0526534 -0.3240308 0.0503405 0.8596289 -0.2335807 0.1160597 0.0650253 0.7171985 0.0088479 0.1340947 -0.3869063 -0.1505277 0.6048866 0.3965574 -0.0515990 -0.1604619 0.0860954 -0.2782726 0.0129046 -0.1206715 -0.2893657 -0.2844224 -0.1767755 0.0703056 0.2004732 -0.1897295 0.0613941 -0.1524182 0.0310712 0.1915734 0.0839826 -0.0747581 -0.0002614 0.0069036 -0.0680788 -0.1570408 0.0719049 0.2055473 -0.2262464 0.0899107 -0.1886878 0.1575387 -0.1846772 -0.2399886 -0.4358754 0.2143493 0.3057622 0.2176196 -0.0697694 0.1496761 0.3858034 -0.2425512 0.1204126 -0.2506009 0.2168879 0.1522924 -0.0654058 0.2275719 0.0821773 -0.3788235 0.0371664 0.2328531 -0.1915503 0.3082217 0.5854601 -0.0586224 0.3699222 0.6732458 0.6252933 0.6402698 -0.1344850 -0.1270469 -0.4506170 0.7652265 0.0518694 -0.4197908 -0.3069525 -0.2263484 0.2682949 0.4087241 0.4823759 -0.0608190 -0.3259230 0.5523539 -0.2746303 -0.0179274 -0.1348581 -0.1616066 0.1246586 -0.4711360 0.0626556 -0.2684035 -0.4359782 -0.4345973 -0.5133855 -0.6891408 -0.7074644 -0.5384977 -0.7965211 -0.5254385 -0.7018092 -0.6765451 -0.4375029 -0.6928073 -0.1699005 -0.4252952 -0.4873638 -0.1858182 0.2347065 -0.0735114 -0.0454313 -0.1764325 -0.3753621 -0.4540950 0.1702773 -0.3423683 -0.2141310 0.1113872 0.2620352 -0.1477981 -0.1313072 -0.2556733 0.3576573 -0.4553763 -0.2679252 -0.4690555 0.0931593 -0.0407401 0.2496980 -0.7021338 -0.5880291 -0.3831811 0.0693040 -0.0668813 -0.2538134 -0.2803982 -0.0133623 -0.3413195 -0.2317809 -0.1331929 -0.3741014 -0.4270960 -0.1634679 -0.1083603 -0.2834046 -0.3704377 -0.2282150 0.1904821 0.2064992 -0.1942859 0.0084542 0.1266909 0.2740451 0.0962385 0.1747837 -0.2667454 -0.2519746 -0.0135165 -0.0540145 0.0353820 0.1367932 -0.1042396 -0.4222881 -0.2165763 -0.2824194 0.0832824 0.2018659 -0.2746888 -0.0949722 0.0660339 -0.4647922 -0.0007865 -0.2358063 -0.2058845 -0.3218765 -0.1708625 -0.2532645 0.1624658 -0.5313993 -0.2888316 -0.2921702 0.3359300 0.0293274 -0.1672093 -0.0577281 -0.3620659 0.0911243 -0.5425126 -0.2188361 -0.0526430 -0.0819012 0.0093024 -0.3354469 0.3517675 0.3547513 -0.7514936 0.1657276 -0.2526423
-0.0135399 -0.0514998 -0.4499471 0.1408880 -0.5629677 -0.0582547 -0.0991037 0.0582624 0.6921942 0.2838842 0.1029455 -0.1446172 -0.4611108 -0.3783127 0.0000000 0.0020351 -0.2066931 0.1342155 -0.0459430 -0.3638553 -0.2710434 0.0249381 -0.1483563 -0.0513930 -0.1352282 -0.0894235 -0.3359668 -0.2966595 -0.0043413 -0.1655537 0.1441248 -0.0236860 -0.2170292 -0.3322578 0.0213037 -0.0483108 0.0483194 0.0889826 -0.2733604 -0.1770783 -0.0200684 0.0984071 0.0997561 -0.2929586 -0.1114129 0.2299205 0.1735344 -0.1739515 -0.3478883 0.1579395 0.1284222 -0.1185481 -0.2810501 -0.2755401 -0.0512148 0.1428855 0.0196538 -0.0510542 0.0887395 0.1336751 0.1656532 0.0416006 -0.2775934 0.1667814 0.0009686 -0.2239383 0.0112559 0.0522119 -0.1372028 0.0040532 -0.1524630 0.2417017 0.1039552 0.0073054 -0.1186632 -0.0704139 -0.0156201 0.0279408 0.0048265 -0.2420781 0.2245028 0.1022136 0.4410488 0.2989111 -0.1239053 0.2922599 -0.5748650 -0.0369613 -0.3944813 -0.4418364 -0.1081583 -0.1444310 0.1607242 -0.2474083 -0.1111387 0.0644312 -0.0531653 -0.0813365 0.1046543 -0.0191102 -0.0866020 -0.0868987 0.2894141 -0.1500490 -0.1438680 0.0604952 -0.0308199 0.3390205 -0.0278024 0.1409904 0.2749757 0.0398742 0.1725444 0.2577547 0.2133601 0.1991754 0.3023238 0.0949750 0.2899570 0.2020544 0.2488042 0.4600467 0.2038208 0.0358304 -0.0838502 0.1880936 0.3330799 -0.0887274 -0.0529592 -0.0541955 -0.1079865 -0.0499216 0.3665051 -0.0911912 0.1931633 0.0729134 -0.1380861 -0.0303082 -0.2219531 0.1280587 -0.1502962 0.1991091 0.1943000 0.1791310 -0.0833824 0.0236658 -0.1919132 -0.1055036 -0.0630377 0.3362933 0.3748862 0.0155173 -0.0688684 -0.1011681 -0.0248640 0.2645385 -0.0819402 0.1366804 0.0955556 0.1135674 0.1754934 0.0515337 0.2037093 0.2039772 0.0979779 0.1449308 -0.0685868 -0.0890326 0.0892719 -0.0845911 -0.0980814 -0.1209729 0.2377347 0.0016649 -0.3775317 -0.4292346 -0.2496898 0.0183875 -0.0056846 0.0799315 0.0434197 0.0417639 0.2274763 0.1038440 0.2931460 -0.2544961 -0.0328741 -0.0261602 -0.1854474 -0.1654231 0.2899117 -0.3052609 -0.1756785 0.1935150 0.1795541 0.0797436 0.0225665 -0.0787335 0.0629355 0.1066128 -0.0598311 -0.2072049 -0.4247684 -0.2326834 0.0992519 -0.0266288 0.0367410 0.0551468 0.1245141 -0.2118846 -0.0026563 -0.1046005 -0.0093223 -0.0492487 -0.5219975 0.2207522 -0.2931367 -0.4276819
0.3726442 0.2809768 0.4005992 0.6157780 0.1963294 0.4268027 0.1287098 0.7772619 0.2123602 0.6557753 0.7276523 0.0213094 0.6018219 -0.1648588 0.0020351 0.0000000 0.3724307 -0.1752120 0.8679722 0.5246874 -0.0322105 0.8162032 0.8308405 -0.2252767 0.8789041 0.7773754 0.1307272 -0.5229566 0.0760879 -0.0711910 0.6064624 0.7777882 -0.4632259 -0.4816708 0.6358941 -0.0607624 0.7693657 0.8215924 0.2810396 0.1287408 0.6938519 -0.0596210 0.5120989 -0.4382432 -0.0322484 0.8364833 0.7597623 0.7056344 -0.2886247 0.5039426 0.6873227 0.5933428 -0.3006124 0.5883542 0.5221389 0.6797905 0.6902990 0.5095902 0.2239503 0.6200279 -0.0643848 0.5358150 0.4783727 0.5071818 0.2580010 0.4776862 0.5729399 0.5500572 0.4200025 0.5697211 0.6734966 0.2330230 0.6168625 0.4082317 0.6049567 0.5366791 0.4730270 0.5463409 0.4653331 0.0413697 0.1378839 0.2528748 0.0942730 -0.5173077 -0.4231531 0.1403842 0.1755672 -0.4055173 -0.1933352 -0.2315179 0.2388070 0.1567488 0.3856441 -0.3723687 0.5059437 0.3314615 -0.0373173 0.4789081 0.4031254 -0.1752489 -0.0154343 0.6649835 0.3873466 0.0121819 0.3542715 0.5108622 0.2133906 0.1552922 0.1565332 -0.0295829 0.1699066 0.1835368 0.4359280 0.2266474 -0.0381649 0.2433396 0.1842332 0.2082819 0.1171937 -0.0364708 0.3216589 0.1273038 0.1372553 0.4170873 0.1757366 -0.0681135 0.2145245 0.2974888 0.0741000 0.4271692 0.3364204 0.1510653 0.3717496 0.4233015 -0.1743443 0.2439075 0.4082389 0.0570461 -0.0070484 0.0303433 -0.1876093 0.0883427 -0.2624164 0.1162166 0.2012021 0.3881218 -0.0375106 0.0819789 -0.4793941 0.0097642 -0.0570079 0.0785024 -0.0718856 -0.2089038 0.0259568 0.1119427 -0.2133383 -0.0553818 -0.1614338 -0.0767905 0.2911537 0.2029097 0.5635715 -0.0902028 0.0983704 0.0812882 0.2880128 -0.5844637 -0.5338093 -0.2982962 -0.0189614 -0.4517686 -0.0514320 0.3977706 0.0415262 0.1101303 0.2757181 -0.0781966 0.2398974 0.1178831 0.1780835 0.4988799 0.0435800 0.4409742 0.0228626 0.2806793 -0.1394533 0.3571824 0.4838004 0.2928123 -0.2455571 0.1284991 0.0841578 0.1799312 -0.0685177 0.1167222 -0.0064665 -0.0736392 -0.2675218 -0.0752270 0.1982870 0.1345505 0.2673544 0.1644257 -0.2204749 0.1328515 0.0856523 0.1493912 0.4934817 0.1515364 0.4589853 -0.0168685 -0.2751639 -0.5486480 -0.1432937 0.4158635 -0.0635360 0.0478045
-0.2066560 -0.0159512 -0.0328438 0.1379793 0.0656512 0.1210221 0.0637970 0.2490890 0.1467803 0.4796878 0.5213952 0.0701785 0.2183901 0.5426511 -0.2066931 0.3724307 0.0000000 0.2732176 0.3895360 0.0270585 0.0517181 0.2492509 0.4651770 0.4493119 0.3366798 0.5970607 0.6083365 0.3420654 0.1772661 0.3223052 0.1867395 0.4867267 0.2851368 0.0523294 0.6541769 -0.1462023 0.6150011 0.3000864 0.1218579 0.2559818 0.2511800 -0.1709165 0.5077353 0.1138395 -0.0631134 0.2941393 0.5508990 0.3039188 -0.0524527 0.3936037 0.5715781 0.4028742 -0.2105736 0.4304452 0.3440153 0.2193813 0.5514971 0.1541623 -0.2210234 0.5499810 -0.3741039 0.5558185 0.1335431 -0.0901747 -0.2156015 0.5485718 0.5206274 0.4844451 0.2505573 0.2722010 0.5443393 0.1179918 0.4696368 0.1698034 0.5243049 0.4283982 0.3492939 0.3731335 0.4521891 0.0991605 0.2869513 0.3051947 -0.1789642 -0.3026428 0.0483424 -0.2376503 0.2927080 0.1244266 0.1571575 0.1618623 -0.0784471 -0.3863488 -0.2500464 0.3254257 0.1502557 -0.2612318 -0.2529623 -0.2041562 0.3512698 0.0253164 0.2792015 0.1494686 -0.2527239 0.2828464 -0.0322473 0.0905355 -0.0650625 -0.3095177 0.1014304 -0.4773426 0.2487617 0.0167457 -0.2006984 -0.3391463 -0.3869607 -0.4088036 -0.3134655 -0.2892086 -0.4074030 -0.5574326 -0.4240154 -0.2673722 -0.1236244 -0.2254266 -0.2065816 -0.3804874 -0.3126679 -0.1206329 0.0615082 -0.0470890 -0.0647905 -0.2850342 -0.1138049 -0.0570343 -0.2759551 -0.1242801 -0.1271033 0.0203062 0.1186071 0.1448626 -0.1696251 -0.0601566 0.2349739 -0.1254022 -0.1337827 -0.1584970 0.0357103 0.0522663 -0.2261429 -0.3318719 -0.3275029 -0.1560827 -0.0894532 -0.0552380 -0.0625376 0.0434069 0.0002819 -0.2086627 -0.1981522 -0.0153245 -0.1082919 -0.3175407 0.1195656 -0.1445435 -0.2923557 -0.1299022 -0.2386442 -0.2134786 -0.0651707 -0.2190120 -0.0134208 -0.1957605 -0.0362454 0.0863268 -0.0600113 -0.0423713 0.1192271 0.2385633 0.0634212 0.0277314 -0.1133320 -0.1867525 -0.3296422 -0.0927496 -0.4382516 0.1370815 -0.2072211 0.1629172 0.2840710 0.1988790 -0.3995780 0.2494950 0.4475080 0.0897051 -0.1175955 0.1827310 -0.1621713 0.4583473 -0.1952590 -0.2846917 -0.1115192 0.2951207 0.0036061 -0.3215489 -0.0457763 0.1835219 -0.2099353 -0.3521172 0.0487251 0.3470680 0.1482366 0.1734463 -0.0628991 -0.0424291 0.2515634 -0.3650158 0.0407039 -0.1801226
