0.0000000 0.1431361 -0.2142108 0.0588979 -0.1851479 0.2542399 0.2718280 -0.1879415 -0.2291545 -0.0661613 0.2310332 0.2649823 -0.2105557 -0.0982622 0.0146446 0.1386020 0.3223978 0.1241503 0.0029452 -0.4503161 0.0656929 0.0763102 -0.0556860 -0.0391868 0.0689909 -0.0816923 0.3272068 0.0330464 0.0011792 0.2123760 -0.2597230 0.0735457 -0.2606257 -0.1714468 -0.1612075 -0.0066841 0.1563664 0.0770471 -0.0586368 -0.0648980 -0.1489988 0.2310206 -0.0679742 -0.2060349 0.3088861 0.0914434 0.0694737 0.2048701 -0.3907713 0.0722938 -0.0950541 0.0089470 -0.0771757 -0.1116583 0.0673152 0.2139466 0.2177747 -0.1313358 0.4251667 0.0593479 0.4875427 0.1450293 0.2961341 -0.0100837 0.1375511 0.2742922 0.3027655 -0.0017374 0.5070544 0.0671146 0.3449167 0.0340335 0.0488111 0.0620029 0.5038616 -0.0692024 -0.0604260 0.1110050 -0.0431592 -0.1966800 0.0343358 -0.2533167 -0.0738968 0.3050144 0.2189796 0.0699134 -0.0420373 -0.1402497 -0.2273165 -0.3426270 0.4214664 0.3335081 -0.1044378 -0.0928916 -0.0795429 0.2317981 -0.1279495 -0.1268124 0.0924179 -0.1653218 0.0133607 0.2929368 0.2527666 -0.0543112 0.2066382 0.3799633 0.2978467 0.2874604 0.2912780 0.3912849 0.2125298 0.3500155 0.5282455 0.3096269 0.2648418 0.2865399 0.0705336 0.2912248 0.3078955 0.1283127 -0.2931317 -0.0200229 -0.3304151 0.0959094 0.0324056 0.2395393 -0.0554848 -0.2497637 0.1091401 0.0462760 -0.0884549 0.1615727 -0.0462555 -0.1321669 -0.1072809 -0.0005051 0.0739530 -0.0645672 0.1433371 -0.0408145 -0.2234921 -0.0603909 0.0105809 0.1993770 0.2350505 0.0348862 -0.0354440 0.0967349 -0.1341412 0.0525063 -0.1523632 0.2813738 -0.0340686 -0.0970104 0.0821793 -0.0005703 -0.1624443 0.1492423 -0.1407204 0.1029977 -0.0929752 0.0262912 -0.2799255 0.1704696 -0.0322490 -0.0329779 -0.1195413 -0.2873723 -0.1752562 0.0811803 -0.3070111 -0.2076420 0.5236295 0.5974749 0.3408346 -0.0605270 0.0439565 0.1239566 0.0143013 0.1080741 -0.0316131 0.1636062 0.3458956 0.0937588 0.3314913 0.3750069 0.3234144 0.1356382 -0.0408719 0.0578822 0.2171530 -0.1330050 0.2540529 0.1892136 0.1597465 0.1912985 0.3405182 0.1367164 -0.0355606 0.2509625 -0.0424479 0.2403066 0.1233498 -0.0619780 -0.3574452 0.5232002 0.3671413 -0.2757749 0.2672370 0.6219155 0.4692014 0.2963296 0.1368214 0.0983404 0.1653251 -0.1151993 0.3170637 -0.1910395
0.1431361 0.0000000 -0.0126794 -0.0922534 0.0678331 0.2290576 -0.4272505 0.0932873 -0.0161619 0.0059484 -0.0960806 -0.4239916 -0.2824370 -0.4757233 -0.2805732 -0.0795524 -0.1079347 -0.5195703 0.1761223 -0.6585961 -0.1220674 -0.4968685 -0.0635069 -0.3299267 0.0083220 0.0240316 0.1915115 -0.4753358 -0.2281071 -0.3154006 -0.4259779 -0.0300080 -0.5543051 -0.2526380 0.0296534 -0.0336726 0.0764858 -0.1290847 0.0665272 -0.0248078 -0.2278648 0.1119427 0.1735195 -0.3857623 0.3259432 0.0288028 0.0597714 -0.1249550 -0.5318428 0.1351324 0.1348511 0.2738079 -0.1712953 0.1565508 -0.1330722 -0.0986275 -0.0206329 -0.3060313 0.2985920 0.1100611 0.1806154 0.2321598 -0.2622367 -0.1937552 -0.1480609 -0.0950959 0.0115232 0.0868790 -0.2602284 -0.0378097 -0.0618525 -0.2664680 0.1225953 -0.3970064 -0.1742245 -0.0751047 -0.3760438 0.2017380 0.1207324 -0.2246581 0.1734610 0.1495979 0.2456186 -0.3281207 0.0129448 -0.1406147 -0.2403225 0.4124906 -0.5225686 -0.0415392 -0.0677789 -0.2664428 0.5495376 0.0110252 -0.1063761 0.0273535 0.4037172 0.6081944 0.0734629 0.1996111 0.0722858 0.3618159 0.3955462 0.0943440 0.3041874 0.2766196 0.2894701 0.4199727 0.3806405 0.3377245 0.3584126 0.2130139 0.3898679 0.2006826 0.2510196 0.3307775 0.1171193 0.3663875 0.4214917 0.2935016 0.2333606 -0.1333023 0.2970400 0.4392789 0.4408052 -0.0157524 0.3538964 0.3388946 0.0715864 0.4282830 0.3091857 0.7782137 0.4699713 0.6369869 0.6146510 0.4962005 0.4086230 0.1184137 0.3122646 0.4796853 0.5481245 0.4011732 0.4339417 0.7745348 0.2307974 0.4191883 0.3115146 0.4127475 0.1209108 0.6869327 0.6128403 0.7889388 0.3512270 0.5041599 0.5914781 0.6386086 0.6438952 0.6561985 0.1376247 0.6145933 0.5852507 0.8490824 0.3100991 0.7181474 0.6518831 0.6193398 0.2936582 -0.2797461 0.3756424 0.7281900 0.3380380 0.3002101 0.5471977 0.0904714 -0.0198519 -0.1227036 -0.0641505 0.1678859 0.0362398 0.1498754 0.2738890 0.1655317 0.2845534 0.2671746 0.0590245 -0.0748913 0.0736807 -0.1690237 -0.3100002 -0.1784033 0.0364336 -0.1155985 -0.1877931 -0.1356842 -0.0031889 0.0193622 0.2578934 -0.3462494 0.0864954 0.2057009 -0.0224542 0.1929544 0.3052380 0.1795757 -0.1109673 0.0452477 -0.1180448 -0.2387862 0.3739094 0.0801831 0.3018482 0.1690158 -0.1413346 0.0089490 -0.0256985 -0.2011104 0.2484726 0.2833079
-0.2142108 -0.0126794 0.0000000 0.3939873 0.4926541 0.3741222 0.3382627 0.4489540 0.4038638 0.3783244 0.2030482 0.4601086 0.5082590 0.1101212 0.4484957 0.0089201 0.1599055 0.1222150 0.1836173 0.0483638 0.4516416 0.1608473 0.3131243 0.2142178 0.3105547 0.2016498 0.0129004 0.0656793 0.4031718 0.1547564 0.5519816 0.2865461 0.1085515 0.4220668 0.3188149 0.3887083 0.1173806 0.2135899 0.4680497 0.3805727 0.5308104 0.4762100 0.3693326 0.0033836 0.3032447 0.2460198 0.2357370 0.1652374 0.2214160 -0.3116856 0.2910790 0.2767473 0.3414083 0.4358009 0.3274480 0.2864533 -0.0176985 0.2570516 0.0135188 0.1008078 0.3784313 0.0116003 0.2703721 0.4066748 0.4050126 0.0781286 0.1775805 0.1356520 -0.1592321 0.2964887 0.3018293 0.3886442 0.0256269 0.5417560 -0.0894511 0.3075149 0.4429840 0.1034543 0.1281512 0.5884500 0.2792760 0.0502891 0.0532542 -0.3664435 -0.0045497 -0.1832568 -0.0114318 0.0364230 -0.1930107 -0.4357366 -0.1452507 0.0535807 -0.3144212 -0.0223757 -0.3177000 -0.5810638 0.0139453 -0.2888208 -0.2794701 -0.2424548 -0.1741940 -0.5316281 -0.0006063 -0.0906599 -0.2329933 -0.5817022 -0.0233828 -0.0181357 0.0170015 -0.1023481 -0.5580811 -0.1386595 -0.2759119 0.1459353 0.1142620 0.0010616 0.2667564 -0.0423958 -0.0314453 0.2717067 0.2816841 0.2619934 -0.0499366 -0.0237220 0.3545906 0.4092461 0.1073373 -0.0056503 0.6552775 -0.0584786 0.2225491 -0.0147216 -0.0459496 -0.0471153 0.0583147 0.2862594 0.0732286 0.5256583 0.4111021 0.4401220 0.3976069 0.5843391 0.2809667 0.2759208 0.2640935 0.4287431 0.3978883 0.3153017 0.3551949 0.3286897 0.3878020 -0.0729564 0.1846102 0.2885049 0.0144691 0.0884517 0.3540100 -0.0703463 0.5058531 0.2829204 -0.1188894 0.0349267 0.0714167 0.0395381 -0.1347652 -0.1782150 0.1277687 0.4710340 0.6387143 0.2023576 -0.0155483 0.3524685 -0.4277198 0.2667893 0.2365457 0.3108112 0.3710790 0.2648165 0.2891857 0.3153942 -0.0298259 0.3037940 0.2095160 0.3304003 0.3482611 0.4793526 0.5263951 0.3640145 0.5829003 0.3358360 0.1575319 0.3687532 0.2414408 0.1441389 0.4573328 0.3675450 0.3078485 0.4425487 0.4935194 0.3373202 0.6140858 0.0299860 0.0566753 0.3232067 0.6931522 0.4766472 0.3520156 0.5301141 0.1827460 -0.0233179 -0.1985213 0.1734666 0.4893232 0.3925307 0.6723846 0.2025208 -0.0302023 0.4144736
0.0588979 -0.0922534 0.3939873 0.0000000 -0.3183665 0.4831566 0.1458604 0.0732945 0.7318989 0.8210474 0.4530810 0.6149571 -0.1344872 0.5428843 0.8053331 -0.0668439 0.4888079 0.4295396 -0.0684619 -0.1165090 0.4267124 0.1130718 0.1574299 0.6848587 0.1194866 -0.0109854 0.3337210 0.3786034 0.7239277 0.5049621 0.0832900 0.0906187 0.4045707 0.6979484 0.1029381 0.3076160 -0.1255160 -0.0686867 0.4379222 0.4520665 0.2155465 0.5035046 0.2870121 0.0508341 0.3743997 0.1024449 -0.0908858 -0.0863971 0.4346505 -0.1081424 0.0637289 0.2632626 0.6693084 0.3584730 -0.1767161 0.0212075 -0.1380031 0.4327260 -0.3353213 -0.1261340 0.1953152 -0.0427279 0.0844553 0.6905000 0.6063299 -0.2444201 0.0736259 0.2001603 -0.0905369 0.4243253 0.1543672 0.6610165 0.2298474 0.4146951 -0.2041846 0.7086118 0.6668565 0.2287707 0.5658275 0.5757718 0.4376619 0.1215930 0.1113930 -0.1451652 0.0277578 -0.0275372 -0.0162505 -0.2613863 0.0488251 -0.3929787 -0.1225696 0.2138915 -0.4661635 -0.3062264 -0.3681369 -0.2286254 -0.3408409 -0.3315977 -0.3896600 -0.4039052 -0.3982020 -0.5213185 0.1047942 -0.3289990 -0.4646418 -0.2577400 -0.0108783 0.0959160 -0.2168099 0.0205948 -0.5130031 0.0995448 -0.0594503 0.3469322 0.2509756 0.2988174 0.5712592 0.2899953 0.4073790 0.4968405 0.3530421 0.5866200 0.2364080 0.1308609 0.3768465 0.6299047 0.2890715 -0.0501290 0.5856489 0.1727111 0.1787046 0.2351413 0.0890071 0.0948012 -0.0429614 0.0950825 0.0825689 0.3945262 0.1865109 0.4272640 0.1736270 0.3693643 0.0219200 0.2348386 0.3750314 0.3777038 0.1922839 0.0979464 0.1363068 0.2254771 0.2105477 0.1975930 0.1392682 0.2554075 0.0078793 0.2881307 0.1415924 0.2144855 0.1845635 0.1593063 0.0903038 0.1303789 0.1381216 0.0920784 0.0854730 0.1739377 0.1863228 0.1220123 0.2666791 0.2023310 0.0819129 0.2323307 0.0438696 0.4054203 0.1751924 0.1638263 0.1704035 0.0453505 0.0479265 0.1179196 -0.0559164 0.1143033 -0.1022422 0.0392310 -0.1008720 0.0137429 -0.2068060 -0.2159904 0.5817647 0.7357377 0.4265463 0.6423662 0.1459476 0.1443065 0.5905941 0.4382800 0.4784293 0.4833673 0.4848676 0.6225588 0.3697442 -0.2303958 0.2174247 0.2504480 -0.0183892 0.2465535 0.1842758 -0.2265764 0.1446738 -0.1750854 0.2028483 0.3152591 -0.2529017 -0.1029604 0.5633252 -0.0603613 0.3103912 0.1413567
-0.1851479 0.0678331 0.4926541 -0.3183665 0.0000000 -0.1158898 0.3953044 0.5236580 -0.1379571 -0.1786634 -0.2335897 -0.0460697 0.5189787 -0.3382491 -0.2053989 0.0812951 -0.2890912 -0.3587903 0.2697797 0.1722042 0.1265138 0.1904513 -0.0266232 -0.4384238 0.2690225 0.1053349 -0.2080757 -0.3559470 -0.2477255 -0.1615102 0.2622150 0.3048798 -0.4577425 -0.3460728 0.2441399 -0.0703132 0.1828003 0.3902380 0.2324357 0.1585951 0.2133927 -0.1359812 0.1966559 -0.1383234 -0.1875476 0.1972452 0.2758988 0.2498461 -0.3705871 0.2040666 0.2928982 0.1343921 -0.2870177 0.2070770 0.3854272 0.3125045 0.0713789 -0.1500198 0.3689136 0.1911891 0.0560672 0.1546261 0.2185260 -0.1389215 0.0773187 0.1204736 0.2097712 0.0942517 0.0651834 0.0545232 0.1869725 -0.1629791 0.1261475 0.3906848 0.1744940 -0.2147918 -0.1382293 0.2159922 -0.1397149 0.1940914 -0.0154247 0.0642834 -0.0764156 -0.4252998 -0.3077384 -0.3251762 -0.0558175 0.2315269 -0.3239416 -0.1515689 0.1724100 -0.2430456 0.0720227 0.1182911 -0.1565777 -0.2417804 0.2697713 -0.1412174 -0.0253591 0.0355507 0.1630600 0.0128816 -0.3984817 0.2291376 0.0126837 -0.3840179 -0.3865214 -0.4383733 0.0940969 -0.4003245 0.0604631 -0.4543253 -0.4052629 -0.1644931 -0.2421939 -0.1429390 -0.0453093 -0.2456487 -0.2329452 -0.1406231 0.0937196 0.0312881 -0.1860241 -0.1523475 -0.0371141 -0.2489490 -0.0627303 -0.0269122 0.0169259 -0.2264099 0.0899413 -0.1460771 -0.0452935 -0.2694290 0.1146538 0.0097516 -0.1528593 -0.0378617 0.1380082 -0.1058665 0.0721869 0.0612277 0.1040707 -0.0262502 -0.0869003 -0.0788976 0.0716988 0.0304780 0.0682749 0.0167972 0.1294717 -0.1677595 0.1516275 -0.0443748 0.0306506 -0.2084247 0.1446722 -0.1892548 0.0926315 0.1522988 -0.2275242 -0.0933164 -0.0985939 0.1070501 -0.0895939 -0.0941001 0.1394772 0.2220687 0.4096086 0.1466286 0.0547940 0.2569425 -0.2857551 -0.0307894 0.2850125 0.5141667 0.4303962 0.4788481 0.2912764 0.1860136 0.1792201 -0.0869369 0.1699332 0.0198057 0.5078503 0.4261674 0.5782163 0.6970361 0.1469703 -0.3465532 -0.2722695 -0.2468546 0.4145646 0.1468685 -0.1231601 0.0346047 -0.0745016 0.1556967 0.1175413 -0.3295299 -0.0396503 -0.0719486 -0.4823726 -0.2045254 0.4632208 0.4175226 0.1038700 0.5478262 -0.2397518 -0.0340542 -0.6981673 -0.4164773 0.5131524 0.3693088 0.2035701 0.2169195 -0.1068006 0.4416072
0.2542399 0.2290576 0.3741222 0.4831566 -0.1158898 0.0000000 0.1789535 0.1608110 0.4231262 0.3570663 0.2413135 0.2631675 0.0070087 -0.0944340 0.2795283 -0.0613423 0.3627098 0.1086539 0.2543809 -0.4753804 0.1753458 -0.1418565 0.2591992 0.0999881 0.3771104 0.3228104 0.4144471 0.1174000 0.0513374 0.2736509 0.0149410 0.3175557 -0.0241184 0.1116384 0.2371909 0.0709239 0.2727122 0.0954328 0.3626430 0.4211878 0.0333465 0.2151442 0.3236784 0.1976655 0.2652633 0.2585230 0.1611875 -0.0015669 0.0137155 -0.2458123 0.2794356 0.4335078 0.0218115 0.6099326 0.0489686 0.1221668 0.1143060 0.4536976 0.2291154 0.3245365 0.4523021 0.1813981 0.1140098 0.2358841 0.1733799 0.0338085 0.2956910 0.1714506 0.1612381 0.2484681 0.3219348 0.1728164 0.1238582 0.2573671 0.2210757 0.1947584 0.1833270 0.2487556 0.1143960 0.1461398 0.1672178 0.1644774 0.2575824 0.0035211 0.3065911 -0.1839549 -0.3205457 -0.0124251 -0.1510226 -0.3859020 0.0410634 0.3904597 -0.2749146 -0.1123879 -0.4706273 -0.4210044 -0.0618383 -0.1149068 -0.1218705 -0.0389975 0.0171215 -0.2222647 0.3603422 -0.0376196 0.0243440 -0.1250648 0.0114446 0.4248949 0.0419651 0.3448832 -0.0527807 0.2454627 0.5254134 0.4405274 0.4681241 0.4842315 0.4521576 0.6116936 0.5130981 0.4700561 0.3251912 0.3462530 0.2113217 0.3054005 0.2323908 0.2528658 0.3622815 0.3760991 0.3735593 0.3347138 0.2274605 0.3113554 0.2380564 0.2014693 -0.1004816 0.3713109 0.2244273 0.2183191 0.2819434 0.3852543 0.1393970 0.2576397 0.2791561 0.5026115 0.1072437 0.4224959 0.0735814 0.0522300 -0.0177497 0.4095467 0.4406490 0.2599717 -0.1874579 0.2142268 -0.0323499 0.4243837 0.4443783 0.0902205 0.1203155 0.5966506 0.1863852 0.2795045 0.3146750 0.5272504 0.0121726 0.0672134 0.2180426 -0.1745925 0.1507045 0.3027543 -0.1998695 -0.0866400 0.0081428 0.3906241 0.5039266 0.3374275 0.3783430 0.4434823 0.2524559 0.2920081 0.0973612 0.3753210 0.3802278 0.3094017 0.1928064 0.3992441 0.1329912 0.0673009 0.2514738 0.2461532 0.3954578 0.0328921 0.4322053 0.4139889 0.4442662 0.4538660 0.5102195 0.3974779 0.0330255 0.3130547 0.4589236 0.1905155 0.2733745 0.2696138 0.0916723 0.3730537 0.1229124 -0.1604609 0.2636657 0.2365959 0.3169387 0.0810062 0.0040044 0.1252898 0.3715962 -0.0394022 0.2008891 0.1579678
0.2718280 -0.4272505 0.3382627 0.1458604 0.3953044 0.1789535 0.0000000 -0.0398129 0.1427551 0.1225056 0.1876904 0.5513376 0.2561533 0.1892927 0.2256646 0.0602226 0.1001780 0.3479280 -0.0041744 0.1754497 0.1643426 0.4755909 0.0665920 0.1227606 0.2148338 -0.0008011 0.0941886 0.1432726 0.0518363 0.2886150 0.3056038 0.3124093 0.0258657 -0.0793726 0.0892048 -0.0977255 0.1837873 0.2836398 0.1151150 0.0963085 0.0666433 -0.0790677 0.1245826 0.0677567 -0.1454969 0.1713249 0.1394554 0.2008514 0.0787244 0.0396672 0.1273458 0.0399105 0.1021776 0.0995191 0.2771574 0.3487989 0.1485505 0.3029789 0.1464933 0.1856653 0.3277621 -0.0039014 0.5189670 0.3813781 0.5038409 0.0960741 0.1847520 0.0897689 0.4192634 0.1986131 0.2708457 0.4709380 0.0584454 0.8639230 0.3065201 0.1488159 0.4531719 -0.0031867 0.1278430 0.4658159 0.1233511 -0.1684377 -0.2911668 0.1459934 -0.2554830 -0.1591727 -0.0793388 -0.0271895 0.1651879 -0.3044463 0.5625069 0.3988448 -0.1269780 0.3308287 -0.0878108 0.0929888 0.1229383 -0.4096461 -0.1184633 -0.0392862 0.2696056 -0.0214587 -0.3760855 0.2715441 0.0781444 -0.1962008 -0.4469351 -0.3992270 0.2285254 -0.4775944 0.0865663 -0.3510449 -0.1776230 0.0102288 -0.1211097 -0.1128902 0.0649371 -0.1976195 -0.1792547 -0.1101283 0.0255611 0.2748359 -0.2884606 -0.1684534 -0.0424695 0.0380753 -0.1366699 -0.4616407 0.0358489 -0.3561948 0.0103609 -0.4759051 -0.2943140 -0.5095561 -0.4409853 -0.4205218 -0.3118532 0.1068842 0.0337216 -0.3697421 -0.4254192 -0.1208180 -0.2960006 -0.3938553 0.1477237 -0.3748005 0.0186735 -0.2550871 -0.0766848 -0.3205829 -0.2410026 -0.2992661 0.1438591 -0.3039941 -0.4963009 -0.3731278 -0.2324107 -0.2773108 0.0279769 -0.1381414 -0.5332729 -0.4014180 -0.3495788 -0.2170607 -0.3634202 -0.2509016 -0.1379515 0.2208078 0.1780405 -0.1596731 -0.1578792 0.0928537 -0.2108174 0.4536885 0.5423765 0.5719958 0.3530806 0.3159482 0.0925923 0.0125389 0.0254561 -0.1261576 0.0459069 -0.1855038 0.3241321 0.6923882 0.3464335 0.5951593 0.5811527 0.2467210 -0.2131287 0.0169542 0.6506800 0.2360711 -0.0668624 0.1538101 -0.0065032 0.5231758 0.1939727 -0.1471258 0.3152203 0.1036028 -0.2448062 -0.2326995 0.0907843 0.4729909 0.2361720 0.3288060 0.0716778 0.4129980 -0.2075923 -0.1311758 0.2587401 0.2768040 0.3808233 0.1876902 -0.0251607 0.3706138
-0.1879415 0.0932873 0.4489540 0.0732945 0.5236580 0.1608110 -0.0398129 0.0000000 0.2413035 0.2972731 0.3240619 -0.0357402 0.6983305 0.0266727 0.1428789 0.4465074 0.3045779 -0.2034216 0.6087581 0.1713817 0.4697347 0.1419759 0.5187589 -0.3497399 0.5695643 0.5228866 0.0388594 -0.1005521 -0.0154257 0.1770815 0.2824024 0.3980961 -0.2909941 -0.0427288 0.6752925 0.3724836 0.3394126 0.4831964 0.7009073 0.6117920 0.5802952 0.2226520 0.5906715 0.1071943 0.0084986 0.5986442 0.5731834 0.2384682 -0.2119110 0.1128434 0.6199155 0.4965255 -0.1812329 0.6502119 0.2344403 0.4870231 0.2934938 0.1602740 0.3994578 0.3707786 -0.0831104 0.5485916 0.0280310 0.1739951 0.0640377 0.2216272 0.6435665 0.5333546 0.0269667 0.5764204 0.3481942 -0.0433649 0.4699948 0.2177171 0.2505367 0.0930586 -0.1247205 0.5339831 -0.1135417 0.0461024 0.2865417 0.3683310 0.4281930 -0.4652598 0.1822424 0.1208296 0.4342072 0.0571835 -0.1877296 -0.1531935 -0.2888469 -0.0090506 -0.4050318 -0.3650835 -0.2202711 -0.2058801 -0.0281594 -0.2076652 -0.0376728 -0.0950563 -0.1142752 -0.1845416 0.1196221 0.0248775 -0.5741715 -0.1777059 -0.1172435 0.0481578 -0.5636320 0.1328611 -0.4905909 0.1036823 0.0220574 0.3176529 0.0424756 0.3472091 0.4627863 0.1800812 0.3846854 0.4228514 0.5198302 0.5351723 -0.0900644 0.0976408 0.1373574 -0.1697820 0.4048317 0.2261099 0.2072471 0.2451696 0.1526821 0.0885127 0.1506806 0.0388184 0.3053838 0.1139505 0.1201919 -0.0319130 0.1774967 0.2235647 0.0967984 0.0779612 0.4026276 0.3026421 -0.1613039 0.1227338 0.0759676 0.2588647 0.0346959 0.1469156 0.2742895 -0.1613761 -0.1943560 -0.0939975 0.2922060 0.0052199 0.4222039 -0.2858792 0.2673273 0.4096979 0.0947549 0.0183008 0.3008185 0.4387684 0.0099760 -0.1183992 0.1311421 0.1494971 0.3889991 0.2584988 -0.0328618 0.1462333 -0.3765463 0.0492259 0.2838479 0.3963870 0.6294788 0.5133317 0.6639979 0.7040064 0.5622925 0.4647779 0.4281725 0.4184278 0.5141177 0.0180844 0.1655174 0.2071461 0.0171110 -0.3214920 0.3759383 -0.2355368 0.4402789 0.5277613 0.2965364 0.3874866 0.3135621 0.4338892 0.1448570 -0.1059398 0.2209098 -0.0264373 -0.2763880 0.2575628 0.5569234 0.5224768 0.2561834 0.4456478 -0.3499599 -0.1145501 -0.4383598 -0.3604653 0.4821130 0.2700420 0.2437673 0.3722104 0.3319650 0.3496113
-0.2291545 -0.0161619 0.4038638 0.7318989 -0.1379571 0.4231262 0.1427551 0.2413035 0.0000000 0.8870293 0.4222683 0.3862103 -0.0625948 0.6802781 0.7600887 -0.0944610 0.3730228 0.5422464 0.1044006 0.0418258 0.4706808 -0.0407404 0.2974039 0.6126088 0.3358319 0.1292510 0.3385950 0.5232941 0.4971816 0.6648167 0.0778388 0.0333591 0.4928904 0.5522568 0.3944472 0.3684341 -0.0468741 -0.1719729 0.6637238 0.7003278 0.1109060 0.3303485 0.4876928 0.4146494 0.0655183 0.2214147 0.1152484 -0.3716437 0.5963485 -0.3276257 0.3822605 0.4799543 0.5587452 0.5795420 -0.4533842 -0.0376317 -0.1229388 0.6888830 -0.0171695 0.1043615 0.1034561 0.1463296 -0.1549845 0.7387742 0.6194915 -0.4622898 0.1048409 0.3243778 -0.2724629 0.5196895 -0.0549503 0.6486017 0.2337327 0.4269870 -0.3517987 0.6291059 0.5052496 0.1391069 0.4415659 0.4764883 0.5228556 0.2160441 0.1328474 -0.3402022 -0.1113460 -0.1554935 -0.0083321 0.0700447 0.0119527 -0.2539583 -0.1493854 0.1540710 -0.1662234 -0.2592866 -0.4124483 -0.1799476 0.0008756 -0.0900914 -0.4665431 -0.0736951 -0.2728742 -0.4751180 0.0591603 -0.1913003 -0.3466102 -0.3657885 -0.2115140 0.0140793 -0.1837050 -0.1945219 -0.3377556 -0.0840957 -0.0249230 0.3507920 -0.0258089 0.2468512 0.5527838 0.0783982 0.2193025 0.4792654 0.6341181 0.7079798 0.2689542 0.1273287 0.2853565 0.3306259 0.4242001 -0.0003999 0.4278057 0.0871662 0.1473402 0.0732389 0.0069444 0.0274308 -0.1110241 -0.0497858 -0.1778848 0.2538483 -0.0469874 0.3686273 -0.0338930 0.2184974 0.0758933 0.3235298 0.0807584 0.0902324 -0.0374221 -0.1849706 -0.1390834 0.1342145 0.3472565 -0.0622171 0.0053203 -0.0264201 -0.1728291 0.2236829 0.2528365 -0.0292364 0.1917959 0.3680631 0.0743490 0.1437786 0.2491321 0.2380455 0.0492290 -0.0003736 -0.0303097 0.0451993 0.2983402 0.2696644 0.0541001 0.1885258 0.0240548 0.3900066 0.3634309 0.3823680 0.4610101 0.2453733 0.3763005 0.3653758 0.2933240 0.2986254 0.1685891 0.2526850 0.1340136 -0.1008975 -0.3215087 -0.2732407 0.4873785 0.5118984 0.3936770 0.3631833 0.1742018 0.3803714 0.4620049 0.4295189 0.4521317 0.4875690 0.4948000 0.3510453 0.5206924 -0.0971071 0.1529683 0.3234261 -0.0218876 0.2010590 -0.0440439 -0.0838521 0.0428313 -0.2804455 -0.0114460 -0.0024639 -0.3424744 -0.2075841 0.3109549 0.0532132 0.2832437 0.4596473
-0.0661613 0.0059484 0.3783244 0.8210474 -0.1786634 0.3570663 0.1225056 0.2972731 0.8870293 0.0000000 0.6696331 0.4032017 0.0539356 0.6969558 0.7804163 0.1388421 0.5799192 0.5433616 0.1780568 -0.0025934 0.4349756 0.0833706 0.3921628 0.5799156 0.4012832 0.1699003 0.3486873 0.4675805 0.5738444 0.6350568 0.1203728 0.1676323 0.3522712 0.5526807 0.4091687 0.3114549 0.0287943 0.0303638 0.7295988 0.6877744 0.2820003 0.3565740 0.5805900 0.1039025 0.0981981 0.3631032 0.1581144 -0.0937112 0.3953171 -0.2588920 0.3918771 0.5522937 0.5400972 0.5634082 -0.2613647 0.1623846 0.0059328 0.5140205 -0.1577766 0.1132797 0.0062012 0.2277613 -0.0315131 0.7808286 0.5403538 -0.2712059 0.2579891 0.4351076 -0.2579293 0.6796435 0.1374404 0.7079099 0.3962645 0.4649538 -0.2397224 0.7626597 0.6090326 0.2143224 0.4659144 0.5171303 0.4327579 0.2464177 0.2088485 -0.2850091 -0.0397489 -0.1022410 0.0763758 -0.0972716 -0.1292634 -0.4972649 -0.0407203 0.1168159 -0.2565313 -0.3316290 -0.4274045 -0.1673550 -0.0873115 -0.2593049 -0.5202315 -0.0876665 -0.3762958 -0.4391519 0.1155960 -0.1561109 -0.4822337 -0.2440089 -0.1570015 0.0616907 -0.1991631 -0.0977949 -0.4810189 0.0707743 -0.0251925 0.5098419 0.1285928 0.3800033 0.6968089 0.1357312 0.3968798 0.4616386 0.6192086 0.7616227 0.2020340 0.2525966 0.3129290 0.3535719 0.4402332 -0.0001082 0.3669461 0.2237386 0.1317386 0.1806501 0.0261987 0.1328122 0.0169907 0.0017441 -0.0970475 0.2376818 -0.0519610 0.4181475 0.0760359 0.2022165 0.0806074 0.3568561 0.1105766 0.1494386 0.0118623 -0.0548410 -0.0373108 0.1875766 0.2696695 0.0516478 0.0570104 0.0787749 -0.0247296 0.2200382 0.1851318 0.0818262 0.2479153 0.2325846 0.1559796 0.1827017 0.3110778 0.1645259 0.1618921 0.1197147 0.1344452 0.0858472 0.3163306 0.2752108 0.1598225 0.2590907 0.0137890 0.4321404 0.2331526 0.3230345 0.3652035 0.1767668 0.2321286 0.3369236 0.3205028 0.2536571 0.0600868 0.2303041 0.0318921 -0.1338006 -0.3055835 -0.1945353 0.5663276 0.5769298 0.3926251 0.3979281 0.2372742 0.2781810 0.4750998 0.4370976 0.5508955 0.5235561 0.4630727 0.4345088 0.4591224 -0.1436901 0.0917047 0.2590777 0.0242786 0.2976986 0.0310732 -0.0744743 0.1171131 -0.2196258 0.0542098 0.1213304 -0.2416037 -0.1644699 0.4676456 0.1075101 0.4020676 0.3734279
0.2310332 -0.0960806 0.2030482 0.4530810 -0.2335897 0.2413135 0.1876904 0.3240619 0.4222683 0.6696331 0.0000000 0.1770181 0.3008379 0.5684001 0.3670140 0.6272378 0.7119829 0.4015200 0.3794049 0.1917738 0.1818559 0.3354274 0.6452811 0.1619981 0.4735153 0.3523031 0.1201310 0.3355845 0.2615597 0.4747074 0.3467084 0.2314161 0.1331041 0.2800404 0.3993183 0.2271801 0.2586111 0.2311563 0.5116124 0.4006061 0.4389157 0.2416115 0.4790839 -0.0288956 0.1032233 0.4756181 0.3587560 0.2035507 0.1327636 -0.2383018 0.3316059 0.3942428 0.2683641 0.4232242 0.0615547 0.4268229 0.3272204 0.3312677 0.0328601 0.2552881 0.1088033 0.4233530 0.1494462 0.6235638 0.2894190 0.2454608 0.4912264 0.5515942 0.0724119 0.7496462 0.3029267 0.6136054 0.3833201 0.4179855 0.1184125 0.5379780 0.4567783 0.0436476 0.1250281 0.1590603 0.2091947 0.0364265 0.1383341 0.0976705 0.1943683 0.1803942 0.3381104 -0.0739811 -0.0482469 -0.3856352 0.0530426 0.3170413 -0.2632078 -0.0676308 -0.1828751 0.0694324 -0.1353005 -0.1837984 -0.3729850 0.0818630 -0.1692186 -0.0806487 0.1493210 0.1009895 -0.4047467 0.0162850 0.0833057 0.1672746 -0.1043553 0.1052078 -0.4621621 0.2973655 0.2292547 0.4761075 0.0829354 0.3563905 0.4646034 0.0508609 0.4118370 0.3473758 0.3993335 0.6006091 -0.1836615 0.2306737 0.2280920 0.1560967 0.1772110 -0.1297206 0.1439692 0.1669234 0.0504440 0.0385888 -0.1931563 0.0654288 0.0369720 -0.0745561 0.0109917 0.2616673 0.0324018 0.1107979 -0.0588073 0.0384099 0.0733279 0.1672573 0.1167618 -0.0421554 0.1383119 0.2488715 0.0104032 -0.0349061 -0.0451732 -0.1128649 0.0045083 -0.0988556 0.0232614 -0.0198926 0.0809526 -0.0650895 0.3174649 -0.0256935 -0.0156340 -0.0433088 0.2149746 0.0061013 -0.0246348 -0.0730395 -0.0006912 0.1724468 0.2074388 0.0452307 0.0546360 0.0655784 -0.1355579 0.4305379 0.1817648 0.1212594 0.1560273 0.0402015 0.1613253 0.3575091 0.4480624 0.3462948 0.2117420 0.2904224 0.1514175 0.0826878 -0.0775349 -0.0192931 0.3966014 0.3045937 0.2776250 0.0310006 0.3184589 0.2796335 0.2335457 0.2985054 0.3236061 0.4232435 0.1117882 0.1715450 0.4292587 0.2952460 0.1751058 0.2733062 0.0824925 0.3094155 0.4126535 0.2151129 0.1150173 0.3809938 0.1583144 0.1409048 0.2336143 0.1405061 0.4042539 0.3469004 0.5531100 0.3249415
0.2649823 -0.4239916 0.4601086 0.6149571 -0.0460697 0.2631675 0.5513376 -0.0357402 0.3862103 0.4032017 0.1770181 0.0000000 0.0935949 0.4687256 0.7927654 -0.3283887 0.2937498 0.5468393 -0.3944890 -0.0566847 0.7182715 0.1423363 -0.0275145 0.6773879 -0.0948612 -0.2226293 0.2373936 0.3835456 0.7014120 0.4005219 0.0552758 -0.0129785 0.4277952 0.5476069 -0.0508465 0.5509460 -0.1574833 -0.0208708 0.1875744 0.1812405 0.2200518 0.5927604 0.0369811 0.0422484 0.2099433 0.0302145 -0.0531779 0.0183293 0.4194045 -0.1942222 -0.0741072 -0.1032820 0.5689970 -0.0565272 0.0150207 0.1705251 -0.1254784 0.1915839 -0.0910982 -0.2183532 0.3425649 -0.3517180 0.4479741 0.5099467 0.6301246 -0.1410256 -0.0070859 -0.2047990 0.1574959 0.0770128 0.1592793 0.6073676 -0.1706673 0.6345464 0.0930200 0.2740897 0.6976133 0.0521252 0.1166763 0.7503058 0.4111994 0.0993462 0.0707362 0.0733892 0.0483736 0.1375674 0.0560299 -0.3997585 0.2454055 -0.4126526 0.1920407 0.3722489 -0.5964640 -0.1482800 -0.0806076 -0.0677545 -0.1939403 -0.5922054 -0.1694534 -0.4608724 -0.1132387 -0.4726949 0.1202078 -0.1807462 -0.2367972 -0.1672739 -0.0351082 0.0415870 -0.1427217 -0.0291939 -0.4331106 0.0863516 -0.1355884 0.2194600 0.3197487 0.0557319 0.3868237 0.0719996 0.0182970 0.1827584 -0.0936353 0.3053174 -0.3435321 -0.1957852 0.0592307 0.5821734 -0.0440485 -0.4997558 0.5579683 -0.2128204 -0.1552266 -0.2922720 -0.2437630 -0.3427781 -0.2883893 -0.2412018 -0.2030255 0.1832297 0.0203510 0.2660622 -0.1334109 0.2384963 0.0212128 -0.0533161 0.2090126 0.0964482 0.0245901 -0.1739847 0.2088573 -0.0176064 0.0033566 -0.1263883 -0.0347834 -0.0568406 -0.2833519 -0.1561900 -0.1289158 -0.2533785 0.2567097 0.0311524 -0.3154741 -0.2639522 -0.2613945 -0.1847064 -0.3271785 -0.2994444 -0.1084827 0.4026898 0.2413695 0.0200260 -0.1726199 0.2303576 -0.1425532 0.4843763 0.2212764 0.1790349 0.3788644 0.1333467 0.2880218 0.2723389 -0.2389621 0.2957618 0.1482283 0.1597696 0.2175222 0.2250427 0.1475952 0.1090321 0.7180186 0.6582596 0.4517777 0.6625988 0.3381552 0.3284569 0.6199808 0.5895609 0.5183607 0.7423072 0.6716533 0.5524727 0.4941565 -0.1685211 -0.0697664 0.2537322 0.2415963 0.5720261 0.3422152 -0.0058660 0.0592223 0.0328235 0.1928163 0.3583969 0.0546594 0.2612523 0.6689193 -0.2611920 -0.1148227 -0.1455178
-0.2105557 -0.2824370 0.5082590 -0.1344872 0.5189787 0.0070087 0.2561533 0.6983305 -0.0625948 0.0539356 0.3008379 0.0935949 0.0000000 -0.0413917 0.0337991 0.5175592 0.3432817 -0.0260639 0.5313433 0.3721578 0.2462512 0.4662420 0.6020590 -0.3384043 0.5146294 0.6331042 0.0050402 -0.0001031 -0.0819835 0.0565072 0.6454103 0.6115752 -0.1013618 -0.1012158 0.6351089 0.1723493 0.5199407 0.7639973 0.4738639 0.3799187 0.7521597 0.0086229 0.4958726 0.0643666 -0.1699752 0.6565098 0.6255483 0.6241660 -0.1173876 -0.0337761 0.5396162 0.3465468 -0.2991425 0.4316345 0.6829166 0.6788208 0.4971425 0.0952727 0.0855140 0.4331289 -0.1879983 0.3668258 0.3378076 0.0628309 -0.1943251 0.5540690 0.6330778 0.4071930 0.1061838 0.4742067 0.5823620 -0.0417587 0.3643081 0.3316584 0.4306186 0.0588414 0.0618453 0.2419412 -0.2616208 0.1092647 -0.1091727 0.2859393 0.3897595 -0.0378688 0.3218933 0.2478772 0.4259223 -0.0393866 0.0773773 -0.1784247 -0.1197449 0.0099511 -0.4352817 -0.0435351 0.0046117 -0.2309102 -0.0186614 -0.4040155 0.1906188 0.0407590 0.1083579 -0.2057999 0.1252701 0.2777890 -0.4708387 -0.1109981 -0.0490809 0.0419417 -0.4122616 0.0896312 -0.5301350 0.1528998 -0.0790297 0.2660182 0.1623436 0.1398023 0.2434940 0.0338434 0.1278157 0.1088524 0.3537561 0.2405795 -0.2294135 0.1565495 0.0450678 -0.3151718 0.1564990 0.0928845 -0.0448365 0.2045166 0.1542810 -0.3171569 0.0656361 0.0112102 0.0131255 -0.0295674 0.1585025 -0.0313764 0.1873721 -0.0129788 -0.0126351 -0.0716011 0.2114387 -0.1061576 -0.2105426 -0.0538661 0.1093960 0.1517212 0.1101731 -0.0330582 0.0067967 -0.3500016 -0.1795807 -0.1238267 0.0065017 -0.2359998 0.0736101 -0.4137168 0.3400421 -0.0135339 -0.1099998 -0.2436858 0.2040793 -0.1211952 -0.1698953 -0.2988333 0.0906073 0.4164744 0.2515725 -0.1619095 -0.0528797 0.1009972 -0.7465211 -0.1079605 0.0188894 0.2604746 0.3611750 0.2388172 0.3234241 0.4106933 0.3074804 0.2655524 0.1532367 0.2124006 0.2307209 0.1822086 0.2829555 0.4638782 0.1366594 -0.2917045 0.0483571 -0.2409025 0.4098223 0.2384195 0.0380146 0.1203058 0.0471256 0.3610396 -0.0601765 -0.3093380 0.3033144 0.1607030 -0.2909593 0.1368186 0.7836949 0.3939555 0.2342352 0.7535849 -0.1114854 0.0599510 -0.3630868 -0.2888287 0.6694931 0.3757244 0.3129139 0.5657052 0.0656641 0.1856812
-0.0982622 -0.4757233 0.1101212 0.5428843 -0.3382491 -0.0944340 0.1892927 0.0266727 0.6802781 0.6969558 0.5684001 0.4687256 -0.0413917 0.0000000 0.7109600 0.1133260 0.4550721 0.7740386 -0.1045540 0.4101829 0.4106867 0.1834696 0.2773910 0.7444594 0.1322691 -0.0816278 0.1277075 0.6667093 0.6566222 0.7084602 0.1863573 -0.1793529 0.6747867 0.6858318 0.1632652 0.4247791 -0.1724241 -0.1951212 0.3684723 0.3366616 0.1939744 0.3615261 0.2006197 0.2816404 0.0350599 0.1191222 0.0430699 -0.2121061 0.7333872 -0.3217486 0.1088004 0.0988688 0.7303924 0.1017606 -0.3886902 0.0587757 -0.0437260 0.5234682 -0.2101332 -0.0783874 0.0346993 0.0296724 0.0273941 0.8015294 0.6341243 -0.2555127 0.0067463 0.2218680 -0.0540177 0.4619408 -0.1395264 0.8124202 0.0725014 0.4389806 -0.2259288 0.5985475 0.6620879 -0.0533792 0.3046361 0.4485558 0.4666614 -0.0891630 -0.1297064 0.0276030 -0.0896293 0.1839185 0.2705070 -0.2245010 0.2795142 -0.1876127 -0.0985568 0.2306505 -0.2903662 -0.2309921 -0.1641020 0.1409681 -0.1944947 -0.2720527 -0.4106449 -0.1809589 -0.3895097 -0.3751569 -0.1029559 -0.2604081 -0.4789785 -0.2024472 -0.1275748 -0.1887134 -0.2785410 -0.2974782 -0.4808645 -0.1066353 -0.2529898 0.0736465 -0.2368435 -0.1430960 0.2317063 -0.3357567 -0.1106014 0.2169172 0.2345249 0.4919385 -0.1052062 -0.1713829 0.0592889 0.3901322 0.0805545 -0.4046392 0.3089220 -0.1843602 -0.1006069 -0.3208354 -0.3950480 -0.3249282 -0.1509300 -0.4213507 -0.3643780 0.2461238 -0.2737386 0.0178570 -0.3009373 0.0259629 -0.0686497 -0.1664218 0.0623438 -0.2860367 -0.0796570 -0.2203063 0.0230713 -0.3131147 -0.2413923 -0.4752278 -0.0059741 -0.3255841 -0.3336212 -0.2648657 -0.1554888 -0.3311332 0.2738631 -0.2371235 -0.2962588 -0.3022768 -0.0981985 -0.2734159 -0.2704097 -0.3224011 -0.3181519 0.3029389 0.0891971 -0.1238855 -0.0425188 0.1032634 -0.0419211 0.2882092 0.1113725 0.0437047 0.1583714 -0.1887182 0.1769616 0.1719457 0.1086887 0.2200434 -0.0113997 0.1410058 0.0183370 -0.2316306 -0.4190842 -0.3377565 0.5058355 0.6113623 0.3580390 0.4647821 0.0301432 0.2307398 0.3482115 0.2781400 0.2244964 0.4697725 0.4320374 0.3220939 0.3115149 -0.2097814 0.0822265 0.1933140 -0.0917795 0.0632919 0.2125153 0.0757260 -0.0994238 -0.1967157 0.0405976 0.2174571 -0.1970864 -0.1411071 0.1705637 0.0828985 0.1668560 0.1145395
0.0146446 -0.2805732 0.4484957 0.8053331 -0.2053989 0.2795283 0.2256646 0.1428789 0.7600887 0.7804163 0.3670140 0.7927654 0.0337991 0.7109600 0.0000000 -0.2070200 0.4028935 0.6520281 -0.2352923 0.0301671 0.7298161 0.0132959 0.1348209 0.7930524 0.0393454 -0.1350163 0.2537919 0.5011205 0.7978858 0.5855679 0.0753122 -0.0777207 0.5426803 0.7061742 0.1450909 0.5893724 -0.2246072 -0.1454576 0.4718720 0.4819532 0.2052919 0.6103213 0.2396856 0.2235551 0.1867609 0.1289767 -0.0614959 -0.1967913 0.6105287 -0.2620423 0.0859954 0.1705522 0.6855840 0.2305420 -0.2946771 0.0353065 -0.1958873 0.4539172 -0.1845339 -0.1767378 0.1384680 -0.1483327 0.0848904 0.7132127 0.6622496 -0.3432111 0.0492134 0.0479737 -0.1915514 0.3741984 0.0349231 0.6917732 0.0178210 0.4708953 -0.2086663 0.5566692 0.6625730 0.0863752 0.3182403 0.6725631 0.4866446 0.1449355 0.1327135 -0.2018822 -0.0082530 0.0625194 0.1780110 -0.3259247 0.1309367 -0.4248881 -0.0019948 0.3411623 -0.4884993 -0.3608897 -0.1684113 -0.1241392 -0.2093980 -0.4293018 -0.3581222 -0.4232417 -0.3806694 -0.5354348 0.1806983 -0.3680318 -0.4432719 -0.1973567 -0.0636643 0.0730206 -0.2960906 -0.0670921 -0.6195592 0.0720331 -0.1126160 0.4189623 0.2477997 0.2375911 0.6049016 0.0951029 0.1678284 0.3897515 0.2585815 0.5935516 -0.0689086 -0.0770216 0.1411364 0.5579643 0.1893198 -0.3114400 0.5687230 -0.0185265 -0.0819534 -0.1640765 -0.1633996 -0.1605090 -0.2240985 -0.1869487 -0.1788606 0.1604941 -0.0713152 0.4295686 -0.0880827 0.2444953 -0.0198180 0.1537894 0.1271813 0.1360709 -0.0677744 -0.1990497 0.0082880 0.0772984 0.1585154 -0.1250548 -0.1084542 -0.0788650 -0.2172866 -0.0612251 -0.0503564 -0.1959732 0.2155855 0.1392522 -0.1266200 -0.1017747 -0.0857593 -0.0656715 -0.1625023 -0.2476075 -0.1507143 0.2341407 0.2391098 0.0940874 -0.1577866 0.2023698 -0.0611251 0.4392352 0.1612853 0.1590540 0.4003844 0.0896501 0.3310658 0.3552667 -0.0845741 0.3440487 0.0937296 0.2143018 0.0980215 -0.0772258 -0.1875411 -0.2548514 0.6117779 0.6482999 0.5379005 0.6447350 0.1427232 0.3243365 0.6845562 0.5495720 0.5993677 0.6423752 0.6853742 0.5876500 0.5091796 -0.2708245 -0.0417608 0.2353458 0.1932175 0.4264882 0.1055722 -0.1077607 0.0049301 -0.2720041 0.1033234 0.2788705 -0.1269072 -0.0224045 0.5487912 -0.1067444 0.0330768 -0.0039633
0.1386020 -0.0795524 0.0089201 -0.0668439 0.0812951 -0.0613423 0.0602226 0.4465074 -0.0944610 0.1388421 0.6272378 -0.3283887 0.5175592 0.1133260 -0.2070200 0.0000000 0.5611768 0.0212727 0.7870840 0.3223217 -0.2607749 0.5481208 0.6667354 -0.3809697 0.6354435 0.6292385 0.1273271 0.0386255 -0.1447204 0.2678957 0.5661977 0.5639769 -0.2213332 -0.1056781 0.4997697 -0.2225121 0.5437448 0.6335412 0.3611616 0.2562728 0.4828101 -0.1032807 0.4440922 -0.0041633 0.1406665 0.6044352 0.5357311 0.5827305 -0.2451410 0.2022067 0.4463361 0.4532779 -0.1948543 0.4456506 0.4577336 0.5652604 0.6193308 0.2619113 0.0447963 0.5066405 -0.0251627 0.7538964 0.0929538 0.2529913 -0.1160475 0.6509024 0.7001192 0.7765741 0.2857717 0.7539470 0.5434344 0.0640064 0.6469320 0.0840976 0.3827399 0.3916737 -0.0647749 0.3493228 0.1947074 -0.3591692 -0.0431251 -0.2422757 -0.0079536 0.1559626 0.2959473 0.2560093 0.4047104 0.0886650 -0.0290613 -0.1023189 -0.1938306 0.0773308 -0.1193254 -0.0418993 -0.1509676 0.0917063 -0.1327548 -0.0651529 0.1361495 0.0739858 -0.1230895 0.1486193 -0.0244478 0.1228535 -0.4751734 0.1225892 0.0961722 -0.0269115 -0.2414155 0.1099040 -0.3086537 0.1062939 0.1217907 0.1752036 -0.1573605 0.0759654 -0.0101043 -0.0055546 0.3003049 0.2727640 0.4130609 0.2585354 0.0934608 0.3129959 0.2510187 -0.2040748 0.2790476 0.1774801 -0.1392570 0.3691069 0.3966082 0.0326766 0.1589316 0.1119648 0.2087317 0.0291361 0.3380935 0.2057839 0.3113169 -0.3052939 -0.0689066 -0.1135464 0.0384858 -0.1323896 0.1133913 -0.1523837 0.2885333 0.4370303 -0.0006935 -0.1034450 -0.2875686 -0.1766151 0.1284077 -0.1113350 0.2073219 -0.1072425 0.0585622 -0.0007906 0.1766508 -0.2108309 -0.0222952 -0.0626681 0.1458223 -0.0054139 0.0729383 0.0021924 0.0208959 0.0182330 0.0386224 -0.1710297 -0.0245616 -0.0857286 -0.1912507 0.0533512 0.0984000 0.0275329 -0.1135743 -0.0758325 -0.1202874 0.0413847 0.4120815 0.0001844 -0.0544824 -0.0196311 0.0135851 0.1773035 0.0032543 0.1492250 -0.1954867 -0.2358370 -0.0936592 -0.4378117 0.1817226 -0.0390647 -0.2260998 -0.2341486 -0.2109813 -0.0478946 -0.4148745 -0.2976066 -0.0759655 0.1670407 0.0745981 -0.1335672 0.0942290 0.0580062 0.3374448 0.5409408 0.0798900 0.2648747 -0.1369456 -0.0948220 0.4392310 0.0173531 -0.0931465 0.8258674 0.5771501 0.3425148
0.3223978 -0.1079347 0.1599055 0.4888079 -0.2890912 0.3627098 0.1001780 0.3045779 0.3730228 0.5799192 0.7119829 0.2937498 0.3432817 0.4550721 0.4028935 0.5611768 0.0000000 0.4301464 0.5232171 -0.0187140 0.1936186 0.4516243 0.7397447 0.2450639 0.6221897 0.6320027 0.6800819 0.4414778 0.3379948 0.6618473 0.3631875 0.5677548 0.2335542 0.3658789 0.6215015 0.1823883 0.6053564 0.5495444 0.6607067 0.5611732 0.6175421 0.3185743 0.6649134 0.0362341 0.3102190 0.7650376 0.6530076 0.5532202 0.1435832 -0.2152405 0.5809810 0.6193793 0.2311292 0.5505972 0.3132243 0.6808263 0.6820543 0.4390905 -0.0631277 0.5323714 0.0901751 0.5976336 0.3978793 0.5405342 0.1581752 0.5020321 0.7334227 0.6685064 0.3714451 0.7661824 0.7075255 0.4159419 0.6572345 0.2316768 0.4952714 0.6039424 0.3621438 0.4115380 0.2598579 0.0603944 0.2345822 0.0895942 0.3571564 0.2097279 0.5159461 0.4167107 0.2864422 -0.2810728 0.0642279 -0.4075681 -0.2249862 0.1290003 -0.5065858 -0.4634766 -0.3923794 -0.0931406 -0.4003528 -0.3508724 0.1134776 -0.2058946 -0.3577243 -0.2456594 0.4583081 -0.1485904 -0.6576585 0.1360577 0.2640305 0.3470645 -0.3405964 0.3893025 -0.4819904 0.4248598 0.2717200 0.4309745 0.2798729 0.2597990 0.3531520 0.2953191 0.5146623 0.5582844 0.5118315 0.3540023 0.0906781 0.4602623 0.4735132 0.1821404 0.4865413 0.1023293 0.2286105 0.5694156 0.4105565 0.1208649 0.2279844 0.2017418 0.1023362 0.0012674 0.3688194 0.2733175 0.2844583 0.1308610 -0.0814967 0.0408220 0.4074242 0.2039080 0.2239497 0.0368001 0.2031401 0.1808141 0.1416291 0.0680860 -0.1191064 -0.0090277 -0.0236747 -0.0367057 0.0061167 0.1308268 0.1582302 -0.0184969 0.4354335 0.0089946 0.0300658 0.0520827 0.2795204 0.0962265 0.0017943 -0.0203674 0.0270179 0.1566968 0.0763653 -0.0227031 -0.0720780 -0.0098482 0.0038961 0.2384731 0.1732236 -0.0379668 0.1140707 -0.0936867 0.0834666 0.2643338 0.2559027 0.3303930 0.1082689 0.2073094 -0.0322807 -0.0379659 -0.2123534 -0.1338946 0.1785093 0.3080518 0.4562793 0.0959981 0.2183377 0.1918093 0.3088499 0.2025043 0.3834053 0.3857406 -0.0327648 0.2465559 0.2723838 0.1215974 0.3811577 0.3208340 0.0962502 0.3527485 0.4026934 0.2087690 0.3246577 0.1106953 0.4097896 0.2237305 0.0732327 -0.1033724 0.2520838 0.4002375 0.5399708 0.0763106
