0.0000000 0.2719179 0.7823094 -0.0617794 0.5483329 -0.1281350 0.3678574 0.6854835 -0.2161227 0.2143637 0.0235648 0.3028239 0.6512265 -0.0373805 0.0112727 -0.5042181 -0.1054459 0.1499707 -0.2421795 -0.1887731 0.2605865 0.0595156 -0.0340846 -0.1409914 -0.0799462 -0.0993908 0.1310935 -0.0229918 0.1880271 0.1458083 -0.1994235 -0.0113172 -0.0982997 -0.2751714 0.0126301 0.2862550 -0.0649806 -0.0350437 0.1404207 0.2477987 0.0817732 0.1469425 0.0261837 -0.3983627 0.0587851 -0.2217859 -0.1655752 0.0622189 0.0929526 0.3275556 -0.0653033 0.1047280 0.4413284 -0.1280903 0.0777083 -0.0443684 -0.0839761 0.2802123 0.3337953 -0.0600626 0.5647088 -0.1755915 0.0955237 0.5023269 0.4877493 0.1440072 -0.0621380 0.1193906 0.2978245 0.4008964 0.4341307 0.4922459 -0.0802807 0.6663139 0.3216310 0.4147929 0.6083498 -0.1092904 -0.3099898 -0.4050035 -0.3426674 -0.1142407 0.2133442 0.1830074 -0.0994075 -0.0052254 -0.0128054 -0.5177097 -0.0636381 -0.2833371 0.1564304 -0.3440194 -0.1930423 -0.3850594 0.0105975 0.0430124 -0.3215933 -0.2377268 -0.0373591 -0.5866768 -0.0494325 -0.1070048 0.0071127 -0.3049342 -0.3794359 0.2967136 -0.2831176 -0.0124448 -0.4590038 0.0668898 -0.1795772 -0.3395521 -0.1053181 -0.1779271 -0.1933181 -0.1573897 -0.2939213 -0.1628453 -0.2255417 -0.4289830 -0.4055346 -0.3488486 -0.0296188 -0.2696388 -0.2559952 0.1855928 -0.2823899 -0.0842285 0.1033425 -0.1020045 -0.1690451 -0.0253533 -0.1489488 -0.2146806 0.0491532 -0.0469277 -0.1621225 -0.0931258 -0.1346353 0.4446104 0.3223705 0.1712586 -0.0895131 0.3643179 -0.2357957 0.0592647 -0.1231689 -0.2027152 0.1171641 0.1782070 0.2220542 0.3395918 0.0645111 0.0700995 0.4303090 0.1449944 0.0115733 0.3458506 -0.2373350 0.1492713 0.3345119 0.1258750 -0.2174422 0.1763392 0.2965688 0.2092246 -0.0204109 -0.2443471 -0.4126536 -0.0834967 0.2897281 -0.1817758 0.6825698 0.4823479 0.1281824 -0.1237180 0.0646367 0.0606654 0.3803968 0.5890628 0.7312645 0.4645330 0.3063790 0.3126764 0.3271293 0.4318276 0.4511072 0.4090722 0.7179037 0.5073244 -0.2767226 0.2436733 0.3060858 0.1486071 0.1097592 0.3420022 0.3105823 0.1471129 -0.6088556 0.3754948 -0.4367310 -0.4736261 -0.0590745 0.1195119 -0.1118879 -0.3032694 0.2248288 -0.1800335 0.0500499 -0.5168358 0.0720143 0.4266424 -0.2102738 0.1465879 0.0643181 -0.4824387 -0.2307575 -0.5545575
0.2719179 0.0000000 0.3434214 0.2870751 -0.0147788 0.2055749 0.4688320 0.3920622 -0.0206464 0.2995049 0.2043714 0.2976650 0.0453841 -0.4592126 -0.0855539 0.1429467 -0.0708951 -0.2157519 0.4983633 -0.2187920 0.2370910 0.0414713 0.2167793 -0.1024549 0.4224744 0.3606883 -0.1934650 -0.3294394 0.1535948 -0.3619228 0.0927864 0.1816642 0.1160946 -0.1415486 0.5194683 0.1516101 0.5154373 0.3541490 -0.0564380 -0.5143574 0.1873595 0.2246275 0.4353048 -0.0020710 0.0839328 0.6013025 0.5429171 -0.0329259 0.1649249 0.5196249 0.4194758 0.0439648 0.1063830 -0.3167501 -0.0501273 0.5644984 0.6047497 -0.2193588 0.2471543 0.4262879 0.0480847 -0.1223050 -0.1343009 0.0496303 0.1209703 0.1440624 0.3765928 0.1703429 0.0587224 0.2306604 0.3563141 0.1790917 -0.0628487 -0.0679782 0.4771605 0.0678581 0.2886883 -0.1494099 -0.1356127 -0.1011274 -0.3714548 -0.1036896 0.0234324 0.1352541 -0.0428194 -0.1447797 -0.0848947 0.0471362 -0.0398634 0.2972603 0.5145285 0.1508262 0.2265953 0.1214742 0.3422013 0.2706075 0.1554655 0.1257668 0.1174268 -0.2468987 0.2655894 -0.0030609 0.0402775 -0.2701771 0.0872954 0.3666781 -0.0133879 0.0095967 0.0252351 0.4910662 0.3695829 0.1228334 0.3044737 -0.0560658 0.3247974 0.5842879 0.3734566 0.3740186 0.5251946 0.0070435 -0.0129633 -0.0384306 0.1002978 0.4479654 -0.0526784 0.2818317 -0.0820747 0.1772612 0.3614860 0.1697742 0.1528534 0.1774699 -0.2580322 -0.1228486 0.1178911 0.2341566 -0.1477935 0.1130880 -0.2390919 0.2577300 0.2661015 0.3166449 -0.3275726 0.2314711 -0.0409315 0.2615131 -0.4339930 -0.5028837 -0.1585600 0.2978456 0.2087568 0.3194485 0.0265894 0.2106279 -0.0986228 0.2299462 -0.1824499 0.3368306 -0.4621371 0.1069019 0.0067872 0.2499250 0.2068153 -0.0130506 -0.0948142 0.4167426 0.3117860 -0.1186975 -0.1755869 0.1571681 0.2506740 -0.3873526 0.2802812 0.1466072 0.3131020 0.1236770 0.2629332 0.2704402 0.2652927 0.1744933 0.3752916 0.3140366 0.1920704 0.0265339 -0.1824497 -0.2693770 -0.3647811 -0.4697055 0.1871463 0.2507837 0.0859481 0.1615760 0.1818758 0.1619723 0.2038480 0.3957187 0.4819493 0.2275906 -0.3081304 0.3616400 0.3261583 -0.0951671 0.0537751 0.0464638 0.2653413 -0.0796389 0.2680474 0.4160626 0.4578213 -0.1813279 0.5189198 0.4382781 0.1041057 -0.2158316 -0.1934439 -0.1538219 -0.3783871 -0.0906116
0.7823094 0.3434214 0.0000000 0.2373091 0.7484472 0.2234565 0.5105111 0.7122840 0.1641032 0.4004964 0.1343775 0.6248991 0.8792484 0.2362441 0.3290336 -0.5221834 0.1047435 0.2726675 -0.1636856 0.1398195 0.6314756 0.3811049 0.1698977 0.2054744 0.1790607 0.2448120 0.1584738 -0.0996681 0.4994498 0.1141439 0.2008500 0.3404062 0.2045395 0.0846611 0.2140290 0.4505026 0.3378725 0.2892419 0.1486599 0.0124589 0.5282915 0.3118008 0.1108702 -0.5069891 0.1738795 -0.0503632 0.0389198 0.3876442 0.4070163 0.4368396 0.1124969 0.1077556 0.6383325 -0.2192815 0.2149291 0.1312752 0.2512214 0.2931572 0.2188568 0.1665158 0.3456726 -0.1068983 0.2540733 0.6390501 0.6222435 0.4478634 0.1064070 -0.0378293 0.4033478 0.3949991 0.5783970 0.6942652 -0.0811575 0.7670257 0.3476860 0.4821367 0.6340430 0.0253905 -0.1017735 -0.2324947 -0.2267978 -0.0777648 0.1060113 0.2429074 -0.0695963 0.0086688 0.0161072 -0.4660354 -0.0487110 -0.2100870 0.1683391 -0.3669656 -0.1220154 -0.4405715 0.0302809 0.0069502 -0.2782409 -0.1404247 0.0396512 -0.6946751 -0.0810515 -0.0916963 -0.0523413 -0.3920868 -0.2710828 0.3025746 -0.1874273 -0.1389508 -0.3320457 0.0556310 -0.1123569 -0.3279679 -0.2353425 -0.3246870 -0.1255380 -0.0402099 -0.1532526 -0.0572598 -0.0935429 -0.3570885 -0.3752922 -0.3695431 -0.0417194 -0.1346007 -0.2648122 0.3773737 -0.2692405 0.0654598 0.2405775 -0.1605270 -0.0902344 0.1052859 -0.2801786 -0.2661659 0.0779749 0.0661327 -0.2063246 0.1392565 -0.1325441 0.5593824 0.4341281 0.3462291 -0.2485623 0.3682392 -0.1396519 0.0865040 -0.1213477 -0.1925789 0.0248941 0.2962454 0.2366739 0.3814158 0.2421471 0.1568335 0.3367564 0.0769124 -0.2152922 0.2245297 -0.4037918 0.0698085 0.3024768 0.2762321 -0.1926059 0.0373049 0.2224126 0.1460986 -0.0144028 -0.1674767 -0.3386364 0.0129557 0.3556657 -0.1317688 0.4371334 0.3037931 0.2772914 0.1846870 0.4593891 0.2790172 0.6662060 0.7684016 0.6617524 0.5960266 0.2642493 0.2583063 0.2143140 0.2678271 0.4266106 0.4448457 0.6602721 0.4298583 -0.1393820 0.2462046 0.3013210 0.2710366 0.2016492 0.5075642 0.5506689 0.1428916 -0.4451848 0.6047061 -0.0929610 -0.3782903 -0.0576907 0.2675830 0.3272941 -0.2444034 0.4920765 0.2460714 0.2450277 -0.3552167 0.2951627 0.6077299 0.1950727 0.1515481 0.1186459 -0.2452957 -0.2738512 -0.4317535
-0.0617794 0.2870751 0.2373091 0.0000000 0.0179793 0.7147730 0.4966497 0.4363033 0.4622987 0.5242030 0.6386910 0.6162507 -0.0486439 0.2901853 0.1040637 0.1165434 0.3184404 -0.0336234 0.1504880 -0.1817461 0.6362626 -0.0658616 0.3976955 0.1619926 0.1777488 0.5115245 0.2727879 -0.3309175 0.5247835 0.2431034 0.2702046 -0.2019471 0.4154540 0.4061997 0.3190373 0.4919727 0.3754992 0.0481182 0.3928111 -0.1711167 0.2035494 0.4701697 0.4034240 -0.1755249 0.1389349 0.3116280 0.3422309 -0.1360315 0.4880192 -0.0741525 0.2887710 0.2915810 0.4782513 0.0654532 -0.5415313 -0.0429364 0.2687378 0.1605902 -0.1105595 0.3444611 -0.2039526 0.3692188 -0.5466211 0.6175049 0.1473659 -0.0393887 0.4452172 0.0383660 -0.2975019 0.4727883 -0.0360603 0.6532264 0.1908374 0.3126520 -0.0144535 0.2807294 0.4692962 -0.2387621 0.0437737 0.1785924 -0.1659484 0.2732111 0.1917659 0.2969948 0.1806775 0.2250426 -0.0636375 0.1722465 0.1148759 0.1260718 -0.0674814 -0.1515175 0.0694698 -0.1359487 0.0252467 -0.0009669 -0.2878332 -0.1757201 0.4218262 -0.0624895 -0.0239585 0.0534461 0.0736546 -0.1762489 -0.1789171 0.0074727 0.1493243 -0.1287875 -0.2048227 0.0749604 -0.1738076 -0.1836652 0.0389564 -0.1876230 0.0472039 0.2033217 0.1454592 -0.0167098 0.0794965 -0.1648680 -0.1813878 -0.1149460 0.1432179 0.2073476 -0.2013564 0.1457166 -0.2076427 0.1391816 0.0147045 0.1274873 0.0316274 0.2646758 -0.1634066 0.1155470 0.2737024 0.0960426 -0.0394533 -0.0036735 -0.1991763 0.5231668 0.3309873 0.4637201 -0.1181862 0.4419711 -0.0038824 0.1198589 -0.2738817 -0.0965562 0.0295566 0.3819683 0.2535684 0.3402771 -0.0623863 0.3254458 -0.1862236 0.2761686 -0.2396908 0.0270854 -0.1434707 0.0400455 0.0649425 0.3585096 0.4594182 -0.1752504 -0.0001060 0.3478786 0.2942907 0.0054872 -0.0002921 0.3648221 0.3149470 -0.0406962 -0.0894245 0.0446694 0.3538244 0.4829041 0.6885953 0.6464141 0.7083806 0.4996440 0.3887232 0.4196125 0.1283610 0.1190853 -0.2353134 -0.3020446 -0.2395399 -0.1673521 0.3588011 0.4955581 -0.1256482 0.6292182 0.5667383 0.1980196 0.1082463 0.4112099 0.5815980 0.5362088 0.1564058 0.3009073 0.3609428 0.1450053 0.2823820 0.4095723 0.5551609 0.2557822 0.2679579 0.2826690 0.2318745 0.0846801 0.5220175 0.5810828 0.4975145 0.4211618 0.1356402 0.2010683 -0.3976700 -0.0617400
0.5483329 -0.0147788 0.7484472 0.0179793 0.0000000 0.1325983 0.2384646 0.3531160 0.4196489 0.1260870 -0.1481766 0.5964880 0.9088265 0.4859157 0.6264766 -0.5612333 0.1328099 0.6871980 -0.2800083 0.5695826 0.4791459 0.5951418 0.0001386 0.4352699 0.1346198 -0.0019612 0.2180940 0.2873832 0.3397356 0.0946832 0.3496888 0.4486060 0.2269521 0.2115327 -0.1089191 0.0467526 0.0049194 0.3187011 -0.0412507 0.0875578 0.6774149 -0.0714295 -0.1752340 -0.5862949 -0.1983301 -0.0998750 -0.2248786 0.6489535 0.3004898 0.3497783 -0.1106481 -0.0893043 0.5542177 -0.2679253 0.3756455 0.0157611 -0.0082479 0.0796031 0.0629561 -0.1001058 0.2341370 -0.2967744 0.4795713 0.4868651 0.5167877 0.5575677 -0.1012461 -0.3797331 0.5118043 -0.0040207 0.4866798 0.4928847 -0.3623589 0.6486163 0.1788840 0.2993370 0.2393604 -0.0660426 -0.1712092 -0.1171556 -0.1526659 -0.1370845 -0.1486895 -0.1051566 -0.2719242 -0.1429343 0.0581793 -0.5647712 -0.1822060 -0.4904585 -0.0202921 -0.3187847 -0.3605008 -0.6777681 -0.1290983 -0.1985229 -0.3723073 -0.3053985 -0.1232176 -0.8236455 -0.4575790 -0.3184478 -0.2487731 -0.6611346 -0.3190059 0.0602077 -0.3360162 -0.3500536 -0.3034030 -0.2597176 -0.3485143 -0.3961258 -0.5083102 -0.3978644 -0.3980666 -0.3454702 -0.3343376 -0.2878281 -0.3089885 -0.3450601 -0.4186017 -0.4600985 -0.1487367 -0.4588656 -0.4222369 0.1760250 -0.3513213 -0.1433634 0.0732429 -0.5662871 -0.3515271 -0.1329627 -0.3643468 -0.3552379 -0.1806679 -0.1086279 -0.2362509 0.2158742 -0.1709873 0.2111806 0.2321434 0.0589530 -0.2684321 0.0134950 -0.0285130 -0.2211193 0.0367738 -0.2194904 -0.1169898 -0.0320767 0.0401811 0.0338812 0.0503735 -0.0890331 0.1215156 -0.1555888 -0.2734542 -0.0257016 -0.3212627 -0.0780758 0.1549644 0.0762394 -0.3932253 -0.1455004 0.1635724 -0.0168908 -0.2367060 -0.2890359 -0.3443761 -0.1495099 0.1471242 -0.0724960 0.0773338 -0.0610566 0.0076769 0.0572713 0.2868536 0.0047094 0.4163991 0.5046287 0.4609688 0.1592525 -0.0388029 -0.0178404 0.3331665 0.2133555 0.5185826 0.4964036 0.3037110 -0.0100600 -0.1368638 -0.0280545 0.1345356 0.2393892 0.0363766 0.2680489 0.2401646 -0.0448170 -0.3698185 0.3876797 -0.2088326 -0.2503022 0.0007627 0.0607770 0.2624836 -0.3168514 0.4527138 0.1437147 0.0280284 -0.1895113 0.1606031 0.2132593 0.2512850 0.1280812 0.2751296 0.0092415 0.3211146 -0.0284170
-0.1281350 0.2055749 0.2234565 0.7147730 0.1325983 0.0000000 0.7479849 0.2066424 0.7621540 0.3799192 0.3364992 0.5106529 0.0938348 0.4772786 0.4544292 -0.2685135 0.2794240 0.2413319 -0.1935222 0.1534405 0.3808900 0.3033110 -0.0640560 0.5794236 -0.0605370 0.1189241 0.0093130 -0.0772865 0.2195282 0.1522526 0.5912824 -0.1079004 0.5470581 0.4067907 0.0555073 0.0055976 0.1643598 0.0410594 0.1583368 -0.2473601 0.4354100 0.0275668 0.0025176 -0.2086023 0.1218390 -0.0173738 0.0568219 -0.0123157 0.4751224 -0.1871418 -0.0483408 -0.1411221 0.3564628 -0.3563648 -0.3536436 -0.0909377 0.1888200 -0.0636954 -0.2755963 0.0230913 -0.4067600 -0.1429846 0.0168438 0.3509639 0.1124718 0.0686011 -0.0177952 -0.3782558 -0.0293710 -0.0058819 -0.0703808 0.4406137 -0.2036703 0.1460072 -0.2358945 -0.0780492 0.1260702 -0.0338070 0.0278364 0.4096197 -0.0870681 -0.0213982 -0.2646227 -0.2308195 -0.2389209 -0.2726462 -0.4586528 -0.0100154 -0.2630928 -0.1252398 -0.2677925 -0.0638780 -0.1757493 0.1665328 -0.2717987 -0.1543160 0.0134236 -0.2088540 -0.1110869 -0.0008378 -0.1096242 -0.3719675 -0.3900411 -0.0667219 0.0444188 -0.2884880 -0.2723124 -0.5515161 -0.1701726 -0.1805610 -0.3142936 -0.3432635 -0.3309007 -0.5541994 -0.1670635 -0.0041128 -0.0437554 0.0129664 0.0228573 0.0255522 -0.0250960 -0.0892061 -0.3541332 0.3299813 0.0582265 0.1456850 -0.0805654 -0.1897660 0.2765150 -0.2030528 -0.0542774 -0.1842944 -0.3552140 -0.0340453 -0.2442146 -0.0896440 -0.3149801 0.0590726 -0.1663549 0.2166146 -0.0258663 0.2364942 -0.4911999 0.2220868 0.0134186 -0.0645064 -0.2887632 -0.0606075 -0.3872550 0.0240088 -0.0500647 0.2509078 -0.0559103 -0.1029440 -0.2762066 0.0438794 -0.5939518 0.0172555 -0.4522163 -0.1822463 0.0896575 0.0716906 0.2718830 -0.4001497 -0.3007959 0.0179810 -0.1391647 -0.2101978 -0.2595422 0.0497341 0.0347080 -0.3474396 -0.2113915 -0.1556262 0.3871508 0.5330866 0.5190515 0.5648426 0.4288304 0.1967172 0.0757642 0.0085131 -0.2567765 -0.3720148 -0.2880976 -0.2933109 -0.1595054 -0.0208784 0.1048564 0.2262047 0.0208595 0.3782175 0.4253514 0.1112247 0.1958394 0.2186491 0.3258872 0.3062322 0.3460327 0.2294419 0.4517363 0.0454865 -0.1412101 0.0599769 0.5655809 -0.0784392 0.2071412 0.3256540 0.3078984 0.1094689 0.2526192 0.2835163 0.5631775 0.4554993 0.1146072 0.1687174 -0.0465289 -0.0369839
0.3678574 0.4688320 0.5105111 0.4966497 0.2384646 0.7479849 0.0000000 0.5196089 0.4860149 0.2163069 0.1686205 0.5972416 0.2989329 0.1937072 0.3371835 -0.4235485 -0.0148058 0.2275312 -0.1569166 -0.0764339 0.3988248 0.1222346 -0.1758172 0.4466295 -0.1294128 0.0002795 0.0140555 0.0708754 0.1527733 0.1662280 0.2986381 -0.1280806 0.4361203 0.0050823 0.0194292 0.0292019 0.1263516 -0.0266231 0.1494546 -0.1923059 0.3488244 -0.0539185 0.0489134 -0.3647471 0.1460140 -0.0504181 -0.0558595 -0.0043264 0.3119772 0.0401300 -0.1146379 -0.1619292 0.3368242 -0.4976695 -0.2523908 -0.0773898 0.1606374 -0.0649000 -0.1623725 0.0426775 -0.2402385 -0.3393726 0.0965739 0.3893533 0.0836501 0.1012314 -0.1054331 -0.2379648 0.0801371 0.0850166 0.1388072 0.5132646 -0.1966233 0.2970191 -0.0759009 0.0634267 0.3942559 0.0390653 -0.0143415 0.2199333 -0.1636433 -0.1828285 -0.2384647 -0.1815033 -0.3485038 -0.3599289 -0.4771692 -0.3272023 -0.3465623 -0.1932826 -0.0230321 -0.1022888 -0.0324944 0.0295101 -0.1448422 0.2003524 0.0811939 0.0050030 -0.2230307 -0.2636064 -0.0012811 -0.3794499 -0.3770835 -0.2697263 0.0821330 0.0992617 -0.3558749 -0.4442036 -0.2415465 0.1230915 -0.1802377 -0.2666822 -0.2208347 -0.4961926 -0.0527381 0.1675765 0.0604993 0.1814459 0.1962029 0.0284451 -0.0514558 -0.1311442 -0.3690239 0.3731837 0.0146692 0.2732477 -0.1305638 -0.2222774 0.3462398 -0.2191547 0.0927210 -0.2856491 -0.3552535 -0.0206634 -0.3254295 -0.0811551 -0.2095463 0.1349662 -0.0313926 0.3651537 0.0452430 0.3549909 -0.6764718 0.3884732 0.0817823 0.0481618 -0.1948680 -0.1721408 -0.4659927 0.1501641 0.0896060 0.4628322 0.1726013 -0.1110002 -0.1852875 0.1085860 -0.5792448 0.2834084 -0.6700196 -0.0581036 0.0703153 0.1639330 0.1403988 -0.2272717 -0.2008862 0.1711089 -0.1263955 -0.3268258 -0.3872319 0.0506480 0.0441132 -0.5236289 0.3657314 0.3536051 0.6644007 0.6039712 0.5672889 0.6899708 0.4948754 0.3418989 0.3496232 0.2007515 -0.2168833 -0.2059046 -0.2968042 -0.2864610 -0.1219027 0.0289511 0.4009652 0.5075086 0.1678373 0.3261845 0.4310487 0.2170914 0.2653396 0.3824032 0.4568248 0.3340447 0.1481603 0.4150035 0.2936668 -0.0896272 -0.2772413 0.0411318 0.4166135 -0.1510918 0.3323757 0.2953442 0.3826338 0.0514640 0.1210776 0.3485236 0.4310129 0.4743231 0.1683084 -0.0759242 -0.1282063 -0.2959451
0.6854835 0.3920622 0.7122840 0.4363033 0.3531160 0.2066424 0.5196089 0.0000000 -0.0922734 0.4337911 0.4303647 0.4809495 0.5137487 -0.0016966 -0.1873808 -0.2851818 0.2839277 -0.1630747 0.0381877 -0.2522133 0.4974840 0.0461980 0.3378993 -0.2296887 0.2508149 0.1960483 0.5166679 -0.3233131 0.3043400 0.2672850 -0.1164144 0.0332242 -0.1218861 -0.2500341 0.3559545 0.5536652 0.3091964 0.2040266 0.2984562 -0.0067529 0.2335669 0.4014687 0.4116698 -0.3955470 0.1384409 0.0739911 0.1344264 -0.0222019 0.1815907 0.2313021 0.2622931 0.2791629 0.4435800 -0.1118642 -0.2523810 0.0093345 0.1972580 0.3197480 0.3542871 0.3616672 0.3829473 0.0709891 -0.3178387 0.7391135 0.3481426 0.0137095 0.2936237 0.2498785 0.0368391 0.7253464 0.3649654 0.7848575 0.2708290 0.7292734 0.4064259 0.6930033 0.9096302 -0.1956260 0.0275151 0.0410637 -0.3281508 0.0302321 0.3678683 0.4129513 0.2477074 0.3262219 -0.0025769 -0.2262302 0.2545626 0.0085588 0.3800405 -0.3857859 -0.0201929 -0.4449925 0.3060055 0.1519104 -0.2497632 -0.1862454 0.3788210 -0.5159951 0.0395983 0.0672212 0.1201953 -0.2700770 -0.2738054 0.5630554 -0.1164057 -0.0877659 -0.4486376 0.0934042 0.0076518 -0.3576611 0.1326012 -0.3101283 -0.0761714 0.1106270 -0.1347990 -0.0607488 -0.1021287 -0.4052235 -0.4138585 -0.3557274 0.1172034 -0.0399612 -0.2612579 0.4795460 -0.2982889 0.0895858 0.1420788 0.1261542 -0.0853367 0.2908972 -0.1655407 0.1283891 0.1819778 0.0878272 -0.1672432 -0.0134128 -0.2412400 0.8176294 0.5776341 0.5222271 -0.0195319 0.7373601 -0.2218549 0.2341061 -0.3473923 -0.3488312 0.1029236 0.6239296 0.6359531 0.7171769 0.1280956 0.3345539 0.1768455 0.4879655 0.1353642 0.3591197 -0.2078722 0.3829897 0.2906551 0.5546612 0.2903690 0.2940205 0.3572274 0.5938363 0.2985193 -0.1707596 -0.2447505 0.3021643 0.5117410 -0.1368341 0.5885461 0.5099316 0.3530623 0.2088274 0.4189674 0.2985593 0.7643417 0.7781920 0.6973371 0.5965692 0.3697480 0.3353697 0.1507614 0.1804553 0.1333780 0.1614464 0.9233015 0.8783523 -0.1539417 0.7018203 0.7001198 0.2270505 0.2466417 0.6795989 0.7301458 0.5967569 -0.2440152 0.6785439 -0.1565172 -0.0946100 0.1144815 0.3488677 0.0336561 -0.2434560 0.5403542 0.2608922 0.2306252 -0.1376735 0.3286584 0.8053840 -0.0218626 0.4318110 0.2934774 -0.1997908 -0.3980930 -0.4050556
-0.2161227 -0.0206464 0.1641032 0.4622987 0.4196489 0.7621540 0.4860149 -0.0922734 0.0000000 0.0996534 0.0635840 0.5395149 0.2374934 0.6661670 0.7770156 -0.2486302 0.1865335 0.6568253 -0.1791459 0.4536316 0.3427859 0.3333562 -0.1631440 0.8215962 -0.0704632 0.0451285 0.0772913 0.2886457 0.1885161 0.1637690 0.5734095 0.0805944 0.6315657 0.5698426 -0.1854768 -0.2293149 -0.0181395 0.0608407 0.0642185 -0.0604391 0.4801232 -0.2387555 -0.1926795 -0.1905874 -0.2196747 -0.0116793 -0.1574219 0.3127352 0.4357256 -0.1803348 -0.2167297 -0.1839784 0.3321939 -0.2333079 -0.0663019 -0.1650514 0.0152399 -0.1365998 -0.4803787 -0.1699391 -0.5063758 -0.2139107 0.2889876 0.2166060 0.1075001 0.2443141 -0.1806483 -0.5940893 0.1275586 -0.3336352 -0.1592012 0.2404000 -0.3791146 0.0523828 -0.3380402 -0.1657893 -0.2002971 -0.1182409 -0.0940094 0.3434609 -0.0647983 -0.0303494 -0.4316814 -0.4327085 -0.4453112 -0.4288975 -0.3598089 -0.1427070 -0.3704650 -0.3200279 -0.4332382 -0.0537250 -0.2760794 -0.0225346 -0.3994564 -0.2551240 -0.0493777 -0.2375483 -0.3034892 -0.1910230 -0.3591739 -0.5753930 -0.5097568 -0.3110337 0.0365084 -0.4066673 -0.3674319 -0.5881463 -0.1273967 -0.3605744 -0.4773458 -0.2948488 -0.5927752 -0.5420093 -0.2928774 -0.1993554 -0.0357044 -0.0680658 -0.0413857 0.0870873 0.0077643 -0.0958531 -0.3403956 0.0781954 -0.0619123 -0.1566544 -0.1011350 -0.2146329 0.0391193 -0.5062787 -0.1339741 -0.3183220 -0.3361780 -0.1293821 -0.4316585 -0.1333079 -0.2033925 0.1485079 -0.0616602 -0.1274503 -0.1171951 -0.0778602 -0.5591429 -0.1198954 0.1550916 -0.2894039 0.0054609 0.0094894 -0.4421274 -0.2669037 -0.2328330 -0.1037342 -0.0627996 -0.2254926 -0.2697650 -0.1979634 -0.6367678 -0.1921430 -0.3875575 -0.2733000 -0.0089886 -0.0791274 -0.0201311 -0.4130295 -0.2602199 -0.1813415 -0.2934042 -0.1599074 -0.1112745 -0.0348368 -0.0930552 -0.1867290 -0.3998546 -0.3722860 0.2140796 0.4663573 0.4886293 0.5104701 0.2457438 0.0685182 0.0680183 -0.2731058 -0.5204966 -0.5295039 -0.2634972 -0.3841357 -0.0631366 0.0420481 -0.1947494 -0.1876871 0.0709709 0.0641329 0.2461662 0.0021739 -0.1201404 -0.0705624 0.0424755 0.0890876 0.2576774 -0.0082821 0.3196129 0.0995977 -0.1211901 -0.0677065 0.4985663 -0.1079757 0.1402206 0.1976787 0.0559394 0.1785384 0.0507697 -0.0862003 0.5277902 0.3337975 0.1598751 0.2817178 0.3999488 0.3656984
0.2143637 0.2995049 0.4004964 0.5242030 0.1260870 0.3799192 0.2163069 0.4337911 0.0996534 0.0000000 0.8328334 0.1682637 0.2295855 0.2674481 0.1067970 0.0951222 0.7679990 -0.0711115 0.2567105 -0.0717285 0.3313428 0.2090254 0.5354922 -0.0674898 0.4058181 0.4685111 0.3150418 -0.6102215 0.5198029 0.3154438 0.2114077 0.1723581 -0.0118182 0.3377986 0.4355274 0.6364966 0.3871052 0.3399583 0.4555597 0.0945103 0.2947233 0.7230006 0.4545270 0.0195509 0.3079667 0.2723002 0.3892635 -0.0362135 0.3312148 0.1486963 0.4582600 0.4591145 0.4015417 0.3235982 -0.0975160 0.3238743 0.3110267 0.4985042 0.5015921 0.4272591 0.3837303 0.5547216 -0.2022570 0.3924607 0.2979423 0.0983446 0.5196324 0.4900048 0.1073520 0.7168515 0.1759793 0.4097145 0.1384969 0.2929030 0.3593933 0.3323489 0.5044954 -0.4585340 -0.2729201 -0.0649800 -0.6295789 0.4116667 0.6218308 0.4966160 0.5600059 0.4648144 0.3567416 0.4732967 0.5212370 0.4360271 0.2513791 0.0741662 -0.0248395 -0.0709670 0.3607384 0.0094524 -0.0195365 -0.3483708 0.5386439 0.0272356 0.4787077 0.2040743 0.5067058 0.1636927 0.0117797 0.1568413 0.1957921 0.2385499 -0.0100644 -0.0229681 0.1301815 -0.0455664 0.2281822 -0.0770676 0.1495292 0.1679468 0.0918402 0.1499536 0.0115025 -0.1690476 -0.1691182 -0.0756960 0.4539437 0.1610181 0.0602810 0.2777710 -0.1130267 0.5463347 0.2146983 0.4915362 -0.0003150 0.5418440 0.0215051 0.1734822 0.6183070 0.5338543 0.0515697 -0.1937565 -0.3269798 0.5864754 0.7628435 0.3680078 0.3646080 0.5517649 -0.1291096 0.5361202 -0.4205841 -0.0900150 0.3048707 0.5594950 0.5127600 0.4660211 0.0545934 0.7282452 0.3938289 0.5863875 0.2911383 0.2272492 0.0992664 0.4547936 0.6955710 0.5685620 0.4928047 0.3224077 0.5834045 0.4646162 0.5923996 0.3115134 0.2506362 0.5508814 0.8479292 0.2986922 0.0474511 -0.0966947 -0.1525467 -0.1369204 0.1196843 0.1330582 0.4936693 0.5211197 0.3820606 0.4040468 0.5407450 0.1822650 0.1851253 0.1242513 -0.0437700 -0.1272021 0.4860485 0.4136931 -0.2464730 0.5602701 0.5967181 0.1703073 0.2663041 0.3707357 0.5501067 0.5661553 -0.3915818 0.3700364 0.1178637 -0.1965707 0.5265639 0.6007881 0.1814837 -0.3726754 0.2276488 0.2568998 0.2110019 -0.3679301 0.6876131 0.7950619 0.0167247 0.3551633 -0.1492844 -0.2393378 -0.5831473 -0.0305323
0.0235648 0.2043714 0.1343775 0.6386910 -0.1481766 0.3364992 0.1686205 0.4303647 0.0635840 0.8328334 0.0000000 0.1236403 -0.0742850 0.1574937 -0.0501703 0.4023518 0.7237348 -0.2052922 0.3746139 -0.2638767 0.2298024 -0.1476003 0.5310362 -0.1699215 0.3122246 0.4055690 0.4630179 -0.6007754 0.3717745 0.4264429 -0.0233433 -0.0889374 -0.0646468 0.2714534 0.3065134 0.5726197 0.2637290 0.1105252 0.5238808 0.1456054 0.0072625 0.6655193 0.5295489 0.1742332 0.2955822 0.2557788 0.3278827 -0.3199999 0.2032609 -0.0203392 0.4076199 0.5030409 0.2804306 0.4808044 -0.3625888 0.1178337 0.1472908 0.4748723 0.4149547 0.4042682 0.3079192 0.6835298 -0.4863865 0.3604960 0.0953173 -0.2175963 0.5285847 0.6220564 -0.1527808 0.7720111 -0.0950188 0.3265958 0.2963134 0.1641509 0.2213806 0.3205646 0.4655830 -0.5024976 -0.0739972 0.1380228 -0.5135023 0.5088824 0.6457726 0.5664719 0.6749112 0.5568489 0.3521166 0.6084224 0.6174696 0.5207389 0.2769902 0.1021719 0.1021468 -0.0030929 0.4241954 0.1998624 -0.0286524 -0.2898945 0.5554503 0.2474027 0.5549782 0.1628448 0.5523963 0.2362049 0.0916802 0.2643895 0.1913034 0.3265161 -0.1011518 0.1431175 0.0258213 0.0148377 0.3815414 0.0697159 0.2653848 0.3148965 0.2830331 0.2806195 0.1258421 -0.0274395 -0.0480038 0.0746193 0.4829810 0.2552236 0.1432040 0.0629528 -0.0381988 0.4925898 -0.0002673 0.6329806 0.1001642 0.4613294 0.2126113 0.4168426 0.5787986 0.4452970 0.2101799 -0.3196067 -0.2368018 0.5261962 0.6884978 0.2786613 0.4528256 0.5533478 -0.0688050 0.5173158 -0.3795223 -0.0358414 0.2469431 0.5362163 0.5590206 0.4885726 0.0126386 0.7035835 0.3282818 0.6615483 0.3484519 0.2127559 0.1460376 0.4440503 0.6368273 0.5652449 0.6652971 0.3088277 0.6066231 0.5112553 0.6370260 0.2523684 0.3021880 0.5936666 0.7643975 0.2763157 0.0228216 -0.0402138 -0.1166611 -0.0407939 0.1368419 0.2799180 0.4210084 0.3710726 0.2854070 0.2464666 0.4015422 0.1463352 0.0568333 0.0288995 -0.2504553 -0.2769882 0.4599144 0.5388361 -0.0741391 0.6795304 0.6921137 0.0384622 0.1077165 0.2038644 0.4660380 0.6771978 -0.1227407 0.1854987 0.0454878 -0.0120603 0.5187803 0.5371130 0.1422801 -0.1256693 0.1215817 0.1894250 0.0671886 -0.1588084 0.4873955 0.7260168 0.0267344 0.4388878 -0.0254048 -0.1503061 -0.6113805 0.0168451
0.3028239 0.2976650 0.6248991 0.6162507 0.5964880 0.5106529 0.5972416 0.4809495 0.5395149 0.1682637 0.1236403 0.0000000 0.5155144 0.2756911 0.5241809 -0.2933500 -0.0014786 0.4042138 -0.1221073 0.1006894 0.9047755 0.1925269 0.2108347 0.4457256 0.1113737 0.3419352 0.1454303 0.1879481 0.6556265 -0.0412912 0.2357660 0.1206705 0.5791797 0.3920920 0.1734880 0.3352468 0.3336892 0.1107779 0.0580663 -0.2032003 0.4844913 0.2564131 0.1251700 -0.3862445 0.1820356 0.1748832 0.0754396 0.3050865 0.6085689 0.1731406 0.0711379 0.0401353 0.7395949 -0.2285386 -0.1542985 -0.0785241 0.2564699 0.1581955 -0.0738335 0.2153046 -0.0277595 -0.0713244 -0.0047310 0.7376640 0.4858966 0.4278699 0.2391788 -0.3252791 0.1918619 0.1893874 0.4944511 0.8000133 -0.0303554 0.6400967 0.1940389 0.4522626 0.4718002 0.1599071 0.2326448 0.1444030 0.1026222 -0.0471855 -0.2073725 0.0105843 -0.2938169 -0.1993034 -0.2117022 -0.4049662 -0.3353712 -0.3301469 -0.0507827 -0.3950694 -0.0886404 -0.4829007 -0.1405854 0.0007286 -0.4902082 -0.0635469 -0.0040209 -0.6268976 -0.3671251 -0.3217707 -0.3308473 -0.6885986 -0.3697645 0.2216309 -0.2105842 -0.3801791 -0.3821781 0.0510843 -0.3685361 -0.3360621 -0.3938123 -0.3795019 -0.2530109 -0.0131205 -0.0363317 -0.1754960 -0.0404975 -0.2832667 -0.3443301 -0.3617503 -0.2002753 -0.0591396 -0.4203592 0.2327429 -0.3246658 -0.1653389 0.0973845 -0.3369293 0.0181953 0.0230567 -0.3764810 -0.2294416 -0.1085181 -0.2328763 -0.1678062 0.3299035 -0.0879141 0.4550461 0.1445012 0.4356742 -0.5115079 0.1826980 0.0535392 -0.2540378 0.0304773 -0.1670572 -0.2161489 0.1759827 0.0559782 0.1872502 0.1441150 -0.0739529 -0.2163628 -0.1311894 -0.5298874 -0.0988506 -0.5390482 -0.2361879 -0.1726934 0.1867853 -0.0848455 -0.3668506 -0.1102958 0.0579251 -0.1301842 -0.3424422 -0.3637159 0.0046603 0.0176261 -0.2266042 0.1034009 0.1864994 0.5676459 0.5877409 0.8237705 0.5352618 0.7324110 0.5996725 0.5078228 0.4788409 0.0562417 0.1977964 0.1027526 -0.0763064 0.2621579 0.3150800 0.3839316 0.3231948 -0.0214224 0.2958432 0.2851292 0.3209946 0.0436418 0.4661754 0.5480958 0.1792090 0.0533986 0.5299913 0.0350896 -0.1062969 -0.0663511 0.0931002 0.5635612 0.2376294 0.5768884 0.3464277 0.0866240 0.0054461 0.2279897 0.4076363 0.5716931 0.2113626 0.3531567 0.1565441 -0.0476891 -0.1176632
0.6512265 0.0453841 0.8792484 -0.0486439 0.9088265 0.0938348 0.2989329 0.5137487 0.2374934 0.2295855 -0.0742850 0.5155144 0.0000000 0.3899864 0.4864489 -0.6311260 0.1945541 0.4811657 -0.2985457 0.4411432 0.4862907 0.5494062 0.0521122 0.3155747 0.1398993 0.0359883 0.2591254 0.1356913 0.3655244 0.1431628 0.2216556 0.5035581 0.1157484 0.1004170 0.0209968 0.2195854 0.1573752 0.3430830 0.0354590 0.1377084 0.6328543 0.0828758 -0.0728141 -0.5178097 0.0260818 -0.1798255 -0.1746284 0.5815082 0.2735282 0.3482676 -0.0209853 0.0166036 0.5323115 -0.2257399 0.4117121 0.0538468 0.0949429 0.2380386 0.1978885 0.0324447 0.3367436 -0.2256490 0.5060221 0.5015473 0.5725973 0.5371207 -0.0744555 -0.1853793 0.5188798 0.1563849 0.5647753 0.5373489 -0.1828737 0.7215718 0.2735337 0.4196931 0.4147984 0.0732083 -0.0597603 -0.1191252 -0.1267807 -0.1923994 -0.0503669 0.0277312 -0.1421158 -0.0508908 0.0430565 -0.5324500 -0.0562692 -0.3418052 0.0965486 -0.4004031 -0.3113832 -0.5654119 0.0031437 -0.0880383 -0.2629178 -0.2277072 -0.0644740 -0.7532159 -0.2371328 -0.2109930 -0.1622689 -0.4541832 -0.2451175 0.2577114 -0.3200767 -0.2728285 -0.3103571 -0.2099095 -0.1639114 -0.3987686 -0.3993582 -0.4324475 -0.3222361 -0.2642762 -0.3265038 -0.1946274 -0.2874032 -0.3650496 -0.4196722 -0.4637556 -0.1441980 -0.3418645 -0.3119103 0.3065460 -0.3123953 -0.0480010 0.1374820 -0.3803666 -0.2569331 -0.0040242 -0.3325333 -0.2573072 -0.1036518 -0.0387140 -0.2607955 0.1690859 -0.1588031 0.3683557 0.3253686 0.1508713 -0.1988198 0.1730903 -0.1323676 -0.0847464 -0.0276854 -0.1952115 -0.0253723 0.1405756 0.1588099 0.2110758 0.2106403 0.0115386 0.2861672 -0.0393156 -0.1548028 0.0255301 -0.3062058 0.0299189 0.2470383 0.1869165 -0.3218155 0.0430143 0.2514215 0.0107535 -0.1633151 -0.1674888 -0.2901300 -0.0926271 0.2691381 -0.0259004 0.2442489 0.0875157 0.0889280 0.0710181 0.2862499 0.0063814 0.4716719 0.5930591 0.4375189 0.3275201 0.1257568 0.1192025 0.3658874 0.3311820 0.5564526 0.5654409 0.4843859 0.1872979 -0.1314188 0.0622858 0.1768685 0.1793190 0.0896539 0.3507429 0.3359912 -0.0077405 -0.3836625 0.5143713 -0.2419529 -0.2678918 -0.1172776 0.1146767 0.1644866 -0.4119070 0.5202423 0.2082310 0.0586516 -0.2249399 0.1046146 0.3703249 0.1251316 0.1329088 0.2706677 -0.1799583 0.0956510 -0.1778641
-0.0373805 -0.4592126 0.2362441 0.2901853 0.4859157 0.4772786 0.1937072 -0.0016966 0.6661670 0.2674481 0.1574937 0.2756911 0.3899864 0.0000000 0.6451070 -0.4027031 0.4736317 0.6965050 -0.3194964 0.5730098 0.2248155 0.3570469 -0.1872893 0.6691633 -0.1310897 -0.1316762 0.3096022 0.2964458 0.2657182 0.5550625 0.4622868 0.1047369 0.4057532 0.5508572 -0.4131986 0.0310684 -0.2033844 0.0379875 0.0604119 0.2358299 0.4421127 -0.0572441 -0.4167280 -0.3299655 -0.0943498 -0.3039421 -0.4168401 0.3516426 0.3249675 -0.0987875 -0.3792094 -0.1709108 0.4178420 -0.0126706 0.0606164 -0.2390742 -0.2850720 0.2265541 -0.2436924 -0.3147483 -0.1600233 -0.0132650 0.2846404 0.3477950 0.1060701 0.1571434 -0.3169670 -0.2523017 0.2246777 -0.0161195 -0.2443972 0.2843763 -0.2971257 0.3360591 -0.3842421 0.0290037 0.0428874 -0.1412682 -0.1010536 0.1728289 -0.0440284 0.1077405 -0.0355064 -0.1661004 -0.1059196 0.0112823 0.0237536 -0.1693682 -0.0287557 -0.3723701 -0.4043300 -0.1366316 -0.2961821 -0.2749565 -0.2613845 -0.3483548 -0.1299568 -0.3740199 0.0201024 -0.1589930 -0.3374546 -0.1913206 -0.1420999 -0.1287158 -0.0667990 -0.3748111 -0.0857334 -0.3036829 -0.1060492 -0.5063379 -0.3519046 -0.2887221 -0.5368257 -0.3093989 -0.2339404 -0.4484874 -0.1748987 -0.2093441 -0.3274609 -0.0277633 -0.0305387 -0.0379408 -0.0640241 -0.3932637 -0.1414574 -0.0880592 0.0054598 0.0429980 -0.1217126 -0.3562924 -0.2115676 -0.0760752 -0.0032564 -0.1692141 -0.0639018 0.0366784 -0.0091491 0.0443910 0.0582633 -0.0190934 0.1913512 -0.1212416 -0.1168456 -0.0449146 0.0053416 -0.1138075 0.1496202 0.1542883 0.0450118 -0.1444760 -0.0619716 -0.1275306 0.0679324 0.0594291 0.1401862 -0.1628966 -0.2542557 -0.1152948 0.0612432 -0.0814502 0.3082648 0.0331160 -0.1379300 -0.1340656 0.2033294 -0.1745757 -0.2154395 0.0698867 0.1145906 0.1126364 0.2009286 0.2622039 -0.2093831 -0.2111899 -0.1389535 0.1542938 0.2433328 0.2265877 0.3024772 0.2785525 0.0413093 -0.0960680 -0.2034437 -0.1900347 0.0050955 -0.0804620 0.2491512 0.3139386 0.0845779 -0.0472274 -0.0542434 0.1536669 0.2787897 -0.0775502 -0.0659563 -0.1118871 -0.0429833 0.1108997 0.1746352 -0.0638446 0.0809213 -0.0448418 0.0740502 0.2129337 0.3108089 -0.1670652 -0.0630152 -0.0826623 -0.0024328 0.1311516 0.1202665 -0.0101363 0.4219695 0.4381965 0.0518743 0.2122806 0.3437403 0.2153095
0.0112727 -0.0855539 0.3290336 0.1040637 0.6264766 0.4544292 0.3371835 -0.1873808 0.7770156 0.1067970 -0.0501703 0.5241809 0.4864489 0.6451070 0.0000000 -0.3234059 0.1459273 0.8729206 -0.2467157 0.6145111 0.3476471 0.4493021 -0.2307222 0.8891889 -0.0853966 -0.0533197 -0.1094081 0.4940691 0.3510795 0.0331306 0.4928654 0.3184078 0.6512527 0.6606425 -0.3288876 -0.2035057 -0.0796846 0.0883182 -0.1693863 -0.0026170 0.5614979 -0.1512568 -0.3904278 -0.1503490 0.0631692 -0.1176718 -0.2883098 0.4849490 0.4780438 0.1157025 -0.3105321 -0.3154829 0.4928582 -0.2077088 0.2964900 -0.0184163 -0.0327550 0.0603512 -0.1824765 -0.2396704 -0.1257733 -0.2490981 0.6595805 0.1496245 0.2969590 0.5093957 -0.2328141 -0.4531355 0.5370346 -0.3251466 0.1795455 0.1485387 -0.5497485 0.1776191 -0.1150973 -0.1274898 -0.2181260 0.1155065 -0.0287779 0.1365734 0.0251065 -0.0669079 -0.4123553 -0.3876031 -0.4513026 -0.4890081 -0.1091202 -0.2563966 -0.4315117 -0.4027968 -0.2694479 0.0249358 -0.2617947 -0.1643355 -0.3469040 -0.1457693 -0.0751265 -0.1553023 -0.4404974 -0.2828017 -0.2392660 -0.5863064 -0.3909273 -0.3825189 0.0503224 -0.2548566 -0.3659349 -0.3415707 -0.0601334 -0.1789399 -0.4407235 -0.1677585 -0.6260709 -0.2888879 -0.2014855 -0.2188638 0.0167988 0.0244428 -0.0289293 0.1179038 0.0316963 -0.0578909 -0.2999170 -0.1163563 -0.0439194 -0.1469607 -0.0086862 -0.1410448 0.0928417 -0.4711874 -0.0367415 -0.3161699 -0.1876624 -0.3627398 -0.3063066 -0.1109855 -0.0563957 0.2084142 0.0592451 -0.2153058 -0.0485743 -0.1714423 -0.4786865 -0.3454422 0.1733864 -0.2637575 0.2052432 0.0651232 -0.3857133 -0.3700635 -0.3306606 -0.2669589 0.1156888 -0.2271367 0.0142613 -0.3910573 -0.5892388 -0.1850353 -0.4740275 -0.3597769 0.1551277 -0.1684325 -0.3728450 -0.4182020 -0.0332539 -0.3988156 -0.4057128 -0.2233322 -0.1695398 -0.1712289 -0.0748895 -0.0819996 -0.2292723 -0.3060712 0.0310166 0.2013365 0.2656724 0.2266502 0.0980744 0.0562883 -0.0035249 -0.1850423 -0.3162909 -0.3280327 0.1053845 -0.0721980 0.2936766 0.3064649 -0.1796251 -0.3393912 0.1742202 -0.2321385 -0.0466014 0.0550554 -0.0951013 -0.1862784 -0.0880019 -0.2054592 0.0545169 -0.0016329 0.0562707 -0.2723957 -0.1661501 -0.1322568 0.4930437 -0.0871188 0.1029044 0.1334832 -0.0412559 -0.0535330 -0.0157033 -0.1347007 0.5376962 0.0988710 0.0162844 0.1093074 0.3574318 0.2201911
-0.5042181 0.1429467 -0.5221834 0.1165434 -0.5612333 -0.2685135 -0.4235485 -0.2851818 -0.2486302 0.0951222 0.4023518 -0.2933500 -0.6311260 -0.4027031 -0.3234059 0.0000000 0.1322119 -0.4556978 0.7760226 -0.2481784 -0.2054618 -0.3036550 0.4981373 -0.4152057 0.4542308 0.4376697 0.0455426 -0.4529521 -0.0798868 -0.0910443 -0.0956983 -0.0072141 -0.3169810 -0.0259501 0.2754577 0.1292688 0.2360780 0.1593609 0.1732905 -0.1442659 -0.2648867 0.2704813 0.4385127 0.4227198 0.0038897 0.5664849 0.4942962 -0.2047235 -0.2346532 0.0848805 0.4321921 0.2851570 -0.4198126 0.5233167 -0.0352975 0.3244610 0.1799017 -0.0332902 0.1462487 0.3409393 0.0033392 0.5589339 -0.4393197 -0.3943094 -0.4080554 -0.2566743 0.5236220 0.4810369 -0.2845266 0.1984863 -0.2285317 -0.4313165 0.3707787 -0.5471622 0.1387221 -0.0935656 -0.2346540 -0.3302170 0.1320037 0.1092543 -0.1252679 0.5879070 0.4403062 0.4695263 0.5871164 0.4589243 0.5022990 0.7906972 0.4998588 0.7040689 0.3211050 0.5188292 0.5511722 0.2460482 0.4314152 0.3435489 0.2632084 0.3324249 0.3275923 0.5141339 0.5387588 0.3890345 0.5714708 0.2589145 0.3721384 0.1932150 0.5608883 0.6018311 0.4554521 0.4613584 0.3135588 0.6904329 0.5566572 0.5944268 0.5825020 0.5931109 0.7065500 0.5526351 0.5953787 0.4908807 0.4488767 0.5160134 0.5958498 0.4576887 0.3744864 -0.0732434 0.2972813 0.5486882 0.0354603 0.6682175 0.4617930 0.3068346 0.4846536 0.4855433 0.4252509 0.4826065 0.5985578 0.0568011 0.2174842 -0.0410893 0.2056127 0.1195327 0.5080051 0.0513952 0.4310158 0.4670979 0.1281590 0.2059782 0.0967903 0.2719634 0.2888116 0.0919863 0.1556389 0.4519196 -0.0649081 0.3615274 0.4269237 0.1973066 0.3113058 0.3141713 0.0141076 0.3167524 0.4925606 0.2061011 0.2443278 0.3139302 0.6110794 0.2901182 0.5135223 0.4445277 0.1688950 0.2596911 -0.2328328 -0.1380612 -0.1329732 -0.0390074 -0.0890868 0.0477597 -0.2046169 -0.2660997 -0.1604581 -0.1875184 0.0767957 -0.0025338 -0.2411500 -0.2331959 -0.5912481 -0.6084048 -0.3581647 -0.1925437 0.3599622 -0.0158420 -0.0693462 0.1544677 0.1148083 -0.0641776 0.0885588 0.2139023 0.0941570 -0.1438520 0.2371731 0.1954715 0.5695739 0.2960703 0.0293277 0.2991465 -0.0743686 0.2232392 0.0245231 0.1125652 0.2322083 0.0655670 -0.0794385 -0.1382326 -0.1264779 0.2214101 -0.2705936 0.3240555
-0.1054459 -0.0708951 0.1047435 0.3184404 0.1328099 0.2794240 -0.0148058 0.2839277 0.1865335 0.7679990 0.7237348 -0.0014786 0.1945541 0.4736317 0.1459273 0.1322119 0.0000000 0.0425612 0.2732945 0.2360170 0.1120239 0.3137158 0.4499431 0.0043356 0.4628955 0.2128836 0.6077795 -0.3838998 0.2621906 0.4514707 0.2135494 0.2993643 -0.1912124 0.2737880 0.2190443 0.3917550 0.2021375 0.4351993 0.2954154 0.1264418 0.3720331 0.4562722 0.2708549 0.0417626 0.1072481 0.1953450 0.1469662 0.0971063 0.1161457 0.0049420 0.2918904 0.2956260 0.1777330 0.3271307 -0.0347112 0.1982573 0.1071683 0.4357995 0.4475544 0.3161873 0.2868227 0.4619015 -0.1102505 0.2535016 0.0388259 0.0048054 0.3378966 0.3941317 0.1399355 0.5472790 -0.0366706 0.2362965 0.1599375 0.1858164 0.2261263 0.3430433 0.3277833 -0.4847039 -0.0399336 0.3380732 -0.4811607 0.4169591 0.5418714 0.3146966 0.6130628 0.5401622 0.4007235 0.5269240 0.6389827 0.3646699 0.2668061 0.1056263 -0.0738437 -0.1847825 0.4466485 -0.0547985 0.1185504 -0.3597173 0.5412230 0.0627393 0.3183182 0.1317013 0.4233435 0.1570229 0.1536332 0.1952657 0.1440356 0.0969830 0.0594640 -0.3008516 0.1402805 -0.0405097 0.1271884 -0.1632227 0.0371459 0.0066011 0.0484937 0.1025964 -0.1017640 -0.0126355 -0.0422989 0.0034298 0.4251542 -0.0148863 0.1028803 0.2647068 0.0108812 0.5157564 0.0967757 0.3689417 -0.0593051 0.4940939 0.1522731 0.3488643 0.4062791 0.4941878 0.1202595 -0.0908110 -0.2243474 0.4141017 0.7195657 0.2081721 0.4616548 0.4437094 -0.0409452 0.4316958 -0.2689330 -0.0681259 0.2350871 0.5070128 0.6137495 0.3996838 0.1079617 0.6465113 0.2573669 0.5648552 0.4601097 0.1196382 0.2872499 0.5413317 0.6276457 0.6276458 0.5345198 0.4214866 0.6848222 0.4620557 0.5239846 0.3189417 0.4257662 0.6268483 0.7834484 0.4606186 -0.1361807 -0.2436893 -0.2917443 -0.1341449 -0.0023819 -0.0586611 0.3487723 0.3272142 0.0790840 0.0169850 0.3174272 -0.0226425 0.2248770 0.0564268 -0.0696084 -0.1289756 0.3254684 0.2614781 -0.0501761 0.5324151 0.6274555 0.0506324 0.1918050 0.2276815 0.3791165 0.6120034 -0.0508955 0.2844628 0.0416567 0.0650086 0.5432292 0.5014784 -0.0342523 -0.4987899 0.2460412 0.3153074 0.0776009 0.0156348 0.4893698 0.5550712 -0.0314879 0.4792929 0.0558630 0.0389781 -0.1217364 0.3649114
