0.0000000 0.4752073 0.2455068 0.3821508 0.1372901 0.3222876 0.5919477 0.3813937 0.2711851 0.1335755 0.2616701 0.5691624 0.2906884 0.0670211 0.3001057 0.4129722 0.1675694 0.0899270 0.3705975 0.1162747 0.2279629 0.3090490 0.2398572 -0.0281003 0.3561022 0.3755699 0.2084347 -0.0759786 -0.0062360 0.0046514 0.3221128 0.3898195 -0.2534759 -0.0161050 0.2513824 0.0329170 0.3982384 0.1973837 0.1020018 0.0140531 0.2835061 0.0628919 0.2624793 -0.1983869 0.1551340 0.3646117 0.3655150 0.1686330 -0.0853247 0.1100322 0.2804323 0.3014100 0.1629925 -0.1010766 0.2303374 0.3226890 0.3896397 0.0935984 0.2932436 0.2578343 0.3289226 0.1525247 0.2043187 0.1723749 0.2695826 0.3014515 0.2834300 0.1424628 0.3385144 0.2033859 0.3351734 0.2292493 0.2506649 0.2523020 0.3341751 0.3215925 0.3368598 0.3368412 0.3853206 0.4557783 0.3776827 -0.0778457 0.1054197 0.1420477 0.0792884 -0.1547734 -0.3093389 -0.1532822 -0.1506768 -0.1230513 -0.1866644 -0.0402419 -0.0015513 -0.1409969 -0.1148594 -0.1775440 -0.0096338 -0.2468631 -0.2358270 -0.0663329 -0.1411964 -0.2944172 0.0818132 -0.1154875 -0.1455528 -0.1804111 -0.1333785 -0.0052917 -0.0582737 -0.1067837 -0.2193614 0.0028393 -0.0221239 -0.1664256 -0.2292979 -0.1159274 -0.3072977 -0.3439162 -0.1368914 -0.1113377 -0.2433091 -0.1818627 0.1066574 0.2804386 -0.1285068 -0.1026095 0.4568194 0.1007713 -0.1470220 0.2419160 -0.0767049 0.1651185 -0.0370797 0.2449179 0.1150172 -0.1711314 -0.0421513 -0.2021805 -0.1674884 -0.0979851 -0.0745114 -0.0713892 0.0311763 -0.1298310 -0.1507388 0.1068893 -0.1386302 -0.0105763 0.0000173 0.1755810 0.1015416 -0.0690192 -0.0748320 0.1604083 0.2961660 0.1652877 -0.0870773 -0.0492179 0.0293770 -0.1779321 0.2950390 0.0471345 0.2899129 -0.1772555 0.0436070 0.1408860 0.0999369 0.1404572 0.1761321 0.0138785 0.1713912 0.1466478 0.2656480 -0.0122418 0.2796538 0.3066706 0.3238922 0.0658862 0.1067364 -0.2159733 0.0208609 0.1320223 0.0802273 0.1058864 0.4031644 0.3366948 -0.0442597 0.2174743 0.2640013 0.2565523 0.0045651 0.4281750 0.4201388 0.0730406 0.0078343 -0.0569158 0.1133224 0.3148105 0.3687500 -0.0951089 0.2606390 -0.1793126 0.2215398 0.0891959 -0.0362314 0.3643226 -0.2435184 0.1148458 0.1423121 0.0081061 -0.0395345 0.1787775 0.1134932 0.2874086 0.2739545 0.1828865 0.0108298 0.2758278
0.4752073 0.0000000 0.6590795 0.5515491 0.4183614 0.4418348 0.5808683 0.2619521 0.4663619 0.0972220 0.0427426 0.6617377 0.2877730 0.6097082 0.2917338 -0.0140029 0.1574690 0.7176517 -0.1336992 0.1067370 0.3415832 0.0319296 -0.1884709 0.5357612 -0.1704997 -0.0662383 0.4746344 0.3933391 0.3679007 0.5368762 0.1225222 -0.0778001 0.2450544 0.2109360 -0.1561853 0.1856594 -0.0373789 -0.2408641 0.2464188 0.2810104 0.2240889 0.1048885 -0.1399886 0.4463165 -0.0265283 -0.1004419 -0.0782176 -0.1327051 0.3370473 -0.3367143 -0.1462349 -0.0331038 0.2722701 0.0658578 0.0188637 -0.0338567 -0.0070188 0.0631239 0.1438602 -0.0868599 0.2219444 0.0027553 0.1374073 0.1963427 0.4693728 0.0177287 -0.0065817 -0.0293664 0.2484635 -0.0996797 -0.0243226 0.1443248 -0.0149130 0.4130192 -0.0773007 -0.0308564 0.1387463 0.1261139 0.1419522 0.0483814 0.3108281 0.1719210 -0.1028098 0.2229633 0.0019925 0.0346417 -0.1355280 -0.2900803 0.0976935 -0.1751568 0.1926609 0.2269068 0.2202155 -0.0951714 -0.3773579 0.0175611 0.1807826 0.1043734 -0.2739596 -0.0719936 -0.1686659 0.1122320 -0.1382450 -0.1858131 0.1602493 -0.0607037 0.0715941 0.0027124 0.2684537 0.0982402 0.0786191 0.1336629 0.1100751 -0.0034092 0.0692765 0.0862739 -0.0650467 0.1041098 0.0887744 0.1904583 0.0087064 -0.1198986 0.3264701 0.1547796 0.1505430 0.2117306 0.0551285 0.2688104 0.1610092 -0.0945718 -0.0035258 0.2989309 0.0176755 -0.0411402 0.0605119 0.1363163 0.0528410 0.0715892 0.0025945 0.0455167 0.0372477 0.0989486 0.1254443 -0.1935924 0.0246660 -0.0090713 -0.0286874 0.0437737 0.2384254 -0.1857359 -0.4005740 -0.0263856 0.0312214 -0.0119340 -0.1305780 -0.0443220 0.0499084 0.0816274 0.2558811 -0.2938273 0.2973957 -0.0339121 -0.1261001 -0.1751755 0.0897655 0.1350919 0.0057799 0.3714631 0.3398012 -0.0662951 0.2556714 0.2276471 -0.1832945 0.2496363 0.5351196 0.3262028 0.4352404 0.1599226 0.2611157 0.0272881 0.1958937 0.3115549 0.1907899 0.2432419 0.4354525 0.5732932 0.1640095 0.5103646 0.2552634 0.2585225 0.2128112 0.1843197 0.3341620 0.0517507 0.2471552 0.1959561 0.0203546 0.2534604 0.1830600 0.1324933 0.3121773 -0.2159351 0.3003923 0.0704344 0.2698873 0.3735905 0.1116285 0.1285077 -0.0183940 -0.0405292 0.1865529 0.1367590 0.0173643 0.1363269 0.2756935 0.0655100 0.1141544 0.2613833
0.2455068 0.6590795 0.0000000 0.5537706 0.8049907 0.4423680 0.0225020 0.5910669 0.4112718 0.3487700 0.2991392 0.2667052 0.7356560 0.3456168 0.1185439 0.0608942 0.1944569 0.2907960 0.0739013 0.5835308 0.0018239 0.3221772 0.0703210 0.1170058 0.0520945 0.1184975 0.1949335 0.0450452 -0.1383035 0.1748045 0.5135437 0.2118576 0.1010830 0.1861880 0.1584088 -0.0229328 0.1784341 0.1832189 0.3285926 0.2080543 0.3780420 -0.1825101 0.1278885 0.3258841 -0.0294576 0.1640318 0.1629829 0.1621404 0.2224632 -0.1816887 0.1687383 0.0088855 0.2781083 -0.0184077 0.4687555 0.3054615 0.2139475 0.1150076 0.4275559 0.1889716 0.5231193 0.2014001 0.6015851 0.4126775 0.4675925 0.3245040 0.2542696 0.1281928 0.5694131 0.1522523 0.2566481 0.2373276 0.1807875 0.5648722 0.2295224 0.1968708 0.1904109 0.3266438 0.2978665 0.1008040 0.3735143 -0.3119833 -0.4084473 -0.2193289 -0.3737437 -0.1346960 -0.3026177 -0.5554107 -0.2625092 -0.4243611 -0.0993835 -0.0294757 -0.0722746 -0.4793979 -0.5463694 -0.1516523 0.0039964 -0.1815026 -0.4580845 -0.1567422 -0.3431133 -0.0918421 -0.2893819 -0.5156474 -0.0625215 -0.3200106 -0.2067649 -0.2285204 -0.1130523 -0.1839141 -0.3103595 -0.2697407 -0.3359195 -0.2450965 -0.2478051 -0.2593852 -0.2495059 -0.1313449 -0.2137173 -0.1769938 -0.2176168 -0.1550007 -0.2823774 0.1576761 -0.1646344 -0.1637558 -0.1968825 -0.0964905 -0.1540190 -0.0293306 -0.2948052 0.0398199 -0.2754322 -0.2484795 -0.2003821 -0.2910534 -0.2998984 -0.2743352 -0.3306301 -0.3605210 -0.4121142 -0.2215488 -0.0468991 -0.5406695 -0.4498459 -0.4485068 -0.3880972 -0.3123005 0.2350466 0.0822779 -0.5633096 -0.3872361 -0.3396979 -0.4385740 -0.1576878 -0.3260642 -0.2768653 -0.3358261 0.1211070 -0.5011611 0.1013221 -0.2261750 -0.4272695 -0.4386671 -0.3152399 -0.2339152 -0.4750364 0.2124586 0.2136133 -0.2387367 -0.0723197 0.0111164 -0.1765411 -0.1998427 -0.0502929 -0.2573723 0.1189666 0.1659597 0.0975443 0.0154044 0.2118344 -0.0687208 -0.1147664 -0.2592628 0.6731667 0.7458278 0.6424271 0.8182857 0.1942242 -0.0231050 -0.1986428 0.1955855 0.1750260 -0.3105913 -0.1911824 -0.2520825 -0.3001835 0.1611165 0.2472109 -0.2805003 0.4609018 -0.0815925 0.1168733 0.0452660 0.5747573 0.4794029 -0.1800926 0.4757816 0.2953338 0.0505540 0.0108570 -0.1559941 0.5096367 0.2953448 0.1349339 0.4036567 0.1519064 0.1160562
0.3821508 0.5515491 0.5537706 0.0000000 0.2819442 0.8741355 0.3812004 0.8097082 0.2644173 0.6550279 0.6680613 0.5504171 0.6535847 0.5639786 -0.1968783 0.4521564 0.5524753 0.1328697 0.2853689 0.4950670 0.3077312 0.5341508 0.2885265 0.2531406 0.2301160 0.4230814 0.5055658 -0.2009618 0.2187594 -0.0344934 0.5776317 0.3898574 0.1835193 0.6196450 0.3657576 0.3444805 0.4400523 0.2529936 0.3433812 0.0697678 0.6885517 0.2858124 0.4175763 0.1811193 0.5353343 0.2677225 0.4170156 0.3653129 0.4982070 0.0641149 0.4032564 0.4149646 0.7740083 0.3613419 0.5482484 0.3339538 0.4588807 0.4979470 0.2255708 0.4436424 0.7275812 0.5678529 0.3146328 0.8101008 0.7945788 0.4508820 0.5308691 0.5717162 0.4373352 0.6091016 0.4069360 0.7529695 0.5628576 0.8805001 0.3755631 0.6056501 0.7392804 0.4576590 0.5300124 0.6242487 0.6401645 0.0285694 -0.0939067 0.3524661 -0.0272578 -0.1805089 -0.2075976 -0.4639149 0.0132335 -0.3016906 -0.3430062 -0.3084619 -0.1832944 -0.1894421 -0.6426489 -0.4425127 -0.3536972 -0.2143844 -0.6455356 -0.0760722 -0.4808587 -0.2374660 -0.2786380 -0.6195170 -0.3397036 -0.4635898 -0.3038230 -0.1643048 -0.1372285 -0.3356377 -0.4770118 -0.1781220 -0.2250360 -0.2642370 -0.2075686 -0.1705234 -0.3156809 -0.0855358 -0.0278186 -0.1086530 -0.2104343 -0.1703421 -0.2729923 0.6531726 -0.1623395 -0.2646484 -0.0404642 -0.3075402 -0.2431232 0.3647945 -0.1754061 -0.1399833 -0.1075006 0.2826565 -0.3944991 -0.3389509 -0.0034396 -0.2620852 -0.1953946 -0.2423328 -0.3068365 -0.1124207 -0.4597663 -0.3991186 -0.2054030 -0.1057407 -0.1906098 -0.1414230 -0.3098331 0.0406450 -0.4166140 -0.2831959 -0.2330386 -0.1873838 -0.3923899 -0.0751981 -0.3862470 -0.3012823 -0.2219413 -0.3632916 -0.1666641 -0.3850056 -0.0175171 -0.3652725 -0.4160847 -0.1763486 -0.0823954 -0.0724659 -0.0952889 -0.3557591 -0.1954813 -0.1854631 0.0576854 0.1125873 0.1448752 0.0749610 0.4182865 0.1170738 0.3315184 0.1144435 0.4187192 0.3269505 0.3427285 0.0385217 0.5018055 0.7331130 0.1051587 0.4564355 0.5983197 0.4443475 -0.1147432 0.7296201 0.6829449 -0.0778132 -0.1591323 -0.1428342 -0.1790967 0.7824059 0.6591529 -0.2957252 0.4089762 -0.2918279 0.0763520 0.1350719 0.2894920 0.5694708 -0.4122805 0.4093043 0.1578620 0.1326213 -0.2120029 0.1786742 0.3379018 0.5182374 0.6508570 0.2176724 0.1253397 0.1378761
0.1372901 0.4183614 0.8049907 0.2819442 0.0000000 0.2518168 -0.2177819 0.4341105 0.3076627 0.4091472 0.2979395 -0.1322277 0.6738154 0.2926416 0.1871331 0.1957672 0.2213362 0.1293471 0.3023895 0.5850360 -0.1377179 0.3479820 0.1792842 0.1240271 0.2955746 0.1914553 0.2003849 -0.0444034 -0.0524577 0.0172027 0.5637127 0.3311666 0.0837545 0.1185564 0.2340731 -0.0895785 0.2290294 0.3937678 0.3309371 0.2653367 0.3123745 -0.0361787 0.1602457 0.3234391 -0.0603715 0.2863198 0.1965805 0.3157018 0.1143181 0.0346079 0.2003120 0.0345364 0.0268667 -0.0188125 0.4523375 0.3953475 0.2151310 0.2135176 0.4915778 0.1468920 0.2954422 0.1034860 0.6833233 0.2489171 0.0978457 0.3741555 0.1952761 0.0289112 0.5900391 0.1050412 0.2579544 -0.0216382 0.0817630 0.2555768 0.3035708 0.1039628 -0.0121602 0.2169077 0.1595783 -0.0515350 0.1088502 -0.1805724 -0.0727024 -0.2298235 -0.1602748 0.1314531 -0.2231998 -0.2206473 -0.1421406 0.0065233 0.0440162 0.1802409 0.0180324 -0.2876693 -0.3369257 0.0239904 0.2257280 -0.0568910 -0.1312711 -0.0539101 0.0215886 0.0623314 -0.0312064 -0.1945617 0.0644595 -0.1789852 -0.0356625 0.0083914 -0.0856708 -0.0299611 -0.1250275 -0.1937599 -0.1483539 -0.0763034 -0.1837691 -0.1828524 -0.1429829 -0.0583521 -0.2159430 -0.1253083 -0.0766086 0.0190952 -0.1990138 -0.0809353 -0.0654847 0.0246790 -0.3256074 -0.0713115 0.0091834 -0.1584089 -0.0926146 0.0357698 -0.2123907 -0.4971664 0.0495367 -0.2865957 -0.2537416 -0.0919066 -0.1221009 -0.1778885 -0.3020939 -0.0428710 0.2037249 -0.3427702 -0.2808045 -0.3878348 -0.2141532 -0.1237157 0.5835198 0.2029347 -0.1988150 -0.2826674 -0.1733176 -0.3986590 -0.1880106 -0.3601614 -0.0454862 -0.1550499 0.2702391 -0.2565665 0.0737174 0.0237983 -0.4338696 -0.2575766 -0.1123271 -0.1281149 -0.4548573 0.3127474 0.2530431 -0.0461818 0.1153965 0.1775204 -0.0846063 -0.3288424 -0.1593255 -0.3382680 -0.2894183 -0.0413101 -0.1495794 -0.0283676 -0.0213059 -0.3186727 -0.1176915 -0.2585028 0.5974162 0.3988421 0.7289489 0.7797721 0.0062302 -0.2140660 -0.1685759 -0.1346278 -0.1524082 -0.2158841 -0.1159850 -0.1652481 -0.1776128 -0.1656108 -0.0048068 -0.1054193 0.4210349 -0.0425696 0.0050571 0.0182351 0.7520504 0.2429495 0.0353800 0.5313736 0.3364542 -0.0482537 0.0189169 -0.1737366 0.6504236 0.1630299 -0.0735703 0.4944017 0.1214573 -0.2584014
0.3222876 0.4418348 0.4423680 0.8741355 0.2518168 0.0000000 0.3805947 0.7923405 0.4449843 0.7934846 0.7127173 0.5274611 0.6421291 0.6171715 0.0221930 0.5228493 0.5335305 -0.0404468 0.4457356 0.4254547 0.1333000 0.5731572 0.3846496 0.3273975 0.3959359 0.4975045 0.5731881 -0.1339604 0.3114999 0.0386120 0.5219142 0.4825246 0.4199951 0.8219680 0.4907517 0.3082614 0.5193669 0.4040135 0.4696312 0.1370430 0.4862262 0.4122798 0.5224187 0.3114020 0.7394670 0.4057091 0.5070876 0.4303431 0.6656087 0.1557222 0.5086103 0.4691067 0.8098006 0.3984133 0.5347524 0.4458179 0.5098469 0.6669344 0.2891626 0.5331762 0.7502637 0.6610029 0.4036662 0.8879663 0.6574597 0.4901181 0.6118028 0.7190074 0.4943158 0.6938577 0.5727867 0.7028552 0.7236513 0.7642161 0.4964549 0.7315116 0.6018249 0.5764004 0.6983391 0.5670148 0.7168658 -0.0536668 -0.0870176 0.0808270 -0.1394596 -0.4182649 -0.4019484 -0.5413771 -0.2455119 -0.4712279 -0.4492669 -0.2843578 -0.3813947 -0.3892786 -0.7790822 -0.4141831 -0.3239154 -0.3615481 -0.7461152 -0.3081879 -0.5366327 -0.3645663 -0.4416982 -0.6258790 -0.3278942 -0.5583690 -0.3343247 -0.3520819 -0.1954029 -0.3790203 -0.5785815 -0.2407421 -0.2408349 -0.3287314 -0.2702910 -0.3095729 -0.3710090 -0.1616851 -0.1498525 -0.1792873 -0.2688287 -0.2283385 -0.3102847 0.4631201 -0.2259335 -0.3033114 -0.1995860 -0.2334453 -0.3124746 0.2441343 -0.2246166 -0.0916489 -0.0809312 0.3273180 -0.3100804 -0.3402451 -0.0335794 -0.3077958 -0.1919124 -0.3189390 -0.3413828 -0.1994495 -0.3130128 -0.5129313 -0.2891944 -0.0546227 -0.2376842 -0.2346457 -0.3154705 -0.0174469 -0.3533563 -0.3887316 -0.2935644 -0.1501452 -0.4543200 -0.2524239 -0.3889705 -0.3195445 -0.0694554 -0.3792755 -0.2230797 -0.4529203 -0.0854904 -0.3965737 -0.4574455 -0.1437723 0.0094838 0.0552762 0.0053528 -0.3888305 -0.1587963 -0.2397874 0.2039504 -0.1546742 0.0032299 0.0120020 0.1123454 -0.2837788 0.0831458 0.0483910 0.2272335 0.2921587 0.4048577 0.0594866 0.6074752 0.6561055 0.1143651 0.4445808 0.3384467 0.2744675 -0.2371836 0.6225253 0.5463783 -0.1945462 -0.2380823 -0.2225571 -0.4135789 0.8004678 0.7363766 -0.3695132 0.3411448 -0.3271139 0.0481444 -0.0929856 0.1745226 0.5961359 -0.4157534 0.5719902 0.1664534 0.1177626 -0.3013596 -0.0917071 0.3483775 0.4164602 0.5090878 0.2949112 -0.1663540 -0.1590342
0.5919477 0.5808683 0.0225020 0.3812004 -0.2177819 0.3805947 0.0000000 0.0937987 0.2420897 -0.0404055 0.0203143 0.8468673 -0.0897822 0.3910181 0.2061539 0.1363325 0.1454700 0.3891174 -0.0358016 -0.3083467 0.4990494 -0.0126460 -0.0970764 0.3976123 -0.0636618 0.0815865 0.5724424 0.2230650 0.3507486 0.3104821 -0.2275725 -0.0202268 0.2751403 0.3177572 -0.0959390 0.2978150 0.0560747 -0.3119187 0.1251499 0.1878569 0.0762493 0.2157432 -0.0136431 0.2090523 0.2785043 -0.0282285 -0.0012784 -0.2355415 0.3156146 -0.2118219 -0.0800387 0.2177371 0.3319516 0.2219811 -0.2004885 -0.1004888 0.0254236 0.2261881 -0.0638745 -0.0325006 0.0705193 0.1401877 -0.2227253 0.1700887 0.4123641 -0.1043350 0.0353622 0.2039399 0.0098952 0.0518460 -0.0372658 0.1946857 0.1116460 0.2995857 -0.0911001 0.1151205 0.2161314 0.0838628 0.2366362 0.2702720 0.3396668 0.2113991 -0.0627969 0.3537400 0.2317923 -0.1264061 -0.1310945 -0.0906983 0.0085594 -0.1380574 -0.0364769 0.0246972 0.0644041 0.1378668 -0.2937935 -0.0711550 -0.0758337 0.0031717 -0.2704247 0.1193289 -0.1106893 -0.0607544 -0.0610483 0.0610826 -0.0019658 -0.0020027 -0.0126872 -0.0430077 0.2540564 0.0054467 -0.0277001 0.2032849 0.1325544 -0.0575285 0.0098540 0.0706689 -0.2114872 -0.0823826 -0.0204921 0.1888585 -0.0648964 -0.2554793 0.3293383 0.0948930 0.1621907 0.1576247 0.2061674 0.1926953 0.0904358 -0.0001278 0.0160923 0.0956372 0.1488105 0.2603430 -0.0730425 -0.0192368 0.1804085 0.0449628 0.0091454 0.0956718 -0.0011136 0.0647516 -0.0526383 -0.1245429 0.1177773 0.1948354 0.0538493 0.0761976 -0.1410973 -0.2465193 -0.2444821 -0.0370604 0.0655601 0.1292531 -0.0628316 -0.0217235 -0.0910529 0.0296785 0.0818994 -0.1649768 0.0664339 -0.2006382 0.0542131 -0.1081270 0.0305870 0.1343490 0.1991362 0.2235574 0.2086723 -0.1843404 0.2186268 0.1445712 0.1223201 0.4098129 0.6355943 0.6558363 0.6067535 0.1275812 0.3689668 0.2246152 0.2581168 0.6048395 0.3601909 0.3780405 0.2029119 0.2917482 -0.3833431 0.1060081 0.2179513 0.2327311 0.2286123 0.2691317 0.3184884 0.2107272 0.2533149 0.2184579 0.2437381 0.4004717 0.3434312 0.1308664 -0.1139564 -0.3814645 0.0950113 -0.0459352 -0.3116501 0.3266363 -0.0400448 -0.2266448 -0.2646325 -0.1503519 -0.1996318 0.1777119 -0.2913053 0.1136356 0.3506192 -0.3502412 -0.2882349 0.2865200
0.3813937 0.2619521 0.5910669 0.8097082 0.4341105 0.7923405 0.0937987 0.0000000 0.3299723 0.7627089 0.7716302 0.2909037 0.8972158 0.3297602 -0.0609324 0.5693189 0.4927420 -0.1996442 0.5708642 0.6744487 -0.0221831 0.8189129 0.4956943 -0.0342363 0.5614445 0.6020950 0.3306635 -0.3114923 -0.1503621 -0.1526174 0.7904625 0.6576284 0.0944405 0.5954689 0.6582532 0.1007856 0.6695357 0.6026120 0.4263465 0.0623695 0.6001980 0.0926788 0.6836371 0.0699502 0.6467679 0.5950142 0.6653546 0.4413522 0.3549434 0.2663730 0.6793233 0.5234815 0.7078375 0.2853919 0.7375176 0.6430164 0.6626179 0.5464855 0.2619643 0.6598801 0.8865703 0.6961163 0.5840505 0.8861215 0.6858785 0.6166780 0.7024539 0.6867286 0.6133413 0.7890730 0.6492974 0.7507842 0.7362043 0.8547108 0.6521136 0.8132962 0.6732172 0.7106146 0.7795031 0.7495805 0.7727346 -0.1551965 -0.0951608 -0.0513693 -0.2795235 -0.4653875 -0.3103201 -0.4920629 -0.4175415 -0.3842024 -0.6125820 -0.3495074 -0.4761890 -0.4459495 -0.6588229 -0.4469298 -0.4498008 -0.6046840 -0.6883114 -0.0188238 -0.3774622 -0.5937638 -0.3419995 -0.5351321 -0.5729706 -0.5349398 -0.6410669 -0.3154444 -0.5499859 -0.6491461 -0.7455728 -0.5665731 -0.5576083 -0.5242576 -0.6004311 -0.5604357 -0.6028340 -0.5174557 -0.4663180 -0.5464935 -0.5513656 -0.3404615 -0.5408737 0.4591547 -0.5484934 -0.6296584 -0.0935091 -0.3386976 -0.6284208 0.3565791 -0.4936592 -0.0848963 -0.4088198 0.2473117 -0.4884432 -0.6052888 -0.3681947 -0.6436446 -0.5562587 -0.5955332 -0.6333020 -0.4927454 -0.3329758 -0.6011417 -0.5831035 -0.3671859 -0.5636580 -0.5285970 -0.3290616 0.2112571 -0.2940228 -0.4857943 -0.5788748 -0.3625959 -0.1953183 -0.1595704 -0.4524973 -0.5261997 -0.1536699 -0.3810876 -0.1221788 -0.4221529 -0.0293662 -0.4068354 -0.5896159 -0.2527332 -0.2994801 -0.0347987 -0.0246226 -0.2480938 -0.3218202 -0.3289121 0.2651732 -0.3287330 -0.2895800 -0.3506101 0.0219591 -0.1843129 0.0429298 0.0453953 0.2951186 0.0952442 0.0884315 -0.3019821 0.5344869 0.7821310 0.1944186 0.5975463 0.3352003 0.0919771 -0.5513893 0.6862775 0.4754507 -0.3682855 -0.5777455 -0.5612842 -0.4758236 0.7111626 0.8074995 -0.6526360 0.5742985 -0.0771214 0.1179064 0.2121785 0.2282630 0.7070335 -0.6931439 0.7536993 0.5192738 0.3030735 -0.2100860 -0.0712960 0.6337112 0.6106576 0.5165056 0.6049510 0.1182088 -0.1379966
0.2711851 0.4663619 0.4112718 0.2644173 0.3076627 0.4449843 0.2420897 0.3299723 0.0000000 0.1873780 -0.1256801 0.4534617 0.3376644 0.5745578 0.8224985 -0.2053242 -0.0690295 0.3253224 0.0769683 0.2192741 -0.2582584 0.2994153 -0.1307936 0.6334437 0.1156214 -0.0284865 0.2380931 0.5380950 0.2849891 0.6270120 0.2080497 0.1219304 0.4469639 0.3006069 0.0363525 -0.1167977 0.0637109 0.0746966 0.3472778 0.3201492 -0.1977326 -0.0235574 -0.0066165 0.4323737 0.1224353 0.2358837 0.1237107 -0.0819316 0.4470213 -0.0677614 0.0840738 -0.2133706 0.2476546 -0.2038238 0.2031775 0.2866759 0.1197027 0.0448981 -0.0116008 0.1234858 0.2379416 0.0258845 0.3975528 0.1662023 0.2096761 0.0629872 0.1564632 0.0562452 0.2810998 -0.0434381 0.2309371 -0.0264900 0.1849086 0.1419309 0.0949370 0.1222064 -0.1469223 0.2551683 0.3605433 -0.0057215 0.3433604 -0.2333697 -0.2540862 -0.3979176 -0.1930698 -0.4080133 -0.3541362 -0.4184438 -0.4975930 -0.3718274 -0.1667724 0.0721037 -0.3283030 -0.4916754 -0.6368029 -0.0789701 0.1380079 -0.2784969 -0.5626441 -0.4085609 -0.1946115 -0.2984557 -0.3190685 -0.1164309 0.0402807 -0.3646101 -0.0409106 -0.4197302 0.0183172 -0.1339622 -0.2539721 -0.0916423 -0.1279749 -0.3376195 -0.2343989 -0.3170648 -0.3451720 -0.2169851 -0.2421342 -0.1327629 -0.2582511 -0.3626835 -0.0506088 -0.0745368 -0.1634615 -0.1484175 -0.1973848 0.3009927 -0.2575924 -0.1114555 -0.2104701 0.3038778 -0.0458383 0.1136324 -0.1060229 0.0901727 -0.0458960 -0.2820558 -0.1899772 -0.3527343 -0.0526066 -0.3076936 0.1399732 -0.4192381 -0.2730899 0.0383543 -0.2767008 -0.2569125 0.0462052 -0.2361316 -0.3402114 -0.2849060 -0.3102210 0.0916119 -0.1276704 -0.3519353 -0.0237901 -0.0701435 0.3848260 -0.4583379 0.2208228 -0.1752168 -0.2188943 -0.3625115 -0.0087933 0.0824016 0.0468743 0.4105035 0.4411051 0.0109852 0.1226998 0.1241242 0.2211592 -0.4804845 -0.0992074 -0.2861184 -0.2348175 -0.5048292 -0.3586119 -0.3225641 -0.1199720 -0.0367188 -0.0830552 -0.1049534 0.3309298 0.3628181 0.0877466 0.4100198 -0.2923432 -0.0848606 -0.1901664 0.0886582 0.0914706 -0.4262175 -0.1128796 -0.1944714 -0.5350363 0.2181741 0.2841495 -0.2584993 0.5134891 0.1236682 0.2980352 -0.2285068 -0.1678451 0.2886842 -0.2094904 0.4000650 0.2363761 -0.0061168 -0.1187664 -0.4111189 0.0961200 -0.1844485 -0.2754302 0.2367937 -0.0036592 0.0680414
0.1335755 0.0972220 0.3487700 0.6550279 0.4091472 0.7934846 -0.0404055 0.7627089 0.1873780 0.0000000 0.8932012 -0.0285502 0.7298922 0.4107304 -0.1725033 0.7515683 0.7346650 -0.3393348 0.7321771 0.5244838 -0.0537247 0.6737372 0.7372342 -0.0141866 0.6994253 0.7512492 0.5445494 -0.5048406 0.0331250 -0.3567927 0.7286256 0.6962483 0.0820611 0.6381377 0.7725186 0.2062697 0.7206327 0.7583280 0.3641585 -0.0646874 0.6419137 0.3824079 0.7184416 0.0515693 0.6690655 0.6721785 0.7160212 0.7280656 0.2923558 0.6130364 0.7530371 0.5563657 0.4840487 0.3220334 0.7344875 0.7015898 0.6737816 0.6747904 0.2801403 0.7018582 0.6194164 0.7169586 0.6034295 0.8717113 0.3216649 0.7279050 0.7626001 0.7150718 0.7003585 0.8353537 0.7495313 0.5137450 0.7410754 0.5737755 0.7838617 0.8392608 0.5311792 0.6953571 0.6846433 0.5553456 0.5924176 -0.1187582 0.1013405 -0.0797541 -0.1617554 -0.3532656 -0.2756253 -0.3174607 -0.2236774 -0.2538500 -0.3821017 -0.1978980 -0.2582107 -0.3717287 -0.5764771 -0.1950278 -0.1591482 -0.2572858 -0.4653909 -0.2383844 -0.3632615 -0.2893789 -0.2745568 -0.5138013 -0.2349312 -0.3575143 -0.3179050 -0.2312408 -0.3001486 -0.3138775 -0.4732739 -0.3013045 -0.2167633 -0.1920705 -0.2330174 -0.2696672 -0.2459690 -0.1190394 -0.1682368 -0.2181167 -0.2037549 -0.0431264 -0.5054885 0.3224890 -0.2465211 -0.2453727 -0.1670839 -0.3532087 -0.2491880 0.3327454 -0.1061807 -0.1834404 -0.0218306 0.0740024 -0.1806514 -0.4096328 -0.0380638 -0.2186538 -0.0803917 -0.1804364 -0.3315003 -0.0698297 -0.1233689 -0.3361504 -0.2152266 -0.0716345 -0.1628128 -0.1508187 -0.1084143 0.3310254 0.0177185 -0.3321499 -0.1720878 -0.1941874 -0.4018890 -0.1795665 -0.2281534 -0.2306539 -0.0390059 -0.0251112 -0.2745898 -0.1873696 0.0024202 -0.1214067 -0.3651054 -0.1616965 -0.0513345 0.0094815 -0.0703824 -0.1829581 -0.1462255 -0.2607096 0.0472443 -0.3212721 -0.3257370 -0.1892720 -0.2387050 -0.3311082 -0.0408219 0.1134057 0.0162108 -0.0031808 0.2814926 -0.0591824 0.5018070 0.3690728 0.2440812 0.4709748 0.2230477 -0.0130119 -0.2908001 0.3766356 0.1810534 -0.1053309 -0.2775903 -0.2215737 -0.2515719 0.4790066 0.5187617 -0.2700680 0.3563537 -0.3484601 -0.2310952 -0.0228191 0.4191855 0.4726909 -0.2781833 0.6373631 0.2641596 -0.0283384 -0.3698246 0.0156017 0.5660043 0.4116132 0.4514983 0.4690888 -0.0694212 -0.4337613
0.2616701 0.0427426 0.2991392 0.6680613 0.2979395 0.7127173 0.0203143 0.7716302 -0.1256801 0.8932012 0.0000000 -0.0192827 0.7038684 0.1879096 -0.4281704 0.8780190 0.7468771 -0.4208810 0.7458922 0.4911827 0.0622511 0.6186575 0.7923817 -0.2860794 0.7034603 0.8143349 0.4540930 -0.6386152 -0.1463765 -0.5095619 0.6803708 0.7506560 -0.0554879 0.5555321 0.8080894 0.2037816 0.7908722 0.7440907 0.3646227 -0.0749225 0.7635155 0.3131752 0.8185458 -0.0852758 0.6703289 0.6342479 0.7497308 0.7105316 0.1956682 0.5061098 0.7846416 0.7717812 0.5198706 0.4743515 0.7074079 0.6444288 0.7320223 0.7160062 0.3595752 0.7332779 0.6987512 0.8023020 0.5055948 0.8833775 0.3976500 0.7587725 0.7812695 0.7811098 0.6485666 0.9241455 0.7311257 0.6569235 0.7733406 0.6718834 0.8034454 0.8862313 0.6927213 0.6979059 0.6882458 0.6865447 0.6243700 -0.0250107 0.1383570 0.0897807 -0.2144232 -0.2442336 -0.2318885 -0.2849526 -0.1250774 -0.2502302 -0.4673122 -0.3334280 -0.2393310 -0.2701105 -0.3849037 -0.3373396 -0.3865534 -0.3256417 -0.3951968 -0.0915409 -0.3787357 -0.2838179 -0.1765416 -0.5327988 -0.4672736 -0.3570399 -0.4461495 -0.0881955 -0.4572873 -0.4176682 -0.5746110 -0.4016899 -0.2968343 -0.1740096 -0.2995840 -0.2694073 -0.2362252 -0.2018654 -0.1967268 -0.3188871 -0.2336427 0.0507957 -0.5058213 0.4546020 -0.3230613 -0.3780826 0.0090473 -0.5062472 -0.3335447 0.4031334 -0.1933435 -0.3083078 -0.1877182 0.1470566 -0.2660369 -0.6023184 -0.1864857 -0.3146321 -0.2227953 -0.2573865 -0.4842833 -0.1591740 -0.3137688 -0.3366561 -0.3113788 -0.1971318 -0.2533267 -0.2222589 -0.2744516 0.4146677 0.0224371 -0.3385537 -0.2490645 -0.3270571 -0.1962559 -0.0423530 -0.3987602 -0.3803793 -0.2980908 -0.0253513 -0.2596877 -0.2616289 0.0925366 -0.1707769 -0.5017427 -0.2630974 -0.1870998 -0.2228568 -0.2812348 -0.3132258 -0.3112438 -0.4354266 0.0987466 -0.1262224 -0.2114969 -0.0789744 0.0060572 -0.0909002 0.1205330 0.1751183 0.2096000 0.0857965 0.2710472 -0.1062660 0.4827465 0.4251797 0.2004718 0.3888943 0.3984602 0.0603350 -0.3453127 0.5008253 0.2963705 -0.0523985 -0.3886658 -0.3162291 -0.1385959 0.5382238 0.5966978 -0.3604885 0.2933418 -0.3397904 -0.2163489 0.1061537 0.4039051 0.5583330 -0.4049287 0.5581981 0.3313632 0.1186813 -0.3362834 0.1149693 0.5993700 0.6291565 0.6549976 0.4918794 -0.0365007 -0.3388852
0.5691624 0.6617377 0.2667052 0.5504171 -0.1322277 0.5274611 0.8468673 0.2909037 0.4534617 -0.0285502 -0.0192827 0.0000000 0.0790694 0.3990209 0.2945395 -0.0410653 -0.0311305 0.3973054 -0.1775470 -0.0840256 0.4126333 0.1018182 -0.2559549 0.4549975 -0.2230435 -0.0759996 0.2982398 0.3087085 0.3682565 0.4176766 -0.0732979 -0.1096851 0.3310840 0.3626683 -0.1758111 0.2585448 -0.0407544 -0.3540872 0.1293780 0.1517674 0.0029086 0.1286734 -0.0946917 0.2565468 0.2787924 -0.1295602 -0.0589803 -0.2600894 0.4598202 -0.3874485 -0.1237124 0.0231314 0.5464981 0.0787213 -0.1082695 -0.1388949 -0.0178719 0.1018468 0.0449002 -0.0463622 0.3242306 0.0943945 -0.1531549 0.2581739 0.6245716 -0.1361952 0.0079423 0.1786192 -0.0339495 0.0196840 -0.0270154 0.4013788 0.1555027 0.4633452 -0.1618540 0.1122291 0.2988084 0.0982464 0.2765462 0.2934816 0.4304820 -0.0209937 -0.2584539 0.2371169 0.1034801 -0.3177164 -0.2810251 -0.3569618 -0.1586308 -0.3726650 -0.1659370 -0.1137062 -0.1563249 -0.1014323 -0.4834092 -0.2704692 -0.1747422 -0.2125673 -0.5313686 -0.0414520 -0.3263793 -0.2971303 -0.3253351 -0.2574814 -0.0699371 -0.2787638 -0.1374476 -0.3053628 0.1854651 -0.1490903 -0.1962157 0.0925859 -0.0843274 -0.3140074 -0.1415014 -0.1321656 -0.3818508 -0.1961440 -0.0715715 0.0456396 -0.2516732 -0.4743191 0.2130341 0.2465218 -0.0101138 -0.0312008 0.0359538 0.1876355 -0.0908838 0.0095256 -0.1831530 0.1882796 0.0301510 0.3671794 -0.1619191 0.0289921 0.0738002 -0.1486085 -0.1607515 -0.1246481 -0.0576811 -0.1068606 -0.1530473 -0.2995364 -0.0914093 0.0704957 -0.1157242 -0.1032778 -0.2300342 -0.3923489 -0.4704932 -0.1195937 -0.1302699 0.1074463 -0.1816841 -0.0765244 -0.1897621 -0.1065884 0.0847819 -0.4456218 0.0250279 -0.3350116 -0.0158615 -0.3149472 -0.1368561 0.0902296 0.1670897 0.2366530 0.2577637 -0.2198161 0.1150027 0.1478434 0.1640873 0.1925310 0.4760702 0.4418624 0.5829435 0.0700100 0.3093498 0.0286805 0.2653178 0.5225781 0.2807998 0.2629448 0.3315293 0.5691048 -0.2196847 0.1731734 0.2878195 0.4329208 0.0930677 0.5135618 0.6093587 -0.0273497 0.1105114 0.0490634 -0.1072045 0.6207438 0.4957797 -0.0913423 -0.0056528 -0.2277389 0.2958043 -0.0642700 -0.2938977 0.3732188 -0.2261433 -0.0321387 -0.1989354 0.0615019 -0.0208865 0.0211768 -0.2468324 0.1274091 0.2847487 -0.2358560 -0.2057729 0.3714649
0.2906884 0.2877730 0.7356560 0.6535847 0.6738154 0.6421291 -0.0897822 0.8972158 0.3376644 0.7298922 0.7038684 0.0790694 0.0000000 0.3364764 -0.0200834 0.5391218 0.5410489 -0.1149064 0.6079092 0.7945603 -0.2532228 0.8031213 0.5696284 -0.0695867 0.5998227 0.6206196 0.3469859 -0.2509006 -0.3189881 -0.1102215 0.8427914 0.7239100 0.0673599 0.4150014 0.7071800 -0.1123373 0.6978659 0.7197831 0.5247500 0.1770202 0.6192108 -0.1196764 0.6913585 0.1661713 0.4111923 0.6885127 0.7022287 0.5596618 0.2209098 0.3155048 0.7174453 0.4927141 0.4241642 0.2474076 0.8417529 0.7731828 0.7216843 0.5344126 0.3317797 0.7121412 0.7707301 0.6749753 0.8124592 0.7612512 0.4450364 0.7481546 0.7439940 0.6177372 0.8037710 0.6978132 0.7073423 0.4541342 0.6890650 0.6903261 0.6867799 0.7157410 0.3844060 0.6785497 0.7058660 0.4509624 0.6430085 -0.2296562 -0.1650243 -0.2337396 -0.3429772 -0.3672191 -0.4558172 -0.4484331 -0.4357471 -0.3493382 -0.5802956 -0.3625806 -0.4443800 -0.4745619 -0.6760436 -0.3838754 -0.3147206 -0.5241377 -0.6438518 -0.0820479 -0.4156606 -0.4473763 -0.3880838 -0.5118383 -0.4296610 -0.5318341 -0.4562612 -0.3447187 -0.4085876 -0.4507545 -0.6672070 -0.4523875 -0.5019564 -0.4419046 -0.4427843 -0.5237011 -0.4815961 -0.3720141 -0.4550571 -0.4383966 -0.4439366 -0.2632924 -0.6078214 0.3303324 -0.4087175 -0.4976539 -0.1184547 -0.4022282 -0.4676041 0.2821682 -0.3694067 -0.2333592 -0.2982153 0.0519442 -0.4054131 -0.5620148 -0.3223277 -0.5224113 -0.4476459 -0.5717525 -0.6046052 -0.4320179 -0.2567389 -0.6585005 -0.6026864 -0.3839090 -0.5115665 -0.4731980 -0.1109889 0.1770253 -0.3604084 -0.6011991 -0.5437243 -0.4876252 -0.2265881 -0.3283241 -0.4425958 -0.5691468 -0.0901048 -0.4476733 -0.1811811 -0.4352523 -0.2611791 -0.4631019 -0.5923615 -0.3811719 -0.4313523 0.0030169 -0.0114979 -0.3108608 -0.3139152 -0.2631027 0.1016844 -0.4147491 -0.4426038 -0.5002798 -0.1193513 -0.1327782 -0.1607075 -0.0658609 0.2996426 -0.1865421 -0.1443651 -0.4646024 0.6063888 0.6769214 0.4320949 0.7216379 0.0967403 -0.1880301 -0.4967042 0.3650731 0.1643808 -0.4716893 -0.5008550 -0.5379562 -0.4278403 0.4305939 0.5247714 -0.5549332 0.5582544 0.0331716 0.0671702 0.0999457 0.4016566 0.6163935 -0.5265699 0.7595573 0.4866990 0.2058068 -0.1835265 -0.2661002 0.6681846 0.3757600 0.2891312 0.6580769 0.1458555 -0.1864989
0.0670211 0.6097082 0.3456168 0.5639786 0.2926416 0.6171715 0.3910181 0.3297602 0.5745578 0.4107304 0.1879096 0.3990209 0.3364764 0.0000000 0.2851233 0.1652505 0.5240911 0.6006558 0.1409552 0.2771795 -0.1193826 0.3663601 0.0795748 0.8110924 0.1489410 0.1981650 0.7542180 0.4453498 0.4817929 0.5581750 0.2617843 0.2369745 0.6233471 0.5273644 0.1383728 -0.0702598 0.2530503 0.0672207 0.5683352 0.4629885 0.3362227 0.1234552 0.1466142 0.7530188 0.2245082 0.2158552 0.2308141 0.1236070 0.6889409 0.0092977 0.1648407 0.2227485 0.3439333 0.4754934 0.2507718 0.2670636 0.2796212 0.5320336 -0.0692126 0.2543194 0.1931206 0.3861984 0.2998447 0.4162341 0.2364435 0.2932070 0.3453245 0.3675910 0.3800076 0.2266010 0.2785976 0.0824884 0.3708844 0.3463441 0.1887724 0.2412917 -0.0183483 0.3025741 0.3705273 -0.0032754 0.4371997 0.1808421 -0.1061344 0.1950241 -0.0194471 0.0019250 -0.1160601 -0.1657285 0.0606034 -0.0625968 -0.1163026 -0.0454313 -0.1648993 0.0425699 -0.6485245 -0.2547656 -0.0806869 -0.0415332 -0.5154459 -0.1081391 -0.2664777 -0.0112735 -0.3749734 -0.1147966 -0.0527278 -0.3315310 0.0061071 -0.2147817 0.1857307 -0.1015058 -0.1515443 0.0171049 -0.0430423 -0.2219030 -0.0287614 -0.1578804 -0.2475539 0.0944166 -0.0808870 0.0588458 -0.1074879 -0.2175131 -0.0602357 0.0268151 0.0302169 0.0895408 -0.3326008 -0.1073304 -0.0092086 -0.0841751 -0.0200631 -0.0325793 0.1153138 -0.0336720 -0.2771888 -0.0741182 0.1193655 -0.0532418 0.0254501 -0.1126091 -0.0924253 -0.0337398 -0.1039610 -0.3892476 -0.0317217 0.0224864 -0.0802756 -0.0451045 0.0373287 -0.3292322 -0.4134168 -0.3385995 -0.1656127 -0.1540869 -0.4453419 -0.4123309 -0.1111269 -0.1043134 0.0471425 -0.3238431 -0.0420475 -0.2199919 -0.3440368 -0.3143454 -0.1532218 -0.1590055 -0.0685731 0.1240980 0.0559196 -0.1447006 -0.0692224 -0.0228065 -0.1094302 0.0342758 0.1796018 -0.0196420 0.0543227 -0.1543044 -0.1972081 -0.1390549 0.3713056 0.0373974 0.0599814 -0.0535182 0.3381031 0.3382832 0.0960841 0.4440718 -0.1232695 -0.0468506 -0.0676748 0.0091547 0.0998911 -0.2946011 0.0138910 -0.0343240 -0.1482423 0.2975860 0.2345165 -0.0355317 0.3906096 -0.2257614 -0.0906047 -0.3108416 0.1432446 0.4094814 -0.0977483 0.3099603 0.0923011 -0.1259939 -0.2772636 -0.1605753 0.1051947 -0.1007174 0.0785582 0.1320683 0.2089002 -0.0281910
0.3001057 0.2917338 0.1185439 -0.1968783 0.1871331 0.0221930 0.2061539 -0.0609324 0.8224985 -0.1725033 -0.4281704 0.2945395 -0.0200834 0.2851233 0.0000000 -0.2963269 -0.3645659 0.2822281 0.0440569 -0.1226415 -0.2915167 0.0466672 -0.2507683 0.5513315 0.0879796 -0.1583816 0.0147869 0.6623278 0.2655595 0.6624935 -0.1076982 -0.0149498 0.3388442 -0.0557210 -0.1211877 -0.2689382 -0.0830704 -0.0680356 0.2466295 0.4083731 -0.5375377 -0.0959855 -0.1699190 0.3450721 -0.1329850 0.1220652 -0.0380428 -0.3163787 0.1995197 -0.1362429 -0.1012682 -0.3252054 -0.1293273 -0.3445498 -0.1444053 0.0999479 -0.0638598 -0.1758376 -0.1039730 -0.1162972 -0.1495435 -0.2962820 0.2077075 -0.2668018 -0.1596013 -0.1486799 -0.1357590 -0.2777605 0.0687198 -0.3627864 0.0477770 -0.3516334 -0.1282202 -0.2734859 -0.0491987 -0.1761165 -0.4287815 0.0892523 0.1422198 -0.2096051 0.0846843 -0.1474227 -0.0038243 -0.4803327 -0.1026170 -0.2618837 -0.2652227 -0.0488922 -0.4834233 -0.0995827 0.0292729 0.2519152 -0.2156092 -0.3706140 -0.2317419 0.0725295 0.2726133 -0.2295236 -0.1750533 -0.2589743 0.1470059 -0.2356871 -0.1076947 0.2590527 0.1553493 -0.1676622 0.0424292 -0.2916140 0.0596018 -0.0217441 -0.0071488 -0.0267676 -0.0443742 -0.2806535 -0.2325194 -0.2828000 -0.2872645 -0.2835382 -0.2956058 -0.1446114 -0.2530907 -0.3455426 0.2466865 -0.4586948 -0.1680290 0.0297894 -0.1701791 0.5276250 -0.1538881 -0.4383582 -0.2007465 0.5127839 -0.0838108 -0.1035892 0.1827376 0.2079929 -0.1420735 -0.1720286 -0.1315029 -0.1783867 0.0784906 -0.2450599 0.4496809 -0.1369112 -0.1534024 0.0087295 -0.2107749 -0.1876204 0.2540706 -0.3068790 -0.0207088 -0.0367316 -0.1857676 0.1614004 0.1569824 -0.1620998 0.2455099 0.0827776 0.5215011 -0.1955082 0.3470250 0.1139011 -0.0592458 -0.1077377 0.2419192 0.2941232 0.0776315 0.4639553 0.5043619 0.2891275 0.2790847 0.2362265 0.2562932 -0.5355908 -0.0425124 -0.1333091 -0.3953112 -0.5668656 -0.4848683 -0.3777845 -0.3845491 -0.1222093 -0.2032841 -0.0246027 0.0771422 0.0509403 -0.0122639 0.2316337 -0.4876070 -0.2179146 -0.1386915 -0.2239185 -0.1645407 -0.3273039 -0.0252769 -0.1043993 -0.3827340 -0.1496209 0.0211788 -0.0517989 0.3149562 0.2368196 0.3064216 -0.2667303 -0.3123319 0.0992970 0.0081850 0.1750576 0.1742582 0.0049755 0.0578839 -0.4118515 -0.0142044 -0.3573154 -0.5344234 0.1885987 -0.0673825 -0.0456884
0.4129722 -0.0140029 0.0608942 0.4521564 0.1957672 0.5228493 0.1363325 0.5693189 -0.2053242 0.7515683 0.8780190 -0.0410653 0.5391218 0.1652505 -0.2963269 0.0000000 0.7797896 -0.3651140 0.8721374 0.3313240 -0.0362409 0.6341068 0.8756631 -0.2588668 0.8312195 0.9133326 0.5135581 -0.5612207 -0.1507273 -0.4729018 0.5892536 0.8282894 -0.1275823 0.3471014 0.8448187 0.0034318 0.8826512 0.7594186 0.3898502 0.0146030 0.6979768 0.2317418 0.8418402 -0.0953269 0.5562307 0.7467206 0.8278848 0.7028799 0.0407724 0.6381959 0.8147679 0.8636883 0.2401921 0.5031272 0.5898962 0.6903399 0.8081578 0.7346290 0.2566410 0.7489859 0.4459127 0.7509995 0.4528447 0.6693385 0.0986173 0.8025597 0.7712403 0.7141935 0.6542828 0.8391851 0.7718913 0.4036903 0.7323913 0.4028988 0.8430787 0.8167020 0.4729902 0.6998066 0.6742967 0.5785684 0.5599864 0.0507240 0.3322441 0.1276626 -0.0491092 -0.1767069 -0.2680920 0.0437033 -0.0941709 0.0004743 -0.4535083 -0.3221976 -0.2259993 -0.0688600 -0.2278266 -0.3270617 -0.3317474 -0.3350286 -0.2450830 0.0532806 -0.2424017 -0.3247031 -0.1439887 -0.2614996 -0.3922559 -0.2944102 -0.3616547 -0.0916573 -0.3147882 -0.3214782 -0.4311685 -0.2548121 -0.2273964 -0.2186024 -0.2669371 -0.2923633 -0.3072145 -0.2557675 -0.2697309 -0.2780085 -0.2936737 -0.0667727 -0.3577224 0.2229091 -0.2816232 -0.1972420 0.0728210 -0.4577870 -0.2225611 0.2796534 -0.1071176 -0.2822166 -0.0416304 0.0583265 -0.1039373 -0.5407012 -0.1169323 -0.2157475 -0.1119464 -0.1031989 -0.3683595 -0.0628321 -0.1353970 -0.2032783 -0.1910021 -0.0986298 -0.1587272 -0.1123209 -0.1409551 0.2891641 0.2471520 -0.2770561 -0.1502025 -0.2575299 -0.1078787 0.0130194 -0.2355375 -0.3049965 -0.2406412 0.1178628 -0.2808428 -0.1072654 0.1854858 -0.0334164 -0.3709520 -0.1885723 -0.1080256 -0.1932137 -0.2677299 -0.1365722 -0.2136476 -0.3081979 0.0867619 -0.1398068 -0.1891039 0.0697925 -0.0656190 -0.1191100 -0.0669384 0.0331656 0.1527029 -0.0503897 0.1353495 -0.0917597 0.3648051 0.1865827 0.0769908 0.2861135 0.1814456 -0.0895301 -0.2871290 0.2754820 0.1114153 -0.0277794 -0.2747338 -0.2382267 0.0742690 0.3556523 0.4324311 -0.1719759 0.1414702 -0.3408323 -0.3017921 -0.0247593 0.2704286 0.4876562 -0.2878413 0.4076218 0.2191121 0.0325102 -0.3184127 0.1028501 0.4620316 0.4023980 0.4945157 0.4351747 -0.0335963 -0.4097512
0.1675694 0.1574690 0.1944569 0.5524753 0.2213362 0.5335305 0.1454700 0.4927420 -0.0690295 0.7346650 0.7468771 -0.0311305 0.5410489 0.5240911 -0.3645659 0.7797896 0.0000000 0.0328342 0.6189748 0.4209721 -0.1502337 0.5731930 0.7837525 -0.0149655 0.6003662 0.7918424 0.7380902 -0.3754167 -0.1271363 -0.2680146 0.5775282 0.7091908 -0.0229282 0.3378227 0.7100104 -0.1129631 0.7727387 0.5895481 0.4430583 0.0447173 0.8466461 0.0300814 0.6859163 0.1533329 0.3253893 0.6532123 0.7322661 0.6680571 0.1412178 0.5929567 0.7127329 0.7444229 0.1590117 0.6055886 0.6556951 0.6689927 0.7558893 0.7284700 0.0688098 0.7379618 0.3255689 0.8049906 0.4984423 0.6591455 0.0720845 0.8091601 0.8067481 0.7199377 0.7221665 0.7552291 0.6907830 0.2142713 0.7006945 0.4202053 0.7266469 0.7043558 0.2746180 0.6225257 0.5807675 0.3256947 0.5484892 0.0111971 0.0037622 0.2163299 -0.1133676 -0.0418874 -0.1322033 -0.0210041 0.0943433 -0.0407525 -0.3551253 -0.3542913 -0.1235012 0.0867797 -0.4186194 -0.3181785 -0.2729402 -0.0869094 -0.3745799 0.0185955 -0.4107274 -0.0830322 -0.2857671 -0.2914400 -0.2440964 -0.2590211 -0.1668764 -0.1393923 -0.0556248 -0.1731989 -0.3168523 -0.1014030 -0.1575934 -0.1389732 -0.0295992 -0.1509294 -0.1800906 0.0401221 -0.1083518 -0.0497370 -0.1311215 -0.0226474 -0.4809924 0.2440101 -0.0587545 -0.0279470 0.0014633 -0.6018356 -0.0428324 0.3494005 0.0499897 -0.4921763 0.1792707 -0.0333255 -0.3169559 -0.4304982 0.0963177 -0.0792764 0.0256871 -0.0551111 -0.2789762 0.0487256 -0.2835502 -0.3049032 -0.0921714 -0.0113166 -0.0672944 -0.0057265 -0.1047409 0.1744235 -0.0728612 -0.4223129 -0.1093252 -0.3218376 -0.3214328 -0.2208948 -0.3104828 -0.2888379 -0.3276141 -0.0141250 -0.3060060 -0.1898230 -0.1073213 -0.1606675 -0.3883615 -0.4195215 -0.1936331 -0.2682599 -0.3587574 -0.2578783 -0.3248517 -0.2977762 -0.2527902 0.0657123 -0.1369615 -0.0182430 0.1035606 0.1374830 -0.0621086 0.0214929 0.4535966 -0.1340477 -0.0255265 -0.2284941 0.3485066 0.1685044 0.1377750 0.3836257 0.0570326 -0.2071496 -0.1588377 0.0893617 -0.0208138 -0.1146709 -0.1337446 -0.1314565 0.2169814 0.2623611 0.2500960 -0.0570414 0.2343997 -0.4083982 -0.5132124 -0.1751931 0.3306892 0.4826794 -0.1935842 0.2626262 0.1362011 -0.1962825 -0.5097821 0.1118942 0.3228997 0.1763980 0.4228526 0.2463205 0.2331156 -0.1498452
