0.0000000 0.1180188 -0.0952089 -0.2104523 0.0494636 -0.0464044 0.2569786 -0.1804918 0.0129353 0.1068357 -0.2439971 0.1996027 -0.2137566 0.1567044 -0.0901467 -0.2687300 0.1000089 -0.1359398 -0.0307412 -0.1740143 0.2887073 -0.2917520 -0.2715154 0.2453353 -0.0863956 -0.1003300 -0.1560110 0.3961682 0.1682183 0.1739769 -0.1221401 0.1074851 0.1316378 -0.0044057 -0.0763373 0.3510536 0.1974561 -0.4835265 -0.1719360 -0.3353314 -0.1988969 0.1958071 -0.2309540 -0.1662518 -0.1794803 -0.0938200 -0.2320098 -0.3632379 -0.0074295 -0.3696850 -0.1815727 -0.2962611 0.1695496 -0.3531732 0.0474905 0.0768644 -0.0495518 -0.3137640 0.1339557 -0.2758010 0.0577225 -0.2130941 0.3168237 -0.1352550 0.0831851 0.1114491 -0.0309804 -0.2359097 0.4447783 -0.0800310 0.2608527 0.1979588 -0.1732226 0.1291942 0.3624826 0.0485767 0.1221764 0.3093545 0.1002121 0.1258654 0.1356470 0.4171968 0.4721628 0.0165902 0.0594297 -0.2411709 -0.0697989 0.4504789 -0.1597738 -0.1697603 -0.0356801 0.5757226 0.3532366 0.3969195 -0.3226027 0.1241198 0.4260429 0.0367957 -0.3678744 0.4025269 0.0970883 0.2047427 0.0386828 0.6620297 0.1085844 0.0519163 -0.1085908 0.1186798 0.3853127 0.1047830 0.0982794 0.2971877 0.0149935 0.1653563 0.1742321 -0.0263730 -0.0364413 -0.0336154 -0.1491856 0.0034113 -0.3570225 -0.2643154 0.3257371 -0.1008799 0.4292540 0.2435394 -0.3665721 0.4745472 0.4376508 0.2734351 0.4762929 0.3757864 0.2501315 -0.0648858 0.1971886 0.4956929 0.2787926 0.2876833 0.2444786 0.1146019 0.3961922 0.3443431 0.2781046 -0.2173881 0.2357615 0.2490390 0.3047238 0.3506004 0.3018002 0.4635398 0.2911202 0.0385102 0.4723974 0.4410343 0.1447817 0.0413513 0.2515301 0.4294062 0.1736663 0.0915851 0.4483068 0.3091498 0.1054700 0.1286801 0.5148980 0.2173945 0.1319513 0.2722552 0.2397651 0.2096960 0.0958517 0.0928192 0.1131072 0.0849161 0.0814207 0.0012969 -0.2256397 -0.2338607 0.1218230 0.1131724 -0.0042390 0.1088924 0.3105995 0.2373530 0.0734522 0.2748142 0.1460176 0.2557316 0.1040982 0.0930682 0.4496685 -0.0000524 -0.2746654 0.0852478 0.3882584 0.2663806 0.0354094 -0.4478177 -0.2540680 0.2787226 -0.1889982 -0.1760252 0.0802281 -0.2509028 -0.0682545 0.2726407 0.1890884 -0.0925626 0.1260787 -0.0419664 0.3657999 -0.0152896 0.1564679 -0.0055153 0.2485974 0.0626844 -0.0911962 -0.0790245
0.1180188 0.0000000 0.5817249 -0.0926598 0.2722097 0.1837086 0.2572363 0.2157232 -0.1278094 -0.2527318 -0.1454970 0.0868512 0.6140664 -0.2407786 0.1341655 -0.0797667 -0.3459428 0.1459183 -0.0449280 0.3878686 0.1566925 0.1941903 -0.1847885 0.0433742 -0.0062583 -0.2793306 0.0324095 0.2611088 0.0289256 0.1585028 0.2547345 0.2641643 -0.0917183 0.1047678 -0.2575318 0.4949547 0.1126366 0.0608417 -0.2248505 -0.0497767 0.2802483 0.3646070 -0.3591642 -0.0534013 0.3452047 -0.1162762 -0.2135898 0.3646532 0.0119390 -0.1251061 -0.2653975 -0.1888847 0.0964902 0.1982139 0.4474572 0.1878075 -0.1056135 0.2536222 -0.0226294 -0.0837987 0.5053047 0.0721902 0.3250680 0.1347113 0.2763467 0.0166436 0.1460802 0.2353770 0.1452462 0.2636125 0.1021595 0.4261851 0.2069072 0.3411937 -0.0237266 0.2776085 0.3266958 -0.1132579 0.3876047 0.0040935 0.4724499 0.0421588 0.3237642 0.3610373 0.4296672 0.4779013 -0.1573951 0.2739957 0.5646818 0.4534247 0.3978693 0.4728515 0.4420589 0.1972850 0.3771984 0.1563635 0.2536815 0.5390073 0.3487508 0.2344550 0.6854034 0.5753203 0.3488386 0.2431529 0.2374761 0.4064004 0.7659144 0.4797158 0.6284784 0.5104012 0.3986292 0.6677443 0.0329073 0.3611080 0.3197666 0.2765062 0.2845329 0.2604335 0.1216955 0.5435106 0.4093569 0.3721965 0.2556736 -0.2706439 0.4044161 0.2736576 0.2556306 0.3039737 0.3023163 0.2384503 0.2263359 0.5080118 0.3630678 0.7189394 0.6897692 0.2986141 0.3147503 0.4512655 0.3306808 0.3735387 0.4073573 0.5539033 0.7167987 0.1504818 0.5073448 0.3312999 0.5142814 0.4442975 0.5962081 0.6417276 0.7247331 0.3603445 0.4499283 0.3590474 0.0593852 0.5120267 0.5762558 0.2455544 0.6547806 0.6907154 -0.0583346 0.6679171 0.6837319 0.6386470 0.0293247 0.4559159 0.4617279 0.3472232 0.6891973 0.5980350 0.3179953 0.4393179 0.2808877 0.3525859 0.7666500 0.0619890 -0.3159239 -0.2173017 0.2848916 0.3968426 0.2222620 0.6409097 0.7387287 0.7284881 0.4210218 0.5137902 0.1179794 0.2979292 0.5205243 0.4382792 0.5391768 0.2294845 -0.0477713 0.3958786 0.4687501 0.3772175 0.0216789 -0.3217273 0.4001901 0.1603145 0.0565230 -0.2130933 0.0009423 -0.0848392 0.3930579 0.5160653 0.4234437 0.2257294 -0.1077524 0.1023447 -0.1401362 -0.2997627 0.6209635 0.6410972 0.3261377 0.2524714 -0.3907580 0.0570600
-0.0952089 0.5817249 0.0000000 -0.4282506 0.7990607 -0.3594672 0.2597195 -0.1125674 -0.6699083 -0.4717450 -0.0609667 -0.3407374 0.7109146 -0.3326329 -0.3847287 0.1944329 -0.1844072 -0.3662923 -0.2251863 0.3935267 -0.3186368 0.2245353 -0.0155801 -0.5630596 -0.1232313 -0.3601318 0.2227843 -0.2380278 -0.5381042 0.1422527 0.4981450 0.5382865 -0.5192689 -0.3256581 0.1078356 -0.1616671 0.1721809 0.6112572 -0.0503014 -0.2799550 0.5439739 -0.1323020 0.0597905 -0.1746420 0.0535416 0.4374647 0.2574667 0.6962427 -0.1103444 0.3050600 0.2123023 -0.0165870 -0.3395040 0.3437215 0.8073366 0.7753927 0.3932713 0.3987854 -0.1100990 0.4194403 0.2837617 0.2896462 0.7110811 0.0786661 -0.2284112 0.3266804 0.2919032 0.3470573 0.2674439 0.2312878 0.1184704 -0.0201751 0.2744775 0.1075020 -0.0163343 0.1047469 -0.0858784 -0.0841361 0.3349570 0.1311732 0.5465251 -0.2005805 -0.1784891 0.0296814 -0.0230463 0.1696141 0.2014564 -0.2276529 0.2923133 0.4056586 0.5418423 0.1001856 0.2705146 -0.2060311 0.2673695 -0.3312452 0.3007184 0.5414979 0.6571366 -0.2853821 0.3969744 0.6934629 0.1134800 -0.1402793 0.4434492 0.2147008 0.4591362 0.0667980 0.6212676 0.2505606 0.3512353 0.3409363 -0.5392449 0.0392021 0.0102474 -0.0200583 0.2746059 -0.0680280 -0.1635806 0.4121404 0.3104769 0.3888161 0.1378861 -0.5009367 0.1841267 0.3192326 0.3428091 0.2445978 0.2726598 -0.3572482 0.1003108 0.3355019 0.4859568 0.2995236 0.5452226 0.1581809 0.4058656 0.3866048 0.6216567 0.1814938 0.2419030 0.3788647 0.6088761 0.2991015 0.5347851 0.3683253 0.6153199 0.6213859 0.4317646 0.3944058 0.5846103 0.3501648 0.4182628 0.1034425 0.4824071 0.1830692 0.1718917 0.0649300 0.4119430 0.3649401 0.2016563 0.3673918 0.2529634 0.1951483 0.1800809 0.1491758 0.1367854 0.0861848 0.2102842 0.2914112 0.1039410 0.2091426 0.0498578 0.1813844 0.2466397 0.1447496 -0.3784945 -0.1988554 -0.3032355 -0.1589138 -0.0282322 0.1965360 0.2059868 0.3412111 0.2774777 0.4119514 0.4620266 0.6352293 0.1017071 -0.1106174 0.2983625 -0.0174602 0.1868733 0.1046540 0.2159102 0.0665631 -0.3261965 -0.0539624 0.2875773 -0.0506905 0.2920445 -0.0992961 0.1934434 0.0411602 0.4834119 0.4013520 0.2222928 0.2576481 0.2663954 0.1501346 0.0575234 -0.2311732 0.7260132 0.2441519 -0.1200418 0.5269282 -0.1220605 0.5090905
-0.2104523 -0.0926598 -0.4282506 0.0000000 -0.5607015 0.7387431 0.0127504 0.7376952 0.7073164 0.5563756 0.5145736 0.5686553 0.0449224 0.2887974 0.5219636 -0.0537550 0.3132077 0.3390062 -0.0302009 0.0231413 0.4570711 0.2313375 0.0028481 0.5575435 0.1113068 0.0795432 0.1020861 0.2312072 0.4880160 0.0589700 -0.0954533 -0.3600371 0.3788655 0.4331621 -0.1221737 0.3881458 0.0605022 -0.2965446 0.0294990 0.2970201 0.0088806 0.3103456 -0.0114404 0.0920655 0.0392398 -0.4935743 -0.1170975 -0.0621247 0.2708101 -0.4480738 -0.0726229 -0.0432862 0.6290222 -0.2678563 -0.4835042 -0.5917131 -0.1903407 -0.0266969 -0.1722667 -0.1996664 -0.0920920 -0.2181357 -0.5816522 0.3529082 0.5018803 -0.4543749 -0.2996010 -0.0463531 -0.5017634 0.1576127 -0.4563724 0.2374879 -0.1609371 0.2410443 -0.3572523 0.2487841 0.4859889 -0.3694298 -0.1612412 0.0598493 -0.5544366 -0.2117007 0.2424306 -0.0869156 -0.0895889 0.0814742 -0.4324385 0.1272257 -0.0570904 -0.1319198 -0.2713543 -0.1454452 -0.2536565 -0.1283134 0.0598480 0.0029598 -0.3155527 0.1116711 -0.4872459 0.0333923 -0.0730518 -0.2782729 0.1289386 0.0165594 -0.5469493 -0.3652007 -0.0641687 0.0196643 -0.3494760 -0.3773282 -0.3932027 -0.1863029 0.4011751 -0.0192102 -0.0480703 0.1836465 -0.3845399 -0.0361737 0.3359226 -0.1000769 0.0566008 -0.1880359 -0.1422783 0.3445530 -0.0787502 -0.1247992 0.0777852 0.0576096 -0.0792846 0.4709050 0.1934775 -0.0222740 -0.1995998 0.2033984 -0.2659851 0.1242068 0.2883019 -0.0982834 -0.2251647 0.2952459 -0.4558957 -0.1293642 -0.3520186 0.3242260 -0.0625019 0.0217852 -0.3286512 -0.2136916 -0.4608402 -0.3738991 -0.1830779 -0.0459723 -0.3631691 -0.5417142 -0.0670298 0.3646624 0.0654667 -0.3345237 -0.2891830 0.1721597 -0.2282197 -0.0717927 0.2740604 0.1314104 -0.2966519 -0.1072451 -0.2288937 -0.4412573 -0.1549966 0.0666042 -0.2613516 -0.1292959 -0.0237154 -0.5530722 0.1508448 0.3171117 0.5000133 0.3144201 0.5183074 0.4956822 0.2725518 0.1413868 -0.0700064 -0.0652892 -0.2415271 -0.2950181 -0.5648396 -0.6323590 0.1441690 0.2837788 0.2552872 0.2436440 -0.3442789 0.4782100 0.2648303 0.4406238 0.6308374 0.0989958 0.0325610 0.1734122 -0.0274856 0.1011349 -0.1759632 0.3142525 0.0087010 -0.3790714 -0.1507631 0.3371756 -0.1044161 0.0218883 -0.0740932 0.1992336 -0.4103259 0.0625520 0.2403128 -0.4792681 -0.0206538 -0.4412381
0.0494636 0.2722097 0.7990607 -0.5607015 0.0000000 -0.4671762 0.2462475 -0.3694753 -0.7127504 -0.3946913 -0.0549268 -0.5619324 0.4032712 -0.1470700 -0.5312822 0.2768196 0.0340425 -0.4421412 -0.2993253 0.0936316 -0.4389592 -0.0783170 -0.0098175 -0.5132852 -0.2525574 -0.2614036 0.1651322 -0.1933763 -0.3448097 0.3252682 0.0425060 0.5803959 -0.3853204 -0.2280723 0.1588339 -0.3113516 0.1537769 0.4112968 0.1081944 -0.2609360 0.1771404 -0.1086540 0.0837416 0.0228423 0.1029389 0.4817293 0.2155889 0.4861600 -0.0574172 0.2731070 0.1445788 -0.0055089 -0.4348932 0.3128698 0.8717699 0.7204041 0.4227935 0.2883030 0.1212924 0.3064210 0.1641863 0.1615930 0.8294667 -0.1362593 -0.5317864 0.5164184 0.2140489 0.2062065 0.2521630 0.0427293 0.0604378 -0.1449704 0.1158989 -0.0961814 -0.0821267 -0.1211414 -0.3621854 -0.1092229 -0.0222022 -0.1779553 0.4108142 -0.3288230 -0.1387279 -0.1261664 -0.0787004 -0.1126177 0.0757533 -0.2192106 -0.0323315 0.1427026 0.4319266 -0.0128044 0.2004656 -0.2597898 0.0354728 -0.4225731 0.2398807 0.3041489 0.4351090 -0.3132748 0.0493361 0.4670656 -0.0707035 -0.1086413 0.3503854 0.1844857 0.1200316 -0.1273901 0.5572956 0.2311843 0.2531750 0.1583493 -0.6503912 -0.0553333 0.0560026 -0.0889017 0.2910982 -0.0166500 -0.2041893 0.3577561 0.1617550 0.3368387 0.0563423 -0.4667185 0.3559991 0.4642617 0.3019778 0.0500824 0.4676619 -0.4606932 0.1903382 0.0111499 0.3239009 0.0607803 0.2396179 -0.0344069 0.3632299 0.4968228 0.6500862 0.1183786 0.2351762 0.4336244 0.3439334 0.0732546 0.4500193 0.1310273 0.5582341 0.5483864 0.3238831 0.3664320 0.3078213 0.1074733 0.5390772 0.1118816 0.4002351 -0.0331499 0.0781084 0.0631886 0.2499719 0.1708876 0.2194098 0.3268384 -0.0739341 0.0422676 0.3222512 0.0027473 0.0812570 0.1341520 0.1867360 0.2726447 0.2110426 0.2891493 -0.0579737 0.3598067 0.0956911 -0.0718382 -0.5470183 -0.3129159 -0.4598737 -0.3886790 -0.2727204 -0.1256182 0.1325106 0.0323445 0.3049370 0.2617637 0.7307217 0.7993404 -0.0566314 -0.4015207 0.2131111 -0.4134123 0.0072388 -0.0371663 0.1786147 -0.0031402 -0.3520667 -0.1702068 0.0258018 0.1128462 0.0247867 -0.2341624 -0.1186518 -0.2590609 0.4673340 0.3863425 0.3104545 -0.0428913 0.1539111 -0.0617151 -0.1248994 -0.1306774 0.7194866 0.1639785 -0.1710942 0.3242807 -0.0068639 0.5319912
-0.0464044 0.1837086 -0.3594672 0.7387431 -0.4671762 0.0000000 0.2380772 0.7757199 0.6346868 0.4620100 0.4374482 0.3886948 0.0373553 0.4832539 0.3476355 -0.0549984 0.3098959 0.6281689 0.0661283 0.1358557 0.4699384 0.0654623 -0.0118543 0.6829722 -0.0349193 0.0871909 0.2781325 0.4365021 0.6833082 0.1901294 -0.0602281 -0.4395978 0.6162699 0.6065991 -0.1887725 0.6813010 -0.0084389 -0.5688513 0.0139780 0.2606989 -0.1955065 0.7313100 -0.2027490 0.0144147 0.2474595 -0.6469289 -0.4233428 -0.2556945 0.3645138 -0.5946149 -0.2958828 -0.0991183 0.7230813 -0.3369358 -0.3843986 -0.6208951 -0.4557918 -0.0478835 0.0131287 -0.4163045 0.3571843 -0.3124259 -0.4084931 0.3428630 0.6565291 -0.5361814 -0.3354223 -0.0833258 -0.5281011 0.2186187 -0.4993601 0.4795297 -0.0961757 0.4696501 -0.4115478 0.4234814 0.6479032 -0.3382295 0.0051886 0.0461823 -0.2388652 -0.1913340 0.2965922 0.0864157 0.1154828 0.1610709 -0.5957300 0.4626665 -0.0224129 -0.0275629 -0.2034250 0.0736745 -0.1364912 0.1019440 -0.0507695 0.2019080 -0.3127112 -0.0095388 -0.3442533 0.2171599 0.0693242 -0.3336163 0.1681376 0.0015982 -0.5095637 -0.0942012 0.1425409 0.3100526 -0.2393964 0.0386553 -0.3461666 -0.0466002 0.5481588 0.3000796 0.3383468 0.4780721 -0.0276765 0.2526965 0.4623906 0.0433143 0.3033606 0.1037585 -0.2714887 0.4409274 0.1386976 0.0071855 0.0745766 -0.0424826 0.0190362 0.6288005 0.1256560 -0.1254117 -0.3014132 0.5465512 -0.1414095 -0.0526371 0.1750539 -0.0301851 -0.3588601 0.4475503 -0.1719743 0.1046315 -0.2076888 0.3309638 0.1427067 0.0640327 -0.2891405 -0.1015818 -0.2593567 -0.1820306 0.0102070 0.1484192 -0.2391510 -0.2482308 -0.2141501 0.5020414 0.2560100 -0.2081081 -0.0408292 0.4785396 -0.4072566 0.1196051 0.4224639 0.3458142 -0.4108447 0.0362371 -0.0173076 -0.2707759 0.2487655 0.3551189 -0.1069639 0.0987484 0.2179398 -0.2616424 0.5960878 0.1812551 0.3509527 0.4430892 0.6846232 0.7374545 0.5601239 0.4181148 0.3956733 0.2926774 0.2462979 0.1897215 -0.3679500 -0.4959416 0.3074698 0.3544965 0.4111499 0.2107980 -0.5357834 0.6474755 0.4032585 0.5865603 0.6401008 -0.0372542 0.3316189 0.2728733 -0.2520718 -0.0903268 -0.2759689 0.2664370 -0.1225460 -0.1663762 -0.0281068 0.1804459 -0.4269438 0.0765935 -0.1181826 0.3288000 -0.2934700 0.3201979 0.4556540 -0.5823958 -0.0847341 -0.4048094
0.2569786 0.2572363 0.2597195 0.0127504 0.2462475 0.2380772 0.0000000 0.1947339 0.0375890 -0.1119040 -0.0139874 0.3215255 0.1771101 0.1127655 -0.0600862 -0.2671023 0.1668889 0.0927695 -0.1974495 0.3216248 0.3757489 -0.0809815 -0.5104060 0.2596243 -0.2086450 -0.4962180 0.2369721 0.3228749 0.2383941 0.2174423 0.1860833 0.3293602 0.1390779 0.1279556 -0.0553907 0.3681720 0.5123512 -0.1038309 -0.1098365 -0.3493122 0.1920203 0.2765371 -0.1250754 -0.2889131 -0.1634847 -0.0193386 0.1237292 0.3248248 0.0381089 -0.1632447 0.1259781 -0.2013799 0.3230812 -0.4974517 0.2910058 0.2415834 0.2757331 -0.1613152 -0.0780410 0.0339235 0.0772700 -0.2058241 0.3537082 0.2403655 0.5461679 0.2921561 0.0559126 -0.1452225 0.2066392 0.0700692 0.0982221 0.3268290 -0.0519337 0.4415997 0.0385911 0.2036341 0.3797369 0.0370075 0.2632822 0.4887828 0.0534898 -0.1504160 0.2875727 -0.0659739 -0.0797300 -0.2303574 0.0011070 0.3181283 0.0991128 -0.0401893 0.0949600 0.2634340 0.2826537 0.0722505 0.2286143 0.2158216 0.4975057 0.1650824 0.1048193 0.1239491 0.0247211 0.0935423 -0.2216600 0.1031084 0.1802856 0.4135562 -0.0558513 0.3036038 0.4616478 0.1048055 0.1456910 0.1323731 0.0259422 -0.0394003 0.0366263 0.0690319 0.0080490 -0.0566412 0.2101656 0.3012715 0.1214732 0.0151564 -0.0319917 0.1002927 0.3844928 0.5625275 0.0764024 0.0988677 0.5598595 0.0569533 0.4643757 -0.0060030 0.4040040 0.5024649 0.0687491 0.2203506 0.3481791 0.6233821 0.4930044 0.5974965 0.4053400 0.5853694 0.2094366 0.6018189 0.8199534 0.6719938 0.5900154 0.7200481 0.0989664 0.2852015 0.2565809 0.6764598 0.4566007 0.2019565 0.0711475 0.4190878 0.2875749 0.3637312 0.0324546 0.3166861 0.2027920 0.4942859 0.5218647 0.1948206 0.3093484 0.2957444 0.2148809 -0.0944619 0.2796861 0.5246345 0.1454803 0.2003330 -0.1472562 -0.0421554 0.3935116 0.5084868 0.1298000 0.1802111 0.2050169 0.3056141 0.3643867 0.3004206 0.1862219 0.3489595 0.0374001 0.3170911 0.0554696 0.2870342 0.4718350 0.2786543 0.6039993 0.3578246 -0.2025806 0.4092886 0.5455806 0.5310882 0.4451561 0.0696603 0.1532853 0.5730797 0.0633284 -0.3009139 -0.0295219 0.1048052 0.3122168 -0.1145014 0.0214894 0.3882292 0.0514962 -0.0093076 0.0436884 0.4208185 0.0062545 0.4368725 0.4615951 -0.2005351 -0.0028588 0.1357288
-0.1804918 0.2157232 -0.1125674 0.7376952 -0.3694753 0.7757199 0.1947339 0.0000000 0.4014734 0.3703612 0.5872412 0.2838885 0.3697619 0.2110666 0.1872188 0.1454020 0.2716816 0.3500674 0.3699302 0.4308733 0.4075485 0.4548722 0.1488216 0.2925001 0.3757660 0.1577219 0.1475569 -0.0808358 0.3872020 -0.1517338 0.2599631 -0.2140827 0.2245298 0.3758031 -0.2179315 0.5061589 0.1121805 -0.1888947 -0.1854927 -0.0040845 0.1972318 0.5607437 -0.1830689 -0.2680247 0.0708555 -0.3224535 -0.1433413 0.0950666 0.2387136 -0.3793151 -0.1374523 -0.1667092 0.5388514 -0.2837045 -0.1688487 -0.3111910 -0.1254571 -0.0130389 -0.3032436 -0.2374118 0.1960503 -0.0972818 -0.1681122 0.4560454 0.5926218 -0.2713452 -0.1658767 0.0727818 -0.2077253 0.2642473 -0.2424601 0.4446701 0.0426653 0.4895088 -0.1074796 0.4791672 0.6162424 -0.0764767 0.1705427 0.1266917 -0.0953796 0.0374472 0.1930700 0.0643805 -0.0544511 0.1347501 -0.5048430 0.2643764 -0.0615342 -0.0970090 -0.2251730 -0.2120187 -0.0100034 0.1488216 -0.0211533 -0.0844968 -0.3427584 0.1455835 -0.1028287 0.2732727 0.1329604 -0.1327287 0.0617306 0.0713549 -0.4206492 -0.1698082 0.2540375 0.2099842 -0.2307302 -0.0316922 -0.3153246 -0.0746394 0.4721668 0.2456020 0.2116622 0.4706030 -0.0657191 0.2754649 0.4588973 0.1165403 0.3322904 0.0950037 0.0351969 0.5627735 -0.0818739 0.0108085 -0.0169627 0.1096124 -0.2130098 0.5587262 0.1039377 0.0896423 -0.1203407 0.4924207 0.0201028 -0.0712264 0.4215270 -0.0796029 -0.0629811 0.2836136 -0.2515926 0.0670743 0.0494708 0.3674721 0.2024103 -0.0300746 -0.1333966 0.0390122 -0.2239957 -0.1086932 0.0194449 0.2551798 -0.2834317 -0.2974182 -0.2920771 0.3348259 -0.0603885 -0.2234470 -0.1033950 0.2875151 -0.4251192 0.0059847 0.4775204 0.0488257 -0.4844684 0.0118840 -0.0576099 -0.3777825 -0.0316168 0.0859808 -0.2659896 -0.0364688 0.0854812 -0.5288702 0.4074442 0.2542074 0.3505715 0.2415326 0.5026715 0.6215249 0.4849929 0.3781869 0.1763035 0.2230232 -0.0481091 0.1901375 -0.4477042 -0.3414050 0.3690848 0.4566885 0.3571227 0.3482328 -0.3094241 0.5200231 0.2291350 0.4271943 0.5580892 -0.1105024 0.2139187 0.1917211 0.0733510 0.2304792 0.0313840 0.4107509 0.0704902 -0.0717793 -0.0769612 0.4689741 -0.1766537 0.0162873 -0.0692644 -0.0195880 -0.3180686 0.2125136 0.1355631 -0.3913767 -0.2023976 -0.2040013
0.0129353 -0.1278094 -0.6699083 0.7073164 -0.7127504 0.6346868 0.0375890 0.4014734 0.0000000 0.4699953 0.0558530 0.6837873 -0.4819357 0.1699124 0.8370627 -0.3988637 0.0416699 0.5060607 -0.0475678 -0.1189094 0.6114652 0.0310045 -0.1847915 0.8970075 0.1397521 0.0677042 0.0883518 0.5597173 0.5868656 0.2267466 -0.2130935 -0.2262941 0.8002732 0.6635819 0.0732003 0.5060786 0.2459661 -0.4106192 0.2815715 0.6290716 -0.0981247 0.2025462 0.1165343 0.4040424 -0.1020487 -0.4152997 -0.1097814 -0.2874641 0.4712048 -0.2262689 -0.0543701 0.2170801 0.7492243 -0.2917630 -0.7409069 -0.6986137 -0.2378267 -0.1219729 -0.1531720 -0.2196995 -0.2518995 -0.3674306 -0.7871280 0.1135717 0.6029096 -0.3895086 -0.4062242 -0.1583142 -0.3670883 -0.1168137 -0.3167000 0.0936156 -0.2675671 0.0936845 -0.2346606 -0.0014294 0.3532093 -0.3232866 -0.2842444 0.0567234 -0.6459258 -0.2212913 0.1529312 -0.2945079 -0.2084804 -0.2231783 -0.4451540 0.0912264 -0.1781239 -0.4357723 -0.4844485 -0.0607628 -0.4200255 0.0668251 -0.2075954 0.2021741 -0.1998706 -0.1595745 -0.6838354 0.1478248 -0.2455933 -0.3961720 -0.2305882 0.0401257 -0.5335851 -0.2298659 -0.3428756 -0.1357509 -0.2918624 -0.5150990 -0.4809283 -0.2401526 0.3869261 -0.2883455 -0.3133835 -0.1893374 -0.6279825 -0.3112303 0.0203859 -0.4643438 -0.3917011 -0.4982485 -0.1736309 0.2014990 -0.2619711 -0.3112937 -0.3036966 -0.0207434 -0.1245688 0.4540394 0.1013799 -0.1797555 -0.3552421 0.1819521 -0.4172070 0.0655709 -0.0081196 -0.2384952 -0.5324259 0.2038852 -0.3821385 -0.3232693 -0.3827686 0.0376959 -0.2369812 -0.0301967 -0.5290467 -0.4183474 -0.5111467 -0.4342182 -0.2582027 -0.2877284 -0.4661754 -0.3867316 -0.2841487 0.1695706 0.0689750 -0.2921598 -0.2790040 0.1193176 -0.2159533 -0.1005763 0.2470665 0.1952321 -0.2995533 -0.2092823 -0.3343298 -0.4072001 -0.0747602 0.0345271 -0.3649188 -0.2211926 0.2082147 -0.3101653 0.2194075 0.0526327 0.3572550 0.2218721 0.6093444 0.5328711 0.3166553 0.2342094 0.0413080 0.0362717 -0.2246975 -0.2864668 -0.6242535 -0.6775474 0.1230559 0.2987897 0.1420777 0.3573302 -0.3753344 0.4319656 0.1330704 0.3444321 0.5569557 -0.0910126 -0.0677454 0.1673070 0.0556004 0.0830402 -0.1914580 0.2284315 -0.2736504 -0.5572163 -0.4122313 0.2314272 -0.0306704 0.0354993 -0.0776580 0.2930791 -0.5556107 -0.0718410 0.2816440 -0.5425699 0.0729402 -0.5648109
0.1068357 -0.2527318 -0.4717450 0.5563756 -0.3946913 0.4620100 -0.1119040 0.3703612 0.4699953 0.0000000 0.7381775 0.0764234 -0.3587814 0.6266933 0.1656775 0.3942913 0.6958338 0.1098220 0.1817274 -0.5617530 0.1242984 -0.3385067 0.3268384 0.3294032 0.0182668 0.4152993 0.0432046 0.0433124 0.4295075 -0.0312151 -0.4350210 -0.2981836 0.4559090 0.5968280 0.1709026 0.2793661 0.1838723 -0.5214001 0.4839891 0.2182217 -0.3015845 0.3183942 0.2280078 0.3779846 0.2762582 -0.2636540 -0.0322638 -0.4151778 0.5332273 -0.1585595 0.1161102 0.3759516 0.5445903 0.1548264 -0.5116302 -0.4073261 -0.0955528 0.3477813 -0.1994605 0.0456300 0.1333279 0.2451615 -0.4441386 0.6455611 0.1282097 -0.2062186 0.1936198 0.4055112 -0.3689477 0.5679112 -0.1100206 0.5170943 0.3934513 0.4556717 -0.0674710 0.5202756 0.5007315 0.0481824 -0.0097241 -0.1114457 -0.1072196 -0.0643495 0.2674961 0.0878341 -0.0475913 -0.0870230 -0.5002554 0.3956241 -0.2046488 -0.1259697 -0.3433244 -0.1743562 -0.4158443 0.1438233 -0.3531162 0.1887074 -0.3375494 -0.2262507 -0.4994293 0.1134627 -0.0367343 -0.5756530 -0.1951809 0.3384061 -0.3386119 -0.2115605 -0.1669602 -0.0641574 -0.4212389 -0.1437810 -0.4320061 -0.3373400 0.2615080 0.2327024 0.1416381 0.3003684 -0.0309502 0.0599112 0.2439838 -0.2613619 -0.1784013 -0.0013046 -0.4249066 0.0250857 -0.0097068 -0.2228339 -0.1800785 -0.1524840 -0.2548943 0.1768931 -0.1579975 -0.1826893 -0.4152621 0.1676879 -0.1403268 0.0198460 -0.0930524 -0.2469189 -0.4069550 -0.2048666 -0.3670524 -0.1560147 -0.1460709 0.0540805 -0.4278773 -0.3602344 -0.3557363 -0.1842160 -0.1804004 -0.3526683 -0.2190235 -0.3777648 -0.1694705 -0.1900284 0.0034572 0.1963711 0.2716719 -0.1760653 0.0751692 0.1051596 0.0855201 -0.1982430 0.0279023 0.2565615 0.0918215 0.0097314 -0.2071685 -0.1023446 0.0172056 -0.0866409 -0.1653770 -0.0283070 0.4712419 -0.2136768 0.1686261 -0.1563708 0.0036974 0.0293553 0.2483117 0.2471563 0.1779083 0.0759828 -0.0500093 0.0859780 -0.1151678 0.0692842 -0.3095332 -0.4927698 -0.1139637 -0.0496081 -0.0640096 -0.2032862 -0.5254470 0.2362115 0.0760080 0.1612344 0.2687508 -0.0647977 0.1208929 0.0103651 -0.3392293 -0.2097287 -0.4215086 -0.1569572 -0.2585047 -0.2302307 -0.3258944 -0.1212635 -0.4530504 -0.1694926 -0.1924761 -0.0913526 -0.3383240 0.0586961 0.0063462 -0.5774842 -0.2004144 -0.4714814
-0.2439971 -0.1454970 -0.0609667 0.5145736 -0.0549268 0.4374482 -0.0139874 0.5872412 0.0558530 0.7381775 0.0000000 -0.1559275 0.1545939 0.4915634 -0.1888673 0.6956174 0.7553378 -0.0885321 0.2542908 -0.1039619 0.0066087 0.0223884 0.4904007 -0.0973831 0.0942978 0.3794815 0.2402722 -0.3457151 0.3057867 -0.1085166 -0.1159136 -0.1831194 0.0601075 0.4314764 0.1292484 0.1360583 0.0712578 -0.1531684 0.3337763 -0.0607366 -0.0228075 0.4372327 0.2292822 0.0681820 0.4326285 -0.0653521 0.1336144 0.0290438 0.4544505 -0.1004741 0.2187365 0.2299505 0.3831080 0.1985353 -0.1092460 -0.1356133 0.0769375 0.4913250 -0.3009636 0.1747670 0.3328607 0.3239103 -0.0906993 0.7123518 0.0476811 -0.1431895 0.2356651 0.5402384 -0.4592011 0.6568537 -0.2909708 0.5059989 0.4834505 0.5733920 -0.2638948 0.6897707 0.5096987 -0.0749388 0.2229424 -0.0520579 0.1684355 -0.1633178 0.1397727 0.1412975 -0.0344826 0.0997090 -0.4811905 0.2372707 -0.1792731 0.0530505 -0.1744401 -0.4145131 -0.3347475 -0.1492739 -0.1207948 -0.0908691 -0.4976149 -0.1366522 -0.0880492 -0.1141676 0.0556251 -0.4704088 -0.0699811 0.0861120 -0.3573415 -0.1288592 0.1342591 -0.0301558 -0.4668904 0.0541035 -0.3965384 -0.2254739 0.2492260 0.3315768 0.2956191 0.5863572 0.2569806 0.3050071 0.5251752 0.0355485 0.3019995 0.3766146 -0.3775023 0.1845774 -0.0010534 -0.0879024 0.2139597 -0.2193570 -0.2628422 0.1253001 -0.1699648 -0.2506451 -0.1848686 0.2822593 -0.0917459 -0.2495938 0.1654384 -0.1228161 -0.0966999 -0.0484128 -0.3966694 0.0520206 -0.0363120 0.3294205 -0.1231721 -0.3364002 -0.1427167 -0.0227374 -0.1939344 -0.3227037 -0.1003781 -0.0558558 -0.0937102 -0.3253974 0.0422645 0.1892092 0.1005307 -0.3124213 0.1106779 0.2124900 -0.2115953 -0.1491984 0.0727692 0.1543573 -0.1581712 -0.0150097 -0.1354077 -0.2193906 -0.0119056 0.0135028 -0.1179339 0.1254243 0.2279234 -0.3638540 0.2078929 0.0712528 0.1541516 0.2109773 0.1637475 0.2386763 0.3039234 0.1428536 -0.0964045 0.1040921 -0.0204493 0.2347586 -0.1871030 -0.2063630 0.0628944 0.0280952 -0.0673893 -0.1672257 -0.4301620 0.3168728 0.0422054 0.1609377 0.2915658 0.0878993 0.3593809 -0.0148673 -0.1865577 -0.0110666 -0.2760246 0.0805586 0.0675141 -0.0301097 -0.0646935 0.1272318 -0.3801591 0.0124829 -0.1717605 -0.1464832 -0.1151596 0.2444545 -0.0003141 -0.3882799 -0.1490451 -0.0946540
0.1996027 0.0868512 -0.3407374 0.5686553 -0.5619324 0.3886948 0.3215255 0.2838885 0.6837873 0.0764234 -0.1559275 0.0000000 -0.1053605 -0.1539088 0.7067651 -0.6363209 -0.1696991 0.1421837 -0.2728230 0.2331403 0.8099412 0.2191905 -0.5075398 0.6619171 -0.0038494 -0.3223965 0.0411501 0.5834124 0.4083205 0.1455805 0.1383726 -0.0914345 0.2985550 0.2684533 -0.0802351 0.5225375 0.2072516 -0.1716205 -0.1111734 0.1485648 0.2171398 0.1192311 -0.0298923 -0.0330988 -0.1877880 -0.3326653 0.0372516 0.0766173 0.1617768 -0.2991385 0.0377447 -0.1835677 0.6588588 -0.5185243 -0.4733012 -0.3906071 -0.0837811 -0.2461335 -0.1632876 -0.1513834 -0.2039750 -0.4529771 -0.4866916 0.0450357 0.7294247 -0.3179572 -0.3265894 -0.2871894 -0.1459797 -0.1598000 -0.2015336 0.1037916 -0.3661700 0.1973716 -0.1371253 0.0576863 0.4365913 -0.2706314 0.1138620 0.4593033 -0.4366362 -0.0216301 0.3575908 -0.1454022 -0.0622371 -0.0052445 -0.0179520 0.1005758 0.1445502 -0.1735708 -0.1468986 0.3448468 -0.0137130 -0.1158204 0.2374731 0.2757359 0.2429112 0.1364934 -0.4943292 0.0702535 -0.0019453 0.0046306 0.0627738 0.1804382 -0.2499338 0.0167170 -0.0840168 0.1017825 0.0400857 -0.3480411 -0.1361634 0.2671066 0.4669976 -0.2564250 -0.3180516 -0.1522813 -0.5410623 -0.3150996 0.1503292 -0.1446581 -0.2179396 -0.4702277 0.1347846 0.1098167 -0.0418196 -0.1277436 -0.0196197 0.3103777 0.1998377 0.4612079 0.4184386 0.2155764 0.2865980 0.1705667 -0.1368202 0.4656977 0.2462541 0.1422967 -0.0208245 0.4954124 -0.0293813 0.0413232 -0.0862106 0.3514718 0.2257904 0.5320809 -0.0063969 -0.0305020 -0.2456115 -0.0980096 0.1191739 0.2514974 -0.0733098 -0.1647979 -0.0149208 0.3526308 0.2126256 0.0128155 -0.0980090 0.2323440 -0.0296070 0.2344702 0.5087824 0.2728879 -0.0533442 0.1087863 -0.0245239 -0.2217255 0.0694644 0.3019689 -0.1061051 -0.0076892 -0.1793346 -0.4512793 0.1309667 0.5784676 0.6458953 0.3554996 0.6281761 0.5563017 0.4036041 0.4108982 0.0409789 0.2258027 -0.3022654 -0.2065618 -0.6264584 -0.3757518 0.4727281 0.6495356 0.3461022 0.7187589 -0.0992832 0.4495798 0.3386168 0.4535655 0.6294050 0.1282811 0.0003256 0.2487322 0.2842919 0.1622103 0.1902907 0.3931215 0.0485656 -0.3431911 -0.0493726 0.5334927 0.3292094 0.3331278 0.3207539 0.3398182 -0.2831346 0.1503498 0.6204338 -0.0768831 0.0883738 -0.3492151
-0.2137566 0.6140664 0.7109146 0.0449224 0.4032712 0.0373553 0.1771101 0.3697619 -0.4819357 -0.3587814 0.1545939 -0.1053605 0.0000000 -0.2310921 -0.3049371 0.2618676 -0.0821665 -0.1660414 0.0526857 0.6129939 -0.1275527 0.5434582 0.1268472 -0.4245821 0.1082930 -0.1762279 0.1205596 -0.2848603 -0.2898450 -0.0996052 0.5393413 0.2194055 -0.5680874 -0.3344491 -0.1824087 0.0069357 -0.0275900 0.4109429 -0.4628588 -0.4277123 0.5217496 0.1213908 -0.2008225 -0.5068780 0.1020159 0.0930621 0.0797608 0.6042881 -0.2713106 -0.1723663 -0.0132290 -0.3151354 -0.1939486 0.1019283 0.6437691 0.3845555 0.1889308 0.1545341 -0.1184554 0.1048102 0.3535588 0.1925184 0.5374782 0.1930097 0.0727596 0.0960591 0.1602872 0.1756080 0.0957238 0.2739541 -0.0126025 0.2268550 0.1633099 0.2915606 -0.0589377 0.2906249 0.2332577 -0.0606317 0.4195490 0.1981704 0.4052957 0.0407500 0.0933190 0.2905759 0.2578239 0.4367273 0.0388527 -0.0258442 0.4054602 0.5376559 0.4608885 0.1371116 0.3952701 -0.1658898 0.5585899 -0.1437346 0.1001358 0.5818180 0.6337867 -0.1227746 0.5757183 0.5541691 0.4694815 -0.1022049 0.2431086 0.1627181 0.6783742 0.4568823 0.3804442 0.3546089 0.4258979 0.4056605 -0.0434618 0.3300188 0.2829095 0.3571501 0.3142987 0.3330620 0.2529546 0.5977548 0.6210858 0.3909415 0.3856513 0.0173312 0.2473497 0.2510666 0.4962893 0.3847281 0.1167563 0.0808224 0.1559760 0.4825799 0.4697580 0.4223747 0.5494931 0.2057315 0.5285581 0.3169461 0.5395721 0.2499196 0.2183370 0.4363127 0.5401259 0.3867198 0.5626703 0.3276971 0.5801774 0.5211561 0.3671060 0.4156953 0.4512147 0.5004252 0.3654211 0.0568198 0.2694487 0.2551627 0.1366394 0.1230287 0.2702610 0.3138823 -0.0275654 0.3074878 0.3590573 0.1334805 -0.0304001 0.1955715 0.2783741 0.0765793 0.1555518 0.2511813 0.1440051 0.1476403 -0.2465847 -0.0940724 0.2499303 0.3777839 -0.0235437 -0.0581514 -0.0751062 0.0632067 0.0281318 0.2466844 0.2280790 0.2974868 0.1847436 0.3200835 0.1463779 0.4322319 0.4057422 0.2601111 0.3568371 0.1771403 0.2593804 0.1171810 0.1891652 0.1170306 -0.0839585 0.1057770 0.2953223 -0.0309282 0.2187081 0.1053103 0.3280289 0.2020739 0.6242200 0.5358023 0.4834569 0.3739491 0.1075696 0.1581169 0.1180910 -0.2636969 0.5482100 0.4315891 0.0885658 0.4616769 -0.1323884 0.3881357
0.1567044 -0.2407786 -0.3326329 0.2887974 -0.1470700 0.4832539 0.1127655 0.2110666 0.1699124 0.6266933 0.4915634 -0.1539088 -0.2310921 0.0000000 -0.1891790 0.3518402 0.8246290 0.4507124 -0.0234381 -0.4454985 -0.2453623 -0.3769576 0.3746776 0.2301702 -0.3259258 0.2445589 0.3605555 0.1694197 0.2703598 0.2797375 -0.4411597 -0.5297813 0.3069553 0.2797560 -0.0084514 0.0082572 -0.1149223 -0.6726871 0.1997152 0.0191715 -0.5910238 0.2980984 -0.0414870 0.0213718 0.2600183 -0.4730463 -0.3740375 -0.6291803 0.1200434 -0.5101888 -0.2010585 0.0548854 0.1942353 -0.1207920 -0.3151572 -0.4204848 -0.3369598 -0.0432782 0.3533254 -0.2943513 0.3763062 -0.0738443 -0.1679470 0.2783702 0.0137605 -0.3258855 -0.1266001 -0.0591769 -0.3465518 0.3004009 -0.2691536 0.3372661 0.0419228 0.2538243 -0.1509737 0.2690437 0.2655880 0.0061449 -0.1282203 0.0295068 0.0027861 -0.1130825 0.0116307 0.0603647 -0.0388213 -0.1419612 -0.3130979 0.4368662 -0.2767441 -0.0126201 -0.0718862 0.0366496 -0.2292116 0.2142745 -0.2566770 0.1368248 -0.2684183 -0.2705624 -0.2340786 0.0392405 -0.1683259 -0.4984193 0.0020582 0.0660016 -0.1903393 -0.2847456 -0.2564407 0.1884816 -0.2844144 0.0851530 -0.2041959 -0.4448527 0.0988471 0.3890478 0.3959259 0.3026169 0.2201545 0.1320856 0.0657611 -0.1082033 0.0366330 0.1445916 -0.3516127 0.2020464 0.2127231 0.0492735 0.0377007 -0.0385974 -0.0116309 0.0392352 -0.1838867 -0.1043989 -0.4399843 0.1686003 -0.1391248 0.0570270 -0.1906451 -0.1827509 -0.2999593 -0.1318977 -0.1239631 -0.0695588 -0.1788098 0.2088682 -0.1163441 -0.1860593 -0.2603572 -0.0142080 -0.0550935 -0.2509441 -0.3169893 -0.1688917 -0.0538493 -0.0749600 0.1554529 0.1193866 0.2292969 -0.1143586 0.0435820 0.0319477 0.0958611 -0.2872591 -0.2857950 0.0854529 0.0892022 -0.1148080 -0.1300646 -0.0394617 0.0876184 -0.0755661 -0.0869220 -0.1399305 0.2979378 0.0712275 0.1192133 -0.1331429 -0.0171477 0.2974386 -0.0114524 0.0019823 0.0905132 -0.1833829 0.1197844 -0.0702736 0.4032989 0.1689380 0.2573556 -0.1626699 -0.1806072 -0.2459444 0.0706530 -0.3280537 -0.2685419 0.0467166 0.1416109 0.0909318 0.0369124 0.1631772 0.2689097 -0.0305938 -0.5078724 -0.2434503 -0.4032589 -0.1597113 -0.4121290 0.0797620 -0.1825983 -0.4903340 -0.5874690 -0.0743822 -0.0682843 0.2489430 -0.2028359 0.0487718 0.0347197 -0.4975428 0.2149093 -0.0004877
-0.0901467 0.1341655 -0.3847287 0.5219636 -0.5312822 0.3476355 -0.0600862 0.1872188 0.8370627 0.1656775 -0.1888673 0.7067651 -0.3049371 -0.1891790 0.0000000 -0.4769988 -0.3025766 0.3989318 -0.1658414 0.0418718 0.5564813 0.1764552 -0.2606716 0.7197980 0.1686868 -0.0979893 0.0685169 0.5808004 0.4216345 0.2676326 -0.1357717 -0.0515473 0.5309326 0.5198167 0.0803099 0.4109054 0.1531343 -0.1267016 0.2411247 0.6443468 0.0820821 0.0495266 0.1395419 0.4682503 0.0280343 -0.3006370 -0.0150500 -0.0344735 0.3483691 -0.0582368 -0.0242018 0.2540618 0.5694911 -0.0265487 -0.5660882 -0.5625099 -0.2067680 0.0571269 -0.1589513 -0.0691125 -0.2277925 -0.2682161 -0.7089809 -0.0035009 0.5160129 -0.3831333 -0.3148544 -0.0137725 -0.3249972 -0.1591955 -0.2707914 -0.0350529 -0.2310653 -0.0419991 -0.3062521 -0.1041458 0.2024420 -0.4722480 -0.2270488 -0.0176450 -0.4783022 -0.2249021 0.1487304 -0.2027022 -0.0893658 -0.0028498 -0.2253049 -0.0890764 0.1234450 -0.2593865 -0.2013675 0.0612897 -0.2976712 -0.0421111 0.0421447 0.1592721 -0.0164614 0.0644657 -0.4986458 0.0641495 -0.0876276 -0.0733612 -0.1428961 0.1001548 -0.3108842 -0.0576782 -0.1062813 -0.1587432 -0.0612878 -0.4233054 -0.2129803 0.0102038 0.2215790 -0.3246623 -0.3895254 -0.3204637 -0.5782899 -0.3775512 -0.0754379 -0.3020720 -0.3386286 -0.4066243 -0.0647206 -0.1186258 -0.2171354 -0.3350420 -0.2060989 -0.0098796 -0.0466430 0.3132654 0.1506201 0.0152405 -0.1692929 0.2030939 -0.1702102 0.1599269 0.0189097 -0.0963093 -0.3782296 0.1847512 -0.2190434 -0.2450727 -0.1862499 -0.0130046 -0.1386235 0.0660317 -0.3360603 -0.3827535 -0.2749159 -0.2942614 -0.0827335 -0.2693400 -0.3336173 -0.2781951 -0.1618821 0.1452290 0.1604725 -0.2392858 -0.0615163 0.1683556 -0.2030031 0.0464227 0.3173791 0.3454561 -0.2774475 -0.0941918 -0.1660276 -0.2175613 0.0612577 0.1126728 -0.2078261 -0.1159302 0.1695034 -0.1438599 0.2423090 0.0609152 0.2208243 0.0263419 0.5008958 0.4063349 0.1721859 0.3147883 0.1044126 0.1356572 -0.2014988 -0.2916147 -0.5311292 -0.5172764 0.2069201 0.3686573 0.1067809 0.3960183 -0.2096699 0.3735154 0.1132174 0.2302699 0.3569408 -0.1550217 -0.0516996 0.0071262 0.2126114 0.1265437 -0.1657025 0.1179278 -0.0559094 -0.4014414 -0.2412480 0.3026304 0.1339196 0.1358110 -0.1428905 0.0166277 -0.2146484 0.0381128 0.2546948 -0.2075859 0.0231700 -0.4181570
-0.2687300 -0.0797667 0.1944329 -0.0537550 0.2768196 -0.0549984 -0.2671023 0.1454020 -0.3988637 0.3942913 0.6956174 -0.6363209 0.2618676 0.3518402 -0.4769988 0.0000000 0.5966405 -0.2346262 0.4565201 -0.1050490 -0.5223882 0.0733827 0.8276287 -0.4891802 0.2495313 0.6743859 0.1861925 -0.5691519 -0.0753883 -0.1222044 -0.0526222 0.0463957 -0.2139568 0.1273309 0.3840925 -0.3578674 -0.0044939 0.1569872 0.2757066 -0.1109747 0.0477451 0.1172080 0.3718708 0.0674139 0.4635263 0.3464546 0.3129889 0.0353985 0.2418120 0.1393043 0.3517918 0.4249352 -0.1287112 0.6115155 0.2276519 0.1876732 0.2829317 0.5807201 -0.2608974 0.4050456 0.3802287 0.6667099 0.2355206 0.5150860 -0.4121852 0.1541353 0.4858648 0.6637406 -0.2313518 0.6524006 -0.0256213 0.3863795 0.6738474 0.3637162 -0.0739674 0.5150345 0.2047729 0.1548131 0.2515478 -0.1662591 0.5120336 -0.0410547 -0.1561703 0.1717822 0.0718486 0.0186170 -0.3200848 0.1048071 -0.1672936 0.2421349 0.0130485 -0.4188253 -0.3002240 -0.0395504 -0.0614323 -0.0780809 -0.4054175 -0.2030866 0.3910214 -0.2111129 0.2345561 -0.3412689 -0.1329469 -0.0469486 0.0532477 0.0624591 0.1861781 0.0446130 -0.3428976 0.2284359 0.0267827 -0.2922222 -0.0414190 0.4254058 0.3352088 0.4216381 0.4618540 0.3876695 0.2139424 -0.0017210 0.2201737 0.3685385 -0.0844968 -0.0088376 -0.0405803 -0.2603089 0.2416563 -0.1237802 -0.4397897 -0.0833809 -0.3827194 -0.1343972 -0.1456244 0.1458155 0.0868173 -0.3388193 0.0088059 -0.2559320 -0.1059660 -0.5263198 -0.1924886 -0.0551721 0.1964297 -0.0145226 -0.2181519 -0.5292967 -0.0234962 -0.0546903 0.0808896 -0.2152389 -0.2308189 -0.2627769 0.0711388 -0.0229940 0.0881579 -0.2832120 -0.0668918 -0.1403410 0.2092068 -0.1056643 -0.0896003 -0.3648542 -0.3274243 -0.0265973 -0.0725746 -0.1078167 -0.0448033 0.1232356 -0.0792122 -0.2842025 -0.0234308 -0.0555959 0.1083063 -0.0495272 0.0124529 -0.1236904 -0.2614163 -0.1602020 -0.4239381 -0.3344898 -0.1862742 -0.1559819 -0.1871302 -0.0299579 0.0905610 0.3135488 0.1627082 0.2415070 -0.0296930 -0.2016637 -0.4387098 -0.4464601 -0.0313511 -0.2395476 -0.4245897 -0.4120267 -0.4206166 0.0220734 0.2707093 -0.4664879 -0.2084021 0.0834844 -0.0851899 -0.2253643 0.2098166 0.4225447 0.1024565 -0.2241376 -0.3797798 -0.0493821 -0.1496984 -0.5192085 0.2293302 0.1502820 -0.3279490 -0.0256570 -0.0346528 0.2517939
0.1000089 -0.3459428 -0.1844072 0.3132077 0.0340425 0.3098959 0.1668889 0.2716816 0.0416699 0.6958338 0.7553378 -0.1696991 -0.0821665 0.8246290 -0.3025766 0.5966405 0.0000000 0.0051809 0.0558839 -0.3031401 -0.1599148 -0.1574823 0.5094701 0.0100987 -0.1210008 0.3016834 0.4329671 -0.1345622 0.2304112 0.2124801 -0.3045041 -0.1984539 0.1352163 0.3352429 0.2385924 -0.0758449 0.1431552 -0.3771659 0.3560903 -0.1384286 -0.2556576 0.2311026 0.2698421 -0.0044768 0.2262803 -0.0998577 0.0825152 -0.2680490 0.3348809 -0.2983698 0.1791145 0.2019814 0.2707364 -0.0351997 -0.1596318 -0.1852323 0.0966459 0.1807471 0.0111041 0.0373105 0.2706517 0.0878258 0.0097440 0.4652920 -0.0457186 -0.0727706 0.0316777 0.2048861 -0.3202885 0.4223797 -0.2762858 0.3592611 0.2077031 0.4355013 -0.1661861 0.4418488 0.3440536 0.0035344 0.0618476 0.1534613 0.1051472 -0.1803329 0.0430887 -0.0698785 -0.2072643 -0.2906959 -0.3998425 0.2398553 -0.4348559 -0.1175963 -0.1790900 -0.2359835 -0.3863297 -0.0785141 -0.2355100 -0.0347061 -0.3512231 -0.3054195 -0.1825493 -0.2035403 -0.1787977 -0.5480767 -0.1907080 0.0695499 -0.2690550 -0.2465209 -0.2725288 -0.0009708 -0.3595185 -0.0517104 -0.3322923 -0.4244708 0.0824218 0.2302077 0.2199494 0.3115938 0.1478861 0.0866555 0.1966269 -0.1580433 -0.0119208 0.1185171 -0.2503531 0.1670966 0.0849927 -0.0250758 0.1258752 0.0109836 -0.0926239 -0.0302763 -0.1534700 -0.1927087 -0.2064796 0.1631602 -0.2199390 -0.0185915 0.0821162 -0.1429422 -0.0724787 -0.1456461 -0.2845264 -0.0044514 -0.0531613 0.3301007 -0.0662168 -0.2467146 -0.1026957 0.0875119 -0.1829495 -0.3329689 -0.3055624 -0.1824741 0.0651263 -0.2437880 0.2413229 -0.0391165 0.1184902 -0.2195145 0.0425178 0.0082549 0.0924420 -0.3106500 -0.2581214 0.0303636 0.1293212 -0.2398264 -0.2908892 -0.2173651 -0.0736812 -0.1056021 -0.2227992 -0.1286933 0.1636973 -0.1974801 0.0094387 0.0272564 0.0757937 0.2564155 -0.0525913 -0.0294031 0.1347617 -0.1191138 -0.1056555 -0.0536123 0.1444334 0.2056893 0.1414330 0.0511181 -0.0210231 -0.1577300 -0.0114024 -0.2328654 -0.2812684 0.0884533 0.0238626 0.0316803 0.0986953 0.2143190 0.2738186 -0.0332421 -0.2294353 -0.0314946 -0.2360754 -0.0163881 -0.1063107 0.0846895 -0.1459112 -0.1511465 -0.3176744 0.0554371 0.0573002 0.0968098 -0.1188130 0.1144459 0.0297954 -0.3465555 0.2705130 0.1728670
