0.0000000 0.3573623 0.6846689 -0.2586727 0.3642756 -0.4832960 -0.1234426 -0.1295669 -0.4417998 -0.1880529 -0.2357757 -0.3270682 0.0482672 -0.2530008 -0.2743011 -0.2699893 -0.2647944 0.2175543 -0.1996629 0.2038298 -0.2126631 -0.1140725 -0.2080450 -0.4837936 -0.2465714 -0.5008123 -0.0770069 0.0043882 -0.3469176 -0.3524324 0.0314595 0.0230173 -0.4691006 -0.4342998 -0.2863784 -0.1759376 -0.3516381 -0.0726364 -0.5037973 -0.1753094 0.2832311 -0.3692600 -0.3565033 -0.3065828 -0.6674648 -0.2457951 -0.3431715 0.1543176 -0.4771587 -0.1435238 -0.3741052 -0.4035265 -0.4029481 -0.2980945 -0.1762185 -0.3963195 -0.3429367 -0.4818365 -0.4233274 -0.4313036 -0.6305603 -0.5465633 -0.1720648 -0.4898129 -0.2218924 -0.0074390 -0.5133615 -0.5260693 -0.4200308 -0.5794760 -0.3511822 -0.3077406 -0.4826003 -0.3528390 -0.1957953 -0.3547255 -0.2096632 -0.2066995 -0.3581312 0.0019750 -0.2026084 -0.4708945 -0.2700358 0.1561626 0.1827266 0.2220968 0.1081566 -0.0412934 0.2788590 0.2330860 0.2292593 0.1445615 0.1362061 -0.0151119 0.2273850 0.0691186 0.0683621 0.0351327 0.1053761 -0.0690337 -0.0012209 0.0135927 0.0986493 -0.2756595 -0.0196927 0.0191911 0.1923099 0.1478464 0.0321595 0.3108985 0.0524777 -0.2808715 0.4181114 0.3548153 0.2416872 0.1985599 0.1491505 0.0968611 0.1030163 -0.3646394 -0.0061426 0.1015609 0.2635053 -0.1259484 -0.5035251 -0.3382070 0.1018058 0.2478508 -0.4976121 -0.4463752 -0.5148149 0.4487510 -0.2718903 -0.4408170 0.1257041 -0.2492599 -0.4417753 -0.4512308 -0.4162205 -0.3038327 -0.0689664 -0.3028694 0.3259608 -0.2043174 -0.5506258 -0.0045374 -0.4015540 -0.5284398 -0.1455873 -0.1469567 0.1178091 -0.1969647 -0.2920087 -0.0661523 -0.1335138 -0.0490385 0.1713778 -0.3609446 0.2907098 0.1633896 -0.0640914 -0.1746632 0.0529901 0.1728376 -0.0803872 -0.2504333 -0.1747390 -0.1757630 -0.1434039 -0.1666079 -0.1763719 -0.2469689 -0.0000559 -0.1462396 -0.0445276 -0.2115635 -0.1484475 -0.1093007 -0.1531273 -0.0310672 -0.1915400 -0.2767100 -0.3438793 -0.4275640 -0.2872829 -0.2463424 -0.1832520 -0.1500565 -0.0629146 0.0498129 -0.3863341 0.0923832 -0.1135468 -0.3116449 -0.4995900 -0.2714733 -0.0215259 0.0237703 0.0449179 -0.1716229 0.4290644 0.2158876 0.2887991 -0.2848990 0.5133762 -0.3889726 -0.1504918 0.0286151 0.1967573 0.0597199 0.3479026 -0.5371366 0.6161311 -0.2348911 -0.4533163 0.3502881 0.1861705 -0.1183351
0.3573623 0.0000000 0.7130423 0.3165403 0.5786194 0.3157095 0.4520645 0.3368478 0.2472045 0.2672163 0.1173760 0.5413436 0.3491941 0.3170532 0.1695877 0.1314452 0.5117055 0.3075992 0.3439553 0.0717775 0.4895311 0.0542846 -0.0189311 0.0011203 0.2375398 -0.2526469 0.3001682 -0.1610246 0.3588149 -0.2725168 0.1509930 0.1669979 -0.1185176 0.1793210 0.0725938 0.5056525 0.0382247 0.1948478 -0.1255164 -0.1526468 0.0719709 0.2536041 0.1944713 -0.0234499 -0.0705041 0.0899977 0.1334391 0.0234350 -0.0041805 0.1311170 0.1355476 0.0200651 0.2385685 0.3741531 0.0987429 0.1539974 0.0952027 0.0653913 0.1097933 0.1504767 -0.0010147 0.0571633 0.4928295 0.2531499 0.3438524 0.0401766 0.0943115 -0.0801765 0.1125570 0.0410347 -0.0966775 0.4259726 0.0065621 0.3194536 0.0059504 0.0851016 0.1790838 -0.1052599 0.0441984 0.3577588 -0.0532106 -0.4397584 -0.4597394 -0.2312554 -0.2748785 -0.2793374 -0.2115133 -0.2965816 -0.1669635 -0.3440790 -0.2439529 -0.1482777 -0.0251513 0.0960871 -0.1983246 -0.3144143 -0.2890339 -0.0151661 -0.2631401 0.0963918 -0.2748981 -0.2688749 -0.1874824 -0.0446681 -0.3241371 -0.3759373 -0.2331992 -0.1732266 -0.1452772 -0.0370061 -0.2697363 -0.3827042 -0.0351180 -0.0397648 -0.0673359 -0.0520149 -0.1804799 -0.1147171 -0.1664447 -0.2570606 -0.2351146 -0.0261026 -0.4142796 -0.3110169 -0.1686281 0.3708005 0.1980463 -0.3929785 0.0839441 -0.1648787 -0.2120875 -0.1255570 -0.0447427 0.0315343 -0.4029935 -0.3082055 -0.1901865 -0.1684940 -0.0956287 0.0661601 -0.0454896 -0.0591595 -0.3035897 -0.0121260 -0.2273802 -0.1236332 -0.1686310 -0.1535458 -0.0007587 -0.0697056 0.1207313 -0.1844470 -0.1408624 0.0705157 0.0194722 -0.1207608 -0.4385276 -0.1722988 -0.4848163 -0.0909615 -0.0490398 -0.1690448 -0.3703616 -0.2485767 -0.1920560 -0.2830494 -0.0957485 0.0570765 -0.3503006 -0.3456164 -0.0274784 -0.3062289 0.3603780 0.1776468 0.5687526 0.5496925 0.5548338 0.4297675 0.5106316 0.3947285 0.2669082 0.1343768 0.1425622 0.0221459 0.2602747 0.2976699 0.2784464 0.3030908 0.3257855 0.3974545 -0.1274523 0.3920537 0.2151900 0.2126517 0.2479021 0.5073331 0.3448041 0.5071974 0.2451504 0.3581183 0.0752251 -0.0789867 0.1309325 0.1365954 0.3078467 -0.0441831 0.1437663 0.2448263 -0.0016760 -0.0156977 0.3965810 0.0753986 0.3774984 0.3945313 0.0763948 0.0390459 0.0860883 0.0455934
0.6846689 0.7130423 0.0000000 0.2506306 0.7639760 0.0982913 0.3630690 0.3919779 0.0536068 0.2306606 0.2088529 0.3133217 0.5777290 -0.0111971 -0.0610180 0.1890358 0.2398092 0.1342696 0.3819397 0.2352718 0.3416045 0.3236102 0.1000590 -0.3504183 0.3173167 -0.1347213 0.1486132 -0.2398579 0.0360164 -0.2563515 0.3433605 0.4326326 -0.3411479 -0.1006984 0.2473188 0.2269983 0.1995490 0.4623497 -0.1968354 0.0081450 0.3100193 -0.0626482 0.0781874 -0.1182474 -0.4051995 0.2287166 0.1910724 0.3200702 -0.2535779 0.3051007 0.1257334 0.0291597 -0.0280755 0.2268215 0.3275176 0.1881575 0.2053595 -0.1014983 -0.0334282 0.0984868 -0.2498853 -0.0642909 0.4110618 0.0041138 0.1629245 0.2926201 0.0032270 -0.1557027 0.1473227 -0.1008236 0.1054993 0.1839742 0.0650956 0.1545734 0.2849169 0.0161212 0.1900183 0.1347666 -0.0207293 0.2719067 0.1069604 -0.5716013 -0.4219166 -0.1265137 -0.0774627 0.0267928 -0.1342101 -0.3317504 0.1261591 -0.0740260 -0.0145306 -0.0052286 0.1561182 -0.2309355 0.0592884 -0.0542631 -0.0808728 0.1368887 -0.0555168 -0.1661021 -0.2295693 -0.0487669 0.1155502 -0.3850655 -0.1395834 -0.0910461 0.0874557 0.0107738 -0.0659995 0.1728466 -0.0629106 -0.1836683 0.2225870 0.1845104 0.1161680 0.0822247 0.0184056 0.0853166 0.0210432 -0.3706224 -0.0673728 0.0859516 0.1289634 -0.1395742 -0.4255996 -0.1779048 0.1366034 0.0273314 -0.4015107 -0.1958885 -0.4156634 0.4504343 -0.1051202 -0.0566074 -0.2188881 -0.2724328 -0.3655708 -0.4911689 -0.4094140 -0.2405633 -0.1755420 -0.4527463 0.1133933 -0.2634171 -0.4821262 0.0210890 -0.4583834 -0.5594807 -0.2655983 -0.3875833 -0.0623597 -0.2736565 -0.4153403 -0.1434767 -0.2370160 -0.1092235 -0.1991478 -0.4589986 -0.1350407 -0.1116512 -0.2311021 -0.3974246 -0.0943656 -0.1605814 -0.3125446 -0.3851274 -0.2234846 -0.1990426 -0.3196128 -0.3395511 -0.2725310 -0.4192156 -0.1076050 -0.0011665 0.3779104 0.3065413 0.3866121 0.3107451 0.3148888 0.2690229 0.0200576 -0.0484463 0.0211168 -0.1544003 0.1147580 0.1599363 0.1744268 0.3232172 0.3582570 0.4531451 -0.4307614 0.4533660 0.1641039 -0.1301752 -0.2604473 0.0380113 -0.0174162 0.0377605 0.3409088 -0.1605381 0.2637768 0.0300842 0.4738216 0.0940902 0.3414490 -0.0393883 -0.3117333 0.0517337 0.0965932 0.0951282 0.5152957 -0.1660183 0.5809087 0.0287267 -0.3223563 0.3804277 0.2481786 0.1691624
-0.2586727 0.3165403 0.2506306 0.0000000 0.4612046 0.8724457 0.5196465 0.9208908 0.5933083 0.6253207 0.8465093 0.7049328 0.7489924 0.3895196 0.2843132 0.3863332 0.7572715 0.0881615 0.4697215 0.2823157 0.8565663 0.5069543 0.4581657 0.2696445 0.6063706 0.3238306 0.0902054 -0.3923102 0.7078311 -0.1739400 0.5426285 0.4940732 0.2477248 0.7276975 0.5626952 0.7086293 0.5818388 0.6211315 0.2451209 0.0810505 -0.0099805 0.6647896 0.5217884 0.2230479 0.5462414 0.5425797 0.5506185 -0.1722318 0.3072911 0.2206351 0.5954573 0.4828077 0.8175756 0.7572559 0.5989392 0.6797336 0.5572554 0.5886526 0.5091596 0.6136709 0.6604665 0.6038316 0.6809165 0.8510787 0.9177702 0.2273002 0.6285344 0.6900839 0.5967616 0.7817146 0.4622037 0.9451067 0.7633513 0.9356757 0.4992054 0.8766755 0.9156062 0.5039042 0.8491472 0.7534926 0.6956376 -0.1874951 -0.5621457 -0.6199134 -0.4826180 -0.4917904 -0.5490342 -0.4662098 -0.4356610 -0.4234527 -0.5009883 -0.3205135 -0.3749288 -0.5221685 -0.4204017 -0.3403490 -0.3861382 -0.2637551 -0.4531351 -0.4226651 -0.6170331 -0.4690694 -0.3165473 -0.4698199 -0.3866811 -0.4129470 -0.3781668 -0.3916601 -0.3588586 -0.3187534 -0.4132944 -0.1570334 -0.2664433 -0.4264087 -0.2746373 -0.3050790 -0.4436936 -0.3061075 -0.3908731 -0.4115377 -0.5466122 -0.4416405 -0.2218031 -0.4285086 -0.0714146 0.0891810 -0.4078619 -0.4256264 -0.0622723 0.1384719 -0.1439754 -0.0114706 -0.1057304 0.3819243 -0.6163575 -0.2231253 -0.2104852 -0.2747812 -0.1837900 0.2257410 -0.0765527 -0.2428403 -0.3336816 -0.3398239 -0.2079745 -0.2843007 -0.2172992 -0.0715532 -0.0031886 -0.2293970 -0.2063681 -0.3009157 -0.4580985 -0.1881583 -0.3236212 -0.2792525 -0.7519086 -0.2613309 -0.5295656 -0.4088242 -0.4831515 -0.5137151 -0.4204595 -0.6392246 -0.5492592 -0.4033322 -0.2735296 0.0193312 -0.5663154 -0.6110822 -0.2126054 -0.3403640 0.0065613 0.2419548 0.4230078 0.8193967 0.7808357 0.3283347 0.7108334 0.2486634 -0.0024262 0.1437372 0.3178601 0.1560400 0.5776860 0.9148177 0.7254795 0.8799918 0.8561051 0.6785480 -0.3693126 0.7412377 0.3864153 0.0248228 0.1976457 0.2147882 -0.2818583 0.0561510 0.5279972 -0.1887878 0.1400165 -0.1933241 -0.0293726 0.4418661 -0.6282703 0.4647667 -0.4441437 -0.0719881 -0.1293269 0.0027488 -0.2063839 0.7305871 -0.3752315 0.6882580 0.6561344 -0.2094945 -0.2922233 -0.2872526
0.3642756 0.5786194 0.7639760 0.4612046 0.0000000 0.2311497 0.2930791 0.6741617 0.0319410 0.0570986 0.3716252 0.4333209 0.7816539 -0.0686314 -0.2039816 0.4655289 0.2791974 -0.1950127 0.6602175 0.3016693 0.4668914 0.5354356 0.1209231 -0.3957922 0.6375812 0.1296628 -0.1608728 -0.4400193 0.1760045 -0.2861451 0.5393823 0.6134412 -0.2194326 0.0236117 0.2659687 0.3342876 0.4082776 0.6782266 -0.2048437 -0.1141716 0.3839609 0.0595178 0.0250650 -0.1775345 -0.2178002 0.5123283 0.3517696 0.2910564 -0.1112775 0.3328478 0.2375688 0.0238588 0.1488553 0.3037068 0.5108194 0.4079479 0.4292002 0.0340774 0.1031530 0.1750805 -0.0388066 0.0672926 0.4931462 0.1662005 0.3458044 0.4324824 0.1509708 0.2062573 0.3676622 0.1370989 0.4334983 0.3509429 0.3612039 0.3144601 0.6320950 0.3167996 0.3912139 0.4846142 0.2463906 0.5474206 0.4208817 -0.2509417 -0.3081153 -0.1591843 -0.1307345 -0.0047895 -0.1405464 -0.3338299 0.1268210 0.0027129 0.0777196 0.0235422 0.2711555 -0.2398697 0.0677640 -0.0018766 0.0427767 0.2659034 -0.0142018 -0.0482558 -0.2005420 0.0092258 0.0643427 -0.3586936 0.0376056 -0.0421796 0.0797074 0.0104579 0.1175267 0.0774882 0.0291569 -0.0613051 0.0820371 0.0924090 -0.0252209 -0.0077838 0.0012307 -0.0148577 -0.0182510 -0.3533966 -0.1496564 -0.0044996 0.1440385 -0.0732082 -0.2469601 -0.1085147 0.0540425 0.1080357 -0.2108301 0.0345938 -0.2022181 0.4758714 0.0852795 0.3339974 -0.1263468 0.0202212 -0.1061313 -0.2947732 -0.2978694 -0.0761897 0.1324011 -0.2449302 0.2047776 -0.0662495 -0.1730029 0.2992374 -0.1980958 -0.2756753 -0.0092050 -0.1846574 0.0067924 0.0252857 -0.2358989 0.0643971 -0.0755203 0.1895865 -0.2102082 -0.1534649 -0.1081660 -0.0751588 -0.0769582 -0.2710438 0.1629081 -0.1430352 -0.1653543 -0.1016212 -0.0334570 -0.0452954 -0.1694917 -0.2709567 -0.1200392 -0.2302509 -0.0905661 0.0034830 0.2481549 0.4210860 0.4974072 0.3753598 0.4834548 0.4403721 0.1285751 -0.0903127 0.0964330 -0.1305841 0.2671499 0.3163230 0.2469062 0.5181366 0.5366689 0.5659158 -0.4271705 0.7150142 0.4396736 -0.0467692 -0.1169737 0.1025082 -0.0848441 0.1424041 0.5960643 -0.2328450 0.1333119 -0.3402019 0.3492132 0.2214068 0.0621333 -0.0641850 -0.3021123 0.0152610 -0.0714118 -0.2203050 0.2659061 -0.0862704 0.2580291 0.0919758 -0.1655168 0.2329548 -0.1088480 0.0419151
-0.4832960 0.3157095 0.0982913 0.8724457 0.2311497 0.0000000 0.6767449 0.6937226 0.8107928 0.6951170 0.6559904 0.8663495 0.4683569 0.5455799 0.5371479 0.2805394 0.7704130 0.2037625 0.4545741 0.0800864 0.8454798 0.3372810 0.4412219 0.5830825 0.5439447 0.3719879 0.3412204 -0.0989829 0.8093916 0.1257630 0.3366692 0.2933989 0.4773603 0.8415773 0.5434084 0.7372184 0.5174478 0.4183414 0.5443059 0.3419082 -0.2248251 0.7481619 0.6386938 0.4774226 0.7487124 0.4358798 0.5041887 -0.2087141 0.5454782 0.2746794 0.6062651 0.6581223 0.8728110 0.8367482 0.4442390 0.6251424 0.4513100 0.7552253 0.6099378 0.6552370 0.7952144 0.7093783 0.6601572 0.9473685 0.7800157 0.0255996 0.6834925 0.6091126 0.4927202 0.8512572 0.3531602 0.8848836 0.6608885 0.9374802 0.3169602 0.7350297 0.7984372 0.2611114 0.7595806 0.6013256 0.5564555 -0.0518450 -0.4350205 -0.5977767 -0.5087238 -0.5953246 -0.5270422 -0.4273680 -0.5578557 -0.5390981 -0.6448905 -0.4895788 -0.4272962 -0.4192812 -0.5234260 -0.4285992 -0.4762467 -0.3291454 -0.5288666 -0.3409695 -0.5704128 -0.5341423 -0.3795296 -0.3082406 -0.4940639 -0.5059793 -0.4731033 -0.4223473 -0.4462267 -0.3916444 -0.4897695 -0.1334652 -0.4061129 -0.4779777 -0.3781641 -0.3402767 -0.4529956 -0.3433404 -0.4279068 -0.2871661 -0.4941683 -0.3963690 -0.4675361 -0.4372372 -0.0047608 0.2878210 -0.3324677 -0.5807319 0.0979423 0.1724062 -0.0627264 -0.2915008 -0.1041069 0.2874927 -0.7047621 -0.2546078 -0.1457947 -0.1509700 -0.0354048 0.3570015 -0.1651607 -0.1486225 -0.4290245 -0.2641167 -0.1197512 -0.3236771 -0.1493817 0.0442089 -0.1000950 -0.1560899 -0.1321095 -0.3193691 -0.3431785 -0.2432686 -0.2601742 -0.2818887 -0.6958256 -0.1927563 -0.5636796 -0.3153027 -0.4046376 -0.3649400 -0.5045265 -0.5691590 -0.4745166 -0.3931566 -0.2999631 -0.0665351 -0.5507981 -0.5121407 -0.2183419 -0.3295232 -0.0091267 0.2690588 0.4824397 0.8390730 0.8357457 0.4537693 0.7338884 0.2533508 0.0779143 0.3445950 0.4487691 0.3545321 0.6065217 0.7942339 0.6645895 0.7756323 0.7430911 0.5656686 -0.1497178 0.5859760 0.4018571 0.2091376 0.4194580 0.4188273 -0.0112964 0.1391412 0.4681570 0.0100855 -0.0705426 -0.1858976 -0.0781172 0.5621256 -0.5852268 0.6452884 -0.2587883 -0.1287988 -0.1563793 0.0701863 -0.1357437 0.8570764 -0.3939913 0.7442144 0.6524474 -0.3054865 -0.0485748 -0.0829799
-0.1234426 0.4520645 0.3630690 0.5196465 0.2930791 0.6767449 0.0000000 0.4274907 0.6463871 0.5566305 0.3810882 0.8202670 0.3422112 0.2462930 0.6152696 0.2333349 0.4427155 0.2288639 0.3732173 0.2347209 0.7997430 0.1277314 0.2395848 0.3959066 0.3354518 -0.0335686 0.2481256 -0.0158860 0.7456643 0.0376831 0.2087667 0.1615310 0.1772675 0.5905864 0.2633928 0.6947559 0.1954058 0.2101576 0.1687171 0.2398492 -0.2685106 0.6007366 0.2957937 0.3624406 0.4109291 0.2178710 0.2942347 -0.1310869 0.3458858 0.2509360 0.3332030 0.2815959 0.5713403 0.5629282 0.1193486 0.3479393 0.3214903 0.4953994 0.4740780 0.3751736 0.4391603 0.3059132 0.4792915 0.5983180 0.5364880 0.1588567 0.3472848 0.2110699 0.3636469 0.4290539 0.2550078 0.5645826 0.3271313 0.5632131 0.2493325 0.2616785 0.3927763 0.1576522 0.3555794 0.4220978 0.3216521 -0.3655981 -0.1726082 -0.1667711 -0.0718477 -0.0297728 -0.0916015 -0.2744507 -0.0165227 -0.1502066 -0.1662019 -0.1545607 0.0861763 -0.3759006 0.0462088 -0.0269764 -0.2113854 0.1908267 -0.0406849 -0.3238736 -0.2621618 -0.0601533 0.1644351 -0.3954051 -0.1988758 -0.1015155 0.0645588 0.0440685 -0.0319094 0.1010940 -0.0533284 0.0885315 0.1097479 0.0828396 0.0589448 0.1279142 0.0529579 0.1353014 0.0049357 0.0293136 0.0016229 0.1152754 -0.3662089 -0.2830281 0.0658477 0.2918222 0.1073482 -0.3569659 0.0804084 0.2151611 0.0950971 -0.0247986 0.1434708 0.2466879 -0.3752181 -0.1760207 0.0390220 -0.0414891 0.0771793 0.2932541 -0.1071839 -0.0562563 -0.0362469 -0.0886581 -0.0637656 -0.1049359 -0.1377780 -0.1105229 -0.1253992 0.0260076 0.1107172 -0.1216131 -0.1099900 -0.1397017 -0.0700551 -0.0218166 -0.3055913 -0.1549675 -0.2710959 0.0283883 -0.1655278 -0.0137322 -0.2375726 -0.2099289 -0.1439789 -0.2354874 -0.2239109 -0.0871262 -0.3597284 -0.1112005 -0.1060102 -0.1611511 -0.2490863 -0.0197927 0.4759710 0.6094188 0.7043704 0.4787786 0.6833367 0.4137796 -0.1095886 0.3407575 0.4609019 0.3973605 0.5259581 0.5251060 0.5118566 0.5376170 0.4850264 0.4497384 0.0110837 0.5209884 0.3217964 0.1563107 0.3118651 0.3806945 0.2231059 0.1518114 0.4106414 0.1349472 -0.0865446 -0.1658044 0.2060314 0.5124781 -0.4006227 0.2301033 -0.1329962 -0.1982166 -0.2924887 0.0079290 0.1491633 0.4536351 -0.0624603 0.5054964 0.2329908 -0.0583861 0.3611768 0.3068347
-0.1295669 0.3368478 0.3919779 0.9208908 0.6741617 0.6937226 0.4274907 0.0000000 0.3741498 0.4529787 0.8721046 0.6307563 0.9091612 0.1632864 0.0323741 0.6120604 0.6803163 -0.1265101 0.6324366 0.2592736 0.7613684 0.5518094 0.4403594 -0.0274483 0.7340307 0.3915469 -0.0705713 -0.5384962 0.5564527 -0.2563874 0.5770844 0.6934243 0.0531542 0.4711195 0.5529706 0.5817031 0.6479680 0.7650352 0.0563522 -0.0073823 0.0889125 0.4915638 0.3450220 0.0471535 0.3013983 0.6577608 0.5770050 -0.0251502 0.1622281 0.2361695 0.5186538 0.3375760 0.6336632 0.6590752 0.6619258 0.7023699 0.6171800 0.4492094 0.4553807 0.5067421 0.4960565 0.4715653 0.6453029 0.6885171 0.8572606 0.4098382 0.5027560 0.7190954 0.6241783 0.6943338 0.5600574 0.8341937 0.8044897 0.7983985 0.6871352 0.8602378 0.8711988 0.6687146 0.8088340 0.7807843 0.7745492 -0.1683474 -0.4436418 -0.4775628 -0.3724766 -0.3162715 -0.4142265 -0.4890192 -0.2371138 -0.2867412 -0.2794433 -0.2038404 -0.1542491 -0.5434282 -0.2503995 -0.2257668 -0.2589472 -0.0447036 -0.3065571 -0.3881789 -0.5056532 -0.2462017 -0.1229939 -0.5120710 -0.2181089 -0.2440866 -0.1418340 -0.2005218 -0.1255589 -0.1436963 -0.2417962 0.0458502 -0.1354879 -0.2536477 -0.1309482 -0.1992901 -0.2793893 -0.1781729 -0.2368384 -0.4045311 -0.4132459 -0.2784078 -0.0044204 -0.2597002 -0.1266889 -0.0111521 -0.2350070 -0.2507463 -0.0909487 0.2640096 -0.0883334 0.1779401 0.0403981 0.5459690 -0.4616877 -0.0812191 -0.1105186 -0.2588620 -0.2057621 0.2060603 -0.0057724 -0.2284068 -0.1835500 -0.2310645 -0.1253794 -0.0818798 -0.2011673 -0.1421348 -0.0173665 -0.2411111 -0.1544679 -0.1293174 -0.3697114 -0.1406631 -0.3266552 -0.0925421 -0.6327054 -0.2226124 -0.4791001 -0.3421399 -0.4254563 -0.4649907 -0.1846775 -0.5161496 -0.4668297 -0.2653941 -0.2288419 -0.0268070 -0.4331840 -0.4900747 -0.2169213 -0.3192111 -0.0645401 0.1129690 0.2762048 0.6965861 0.7151706 0.2688665 0.6565497 0.3049736 -0.0272185 0.0527071 0.3132141 0.1055604 0.5794380 0.8250734 0.6713784 0.8673456 0.8576210 0.7670238 -0.4393439 0.8213664 0.4140555 -0.0083454 0.1205795 0.1730287 -0.3416485 0.0097345 0.6238594 -0.2816084 0.1046120 -0.3122516 0.1375503 0.4508683 -0.5589797 0.3267269 -0.4714135 -0.0588412 -0.1686398 -0.1072010 -0.0524977 0.5347902 -0.2300407 0.5157211 0.4436749 -0.0807042 -0.3270695 -0.1928713
-0.4417998 0.2472045 0.0536068 0.5933083 0.0319410 0.8107928 0.6463871 0.3741498 0.0000000 0.8573398 0.4771346 0.7068008 0.2070659 0.6850810 0.8261936 -0.0035849 0.6136237 0.3937736 0.2137161 0.1043022 0.7116843 0.2705297 0.4213338 0.7051824 0.2749442 0.2757554 0.4821931 0.1253965 0.7035866 0.2768978 0.2748491 0.0959443 0.5218494 0.7870343 0.5885222 0.6110101 0.5108770 0.1938334 0.6782361 0.5234012 -0.0701574 0.5851861 0.7412408 0.6322880 0.6491790 0.3686187 0.4588552 -0.0431063 0.5370555 0.3889114 0.6380804 0.7330712 0.6931363 0.7223017 0.3156901 0.5627552 0.4434293 0.7103853 0.3934766 0.7210028 0.5736680 0.7282212 0.6262037 0.7876176 0.4575580 0.0433255 0.7273934 0.3687286 0.4373464 0.6893367 0.2343502 0.6227161 0.4931786 0.6824852 0.1237209 0.3679981 0.4564947 -0.0221681 0.3865542 0.2068937 0.1391896 -0.3026331 -0.5247996 -0.6289261 -0.5150334 -0.5668948 -0.5990927 -0.2881568 -0.5422032 -0.6355457 -0.5562911 -0.3956163 -0.4666570 -0.2637435 -0.3822632 -0.3517890 -0.4742204 -0.3955226 -0.3752076 -0.2320905 -0.5157665 -0.5121108 -0.3668298 -0.1207013 -0.4595485 -0.4219086 -0.4645302 -0.4007121 -0.4948368 -0.2989150 -0.4467226 -0.2802123 -0.3527116 -0.3621212 -0.2498153 -0.1545723 -0.2183230 -0.0885173 -0.2209694 -0.0726501 -0.1665080 -0.1724780 -0.5663317 -0.2422538 -0.0336965 0.1590422 -0.2997363 -0.6193738 -0.0355774 -0.0298592 -0.1254104 -0.3828194 -0.1827357 0.0583481 -0.5825581 -0.3299350 -0.1513733 -0.1902853 -0.0566732 0.0317244 -0.2632727 -0.2634933 -0.5107100 -0.3387404 -0.1613113 -0.3753396 -0.2018131 -0.0345957 -0.1728794 -0.2945185 -0.2921949 -0.3867522 -0.2965204 -0.2304597 -0.1983424 -0.4148707 -0.5535172 -0.2247664 -0.5132059 -0.3224014 -0.3347929 -0.2956998 -0.5405623 -0.4942771 -0.3700783 -0.3847326 -0.2823657 -0.0627760 -0.5294016 -0.3760524 -0.1638617 -0.3037081 -0.1956007 0.3223146 0.6460086 0.7302535 0.6075947 0.5438438 0.4918963 0.2278614 0.1341859 0.2981660 0.2801750 0.2544028 0.3226827 0.4954046 0.3696222 0.5161150 0.3598589 0.2336985 -0.0258774 0.2417612 0.4143198 0.1949899 0.2726837 0.3225473 0.0749531 0.1667993 0.1134288 -0.0137764 -0.3036593 0.0793974 -0.1452316 0.3960142 -0.4053338 0.6009153 -0.2016520 -0.0240042 -0.2577990 0.2783324 -0.2474182 0.7233337 -0.3872552 0.6361924 0.5138482 -0.2260247 0.0588105 0.2331592
-0.1880529 0.2672163 0.2306606 0.6253207 0.0570986 0.6951170 0.5566305 0.4529787 0.8573398 0.0000000 0.6592271 0.5546617 0.3589276 0.7254335 0.7421774 0.0644355 0.7324314 0.5549262 0.1344351 0.1133895 0.6751807 0.3251183 0.5246042 0.5678058 0.2630874 0.2496876 0.5662528 0.0106093 0.6286414 0.1533095 0.2922450 0.3157896 0.2712815 0.6822235 0.6742274 0.5345128 0.5804010 0.3717113 0.5189626 0.4412904 0.1004667 0.5236158 0.7709130 0.4220037 0.4827139 0.4710388 0.5196742 0.0925315 0.2735496 0.4263201 0.6658353 0.6695211 0.5869064 0.6699667 0.4800608 0.6518656 0.5114763 0.5328716 0.3615001 0.7255832 0.4724384 0.6785324 0.6222596 0.7237619 0.5513202 0.2477146 0.7054260 0.3624493 0.4673085 0.6781973 0.2582595 0.6818657 0.5336501 0.6852696 0.1784336 0.4443824 0.5585217 0.1060951 0.4246550 0.2425143 0.2347880 -0.4445965 -0.6349744 -0.6877410 -0.5393978 -0.5637607 -0.6902743 -0.3517611 -0.5510480 -0.6599424 -0.5199059 -0.2749947 -0.4769377 -0.4261324 -0.3798420 -0.3401825 -0.4304351 -0.4039407 -0.3628047 -0.4421624 -0.5938197 -0.4656605 -0.3231367 -0.2524522 -0.4350966 -0.3832329 -0.4376216 -0.4476192 -0.4935984 -0.2562027 -0.4354287 -0.2488271 -0.2716649 -0.3767748 -0.1200713 -0.1734632 -0.2720257 -0.0857940 -0.2423044 -0.1780386 -0.1985145 -0.2292184 -0.3393471 -0.2874219 -0.2405351 -0.0489644 -0.3525662 -0.4991143 -0.2165735 -0.1460099 -0.2447193 -0.1924919 -0.2405779 -0.0415026 -0.5619852 -0.3441884 -0.2756913 -0.3520467 -0.1181102 -0.0563330 -0.3051222 -0.4134293 -0.4336756 -0.4039481 -0.3130072 -0.4506951 -0.3433755 -0.2316298 -0.2453798 -0.4357212 -0.2701647 -0.4307741 -0.4395329 -0.3164420 -0.3771851 -0.4790054 -0.5506819 -0.4084095 -0.4775232 -0.3656259 -0.5530898 -0.4863143 -0.5081810 -0.5385121 -0.5338736 -0.4880742 -0.3615555 -0.1038101 -0.6370014 -0.4803289 -0.2806013 -0.4153701 -0.0958484 0.3732375 0.6299525 0.6684453 0.5549028 0.4095874 0.3856659 0.1243942 -0.0130167 0.1638133 0.2082318 0.1242788 0.3207116 0.5989279 0.4805043 0.6070165 0.4425349 0.3360089 -0.1592425 0.2798379 0.3099647 0.0885332 0.1096693 0.1993701 -0.0993128 0.0868170 0.1155555 -0.1661574 -0.1800252 0.2449977 0.0426558 0.3755545 -0.4175222 0.5595821 -0.3146879 0.1220700 -0.1811724 0.4014023 -0.1574535 0.6361611 -0.2344362 0.6064688 0.4857453 -0.0644181 0.0509289 0.1196238
-0.2357757 0.1173760 0.2088529 0.8465093 0.3716252 0.6559904 0.3810882 0.8721046 0.4771346 0.6592271 0.0000000 0.4757935 0.7958492 0.2328475 0.2318979 0.5577753 0.6733999 0.0108108 0.4741506 0.1189011 0.6666435 0.5861881 0.7024497 0.0892848 0.6439197 0.4752297 -0.0325767 -0.4399189 0.5280074 -0.1931842 0.5148549 0.6911442 0.1793250 0.5444581 0.6744657 0.4713853 0.7084334 0.7090498 0.1952705 0.1095023 0.1506747 0.4776124 0.4617455 0.2139051 0.3875214 0.6415180 0.5892610 0.0931675 0.2494288 0.2092417 0.5523795 0.4137462 0.6506112 0.6560997 0.6194827 0.7141398 0.6639920 0.5419689 0.4349974 0.5514584 0.5482577 0.5043456 0.5593896 0.7164767 0.8108692 0.5707856 0.5446862 0.7753107 0.6320328 0.7897376 0.5776003 0.8001920 0.8105883 0.7336563 0.6281629 0.8441600 0.8285457 0.6775201 0.7932847 0.5908979 0.7522961 -0.2306912 -0.4139526 -0.4576482 -0.3292853 -0.3772030 -0.5670498 -0.3527597 -0.2942402 -0.3467021 -0.3304946 -0.1902895 -0.3020690 -0.5725600 -0.2283553 -0.1698398 -0.2774159 -0.1159262 -0.2532871 -0.5493961 -0.5159251 -0.2596243 -0.0671850 -0.5322023 -0.2226763 -0.1615304 -0.1099268 -0.1347434 -0.2537203 -0.0364584 -0.2450163 0.0842593 -0.0482482 -0.2099655 0.0532687 -0.0677993 -0.1751427 -0.0183840 -0.0905617 -0.3094669 -0.2466770 -0.1787208 -0.0168346 -0.0844576 -0.1154312 -0.1757847 -0.2137415 -0.2954316 -0.2270597 0.3225137 -0.0520550 0.0784575 0.0869116 0.4322376 -0.3941271 -0.1368492 -0.0817049 -0.3446696 -0.1931921 0.0631352 -0.1420445 -0.3834265 -0.2465927 -0.3814267 -0.1406732 -0.1760548 -0.2620337 -0.1828063 -0.0350442 -0.3653253 -0.3197964 -0.2563630 -0.4438461 -0.2062237 -0.4308021 -0.2776089 -0.6316443 -0.2944550 -0.4562691 -0.4627242 -0.4708153 -0.5071459 -0.2776992 -0.6209826 -0.4928624 -0.3663391 -0.2502817 0.0079763 -0.4674390 -0.4574645 -0.2205063 -0.2841063 -0.1139758 0.0756457 0.2240051 0.5290257 0.5073687 0.0441523 0.4139251 0.0774291 -0.2058542 0.0225605 0.2705921 0.0871498 0.4767351 0.7689322 0.6139023 0.7735132 0.7025470 0.5356123 -0.4535265 0.5944766 0.2300161 -0.2073086 -0.0381149 -0.0469674 -0.5441477 -0.1859394 0.4229625 -0.4138895 -0.0162453 -0.1846762 0.0923403 0.3543287 -0.6736872 0.4407471 -0.5947089 -0.0344784 -0.1940173 0.0158703 -0.1896581 0.5599436 -0.3234311 0.5309970 0.5751598 -0.1454065 -0.2250184 -0.1170993
-0.3270682 0.5413436 0.3133217 0.7049328 0.4333209 0.8663495 0.8202670 0.6307563 0.7068008 0.5546617 0.4757935 0.0000000 0.4715212 0.4413583 0.4606258 0.4371962 0.7275729 0.1736224 0.5818340 0.0079019 0.8247321 0.2040928 0.2587118 0.4441450 0.5735198 0.2850875 0.4099168 -0.0782506 0.7614065 0.1538694 0.1935984 0.3324741 0.2437413 0.6218182 0.4135139 0.6822662 0.4137468 0.3996509 0.3249599 0.2896576 -0.3142762 0.6270781 0.4202360 0.3284277 0.5300188 0.4047709 0.4428326 -0.2199831 0.3967941 0.2958119 0.4712850 0.4462135 0.6450681 0.7213185 0.3778205 0.5630585 0.3941273 0.5895773 0.5753719 0.5052238 0.5950171 0.5378942 0.6994761 0.7745370 0.6549415 0.0491203 0.5230966 0.4489525 0.4513626 0.6667838 0.3020260 0.7523575 0.5490975 0.7904732 0.3811269 0.5308367 0.6329925 0.2351751 0.5522148 0.5863906 0.4621332 -0.0984299 -0.2935947 -0.4230034 -0.4084720 -0.3654618 -0.2835977 -0.4955749 -0.3615919 -0.4742068 -0.4614309 -0.4149589 -0.1392161 -0.3776301 -0.3716243 -0.3821052 -0.4046879 -0.0662033 -0.3991369 -0.2339611 -0.4433677 -0.3080865 -0.1560086 -0.2735679 -0.4146714 -0.4299461 -0.2516854 -0.2346964 -0.2172932 -0.2094911 -0.3506002 0.0234691 -0.2924197 -0.2552862 -0.2632294 -0.2201333 -0.2646234 -0.2058428 -0.3053650 -0.2150182 -0.3251729 -0.1956000 -0.4124876 -0.3912505 -0.0686929 0.3633197 -0.1001508 -0.4638813 0.1767982 0.2077637 -0.0000263 -0.1369258 -0.0126091 0.3529392 -0.6073240 -0.1726244 -0.0662300 -0.0683616 0.0024605 0.3953264 -0.1037868 -0.0275895 -0.2079846 -0.0624486 -0.0598221 -0.1360091 -0.1233654 -0.0342210 -0.1345322 -0.0471395 0.0844638 -0.1290713 -0.1321293 -0.1755952 -0.1599982 -0.0372051 -0.4972362 -0.1242817 -0.4845069 -0.1018738 -0.2939832 -0.1856990 -0.3024898 -0.3249021 -0.3161844 -0.2161041 -0.2526625 -0.1350449 -0.4381973 -0.3396701 -0.1949209 -0.3189265 -0.0432641 0.2469422 0.5252036 0.8136084 0.9128854 0.6081957 0.7822617 0.4072142 0.1150880 0.2952590 0.4898087 0.3561732 0.6310737 0.6607816 0.6055750 0.7445355 0.7141407 0.6813749 -0.0824251 0.6667585 0.5240619 0.3698789 0.5115305 0.5859386 0.1971538 0.2799807 0.5683167 0.1163920 -0.1575086 -0.2505469 0.1428317 0.6405098 -0.3985337 0.4840584 -0.0966744 -0.0563357 -0.2183088 0.0353993 0.2109463 0.6311737 -0.0926370 0.6237976 0.3618925 -0.1112089 0.1484239 0.2157859
0.0482672 0.3491941 0.5777290 0.7489924 0.7816539 0.4683569 0.3422112 0.9091612 0.2070659 0.3589276 0.7958492 0.4715212 0.0000000 -0.0243231 -0.1118534 0.6772393 0.5391217 -0.2485938 0.6488503 0.3443812 0.6196089 0.7239684 0.4276008 -0.3236090 0.7257992 0.3713665 -0.1386479 -0.6868875 0.3038148 -0.3708590 0.7014543 0.7856533 -0.1690823 0.1954423 0.6097165 0.3664649 0.6962010 0.8933637 -0.1020322 -0.1345522 0.3205576 0.1939630 0.2814143 -0.1159427 -0.0211521 0.6952651 0.6561973 0.2571893 -0.0662645 0.4045774 0.5128117 0.2382481 0.3493743 0.4985792 0.7566411 0.6928558 0.7224083 0.2251628 0.2424162 0.4791065 0.2021442 0.3454425 0.6151004 0.4261912 0.6280420 0.6439029 0.4235393 0.5188686 0.6949318 0.4681721 0.6547280 0.6293397 0.7191753 0.5496683 0.8271617 0.6335085 0.6677610 0.7422912 0.5418427 0.5487155 0.6522511 -0.3183857 -0.3242678 -0.3089408 -0.2139206 -0.0676098 -0.2647409 -0.4273078 0.0119855 -0.1369114 -0.0659164 -0.0087868 0.0930397 -0.5009040 -0.0245042 -0.0256932 -0.0860010 0.1983336 -0.1114308 -0.3703561 -0.3867033 0.0097074 0.1454615 -0.5176890 -0.0270373 -0.0181893 0.0954409 -0.0173083 0.0171714 0.0537527 -0.0615569 0.1271638 0.0790010 -0.0239201 0.0754530 -0.0175416 -0.0556776 0.0770730 0.0145557 -0.2658825 -0.1410160 -0.0514881 0.2054947 0.0244614 -0.0930855 -0.1678398 -0.0485611 -0.0633676 -0.2118166 0.2943540 -0.0682008 0.4153457 0.1508509 0.5359165 -0.3050472 -0.0672808 -0.0763233 -0.3163971 -0.2780373 -0.0812920 -0.0836069 -0.3780462 -0.0106124 -0.2655527 -0.1423527 0.0305716 -0.2739794 -0.3102717 -0.0845085 -0.4109672 -0.2981518 -0.1361591 -0.3968847 -0.1370501 -0.3173632 -0.0978079 -0.5017560 -0.3176797 -0.3696899 -0.4277214 -0.3714945 -0.5239230 -0.0522643 -0.4872538 -0.4349071 -0.2668294 -0.1623367 -0.0521846 -0.3147376 -0.4153882 -0.2284367 -0.3115028 -0.1604846 0.0332172 0.2257954 0.4847000 0.5083385 0.1850132 0.4311596 0.2078325 -0.0671262 -0.1275318 0.1481565 -0.0774131 0.3608772 0.5997231 0.4532102 0.6828119 0.6811898 0.6462353 -0.4374741 0.6731076 0.2765983 -0.1305599 -0.1013414 0.0005661 -0.4265314 -0.1443733 0.5059475 -0.3591764 0.1348128 -0.2529317 0.3208751 0.3305138 -0.3170140 0.1477654 -0.5452858 0.0670850 -0.0541651 -0.0947206 0.0695131 0.2410113 0.0186402 0.1867176 0.1446372 0.2138540 -0.2012405 0.0015529
-0.2530008 0.3170532 -0.0111971 0.3895196 -0.0686314 0.5455799 0.2462930 0.1632864 0.6850810 0.7254335 0.2328475 0.4413583 -0.0243231 0.0000000 0.6666362 -0.1644775 0.6684830 0.7528348 0.0332639 -0.0778570 0.4460150 0.0409090 0.1302800 0.7871678 0.1392516 0.1529911 0.7044120 0.3077735 0.5621451 0.3896100 -0.0729885 0.1045633 0.2335958 0.6305633 0.3123913 0.4934162 0.3054280 0.1190075 0.5231623 0.3768615 0.1067279 0.5536910 0.6602725 0.1761507 0.5837482 0.3270456 0.2421390 -0.0160174 0.1609559 0.3139040 0.4760473 0.5183214 0.4366298 0.4344970 0.3132268 0.4781387 0.1987985 0.2650944 0.4257071 0.5434226 0.4984478 0.5909637 0.5067212 0.5722664 0.3513171 -0.1663630 0.6244145 0.2209779 0.1629827 0.5150717 0.0330540 0.5385779 0.2961649 0.5823972 -0.1501486 0.2826264 0.3741581 -0.1549782 0.2627771 0.1828195 -0.0186561 -0.0498984 -0.5565203 -0.6851477 -0.6116060 -0.7314556 -0.6566983 -0.1486729 -0.7228478 -0.6791819 -0.5314407 -0.2333848 -0.4886875 0.0314321 -0.5622526 -0.4614518 -0.2918811 -0.5502370 -0.3979639 0.0661614 -0.3437031 -0.5882682 -0.6950255 0.2993133 -0.3762475 -0.5072487 -0.8180170 -0.7355623 -0.4983785 -0.6034735 -0.4450789 -0.5014099 -0.6403569 -0.6611543 -0.4655514 -0.4666133 -0.5436014 -0.4954319 -0.5552345 -0.1373715 -0.4127564 -0.4782235 -0.4965217 -0.5131600 -0.2081872 0.2626731 -0.4427133 -0.3692178 0.1323581 -0.4243299 -0.1829547 -0.4006986 -0.3202028 -0.1875328 -0.4319702 -0.0850006 -0.1603470 -0.0114576 0.1701007 0.1643887 0.0940289 0.0427704 -0.4482284 0.0335946 -0.0661008 -0.2677921 0.0417622 0.1885292 0.0569778 -0.0102702 0.1176921 -0.1024092 -0.0515196 0.0455172 0.0241267 -0.1787159 -0.3234361 0.0221908 -0.3099136 -0.0863966 -0.2563879 -0.1579975 -0.3341595 -0.2498735 -0.2298077 -0.0979622 -0.0276091 0.1258237 -0.3678993 -0.3240147 0.0248071 -0.1566986 0.3639608 0.6095923 0.6677225 0.6466712 0.4972630 0.5446608 0.4175529 0.2902119 0.4209368 0.3135373 0.2754080 0.2250585 0.3526625 0.4400750 0.4324959 0.4386552 0.2987630 0.2081125 0.1119926 0.1369798 0.3946003 0.4213692 0.4259418 0.4957486 0.3297485 0.4616605 0.0176812 0.2031521 -0.2902744 0.1408620 -0.2685394 0.2139057 -0.1954727 0.4902741 0.2220088 0.1845492 -0.2341811 0.2220664 -0.2161219 0.4975669 -0.2915377 0.6164740 0.4468771 -0.2766233 -0.2018708 -0.1299079
-0.2743011 0.1695877 -0.0610180 0.2843132 -0.2039816 0.5371479 0.6152696 0.0323741 0.8261936 0.7421774 0.2318979 0.4606258 -0.1118534 0.6666362 0.0000000 -0.2189713 0.3705124 0.6539694 0.0082614 0.0961726 0.5552801 0.0362936 0.2413892 0.7958990 0.0546379 -0.0121495 0.4070222 0.3385597 0.6997616 0.2609938 0.0062666 -0.0641866 0.3323839 0.7281861 0.2267585 0.5751041 0.1487202 -0.0853252 0.4494537 0.3840960 -0.0475489 0.6196638 0.5095903 0.4454769 0.6173661 0.1625869 0.1564861 -0.0132285 0.3281286 0.2427511 0.3546260 0.4082181 0.4983816 0.3798775 -0.0513640 0.2695093 0.2016521 0.4047233 0.4157083 0.4458959 0.4741394 0.4023703 0.2925025 0.5180774 0.2480103 0.0040476 0.4876305 0.1046591 0.1671039 0.4122020 0.1109315 0.3926249 0.1642261 0.3920989 -0.1282913 0.0520941 0.1640822 -0.1445660 0.1500029 -0.0206932 -0.0722574 -0.3297661 -0.3283981 -0.3026402 -0.1553653 -0.3688157 -0.4033906 0.1284188 -0.2912032 -0.3193676 -0.2605479 -0.1000373 -0.3028675 0.0351383 -0.0604523 -0.0460770 -0.1903135 -0.2562135 -0.0228470 -0.0382302 -0.1772386 -0.4000543 -0.2462801 0.0547496 -0.2090406 -0.1406371 -0.3581757 -0.2144774 -0.3570568 -0.1165299 -0.1462569 -0.3686190 -0.1051581 -0.1257367 -0.0376503 0.0981055 0.0118513 0.0311789 -0.0308362 0.1665769 0.0519416 0.0458707 -0.6067389 -0.2059342 0.0653423 0.2950348 -0.0724877 -0.4396791 0.0638552 -0.0371153 0.0668165 -0.4186489 0.0206759 -0.0787931 -0.2426004 -0.1726166 0.0683827 0.0226910 0.2132662 0.0998586 -0.0244053 -0.0266522 -0.3183043 -0.1392948 -0.0011626 -0.2142946 0.0241805 0.1320492 0.1090468 0.0439116 -0.0641630 -0.2039094 -0.0205242 0.0568934 0.1320886 -0.2618668 -0.2924488 0.0177713 -0.2049006 -0.1400091 -0.0157508 0.0560404 -0.4031314 -0.3143455 0.0050533 -0.1734590 -0.0306551 0.1773745 -0.2818566 -0.0905280 0.1618286 0.0282838 -0.0378817 0.1883359 0.5710757 0.4602009 0.3151888 0.2919190 0.3465698 0.2554326 0.1040941 0.4102317 0.3491679 0.3483591 0.2952098 0.2788622 0.3248151 0.2191279 0.0799624 -0.0654015 0.1559245 -0.0131032 0.1295060 0.0603399 0.2546932 0.2282609 0.2423258 0.1199618 -0.1563138 0.2212431 -0.2886063 0.0290329 -0.3188014 0.1212134 -0.3304287 0.3453078 0.0385483 -0.1526965 -0.3636638 0.0451065 -0.3272850 0.4362412 -0.4053627 0.5081486 0.4249857 -0.3607741 0.1251579 0.1828643
-0.2699893 0.1314452 0.1890358 0.3863332 0.4655289 0.2805394 0.2333349 0.6120604 -0.0035849 0.0644355 0.5577753 0.4371962 0.6772393 -0.1644775 -0.2189713 0.0000000 0.4459560 -0.3742113 0.7728163 -0.2184402 0.2930799 0.4060942 0.4121749 -0.2877462 0.7764684 0.6525048 -0.1460202 -0.5479865 0.1758246 -0.1869251 0.1709595 0.7789247 -0.2363932 -0.0703161 0.4660999 0.0785059 0.5643691 0.7120489 -0.1704851 -0.1299936 -0.0361390 0.0762010 0.0429660 -0.2207990 -0.0370337 0.6108808 0.5431626 0.1631001 -0.0745380 0.2103641 0.3155110 0.0475218 0.0903982 0.3311887 0.5237429 0.5809185 0.5607572 0.1134729 0.3555885 0.2584128 0.2000675 0.2269812 0.3878223 0.2320844 0.3854626 0.5403848 0.2569431 0.6209682 0.5347673 0.4492513 0.6488196 0.3926085 0.6896735 0.2910212 0.8186882 0.4992851 0.4551207 0.7926007 0.4334897 0.3476883 0.6363968 0.1221746 0.2020104 0.0170146 -0.0579471 0.0906739 0.0184924 -0.3029274 0.0711412 -0.0690667 0.0436547 -0.0712875 0.3171790 -0.3192718 0.0149540 -0.0240611 -0.0316341 0.4417713 0.0070475 -0.1554049 -0.0864882 0.3347897 0.3601726 -0.1864555 0.0817313 0.1266498 0.2941468 0.2374709 0.2324102 0.1728417 0.0951679 0.6033667 0.0123825 0.0661579 0.1296832 -0.0078034 0.0756127 0.1247579 0.1075063 0.0485875 0.0764349 0.0961022 0.1365628 0.2881215 0.1401797 0.0800589 0.2318967 0.0437180 0.1998303 0.7149819 0.4028085 0.2975146 0.4318233 0.7918976 -0.0447952 0.2409613 0.3368542 0.0776465 0.0868769 0.2117697 0.0698963 0.0479060 0.1392776 0.1309852 0.2928619 0.2998736 0.0823415 0.0125358 0.0419810 -0.0561530 -0.0519116 0.2358860 0.1158942 0.0187466 -0.1174382 0.2053851 -0.2253464 0.0860029 -0.2519025 -0.2637047 -0.1224752 -0.1211844 0.2161957 -0.2497976 -0.1008419 0.1737530 0.0589742 -0.0411434 0.0111189 -0.0438979 -0.0608571 -0.0514320 -0.0118036 0.0692254 -0.0308682 0.1626388 0.3296627 0.0184640 0.2522199 0.1179173 -0.0054546 -0.0460808 0.3388232 0.1559406 0.4460355 0.3277597 0.4009964 0.4752399 0.5158505 0.5322932 -0.0864484 0.4612697 0.2122815 0.0957122 0.2375513 0.1663429 -0.2796740 -0.1489394 0.4475699 -0.1531119 -0.1843539 -0.4617385 0.3023525 0.3912043 -0.3319069 0.2238412 -0.1846754 0.1121950 -0.1880544 -0.2959694 0.2734238 0.1242235 0.0078299 0.0175528 0.0771925 0.0780270 -0.1159139 0.2064353
-0.2647944 0.5117055 0.2398092 0.7572715 0.2791974 0.7704130 0.4427155 0.6803163 0.6136237 0.7324314 0.6733999 0.7275729 0.5391217 0.6684830 0.3705124 0.4459560 0.0000000 0.3550961 0.3913252 -0.0354059 0.6923234 0.2396395 0.3818140 0.3924809 0.4883616 0.3946181 0.5434431 -0.2629174 0.6623525 -0.0311180 0.2504185 0.4941260 0.0965757 0.5322813 0.5944156 0.5457254 0.5914081 0.5304901 0.2865183 0.1399910 -0.0724408 0.5345329 0.6483945 0.1146116 0.4251819 0.5680189 0.6039839 -0.0928456 0.1685282 0.3238885 0.6391160 0.5345217 0.5806087 0.7435045 0.5935688 0.7325653 0.4882453 0.4461794 0.4428662 0.6649158 0.5080656 0.6843856 0.7282774 0.7768151 0.7455433 0.1406690 0.6482604 0.5400455 0.4859304 0.7639780 0.2603941 0.8729058 0.6574702 0.8151439 0.3270910 0.6832413 0.7517435 0.2515086 0.6108484 0.5155847 0.4383191 -0.1715826 -0.5376037 -0.7030740 -0.6854822 -0.6440308 -0.5438324 -0.5896631 -0.6645031 -0.7548306 -0.5978172 -0.4247178 -0.3963494 -0.3895519 -0.6137169 -0.6012364 -0.5494044 -0.3461511 -0.6063853 -0.3226259 -0.6516361 -0.4378841 -0.4095469 -0.1646728 -0.5273906 -0.5916715 -0.5005545 -0.4980661 -0.3574526 -0.3771303 -0.5738344 -0.0978701 -0.4609086 -0.5204464 -0.2891816 -0.4122360 -0.4863885 -0.3405568 -0.4514825 -0.3007687 -0.4686666 -0.4125145 -0.3851518 -0.3788371 -0.1877983 0.2649936 -0.2890736 -0.5940609 0.1374370 0.0565110 -0.1218373 -0.2617285 -0.1916866 0.2845920 -0.7297581 -0.2704997 -0.2055653 -0.1627458 -0.0212735 0.2806252 -0.1911347 -0.1146047 -0.4981191 -0.1440994 -0.1481452 -0.4230061 -0.2004193 -0.0785220 -0.1626426 -0.2635616 -0.0599575 -0.2396912 -0.2707140 -0.2660297 -0.3504258 -0.3076433 -0.7143249 -0.2722979 -0.7086220 -0.3661751 -0.5780017 -0.4912883 -0.4708705 -0.5573637 -0.5920852 -0.3377463 -0.3467389 -0.1344276 -0.6253584 -0.6047871 -0.3022560 -0.4974095 0.2758959 0.4897865 0.4996314 0.7839558 0.7664525 0.4251650 0.5457460 0.1573639 0.1184426 0.0839037 0.2642221 0.1107820 0.5040869 0.7463987 0.6337463 0.7526395 0.7127800 0.6834786 -0.1039432 0.5156719 0.4180289 0.4035166 0.4920046 0.5708804 0.0231647 0.3460508 0.3732563 0.0589129 -0.1547273 -0.0159357 0.0530795 0.5671223 -0.4055981 0.5255135 -0.0875530 0.3197808 -0.1202089 0.1782310 0.0318808 0.7000988 -0.1419506 0.6505053 0.5576449 -0.0651563 -0.1868135 -0.0820613
