0.0000000 0.6285035 0.6774962 0.4948309 0.6310653 0.6069366 0.3771075 0.2743353 0.4887228 0.3440854 -0.2080019 0.3101647 0.1317681 0.4825039 0.1493106 -0.4652759 0.1438521 0.3626539 -0.4919809 0.6846118 -0.1380984 -0.2089249 -0.1971997 -0.1378191 -0.4671565 -0.4541758 0.3068967 0.1002550 -0.1634092 0.2868075 0.1142081 -0.4997538 -0.1413600 0.0548424 -0.1957101 -0.1937076 -0.3899144 -0.4650756 0.4025784 0.0547784 -0.0758900 -0.1587115 0.3896060 -0.1788748 -0.0616078 -0.3625851 -0.1719188 -0.2938534 0.0247484 -0.5086977 0.1128183 0.6189238 0.2252147 0.1162488 -0.3133751 -0.2784338 -0.2076588 0.0620376 0.0027299 0.1274476 -0.0533859 0.1935538 -0.2660634 0.3048143 0.2580546 -0.2114306 -0.2320755 -0.4342828 -0.2988975 -0.2453108 -0.3643756 0.2003398 -0.5238264 0.1665941 -0.3957890 -0.5106751 -0.2023734 -0.4814775 -0.4578338 0.2114717 -0.3224999 0.2766401 0.0521167 0.4479320 0.2940637 0.5437405 0.0843466 0.0637098 0.6506998 0.4173528 -0.0284622 -0.1440803 -0.0212245 -0.0693346 0.1179009 -0.1688313 -0.2300219 -0.0851214 -0.0646404 -0.0744101 -0.0353722 -0.1521696 0.0330461 -0.3443450 -0.2707277 -0.2656132 0.2656292 -0.1325562 0.0404188 0.4155144 -0.1025552 0.1597708 -0.1642014 -0.0488412 0.2442847 0.2241360 0.2170938 0.2592746 0.1064176 0.4051454 -0.0987437 -0.3052078 -0.2529079 -0.3963051 0.5998290 0.0941624 -0.3844245 -0.2422722 0.4022756 -0.2622583 0.2706485 -0.0901125 -0.0325769 -0.1202673 0.1386478 -0.1568074 0.2094738 0.3380126 0.1933055 0.0146167 -0.2292958 0.0032867 -0.0504947 -0.0349459 0.3435463 -0.3281244 0.0464442 -0.1730881 -0.0357609 -0.2224754 -0.2593932 -0.0338106 0.0431102 -0.1611902 -0.4152091 0.1260164 0.0747131 -0.1539807 0.0738875 -0.2313568 -0.4049752 -0.0629122 0.2094487 0.3037412 -0.2113798 0.0420563 -0.0564101 0.0707543 0.3210441 0.1780716 -0.0452486 0.1897547 -0.1549060 -0.1483161 0.3795540 0.3514498 0.1418031 0.3335705 -0.1908219 -0.1456368 -0.1232648 -0.1173430 -0.0913928 0.0006898 0.1364203 0.0217149 0.1794642 0.0510630 0.0098558 -0.0594047 0.0501468 -0.0026796 0.0584802 -0.0409641 0.0792002 -0.0089893 -0.0948139 0.3297214 0.2191219 -0.0404434 -0.1725706 0.0162797 0.1158399 0.0960707 0.7682442 0.4786486 0.3701293 0.5920855 -0.1565839 0.3757032 0.0721812 -0.0327811 0.5420982 0.7572495 0.3884117 0.3476276 0.3809849 0.2618843
0.6285035 0.0000000 0.7487374 0.1935567 0.6655369 0.5233451 0.6592563 0.3508819 0.2357733 0.5008912 -0.0577499 0.4340816 0.1576558 0.3583065 0.1201986 -0.3225480 0.1546085 0.0533491 -0.3181982 0.6505893 0.3075126 -0.1526405 -0.1414835 -0.0086874 -0.3170772 -0.2959892 0.4891719 0.1108859 -0.1260852 0.2769239 -0.0241410 -0.2737628 -0.2161085 0.1244944 -0.2215380 0.2667688 -0.1774075 -0.2783622 0.2988654 0.0925658 -0.0893222 0.2241490 0.3041003 -0.0259809 0.1937023 -0.1725874 -0.1063945 -0.1404010 0.0839379 -0.1177631 0.0202981 0.4944047 0.1400555 0.2437878 -0.0515218 -0.0390585 -0.0640149 0.1949233 0.2966670 0.0533486 0.2790436 0.0336930 -0.1349304 0.3145773 0.2676316 -0.1067277 -0.1990513 -0.2029772 -0.2762925 -0.1941978 -0.2184486 0.2284534 -0.3403160 0.1515673 -0.2955694 -0.2365521 -0.0862029 -0.3207555 -0.2354035 0.2617031 -0.1840412 0.1279314 -0.0666485 -0.0101358 0.1535419 0.1295982 -0.1919129 0.0539218 0.2773384 0.2394069 -0.3083566 -0.3003703 -0.1612578 0.0755524 -0.3575265 -0.4257884 -0.4035415 -0.2304151 -0.3794003 0.2954063 -0.0071974 -0.2846021 -0.2759235 -0.3218050 -0.4512503 -0.5295176 0.1546435 -0.4775629 -0.1274271 0.1486660 -0.2566323 0.1688119 0.1054063 -0.2005567 -0.1723996 -0.0823735 -0.1393055 -0.0904836 -0.3213699 0.0901163 -0.4551143 -0.6136450 -0.4406230 -0.5921195 0.1213159 0.1214783 -0.6630895 -0.5020757 0.2679382 -0.6507965 -0.1474051 -0.4245088 -0.3998448 -0.1557031 -0.2416419 -0.4065826 -0.0453433 0.2352247 0.0024585 0.2075658 -0.4710164 -0.1183943 -0.3550369 0.0439863 0.2083069 -0.5450126 -0.1344621 -0.3829067 -0.2937591 -0.3011021 0.0165411 -0.0937918 -0.2462999 -0.4353291 -0.6105699 -0.2704501 -0.2395587 -0.4209274 -0.3004345 -0.2852656 -0.6177115 -0.3386164 -0.1143830 0.0192038 -0.4736553 -0.3165422 -0.3383713 -0.2460443 -0.0890663 -0.1961382 -0.3482734 -0.1375024 0.3920435 0.1285163 0.6186051 0.2732858 0.1022008 0.1369924 0.2701401 0.1968819 0.2491890 0.4117230 0.3577937 0.5793701 0.5110975 0.3014670 0.4911159 0.1290247 0.0126135 0.1001936 0.1601703 0.0295323 0.0240379 -0.0320982 0.1160000 0.0495068 0.0938086 0.2429176 0.2973905 0.1243011 0.0546572 0.0005250 -0.0636401 0.1277090 0.4317051 0.4255318 0.3420465 0.3321453 0.1186182 0.3228119 -0.1027544 -0.0872683 0.2631717 0.5878923 0.6462058 -0.0024385 0.4679933 0.3313936
0.6774962 0.7487374 0.0000000 0.4100830 0.8736015 0.5641829 0.2981975 0.6055924 0.2551577 0.4833346 -0.0929945 0.3419358 0.3779757 0.4414675 0.3157742 -0.4698217 0.0429837 0.2099751 -0.4179495 0.8060631 0.2335058 -0.1765034 -0.2863276 -0.0240894 -0.4184313 -0.4441964 0.4645739 0.3204056 -0.2355229 0.5685074 0.1062008 -0.3529273 -0.1153776 0.0357825 -0.3430918 0.0074174 -0.3371668 -0.2820989 0.4888135 0.2047463 0.0574861 -0.1439467 0.2400047 -0.0270768 -0.2804370 -0.3094943 -0.2770295 -0.0908238 0.0875314 -0.1658260 -0.1442651 0.5259615 -0.0535413 0.0598495 -0.1413755 -0.1850994 -0.2534872 0.0580850 -0.1904602 -0.1371079 -0.2284095 -0.1112003 -0.1653003 0.3680947 0.2100617 -0.2658118 -0.4087500 -0.4778370 -0.3709544 -0.3575946 -0.4318105 0.2874771 -0.4879995 0.2333372 -0.4489129 -0.3999440 -0.0643722 -0.5117327 -0.3643536 0.1606756 -0.3890593 0.2243952 0.2075527 0.0148586 0.0771993 0.2883176 0.0446190 0.0711795 0.2642175 0.1282640 -0.2793432 -0.1849249 -0.0815353 0.0137137 -0.3687402 -0.1813301 -0.1956638 -0.1841976 -0.2808731 0.1645529 -0.1792033 -0.2415511 0.0336843 -0.2469170 -0.2607035 -0.3850552 0.2258423 -0.2038785 -0.1090821 0.1238941 -0.2157179 0.0638827 0.0365178 0.0120534 0.0746089 0.0231797 0.0248331 0.0917282 -0.0689892 0.0706055 -0.1965834 -0.3050865 -0.1879901 -0.3774786 0.0935368 -0.1241365 -0.3685017 -0.1998625 0.0642421 -0.3884380 -0.0320266 -0.0655749 -0.1808118 -0.0600706 -0.0270451 -0.1533119 0.0204739 0.0279552 -0.0063078 -0.1230262 -0.2526343 -0.1734128 -0.0767775 -0.1283822 0.1094299 -0.3438841 -0.0839689 -0.2847824 -0.0786635 -0.2194244 -0.2861122 -0.1521496 -0.0688474 -0.1813535 -0.3577053 -0.1947828 -0.0219343 -0.2008001 -0.0387263 -0.3232740 -0.3375808 -0.1422295 0.0655336 0.1069034 -0.1770175 -0.0516206 -0.0354248 0.0367487 0.2448214 0.0393153 -0.0341091 0.1533890 0.0618535 -0.3100808 0.2225060 0.0254320 0.0947217 0.0572631 0.2478876 0.0702536 0.0013535 0.1309422 -0.0964590 0.1787427 -0.0192677 -0.0366120 0.0728054 0.1114056 0.0766658 -0.0408426 -0.1080196 0.0416676 0.0153244 -0.3642917 -0.2080158 -0.2914857 -0.2016504 0.1257711 0.0165382 -0.1861677 0.1281347 0.2191724 0.2031366 0.1507433 0.6496875 0.2062931 0.0304252 0.1062564 0.1541271 0.4221517 0.2065120 -0.2052356 0.5833115 0.5329528 0.2315371 0.0166890 0.4269089 0.4286677
0.4948309 0.1935567 0.4100830 0.0000000 0.3313463 0.8857285 -0.1848450 0.6048749 0.8630446 0.6607948 0.4580181 0.6144483 0.3927444 0.8235235 0.6146062 0.1487661 0.6353731 0.7703020 0.1300149 0.2448691 -0.1021483 0.1313733 0.3311736 0.3120718 0.0686561 0.0573888 0.5297082 0.1641639 0.5251532 0.0624730 0.2483877 0.0044034 0.2477309 0.3075725 0.1091184 -0.1558779 -0.0140679 0.0153057 0.2770592 -0.0088463 0.0919070 -0.1255040 0.3775095 0.0084068 -0.0106654 0.1290614 0.1799859 -0.0014186 0.4936630 -0.2011204 0.1309805 0.3516157 0.5602789 0.1877520 -0.1200490 0.0520720 0.1530767 0.3894045 -0.0003087 0.1301221 0.0306940 0.2252847 -0.0809466 0.5004416 0.4707042 0.1469293 0.0124083 -0.1193777 0.0491361 0.2256033 0.0370047 0.4264893 -0.0087666 0.2632739 -0.0364190 -0.0308922 -0.0423103 0.0172015 0.0864047 -0.3436465 0.0300504 -0.0721450 -0.0101639 0.3680860 0.2533784 0.0586620 -0.2756202 0.2713690 0.1047404 0.2016021 -0.4313683 -0.5951055 -0.5658919 0.2417732 -0.1695306 -0.4856516 -0.5777556 -0.5667375 0.0449592 0.2096896 -0.2863607 -0.3767424 0.0276127 0.1603310 -0.5561123 -0.2432190 -0.3993898 -0.0661484 -0.4958526 -0.3181818 -0.2312799 -0.5657485 -0.4139017 -0.2793740 -0.0200293 -0.0692624 -0.0306443 0.0250254 0.0689483 -0.0099185 -0.1122538 -0.1741810 -0.5774374 -0.1239592 0.3401616 -0.0715886 -0.2145464 -0.4775200 0.0292616 -0.0835844 0.0709105 -0.4384391 -0.2658741 -0.4408609 -0.3303748 -0.4492436 -0.1208131 -0.0455597 -0.2603634 -0.5050903 -0.3682942 -0.4021514 -0.3129801 -0.3771079 0.0791227 -0.3615649 -0.2130790 -0.3363217 -0.3357292 -0.4729994 -0.4985404 -0.1429004 -0.1487529 -0.3304769 -0.2758392 0.0531765 -0.1485278 -0.2318071 -0.2862016 -0.2410917 -0.2683728 -0.1241313 -0.0122183 0.0638217 -0.2289338 -0.0764296 -0.2707939 -0.3536019 -0.0177830 -0.0322647 -0.3061905 -0.3219684 -0.3439635 -0.1192933 0.4080486 0.5562969 0.5480387 0.1532550 -0.2700540 -0.4890602 -0.4909701 -0.4660138 -0.0334262 -0.3576536 -0.2344822 -0.1719257 -0.3382528 -0.4769340 -0.0439209 -0.1409257 -0.2486612 0.0887151 0.1523318 -0.2399942 -0.1965186 -0.4294719 -0.3106481 0.0865465 -0.0858087 -0.2721620 -0.2359820 -0.0958500 -0.2696740 -0.3278976 0.5203913 0.1981126 -0.1508113 0.2731133 -0.3245915 0.1921285 -0.2413212 -0.5262843 0.2883292 0.2598922 -0.1035445 -0.0472623 0.5027713 0.5686872
0.6310653 0.6655369 0.8736015 0.3313463 0.0000000 0.4897435 0.2896127 0.6728152 0.1940782 0.3714475 -0.0008008 0.1947532 0.6238536 0.2649159 -0.0187995 -0.2965998 0.0763010 0.0469632 -0.2448067 0.7922789 0.0442522 0.1380516 -0.1429463 -0.1460000 -0.2087442 -0.2456749 0.3916381 0.0901977 -0.2447593 0.2565677 0.4247717 -0.0993451 -0.2067976 -0.1231210 -0.1499754 -0.0271533 -0.1444903 -0.0344480 0.3774732 0.1067634 0.3933800 -0.0879117 0.3119509 -0.1583456 -0.1912563 -0.1013213 -0.1066175 0.2210515 -0.0444340 -0.0077361 -0.0387277 0.4728150 -0.0931333 0.1193020 0.1387397 0.0610195 -0.0772656 0.0774265 -0.0546706 -0.0430423 -0.1360409 -0.0218946 0.1575089 0.1936741 0.2088950 -0.0182100 -0.2616437 -0.3445099 -0.0417074 -0.2016665 -0.2378289 0.1395459 -0.2909368 0.1882010 -0.1435242 -0.2116067 -0.0385724 -0.2667480 -0.1321614 0.1467678 -0.1280660 0.1380503 0.0970777 0.1705284 0.0649214 0.3415184 0.0170835 0.0717779 0.3297421 0.2130627 -0.1872121 -0.0993001 0.0453605 0.0790836 -0.2898949 -0.0904449 -0.0916803 -0.0594800 -0.0346625 0.1272168 0.0594386 -0.0827058 0.1452818 -0.0739472 -0.1219323 -0.2500801 0.3778346 -0.0764813 -0.0012949 0.2664514 -0.0236432 0.2578194 -0.0604949 -0.0605053 0.2637932 0.1258691 0.1280199 0.2759264 0.0475033 0.1864381 -0.1611948 -0.2461052 -0.2127719 -0.3193703 0.0791188 -0.1064752 -0.3200021 -0.1767289 0.0598741 -0.2836538 -0.0137019 -0.0903094 -0.1947227 -0.0849069 0.1181196 -0.1068069 -0.0031350 0.1031812 -0.0052850 -0.1342957 -0.1355313 -0.0611564 -0.0732263 -0.1604630 0.0715599 -0.2487985 -0.0265871 -0.2115726 -0.1195941 -0.1132406 -0.1474759 -0.0841222 0.0227864 -0.1704763 -0.3006713 -0.0876531 0.1707586 -0.1352569 -0.0054839 -0.0952914 -0.3122810 -0.0068283 0.0408866 0.3149908 -0.1443875 0.0193705 -0.0535190 -0.0656505 0.3560439 0.1477434 -0.0619201 0.1016638 -0.0837439 -0.3946966 0.2866095 0.1071768 0.1153740 0.2847061 0.0997213 0.0334445 0.1344158 0.0592796 -0.0519181 0.1002395 0.0548033 0.0972124 0.1626836 0.2325938 0.1584873 -0.0103601 -0.0017560 -0.0180523 -0.0430449 -0.3707524 -0.1882118 -0.2952474 -0.2017339 0.0605950 0.1923926 -0.1370091 -0.1720525 -0.0864190 -0.0169865 -0.0786563 0.6682633 0.2457184 -0.0771769 0.1672943 -0.1128917 0.1222084 0.0096150 -0.3440696 0.6163677 0.4268380 0.1519865 -0.0298927 0.1591607 0.1988677
0.6069366 0.5233451 0.5641829 0.8857285 0.4897435 0.0000000 0.1622202 0.6717429 0.8188794 0.8671545 0.5132170 0.7639572 0.4294761 0.7934261 0.5896170 0.1179640 0.7157870 0.6176814 0.0652600 0.4781311 0.0873358 0.1431351 0.3804083 0.1652613 0.0047146 0.0631549 0.6786637 0.0347059 0.4540522 0.0491333 0.2699253 0.0064011 0.0122776 0.2449012 0.2045644 0.0238424 0.0817569 0.0076937 0.2359922 -0.0926055 0.1018963 0.0261738 0.5464239 -0.1249824 0.0905798 0.1784324 0.2937112 0.0471119 0.4029462 -0.1337897 0.3249747 0.4747681 0.5754473 0.2429424 0.0447750 0.1954471 0.2794493 0.5163249 0.2121840 0.3433324 0.2236653 0.2791836 0.0321754 0.6518262 0.6473442 0.2248382 0.0730169 -0.0695465 0.0910436 0.2649158 0.0500141 0.5626715 -0.0642999 0.4144905 -0.0164944 -0.0095999 0.1029758 -0.0130195 0.0637732 -0.0596795 0.0701194 -0.1737155 -0.2498796 0.1816827 0.1896221 -0.0631382 -0.4760682 0.0876656 0.0615224 0.0931017 -0.5645607 -0.6886514 -0.5887433 0.0994506 -0.3785451 -0.6067143 -0.7173624 -0.6198746 -0.2212868 0.1920932 -0.3362769 -0.5518158 -0.2436619 -0.1213837 -0.6883848 -0.4181442 -0.3003425 -0.2875418 -0.5432880 -0.2048008 -0.3745219 -0.4356858 -0.3347043 -0.3359811 -0.0635524 -0.0631050 -0.0561745 -0.0062135 -0.0596376 0.0080021 -0.3206038 -0.4218312 -0.7551888 -0.3802670 0.2916489 -0.0181272 -0.4520128 -0.6689614 0.1145457 -0.2911427 -0.0114035 -0.5577779 -0.3835483 -0.3325413 -0.4109646 -0.5713187 -0.1242706 0.1061800 -0.2004421 -0.2736231 -0.5066065 -0.3094949 -0.4201592 -0.2270658 0.1527476 -0.5550770 -0.2001237 -0.4125356 -0.4463277 -0.4818243 -0.3503092 -0.1191740 -0.2219143 -0.5047382 -0.4708043 -0.0024936 -0.2290298 -0.3688714 -0.3788700 -0.3416902 -0.5099501 -0.2933677 -0.0837624 0.0729606 -0.4333266 -0.1968014 -0.4466280 -0.4863507 -0.1218155 -0.1943039 -0.4461025 -0.3797134 -0.0881306 -0.0612058 0.5598903 0.5656126 0.5514668 0.3130509 -0.0942996 -0.3211813 -0.3103888 -0.2058827 0.1502651 -0.0458200 0.0429066 0.1028274 0.0058088 -0.2449813 0.0612693 0.0665856 -0.1546734 0.2182602 0.2143733 -0.2126405 -0.1200126 -0.3102675 -0.1937909 0.2382374 0.2065427 -0.1450147 -0.1734515 -0.0894074 -0.2903442 -0.1975862 0.4841956 0.3390665 0.0881409 0.4256677 -0.2478342 0.3911189 -0.2520637 -0.4110615 0.2587328 0.3943717 0.2324179 0.0320336 0.6177288 0.5836869
0.3771075 0.6592563 0.2981975 -0.1848450 0.2896127 0.1622202 0.0000000 0.0866114 -0.1762037 0.3300288 -0.0590015 0.3327739 -0.0903774 -0.0176766 -0.2848541 -0.1860129 0.0729372 -0.3697075 -0.2637896 0.5041171 0.4470778 -0.1302052 -0.0295119 -0.5012345 -0.2858716 -0.1775295 0.1711797 -0.3152554 -0.2242389 -0.0720603 -0.0529290 -0.2973015 -0.6002564 -0.1447994 -0.0338089 0.3621281 -0.0622871 -0.2833409 -0.1151848 -0.2935025 -0.1393965 0.3172139 0.3267885 -0.4025900 0.3162793 -0.1687132 0.0255894 -0.1973429 -0.4261752 0.0195106 0.2682199 0.2456555 -0.0365944 -0.0683342 0.0034584 -0.0177876 0.0160732 -0.0410635 0.4868836 0.2893228 0.4284639 -0.0252583 -0.1400988 0.1176656 -0.0467969 -0.1152034 0.0201380 -0.0201515 -0.2212604 -0.1067795 -0.1468120 0.1985674 -0.3255011 0.0246403 -0.1769077 -0.2250354 -0.0113889 -0.3049264 -0.3123111 0.3602198 -0.2631818 0.3009649 0.0502380 0.1031188 0.4917656 0.2573322 0.0646027 0.1945188 0.4657323 0.3718828 -0.0323874 -0.0505505 0.0432671 0.1743111 -0.0264817 -0.3187286 -0.3026256 0.0460758 -0.4562404 0.3620149 -0.0344668 -0.1936006 -0.3604402 -0.3432092 -0.3287654 -0.5401813 0.2533102 -0.3854991 -0.0533910 0.2521366 -0.3581794 0.2633035 0.0679516 -0.1725590 -0.3094831 -0.2223975 -0.2695599 -0.1947441 -0.4245868 -0.0019377 -0.3578158 -0.5279319 -0.2644416 -0.4462650 -0.0114593 0.0862382 -0.5164793 -0.4138855 0.1077587 -0.4943605 -0.2790481 -0.2341474 -0.4161558 0.0543104 -0.2985211 -0.3468575 -0.1825829 0.1537796 -0.1641566 0.5418827 -0.5304474 0.0209924 -0.3793162 0.2552862 0.0519658 -0.6160470 -0.2810735 -0.4592255 -0.4360891 -0.1792849 0.2049395 -0.0183238 -0.3928958 -0.5481338 -0.6134358 -0.1238986 -0.3557322 -0.5009380 -0.3274168 -0.3445924 -0.6446482 -0.5810964 -0.3677226 -0.1109590 -0.6170960 -0.4991221 -0.4502696 -0.2993055 -0.2781494 -0.4960475 -0.4701754 -0.2322750 0.4817263 0.2379121 0.4218723 0.1804102 -0.0137700 0.3839989 0.3859755 0.3809245 0.4532891 0.5295987 0.3725248 0.5960476 0.7004635 0.2357677 0.6412871 0.1575232 -0.2380819 0.1344786 0.1261987 0.0779444 -0.1076377 0.2159774 0.2195084 0.4227654 0.3008023 0.0902196 0.2516467 0.2034250 0.2766765 0.0318600 0.0804711 0.4458061 0.2975395 0.2333484 0.6251676 0.4701788 0.3421996 0.3053906 -0.0437795 0.3207234 0.1046970 0.5034172 0.7122540 0.4914680 0.4213657 0.0906584
0.2743353 0.3508819 0.6055924 0.6048749 0.6728152 0.6717429 0.0866114 0.0000000 0.3960181 0.6579424 0.5924906 0.5634266 0.8832258 0.4593319 0.3602529 0.2650194 0.4306520 0.2739064 0.3051223 0.6327019 0.3039262 0.5225573 0.2982938 -0.0860871 0.2524050 0.2224991 0.5090099 -0.0874144 0.2923874 0.1189045 0.6706739 0.3071149 -0.2099839 -0.1481125 0.1792932 0.2894177 0.2020369 0.4188984 0.0208352 -0.2172414 0.6123415 0.1767610 0.2786020 -0.2877243 -0.0831635 0.2716238 0.2176267 0.5264517 0.1252107 0.4216206 0.1012973 0.0699802 0.1377457 0.0198157 0.3859377 0.3324388 0.2548784 0.3830907 0.1524524 0.1552473 0.1088673 0.0912649 0.3998462 0.5004956 0.4812435 0.2888439 0.1873543 0.1623121 0.2990716 0.3770138 0.2064462 0.6044125 0.1964388 0.5118278 0.2519268 0.3262156 0.3906082 0.1869729 0.3421636 0.0044600 0.2459252 -0.1194807 0.0136967 0.1330068 0.2140418 -0.0990832 -0.1887522 0.2397992 -0.0740398 0.0813464 -0.4645002 -0.4167214 -0.2849466 0.2930034 -0.3998248 -0.2203626 -0.3603091 -0.3324563 -0.0440510 0.3636720 -0.1409905 -0.3943107 0.0470999 0.0688133 -0.3359145 -0.1549662 -0.0512572 0.0287697 -0.4031503 -0.2000436 -0.1283791 -0.2996241 -0.3331854 -0.1992491 -0.0360025 -0.1712679 -0.0735298 0.0838752 -0.0220772 -0.1951130 -0.1514727 -0.1319656 -0.3941905 -0.1536564 -0.1868945 -0.3219338 -0.1527793 -0.3544858 -0.3958623 -0.1524292 -0.3416092 -0.3225172 -0.4234940 -0.4174783 -0.3147168 -0.4207608 -0.4698642 -0.3158409 -0.4958843 -0.3418644 -0.2893960 -0.2686082 -0.2613280 -0.5078633 -0.3635433 -0.3578140 -0.3676347 -0.4271383 -0.3125547 -0.2030975 -0.2435166 -0.3783021 -0.2122654 -0.3428271 -0.2275516 -0.1281739 -0.0174923 -0.3437307 -0.1906284 -0.0754715 -0.2406681 -0.1046596 -0.2224488 0.1556084 -0.2176364 -0.1148998 -0.2913068 -0.3207049 0.0907090 -0.1003377 -0.2859388 -0.2229743 -0.1796643 -0.2804953 0.3144025 0.2858915 0.4427381 0.3497941 0.2347462 0.0343581 0.0888151 0.0677738 0.1986533 0.0710542 0.0078333 0.2082418 0.0992735 0.0790303 0.2160645 0.1917210 -0.2889208 0.2123722 0.0854477 -0.4109900 -0.3955973 -0.4788904 -0.3004376 -0.1334066 0.1530976 -0.3312283 -0.1307942 -0.0965374 -0.3016263 -0.2549186 0.4915930 0.1911109 -0.2686109 -0.0405088 -0.1425365 0.1031281 -0.2890353 -0.5560749 0.5069019 0.2420024 -0.0237973 -0.0744607 0.2208018 0.2818663
0.4887228 0.2357733 0.2551577 0.8630446 0.1940782 0.8188794 -0.1762037 0.3960181 0.0000000 0.6076585 0.4423595 0.6309749 0.2832098 0.8582033 0.6643944 0.2338547 0.7177220 0.8800407 0.1988411 0.1912491 -0.2298785 0.1673919 0.4522447 0.4469242 0.1581976 0.1711604 0.6046848 0.1704864 0.6202532 0.0141638 0.2178209 0.1009056 0.3296418 0.4488529 0.2682644 -0.1368570 0.1314542 0.0615080 0.2813041 0.0427442 0.0425046 -0.0252597 0.4968795 0.1183721 0.2469718 0.2731942 0.3657574 0.0438496 0.6165968 -0.2479067 0.3236098 0.4330982 0.7633519 0.3979975 -0.0124302 0.2014627 0.3334698 0.5381891 0.1865032 0.3381577 0.2593032 0.5153944 0.0388058 0.4646653 0.6426094 0.3134323 0.2065937 -0.0065169 0.2173662 0.3318685 0.2008988 0.3328322 0.1162332 0.2668934 0.1152776 0.0741480 -0.0517131 0.1727242 0.1844131 -0.2802984 0.1917380 -0.1511524 -0.2320266 0.4047347 0.0707252 -0.0595534 -0.4374770 0.0246634 0.0483147 0.0973585 -0.4156973 -0.5890932 -0.5229264 0.0429887 -0.1218387 -0.4502678 -0.5597453 -0.5530894 0.0433062 0.0567378 -0.2243660 -0.3736865 -0.0604518 0.0719138 -0.5041306 -0.0906924 -0.3344970 -0.0604463 -0.3879659 -0.1499029 -0.1259383 -0.4419069 -0.4602524 -0.3352708 0.0680171 0.0407869 0.0733650 0.0936900 0.1393268 0.1544379 -0.1152520 -0.2042644 -0.6442987 -0.2102314 0.4815727 0.1003936 -0.2105892 -0.4739485 0.2263875 -0.0041329 0.2480243 -0.5110899 -0.1446592 -0.3895273 -0.2489197 -0.3756553 0.0236125 0.1624717 -0.0671971 -0.4187553 -0.2122541 -0.2683370 -0.2263829 -0.2457924 0.2264592 -0.2067261 -0.0041049 -0.1519072 -0.1769516 -0.4087356 -0.3662256 -0.0323201 0.0121619 -0.1974358 -0.2083638 0.2289884 -0.0179126 -0.0882189 -0.1704622 -0.1103299 -0.2220651 -0.0090455 0.2287324 0.2389949 -0.1466724 0.1404857 -0.1861603 -0.2664589 0.0370647 0.1196221 -0.1974457 -0.2434408 -0.3899917 -0.0020858 0.5344242 0.6748777 0.5551835 0.1468179 -0.4148545 -0.5239386 -0.4663711 -0.4237151 0.1470495 -0.2262558 -0.0164052 0.0364626 -0.1394178 -0.3523372 0.0341780 0.0227435 -0.0677926 0.0737497 0.1803794 -0.1094468 -0.0208332 -0.3179850 -0.2568137 0.1621362 0.1058055 -0.1229319 -0.3906616 -0.2281648 -0.3946270 -0.4083612 0.3265957 0.3098997 -0.0635733 0.3999758 -0.5026954 0.1375225 -0.3803395 -0.5001867 0.1583661 0.1970716 -0.0083063 0.0173962 0.4537561 0.5297427
0.3440854 0.5008912 0.4833346 0.6607948 0.3714475 0.8671545 0.3300288 0.6579424 0.6076585 0.0000000 0.6413862 0.8768641 0.3771847 0.7461712 0.5906547 0.2102879 0.7990731 0.4056771 0.1257089 0.4489595 0.4316834 0.1404361 0.5020823 0.0416530 0.0296320 0.1306300 0.7935728 -0.0598037 0.4791432 0.0283533 0.1859975 0.0585561 -0.1700327 0.1998696 0.2989170 0.3086252 0.1950879 0.0705129 0.1492369 -0.2146376 0.0741168 0.1778148 0.6742931 -0.2218777 0.1491158 0.2383900 0.3908942 0.1121475 0.3204920 0.0260843 0.4554344 0.4644874 0.5107238 0.2419433 0.1975450 0.3254852 0.3637581 0.6469466 0.3455483 0.4729647 0.3759766 0.3066576 0.1278023 0.7402728 0.6307519 0.2243595 0.1688964 0.0936923 0.1349643 0.3368668 0.0861253 0.6621690 -0.0228438 0.4917161 0.0304899 0.0905063 0.2777947 0.0062731 0.0946911 0.0845703 0.0467444 -0.2389709 -0.2971790 -0.0813994 0.1178375 -0.2737111 -0.5838118 -0.0282846 -0.1372896 -0.1097987 -0.7282962 -0.7701895 -0.6937044 0.0126656 -0.5553580 -0.7098470 -0.8210526 -0.7397788 -0.5637104 0.2811358 -0.5165345 -0.7767647 -0.4686300 -0.2251989 -0.7927986 -0.6025241 -0.3445748 -0.4137330 -0.7489787 -0.3530422 -0.6462851 -0.5400564 -0.3190517 -0.3499085 -0.1988238 -0.2388103 -0.2123029 -0.1877089 -0.2577290 -0.3186153 -0.4587550 -0.4990739 -0.7672737 -0.4781535 -0.0894912 -0.2681995 -0.4962737 -0.7377414 -0.1831881 -0.3812786 -0.2923503 -0.5840283 -0.5467590 -0.2437967 -0.6330234 -0.6435090 -0.3362748 -0.1330247 -0.3971659 -0.2680541 -0.6119331 -0.4733226 -0.5087130 -0.2368788 -0.0757263 -0.6456223 -0.3831320 -0.5553077 -0.5678817 -0.5856752 -0.4031299 -0.2759670 -0.4345279 -0.6244331 -0.5330052 -0.1062734 -0.3279203 -0.5203554 -0.4563578 -0.5083301 -0.5881402 -0.5575637 -0.1951009 -0.0367327 -0.5869836 -0.2948855 -0.5373381 -0.5458114 -0.2273721 -0.4704962 -0.5474597 -0.4681346 0.1749270 -0.1336121 0.5063858 0.4393671 0.5564902 0.3406002 0.2561529 -0.0273985 -0.1133948 0.1105778 0.3075680 0.2322162 0.2076462 0.1893462 0.1758773 -0.1013795 0.0002962 0.2401072 -0.3970525 0.4073492 0.2866951 -0.3603362 -0.3289952 -0.3817344 -0.2747176 0.2359513 0.2168623 -0.2888947 0.0667448 0.0517995 -0.2817787 -0.0871631 0.2362042 0.1316889 0.0504454 0.3352426 -0.0082469 0.5266312 -0.2283104 -0.3400836 0.1327433 0.2605706 0.3027170 0.1463201 0.6992762 0.6296181
-0.2080019 -0.0577499 -0.0929945 0.4580181 -0.0008008 0.5132170 -0.0590015 0.5924906 0.4423595 0.6413862 0.0000000 0.6746992 0.5622191 0.3533653 0.3757614 0.8649676 0.8130255 0.2303439 0.8155572 0.0371375 0.2771929 0.7167867 0.8862155 0.0434499 0.7512612 0.7984506 0.4030856 -0.4505710 0.8142578 -0.4886847 0.5309257 0.7322204 -0.1296807 0.0387273 0.7685984 0.4365771 0.7257675 0.7247779 -0.4303285 -0.5809961 0.4838339 0.4959616 0.3952341 -0.3890873 0.4185925 0.7824575 0.7852555 0.6277230 0.1890271 0.5543958 0.5530636 -0.1823281 0.5311361 0.0303542 0.6108040 0.7235439 0.7580173 0.5817627 0.5624238 0.5662587 0.6009274 0.4259680 0.5471815 0.3703088 0.5374317 0.7174792 0.6628435 0.6313888 0.7031009 0.8181916 0.7101059 0.4802963 0.6962157 0.3489171 0.6908223 0.7171504 0.4345691 0.7097400 0.7523875 -0.1768196 0.6328223 -0.3942604 -0.3362245 -0.0153149 0.0229868 -0.5596753 -0.5397715 0.0328885 -0.4508072 -0.1345919 -0.4888585 -0.5451603 -0.5785969 0.1323283 -0.3699113 -0.4917303 -0.5624357 -0.5726494 -0.1492747 0.1852733 -0.0990183 -0.5117554 -0.2766359 0.1720635 -0.4488325 -0.1014339 -0.5561882 -0.1120444 -0.6322976 -0.6007865 -0.1882399 -0.6414786 -0.5860766 -0.5329289 -0.3137773 -0.4154156 -0.3424261 -0.2320624 -0.2164528 -0.3714894 -0.1600811 -0.1207171 -0.5594107 0.0972154 -0.1758256 -0.2182057 -0.0139032 -0.4671977 -0.3709639 0.1000516 -0.2440174 -0.5330212 -0.3782803 -0.2803133 -0.5357414 -0.5084700 -0.4440633 -0.2448091 -0.4715540 -0.3033793 -0.2735643 -0.2198397 -0.4381301 -0.2896882 -0.3410053 -0.2535855 -0.2748919 -0.2618239 -0.4781473 -0.2030941 -0.0656349 -0.1839132 -0.2777587 -0.3875912 -0.0932381 0.0528288 -0.2108923 -0.2720393 -0.3960841 0.0327192 -0.1545656 -0.2137383 -0.3027164 -0.0879002 -0.2622495 -0.1574687 -0.3626459 -0.5916077 -0.3512891 -0.3570363 -0.4496956 -0.6036959 -0.0150114 0.0119906 0.3735514 0.5125723 0.6529731 0.2873273 0.0969749 -0.0481106 0.0136671 0.0143733 0.5334670 0.0810892 0.2093517 0.2509485 0.1021670 -0.1378270 0.0811119 0.2977686 -0.2784373 0.3417023 0.2042128 -0.1502113 -0.2325012 -0.3368403 -0.2086436 -0.0703458 0.1744893 -0.1908797 -0.0617146 -0.1537004 -0.4793956 -0.3263970 -0.1129057 0.0430592 -0.2037041 0.0707446 -0.2013612 0.0026887 -0.4125886 -0.3869482 -0.1776260 -0.2767367 -0.1007199 -0.0288238 0.2483302 0.3496111
0.3101647 0.4340816 0.3419358 0.6144483 0.1947532 0.7639572 0.3327739 0.5634266 0.6309749 0.8768641 0.6746992 0.0000000 0.2795375 0.7299304 0.6204732 0.3478781 0.7933304 0.4533732 0.3005347 0.4171634 0.5516810 0.2378473 0.5303293 0.0192313 0.1961217 0.2172134 0.6513265 -0.2135694 0.6970561 -0.0857560 0.2072502 0.0948751 -0.1975205 0.2523907 0.3053657 0.5000686 0.1721751 0.1451482 -0.0895310 -0.4220529 0.0298158 0.4780007 0.5380451 -0.3314392 0.4403315 0.2901363 0.3992799 0.0842448 0.2746788 0.1505983 0.3906596 0.2375782 0.6441496 0.1067027 0.1390864 0.2978603 0.3367064 0.5795236 0.5508588 0.4255565 0.5903350 0.3694076 0.0103325 0.6623091 0.5776277 0.1905104 0.2584082 0.2137418 0.1405332 0.4593034 0.1970693 0.6780971 0.1051414 0.4277668 0.1513558 0.1970147 0.2594813 0.1350601 0.2112229 0.0315174 0.1258692 -0.0379628 -0.1483570 0.0977401 0.3301266 -0.2803087 -0.4074665 0.1364814 -0.0836322 0.0899589 -0.5669069 -0.6533254 -0.5932949 0.0953024 -0.3169415 -0.7108624 -0.7993396 -0.6235444 -0.5213250 0.3739865 -0.3951405 -0.7502466 -0.4156132 -0.1621526 -0.7745938 -0.4877998 -0.4327991 -0.2880226 -0.7214074 -0.4049911 -0.5572968 -0.6696766 -0.4920036 -0.3925609 -0.3292869 -0.3524754 -0.2652260 -0.1937729 -0.2590534 -0.2253991 -0.2161822 -0.3057539 -0.6662126 -0.2834516 0.0215694 -0.1553858 -0.2868970 -0.6569790 -0.1961129 -0.2189109 -0.2678627 -0.5694798 -0.4831621 -0.2843881 -0.6797572 -0.6960336 -0.4258484 -0.2340424 -0.5058409 -0.1307940 -0.6124694 -0.3814397 -0.5385389 -0.2090045 -0.1899435 -0.5884077 -0.4843403 -0.5838472 -0.5310191 -0.4572850 -0.2604615 -0.2951224 -0.5268576 -0.5760202 -0.4834975 0.0270681 -0.3714649 -0.5448116 -0.4397930 -0.3040632 -0.4812333 -0.5115765 -0.2017891 -0.0568344 -0.5310966 -0.2710229 -0.4691789 -0.4931278 -0.2769533 -0.4454290 -0.5374455 -0.4881460 0.1433416 0.0893079 0.6492290 0.6936748 0.7689951 0.3530607 0.3180965 0.0787358 0.0496019 0.2254263 0.5463514 0.3506924 0.4072673 0.2001646 0.2963151 -0.1832328 -0.0928081 0.2708809 -0.3057786 0.4714827 0.3945256 -0.0463403 -0.1366146 -0.1726541 -0.0969485 0.2761355 0.1522580 -0.1609590 0.0465538 0.0046498 -0.2860778 0.0076603 0.2912869 0.2447415 0.1939451 0.4585121 -0.0753952 0.3478242 -0.3386384 -0.1626799 0.0752858 0.2792660 0.3380424 0.3208422 0.6975277 0.6001893
0.1317681 0.1576558 0.3779757 0.3927444 0.6238536 0.4294761 -0.0903774 0.8832258 0.2832098 0.3771847 0.5622191 0.2795375 0.0000000 0.2161206 0.1066369 0.3896658 0.3307260 0.1518498 0.4509966 0.4977839 0.0635241 0.7590867 0.3510296 -0.1017144 0.4493879 0.3961587 0.3609492 -0.1881052 0.2438348 -0.0455634 0.8867989 0.5472338 -0.1940019 -0.2737947 0.3277911 0.2414984 0.3637458 0.6491369 -0.0497268 -0.1849123 0.8873693 0.2091444 0.2237344 -0.2724451 -0.0525183 0.4221583 0.3083075 0.8091599 0.0688345 0.5386581 0.1194425 -0.0380847 0.0630142 0.1443313 0.6165264 0.5023707 0.3582868 0.4096511 0.1895831 0.1851219 0.1271275 0.2458427 0.7178400 0.2716500 0.4751681 0.4865888 0.3423564 0.3260351 0.6025313 0.4943146 0.4016400 0.3875964 0.4274780 0.4572000 0.5320110 0.5301012 0.4404767 0.4398942 0.5656273 0.0278998 0.5198261 -0.2922862 -0.1445064 0.1802777 0.0209822 -0.1106110 -0.2016590 0.0962574 -0.1157331 0.0262759 -0.3017520 -0.2506465 -0.0967882 0.2045198 -0.2498792 0.0371186 -0.1030912 -0.1490380 0.2505726 0.1604450 0.1049689 -0.1648214 0.2371572 0.1604502 -0.0462481 0.1539973 0.1399919 0.2630695 -0.1685800 -0.0284589 0.1797145 -0.0533768 -0.3194868 -0.1266828 0.2065949 0.0245813 0.1220015 0.2747612 0.1860584 -0.0671013 -0.0099320 0.0665859 -0.2640702 -0.0004285 -0.2007897 -0.2914689 0.0486506 -0.1728879 -0.3871042 0.0682021 -0.2298371 -0.2526849 -0.2343121 -0.3858607 -0.0637050 -0.2329364 -0.3840880 -0.2368020 -0.3466658 -0.3496712 0.0116684 -0.0668932 -0.0955131 -0.5313016 -0.3903010 -0.0558919 -0.1548440 -0.1409747 -0.1254827 0.0310945 -0.0738433 -0.3229309 0.0493553 -0.1154951 0.0342441 -0.0216804 0.2402120 -0.0925249 0.0069392 0.2227914 -0.0023974 0.2060892 -0.0959347 0.3363238 0.0323406 0.1157347 -0.1216455 -0.2027688 0.2666363 0.1521315 -0.0937982 -0.0876566 -0.3471588 -0.3710843 0.2191953 0.2142336 0.3270562 0.3978061 0.0621261 0.0341283 0.1996699 0.0223182 0.2136529 0.0095735 0.0145024 0.3863983 0.1662075 0.2900814 0.4007557 0.2834917 -0.1552777 0.1056231 0.0181254 -0.3891186 -0.3602655 -0.4867521 -0.3243896 -0.2040538 0.3077322 -0.2800839 -0.3591893 -0.2702378 -0.4372084 -0.4658029 0.3487992 0.1886811 -0.4086045 -0.1223577 -0.3715583 -0.1750171 -0.3858024 -0.6200815 0.4556350 0.0569154 -0.1612657 -0.1839436 -0.1640658 0.0047354
0.4825039 0.3583065 0.4414675 0.8235235 0.2649159 0.7934261 -0.0176766 0.4593319 0.8582033 0.7461712 0.3533653 0.7299304 0.2161206 0.0000000 0.7314590 0.0322539 0.6670130 0.8255972 0.0020798 0.2651171 0.0792729 -0.0492496 0.2826947 0.3510031 -0.0795190 -0.0823375 0.7539037 0.2889327 0.4930686 0.2605398 0.0287473 -0.1391839 0.1914249 0.4099010 0.0282003 0.0295214 -0.0736675 -0.1263152 0.4483028 0.1013087 -0.0979768 -0.0324512 0.5463723 0.1060392 0.1224589 0.0477939 0.1545568 -0.1043379 0.5630152 -0.3000136 0.2043510 0.5922610 0.5865585 0.4221312 -0.1246802 0.0585097 0.1282065 0.5563636 0.1268881 0.2291780 0.1983152 0.4310522 -0.1250507 0.5554632 0.4762214 0.0460418 0.0412940 -0.0850542 -0.0459778 0.1218633 -0.0267003 0.3898331 -0.1083539 0.2515673 -0.1510138 -0.1141292 -0.0992454 -0.1049034 -0.0515895 -0.2196806 -0.1177618 -0.0376533 -0.0261163 0.2713879 0.1600104 -0.0153494 -0.3791374 0.1082502 0.0807550 0.0998138 -0.6028184 -0.7152504 -0.6835247 0.0853905 -0.2609448 -0.5922289 -0.7086389 -0.7291944 -0.2779874 0.2661820 -0.4596360 -0.6025915 -0.1626291 -0.0264291 -0.7101044 -0.4339103 -0.3491450 -0.2033493 -0.6209512 -0.2640409 -0.4786211 -0.5556694 -0.3629868 -0.2383090 -0.0478644 -0.0990935 -0.0569762 -0.1115909 -0.0735220 -0.2036000 -0.3118759 -0.3388918 -0.6169935 -0.4319350 0.1640452 -0.2333671 -0.3769536 -0.5721611 -0.0705190 -0.2882757 -0.0946959 -0.5391245 -0.3881684 -0.4883938 -0.4911734 -0.5093172 -0.2339271 -0.1551982 -0.3324522 -0.5467520 -0.4495379 -0.6252647 -0.3675433 -0.4241628 -0.0053580 -0.4227272 -0.3210290 -0.4569321 -0.3165141 -0.7005038 -0.6473165 -0.3455257 -0.2779712 -0.3699293 -0.4234222 -0.0615018 -0.1810796 -0.3594675 -0.2740393 -0.4641256 -0.4050028 -0.3249383 0.0883652 0.0836323 -0.3644939 -0.0500513 -0.2916601 -0.2474784 0.0432988 -0.1297692 -0.3225377 -0.2628785 -0.1757184 -0.2024139 0.4913961 0.5282047 0.4818489 0.0527053 -0.0847585 -0.2881019 -0.3757555 -0.1722418 0.1641145 -0.0020708 0.0309128 -0.0691726 -0.1035518 -0.3373170 -0.1800103 -0.0492345 -0.4108269 0.1286402 0.1927699 -0.3710244 -0.3330163 -0.5145556 -0.4347679 0.1628651 -0.0565814 -0.3984816 -0.1304353 0.0533902 -0.2467141 -0.2550216 0.3645173 0.1391579 -0.1452359 0.2814603 -0.1771090 0.3293191 -0.2537463 -0.5116949 0.2359020 0.2911780 0.0885156 0.0841416 0.6580210 0.6886069
0.1493106 0.1201986 0.3157742 0.6146062 -0.0187995 0.5896170 -0.2848541 0.3602529 0.6643944 0.5906547 0.3757614 0.6204732 0.1066369 0.7314590 0.0000000 0.1113333 0.4384745 0.7740466 0.1095590 0.1592430 0.2092931 -0.0860851 0.2074320 0.4210281 0.0167915 0.0391554 0.5189615 0.3460929 0.4902510 0.4433111 -0.0921589 -0.0097969 0.2800217 0.3641781 0.0842162 0.0761984 0.0399787 0.0186138 0.2113254 0.0878484 -0.1706067 -0.0359063 0.1787403 0.1806571 -0.0663309 0.1105107 0.1481159 -0.0702126 0.5695285 -0.0942051 0.1294651 0.1817545 0.4550875 0.1156187 -0.0842148 0.0394884 0.1492115 0.4145051 -0.1008587 0.1863853 0.0016765 0.2391073 -0.1134004 0.6116053 0.5446468 0.0559028 0.0949578 -0.0226974 -0.0556930 0.1709895 0.0400943 0.5204872 0.0293356 0.4058069 -0.1151799 0.0478236 0.1841772 -0.0168768 0.0345501 -0.1129486 -0.0408418 -0.1959308 -0.1287081 -0.1660405 -0.1530336 -0.4125823 -0.3898055 -0.1672426 -0.4053931 -0.3599480 -0.5702069 -0.5535141 -0.5464997 -0.2003527 -0.4247311 -0.3075026 -0.4722234 -0.5943621 -0.3588341 0.0025991 -0.5697550 -0.6102458 -0.2301712 -0.2379953 -0.4612323 -0.1132416 -0.4652981 -0.1268881 -0.5172585 -0.3686672 -0.3387935 -0.6426742 -0.2249327 -0.0593875 -0.1247075 -0.0925283 -0.0180182 -0.1343480 0.0090710 -0.1963816 -0.1081056 -0.0838791 -0.3424069 -0.1981331 0.0686342 -0.1398927 -0.0634920 -0.2545653 -0.1090717 -0.0515730 -0.0172905 -0.2280184 -0.0918427 -0.2408259 -0.3636799 -0.2749106 -0.1302079 -0.1848002 -0.1693770 -0.3888166 -0.1645981 -0.3311995 -0.0752372 -0.2640947 -0.0527012 -0.1501464 -0.1290458 -0.1807910 0.0287637 -0.3266869 -0.4256772 -0.2472039 -0.1117435 -0.0501530 -0.0743500 -0.0413089 -0.1529635 -0.1287979 -0.0696619 -0.2961340 -0.0613839 -0.1121745 0.1771914 -0.0500197 -0.0473492 0.1039937 -0.0562240 -0.0056670 -0.0533637 -0.0490971 -0.0187716 -0.0525840 -0.0761656 -0.0533260 0.1036673 0.1941118 0.3730652 -0.2172112 0.0477465 -0.2178599 -0.4345758 -0.1227617 0.0497927 -0.0346187 -0.2301225 -0.0591558 -0.2136469 -0.2151591 0.0692835 0.1112070 -0.3078266 0.2674293 0.2900376 -0.2332278 -0.2425662 -0.3974207 -0.2719653 0.1395972 -0.1193400 -0.2639200 0.1026710 0.2761714 -0.0061660 -0.0250706 -0.0007625 0.0205073 -0.1249611 -0.0672038 -0.0086014 0.4315697 0.0016116 -0.2405807 0.0299572 0.0288524 -0.0594949 -0.0500956 0.5055679 0.5761762
-0.4652759 -0.3225480 -0.4698217 0.1487661 -0.2965998 0.1179640 -0.1860129 0.2650194 0.2338547 0.2102879 0.8649676 0.3478781 0.3896658 0.0322539 0.1113333 0.0000000 0.5756168 0.0774422 0.9718889 -0.2721981 0.0466170 0.7862829 0.8570575 0.0561917 0.9484313 0.9699036 0.0383658 -0.5440082 0.7623004 -0.6717830 0.4789567 0.8934605 -0.0613694 -0.0307446 0.8279375 0.3590289 0.8603005 0.8458524 -0.6583919 -0.6133316 0.4798898 0.5493152 0.1213226 -0.3329328 0.5660686 0.8890018 0.8304548 0.6749772 0.0403851 0.6533583 0.5089431 -0.4812713 0.4143107 -0.0595113 0.6501523 0.7489398 0.8203354 0.3400472 0.6059567 0.5143093 0.6499932 0.4276501 0.5823701 -0.0386639 0.2706519 0.8319923 0.8224273 0.7923660 0.8040365 0.8310837 0.9145341 0.1387689 0.9246038 0.0549239 0.8622658 0.8513677 0.2832738 0.9195964 0.8827504 -0.3331539 0.7648008 -0.3076390 -0.2426259 0.0909689 -0.0076345 -0.5362918 -0.3526879 0.0750165 -0.4384800 -0.0512054 -0.1703932 -0.2401573 -0.3530130 0.1968475 -0.1106130 -0.2533926 -0.2700670 -0.3100139 0.1318397 0.1062414 0.2164051 -0.1764587 -0.1341369 0.3581293 -0.1328235 0.2036507 -0.5290338 0.0312151 -0.3375165 -0.5249993 0.1466480 -0.4548905 -0.5530076 -0.5467649 -0.3751244 -0.4353002 -0.3865400 -0.2842608 -0.2170591 -0.2835657 -0.0211107 0.0298262 -0.2977410 0.3385527 -0.1049509 -0.0279510 0.1928445 -0.2081365 -0.2653742 0.2916179 -0.1169210 -0.4105759 -0.1925352 -0.2521458 -0.3492656 -0.2812795 -0.3466302 -0.1375969 -0.3375964 -0.1710875 -0.0153936 -0.0004362 -0.3048734 -0.1618518 -0.3132685 0.0291598 -0.0962630 -0.0104318 -0.2982202 0.0371844 0.2035566 -0.0189300 -0.0973256 -0.1563993 0.1365990 0.1243744 -0.1360983 -0.0590286 -0.2884689 0.3016801 0.0850442 0.0087301 -0.2857960 -0.1276252 -0.0453098 -0.0741785 -0.1904620 -0.4644847 -0.3945005 -0.2150526 -0.3040123 -0.5453903 -0.0942296 0.2016603 0.2439105 0.4403103 0.4426636 0.0989840 -0.1028907 -0.0940096 0.0584389 -0.0444809 0.5811518 0.0210864 0.2663457 0.2023243 0.0774263 -0.1774225 -0.0091783 0.1834453 -0.0434139 0.0917654 -0.0092688 0.0979995 -0.0013216 -0.1198280 -0.0484752 -0.2884554 0.0883481 0.0050520 -0.1093975 -0.2341796 -0.4456840 -0.3376026 -0.3418009 0.0162895 -0.2184027 -0.0738553 -0.2211462 -0.3255888 -0.4207286 -0.2776768 -0.3938585 -0.5102349 -0.2394801 -0.0928926 -0.0392997 0.0960462
0.1438521 0.1546085 0.0429837 0.6353731 0.0763010 0.7157870 0.0729372 0.4306520 0.7177220 0.7990731 0.8130255 0.7933304 0.3307260 0.6670130 0.4384745 0.5756168 0.0000000 0.4320826 0.4713112 0.1046800 0.1716007 0.3955764 0.8570788 0.1984820 0.4084778 0.4882341 0.6778136 -0.2280650 0.7999616 -0.3984310 0.3097268 0.3622864 0.0257508 0.3526455 0.6286500 0.2727326 0.4463750 0.3034370 -0.0272556 -0.3554320 0.1911562 0.3127012 0.7589268 -0.2135301 0.4638223 0.5235860 0.6745752 0.2788843 0.4269034 0.0535631 0.6148975 0.3323688 0.8032148 0.3374082 0.2961195 0.5088703 0.5875453 0.7442692 0.5330292 0.5876231 0.6094956 0.5937912 0.2919061 0.5155351 0.6460374 0.4953686 0.4210437 0.3227894 0.4784133 0.6233498 0.4036435 0.4469184 0.3343999 0.3300807 0.3870314 0.3462516 0.2148709 0.3995668 0.4294991 -0.1481431 0.3723939 -0.3098184 -0.3941241 0.1471876 0.0438039 -0.2949713 -0.6143592 -0.0453873 -0.1506759 -0.0263925 -0.5346633 -0.6846985 -0.6773961 0.0169664 -0.2673020 -0.6965675 -0.7272741 -0.7012059 -0.2611610 0.1370868 -0.2438813 -0.5764428 -0.3069536 0.0824750 -0.6407912 -0.3317199 -0.4690331 -0.2320774 -0.6650577 -0.4676731 -0.3786742 -0.6121221 -0.6008563 -0.5572603 -0.1408178 -0.2684670 -0.2192236 -0.1165554 -0.1406931 -0.2031915 -0.2202648 -0.2825601 -0.7583625 -0.1248770 0.0736066 -0.1725078 -0.2277714 -0.6338736 -0.1206435 -0.0041935 -0.0338334 -0.6342484 -0.3643482 -0.2186942 -0.5195505 -0.5405375 -0.2125005 -0.0713222 -0.3077478 -0.3776565 -0.3825728 -0.3759574 -0.4534562 -0.2047452 -0.0393104 -0.3470349 -0.2030638 -0.2898663 -0.5163040 -0.4617008 -0.3133439 -0.1082853 -0.2692945 -0.4498988 -0.2681405 0.2100688 -0.1687061 -0.2679346 -0.3852281 -0.1603455 -0.3286651 -0.3274011 -0.0386511 0.0681731 -0.3764382 -0.0633317 -0.3538625 -0.5614735 -0.2164372 -0.2914516 -0.4505495 -0.5497696 -0.0183956 -0.0247183 0.5948146 0.6906809 0.7245989 0.3924225 -0.0230952 -0.1553863 -0.1263307 -0.0832099 0.4327961 0.0472039 0.2619134 0.1873981 0.0886088 -0.2302277 0.0062854 0.2781266 -0.3218926 0.3639426 0.2964215 -0.2051410 -0.2136409 -0.3582938 -0.3215428 0.1914221 0.1949479 -0.2478504 -0.1429455 -0.2114214 -0.5271106 -0.3766670 0.0674799 0.0748135 -0.0795075 0.4439831 -0.3226712 0.1930049 -0.4340917 -0.4188725 -0.0877910 -0.0401466 0.0354831 0.1537206 0.4902775 0.5581845
