0.0000000 -0.3003720 -0.1152307 -0.2223874 -0.0265377 -0.3637500 -0.0126905 -0.0827186 -0.1237058 -0.2513606 0.0032901 -0.1734125 -0.0965733 0.1144857 -0.1200213 0.0488421 0.1156095 0.4257347 0.0166345 0.0110104 -0.2047405 -0.0006912 0.1670777 -0.0035665 -0.0182044 0.0550640 0.2986365 0.2226102 -0.2727757 0.5010123 0.0608195 0.0161982 0.0039738 -0.2386207 0.0723525 -0.1233965 -0.0136508 -0.0116435 0.4072055 0.3079025 0.0465190 -0.1382675 0.1786672 0.2618864 -0.3466918 0.0737424 0.1457214 0.0973361 -0.1271677 0.1269189 0.0534298 0.1528408 -0.3783579 0.0723428 0.0856928 0.0760335 -0.0167563 -0.2872452 -0.0437969 -0.0265303 -0.2903792 -0.1108586 0.0196263 -0.3358270 -0.4232095 -0.0444493 -0.0441104 -0.2609599 0.0382922 -0.2266378 -0.0076029 -0.1457368 -0.2070121 -0.2590055 -0.0325576 -0.3004346 -0.0665225 -0.2396247 -0.2380105 -0.1486347 -0.2217695 -0.0307450 0.4762616 0.3168298 0.1965833 0.4217995 0.4209834 -0.0007285 0.0101122 -0.1958845 -0.1180262 -0.1303742 -0.1077682 0.1060742 -0.0197622 0.3628175 0.0493948 0.0842880 0.1557104 0.0591853 -0.2094410 0.2260884 0.5504347 -0.2222895 0.1976751 0.2514981 0.0012450 0.3880697 0.1838378 0.1191240 0.3881051 0.0670184 0.2410431 0.2027194 0.0976309 0.4360751 0.1355176 0.0458990 0.5304264 -0.2139756 -0.3055119 -0.2400538 0.3818319 0.1434205 -0.2437221 0.5255798 -0.1692388 0.2526074 0.0173644 -0.1903464 -0.3811103 0.2115475 -0.0855026 -0.2221801 0.0288510 0.0484914 -0.4895962 -0.1451081 -0.4456660 0.2667068 0.1818943 -0.1428463 -0.4174065 0.1386318 -0.2160321 0.1105008 -0.2929220 -0.3398966 0.4446972 -0.1052535 0.1004233 0.1388623 -0.3106937 0.3365614 -0.1911374 0.0614081 0.1968472 -0.0969342 0.2478522 0.1415116 -0.4542670 -0.0784943 0.0347473 0.3467040 -0.4047180 0.0117373 -0.3130216 0.2876128 0.4947596 0.2242388 -0.1435947 0.4452830 0.7849363 0.2780057 -0.2204656 0.0611625 0.0631601 0.4230142 0.0950790 0.4027909 0.0304045 -0.0274358 -0.0326523 -0.1848492 0.0292458 -0.3784959 -0.1758994 -0.3877929 0.2234134 0.1983670 -0.1790022 0.0997243 0.1241018 0.4845133 0.4398534 0.4562150 0.3632978 0.0750331 0.3335210 0.3607341 -0.1556795 -0.4171881 -0.5097856 -0.1238949 -0.2702147 -0.2899030 0.1845515 -0.4035999 -0.2631971 -0.2123931 -0.0553452 0.1960935 -0.0167211 -0.2633257 0.2331024 -0.1769760 -0.1422976 0.0319801
-0.3003720 0.0000000 0.6584966 0.5927477 0.1464403 0.7984138 0.7001638 0.4609968 0.6474692 0.3053987 0.3275836 0.6549221 0.3130934 0.0797054 0.4564041 0.2143910 0.0814389 0.2315518 0.0144649 -0.0425617 0.6742447 0.1059988 0.0741688 0.1595528 0.1088465 0.1605652 -0.2238404 0.0126202 0.6739226 -0.4417763 -0.0105364 0.0840583 0.1364589 0.4905246 -0.0156055 0.6619832 -0.0299089 0.0092988 -0.4056609 -0.4459753 -0.0015056 0.5545710 -0.0908331 -0.6246448 0.6386942 -0.1360220 -0.1396589 -0.1432102 0.2763215 -0.1340101 0.0081476 -0.0822029 0.6526303 -0.3170879 -0.1951309 -0.1824163 -0.1018717 0.0015173 0.4243467 -0.1264646 0.6449138 0.1073612 0.0025354 0.6688509 0.7062855 -0.1271356 0.0436913 0.0506109 -0.1108939 0.5559836 0.0262754 0.5845151 0.0651399 0.6441034 0.0379342 0.5217982 0.4764847 0.1999838 0.2140278 0.3657275 0.0687326 -0.2550694 -0.4144736 -0.3281722 -0.3743876 -0.2391229 -0.5228831 -0.2777584 -0.2092395 -0.2087516 -0.0751305 0.0123341 -0.2416224 -0.3063657 0.1789384 -0.0152002 -0.3070270 -0.1871721 0.0180491 -0.4207100 0.1144268 -0.1923612 -0.2400883 -0.2710819 -0.0819741 0.2063027 -0.1100165 -0.3907986 -0.1157800 -0.2082001 -0.0484577 -0.1458677 -0.1625814 -0.3422983 -0.2066918 -0.4379647 -0.3883326 -0.3486782 -0.5155672 -0.2923425 -0.3257810 -0.3041630 -0.5980227 -0.5927493 -0.0551721 -0.0797034 -0.3127758 -0.0521517 0.1346327 0.0338591 0.3025784 0.1030775 -0.0592355 0.5632347 -0.0695129 -0.0011593 0.5280667 0.2089995 0.3251745 0.0751200 -0.1103045 0.2462466 0.3637662 0.2720310 0.1347771 -0.2048148 0.2858160 0.3351846 -0.1252118 0.3083836 0.0163585 0.0147419 0.2735619 -0.1271449 0.2619973 -0.0927753 -0.3516842 0.0897934 -0.1926855 -0.1769428 0.0558050 -0.1387507 -0.4209588 -0.3120456 0.1340904 -0.1735083 -0.1414594 -0.1201669 -0.3400912 -0.8612922 -0.3474830 -0.6084380 0.0008766 0.3631017 0.8246238 0.6541482 0.6154375 0.2171873 0.4715543 0.3127472 -0.0087965 0.2489434 0.3091899 0.3221868 0.2273539 0.6071674 0.5185834 0.4992579 0.4781646 0.5168583 -0.2272422 0.4558893 0.5049515 0.0004033 0.0202074 -0.0637382 0.2107796 0.5345127 -0.0444099 0.1788838 0.1017109 0.1747559 0.1044769 -0.1954105 -0.0886934 -0.1892807 0.3918095 0.0201864 0.1463665 0.3529163 -0.0350853 0.0870074 -0.1501895 0.3942626 0.2199511 0.1097985 0.5104258 0.4817727
-0.1152307 0.6584966 0.0000000 0.5114146 0.6938051 0.3989409 0.2053804 0.6608897 0.2274566 0.6671632 0.7526537 -0.0319765 0.7673125 0.2279386 -0.0460342 0.6879908 0.6602324 0.2535910 0.4680940 0.3535144 -0.0223430 0.5520330 0.5125485 -0.1946570 0.5204545 0.6256962 0.2020683 -0.1791808 0.1273780 -0.2161296 0.4836750 0.5171427 -0.3513795 -0.1362360 0.3990391 -0.0697913 0.4224714 0.3324336 0.0140222 -0.2450006 0.4565401 -0.1225122 0.2857743 -0.2293838 0.3257723 0.1806620 0.3263042 0.2193291 0.3060903 0.1655990 0.4086165 0.2394040 0.1894735 0.2610852 0.1042747 0.1347997 0.3438327 0.5694480 0.0089058 0.3187921 0.3795518 0.5542334 0.4587394 0.5264362 0.6211294 0.4066321 0.3899548 0.3911273 0.2593389 0.5840303 0.4154875 0.1844847 0.3934772 0.2961040 0.4578618 0.4691849 -0.0674556 0.4284843 0.4856771 0.3619725 0.3595956 0.0407586 0.0111306 0.1793259 0.3470057 0.3120846 -0.1437014 0.2949373 0.3645535 0.3694695 0.3345558 0.5054815 0.2834024 0.1986684 0.0368167 -0.4928592 0.1606573 0.3587682 0.1193951 0.1942569 0.0945424 0.4488826 -0.1663164 0.1903525 -0.1857962 -0.3630499 0.4999245 -0.1044720 -0.0036448 0.3161739 -0.5469967 0.2635299 -0.0053029 0.2176909 0.2754673 0.1758885 0.1481979 0.2759807 0.0655835 0.2842191 0.1907491 0.1539447 -0.7414469 -0.0140247 0.4438399 -0.3495173 0.1161663 -0.5388468 0.1395282 0.1910030 0.5329341 -0.4657882 -0.0450248 0.1195448 -0.4180430 -0.5192258 0.2049650 0.1169109 0.1882345 0.0316104 -0.6060890 0.1373242 0.3647879 -0.1428503 0.2100739 -0.4718094 0.2142113 0.0024873 -0.0875255 -0.1390998 -0.0852568 -0.2481263 0.1163565 -0.4726958 -0.1929648 -0.5600575 -0.2588191 -0.3443060 -0.2077200 -0.2070335 -0.3654769 -0.2274279 -0.6129142 -0.1311358 -0.3116355 -0.5784394 -0.1999226 -0.2849041 -0.3453319 -0.4545869 -0.6661674 -0.4582103 0.2077241 0.1167401 0.3276714 0.0865439 0.0242742 -0.1997157 -0.1656811 -0.1467452 -0.0974399 -0.3022043 -0.3617980 -0.2379543 -0.0889160 0.6736353 0.6599319 0.6560876 -0.0098182 -0.0258140 0.0899438 0.1195145 0.2024272 -0.2688939 -0.3996705 -0.5152029 -0.1610011 0.0091376 0.1966621 -0.1904143 0.4828045 0.5114185 0.0772744 -0.4862140 0.4853934 0.1541837 0.1132850 0.3146178 0.5423036 0.6461002 -0.0168429 -0.3901613 0.5502781 0.5940211 -0.2163952 0.5324575 0.7577471 0.6469685
-0.2223874 0.5927477 0.5114146 0.0000000 0.3606055 0.6679181 0.2836547 0.9163169 0.5606595 0.6724784 0.7605861 0.1895325 0.5982412 0.7482307 0.0526408 0.7393503 0.5140687 0.4123893 0.6534332 0.3819459 0.1866902 0.6391564 0.5914276 -0.4068157 0.6587765 0.6461539 0.4868798 -0.3422278 0.2048781 0.0779834 0.5855111 0.5765908 -0.3789403 0.0808123 0.6073542 0.2854559 0.5192376 0.5624870 0.3411183 0.1506474 0.4822791 0.1271220 0.5726012 -0.0901621 0.5759000 0.4445091 0.4945924 0.4503177 0.7444750 0.4486577 0.6218656 0.6185629 0.7706180 0.3518141 0.4286095 0.3891170 0.4716687 0.4523264 0.1716316 0.5696937 0.5618483 0.6956717 0.3754009 0.9057867 0.7604952 0.3863177 0.6658231 0.6589358 0.3068893 0.8918595 0.6236523 0.8124121 0.6249915 0.7965842 0.4977991 0.8113609 0.6535094 0.5478231 0.5421713 0.6036086 0.3116645 -0.4815307 -0.2986583 -0.0295756 -0.0365247 -0.1826608 -0.2613846 0.1294962 -0.1747893 -0.1729360 -0.1461122 0.1917315 -0.3434436 0.0990770 -0.3649506 -0.3984684 -0.0090822 -0.2891369 -0.3387055 0.0092895 0.1399671 -0.2734455 -0.2371555 0.1504425 -0.0768681 -0.1208320 -0.2005064 -0.3920026 -0.0583794 -0.5065946 -0.2484501 -0.4520964 -0.2808801 -0.3154081 -0.4020691 -0.3949078 -0.3687729 -0.3174837 -0.4693402 -0.3708796 -0.3522832 -0.3503803 -0.6726429 -0.0395693 -0.1806226 -0.1681881 -0.3006325 -0.4227792 0.0686177 -0.0539054 0.1400911 -0.1862787 -0.0196449 0.4484641 -0.2156592 -0.3193094 0.2360253 0.1615080 0.1865957 -0.1404907 -0.2265288 0.0317838 0.1495675 -0.0424270 0.1310740 -0.4471422 0.1160927 0.0357874 -0.0221313 -0.1605645 -0.2804634 -0.3182171 0.0332499 -0.2121198 -0.2626364 -0.2717244 -0.5165244 -0.2507119 -0.1999269 -0.2380100 -0.2881932 -0.2754631 -0.3812474 -0.4740064 -0.2629863 -0.4131573 -0.1838909 -0.0967525 -0.5861259 -0.6090492 -0.2556278 -0.4497223 -0.3974759 -0.1327350 0.2331126 0.2074131 0.2798847 -0.0394595 0.1860632 0.0719353 0.0244207 0.0932273 -0.0113513 -0.0402435 0.1091722 0.7389443 0.5680961 0.5261537 0.3922543 0.3674501 -0.3669238 0.6101751 0.4180554 -0.0354077 -0.1368543 -0.1649123 -0.2443911 0.2650025 0.0198903 -0.0372735 0.5011676 0.5206543 0.4290319 0.1614572 0.3467797 0.0025776 0.1757001 0.3499862 0.4027511 0.6329763 0.1829738 -0.0974676 0.1966001 0.7168635 0.1472272 0.4745105 0.4266756 0.6661142
-0.0265377 0.1464403 0.6938051 0.3606055 0.0000000 -0.0025370 -0.2361643 0.6152837 -0.0163687 0.5880691 0.7503305 -0.3773214 0.8656714 0.3795545 -0.3079251 0.7901803 0.6199040 0.2140607 0.6167457 0.5980365 -0.3750927 0.6234769 0.5849870 -0.4000845 0.5773556 0.7559184 0.4540785 -0.2788993 -0.3001907 0.1128187 0.7273042 0.6310171 -0.6320447 -0.4657486 0.6048899 -0.4035388 0.6503215 0.4957796 0.3518646 0.0172110 0.6412877 -0.4038921 0.5114439 -0.0022325 0.1152380 0.5243196 0.5833112 0.4674851 0.1551503 0.4387509 0.6517901 0.4336481 -0.0474418 0.5571644 0.3713958 0.4232955 0.5615645 0.7862733 -0.0929534 0.6370166 0.1260653 0.6793628 0.5772975 0.3742421 0.4480055 0.6405489 0.5802955 0.5579250 0.5150578 0.5205349 0.5163161 0.0185192 0.4523891 0.1742110 0.5614919 0.4055982 -0.2148853 0.4207138 0.5997671 0.2848712 0.4823766 0.3370942 0.4178031 0.2950230 0.5384034 0.4366049 0.0072737 0.3534539 0.3676797 0.3511725 0.2514326 0.3581150 0.5720045 0.2062080 -0.3548140 -0.6245990 0.2276217 0.5845023 -0.1176874 0.3905998 -0.0340671 0.7101166 0.0246534 0.2614664 -0.2395178 -0.4897465 0.6555550 0.1168767 -0.0296021 0.4496424 -0.4709858 0.3492402 0.2312293 0.6678216 0.5573873 0.5883849 0.5221449 0.6588152 0.4985479 0.5871582 0.5044278 0.5124688 -0.3829475 0.4552711 0.5182634 -0.5813285 0.4833334 -0.6679528 -0.0053465 0.4171184 0.3697883 -0.6835057 0.2394304 -0.0590442 -0.4188450 -0.6086315 -0.1747588 -0.1514067 -0.1954790 -0.4485446 -0.5343698 -0.2427085 0.3931315 -0.5681467 0.0477959 -0.3777095 -0.2229579 -0.5272402 0.3009098 -0.5343494 -0.4572694 -0.4996635 -0.3280847 -0.4128274 -0.5143407 -0.5788942 -0.1689937 -0.7325957 -0.1463640 -0.2876770 -0.3865913 -0.0652587 -0.2068087 -0.1378448 -0.5402940 -0.3701727 0.2669257 -0.4080089 -0.3586417 -0.0430827 -0.3474731 -0.2311515 0.1042603 -0.0890084 -0.1512705 -0.3390755 -0.3361647 -0.4063173 -0.4391988 -0.4173067 0.1179728 -0.3011318 -0.4417017 -0.2506814 0.0665597 0.5715535 0.7243981 0.7536402 -0.2553781 -0.3637827 0.3719146 -0.1438795 -0.1926701 -0.1755154 -0.5233346 -0.5246020 -0.5685779 -0.4961111 0.1675319 -0.5496866 0.6370208 0.6144094 0.2820015 -0.2833707 0.5861313 0.3100690 -0.3079109 0.4146154 0.6064056 0.5450554 -0.0483455 -0.7219119 0.7004151 0.4444761 -0.4963535 0.6399853 0.5520401 0.5613580
-0.3637500 0.7984138 0.3989409 0.6679181 -0.0025370 0.0000000 0.8401580 0.4318292 0.7601132 0.4862521 0.3688888 0.7580253 0.2398628 0.2889817 0.5980347 0.2136790 0.1318409 0.2398449 -0.0144349 0.0113601 0.7556470 -0.0325185 -0.0516319 0.2340644 -0.0017067 0.0273244 -0.1574398 0.1560724 0.7876859 -0.1926648 -0.1114614 -0.1041549 0.2634977 0.6756550 -0.0488478 0.7577137 -0.1088354 -0.0803208 -0.3916634 -0.3420557 -0.2100302 0.7256558 -0.1428705 -0.2127193 0.8913437 -0.2070013 -0.1900525 -0.2379035 0.6456977 -0.2162527 -0.0153344 -0.1058856 0.8817064 -0.2733068 -0.2414087 -0.2627456 -0.1582536 0.0411131 0.6466780 -0.0594801 0.8793248 0.1338943 -0.1145156 0.8506149 0.7689818 -0.1880817 0.1133908 0.1165391 -0.1785231 0.6948656 -0.0186230 0.8373397 0.1386825 0.8229218 -0.0310643 0.7133631 0.7514362 0.1947525 0.2666253 0.5161356 0.0659406 -0.3808295 -0.5754744 -0.2640513 -0.3850884 -0.3585727 -0.6087680 -0.4173442 -0.2606851 -0.2336563 -0.2290238 -0.1135246 -0.3472196 -0.5258475 0.1127648 -0.1475710 -0.4532308 -0.4824212 -0.1124678 -0.5472583 0.1941776 -0.4401545 -0.1419160 -0.4102177 -0.3053059 0.1270916 -0.1749329 -0.2427147 -0.1087963 -0.3498653 0.0954875 -0.1463997 -0.0585835 -0.4539269 -0.3972148 -0.5095945 -0.5527644 -0.5249729 -0.7457370 -0.3383833 -0.3481203 -0.3796461 -0.5154293 -0.4264483 -0.2262054 -0.0310592 -0.2415839 0.1232743 -0.0470998 0.0332542 0.0984411 0.2427802 0.1723986 0.6802563 -0.0904796 0.2738988 0.4637965 0.0668660 0.1909434 -0.0942297 0.1952903 -0.0417744 0.1695740 0.3932293 -0.0296935 0.0328211 0.0973153 0.2406545 -0.2051603 0.1813960 -0.0538711 0.0368120 0.1053815 -0.0533904 0.3042655 0.1188595 -0.3496964 0.0060599 -0.3010059 -0.0992061 0.1646155 -0.2382886 -0.0994188 -0.2496770 0.1583812 0.0789174 -0.0722278 -0.0810374 -0.3549077 -0.8127673 -0.1611967 -0.5728972 -0.3220364 0.2305327 0.7979179 0.7332858 0.7358349 0.4211603 0.6652658 0.4964477 0.2002023 0.4836798 0.5201791 0.4974092 0.4524233 0.6313296 0.4997216 0.5119950 0.7005050 0.6599968 -0.0905018 0.6994859 0.7075001 0.1971564 0.2252069 0.1769885 0.2775693 0.7224554 0.0542152 0.2015839 -0.0396063 0.0756300 0.3468035 0.3183957 0.0111025 -0.1090532 0.3318785 0.0190517 -0.0066889 0.4382009 0.0304201 0.1925915 -0.2781294 0.6346081 0.3081145 -0.0378730 0.5560209 0.4279613
-0.0126905 0.7001638 0.2053804 0.2836547 -0.2361643 0.8401580 0.0000000 0.0664790 0.7028480 0.0776232 0.0202302 0.8955738 -0.0394646 -0.0496286 0.7557853 -0.1280390 -0.1500578 0.2721743 -0.3594921 -0.2274414 0.8808078 -0.3546853 -0.2935267 0.5228195 -0.3336077 -0.2731302 -0.4372798 0.3948845 0.8656441 -0.2529755 -0.4397223 -0.4041152 0.5464940 0.7769729 -0.3393017 0.8717772 -0.3976695 -0.3472842 -0.5867664 -0.4856485 -0.4673331 0.8780436 -0.4067459 -0.2894490 0.7548026 -0.4222443 -0.4489720 -0.4730507 0.3561388 -0.4160873 -0.3086144 -0.4076626 0.6309588 -0.5619428 -0.4614222 -0.4652110 -0.4382614 -0.3278639 0.7232344 -0.3960547 0.7452676 -0.2580870 -0.2789497 0.5227205 0.5080360 -0.4582649 -0.2059995 -0.2821398 -0.3251864 0.3733871 -0.3317954 0.6432038 -0.2073504 0.6324362 -0.2802270 0.4281394 0.6617156 -0.0394693 0.0190490 0.3527059 -0.0818646 -0.2316537 -0.4822888 -0.3736357 -0.5750933 -0.2679411 -0.5682893 -0.7152249 -0.3273051 -0.4278071 -0.3641409 -0.3534312 -0.4213288 -0.7378149 0.3144373 0.2468224 -0.5682428 -0.5394201 0.0179493 -0.7965317 0.0592197 -0.4126338 0.1454219 -0.7657406 -0.2001165 0.3877536 -0.2391826 -0.0128897 -0.0740248 -0.2436582 0.4093237 0.0015348 0.1781515 -0.4319141 -0.3233493 -0.3988426 -0.5346610 -0.5223810 -0.5951021 -0.4020391 -0.4367194 -0.4338930 -0.1136674 -0.5255756 -0.3716016 0.2136044 -0.2362557 0.5405179 -0.1125302 0.0787900 -0.0407937 0.5906942 0.2511414 0.7021012 0.1512763 0.6033023 0.3679491 -0.0419088 0.0178663 0.0835698 0.5071050 -0.0741289 0.0823224 0.6017116 -0.1965340 0.3850603 -0.0295280 0.2041608 -0.0683299 0.4032964 0.1726111 0.3063202 0.0666460 0.2523318 0.5625581 0.3768241 -0.0718660 0.1846172 -0.1363426 0.0807580 0.2650372 -0.0866982 0.0946786 0.0668988 0.3044451 0.3459576 -0.1134826 0.0292465 0.0598053 -0.6878427 -0.0780720 -0.3549742 0.0897082 0.5631796 0.9211533 0.9190791 0.8765991 0.7391925 0.8352059 0.7698891 0.3110052 0.6378711 0.7082470 0.6693544 0.5559718 0.3475743 0.3028259 0.2634905 0.7970973 0.7682951 -0.0536337 0.6437055 0.7607387 0.4398681 0.4983254 0.4950425 0.6344665 0.8463140 0.2033912 0.4217122 -0.3440039 -0.3415703 0.0403593 0.2362312 -0.3230247 -0.1993533 0.4215558 -0.2946722 -0.2837181 0.1516799 -0.1148713 0.4608555 -0.5242006 0.2694521 0.5180987 -0.3300124 0.3661361 0.1800493
-0.0827186 0.4609968 0.6608897 0.9163169 0.6152837 0.4318292 0.0664790 0.0000000 0.3394659 0.7078980 0.8868602 -0.1122400 0.8141385 0.7335015 -0.1880426 0.9164423 0.7113818 0.4191547 0.8623036 0.5024177 -0.1200770 0.8561964 0.8315119 -0.5693967 0.8646253 0.8878804 0.6324907 -0.4761849 -0.0680986 0.0826956 0.7919331 0.8173840 -0.6123172 -0.2395435 0.8307792 -0.0277205 0.7718476 0.7797922 0.5296014 0.1936579 0.7508526 -0.1747257 0.7806664 -0.0542701 0.3815039 0.6744216 0.7496868 0.6921712 0.6472638 0.6750489 0.8428674 0.7793686 0.4982796 0.6085242 0.6425921 0.6259657 0.7249777 0.6813231 -0.0270471 0.7866528 0.3811909 0.8851790 0.6696508 0.7894137 0.6989561 0.6743404 0.8533248 0.8170247 0.5811236 0.8923143 0.8298060 0.6016143 0.7887716 0.6578970 0.7522892 0.7887019 0.4073718 0.7137667 0.7142398 0.6675381 0.5363961 -0.2685468 -0.0545733 0.1695595 0.2235676 0.1371158 -0.0498308 0.3221007 0.0999226 0.0190301 0.0077537 0.3944840 -0.1403770 0.2944544 -0.3992167 -0.5009195 0.2414078 -0.0468469 -0.2837883 0.1917996 0.1559779 0.0745331 -0.0982017 0.2861728 -0.0751685 -0.3308820 0.0466288 -0.1988917 -0.0210296 -0.2975569 -0.4331387 -0.2564420 -0.1079840 -0.0720454 -0.2110298 -0.0924652 -0.1529177 -0.0238919 -0.1656135 -0.1487399 -0.1600403 -0.1702474 -0.6239053 0.1910648 -0.0362309 -0.2878379 -0.0951307 -0.5608543 0.0093035 0.1267567 0.2403670 -0.3618216 0.0800012 0.3314128 -0.2125669 -0.4901842 0.0847805 0.0522022 0.0709559 -0.1230504 -0.3934411 -0.0217606 0.2866449 -0.2067339 0.0921254 -0.4933153 0.0142786 -0.1503288 0.1550832 -0.2521677 -0.2228748 -0.4181293 -0.0696731 -0.2338635 -0.3659809 -0.4024298 -0.3438581 -0.4190377 -0.0461292 -0.1641534 -0.4203480 -0.1424860 -0.4275898 -0.3157718 -0.3818579 -0.5553223 -0.1705928 -0.1260473 -0.4774762 -0.3650856 -0.3509705 -0.2938852 -0.2035828 -0.1639544 0.0377461 -0.0402337 0.0171298 -0.2167229 -0.0944927 -0.1012958 0.0893987 -0.0751120 -0.2874981 -0.2217574 0.0218162 0.7758051 0.6760205 0.6137826 0.1675112 0.1390899 -0.2260254 0.4699369 0.2729696 -0.0892095 -0.2985840 -0.3120828 -0.3960384 -0.0175064 0.2165246 -0.2003165 0.6611764 0.6143392 0.3504099 -0.0553721 0.4940307 0.2005270 0.0570970 0.4702535 0.5746623 0.7552973 0.1072915 -0.2352929 0.4504136 0.6779054 0.0481180 0.6906821 0.4750348 0.7394880
-0.1237058 0.6474692 0.2274566 0.5606595 -0.0163687 0.7601132 0.7028480 0.3394659 0.0000000 0.1919737 0.2608439 0.7270087 0.0172907 0.3434226 0.7919757 0.1413405 -0.0452774 0.6432422 -0.0078129 -0.2143428 0.6989745 -0.0626628 -0.0422863 0.4779549 0.0067844 0.0372651 -0.0464623 0.4326029 0.7852990 0.0866363 -0.1195470 -0.0220981 0.4504430 0.7593830 -0.0653039 0.7317586 -0.0253032 -0.1006812 -0.2487764 -0.0914002 -0.1843443 0.6977379 -0.0859034 -0.1584279 0.7878968 -0.0974071 -0.0937904 -0.2206850 0.5347422 -0.1543803 0.0365437 -0.1215193 0.8493508 -0.4304594 -0.1975554 -0.1601066 -0.0954356 -0.1150849 0.4424674 -0.0820501 0.7379504 -0.0411496 -0.1469626 0.6189981 0.7189846 -0.1589978 0.0121020 -0.0831893 -0.0893524 0.4895445 -0.0388465 0.6322161 -0.0914874 0.6441273 -0.0763324 0.4231243 0.5903687 0.1040466 -0.0295805 0.1798106 -0.1273243 -0.6088816 -0.3298866 -0.5161854 -0.4556057 -0.5520903 -0.6669706 -0.2944110 -0.5098802 -0.3498555 -0.4230670 -0.4764628 -0.5545281 -0.4325378 -0.2839511 -0.0837820 -0.4603710 -0.3270799 -0.4000351 -0.4229691 -0.2434562 -0.5352914 -0.1979768 -0.4724845 0.1051199 0.1014324 -0.4219244 -0.3175688 0.2475193 -0.4109902 0.1720585 -0.1888383 -0.1722140 -0.4566693 -0.3215164 -0.4202935 -0.4741420 -0.5119431 -0.5045415 -0.3894297 -0.4206138 -0.4108688 -0.2135129 -0.3594857 -0.1139413 0.2944105 -0.3238077 0.2612045 0.4495972 -0.1292570 0.2903492 0.4591783 0.0956205 0.5661133 0.1497656 0.1535274 0.6461067 0.4951067 0.3976001 0.0429271 0.1182165 0.2749204 0.0659908 0.4138932 0.3861245 -0.0217080 0.3367558 0.3603676 -0.1358765 0.2520384 -0.2685767 0.4063361 0.3687417 0.0483069 0.2462894 0.1657275 -0.4587297 0.2894457 -0.3238906 -0.3682849 0.0908428 -0.1815301 -0.1014559 -0.4144645 0.1128124 0.1931773 0.0403509 -0.0667318 -0.4156339 -0.8175224 -0.1641856 -0.6472140 -0.1391234 0.4927589 0.6362710 0.5328087 0.5058060 0.2896256 0.4881042 0.3546394 -0.0739578 0.2924283 0.4268760 0.3032114 0.2768440 0.5346528 0.3075726 0.3330527 0.5071753 0.4226044 -0.1232288 0.3822470 0.3093482 0.2903728 0.2845617 0.2092681 0.4635847 0.5067694 -0.2215404 0.5265121 0.2000487 0.2056574 0.4599960 0.4483397 -0.1805074 -0.0756919 0.5900384 -0.0927291 0.1324859 0.3156602 0.4327807 0.3282812 -0.2420726 0.4155953 0.2116350 0.0877013 0.2929234 0.1048796
-0.2513606 0.3053987 0.6671632 0.6724784 0.5880691 0.4862521 0.0776232 0.7078980 0.1919737 0.0000000 0.8972122 -0.1577659 0.6906284 0.5856206 -0.1687833 0.7840502 0.7891309 0.1439231 0.5726853 0.5229196 -0.1471428 0.5422349 0.4526799 -0.3699763 0.5309773 0.5849841 0.4552505 -0.2060710 -0.0029178 0.1765417 0.5715211 0.4212931 -0.4288352 -0.1280935 0.4903393 -0.1459779 0.4435901 0.3327339 0.2581312 0.0475938 0.3592306 -0.1409433 0.3882084 0.3411660 0.4608444 0.1993417 0.3988361 0.2449364 0.7497652 0.1741266 0.4870589 0.4091981 0.4188959 0.5288912 0.1785054 0.1399417 0.3778083 0.7312979 0.1789299 0.5301939 0.5449622 0.7399885 0.3329561 0.7250800 0.5971729 0.4245726 0.5606945 0.6025143 0.1739556 0.7370582 0.4785956 0.4135303 0.5575178 0.4124176 0.4155442 0.6431292 0.1768254 0.3813944 0.5180265 0.4369026 0.2580521 -0.1835177 -0.0419322 0.4469222 0.5318961 0.2366878 -0.0226221 0.3834304 0.4013285 0.4808180 0.3799666 0.5444410 0.2876638 0.1837924 -0.1105352 -0.7349105 0.1839688 0.1602847 0.0188068 0.3146916 0.2996714 0.2188757 -0.1333029 0.3283361 -0.3585806 -0.4917739 0.4726345 0.0047610 0.0587710 0.1595248 -0.4801779 0.1652256 -0.0745526 0.1470415 0.0738640 0.1284828 0.0399514 0.1225074 -0.1333355 0.2432534 0.1720032 0.0767593 -0.7912317 0.2084456 0.3143444 -0.3921266 0.0669634 -0.6261277 -0.0350363 0.0022318 0.1887783 -0.5874717 -0.0365338 0.0290156 -0.6366302 -0.4825075 -0.0149201 -0.0084622 0.0325077 -0.2428899 -0.4905143 -0.1645166 0.0059943 -0.1970313 0.0762039 -0.4803823 0.0383537 -0.1477858 -0.2041887 -0.5098237 -0.3290135 -0.4207291 -0.1195582 -0.5715874 -0.4505859 -0.5188799 -0.4364346 -0.5674816 -0.3872305 -0.2452504 -0.4292664 -0.4732954 -0.3763213 -0.2644399 -0.5032051 -0.5029540 -0.1728067 -0.2122448 -0.5421608 -0.3216804 -0.5232010 -0.3927159 -0.3350074 -0.3124388 0.0233691 -0.0393202 -0.0018361 -0.1938392 -0.1111377 -0.1352077 -0.0551963 -0.1944107 -0.2659169 -0.2218194 0.0536745 0.6555562 0.6150061 0.6218231 0.1170737 0.0198461 0.1521185 0.2993121 0.3225959 -0.2020971 -0.2982356 -0.3995885 -0.3320602 0.0948425 0.1115952 -0.3206618 0.4550858 0.6002963 0.3999115 0.1211615 0.7019931 0.0926029 -0.0484710 0.4327629 0.4731370 0.7350152 0.1976674 -0.4848222 0.5281637 0.8918538 -0.3301919 0.4569718 0.7032567 0.6097651
0.0032901 0.3275836 0.7526537 0.7605861 0.7503305 0.3688888 0.0202302 0.8868602 0.2608439 0.8972122 0.0000000 -0.2411684 0.8293948 0.6973427 -0.2217573 0.9543062 0.8560770 0.3988010 0.7860713 0.5504726 -0.2479532 0.7686446 0.7241244 -0.4719746 0.7594481 0.8396165 0.6382466 -0.2899043 -0.1222560 0.2438939 0.7782714 0.6953394 -0.5736276 -0.2788706 0.7305841 -0.1991164 0.6913898 0.5834420 0.4895399 0.1513099 0.6345133 -0.2498996 0.6547636 0.2340562 0.3799570 0.4891028 0.6671985 0.5088984 0.7009694 0.4655812 0.7458915 0.6292211 0.3616373 0.6381692 0.4352336 0.4213927 0.6127035 0.7758610 0.0434873 0.7181740 0.4446843 0.8607689 0.5729747 0.7121201 0.6415225 0.6323999 0.7416224 0.6942536 0.4444471 0.8077879 0.6995009 0.4114620 0.6570733 0.4578704 0.6352005 0.6732528 0.1736812 0.5436524 0.6190340 0.5017260 0.3946416 -0.1892912 0.1457596 0.3930714 0.5191572 0.3281179 0.0349023 0.4380593 0.3374925 0.3285762 0.2449106 0.4769779 0.1603861 0.2976442 -0.3360693 -0.6831820 0.2669691 0.2063210 -0.1374655 0.3624137 0.1523225 0.3079847 -0.0219585 0.3140502 -0.1904552 -0.4974384 0.3782360 0.0158529 0.1408412 0.0743804 -0.4913780 0.0952757 -0.0065480 0.1855779 0.0819815 0.2172675 0.0699639 0.1892333 0.0485556 0.1514458 0.0654549 0.0126773 -0.6835765 0.3196273 0.2486586 -0.3114307 0.0377530 -0.6437185 0.0647381 0.0773440 0.2621601 -0.5354444 0.0147877 0.0983677 -0.4849854 -0.5945888 -0.0388688 0.0502916 -0.0124455 -0.1658388 -0.5366993 -0.0947478 0.0883426 -0.2435105 0.1320190 -0.5227902 0.0025729 -0.2551167 0.0417954 -0.4747891 -0.3480487 -0.3846803 -0.1336232 -0.4284660 -0.5322232 -0.5436763 -0.3930587 -0.5819311 -0.2338730 -0.2568777 -0.5934900 -0.3407132 -0.4267970 -0.2416877 -0.6156388 -0.5661878 -0.1742400 -0.1798955 -0.4793262 -0.3036061 -0.5788011 -0.3260376 -0.1000735 -0.1816059 -0.0484660 -0.1152169 -0.0823598 -0.2335792 -0.2039193 -0.1551917 -0.0304874 -0.2427769 -0.3799055 -0.3293670 0.0198749 0.7323415 0.7019546 0.6581686 0.0827598 -0.0149917 0.0524990 0.2949983 0.2359716 -0.1039050 -0.3077527 -0.3820205 -0.3394161 -0.0439805 0.2057578 -0.2449131 0.6626793 0.6684640 0.3404094 -0.0120096 0.6530121 0.1657136 0.0396023 0.4539928 0.6175914 0.8047401 0.2142389 -0.4321050 0.6211517 0.7971246 -0.2312892 0.6625964 0.6368468 0.6835683
-0.1734125 0.6549221 -0.0319765 0.1895325 -0.3773214 0.7580253 0.8955738 -0.1122400 0.7270087 -0.1577659 -0.2411684 0.0000000 -0.2666222 -0.1023967 0.8531082 -0.3623400 -0.4529057 0.1949212 -0.5390015 -0.3512322 0.9943312 -0.5533723 -0.5121215 0.6336480 -0.5179096 -0.4830463 -0.5263937 0.4849600 0.9267101 -0.2241558 -0.6009575 -0.5382957 0.6875422 0.9091427 -0.5393948 0.9686763 -0.5607958 -0.4978823 -0.6885443 -0.3982878 -0.6232393 0.9636829 -0.5667932 -0.4231308 0.6798390 -0.5149408 -0.6172047 -0.5955522 0.1312019 -0.5232975 -0.4832447 -0.5329569 0.6630949 -0.7810376 -0.5658285 -0.5534579 -0.5853701 -0.5353136 0.6694775 -0.5583387 0.6117286 -0.4836013 -0.5257618 0.3912741 0.3823297 -0.6350167 -0.4076548 -0.4364478 -0.4663750 0.1745094 -0.5144458 0.5949646 -0.4083061 0.5469817 -0.4797114 0.2387535 0.6559637 -0.2358472 -0.2023911 0.1166973 -0.2721125 -0.2670442 -0.5384542 -0.5787043 -0.7540156 -0.5809502 -0.7112017 -0.7563252 -0.6066339 -0.5647117 -0.5056650 -0.5909681 -0.4662531 -0.7962731 0.2190515 0.3370882 -0.7553726 -0.5220078 -0.0886039 -0.8176448 -0.0564198 -0.5727628 -0.0749015 -0.7409610 -0.1459950 0.5373888 -0.4250402 -0.2599640 -0.1568512 -0.3546363 0.5255132 -0.1905746 -0.0127936 -0.4689767 -0.3509660 -0.5400121 -0.5307608 -0.6241180 -0.6236457 -0.4530560 -0.4385539 -0.3954056 -0.0191749 -0.6659597 -0.3627142 0.2767367 -0.2796155 0.5753369 0.0391831 -0.0186825 -0.0496388 0.6403933 0.1724930 0.6214956 0.2149509 0.6335851 0.4918262 0.0833381 0.1536095 -0.0092112 0.5531129 0.0327136 0.1111597 0.5628490 -0.0670434 0.3624249 0.0610744 0.3352791 -0.0772236 0.4763644 0.0585454 0.3361852 0.1431555 0.2783693 0.5989016 0.4658322 -0.1431864 0.3536189 -0.1577491 -0.0284178 0.4738559 -0.0392035 0.1764521 -0.1319955 0.4526272 0.5016290 0.1147897 0.0245941 -0.0399749 -0.7287326 0.1801528 -0.4056280 -0.0425536 0.5163729 0.8875055 0.8773361 0.8526467 0.6591861 0.8588013 0.6733631 0.2016157 0.6487880 0.8229938 0.7280059 0.5081753 0.1588770 0.1072739 0.1219933 0.7220709 0.7209781 -0.1272543 0.4967993 0.5204946 0.4008002 0.5138413 0.4973574 0.5878482 0.7436406 -0.1209831 0.4724084 -0.4297756 -0.3790013 0.0906901 0.2855677 -0.5272946 -0.3150339 0.3938285 -0.3769890 -0.4180302 -0.1328905 -0.0924829 0.4527851 -0.6943183 0.0723069 0.4379037 -0.4692595 0.1826755 0.0483331
-0.0965733 0.3130934 0.7673125 0.5982412 0.8656714 0.2398628 -0.0394646 0.8141385 0.0172907 0.6906284 0.8293948 -0.2666222 0.0000000 0.4748631 -0.3119355 0.8923993 0.7485530 0.1867419 0.7554006 0.6716226 -0.2767775 0.7695044 0.7421839 -0.5627945 0.7281497 0.8354200 0.4796912 -0.4881460 -0.2024424 -0.0514084 0.7635256 0.7264123 -0.7155796 -0.4501659 0.7397255 -0.2814233 0.7095721 0.6810435 0.3590822 -0.0205877 0.7270843 -0.3390894 0.6202035 -0.0540060 0.2533013 0.5944601 0.6559682 0.6049985 0.3683940 0.5741700 0.7507388 0.5871353 0.1180321 0.6485194 0.5177264 0.5306021 0.6676062 0.8251694 -0.0908603 0.7425987 0.2290038 0.8334246 0.7256506 0.6009705 0.5799889 0.7097699 0.7726317 0.7705516 0.6093561 0.7458351 0.7079790 0.3204054 0.7436448 0.4379653 0.7456277 0.6902697 0.0736238 0.6799275 0.8469003 0.6283450 0.7187788 0.2848651 0.0807604 0.2593845 0.3878445 0.3905369 -0.0606690 0.2568507 0.3267073 0.1967465 0.0927455 0.4781562 0.3139178 0.2127445 -0.2688045 -0.6161169 0.2122321 0.2112213 -0.1644179 0.2444962 0.1314931 0.5046951 0.0029387 0.2758588 -0.3804334 -0.4718783 0.4855682 0.0215874 -0.2322229 0.1568165 -0.5420484 0.1261758 0.2228900 0.3876801 0.2284552 0.2719090 0.2417116 0.4302381 0.1632032 0.3411135 0.3219879 0.3054260 -0.5278676 0.4338524 0.2379803 -0.5915506 0.4115526 -0.6321006 -0.2271449 0.5013013 0.3337684 -0.5787166 0.3271608 0.2016295 -0.3479399 -0.4524605 -0.1157805 -0.2688925 -0.1683195 -0.3189621 -0.3779928 -0.2857040 0.4585737 -0.4228041 -0.1133765 -0.2884914 -0.2485528 -0.4380198 0.2244672 -0.3717624 -0.1790440 -0.5781080 -0.3138876 -0.3005826 -0.3622184 -0.4761401 -0.0623282 -0.6864703 -0.0236708 -0.0226024 -0.3335492 -0.0259201 -0.2425678 0.0004015 -0.3852035 -0.4613049 0.0628121 -0.3269453 -0.2728171 -0.1137807 -0.2832814 -0.1640398 -0.0087008 -0.1830813 0.0022851 -0.1544114 -0.1387104 -0.2579458 -0.2703373 -0.2465937 0.3014485 -0.1539400 -0.4062595 -0.1898749 0.0672562 0.6944872 0.7528354 0.7641825 -0.0515735 -0.1019183 0.1668709 0.2345723 0.1304291 -0.1880395 -0.4919197 -0.4626406 -0.5633572 -0.2707027 0.4221878 -0.5319657 0.5627503 0.5044994 0.2181169 -0.3307338 0.6747040 0.4148617 -0.2971094 0.5115048 0.5504362 0.6882990 -0.2560989 -0.5213530 0.6300229 0.5928910 -0.1493434 0.6500591 0.6364953 0.7702867
0.1144857 0.0797054 0.2279386 0.7482307 0.3795545 0.2889817 -0.0496286 0.7335015 0.3434226 0.5856206 0.6973427 -0.1023967 0.4748631 0.0000000 -0.0934754 0.7374756 0.6572715 0.4982240 0.6488442 0.5347264 -0.1288213 0.5390004 0.6122926 -0.3959115 0.5645768 0.5888413 0.8753483 -0.0986991 -0.0881220 0.6686376 0.6258634 0.5393417 -0.3817477 -0.1147183 0.6087729 -0.0246430 0.4879249 0.4819798 0.6772897 0.5455075 0.4282100 -0.1499327 0.6522560 0.2971115 0.2021656 0.5073576 0.5766673 0.4907127 0.6005628 0.4857664 0.6183920 0.7245743 0.4623258 0.4480814 0.4789461 0.4447515 0.4757041 0.3693973 -0.0471128 0.6356456 0.1772283 0.6427139 0.2574218 0.5699680 0.3421243 0.3929726 0.6015807 0.5522197 0.2975178 0.6067694 0.5580104 0.5727121 0.4843307 0.4121731 0.4000060 0.4877858 0.4312091 0.2625363 0.3213918 0.3514141 0.1286599 -0.4985911 -0.0017028 0.2883194 0.3359576 -0.1195194 0.0005886 0.3821362 -0.1854341 -0.0395092 -0.1539671 0.1121278 -0.1714261 0.2915365 -0.5045735 -0.4195022 -0.0331944 -0.0602133 -0.2642812 0.3172797 -0.1044094 -0.1482877 -0.1772605 0.2456427 -0.1091668 -0.1725847 -0.0752242 -0.2984091 -0.0722970 -0.3419734 -0.0617235 -0.4397721 -0.3071138 -0.0130165 -0.2102657 -0.0158134 -0.0741150 -0.1653304 -0.0441421 -0.2326345 -0.2238764 -0.1982797 -0.4291759 0.2922683 -0.0930086 0.0846486 -0.1484845 -0.3981753 0.1762339 -0.2619931 -0.0725545 -0.2676711 0.0134681 0.0266048 -0.3467695 -0.3999444 -0.0965219 0.1124484 -0.0336296 -0.2893965 -0.2042064 -0.1904148 -0.0940094 -0.2164252 0.1317958 -0.5015191 -0.0598767 -0.2262249 0.1337511 -0.4992574 -0.4988926 -0.3563252 -0.2250420 -0.2222302 -0.5043999 -0.3339264 -0.4950480 -0.3952715 -0.2596291 -0.3452739 -0.3827382 -0.4121850 -0.2338836 -0.4517514 -0.5056705 -0.2773507 -0.0787458 -0.0854674 -0.5086375 -0.2999218 -0.1116850 -0.2736254 -0.2422180 -0.2222416 -0.1877772 -0.0640594 0.0175648 -0.0081746 0.0251553 0.0430925 0.0194713 -0.0866480 -0.1476031 -0.2893523 -0.0031816 0.3357339 0.2846775 0.2438217 0.2803493 0.1890179 -0.3282235 0.4366302 0.1191730 0.1726766 -0.0017484 -0.0146794 -0.2702581 -0.0061844 0.0775347 0.0311867 0.3533468 0.3515258 0.3412113 0.2811255 0.3530929 -0.0062081 0.0497162 0.0672049 0.1440458 0.4028934 0.2013431 -0.2105153 0.3209098 0.6885600 0.0206707 0.2886112 0.4228330 0.6122571
-0.1200213 0.4564041 -0.0460342 0.0526408 -0.3079251 0.5980347 0.7557853 -0.1880426 0.7919757 -0.1687833 -0.2217573 0.8531082 -0.3119355 -0.0934754 0.0000000 -0.3283956 -0.4049651 0.4760119 -0.4669610 -0.3873918 0.8279219 -0.5570954 -0.4934792 0.8609859 -0.4854905 -0.4645983 -0.4559362 0.7512404 0.9386031 -0.0234254 -0.6112325 -0.4747271 0.8370384 0.9350772 -0.5579203 0.7585044 -0.4555451 -0.5292163 -0.6486326 -0.1571665 -0.6343428 0.8156493 -0.5796889 -0.1502657 0.6535127 -0.4956079 -0.5365422 -0.6224257 0.1749933 -0.5563884 -0.4453977 -0.5994353 0.5762802 -0.7875319 -0.5876136 -0.5221549 -0.4699034 -0.4203367 0.4123682 -0.5142976 0.5379253 -0.5214363 -0.4583778 0.2366029 0.4026152 -0.5053897 -0.4208929 -0.4558894 -0.3743440 0.0619914 -0.4942325 0.3553149 -0.4588511 0.3348104 -0.4248790 0.0477599 0.3782394 -0.1936287 -0.3415422 -0.0891069 -0.2890693 -0.3467789 -0.4927027 -0.6367062 -0.5972049 -0.6274912 -0.7844297 -0.5350291 -0.5452385 -0.3508860 -0.4933013 -0.6212605 -0.4179991 -0.6643058 0.0459906 0.1455385 -0.6218738 -0.2833030 -0.2036440 -0.6353342 -0.3550225 -0.5062283 -0.2013828 -0.6972091 0.0321619 0.2508193 -0.3232282 -0.2101093 0.0583649 -0.1672495 0.3472163 -0.0063729 -0.0646349 -0.3284847 -0.1637154 -0.3421079 -0.3169439 -0.4450569 -0.4127983 -0.1929723 -0.1790070 -0.1699429 0.1122393 -0.5076935 -0.0345272 0.3561467 -0.0478886 0.6108315 0.3328869 -0.0314816 0.2651888 0.6652060 0.2328706 0.4090356 0.2730639 0.5172208 0.6540481 0.3281958 0.3916858 0.0789884 0.4108733 0.2011808 0.1237665 0.5050491 0.2515788 0.3303231 0.2887025 0.4705026 -0.2025450 0.4387560 -0.0281313 0.5239443 0.3830924 0.1343250 0.6296349 0.3938254 -0.1522109 0.4983116 -0.2475168 -0.1951615 0.5310217 -0.0766565 0.1079449 -0.1676509 0.5163394 0.4571698 0.1288047 -0.1307770 -0.1383451 -0.6152520 0.1886825 -0.4879551 0.0166642 0.6637010 0.7414000 0.5899769 0.5236666 0.4699402 0.5655519 0.4316618 0.0314253 0.3573248 0.5568375 0.4705411 0.2547855 0.1576403 -0.0219469 0.0518744 0.4323622 0.3847449 0.0544621 0.2004485 0.2148699 0.2635441 0.3675572 0.3136481 0.6398108 0.5041139 -0.2224602 0.5484039 -0.2217003 -0.2147906 0.3265509 0.3945205 -0.3844124 -0.0601635 0.4083466 -0.3413108 -0.2307372 -0.1047657 0.2105702 0.4216364 -0.4450168 0.1068338 0.1849468 -0.3116549 0.1841170 -0.1732792
0.0488421 0.2143910 0.6879908 0.7393503 0.7901803 0.2136790 -0.1280390 0.9164423 0.1413405 0.7840502 0.9543062 -0.3623400 0.8923993 0.7374756 -0.3283956 0.0000000 0.8639064 0.4179640 0.8903556 0.6818707 -0.3751161 0.8714603 0.8577836 -0.5994018 0.8519642 0.9188989 0.7429939 -0.4160206 -0.2654897 0.2594467 0.8921102 0.8197434 -0.7088078 -0.4416716 0.8462838 -0.3183802 0.7962018 0.7340306 0.6290658 0.2751530 0.7761122 -0.4140209 0.7909481 0.1847294 0.2186365 0.6680257 0.7909321 0.6790575 0.5824040 0.6414753 0.8526927 0.7742589 0.2374014 0.7369544 0.6103819 0.6016164 0.7446074 0.8088813 -0.1606881 0.8356251 0.2313260 0.9164338 0.6995235 0.6284123 0.5644267 0.7411522 0.8349128 0.8043233 0.5814265 0.7708614 0.8086947 0.3663599 0.7493915 0.4067983 0.7447204 0.6363392 0.1260579 0.6298534 0.6880133 0.5220303 0.5231495 -0.0978159 0.1320298 0.3515270 0.5103367 0.3198613 0.0701310 0.4774763 0.2691752 0.2293697 0.1394689 0.4963869 0.1524771 0.4190281 -0.4239583 -0.6409968 0.3330420 0.2076275 -0.2015975 0.4329240 0.0266388 0.3324830 -0.0591476 0.3831584 -0.1332029 -0.4857049 0.3389923 -0.0522308 -0.0159126 0.0257707 -0.5152009 -0.0373836 -0.0282753 0.2654320 0.1136743 0.2382401 0.1828417 0.2968699 0.1545303 0.1657496 0.1321096 0.1169813 -0.5783746 0.4497986 0.2147390 -0.3748067 0.1574678 -0.6813883 0.0087574 0.1495528 0.2636849 -0.5713502 0.0951439 0.0584084 -0.4127502 -0.6294407 -0.1285245 -0.0262475 -0.0583835 -0.2298858 -0.5013217 -0.1566569 0.1832299 -0.4129991 0.0873053 -0.5219273 -0.0730273 -0.3479670 0.1309861 -0.5153916 -0.3505714 -0.5059046 -0.1939803 -0.3987644 -0.5568806 -0.5860195 -0.3222290 -0.6165890 -0.1599476 -0.2335059 -0.5438364 -0.2619955 -0.4118429 -0.2238073 -0.5744761 -0.6067820 -0.1538281 -0.2695094 -0.4515653 -0.1698791 -0.4072224 -0.2405856 -0.0763322 -0.2027640 -0.1699147 -0.2459120 -0.2060990 -0.2886807 -0.3140594 -0.2505446 0.0581347 -0.2938593 -0.4975302 -0.4131024 -0.0804450 0.6676687 0.6314278 0.5955260 -0.0202345 -0.0986200 -0.0410442 0.2487512 0.1092993 -0.1668589 -0.4309269 -0.4355053 -0.5028806 -0.2181739 0.2792234 -0.3530114 0.6974526 0.6393939 0.3309291 -0.1124150 0.7049427 0.2848689 -0.1315669 0.4538586 0.6110420 0.7228196 0.0972206 -0.4745081 0.7095875 0.7160362 -0.1913149 0.7034474 0.5563602 0.7060358
0.1156095 0.0814389 0.6602324 0.5140687 0.6199040 0.1318409 -0.1500578 0.7113818 -0.0452774 0.7891309 0.8560770 -0.4529057 0.7485530 0.6572715 -0.4049651 0.8639064 0.0000000 0.2299950 0.7324140 0.6213123 -0.4703727 0.7222268 0.7753530 -0.5121266 0.7014226 0.7599153 0.7502201 -0.2869440 -0.3110516 0.3119136 0.7324813 0.6579782 -0.5987949 -0.4729391 0.7088359 -0.4366981 0.6159123 0.5634513 0.5839034 0.1918691 0.6164664 -0.4989495 0.6606639 0.3144228 0.0182105 0.4809643 0.6558803 0.5436500 0.5115978 0.4760375 0.6616946 0.6617497 0.0279487 0.6940283 0.4732439 0.4474331 0.5951635 0.6915309 -0.2064437 0.6840238 0.0933344 0.8193227 0.5902655 0.4132329 0.3122635 0.6303243 0.6628526 0.6389551 0.4370904 0.5603664 0.6658548 0.1706489 0.6468720 0.1394704 0.6137289 0.4553958 -0.0509319 0.4519157 0.5560799 0.4562223 0.4224288 -0.1095408 0.1562165 0.6159900 0.7347358 0.4501142 0.2932121 0.5979438 0.4792389 0.4905735 0.3616495 0.6542572 0.2604702 0.5243660 -0.1297813 -0.5807422 0.3760449 0.2508733 0.1248070 0.5224225 0.1025229 0.3796267 -0.0164636 0.4270379 -0.2200223 -0.5267970 0.4774871 0.0521220 -0.0130030 0.1819548 -0.4733896 0.0991173 -0.0327652 0.2493107 0.1366640 0.3341007 0.1888497 0.2865896 0.1902170 0.2169460 0.1523909 0.0939752 -0.5859263 0.4790347 0.2530569 -0.2058353 0.1426440 -0.5801004 -0.0123652 -0.0120567 0.1673119 -0.5597022 0.0298496 -0.1170876 -0.4859832 -0.5735766 -0.2268253 -0.0475055 -0.0984749 -0.0897025 -0.5217170 -0.1919560 0.0417016 -0.3047281 0.0482362 -0.5184025 -0.0390562 -0.3030457 -0.0105643 -0.5245523 -0.1889061 -0.4032334 -0.1863286 -0.4346571 -0.4867002 -0.5930240 -0.2251693 -0.5620123 -0.1991974 -0.1457148 -0.5557064 -0.3454626 -0.4446303 -0.0570823 -0.5743761 -0.5758964 -0.3083655 -0.1750422 -0.2827435 -0.0357807 -0.5355763 -0.1708241 0.0299392 -0.2289083 -0.2097792 -0.2252309 -0.2314313 -0.1952316 -0.3240905 -0.1500498 0.0325630 -0.3720690 -0.5468895 -0.5033263 -0.1801993 0.4416572 0.4397712 0.4053643 -0.0368476 -0.1113478 -0.0114485 0.2198688 0.1473919 -0.0970826 -0.3047158 -0.3375570 -0.3283273 -0.1455034 0.4620739 -0.2410247 0.4248313 0.4360137 0.0950567 -0.1736523 0.7052304 0.2861402 -0.0625745 0.2490786 0.3924027 0.6784314 0.0329200 -0.3835126 0.7048428 0.7558723 -0.1222110 0.4906222 0.6769344 0.6410425
