0.0000000 0.2520042 0.4405647 0.0356803 0.5555428 -0.0056884 -0.0291155 0.0367643 -0.0652351 -0.1111820 -0.1679069 0.3338315 0.1039939 -0.2725251 -0.0247542 -0.1072164 -0.2825418 0.0169235 -0.0528972 0.2612882 0.2513805 -0.0176324 0.0005119 0.1543112 -0.0067972 0.0196197 0.0906561 0.1612262 0.0641348 0.0037155 0.0958427 0.2125160 0.0836201 0.0501772 0.0303493 0.1111909 0.1113554 0.0217259 0.0582558 0.1594762 0.2262108 -0.0388430 0.0878636 -0.0184262 0.0076064 -0.2006641 -0.1420227 0.1952633 0.0452593 -0.2174171 -0.0160019 0.1493691 0.0731029 -0.1630404 0.0381347 -0.2048709 -0.0366453 -0.0088812 0.3068634 0.1048664 0.3246187 0.1143861 0.4264562 0.1047566 0.1410022 0.0880132 0.0722220 -0.0630247 0.1719923 0.0981491 0.0015354 0.0789352 0.1030114 0.3594447 0.2841221 0.2210268 0.2212694 0.0914406 0.0982510 0.4400993 0.1981307 -0.4207134 -0.2340551 -0.1344630 -0.2728391 -0.1033525 -0.1923845 -0.4091116 -0.2510860 -0.2366642 -0.1182093 0.2226358 -0.0542625 0.0592371 -0.0408882 0.2633277 0.2229755 -0.1029055 -0.0905211 0.3875783 -0.2310257 -0.2598661 -0.2983558 -0.1618392 0.1876862 0.1448315 -0.0960705 -0.2081431 -0.0206466 -0.1507951 0.0732650 -0.0690206 0.1049892 -0.0654934 0.0350637 0.0307432 0.1320907 0.2730579 0.0873058 0.3385560 0.3466540 0.3171290 0.5314124 0.0931039 0.3712065 0.2744683 0.2385440 -0.0223767 0.2695467 0.0568171 0.2611971 0.0040776 0.0121489 0.0047046 0.4565150 0.1361542 0.0108759 0.2442116 0.0585530 0.1614165 0.2609639 0.3216763 0.5419355 0.3065133 0.2278587 -0.2166832 0.1559227 0.0580507 0.4906569 0.3901710 0.3684527 0.3179918 0.1145737 0.1153421 0.0881044 -0.0342969 0.5200344 0.0647802 0.3694604 0.6505978 0.0036230 0.2344838 -0.0707721 0.5046598 -0.3010577 -0.0393868 0.1250413 0.2713655 0.3924091 0.3157586 -0.2418459 -0.0298938 0.0090509 -0.6125113 -0.1845114 0.0858388 0.1968019 -0.0027324 0.1930914 0.1762633 -0.0125461 0.0912659 -0.0500560 -0.0500091 0.5763960 0.3887237 0.5844871 0.6229804 0.3932181 0.2113470 0.1762424 0.2337861 0.2084804 0.0232827 0.1057191 -0.1439337 0.0150862 0.3316149 0.3715618 0.1500780 0.6680399 -0.0266233 -0.1845357 -0.2067301 0.4142796 0.4682766 0.1347021 0.4308920 0.4365919 0.0921360 -0.2635526 -0.0607773 0.5524211 0.1517712 0.0372044 0.5444593 -0.2308055 0.1396630
0.2520042 0.0000000 0.6267013 0.7666976 0.3108632 0.7641521 0.0599905 0.7465092 0.7590615 0.6880841 0.4669719 0.5484966 0.6016615 0.6515847 0.6715966 0.5172802 0.3713802 0.4507079 0.6172777 0.2713301 0.4350901 0.7118894 0.3973201 0.5547662 0.7055138 0.5980362 0.2813162 0.3089014 0.5905655 0.4574765 0.7086161 0.6337580 0.2869479 0.5711585 0.5737314 0.4183526 0.6524236 0.4965453 0.3831569 0.0446776 0.2637052 0.4811810 0.5944118 -0.3454679 0.5624698 0.4596675 0.5381719 0.2064636 0.4303221 0.3048376 0.5881217 0.3311078 0.6931536 -0.5995417 0.1783395 0.2650304 0.6091996 0.5823248 -0.1277970 0.6473584 0.7199268 0.5049578 0.1831948 0.7630843 0.7684563 0.5316091 0.5698662 0.1959091 0.3661947 0.6838874 0.6235550 0.8065666 0.5147609 0.8182245 0.4543608 0.6327022 0.8244675 0.6945361 0.5777640 0.7019820 0.5657109 0.0797918 0.2956394 0.1742797 0.2565605 -0.0270635 0.0867681 0.0004887 0.0577977 0.0640610 0.0775665 0.1499297 0.2337052 -0.3133140 0.2571080 0.0139783 -0.0761186 0.3921840 0.1742994 -0.1802504 0.2269835 0.2158501 0.0921554 -0.0533435 -0.0377749 0.1815098 0.1404558 0.1951119 -0.0581197 0.2522559 0.0100451 0.3737101 0.3686082 0.3412331 0.3338883 0.2923332 0.3448197 0.2674071 0.3592405 0.2862217 0.3455374 0.3812394 0.1548137 0.5007959 0.3424540 0.2815036 0.3760695 0.0043460 0.2512800 0.6826837 0.4366654 0.1598433 0.5164820 0.3341067 -0.2620718 -0.0711626 0.6366252 0.2298161 0.1373648 0.2720431 -0.3220218 0.1518609 0.0967373 0.1576524 0.0497157 0.2948354 0.1098904 0.0499727 -0.1163156 0.0921605 0.0339121 -0.0213328 0.0708768 -0.2002554 0.2007346 0.1469293 -0.2041989 0.0081046 0.1568016 -0.0042416 0.2333632 0.0037342 0.3530598 -0.2406324 0.0971902 0.1721082 0.2918929 -0.0974457 0.0462685 -0.1736631 0.2172796 0.0613762 0.3182653 -0.0756751 0.3118198 0.1347230 -0.0517923 -0.4312114 0.1192332 -0.1084453 -0.2409842 0.2029021 -0.1205291 0.3158746 -0.0483445 0.4485519 0.1186349 0.1628887 0.8043054 0.7734356 0.1396715 0.7391821 0.7386586 0.0680540 0.2384041 0.1850526 0.1440160 0.6182789 0.6316228 0.2053945 0.5138355 -0.4104979 -0.1918871 0.1086792 0.0803872 0.4804178 0.1542686 0.3847124 0.0816438 -0.0698081 0.2724664 0.6806770 0.3791264 0.3248833 0.6210066 0.3930757 0.0281624 0.3445124
0.4405647 0.6267013 0.0000000 0.6092955 0.5506759 0.4992101 0.2431124 0.5760164 0.4764923 0.5283682 0.4017799 0.3807096 0.7335566 0.2244856 0.3946294 0.4538834 0.3578768 0.3262453 0.4350147 0.5150398 0.2451734 0.5449836 0.3806752 0.1609497 0.4753365 0.4629472 0.5179880 -0.1295483 0.1648860 0.2568299 0.6950637 0.5294332 -0.0576916 0.1272279 0.5114465 0.3702516 0.5124083 0.4703108 0.4147132 0.0094324 0.2615058 0.2534014 0.5235741 -0.3451742 0.3378431 0.2551529 0.3789176 0.3239707 0.2223691 0.2309890 0.4686123 0.4155942 0.3537583 -0.0601462 0.2940179 0.1706912 0.4011102 0.4580782 -0.2007983 0.5052918 0.6136929 0.4059490 0.3769210 0.5201524 0.5038795 0.3887430 0.4488862 0.2851635 0.4417499 0.5261207 0.4768740 0.5412404 0.4830524 0.6499550 0.5091659 0.5594275 0.6475888 0.5954111 0.5709338 0.6550200 0.5118188 -0.2338912 -0.1082489 0.0067786 -0.0122346 -0.0241598 0.2119283 -0.2662801 0.1069749 -0.0094454 0.0839650 0.3464272 0.3064533 0.0222040 0.1215085 0.3485000 0.1352614 0.2433771 0.2166899 0.1356663 0.2519609 0.3271827 0.2443761 0.2779903 0.1982058 0.3035498 0.3180384 0.2583600 0.2596344 0.4151966 0.2881745 0.4695058 0.4279052 0.4107459 0.3580782 0.4247556 0.4084370 0.3135079 0.4344564 0.2804156 0.3318971 0.3433370 0.4936903 0.4286706 0.3454102 0.2445046 0.3537304 0.3573066 0.2662959 0.4687371 0.3302165 0.3692183 0.4016614 0.4546601 0.1094739 0.3508649 0.6137095 0.2273781 0.1599657 0.2372552 0.1439332 0.2373548 0.4376994 0.4022071 0.3577679 0.5055922 0.1581151 0.0340452 0.2072431 0.3802469 0.4008362 0.4468493 0.1469494 0.3921205 -0.0589570 0.4010187 0.2437519 0.3944148 0.4733774 0.4029479 0.2891327 0.3751150 0.4787881 0.2420786 0.1851200 0.5040994 0.6831976 0.2590134 0.3783957 0.3363234 0.3274680 0.3567068 0.3393551 -0.3043271 0.0166842 0.2271035 0.0796676 -0.2747694 0.1185068 0.0181468 -0.2805022 0.0855264 -0.2903433 -0.0591812 0.0422753 0.4465594 0.2158046 0.3283972 0.6884458 0.5893217 0.1252441 0.5326202 0.5631408 0.1327310 0.2283827 0.0052384 0.0627139 0.5271125 0.5941093 0.0635057 0.7490693 -0.1005599 0.1462134 0.1957570 0.3296987 0.6759987 0.1483107 0.3287901 0.5886624 0.1178416 0.2698651 0.4108772 0.4266499 0.3264945 0.3521494 0.3610006 0.0309076 0.4001569
0.0356803 0.7666976 0.6092955 0.0000000 0.2455020 0.9260854 -0.0099864 0.9725599 0.7793343 0.9489735 0.8431818 0.4852389 0.7840355 0.7253897 0.6415809 0.8708015 0.5082068 0.3049838 0.8733108 0.2167859 0.4257320 0.8500452 0.5535628 0.2931027 0.9101317 0.8404054 0.4258084 0.1027366 0.5886555 0.5114841 0.7746049 0.6350350 -0.0158786 0.4582301 0.8710228 0.4374501 0.8458254 0.7294945 0.6389231 -0.0367284 0.3472986 0.4895789 0.8646127 -0.6089523 0.7496554 0.7035954 0.7888969 0.2947150 0.2702867 0.6352542 0.8841048 0.6134332 0.7323853 -0.3197191 0.3687609 0.5154652 0.8213935 0.7315594 -0.4677659 0.8913431 0.7008492 0.7941168 0.0664631 0.9140328 0.8263858 0.6295498 0.7772226 0.5733055 0.4472914 0.9022369 0.8554485 0.9449542 0.8220953 0.7827229 0.4542429 0.8291611 0.8970085 0.8266078 0.7960964 0.7189678 0.5534926 -0.0729887 -0.0388454 0.1281078 0.2795285 -0.2376710 0.0994316 -0.0005075 -0.0759976 0.1124187 0.0672503 0.0076848 0.1762276 -0.3313043 0.0441745 0.0439708 -0.1642937 0.3440996 0.0369739 -0.1393426 0.2694901 0.1648834 0.0970592 0.1871356 -0.0535195 0.1708345 0.0994210 0.1716606 -0.1203817 0.3002424 0.0418299 0.3756089 0.3519023 0.3583978 0.2824115 0.2940165 0.3604650 0.2074111 0.2954254 0.0763009 0.2027705 0.2766034 0.2243361 0.3740292 0.1072227 0.2393600 0.4261704 0.2707338 0.0614022 0.6124479 0.2890343 0.3353359 0.6792700 0.4060336 -0.1919448 0.1277888 0.6912702 0.0676731 0.1084248 0.3116139 -0.1847962 0.0209425 0.3366039 0.3125698 0.0356718 0.4506818 0.0277065 -0.0113890 0.0971556 0.1331126 0.1030906 0.1708432 0.0288077 0.0595906 -0.0512172 0.2660828 -0.1242344 0.1883953 0.1201407 0.0520629 -0.0748194 0.2401634 0.4965810 -0.0097230 0.1022474 0.5223951 0.3670285 0.0001148 0.0477218 0.0422933 0.4828866 0.2778281 0.3280669 0.0092918 0.2204107 0.0958863 -0.0245038 -0.4713791 0.1617258 -0.0074373 -0.1994948 0.2691867 -0.2145413 0.4079928 -0.2868663 0.5343231 -0.0766253 0.0566594 0.7624626 0.8028039 -0.0172453 0.7140835 0.6727149 0.0980628 0.1242279 0.2740735 0.1799809 0.4527399 0.7550966 0.1726424 0.2775988 -0.4135740 -0.3843314 -0.0556373 -0.0192839 0.4446668 0.0433525 0.0573915 0.1073708 0.0300350 0.1433235 0.6906443 0.3817819 0.2740396 0.6542403 0.1041108 -0.0525874 -0.0109423
0.5555428 0.3108632 0.5506759 0.2455020 0.0000000 0.2213993 0.1044342 0.3381992 -0.0269844 0.1366166 0.2921378 0.1300108 0.5411575 0.0167429 -0.2308585 0.3441076 0.1764743 0.0146869 0.3915341 0.6708677 0.0541824 0.3261447 0.5750701 -0.2920888 0.3235112 0.4400152 0.1307460 -0.1841039 -0.2472631 -0.1124954 0.3898300 0.6356227 -0.4275526 -0.3101636 0.3211617 0.1175040 0.4864965 0.5131761 -0.0734244 -0.2909058 0.6054548 -0.2048208 0.1762486 -0.5007991 -0.0011937 0.3500617 0.2989922 0.6590426 -0.3560001 0.2125814 0.2865883 0.0302153 0.0114937 -0.0853653 0.6155016 0.3971915 0.3737939 0.0489672 0.3269178 0.2731066 0.5113959 0.4326105 0.8215923 0.2471772 0.2411822 0.5914023 0.3915570 0.1200348 0.7138178 0.2275893 0.3788924 0.1912000 0.2419406 0.4261897 0.7313463 0.2802187 0.2973038 0.4908384 0.2313214 0.3189932 0.3319746 -0.4143951 -0.1179561 0.1088886 0.0065865 0.1901254 0.3026777 -0.3892820 0.0017349 -0.0565821 0.2383029 0.3868262 0.1686449 -0.2074210 0.4092138 0.2658846 0.0204217 0.1634323 0.1241856 0.1196854 0.1127630 0.2604620 0.2918516 -0.1958926 0.0738051 0.1823887 0.3425801 0.1764582 0.2081002 0.3395110 0.4194209 0.3210166 0.2566192 0.2479700 0.3857489 0.3304159 0.3336848 0.4827085 0.4368616 0.3688524 0.3146462 0.1915123 0.2845889 0.4778223 0.4101299 0.1090081 0.0133652 -0.1905110 0.1299106 0.1630634 0.1182656 0.2739368 -0.0134013 0.0573320 0.2766350 0.0677886 0.0296589 -0.0020925 -0.2644889 0.0640605 -0.0174789 0.0863254 0.2850512 0.2346661 -0.1458599 0.0138775 -0.1955617 -0.2556623 0.1003673 0.1886851 0.1853883 0.1701811 -0.1835843 0.0683215 -0.5156500 0.2906881 0.4314872 -0.0330136 0.2832968 0.4877611 -0.1250684 -0.0311858 0.0058410 0.3316715 -0.4286313 0.0862288 0.2334941 0.1315726 0.1001837 0.0020581 -0.0417824 -0.1469566 0.1867720 -0.0445809 -0.0100341 0.0435377 0.0602489 -0.1439458 0.0728261 0.0438060 -0.2132840 -0.0561557 -0.0112849 0.0020421 0.6181017 0.4230647 0.6443053 0.5744449 0.3060217 0.0991168 0.2783094 0.1375789 0.0923276 0.1272563 0.0834508 -0.0503400 0.0288461 0.2160440 0.2888112 0.0966532 0.4858359 -0.2253469 0.0366131 0.0844383 0.5625889 0.4207840 0.0122969 0.2594102 0.4825774 0.0768314 -0.0400060 -0.0497053 0.4564861 -0.0131949 0.0343921 0.6129070 0.0118079 0.3638689
-0.0056884 0.7641521 0.4992101 0.9260854 0.2213993 0.0000000 0.0456013 0.9421468 0.6791744 0.9425092 0.8518567 0.3271604 0.7619119 0.7925898 0.5942220 0.8386654 0.6073901 0.3270015 0.8795182 0.2005311 0.2482794 0.8703965 0.6579714 0.2075436 0.9325048 0.8766019 0.3992691 0.1964837 0.5130515 0.5555323 0.7803778 0.7187740 -0.0884259 0.3846296 0.8861938 0.2600211 0.8979705 0.7787621 0.5709182 -0.0101090 0.4137220 0.4044822 0.8646080 -0.6362100 0.7463040 0.7896447 0.8468825 0.3713983 0.2247436 0.7504203 0.9118123 0.6182402 0.6669826 -0.2313620 0.4481002 0.6328004 0.8910139 0.7772725 -0.2825674 0.9261455 0.7136010 0.8511194 0.1118456 0.8595437 0.6997020 0.7176378 0.8570549 0.6195436 0.5537444 0.9056643 0.9288211 0.9026328 0.8150609 0.6609943 0.4878722 0.8111724 0.8150348 0.8406017 0.8021907 0.6048283 0.4299834 0.1000853 0.1815605 0.3271724 0.4587701 0.0061840 0.2608856 0.1456224 0.1360332 0.3429768 0.2057799 0.0374286 0.3512313 -0.3052484 0.2134055 0.1375056 -0.0200626 0.5156929 0.2678553 -0.2020471 0.4685549 0.2839415 0.2337283 0.2108155 0.1256928 0.3148563 0.2134137 0.3357770 0.0471230 0.4451756 0.2153246 0.4230013 0.5579993 0.5376530 0.4058419 0.4369217 0.5154934 0.3886226 0.3896875 0.2085966 0.3876056 0.4351102 0.0402360 0.3813638 0.2917197 0.2274014 0.5276911 0.2708395 0.1830066 0.7121555 0.4622483 0.3130366 0.7515727 0.3155124 -0.2678851 0.1933540 0.7473676 0.1537286 0.2389933 0.3253363 -0.1360460 0.0619641 0.1364553 0.1625156 0.0747136 0.4802567 0.1404229 0.1108056 -0.1295608 0.1559763 0.1082537 0.0262553 0.1128519 -0.0081097 0.0133889 0.1157080 -0.2937878 0.1745278 -0.0515419 -0.0666905 -0.1411066 0.2576850 0.3347289 -0.1545618 0.0859578 0.3766017 0.2778507 -0.2707287 -0.2053460 -0.0750508 0.3273431 0.0736438 0.4419663 0.1667218 0.1893330 -0.1162940 -0.2805280 -0.5722469 -0.0904366 -0.2177007 -0.3638585 0.1287757 -0.0108691 0.5086167 -0.2082776 0.3805527 -0.0437051 -0.0876398 0.6279449 0.7200628 -0.0715179 0.6190467 0.5763686 -0.0665603 0.0357341 0.1641694 0.0238323 0.2817099 0.6145602 0.1510954 0.1889709 -0.4619177 -0.4117964 -0.1674397 0.0879547 0.3199330 0.0755793 0.0776167 0.0224575 -0.1640411 0.1472927 0.6121013 0.2915798 0.2443905 0.6075850 0.1607145 -0.0507982 -0.0718223
-0.0291155 0.0599905 0.2431124 -0.0099864 0.1044342 0.0456013 0.0000000 0.0042301 -0.1272390 0.0237755 0.0230911 -0.0062482 0.2890343 0.1420300 -0.2644419 -0.1076611 -0.0166821 -0.3008992 0.0213981 0.4833560 -0.0524583 0.1031941 0.1117662 -0.4005682 0.0497333 0.0552391 0.1026317 -0.2830122 -0.2770906 -0.0122162 0.4284892 0.2020527 -0.3630470 -0.2904438 0.0182474 0.0400708 0.0245608 0.1656701 0.2855795 0.1849854 0.1872925 -0.0741623 0.0737536 -0.0079381 -0.0037198 0.0862682 -0.0276807 0.1446220 -0.3440478 0.2227773 -0.0123775 0.2372089 -0.2061343 0.2706446 0.2463723 0.1282836 -0.0101959 -0.0242894 -0.0054505 -0.0045146 0.0225403 0.0089975 0.0257746 -0.0663891 0.0396462 0.0053368 0.0811741 0.0827795 0.0040648 -0.0552639 0.1296492 0.0219730 0.0045716 0.0792845 0.1508076 -0.0163361 0.1248238 0.2022060 0.0963138 0.0825880 0.2051757 0.0864563 0.3443069 0.0911189 -0.0396302 0.4562867 0.4816200 -0.0383025 0.4805709 0.2631812 0.2763442 0.2838381 0.2983260 -0.1576289 0.1589171 0.0461272 0.1870735 0.2269857 0.2682118 0.0885461 0.0982512 0.3383727 0.4137039 0.1211322 0.3022052 0.0542934 0.3928234 0.1951423 0.4935625 0.2949302 0.2580598 0.2755510 0.3066503 0.2994141 0.2694553 0.3483719 0.2168841 0.2084157 0.3407129 0.2432743 0.1015544 0.0321899 0.3686625 0.3957039 0.3017955 0.0846976 -0.0828550 0.1317854 0.2725386 -0.0411971 0.0220761 0.1289629 -0.2647723 0.4302513 0.1928622 0.3368723 0.2335248 0.1486272 0.0808623 -0.0259160 0.1584498 -0.0104166 0.1318883 0.2415342 0.3299019 0.1734281 0.1033798 0.0078619 0.0360523 -0.0222424 -0.1989662 0.3895100 0.0990690 0.2281221 -0.3444449 0.3585884 -0.0046430 0.2127757 0.1227897 0.0092951 -0.2636509 0.1900827 0.2661851 0.0919157 -0.0842521 0.4040880 0.5932594 0.0146767 0.3221925 0.2958653 0.4462650 0.3013432 0.3355341 0.3091944 0.5340319 0.5447310 0.3451565 0.4594023 -0.0151855 0.0080546 -0.0398912 -0.2257001 -0.3467087 -0.3029443 0.0209306 -0.0340720 -0.1842331 -0.1024142 0.1147293 0.0921750 0.2125306 0.1383377 0.2239058 0.2304942 0.2355159 0.1085438 0.2227293 0.3054121 0.0846089 0.0866044 0.3646636 -0.1829542 0.1922556 0.4894919 0.3547465 0.4024195 -0.1309738 0.4422775 0.2390688 -0.0656003 0.0900220 0.2239065 -0.0304716 0.5039426 0.0096564 0.1317375 0.1433343 0.4652040
0.0367643 0.7465092 0.5760164 0.9725599 0.3381992 0.9421468 0.0042301 0.0000000 0.7294976 0.9554549 0.9000500 0.4192004 0.8457867 0.7764002 0.5472620 0.9255177 0.5931647 0.2320628 0.9491234 0.3081603 0.3719408 0.8935806 0.6953800 0.1696839 0.9529086 0.9056290 0.3833952 0.0901425 0.5362484 0.5150893 0.8175526 0.7275685 -0.1540812 0.3799735 0.9207798 0.3860343 0.9128117 0.8329075 0.6149464 -0.0693780 0.4789638 0.4166271 0.8667303 -0.7063601 0.7371208 0.8107433 0.8686623 0.4430360 0.1463153 0.7155653 0.9330886 0.5936516 0.6805330 -0.2783359 0.5101115 0.6397516 0.9000834 0.7186315 -0.3356977 0.9032959 0.7301998 0.8422094 0.1822876 0.8913538 0.7651714 0.7375528 0.8251990 0.5683406 0.5572545 0.9033197 0.9099523 0.9195647 0.8299805 0.7372980 0.5576523 0.8323357 0.8626853 0.8746507 0.7952361 0.6775702 0.5224871 -0.0311957 0.0100529 0.2523056 0.3853691 -0.1576238 0.1645491 0.0149454 -0.0548368 0.1543451 0.0787169 -0.0268341 0.1912717 -0.3355132 0.0883337 0.0539639 -0.1783187 0.3889387 0.0516197 -0.1897275 0.3425734 0.2319402 0.2088857 0.1616502 -0.0720868 0.1392791 0.1786578 0.2318161 -0.0924167 0.3887918 0.0714637 0.4268819 0.3635877 0.4080193 0.3806454 0.3435838 0.4115435 0.3149205 0.3690815 0.1423777 0.2481031 0.2924313 0.2186103 0.4491447 0.1792586 0.2361400 0.3827136 0.2356346 0.0640596 0.6123532 0.2973039 0.3644702 0.6516538 0.3405739 -0.2217681 0.1674114 0.6619638 0.0337500 0.0690585 0.2938236 -0.1511022 -0.0180867 0.2606679 0.3227550 -0.0362570 0.4485548 -0.0107703 -0.0345819 0.0368866 0.1356149 0.0807478 0.1458605 -0.0231554 0.0370844 -0.1315304 0.2942724 -0.1062150 0.1712158 0.0684312 0.0819214 -0.1893206 0.1785321 0.4457534 0.0023271 -0.0315915 0.5153028 0.3477053 -0.0611940 -0.0650869 -0.0441069 0.3951755 0.1118312 0.3172846 0.0740170 0.2162382 0.0509369 -0.0968441 -0.5019458 0.0929554 -0.0521547 -0.2591732 0.2303053 -0.0899740 0.4863962 -0.1762435 0.5092898 0.0094538 0.0699948 0.7000350 0.7363981 0.0273966 0.6442502 0.5969486 0.0806704 0.1049820 0.2484801 0.1800521 0.3848860 0.6918676 0.2158154 0.2770423 -0.3633906 -0.3164455 -0.0788523 0.0716955 0.4239027 0.0544312 0.0407060 0.1332670 0.0885133 0.1897420 0.6143523 0.4232796 0.2399718 0.6118768 0.1609079 -0.0076971 0.0119869
-0.0652351 0.7590615 0.4764923 0.7793343 -0.0269844 0.6791744 -0.1272390 0.7294976 0.0000000 0.7327069 0.5295796 0.5160724 0.5447828 0.6463015 0.8550348 0.5815433 0.2706119 0.3548184 0.5778205 -0.0410403 0.4422785 0.7342142 0.1594684 0.5347406 0.5982767 0.4808265 0.2194405 0.2761900 0.7616177 0.4673138 0.6017961 0.2449218 0.3670352 0.7239069 0.5181371 0.4100688 0.4592726 0.3461304 0.3650750 -0.0760526 -0.0117828 0.5748380 0.5168280 -0.3135328 0.7344432 0.3992876 0.5107440 -0.0788478 0.5129734 0.3090334 0.5650752 0.2383533 0.7699369 -0.5257804 -0.0531309 0.1720612 0.4824800 0.5933597 -0.5060585 0.5249784 0.5361704 0.4211650 -0.1776616 0.7396249 0.7137033 0.2921312 0.4176090 0.2065725 0.1215283 0.6638736 0.4802457 0.7596432 0.5147169 0.6698614 0.2416792 0.5916037 0.7501530 0.5666336 0.5762285 0.6395471 0.5998273 0.0594997 -0.0047332 0.0628029 0.1685321 -0.4065264 -0.1458622 0.1026224 -0.1678256 -0.1180947 -0.1344140 -0.1235194 -0.0405423 -0.0644474 -0.0688714 -0.2061904 -0.2601884 0.1702202 -0.1180160 -0.1261342 0.0966626 -0.0017021 -0.1071581 0.2131068 -0.2379751 -0.0174662 -0.1502156 0.0189591 -0.3509492 0.0457073 -0.2824026 0.1418058 0.0441876 0.0865119 0.0035530 -0.0272082 0.0469135 -0.1409407 -0.0109295 -0.1251196 -0.0461155 0.0763562 0.0973018 0.1954884 -0.1307136 0.1566671 0.2828816 0.1074405 -0.0253639 0.5481645 0.2126771 0.2545570 0.5925110 0.3680698 -0.2630636 -0.1584849 0.6572034 0.1070884 0.1352186 0.2348496 -0.2373935 0.0510379 0.1654343 0.1135821 0.0527730 0.3215424 0.0753821 0.0343749 0.1763186 0.0336701 -0.1054070 -0.0256693 0.0780913 -0.1158711 0.2495252 0.0785338 -0.2464371 0.0543863 0.0763769 -0.2270132 0.2514592 0.0393003 0.4631153 -0.3380631 0.3344581 0.2964374 0.1995138 0.0736149 0.0375225 -0.1316989 0.3858699 0.3008286 0.0966147 -0.0586625 0.1511539 0.0812730 -0.0153180 -0.4565230 0.2316678 -0.0492094 -0.0776658 0.3501924 -0.1591061 0.3730878 -0.4295536 0.3890073 -0.2046575 0.0345237 0.7014201 0.7094107 -0.0930487 0.6661092 0.6255618 0.0416846 0.1188200 0.2480256 0.1695585 0.5068402 0.6308355 0.0836702 0.2423737 -0.2004545 -0.1524201 0.0893872 -0.2866989 0.3760897 0.0789612 -0.0093584 -0.1093375 0.2012767 0.3218864 0.6712532 0.2541642 0.2404684 0.5698203 -0.1170466 0.0838481 -0.0241446
-0.1111820 0.6880841 0.5283682 0.9489735 0.1366166 0.9425092 0.0237755 0.9554549 0.7327069 0.0000000 0.9088829 0.3653695 0.7770051 0.8013037 0.5915237 0.8973575 0.6133617 0.2246839 0.9049369 0.1967664 0.3544578 0.8756397 0.5895454 0.1835462 0.9231700 0.8553523 0.4026419 0.0099902 0.5688274 0.5461907 0.7817445 0.6189520 -0.1253059 0.4229304 0.8975478 0.3954451 0.8395596 0.7757303 0.6858643 0.0083285 0.3812983 0.4791995 0.8780373 -0.6023907 0.7565246 0.7521986 0.8298550 0.3543910 0.2261103 0.6997733 0.8954470 0.6282928 0.6852020 -0.1884875 0.4333189 0.5790828 0.8338551 0.7599403 -0.4409218 0.8740251 0.6189907 0.7790555 -0.0151985 0.8839822 0.7117988 0.5931059 0.7738882 0.6170871 0.4128545 0.9153111 0.8702451 0.9224662 0.8444904 0.6485351 0.3759273 0.8250012 0.8315062 0.7865386 0.7803830 0.6280770 0.4406999 0.0879938 0.0452215 0.2540188 0.4136667 -0.1535651 0.1212552 0.1916211 0.0135957 0.2232603 -0.0002023 -0.1469123 0.1842393 -0.1767573 -0.0184138 -0.0020236 -0.2147195 0.3489808 0.0491884 -0.1539455 0.4249685 0.2076659 0.2105867 0.3180218 -0.0929228 0.1047354 0.1367636 0.2159680 -0.0825127 0.3778901 0.0194356 0.4268101 0.3623467 0.4018660 0.3413397 0.3254270 0.3761094 0.2238700 0.3188104 0.0660321 0.1876991 0.2605570 0.1414681 0.3534172 0.1013112 0.2611397 0.3972914 0.3027885 0.0726478 0.6009862 0.2549552 0.3595660 0.7134728 0.4269323 -0.3128494 0.1667628 0.6959289 0.0540451 0.1513970 0.3534461 -0.1260807 0.0088819 0.2064064 0.3105472 0.0227517 0.5132248 0.0569640 0.0584592 -0.0388832 0.1324156 0.1184284 0.1768585 0.0487708 0.0537586 0.0040239 0.3251581 -0.1979409 0.2968164 0.0617483 -0.0289470 -0.1019959 0.2686801 0.5612959 -0.0855489 0.1186432 0.5960110 0.3915864 -0.1347526 -0.0627914 0.0150342 0.4733276 0.1956408 0.3870156 0.0957269 0.2149485 0.0069309 -0.1537779 -0.5080619 0.0717605 -0.0523472 -0.2239827 0.2790967 -0.0448280 0.5297600 -0.3151921 0.4149658 -0.1605665 -0.0909143 0.6666791 0.7729257 -0.0521055 0.6564395 0.6287280 0.0471148 0.1006518 0.2950944 0.2031873 0.3521250 0.6539834 0.2281954 0.1378233 -0.3621347 -0.2998532 -0.0634915 0.0045814 0.3462724 0.1219287 -0.0094665 0.0116385 0.0355056 0.2463927 0.6866567 0.3449463 0.2952014 0.6707519 0.0288237 -0.0804394 -0.0938191
-0.1679069 0.4669719 0.4017799 0.8431818 0.2921378 0.8518567 0.0230911 0.9000500 0.5295796 0.9088829 0.0000000 0.2618573 0.7685398 0.6760756 0.3456888 0.9381169 0.6052931 0.0532448 0.9306956 0.2910334 0.2712609 0.8785076 0.7157930 -0.1218344 0.8701105 0.9248953 0.2787766 -0.1328061 0.3752616 0.4022316 0.6957071 0.6426574 -0.3716538 0.2110123 0.9042876 0.3335987 0.8671818 0.8534042 0.5694301 -0.1687202 0.4706086 0.3316023 0.7852773 -0.7042952 0.7327055 0.8761349 0.8942704 0.4904826 -0.0037684 0.8212172 0.9046864 0.5445481 0.5886413 -0.0312341 0.6512858 0.7943912 0.8821918 0.6968769 -0.3395622 0.8151943 0.5795816 0.8813221 0.1143226 0.8146377 0.6266728 0.7116413 0.8537839 0.7127690 0.5575430 0.8722024 0.9135416 0.8194298 0.8878620 0.5359730 0.4429429 0.8092905 0.7261556 0.7692708 0.7716065 0.5274879 0.3424001 -0.0513468 -0.0540884 0.2488371 0.3699930 -0.1234135 0.1605014 0.1618499 -0.0562263 0.1809660 -0.0053627 -0.2348633 0.1126937 -0.2356136 -0.0100570 -0.0754292 -0.3261444 0.2681951 0.0085613 -0.2058694 0.3788961 0.2014248 0.2796658 0.2391372 -0.1285751 0.0116526 0.1525502 0.1975175 -0.0552358 0.3646110 0.0907035 0.4056106 0.2869130 0.3447284 0.3457367 0.3046355 0.3356050 0.2527141 0.2962271 0.0194096 0.1067582 0.1400414 0.0654336 0.3363024 0.0674790 0.1949610 0.2205819 0.1665357 -0.0113886 0.4152326 0.1030267 0.3892756 0.5452843 0.3299870 -0.2276819 0.1600117 0.5217557 -0.0701433 -0.0018333 0.3719977 -0.0614867 -0.0631851 0.1797279 0.3536475 -0.1187148 0.4297146 -0.0790006 -0.0343039 -0.0252055 0.1496106 0.1131425 0.2175554 -0.0695152 0.0611879 -0.2039281 0.3810455 -0.0775678 0.2708590 -0.0333790 0.0453067 -0.3282977 0.2334754 0.4202002 0.0503665 -0.0831966 0.5969128 0.2929557 -0.1460274 -0.1587386 -0.0363635 0.4204848 0.0937808 0.4316586 0.2727773 0.2078660 -0.0756808 -0.1449868 -0.4159727 0.0767683 -0.0081727 -0.2320627 0.2337638 0.0855716 0.6026034 -0.1946884 0.4441870 -0.0817614 -0.0332868 0.4988793 0.6136814 -0.0537686 0.5210728 0.4640014 0.0266203 0.0035667 0.2719713 0.2158549 0.2021083 0.5641713 0.2581518 -0.0089542 -0.4005436 -0.3442915 -0.1954385 0.0729641 0.2776253 0.1157513 -0.1757463 -0.0106560 0.0622402 0.1469705 0.5491618 0.3403019 0.2652859 0.6064397 -0.0537410 -0.0547305 -0.1810367
0.3338315 0.5484966 0.3807096 0.4852389 0.1300108 0.3271604 -0.0062482 0.4192004 0.5160724 0.3653695 0.2618573 0.0000000 0.1430413 0.0970826 0.5600558 0.2139176 -0.1343579 0.2174526 0.2645192 0.1358588 0.9468881 0.3301367 0.0532255 0.5802400 0.2597346 0.2578829 -0.0340243 0.3025054 0.7681012 0.1473502 0.2320875 0.0656498 0.4922389 0.6920542 0.3566317 0.8912246 0.2540027 0.1021850 0.5140710 0.4014370 -0.1645951 0.8697006 0.4707192 0.1011949 0.6200231 0.1625327 0.2932704 -0.1900833 0.5816814 -0.0646603 0.3548175 0.4987875 0.7690440 -0.2617700 -0.0360359 0.0777178 0.2877873 0.5057919 -0.4105419 0.4147589 0.4767201 0.3728121 -0.0865489 0.6560961 0.8119988 0.1979533 0.2942913 0.3046541 0.0141053 0.5309997 0.2738034 0.6161210 0.5253131 0.7466578 0.0462054 0.6528524 0.7315294 0.3325580 0.5136951 0.8501763 0.4514555 -0.2164022 -0.0905960 -0.3093111 -0.1891391 -0.3486324 -0.4643394 -0.2663322 -0.4741611 -0.4381023 -0.3725879 -0.2409427 -0.1617627 -0.3699396 -0.2197808 -0.2797697 -0.3856397 0.0024576 -0.3399861 -0.0947652 -0.3181078 -0.1393163 -0.2183799 -0.2723607 -0.3477916 -0.1654169 -0.0539381 -0.2602274 -0.2354770 -0.1745572 -0.3180907 0.3088822 -0.0856010 -0.1413661 0.1497451 -0.0483476 -0.0066933 0.0341347 0.1305613 0.2300692 0.0176943 0.1010889 0.3929212 0.3903483 0.1079962 0.6277236 0.0246379 -0.2027519 0.3170043 0.1736015 0.0554194 0.1975528 0.1246897 0.2700288 0.0553305 -0.1987601 0.3618720 0.2666995 0.0618714 0.5894243 -0.1734416 0.3217646 0.2722494 0.5842884 0.1620937 -0.0324025 0.1427840 0.1635836 0.3369211 0.3350853 0.2215996 0.4517262 0.1716995 -0.2017670 0.1431997 0.3643123 0.0179725 0.2746942 0.0861537 0.3410551 -0.0481457 0.2558943 0.3342283 0.1429215 -0.1018249 0.2869919 0.0898400 0.1746480 0.4447155 0.3213996 0.1784618 0.4550714 -0.0277206 -0.2790204 0.5860075 0.5459045 0.5737222 -0.0912916 0.7229886 0.4542631 0.1358410 0.4783839 -0.2703279 0.1291232 -0.2308070 0.6544245 0.0366810 0.4247227 0.7630924 0.7579055 0.5017410 0.8324730 0.7684923 0.5972989 0.6458966 0.6803793 0.6161887 0.7630380 0.7588367 0.6392161 0.4450009 -0.1526966 -0.3861357 -0.0212854 -0.2734143 0.4826996 0.5257662 0.1276416 -0.0309146 0.2434913 0.1058040 0.7239358 0.5188779 0.5003708 0.7524297 -0.0254136 -0.3229485 0.1563898
0.1039939 0.6016615 0.7335566 0.7840355 0.5411575 0.7619119 0.2890343 0.8457867 0.5447828 0.7770051 0.7685398 0.1430413 0.0000000 0.6413091 0.2492958 0.7927744 0.5538270 0.0263130 0.8345074 0.6008299 0.0642765 0.8189909 0.7280620 -0.1913893 0.8120350 0.7874789 0.4230805 -0.1923582 0.1207855 0.3344291 0.9430340 0.7766163 -0.4355937 0.0264140 0.7774443 0.1728986 0.8021177 0.8498441 0.4517459 -0.2478923 0.6392270 0.0852874 0.6716910 -0.7456490 0.4789599 0.7418914 0.7337764 0.6227472 -0.1564844 0.7509435 0.7727928 0.4305259 0.3542797 -0.1182820 0.6627531 0.6327291 0.7531789 0.4448490 -0.1066526 0.6898274 0.6663372 0.6628408 0.4307171 0.5948267 0.4930844 0.6987972 0.6894699 0.3762353 0.6618843 0.6447081 0.7893394 0.6698101 0.6100768 0.5753895 0.7094515 0.5993160 0.6647727 0.8409689 0.6416048 0.5171853 0.5319521 -0.0267581 0.0406778 0.3770187 0.3564656 0.0842479 0.4581694 -0.0976457 0.1997176 0.2223089 0.2847611 0.2280696 0.2922721 -0.1963611 0.2076102 0.2092775 -0.0218313 0.3649711 0.1961533 -0.0520071 0.3879439 0.4096755 0.4445373 0.2994977 0.0973373 0.1741501 0.3813984 0.3801262 0.1444061 0.5770536 0.2979778 0.4893212 0.4286465 0.5036634 0.4760577 0.4527941 0.4349911 0.3608419 0.4754249 0.1962921 0.2360640 0.1844464 0.3950704 0.5402772 0.2507776 0.1080790 0.2430422 0.3646368 0.0260551 0.4970961 0.2251880 0.3683739 0.4750927 0.4549132 -0.1284308 0.3513828 0.5848940 -0.0322681 -0.0355571 0.1268364 0.0071708 -0.0961603 0.3397733 0.3466227 0.0452529 0.5281349 -0.1007507 -0.1992962 0.0663218 0.1272127 0.0729708 0.2558741 -0.1090272 0.2967623 -0.3270476 0.3943210 0.1062227 0.1417161 0.2828751 0.1585611 -0.1686418 0.1524951 0.4739940 0.0957780 -0.1125249 0.5906291 0.6421017 0.0630302 0.0244391 0.0026243 0.4191605 0.0467080 0.4089591 0.1542049 0.1061226 0.1073360 -0.1011667 -0.3678375 -0.0790611 -0.1402122 -0.3350341 0.0270392 -0.1192356 0.2268308 0.0558212 0.3739024 0.1322298 0.1166551 0.5483376 0.4816701 0.0653670 0.4235588 0.3977361 0.0442194 0.0562088 0.0268075 0.1028349 0.3262563 0.5123871 0.0653312 0.4761498 -0.2155819 0.0200532 0.1392146 0.3373710 0.5270563 -0.1026536 0.1581636 0.4475481 0.1585133 0.2528968 0.3913017 0.2945353 0.2122618 0.3162776 0.3040606 0.1044442 0.2081618
-0.2725251 0.6515847 0.2244856 0.7253897 0.0167429 0.7925898 0.1420300 0.7764002 0.6463015 0.8013037 0.6760756 0.0970826 0.6413091 0.0000000 0.3935956 0.7331077 0.6237047 0.1811015 0.7679842 0.0915388 0.1147368 0.7090987 0.4934601 0.1425547 0.8103551 0.6546305 0.3887279 0.1617389 0.4139644 0.6445933 0.6943197 0.5889616 -0.1849595 0.2809280 0.6088763 0.0824905 0.6624842 0.6130530 0.4502479 -0.0055912 0.4199752 0.2040195 0.5864336 -0.5356419 0.5101992 0.6226122 0.5991099 0.2837202 -0.0197505 0.5863736 0.6356696 0.3028064 0.3833509 -0.3465279 0.2849223 0.4120693 0.6525808 0.5058650 -0.2159182 0.6149039 0.5103916 0.5293109 -0.0497616 0.6393001 0.4840837 0.4633137 0.5470231 0.3431056 0.2725386 0.6469125 0.6736666 0.7089791 0.4691603 0.5024928 0.4329661 0.4882359 0.6136582 0.7348582 0.4764196 0.2965269 0.5044477 0.2310578 0.2660191 0.3479413 0.4581067 -0.0336409 0.2497858 0.2300816 0.1274055 0.2946809 0.1458657 -0.0491233 0.1267445 -0.2135255 0.1040971 -0.0780473 -0.1402016 0.3585187 0.0486474 -0.1187675 0.4062972 0.2297281 0.2355222 0.2928042 -0.1352757 -0.0094195 0.0989343 0.2440779 -0.1495050 0.3259882 -0.0956533 0.2306097 0.2411854 0.3179891 0.1905959 0.1729118 0.2149569 0.1177358 0.1863013 -0.0743597 0.0625383 0.1167801 0.0399006 0.3075000 -0.0003802 -0.0762490 0.2117741 0.1204477 -0.1196049 0.5124770 0.1615693 0.1493860 0.4601648 0.3758077 -0.4320277 0.0228171 0.4994844 -0.1151116 0.0073767 -0.0766662 -0.3306831 -0.2632554 0.0149919 0.0536841 -0.2268603 0.3389029 -0.1085512 -0.1209116 -0.2473975 -0.2436269 -0.2549496 -0.1206282 -0.1415637 -0.1462867 -0.0437973 0.2056573 -0.2781175 -0.0654982 0.0261385 -0.2587792 -0.1094611 -0.1625871 0.4363611 -0.2612050 0.0752125 0.3843351 0.2414292 -0.1524104 -0.1777945 -0.2842968 0.4532329 -0.0922458 0.3126529 0.2066292 0.2354976 0.0055959 -0.1895194 -0.3052355 -0.0497495 -0.1164275 -0.0682712 0.2350642 0.0287391 0.5181396 -0.1926724 0.2530757 -0.1280388 -0.1494961 0.4843095 0.4877013 -0.1478221 0.3544323 0.3645384 -0.0381904 -0.0887756 0.1466657 0.1268351 0.2199818 0.3961871 -0.0106228 -0.0027268 -0.3144572 -0.1188841 0.1755329 -0.0016156 0.2750708 -0.1718273 0.1473200 -0.1532149 0.0988152 0.1891530 0.4642185 0.2112165 0.2140207 0.3581617 0.1679882 0.2513168 0.0852750
-0.0247542 0.6715966 0.3946294 0.6415809 -0.2308585 0.5942220 -0.2644419 0.5472620 0.8550348 0.5915237 0.3456888 0.5600558 0.2492958 0.3935956 0.0000000 0.3861671 0.2572554 0.6087565 0.3373923 -0.2954149 0.4371011 0.5221533 0.0480685 0.7495859 0.4010935 0.3255721 0.1876103 0.4879419 0.8212322 0.4376605 0.3274584 0.0521038 0.6071460 0.7724567 0.4322370 0.3885481 0.3222276 0.1151471 0.3283817 0.1143192 -0.3398395 0.7004817 0.5001154 -0.0997321 0.6929899 0.2243432 0.4267581 -0.3215505 0.7958382 0.1290134 0.4884882 0.3426326 0.7773668 -0.3502962 -0.2876795 0.0378506 0.3831434 0.7273444 -0.5636649 0.5136932 0.4164342 0.3638456 -0.3269171 0.6636928 0.6409612 0.1817272 0.3581571 0.2905184 0.0200151 0.6309485 0.3743961 0.6485801 0.5006021 0.5216991 -0.0186159 0.5837446 0.6327357 0.3458455 0.5873240 0.5695868 0.3132989 0.0962444 0.0166516 -0.0680826 0.1091901 -0.3681357 -0.2170883 0.1165001 -0.1412552 -0.0828413 -0.1637907 -0.1204528 0.1217834 -0.0237704 -0.0140483 -0.0422868 -0.0320665 0.2743234 0.0878585 -0.2500369 0.1205598 0.0124243 -0.1951319 0.1510661 0.0110224 0.2370063 -0.1198871 0.0769353 -0.1579128 0.0304701 -0.1569412 0.1439139 0.2200718 0.1850430 0.0062156 0.0552876 0.1654631 -0.0263061 -0.0092105 0.0254435 0.1876409 0.3578359 -0.1064613 0.0447340 0.0461335 0.2698093 0.5128910 0.2297316 0.2630257 0.5924101 0.4671210 0.2690675 0.6701744 0.1068526 -0.1665078 -0.0197013 0.7505626 0.4047663 0.4936995 0.3917634 -0.0380558 0.3461234 -0.0214952 -0.0155979 0.3488296 0.3557240 0.4353068 0.4107854 0.0679561 0.2949550 0.1365611 -0.0787134 0.4188701 -0.0940296 0.4828074 -0.1755122 -0.4020450 0.2568702 -0.1170088 -0.2199120 0.3490745 0.3001005 0.1823723 -0.3614346 0.5140069 0.0611057 -0.0224981 -0.1072919 -0.0786094 0.0144958 0.1122286 0.3426468 0.0389183 -0.1773384 0.0558478 -0.0649020 -0.1626805 -0.5600794 0.0949175 -0.1805357 -0.2332168 0.1983295 -0.1727837 0.2647488 -0.6054287 0.2251184 -0.2989831 -0.1292388 0.5614798 0.6954585 -0.1268558 0.6300726 0.6028342 -0.0321336 0.1595476 0.1951155 -0.0477845 0.3307600 0.4980557 0.0983118 0.1847663 -0.1464433 -0.2521481 -0.1683209 -0.3772436 0.1664706 0.3141119 -0.1009483 -0.1810108 -0.0802591 0.3289233 0.6046419 0.1412147 0.1637954 0.5714053 -0.2475439 0.0101887 -0.1349315
-0.1072164 0.5172802 0.4538834 0.8708015 0.3441076 0.8386654 -0.1076611 0.9255177 0.5815433 0.8973575 0.9381169 0.2139176 0.7927744 0.7331077 0.3861671 0.0000000 0.7084219 0.2037136 0.9286610 0.2042597 0.2170531 0.8130390 0.7394656 -0.0267132 0.8726449 0.8839287 0.4009131 -0.0406969 0.3661635 0.4734235 0.6732970 0.6465218 -0.3825543 0.1412387 0.8717606 0.2399987 0.8525980 0.8056831 0.4869799 -0.2142454 0.4562360 0.2449461 0.7579724 -0.7804936 0.6129075 0.7995708 0.8438043 0.4618530 -0.0461825 0.7138801 0.8788891 0.4660868 0.4889159 -0.1139883 0.5331056 0.6620024 0.8464315 0.6774823 -0.3717537 0.7963631 0.6014701 0.8308012 0.1533397 0.7945745 0.6024140 0.6831628 0.7595433 0.6453705 0.5555025 0.8500765 0.8512210 0.7822952 0.7944308 0.5630235 0.5137157 0.7549449 0.7059165 0.7986301 0.7180076 0.4481987 0.4117130 -0.1243696 -0.1664464 0.1890290 0.3360193 -0.2237270 0.1900451 0.0224832 -0.1238162 0.1006368 0.0385811 -0.1130159 0.1002862 -0.2008511 0.0557667 0.0370188 -0.2272144 0.2805546 -0.0181995 -0.1563590 0.3633075 0.2194174 0.2322706 0.2918685 -0.1128007 0.0765630 0.1552479 0.2323360 -0.0880180 0.3939240 0.0812365 0.3578993 0.2761548 0.3471146 0.2723240 0.2474368 0.3066690 0.2413689 0.2510840 -0.0222489 0.1237022 0.1755651 0.1075428 0.3087642 0.0309410 0.0818862 0.2676488 0.2565310 -0.0501638 0.4480125 0.1399412 0.4383852 0.5592595 0.2506280 -0.1731107 0.2118447 0.5279672 -0.0573324 0.0203156 0.2062212 -0.0541888 -0.0592810 0.2157838 0.2859422 -0.1355982 0.4436269 -0.0694538 -0.0609818 -0.0195077 0.1532862 0.1290298 0.1389583 -0.0599854 0.1086371 -0.2597130 0.3254340 0.0293159 0.2252636 0.0938081 0.0962773 -0.2414336 0.1654101 0.3713013 0.0968702 -0.0498717 0.5349585 0.2389705 -0.0307510 -0.1465064 -0.0289440 0.3732856 0.0275916 0.3152794 0.1011311 0.0392217 -0.0961050 -0.1860000 -0.4997894 0.0413632 -0.0341491 -0.2131126 0.2250123 -0.0272435 0.5169196 -0.2012475 0.4460005 -0.0219991 0.0150192 0.5043594 0.5490011 -0.1046164 0.4081011 0.3558191 0.0358930 -0.0551344 0.1915709 0.1054924 0.1169470 0.5211889 0.1129742 0.0273231 -0.3102800 -0.2488122 -0.1310597 0.0549089 0.2811635 0.0451732 -0.1740348 0.0526259 0.1372564 0.1787016 0.4073429 0.3636797 0.0863100 0.4425203 0.0414900 0.1049775 -0.1178163
-0.2825418 0.3713802 0.3578768 0.5082068 0.1764743 0.6073901 -0.0166821 0.5931647 0.2706119 0.6133617 0.6052931 -0.1343579 0.5538270 0.6237047 0.2572554 0.7084219 0.0000000 0.4979805 0.6010508 0.1474291 -0.1667392 0.4976275 0.7301231 0.0114796 0.6077657 0.6109566 0.5634465 0.1059215 0.0588098 0.5770705 0.4435254 0.6046613 -0.3684916 -0.1301705 0.6097897 -0.0643118 0.6473280 0.5813941 0.3103016 -0.0043169 0.2664241 0.0457253 0.5250887 -0.5783412 0.2271666 0.5714196 0.6441445 0.3797550 -0.0273420 0.4859781 0.6187623 0.3233523 0.0912885 0.1525276 0.3708869 0.4910881 0.6576053 0.5939605 -0.1167980 0.5769485 0.4441595 0.5197230 0.1956842 0.4243901 0.2029560 0.5835521 0.5650329 0.5023584 0.5146656 0.5462152 0.6296327 0.4141142 0.4419071 0.2171341 0.4687152 0.4373355 0.3336999 0.6133819 0.5199849 0.0447375 0.1208033 0.1340259 0.1586177 0.3132936 0.4660788 0.1531286 0.4646147 0.0985249 0.2550936 0.3849866 0.2137826 0.1108610 0.4646789 -0.0977242 0.2846997 0.3865719 0.1900883 0.5451851 0.4120241 -0.3323292 0.6920649 0.6210475 0.5612116 0.3231598 0.1997830 0.3271929 0.4752590 0.6233328 0.3443422 0.6687253 0.3256013 0.4763244 0.5105632 0.6391519 0.4086646 0.5024557 0.5128329 0.4679252 0.4269689 0.1302243 0.3811296 0.4264868 -0.1566685 0.2842751 0.2905020 -0.1620751 0.3431418 0.3618302 0.0767256 0.5315641 0.3776152 0.2902492 0.4431533 -0.0145368 -0.3256667 0.4540506 0.5273167 -0.0012679 0.2192888 -0.0927459 0.0469687 -0.0938175 -0.2741987 -0.0218402 -0.0377512 0.6516205 0.0875417 0.0990184 -0.5113198 0.1169258 0.2229826 -0.0810768 0.0267706 0.2073692 -0.1587489 0.1903472 -0.1807601 0.2575930 -0.0718955 0.0340163 0.0180620 0.0528969 0.0820900 -0.0171035 0.2064229 0.2640073 0.1697053 -0.1889657 -0.3892687 -0.1483807 0.1010841 -0.2274849 0.2709527 0.1192808 -0.0955128 -0.2575449 -0.4902926 -0.4471122 -0.3579196 -0.3126627 -0.4510766 -0.1025582 0.1276202 0.3116205 -0.1930240 0.0655337 0.0180155 -0.2044976 0.1404919 0.2206544 -0.1760851 0.0028161 0.0633292 -0.1521017 -0.1702522 -0.1474684 -0.2560083 -0.2028114 0.0541115 -0.1499294 -0.0029535 -0.0137942 0.2139461 -0.0516162 0.1205704 0.0615011 0.0250893 -0.1133940 0.1599982 -0.0222570 0.3591310 0.0621818 0.1138100 -0.0480181 0.1056765 0.1273422 0.4596661 0.2103361
