0.0000000 0.0122032 0.1092713 -0.0510310 -0.0384115 -0.0689405 0.0345797 0.0118511 -0.3626331 -0.3210288 -0.0903942 0.2508811 0.2042195 -0.5719259 0.0772792 0.0332245 -0.4313728 0.0735537 0.3103225 0.4642974 0.2156395 0.2967938 0.0158193 0.1803718 0.2590110 0.1808964 -0.2196810 0.1712853 0.1269335 -0.1245684 0.2616924 -0.1452398 -0.0074126 -0.0754611 -0.0469677 0.2524184 -0.1007461 0.1858558 -0.3128388 -0.0874956 -0.1602722 0.1711568 -0.1544844 0.0546892 0.3397917 -0.0509385 -0.1016855 0.0988081 -0.1671720 0.3623934 -0.2195764 -0.1096709 0.0203431 -0.2437147 0.1536353 -0.1563357 -0.1939001 -0.1646245 -0.0194276 -0.1990679 0.1685274 -0.2083417 -0.2407611 -0.0303931 0.0805967 -0.3358665 -0.2328895 -0.0230920 -0.2334272 -0.0715267 -0.4422835 -0.1152445 -0.1103265 -0.0087160 -0.2361530 0.0501470 -0.0727767 -0.5015158 -0.4092558 -0.1021261 -0.5788919 0.2601270 0.0263873 -0.0811922 -0.1744453 0.2877923 0.2265270 -0.3557736 0.0995902 0.2278609 0.2141284 0.2566044 -0.2353592 0.3312703 -0.1567296 0.2960668 -0.1462004 -0.3156036 -0.0834582 0.1850276 0.1703836 0.2808880 0.3534981 0.3966436 -0.0293058 -0.1152250 0.2213863 0.2181461 0.1278641 0.2347640 0.0226097 0.3345931 0.0405628 -0.0193114 -0.3312545 -0.0594749 -0.0413726 -0.3175164 -0.0609085 0.0915711 0.0332125 -0.0221616 -0.0487175 0.0719355 -0.0692111 0.2849465 0.0631253 0.4934156 0.3335686 0.0520359 0.3466931 0.2493109 0.4025021 -0.6107295 0.1893735 0.1411130 0.2575418 0.1537484 0.2782259 0.0917612 0.0110486 0.0928138 0.0142798 0.0776927 0.2518738 0.1575125 0.1075470 -0.1123578 0.1719211 0.1877039 0.3713169 -0.1408085 0.1646026 0.2474164 0.1930872 -0.1927261 0.1816639 -0.1360517 0.0811770 0.3328591 -0.1454897 0.1460033 0.0648605 0.2651511 0.1145615 0.1594448 0.1782884 0.0272357 0.0379625 0.3019871 0.1027217 0.2120592 -0.3180228 -0.6277980 -0.2870995 -0.2490783 -0.0595000 0.0215049 0.1020284 0.0135051 -0.1092428 -0.2522826 -0.2356036 -0.2396129 -0.0632872 -0.0289376 -0.2016470 -0.2378309 -0.2444042 -0.0378810 -0.0022616 -0.1064595 -0.2359601 0.0762779 0.3070606 0.1368330 0.0770261 -0.0086960 -0.2767334 0.1321922 0.2503488 0.1342032 0.3210501 0.1781931 -0.1209563 -0.3965263 0.3000517 0.2082981 0.2862804 -0.1310342 0.2965224 -0.4901358 0.0388585 -0.0756518 -0.0972558 0.5375242 -0.4405025 0.0277767
0.0122032 0.0000000 0.5903619 0.0968208 0.4294985 0.4360716 -0.2251669 -0.0403600 0.3573393 0.3032559 0.1265746 0.3307497 0.0634841 0.1544952 0.4207501 0.0320023 0.0365762 -0.1532848 -0.1343024 0.3939289 0.4752843 -0.0055510 -0.0413799 0.3952471 -0.0722375 -0.1419916 -0.0154979 0.4130571 0.4876526 0.2421438 -0.0491949 -0.1969582 0.5689760 0.1740574 -0.1883143 0.0500725 -0.2320695 0.0152369 -0.1079700 -0.1623457 -0.0958133 -0.0294414 -0.1314286 0.2056664 -0.2494542 0.0367271 -0.0590625 0.2215256 0.3276612 0.1346837 -0.2149583 -0.3374916 -0.1017782 -0.1954444 0.0149589 -0.0021924 -0.1776155 0.3070573 -0.1240791 -0.1750045 -0.2099316 -0.0016490 0.1460130 0.3569989 0.4730420 -0.0816522 -0.1622567 0.1321295 0.1367408 0.1125791 -0.3786036 0.2014306 -0.0650378 0.3351758 -0.3032558 0.0486341 0.0986685 -0.5763195 -0.3577940 -0.3976146 -0.2250979 0.2203099 -0.0693713 -0.0357167 -0.0330054 -0.1235431 0.0101412 0.1903801 -0.3319520 0.0998804 0.1166023 -0.1731199 -0.4779301 0.0355998 0.0764915 -0.2379690 -0.3885838 -0.4537427 0.0395258 -0.2123020 -0.0955095 -0.1874367 -0.3405609 0.4505841 -0.3512591 -0.2137759 -0.3871391 -0.4200991 -0.5165275 -0.1282442 -0.4394489 -0.4573349 -0.2064822 -0.1987131 -0.2507356 -0.2989925 -0.2837260 -0.1453570 -0.2543889 -0.3448411 -0.4079498 -0.3044244 -0.4421935 -0.3415319 -0.5112196 -0.0635984 -0.4232536 -0.2455192 -0.1115590 -0.4450365 -0.5258761 -0.2348027 -0.0749465 -0.1683134 -0.3582023 -0.3348152 -0.1665525 -0.0370596 -0.0627937 -0.0773306 -0.0803911 0.0565577 -0.2146027 0.2877551 -0.1213981 0.0142839 0.0572110 -0.0111461 -0.0391207 -0.0945757 -0.2747045 -0.1981208 0.0569081 0.0106892 -0.3214992 -0.0539964 -0.2008883 -0.2337635 -0.0988191 -0.2456172 -0.2687733 -0.1345904 -0.1448785 -0.2399518 -0.1350244 -0.0648692 -0.2830292 0.0439046 -0.0828922 0.0350761 0.1411641 0.1091959 -0.2215926 -0.1245480 0.2041782 0.0866179 -0.0071845 0.0937214 -0.1284485 -0.0523206 0.0469127 -0.2853399 -0.2542761 -0.2375018 -0.1587029 0.3636997 0.2014761 0.2940933 0.2096060 0.2724771 -0.1919878 -0.0337856 0.5229592 -0.0684176 -0.0303714 -0.0517541 0.0488726 0.0471416 -0.0934159 0.0149468 -0.3871576 -0.4484285 -0.0614365 -0.2407783 0.2352728 -0.1053847 0.1855041 0.2591670 -0.0971653 -0.1163163 -0.0051691 -0.0377775 -0.0106969 0.0762238 0.3129920 -0.0180130 0.4355974 0.0290444
0.1092713 0.5903619 0.0000000 0.3894778 0.7478171 0.4250194 -0.2023016 0.2958348 0.3859528 0.3873089 0.2701245 0.3062092 0.3955682 0.1645314 0.4958357 0.1156831 0.0992532 -0.1792864 -0.0881283 0.6297903 0.2473345 0.2345556 0.0510658 0.2097391 -0.0173540 0.1310660 -0.2976571 0.0926581 0.5257072 -0.0194650 0.4552923 0.1162791 0.2421610 0.2066985 -0.0917101 -0.2277185 0.1245122 0.1081317 -0.1169917 -0.3314706 0.3984368 -0.0221930 -0.0907118 -0.0038006 -0.2138153 0.0281800 0.0410965 0.5377172 0.2018747 0.2677654 -0.1135784 -0.1588999 -0.0681216 -0.2889448 0.2643014 0.0441677 0.0416654 0.1438307 0.1452646 -0.0359056 -0.0812503 0.0781417 0.4442183 0.3930317 0.2687964 0.3655856 0.1126784 0.2214643 0.0822163 0.3330251 0.0602364 0.2211235 0.2907834 0.3121148 -0.1354144 0.4010741 0.2885508 -0.1321711 0.0688831 0.0096394 -0.2737240 -0.0362818 0.0878096 0.1572966 0.1022876 -0.1019445 0.1660096 -0.1064914 -0.1325374 0.3846712 0.2735884 -0.2918282 -0.1481820 -0.1093881 0.4889314 -0.0627169 -0.5386397 -0.2590486 0.4975087 0.0395995 0.2508670 -0.2702051 -0.0958534 0.2211790 -0.3625764 0.0840317 -0.2416853 0.0439561 -0.4096794 0.3385029 -0.0724055 -0.3487782 0.3235842 0.3377382 0.2101524 0.2670023 0.2265568 0.2266115 0.2607929 0.0829357 0.1165209 0.2036280 -0.5093593 -0.0181310 0.0697069 -0.4296731 -0.0599747 -0.3720100 -0.5422277 0.0982383 -0.0326628 0.0967016 -0.0738817 -0.0361596 -0.2194677 -0.3082376 0.0408029 -0.3774656 -0.1933031 -0.2089290 -0.1951842 -0.1873548 -0.4429611 0.1688785 0.0043698 -0.0207921 -0.2480262 -0.3588763 -0.2086531 -0.1778112 -0.1734797 -0.2746849 -0.2659824 -0.0278085 -0.3249916 -0.4000190 -0.3269862 -0.2423670 -0.2741695 -0.2664591 -0.1737495 -0.0955528 -0.3799823 -0.2534042 -0.1817049 -0.2525225 -0.2727381 -0.1057863 -0.1246576 -0.1422256 -0.0469488 -0.0683956 0.1782141 -0.1996941 -0.2834645 -0.0766748 -0.2676036 -0.1675350 -0.5812665 -0.6088906 -0.3476266 -0.4367322 0.0756485 -0.0466804 0.3741260 0.1785785 0.2936970 0.3901611 0.2725431 0.3099157 -0.0573611 0.0946172 0.2458592 -0.2933893 -0.3265457 -0.4455818 -0.4006603 -0.4263678 -0.2750828 -0.4547900 0.0393583 -0.3269048 0.2460254 -0.3107610 0.5499983 -0.0537953 -0.1995842 0.2594247 0.3067171 -0.3251830 0.1468033 -0.3183074 0.4018348 0.3397820 0.5666558 0.2737495 0.1382854 0.0646303
-0.0510310 0.0968208 0.3894778 0.0000000 0.1685749 0.7419533 -0.0817001 0.8451920 0.4851949 0.5806506 0.8303486 0.1319340 0.6566913 0.1482624 0.3607923 0.5161395 0.2920132 -0.0750655 0.4575601 0.0414105 -0.2912145 0.6427004 0.3051323 -0.0644252 0.4855805 0.5624965 0.0371208 -0.2045012 0.4470154 -0.0835816 0.5936016 0.6421366 -0.1088802 0.3734320 0.3779747 -0.3916446 0.6258438 0.4469794 0.2635461 -0.2692867 0.2496520 0.2293924 0.5148704 -0.3982474 0.1133685 0.4294337 0.4873966 0.3209726 0.0653025 0.2775605 0.3981885 0.5293339 0.3725441 -0.0921424 0.5138242 0.4372464 0.4993705 0.2726604 0.4126337 0.3804494 0.3613624 0.6127543 0.5328074 0.7881367 0.5833565 0.1403330 0.4605032 0.6555659 0.0654410 0.6909932 0.2957779 0.7429231 0.7288605 0.7538347 0.0694969 0.6809875 0.7774560 0.1405537 0.3419680 0.5375554 -0.0678219 0.0312648 0.0684317 0.1494088 0.3342080 0.3051008 0.3357994 -0.3761792 0.3179825 0.3560041 0.5584169 0.4158492 0.3996683 -0.0017430 0.3719694 0.4787129 0.0851257 0.1221966 0.2325685 0.3552892 0.4387096 0.2366591 0.4839442 0.1110709 0.1845015 0.3537182 0.0901810 0.4184783 -0.0189266 0.3494728 0.4294144 0.0908932 0.3873034 0.4991218 0.4107769 0.4548013 0.4161493 0.2420561 0.3834593 0.0570578 0.3881101 0.5015766 -0.0170805 0.1578414 0.2201933 -0.5092764 0.5139518 -0.0812515 -0.4121326 0.3622236 0.2791441 -0.0097298 0.0742323 0.3136567 -0.0672279 -0.0486036 0.4493788 -0.3418914 0.1447797 -0.1991367 0.1575485 -0.2446283 -0.1703787 0.0359640 0.1136338 0.4834153 -0.1194535 -0.2624085 -0.2014959 0.0062981 -0.0720657 -0.4422072 -0.2600869 0.3030356 0.0521234 -0.3263335 -0.2652952 -0.3286846 -0.2686963 -0.3239150 -0.0242235 -0.0354460 -0.1865558 -0.2006714 -0.1951804 -0.1337089 0.0402175 -0.1698492 -0.1231985 -0.0572691 -0.0666391 -0.1301576 0.4787518 -0.3294389 -0.3935437 -0.3691093 -0.5377749 -0.3052145 -0.5116016 -0.5230517 -0.0532637 -0.1420617 0.1863726 0.0233289 0.4337197 0.2924033 0.1133105 0.2946055 0.8481808 0.7904966 -0.4299480 0.7119932 0.4778807 -0.3980242 -0.4951772 -0.4485158 -0.5779057 -0.5192426 0.2139012 -0.5928178 0.5365218 0.2173301 0.3483836 -0.1051715 -0.0569101 -0.2634123 -0.5817811 0.1885929 0.5494826 0.3711023 0.4204193 -0.0971201 -0.1810192 -0.0169581 0.1127419 0.2197156 0.0097684 0.0056564
-0.0384115 0.4294985 0.7478171 0.1685749 0.0000000 0.0863148 -0.3097475 0.0731644 0.3197675 0.1142960 0.0578482 0.1896332 -0.0263541 0.0447082 0.4554855 -0.1286359 -0.0825725 -0.3026059 -0.3134587 0.3053780 0.2658953 0.0059017 -0.1557137 0.2686263 -0.1180538 -0.0796622 -0.4331490 -0.1282451 0.3518521 -0.1758150 0.3037987 0.0225963 0.1502227 0.3298519 -0.2796974 -0.2711677 -0.1658255 -0.0358689 -0.2671983 -0.3497054 0.5447383 -0.2048517 -0.2022751 0.0496074 -0.2845493 -0.1530566 -0.1513178 0.5164379 0.2173126 -0.0626248 -0.2172723 -0.4214921 -0.1574873 -0.2939558 0.1508480 -0.0343433 -0.2136873 0.0726164 -0.0342134 -0.3290818 -0.2802891 -0.2096618 0.4565529 0.1327419 -0.0424269 0.3278525 -0.1463467 -0.0926506 -0.1607321 -0.0096203 -0.0583105 -0.0613925 -0.0366935 0.0220645 -0.3114115 -0.0086166 -0.0441320 -0.1904295 -0.0429687 -0.2472822 -0.1057287 -0.0823185 -0.0946708 0.1642718 -0.0705767 -0.3094007 -0.0021408 0.1109494 -0.3827243 0.2262002 0.1174411 -0.3813450 -0.0603010 -0.0425887 0.5086713 -0.2262567 -0.6705027 -0.1884815 0.4107815 -0.1138409 -0.0785360 -0.5500230 -0.3994260 0.0162194 -0.5816863 0.2437941 -0.4551495 -0.1287808 -0.6274559 0.2099437 -0.0842060 -0.5527440 0.3967484 0.4469948 0.3632203 0.4062350 0.4127378 0.3933530 0.4596593 0.2986437 0.2584357 0.3448387 -0.3856016 0.0366583 0.2804328 -0.4103336 -0.1449671 -0.3166888 -0.4388555 0.0814656 0.0582193 0.3002357 -0.4557133 0.2229497 0.0585954 -0.1315718 -0.0613140 -0.2827006 -0.4633540 0.0670722 -0.1143136 0.0877616 -0.1825358 0.0776947 0.0113395 -0.1854232 -0.1944244 -0.1648843 0.0358895 -0.1724650 -0.2525474 -0.0099945 -0.2299674 -0.0311137 -0.3661867 -0.2043007 -0.1567423 0.0557551 0.0351665 -0.4999920 -0.2050348 -0.1212090 -0.3410639 -0.3862694 -0.1810049 -0.1521127 -0.2244787 0.0581932 -0.0670005 -0.3115384 -0.0158470 -0.0347358 0.1887107 -0.1426344 0.1347442 0.2358339 0.0121104 0.1517004 -0.3158453 -0.3736200 0.0622286 -0.1727406 0.1695950 0.1311655 0.2194198 -0.0519232 0.2351436 0.3147560 0.0569198 0.1052254 0.1826518 -0.1274312 0.2156357 0.0423998 -0.2323450 -0.3056012 -0.2455226 -0.2731712 -0.3403573 -0.4478284 -0.1295768 -0.5517291 -0.0002739 -0.2309618 0.6572744 0.0614210 -0.2112022 0.2988843 0.0912247 -0.4621576 -0.0297732 0.0008149 0.4918561 0.3217628 0.5165023 0.1421407 -0.1250146 -0.3292329
-0.0689405 0.4360716 0.4250194 0.7419533 0.0863148 0.0000000 -0.1161986 0.5786797 0.7090808 0.7588039 0.6444239 0.0535340 0.5468036 0.2794200 0.5803474 0.5177478 0.4149033 -0.0756994 0.3870482 0.1342134 -0.1020748 0.5439302 0.4714572 0.1231808 0.5073192 0.5050432 0.0748120 0.0853317 0.3020413 0.1177080 0.3077674 0.5067206 0.1247267 0.1338002 0.4040467 -0.3893375 0.4721936 0.4074843 0.2951058 -0.1581775 -0.0753611 -0.0988798 0.4399724 -0.0692083 -0.2982008 0.4362117 0.3677319 0.1869918 0.2347156 0.3105334 0.2841070 0.4003946 0.0541527 0.2308081 0.2840186 0.2527495 0.3569250 0.5726668 -0.0254158 0.3836044 -0.0765460 0.6604275 0.3762149 0.7321210 0.5586036 -0.0395326 0.4517824 0.8163161 0.0818294 0.6676479 0.1249564 0.6386550 0.7208248 0.7390763 -0.0768283 0.6423139 0.6786551 -0.1352622 0.2379226 0.1779071 -0.1577052 0.0154585 -0.1290757 -0.1001387 0.1353581 0.1364612 0.4442695 -0.4064266 0.1187748 0.1461597 0.3093916 0.1216060 0.0337093 0.0085829 0.1146056 0.0181998 -0.2097597 0.0573999 0.0473855 0.1107440 0.4122903 0.1413878 0.3082475 0.2255940 -0.1635290 -0.0257926 -0.0638436 0.2867660 -0.1019301 0.1598140 -0.0229186 0.0306949 0.3014120 0.2604049 0.1867593 0.1677911 0.1222378 0.0374910 0.1053263 -0.1757400 0.0104488 0.1853801 -0.1940593 0.0170000 -0.1315303 -0.3318147 0.2219359 -0.2002977 -0.3734503 -0.0151345 -0.2075321 -0.3791475 -0.0126006 -0.1026850 -0.4194283 -0.2573771 0.0202075 -0.4809554 -0.0342481 -0.5699333 -0.1559651 -0.5461811 -0.3567342 0.0295488 -0.2710852 0.4333583 -0.4055138 -0.5507280 -0.4559456 -0.3670153 -0.3941282 -0.4893285 -0.4825464 -0.0122841 -0.3572881 -0.3402404 -0.5651931 -0.7439961 -0.5663117 -0.3565755 -0.3546127 -0.4083616 -0.1891096 -0.5306631 -0.5252002 -0.3333206 -0.2357866 -0.4306961 -0.4911327 -0.3142820 -0.3981922 -0.4329400 0.2412972 -0.2756947 -0.3262853 -0.4541075 -0.5132353 -0.4412693 -0.4935723 -0.5109006 -0.0994747 -0.3820875 -0.2460901 -0.2946765 0.0590891 0.3841498 0.2145381 0.3975658 0.7676130 0.6711637 -0.3654814 0.4260593 0.4010752 -0.3787113 -0.3818771 -0.3568701 -0.3871920 -0.4312123 -0.0094403 -0.3921259 0.3413369 0.3042658 0.2451061 -0.1796233 -0.2319283 -0.3551260 -0.3691554 0.2636848 0.4472271 0.3499402 0.4088237 -0.3155744 -0.4044230 -0.2664663 -0.1404726 0.2045264 0.5701905 0.1725208
0.0345797 -0.2251669 -0.2023016 -0.0817001 -0.3097475 -0.1161986 0.0000000 -0.0349727 -0.1338181 -0.0889592 -0.3164520 0.6062315 0.2405688 0.2670021 -0.2989815 -0.2331637 0.4054894 0.5891904 0.0801502 -0.0558734 0.2179273 -0.1232342 -0.2903413 0.0846750 -0.1919611 -0.1987020 0.4823243 0.5676603 0.3097476 0.5745878 0.0138532 -0.2204042 0.4352020 0.1582349 -0.2890474 0.4619416 -0.0694419 -0.3167749 0.3941788 0.2515019 -0.1858317 0.4785859 -0.3119513 0.3204340 0.4206042 -0.2043332 -0.2938527 -0.4244899 0.5091043 -0.1303909 -0.3171975 0.0343758 0.4874579 0.0977450 -0.2382638 -0.2243437 -0.1680142 0.2464067 0.3178603 -0.0833493 0.1885535 -0.1294878 -0.4093800 0.0592739 0.2016716 -0.0917712 -0.1597289 -0.0980513 -0.3484082 -0.0787152 -0.2600081 0.1267782 -0.1893737 0.0615771 -0.1816187 0.0725316 0.0635734 -0.1509537 0.0493027 0.2743376 0.1588219 0.3891584 0.6749868 0.5152355 0.3677923 0.4646780 -0.1441665 0.1961177 0.5928456 0.0169083 -0.1018490 -0.0666983 0.4295517 0.3876967 -0.0230481 0.0058526 0.1686621 0.3692341 -0.0245516 0.2710966 -0.2308995 0.2333253 0.2191279 0.2701177 0.2552317 0.2214245 0.5102578 0.4241977 0.4165657 0.5695432 0.2611303 0.1355884 0.0671595 0.1274485 0.3329877 0.1543890 0.2088638 0.4783194 0.2280488 0.3943181 0.4072973 0.2199887 0.2196754 0.3254557 0.0653930 0.4058646 0.2405060 0.1151410 0.3711163 0.1560501 0.3416213 -0.1191896 0.3695694 -0.0614566 -0.1151283 -0.1317121 0.5107754 0.5229291 0.5602357 0.2141317 -0.0887713 0.1727520 -0.2861701 0.0323257 0.3353322 -0.1957777 0.4486492 0.2659313 0.0568654 0.3238000 0.2712617 -0.0170310 0.5131233 -0.0125176 0.2558585 0.0228227 0.1175283 0.3334563 0.1485169 0.2080357 0.2227605 0.3773117 -0.1127524 0.2693518 0.4800125 0.1199375 -0.0727433 0.1561426 0.2042420 0.2206820 0.2215313 0.2005421 -0.2352572 0.2370375 -0.2156097 0.1771889 0.4175308 0.2696032 0.2778651 0.3040275 -0.1168480 0.2569088 0.3587852 0.3214650 0.3749121 0.0184822 -0.2199407 -0.1204993 -0.0225772 0.0617875 0.1029907 0.2368956 0.2348767 -0.0054791 0.3692635 0.3226092 0.2513523 0.3232699 0.2893672 0.2275978 0.4872490 0.0144803 0.0736192 0.3892065 0.1735330 0.3329042 -0.0153947 -0.2437748 0.1359347 -0.0881663 -0.1787284 0.1837310 0.1711829 0.4523636 0.1786696 0.0882439 -0.1047264 0.4494929
0.0118511 -0.0403600 0.2958348 0.8451920 0.0731644 0.5786797 -0.0349727 0.0000000 0.3934710 0.6279017 0.9020968 0.1909079 0.8323208 0.2607925 0.1771833 0.7179934 0.3988043 0.1054838 0.6375391 -0.0166821 -0.0367439 0.7578956 0.6088962 0.0796222 0.5601560 0.7275647 0.2908273 -0.2231642 0.4746016 0.0079555 0.8048729 0.6275626 -0.1166265 0.3946895 0.6173368 -0.2002681 0.7289782 0.6195405 0.3744028 0.0067502 0.3570084 0.1805765 0.6720153 -0.3567376 0.1557849 0.6376095 0.7515537 0.4035555 0.0687658 0.4853173 0.6193419 0.6493690 0.4226769 -0.0525631 0.6199522 0.6380339 0.6935451 0.3106270 0.5009670 0.6116138 0.4505581 0.7660638 0.5420493 0.8479067 0.6076471 0.1619686 0.7162451 0.7533453 0.3337033 0.8642481 0.4547763 0.8296401 0.7637340 0.8321085 0.3092117 0.8245260 0.8924160 0.3014539 0.4688139 0.7209182 0.0916387 -0.0086861 0.0755182 0.0441652 0.3117697 0.1319880 0.2211584 -0.2379958 0.1899134 0.4734747 0.2355730 0.2395327 0.2517418 -0.0582411 0.1665459 0.3018506 -0.0512681 0.0718870 0.0864839 0.3288964 0.3120774 0.1402466 0.4663702 0.2001396 0.0143328 0.0618041 -0.0056776 0.3328866 0.0145214 0.3782445 0.2158095 0.1410248 0.1875048 0.2522912 0.2156497 0.2271347 0.2058527 0.0484668 0.1682164 -0.0450042 0.2113756 0.2978393 0.1969597 0.0011568 0.0106566 -0.2403649 0.4106053 0.2375961 -0.1776424 0.0655555 0.1593485 0.1978644 0.2415955 0.2923055 0.0111879 0.1744789 0.2585335 -0.2037674 0.1765759 -0.1342809 0.2363790 -0.2006780 -0.2039237 0.2060479 0.0866219 0.4687974 -0.0775465 -0.2566343 -0.2058661 -0.0294030 -0.0359935 -0.2979080 -0.1916557 0.2379630 0.0666621 -0.2664795 -0.1571287 -0.2696216 -0.2515352 -0.2088697 -0.1681356 -0.2060962 -0.1237330 -0.0270996 -0.2466165 -0.1165605 0.0595007 -0.1810194 -0.1029065 -0.1287364 -0.0846905 -0.1349851 0.2953971 -0.0832686 -0.1687841 -0.1081094 -0.3124988 -0.1909638 -0.3016103 -0.3138979 0.0216012 -0.2256829 0.0862382 -0.0939339 0.4145436 0.5052213 0.3616561 0.5324327 0.8441841 0.7364977 -0.2212986 0.8761782 0.4456088 -0.1534433 -0.2040216 -0.1751016 -0.3285973 -0.2769989 0.4553299 -0.3974611 0.6460035 0.2435017 0.4560468 0.1708786 0.0194966 0.0255068 -0.3649369 0.1356027 0.5176390 0.3636171 0.4981687 -0.0620747 -0.0118294 0.1021059 0.1569454 0.4087048 -0.0588494 -0.0586426
-0.3626331 0.3573393 0.3859528 0.4851949 0.3197675 0.7090808 -0.1338181 0.3934710 0.0000000 0.8712873 0.5124949 0.1472920 0.2662069 0.6713269 0.7315246 0.3781599 0.6649115 0.0931756 0.2480750 -0.0516347 0.1543206 0.3732633 0.4046421 0.4858834 0.3260012 0.4105132 0.2356424 0.0614692 0.3585941 0.3216220 0.2814539 0.4967019 0.1843629 0.4121042 0.2266290 -0.4784139 0.3053456 0.3471600 0.4179910 -0.0094381 0.1157486 -0.3890210 0.3474431 -0.0375665 -0.4744524 0.4744796 0.2994818 0.2488586 0.3529092 0.2915280 0.1302546 0.2704337 0.0426339 0.2012683 0.3162805 0.4572503 0.2958565 0.5447597 -0.0623339 0.2138418 -0.3042201 0.4131966 0.5785324 0.5692369 0.1766682 0.1689861 0.3313645 0.5767931 0.2290109 0.5628799 0.2101543 0.5191824 0.4015893 0.5286270 0.1302628 0.3872118 0.5316547 -0.0178891 0.2437567 0.0573601 0.1504022 -0.1667820 -0.2358038 -0.1078302 0.1668465 -0.3116901 0.2332036 -0.1894494 -0.1340518 0.3054001 0.0687427 -0.2127551 -0.0485662 -0.2846775 0.3304024 -0.2700525 -0.4179365 0.0906156 0.3142651 -0.0927594 0.1971267 -0.4345141 -0.2778153 0.0210563 -0.4455309 0.2215202 -0.5405555 -0.0982718 -0.4970932 0.1520263 -0.0686766 -0.4490247 0.2062035 0.2774017 0.3571608 0.2258114 0.2795573 0.2266356 0.2933904 -0.0373228 0.1714397 0.2998384 -0.0531348 -0.0176812 -0.0556728 -0.3837816 0.1592219 -0.1834827 -0.4184515 -0.0559931 -0.2719389 -0.2556262 -0.2159340 0.1949596 0.0070239 -0.2587174 -0.1935135 -0.3290370 -0.3716474 -0.6283701 -0.0012067 -0.4846927 -0.1418198 -0.0916639 -0.4306402 0.1909685 -0.3150640 -0.4379120 -0.0285544 -0.6190653 -0.7411920 -0.5204596 -0.4339092 0.0644932 -0.3486696 -0.4590548 -0.4126853 -0.4710784 -0.2227417 -0.6831588 -0.2103861 -0.4516947 -0.4769236 -0.5118571 -0.3816020 -0.6255792 -0.3270669 -0.0412441 -0.2275576 -0.3764481 -0.2277824 -0.2693624 0.3463506 0.1352146 0.0866442 0.0753337 -0.0742883 -0.0444914 -0.2393464 -0.4176800 0.2304090 -0.4854327 -0.1887456 -0.3206221 0.0194626 0.0575146 0.2940862 0.5035611 0.7117909 0.6069868 -0.1546680 0.3597302 0.4745503 -0.1612617 -0.2641348 -0.2260493 -0.2766959 -0.2141142 0.1306583 -0.4781212 -0.0003634 -0.0271821 -0.2090864 -0.1722019 -0.0131759 0.0833413 -0.2559231 0.0236089 -0.0763525 0.0884706 -0.0101242 -0.2184084 -0.0904152 0.0295603 -0.0066602 0.0168217 0.5043076 0.1900992
-0.3210288 0.3032559 0.3873089 0.5806506 0.1142960 0.7588039 -0.0889592 0.6279017 0.8712873 0.0000000 0.7019347 0.1821069 0.5777972 0.7083313 0.5344069 0.5562483 0.7188646 0.1745355 0.4281169 0.0694585 0.2059511 0.5628415 0.5719042 0.3931637 0.4082783 0.5141296 0.4200507 0.0187099 0.4127429 0.3262783 0.4655615 0.5179005 0.1606307 0.4205597 0.4491288 -0.3164364 0.4917880 0.4879666 0.5302977 0.1106610 0.1361891 -0.2843717 0.5202527 -0.0710956 -0.3777428 0.6489024 0.5535792 0.2908711 0.3612519 0.4367566 0.3863460 0.4632341 0.2171824 0.2828151 0.3775705 0.5791522 0.5339069 0.6254433 0.0282081 0.5217805 -0.1635050 0.6805347 0.5936325 0.7173709 0.3745764 0.1499749 0.6290735 0.7610907 0.4198642 0.7848948 0.3818528 0.6677725 0.6007242 0.6801563 0.3009997 0.6366378 0.7277130 0.1704639 0.3870314 0.3109792 0.1835898 -0.1029745 -0.1549281 -0.2305697 0.2338482 -0.2541175 0.2868729 -0.1721463 -0.0894752 0.4173515 0.0707734 -0.1477581 -0.0111941 -0.3457575 0.2704157 -0.1568889 -0.3107079 0.0762748 0.2537722 -0.0096758 0.2885616 -0.2531052 -0.0296069 0.1732711 -0.3096300 0.0427923 -0.4039316 -0.0294280 -0.2934153 0.1903117 -0.0839071 -0.2247847 0.0618215 0.1008678 0.2098482 0.0661689 0.0728011 0.0728204 0.0789917 -0.2158638 -0.0012945 0.1180698 0.0217499 -0.0389859 -0.2595278 -0.2205910 0.1699912 -0.0850408 -0.3084899 -0.1511196 -0.3635836 -0.2698589 -0.0071967 0.2587406 -0.1365595 -0.1219206 -0.1632751 -0.2641754 -0.1317423 -0.6136363 0.0638095 -0.5156774 -0.2127632 0.0683556 -0.4136078 0.3772160 -0.2522682 -0.4111427 -0.2027835 -0.5410100 -0.5756251 -0.4464554 -0.3503947 0.0812268 -0.2901993 -0.3672608 -0.3461783 -0.5162735 -0.3413334 -0.4117113 -0.2582581 -0.5169152 -0.3082819 -0.3099488 -0.4147162 -0.4997294 -0.2121280 -0.1627237 -0.2818118 -0.3482250 -0.2324955 -0.3309592 0.2657666 0.2835832 0.0257799 0.0640394 -0.1056184 -0.1889127 -0.2300912 -0.3430593 0.0358746 -0.5502364 -0.2697426 -0.4127573 0.0376607 0.3191282 0.4091509 0.6189731 0.8377508 0.6883919 -0.1815320 0.5971774 0.4948747 -0.1128722 -0.1633820 -0.0894170 -0.1873571 -0.1193627 0.3066484 -0.3056812 0.1876883 0.1574501 0.0333200 -0.0454238 -0.0851412 0.1181922 -0.1504419 -0.0141937 0.0833105 0.2539856 0.2154637 -0.1734176 -0.1422701 0.0357170 0.0454160 0.0814995 0.5299980 0.1542420
-0.0903942 0.1265746 0.2701245 0.8303486 0.0578482 0.6444239 -0.3164520 0.9020968 0.5124949 0.7019347 0.0000000 0.0608189 0.6911153 0.2539319 0.3219877 0.7699288 0.3439650 -0.0681406 0.6506260 -0.0353604 -0.0890720 0.7562474 0.6284246 0.1420101 0.6439627 0.7432709 0.2793067 -0.2490324 0.3919729 0.0142358 0.6324851 0.6746861 -0.0962672 0.4072310 0.6626102 -0.3647648 0.6889731 0.6954685 0.3191219 0.0214976 0.2595106 0.0085876 0.7400929 -0.3959880 0.0276523 0.7486552 0.7984086 0.4457251 -0.0241016 0.5298582 0.6354274 0.6110625 0.3221709 -0.0747599 0.6526707 0.7537822 0.7078884 0.2396028 0.3366057 0.5817893 0.3590046 0.7421713 0.6631964 0.7817927 0.5309949 0.1178372 0.6484956 0.7523975 0.4824468 0.8261936 0.4453296 0.7722133 0.7347901 0.7799005 0.4074891 0.7260844 0.8552237 0.3010734 0.3955844 0.5868930 0.0973514 0.0233248 -0.1384329 -0.1206523 0.3430258 -0.0113252 0.1560691 -0.2369430 0.0132295 0.4328510 0.2095673 0.2841477 0.0645239 -0.2070606 0.0873422 0.3426543 -0.0183548 -0.0456327 -0.0012525 0.2430078 0.3356246 0.0376806 0.2983925 0.1801844 -0.0091914 0.0229876 -0.2044260 0.0839226 -0.1850473 0.1204194 0.0586448 0.0395795 0.0436070 0.1443677 0.0858401 0.0860142 0.0785659 -0.1164187 0.0339493 -0.2252779 0.0247226 0.1531151 0.1692404 -0.1002928 -0.1178524 -0.2889098 0.2676766 0.1365327 -0.1784929 -0.0457224 -0.0274917 0.0848744 0.1122096 0.3557396 0.0599401 0.0500340 0.0924055 -0.2089795 0.0869708 -0.2295617 0.2078987 -0.1901651 0.0240099 0.1961263 -0.0295679 0.4697857 -0.0854475 -0.2327538 -0.1046727 -0.1247990 -0.1816297 -0.3692476 -0.2216288 0.2641040 -0.0377627 -0.2124681 -0.1434225 -0.3856881 -0.1799253 -0.2926910 -0.2193133 -0.2806772 -0.0275992 -0.0868970 -0.3606900 -0.1728815 0.0967945 -0.1000207 -0.0625592 -0.0988736 -0.0474491 -0.1030441 0.3062435 -0.0884605 -0.0536126 -0.1081197 -0.3481910 -0.2364686 -0.2731769 -0.3320300 0.1587596 -0.3138231 -0.1402605 -0.3240026 0.1571239 0.4513417 0.3921087 0.5108808 0.8807487 0.7506721 -0.3066148 0.7721521 0.4385055 -0.1270298 -0.2537680 -0.1712564 -0.3068744 -0.2600899 0.4462834 -0.3459442 0.3244938 0.2378883 0.3277323 0.0561919 -0.1286737 -0.0771374 -0.2269899 0.2053341 0.2838611 0.4963447 0.4985679 -0.0270297 -0.1739442 -0.0623569 0.0738638 0.2795963 0.0945119 -0.0848754
0.2508811 0.3307497 0.3062092 0.1319340 0.1896332 0.0535340 0.6062315 0.1909079 0.1472920 0.1821069 0.0608189 0.0000000 0.4374428 0.3368471 0.1419157 -0.1056827 0.3495540 0.4041145 0.1675406 0.3382992 0.7106528 0.1277102 -0.2420540 0.5680000 -0.0900058 -0.0881056 0.4937279 0.7042800 0.8111333 0.7023651 0.3251648 -0.2453498 0.7605369 0.5891115 -0.3443085 0.4078722 -0.1848753 -0.0921917 0.1970524 0.0904607 -0.0332024 0.3740973 -0.3322336 0.3049748 0.3877551 0.0039020 -0.1586955 -0.0403617 0.6411297 0.1733003 -0.4007525 -0.2195536 0.5581252 -0.3020939 0.0685396 0.0741237 -0.2181010 0.2520784 0.3745479 -0.2551883 0.2113193 -0.2241528 -0.0229918 0.3558878 0.3899273 -0.1633807 -0.2651911 -0.0320684 -0.1515501 0.1248864 -0.4698738 0.3383424 -0.2335637 0.2992266 -0.2421078 0.2074695 0.2642489 -0.4123078 -0.0995980 0.2304494 0.1142206 0.6588148 0.5231754 0.4118221 0.3917097 0.2027449 -0.2280367 0.2226560 0.2126558 0.3573108 -0.0427239 -0.2054146 0.0096647 0.2230792 0.1397215 0.0309099 -0.2539930 -0.0606494 0.1056829 0.2404456 -0.3161752 -0.1327986 -0.0609539 0.5729208 -0.1202297 0.1920092 -0.0160660 0.0196334 -0.2113972 0.5557803 -0.0190442 -0.2617528 -0.1218751 0.0691004 0.1762781 0.0339713 0.1504859 0.2952696 0.1722135 0.2528128 0.2774711 0.1390838 0.1546864 0.0805400 -0.1478303 0.3542329 0.0142336 0.1755074 0.3817824 -0.0807527 0.1669300 0.1737139 0.2863670 0.0651449 0.1590971 -0.2807716 0.3905514 0.6317807 0.3869530 0.2511531 0.0322706 0.3476541 -0.1299900 0.2993397 0.3391945 -0.2055968 0.5712028 0.2591551 0.3648257 0.2453281 0.1178555 -0.2380535 0.5967059 0.2114336 0.0996866 -0.1466503 0.2252471 0.2468947 0.3810739 -0.0660449 0.0129809 0.2809487 -0.2536190 0.3023071 0.3951039 -0.0134049 -0.1151380 0.4254524 0.4056978 0.3090398 0.4797898 0.4687461 -0.2593854 0.1564084 0.0885132 0.4984044 0.5658159 0.5194554 0.3479948 0.2154002 0.1249160 -0.1304384 0.0877234 -0.0745447 0.2879550 0.1049468 0.0456183 0.1744265 0.2508161 0.3884354 0.0925623 0.4145409 0.5806747 0.2000361 0.4820247 0.3953472 0.3418723 0.4155233 0.4138849 0.1870138 0.2378081 -0.3574630 0.1298893 0.4919767 0.4824312 0.4161172 0.2902452 -0.0429017 0.0185406 -0.1143395 -0.0935164 0.2110219 0.4738869 0.7519131 0.6122563 0.3676821 -0.1979040 0.3589753
0.2042195 0.0634841 0.3955682 0.6566913 -0.0263541 0.5468036 0.2405688 0.8323208 0.2662069 0.5777972 0.6911153 0.4374428 0.0000000 0.2721514 0.1223767 0.5667036 0.4294786 0.2405263 0.6630726 0.3063587 0.1791863 0.7298407 0.4598520 0.2078784 0.4805719 0.5724094 0.4139503 0.1139835 0.6009485 0.2810522 0.7750011 0.3672131 0.2027353 0.4279078 0.3950573 0.0701787 0.5503225 0.5241343 0.3991627 0.0800092 0.2169194 0.2919540 0.3550909 -0.1324399 0.3083424 0.5155281 0.5105561 0.3425181 0.2590485 0.5538976 0.3174070 0.4571654 0.5787101 -0.0790821 0.5061799 0.4405570 0.4997640 0.3597216 0.4795616 0.4949950 0.4180818 0.5937483 0.2776683 0.7367371 0.6248059 0.1071436 0.5701456 0.6516093 0.1930850 0.7812490 0.2362531 0.7104952 0.6294881 0.7230630 0.2254387 0.8575928 0.8437821 0.1125002 0.3432618 0.6892172 -0.0952793 0.3016429 0.3500099 0.1791606 0.4057761 0.1978875 0.0929583 -0.1468896 0.2592682 0.5163159 0.1071299 0.1049490 0.1566737 0.1226197 0.0803564 0.2396790 -0.1280983 -0.0208997 0.0297163 0.5126022 0.3868319 0.1576965 0.5478570 0.4763457 0.0063088 -0.0888501 0.1179845 0.3834087 0.1510309 0.4789198 0.0819221 0.2317044 0.0887081 0.1260890 0.1322133 0.0674885 0.0368577 0.0408943 0.0294301 -0.0686758 0.0938286 0.0969975 0.0785468 0.1524061 -0.1580589 0.0061966 0.2403034 0.1627763 0.0062456 -0.0147805 0.1170379 0.0408024 0.3592417 0.0779317 -0.1287333 -0.0168414 0.3188181 -0.0244757 0.4169382 -0.0993944 0.0099345 -0.1299689 -0.2821886 0.3734690 0.2507399 0.3400276 0.0569595 -0.2039274 -0.2210305 0.1100399 0.1804229 -0.2415994 0.0081599 0.1772564 -0.0654784 -0.2243240 -0.0255486 -0.2557650 -0.1758458 0.1074559 -0.2816333 -0.0798087 -0.0115398 0.1633640 -0.2008860 0.0264747 0.0911288 -0.1143131 -0.0452129 0.0041943 -0.0148920 -0.0562323 0.0810434 -0.0376708 -0.3262704 -0.1117787 -0.1873134 -0.1820093 -0.2280386 -0.2312972 -0.1842037 -0.3070303 0.0023988 -0.1665357 0.4358629 0.4971581 0.2733693 0.3856632 0.6916805 0.7028828 -0.1660053 0.7731540 0.3708045 -0.1534428 0.0085005 -0.0411201 -0.1687149 -0.1558370 0.3174650 -0.1535148 0.6525825 0.2949503 0.4928153 0.2473351 0.1101602 -0.0143244 -0.1232385 0.0821694 0.5014724 0.1884917 0.4655721 -0.1140294 0.0201425 0.2415726 0.2986017 0.4809718 0.0057811 0.2196194
-0.5719259 0.1544952 0.1645314 0.1482624 0.0447082 0.2794200 0.2670021 0.2607925 0.6713269 0.7083313 0.2539319 0.3368471 0.2721514 0.0000000 0.1208819 0.1852414 0.9209403 0.4724936 0.0944081 -0.1422482 0.3547057 0.0395638 0.2577550 0.3308777 -0.0797050 0.1389984 0.6652359 0.2148434 0.4335541 0.6670148 0.2259517 0.2593927 0.3031984 0.4342159 0.0875049 0.0080715 0.2482485 0.1497043 0.6873097 0.3831146 0.2603425 -0.0533826 0.1605033 0.0155825 -0.1495314 0.3297989 0.2391328 0.1304658 0.4258458 0.1721920 0.0893744 0.2518082 0.3174883 0.1146309 0.2086886 0.3996489 0.3497984 0.4336077 0.2454356 0.3028399 -0.0658731 0.3033571 0.3911800 0.4474284 0.1831042 0.3949492 0.3791327 0.3315496 0.3615846 0.5117413 0.3548060 0.4920710 0.1838549 0.4194237 0.3591115 0.3888816 0.4996064 0.2183798 0.3514878 0.3098656 0.3951733 -0.0822936 0.1682216 0.1499808 0.3899913 -0.3290936 -0.1344792 0.2505194 -0.0063591 0.2600394 -0.2559498 -0.4687657 0.0059941 -0.4217152 0.2412497 -0.3408319 -0.1895501 0.3372935 0.2507954 -0.1634723 -0.1138636 -0.4460118 -0.2779427 -0.1207198 -0.2287898 0.1762688 -0.3951625 -0.1361308 -0.1906861 0.1886218 -0.0132641 -0.3082494 -0.0838503 -0.0090912 0.3223060 0.0127626 0.0950312 0.2879056 0.1320533 0.0526782 0.1059945 0.1198288 0.2480252 0.0331605 -0.1189993 0.0034128 0.1627191 -0.0795375 -0.1339475 -0.1446781 -0.3394140 -0.1423198 0.1252192 0.3688759 0.0191277 -0.1012841 -0.1458071 0.0875580 -0.0889407 -0.2730558 0.1445658 -0.2095016 -0.2010262 0.1938791 -0.1802821 -0.0574683 0.0315313 -0.0819687 0.0383607 -0.3291841 -0.3719889 -0.1383397 0.0023941 0.0368091 -0.0421834 -0.1187119 -0.1379857 0.0388879 -0.0406852 -0.2611042 0.1783274 -0.1220652 -0.3044934 -0.0513828 0.0624615 -0.3601319 -0.1539355 0.1617191 0.0521799 -0.1800068 0.0558555 -0.0475911 0.0947342 0.6990135 0.2196749 0.4067734 0.3059053 0.1594070 0.0686399 0.0048834 0.0586963 -0.2284549 0.0864212 -0.0908952 0.2329345 0.2052801 0.4015956 0.5671190 0.5397699 0.4485223 0.1894824 0.4310909 0.5120738 0.0733904 0.1271505 0.1117101 0.1066324 0.1716792 0.4964462 -0.0642437 -0.0170762 -0.1065259 -0.1820633 0.1466818 0.2781948 0.5702835 -0.0078452 -0.3402877 -0.2951752 -0.0778331 -0.2889225 0.1317927 0.2280219 0.4415417 0.3498472 -0.0757578 0.4333810 0.4260613
0.0772792 0.4207501 0.4958357 0.3607923 0.4554855 0.5803474 -0.2989815 0.1771833 0.7315246 0.5344069 0.3219877 0.1419157 0.1223767 0.1208819 0.0000000 0.1797008 0.0811441 -0.1392188 0.1007554 0.3425610 0.1315242 0.3783927 0.1457131 0.5829341 0.3329397 0.2237941 -0.2594749 0.1957847 0.2041545 0.0033972 0.1734936 0.2056523 0.2425239 0.1847362 0.0007163 -0.5951059 -0.0469081 0.1418845 -0.2385330 -0.3826777 -0.1997509 -0.4863695 0.0212197 0.2510980 -0.5026563 0.1772150 -0.0229174 0.0726306 0.3478124 0.2054810 -0.2002258 -0.1484215 -0.2186795 0.1988859 0.1226303 0.1242361 -0.1478340 0.4050732 -0.3088563 -0.2482359 -0.4256996 0.0461367 0.3673357 0.2702914 -0.0028340 -0.2415770 -0.1001757 0.3475504 -0.0488556 0.1631987 -0.2331146 0.1829267 0.2223105 0.2163401 -0.2697757 0.1288670 0.1613819 -0.2816368 0.0663166 -0.1896230 -0.0047508 -0.0207494 -0.4772815 -0.2930292 -0.1654819 -0.2080318 0.3942809 -0.5021685 -0.2297192 0.1398130 0.1885090 -0.1462888 -0.0967991 -0.0774075 0.2202275 -0.1860858 -0.4969990 -0.1574421 0.3065195 -0.1029330 0.2166453 -0.2750198 -0.3548537 0.2069171 -0.4423957 0.1034759 -0.3745391 -0.0672919 -0.5877174 0.2110266 -0.1703368 -0.5472552 0.3116439 0.3837277 0.2097047 0.3092100 0.3204367 0.1143912 0.3068028 -0.0874761 0.1524472 0.2851426 -0.2287864 -0.2103956 -0.0642783 -0.4177292 0.0481601 -0.2511357 -0.3688661 0.0442837 -0.0376950 -0.2015741 -0.3502771 -0.0976813 -0.0110301 -0.5237531 -0.1525762 -0.3589023 -0.4957202 -0.6462746 -0.2489616 -0.5239468 -0.1681186 -0.4100149 -0.4627954 0.0353574 -0.4208107 -0.5811915 -0.0213343 -0.6389465 -0.7023471 -0.7086711 -0.5030621 -0.0695952 -0.4983327 -0.7144180 -0.4500477 -0.6120446 -0.2116892 -0.7491347 -0.3873568 -0.4616051 -0.5950764 -0.5879955 -0.4170080 -0.7107991 -0.5608483 -0.1120895 -0.2154112 -0.2980137 -0.2983509 -0.2263122 0.2498023 -0.2730088 -0.0153633 -0.0475169 -0.1727746 -0.1444138 -0.3507447 -0.6238751 0.0871749 -0.6779995 -0.4123569 -0.4938550 -0.2035784 -0.2174807 0.0240244 0.1850943 0.3380324 0.3278418 -0.3105093 0.0692262 0.2045438 -0.2959277 -0.3401635 -0.2754141 -0.3394146 -0.1939796 -0.1803446 -0.5000216 -0.0900950 -0.1653925 -0.1514573 -0.2700238 -0.1169708 -0.1614637 -0.1880591 0.3910850 0.0618747 0.1396491 0.0449437 -0.4527511 -0.0715734 -0.0613739 -0.1278361 0.2373975 0.3465253 0.0875620
0.0332245 0.0320023 0.1156831 0.5161395 -0.1286359 0.5177478 -0.2331637 0.7179934 0.3781599 0.5562483 0.7699288 -0.1056827 0.5667036 0.1852414 0.1797008 0.0000000 0.3096242 0.2259266 0.8101173 -0.0143723 -0.0688470 0.8160768 0.8694586 0.1856583 0.8255142 0.9021403 0.2895135 -0.2533325 0.1029609 -0.0192937 0.6008099 0.7831455 -0.2832379 0.0626972 0.8369120 -0.4325213 0.8333043 0.8708411 0.3730407 0.4107606 0.2200182 -0.2097279 0.8539000 -0.3364708 -0.1139000 0.9102962 0.8914144 0.4925033 -0.2230937 0.8053776 0.6684713 0.7354819 0.0994169 0.0269509 0.7430741 0.7956610 0.8361820 0.1584161 0.1656531 0.7041308 0.1916034 0.7843217 0.5897658 0.5946096 0.3666470 0.1312125 0.6989294 0.7298335 0.6677917 0.7099748 0.4831677 0.5346696 0.6348476 0.6668621 0.5804602 0.5768467 0.6961462 0.2422040 0.2219791 0.3603199 -0.0635797 -0.2114704 -0.2653970 -0.2960107 0.3031629 -0.1979644 0.0616730 -0.0961955 -0.1609308 0.4866935 -0.0077037 0.1942136 -0.0475879 0.0009774 -0.1333362 0.2545098 0.0037025 0.0129484 -0.1009816 0.1567285 0.3923915 -0.0239065 0.2398249 0.2667273 -0.0917538 -0.2378982 -0.1708168 0.1054076 -0.1748016 0.1955832 -0.1417182 0.0970188 0.0924825 0.0480980 -0.0140978 -0.0225523 -0.0422414 -0.1583245 -0.0762624 -0.1964040 -0.0785756 0.0298474 0.0105767 -0.1254709 -0.2549102 -0.1002921 0.2764902 0.1732311 -0.0371180 -0.1118902 -0.0546672 -0.1300714 0.4016440 0.0196854 -0.1055584 0.0873419 -0.0377776 -0.1840110 0.1453058 -0.4114253 0.1262659 -0.3146182 -0.1721068 0.0532900 -0.2254413 0.5282682 -0.1257650 -0.3296619 -0.1619590 -0.2458319 -0.2448968 -0.4287363 -0.2236707 0.1802830 0.0211793 -0.2663189 -0.1813848 -0.4875795 -0.3294435 -0.1899633 -0.2550921 -0.4175064 -0.0691476 -0.1255462 -0.3426115 -0.2238492 0.0242497 -0.1349853 -0.0821505 -0.0455925 -0.0839442 -0.0926231 0.1784282 -0.0648433 -0.1011943 -0.2234889 -0.3240430 -0.2737154 -0.2526113 -0.2508171 0.1339273 -0.4630543 -0.2783820 -0.4210853 -0.0267496 0.4688900 0.2730824 0.4586592 0.5999893 0.4884486 -0.2057676 0.5368775 0.2449027 -0.0929254 -0.1147008 -0.0078260 -0.1787471 -0.1415392 0.3290175 -0.2236341 0.2918436 0.4740071 0.3044473 -0.0111845 -0.2950501 -0.0483868 -0.0752057 0.3342973 0.1470661 0.4857455 0.6637116 -0.2882714 -0.2677807 -0.2394810 -0.2144841 0.2909834 0.2256028 -0.0478378
-0.4313728 0.0365762 0.0992532 0.2920132 -0.0825725 0.4149033 0.4054894 0.3988043 0.6649115 0.7188646 0.3439650 0.3495540 0.4294786 0.9209403 0.0811441 0.3096242 0.0000000 0.4694093 0.3126538 -0.2564587 0.2223419 0.1728344 0.3861085 0.2406435 0.1240466 0.3534618 0.7221645 0.2216670 0.4391167 0.7052103 0.2858960 0.4147753 0.2633788 0.4152942 0.2629261 0.0145239 0.4406225 0.2560085 0.8496274 0.4649711 0.2399038 0.0571210 0.3084101 -0.0327848 -0.0435973 0.4176183 0.3360234 0.1323007 0.3933835 0.2502304 0.2149472 0.4717254 0.3813787 0.1584626 0.2600685 0.4165290 0.4759938 0.4752739 0.2921102 0.4605355 0.0563749 0.4557027 0.3773580 0.5506317 0.2943200 0.3982016 0.4938096 0.5232616 0.2868259 0.6398030 0.4076568 0.5969192 0.3694238 0.5528446 0.3802030 0.5736905 0.6528740 0.2234830 0.4246121 0.4564204 0.3008826 -0.0033073 0.2830287 0.2474512 0.5532878 -0.0700647 -0.0419373 0.1107876 0.2511730 0.2724307 -0.2148112 -0.3138195 0.0920225 -0.3252103 0.1251802 -0.2039996 -0.1635826 0.4343506 0.0920288 -0.0196536 -0.0410063 -0.2503701 0.0086720 -0.0677824 -0.1769658 0.2265326 -0.1891149 0.1384494 0.0090264 0.3037055 0.0758225 -0.0348488 0.0517361 0.1026575 0.3779818 0.0970077 0.1884484 0.3052141 0.2090075 0.1876877 0.2300822 0.2386351 0.3389743 0.2087997 -0.0250911 0.0782346 0.2855204 0.0740263 -0.0461818 -0.0905316 -0.1887658 -0.1167916 0.2309409 0.2474989 -0.0127106 -0.0393328 0.0009273 0.0847137 0.1158052 -0.2744548 0.0492869 -0.2181949 -0.2101556 0.2597394 -0.0613703 0.0265820 0.0170456 -0.1487115 -0.0525616 -0.2648337 -0.2819339 -0.1467294 -0.0046335 0.0363603 -0.0098230 -0.0653146 -0.2098761 -0.0755982 -0.1260010 -0.1748011 0.1076459 -0.1113796 -0.1707202 -0.0824153 -0.0108547 -0.2943086 -0.0423734 0.0318337 -0.0716933 -0.2207295 -0.0434748 -0.1467672 0.0316059 0.5116476 -0.0104312 0.2220669 0.2079400 0.0375753 0.0538456 -0.0178295 0.0541138 -0.1460973 0.0913020 -0.0830092 0.3076461 0.3159489 0.4454299 0.5902252 0.6446684 0.5277820 0.2076921 0.5086036 0.4561725 0.0548149 0.1642941 0.1021571 0.0669073 0.0367189 0.4843816 -0.0602950 0.2589005 0.1064244 0.0289017 0.2414517 0.1714116 0.4133760 -0.0817316 -0.2929106 -0.0706276 -0.0022612 -0.0905741 0.0606462 0.1147483 0.3111022 0.2317113 0.0754825 0.3892272 0.4575863
