0.0000000 0.8394102 0.5249264 0.2466760 0.6118773 -0.0416596 0.3974896 0.1509404 0.1663413 0.0905740 0.0844314 0.2821777 0.3588437 -0.1031934 0.5128677 0.1263969 0.1203562 0.0419504 0.1440201 0.5506510 -0.0272369 0.1193622 0.1864283 0.0901977 0.1637152 0.3449936 0.5001134 -0.0517006 0.0372887 0.3949193 0.4790533 0.3519568 -0.0712322 -0.0410346 0.1667167 0.1655861 0.3108277 0.3617757 0.0949461 0.3263758 0.6620039 0.4837903 0.1412661 -0.1898899 0.2049604 0.2143470 0.2132640 0.6218862 -0.2411084 0.4873678 0.2297401 0.0693822 -0.1388288 -0.0073853 0.3599478 0.2620841 0.2747517 -0.2055887 0.5888786 0.1667475 0.1433075 0.1092050 -0.0244244 -0.0248182 -0.1107585 0.3463072 0.2242494 0.0145926 0.1191220 0.0401540 0.2034052 -0.0428893 0.1334174 -0.0309565 0.2359594 0.0166565 0.0767559 0.1427692 -0.0751143 0.0969069 -0.1285267 -0.0774260 -0.2003206 0.2434911 0.2556319 -0.3228807 -0.0176919 -0.2497810 -0.1629605 -0.3309484 -0.2899050 0.1097764 0.1962486 -0.2795455 0.0452222 0.3232499 0.3722384 -0.0139681 -0.2524586 -0.2395222 -0.3975607 -0.5059567 -0.3106491 0.0071541 0.0985511 -0.1130976 -0.4543926 -0.1173515 -0.4195185 -0.3922099 -0.2597227 -0.3326252 -0.1722711 -0.2427610 -0.2076049 -0.2596443 -0.1307683 -0.2821321 -0.3049953 -0.1514560 -0.0834050 -0.0011442 0.6894596 -0.1149345 -0.2447338 0.0138559 0.2916965 0.6617163 0.0247655 0.1761527 0.0023616 0.1140598 0.2689352 0.0501461 -0.1565448 0.2863226 0.0352761 0.1300020 -0.0184390 0.0969666 0.1951336 0.0763619 0.2703891 0.1483463 -0.0065866 0.2845500 -0.0550101 -0.1694938 0.2746109 0.2196338 0.2956103 0.2787204 0.0427764 0.3866622 0.0317709 0.0345558 0.4212321 -0.0277160 0.2568208 0.3649975 0.4142807 0.3859564 0.0454495 0.4400880 0.2217346 0.2092505 0.3098502 0.3091133 0.3734392 0.4559527 0.2049991 0.1679311 0.6831782 0.1571755 0.3296824 0.3905383 0.2109811 0.2052603 -0.0688211 0.2468737 0.3088760 -0.0578844 0.6947812 0.4224716 0.4923717 0.0100931 0.4135517 0.3046996 0.0626719 -0.0947662 -0.0958749 -0.0548858 -0.2454511 -0.0296731 -0.0348649 0.0130191 -0.0777441 -0.1334426 0.1599627 0.0907634 0.3653533 0.4720739 0.2256847 0.4027750 0.4701488 -0.0390184 0.4247501 0.4512670 0.3424863 0.3056012 0.2560539 0.1585030 0.4817954 0.0928658 0.5210335 0.4738805 0.3385822 0.4219150
0.8394102 0.0000000 0.6024696 0.3737865 0.6583035 0.1822411 0.4327462 0.2604377 0.2414492 0.1617662 0.1441598 0.4962108 0.4281190 0.1141173 0.5074523 0.2084802 0.2763274 0.0532902 0.0510144 0.5775094 0.2081785 0.0428514 0.3571819 0.1135558 -0.0008827 0.3623698 0.1753204 -0.0329529 0.1107350 -0.0136475 0.4135330 0.2287118 0.0250556 0.1138486 0.3432168 0.3653583 0.3018643 0.2649929 0.2448110 0.1587375 0.4956444 0.4869680 0.2299987 -0.1102539 0.3723438 0.2533420 0.2564282 0.4604100 -0.1331055 0.3974423 0.3191424 0.1327149 0.0178005 0.0859782 0.3797346 0.3612561 0.2528231 -0.0709450 0.4174809 0.2224010 0.3609823 0.2176498 0.1180421 0.1783044 0.1046054 0.2118623 0.3312916 0.1575681 0.1722944 0.2562546 0.1297032 0.1390420 0.2334402 0.3072538 0.1976817 0.2310524 0.3099063 0.3151129 0.0791927 0.4368001 0.1262686 0.0975091 -0.0394824 0.4687358 0.2592658 -0.1639091 0.1840368 -0.1948299 0.0603052 -0.0578377 -0.1487317 0.1426610 0.0400945 -0.0559633 -0.0435028 0.1779717 0.1431596 -0.0271755 -0.0445433 0.0975640 -0.1215246 -0.4072854 0.0085906 0.1866269 0.0754977 -0.0534769 -0.3385044 0.1506165 -0.3683766 -0.4144230 -0.0786790 -0.1835033 0.0610976 -0.0706916 -0.0228521 -0.1288688 -0.1147843 -0.1654554 -0.2542055 -0.1707421 -0.0366136 0.0892528 0.5665651 0.1357746 -0.1609497 -0.1579644 0.2524954 0.5721384 -0.0385744 0.3261391 0.0639559 0.2565014 0.2825261 0.2810087 -0.0287690 0.1716062 0.1872861 0.1132958 0.0215159 0.1339953 0.1780784 0.0630554 0.0875694 0.2499311 0.0411636 0.2707838 0.0095631 -0.0320207 0.1048866 0.2804006 0.2376676 0.3290262 0.1083895 0.2684527 0.2153151 0.2394221 0.2041476 0.0721550 0.1554081 0.2667374 0.3921298 0.3624837 0.2824724 0.1994021 0.2644560 0.2911458 0.4518625 0.2078788 0.3129392 0.3402421 0.1780204 0.1448084 0.6329238 0.0320312 0.3715826 0.3353218 0.5197681 0.3887902 0.2689929 0.4687772 0.5116694 0.2654037 0.5435841 0.5861380 0.3853737 0.3345162 0.2240273 0.3208679 0.2993733 0.0943261 -0.1401785 0.1678643 -0.1078875 0.1051589 -0.1477573 -0.0147634 0.0357855 -0.0128134 0.3884200 0.0134980 0.3635393 0.3369958 0.2856312 0.4174432 0.3864283 0.0508804 0.2167239 0.2224948 0.2787084 0.3848166 0.3404423 0.2670819 0.4934171 0.2644387 0.6600125 0.2334769 0.5560723 0.5871025
0.5249264 0.6024696 0.0000000 0.4261067 0.7560975 0.0318594 -0.0082314 0.4271642 0.2560965 0.3468793 0.4037432 0.2245925 0.8231039 0.1161870 0.4515325 0.2929359 0.3190991 -0.0491430 0.2472527 0.7327212 -0.2854132 0.5360107 0.4395588 -0.0037649 0.3477981 0.5572296 0.3442347 -0.1935729 -0.2771756 0.0598758 0.6459316 0.5762486 -0.0292895 0.1076590 0.5534352 -0.1218865 0.6138125 0.5977017 0.0167559 -0.1685432 0.2397591 0.0840383 0.3957013 -0.4581314 0.1426057 0.6017286 0.5248305 0.5240287 -0.1149249 0.3723011 0.5348576 -0.0619868 0.1845705 -0.2474573 0.5393985 0.7075479 0.5768990 -0.0648216 0.4768030 0.4115893 0.4710200 0.1056142 0.3814231 0.3617502 0.3544034 0.5428486 0.3840384 0.2802659 0.3940378 0.4515182 0.2950438 0.3905607 0.3426388 0.4989563 0.4040731 0.4463880 0.5344403 0.5049167 0.3351445 0.4959881 0.2159656 -0.4062288 -0.3290680 -0.0453706 0.2325038 -0.1793640 -0.1646155 -0.5149461 -0.0196745 -0.0477674 -0.3092426 -0.1370311 0.0341612 -0.3931275 0.1323939 0.2663914 -0.0225884 -0.1379961 -0.0314801 -0.2418808 -0.0829718 -0.3855524 -0.2312402 -0.2179131 -0.2422794 0.0892759 -0.4298286 -0.0214832 -0.5089728 -0.1612959 -0.2688058 -0.2288908 -0.4216982 -0.1270330 -0.4863737 -0.2528567 -0.0550634 -0.4413189 -0.1908120 -0.1480929 -0.1051909 0.1232287 0.2660329 -0.2620588 -0.3311147 -0.2326804 0.2863618 0.3581154 -0.1698250 0.0716828 -0.1061733 -0.0558019 0.1578383 0.0488379 -0.3846663 -0.0722665 0.0381003 -0.1145397 -0.0980716 -0.0148152 -0.0870494 -0.1310870 -0.1631493 0.0339642 -0.1137143 -0.1016538 -0.1125534 -0.1121944 -0.3275059 0.2292856 0.1135903 0.3151715 -0.0878755 0.0963378 -0.2016737 0.1963510 -0.0929323 -0.1744240 -0.1511781 0.3244096 -0.0003297 0.2310150 0.0460796 0.2014911 0.0039490 0.2275982 0.1042546 -0.2698779 -0.2396181 0.2229009 -0.3146256 -0.3484497 0.1099946 -0.4085546 0.1273514 0.0446041 0.0607471 -0.1228449 -0.2349242 -0.1855483 -0.1253877 -0.2502942 0.4576636 0.2004641 0.4879660 0.4230279 0.2617235 0.4194890 0.4113989 0.2928038 -0.0524830 0.4496369 0.1187664 -0.2089954 -0.2353603 -0.2468860 -0.2573357 0.1069906 0.4201486 -0.2065641 0.2318760 0.1128578 -0.1052521 -0.0696279 0.2000913 -0.2758995 -0.1497052 0.2218072 0.3937260 0.0944646 -0.1100579 -0.0044838 0.5349646 0.1211248 0.5028236 0.3225110 0.4054780 0.3099544
0.2466760 0.3737865 0.4261067 0.0000000 0.0842937 0.6221877 0.1302396 0.8857390 0.7440601 0.8827826 0.8365348 0.5491082 0.3459896 0.4772671 0.5272032 0.6748488 0.8688531 0.4561490 0.1573746 0.1506215 0.2146454 -0.0964758 0.7788516 0.5989082 0.1290030 0.4687337 0.2938423 0.3098978 0.3959543 -0.1730779 -0.1490138 0.1716847 0.7017516 0.7215352 0.5812369 0.2847115 0.4175800 0.2927556 0.4492777 0.3144487 0.0039208 0.2591770 0.5909767 0.2538338 0.4035795 0.3636220 0.5542780 0.2589380 0.6078650 0.2673919 0.6311989 0.3843050 0.7362727 0.4054707 0.2548783 0.3485639 0.4055315 0.6189473 -0.0769178 0.5194582 0.4139246 0.5622208 0.0818922 0.8077701 0.5108810 0.1553329 0.4742344 0.6729871 0.1723126 0.7598265 0.0721101 0.7714168 0.4419839 0.5408537 0.0596582 0.6522237 0.7241913 0.3394674 0.6460242 0.4418200 0.4747331 0.2177826 0.3992845 0.2974990 0.3631973 0.3124264 0.2475643 0.3682249 0.4032501 0.4967424 0.3219251 0.3086894 0.4927241 0.3885621 0.5406442 0.5369249 0.0435057 0.3411082 0.4866047 0.1934066 0.4382781 0.2701953 0.1387873 -0.0836087 0.2412616 0.5195586 0.2334984 0.1549603 0.2468178 0.2233727 0.4392853 0.5213953 -0.0474266 0.3756827 -0.0275654 0.3768914 0.5148573 0.1778908 0.4969942 0.3164476 0.3010188 0.4824687 0.1210929 0.4119475 0.1610242 0.2320863 0.2315889 0.1230102 0.3107587 0.4588844 0.3156511 0.2414207 0.2036354 0.6872503 0.2057142 0.1858152 0.5465056 0.5189812 0.2462838 0.4574895 0.1087623 0.4621288 -0.1970326 0.5615641 0.6251948 0.0810772 0.3984909 0.4259742 0.0764604 0.5458776 0.2741179 0.6399687 0.4880973 0.0806691 0.3491408 0.5053301 0.0040860 0.4903344 0.1831494 0.3300145 0.0831142 0.5683974 0.4256368 0.0614644 0.3789937 0.5071671 0.3740225 0.1824417 0.3081481 0.4856929 0.2806851 0.3022602 0.0175878 -0.2931927 0.0333142 -0.0041480 0.3201900 0.2874276 0.2183338 0.1233459 0.0171045 0.2331563 0.0384013 0.3590969 0.0321577 0.0792886 -0.3093191 -0.1838645 0.3254447 0.6061923 0.4808956 0.5900179 0.4487091 0.5074944 0.3015934 0.3525028 0.1537875 0.3815728 0.5209163 0.2389648 0.4729940 0.2109561 0.4125910 0.0146527 0.1553847 0.3777202 0.0654882 0.4296185 0.4832051 0.1257757 0.3265232 0.3399593 0.3779188 0.6057513 0.5795528 0.2196376 0.5443916 0.3392338
0.6118773 0.6583035 0.7560975 0.0842937 0.0000000 -0.2166388 0.0422763 0.0951077 0.0745673 -0.0344647 0.0103590 0.1518302 0.7360774 -0.0817648 0.4051857 -0.0858263 -0.0439857 -0.1357958 0.0504113 0.7766947 -0.1751394 0.5161771 0.0233517 -0.0449711 0.0869066 0.1896468 0.3793523 -0.1925249 -0.0713556 0.2062446 0.6820261 0.2861864 -0.1860323 0.0855196 0.1909767 0.1433868 0.2610839 0.4148543 -0.1164642 -0.1382959 0.4018588 0.4373221 -0.0014076 -0.3976141 0.4297363 0.3023942 0.1136984 0.5654238 -0.2901984 0.3757880 0.1131760 -0.2587888 0.0077007 -0.3496610 0.4336510 0.5588484 0.2828726 -0.2479525 0.5764218 0.0498769 0.5010226 -0.1744978 0.5049196 0.1041503 0.3504439 0.4424385 0.1283362 0.0044936 0.3446045 0.1011766 0.2840340 0.0442290 0.1826817 0.3356596 0.3284788 0.2085299 0.2139016 0.3848054 0.1327322 0.4616549 0.1538082 -0.1969882 -0.3139644 0.2222855 0.2935852 -0.1718915 -0.0104787 -0.4912594 0.0372244 -0.2233195 -0.5236443 -0.1541643 -0.0954974 -0.2729559 -0.0800722 0.1451798 0.0123787 -0.0901559 -0.1417511 -0.0932123 -0.1461086 -0.4683875 -0.0287461 0.1278991 -0.2981767 -0.0360614 -0.3805739 -0.0752775 -0.6566197 -0.3611393 -0.4508663 -0.3385595 -0.1540077 -0.0529576 -0.1896207 -0.1447161 -0.0869618 -0.3516718 -0.2970779 -0.3289287 -0.0364425 0.1546211 0.2663951 -0.2569194 -0.3083425 -0.4731555 0.3339307 0.3795146 -0.2904773 0.1209060 -0.0412285 -0.1110628 0.2359141 -0.0916952 -0.5033867 -0.1959539 0.0216506 -0.1921076 -0.0708358 -0.1220703 -0.2285450 -0.2903930 -0.0938959 -0.1470249 -0.2177684 -0.0234150 -0.1751966 -0.1816663 -0.3406302 -0.0334337 -0.0494849 0.0439884 -0.2147578 -0.0111143 -0.3184441 -0.0642015 -0.0694897 -0.3528249 -0.1033868 0.0881986 -0.0291642 0.0517178 -0.0172379 0.1440956 -0.0838235 -0.0054481 0.1970148 -0.1886637 -0.1392958 0.1585368 -0.3554697 -0.3578475 0.3382204 -0.0727129 0.3296086 0.1149777 0.0545302 0.0076801 -0.1540086 0.0980969 0.2263486 -0.1374884 0.5663602 0.3145601 0.5761134 0.5873159 0.5150061 0.5496324 0.3106327 0.0535633 -0.3419315 0.2094211 -0.0977761 -0.4751181 -0.5286904 -0.5026710 -0.3620951 -0.0035045 0.3015329 -0.3730602 0.2147125 0.1468643 0.0851242 0.1196185 0.3316124 -0.1992962 -0.0488324 0.1282601 0.1730065 0.2122138 -0.0354928 0.0012507 0.4963323 0.1266505 0.3595755 0.2538572 0.3500662 0.4002670
-0.0416596 0.1822411 0.0318594 0.6221877 -0.2166388 0.0000000 0.5770512 0.3978406 0.5917908 0.4993175 0.3932286 0.7328369 -0.0274219 0.6265459 0.3580283 0.2570177 0.5806343 0.5628848 -0.2143411 -0.0874457 0.6812589 -0.4432978 0.4278141 0.4892133 -0.3106906 -0.0545765 -0.1492295 0.5324074 0.5616803 -0.2804647 -0.4868435 -0.3032713 0.5711668 0.5228920 0.2737188 0.5658399 -0.0166041 -0.2370939 0.4045516 0.3336594 -0.3443600 0.1791505 0.1922429 0.4253600 0.3747291 -0.1058467 0.1305360 -0.2798563 0.4761995 -0.1834636 0.2287297 0.1871864 0.5123765 0.2366666 -0.0946537 -0.1208238 -0.0294626 0.3354146 -0.2365572 0.0725384 0.4225517 0.2385025 -0.0464415 0.4994970 0.4836883 -0.2705995 0.1021675 0.3416048 -0.1388710 0.3808695 -0.2054099 0.5108293 0.1903009 0.5149770 -0.2430962 0.3924634 0.5387330 0.1436619 0.3842331 0.5157150 0.3905071 0.4668634 0.6561889 0.4787771 0.2475872 0.5721841 0.3728587 0.4918083 0.6535717 0.7002577 0.7007652 0.3282262 0.2992855 0.6055958 0.3629995 0.2747660 -0.0722264 0.4129336 0.6848392 0.5699334 0.7065634 0.5231567 0.3863016 0.1913572 0.3511941 0.4781017 0.5634985 0.3125494 0.6275440 0.4224342 0.6546472 0.6476862 0.3985622 0.5653391 0.4416205 0.6007025 0.5334810 0.5577996 0.6525822 0.6614018 0.4911752 0.4236316 -0.1189466 0.6326646 0.5550291 0.4803565 0.2053863 -0.1143039 0.5586171 0.5052403 0.5447371 0.3131257 0.2843185 0.5668933 0.5244332 0.2289660 0.6377471 0.6323510 0.4780515 0.5794171 0.2863445 0.5908248 -0.0750933 0.6324335 0.7465135 0.1206666 0.6390374 0.6400658 0.2238963 0.4941798 0.3220038 0.4963604 0.6937743 0.0309662 0.7396696 0.4833995 0.0191539 0.7109154 0.3318601 0.1629066 0.1130131 0.4252500 0.4187961 -0.1780271 0.5635885 0.3917779 0.3188141 0.2998416 0.3925326 0.2988734 0.5709693 0.5211110 0.1306552 0.2336714 0.4461267 0.1241680 0.5925372 0.5668587 0.6134035 0.3621097 0.2641278 0.5538191 -0.1428010 0.3604415 -0.1096947 0.2912508 -0.2664136 -0.1177834 0.4128568 0.6208384 0.6965875 0.6258733 0.6587513 0.7372307 0.6003379 0.5930034 0.5464459 0.6295695 0.5918153 0.4829291 0.4335230 0.2407156 0.4436656 0.2025726 0.0053367 0.5374022 0.2247947 0.2361158 0.2655694 0.3345595 0.4567768 0.5089463 0.3679446 0.7202623 0.3878813 0.0902971 0.5061746 0.3115475
0.3974896 0.4327462 -0.0082314 0.1302396 0.0422763 0.5770512 0.0000000 -0.0806770 0.1201832 0.0393824 -0.1112881 0.4220561 -0.1304531 0.3008279 0.2637527 -0.2087099 0.1014712 0.3529233 -0.2449680 0.0498456 0.4768651 -0.3296417 -0.1205821 0.2154717 -0.3088510 -0.2251212 0.0757301 0.3789767 0.4041212 0.1938557 -0.2562289 -0.2138789 0.1450616 0.0482375 -0.0882678 0.5003202 -0.1402934 -0.2397768 0.2112020 0.3801475 0.1376401 0.4246046 -0.1216070 0.2884437 0.2829831 -0.2606227 -0.1228949 0.0179056 0.0255911 -0.2322506 -0.0389471 -0.0042418 0.0023138 0.0026551 -0.1324251 -0.1994960 -0.1611448 -0.1512595 0.3077152 -0.1233984 0.3462348 -0.0468097 -0.0129827 -0.0289206 0.0666781 -0.1854003 -0.0579764 -0.0276860 -0.1140951 -0.0644521 -0.1270813 -0.0083036 0.0255164 0.1952153 -0.1397903 0.0660709 0.1794950 0.0114917 -0.0034649 0.3163776 -0.0090611 0.1214194 0.1162542 0.3507879 -0.0790371 -0.0500592 0.0006480 0.0969097 0.1447359 0.0302466 0.1595910 -0.0973500 -0.0033861 0.0845030 -0.0576410 -0.0637280 0.0511481 0.0396106 -0.0153670 0.2167945 0.0288467 -0.0703528 -0.0396906 0.1496009 0.2138091 -0.1064766 0.0151643 -0.1492361 0.1640131 -0.1406351 0.0632083 -0.0020457 0.3450466 0.0869554 0.4129289 0.2199642 0.1462639 0.3974670 0.1651345 0.3397195 0.2875874 0.1124530 0.1965235 0.3828587 0.2790507 0.3236686 0.1321011 0.1618560 0.3319568 0.2881498 0.2696473 0.1346131 0.2276712 0.0727203 0.2231927 0.2488424 0.2559270 0.3170346 0.2383684 0.2748088 0.3636454 0.2726065 0.3019716 0.2208837 0.3212367 0.2929172 0.2708930 0.1894544 0.5021186 0.1540215 0.1848599 0.0733076 0.2939992 0.2703733 0.6023706 -0.0088253 0.4194706 0.2929611 0.4700409 0.1180383 0.5279119 0.2071947 0.0244211 0.1586523 0.4309336 -0.0034239 0.1216221 0.4813402 0.5532887 0.2569310 0.5819719 0.5161178 0.6437796 0.6411126 0.6311535 0.7087398 0.6211812 0.6223830 0.4372973 0.4178998 0.4335649 0.3291352 0.3111632 0.3434282 0.3046698 0.2213757 0.2980775 0.3236847 0.4011018 0.2187375 0.2439941 0.2328691 0.2440035 0.3492082 0.3832145 0.3471291 0.4165093 0.1464640 0.2060713 0.3302991 0.2976403 0.2393994 0.2846493 0.5104366 0.1486593 0.2616934 0.3750348 0.1967184 0.1587353 0.3568048 0.3885606 0.4361608 0.2792832 0.3729541 0.2056964 0.1612709 0.2781792 0.1624925
0.1509404 0.2604377 0.4271642 0.8857390 0.0951077 0.3978406 -0.0806770 0.0000000 0.4767200 0.7415667 0.8784342 0.2612064 0.5366416 0.3349718 0.1553481 0.8125906 0.8853359 0.1148616 0.4867987 0.1657319 -0.0452677 0.1813963 0.7653689 0.2693168 0.4392791 0.6644676 0.3072386 -0.0459153 0.1410145 -0.3373366 0.0254023 0.4048060 0.4857043 0.6397485 0.6248816 0.1151453 0.5539499 0.5230006 0.3835003 -0.0070786 0.0889504 0.2533613 0.6556745 -0.0159673 0.3385135 0.5813790 0.6666395 0.4254351 0.4444878 0.5207435 0.7026699 0.4295256 0.6905217 0.2701994 0.3868976 0.4981254 0.5722923 0.6170367 0.0258292 0.6216592 0.3389051 0.5430814 0.0329598 0.7532211 0.4266739 0.3465726 0.5670202 0.7374990 0.3609519 0.8231481 0.2540918 0.6750683 0.5995110 0.4351920 0.2959877 0.7400670 0.6304130 0.4974078 0.7228945 0.4042992 0.4530564 0.1263657 0.3297005 0.1739287 0.4332892 0.2378367 0.2578890 0.2646793 0.3267193 0.3935652 0.2565184 0.3069407 0.5544942 0.2319570 0.5421181 0.5996820 0.1250796 0.4018975 0.3919494 0.1117153 0.3460235 0.2702194 0.0104492 0.0151926 0.3230990 0.5325438 0.1608690 -0.0061098 0.1760873 0.2364406 0.4343728 0.4901374 -0.2534634 0.3493135 -0.1898125 0.2596218 0.5348099 0.1139082 0.4144008 0.2557866 0.2787858 0.5473303 0.1940419 0.3807468 0.0992104 0.1066009 0.2957694 0.1419616 0.1559096 0.4642764 0.2155537 0.1820622 0.2154695 0.7685385 0.0815683 0.0446235 0.4694837 0.3967908 0.1267879 0.4215280 -0.0231883 0.3712554 -0.2905253 0.4899468 0.4959513 -0.0224772 0.2383167 0.2436563 -0.1050623 0.4483229 0.1908242 0.5900052 0.3463590 0.0401969 0.2563499 0.4588077 -0.1151391 0.3492247 -0.0408020 0.3425273 0.1182409 0.5562249 0.4466030 0.1533052 0.2872457 0.4240630 0.3153347 -0.0345949 0.1356615 0.5018406 0.0598805 0.0656279 -0.1140400 -0.4118896 -0.0626994 0.0002237 0.1053437 0.1291898 0.0302987 0.0660659 0.0578274 0.1853089 0.1661247 0.4499150 0.0925639 0.0001216 -0.2610541 -0.2260677 0.1693708 0.4694626 0.3749625 0.4021519 0.2578392 0.2928072 0.1425585 0.2010353 -0.0014852 0.3498969 0.5249290 0.0957450 0.4869995 0.2276754 0.3160951 -0.0445863 0.3018906 0.3050745 -0.0540398 0.4739350 0.5539358 0.1652435 0.2977545 0.2981008 0.4233517 0.5133901 0.5750110 0.2389710 0.5491376 0.3949388
0.1663413 0.2414492 0.2560965 0.7440601 0.0745673 0.5917908 0.1201832 0.4767200 0.0000000 0.7717499 0.5463430 0.7082163 0.0774462 0.4715995 0.7401429 0.2571944 0.5939350 0.7406169 -0.2821468 -0.0326483 0.3690782 -0.4181687 0.6522360 0.8319466 -0.2557617 0.1661209 0.1568438 0.5766345 0.5594534 -0.0527398 -0.3167185 -0.1477005 0.7718837 0.6878829 0.5188783 0.3119899 0.2079408 -0.0433361 0.5876839 0.5414034 -0.3308041 0.1801503 0.4715298 0.4864632 0.4552082 0.0720452 0.3336521 -0.0851806 0.6577398 -0.0202280 0.4222049 0.3970533 0.6560951 0.5152225 0.1791786 0.1280433 0.1765157 0.5155259 -0.3120788 0.3295577 0.2926514 0.4615283 0.1961991 0.6854362 0.6041243 -0.0469619 0.2764159 0.3660037 -0.0255673 0.4310561 -0.0387449 0.6683303 0.0608094 0.4936496 -0.2000360 0.2690099 0.5727918 0.0331881 0.2879001 0.3442497 0.3340815 0.2116994 0.3151342 0.3274052 0.2050825 0.4432871 0.4024903 0.3834004 0.4676365 0.4500218 0.2904650 0.3811207 0.1244596 0.4881481 0.3227421 0.3164711 -0.1011176 0.1203670 0.5253456 0.0840277 0.5182249 0.1977504 0.4593330 -0.1247426 0.0344871 0.3906988 0.3086925 0.5464029 0.3246585 0.2551534 0.2955876 0.4604418 0.0725577 0.2993512 0.0583274 0.3419304 0.2626212 -0.0322787 0.4513102 0.1897117 0.1342559 0.2411633 -0.0262979 0.1423826 0.1408945 0.2296341 0.1205137 -0.0154555 0.3293968 0.1830075 0.2707110 0.1366331 0.1067193 0.3725426 0.1588751 0.2432749 0.4050579 0.4694466 0.3099121 0.4382048 0.0805375 0.4702389 -0.1745241 0.5545583 0.5300353 0.1619011 0.4233735 0.5057798 0.1309372 0.4660401 0.2878829 0.5373819 0.4674479 0.0443252 0.0945263 0.5087415 0.0037187 0.4889090 0.2846393 0.2178636 -0.2935282 0.3815165 0.3481538 -0.0756863 0.2124298 0.5438723 0.4050108 0.2304739 0.3044742 0.3305641 0.3050747 0.3410514 -0.0104569 -0.0916389 0.0917839 -0.3339053 0.2528058 0.0613666 0.2870524 0.0677968 -0.0805664 0.1769639 -0.2131775 0.0539294 -0.1509262 0.1383961 -0.2940292 -0.2374226 0.3396798 0.6274376 0.4208000 0.6827519 0.6656293 0.4722971 0.2864319 0.3438654 0.2132363 0.5414393 0.3831674 0.3042889 0.2026224 -0.0841839 0.3152963 -0.1090059 -0.2494536 0.1032158 0.0591312 0.0408275 0.0344991 -0.0825003 0.1262698 0.2832995 0.1243754 0.4528517 0.3158816 -0.0927302 0.4183567 0.3479685
0.0905740 0.1617662 0.3468793 0.8827826 -0.0344647 0.4993175 0.0393824 0.7415667 0.7717499 0.0000000 0.8338708 0.4096039 0.1576596 0.4860389 0.5063249 0.4672842 0.6985606 0.5589317 -0.0289470 0.0214812 0.0839024 -0.2230686 0.6240252 0.7185156 0.0201513 0.3114849 0.2241167 0.4280275 0.3900132 -0.1146616 -0.3054512 0.0768044 0.8200394 0.6530894 0.4590701 0.0693962 0.2970263 0.1164918 0.4048193 0.3398160 -0.1409224 0.0491828 0.5241436 0.4067397 0.1928287 0.2188340 0.4333043 0.0858162 0.8052377 0.0604031 0.5049197 0.2692793 0.8040919 0.4020206 0.1197600 0.2207017 0.2665542 0.5844370 -0.1668844 0.4142513 0.2507776 0.4352069 0.0669439 0.8003079 0.4636483 0.0273940 0.2805572 0.5096176 0.0120196 0.6348855 -0.0644581 0.7842085 0.2000045 0.4942180 -0.0970017 0.4543166 0.6715831 0.1223941 0.4941758 0.3099487 0.3502838 0.0130100 0.2282234 0.1036880 0.2078464 0.2812224 0.0721955 0.3706860 0.2931316 0.4300190 0.2786734 0.1103123 0.2977806 0.2597049 0.5018153 0.3212269 -0.1857846 0.0980062 0.4148438 0.0158813 0.3329321 0.2153264 0.1131780 -0.3207572 -0.0178587 0.4280430 0.1965285 0.1997604 0.2101182 0.2707074 0.3004970 0.3758069 -0.1359254 0.2862238 -0.1791287 0.2933836 0.3971612 0.0260689 0.4927929 0.2189247 0.1971794 0.3634797 -0.1431766 0.2192266 0.0456267 0.1934332 0.1949277 -0.0945478 0.2480925 0.2767966 0.2179072 -0.0153022 0.1266305 0.4007145 0.0122061 0.0260445 0.4234305 0.4097850 0.2225738 0.2573326 -0.1078195 0.3163455 -0.3596485 0.3185772 0.5475760 -0.0601411 0.3745318 0.4443633 -0.0269109 0.3137903 0.0269579 0.3659315 0.4026979 -0.1094022 0.1353816 0.2563695 -0.1582150 0.4312524 -0.0123906 0.0878717 -0.0310320 0.2551850 0.0929366 -0.1075537 0.2512866 0.2919452 0.0602037 0.0005253 0.0710192 0.1684511 0.1622221 0.1346526 -0.0714517 -0.3307898 -0.1274423 -0.1170949 0.1485883 0.0501004 0.0980048 -0.1409214 -0.2622671 -0.0091262 -0.1420390 0.0015314 -0.0812669 -0.1042221 -0.4048025 -0.2729167 0.3245408 0.6758334 0.4147570 0.7072077 0.6289020 0.3996221 0.2891000 0.2559001 0.0370042 0.3455278 0.3843239 0.1338575 0.1293205 -0.1592441 0.0995235 -0.2954231 -0.0796616 0.1993715 -0.0693447 0.2711011 0.1894994 -0.1977471 -0.0153358 0.1037963 0.0556850 0.4119714 0.3219622 -0.0496815 0.2646371 0.0559734
0.0844314 0.1441598 0.4037432 0.8365348 0.0103590 0.3932286 -0.1112881 0.8784342 0.5463430 0.8338708 0.0000000 0.2107517 0.4077413 0.1677044 0.2537770 0.7795940 0.8100925 0.1542698 0.3983651 0.2390454 -0.1348375 0.1131286 0.7122834 0.4065901 0.3806742 0.5010767 0.3401067 -0.0295904 0.2198553 -0.2539860 -0.0094130 0.2858121 0.5633899 0.6079692 0.4335271 -0.1166890 0.3496535 0.3668466 0.1897461 -0.0007749 0.0270027 0.1894881 0.4720524 0.0525731 0.2292193 0.4275402 0.4589615 0.2658557 0.5435903 0.4040247 0.5016545 0.3012641 0.6995550 0.2633365 0.2222996 0.3396402 0.3782499 0.6220434 0.0137851 0.4472496 0.2397527 0.4615988 -0.0571424 0.7119218 0.3701025 0.2614049 0.4273936 0.6371966 0.1930374 0.7443918 0.1816933 0.6488372 0.4494112 0.3639959 0.2124846 0.5734482 0.5573859 0.3397066 0.5631052 0.3728796 0.4025713 -0.0426282 0.2533447 0.0531174 0.3712029 0.2985719 0.1045152 0.1829280 0.2798108 0.3764533 0.2180142 0.1320419 0.4000934 0.1209974 0.5782057 0.5096894 -0.0493075 0.2585599 0.4400001 -0.0127763 0.2318544 0.3570954 0.0165376 -0.3129475 0.1306572 0.5159726 0.2385021 0.1407686 0.1514703 0.3715004 0.3514983 0.4514497 -0.3421388 0.3573987 -0.3014165 0.2233272 0.4958100 -0.0061897 0.4440883 0.2312294 0.1523383 0.4801750 -0.0797561 0.2056597 -0.0356274 0.0723469 0.3618827 -0.0104717 0.0825718 0.3691875 0.1132712 -0.0746233 0.2311826 0.5747577 -0.1152994 -0.0892884 0.3892579 0.3091405 0.0743826 0.2212086 -0.2159965 0.1959379 -0.3707146 0.3187327 0.4787922 -0.1202651 0.2392549 0.2521026 -0.1910702 0.2256536 -0.0479515 0.3845184 0.3565390 -0.1258150 0.1263127 0.2685125 -0.2391910 0.3686011 -0.2110128 0.0867516 0.0871191 0.3373400 0.2106718 0.0295194 0.2735808 0.2712741 0.1247730 -0.1556020 0.0142778 0.2499804 0.0415933 -0.0005154 -0.2685503 -0.4142516 0.0161094 -0.0193517 -0.0306559 -0.0438375 -0.1261283 -0.1453638 -0.1747523 -0.1130784 0.0873047 0.1075390 0.0472958 -0.0932634 -0.2974704 -0.1951246 0.1697644 0.5041939 0.4392153 0.5073875 0.4417628 0.3314937 0.1693808 0.1737190 0.0475167 0.3160641 0.4878191 0.0823356 0.2216005 0.1264125 0.0894498 -0.1634948 0.2758188 0.2476842 -0.0701240 0.3753501 0.3316379 0.0891865 0.0558196 0.1749643 0.2885894 0.3972898 0.4399827 0.0483320 0.4516535 0.2597119
0.2821777 0.4962108 0.2245925 0.5491082 0.1518302 0.7328369 0.4220561 0.2612064 0.7082163 0.4096039 0.2107517 0.0000000 0.0204743 0.5321785 0.6146225 0.1522527 0.4213876 0.5091108 -0.4002446 0.1094330 0.7793020 -0.4448998 0.4940067 0.5345190 -0.4501879 -0.0010725 -0.1809941 0.5167359 0.4334043 -0.2156361 -0.2017528 -0.3168233 0.4794120 0.4009340 0.4034861 0.6335768 0.0411503 -0.2375426 0.4850345 0.3836337 -0.1967761 0.1531093 0.2728810 0.3642986 0.4190842 -0.1255425 0.1576943 -0.1804529 0.3277523 -0.0417205 0.2349104 0.1935170 0.3132633 0.2475127 -0.0404351 -0.0818060 -0.0516636 0.1306133 -0.3562260 0.0425712 0.2844660 0.1727321 -0.0685153 0.3478926 0.4290925 -0.3414902 0.0296364 0.1002830 -0.2437977 0.1788155 -0.3269787 0.3249635 -0.0862989 0.4077341 -0.3399802 0.1259694 0.3569920 0.0310932 0.1040831 0.5423866 0.2335257 0.4919424 0.5058491 0.6047601 0.2424198 0.4704474 0.4616871 0.3736557 0.5926422 0.6290409 0.4682379 0.5340789 0.2269216 0.4976604 0.1830823 0.3576990 0.0582977 0.3612205 0.5992923 0.3855057 0.5752942 0.2793292 0.5524980 0.2144525 0.2676988 0.3471392 0.3713328 0.5018964 0.3993800 0.0930138 0.4597681 0.4753889 0.5219464 0.3950835 0.4869803 0.4629864 0.2473970 0.2570751 0.3523154 0.3970315 0.3446550 0.2837632 0.1486551 0.3821004 0.4550798 0.3950259 0.2894505 0.1887909 0.5877686 0.4935951 0.6120182 0.4590858 0.4595597 0.4132893 0.4433849 0.3960778 0.6611938 0.6810039 0.6346516 0.6292869 0.3571556 0.6483741 -0.1008507 0.7381237 0.6407834 0.2881628 0.6903940 0.6946535 0.2224912 0.6376758 0.5477973 0.6717164 0.7463083 0.1716410 0.5155179 0.6594335 0.1523921 0.7055883 0.4051162 0.3714559 0.0137419 0.5688607 0.5183890 -0.0330766 0.6005519 0.6783628 0.6159311 0.3945937 0.4700309 0.4391933 0.5820100 0.5229299 0.4136218 0.1164474 0.2377656 -0.1759324 0.7249061 0.4777711 0.7219403 0.4294267 0.2706493 0.5604093 -0.1599236 0.3956017 -0.2467012 0.3920872 -0.3699971 -0.2624731 0.1952649 0.3388969 0.5071072 0.5275854 0.4329362 0.6937875 0.4405113 0.5658787 0.5015310 0.6079680 0.6127986 0.5476055 0.4982825 0.2310072 0.4742509 0.2554668 -0.1145916 0.2810886 0.4188068 0.1448231 0.2804432 0.2590090 0.4453841 0.5587488 0.3136397 0.6977242 0.5604015 0.1381436 0.5474589 0.4675945
0.3588437 0.4281190 0.8231039 0.3459896 0.7360774 -0.0274219 -0.1304531 0.5366416 0.0774462 0.1576596 0.4077413 0.0204743 0.0000000 -0.0042635 0.1257233 0.3697767 0.3768625 -0.2546473 0.5420894 0.7191196 -0.3810102 0.7602391 0.3553809 -0.2209904 0.5773423 0.5982922 0.4308514 -0.4162988 -0.2514410 -0.0469467 0.7123829 0.6602244 -0.1571492 0.2446335 0.4900966 -0.0197449 0.6104276 0.7963198 -0.0549217 -0.4084417 0.3166448 0.3410709 0.3102699 -0.6094512 0.3624736 0.7517105 0.5162557 0.7013220 -0.2058049 0.5674041 0.4872300 -0.0220444 0.2873969 -0.3300896 0.6974941 0.8273028 0.6875021 0.0839254 0.5730236 0.4285899 0.6134072 0.1186206 0.4459387 0.4216628 0.4921640 0.7394784 0.4848583 0.4466097 0.6715984 0.5572019 0.5681915 0.3812264 0.6274059 0.5045851 0.6655105 0.6331180 0.5024355 0.7366593 0.5435107 0.5390422 0.3796196 -0.2377489 -0.1741685 -0.0049260 0.4229296 -0.0962204 0.0068406 -0.3747802 0.0623338 -0.0839288 -0.2536013 -0.0055749 0.2087042 -0.2568788 0.1226403 0.4031021 0.1927789 0.1603093 0.0041653 -0.0698680 0.0387531 -0.2182874 -0.1137227 0.0873430 0.0250187 0.1584510 -0.2840422 -0.1398660 -0.3999852 -0.0352442 -0.1838474 -0.0479091 -0.4841652 0.0403917 -0.4398434 -0.1552852 0.1449874 -0.3154460 -0.0884619 -0.0360937 0.0962341 0.2989904 0.2916609 -0.1197829 -0.1632361 -0.2793829 0.3658051 0.3233311 -0.1943092 0.2137661 -0.0194352 -0.0397397 0.2053274 0.2552778 -0.3573425 -0.1762348 0.1318206 -0.0699203 -0.0831768 0.0782065 -0.1808069 -0.0972018 -0.1878819 0.0510858 -0.0451703 -0.1100470 -0.1164137 -0.1296950 -0.4355381 0.1455058 0.0591327 0.3087662 -0.0956031 0.0555416 -0.1638795 0.1728172 -0.1431750 -0.1877393 -0.1822666 0.3174357 -0.0387052 0.2882058 0.1602425 0.2909040 -0.0229924 0.1403257 0.1976752 -0.3235782 -0.2240859 0.3527843 -0.4307636 -0.4433617 -0.0066734 -0.2544659 0.2393422 0.0444537 -0.1683924 -0.1194040 -0.3224030 -0.0606464 0.1165565 -0.1281648 0.6216547 0.4500886 0.6394513 0.4984340 0.3987028 0.4283603 0.3637326 0.2874363 -0.0757421 0.3164224 0.0497487 -0.3330165 -0.3095340 -0.3420446 -0.3897616 0.2474299 0.5136149 -0.3052287 0.3976616 0.2520385 0.0236881 -0.0404597 0.4565210 -0.0500744 -0.1629034 0.3133995 0.4612763 0.3463059 0.0136926 0.0724939 0.7420472 0.2441980 0.5341609 0.3876821 0.5123693 0.4832544
-0.1031934 0.1141173 0.1161870 0.4772671 -0.0817648 0.6265459 0.3008279 0.3349718 0.4715995 0.4860389 0.1677044 0.5321785 -0.0042635 0.0000000 0.3222837 -0.0239508 0.4367554 0.6669604 -0.4340618 -0.3429248 0.4659314 -0.4130137 0.2968946 0.4739833 -0.3888575 0.0889139 -0.1895514 0.6918573 0.3280944 -0.2410914 -0.5511220 -0.1180841 0.6407209 0.4958133 0.4759478 0.4575594 0.2921221 -0.2130050 0.6556108 0.3954736 -0.3571212 -0.0464813 0.4741248 0.5592086 0.2409863 -0.0314519 0.3817022 -0.2338799 0.6273602 -0.3231935 0.4411496 0.2486840 0.5530386 0.3572730 -0.1050430 0.0371614 0.2009401 0.3386506 -0.2855855 0.2988562 0.2798302 0.2255388 0.0368696 0.5326483 0.5242334 -0.1817319 0.0494755 0.3279844 -0.0843491 0.3284919 -0.1780660 0.5252721 0.1161045 0.4968161 -0.2530440 0.3843090 0.5546933 0.1358406 0.4825666 0.2507682 0.3311846 0.2768182 0.2895666 0.2018407 -0.0385412 0.2497388 0.3779135 0.3772571 0.4035937 0.4887225 0.4180542 0.1924646 0.1058813 0.5152363 0.0587433 -0.0123089 -0.3306609 0.0442888 0.4088695 0.3883655 0.6366596 0.0860959 0.2902821 0.1906529 0.0208202 0.3338728 0.1820482 0.1001915 0.2412738 0.0323700 0.3770620 0.2541957 0.3639298 0.3202477 0.2678370 0.3406728 0.2522496 0.2838273 0.3289464 0.2021328 0.2339528 0.2993578 -0.1173979 0.2742368 0.2157861 0.1816868 0.0369095 -0.0053513 0.2918607 0.2267210 0.3302059 0.3018195 0.0716806 0.3587410 0.4326801 0.1406664 0.4210475 0.3848771 0.3332787 0.2388598 0.1435048 0.3385665 -0.3346858 0.3386738 0.4377517 0.0012278 0.3866775 0.4566699 -0.0205781 0.3238078 0.1564352 0.3445039 0.3469475 -0.0863621 0.3867585 0.3439518 -0.1964764 0.3535460 0.1546817 0.1844123 -0.0553891 0.2173545 0.3274365 -0.1952020 0.2907885 0.3311425 0.1535414 0.0762665 0.0212046 0.1710436 0.2409621 0.1721497 0.1403712 -0.0737976 -0.0143501 -0.0707219 0.4246283 0.4545606 0.5005633 0.2726764 0.1676672 0.5559040 -0.2506456 0.2780404 -0.2293503 0.1673258 -0.3908054 -0.2566679 0.2685405 0.4912726 0.2208556 0.5242755 0.4138443 0.2739772 0.2317188 0.1794105 0.0825974 0.3719711 0.2831490 0.0610995 0.1025077 -0.1637350 0.2622189 -0.1622834 -0.3505770 0.2116163 -0.1545689 0.0512147 0.0497207 -0.1555099 0.1653508 -0.0373094 0.0163053 0.4184249 0.1968497 -0.0811451 0.2927633 0.1089394
0.5128677 0.5074523 0.4515325 0.5272032 0.4051857 0.3580283 0.2637527 0.1553481 0.7401429 0.5063249 0.2537770 0.6146225 0.1257233 0.3222837 0.0000000 0.0323303 0.2968669 0.6980189 -0.3763390 0.2714504 0.2877750 -0.2155071 0.3557069 0.7675684 -0.2974831 0.0427871 0.4105931 0.6029734 0.5091185 0.4133941 -0.0179838 -0.0728886 0.5592830 0.4748829 0.2460981 0.3022667 0.1498870 -0.0091309 0.2588118 0.6575149 0.0291583 0.2767769 0.1712014 0.3947261 0.4296700 -0.0132492 0.1490390 0.0918809 0.3696092 -0.1336539 0.2242267 0.0780280 0.3234921 0.3617248 0.0725000 0.1762833 0.1119787 0.2092027 0.0673830 0.1610782 0.3608549 0.2900080 0.2643201 0.4014024 0.4406024 0.0907057 0.1792899 0.2218484 -0.0168789 0.2333145 0.0485294 0.4296253 0.0496045 0.3929791 -0.0753371 0.1759508 0.4647631 0.0812177 0.1900448 0.2440607 0.3041079 0.0034568 -0.0004884 0.2504823 0.0924807 0.0688189 0.0586037 0.0383699 0.1443906 0.1210671 -0.1335990 0.0550446 -0.0138049 0.2173466 0.0919187 0.1952012 -0.0998144 -0.1334554 0.2056752 -0.0462756 0.1800212 -0.1765296 0.2072058 -0.2938784 -0.1732549 0.1494653 -0.0266373 0.3052782 -0.1443550 -0.1404712 -0.0982455 0.0459054 0.1436447 0.0721903 0.0440679 0.1241052 -0.0051533 -0.1772642 0.0573586 -0.0927015 -0.0750823 0.0154710 0.0985011 -0.1540016 -0.1849233 -0.0028012 0.0879239 0.3274831 0.0887683 0.0823549 0.0907629 0.1483023 0.0850756 0.0498809 0.0437950 0.3205431 0.2115923 0.1909319 0.1254897 0.0397072 0.1757110 0.1040485 0.0994468 0.2162232 0.2349087 0.2910762 0.1959156 0.2456389 0.1951368 0.2965010 0.1945024 0.3406744 0.2226505 0.1714735 0.0034405 0.2316199 0.1872517 0.1784046 0.3903787 0.1681561 -0.0539337 0.2741059 0.1516427 0.0347263 0.1997586 0.3882497 0.3674011 0.3611106 0.3109217 0.2421327 0.2873502 0.3248235 0.2590093 0.0005496 0.2409535 -0.0529709 0.2721241 0.2522909 0.1441152 0.1355536 -0.0257411 -0.0125013 0.0802201 0.0199940 0.1369624 0.2663605 0.0168895 0.1933286 0.3699841 0.3859725 0.0868372 0.4933381 0.3409023 0.2093803 0.0556483 0.0369638 -0.0032536 0.1120299 0.1719903 0.0374863 0.0944041 0.0865018 0.2352274 0.0123390 -0.1076916 0.0655505 0.1077471 0.0732304 0.0175736 -0.0285563 0.0017638 0.0095557 0.2039126 0.2645500 0.3439334 0.1157105 0.3760604 0.2589610
0.1263969 0.2084802 0.2929359 0.6748488 -0.0858263 0.2570177 -0.2087099 0.8125906 0.2571944 0.4672842 0.7795940 0.1522527 0.3697767 -0.0239508 0.0323303 0.0000000 0.7899913 -0.1472375 0.6755762 0.1485062 -0.0504910 0.2255762 0.8057595 0.0569349 0.5710160 0.6822571 0.2309833 -0.2978322 -0.0120796 -0.3554513 0.1741671 0.4013625 0.2333818 0.3894416 0.4677216 -0.0780575 0.4385090 0.4911817 0.1839192 -0.0959389 0.0855447 0.0803720 0.5108638 -0.1629342 0.1370343 0.5507292 0.5397257 0.2753033 0.1313168 0.5752489 0.5688764 0.4639416 0.3003532 0.3054703 0.2551510 0.3677061 0.4411518 0.4869734 -0.0603025 0.5368957 0.0266137 0.6079495 -0.2210119 0.4132720 0.0463463 0.3106195 0.6257689 0.6427952 0.2804711 0.6948200 0.2948797 0.3757998 0.5540745 0.1207022 0.3803567 0.5601771 0.3509071 0.4550433 0.4830846 0.2207563 0.3698178 0.0672329 0.3287955 0.1282659 0.4011829 0.1988007 0.1582768 0.1198525 0.1771462 0.3510431 0.2111042 0.3469084 0.4751446 0.0964589 0.5125594 0.6465154 0.2177995 0.3358528 0.3617409 -0.0262693 0.1808632 0.3550172 -0.0721702 -0.1347254 0.4419075 0.4949043 0.1896675 0.1404381 0.2210565 0.2324111 0.5118068 0.5111639 -0.2200122 0.2432722 -0.1742537 0.1095926 0.3203682 0.0414818 0.2014405 0.1587367 0.0103172 0.2845165 0.3098093 0.2809955 -0.0393975 0.0655705 0.1859858 0.3000856 0.0095566 0.3768519 0.0211138 0.3280671 0.1682855 0.7630602 0.1991672 0.2403824 0.2924469 0.2132286 -0.0512999 0.3292298 0.1832081 0.2879866 -0.0044493 0.5275816 0.2987809 0.1600711 0.0761391 0.0493036 0.0458524 0.4895993 0.2892329 0.6052988 0.2965254 0.2284946 0.3088689 0.5582609 0.0177425 0.3341070 -0.0268592 0.3301245 0.2758199 0.6141998 0.5734771 0.1832728 0.3202562 0.5370750 0.4325052 0.0772018 0.2195440 0.4258331 0.1816599 0.2154940 -0.2358762 -0.4694966 -0.0929884 -0.0300148 0.0786662 0.0858456 -0.0072363 0.1046878 0.0361310 0.1138298 0.1151910 0.3268744 -0.0714135 -0.1399377 -0.3389445 -0.2492309 -0.0932292 0.1504231 0.3412762 0.0585578 -0.0260418 0.3808309 0.1312350 0.2532828 0.1314200 0.1470522 0.3775148 0.1544374 0.3933310 0.3959193 0.1978116 0.0513059 0.3210289 0.2346987 0.0004894 0.3473919 0.5079643 0.2416392 0.2825999 0.3199138 0.3446815 0.2967363 0.5808076 0.2441229 0.5669469 0.4545402
0.1203562 0.2763274 0.3190991 0.8688531 -0.0439857 0.5806343 0.1014712 0.8853359 0.5939350 0.6985606 0.8100925 0.4213876 0.3768625 0.4367554 0.2968669 0.7899913 0.0000000 0.3399278 0.3872291 0.0239523 0.1129501 0.0166628 0.8400429 0.4188784 0.3332191 0.6302436 0.2931952 0.1293106 0.2822912 -0.3034511 -0.1243411 0.2967829 0.5882254 0.7174870 0.6719169 0.1636642 0.5189077 0.3813014 0.5391357 0.1321727 -0.0150606 0.3003079 0.6766446 0.1917913 0.4761752 0.5033540 0.6583396 0.2549605 0.5072972 0.2680034 0.7290382 0.6074014 0.6694180 0.5377782 0.2787696 0.4039113 0.5227770 0.7726565 -0.0861788 0.6765489 0.3761032 0.7589176 -0.0069759 0.7616288 0.4817570 0.2716165 0.6821685 0.8622074 0.3518989 0.8624164 0.3325723 0.7051416 0.6686311 0.4852754 0.3034528 0.7662742 0.6936263 0.5473367 0.7334770 0.4537812 0.5859911 0.1563595 0.3349554 0.1870345 0.2083221 0.2078056 0.3485945 0.2988203 0.3022213 0.3861454 0.2561339 0.3874135 0.3504489 0.3636386 0.3279743 0.4830545 0.0914859 0.2691543 0.3985751 0.1230297 0.4390846 0.2492066 0.1924629 -0.0768064 0.4335002 0.4190643 0.1758112 0.1821126 0.2915491 0.1070889 0.4589007 0.5197162 -0.1007066 0.2678636 -0.0293727 0.1934620 0.3587860 0.1041824 0.3074611 0.1969861 0.0872646 0.3381246 0.2153614 0.3101386 0.0591539 0.1273167 0.1062771 0.2450038 0.1455689 0.3430278 0.1114645 0.3765821 0.0855470 0.7987032 0.3168496 0.2648985 0.4109394 0.4052603 0.0678508 0.4101360 0.2101259 0.4148056 -0.1639207 0.5941832 0.4832556 0.1943486 0.2243162 0.2474468 0.0608148 0.5119608 0.2790488 0.6647747 0.4005633 0.1908510 0.4038736 0.6192201 0.0216781 0.4388350 0.1548760 0.4200699 0.1360191 0.6515095 0.6174055 0.2376467 0.3286801 0.5977896 0.4994666 0.1678641 0.3394470 0.5671373 0.2518925 0.2893261 -0.1224126 -0.2503217 0.0667415 0.0093623 0.2150245 0.2319261 0.1512559 0.1709430 0.1174408 0.2827606 0.0731208 0.3973842 0.0050561 0.0831290 -0.3325890 -0.2006510 0.2335980 0.4847589 0.3523758 0.4233347 0.3189167 0.4821876 0.2016040 0.3042739 0.1725881 0.3881871 0.4981978 0.1806398 0.4055420 0.2105568 0.3653128 0.0500789 0.1223373 0.3103134 -0.0367656 0.2668255 0.3976028 0.2660622 0.3697229 0.3365539 0.3687149 0.5302261 0.6262561 0.0717106 0.7277110 0.5283190
