0.0000000 0.8083014 0.2965031 0.2944608 -0.1122595 0.7265157 0.2505446 -0.1709336 0.4011646 0.1846880 0.0429826 0.0092873 -0.2979937 0.2820776 0.5168229 -0.2857211 0.3135597 0.4101250 -0.3345902 -0.3212999 0.2161348 -0.3596253 -0.1943374 0.4886659 -0.3916450 -0.3002136 0.4530392 0.4029099 0.4396740 0.2661725 -0.2962163 -0.1555881 0.3253094 0.1312944 -0.1717139 0.4113084 -0.1437624 -0.3388529 0.3046904 0.4052548 -0.3561898 0.3274766 0.1866845 0.3345273 0.1902641 0.0188505 -0.1674590 -0.4598010 0.0793871 -0.1823921 -0.1985764 0.1546395 -0.1947828 0.1078391 -0.2950971 -0.0219371 -0.0965450 -0.1852033 -0.1414033 -0.1185857 -0.0001974 -0.0097531 -0.2793985 -0.2798429 -0.0180643 -0.1067790 -0.1699829 -0.0264034 -0.1138136 -0.3240051 -0.0529759 -0.0292575 0.1247918 -0.1126080 -0.1975581 -0.3881330 -0.2916273 -0.0321316 -0.2103785 -0.3624973 -0.1820337 0.1397092 0.1348152 -0.0809325 -0.0238429 -0.1029739 0.1659023 0.0632949 -0.1110805 -0.0882320 0.0567364 0.1368727 0.0143746 0.1538539 -0.0119142 0.1146745 0.2279585 0.2694616 0.0016907 0.2723773 0.0612729 0.2006322 0.0470027 -0.1537202 0.2024850 0.0411868 -0.1954898 -0.0211428 -0.0414287 -0.1468504 -0.0726570 -0.2657068 0.0771124 -0.0842262 -0.0539867 -0.0380390 -0.0617519 0.1121950 -0.0539612 -0.1966952 -0.0734375 0.0707080 0.3234799 0.1232376 -0.1638225 -0.5124442 0.0711694 0.2066393 -0.5295907 -0.0262919 -0.3748184 0.1429184 -0.0904209 0.2475072 0.1523366 0.2216533 -0.3994655 -0.2611444 -0.2998327 -0.2101899 0.0899831 -0.1436580 0.1252921 -0.0810255 -0.2521590 0.3206111 -0.1252087 0.0431817 0.0736775 -0.0812648 0.1743414 0.1718761 -0.0770323 0.0530277 0.3078448 0.4098975 0.1909931 0.2318432 0.0375325 0.3569448 0.2614111 0.1727422 0.4100955 0.3015831 0.1507248 0.3687334 0.4323005 -0.1130231 0.1062167 0.2927065 0.0784849 0.0130092 0.6548013 0.3456567 0.2518555 0.1793733 0.1555855 -0.3022126 0.4401222 0.2705190 0.0114386 0.3858452 0.0119012 -0.0289650 0.0542870 0.0217586 -0.0697639 -0.2906764 -0.0792158 0.1015225 -0.2655224 -0.2547978 0.1174032 -0.4956334 -0.5233572 -0.3083222 -0.4681684 0.1462060 -0.3185443 -0.4214818 -0.2939685 -0.0680338 0.1708623 -0.2864913 0.1487442 0.0975822 -0.2770185 -0.3165709 -0.3182608 -0.4450796 0.0605634 -0.0490090 -0.2142044 0.1023581 0.2794201 -0.1938228 0.0365788 -0.0900157
0.8083014 0.0000000 0.3903753 0.5647516 -0.1322991 0.8718657 0.5603257 -0.3390074 0.7465577 0.4657678 0.1374414 0.1802679 -0.6498205 0.4388191 0.7930956 -0.3898241 0.5435131 0.5656044 -0.6372509 -0.5059777 0.2565659 -0.7107497 -0.2582306 0.7035290 -0.6835891 -0.5928256 0.5583594 0.4566804 0.4469977 0.4317539 -0.5996733 -0.5394539 0.6066264 0.3792910 -0.2326675 0.3238618 -0.5288807 -0.7132272 0.5902870 0.6174203 -0.6748121 0.0074277 0.3261620 0.5976827 0.0133551 -0.4968296 -0.5002219 -0.7103663 0.1723502 -0.6376303 -0.2583015 0.3119631 -0.3334065 0.2901390 -0.6596904 -0.5183217 -0.4795582 -0.3003606 -0.1822974 -0.1903646 -0.2202021 -0.0435684 -0.6180840 -0.5678574 -0.3541459 -0.4402638 -0.3561962 -0.1907544 -0.5302669 -0.6789693 -0.4344151 -0.3607478 -0.2510243 -0.3205011 -0.5809806 -0.6738323 -0.4862487 -0.4956105 -0.5323081 -0.5543287 -0.5126754 0.2623114 0.3000853 0.1683425 0.1356873 -0.1614400 -0.0919217 -0.0879619 -0.2431449 -0.2587092 -0.2193101 -0.0260766 0.0490528 -0.1282545 -0.3632495 -0.1751903 -0.0293362 0.2128586 -0.4518179 0.0972569 -0.2535743 -0.0996920 0.1330072 -0.5694633 -0.0817253 -0.2768203 0.0345900 0.1450424 -0.3626773 0.2416437 -0.4045610 0.0621104 0.1131701 0.0512250 0.3226268 0.1631031 0.2223988 0.4381360 0.2588108 0.1229110 0.1418694 0.2494239 0.1759641 0.2751322 0.0208387 -0.4282182 -0.0647677 0.0547788 -0.4189721 -0.1387072 -0.3575372 -0.0746684 -0.4040069 0.3897626 -0.0916601 0.0436155 -0.3710921 -0.4399279 -0.4906780 -0.2735839 -0.0875678 -0.3172937 -0.1949697 -0.0500407 -0.3099243 0.2076964 -0.4483783 -0.3478939 -0.1218485 -0.4240676 -0.1981685 0.0185132 -0.3592470 -0.0856867 -0.0042886 0.2396113 -0.0915534 -0.1259275 -0.1947544 0.0943125 -0.0088127 -0.1659185 0.3123122 0.0363832 -0.1447833 0.1083466 0.2561086 -0.2520719 -0.1570726 0.0278909 -0.1890655 -0.2518942 0.9134412 0.2666206 0.5411584 0.3333568 0.3597037 0.0033040 0.4700535 0.2426560 0.1155975 0.2874009 -0.1206726 -0.0676312 -0.0743300 -0.0471070 -0.2004831 -0.3870208 -0.1767814 0.2021190 0.1674903 -0.2754507 0.2098882 -0.2036293 -0.2964834 -0.1655721 -0.3998948 0.3157642 -0.5282853 -0.3960082 -0.4074495 -0.1228401 0.1808351 -0.2068362 0.2349017 0.2890698 -0.3332642 -0.1844623 -0.3690107 -0.3274958 0.2444886 0.0366402 -0.0345624 0.2455050 0.2742976 -0.2522763 0.3205445 0.0195171
0.2965031 0.3903753 0.0000000 0.8511358 0.7468157 0.6614606 0.2627551 0.5777991 0.6928585 0.8300251 0.7849191 0.3378515 -0.1940304 0.6447697 0.6173735 0.2334157 0.7492343 0.6966388 -0.1212177 -0.1753767 0.2842577 -0.1067766 0.5081743 0.6483388 0.0082818 0.1303573 0.6400001 0.6647376 0.0681617 0.6833290 -0.1672437 0.1440107 0.7531158 0.7758634 0.5009964 -0.2527355 0.1465823 -0.0948201 0.7727262 0.7412151 -0.0683460 -0.4200553 0.8337175 0.7490617 0.1719340 -0.1564546 0.0659892 -0.1085810 0.7535958 -0.1807919 0.4434255 0.7411678 0.3032357 0.8217563 -0.1622885 -0.2173665 -0.0032412 0.4377116 -0.1948026 0.4833478 0.0274766 0.6372022 -0.3720064 0.1860849 0.0239651 -0.0120679 0.2527248 0.4931479 -0.2682078 0.0273323 -0.1873650 0.0778082 0.0369989 -0.0563728 -0.2161559 0.1088696 0.1079961 -0.2542710 0.0918318 0.1908994 -0.0087995 0.2261145 0.4770160 0.3183820 0.3559324 0.3025013 0.3615490 0.1375392 0.1185311 0.0551995 0.1073983 0.2164943 0.4076769 0.0548077 -0.0329792 0.1164966 0.1556249 0.4472127 -0.0744434 0.1502414 0.0507836 0.2971464 0.4236167 -0.2776143 0.1867067 0.1374649 0.4309526 0.4090718 0.1328480 0.3922323 0.2300845 0.2458661 0.1616571 0.2046629 0.1662234 0.1584218 0.1972216 0.1953475 0.1866196 0.1294062 0.1495631 0.1855931 0.1464082 0.1447048 0.1555099 0.1671000 -0.0451009 0.2086691 0.1813915 0.0898343 0.1445946 0.1474782 -0.0646908 0.5454340 -0.0773636 0.3255602 0.1407551 0.1137571 0.0232774 0.2264451 -0.0336599 0.1375086 -0.1450070 0.4248603 0.1410061 0.2155922 -0.0672728 -0.0641502 -0.1470439 0.2835150 0.1970802 0.3514600 -0.0051484 -0.1523607 -0.0902263 0.3757244 -0.1824924 -0.0010022 -0.2377157 0.0662335 -0.0837693 0.0957004 0.1985652 -0.0362361 -0.0914784 0.0460689 0.0269935 -0.2874971 -0.1534083 -0.0455908 -0.1183409 -0.1812740 0.2873248 0.3762364 0.2288287 0.4973177 0.4350320 0.1550151 -0.0706881 -0.2808548 -0.1128605 -0.2358983 -0.3243963 -0.1363089 -0.2375073 -0.0638620 -0.2208144 -0.2522308 0.0350802 0.4557055 -0.0470141 0.1446969 0.1830602 0.1451409 0.1226037 0.1760117 0.1360039 0.3994122 0.2377093 0.2294465 0.3297096 -0.3680261 0.3283577 0.3905174 0.0304667 0.3382294 0.2231979 0.3516885 0.0986357 -0.0938013 0.1021640 0.0948454 0.0828253 0.3513438 0.1410082 -0.2503455 0.2879671 0.3298612
0.2944608 0.5647516 0.8511358 0.0000000 0.5943941 0.7918052 0.2766831 0.3075169 0.8529984 0.8482388 0.7226039 0.1327701 -0.3525009 0.6844956 0.7704906 0.1219860 0.7763930 0.7504884 -0.3305863 -0.1286791 0.0901567 -0.3893663 0.3795572 0.8231638 -0.2666301 -0.1261795 0.4504755 0.6884163 0.1933410 0.7813640 -0.2634046 -0.1607835 0.8606831 0.7771622 0.3586751 -0.1613664 -0.1427128 -0.3253014 0.8467083 0.7972343 -0.2996893 -0.4082331 0.7976834 0.8686758 0.0300933 -0.4199116 -0.1393280 -0.3007196 0.7123243 -0.4301366 0.3471082 0.7656799 0.0840374 0.8473443 -0.3337670 -0.4497360 -0.2136806 0.2731750 -0.0513625 0.3766493 -0.0867533 0.5073048 -0.5091417 -0.0278290 -0.0791759 -0.1917800 0.1117999 0.3100770 -0.4393309 -0.2452695 -0.3302196 -0.0716777 -0.1522188 -0.0412385 -0.3995404 -0.1852910 -0.0108892 -0.4741244 -0.2266243 -0.0655082 -0.3167899 0.0195423 0.3294897 0.2747326 0.3182194 0.0183763 0.0306541 -0.0847202 -0.1451524 -0.1175323 -0.1926276 -0.0219243 0.2996691 -0.1770594 -0.3353021 -0.0688078 -0.0169415 0.3735427 -0.4455352 -0.0593605 -0.2934112 0.1495465 0.2994376 -0.5010979 -0.0239268 -0.1679217 0.5092441 0.4469445 -0.2355190 0.6122171 -0.1653189 0.4700400 0.3927778 0.4161022 0.5470022 0.4675211 0.5250410 0.5791743 0.5572429 0.4603697 0.4720177 0.5093746 0.2421595 0.4296816 0.4104947 0.0060394 0.0703390 0.3141354 0.0816735 0.1819679 0.2017490 0.2163276 -0.1861400 0.4229609 -0.0425123 0.3681130 0.0935037 -0.0826332 -0.1009361 -0.0789852 0.0907011 -0.1256056 -0.1446340 0.2197674 0.0783579 0.3472447 -0.1688522 -0.1414168 -0.0401778 -0.0875600 -0.0567981 0.3425208 -0.1475673 -0.0060931 -0.0828903 0.4128729 -0.1465859 0.0119266 -0.1723275 0.0818879 -0.0514459 -0.0378949 0.3692458 0.0104138 -0.1114958 0.1763574 0.1731819 -0.2075683 -0.1214692 -0.0351386 -0.0782624 -0.1833385 0.4677930 0.2957143 0.2545636 0.3753920 0.2953057 0.2162405 -0.0268882 -0.1817555 0.0337265 -0.0829163 -0.2138080 -0.0168472 -0.1102709 0.0695600 -0.1656446 -0.1748147 0.0320596 0.3405574 0.3415616 -0.0234446 0.0783725 -0.0100663 0.0051364 -0.0969265 -0.1177505 0.3366690 -0.0919622 -0.0398608 0.0976167 -0.4032023 0.1830793 0.2002505 -0.1307816 0.1101159 -0.0982516 0.3054913 -0.0191497 -0.2403777 0.1439925 -0.0219231 -0.1036325 0.1360393 0.1057305 -0.0569205 0.3823749 0.4327272
-0.1122595 -0.1322991 0.7468157 0.5943941 0.0000000 0.1547703 -0.3107771 0.8888389 0.2810575 0.5303545 0.7574944 0.0741629 0.4023801 0.4039184 0.1788940 0.5416421 0.4108263 0.3724544 0.4535949 0.3529618 0.2011206 0.4359721 0.6998958 0.3261701 0.5633565 0.5651546 0.1331585 0.4359277 0.0487449 0.4554536 0.3711751 0.6173050 0.4649648 0.6381331 0.6990666 -0.2008064 0.5739777 0.4899629 0.4683990 0.4351823 0.4453440 -0.1502700 0.6876771 0.4859975 0.4039162 0.2907184 0.5246928 0.4615206 0.7254666 0.3379099 0.7299032 0.6388837 0.5409283 0.7371056 0.3968424 0.2606386 0.4838266 0.7269888 0.1916734 0.7819691 0.4065030 0.7785205 0.1769754 0.6301151 0.4215891 0.4849245 0.7042206 0.7616376 0.2533309 0.5621447 0.3167295 0.3731958 0.4604368 0.2663435 0.3431376 0.6139473 0.4123248 0.1878473 0.5750644 0.5565591 0.3967860 0.0568387 0.3072690 0.2957150 0.4498490 0.3320150 0.3626845 0.3153932 0.2995449 0.3646035 0.1494578 0.0655425 0.2473627 0.1743119 0.1391096 0.1911732 0.0897044 0.2370738 0.1616075 0.2555236 0.2468400 0.2967991 0.2678443 0.0641074 0.2368674 0.2479988 0.5197920 0.3767013 0.2245744 0.3159736 0.4803111 0.3312309 0.2273940 0.2894946 0.1081138 0.1729264 0.1722655 0.0499883 0.1062009 0.1090347 0.1748106 0.1840333 0.2988043 -0.0103879 0.1818743 0.2616114 0.1106045 0.4022242 0.3149761 0.2372240 0.3106264 0.4070186 0.1606811 0.1067244 0.1424222 0.4910849 0.1610054 0.2568729 0.2272860 0.1952928 0.2499986 0.2236888 0.1454737 0.2760032 0.1918685 0.4272160 0.1980802 0.1969835 0.1017647 0.5565733 0.5046131 0.4984358 0.2415835 0.1305076 0.0757422 0.5271475 0.1013409 0.2303683 0.0804822 0.3284792 0.0972495 0.4257860 0.3732427 0.2136670 0.1587074 0.3068064 0.1942485 -0.0239355 0.1669001 0.2076224 0.2250555 0.1858860 -0.1569072 0.0451230 -0.3295429 0.0280824 0.0851483 0.0579281 -0.1872281 -0.2836268 -0.0343429 -0.2017593 -0.0496007 0.0525672 0.0944764 0.1775987 0.0897836 0.1385159 0.0996463 0.1458624 -0.0648515 0.1066966 -0.2060067 0.0750801 0.1162864 0.0041901 0.1381834 0.0512329 0.5502758 0.2644589 0.5545981 -0.4606688 -0.0460158 0.2236146 0.0132951 0.0156418 0.1278742 0.4465517 0.4616194 0.0488942 -0.2633621 -0.2072298 0.0889957 0.1017280 -0.1809410 0.1354927 0.0100174 0.2492163
0.7265157 0.8718657 0.6614606 0.7918052 0.1547703 0.0000000 0.5200209 -0.1112980 0.8405857 0.6847046 0.3992122 0.2161911 -0.5856511 0.5868338 0.8962590 -0.2320213 0.6815915 0.7226532 -0.6133575 -0.3884029 0.1921534 -0.6087591 -0.0010696 0.8338863 -0.6018332 -0.4259888 0.6482725 0.6531095 0.3537944 0.6397391 -0.4800730 -0.4179337 0.7779097 0.5803922 -0.0197615 0.0268255 -0.3674027 -0.6011552 0.7309197 0.7658956 -0.5405428 -0.2549595 0.5653265 0.7853755 -0.0159461 -0.4769379 -0.4181753 -0.5970330 0.5266033 -0.5792541 -0.0506932 0.5417099 -0.1080500 0.6100549 -0.5432937 -0.5111904 -0.4250467 0.0244823 -0.3065372 0.0237017 -0.2558677 0.2525383 -0.6719266 -0.3012463 -0.2319976 -0.4207078 -0.2196180 0.1049253 -0.5776222 -0.5071297 -0.4701426 -0.1623468 -0.2697197 -0.2347424 -0.6009080 -0.4946454 -0.2642123 -0.5372969 -0.4552460 -0.3106862 -0.5214743 0.0754485 0.3092810 0.1182366 0.1554629 -0.0755718 0.0088470 -0.0769584 -0.2124967 -0.1691801 -0.1864294 0.0347123 0.1858745 -0.1291587 -0.2962483 -0.1218240 0.0490065 0.3196362 -0.3715283 -0.0365116 -0.2116701 0.1067994 0.2146373 -0.5335074 -0.0258833 -0.2142899 0.1383031 0.1792481 -0.1723465 0.2591888 -0.2419722 0.1863383 0.1716521 0.0913884 0.3340171 0.1989585 0.2483459 0.4507674 0.3139978 0.2112148 0.2300721 0.2885711 0.2051310 0.4182182 0.1339467 -0.2037756 -0.0640855 0.1634553 -0.1730602 -0.0053009 -0.1072925 0.0356997 -0.2482189 0.5201503 -0.1261176 0.2268308 -0.0872314 -0.1817122 -0.2520106 -0.0512082 -0.0633921 -0.1008252 -0.2088260 0.1828473 -0.0399375 0.2446217 -0.2389822 -0.1680187 -0.1332477 -0.2017505 -0.0650959 0.2883394 -0.1818978 -0.1298874 -0.0145777 0.4100705 -0.1605457 0.0122129 -0.2644062 0.1151891 -0.0264051 -0.1137560 0.3673385 0.0056301 -0.1355880 0.1847920 0.2097306 -0.3088157 -0.2008816 -0.0362099 -0.1783715 -0.2825244 0.7023642 0.5180080 0.5167403 0.5060021 0.3428842 0.0759872 0.1791421 -0.0669030 -0.0669791 0.0243253 -0.3080531 -0.1801839 -0.2296158 -0.0939940 -0.2234379 -0.3996805 -0.0835785 0.3976596 0.1651016 -0.0187660 0.3491836 -0.1619008 -0.1690481 -0.1013234 -0.2591241 0.4969375 -0.3007449 -0.1966974 -0.1388830 -0.3097739 0.2376858 0.0555025 -0.0066918 0.2281460 -0.1597458 0.0727047 -0.2930451 -0.4033202 0.2271339 0.1916475 -0.1462341 0.2565089 0.3252526 -0.3144021 0.3695909 0.2387138
0.2505446 0.5603257 0.2627551 0.2766831 -0.3107771 0.5200209 0.0000000 -0.3574440 0.4438430 0.3529210 0.0597457 0.6488066 -0.8481656 0.0263931 0.4849165 -0.2416549 0.2687941 0.1547647 -0.6633003 -0.8197403 0.2680736 -0.7371745 -0.1812941 0.1827419 -0.6219549 -0.4318970 0.6353626 -0.0572774 0.0000501 -0.0065520 -0.7859843 -0.5939763 0.2270388 0.3452335 -0.2568485 -0.2100358 -0.5147283 -0.8236914 0.2838121 0.2553943 -0.7372252 -0.5704108 0.0792664 0.2338437 -0.2325315 -0.6984426 -0.5973156 -0.7689259 0.1413348 -0.7774765 -0.3046750 0.1117961 -0.2158829 0.1705103 -0.8521722 -0.7699214 -0.6660542 -0.1319974 -0.6910484 -0.2731059 -0.5905910 -0.0082483 -0.8843198 -0.5587871 -0.7034906 -0.7204815 -0.4216341 -0.1883045 -0.7955578 -0.6153241 -0.7419830 -0.5706222 -0.6431778 -0.6834596 -0.8053478 -0.5325619 -0.4630726 -0.7444242 -0.5670328 -0.3747888 -0.6233387 0.3057308 0.2812848 0.1395832 0.0775004 0.0375594 -0.0853102 -0.0153948 -0.1268335 -0.2800610 -0.2242818 -0.0027154 0.0701522 -0.1498396 -0.3551695 -0.3865564 -0.2183462 0.0512157 -0.4209382 -0.0993150 -0.2021332 -0.2661547 0.1732609 -0.5713662 -0.3137268 -0.3572212 -0.0572985 -0.0852344 -0.1610457 0.1518153 -0.3622724 0.1103523 -0.3121870 -0.2315688 0.1746640 -0.1269081 -0.0325965 0.1952071 0.0850254 0.0900616 -0.0794647 -0.1170189 -0.4698866 0.2089025 -0.0289677 0.1624110 -0.4791970 -0.5376666 0.0571212 -0.3832958 -0.1960164 -0.6577618 -0.5403463 0.5370220 -0.6396500 -0.4352311 0.0614608 -0.2161708 -0.3283842 0.3023563 -0.6638912 -0.0047369 -0.7233903 0.4303353 0.0147182 -0.4815923 -0.5433892 -0.5969056 -0.6645136 -0.3604409 -0.4466539 -0.1169153 -0.4341676 -0.6458252 -0.4944818 -0.2540018 -0.6500465 -0.5633517 -0.7298272 -0.4737132 -0.5026239 -0.6325973 -0.3515242 -0.5670560 -0.5714673 -0.5471388 -0.4981411 -0.6220736 -0.6852865 -0.5480073 -0.6896964 -0.6988517 0.5111559 0.3870685 0.9332840 0.7844257 0.5093664 0.2602332 0.0332498 -0.2138481 -0.2480624 -0.2961534 -0.5920513 -0.4650256 -0.6737663 -0.5691487 -0.5992414 -0.7015961 -0.2876538 0.4281038 0.1903130 0.2980751 0.7237403 0.4015473 0.3475120 0.5231919 0.2821024 0.5988618 -0.3590791 0.2319511 -0.2324282 -0.0243903 0.3462484 0.3452288 0.1946806 0.5802219 0.2502554 0.0214285 -0.4640794 -0.0353144 0.5737392 0.6453444 0.2487622 0.5857500 0.4519805 -0.6331785 0.4092042 -0.0267143
-0.1709336 -0.3390074 0.5777991 0.3075169 0.8888389 -0.1112980 -0.3574440 0.0000000 -0.0608853 0.2476099 0.6292035 0.1039622 0.5553161 0.1032806 -0.1515277 0.7055305 0.1298920 0.0635559 0.6895333 0.3200229 0.1688541 0.5958763 0.7667142 -0.0388701 0.7784196 0.8040674 -0.0058355 0.1279874 -0.0973687 0.1496157 0.4676010 0.8315539 0.0929073 0.4256860 0.7508008 -0.2139422 0.8134347 0.6684849 0.1541722 0.1086916 0.5821813 -0.0552158 0.4812513 0.1109831 0.4306374 0.5677120 0.7683831 0.5711457 0.5100066 0.5793528 0.7864361 0.4561346 0.5874338 0.4765368 0.5174868 0.5082578 0.7187709 0.7335120 0.1561472 0.7975900 0.4403774 0.7351418 0.3440029 0.6808899 0.4696788 0.6661318 0.8230133 0.7635413 0.5022799 0.7629141 0.5275722 0.3422080 0.6135864 0.1957250 0.5683450 0.7951685 0.4316894 0.4406180 0.7539261 0.6150284 0.6012281 0.0599121 0.1346168 0.1302735 0.3144371 0.3542031 0.4532708 0.4020218 0.3716373 0.3826583 0.3019838 0.1350033 0.1953696 0.3555264 0.2932986 0.3057166 0.1667405 0.2241717 0.3830077 0.3777246 0.3986386 0.3605199 0.1794508 0.3212423 0.3340151 0.3945459 0.3443605 0.2263471 0.3590129 0.1138697 0.5809242 0.1089283 0.1330668 0.1779400 -0.1081326 0.0271556 -0.0092775 -0.1582873 -0.0634229 -0.0218941 0.0559767 0.0559460 0.2341883 -0.0917772 0.1335330 0.2999582 0.1707968 0.3441407 0.2777233 0.2773861 0.3160348 0.3839844 0.2564025 -0.0242177 0.1987728 0.4435759 0.1713629 0.2707822 0.2453856 0.2552251 0.2402075 0.2530819 0.2395785 0.2912020 0.1878903 0.3324272 0.2364453 0.2658155 0.1119047 0.6343482 0.5846057 0.4229362 0.2737081 0.1328278 0.1609534 0.4297697 0.1997618 0.2684324 0.1471551 0.3347823 0.1666775 0.4921983 0.2582169 0.2699340 0.2457653 0.2650484 0.1520285 0.0195950 0.2433728 0.2724131 0.2859633 0.2756707 -0.3482234 -0.0166913 -0.4177714 -0.0562408 -0.0561062 -0.1814866 -0.2775840 -0.3187070 -0.1581725 -0.2122009 -0.0243923 0.0195127 0.0723936 0.0947739 0.0272295 0.0992901 0.0271917 0.0055027 -0.2488445 0.1720464 -0.2280568 0.0413325 0.1289777 0.0789746 0.2552834 -0.1342741 0.6229277 0.3482177 0.5952639 -0.2916846 0.0556060 0.2677751 0.0403597 0.0141080 0.2409597 0.3487088 0.4375176 0.0906700 -0.1629097 -0.1756767 0.1190125 0.0729940 -0.2031695 0.1518927 -0.1631748 0.0502533
0.4011646 0.7465577 0.6928585 0.8529984 0.2810575 0.8405857 0.4438430 -0.0608853 0.0000000 0.8312603 0.4796000 0.1611717 -0.6131435 0.7769520 0.9016560 -0.2061391 0.8721517 0.8206030 -0.5513008 -0.3963663 0.2078025 -0.6191501 0.0385590 0.9019516 -0.5107176 -0.4457714 0.6123859 0.7162869 0.2208677 0.7881635 -0.5821194 -0.4835823 0.9106343 0.6757540 0.0828737 0.0305477 -0.4792086 -0.6182587 0.8730509 0.8440122 -0.6007197 -0.3470946 0.6552670 0.9149833 -0.0711092 -0.6595225 -0.4860182 -0.5663612 0.5338207 -0.6778987 0.0141586 0.5430375 -0.1441396 0.6599335 -0.6056878 -0.6746399 -0.5513927 -0.0691822 -0.1100263 0.0641809 -0.1853892 0.2134084 -0.6741879 -0.3096534 -0.2831985 -0.5154017 -0.2037049 0.0109979 -0.6756534 -0.5605955 -0.5456624 -0.2266022 -0.3336479 -0.1559956 -0.6480134 -0.4912971 -0.2907080 -0.6409170 -0.4396357 -0.3007017 -0.5073322 0.0945525 0.3684064 0.3172881 0.2230806 -0.1116089 -0.1264621 -0.2406294 -0.2158060 -0.2915920 -0.2314243 -0.0020454 0.1365138 -0.3396459 -0.3732875 -0.2094846 -0.1422214 0.1285070 -0.5221186 -0.1056174 -0.3686204 -0.1985662 0.1830519 -0.6510477 -0.1644394 -0.2425747 0.3042467 0.3385958 -0.3834446 0.5158079 -0.2978853 0.2940163 0.1240308 0.1737398 0.4541174 0.2490779 0.3516476 0.5247030 0.3779887 0.2758841 0.2319808 0.2761051 0.1610087 0.2310547 0.1423984 -0.1765455 -0.1797165 0.1190386 -0.1005740 -0.1606888 -0.1622714 -0.0006735 -0.4003022 0.4879472 -0.1785916 0.0860543 -0.1789956 -0.2378541 -0.2841203 -0.1774726 -0.1143176 -0.2568177 -0.3016928 0.0624397 -0.1802938 0.1811326 -0.3604455 -0.3731491 -0.1885296 -0.2967807 -0.2335550 0.0609329 -0.3304497 -0.1507160 -0.2198023 0.2645664 -0.2808739 -0.2638812 -0.2993716 -0.0413573 -0.2165139 -0.2371834 0.2749782 -0.1197881 -0.3084964 -0.0110709 0.0744973 -0.3126149 -0.3035215 -0.1825861 -0.3096851 -0.3844753 0.6767487 0.1929114 0.4122950 0.4516006 0.5257238 0.4180846 0.2849459 0.0992001 0.2272569 0.0457604 -0.2134693 -0.0507255 -0.2036045 0.0458193 -0.1453913 -0.2727761 -0.0595141 0.4098852 0.2867997 -0.1718910 0.1769410 0.0316771 -0.0793240 -0.0816026 -0.2346879 0.4763894 -0.2886127 -0.1969069 -0.1875933 -0.3319629 0.1793073 0.0418473 0.0274612 0.2801173 -0.2182004 0.2227779 -0.1663498 -0.1560718 0.2079271 0.0190694 0.0447553 0.2513347 0.2306818 -0.2152912 0.5552018 0.3698043
0.1846880 0.4657678 0.8300251 0.8482388 0.5303545 0.6847046 0.3529210 0.2476099 0.8312603 0.0000000 0.7868147 0.2438879 -0.3146491 0.7773587 0.6893066 0.0572076 0.8825336 0.7689190 -0.3316320 -0.1827254 0.1546271 -0.2836859 0.3453447 0.8081598 -0.2255329 -0.1471366 0.6357722 0.7500102 0.0540183 0.7826958 -0.2575209 -0.2405520 0.8804137 0.6859952 0.3786577 -0.1934203 -0.2016382 -0.3032127 0.8821618 0.8875755 -0.2572577 -0.4525763 0.8553121 0.8827460 -0.0252842 -0.4637668 -0.2925511 -0.2132224 0.6633731 -0.4220060 0.2380107 0.7467799 0.0692423 0.8222302 -0.3224846 -0.4853756 -0.3324685 0.2500254 -0.1229423 0.3253735 -0.0992696 0.4960654 -0.4760289 -0.0650450 -0.1139767 -0.3013010 0.0012998 0.2999883 -0.4771031 -0.2684345 -0.4426341 -0.1296904 -0.2024645 -0.1408471 -0.4251365 -0.2275636 -0.1191168 -0.4783125 -0.2238216 -0.1915852 -0.2616956 0.2349163 0.5678299 0.5157981 0.4572306 0.2652034 0.2499863 0.0279443 0.1280392 -0.0298389 0.1022164 0.2652444 0.3185574 0.0111412 -0.0010362 0.0835587 0.1105249 0.2464782 -0.2016359 0.0417793 -0.0453257 0.0579446 0.3742654 -0.3749435 0.1354896 0.0914942 0.3438949 0.4913577 -0.0653049 0.4903013 0.0571041 0.3126497 0.0796683 0.1700423 0.2898091 0.1596097 0.2401385 0.3044669 0.2173669 0.1715232 0.1284550 0.1388066 0.2859315 0.0985626 0.1372435 -0.0002077 -0.1436072 0.3099579 0.0514817 -0.0716512 0.0003987 0.1832472 -0.2050288 0.4505489 0.0198628 0.3257283 -0.0284602 -0.0041203 -0.1030652 -0.0114498 0.0804878 -0.0287711 -0.1023558 0.1612538 -0.0539377 0.2720350 -0.1191330 -0.1129452 -0.0109370 -0.0164536 -0.0798833 0.1276039 -0.0833662 0.0049258 -0.0658208 0.2049218 -0.1428165 -0.0743954 -0.1405899 -0.0155133 -0.0429240 -0.0176856 0.1425644 -0.0343929 -0.0739286 -0.0327841 0.0858227 -0.1321794 -0.0928369 -0.0519762 -0.0705302 -0.1286436 0.3561232 0.2756349 0.3387357 0.5470422 0.5331555 0.3438905 0.0170613 -0.0954801 0.1353286 -0.0864817 -0.2113777 0.0187136 -0.2433357 0.1217634 -0.0986719 -0.1161265 -0.0171068 0.3713187 0.1493978 -0.0150678 0.1156453 0.1715298 0.0784844 0.2130493 -0.0289145 0.3136734 -0.0843435 0.0135601 0.1905356 -0.3720407 0.3231617 0.2387228 0.0348753 0.3798272 0.0687782 0.3072680 0.1063218 -0.1255854 0.2328234 0.0123708 0.0578395 0.2452745 0.0301892 -0.1465912 0.2771707 0.2160200
0.0429826 0.1374414 0.7849191 0.7226039 0.7574944 0.3992122 0.0597457 0.6292035 0.4796000 0.7868147 0.0000000 0.1076649 0.0941559 0.4646126 0.3076320 0.5987440 0.6146880 0.4203931 0.1426732 0.0568113 0.0679293 0.0365257 0.7329846 0.5093391 0.2365669 0.3491681 0.2432085 0.4526653 0.0311856 0.5088704 0.1084262 0.1967574 0.5698309 0.6863191 0.6218467 -0.1561049 0.2461835 0.1400634 0.5695219 0.5463436 0.0679724 -0.2506064 0.7845738 0.5886390 0.2612189 -0.0176494 0.1632433 0.1237004 0.6694653 0.0507997 0.5360736 0.6540184 0.3827920 0.7618122 0.0311512 -0.0609177 0.0922114 0.5852845 0.1238915 0.6325778 0.2446445 0.7237163 -0.1540560 0.2866934 0.2601020 0.0584128 0.4066199 0.5973167 -0.0334301 0.1474262 -0.0879594 0.0734329 0.1343121 0.0632917 -0.0114905 0.1437659 0.1006495 -0.1308418 0.1402625 0.0151645 0.0866560 0.1899106 0.3812840 0.4183247 0.5222015 0.3643199 0.4626784 0.1939598 0.3619778 0.1680546 0.2323032 0.2316633 0.2865822 0.3634278 0.2177677 0.2340942 0.1058446 0.2866816 0.0363388 0.3024197 0.1539177 0.2485769 0.2563701 0.0301981 0.1848406 0.2409552 0.4719342 0.4860760 -0.0471535 0.5094285 0.2038731 0.2700785 0.2300862 0.3537911 0.3102495 0.2834064 0.2753083 0.2629743 0.2389564 0.1966168 0.2090266 0.2245725 0.3071166 0.1129804 0.3311311 -0.0190112 0.0706004 0.3844288 0.0233264 0.1756276 0.1798265 0.3435442 -0.0958492 0.1583485 0.1544735 0.4055734 -0.0050174 -0.0220809 -0.0599693 -0.0330855 0.3235282 -0.0892906 0.1269821 0.1259312 -0.0802415 0.3869227 -0.0349959 0.0249981 0.1893834 0.1371023 0.0693690 0.2502942 -0.0820991 0.2412745 0.0594177 0.3157630 0.0796091 0.0624322 0.0895960 0.1141377 0.0671840 0.1419648 0.1939808 0.1508686 0.0591628 0.0896835 0.2036107 0.0878042 0.1552791 0.0947589 0.1774618 0.1266738 -0.0043490 0.1594692 0.0253013 0.3916683 0.3389967 0.1474699 -0.1261239 -0.1273222 0.1456724 -0.0198412 0.0217271 0.2130087 -0.0393160 0.3099441 0.0768001 0.0933558 0.0478713 0.1470333 0.0474715 0.0369528 -0.0708965 -0.0309885 -0.0328090 0.0987153 -0.0210495 0.0483871 0.1047682 0.0208397 0.3163752 -0.4699932 0.2221303 0.2807783 -0.0509243 0.2643478 0.0425883 0.5000363 0.2221033 -0.2219317 0.1467663 -0.1221091 0.0364580 0.1877505 -0.0367851 0.1807837 0.0047593 0.1672312
0.0092873 0.1802679 0.3378515 0.1327701 0.0741629 0.2161911 0.6488066 0.1039622 0.1611717 0.2438879 0.1076649 0.0000000 -0.2847624 -0.2302224 0.3628388 -0.0441407 -0.0371041 -0.1399939 -0.2455775 -0.3889973 0.7453875 -0.1842301 -0.1578453 -0.0873082 -0.1825656 -0.1304640 0.4943992 -0.1877187 0.2820912 -0.2349308 -0.3374990 -0.1060264 0.1137724 0.5129535 -0.2343712 -0.1031983 -0.1172528 -0.2798203 0.0843877 0.0869693 -0.1626385 -0.4000140 -0.0094572 0.0471889 0.2822872 -0.3155217 -0.2459033 -0.1682133 0.4082402 -0.3671980 -0.1903350 0.0768412 0.4791067 0.1217302 -0.2802106 -0.3693159 -0.2139964 0.3152514 -0.4505651 -0.1481073 -0.0632145 0.1480570 -0.3950233 0.0403811 -0.1759472 -0.2182648 -0.1306031 0.2372807 -0.4278384 0.0137688 -0.4581804 -0.1222411 -0.3571108 -0.4171377 -0.4076685 0.1008328 -0.0104111 -0.4853687 -0.0781906 0.2041886 -0.2303482 0.3450775 0.2636820 0.0257367 0.0707591 0.1008913 0.0564483 0.1847164 -0.0003184 0.0362363 -0.2428035 -0.1503849 -0.0413597 0.1649059 -0.1768152 -0.4402805 -0.2843669 -0.0456778 -0.0522673 -0.0112890 0.1652334 -0.1482080 0.0239049 -0.1477350 -0.2916916 -0.2844953 -0.2153217 -0.3649527 0.1575451 -0.2358980 0.0610773 -0.0707570 -0.5582782 -0.5209391 -0.2962515 -0.4797658 -0.4338766 -0.3407900 -0.3292740 -0.2681655 -0.3941700 -0.4498411 -0.4234482 -0.0510855 -0.3901299 0.5030314 -0.6667938 -0.4942437 0.3270553 -0.5027001 -0.2489109 -0.6107119 -0.4415593 0.6214426 -0.6534397 -0.2913640 0.1873738 0.0880097 -0.0960808 0.6948040 -0.6212581 0.3879303 -0.6491837 0.7581910 0.2195468 -0.3374652 -0.3336227 -0.4770052 -0.6423297 0.1379277 -0.0297474 0.2465304 -0.1261482 -0.6086771 -0.5646337 0.0391410 -0.5959809 -0.4574710 -0.6836526 -0.3424950 -0.5467318 -0.3899299 -0.2140544 -0.5528965 -0.5191581 -0.3917047 -0.4544671 -0.5618182 -0.5789999 -0.5043878 -0.5363157 -0.5118351 0.0906561 0.3089219 0.5161949 0.6379171 0.5589675 0.1939727 0.0560062 -0.3899561 -0.4132300 -0.4188391 -0.4649563 -0.3308215 -0.3638479 -0.4568301 -0.2225067 -0.3582169 -0.1703858 0.4924781 -0.1393668 0.5811603 0.6492529 0.5695778 0.5826845 0.7370483 0.7075441 0.5607462 0.3313495 0.6501701 0.2283085 -0.1216937 0.3511284 0.5840175 0.2673847 0.7058004 0.4722829 0.0767417 -0.1389290 0.3266204 0.4302875 0.6568471 0.3089240 0.6702765 0.0915541 -0.7171980 0.0089759 -0.2170651
-0.2979937 -0.6498205 -0.1940304 -0.3525009 0.4023801 -0.5856511 -0.8481656 0.5553161 -0.6131435 -0.3146491 0.0941559 -0.2847624 0.0000000 -0.2633889 -0.5881721 0.4455969 -0.4184412 -0.3814637 0.8172119 0.7999624 -0.0407868 0.9033374 0.3035745 -0.3845457 0.7912928 0.6406300 -0.5408386 -0.1391634 0.0491577 -0.2451081 0.9111767 0.7643107 -0.3577469 -0.2441046 0.3142523 0.1467124 0.7180424 0.9602694 -0.3816870 -0.3157104 0.8957649 0.5142688 -0.0708015 -0.3634842 0.4313890 0.8386482 0.7071869 0.9312657 -0.0088786 0.9016704 0.3640072 -0.0493847 0.4910586 -0.1257827 0.9595436 0.8812887 0.8216299 0.4482825 0.5501160 0.3990431 0.6534151 0.2263907 0.9264913 0.6854002 0.7706709 0.8478568 0.5754698 0.4696645 0.8987311 0.8395980 0.7708904 0.5331557 0.7172155 0.4780377 0.9022779 0.7350957 0.4620950 0.7835899 0.7222693 0.4570404 0.7149558 -0.1032059 -0.1554264 -0.0682113 0.1020042 0.1841403 0.3086838 0.3409749 0.3707466 0.5075649 0.3368246 0.0600484 -0.0747803 0.5169162 0.5448033 0.3923923 0.2455415 -0.0679081 0.6409670 0.3064497 0.5278689 0.3259511 -0.1336836 0.7538203 0.3852276 0.4397128 -0.0617064 -0.0382817 0.3949198 -0.3400961 0.5702778 -0.1707148 0.0696594 0.0011210 -0.3959725 -0.1360155 -0.2517722 -0.4699950 -0.3525023 -0.2802023 -0.1459455 -0.1492485 0.4291868 -0.3109461 -0.1156040 0.0357488 0.3027055 0.4795664 0.0468024 0.2650509 0.1480234 0.5509686 0.4842859 -0.4987624 0.5628137 0.4666063 -0.0218529 0.2877285 0.3108386 -0.0216702 0.6051374 0.2168543 0.6732216 -0.1898925 0.0353394 0.4616681 0.5333508 0.5955599 0.5816003 0.5392933 0.5859148 0.2440445 0.5081555 0.5836540 0.4805152 0.2848748 0.6247188 0.5606892 0.6495155 0.4741586 0.4970113 0.6850053 0.2694543 0.5267221 0.5946740 0.4758850 0.4400259 0.5674150 0.6888279 0.5522975 0.7174267 0.7489331 -0.6681157 -0.2902449 -0.8388698 -0.5955423 -0.4248443 -0.3907009 -0.1320490 0.0087477 0.0292652 0.1591154 0.4835489 0.3793320 0.5615915 0.4487798 0.5750225 0.6495417 0.1302013 -0.4410360 -0.3387677 -0.0602688 -0.5726759 -0.2319130 -0.1305840 -0.1524261 0.0071046 -0.5967090 0.5311774 0.0384304 0.4544959 -0.0817291 -0.2302428 -0.1536115 -0.0168783 -0.3060065 -0.0141070 0.0010761 0.5209076 0.0554438 -0.4346376 -0.4538864 -0.1176467 -0.3677603 -0.5722930 0.4800622 -0.6759920 -0.3049706
0.2820776 0.4388191 0.6447697 0.6844956 0.4039184 0.5868338 0.0263931 0.1032806 0.7769520 0.7773587 0.4646126 -0.2302224 -0.2633889 0.0000000 0.5638940 -0.2142040 0.9328320 0.9654429 -0.2935456 -0.0978549 -0.1413413 -0.1667587 0.2242842 0.8558097 -0.2064105 -0.2138190 0.5586691 0.9432283 -0.1500441 0.9643990 -0.1860264 -0.1957925 0.8443819 0.3036954 0.3993677 -0.1541264 -0.1975302 -0.2248036 0.8776928 0.8795504 -0.1815712 -0.2592166 0.8089219 0.8629248 -0.2853435 -0.3071186 -0.2115855 -0.1881651 0.3500844 -0.2743971 0.2308937 0.6321820 -0.2909590 0.6621638 -0.2205591 -0.2907104 -0.2545394 -0.1158521 -0.0374268 0.2588030 -0.1807019 0.2522540 -0.2680233 -0.1712567 -0.1635140 -0.1925698 -0.0519299 0.0136034 -0.2934758 -0.3315071 -0.1642444 -0.0491993 -0.0047611 0.0411712 -0.2352386 -0.2927556 -0.1374118 -0.1675592 -0.1442065 -0.1779199 -0.0884914 0.1188033 0.4722213 0.4486158 0.2769018 0.1817764 0.1439658 -0.1255084 0.0133911 -0.1144459 0.2368751 0.4104246 0.4314011 -0.2989426 0.0220001 0.3109067 0.3520570 0.3253416 -0.1593174 -0.0377613 -0.1583508 0.1162153 0.4659568 -0.4244474 0.3493597 0.2643834 0.3919739 0.6451388 0.0110029 0.4763490 0.0937317 0.2484561 0.2957025 0.3133215 0.2659719 0.2694083 0.3490482 0.3400944 0.2543515 0.1944893 0.2219392 0.2662797 0.4027567 0.0125237 0.1634856 -0.1856311 0.1628937 0.4355028 -0.0406624 0.1276719 0.0763776 0.3858902 0.1341146 0.2816684 0.2794246 0.3538660 -0.0912575 0.0440227 0.0106509 -0.2565509 0.2101422 -0.0985280 0.1409409 -0.1697298 -0.1140636 0.2930695 0.0742455 0.1131761 0.1809970 0.0193095 0.0373306 -0.0846335 0.0625868 0.1297583 0.1785939 0.1294529 0.0742467 0.1074019 0.1078830 0.1361608 0.1767509 0.2075117 0.2013326 0.1714337 0.1440922 0.1034991 0.2206154 0.0376877 0.0837364 0.1647453 0.0576776 0.0154911 0.4451469 0.1403903 0.0994132 0.1347359 0.2360407 0.2146675 0.0543392 0.0931363 0.2252116 0.0231669 -0.1238550 -0.0205659 -0.1407238 0.1571552 -0.0995912 -0.0717369 0.0549236 0.2286259 0.1105839 -0.3309768 -0.1384054 -0.0007747 -0.1544620 -0.1367533 -0.3414213 0.1755883 -0.1472347 -0.2382030 0.0468086 -0.1687160 0.1652003 -0.0785587 0.0366185 0.0647318 -0.0769423 0.1441773 0.1465880 -0.1681987 -0.1115481 -0.2556865 0.0042657 -0.0149235 0.0459603 -0.0078056 0.4096003 0.3666298
0.5168229 0.7930956 0.6173735 0.7704906 0.1788940 0.8962590 0.4849165 -0.1515277 0.9016560 0.6893066 0.3076320 0.3628388 -0.5881721 0.5638940 0.0000000 -0.3473560 0.6520684 0.6694655 -0.6558076 -0.3183732 0.3964392 -0.6192074 -0.1914560 0.8310643 -0.6370193 -0.5706626 0.6052366 0.6187185 0.4993795 0.6229251 -0.5398572 -0.5023697 0.8512439 0.7050357 -0.1666842 0.1019590 -0.5155528 -0.6257654 0.7442697 0.7469460 -0.5386591 -0.2708608 0.4715838 0.8041724 0.0999420 -0.6381340 -0.5428620 -0.5435242 0.5861808 -0.6937984 -0.1684378 0.4651747 0.0377501 0.5467131 -0.5356959 -0.6422455 -0.5338703 -0.0084006 -0.1719016 -0.1059369 -0.1144645 0.1356159 -0.6479176 -0.2283300 -0.1677160 -0.4712616 -0.2991638 0.0654701 -0.6963586 -0.5008426 -0.5774202 -0.1028459 -0.3793900 -0.1346929 -0.6764754 -0.4419908 -0.1772488 -0.6810428 -0.4558613 -0.1875906 -0.5567172 0.0450438 0.3226194 0.1513110 0.1212315 -0.1907299 -0.1754410 -0.1918746 -0.3115180 -0.1975533 -0.4101811 -0.1870867 0.0200311 -0.2743273 -0.4537651 -0.3750813 -0.2112960 0.1068094 -0.4929042 -0.1857331 -0.3064813 -0.1378676 0.0739023 -0.6099119 -0.2622382 -0.4093401 0.1037654 0.0585880 -0.2888236 0.2363955 -0.3019345 0.2245691 0.0161686 -0.0328273 0.2975543 0.1026929 0.1881121 0.3932771 0.2701001 0.1795882 0.1522360 0.1901902 0.1121955 0.3422910 -0.0172912 -0.0826082 -0.2751534 0.0490072 -0.0671245 -0.2154224 -0.2425996 -0.0958963 -0.4007257 0.6262468 -0.2887774 0.1091735 -0.0896279 -0.1852749 -0.2693825 0.0226628 -0.1924545 -0.0756073 -0.3742188 0.2594000 -0.0269192 0.1943113 -0.3410654 -0.3516537 -0.2610515 -0.2297856 -0.1297272 0.3010671 -0.2453361 -0.2300870 -0.2380591 0.4129493 -0.3296047 -0.1721551 -0.3930198 -0.0057925 -0.2306064 -0.2449213 0.3618493 -0.1717255 -0.3217207 0.1153795 0.1031416 -0.3934749 -0.3618023 -0.2137878 -0.3167448 -0.4108987 0.6718370 0.3721299 0.4545372 0.4757670 0.5048665 0.3322127 0.3152459 -0.0150269 0.0478380 -0.0009044 -0.2608099 -0.0988625 -0.1172850 -0.0241516 -0.0669169 -0.2690241 -0.0067645 0.5103009 0.2411398 0.0284456 0.3441026 0.0341312 -0.0124432 -0.0210093 -0.0931610 0.5826719 -0.1447247 -0.0804179 -0.1020618 -0.2653748 0.1932685 0.1219794 0.0036322 0.2950653 -0.1685389 0.1239583 -0.1938476 -0.0783105 0.2485923 0.2062377 -0.0837435 0.2942859 0.2297164 -0.3623613 0.4628601 0.3238106
-0.2857211 -0.3898241 0.2334157 0.1219860 0.5416421 -0.2320213 -0.2416549 0.7055305 -0.2061391 0.0572076 0.5987440 -0.0441407 0.4455969 -0.2142040 -0.3473560 0.0000000 -0.0916750 -0.2788406 0.6945420 0.2530193 -0.0824435 0.3474368 0.8367785 -0.2233147 0.6772252 0.8058861 -0.3469020 -0.2559394 -0.1798956 -0.1472210 0.3765827 0.5631629 -0.1848289 0.2920418 0.6257981 -0.1439803 0.6601001 0.5163205 -0.1463147 -0.2252611 0.3361109 -0.0304526 0.2435550 -0.1414268 0.3195564 0.4556462 0.6837556 0.4166226 0.2314943 0.5256330 0.7111567 0.2053328 0.4571394 0.2735559 0.3520965 0.3993850 0.5485066 0.6458806 0.2534402 0.6885735 0.3582221 0.6335935 0.2376981 0.4159427 0.3515331 0.4127899 0.6927472 0.6274923 0.4517622 0.5447003 0.3444129 0.0099981 0.3689117 -0.0118245 0.4085630 0.5086937 0.1042798 0.2550431 0.4578232 0.2220811 0.2954391 0.0063826 -0.1522991 0.0370223 0.2911193 0.2099810 0.3204290 0.2865311 0.4488296 0.3185681 0.2380537 -0.0148435 -0.0737278 0.5122234 0.3085563 0.1610386 -0.0887563 -0.0100875 0.2883196 0.4816732 0.3369969 0.1338953 -0.1830434 0.4505229 0.0285546 0.2175522 0.2778059 0.0493485 -0.0336185 0.1852307 0.2185732 0.0254817 0.0957472 0.2136157 0.1461875 0.1402186 0.0882548 0.0974644 0.0922609 0.1717458 0.2093478 0.1607072 0.1254333 0.1177127 0.4048057 -0.0193254 0.2271532 0.1557334 -0.0617908 0.2956041 0.2230896 0.2192537 -0.0217819 -0.3824425 0.0849705 0.1451337 -0.0489039 -0.1528174 -0.1208074 -0.0292479 0.2592272 -0.2257986 0.2004778 -0.0260701 -0.1818102 0.2246671 -0.0902756 -0.0249749 0.1407485 0.1182279 0.1786228 0.1170238 -0.1826391 0.2641536 0.0923049 0.2081107 0.2458628 0.0016572 0.2043911 0.1896126 0.0796747 0.1631373 0.1354157 0.2663473 0.0889018 0.0851370 0.1296381 0.1529283 0.2333467 0.1543169 0.2448473 0.2331584 -0.4785302 -0.1436805 -0.3330597 -0.0136191 -0.1264218 -0.2200158 -0.2889584 -0.1767236 0.0262176 -0.0456435 0.1105100 0.1381888 0.0427510 0.1760268 0.1556332 0.0753162 -0.2215404 -0.2916130 -0.0376619 0.0956762 -0.2004583 -0.2527728 -0.1235815 -0.1015707 0.0391199 -0.2930968 0.1749880 0.0122915 0.2058259 -0.4313204 -0.0874778 0.1056851 -0.0733191 -0.0183981 -0.1320902 0.5577550 0.1111359 -0.2032945 0.0473614 -0.1191906 0.1644137 -0.0145468 -0.0856936 0.3943440 -0.2133293 -0.1296445
0.3135597 0.5435131 0.7492343 0.7763930 0.4108263 0.6815915 0.2687941 0.1298920 0.8721517 0.8825336 0.6146880 -0.0371041 -0.4184412 0.9328320 0.6520684 -0.0916750 0.0000000 0.9034227 -0.3553732 -0.3123400 -0.0417773 -0.3291124 0.3007854 0.8665689 -0.2560838 -0.2212872 0.6427057 0.8345937 -0.1105647 0.8952725 -0.3637433 -0.2826036 0.8678113 0.4959732 0.4193354 -0.1738994 -0.2674593 -0.3684938 0.9125503 0.8786801 -0.3566835 -0.3709152 0.8486520 0.8718150 -0.2028203 -0.4339662 -0.2956795 -0.3542200 0.4209948 -0.4084409 0.2373818 0.6527116 -0.2196257 0.7196309 -0.4288333 -0.4502527 -0.3823860 -0.0442778 -0.1303111 0.2895653 -0.1704940 0.3526433 -0.4847473 -0.2331977 -0.2208476 -0.3558251 -0.0305692 0.0845917 -0.4450202 -0.4052465 -0.3153534 -0.1835271 -0.0885550 -0.0855689 -0.3859134 -0.3623018 -0.2340197 -0.3288855 -0.2046043 -0.2657700 -0.1744615 0.2124574 0.5281430 0.5023169 0.3418641 0.1901035 0.1931493 -0.1151733 0.0429651 -0.1709350 0.1845470 0.3889300 0.3894059 -0.2314193 -0.0290088 0.2055448 0.2217008 0.3115571 -0.2501254 0.0097806 -0.1824616 0.0051916 0.4032367 -0.4976943 0.2324440 0.1842979 0.3855845 0.5887867 -0.1322973 0.5513423 -0.0056104 0.2423659 0.1843043 0.2573789 0.3357070 0.2371025 0.3309346 0.4071439 0.2807899 0.2274569 0.2016080 0.2303131 0.2835207 0.0887674 0.2023999 -0.1737665 0.0148230 0.3028612 -0.0874342 0.0207531 -0.0182430 0.2369812 -0.0646928 0.4126638 0.1008485 0.2249130 -0.1331522 -0.1297958 -0.1774452 -0.1934517 0.0829603 -0.1886291 -0.0397069 -0.0405802 -0.2037606 0.2035793 -0.1713257 -0.1100929 0.0276739 -0.0940325 -0.0804786 -0.0941808 -0.1729940 0.0108784 0.0400177 0.1199333 -0.0852843 -0.0874080 -0.0704475 0.0013921 0.0132286 0.0295489 0.1232184 0.0314021 -0.0460154 -0.0311964 0.1159809 -0.1005046 -0.0818499 0.0051783 -0.1134414 -0.1591007 0.5189812 0.1875931 0.2946937 0.3738574 0.4145032 0.2942699 0.0675181 0.0587543 0.2130387 -0.0204554 -0.2046288 -0.0518276 -0.2644158 0.1344508 -0.1549909 -0.1846096 -0.0002184 0.3298661 0.1414737 -0.2374422 0.0259397 0.0606009 -0.0932502 0.0087121 -0.2351812 0.2883440 -0.1996054 -0.1817143 -0.0095908 -0.1896874 0.3123346 0.0692518 0.0653519 0.2577538 -0.0541283 0.2278397 0.0379603 -0.1409541 0.1526836 -0.1041317 0.0405152 0.1721098 0.1717566 -0.1083270 0.4656511 0.3453406
