0.0000000 0.5113217 0.5154705 0.3740708 0.2485105 0.1772561 0.4570513 0.3124825 0.1474518 0.0956022 0.2789322 0.3783431 0.3153484 -0.0064108 0.4733708 0.1776634 0.3304150 -0.1384793 0.0493994 0.1760545 0.1921699 0.1073052 0.4356486 -0.0349568 0.1323581 0.3812678 -0.0747426 -0.0885694 0.1549511 0.0239311 0.2592697 0.2420487 -0.1606361 0.0911959 0.6007543 0.1903609 0.5357710 0.1452761 -0.0892097 -0.2947145 0.3480868 0.1481979 0.2949993 -0.2913453 0.1666325 0.2674306 0.3475101 0.2651139 -0.0239719 0.1400163 0.4364662 -0.1990352 0.1407900 -0.2017263 0.1792891 0.2537980 0.3472357 -0.0375118 0.0607698 0.3639172 0.1404999 0.2165321 0.0946797 0.2812184 0.1871849 0.3207045 0.3470299 0.2288602 0.1006272 0.3725658 0.3646206 0.1688981 0.3551116 0.2543528 0.3539538 0.3162998 0.2350055 0.3038819 0.0717142 0.2298043 -0.1466043 0.0956338 0.0861120 0.3959852 0.1762061 0.2867724 0.1059315 0.0890344 -0.2774630 -0.3848735 -0.0606737 0.1633937 0.3900487 0.4687786 -0.4292641 -0.1592335 0.2153935 0.3658513 -0.3246916 -0.0126312 -0.0898606 0.5566676 0.5767870 0.2251015 0.1850760 -0.1411901 0.2157764 0.3262030 -0.0208953 0.3689553 -0.1349304 0.5558277 -0.0957238 -0.0736462 -0.0318903 -0.3586796 -0.2496343 0.0423844 -0.3954842 0.1363150 -0.1382115 -0.2876184 0.4664327 -0.1405190 0.0736978 0.2325288 -0.1366371 0.1255674 0.3860097 0.3036395 0.3842608 0.1189346 0.3050718 0.1084888 0.1077964 0.1967794 0.4453568 0.5044317 0.5327311 0.1105339 0.3332035 0.2762164 0.1206529 -0.1563285 0.5683563 0.3408333 0.6826046 0.4393877 0.2243816 0.6145322 0.3872516 0.0345339 0.7618623 0.4128703 0.3342885 -0.0236882 0.1429354 0.4210467 0.1909017 0.0769017 0.3916448 0.7268544 0.0467504 -0.2921603 0.5900037 0.1073535 0.4323977 -0.1417984 -0.1773413 0.5719053 0.4050607 0.2011327 0.6473240 0.4719335 0.3941821 0.3026958 0.3571173 0.8111920 0.2799862 0.5009924 0.3829737 0.2307383 0.2051095 0.2349918 0.1296336 0.3764840 0.4912163 0.1731667 0.1940556 0.2816411 0.4727697 0.1773963 0.0641037 0.3113834 0.1690519 0.0508465 -0.0772954 -0.1028136 -0.1434289 0.0528887 0.4328404 0.0372999 0.1633041 0.2655990 0.3840958 0.1514647 0.1278720 -0.1875624 0.4720241 -0.2483732 0.2052811 -0.3915038 0.1621479 -0.2383262 -0.2752288 0.2563972 -0.1130878 -0.0491609
0.5113217 0.0000000 0.1563639 0.9613937 -0.2892740 0.9150736 0.7108484 0.7561660 0.6538326 0.7980318 0.5783603 0.7797351 0.2998049 0.6964059 0.3723853 0.4747420 0.4982916 0.5456417 0.4714267 -0.3792244 0.7842053 0.5611129 0.3765279 0.7138422 0.5026951 0.3882462 0.4115926 0.3615122 0.8320297 0.6425022 0.2761274 0.0785686 0.5611112 0.8365930 0.6072192 0.6900282 0.6515937 0.4279331 0.5457221 0.4169159 0.3761916 0.4978843 0.7386385 0.4281798 0.7100347 0.7764794 0.8228901 0.5723894 0.7264580 0.6549199 0.8297488 0.5254143 0.8804869 0.5451242 0.5141067 0.7373529 0.7773553 0.6750815 -0.4701656 0.8861628 0.6807265 0.8341978 0.3913177 0.8726702 0.8878252 0.2673804 0.7989953 0.6997529 0.5145135 0.7150782 0.5697741 0.8703624 0.6495391 0.8782691 0.5170822 0.7930490 0.8691332 0.6225396 0.7376920 0.7224283 0.3538562 -0.1961363 -0.0952552 0.4299802 0.4333634 0.3554213 0.1418849 -0.4173332 0.2289102 -0.3583330 0.3743121 -0.3092734 0.1938838 0.2580697 -0.0200242 -0.1634313 -0.1684760 0.0560798 0.0121048 0.2662994 -0.2040789 0.2342710 0.2871330 0.0931045 0.2333500 0.0083740 0.4760826 0.4643527 0.3692898 0.5598434 0.1114038 0.3883676 0.3749554 0.1166000 0.0597090 -0.0723484 -0.0198490 0.2621087 0.0475678 0.2575334 -0.1360032 -0.0205231 0.2732344 -0.1456571 0.1418441 0.2029199 0.0653430 -0.3632097 -0.0208791 0.7096928 0.3707566 -0.5460470 0.6383018 0.7994852 -0.4067619 -0.4394496 0.7160853 0.0334583 -0.1165844 -0.3467369 0.1218505 0.1340683 -0.4581253 -0.1047589 0.5029268 -0.2674876 0.0797871 -0.1538242 0.3088388 0.1568714 -0.4069546 -0.1920703 0.5013975 0.2503024 0.0755483 -0.5059772 -0.5319585 -0.0058532 -0.4565712 -0.7201604 -0.3248282 0.3558052 -0.4294952 -0.7085800 0.1408448 -0.1344546 0.2439813 -0.1173113 0.0569951 0.3830920 0.3113940 0.4914533 0.5217504 0.7091560 0.8046185 0.7402969 0.7847413 0.3801349 0.7781069 0.1301295 -0.0616791 0.2030768 0.0893307 -0.1398074 -0.5868064 0.7384771 0.2003002 0.0406604 0.8493339 0.8823924 0.3730979 0.8250204 0.7829567 0.3993018 0.3010883 0.3119477 0.1470394 0.6102668 0.4626026 -0.0933003 0.6847121 -0.1060842 -0.2819910 0.5281276 -0.3173590 -0.0672366 -0.1595970 -0.1466455 0.1547765 0.0579358 -0.1323301 -0.0908668 -0.4864252 0.0042433 -0.3808264 -0.3878847 -0.2017700 -0.1514236
0.5154705 0.1563639 0.0000000 0.0937348 0.8197570 0.0434210 0.4340688 0.3721090 0.0520911 0.1102450 0.3693119 0.2007734 0.7371816 -0.0899419 0.5154477 0.1254966 0.4845810 -0.4411421 -0.0158929 0.6875780 -0.0692374 0.1494942 0.5533126 -0.2344248 0.1234581 0.3186434 -0.0289366 -0.2235818 -0.0560140 0.0830428 0.4544903 0.7300932 -0.4270349 -0.1859208 0.5361959 0.2308995 0.3715711 0.2721545 -0.1780049 -0.4957465 0.5801445 0.2577636 0.2450320 -0.6024286 0.0517486 -0.0251469 -0.0196740 0.4548541 -0.3276956 0.0562540 0.1196202 -0.3797960 -0.1354117 -0.5385104 0.3141437 0.0255582 0.0554227 -0.3715351 0.6048775 0.0046343 0.1511670 -0.1743272 0.4149770 0.0191825 -0.0346064 0.5282873 -0.0584107 -0.0343187 0.0663245 0.0873220 0.1326713 -0.0928109 0.0663433 0.0775278 0.0262679 0.0252796 -0.1493983 -0.0466274 -0.1073865 0.1014716 -0.0476186 0.3045457 0.0847700 0.3419879 0.1488692 -0.3218468 -0.4942834 0.1933859 -0.3960700 -0.2562524 -0.1725110 0.3221075 0.2527887 0.0536693 -0.4574632 -0.3049520 -0.1099138 0.1595246 -0.2857737 -0.0559758 -0.2462642 0.0889731 0.0170858 -0.3315826 -0.1440941 -0.2163616 -0.2348881 -0.1117553 -0.4208199 -0.0081442 -0.2151311 0.0635107 -0.1525198 0.1137648 0.2880396 0.0679430 0.1220411 0.2295504 -0.0305675 0.1028333 0.2010729 0.2221324 0.2458149 -0.0210748 0.1961711 -0.2362334 0.1992895 0.1330381 0.5711578 0.0475372 0.5978738 0.3426007 0.1760974 -0.2356619 0.2332765 0.2261717 -0.0183945 0.6367901 0.5658417 0.2452684 0.1315827 0.2347395 0.1620038 -0.1712923 0.4495194 0.2406413 0.6454979 0.4019008 -0.1745883 0.2216161 0.2253452 0.1607573 0.5571902 0.1043474 0.2805727 0.1336296 0.0177314 0.3552214 0.0174994 0.1622313 0.2964514 0.1225957 0.2048965 -0.1472864 0.2534468 0.1642437 0.1261436 -0.3672705 -0.4658652 -0.0702559 -0.0730441 -0.3586190 0.1265908 -0.1459079 0.0499691 -0.1068239 -0.0262833 0.6238941 -0.0204387 0.6175844 0.5911447 0.3352670 0.4740688 0.4892195 0.5651054 0.4352486 0.8400247 0.6368522 -0.2176533 -0.1928403 -0.0656135 -0.2529672 -0.3214262 -0.3285847 -0.4443242 -0.4824592 -0.5182335 -0.4404385 -0.1966054 -0.2536244 0.0723630 0.0940305 0.1189388 -0.2334017 0.5232757 0.4449578 0.1771445 -0.3037402 0.2089027 -0.1896948 0.3713965 -0.3592249 0.6247524 -0.0823815 -0.1311281 0.3223904 -0.1545321 0.0527272
0.3740708 0.9613937 0.0937348 0.0000000 -0.3443906 0.9320991 0.5962856 0.8032048 0.6795767 0.8733043 0.6878560 0.7351776 0.3319406 0.7415797 0.3617731 0.5597722 0.5594971 0.5423317 0.5157476 -0.4141708 0.7670265 0.5322056 0.4106057 0.7350786 0.5228985 0.4637632 0.4413161 0.3628520 0.8526401 0.6729949 0.2298416 0.0685123 0.5834486 0.8731441 0.6159572 0.6571730 0.6615555 0.4277139 0.5537651 0.4123077 0.3592048 0.4743443 0.7456355 0.4191072 0.7366374 0.7562013 0.8121487 0.5511047 0.7427424 0.6295632 0.8338166 0.5077023 0.9232884 0.5448521 0.4741593 0.7031706 0.7420835 0.6921311 -0.4771596 0.8725286 0.6846660 0.8307662 0.4039213 0.9289947 0.9134998 0.2360521 0.7949136 0.7358173 0.5203726 0.7716657 0.5694552 0.9340283 0.6515486 0.9263348 0.5426318 0.8328017 0.8969200 0.6585830 0.7759121 0.7395295 0.4046038 -0.2512315 -0.2085545 0.3709774 0.3010287 0.2316123 0.0140185 -0.4485043 0.1818325 -0.4274574 0.3100031 -0.3925242 0.0125805 0.1741190 -0.0581621 -0.2755334 -0.3527072 -0.1363746 -0.0777039 0.1757495 -0.3253060 0.0461556 0.1195022 0.0157722 0.0702274 -0.0789704 0.3904773 0.3244746 0.2902409 0.4333194 -0.0157458 0.2652146 0.3327684 0.1902198 0.1517243 0.0098787 0.1038276 0.3810561 0.1336506 0.2239968 -0.1018906 0.0834070 0.2310304 -0.2629717 0.0858136 0.1430024 0.1340041 -0.3881883 -0.0710514 0.6592042 0.2931674 -0.5580579 0.6121954 0.7780317 -0.4642588 -0.5342470 0.6108493 -0.0117375 -0.2491864 -0.4269715 -0.0068913 -0.0014235 -0.5344207 -0.1902656 0.4154609 -0.4293315 -0.0171036 -0.2601220 0.2160942 0.0644582 -0.4613440 -0.2603685 0.3631810 0.1332370 0.0727006 -0.5759174 -0.5960330 -0.1049926 -0.5591853 -0.7445949 -0.3378078 0.2547030 -0.5120194 -0.6770064 0.0564952 -0.2272270 0.1265312 -0.1383499 0.0781308 0.3109268 0.1753596 0.4016367 0.3970851 0.5950696 0.7303734 0.6664204 0.7096168 0.2272060 0.7256289 -0.0217558 -0.1563412 0.0998750 0.0311041 -0.2327593 -0.6222244 0.7707722 0.1515949 0.0381474 0.8385250 0.9038585 0.1986187 0.8434770 0.7985787 0.2680182 0.2196476 0.2784029 0.0691953 0.6129880 0.4622829 -0.1750222 0.5581638 -0.3065097 -0.3884471 0.4262874 -0.3974364 -0.1469722 -0.2796388 -0.1892205 -0.0301000 -0.0599701 -0.2111312 -0.1353717 -0.5443345 0.0219040 -0.3857080 -0.4976406 -0.1861138 -0.0789229
0.2485105 -0.2892740 0.8197570 -0.3443906 0.0000000 -0.3884455 0.0024026 -0.0463358 -0.2467128 -0.2518866 0.0309045 -0.2743096 0.5773647 -0.3976690 0.1999141 -0.0906230 0.2253453 -0.6327762 -0.1244733 0.8859055 -0.5015532 -0.0828799 0.4440518 -0.5479252 -0.0022303 0.1925946 -0.1816154 -0.4487497 -0.4810277 -0.2351279 0.4375996 0.7407320 -0.6230898 -0.5435117 0.2888388 -0.2362797 0.0840563 0.1671771 -0.5032566 -0.6586147 0.4179800 -0.2068934 -0.1349158 -0.6765982 -0.4108484 -0.2347632 -0.2864085 0.2243987 -0.5276108 -0.1711224 -0.1893158 -0.5885016 -0.5280937 -0.6402555 0.1275687 -0.2162540 -0.2213401 -0.5184582 0.6762584 -0.3359558 -0.2844910 -0.4575994 0.2875410 -0.3248882 -0.3986906 0.3955002 -0.3783653 -0.2363836 -0.0832148 -0.1792598 -0.0944606 -0.4988667 -0.2350082 -0.2715216 -0.1433973 -0.2934809 -0.5188483 -0.3136806 -0.3479489 -0.1571972 -0.0674160 0.2372968 0.0544770 0.0069550 -0.1134770 -0.5219286 -0.4496562 0.2613292 -0.5294235 -0.1280069 -0.3434431 0.5161810 0.2764817 -0.1112434 -0.3671521 -0.0955761 0.0964219 0.2448205 -0.1739905 -0.2669393 -0.0949898 -0.0305303 -0.0861505 -0.3311496 -0.0899308 -0.1478737 -0.4987277 -0.3073882 -0.5972631 -0.2705660 -0.2890371 -0.1702810 -0.3614211 -0.0438746 0.0990520 0.0285157 0.0824722 0.0347747 -0.1120596 -0.0595717 0.2228002 0.2062259 0.0334604 -0.0703070 0.0631396 -0.2911197 0.1396333 0.3666109 0.5859223 -0.3555462 0.2476573 0.6515513 -0.0906612 -0.6037484 0.5419152 0.5440108 -0.3214529 0.5972917 0.6494163 0.5083264 0.1736414 0.2376886 0.5648754 -0.0014955 0.2330479 0.4376208 0.5516977 0.4331604 -0.1794679 0.2379645 0.4648549 0.3498721 0.3057821 0.0015912 0.1847919 0.4102843 0.2605993 0.2964040 0.3155563 0.4443309 0.3589151 -0.0753136 0.4014631 0.1135511 0.1473364 0.2588622 -0.0041842 -0.3247761 -0.5002599 -0.2666952 -0.2137228 -0.5495670 -0.0769039 -0.5457947 -0.3822972 -0.5086960 -0.4546107 0.4495190 -0.4279040 0.3748553 0.5082491 0.0790988 0.1673784 0.4186482 0.7811213 0.0792370 0.8214343 0.7588851 -0.6028691 -0.6089660 -0.2194907 -0.6105020 -0.6762230 -0.5140355 -0.5866949 -0.6331648 -0.5300356 -0.7296019 -0.4244640 -0.1091312 -0.2110097 0.1100946 0.1542055 -0.5147104 0.6050132 0.6388491 0.2315158 -0.3720693 0.1531955 -0.1792997 0.2557661 -0.2731486 0.8358091 -0.1194316 -0.0537832 0.3846480 -0.2065949 0.0066316
0.1772561 0.9150736 0.0434210 0.9320991 -0.3884455 0.0000000 0.6978778 0.7529154 0.7604322 0.8714337 0.5352858 0.8177619 0.2991914 0.7939319 0.3034328 0.4592854 0.4771358 0.6527250 0.5308460 -0.4700019 0.8746936 0.6362127 0.2615635 0.8429633 0.5220354 0.2672067 0.5294098 0.4451242 0.9308544 0.7302325 0.2262805 0.0450989 0.6998296 0.9241146 0.4225775 0.7883868 0.5359398 0.4712370 0.6561457 0.5833303 0.3282485 0.6067717 0.7225157 0.5617830 0.7996874 0.7705647 0.7868687 0.5919015 0.7818957 0.7024315 0.7379389 0.6485183 0.9474461 0.6347732 0.5336496 0.7467587 0.7490872 0.6971697 -0.4190859 0.8374665 0.8028316 0.7890081 0.4480982 0.8366556 0.9291036 0.2544847 0.7176535 0.6040197 0.5929288 0.5928644 0.4801655 0.9160706 0.5149705 0.8934939 0.4502267 0.7206484 0.8880675 0.5557969 0.7771252 0.7520975 0.4702770 -0.2371470 -0.1469895 0.3994715 0.4688322 0.3135952 0.0912760 -0.5233030 0.4362717 -0.1698024 0.5669703 -0.3476477 0.0381538 0.1517494 0.1939228 -0.0715265 -0.3085397 -0.1540609 0.1879495 0.3781905 -0.1569760 0.0156805 0.0447581 0.0385718 0.1645976 0.1006651 0.4442095 0.3872603 0.3860086 0.4614405 0.2005180 0.1869275 0.4581982 0.2279832 0.1312784 0.0944411 0.1342699 0.3641128 0.2824345 0.3358695 0.0018274 0.1756446 0.1182690 -0.0759973 0.1859812 0.2005437 0.1837384 -0.5151572 -0.1642870 0.6877753 0.3360867 -0.6832097 0.5734184 0.8588121 -0.5629724 -0.6281528 0.5912928 -0.1272128 -0.3327560 -0.4998484 -0.0319966 0.0014240 -0.5664157 -0.0944453 0.2965906 -0.4847995 -0.1776432 -0.3683094 0.2346745 -0.1314845 -0.6755177 -0.3260306 0.2582645 0.1184444 -0.0287187 -0.5888450 -0.6578952 -0.2071735 -0.5738249 -0.8528359 -0.5296706 0.0683388 -0.5519341 -0.6505019 -0.1043381 -0.2693468 0.0593963 -0.0361881 0.1654224 0.1569315 0.1508869 0.4571172 0.3219600 0.5896287 0.8009575 0.7545425 0.7848695 0.1680639 0.8242160 0.0051850 -0.1958769 0.1678745 0.1244269 -0.2005365 -0.6117975 0.7121587 0.0818827 0.0080355 0.8983930 0.8844734 0.2391955 0.8621193 0.8757124 0.3128182 0.3048100 0.3972061 0.2593722 0.7639454 0.6340652 -0.0668043 0.5939541 -0.1356546 -0.3991503 0.4594160 -0.4595145 -0.1081647 -0.1784626 -0.0179227 -0.0039399 0.1578717 -0.2328376 0.0649255 -0.5446716 0.2434695 -0.1880671 -0.5452140 -0.0858800 -0.0802522
0.4570513 0.7108484 0.4340688 0.5962856 0.0024026 0.6978778 0.0000000 0.6680448 0.5484257 0.4852465 0.3645664 0.8001251 0.4321352 0.4235596 0.4524310 0.3816373 0.4833969 0.2576866 0.4749795 -0.1481838 0.7038225 0.6953857 0.3335895 0.4327997 0.5355263 0.2768573 0.3096865 0.1901862 0.6556596 0.4096981 0.4893444 0.3314025 0.2278141 0.4962139 0.4141670 0.7438753 0.5708055 0.5576159 0.3083956 0.1774876 0.5567624 0.6535770 0.5322432 0.1047543 0.6473158 0.6244598 0.6102120 0.6865739 0.2820307 0.6973094 0.5099514 0.2593985 0.5297602 0.1406067 0.6654525 0.7174157 0.6818738 0.2159650 -0.0528505 0.6163919 0.6587019 0.4299249 0.5801617 0.4156089 0.5506376 0.5895777 0.5663042 0.2922336 0.5946661 0.3438826 0.5178293 0.5161890 0.4010046 0.5678626 0.4354908 0.4800498 0.5866516 0.4532884 0.4978168 0.5955161 0.3261765 0.0167739 0.1140014 0.6185965 0.5789590 0.3416183 0.0370522 -0.3177261 0.3965016 0.0562382 0.6146843 -0.0221773 0.3347416 0.1644398 0.1555396 0.1439602 0.0411166 0.1823133 0.2095555 0.4633365 -0.0720133 0.2806565 0.2265323 -0.0478710 0.3211418 0.1690402 0.4373439 0.3830169 0.3382860 0.3869808 0.3428527 0.3288036 0.3298179 0.1166703 -0.0228217 -0.0951495 -0.1504464 0.0425103 -0.0127253 0.2476414 -0.1221507 -0.0803782 0.1216197 0.2547743 0.0898974 0.1607546 0.0145488 -0.5467230 0.1947412 0.6029044 0.5776759 -0.5256364 0.4056316 0.6232695 -0.4768488 -0.3868678 0.5498642 0.2824752 0.0847208 -0.0748411 -0.0519990 0.3749132 -0.3864596 0.0896005 0.4757998 -0.0938697 0.1789145 -0.0383381 0.0624803 0.0593203 -0.3529423 -0.1263769 0.5236379 0.1217789 0.2170295 -0.2158236 -0.5404665 0.0330777 -0.2846311 -0.4731212 -0.2478979 0.1187552 -0.2495566 -0.5884559 0.0241697 -0.1128854 0.0877765 -0.0828054 -0.1379704 -0.0018140 0.1331403 0.2174470 0.4901531 0.5399028 0.7753760 0.6584275 0.7129728 0.4539456 0.7142602 0.4846616 0.1927843 0.4629132 0.4426036 0.2048078 -0.2167111 0.5773289 0.2838611 0.0803953 0.6060443 0.5565451 0.3862459 0.5663685 0.5427086 0.3197546 0.2541973 0.2764198 0.1405568 0.4643582 0.5158258 0.0434028 0.7010245 0.3052300 0.0510294 0.5050599 0.0974662 0.2266955 0.3627505 0.2145988 0.3947299 0.3968196 0.2661498 0.2166116 -0.0463816 0.3357105 0.0862770 -0.0638587 0.0365741 0.0525557
0.3124825 0.7561660 0.3721090 0.8032048 -0.0463358 0.7529154 0.6680448 0.0000000 0.5413169 0.8121050 0.8871387 0.6269067 0.6964852 0.6558681 0.5004890 0.8409864 0.8351466 0.2804642 0.6703574 -0.1796287 0.5789657 0.7385815 0.6421519 0.4826947 0.7048912 0.6231565 0.3954127 0.3211860 0.6895066 0.6531005 0.5072762 0.4333842 0.2673922 0.6213500 0.7444278 0.5807044 0.7753367 0.6584489 0.4926556 0.2217726 0.6885019 0.5601196 0.8151407 0.0891013 0.7667168 0.6773828 0.7098028 0.7821099 0.3991414 0.7286878 0.7932727 0.3340065 0.7059324 0.2117949 0.7200076 0.7168804 0.7354077 0.3761535 -0.1377678 0.8057908 0.7033189 0.6888860 0.6692452 0.7920303 0.7460412 0.5122429 0.7904285 0.7038401 0.6373406 0.7749908 0.6714460 0.8023184 0.7606392 0.8566880 0.6664558 0.8690322 0.7603171 0.7493855 0.7960097 0.7402804 0.5285099 0.1463948 0.0448747 0.6200724 0.4105362 0.0901042 -0.1939973 -0.1967752 0.1595543 -0.2001602 0.2059471 -0.3752231 0.0465078 -0.0547415 -0.0899791 -0.2037863 -0.3617426 -0.1042900 -0.0678020 0.1856111 -0.3906207 0.0178476 0.1369227 -0.2989573 0.0294860 -0.0232512 0.4158244 0.3088282 0.2751310 0.4009832 0.0722854 0.3003865 0.4728072 0.4165298 0.2796211 0.2224485 0.2106877 0.3066461 0.1869963 0.1779058 0.0392135 0.2405615 0.2015524 0.0102327 0.0518350 -0.1153617 0.2806865 -0.4234454 0.0852968 0.6457349 0.5497814 -0.4175422 0.5406601 0.6555639 -0.4112406 -0.3967918 0.4931010 0.1468238 -0.2125684 -0.0767426 -0.1661292 0.0989628 -0.5563568 -0.0206760 0.4344618 -0.3342557 0.0336761 -0.2262052 -0.1491236 0.0887582 -0.2590613 0.0503684 0.3565991 -0.0604306 0.3511354 -0.2895547 -0.6571949 0.0032716 -0.6732941 -0.4417306 -0.1425966 0.1392812 -0.1981962 -0.5220887 0.0704635 0.0266007 0.0182103 -0.3432096 -0.2022245 0.0189415 -0.0457656 -0.0019676 0.4044331 0.3768048 0.5464587 0.4258187 0.5199354 0.1272565 0.5320630 0.1177636 0.1129110 0.2681098 0.2387568 -0.0028140 -0.4066233 0.8717245 0.2924321 0.2471964 0.5706438 0.6454091 0.0298112 0.6480651 0.5421118 0.0248421 -0.0518241 0.0713478 -0.2221234 0.4061977 0.4494217 -0.3323892 0.5470787 -0.0818216 -0.0153474 0.4058305 -0.1914446 0.0812871 -0.0784180 -0.0953122 0.0689861 0.1190887 0.2933379 0.0435635 -0.2666689 0.1101841 -0.2560012 -0.4006861 -0.0516805 0.0701486
0.1474518 0.6538326 0.0520911 0.6795767 -0.2467128 0.7604322 0.5484257 0.5413169 0.0000000 0.7528383 0.4285729 0.8054025 0.3025156 0.6581251 0.5755719 0.3506807 0.2651390 0.3785682 0.5561824 -0.3790314 0.7672414 0.4838005 0.1234945 0.8116275 0.4713073 0.1897125 0.4172337 0.4668994 0.8200357 0.6144937 0.2489913 0.1197159 0.6937867 0.8244210 0.2276015 0.6918390 0.4246252 0.4652002 0.4838246 0.5652749 0.2723731 0.4534191 0.4342534 0.5162673 0.6620350 0.6864522 0.6485935 0.5046973 0.6624583 0.6100658 0.4987515 0.5391609 0.7926288 0.5597683 0.4565650 0.6559068 0.5920435 0.5933104 -0.1558087 0.5960435 0.6408715 0.5361916 0.4867842 0.5698240 0.7887640 0.2586729 0.4333146 0.2642003 0.6347242 0.2829159 0.2642427 0.6792005 0.1304741 0.6873720 0.3946811 0.4724105 0.6948533 0.3956807 0.6350726 0.6997319 0.5224510 -0.2740677 -0.1989200 0.3069543 0.3445056 0.4037055 0.0482169 -0.5433587 0.4337465 -0.0544555 0.5272576 -0.1642036 -0.1811965 0.2238495 0.0255404 -0.0379313 -0.2668424 -0.3896662 0.0801339 0.2259310 -0.2060041 0.0198392 0.1071329 0.1006827 -0.0284849 -0.1616499 0.3842293 0.3645447 0.2233086 0.2498174 -0.0702689 0.1442807 0.2241060 0.2997883 0.0579388 0.1222829 0.2165151 0.4831634 0.1460653 0.3288170 0.1307608 0.2335712 0.0804484 -0.2478211 -0.0053235 0.3569728 0.3134750 -0.3650945 -0.2145375 0.5351023 0.1272283 -0.5187384 0.4187632 0.6397510 -0.6140387 -0.4389412 0.3885419 -0.1373058 -0.2693731 -0.4812132 -0.1308667 -0.0720216 -0.2925720 -0.0790280 -0.0457298 -0.3585130 -0.2890418 -0.4512652 0.0471719 -0.1962262 -0.5652564 -0.4654381 0.0217224 0.0248020 0.1781773 -0.4919463 -0.4586643 -0.4755096 -0.2538991 -0.6724327 -0.4420427 -0.1245113 -0.4278443 -0.4060134 -0.2524346 -0.3755271 -0.1008134 -0.0091546 0.1653864 -0.0119798 -0.1473885 0.1710325 0.3473454 0.2271761 0.5959083 0.5071097 0.6168943 0.2743711 0.7367081 -0.0464137 -0.1161263 0.0774019 0.0792873 -0.1670248 -0.2737467 0.6472503 0.1841926 0.1962272 0.6983243 0.7084553 0.0981691 0.6742501 0.6691372 0.1849091 0.3053390 0.5121609 0.3948903 0.6017817 0.5002761 0.2372188 0.4197822 -0.3192890 -0.4055353 0.2451174 -0.3819083 0.1269030 -0.2326801 -0.0173402 -0.2021068 -0.0222134 -0.2597547 -0.0139108 -0.2557018 0.5228009 0.0554047 -0.6089897 0.0548524 0.1223594
0.0956022 0.7980318 0.1102450 0.8733043 -0.2518866 0.8714337 0.4852465 0.8121050 0.7528383 0.0000000 0.7707883 0.6214118 0.4629411 0.8294342 0.3797630 0.6034929 0.5768118 0.5202994 0.5512261 -0.2898758 0.6627603 0.5536703 0.4478339 0.8110590 0.5340389 0.3968419 0.5156412 0.5012300 0.8165421 0.8346402 0.2499368 0.1867438 0.6569202 0.8733120 0.5892017 0.6530267 0.5808650 0.5123564 0.6882624 0.5469830 0.3475343 0.4833678 0.8059334 0.4817333 0.7162640 0.7048707 0.7569097 0.5944337 0.7783118 0.6394296 0.7886023 0.6259106 0.8850196 0.5946973 0.5690829 0.6692558 0.6752654 0.7265021 -0.3586129 0.7959425 0.6461732 0.7980538 0.5232935 0.8801484 0.8743489 0.2421705 0.6632255 0.6838186 0.5888885 0.6431726 0.4200816 0.8825376 0.5141920 0.8601803 0.4492998 0.7498448 0.7681905 0.5354641 0.7837108 0.6632769 0.4891978 -0.0710557 -0.0998592 0.3865427 0.3109901 0.1143976 -0.0431200 -0.4183251 0.1848600 -0.2919453 0.2675945 -0.3916936 -0.1830165 0.0172083 -0.0359625 -0.2913724 -0.5122933 -0.3147326 -0.0014813 0.1811009 -0.3163948 -0.1099860 0.0436966 -0.0530682 -0.0813646 -0.0984073 0.2984020 0.3010220 0.1909876 0.3849710 -0.0398102 0.0935869 0.3763459 0.3835329 0.2966266 0.2891366 0.3429399 0.5388291 0.3275650 0.2728914 0.1408378 0.3667542 0.2401977 -0.1737914 0.1477524 -0.0164301 0.3824751 -0.2910611 -0.2397570 0.6014472 0.3032177 -0.4547732 0.6387949 0.6837635 -0.4129817 -0.4313229 0.4582428 -0.2205592 -0.3614219 -0.4406926 -0.0062103 -0.1048746 -0.5419538 -0.0962018 0.1947484 -0.4391839 -0.2258609 -0.4075350 0.0440654 -0.1784782 -0.5583160 -0.1291813 0.1222803 0.0695500 0.0427598 -0.4740443 -0.6570343 -0.2573938 -0.7024146 -0.7470238 -0.4494468 -0.0479570 -0.3312619 -0.6096123 -0.1177136 -0.0791300 0.0737317 -0.2884616 -0.0198757 0.0812720 -0.0088059 0.1919407 0.2513336 0.3180544 0.5542709 0.4490971 0.5176395 0.0292543 0.5982837 -0.0731426 -0.1916581 0.0457928 0.0082619 -0.2848271 -0.5577722 0.7571858 0.1517881 0.1908760 0.6696785 0.7301130 -0.0371129 0.6891391 0.6656818 0.0483949 0.0152228 0.1773726 -0.0184529 0.5302068 0.4110774 -0.2645358 0.4267876 -0.2923722 -0.3966061 0.1950713 -0.4891194 -0.0353339 -0.4761559 -0.2509841 -0.1314834 -0.0289600 -0.1518036 -0.1146950 -0.4320741 0.1350099 -0.3963962 -0.6132108 -0.0657748 -0.0041180
0.2789322 0.5783603 0.3693119 0.6878560 0.0309045 0.5352858 0.3645664 0.8871387 0.4285729 0.7707883 0.0000000 0.3873765 0.6645510 0.5155446 0.5039927 0.8226964 0.7871800 0.0419666 0.5225719 -0.0375426 0.3066356 0.4552735 0.7074268 0.3405627 0.5411942 0.6959174 0.3023707 0.2497091 0.4732994 0.6065689 0.3401361 0.4242333 0.1276842 0.4657539 0.8146487 0.3382702 0.7364009 0.4841904 0.4044429 0.0644824 0.5342333 0.2966305 0.7645401 -0.0761134 0.5307459 0.4983447 0.5849373 0.5832207 0.3038993 0.4955883 0.7483705 0.1729829 0.5425811 0.0820400 0.5262754 0.5039000 0.5413340 0.3126242 -0.1251474 0.6534177 0.4048235 0.5723575 0.5513969 0.7495291 0.5698205 0.3937068 0.6425034 0.6894126 0.4740863 0.7623265 0.5254706 0.6833147 0.6895391 0.7008754 0.5505398 0.7774276 0.5683139 0.6458117 0.6214181 0.5578035 0.3809835 0.1641487 -0.0359572 0.4793631 0.0903421 -0.1359871 -0.3654218 -0.0257936 -0.1704877 -0.4041632 -0.1266025 -0.3832194 -0.1989376 -0.0797627 -0.4165804 -0.5049311 -0.5202373 -0.2557963 -0.4168263 -0.0487423 -0.5784675 -0.1061954 0.0794136 -0.3667879 -0.2574562 -0.3404106 0.1832441 0.1095755 0.0068613 0.1617223 -0.2941816 0.1354016 0.2710962 0.4750974 0.3845350 0.3442296 0.3781765 0.4023273 0.1746352 0.0193192 0.0813653 0.3197586 0.3271677 -0.1972552 -0.0699374 -0.3476303 0.4054449 -0.1960267 -0.0159860 0.4870535 0.3926057 -0.1961062 0.5648955 0.3870384 -0.2563019 -0.2472867 0.2820090 0.0647069 -0.1912123 -0.1167936 -0.1805124 -0.1110644 -0.4735378 -0.1888586 0.2977144 -0.3092044 0.0335007 -0.2112853 -0.2733649 0.0385988 -0.1107397 0.0933649 0.1881388 -0.1178552 0.4095049 -0.2396758 -0.5164139 -0.0340030 -0.6320310 -0.2706744 0.0597258 0.1052405 -0.0663327 -0.4114191 0.1423344 0.0870102 0.0070747 -0.4877149 -0.2987682 0.0626890 -0.1487753 -0.1951135 0.2067703 0.1351154 0.2851153 0.1314223 0.2231602 0.0617498 0.2432643 0.0132260 0.0404819 0.0483939 0.0602179 -0.1317597 -0.3163591 0.7433044 0.2804244 0.2871397 0.3156209 0.4725920 -0.2758655 0.4272683 0.3078874 -0.2457014 -0.3293942 -0.1749736 -0.4765058 0.1276792 0.1962817 -0.5583936 0.3171871 -0.3354213 -0.1114584 0.1301830 -0.0934182 0.0445598 -0.3601855 -0.3263432 -0.0720365 -0.1884607 0.2214392 -0.2100207 -0.1305822 -0.0868970 -0.4138236 -0.3688682 -0.0198737 0.2421870
0.3783431 0.7797351 0.2007734 0.7351776 -0.2743096 0.8177619 0.8001251 0.6269067 0.8054025 0.6214118 0.3873765 0.0000000 0.2416857 0.6060616 0.6757126 0.3099198 0.3452361 0.4137019 0.3674941 -0.4555663 0.9194299 0.4667907 0.0753361 0.7336394 0.3424098 0.1006041 0.3066406 0.4859969 0.8750462 0.5381020 0.1881830 0.0117295 0.5765803 0.7618773 0.2413318 0.8688518 0.4341370 0.3001288 0.5000558 0.4791769 0.2983711 0.7316539 0.5116410 0.4075372 0.7902454 0.5844596 0.5972177 0.4663927 0.5263434 0.5524280 0.4882840 0.4798343 0.7706025 0.4112288 0.3810720 0.6107541 0.6003882 0.4462010 -0.1072750 0.6165449 0.8412054 0.5014522 0.3484141 0.5609752 0.7746006 0.2877267 0.5134708 0.2831879 0.4710248 0.3228330 0.3536578 0.6838616 0.3165365 0.6702996 0.3531272 0.5166350 0.7141946 0.4157421 0.5756117 0.6401913 0.3189440 -0.1963017 -0.0801795 0.5077734 0.5553729 0.5132007 0.1012879 -0.4618827 0.4758420 -0.0602849 0.6096836 -0.1064542 0.0931699 0.2393339 0.0271860 -0.0270950 -0.1137532 -0.1469872 0.0496728 0.2936455 -0.1748455 0.2617629 0.2483284 0.0486598 0.1330378 -0.0159825 0.5339653 0.5014821 0.4035340 0.4547312 0.1674777 0.4148643 0.3348906 0.1726243 -0.0036905 -0.0620289 -0.0324067 0.2933619 0.0200712 0.3705438 -0.0098706 0.0188299 0.1252909 0.0406278 0.1748922 0.3438687 0.0254944 -0.4505038 -0.1497755 0.6561050 0.3967903 -0.6111675 0.3629246 0.7288262 -0.6386065 -0.4986391 0.5886641 -0.0300619 -0.1249901 -0.3859783 -0.1102826 0.1394599 -0.4577517 -0.0483818 0.2181786 -0.2236563 -0.0113215 -0.1674572 0.0725879 0.0319364 -0.4736522 -0.3873225 0.3591190 0.1329581 0.2210529 -0.3802829 -0.4689867 -0.0683484 -0.3428276 -0.5664165 -0.2244030 0.2278945 -0.3614387 -0.4677923 0.0541588 -0.2508596 0.0956208 -0.0346947 0.0825263 0.1929248 0.1524188 0.3283501 0.4809560 0.5514524 0.8380626 0.7922600 0.8837992 0.4209055 0.9147752 0.2477893 0.0689209 0.3934593 0.4258058 0.1294912 -0.2906316 0.6701432 0.1491517 -0.0372145 0.7926358 0.7517181 0.3719978 0.7038844 0.7216885 0.4481948 0.4505364 0.5514507 0.4197980 0.6799879 0.5679802 0.1503013 0.6883110 -0.0225795 -0.0953954 0.5854683 -0.1673496 -0.0831830 -0.0399859 0.2665783 0.1116301 0.1083697 0.0247559 0.0717411 -0.3115656 0.4349613 0.1014891 -0.3141599 -0.0494514 -0.0053354
0.3153484 0.2998049 0.7371816 0.3319406 0.5773647 0.2991914 0.4321352 0.6964852 0.3025156 0.4629411 0.6645510 0.2416857 0.0000000 0.2958445 0.4432429 0.6092161 0.8221199 -0.1164176 0.4888744 0.4530175 0.0775647 0.5656585 0.8195796 0.0351019 0.5472862 0.5922467 0.2349492 0.0130461 0.2027372 0.3645312 0.6527297 0.8189789 -0.1567442 0.1346688 0.7221743 0.2249205 0.6344502 0.7018547 0.0966255 -0.2079878 0.7874601 0.3015460 0.5490496 -0.3584944 0.3486217 0.3738763 0.3630829 0.7643612 -0.0673036 0.4464121 0.4811849 -0.1025214 0.1934603 -0.2684908 0.6511752 0.4140177 0.4337659 -0.1165914 0.4391527 0.3890414 0.3662233 0.2040653 0.6989656 0.3636969 0.2894589 0.6731921 0.3070126 0.3116474 0.5033094 0.4241674 0.4169124 0.2882834 0.3410351 0.4653979 0.4914547 0.4147424 0.2313316 0.3682968 0.3510026 0.4259380 0.3858937 0.3581376 0.0872848 0.4606288 0.1990201 -0.2169860 -0.3477679 0.0464131 -0.1561001 -0.0826520 0.0372017 0.0466802 0.1199955 -0.0329301 -0.1517713 -0.0652315 -0.2657725 -0.0188448 -0.0142137 0.0694591 -0.1869905 -0.0700305 0.0130686 -0.2600907 -0.0459915 0.0514605 -0.0114162 0.0428103 -0.2312997 0.1273464 -0.0814804 0.0500342 0.1418152 0.3629196 0.3074625 0.2239926 0.2964000 0.3370997 0.1659498 0.1630832 0.2999165 0.4150632 0.1802632 -0.0711564 0.0837154 -0.1943363 0.3888733 -0.1210203 0.3937509 0.1979744 0.5471963 0.1542640 0.3058661 0.0853704 0.0509060 0.0225148 0.0592471 0.4683098 0.1610976 0.1479181 -0.0400487 0.0253142 -0.0255245 -0.0944169 0.3178645 -0.0937117 0.2820810 -0.0207331 -0.2611303 0.0676031 0.0445081 0.1821712 0.3358161 -0.0584836 0.3197917 0.0065773 -0.2777785 0.0683095 -0.3023750 -0.0353673 0.0494251 -0.0502624 0.0868078 -0.2067146 0.0563640 0.1264390 -0.0562116 -0.4251681 -0.3947035 -0.2002548 -0.2559354 -0.3837226 0.2039093 -0.1371085 0.0889535 -0.0748529 0.0200835 0.3380805 0.0640771 0.2224170 0.3313969 0.1154210 0.2517464 0.1727903 0.2532695 0.6796298 0.7198752 0.6957244 -0.0002301 0.0588170 -0.1519610 0.0781002 -0.0428231 -0.3765015 -0.4045428 -0.2621002 -0.4375657 -0.1511042 0.0518682 -0.2424839 0.1487808 -0.0080989 0.0530583 -0.1369300 0.2001228 0.4671731 0.0833826 -0.3016092 0.1480497 -0.0551993 0.3150385 -0.1461490 0.3657632 0.1202101 -0.1377397 -0.1630285 0.0597444 0.1433326
-0.0064108 0.6964059 -0.0899419 0.7415797 -0.3976690 0.7939319 0.4235596 0.6558681 0.6581251 0.8294342 0.5155446 0.6060616 0.2958445 0.0000000 0.3456016 0.5327827 0.3960949 0.7997336 0.5057214 -0.4296273 0.6288431 0.5316548 0.2574492 0.8156097 0.4713726 0.2735829 0.2362544 0.7911327 0.7254481 0.7021888 0.2213199 0.0403648 0.7427401 0.8219941 0.3297761 0.5996604 0.4600482 0.4719123 0.7407800 0.7127289 0.3249275 0.5674804 0.6871721 0.6334755 0.7253607 0.6554669 0.6678888 0.5422135 0.7503288 0.6261831 0.6436086 0.7529914 0.8241603 0.6753941 0.5340177 0.6289397 0.6860767 0.7094169 -0.2967792 0.7384037 0.7102893 0.7860978 0.4110999 0.7519750 0.8622810 0.2347208 0.6337652 0.6739055 0.5340781 0.5869653 0.4921156 0.7797498 0.5106271 0.7777837 0.5071381 0.6946773 0.7134160 0.5143080 0.7833362 0.4992983 0.5411937 0.0004988 -0.0732766 0.2316160 0.3734821 0.2860484 0.1762023 -0.4505540 0.3902041 -0.0884934 0.3783296 -0.5082775 0.0394883 0.1219816 0.2815851 0.0194281 -0.2982400 -0.0859909 0.2966835 0.2932023 0.0017942 0.0722744 0.1370423 0.2065648 0.1559391 0.2795944 0.5220883 0.4917364 0.4539752 0.6127254 0.2867951 0.3128644 0.4904717 0.0886967 -0.0304331 -0.0071907 -0.0465959 0.1845544 0.0482178 0.1182378 -0.1081250 0.0282037 0.1714185 -0.0887914 0.0420253 0.0362420 0.0137415 -0.3478464 -0.2917814 0.4297736 0.0975635 -0.3987223 0.3551489 0.7009536 -0.3336996 -0.4913466 0.3665937 -0.3082800 -0.5811361 -0.3871339 -0.1220631 -0.1279123 -0.4668153 -0.0682602 -0.0683671 -0.5357305 -0.4090285 -0.5627764 -0.0661621 -0.2096381 -0.5297627 -0.1642315 -0.0070159 -0.1057586 -0.2328451 -0.3455587 -0.5911357 -0.3086573 -0.6868557 -0.6128109 -0.6069825 -0.0871907 -0.1878755 -0.3986199 -0.3145123 -0.0611051 -0.0563676 -0.2128386 0.0598688 -0.0094890 -0.0824492 0.1873739 0.2671210 0.3478177 0.4145018 0.3955623 0.4996730 -0.1255255 0.5593561 -0.1660504 -0.1183239 0.1401579 0.1437028 -0.1239663 -0.6183430 0.7009948 -0.0045336 0.0791513 0.6247963 0.6490636 0.1488735 0.6407874 0.6146513 0.2010214 0.1439312 0.3086905 0.1858724 0.5755795 0.3524618 -0.1193511 0.4739644 -0.0740927 -0.1257315 0.3609504 -0.5794193 -0.1507788 -0.3809482 0.0478672 -0.0618003 0.0740087 -0.1103099 0.0419971 -0.5225378 0.1975718 -0.2429008 -0.5465162 -0.0674230 -0.1869558
0.4733708 0.3723853 0.5154477 0.3617731 0.1999141 0.3034328 0.4524310 0.5004890 0.5755719 0.3797630 0.5039927 0.6757126 0.4432429 0.3456016 0.0000000 0.3513259 0.3408622 -0.1056860 0.2037261 -0.0171373 0.4270339 0.1215221 0.2401588 0.3011809 0.1929422 0.2507831 -0.1402793 0.3966495 0.4217230 0.2616793 0.2411674 0.2990524 0.1350117 0.3010362 0.3305170 0.5320728 0.4245978 0.2002191 0.1633881 0.0654861 0.3824828 0.5180209 0.3032277 -0.0691770 0.4852786 0.2270843 0.2604630 0.3445707 0.0775267 0.2370860 0.2475868 0.0492694 0.3170839 -0.0629811 0.2501815 0.2659864 0.2907930 0.0664998 0.3392523 0.2446980 0.5150393 0.1126603 0.3232946 0.2552934 0.3931747 0.3649758 0.2049377 0.1040428 0.2546996 0.1793099 0.2469120 0.2617398 0.1638829 0.3385439 0.2934823 0.3186938 0.2604748 0.2592317 0.2931733 0.3271279 0.1997411 0.0752794 -0.0636471 0.4230981 0.2496813 0.1954542 -0.2239885 -0.1877097 -0.0369527 -0.2517978 0.0418122 0.0382773 0.0033554 0.1199016 -0.4495563 -0.3066547 -0.1583510 -0.1662845 -0.3802907 -0.1411792 -0.4195946 0.2673749 0.3236484 -0.1402116 -0.2090058 -0.3545912 0.2702765 0.3320296 0.0379733 0.2622274 -0.2382349 0.4370701 0.0253324 0.2175244 0.0844314 -0.0378737 0.0165475 0.3135525 -0.2581229 0.1764805 0.0763237 0.0485029 0.2817020 -0.0915240 0.0518951 0.0652336 0.0501483 0.0025651 0.0113303 0.3129082 0.3255661 -0.0483186 0.1373883 0.1790631 -0.2978216 -0.0571101 0.2396325 0.1425297 0.1016046 -0.0095562 -0.1691328 0.1602942 -0.1361145 -0.0772273 0.0593739 0.0710107 0.2051911 0.0438238 -0.3594156 0.2693196 0.0911008 -0.1362154 0.3074277 -0.0474233 0.4843194 0.0182074 -0.1987621 0.0540234 -0.1892571 0.0105186 0.2491574 0.2655271 0.1255676 -0.1674705 0.1793186 -0.0075690 0.0296352 -0.3854529 -0.3179927 0.0646697 -0.1412932 -0.2627853 0.4273710 0.0068826 0.3216058 0.2104905 0.4058393 0.4516011 0.4568845 0.3470258 0.4031248 0.3920536 0.5133649 0.3908656 0.1858571 0.6546281 0.4502192 0.3008730 0.2081101 0.2552218 0.0733924 0.1795866 0.1123482 0.0670895 0.0290198 0.1489770 0.0025731 0.0651340 0.0464240 0.0070555 0.4141736 -0.1566768 0.2277135 0.2233010 0.1551856 0.1140855 -0.1956684 0.1067315 0.0022542 -0.2867095 0.3480950 -0.2404473 0.1407341 0.2642970 0.0379848 -0.0224456 -0.1550432 0.0308449
0.1776634 0.4747420 0.1254966 0.5597722 -0.0906230 0.4592854 0.3816373 0.8409864 0.3506807 0.6034929 0.8226964 0.3099198 0.6092161 0.5327827 0.3513259 0.0000000 0.7539881 0.1385550 0.8202543 -0.1740533 0.2919675 0.6951560 0.6938087 0.2337643 0.8227634 0.8070859 0.1509822 0.2246898 0.4168238 0.3908062 0.5335731 0.4839627 0.0705443 0.3840000 0.6718697 0.2081279 0.8225816 0.7359755 0.2851664 0.0982874 0.6940621 0.2489980 0.6287946 -0.0320383 0.5478297 0.6688040 0.6869903 0.7183039 0.2117370 0.7434271 0.7377717 0.1497049 0.4637950 0.0902317 0.7314775 0.7021142 0.7304691 0.2560194 -0.1544179 0.7235664 0.4120727 0.5884874 0.6494119 0.6194394 0.5123940 0.6027852 0.8014186 0.7314907 0.7227795 0.7864174 0.7944660 0.6295761 0.7591718 0.7147166 0.8635577 0.8489002 0.6488021 0.8494577 0.7882529 0.6684359 0.6859843 0.2128535 0.0205859 0.5439564 0.2070730 0.0143772 -0.1748638 -0.1168019 0.1125442 -0.0817530 0.0755897 -0.4771221 0.0256449 -0.0807079 0.0150471 -0.0381359 -0.2476463 -0.0397103 -0.0461306 0.1286924 -0.3324073 -0.0426609 0.1403314 -0.2472497 0.0628261 0.0310173 0.4181193 0.2581184 0.2973529 0.2897164 0.0354008 0.2495384 0.4452792 0.4620071 0.1896513 0.2211059 0.1697798 0.0869829 0.0727249 0.0317700 -0.0113642 0.1486295 0.1886689 0.0287107 -0.1957341 -0.1772950 0.2483236 -0.3450317 0.0638060 0.4082346 0.2266354 -0.2649859 0.3501909 0.4669737 -0.2980809 -0.2904715 0.2340847 0.0654045 -0.3719516 0.1751838 -0.2982702 0.0542183 -0.3482768 0.1294278 0.1550327 -0.3538062 -0.1914059 -0.4073281 -0.2938810 0.1722200 0.0317476 0.1635074 0.0542323 -0.3170874 0.3687573 -0.0940263 -0.5847873 -0.1815760 -0.5151418 -0.1497105 -0.0651964 0.0510833 -0.0660161 -0.2954741 -0.0546241 0.0544842 -0.2377074 -0.2891941 -0.1997644 -0.1642138 -0.2546962 -0.1987837 0.3944153 0.1503019 0.2401363 0.1032403 0.2080275 -0.1355024 0.2291112 -0.0850280 0.0267006 0.0858663 0.0174621 -0.1061784 -0.3984933 0.6900013 0.1561259 0.2704178 0.3485338 0.4664136 -0.0745117 0.5271633 0.3700680 -0.0865343 -0.1008496 0.0466527 -0.2383853 0.2703201 0.3616717 -0.2723948 0.4669835 -0.1491604 0.1398658 0.3168439 -0.1483363 0.2332216 -0.0286815 0.0147274 0.0350943 0.1154674 0.3185634 0.1996093 -0.2140804 0.1500781 -0.1015253 -0.3411334 0.0829857 0.1800515
0.3304150 0.4982916 0.4845810 0.5594971 0.2253453 0.4771358 0.4833969 0.8351466 0.2651390 0.5768118 0.7871800 0.3452361 0.8221199 0.3960949 0.3408622 0.7539881 0.0000000 0.0891033 0.4939635 0.1203480 0.2933963 0.5552983 0.8507291 0.2099781 0.5465553 0.6332519 0.4207376 0.0828027 0.4066077 0.4768765 0.5159195 0.5273945 0.0328828 0.3486743 0.7875001 0.2708179 0.6606393 0.5634179 0.2098905 -0.0814632 0.6549326 0.3083931 0.6859300 -0.1772654 0.4774990 0.4593759 0.5301138 0.6433788 0.1538876 0.4733052 0.6626687 0.0156916 0.4120697 -0.0628176 0.5402925 0.4856554 0.5101679 0.1358262 0.1027773 0.5833285 0.4380396 0.4489283 0.5659819 0.6387161 0.4594440 0.5233765 0.5292298 0.6040719 0.4639478 0.6854541 0.4877477 0.5597769 0.5773084 0.6371378 0.5594960 0.6542374 0.4464821 0.4919649 0.5440633 0.5122928 0.3605052 0.1494922 0.0562003 0.5698177 0.2114042 -0.1391201 -0.1935241 -0.0497751 -0.0743513 -0.1548524 0.1119605 -0.0284393 0.0201123 -0.1830300 -0.1314446 -0.0910124 -0.3196522 -0.1311515 -0.0748394 -0.0572436 -0.2678167 -0.1129329 0.0255348 -0.2625438 0.0050897 0.0972406 0.0872005 0.0511635 -0.0638446 0.1882554 -0.0473623 0.1412492 0.1698040 0.2769750 0.1867792 0.0975114 0.1796297 0.2971271 0.1282295 0.1329443 0.1164350 0.2756679 0.0617760 0.0160613 0.0502175 -0.1551918 0.1677526 -0.2753658 0.1505546 0.2724207 0.4677201 -0.0535104 0.3032231 0.2915290 -0.0795040 -0.0919755 0.2499146 0.2732843 0.0126063 0.0955944 -0.0936637 0.0231384 -0.3279618 0.0368571 0.4639350 -0.1249907 0.2115607 -0.0277431 -0.1906917 0.1430236 -0.0099063 0.3276071 0.3630271 -0.0015885 0.2701765 0.0669319 -0.4642818 0.2356894 -0.5549105 -0.1092613 0.0970283 0.0976584 0.0246773 -0.3368337 0.2186508 0.2225968 0.0777414 -0.4312283 -0.3381762 -0.0204561 -0.0433395 -0.1843417 0.3402150 0.1875839 0.3354775 0.2011183 0.2408543 0.1799609 0.2496813 0.0315994 0.0818341 0.0437142 0.1093766 -0.0034610 -0.0834757 0.6782162 0.4119069 0.3574855 0.2290244 0.2986669 -0.0887802 0.2980788 0.2009115 -0.1447813 -0.2061416 -0.0432278 -0.3512719 0.1163850 0.2261120 -0.3071994 0.3669234 -0.0528305 0.0932060 0.1409032 0.1396673 0.1706470 -0.0419072 -0.1115870 0.2814723 0.0486119 0.3235692 0.0355291 0.0675711 0.1263277 -0.1934558 -0.2548739 0.0948312 0.2380726
