0.0000000 0.5248353 0.3817203 0.2490668 0.2643980 0.1603509 0.2113523 0.4085903 -0.1002308 -0.2533518 0.0692133 0.2277476 0.4152291 -0.1643811 0.1606050 0.0785846 0.0109080 0.0892045 0.0021382 0.2879706 0.0939329 0.4017115 0.1311552 -0.1689421 -0.1962328 0.2419142 0.5469811 -0.2240492 0.2308272 0.1009288 0.5255412 0.1729467 -0.3846971 -0.1285731 0.1659940 0.4392868 0.2004727 0.4313182 -0.1744197 -0.2706413 0.4013131 0.5526489 0.0788287 -0.3286758 0.3705197 0.0898187 0.0643672 0.4198777 -0.3158632 0.4875366 0.1077491 -0.2515471 0.0970490 -0.2356882 0.2004496 0.0733396 0.0887694 0.0436973 0.6946228 -0.0226088 0.6596245 0.0614745 0.2082884 0.1936085 0.2771429 0.3191833 0.0154631 -0.0347045 0.2276015 0.4031941 -0.0724828 0.2873539 -0.0425957 0.2597730 0.3416890 0.0716318 0.2587514 0.1931378 0.0467693 -0.0121545 0.3549632 0.2790825 0.4572075 0.1348300 0.0949116 0.3663363 0.4817597 0.2072798 0.3830158 0.1652801 0.5790021 0.2406894 0.1486822 0.3669652 0.4678233 0.0658896 -0.0680608 0.1352537 0.2960769 0.1669672 0.5342396 0.0682940 -0.2587566 0.3977813 0.1675947 0.4484127 -0.0424745 -0.2036528 0.3233908 -0.2317159 0.4008425 0.1363571 -0.2473994 -0.1533688 -0.0372957 -0.3523453 -0.1653578 -0.1854224 -0.3296781 -0.0726432 -0.0244874 0.1545626 0.4625993 -0.2142832 -0.2048596 0.1678933 0.0237425 0.4405868 -0.0335971 0.3011451 -0.1038685 0.4626464 -0.0916241 0.2367673 0.4772599 0.5047614 0.0169005 0.0964721 0.1153331 0.3215513 0.2684798 0.2740102 0.4360479 0.2880451 -0.1440378 0.1465467 0.2262094 0.3331009 0.2046535 0.3098879 0.2486620 0.2171584 0.2125413 -0.1548897 0.3025756 0.4360878 0.4026158 0.2522155 0.3983568 0.3729687 0.1503013 0.2484790 0.5804784 0.4218412 0.0660563 0.3746689 0.1937199 -0.0613568 0.3127725 0.2908165 0.3921603 -0.0089296 0.7369488 0.5078554 0.2698236 0.0888002 -0.0042278 -0.2611011 0.0545192 0.3215493 0.0050402 0.3603767 0.6889707 0.5679770 0.4720215 0.3441560 0.3803516 0.1719286 0.1912312 0.1252714 -0.0351211 0.1064376 0.0821651 -0.2486538 0.1037117 -0.0392230 0.0191557 0.4684366 0.3922289 0.2198247 0.4619295 -0.1739370 0.2698134 0.0451828 0.2794047 0.3555969 0.3897719 0.0598757 0.2474542 0.2619920 0.0100988 0.4398845 0.3601661 0.4526863 0.6326773 0.4383013 0.3301804 0.2928915
0.5248353 0.0000000 0.5608566 0.7205955 0.2539804 0.6378749 0.7022331 0.5226288 0.2960908 0.3384426 0.5979438 0.6144404 0.4745900 0.2580289 0.4841000 0.2528752 0.4290681 0.2418402 0.1218436 0.3607635 0.4452724 0.5223297 0.3882675 0.3798778 0.0403914 0.2470594 0.4370085 0.2565103 0.6763511 0.4011301 0.5691820 0.4826113 0.1659020 0.4227672 0.2888757 0.5117254 0.3450268 0.6854562 0.2049836 0.1505793 0.7041031 0.3722525 0.1489666 0.1704295 -0.0549574 0.2883213 0.3077806 0.7575207 0.3044051 0.3807215 0.3494867 0.1290247 0.5259397 0.1240487 0.3130103 0.2725262 0.2844805 0.2559389 0.4233455 0.3050003 0.4269934 0.3453458 0.1980411 0.6115510 0.4464464 0.3412301 0.2834756 0.1693080 0.2930159 0.4797873 0.1588931 0.3993518 0.2395545 0.4333272 0.3691068 0.4748205 0.3641785 0.2527433 0.3379680 0.2600372 0.1668427 0.1162180 0.3116987 0.0044923 0.2326161 0.2785549 0.3903220 0.0634575 0.3407131 0.3500469 0.5230258 0.2051505 0.1678746 0.1825329 0.5794469 0.4621051 0.1427155 0.2223303 0.3545911 0.0599450 0.3490688 0.1372670 -0.1489313 0.1496030 0.3282125 0.6117487 0.0330480 -0.0625058 0.4395130 -0.1578732 0.2365584 -0.0830858 -0.2275638 -0.2963175 -0.3202944 -0.1530080 0.1150078 -0.2249177 -0.2167236 0.2060204 0.1505369 0.1841225 0.4358691 -0.1431819 0.1154071 0.1734080 0.2502419 0.2504152 0.1795995 0.4557719 0.1476346 0.1543376 0.0067212 0.6050643 0.2551816 0.3870405 0.3247566 0.3778130 0.3906855 0.1588631 0.0381045 0.3057531 0.2909821 0.4535863 0.2192692 0.1063186 0.4758378 0.5550932 -0.0870487 0.3219538 0.1293973 0.2419518 0.3132524 -0.3114782 0.3632752 0.2371354 0.1609354 0.2819972 -0.0533521 0.2647259 0.0562999 0.2099302 0.1850901 0.1681743 0.1048571 0.0915432 -0.1074111 -0.4309549 0.0648398 0.1187680 0.0235948 -0.2674348 0.4460465 0.5312373 0.6801393 0.7550741 0.4028519 0.0113256 0.3001851 0.1699125 -0.0139533 0.2165389 0.2972063 0.2937500 0.3220275 0.3105106 0.3380505 0.1106983 0.1859831 0.1480575 -0.1532029 0.3070005 0.2123960 -0.1038371 -0.0073634 0.1712675 -0.0397673 0.2391341 0.2835638 0.1575131 0.5570141 0.2197027 0.4256499 0.0698501 0.1512017 0.2421132 0.3202755 0.0018987 0.4093134 0.3276856 0.4325381 0.5300240 0.1132734 0.1971264 0.5967699 0.1088525 0.6415705 0.7158542
0.3817203 0.5608566 0.0000000 0.1178714 0.7880510 -0.1200348 0.0726870 0.1505099 -0.4590027 -0.2698394 0.0340769 -0.1390203 0.4841274 -0.3794139 -0.3420549 0.3445841 -0.0029944 -0.4943409 0.1596862 0.4611200 -0.0311318 0.1482630 0.4317291 -0.4121263 -0.1372438 0.2591076 0.0343428 -0.4377517 0.1361802 -0.3024612 0.2942727 0.2297756 -0.4105010 -0.2020106 0.3793246 0.2280520 0.0233942 0.2792785 -0.2489940 -0.2372360 0.6155630 0.4424017 0.3345238 -0.4813747 0.0544073 -0.2431156 -0.1897593 0.6556903 -0.2916376 -0.0193228 0.0289706 -0.0669590 -0.1491694 -0.0959125 -0.1359931 -0.1607165 -0.1846779 0.0156505 0.1748737 -0.0942340 0.2489910 0.0401899 0.0436220 0.1072482 -0.1746220 -0.0953040 -0.1037796 0.4059471 0.0779534 0.4813961 -0.1261557 -0.1093173 0.3177464 -0.1746257 -0.1194878 0.1794437 -0.1289802 -0.1712779 -0.2035525 0.1352726 -0.3141845 -0.0682023 0.3812153 -0.0244573 0.3931992 0.3045313 0.1225080 0.1999777 0.0574957 0.5239894 -0.0532331 -0.1445877 0.0807005 0.3182182 0.0313010 -0.1986229 0.2445340 0.3056430 0.2283808 0.3523517 0.4943681 0.1731499 0.2482070 0.1030283 0.1427020 0.3718164 0.1465342 0.1919790 0.2558013 -0.0846054 0.3599614 0.0485361 -0.0678583 -0.1288595 -0.3464962 -0.0205876 0.1987355 0.0095135 0.0642705 0.2604037 0.3515148 0.3963397 0.3714109 0.1579824 0.2816809 0.2630609 0.2571753 0.4366213 0.2023950 0.4369563 0.1904768 0.4403024 0.0946951 0.3926394 0.2919072 0.4384985 0.3047331 0.3416891 0.2354242 0.3664078 0.3436403 0.4327875 0.2954639 0.5412592 0.3119458 0.3249126 0.4266443 0.5135943 0.2112259 0.4914426 0.3772516 0.4022896 0.3511948 0.1931898 0.5087473 0.3783967 0.1966634 0.4713732 0.0792564 0.3685359 0.3911520 0.2991496 0.3463739 0.1163979 0.3098993 0.2979226 0.2593815 0.0711336 0.0207478 0.1603474 0.3383122 -0.1074760 0.1741325 0.0669153 0.1320821 0.2387481 -0.1434885 0.0276256 -0.1842616 -0.1290752 -0.2009175 -0.0266960 0.2223599 0.0120656 0.0563205 -0.2380074 0.1953577 -0.3158392 -0.3868114 -0.4515224 -0.4141936 -0.1999460 -0.1702842 -0.4864027 -0.0506296 -0.0407718 -0.2787189 -0.2064499 0.1651017 0.2859028 0.0953763 0.1987151 0.0782227 0.1458739 0.7103794 -0.0573626 0.5937022 0.4044112 0.1285003 0.0451050 0.2532325 0.3245485 0.5614313 0.4440407 0.6499053 0.2374790 0.0424285 0.3874096
0.2490668 0.7205955 0.1178714 0.0000000 -0.1681882 0.6244427 0.4626827 0.5712062 0.3771057 0.3999055 0.6420761 0.7249614 0.4608509 0.3092595 0.4655599 0.0535896 0.2821431 0.3216019 -0.0370407 0.3819610 0.5335919 0.4181663 0.2360971 0.6043785 -0.0030597 0.2267110 0.3213012 0.4419506 0.6594604 0.4586361 0.6697894 0.3624030 0.3807217 0.5067434 0.1585107 0.5576343 0.2949484 0.5902602 0.3027301 0.2791129 0.5781535 0.0778834 0.0460586 0.4012299 -0.2483598 0.5612658 0.4811143 0.5980588 0.4904967 0.5179182 0.4811568 0.2361359 0.6075339 0.3951264 0.4295231 0.4701474 0.4480719 0.2701978 0.2819656 0.4521758 0.4783236 0.4643640 0.4741486 0.6918735 0.6210722 0.5656370 0.4593916 0.0762572 0.4005020 0.4052416 0.3855134 0.5973430 0.1403619 0.6485639 0.5384278 0.5625658 0.5276514 0.3647007 0.4635540 0.2510969 0.3682528 0.1874630 0.1618289 0.1906703 0.0880703 0.3525976 0.5734325 0.0255680 0.4481293 0.2839697 0.6863525 0.4940063 0.4657451 0.0147050 0.6786594 0.7555202 0.3355918 0.2729305 0.6086374 -0.1331807 0.1941338 0.4099182 -0.0281743 -0.0892780 0.5468853 0.6202289 0.2706449 0.0587115 0.5586803 -0.1127588 0.3915453 0.1331536 -0.1409303 -0.3659485 -0.1979557 -0.2081900 -0.0650548 -0.2488649 -0.2690009 0.2313685 0.1120376 0.1109668 0.2331112 -0.3138601 0.3039218 0.0900154 0.4630035 0.0607517 0.3538311 0.5110327 0.3930297 -0.0212642 0.2610690 0.5503947 0.3289473 0.2708642 0.4328206 0.4327437 0.5491554 0.0313397 -0.1174864 0.2581996 0.3154016 0.2218979 0.3198104 -0.0507790 0.4760770 0.4988962 0.0328149 0.2114126 -0.0416345 0.1334092 0.3165136 -0.4499316 0.2476955 0.0066935 0.1125348 0.2109955 0.0262534 0.1267625 -0.0089951 0.1768063 0.0851514 0.1139041 0.0905500 0.0220411 -0.2706032 -0.3840689 0.2201439 0.0704768 -0.1594343 -0.2408522 0.4117618 0.4822544 0.6238828 0.6750510 0.4862229 -0.0663904 0.3531996 0.0416658 -0.0424446 0.1331409 0.1243904 0.2460569 0.3408686 0.6024461 0.3326701 0.3945927 0.3951206 0.3306810 0.0867342 0.3493972 0.0936912 0.0061104 -0.0126764 0.0198461 -0.1089186 0.2317503 0.0513812 -0.0156091 0.5567696 0.1324109 0.6000246 -0.1013929 -0.2913152 0.1213428 0.1707659 -0.1053774 0.4867572 0.2108519 0.6099702 0.2614442 -0.2001727 -0.0902244 0.4044330 0.1155932 0.4701159 0.3274517
0.2643980 0.2539804 0.7880510 -0.1681882 0.0000000 -0.3458681 -0.1093707 -0.1188215 -0.4362013 -0.3075790 -0.1158770 -0.3605396 0.4797471 -0.4165151 -0.4582016 0.2046305 -0.0111730 -0.5774571 0.0963162 0.4642607 -0.3123055 0.0077317 0.3329653 -0.5843673 -0.1762574 0.0181648 -0.0815849 -0.5254996 -0.0113303 -0.4205171 0.2235157 0.3176443 -0.5041074 -0.3151316 0.2233841 0.1137260 -0.0837168 0.0788708 -0.1972869 -0.3183709 0.5786983 0.5307759 0.3827883 -0.5763114 0.0268632 -0.4820237 -0.2919290 0.5657830 -0.4775286 -0.2759135 -0.0492659 -0.0814322 -0.3323858 -0.3139348 -0.2660484 -0.3124321 -0.2279008 -0.1417442 0.2085167 -0.1840679 0.2063313 0.0374496 0.0287833 -0.1885441 -0.3868592 -0.0565111 -0.1375875 0.4569218 -0.0231092 0.3250103 -0.1190139 -0.3294103 0.4188428 -0.3226293 -0.1164654 -0.0836515 -0.2961351 -0.2196849 -0.3492866 0.1753035 -0.3248007 -0.3604957 -0.0303619 -0.1040909 0.3299188 -0.0151568 -0.2920637 -0.0012923 -0.1092129 0.5181385 -0.1801130 -0.3884495 -0.2172193 0.1844285 0.0418464 -0.2598443 0.1021567 -0.0951454 0.1672025 0.2889345 0.5051629 -0.1379868 0.0817810 0.0040708 -0.0976436 0.1416564 -0.0900602 -0.0462650 -0.0115493 -0.2198772 0.2871707 -0.2357122 -0.2027472 -0.1922912 -0.3944723 -0.0322335 0.2091602 0.0387756 0.0964127 0.1001026 0.2111087 0.2453003 0.2013841 0.1439798 0.1063609 0.1632482 -0.0311056 0.2881298 0.0944882 0.1665493 0.0331014 0.3977282 -0.0238945 0.2622995 0.3657619 0.2583115 0.1440272 0.1888463 0.0323600 0.5178128 0.5581235 0.5192864 0.1858161 0.5251115 0.1583292 0.1812938 0.2363917 0.2581812 0.3462081 0.5989893 0.4761162 0.4201435 0.2321842 0.4548525 0.1948615 0.5672024 0.1479638 0.2861092 0.1517773 0.4150214 0.3097687 0.1758209 0.4869023 0.0874268 0.1048947 0.2703899 0.3609926 0.3804686 0.0966767 0.0880037 0.4629756 -0.0016828 0.0679698 -0.0723260 -0.1886588 -0.0912768 -0.2909533 0.0913957 -0.3435894 -0.1555007 -0.0319106 -0.0232136 0.3234184 0.0019035 0.1960981 -0.3101293 0.4183668 -0.0606705 -0.3683085 -0.5249097 -0.3317748 -0.2717597 -0.1729542 -0.4186339 -0.1132607 -0.0276237 -0.2831951 -0.2502235 0.1897339 0.2230113 -0.2252603 0.2508853 -0.3225543 -0.0696810 0.7757814 -0.1522737 0.5798071 0.5796607 -0.1807250 0.1356847 -0.0134966 0.1857753 0.6945954 0.3583934 0.5364136 0.3977099 0.0453071 0.3009143
0.1603509 0.6378749 -0.1200348 0.6244427 -0.3458681 0.0000000 0.8890892 0.5786420 0.7596064 0.7100461 0.8830962 0.8860246 0.2485856 0.6830674 0.8813316 0.2855530 0.7341342 0.6273018 0.2482869 -0.0814161 0.7358395 0.4125389 0.3929215 0.7932284 0.3441946 0.1468002 0.5159809 0.6648058 0.7990953 0.7950525 0.2511319 0.4302105 0.5539833 0.7841131 0.2315623 0.5169676 0.4378234 0.5754151 0.6957260 0.5658868 0.1365299 0.1183926 0.1292140 0.7044443 -0.0656283 0.5292598 0.5610018 0.2311729 0.7641976 0.3383336 0.4774144 0.4302850 0.9050639 0.4797120 0.5214722 0.5228729 0.5096796 0.4804052 0.2761800 0.5390323 0.2212079 0.4945240 0.2140965 0.7576633 0.7557095 0.4240053 0.4949124 0.0024985 0.3301084 0.2665889 0.3456065 0.6897225 0.1992198 0.7390625 0.3983566 0.5931736 0.6792536 0.4894303 0.7325678 0.3837485 0.4597801 0.3452767 0.2100743 0.0055528 0.0473643 0.1530412 0.3330292 -0.0905934 0.4839865 0.0610628 0.4507071 0.3001528 0.1531930 -0.1124606 0.4833977 0.6370969 -0.0448090 0.0992207 0.0219343 -0.3222087 -0.2146302 0.0342693 -0.2668145 -0.0618278 0.2196010 0.2404836 0.0050243 -0.0139786 0.3523454 0.1718227 -0.1952717 -0.0057420 0.0926599 0.1220566 0.1877684 0.0075975 0.0415094 -0.0751282 -0.1663371 0.0873357 -0.1184428 -0.0820954 0.3406144 -0.1876672 -0.2155042 -0.0064721 -0.0316019 0.0300182 -0.1144147 0.0515460 -0.1365213 -0.0916263 -0.1835740 0.2911729 -0.0503132 0.0728003 -0.0098430 0.0463079 0.1346135 -0.1246014 -0.2684551 -0.0572618 0.0690672 0.0598371 -0.0629394 -0.0896189 0.0790989 0.0962717 -0.4228204 -0.0659935 -0.1172711 -0.0592400 -0.0129111 -0.4919263 -0.0745457 -0.0427037 0.0027001 -0.1218130 -0.0935122 0.0540264 -0.3664140 -0.0299018 -0.1099212 0.1334843 -0.1975150 -0.1816559 -0.4159729 -0.6786666 0.0584123 -0.0042341 -0.4716176 -0.3564718 0.1824795 0.5596284 0.8508754 0.7817747 0.7648996 0.1747947 0.7648737 0.5434879 0.3999046 0.4570556 0.1666350 0.4564389 0.3447351 0.5435220 0.2455160 0.4246313 0.6329801 0.6664578 0.2992002 0.6794647 0.5441502 0.4439715 0.1581566 0.3900619 0.4289844 0.5384058 0.2689717 0.0191609 0.7002723 0.2208054 0.5891601 0.3151981 -0.3534419 0.4248301 -0.2463304 -0.3591778 0.4658152 0.4738548 0.4580961 0.4527908 -0.2950365 -0.0280287 0.1325040 -0.1674930 0.7584522 0.5307145
0.2113523 0.7022331 0.0726870 0.4626827 -0.1093707 0.8890892 0.0000000 0.5212343 0.7184440 0.6739573 0.8069084 0.8289401 0.2694828 0.6622169 0.8581848 0.3673732 0.7235717 0.5758114 0.4471943 -0.0488537 0.7197149 0.5728307 0.4109160 0.6979647 0.4914964 0.2205182 0.5577162 0.5927830 0.8093279 0.7898907 0.3168614 0.5602038 0.4311586 0.6930414 0.3063155 0.4754119 0.5809330 0.7332297 0.6879242 0.5778540 0.2930139 0.2375856 0.2355304 0.5863026 -0.0006702 0.5123661 0.6205693 0.4121375 0.6137926 0.3873281 0.5447280 0.4886541 0.7898310 0.3970788 0.6219478 0.5668942 0.5606514 0.4772832 0.3414925 0.5998229 0.1397385 0.5189141 0.1458222 0.6887725 0.6054558 0.3927126 0.5547335 0.0730892 0.3869978 0.2785983 0.3943639 0.5137041 0.3683387 0.6015635 0.4573453 0.6495559 0.6340438 0.5002926 0.7135680 0.5351333 0.3751838 0.1528168 0.1030123 -0.1519184 0.0366445 -0.0129693 0.1686420 -0.0514046 0.2861178 0.0614459 0.3740449 0.2133090 0.0287508 0.1085706 0.3480160 0.4998968 -0.0507550 0.0614893 -0.0699509 -0.0154529 -0.0647925 -0.0927081 -0.2859790 0.2140481 0.2149434 0.1879696 -0.1304890 -0.0877912 0.3118780 0.0340247 -0.1870989 -0.2435133 0.1012794 0.1626814 0.0314111 0.1400003 0.2465063 -0.0164318 -0.0246181 0.0745162 0.0281279 0.0880150 0.3073492 0.0362002 -0.2568169 -0.0042160 -0.0652372 0.1739772 -0.1300710 0.1450283 -0.1176935 0.0758045 -0.1773719 0.3888161 0.0447122 0.2193795 0.0143601 0.1371217 0.1478747 0.1003125 -0.0679955 0.0917529 0.2024774 0.2655727 -0.0316026 0.0802579 0.2069512 0.2546982 -0.3697498 0.1426537 0.1777155 0.1729181 0.1469043 -0.2624575 0.1423917 0.2040668 0.2085716 0.0746724 -0.1176936 0.2715488 -0.1703658 0.1911783 0.0067817 0.3244464 0.0086412 0.0237430 -0.1657489 -0.5664539 0.0784851 0.2254054 -0.2669192 -0.2517512 0.1306277 0.4356076 0.8254817 0.8219204 0.7844151 0.2657822 0.7318329 0.5846200 0.2376334 0.3638633 0.1762135 0.3256403 0.3216636 0.3676517 0.2358734 0.3486872 0.5730791 0.6066728 0.0492150 0.6639524 0.6280641 0.3193758 0.0502805 0.3478915 0.3830672 0.5074896 0.5464348 0.0694620 0.5341914 0.1462775 0.4206363 0.3242430 -0.1350136 0.3901245 -0.1562558 -0.3561014 0.2252512 0.4186878 0.3322430 0.6185972 -0.2037435 0.0763723 0.2308438 -0.2976344 0.7644010 0.7191870
0.4085903 0.5226288 0.1505099 0.5712062 -0.1188215 0.5786420 0.5212343 0.0000000 0.2125421 0.0293839 0.6653872 0.6625972 0.6945145 0.0608074 0.4990867 0.6396692 0.3237086 0.2108379 0.5602081 -0.0722936 0.7354200 0.3851806 0.5774988 0.3952390 0.4823439 0.7174781 0.7486539 0.1190274 0.6958185 0.4919687 0.4062100 0.5550736 0.0176940 0.4291710 0.6510503 0.4968523 0.7940522 0.7495458 0.4284472 0.4790320 0.2857136 0.3444959 0.5062745 0.2169543 0.3603379 0.6802449 0.6718743 0.4080129 0.2790075 0.5780729 0.7224919 0.5045366 0.6619954 0.5354982 0.7321495 0.6988586 0.6601210 0.6808587 0.3704660 0.6738340 0.4813876 0.6045411 0.6721146 0.7797177 0.7762155 0.6590079 0.6087444 0.1949929 0.6989261 0.7282703 0.4699608 0.7628547 0.3150333 0.6699336 0.5667563 0.7711876 0.8037042 0.7958978 0.7012555 0.5336639 0.7561136 0.5097440 0.3289268 0.1364238 -0.1593430 0.2138869 0.7034352 0.3154933 0.3794249 -0.0059037 0.4665013 0.5235649 0.4091525 0.1899838 0.3355771 0.5118185 -0.0422830 0.3844216 0.1428634 0.0226378 -0.0626246 0.1811087 0.0209364 0.2516757 0.2914687 0.3394804 0.1701595 0.2589406 0.2394472 0.2702222 -0.0148136 0.1325107 0.0303221 0.1706462 0.1929385 -0.0529983 0.0379868 0.1687774 0.0536278 0.1303968 0.1115628 0.3315459 0.2904408 0.0668804 -0.1853783 -0.0731566 0.0852857 0.2071392 -0.1566346 0.2349505 -0.1468760 0.2023949 -0.1991900 0.0973871 0.1207739 0.2288104 -0.1346065 0.0543675 0.0111206 0.0166804 -0.3024168 0.0129384 0.3768650 -0.0254729 -0.1953178 0.0157664 0.0683689 0.1709695 -0.2378272 0.1037889 0.0660580 -0.0097410 0.1077684 -0.6073862 0.1913373 0.0243820 0.2653522 0.0570590 0.3751210 0.2154917 -0.0063986 0.1980556 0.1313599 0.3712169 0.0492232 0.0655888 -0.3338942 -0.6061463 0.2353773 0.1572297 -0.2285506 -0.2869888 0.2329025 0.5372622 0.6996871 0.6181332 0.5912223 -0.0142303 0.5720610 0.4241595 0.3452024 0.3337152 0.3592617 0.5232430 0.3149646 0.4836676 0.2690267 0.4303269 0.6124304 0.3599136 0.0898517 0.4614049 0.4258585 0.3174693 0.0219634 0.0382363 0.1335945 0.6790019 0.5323631 -0.0419526 0.6841959 -0.0416976 0.4872202 0.1341895 -0.3875331 0.5604878 -0.1073340 -0.4952843 0.5091199 0.2460325 0.2221797 0.3288915 -0.2091544 0.0834224 0.3096495 0.1364623 0.5700375 0.2436480
-0.1002308 0.2960908 -0.4590027 0.3771057 -0.4362013 0.7596064 0.7184440 0.2125421 0.0000000 0.8839904 0.6266120 0.7373089 -0.1097128 0.8862246 0.9015733 0.0079954 0.6457504 0.8374251 0.1760083 -0.2133335 0.5211401 0.4060501 0.0647196 0.8267729 0.4340443 -0.0918161 0.3348972 0.7939392 0.5661519 0.7831234 0.1515595 0.4704992 0.7359186 0.7944556 -0.1403298 0.1543790 0.3553285 0.3575340 0.6564707 0.5275009 0.0560637 -0.2617876 -0.0849048 0.7431665 -0.2038256 0.3687423 0.4733486 0.1010032 0.6950478 0.3253034 0.2596744 0.3296910 0.7537509 0.2388823 0.4965760 0.3781531 0.4203001 0.0622012 0.0511263 0.3656832 -0.1670072 0.3068853 -0.0627579 0.3212952 0.4974271 0.2710992 0.3214918 -0.3374515 0.0309365 -0.2420958 0.2206950 0.3089314 -0.0112791 0.5131117 0.3249478 0.2973288 0.4227071 0.3424941 0.5792645 0.2343305 0.3734600 0.1574733 -0.2646758 -0.3268200 -0.1631313 -0.3972429 -0.0348819 -0.2543645 0.0020238 -0.2102720 0.3357369 0.0505170 -0.2840602 -0.3420055 0.3889044 0.5521242 -0.3120877 -0.4190013 -0.1720688 -0.4219435 -0.3075002 -0.3741901 -0.5975351 -0.0449851 -0.1066595 -0.1246563 -0.4403898 -0.4224761 0.0292750 -0.1090386 -0.3684601 -0.4239729 -0.1015190 -0.0948303 -0.0272621 -0.1050296 -0.0924593 -0.3134479 -0.3352495 -0.2475746 -0.3951955 -0.4008346 -0.1015194 -0.3749086 -0.3931931 -0.1511275 -0.3263945 -0.2612611 -0.1904889 -0.2836845 -0.2735130 -0.3552906 -0.2808242 0.2094451 -0.1746227 -0.1500428 -0.1513812 -0.1541671 -0.0168567 -0.1382223 -0.2871524 -0.1461587 -0.2397123 -0.0044547 -0.1894169 -0.3398675 -0.1225011 -0.1409398 -0.5376476 -0.2328915 -0.1407179 -0.1555079 -0.2142100 -0.3435405 -0.3327207 -0.1176446 -0.1576684 -0.3587562 -0.3851092 -0.0932335 -0.6110375 -0.2483900 -0.2769854 0.0383843 -0.4237037 -0.3341509 -0.3712179 -0.4897287 0.1258261 -0.1522414 -0.4837754 -0.0958194 0.0784416 0.2598587 0.6151140 0.5845291 0.6834224 0.1801228 0.6480424 0.4232110 0.2874574 0.2558825 -0.1173027 0.1041438 0.2623374 0.3442215 0.1513354 0.4356830 0.6164209 0.6926352 0.2562963 0.6463965 0.6470503 0.5605775 0.0014759 0.3099356 0.4465399 0.5475406 0.2019727 -0.1093797 0.4118892 0.1033517 0.2494167 0.0845924 -0.3590743 0.4085174 -0.3712321 -0.2668552 0.2160005 0.4518181 0.1211838 0.3654500 -0.2115335 0.0174240 -0.1620506 -0.1613590 0.6004637 0.4314558
-0.2533518 0.3384426 -0.2698394 0.3999055 -0.3075790 0.7100461 0.6739573 0.0293839 0.8839904 0.0000000 0.6445342 0.6336241 -0.1658657 0.9512701 0.7239804 -0.1029502 0.7572308 0.7188333 0.0767760 -0.0745803 0.4331573 0.2647878 0.0190231 0.8071102 0.3349770 -0.3006780 0.0423898 0.8475027 0.5517214 0.7055794 0.1097673 0.3869780 0.8228677 0.7782309 -0.2661933 0.1166667 0.1694685 0.3209806 0.6737480 0.5371429 0.0798464 -0.3457427 -0.1861351 0.7895383 -0.5084113 0.3073581 0.3934336 0.1638074 0.7955581 0.1570214 0.1766177 0.3513508 0.6774959 0.2588302 0.3261916 0.3155954 0.3368386 -0.0511708 -0.0945062 0.2977779 -0.2759602 0.2759615 -0.1601362 0.3003368 0.3345941 0.1385130 0.2909685 -0.2220917 -0.0465571 -0.3152253 0.2381053 0.1516141 0.0893533 0.4023413 0.0983973 0.2957850 0.2723136 0.1078411 0.4893918 0.2000604 0.0458545 -0.0520250 -0.2376517 -0.2907218 0.0233026 -0.2843226 -0.1878620 -0.3424835 -0.0100244 -0.0578069 0.0892409 -0.1335988 -0.2324204 -0.3290251 0.2243238 0.4299768 -0.0911334 -0.2997722 -0.1700283 -0.4057265 -0.3151447 -0.2421084 -0.4396184 -0.2804795 -0.0438733 -0.1348510 -0.3160325 -0.2894771 0.1102083 -0.1768505 -0.3217864 -0.4000204 0.1231236 -0.0422270 -0.1053450 0.1137504 0.0978223 -0.2237525 -0.2014611 -0.0827471 -0.1870681 -0.2903551 -0.0795700 -0.2814686 -0.1307591 -0.1339947 -0.1290989 -0.2297022 -0.0871788 -0.1949063 -0.0850148 -0.2878226 -0.1341422 0.2778343 -0.1876736 -0.1200200 0.0156701 -0.0380487 0.1007776 -0.1376981 -0.1003033 -0.0897817 -0.2604073 0.1124791 0.0370700 -0.2221295 -0.0190808 -0.0570372 -0.4387295 -0.1830855 -0.1172732 -0.0753210 -0.1619021 -0.0815750 -0.2505369 -0.0942758 -0.1922809 -0.2624870 -0.4806037 -0.1133289 -0.5145253 -0.2412461 -0.3099934 -0.0939393 -0.3457861 -0.3128339 -0.2942695 -0.3634766 0.0100112 -0.1666088 -0.4894863 -0.1862274 -0.0201993 0.1937703 0.5474465 0.6282478 0.6040037 0.2881946 0.5229003 0.2325563 0.1147627 0.0555844 -0.3147455 -0.1070028 0.1672387 0.2583090 0.1372263 0.2549388 0.4050454 0.5651956 0.1001439 0.5294835 0.4867300 0.3462619 -0.0961363 0.2244997 0.3469808 0.2340386 0.0142740 -0.1114900 0.3017885 0.3115413 0.3334084 0.1359396 -0.1191877 0.1526551 -0.3080721 -0.0454553 0.2072156 0.4493202 0.4072246 0.3010882 -0.1441508 -0.0025575 -0.1232162 -0.2708881 0.5206478 0.4643711
0.0692133 0.5979438 0.0340769 0.6420761 -0.1158770 0.8830962 0.8069084 0.6653872 0.6266120 0.6445342 0.0000000 0.8027715 0.5197276 0.5776479 0.7228430 0.4708273 0.8121441 0.3786483 0.4275564 -0.0015409 0.7501519 0.3919327 0.6162909 0.6823233 0.4608337 0.2634474 0.5332414 0.5114104 0.8695106 0.7363971 0.3401169 0.6161966 0.4310049 0.7341062 0.4255648 0.5604397 0.5216521 0.6801330 0.8287261 0.6610868 0.2885462 0.1839672 0.4164091 0.6222676 -0.2109711 0.5701501 0.6730920 0.4017643 0.7309248 0.3351211 0.6650483 0.6546195 0.8566595 0.6787761 0.6129429 0.6446166 0.6278306 0.5953760 0.1877752 0.6927574 0.2086299 0.7604398 0.3814674 0.8183501 0.6768261 0.5796086 0.6792875 0.2685690 0.5176651 0.4239041 0.5804616 0.6882978 0.5066160 0.7027943 0.4692844 0.7661515 0.7127097 0.6115471 0.8308016 0.5880717 0.4879506 0.2297882 0.1301517 0.0652950 0.1368098 0.1066575 0.3204342 0.0017668 0.4172541 0.1169730 0.2946292 0.2861262 0.2236858 -0.0118487 0.3372050 0.6755670 0.1153701 0.1919310 0.0234215 -0.2277122 -0.2549768 0.1110472 -0.1113891 -0.0752398 0.2665195 0.1667390 0.0932830 0.1262593 0.4010797 0.1859323 -0.1738689 -0.0434303 0.2060667 0.1456077 0.0838910 0.1326674 0.1656167 0.0419252 0.0081703 0.2147187 0.0602783 0.1123770 0.3352015 -0.0077033 -0.0946470 0.0024109 0.0394557 0.1319103 -0.0421170 0.1245524 -0.0643105 0.1006296 -0.1214474 0.3623864 0.0517804 0.1763257 0.0505022 0.1395715 0.1849011 0.0651846 -0.1362558 0.1150244 0.1515608 0.1981861 0.0389889 0.0277071 0.1320745 0.1295804 -0.3669396 0.0993900 0.0803861 0.0900355 0.0695277 -0.3127562 -0.0307402 0.0914158 0.1042662 -0.0503066 -0.0188521 0.2107808 -0.2933053 0.0578758 0.0161410 0.2412033 -0.1386938 -0.1030893 -0.2939945 -0.4947269 0.2600505 0.0806123 -0.4431322 -0.3141895 -0.0266354 0.3732189 0.8542819 0.7745623 0.7666965 0.2688158 0.7280798 0.4691804 0.3959101 0.3272225 0.0867583 0.3787009 0.3648953 0.4979847 0.3633682 0.5079732 0.6025529 0.5229941 0.2152801 0.5982920 0.4744220 0.3864918 0.0766355 0.3091365 0.3076757 0.4784880 0.3835334 0.0489002 0.6195612 0.2357743 0.5639398 0.3076766 -0.2187854 0.3209226 -0.1603234 -0.2981960 0.4259172 0.4032780 0.5120038 0.4722781 -0.1959185 -0.0193555 0.2334769 -0.1453387 0.6872235 0.4571937
0.2277476 0.6144404 -0.1390203 0.7249614 -0.3605396 0.8860246 0.8289401 0.6625972 0.7373089 0.6336241 0.8027715 0.0000000 0.3613634 0.6151888 0.8355867 0.1720611 0.5508538 0.6520273 0.2494325 0.0227431 0.8024697 0.4823901 0.2922462 0.7774952 0.3914782 0.2461691 0.5661293 0.6208734 0.7726802 0.7567496 0.4651746 0.5682480 0.4444203 0.6752794 0.1947564 0.4940508 0.5774976 0.7233922 0.6232694 0.5617907 0.3109918 0.0262060 0.1274207 0.5726554 -0.0333992 0.7246400 0.7017426 0.3822379 0.5745794 0.5918686 0.5615260 0.4426411 0.8391153 0.4528495 0.6815656 0.6730141 0.6307757 0.4182262 0.4681294 0.5943021 0.3782571 0.5443772 0.4136618 0.7629767 0.8511748 0.5740591 0.6009614 0.0034289 0.4980364 0.3585155 0.4366705 0.7070315 0.2295591 0.8510348 0.6056370 0.6777773 0.7780948 0.5558376 0.7297142 0.4267261 0.5797371 0.2993015 0.0709534 -0.1024714 -0.1460052 0.0924626 0.4689393 0.0415293 0.4060329 0.0995391 0.6036889 0.4552282 0.2044832 -0.0112912 0.5315026 0.7764192 0.0314802 0.0612633 0.2125619 -0.2297774 -0.0696888 0.0494730 -0.3099312 0.0578317 0.3982942 0.4101486 -0.0443124 -0.1024228 0.3626573 -0.0501057 0.0061124 -0.0987827 0.0760269 0.0381878 0.0144012 -0.0347378 0.0394761 -0.1549514 -0.2073550 -0.0316545 -0.0467400 0.0572819 0.1476861 -0.2581282 -0.2096101 -0.1847033 0.0420597 0.0127949 -0.1092580 0.1987301 -0.0518361 -0.0158434 -0.1085338 0.3195250 0.1377610 0.1572396 -0.0019256 0.0799091 0.2090210 -0.0317780 -0.2513353 0.0019314 0.2255836 0.0482149 -0.1041484 -0.1363920 0.1793381 0.2455950 -0.3003770 0.0381661 0.0210044 0.0293957 0.0616044 -0.5109818 0.1343519 0.0123545 0.1619922 -0.0142455 -0.0654654 0.1306977 -0.2301651 0.1163429 -0.0251116 0.2802442 -0.0501200 -0.0137027 -0.2985685 -0.5943266 0.2335464 0.1595203 -0.2863530 -0.1694398 0.3192906 0.5456671 0.8439375 0.8063711 0.8884857 0.2086726 0.7766415 0.4646690 0.3164727 0.2863637 0.1614516 0.3252295 0.5418858 0.6934338 0.4056645 0.5987540 0.7776114 0.7295612 0.1537892 0.6191351 0.4938971 0.4378409 -0.0375125 0.1047120 0.2114716 0.6329901 0.4291135 -0.1803407 0.6747145 0.0940801 0.6260324 0.0828706 -0.4163930 0.4404827 -0.2913594 -0.3937925 0.3740562 0.4744298 0.4543740 0.4145114 -0.3394889 -0.0413483 0.1659761 -0.1198040 0.7288067 0.5428153
0.4152291 0.4745900 0.4841274 0.4608509 0.4797471 0.2485856 0.2694828 0.6945145 -0.1097128 -0.1658657 0.5197276 0.3613634 0.0000000 -0.2775394 0.0375897 0.5531016 0.2104657 -0.3002770 0.4288520 0.4165755 0.4283287 0.2568038 0.7405164 -0.0748918 0.1735788 0.5514544 0.4954316 -0.2752012 0.5467664 0.0743009 0.6079461 0.5882539 -0.3621558 0.0682235 0.6790059 0.6654501 0.4722065 0.6052265 0.2828255 0.1429925 0.6007413 0.5926676 0.6724768 -0.1940564 0.1550263 0.3155600 0.4347544 0.6575193 -0.0806337 0.2455200 0.6464891 0.3795618 0.2834248 0.3684173 0.4157574 0.4539480 0.4666085 0.4825508 0.5144583 0.4951089 0.6930807 0.6784184 0.7697854 0.6041073 0.4494387 0.6733943 0.5565305 0.5608567 0.6794542 0.8351569 0.4362540 0.5857299 0.5771359 0.5103777 0.5595484 0.5807751 0.5816640 0.4687607 0.3519209 0.6227074 0.4362264 0.0738218 0.1126869 0.1430473 0.0486790 0.2778637 0.4335555 0.2259863 0.4297594 0.4373721 0.3646610 0.2876926 0.3124839 0.2234578 0.3702335 0.4401564 0.2311841 0.2434224 0.4132121 0.1307661 0.2525818 0.2098299 0.0983071 0.0624615 0.4032939 0.4386158 0.2128126 0.1515234 0.3427695 0.0461288 0.3254774 0.0793088 -0.0681264 -0.0321199 -0.0622667 -0.1456391 0.0142431 0.0618018 0.0018796 0.1341920 0.1645827 0.3521566 0.3263735 0.0598255 -0.0023754 0.0752381 0.1410956 0.3083167 0.1129562 0.3813017 0.0473175 0.4240670 0.0028556 0.2951652 0.5039178 0.3401185 0.0876149 0.2762328 0.1847747 0.3948942 0.1600733 0.4539535 0.4833343 0.3257675 0.0509593 0.0525503 0.2975528 0.3474076 0.1986083 0.5658894 0.3914235 0.3393353 0.3174925 -0.1599299 0.2276677 0.4121770 0.3063451 0.2762081 0.4483753 0.4738384 0.1948341 0.3538734 0.5032079 0.3718782 0.1651948 0.2873289 0.0314643 -0.1010002 0.3860652 0.2649268 0.1066745 -0.1498842 0.2324942 0.3149868 0.4406706 0.3843543 0.3897276 0.2022615 0.3261683 0.2551094 0.3505879 0.2877176 0.5565148 0.5085623 0.5557109 0.4192766 0.6511936 0.5639976 0.4032259 0.0904210 0.0001235 0.2177979 0.0913364 -0.0084341 -0.0022189 0.0417303 -0.0987760 0.3597867 0.4685920 0.1071915 0.3587685 0.1307518 0.2818414 0.0378547 0.0796151 0.1357841 0.3108405 0.0564346 0.2775590 0.2657076 0.3169397 0.2795858 0.1425795 0.1006549 0.5766115 0.3432704 0.4121835 0.2487651
-0.1643811 0.2580289 -0.3794139 0.3092595 -0.4165151 0.6830674 0.6622169 0.0608074 0.8862246 0.9512701 0.5776479 0.6151888 -0.2775394 0.0000000 0.7851276 -0.1398124 0.7408458 0.8410971 0.0959216 -0.2268089 0.4051611 0.2864011 -0.1273883 0.8375350 0.3776896 -0.3127533 0.1337338 0.9002107 0.5158011 0.8055532 0.0507203 0.3411683 0.8372050 0.7696870 -0.3371688 0.0260677 0.2446929 0.3426143 0.6866601 0.5960325 -0.0432683 -0.3283487 -0.2351433 0.8340875 -0.3861203 0.3663933 0.4164258 0.0592356 0.7821930 0.2754383 0.1567208 0.3574185 0.6918012 0.2209045 0.4072179 0.3476017 0.3569271 -0.0279348 -0.0883770 0.2969086 -0.3174850 0.1989626 -0.2145973 0.2347957 0.3450527 0.1214892 0.2657342 -0.3386860 -0.0532973 -0.3718105 0.2448063 0.1074254 0.0381372 0.3643010 0.0818070 0.2903275 0.2873138 0.2184357 0.5449416 0.1568506 0.1638266 0.0417731 -0.1532317 -0.2315387 -0.0035452 -0.2960884 -0.1698887 -0.2936057 -0.0440139 -0.1890220 0.0889773 -0.0649456 -0.2053810 -0.2182560 0.1643354 0.3353613 -0.1694953 -0.2619711 -0.2579979 -0.3354681 -0.3071207 -0.2592772 -0.4331964 -0.1481133 -0.1138817 -0.2154587 -0.3326768 -0.2461466 0.0603382 -0.1694589 -0.3663984 -0.3908280 0.2021920 0.0780464 -0.0025660 0.2213143 0.1882537 -0.0911601 -0.0943202 -0.0820109 -0.1405404 -0.2103759 -0.0771206 -0.1981524 -0.2168935 -0.2092820 -0.1766862 -0.1746068 -0.2300061 -0.2345834 -0.1550057 -0.2265729 -0.1943350 0.1723306 -0.2170283 -0.0795073 -0.0846287 -0.1343714 -0.0021245 -0.1420152 -0.0783548 -0.1762071 -0.1926520 0.0143457 -0.0855235 -0.1277431 -0.1089828 -0.1224351 -0.4526543 -0.2563915 -0.1176859 -0.1251974 -0.2003443 -0.0696471 -0.2149316 -0.0840655 -0.0780785 -0.2875727 -0.3674714 -0.1012752 -0.4729236 -0.2313619 -0.2895813 -0.0000052 -0.3481958 -0.2682717 -0.2792817 -0.3769201 0.0264356 -0.1122182 -0.4484886 -0.1968756 0.0087291 0.2477657 0.4899165 0.5360142 0.5456673 0.1592833 0.4827955 0.2885177 0.0504574 0.0620046 -0.3056174 -0.0856117 0.1128560 0.2469191 0.0480210 0.2272722 0.4391430 0.6094939 0.0833432 0.5500816 0.5782916 0.3463360 -0.1265520 0.1197580 0.3880551 0.3277205 0.1175344 -0.1611029 0.3086417 0.1970162 0.3065292 0.1269309 -0.1631999 0.2987783 -0.4053774 -0.1938133 0.1355590 0.4267474 0.2880040 0.3297622 -0.1542792 0.0502823 -0.1695063 -0.2886295 0.5248602 0.4267536
0.1606050 0.4841000 -0.3420549 0.4655599 -0.4582016 0.8813316 0.8581848 0.4990867 0.9015733 0.7239804 0.7228430 0.8355867 0.0375897 0.7851276 0.0000000 0.1989951 0.6545695 0.8252615 0.2997971 -0.2602439 0.6471780 0.5277740 0.1710637 0.8428762 0.4752218 0.1361861 0.5982647 0.7296091 0.6946405 0.8850029 0.2237683 0.4762368 0.6051611 0.7772121 0.0909668 0.3003171 0.5461014 0.5657947 0.6648454 0.5768614 0.0822039 -0.0078651 0.0414109 0.7226278 0.0111227 0.5433312 0.6072111 0.1581607 0.6838594 0.4933157 0.4339319 0.3886431 0.8441020 0.3413210 0.6499561 0.5350430 0.5524852 0.3592728 0.2144236 0.5257809 0.0241134 0.4082990 0.0766639 0.5523522 0.6634978 0.4154563 0.4520106 -0.2312742 0.2592337 0.0306562 0.3296906 0.5146714 0.0684198 0.6182664 0.4766678 0.4858546 0.6099945 0.5817030 0.7438855 0.3196307 0.5754390 0.3209983 0.0109061 -0.1325847 -0.1266110 -0.1769895 0.2211539 -0.0981141 0.1915773 -0.2414917 0.4794303 0.2867974 -0.0439580 -0.0958442 0.4316905 0.5807549 -0.2571031 -0.1105132 -0.1298054 -0.2524246 -0.2332984 -0.1927667 -0.4685055 0.1855901 0.0400827 0.0375289 -0.2597943 -0.2340444 0.1635952 0.0362413 -0.3215664 -0.2551240 -0.0396927 0.0403699 0.0998154 -0.0278869 0.0211594 -0.1470760 -0.1958719 -0.0850869 -0.2245720 -0.1620871 0.1413113 -0.1857737 -0.3916762 -0.0913101 -0.2148551 -0.0368055 -0.2176294 -0.0902678 -0.2564502 -0.1581181 -0.2816771 0.2419015 -0.1056065 0.0448605 -0.1313417 -0.0700536 0.0186600 -0.1019902 -0.2942592 -0.1320665 0.0047324 0.0113633 -0.2102889 -0.1206617 -0.0301575 -0.0062070 -0.5106866 -0.1666993 -0.0871028 -0.0971169 -0.0743657 -0.4682566 -0.1296039 -0.0351535 0.0575276 -0.2055501 -0.1497232 0.0371375 -0.4302954 -0.0594401 -0.1417730 0.2303312 -0.2499549 -0.1809595 -0.3437245 -0.6200516 0.1432614 0.0287947 -0.3998163 -0.1703446 0.1597305 0.4361528 0.7539202 0.6704727 0.7096595 0.0535485 0.7003740 0.5553541 0.2743449 0.3676513 0.0678978 0.3257816 0.2620845 0.4383858 0.1157979 0.4189996 0.6766056 0.7060420 0.2386550 0.6946418 0.6898051 0.5131677 0.0706707 0.3193555 0.4524773 0.6686711 0.4061727 -0.0403137 0.5692559 -0.0246760 0.3783844 0.1819936 -0.4309926 0.5466718 -0.3397746 -0.5135392 0.2824529 0.3762794 0.1210571 0.4856240 -0.3057847 0.0223013 -0.0063130 -0.2095206 0.7075442 0.4794225
0.0785846 0.2528752 0.3445841 0.0535896 0.2046305 0.2855530 0.3673732 0.6396692 0.0079954 -0.1029502 0.4708273 0.1720611 0.5531016 -0.1398124 0.1989951 0.0000000 0.2360899 -0.2097935 0.8370099 -0.1979172 0.5841006 0.3996290 0.8660500 0.0479342 0.6311693 0.8254582 0.4600623 -0.1726524 0.5264757 0.1752916 0.0307222 0.3982523 -0.1161460 0.3264150 0.9214119 0.4070233 0.6127446 0.4284958 0.3341413 0.3537422 0.1442267 0.4567613 0.8135412 0.0466357 0.4368105 0.1790663 0.3665257 0.2744119 0.1830396 0.1563008 0.6240856 0.5212336 0.3862691 0.5506571 0.4881238 0.3735147 0.3714961 0.6616937 -0.0478429 0.5742077 0.0025902 0.4934564 0.2923710 0.4561906 0.2393004 0.2514166 0.4098262 0.2905188 0.3729204 0.5531674 0.3211446 0.4008380 0.4368707 0.1336256 0.2065612 0.6170159 0.4222552 0.5413067 0.5045628 0.6055695 0.3569969 0.4216914 0.2730890 -0.0676815 0.0610419 -0.0314402 0.2626808 0.1287697 0.0682204 -0.0664699 0.0082841 0.0982205 0.1870907 0.0938075 -0.0531368 0.0127599 -0.1970644 0.2775811 -0.2847954 0.1872643 -0.2160039 -0.0099188 0.1563111 0.3227810 -0.0772140 -0.1751696 0.1313744 0.3659459 0.1310663 0.6322812 -0.2189921 0.1340140 0.0465930 0.3473527 0.3497504 -0.0271505 0.0040531 0.2893928 0.1971412 0.2576225 0.0801769 0.1890105 0.4097948 0.3052773 -0.1916171 0.3567264 -0.0557320 0.3799137 -0.0459758 0.0327440 -0.1846230 0.2147973 -0.1533333 0.0601462 -0.0183579 0.1755716 -0.1021949 0.0918347 -0.0626048 0.2401989 -0.1785104 0.1911020 0.1599582 0.2251209 -0.0273301 0.1409655 0.0335517 0.0324552 -0.3239577 0.2260577 0.3024612 0.1962601 0.1663039 -0.2427438 0.0081671 0.1688655 0.2029780 0.1096856 0.1876131 0.3878547 -0.0780119 0.2087971 0.0956075 0.3773899 0.0566558 0.0410224 -0.2012666 -0.3824248 0.1176122 0.1388442 -0.3458178 -0.2539189 -0.2430446 0.0243493 0.4985803 0.3778510 0.3334927 0.0018428 0.5206489 0.5495240 0.3046525 0.4510720 0.2542253 0.3946671 -0.1056077 -0.1526868 -0.0937247 0.0511325 0.1655954 0.0270540 0.2468864 0.3565709 0.4022674 0.2887937 0.4042090 0.4917056 0.4426798 0.3569689 0.4672238 0.4560206 0.4277498 -0.0361392 0.1307949 0.5853631 -0.0595211 0.3130580 0.1495208 -0.2887280 0.3772511 0.0257764 0.0179575 0.4571110 0.0243218 0.3119924 0.3157348 0.0133384 0.1925473 0.0857100
0.0109080 0.4290681 -0.0029944 0.2821431 -0.0111730 0.7341342 0.7235717 0.3237086 0.6457504 0.7572308 0.8121441 0.5508538 0.2104657 0.7408458 0.6545695 0.2360899 0.0000000 0.4676390 0.3184477 -0.1371138 0.4342444 0.1178778 0.3456374 0.5885696 0.3741193 -0.1499644 0.3442860 0.5665291 0.6713293 0.7186602 0.0963517 0.5457385 0.5090940 0.6682421 0.0565169 0.2589845 0.3502980 0.4732202 0.8283983 0.6161091 0.0481522 0.0469760 0.1537393 0.6329400 -0.3847340 0.3303653 0.4850105 0.2072949 0.6945306 0.0845310 0.3565473 0.5455396 0.6803478 0.3846022 0.3873368 0.4422555 0.4689563 0.2507244 0.0408219 0.4286717 -0.0792550 0.5470055 0.0793271 0.4775234 0.3810116 0.3421922 0.4502394 0.1242902 0.2480327 0.0307001 0.3994389 0.3126862 0.3935780 0.4511818 0.1381836 0.4404945 0.4488829 0.3662610 0.6410236 0.4292692 0.2460293 -0.0077483 -0.0071525 -0.0043248 0.1678056 -0.1018516 -0.0637862 -0.0998850 0.2143983 -0.0117377 -0.0669888 -0.1175585 -0.1547453 -0.0781419 0.0875814 0.3644982 -0.0496175 -0.0546676 -0.2947213 -0.2900897 -0.3363209 -0.1770474 -0.2884942 -0.2255032 -0.0559319 -0.1574770 -0.1912345 -0.0855187 0.0967739 -0.0293341 -0.4623879 -0.3113747 0.2455770 0.1725769 0.0153664 0.2826686 0.2786884 0.0658080 0.0386258 0.0455160 -0.0413198 -0.0262781 0.1780608 0.0399435 -0.2038417 -0.1477887 -0.1999318 -0.0231281 -0.2319094 -0.1974315 -0.2886553 0.0576328 -0.3238137 0.1952821 -0.1568893 0.0249585 -0.1343443 -0.0728082 -0.0742814 -0.0338008 0.0333588 -0.0462478 -0.1096334 0.1639384 -0.0769203 -0.0122169 -0.1153785 -0.1178261 -0.4323060 -0.0741174 -0.0042458 -0.0524553 -0.1602373 -0.0245106 -0.2439160 0.0813950 -0.0803225 -0.2394827 -0.1022811 0.0280068 -0.3874463 -0.1733182 -0.0578732 0.0285335 -0.3374423 -0.2049180 -0.2092911 -0.3707115 0.0959359 -0.0923881 -0.4000291 -0.3049353 -0.0913492 0.3463090 0.6265457 0.6228335 0.5644644 0.3964621 0.5022136 0.3663301 0.3696568 0.1615657 -0.0385179 0.2026472 0.2719409 0.2804771 0.3187535 0.3208003 0.4636858 0.4661069 -0.0076572 0.5537484 0.5620715 0.2975600 -0.1347172 0.2345881 0.3475641 0.3933825 0.2626661 -0.0489175 0.3590390 0.3365205 0.3512877 0.2461447 0.0668756 0.3027661 -0.2551668 -0.1076361 0.2767326 0.4828025 0.3652573 0.3758888 0.0075947 0.0464016 0.0473703 -0.1785015 0.6969746 0.4707353
