0.0000000 0.4284867 0.0146940 0.2056942 0.0849235 0.3494041 0.5029493 0.3888087 0.2058103 -0.0672716 -0.2065828 0.2704444 0.0790162 0.0211269 0.0740888 -0.2252690 -0.0684637 0.0570345 0.0498801 0.1799935 0.3752214 0.2333754 -0.1519004 0.1785969 0.0228832 0.0515673 -0.1331660 0.1104505 0.1164475 -0.0134019 0.2584665 0.0777299 0.3155255 0.2755819 0.1135385 0.2543208 0.1266964 0.1959100 0.0404627 -0.1615687 0.2692329 -0.0197880 0.1735053 0.0016241 -0.0549060 -0.0983825 -0.0090805 0.2881789 0.1022886 0.2028958 0.0115462 0.0572454 0.1360040 -0.2189267 0.0733941 -0.0024252 0.0930442 -0.3431368 0.0213936 0.1467608 0.0459784 0.0931020 0.0715605 0.2418282 0.1278651 -0.0294747 0.0023013 -0.0258355 -0.0777125 0.1374161 -0.0531963 0.1865336 0.1326059 0.3159217 -0.1268149 0.3443729 0.3468574 0.0751104 0.2586766 0.3169998 -0.1141104 0.4172876 0.4840151 0.5712597 0.4987482 0.1778058 -0.1599539 0.4933120 0.2959249 0.1447532 0.3003087 0.0297652 0.2200772 0.4235953 0.0928536 0.0144110 0.2480867 0.2495374 0.1169953 0.5280303 0.3460787 0.2666006 0.4116060 0.3429030 0.3932295 0.1596163 0.3807990 0.6687301 0.1672822 0.5252699 0.1296616 0.1504651 0.3110033 0.5918220 0.5034894 0.6103049 0.5853044 0.4505374 0.6673716 0.4552117 0.4389664 0.6284504 0.1296955 0.6662504 0.2577798 0.0008635 0.4437548 -0.0065344 -0.1489887 0.6359684 0.3443563 0.0852082 0.3540272 0.3776560 0.2421006 0.3569054 0.1747812 0.0126424 0.3459765 0.0381874 0.3949501 0.1147213 0.5142864 -0.0663836 -0.1064860 0.2141240 0.4498014 0.2957861 0.4344432 0.0670973 -0.0677752 -0.0492215 0.5072512 0.3492602 0.3072206 -0.1482563 0.0194568 0.3982841 0.2522205 0.0163626 0.2660470 0.3039711 -0.1360566 -0.0071490 0.4914301 0.2795443 0.2055670 0.1219644 0.1146431 0.2332495 0.4221376 0.3703204 0.7214229 0.3810835 0.4840810 0.5600954 0.4523342 0.1664382 0.3553182 0.0360800 0.0860466 0.3081164 0.0370986 0.0106795 -0.1241150 0.1786259 -0.0452255 0.0938080 0.2397431 0.2748248 0.3162544 0.3863472 0.2773440 0.4057799 0.1933071 0.4446294 0.4263836 0.4237107 0.1753350 0.0740441 0.2001331 0.0139656 0.2467191 0.2946788 -0.0201728 0.0044495 0.2494319 0.2117396 -0.0952121 -0.0871914 -0.0905061 0.1996521 -0.1854946 0.5349660 0.5784722 -0.0791580 -0.2276015 -0.0843689
0.4284867 0.0000000 -0.1718466 0.4897289 -0.4378584 0.5719094 0.6404268 0.1877194 0.4350175 0.2934972 0.0240142 0.4603890 -0.4743415 0.3066154 0.1264318 -0.1170340 -0.0579301 0.3729965 0.2399588 -0.3888208 0.4804500 -0.1708519 -0.2422051 0.3785348 0.0772410 -0.0573886 -0.0331302 0.2615651 0.3512443 0.0988368 -0.1940540 -0.0246616 0.6556360 0.5880597 -0.0806355 0.3727800 0.0495321 0.0726723 0.1473973 -0.1529746 0.1099831 0.2297520 0.0522081 -0.0594967 0.0677546 -0.1390563 -0.1735155 0.1717212 0.3188089 0.0589774 -0.2676140 0.1965810 0.4981491 0.0423341 -0.0334806 -0.0701375 0.0730591 0.1017214 0.3093406 -0.0360646 0.4047270 0.0662725 0.0212048 0.3393878 0.4167614 -0.0339202 -0.0678581 0.1929587 -0.0144109 0.2121707 0.0273144 0.2193589 0.1842112 0.4125050 0.1356810 0.3984820 0.3685990 0.1217253 0.1525265 -0.0154739 -0.2247811 0.2913824 0.2877040 0.4698837 0.3618451 0.2150781 -0.4436122 0.2650730 0.2012820 0.1146933 -0.1663190 -0.3628858 -0.3418241 0.1159306 -0.1402257 -0.1529834 0.0207225 0.2684081 -0.1421865 0.2979652 -0.0402623 0.1543143 0.2139202 0.1387362 0.1919867 -0.1949656 0.1826056 0.2798896 0.1184270 0.0151235 0.0553120 0.1068271 0.2722496 0.1162360 0.1469081 0.2116932 0.0979977 0.0284797 0.2101479 -0.0591878 0.0573829 0.3071896 -0.2040483 0.5126491 -0.1357889 0.2669145 0.0883707 -0.1839569 -0.1539748 0.4540445 -0.0071520 -0.2526811 -0.3050768 0.2562023 -0.0987198 -0.0857947 -0.2166302 -0.2249835 -0.2421488 -0.1016412 0.1862377 -0.1500625 0.1421303 -0.4139352 -0.0947374 0.0677759 0.0617496 0.1030833 0.1253821 -0.1082528 -0.3470395 -0.2232717 0.1533343 0.1675233 0.1663667 -0.2471573 -0.3766250 0.1972167 0.0577575 -0.2717242 0.2647822 0.0085368 0.1556239 -0.2479264 0.2550827 0.1808855 0.3270532 0.1176941 0.1873752 0.0163707 0.2546836 0.1488223 0.3608968 0.3794635 0.7689016 0.7423254 0.4100380 -0.2033048 0.1863163 -0.6031350 -0.5198916 -0.3729051 0.0708500 -0.1085990 -0.0052343 -0.0201520 0.0077853 -0.3114026 0.2262953 0.1545230 0.2539173 0.3277859 0.4302350 0.4015040 0.3191165 0.5073768 0.4890346 0.3076646 -0.2462944 0.3255303 0.1218120 0.0056279 -0.0952509 0.0803524 -0.0452664 -0.0877907 0.3395653 0.2959242 0.1793386 0.1388497 0.0529349 -0.0388622 0.1398741 0.4493674 0.5774981 0.1391431 0.0512357 0.0799502
0.0146940 -0.1718466 0.0000000 -0.1356121 0.7235199 -0.1821526 0.0253314 0.4556106 -0.1662322 -0.0961889 0.1037760 0.4353654 0.6686118 -0.3521366 0.2054904 0.3256520 0.2245512 -0.3169618 0.1631265 0.6690103 0.2095928 0.4388931 0.2298930 0.0416322 0.1354342 0.0574711 -0.0892609 -0.2029941 0.1100377 -0.2879152 0.3759809 -0.1039099 -0.1214140 -0.0673720 -0.1484339 -0.0354027 -0.1856009 0.0562430 0.0392841 -0.0624690 0.3065685 -0.0468655 -0.0291965 0.0888214 0.0059247 -0.2994819 -0.1743779 0.2106423 0.0236323 -0.2348836 -0.0316069 -0.0317874 -0.1555397 -0.3365962 0.2086977 -0.2741867 -0.2592216 -0.2936550 -0.2994978 -0.1393041 -0.2475612 -0.1964215 0.3370798 -0.1441950 -0.0964086 -0.1402793 -0.1124767 -0.2414816 0.1270228 -0.1931826 -0.0964348 -0.2177142 -0.2456589 -0.1061433 -0.0254397 -0.1217428 0.0447870 -0.1907660 -0.1222961 0.2290198 -0.1058532 -0.2361688 -0.3264679 -0.1944328 -0.1529085 -0.0121693 0.2367537 -0.2492896 -0.1568184 -0.4557992 0.1641909 0.1933748 -0.1093809 -0.1909079 0.3262622 -0.0202150 -0.3984720 -0.4249053 -0.0703627 -0.2399766 0.3091766 -0.2652221 -0.1500557 -0.1625761 -0.5248850 -0.0622008 -0.2353179 -0.1625914 -0.5510566 -0.1395898 -0.6050434 -0.5147709 -0.0300534 -0.0808113 0.0497690 -0.1613669 -0.1296513 0.1776707 -0.0378321 -0.0569693 -0.1087224 -0.0411293 0.3204210 -0.0482530 0.1800280 -0.0189807 0.0738269 0.2757310 0.1728345 0.1195581 0.2595970 0.2827755 0.1455841 0.4558469 0.1586500 0.4396998 0.3319802 0.2582086 0.2609935 0.3772809 0.2004822 0.3582648 0.2703987 0.3570045 0.1024647 0.0027776 0.2619116 0.3340034 0.2005848 0.4571858 0.5003187 0.2819207 0.1268087 0.0700844 -0.0227158 0.3982532 0.1025848 0.1052623 0.3329681 0.3858225 0.2761489 0.2291394 0.0190506 -0.0089044 0.0983344 0.2210548 -0.1821651 -0.0206538 -0.2354924 0.0290934 0.0243584 0.0655995 -0.0918822 -0.4294521 -0.1965326 0.1766786 0.4455115 0.4540967 0.3711101 0.3384628 0.3969860 0.0981622 -0.0991316 0.0537903 -0.0653193 0.0900584 0.0348944 0.3735048 0.1587550 0.1181766 -0.1678291 0.1743006 0.0426426 -0.0444084 -0.1055144 0.0345771 0.2576110 0.1516671 0.0911568 0.0677559 0.3589598 -0.1287584 0.1129545 -0.3383659 0.7050603 0.3538201 -0.0461210 0.2196510 0.3041431 -0.0799431 0.0316922 0.3177928 0.1223463 0.2541656 0.1063705 -0.0589097 -0.0138227 -0.3722492
0.2056942 0.4897289 -0.1356121 0.0000000 -0.2113699 0.7793316 0.5563757 0.4203887 -0.0389069 0.5847735 0.6422580 -0.0446881 -0.1264532 0.2328639 -0.0687342 0.3723088 0.1118102 0.1232950 0.5669049 -0.3098304 0.0409156 0.1485694 0.1768018 0.0309092 0.5173244 0.5264712 -0.1197824 0.1732089 -0.3228440 0.1922542 -0.0971874 0.5256557 0.0015644 0.0858970 0.4885263 -0.1199840 0.6187738 0.4697068 0.0911415 0.3567787 0.3295050 -0.3532076 0.3550643 -0.0297365 0.1405028 0.4992292 0.5435280 0.4042079 0.0719661 0.6317682 0.4719124 0.4547026 0.5411144 0.4242450 0.2549591 0.5209715 0.6260465 0.3569456 -0.2602164 0.6222749 0.5005634 0.6894161 0.0138257 0.7350587 0.8917824 0.5211856 0.5041054 0.6856961 0.4573560 0.7715720 0.5062986 0.7610116 0.6937555 0.7535767 0.7156784 0.8030133 0.5084820 0.7179218 0.6479952 0.2107002 0.3654633 0.1931585 0.1880734 0.4540880 0.5338221 0.4186060 0.3128736 0.2845843 0.3372264 0.2859141 0.4724806 0.3621155 -0.0781092 0.2782844 0.2368520 0.3523073 0.2983424 0.3702007 0.1780252 0.4568138 0.3731641 0.3150710 0.3980930 0.3131780 0.1057862 0.3063885 0.3589800 0.3143911 0.1196285 0.2645238 -0.0226287 0.2035360 -0.0133387 0.2449423 0.0951797 -0.0207363 0.0987223 0.0291657 -0.0638323 -0.4030222 -0.0481720 0.1640189 -0.5305883 0.0103148 -0.4720324 -0.3966382 0.0554603 -0.5392596 -0.5982762 0.2328783 -0.1984633 -0.0023979 -0.3143654 -0.0904904 0.2684045 -0.2763099 -0.4884789 -0.6545077 -0.4437918 -0.4190181 0.1807220 -0.4762059 0.1097630 -0.2407766 -0.4608229 -0.0010767 0.0470265 0.0645701 0.1760474 0.0586576 -0.2203867 -0.2084678 -0.0532761 0.0879939 0.2999707 -0.1222957 -0.1476291 0.0665315 0.1019005 -0.2798624 0.1897572 -0.2218764 0.0711043 -0.1175183 0.0801007 -0.1366072 0.1189958 0.0102664 0.1048389 -0.2351707 0.1153206 0.0536399 0.2414940 0.0981746 0.5302432 0.3247873 0.2128129 -0.0125561 0.1521848 -0.0909229 0.1380557 -0.0280078 -0.4643839 -0.5228118 -0.4603107 0.6751908 -0.1607136 0.3879077 0.4790622 0.2249284 -0.2082513 0.3075713 0.1654593 -0.0644815 -0.3478068 0.1173718 0.0830860 0.2167086 0.1539223 -0.2071770 -0.2441652 -0.1444810 0.1699564 -0.2157450 -0.3930914 0.3017250 -0.3005020 -0.1308448 -0.1109933 0.0884429 -0.1024776 -0.3489540 -0.2037723 -0.0021193 0.3010406 -0.3581534 0.0588708 -0.0262131
0.0849235 -0.4378584 0.7235199 -0.2113699 0.0000000 -0.2266529 -0.2253693 0.1797186 -0.1491406 -0.0299361 0.0773459 0.1840056 0.6826234 -0.1810594 0.0575559 0.3443746 0.2693058 -0.2423796 0.0052075 0.4924534 0.0185479 0.2960393 0.1709506 0.0218181 0.0608202 0.1633793 0.0549439 -0.2139719 -0.1288696 -0.1330879 0.2967354 0.0820911 -0.2508633 -0.2303959 0.0000972 -0.2536467 0.0377943 0.0221002 -0.1782617 -0.3624926 0.1721112 -0.3865611 -0.0381521 -0.2394436 -0.2819976 -0.0980654 0.0470766 0.1475440 -0.3418588 -0.1455993 0.2120730 -0.3156789 -0.3144104 -0.5017238 0.2967435 -0.1566238 -0.0426710 -0.5284201 -0.5101872 0.1245188 -0.5864478 -0.1035132 0.4015379 -0.3269256 -0.2583850 -0.0221217 0.2007153 -0.1639302 0.0839368 -0.2181019 -0.0552074 -0.3166675 -0.0620718 -0.2759787 -0.2457323 -0.0694089 -0.1920995 -0.0815659 0.1643902 0.5850314 0.0940157 -0.1525275 -0.0400773 -0.0551603 0.0785294 0.0568470 0.1776766 0.0661500 -0.0197913 -0.2404418 0.4117079 0.3515673 0.2683156 0.0043296 0.2820013 0.0991526 -0.0420322 -0.1873500 0.1157197 0.0313711 0.3273575 -0.0617081 0.0308426 -0.0034958 -0.1444043 0.0296571 -0.0087092 0.1027681 -0.2115134 0.1571451 -0.3120481 -0.3404612 0.1493604 0.2415393 0.3998184 0.0969457 0.2205402 0.5543913 0.2304389 0.2499329 0.2174403 0.1226811 0.3391516 0.1255227 0.5357030 -0.1367269 0.2076665 0.2061999 0.1696967 0.2958873 0.6240778 0.2662110 0.4500684 0.3084332 0.3292476 0.3198421 0.6210913 0.3734299 0.5320147 0.0669403 0.2801457 0.2038593 0.3328064 0.2304342 0.3377642 0.0921380 0.3973996 0.3606120 0.3310068 0.2865907 0.2103486 0.2427133 0.2431116 0.2277735 0.0821976 0.1061178 0.3006742 0.1686805 0.3359193 0.1646836 0.2662153 0.1795305 -0.0723592 0.0938970 0.1895660 0.2022844 -0.0486905 0.1124050 -0.1682670 0.1054675 0.1676740 0.2130286 0.2397782 -0.2328194 -0.4494456 -0.1212952 0.3821808 0.5810170 0.3540944 0.3577086 0.6564814 0.2931543 -0.3110342 -0.0454090 -0.2812148 0.0911784 -0.2312679 0.5699986 -0.1096991 -0.1027021 -0.4051036 -0.0069890 -0.1368246 -0.3108249 -0.3213914 -0.1077869 0.0658480 0.1636422 0.5804678 -0.0506379 0.1797137 -0.2228448 0.3918926 -0.1724195 0.3698552 0.3949521 -0.1419555 0.1359558 0.0863356 -0.1435394 0.1980432 0.2935081 0.0793055 0.1840266 -0.1179641 -0.0630542 -0.0415147 -0.2627678
0.3494041 0.5719094 -0.1821526 0.7793316 -0.2266529 0.0000000 0.4330859 0.2790959 0.2009177 0.5102260 0.5899033 0.0329348 -0.1977844 0.2905628 0.3560045 0.4020829 0.1245462 0.3956210 0.4859036 -0.3469291 0.0051980 0.1191998 0.0963444 0.3325042 0.3508185 0.4468391 -0.1359578 0.3945120 -0.1911175 0.1103013 -0.1180379 0.3692843 0.2594906 0.2385409 0.2984390 -0.2099444 0.4657814 0.4469655 -0.1562605 0.0951518 0.2173438 -0.4213409 0.1444387 -0.0885892 0.0141897 0.3277455 0.2888993 0.2858644 -0.0414112 0.5891346 0.2650146 0.2592631 0.3948504 0.0576997 0.2665224 0.3768770 0.4393014 0.0069274 -0.1946591 0.4299648 0.4095655 0.5079224 -0.1127536 0.4682840 0.7994057 0.2600518 0.4498247 0.6017596 0.1806808 0.5948054 0.3558889 0.5020145 0.6189318 0.4859652 0.4994521 0.6359090 0.2847925 0.7170458 0.7697836 0.0713927 0.5648299 0.3037150 0.2516406 0.4760724 0.5340083 0.2578305 0.0837316 0.3234002 0.2821909 0.3417292 0.4569254 0.3259811 -0.0409579 0.2490752 0.3229302 0.3852590 0.3416774 0.3146481 0.1592229 0.5366932 0.3397216 0.2961325 0.2979025 0.4535483 0.3183959 0.2657901 0.3242802 0.4144668 0.3152818 0.2561582 0.2010467 0.2139032 0.0846431 0.2916517 0.1093604 -0.0224489 0.1673470 0.0800339 -0.0224917 -0.1949229 0.0806037 0.2306449 -0.1391280 0.1484825 -0.2103476 -0.2200393 0.0286817 -0.1534645 -0.3210540 0.4608286 0.1243673 0.0532886 -0.0610391 0.1378472 0.1488949 -0.0778379 -0.0405865 -0.2760355 0.0040766 -0.3156818 0.1494643 -0.2634377 0.0365512 -0.3124354 -0.1952445 0.0097240 0.3190009 0.2698686 0.1721203 0.2519602 -0.1615398 -0.2215390 0.1651029 0.0511903 0.3169204 -0.2825427 -0.2714087 0.0675183 0.1338961 -0.2429002 0.1999675 -0.1705446 -0.0404565 -0.3131934 0.1594525 -0.0749005 0.0425073 -0.0090882 -0.0023757 -0.2090487 0.1186080 0.0445989 0.3617224 0.0282918 0.4973019 0.3183789 0.1453629 -0.1458210 -0.0339106 -0.3766408 0.0444869 -0.1219469 -0.4526068 -0.4356478 -0.4259476 0.4833896 -0.2335659 0.0981383 0.1766880 0.0766351 -0.2714230 0.1211658 -0.0258886 -0.0885375 -0.0958143 0.2562372 0.1181030 0.0241509 0.2386299 -0.0953446 -0.0567038 0.0176496 0.2599998 -0.1000026 -0.4169960 0.3917772 -0.1090754 -0.2279422 -0.0081878 0.2721841 -0.0628396 -0.0295951 -0.1795355 -0.0886003 0.1899204 -0.2313045 0.2207027 0.1083431
0.5029493 0.6404268 0.0253314 0.5563757 -0.2253693 0.4330859 0.0000000 0.2816180 -0.0951132 0.1630839 0.1790162 0.2302227 -0.3571747 -0.0769329 -0.1084147 -0.0524384 -0.1043193 -0.0957961 0.0957851 -0.1701162 0.1761038 -0.0727569 -0.0313100 -0.0808866 0.0452578 0.0457979 -0.2420909 -0.0922537 -0.0461973 -0.1877252 -0.0903992 -0.0453953 0.1152330 0.1614207 0.0767863 0.1731310 0.0731222 -0.0664091 -0.0916364 0.0084951 0.0642071 -0.0738802 0.0080187 -0.1966089 -0.2123701 -0.2296153 -0.1270109 -0.0061871 0.1079973 0.0211108 -0.1481128 0.1872790 0.3206399 0.1302547 -0.3350510 -0.1881057 0.0643986 0.0866625 0.0534406 0.0309137 0.2214924 0.1783451 -0.0629177 0.3701587 0.3976324 0.0100750 0.0275284 0.2260727 0.0368346 0.2320580 0.1825255 0.3247902 0.1067412 0.4091863 0.2050207 0.3319662 0.5158079 0.2880642 0.0806080 0.2629207 -0.0374322 -0.0787347 0.0233246 0.3791559 0.3298569 0.5589956 -0.1815538 -0.0635201 0.3659761 0.2863354 0.0617180 -0.0300887 -0.0862642 -0.0401724 0.0508237 0.0676540 0.1510350 0.5422117 0.1354213 0.0689954 -0.0046316 0.4827997 0.4689528 -0.1464716 0.2179853 0.0408318 0.5249413 0.3706340 0.2932300 0.2857783 0.1074240 0.3970784 0.2057103 0.2677610 0.1920636 0.3390650 0.2014283 0.0301608 0.1921861 -0.0686760 -0.0201317 0.1609262 -0.1948116 0.1424495 -0.2562591 -0.1975002 -0.0016367 -0.1654370 -0.4590144 0.1378009 -0.2711156 -0.1821145 -0.3612411 0.0782119 -0.0168334 -0.1798700 -0.3812434 -0.5834056 -0.3773197 -0.3278524 -0.0382602 -0.4680447 0.0944952 -0.4724097 -0.5559482 -0.1886452 -0.2268569 -0.2226696 -0.0240390 -0.2703010 -0.4093582 -0.4584495 -0.2617452 -0.1538852 -0.1423918 -0.2662246 -0.5084773 -0.1607969 -0.2336221 -0.4768263 -0.1043494 -0.3410101 -0.2601275 -0.4855659 -0.1189073 -0.2874052 -0.1322141 -0.2916510 -0.2109727 -0.4012925 -0.0715511 -0.1836527 0.2058495 0.2504815 0.6425318 0.7132880 0.4035038 0.1196638 0.1711698 -0.0903882 -0.1202479 -0.2216680 -0.1662615 -0.3462139 -0.1653195 0.1877639 0.0964443 0.0101004 0.3444456 0.2448576 0.2601453 0.3963828 0.2739994 0.1244270 -0.0801661 0.2046548 0.1804584 0.3570197 0.0213585 -0.0947119 0.2922234 0.0285090 0.0123327 0.0568821 -0.1088793 -0.0363932 0.0293557 0.3821211 0.3567039 0.3150454 -0.2425927 -0.2538910 -0.2643994 0.1644840 0.6158935 0.0303893 -0.1606978 -0.1926382
0.3888087 0.1877194 0.4556106 0.4203887 0.1797186 0.2790959 0.2816180 0.0000000 -0.2283372 -0.0537633 0.1903663 0.2412397 0.5974143 -0.3463019 -0.1544211 0.2836057 0.2459479 -0.3667958 0.4410902 0.4364103 0.4106608 0.5689256 0.2486008 -0.2636320 0.4015951 0.2266349 -0.0480570 -0.3417370 -0.1016472 -0.2434392 0.3786373 0.2203543 -0.2244991 -0.0785056 0.1657584 0.1895900 0.1598181 0.4424194 0.2995797 0.2392312 0.5045686 0.0587607 0.3780841 0.1282288 0.3734542 0.0307524 0.1937299 0.5111567 0.2024618 0.3402881 0.2070621 0.4350236 0.2491927 0.1341037 0.3496562 0.2021131 0.1499901 0.1566188 -0.0853391 0.2094250 0.4962781 0.2221077 0.2408905 0.4652259 0.4616300 0.2220803 0.0547387 0.0620005 0.4829341 0.4402661 0.1029228 0.4472512 0.1480917 0.6713614 0.4448723 0.4313201 0.5440472 0.1508993 0.2174576 0.1416959 -0.0101142 0.1996666 0.1415054 0.3151707 0.3232847 0.1169581 0.3772438 0.3045936 0.1479927 -0.1266330 0.3058215 0.2105152 -0.1427275 0.2811183 0.3781520 0.1935036 -0.0068207 -0.0901938 0.2594506 0.3363338 0.5178918 0.0981845 0.1204938 0.3745229 -0.1354478 0.3436787 0.0832887 0.2756234 -0.3645554 0.2721606 -0.1840261 -0.1322675 -0.0372144 0.2539099 0.2110815 0.0609290 0.2188971 0.1827297 0.1661509 0.0129247 0.1301760 0.3391208 -0.1218862 0.2456351 -0.1233607 -0.1395339 0.2644450 -0.2872325 -0.2647925 0.2979874 0.0504438 0.1210274 -0.0603977 0.3439350 0.2086907 0.1465322 -0.2377486 -0.1520798 -0.0811771 0.2424683 0.2395116 0.1356458 0.3117949 0.2855701 -0.3952083 -0.0381493 0.2634558 0.2210294 0.2325056 0.3022403 0.3973546 -0.0116542 0.2053605 0.1365273 0.1940876 0.0521713 -0.0182003 0.1405403 0.2609752 0.4281857 0.1934381 0.1938289 -0.0609362 0.0644723 0.2209584 0.1598485 -0.0300993 -0.0545059 -0.0862377 0.0443669 0.1245724 0.1134948 0.3480149 -0.0292053 0.3821779 0.4971059 0.2906650 -0.1456581 0.4248173 0.2434111 0.1284377 0.3753200 0.0320339 0.0726948 -0.0244921 0.5398140 0.2070143 0.3996571 0.6225461 0.4575382 0.2407788 0.4284886 0.4035561 0.4006354 0.1059457 0.4466687 0.4545012 0.3825088 -0.1444801 0.0030986 0.0553463 -0.1387108 0.0003821 -0.5561258 0.0858593 0.1556493 0.0698781 -0.0647403 -0.0478908 -0.3335337 -0.1961832 -0.1079061 -0.4147404 0.2008486 0.3559668 -0.3608082 -0.2715523 -0.4199548
0.2058103 0.4350175 -0.1662322 -0.0389069 -0.1491406 0.2009177 -0.0951132 -0.2283372 0.0000000 0.2918380 -0.0981829 0.2412851 -0.2201068 0.6471940 0.3374280 -0.0434359 0.0233121 0.7381036 0.2408164 -0.0681914 0.1616214 0.0132824 0.0417430 0.7039088 0.1578981 0.0880559 0.5602681 0.5289708 0.6275093 0.6053587 0.0813502 0.1654314 0.8453357 0.8333441 0.0967487 0.3188087 0.1559705 0.2100083 0.2674590 -0.2736620 0.1812188 0.3120495 0.2167818 0.1293236 0.0845335 0.0680520 -0.0216213 0.2643728 0.4676841 0.0550242 -0.0483224 0.1666278 0.3534921 -0.1278311 0.1972876 0.0094139 0.1450183 -0.1035764 0.4127039 0.0943209 0.0523455 0.0650875 0.4443355 0.1202115 -0.1120653 0.0976837 0.1376058 0.0552346 -0.0371637 -0.0013225 0.2873625 -0.1713000 0.2029971 -0.1034504 -0.0124371 0.1241785 -0.1227401 0.0983084 0.0406243 -0.3041829 -0.1805037 0.3959675 0.1938465 -0.0542136 -0.1382319 -0.4388982 -0.5980053 0.1350862 -0.2204769 -0.3983078 -0.2821423 -0.4620448 -0.2312906 0.1521433 -0.5145209 -0.4952111 -0.2025847 -0.1338072 -0.4823610 0.1058202 -0.3346313 -0.3579884 -0.2085945 0.0936663 0.0196135 -0.4885110 -0.3389203 -0.0051561 -0.1517454 -0.3295289 -0.1751886 -0.3880440 0.1317128 -0.0649943 0.0192204 0.0896192 0.0103964 0.2124420 0.2577097 0.1701357 0.2358837 0.2917446 0.2282279 0.4085758 0.2254420 0.3447651 0.3467844 0.2815333 0.3069682 0.5122357 0.3752216 -0.1910379 0.3382344 0.3976990 -0.3745896 0.2351505 0.3102991 0.3866366 0.3075835 -0.0688010 0.0854852 0.0913176 -0.0352035 -0.3314764 0.5546441 0.1478969 0.3299074 0.1348872 0.0209120 -0.1488115 -0.3219027 0.1524138 0.4735828 0.2056717 0.1502470 -0.0696997 -0.1190601 0.3331094 0.3260309 -0.2218740 0.2118228 0.2417538 0.2474680 -0.0988924 0.3954034 0.4961999 0.3227853 0.1559269 0.3104976 0.2304685 0.2441567 0.2634125 0.1811374 0.4370012 -0.0533768 -0.0743421 -0.0385237 -0.1751621 -0.1767139 -0.6332518 -0.3601184 -0.2981662 0.1833859 -0.0340760 0.3319961 -0.4311038 0.2235205 -0.2723339 -0.2188498 -0.1340871 -0.1406347 -0.0362036 -0.0936937 0.0219791 0.0628870 -0.0233479 0.0345531 -0.4294873 -0.1716393 0.3016486 0.1569523 0.2275800 -0.0937749 0.1853096 0.1942526 0.1101149 0.1597216 0.2452840 -0.0526619 -0.1529021 0.3118569 0.2511507 0.4879429 0.3170329 0.3393187 0.3648966 0.0575945 0.3289533
-0.0672716 0.2934972 -0.0961889 0.5847735 -0.0299361 0.5102260 0.1630839 -0.0537633 0.2918380 0.0000000 0.6474572 -0.0418216 -0.1012564 0.8120457 0.0176800 0.3962308 0.4844742 0.6666500 0.4500614 -0.2071350 -0.1383876 0.0507812 0.2879754 0.5977006 0.5111060 0.5441322 0.0968917 0.6176994 -0.1693420 0.6680101 -0.1103839 0.5149446 0.2878312 0.2227383 0.4456631 -0.2628981 0.6353693 0.2876639 0.2235377 0.0259019 0.1783809 -0.3676060 0.4605678 -0.3252079 -0.1093343 0.5421056 0.5627543 0.2569323 -0.1050484 0.3083766 0.5470064 0.5310459 0.4630581 0.3408637 0.1375150 0.4066856 0.5825277 0.3426743 -0.2686052 0.6566444 0.0867854 0.7230101 0.1409877 0.4305938 0.6404270 0.4255054 0.7342628 0.8325094 0.1019261 0.5192337 0.4570936 0.2966636 0.7491980 0.2156464 0.2275898 0.5429688 -0.0480701 0.4599038 0.4972643 0.0818066 0.1960938 0.4258410 0.3749435 0.2202633 0.2948669 0.0461468 0.0254220 0.2774427 -0.1382078 0.0449475 0.1913029 0.0234253 -0.1787298 0.1534417 -0.0341151 -0.0440578 -0.0110103 0.1352813 -0.1937137 0.2593009 -0.0222184 -0.1218791 0.1892105 0.1650311 -0.2142151 0.0421601 0.1001215 0.1209740 -0.0779773 0.0760115 -0.2258049 -0.0174323 -0.0931392 0.1364894 0.2251870 -0.0326004 -0.0313460 0.2134979 -0.0133963 -0.3595014 -0.2263025 -0.1157409 -0.3288579 -0.0259918 -0.0066676 -0.1475078 -0.3388809 -0.2445206 0.0374702 0.1145781 0.0608201 -0.1273345 -0.3798196 0.0934698 0.1662577 -0.1606754 -0.0195932 -0.2803481 -0.3101062 -0.4739121 0.2527904 -0.4562761 -0.0009375 -0.1299687 0.3109881 -0.0385976 -0.0219602 -0.0222849 0.1456315 -0.0217630 -0.3747943 0.1900149 -0.0616305 0.1925966 0.1934696 0.0252484 -0.0173547 0.1303434 0.1978250 -0.3710632 0.2598606 -0.2628560 0.5094669 -0.0833818 0.1011292 0.1648233 0.2814338 0.1254331 0.1373660 -0.1968219 0.2137359 0.1506385 0.2417005 0.0936991 0.1161804 -0.0610382 0.2189837 0.2154620 0.0848222 -0.3969838 0.1335051 -0.2540972 -0.4539801 -0.4690109 -0.5280647 0.2027949 -0.4072228 0.2432737 -0.0548782 -0.3711954 -0.5741665 -0.1466663 -0.3175552 -0.4387918 -0.4878302 -0.1210437 -0.1230025 -0.2549622 0.1402951 -0.0588047 -0.4912083 -0.1497533 -0.1109836 -0.1458273 -0.2401348 0.5557599 -0.2025220 -0.1281899 -0.3926819 0.1159563 0.1860859 -0.2127584 0.0668102 -0.0323391 -0.1140505 -0.1979446 -0.1322686 -0.0514712
-0.2065828 0.0240142 0.1037760 0.6422580 0.0773459 0.5899033 0.1790162 0.1903663 -0.0981829 0.6474572 0.0000000 -0.2435220 0.1836430 0.1938028 0.1402516 0.8607038 0.6217819 0.2121642 0.6303390 0.0130713 -0.3611560 0.4079276 0.7148263 0.1045927 0.7164236 0.8326679 0.0770390 0.2891552 -0.4687626 0.2744400 0.2289818 0.6782166 -0.1226266 -0.0917151 0.6612556 -0.4719704 0.7236749 0.5773281 0.0641157 0.3445178 0.4188521 -0.5984658 0.4460676 -0.1456028 -0.0626491 0.6072347 0.6200846 0.3953803 -0.1582645 0.5868785 0.6447626 0.5041156 0.2822691 0.4369834 0.3638789 0.5351839 0.6742936 0.3586601 -0.4680918 0.6826754 0.2229163 0.7780447 0.2335976 0.4541327 0.6956285 0.6306760 0.7670611 0.8457367 0.4560161 0.7396971 0.6481493 0.4750052 0.7527623 0.3244337 0.6080016 0.5972056 0.0911032 0.7690593 0.6785340 0.2092690 0.5361644 -0.1524869 -0.1065723 -0.0735107 0.0512319 0.0130908 0.3507613 -0.0935097 -0.1852635 -0.0793678 0.3018818 0.3920444 -0.0859321 -0.2227876 0.0928381 0.1167127 0.1674635 0.1297467 -0.0940430 -0.0097080 0.0424995 -0.0118071 0.0045258 0.0227957 -0.1389532 0.0693939 0.0029648 -0.0784323 -0.0584267 -0.1179348 -0.1722475 -0.0906194 -0.2880321 -0.0514566 -0.1189586 -0.3055778 -0.1595756 -0.1131944 -0.3380190 -0.4768038 -0.2901722 -0.2610769 -0.1695317 -0.3379048 -0.2774894 -0.4103190 -0.1796544 -0.2253364 -0.3118791 -0.0903037 -0.1598110 -0.0407341 -0.1824250 -0.0976509 0.1601633 -0.3523208 -0.1404226 -0.4727081 -0.2963859 -0.4272258 -0.1108902 -0.5065753 -0.1375601 -0.1834717 -0.1262945 -0.3138607 -0.0418647 -0.0579135 -0.0127986 0.1159606 -0.1582887 -0.0792822 -0.3079004 -0.2377701 0.0470304 -0.1174344 -0.1246899 -0.2494714 0.0939861 -0.3037996 0.0443626 -0.4190773 -0.0238073 -0.2484584 -0.1884666 -0.2962812 -0.2095600 -0.2063043 -0.1091727 -0.3916606 -0.1727765 -0.1486148 -0.0569299 -0.3270802 -0.1118397 -0.1265457 0.0073585 0.1103812 -0.1744089 -0.1288252 0.3082596 -0.2632420 -0.6811819 -0.6355776 -0.4813141 0.3858410 -0.1002589 0.4744440 0.1027543 -0.0641086 -0.5689528 -0.0871619 -0.2836891 -0.6007924 -0.5530667 -0.1855279 -0.1846513 -0.2685858 0.3548649 -0.2498529 -0.1670243 -0.3512681 -0.1187831 -0.4741881 -0.2035437 0.5202640 -0.4901035 -0.2649090 -0.0236719 0.0329014 -0.3115606 -0.2224039 -0.2055029 -0.4789560 -0.1237771 -0.2369848 0.2333852 -0.1416940
0.2704444 0.4603890 0.4353654 -0.0446881 0.1840056 0.0329348 0.2302227 0.2412397 0.2412851 -0.0418216 -0.2435220 0.0000000 0.0456141 -0.0764781 0.1956212 -0.2164921 -0.1173166 0.0544972 -0.0852390 0.1636992 0.8801628 0.0551286 -0.2352063 0.3325487 -0.0562591 -0.1385889 -0.1022796 -0.0069238 0.7598832 -0.1175773 -0.0090943 -0.2599602 0.4993653 0.5985404 -0.2180319 0.6942277 -0.2073170 -0.1039791 0.2387219 -0.2331504 0.0287763 0.5131790 0.0057175 0.1587295 0.3645177 -0.4056320 -0.2675097 0.1136623 0.5125230 -0.3496347 -0.1875491 -0.0690515 0.4820013 -0.4926949 -0.1935607 -0.4009178 -0.2248074 -0.4167454 -0.0377345 -0.2217460 -0.0258344 -0.2886334 0.0413102 0.1312970 0.0328077 -0.3146184 -0.2057441 -0.3196024 -0.4339457 -0.1512514 -0.3065809 -0.0414491 -0.2556785 0.2117799 -0.2855272 0.1399264 0.5082681 -0.4043389 -0.1934387 0.2475592 -0.4710615 0.0094642 -0.1113122 -0.0725097 -0.0353183 -0.0779797 -0.3301121 0.1390205 -0.2095187 -0.3441985 -0.2234663 -0.2690250 -0.2930984 -0.2178992 0.1044422 -0.1489703 -0.3882866 -0.2952581 -0.2376029 -0.1299702 0.1288924 -0.2772229 -0.2403866 -0.2475908 -0.3242660 -0.1671426 -0.1873132 -0.0467153 -0.3849039 -0.1695754 -0.3808695 -0.4766800 -0.0784572 -0.0784419 0.0729701 -0.1054303 -0.1040699 0.0825955 0.0970924 -0.1349014 -0.1073770 0.0756881 0.4393522 0.3176970 -0.0789996 0.6422175 0.0253187 0.3604730 0.2507471 0.2520011 0.1305014 0.3801967 0.0015782 0.1290874 0.1497218 0.4811420 0.1135872 0.3309493 0.1039887 0.4458003 0.4033941 0.3789477 0.5234630 -0.0211605 0.2444566 0.1550847 0.2138500 0.2469584 0.3680568 0.0880733 0.0880451 0.4226356 0.3100534 0.3921578 0.1902717 -0.0055383 -0.0931210 0.3238160 0.4046592 0.1642789 0.2797346 0.2549053 0.0413920 -0.0718756 0.2947073 0.4444667 0.1920188 0.2391014 0.1179870 0.2496583 0.3421057 0.3639473 0.1561679 0.0306449 0.2225624 0.6717868 0.7379908 0.0352420 0.7233796 -0.0110825 -0.1990577 -0.2302289 0.0761828 0.0216254 -0.0642359 -0.0883471 -0.1740089 -0.0370769 0.4587369 0.4754089 0.1311993 0.6847681 0.6408070 0.5119393 0.4789882 0.5639053 0.7626836 0.3137244 -0.3183323 0.7060108 0.0807210 -0.2111096 -0.0147749 -0.1838152 0.2803175 -0.1724860 0.4594383 -0.0175297 0.3131478 0.0107233 0.1847254 0.4146685 0.0044548 0.5698376 0.4679896 -0.1971421 -0.2016793 -0.2471966
0.0790162 -0.4743415 0.6686118 -0.1264532 0.6826234 -0.1977844 -0.3571747 0.5974143 -0.2201068 -0.1012564 0.1836430 0.0456141 0.0000000 -0.2912782 0.0280561 0.4274869 0.5273935 -0.3326342 0.2489285 0.8324624 0.0810273 0.7710950 0.4648752 -0.1090206 0.4022812 0.3516619 0.0807185 -0.1627652 -0.1620411 -0.0021303 0.7130832 0.3357949 -0.3390426 -0.2961498 0.2608975 -0.1114809 0.2068503 0.4713689 0.3355825 0.1885646 0.5476676 -0.1215823 0.4116077 0.1657142 0.1768580 0.1916798 0.3280363 0.5426896 -0.0679810 0.2421728 0.4396554 0.2384836 -0.1882337 -0.0064234 0.5462775 0.2460529 0.1466473 -0.0291165 -0.3362895 0.2922428 -0.0054050 0.1485512 0.4377070 0.0606764 -0.0022632 0.2433467 0.1942446 -0.0345434 0.3739772 0.1900592 0.0002917 0.0812929 0.1065230 0.1254942 0.0599406 0.1492914 0.0299567 -0.0885458 0.1508703 0.2643772 -0.0119918 0.0299356 -0.0049997 -0.1283515 -0.0655164 -0.2603341 0.5094916 0.1042937 -0.2668491 -0.4961873 0.3081152 0.3320357 0.1062994 0.0257283 0.2457260 -0.0324801 -0.1232950 -0.4678281 -0.0680461 0.0505719 0.4009585 -0.3395791 -0.1837861 0.2025613 -0.3812779 0.0734530 -0.3069208 -0.0890325 -0.6062539 0.0014236 -0.4813145 -0.5257452 -0.2328495 0.0330411 0.1181351 -0.1202218 0.0226411 0.2191248 0.0480406 0.0574472 0.0172762 0.0468230 0.1557651 0.0585727 0.2518893 -0.1610144 0.2175876 -0.0414570 0.1021507 0.1023770 0.2976821 0.2859744 0.3674447 0.3029995 0.3614016 0.2633654 0.2592093 0.2303097 0.3042210 0.3280000 0.2689876 0.3226867 0.3491907 0.5636535 0.1275066 -0.0357429 0.4094193 0.3500713 0.3468665 0.4280419 0.5770929 0.3859285 0.2677614 0.1782899 0.1921261 0.2768514 0.4659043 0.1950440 0.4932056 0.6117504 0.3104487 0.3421498 0.0335497 0.3683239 0.2475460 0.2610510 -0.0636807 0.1035828 0.0061114 0.2564353 0.1675131 0.2730352 0.1470218 -0.3713702 -0.3553633 -0.1190333 0.2050625 0.2789425 0.3156272 0.4751243 0.5573211 0.5170580 -0.0339359 0.1754664 -0.0638807 0.3028670 0.0725092 0.6519055 0.2305838 0.1626148 -0.1853232 0.0883211 0.0182272 -0.0422624 -0.1391562 0.0779164 0.2032525 0.1032985 0.1819784 -0.0726066 0.0085799 -0.3745655 -0.0384051 -0.5186076 0.3770887 0.3562057 -0.1850760 -0.1380257 -0.1759274 -0.4975331 -0.1871858 0.1832608 -0.1355579 0.1044158 -0.0497275 -0.3447207 -0.0926718 -0.3189164
0.0211269 0.3066154 -0.3521366 0.2328639 -0.1810594 0.2905628 -0.0769329 -0.3463019 0.6471940 0.8120457 0.1938028 -0.0764781 -0.2912782 0.0000000 0.0369751 0.0285153 0.2528872 0.8604209 0.2622468 -0.3019594 -0.1078606 -0.1445773 0.0178049 0.7592724 0.2617294 0.2400658 0.2916163 0.7371880 0.1071865 0.8197586 -0.1828301 0.3449427 0.5746591 0.4400678 0.2412960 -0.0925591 0.4257415 0.1402017 0.2495784 -0.1792278 0.0504097 -0.0945719 0.3421136 -0.2310541 -0.1262837 0.4264190 0.3539612 0.1486498 0.0020337 0.1550132 0.2912138 0.3535584 0.3402228 0.1964660 0.0994987 0.3019886 0.4009568 0.2105274 0.0955323 0.4362758 -0.0239904 0.4562840 0.1518222 0.2116168 0.2515054 0.2566081 0.4872105 0.5487347 -0.0785596 0.2064777 0.3074105 0.0145176 0.5548386 -0.0509402 -0.0400004 0.2736140 -0.2850503 0.2052446 0.2708520 -0.1745144 -0.0331850 0.6532146 0.5561376 0.2389663 0.2212654 -0.1516958 -0.2783232 0.3726652 -0.1264215 0.0171804 -0.0155432 -0.2634102 -0.1137901 0.3430345 -0.3025234 -0.2466823 -0.0323910 0.0892308 -0.2884272 0.3291223 -0.2080533 -0.2071697 0.1494463 0.2594944 -0.0495307 -0.1128563 0.0069541 0.1663465 -0.0076237 0.0393065 -0.0916624 -0.0202821 0.1034431 0.1638217 0.2707014 0.1696370 0.0821901 0.3124221 0.2235865 -0.0327869 0.0263802 0.0941146 -0.2357193 0.2218091 0.2361987 0.0738223 -0.1459452 -0.1133312 0.2517857 0.2668716 0.2417267 -0.2179525 -0.1465196 0.1958691 -0.0249310 0.0035516 0.1615232 0.0221746 -0.0623680 -0.3749089 0.2878213 -0.2368235 -0.0263527 -0.1350472 0.5712181 0.1901820 0.0996092 0.0375318 0.1291158 -0.1099628 -0.4217908 0.2410880 0.2220707 0.3433809 0.2495389 0.0770662 0.0877502 0.3448441 0.2236577 -0.3247007 0.2947920 0.0135248 0.6465534 0.0776565 0.3125633 0.4267220 0.5155640 0.3021911 0.3492064 0.0936712 0.3639010 0.2977525 0.3052380 0.3884616 0.0738044 -0.2109487 0.0252692 0.0751403 -0.0689208 -0.5805190 -0.1209574 -0.2044312 -0.0840834 -0.1619754 -0.1900708 -0.1398781 -0.2966135 -0.1059621 -0.3228091 -0.5036980 -0.3986714 -0.2942813 -0.3682203 -0.2587672 -0.2772199 -0.1622875 -0.1757215 -0.3790728 -0.0248561 0.0528162 -0.4446022 0.0893449 -0.1225690 0.2225450 -0.1554549 0.3383746 -0.0038084 0.0171550 -0.5344829 0.0044464 0.3739993 -0.0956400 0.3524079 0.1638949 -0.1131389 0.0827083 -0.1335053 0.2274165
0.0740888 0.1264318 0.2054904 -0.0687342 0.0575559 0.3560045 -0.1084147 -0.1544211 0.3374280 0.0176800 0.1402516 0.1956212 0.0280561 0.0369751 0.0000000 0.0916347 -0.0602287 0.3590478 -0.0876364 0.1912848 -0.0954161 0.1393635 -0.0344890 0.5761642 -0.1395045 0.0404901 -0.3296753 0.5271550 0.2583441 -0.0063975 0.1528039 -0.1415842 0.3579413 0.2288776 -0.1386802 -0.2050247 -0.1249799 0.1389290 -0.1817833 0.0866955 -0.0208474 -0.1332058 -0.2417679 0.3261830 0.0509978 -0.0953633 -0.2035391 0.0497018 0.0377288 0.0569036 -0.0863161 -0.1513197 -0.1596644 -0.3509162 0.2023772 -0.1236669 -0.2078165 -0.3574606 -0.2009505 -0.1462678 -0.0289843 -0.1608833 -0.1652146 -0.1708795 0.0549954 -0.3390575 -0.1200712 -0.0880515 -0.2305058 -0.0955793 -0.2178029 -0.1464703 -0.0575239 -0.2431168 -0.0849712 -0.0474234 -0.1733660 0.0505613 0.1269645 -0.2277711 0.3761598 -0.0769622 -0.3428938 -0.2009981 -0.2323407 -0.2543191 -0.0179759 -0.2687407 -0.2398344 -0.1930980 0.0804267 0.1282938 -0.1839961 -0.2483120 0.1676331 -0.0530779 -0.3089612 -0.4965068 -0.4425839 -0.0758439 0.2062655 -0.4269737 -0.3912448 -0.0346173 -0.1686564 -0.3489705 -0.4449506 -0.3427799 -0.1021580 -0.4027781 -0.2966070 -0.3559646 -0.2850875 -0.4331717 -0.4672237 -0.5149245 -0.4776117 -0.3281213 -0.4351621 -0.2977540 -0.3287863 -0.2841368 0.3886144 -0.1413551 -0.0250033 0.0896879 -0.0980342 0.5185233 0.3639104 0.1643319 0.2228852 0.2063167 0.3732815 0.3031086 -0.0612579 0.2577009 0.4763128 0.4387063 0.4930972 0.2768976 -0.0632016 0.3510742 -0.0912417 0.0608525 0.2654231 -0.1571345 0.3541316 0.3800415 0.0269257 0.4157918 0.3111270 0.2082644 0.1829074 -0.1758844 0.0015156 0.0500942 -0.0401005 -0.0345112 0.1929471 0.2054591 0.1715319 0.0345515 -0.1451366 -0.2011895 -0.0156935 -0.0604018 -0.2958077 -0.0669530 -0.1191775 -0.0640748 -0.1110628 -0.0359219 -0.2330203 -0.5780732 -0.1231878 -0.0674709 0.0938323 0.2425119 -0.1610618 -0.1107827 0.2466047 -0.1172085 -0.2132136 -0.1539459 -0.1393275 -0.0320362 -0.1432352 -0.0421449 -0.1404187 -0.0571487 -0.3354286 -0.0813590 -0.2021180 -0.1478369 0.1691347 0.1492517 0.0790833 -0.1510051 0.2445318 0.0655187 0.3788909 0.0939661 0.2579511 0.0849589 0.2657358 0.4952538 -0.0498663 -0.0699342 0.3799243 0.4439633 0.0628908 0.7484953 0.3193653 0.0295684 0.1169501 -0.0761121 0.5178513 0.2153451
-0.2252690 -0.1170340 0.3256520 0.3723088 0.3443746 0.4020829 -0.0524384 0.2836057 -0.0434359 0.3962308 0.8607038 -0.2164921 0.4274869 0.0285153 0.0916347 0.0000000 0.6995663 0.0788017 0.7286459 0.1582987 -0.3184649 0.5086805 0.7787957 -0.0001305 0.7238879 0.7588249 0.3473549 0.0778338 -0.4206837 0.1333517 0.3701537 0.6461941 -0.1389037 -0.1060171 0.5298028 -0.4730948 0.5880331 0.6037362 0.0084397 0.1076623 0.5448268 -0.5621077 0.3683439 -0.1766671 -0.1264720 0.4680942 0.4566017 0.4581332 -0.1991426 0.4987771 0.4885238 0.3249481 0.0783939 0.2222893 0.5810065 0.4488765 0.5489187 0.1662906 -0.3598686 0.5271404 0.0700786 0.5567292 0.5183315 0.1985191 0.3957425 0.6197822 0.6538150 0.6123064 0.6016772 0.5360421 0.6367161 0.2009756 0.5914023 0.1339255 0.5598852 0.3962363 -0.0861818 0.6719163 0.6434991 0.2380341 0.4499468 -0.2139421 -0.0975931 -0.1223030 -0.0096180 -0.1129982 0.2784419 -0.0788730 -0.1764238 -0.2534274 0.2732340 0.3570241 -0.0091440 -0.1810322 0.0480966 0.0608231 0.1969031 0.0674135 0.0043988 -0.0183121 0.0115657 -0.0030974 -0.0599472 0.1109829 -0.0594553 0.0273903 -0.0777900 -0.0252900 -0.1325983 -0.1565152 -0.1322425 -0.2441436 -0.0490499 0.0410643 0.0191583 -0.1726105 0.0256442 0.1054559 -0.1398239 -0.1390319 0.0245659 -0.0238128 0.0256455 -0.1387153 0.0221892 -0.3321234 0.1085526 -0.1358412 -0.2491315 0.1082759 0.1340499 -0.0704154 0.0760004 0.1089455 0.0749881 -0.2125988 0.1152177 -0.2227852 -0.0125822 -0.2909719 -0.1011858 -0.2881556 -0.1069967 -0.1218022 0.0090991 -0.1754993 0.1689138 0.1143203 0.0081686 0.2444901 -0.0201723 -0.1231760 -0.0979223 -0.1747867 0.0751679 -0.0851510 -0.0593697 -0.1560445 0.1914811 -0.1608556 0.1270360 -0.1765724 -0.0458649 -0.1760723 -0.0329857 -0.1118650 -0.1571861 -0.1413194 -0.1154148 -0.1960128 -0.1266322 -0.0886772 0.0237473 -0.2756208 -0.2876620 -0.1934689 -0.0758535 0.0129971 -0.2377552 -0.1795058 0.2470067 -0.2042339 -0.5348270 -0.4085695 -0.2354066 0.2104445 0.0854512 0.4222699 -0.0648868 -0.0949956 -0.5059065 -0.1909009 -0.2930894 -0.5591042 -0.4789544 -0.2136350 -0.1377299 -0.2921832 0.3781307 -0.1828195 0.0366446 -0.3288769 -0.0969562 -0.5223042 0.0514608 0.4325976 -0.4027359 -0.1201902 0.0223322 -0.2405966 -0.2716378 -0.1682907 -0.0768430 -0.4291266 -0.2091419 0.0230172 0.3131569 -0.1408530
-0.0684637 -0.0579301 0.2245512 0.1118102 0.2693058 0.1245462 -0.1043193 0.2459479 0.0233121 0.4844742 0.6217819 -0.1173166 0.5273935 0.2528872 -0.0602287 0.6995663 0.0000000 0.2044894 0.4761118 0.3982997 -0.1375299 0.5925898 0.7261408 0.2001239 0.6850350 0.6425290 0.3184147 0.2532970 -0.2836939 0.4257493 0.5920163 0.6212226 0.0192138 -0.0909591 0.5329282 -0.2435052 0.5751818 0.5405878 0.4414943 0.0613978 0.5653292 -0.2829343 0.6506843 -0.2674006 -0.1550281 0.4430759 0.4911514 0.5290140 -0.2095676 0.3477140 0.5188889 0.5694204 0.0730483 0.3982957 0.4192754 0.4141087 0.5187650 0.3940962 -0.1754663 0.5443541 0.1185953 0.5670891 0.5233354 0.1953771 0.2848790 0.5365816 0.6380551 0.6225839 0.3508323 0.4982409 0.3300461 0.1497064 0.5857729 0.1166988 0.0827885 0.3896985 -0.1368704 0.2089645 0.4003071 0.2703703 -0.0290130 0.0978247 0.2485064 -0.0604926 -0.0346479 -0.2827182 0.1247499 0.1078175 -0.4583036 -0.4070304 -0.0221297 -0.0070045 -0.0403858 -0.2284520 -0.1900927 -0.3458797 0.0700501 -0.0460029 -0.3284369 -0.0205600 -0.1959353 -0.2619372 -0.0829312 0.0975255 -0.2152905 -0.1957252 -0.1710578 -0.0601002 -0.3435380 -0.1328767 -0.2645063 -0.2970285 -0.1751711 0.0275045 0.1978897 0.0091242 0.0105064 0.1401257 0.0505567 -0.0614621 -0.1426896 -0.1301405 -0.0617925 0.1147324 0.2798747 -0.1122130 -0.1225623 -0.2485025 0.0542374 -0.0109057 0.1115912 -0.1941278 -0.0772679 0.1872758 0.1938065 -0.2668604 0.1247249 -0.1660786 -0.1223972 -0.2120253 0.0993481 -0.2903315 0.0969689 0.0542571 0.2874966 -0.2768208 0.0681526 0.0099410 0.1818598 0.0399307 -0.0868026 0.1298114 -0.0890937 0.0124097 0.0796993 -0.0810381 0.1614799 -0.0186840 0.2960376 -0.0135442 0.2512708 -0.0920892 0.2253685 0.0718020 0.1035323 0.1119881 0.0822014 0.0317160 0.0852792 0.0085510 0.1312564 0.1629089 0.2546265 -0.1387180 -0.2141186 -0.0661523 0.1694970 0.1363675 0.0087026 -0.2258149 0.1490307 -0.0795774 -0.2007736 -0.1038775 -0.1847675 0.0163688 0.0187443 0.3907394 -0.0738533 -0.2037590 -0.3413570 -0.1928678 -0.1834610 -0.3865190 -0.2913983 0.0042829 0.0697236 -0.1813717 0.1677500 -0.0307829 -0.1915227 -0.5783649 -0.5477785 -0.5401596 0.0766210 0.3442563 -0.1930669 -0.0723101 -0.2583713 -0.4018504 -0.3788812 -0.1899981 -0.1238980 -0.1542291 -0.1596719 -0.0891705 -0.0187520 -0.2320779
