0.0000000 0.5468147 0.1327237 0.0605139 0.0610356 0.2506286 0.5555962 0.0487591 0.1011010 -0.2008621 -0.0483204 0.3696943 0.1110099 0.2838922 0.3787041 0.0411231 -0.0506841 0.2785250 0.0504399 0.5743228 0.5104928 0.3427560 0.0709577 0.2221601 0.2041501 -0.0342917 0.4333602 0.3086934 0.2238141 0.3725707 0.2346566 0.2688939 0.2501174 0.1210693 -0.0181292 0.4343712 -0.1298459 -0.0128572 0.1221778 0.1320029 0.3583390 0.1597806 0.0681225 0.1267497 0.0376004 0.0329234 -0.0566121 0.2731092 0.1288586 -0.0484411 0.0518321 0.1851472 0.0708492 0.0447386 0.1743571 0.0344879 -0.0326050 -0.0030455 0.2286760 0.1500831 0.0760832 0.0537435 0.5776336 0.0317226 0.1104330 0.1192168 -0.0803227 -0.0855816 0.3496073 -0.0238239 -0.0197625 -0.0807731 0.0026019 0.1811361 -0.0049743 0.2020876 0.0177061 0.0531914 0.3001919 0.4584809 0.4359738 0.1209934 -0.2829012 -0.1258071 -0.1567657 -0.4388351 -0.4369798 0.0588240 -0.4528022 -0.3291914 -0.6154380 -0.4714976 -0.2696055 -0.0788891 -0.6005180 -0.4577676 -0.2514556 -0.2450719 -0.5229549 -0.2765131 -0.3290745 -0.4461390 -0.3868093 -0.1886768 -0.3746655 -0.2677553 -0.3959990 -0.0704821 -0.4990926 -0.0027266 -0.3966789 -0.4461582 -0.5579841 -0.2796119 -0.3163000 -0.2571986 0.2658736 0.3547671 0.3778384 0.0283424 0.0350742 0.0605816 -0.1325265 -0.0637134 0.1408790 -0.4415907 -0.1553760 -0.2266792 -0.2165478 -0.3124393 -0.2358518 -0.4230394 -0.0577529 -0.4385932 -0.1843563 -0.2589652 -0.3076092 -0.1013519 -0.2433423 -0.1767920 -0.3152420 -0.1722439 0.3328008 -0.3134842 -0.3342248 -0.4308433 -0.2282190 -0.2992073 -0.2234708 -0.2230257 -0.1454110 -0.2629706 -0.1542779 -0.3116005 -0.1649988 -0.1375390 0.0082571 -0.3336921 0.2530615 -0.0352497 -0.0118874 -0.0351390 -0.2163988 0.1191533 -0.0875241 -0.2425153 -0.1788343 -0.0683262 0.0557719 -0.0006669 -0.0354991 -0.2042564 0.5800371 0.6800607 0.3022140 0.2566423 0.4615564 0.3940918 0.5360900 0.4160437 0.1043907 0.3856163 0.0523204 0.1737053 0.2483023 0.2503778 0.3894955 0.4381912 -0.0205425 -0.0804092 -0.1731750 0.2104462 0.2450244 -0.0437804 -0.3668595 -0.1709948 -0.0673200 -0.1111903 0.3386714 -0.2803698 0.2779538 0.0743939 -0.1843295 -0.0276606 0.1699909 0.3719673 -0.2603396 0.2030682 -0.0389442 -0.1420384 -0.4245407 -0.0607671 0.2068701 -0.0617051 0.2788952 0.0901076 0.3950887 0.2364869
0.5468147 0.0000000 0.6080883 0.1430037 0.3249128 0.3242949 0.8311577 0.1295398 0.3052817 -0.0598494 0.0713790 0.8009290 0.1976659 0.1269193 0.3278806 -0.1179382 -0.1110519 0.1417070 -0.1788851 0.1722277 0.7392228 -0.1338679 -0.3027849 0.0664149 -0.1507998 -0.4613133 -0.0724223 0.0142995 0.2510447 -0.0061548 -0.0799527 -0.2655569 0.0154503 0.1248351 -0.4569612 0.6597628 -0.4670990 -0.2021055 -0.1276397 -0.1124618 0.0678127 0.4474600 -0.3095743 -0.0640392 0.1186793 -0.4019851 -0.4727450 -0.0013725 -0.0004533 -0.4785019 -0.3942943 -0.2269240 0.1335356 -0.0734237 -0.1175883 -0.2198346 -0.2471589 -0.0578658 0.5507182 -0.2876291 0.2585198 -0.3275405 0.5285715 -0.1136440 0.0866263 0.1921205 -0.1086790 -0.2162994 0.4348085 -0.1711491 -0.0090177 -0.1121909 -0.1311653 0.1464502 0.0239347 0.0760581 0.1272452 -0.0935674 0.2327290 0.5881672 0.3533654 0.2822780 0.0102820 0.0698783 -0.0237570 -0.0933123 -0.1017667 0.0655353 -0.3536547 -0.3133165 -0.2587401 -0.1771605 -0.0726574 0.1510615 -0.3142638 -0.2367811 -0.0838758 0.0023509 -0.1427920 -0.0299235 -0.1545253 -0.0862306 -0.1516785 -0.0325498 -0.1991617 -0.1998596 -0.2213911 -0.2841147 -0.1399057 0.0867052 -0.1420631 0.0243618 -0.1554279 0.1310413 0.2902376 0.1517706 0.4311035 0.3666435 0.3931258 0.3190827 0.3058830 0.4368700 -0.1962042 0.0873855 0.2584281 0.0034080 -0.2528972 -0.1096172 0.1214861 -0.1096132 -0.0437785 -0.0395886 -0.1187539 -0.1104407 0.1383193 0.0007806 0.0299176 0.1946580 0.1398710 0.2455522 -0.0224501 0.2386423 0.5384304 0.1615863 0.0345711 0.0807362 0.1826363 0.1440340 0.2552698 0.2548603 0.2390268 0.0368528 0.2089997 0.1146070 0.1322313 0.1803192 0.2663721 0.1467962 0.6228055 0.3260438 0.3022426 0.3599740 -0.0405653 0.4228626 0.2372963 0.0944131 0.1815727 0.3257318 0.4135201 0.3060021 0.3980816 0.2658098 0.1583387 0.2841490 0.8197871 0.6594845 0.8111279 0.6676896 0.7334117 0.5894546 0.4660353 0.7078080 0.6314145 0.6214776 0.4672312 0.0636212 0.3128290 0.2493754 0.3610893 0.4754553 0.2904107 0.5233847 0.6921582 0.2600209 0.0434498 0.2328357 0.5917714 -0.0706182 0.5154530 0.1604558 -0.1256392 0.0215247 -0.1222823 0.1275348 0.2590061 0.4908475 0.2070823 0.0324783 -0.3165578 0.1241310 -0.1890344 0.4107104 0.2847544 0.1424878 0.5698795 -0.1101046 -0.0406151 0.0358204
0.1327237 0.6080883 0.0000000 0.6570485 0.8676135 0.6850005 0.4895149 0.7052854 0.7448721 0.5112472 0.6350671 0.7356005 0.6253985 0.2071158 0.3496870 -0.1207750 0.1562769 0.1213883 0.0546815 0.0467350 0.6990629 -0.0018695 -0.2458751 0.1952819 -0.1335081 -0.3472769 -0.1327256 -0.1813005 0.5244327 -0.1877910 0.1622612 -0.2497650 -0.0134774 0.4445631 -0.2352135 0.6785214 -0.3207402 0.0922004 -0.0334038 -0.1147737 0.0321839 0.5870844 -0.1354258 -0.2271960 0.4203563 -0.2006415 -0.2547767 0.1707446 0.0904329 -0.2493313 -0.2508300 -0.1122361 0.4703781 0.0526618 0.0758128 -0.0512018 -0.1689957 0.1315929 0.4173762 -0.2533436 0.4844383 -0.2342552 0.4287410 0.2401731 0.4486291 0.2464404 0.0975644 -0.0416476 0.4537049 0.0993538 0.2236460 0.3935496 0.0040133 0.4550554 0.4280345 0.3470951 0.6041404 0.2098293 0.3961625 0.5842861 0.3888682 -0.1258616 -0.1665492 -0.0693621 -0.1248536 -0.1528476 -0.0595288 -0.1513456 -0.2941584 -0.3956794 0.0431266 0.0039101 0.1288638 -0.1164511 -0.1029924 0.0776511 -0.1163997 0.1084658 -0.1500392 -0.1594976 -0.3039452 -0.0333983 -0.2749847 -0.2124437 -0.0973678 0.0018909 -0.1393479 -0.5035979 0.0970243 0.0569398 -0.0150635 0.3300201 0.1991969 0.1901549 0.2686590 0.4703381 0.1215150 0.0424031 0.2873955 0.3180675 0.2467853 0.2713194 -0.1394850 0.4317613 0.1921047 0.2093121 -0.1149034 -0.1321758 0.2405924 0.2227511 0.2547452 0.0495489 -0.0291258 0.1816895 0.0000438 0.1040491 0.1832375 0.1619141 0.1783235 0.1743283 -0.1044976 0.1411750 0.2553451 0.2390406 0.0604796 0.3529208 0.0633110 0.0413829 0.1321399 0.1482779 0.0272720 0.0946636 0.0326355 0.1461050 0.0182098 0.0744479 -0.0751609 0.0344656 0.2038262 -0.0466312 -0.0078199 0.1089354 -0.1217794 -0.0303039 -0.0588072 -0.0086563 0.0069683 0.1714164 -0.0388936 0.0010278 0.1369483 0.1749472 -0.0040594 -0.1826149 0.4691788 0.6236791 0.7142618 0.3441167 0.6167262 0.4354398 0.2538810 0.4884343 0.5778146 0.5711512 0.2725854 0.0918270 0.0820401 0.0870330 0.7138164 0.7638170 0.5025234 0.7204450 0.5859404 0.3855024 0.2229022 0.4091872 0.7574087 0.4579143 0.5863469 0.2172609 -0.0785285 -0.0501855 -0.0792011 0.2384441 0.1533041 0.2922075 0.1590482 0.0100350 -0.1618421 0.2011535 -0.0127645 0.5543196 0.0272658 0.0559561 0.3827379 -0.2830671 -0.3139120 -0.3545542
0.0605139 0.1430037 0.6570485 0.0000000 0.7534961 0.8851038 0.1711786 0.9265353 0.8642680 0.7793352 0.8215789 0.5060399 0.7504951 0.5178597 0.5411187 0.2583313 0.5112691 0.3207539 0.3307818 -0.0118744 0.3853917 0.1136636 0.2684354 0.4205710 -0.0138880 0.2132148 0.2960417 0.1454142 0.7154631 0.1235749 0.3808079 0.0170358 0.2919969 0.7550969 0.4187096 0.5170720 0.2767319 0.4222177 0.5079214 0.4307180 0.2329632 0.5987589 0.5001711 0.2031582 0.7960263 0.2049221 0.3735544 0.5609312 0.5828227 0.3093094 0.4168481 0.5519284 0.8530033 0.5905420 0.4480397 0.3682671 0.3210901 0.6857967 0.2045938 0.3880318 0.7384138 0.4576998 0.4156195 0.7837671 0.8628814 0.3750659 0.5342907 0.5137176 0.4578596 0.5934569 0.5293040 0.7878898 0.4832009 0.8129584 0.6360004 0.7340435 0.7662309 0.5402311 0.7562215 0.6208196 0.6549593 -0.4498244 -0.4363763 -0.3085903 -0.3548948 -0.4146448 -0.1401707 -0.1209373 -0.3611194 -0.5027985 -0.1136202 -0.2645667 -0.2586711 -0.4619497 -0.3124720 -0.0344183 -0.4057823 -0.3206135 -0.5231933 -0.5138646 -0.6098489 -0.3374342 -0.5151037 -0.5992722 -0.4310799 -0.1833039 -0.2889583 -0.3819817 -0.2418419 -0.1065532 -0.3977887 0.0141602 0.0237253 -0.0920348 -0.1699804 0.3705781 -0.1012978 -0.2368175 0.2422329 -0.0906947 -0.1567887 -0.1911696 -0.4495598 0.3334616 -0.2028880 -0.1765213 -0.1097785 -0.4248384 -0.1314224 0.2345106 0.1800872 -0.2051679 -0.2040806 0.0816128 -0.3270661 -0.0838504 -0.0727666 -0.1956808 -0.0616812 -0.3374273 -0.4019694 -0.2598717 0.0160783 -0.0111930 -0.2264132 0.3486394 -0.2987423 -0.3095063 -0.2347879 -0.2629655 -0.4966432 -0.1963484 -0.3057445 -0.0129833 -0.2692179 -0.2600441 -0.6007765 -0.3225009 -0.2098072 -0.5802008 -0.3030594 -0.2924188 -0.4314964 -0.5766781 -0.4744848 -0.4596710 -0.3742437 -0.1934387 -0.3188060 -0.3380271 -0.2283634 -0.1268354 0.2052329 -0.0126366 -0.0711459 0.2159523 0.3669717 0.1944093 0.3477805 0.2999741 0.0604965 0.1143115 0.2204567 0.3050516 0.1082792 0.3665046 0.0827394 0.1987608 0.7457163 0.6721918 0.1391037 0.5304348 0.3967217 -0.0342542 -0.2062991 -0.0741821 0.3615746 0.7111221 0.5514172 -0.1202271 0.0888385 -0.0953452 -0.1290879 0.0042117 -0.2892323 -0.0812688 -0.3524270 -0.0682222 0.1693546 0.1045295 -0.1923326 0.0135516 -0.4295455 -0.4445947 0.0657957 -0.4084675 0.0273864 0.0137101
0.0610356 0.3249128 0.8676135 0.7534961 0.0000000 0.7271085 0.2268974 0.8655447 0.7780633 0.6964209 0.8321157 0.5855137 0.8178775 0.3485598 0.3661528 -0.1035287 0.2769647 0.1187808 0.0895742 0.0673342 0.5328168 -0.0145309 -0.1100549 0.2916736 -0.2021564 -0.1793102 0.0763325 -0.0519503 0.6414914 -0.0273562 0.3167571 -0.2519458 0.0830103 0.5841282 -0.0276428 0.6418481 -0.1770109 0.1888019 0.1778671 0.0345710 -0.0282992 0.6384867 0.0588671 -0.1114981 0.5595785 -0.0789404 -0.0495507 0.1922202 0.2326738 -0.0790946 -0.0638610 0.0711684 0.6477930 0.1342715 0.1975206 0.0757481 -0.0636474 0.2828795 0.4217476 -0.1116923 0.5680937 -0.0555250 0.4210681 0.5262677 0.6520900 0.2111620 0.1573264 0.1159724 0.4255094 0.3162316 0.3147340 0.6636869 0.1509316 0.6894681 0.5085123 0.5125148 0.8069296 0.3707774 0.4872604 0.5427860 0.4607529 -0.2989022 -0.2921305 -0.2202501 -0.2474797 -0.2492102 -0.0169932 -0.0913043 -0.2400164 -0.3433999 0.1515378 -0.0164664 0.0683305 -0.2178810 -0.0686948 0.0523624 -0.2312723 -0.0001725 -0.2150674 -0.3299755 -0.4019232 -0.0526025 -0.3544439 -0.3634626 -0.1431498 -0.0033856 -0.1634349 -0.4663585 0.1651895 0.0181756 -0.0248196 0.2987822 0.1263596 0.0094308 0.0155381 0.3610959 -0.1344460 -0.2605386 0.1809227 0.1325584 -0.0059539 -0.0270877 -0.2224183 0.4077999 0.0102391 0.0905073 -0.1413295 -0.1634185 0.1743199 0.2621247 0.2986324 0.0595498 -0.0839925 0.2206108 -0.0419446 0.0506167 0.1941357 0.1161763 0.1998887 0.0579609 -0.1076900 0.0727598 0.0239050 0.2109987 0.0615827 0.3232519 0.0294748 0.0392734 0.0330930 0.0479249 -0.0918501 0.0736838 -0.0150219 0.1683752 -0.1096540 0.0184832 -0.2584802 0.0203326 -0.1110356 -0.1835729 -0.0617869 -0.0789420 -0.1294116 -0.2400681 -0.1838574 -0.1026018 -0.0987504 0.1062282 -0.1691184 -0.1833744 0.0299571 0.0842523 0.1670674 -0.1099115 0.2077811 0.3963738 0.5114195 0.2081675 0.4998672 0.3984809 0.2336084 0.3730105 0.4850850 0.5068321 0.2328005 0.1733442 0.0118400 0.0774396 0.8093151 0.7302823 0.4173798 0.7186511 0.4866964 0.3161426 0.1860464 0.3517983 0.6009493 0.6172375 0.6299360 0.0352320 0.0127283 -0.3016464 -0.1575381 0.0377655 -0.0780960 0.0713501 -0.0936348 -0.0201946 -0.0646875 0.0131223 -0.1780964 0.3341448 -0.2136199 -0.1361504 0.2009558 -0.4068671 -0.2963999 -0.3878719
0.2506286 0.3242949 0.6850005 0.8851038 0.7271085 0.0000000 0.3028800 0.8421054 0.8935532 0.7597983 0.7707944 0.6280433 0.6640118 0.5981936 0.6771184 0.2276985 0.4485056 0.4824334 0.1819163 0.0690832 0.6265028 -0.0515062 0.2418793 0.5869748 -0.0580634 0.1918615 0.4313283 0.3349842 0.8234517 0.3044385 0.1538769 0.0393171 0.4388225 0.8294185 0.3842963 0.6933898 0.2575234 0.2340976 0.5965727 0.5179526 0.0910415 0.6620332 0.4965171 0.3187737 0.7384702 0.1278083 0.2965121 0.4396918 0.6099634 0.2283578 0.3791269 0.5212994 0.8118364 0.5183042 0.3540966 0.2539414 0.2146149 0.5720125 0.1736572 0.3328251 0.6254606 0.4107105 0.4781310 0.6787985 0.8016839 0.2930237 0.3810511 0.4090290 0.4000752 0.4539363 0.4178613 0.6125510 0.3583723 0.7612215 0.5263320 0.6421244 0.6978910 0.4321048 0.6705079 0.6631858 0.6887297 -0.4851246 -0.5956234 -0.3498468 -0.4134524 -0.5348104 -0.3207941 -0.0831840 -0.5328550 -0.5884114 -0.2287469 -0.4052421 -0.3616372 -0.4908403 -0.3785557 -0.1790358 -0.3825524 -0.3498069 -0.6052818 -0.5669485 -0.6699158 -0.4741556 -0.5712589 -0.6327433 -0.4477628 -0.3461680 -0.4224372 -0.4585060 -0.3470725 -0.2223203 -0.4796418 -0.1402324 0.0108543 -0.1643463 -0.2655171 0.1972272 -0.1797990 -0.2319568 0.1263591 -0.2079229 -0.2776174 -0.2570987 -0.4776778 0.2421397 -0.2529928 -0.3594265 -0.3794699 -0.4447429 -0.2366941 0.0231115 0.0497687 -0.3113401 -0.3490513 -0.0216903 -0.2556995 -0.2481035 -0.1703033 -0.2233321 -0.0939525 -0.2740190 -0.4245413 -0.2321403 0.0575555 0.0204493 -0.2890843 0.1784035 -0.2888331 -0.2582799 -0.2085660 -0.2611554 -0.3888538 -0.1847525 -0.2668992 -0.0387537 -0.3148077 -0.1195402 -0.5041301 -0.3261986 -0.0999448 -0.4013559 -0.3095150 -0.2205940 -0.3303437 -0.4267404 -0.3993555 -0.4065342 -0.3345375 -0.1694238 -0.2164351 -0.2173769 -0.2118663 -0.1134318 0.3517508 0.1197514 0.1421006 0.2578133 0.4902246 0.3014217 0.5784838 0.5118416 0.1166445 0.2353024 0.1934453 0.2006097 0.0201463 0.2726220 0.0026078 0.1937936 0.7238424 0.6763489 0.0446693 0.6620341 0.4664847 -0.0196050 -0.3550343 -0.1607509 0.3348905 0.5085717 0.6056299 -0.2632892 0.0761999 -0.0712242 -0.1815238 -0.1139321 -0.3543052 -0.1506519 -0.4176977 -0.1808880 0.0867457 -0.0139222 -0.2515750 0.0605563 -0.4573634 -0.4928564 0.1879915 -0.4872658 0.2191268 0.1548866
0.5555962 0.8311577 0.4895149 0.1711786 0.2268974 0.3028800 0.0000000 0.1544882 0.2787189 -0.1059039 0.1011604 0.7338417 0.1810697 0.0506341 0.2537903 -0.0181703 -0.0443951 0.0137713 -0.1844394 0.2331990 0.5650620 -0.0040238 -0.2101950 0.0415794 -0.1900151 -0.4019721 0.0077112 -0.0905426 0.1096256 0.0308354 -0.0400537 -0.1834926 -0.0816082 0.0017127 -0.3831228 0.4842279 -0.4606326 -0.1756929 -0.1683152 -0.1487788 0.2085404 0.3656734 -0.2885056 -0.2255080 0.1197271 -0.3411761 -0.4166715 0.0879477 -0.1184817 -0.4814082 -0.3335825 -0.1980603 0.0347772 -0.0278960 -0.0160400 -0.1178221 -0.1659253 -0.0888772 0.7004297 -0.1872498 0.3997232 -0.2338876 0.5520842 -0.1045580 0.1785310 0.3552814 0.0064841 -0.0975503 0.5384358 -0.0692916 0.1713419 -0.0629503 -0.0256910 0.0953692 0.0720781 0.1251427 0.0584644 -0.0606830 0.3199796 0.6130088 0.2689876 0.4308670 0.0905352 0.2398893 0.1794232 0.0478826 -0.0822709 0.3013132 -0.1562971 -0.0752565 -0.2510381 -0.1278802 -0.0865036 0.2302198 -0.3020636 -0.1332690 -0.0372468 0.0756260 -0.1250556 0.1167462 0.0265540 -0.0471043 -0.1253735 0.0658228 -0.1046728 -0.0088779 0.0231841 -0.3133745 -0.1051357 0.3884205 -0.0141221 -0.0054457 -0.3852280 0.2457504 0.3671449 0.0600898 0.6039057 0.5344885 0.5655421 0.5110949 0.4553252 0.5528128 -0.1584741 -0.0520987 0.4248864 -0.0067904 -0.1771827 -0.0333303 0.1865206 -0.1126289 -0.0363465 0.0197935 0.0271933 -0.1947422 0.1201264 0.0871782 0.0437138 0.2719384 0.1017101 0.2369772 0.0354973 0.2778396 0.6106305 0.0466638 0.1060618 -0.0109141 0.2154054 0.1794151 0.3016926 0.3112316 0.2211869 0.1016503 0.2949142 0.0484474 0.4053727 0.1650658 0.3269378 0.2081551 0.4899251 0.3414630 0.4645052 0.4510572 -0.1796532 0.4853293 0.3161788 0.1913364 0.2123019 0.4037711 0.4084264 0.3459391 0.4850970 0.2959312 0.0058407 0.2824131 0.6515045 0.6758150 0.7568514 0.6566922 0.5809844 0.3787004 0.2087557 0.4746564 0.6356487 0.5939173 0.7005718 0.2958136 0.5928706 0.4579603 0.2401603 0.2985840 0.3357209 0.2952861 0.3167989 0.1708439 0.0164191 0.1833290 0.4148036 -0.1703747 0.3269182 0.2079003 -0.4454083 -0.2532295 -0.3343325 -0.0954777 0.3163184 0.2634517 0.3450413 -0.0026108 -0.6172479 -0.2734986 -0.3244777 0.1365795 0.3080174 0.0759109 0.4720717 -0.2493546 -0.1739050 -0.0417282
0.0487591 0.1295398 0.7052854 0.9265353 0.8655447 0.8421054 0.1544882 0.0000000 0.8738420 0.8449317 0.9048831 0.4992572 0.8987825 0.3480993 0.4074448 0.2855214 0.5831245 0.1335862 0.3977589 0.0499107 0.4302624 0.1676613 0.3175391 0.3003833 0.0258033 0.2445187 0.3412981 0.0222425 0.7140184 0.0134899 0.4915195 0.0848379 0.1119082 0.6670525 0.3898419 0.5715557 0.2400742 0.5159927 0.4596260 0.3652388 0.1828829 0.6544499 0.4576479 0.0618116 0.7657684 0.3029557 0.3696809 0.5352465 0.4123135 0.3267647 0.3600784 0.4765008 0.7646383 0.5412637 0.5420098 0.4630283 0.3461990 0.6530898 0.2949085 0.3305467 0.7489867 0.3820114 0.4507198 0.8102199 0.8695609 0.4524885 0.5472618 0.5206237 0.5568640 0.6764445 0.6201257 0.8666811 0.5184198 0.8759997 0.7641160 0.7873782 0.8676948 0.6691895 0.7657038 0.5972126 0.6283777 -0.4797326 -0.3433788 -0.2615918 -0.2646760 -0.2932709 -0.0375774 0.0065431 -0.1783290 -0.3585568 0.0749721 -0.1516837 -0.1313779 -0.4300905 -0.1545782 0.0719851 -0.3203296 -0.1550910 -0.3696166 -0.5187139 -0.4838159 -0.1643357 -0.4317341 -0.5683298 -0.3125853 -0.0485278 -0.1619008 -0.3717392 -0.0304350 0.0103692 -0.2208937 0.1267384 0.0170211 -0.0849709 -0.1594491 0.2959112 -0.1573356 -0.2581627 0.1693758 0.0293893 -0.0762979 -0.1050625 -0.3894583 0.3760987 -0.0863207 -0.0536937 -0.0674865 -0.3191925 -0.0002453 0.2951684 0.2742471 -0.0862432 -0.1088084 0.1058193 -0.2236468 -0.0575443 0.0510025 -0.0646881 0.0537899 -0.2394636 -0.3094928 -0.1683412 0.0453002 0.0512181 -0.1049546 0.3248724 -0.1828648 -0.1764104 -0.0836332 -0.1665081 -0.3869750 -0.1328407 -0.2003179 0.0589829 -0.2199299 -0.2259224 -0.5264306 -0.2026166 -0.2273357 -0.4660523 -0.1867787 -0.2089047 -0.4179172 -0.5032926 -0.3423143 -0.3939606 -0.3422539 0.0000707 -0.2300508 -0.2888445 -0.1108488 0.0520651 0.1873069 -0.1096260 0.0083274 0.2743404 0.3929334 0.1666886 0.3955446 0.2980230 -0.0275475 0.1250353 0.2461695 0.2653530 0.1118472 0.4049958 0.0833244 0.2098271 0.8040716 0.6698644 0.2852372 0.5863802 0.3595929 0.1042099 -0.0260616 0.1255975 0.4132622 0.7104882 0.5687155 -0.0384735 0.0054303 -0.2816770 -0.2583291 -0.1200378 -0.2333674 -0.1246801 -0.2813203 -0.0594382 0.0163534 0.0122934 -0.2619501 0.0749767 -0.3393781 -0.3233741 0.1258893 -0.4467935 -0.1136843 -0.1396512
0.1011010 0.3052817 0.7448721 0.8642680 0.7780633 0.8935532 0.2787189 0.8738420 0.0000000 0.7035499 0.7241638 0.7022941 0.8009765 0.4575920 0.6455253 0.1140448 0.4997777 0.3582841 0.1393326 0.0795691 0.5908572 -0.0815543 0.1620006 0.4805133 -0.1937419 0.1208997 0.3388419 0.1909169 0.8360059 0.1558401 0.2483828 -0.0331040 0.2631933 0.7766583 0.3135358 0.6768776 0.2015639 0.3175527 0.5349567 0.4714131 0.0744920 0.7848552 0.4437531 0.1790829 0.8036691 0.1745402 0.2848583 0.4396177 0.4904142 0.1847894 0.2870301 0.4636833 0.7683682 0.5677795 0.3936567 0.3333847 0.2287138 0.5828496 0.3504264 0.2452007 0.7626184 0.3228755 0.5079783 0.7131812 0.8730602 0.3582904 0.4520254 0.3508363 0.5228232 0.4635641 0.4779832 0.7241925 0.3377268 0.8008392 0.6387457 0.6621172 0.7802570 0.5020320 0.6980439 0.7192698 0.6378088 -0.5476520 -0.4665804 -0.4405972 -0.4741937 -0.4217151 -0.1197583 0.0773210 -0.4114747 -0.5614994 -0.0741693 -0.3663085 -0.3386059 -0.4662466 -0.2681203 -0.1157620 -0.3804056 -0.3279265 -0.4995358 -0.5789696 -0.6522764 -0.3552300 -0.5935329 -0.7092701 -0.3648043 -0.2928938 -0.3606975 -0.6204870 -0.1661434 -0.2420364 -0.4201868 -0.0461930 -0.0339026 -0.1987034 -0.2149746 0.1991858 -0.2153766 -0.2407017 0.1169321 -0.0351557 -0.1585644 -0.1940999 -0.4879990 0.3660250 -0.1233342 -0.1197759 -0.2616937 -0.4110156 -0.0643420 0.1936420 0.2449258 -0.1616157 -0.1710009 0.0904081 -0.1199087 -0.1828956 0.0309145 -0.0970303 0.0895555 -0.1528176 -0.2874515 -0.1029110 0.1960933 0.2226875 -0.1017104 0.2280567 -0.1391369 -0.1340259 0.0220483 -0.0995661 -0.2857816 -0.0886604 -0.1381240 -0.0044040 -0.2321804 -0.0047182 -0.4351711 -0.1488985 0.0052063 -0.3563442 -0.2707618 -0.1684197 -0.3594303 -0.3861713 -0.3301593 -0.3139757 -0.2746589 0.0309019 -0.0725169 -0.1690122 -0.0455996 0.1558324 0.1700800 -0.1053588 0.1418394 0.2696080 0.4573662 0.2749282 0.5116560 0.4184724 0.0187155 0.1493571 0.3472274 0.2801632 0.1231450 0.3508820 0.0529124 0.2347005 0.8054268 0.7209437 0.1925261 0.7049392 0.5381386 0.0322512 -0.1370264 0.0129005 0.4399348 0.6477267 0.6943217 -0.0637692 -0.0184408 -0.1434532 -0.2083002 -0.0036686 -0.2335757 -0.0585630 -0.2223714 -0.0822362 0.0248646 0.1026762 -0.1864874 0.1813456 -0.2754413 -0.2561988 0.2429289 -0.4769111 -0.0506051 -0.0839918
-0.2008621 -0.0598494 0.5112472 0.7793352 0.6964209 0.7597983 -0.1059039 0.8449317 0.7035499 0.0000000 0.8386096 0.2266995 0.6678507 0.2787597 0.1924061 0.4847452 0.6402644 0.0941155 0.4603695 -0.1099526 0.2517712 0.0768793 0.4722813 0.2163424 0.1244242 0.4137415 0.3741969 0.0407751 0.5624987 0.0177620 0.3246241 0.1726367 0.0955677 0.5942155 0.5690403 0.3772915 0.4720769 0.5402595 0.5543854 0.4512163 0.1279734 0.4790937 0.5930622 0.1827646 0.6696871 0.4026539 0.5410909 0.5080121 0.4108838 0.4906313 0.5429901 0.5307269 0.6577490 0.5231669 0.5298156 0.5136749 0.4790319 0.6351492 0.0246268 0.4721319 0.5747107 0.5301952 0.2727558 0.7244938 0.6893484 0.4209395 0.6006003 0.5948385 0.3818654 0.6793077 0.6241798 0.7312637 0.5902340 0.7472032 0.7287963 0.6914587 0.7164845 0.6594975 0.6260695 0.3978652 0.5602516 -0.5026062 -0.3598800 -0.2699533 -0.2278456 -0.2798620 -0.1134314 -0.0296783 -0.1346137 -0.2430055 0.1461907 -0.1670480 -0.2334442 -0.4552637 0.0125183 0.1287761 -0.3445324 -0.2280937 -0.2261948 -0.5272871 -0.3717267 -0.1944348 -0.3776024 -0.4712765 -0.3483258 -0.0850667 -0.1533543 -0.2866726 -0.0958340 -0.1482970 -0.2301216 -0.0033125 0.2181445 -0.1226022 -0.1904254 0.1687240 -0.4123722 -0.4491493 -0.2198847 -0.2951954 -0.3125031 -0.2414641 -0.4985298 0.2201629 -0.3897219 -0.1715572 -0.1895706 -0.4237503 -0.2312634 0.2047106 0.1152615 -0.1828518 -0.3406104 0.0322301 -0.3271652 -0.2018762 -0.1220488 -0.2894162 -0.0865651 -0.3420299 -0.3868603 -0.3268428 -0.1368371 0.0205138 -0.2575271 0.3092350 -0.3196597 -0.2510596 -0.2067716 -0.2967695 -0.4276120 -0.2093444 -0.3451052 -0.0014047 -0.3435519 -0.1618125 -0.6607475 -0.3066197 -0.3889264 -0.4513105 -0.2900057 -0.3139216 -0.2651205 -0.5828767 -0.4202240 -0.4510185 -0.4357883 -0.1703008 -0.3203966 -0.4092574 -0.3318565 -0.0691659 0.1611632 -0.1296240 -0.0705302 0.0329777 0.1787501 0.1170312 0.3072989 0.2615015 -0.1136346 -0.0414286 -0.0278618 -0.0643589 -0.1848196 0.2693300 -0.1095874 0.0581425 0.6547672 0.5471811 0.0305782 0.4350152 0.2413993 -0.1040179 -0.1945886 -0.1068515 0.1867032 0.5034729 0.3439436 -0.2223798 -0.0045418 -0.1516502 -0.2087444 -0.2724361 -0.4158632 -0.3293031 -0.4082895 -0.1811664 0.1088062 0.0500624 -0.1357281 -0.0516312 -0.5294126 -0.4827360 0.0491069 -0.3625036 0.0525856 0.0220974
-0.0483204 0.0713790 0.6350671 0.8215789 0.8321157 0.7707944 0.1011604 0.9048831 0.7241638 0.8386096 0.0000000 0.4165600 0.7741982 0.3084432 0.2495081 0.2941324 0.5268025 0.0301202 0.3180006 -0.0277722 0.3360160 0.0582863 0.3095206 0.2043703 -0.0204790 0.2434645 0.3245985 -0.0506622 0.5782870 0.0408276 0.4334812 -0.0487111 0.0330600 0.5514416 0.3547673 0.5376250 0.1988430 0.4064246 0.3932028 0.2508346 0.0434190 0.6155451 0.3619242 -0.0128492 0.6797202 0.1999186 0.3012534 0.4071246 0.3119831 0.1998296 0.2569267 0.3449272 0.6741793 0.4210608 0.4457432 0.3507868 0.3099150 0.5170966 0.2805691 0.2363420 0.6269245 0.3198259 0.3085878 0.7337150 0.7284728 0.4106091 0.4735897 0.5317431 0.4112594 0.6578925 0.6303453 0.8034891 0.5019142 0.7616341 0.6984653 0.7488205 0.8626617 0.6480622 0.6531706 0.4596455 0.5564162 -0.2988203 -0.1965902 -0.0431401 -0.0567923 -0.0751046 0.1353133 0.0047078 -0.0017049 -0.1770782 0.3338172 0.1060832 0.0366490 -0.2675107 0.1184104 0.2730740 -0.1228045 0.0036065 -0.1530104 -0.3352326 -0.2869040 0.0363441 -0.2162310 -0.3742785 -0.0714883 0.1578774 0.0771143 -0.2452194 0.1020075 0.1707550 0.0159288 0.3090902 0.1949827 0.0873151 -0.0480532 0.4322721 -0.2033746 -0.3614207 0.1550142 0.0025104 -0.0666419 -0.0890630 -0.1860536 0.4029204 -0.0543108 0.0410273 0.0188513 -0.0764889 0.1335994 0.4439216 0.4121835 0.1755864 -0.0112460 0.3363690 0.0105163 0.1895127 0.2388274 0.1162490 0.2567401 0.0124002 -0.0367612 0.0833451 0.0493176 0.2384166 0.0885851 0.5250419 0.0535189 0.0721511 0.0330086 0.0666909 -0.1224672 0.1565033 0.0437548 0.3191574 0.0135699 0.0125484 -0.3153321 0.0170697 -0.1999170 -0.2079703 0.0368388 0.0079815 -0.0776217 -0.2921791 -0.1284368 -0.1214759 -0.0481420 0.1095309 -0.1229267 -0.1172145 0.0033280 0.0782243 0.1685024 -0.0995528 0.0643565 0.2658311 0.3830142 0.1629278 0.3878659 0.3302928 0.1145671 0.1789497 0.3142577 0.3173681 0.1748725 0.1982779 -0.0715025 -0.0293268 0.6991184 0.6215759 0.3422137 0.5600105 0.2274838 0.2351750 0.0644662 0.2003950 0.4312481 0.6810859 0.5240533 0.0541023 -0.0148360 -0.4500531 -0.0541061 -0.0858118 -0.2393004 -0.2020796 -0.1362673 -0.1605683 -0.0641858 -0.1850555 -0.0473010 0.1544763 -0.4245697 -0.2490343 0.2028437 -0.5374033 -0.1872714 -0.1218066
0.3696943 0.8009290 0.7356005 0.5060399 0.5855137 0.6280433 0.7338417 0.4992572 0.7022941 0.2266995 0.4165600 0.0000000 0.5097648 0.3578173 0.6077149 -0.1059191 0.0955784 0.2787095 -0.1303526 -0.0218583 0.8450567 -0.2145274 -0.2073228 0.3352509 -0.3070025 -0.2912902 0.0723247 0.1194966 0.6417755 0.0875954 0.0408951 -0.3033023 0.1537240 0.4990256 -0.2066836 0.8796324 -0.2622905 -0.0414683 0.1626767 0.1383967 -0.0869695 0.8255521 -0.0568284 0.0728858 0.5205237 -0.2303742 -0.2230178 0.1029489 0.2854606 -0.3103805 -0.1921307 0.0187573 0.5203213 0.2119057 0.0915907 -0.0238481 -0.0942959 0.2353072 0.6048651 -0.1420238 0.5396975 -0.1137639 0.5261043 0.2718599 0.5137771 0.2553243 0.1404636 -0.0038766 0.4834498 0.0974842 0.2302693 0.2752725 0.0891086 0.4811649 0.3035598 0.4035972 0.5411648 0.1721115 0.5000410 0.7587157 0.5613053 -0.0592673 -0.1775269 -0.0553333 -0.1401546 -0.1635827 -0.0172824 0.2165827 -0.3655641 -0.4904257 -0.0977386 -0.2493662 -0.2031088 0.0032146 -0.2676255 -0.1862510 -0.2047664 -0.0963412 -0.2831186 -0.3151135 -0.4019120 -0.1404232 -0.3200156 -0.4136509 -0.2107062 -0.2021375 -0.2334779 -0.4563929 -0.0928522 0.0308973 -0.2255641 0.0823481 -0.2189809 -0.0346877 0.0562386 0.1821337 0.1884325 0.0405676 0.3725844 0.3216228 0.1817195 0.2029616 -0.3345576 0.1634477 0.2165632 0.0087387 -0.2418123 -0.1896552 0.1910295 0.1670058 0.2585376 0.0788114 -0.0124515 0.0754318 0.2610641 -0.0009180 0.2082249 0.2718811 0.3367451 0.2697060 0.0160020 0.3081247 0.5642023 0.3843856 0.1283171 0.2083263 0.2457004 0.2159540 0.3534637 0.3114759 0.1654545 0.1277866 0.2851141 0.2190604 0.1279403 0.2914305 0.0996685 0.2030321 0.5484401 0.1602076 0.2038385 0.3346054 -0.0768522 0.1915788 0.1380632 0.0690879 0.1579441 0.3748189 0.4041542 0.2489661 0.4134632 0.3955080 0.2621043 0.1870499 0.6955589 0.6475284 0.8603954 0.6185108 0.7963912 0.7206371 0.4471921 0.6802786 0.7661918 0.6782090 0.4680470 0.0704951 0.1239030 0.1351262 0.6907966 0.7351782 0.4617694 0.8047055 0.7546550 0.3689565 0.0589814 0.2760002 0.7163909 0.3618068 0.8006836 0.1863081 -0.2452600 -0.2302029 -0.2642694 0.0035944 -0.0751126 0.1757651 0.1355963 -0.2690227 -0.3677773 0.0476912 -0.2428075 0.4458290 -0.0718346 -0.0246490 0.5752412 -0.5798965 -0.1845303 -0.0325350
0.1110099 0.1976659 0.6253985 0.7504951 0.8178775 0.6640118 0.1810697 0.8987825 0.8009765 0.6678507 0.7741982 0.5097648 0.0000000 0.1901794 0.2998315 0.1965448 0.6092228 -0.0490299 0.3237009 0.2232213 0.3829800 0.1477640 0.2677571 0.1295179 -0.0850386 0.1894805 0.3384059 -0.0746157 0.6143753 -0.0421078 0.5885319 0.0260452 -0.0572951 0.4956577 0.2634166 0.5386547 0.1335688 0.5129754 0.3702369 0.2789956 0.2241206 0.6773334 0.3558978 -0.0955337 0.7060333 0.2683844 0.2793909 0.4899006 0.2042181 0.2105238 0.2419509 0.3860972 0.6015556 0.4869532 0.5380866 0.4452213 0.2946777 0.5665976 0.4973210 0.2405802 0.7761976 0.2625066 0.6184890 0.7923337 0.8469533 0.4899822 0.4917167 0.4634066 0.6971830 0.6466363 0.5969017 0.8713872 0.4767379 0.8986869 0.7353283 0.7451441 0.8307535 0.6480789 0.7678243 0.6701756 0.6198969 -0.4104994 -0.2785390 -0.3772930 -0.3588716 -0.2578893 0.0756660 0.2061876 -0.1248904 -0.3157178 0.1367694 -0.1633805 -0.1113160 -0.2958303 -0.1762278 -0.0544406 -0.3539305 -0.1757294 -0.3408284 -0.4989464 -0.4677340 -0.0932863 -0.4277068 -0.5692613 -0.2962849 -0.1054370 -0.1802202 -0.4210644 0.1191159 -0.0111466 -0.1942479 0.1089900 -0.0971580 -0.1897543 -0.2018493 0.2064582 -0.1978548 -0.2847249 0.1838531 0.1001571 -0.0480010 -0.0888413 -0.3369972 0.4287461 -0.0112233 0.0342590 -0.0525478 -0.2086922 0.0834581 0.2640899 0.2959473 0.0061407 -0.0231144 0.1158434 -0.0744575 0.0007701 0.1528494 0.0454336 0.1641243 -0.1291405 -0.1752220 -0.0565110 0.1598054 0.1432092 0.0532404 0.2697928 -0.0444941 -0.0439785 0.0523438 -0.0593266 -0.2677703 -0.0582212 -0.0820112 0.0743503 -0.1931068 -0.1540872 -0.3987470 -0.0340630 -0.1568711 -0.3214599 -0.0744472 -0.1948119 -0.4012779 -0.3372862 -0.2555461 -0.3078879 -0.2638634 0.1611185 -0.0807938 -0.2585577 0.0246845 0.1810031 0.1844104 -0.0785650 0.0362936 0.2180228 0.3342924 0.2532104 0.3891284 0.2703955 -0.0195012 0.1295765 0.3308909 0.3341847 0.2181356 0.5333646 0.2451006 0.3723623 0.7725965 0.5453391 0.3097649 0.5437876 0.4035182 0.1183219 0.1156926 0.2356525 0.4000615 0.6524861 0.6367998 0.0265941 -0.0282820 -0.4023826 -0.2835623 -0.0855792 -0.1108540 -0.0097501 -0.1907488 0.1449246 -0.0546777 0.0029796 -0.3243440 0.0881661 -0.0914170 -0.1639067 0.2018686 -0.3250928 -0.2654402 -0.2761161
0.2838922 0.1269193 0.2071158 0.5178597 0.3485598 0.5981936 0.0506341 0.3480993 0.4575920 0.2787597 0.3084432 0.3578173 0.1901794 0.0000000 0.8308311 -0.1961811 -0.0089625 0.8893999 -0.2471539 -0.0122822 0.3253545 -0.3316574 -0.0878679 0.8921691 -0.3024576 -0.0300096 0.4366826 0.8116344 0.6599786 0.8034000 -0.1500007 -0.2394118 0.9005497 0.8317650 0.2329552 0.4204541 0.0646950 -0.2721011 0.6570243 0.5689824 -0.1846698 0.3735701 0.3816839 0.7093088 0.4643007 -0.1894489 0.1138415 -0.0559980 0.8443110 0.0075220 0.2567115 0.4496571 0.7134850 0.2271443 -0.1611767 -0.2040127 -0.1729946 0.3156602 -0.0002823 0.1688073 0.2536138 0.3210946 0.1015141 0.4077181 0.4703770 -0.3870599 -0.0824813 0.0077495 -0.2014334 0.0301158 -0.1807459 0.2847732 -0.0609495 0.3942607 -0.1168115 0.2130834 0.2861121 -0.0699311 0.2144249 0.2675281 0.4403491 -0.2407315 -0.5972556 -0.4756240 -0.5845701 -0.6755782 -0.4060963 -0.1305964 -0.7133396 -0.6182615 -0.4575623 -0.5466501 -0.5587659 -0.3729767 -0.5161091 -0.5553132 -0.5059042 -0.6057972 -0.7255827 -0.4469335 -0.7676857 -0.6600510 -0.6380357 -0.4437098 -0.5251104 -0.6118614 -0.6551341 -0.3993876 -0.5695054 -0.4571537 -0.6353634 -0.3385847 -0.1414446 -0.3381925 -0.3707541 -0.0879303 -0.2891917 -0.3363809 -0.0583663 -0.5081128 -0.6329168 -0.6744651 -0.4935340 -0.1016569 -0.5661516 -0.6411932 -0.5893165 -0.5311168 -0.4677457 -0.2606468 -0.2483074 -0.4459793 -0.5315533 -0.1058099 -0.2845768 -0.4164794 -0.3577276 -0.3986581 -0.2458712 -0.3033553 -0.3511072 -0.2631445 -0.2910970 -0.1076839 -0.4174851 -0.1284824 -0.3239471 -0.3092057 -0.4009537 -0.3671282 -0.3905642 -0.2123234 -0.2694705 -0.1713512 -0.3940603 -0.0220862 -0.4085590 -0.3468153 -0.1486970 -0.4246840 -0.4048233 -0.3884922 -0.0783437 -0.4239382 -0.4666899 -0.2590575 -0.2557023 -0.4495071 -0.2987688 -0.3439036 -0.3115100 -0.4025451 0.4916230 0.3692195 -0.1360120 -0.1317279 0.1456125 0.0453420 0.3080317 0.4828497 0.4413465 0.2500551 0.0932904 0.2089259 0.0451451 -0.0554662 -0.2149609 -0.0481360 0.2751255 0.3029570 -0.3344624 0.3610138 0.3003962 -0.2535910 -0.5754932 -0.4939866 -0.0342813 0.2846996 0.4094529 -0.5893848 0.3095422 0.0918381 -0.0871713 -0.0912104 -0.4971832 -0.0807118 -0.5880698 -0.2380725 0.3089638 -0.0851469 -0.3424161 -0.2001350 -0.6254780 -0.5990104 -0.1756040 -0.3708270 0.4491729 0.2670265
0.3787041 0.3278806 0.3496870 0.5411187 0.3661528 0.6771184 0.2537903 0.4074448 0.6455253 0.1924061 0.2495081 0.6077149 0.2998315 0.8308311 0.0000000 -0.2440700 0.0216699 0.8703202 -0.2729545 -0.0036522 0.5671198 -0.3739787 -0.1037410 0.8802938 -0.3375847 -0.0539940 0.3562861 0.7779703 0.8443801 0.6172408 -0.2157554 -0.1898468 0.8241884 0.8736746 0.1371010 0.6140456 0.0569117 -0.2240822 0.5866085 0.5954688 -0.2562462 0.5616845 0.3250718 0.6684397 0.5613336 -0.1514882 0.0547763 0.0016020 0.8168961 0.0085827 0.1619771 0.4122211 0.7552307 0.3731345 -0.0825332 -0.0946709 -0.1253809 0.4174498 0.1128210 0.0945249 0.3702926 0.2285889 0.1820730 0.4334980 0.5892286 -0.2263802 -0.0316572 0.0120698 -0.0160545 0.0393238 -0.1081559 0.2872057 -0.0607619 0.4604932 -0.0139994 0.2519359 0.3678639 -0.0212232 0.2816697 0.4128149 0.3950185 -0.4486936 -0.5805216 -0.4290677 -0.5673689 -0.6120606 -0.3070550 -0.1056353 -0.6781988 -0.6437498 -0.4807204 -0.5433355 -0.4871294 -0.4513468 -0.5423943 -0.4643527 -0.3143062 -0.4620668 -0.7041089 -0.4963786 -0.7619753 -0.5809616 -0.5443307 -0.6537022 -0.4151021 -0.5740872 -0.6174891 -0.3787692 -0.4827273 -0.3905819 -0.6203336 -0.2775484 -0.2431653 -0.2867317 -0.3664840 -0.0589890 -0.0568871 -0.1028886 0.1544106 -0.2171165 -0.3587552 -0.4385701 -0.4665424 0.0067138 -0.2563148 -0.4790839 -0.5036252 -0.4661295 -0.2613087 -0.2190589 -0.1033126 -0.3911670 -0.3679641 -0.1045876 -0.1683904 -0.4273644 -0.2139632 -0.1926676 -0.0969611 -0.2562564 -0.3465730 -0.1558626 -0.0769941 -0.0264834 -0.2731616 -0.1481771 -0.1960620 -0.1981834 -0.1700965 -0.2313245 -0.3058523 -0.2346437 -0.1490320 -0.1115680 -0.3265720 -0.0924603 -0.2914153 -0.2470643 0.0808531 -0.3446638 -0.3404962 -0.2019579 -0.3008193 -0.3379029 -0.2986728 -0.3037644 -0.2271871 -0.1915250 -0.0636478 -0.0355100 -0.0687104 -0.0943277 0.4171138 0.2536597 0.0964780 0.0970358 0.3164780 0.1266129 0.3814567 0.4678560 0.3237506 0.2808424 0.2126622 0.2384349 0.0663893 0.0429323 -0.1336903 0.0630578 0.4743473 0.5139114 -0.0994361 0.5576795 0.5123040 -0.0744406 -0.4202862 -0.2751275 0.2019925 0.3517748 0.5279609 -0.3361510 0.2205479 0.0956475 -0.1172596 -0.0196064 -0.4014765 -0.0565611 -0.4588336 -0.2135761 0.2208107 0.0261485 -0.3337016 -0.0009838 -0.4245888 -0.3906397 0.0086595 -0.4401325 0.4012839 0.2471312
0.0411231 -0.1179382 -0.1207750 0.2583313 -0.1035287 0.2276985 -0.0181703 0.2855214 0.1140448 0.4847452 0.2941324 -0.1059191 0.1965448 -0.1961811 -0.2440700 0.0000000 0.7197801 -0.2477997 0.8159051 0.0037513 -0.0189803 0.4940802 0.9199306 -0.3145773 0.6558034 0.8266338 0.5056554 -0.1350687 -0.0271807 -0.1283335 0.4945305 0.7013387 -0.2517734 -0.0492777 0.7460770 0.0033839 0.7624573 0.7811347 0.4130349 0.4557168 0.5075495 0.0732602 0.6772828 0.1204475 0.3215638 0.7760205 0.7542074 0.7445736 0.0880527 0.7137704 0.7513381 0.6310852 0.0568883 0.6637074 0.7745291 0.7997974 0.8849610 0.6144758 -0.1545087 0.8361257 0.3170462 0.7601118 0.2406596 0.4424208 0.2544002 0.7056423 0.8401471 0.8338404 0.4566037 0.7815560 0.7792631 0.3255606 0.8638038 0.3635531 0.6842000 0.6255790 0.1616968 0.7394298 0.6184189 0.2135844 0.4932596 -0.1041768 0.0169313 0.1026335 0.2043514 0.0380314 -0.0517282 0.3029730 0.2202616 0.0922869 0.0536572 -0.1488977 -0.2605791 -0.1503498 0.0147564 0.1602644 -0.1649586 -0.1516104 -0.0631520 -0.3132097 0.0364887 -0.0502052 -0.0787292 -0.1670067 -0.3077305 0.0510546 0.1234943 0.2278319 -0.2709722 0.1259243 -0.2127089 -0.2383743 -0.0247154 -0.0678698 -0.1808436 -0.0412889 -0.1232410 -0.0672459 -0.1368451 -0.1776509 -0.0239217 0.0876904 -0.3529636 0.0337067 -0.1739227 -0.1603324 0.1828289 -0.2900058 -0.2816262 0.1685223 -0.0045890 -0.2112456 -0.0722326 -0.2118882 -0.2857701 -0.1064389 -0.2237644 -0.2732003 -0.1962537 -0.4130517 -0.3663324 -0.3895955 0.2026894 -0.1919056 -0.2954896 0.1709575 -0.3322197 -0.3253454 -0.1581858 -0.3089263 -0.4029924 -0.2966986 -0.3043399 -0.1033181 -0.1344574 -0.2704804 -0.4552135 -0.3922182 -0.1142056 -0.3112413 -0.0123558 -0.1087115 -0.3168107 -0.3198317 -0.1597893 -0.4906844 -0.3818786 -0.0782724 -0.0211397 -0.2202327 -0.2502418 -0.0123240 0.1505469 0.1126769 -0.0645502 -0.0585843 0.0354973 0.2155380 0.1485133 0.0607253 -0.4239094 -0.2402057 -0.3838640 -0.4224062 -0.2292799 0.3838074 0.1485028 0.2098506 -0.0078544 -0.0973040 -0.1526406 -0.1499894 -0.1216643 -0.2855020 -0.2921180 -0.2950302 -0.2153399 0.0339374 -0.0593069 -0.0656257 -0.0832909 -0.0153290 -0.1943657 -0.3318091 -0.2211275 -0.2445938 -0.2379565 -0.0693319 -0.0173778 0.0265935 -0.0695895 -0.3066553 -0.1924572 -0.3118292 0.1441961 0.0038580 0.2586782 0.4145803
-0.0506841 -0.1110519 0.1562769 0.5112691 0.2769647 0.4485056 -0.0443951 0.5831245 0.4997777 0.6402644 0.5268025 0.0955784 0.6092228 -0.0089625 0.0216699 0.7197801 0.0000000 -0.1228543 0.5963946 0.0006255 0.0614122 0.2179302 0.7717181 -0.1527625 0.1787373 0.7195840 0.5556788 -0.0705268 0.2636385 -0.0338784 0.4808402 0.3284026 -0.1666947 0.2494076 0.6599265 0.1590507 0.6655854 0.7372561 0.5248724 0.5493063 0.2914563 0.4333016 0.6866281 0.0508347 0.7332245 0.6279109 0.6678764 0.6921027 0.1501232 0.5164338 0.6398516 0.6368384 0.3206270 0.8210585 0.6466425 0.6903692 0.7071794 0.7276171 0.1618210 0.6717300 0.7057915 0.6940142 0.3772771 0.7268759 0.6307728 0.6160511 0.8515948 0.8372509 0.5958915 0.8597760 0.8205307 0.7276932 0.8364019 0.6797824 0.7888566 0.7656817 0.4761520 0.7484888 0.7573332 0.4778227 0.5451133 -0.2640225 -0.1718754 -0.2670721 -0.1722821 -0.1294035 0.1191593 0.4422497 0.0816105 -0.0015179 0.2047443 -0.2057995 -0.3091546 -0.1787867 -0.0000226 0.0444931 -0.3109056 -0.3137929 -0.2203206 -0.4416021 -0.2856290 -0.1589284 -0.2914405 -0.4844249 -0.3411410 -0.0826715 -0.0502831 -0.1500705 -0.1466549 -0.0224279 -0.3094667 -0.1741048 -0.0401965 -0.1689176 -0.2848313 0.0309699 -0.3824415 -0.3858736 -0.1649029 -0.1726207 -0.1477558 -0.1424792 -0.4876646 0.2196325 -0.3024335 -0.1244106 -0.0039027 -0.4098194 -0.2188670 0.1273024 0.0445311 -0.1930981 -0.1749345 -0.1171421 -0.2857910 -0.1528964 -0.1349617 -0.2038573 -0.1184418 -0.4001978 -0.4013404 -0.3267297 0.0419977 -0.0904889 -0.1712649 0.1958662 -0.2735482 -0.2552214 -0.2042574 -0.2764260 -0.4617310 -0.2555952 -0.2836497 -0.1794394 -0.1728613 -0.2193169 -0.5837361 -0.2926669 -0.3628246 -0.4111009 -0.1297002 -0.3155431 -0.4355195 -0.4589976 -0.3334344 -0.4878639 -0.4290713 -0.1087912 -0.2133915 -0.3543169 -0.2871996 -0.0356609 0.1465379 0.0282658 -0.2440997 -0.2634914 -0.0588447 0.3465322 0.1955908 0.0973831 -0.3155884 -0.2984005 -0.1649286 -0.2250905 -0.0974250 0.5367720 0.1865554 0.3082917 0.2840959 0.0950478 -0.0623985 0.0840060 0.0289407 -0.3267284 -0.1927565 -0.2233204 -0.0850807 0.3298974 0.1739814 -0.0816327 -0.1617393 -0.1449636 -0.1071165 -0.1486853 -0.3402738 -0.3599842 -0.2418993 0.1914447 -0.0218283 0.0143289 -0.0198511 -0.1761569 -0.2453748 -0.3337747 0.2337325 -0.0785825 -0.0525173 -0.0882111
