0.0000000 0.6897946 0.5920038 -0.0403580 0.5611681 0.2436579 0.6027796 0.1403550 0.2834407 -0.2409569 -0.3761931 0.4626025 0.1497788 0.0508892 0.2338741 -0.2161430 -0.3593026 0.0135487 0.0168101 0.2653693 0.1288988 0.0689555 0.0759163 -0.2152977 0.0685022 0.1003434 -0.3410514 0.1009772 0.0482463 -0.0109920 0.0266565 0.2325225 0.0532670 0.1130246 -0.0702124 -0.0147644 0.2186704 0.2250458 -0.1295398 -0.1594858 0.1268654 0.0723429 -0.2482559 -0.1435724 0.1700534 0.2050546 0.2316243 0.3064153 -0.0382265 0.0265131 0.1238653 -0.0562314 0.2363655 -0.3635888 0.4342407 0.1199826 0.1534103 -0.2581309 0.3645592 0.1016327 0.4287354 -0.2674655 0.5884808 0.1305653 0.3559397 -0.0302241 -0.0705756 -0.1992324 0.0431226 -0.1401526 -0.1098309 0.2247931 -0.1274405 0.4381234 -0.1421070 0.2761059 0.2841351 0.0636624 0.4388050 0.4258613 0.5165211 0.3319056 -0.0555134 -0.0678658 0.2500089 0.1352000 0.1318534 -0.2049006 0.0783972 0.0324589 -0.3390981 -0.2531270 -0.1825312 -0.0095935 -0.3116510 -0.2990972 -0.3394477 -0.1923734 -0.3035223 -0.0245964 -0.1192654 -0.1034046 -0.0851097 -0.1000321 -0.3255160 -0.3629210 0.2385323 -0.1778551 -0.1613299 -0.0954339 -0.4250317 0.0113130 -0.2770019 -0.0234900 0.1963718 -0.1534905 -0.1043372 -0.0166314 -0.0849679 0.2241956 -0.1482712 -0.2216693 0.2964125 0.1089948 0.0505656 0.2387597 -0.3242402 0.1396347 0.4552069 -0.2971248 -0.0881989 -0.2572566 -0.2623887 -0.4137957 -0.1655572 -0.0810930 -0.1714080 0.4140764 -0.0244191 0.4873523 -0.2325259 0.3851211 -0.2174552 0.0639461 0.0496945 -0.0559104 -0.0499109 -0.1316378 -0.3521336 0.2146484 0.2286402 0.3466156 -0.0700960 -0.2958830 -0.2048611 0.2917436 -0.0677480 -0.0173215 -0.1648583 0.2841041 -0.2839558 0.2131445 0.2694497 0.2505411 -0.2300428 0.1074029 -0.0752875 -0.3078765 -0.0792298 0.1280020 -0.3621953 -0.3443311 0.7815490 0.7707136 0.6452995 0.5198216 0.4165825 0.4301183 0.0662686 0.0535503 -0.2681411 0.1981710 0.3182247 0.2258218 0.3544876 0.5702528 0.5136364 0.2100201 0.4198053 0.2327331 0.5614159 0.3103265 0.4018838 0.3789897 0.4505594 0.3459259 0.3895698 0.3253289 0.3580434 0.2755595 0.6075407 0.1080687 -0.0029686 0.0195791 0.0565521 0.1492932 0.4109307 0.1781807 0.6065974 0.0871498 0.0443411 0.1111810 0.1444097 0.4385323 0.1778210 0.0950659 -0.1980830 -0.2933465
0.6897946 0.0000000 0.8372824 0.3535050 0.7228219 0.6910891 0.6593800 0.3674864 0.6043831 0.1744016 0.0117651 0.6817592 0.1461899 0.2495405 0.4830869 0.1237730 0.0198416 -0.1952489 -0.0221034 0.0780724 0.3636362 -0.2582398 0.3321438 0.1254636 -0.0619084 0.2869438 -0.1097803 -0.0317480 0.3620500 -0.1271949 -0.0992164 0.1794767 0.2529924 0.4164179 0.2432499 0.4420041 0.2279127 0.0529831 -0.2295167 -0.2258344 0.1648921 0.4757315 0.0314230 -0.2515832 0.5271382 0.1315581 0.2529625 0.2665794 0.1798259 0.0154081 0.2823130 0.0780813 0.5161633 -0.1641643 0.3746177 0.0458369 0.1537051 0.0526786 0.5283515 0.2570731 0.7100860 0.0365900 0.6472177 0.2249536 0.6679831 0.0268742 0.1922989 0.1271775 0.1642592 0.0383051 0.0701041 0.3833339 0.1700406 0.5655436 -0.0645231 0.2377489 0.4223399 0.1398463 0.4336051 0.4500748 0.4848877 0.3081492 0.1021851 -0.1229320 -0.0580604 0.1246820 0.0880430 -0.2036069 -0.0624633 0.0751582 -0.1876853 -0.1941221 0.0150934 0.0172108 -0.1685182 -0.3346025 -0.3401155 -0.0004938 -0.1710911 0.1008774 0.0651601 0.0125303 0.1472583 -0.1950117 -0.2754808 -0.2726653 0.3156088 -0.0739635 -0.0074915 0.0312000 -0.2051377 0.1532645 -0.1504321 0.0638298 0.4447960 -0.0669914 0.0416452 0.2629235 0.0925199 0.4303932 -0.0862924 -0.1483910 -0.0697479 0.3424040 0.2319107 0.6040921 -0.3785420 -0.1735461 0.5372410 -0.2424142 -0.0698779 -0.4878599 -0.4628543 -0.3588372 -0.3713114 -0.2504989 -0.1223920 0.1557374 -0.1035514 0.4370337 -0.3551601 0.1588233 -0.5511911 0.4014964 -0.0054055 0.0996338 -0.2645296 -0.2794537 -0.4669980 0.1122159 0.0862496 0.4719539 -0.2702721 -0.3599371 -0.3973654 0.4025586 -0.4049496 -0.1538521 -0.4687875 0.1655436 -0.4815966 -0.0576485 0.3843833 -0.0001515 -0.4586156 0.0870932 0.0955958 -0.4778138 -0.2864827 -0.2064353 -0.5336442 -0.5264531 0.5389094 0.4943625 0.8946804 0.7931799 0.7049088 0.5754114 0.3911963 0.4133547 0.1209116 0.5665262 0.6021528 0.4911270 0.5458421 0.7670653 0.5370592 0.2091600 0.5660854 0.2579797 0.6390373 0.5535434 0.5095374 0.2076763 0.5850352 0.4789578 0.4723614 0.3628022 0.3947690 0.5852229 0.5826587 0.1033137 0.1318688 0.3834071 0.2704654 0.2516566 0.4406038 -0.0879192 0.5811569 0.1929801 0.1670555 0.3407547 0.2376524 0.4124733 0.2987685 -0.3247738 -0.1135302 -0.3092575
0.5920038 0.8372824 0.0000000 0.3139849 0.8677156 0.4307030 0.3796382 0.3118344 0.4756819 0.2867079 0.1061042 0.4817454 0.2502397 0.3304365 0.2876940 0.2892086 0.2316014 -0.1497907 -0.1553366 0.0936145 0.4244501 -0.3104820 0.3825252 -0.0938363 -0.2182921 0.1724168 0.0340991 -0.2298888 0.2908510 -0.1490309 -0.2396798 -0.0282262 0.0785782 0.2348873 0.1823517 0.3840554 0.0324666 -0.0916056 -0.2339182 -0.2592456 0.0605278 0.3629867 0.0170063 -0.4377899 0.2767298 -0.0324425 0.1252162 0.1919240 0.0041839 -0.1222649 0.2131991 0.0394992 0.2107027 -0.1502696 0.4043348 -0.0801990 0.0034878 0.0580054 0.4640508 0.1698123 0.5216015 0.1492912 0.7161579 0.0258763 0.3602743 -0.0278027 0.1478082 0.0458409 0.1053913 -0.0918487 -0.0071608 0.1636804 0.0479833 0.3410070 -0.1448871 -0.0263648 0.1478263 -0.0753908 0.0850160 0.1623015 0.1541594 0.3208978 -0.0482573 -0.0698901 0.0735205 -0.0654232 -0.0951661 0.0495674 -0.2580568 0.1419530 -0.2422277 -0.0839993 0.0271287 0.0866776 -0.1802656 -0.2349354 -0.2732386 -0.0444229 -0.0767348 -0.1482448 0.0929502 -0.0427168 0.0817646 -0.1860992 -0.2503773 -0.1828712 0.2256890 -0.0565749 -0.0711337 -0.0293827 -0.1485501 0.0693963 -0.1981453 0.0116258 0.2716898 -0.1511413 -0.0802344 0.1883423 -0.0527932 0.2821208 -0.1363063 -0.1879002 0.0079830 0.1603249 0.1739847 0.4052562 -0.3412527 -0.0723687 0.3443043 -0.2432734 -0.0571028 -0.2996002 -0.3040096 -0.1739642 -0.2283598 -0.2454714 0.0297750 0.1504062 0.0179710 0.2243273 -0.2969934 0.0520735 -0.4458266 0.2798750 0.0504382 0.1273750 -0.1301557 -0.0779932 -0.4185706 -0.0144062 -0.1059563 0.4158748 -0.1961079 -0.2946511 -0.1442752 0.5133373 -0.4717394 -0.0957599 -0.4382053 -0.0674490 -0.3229738 -0.1371717 0.4176222 -0.0585638 -0.3741290 0.0117837 0.1013326 -0.4764178 -0.4692699 -0.2830087 -0.5790695 -0.6286717 0.4546318 0.3372659 0.7080842 0.5825476 0.5546029 0.5506474 0.4467053 0.4160522 0.1126875 0.3949491 0.4868856 0.3370925 0.4923454 0.6525029 0.5892184 0.4544303 0.4131443 -0.0135903 0.4978237 0.2586018 0.3751559 0.1132035 0.4285150 0.2988747 0.3078942 0.3509761 0.1927018 0.4664202 0.4096242 -0.1520179 -0.1624666 0.2003786 0.3440548 0.2912794 0.2532620 -0.1107489 0.4414346 -0.1822607 0.0755277 0.2345324 0.1519393 0.2659200 0.0983911 -0.1545913 -0.0607175 -0.3199270
-0.0403580 0.3535050 0.3139849 0.0000000 0.1360834 0.7232787 -0.1585850 0.7435336 0.6327873 0.8128947 0.8190324 0.2968609 0.3637564 0.3188790 0.5535644 0.6159227 0.6259012 -0.4936088 0.1509076 -0.2590955 0.4676607 -0.2612902 0.5446569 0.3982433 0.0587342 0.1864090 0.4598318 -0.4268221 0.6297663 0.0215884 -0.2820150 0.1346010 0.3060263 0.5995910 0.5937024 0.5826191 0.1831817 0.2093050 0.2311552 0.3038525 0.3106199 0.4807642 0.5271045 -0.1462700 0.4441473 0.2968655 0.2747799 0.3563847 0.3878245 0.3937709 0.4500318 0.4380949 0.4392915 0.4200256 0.2884103 0.2966020 0.2226802 0.4931520 0.1904360 0.4551629 0.2732826 0.5530621 0.0429414 0.5152470 0.5162142 0.1830178 0.4961003 0.5745199 0.3042548 0.5442676 0.3894712 0.7377196 0.5010966 0.6149538 0.3359550 0.4862275 0.6915742 0.2632930 0.4181784 -0.0126013 0.1366856 0.3576982 0.2148851 -0.0723725 -0.3669506 0.4097251 0.1242075 -0.0667157 0.1092014 0.2016863 0.2518173 0.0198668 0.4408806 -0.1030026 0.3945484 0.1936992 0.0865777 0.3836173 0.3648768 -0.0471890 0.1843337 0.4316263 0.6321355 -0.4114323 0.2327093 0.3245783 0.2140177 0.6089354 0.3136739 0.1219309 0.3855039 0.0516770 0.5564574 0.5723646 0.4191775 0.6619581 0.6395177 0.3850553 0.5539808 0.3550399 0.5116283 0.5391020 -0.0371776 0.5064731 0.5486706 0.1928344 0.3146418 -0.0746618 0.2357529 0.4942973 0.4535196 -0.1433550 0.0945494 0.1346526 -0.2174786 -0.1709645 0.2088819 0.0614794 0.0536665 -0.0812847 -0.0657748 -0.1101746 -0.3677762 0.2245511 -0.0442031 0.2961544 -0.0537741 -0.0542054 -0.1643960 -0.1083848 -0.1940124 0.0111678 -0.0848096 0.0494216 -0.1025782 -0.0105820 -0.2129116 -0.0575785 -0.2416770 -0.1125086 -0.0675708 -0.2366602 0.1151245 -0.0139275 -0.0899976 -0.1859440 0.1327092 -0.0982775 -0.1080152 -0.1986541 -0.0967709 -0.0930680 0.0716542 -0.3294899 0.1843024 0.1556194 0.4168853 0.4148849 0.3222103 0.1319406 0.1607411 0.2952083 0.2049477 0.1624399 0.1432598 0.4951097 0.0329348 0.1176186 0.6474609 0.5827978 -0.0435294 0.2435091 0.1225350 -0.1805528 -0.0138730 -0.0523377 -0.2254277 -0.3698620 -0.2320285 0.0579359 -0.4808489 -0.6097991 -0.1254681 -0.1928704 -0.2183239 0.0485386 -0.3349102 -0.5340935 -0.4534235 -0.4433929 -0.1613323 -0.1620409 -0.2964792 -0.0788587 -0.3093546 -0.6327515 -0.0725160 -0.6011064
0.5611681 0.7228219 0.8677156 0.1360834 0.0000000 0.3328086 0.5683072 0.2250506 0.4835569 0.1589794 0.0883774 0.5143839 0.1993765 0.1549624 0.3006858 0.3404888 0.1810938 -0.0078962 -0.1813125 0.1009927 0.4017072 -0.3767600 0.5438794 -0.1257720 -0.2873308 0.2187456 -0.0688097 -0.1061741 0.2406325 -0.2424670 -0.3185944 -0.1117959 0.0570553 0.1980262 0.2349588 0.3011451 -0.0331625 -0.1775665 -0.3068179 -0.4111175 -0.0178698 0.3967293 0.0466265 -0.4159212 0.3322817 -0.0692152 0.0646007 -0.0115672 -0.0430929 -0.1822819 0.1422464 0.0848047 0.2792298 -0.1803947 0.2338413 -0.1821076 -0.0829080 -0.0317791 0.7530404 0.1019045 0.7281007 0.1604813 0.6273863 -0.0408255 0.3953352 -0.1985325 -0.0241877 -0.1206150 -0.1225502 -0.2830991 -0.2034667 0.0688082 -0.1355005 0.2561975 -0.3766629 -0.2389459 -0.0895126 -0.2587948 0.0072943 0.1751212 0.3185920 0.2605778 -0.1240179 -0.2115625 0.0632639 -0.0939320 -0.0379357 0.1802303 -0.3736941 -0.0381169 -0.4014929 -0.2239022 -0.0815110 0.0960103 -0.3639961 -0.3072106 -0.3300839 -0.1312903 -0.3255629 -0.3706791 -0.0126817 -0.0960276 0.0012340 -0.0650118 -0.3966427 -0.4225264 0.1882631 -0.1358896 -0.2754670 -0.1872312 -0.4301056 -0.0063480 -0.3178304 -0.0618277 0.1534922 -0.2313411 -0.1827319 0.1326359 -0.1701802 0.2556585 -0.2542633 -0.2408580 -0.1025527 0.0884374 0.0671854 0.3946589 -0.4973419 -0.0837734 0.3467577 -0.3756176 -0.1857280 -0.4237801 -0.4022512 -0.0356859 -0.2529035 -0.3045662 -0.0586145 0.1398694 -0.0496636 0.3094896 -0.3350479 0.0315068 -0.4401758 0.3106354 -0.0252662 -0.0654375 -0.1619837 -0.1020983 -0.4630018 -0.0222637 0.0039609 0.5593810 -0.2914831 -0.4496072 -0.1540456 0.6541348 -0.5629637 -0.0788860 -0.4720705 0.1121952 -0.3272948 -0.1477330 0.3119658 -0.0453786 -0.4396315 0.2333064 -0.0763396 -0.5422138 -0.5975410 -0.3037189 -0.5922549 -0.7632864 0.4077518 0.4424637 0.8021832 0.7382715 0.6005415 0.6180193 0.4896802 0.4382352 0.0541382 0.5316434 0.6917333 0.5003095 0.7674881 0.7026020 0.8726785 0.5188502 0.3440815 -0.0309758 0.6644017 0.3132245 0.6365526 0.4210528 0.6309526 0.5624048 0.5589644 0.6234672 0.3913282 0.5610197 0.5206768 -0.1793903 -0.3262609 0.2137748 0.3138654 0.3097450 0.3769067 -0.0294451 0.4608843 -0.1582259 0.0351715 0.5109074 0.2431266 0.4024433 0.2160912 -0.0529018 0.1024849 -0.2209234
0.2436579 0.6910891 0.4307030 0.7232787 0.3328086 0.0000000 0.3536561 0.5403972 0.7326678 0.5308238 0.4093544 0.6249692 0.1153393 0.3109479 0.5433338 0.2799506 0.2067575 -0.4730550 0.0145963 -0.1055979 0.3804407 -0.2936515 0.4064686 0.5537025 -0.0051823 0.4127348 -0.0088181 -0.1273726 0.5784351 -0.0488554 -0.1081227 0.2556977 0.5560906 0.7539076 0.5441947 0.5826948 0.2751316 0.1074601 -0.0260098 -0.0826334 0.3093550 0.6210978 0.2295467 -0.1068449 0.7151612 0.2285423 0.3103507 0.2769770 0.4842658 0.2188616 0.4114878 0.1914002 0.7720390 0.0403942 0.2317286 0.2175116 0.2541643 0.1334239 0.3847667 0.3715796 0.5774446 0.1666902 0.2677291 0.5095174 0.7939448 0.1057127 0.3057484 0.2866919 0.2121703 0.2898959 0.1921279 0.6713704 0.3232040 0.7268684 0.1291499 0.3994132 0.7157059 0.2095402 0.5593578 0.3450298 0.4473732 0.2154692 0.3045102 -0.1568931 -0.3700715 0.2518031 0.1152091 -0.1553518 -0.0250363 0.0616977 0.0449382 -0.1648776 0.2776438 0.0382094 0.1305319 -0.1412409 -0.1086642 0.3155819 0.0090190 0.1999885 0.2614519 0.2389131 0.5095905 -0.0944338 -0.0063754 -0.0191903 0.1986658 0.3685873 0.1225689 0.1747954 0.0756662 0.1600478 0.3795314 0.4152777 0.5897742 0.4992508 0.5107715 0.4664148 0.5686321 0.4544087 0.3062100 0.3181607 -0.1519984 0.5423598 0.3913178 0.5076298 0.0540142 -0.1326172 0.3705753 0.2310810 0.1883690 -0.3294172 -0.2060449 -0.2116202 -0.3344093 -0.1396601 -0.0031866 -0.0000482 -0.1659463 0.2012202 -0.2108716 -0.0077967 -0.4344140 0.3677349 -0.0285719 0.1309882 -0.2505932 -0.2739246 -0.2786359 -0.0013182 -0.0441556 0.3143656 -0.1904838 -0.1034789 -0.3295549 0.1296269 -0.1918904 -0.0811109 -0.2918312 0.0958649 -0.2794489 -0.1304932 0.1483606 0.0633123 -0.2687474 -0.0674102 0.2813579 -0.2030239 -0.0084776 -0.1435492 -0.1367865 -0.1909296 0.1852853 -0.0225450 0.5799047 0.5975684 0.6991090 0.5598882 0.4450663 0.3247771 0.2413948 0.5751578 0.4718033 0.4157275 0.3528322 0.6182164 0.2187052 -0.0481287 0.7155116 0.6834226 0.2980557 0.6018225 0.4208533 -0.1278073 0.2921312 0.1725432 0.0836727 -0.0284759 0.1446266 0.3818763 0.0211158 -0.2500620 -0.0193507 0.0039141 -0.1304680 0.0747638 0.0421395 -0.3405739 0.0201843 -0.0290100 -0.1466073 0.0994973 -0.0674077 0.1024996 0.0654801 -0.6472998 0.0061827 -0.3925805
0.6027796 0.6593800 0.3796382 -0.1585850 0.5683072 0.3536561 0.0000000 0.1444180 0.3975211 -0.2861939 -0.3229458 0.7285925 -0.0031317 0.0646376 0.3580423 -0.1485314 -0.3372539 0.1436361 0.2142731 0.1167939 0.2688494 -0.0026278 0.1918742 0.0655067 0.1759833 0.3738262 -0.2896920 0.4650924 0.1582620 -0.0182886 0.1129762 0.3056670 0.1378656 0.2149457 0.1570403 0.2879624 0.2900366 0.1518428 -0.1607213 -0.3318422 0.2531007 0.3912361 0.0023221 0.1052730 0.4656143 0.1739569 0.2258685 0.1746262 0.0880766 -0.0306101 0.1398369 0.1093475 0.4809547 -0.1720173 0.2428445 0.0513438 0.1695285 -0.0434165 0.7147897 0.1357309 0.8200774 -0.0427701 0.4185315 0.1200813 0.5776942 -0.0745461 0.0585245 -0.0296664 -0.0572884 -0.1233933 -0.0450285 0.1197655 0.0882269 0.3371984 -0.1848406 0.1303538 0.0702845 0.1120725 0.4588887 0.3677513 0.7514280 0.0177345 0.0506116 -0.2768963 -0.0936306 0.1253220 0.3473958 -0.2574555 0.0164461 -0.1341810 -0.2198103 -0.2307486 -0.1481125 0.0448510 -0.3835342 -0.3208336 -0.2483128 -0.1304248 -0.5474332 -0.0967256 -0.0496574 -0.0727201 -0.1260420 0.0649184 -0.3062918 -0.4613267 0.2108589 -0.3587949 -0.2129191 -0.2334373 -0.5484151 0.1333445 -0.4046543 -0.2599150 0.1471748 -0.3258210 -0.2612224 -0.0128452 -0.1851189 0.2699010 -0.3934690 -0.4119366 -0.0779768 0.2172896 -0.1148065 0.5665890 -0.5988211 -0.0315630 0.4538314 -0.4727005 -0.3260797 -0.5392502 -0.6397611 -0.3722151 -0.3614777 -0.1362716 -0.3804783 0.0949750 -0.2541010 0.5023705 -0.2842822 0.1747018 -0.3633326 0.4665545 -0.1407770 -0.1042662 -0.3272842 -0.4220396 -0.3989232 0.1130626 0.3244050 0.6799131 -0.3287217 -0.3764999 -0.4985817 0.6123083 -0.2833322 -0.1334656 -0.3144065 0.4858614 -0.5175967 0.0172157 0.3217366 0.0434852 -0.5034527 0.5227111 -0.0827585 -0.3883319 -0.2284426 -0.1321322 -0.3704972 -0.4558903 0.3436410 0.6484560 0.8245213 0.8744561 0.6676682 0.5243042 0.3340875 0.3709614 -0.0075289 0.6693416 0.7791763 0.7160325 0.7343062 0.6223650 0.6566518 -0.1263434 0.2967079 0.2608023 0.8378358 0.4833053 0.7293005 0.5729870 0.8173748 0.7243477 0.7164330 0.6510988 0.5825605 0.6752937 0.7723680 0.3191204 0.1902404 0.4973798 0.3172297 0.3346790 0.5603255 0.1258071 0.6493628 0.4392529 0.2388335 0.5871985 0.4910847 0.5794256 0.3791689 -0.0582833 -0.0925343 -0.1454183
0.1403550 0.3674864 0.3118344 0.7435336 0.2250506 0.5403972 0.1444180 0.0000000 0.5991115 0.4449484 0.5422651 0.3784392 0.7839634 0.3796064 0.3856452 0.5743980 0.3109988 0.0285822 0.6494042 0.0809284 0.4663456 0.1527789 0.5281326 0.3515272 0.5389960 0.6505160 0.4460713 0.0119953 0.4904337 -0.0163088 0.1226583 0.5886116 0.2375421 0.4380577 0.8682018 0.5141817 0.6627464 0.5879577 0.5736883 0.2867049 0.6160136 0.4531912 0.8114561 0.2201264 0.3826304 0.6662296 0.7183347 0.5407523 0.3643047 0.5550896 0.8424733 0.8295901 0.4492791 0.6303255 0.5819316 0.6329291 0.6527718 0.5840147 0.2629913 0.8477522 0.4108560 0.8239888 0.2569888 0.6527261 0.6038239 0.5411037 0.8289679 0.6318521 0.4892085 0.6740611 0.7153263 0.7593528 0.6686041 0.7369626 0.5576589 0.6018181 0.5455395 0.5852351 0.6199272 -0.1437850 0.3189996 0.1291593 -0.1354042 -0.2432855 -0.2990626 0.5086098 0.1651340 -0.2600070 0.2887240 -0.0177888 0.2483598 -0.0204996 0.3488620 -0.3393544 -0.0141217 0.1337762 0.0974048 0.3209605 -0.1157795 -0.2115694 -0.1682696 0.5182076 0.3649125 -0.6329029 0.1739318 0.2452208 0.3024143 0.2626319 0.1195357 -0.0116029 0.0833734 0.0390655 0.1307102 0.2995292 0.2264287 0.3504821 0.3242725 0.0488781 0.2777679 0.1357519 0.0847859 0.0726620 0.0820274 0.3854396 0.2460174 0.1517009 -0.0103469 -0.1031185 0.1533868 0.2521857 0.2031036 -0.3729231 -0.2752493 -0.2087411 -0.5647825 -0.3310749 -0.1876244 -0.0674699 -0.1888510 -0.2950045 -0.3477816 -0.3588438 -0.6583445 0.0003385 -0.3330325 0.0712699 -0.2605455 -0.3014920 -0.5264426 -0.3997448 -0.3983587 -0.0688244 -0.3548181 -0.1723055 -0.4341595 0.0716757 -0.4366424 -0.1852197 -0.5238364 -0.2094136 -0.4279638 -0.5008969 0.3068504 -0.2480020 -0.4352636 -0.1349917 -0.1117493 -0.3371086 -0.2400071 -0.4296129 -0.2688551 -0.2657124 0.0383643 0.1086612 0.2291343 0.3314611 0.4930074 0.4903601 0.2444486 0.0014299 -0.0315284 0.2303025 0.2796605 0.1640934 0.2430118 0.5513285 0.1810349 -0.1638992 0.4840371 0.5705917 0.1513819 0.1439638 0.1768792 0.0544555 0.0725972 0.0329273 -0.1349163 -0.2477026 -0.3174582 0.1317784 -0.2067662 -0.3250295 -0.0439877 0.0045699 -0.1926035 0.0305934 -0.3387386 -0.2247415 -0.1874638 -0.2156140 -0.2944868 -0.1090429 -0.1662080 -0.0560713 -0.1955366 -0.4247626 -0.2727317 -0.5595354
0.2834407 0.6043831 0.4756819 0.6327873 0.4835569 0.7326678 0.3975211 0.5991115 0.0000000 0.5404463 0.5559136 0.6085764 0.4012851 0.1004011 0.8502726 0.3439457 0.2681407 -0.4656291 0.0629288 -0.0395459 0.6861625 -0.4084684 0.5379711 0.5891302 -0.0412331 0.3013308 0.0842738 -0.0649191 0.7773545 -0.1772804 -0.1488840 0.1088475 0.5372229 0.7991192 0.6055826 0.7302647 0.0934735 0.1338335 0.0191060 -0.3242302 0.3306427 0.7955538 0.3846536 -0.0098232 0.8770940 0.0965867 0.1025550 0.3827894 0.7204381 0.2000425 0.2504416 0.2360958 0.8241540 0.0208350 0.2970954 0.0821318 0.0309499 0.5007046 0.6794080 0.2364783 0.7478674 0.3576104 0.3691855 0.7008610 0.7972366 -0.0908035 0.3205648 0.5428111 0.0065454 0.5084244 0.1400971 0.7423961 0.3908126 0.7596630 0.0214357 0.5125362 0.6195604 0.1300386 0.6007858 0.2957477 0.6085043 0.4779939 0.5278865 0.1266591 -0.1197713 0.4366789 0.3788448 0.2295124 0.0808052 0.2939633 0.2314375 0.0340689 0.3838742 0.3387298 0.1758613 0.1438844 0.1011369 0.3285897 0.0223471 0.0846268 0.4122699 0.2994751 0.4936210 -0.0681575 0.1535059 0.0560046 0.3601362 0.3143226 0.1585458 0.0568159 0.0319582 0.2600844 0.2563591 0.2724479 0.5062114 0.3276738 0.2973862 0.3431286 0.3485303 0.4879401 0.0695646 0.1581697 0.0097585 0.4711704 0.4336350 0.5667518 -0.2355911 0.0798008 0.4477699 -0.0086886 0.1078299 -0.2592653 -0.2864468 -0.1428002 -0.2518456 -0.0811170 -0.0447713 0.0970220 -0.0785604 0.0820718 -0.1255779 -0.1280065 -0.3875349 0.3746495 -0.0760867 0.1514107 -0.2076560 -0.2052139 -0.0895952 -0.2679031 -0.2172675 0.3648277 -0.3442036 -0.0908676 -0.2693157 0.3227272 -0.1892546 -0.1165018 -0.2034421 0.2012467 -0.2016811 -0.2948370 0.2492385 0.1084901 -0.3152518 0.0163020 0.1716517 -0.0375702 -0.1785419 -0.2283780 -0.0736494 -0.1956105 0.0707214 0.0903418 0.6102136 0.5917110 0.7178855 0.7793769 0.6366972 0.4891496 0.4013528 0.6652224 0.6635771 0.5400695 0.6517390 0.7826873 0.5769239 0.1463843 0.8407007 0.6041225 0.5235635 0.6747873 0.7183991 0.1235912 0.4827948 0.3869238 0.3254571 0.1192792 0.2415292 0.5886131 0.0186556 -0.3521083 -0.0057160 0.0986742 -0.0508799 0.3187745 0.0827833 -0.4071802 -0.0780567 -0.1947430 0.0864074 0.2870801 0.0042310 0.1153662 -0.0684760 -0.6736371 -0.3728856 -0.6447932
-0.2409569 0.1744016 0.2867079 0.8128947 0.1589794 0.5308238 -0.2861939 0.4449484 0.5404463 0.0000000 0.8748317 0.2845254 0.1684081 0.4682086 0.4654039 0.6806931 0.8470720 -0.6800315 -0.2031354 -0.4041756 0.6173695 -0.4821173 0.5641210 0.4222395 -0.2851317 -0.0277978 0.6220800 -0.6362172 0.6729837 0.1681529 -0.4193321 -0.2598433 0.2213225 0.5587341 0.3872903 0.6386613 -0.2200938 -0.1970099 0.0158888 -0.0744801 -0.0333340 0.4996107 0.3858982 -0.3480331 0.3592991 -0.1413850 -0.1104932 0.0090547 0.2621209 0.1166283 0.1284728 0.1848672 0.2409401 0.2682065 0.0442200 -0.0595189 -0.1756095 0.4510272 0.2322017 0.0893622 0.1401813 0.4354535 0.1089986 0.1919208 0.1489244 -0.0912444 0.2608532 0.4808621 0.1395708 0.3289114 0.1569158 0.3772245 0.3512705 0.2472787 0.0752684 0.1554513 0.4355380 -0.0360444 0.0327134 -0.2680144 -0.1196853 0.3716959 0.2833996 0.0156610 -0.2294703 0.0515481 0.1626630 0.2640279 -0.2453254 0.2798875 0.2101214 0.2657233 0.4943248 0.1916333 0.4481451 0.3286166 0.2667159 0.3537735 0.5186394 -0.0811789 0.4702363 0.2597189 0.5270006 -0.0164585 0.2711448 0.3222420 0.1372320 0.5162857 0.2171104 0.1502664 0.3837581 0.2023689 0.5420988 0.4444055 0.3696209 0.5011987 0.4240089 0.3691427 0.3667248 0.2922146 0.3773571 0.4204283 -0.0289619 0.4238251 0.4702993 0.1717551 0.1646314 0.0289603 0.1681509 0.3757573 0.4102350 0.0009257 0.2269539 0.3736134 -0.0574364 -0.0228662 0.4508376 0.0934830 0.2606143 -0.0912599 0.0788261 -0.1471675 -0.2033294 0.3651563 0.2557875 0.4861694 0.1466669 0.2044060 0.0368434 -0.1178182 -0.2475754 0.0749660 0.0171333 0.1996622 0.1941136 0.1172175 -0.1428713 -0.0518790 -0.0816044 -0.2814926 0.1752086 -0.2634453 0.1739490 -0.0316887 0.0592658 -0.2627100 0.2780499 0.1325082 -0.1235679 -0.1418321 -0.0695563 -0.0349826 0.0215186 -0.4676821 0.0835268 0.0333607 0.3320395 0.2805090 0.5473599 0.3986095 0.2593376 0.3472671 0.2427066 0.2013109 0.2098009 0.2331276 0.0737174 0.2783338 0.5773168 0.3432530 -0.0380299 0.1677999 0.1705183 -0.1449207 0.0140216 -0.0192162 -0.1937785 -0.4221244 -0.3414881 0.1427180 -0.5106490 -0.6774727 -0.2131651 -0.2027189 -0.1136317 0.2425895 -0.2623555 -0.7295170 -0.5030230 -0.5775371 -0.0763224 -0.0412445 -0.2537099 -0.0730088 -0.3759144 -0.6433944 0.0081033 -0.4725684
-0.3761931 0.0117651 0.1061042 0.8190324 0.0883774 0.4093544 -0.3229458 0.5422651 0.5559136 0.8748317 0.0000000 0.1651007 0.2925600 0.1835687 0.5454986 0.7459390 0.8195394 -0.4912325 -0.0476752 -0.4054166 0.5300098 -0.4787761 0.7125580 0.3893742 -0.1958662 -0.0170234 0.6008357 -0.5276206 0.6041337 0.0159043 -0.4381561 -0.2184442 0.1761549 0.4834961 0.5199934 0.5643297 -0.1609038 -0.0303740 0.1164701 0.1159307 0.0569535 0.4627942 0.5426211 -0.2287031 0.3825656 0.0333419 -0.0556126 0.0440135 0.3095048 0.3154689 0.1787509 0.3500067 0.2542969 0.3890908 -0.0238740 0.0416502 -0.1102873 0.5464474 0.2832363 0.1901732 0.1909528 0.6207284 -0.1479615 0.3176595 0.2465736 -0.0749412 0.2875987 0.5114792 0.0203499 0.4283779 0.1736964 0.4646549 0.2988639 0.2819088 0.1134799 0.1829206 0.3885753 -0.0298450 0.0554732 -0.2597572 -0.0236418 0.4428261 0.2511487 0.0422794 -0.1827599 0.2749429 0.2075792 0.3240581 -0.0926571 0.2484890 0.2854943 0.1871581 0.5056712 0.1126153 0.4443233 0.3850167 0.2786764 0.4041093 0.4539274 -0.1809362 0.3264649 0.3718079 0.5812364 -0.2352461 0.3068931 0.3189653 0.2017537 0.5699019 0.2633300 0.0480801 0.3657506 0.1033596 0.4951661 0.4441342 0.2413794 0.5130315 0.4516376 0.3388929 0.3277839 0.2570663 0.3829128 0.4436805 -0.0588078 0.3165494 0.5138147 0.0703482 0.1878166 0.0289819 0.1360109 0.4239016 0.4410084 -0.0091301 0.1781783 0.4500350 -0.0316463 -0.0608016 0.3830933 0.0728381 0.2315149 -0.1651261 0.1444979 -0.2048041 -0.1817096 0.2113359 0.0836990 0.3949727 0.1264919 0.1852320 0.0982813 -0.1752433 -0.2127142 -0.0081395 -0.0652128 0.2010906 0.1535900 0.0411740 -0.1600702 0.0107841 -0.0670482 -0.1174491 0.1967682 -0.2736293 0.0578241 0.0110008 0.0642054 -0.1139399 0.1580188 0.1257053 -0.1943499 -0.1338288 0.0835722 -0.0067403 -0.2020833 -0.5049180 0.0152805 0.0188108 0.2734605 0.3101402 0.4067854 0.2181715 0.1901015 0.3119344 0.2226359 0.1916479 0.2397713 0.3016488 0.1125131 0.2500859 0.5084635 0.3652778 -0.0849626 0.1178127 0.2024885 -0.0339768 -0.0245805 0.0295925 -0.1417888 -0.2970059 -0.2566386 0.0832229 -0.5866601 -0.6585885 -0.1880982 -0.2147579 -0.1499299 0.2096188 -0.3865682 -0.7021659 -0.6479613 -0.5196696 -0.0577878 -0.0113848 -0.2196833 -0.0567906 -0.4271545 -0.6485631 -0.0464483 -0.4934980
0.4626025 0.6817592 0.4817454 0.2968609 0.5143839 0.6249692 0.7285925 0.3784392 0.6085764 0.2845254 0.1651007 0.0000000 -0.0086622 0.4830685 0.5810348 0.2208251 0.0904544 -0.2303050 0.0457271 -0.3544517 0.7034703 -0.3492457 0.4888130 0.3444229 -0.0254541 0.2886163 0.0182599 0.1065107 0.5949683 0.2801131 -0.1808192 0.1311009 0.3265130 0.5555880 0.3002352 0.7137457 0.1165007 0.0142682 -0.2271774 -0.2919961 0.1763993 0.6453601 0.0622586 -0.1268419 0.6197184 0.0866351 0.1349767 0.1128812 0.2083102 0.0115423 0.1889146 0.0683931 0.5062526 -0.0915948 0.1547035 -0.0033574 0.0360235 0.1118724 0.6869565 0.1284713 0.6903971 0.1286836 0.3169742 0.1831292 0.5332943 -0.2132335 0.1424775 0.2037852 -0.1230853 0.0102127 -0.0435413 0.2719645 0.2009199 0.4447824 -0.2130062 0.2740838 0.3636987 -0.0337634 0.4269226 0.0555180 0.5702115 0.3831215 0.1894476 -0.2660977 -0.1700755 0.0720471 0.4117022 -0.1640923 -0.2192190 -0.0003121 -0.2086953 -0.1114810 0.0655321 0.2279342 -0.1673496 -0.2143553 -0.1291066 -0.0047634 -0.2272052 -0.1438850 0.2918133 -0.0877740 0.1379784 0.0831717 -0.1993276 -0.3389071 0.1895208 -0.1025855 -0.1784490 -0.2643076 -0.3783551 0.1830448 -0.1729148 -0.0945890 0.2745377 -0.0779946 -0.0982071 0.0768050 -0.0860065 0.2280077 -0.2752256 -0.2985523 0.0328134 0.2844772 0.0422534 0.4415367 -0.5330626 0.0692005 0.3549503 -0.2854387 -0.1584379 -0.4717988 -0.5450257 -0.1032979 -0.3871436 -0.1528436 -0.1418269 0.1074949 -0.1572173 0.4371307 -0.1822619 0.0853870 -0.3535746 0.5332723 0.0172939 0.3058322 -0.2807631 -0.3580313 -0.2905549 0.0614038 0.2307012 0.6889423 -0.3246963 -0.0904224 -0.4143692 0.6540073 -0.2042590 -0.2658420 -0.2013441 0.3016121 -0.3943639 -0.0436341 0.5337701 0.1115050 -0.4169725 0.2936506 0.1928211 -0.1828061 -0.1904553 -0.0158350 -0.2723328 -0.3300422 0.3458172 0.2680109 0.7749255 0.7586431 0.8963660 0.6908309 0.7254112 0.6572243 0.1102444 0.8650750 0.8086789 0.7900307 0.6970305 0.6508984 0.5274438 -0.0216299 0.6571540 0.4774413 0.6505537 0.4124069 0.6853518 0.3905861 0.6234916 0.4569116 0.3448812 0.2173707 0.1587663 0.5841046 0.3779085 -0.0201204 0.1796622 0.1632661 0.1970845 0.5200908 0.1218017 -0.5112011 0.2961617 0.0617878 0.1444209 0.2825615 0.3544207 0.5274341 -0.1606829 -0.5469292 -0.2413447 -0.5157736
0.1497788 0.1461899 0.2502397 0.3637564 0.1993765 0.1153393 -0.0031317 0.7839634 0.4012851 0.1684081 0.2925600 -0.0086622 0.0000000 0.1441045 0.1096403 0.3130826 0.1001359 0.2060094 0.6211752 0.4950612 0.2413749 0.4026982 0.3383549 0.1642302 0.5770919 0.6019103 0.3258158 0.0719033 0.2033929 -0.1619483 0.4290892 0.5581158 0.1010100 0.1607848 0.7308948 0.1813447 0.6237386 0.6292927 0.6346666 0.0716490 0.5993552 0.2510106 0.7099666 0.3262183 0.1502858 0.6050499 0.6588359 0.5356619 0.2958376 0.5556948 0.7421565 0.7509232 0.2173351 0.4657740 0.6741325 0.6473129 0.6271010 0.4776926 0.0985734 0.7620223 0.2049312 0.7257791 0.4223595 0.6146510 0.3238248 0.6288611 0.7570552 0.4562726 0.5113061 0.6640404 0.6840957 0.5640950 0.4674452 0.5799878 0.5863386 0.4495583 0.3045106 0.5854405 0.4483697 -0.1235359 0.2123633 -0.0330029 -0.2771484 -0.1011088 -0.0266491 0.3499581 0.1007302 -0.0760674 0.3053182 0.0169293 0.2809243 0.0393780 0.2301751 -0.2495143 -0.1342275 0.2284190 0.1363607 0.2318178 -0.1897055 -0.1126547 -0.2529133 0.4429896 0.0379229 -0.5428436 0.1912461 0.3381156 0.2294066 -0.0001567 0.0368195 -0.0038073 0.0299834 -0.0227804 -0.0856967 0.0558470 -0.0226496 0.0620874 0.0223717 -0.1599036 0.0351898 -0.0279332 -0.1139425 -0.1226172 0.1576151 0.1120223 0.0664254 0.0070597 -0.0567076 -0.0294206 0.0677946 0.1694775 0.1361245 -0.1796351 -0.1841516 -0.4074586 -0.4158928 -0.2277096 -0.2003130 -0.0464706 -0.0906799 -0.5562097 -0.3059897 -0.4634248 -0.5518037 -0.2968327 -0.3404719 -0.0728734 -0.1044707 -0.0930506 -0.4535502 -0.5798824 -0.6503449 -0.3186518 -0.3478797 -0.1688276 -0.2476953 -0.0798220 -0.4123449 -0.0965377 -0.4873829 -0.4138370 -0.3133505 -0.6177738 0.1914450 -0.3455777 -0.3931497 -0.2233238 -0.2297342 -0.3225223 -0.3169498 -0.5200675 -0.2370070 -0.2818289 -0.0640873 0.2848473 -0.0011397 0.1382546 0.1976005 0.2165778 0.0076663 -0.2381271 -0.1426624 -0.1640073 0.0138430 -0.1897171 0.0872673 0.2825314 0.1944552 -0.1248726 0.2336381 0.2897839 0.0761122 0.0443705 0.0607540 0.0912682 -0.0349735 0.0092735 -0.0714001 -0.1914726 -0.2866543 0.0393643 -0.1239317 -0.1981973 -0.2012485 0.0671495 -0.0658693 0.0125875 -0.2519575 0.1076081 -0.0565596 -0.1395220 -0.3654271 -0.0959847 -0.0841029 -0.1423111 -0.0780844 -0.0881499 -0.3037341 -0.3122635
0.0508892 0.2495405 0.3304365 0.3188790 0.1549624 0.3109479 0.0646376 0.3796064 0.1004011 0.4682086 0.1835687 0.4830685 0.1441045 0.0000000 -0.0130920 0.4021907 0.2570243 -0.0719009 0.1799718 -0.2805759 0.5515883 0.0200813 0.1970990 0.3267056 0.1530573 0.3394527 0.4740025 0.0078102 0.4417226 0.6518476 0.0493238 0.2395705 0.2328860 0.3531793 0.3182898 0.5266649 0.2352735 0.0094414 0.1917728 -0.0674445 0.1836774 0.3718872 0.2411188 0.0200755 0.1002444 0.1523427 0.3438468 0.0489747 -0.0370012 0.0276952 0.4255265 0.2559936 0.0493023 0.3491652 0.3028660 0.1982116 0.2647486 0.1643172 0.0063278 0.3356131 0.0277072 0.3320171 0.3449185 -0.0797750 -0.0897815 0.2548408 0.4121108 0.2693693 0.3812799 0.1021709 0.3129287 -0.0002234 0.3815383 0.0693248 0.1588681 0.0907758 0.1248456 0.1078838 0.0125890 -0.4612412 -0.2357140 -0.1549995 -0.2929380 -0.5059627 -0.3411188 -0.3450578 0.0144643 -0.3329626 -0.3826114 -0.2717508 -0.1675597 0.0630001 0.0431470 -0.0867075 -0.2430083 -0.1201057 0.0166694 -0.0656692 -0.1180150 -0.2643047 0.0809641 -0.1366952 -0.0382041 0.0472251 -0.0798305 -0.0374244 -0.1541569 -0.1166037 -0.2318107 -0.1729204 -0.1013018 0.0119641 -0.0392524 -0.0333018 0.0652604 0.0411391 -0.0961180 -0.1670498 -0.0779676 -0.1926555 -0.2029665 -0.2318287 -0.1287991 0.0769748 -0.2141852 0.0151094 -0.1621190 -0.2071416 -0.1613432 -0.0355413 -0.0957372 -0.3829293 -0.2726303 -0.0620033 -0.4894702 -0.2212046 -0.0597057 -0.2164226 -0.1766321 -0.1399578 -0.3257902 -0.2699756 -0.4241687 0.1721130 0.0269695 0.3573833 -0.2121412 -0.2403085 -0.4588720 -0.2597106 -0.2442356 0.1463056 -0.2130878 -0.0444061 -0.2636792 0.2510273 -0.3206248 -0.3768535 -0.3712707 -0.4915148 -0.3621844 -0.3743543 0.2518904 -0.4151531 -0.3567598 -0.2655347 0.0749443 -0.2521746 -0.2557445 -0.3084925 -0.4501410 -0.2795398 0.1297647 -0.0656810 0.0742457 0.1271506 0.3560901 0.0643695 0.4872191 0.3883453 0.0188642 0.2251262 0.2083636 0.0989700 0.0287605 -0.0312828 -0.0533311 -0.1494925 0.1585202 0.1120288 0.0005614 -0.2729350 -0.1123862 -0.1209075 0.0103916 -0.1552183 -0.2829784 -0.3962961 -0.5468099 0.0904856 -0.0858568 -0.2329598 -0.1561539 -0.0564819 0.0809152 0.1133647 -0.2801958 -0.4134998 0.0974388 -0.2497017 -0.2232249 -0.0660383 0.0781933 0.0355638 -0.2905980 -0.3782747 -0.0367796 -0.2214735
0.2338741 0.4830869 0.2876940 0.5535644 0.3006858 0.5433338 0.3580423 0.3856452 0.8502726 0.4654039 0.5454986 0.5810348 0.1096403 -0.0130920 0.0000000 0.2589394 0.2541918 -0.4887767 -0.0084158 -0.3701754 0.6880520 -0.5208477 0.4713222 0.5091340 -0.1398728 -0.0932267 0.1188365 -0.0390794 0.7864358 0.0500463 -0.3541284 -0.0720939 0.4556866 0.7296343 0.3010537 0.7197048 -0.1343444 0.0715354 -0.1098534 -0.1418264 0.1673176 0.7220248 0.2137660 0.0102595 0.8207090 0.0139593 -0.1378572 0.3027395 0.6266117 0.1779776 -0.0498243 0.0591119 0.6658729 0.0084687 0.1181903 -0.0698742 -0.1920483 0.5398863 0.6552082 -0.0232665 0.6588647 0.2178154 0.0676127 0.5337838 0.6216521 -0.3332853 0.1086172 0.5677452 -0.1794012 0.4520763 -0.0528266 0.5898425 0.3105761 0.5430464 -0.1210605 0.5388415 0.5462431 -0.0323434 0.5150730 0.3116034 0.5853852 0.6282849 0.6438658 0.1614372 -0.0961870 0.4569152 0.5237737 0.1439873 0.1090956 0.3067970 0.2006840 0.0236878 0.2862640 0.3551961 0.2841799 0.1462653 0.0506927 0.1800700 0.1736470 0.0133710 0.4271652 0.1408040 0.4766151 -0.0587671 0.1341990 -0.0249232 0.3240797 0.3072064 0.2312194 -0.1029200 0.0431368 0.1920947 0.2644554 0.2487693 0.4387820 0.2910143 0.2727065 0.3130237 0.2313232 0.5032816 0.1210962 0.2260190 -0.0462220 0.4095416 0.4640611 0.5099805 -0.2134522 0.0815649 0.4888006 -0.0646382 0.1141187 -0.2611929 -0.2463461 0.1020092 -0.0922317 -0.0181720 0.0215882 0.2023755 0.0148219 0.3232084 0.0529165 0.1105464 -0.1732081 0.5139903 0.0067891 0.3275965 -0.1445896 -0.1777976 0.1239674 -0.0353845 0.1295120 0.4645002 -0.2692392 0.0081704 -0.2178753 0.3409840 -0.0304023 -0.1382918 0.0001101 0.4691684 -0.0896631 -0.0524057 0.1316324 0.2392532 -0.1719561 0.1835029 0.1108736 0.0895122 -0.1508753 -0.0160681 -0.0009181 -0.0704528 0.1057530 -0.0066243 0.5566578 0.4601783 0.5826375 0.6251660 0.5576067 0.5152634 0.3759800 0.6926266 0.6499699 0.5935901 0.6133295 0.7037910 0.4930512 0.2176577 0.7664102 0.4807912 0.4850592 0.5432140 0.6610173 0.2516701 0.5369608 0.4866850 0.4235756 0.1199299 0.3434983 0.5458389 -0.0102127 -0.2885380 0.1814578 0.1439836 0.0470953 0.4317737 0.1376713 -0.5693944 -0.1197281 -0.1297232 0.4249922 0.3620179 0.1643793 0.3309524 -0.1800931 -0.7160994 -0.4465460 -0.6923733
-0.2161430 0.1237730 0.2892086 0.6159227 0.3404888 0.2799506 -0.1485314 0.5743980 0.3439457 0.6806931 0.7459390 0.2208251 0.3130826 0.4021907 0.2589394 0.0000000 0.7499754 -0.0007657 0.0370176 -0.3151076 0.4539405 -0.4264946 0.6846904 0.2069729 -0.1723643 0.1805416 0.6873920 -0.3663628 0.4326225 -0.0181658 -0.5155763 -0.1552018 0.0331918 0.2557336 0.5420854 0.4005456 -0.0075138 -0.1587015 0.1433343 0.1418684 -0.1534545 0.2725481 0.6528647 -0.2701520 0.1445728 0.0511969 0.1529842 -0.2139248 0.0184618 0.0528622 0.3821466 0.5334737 0.1029709 0.6028156 -0.0693625 -0.0412349 0.0088174 0.4821855 0.3215183 0.3446983 0.2351910 0.7226052 0.0140282 0.0264723 0.1479304 0.0229928 0.2898343 0.3800350 0.0729837 0.1360956 0.2146356 0.2393164 0.2770237 0.1194714 -0.0210375 -0.0664200 0.0052557 -0.0750918 -0.1234253 -0.4002839 -0.2251665 0.2440834 -0.2148971 -0.2107141 -0.1532451 0.0360664 -0.2084422 0.1636084 -0.3131927 -0.1812039 -0.0819897 0.0285724 0.2726804 -0.2915591 -0.0473780 0.0224596 0.0464201 0.1128078 0.0311992 -0.5222526 -0.1576272 0.2163115 0.3762887 -0.4100509 -0.0578833 -0.0819661 0.1621445 0.3418674 -0.0975020 0.0162102 0.0128571 -0.0144167 0.1532337 0.3934062 0.1612850 0.2942341 0.2645560 0.1180352 0.1183788 -0.0142929 0.0720496 0.1180903 -0.1593393 0.1472353 0.2137450 -0.0851257 -0.1478394 -0.3060628 -0.0894784 0.0231271 0.0729888 -0.3860510 -0.1227333 0.4650782 -0.4445159 -0.4619246 0.0845261 -0.1524107 -0.0483718 -0.1886391 -0.3455575 -0.4059314 -0.5408020 0.1129209 -0.0518077 0.0782335 -0.1419603 -0.0587359 -0.3809111 -0.2994952 -0.3160394 -0.0741594 -0.2663949 -0.2854036 -0.1110369 0.1233514 -0.5473986 -0.2369686 -0.4695673 -0.3370963 -0.1652006 -0.4418965 0.1247503 -0.3072957 -0.2281940 -0.2560903 -0.1666994 -0.2129488 -0.3868382 -0.3301797 -0.3528798 -0.2901623 0.0273708 -0.1744379 0.1359441 0.1067186 0.2184052 0.3319646 0.3949105 0.2931589 0.1452311 0.2594395 0.2604087 0.1593935 0.3105564 0.3187944 0.2788497 0.4281203 0.2164897 0.0342321 -0.0302687 -0.0686184 0.1168969 0.0546604 -0.0414014 0.0257864 -0.1374416 -0.1657935 -0.3516295 0.0284736 -0.3225700 -0.4622467 -0.1947062 -0.1366103 -0.2782795 -0.0082211 -0.2725299 -0.4295547 -0.3720259 -0.4860685 -0.1880736 0.0676584 -0.3242605 -0.1040937 -0.1506583 -0.3603079 0.1431633 -0.2210941
-0.3593026 0.0198416 0.2316014 0.6259012 0.1810938 0.2067575 -0.3372539 0.3109988 0.2681407 0.8470720 0.8195394 0.0904544 0.1001359 0.2570243 0.2541918 0.7499754 0.0000000 -0.4853173 -0.2186414 -0.3531692 0.3981208 -0.4496189 0.5923075 -0.0111895 -0.3395056 -0.1759991 0.7500960 -0.7735127 0.3198246 -0.0262373 -0.5365618 -0.4433182 -0.2734742 0.0891206 0.1937862 0.3778010 -0.3315267 -0.2847185 -0.0449690 0.0777470 -0.2323023 0.1524813 0.4237512 -0.5457635 -0.0102668 -0.2439154 -0.2364505 -0.1617325 -0.1364923 0.0284344 -0.0043315 0.2436871 -0.1352400 0.3278986 -0.1036162 -0.1963943 -0.2948311 0.4231415 0.2224097 -0.0037453 0.0556413 0.4980777 0.0031351 -0.1342219 -0.0483584 -0.1363514 0.1647125 0.3308536 0.0664429 0.0997842 0.1283690 0.1076645 0.2430848 -0.0626478 0.0239205 -0.1279842 0.1222597 -0.0652568 -0.2267333 -0.4160027 -0.2530162 0.3641631 0.1140301 0.0956278 -0.0660063 0.0683097 0.0949443 0.3558850 -0.1937316 0.3448252 0.2160094 0.3762955 0.4980171 0.0386720 0.4947156 0.4191358 0.3198435 0.3309182 0.5995063 -0.2350682 0.2868633 0.3461662 0.4367919 -0.1684807 0.2682366 0.3387138 0.2447228 0.4580260 0.2727302 0.1802649 0.4107339 0.2344868 0.3868801 0.3545690 0.1759671 0.2776734 0.2967112 0.3310115 0.1632320 0.2630602 0.3528148 0.3232981 0.0678358 0.3480652 0.4797749 0.0653976 0.1173059 0.0819050 0.1896116 0.3266317 0.4538300 0.1107552 0.3439257 0.5704602 0.0809870 -0.0117598 0.5762456 0.2069129 0.4638575 -0.0309036 0.1832045 -0.0544939 -0.1269953 0.3751045 0.3243640 0.4266922 0.3288950 0.4000849 0.0749100 0.0679489 -0.0944172 0.0208480 0.1853387 0.1778925 0.3779751 0.1798098 -0.2051030 0.1081368 -0.0610325 -0.2370731 0.2963821 -0.1337682 0.2769344 -0.0031499 0.1983323 -0.0634414 0.1812787 0.1266742 -0.1561479 -0.0802248 -0.0926994 -0.0516798 0.0411223 -0.4203345 0.0213606 -0.0502076 0.1261660 0.1777927 0.3322622 0.2558318 0.0914325 0.2387439 0.1710222 0.2233812 0.2279941 0.1809689 0.0851989 0.3955462 0.3056168 0.0719367 -0.0347090 0.0254705 0.1162353 0.0376959 0.0068611 0.0696686 -0.1156663 -0.2191287 -0.2918186 0.0661114 -0.4183156 -0.5496085 -0.1173959 -0.0805086 -0.0067004 0.2590103 -0.1613352 -0.5711171 -0.5224289 -0.5175333 0.0429613 -0.0123893 -0.2819417 -0.0253939 -0.2653309 -0.2994506 0.1866463 -0.2778133
