0.0000000 0.2747847 0.3118596 0.1052804 0.6255476 -0.1586526 -0.1775959 -0.0480747 -0.3952738 -0.5385763 0.0335725 0.0079727 -0.0761686 -0.5354028 0.1247804 0.1502802 -0.5952799 -0.0365103 0.0932837 0.2488868 0.0155641 -0.2336060 -0.0822106 -0.0302540 -0.0645484 -0.0667025 -0.2869603 -0.2794115 0.0131906 -0.3103429 -0.0428076 0.1919645 -0.0601133 -0.1356389 0.0716344 0.1306411 0.0602805 -0.0220090 0.0965299 0.1337669 -0.1473705 -0.0077834 0.0536564 0.0954190 -0.1967203 0.2148558 0.0934622 0.1967413 0.1267850 0.2249603 0.0661808 0.0944212 -0.2023654 -0.1612119 0.2370736 0.1067518 0.0084686 -0.0418123 0.0654692 0.0265005 0.0106001 -0.3055388 -0.3640963 -0.3247684 -0.1701177 0.0298247 -0.0629564 -0.5805699 0.0093311 -0.3470485 -0.1614888 -0.2398156 -0.5088953 -0.2419770 -0.0907417 -0.4583458 0.3897778 -0.1697139 -0.2838680 -0.0781367 -0.7280054 0.0379194 -0.2161548 0.0640327 -0.0326336 -0.4532443 -0.0987201 -0.2436040 -0.2894691 -0.3542746 0.0714167 0.1255915 -0.3319749 0.0173829 -0.1076081 0.0761318 -0.1953992 -0.3544646 -0.2394670 -0.5725131 -0.1780260 -0.2893997 -0.3247369 -0.1239949 0.0339546 -0.0704135 -0.3347209 -0.2128604 0.2360501 0.0751230 -0.1936468 0.4510322 -0.3845621 -0.3155520 -0.0325657 -0.2878207 -0.0863216 0.0975957 0.0610844 0.1754678 0.1642642 -0.0617231 0.1998653 0.4294213 0.0516411 0.1733451 0.2631447 0.3610938 0.2037387 0.3888410 0.3942880 0.2705460 0.6449188 0.1595961 -0.1292539 0.4847801 0.3607069 0.1930764 0.6384599 0.1498361 0.5442595 -0.0047774 -0.2697843 0.3719643 0.5172830 0.5264268 0.2526804 0.3855487 0.2917869 -0.0692935 -0.0489796 0.4714458 -0.0355287 0.5078667 0.3032540 0.4900709 -0.3761020 0.3421262 -0.3352510 0.0447488 0.1680074 -0.3056601 0.5199771 -0.5032015 -0.0674692 0.5809351 0.3057059 0.1194358 -0.5403394 -0.4920733 0.2193928 -0.1729313 0.4632550 0.6688472 0.3161828 0.1833059 0.0750510 0.1733820 -0.0206013 -0.0475408 -0.0978695 0.0264890 0.1063037 -0.0027146 -0.0052886 -0.1039427 0.0427157 -0.1742561 0.2663616 0.1449072 0.1470013 -0.2634005 0.3894499 -0.0091399 0.2816850 0.3081224 0.2040119 0.1942506 -0.5800714 0.0429225 0.3889464 -0.1490040 -0.0067324 0.3054144 0.1534292 -0.0001689 0.0627396 -0.1641317 0.3439962 -0.2880679 0.0016828 0.1446064 0.2100247 0.2983623 0.0178672 -0.3496912 -0.2214397 -0.1923209
0.2747847 0.0000000 0.6746791 0.3716273 0.7405567 0.2755928 0.7506458 0.2593689 0.0377554 -0.6450408 -0.0622783 0.7542073 0.1103778 -0.3042676 0.6245808 -0.1756117 -0.5737214 0.3603853 0.0248552 0.2940506 0.5971257 0.0382874 -0.0236401 0.5367435 -0.0933400 0.1367441 -0.3561404 0.1897662 0.4644266 -0.2460312 0.1423024 -0.1448743 0.3623625 0.4290697 0.0863168 0.2733400 -0.1879542 0.0229512 -0.2531179 -0.3309066 0.3055339 0.2022466 -0.1826221 -0.2217978 0.0992138 -0.1063321 -0.3570732 0.1300162 -0.0426758 -0.0713282 -0.2760982 -0.1927120 0.1726231 -0.4460348 -0.1897351 -0.2970401 -0.2252742 -0.6267273 0.0108977 -0.2863289 0.1887134 -0.5844666 -0.0940453 -0.6276426 0.2366411 0.0048027 -0.2761126 -0.7755720 -0.2573263 -0.7353628 -0.0034849 -0.3507149 -0.7863762 -0.6496540 -0.1813564 -0.7691983 -0.0634471 -0.4266433 -0.6976628 -0.3488988 -0.4145809 0.4295627 0.2201844 -0.2850690 -0.4312581 -0.2010826 -0.2865965 -0.4789229 -0.3882041 -0.6312525 -0.5927136 -0.4591668 -0.6202349 -0.3520600 -0.5737214 -0.5110716 -0.4993909 -0.3874071 -0.3457034 -0.4630588 -0.3623646 -0.0247477 -0.0893108 -0.3893525 -0.7225507 -0.3510363 -0.3427897 -0.4922053 -0.3947396 -0.3007437 -0.3915409 -0.3669893 -0.5217091 -0.5672376 -0.5117064 -0.6334384 -0.5591111 -0.3582453 -0.5278009 0.4461169 -0.0930775 -0.4548487 -0.0219022 -0.1056483 0.3397952 0.6623595 0.0879404 0.2351257 0.3259691 -0.1117841 0.0007403 -0.0202204 -0.1270946 -0.0229938 -0.6661806 0.2503539 -0.1657627 -0.0767103 -0.0753932 -0.0352690 -0.2302910 -0.1162561 -0.2133374 -0.3802612 -0.2509108 -0.2545997 -0.3864307 -0.3714913 -0.0578355 -0.4828297 -0.3634760 -0.0396466 -0.5656688 -0.2800234 -0.6152597 -0.2434151 -0.3235379 -0.2540711 -0.5970365 -0.0782246 -0.3762326 -0.4856075 -0.2155147 -0.3692500 -0.5874635 0.1371210 -0.4023458 -0.4590426 -0.7998899 -0.3921001 -0.3911205 -0.6805049 0.0638155 0.4720519 0.6211627 0.7813478 0.7903224 0.6974906 0.6086521 0.3938092 0.3783271 0.1254365 -0.0184984 -0.0313400 0.1788440 0.2434324 0.2768292 -0.3950513 0.0959809 0.3412417 0.5232280 -0.1524395 0.5672655 0.0560800 0.5307090 0.5724821 0.6922375 0.4568454 -0.1778314 0.6724994 -0.3105263 -0.3935596 -0.3406725 -0.2395882 0.7092732 0.5402985 0.3253395 -0.0972109 -0.1352044 -0.3005581 -0.4957935 0.4308503 0.3850736 0.6017947 0.4300452 -0.6695427 -0.5865305 -0.5148480
0.3118596 0.6746791 0.0000000 0.5889093 0.8402729 0.2991004 0.3670128 0.5110335 0.4094647 -0.4644543 0.1043205 0.5782042 0.5840596 0.1863552 0.7103354 0.0762879 -0.3536235 0.7588984 0.0270746 0.5654621 0.5418743 0.1234632 0.2274575 0.7288282 0.2383126 0.3380496 -0.1904831 0.6283683 0.5005546 -0.1032726 0.3525670 0.1474078 0.6078067 0.5593307 0.2758967 0.2225439 0.1549373 0.3761127 -0.0314604 -0.0784951 0.1066093 0.3202578 0.1888384 -0.0048223 0.3229785 0.1054142 0.0264331 0.3517483 0.3368385 -0.1982078 0.0921037 0.1414417 0.5264213 -0.1311507 0.0757398 -0.1437224 0.0469420 -0.3977281 0.3007890 0.0479657 0.4133859 -0.2395164 -0.0138624 -0.3715119 0.5135960 0.1707286 -0.0305134 -0.5261675 0.0833795 -0.4070804 -0.0831725 0.1421221 -0.4371480 -0.2325865 0.2009454 -0.3874701 0.4778843 -0.1607736 -0.2075157 0.1809888 -0.3767551 0.5600589 0.0423692 -0.3664712 -0.3054578 -0.2153827 -0.3591067 -0.2640019 -0.4541607 -0.4473485 -0.3471297 -0.3437784 -0.3912232 -0.1379494 -0.3491823 -0.3431936 -0.0124283 -0.1538527 -0.1726628 -0.5212748 -0.2493292 0.2797248 -0.0559688 -0.4463556 -0.3718861 -0.2665252 0.0027473 -0.6707859 0.0303343 -0.2156079 -0.2183549 -0.0905620 -0.3700288 -0.5230492 -0.3363968 -0.4036353 -0.3061196 -0.3474757 -0.3569456 0.3541193 0.0253282 -0.2713499 -0.0852508 -0.1730226 0.2603266 0.4561048 0.1647554 0.0800829 0.3733745 0.0507642 0.1864106 -0.0238066 0.2052038 0.1308710 -0.5945619 0.1296848 0.1633060 0.0117579 0.2180426 0.1621392 0.0035423 0.0896310 -0.1419704 0.0702982 0.1633283 -0.0532713 -0.0605281 0.0707813 -0.1229584 -0.2208059 0.0091609 0.3128339 -0.3319999 -0.0417647 -0.1290305 -0.0674746 -0.2415539 0.1308038 -0.3306298 0.0605956 0.0241481 -0.3530262 -0.1305986 -0.2661270 -0.3878420 0.3992490 -0.5754426 -0.6290068 -0.8160363 -0.3682971 -0.2123940 -0.5932492 0.0002667 0.3278838 0.2644691 0.4511942 0.4924454 0.5868662 0.4367137 0.2916860 0.2358055 0.2548041 0.2922324 0.2318910 0.5109010 0.3116267 0.5241383 0.1873364 0.4844333 0.3870157 0.3860647 0.0282276 0.4751255 0.1369513 0.4463736 0.4703898 0.5009054 0.2933648 -0.0688572 0.5168595 -0.0651223 -0.2600383 -0.1982839 0.0119986 0.7598356 0.4371918 0.0952282 -0.4632332 0.0070727 -0.1814059 -0.0919682 0.3311513 0.4461077 0.4503354 0.0681843 -0.6375902 -0.6151776 -0.4322945
0.1052804 0.3716273 0.5889093 0.0000000 0.5199059 0.8751130 -0.0212975 0.9497835 0.5421285 0.1824144 0.7475627 0.2220732 0.8541194 0.4184773 0.4334751 0.5119587 0.0395270 0.7294802 0.4504387 0.1713417 0.2328900 0.4566516 0.6246837 0.3344083 0.5404190 0.6221937 0.3383499 0.6220288 0.1423201 0.3583205 0.5302407 0.5054710 0.2023709 0.1231070 0.5900850 -0.0462481 0.4847279 0.6294467 0.5428417 0.4314927 0.1977433 0.3394143 0.6800601 0.0850173 0.2712303 0.4710227 0.4534596 0.3870901 0.2853718 0.3003019 0.5828073 0.6642217 0.2301698 0.2961542 0.4743766 0.2551983 0.6168097 0.0071879 0.6957355 0.5659703 0.7967413 0.3892149 -0.3250421 -0.1535574 0.4823568 0.7557866 0.6416977 -0.2526798 0.4889505 -0.0261390 0.6412660 0.1608725 0.0066997 0.0272194 0.5493632 -0.1737551 0.3933955 0.2152651 -0.0205689 0.1667118 -0.3543230 0.2491491 -0.0603383 -0.2341782 -0.5551981 -0.2698300 -0.3032597 0.1388309 -0.5576116 -0.1805757 -0.0076841 0.0562245 -0.2793444 -0.0598363 -0.3840912 -0.2176288 -0.2457547 -0.3024745 -0.2105537 -0.4663032 -0.2843166 0.0546529 0.0812057 -0.3214645 -0.3258563 0.0414139 0.0502423 -0.1512324 0.2386592 0.1576978 -0.3222629 -0.0293012 -0.1388153 -0.2453992 -0.1429987 -0.2613375 -0.1148290 -0.3702524 -0.0718814 -0.2787563 -0.3083317 -0.2515518 -0.4691691 0.0448178 -0.2367812 -0.1526215 -0.2733186 0.0560617 -0.2248938 -0.0314944 -0.0828338 -0.3126925 -0.1490408 -0.0789257 -0.6575879 -0.0676234 -0.0042361 -0.6321059 -0.0097966 -0.3537530 -0.2038137 -0.3876427 -0.1678338 0.0505674 -0.0083595 -0.3629215 -0.4073966 -0.1073178 -0.4774625 -0.4179737 -0.1439578 -0.0670359 -0.5968819 -0.0326765 -0.1303149 -0.0865794 -0.3561732 -0.2397734 -0.3686402 -0.1352989 0.0752239 -0.4913894 -0.0348998 -0.3471668 -0.3163777 -0.0806685 -0.0808477 -0.3267484 -0.4697401 -0.3802796 -0.2361423 -0.3603181 0.1433611 -0.0250708 -0.3341284 -0.1554594 -0.0153115 -0.0864290 0.0293041 -0.0273313 -0.2806934 -0.0928611 0.2889319 -0.1069402 0.6142078 0.4744628 0.7259180 0.5043427 0.5096573 0.5186592 -0.2104474 0.1279320 0.0327097 -0.3629176 -0.2072885 -0.2511831 -0.1155181 -0.3174328 -0.1320782 -0.0528985 -0.0681849 0.1455738 0.2343005 0.0731672 0.4939005 0.1163519 -0.3269367 -0.2602844 -0.0568267 0.0847540 0.2947735 -0.2371755 0.2263415 -0.0641182 -0.3288951 -0.2292403 -0.1829587 0.0194425
0.6255476 0.7405567 0.8402729 0.5199059 0.0000000 0.2574449 0.3475649 0.3344870 -0.0117150 -0.6899789 0.0271916 0.6165950 0.3203447 -0.2612852 0.5314832 -0.0301859 -0.6837298 0.4433077 -0.0163013 0.3135082 0.6048053 -0.0633040 -0.0216742 0.5379048 -0.0363158 0.0913657 -0.4901574 0.3028655 0.4612033 -0.3876652 0.2090124 0.0674288 0.4835002 0.4572865 0.0601454 0.4214406 -0.0129643 0.1380481 -0.1200384 -0.1577298 0.0416842 0.3728450 -0.0293058 -0.1056978 0.1924975 0.0248459 -0.1072106 0.2033613 0.2394138 -0.1035957 -0.0487173 -0.0098192 0.3862081 -0.3719132 0.0089496 -0.2036933 -0.0361743 -0.5082321 0.3235019 -0.0874717 0.4552323 -0.4406473 -0.2380857 -0.4919480 0.4642179 0.1514637 -0.1141760 -0.8151376 0.0149043 -0.6699395 -0.0164396 -0.0021513 -0.7297535 -0.3843894 0.0288014 -0.6464838 0.5038332 -0.2475934 -0.4236347 -0.0532530 -0.5998634 0.4214171 0.0408746 -0.2654027 -0.3372267 -0.2478054 -0.2654536 -0.2813610 -0.3626993 -0.4126293 -0.3216823 -0.2308288 -0.5591511 -0.1595760 -0.2980267 -0.2834370 -0.3399925 -0.4523495 -0.1903660 -0.5062340 -0.0959019 0.0015270 -0.0824225 -0.1775082 -0.4858767 -0.1305027 -0.2100326 -0.5586879 0.0766033 -0.1526298 -0.1862531 0.0427018 -0.4841282 -0.5859016 -0.3838471 -0.5471599 -0.4237531 -0.2862626 -0.3883947 0.2947305 -0.0398063 -0.4096627 -0.0570164 -0.0084580 0.1311543 0.4175680 0.0346582 0.2048892 0.2282763 0.0078476 0.1068975 0.0821333 0.2153646 -0.0057272 -0.5636365 0.2189003 0.0500556 -0.0784897 0.2473608 0.0255081 0.0099433 -0.0432563 -0.3329589 -0.0229175 0.0780663 0.0663777 -0.1747915 -0.0337507 -0.1929200 -0.3068354 -0.1643627 0.1663191 -0.4440915 -0.0357827 -0.2261036 0.0389233 -0.4576917 -0.0277034 -0.5102364 -0.0580874 -0.1823969 -0.4715976 0.0603915 -0.5112086 -0.5050081 0.2980955 -0.3307489 -0.5239198 -0.8485261 -0.5332470 -0.3335881 -0.6245939 0.3680155 0.6062439 0.3990055 0.5302502 0.5672891 0.5534151 0.5282500 0.4063356 0.2874101 0.3822627 0.4456203 0.2803105 0.4314727 0.4139891 0.4533596 -0.0128752 0.6315964 0.6038567 0.3296659 -0.1707849 0.5039243 -0.0876431 0.4007348 0.4472974 0.5866517 0.1936061 -0.4166607 0.4974250 -0.0602490 -0.4155834 -0.2608339 -0.0650860 0.5916347 0.2187085 0.1197809 -0.4213392 -0.0735836 -0.4894998 -0.2708638 0.2845865 0.2836900 0.3803409 0.2181840 -0.6792952 -0.6960923 -0.5965649
-0.1586526 0.2755928 0.2991004 0.8751130 0.2574449 0.0000000 0.0565304 0.8288296 0.4437728 0.3668111 0.6471224 0.2045251 0.6597631 0.3839324 0.2971843 0.3187171 0.1247125 0.4625501 0.3655867 -0.1390186 0.2427905 0.4171458 0.4685468 0.2974979 0.4269499 0.4638024 0.4018210 0.5110659 0.0836436 0.3866127 0.4688238 0.4221960 0.1967284 0.1567942 0.5044927 -0.0243283 0.3427730 0.5418749 0.5619126 0.4613648 0.3065778 0.3903386 0.5621708 0.1635829 0.2611242 0.3712595 0.3891040 0.3524019 0.2860760 0.2136775 0.4898141 0.6185954 0.2288265 0.4307009 0.3668832 0.1592849 0.5408190 0.1470803 0.6625114 0.4960263 0.8095703 0.4850991 -0.4258257 -0.0640411 0.4938448 0.7382677 0.6145524 -0.0705215 0.4145058 0.0519337 0.7468913 0.1290371 0.0793209 0.0083389 0.4434163 -0.1628432 0.1744385 0.1483274 -0.1063281 -0.0213901 -0.2231636 -0.0083654 -0.0780953 -0.2590804 -0.6505033 -0.1372106 -0.3734591 0.0260717 -0.4870068 0.0163152 -0.0978157 0.0463340 -0.3065778 -0.3034642 -0.2956843 -0.1631406 -0.3498586 -0.3648504 -0.1701898 -0.1915825 -0.1818625 -0.1213761 0.1954853 -0.1968996 -0.3887550 0.2595624 -0.0053910 0.0207321 0.1157000 0.1200865 -0.2473881 -0.1961318 0.1193348 -0.0590864 -0.0510658 -0.0953822 -0.0601386 -0.2679375 -0.0675011 -0.2310432 -0.2163269 -0.2225750 -0.7248926 0.0571308 -0.1226977 -0.1701863 -0.2524353 -0.1978785 -0.2076278 -0.0249548 -0.0924274 -0.4940694 -0.3853189 -0.0214443 -0.5350082 -0.2582224 -0.0749519 -0.6246074 -0.1802606 -0.3300977 -0.3910265 -0.3378796 -0.1929555 -0.0645901 -0.2255395 -0.4233640 -0.4822775 -0.3138568 -0.5912299 -0.2963012 -0.0449789 -0.2342863 -0.5431597 -0.1954468 -0.3859784 -0.0856526 -0.0797766 -0.3751851 -0.2027970 -0.0060571 -0.1345038 -0.2394500 -0.0115127 -0.0855346 -0.2031022 -0.3373766 -0.0355748 -0.3057030 -0.2111198 -0.0408813 -0.2945199 -0.1445927 -0.1015304 -0.2933280 -0.4304224 -0.1698573 0.0163490 -0.1892958 0.1009985 0.0999201 -0.1658153 -0.0216042 0.3235120 -0.0397831 0.5609712 0.6084035 0.6237099 0.3208714 0.4102791 0.5561616 -0.1851293 0.0075776 -0.2403853 -0.3905074 -0.2716264 -0.3643582 -0.1591170 -0.4661754 -0.1263842 -0.0248151 -0.2159226 0.1875125 0.3620081 -0.0830528 0.2475308 -0.1337942 -0.2758220 -0.0970906 -0.1433430 0.1214846 0.3542297 -0.3167517 -0.0089908 -0.2024444 -0.2634813 -0.0310173 0.0347474 0.1421648
-0.1775959 0.7506458 0.3670128 -0.0212975 0.3475649 0.0565304 0.0000000 -0.0993655 0.0384697 -0.5613063 -0.3129924 0.8872176 -0.2157735 -0.1300046 0.5774650 -0.4854494 -0.3105999 0.1916221 -0.3664789 0.0508891 0.7367391 -0.1338039 -0.2273561 0.5793563 -0.3482238 -0.1579807 -0.4756957 0.2043735 0.6418466 -0.3232545 -0.0603573 -0.3907298 0.3643390 0.5560596 -0.2902022 0.4861621 -0.4848421 -0.1898901 -0.5824857 -0.6343572 0.2587574 0.3727209 -0.5520991 -0.4068301 0.3652926 -0.4361819 -0.6276331 -0.0372177 -0.2389466 -0.2385990 -0.6199282 -0.5788028 0.3014835 -0.6017042 -0.4105187 -0.4828038 -0.5054573 -0.6868499 -0.2003643 -0.5967950 0.1037657 -0.6294277 0.2544971 -0.4082569 0.3610259 -0.2794130 -0.5252708 -0.4860750 -0.3734672 -0.6233073 -0.2293063 -0.1882398 -0.6005862 -0.4749652 -0.2707503 -0.4754648 -0.1616849 -0.3475322 -0.5060913 -0.3750999 -0.0163718 0.5171668 0.5410657 -0.2774623 -0.4040264 0.3721237 -0.1665351 -0.3851260 0.0834524 -0.2333423 -0.6760735 -0.6675449 -0.4832477 -0.3201550 -0.2683527 -0.4910139 -0.3520864 -0.1349793 0.1906595 0.1025724 0.1092210 0.1949951 0.3188091 -0.1331287 -0.6678435 -0.1020074 -0.0493327 -0.3859508 -0.4699930 -0.3168667 0.1005343 -0.4819939 -0.3773697 -0.4834307 -0.5460240 -0.4886306 -0.6266288 -0.3315252 -0.7444602 0.5571342 -0.0339236 -0.5707045 -0.0372263 -0.4643702 0.5650702 0.7005714 0.0480815 -0.1094599 0.4310521 -0.3072382 -0.0734987 0.1092739 -0.3695919 -0.0091719 -0.5080802 0.0657754 -0.3221306 0.1351081 -0.3071327 0.1707105 -0.5190766 0.1857588 -0.1984173 -0.5261224 -0.4514008 -0.2242210 -0.3265669 -0.5605448 -0.2138470 -0.1310401 -0.1879131 -0.1138329 -0.2686122 -0.6421112 -0.7935530 -0.2961063 0.0087663 -0.2556358 -0.1808734 -0.0499289 -0.6524060 -0.0309685 -0.3568431 -0.0294649 -0.4282702 0.0088854 -0.6963497 -0.6342951 -0.3782367 -0.0130946 -0.4451946 -0.4892635 -0.1863095 0.2513578 0.6691664 0.8164416 0.8776709 0.7964539 0.7769242 0.6589076 0.7547178 0.3816096 0.0710000 0.2520356 0.1574586 0.3224478 0.1272699 -0.4674320 -0.1021771 0.3047964 0.6089583 -0.1533995 0.1997520 0.2168620 0.5660061 0.5903685 0.7729926 0.3653649 0.0515224 0.8032281 -0.6210517 -0.5742848 -0.4959016 -0.4764355 0.4621415 0.4449842 0.4381073 -0.0662254 -0.4264320 -0.3074827 -0.5971659 0.5513759 0.2646323 0.5921226 0.5646490 -0.5037267 -0.5848298 -0.6255045
-0.0480747 0.2593689 0.5110335 0.9497835 0.3344870 0.8288296 -0.0993655 0.0000000 0.6350814 0.3590708 0.7356569 0.0935854 0.9228809 0.5426545 0.3599712 0.6099516 0.2248455 0.7353170 0.5432519 0.2668708 0.0584954 0.6330535 0.7735220 0.2661671 0.6661295 0.7555351 0.5160065 0.6237789 0.0101192 0.4396891 0.6154300 0.5487407 0.1380795 0.0558329 0.7083987 -0.2483269 0.6281627 0.7245314 0.5499565 0.4521550 0.2621624 0.1795500 0.7709334 0.0692614 0.1974077 0.5694446 0.5759288 0.4210425 0.1901037 0.3330180 0.6898884 0.7372400 0.1449909 0.3971254 0.5314469 0.3917249 0.7153847 0.0804612 0.6809627 0.6762086 0.6781896 0.5348780 -0.1382805 -0.1244598 0.3678960 0.7534546 0.7240050 -0.0695324 0.5680657 0.1271256 0.6081379 0.1507604 0.1800790 0.0691676 0.6243203 -0.0742488 0.2349175 0.2569883 0.0371796 0.2498087 -0.2390994 0.2169765 -0.1471642 -0.3332999 -0.4585708 -0.3048214 -0.2231720 0.1777254 -0.5845319 -0.1999690 0.0668059 0.0806760 -0.1796745 -0.0021316 -0.3550933 -0.1696251 -0.1601707 -0.2623668 -0.2545090 -0.4411680 -0.3890182 0.0480136 0.0228251 -0.3553031 -0.2009125 -0.0227098 0.0325310 -0.1752568 0.1934737 0.0885164 -0.3320692 -0.0803726 -0.1093692 -0.2298304 -0.1807989 -0.2375009 -0.1152082 -0.4696257 -0.0739427 -0.3306026 -0.4081771 -0.2223762 -0.4274921 -0.0775588 -0.2928401 -0.2217482 -0.2603850 0.0104525 -0.2472378 -0.0950106 -0.1624790 -0.4288053 -0.1767621 -0.0944905 -0.5770559 -0.1390450 -0.0446006 -0.6154155 -0.1221148 -0.3429352 -0.2264020 -0.4435039 0.0970594 0.0599683 -0.0597649 -0.4539441 -0.4277026 -0.1249778 -0.4178320 -0.4298147 -0.1078851 -0.1201972 -0.5861504 -0.0274276 -0.0613666 -0.1915997 -0.2584501 -0.2779633 -0.2428387 -0.1131027 0.1535166 -0.4552928 -0.1771885 -0.2283048 -0.2719936 -0.1316322 -0.0842855 -0.2467218 -0.4097435 -0.3001343 -0.2160834 -0.3480670 0.0551304 -0.1220152 -0.4243821 -0.2254808 -0.1253305 -0.1321939 -0.1380723 -0.2119847 -0.3748038 -0.2558036 0.1195243 -0.2474977 0.5892143 0.3660356 0.7383992 0.5734029 0.3299375 0.3135990 -0.2371643 0.3213471 0.0311141 -0.2067270 -0.2420714 -0.2694524 -0.2283680 -0.2525551 0.1134659 -0.1610249 -0.0341655 0.3445762 0.2565263 0.1105803 0.4589276 0.1390414 -0.2696556 -0.1856805 -0.0137351 0.3480204 0.3986747 -0.2205646 0.2332183 -0.1132621 -0.3209867 -0.0757904 -0.0227796 0.1731560
-0.3952738 0.0377554 0.4094647 0.5421285 -0.0117150 0.4437728 0.0384697 0.6350814 0.0000000 0.4710988 0.5551705 0.1547159 0.7095929 0.8129288 0.5806237 0.5277963 0.5634434 0.8389827 0.3594669 0.4076167 0.1049909 0.4932068 0.7424522 0.4475145 0.7371331 0.7702985 0.4693818 0.5951337 0.2484970 0.4635541 0.3538599 0.4472283 0.2482031 0.2550867 0.6223996 -0.1429150 0.5460367 0.6914627 0.2721726 0.1593854 0.2326787 0.1418708 0.6355532 0.0057186 0.3792799 0.3928662 0.4314567 0.4663821 0.2617065 0.1529875 0.4802850 0.4465586 0.3678683 0.3523898 0.4046895 0.2883191 0.4687473 0.1567534 0.3176803 0.4350512 0.3116857 0.4805808 0.2715847 0.3976063 0.3872790 0.3826514 0.4682484 0.3137083 0.3828088 0.4831353 0.3017670 0.5320818 0.4828939 0.5321107 0.5107688 0.4481619 0.3337895 0.3766410 0.5102645 0.5315943 0.0617113 0.4393870 0.0861103 -0.1660204 -0.2284982 -0.0544451 -0.1511530 0.3030162 -0.3209716 -0.1325156 -0.0761006 -0.3202111 -0.0131762 0.1479501 -0.2991741 -0.3856949 0.2121502 0.2200055 0.0380420 -0.2923404 -0.1908500 0.3515316 -0.0005521 -0.4603333 -0.0467832 -0.3135933 0.2101209 -0.2538345 -0.0937288 -0.1121182 -0.2086890 -0.2326395 -0.1676818 -0.1894584 -0.1866801 -0.1155181 -0.0426305 -0.3616952 0.0076604 -0.1242146 -0.1689072 -0.0827853 -0.2113491 -0.2125880 0.0278723 -0.0101584 -0.0737550 -0.0220541 0.0333662 -0.1395909 -0.0647403 -0.1584020 -0.2341250 -0.0580019 -0.5302293 -0.2016342 -0.0313365 -0.1747824 -0.1478508 0.0204646 -0.2729083 0.0471173 0.1056117 -0.0017152 0.0197499 -0.4594398 -0.0714337 -0.0004548 -0.2723370 -0.0564886 0.1472987 0.0191966 -0.0836522 -0.1866698 0.0522376 -0.2505726 0.1390372 0.0043794 0.0483633 0.1290345 0.1964938 -0.0574447 -0.2680071 0.2065012 0.0059921 0.0628891 -0.3713527 -0.2590633 -0.0181446 0.0671781 0.0784135 -0.0546463 -0.2999233 -0.2214126 -0.2745130 -0.1805849 -0.0751715 0.0372443 -0.0381148 -0.1056625 -0.1967900 -0.2047022 -0.0389450 -0.1744419 0.5027342 0.0233638 0.4558203 0.6659800 0.0993919 -0.0607272 -0.0107922 0.3672912 -0.0154345 0.1464729 -0.0255863 -0.0770108 -0.1132301 0.0127170 0.3589537 0.0182855 -0.1006300 0.2617088 0.2750860 0.2588105 0.5292349 0.3978064 -0.1033146 -0.1234636 0.0035660 0.4118885 0.3366789 -0.0796174 0.5024290 0.1132853 -0.3982614 -0.0629446 0.0919357 0.3112716
-0.5385763 -0.6450408 -0.4644543 0.1824144 -0.6899789 0.3668111 -0.5613063 0.3590708 0.4710988 0.0000000 0.4847094 -0.5814387 0.3645930 0.6037476 -0.2879392 0.4701289 0.8080662 0.0387041 0.3936115 -0.1779567 -0.5420366 0.4531572 0.5653856 -0.3191788 0.5380012 0.4430763 0.8090351 0.0474922 -0.4285598 0.5832459 0.2069655 0.3774434 -0.2938223 -0.3241828 0.4770313 -0.5174253 0.5193112 0.4201672 0.5652717 0.5221200 0.0794306 -0.1654070 0.6404160 0.2089657 -0.0216713 0.4242335 0.6271719 0.1525330 0.0633234 0.2908030 0.6161602 0.6055367 -0.1414401 0.7395937 0.4194481 0.4875169 0.5955862 0.6424391 0.2834492 0.6082415 0.1079125 0.9193581 0.0232927 0.5487144 -0.1062894 0.4092285 0.6773842 0.8019812 0.4963411 0.8705715 0.4736180 0.3012132 0.8815260 0.5845039 0.4722422 0.6732269 -0.1185478 0.4730268 0.5782522 0.3255186 0.2941201 -0.3467808 -0.2592281 0.0543063 0.0457169 -0.0338383 0.0718819 0.4563873 -0.0780163 0.3671294 0.4055222 0.3068273 0.3652735 0.1733727 0.1482407 0.1883114 0.1514914 0.1549173 -0.0129518 0.1517196 -0.1139228 -0.1085406 0.0139385 -0.0237870 0.3265797 0.1644189 0.1403537 0.3826115 0.1012846 0.1605781 -0.0725622 -0.0671343 0.4162203 0.4136943 0.2735256 0.3948426 0.3822661 -0.0232385 0.4256687 -0.5686679 -0.2201200 0.2733200 -0.3783879 0.0449576 -0.3831917 -0.6586021 -0.2383329 -0.2695728 -0.4070984 -0.0458888 -0.1994592 -0.4701293 -0.3119101 -0.1130836 0.1369832 -0.4692354 -0.0565784 -0.3308488 -0.2793997 -0.2168988 -0.1544099 -0.2347646 0.2886294 0.0829977 -0.0792504 -0.3551877 -0.0833933 0.0004321 -0.2022462 0.0514806 0.1874238 -0.2473444 0.0579643 0.0371511 0.2569929 -0.1037997 0.3279688 -0.1398876 0.3221917 0.1121558 0.2817585 0.1848619 -0.0560812 0.4100783 0.3238082 -0.3967992 0.3308651 0.3393314 0.5886139 0.3792872 0.1882798 0.4642267 -0.2656702 -0.6565275 -0.7994703 -0.7558433 -0.7041038 -0.6985638 -0.6163858 -0.5311157 -0.5985482 -0.4833944 -0.1737750 -0.3530882 0.1304083 -0.1041156 0.1047653 0.5288225 -0.1663928 -0.2729690 -0.5180752 0.3562842 -0.5000851 -0.0811525 -0.6046500 -0.6659295 -0.7651785 -0.4569518 0.3446452 -0.6523903 0.1149191 0.6797161 0.5542181 0.2328105 -0.3147935 -0.3304980 -0.3272392 0.1940743 0.1044919 0.6642599 0.6435322 -0.4953287 -0.1677589 -0.5491936 -0.5070464 0.6439495 0.7429467 0.7848297
0.0335725 -0.0622783 0.1043205 0.7475627 0.0271916 0.6471224 -0.3129924 0.7356569 0.5551705 0.4847094 0.0000000 -0.1871125 0.6118956 0.5439871 0.2221206 0.7282100 0.4295903 0.5773228 0.5269394 0.0258890 -0.1649712 0.3491192 0.7087784 -0.0758471 0.6004564 0.5930844 0.6163299 0.3852358 -0.0841670 0.7096186 0.2494849 0.5779585 -0.2673174 -0.3644046 0.5616868 -0.2544147 0.4957693 0.5127233 0.7490674 0.6374694 0.0059646 0.1348320 0.8015660 0.1749016 0.1954580 0.5255829 0.5224513 0.2814023 0.1644420 0.6178799 0.6420821 0.7075385 -0.1670883 0.4478007 0.6414217 0.4665187 0.6615716 0.3598537 0.4345213 0.6487762 0.5262749 0.5711321 -0.2757749 0.1845577 0.0921898 0.6918991 0.7582786 0.1109103 0.4548246 0.3867463 0.6666899 0.1059661 0.4431922 0.3613793 0.5213235 0.2727966 0.3093527 0.4665323 0.3448632 0.2178533 -0.1994611 0.1304114 0.0267714 0.1657886 -0.4090364 -0.1783297 -0.1505775 0.4263441 -0.3597212 -0.0329125 0.2737407 0.2108653 0.0416376 0.2537948 -0.3549955 -0.0942843 -0.0242639 0.0761444 -0.0201833 -0.3584868 -0.2187677 0.1346877 0.1074947 -0.3065905 0.0310374 0.0510930 0.2705765 0.2791375 0.3140550 0.5048408 -0.2784032 0.1643752 -0.0319857 0.0789017 0.1649398 0.0186445 0.2086498 -0.0558814 0.2925202 -0.5486579 -0.2297527 0.0185834 -0.2553668 0.2744526 -0.3547339 -0.4277081 -0.3066121 0.2345276 -0.4257339 0.1205242 0.0091094 -0.0264255 -0.0727483 -0.0383656 -0.4592183 0.1365120 0.1247620 -0.6057098 0.1354196 -0.4195440 0.0197766 -0.3318974 -0.2081892 0.2276630 0.2544751 -0.2167119 -0.1218663 0.1595697 -0.2234397 -0.2160582 -0.1350990 0.0496450 -0.2266427 0.2136350 0.2297101 0.1144878 -0.3080729 -0.0064757 -0.1956651 -0.2109761 0.3709074 -0.3375268 0.1663171 -0.3047331 0.0817405 0.0166230 0.2992206 0.1406280 0.0264476 -0.3326637 0.2378832 0.0712389 0.1225995 -0.1837624 -0.4781242 -0.5757870 -0.4667662 -0.4855662 -0.3785799 -0.3486938 -0.6094921 -0.4270231 -0.0404849 -0.3804806 0.2832735 0.0354558 0.4065042 0.5623629 0.1200330 0.1338535 -0.5256883 0.0970416 -0.2567233 -0.4754687 -0.4899853 -0.5803065 -0.5346437 -0.4620553 -0.1298876 -0.4427717 0.0647249 0.2778847 0.4081619 0.2753222 0.2120333 0.1644493 -0.5645899 -0.0639964 0.0638066 0.2500199 0.4417106 -0.5180150 0.2439172 -0.1517320 -0.6880869 0.0020243 0.1492993 0.3521243
0.0079727 0.7542073 0.5782042 0.2220732 0.6165950 0.2045251 0.8872176 0.0935854 0.1547159 -0.5814387 -0.1871125 0.0000000 0.0137022 -0.0781079 0.7219371 -0.3379178 -0.3622081 0.3764307 -0.3229670 0.0810181 0.9196085 -0.0929243 -0.0863481 0.7582260 -0.2262482 -0.0111306 -0.5830663 0.2974770 0.8061099 -0.4686028 0.0303009 -0.1915661 0.5458296 0.7487032 -0.1883537 0.6928905 -0.2956894 0.0135226 -0.5435758 -0.6202968 0.2360536 0.6015991 -0.4199822 -0.4432289 0.5276255 -0.3032332 -0.4624531 0.1311351 -0.0566105 -0.2175450 -0.4631256 -0.4671120 0.5636244 -0.6137161 -0.2752338 -0.4316505 -0.3212346 -0.7037555 0.0648472 -0.4763435 0.3896803 -0.5439712 0.1896407 -0.2936401 0.6667153 -0.1081512 -0.3916058 -0.5717978 -0.1801904 -0.6104392 -0.1242010 0.1227292 -0.6303435 -0.2871491 -0.1326806 -0.4808794 0.2224118 -0.2829080 -0.3869903 -0.2303008 -0.2698938 0.6573474 0.4996461 -0.3688425 -0.5382393 0.3112009 -0.2257090 -0.2591939 -0.0243461 -0.1830823 -0.6948989 -0.7283950 -0.6755123 -0.2881007 -0.2608183 -0.5916855 -0.4317650 -0.3593030 0.2310586 -0.0131858 0.2243281 0.1111658 0.2903216 -0.0961316 -0.7107861 -0.0748022 -0.1228123 -0.5736998 -0.3591081 -0.4088651 0.1330296 -0.4028211 -0.5374311 -0.7023128 -0.7029084 -0.6558718 -0.7564358 -0.4824726 -0.8001855 0.5142639 -0.1149136 -0.7540140 -0.1031610 -0.4699321 0.4755717 0.6544342 -0.0188791 -0.0715303 0.3980430 -0.3562516 -0.0906865 0.1369090 -0.2765674 -0.0626412 -0.6804346 0.0176639 -0.3157556 0.0768725 -0.2303904 0.2207645 -0.5872181 0.2144936 -0.2844144 -0.4354970 -0.4167297 -0.1875986 -0.3585181 -0.5347249 -0.4619560 -0.0963330 -0.0610930 -0.1305545 -0.3505249 -0.6774516 -0.7054533 -0.2022524 -0.0452596 -0.2963847 -0.2126180 0.0443605 -0.6994164 -0.0686829 -0.2284768 -0.0729255 -0.4810705 0.0082442 -0.7825664 -0.8089486 -0.4900241 -0.0762923 -0.5289486 -0.5394915 0.0455908 0.4511933 0.6236091 0.7926250 0.9039454 0.8314827 0.8863587 0.7785183 0.7621579 0.5808275 0.4139179 0.4348615 0.4572248 0.5364481 0.3604890 -0.1974020 0.2982843 0.5804469 0.6083527 -0.1619152 0.2121189 0.1661158 0.5705274 0.5947057 0.8497048 0.2332906 -0.1285508 0.8401575 -0.6333678 -0.6211490 -0.4601093 -0.4145730 0.5762985 0.3017659 0.4620274 -0.2622908 -0.5208129 -0.4358569 -0.5122149 0.5230221 0.3350759 0.5758015 0.5432523 -0.6070833 -0.6549308 -0.6647839
-0.0761686 0.1103778 0.5840596 0.8541194 0.3203447 0.6597631 -0.2157735 0.9228809 0.7095929 0.3645930 0.6118956 0.0137022 0.0000000 0.6258866 0.3277318 0.6095363 0.2306973 0.7914498 0.5063695 0.4367752 0.0028917 0.6550542 0.7501425 0.2598841 0.7163082 0.7565972 0.4684236 0.6943555 -0.0130172 0.3550839 0.6957027 0.5570858 0.1823253 0.0985896 0.6960697 -0.2536591 0.7020682 0.7736236 0.4497920 0.3749814 0.2295067 0.1271123 0.7731477 0.0273645 0.1742870 0.5762405 0.6404300 0.4285736 0.2254096 0.2373766 0.7319464 0.7227397 0.2559960 0.3989895 0.5288268 0.4288055 0.7333280 0.0899398 0.7090752 0.6905550 0.5961609 0.5768400 -0.0287845 0.0145999 0.4203028 0.7180360 0.7060880 0.0000765 0.6639002 0.2102936 0.4985103 0.3670508 0.2533092 0.2405214 0.7438014 0.1097820 0.3855181 0.4077979 0.2673528 0.5260625 -0.0642508 0.2697257 -0.1713050 -0.2821837 -0.2027789 -0.2614144 -0.0742703 0.3033812 -0.4337283 -0.1149180 0.2077486 0.1594360 0.0367521 0.1007199 -0.1346996 -0.0854292 0.0885505 -0.0766899 -0.1675422 -0.4421694 -0.2976799 0.2453944 0.0089888 -0.3018916 -0.0275018 -0.0772337 0.1552539 -0.2039308 0.3158876 0.0415430 -0.2062598 0.0571163 -0.0812433 -0.2053050 -0.1155828 -0.1582880 -0.0265494 -0.4733020 0.0247174 -0.3308056 -0.3634789 -0.1011835 -0.3493702 -0.1314824 -0.3152507 -0.2614570 -0.2401268 -0.0730319 -0.1866001 -0.1392738 -0.1803584 -0.4108171 -0.1092712 -0.1624319 -0.4260683 -0.2817485 -0.0375307 -0.4967576 -0.1023542 -0.2504580 -0.1435801 -0.3697910 0.1753471 0.1146435 0.0313279 -0.4213301 -0.3169305 -0.0072131 -0.3958274 -0.3671923 -0.0425135 -0.0188326 -0.4726908 -0.0010736 0.1061086 -0.2442766 -0.2435161 -0.1532437 -0.1753705 -0.1193559 0.2506905 -0.4114800 -0.2419871 -0.1803145 -0.2827761 -0.0294311 -0.1658856 -0.2877290 -0.3886402 -0.2739324 -0.2162502 -0.3601682 0.0500360 -0.1446824 -0.5036323 -0.2944367 -0.2074247 -0.1150353 -0.1981387 -0.2499604 -0.3687071 -0.1965207 0.1718036 -0.1625579 0.6223832 0.3223732 0.7204997 0.7457556 0.4389892 0.2349287 -0.2306361 0.4809323 0.1344428 -0.0796398 -0.1984706 -0.2052854 -0.2357609 -0.1707880 0.2577646 -0.2071712 0.1448055 0.4057480 0.2907037 0.2755193 0.4777744 0.1420663 -0.2990832 -0.2144110 0.1167116 0.3733258 0.4430639 -0.1277767 0.2863097 -0.1825816 -0.3626740 0.0243183 -0.0609713 0.1738394
-0.5354028 -0.3042676 0.1863552 0.4184773 -0.2612852 0.3839324 -0.1300046 0.5426545 0.8129288 0.6037476 0.5439871 -0.0781079 0.6258866 0.0000000 0.2713228 0.3497840 0.7782819 0.6516645 0.0540724 0.1106479 -0.0318668 0.2884789 0.6189682 0.2691527 0.5019066 0.4461200 0.6188051 0.7035477 0.1454403 0.6422557 0.2242538 0.2826536 0.1261122 0.0884061 0.3372526 -0.2062897 0.3471510 0.4804099 0.4191613 0.3524558 -0.0936859 0.2485234 0.5666631 0.1608864 0.5408131 0.1956772 0.3735818 0.2042007 0.2152666 0.0431047 0.4073402 0.4447962 0.3154939 0.5029769 0.3226172 0.1862733 0.3708087 0.2640616 0.2610200 0.4119928 0.3957051 0.6242454 0.2443763 0.3341877 0.3314292 0.3025978 0.4458564 0.5749745 0.3898197 0.6115863 0.1657992 0.4304546 0.7228496 0.4977461 0.5454534 0.6393917 0.2582191 0.4021629 0.6089203 0.4189935 0.2776131 0.2812344 0.1226996 -0.0962480 -0.2197556 0.2701817 -0.2080848 0.3691251 -0.0861547 0.2889260 0.1161306 -0.0762205 0.2572965 0.2448629 -0.0097292 -0.0504688 0.4102942 0.4274882 0.3239457 0.1433807 0.0155240 0.4860007 0.3664421 -0.2905974 0.1397896 0.1441210 0.6125560 -0.0080016 0.2158143 0.2275207 0.1229686 -0.1168849 0.2600538 0.1526260 0.1221545 0.2865138 0.2311963 -0.1292975 0.0413878 -0.2708163 -0.0857931 0.0676670 -0.2966840 -0.2954867 -0.0485572 -0.3177029 -0.1385739 -0.2906316 -0.1031164 0.0030616 0.0306576 -0.1636478 -0.1296337 0.1372942 -0.2373488 -0.2344854 0.1572990 -0.2071281 -0.0576179 0.0123111 -0.1685574 0.1063801 0.0690221 0.2135542 0.1519697 -0.2161760 0.0750230 0.1572217 -0.2722809 0.1796564 0.2999414 0.1445239 0.1021717 -0.0760231 0.2274881 -0.0541097 0.2326571 0.1705078 0.3349944 0.0636010 0.3240939 0.1796443 -0.1761716 0.2937847 0.2340792 -0.0089646 -0.3296953 -0.2629058 0.2283942 0.1813417 0.1615757 0.1496203 -0.3990990 -0.5651484 -0.5325235 -0.4780119 -0.3589566 -0.2298112 -0.2201749 -0.1676932 -0.2290509 -0.1398607 0.0811493 0.0525145 0.4221801 0.0893159 0.3609719 0.6615948 0.0248492 -0.0058891 -0.2829557 0.2810474 -0.4528920 -0.0055874 -0.3147275 -0.3785382 -0.4032894 -0.3743816 0.3765128 -0.2045953 -0.1709113 0.1996085 0.1524738 0.0308085 0.1433648 0.1092433 -0.3684397 -0.3036583 -0.1344474 0.4297251 0.4570969 -0.2409383 0.1313073 -0.1239870 -0.5203349 0.0934945 0.1094852 0.2637138
0.1247804 0.6245808 0.7103354 0.4334751 0.5314832 0.2971843 0.5774650 0.3599712 0.5806237 -0.2879392 0.2221206 0.7219371 0.3277318 0.2713228 0.0000000 0.1184069 -0.0361253 0.7287206 -0.0029428 0.4211143 0.6811852 0.0888383 0.3665306 0.8054368 0.2684194 0.4387452 -0.0889099 0.4042788 0.7617049 -0.0413877 0.1519663 0.2414725 0.3938320 0.5812258 0.3282484 0.4574218 0.1256102 0.4416778 -0.1135345 -0.2331433 0.3285989 0.5195820 0.1180305 -0.1964298 0.5279647 0.1032882 -0.0689907 0.5542396 0.1561453 0.0826355 -0.0636373 -0.0355339 0.4714873 -0.1726253 0.1035618 -0.1139847 0.0141667 -0.2693383 0.0496515 -0.1252034 0.3411992 -0.2100151 0.0565360 0.0151007 0.5494628 0.1579702 -0.0971929 -0.3195575 -0.0272557 -0.1654820 0.0257422 0.2737169 -0.3004544 0.0583214 0.0749890 -0.1962923 0.3895080 -0.1026692 -0.0572121 0.0318814 -0.4120737 0.7754233 0.4205774 -0.1774042 -0.6107854 0.0319348 -0.4037989 -0.1596578 -0.3347294 -0.3362229 -0.6083062 -0.7010967 -0.5755553 -0.3014472 -0.4750640 -0.7350207 -0.0839159 -0.1117440 0.0699719 -0.4426885 -0.1555288 0.2007625 0.0997772 -0.6290673 -0.4189463 -0.3438412 -0.0764135 -0.5254393 -0.3292454 -0.3843397 -0.1331700 -0.2694089 -0.5625045 -0.6484272 -0.5043678 -0.5359918 -0.4798546 -0.3870346 -0.3930934 0.5263736 0.1078141 -0.4784608 -0.0050272 -0.1128370 0.5951824 0.6355507 0.2976230 0.1262670 0.5790642 0.0212278 0.2848390 0.2302376 0.0518406 0.2094050 -0.7633352 0.2218064 0.0662351 0.2135855 0.1303726 0.4301664 -0.2831698 0.3537696 -0.2833625 -0.0156441 0.0393181 -0.0804534 -0.0428015 -0.1502993 -0.2172061 0.0343985 0.1992454 0.2864091 -0.1679514 -0.3261390 -0.2603303 0.0913123 0.1067676 0.0765128 -0.1997841 0.3128053 -0.2616416 -0.0206350 0.0723898 0.0624557 -0.1643102 0.3738405 -0.6507408 -0.6356337 -0.4753305 -0.0089272 -0.0363527 -0.2867196 -0.1424572 0.3799277 0.4729227 0.5025255 0.5877856 0.6474586 0.5613445 0.4639145 0.3639713 0.2356007 0.1566876 0.1736985 0.4123314 0.2313734 0.3321010 0.0426173 0.1750482 0.2918642 0.6237576 -0.1223050 0.2363402 0.3279318 0.6222747 0.5543404 0.6076809 0.3008529 -0.1319158 0.6765380 -0.3525781 -0.3289364 -0.0684754 0.0709603 0.8480631 0.5342223 0.3756606 -0.1413899 -0.1276304 -0.1041350 -0.1081345 0.4768393 0.7662270 0.7772616 0.1697778 -0.5419789 -0.3120755 -0.1585599
0.1502802 -0.1756117 0.0762879 0.5119587 -0.0301859 0.3187171 -0.4854494 0.6099516 0.5277963 0.4701289 0.7282100 -0.3379178 0.6095363 0.3497840 0.1184069 0.0000000 0.2779605 0.5036957 0.8667908 0.4987210 -0.4354940 0.7182237 0.7690701 -0.1934028 0.8908190 0.8274395 0.5091070 0.1929923 -0.3968412 0.4028014 0.5530229 0.8658688 -0.2985911 -0.4355078 0.8171393 -0.4646027 0.8996333 0.7735237 0.4649929 0.4670796 0.3487780 -0.3260702 0.8330765 0.0334282 -0.2771658 0.9042091 0.8371080 0.5912271 0.0472269 0.7262200 0.8780359 0.7474273 -0.3467653 0.3838268 0.8828600 0.8784453 0.8835149 0.4864344 0.5265867 0.8621906 0.1519289 0.5985165 0.0952741 0.2894709 -0.0986722 0.6890299 0.8469091 0.0852662 0.6455031 0.3945249 0.5335488 0.2406168 0.4151041 0.5010763 0.5987846 0.2121111 0.2923963 0.5926593 0.3571626 0.6176759 -0.1513077 0.0559530 -0.3325761 -0.1077056 0.0270841 -0.5084126 0.2675427 0.3815815 -0.4027950 -0.3202754 0.4883159 0.2706060 0.1171401 0.3003230 -0.1669226 0.0625245 0.1574716 -0.0475036 -0.1462119 -0.6034874 -0.2531534 0.0142198 -0.3183945 -0.1334323 0.4422077 -0.2425744 -0.0888897 0.0511286 0.3166635 0.1578994 -0.2323980 0.4288014 -0.3036104 -0.1857310 -0.0448957 -0.2081637 0.0185792 -0.2994697 0.2990233 -0.4152823 -0.3076791 -0.0008995 -0.0137810 0.1594616 -0.3643357 -0.2764751 -0.0923489 0.2771835 -0.2377607 -0.0232106 -0.0962097 -0.0644961 0.0675534 -0.1755031 -0.2040387 0.0847574 0.0118322 -0.3019198 0.0920651 -0.2221963 0.1566416 -0.3494186 0.3767916 0.3243140 0.2627055 -0.1806057 -0.0475855 0.1842066 -0.0294583 -0.2087073 -0.0912950 0.0514270 -0.1150975 0.3279180 0.3559502 -0.0189211 -0.2554641 -0.0012969 0.0174174 -0.1611225 0.4255219 -0.3286234 -0.0061118 -0.2818795 0.0658516 0.2101536 0.3654976 0.3579241 -0.0770008 -0.3175601 0.2382006 -0.0438245 0.1871410 0.0973372 -0.3950592 -0.4459328 -0.4601035 -0.3068933 -0.5521401 -0.5472589 -0.5820475 -0.5094474 -0.2377133 -0.6064597 0.2633319 -0.1417797 0.4760082 0.6768543 0.0385158 -0.2710904 -0.3075019 0.5163893 0.1451405 0.0217115 -0.1920684 -0.2408959 -0.4252463 0.0285189 0.2517970 -0.4883677 0.4926801 0.6916863 0.6119428 0.6967544 0.2002247 0.2161522 -0.2032538 0.2390041 0.4507131 0.5849401 0.6262491 -0.2808322 0.4392985 -0.1781513 -0.5283358 0.2869320 0.3431101 0.5048263
-0.5952799 -0.5737214 -0.3536235 0.0395270 -0.6837298 0.1247125 -0.3105999 0.2248455 0.5634434 0.8080662 0.4295903 -0.3622081 0.2306973 0.7782819 -0.0361253 0.2779605 0.0000000 0.1850924 0.0141439 -0.1939045 -0.3098155 0.1559849 0.5679531 -0.0940283 0.3153195 0.3255060 0.7184578 0.1260205 -0.0210921 0.6105441 -0.1373398 0.1045817 -0.2218529 -0.1507224 0.2162747 -0.2976389 0.2436077 0.2109381 0.3848816 0.2907606 -0.1939815 0.0606696 0.4242118 0.1011398 0.3795844 0.0822046 0.2738886 -0.0137413 -0.0236144 0.1511631 0.2563202 0.2666505 0.0228194 0.4983136 0.1596918 0.1867424 0.2545771 0.3818209 -0.0935258 0.2512811 0.0289277 0.6538694 0.2628590 0.5183587 -0.0547927 0.0638361 0.3231445 0.8658144 0.2086539 0.8627508 0.1120800 0.2771488 0.8927894 0.5561214 0.2679855 0.7916707 -0.1132791 0.2853607 0.6515838 0.1496893 0.2684675 0.0556344 0.1351335 0.1453630 -0.1106209 0.2820764 -0.1059993 0.4743958 0.0506110 0.4114009 0.1221831 -0.0634925 0.2814401 0.3081782 -0.0058261 -0.0872499 0.2492029 0.3732278 0.2280330 0.3170373 -0.0588737 0.1207607 0.2199919 -0.2453901 0.2058794 0.0660952 0.3727629 0.2221677 -0.0858530 0.1373032 0.0351015 -0.2726495 0.2848600 0.3105199 0.1333678 0.3536170 0.2796114 -0.0005652 0.2004603 -0.3968228 -0.1545573 0.1428499 -0.0711387 -0.1507446 -0.1735413 -0.4898014 -0.1662685 -0.1349947 -0.2692143 -0.0237770 -0.0652016 -0.1106373 -0.1595332 0.0686999 -0.0182315 -0.2012124 0.0533604 -0.1309269 -0.1826151 -0.0026981 -0.1932395 0.0707975 0.1403330 0.0958244 0.0100022 -0.2192191 0.0927978 0.0926210 -0.1023143 0.2478318 0.3158623 -0.0833331 0.2217054 -0.0714205 0.3619888 -0.0011481 0.4204320 0.0397243 0.3726448 0.1940031 0.2768143 0.3330747 -0.0385498 0.5253250 0.4300422 -0.2556245 -0.0160346 0.1243889 0.6217871 0.4011346 0.3275275 0.4842429 -0.2979679 -0.5529950 -0.4864003 -0.6036616 -0.5596905 -0.4734896 -0.4333853 -0.3816288 -0.4226756 -0.3843628 -0.2093466 -0.1612226 0.0447366 -0.2598020 -0.0630255 0.4242903 -0.3580538 -0.2945314 -0.3741586 0.1815838 -0.5937286 0.0208953 -0.4695381 -0.5128745 -0.5864682 -0.4172754 0.2986156 -0.4152827 -0.2431736 0.2734097 0.1170886 -0.0266227 -0.1479669 -0.0726626 -0.2175414 -0.0543470 -0.2145107 0.5094310 0.3544782 -0.3190842 -0.0112092 -0.1574906 -0.3865279 0.3120179 0.5335936 0.5846809
