0.0000000 0.0414014 0.6455947 -0.3010521 0.2366015 -0.5082838 -0.4277390 -0.1586273 -0.3211602 -0.1770229 -0.3420994 -0.2329969 0.1780939 -0.1884252 -0.3336435 -0.1546812 -0.3357323 0.0766114 -0.1580059 0.4050290 -0.2662658 -0.0981420 -0.2249658 -0.1346997 -0.1669154 -0.1500200 -0.5261758 0.0442150 -0.3011094 0.1198343 0.2121661 -0.0378248 -0.1732343 -0.3911034 -0.1242150 -0.3925546 -0.1098696 0.0714117 0.0455340 0.0330827 0.1339882 -0.2790242 -0.0561334 -0.1209971 -0.2532008 -0.0176127 -0.1800249 0.1530520 -0.3083874 -0.0579371 -0.1968041 -0.0066909 -0.3462360 -0.0073110 0.0954450 -0.1033460 -0.2020658 -0.2933757 0.5938201 -0.2144112 0.2602443 -0.2367794 0.3485853 -0.3225748 0.1629420 -0.1939161 -0.3439269 -0.3638179 0.1701223 -0.2949301 -0.1296541 -0.4137785 -0.3421890 0.1767362 0.0069993 -0.3812344 -0.3132738 -0.1384075 -0.4164579 -0.1433078 0.4902528 -0.1164875 0.0566040 -0.0439270 -0.3857126 0.1300819 0.3871608 -0.5912793 -0.0353352 -0.2052370 0.1937013 0.0804657 0.3179067 -0.0947712 -0.0680360 0.2534958 0.1563169 0.3505810 -0.3064918 0.0344476 -0.2181003 0.1053541 -0.1177938 -0.0021787 0.0398376 -0.3194972 0.1495954 0.2379808 0.1405223 0.1132846 -0.1915015 0.1807529 0.1058734 0.1434794 -0.0030902 0.0095600 -0.0972748 0.1703582 -0.0698833 0.1072934 0.0702751 0.0310103 0.1531828 -0.2529352 0.1283932 -0.0842197 -0.0228471 0.0631889 -0.0638607 -0.2342518 0.0046652 0.0890790 -0.0707579 -0.4136482 0.2678091 0.0880370 -0.1493393 -0.2190616 -0.0438437 -0.2188678 0.1545554 -0.2875300 0.0149107 -0.2721952 -0.1274539 0.0901400 -0.0048151 -0.0787763 0.0422118 -0.2290970 -0.3515775 -0.1166005 0.0425087 0.0776759 -0.0845024 0.0273214 -0.1439003 0.0193603 0.0210094 -0.0998450 -0.1133307 -0.0947950 0.1104028 -0.0473155 0.0055380 -0.0410696 -0.0663826 -0.0069699 0.1607474 -0.0055049 -0.0142031 0.1350327 0.7111158 0.0662567 0.2780256 0.1302935 0.1961193 0.1480913 -0.0351431 0.0733496 0.0002703 -0.0698305 0.1737250 0.1829644 0.4467501 0.3939183 0.3285923 0.3959661 0.2110949 0.1921117 0.1224780 -0.0356350 0.0673121 0.1249927 -0.0022271 0.1185785 -0.1438300 -0.0981518 0.2038938 -0.0307710 0.6070582 0.4466418 0.1859080 -0.0110676 0.3005929 0.3155557 -0.0864261 0.1756359 0.3975410 0.4048616 -0.0873891 0.0854031 0.3993436 0.1839297 0.2576282 0.3673699 -0.1185231 0.0298730
0.0414014 0.0000000 0.0189190 0.6845981 -0.1356158 0.4345725 0.5961681 0.6966291 0.4570164 0.2872515 0.6438085 0.7261244 0.5711278 -0.1414465 0.5683576 0.5412455 0.1196269 -0.0484620 0.7314475 0.0544541 0.4024895 0.4582232 0.4609707 0.4099158 0.6689916 0.5767811 0.0368564 0.1463346 0.8194618 -0.0787326 0.2204490 0.3360494 0.1793148 0.5192452 0.5148247 0.3393666 0.5057350 0.3384823 0.3818922 0.5003302 0.0561314 0.8573395 0.3722496 0.2526101 0.6286233 0.4035838 0.4139156 0.1220213 0.5685758 0.3616065 0.4175474 0.5900706 0.6137632 0.7210283 -0.1304868 0.2293332 0.4855126 0.7883819 -0.1722242 0.5056349 0.4323453 0.5691176 -0.2869904 0.5916322 0.1932628 0.3162289 0.5917745 0.6555172 -0.0838465 0.7672533 0.6127018 0.2105303 0.7007404 -0.5570288 0.4529951 0.6200077 0.2655569 0.6450793 0.5345058 -0.3775932 -0.4991391 0.4625591 0.6723534 0.5072949 0.3670197 0.2305004 0.0407760 -0.2763322 0.3407715 0.2972326 0.5099594 0.2989656 -0.1438513 -0.5638526 0.4511338 0.1645185 0.3209866 -0.1340434 0.0827666 -0.3753154 0.2450293 0.0200992 0.3481541 -0.1236357 0.1967514 0.1088058 0.2629682 0.4930467 0.2520032 0.2752409 0.1349502 0.1208228 0.0481508 -0.0529549 -0.0903457 -0.0237049 -0.0983508 0.0346795 -0.0356908 0.0242115 -0.0840798 -0.0983408 0.6773537 -0.3053460 0.0295481 0.0373576 0.1309250 0.5038791 0.4013403 0.1754040 0.2040809 0.2292342 0.4798142 0.6374352 0.3954811 0.3424864 0.6104980 0.5621716 0.4808635 0.0207942 0.1844863 0.4113822 0.4740699 0.1493215 0.4929573 0.4118317 0.5513247 0.4367857 0.3770493 0.3908923 0.3094133 0.2618365 0.6769136 0.3386234 0.2539184 0.1513503 0.3540045 0.5177279 0.4031076 0.0200797 0.4530364 0.4931694 0.2795217 0.0637578 0.5791350 0.3463011 0.4891566 0.4769257 0.4171618 0.4912302 0.5235457 0.5365858 0.2228972 0.1365500 0.8337531 0.0683963 -0.2751278 -0.5937346 -0.1813620 -0.4809803 -0.5714221 -0.3733058 0.0034709 -0.1485761 -0.3465300 -0.3890424 -0.3786144 -0.5968557 -0.5454044 -0.5137708 -0.1737390 -0.6196745 -0.5965310 -0.1434022 -0.2073294 -0.2731509 -0.1427750 -0.5193127 -0.5509485 0.1385342 -0.2827032 0.1065840 -0.1263587 -0.2872829 -0.0319325 -0.3601634 0.3521661 -0.3299712 0.0865731 -0.3608259 -0.0184422 -0.5571393 0.0250633 -0.4889421 -0.3944058 -0.1929642 -0.0641398 -0.5234350
0.6455947 0.0189190 0.0000000 -0.1252404 0.6454881 -0.4663287 -0.0690935 0.2378555 -0.4479497 -0.5224855 -0.1551063 0.0130082 0.6432527 -0.4204990 -0.4245568 0.0946920 -0.6099059 -0.0545309 -0.1545966 0.7204583 -0.2057429 0.3120410 0.0712283 -0.4334283 0.0275487 0.0700405 -0.4639921 -0.3459680 -0.2713275 -0.2516114 0.3915804 0.1390941 -0.5084804 -0.2799560 0.1430031 -0.7078211 0.0400503 0.1066279 -0.3499882 -0.2225079 0.1610265 -0.3573503 0.0838844 -0.4528482 0.1258284 0.1463487 0.0118271 0.1629467 -0.4591883 0.0629430 -0.0034301 0.0775873 0.0656955 -0.0699458 0.0985637 -0.0107218 -0.0387843 -0.2281848 0.3153014 -0.0545699 0.0674032 0.0922000 0.2719819 -0.0550703 0.3450761 -0.0754368 -0.1354865 0.0202059 0.1362735 0.0073834 0.0589710 -0.1130850 -0.0951073 0.3940369 0.0852493 -0.0192282 0.0721093 0.1285310 -0.0092294 0.0597771 0.5129080 -0.4276975 -0.2931260 -0.1475428 -0.5406988 -0.1760388 0.2721919 -0.4971585 -0.2846884 -0.4642047 -0.0082898 -0.0600908 -0.0202230 -0.1697683 -0.1945725 0.1115345 0.0423061 0.1080807 -0.5286979 -0.1561466 -0.4488280 -0.1165957 -0.1939572 -0.1604525 -0.2255298 -0.2491239 -0.1195072 -0.1451256 -0.1168907 -0.1262669 -0.4931372 -0.1199800 0.3141307 -0.0719137 -0.0399994 -0.1821273 -0.1823075 -0.0552690 -0.2673558 -0.2067268 -0.1059137 -0.0904972 0.2547170 -0.2974591 -0.1150748 -0.1828740 -0.1632006 -0.0198770 -0.2026203 -0.1925061 -0.1572904 0.0520818 -0.1407564 -0.1636863 0.0667209 -0.0432563 -0.1456530 -0.3428558 -0.2163286 -0.4435541 -0.0303425 -0.3784780 -0.1637725 -0.3439222 -0.2670694 -0.0528361 -0.2202240 -0.2141948 -0.1535083 -0.3399375 -0.4707295 -0.2064839 -0.0575450 -0.0683853 -0.0940350 -0.1402331 -0.1801792 -0.1047235 -0.2691737 -0.1824544 -0.1592861 -0.1955303 0.0089615 -0.1665430 -0.1207724 -0.2019980 -0.2314360 -0.3392514 -0.2610622 -0.2063620 -0.1795748 -0.1942723 0.3705890 0.0503201 0.2356289 0.2376454 0.2351301 -0.0755051 -0.1689700 -0.2277738 -0.3090344 -0.3703831 -0.3362305 -0.1449360 0.2583457 0.3568555 0.3453614 0.4415019 0.3531158 0.2287982 -0.0228521 0.0744576 0.1299057 -0.0542353 -0.0793884 -0.0514864 0.0643236 0.1005356 0.2998649 -0.0671803 0.7302112 0.3889825 0.2322411 0.0392215 -0.0565445 0.3439606 -0.1373463 0.2918615 0.6581179 0.4685768 -0.2080170 0.1165447 0.4041755 0.2252077 0.4385016 0.5736779 -0.0843374 0.0070265
-0.3010521 0.6845981 -0.1252404 0.0000000 -0.1756652 0.5398870 0.5784861 0.8977822 0.3021055 0.0730979 0.8191851 0.4948212 0.4817440 -0.1927988 0.3507557 0.8471031 0.1384194 -0.2941336 0.8400493 -0.2648058 0.0781186 0.5938576 0.7889483 0.0862113 0.8038641 0.9003971 0.2233820 -0.2106598 0.6814567 -0.4496508 0.1079044 0.4688632 -0.0676806 0.6034643 0.8655246 0.0740952 0.8328906 0.5774970 0.0805743 -0.0285444 0.2064747 0.6482724 0.6684835 -0.0338870 0.7672470 0.7438961 0.8374117 0.1862371 0.4261264 0.6540612 0.8526834 0.6754897 0.8717829 0.6022996 -0.1144014 0.4629624 0.8528994 0.8459020 -0.5393972 0.9106123 0.1543314 0.8893827 -0.4674294 0.9063353 0.2235908 0.6113890 0.9449826 0.9304593 -0.0213661 0.9242182 0.8109772 0.4589699 0.9644078 -0.4024484 0.5294677 0.7830495 0.3612699 0.7660136 0.7429434 -0.2177277 -0.5514973 0.3987001 0.4333505 0.2089829 0.2758076 -0.0014415 -0.1844662 0.1251414 0.1792947 0.2588807 0.2089441 0.0183369 -0.2619373 -0.3116918 0.2550234 -0.0193598 0.1540162 -0.0336074 -0.0592183 -0.1289793 0.0185744 0.0838991 0.2619629 -0.0430493 -0.0124231 -0.0384181 0.0343792 0.3004244 0.0051405 0.0722341 -0.1057481 -0.3775767 -0.2404954 -0.1249400 -0.1991912 -0.0358854 -0.0387934 -0.1084051 0.0619232 -0.1962076 -0.0228425 0.0762057 0.5000644 0.0158488 0.0615619 -0.2643144 0.2744364 0.4612843 0.2480614 0.4784548 0.3317698 0.0469692 0.5031841 0.5936512 0.1817672 0.3117157 0.6467725 0.3642946 0.4428374 -0.1627826 0.1735705 0.2586258 0.4246109 -0.0487057 0.3218346 0.4074702 0.4083967 0.4105375 0.4409862 0.3004793 0.1135431 0.0373088 0.4280908 0.3819741 0.3394496 -0.1142824 0.1385878 0.3896632 0.3368480 -0.2198651 0.4415339 0.3165486 0.0851771 -0.1806558 0.5209799 0.1812699 0.4821031 0.4441969 0.2708039 0.3143206 0.5388263 0.4777276 -0.2805032 -0.0269709 0.3354901 -0.2363426 -0.3655000 -0.3991798 -0.4031318 -0.4761479 -0.4312144 -0.3547758 -0.1526752 -0.3447302 -0.7790850 -0.5812583 -0.5654063 -0.6776990 -0.5746232 -0.5803962 -0.4005433 -0.5532247 -0.3821689 -0.3430669 -0.4363899 -0.4134408 -0.3518123 -0.1852863 -0.5428877 -0.2001790 -0.5427877 -0.0128076 -0.1009370 -0.2972031 -0.0696589 -0.5706217 0.3262903 -0.1260248 -0.1134434 -0.4729900 -0.2060362 -0.4253176 -0.0693615 -0.2969040 -0.4631211 -0.2130466 -0.2315978 -0.5465581
0.2366015 -0.1356158 0.6454881 -0.1756652 0.0000000 -0.2319160 -0.0533098 0.1431757 -0.4690210 -0.3739521 0.0151118 -0.0291059 0.5548302 -0.3283879 -0.4655029 0.0453380 -0.3859582 -0.4511400 -0.0377831 0.5169781 -0.0935023 0.3665246 0.3020923 -0.5330953 0.2572377 0.1403663 -0.2215635 -0.4962843 -0.3144216 -0.3047098 0.4703720 0.2923832 -0.5570731 -0.4069337 0.2434564 -0.6007074 0.1693999 0.1731784 -0.3102089 -0.3411967 0.1678663 -0.4462563 0.3087002 -0.5189124 0.0462701 0.2980748 0.1828955 0.1107448 -0.4881735 0.2738163 0.1374000 0.2387358 -0.0695229 -0.1408259 0.2585697 0.2470709 0.1484311 -0.2308085 0.1910781 0.0543322 -0.1578440 0.1784736 0.2166986 -0.1408040 0.2419483 0.1686548 -0.0648209 0.0542452 0.1693474 -0.0718245 0.1043023 -0.1422343 -0.0368288 0.4023086 0.1948973 -0.1120849 -0.0058785 0.1594903 -0.0527432 0.4988642 0.5378638 -0.3335950 -0.3712473 0.0257926 -0.0890341 -0.1025656 0.2891076 -0.3255258 -0.0958971 -0.1791585 0.1275478 0.1006784 0.0107640 -0.0465682 -0.0355879 0.3312849 0.1294076 0.0793142 -0.2406647 0.0637253 -0.0932809 0.0445828 -0.2232284 -0.0974591 -0.0119642 0.0724330 0.0914671 -0.1104517 0.1267540 0.0248166 -0.0206573 0.0834684 0.2403396 0.0647619 -0.0253438 -0.2346393 -0.1001586 -0.1276462 -0.2054883 -0.2511381 -0.1478354 -0.1631254 -0.0936540 -0.2700803 -0.2404715 0.0490279 -0.3167548 -0.2824069 -0.2332362 -0.1388225 -0.2432163 -0.0291242 -0.2447101 0.0049978 0.0236406 -0.1718078 -0.1524296 -0.2012939 -0.2581463 -0.2679935 -0.1237833 -0.2843636 -0.1417287 -0.2068051 -0.2087219 -0.1347682 -0.2862111 -0.2800907 -0.2222407 -0.2864016 -0.3100711 -0.1394958 -0.1829172 -0.2199937 -0.1008869 -0.1686586 -0.0093486 -0.1608965 -0.1441077 0.0423772 -0.1337654 -0.1594822 0.0613671 0.0400574 -0.1207814 -0.1576547 -0.2444485 -0.3369357 -0.1666904 -0.1205284 -0.1316589 -0.1711972 -0.1000260 -0.0565997 0.0213404 0.1856989 0.2168054 -0.1937832 -0.0029463 -0.2775455 -0.4756334 -0.5196588 -0.4047449 -0.4360025 0.3465860 0.4242293 0.4521563 0.4978883 0.4009762 0.1125054 0.0646905 0.4113455 0.2515992 -0.0690309 -0.0156102 -0.0699843 0.2403610 0.0431048 0.3953876 0.0422421 0.5043434 0.2064500 0.0586326 0.1092954 -0.0859893 0.4450233 -0.0882215 -0.0116639 0.3159774 0.3355854 -0.0824844 0.0298218 0.3367861 -0.0872093 0.1661200 0.4638191 -0.0495774 0.1896224
-0.5082838 0.4345725 -0.4663287 0.5398870 -0.2319160 0.0000000 0.5975322 0.3103657 0.7981734 0.7057951 0.6756809 0.4105727 0.0932572 0.4467954 0.7483729 0.2084459 0.6790902 0.0798304 0.4970615 -0.0943309 0.2468946 0.3928809 0.3373709 0.5233191 0.4543787 0.2804148 0.3976886 0.1790937 0.7596649 0.0692245 0.2078911 0.3415881 0.4101336 0.6374794 0.2638351 0.6273734 0.3022734 0.4256059 0.5301399 0.2743395 0.2313061 0.6884853 0.3035881 0.3881221 0.2950783 0.3213772 0.3701125 0.2876257 0.7249852 0.5505795 0.3354542 0.4729263 0.4768762 0.6675353 0.2046441 0.5066458 0.4776721 0.8045383 -0.5652129 0.3767497 -0.1415217 0.4310816 -0.1887908 0.3912495 -0.1460081 0.4575034 0.4416914 0.5074500 0.1329160 0.4550380 0.3477314 0.1695823 0.5137014 -0.5018830 0.1300004 0.4196296 0.1522624 0.3431874 0.3812907 -0.1093549 -0.6585553 0.6943228 0.6036806 0.4687188 0.6811082 0.4289110 -0.0095605 0.3027897 0.5976199 0.5623697 0.5079015 0.4865267 0.1377381 -0.1270937 0.5613565 0.3519927 0.4492588 0.1000158 0.5910742 -0.0815029 0.3999700 0.2600832 0.4516507 -0.1488960 0.4367688 0.5946421 0.2510135 0.4365175 0.4507141 0.3364065 0.3436871 -0.0744280 -0.0984780 0.1397927 0.1482924 0.3090880 0.2797542 0.2089088 0.3285559 0.1260578 0.2827498 0.2743024 0.3834476 0.1330572 0.3803165 0.2108133 0.5741107 0.5939059 0.7630969 0.6071162 0.5735373 0.3466650 0.6552505 0.5921423 0.2283415 0.5260844 0.7300210 0.8606608 0.6859976 0.5627039 0.3757977 0.7752362 0.5172910 0.5725184 0.7994890 0.4558750 0.7134541 0.6759685 0.5360016 0.6754400 0.6757484 0.5870485 0.5879634 0.3722795 0.4966989 0.4368507 0.5665097 0.6528746 0.6081218 0.3710844 0.5509596 0.6794067 0.3956747 0.3437547 0.5846259 0.6452501 0.6912721 0.6034269 0.5621988 0.6833854 0.6530845 0.5784751 -0.5659160 -0.1513307 0.1326826 -0.1411327 -0.4147922 -0.4469436 -0.0669709 -0.2800812 -0.3229664 -0.3261679 -0.1090711 -0.4937303 -0.4081683 -0.5729453 -0.4026765 -0.5547422 -0.3568727 -0.3880529 -0.2525851 -0.1328164 -0.0402041 -0.3638731 -0.2420597 -0.2638093 -0.0590708 -0.0973227 -0.5881536 0.2322158 -0.5990244 -0.3104786 -0.2642216 -0.2107219 0.3502876 -0.3379463 0.6612973 -0.2911265 -0.3732085 -0.4696217 0.0995839 -0.4678551 0.2698620 -0.2969814 -0.4886352 -0.4277493 -0.2944872 -0.4589484
-0.4277390 0.5961681 -0.0690935 0.5784861 -0.0533098 0.5975322 0.0000000 0.5945006 0.5276083 0.1720825 0.4603393 0.8785768 0.3941435 0.0107793 0.6303932 0.3382986 0.0043332 0.0298015 0.3848522 0.0424875 0.5856711 0.4920764 0.3720982 0.2514003 0.4699577 0.3843512 0.3909246 0.0151420 0.7195621 -0.0979006 0.2536410 0.2293182 0.1628374 0.6590032 0.3687466 0.3817213 0.3389671 0.1359244 0.0803897 0.2476045 0.0338309 0.5851138 0.0850623 0.2058834 0.5538041 0.1957136 0.3329937 0.0486887 0.5637325 0.2397216 0.3401441 0.2476093 0.7704133 0.3644903 -0.1685579 0.1393238 0.4085507 0.6466026 -0.5394525 0.4137579 -0.0466630 0.4784565 -0.3897840 0.6544669 0.2111245 0.2818504 0.5429294 0.6560684 -0.1896617 0.7335888 0.4710020 0.4615298 0.6436260 -0.3323473 0.1407302 0.8528898 0.7181602 0.5368537 0.8216104 -0.0850871 -0.4545208 0.2238846 0.3037024 0.2632102 0.3405432 0.0032519 -0.1937782 0.2206205 0.1507649 0.2193371 0.1504721 0.1312659 -0.2843696 -0.4191684 0.3003717 -0.0133229 0.1327929 -0.2544123 0.1197354 -0.4191004 0.1965706 -0.1702401 0.2178761 -0.2663448 -0.0143426 0.4176094 -0.0721188 0.0092722 0.0806968 0.0986066 0.0339896 -0.1669544 -0.0160898 -0.1842412 0.0261472 -0.1234689 0.0296407 -0.0220956 -0.0192749 -0.0143768 -0.0170537 0.0043857 0.5141081 0.0235970 0.0615533 0.1373805 0.1960753 0.4583807 0.4730454 0.3241949 0.2122544 0.1930126 0.3173113 0.5929388 0.1916920 0.2918520 0.4548172 0.5407917 0.3356970 0.1893478 0.1189014 0.5755339 0.3421870 0.3246181 0.4470352 0.2789464 0.4215284 0.4743960 0.2270578 0.4491021 0.3970625 0.3417423 0.4230151 0.2517851 0.4021340 0.2091848 0.4302216 0.3637254 0.2339376 0.1578604 0.4123365 0.4680451 0.0862811 0.1667088 0.4237372 0.3321653 0.4194815 0.2383027 0.0550708 0.3971447 0.3826038 0.2024099 -0.2208973 0.2454849 0.4251599 0.1671610 -0.1065462 -0.3761225 0.0088230 -0.3206747 -0.3852765 -0.3566713 -0.4147445 -0.4372708 -0.5775760 -0.5121060 -0.5035022 -0.5963357 -0.1753081 -0.2027213 -0.1639624 -0.3171744 -0.4235452 -0.2076386 -0.0275860 -0.1823713 0.1256175 -0.0931235 -0.2998307 0.2172411 -0.2293960 -0.2012648 -0.0970297 -0.0961019 -0.1397712 -0.1905490 0.4169079 0.0014783 0.2234438 -0.2035381 0.0968588 -0.3038409 0.1215065 -0.0362539 0.0335945 -0.1224523 0.0532507 -0.2438076
-0.1586273 0.6966291 0.2378555 0.8977822 0.1431757 0.3103657 0.5945006 0.0000000 0.0662720 -0.1938437 0.7510923 0.5523634 0.7644515 -0.3901141 0.1564061 0.8605682 -0.1758201 -0.3744837 0.7352172 0.0074717 0.0957224 0.6938058 0.8168699 -0.1317549 0.8129982 0.9080824 0.0887197 -0.3793280 0.5598769 -0.5742291 0.2333944 0.4801173 -0.3143188 0.4300458 0.8873029 -0.1743393 0.8038210 0.4728690 -0.1327944 -0.1192894 0.1561901 0.5074150 0.6335173 -0.2415217 0.8513611 0.7237786 0.7761699 0.1225462 0.1924693 0.5739354 0.7895476 0.6296013 0.8773618 0.4696079 -0.1540439 0.3656934 0.7642355 0.6952265 -0.4456852 0.8308645 0.1306627 0.8993850 -0.4264035 0.8607998 0.2804900 0.5028385 0.8683017 0.9403022 -0.0868154 0.9410826 0.8076085 0.4397198 0.9166490 -0.2731971 0.5384933 0.7871223 0.4269541 0.8172212 0.7501498 -0.1474331 -0.3623611 0.1365617 0.2246790 0.1807591 0.1061360 -0.1202175 -0.0888411 -0.0776260 0.0453800 0.0428940 0.1538699 -0.0254154 -0.3462168 -0.3856513 0.1581405 -0.0504525 0.1331611 -0.1087528 -0.2766928 -0.2403105 -0.0955295 -0.0244633 0.1603121 -0.1084645 -0.1026127 -0.1174788 -0.0326128 0.1320563 -0.0449471 -0.0218055 -0.2166390 -0.3509264 -0.0743656 -0.2106137 -0.2528539 -0.2031069 -0.1453245 -0.2092516 -0.1320183 -0.3021938 -0.1668506 -0.0738235 0.5757169 -0.1795574 -0.1343231 -0.2515270 0.0530316 0.3383497 0.0944793 0.3111232 0.1227568 0.0111918 0.3452073 0.5971593 0.1384803 0.1898686 0.5228975 0.1916731 0.2467081 -0.3244385 0.0426790 0.0945757 0.2794049 -0.1582153 0.1608511 0.2902447 0.2191162 0.2227891 0.2500032 0.1231577 -0.0503689 -0.0481036 0.3585031 0.2571997 0.2167601 -0.1884006 0.0943220 0.2718406 0.1534975 -0.2400549 0.3228812 0.2045530 0.0641153 -0.2116871 0.3966481 0.0575238 0.2938155 0.1960835 0.0664261 0.1721864 0.3691266 0.2775714 -0.1383895 0.0454363 0.4494115 -0.0858032 -0.2360764 -0.4613411 -0.4153711 -0.6002479 -0.5924963 -0.5103880 -0.3496069 -0.3907974 -0.6624902 -0.4536368 -0.4454651 -0.5345402 -0.4520147 -0.4984194 -0.3537004 -0.5092936 -0.4260820 -0.3074312 -0.3769977 -0.4016109 -0.2093093 -0.2191600 -0.3819606 -0.1555558 -0.2477493 0.1184035 0.0003703 -0.2241790 -0.2661329 -0.4309040 0.2074975 -0.0690356 0.1612269 -0.2494423 -0.2097053 -0.3522335 -0.0557091 -0.2801021 -0.2671965 0.0085279 -0.1450800 -0.4627002
-0.3211602 0.4570164 -0.4479497 0.3021055 -0.4690210 0.7981734 0.5276083 0.0662720 0.0000000 0.8552348 0.3674633 0.4830498 -0.1383695 0.5747114 0.9726062 -0.1396727 0.6828892 0.5483516 0.3324611 -0.0364681 0.3316413 0.1576505 -0.1059910 0.8621444 0.1825238 -0.0589450 0.2220841 0.5920272 0.8108483 0.4622274 0.1498829 0.1991434 0.7239191 0.7675228 -0.0757890 0.7588588 0.0145736 0.2671400 0.6025155 0.5906450 0.2342820 0.7077551 -0.0706620 0.6803416 0.0969657 0.0374905 -0.0214423 0.3346403 0.8736566 0.2402743 -0.0241097 0.2074184 0.3488200 0.6420297 0.1652654 0.2882167 0.1582530 0.6531912 -0.3735772 0.0457247 -0.0124500 0.0560453 -0.0833179 0.2321352 -0.0158686 0.2545501 0.1529368 0.2093654 0.0732521 0.2639848 0.1851221 0.1116068 0.2754571 -0.5043200 -0.0315176 0.3472177 0.2327124 0.2153041 0.3032340 -0.2828330 -0.5975903 0.5662161 0.7260648 0.5456617 0.5672589 0.4517124 -0.1339271 0.2123084 0.5767603 0.5360516 0.4246346 0.4216818 0.1120981 -0.0544223 0.5922454 0.3531462 0.3668735 -0.0896639 0.5989150 0.0132825 0.3496665 0.0364340 0.2547320 0.0212313 0.4007692 0.6352478 0.1991424 0.3679068 0.3091464 0.4464994 0.2098532 0.0120483 -0.1128570 0.0828899 0.2250292 0.2234137 0.1865287 0.2727816 0.2289917 0.1803804 0.2453431 0.1888733 0.3789576 0.0448506 0.4276632 0.1972703 0.5294199 0.6596950 0.7651452 0.3061123 0.4938252 0.3553346 0.5999355 0.2769837 0.2722124 0.5617383 0.4967536 0.8154485 0.7180731 0.5096570 0.5488215 0.8265065 0.5188622 0.5649257 0.7170223 0.5139320 0.7932504 0.7825740 0.6615344 0.8060441 0.7429941 0.6524388 0.6627641 0.5638230 0.5686073 0.5417340 0.4411753 0.6195710 0.5872307 0.2246469 0.5502710 0.7533506 0.2489810 0.1858648 0.5411722 0.6434850 0.6702906 0.7357530 0.5334537 0.6942555 0.5720788 0.5485567 -0.1703890 0.0020084 0.2299121 0.0250055 -0.3316238 -0.3316218 -0.0578436 -0.2530539 -0.1671318 -0.2598389 -0.0756090 -0.3477204 -0.2586607 -0.4523388 -0.2788906 -0.4726489 -0.1900058 -0.0058854 -0.2496511 -0.1457648 -0.0921284 -0.3423683 -0.1536742 -0.1919853 -0.1157771 -0.1341440 -0.5895006 0.2850227 -0.4628741 -0.2538006 -0.3613069 -0.3545741 0.5244672 -0.1332868 0.5681005 -0.1767517 -0.3055999 -0.3776090 -0.0043806 -0.5507012 0.3551396 -0.0977464 -0.3476202 -0.4351082 -0.2688815 -0.3584016
-0.1770229 0.2872515 -0.5224855 0.0730979 -0.3739521 0.7057951 0.1720825 -0.1938437 0.8552348 0.0000000 0.3220131 0.2159851 -0.3261237 0.7155584 0.7982401 -0.2529751 0.8680345 0.4725069 0.2390160 -0.0500737 0.2182046 0.1163713 -0.1469423 0.8500619 0.1069439 -0.1852280 0.2448446 0.6485392 0.5752640 0.5822517 0.1917678 0.1891426 0.7688526 0.4683536 -0.1838388 0.7314374 -0.0678674 0.2370590 0.7838004 0.5909910 0.2954262 0.5139765 0.0147983 0.7261359 -0.2741621 -0.0410194 -0.0769999 0.3552335 0.7546149 0.2488240 -0.0943704 0.2043741 -0.0670255 0.5818361 0.2678474 0.2651874 0.0875247 0.4997189 -0.0819239 -0.0525932 -0.0805545 -0.0932372 0.1103870 -0.1019540 -0.1653302 0.2314014 -0.0111187 -0.0341778 0.1975068 -0.0300858 0.0267329 -0.1310716 0.0634645 -0.3671740 -0.0587319 -0.0191677 -0.0578118 -0.0243371 -0.0809642 -0.0383853 -0.3980401 0.5614395 0.6895396 0.5797696 0.7115871 0.5699641 0.0392284 0.1312405 0.6916625 0.6630799 0.4548939 0.5303828 0.3352716 0.0058446 0.4637965 0.4969278 0.4655222 0.0605608 0.6648429 0.1093017 0.5005450 0.2193291 0.2615479 0.0829252 0.5590577 0.6321743 0.3836027 0.4856315 0.4789972 0.5531190 0.4392243 0.2472485 -0.1866060 0.1334262 0.1382582 0.2083554 0.1073872 0.2433259 0.1919732 0.2731982 0.1747199 0.0721071 0.1384807 -0.0647266 0.3702205 0.3290435 0.3670405 0.4623689 0.6809726 0.1537876 0.3794820 0.2694467 0.4544102 0.1006050 0.2408568 0.4557080 0.3747646 0.8050152 0.6959751 0.5998852 0.4465628 0.7106330 0.4099706 0.4563881 0.6618568 0.3875371 0.7428750 0.6755659 0.5380294 0.6649404 0.6454220 0.5327163 0.5860216 0.3647092 0.4033440 0.4483289 0.3945775 0.5484391 0.5888955 0.2981162 0.3903431 0.6380025 0.2377497 0.2718622 0.4344354 0.5876473 0.5711195 0.6469936 0.6450737 0.6360355 0.4967499 0.5299280 -0.1169705 0.0064269 0.1726864 0.1025716 -0.1798938 -0.2296332 0.1026965 -0.1414977 -0.1916770 -0.1975328 0.1013464 -0.2997638 0.0826148 -0.1967388 -0.0201373 -0.2055776 -0.0523878 -0.0159898 -0.0239527 0.1478607 0.1498186 -0.1597290 0.0017940 -0.0224958 0.0119886 -0.0620151 -0.3930390 0.3904539 -0.3848184 -0.0572013 -0.2336780 -0.2371267 0.6355531 -0.0014346 0.6050825 -0.1921147 -0.4168396 -0.2661997 0.1029041 -0.4120657 0.3907548 -0.2892966 -0.4200829 -0.3292731 -0.2500327 -0.2743091
-0.3420994 0.6438085 -0.1551063 0.8191851 0.0151118 0.6756809 0.4603393 0.7510923 0.3674633 0.3220131 0.0000000 0.3871083 0.5311443 -0.1028705 0.3800843 0.7014034 0.3578346 -0.2987089 0.7769653 -0.0140859 0.0727590 0.6539929 0.7802871 0.1159084 0.7298661 0.7597273 0.1969083 -0.2778461 0.6417385 -0.4654138 0.2928398 0.4715828 -0.1093187 0.3741774 0.7387205 0.2154999 0.6677295 0.5442186 0.1806249 -0.0546591 0.2215002 0.6648130 0.7078888 -0.0938452 0.5985950 0.6592182 0.6948530 0.2479218 0.3407620 0.6323391 0.7010609 0.7298322 0.6314959 0.6874191 0.0948700 0.5548429 0.7531073 0.8086003 -0.4843061 0.7580449 0.0656382 0.8458353 -0.2552162 0.6677471 0.1394657 0.6109770 0.7891623 0.8358724 0.1250161 0.7606404 0.6791007 0.3688239 0.8226458 -0.2858942 0.5205944 0.5535556 0.2162791 0.6830530 0.4948576 0.0005405 -0.4318468 0.3760232 0.4476826 0.3855075 0.5187124 0.2262961 0.0161974 -0.0693645 0.4033306 0.3669084 0.3874757 0.2921252 -0.0606924 -0.3690224 0.3862036 0.2605515 0.3735236 0.0872827 0.1353230 -0.1743035 0.2026337 0.2790262 0.2915982 -0.2066811 0.2731604 0.1699483 0.2473823 0.3764464 0.2943316 0.2209908 0.2041412 -0.0627029 -0.2469711 -0.1397830 -0.2667834 -0.0592079 -0.0722755 -0.1934312 -0.0508894 -0.1104716 -0.1223024 -0.1223513 0.4372195 -0.2458713 -0.0708087 0.1028315 0.1633699 0.3974951 0.3486194 0.3549246 0.1872112 0.1186959 0.5046013 0.6834713 0.1585946 0.3083366 0.6502340 0.5178003 0.4466813 0.1166978 0.1294751 0.3041599 0.4376267 0.1109193 0.4142540 0.3365605 0.3997995 0.3299128 0.3654229 0.2717810 0.2583179 0.1692429 0.4190271 0.2156618 0.1701696 0.0043995 0.2788526 0.4147349 0.4764921 0.0247432 0.3393306 0.3631430 0.2534209 0.0423377 0.4521244 0.2857962 0.4488548 0.3916725 0.4326954 0.3999248 0.5190088 0.4960077 -0.3075690 0.0213143 0.3800580 -0.0681017 -0.3271311 -0.5438241 -0.2648316 -0.5329599 -0.6076890 -0.4630327 -0.1867852 -0.4793494 -0.5137777 -0.3917177 -0.3656082 -0.4588578 -0.4151822 -0.6826222 -0.2134695 -0.2939382 -0.2077969 -0.2802293 -0.2533019 -0.3012271 -0.0905529 -0.1868242 -0.4464026 0.1056957 -0.5044555 0.1467946 0.0565390 -0.1533935 0.0423081 -0.4121934 0.5007426 -0.2088160 -0.1881914 -0.2803642 0.1024998 -0.3972127 0.0700591 -0.5593051 -0.6265158 -0.0785413 -0.1793396 -0.5220742
-0.2329969 0.7261244 0.0130082 0.4948212 -0.0291059 0.4105727 0.8785768 0.5523634 0.4830498 0.2159851 0.3871083 0.0000000 0.4139044 -0.0396656 0.6086922 0.3513848 0.0451562 0.0570904 0.4624184 0.0440500 0.7380789 0.4464422 0.3487086 0.3596305 0.4768854 0.3482391 0.3546077 0.1705947 0.7131334 0.0732040 0.2049678 0.1046011 0.2556527 0.6287333 0.3425925 0.3236212 0.2658119 0.0404080 0.1747121 0.4841176 -0.0896655 0.5762236 0.1241808 0.3163272 0.4725985 0.1186692 0.2723249 -0.0919477 0.5763966 0.1756277 0.3046312 0.3362556 0.6254099 0.4062595 -0.3569390 -0.0423245 0.3043122 0.5962004 -0.1914331 0.3738921 0.0639765 0.4143145 -0.4608487 0.5526854 0.3161951 0.1315918 0.4755829 0.5756491 -0.3478351 0.6952895 0.3868483 0.3426569 0.5828817 -0.3388665 0.0784238 0.7959537 0.7318655 0.4338624 0.7139680 0.0263833 -0.3309600 0.1653470 0.3612861 0.2996030 0.3444644 -0.0503627 -0.1810111 0.0858492 0.1414833 0.3056983 0.1441319 0.0921171 -0.3407746 -0.5905320 0.2643493 0.0142960 0.0711051 -0.3587175 -0.0079746 -0.5226370 0.2486500 -0.3307412 0.1024593 -0.2452473 -0.1001514 0.3252446 -0.0570490 0.1116243 0.0218680 0.1240558 0.0413288 -0.0162324 0.0661025 -0.2164733 0.0663716 -0.2013445 -0.0391190 0.0741819 -0.0442490 0.1205497 -0.0419522 -0.0517621 0.4254028 -0.0282721 0.0591558 0.2105663 0.0468481 0.3191079 0.3908541 0.1441746 0.1309013 0.0895826 0.1468372 0.4697292 0.2719034 0.1445791 0.3229476 0.5197551 0.3188412 0.1012265 -0.0061872 0.4705830 0.2818149 0.2072641 0.3618144 0.1820455 0.3933072 0.4189685 0.1196273 0.3320868 0.2479070 0.2173598 0.4579833 0.1298630 0.3192418 0.1033134 0.3710250 0.2718668 0.2014987 0.1183843 0.3362763 0.4022329 -0.0121363 0.1463825 0.3964336 0.2188847 0.3104494 0.2127591 0.0759237 0.3467938 0.2886724 0.2049580 0.0441568 0.4242907 0.6802332 0.4384617 0.1601269 -0.2910672 0.1567767 -0.2824580 -0.4549717 -0.3313050 -0.2783138 -0.3579600 -0.3866769 -0.3355074 -0.4071115 -0.5183904 -0.1165697 -0.1063236 0.0454422 -0.2380248 -0.5075693 0.0202284 0.1517354 0.0116135 0.2933844 -0.0734821 -0.1493027 0.3766512 -0.0211976 -0.0184359 0.0235555 0.0037358 -0.2172265 -0.0475505 0.4491971 -0.0936627 0.3806691 -0.2171724 0.0648910 -0.2339767 0.0721309 -0.1256601 0.1202125 -0.0595758 0.2502219 -0.1018321
0.1780939 0.5711278 0.6432527 0.4817440 0.5548302 0.0932572 0.3941435 0.7644515 -0.1383695 -0.3261237 0.5311443 0.4139044 0.0000000 -0.5710302 -0.0849534 0.6083775 -0.3536597 -0.4269198 0.4548178 0.4825091 0.0499561 0.5642982 0.6189853 -0.3355672 0.5571662 0.5985368 -0.1990431 -0.5300896 0.2807391 -0.5861172 0.3818133 0.3087619 -0.5557837 0.0240198 0.6078164 -0.3552241 0.4611959 0.3124074 -0.2329519 -0.1442891 0.0144565 0.2887295 0.4788987 -0.4807609 0.7279404 0.5243279 0.4490779 0.0486360 -0.1468259 0.3881353 0.4331404 0.5798548 0.5695363 0.3660252 -0.0190368 0.2943442 0.4233676 0.3762796 -0.1555187 0.4456385 0.2051753 0.6795702 -0.1395061 0.4763288 0.3206303 0.2463539 0.4426015 0.6550302 0.0081017 0.6258824 0.5079152 0.1873711 0.5274044 -0.0638548 0.4273296 0.4453609 0.2166456 0.6341822 0.4361535 -0.0464855 0.0069273 -0.0000141 0.0919053 0.1748633 -0.0615750 0.0065636 0.2718750 -0.4348052 0.0340660 -0.1226427 0.3688280 0.1921475 -0.1301236 -0.4755580 0.2615738 0.2036553 0.2496518 0.0895781 -0.2667505 -0.3598951 -0.1039183 0.0601197 0.1463078 -0.3162550 -0.0001586 -0.0677542 0.1076701 0.1892066 0.1485154 -0.0104144 -0.1300448 -0.0352916 0.3141648 -0.0138120 -0.0404818 -0.0596137 -0.0136709 -0.0447507 -0.1056070 -0.1553140 -0.0654423 -0.0500080 0.5489698 -0.2996964 -0.1215574 -0.0149812 0.0044068 0.2198293 0.0868048 0.1909121 0.0338781 0.1799793 0.2440637 0.5661320 0.2317060 0.1407322 0.4083798 0.1031753 0.0433733 -0.2144874 -0.0116988 -0.0419790 0.2299964 -0.0174554 0.1460947 0.1817725 0.0393890 -0.0234576 0.0350588 -0.0697418 -0.0872024 0.0682044 0.2523052 0.0407997 0.0366866 0.0046884 0.2302835 0.2228034 0.1296614 0.0428971 0.1908552 0.1401702 0.3276623 0.0691934 0.2826263 0.0931597 0.1285184 -0.0189831 0.0785475 0.1662599 0.2303212 0.2070851 0.0620174 0.0360458 0.5245304 0.0707110 -0.1099241 -0.5225024 -0.2711403 -0.4869762 -0.6089895 -0.5302720 -0.3363308 -0.3350343 -0.2229066 -0.0923929 -0.1405818 -0.1401392 -0.2056640 -0.3880952 -0.1269044 -0.3076518 -0.3013449 -0.1490341 -0.2064421 -0.2346078 0.0464069 -0.2516381 -0.1258078 0.0602580 0.1961404 0.1829643 0.1452165 0.0059919 -0.2475257 -0.0700366 0.1570387 -0.1713066 0.4236443 0.0433911 -0.0184686 -0.2159584 0.1646044 -0.2549220 -0.0764710 0.2400030 -0.0300613 -0.2893652
-0.1884252 -0.1414465 -0.4204990 -0.1927988 -0.3283879 0.4467954 0.0107793 -0.3901141 0.5747114 0.7155584 -0.1028705 -0.0396656 -0.5710302 0.0000000 0.5235242 -0.4925673 0.6558040 0.5994031 -0.2074721 -0.0932202 0.0117041 0.0521546 -0.3434961 0.6836760 -0.0811489 -0.3784521 0.3791570 0.7341734 0.2570739 0.7798437 0.1696070 0.2028583 0.7730213 0.3794295 -0.3591993 0.4547283 -0.2066925 0.0802774 0.6619565 0.4436933 0.4016842 0.0922858 -0.2406548 0.7539198 -0.5075066 -0.1815956 -0.1786055 0.3440996 0.6145240 0.1659928 -0.2239909 -0.2065737 -0.2210574 0.0938015 0.2978740 0.1142015 -0.1072877 0.1760833 -0.0493744 -0.2673100 -0.4278247 -0.3903088 0.1612322 -0.2802289 -0.5386058 0.0725344 -0.2712779 -0.3130191 0.1494829 -0.2671098 -0.2058943 -0.1524047 -0.2169404 -0.2295799 -0.3022978 -0.1454810 -0.0904783 -0.3422223 -0.1925656 -0.0389122 -0.4391880 0.2894181 0.2905774 0.3910822 0.4697265 0.3040878 -0.1176738 0.4680172 0.4102793 0.4022132 0.0739106 0.2339020 0.2095191 0.4449479 0.0156589 0.2021439 0.2810716 -0.1457588 0.4527142 0.2755546 0.2239979 -0.0181174 0.0986801 0.3290706 0.3408213 0.4549844 0.0690700 0.0696108 0.2355308 0.3653910 0.1404521 -0.0993978 -0.1544323 0.0852042 0.0968455 0.0970341 0.0202835 0.1413154 0.0662083 -0.0304465 0.0887590 0.1044957 -0.0529237 0.0205492 0.2433226 -0.0188434 0.1975619 0.1772806 0.3864150 0.0236189 0.2376506 -0.0526089 0.1317309 -0.2862343 -0.1909392 0.1736615 0.0365916 0.4748854 0.3942413 0.3799146 0.2505956 0.5459912 -0.0995276 0.2028145 0.3857782 0.0731538 0.4940755 0.4881201 0.2956739 0.5179538 0.3703743 0.3045003 0.3768784 0.2394093 0.3195965 0.2442509 0.1047526 0.3042252 0.1172365 0.1031962 0.1166243 0.3922974 -0.1015172 0.0287647 0.0861341 0.3444882 0.2863041 0.3194697 0.2463352 0.2870406 0.1440008 0.0722693 -0.2764519 -0.1280384 -0.2312621 0.0165115 -0.0850074 0.1242290 -0.0014586 -0.1330631 -0.0395640 -0.1763449 -0.0758558 -0.2059875 0.1877566 -0.3144653 0.1287362 -0.1027657 0.0624840 0.3343541 -0.2352572 0.3262570 0.4299460 -0.3146558 -0.1449106 -0.1448348 -0.0543171 0.1768463 -0.3147713 0.0831398 -0.1793248 -0.1302372 -0.3433656 -0.3366039 0.4923474 -0.1140507 0.2421353 0.1002850 -0.3468310 -0.1386436 -0.1174036 -0.2344289 0.2522418 0.0897285 -0.0294318 -0.3722970 -0.2778403 -0.0555646
-0.3336435 0.5683576 -0.4245568 0.3507557 -0.4655029 0.7483729 0.6303932 0.1564061 0.9726062 0.7982401 0.3800843 0.6086922 -0.0849534 0.5235242 0.0000000 -0.0833342 0.5803948 0.5399322 0.3538136 -0.0281852 0.4281059 0.2314201 -0.0706440 0.8704493 0.2554167 0.0048096 0.2487782 0.6112769 0.8629384 0.4518971 0.1833222 0.2519226 0.7342151 0.7967658 -0.0214330 0.7721466 0.0814823 0.2350166 0.5963978 0.6557666 0.2376438 0.7654410 -0.0814426 0.7112577 0.1498174 0.0307410 0.0050739 0.3289484 0.9112623 0.1988277 0.0053371 0.1811490 0.4136572 0.6273001 0.1179546 0.2367429 0.1948749 0.6866661 -0.3650331 0.0871358 0.0564723 0.0870668 -0.0972669 0.3008727 0.0201997 0.2738184 0.2216776 0.2680693 0.0407997 0.3590916 0.2716491 0.1843094 0.3527167 -0.5109955 0.0468306 0.4561079 0.3286939 0.2949980 0.4089646 -0.3083444 -0.6249009 0.5163829 0.7177787 0.5763712 0.5716762 0.3902431 -0.1829578 0.1811031 0.5144672 0.4936724 0.3753979 0.3751186 0.0078814 -0.1317696 0.5214574 0.2668284 0.3310594 -0.2167648 0.5368294 -0.0655937 0.3574809 -0.0294679 0.2650506 0.0366821 0.3512396 0.6104730 0.1851906 0.3078310 0.2600666 0.4432522 0.1976870 0.0412397 -0.1218393 -0.0104922 0.1247721 0.0960866 0.0529009 0.1525567 0.0943825 0.1067378 0.0904989 0.0389097 0.4367967 -0.0616662 0.2896177 0.1665754 0.3886777 0.6356449 0.6950602 0.1997061 0.3698274 0.3156485 0.5483597 0.3267878 0.2544803 0.5108183 0.4703700 0.7941268 0.6785190 0.4233195 0.4809789 0.8116041 0.4777366 0.4840083 0.6676855 0.4793691 0.7765214 0.7605845 0.6079029 0.7929642 0.7167030 0.5851954 0.6861458 0.5425652 0.5298025 0.4606807 0.4112460 0.5911108 0.5008970 0.1527657 0.5284894 0.7286413 0.1738540 0.1261115 0.5243057 0.5817401 0.6351907 0.6774431 0.4469040 0.6441192 0.5364749 0.4773167 -0.0863640 0.0766395 0.3547573 0.0712697 -0.3192269 -0.3932408 -0.0591331 -0.3205777 -0.2512673 -0.2811677 -0.1080749 -0.3058276 -0.2756236 -0.4564511 -0.2784719 -0.5148878 -0.2152050 -0.0395198 -0.2537516 -0.2267147 -0.1931854 -0.3247298 -0.1360687 -0.2285517 -0.1066741 -0.2094063 -0.5959977 0.2596614 -0.4632119 -0.1999230 -0.3724783 -0.3973535 0.4135526 -0.1710655 0.5004469 -0.1389797 -0.2371078 -0.3625751 -0.0074062 -0.5901140 0.2811063 -0.1623774 -0.3249172 -0.3983277 -0.2204317 -0.3909996
-0.1546812 0.5412455 0.0946920 0.8471031 0.0453380 0.2084459 0.3382986 0.8605682 -0.1396727 -0.2529751 0.7014034 0.3513848 0.6083775 -0.4925673 -0.0833342 0.0000000 -0.0649183 -0.5875336 0.7157852 -0.2220421 -0.0011292 0.5528421 0.8745808 -0.2696198 0.7079004 0.8964732 0.2131428 -0.4487039 0.3093321 -0.6419981 0.0333741 0.2860775 -0.3496589 0.2074461 0.8646802 -0.2500306 0.7566543 0.3552679 -0.0917354 -0.1643394 -0.0048587 0.3751763 0.7263194 -0.2844028 0.7015316 0.6316124 0.8129644 -0.0813576 0.0527423 0.5067589 0.8277254 0.6436316 0.6489098 0.3776661 -0.2943263 0.2274764 0.7361322 0.5993531 -0.2855444 0.8644038 0.2034113 0.8792246 -0.4395175 0.7289677 0.2190394 0.4284307 0.8684130 0.8581724 -0.0726266 0.8113501 0.6948581 0.3469726 0.8367298 -0.1747018 0.5319198 0.5875280 0.2305408 0.6317381 0.5700390 -0.0104666 -0.2383688 0.1875683 0.1735159 -0.0055474 0.1036735 -0.1137810 0.0511588 0.0205156 0.0175640 0.1497722 0.1045810 -0.0262997 -0.1937063 -0.4229142 0.0148836 -0.1195411 0.0788581 0.1144968 -0.2424858 -0.2969102 0.0318784 0.1531852 0.3033830 -0.1161135 -0.1268087 -0.2448936 0.0581762 0.2840166 -0.0390119 -0.1084105 -0.0640599 -0.2521162 -0.0329096 -0.0912450 -0.1756804 -0.0100643 -0.0262236 -0.0998523 0.0649208 -0.0953828 -0.0696991 0.0234174 0.3139519 0.0231781 -0.0514419 -0.2399514 0.0499006 0.1681896 -0.0305994 0.3879500 0.1490532 -0.0601087 0.2755052 0.5794014 0.1283907 0.0824924 0.5164078 0.1100177 0.1788732 -0.2665051 -0.1378763 -0.0628894 0.2354636 -0.2200471 0.1067694 0.1766545 0.1027558 0.0776943 0.0499360 -0.0741002 -0.1737827 -0.2026360 0.2133140 -0.0004741 0.0884558 -0.2927216 0.0896467 0.1888321 0.1115678 -0.1547957 0.2514330 0.0185947 0.0926870 -0.0779080 0.3603670 -0.0327659 0.2263015 0.0713039 0.0994259 0.0660851 0.3294557 0.2824481 -0.1702522 0.0163315 0.3301266 -0.1600569 -0.1277319 -0.2977047 -0.2649353 -0.2806991 -0.4060383 -0.1707651 -0.0531990 -0.1685160 -0.5962698 -0.3087898 -0.4513827 -0.4396014 -0.4857931 -0.6427675 -0.1026109 -0.4151681 -0.3438879 -0.0016440 -0.2143067 -0.1779694 -0.1128440 -0.0754475 -0.1838190 -0.1535803 -0.2901440 0.0730194 0.1914134 0.0267365 -0.3750536 -0.4403555 0.2115417 -0.1392799 0.0757114 -0.3512419 -0.1102417 -0.0838438 -0.2285026 -0.3656913 -0.2831455 -0.0161678 -0.0006396 -0.4094166
-0.3357323 0.1196269 -0.6099059 0.1384194 -0.3859582 0.6790902 0.0043332 -0.1758201 0.6828892 0.8680345 0.3578346 0.0451562 -0.3536597 0.6558040 0.5803948 -0.0649183 0.0000000 0.2359691 0.2395513 -0.2148685 0.0034388 0.0986156 0.0057045 0.6520772 0.1111000 -0.0995043 0.4470072 0.4818132 0.3944649 0.4425187 0.0596310 0.1266653 0.6384973 0.3798810 -0.0741371 0.5155616 -0.0033685 0.2412257 0.6726688 0.4224588 0.2197948 0.3882646 0.1751958 0.5792011 -0.2400008 0.0481722 0.0829269 0.2174214 0.6292407 0.3361093 0.0589477 0.3046991 -0.0719614 0.4906455 0.1876023 0.3058527 0.1731353 0.4734755 -0.0937310 0.0700549 -0.1748083 0.0281415 0.0182488 -0.0704945 -0.2676252 0.2710629 0.0723829 0.0419520 0.1914762 -0.0175676 0.0179392 -0.0538908 0.1033331 -0.2885859 -0.0555918 -0.0521192 -0.1354945 -0.0769190 -0.0766403 0.1148006 -0.4412998 0.5669463 0.6039466 0.4686033 0.7177560 0.4957647 0.0293588 0.3927899 0.6241298 0.7415625 0.3706115 0.4609297 0.3145272 0.0941715 0.3339676 0.4380910 0.4075856 0.1187122 0.6316489 0.1564471 0.4910900 0.2716866 0.3306076 0.1526006 0.4731818 0.5346456 0.3769819 0.5266960 0.3910249 0.4652631 0.3991958 0.1378143 -0.1079429 0.2435736 0.2221562 0.3439332 0.2304668 0.2896355 0.3386025 0.2504067 0.2491583 0.2126013 -0.0406790 0.1727810 0.4112278 0.1788910 0.3942590 0.3157644 0.5283138 0.3012388 0.4278325 0.1286092 0.3912448 0.1004917 0.1090510 0.3268255 0.3794659 0.6979220 0.5909163 0.5517697 0.2978170 0.5566722 0.3226490 0.3495813 0.5835301 0.2655814 0.5883824 0.5231049 0.4127418 0.5252517 0.5135571 0.3829150 0.4637233 0.2017559 0.3521928 0.2898220 0.3552536 0.4675937 0.5202925 0.2815829 0.3287203 0.4985477 0.1849799 0.2745254 0.3824191 0.4822638 0.5128927 0.5542332 0.6302826 0.5151706 0.4471450 0.4882207 -0.3295740 -0.0278682 -0.0631080 -0.0543832 -0.1749478 -0.0885257 0.0129624 -0.0393034 -0.0765501 -0.0619210 0.1725815 -0.2464665 0.0089703 -0.2460393 -0.0572846 -0.1960101 -0.1326743 -0.0544086 -0.0198299 0.2782590 0.3155612 -0.0845894 -0.0454257 0.0134382 0.0279240 0.1437051 -0.3344619 0.2761922 -0.4328638 -0.1336586 -0.1316795 -0.1090900 0.5043589 -0.1040677 0.5505696 -0.2346874 -0.4664035 -0.3820757 0.0576417 -0.2650841 0.2182077 -0.2839914 -0.4364284 -0.3902515 -0.1671707 -0.2081264
