0.0000000 0.5997221 0.7023554 0.4622403 0.6467949 0.5798221 0.4840092 0.3832426 0.3494903 0.2722713 0.0336303 0.5436741 0.6311154 0.1768194 0.4168669 -0.2207263 -0.0920360 0.4034024 -0.2909954 0.4401789 0.6301636 0.3896310 -0.2364265 0.5162237 -0.5609775 -0.4375460 0.2138298 0.4581654 0.5343432 0.2746542 0.4033745 -0.2359912 0.3263242 0.4891224 -0.1886102 0.1092466 -0.3161025 0.4386823 -0.1196356 -0.0365765 0.2623539 -0.1019543 -0.2866306 0.0786659 0.5829493 0.0001301 -0.0809210 0.4238011 0.3215181 0.4172538 -0.2473458 -0.2909122 0.6363430 -0.3368082 0.4553299 0.4056962 -0.1239321 -0.3348405 -0.3406353 -0.2394368 0.6843929 -0.4749186 0.1239495 0.4940772 0.7123762 0.2673753 -0.3892349 -0.3593141 0.4740527 -0.1940508 -0.2917253 0.6923557 -0.2176855 0.3612159 0.0849824 0.0743543 0.0889202 0.2483130 0.6596483 0.3722662 0.4576273 0.1242995 -0.1827510 -0.1945946 -0.1197482 -0.0780984 -0.3694738 -0.0300442 0.0054515 0.0073059 0.0952279 0.2334978 0.3863235 0.0830337 0.0219484 0.3566354 0.1714796 0.4458784 0.2035774 -0.0974116 0.1599430 0.0566011 -0.4466599 -0.0427399 0.2071049 0.2787081 -0.0100794 -0.2627325 -0.1327938 0.1974264 0.0208599 -0.1997166 -0.3226776 0.0642213 0.1909290 0.2453960 0.4078300 0.1397501 0.2745383 0.5335273 0.5061539 0.5849390 0.0028539 0.3738359 0.5506668 0.7821087 0.2965221 -0.0475138 0.6242755 -0.1998822 -0.1617083 0.4834689 0.3919183 0.1012667 0.1220254 -0.1954067 0.1642994 0.1241835 -0.0038451 0.6690809 0.3822812 0.3981050 -0.2524717 0.6256462 0.1696513 -0.1697743 -0.0147970 0.0149661 0.2209948 0.4815883 0.3123619 0.4321869 0.1388314 0.3973800 0.1550103 -0.0257150 0.0321272 0.5889504 -0.0217809 0.2469690 0.4757533 0.5418129 -0.2135890 0.2413454 0.4738507 0.5231565 0.3178227 0.2388513 -0.0539474 0.2128205 0.4009276 0.3614545 0.2238434 -0.0709658 0.2733491 -0.1093612 0.4028547 0.0068219 0.3732194 0.0852573 -0.5087799 -0.0253356 -0.3888276 -0.2728206 0.4195304 0.3022139 0.0617717 0.0020481 0.1366439 0.0184956 0.5140203 0.0616743 0.0111169 0.6722228 0.7287767 0.6410876 0.5558904 -0.2652131 0.4576606 0.7279295 0.0662522 0.2414132 -0.0339199 0.3621812 0.5998665 0.5188847 0.5410066 0.2442208 0.1199050 0.3374463 0.2753125 0.4439015 0.3530629 0.6875654 0.7055026 -0.1953068 -0.1599993 -0.1650020
0.5997221 0.0000000 0.7005715 0.5378418 0.4081289 0.5600642 0.6451381 0.6300018 0.2108870 0.0762106 0.1631096 0.6567449 0.5935826 0.1624746 0.3162286 -0.0343007 0.0759940 0.1781515 -0.1610610 0.3933729 0.3862943 0.2333321 -0.0491451 0.2869611 -0.3877160 -0.3395935 0.0786158 0.2853981 0.2587901 0.1280772 0.4651758 -0.0262795 0.2784910 0.3393706 0.0093814 0.2500126 -0.3429154 0.4655179 -0.0083043 -0.0257449 0.3355931 0.1168587 -0.1077404 0.1616379 0.3233634 0.0806624 -0.1907324 0.4097861 0.3665103 0.4072028 -0.1937240 -0.0667600 0.4961588 0.0899882 0.4543492 0.5247418 -0.0257083 -0.0344838 -0.0173315 -0.1911572 0.5428767 -0.2896253 0.3989642 0.3470912 0.6390126 0.3852590 -0.3385932 -0.1567059 0.4560710 -0.1156995 0.0167797 0.6462657 -0.2590417 0.5275375 0.3517958 -0.0252632 0.2503597 0.3830085 0.3066939 0.3576891 0.4298283 0.2208849 -0.0165199 -0.0604740 -0.1949974 -0.0275481 -0.1032853 0.0128801 0.0188012 -0.1759154 -0.0198791 0.0603791 0.2530622 0.0289859 -0.1567317 0.1378187 0.1041775 0.2757484 -0.0304352 0.0249604 0.0409159 -0.0577653 -0.2448404 0.0130214 0.0365410 0.0276819 -0.0784060 -0.0649744 -0.0439503 0.1042145 -0.0628708 -0.1427100 -0.0840194 0.0533476 0.0654520 0.1779875 0.2190886 0.1052257 0.1209735 0.2368430 0.2790325 0.4136170 0.0499375 0.3763250 0.1841463 0.3588841 0.2689326 -0.1292277 0.2361881 0.0788834 -0.0209123 0.1573013 0.3066742 0.1778615 -0.1341526 -0.0928509 0.3154891 -0.1122802 0.1457494 0.2291974 0.2912903 -0.0089939 -0.1702658 0.3852169 0.2280267 -0.0059194 0.2080016 0.2390619 0.1010210 0.1485737 0.0969298 0.3078739 -0.0286191 0.3217933 0.0936517 0.1772386 -0.0033017 0.4156738 0.0216589 -0.0084334 0.3565613 0.1405738 -0.0821133 0.2134003 0.2787016 0.1433327 0.1902849 0.0461997 -0.0903275 -0.0750041 0.1470887 0.0989482 0.2574522 0.3107128 0.6735784 0.4766964 0.4628241 0.2082255 0.2954273 0.1665959 -0.2899663 0.2637215 -0.0195427 0.1115068 0.5541883 0.3643721 0.2081202 -0.0470640 0.3851572 0.3487239 0.2430559 0.4278659 0.2553610 0.3779416 0.3784759 0.2517983 0.1560524 0.0114481 0.3320282 0.2325714 0.1967412 0.2996396 0.1797001 0.5001288 0.6582011 0.5220694 0.2166171 0.3627676 0.4605622 0.4803913 0.2780078 0.3181501 0.4823469 0.7596474 0.4072356 0.1435789 0.1432158 0.1041626
0.7023554 0.7005715 0.0000000 0.3091787 0.8016432 0.2513056 0.2707771 0.5677353 -0.1053085 -0.0651095 -0.0817388 0.3204580 0.8612460 -0.1141633 0.0168789 -0.3085324 -0.1464908 0.0107197 -0.2816132 0.6299377 0.2395274 0.2896174 -0.2628739 0.0816426 -0.3979632 -0.2678562 0.0584658 0.0670075 0.0795964 0.1154154 0.6216491 0.1433817 -0.0270997 0.0451054 -0.1887491 -0.1625340 -0.1877670 0.6439136 -0.0785505 -0.1820244 0.5147213 -0.3225005 -0.2513020 -0.0983490 0.0930724 0.2877642 -0.1404228 0.5943695 0.0503061 0.5649702 -0.2640588 -0.3137725 0.2443717 -0.2239189 0.6314960 0.7463053 -0.1737296 -0.3927068 -0.1387873 -0.2874553 0.4791466 -0.4361364 0.4612779 0.1329929 0.5065743 0.4544119 -0.4225839 -0.4802009 0.4436038 -0.3433202 -0.0119840 0.4644347 -0.5153596 0.3825018 0.2661951 -0.3587436 0.1424281 0.3557927 0.1585009 0.2174068 0.4767358 -0.0915617 -0.3111309 -0.3565787 -0.4169161 -0.2521384 -0.0641380 -0.2457877 -0.1020310 -0.1938835 0.2685138 0.3359335 0.2252500 -0.0677599 0.0401354 0.3764002 0.3173707 0.1868758 -0.0701765 -0.1835496 -0.0354309 -0.2154656 -0.4708589 -0.1958737 0.1874336 0.1427546 -0.1903931 -0.3616464 -0.0165536 -0.0145052 0.1366171 -0.3441639 -0.4783532 -0.1380241 -0.0141851 -0.1467484 0.1320617 0.0608689 0.0329309 0.2354521 0.3326477 0.5264396 0.0166508 0.0793001 0.1997157 0.4768860 0.2745876 -0.1462381 0.2011585 -0.2950756 -0.3612756 0.2128586 0.2043310 -0.0772249 -0.0948788 -0.2576245 -0.0173872 -0.2111865 -0.1775751 0.3000131 0.1818608 -0.0089025 0.0570773 0.3195645 -0.1096426 -0.2636467 -0.2785986 -0.1076128 0.1087087 0.1057346 -0.0351832 0.1212639 -0.3538983 0.3031872 0.0030324 -0.0193446 0.1633682 0.2551507 0.0718053 0.1065221 0.3889385 0.1617576 -0.2652256 0.2998479 0.2363607 0.2802963 0.1503228 0.0744016 0.0053860 0.1192313 0.2858768 0.2148679 0.3116173 0.0661721 0.3074575 -0.0813958 0.2663127 0.0961291 0.2187580 0.0200244 -0.4602163 -0.1765785 -0.4045843 -0.3847882 0.4273297 0.3272030 0.2735311 0.0966666 0.4305504 0.2608931 0.1034094 0.3924032 0.3312639 0.4132409 0.4880464 0.3831772 0.1623596 -0.0908638 0.4368504 0.3804292 0.1798513 0.0920656 -0.0362962 0.2515347 0.7556344 0.4753352 0.2456612 0.3781811 0.3913728 0.4935177 0.1769054 0.2356723 0.6378255 0.6746962 0.4841551 -0.0262419 -0.1067398 -0.1356281
0.4622403 0.5378418 0.3091787 0.0000000 0.2519078 0.6580043 0.3518287 0.5370254 0.4288809 0.4483726 0.1352122 0.5438971 0.2517004 0.1135112 0.3811339 0.0028604 -0.0183000 0.3154764 -0.1324542 0.3468808 0.5630562 0.2357626 -0.0390304 0.4029115 -0.4451330 -0.2328987 -0.0801804 0.2525053 0.4042269 0.0026743 0.3296514 -0.0168911 0.2531963 0.4083011 -0.0859312 0.2995111 -0.1663437 0.2447566 -0.3411860 -0.2901717 0.4714425 0.3089092 -0.2868905 -0.0865956 0.5469137 0.3368035 -0.1223871 0.3385205 0.2487247 0.0254163 -0.2666788 -0.2637599 0.5721148 -0.1194402 0.3651598 0.2878884 0.1682973 0.0062647 0.0564309 -0.2586656 0.6025733 -0.2802070 0.3794235 0.2286044 0.3905920 0.4612941 -0.1847811 -0.1512671 0.4172595 -0.0905997 0.1851369 0.4632999 -0.0115578 0.1579312 0.2188732 0.0857445 -0.0687257 0.1576519 0.4086197 0.1124591 0.1378907 0.2586216 0.3020525 0.2494698 0.0988404 0.3225748 0.0868078 0.2875967 0.4158383 0.3228441 0.0339273 -0.0463778 0.3445072 0.3555777 -0.0699385 -0.0480453 0.1274611 0.2612494 0.2387876 0.1231130 0.4242852 0.0882194 -0.1800768 0.2582775 0.2625581 0.1980923 0.4109391 0.1942022 0.1345852 0.4451208 0.0978769 0.1555516 -0.0898763 -0.0972982 0.0587826 0.3015584 0.3034666 0.1381783 0.2164375 0.2893883 0.4554823 0.5143020 -0.0129146 0.2290133 0.2708645 0.2882018 0.4215548 -0.1485306 0.3449276 0.1567931 0.2585526 0.0977116 0.5931740 -0.0129536 0.3431537 0.1408834 0.4708055 0.0106796 0.3022372 0.1198199 0.5566107 0.0075379 -0.1472420 0.0517054 0.3414387 -0.0901279 0.3980892 0.4406576 0.4116632 0.0679232 0.0108457 0.1837168 0.1569621 0.3442571 0.1508105 -0.3263820 0.0612794 0.4243802 -0.1189683 -0.3425897 0.2571736 0.2512612 -0.3120132 -0.0041019 0.3248575 -0.0335764 0.1815060 0.2154737 -0.0301935 0.1660448 0.2521805 0.3215834 -0.2582314 -0.0165307 0.2141822 0.2006885 0.4087716 -0.1781299 0.1014223 -0.0997532 -0.2831785 0.0220373 -0.0906461 -0.0507613 0.5524932 -0.0137767 -0.0687287 -0.2446013 -0.1032008 0.0214391 0.1004868 -0.1248430 -0.1682815 0.3583915 0.4292538 0.2583233 0.1892612 -0.2895313 0.0249229 0.2195175 -0.1595650 -0.0982789 -0.1101544 0.1111023 0.3599260 0.3489128 0.2256207 0.3090660 0.2472890 -0.0511579 -0.1152658 0.0696288 0.3097926 0.3724316 0.1140080 0.2620618 0.0501969 0.0956488
0.6467949 0.4081289 0.8016432 0.2519078 0.0000000 -0.0139718 -0.0776777 0.2205616 -0.0945738 0.1500031 -0.2075034 0.0245852 0.6887530 0.0039850 -0.0381417 -0.5002071 -0.1664782 -0.0057593 -0.3173414 0.8028280 0.1920889 0.2542970 -0.4316902 0.0745767 -0.2789398 -0.2590294 0.1854616 0.0399829 0.0114636 0.1882583 0.3961441 0.2299642 -0.0685810 0.0408384 -0.3401190 -0.3531165 -0.2421593 0.5738898 -0.0570687 -0.3086204 0.5777004 -0.5159820 -0.3607887 -0.1452959 0.2453187 0.3742368 -0.1080360 0.6926389 -0.0615851 0.3785016 -0.3153303 -0.4875487 0.3041470 -0.5330256 0.5244458 0.5493644 -0.0166441 -0.6230061 -0.4637420 -0.3322321 0.4934836 -0.5968768 0.1912024 0.0856985 0.3822982 0.6498536 -0.4573033 -0.7773300 0.3662195 -0.4996574 -0.1534118 0.3342099 -0.4371084 -0.0078145 -0.0111731 -0.4075980 -0.3336546 0.0375569 0.2780969 -0.0722196 0.1693128 0.1167855 -0.1169849 -0.0678418 -0.0996304 0.1059792 0.0472994 0.1093041 0.2395880 0.2328068 0.4368420 0.5426638 0.4639920 0.3739892 0.2446227 0.4088495 0.5173609 0.4609143 0.3536451 0.2254428 0.3162244 0.1567709 -0.4049080 0.2275249 0.4195868 0.3314914 0.2206317 -0.2973880 0.0994585 0.3519884 0.2713556 0.0092207 -0.6226909 -0.0423238 0.3265152 0.1456871 0.4621646 0.2878851 0.4212171 0.5051147 0.6510830 0.7868412 -0.0132620 0.1573117 0.4680361 0.5820932 0.5282295 0.0576579 0.3587769 -0.4169904 -0.2429683 0.5287197 0.5381728 -0.3650018 0.3179552 -0.1532978 0.1250952 -0.1731250 -0.0090155 0.3984588 0.4535481 0.1481852 0.1002233 0.3152390 -0.1074926 -0.3617972 -0.1000701 0.1989434 0.4887810 0.0823176 0.0545786 0.1434950 -0.2454275 0.4638357 0.3762800 -0.3208424 0.2095585 0.4722183 0.2772163 0.0810906 0.6204982 0.2180535 -0.5211876 0.0992920 0.4947343 0.3781419 0.4301061 0.5207709 0.1744567 0.1373746 0.6219135 0.5232601 0.2960198 -0.3100126 -0.0509651 -0.4561573 0.1382843 -0.0675744 0.0239484 -0.3350641 -0.6141213 -0.4527402 -0.7033582 -0.6268527 0.2115146 0.0157904 -0.0481176 0.0637660 -0.0563675 -0.2974986 0.0878957 -0.1010899 0.1201344 0.4495176 0.6457906 0.3679010 0.1991864 -0.5037846 0.2145844 0.5402729 0.1274555 0.2140175 -0.2713688 -0.0236746 0.8244542 0.0320994 0.3698731 0.4512664 0.3331910 0.1799612 0.0994649 0.0181714 0.3653874 0.4352696 0.5687412 -0.1044060 -0.2545682 -0.0760983
0.5798221 0.5600642 0.2513056 0.6580043 -0.0139718 0.0000000 0.7019068 0.5690814 0.7084773 0.5171028 0.4958725 0.8956488 0.2957349 0.3644859 0.7421407 0.3775389 0.3199303 0.6597046 0.1612477 0.0637776 0.7980746 0.4646554 0.3312364 0.7502979 -0.3121870 -0.0401410 0.1461130 0.6550385 0.8041167 0.3410446 0.3370269 -0.3042293 0.6901908 0.7875671 0.3040934 0.7012056 -0.0408809 0.1801950 0.0586184 0.3124186 0.1131851 0.5063325 0.1244253 0.4285322 0.6953178 0.0329661 0.1068042 0.1042549 0.7424273 0.2253091 0.0858820 0.1669134 0.7776918 0.2306048 0.1348411 0.1537573 0.1191541 0.3255696 0.0315805 0.1065482 0.6099224 0.0501017 0.1321833 0.6877666 0.6622017 -0.0430444 0.1146431 0.3329001 0.3335419 0.3618543 0.0143344 0.6704600 0.2161542 0.5739876 0.1798632 0.5726162 0.4666123 0.3116629 0.5344964 0.5105958 0.2717354 0.3377366 0.2488369 0.1117122 0.1029683 0.0814484 -0.3232437 0.1683839 0.0057993 0.0622593 -0.2462959 -0.2027608 0.2908694 0.0297203 -0.1426479 0.0117605 -0.0997036 0.2205120 0.1208199 -0.2616005 0.2367557 0.0655768 -0.0297296 -0.0550665 0.0311864 0.1526388 0.0497004 0.2116391 -0.0211170 0.1905172 -0.0287394 -0.0113613 0.1604237 0.0928608 0.0161534 0.2434835 0.1278313 0.0129182 -0.0282197 0.1284554 0.0856656 0.1111576 -0.0179800 0.3547077 0.1909377 0.3783948 -0.0217165 -0.1459240 0.3469551 0.2605372 0.1278476 0.0947417 0.1347379 0.3464740 0.0615961 -0.0296025 0.1897605 0.1096193 0.0000924 0.2332575 0.2376824 0.1914209 -0.2331844 0.2684638 0.2865937 0.1170352 0.2095630 0.1049708 0.0829204 0.3976461 0.2135260 0.2253867 0.3258379 0.2536536 0.0209061 0.0145252 0.1047759 0.4066821 -0.0264569 -0.0325566 0.1717658 0.4512043 0.0754189 0.1684960 0.2794385 0.1358535 0.1329616 -0.0362759 -0.0004824 0.2063798 0.0878812 0.1897383 -0.1419522 0.2481103 0.4172502 0.4090733 0.6115464 0.1249954 0.5007172 0.3424438 -0.0744974 0.4111230 0.1527797 0.2545067 0.4607322 0.3372966 0.1010888 -0.0347231 0.2811597 0.3751098 0.3782441 0.1345048 -0.0742991 0.4220188 0.3643104 0.4093513 0.3692884 0.0239835 0.2432355 0.2907733 0.0796962 0.1390319 0.2799873 0.4445358 0.1009273 0.5270507 0.2383495 0.0639366 0.2063460 0.2008686 0.2862146 0.4209346 0.1211917 0.4497612 0.2252809 0.0915262 0.1224307 0.0309983
0.4840092 0.6451381 0.2707771 0.3518287 -0.0776777 0.7019068 0.0000000 0.4650217 0.6214741 0.2532515 0.5422792 0.8516434 0.3167475 0.3869713 0.7304383 0.4076094 0.3296131 0.5565506 0.1367068 -0.0776854 0.5286825 0.3238835 0.3889494 0.6523990 -0.1784764 -0.1466253 0.2576621 0.6884058 0.6518952 0.4530685 0.3187323 -0.3889651 0.6744309 0.6359525 0.3775801 0.6864680 -0.1506414 0.2046071 0.3069991 0.4714455 -0.2200735 0.5955389 0.2832742 0.5274026 0.4298061 -0.1693860 0.1129022 -0.2041301 0.6863951 0.2153770 0.2174906 0.4137509 0.4779994 0.5316861 -0.0258302 0.1047690 -0.0347760 0.5027643 0.2301014 0.2308692 0.3792303 0.2330012 -0.0166589 0.6383319 0.5896464 -0.2193158 0.1225189 0.4397033 0.2883893 0.4500376 0.0213034 0.5144942 0.1101682 0.6434427 0.3021285 0.4775012 0.6167255 0.3688103 0.3411286 0.5622938 0.3469158 0.2346420 0.0418318 -0.0006030 -0.0795513 -0.0675023 -0.4041442 -0.0534739 -0.1526126 -0.2125906 -0.2089460 -0.0918102 0.1229596 -0.2188530 -0.0765807 0.2201166 0.0725422 0.2525600 -0.0529810 -0.2453542 -0.0851620 0.0275045 0.0072505 -0.0764957 -0.0459917 0.2384377 -0.2034027 0.1659233 -0.0991467 -0.0621542 -0.0304205 -0.0721220 0.3815743 0.4053825 -0.0835789 0.2233389 0.0589207 -0.0434505 -0.0501536 0.1250597 0.0603798 0.0665451 0.1560279 0.5951178 0.2706592 0.3614267 0.0830990 -0.0415010 0.3377291 0.3217085 0.2020696 0.1700981 0.0604778 0.4948568 -0.2876539 -0.0146652 0.2569433 0.2208692 0.1325155 0.4177928 0.0815467 0.2727004 -0.0994025 0.4422853 0.4183917 0.3334906 0.2064457 0.0526348 -0.0533725 0.6489220 0.4072872 0.4262613 0.2788128 0.2759171 0.0271747 0.4822311 -0.0064178 0.3706001 0.0210335 0.2782479 0.2392558 0.4808395 0.4191747 0.2841623 0.2515973 0.3575948 0.2164633 -0.1618176 -0.1188935 0.1194927 0.0332217 0.0243122 0.3380319 0.7111495 0.8405342 0.6683848 0.4534637 0.5052146 0.5123818 0.5567215 0.1824905 0.6671086 0.4696851 0.5908030 0.4693815 0.4818285 0.2694538 0.1301288 0.4619550 0.5254172 0.4916532 0.4395756 0.2010554 0.3025012 0.2028483 0.3367938 0.2898457 0.2954518 0.4354205 0.2745631 0.1545489 0.2495525 0.4216703 0.5426983 0.1600672 0.6124189 0.2740533 0.0450369 0.1561693 0.6246944 0.5903029 0.5131308 0.3144806 0.6157449 0.2993977 0.0877247 0.4059454 0.2151459
0.3832426 0.6300018 0.5677353 0.5370254 0.2205616 0.5690814 0.4650217 0.0000000 0.0945313 -0.0454461 0.3807967 0.6426619 0.7362900 -0.1239021 0.1899901 0.2295236 0.0767170 0.0286565 0.2164453 0.1775034 0.5089712 0.1061921 0.1489951 0.1986351 -0.2857113 -0.1433344 -0.0684554 0.1401251 0.3175227 0.1236479 0.4704833 -0.1996269 0.1946593 0.2606888 0.1748152 0.3903367 -0.1533131 0.3723683 0.0270340 0.0764484 0.1741400 0.2198071 0.0182237 0.1044128 0.2863113 0.1747190 0.0909458 0.1783039 0.3838889 0.4115650 0.0533012 0.0379193 0.4395444 0.1674256 0.3143837 0.4220240 0.0407574 0.1537266 0.2144845 0.0558180 0.6386222 0.0488498 0.2566281 0.4400736 0.6979138 0.0502990 0.0457950 0.1168359 0.4326130 0.1494367 -0.0055306 0.7004293 -0.1734192 0.7207674 0.4092315 0.1045633 0.5935307 0.5772997 0.2684308 0.5843350 0.6475752 0.0723468 0.0164901 -0.1139331 -0.0858232 -0.1957277 -0.3451311 -0.0206007 0.0282873 -0.0125162 -0.1005995 0.0739983 0.1244500 -0.0483176 0.1248904 0.2528169 0.3188028 0.0693711 -0.0762039 -0.2355494 0.0875078 -0.3049069 -0.2670178 -0.1285673 0.2044424 0.1203104 -0.1741475 0.0550922 0.0101739 -0.0157706 0.1086167 -0.3129041 0.0202385 0.0299644 -0.2146404 -0.1432220 -0.1771197 -0.2653710 -0.2507141 -0.0799804 -0.0024765 0.1842461 0.2503769 0.2545887 -0.0106878 0.3622288 0.1010616 0.0574960 0.2381623 0.1935056 -0.0124291 0.0936941 0.1358112 0.4457926 -0.1141138 0.1436430 0.1358312 -0.0688659 -0.2240524 0.2139096 0.3149524 0.1104733 0.1233843 0.3057744 0.1227651 -0.0227240 -0.0181822 -0.0093938 0.1929434 0.2748861 0.2216064 0.3498678 -0.1186618 0.3289355 -0.0597199 0.1412170 0.2279469 0.2646328 0.1461957 0.0023372 0.1880865 0.3164394 0.0702868 0.3418916 0.2380747 0.1677105 0.2263468 0.0302907 0.2327622 0.3866377 0.2023431 0.3081355 0.2298086 0.2528584 0.3967780 0.4353691 0.6480090 0.2666460 0.5634382 0.4694495 -0.0449500 0.3989759 0.1175056 0.1573691 0.8047006 0.6277330 0.5557439 0.1019930 0.5683256 0.5295749 0.1899231 0.4237206 -0.0484517 0.5283808 0.4266968 0.5562599 0.3270288 -0.0132233 0.4414078 0.2952632 -0.2395970 0.1426426 0.1652040 0.5821929 0.3262024 0.5536316 0.2512136 0.2080400 0.0707401 0.2374061 0.0951325 0.5281929 0.4342757 0.6364990 0.2544607 0.1840227 -0.2239224 -0.1993118
0.3494903 0.2108870 -0.1053085 0.4288809 -0.0945738 0.7084773 0.6214741 0.0945313 0.0000000 0.8546551 0.5880876 0.7086946 -0.0746296 0.8206412 0.9664077 0.5765177 0.6590083 0.9275629 0.3402946 0.0640698 0.6703451 0.4699439 0.6050536 0.8917102 0.0512284 0.2912603 0.5518444 0.8863383 0.8032923 0.7088249 0.1354314 -0.1999153 0.8871821 0.8659440 0.5602290 0.6645523 0.2322442 0.0724049 0.4610635 0.5841473 -0.0413073 0.5439274 0.4525659 0.7496754 0.7061800 0.1154223 0.4813851 -0.0522950 0.8117369 0.0192805 0.4608836 0.5049774 0.6756897 0.4179926 -0.2410441 -0.1814043 0.4454209 0.5573347 -0.1106273 0.4866931 0.4281599 0.3853172 -0.3804901 0.7408794 0.4256789 -0.1086032 0.4467971 0.4518223 0.1717642 0.6364874 0.0104985 0.3625063 0.6063727 0.3656089 -0.0810943 0.6852783 0.1904032 0.0022014 0.4438791 0.3062595 -0.1689149 0.5117145 0.4663233 0.4689356 0.4372617 0.4991743 -0.0859188 0.3485574 0.2547567 0.3760517 0.0446350 0.1091667 0.4880525 0.1757122 0.2113847 0.1575959 0.0392598 0.5238231 0.5044447 -0.1680632 0.3970164 0.6128426 0.3602398 0.1727680 0.0860563 0.5443384 0.4507677 0.5348612 0.2289956 0.4939232 0.3002933 0.5147964 0.3434860 0.4405650 0.3340505 0.6182852 0.4745931 0.3139338 0.3763072 0.4051789 0.3319143 0.2470367 0.0512001 0.5256076 0.5448026 0.3832281 0.2027275 0.0612774 0.4824042 0.2148939 0.3684633 0.2785595 0.2690512 0.1351759 0.1650936 0.1430987 0.2598494 0.2995595 0.1755102 0.3343492 0.2792433 0.4265556 -0.0601913 0.1842344 0.4733643 0.2430178 0.3905756 0.2711176 0.2252429 0.5942166 0.4295707 0.2431844 0.5404295 0.3235773 0.2263951 -0.0468589 0.2552231 0.4075239 0.3037897 0.0837966 0.3132224 0.6254216 0.1201522 0.0006994 0.3775250 0.2298231 0.4100356 0.1976613 0.2114911 0.3500087 0.2582787 0.3176038 -0.1315142 0.2764787 0.2442361 0.1771486 0.4677731 0.2631585 0.3784155 0.1589781 -0.0459029 0.3434402 0.1812582 0.2989216 0.1163452 0.1566204 -0.1287412 0.1376946 -0.0478527 -0.0423520 0.4663968 -0.2090859 -0.0741051 0.2505369 0.3101410 0.2987455 0.3357439 -0.0031430 0.1660802 0.3673148 0.1992679 0.1624960 0.2642524 0.1552172 -0.0391148 0.0756223 0.3058726 0.0343995 0.1069834 0.1108037 0.4552150 0.2586152 -0.2006232 0.0811528 0.1204744 0.0214862 0.3745632 0.4434361
0.2722713 0.0762106 -0.0651095 0.4483726 0.1500031 0.5171028 0.2532515 -0.0454461 0.8546551 0.0000000 0.5049707 0.4233652 -0.0752792 0.7902580 0.7702034 0.4256488 0.6390638 0.7864089 0.3469716 0.3086025 0.4936511 0.6363911 0.4837686 0.7061840 0.2308692 0.4292814 0.6260493 0.7116796 0.5846310 0.6801669 0.1838809 0.1276407 0.6819735 0.6851684 0.4443812 0.3951105 0.3280120 0.2167366 0.4116400 0.3451755 0.2795390 0.3459452 0.3239706 0.5870050 0.6614963 0.4188227 0.4441231 0.1966004 0.5972969 -0.0177451 0.3499174 0.2981774 0.6001448 0.1598765 -0.1026795 -0.0771907 0.5551884 0.3118017 -0.2458497 0.3735697 0.3822720 0.1928473 -0.2754834 0.5446036 0.2621108 0.2478790 0.3864347 0.1286810 0.2277697 0.4150914 0.1392934 0.1954005 0.5442243 0.0592974 -0.1044084 0.4264233 -0.1744749 -0.1219954 0.3286224 -0.0568428 -0.4248160 0.5992315 0.5189500 0.5850870 0.4918852 0.6749031 0.1467340 0.5027124 0.4222937 0.5914875 0.2002914 0.2613762 0.6902442 0.4685072 0.2514034 0.0955394 0.1580317 0.6125256 0.7366255 0.0767372 0.6309840 0.7450465 0.3168059 0.4067155 0.1769670 0.5824447 0.6894266 0.5323738 0.3001455 0.7156287 0.3992698 0.6942818 0.0873011 0.2930777 0.4745393 0.6395201 0.6007739 0.4201950 0.5168028 0.4550650 0.4914748 0.4283001 -0.0322952 0.3292597 0.5379352 0.3651615 0.3556886 0.0326875 0.3646493 0.0508212 0.2619361 0.3159847 0.4570506 -0.2510618 0.4883506 0.1529560 0.1973579 0.0499299 0.1673232 0.1760607 0.4349265 0.2321277 0.0047036 -0.0369868 0.2547383 0.0750114 0.3158878 0.3777657 0.4155113 0.3233021 0.2607173 -0.0008691 0.3630751 0.3896702 0.3687925 -0.3669982 0.3121935 0.4374118 0.3751167 -0.0724286 0.4205799 0.4255072 -0.1853522 -0.1576512 0.4292195 0.1591236 0.4563220 0.3917334 0.2526955 0.2273962 0.3925336 0.4176911 -0.2527893 -0.0536593 -0.0325081 -0.1288930 0.2589864 -0.0519667 0.0632857 -0.2425563 -0.2941894 -0.0038336 -0.0599217 0.0357658 -0.0774151 -0.1767703 -0.4250102 -0.0161441 -0.3458388 -0.3712439 0.2113568 -0.5093195 -0.1528347 0.1583743 0.3559735 0.1355927 0.1107174 -0.3316672 -0.0960845 0.3133363 0.3263390 0.1597693 0.0417374 -0.1931480 0.0697326 -0.2302656 0.1478121 0.1262605 0.3149549 -0.0879282 0.2392892 -0.1015105 -0.3636228 -0.1592128 0.0535277 0.0057892 0.2344461 0.3726515
0.0336303 0.1631096 -0.0817388 0.1352122 -0.2075034 0.4958725 0.5422792 0.3807967 0.5880876 0.5049707 0.0000000 0.6008744 0.1452554 0.5270309 0.5938167 0.8184139 0.7694028 0.4285531 0.7197631 -0.1229175 0.3433999 0.4647181 0.7837139 0.4832755 0.4326067 0.4677348 0.5020937 0.6308195 0.4679624 0.6802830 0.1850819 -0.1773907 0.6505428 0.4982716 0.8190019 0.6996987 0.2790209 0.2242662 0.7204202 0.6678178 -0.1592170 0.6444461 0.7092533 0.7261351 0.3613111 0.1593088 0.5797067 -0.2617209 0.6949731 0.0356774 0.6714695 0.7106054 0.3592486 0.6526026 -0.3134094 -0.1532163 0.3995474 0.7352473 0.1771629 0.6552829 0.2251738 0.5969128 -0.3326474 0.6621057 0.3805969 -0.2273757 0.6569631 0.5691722 0.1772066 0.7419199 0.0628048 0.2395253 0.3747747 0.5143130 0.2924367 0.4528483 0.4878653 0.1873226 0.0567520 0.2571927 -0.1182130 0.4319780 0.2627805 0.3582662 0.3261895 0.1449314 -0.3710160 0.2284457 -0.0194458 0.1905357 -0.2164532 0.0098071 0.3264108 0.0766502 0.1542038 0.0785083 0.2333902 0.2876224 0.3486076 -0.1689092 0.2408213 0.2073831 0.1729056 0.1912209 0.0244849 0.3229692 0.0710082 0.5303115 0.0033215 0.1749657 0.1615894 0.2841722 0.4805950 0.4970627 0.0136761 0.2667956 -0.0178332 -0.1296785 -0.0875474 -0.1165513 -0.0848098 -0.0474285 0.1140461 0.3937056 0.1798655 0.2337287 0.1010797 0.0710907 0.1272957 0.4694951 0.2746693 0.0658739 0.0892934 0.3177756 0.0628053 0.3120278 0.0778083 -0.1771730 -0.1989051 0.1187419 0.3197034 0.1444338 0.1049320 0.0173772 0.0914506 0.4173383 0.0593998 0.1371892 0.2693538 0.5262660 0.4167308 0.0925981 0.1406811 0.5174066 0.2848035 0.1253136 0.2059623 0.3639983 0.4718746 0.0364662 0.3823662 0.3857931 0.3485689 0.0010446 0.3509949 0.2171664 0.4250313 0.1356109 0.3465616 0.2600807 0.2760843 0.3013090 0.1432080 0.3536624 0.3639564 0.4750730 0.3711023 0.3541190 0.3389089 0.3093741 0.1835788 0.5603829 0.5421194 0.6121880 0.1310862 0.2912178 0.0512728 0.1807300 0.2483728 0.2187214 0.0605909 0.0797508 -0.0767074 0.0912021 0.0949728 0.1634331 0.0072708 -0.0236344 0.0861466 0.1262190 0.1843249 0.2750549 0.2787089 0.1221552 -0.2093266 -0.0810624 -0.1140746 -0.2727370 0.0636249 0.1649550 0.3299673 0.1776974 -0.3231852 -0.0395113 -0.0905795 -0.1060618 0.1128837 -0.0484315
0.5436741 0.6567449 0.3204580 0.5438971 0.0245852 0.8956488 0.8516434 0.6426619 0.7086946 0.4233652 0.6008744 0.0000000 0.3712922 0.4547324 0.7966218 0.4402932 0.4327379 0.6280523 0.2106213 0.0601735 0.8080269 0.3033152 0.4138858 0.7862020 -0.2940477 -0.0695562 0.2713259 0.7402714 0.8105638 0.5177817 0.2531649 -0.4252135 0.7975185 0.8161037 0.4209334 0.8056451 -0.1475510 0.1708402 0.3068489 0.4983008 -0.0516452 0.5304498 0.3100486 0.6105480 0.6687113 -0.0654232 0.2135437 -0.0113970 0.8469887 0.1786494 0.2410391 0.3598630 0.7606579 0.4355498 -0.0721839 0.0544567 0.1204943 0.4571533 -0.0010772 0.2276249 0.6372757 0.2032391 -0.0491034 0.7886359 0.7423765 -0.1551542 0.1566208 0.4100785 0.2936674 0.4646699 -0.1393698 0.7002040 0.1610623 0.7479553 0.1649421 0.5683492 0.5885311 0.3111123 0.5181581 0.6680801 0.3763253 0.3580332 0.2290604 0.1190978 0.1026597 0.0508477 -0.3784861 0.1600260 -0.0228324 0.0199584 -0.2222386 -0.1062774 0.2819843 -0.0144840 -0.0369420 0.1561467 0.0544535 0.2984703 0.0988126 -0.2884327 0.1642618 0.0700082 -0.0348006 -0.0139849 0.1272512 0.2437653 -0.0309143 0.1998136 0.0016329 0.1353966 0.0691718 -0.0297737 0.1838690 0.2294264 -0.0220142 0.2343205 0.1082579 -0.0471468 -0.0345869 0.1087646 0.0906771 0.1802119 0.0713810 0.5029151 0.2599673 0.4688132 0.0724640 -0.0116661 0.4337014 0.3098048 0.1996435 0.1878591 0.1730776 0.4799743 -0.0678642 0.0284331 0.3102497 0.1216491 0.0257658 0.3521529 0.2767596 0.3225073 -0.1447146 0.4170502 0.3445596 0.1632993 0.2789550 0.2146003 0.1956021 0.6069129 0.3641199 0.3696973 0.2943208 0.4117081 0.1750207 0.1630502 0.1544379 0.5082651 0.1804556 0.0301755 0.3823017 0.5934467 0.1668668 0.1727363 0.4349306 0.2799803 0.3362586 0.0892523 0.1655897 0.3312678 0.2712639 0.3300769 0.1285464 0.4852326 0.5643491 0.5313430 0.7519026 0.4845663 0.6776242 0.5197969 0.0647578 0.5876233 0.2181949 0.3488414 0.5829825 0.5752839 0.3500723 0.2553595 0.4778165 0.4807049 0.3955772 0.3537222 0.0711367 0.4975416 0.4147567 0.5086493 0.4297619 0.1112941 0.4435532 0.3808510 0.0121447 0.2103232 0.3273655 0.5481551 0.1683689 0.4940090 0.3202490 0.0235838 0.1112837 0.3850535 0.4763769 0.5532609 0.2293837 0.5709908 0.2949679 0.0007694 0.1974964 0.1336438
0.6311154 0.5935826 0.8612460 0.2517004 0.6887530 0.2957349 0.3167475 0.7362900 -0.0746296 -0.0752792 0.1452554 0.3712922 0.0000000 -0.1585815 0.0519463 -0.1384801 -0.0927523 0.0008515 0.0078098 0.4571311 0.3038661 0.2937131 -0.1470606 0.1336879 -0.2403318 -0.1979623 0.0589375 0.1311805 0.1976752 0.2280876 0.5690702 -0.0511637 0.0716261 0.1454461 -0.0692559 -0.0317960 -0.1798795 0.6234738 0.0582457 -0.0488714 0.2641715 -0.2523108 -0.1708389 0.0132836 0.1900658 0.2461722 -0.0096483 0.3708533 0.1972899 0.6286374 -0.1031312 -0.1997952 0.3397107 -0.1772659 0.5475327 0.6434608 -0.1516535 -0.2581251 -0.1103191 -0.0848509 0.5311318 -0.2332962 0.2346544 0.3605844 0.6683561 0.2380647 -0.1953214 -0.2921779 0.5253195 -0.1311851 -0.0450642 0.6253194 -0.3590325 0.5206167 0.3792847 -0.1044043 0.3703143 0.5214872 0.2687977 0.3784957 0.5957965 0.0459260 -0.1764160 -0.2526387 -0.2024325 -0.2280793 -0.3452602 -0.0813160 -0.0114005 -0.0131803 0.1585452 0.4091538 0.2034145 0.0202278 0.2636353 0.5550640 0.5272825 0.2522294 0.0691095 -0.0821933 0.1054389 -0.1999590 -0.3875670 -0.0585053 0.3100743 0.2988410 -0.1981122 -0.1886587 0.0270243 -0.0395307 0.2223007 -0.3323526 -0.2166114 0.1398316 -0.0218749 -0.0869083 0.0279060 -0.0688000 -0.0284946 0.1973567 0.2716322 0.4248464 0.1700594 0.3095893 0.2390562 0.5507793 0.2669399 0.0636815 0.3172837 -0.1313426 -0.2579116 0.3628516 0.2289304 0.1779791 0.0039240 -0.0494258 0.0168018 -0.0780669 -0.2120056 0.3907066 0.2772008 0.1906548 0.1174143 0.4390238 -0.0225527 -0.0924731 -0.2148733 -0.1185236 0.1828631 0.3109505 0.2311644 0.3339379 -0.2003705 0.3881489 0.0101967 0.1262218 0.2003422 0.3566393 0.2209803 0.2484571 0.3423547 0.3016498 -0.0285056 0.3824356 0.3218693 0.4604255 0.3439772 0.1310112 0.1244168 0.2121066 0.3358817 0.3324592 0.5276572 0.1048411 0.3466360 0.0339057 0.3355890 0.1962693 0.3598260 0.1775927 -0.3004296 0.0015176 -0.2701421 -0.1727973 0.5117263 0.4611107 0.3151479 0.0951933 0.4623600 0.2895816 0.2868434 0.3320202 0.1315840 0.5279758 0.5508073 0.5621703 0.3222447 -0.1177031 0.4667568 0.4899615 -0.0036249 0.3893672 0.1991072 0.5039821 0.6011540 0.4813082 0.3527771 0.3312135 0.1983062 0.4105202 0.3428471 0.4037875 0.4670712 0.6948481 0.5075592 -0.0074265 -0.2802746 -0.2239983
0.1768194 0.1624746 -0.1141633 0.1135112 0.0039850 0.3644859 0.3869713 -0.1239021 0.8206412 0.7902580 0.5270309 0.4547324 -0.1585815 0.0000000 0.7661874 0.5957002 0.8452279 0.7787951 0.4580380 0.1576791 0.3770767 0.4315934 0.6513943 0.6355391 0.3122125 0.4826473 0.8120237 0.7398828 0.4401497 0.7981538 0.0618790 0.1009148 0.7078420 0.6149631 0.6669303 0.4232682 0.3564275 0.2203880 0.7032637 0.6689862 0.0651740 0.2811830 0.6432494 0.8204776 0.4677394 0.1960532 0.6451951 0.1443106 0.6525711 0.1087535 0.6467999 0.6445694 0.4709947 0.4529163 -0.2804109 -0.1637110 0.6665509 0.4979985 -0.2933902 0.6529119 0.2593611 0.4365098 -0.5247915 0.6427540 0.2898507 0.0097818 0.5036726 0.3434309 0.1720200 0.6077750 -0.0709115 0.2231593 0.6688182 0.3344331 -0.1398889 0.5036741 0.0154613 -0.0932740 0.3186667 0.2161919 -0.2981727 0.4633130 0.3183284 0.4491756 0.4356751 0.4984432 0.0665659 0.2679604 0.2007971 0.3033807 0.1233077 0.2663199 0.4943085 0.1540862 0.2938192 0.1167453 -0.0560102 0.5303129 0.6018558 -0.0552311 0.3005012 0.7283628 0.3783474 0.1894127 -0.1171355 0.4775204 0.4453149 0.4247687 0.1252747 0.4775401 0.2776100 0.5634683 0.2236998 0.4112811 0.4055789 0.6692988 0.5179346 0.3156394 0.4864662 0.3879940 0.2851923 0.2733764 0.0374663 0.4260323 0.5011434 0.3344871 0.3205720 0.1225087 0.3469820 0.1492447 0.3151078 0.2520265 0.2684899 0.0361680 0.0747305 0.1893984 0.2290657 0.1642735 0.1290022 0.3122567 0.2413009 0.4239264 -0.0323811 0.1939231 0.3953797 0.2542133 0.3462965 0.2969333 0.2374747 0.4698668 0.4227099 0.1888474 0.4278446 0.3295996 0.3310071 -0.0098007 0.2153902 0.3426962 0.5461880 0.1168958 0.4310298 0.4636778 0.0404062 -0.1207930 0.3282119 0.1618405 0.5016546 0.3729285 0.4186614 0.2484381 0.3267327 0.3085650 -0.1329064 0.1514546 0.1128365 0.0609273 0.3611244 0.3044465 0.2548958 -0.0022898 -0.1776848 0.2309380 0.0755248 0.1886968 -0.1356765 0.1460042 -0.1304898 0.3311515 -0.0440824 -0.2364686 0.3505492 -0.1774984 0.0713982 0.1339058 0.2256943 0.1514874 0.2502272 -0.0244534 0.1976907 0.3495138 0.4619727 0.3185610 0.1297150 0.0144763 0.0567168 -0.2331011 0.2612129 0.0112049 0.1590063 0.1170074 0.4346533 0.1569413 -0.3676672 -0.0718348 0.1421995 -0.1252541 0.3780805 0.5648658
0.4168669 0.3162286 0.0168789 0.3811339 -0.0381417 0.7421407 0.7304383 0.1899901 0.9664077 0.7702034 0.5938167 0.7966218 0.0519463 0.7661874 0.0000000 0.5283704 0.6188935 0.9067411 0.2912892 0.0610591 0.7338238 0.4496329 0.5706401 0.9351307 -0.0179234 0.1837847 0.5413622 0.9242020 0.8750504 0.7440095 0.1645633 -0.2986415 0.9391635 0.9165282 0.5240497 0.7468537 0.0938830 0.0600134 0.5009733 0.6399660 -0.1032494 0.5700949 0.4324591 0.7955847 0.7366374 0.0110244 0.4004576 -0.0847824 0.8969357 0.0623155 0.4154596 0.4937866 0.7249369 0.4591823 -0.2608941 -0.1499882 0.3118116 0.5436347 -0.0793983 0.4412315 0.5051488 0.3579916 -0.3485904 0.8022900 0.5412289 -0.1715996 0.3785950 0.4557657 0.1400258 0.6221814 -0.0597530 0.4461740 0.4726920 0.4565624 -0.1088835 0.6915635 0.3161144 0.0698134 0.4640203 0.4183897 -0.0268015 0.5226194 0.4246118 0.3757387 0.3399960 0.3961193 -0.1900293 0.3181954 0.1646996 0.2790413 -0.0097289 0.1025118 0.4973297 0.1194682 0.1710922 0.2197850 0.1226947 0.5335024 0.3996788 -0.2072943 0.3370674 0.5388554 0.3055553 0.1295095 0.1199041 0.5213726 0.3144802 0.4460860 0.1902843 0.4268327 0.2745395 0.4047338 0.2796364 0.4250726 0.2892890 0.4992238 0.4094005 0.2570088 0.2878608 0.3570099 0.2824253 0.2223359 0.0910712 0.5642308 0.4941329 0.4495525 0.1197890 0.0946259 0.4821562 0.1618600 0.2757935 0.3631421 0.1979029 0.1867841 0.0736794 0.0348745 0.2207415 0.2928954 0.1259525 0.3957000 0.2140961 0.4305859 0.0059785 0.2997397 0.4289210 0.1793522 0.3313771 0.2222754 0.2013047 0.6581802 0.4511352 0.2880637 0.4686415 0.3141593 0.2352941 0.0594759 0.2923129 0.4368641 0.2967793 0.1818895 0.3528694 0.6607689 0.1596252 0.0973124 0.4160976 0.3260433 0.4153914 0.1552366 0.1758791 0.3575793 0.2779443 0.3255100 0.0384327 0.4053072 0.3700760 0.2479004 0.5504524 0.3923245 0.5166277 0.3249858 0.0253328 0.4664483 0.2083641 0.3462869 0.2454476 0.2872950 0.0178885 0.2020064 0.0805749 0.0870713 0.5147138 -0.0840202 -0.0252038 0.3501046 0.3672469 0.3881374 0.3722856 0.0211698 0.2691371 0.4088941 0.1884001 0.2055967 0.3008058 0.2653863 0.0571683 0.1930851 0.3511787 0.0822354 0.1685607 0.2643899 0.5453833 0.3657424 -0.0632797 0.2469460 0.2384847 0.0428802 0.3878496 0.4268813
-0.2207263 -0.0343007 -0.3085324 0.0028604 -0.5002071 0.3775389 0.4076094 0.2295236 0.5765177 0.4256488 0.8184139 0.4402932 -0.1384801 0.5957002 0.5283704 0.0000000 0.8640567 0.5034638 0.8492678 -0.2819716 0.1822017 0.3578652 0.9705263 0.3179995 0.5557491 0.7076295 0.5114454 0.4580127 0.2874709 0.5860367 0.2012143 0.0378291 0.4983194 0.3263517 0.9494796 0.5950389 0.5992599 0.1704994 0.7058839 0.7848378 -0.1376737 0.6303966 0.8742476 0.7095261 0.0961669 0.2281146 0.7913928 -0.2246986 0.5680454 0.1712858 0.8883941 0.9108782 0.1221271 0.8221661 -0.3083543 -0.1338555 0.6134256 0.8869418 0.3592865 0.8878185 0.0233741 0.8489245 -0.3591177 0.5126501 0.1484695 -0.3665031 0.9071583 0.8156006 0.1447085 0.9269136 0.2241277 0.0804726 0.7031105 0.5273629 0.2589634 0.5553412 0.5499327 0.2771194 -0.0491758 0.3203128 -0.1556902 0.2407284 0.2542481 0.3346685 0.3584669 0.1482431 -0.1201451 0.0141380 -0.0190019 0.0840502 -0.1352799 -0.0245163 0.0606999 -0.2108221 0.2782235 0.0328604 -0.1073904 0.0153887 0.2308231 -0.4047901 0.0507566 0.2418731 0.4678640 -0.1374796 -0.2895206 0.2767429 0.0623627 0.6093800 0.0422710 0.0573907 0.1859115 0.2591021 0.6333674 0.4223213 -0.0747920 0.2286417 -0.1226531 -0.1556073 -0.1404581 -0.2073309 -0.2835307 -0.2915249 0.2732577 0.2654893 0.0208313 -0.0285907 0.0014157 0.1461571 0.0003338 0.5412824 0.3954757 -0.1601686 -0.1736363 0.4224931 -0.2176496 0.4441664 0.0065083 0.1123180 -0.1804150 0.0346071 0.0184925 0.2080637 0.2362180 -0.0937980 0.3116835 0.5466265 0.0820110 -0.0865428 -0.0623781 0.3975283 0.3935846 0.0996409 0.2918891 0.1895916 -0.0459974 0.2920625 0.3063946 -0.0499135 0.4497582 0.1592631 -0.0012501 0.3275194 0.5322886 0.1557162 -0.0235909 -0.0150562 0.2162762 -0.1024712 0.4362232 0.3750827 -0.0638667 0.0474569 -0.1782585 0.3998488 0.2338622 0.4621601 0.2981729 0.2935693 0.3063841 0.3740862 0.2838642 0.5648153 0.6597262 0.6375164 0.0087776 0.2972061 0.1656598 0.2205848 0.3115676 0.2845999 0.1241424 0.1013036 -0.0928442 -0.1189672 -0.1721621 0.0508105 0.0330892 0.2587568 0.1025123 -0.0243132 0.2587865 0.0873741 0.3038473 0.0980681 -0.4234015 -0.0412942 -0.0694611 -0.3011413 -0.0543595 0.0157136 0.2320251 0.2190715 -0.3617511 -0.2165657 -0.2703090 0.1003427 0.2869457 0.2154520
-0.0920360 0.0759940 -0.1464908 -0.0183000 -0.1664782 0.3199303 0.3296131 0.0767170 0.6590083 0.6390638 0.7694028 0.4327379 -0.0927523 0.8452279 0.6188935 0.8640567 0.0000000 0.6185062 0.7642261 0.0459040 0.2216132 0.4597120 0.9058318 0.4314483 0.5783483 0.7488384 0.7399979 0.5841743 0.3005421 0.7910397 0.1948702 0.1978434 0.6144975 0.4356996 0.9336235 0.5135359 0.5534629 0.3016053 0.8686621 0.8153651 0.0779856 0.4353801 0.9040576 0.8574663 0.2296749 0.3510765 0.8195582 0.0586001 0.6484830 0.1942887 0.8753817 0.8619817 0.2749303 0.7189303 -0.3012448 -0.0855499 0.7346623 0.7272557 0.0232847 0.8532518 0.1228268 0.6916055 -0.4278417 0.5729829 0.1941959 -0.1082892 0.7961785 0.5653137 0.1472100 0.8117154 0.1196933 0.0929493 0.6686123 0.4405639 0.0832514 0.4771901 0.2864863 0.0872657 0.0266526 0.1997966 -0.3315777 0.4331305 0.3512832 0.4789801 0.4509641 0.3676653 0.0399106 0.2003794 0.1077095 0.2406779 0.0370375 0.1580399 0.3205537 0.0306505 0.3377135 0.0843290 -0.0119682 0.2657300 0.4839127 -0.2346089 0.2427999 0.5165384 0.4802668 0.0696552 -0.1722976 0.3949026 0.2822244 0.5699063 0.1343674 0.3096738 0.3042531 0.4708423 0.3926854 0.4325968 0.1961984 0.4294879 0.1821947 0.0919871 0.1544347 0.0116070 -0.0223015 0.0028549 0.1656705 0.3297529 0.2231601 0.1136505 0.2039942 0.1756448 0.0805930 0.3917578 0.3734001 0.0434162 0.0435503 0.1674427 -0.0457704 0.3601762 0.1057396 0.0051969 -0.0950127 0.0914023 0.1651914 0.2498560 0.2384613 -0.0466636 0.2697918 0.4389505 0.1764073 0.1613765 0.1754156 0.3807073 0.3721316 0.0421483 0.2716683 0.3796126 0.2659283 0.0912660 0.4016142 0.1615148 0.6938582 0.1115235 0.3319616 0.3679288 0.2770322 0.0368952 0.2154767 0.0501951 0.4377413 0.2103391 0.5851136 0.3416507 0.2312586 0.2717409 -0.1467208 0.2798087 0.1527673 0.2568541 0.3389921 0.3405975 0.2599173 0.1390214 0.0684290 0.3728927 0.3540997 0.3941883 -0.1197899 0.2028852 0.0287534 0.3448601 0.1971867 0.0437630 0.0827869 -0.0123411 0.0317724 -0.0679361 -0.0095655 0.0302048 0.0180119 0.0676116 0.0788749 0.1002298 0.4720753 0.2204181 0.2057800 -0.0363693 -0.1468285 -0.2766745 -0.0002802 -0.1769049 0.1645311 0.0463620 0.3511647 0.0958589 -0.3938673 -0.2134130 -0.1203245 -0.0003366 0.3455548 0.3813988
