0.0000000 0.6786529 0.7726448 0.6193571 0.6252283 0.8452700 0.7570963 0.4018071 0.1918790 0.6215811 0.0813694 0.6516677 0.7029791 0.3708976 0.2568970 -0.1383496 0.0466482 -0.1364467 -0.1798654 0.4549316 0.6808512 0.3145972 -0.0420368 0.2158542 -0.2045207 -0.1921775 -0.1635296 -0.0813423 0.6686392 -0.2638433 0.4358483 0.0037181 -0.3725116 0.1110706 -0.0864979 0.6956050 0.0781092 0.1501020 -0.1208559 -0.3777673 0.2142108 0.6395677 0.0893833 -0.6434804 0.6650684 -0.1200832 -0.0689791 0.1205512 -0.3673251 0.4131812 -0.1121835 0.1359460 0.2600438 -0.3694874 0.2673373 -0.0349457 0.0392469 -0.4362534 0.6005284 0.0416540 0.7009552 -0.1893136 -0.0896289 0.1724207 0.5556719 0.2453744 -0.0748400 -0.3111413 -0.1497053 -0.0641466 -0.0529272 0.2980440 -0.2697181 0.6649872 -0.1101272 -0.0846605 0.5454849 -0.2700243 -0.0385367 0.6456635 -0.1724562 -0.0857181 0.4911927 0.6809412 0.1971700 0.0503453 0.1313614 -0.0171478 -0.1927974 0.1027147 -0.1052808 -0.1150178 0.0577844 -0.2685297 0.1425219 -0.1465873 -0.1797540 -0.0153196 0.1092809 -0.4149337 0.1164619 -0.3525583 -0.0753984 -0.3914512 -0.1458885 -0.0860624 -0.3077753 -0.0064519 -0.4314380 -0.3221505 0.1006052 -0.5048549 -0.2859875 -0.2063716 -0.2005022 -0.0235228 0.0127410 -0.3843473 -0.0417789 -0.1656932 -0.2266010 -0.1957849 0.4587494 -0.3089345 -0.0318114 0.0988929 0.2298788 0.5358038 -0.0744691 0.2212074 -0.1084512 0.2610894 0.6508889 -0.2809017 0.2566963 0.5187473 0.0289867 -0.1220134 -0.2349276 0.5804046 0.4715054 0.5579981 0.4894601 0.6848997 0.1326651 0.5440638 0.2697740 0.3664879 0.6605539 0.5393972 0.6231315 0.6911175 0.5996205 0.4459184 -0.1349297 0.6472070 0.4719018 0.4243145 0.4793145 0.4519011 0.0075748 0.4271627 0.6235059 0.6656481 0.0275269 0.4445265 0.1863992 0.4104076 0.3954946 0.3885542 0.3175126 0.1476070 0.7556714 -0.1077080 0.4198449 0.7210384 0.7706338 0.7969467 0.7316816 0.7613284 0.4850671 0.6921502 0.5421247 0.3752456 0.6242221 0.7145547 0.8220669 0.6538827 0.8428850 0.8522870 0.1734174 0.7839517 0.3179324 0.6371535 0.3943362 0.3553594 0.1077585 0.5351455 0.2448980 0.0676950 0.3468156 -0.2851441 0.3965012 0.5686638 0.6468167 -0.0230513 0.4838168 0.7227366 0.1235566 0.2026389 0.2168434 0.4050670 0.6514747 0.8137089 0.7248061 0.4834253 -0.6790425 -0.4290585
0.6786529 0.0000000 0.5972063 0.5696938 0.5293402 0.7963882 0.7132631 0.3540622 0.5466600 0.2346107 0.0147248 0.7931357 0.4463016 0.0795526 0.6681061 -0.0754754 0.2206940 0.3005797 -0.1187176 0.3920305 0.7919263 0.4597442 0.0286881 0.3253490 -0.0054647 -0.0679942 0.1841008 -0.2826211 0.7416785 -0.1274030 0.2730344 0.0102223 -0.6608314 -0.3295467 -0.1463088 0.7689974 0.0290089 -0.0215034 -0.0936360 -0.1940344 0.0433609 0.8120500 -0.1392825 -0.8336520 0.4852181 -0.2015515 -0.1597587 -0.0377169 -0.7633966 0.1077901 -0.2167396 0.0907940 -0.3142400 -0.3630875 -0.0501188 -0.2085933 -0.0634455 -0.4137866 0.6176245 -0.0944165 0.6159934 -0.2468932 -0.3303583 -0.1478158 0.0744018 -0.0333232 -0.2680097 -0.3501069 -0.1812495 -0.2128941 -0.2425684 -0.0278766 -0.5252552 0.3391970 -0.2089587 -0.3275289 0.2640800 -0.4908157 -0.4743172 0.4033182 -0.3733857 0.0449448 0.2579506 0.4463137 0.3989987 0.1832068 0.1946702 0.2089386 0.0307596 0.3960383 -0.0890943 -0.1729431 -0.0154403 -0.0836990 0.1216765 0.0511163 -0.0249537 -0.0492017 0.3513228 -0.2018620 0.2289520 -0.3067174 0.0337222 -0.3181036 0.0210652 0.0684765 -0.1524261 0.1075748 -0.3076313 -0.0523123 0.3074928 -0.3029635 0.0389595 0.0623749 0.0464433 0.1501225 0.0627369 -0.2119259 -0.0021535 0.1172380 -0.1548800 -0.2077148 0.2514950 -0.3539937 0.2103314 0.3995847 0.0623684 -0.0148229 0.2609649 0.2153146 0.3445836 -0.1010052 0.5545523 -0.0513284 0.4116407 0.4250036 0.3862156 0.1249700 0.0393820 0.7448704 0.6387627 0.6810045 0.3905259 0.8598386 0.3778466 0.7415521 0.4516155 0.5840731 0.4239604 0.5745041 0.7227416 0.8478181 0.5703923 0.5751339 -0.0082275 0.8326977 0.4936299 0.4969763 0.5417678 0.5485132 -0.0271999 0.5058071 0.8166730 0.6624859 -0.0005097 0.6773392 0.2496885 0.3376562 0.4236760 0.3029843 0.2087076 0.2679086 0.8149047 0.3212709 0.8312642 0.7676858 0.8036227 0.6892677 0.7794727 0.8124824 0.5306074 0.7618326 0.6892530 0.5093499 0.6015725 0.5901475 0.5924944 0.3354528 0.6429154 0.5694906 0.5432701 0.6469475 0.3024923 0.7667156 0.6666681 0.6171079 0.3890891 0.3464631 0.1369805 0.3348500 0.2767343 -0.1860422 0.2882585 0.6334739 0.5275975 -0.2963487 0.6133131 0.6836448 0.2577525 0.3757401 0.4238403 0.7351650 0.4407629 0.7991095 0.7650135 0.3417591 -0.2250855 -0.1446340
0.7726448 0.5972063 0.0000000 0.7583583 0.8367594 0.7837274 0.8430114 0.6739703 0.1648185 0.3818719 0.3816898 0.7249184 0.8318760 0.0497423 0.2976507 0.2024455 0.0862691 -0.2160176 0.0924113 0.4597988 0.7072097 0.4681119 0.4055068 -0.2012135 0.1303367 0.2015333 0.1443879 -0.4818916 0.6038680 -0.4657591 0.5668953 0.3118833 -0.5532274 -0.1032930 0.3013997 0.6237618 0.3223844 0.4448915 -0.0407726 -0.2088050 0.4073465 0.5336381 0.3755229 -0.5982205 0.7203162 0.2385604 0.2729126 0.4528546 -0.1787111 0.5489974 0.2850031 0.4341378 0.2665921 -0.0209136 0.5753328 0.3148177 0.3355796 -0.1516111 0.5304319 0.4895333 0.6937168 0.2971541 0.1900026 0.3863199 0.6643738 0.4333260 0.2578936 -0.0645845 0.1472725 0.2559102 0.2135919 0.4803216 0.0119307 0.7841519 0.2396043 0.2152947 0.6573592 0.0123811 0.1983123 0.8819925 -0.0886988 0.0716601 0.4917557 0.5341017 0.0596581 -0.0020671 0.3023615 -0.1669350 -0.2833424 0.0779551 -0.1043624 -0.1317260 0.0725411 -0.4119954 0.1786296 -0.1177339 -0.1260538 0.0181457 0.1608678 -0.0262629 0.1058229 -0.5366690 -0.0786598 -0.4372680 -0.3011236 -0.0862299 -0.5457827 0.0963116 -0.6150486 -0.2685512 0.0658862 -0.6284098 -0.2428992 -0.0388785 -0.0756951 0.0767415 0.1096545 -0.3413262 -0.1286461 -0.3352239 -0.3879471 -0.1766061 0.7462778 -0.2677956 -0.1896244 0.0403050 0.0922024 0.5942761 -0.1370975 0.2454608 -0.0942793 0.5180849 0.2859184 -0.4347103 0.3218228 0.5520161 -0.1268721 -0.2055326 -0.3483796 0.5005437 0.3724597 0.4692170 0.7179861 0.6244089 -0.0003773 0.3955855 0.1772781 0.3726402 0.5609297 0.4122216 0.5273321 0.5842472 0.5117818 0.3547793 0.1396571 0.5479677 0.4385223 0.4358395 0.6191356 0.4659594 0.2974005 0.4122431 0.4561611 0.6482809 0.1390995 0.3839725 0.2145794 0.2646922 0.4786842 0.4282653 0.3171847 -0.0976247 0.4253673 -0.0908295 0.5288513 0.8346658 0.8621356 0.9192040 0.7801780 0.7768354 0.7568359 0.7151380 0.4055322 0.2654584 0.5238255 0.8403862 0.8153207 0.7809362 0.8275132 0.8437049 0.0050385 0.9004057 0.4951745 0.5409822 0.2722026 0.3754652 0.0379713 0.7688101 0.3959428 -0.0112792 0.5657255 -0.2931690 0.2301770 0.5005526 0.7902464 0.1713281 0.3949290 0.8572532 0.1950776 0.3820761 0.1493816 0.4526142 0.8178248 0.8374494 0.8592649 0.5806463 -0.3622148 -0.2200906
0.6193571 0.5696938 0.7583583 0.0000000 0.5834885 0.8606564 0.7941321 0.8653547 0.5206196 0.5204220 0.7667031 0.8109173 0.7733218 0.0426083 0.5902517 0.5179431 0.2808312 0.0690822 0.3479978 -0.0462128 0.7937001 0.4860433 0.4941382 -0.0045719 0.3492959 0.4223556 0.2435324 -0.3930465 0.7973440 -0.2763378 0.4374835 0.3125717 -0.6474822 -0.0328787 0.5833054 0.7438602 0.6045267 0.4305267 0.0659710 0.1060384 0.2710960 0.7618888 0.6539940 -0.4623099 0.8527938 0.4046782 0.4741108 0.3058048 -0.2892344 0.5324557 0.4925650 0.5699958 0.2245389 0.1664273 0.4640032 0.3692557 0.4623984 -0.0005195 0.6418253 0.5477792 0.8573562 0.2709935 0.1675119 0.5204072 0.5280330 0.4670628 0.2637213 0.0670402 0.3204569 0.4802251 0.2441321 0.6350035 -0.0212733 0.8042839 0.3858652 0.4038406 0.7678835 -0.0727110 0.3006584 0.6611326 -0.2175831 0.0142928 0.4388338 0.6096580 0.3499683 0.2934166 0.1882001 0.0579376 0.0662293 0.2400279 -0.0973937 -0.0960684 0.0500135 -0.2243457 0.2849078 0.0501021 -0.1449230 0.0989707 0.2814497 -0.0841172 0.3159490 -0.3969373 0.1019779 -0.1813417 -0.2475624 0.1435426 -0.2024354 0.3408626 -0.5465339 0.2096179 0.1349201 -0.3959038 0.0701595 0.2536848 0.3270848 0.3383923 0.4034621 -0.1213816 0.0393449 -0.2897211 -0.2182084 -0.0347915 0.5370791 -0.2524926 -0.1288935 0.1227233 0.2474419 0.4117617 -0.0939795 0.3945400 0.0244628 0.4486135 0.5686661 -0.3846417 0.1094805 0.4372132 -0.1820909 -0.1219713 -0.3787705 0.6646903 0.4719868 0.6959824 0.6242344 0.7119843 -0.0790218 0.4395595 0.4026222 0.5654016 0.5305935 0.6751579 0.7442852 0.7009544 0.6553833 0.5862832 0.4185858 0.6747921 0.5477499 0.6029457 0.5698969 0.6939398 0.3834035 0.5405034 0.5604617 0.6651306 0.3436185 0.5642773 0.5168500 0.5051424 0.5392872 0.5704077 0.5299583 0.0907064 0.3207004 -0.3016796 0.2868518 0.5886115 0.7472149 0.7650472 0.7818031 0.8358051 0.8223062 0.7487685 0.5876572 0.3940781 0.4879800 0.8462315 0.5761665 0.4597142 0.5060259 0.5746873 -0.0136150 0.7237858 0.1911264 0.4743538 0.3026322 0.3643274 0.0741964 0.6844000 0.0527613 0.0079503 0.3483036 -0.5283099 0.0475890 0.3281063 0.5368428 -0.0968828 0.2280114 0.6496984 -0.0474732 0.2670674 0.0497821 0.4259169 0.5938206 0.7618897 0.7437867 0.2860189 -0.0813387 -0.3866257
0.6252283 0.5293402 0.8367594 0.5834885 0.0000000 0.5738200 0.6839127 0.6526195 0.1243101 0.1612564 0.1781189 0.5625129 0.8708154 0.0099217 0.1992167 0.1035151 -0.0178631 -0.0737804 0.0937269 0.5629920 0.5321840 0.4970121 0.5933851 -0.0702777 0.1660762 0.3335097 0.0392162 -0.2557532 0.4667483 -0.3730716 0.7069169 0.4444634 -0.2951116 0.0498697 0.2938041 0.4819678 0.2694649 0.4301937 -0.1821156 -0.1486962 0.4581394 0.4616488 0.3142711 -0.4792874 0.5727276 0.1166403 0.1302852 0.4193742 -0.1333670 0.4025445 0.2040566 0.2812003 0.2604237 -0.0834631 0.4817862 0.2138787 0.2580349 -0.2193793 0.5457460 0.3775059 0.6008971 0.1216100 0.2221640 0.1392352 0.5704767 0.4142356 0.0593350 -0.2606264 0.0924937 0.0456675 0.0942952 0.3412103 -0.1802565 0.6830032 0.0769073 -0.0494645 0.4556098 -0.0647620 0.1541800 0.8598607 0.2701947 -0.1719894 0.3551021 0.3374068 -0.2122697 -0.0967425 0.2628139 -0.4020446 -0.3449409 -0.1480371 -0.1285072 -0.1581970 0.1634304 -0.6021959 0.1057877 -0.2105539 -0.1407795 -0.0121970 0.0171057 -0.1322880 -0.2170642 -0.4470294 -0.0977026 -0.5884366 -0.4627996 -0.2343222 -0.4808085 -0.0356607 -0.5786749 -0.3023850 -0.0576060 -0.5102503 -0.3492485 -0.0791976 -0.1725934 -0.0108422 0.0356625 -0.4050612 -0.2096699 -0.4382121 -0.3739871 -0.1858579 0.6889006 -0.3511845 -0.3323975 -0.3069285 0.0017778 0.3785851 -0.3594570 0.1386631 -0.1140909 0.3128502 0.2299781 -0.3217459 0.2633862 0.2137773 -0.1804950 -0.2257186 -0.1768914 0.2152215 0.2307313 0.2445449 0.5646918 0.3796189 -0.2439048 0.2041822 0.1527623 0.2800994 0.4730443 0.1839145 0.3028913 0.4124254 0.2460131 0.2048541 -0.0444906 0.4420391 0.2906070 0.1803277 0.4086098 0.2942095 0.0807953 0.1381160 0.4208237 0.4863403 -0.0524902 0.3676443 0.3694345 0.1605520 0.2879139 0.2029922 0.1448388 -0.2227212 0.3931097 -0.0313226 0.4349492 0.7079778 0.7086290 0.8180514 0.5941239 0.6496479 0.7605987 0.6656967 0.4296277 0.3722046 0.5659605 0.7690524 0.8306191 0.8101136 0.7800338 0.7902449 -0.1786035 0.7906989 0.6522328 0.2522026 -0.0769170 0.0382382 -0.1017896 0.7078318 0.6905042 -0.3342216 0.7076506 -0.1427535 0.0834759 0.2696057 0.6466678 0.4840293 0.0661762 0.7872239 0.3592950 0.4835356 -0.0133830 0.1204247 0.7535650 0.6793072 0.6531783 0.8271518 -0.2801067 0.0869945
0.8452700 0.7963882 0.7837274 0.8606564 0.5738200 0.0000000 0.8743514 0.6081235 0.5255000 0.5742103 0.4165972 0.8819015 0.6735500 0.2067900 0.6085114 0.1543646 0.2505764 0.0900387 0.0323191 0.2453751 0.9051873 0.4013101 0.1843935 0.2269712 0.0486849 0.0807301 0.1065169 -0.2806592 0.9030088 -0.2324313 0.3393200 0.0519025 -0.6193146 0.0105262 0.1553862 0.9190158 0.2327023 0.1382248 -0.0075898 -0.1817725 0.1371804 0.8916888 0.2818444 -0.6789929 0.8412783 0.0041107 0.0655318 0.0739325 -0.4783475 0.3264754 0.0950133 0.3057251 0.1573370 -0.1692214 0.1891181 -0.0068043 0.0912488 -0.2782850 0.7783145 0.1720427 0.8899479 -0.0645648 -0.1520398 0.3050936 0.4335860 0.1433334 -0.0579870 -0.1430308 -0.0697681 0.1609088 -0.0804563 0.5004632 -0.3107751 0.7271071 0.0024831 0.0727745 0.6750155 -0.3106700 -0.0401786 0.6149621 -0.3793422 0.0346756 0.5254405 0.7240121 0.4377835 0.2176493 0.1808071 0.2081065 -0.0178158 0.3276307 -0.0593116 -0.0715493 0.0561713 -0.1780041 0.2527636 0.0469943 -0.0668705 0.0251355 0.2864096 -0.2935282 0.2814217 -0.4199869 -0.0109744 -0.3115861 -0.0402089 0.0939841 -0.2116742 0.1674651 -0.4326861 0.0265391 0.2498607 -0.3972991 -0.0350581 0.0461461 0.1411718 0.1986922 0.2356150 -0.1019083 0.0106041 -0.0192067 -0.1253141 -0.1414601 0.4496686 -0.3374875 0.1053646 0.3047240 0.2139500 0.3697470 0.1135076 0.3149142 0.1005359 0.2693445 0.6969042 -0.2814891 0.3043835 0.5821468 0.0826648 0.0048750 -0.2188029 0.7845313 0.6636775 0.7782459 0.6873822 0.8271363 0.1277824 0.6300222 0.4082628 0.5775284 0.7023909 0.7698157 0.8304640 0.8361692 0.7312415 0.6570772 0.2152096 0.8193034 0.6324740 0.6291475 0.6801753 0.6548489 0.1776132 0.6192029 0.7221482 0.7563372 0.1855449 0.6356745 0.3994656 0.5484213 0.5381415 0.5332087 0.5037489 0.2075949 0.6708090 -0.1074104 0.5171388 0.7219045 0.8623629 0.7991885 0.9048148 0.9345020 0.6154195 0.8905204 0.7571415 0.5426530 0.7275234 0.7773181 0.7186481 0.4410504 0.6864193 0.7201440 0.3310189 0.7911627 0.2035388 0.7377166 0.5846681 0.5522677 0.2214026 0.6209663 0.0715650 0.2009045 0.3471182 -0.3454185 0.3697822 0.6168704 0.5538088 -0.2465012 0.5439997 0.7453965 0.1153486 0.3298778 0.3249854 0.6090996 0.5828135 0.8478907 0.8271593 0.3714018 -0.2868716 -0.3625494
0.7570963 0.7132631 0.8430114 0.7941321 0.6839127 0.8743514 0.0000000 0.7369091 0.4274790 0.2702770 0.4390054 0.9297886 0.7346477 -0.0004827 0.6253443 0.3235178 0.2179520 0.0845559 0.2582123 0.3138876 0.8693172 0.5838289 0.3100887 0.0895661 0.2101519 0.2585484 0.3043979 -0.4169120 0.8606359 -0.4018331 0.4197956 0.1644226 -0.6247362 -0.0162784 0.3257149 0.8056073 0.3720378 0.3516392 -0.0004824 -0.1630425 0.4113451 0.7918986 0.3419789 -0.6793774 0.8492158 0.1885654 0.2563599 0.3200385 -0.4208446 0.4553544 0.2915574 0.3499329 0.1691182 -0.2053471 0.3950836 0.1887600 0.2724264 -0.2718736 0.5507828 0.3660018 0.7925521 0.0665624 0.0712182 0.2589112 0.5021276 0.2350049 0.0471102 -0.1592097 0.0880370 0.1602519 0.0602425 0.5499257 -0.2589220 0.8249430 0.1198540 0.2124953 0.7634012 -0.1671159 0.0480846 0.7884925 -0.2816401 0.1610056 0.4368904 0.5209125 0.2452982 0.2023806 0.3483061 0.0486288 -0.0310119 0.3289525 0.0601618 0.0001779 0.2422715 -0.2563118 0.3112592 0.0950665 0.0966871 0.1583384 0.4056666 -0.2340944 0.2827838 -0.4460687 0.0748339 -0.3686996 -0.0641421 0.1511289 -0.3992483 0.2090068 -0.5818279 -0.1088800 0.2922403 -0.5708322 -0.0482220 0.0684699 0.1032782 0.2070850 0.2590775 -0.1165400 0.0124042 -0.2370768 -0.2492014 -0.0197409 0.6357882 -0.3059749 -0.0691008 0.2334935 0.3330257 0.4063527 -0.0078762 0.4114230 0.0725484 0.3468310 0.5198327 -0.2698765 0.4124730 0.6026093 0.0225302 -0.1240410 -0.2723291 0.7005104 0.6587323 0.6981531 0.7799313 0.7775309 0.0983481 0.6081029 0.3424269 0.5596954 0.6177221 0.7004652 0.7689694 0.7914917 0.6909455 0.5849797 0.2673539 0.7973749 0.6947703 0.7088574 0.7866945 0.6097707 0.3201984 0.6137892 0.6803353 0.7404698 0.1942085 0.6945263 0.4439150 0.5485325 0.5526569 0.4846509 0.4797947 -0.0189839 0.4693434 -0.0105664 0.5952967 0.8870194 0.9619861 0.9299819 0.9288783 0.9383738 0.7409888 0.8415789 0.5132202 0.3066423 0.5265737 0.8853686 0.6981724 0.6366114 0.7154842 0.7852833 0.1214064 0.9146562 0.4488006 0.5902851 0.4304384 0.5049967 0.2219431 0.7975056 0.2309338 0.1607288 0.5482494 -0.3805772 0.4491511 0.5396076 0.6711991 0.0423613 0.3998602 0.7848923 0.3174758 0.4369245 0.4425755 0.5368588 0.7459454 0.9060472 0.8609359 0.5389443 -0.1926292 -0.1319061
0.4018071 0.3540622 0.6739703 0.8653547 0.6526195 0.6081235 0.7369091 0.0000000 0.4923193 0.2245560 0.7989303 0.7191377 0.8361822 -0.1724825 0.5740776 0.7581712 0.2151609 0.1556206 0.6569641 -0.0925475 0.6205509 0.6552760 0.6589182 -0.0580207 0.5892674 0.6575801 0.4051555 -0.3715701 0.6396363 -0.2918405 0.5948241 0.5260158 -0.5545818 0.0185190 0.7809758 0.5152900 0.8226764 0.7053837 0.0798901 0.3197058 0.5987294 0.5873274 0.7455350 -0.2681292 0.8087955 0.6409138 0.7034928 0.5963005 -0.0881737 0.6657909 0.6580449 0.6503557 0.2923055 0.3231773 0.6752089 0.6070368 0.7160863 0.1848984 0.4313966 0.7163905 0.7498444 0.4179468 0.4465248 0.5384781 0.5406508 0.6455209 0.3472457 0.1827991 0.5406598 0.5785074 0.3790221 0.6845766 0.0518744 0.7980289 0.5426052 0.5171280 0.7318455 0.1312571 0.4256672 0.7022613 -0.0094782 -0.0121073 0.2741545 0.3234759 0.0800339 0.1988599 0.2580665 -0.1696525 0.0152537 0.0618857 -0.1609577 -0.1524934 0.1700568 -0.3491209 0.2120513 -0.0022781 -0.0673309 0.2091992 0.3178500 -0.0110768 0.2012054 -0.3734420 0.0622919 -0.2213341 -0.4340814 0.1378258 -0.3072742 0.2812185 -0.6911977 0.1295373 0.0244131 -0.4868469 0.0170094 0.2587415 0.2841909 0.2780456 0.3577165 -0.1140287 0.0238393 -0.5905086 -0.4125464 -0.0287944 0.6318399 -0.3114938 -0.4684729 -0.1736459 0.2244633 0.2982770 -0.4208510 0.2758300 -0.1714535 0.3760276 0.3535597 -0.3917361 0.0360170 0.2139466 -0.4421256 -0.3663191 -0.5092898 0.4452548 0.3442603 0.4851768 0.6014983 0.4925163 -0.3572094 0.3017237 0.1967889 0.3486819 0.4135464 0.4965849 0.5841278 0.5430841 0.4506686 0.4596235 0.3711428 0.5629232 0.4982433 0.4732096 0.4825321 0.5959438 0.3377651 0.4055670 0.4434338 0.5000636 0.2443204 0.5548181 0.5434369 0.3540125 0.4833403 0.4510759 0.3266092 -0.1577936 0.0859294 -0.2554226 0.1802761 0.5202743 0.6419782 0.7122905 0.6368816 0.7009448 0.8673668 0.6093388 0.3839966 0.2185057 0.2799971 0.8244119 0.5396815 0.5555725 0.4070394 0.4912086 -0.3573399 0.6511208 0.2783624 0.1216006 -0.0712625 0.0564920 -0.1346219 0.7028920 0.1875958 -0.2803005 0.4563293 -0.4617711 -0.0669857 0.0469168 0.5247377 0.2023119 -0.1325024 0.5826236 0.0508577 0.3960043 -0.0031676 0.1556074 0.5870151 0.6439098 0.6301975 0.4274017 0.0723083 -0.1384922
0.1918790 0.5466600 0.1648185 0.5206196 0.1243101 0.5255000 0.4274790 0.4923193 0.0000000 0.2406617 0.3970329 0.5991682 0.2405461 0.0850350 0.8934826 0.4922680 0.5321043 0.8392119 0.4965098 -0.1713288 0.5128167 0.5351693 0.1276199 0.6518719 0.4594753 0.3413335 0.6401452 0.0981032 0.6080438 0.4589087 0.2679971 0.2565509 -0.4247050 0.0458803 0.2066560 0.5087211 0.4735533 0.2288239 0.3336801 0.5833449 0.2759977 0.6542810 0.2244666 -0.1319620 0.5028379 0.2093048 0.2025480 0.1638536 -0.2588279 0.1858604 -0.0298806 0.4140492 -0.0033576 0.2917278 0.0550581 0.0916250 0.2719302 0.3310798 0.5154185 -0.0215980 0.5875371 -0.0648202 0.0170703 0.3519887 0.0735671 0.0976603 -0.1692047 0.2643119 0.1607010 0.3746999 -0.1797162 0.2480664 -0.2833061 0.2306730 0.0672936 0.1107463 0.2594087 -0.0548369 -0.1180266 0.0984382 -0.2122898 -0.1429337 -0.0111724 0.1440607 0.5343300 0.3572060 0.1012127 0.4571847 0.2869557 0.3915723 -0.3114733 -0.2940807 -0.0038846 0.2447718 0.0834820 0.1967961 0.0844283 0.2114587 0.5383264 -0.0032944 0.3877809 -0.0360865 0.1201859 -0.0098580 -0.0014429 0.4116336 0.2016278 0.3050172 -0.2215915 0.4857122 0.2367373 -0.0396469 0.4728623 0.4919846 0.5612045 0.4591960 0.3929867 0.3166230 0.2856304 -0.0027551 -0.0910217 -0.1135303 0.0693433 -0.4422976 -0.0776302 0.2323686 0.1451459 -0.3302266 0.0080738 -0.0019659 0.0306457 -0.2468766 0.4656070 -0.1616206 0.0906202 0.1200018 -0.0210464 -0.0748068 -0.2257974 0.6929697 0.5371091 0.6499189 0.3807823 0.5335986 -0.0354206 0.5875481 0.1822056 0.2268824 0.4036927 0.7119746 0.7645160 0.6820439 0.5486160 0.7008833 0.2603741 0.7152602 0.6255539 0.3959215 0.3801592 0.7703616 -0.0793964 0.6799707 0.7230522 0.4736289 0.2224689 0.7680105 0.4324826 0.4261825 0.6311320 0.5798768 0.2345880 0.4619634 0.4407892 0.1341052 0.3484982 0.2041965 0.3518768 0.2370298 0.4581733 0.5267666 0.2850767 0.5393456 0.6323343 0.4960861 0.3245206 0.3372873 0.3027066 -0.0167110 0.1322164 0.0546949 0.2331209 0.2082131 -0.2191774 0.2261934 0.3332152 0.1678129 0.0484405 0.0237098 -0.1704318 0.1319872 0.0622651 -0.0529237 -0.0214311 0.1619391 0.1660944 -0.3981581 0.2539278 0.3001945 0.0459841 0.3426701 0.2831589 0.4689724 -0.0439740 0.3694338 0.4616240 0.0405003 0.2325703 0.0520367
0.6215811 0.2346107 0.3818719 0.5204220 0.1612564 0.5742103 0.2702770 0.2245560 0.2406617 0.0000000 0.2896352 0.1766895 0.4141972 0.7665305 0.0074634 -0.0178040 0.4488052 -0.0782034 -0.1780250 -0.1182414 0.2179197 0.0391195 -0.0164831 0.2369237 -0.2866594 -0.1794957 -0.1557810 0.2963476 0.2743551 0.2472429 0.3163303 -0.0715981 -0.0757164 0.2472860 0.0094241 0.3228470 0.1620067 0.0074977 0.3686162 0.0091765 -0.0926174 0.3030944 0.3390271 -0.0139449 0.3918854 -0.0667940 0.0134430 -0.1052043 0.0690825 0.2362813 -0.1025180 0.4187360 0.4254215 0.1478556 0.1115185 -0.0437225 0.0212717 0.0991205 0.4177406 0.0243077 0.4790902 0.0076167 0.0160440 0.5589478 0.4988016 0.2165923 0.0128568 0.2738567 -0.1258207 0.3580222 -0.0624790 0.2595213 0.0753412 0.3853157 -0.0116978 0.2396564 0.4642409 -0.0257597 0.3261833 0.2684723 0.0484604 -0.2346723 0.1679790 0.4359197 0.2048319 -0.0472893 -0.3976310 0.1530896 -0.2181459 -0.1433426 -0.3998704 -0.3008368 -0.4144319 0.1768849 -0.1509922 -0.2350847 -0.4169066 -0.2578665 -0.2685263 0.0255673 0.1814905 -0.3047146 -0.1786461 0.1767113 -0.2232772 -0.1659932 -0.0665495 0.0200840 -0.3045953 -0.0196111 -0.2525161 -0.2642724 -0.1032913 -0.0517397 0.0289371 0.1460080 0.1847860 -0.2296623 0.1427650 -0.1973394 -0.0948727 -0.2041695 0.3197763 -0.0127883 -0.1349072 0.1304635 0.1526109 0.4648351 -0.1228414 0.1357328 -0.2276681 0.3925139 0.5834590 -0.2289353 0.1174636 0.4964395 -0.1709720 -0.1701733 -0.2836826 0.5147988 0.3825536 0.5047619 0.2834844 0.3642113 0.0540457 0.4126696 0.2173175 0.1783474 0.6384327 0.5557755 0.5218427 0.4203551 0.5133597 0.5652293 -0.0313313 0.3554404 0.3002860 0.3023833 0.0934040 0.4934472 -0.0313906 0.3992317 0.4015559 0.4321902 0.2220072 0.2304390 0.1379004 0.4681193 0.4006676 0.4972557 0.4280841 0.4828834 0.4817609 -0.2502191 -0.0352628 0.1271710 0.2007551 0.2665052 0.2132580 0.3053164 0.2205294 0.3217025 0.4322784 0.3440351 0.3537107 0.2646432 0.4217325 0.1875371 0.4135680 0.3766381 -0.0671981 0.2495782 -0.0799851 0.2212800 0.2017821 0.0658816 -0.0117620 0.0193414 -0.0142513 0.0683813 -0.1100866 -0.0465186 -0.0631235 0.1031407 0.1074389 -0.1594946 0.3103666 0.1859697 -0.1673591 -0.0693047 -0.1062603 0.2846309 0.0310243 0.2647440 0.3152112 -0.0814261 -0.5443039 -0.6622239
0.0813694 0.0147248 0.3816898 0.7667031 0.1781189 0.4165972 0.4390054 0.7989303 0.3970329 0.2896352 0.0000000 0.4638522 0.4708791 -0.1538961 0.4354493 0.8485771 0.3051636 0.0378407 0.6333101 -0.4844393 0.4004637 0.3335130 0.5660941 -0.2480794 0.5272521 0.6110523 0.3911568 -0.4095949 0.4491781 -0.1847778 0.1719720 0.2896878 -0.4964181 -0.0166773 0.8666197 0.3456555 0.7745068 0.5379998 0.2654667 0.3828345 0.2719433 0.3701402 0.8856485 0.0138949 0.6158838 0.7258699 0.7903276 0.3958966 0.0626631 0.5224751 0.8190297 0.6673855 0.2456998 0.5563487 0.5317081 0.6199846 0.6516815 0.3888076 0.2592399 0.7799327 0.5305819 0.5980901 0.3726753 0.6943994 0.3388419 0.5056141 0.5531223 0.4737801 0.5908610 0.8069958 0.5012043 0.7394654 0.3499281 0.6075860 0.6925965 0.7904017 0.7058381 0.2645976 0.6019672 0.3461636 -0.1742790 0.1808806 0.2252894 0.3018368 0.2243897 0.2734810 0.0697936 0.0902151 0.1719281 0.1334271 -0.0570847 0.0039233 0.0124002 -0.0266449 0.2539100 0.1649479 -0.0848746 0.1755860 0.2499721 0.1801146 0.4214778 -0.3015968 0.1245600 0.1696889 -0.2237441 0.2443945 -0.1486725 0.4184186 -0.4795293 0.3755412 0.0381110 -0.2890928 0.2222516 0.3715545 0.4961614 0.3827537 0.4744200 0.0891893 0.1087820 -0.3944221 -0.1877215 0.1117034 0.4096555 0.0010367 -0.2927465 0.0510808 0.2197100 0.3287803 -0.1999731 0.3554236 -0.1054163 0.5119378 0.1973748 -0.2838767 -0.1169028 0.2297632 -0.4324443 -0.2218833 -0.4814046 0.3953756 0.2161533 0.4544809 0.4513263 0.3178298 -0.2822696 0.0955151 0.1654547 0.2676430 0.1916803 0.4800308 0.4730407 0.3260037 0.4238453 0.3610331 0.5654420 0.3069839 0.3843427 0.4655055 0.3207872 0.5199550 0.4611390 0.3812151 0.1416933 0.3438915 0.3619334 0.3034968 0.4731464 0.3296437 0.4148592 0.5072704 0.4731930 -0.1049236 -0.2626921 -0.4219827 -0.1414444 0.1341588 0.2995117 0.3398907 0.3811921 0.4253971 0.5889749 0.3473618 0.2080956 0.0635905 0.0586953 0.4968223 0.0839811 0.1010337 -0.0233852 0.1166275 -0.3357868 0.2960320 -0.0518401 0.0209174 -0.0014056 0.1066872 -0.0518338 0.5008544 -0.2525746 -0.0611006 0.1584244 -0.4804689 -0.1228529 -0.0853223 0.1751233 -0.0311892 -0.1290859 0.2101937 -0.2203992 0.1364502 -0.0253811 0.1416362 0.2774884 0.3344301 0.3817376 -0.0864284 0.3114775 -0.2630278
0.6516677 0.7931357 0.7249184 0.8109173 0.5625129 0.8819015 0.9297886 0.7191377 0.5991682 0.1766895 0.4638522 0.0000000 0.6284003 -0.1922054 0.8157401 0.3723743 0.1275309 0.2387062 0.3165727 0.2524759 0.9694186 0.6072811 0.2514824 0.1709463 0.3658988 0.3110700 0.3376353 -0.4895484 0.9482919 -0.3619331 0.3345556 0.2247588 -0.7526307 -0.1180730 0.3128125 0.8943363 0.3944843 0.3033964 -0.1289598 -0.0619601 0.3543283 0.9026301 0.2426016 -0.7438945 0.8550380 0.2027590 0.2542209 0.2858489 -0.5604209 0.3777366 0.2600789 0.2643345 0.0169823 -0.1742449 0.2848048 0.1541539 0.2816660 -0.2328096 0.6346587 0.2733023 0.8390665 -0.0158110 -0.0603148 0.2027881 0.3186737 0.1811766 -0.0121803 -0.1911462 0.1180800 0.1488336 -0.0030214 0.5094593 -0.3608783 0.7082892 0.1236687 0.0961376 0.6346082 -0.2755502 -0.1507050 0.6203542 -0.4736058 0.1084860 0.4393213 0.5638640 0.4216701 0.3208505 0.4149959 0.1339608 0.1191219 0.4618355 0.0357173 -0.0352426 0.2642138 -0.2742766 0.3274228 0.1382767 0.1035020 0.2025411 0.5534141 -0.2940538 0.2948776 -0.3441335 0.1121433 -0.4218405 -0.0248876 0.2538027 -0.2447238 0.2376503 -0.4582396 0.0652972 0.3683267 -0.4089046 0.0665590 0.1408822 0.1986874 0.1936206 0.2152603 -0.0031557 -0.0266649 -0.0529043 -0.2080285 -0.0824751 0.3833583 -0.4430907 0.0558251 0.2693245 0.2118001 0.1512933 0.0908457 0.2739546 0.1408948 0.0954530 0.5241238 -0.2927172 0.2388716 0.4241126 0.0626177 -0.0455479 -0.2637178 0.7114807 0.6038826 0.6894161 0.6650184 0.8303888 0.0832072 0.5900158 0.3363417 0.5736444 0.5098164 0.6765111 0.7804764 0.8163218 0.6294562 0.5611731 0.3113992 0.8234160 0.6250533 0.6358950 0.7598979 0.6036724 0.2590172 0.5877890 0.6800195 0.6501114 0.1685818 0.6957919 0.3919448 0.4380981 0.4789747 0.4228260 0.3455960 0.0044245 0.4928965 -0.0507973 0.5948342 0.7808874 0.9220330 0.8206501 0.9751820 0.9675094 0.6780715 0.8687754 0.6348394 0.4179413 0.5701004 0.8333102 0.6247336 0.4624654 0.5764509 0.6276401 0.3223480 0.8012277 0.2004763 0.6854539 0.5362519 0.5580842 0.1738855 0.7108514 0.0658479 0.1578302 0.3941442 -0.4671611 0.3643851 0.5778799 0.6420132 -0.2289947 0.4108704 0.7585974 0.1527854 0.3903656 0.3965431 0.5723566 0.6457598 0.8828272 0.8266670 0.4343725 -0.0614985 -0.1477897
0.7029791 0.4463016 0.8318760 0.7733218 0.8708154 0.6735500 0.7346477 0.8361822 0.2405461 0.4141972 0.4708791 0.6284003 0.0000000 0.0600529 0.2903836 0.3502519 0.0492028 -0.1024088 0.2840369 0.2609968 0.5867852 0.5782806 0.5212147 -0.0476931 0.2562729 0.3599668 0.0615415 -0.2491237 0.5688742 -0.3695298 0.7462833 0.4725919 -0.4086424 0.1130276 0.4738262 0.5373071 0.5579333 0.5934291 -0.0616389 -0.0193116 0.5385703 0.5478770 0.5272427 -0.4089899 0.7712196 0.3477246 0.4065162 0.5207406 -0.0818455 0.6407788 0.3557369 0.4726240 0.3969240 0.0686663 0.6352306 0.4043980 0.5035713 -0.0620725 0.5105201 0.5177737 0.7521427 0.2116812 0.3386236 0.4151561 0.6640262 0.6296794 0.1759020 -0.0198679 0.2670920 0.3271657 0.2389598 0.5634869 -0.0724716 0.8339839 0.2940900 0.2380426 0.6943026 -0.0127542 0.3171207 0.8412649 0.1175718 -0.1867042 0.3103926 0.3987819 -0.1321937 -0.1039315 0.1186784 -0.3940109 -0.3287563 -0.2046781 -0.3049535 -0.3067406 0.0473638 -0.5693605 0.0079197 -0.3173657 -0.3166447 -0.0297287 -0.0026642 -0.1716161 -0.0859066 -0.5216211 -0.1954153 -0.4490609 -0.6264692 -0.2241789 -0.4824234 -0.0461375 -0.7523073 -0.2607420 -0.1868780 -0.6170633 -0.3683408 -0.1020026 -0.1224696 -0.0165913 0.0568791 -0.4411343 -0.1911721 -0.6465700 -0.5684952 -0.2615856 0.6833599 -0.4265686 -0.5333294 -0.3629129 0.0524297 0.4348878 -0.5668982 0.1080050 -0.3548588 0.3600122 0.3738332 -0.4687405 0.0861179 0.2292073 -0.4721738 -0.4627450 -0.5145273 0.3433076 0.2965818 0.3477487 0.5481368 0.4449723 -0.3839908 0.3046311 0.0978798 0.2281280 0.5438573 0.3446712 0.4694399 0.5047281 0.3305968 0.3695313 -0.0272085 0.5162188 0.3544785 0.2929549 0.3660613 0.4313672 0.0920242 0.2200533 0.4427322 0.5075537 -0.0107340 0.4232637 0.3504994 0.2370757 0.3495036 0.2999336 0.1860630 -0.1967685 0.3761340 -0.2471089 0.2452889 0.6254634 0.6949791 0.8113480 0.6292513 0.7068052 0.8178404 0.6644069 0.4639967 0.3342883 0.4804762 0.8269760 0.8170074 0.7790013 0.7419044 0.7764850 -0.3545304 0.7723845 0.4194262 0.1922057 -0.1440745 -0.0481458 -0.2387967 0.6998690 0.4540931 -0.4326692 0.4713274 -0.3408159 -0.0462744 0.1055878 0.6124037 0.3264234 -0.0808115 0.7022394 0.1001966 0.3994283 -0.0938917 0.0756915 0.6828942 0.7056168 0.6590035 0.6429095 -0.3638755 -0.2705657
0.3708976 0.0795526 0.0497423 0.0426083 0.0099217 0.2067900 -0.0004827 -0.1724825 0.0850350 0.7665305 -0.1538961 -0.1922054 0.0600529 0.0000000 -0.2359974 -0.3193489 0.6232446 0.0820992 -0.3690732 -0.0528854 -0.2012661 -0.1435713 -0.1340324 0.4146129 -0.5651875 -0.3621094 -0.1193115 0.6686340 -0.0862482 0.5604078 0.1542949 -0.3148994 0.3514023 0.3539367 -0.3056358 -0.0381598 -0.1891005 -0.2594113 0.5703577 -0.0128807 -0.2391393 -0.0164593 0.0812613 0.2407467 -0.0581305 -0.3890933 -0.3438839 -0.3642104 0.1697918 -0.0996004 -0.4160499 0.2283406 0.3010077 -0.0034444 -0.1873809 -0.3333507 -0.3309150 0.0296286 0.1421078 -0.2815968 0.0410469 -0.1766585 -0.0220278 0.2234584 0.2879110 -0.1159054 -0.2259367 0.1899816 -0.3740485 0.0348930 -0.2722009 -0.1353247 0.0059011 0.0268832 -0.3404057 0.0313329 0.1385262 0.0198149 0.2520954 0.0540989 0.3916053 -0.1958810 -0.1065889 0.0500409 0.0239953 -0.1248851 -0.5169958 0.2610067 -0.2065515 -0.1886834 -0.2511428 -0.1613451 -0.4054098 0.4856281 -0.1947278 -0.0990141 -0.1999030 -0.2745876 -0.3994291 0.1262532 0.1237043 -0.1072424 -0.0843523 0.3706673 0.0280294 -0.1689505 0.0650656 -0.0047783 -0.0660369 -0.0720270 -0.2036668 -0.0925040 0.0077665 -0.0017185 0.0128228 0.2411234 0.2414578 -0.1316275 0.3321992 -0.0983631 0.1506525 0.0013381 0.2707843 0.2487186 -0.0518317 0.1965095 0.2738364 0.3241873 -0.0002001 0.2163228 -0.0509299 0.3090562 0.4367410 0.1462923 0.3846102 0.4784468 0.1162312 -0.0096626 0.1061692 0.3467563 0.3862147 0.3636256 0.1374994 0.0856391 0.2375380 0.3750538 0.2188907 0.0620765 0.5172798 0.4330150 0.3158705 0.2244127 0.4091238 0.4873739 -0.1731409 0.1996330 0.2938631 0.2130231 -0.0600792 0.3537749 -0.1656300 0.3429783 0.3845897 0.3487472 0.1723284 0.2253084 0.1910496 0.5313729 0.3682577 0.4049290 0.4488979 0.6348348 0.4186189 0.1506822 0.0099659 -0.0023574 -0.0723276 0.0103243 -0.1657001 -0.0454203 -0.0824831 0.0394286 0.1778658 0.1867157 0.1451033 -0.0876730 0.1733226 0.0347478 0.2614166 0.1789502 -0.0988842 0.0114327 0.1567462 -0.0520224 0.0907175 -0.0564290 0.2135669 -0.2948907 0.1399340 0.2381943 -0.0159673 0.3964134 0.0507161 -0.0171260 -0.1951863 0.1121635 0.2993652 -0.0792447 0.2184842 -0.0223069 0.0790286 0.2040696 -0.2300756 -0.0457237 0.0441209 -0.0886315 -0.4357043 -0.2322255
0.2568970 0.6681061 0.2976507 0.5902517 0.1992167 0.6085114 0.6253443 0.5740776 0.8934826 0.0074634 0.4354493 0.8157401 0.2903836 -0.2359974 0.0000000 0.5175156 0.3062847 0.6891350 0.5176656 -0.0381438 0.7346513 0.6112688 0.1200820 0.4496616 0.5333153 0.3717801 0.6337745 -0.2669522 0.7823326 0.0807217 0.1623745 0.2357137 -0.6593205 -0.1342649 0.2795766 0.6730588 0.4711187 0.2651093 0.0835912 0.3458001 0.3120421 0.7800175 0.1688388 -0.4475719 0.6086222 0.2730528 0.2798071 0.2364608 -0.5037616 0.2455648 0.1354735 0.2683528 -0.1607982 0.0593166 0.1139864 0.1455602 0.3172874 0.0814027 0.4891912 0.0953081 0.6330262 -0.0660614 -0.0663663 0.1835994 0.0142308 0.0831414 -0.1009937 0.0375626 0.2076983 0.2385533 -0.0831328 0.3180032 -0.3639575 0.3612208 0.1276054 0.0891436 0.3670845 -0.1888341 -0.2600166 0.2100825 -0.4696609 0.0507417 0.1056451 0.2452882 0.5495790 0.4181093 0.3139959 0.3776263 0.3428872 0.5519159 -0.0963647 -0.1518175 0.1737223 0.0603553 0.2329769 0.2620612 0.1603685 0.2802965 0.7069788 -0.1437864 0.4248843 -0.1062942 0.1945902 -0.1800604 0.0700842 0.4547841 0.0529251 0.3286334 -0.2752767 0.3786598 0.3994543 -0.1497732 0.4087453 0.4123808 0.4791425 0.3600179 0.3031420 0.2490579 0.1345085 0.0449990 -0.1462308 -0.0689096 0.0661297 -0.4806395 0.0336693 0.3172229 0.1575047 -0.2852236 0.1174926 0.1110595 0.1497271 -0.2423238 0.4083870 -0.1805570 0.1043838 0.1572583 0.0732839 -0.0181125 -0.2266751 0.7063955 0.5431158 0.6590098 0.4149878 0.6798296 0.0618787 0.5837269 0.2381675 0.3773298 0.2723679 0.6712138 0.7669993 0.7440768 0.5493509 0.5892349 0.3112758 0.7674121 0.6217099 0.5071807 0.5404950 0.6796289 0.0661171 0.6371011 0.6851695 0.5031160 0.1589134 0.7663051 0.3971601 0.3658295 0.5320105 0.4685416 0.2178836 0.2028489 0.3897265 0.1040737 0.4951758 0.4326735 0.5862678 0.4294730 0.6942426 0.7113933 0.4134394 0.6526107 0.5905699 0.4136443 0.3365470 0.5111038 0.3052133 0.0817774 0.2038035 0.1914724 0.3481571 0.4031003 -0.1132030 0.4318712 0.4690521 0.3890038 0.1458277 0.2999454 -0.2008249 0.2159885 0.1457480 -0.3166345 0.1569557 0.3302686 0.3466476 -0.4227546 0.3003281 0.4361604 0.0503947 0.3469943 0.4222392 0.5375207 0.2143630 0.5891851 0.5934967 0.1220560 0.2584470 0.0562107
-0.1383496 -0.0754754 0.2024455 0.5179431 0.1035151 0.1543646 0.3235178 0.7581712 0.4922680 -0.0178040 0.8485771 0.3723743 0.3502519 -0.3193489 0.5175156 0.0000000 0.3106209 0.3013961 0.9086263 -0.4908533 0.2258753 0.5610465 0.5243942 -0.1426927 0.7719767 0.7335769 0.6294901 -0.3147667 0.2821097 -0.0122490 0.2988350 0.4713107 -0.4496985 -0.0715964 0.8381451 0.1031277 0.9044021 0.7417503 0.3422847 0.6770144 0.5976799 0.1955647 0.7396869 0.1704867 0.4662651 0.8673964 0.9068010 0.6452643 0.1452508 0.5768946 0.7622503 0.7094679 0.1504464 0.6859388 0.6291729 0.7575758 0.8244282 0.6153815 0.0035091 0.7497009 0.3264163 0.6465677 0.5843738 0.6426118 0.2173277 0.5841736 0.5681168 0.5835535 0.7658462 0.8228173 0.5416692 0.5524458 0.3880463 0.3789811 0.7634678 0.7666802 0.4631340 0.4817695 0.5299932 0.2485868 -0.0547174 0.1495093 0.0365825 0.0158393 0.1720821 0.3279519 0.2011368 0.0713506 0.2731773 0.1504615 -0.1298452 -0.0670689 0.1457754 0.0444419 0.1939934 0.2233004 0.0986865 0.3785886 0.4415991 0.2631557 0.4386182 -0.1201351 0.2049934 0.1819292 -0.2614526 0.4082064 -0.1246492 0.4560071 -0.4899330 0.3229570 0.0607371 -0.3139978 0.3557069 0.4690359 0.5016278 0.4013429 0.4423540 0.1753259 0.2686467 -0.5191212 -0.3030027 0.1466940 0.3543602 -0.0537169 -0.5012800 -0.0689342 0.2467055 0.0431478 -0.3639975 0.1566732 -0.2225362 0.2474186 -0.0011891 -0.1813513 -0.2040154 0.0228698 -0.5335059 -0.4416040 -0.5785718 0.2837992 0.1316760 0.2821462 0.3627706 0.2235921 -0.3776705 0.1162617 -0.0905823 0.0157703 0.0815805 0.3553010 0.3906546 0.2833833 0.2995082 0.3139629 0.4992252 0.2947441 0.3909052 0.3706634 0.2899160 0.5036029 0.3697456 0.3865464 0.1670843 0.1998268 0.3299574 0.3831415 0.3910456 0.1941801 0.4262158 0.4283092 0.1838968 -0.1272443 -0.3570024 -0.1995485 -0.1099573 0.0608426 0.1721490 0.2181882 0.2327196 0.2724489 0.4781655 0.1417769 -0.0101901 -0.1505498 -0.2064763 0.3554371 0.0041361 0.1048439 -0.1765884 -0.1011903 -0.4362482 0.1389033 -0.0998938 -0.1851773 -0.1606095 -0.0670606 -0.1668118 0.3029605 -0.2168239 -0.1684004 0.1705707 -0.2830414 -0.1791720 -0.2053143 0.2037158 0.0316425 -0.2788831 0.1639466 -0.0684489 0.2695902 0.0441891 0.0744459 0.1567472 0.2137078 0.3095799 -0.0282214 0.4311200 -0.0075602
0.0466482 0.2206940 0.0862691 0.2808312 -0.0178631 0.2505764 0.2179520 0.2151609 0.5321043 0.4488052 0.3051636 0.1275309 0.0492028 0.6232446 0.3062847 0.3106209 0.0000000 0.4752635 0.1897443 -0.3738424 -0.0055509 0.2735831 0.2326227 0.3042195 -0.0291830 0.1387272 0.5464394 0.2694837 0.1053310 0.5729837 0.1642870 -0.1132991 -0.1105653 -0.0160172 0.1492840 0.0530235 0.2590283 0.0219763 0.8834893 0.4251522 -0.0243174 0.1714738 0.3611280 0.2036139 0.0826465 0.0458015 0.1261559 -0.1146383 0.0111587 -0.0107722 0.0028739 0.6425524 0.0007484 0.3625949 -0.0446020 -0.0268177 0.0331745 0.3894165 0.0450560 0.1103899 0.1123329 0.2255271 0.1753433 0.3873274 0.0981026 -0.0543245 -0.0113625 0.5554040 0.0039705 0.4195988 -0.0863860 -0.0054179 0.0975781 0.0533820 0.0284315 0.4120912 0.2981613 0.1864371 0.3033708 0.0921815 0.1967392 0.1180989 -0.2752766 -0.1728561 0.2199009 0.1048361 -0.3649398 0.4748031 0.0561647 0.1244952 -0.2351537 -0.1806887 -0.3765745 0.6949906 -0.0996828 0.1979503 0.0393281 -0.1083479 -0.0103549 0.5109324 0.4943635 -0.2248273 0.0959251 0.5855297 0.0651962 0.1642612 -0.0004432 0.3318018 -0.2996066 0.2294186 -0.0070941 -0.2059130 0.4257513 0.4266816 0.4527430 0.6085316 0.5570885 0.1230956 0.5282378 -0.2119805 0.0303083 0.1410025 0.4368116 0.2913380 -0.1503612 0.4715451 0.3549923 0.0403810 0.0888653 0.3935874 0.1821098 0.3260618 0.3012029 0.2393508 0.5263111 0.5895876 0.1019880 -0.0962383 -0.0248628 0.6497397 0.6689167 0.6282575 0.3852234 0.3322716 0.2807171 0.6239186 0.2964030 0.2654679 0.4324072 0.6980675 0.6139846 0.4837458 0.5910186 0.7965910 0.2732819 0.4898639 0.5823741 0.5967262 0.2503571 0.6940212 0.1433954 0.6692293 0.5846100 0.4825760 0.3924767 0.6133572 0.4400013 0.6642205 0.6576218 0.5935264 0.5708681 0.6131162 0.1731826 0.4040121 0.3038434 0.1488194 0.0996130 0.1000954 0.0178498 0.1440600 0.2302977 0.1557460 0.1717435 0.0858599 -0.0603291 0.0219269 -0.0388640 -0.1105610 0.0352606 -0.0470456 -0.1072844 0.0503215 0.1897748 -0.0660622 0.2332577 0.1759648 0.4081422 -0.1964674 -0.0346876 0.4399966 0.0661869 0.3491646 -0.0346103 -0.0712047 -0.1808750 -0.0057266 0.2751988 -0.0303692 0.3865303 0.2854803 0.3663662 0.5488285 -0.2697160 0.0618159 0.2693676 -0.2147623 0.1564925 -0.0141102
