0.0000000 0.1046183 0.6763351 -0.3359904 0.4184976 -0.2457178 -0.1028828 -0.0945202 -0.3116448 -0.0328755 -0.3455394 -0.1603252 0.2160491 0.1628737 -0.1421632 0.2384950 0.0601897 -0.1123566 0.0488004 0.2276544 -0.3047553 0.1034256 0.1593056 -0.1411506 0.2689397 0.1632300 0.4981324 -0.0478967 -0.3653803 0.1128658 0.2539860 0.4155087 -0.0795186 -0.2161132 0.1630738 -0.3938873 0.2215016 0.2239623 0.1653788 -0.0894135 0.6543350 -0.4988902 0.1923334 -0.0535398 -0.2576776 0.1041322 0.0318095 0.4603592 -0.1157365 0.1270129 0.1615410 0.1117116 -0.2158128 0.0921980 0.4522356 0.2215475 0.1353255 -0.2890209 -0.2032365 0.1228545 -0.1619015 -0.0054763 0.4893498 -0.2956909 -0.1031030 0.2308921 -0.1401358 -0.0739791 0.1978517 -0.3128684 -0.1216026 -0.1065758 -0.3282468 0.0656132 -0.1640352 -0.2803235 -0.1847147 0.0356475 0.0237288 0.0308741 0.1810550 -0.1711893 -0.3605745 -0.5144745 -0.5960530 -0.4373894 -0.4497262 -0.1949335 -0.5057290 -0.3526293 -0.4065966 -0.4095458 0.0903110 -0.5360916 -0.1744336 -0.1388274 0.0690658 -0.0256525 -0.0030653 -0.4317396 -0.1351455 -0.1145650 -0.3905135 -0.6448937 0.0074272 -0.3414045 -0.5296154 -0.3356618 -0.0729241 -0.3561061 0.0316016 -0.2485100 -0.1008083 -0.1127865 -0.2870395 -0.0074278 -0.0323811 -0.2644045 0.2210939 -0.0449632 -0.0126215 0.1077112 -0.0630231 0.2045344 0.0787176 0.1671418 0.0633317 -0.0405592 0.0649195 0.1587629 -0.0703595 -0.1449431 0.0852492 0.2474134 0.0427317 0.2737851 0.0395497 -0.1238499 -0.0576906 0.1448468 0.2178072 -0.2242304 -0.0109362 0.2249945 0.0860467 0.2312431 0.0811552 0.0485636 -0.4842757 -0.0115485 0.1898341 0.2587821 0.0791440 0.1296746 0.1736748 0.1188985 -0.2113991 0.0227181 -0.0980115 -0.0573873 0.0654550 -0.1546841 -0.0042688 -0.2302884 0.0251792 0.1060553 0.0593820 -0.0724369 -0.0778198 -0.1505747 -0.0202990 -0.2089581 0.0129871 0.0896728 -0.0837116 -0.1261051 -0.0258300 0.0967787 -0.0979439 -0.0347757 -0.1100738 -0.1689736 -0.4168039 -0.2526135 0.0175172 0.2375172 0.2608799 0.3992230 0.2762003 0.1327693 0.0447972 0.2326242 0.1179365 0.1784201 0.2271238 0.0378151 0.0173203 -0.1996321 0.1347589 0.1441174 0.3931513 0.1542866 0.1996821 0.3357468 0.6644901 0.5386949 -0.0089747 0.4611358 0.1130391 0.1024902 0.2021381 0.2910531 0.5850809 0.5365548 -0.0026214 0.2090067 -0.2371580 -0.2278997
0.1046183 0.0000000 0.3967761 0.2284696 0.1627790 0.3294698 0.2900374 0.3342527 -0.1714147 0.1850421 0.4245852 0.4792275 0.2876498 -0.0062137 0.0021802 -0.0557875 0.1318412 0.0003266 0.1552547 0.0550844 0.4184621 0.2586409 -0.3387792 0.0789736 0.0251800 -0.2474619 -0.2378457 0.0420477 -0.0263643 -0.1128021 0.2424000 -0.2311090 -0.2757750 -0.1505891 -0.5150988 0.5862232 -0.4821969 0.0686997 -0.3023563 -0.0856784 0.3306457 0.4726532 -0.4078437 -0.2107187 0.3776292 -0.2089450 -0.3587171 0.0495385 -0.2741619 -0.1780712 -0.3795109 -0.3641328 -0.2073268 -0.1888901 -0.0847667 -0.1289458 -0.3960292 0.0223823 0.3248155 -0.5219398 0.4189128 -0.1595365 -0.2298542 0.0092394 0.3072560 -0.3146490 -0.2604128 -0.0594040 -0.2169713 0.0366188 -0.2415999 -0.0437125 0.0708413 0.2760574 0.1449192 -0.2104652 0.4187494 -0.2323681 -0.3506026 0.2811188 -0.3360612 0.1095043 0.0798669 -0.1836418 -0.2663615 0.0298552 0.0625826 0.0433958 -0.1352543 0.0721949 0.1869398 -0.1207042 0.4240124 -0.0385104 0.1162489 0.1400632 0.1744028 0.4461366 0.0603193 -0.0920769 0.2349776 0.1594159 0.1816687 0.0905030 0.3493038 0.2219308 -0.0535859 -0.0534562 0.2530878 -0.3048133 0.4763985 0.1387388 0.3980618 -0.0155700 0.0073319 0.3677485 -0.1424187 -0.1259853 0.3004862 0.2662657 0.1249627 -0.1973647 0.2260511 0.5238913 0.1529111 0.5939336 -0.0227293 0.4455070 0.2120886 0.1306340 0.0726422 0.4230927 -0.0564129 0.2657547 0.3687276 0.2834914 -0.0413269 0.2973759 0.0476172 0.4646304 -0.0282423 0.2796512 0.2223136 0.2948180 0.0446887 -0.2041788 -0.0026080 0.0301593 -0.0794616 -0.1107959 0.2232746 0.2650997 0.2312796 -0.2182459 -0.0300213 0.0797428 0.1770062 -0.0163190 -0.0118357 0.2067773 -0.0488347 -0.0597622 0.0248607 0.4096614 0.0652875 0.1103069 -0.0764998 0.1260310 0.0733749 -0.0426638 -0.0730609 -0.0970191 0.5032147 0.5494197 0.8145133 0.5704950 0.3656467 0.2837466 0.4508557 0.5538753 0.3001772 0.5172348 0.4427571 0.4582946 -0.0265123 0.3955521 0.0572776 0.0430866 0.2215440 0.2885539 0.5003731 0.2143442 0.0395141 0.4620051 0.5308430 0.5498513 0.4930755 0.3331353 0.2185336 0.5706495 0.0003623 0.3854219 0.4328949 0.4359196 0.1906519 -0.1336084 0.5425187 0.3257960 -0.0422087 0.4304410 0.5428591 0.2593437 0.2231915 0.4795610 0.5851960 0.0859955 0.1958129 0.1611853
0.6763351 0.3967761 0.0000000 0.1104516 0.7062419 0.1060685 -0.1875535 0.3277088 -0.1873717 0.0856730 0.1921747 0.0094381 0.6221442 -0.0356066 -0.0928987 0.3708724 0.0726015 0.3586486 0.3060276 0.4552773 0.0234650 0.3689147 0.2195835 -0.1423173 0.4623083 0.2792534 0.3979196 -0.1288808 -0.3018799 0.0030679 0.3929550 0.3955642 -0.4028991 -0.3240557 0.1937912 -0.0599389 0.1859818 0.4335799 0.0449558 -0.0797565 0.6074576 -0.2471900 0.2184834 -0.2588568 -0.1087765 0.1189062 0.0559173 0.5111188 -0.3830694 0.2059090 0.1925871 0.1502696 -0.2788786 0.1185477 0.4081617 0.2378348 0.0679825 -0.2461067 -0.1086058 0.0599747 -0.0022128 0.1093904 0.2761290 -0.1573305 0.2337784 0.2125886 0.0366181 0.0399395 0.1695362 -0.0850039 -0.0113852 0.0498522 -0.0636334 0.2865577 0.1145456 -0.2002500 0.2159015 0.0524835 0.0079222 0.3236590 0.1126420 -0.1677376 -0.3959360 -0.5737789 -0.7036357 -0.4466036 -0.3693823 -0.4476297 -0.4286554 -0.4744284 -0.1532342 -0.4846358 0.1605122 -0.6731857 -0.2414268 -0.0739856 -0.0903841 0.0377358 -0.0839377 -0.3729879 -0.1887260 -0.1482583 -0.4457716 -0.4282374 0.0287924 -0.2572534 -0.6984960 -0.5716638 -0.0550470 -0.6266157 0.1330935 -0.3514399 -0.0938296 -0.3970899 -0.3029940 -0.0873627 -0.2634533 -0.4409657 0.0590645 -0.2116760 -0.2611490 -0.3386982 -0.0441604 0.3096334 -0.0839352 0.2613877 -0.1660691 0.1422779 -0.0344511 -0.0534204 -0.1608063 0.1369822 0.0360570 0.4108563 0.3165941 0.2332496 0.0605668 -0.1443198 -0.0399931 0.1591921 0.0426556 -0.1908883 0.0242307 0.1706957 0.1259047 -0.0035432 0.0384127 -0.0371391 -0.4775660 -0.3042234 0.0174812 0.1918675 0.0468344 -0.2398349 -0.1367083 0.0477700 -0.1620785 -0.1226732 -0.2730774 -0.1419664 -0.1307665 -0.3756642 -0.0611039 -0.0465201 -0.1276059 0.0801082 -0.0949127 -0.3056925 -0.2820357 -0.3405832 -0.2331417 -0.4096967 0.0320563 0.2160429 0.1585706 0.0153680 0.1335770 0.1339425 0.1573654 0.1679669 0.0419801 0.1137205 -0.2298012 -0.0210291 -0.0787917 0.4240353 0.1744330 0.3690192 0.2485240 0.2324356 0.1327260 0.4256550 0.0445270 0.2680870 0.2799290 0.1926022 0.3017473 0.0437783 0.3039076 0.3010102 0.5951528 0.5470888 0.6008261 0.6490473 0.6031843 0.4166179 0.2644186 0.7081156 0.1728688 0.4092280 0.5307257 0.4860793 0.5715667 0.6785995 0.3740533 0.4577222 -0.0195822 0.1279964
-0.3359904 0.2284696 0.1104516 0.0000000 0.4685778 0.5744119 -0.0174397 0.6932338 0.0040305 0.3359493 0.5797796 0.3987150 0.5474975 0.3486464 0.2510164 0.3427142 0.2823662 0.4269725 0.5538239 0.5129489 0.3856809 0.5521325 0.0697157 0.5868793 0.4968801 0.3388007 0.1489449 0.4723660 0.2950707 0.3730421 0.4683490 0.2409714 0.1830571 0.2664053 0.2223401 0.3452628 0.2290460 0.4556044 0.3644216 0.4843126 0.0385408 0.3269108 0.3217109 0.3869657 0.3501051 0.2983576 0.3568194 0.1938921 0.0811050 0.2514792 0.3526243 0.5082083 0.3278996 0.3844454 0.1865510 0.3413922 0.2741002 0.1576476 -0.0103174 0.3066706 0.1417120 0.5582788 -0.0126445 0.5190407 0.6581965 0.3114619 0.5390683 0.3031368 0.3506364 0.7106816 0.4441105 0.6120498 0.4780866 0.6490408 0.5750508 0.5532831 0.6692943 -0.2523959 -0.0105642 0.3462714 -0.5324718 -0.2084440 0.3084491 0.2787983 0.1020908 0.2914592 0.3095492 -0.1474231 0.3555281 0.0361170 0.2884435 0.1126516 -0.0183810 0.1760320 0.1612393 0.1890945 -0.1626540 0.0915051 0.0171958 -0.0428244 0.3875914 0.2369827 0.2267180 0.3349152 0.0511024 0.4148297 -0.0007517 0.1215216 -0.1705085 0.0026522 0.1844481 -0.2303738 0.0430015 0.2129192 0.1821511 0.1377485 0.2490273 -0.0476882 0.1797894 -0.0195362 0.1697636 0.0885721 0.1542284 0.2547924 0.2791529 0.0764759 0.2643928 0.2926530 -0.0194764 0.2025997 0.3621540 0.4086717 0.4835016 0.6110140 0.0984197 0.0960678 0.6113815 0.1327852 0.4155989 -0.1247515 -0.0078820 0.0606377 0.2156842 0.0390979 0.5566683 -0.3848179 0.4061572 0.1152163 0.2443295 -0.1952324 -0.0371593 -0.0215447 0.2040861 -0.2813251 -0.0057578 -0.4470353 0.0979034 0.1768759 -0.0971172 -0.1708706 -0.1896161 -0.1243868 -0.1666527 0.0222640 0.0213252 -0.0569795 -0.1585676 0.0095813 -0.0923362 -0.1145661 -0.1411905 -0.0402200 0.0143365 0.0886226 0.1823216 0.0811546 0.2006055 0.1168012 0.2370964 0.2355409 0.1172739 0.2427369 0.1297970 0.1785266 -0.2490524 0.3847006 -0.1928768 0.0219628 0.2029955 0.3760804 -0.1166660 0.4507969 0.1607260 -0.0084987 0.0025739 0.1747481 0.2827276 0.6861865 0.2470065 0.0871227 0.0687953 0.3296934 0.3985681 0.2866807 -0.2684307 -0.3600760 0.0601090 0.3567312 0.2986841 0.4236025 0.1165160 -0.0919734 -0.0758701 0.3328001 0.5248171 0.2168590 0.2490237 0.4614472
0.4184976 0.1627790 0.7062419 0.4685778 0.0000000 0.3587947 -0.0992857 0.5433171 0.0614664 0.2397827 0.2709124 0.1699048 0.6156456 0.3546945 0.3082129 0.4022181 0.1372598 0.6277370 0.4969768 0.6169164 0.2335091 0.4246203 0.2449397 0.3760144 0.6337149 0.4606654 0.5516751 0.3399224 0.0718553 0.3239732 0.5262110 0.4403875 0.1170037 0.0979492 0.3063253 0.0950212 0.3845277 0.5434576 0.2738544 0.2927855 0.4294109 -0.0187512 0.3534994 0.0575398 0.1710826 0.2533187 0.2993271 0.4666113 -0.0645840 0.3468779 0.3622776 0.3752651 0.1475759 0.2569282 0.4379707 0.3792542 0.3158575 -0.1998777 0.1068085 0.2880509 0.0943917 0.4020789 0.3638101 0.2810923 0.5549023 0.4073250 0.3739102 0.3030341 0.3569584 0.2664977 0.3691102 0.3406745 0.1949128 0.4818974 0.3222071 0.1780085 0.3713954 -0.0193195 0.1134070 0.4024846 -0.0569439 -0.1873184 -0.1682067 -0.3062622 -0.4559022 -0.2896018 -0.2721017 -0.2165787 -0.2380021 -0.3490810 -0.0947808 -0.4181992 -0.0015269 -0.2657870 -0.2056168 -0.0930454 -0.2751770 -0.0845503 -0.1569868 -0.2747570 -0.0725894 -0.0557489 -0.3616063 -0.1441684 -0.1281138 -0.1877062 -0.5765541 -0.4078147 -0.3503816 -0.5088187 0.0424913 -0.4806915 -0.1877439 -0.3218699 -0.2284519 -0.1883034 -0.0911120 -0.2551233 0.0062889 -0.2711978 -0.1603734 -0.2589979 -0.1181907 0.1871527 -0.0130151 -0.0457862 -0.1789608 0.0247070 -0.2895149 -0.0459660 -0.0357022 -0.0318824 0.1508690 0.4945709 -0.1803312 0.0978449 0.2747968 -0.3401179 0.0803866 -0.2079971 -0.0668536 -0.3378058 -0.2070994 -0.0230957 0.2683102 -0.0932796 0.0769237 -0.2754689 -0.4807616 -0.3402944 -0.0209697 0.0763764 0.0148840 -0.2797031 -0.1392813 -0.1512049 -0.2635477 -0.0412331 -0.4749854 -0.2742777 -0.2871921 -0.3743118 -0.0074284 -0.1387510 -0.1288783 0.0306247 -0.0230246 -0.3488583 -0.2529704 -0.2383575 -0.3855099 -0.3837355 0.1753299 -0.0411690 0.0881242 -0.1307240 0.0192983 0.0152640 0.1483890 0.1774151 0.0915293 0.2073631 -0.0264049 0.1725528 0.0170471 0.4377845 0.0400727 0.2612513 0.1965487 0.3581506 -0.1280491 0.4987458 0.1200060 -0.0115308 -0.0236176 -0.0323634 0.1805779 0.1908745 0.3134720 0.1047344 0.3066143 0.5028372 0.4896567 0.5078160 0.2705817 0.1967277 -0.0224693 0.7064643 0.3348025 0.4848343 0.2628675 0.2214561 0.3169251 0.6921120 0.4556613 0.4283303 0.1181690 0.2965399
-0.2457178 0.3294698 0.1060685 0.5744119 0.3587947 0.0000000 0.5031773 0.1198608 0.4233625 0.7850880 0.5226604 0.7119014 0.2213244 0.4112717 0.4861645 0.0256380 0.4779826 0.1903565 0.0312200 0.0522856 0.6111051 -0.0382035 0.0074762 0.6018164 0.0423631 -0.0191777 0.1097566 0.4933285 0.5784222 0.3104361 0.0223599 -0.1550217 0.2642261 0.4922660 -0.1543083 0.5492552 -0.1986157 -0.1045270 0.0201663 0.2738550 -0.2447783 0.3933857 -0.0829911 0.2823527 0.4201163 -0.2205918 -0.1083815 -0.2403845 0.2711791 -0.2464785 -0.1402208 -0.0230616 0.5793692 -0.1165697 -0.2647403 -0.1547405 -0.2492846 0.1629146 0.1853957 -0.2180193 0.1715832 0.1083256 -0.3406352 0.5359721 0.7007391 -0.2495043 0.0230645 0.0859767 -0.1841513 0.5382593 -0.0532468 0.5262099 0.2118790 0.3428713 0.0170532 0.2723543 0.5269773 -0.1252034 -0.1088094 0.3235772 -0.2669345 -0.0552848 0.2008293 0.1352462 0.0372322 0.0879445 -0.1083102 0.0700287 0.1633303 0.1120585 -0.1310719 -0.2453320 -0.0364410 0.1087832 0.0573610 0.0983204 -0.2390656 -0.2378405 0.0309523 -0.0714220 0.2251004 -0.2384263 0.0488027 0.1316880 -0.1969973 0.2226162 -0.2048741 -0.0772392 -0.3768074 -0.0204158 -0.0097469 -0.4312937 0.0325921 -0.0570023 0.0332041 -0.0850047 0.0217806 0.0338645 -0.1122676 -0.1341629 -0.0315670 -0.1865618 -0.1449284 0.2502831 -0.0825722 -0.0678325 -0.1938711 0.0319686 -0.1807126 0.1386834 -0.0530199 0.0584545 0.0862478 0.4510557 -0.0651697 -0.3275355 0.1211119 -0.0974918 -0.1822772 -0.3154986 -0.4390089 -0.3568693 -0.1800957 -0.2515964 -0.0554861 -0.6338994 -0.1752833 -0.4596548 -0.0193859 -0.5171252 -0.0606459 -0.1758273 -0.0022621 -0.4953534 -0.4086934 -0.5625352 0.1658420 -0.2801757 -0.1321179 -0.0366722 -0.4674049 -0.2267269 -0.0801817 0.1468463 -0.2409834 -0.2965776 -0.0231526 -0.0365898 -0.1221592 -0.1191976 -0.3001485 -0.1852500 0.4489804 0.3314773 0.4867354 0.2093419 0.2867369 0.2108399 0.3623537 0.3441690 0.0831052 0.2759642 0.3263175 0.2322389 -0.3095291 0.0371779 -0.4491385 -0.2041962 0.0381106 0.0255016 -0.2277885 0.1209131 0.0303535 -0.0776630 -0.0552781 0.1211697 0.1439086 0.3447289 0.1316377 0.0295000 -0.2671497 0.2518153 -0.0437648 -0.0906372 -0.3932473 -0.5531632 0.1240510 0.1762364 -0.0538238 0.3695373 -0.1799857 -0.2481335 -0.4245668 0.1129293 0.5392482 0.0021551 0.5472304 0.4596989
-0.1028828 0.2900374 -0.1875535 -0.0174397 -0.0992857 0.5031773 0.0000000 -0.2724362 0.3670128 0.4084236 -0.0017032 0.6664449 -0.3304941 0.3537952 0.3868192 -0.2927883 0.3055963 -0.3933318 -0.1308752 -0.3461822 0.3349040 -0.1881850 -0.2887407 0.2464793 -0.2176348 -0.2294278 -0.0169141 0.2659473 0.2654707 0.1187593 -0.1059468 -0.4170527 0.1352119 0.1959095 -0.4530538 0.3829473 -0.3699746 -0.3461643 -0.2594695 0.0772018 -0.1760484 0.3356353 -0.4902110 0.1650740 0.4924796 -0.3084308 -0.1863432 -0.3610687 0.2582820 -0.2595265 -0.3739884 -0.3378554 0.3080120 -0.3125400 -0.3781813 -0.2688963 -0.3020356 0.2534893 0.3669630 -0.3972890 0.4243487 -0.2352157 -0.4037478 0.2236909 0.2810867 -0.3931166 -0.2750908 -0.1091648 -0.3176439 -0.0257406 -0.2352605 0.0999174 -0.1048301 0.1086104 -0.2371354 -0.1331784 0.0834035 -0.2037348 -0.2826509 0.1774397 -0.2119756 -0.1009296 0.3504136 0.2838549 0.1037828 0.2206262 -0.1025045 0.2318638 0.0842006 0.2561160 -0.3062564 -0.1407969 0.1211196 0.3754170 -0.0405042 -0.0605076 -0.0225404 -0.0450001 0.1957393 0.2996827 0.3153018 0.1035235 0.2341659 0.1431266 -0.0074309 0.1565338 0.1833112 0.1462000 -0.1540057 0.1393639 0.1642325 -0.0721204 0.1977809 0.1683432 0.2725012 0.0715184 0.1631489 0.3337787 -0.0460092 0.2670524 0.2145209 -0.0688028 0.0164260 0.2245977 -0.0807197 0.0480998 -0.2593858 0.1446037 -0.0966491 -0.0438301 -0.1715323 0.0815075 -0.1847903 0.1308837 -0.3159562 -0.1984527 -0.2101122 -0.0542967 -0.2987834 0.0545747 -0.4354509 -0.1084138 -0.2406351 -0.0340412 -0.3850031 -0.3175121 -0.4063314 -0.5513899 -0.0885414 -0.1430432 0.4130066 0.1034377 0.0540191 -0.1033063 -0.4206084 -0.1009092 0.2328735 -0.2724055 -0.0414904 0.4326651 -0.3168474 0.1225645 0.2307223 0.4595103 -0.1183969 -0.0466640 0.2288146 0.3773191 0.3284259 0.2688555 -0.0669067 0.1368989 0.6985821 0.1540794 0.6711148 0.1649222 0.2515838 0.5002913 0.2676967 0.3489646 0.2875652 0.2036441 0.2857486 0.1574730 -0.0828433 -0.0807414 -0.1533932 -0.1400134 0.0919993 -0.0682558 0.1007651 0.0106502 0.1676811 0.2185098 0.0882010 0.2191498 0.0498926 0.0928405 0.1572076 0.0903085 -0.2962302 -0.0480272 -0.4162446 -0.2628954 -0.5338636 -0.5352694 0.1564354 -0.0399874 0.0116429 0.2819955 -0.2591213 -0.2012701 -0.5257227 -0.0991312 0.1696694 -0.0736899 0.6735237 0.2419702
-0.0945202 0.3342527 0.3277088 0.6932338 0.5433171 0.1198608 -0.2724362 0.0000000 -0.0899962 -0.1193191 0.6295440 0.0375972 0.6435629 -0.0187655 0.1308923 0.3810366 -0.1953409 0.5026512 0.5538724 0.4584265 0.0831884 0.5550525 -0.0732089 0.2759792 0.5043106 0.2935824 -0.0013186 0.0673243 -0.1019270 -0.0575489 0.4626393 0.2439047 -0.1464953 -0.1721587 0.1019815 0.1220358 0.1858608 0.5243869 0.0345139 0.0870821 0.3018543 0.2474374 0.1253749 -0.2010263 0.2387570 0.2056942 0.2254551 0.3756787 -0.3769641 0.3324851 0.2708015 0.2802786 -0.1880207 0.1689915 0.3956917 0.2902295 0.2625306 -0.2744303 0.0800144 0.2078751 0.1187703 0.4441490 0.2116203 0.1580570 0.3393551 0.4091554 0.4378222 0.3919195 0.3825610 0.4613327 0.5020241 0.0852196 0.5508190 0.4714490 0.6800521 0.3128022 0.5375983 -0.0615496 0.0414823 0.2141248 -0.2900551 0.0307092 0.1345978 0.0288073 -0.0664750 -0.0248341 0.0703394 -0.1004691 -0.0340682 -0.2121834 0.3848038 0.0018766 0.1968287 -0.1017518 0.0322234 0.1053705 -0.1255494 0.3520154 -0.0690581 -0.0686423 -0.0056093 0.2349701 0.1228132 0.1851423 0.1822879 0.1868990 -0.0661403 0.0188767 0.0011909 -0.2317194 0.2256964 -0.0230379 -0.0004194 -0.0776550 -0.0333316 0.0149237 -0.0041947 -0.2780610 0.1252458 -0.0196905 0.0746712 -0.0540917 0.2925702 -0.0123871 0.2484748 0.1337212 0.1360608 0.3484561 -0.0248319 -0.1730446 0.1706279 0.2290441 0.2678141 0.2536731 0.1690117 0.3938644 0.3427247 0.0913448 0.4843103 0.0248727 0.2581902 0.1542161 0.2989089 0.0289688 0.4010872 -0.0755390 0.4045031 0.2152187 0.1502652 0.0421777 0.0112254 -0.0183634 0.2465353 -0.0626121 0.1105327 -0.1319408 -0.0295835 0.1458505 -0.1825648 -0.1234380 0.0244571 -0.0793586 -0.1934569 0.0253933 0.1250404 0.0815262 -0.3306396 -0.1618775 -0.1737244 -0.1561828 -0.1323584 -0.1293096 0.0454606 0.1297072 0.1535218 -0.1159736 -0.1895601 -0.2432212 -0.0595326 0.0411420 0.0049400 0.2268488 0.1351361 0.2481446 0.0023232 0.3990277 0.0304398 -0.0023600 -0.1318970 0.2269739 0.0148189 0.3909415 -0.1457104 -0.0183500 0.0480127 0.0642355 0.1203788 0.3029739 0.0447983 0.1118118 0.1466313 0.2011144 0.4461060 0.3833414 0.0915217 0.0308438 -0.0794698 0.3972509 0.0669315 0.2608234 0.3379958 0.0208073 0.2856943 0.5210330 0.2407348 0.1750596 -0.0480457 0.0991983
-0.3116448 -0.1714147 -0.1873717 0.0040305 0.0614664 0.4233625 0.3670128 -0.0899962 0.0000000 0.1058470 0.2409604 0.3137793 -0.0789417 0.1165971 0.8449119 0.0435619 0.0374675 0.2207357 -0.0424587 -0.2914679 0.2631726 -0.1927812 0.1568153 0.4347162 -0.1628027 0.0760715 0.1742995 0.0440265 0.5291003 -0.1578982 -0.2712251 -0.2780222 0.2277199 0.4194935 -0.1733646 0.0722027 -0.0947820 -0.3143116 -0.3197794 -0.2782509 -0.5182469 0.2620229 -0.2983825 -0.1147885 0.2220559 -0.1564005 -0.0616439 -0.4643484 0.3156845 -0.1797240 -0.1974619 -0.2295539 0.5114553 -0.4069793 -0.3340402 -0.2937498 -0.1766316 0.0535076 0.3194936 -0.1468961 0.0349012 0.1147072 -0.5021117 0.4613491 0.3193675 -0.2310870 0.1040361 0.2995216 -0.4281911 0.3995862 0.1815873 0.2035800 0.3917860 0.0018684 -0.1659655 0.3258416 0.2677723 0.3481247 0.3532668 0.1046642 0.2542849 0.1367270 0.2035890 0.2915689 0.3186209 0.1355774 -0.0927390 0.0867361 0.3023786 0.2764448 -0.2682006 -0.0324353 -0.3806491 0.2314145 0.1244737 0.1445372 -0.0032277 -0.6223306 0.2305206 0.4166722 0.0053200 -0.3624214 0.1153531 0.2899817 -0.0792612 0.0978190 0.1502529 0.1728616 -0.1277068 0.2326829 0.0018630 -0.1358521 -0.0786868 -0.0464057 0.0991869 -0.3999111 -0.0317683 -0.0092098 -0.5384571 -0.2134259 -0.1445633 -0.2156614 -0.0451234 -0.5172378 -0.1102559 -0.5489034 -0.2376010 -0.0973121 -0.1966128 -0.3557273 -0.2272814 -0.3545159 -0.0860400 -0.1518272 -0.1382925 -0.2271221 -0.2036015 -0.1510280 -0.2526538 -0.2913808 0.0218943 -0.2875991 -0.1746289 -0.3964211 -0.3044210 -0.0665748 -0.2724798 -0.4338931 0.2434530 0.1113954 0.2033772 -0.2838990 0.1018872 0.2305140 -0.3385347 -0.2687264 0.1843691 -0.0571397 0.0930580 0.4889597 0.1043007 0.4305657 -0.0743774 0.3022419 0.2223124 -0.0438406 0.1649357 0.2801613 0.3301170 0.5087197 0.2927881 0.3316420 0.3859178 0.0345649 0.1182147 -0.2348309 -0.3461426 -0.4058256 -0.2496170 -0.2597049 -0.3016261 -0.2442093 0.1902970 -0.1765585 -0.1513043 -0.3384438 -0.4267501 -0.4082860 -0.3938295 -0.3506203 -0.5766497 -0.2978576 -0.3491247 -0.6255496 -0.5297614 -0.5147342 -0.6425427 -0.3142072 -0.2077332 -0.5752040 -0.5944754 -0.1778373 -0.4007944 -0.5562212 -0.6240016 -0.3078209 -0.4640979 -0.0929452 -0.4477572 -0.1021130 -0.4508094 -0.3407195 -0.7643912 -0.3936164 -0.0661709 -0.3253732 0.5079310 0.2448549
-0.0328755 0.1850421 0.0856730 0.3359493 0.2397827 0.7850880 0.4084236 -0.1193191 0.1058470 0.0000000 0.1355270 0.6060850 -0.0357438 0.5801070 0.1793239 -0.2410431 0.7101810 -0.0849212 -0.2686004 -0.0182780 0.5861882 -0.2569532 -0.0755457 0.4331392 -0.1684271 -0.2706891 0.1388917 0.6352328 0.5459809 0.5871702 -0.1499258 -0.1339735 0.4298635 0.5221355 -0.0898015 0.5206267 -0.2213600 -0.2586077 0.3107794 0.4468573 -0.2617278 0.1921249 0.0683646 0.4306183 0.2117375 -0.2944604 -0.2324239 -0.3188424 0.2341931 -0.4220363 -0.1979304 0.0228499 0.4647195 0.0831359 -0.3010205 -0.2291184 -0.3334077 0.1445588 0.0438605 -0.2285638 -0.0513228 -0.0691549 -0.2158809 0.3090734 0.4478220 -0.3793468 -0.2440127 0.0380794 -0.2033211 0.3303743 -0.4104223 0.4594041 -0.0877182 0.2301858 -0.2752836 0.1622295 0.2917694 -0.3966361 -0.2931671 0.0356403 -0.3776104 0.0298229 -0.0932582 -0.1111594 -0.1231012 -0.2362410 -0.2493652 0.3313961 -0.0808040 -0.0451443 -0.1538320 -0.3278503 -0.0622725 0.1188169 -0.0777369 -0.0318977 -0.3912957 -0.1969532 -0.1130580 -0.2573295 -0.0818281 -0.3358645 -0.2378651 -0.1640245 -0.3980953 0.0426991 -0.4379500 -0.3897748 -0.4435818 -0.1724134 -0.2507342 -0.6066918 -0.2112737 -0.2008811 -0.3000059 -0.1544754 -0.1703426 -0.1766770 -0.2371065 -0.2749257 -0.2355838 -0.1912457 -0.5242634 0.3964071 -0.3184050 0.0184417 -0.3399935 -0.2425757 -0.2713187 0.0563445 -0.3263362 -0.0277113 -0.1846099 0.3567603 -0.1717476 -0.5317657 -0.1155030 -0.2600361 -0.3844714 -0.4326764 -0.6536172 -0.4460291 -0.4040288 -0.1238321 -0.1154766 -0.7907108 -0.3023165 -0.4776652 -0.0444498 -0.6965037 -0.2508316 -0.0849212 -0.2525320 -0.5769394 -0.4570791 -0.5087944 0.0346459 -0.2905622 -0.1890420 -0.3422437 -0.5676409 -0.5024994 0.0030431 -0.1731615 -0.3628659 -0.4179192 -0.1453509 -0.1062844 -0.2135568 -0.3050259 -0.3327470 -0.1052851 0.1940236 0.2990329 0.3451730 0.4722315 0.5762356 0.3956491 0.5809017 0.4882739 0.2017720 0.3768563 0.2295731 0.2420195 -0.2731618 0.0469797 -0.3351566 0.0151301 0.2333976 0.1018180 -0.1508600 0.0739676 0.3214022 0.1793331 0.0309868 0.2243101 0.3198837 0.3640972 0.1562311 0.1611002 -0.1451061 0.1595932 -0.2238005 -0.1193673 -0.1582000 -0.4373807 0.2076168 -0.0413041 0.0683602 0.2052463 -0.3628859 -0.4037966 -0.2172079 0.0705229 0.3747180 -0.0277615 0.4461153 0.3658559
-0.3455394 0.4245852 0.1921747 0.5797796 0.2709124 0.5226604 -0.0017032 0.6295440 0.2409604 0.1355270 0.0000000 0.1953837 0.5168415 -0.1164996 0.2597526 0.3780109 0.0354628 0.3566033 0.2444363 0.1611136 0.1927446 0.3095592 0.0276183 0.3827991 0.2526332 0.1448543 -0.1839043 0.0745422 0.1982394 -0.1550964 0.1643809 -0.0301691 -0.1462262 0.0725695 -0.1691700 0.3327893 -0.1729277 0.1102364 -0.2311500 -0.0120603 -0.0151205 0.4047406 -0.2283940 -0.1894528 0.2498702 -0.1061221 -0.1373779 0.0037130 -0.1059129 -0.0042787 -0.0967450 -0.0796345 0.1060750 -0.2180106 -0.0325109 -0.0352907 -0.1514770 0.0230138 0.1195033 -0.1860462 0.1032934 0.2263316 -0.1679306 0.3007955 0.3962350 0.0623485 0.2130157 0.1935407 0.0408556 0.5528386 0.2534352 -0.0273299 0.4465601 0.1229578 0.5263443 0.2691260 0.4432883 0.3098349 0.1707707 0.2788254 0.0459623 0.3458800 0.3940479 0.1853249 0.1451727 0.1974844 0.0331976 0.0080668 0.2236148 0.1289582 0.4804656 0.2211117 0.3540192 -0.0101648 0.3777039 0.5280031 0.1472621 0.1139815 0.2010997 0.0652463 0.0653720 -0.1327124 0.3403497 0.2356294 0.3402938 0.5294852 0.0891302 0.1508532 0.1529421 -0.0328419 0.3429697 0.1530087 0.1966700 -0.0651051 0.1958376 -0.0065191 0.1125667 0.0678842 0.0459185 0.1596166 0.2385331 -0.0525970 0.3666994 -0.1819661 0.2175936 0.1390923 0.0775858 0.4937042 0.0517808 -0.1058107 0.2574812 0.3749500 0.3236230 0.2208192 0.3615503 0.2737189 0.2924570 0.2182357 0.4571003 -0.0649901 0.0717929 -0.0523575 0.3039443 -0.1680855 0.1139569 -0.2469580 0.3136145 0.1180908 0.2940175 -0.1219073 0.0018823 -0.2323758 0.3992886 -0.2872397 0.0189930 -0.4115475 0.2506481 -0.0813300 -0.0101571 -0.0191057 -0.0870166 0.0697142 -0.3919037 0.2719247 0.1170367 -0.1506237 -0.4885281 -0.1065136 -0.0897293 0.0176789 -0.2298371 -0.1747392 0.2848506 0.4181240 0.4236118 -0.0550860 -0.1628440 -0.1894118 0.0152571 0.1263072 -0.0618241 0.2259637 0.3273704 0.2419710 -0.2947568 0.0219471 -0.3730920 -0.3273016 -0.3465527 -0.0124651 -0.0017994 0.1119728 -0.3874873 -0.0646372 0.1091818 0.2138610 0.0201551 0.0665307 -0.1367363 0.0560742 -0.1170288 0.0602673 0.2685397 0.1034580 -0.2046677 -0.2099499 -0.0094093 0.3093983 -0.3680092 0.0417498 0.1568060 -0.0749633 -0.1080070 0.2143728 0.3195211 -0.0309787 0.0307919 -0.0288540
-0.1603252 0.4792275 0.0094381 0.3987150 0.1699048 0.7119014 0.6664449 0.0375972 0.3137793 0.6060850 0.1953837 0.0000000 -0.1130014 0.4722561 0.5143901 -0.3428319 0.5742139 0.0313673 0.0727001 -0.1222062 0.8270376 0.0716088 -0.4232378 0.5846541 -0.1558769 -0.3317426 -0.0602546 0.5214874 0.6628762 0.2359098 0.0018436 -0.4685805 0.3202056 0.5369315 -0.5053357 0.6302747 -0.4973945 -0.1892201 -0.0753882 0.2755383 -0.2719068 0.5347200 -0.3804380 0.3540235 0.5224996 -0.2491654 -0.2363448 -0.4009977 0.3751960 -0.3578448 -0.4099469 -0.1657104 0.5671396 -0.1143831 -0.3763593 -0.3180942 -0.4450331 0.4154320 0.3330669 -0.4364805 0.2663275 0.0009006 -0.5497569 0.6497498 0.7046391 -0.4940033 -0.2658967 0.2198664 -0.4310418 0.4378920 -0.2103831 0.5333668 0.2357731 0.4690500 -0.2551398 0.2829345 0.5996069 -0.4041156 -0.2216241 0.3839703 -0.5056265 -0.1547623 0.2861764 0.3176846 0.2273790 0.2217985 0.1555009 0.1925881 0.3270143 0.4079278 -0.1215728 -0.0900108 0.0485051 0.3929836 0.2436106 0.0628766 -0.2304863 0.0331762 0.3890469 0.1584079 0.4348070 0.0563913 0.1119153 0.3307208 -0.1344931 0.3601649 0.0536360 -0.0278757 -0.0895028 0.0796755 0.1769371 -0.2113669 -0.0573015 -0.0082338 0.1120406 -0.0975874 -0.0678735 0.0209963 -0.1144510 0.1636461 0.0395048 -0.2310338 -0.2016318 0.3357600 0.1560833 0.3412823 -0.2564356 0.0687875 0.2402851 -0.0251468 -0.0651118 0.2030706 -0.1165397 0.3008394 0.0646649 -0.2017757 -0.1298609 0.2722608 -0.1721691 0.1389826 -0.3245171 0.0773340 -0.1893454 0.1987087 0.0951488 -0.5849751 -0.1112886 -0.3328610 0.0661647 -0.2651718 0.2928894 0.1710682 0.2325935 -0.2877972 -0.4007960 -0.2735227 0.2108288 0.0563082 -0.0427253 0.3000486 -0.2434074 0.0589067 -0.0494847 0.4041575 0.0921810 -0.1156715 0.0403035 0.2886267 0.2635518 0.2105674 0.0518578 0.2516439 0.5178651 0.4550022 0.6054806 0.4826823 0.5501132 0.3706471 0.5266490 0.4167021 0.1246756 0.2671076 0.3244379 0.2102817 -0.2528207 0.1018666 -0.3558869 -0.0409320 0.2644091 0.1169425 0.0954747 0.1927656 0.2986815 0.2626288 0.3483855 0.4069370 0.3301241 0.5080472 0.3429907 0.3356323 -0.2852849 0.3252562 -0.0914837 -0.0089512 -0.4883963 -0.5574842 0.4339258 0.0510867 -0.0353424 0.5276126 -0.0595231 -0.0959208 -0.5042352 -0.0021125 0.5697278 -0.0816122 0.6354240 0.5695121
0.2160491 0.2876498 0.6221442 0.5474975 0.6156456 0.2213244 -0.3304941 0.6435629 -0.0789417 -0.0357438 0.5168415 -0.1130014 0.0000000 0.1194119 0.1322858 0.6490318 -0.1269199 0.6248297 0.6857445 0.7896139 -0.0083030 0.6983553 0.4972855 0.1692232 0.7633900 0.6536661 0.4256352 0.0566583 -0.1869857 0.1746062 0.7501621 0.7269657 -0.3186320 -0.2187600 0.5230296 0.0278599 0.5506576 0.8055049 0.2750698 0.1617795 0.6254660 0.1356889 0.5032433 -0.0707837 0.2985752 0.5905381 0.5538285 0.7553100 -0.3949174 0.6028199 0.6387029 0.5565035 -0.1548523 0.4058503 0.7255873 0.6882325 0.5465523 -0.1806656 0.1147169 0.4900938 0.2955388 0.6443316 0.4703641 0.0048833 0.4147108 0.6588484 0.6082319 0.3479770 0.6255459 0.4091665 0.5748697 0.2395431 0.4707774 0.4777003 0.7369612 0.2665339 0.5199629 0.3316531 0.3700087 0.5471971 0.1151289 -0.3091462 -0.1995161 -0.3424769 -0.4686315 0.0228346 0.0629524 -0.5257003 -0.0945797 -0.2301883 -0.0217425 -0.2587801 -0.1593748 -0.4516804 -0.0989926 -0.0049147 -0.1021931 -0.1289786 -0.0991876 -0.0439952 0.1320277 0.2030551 0.0800876 -0.0937213 0.0472718 -0.0454584 -0.2999312 -0.1028241 -0.2838271 -0.5153859 0.0488703 -0.3360276 -0.0561582 -0.0306011 -0.1724316 -0.0118428 -0.0752361 -0.3823183 0.1493152 -0.3326128 -0.0859092 -0.0956481 0.3189414 0.1858946 0.0131044 -0.0470744 0.2766480 0.3801245 -0.2174720 0.1320559 0.1493208 0.2859732 0.5160586 0.6692100 0.3577343 0.3863722 0.5387896 -0.1407576 0.2663466 0.0452971 0.2108773 -0.0733070 0.1842091 0.1581422 0.4701991 0.1144086 0.2135516 0.1057467 -0.0759963 -0.0355738 0.0253017 0.1823762 0.0126753 -0.1766533 0.0893829 -0.0615911 -0.2611506 0.1615065 -0.2931059 -0.2261825 -0.0555796 -0.1979988 0.0468682 -0.2053489 0.0321484 0.2879032 -0.0435662 -0.2631316 -0.3781022 -0.2885548 -0.0890070 -0.3959449 0.0933120 -0.1407809 0.1244518 -0.1707533 -0.1445223 -0.0265402 0.0028452 0.1594353 0.1540174 0.2141071 0.0772522 0.1442676 0.1043294 0.6136576 0.2487392 0.2999239 0.1696400 0.4715430 -0.1933522 0.6053631 0.0069313 -0.1740647 -0.0838632 -0.1005201 0.0788977 0.1356474 0.3191368 -0.0764438 0.2602497 0.4640320 0.6986972 0.5654330 0.3799371 0.3558746 -0.1471490 0.7009859 0.1762960 0.4048992 0.5583523 0.3541047 0.4766954 0.6564254 0.5170206 0.5933558 0.0837681 0.3035021
0.1628737 -0.0062137 -0.0356066 0.3486464 0.3546945 0.4112717 0.3537952 -0.0187655 0.1165971 0.5801070 -0.1164996 0.4722561 0.1194119 0.0000000 0.4813617 0.0266565 0.6684346 0.0848343 0.2542153 0.3799772 0.4542448 0.2697376 0.2006109 0.7092501 0.2400350 0.1951533 0.5861893 0.9161715 0.5559385 0.8968570 0.3816723 0.2972304 0.6733319 0.6275053 0.2294075 0.3843121 0.2494822 0.2244075 0.6764870 0.7268412 0.0719169 0.3203011 0.3106085 0.7242911 0.5156848 0.3767423 0.3479947 0.0936360 0.4177136 0.1856549 0.2217227 0.4737995 0.5790360 0.4770162 0.2228031 0.3503099 0.2513386 0.3528731 0.3797940 0.2363944 0.2641621 0.4046539 0.1744761 0.4831735 0.5678418 0.1634360 0.1705192 0.3913043 0.2693299 0.4845491 0.1274210 0.5679146 0.1475759 0.4884061 0.0962226 0.4926409 0.3476269 -0.1695704 0.1281926 0.3055438 -0.2957408 -0.2618994 0.0090741 0.0159764 -0.0383190 0.1661460 0.1647109 0.2945618 0.2050744 0.2632562 -0.2425228 -0.0855212 -0.2989050 0.4490588 0.0863163 -0.0100014 -0.2349312 -0.2940441 0.1718475 0.1900307 0.2917960 0.1932186 0.0686413 0.0789078 -0.2659894 0.1364896 -0.0575142 -0.0712046 -0.4679529 -0.1449204 -0.1335582 -0.4952054 -0.2506410 0.2198901 -0.0970405 -0.0876364 0.1059705 -0.0655678 -0.0893339 -0.1455114 0.0761039 0.1340717 -0.1933839 0.3104188 -0.0160377 -0.1027830 0.0690667 0.0590711 -0.2931827 0.1016008 -0.0116647 0.1373355 0.2210462 0.6214747 -0.2711165 -0.0474075 0.2736008 -0.2201712 -0.0333155 -0.1897862 -0.2453535 -0.1679724 -0.3847065 0.3231604 0.3834887 -0.2490734 -0.0417457 -0.3087807 0.0274010 -0.1251042 0.2515480 0.3985564 -0.0394577 -0.1243235 -0.0659607 -0.2015972 -0.2160727 0.3693847 -0.3383185 -0.1513019 -0.1843603 -0.0683767 0.2629261 -0.2174388 0.1819219 0.1552354 0.1432638 0.1903679 0.1448781 0.1593256 0.0696404 0.2293646 0.3036583 -0.1887951 0.2562799 0.2734907 0.3765315 0.4158075 0.4434199 0.5014719 0.3721096 0.3524578 0.2930565 0.2357262 0.0949430 0.4157381 0.0719188 0.3673718 0.5167841 0.5468876 -0.2090462 0.3737429 0.5508174 0.0355487 -0.0712958 0.0040786 0.1126637 0.2715775 0.3950896 -0.0560666 -0.2275580 0.1984891 -0.0516156 0.0479603 -0.1606873 -0.1186965 -0.1390383 0.2039931 0.2785143 0.2673444 -0.2523541 -0.2168050 -0.1493220 0.1707010 0.4339209 0.2460289 0.5162672 0.4727101
-0.1421632 0.0021802 -0.0928987 0.2510164 0.3082129 0.4861645 0.3868192 0.1308923 0.8449119 0.1793239 0.2597526 0.5143901 0.1322858 0.4813617 0.0000000 0.1490898 0.2078155 0.3800295 0.3158969 0.0570631 0.4578757 0.1549764 0.1566214 0.7428600 0.1441909 0.2301935 0.3646135 0.3931667 0.6760738 0.1427724 0.1365030 -0.0715454 0.4611512 0.6143584 -0.1005173 0.2193800 0.0295962 0.0037193 -0.0285857 0.0775131 -0.2282848 0.4387732 -0.1508069 0.1941499 0.5062385 0.1167836 0.1473810 -0.2242388 0.4426161 0.0025823 -0.0290524 0.0484096 0.6706883 -0.0924409 -0.0433518 -0.0119903 0.0147749 0.2145646 0.4834065 0.0062589 0.2184367 0.4404242 -0.2694640 0.7040259 0.6372007 -0.0106208 0.2428993 0.5987455 -0.1740323 0.6539312 0.3753811 0.4546597 0.6078719 0.3825139 0.0623668 0.6097827 0.5623703 0.2712008 0.4773277 0.3994501 0.0866464 -0.0573057 0.2296384 0.2562738 0.2435193 0.2456848 0.0531943 0.0840058 0.3537235 0.4038251 -0.2743594 -0.0266396 -0.3739607 0.3522384 0.2658656 0.1493215 -0.0640690 -0.5289249 0.3666360 0.4242448 0.2531447 -0.1061529 0.1945724 0.3104915 -0.0822759 0.2280751 0.1639797 0.2041378 -0.2159840 0.0897553 0.0943582 -0.2170661 -0.1358669 0.0757599 0.0915944 -0.3396464 0.0253424 -0.0671018 -0.3221592 -0.1514451 -0.0064044 -0.0965968 0.0455907 -0.2889393 0.1249484 -0.3303009 -0.0537730 0.0720843 -0.0973968 -0.1980692 -0.0503309 -0.1711064 0.1526558 0.1982758 -0.1260671 -0.0122688 0.0334391 -0.0389701 -0.0643316 -0.1682770 0.0896664 -0.1618131 -0.2356183 -0.0890409 0.1046521 -0.0965423 -0.0960456 -0.3969061 0.2302911 0.1607177 0.3907170 0.0086130 0.2211481 0.1812865 -0.2234187 -0.2817513 -0.0029272 0.2357512 -0.0712566 0.4205660 0.0788318 0.4294680 -0.0445227 0.1953611 0.3871871 0.0873516 0.1767109 0.3571128 0.3738179 0.5621720 0.3055028 0.3724303 0.5166315 0.0065588 0.2687711 -0.1041808 -0.1818923 -0.2495289 -0.0571375 -0.0315656 -0.1308607 -0.0551305 0.2930179 -0.0000921 -0.0550048 0.0308127 -0.2973479 -0.1138052 -0.0710262 0.0214944 -0.5267021 0.0847887 -0.0550889 -0.5199186 -0.3294457 -0.3549277 -0.4544683 -0.0657784 0.1102495 -0.3783170 -0.5910086 0.0543368 -0.1790678 -0.2829026 -0.5446855 -0.1762856 -0.4154803 0.1866979 -0.2975282 0.1955586 -0.2670345 -0.2058240 -0.5978768 -0.0676827 0.2515972 -0.1230462 0.5893082 0.4209257
0.2384950 -0.0557875 0.3708724 0.3427142 0.4022181 0.0256380 -0.2927883 0.3810366 0.0435619 -0.2410431 0.3780109 -0.3428319 0.6490318 0.0266565 0.1490898 0.0000000 -0.0072706 0.3439859 0.5919252 0.5796911 -0.3922119 0.4681546 0.7530088 0.1426731 0.7399569 0.8565942 0.6047441 -0.0682026 -0.1818984 0.0541576 0.5126320 0.6609347 -0.0281448 -0.0389751 0.5855958 -0.3123826 0.6056704 0.5058263 0.3077110 0.0498531 0.4549615 -0.3336820 0.4771993 0.1173816 -0.1401034 0.4575289 0.4485682 0.5118467 0.1092731 0.5273178 0.5286042 0.5060947 0.0994922 0.2963154 0.5255868 0.5417277 0.5029928 0.0167976 -0.2300156 0.4859227 -0.0791200 0.5176400 0.4396377 0.1433533 0.2402262 0.6868817 0.5578415 0.1025380 0.5380709 0.3132202 0.4798836 0.2079763 0.1323303 0.3503554 0.6626161 0.3299556 0.1818747 0.4461893 0.4556522 0.1871126 0.2675614 -0.1536392 0.0226742 -0.1806454 -0.2568981 0.0752057 -0.1145852 -0.4695778 0.0330932 -0.2310456 -0.0258729 0.1118542 0.0839470 -0.3391962 0.1083492 0.2834003 0.3943840 -0.1204885 0.0195520 -0.1707301 0.1058720 -0.0695681 0.0156739 -0.1824070 0.3357802 0.1599126 -0.0946666 0.1235986 0.0769697 -0.0268033 0.2656979 0.0376470 0.3812691 0.4106911 0.3705465 0.3446911 0.5162546 0.0370631 0.4631508 0.0015908 0.3241681 0.4717172 0.6621971 -0.0172122 0.3654643 -0.1457886 0.6290819 0.5544804 -0.0520446 0.3571842 0.4613868 0.2230268 0.7845442 0.5404193 0.1383650 0.6098878 0.7219142 0.0438965 0.4828625 -0.0065038 0.5088027 -0.0174298 0.3351954 -0.0496015 0.4486481 0.3426040 0.4551697 0.2514713 0.0448107 0.2453481 0.1812904 0.0695881 0.2603097 0.2358888 0.3708892 -0.1893959 -0.1097167 0.1920504 -0.0480907 0.0136466 0.2685231 0.1338750 -0.1841384 -0.1464272 0.1962643 0.1845033 0.0786986 0.1032613 0.0508941 0.1080584 -0.0553743 -0.1290753 -0.2177729 -0.0922496 -0.0986862 -0.4038844 -0.3446764 -0.1810397 -0.3009804 -0.1424412 -0.0935373 -0.1582009 -0.2762061 -0.1721788 -0.0636134 0.3634594 0.1719243 0.2611743 0.1090825 0.1115943 -0.2117346 0.2305888 -0.2679411 -0.3005373 -0.1783017 -0.2006294 -0.2408520 -0.1309400 0.0134591 -0.1589146 0.3209738 0.1740079 0.4547132 0.3115191 0.2165357 0.4020896 -0.3772280 0.6907421 0.0129317 0.0028285 0.1516903 0.2445120 0.2548238 0.4297691 0.0544537 0.2811919 -0.1193100 -0.1203723
0.0601897 0.1318412 0.0726015 0.2823662 0.1372598 0.4779826 0.3055963 -0.1953409 0.0374675 0.7101810 0.0354628 0.5742139 -0.1269199 0.6684346 0.2078155 -0.0072706 0.0000000 -0.0831931 -0.0243598 0.0990917 0.5472901 0.0631025 0.1039679 0.5066191 -0.0406753 -0.0747850 0.3442103 0.7170337 0.6499968 0.6661253 -0.0095441 -0.0745566 0.5808001 0.6900142 -0.0321684 0.4665801 -0.1779334 -0.1722712 0.5180410 0.5742091 -0.2103596 0.0973305 0.0752895 0.6964207 0.0740082 -0.0459639 -0.1589881 -0.3027797 0.5776259 -0.2358034 -0.2377662 0.1757275 0.6346837 0.2703178 -0.2427657 -0.1228650 -0.3042178 0.6268889 0.0206771 -0.2156007 -0.1276900 0.0155784 -0.2319920 0.5556844 0.5216619 -0.2879043 -0.2632599 0.0985918 -0.1851478 0.3903167 -0.4066836 0.5355574 -0.1742580 0.3565135 -0.2114711 0.3766237 0.2775214 -0.2757380 -0.0729631 0.1079016 -0.3181162 -0.0004991 0.0425574 0.0271221 0.0647062 0.0452410 0.0698715 0.2974516 0.3121337 0.2476837 0.0161003 0.1533690 0.1221175 0.3656983 0.3186123 0.3145469 -0.0108198 -0.0627911 0.3396112 -0.0335935 0.1358753 -0.2102075 -0.1614526 0.0221980 -0.0874369 0.4130771 -0.1386538 -0.2937933 0.0167342 0.0301360 0.0675179 -0.2462966 -0.0368313 0.1425304 0.1311685 0.0635142 0.1503333 0.0335816 -0.0363191 0.0988568 0.0996513 0.1217798 -0.2206621 0.3755998 0.1093915 0.2920714 -0.0093870 0.1641120 0.0895632 0.0993440 0.0366894 0.3738951 0.1108021 0.4777969 0.0805223 -0.0637501 0.1125552 0.1449605 0.0001016 -0.0617837 -0.2909927 -0.0385873 -0.2327159 0.2973517 0.2996172 -0.4997568 0.0946050 -0.1128169 0.1429022 -0.3335832 0.1053761 0.2822147 0.1641861 -0.2810127 -0.1435577 -0.3604993 0.0477746 0.2285825 -0.1304312 -0.1106968 -0.1179953 -0.0969249 -0.1274389 -0.0188577 0.1607046 -0.1503904 -0.1169617 0.2466800 0.2659169 0.1876774 -0.0256843 0.3295222 -0.0278099 0.3285504 0.3127923 0.5756182 0.7070358 0.4940452 0.6410620 0.5216355 0.2153942 0.2853818 0.0967007 0.1069676 -0.2944135 0.2023025 -0.1794374 0.3178604 0.5253334 0.2458967 0.1247327 0.0995585 0.4052184 0.3855199 0.3200615 0.4207878 0.3736528 0.3327986 0.2781379 0.3248057 0.0514107 0.2823615 -0.0216972 0.0929447 -0.1941331 -0.2237423 0.3138876 0.1399805 0.0359077 0.1159169 -0.2921026 -0.1403673 -0.2748888 -0.0575068 0.3653907 0.0252791 0.3642508 0.3101987
