0.0000000 0.6686960 0.4936036 0.7216501 0.6596764 0.4021983 0.4310670 0.5745856 0.2882472 0.2161325 0.3207894 0.5482975 0.4181511 0.0219182 0.2730720 0.2296197 0.3991276 0.1157604 0.2157351 0.2668118 0.3521003 0.2973504 0.2133296 0.0002667 0.0595755 0.2286610 0.2159809 -0.0151570 0.1533234 0.2176807 0.3767237 0.0004103 0.0480345 0.2897801 0.1641484 0.3407803 0.1472376 0.3374443 0.1768718 0.2219722 0.4225229 0.4117272 0.2427094 -0.0113826 0.3437820 0.2082288 0.1348456 0.5124281 0.0281192 0.0569118 0.1606382 0.3306354 0.2954028 0.0897814 0.4584782 0.1316910 0.2555613 0.1022800 0.4139132 0.2342099 0.3742649 0.5018198 0.1804416 0.1773963 0.4173595 0.5789171 0.0951354 0.3397795 0.2624067 0.3184337 0.2440371 0.1489291 0.0035967 0.4004659 0.2133543 0.3791514 0.3368210 0.0522378 0.4357792 0.4655773 0.1436621 0.3712476 0.2801767 0.3553560 -0.0158997 0.4801107 0.2711760 -0.0163364 0.3454848 0.2554394 -0.1226892 0.4142807 0.3798192 0.0459933 0.0968316 0.4695290 0.5376640 0.1018608 0.3866448 -0.2383429 -0.0450738 0.0398716 0.3993271 0.1973078 0.4630276 0.2735184 0.4262065 0.2611663 0.2766216 0.1558593 0.1795503 0.1951457 0.0770213 -0.0768650 0.0369785 0.2479148 0.2838052 0.2307203 0.1803766 0.3158935 0.2141349 0.1182288 0.1902358 -0.2007950 0.2535957 0.1968343 -0.0269657 0.4315805 0.2729639 0.2580593 0.2507951 0.1937233 0.4578325 0.0142615 0.1879570 0.1337601 0.4139118 0.2972918 0.2640708 0.2310729 0.1147970 0.3472620 0.0389589 0.3895469 0.4165229 0.2176154 0.3341459 0.4483302 -0.0566958 0.2067007 0.3310799 0.4551361 0.4228546 0.0043367 0.3203145 0.3264056 0.2127331 0.5003222 0.1028729 0.4212949 0.1272287 0.3885309 0.2734825 0.3343203 0.3999810 0.3137457 0.2481481 0.0486441 0.2296268 0.3779522 0.2947146 0.2761964 0.6211017 0.6850306 0.4523041 0.2842081 0.3055834 -0.1650095 0.2500233 0.3740253 0.1741498 0.4956041 0.4478282 0.4932387 0.4213029 0.3972665 0.4096059 0.2033813 0.2822260 0.1252460 0.2952799 0.2405927 -0.3570283 0.2336129 0.2923321 -0.0022879 0.1788493 -0.5057896 0.2925739 0.1358212 0.2779284 -0.2471425 0.2167348 0.2150531 0.5560624 0.3382536 0.3001249 0.4712380 0.3348167 -0.1991371 0.1141876 -0.2612038 0.5235489 0.4557120 -0.1853270 0.3864568 0.4607376 0.4420822
0.6686960 0.0000000 0.3968053 0.7071408 0.5127301 0.7815345 0.7736054 0.5980808 0.2399508 0.2019516 0.3014064 0.8540417 0.4350388 -0.1282747 0.4957334 0.3016179 0.2828796 0.2166267 0.2243178 0.1929792 0.5000194 0.3704645 0.0325092 0.0779950 -0.0608534 0.1184034 0.1908843 0.0533228 0.3213241 0.0008687 0.4897182 -0.1350097 0.1990586 0.5815676 0.0084923 0.4061335 0.0261493 0.3107648 -0.2172102 -0.0828925 0.4845345 0.6775378 -0.0782572 -0.0391845 0.6224776 0.0554376 0.0017037 0.5771436 0.1250887 0.0707887 0.0107538 0.0364034 0.5385973 0.0044176 0.4290384 0.0715398 0.1782030 0.1043295 0.6641443 -0.0412052 0.6191424 0.2516332 -0.0831211 0.0970365 0.6068056 0.5190872 0.0413283 0.1920646 0.2154748 0.2406580 0.2964642 0.1893873 -0.1342990 0.4789211 0.3287819 0.1444022 0.5042523 0.0351005 0.5269953 0.6927375 0.5474432 0.3540956 0.2835481 0.5476088 0.2738683 0.5661017 0.2121398 0.5411641 0.5286269 0.4990507 -0.2212260 0.2425736 0.1663288 0.4761009 0.0548472 0.3301613 0.2268737 -0.0859787 0.2532584 0.0881861 0.0675584 -0.0248875 0.3418289 0.3608589 0.0468779 0.2981491 0.1697571 0.0867715 -0.0276051 0.1117011 -0.0117448 0.0120785 -0.1225191 -0.1561543 -0.0105305 0.0968204 0.1824497 0.2609639 0.1936532 0.2413299 0.0225601 0.1892728 0.0271572 -0.0930123 -0.0619788 0.1047644 0.1794133 0.2389147 0.0142128 0.2798891 -0.0533349 0.1700549 0.2872145 0.1519953 0.2479944 0.1568449 0.1919472 0.0785313 0.0283192 0.4333584 0.4020164 0.2286491 0.1739532 0.4676261 0.1696169 0.1993260 0.1042630 0.2378391 0.2578038 0.2603893 0.4400958 0.3974824 0.3307935 0.2592948 0.3000528 0.3973438 0.0734655 0.4433556 0.2381862 0.6285525 0.1242543 0.2981528 0.2887880 0.1740623 0.2805923 0.3966676 0.5268473 0.2709484 0.4417461 0.3286351 0.4791599 0.4153196 0.3874151 0.4140464 0.6816717 0.4074647 0.3380669 -0.3358339 0.0253836 0.1763586 -0.1262880 0.7293621 0.7108928 0.6383484 0.6847582 0.6170684 0.3797450 0.0006591 0.5599966 0.4391446 0.4691478 0.5539733 -0.1541060 0.5139206 0.3717832 0.2508320 0.3959630 -0.2057710 0.6007916 0.1873009 0.3913589 -0.1883629 0.0790212 0.4019893 0.5469461 0.6787045 0.2241153 0.4592472 0.4087266 0.2157914 0.0882360 0.1850227 0.7383246 0.5560342 0.2718012 0.5843288 0.4816577 0.5166939
0.4936036 0.3968053 0.0000000 0.2629226 0.7837828 0.2683882 0.5876534 0.4562318 0.2384414 0.0363419 -0.0244268 0.5335802 0.7841753 -0.1948994 0.3446615 -0.3018232 0.1945673 0.1231367 -0.1942135 0.5336631 0.2938242 -0.0516193 0.0048686 0.1187702 -0.3488061 -0.2130520 0.1121784 0.0623849 0.4937160 0.1185498 0.5005105 -0.2853095 0.4766670 0.5364644 -0.1930737 0.2348784 -0.2723843 -0.0916357 -0.0215292 -0.0597275 0.2108414 0.4298907 0.2931044 0.2702344 0.4215415 -0.2668987 -0.3896904 0.4007974 0.3378916 -0.3392075 -0.3386828 -0.0478695 0.5892904 0.0400842 0.1146678 -0.2658182 -0.1251390 0.1512872 0.5426107 -0.1137786 0.5254543 0.0733237 0.3618278 0.1855320 0.5355973 0.5618301 -0.0997650 0.1623294 0.0110969 0.2099295 0.2600842 0.5524843 -0.3647614 0.4067552 0.2701790 0.0008071 0.6040029 0.1847172 0.1755518 0.4869573 -0.0746201 0.1057920 -0.1361821 0.3661193 0.2416959 0.1848283 -0.2765361 0.3515170 0.2230970 0.0064362 -0.5215286 -0.1770608 -0.0740464 0.2147899 -0.1388076 0.2875009 -0.0594059 -0.0200371 0.0898141 0.1094638 -0.2194745 -0.4887056 -0.0900652 0.1183826 0.2927394 0.0247154 -0.1950708 -0.3579809 -0.3985567 -0.1891356 -0.3259808 -0.3247777 -0.5472899 -0.3999322 -0.1420066 -0.1830564 0.0721602 0.1815946 -0.0161903 -0.0650899 -0.0879396 0.1718467 -0.3229919 -0.2132777 -0.2362953 -0.3601707 -0.2958534 -0.1127165 -0.3446626 -0.2549872 -0.3969676 -0.1219460 -0.1802492 -0.2117567 -0.2406955 -0.5401977 -0.3094294 -0.4463307 -0.4744779 -0.3726975 -0.0138878 -0.4243082 -0.4008528 -0.2221259 -0.3065734 -0.3035691 -0.5239184 -0.3571413 0.1686173 -0.4937242 -0.2616976 -0.3083550 -0.3684099 0.3519473 -0.3384916 -0.4630993 -0.4502734 -0.1493154 -0.5291144 -0.1049410 -0.3176575 -0.3613168 -0.5181321 -0.3175066 -0.3375805 -0.3318320 -0.0472018 0.0513504 0.3485675 -0.2013715 -0.0447392 0.0896442 0.2435176 0.1726650 0.0962463 0.2962801 0.1531428 -0.2720806 0.0368884 0.2482895 0.2109472 0.2840172 0.4171427 0.4073553 0.5464357 0.6062378 0.5512143 0.2924271 0.4563188 0.3971367 -0.0692545 0.2052686 -0.1343745 -0.0666405 -0.1588184 -0.3835137 -0.1625105 -0.3654783 0.4559426 -0.3617159 -0.0275362 -0.1877391 -0.2029255 -0.2586885 0.6418404 0.3853975 -0.0696172 0.4311772 0.0883277 -0.0425739 -0.4366504 -0.6856415 0.6070461 0.0170725 -0.2628885 0.2618953 0.2125031 0.1965335
0.7216501 0.7071408 0.2629226 0.0000000 0.4653809 0.6324545 0.3615991 0.7541475 0.5834531 0.4920973 0.7127272 0.5543347 0.3699633 0.3264700 0.0974539 0.3049469 0.6324673 0.1662390 0.5295859 -0.0106958 0.5634498 0.3061229 0.2156507 0.0156042 0.2488671 0.3144115 0.1919981 -0.0118036 0.2532517 0.2536530 0.3183746 -0.0211580 0.1198153 0.2351487 0.2835776 0.5717590 0.1455404 0.3629572 0.2649172 0.1943428 0.3049820 0.4021158 0.2950275 -0.1269801 0.2066385 0.3059102 0.1955282 0.3277425 0.1635825 0.1230566 0.2934458 0.4613917 0.3908116 0.2402347 0.5523218 0.2959266 0.3210796 0.1673066 0.2687031 0.3705942 0.2510511 0.6602755 0.1617638 0.4161319 0.4227023 0.4604890 0.3483164 0.5223834 0.2982561 0.5196756 0.4174674 0.2861849 0.2057023 0.6351001 0.2841432 0.4646091 0.3014926 0.1921859 0.4785001 0.3723720 0.5305341 0.5119685 0.3069619 0.3343956 0.1658412 0.4143899 0.2038532 0.0405853 0.3784964 0.4210396 -0.1465241 0.2224703 0.2789710 0.2778159 0.2279491 0.2147405 0.3011434 0.0483545 0.1912130 -0.0031824 0.1714900 0.0984835 0.3289989 0.3739315 0.1789562 0.1275793 0.3310206 0.1776350 0.1301637 0.2713571 0.1232019 0.2073004 0.1596605 0.0048336 0.0944361 0.2759027 0.1321027 0.2503825 0.1533592 0.1835106 0.0624757 0.1643386 0.0815752 -0.0110163 0.1287311 0.0867291 0.1217610 0.4208161 0.1355898 0.2950163 0.1161918 0.1224240 0.3412058 0.1017879 -0.0699686 0.1660142 0.3052158 0.2011435 0.1255476 0.2156779 0.1134122 0.2151519 0.2058056 0.3716889 0.3131545 0.2238909 0.2632703 0.3874322 0.1551716 0.2020700 0.1816733 0.3468380 0.3520175 0.2414486 0.2185883 0.3556995 0.0659178 0.5739302 0.2138930 0.3130006 0.2884407 0.2888399 0.2330272 0.2908808 0.2527541 0.2372459 0.3838187 0.1830607 0.2472329 0.2844168 0.4499341 0.2024242 0.4892790 0.4103157 0.4701455 0.3491429 0.3536666 -0.1783201 0.2831296 0.2248524 0.1060743 0.5436189 0.3759406 0.4813447 0.3517472 0.5028054 0.2726436 0.1555786 0.2787730 0.1485462 0.2328440 0.2832346 -0.2317172 0.2795826 0.2116234 0.0480057 0.2451009 -0.2748701 0.1819489 0.1307409 0.0651362 -0.4464410 0.1452220 0.1695382 0.3092469 0.5159491 0.0612462 0.0266625 0.1540809 -0.3001984 0.0670655 -0.0705301 0.4346212 0.3759782 0.0181952 0.1301319 0.3918285 0.2256531
0.6596764 0.5127301 0.7837828 0.4653809 0.0000000 0.3368655 0.5650833 0.5089090 0.1245259 0.0330745 0.0314974 0.4918920 0.5435376 -0.1260340 0.0476900 -0.0700517 0.2822424 -0.1258135 -0.0590959 0.4151681 0.3284761 -0.0911659 0.0840302 -0.1368361 -0.3029312 0.0667158 0.0241414 -0.1424749 0.1339379 0.0912750 0.2722943 -0.3703719 0.3323948 0.3730157 0.0081089 0.3112430 -0.1476243 -0.0971906 0.1460368 0.0950034 0.0798270 0.4049119 0.3030862 0.0103367 0.2914153 -0.1872782 -0.2594055 0.3470262 0.0798812 -0.2746774 -0.1941236 0.1815803 0.3726839 0.1954898 0.0711112 -0.2972750 -0.0836490 0.0939876 0.5959403 -0.0489711 0.5282827 0.3787427 0.1929902 0.0719970 0.4399756 0.5698335 -0.0939852 0.2154305 -0.0811796 0.1231527 0.1186954 0.2418010 -0.4460580 0.4321948 0.0812169 -0.1135907 0.3461962 -0.0900725 0.3344216 0.5625667 0.1236948 0.3916266 0.1084879 0.3965740 0.0879170 0.3745002 0.0851961 0.3847019 0.4444752 0.3987126 -0.0831933 0.1739710 0.1514447 0.2653109 0.2169935 0.4426202 0.1544948 0.1106131 0.4719876 0.1714379 -0.1352314 -0.1066734 0.1277850 0.2543132 0.2177179 0.1549888 0.1955265 -0.0046987 -0.0526213 0.2183617 0.0163804 0.1304822 -0.2550361 -0.1789255 0.0933275 0.0733487 0.1850093 0.3280099 0.1237425 0.3072791 0.1734846 0.2922107 -0.3039612 -0.3662085 0.1434727 0.0005677 -0.0661430 0.0866275 -0.0046160 -0.0901332 -0.0653662 0.1049513 0.0872044 -0.0334949 0.0588997 -0.1920552 0.0548883 -0.0792612 -0.1957454 -0.1126855 0.1221713 -0.0300767 -0.3481729 0.1416489 0.0476242 -0.1399062 -0.1326492 0.0142044 0.1209212 -0.1530885 0.0879231 0.0724703 0.0688094 0.1891930 -0.0770452 -0.0700600 -0.2483040 0.1085296 -0.2918806 0.1826853 -0.2385412 -0.0510548 -0.2448991 -0.0188721 -0.0975218 -0.1127136 0.0494941 0.1309716 0.4245524 -0.0100224 0.0181825 0.1546275 0.4619228 0.4652343 0.4184942 0.5065437 0.3557122 -0.0781579 0.3510608 0.4369142 0.4200254 0.4941010 0.5442247 0.5872764 0.6270914 0.5922953 0.6272312 0.3815056 0.4731073 0.3512969 0.2076352 0.2436204 -0.1738665 0.1530500 0.1896767 -0.1958043 0.1382456 -0.4309804 0.5093175 -0.0543247 0.0554358 -0.3124852 0.1998170 -0.0511624 0.6010512 0.3583387 0.1309254 0.5371323 0.1911282 -0.1606035 0.0270457 -0.4885231 0.5353737 0.2170326 -0.0924017 0.2372704 0.3651144 0.3210884
0.4021983 0.7815345 0.2683882 0.6324545 0.3368655 0.0000000 0.5611350 0.5160222 0.4628410 0.5105673 0.5135088 0.7993260 0.3179136 0.0288502 0.5660819 0.2810252 0.4117144 0.3010350 0.2883167 -0.0217327 0.6014605 0.1376812 -0.0567027 0.3062346 -0.1554617 -0.0268929 0.1052634 0.1641755 0.4404587 0.1117262 0.3108545 -0.2714862 0.2066427 0.4270426 -0.0243066 0.3970075 -0.1460038 0.1127015 -0.0670619 -0.1101904 0.2261483 0.5077775 0.0531686 -0.0724306 0.5764608 -0.0830912 -0.1576602 0.2919861 0.3392800 0.0865139 -0.0752493 -0.0347473 0.6305076 -0.1258667 0.2613858 0.0231133 0.0130656 0.1909110 0.4037390 -0.0653720 0.4114663 0.2708640 0.0812045 0.4102161 0.6225994 0.3096029 0.0550570 0.2317909 0.2358946 0.4734873 0.2093584 0.4086981 -0.0749372 0.6071726 0.3190960 0.3261848 0.5965966 0.2902251 0.4573333 0.5212175 0.5653535 0.2544876 0.1269704 0.2451040 0.2673860 0.4127434 0.1229321 0.4613793 0.3574635 0.3735131 -0.2630598 -0.1098875 -0.1033448 0.6085773 0.0461791 -0.1457144 -0.2206356 -0.3673597 0.1216638 0.2893632 0.1923991 -0.1336664 0.1397260 0.3140820 -0.2672113 0.0137550 -0.0515762 -0.2123378 -0.3277517 -0.1085373 -0.2926235 -0.2029637 -0.2137448 -0.3188661 -0.0689127 -0.1098120 -0.1068957 0.0639289 -0.0473834 -0.0588832 -0.0455533 0.2440815 -0.2784809 0.0132059 -0.1950648 -0.1069108 0.2977876 -0.2588487 -0.1937498 0.0939427 -0.2604944 -0.1215777 -0.1139736 -0.1312322 -0.0558139 -0.1228241 -0.1686371 -0.2096161 -0.2694360 0.1385261 0.1197913 -0.1008850 0.1542460 0.1306285 -0.1475944 0.0070516 -0.1813350 -0.0838877 0.3944578 -0.1243375 0.0279497 0.0268198 -0.0402932 0.3035908 -0.1208743 0.1120950 -0.1681610 0.1757608 0.2073745 0.2833759 0.1286626 -0.0220680 0.0159059 -0.1883067 -0.0088530 0.0042196 0.3149438 0.2839985 0.3452204 -0.0386414 0.3765715 0.2973047 0.0165251 0.3568048 0.5131209 0.3996962 0.4347355 0.0575413 0.2186246 0.3536567 -0.0321445 0.3626631 0.3792039 0.2606807 0.4135840 0.5931364 0.2851452 0.0703112 0.3925614 0.2658810 0.1762968 0.3890567 -0.0077594 0.2427091 0.0691275 0.1414159 0.1401187 -0.0840199 0.4109379 -0.0346394 0.0226086 -0.1828553 -0.2137267 0.0036674 0.5508720 0.6920189 0.0433598 0.0813859 0.0146480 0.2966032 -0.1473653 0.1705454 0.7121567 0.6193543 0.4494826 0.1457426 0.4794249 0.3760345
0.4310670 0.7736054 0.5876534 0.3615991 0.5650833 0.5611350 0.0000000 0.5014896 0.1039867 -0.1464151 -0.0029311 0.8744928 0.5338762 -0.3656359 0.3671487 0.1246845 0.1300462 0.0501530 0.0224963 0.5527501 0.4539529 0.2699703 0.0290724 -0.1655083 -0.1800509 -0.0606128 0.0341313 -0.1060610 0.2294586 -0.2058434 0.5827951 -0.0992590 0.3131242 0.5902060 -0.0355085 0.3874330 -0.0249712 0.2157315 -0.3103683 -0.2182091 0.4796888 0.7676696 -0.0606824 0.0753053 0.6666045 -0.0974929 -0.0626406 0.6539794 0.1579692 -0.1272196 -0.0403447 -0.0364096 0.5446940 0.1470869 0.3026960 -0.0500123 0.1307708 -0.0026038 0.9022148 -0.0329394 0.8869849 0.1254842 0.0475603 -0.1224875 0.6559414 0.5676874 0.1073693 0.0141758 0.0794994 0.0305797 0.3183070 0.2379756 -0.2581758 0.4342932 0.2502342 -0.1175167 0.6265508 -0.0587823 0.5961375 0.8561093 0.4343179 0.2352759 0.1177308 0.5231275 0.3505317 0.4850040 0.0632754 0.6535126 0.5081523 0.3185243 -0.2428796 0.1837211 0.2297812 0.5614464 0.0265143 0.4694033 0.2031175 0.0954896 0.3166214 0.2658235 0.0436580 -0.0891753 0.2554588 0.3865792 0.1266127 0.4065710 0.0043339 -0.0522956 -0.1297518 0.0871443 0.0331651 -0.1095043 -0.3008196 -0.0738114 0.1808722 0.0620277 0.3619078 0.5555030 0.4120615 0.3320241 0.1968474 0.5036486 0.0523323 0.1130673 -0.0373744 0.0820709 0.2517403 0.1171590 -0.0446011 0.1800429 -0.1446084 0.0948308 0.1711848 0.2633566 0.2050982 -0.0053869 0.0161108 -0.0833735 -0.1503677 0.2587361 0.6275299 0.0375214 0.0545858 0.2927405 -0.0077987 0.2107627 -0.1441332 0.0163054 0.5546034 0.0572713 0.2533389 0.1021641 0.0931459 0.5977202 0.1172748 0.0208165 -0.1074544 0.2640110 0.0351875 0.4171358 0.0399713 0.0935381 -0.0420967 -0.0937216 0.1213874 0.2079935 0.5697986 0.5014629 0.5769849 0.1089212 0.4805181 0.4617013 0.4298516 0.2908598 0.6749017 0.5348449 0.3232360 -0.3651081 -0.0343362 0.1088015 -0.0851205 0.7459895 0.8273189 0.6483274 0.8699488 0.7600945 0.5126840 0.0774664 0.7687380 0.6992133 0.5445521 0.7153935 0.0147391 0.6181586 0.4118321 0.3270228 0.4417566 -0.0207792 0.7825782 0.1466391 0.4717885 -0.0233305 0.1121581 0.4283831 0.5504256 0.6027299 0.3066752 0.6219686 0.4582984 0.4812609 0.0797177 0.0264373 0.6182164 0.3084023 0.3115646 0.6063242 0.2422341 0.3074646
0.5745856 0.5980808 0.4562318 0.7541475 0.5089090 0.5160222 0.5014896 0.0000000 0.5387604 0.1928836 0.7169597 0.5218964 0.7410390 0.1033506 0.1425217 0.5503376 0.6129539 0.0160210 0.6698035 0.2687452 0.3371968 0.5239838 0.6479296 0.0087997 0.3806104 0.5352278 0.4231031 0.1010900 0.3173502 0.4037130 0.4560564 0.2341759 0.4347977 0.4027338 0.5610684 0.2524596 0.4054395 0.4910862 0.3404387 0.4627954 0.5538149 0.3814028 0.4230345 0.3029158 0.3206087 0.4204215 0.3606901 0.4457144 0.1448795 0.1511278 0.4577095 0.6120382 0.2574184 0.4577012 0.6788753 0.3431985 0.5424147 0.1625714 0.3538889 0.5015291 0.3828689 0.7171638 0.0785735 0.0952985 0.2435813 0.7076936 0.6524574 0.6430822 0.5212271 0.4034506 0.7499057 0.1590310 0.3989018 0.3694842 0.6014205 0.4663648 0.3314850 0.4096353 0.7079895 0.3678428 0.6140689 0.2974655 0.1618977 0.2628363 0.3562524 0.4800078 0.0541226 0.2685920 0.2692342 0.2549073 -0.3858667 0.1663704 0.2889076 0.3192273 -0.1847716 0.1186740 0.1739450 0.0201496 0.0418908 0.0999240 0.0742356 -0.0769028 0.3535279 0.3723389 -0.0068836 -0.0637017 0.3354115 0.1464245 0.0316222 0.2368454 -0.1718880 0.1490881 0.0183024 -0.1752957 0.2344410 0.1880658 0.1226159 0.2986618 0.2088584 0.2562441 0.2352027 0.1755022 0.0722091 0.1829486 0.2173315 0.1481270 0.0418206 0.3524496 0.1699511 0.4014236 0.1541144 0.1691791 0.1552974 0.2952086 0.0902840 0.0521485 0.2237224 0.1124292 0.0342298 0.1094815 0.2864389 0.0663950 0.3033685 0.3251499 0.2468611 0.2703846 0.0779465 0.1013771 0.3525412 0.0661201 0.1323930 0.1986173 0.1795063 0.5343799 0.0573238 0.1324374 0.0534288 0.3781917 0.1720867 0.2315051 0.2425214 0.1527435 0.0777438 0.1866258 0.1999100 0.1912433 0.4914723 0.4295008 0.5687448 0.3306880 0.5194744 0.5590264 0.5129044 0.3783874 0.4074921 0.4477246 0.2839168 -0.1319003 0.2126399 0.0496784 0.1184665 0.4329125 0.4284430 0.4964426 0.3582246 0.5174789 0.2694872 0.0980082 0.2289437 0.1189367 0.3012707 0.1831046 -0.2159671 0.2002460 0.2715507 0.0550379 0.2747078 -0.1109052 0.2295022 0.1744923 0.0415192 -0.3252562 -0.1061270 0.0571255 0.3070466 0.5387080 0.0881383 0.1675730 0.3341757 -0.2761855 -0.1592673 -0.1683155 0.4665378 0.3288307 0.0221262 0.2526580 0.5847808 0.4364972
0.2882472 0.2399508 0.2384414 0.5834531 0.1245259 0.4628410 0.1039867 0.5387604 0.0000000 0.5672903 0.6582703 0.2899640 0.3658798 0.4594249 0.1660110 0.2030906 0.4443482 0.3446848 0.5339458 -0.0869109 0.2096750 0.1538561 0.1738710 0.3612081 0.2914458 0.1953387 0.1149119 0.3015385 0.4120964 0.4322958 0.1949450 0.1779125 0.3141523 0.2378315 0.3458789 0.2586073 0.1610846 0.1997143 0.3221833 0.2700390 0.1977885 0.0881171 0.4440828 0.3310698 0.1034607 0.3378288 0.2276149 0.0064816 0.6125179 0.1355557 0.3511415 0.3908185 0.4964725 0.3398578 0.3813358 0.4090731 0.3178619 0.3554283 -0.1474349 0.4386215 -0.0898676 0.4293669 0.1387735 0.5379348 0.3030471 0.2499433 0.4408522 0.4798144 0.2951890 0.5845417 0.5177422 0.3678511 0.3388503 0.3756319 0.3561142 0.5733530 0.3429076 0.5171809 0.1207839 -0.1400946 0.3206591 0.2206038 0.0244083 -0.0538921 0.2178568 0.2244520 0.0606926 -0.1745919 0.1189447 0.0178577 -0.3697991 -0.1105734 -0.0115188 0.0872646 -0.0050050 -0.0817897 -0.0207731 -0.1058264 -0.0409943 -0.0724136 0.0973484 -0.1254106 0.1918338 0.1311268 0.0876798 -0.1391693 0.0308718 -0.0873864 -0.1332395 -0.0640375 -0.1861457 -0.1156723 0.0714980 -0.1473727 -0.1527857 0.0075355 -0.2300873 -0.1036787 -0.1205420 -0.3034563 -0.1432846 -0.0157117 0.1351959 0.1689225 -0.2002184 -0.2491150 -0.0342298 0.0713468 -0.2149124 0.0379583 -0.1895039 -0.0345932 -0.1326678 -0.0672363 -0.2810772 -0.0908232 -0.1322263 -0.1872776 -0.1478685 -0.2503219 -0.1530049 -0.2605838 0.2520169 -0.1006736 -0.1137174 0.1303786 -0.1049501 -0.1011202 0.1172385 -0.2341631 -0.3443457 -0.0691137 -0.1592733 0.2511951 -0.1517614 -0.0278684 -0.1535742 0.1421934 -0.0122057 -0.2646644 0.1912155 -0.1325839 -0.0693988 -0.0720571 -0.0431892 -0.0643535 0.1448362 0.0307092 -0.0801233 -0.0125778 0.1373001 -0.0288827 0.2066422 0.1064005 -0.0912452 -0.1119528 -0.1180296 -0.1732732 -0.0327337 -0.0982321 -0.1524033 -0.0159334 -0.0899027 -0.0047401 -0.0990492 0.2286465 -0.1802272 -0.1619686 -0.1480725 -0.1344781 -0.2774481 -0.2309135 -0.4379101 -0.1955142 -0.2884663 -0.2819686 -0.1917026 -0.3105193 -0.2857993 -0.2067016 -0.2157428 -0.2275033 -0.1531639 -0.1925694 0.0843410 0.2330769 -0.0523616 -0.3166090 -0.0292216 -0.3423561 -0.1874176 -0.0834840 0.1107822 -0.1165520 0.0403521 -0.0416510 0.1892992 -0.0716218
0.2161325 0.2019516 0.0363419 0.4920973 0.0330745 0.5105673 -0.1464151 0.1928836 0.5672903 0.0000000 0.6014821 0.2015798 0.1867584 0.7815396 0.3475853 -0.0176533 0.6812934 0.6514179 0.3596491 -0.3763135 0.3359792 0.0168991 -0.0682388 0.5836680 0.1440714 0.0546306 0.3997722 0.4828523 0.3156075 0.5354116 0.1059988 -0.0202707 0.0285016 0.0703146 0.0290361 0.1442453 -0.0139053 0.1877083 0.4791954 0.2445977 0.0146847 -0.0859779 0.5268047 0.0554112 0.0614641 0.2608853 -0.0276857 -0.0149474 0.5668075 0.4876776 0.0485480 0.2160193 0.3299483 0.0260012 0.3321694 0.3843923 0.1215506 0.6636118 -0.2095953 0.2374761 -0.3047456 0.2900867 0.2556578 0.8882230 0.0834049 0.0562920 0.1141940 0.5193445 0.2820954 0.8441846 0.0838505 0.2790806 0.1597284 0.2369598 0.1995755 0.4528237 0.1524699 0.4334690 -0.1237085 -0.1219265 0.1827107 0.3411361 0.1422727 0.1851109 0.2823684 0.2278363 0.1920599 -0.0543719 0.3513478 0.2565947 -0.0456675 -0.1448443 -0.1179553 0.2448539 0.2735351 -0.1972327 -0.3211405 -0.3719356 0.1072245 0.1765951 0.4855616 -0.1439878 -0.0136961 0.2123290 -0.1685839 -0.0848987 -0.0963028 -0.2456424 -0.1803286 -0.1365670 -0.0850527 -0.1879114 -0.0033487 -0.2594134 -0.2781183 -0.1300784 -0.3061566 -0.3363908 -0.2339575 -0.4415838 -0.3257811 -0.0892548 -0.3195684 0.0587352 -0.3522908 -0.4022429 -0.2256409 -0.2853030 -0.3447211 -0.2384536 -0.3851549 -0.0745617 -0.3365354 -0.2297051 -0.2383602 -0.1892225 -0.2367599 -0.2401157 -0.3220958 -0.1446375 -0.3450072 -0.1470074 0.1610731 -0.0905364 -0.2085544 -0.1243725 -0.1507039 -0.1355692 0.0493306 -0.1884440 -0.2232712 -0.0691707 -0.0789182 -0.0144830 -0.2545261 0.0486192 0.0695002 0.0301593 0.1418290 -0.0318447 -0.0884515 -0.0608017 0.0251532 0.0726473 -0.1149048 -0.0612422 -0.0216292 0.1121490 0.0818855 0.0593112 0.0948191 0.0497230 0.0034038 0.1396977 -0.0564260 0.0018425 0.1695819 0.1973035 0.2383562 0.3571299 0.1406145 -0.1885491 -0.2417735 -0.2162864 -0.1766304 -0.0508300 0.0236086 0.1558461 -0.1622649 -0.0892223 -0.3703664 -0.1205733 0.0916408 -0.2926552 -0.3952776 -0.2836834 -0.3545920 -0.1282530 -0.0959733 -0.3754346 -0.2069012 -0.0485488 -0.1107894 -0.3984951 0.2881558 0.3376162 -0.1214755 -0.4456364 -0.2887849 -0.1385530 -0.1847264 -0.0756403 0.3680727 0.2987688 -0.0673943 -0.2633349 0.3032551 0.1149202
0.3207894 0.3014064 -0.0244268 0.7127272 0.0314974 0.5135088 -0.0029311 0.7169597 0.6582703 0.6014821 0.0000000 0.2443132 0.3384413 0.4850770 0.1214128 0.5190521 0.7288974 0.1485166 0.7761811 -0.1201158 0.3520187 0.3758315 0.4549281 0.2205705 0.4733485 0.4833871 0.3638041 0.2370775 0.2610064 0.4961181 0.2283740 0.2597774 0.1937913 -0.0029866 0.5102177 0.2113210 0.3626553 0.4421024 0.5085857 0.4832467 0.3134715 0.0178930 0.4507728 0.1457209 0.0083785 0.4905050 0.3782831 0.1223355 0.2371243 0.3653590 0.4849218 0.5315079 0.0413446 0.3562965 0.6034185 0.4996339 0.4825889 0.3402316 -0.1568020 0.5346191 -0.1338475 0.6511915 0.1411719 0.4814807 -0.0311513 0.3490821 0.6275637 0.7120180 0.5598293 0.6595893 0.5365103 0.1186600 0.5877303 0.2624317 0.4510856 0.6433262 0.0432702 0.4961945 0.4498139 -0.0258695 0.5693415 0.1857752 0.0676032 -0.0399862 0.2146611 0.2759225 0.1275795 -0.0854617 0.1403757 0.1488417 -0.2232579 -0.0132947 0.1161618 0.3020052 -0.0452088 -0.2628373 -0.0566217 -0.2812196 -0.0530653 0.0609658 0.3252439 -0.0715560 0.1671805 0.3657845 -0.1967872 -0.2563418 0.1731134 -0.0009882 -0.0188754 0.0316587 -0.1441995 0.0199532 0.1297079 -0.2542491 0.0184074 -0.0072299 -0.2491607 -0.0894201 -0.0637038 -0.1035581 0.0079536 -0.0977381 0.0301282 0.3297247 0.0613429 0.0159182 0.0101086 0.1603774 0.0899742 0.2725383 0.0988696 0.0170577 -0.0283913 0.1063532 -0.1210313 0.0946951 0.0964744 0.0918861 0.0247944 0.0336576 -0.0112311 0.0359673 0.4124296 0.1589470 0.1349455 0.2240948 0.1370396 0.0901150 0.2402948 0.0122410 -0.0880626 0.0941188 0.1155481 0.3221884 -0.0646150 0.1811491 0.1654158 0.2949781 0.3562956 0.0193721 0.3146541 0.0913327 0.2001993 0.1869324 0.1051519 0.1301068 0.3195310 0.2984827 0.2477055 0.2019885 0.4146437 0.3755810 0.1872989 0.2066950 0.1226932 0.2917211 0.3414108 0.2505821 0.4130511 0.1909732 0.2324446 0.0559560 -0.0559151 0.0596233 -0.1275947 0.1449456 0.0170316 0.1293656 -0.1692572 -0.2581990 -0.0478436 -0.0707981 -0.0522433 -0.0848481 -0.0324680 0.0064678 0.0178247 0.0667619 -0.1221570 0.0357803 -0.2151730 -0.3294146 -0.1689908 -0.1247069 0.1476867 0.4032823 -0.1315071 -0.3607057 -0.0402612 -0.3646316 -0.1929994 0.0217289 0.2927051 0.3472801 0.0221991 -0.1828561 0.3910279 0.1709651
0.5482975 0.8540417 0.5335802 0.5543347 0.4918920 0.7993260 0.8744928 0.5218964 0.2899640 0.2015798 0.2443132 0.0000000 0.4754053 -0.1689238 0.6150119 0.1467859 0.3497712 0.2369992 0.1109703 0.4243670 0.7228833 0.2763015 -0.0481920 0.0524390 -0.1999625 -0.1089119 0.0809217 0.0343440 0.4291014 -0.0644956 0.6153669 -0.1825958 0.2350203 0.5665932 -0.1091148 0.4995842 -0.0889896 0.2097204 -0.2194225 -0.2190105 0.4466860 0.7681421 -0.0222997 -0.0300639 0.7689948 -0.0944347 -0.1165751 0.5469378 0.2591202 -0.0582518 -0.0923924 -0.0677158 0.6554320 -0.0967532 0.3297221 -0.0247688 0.0845136 0.0191530 0.7770166 -0.0545159 0.7579120 0.1282370 0.0862931 0.1919428 0.7088681 0.5019820 0.0592543 0.0693009 0.1208689 0.3079114 0.2908330 0.4007979 -0.1775973 0.5785567 0.3518031 0.1351309 0.7422839 0.1525712 0.5578633 0.8479705 0.5157498 0.1890410 0.0677093 0.4398877 0.2625969 0.4369363 -0.0048297 0.4978119 0.4630953 0.2531427 -0.3626322 0.0314990 0.0712401 0.5552644 0.0184864 0.2599929 0.1069669 -0.1260345 0.2239037 0.2482315 0.1081673 -0.1226356 0.1657939 0.3669424 0.0534847 0.3643986 -0.0079420 -0.1410845 -0.1859453 0.0007485 -0.0659305 -0.1938365 -0.2823084 -0.1976681 0.1189675 0.0201852 0.2928308 0.4398746 0.3571411 0.2295793 0.1543224 0.4715443 -0.0802788 0.1473647 -0.0835208 0.0626461 0.3459438 -0.0195848 -0.0318461 0.2241967 -0.1430737 0.0651171 0.1882411 0.1083659 0.0627779 -0.0586797 -0.0008533 -0.0625611 -0.1245674 0.2841756 0.4397740 0.0460720 0.0484466 0.2788121 -0.0275971 0.1698347 -0.1261472 0.0461858 0.4190965 0.0058632 0.1642086 0.0718657 0.0657284 0.4881417 0.0214317 0.0594473 -0.0927445 0.2546700 0.0731059 0.4250177 0.0538245 0.0974219 0.0120684 -0.1265606 0.1042651 0.1432812 0.4906523 0.3753810 0.4603848 0.0411546 0.4456274 0.3750439 0.3120550 0.4008929 0.6907808 0.5506736 0.4939813 -0.2084601 0.1186717 0.2637570 -0.0990112 0.6239602 0.6754924 0.4605648 0.7614358 0.7313306 0.4926609 0.1372715 0.7420868 0.6289908 0.4631413 0.7291266 0.0873071 0.5324813 0.3299649 0.3420975 0.3909345 0.0307873 0.7504180 0.1384368 0.4431067 -0.0485093 0.0195616 0.3138046 0.6223032 0.6983374 0.2916489 0.4375158 0.3575520 0.4835711 -0.0270745 0.0597677 0.7213379 0.5207082 0.3918435 0.4361514 0.3712453 0.3162233
0.4181511 0.4350388 0.7841753 0.3699633 0.5435376 0.3179136 0.5338762 0.7410390 0.3658798 0.1867584 0.3384413 0.4754053 0.0000000 0.0664711 0.3972192 0.1175528 0.4515902 0.3000410 0.2966283 0.4487974 0.1271629 0.4319991 0.4463999 0.3243975 0.1906631 0.2295125 0.5665880 0.3810382 0.4507098 0.4884852 0.6649945 0.2020122 0.6348884 0.5663327 0.2419216 -0.0570761 0.2206777 0.4188290 0.2751872 0.3596592 0.6096438 0.2417195 0.4903013 0.5812889 0.3533195 0.2461371 0.0822818 0.5948052 0.4292500 0.1398200 0.1302766 0.3431398 0.3981511 0.3306603 0.6106143 0.2343639 0.3939390 0.4210768 0.3799416 0.2926266 0.3512593 0.3572395 0.2482229 0.2091225 0.2484103 0.7768521 0.4143190 0.5867664 0.4678503 0.4700329 0.6898966 0.3327863 0.1609903 0.1868758 0.6824435 0.2838833 0.4322493 0.4997744 0.3681834 0.3313963 0.1815301 0.1521343 -0.0409893 0.4496778 0.4843344 0.4270311 -0.1520529 0.4117637 0.3083210 0.0981870 -0.5081278 0.0056478 0.1327318 0.2347302 -0.3272344 0.1567206 -0.0860365 -0.0375112 -0.0054268 0.1491639 0.0135412 -0.3909998 0.1599493 0.2480169 0.0357446 -0.0046661 -0.0117351 -0.1951113 -0.2803952 -0.1061329 -0.3556660 -0.2228326 -0.3158519 -0.4095698 -0.0381192 -0.0459111 0.0456875 0.1413646 0.0406409 -0.0503880 -0.0113728 0.0776193 -0.1830220 0.0410979 -0.1526867 -0.2428942 -0.3512785 0.0112848 -0.2392153 -0.0340612 -0.2888869 0.0536811 -0.2191036 0.0412886 -0.0371751 -0.4025963 -0.2002323 -0.3165854 -0.3745834 -0.2256970 0.0732595 -0.3026124 -0.0147410 -0.0430925 -0.1865313 -0.1344621 -0.3878970 -0.3611703 0.2698285 -0.3046608 -0.1175621 -0.1795598 -0.2085553 0.4619662 -0.2891789 -0.2837479 -0.1430798 -0.0743408 -0.2281241 0.0152357 -0.2412864 -0.2058231 -0.2861492 -0.0913023 -0.1599146 -0.0573711 0.1952298 0.3272506 0.5739524 0.1401139 0.2172000 0.4887870 0.3562332 0.2202742 0.1047332 0.3232464 0.1430672 -0.2168764 0.0120482 0.0841237 0.1276611 0.1661968 0.2986594 0.3141855 0.3368368 0.4551920 0.3970634 0.2406152 0.2137808 0.2182927 -0.0137244 0.1070745 -0.0221802 -0.1079440 -0.0766328 -0.2809032 -0.1157835 -0.1314546 0.3307083 -0.2567063 0.0133448 -0.0421290 -0.2744095 -0.2639586 0.5286927 0.4339839 -0.0673509 0.3306559 0.2853791 -0.1114411 -0.4322305 -0.4938437 0.6271012 0.1784729 -0.2687023 0.3315554 0.4793546 0.4074977
0.0219182 -0.1282747 -0.1948994 0.3264700 -0.1260340 0.0288502 -0.3656359 0.1033506 0.4594249 0.7815396 0.4850770 -0.1689238 0.0664711 0.0000000 -0.0765168 0.0869487 0.6512850 0.5903949 0.4978215 -0.3270661 0.0655953 0.1687148 0.1737581 0.3693212 0.4687538 0.2882219 0.4974633 0.5075391 0.0220196 0.6514755 -0.0167144 0.2589136 0.0311760 -0.1056201 0.2615044 -0.0359651 0.2957299 0.3217450 0.7071783 0.5374142 -0.0140412 -0.3115052 0.5624450 0.2087987 -0.2760421 0.5522066 0.3038360 -0.1596277 0.4399022 0.6536338 0.3298095 0.5045097 -0.0615428 0.3621883 0.3973154 0.5683408 0.3401851 0.6196601 -0.3936955 0.4899275 -0.5224088 0.3168717 0.0118739 0.6268402 -0.3391067 -0.0432589 0.3527690 0.5847655 0.1596676 0.6418056 0.1293980 -0.1085860 0.3783038 -0.1262311 0.1333014 0.3053941 -0.1864065 0.3323773 -0.2066350 -0.3890571 0.1558918 0.4415892 0.2967434 0.2534425 0.3500565 0.2620115 0.2125716 -0.2268058 0.3949961 0.3195958 0.2381302 0.1639634 0.2024243 0.0278226 0.3556142 0.0035739 -0.0438269 0.0685035 0.2061892 0.2452975 0.6234995 0.2158031 0.2201761 0.3466837 -0.1040815 0.1310243 0.2204595 0.1617954 0.2164187 0.2688389 0.2339874 0.2108313 0.4211167 0.1802323 0.0540891 0.2561901 -0.0533154 -0.1428894 0.0578318 -0.1967765 -0.0641875 -0.0257462 0.0047116 0.2876443 -0.0317043 -0.1503880 -0.1865159 0.0563918 -0.0743810 -0.0046518 -0.0689650 0.2824967 -0.1017520 0.1403804 -0.0302544 0.0954312 0.0903843 0.0735567 -0.0085142 -0.0589679 -0.2078350 0.0902717 0.2749755 0.0566668 0.0833827 0.0986964 0.1462479 0.0879178 -0.0844164 0.0919123 -0.1372251 0.0815280 0.1802826 -0.0609444 -0.0187871 0.1604912 0.2630810 0.1241900 0.1474314 -0.0743477 -0.0587459 0.1309646 0.1132713 0.3322470 0.0574172 0.0884292 0.0092949 0.1502519 0.0334160 0.2851715 0.0728923 -0.0228994 0.2214565 0.0129010 -0.1690640 -0.1419469 -0.0353961 0.1334378 0.1172751 0.0042951 0.0921687 -0.2656134 -0.3957737 -0.3295125 -0.3643795 -0.3473122 -0.2733004 0.0264882 -0.3332240 -0.1399913 -0.2732589 -0.2697873 0.1098533 -0.2487825 -0.2054984 -0.1767391 -0.2072006 0.0110189 -0.3264178 -0.1571848 -0.0347198 0.1966106 0.2226214 -0.2590894 -0.1394207 0.0049997 0.0579019 -0.4966957 -0.0430527 -0.2958314 0.1475573 0.0175508 -0.0859431 0.0171117 -0.0867247 -0.3736059 0.2095267 -0.0512935
0.2730720 0.4957334 0.3446615 0.0974539 0.0476900 0.5660819 0.3671487 0.1425217 0.1660110 0.3475853 0.1214128 0.6150119 0.3972192 -0.0765168 0.0000000 0.0919817 0.1861616 0.4932896 0.0268186 0.1543178 0.2886793 0.2980561 -0.0569892 0.6017839 -0.1122271 -0.1274748 0.3764132 0.5066112 0.4824493 0.2716010 0.5063942 0.0299465 0.1348542 0.4154682 -0.1951472 -0.1025726 -0.0137964 0.2287151 -0.1347038 -0.0552516 0.4394139 0.2641196 -0.0180265 0.2135449 0.6576651 -0.0152129 -0.1204782 0.3776380 0.3182701 0.2243566 -0.1899399 -0.2991996 0.4538352 -0.4709751 0.2544091 0.0868899 0.0785512 0.2458198 0.2771850 -0.1744594 0.2568518 -0.2760907 0.0132972 0.2674941 0.3083356 0.3194324 -0.1473766 0.0100902 0.3406580 0.3779740 0.1878327 0.2755218 -0.0475443 0.1080874 0.5419829 0.2754530 0.5440310 0.4182481 0.1010347 0.3542699 0.1492708 -0.1479217 -0.1222697 0.2061033 0.1329294 0.1966137 -0.1163880 0.2648391 0.1055123 -0.0845218 -0.4921109 -0.2029722 -0.3242201 0.1498268 -0.3491729 -0.1418466 -0.2759188 -0.5045290 -0.1688403 0.0547972 0.0517828 -0.3044636 -0.0703920 -0.0294315 -0.1615906 0.0787103 -0.2219128 -0.3506235 -0.3393015 -0.4424193 -0.3993726 -0.4864842 -0.3590020 -0.5100525 -0.3072090 -0.2792067 -0.0576294 -0.2143915 -0.0811664 -0.2183243 -0.1351776 -0.0466636 -0.2388184 0.0513983 -0.3773169 -0.1638388 -0.0213738 -0.3783775 -0.2114657 -0.0154268 -0.3068675 -0.1009925 -0.1670786 -0.2137313 0.0059827 -0.3096479 -0.2793095 -0.2476550 -0.2424431 0.1180225 -0.0703928 -0.1354137 -0.0233073 0.0030139 -0.2735905 -0.1517049 -0.3232589 -0.3051288 -0.0154258 -0.2050456 0.0180557 -0.0871022 -0.2164716 0.0171541 -0.2119729 -0.0542089 -0.0222438 -0.1746386 -0.0135830 0.2312867 -0.2132159 -0.0771198 0.0343295 -0.2034578 -0.0518499 0.0417438 0.1072556 0.0116926 0.1885601 -0.0211719 0.0718481 0.2682116 -0.0980768 0.3021759 0.1821256 0.1370155 0.2299964 -0.0242304 -0.0779093 0.1955093 -0.2220593 -0.0236098 0.1408499 -0.0566119 0.2079335 0.1708731 0.2236588 0.0347082 0.2464046 0.2251794 0.0030023 0.2624204 0.1728311 -0.0443950 -0.0765439 0.0610033 -0.0850240 0.0505633 0.4019029 -0.1273317 0.2256037 0.1950838 -0.4175101 -0.0958564 0.4955167 0.4203582 0.1271317 0.2266408 0.1861810 0.4364774 -0.3849209 0.0481798 0.6330390 0.5263001 0.1569886 0.3625681 0.3777239 0.4028775
0.2296197 0.3016179 -0.3018232 0.3049469 -0.0700517 0.2810252 0.1246845 0.5503376 0.2030906 -0.0176533 0.5190521 0.1467859 0.1175528 0.0869487 0.0919817 0.0000000 0.3307748 -0.0618326 0.7918597 -0.0199627 -0.0535002 0.6594221 0.7680533 -0.0240653 0.5966972 0.7547988 0.4590214 0.2073464 -0.1462543 0.4133911 0.0322936 0.5189406 0.0512756 0.0499225 0.7412815 -0.1874510 0.7386134 0.5746462 0.3360859 0.6501030 0.4542922 0.0675853 0.0936806 0.2597477 0.1757890 0.6335411 0.7247750 0.1541687 -0.2167778 0.5385617 0.7049055 0.5624884 -0.3016323 0.3221449 0.5211854 0.4976341 0.6635472 0.0031185 0.0255415 0.5007612 0.0617258 0.4770593 -0.4498133 -0.3438920 -0.2717566 0.2911798 0.6215848 0.3632405 0.5104445 0.0297120 0.4517080 -0.5371606 0.6051680 -0.2153400 0.4495602 0.3801365 -0.0759640 0.2388454 0.6258938 0.0256648 0.6617405 0.1802731 0.3683251 0.0154457 0.1799674 0.4951639 0.3465317 0.0947316 0.1182596 0.2816614 0.0711941 0.4666436 0.3755111 0.1048727 -0.2095894 -0.0386396 0.2722890 0.0538948 0.0890989 0.1074589 0.2649499 0.4424958 0.5992131 0.2873094 -0.3093030 0.0450698 0.6593375 0.5931629 0.4773860 0.4306304 0.0437003 0.4971984 0.5213815 0.1671032 0.4397981 0.4009444 0.1872460 0.1344124 0.3134210 0.4613217 0.5503057 0.1000397 0.4164961 0.4156615 0.5525224 0.6227219 0.3945234 0.3654653 0.5987332 0.7641631 0.6190610 0.4042261 0.3483688 0.5491617 0.5984616 0.5465597 0.5749293 0.5750263 0.5312636 0.5409883 0.3938797 0.5365225 0.6480250 0.6139380 0.5981234 0.6003961 0.5528006 0.3898460 0.1388602 0.5150018 0.4849768 0.5737562 0.5485279 0.1357900 0.4310781 0.5645025 0.4945897 0.4479146 0.6194507 0.4515077 0.4516146 0.5538121 0.5584086 0.4414619 0.6235375 0.5352844 0.5497662 0.4034835 0.3784355 0.5877509 0.5258669 0.5974100 0.3627042 0.4562468 0.4190246 0.1829906 0.1253105 0.1693218 0.0984263 -0.1852673 -0.1330860 0.1525332 0.1488723 0.1107798 -0.0444652 -0.0797675 -0.2472529 -0.2826583 -0.1125830 -0.1565806 0.5067839 -0.0052907 -0.1519491 0.2899375 0.5800688 0.5056350 0.4936152 0.1382563 -0.0558775 0.6088857 0.2768333 0.1167765 0.0396213 0.3253351 -0.1655041 0.1802409 0.4758952 0.0786281 0.5129629 -0.0174166 0.2829756 0.5125564 0.0116782 0.4839752 0.4395776 0.1981408 0.6181839 0.5349704
0.3991276 0.2828796 0.1945673 0.6324673 0.2822424 0.4117144 0.1300462 0.6129539 0.4443482 0.6812934 0.7288974 0.3497712 0.4515902 0.6512850 0.1861616 0.3307748 0.0000000 0.3117579 0.6890593 -0.0685282 0.5404255 0.2783937 0.4979896 0.0825566 0.3808526 0.4438149 0.6171898 0.2026318 0.1241414 0.5826963 0.2132379 0.2210804 -0.0035423 0.0075251 0.4468720 0.2947631 0.3585461 0.4346696 0.7123583 0.5294806 0.2256004 0.1680237 0.7493315 0.0197802 0.1794180 0.5187796 0.3119556 0.1500205 0.1567257 0.5162724 0.3810243 0.6239944 0.0638495 0.2587282 0.5824553 0.5185529 0.4675852 0.4024776 0.1761743 0.6174553 0.0802418 0.5938853 0.2857571 0.4864214 -0.0706746 0.3653896 0.4988536 0.5842831 0.4827573 0.6534132 0.3542491 0.0483299 0.3400469 0.2387889 0.3552307 0.3729885 0.1695064 0.3324110 0.3401087 0.2166990 0.5436852 0.5057711 0.3377424 0.3281646 0.4165310 0.4003736 0.2224532 -0.0099261 0.4268309 0.3373002 -0.0622362 0.1067482 0.2301358 0.3356479 0.2761662 0.1160519 0.0202132 -0.0538604 0.1948683 0.3749519 0.6204939 0.0874370 0.1804451 0.4149407 -0.0208908 0.0505672 0.3052983 0.0809644 0.1870576 0.3232984 0.1319201 0.1973192 0.1606886 -0.0327220 0.2882613 0.1846760 0.1670131 0.1569287 0.3036663 0.1409189 0.2258233 0.3161967 -0.1249655 0.4370734 0.1771947 0.0690672 0.0141837 0.0804173 0.1732491 0.2211289 0.0780669 0.1063319 0.0246378 0.2993959 0.0126872 0.0572465 0.1916053 0.1712429 -0.0319755 0.1770911 0.0971992 0.1986130 0.3385316 0.3309519 0.2578548 0.2541509 0.1108084 0.1620629 0.3247493 0.0705302 0.0571553 0.1626375 0.2182243 0.4115808 -0.0314012 0.1515862 0.2470506 0.3747197 0.3231775 0.2389716 0.1793479 0.2777837 0.1287809 0.3360265 0.2097000 0.0920731 0.4006196 0.5494164 0.5790339 0.3175098 0.5084238 0.4364821 0.3979321 0.3469554 0.3794424 0.4491630 0.4488930 0.2168632 0.4466960 0.3495454 0.3262893 0.1566696 0.1526531 0.1442556 0.1827953 0.0831795 0.2877083 0.2649466 0.1832848 0.1937340 0.1760386 0.2308924 0.2338514 0.1230497 0.1632512 0.1427652 0.1675725 0.0956411 0.2287030 0.1198033 0.0908265 -0.0981135 0.0160443 -0.1082087 0.1875184 0.5691254 0.2671714 -0.2558971 0.0429138 -0.1200527 -0.0793161 -0.1508970 0.3374470 0.4103453 0.0183960 -0.1422940 0.5265404 0.3403406
