0.0000000 -0.0272396 -0.1017080 -0.1171385 0.0403588 0.0804547 0.0320764 -0.3667390 0.0832012 -0.1557364 -0.0851811 0.2260487 -0.2392392 0.2707987 0.2705918 -0.1589471 -0.4149358 0.4614505 0.1876197 -0.1313861 0.3034368 0.0738380 -0.0641276 0.4868198 0.4433054 -0.0255689 -0.3102028 0.3749127 0.3099188 0.1780519 -0.0466143 0.4010342 0.3120402 0.2581621 0.1272627 0.1382363 0.2846785 0.3277534 0.0221919 -0.1982620 -0.0832038 -0.0525084 0.0758960 0.1988601 0.1732928 0.3842551 0.3070113 0.1061473 0.1583440 0.2589344 0.1965675 0.1214707 0.2834836 -0.3293685 0.3480769 0.3895826 0.3110670 -0.3423537 -0.2952559 0.0526712 0.0062367 0.0005288 0.2896523 -0.1593353 0.1135157 0.0521040 -0.0345854 -0.4004947 0.3354954 -0.1833743 0.0331940 -0.0314396 -0.1211591 0.0484282 -0.0506669 -0.2254277 0.1256472 -0.1048108 -0.2587418 0.2494952 -0.4176612 0.2667977 0.0185661 0.2718015 -0.0063551 -0.0587960 -0.3141980 -0.0492283 0.0183019 0.0366958 -0.1724937 -0.1982961 -0.3285487 -0.2630326 -0.0550914 -0.1617742 -0.2156778 -0.3217115 -0.1555346 0.0442782 0.0276153 -0.3014839 0.0112667 -0.0530953 -0.1888391 -0.1180862 -0.0105612 0.1486102 -0.0308202 -0.1336549 0.0795911 -0.3623060 0.2157420 -0.0323018 -0.2475553 0.1811042 0.0136669 0.0234144 0.1662967 -0.0258572 -0.1272157 0.0777098 0.1119028 0.3632269 -0.1782690 0.0584778 -0.2836636 -0.0307031 -0.3776008 -0.3559821 -0.4068457 0.1206526 -0.3507488 -0.1602393 -0.1932644 -0.0583714 -0.2705032 -0.3827356 -0.2308396 0.1102194 0.0440055 -0.0739020 0.0775824 0.2676039 -0.2166844 -0.0521572 -0.1472842 0.1467521 0.0147041 -0.0491987 -0.0173002 0.2413142 -0.3029120 -0.0012809 0.3905049 0.2090449 0.0463300 -0.2196806 0.0321766 -0.0112824 0.3751036 -0.1853178 0.3418769 -0.1036395 0.1433998 -0.0022712 0.1944504 -0.0595838 0.1363197 -0.0755225 -0.0436110 0.2374947 0.4357382 0.3816037 0.1156421 0.2498851 0.1805087 -0.1093332 0.2043582 0.1917404 0.0450490 -0.1006352 -0.4354401 -0.4452523 -0.4465478 -0.0080668 0.0455523 0.1076013 0.2151241 0.3843689 -0.0605581 0.3791684 0.5343133 0.0964102 0.0794982 0.1382857 0.3925689 0.1470486 0.0103725 0.2523129 0.2471929 -0.3563165 -0.4058768 0.2874058 0.3886263 0.3602774 0.0481278 -0.0257592 0.1381223 -0.4889067 -0.2601405 -0.0415411 0.3984725 0.2532635 -0.0349546 -0.2986655 0.1369457 -0.2800606
-0.0272396 0.0000000 0.8503740 0.4991992 0.6177607 0.0078181 0.0694714 0.5827704 0.2533440 0.3797913 0.2448533 0.2451177 0.4963827 0.0298540 0.1035480 0.4240962 0.2078374 0.0883143 0.1287643 0.0771616 0.4032174 -0.0037319 0.2433537 0.0030268 0.4072836 0.1831481 0.2204690 0.0898936 0.2927155 0.0042191 0.2784010 -0.0422284 0.0773061 0.1127258 0.0221958 0.3625274 0.0709532 -0.2392288 0.2280369 0.3568195 0.2490390 0.0659458 0.1844756 0.1372968 0.2134453 -0.3340971 -0.0576794 0.1459335 0.1383210 -0.1289326 0.0484540 0.2907757 0.2416857 0.3967605 -0.2445749 -0.1862477 -0.2544310 0.3816970 -0.0311287 0.0122147 0.2350472 0.2130116 0.2201570 0.6318240 0.5217694 -0.4768720 0.0617075 0.2894737 0.0200339 0.3371618 -0.2947550 0.3856319 0.1911756 0.6421957 -0.2538706 0.3950477 0.5519540 -0.3511880 0.2262399 0.5351983 -0.4900228 -0.3138133 -0.3112091 -0.3061435 -0.2639679 -0.2905819 -0.5220387 0.1499624 -0.4183490 -0.4631849 0.3924888 -0.0526638 -0.1964253 0.4770637 -0.0616382 0.7412334 -0.0301487 -0.0807286 -0.2833123 -0.2411290 -0.1198814 0.2412172 -0.2340567 -0.0990098 0.2882543 -0.1255606 -0.3272762 -0.3798711 -0.0947150 -0.2477400 0.2175491 -0.0831334 0.3195588 -0.0953099 0.0213580 -0.0711983 0.0943484 -0.0847011 0.1224124 -0.1048907 -0.1534985 0.0455295 -0.2977456 0.5800587 -0.2909374 0.5141795 -0.4874609 0.0362764 0.0749138 -0.3480967 -0.3695825 -0.1299193 -0.2741932 0.1235204 -0.4813989 0.2390298 0.0104900 0.3437278 -0.0886631 0.4249747 -0.1770685 0.3361698 0.1192822 0.5139339 0.2608890 -0.3658665 -0.0089138 -0.0810483 -0.0681324 0.2252664 0.1458709 0.4995410 0.0217024 -0.3305322 -0.2599967 0.2324724 0.0050198 0.0107374 0.3285291 0.2492367 -0.4718610 0.0948534 0.1228831 0.0995588 -0.1511148 0.2651512 -0.0507599 0.0740443 -0.0331312 0.0075729 0.1477526 0.1255402 -0.1610675 0.1987506 0.2888314 0.4266521 0.6156832 0.5289078 0.5892676 0.6520140 0.5578431 0.4105203 -0.1307964 -0.1433091 0.0597188 0.6069774 0.5387303 0.6607851 0.5340940 0.4109055 0.1431505 0.4978106 0.2390489 0.6504514 0.6389615 0.6557196 0.5356965 -0.2171696 0.1508825 0.5035269 0.5711905 0.1579727 0.1123767 0.3028792 -0.0365411 -0.2634821 0.3717429 0.5535299 0.1402367 0.0832114 0.0455393 0.4287415 0.0382863 0.0556086 0.3743955 0.4447512 0.2469770 0.6480149
-0.1017080 0.8503740 0.0000000 0.4212055 0.7774405 0.0524383 0.2907925 0.5237595 0.3119216 0.3309013 0.2207130 0.4308691 0.6109568 0.1162609 0.2662800 0.3771447 0.0624599 0.2371648 0.0580187 0.0020709 0.6033160 0.0072234 0.0124392 0.2037703 0.2870967 -0.1197188 -0.0881979 0.3463466 0.5105645 0.1396697 0.2669146 -0.0024396 0.3695914 0.3966074 -0.2591294 0.6214524 -0.2189610 0.0222852 0.1444910 0.4692848 0.5806402 0.3444103 -0.0312409 0.4105939 0.3752062 -0.2010039 -0.2061052 0.3668457 0.4292044 0.1209222 -0.1383036 0.0587740 0.4057380 0.3210509 0.1300117 0.0403058 -0.2349427 0.3622084 0.2022375 -0.1137012 0.3669903 -0.0649945 0.3015398 0.6785162 0.5703205 -0.1828696 -0.0479769 0.0719521 0.2183847 0.1903212 -0.1694277 0.4767538 0.1338202 0.7463575 -0.1001432 0.4022730 0.6417251 -0.2520316 0.3312124 0.6896682 -0.4309461 -0.2645631 -0.2705889 -0.3097175 -0.3849148 -0.1030695 -0.2512247 -0.1280681 -0.2582871 -0.2872723 0.5397096 0.2552083 0.1137265 0.2768545 0.0371082 0.7220208 0.3880050 0.1892943 -0.0713108 -0.3520421 -0.1664979 0.3812547 -0.0869826 -0.3558884 0.5428955 0.1703900 -0.0745873 -0.2324254 0.1731398 -0.0600674 0.0952594 0.0868895 0.3045313 0.0878809 0.3126406 0.0696913 0.3601423 0.2597475 0.4161527 0.3362578 0.1973454 0.3416718 0.0513373 0.6597423 0.0989266 0.7424304 -0.3892068 0.1217463 0.4008694 -0.2162507 -0.1927875 0.1870502 -0.2354271 0.1659643 -0.1833999 0.4498789 0.1238220 0.5766552 0.0739029 0.5715837 -0.0361686 0.4937110 0.3805783 0.6256431 0.3621690 -0.2751214 0.2394402 0.0414798 0.1335753 0.2225569 0.2495873 0.5764326 0.3369794 0.0132598 -0.1849154 0.3663554 0.2716794 0.2372278 0.4907461 0.4659757 -0.4119114 0.3329359 0.2826471 0.3660544 0.0855183 0.4296975 0.0959028 0.3004591 0.1157810 0.2663037 0.3972730 0.2502706 -0.3680802 0.1141291 0.5021241 0.6707279 0.8335538 0.5297241 0.7979727 0.8441320 0.6936481 0.7306491 0.1862516 0.1165593 0.2367119 0.6317304 0.5994561 0.7712165 0.6185403 0.4981784 0.5525437 0.6293184 0.3916264 0.8159822 0.8100925 0.7834399 0.6686651 0.0334645 0.4447769 0.7226518 0.4192222 0.1770483 0.2891083 0.4388920 0.1177135 -0.1898847 0.6705992 0.4782026 -0.0598262 0.2220664 0.1856652 0.5310983 0.2606441 0.1837624 0.5008090 0.2784038 0.0123636 0.4616727
-0.1171385 0.4991992 0.4212055 0.0000000 0.1531988 0.6688881 0.5026105 0.7308764 0.6903036 0.4791945 0.3508324 0.5767304 0.3651894 0.1912601 0.4615265 0.3848702 -0.2215941 0.3400832 0.4919509 -0.1560191 0.4316794 -0.1568565 0.0060223 0.2144011 0.4256318 0.1785792 -0.1151721 0.1302269 0.4418571 0.0981553 -0.0914131 -0.0678291 0.1353307 0.3175363 -0.3610135 0.3613425 -0.0227656 -0.2547123 0.1226170 0.2374689 -0.0825629 0.3014585 -0.0156084 0.2165978 0.4789116 0.0255519 0.0767300 -0.1237908 0.2899720 -0.3252036 -0.0392937 0.1180012 0.6307166 0.2146248 -0.2206902 0.0866805 0.0000504 0.1743020 0.3367901 -0.0078039 0.5966901 0.1689607 0.0379125 0.6185686 0.7677676 -0.2470667 0.1321142 0.2926461 0.1523323 0.1427491 -0.1507440 0.4160400 0.2284038 0.7024091 -0.1983623 0.4529343 0.7134627 -0.3604433 0.2939628 0.5169152 -0.4315839 -0.4825661 0.1418851 0.3572278 0.1770138 0.3113263 -0.1055286 -0.2881405 0.2491225 0.0321706 0.7051026 0.0014892 0.0159768 -0.0683992 0.5821223 0.6756793 0.0177840 0.2436721 0.1035355 -0.3554592 0.1766206 0.5785391 0.2821850 -0.1869233 0.3798725 0.0765966 0.2530275 0.1197882 0.1740457 0.2323784 0.5852761 0.2290779 0.4680660 0.2048949 0.3957595 0.3031894 0.2124140 0.2593717 0.2811008 0.1001737 0.0629787 0.2505441 -0.3313502 0.4729411 -0.0001489 0.2827218 -0.3633613 0.1264309 0.0438999 -0.2879500 -0.2716499 -0.0079648 -0.3655957 0.1603456 0.0558113 0.1852578 0.0867688 0.0048087 0.2014132 0.2186912 0.0123123 0.1688075 0.0762612 0.4335532 0.1733959 -0.3716635 0.2834074 0.3524166 0.4103758 0.1354840 0.1495205 0.4407329 0.0916370 -0.1878084 -0.4671670 0.4188320 0.2621322 0.2018754 0.4289897 0.4860077 -0.3670982 0.1647667 0.1221551 0.4352847 0.0208267 0.5055963 0.0831658 0.4382828 0.3654071 0.4837077 0.3756511 0.4247747 -0.0251075 0.2377597 0.3052714 0.3538808 0.2611779 -0.2518522 0.3017622 0.2831737 -0.0533596 0.1420390 0.0492223 -0.1697902 0.3643099 0.7553230 0.5405619 0.4436864 0.6445025 0.5646980 0.2843831 0.6434338 0.2866458 0.3081284 0.3686547 0.3079806 0.3196212 -0.2371986 0.1023329 0.2991332 0.3383727 0.6449809 0.5308628 0.5540813 0.0007255 -0.1723027 0.3142995 0.2685329 0.1930575 0.4603711 0.5313404 0.4487382 -0.0092149 -0.0068325 0.5326155 0.4380594 0.3532531 0.2823838
0.0403588 0.6177607 0.7774405 0.1531988 0.0000000 -0.2024599 -0.0058272 0.1091446 0.0392721 -0.0950915 -0.0385456 0.1467701 0.2765313 0.0069354 0.0935991 0.1146194 -0.0621484 0.2215281 -0.2705326 -0.0196515 0.3445012 0.0572534 -0.0341405 0.2349463 0.3115118 -0.1059475 -0.0539053 0.3375996 0.3017950 0.0764293 0.3498812 0.1867969 0.4712337 0.3635982 0.0165938 0.3735342 -0.0999843 0.0416983 0.2200068 0.4009375 0.5358456 0.1564294 0.1301569 0.4274781 0.0628464 -0.0976706 -0.0959331 0.2044927 0.4025614 0.3944929 0.0479431 0.3058363 0.2183567 0.2622360 0.2928284 0.0315960 -0.1942249 0.2064683 0.0233137 0.0963902 0.0644877 0.0689959 0.3747925 0.3648614 0.2481951 -0.0329185 0.0036108 -0.2208180 0.1049871 -0.0542090 -0.0444219 0.2402989 0.1553229 0.5173088 -0.1165711 0.2772293 0.4004474 -0.0840053 0.2372159 0.6343709 -0.2688100 -0.0834456 -0.2478852 -0.2935683 -0.5217322 -0.2414928 -0.1142045 -0.2519262 -0.3736089 -0.3668405 0.3034818 0.4069076 0.0063610 0.2693338 -0.2095978 0.5334317 0.4091395 -0.0705289 -0.0744624 -0.3473260 -0.2888731 0.0887320 -0.1024460 -0.3388880 0.4742543 0.0922141 -0.2458242 -0.1796513 0.0708187 -0.1236010 -0.0853210 0.0088935 -0.0119617 -0.0803926 0.2408795 0.0451874 0.3090245 0.1524841 0.3144914 0.2458687 0.2034991 0.4373976 0.1275192 0.5245378 0.2081049 0.5635110 -0.3750960 -0.0269831 0.4055507 -0.0976947 -0.0637383 0.0278718 -0.0567855 0.3647374 -0.3065046 0.2754175 0.1133561 0.5127786 0.0412321 0.4633173 -0.1069521 0.4750192 0.3331690 0.5485920 0.3237010 -0.2734541 0.2397042 0.0708115 -0.0212385 0.2434260 0.2828687 0.5215441 0.2569461 -0.0608436 -0.0426289 0.3062316 0.1744653 0.1827506 0.3162696 0.3756213 -0.3182054 0.2543041 0.2740342 0.2137177 -0.0087334 0.2557345 0.0579002 0.0300453 -0.1384744 0.1233795 0.0948396 -0.0521709 -0.2207236 -0.1294996 0.3335081 0.4988560 0.6492252 0.4509659 0.5872783 0.7152652 0.7205246 0.6024113 0.0192098 -0.0494296 -0.0345001 0.3060577 0.3671420 0.6963091 0.4429441 0.2257070 0.3242022 0.4950731 0.4716451 0.6706682 0.6092605 0.7133069 0.4547767 0.3833009 0.5359350 0.5218467 0.4168808 0.0912635 0.2218643 0.5037251 0.0890284 -0.0556743 0.5255843 0.4282617 0.1086907 0.3003013 0.0949578 0.2698421 0.4666179 0.2888818 0.2587480 0.2168958 -0.0162692 0.1487591
0.0804547 0.0078181 0.0524383 0.6688881 -0.2024599 0.0000000 0.8271101 0.3396878 0.8560731 0.5645052 0.4240358 0.7749394 0.1627856 0.6180561 0.7364755 0.0376276 -0.2094025 0.6089643 0.4663768 -0.0776217 0.5214155 -0.0333614 -0.4139806 0.5295768 0.2196567 -0.1573626 -0.1618352 0.3702581 0.5490194 0.4794007 -0.1679337 0.1692626 0.1592034 0.3927270 -0.4469810 0.4500444 -0.1348798 0.2011478 0.0894386 0.0225006 -0.0148319 0.5148976 -0.1260347 0.0458974 0.6344120 0.5622912 0.2920565 -0.0468820 0.1768267 -0.0549380 0.0172275 -0.1010488 0.6719398 -0.2474541 0.1301514 0.5334798 0.3335125 -0.2217196 0.4857517 -0.0759580 0.6695263 -0.0141543 -0.0857133 0.3405894 0.6584096 0.0661185 -0.0273402 -0.0283459 0.3433290 -0.0979810 -0.1125350 0.3776517 -0.1112453 0.3380485 -0.1508080 0.0251558 0.5012471 -0.2797243 -0.0484426 0.1827652 -0.3346835 -0.0871012 0.4644438 0.6610402 0.4263684 0.6434262 0.2557684 -0.3235853 0.5768072 0.5204202 0.4663817 0.0040241 0.0419198 -0.5930712 0.6735549 0.1983173 0.1648825 0.2439366 0.4247661 -0.2630272 0.3593740 0.3879933 0.5361943 -0.0825811 0.2050663 0.0695100 0.4871360 0.5268758 0.2631902 0.2600235 0.5702317 0.0531845 0.4846784 0.2873962 0.3710533 0.2743282 -0.0014805 0.3772144 0.1662762 0.2257329 0.0488661 0.0124051 0.1633456 0.3382720 0.1335843 0.1678070 -0.0530753 0.3942965 -0.0918414 -0.0998075 -0.1508985 0.3693706 -0.3687973 -0.0674714 0.4661385 0.3601400 0.0570568 -0.2815240 0.3152502 0.1930935 0.3528920 -0.0355868 0.2788255 0.3076939 -0.0859325 0.0005764 0.3725146 0.6063796 0.5956809 -0.0597973 0.0753968 0.2739433 0.0807069 0.1712035 0.0259540 0.4852767 0.4532671 0.2750964 0.4871150 0.3356896 0.1550009 0.0559961 0.4606277 0.4380592 0.3470418 0.5453500 0.3009948 0.5620391 0.5832832 0.6360520 0.5029911 0.6003746 0.2618021 0.2782752 0.4713128 0.3812219 0.0896006 -0.6009286 0.1570581 0.0712349 -0.3786979 0.0848000 0.2496057 0.0759052 0.3777176 0.5064433 0.4289818 0.0214207 0.3276811 0.4849769 0.3741719 0.4485639 0.1690176 0.1080976 0.2018640 0.0908304 0.2959327 -0.1916971 -0.0069496 0.2676134 0.3001922 0.5658146 0.3731792 0.5220787 0.4391065 0.1769232 0.2812924 0.1506108 0.1852532 0.3315904 0.3729070 0.5146698 0.2555319 0.2173616 0.5376341 0.0434556 0.3329706 -0.0843775
0.0320764 0.0694714 0.2907925 0.5026105 -0.0058272 0.8271101 0.0000000 0.3511668 0.8304963 0.5664462 0.4765258 0.8110638 0.2768373 0.5465322 0.7065775 0.0851032 -0.2370550 0.5841024 0.2275269 -0.0929373 0.6861528 -0.0049708 -0.4083981 0.4997707 0.0929046 -0.4249389 -0.3973468 0.4795857 0.6927276 0.3850231 0.0217938 0.1117674 0.2997399 0.5691108 -0.6026005 0.7740029 -0.4260215 0.4663016 -0.0276620 0.0466643 0.3202999 0.8518044 -0.2678145 0.2310093 0.8313288 0.5003243 0.1548246 0.2792085 0.3583581 0.1859429 -0.0945751 -0.2802329 0.7387823 -0.0325151 0.4959858 0.6558030 0.2523201 0.0140213 0.7840584 -0.2175228 0.8592790 -0.1543978 0.1996452 0.5465095 0.7495766 0.1778323 0.0274647 -0.0036765 0.5718459 0.1269797 -0.0113606 0.6098552 -0.0071362 0.5229778 0.0300798 0.2193277 0.6533533 -0.1262151 0.1579903 0.3567690 -0.3726697 -0.0551225 0.3790605 0.5093921 0.2339215 0.6253584 0.3807218 -0.2992239 0.5922072 0.5892705 0.5961345 0.3178812 0.3766854 -0.5265047 0.6536064 0.3112221 0.5675782 0.5082518 0.5677140 -0.2853896 0.3982059 0.5452171 0.5154057 -0.1250214 0.4914644 0.3843815 0.5870864 0.5368007 0.4781742 0.3637884 0.5037637 0.3078169 0.5444532 0.3690815 0.6404191 0.4617570 0.1778223 0.6502421 0.4048939 0.5844716 0.3467697 0.2780964 0.4820020 0.5118989 0.4625028 0.5265714 0.1209138 0.5852550 0.2849683 0.0555392 0.0248402 0.6248663 -0.3616750 0.0490862 0.5155426 0.7194785 0.2313035 0.0490929 0.4286128 0.5413566 0.4824148 0.3302461 0.5877300 0.5325255 0.1127106 0.0823705 0.6039064 0.6686031 0.6893510 0.1730208 0.4028496 0.4741984 0.4277214 0.3829494 0.1030905 0.6105244 0.7087410 0.4763012 0.7049875 0.6292254 0.1527805 0.3413422 0.5252746 0.6610606 0.5389217 0.6787731 0.3719325 0.6808524 0.6860101 0.7350076 0.6677650 0.6798910 -0.1089535 0.3057913 0.7264274 0.6475065 0.3516160 -0.4294176 0.4681662 0.4006942 -0.0977157 0.5271378 0.6355432 0.4073168 0.6520489 0.6569986 0.6367475 0.1967888 0.4845854 0.6526830 0.7056317 0.5624124 0.2755264 0.3568880 0.4784364 0.3163137 0.4464926 -0.0879475 0.2767168 0.5420180 0.2735500 0.3607572 0.4095689 0.5815008 0.5306448 0.1631920 0.5186545 0.1147709 0.0238840 0.2272683 0.4059172 0.6294349 0.3779135 0.3358886 0.6210830 -0.0826704 0.0154339 -0.0503498
-0.3667390 0.5827704 0.5237595 0.7308764 0.1091446 0.3396878 0.3511668 0.0000000 0.3932275 0.5771324 0.5622475 0.2351579 0.7621056 -0.1716527 0.0046582 0.6831407 0.1935450 -0.1955645 0.4374251 0.1832679 0.2392960 0.1088216 0.3059742 -0.3111426 0.2633484 0.2679467 0.1557132 -0.3033052 0.0918452 -0.2685984 0.2613615 -0.1791837 -0.2752991 -0.1115211 -0.2181308 0.2753130 0.0356373 -0.1112749 0.0785644 0.0848786 0.1742687 0.1541515 0.0900833 -0.0409137 0.2512440 -0.3216886 -0.0471455 0.2884497 0.0117728 -0.3110486 -0.0725030 0.0758310 0.1818683 0.4072884 -0.2894737 -0.2085617 -0.1322074 0.4182175 0.2805151 -0.0268426 0.3678129 0.1824776 0.0981719 0.6753237 0.4994599 -0.3020802 0.1840715 0.6192212 -0.0300068 0.4253019 -0.0395743 0.5798113 0.4029164 0.7336670 0.0137629 0.6727187 0.6291980 -0.0678827 0.5112748 0.4813819 -0.2304769 -0.5888324 -0.1735182 -0.1787527 -0.1900903 0.0903121 -0.2129705 -0.0279036 0.0479210 -0.1434532 0.4893572 -0.1014591 0.1539808 0.2252881 0.4133596 0.5887616 -0.0089444 0.3297708 -0.0127794 -0.3814648 0.1507481 0.5639905 -0.0127184 -0.1779357 0.1979172 0.0123251 0.0562248 -0.2383186 0.0312728 0.0410281 0.3357783 0.2668627 0.2865113 0.1413087 0.2285904 0.0189340 0.1404236 0.0569675 0.1380251 -0.0002137 -0.0207468 0.0972155 -0.3920750 0.2454715 -0.1765786 0.3618331 -0.1634848 0.0757392 0.1431728 -0.2361940 -0.3030647 -0.1111729 -0.2693955 0.0923651 -0.0127116 0.2015783 0.0043393 0.1256616 -0.0677986 0.1700127 -0.1905699 0.0612078 -0.0098655 0.2420059 0.0674561 -0.2935167 0.0450503 -0.0086459 0.1371434 -0.0224241 0.0059153 0.2268654 0.0459030 -0.2890573 -0.4594820 0.1475402 0.0183622 0.0759009 0.2298259 0.2745951 -0.5690984 0.0182750 -0.1582478 0.1967902 -0.2076609 0.1914972 -0.2468357 0.2592216 0.1284300 0.1351427 0.1642989 0.1393238 -0.1266033 0.4501035 0.2912125 0.2001294 0.2269725 0.0575895 0.3508812 0.3399788 0.1811462 0.3291858 0.1498590 0.0983743 0.4636828 0.6567683 0.6181583 0.5614988 0.6301868 0.4005733 0.2156397 0.4417782 0.0811704 0.3687798 0.4298309 0.3118008 0.2137881 -0.3818541 0.1456904 0.2639116 0.2422005 0.2975860 0.3820781 0.0759359 -0.1454475 -0.1915226 0.2869940 0.4477448 0.0183824 0.2041360 0.2764948 0.2907829 -0.1740539 -0.1162941 0.3935471 0.4605498 0.1151504 0.6298072
0.0832012 0.2533440 0.3119216 0.6903036 0.0392721 0.8560731 0.8304963 0.3932275 0.0000000 0.5637853 0.2395548 0.8353148 0.2371890 0.7007935 0.7945388 0.0110847 -0.1813710 0.7213979 0.2139679 0.1069337 0.6994354 0.1327358 -0.2864077 0.5431722 0.4273928 -0.1555186 -0.1838381 0.4714435 0.7666711 0.4714005 0.0514829 0.3534967 0.2727167 0.5573241 -0.4251713 0.6339887 -0.1122567 0.1838592 0.1997564 0.1217609 0.2509769 0.6773883 -0.0615195 0.2129019 0.8068334 0.4258881 0.4280100 0.1838858 0.3015289 0.1710834 0.1740606 0.0081935 0.8036811 -0.1355345 0.1882247 0.5881093 0.3796038 -0.1670377 0.5738136 0.0357086 0.7863810 0.1132369 0.1759177 0.3896548 0.8096820 0.1414987 0.0718375 -0.0288366 0.4242683 -0.0498723 -0.0526061 0.3326911 0.0362794 0.4687128 -0.1541825 0.1504994 0.5203295 -0.3428001 0.0841806 0.3512781 -0.5534347 -0.1682951 0.2549949 0.5276735 0.2209114 0.5037288 0.0995048 -0.3932900 0.4715999 0.2905786 0.4848425 0.1249771 -0.0220313 -0.5096593 0.7161864 0.4522611 0.2371708 0.1762386 0.3293055 -0.3668064 0.2550875 0.3884430 0.4134826 -0.0910874 0.2654793 0.1367835 0.4701184 0.3960942 0.1440362 0.1047450 0.5292319 0.1052865 0.5267939 0.2238944 0.3972083 0.3854896 0.1650607 0.4398479 0.3607609 0.3832634 0.2298201 0.1814851 0.1521578 0.5938795 0.2826419 0.3673829 -0.0301216 0.2754095 -0.0042995 -0.0580455 -0.1286169 0.3228044 -0.2703603 0.0840022 0.2320720 0.4254313 0.0937347 -0.0710061 0.2442266 0.3648173 0.1538223 0.2057375 0.2921578 0.4140283 0.0841475 -0.1381976 0.3936018 0.4594908 0.4521178 -0.0531733 0.1497264 0.4543805 0.1874337 0.0778313 -0.0216118 0.3793444 0.5324861 0.3530336 0.5806183 0.4824968 0.0143973 0.0564423 0.3790536 0.5888950 0.3035157 0.6459787 0.1875212 0.4369945 0.5474479 0.5448176 0.5367067 0.5302554 0.0635563 0.3804646 0.6361219 0.4894959 0.2753041 -0.4761240 0.3678002 0.3192391 -0.1944904 0.2870695 0.2929880 0.0649746 0.4374321 0.7230949 0.6996363 0.2874407 0.3896443 0.5214420 0.5146613 0.5164781 0.1497912 0.3043308 0.4064160 0.2654865 0.4713039 -0.2662952 0.0949691 0.4546595 0.3985073 0.5087414 0.3404241 0.6627951 0.3919391 0.0075924 0.3361073 0.3089297 0.3543749 0.2884704 0.3936085 0.5835298 0.3486720 0.1047550 0.4924442 0.2702957 0.5155876 0.1307186
-0.1557364 0.3797913 0.3309013 0.4791945 -0.0950915 0.5645052 0.5664462 0.5771324 0.5637853 0.0000000 0.3956616 0.3793801 0.4318547 0.4695396 0.1734775 0.2502995 0.4798757 0.1356481 0.3140550 0.0835132 0.3113305 -0.0750941 0.0509011 0.1082874 0.0672852 -0.0814851 0.2998010 0.0192408 0.3350343 0.2366870 -0.0350375 -0.0161762 0.0202625 0.1984627 -0.2384059 0.3064434 -0.0468504 0.0413929 0.2359683 0.2014443 0.1488866 0.3408502 -0.0343391 0.0168259 0.4805718 0.2675045 0.1490713 0.1578221 0.1461861 -0.0559921 -0.0518874 -0.0710862 0.3537638 0.1592945 -0.0340481 0.2610671 0.1899442 0.2539607 0.2984393 -0.0761927 0.4958482 0.0751160 -0.0006521 0.5785102 0.5180234 -0.1015448 0.0189060 0.3302263 0.1970089 0.3084569 -0.1605176 0.5398029 0.0493975 0.3175538 -0.0398776 0.2142262 0.3937934 -0.2469772 0.0926440 0.0525484 -0.2641884 0.1962433 0.3132094 0.3157857 0.2810620 0.3659330 -0.0923660 0.3335448 0.3344238 0.2800148 0.3271951 -0.1057810 0.1091009 0.0581487 0.4543732 0.3357577 0.0654488 0.4102394 0.3728046 0.0811540 0.4276777 0.4852356 0.3233542 0.2931629 0.0905282 0.0602045 0.3618605 0.2473705 0.2016988 0.1887804 0.4002832 0.2316491 0.6034677 0.4182043 0.3109036 0.1683089 0.1145318 0.2376968 0.2009856 0.1478876 0.1458067 -0.0179422 0.1666418 0.3305479 0.0093270 0.2367884 0.2147878 0.3783749 0.0321506 0.1848283 -0.0141782 0.2626522 -0.0252302 0.1948773 0.0660753 0.4585835 0.3335075 0.0322135 0.2454558 0.2280528 0.1232482 0.0167323 0.2795863 0.2638370 0.1764911 0.0946425 0.2436250 0.3142894 0.1032190 -0.0780427 0.0169889 0.2608498 0.1908623 -0.0032721 0.0808787 0.2356831 0.1692414 0.3022317 0.3047390 0.1726085 -0.0211332 0.0324231 0.2600514 0.2052626 0.2028001 0.2860134 0.0240072 0.2512929 0.1902217 0.3029515 0.2365557 0.2002581 0.1438894 0.4911820 0.1628618 0.1626114 0.1022196 -0.1605379 0.1997463 0.1429010 -0.0776815 0.2811664 0.3082361 0.4298720 0.4616283 0.4218470 0.4534126 0.0230724 0.1994283 0.3447312 0.2924789 0.1866727 -0.0645539 0.2242728 0.2981023 0.2340183 0.2268523 -0.3738943 -0.0469663 0.2240064 0.3355593 0.3295311 0.2070493 0.0564314 0.1948053 -0.0484283 0.1581979 0.3476927 0.1118922 0.2098233 0.1935288 0.4475562 -0.1494368 -0.0117515 0.4472146 0.2530638 0.0609320 0.4521881
-0.0851811 0.2448533 0.2207130 0.3508324 -0.0385456 0.4240358 0.4765258 0.5622475 0.2395548 0.3956616 0.0000000 0.1334555 0.5926807 -0.0789345 0.1059564 0.7428796 0.1663017 -0.1083665 0.5232369 -0.0601748 0.0478806 0.2498207 0.0856108 -0.1260535 0.1352168 0.1251413 0.0588288 -0.1647748 -0.0876487 -0.0969586 0.3176871 -0.1374538 -0.2951047 -0.2117522 -0.2391645 0.2396644 -0.0975215 0.3865712 -0.3222471 -0.2015285 0.1578851 0.2257126 -0.2118170 -0.2773215 0.2437622 -0.0106148 -0.1787493 0.2413740 -0.1080987 -0.1351625 -0.2739263 -0.3009114 0.0173234 0.1242439 0.0781403 -0.1057804 -0.2132817 0.3509946 0.3032918 -0.3569513 0.2735482 -0.2013111 -0.0197278 0.6296897 0.2336083 -0.2265718 -0.0477540 0.2576852 0.1011771 0.4155502 -0.1210126 0.6706061 0.0899082 0.4902868 -0.0240478 0.4134573 0.6078609 0.1593573 0.2190335 0.3007185 0.0095368 -0.3185745 -0.0722212 -0.0186290 -0.2026495 0.0974026 0.1845938 0.1019526 0.0706199 0.1704553 0.2398688 0.1210621 0.3583929 -0.1086852 0.1647322 0.0377539 0.2064971 0.2660036 0.3007759 -0.4720435 0.2767852 0.2313634 0.0277303 -0.2726172 0.1490200 -0.0292355 -0.1149036 0.0545465 0.1448538 0.0148392 0.1847862 0.0030841 0.1888641 0.0645708 0.2265706 -0.2190611 -0.3498057 -0.0487625 -0.2315466 -0.1015448 -0.2669923 -0.0865627 -0.0272992 -0.0490736 -0.1939097 0.2877485 -0.0710079 0.2814009 0.1462345 -0.2488139 -0.2712134 0.0783142 -0.5121095 -0.3467833 0.2673128 0.3626295 -0.1540238 -0.1830202 -0.1115887 0.1598540 0.2376781 -0.0858959 0.3174683 0.1240042 -0.3434633 -0.0698431 0.0552157 0.2385822 0.4261417 0.0949979 0.0951183 -0.0365606 -0.1173134 -0.0527531 -0.0749167 0.3225271 0.1804081 -0.1258798 0.2447355 0.1044456 -0.2426190 -0.0188322 0.0256322 0.0813735 -0.0926567 0.0638374 -0.0595432 0.3945600 0.2712647 0.2003614 0.1222101 0.3516029 0.0782818 0.1896118 0.3989198 0.2595633 0.0809118 -0.0409841 0.1584564 0.2257631 0.0883428 0.2786206 0.2504210 0.1419758 0.3194778 0.2820837 0.3409179 0.2545700 0.5359508 0.3376672 0.1004143 0.3522644 0.2224426 0.2376263 0.2805646 0.2578678 0.0885891 -0.0940499 0.1862187 0.1910639 0.3782933 0.0880690 0.1405367 0.0948911 0.3382653 0.4335676 0.2609340 0.2304946 -0.0955086 -0.0852063 -0.0169497 0.1758031 0.2067032 0.3751542 0.3717659 -0.2331280 -0.1563586 0.0868135
0.2260487 0.2451177 0.4308691 0.5767304 0.1467701 0.7749394 0.8110638 0.2351579 0.8353148 0.3793801 0.1334555 0.0000000 0.1571180 0.6227764 0.9019846 -0.1186651 -0.4657630 0.8216289 0.2852500 -0.1480954 0.9002940 -0.1437064 -0.4978111 0.7394852 0.2456813 -0.3637341 -0.4838556 0.7248806 0.8919348 0.5537212 -0.1782700 0.1734111 0.5008487 0.7177588 -0.5209794 0.7804148 -0.3043703 0.2332600 0.1290148 0.2287856 0.2107903 0.6632159 -0.1232772 0.4051571 0.7695888 0.4554400 0.1838343 0.1238175 0.4460975 0.0724480 0.0107058 -0.0715713 0.8836507 -0.1598982 0.3261959 0.6686661 0.2842100 -0.1997733 0.5049043 -0.0770599 0.7668855 -0.0893737 0.1647822 0.3723588 0.8369280 0.0906316 -0.0185994 -0.1314384 0.5615932 -0.1128312 -0.0925345 0.3557865 -0.1175798 0.5252299 -0.0900466 0.0241891 0.6046798 -0.3897528 0.0209438 0.4427653 -0.5706891 -0.1356686 0.3115719 0.4588902 0.3070754 0.5416118 0.1035560 -0.4836905 0.4273287 0.3836729 0.6528504 0.0973319 0.0410298 -0.4894874 0.5581774 0.4455466 0.3624955 0.2482308 0.2125499 -0.2128438 0.1441943 0.4461662 0.4347430 -0.2412641 0.4845943 0.2850316 0.5097677 0.3927384 0.3903069 0.2575902 0.5203516 0.0831981 0.5540427 0.2803058 0.4196492 0.4558022 0.3043088 0.5971754 0.4923866 0.5175651 0.2467412 0.2289545 0.2949195 0.7079494 0.2808432 0.5040190 -0.2582996 0.4156548 0.0765285 -0.1979819 -0.1680098 0.5666705 -0.4389994 0.0107828 0.3463257 0.5047138 0.1017606 0.0905222 0.3837540 0.5155110 0.3835302 0.3255640 0.3972094 0.6416203 0.1939807 -0.0234462 0.4621180 0.5310029 0.6061941 0.1363014 0.2864539 0.6082897 0.3313790 0.3764889 0.0302335 0.6173033 0.5976498 0.4090225 0.6796691 0.5880612 0.1804762 0.3484817 0.6543889 0.6146017 0.5562228 0.7557798 0.5298233 0.6420617 0.6676830 0.7069858 0.7606093 0.7454539 -0.0832672 0.2377569 0.6921582 0.7715528 0.6084875 -0.2268190 0.6160987 0.4914004 0.0027448 0.3983509 0.2938145 0.0768914 0.3511998 0.7172434 0.5584690 0.3146454 0.4848290 0.7237325 0.6862122 0.6917498 0.3918615 0.4485507 0.5276955 0.3715928 0.6888843 -0.0633863 0.1882980 0.6578548 0.2594429 0.3971840 0.3562300 0.7116947 0.4328584 -0.0357182 0.5889247 0.1237184 0.0073423 0.2435945 0.3846134 0.7259654 0.3761588 0.2723826 0.6401427 0.0388592 0.2665711 -0.0042012
-0.2392392 0.4963827 0.6109568 0.3651894 0.2765313 0.1627856 0.2768373 0.7621056 0.2371890 0.4318547 0.5926807 0.1571180 0.0000000 -0.1208232 -0.0075674 0.7368708 0.3084526 -0.1596074 0.4183714 0.1544875 0.2277050 0.4936819 0.2977743 -0.2062683 0.3667310 0.2619453 0.1595199 -0.1640434 0.0692645 -0.1620575 0.5169532 0.1463397 -0.1466868 -0.1170699 -0.1129258 0.2639944 0.1591495 0.3127042 -0.0716293 0.0212849 0.5990323 0.0702772 0.0074594 0.0163361 0.1305664 -0.1855654 -0.0668970 0.6568940 0.0939675 0.0536620 -0.1248298 -0.0873016 -0.0038886 0.1517922 0.0457886 -0.0696703 -0.0043763 0.3520726 0.0563079 -0.0203370 0.0696311 -0.0360841 0.2981753 0.4933759 0.1853153 0.0688123 0.0821565 0.3113663 0.1669262 0.2389388 0.2175600 0.4412552 0.3769164 0.6290385 0.2190228 0.5854992 0.4740263 0.2357805 0.5306588 0.5285261 0.0158288 -0.5016751 -0.4674516 -0.4126142 -0.5913903 -0.0897413 -0.1287688 -0.1297221 -0.1055859 -0.2871410 0.1788944 0.0493260 0.2289842 0.0762662 0.1532430 0.2708728 0.1370106 0.1908953 -0.0452649 -0.5552303 -0.1267687 0.1927369 -0.2545858 -0.5302193 0.0561700 -0.0403016 -0.0604404 -0.3461957 -0.0782693 -0.1011816 -0.1667695 0.0762608 0.0649417 0.1216993 0.1256065 -0.2451606 0.0864193 -0.0305994 0.0929632 0.1142359 -0.0011750 0.0885761 -0.1879530 0.1284159 -0.1777180 0.4533628 -0.1250382 -0.1276786 0.1757062 -0.2086039 -0.3462216 -0.0494279 -0.2896188 -0.1185317 0.0402159 0.2079193 -0.1802476 0.0936686 -0.2989790 0.1359953 -0.2602286 -0.0442176 0.1504626 0.0935586 -0.2197994 -0.1679077 -0.1314250 -0.1658841 0.1137959 -0.2426106 -0.1586973 0.0161727 -0.0753446 -0.1082931 -0.2283611 0.0089318 -0.0072802 -0.1151411 0.0353656 0.0874713 -0.5362409 -0.1314768 -0.1365277 0.1214636 -0.2583254 -0.0215798 -0.2375793 0.1780711 0.0254879 -0.0153854 0.1258081 0.0945375 -0.1014855 0.4396064 0.4602221 0.3085415 0.3751619 0.3050154 0.4364632 0.4533322 0.4801567 0.5024820 0.0960734 0.1273785 0.1832789 0.3564564 0.4576034 0.6815073 0.5657241 0.2538477 0.3063845 0.3944818 0.2484654 0.5033655 0.5062570 0.4375372 0.3454203 0.0065843 0.4395047 0.4017396 0.2497260 -0.0626336 0.1802237 0.0216807 0.1176747 0.1997238 0.4206312 0.5990075 -0.0790525 0.0398759 -0.0394484 0.2464133 0.1423599 0.1768430 0.3783616 0.0818702 0.0262938 0.4891100
0.2707987 0.0298540 0.1162609 0.1912601 0.0069354 0.6180561 0.5465322 -0.1716527 0.7007935 0.4695396 -0.0789345 0.6227764 -0.1208232 0.0000000 0.6960022 -0.3158253 0.0703309 0.7773240 -0.0276881 0.0602285 0.5390906 0.0180254 -0.5219686 0.7415030 0.1397125 -0.4410310 -0.0853621 0.6498284 0.6969207 0.8181367 -0.1879104 0.3544752 0.4592988 0.5836313 -0.3946002 0.4416590 -0.2061286 0.1313663 0.2471986 0.2732891 0.2387880 0.4864156 -0.2638314 0.2172671 0.5934647 0.5418132 0.2626818 0.0168023 0.3138032 0.3253766 -0.0160308 -0.1676198 0.6212153 -0.4910536 0.2241544 0.5664892 0.2948066 -0.4443005 0.2284807 -0.1662502 0.4555690 -0.2075381 -0.1412185 0.0361441 0.4542714 0.1661387 -0.3929136 -0.5407970 0.2350649 -0.4382164 -0.3220289 -0.0348801 -0.4954738 -0.0849789 -0.3694721 -0.4674952 0.0590924 -0.5430384 -0.4435521 -0.0608559 -0.4812568 0.4355937 0.3347048 0.5321407 0.3160721 0.3543359 0.0375197 -0.1158649 0.2858579 0.2976597 0.0883512 0.1610701 -0.2015983 -0.5430592 0.3657485 0.1170459 0.1889379 -0.0018167 0.3216221 -0.0532993 0.0824116 0.0048682 0.3742351 0.0773467 0.0858134 -0.0238036 0.3480387 0.4467721 0.0854823 0.0185257 0.1942243 -0.2387105 0.3499141 0.1775225 0.1467933 0.1330975 0.1021280 0.3355865 0.2941834 0.3564864 0.2266561 0.0406764 0.4822305 0.4252161 0.3079222 0.1648582 0.0590221 0.2038539 -0.1008255 0.0882764 0.0356029 0.4649610 0.0814832 -0.0790595 0.1935240 0.2583451 0.1515189 -0.0726474 0.3251893 0.1779049 0.1905950 0.0753573 0.3801035 0.1753950 0.0637263 -0.0525718 0.3239396 0.3974757 0.2277362 -0.2068977 -0.0954210 0.2057360 0.1643000 0.1952293 0.3693702 0.1644759 0.4970138 0.2903426 0.4446991 0.1540649 0.3303232 -0.0479442 0.4833408 0.4250382 0.3940632 0.4465948 0.1805061 0.2824242 0.3602169 0.4402739 0.4059654 0.3670034 0.2111720 0.1325061 0.2732568 0.2817294 0.1531044 -0.3746694 0.1454315 0.1260174 -0.3279286 0.0496106 0.1167012 0.0470238 0.0394194 0.1701958 0.2335227 -0.1386261 -0.1392767 0.1839629 0.3835567 0.1294994 -0.0168325 0.1166451 0.2002263 0.1468880 0.3961708 -0.1782050 -0.1562720 0.3115833 0.2593897 0.4385268 0.0566575 0.4770901 0.5915722 0.1708688 0.2060334 0.1409295 0.3385927 0.2230488 0.2220534 0.3552002 0.4033391 0.0657651 0.2152896 0.0248438 0.3830696 -0.1787633
0.2705918 0.1035480 0.2662800 0.4615265 0.0935991 0.7364755 0.7065775 0.0046582 0.7945388 0.1734775 0.1059564 0.9019846 -0.0075674 0.6960022 0.0000000 -0.1562958 -0.4856165 0.9072608 0.2743775 -0.1723732 0.7550671 -0.0190004 -0.5205184 0.8239089 0.3213174 -0.2999519 -0.4742197 0.8198229 0.8288234 0.6893190 -0.2194453 0.2789033 0.5267321 0.6959180 -0.4790534 0.6302251 -0.2891433 0.2514336 0.0217378 0.2114133 0.1732575 0.6010853 -0.2161144 0.3752496 0.7326089 0.4529173 0.1877017 0.0353421 0.4250727 0.1362575 0.0055140 -0.1669163 0.8253598 -0.3346037 0.3148075 0.5905125 0.2701252 -0.3167758 0.4383277 -0.1139837 0.6656708 -0.2160563 0.0104456 0.2052929 0.6899350 0.1939931 -0.1500046 -0.3382975 0.4667668 -0.2552935 -0.1301168 0.1801321 -0.2398179 0.3256304 -0.1467818 -0.1381986 0.4562598 -0.3743745 -0.1233225 0.2940186 -0.4599045 -0.0769577 0.3230451 0.5211981 0.2690616 0.5397866 0.2544826 -0.5427500 0.4209118 0.4010775 0.4943706 0.1389161 0.0312294 -0.5954600 0.4881376 0.2412548 0.3598087 0.1439898 0.2880515 -0.2826655 0.1499566 0.2700740 0.4737042 -0.2957405 0.3791105 0.2702736 0.4513623 0.4968282 0.3266442 0.1768102 0.4096854 -0.0448838 0.4560018 0.2520780 0.3703262 0.3370438 0.1930481 0.5221232 0.3839559 0.4650432 0.2303593 0.2345208 0.3007859 0.5249020 0.3211272 0.3233943 -0.2013686 0.2896507 0.0336516 -0.1650220 -0.0821312 0.5068838 -0.3372085 -0.1516953 0.4020111 0.3822381 0.0482543 -0.0018933 0.2874226 0.3493379 0.4286231 0.2142432 0.3480369 0.4335944 0.0930628 -0.0042681 0.3890343 0.4595980 0.5843342 0.0943948 0.2015215 0.4123184 0.2454406 0.4129206 0.0884349 0.5217568 0.5930582 0.3505385 0.5818636 0.4525469 0.2819106 0.2852226 0.5672359 0.5745522 0.5211325 0.6942689 0.5135512 0.5505558 0.6380241 0.6612505 0.6895501 0.7030224 0.0034539 0.0245129 0.6151833 0.6312355 0.4625264 -0.2868472 0.4140561 0.3395277 -0.1170161 0.2238381 0.2210455 -0.0422762 0.2370390 0.5339217 0.4057384 0.1861600 0.3195830 0.5371111 0.5861152 0.5390376 0.3312190 0.2910044 0.3380477 0.2333686 0.5385008 0.0268012 0.1346024 0.4959736 0.2044265 0.4074811 0.2587858 0.7205224 0.5071311 0.1078074 0.4209792 -0.0045806 0.0219657 0.1832470 0.2756730 0.5781318 0.5458660 0.3119317 0.5067484 -0.0916950 0.3458009 -0.1787124
-0.1589471 0.4240962 0.3771447 0.3848702 0.1146194 0.0376276 0.0851032 0.6831407 0.0110847 0.2502995 0.7428796 -0.1186651 0.7368708 -0.3158253 -0.1562958 0.0000000 0.2129266 -0.3000256 0.5404687 -0.0499948 -0.1201848 0.3291539 0.5044244 -0.3487470 0.3012671 0.4191546 0.0504962 -0.3697431 -0.2138995 -0.4071952 0.3845759 -0.1915400 -0.3058143 -0.2999196 -0.1994699 0.0204708 0.0647714 0.1117972 -0.4789490 -0.1826951 0.2419678 -0.0850586 -0.2809783 -0.1752799 0.0421370 -0.3971643 -0.3841981 0.3237854 -0.0529917 -0.1902118 -0.3961104 -0.3334376 -0.1199599 0.1821756 -0.1482315 -0.4202177 -0.3925961 0.4318269 -0.0349724 -0.3262459 0.0193329 -0.2504461 0.0270083 0.5601302 0.0874576 -0.2670712 -0.0599645 0.2780387 -0.0253262 0.3217117 -0.0761943 0.4129230 0.1932032 0.5252992 -0.0693130 0.4868446 0.4744618 0.0779623 0.2749704 0.3728395 -0.0257178 -0.5050964 -0.4538618 -0.3034013 -0.4849345 -0.2532872 -0.1831702 0.1264969 -0.2262446 -0.2806411 0.1412552 0.0771528 0.2486587 0.1973743 0.0081140 0.1524190 -0.0135861 0.1732483 -0.0530694 -0.4319600 -0.0061458 0.2002201 -0.2509218 -0.3947236 0.0310772 -0.1094589 -0.2669787 -0.2959350 -0.0732539 -0.0679190 -0.1319179 -0.0039810 -0.0047003 -0.0331675 0.0649448 -0.3247247 -0.1902204 -0.2156780 -0.1389472 -0.1372950 -0.1575334 0.1087467 -0.3842382 -0.1209564 -0.2791292 0.1697748 -0.2711282 -0.2668727 0.0696737 -0.4192536 -0.4247202 -0.2832816 -0.4035172 -0.3299047 -0.1199766 -0.0406639 -0.3153599 -0.1265911 -0.3722922 -0.1023212 -0.2691002 -0.1363820 0.0045369 -0.0856297 -0.3513970 -0.3892923 -0.2705630 -0.2348362 0.0801649 -0.0715991 -0.1709497 -0.2094338 -0.2562597 -0.3502059 -0.4674255 -0.0489313 -0.0902335 -0.3813037 -0.0764059 -0.0083714 -0.6601271 -0.1229026 -0.4459908 -0.0274772 -0.4801829 -0.2418043 -0.4249461 0.0961617 -0.1043281 -0.1101281 -0.1293145 0.0423661 -0.1307650 0.1419369 0.1115523 0.0477341 0.0757136 0.1752433 0.1071608 0.2052453 0.1957862 0.1412022 -0.0517045 -0.1298678 0.0918223 0.2091374 0.2213556 0.4524957 0.5406471 0.1653112 -0.0203732 0.2869424 0.1737079 0.1554893 0.1888200 0.1738954 0.0026878 -0.1281840 0.1444301 0.0643032 0.1283385 -0.0063660 -0.0310443 -0.0857851 -0.0183367 0.2306335 0.1087563 0.2504671 -0.1947620 -0.1827454 -0.0817611 -0.1493789 -0.0213523 0.0059315 0.0947857 -0.0007871 -0.1377623 0.2850650
-0.4149358 0.2078374 0.0624599 -0.2215941 -0.0621484 -0.2094025 -0.2370550 0.1935450 -0.1813710 0.4798757 0.1663017 -0.4657630 0.3084526 0.0703309 -0.4856165 0.2129266 0.0000000 -0.4633363 -0.1600534 0.4038281 -0.3995760 0.2539653 0.2734687 -0.4179704 -0.1748147 0.1378478 0.7892636 -0.4387281 -0.3925516 0.0159151 0.2244145 -0.0539132 -0.3736307 -0.4368215 0.2505760 -0.3190899 0.1754278 -0.1205516 0.2523691 0.1552409 0.1740656 -0.2565531 0.0945679 -0.3501012 -0.2882449 -0.2486800 -0.0445436 0.1102339 -0.2798613 0.0530336 -0.0417123 0.0234823 -0.5054442 0.1237530 -0.3429967 -0.3960372 -0.1441505 0.2499441 -0.2182455 -0.0307151 -0.3411647 0.0595253 -0.2662228 0.0535552 -0.3403218 -0.1544392 -0.1869540 0.1877261 -0.4605681 0.1574983 -0.1904367 0.0076608 -0.0701599 -0.2890996 -0.0951157 -0.0442199 -0.3236725 0.0155662 -0.0638789 -0.3818165 0.2260279 0.2782122 -0.1595780 -0.3449301 -0.1713695 -0.2392389 -0.1542679 0.5610279 -0.2485237 -0.2380809 -0.3834284 -0.0801963 -0.0594699 0.3360590 -0.1551174 -0.1045267 -0.1548582 -0.0496107 0.0669269 0.0696182 -0.0182863 -0.1941253 -0.2287979 0.2813777 -0.3408714 -0.3009220 -0.2942003 -0.2545537 -0.2887864 -0.2956231 -0.2566657 -0.1397385 -0.1307407 -0.0107246 -0.2533376 -0.5341634 -0.2438044 -0.4166710 -0.3414117 -0.3190514 -0.1777364 -0.3862559 -0.0047428 -0.3425186 -0.2476195 -0.1394015 0.3772407 -0.0899496 0.0004490 0.3367523 0.1747925 -0.1914941 0.4758279 -0.0043341 -0.1852857 -0.0558231 0.1224117 0.0782155 -0.1281746 -0.2655345 -0.2599393 -0.3020139 -0.0577671 -0.4202883 -0.0617332 0.0635351 -0.2183112 -0.2952384 -0.4737761 -0.3688323 -0.4119177 -0.3947211 -0.1242756 -0.2583820 0.2208004 -0.4853173 -0.3114177 -0.0986741 -0.2607572 -0.4973725 -0.1538502 -0.3933418 -0.2910819 -0.3049561 -0.3154833 -0.3850238 -0.4687336 -0.3240248 -0.3829404 -0.3759549 -0.3704097 -0.4857962 0.1641626 0.0980407 -0.3035463 -0.4400914 -0.2868569 0.2667863 -0.2808773 -0.1965344 0.0101483 -0.0432084 -0.0002247 0.2892762 -0.0361320 -0.3328157 -0.0913308 -0.1847261 -0.4048408 -0.4904709 -0.2818839 -0.5399137 -0.5106842 -0.0689800 -0.0851218 -0.0168114 -0.2652365 -0.2854439 -0.2542852 -0.2635002 0.1439513 0.0121615 -0.1214567 -0.5077578 -0.0582142 0.0540725 -0.2332569 0.3226065 0.1958540 0.0507279 -0.1995986 -0.1788239 -0.2376068 -0.2037680 -0.2027465 0.1736399 0.0029574 0.3812158
