0.0000000 -0.2705418 0.0802072 0.3009152 0.3151826 0.3754818 0.5202828 0.2720813 -0.1599327 -0.3653897 -0.2189662 -0.1668607 0.2699419 -0.4153799 -0.1704436 0.1986266 -0.3575660 -0.1948443 0.4022588 0.6681929 0.1254399 0.0944754 0.2376146 -0.3498232 0.2999951 0.3318924 -0.1804693 0.1130253 0.4212616 -0.2882833 0.0055822 -0.2213409 -0.4086383 -0.1226675 0.1924987 0.3160894 0.0815945 0.0926265 -0.1847706 -0.2672267 -0.3248195 0.4688874 0.0914622 -0.4243289 0.4403854 0.1688758 0.3347872 -0.1834053 -0.3660864 0.1081399 0.2371199 0.0434519 -0.0395662 -0.1891875 0.2356983 0.2013547 0.1026836 0.0283522 0.1262602 0.1118766 0.3730915 0.1396661 0.3095951 0.1336403 0.1562718 -0.0167987 0.1921677 0.1753297 0.3012322 0.2049839 0.0906031 0.1078342 0.1598079 -0.1237029 0.2174439 0.1100654 -0.1622449 0.1104121 0.2515071 -0.0710403 0.1638683 0.2575339 0.3713428 0.1099747 -0.1079885 -0.0567868 -0.0251285 0.2037948 0.0739382 -0.0205899 0.0765874 0.0849943 -0.5216996 0.4284022 -0.0636342 0.0979929 -0.1754152 -0.7219030 -0.2717542 0.4836972 0.3292177 -0.4717822 0.0560162 0.3161011 -0.1117924 0.0666175 -0.4136177 0.0133756 -0.2748298 -0.3800672 -0.0203142 -0.5533722 0.1125690 0.0162113 -0.3933355 0.0164830 -0.0758797 -0.4958524 -0.2325112 -0.4911030 -0.1016820 0.0939255 0.1225082 0.2024709 -0.1991605 -0.3587583 0.0495120 0.2082083 -0.1649070 0.0344004 -0.0143711 0.3265159 -0.0401992 -0.0979582 0.1437827 0.2440143 -0.1036250 -0.0592445 0.0991238 0.0182602 0.4643785 0.0080818 0.2946021 -0.0812534 -0.0015308 0.0121694 0.0890353 0.1149005 0.3277752 -0.0114991 0.0561698 0.0630364 0.0054045 0.3937120 0.0096615 0.1149207 0.2692510 0.0766935 0.2365303 0.0308613 0.0834112 0.0168217 0.1101511 0.1227417 0.0425325 0.4192875 0.3076227 0.2760100 0.1960839 0.1898296 0.2465031 0.1916932 -0.4095339 -0.5281040 0.5579160 0.2435010 0.1095145 0.3738201 -0.0340380 0.0782778 0.1766460 0.2562420 0.5159585 0.5170648 -0.0846657 0.2126273 -0.1833804 -0.2362475 -0.5077906 -0.2626318 -0.3553628 -0.1692056 -0.2449101 -0.2827936 -0.2425781 -0.2474128 -0.2877914 -0.3688588 -0.1467255 -0.3793708 -0.1876613 -0.5164402 -0.2837283 -0.0213646 0.3727060 0.4328689 -0.3324028 -0.0690741 -0.1754191 -0.6266802 -0.4417116 -0.2336311 0.3167520 0.1689738 0.0392642 0.5533339 0.0648834 0.2533296
-0.2705418 0.0000000 0.7545098 0.2533965 0.4458971 -0.0143197 -0.1362094 0.2357434 0.2040843 0.4244240 0.4868300 0.4724957 0.1398253 0.4406546 0.2514312 0.2311081 0.3418778 0.3172454 0.0439525 -0.2378648 -0.0733542 0.0472984 0.1014337 0.4810216 -0.0475802 0.0001478 0.1377787 -0.0446401 -0.3802897 0.0909471 0.1251219 -0.0325823 0.3208183 0.0648155 0.1691188 -0.3227224 -0.1390912 -0.0496542 0.1548079 -0.1332602 0.0237922 -0.5133013 0.2010821 -0.0368297 -0.4168197 0.0510766 0.0287775 -0.0101907 0.0702393 0.0054551 0.0312205 0.0708325 -0.0343846 -0.0592788 -0.2490185 -0.1312972 -0.1537232 -0.1945587 -0.3089848 -0.2060952 -0.3926901 -0.0392086 -0.3753966 -0.1551643 -0.2720847 -0.2427343 -0.2450051 -0.1726105 -0.2652535 -0.2417101 -0.2693353 -0.2185997 -0.2120160 -0.0269432 -0.1753724 -0.2547570 -0.1094829 -0.3160103 -0.4339198 -0.1121144 -0.4046461 -0.0775591 -0.1079460 -0.0925838 0.0642710 0.1672905 -0.0655814 -0.0456365 -0.0488372 0.0919542 -0.0803150 -0.0923045 0.2718491 -0.3256228 -0.1200161 -0.0571732 0.1595062 0.3266263 0.0276190 -0.3868374 -0.3023938 0.2746710 0.0829016 -0.3524193 -0.0345212 -0.2806207 0.2311567 0.1919339 0.0791053 0.0443843 -0.2751283 0.1591911 0.0104398 0.0021633 -0.0868394 0.0346127 -0.1940941 -0.0323774 -0.1154127 0.3460894 0.1286289 -0.0515432 0.2548299 0.1622677 0.1866299 0.0908670 0.1813844 0.1638555 0.0460992 0.2529181 0.1347932 0.0091343 0.2383823 0.3477126 -0.0494754 0.0855301 0.2606101 0.0119373 0.0171506 -0.1538916 -0.1862584 0.0247980 -0.2895228 0.0710899 0.1209086 0.1991712 0.0599797 0.1173610 -0.1919339 0.0060584 -0.1536340 0.0444992 0.0410047 -0.0455582 0.1591908 0.0298102 -0.2234795 0.1397564 -0.2025360 -0.1320736 0.2355651 0.0362030 0.1929693 -0.0848728 0.1952636 -0.0615135 0.0702049 -0.0365551 -0.0876874 -0.0071389 -0.0272403 -0.0744707 0.4180142 0.5609302 -0.0893054 0.3316748 0.3299031 0.0122293 0.1452198 -0.0532800 0.0859357 -0.2067804 -0.5578795 -0.4591484 -0.1589040 -0.2410272 -0.1013086 0.0162867 0.2138660 0.0065129 0.3084383 -0.1669780 0.1324092 0.2422100 0.0493818 0.0783410 0.2198608 0.2422424 -0.1556467 0.1370419 0.4304500 0.1705757 0.4493665 0.2165076 0.2196764 -0.4512877 -0.1036189 0.3586231 0.5148415 0.2992120 0.5000558 -0.0662947 0.2263286 0.0000379 -0.1951562 -0.2468125 0.1352782 0.1173883
0.0802072 0.7545098 0.0000000 0.4218023 0.7327263 -0.0942249 -0.3143798 0.6152327 -0.1829711 0.0507659 0.4218019 0.0117477 0.6606071 0.1559248 -0.0958057 0.4739122 0.1483465 0.1048746 0.4438246 0.1701842 -0.0398665 0.5168399 0.3783511 0.1444775 0.3919805 0.3432481 0.0906458 -0.1269046 -0.2007281 -0.0650764 0.5197838 0.1784311 0.0834543 -0.0549402 0.4117323 -0.1108957 0.1086114 0.3730625 0.1469155 -0.0442694 0.2575222 -0.2049596 0.3712113 -0.1573303 -0.0637660 0.4084345 0.3028471 0.2648160 -0.0028493 0.4913705 0.3006314 0.3384803 0.0768501 0.1497697 0.2021659 0.2493707 0.1004705 0.1701665 -0.0143693 0.0942635 0.0988439 0.3128039 0.0401776 0.2735632 0.0424434 -0.0482939 0.1047373 0.1792983 0.1281378 0.2210105 0.0265878 0.1394798 0.1086072 0.2337943 0.1563074 0.1229874 0.1260642 0.0044352 -0.0468600 0.0365246 0.0093599 0.0812900 0.2455833 0.2445616 0.3326184 0.4136703 0.2942020 0.2814508 0.3559655 0.4540767 0.3264084 0.1944830 0.3008768 0.0689278 0.2525017 0.2209346 0.2549956 0.0791105 0.3540971 -0.0683981 0.1752662 0.1873039 0.1499672 -0.0094887 0.1972874 0.1075333 0.2272447 0.2687382 0.1788860 0.2331470 0.1189983 -0.0470218 0.1661316 0.2604899 -0.0297732 0.2000668 -0.0179562 -0.2757109 -0.1517844 0.1454086 0.1968393 0.2304888 0.4055226 0.1950960 0.1624255 0.0655691 0.3633062 0.4972302 0.0899023 0.3587717 0.2684823 0.3295079 0.3047189 0.2048468 0.1002978 0.3163867 0.2549066 0.0650336 0.1390202 -0.0713637 0.2167734 0.0874508 0.2273277 -0.0657192 0.0731386 0.1111530 0.1212837 0.1928765 0.2980209 0.1481386 -0.0078261 0.0430395 0.0875244 0.3513626 0.2040130 0.1666618 0.1958109 0.1048167 0.2865987 0.1236261 0.3280578 0.3037259 0.3577860 0.2531971 0.3567301 0.1946122 0.3948362 0.4490315 0.3592638 0.4347375 0.3631442 0.3593143 0.5569256 0.4864666 -0.1405247 0.1165991 0.2413427 0.0467972 0.1871520 -0.0014877 0.0844250 -0.0430799 -0.1502304 -0.1694157 0.0643159 0.0050891 -0.1218631 -0.2425681 0.0670848 0.0542756 0.0487161 -0.1054021 0.0246239 0.0653401 0.0194168 0.0070302 0.0353020 -0.0090150 0.0055566 0.0526691 0.4952163 -0.2147121 0.3486799 0.1731882 0.6516047 -0.0394632 -0.1746132 0.5477010 0.5672670 -0.0395773 0.2792746 -0.0772576 0.5429009 0.2772935 0.1657413 0.0445334 0.4332689 0.4564175
0.3009152 0.2533965 0.4218023 0.0000000 0.3323813 0.0483279 -0.1806390 0.8291561 -0.2524565 0.1445766 0.7072405 -0.1503868 0.4954463 -0.0638027 -0.4104020 0.8722661 0.4125875 -0.3793341 0.8426644 0.1512543 -0.0651829 0.4262453 0.8691189 -0.3194747 0.6886629 0.8396123 0.3988012 -0.2819342 -0.2055002 -0.0030128 0.3286840 0.2675638 -0.4008745 -0.2710232 0.8621260 -0.1207067 0.4552197 0.4344400 0.4648067 -0.0808637 0.1001966 -0.1639708 0.7110794 -0.2036633 0.0307117 0.5629978 0.5889408 0.1866299 0.1920010 0.3297068 0.7074528 0.4488603 0.3529106 0.3643786 0.2663072 0.3822170 0.2847731 0.3724807 0.1629984 0.4476892 0.1044450 0.5005896 0.1550268 0.6642888 0.3460962 0.0340221 0.3937768 0.3908122 0.2881519 0.5744180 0.2773683 0.6750306 0.3109543 0.2302797 0.4268487 0.4326372 0.4262519 0.4058876 0.2849619 0.3112053 0.4080535 -0.2403521 0.0111979 0.0563563 0.0558720 -0.0464545 -0.1864932 0.1466310 0.0657197 0.0227243 0.0632351 0.1747410 -0.0696078 0.0631157 0.0205299 0.1969459 0.1267154 -0.3593587 0.0296610 -0.0605767 0.0596060 -0.2948296 -0.2048338 -0.0832095 0.0475936 0.1560243 -0.2114558 -0.0007560 -0.1000377 -0.1481459 0.1292637 -0.2690422 0.0705508 0.0491996 -0.1950468 0.0839357 -0.0847683 -0.2545389 -0.2261353 -0.3035822 -0.0404500 0.1023019 0.2835068 -0.1312510 -0.2361001 -0.3989416 0.1052188 0.5712445 -0.3466331 0.0801142 -0.1428786 0.4201810 -0.0246425 -0.1267302 -0.0644217 0.1968386 -0.1471897 -0.2438698 -0.1635617 -0.0090082 0.2621709 0.0314414 0.2680713 -0.3169070 -0.3264102 -0.0858434 -0.0925307 -0.0503212 0.4286028 0.0377511 0.0827633 -0.2081696 -0.0440161 0.3507061 0.0272746 0.0301044 0.3736294 -0.1172096 0.3432810 0.3023539 0.1751323 0.1894036 0.0633711 0.2438926 0.1388800 0.2472546 0.2497746 0.4736193 0.3976772 0.3639181 0.2945132 0.3638695 -0.2789782 -0.2715571 -0.2146970 -0.2072672 -0.0971899 -0.1296157 -0.1598639 -0.1980362 -0.2212699 -0.1336627 -0.0731478 -0.1043651 0.0950510 -0.1729343 0.1077439 -0.1588783 -0.1029475 -0.1039149 -0.3959449 -0.0557172 -0.1093736 -0.3639926 -0.3744742 -0.4627189 -0.3547923 -0.1168929 0.3228563 -0.4548535 0.1983748 -0.0890540 0.2003841 0.0141209 0.2090569 0.1956254 -0.7026928 0.1297583 0.2482090 -0.0258626 0.1733135 0.0322727 0.0681210 -0.0245855 0.0350639 -0.0017854 0.3467689 0.3778508
0.3151826 0.4458971 0.7327263 0.3323813 0.0000000 0.2037759 -0.0719624 0.6058860 -0.1436944 0.0628631 0.2979045 -0.1238704 0.6767110 0.1010910 -0.1773015 0.4154690 0.1241219 0.0227992 0.3472832 0.2817159 0.1224369 0.3795905 0.3520085 0.0852806 0.1616195 0.1963452 0.0637323 -0.1573547 0.1480375 -0.0417324 0.2347710 -0.1965327 -0.0486210 0.0726052 0.3198470 0.2502834 -0.2055812 0.1314010 0.2214690 -0.0566955 -0.0781420 0.1602143 0.4365108 -0.2098028 0.1422698 0.2435621 0.3407587 -0.0375884 0.0182451 0.3276384 0.2715238 0.0320421 0.0356601 -0.0676989 0.1943859 0.1952753 -0.0695083 0.0477529 -0.1090980 -0.1536485 0.3777562 -0.0276110 0.2705268 0.2874413 0.2349919 -0.2643820 -0.1748780 -0.1465057 0.1074439 0.0488522 -0.2673771 0.1242440 -0.2370096 0.4867816 -0.0251624 -0.1427207 0.0888435 -0.2493228 -0.2306434 -0.3172337 -0.1016679 0.2522373 0.3563343 0.2842889 0.2902809 0.3120321 0.1850201 0.3238749 0.2882735 0.4288695 0.1581446 -0.0546109 -0.0509728 0.2999697 0.1676522 -0.0347363 -0.1266202 -0.0973111 0.1660281 0.1908058 0.3511715 0.0781101 0.2869794 0.2993522 -0.1308106 0.0433455 -0.0919573 -0.0300086 -0.1040051 -0.0543668 0.0305743 -0.0656071 -0.2181148 -0.0940513 -0.2425417 -0.1948307 -0.2765984 -0.4111208 -0.3927747 -0.1836183 -0.2556490 -0.1306564 0.1721313 -0.0547772 -0.1586802 -0.1235614 -0.0285555 0.3691924 0.0391220 0.0335059 0.0447206 0.2914017 0.1118872 0.0702147 -0.0713601 0.3007384 0.1198230 0.0229870 0.0449250 -0.0268417 0.1926510 0.0480884 0.2564778 -0.0436752 0.1229032 -0.0147750 -0.0324898 0.0013890 0.2547338 -0.0045417 -0.0089206 0.1068284 -0.0663749 0.3511103 -0.1554853 0.3855426 0.2855620 -0.0533711 0.3695546 0.1124507 -0.0110203 0.1760255 0.5266362 0.3028071 0.0135297 0.3141926 0.4552748 0.4219626 0.2809908 0.2980689 0.2649098 0.2241815 0.4803642 0.2776214 0.1809915 0.1773405 0.2315888 0.2656055 0.3660083 0.2988237 0.4309070 0.3665098 0.2285043 0.3388630 -0.0482793 0.4557472 -0.3284037 -0.2819684 0.1458866 0.2381310 0.0023756 -0.1787772 -0.0597619 0.1214424 -0.0079031 -0.0553591 -0.0535197 -0.1105394 -0.2723326 -0.1121563 0.0424282 -0.4628850 0.0401091 -0.0757084 0.5552259 0.1932585 -0.2574981 0.3389829 0.1635087 -0.2793526 -0.0909831 -0.3349413 0.6809766 0.4088239 0.0370991 0.3505708 0.2547168 0.2973687
0.3754818 -0.0143197 -0.0942249 0.0483279 0.2037759 0.0000000 0.6956286 0.0435699 0.7255620 0.6043139 -0.0209237 -0.0877016 0.1086047 0.4897915 0.4969686 0.1127529 0.3485084 0.4985783 0.1252506 0.5955989 -0.2950376 -0.0004772 0.1477884 0.3686138 -0.1879329 0.0041662 0.4471289 0.6402560 0.3520943 0.6054814 -0.0565142 -0.6365620 0.2756173 0.2908279 0.1361994 -0.0517611 -0.2380127 -0.3516705 0.4020813 0.2029371 -0.4721684 0.2244043 0.2984309 0.2708463 0.2188170 -0.0860950 0.3176105 -0.4353381 0.0876277 -0.1395178 0.2896740 0.0967294 -0.4404336 -0.0711687 -0.0000929 -0.0394216 -0.0546689 0.0046961 0.0271308 0.0027297 0.0102646 0.0007929 0.2016767 -0.1600187 -0.4272581 -0.1621661 -0.0025067 -0.0991739 0.0595340 -0.1393482 -0.0847641 -0.2349759 -0.2354217 -0.2882183 -0.0480475 -0.4701654 -0.3994087 -0.1481496 -0.5123862 -0.7252152 -0.3074260 0.1044743 0.2871853 0.1134609 -0.0186904 -0.0559761 -0.1883194 0.2103684 -0.1513592 -0.0330761 -0.3952204 -0.2906850 -0.4879465 0.2999968 -0.4794267 -0.3122040 -0.4599193 -0.2880424 -0.4864327 0.3861879 0.0009657 -0.0990659 0.2936203 0.2240414 -0.5758802 -0.5392247 -0.2569335 0.0881821 -0.5444329 -0.4011847 -0.6143502 -0.4691921 -0.1386654 -0.3742366 -0.3410086 -0.2696731 -0.4070574 -0.1208139 -0.3050826 -0.3032682 -0.2875077 -0.3215913 -0.3218168 0.2454829 -0.2209821 -0.7562848 -0.4056215 -0.2921439 -0.5201933 -0.4074618 -0.5456481 -0.3958149 -0.5511298 -0.3580576 -0.4481526 -0.3454963 -0.4377846 -0.5697514 -0.5087860 -0.6574486 -0.2879735 -0.6837818 -0.2504412 -0.5497973 -0.4500274 -0.1318520 -0.5078763 -0.4684247 -0.1676451 -0.6931625 -0.5749129 -0.5596387 -0.6283658 -0.1263355 -0.4180137 -0.4111391 0.0133174 -0.4893267 -0.0179299 -0.5114359 -0.2783031 -0.6967129 -0.1575117 0.0059098 -0.4756454 -0.3142875 -0.1113866 -0.0402620 -0.0633122 -0.3586981 -0.3656698 -0.2186646 -0.1663103 -0.2289552 0.5445836 0.1481551 -0.3778710 -0.2771269 -0.3975007 -0.1740868 -0.1177702 -0.0758689 0.2677499 0.2496189 -0.0840100 -0.1514382 -0.0296139 -0.1407264 -0.3892255 -0.5457557 -0.2046320 -0.7010801 -0.6936288 -0.4696920 -0.6612377 -0.6512585 -0.5741233 -0.5258870 -0.7745152 -0.7113301 -0.5210398 0.0879982 -0.4308635 -0.3842684 0.0337993 -0.1868362 -0.4797389 -0.1086538 -0.5270735 -0.3097240 -0.5088821 -0.7249639 -0.1001608 -0.3577178 -0.7389765 0.4400063 0.3638893 0.3164369
0.5202828 -0.1362094 -0.3143798 -0.1806390 -0.0719624 0.6956286 0.0000000 -0.3590128 0.5412334 0.1836619 -0.3351656 0.3860777 -0.3347113 0.0214952 0.5260728 -0.3077638 -0.1821182 0.2679695 -0.2412711 0.4111564 0.1252304 -0.4869854 -0.2818143 0.2561263 -0.4281602 -0.2941118 -0.1002897 0.4592162 0.5828416 0.1098371 -0.4438496 -0.7119328 0.1107778 0.4018813 -0.2510332 0.2300797 -0.4595911 -0.6238632 -0.1235323 -0.1174955 -0.7008402 0.4305044 -0.2258600 0.0123434 0.3570648 -0.5014657 -0.1310075 -0.6430642 -0.0849067 -0.5952882 -0.2171802 -0.2899891 -0.2070510 -0.3845752 -0.4057719 -0.4822995 -0.4274451 -0.2968636 -0.1129456 -0.3637536 0.0225027 -0.3703412 -0.2299859 -0.4255095 -0.3403886 -0.4171851 -0.3053327 -0.3517707 -0.3402187 -0.4051435 -0.3721151 -0.3661496 -0.4239388 -0.3140705 -0.3686860 -0.4875055 -0.3671467 -0.4218690 -0.3924868 -0.4709629 -0.5044853 0.0080449 0.0088828 -0.1342597 -0.2674961 -0.3985378 -0.4736651 -0.0124865 -0.4263198 -0.3403829 -0.5989180 -0.5274260 -0.7161136 0.1939937 -0.6251849 -0.5511693 -0.6046438 -0.3493494 -0.6993071 0.3513060 -0.1852648 -0.3068478 -0.0743040 0.1542193 -0.6646772 -0.6370426 -0.4693747 -0.1963758 -0.5597224 -0.5754285 -0.6472206 -0.4214298 -0.2289868 -0.4775492 -0.3842117 -0.3422951 -0.3308178 0.0293449 -0.1147774 -0.2222920 -0.2683216 -0.3749388 -0.4495462 0.1757669 -0.2056771 -0.4189007 -0.4427645 -0.5356540 -0.3284652 -0.3988641 -0.4061775 -0.4407559 -0.4341597 -0.1183419 -0.3739764 -0.3649181 -0.2898947 -0.3250258 -0.2786276 -0.2768028 -0.2857843 -0.3595994 -0.4605964 -0.1046277 -0.1114439 -0.0781501 -0.2409848 -0.2397574 -0.3541537 -0.4905468 -0.3537765 -0.1777106 -0.3388967 -0.2541977 -0.3273410 -0.1986621 -0.2464422 -0.1747671 -0.2972727 -0.5812878 -0.3290237 -0.6039606 -0.2048409 -0.3201064 -0.4711076 -0.1536496 -0.2086824 -0.3131201 -0.3349803 -0.5298651 -0.3867420 -0.4023818 -0.4778720 -0.3829917 0.7984322 0.5844455 0.0494325 0.2307274 -0.1105842 0.1041175 0.2429081 0.2142908 0.3451503 0.4310321 -0.2048088 -0.0254662 -0.0956787 0.1546488 -0.2423735 -0.3016780 -0.0143295 -0.2949609 -0.3188288 -0.0986445 -0.2905258 -0.2143685 -0.1088340 -0.1823394 -0.5927836 -0.3534941 -0.4568508 0.0212160 -0.3801672 -0.1790523 -0.0247081 -0.2474780 -0.1198989 -0.1529774 -0.4793602 -0.2640972 -0.3628575 -0.3205429 -0.1789302 -0.4034762 -0.5164334 0.3870217 -0.0792427 -0.1484169
0.2720813 0.2357434 0.6152327 0.8291561 0.6058860 0.0435699 -0.3590128 0.0000000 -0.3499292 0.0840218 0.7007928 -0.4665273 0.8503064 0.0574486 -0.4882543 0.9278630 0.4449920 -0.2656240 0.8664373 0.2661050 -0.1319564 0.7280865 0.9257193 -0.3006963 0.7005529 0.7472389 0.4623137 -0.2717502 -0.1243577 0.0884396 0.5715103 0.3065734 -0.3271677 -0.1894381 0.8603214 -0.0817854 0.3675871 0.5995453 0.6003183 0.0480242 0.3192526 -0.0395373 0.8681188 -0.1974872 0.2041012 0.6747577 0.6721816 0.3747393 0.1541682 0.6251215 0.7885506 0.5609426 0.3011536 0.4416377 0.5099782 0.5486696 0.3722374 0.4915606 0.3006383 0.4965575 0.3976476 0.6046962 0.3974540 0.7707568 0.3923768 0.1079194 0.4581496 0.4442529 0.4406893 0.6549670 0.3359783 0.7013636 0.3278611 0.4139486 0.4790131 0.4064203 0.4453626 0.4204204 0.3101102 0.2529340 0.5200320 -0.1408837 0.2582671 0.3403016 0.3668951 0.2707411 0.1493499 0.3769609 0.3499517 0.3669612 0.3315496 0.2395659 -0.0300030 0.2956298 0.2984173 0.2860148 0.0854812 -0.3698839 0.3924467 0.1051457 0.2703161 -0.1195965 -0.0058794 0.0904662 0.1051107 0.3358811 -0.0980477 0.0711053 -0.0351526 0.0885779 0.3746335 -0.3616437 0.0014022 0.1192563 -0.1944732 0.0188548 -0.1409079 -0.4692136 -0.3973076 -0.3889369 -0.1527841 0.0840474 0.2334644 -0.1057796 -0.1557742 -0.2560966 0.0966312 0.5794091 -0.1005115 0.0643903 -0.0025783 0.4281397 0.0663857 -0.1604039 -0.0355602 0.1721697 -0.0348048 -0.0653889 -0.0289927 0.0399766 0.2262075 0.0894289 0.4153324 -0.3311421 -0.2041586 -0.2054132 -0.0515145 -0.0418776 0.4379234 0.0705389 0.0834922 -0.1621907 -0.0103279 0.3307660 -0.1100299 0.0357185 0.4144314 -0.2188705 0.4653826 0.3682143 0.0221311 0.3049180 0.1121902 0.3244762 0.0675164 0.1765179 0.2333138 0.5419767 0.4377295 0.4491718 0.2576299 0.3536039 0.1339208 -0.0290321 -0.2749420 -0.3348974 -0.1901187 -0.1876573 -0.1172634 -0.1993996 -0.1749229 -0.0699835 0.1431451 0.0189766 0.2872729 0.0018595 0.0851679 -0.2363698 -0.0446197 0.0144803 -0.4162408 -0.0844983 -0.1501523 -0.3151281 -0.2092825 -0.3257045 -0.3494593 -0.2531971 0.2936260 -0.3213586 0.0915552 -0.3010196 0.0648118 -0.1067216 0.4291688 0.2396485 -0.5526437 0.2532980 0.1561481 -0.1586019 -0.0183906 -0.0544262 0.2392073 0.1428630 0.1859518 0.0449667 0.5710106 0.6558402
-0.1599327 0.2040843 -0.1829711 -0.2524565 -0.1436944 0.7255620 0.5412334 -0.3499292 0.0000000 0.7815693 -0.0205728 0.3195080 -0.3316117 0.7593775 0.8974425 -0.1701868 0.4603659 0.8264235 -0.2541076 0.1473229 -0.2593279 -0.3011400 -0.1897211 0.7838058 -0.4639298 -0.2770910 0.4790167 0.8207855 0.1313567 0.7658603 -0.2593994 -0.5380935 0.7359745 0.4727807 -0.1075776 -0.3308393 -0.2833403 -0.5181649 0.2833475 0.2892707 -0.4130259 -0.1655543 0.0202032 0.5737129 -0.1560157 -0.3042429 -0.0268069 -0.4149095 0.1956073 -0.3553453 -0.0071961 -0.0130288 -0.4219775 -0.1499770 -0.2793325 -0.3103427 -0.1887972 -0.1922868 -0.1221256 -0.1475842 -0.4295337 -0.1893213 -0.1426506 -0.4988757 -0.6078699 -0.1650563 -0.1855758 -0.2697734 -0.2277124 -0.4449713 -0.2191898 -0.5424697 -0.3619493 -0.4834391 -0.2582913 -0.5852548 -0.5367914 -0.3338737 -0.6820648 -0.6268902 -0.5424114 -0.0628512 -0.1350438 -0.2310935 -0.2536988 -0.0824224 -0.2395873 -0.1972029 -0.3504748 -0.2679810 -0.4611258 -0.2956219 -0.1593242 -0.2495731 -0.5618957 -0.3439984 -0.2376584 0.2290530 -0.5159903 -0.1449216 -0.3970838 0.2262554 0.2440608 -0.2292152 -0.4090454 -0.7333470 -0.0127204 0.0869612 -0.2826536 -0.3843273 -0.7418130 -0.1018807 -0.1181684 -0.3849210 -0.2434136 -0.2402852 -0.4073566 0.1158585 -0.1375650 0.1991086 -0.0634369 -0.3336058 -0.2724281 0.2991664 0.0322233 -0.4251926 -0.3064890 -0.4592393 -0.4051981 -0.2959309 -0.4457863 -0.5775070 -0.4285754 -0.0900054 -0.3604288 -0.4102785 -0.2682101 -0.5073468 -0.4854079 -0.6696138 -0.5748198 -0.6660616 -0.5769103 -0.2822004 -0.3499252 0.0402433 -0.4385475 -0.3801350 -0.5109222 -0.6573350 -0.6323330 -0.4436126 -0.5547393 -0.4689707 -0.2133812 -0.4962535 -0.3727855 -0.3389973 -0.4052374 -0.6086336 -0.1525522 -0.7379876 -0.2992870 -0.2450022 -0.3650629 -0.5594088 -0.3441416 -0.4118420 -0.3693226 -0.5663165 -0.5627116 -0.4554356 0.0150849 0.1513672 0.2772515 0.2343881 -0.2056713 -0.3255259 -0.3519431 -0.2726187 -0.2501130 -0.3831284 -0.2746510 -0.2580459 -0.1317585 -0.3721688 0.0979284 0.0684246 -0.2336719 -0.5287891 0.2153689 -0.5597645 -0.5018325 -0.1514849 -0.4518446 -0.4050172 -0.2165306 -0.2250423 -0.6728668 -0.3591062 -0.2080705 0.5164993 -0.1846466 -0.1991093 -0.3203144 -0.4510943 -0.1769551 -0.0070536 -0.2232897 0.1596242 -0.2060818 -0.4866902 -0.3785981 -0.3588294 -0.6867164 0.0861529 0.1204321 0.0421737
-0.3653897 0.4244240 0.0507659 0.1445766 0.0628631 0.6043139 0.1836619 0.0840218 0.7815693 0.0000000 0.4863204 0.1775011 -0.0618996 0.8635010 0.5321974 0.2567152 0.8307250 0.5738205 0.0248996 -0.0570302 -0.2830208 -0.0975523 0.2426744 0.6250124 -0.2697876 0.0041552 0.7358323 0.4352770 -0.1075735 0.8349461 -0.1174060 -0.3505149 0.5466645 0.3638019 0.3064456 -0.4017115 -0.1558353 -0.3622860 0.6984405 0.3605263 -0.2636240 -0.3331203 0.4704284 0.5354002 -0.2084729 -0.0848341 0.1903739 -0.3187023 0.5055941 -0.2385177 0.3330384 0.2177858 -0.1247543 0.1788509 -0.2578236 -0.2108168 -0.1034962 0.0643476 -0.0930597 0.0291084 -0.3666477 0.0298092 -0.1622410 -0.0680435 -0.3435198 -0.2131779 -0.0822912 -0.1447945 -0.2473712 -0.1649811 -0.1612562 -0.1185534 -0.3295560 -0.1076505 -0.1938463 -0.4008879 -0.1193421 -0.2127961 -0.6404203 -0.4361548 -0.3664774 -0.2421439 -0.1607691 -0.1103802 -0.0437949 0.0175680 -0.2362801 -0.0859060 -0.2505772 -0.1126428 -0.3955869 -0.2829499 -0.0626364 -0.2394922 -0.4429350 -0.2888174 -0.2105947 0.2348097 -0.2866318 -0.2429965 -0.3733402 0.2691024 0.1755168 -0.2601871 -0.3829323 -0.5670695 0.0309476 0.0503710 -0.1929605 -0.2423218 -0.5134285 -0.0494014 -0.2097182 -0.3771597 -0.2055544 -0.2585505 -0.4378513 0.0946247 -0.2497616 0.0820949 -0.1788042 -0.3716072 -0.2645919 0.0894869 -0.0340295 -0.3866989 -0.3343179 -0.3090909 -0.3951033 -0.3203044 -0.4690437 -0.5365725 -0.3958615 -0.1594066 -0.4648946 -0.4451661 -0.2787517 -0.4927453 -0.5388261 -0.5359163 -0.6627727 -0.5421964 -0.5541522 -0.3749903 -0.4218321 -0.0723650 -0.4954280 -0.4564339 -0.4779591 -0.5780375 -0.5095970 -0.4805586 -0.5369079 -0.4734076 -0.3022820 -0.4365865 -0.3198382 -0.4543470 -0.3357915 -0.3882363 -0.2211930 -0.5535957 -0.2489463 -0.2083208 -0.3921521 -0.5616578 -0.3584697 -0.3078843 -0.3045247 -0.4593240 -0.5407289 -0.4136209 0.0876837 0.2056116 -0.0418754 -0.0248679 -0.3026795 -0.5163119 -0.3276932 -0.3053253 -0.3008045 -0.3980593 -0.3745156 -0.3733782 -0.0426150 -0.4347949 0.1492925 0.0527849 0.0728044 -0.2703442 0.0811033 -0.4363827 -0.3623325 -0.1613877 -0.3922755 -0.4209074 -0.2567958 -0.0809201 -0.4122867 -0.3657088 -0.1447627 0.4677371 -0.1018524 -0.3207814 -0.3543554 -0.5052050 -0.4333919 0.0945119 -0.1344818 0.2632685 -0.0765900 -0.3876036 -0.4456125 -0.3984891 -0.6207456 -0.1255758 0.3031413 0.1846986
-0.2189662 0.4868300 0.4218019 0.7072405 0.2979045 -0.0209237 -0.3351656 0.7007928 -0.0205728 0.4863204 0.0000000 0.0356568 0.3752100 0.4175687 -0.1364712 0.8343809 0.7300397 -0.0101072 0.4983949 -0.2919679 -0.1307518 0.2738513 0.7094100 0.1467748 0.2540472 0.4099909 0.5300076 -0.1945080 -0.3388337 0.2982073 0.1280669 0.1081766 0.0193367 0.1039508 0.7286220 -0.3765411 0.0965305 0.1811578 0.7011367 -0.0889110 0.0972810 -0.4225125 0.7981316 -0.0427428 -0.0948959 0.3957171 0.5213540 0.1134036 0.3452070 0.1505410 0.6328635 0.2711733 0.3994668 0.2222999 -0.0105306 0.1100075 0.1158711 0.1201149 0.1363462 0.1933445 -0.0574521 0.2450792 -0.1375752 0.4292328 0.1612417 -0.1134543 0.0689020 0.0130470 -0.0600783 0.2013562 0.0391590 0.4463003 -0.0834238 0.3205589 0.1640359 0.0318110 0.3799191 0.0976943 -0.0733064 0.3099566 0.1305659 -0.4687550 -0.1958500 -0.0164967 0.1636565 0.0788446 -0.2656299 0.0319485 -0.0910828 0.0088997 -0.1218413 -0.1400047 -0.0227988 -0.1896805 -0.1625897 -0.0936522 -0.0441815 -0.0689646 0.0870113 -0.3637120 -0.3371364 0.0466071 -0.0684175 -0.3608429 -0.1479092 -0.1336190 -0.0761383 -0.0502535 -0.0906886 -0.0577066 0.0482398 -0.1710447 -0.1996012 -0.1552195 -0.2926616 -0.1669463 -0.4081998 -0.2587306 -0.4238086 -0.1710665 -0.2805271 -0.2511141 0.0768417 -0.2251379 -0.1564625 -0.1270750 -0.1107378 0.3053252 -0.1293553 -0.0202435 -0.1069149 0.1496636 0.0329184 0.0956156 -0.1829194 -0.0627538 0.0465968 -0.1453776 -0.1351022 -0.0410718 -0.2678987 0.0002374 -0.2076919 -0.1092631 -0.1433843 -0.1163762 -0.1489724 -0.1558478 -0.0610285 -0.1574924 -0.1511722 -0.1455345 -0.1281596 -0.1209178 -0.2001191 -0.0653111 -0.1009555 -0.2679727 -0.0736462 0.0681414 -0.1278617 -0.0206196 -0.1093043 -0.1459400 -0.1805541 -0.1312326 -0.1317085 0.0917360 -0.0462819 -0.0828398 -0.1819964 -0.1162491 0.0891317 0.1471518 -0.4732451 -0.1215563 -0.0494625 -0.2626363 -0.1144735 -0.3375233 -0.2194340 -0.3172858 -0.3266539 -0.3801196 0.2378636 -0.3511212 0.2362075 0.1393137 0.3495680 0.1475298 -0.1125217 0.0592301 0.1689078 -0.0532145 -0.0889302 -0.1888101 -0.0194513 0.2543383 0.3639479 -0.1499298 0.1627422 0.1070881 0.2262710 -0.0403797 -0.0878009 -0.2392211 -0.4949049 0.3405864 0.1561657 0.2700528 0.2246828 0.1795081 -0.2366110 -0.0680721 -0.0287599 -0.4309741 0.4080306 0.3855222
-0.1668607 0.4724957 0.0117477 -0.1503868 -0.1238704 -0.0877016 0.3860777 -0.4665273 0.3195080 0.1775011 0.0356568 0.0000000 -0.6594738 0.0746222 0.4830520 -0.3559886 -0.1301345 0.2209948 -0.5030698 -0.4031322 0.4555487 -0.7705181 -0.4871482 0.5377774 -0.5404880 -0.4095930 -0.3186835 0.0550104 0.0788695 -0.1493407 -0.6296006 -0.4179137 0.3550183 0.4403686 -0.3299418 0.0709908 -0.5036743 -0.6699261 -0.3070764 -0.2764154 -0.5799355 -0.1543412 -0.4309085 0.0009040 -0.2148499 -0.6100050 -0.5039853 -0.5802471 0.1008112 -0.7472039 -0.5513692 -0.4746007 0.1998969 -0.4603457 -0.8435477 -0.7948921 -0.6889733 -0.5577522 -0.5204288 -0.6929083 -0.4897362 -0.6433601 -0.8378206 -0.5434572 -0.1793382 -0.6206472 -0.7009023 -0.6246000 -0.8149318 -0.6720265 -0.7113392 -0.4510172 -0.6340153 -0.1325834 -0.6742893 -0.4421554 -0.1594717 -0.7130585 -0.4931781 -0.0648776 -0.7312615 -0.1225340 -0.4800643 -0.4809787 -0.3859560 -0.3622887 -0.5241327 -0.4197412 -0.5384018 -0.4437466 -0.5595784 -0.4951419 -0.0683662 -0.4884606 -0.5646482 -0.5146712 -0.1711086 0.3306990 -0.5462098 -0.4003460 -0.5551820 0.0197262 -0.2054172 -0.3835689 -0.3202826 -0.6420277 -0.1508046 -0.2622320 -0.0896587 -0.4104046 -0.5700200 0.2966803 -0.1985562 -0.3298128 -0.1596344 -0.1852072 -0.1926688 0.2950975 0.1295925 0.3937418 0.0315014 -0.2606716 -0.0442443 0.0002738 -0.0306947 0.2289593 -0.1089362 -0.2642399 -0.0810703 0.0165419 -0.0664784 -0.2216473 0.0224985 0.4520918 -0.1488735 -0.0591273 0.1398180 -0.0748918 -0.0583445 0.0466133 -0.3325303 0.0508888 -0.6421344 0.4738433 0.2191798 0.2488545 0.0347902 0.0698768 -0.4770073 -0.0887099 -0.0856575 0.2996268 0.0098187 -0.3013655 0.0957139 0.2462924 -0.5276144 0.2685105 -0.5645301 -0.3373426 0.0452063 -0.2089731 0.1068191 -0.4681769 -0.0394370 0.0420645 -0.0705846 -0.4470927 -0.4781441 -0.4228090 -0.1875744 -0.3821931 -0.1395899 0.2153121 0.2663514 0.7722377 0.6671479 0.4574371 0.4070138 0.2824358 0.4099017 0.1061917 -0.4394578 -0.1804212 -0.4175178 -0.1580571 -0.1846104 0.2944393 0.3317358 0.2009644 0.5172838 0.2706812 0.4331743 0.5631010 0.2407356 0.3199035 0.6177143 0.6254266 -0.1115272 0.2893749 0.3077381 0.3616809 0.3531872 0.3279429 -0.2704265 -0.4260858 0.1439318 0.2526990 0.2976715 0.4226201 0.4390990 0.2546703 -0.1602500 -0.0611891 -0.1371440 -0.1957166 -0.4592505 -0.5442145
0.2699419 0.1398253 0.6606071 0.4954463 0.6767110 0.1086047 -0.3347113 0.8503064 -0.3316117 -0.0618996 0.3752100 -0.6594738 0.0000000 0.0381088 -0.3821781 0.6786947 0.2168684 -0.1093441 0.7120667 0.4578556 -0.2875888 0.8988961 0.6827426 -0.2543849 0.6175967 0.5235664 0.2962299 -0.1273673 -0.0298209 0.0731592 0.7583052 0.2565442 -0.2306113 -0.1955006 0.5946154 -0.0270928 0.2808561 0.6481648 0.4145462 0.1063934 0.4706376 0.1156719 0.6571779 -0.1474355 0.2945824 0.6653323 0.6352138 0.5012262 -0.0138740 0.7904014 0.6428228 0.4881239 0.0047741 0.3756351 0.6714692 0.6489491 0.4332297 0.4840339 0.4121505 0.4565954 0.5678108 0.5835516 0.5758554 0.6357393 0.2022714 0.2425403 0.4683365 0.4406347 0.5795026 0.6026247 0.4156774 0.5066650 0.3679173 0.3958831 0.5320634 0.3051190 0.3017090 0.4292623 0.2611496 0.0451195 0.4789992 0.0528719 0.5157546 0.5585422 0.5689643 0.4197627 0.3984425 0.5814517 0.5353081 0.6096510 0.4372189 0.2621409 0.0350654 0.5223685 0.4369965 0.2893051 0.0481044 -0.3115167 0.5476393 0.3515537 0.4716350 -0.0158036 0.1471549 0.3472986 0.1056105 0.3889735 0.0606032 0.2177866 -0.0508778 0.3566559 0.3995614 -0.3944366 0.0813907 0.2366153 -0.0100856 0.0981956 -0.0204254 -0.4019610 -0.2975519 -0.3288340 -0.0849602 0.1735034 0.1449216 0.0094513 -0.0540762 -0.2624818 0.1240176 0.4868602 0.0051676 0.0685399 0.0738184 0.3475097 0.0491565 -0.2255896 -0.0459507 0.1413053 -0.0153640 -0.0285392 0.0194695 -0.1257368 0.2996498 -0.0582246 0.5378351 -0.4427031 -0.1707235 -0.2437810 -0.0749291 -0.0669075 0.5506546 -0.0106359 -0.0581220 -0.2669688 -0.0831350 0.4327340 -0.1524147 -0.0387887 0.5315961 -0.2831034 0.6390376 0.2125966 -0.0094957 0.2102666 0.1446402 0.4576156 0.0438007 0.0930995 0.3021165 0.6856431 0.5871100 0.4823059 0.3099240 0.4719595 0.4062812 0.0935370 -0.1916161 -0.3574321 -0.3065785 -0.2278446 -0.1340607 -0.1615070 -0.1288413 0.0216319 0.3891537 0.1979380 0.4086145 0.1573780 0.0628182 -0.2911680 -0.0996450 -0.0420455 -0.3959489 -0.2526643 -0.3009163 -0.3770870 -0.2331624 -0.3094384 -0.4336201 -0.4331811 0.0511953 -0.3026086 -0.0173027 -0.4408848 -0.0743197 -0.1851341 0.7123531 0.2263655 -0.3236295 0.2615210 0.0286180 -0.3652844 -0.1769127 -0.2397437 0.4596987 0.1442105 0.1423527 0.2012379 0.7182627 0.7275355
-0.4153799 0.4406546 0.1559248 -0.0638027 0.1010910 0.4897915 0.0214952 0.0574486 0.7593775 0.8635010 0.4175687 0.0746222 0.0381088 0.0000000 0.6228298 0.2006610 0.7853207 0.8213426 -0.0791111 -0.0643962 -0.3827215 0.0344205 0.1241270 0.7731281 -0.3211860 -0.1637025 0.6986379 0.5837046 -0.2011667 0.8642785 0.0185343 -0.3211022 0.7639676 0.3920698 0.1749135 -0.5490291 -0.2208006 -0.2544884 0.6455516 0.3765109 -0.0776548 -0.4310897 0.4170748 0.5536188 -0.2630275 -0.0479675 0.1745626 -0.1393356 0.3275969 -0.0019313 0.2636112 0.2411235 -0.2776521 0.1174680 -0.0820504 -0.0849339 -0.0146196 -0.0088821 -0.0180938 0.0084349 -0.3763967 0.0546062 -0.0277322 -0.2059825 -0.4718955 -0.0640448 -0.0822141 -0.1398046 -0.0927936 -0.2537151 -0.1061250 -0.3182588 -0.2729770 -0.2548199 -0.1365549 -0.5108477 -0.3683971 -0.2342521 -0.6268443 -0.4367937 -0.3377287 -0.1119539 0.0145818 0.0454889 0.1390037 0.2581974 0.0391654 0.0172684 -0.0276859 0.1022784 -0.1413551 -0.1326687 0.0461299 -0.1990055 -0.2405334 -0.1165129 -0.0790412 0.2199554 -0.0383834 -0.2458535 -0.3112855 0.3342580 0.3679070 -0.2424357 -0.2337674 -0.4415400 0.1550983 0.2280981 -0.1568200 -0.0438697 -0.3707771 -0.1199760 -0.1300734 -0.2080600 -0.1971695 -0.2102843 -0.4573409 -0.1365976 -0.4000152 0.0618739 -0.1690203 -0.2973637 -0.1433713 0.1305980 0.0086362 -0.2355122 -0.1931431 -0.2187334 -0.2357873 -0.1921027 -0.3160885 -0.4049127 -0.2746818 -0.0991643 -0.3140280 -0.4069939 -0.1785267 -0.3768071 -0.4150019 -0.5805878 -0.6361284 -0.5332771 -0.4658154 -0.3111101 -0.3322017 -0.1218268 -0.4635554 -0.4351691 -0.4560355 -0.5521185 -0.5706175 -0.4082171 -0.5210580 -0.4853385 -0.3013903 -0.4426109 -0.3001422 -0.4766381 -0.3000433 -0.3539455 -0.2041247 -0.5033358 -0.1985830 -0.1128343 -0.3358477 -0.5924549 -0.3242664 -0.3029974 -0.2694948 -0.3769448 -0.5477126 -0.3953960 0.4374272 0.4946677 -0.1392859 -0.0175016 -0.2435100 -0.5175271 -0.3217903 -0.4413594 -0.3899747 -0.5613253 -0.3873271 -0.4809122 0.0500162 -0.4717002 0.1151027 -0.0543630 0.0040999 -0.3007367 0.0561922 -0.4341259 -0.2848204 -0.1637340 -0.2924468 -0.3073401 -0.1899322 -0.0681920 -0.3957102 -0.2079146 -0.0506313 0.4943877 -0.0014813 -0.2237369 -0.2349742 -0.4616823 -0.2378883 0.2597893 -0.0839469 0.3406097 -0.0892480 -0.4281852 -0.3232297 -0.1409941 -0.4810815 -0.2148466 0.3870008 0.3584146
-0.1704436 0.2514312 -0.0958057 -0.4104020 -0.1773015 0.4969686 0.5260728 -0.4882543 0.8974425 0.5321974 -0.1364712 0.4830520 -0.3821781 0.6228298 0.0000000 -0.3232710 0.2143952 0.8697989 -0.4071934 0.0481700 -0.1815067 -0.3479541 -0.4159087 0.8518985 -0.5341260 -0.4477445 0.2115733 0.8378489 0.1561028 0.5690587 -0.2964234 -0.4945615 0.8086256 0.5236079 -0.3057799 -0.3273689 -0.3509383 -0.4998606 -0.0088544 0.1106144 -0.3501942 -0.1736347 -0.2256467 0.4968677 -0.1429380 -0.3473372 -0.1350313 -0.3306397 0.0324008 -0.3653462 -0.2081127 -0.1915460 -0.4138811 -0.3417553 -0.3304714 -0.3778570 -0.2443021 -0.3523746 -0.0514302 -0.2863800 -0.3780339 -0.3169660 -0.2509653 -0.6561666 -0.6428727 -0.1480295 -0.2921453 -0.3762567 -0.2905709 -0.5801404 -0.2580115 -0.6861266 -0.3928303 -0.4925720 -0.2725107 -0.6236671 -0.6061043 -0.4122894 -0.6263712 -0.4914633 -0.5987477 -0.1032873 -0.2168740 -0.2828420 -0.2681377 -0.0776404 -0.2370914 -0.2458642 -0.3516783 -0.2679773 -0.4356716 -0.3223895 -0.1228262 -0.3333907 -0.5327683 -0.3967526 -0.1981396 0.2958000 -0.4723090 -0.2456514 -0.4556736 0.2758623 0.2001283 -0.2780621 -0.3493828 -0.7442775 0.0334081 0.0565312 -0.2132433 -0.3240676 -0.6804604 -0.0668664 -0.1216038 -0.3568892 -0.2480505 -0.2308445 -0.4038630 0.1026794 -0.1066892 0.3207722 -0.0082760 -0.3164676 -0.2494615 0.2863549 0.1231600 -0.2384896 -0.2432218 -0.4614972 -0.2522113 -0.2079989 -0.2885146 -0.5116812 -0.2965241 0.0793371 -0.2401592 -0.3391177 -0.1101360 -0.3631672 -0.3200290 -0.5949709 -0.5255754 -0.5734979 -0.6176593 -0.0975043 -0.1667270 0.0766691 -0.3062244 -0.2537970 -0.4940380 -0.5904306 -0.6266259 -0.2951613 -0.4542403 -0.4635329 -0.1408770 -0.4314435 -0.4455652 -0.2227412 -0.4397454 -0.6624245 -0.1147284 -0.6995181 -0.3136709 -0.3267312 -0.3114465 -0.5250254 -0.3220765 -0.3970390 -0.3841422 -0.5796757 -0.5123899 -0.4395373 0.1402874 0.2881924 0.2497874 0.4034489 -0.0064547 -0.1244641 -0.2247667 -0.2336969 -0.1599484 -0.3615971 -0.2782012 -0.2752949 -0.0178405 -0.3026330 0.1502849 0.2030715 -0.1580016 -0.4567831 0.3409723 -0.4484694 -0.3324485 0.0011037 -0.3025358 -0.2103939 -0.0067858 -0.0707736 -0.5772692 -0.1517379 -0.0483265 0.4393873 -0.0904732 -0.0795156 -0.1965975 -0.4678010 0.0538503 0.1325800 -0.0840440 0.1579937 -0.1199616 -0.2923085 -0.2795696 -0.2474150 -0.4957155 0.0307007 0.0784318 -0.0493441
0.1986266 0.2311081 0.4739122 0.8722661 0.4154690 0.1127529 -0.3077638 0.9278630 -0.1701868 0.2567152 0.8343809 -0.3559886 0.6786947 0.2006610 -0.3232710 0.0000000 0.6066141 -0.1487996 0.8641207 0.1482910 -0.2300409 0.6048767 0.9433999 -0.1610131 0.6389120 0.7514420 0.5807667 -0.1082872 -0.2035887 0.2470917 0.4032497 0.2625130 -0.2111133 -0.1247833 0.9042736 -0.2820211 0.4126916 0.5168994 0.6647255 -0.0348366 0.2137811 -0.2089344 0.9167727 -0.1244688 0.1031145 0.7131707 0.7839411 0.2970612 0.1737760 0.5006555 0.8872769 0.5075045 0.2854689 0.3435475 0.4164898 0.5046792 0.4290620 0.3757012 0.3629118 0.5339025 0.2186063 0.5700877 0.2999698 0.6609082 0.2801351 0.1564091 0.4553350 0.3757274 0.3877689 0.5583223 0.3775437 0.6269732 0.2870043 0.2657362 0.5326826 0.3213247 0.3559744 0.4511859 0.2398945 0.3087630 0.4790232 -0.3124315 0.0647460 0.1413369 0.1835729 0.2004589 -0.0488938 0.2023118 0.1507240 0.1433345 0.1556683 0.1751142 -0.0647269 0.0719437 0.0484798 0.1968389 0.0831697 -0.3346216 0.1675289 -0.1091761 0.0221273 -0.0616546 0.0385468 -0.1411138 0.0476551 0.1315784 -0.1020325 0.0699947 -0.0494014 -0.0784646 0.2270730 -0.3796443 -0.0174694 0.0064321 -0.3380802 -0.0258225 -0.2939051 -0.4791721 -0.4538300 -0.3537520 -0.1864252 -0.0301359 0.2296370 -0.0852613 -0.1388720 -0.3487404 0.0270367 0.5409087 -0.2038538 0.0377406 -0.0762139 0.3776481 0.0239549 -0.0995672 -0.0105685 0.1423223 -0.0390620 -0.1659706 -0.0873784 -0.0740159 0.1024306 -0.0289071 0.2065253 -0.3259087 -0.2643274 -0.1158492 -0.0962237 -0.0782602 0.3096976 -0.0749106 -0.0593273 -0.2405842 -0.1044802 0.2013760 -0.1022637 -0.1132601 0.2448224 -0.2634019 0.2769921 0.2433308 0.0239447 0.1105786 -0.0827968 0.1398540 -0.0164368 0.0443299 0.0815274 0.4171649 0.2826004 0.2398528 0.0882398 0.2006516 -0.0152887 -0.1065747 -0.3729898 -0.3366954 -0.2477635 -0.2996326 -0.2754294 -0.3882381 -0.3520596 -0.2950110 -0.0508656 -0.1857725 0.3380976 -0.2048972 0.2595084 -0.0896345 -0.0552977 -0.1161477 -0.3688080 -0.1365976 -0.1516436 -0.3674504 -0.3213919 -0.4363639 -0.3664591 -0.1722959 0.3407457 -0.4029426 0.1035462 -0.1593563 0.0652258 -0.0988080 0.1647295 0.1384676 -0.6603075 0.2326884 0.1232985 -0.0961202 -0.0256771 0.0266641 -0.0096569 0.0535629 0.0768005 -0.0748304 0.5765056 0.6419582
-0.3575660 0.3418778 0.1483465 0.4125875 0.1241219 0.3485084 -0.1821182 0.4449920 0.4603659 0.8307250 0.7300397 -0.1301345 0.2168684 0.7853207 0.2143952 0.6066141 0.0000000 0.3482047 0.3348381 -0.1331362 -0.3798047 0.2333551 0.5885616 0.3430938 0.0641979 0.2754189 0.9195700 0.2358258 -0.2816254 0.7995890 0.1228145 0.0334846 0.3283505 0.1390355 0.5635070 -0.5450910 0.1448904 0.0594307 0.8772201 0.3502772 0.0803389 -0.4590028 0.7820466 0.4353449 -0.2114995 0.2637548 0.4155700 0.0608077 0.4613477 0.1116188 0.6193667 0.4313813 0.0016329 0.3875651 0.1271861 0.1653318 0.2134820 0.2761979 0.2137995 0.3546082 -0.1502274 0.3149257 0.1575889 0.2585730 -0.0994174 0.0736562 0.2056906 0.1085385 0.0906874 0.1502503 0.1343980 0.2072132 -0.0368680 0.0437234 0.1444060 -0.1079042 0.0515533 0.0990080 -0.2953906 -0.0916503 0.0430773 -0.4512475 -0.1777629 0.0135001 0.0864418 0.2165256 -0.0924689 0.0080098 0.0122367 0.0414334 -0.0505545 0.0157866 -0.0130947 -0.2046981 -0.0984384 0.0080490 0.0265383 0.0867525 0.0558299 -0.3717783 -0.2309117 0.2950304 0.1872463 -0.2895377 -0.0907022 -0.1868127 0.0826067 0.0559940 -0.0242275 -0.1661939 -0.0712630 -0.1535151 -0.2640902 -0.3100813 -0.3367318 -0.3124349 -0.5183729 -0.2331462 -0.5149247 -0.1180721 -0.2876577 -0.3557021 -0.1212942 -0.1008810 -0.0031824 -0.2917801 -0.2674494 -0.0334483 -0.2247548 -0.2922317 -0.3442333 -0.2584606 -0.2424073 -0.2489021 -0.2694420 -0.3178389 -0.2104154 -0.2826450 -0.3819264 -0.3136983 -0.5479277 -0.3138569 -0.2935153 -0.4124443 -0.3988202 -0.2017432 -0.3863428 -0.3882166 -0.3080244 -0.3670906 -0.3147689 -0.4491413 -0.3679909 -0.4324615 -0.3247255 -0.4677423 -0.1329174 -0.5199350 -0.1382732 -0.0507890 -0.2502536 -0.2422583 -0.3299565 -0.0482289 -0.3194735 -0.5486147 -0.3892815 -0.1682718 -0.1407529 -0.1957119 -0.4702323 -0.2885889 0.1514825 0.1689486 -0.3742583 -0.3814545 -0.4609880 -0.6326509 -0.4497371 -0.5014091 -0.5356936 -0.5584123 -0.3585746 -0.4723777 0.2726621 -0.3447829 0.3695891 0.0721346 0.0676604 -0.2210114 -0.1299695 -0.3623803 -0.3363492 -0.2907194 -0.3451481 -0.4114889 -0.3427146 -0.1602823 -0.0418779 -0.2971243 -0.0445774 0.3338075 0.0095055 -0.3132983 -0.3040700 -0.2799014 -0.4772671 0.0861811 -0.0136749 0.2855426 -0.0300695 -0.1767245 -0.3946589 -0.2292409 -0.3205807 -0.1866682 0.4141683 0.3470950
