0.0000000 0.8716297 0.6805617 0.7311956 0.3214597 0.6498346 0.2830322 0.4792033 0.5840846 0.2063599 0.3686126 0.7014824 0.1265058 0.1636755 0.4719290 -0.0713738 -0.0846307 0.2986973 -0.2324792 0.0627817 0.6937140 0.0442544 -0.0036461 0.2310575 -0.0986750 -0.0419823 -0.0127435 0.0242256 0.5755835 0.2467879 -0.0186483 0.0401335 -0.1480818 0.0642577 0.2842467 0.5965562 0.0798265 -0.0438776 0.4220075 0.4093746 -0.0531118 0.5985929 0.3319700 0.4776692 0.5929270 -0.0321899 0.1997039 0.0358765 0.3323439 -0.1304534 0.2249513 0.2101847 0.5458424 0.3844063 0.3051579 0.1528203 0.0423042 0.2982729 0.4508768 0.0728673 0.4187297 0.0363400 0.1759685 0.3944109 0.5923269 -0.0521584 -0.0252537 0.2329866 0.2978010 0.1212294 -0.2525376 0.3820848 0.0218297 0.6621266 -0.0259342 0.1855969 0.4303612 -0.2209306 -0.0195283 0.1344119 -0.1317867 0.1037580 -0.3382794 -0.3497057 -0.2055317 -0.3987357 -0.1708501 0.0404079 -0.1077072 0.0302108 0.5211984 0.0626219 0.2495633 0.2860288 -0.0050678 -0.2415929 0.1792387 0.2088266 0.0444412 0.3394923 0.1130902 0.4778032 -0.1986543 0.2455882 -0.0021050 -0.1319377 0.3856040 -0.1034547 0.5153476 0.3272626 -0.2252900 0.4900752 0.5585849 0.6156754 0.5928725 0.5046327 0.1705383 0.4828375 0.2356311 0.3258056 0.1897333 -0.1084041 -0.0754671 0.3716369 0.3610373 0.4222238 -0.2519153 0.3591702 0.3944760 0.0456191 0.1928800 0.0732569 0.0447796 -0.0477190 -0.0204138 0.4482629 0.2232045 0.1241875 0.2092351 0.4819214 0.2756355 0.3610481 0.3897695 0.4959227 0.3661645 0.2633994 0.3100097 0.2758375 0.4716496 0.4462612 0.4635714 0.1464701 0.3504167 0.3897338 0.3050268 0.3093644 0.1810976 0.1625152 0.1136651 0.4279941 0.3822556 0.4721780 0.3948026 0.1741519 0.3162114 0.1279307 0.3707006 0.2076369 0.0306940 0.3187015 0.0126265 -0.0021754 0.7763871 0.4032200 0.5753320 0.6172249 0.6190663 0.1106132 0.7285292 0.5638651 0.2561356 0.3790270 0.2424164 0.2008682 0.3103066 0.6912583 0.6902389 0.3012312 0.4842523 0.5495459 0.4047867 0.4788597 0.3123198 0.5101515 0.3925516 0.3555207 0.1775261 0.0544184 0.1060646 0.5681768 -0.0527192 -0.1451837 0.0564563 0.0332968 0.0604521 0.0578376 0.2068322 0.5262059 0.1176128 0.0023500 0.0820546 0.2003428 -0.0230187 0.2024369 0.2323077 0.4606418 0.1648982 0.0621739
0.8716297 0.0000000 0.5989329 0.8437493 0.1427193 0.7774166 0.4199042 0.4558179 0.5794516 0.3358791 0.5493072 0.8214487 0.1160069 0.1483753 0.5280704 0.1809831 0.0546455 0.2336952 0.1036317 0.0058089 0.8080616 0.2623132 0.1754231 0.2172079 0.1537262 0.1391855 0.0259440 0.1205150 0.6932780 0.2874716 -0.0503903 0.2011660 -0.0750953 0.1131371 0.3491891 0.7880147 0.1733316 0.0876196 0.5229195 0.2031077 -0.0242771 0.8156333 0.4751576 0.4392852 0.7728438 0.1968698 0.3672324 0.0489448 0.4781417 0.0751071 0.3529279 0.3625895 0.6368182 0.5242228 0.3164151 0.3145091 0.1929429 0.5380934 0.5611944 0.2356713 0.5658913 0.2088152 0.0423305 0.6351931 0.6092456 0.0119375 0.2116990 0.4149807 0.1646396 0.4218692 -0.1247051 0.4623317 0.2322213 0.6136374 0.0874719 0.3892599 0.5666528 -0.0671935 0.0691626 0.0699461 -0.3288592 0.1383949 -0.1050774 -0.0560342 0.0152645 -0.0919165 -0.0617928 0.2392262 0.2049330 0.2518942 0.4022330 0.0408434 0.3673093 0.4273566 0.0229173 -0.2665116 0.1852479 0.4005626 0.1028428 0.5068808 0.1599599 0.5537700 0.0490872 0.3234888 -0.1492983 -0.1384856 0.4377499 0.1005438 0.4334930 0.4257528 -0.2882452 0.5181188 0.5508421 0.6631557 0.5778712 0.4981074 0.2904607 0.4902502 0.3446651 0.4622230 0.3617117 0.0715062 -0.1866424 0.4485222 0.5501935 0.5663142 0.0337014 0.2256429 0.5234349 0.3564064 0.4570861 0.0974078 0.3199859 0.1499234 -0.0459821 0.3859772 0.4405841 0.2706457 0.4679199 0.6635716 0.3547277 0.5220686 0.3395559 0.5606660 0.5109847 0.3740533 0.5253859 0.5401728 0.4940056 0.6184942 0.6452784 0.0859412 0.5241457 0.4682414 0.4080708 0.2696884 0.1139021 0.2244712 0.0202927 0.3928165 0.4605246 0.5826639 0.4926867 0.1000397 0.4723625 0.1524894 0.4417975 0.2906185 0.0832061 0.3147556 0.0700203 0.1232601 0.8607228 0.6200214 0.7881717 0.7000658 0.6298240 0.2084627 0.7864320 0.6795990 0.3652914 0.5556200 0.5076138 0.4374599 0.5538730 0.5986074 0.5888713 0.0479057 0.4470475 0.5866090 0.5182190 0.4419274 0.2745971 0.5890884 0.5508945 0.5126275 0.2774202 0.0444741 0.0727150 0.6093201 -0.1823613 -0.0721087 0.1429575 0.0479988 0.0808628 0.0172891 0.4645562 0.5234345 -0.0362679 -0.0822131 0.1231949 0.2657939 -0.1392552 0.3650563 0.3930117 0.2474471 0.1071013 0.0619573
0.6805617 0.5989329 0.0000000 0.5997832 0.6178143 0.5049111 0.3762125 0.6129416 0.2284741 0.1590471 0.1725364 0.5151810 0.2244500 -0.1448337 0.1975121 -0.0130979 0.0846296 0.0953285 -0.1756662 0.0735692 0.4198066 -0.2610402 0.0520982 -0.0846976 -0.1733543 -0.2118326 -0.1983854 -0.0124467 0.2677265 0.0703105 -0.1888789 -0.1731161 -0.3772055 -0.2913492 0.0028479 0.3333492 -0.2221610 -0.2628750 0.0882547 0.2625284 -0.2076278 0.2994602 0.1156675 0.3733089 0.2780408 -0.2348447 -0.1282375 -0.1214218 -0.0404376 -0.2877774 -0.0532046 0.0373607 0.2190809 0.3168521 0.0938001 -0.0329868 -0.1920573 0.2342538 0.4263383 -0.0877081 0.5291088 -0.0405691 0.3296476 0.2868033 0.7011677 -0.1892146 -0.0645693 0.2054471 0.1830118 0.0730758 -0.2831779 0.4756551 0.0007247 0.6175690 -0.0740533 0.2405398 0.3335200 -0.2192801 0.2258407 0.3477617 0.1383558 -0.3835741 -0.6038860 -0.6699752 -0.5580851 -0.5331376 -0.2194475 -0.1040122 -0.3195834 -0.1700242 0.2785160 -0.0270485 0.0006160 -0.1874261 -0.3335067 -0.2489392 0.2166524 -0.0879085 -0.2228380 -0.0598954 -0.1967544 0.0501940 -0.2479474 -0.2556028 0.0263986 -0.2186582 0.0793200 -0.2612114 0.4032957 0.0045070 -0.2290311 -0.0325864 0.0975143 0.1029606 0.0192051 -0.0658445 -0.2480848 -0.1536055 -0.2364239 -0.1664171 -0.1733249 -0.3151287 -0.1913255 0.1269878 -0.0551151 0.0653128 -0.2609110 0.0626909 0.0351672 -0.0569083 -0.0062994 -0.1729546 -0.1547197 -0.0860615 -0.0188029 0.0150492 -0.0318421 -0.0353217 0.2124460 0.0804350 0.0282742 -0.0745307 0.2498668 0.2582657 0.1579404 -0.0229607 0.2050766 0.1407568 0.0694664 0.1134836 0.2769073 -0.0775099 0.1119021 0.0285353 0.2512043 -0.1013899 0.0267846 0.0769630 -0.0407860 0.4360528 0.2854423 0.2625245 -0.1570950 0.1389540 0.3031736 -0.1947184 0.0739528 -0.1954368 -0.1900546 0.1009795 -0.1617338 -0.2062408 0.3834845 -0.0204774 0.1679732 0.4139998 0.6178068 0.5840106 0.5387847 0.3872886 -0.1008488 0.1794713 0.2068055 0.1600988 0.3155133 0.7569226 0.4709599 0.4377675 0.4650948 0.5013024 -0.0842439 0.3522090 0.3002612 -0.0034839 -0.1025753 -0.1445752 0.0246242 0.1513626 0.2525053 0.2093985 0.1216640 -0.0238163 0.1613477 0.0083696 0.1274812 0.2501832 0.1657087 0.2970749 0.3412747 0.1946162 0.1334114 0.1225967 0.1906359 0.1704939 0.2519249 0.4006397 0.3587899 0.2346600
0.7311956 0.8437493 0.5997832 0.0000000 0.2472074 0.7493735 0.4704467 0.6397250 0.4798380 0.3936390 0.5677190 0.8417941 0.2511432 -0.1157699 0.5743512 0.2626622 0.1503458 0.1206684 0.1255229 -0.0483783 0.8352594 0.3152470 0.3241053 0.0516051 0.1314614 0.1436762 0.0520506 -0.1748294 0.7234334 0.0106176 0.0218774 0.1678584 -0.1613077 0.0720861 0.4032009 0.8288859 0.2598757 0.2208922 0.3756529 0.1586324 0.0265323 0.8337952 0.4716671 0.2543524 0.8643950 0.2364811 0.4483484 0.0953665 0.4086455 0.0839299 0.4454160 0.3859774 0.6756401 0.4926671 0.2798119 0.3422197 0.3730688 0.5405949 0.6186650 0.3594634 0.6977277 0.3033332 0.2165498 0.7560113 0.6854084 0.2149407 0.4056778 0.5283888 0.2666567 0.6297369 0.1660543 0.5790228 0.4538667 0.7453741 0.2932508 0.6282395 0.7759723 0.2249107 0.3403127 0.1789649 -0.0503287 0.0274887 -0.2252297 -0.0493099 0.0006516 -0.2172082 -0.2865412 0.1521262 0.2353063 0.2225394 0.2094679 -0.0286013 0.2734652 0.2880510 -0.0713270 -0.1936053 0.2858197 0.2586185 -0.0083669 0.2977090 -0.0013194 0.3294737 -0.0643646 0.1364223 -0.0064693 0.0268996 0.2050719 0.1441603 0.3960497 0.1034418 -0.3559778 0.3254169 0.3601841 0.5274085 0.3778743 0.2733351 0.1612016 0.2966068 0.1889379 0.2864464 0.2333598 0.0040932 -0.0469044 0.4629645 0.4367048 0.2598391 0.0585433 0.2263404 0.2508175 0.3982268 0.3705222 0.1586761 0.4357634 0.3822311 0.0945162 0.3573908 0.3798778 0.1826504 0.4230874 0.5365233 0.3175686 0.4148029 0.5941332 0.5874350 0.3553700 0.3976702 0.4549460 0.5168321 0.5660257 0.5982263 0.6363770 0.1730998 0.4784421 0.4560599 0.3411295 0.2581354 0.2307878 0.3552290 0.2800030 0.4421275 0.4322327 0.5744845 0.4423643 0.2422103 0.5009117 0.2414225 0.4489911 0.4402512 0.2612105 0.3937489 0.2658008 0.2240765 0.6540113 0.5614171 0.6852493 0.7283216 0.7344741 0.4575674 0.7954360 0.7454147 0.3816065 0.6645482 0.7352609 0.6588754 0.7418163 0.6903967 0.6336587 0.1803522 0.5981453 0.7028008 0.3024600 0.5366356 0.4162600 0.3419785 0.2918302 0.3380114 0.2181015 0.1663604 0.1762628 0.4210657 -0.2136037 -0.1771660 0.0278226 -0.0972805 0.0659395 0.1868450 0.3246157 0.5057724 -0.0800280 -0.1070074 -0.0388659 0.2556015 -0.0762575 0.4769145 0.5058220 0.4591805 0.0846117 0.0574359
0.3214597 0.1427193 0.6178143 0.2472074 0.0000000 -0.0144877 0.0045808 0.6310241 -0.0149678 0.1373571 0.1319971 -0.1268586 0.5785666 -0.3110561 -0.1656100 0.0101579 0.1033968 -0.2031799 -0.1487658 0.5647022 -0.1342969 0.1305550 0.1716906 -0.2555695 -0.0811562 -0.0174370 -0.2643631 -0.2338487 -0.2294324 -0.1473983 0.3977233 0.0772915 -0.2729558 -0.3890216 0.1723584 -0.0711875 0.0145880 0.0962339 0.0180008 0.3452453 0.3327861 -0.0709914 0.2228090 0.3595113 -0.1153043 -0.1533770 -0.1436418 0.3248902 -0.3781203 0.0285306 -0.0251634 0.0277777 -0.0706973 0.2855410 0.3741155 0.1000608 -0.1438712 0.0873239 0.4266896 -0.0531114 0.4079201 -0.0513535 0.6532469 0.1179335 0.3855959 0.0423047 -0.0525193 0.1271346 0.4167843 -0.1046343 0.0197426 0.3274187 -0.0283138 0.6568396 0.0693410 0.1546879 0.1101734 -0.1952144 0.3130346 0.4716903 0.5476018 -0.2625252 -0.5856233 -0.6698996 -0.6759228 -0.6577679 -0.2879341 -0.6467424 -0.6375359 -0.4485059 0.0380435 0.1744483 0.0398258 -0.3506802 -0.5151843 0.0006307 0.4853615 -0.1614580 -0.3089522 -0.2663234 -0.1721367 -0.1691213 -0.2833622 -0.4315041 0.2492893 -0.1228233 -0.2172061 -0.3527076 0.0983828 -0.2388575 -0.1257872 -0.3697930 -0.2031322 -0.0621887 0.0832034 -0.1679461 -0.0681460 -0.1622259 -0.1693942 -0.1850006 -0.1703007 -0.1432236 0.0390934 0.0350738 -0.1767654 -0.2065097 -0.4446406 0.2467963 -0.3717900 -0.4908998 -0.4639721 -0.5233756 -0.4039946 -0.3913364 -0.3172730 0.0967093 -0.3779240 -0.4797465 -0.4034762 -0.3402431 -0.2726010 -0.4310679 0.1967853 0.2847371 -0.1272559 -0.2572686 -0.2259955 -0.2543472 -0.2053906 -0.2061695 -0.0222612 0.4048063 -0.2294700 -0.2239442 -0.0620787 0.2169241 0.2138015 0.1318047 0.0841184 0.4082930 0.1898567 0.0779175 -0.2460422 0.3402988 0.1789788 -0.0712431 -0.1107842 -0.3912841 -0.2093224 0.2614538 -0.1236051 -0.3033316 -0.1520898 -0.3865882 -0.2792422 0.0439555 0.4203513 0.1692106 0.2435140 0.0053464 -0.4045908 0.0400676 0.0707917 -0.0245823 0.1251095 0.5680500 0.5759715 0.7510619 0.6223567 0.2698481 -0.1477207 0.2848318 0.3652892 -0.1347721 -0.2837357 -0.4067320 0.0577214 0.4133607 0.4976463 -0.1585134 0.4928350 -0.1189103 -0.0868340 0.1668199 0.5150519 0.4807012 -0.2751601 0.4213597 0.5708819 0.3452053 -0.0350617 -0.1873285 0.7038498 -0.0935011 -0.1946499 0.5098636 0.2745619 0.1946338
0.6498346 0.7774166 0.5049111 0.7493735 -0.0144877 0.0000000 0.6595418 0.5137206 0.6746321 0.4865533 0.5708247 0.7985333 0.1789301 0.3682362 0.7123279 0.3246774 0.3556446 0.4282368 0.2141303 -0.3587416 0.6819547 0.1133960 0.2989503 0.3423111 0.2910591 0.2303810 0.3424286 0.4121138 0.6609207 0.4596411 -0.1980060 0.2100797 0.1154067 0.2608359 0.3173634 0.6160087 0.2859700 0.1858913 0.4493365 0.0978747 -0.1450088 0.6181784 0.4870934 0.2944348 0.6633357 0.3064319 0.4304939 -0.0437420 0.6966894 0.1136711 0.4821253 0.4439774 0.6645856 0.3719089 0.0816838 0.3292409 0.3803627 0.3246603 0.3863494 0.4384340 0.4183593 0.3644706 0.0616693 0.4759802 0.4323450 0.1272526 0.4240421 0.4084983 0.1198992 0.4954621 0.0603791 0.4639282 0.4613149 0.3831710 0.2953103 0.4246452 0.5904889 0.2100134 0.0928584 -0.0480828 -0.2332379 -0.0227044 -0.0732672 -0.0041242 0.2176479 0.0658027 -0.0193585 0.3908242 0.3639263 0.5107831 0.3740785 0.0427069 0.2216446 0.2706669 0.1681999 -0.1610164 0.1464882 0.2002181 0.0685055 0.3706747 0.1229687 0.3425774 0.1188223 0.2080947 -0.1195403 -0.0880295 0.5493991 0.2234812 0.5637722 0.2646948 -0.0835104 0.5688462 0.4993819 0.5180430 0.2351946 0.3143778 0.0378809 0.2621829 0.1407158 0.2662582 0.1386041 -0.1194084 0.0644599 0.3453544 0.3910198 0.3713161 0.0752147 0.2151486 0.5251195 0.4766078 0.4757986 0.4671762 0.5633500 0.5592242 0.4039890 0.4074018 0.6020241 0.5202391 0.6852110 0.6501392 0.5422700 0.5767139 0.3657107 0.4965798 0.6305713 0.4722610 0.6290329 0.5669246 0.5182697 0.6850922 0.5912031 0.0211331 0.5828164 0.5390227 0.2740923 0.0694193 0.0892894 0.3271042 0.2663681 0.3214080 0.2028195 0.5370611 0.4844375 0.0850541 0.3766901 0.2608379 0.5725196 0.5010526 0.3081666 0.2296076 0.3216973 0.1692691 0.8248572 0.5593359 0.6768601 0.6021610 0.4989684 0.4762910 0.5609704 0.5917985 0.3306323 0.4278524 0.4982787 0.4496339 0.4857507 0.4032327 0.3188872 -0.1206587 0.3015278 0.4971783 0.3031080 0.3714006 0.2145737 0.4496977 0.4332883 0.5025712 0.2577891 0.0652348 -0.0321819 0.5085286 -0.1432196 0.1143488 0.3079473 -0.0849931 -0.0313582 0.1180049 0.5088343 0.1985934 0.0368585 0.0569356 0.3506088 0.3908314 -0.1068381 0.4846507 0.5986295 0.2237633 0.2645841 0.3161545
0.2830322 0.4199042 0.3762125 0.4704467 0.0045808 0.6595418 0.0000000 0.4631706 0.5691561 0.7248560 0.6481497 0.6452842 0.0449602 0.3386264 0.4208794 0.5590437 0.7028063 0.1546092 0.4219053 -0.2890722 0.3670247 -0.0861618 0.5917734 -0.0789909 0.3918542 0.4724741 0.6741482 0.3043793 0.1639879 0.4596066 -0.1450305 0.3413565 -0.1863339 -0.1652275 0.5134934 0.3412119 0.4569085 0.2729691 0.5622418 0.3993669 0.1266103 0.2996648 0.5917451 0.3244346 0.2511503 0.3701542 0.4885722 0.1494883 0.4925065 0.3080669 0.5286513 0.6037535 0.2275871 0.5844788 0.1526459 0.4659992 0.4879123 0.4927070 0.2947726 0.4849554 0.3957354 0.6270856 0.1714112 0.5510722 0.2657842 0.3950626 0.4667596 0.6469983 0.2733997 0.6082928 0.3340045 0.5686822 0.5758565 0.2072035 0.5298087 0.5116133 0.5351553 0.4488550 0.4703181 0.2790754 0.1495063 -0.0364457 0.0356919 0.1645758 0.2355007 0.0630062 0.4587977 0.2186834 0.4105959 0.4858809 0.3253460 0.2124767 0.0677933 0.0610670 0.3412923 0.1793891 0.1104723 0.1109023 0.3870371 0.3851822 0.2804262 0.0557127 0.1724165 0.2641036 0.2641237 0.2814107 0.1566690 0.1933998 0.3911109 -0.1472189 0.2674036 0.3945175 0.3877982 0.0650144 -0.1579858 0.0705354 -0.2362278 -0.0849940 -0.1457307 0.0378676 -0.0859231 -0.2868516 0.0234876 0.4572056 0.2335790 0.3896629 0.0615160 0.0160284 0.4930467 0.3243317 0.3605083 0.3407837 0.4457238 0.4334246 0.4927900 0.1655863 0.4690788 0.5689571 0.5754452 0.5016385 0.4403295 0.5548988 0.3636179 0.2558307 0.4687152 0.1315864 0.6016503 0.4976080 0.3812932 0.5835172 0.5322859 0.0664893 0.7026771 0.4438252 0.2982775 0.0042108 -0.0012124 0.5069976 0.2290372 0.3483496 0.2544076 0.6415838 0.1961298 0.1563288 0.5471514 0.1948191 0.4305553 0.4347097 0.3268214 0.4040607 0.5829173 0.2906079 0.3470664 0.5632932 0.6085848 0.6859078 0.6599025 0.5878704 0.3357560 0.1847476 0.0031657 0.1619330 0.4096415 0.3060198 0.5021762 0.0420342 -0.0764077 -0.2227201 0.2821160 0.4819696 0.0739265 0.4165759 0.4234144 0.3249595 0.2459957 0.3760456 0.5095672 0.3964921 0.3739982 0.5651628 0.1810060 0.5273253 0.4886340 0.1493755 0.1117501 0.4667422 0.5377974 -0.0149131 0.3576659 0.4483265 0.4376076 0.5645638 0.1064567 0.7134846 0.7343215 0.3254181 0.6810677 0.5521768
0.4792033 0.4558179 0.6129416 0.6397250 0.6310241 0.5137206 0.4631706 0.0000000 0.5294466 0.7204545 0.6765155 0.4263401 0.7432917 0.1067937 0.2735588 0.5144879 0.5957562 0.1826748 0.2522664 0.1772613 0.3418187 0.2591921 0.6027425 -0.2589273 0.3517907 0.3992931 0.1419473 -0.0272142 0.1206246 0.0674156 0.2168313 0.4492083 -0.3246176 -0.3265148 0.5226983 0.3717220 0.4697345 0.3652897 0.2961813 0.2491213 0.2991756 0.3740579 0.5915240 0.3640555 0.3349717 0.2131921 0.3841242 0.3405573 0.0953769 0.0776020 0.4881004 0.3818683 0.3011134 0.6173934 0.3478514 0.3847244 0.3958258 0.5330495 0.6836958 0.5094844 0.8029688 0.4204998 0.6312911 0.6051647 0.7048289 0.3516730 0.5004076 0.5829199 0.3950623 0.5368124 0.2930444 0.8073419 0.4889144 0.8280127 0.3263677 0.6993605 0.5993162 0.3429656 0.6333837 0.5651449 0.4737050 -0.1467556 -0.3959017 -0.2976478 -0.2089766 -0.4079799 -0.1292546 -0.3310065 -0.1978623 -0.1003237 -0.1394364 0.1541461 0.3402070 -0.0778163 -0.4130529 -0.0562688 0.4436273 0.2189256 -0.2306354 0.1129537 -0.1242449 0.1406810 0.0988391 -0.1774872 0.1173090 -0.1031501 0.1479677 0.2150044 0.2329188 -0.0915462 -0.3057327 0.0957198 0.1025457 0.2949313 0.1663586 0.0543355 0.1116938 0.0084186 0.0662398 0.1958334 0.1469816 0.0191558 -0.0098662 0.4293327 0.2933179 -0.0542035 -0.1822301 0.1372936 -0.0497582 0.0856561 0.0512853 -0.1523084 0.1569819 0.1006039 -0.0046114 0.2401072 0.1066115 -0.0342804 0.0367803 0.1191185 0.0375219 0.0212865 0.4364190 0.4387069 0.1657926 0.2217837 0.2246519 0.1185353 0.1896158 0.1860945 0.2495434 0.3032156 0.2692769 0.2638040 0.1228819 0.2322389 -0.0048114 0.4045599 0.1733576 0.2599585 0.3006211 0.3948436 0.0472529 0.1380378 0.3957222 0.1199186 0.3115987 0.0940609 0.1039441 0.2896768 0.2589941 -0.0629147 0.2683912 0.1895629 0.2888226 0.5377369 0.7426728 0.4871300 0.5158412 0.3653581 0.0202629 0.3552200 0.5370213 0.3888966 0.4928222 0.6714573 0.5167433 0.4215920 0.8747309 0.6632152 0.1838628 0.5324014 0.6420397 0.1120002 0.0043920 -0.0258873 0.4295115 0.7126929 0.6742771 0.2201421 0.2762088 0.1330928 0.1627477 0.2383384 0.4493159 0.6291367 0.1968378 0.4139780 0.3904171 0.4920549 0.0697090 0.2679347 0.5205430 0.5086018 0.4298045 0.4339338 0.3332251 0.2569869
0.5840846 0.5794516 0.2284741 0.4798380 -0.0149678 0.6746321 0.5691561 0.5294466 0.0000000 0.6724645 0.6448751 0.5995136 0.2574412 0.7193117 0.7084520 0.3737453 0.4441393 0.6173938 0.1515197 -0.2207848 0.4612432 0.1316297 0.3944278 0.1411508 0.3542822 0.4258097 0.6365366 0.3882373 0.3312834 0.6199715 0.0600421 0.5224199 -0.0558956 0.0064359 0.5399497 0.4228163 0.5575476 0.4050626 0.5951791 0.3086621 0.2906118 0.4672918 0.6414001 0.4734682 0.3597622 0.4382044 0.6318566 0.3536314 0.5996497 0.2961408 0.6359284 0.4804905 0.4075166 0.5031234 0.3898317 0.5872834 0.5693822 0.3790138 0.4787272 0.5805874 0.4200953 0.4538127 0.2575347 0.4005475 0.3179871 0.4594738 0.4160889 0.4268645 0.4486130 0.4014338 0.2602180 0.4302564 0.4629120 0.4022400 0.4056824 0.4365626 0.4240850 0.3444763 0.3067536 0.2225329 0.0262230 0.1419909 -0.0191617 0.0876630 0.2274722 0.0265582 0.1240978 0.1303237 0.2135470 0.3514808 0.2695034 0.0494197 0.4721255 0.3310232 0.1575814 -0.1414359 0.0225394 0.4136519 0.2428590 0.4715115 0.2340240 0.5552284 0.3025673 0.3236587 -0.0184372 -0.0196234 0.6079570 0.3615502 0.4843193 0.3455960 -0.1216366 0.7227365 0.4984361 0.5695006 0.4066075 0.4819687 0.2870450 0.3858021 0.3246371 0.5583972 0.4014777 0.1279914 0.1316982 0.3845681 0.5683335 0.4611275 0.0808291 0.2315579 0.5438541 0.3588611 0.4137942 0.3595680 0.4667565 0.2998523 0.3035293 0.4674480 0.4284398 0.4247586 0.3309020 0.5774521 0.3794732 0.5590876 0.4782423 0.4336339 0.5069414 0.4132302 0.5535657 0.4244846 0.5637509 0.6056941 0.4717042 0.2464204 0.6836685 0.6352285 0.4860485 0.5019761 -0.0449697 0.4598013 0.2298497 0.1980422 0.4092436 0.6841627 0.5596747 -0.0237682 0.5044035 0.3509968 0.6391640 0.4595807 0.2224635 0.2928925 0.3342282 0.0336411 0.6196071 0.7152672 0.6717477 0.5542079 0.5035287 0.0345939 0.4347366 0.3179552 0.1955599 0.2989728 0.3732089 0.2811996 0.3446191 0.2273388 0.2753021 0.0280755 0.4304135 0.4146126 0.5141141 0.3778452 0.4255449 0.5494691 0.5007524 0.5131332 0.4158975 0.3585266 0.3071665 0.7037804 0.0532103 0.2729069 0.2679426 0.1954000 0.2123064 0.3540742 0.5063417 0.1931275 0.1561465 0.3542690 0.2299684 0.4375755 0.2192452 0.4331243 0.5028680 0.3676571 0.3608580 0.3276229
0.2063599 0.3358791 0.1590471 0.3936390 0.1373571 0.4865533 0.7248560 0.7204545 0.6724645 0.0000000 0.8984191 0.4115157 0.4880140 0.4911009 0.2447657 0.8578790 0.9170447 0.1861104 0.6790686 -0.0014855 0.2264458 0.2908665 0.8532913 -0.3161748 0.7293193 0.8189199 0.5946342 0.2798207 -0.0818987 0.3882290 0.1129730 0.7545037 -0.2728569 -0.3379778 0.7680398 0.3246446 0.7692734 0.5588772 0.6593470 0.3767416 0.4102037 0.3030340 0.8005772 0.4602385 0.1964864 0.5592507 0.6533537 0.4110796 0.3825536 0.4267026 0.7118429 0.6786394 0.1330465 0.8127522 0.3275089 0.6193580 0.6349088 0.7424454 0.5636817 0.7201501 0.6583351 0.7382220 0.3271959 0.6687120 0.3937165 0.5331715 0.6748037 0.8004593 0.2651635 0.7293254 0.4879428 0.7281319 0.7058449 0.4355971 0.5109117 0.7181081 0.5112398 0.5892964 0.6972382 0.4651295 0.3129006 0.1202088 0.1220715 0.2271408 0.2266795 0.0536043 0.4120710 -0.1334525 0.2028463 0.2170951 -0.0562636 0.4232582 0.4325634 0.1182727 0.0355866 0.2704800 0.3900503 0.4451445 0.2209865 0.4992933 0.2360049 0.2465499 0.4001234 0.2273743 0.2640956 0.1563365 0.2458967 0.4932807 0.1796613 -0.0040583 0.0624489 0.4024892 0.2984349 0.2633037 0.0876810 0.1603220 0.1391187 0.0755722 0.1652381 0.3748580 0.2534695 0.0852978 0.0226881 0.5505262 0.4546802 0.2917441 0.0297996 0.0676936 0.3348448 0.2725438 0.2963644 0.0810744 0.4008125 0.2870149 0.1298555 0.2397145 0.3828300 0.3933568 0.2393740 0.3791813 0.1970718 0.4145621 0.3081073 0.3053273 0.3787589 0.2359877 0.4707630 0.2869848 0.2194766 0.3802028 0.3209373 0.2623071 0.6030059 0.4225625 0.1494743 0.2357175 -0.0633571 0.5246328 0.2032128 0.1015389 0.2417031 0.5496662 0.2486948 0.0819229 0.4781465 0.3061459 0.4690228 0.3470092 0.3189310 0.3911193 0.6113166 0.1916808 0.2929209 0.5246554 0.5452253 0.6069016 0.6646237 0.3660830 0.3496777 0.1943816 0.1752796 0.3303262 0.5479968 0.4151071 0.5304299 0.1902971 0.1397964 -0.0780018 0.5958522 0.4468651 0.3644074 0.3901080 0.5458909 0.4095937 0.3159918 0.3495020 0.7312262 0.7696954 0.6621741 0.4894487 0.2663668 0.5583948 0.3821891 0.3749073 0.4363357 0.5980269 0.4731857 0.1667064 0.3435521 0.5885777 0.2138974 0.4543771 0.3771445 0.7594164 0.5607772 0.1205695 0.4693965 0.3814249
0.3686126 0.5493072 0.1725364 0.5677190 0.1319971 0.5708247 0.6481497 0.6765155 0.6448751 0.8984191 0.0000000 0.5048649 0.4162014 0.4073773 0.3082830 0.8136321 0.7401020 0.1950292 0.6476208 -0.0292623 0.3933484 0.5132698 0.8134013 -0.1494651 0.6822126 0.8068550 0.5082409 0.2301546 0.1594475 0.3033289 0.1827571 0.7023958 -0.1029133 -0.1455972 0.8196823 0.5286126 0.7871807 0.5132758 0.6776000 0.2773457 0.3493364 0.4949831 0.8797015 0.3492652 0.4640159 0.5419700 0.7013135 0.3073280 0.4718752 0.3957553 0.7400467 0.7954492 0.4000299 0.8829836 0.2809267 0.6037292 0.6005152 0.8258429 0.5578443 0.6904879 0.6986282 0.7428116 0.2391013 0.8012406 0.5099884 0.4043248 0.6106879 0.8350090 0.2464807 0.7730594 0.3838879 0.7723452 0.6507425 0.5411341 0.4122109 0.6595972 0.5780496 0.5316240 0.5128322 0.2557715 0.2018129 0.1393343 0.0939496 0.2493672 0.2023098 0.1224331 0.3277506 -0.1007359 0.3008378 0.2556791 0.0591332 0.4666227 0.4860742 0.2589506 0.1498767 0.2808749 0.4405621 0.5302240 0.3099862 0.5649520 0.3372197 0.3488692 0.3935055 0.3600375 0.2370653 0.2370783 0.2962945 0.5370139 0.2446942 0.0225926 0.0649040 0.4750927 0.3895376 0.3924472 0.2586923 0.3047828 0.3097836 0.2473346 0.3304600 0.5054964 0.3786619 0.1965569 0.0451955 0.6528055 0.6344763 0.4234988 0.0903759 0.2258654 0.4258361 0.3719036 0.3921788 0.1480491 0.5498431 0.2711270 0.1534429 0.4234122 0.5005073 0.3352477 0.3192350 0.4944610 0.3619014 0.5166725 0.3773173 0.5571614 0.5150267 0.3726670 0.5804669 0.4640242 0.3341809 0.5222933 0.4966914 0.4289260 0.6748995 0.4991194 0.1431882 0.4207799 0.0792749 0.5679578 0.2387916 0.3131602 0.2348332 0.6312661 0.4737951 0.1893050 0.4712214 0.4795500 0.5706403 0.4132510 0.4001955 0.4997817 0.5362807 0.2485341 0.4561401 0.6153762 0.6723956 0.6789891 0.7100423 0.2741189 0.5429691 0.4167113 0.3186301 0.5071834 0.6210634 0.4911364 0.6183210 0.2847902 0.2926259 -0.0899293 0.6432386 0.5498134 0.5050145 0.4354502 0.5416326 0.5765025 0.4575121 0.4935857 0.7115984 0.6770361 0.4941429 0.5239754 0.2386751 0.3465763 0.2639787 0.3329572 0.2585831 0.4558007 0.4508007 0.3172835 0.2503936 0.4207491 0.0836425 0.3826087 0.2268778 0.7504289 0.5223502 0.1464870 0.3525580 0.3176845
0.7014824 0.8214487 0.5151810 0.8417941 -0.1268586 0.7985333 0.6452842 0.4263401 0.5995136 0.4115157 0.5048649 0.0000000 -0.0386338 0.1307106 0.6127436 0.2411589 0.2006225 0.3061167 0.1092740 -0.3005479 0.9168425 0.0089163 0.2720156 0.0945262 0.1009844 0.1231619 0.2235668 -0.0064968 0.7514213 0.1702999 -0.2725772 0.1003303 -0.2057669 0.0683823 0.3298453 0.8142535 0.1918111 0.0794652 0.4072833 0.1717747 -0.1312691 0.8056755 0.3568318 0.2315921 0.7765299 0.1556175 0.3996639 -0.0085379 0.5359750 -0.0209990 0.3864284 0.3454582 0.6032284 0.4257628 0.1848863 0.2432420 0.3417486 0.5185461 0.4222442 0.3099567 0.5300873 0.3199048 0.0215401 0.6908398 0.5792000 0.1817624 0.3405655 0.4722630 0.1341489 0.6218360 0.0874596 0.5328531 0.3539060 0.4758215 0.2267768 0.5258809 0.7371955 0.2265494 0.2290896 0.1286982 -0.2062312 0.1237599 -0.0297003 0.1121570 0.2450667 -0.0882943 0.0019799 0.4463920 0.3871228 0.3745417 0.2868265 -0.1670462 0.1448688 0.3913949 0.1531410 -0.2535829 -0.0468179 0.2247545 0.1289944 0.4579689 0.0694021 0.3366233 -0.0217664 0.3369653 -0.0974051 -0.0199192 0.2488109 0.1433151 0.3797921 0.1890950 -0.2662699 0.5036163 0.5260852 0.4801402 0.2879649 0.3727658 0.0502823 0.3474941 0.1673235 0.2981901 0.1813452 -0.1217870 -0.2215417 0.5458253 0.4741917 0.4459137 0.0756719 -0.0222740 0.5226125 0.5028681 0.5438029 0.3153320 0.4600155 0.4039229 0.2742611 0.2019209 0.5029045 0.4541048 0.6195495 0.7214937 0.4262385 0.6180906 0.4823271 0.3948707 0.3989940 0.3751093 0.5602200 0.5639475 0.7081115 0.6726506 0.6367284 -0.0997710 0.6180909 0.5584998 0.4131841 0.0857375 -0.0288926 0.2668416 0.0863364 0.2419694 0.3796330 0.5736233 0.3823292 -0.0268193 0.4578842 0.0947030 0.4164675 0.5066753 0.2125022 0.2608194 0.2675203 0.3252100 0.7564016 0.7406551 0.8340483 0.8167454 0.6855988 0.4311790 0.7123258 0.6594571 0.4169341 0.4836968 0.5632006 0.4963890 0.5721611 0.4495067 0.2904400 -0.1022728 0.3771546 0.6949958 0.3503927 0.5374515 0.4002863 0.4184733 0.4282428 0.5037403 0.3369027 0.0943394 0.0918905 0.6539998 -0.3153154 0.0652589 0.1918478 -0.0738418 -0.1278189 0.0887516 0.5669054 0.2961024 -0.1428131 -0.0167227 0.1834823 0.5209566 -0.3037846 0.5438074 0.7299949 0.3401991 0.1765985 0.0614046
0.1265058 0.1160069 0.2244500 0.2511432 0.5785666 0.1789301 0.0449602 0.7432917 0.2574412 0.4880140 0.4162014 -0.0386338 0.0000000 0.0149399 0.1062208 0.4523871 0.3986181 -0.0259342 0.3407047 0.3873514 0.0546274 0.5598422 0.4943867 -0.1930945 0.4567926 0.4836967 -0.0347657 -0.0858615 -0.0536043 -0.0555338 0.4789284 0.5488564 -0.1746289 -0.2176094 0.4587102 0.1413494 0.5271701 0.6209182 0.0722206 -0.0061465 0.4926798 0.1306879 0.4984728 0.1807594 -0.0002596 0.3659663 0.3445731 0.5200294 -0.0991043 0.2671573 0.5002091 0.2625899 0.0942775 0.3044021 0.4698043 0.4444211 0.4711926 0.2192073 0.5159418 0.5924285 0.4452473 0.4020192 0.7583802 0.2659830 0.3282298 0.5059041 0.6394318 0.3706220 0.4655874 0.3459462 0.3957743 0.4607776 0.4674000 0.6329720 0.4406930 0.5710830 0.3520416 0.3072069 0.4430480 0.4391052 0.3605579 -0.0504541 -0.2314678 -0.1519289 -0.0496499 -0.1907532 -0.1222577 -0.3776076 -0.1790231 -0.0292293 -0.3126088 0.0467262 0.2856196 -0.1454156 -0.4517771 -0.1493038 0.3045137 0.1976598 -0.2894682 -0.0161517 -0.0719147 0.0682446 0.1989382 -0.1977636 -0.1148040 -0.1944129 0.1497931 0.2140672 -0.0759263 0.0455272 -0.3022959 -0.0724973 -0.0202954 0.2936809 0.2840377 0.1012464 0.3078718 0.0800909 0.2178413 0.2236471 0.2356768 0.2373552 0.0051927 0.1888630 0.2425074 -0.1859406 -0.1457543 0.1041114 -0.1841401 -0.0241138 -0.0619459 -0.4550435 0.0095907 0.0302656 -0.2143221 0.1795589 0.0410166 -0.1696337 -0.1862370 0.0489144 -0.1184049 -0.0690512 0.2342652 0.3838776 0.0098627 0.1616512 -0.1330987 -0.1263075 -0.0730515 0.0459537 0.0857540 0.3837507 0.0236165 0.1702218 -0.1050777 0.1626314 -0.0992428 0.2764471 0.0376238 0.0529907 0.1924802 0.1736685 -0.1490834 -0.0419955 0.1846991 0.0499929 0.1354854 -0.1175264 -0.1649896 -0.0209718 0.0909990 -0.3370430 -0.0647685 -0.1421944 0.0132079 0.1962929 0.3572419 0.1554701 0.2784516 0.1595494 -0.0789661 0.2086437 0.3128733 0.2244302 0.2202847 0.3929397 0.4275948 0.4533102 0.7244419 0.3294572 0.1459651 0.3311713 0.4834090 0.0397835 -0.0043426 -0.0351877 0.3687017 0.6973267 0.6092089 -0.0447579 0.3072993 -0.0355707 0.2139587 0.4428284 0.5455454 0.4594344 -0.0835788 0.2942003 0.3343729 0.3475228 0.1186206 0.2578903 0.6093428 0.2896843 0.1205122 0.2071953 -0.0130288 0.0422891
0.1636755 0.1483753 -0.1448337 -0.1157699 -0.3110561 0.3682362 0.3386264 0.1067937 0.7193117 0.4911009 0.4073773 0.1307106 0.0149399 0.0000000 0.3549943 0.3167850 0.4351860 0.7214427 0.1911204 -0.3533738 -0.0534305 -0.0985064 0.2489406 0.2920356 0.3561838 0.4298661 0.7003827 0.8123970 -0.0900468 0.8137559 -0.1173022 0.3559350 0.2367604 0.1010048 0.3335427 -0.0875036 0.4479214 0.1385152 0.5052147 0.2044402 0.0117541 -0.0905529 0.4509458 0.3400937 -0.0835464 0.2864849 0.4097831 0.0173284 0.5022925 0.1549606 0.4368966 0.4188007 0.1007306 0.3008832 -0.0728180 0.2967345 0.3122188 0.1374772 -0.0574227 0.4429183 -0.0285745 0.3793392 -0.1036420 -0.0478599 -0.0311885 0.1026464 0.1713129 0.1972774 0.0055444 0.0610525 -0.0271927 0.1591005 0.2456053 -0.1900789 0.0659184 -0.0144688 -0.1367125 0.2286991 0.0188171 -0.0733032 -0.0544274 0.0217632 0.0847770 0.0930959 0.2067759 0.2538911 0.3653144 0.0077268 0.1061017 0.1882723 0.1370475 0.2574612 0.3778096 0.0418955 0.2522164 0.0258480 -0.1357954 0.3897392 0.2167674 0.2820120 0.1984397 0.4030924 0.4343412 0.2166709 -0.0881504 -0.0270131 0.6655476 0.4347672 0.3385344 0.3210270 0.1524246 0.6165617 0.3239541 0.2668112 0.0950447 0.2902028 0.1522336 0.1704048 0.2173835 0.4147646 0.2804671 0.1176459 0.1410414 0.1585564 0.3588188 0.3210869 0.1210666 0.0839798 0.5262373 0.2335295 0.3194458 0.3920999 0.3078364 0.1656268 0.3254114 0.2907521 0.3590386 0.5195117 0.2385513 0.2936769 0.2970243 0.3954351 -0.0973927 0.0154874 0.4584656 0.3086641 0.4324789 0.1707308 0.0681917 0.2156500 0.0354623 -0.0120509 0.4668600 0.3394313 0.1398122 0.1670602 -0.2836520 0.1642270 0.0211597 -0.1208732 -0.0699309 0.2800051 0.3463211 -0.2451617 0.0272621 0.2483334 0.4634738 0.1943159 0.1376942 -0.0711609 0.1401633 -0.1590794 0.3835506 0.4260257 0.3442599 0.1845123 0.0403821 -0.1397833 -0.0858278 -0.0775738 0.0503460 -0.1421409 -0.1498732 -0.1688122 -0.1592492 -0.2122524 -0.2283759 -0.3663001 -0.0657347 -0.0298620 0.3706239 -0.0792393 0.0114777 0.4196110 0.3516694 0.3647280 0.2782282 0.1963914 0.0700924 0.4424463 0.2261249 0.5484676 0.4249730 0.3185109 -0.0253224 0.1018933 0.4376770 -0.1645410 0.2632168 0.4603352 0.3615478 0.3045226 0.0268547 0.2368177 0.2644297 -0.1839070 0.4155848 0.4353577
0.4719290 0.5280704 0.1975121 0.5743512 -0.1656100 0.7123279 0.4208794 0.2735588 0.7084520 0.2447657 0.3082830 0.6127436 0.1062208 0.3549943 0.0000000 0.0735491 0.0459792 0.4889982 0.0164788 -0.3561309 0.5697861 0.1676131 0.0828465 0.5056819 0.1794606 0.0830920 0.4966607 0.2007314 0.7055286 0.4719146 0.1579593 0.2489846 0.2187687 0.4334733 0.2092363 0.4770826 0.3414204 0.3923827 0.2690627 -0.0846316 0.1305232 0.5269223 0.3914910 0.0381326 0.5520822 0.5088689 0.6479360 0.1852430 0.6005416 0.2926130 0.5959516 0.3000650 0.6426707 0.0869702 0.2510028 0.5776763 0.6046468 0.0301065 0.2139492 0.4974690 0.1488356 0.2514741 0.2583505 0.2771912 0.1936969 0.4401653 0.4050506 0.1230560 0.4923017 0.3540259 0.2673557 0.1531378 0.4601157 0.2933371 0.5277460 0.3825808 0.4999749 0.3882851 0.1218006 -0.0343954 -0.1626056 0.1095289 -0.0127575 0.1879819 0.3289884 0.2387612 -0.0884589 0.3774625 0.5203753 0.6181867 0.2983328 -0.2218278 0.3688470 0.3121430 0.2093639 -0.3390456 -0.1951319 0.3161033 0.2331533 0.2297639 0.2665719 0.5269608 0.2917272 0.3036728 -0.2365196 0.0165625 0.6511242 0.3649454 0.6853793 0.4216341 -0.1158590 0.6862340 0.4605852 0.5627906 0.3787826 0.4560970 0.2632391 0.3651685 0.3005968 0.4129171 0.3817152 0.1861629 0.3872640 0.2318246 0.5081067 0.3848030 0.4495622 0.3546584 0.5380300 0.6658868 0.6508313 0.5694023 0.7099174 0.6650058 0.5541176 0.5712847 0.6633736 0.5103241 0.6452525 0.6504366 0.6805455 0.6370077 0.5181604 0.5127601 0.6364882 0.6442620 0.6471106 0.7237772 0.6565143 0.8000969 0.6881750 0.2161925 0.6973625 0.7683108 0.6460435 0.3405140 0.1015949 0.5493368 0.3400470 0.3984362 0.5014624 0.7215419 0.5864755 0.0874331 0.5648896 0.4264058 0.6920482 0.6419254 0.3307286 0.2134064 0.2892482 0.1037992 0.5309104 0.6226936 0.5813035 0.4279567 0.2608591 0.1678849 0.3834013 0.4465462 0.2181010 0.3283828 0.3717921 0.3837209 0.3276389 0.1903796 0.2414085 0.0347162 0.2051245 0.3750287 0.3111907 0.2489870 0.1670952 0.3549937 0.4105940 0.4892245 0.0948627 -0.0461095 -0.0493472 0.5741799 -0.1834116 -0.0510046 0.3214567 0.0100399 -0.0691704 0.1468378 0.4575654 0.1476898 -0.0808227 -0.0532815 0.2539215 0.4033085 -0.0510834 0.3093640 0.5328961 0.4204640 0.1312612 0.2457886
-0.0713738 0.1809831 -0.0130979 0.2626622 0.0101579 0.3246774 0.5590437 0.5144879 0.3737453 0.8578790 0.8136321 0.2411589 0.4523871 0.3167850 0.0735491 0.0000000 0.8553125 0.0362762 0.9068220 -0.0368898 0.1259521 0.4393902 0.9221428 -0.3915159 0.8550798 0.8821505 0.4697399 0.2344662 -0.1378938 0.1854846 0.0467969 0.7080289 -0.2070159 -0.3035652 0.7016406 0.3100452 0.6969390 0.5746483 0.4918054 0.1330731 0.3174063 0.2053304 0.7336979 0.3144966 0.1187399 0.5942891 0.5523320 0.3148882 0.3734705 0.4864219 0.6440716 0.7535792 0.0678680 0.7834326 0.1808668 0.5576436 0.5627975 0.7598888 0.4559999 0.7117682 0.5681497 0.8030515 0.2244534 0.6175860 0.3270164 0.4593137 0.7419432 0.8504459 0.0682434 0.7853346 0.5753298 0.5719325 0.7777064 0.2881223 0.4788421 0.7187455 0.4429157 0.7128694 0.6819955 0.3308322 0.2861926 -0.0249769 0.1967633 0.3114048 0.2334014 0.2455418 0.3690774 -0.1382812 0.3106443 0.2220058 -0.1448350 0.4308374 0.2605425 -0.0051242 0.1112829 0.3253345 0.3620874 0.3688119 0.2541131 0.3724279 0.1974786 0.0509254 0.3698480 0.1580670 0.1903110 0.1637444 0.0874423 0.5025351 0.0550190 -0.0268477 0.1184634 0.1920355 0.0372436 0.0261793 -0.0877412 -0.0651401 0.0426157 -0.0840010 0.0772136 0.2275960 0.1606342 0.0842868 -0.0724412 0.4606988 0.3626196 0.2607845 0.1217033 -0.0859412 0.3317605 0.3396706 0.3286323 -0.0217507 0.4688218 0.3979578 0.0908703 0.0158771 0.4083179 0.4431893 0.3366705 0.3648424 0.1246466 0.4122734 0.2552921 0.2564963 0.3623091 0.1189889 0.4620045 0.3065942 0.0539728 0.3390170 0.2748367 0.1967166 0.5655245 0.2480064 -0.0243381 0.1275492 -0.1101056 0.3907619 0.1303057 0.0490180 0.0461450 0.4473031 0.1501173 -0.0237627 0.3485481 0.3100102 0.3158357 0.1927895 0.1973945 0.2130519 0.5035618 0.1237471 0.1394880 0.3625209 0.4007816 0.4242320 0.5421792 0.4167232 0.2863127 0.2165908 0.2696825 0.3832702 0.5605502 0.4951622 0.5558051 0.0839381 0.0185408 -0.1223782 0.4568956 0.2662826 0.2080933 0.2543684 0.4705790 0.3021852 0.2400545 0.3296010 0.7234413 0.7357461 0.4928522 0.3031157 0.2824396 0.5528224 0.3723996 0.4037276 0.2677329 0.4759840 0.4340666 0.0729042 0.2571723 0.4569258 0.0867183 0.4374510 0.2659252 0.6668352 0.4468213 -0.1374523 0.3146109 0.3562991
-0.0846307 0.0546455 0.0846296 0.1503458 0.1033968 0.3556446 0.7028063 0.5957562 0.4441393 0.9170447 0.7401020 0.2006225 0.3986181 0.4351860 0.0459792 0.8553125 0.0000000 0.1267813 0.7104064 -0.1004507 -0.0262894 0.1054594 0.8428447 -0.4009247 0.6938703 0.7545273 0.5651451 0.3649070 -0.3046285 0.3340937 -0.0357857 0.6168428 -0.2509710 -0.4107823 0.5956939 0.0881646 0.6156705 0.4304702 0.5024883 0.2974138 0.2729472 0.0374588 0.6190752 0.3435593 -0.0458149 0.4420443 0.4311240 0.2726892 0.2574306 0.3789846 0.5187995 0.5755113 -0.0909854 0.6749126 0.1145270 0.4452886 0.4675994 0.6007170 0.3694571 0.5752700 0.5284622 0.6505592 0.2392887 0.4810628 0.2531970 0.3994398 0.5774227 0.6741565 0.0657064 0.6170705 0.4618034 0.6303874 0.6114295 0.1945587 0.4343295 0.5677955 0.3256710 0.5670196 0.6606025 0.3773309 0.3825884 -0.0153054 0.1671152 0.1776735 0.1749418 0.1007309 0.4590334 -0.1455794 0.1328406 0.1593117 -0.1445992 0.4504209 0.2487056 -0.0583065 0.0226849 0.4145040 0.4005005 0.2397208 0.1369788 0.3376842 0.1541033 -0.0288999 0.3574210 0.0606617 0.3442941 0.1605301 0.0801976 0.4223037 0.0842908 -0.1803748 0.2262375 0.1936624 0.0949560 -0.0344912 -0.2460886 -0.0984779 -0.0839301 -0.1793615 -0.0351067 0.1293165 0.0285894 -0.0445518 0.0647016 0.3920817 0.2086394 0.1342361 0.0092570 -0.0467052 0.2044333 0.1888052 0.1653994 0.1121175 0.3358791 0.3122297 0.2133186 0.0549682 0.2912809 0.3863363 0.2299871 0.1670365 0.1311384 0.2354090 0.1286382 0.1279168 0.3022793 0.0934813 0.3951874 0.1601356 0.0272492 0.1864520 0.1393742 0.1569496 0.4337633 0.2235080 -0.0192892 0.0216185 -0.0843424 0.4340297 0.2053591 0.0070719 -0.0048264 0.3268377 0.0604714 0.0766626 0.3131632 0.2359897 0.3262138 0.2397864 0.3370546 0.2902644 0.5931939 0.2032459 0.0947054 0.2974863 0.2685270 0.3621885 0.4740969 0.4572948 0.1130441 0.0312360 0.0747990 0.1749389 0.4182844 0.3172361 0.3850361 0.0391914 -0.0952315 -0.1526519 0.3938562 0.2430926 0.1496166 0.1921608 0.3886272 0.2096157 0.1434817 0.1802648 0.6517684 0.7108364 0.5493022 0.2812521 0.3079205 0.6620380 0.3705032 0.2580455 0.3655914 0.5676356 0.4302804 -0.0748855 0.3781183 0.6395825 0.2662434 0.3464129 0.3917923 0.6630418 0.4987939 -0.0315824 0.5026123 0.4294906
0.2986973 0.2336952 0.0953285 0.1206684 -0.2031799 0.4282368 0.1546092 0.1826748 0.6173938 0.1861104 0.1950292 0.3061167 -0.0259342 0.7214427 0.4889982 0.0362762 0.1267813 0.0000000 -0.1987525 -0.5274563 0.1943686 -0.2095396 0.1089391 0.4200813 -0.0727639 0.0379585 0.4327287 0.5650589 0.2742714 0.4778724 -0.2311084 -0.0786642 0.2997568 0.2240251 0.1098380 0.0863999 0.1647949 -0.0945432 0.1501315 -0.0620727 -0.2579906 0.0626179 0.2250570 0.0605117 0.1707657 -0.1084230 0.1853913 -0.1652550 0.3721066 -0.1803824 0.2521217 0.2418437 0.3433481 0.0973369 -0.2173923 0.0053175 0.1307804 0.0024849 -0.1704014 0.2796790 0.0693123 0.1562626 -0.0003519 -0.0157070 0.2735021 -0.0846365 0.0285716 -0.0028186 -0.0788481 0.0609146 -0.1126183 0.2505968 0.0515809 -0.0126261 -0.1365995 -0.0506307 -0.0037941 0.2017115 -0.0593538 -0.1909085 0.0664578 -0.2269415 -0.2757512 -0.2214082 -0.0237600 -0.0767716 -0.1670025 -0.0155542 -0.1042779 -0.0624174 -0.0550289 -0.2222861 0.1938543 -0.1046333 -0.0478621 -0.3588098 -0.3830248 0.1542125 -0.2290839 -0.1041041 -0.2399935 0.1815574 0.1254767 -0.1353386 -0.3491750 -0.2564261 0.4625621 0.2640784 0.3478934 0.1658110 -0.2590095 0.3536855 0.0886473 0.1952546 0.0216252 0.1883295 0.1027988 0.1727974 0.1895122 0.3056757 0.2088882 0.0558620 0.0215737 0.2214102 0.3603816 0.0760310 0.0993343 -0.0955842 0.3469242 0.3332933 0.3272034 0.3981780 0.3613952 0.2071851 0.4576885 0.1783077 0.2798754 0.3451687 0.2845622 0.2085068 0.3068324 0.2056605 0.0365660 0.1255461 0.3198225 0.4035225 0.3812804 0.1646511 0.2781990 0.1461351 0.0400129 -0.0855766 0.3056772 0.2833903 0.1274099 0.1625128 -0.4155693 0.0222466 -0.0551635 -0.0931965 -0.1850130 0.1444775 0.2603247 -0.4184334 -0.1415643 0.1208394 0.3566852 0.1145826 0.0353101 -0.2686723 -0.2479292 -0.2480807 0.4197383 0.3731474 0.2240081 0.1735352 0.0828202 -0.0729102 0.0616074 0.1988192 0.0336631 -0.1035125 -0.1428342 -0.1599032 -0.2475593 0.0716042 -0.1535253 -0.1384532 0.0390014 0.2343265 0.2693715 0.0052480 0.1017109 0.1559500 0.1525892 0.1434539 0.0531357 0.0544034 -0.1419426 0.2865795 0.0933369 0.2607490 0.2016287 0.0838735 -0.3887195 -0.0085696 0.4662632 -0.0601194 0.1310026 0.3691414 0.2932995 0.2917044 -0.1583787 -0.0044432 0.4226268 0.0573456 0.2714311 0.2870336
