0.0000000 0.2485004 0.2304968 0.2174446 -0.0558925 0.0806731 0.3168676 0.0912727 0.0145457 0.0666476 -0.0261705 0.5597496 -0.0030310 0.1559616 -0.0068718 -0.0796246 0.0173792 0.2632298 -0.0924490 0.0464437 0.5424081 0.2322458 -0.0861371 0.2639229 0.2715468 -0.0978620 0.3525082 0.2514922 0.2357150 0.2644399 -0.1703926 0.1812505 0.2448538 0.3420522 -0.1261767 0.3473990 -0.1038487 0.1557897 0.0715570 0.1711587 0.0927550 0.3182194 -0.0145873 0.1223188 0.3860161 -0.3720082 -0.3220011 0.2382871 0.2065978 -0.4087164 -0.2849327 -0.0481790 0.2638820 0.1280478 -0.1781730 -0.3577282 -0.4200779 0.1073214 -0.1215580 -0.2935216 0.3104480 -0.1303351 -0.1888752 0.1349040 0.1188458 -0.4378263 -0.3681162 0.0610977 -0.2015368 0.1382913 -0.3377011 0.1703400 -0.1978381 0.1182598 -0.2549589 0.1893512 0.2470857 -0.1816735 0.2001895 0.5534240 0.2568273 0.3312634 0.2236188 0.0138404 0.0629792 -0.1929992 -0.3012891 0.0476719 -0.1375860 -0.1043915 -0.3404319 -0.2829400 -0.2922651 0.1068222 -0.2615951 -0.2679780 -0.2283041 -0.2516170 -0.1843470 -0.0133085 -0.0505209 -0.1207641 -0.1278809 0.1312164 -0.2224664 -0.0106888 -0.0138418 -0.0159010 0.1551142 -0.1803336 -0.1995639 0.2778151 0.1345647 0.0115976 -0.0691975 0.1714390 -0.0624601 -0.1512448 0.0717280 0.1794693 -0.0504827 -0.0184042 0.6189628 0.0487060 0.1127828 0.6225870 -0.0398550 0.3655635 0.4162549 0.1811047 0.1214567 0.4155515 0.0785024 0.2883701 0.5008813 0.5269317 0.1975603 0.4214184 -0.0013765 0.6080079 0.4922942 0.5379998 -0.0326237 0.5454740 0.2258184 0.4581764 0.1340510 0.0376512 0.1609930 0.3081766 0.5359574 0.4172007 0.3593766 0.2712411 -0.0759990 0.4981706 0.0719012 0.2643266 0.1973913 0.2473862 -0.0515833 0.2121514 0.2037518 0.1149942 -0.0299485 0.2859133 0.2235755 0.1787921 0.1991436 0.0411220 0.0761278 0.1046577 0.4359365 0.4246781 0.2934158 0.3984905 0.5024185 0.2327035 0.3890396 0.2198872 0.0466249 0.2247234 0.0000302 0.2601288 -0.2536156 0.1948777 -0.0377745 0.1506848 0.1884917 0.3683157 0.5687529 0.4843707 0.2512578 0.5242805 0.5525569 0.4698845 0.6129818 0.3578704 0.5037043 0.6070024 0.2076987 -0.1438972 -0.1583028 0.0902659 -0.2737310 0.1191528 0.5648313 0.1034383 -0.0825491 -0.2113940 -0.0985317 0.4163236 0.1895519 0.5449059 0.4367532 -0.0862809 0.3444183 0.2722763
0.2485004 0.0000000 0.4606801 0.3508210 0.1601014 0.3799832 0.5725884 0.3796259 0.3590344 0.1274207 0.1940699 0.4678434 0.2749019 -0.0170576 0.2894928 0.0057621 0.1365531 0.0418524 -0.1352617 0.1242343 0.2475522 0.1841774 -0.1250907 0.1186340 -0.1561597 -0.1991939 0.1426790 -0.1064730 0.0982441 0.0614942 0.1646673 0.1138328 -0.0069535 0.1697457 0.0873316 0.0970371 0.3115042 0.2508516 0.1400043 0.1058639 0.1841277 -0.0923473 0.0751500 0.0477023 0.0523398 0.0099266 -0.0855687 0.2383113 0.1495392 -0.1321992 0.0612951 0.0822507 0.1571166 -0.0121665 0.2852255 0.0416747 0.0762453 -0.0961054 -0.1229247 0.2646355 -0.0242715 -0.1872806 -0.2628703 0.0735383 0.1197868 -0.1101761 -0.1557235 -0.0472109 -0.0102096 -0.0987553 -0.1582452 0.2106021 -0.0630444 0.1416736 -0.0640673 -0.0400529 0.3321587 -0.0675698 0.0575063 0.2799615 0.1452514 0.4670945 0.3013266 0.1967605 0.0120143 0.4134287 0.0998088 0.0585920 0.2275581 -0.0006130 0.0955003 -0.1198748 0.3858509 0.1886791 0.2093175 0.2586390 0.2583159 0.5428313 0.2275839 -0.0136061 0.2538789 0.4368280 0.3334082 0.0963344 0.2033311 0.3857555 0.5563801 0.1835128 0.5074727 0.2658919 0.3618258 0.6709677 0.5222246 0.1828494 0.1684550 0.3512366 0.2004622 0.1231972 0.3373904 0.4544898 0.3623997 0.2492358 0.3162497 0.5805354 0.4246295 0.1134410 0.3745806 0.0773308 0.3871509 0.6805687 0.5365862 0.3081445 0.4746385 0.6302479 0.2847126 0.2440243 0.4995449 0.4377504 0.4977336 0.3725837 0.2435975 0.2313521 0.0299145 0.3173926 0.3982999 0.1779465 0.4349562 0.4160075 0.0388259 0.4573533 0.4509975 0.2745648 0.4623815 -0.0081968 0.3204705 0.0960121 0.0762959 0.1572652 0.0031288 0.1028272 0.0910969 0.4254532 0.2004174 0.0676824 0.1357934 0.2493968 0.1075037 -0.0537395 0.0767939 0.0094342 -0.0001535 0.0327273 0.3716328 0.4118747 0.6300418 0.3331666 0.2053204 0.4050428 0.4840391 0.3537397 0.3139666 -0.0137742 0.0132050 -0.0908948 -0.1993239 -0.0652392 -0.1721101 -0.4002250 0.3164645 0.3324594 0.4772151 0.2717633 0.2989213 0.5106410 0.2798273 0.3150105 0.1916085 0.2263265 0.0706953 0.1669919 -0.0813476 0.2940206 0.4513068 0.4078782 0.5495191 0.3946305 0.2805870 0.1542449 -0.0574530 0.2085619 0.5447164 0.5785273 0.6104324 0.2481460 0.4764936 0.0764092 -0.2126360 -0.0796470
0.2304968 0.4606801 0.0000000 0.8935675 0.7516321 0.8564324 0.5431496 0.7861032 0.7496899 0.8467051 0.7748373 0.4251323 0.4208044 0.6950941 0.2884262 0.2932638 0.7189005 0.3630806 -0.2523474 0.1459608 -0.0314651 0.1938986 0.3716968 0.5769851 -0.0484857 0.0000108 0.6722231 0.4728681 -0.1110193 0.7676918 0.0445921 0.4747167 0.6091154 0.8077305 0.3753010 -0.3243784 0.3005748 -0.0773780 0.7759150 0.6662193 -0.0421737 -0.1094140 0.5535198 0.7851380 0.7145477 -0.2610840 -0.2783712 0.0381693 0.8139002 -0.5050128 0.0432641 0.4586301 0.8682313 0.3532320 -0.3468693 -0.4176580 -0.2211068 0.4250681 -0.3744692 0.2616353 0.4236468 -0.1858315 0.1137787 0.6628838 0.8270206 -0.4841788 -0.3397741 -0.0304167 -0.4951892 0.2768599 -0.4488282 0.7309077 -0.5541407 0.8023934 -0.3914923 0.0641757 0.7122713 -0.2361363 0.0951163 0.7018048 0.1986468 0.2113810 0.0963311 -0.3098849 -0.3019595 -0.0439930 -0.1419961 -0.2692763 -0.2828517 -0.4297724 -0.0106856 0.1762073 0.2282843 -0.1365953 -0.1081382 0.1097371 0.4149635 0.3110276 -0.1842734 -0.6169112 0.0892015 0.3125016 -0.2452179 -0.3413244 0.2504253 -0.0218953 -0.0963776 -0.1587793 0.5438010 -0.2414109 0.2012382 0.2653344 0.2252700 -0.0472780 -0.1124266 -0.0057287 -0.1844768 -0.2955302 -0.2009113 0.1112726 -0.0852448 -0.2003661 0.5878508 0.0972579 0.1134880 0.3657691 0.3281163 0.5339740 0.4729870 0.7741973 0.6208749 0.6837298 0.5680152 0.7415168 0.4731168 0.6153844 0.6541316 0.5930738 0.5448588 0.5460714 0.5557053 0.5148391 0.3006693 0.6190146 0.6053048 0.4793595 0.5692484 0.5700831 0.5061875 0.2521257 0.3226259 0.6595085 0.5285708 0.4410428 0.3914723 0.4519762 0.0940913 0.5625183 0.3327285 0.2643786 0.3914963 0.3916952 0.2170354 0.1531243 0.3732620 0.3479789 0.3414491 0.4019826 0.2945536 0.0190459 0.3602328 0.3976196 0.3945758 0.5899612 0.1954698 0.3797240 0.4521260 0.0894560 0.2551249 -0.3232462 -0.4253388 -0.4520072 -0.4249150 -0.5055606 -0.3833949 0.3405237 -0.4375306 0.0517651 0.7875061 0.7339235 0.4119853 0.5559015 0.4870390 0.4267122 0.3853884 0.2834752 0.3218789 0.4170747 0.5556118 0.3229969 0.3443356 0.1144024 0.3895909 0.2710280 0.2705927 0.1835514 0.5041410 0.3704542 0.3728643 0.2291147 0.3561675 0.5187629 0.5620602 0.2910022 0.6656155 -0.1020507 -0.3709834 -0.1999982
0.2174446 0.3508210 0.8935675 0.0000000 0.6490139 0.9352610 0.3799020 0.8113714 0.8189563 0.9157813 0.8353670 0.3199578 0.4235327 0.7903874 0.4637987 0.3597738 0.7662868 0.5096797 -0.1915042 0.0876997 -0.1093361 0.1643796 0.4341046 0.6428606 -0.0520215 0.0214815 0.7471986 0.5533863 -0.0001333 0.8175068 0.1021481 0.5463708 0.6698745 0.8559495 0.4913689 -0.3711431 0.3317401 -0.0722198 0.8471495 0.7813164 0.0154296 -0.1980542 0.6974221 0.8728730 0.6234896 -0.1737271 -0.1448691 -0.0363530 0.8315120 -0.4056295 0.1838471 0.5511558 0.8675241 0.4308251 -0.3164468 -0.3403726 -0.1331636 0.4010634 -0.3881345 0.4060246 0.2112207 -0.0654951 0.0503854 0.6610824 0.8142016 -0.4426935 -0.1852814 0.0457433 -0.4905475 0.2370445 -0.3527439 0.7144254 -0.5352932 0.7338466 -0.4091034 0.0083087 0.6186206 -0.2593391 -0.0022922 0.5069764 0.0977236 0.0160423 -0.0873095 -0.4571233 -0.3885237 -0.1612140 -0.1140571 -0.4764012 -0.3720617 -0.4975886 0.0051117 0.2631769 0.2642201 -0.3853380 -0.0811847 0.1178995 0.4890579 0.2917706 -0.1434017 -0.6947641 0.0221812 0.2498710 -0.3143740 -0.5338211 0.2458036 -0.0323870 -0.1682833 -0.1692729 0.5147293 -0.2470541 0.2549651 0.2521429 0.2590410 0.0757469 -0.0246081 -0.0134099 -0.0936687 -0.2442112 -0.1745390 0.1366114 -0.0085540 -0.1475293 0.6344406 0.1065713 0.1822668 0.2398804 0.2713068 0.6370707 0.3799863 0.7245704 0.5731505 0.6422458 0.5083533 0.7359913 0.5088287 0.5947252 0.6038260 0.5038903 0.5017580 0.3483832 0.6071581 0.3248671 0.3997379 0.4594126 0.5525177 0.5169102 0.5193230 0.5187900 0.6278166 0.0782449 0.2054414 0.6181757 0.4364801 0.6260678 0.4136401 0.5664003 0.2488945 0.4945537 0.5241469 0.3007715 0.4757887 0.3057584 0.3970413 0.2795874 0.4607162 0.4723751 0.5218346 0.5858485 0.4548157 0.1356973 0.5478211 0.5899764 0.4340372 0.5735514 0.0469819 0.1138039 0.2638230 -0.1435155 0.0489227 -0.3312727 -0.5313331 -0.4311690 -0.4353154 -0.4395831 -0.4018864 0.1502996 -0.5374948 0.0015076 0.6557809 0.6363562 0.3382733 0.3620125 0.2437560 0.3259158 0.2844850 0.2084136 0.1796798 0.1881649 0.4309616 0.2113423 0.4027657 0.0006272 0.1802361 0.1674729 0.1953464 0.1166784 0.3850227 0.3165424 0.4406923 0.1045680 0.1501573 0.4076405 0.3628260 0.1599164 0.6102559 -0.0757518 -0.2571594 -0.1527893
-0.0558925 0.1601014 0.7516321 0.6490139 0.0000000 0.6275764 0.3107439 0.5894231 0.5402855 0.6907070 0.6176079 0.1217765 0.3627885 0.5202609 0.1588050 0.0906019 0.5700376 0.0544123 -0.4009188 0.1081345 -0.2311562 0.0340920 0.1530509 0.2581072 -0.2871235 -0.2009504 0.4380523 0.3521722 -0.2399509 0.6554381 0.1224739 0.2260769 0.2015307 0.4341235 0.1194675 -0.4147208 0.0663200 -0.1623781 0.6003579 0.3716520 0.1053341 -0.2496883 0.3220450 0.5338158 0.4725587 -0.4612997 -0.3500999 0.1275259 0.4612787 -0.4773779 -0.1406231 0.1902586 0.6205065 0.0224123 -0.1834478 -0.5231044 -0.2043478 0.0774559 -0.1318756 0.0600631 0.2585290 -0.3101225 0.3926044 0.3522526 0.7560167 -0.3262930 -0.2862771 -0.1706521 -0.4638296 -0.0132912 -0.4246918 0.6038109 -0.5507941 0.6868579 -0.4578457 -0.2106758 0.3571210 -0.3151804 -0.2202317 0.2309290 0.0286685 -0.2858432 -0.3614656 -0.5362120 -0.5688239 -0.2745768 -0.1875884 -0.4427988 -0.4157001 -0.6005642 0.0450780 0.2265286 0.3659096 -0.3819891 -0.1514945 0.0903185 0.5446668 0.2690950 -0.1939243 -0.7050701 0.0382163 0.1184501 -0.4795359 -0.5615396 0.4293657 -0.1301248 -0.3902712 -0.5219301 0.4890286 -0.5255502 0.1369964 -0.0846646 -0.2399193 -0.4372274 -0.4214210 -0.4139678 -0.4159503 -0.4392641 -0.4715526 -0.2777891 -0.2461065 -0.3732158 0.3783176 -0.1524174 -0.1964082 0.0330680 0.2615071 0.4050698 0.1002616 0.4591882 0.3213298 0.5664203 0.3847118 0.3261442 0.4047741 0.3691434 0.2886692 0.2277101 0.3000832 0.2329018 0.5019340 0.2519273 0.3367392 0.3435319 0.3855682 0.3465079 0.3702293 0.4675269 0.3821207 0.1221499 0.0760093 0.3842186 0.2589289 0.3340833 0.5065227 0.2145440 0.0617665 0.4019897 0.1899880 0.1364239 0.5076740 0.2502171 0.1187912 0.1189478 0.4106549 0.2659449 0.2574459 0.2566894 0.1999321 0.1098793 0.2735337 0.2763818 0.1678693 0.3799282 0.1649317 0.3059807 0.2983675 -0.0743553 0.1516323 -0.3929745 -0.5944642 -0.3973400 -0.3066619 -0.4780912 -0.2026923 0.3083560 -0.4499137 0.0089988 0.6476836 0.5548344 -0.1295676 0.1756913 0.4113923 0.0982529 0.0188219 -0.0059220 -0.0924302 0.3087217 0.3011529 -0.1480516 0.5823099 0.2864740 0.3147410 0.3583535 0.0814927 -0.1880680 0.0666815 0.3681765 0.6830507 0.4582312 0.2126026 0.3238863 0.2654803 -0.1136315 0.5163060 0.0199119 -0.3052419 -0.0715094
0.0806731 0.3799832 0.8564324 0.9352610 0.6275764 0.0000000 0.5094261 0.7683788 0.9475390 0.9264338 0.8430225 0.3643707 0.4156861 0.8422392 0.6558985 0.3868502 0.8548714 0.5173449 -0.1521808 0.1166364 -0.1036976 0.1693628 0.4650413 0.6934305 -0.0239327 0.0530026 0.8182290 0.5989807 0.0786359 0.8485177 0.1596280 0.5440889 0.7013727 0.8319617 0.5281881 -0.3787430 0.3415653 -0.1467252 0.8784946 0.7635549 -0.0438043 -0.2442619 0.7023538 0.9132893 0.5426402 -0.1571106 -0.1232979 -0.0946509 0.8486220 -0.3992522 0.2372380 0.5439729 0.8357709 0.4338364 -0.3412568 -0.3663592 -0.0697040 0.4430666 -0.4410887 0.4619390 0.1638273 -0.0343598 0.0046459 0.6833935 0.7640380 -0.3530515 -0.1142894 0.0990355 -0.5309640 0.2817170 -0.2757035 0.7213050 -0.4358677 0.7041931 -0.3939426 0.0732386 0.6244137 -0.2004307 0.0668330 0.4521482 0.1045014 0.0281901 -0.1763759 -0.5258252 -0.4995919 -0.1703493 -0.1565767 -0.5437383 -0.4280411 -0.5299741 0.0011157 0.2577625 0.2887346 -0.4605759 -0.0540602 0.1913978 0.5075625 0.3727422 -0.1524542 -0.7527147 -0.0470937 0.2547438 -0.3159206 -0.6136966 0.2279671 -0.0487407 -0.1446918 -0.2129264 0.5102682 -0.2113493 0.2751575 0.2950527 0.2553039 0.0686264 -0.0303884 -0.0791985 -0.1433322 -0.2672961 -0.2337893 0.1052035 -0.0173863 -0.1880329 0.5309035 0.1049756 0.1339679 0.1914171 0.3036794 0.5718174 0.3539476 0.7226291 0.6040544 0.6269581 0.5450743 0.7563390 0.5205874 0.5702994 0.6371529 0.5414947 0.6097584 0.3072071 0.5932673 0.3249512 0.4572451 0.5248846 0.6362394 0.4748752 0.6452256 0.6515909 0.6258581 0.1136091 0.2289354 0.6952434 0.5120755 0.6023545 0.5292840 0.5088671 0.2860969 0.5990218 0.5111480 0.3874775 0.5679084 0.3802107 0.4030136 0.3716978 0.5651599 0.5269669 0.5319392 0.5714507 0.5014375 0.2203595 0.5825621 0.6268011 0.2862785 0.6261177 0.1616014 0.0965264 0.1735108 -0.1348778 0.0557035 -0.3364496 -0.5492375 -0.4739858 -0.4921123 -0.4943806 -0.3111794 0.0688972 -0.4547250 0.0705076 0.7096171 0.6170792 0.3153447 0.2398492 0.2331477 0.2990391 0.2665897 0.1536323 0.1014388 0.1959704 0.3464259 0.1430300 0.3148446 0.0693089 0.2250399 0.2162746 0.3249848 0.2601870 0.3658558 0.3476084 0.3752300 0.1746122 0.1614620 0.3599192 0.4856424 0.1503127 0.5860697 -0.1148011 -0.1180281 0.0423965
0.3168676 0.5725884 0.5431496 0.3799020 0.3107439 0.5094261 0.0000000 0.1770820 0.5841967 0.3058205 0.2026583 0.8534939 -0.0907057 0.3374795 0.4414357 -0.1929708 0.3054232 0.1789466 -0.3910308 -0.0939914 0.3479536 -0.0773200 -0.1243527 0.3874136 -0.2168562 -0.3249925 0.4872498 0.2491845 0.0094622 0.3920955 -0.0961591 0.0523978 0.3657564 0.4227574 -0.0390996 -0.1078074 -0.0265524 -0.4350886 0.2795899 0.1120292 -0.3397331 -0.1151296 0.0596396 0.3797685 0.2986866 -0.4329371 -0.5520114 -0.2230043 0.3931539 -0.7059864 -0.3162593 -0.0892861 0.4227765 -0.0010306 -0.4650515 -0.6117590 -0.3586125 0.0885997 -0.2296809 -0.0692505 0.4738172 -0.2740168 -0.2280938 0.1841897 0.4238887 -0.4590922 -0.3904102 -0.1012785 -0.6271497 0.0095017 -0.5321895 0.1522131 -0.3846643 0.1833347 -0.5578896 -0.0674309 0.2339016 -0.4134591 0.0095066 0.5120704 -0.0907106 0.3362021 0.0939072 -0.1722764 -0.2897942 -0.0928962 -0.4585752 -0.0530211 -0.2357312 -0.2476147 -0.3405103 -0.3469300 -0.0467307 0.0102533 -0.1079612 0.0120022 -0.0067929 0.0648996 -0.1813513 -0.4054649 -0.0811868 -0.0191853 -0.1107816 -0.1352527 -0.1413773 0.0077202 0.0344434 -0.1356419 0.3828678 -0.1217109 -0.0004993 0.5222342 0.1770533 -0.2243144 -0.2864843 -0.0725646 -0.3965350 -0.4557287 -0.2866503 -0.0187359 -0.2298401 -0.3159193 0.3801418 0.0658600 -0.0231321 0.4957327 0.0006872 0.1056563 0.5042320 0.4205443 0.3573023 0.3395804 0.2245592 0.5482846 0.3554403 0.4200575 0.4110529 0.7038979 0.4953803 0.6417539 0.3421387 0.6483931 -0.0656279 0.8099711 0.5885012 0.2718608 0.5880876 0.4777548 0.0233904 0.4247046 0.4662380 0.6944535 0.6512032 0.1100544 0.2964788 0.1238038 -0.2097668 0.4844985 -0.1868504 0.2560799 0.1297779 0.4523485 0.1272907 0.1167050 0.2177008 0.2247897 0.0449252 -0.0688652 0.0252604 0.1015025 0.0235018 0.0571743 0.0437264 0.7489931 0.8294961 0.7579849 0.6633725 0.6116115 0.6891564 -0.0541746 0.0514411 -0.3143769 -0.3196868 -0.3930088 0.0694947 0.4371709 0.1718722 0.3563883 0.6982000 0.6108066 0.5819780 0.5047283 0.6579370 0.7533466 0.6385503 0.5466552 0.4786558 0.6799858 0.2053046 0.4463439 0.0610075 0.3499986 0.2696286 0.4068719 0.2598044 0.1600996 0.6436370 0.1265430 0.0620076 0.2542770 0.3340116 0.6625812 0.7284512 0.5339944 0.4778536 -0.2478277 0.1272936 0.3395227
0.0912727 0.3796259 0.7861032 0.8113714 0.5894231 0.7683788 0.1770820 0.0000000 0.5969749 0.7975682 0.9135222 0.1590184 0.8417375 0.5514746 0.2663099 0.6928979 0.8018953 0.2280057 0.2669121 0.4745303 0.0669121 0.6031789 0.6288414 0.2990897 0.2836296 0.3720756 0.6391390 0.2834714 0.2598964 0.6505320 0.4612910 0.5898286 0.3840786 0.6636314 0.6181086 0.0083062 0.5410703 0.3438043 0.8124702 0.7489904 0.3301799 0.1535763 0.7207491 0.6769862 0.6215419 0.1140191 0.2607543 0.2435511 0.7008237 -0.0364778 0.4634025 0.7006721 0.6565058 0.4863949 0.0850452 -0.0131558 0.2449108 0.5031916 -0.2415064 0.5633879 0.1187865 0.0899902 0.1785761 0.7356906 0.5757754 0.0308366 0.0606185 0.1732941 0.0056069 0.4120669 0.0968508 0.8187573 -0.1318864 0.8108423 0.0877775 0.3081644 0.8163081 0.2384260 0.3176392 0.3944947 0.4834917 0.0783529 0.0804955 -0.1199731 -0.0587246 0.2164659 0.2856625 -0.1491195 -0.0291027 -0.1467880 0.4063806 0.6187942 0.4726190 -0.0732714 0.3688403 0.5037670 0.6208785 0.5463172 0.3062723 -0.3298882 0.3909304 0.5515319 0.0022876 -0.2127081 0.5054113 0.4184151 0.1301024 0.1035563 0.4576638 0.0788435 0.5574454 0.1933586 0.4104406 0.3201549 0.2955479 0.2341353 0.2192291 0.1221486 0.1402577 0.2729772 0.2855663 0.2049521 0.5186914 0.3508213 0.2391169 -0.0871487 0.5881824 0.5846576 0.1048037 0.7709420 0.5768253 0.5844962 0.6757505 0.5955529 0.4111600 0.5054709 0.5756791 0.1859098 0.4548782 0.1177189 0.5167238 0.0749609 0.5135320 0.1994534 0.4183534 0.5542409 0.3955010 0.5489590 0.6616435 0.0756625 0.1638996 0.4965285 0.2138864 0.5808305 0.5148634 0.6697779 0.4642114 0.4460541 0.6393770 0.3025641 0.6021770 0.2327484 0.5204531 0.3012708 0.4661133 0.6004784 0.5847301 0.5977832 0.5120083 0.1025770 0.5561388 0.5707746 0.4249735 0.3035289 -0.0364182 -0.1035826 0.0078509 -0.3279733 0.0583617 0.0026201 -0.4061396 -0.0627208 -0.0962645 -0.0900519 -0.3117095 -0.0908466 -0.6069299 -0.2963971 0.3971012 0.3406361 0.1064313 0.1060006 -0.0228439 -0.0486521 -0.1245381 -0.1827012 -0.1561969 -0.1210132 0.4459693 -0.0387859 0.2962355 0.2556308 0.5716393 0.1775831 0.3201875 0.4629396 0.1266057 0.5559629 0.3810868 0.3812518 0.4554191 0.0917715 0.3567341 -0.0307342 0.5271025 0.2438951 -0.3078017 -0.1597020
0.0145457 0.3590344 0.7496899 0.8189563 0.5402855 0.9475390 0.5841967 0.5969749 0.0000000 0.8240230 0.7007755 0.3807430 0.2671257 0.8509264 0.8013804 0.2729436 0.7800053 0.6119316 -0.2215694 -0.0058724 -0.1423743 0.0192638 0.3725278 0.7926121 -0.0995329 -0.0118559 0.7747109 0.6840628 0.0627752 0.8171113 0.0330471 0.4536163 0.7382555 0.7559709 0.4421962 -0.3798894 0.2711050 -0.2281350 0.8005437 0.6739004 -0.1667571 -0.2946057 0.6063068 0.8628875 0.4061602 -0.1527075 -0.1564857 -0.1151297 0.7631379 -0.4330470 0.1991269 0.4676449 0.7583156 0.3923941 -0.3729078 -0.3848887 -0.0486882 0.3906535 -0.4453343 0.4124710 0.0955133 0.0034641 -0.1501053 0.5858732 0.7037500 -0.2995939 -0.0678303 0.1403637 -0.5872783 0.2405459 -0.2501389 0.6090259 -0.3541643 0.5757301 -0.4202152 0.0578390 0.5068954 -0.2266410 0.0572654 0.3717514 0.0315958 0.0320382 -0.2035588 -0.5387217 -0.5627364 -0.1576627 -0.1999410 -0.5766207 -0.3960374 -0.5211798 -0.0623337 0.1208866 0.2577659 -0.4949296 -0.1209031 0.1760131 0.4507520 0.3599220 -0.2055444 -0.7446156 -0.1567910 0.2270084 -0.2989854 -0.6298565 0.1694763 -0.1201940 -0.1032243 -0.2560993 0.5757618 -0.1807202 0.2696369 0.4060752 0.2559671 0.0598187 -0.0580181 -0.0768326 -0.1703061 -0.2837120 -0.2390627 0.1233896 0.0013198 -0.1919370 0.4724809 0.1392565 0.1618752 0.2542386 0.3042853 0.5346756 0.4349283 0.6682709 0.6077617 0.6252214 0.5274044 0.7688003 0.5794069 0.5881424 0.6403279 0.6566031 0.6575205 0.3586140 0.6051473 0.4288325 0.4847414 0.6064767 0.7294137 0.4618099 0.7475222 0.6681324 0.5873248 0.2692486 0.3459624 0.7618059 0.6571619 0.5699245 0.5635711 0.4208250 0.2982377 0.6977580 0.4329882 0.5087530 0.5512616 0.5353662 0.4090603 0.4926101 0.6254180 0.5497614 0.5333550 0.5395339 0.5222975 0.3600109 0.5844193 0.6254391 0.1263903 0.6289879 0.2562771 0.1274958 0.1118599 -0.0864549 0.0604334 -0.3090668 -0.4623927 -0.4749754 -0.4981645 -0.4958148 -0.2862187 0.0666588 -0.3204815 0.1833620 0.7414441 0.5989533 0.3569483 0.1871979 0.2212672 0.3147842 0.3418246 0.1868693 0.0921598 0.2048871 0.2572440 0.1538088 0.1185521 -0.0502730 0.0964759 0.1229955 0.3183375 0.2538667 0.4017206 0.1759132 0.1965929 0.0756258 0.0570789 0.3755078 0.4865721 0.1392992 0.5624330 -0.1984237 -0.0147616 0.1546545
0.0666476 0.1274207 0.8467051 0.9157813 0.6907070 0.9264338 0.3058205 0.7975682 0.8240230 0.0000000 0.9141729 0.2159378 0.4592058 0.8528026 0.4273351 0.4753614 0.9119220 0.4115809 -0.0934891 0.1238663 -0.1395608 0.1976648 0.5897086 0.6218299 0.0845323 0.1619733 0.7908632 0.5630765 0.0313843 0.8647522 0.1235416 0.6322898 0.6921296 0.8752118 0.5654016 -0.3842016 0.3495770 -0.1055891 0.9100718 0.8225048 0.0181263 -0.1293840 0.7753411 0.9434588 0.6999887 -0.1274807 -0.0602777 -0.0293020 0.9138118 -0.3301918 0.2626832 0.6284625 0.9097567 0.4997826 -0.3918771 -0.3218929 -0.0472517 0.5270171 -0.4559656 0.4382554 0.2786964 0.0142940 0.0914335 0.7656104 0.8521187 -0.3434046 -0.0872159 0.0995090 -0.4728152 0.3773916 -0.2545033 0.7945801 -0.4854718 0.8424525 -0.3362602 0.1113695 0.6658730 -0.1637949 0.0756392 0.4609053 0.1490717 -0.0551504 -0.1911732 -0.5765948 -0.4655480 -0.2452531 -0.1131975 -0.5494422 -0.4725375 -0.5230312 0.0474370 0.3276710 0.2290806 -0.4951420 -0.1276073 0.1316057 0.4699169 0.2609005 -0.2209600 -0.7532688 -0.0357100 0.2200035 -0.4250704 -0.6400946 0.2483043 -0.1423506 -0.3165654 -0.2692975 0.4044655 -0.3185071 0.1772942 0.0595285 0.0914540 0.0266153 -0.0555884 -0.1707244 -0.1869232 -0.2930452 -0.3253022 -0.0562872 -0.1399802 -0.2527154 0.4669998 -0.0857042 -0.0311607 0.1709227 0.2385740 0.5746299 0.2239996 0.5767432 0.4364388 0.5836613 0.4144192 0.5633562 0.4198196 0.4952847 0.4636532 0.3995018 0.3992032 0.2583412 0.5195641 0.2794933 0.5003732 0.4091222 0.4572307 0.4292427 0.4408265 0.4707873 0.6574191 -0.0267768 0.1032628 0.5963863 0.3222467 0.6145051 0.4082191 0.5286231 0.2749176 0.5173820 0.5627978 0.3412525 0.5530319 0.2292935 0.3302760 0.3016156 0.4869883 0.4587659 0.4921487 0.6071875 0.4490598 0.1188084 0.5693125 0.6032288 0.2249157 0.4460718 -0.1053152 0.0241673 0.1842370 -0.2602033 -0.0241957 -0.4503401 -0.7003605 -0.4542092 -0.4891371 -0.4618609 -0.3463625 0.1495762 -0.5864830 0.1027463 0.6676948 0.5945529 0.1243227 0.2508411 0.2130713 0.1581598 0.1752657 0.0869700 0.0710263 0.1597219 0.4304557 0.1065712 0.4134967 0.0186010 0.2131496 0.1567980 0.1162880 0.1667157 0.2995796 0.3985550 0.4761770 0.1877211 0.1263337 0.2595288 0.3451038 0.0586084 0.5333582 -0.0261728 -0.1588330 -0.0284341
-0.0261705 0.1940699 0.7748373 0.8353670 0.6176079 0.8430225 0.2026583 0.9135222 0.7007755 0.9141729 0.0000000 0.2124419 0.7054208 0.6596470 0.3518833 0.7307038 0.9293508 0.2505710 0.2191141 0.3800123 0.0615680 0.4779720 0.7605418 0.3967605 0.2937009 0.4249122 0.7147834 0.3425746 0.2849903 0.7175392 0.4396439 0.7012969 0.5024269 0.7822339 0.7570159 -0.1121236 0.5873001 0.1181844 0.9053632 0.8531947 0.1998258 0.1341771 0.8798911 0.8192887 0.7042998 0.1205771 0.2488269 0.0252307 0.8205283 -0.0980384 0.5297797 0.7879045 0.7657017 0.6009752 -0.1533137 -0.0823109 0.2533483 0.6146565 -0.2630583 0.6664871 0.2709649 0.2378563 0.1249606 0.8218068 0.6840196 -0.0555543 0.1895673 0.2743585 -0.1882009 0.5324137 0.0498024 0.8063734 -0.1962594 0.8346440 -0.0309664 0.3164370 0.8031230 0.1515844 0.2872646 0.3824460 0.3785465 0.0289968 -0.0601059 -0.3244809 -0.2059680 0.0215615 0.1327316 -0.3279403 -0.2231601 -0.2498141 0.2691954 0.5478564 0.3901737 -0.2855800 0.2148107 0.4044344 0.5888189 0.4660084 0.1283891 -0.5469250 0.2394440 0.4338793 -0.1590305 -0.4321974 0.3989749 0.1896417 -0.0540989 -0.0046017 0.4065521 -0.0038341 0.4315357 0.1516942 0.2983500 0.2827839 0.2282496 0.0762183 0.0957012 0.0038093 -0.0576888 0.1036972 0.1189836 0.0703178 0.4547972 0.1532945 0.0619207 -0.0626296 0.4504366 0.6023654 0.0365724 0.5897714 0.4424420 0.5751787 0.4936472 0.4978974 0.3771607 0.4763096 0.4311907 0.2266066 0.3753825 0.1531184 0.4718500 0.1365699 0.6123118 0.2126211 0.3295262 0.4238625 0.3608795 0.4547695 0.7381629 0.0058102 0.1247836 0.5271063 0.2138461 0.6190950 0.4928316 0.6192106 0.4507001 0.4513905 0.6715561 0.3863874 0.6680069 0.2358991 0.4565315 0.3660955 0.5499758 0.5525913 0.5273833 0.6532786 0.5050845 0.1553421 0.6254988 0.6439518 0.1709041 0.2884752 -0.1101064 -0.0975476 0.0560998 -0.3521720 0.0536251 -0.1570344 -0.5253190 -0.1778714 -0.2225928 -0.2330433 -0.2188648 -0.0020331 -0.5606393 -0.1829047 0.4868577 0.3654766 0.0684004 0.1410715 0.0458094 -0.0210266 -0.0476763 -0.1249433 -0.1123912 -0.0317188 0.4655146 -0.0351450 0.3919126 0.1849070 0.4933438 0.2136063 0.3163109 0.3531046 0.1453785 0.5840926 0.5210970 0.3704270 0.3969738 0.0918200 0.3812040 -0.0418638 0.5011154 0.1841274 -0.1798596 -0.0414791
0.5597496 0.4678434 0.4251323 0.3199578 0.1217765 0.3643707 0.8534939 0.1590184 0.3807430 0.2159378 0.2124419 0.0000000 -0.0493167 0.2014643 0.3311551 -0.0281077 0.2494053 0.1734358 -0.1618876 0.1082717 0.6978810 0.1615329 0.0358400 0.2887758 0.0929158 -0.0761772 0.5020869 0.1495829 0.3402744 0.3281985 0.0988919 0.2341389 0.3163787 0.4928413 0.1200806 0.1944954 0.1638458 -0.2991203 0.2761539 0.2421290 -0.2356113 0.2598561 0.1985047 0.3092918 0.4775698 -0.2790520 -0.3444345 -0.2450424 0.3695236 -0.6477017 -0.1500038 0.0615558 0.3967994 0.2172170 -0.4403546 -0.4897099 -0.2459347 0.2475530 -0.0735228 0.0319208 0.6244820 0.0315037 -0.2322615 0.2324020 0.2947960 -0.4193006 -0.1672150 0.1711027 -0.5035794 0.2436121 -0.3872379 0.1232161 -0.2130388 0.1249947 -0.4195829 0.1694550 0.3293797 -0.2719430 0.1946977 0.5827889 0.1020608 0.3878124 0.2099703 0.0061854 0.0076855 -0.0873799 -0.4547010 0.1315454 -0.1528953 -0.0297296 -0.4087433 -0.3331162 -0.1753850 0.1437805 -0.0344670 -0.0444626 -0.1262187 -0.0627085 -0.0699539 -0.2906712 0.0127594 -0.0667599 -0.0365704 0.0229193 -0.2719712 0.0951177 0.0967966 0.0701822 0.2538730 0.0505097 -0.0278619 0.5728059 0.2778469 0.0083903 -0.0714353 0.1270737 -0.1764313 -0.2564354 -0.0909212 0.1015295 -0.1198062 -0.0834875 0.5079459 0.1072253 -0.0067391 0.5611763 -0.0299703 0.2487240 0.4110447 0.2216797 0.1843731 0.3911214 0.0714420 0.3862061 0.4057342 0.5045388 0.2341842 0.6250737 0.2583468 0.7404333 0.3822771 0.6925175 0.0199793 0.7192692 0.3525269 0.3096645 0.3796112 0.2324258 0.1728891 0.4150538 0.5636254 0.6596384 0.5514782 0.2249567 0.1592051 0.3148309 -0.0477047 0.3802488 0.0012122 0.3685782 0.1153759 0.4184652 0.2100364 0.2001855 0.1986330 0.2779406 0.0841546 0.0692349 0.1210759 0.1549653 0.1106551 0.1369714 0.0553155 0.6032025 0.7384582 0.7221958 0.7364313 0.5176388 0.7565912 0.1605123 0.1738718 -0.0276662 -0.1348074 -0.0967760 0.1036395 0.3862865 0.1902715 0.1806366 0.5481233 0.4991859 0.7066984 0.6030814 0.5890467 0.7579538 0.6767207 0.5835815 0.6048041 0.6580895 0.4492820 0.6087320 0.1655677 0.3031090 0.2674881 0.3732817 0.1689668 0.1554827 0.7196123 0.3333499 0.1434659 0.2419030 0.3958657 0.6217703 0.6240476 0.6664983 0.5511313 -0.1511036 0.3196743 0.4363684
-0.0030310 0.2749019 0.4208044 0.4235327 0.3627885 0.4156861 -0.0907057 0.8417375 0.2671257 0.4592058 0.7054208 -0.0493167 0.0000000 0.1856164 0.1087765 0.7769207 0.6214383 -0.0514560 0.5581480 0.6691564 0.2298390 0.7912292 0.6073637 -0.0389922 0.4666769 0.5430505 0.3448383 0.0159997 0.5091706 0.3192846 0.6488964 0.4167063 0.0198618 0.2870202 0.5256812 0.4045316 0.4953144 0.6067277 0.5304064 0.5302058 0.5034993 0.4372823 0.5161305 0.3163236 0.4116294 0.2892466 0.5378998 0.4123212 0.3591792 0.3247742 0.5829301 0.6254974 0.2661687 0.4148993 0.4143969 0.2617872 0.4946253 0.4149254 -0.0056419 0.5256058 -0.0773450 0.2555543 0.1157089 0.5530814 0.1770598 0.4343346 0.3576152 0.3140455 0.3941286 0.4375711 0.5133932 0.6993877 0.3245851 0.6428610 0.4707165 0.4819797 0.7220579 0.5987231 0.4952607 0.1066736 0.6702402 0.1104021 0.1015597 0.1278209 0.1574797 0.4119622 0.5694728 0.0372097 0.2362460 0.1256010 0.6058914 0.7507934 0.4965662 0.0862313 0.5943159 0.6771819 0.5541170 0.6138744 0.5788256 0.0447987 0.4866655 0.6272606 0.2177679 0.0295842 0.5525631 0.6521629 0.3170268 0.2443080 0.3423709 0.2973550 0.6684390 0.1283720 0.4318348 0.4706226 0.4305892 0.3722321 0.3876068 0.3461411 0.3424592 0.2676708 0.4631405 0.4742297 0.2880543 0.4893011 0.1800877 -0.3641051 0.7014243 0.4454671 -0.1745122 0.5756968 0.4110573 0.4416407 0.6020997 0.3478102 0.3163212 0.3547729 0.3796876 -0.1053278 0.2645595 -0.1072442 0.3719227 -0.1448892 0.5506551 -0.0701871 0.2078554 0.4366655 0.1882902 0.4035757 0.5551961 0.0864494 0.1491435 0.2893593 0.0133795 0.4061692 0.4610820 0.6215873 0.5947226 0.3080268 0.6082524 0.3091484 0.5923114 0.1456305 0.5338035 0.3357160 0.3889346 0.6135621 0.5223012 0.4995682 0.4658404 0.0952616 0.4549786 0.4366040 0.2766122 0.0075573 -0.0915888 -0.3601179 -0.3251301 -0.5224084 0.0204549 0.3477270 -0.2395942 0.3722296 0.2907279 0.3340180 -0.1569842 -0.3793421 -0.4871456 -0.5037056 0.0415301 -0.0666635 -0.1419161 -0.2431522 -0.3914579 -0.3823932 -0.4301924 -0.4847331 -0.4696879 -0.4723267 0.3089125 -0.2812002 0.1466269 0.2826597 0.5972234 0.1203623 0.3483045 0.6239979 -0.1849076 0.5661639 0.2273881 0.4012054 0.4587465 -0.2429911 0.2039334 -0.3046174 0.2659427 0.4686852 -0.1201459 -0.0121943
0.1559616 -0.0170576 0.6950941 0.7903874 0.5202609 0.8422392 0.3374795 0.5514746 0.8509264 0.8528026 0.6596470 0.2014643 0.1856164 0.0000000 0.6118074 0.3072972 0.7472514 0.7487845 -0.1471953 -0.0659733 -0.2663167 0.0297853 0.4488661 0.8489248 0.0860894 0.0842355 0.8377338 0.8697185 -0.0478027 0.9218380 -0.1338519 0.5270432 0.8647356 0.7999854 0.4080270 -0.4287338 0.1454858 -0.1790920 0.8062474 0.6962456 -0.1031077 -0.2356169 0.6008369 0.9157417 0.4827644 -0.2365040 -0.2017302 -0.0255986 0.7851133 -0.4324557 0.0994004 0.4447442 0.7933678 0.3997974 -0.4922601 -0.4737665 -0.2086881 0.4715545 -0.4518298 0.2232006 0.1584234 -0.0621093 0.0701147 0.6682522 0.7254696 -0.3603189 -0.2347357 0.0641607 -0.5654457 0.3071317 -0.3086387 0.6134892 -0.4621722 0.6076717 -0.4165626 0.1172026 0.4923040 -0.2066130 0.0937824 0.4515642 0.0787299 -0.1162793 -0.2123978 -0.6108087 -0.5497363 -0.3269851 -0.2605051 -0.5767795 -0.5044645 -0.5574897 -0.0775512 0.2198728 0.1299193 -0.5082048 -0.2501969 0.0433876 0.4066380 0.1410354 -0.3354874 -0.7256860 -0.1560886 0.1212110 -0.4315002 -0.6023876 0.1817023 -0.2801604 -0.3200420 -0.3006545 0.4211356 -0.3573199 0.1093474 0.1305984 0.0707471 -0.0216851 -0.0972104 -0.1694388 -0.1904385 -0.2865475 -0.3063691 0.0843384 -0.0965422 -0.2899069 0.5690359 -0.0868918 0.1414501 0.3438042 0.2262745 0.6653222 0.4014833 0.5357346 0.5239695 0.6357799 0.4922929 0.6126411 0.5743462 0.6478628 0.5894719 0.5365931 0.5165531 0.2949370 0.6503105 0.4087146 0.4678455 0.5784831 0.6571988 0.5898397 0.6407902 0.5851740 0.6623656 0.1203168 0.2401937 0.7237647 0.5379615 0.6951511 0.4544649 0.5529907 0.3048802 0.7408011 0.5550761 0.4665072 0.5256981 0.4024285 0.3910984 0.4544729 0.5850142 0.5154164 0.6049379 0.6673196 0.5914925 0.3627327 0.6499934 0.6921837 0.1645029 0.5541425 -0.0592430 0.0658074 0.1344518 -0.2106137 -0.1618880 -0.4716189 -0.6371699 -0.4886291 -0.5407482 -0.4546385 -0.3386819 0.1723466 -0.3145230 0.4251100 0.6588595 0.5971380 0.2791256 0.2375496 0.1740547 0.1435878 0.2759517 0.0894053 0.1740058 0.1901611 0.3893128 0.2078667 0.2319965 -0.2417837 -0.0769756 -0.0318108 0.0061494 0.1369702 0.4116933 0.1480744 0.1950060 -0.0635839 -0.2045020 0.2003304 0.2494905 0.2104792 0.5118038 -0.2259093 0.0074569 0.1058851
-0.0068718 0.2894928 0.2884262 0.4637987 0.1588050 0.6558985 0.4414357 0.2663099 0.8013804 0.4273351 0.3518833 0.3311551 0.1087765 0.6118074 0.0000000 0.1445251 0.4517415 0.6785057 -0.0762532 0.0620557 -0.0317938 0.0569129 0.1669216 0.6752866 -0.0487156 -0.0206715 0.5898177 0.6295611 0.3534051 0.5839750 0.1652835 0.2734771 0.5275572 0.4286223 0.2953195 -0.1376131 0.2127380 -0.1322274 0.5154925 0.4529884 -0.1015123 -0.2280126 0.3781504 0.5447230 0.0190769 -0.0290303 0.0124396 -0.1041494 0.3564206 -0.2762973 0.2337311 0.2663283 0.3411304 0.2599014 -0.1409580 -0.2340932 0.1044513 0.1747136 -0.2019377 0.3517450 -0.2303464 0.1502630 -0.2241520 0.2308637 0.2397420 -0.0116647 0.1544074 0.2740177 -0.4048371 0.0953723 0.0192858 0.2684524 0.0293698 0.1085307 -0.2759313 0.0819746 0.1882293 -0.1053802 0.0534457 0.0098005 -0.0204470 -0.1238075 -0.3073049 -0.3632076 -0.4288836 -0.1236152 -0.1699624 -0.4697509 -0.2497767 -0.3268149 -0.0840728 0.0670573 0.2207941 -0.4676021 0.0119130 0.1905418 0.3421751 0.2929745 -0.0459708 -0.5280409 -0.2241685 0.0887010 -0.1708391 -0.5198966 0.0348163 -0.0371305 0.0502830 -0.1758108 0.4160093 0.0254758 0.2748037 0.4787944 0.2603163 0.1770284 0.0569790 -0.0080060 0.0229056 -0.0589027 -0.0397895 0.2757095 0.2216474 0.0163790 0.3322218 0.2381794 0.2933192 0.1568370 0.2506302 0.4363308 0.3441395 0.3955401 0.4749951 0.4782793 0.4071035 0.5474828 0.5949133 0.4817441 0.4848666 0.5181394 0.5803640 0.1431836 0.5483502 0.2511508 0.4542075 0.4289631 0.6348778 0.3930706 0.6995649 0.5778861 0.4910801 0.2726004 0.3603108 0.6044442 0.6103810 0.4942529 0.5259048 0.3151733 0.4338800 0.5766142 0.4130241 0.5501907 0.4696563 0.5334698 0.4810562 0.6233973 0.6188859 0.5807183 0.5409082 0.4749748 0.6012803 0.5623429 0.5658533 0.5982998 -0.0153920 0.4522506 0.3675342 -0.0474905 -0.1773424 -0.2230137 -0.0927322 -0.0360915 -0.2552966 -0.1995312 -0.2445626 -0.1557575 -0.0881500 -0.3016856 -0.0766469 0.0733438 0.4583118 0.3143155 0.3292161 -0.1309264 -0.0487256 0.1556842 0.2118163 0.0669091 -0.0747471 0.0080797 0.0133364 0.0710476 -0.0418969 -0.1099267 -0.1310728 -0.0069347 0.2858306 0.2422362 0.2724111 0.1225580 0.0160008 -0.0388781 -0.1562197 0.1792538 0.2135062 0.0797027 0.4397345 -0.2029563 0.3268109 0.4573608
-0.0796246 0.0057621 0.2932638 0.3597738 0.0906019 0.3868502 -0.1929708 0.6928979 0.2729436 0.4753614 0.7307038 -0.0281077 0.7769207 0.3072972 0.1445251 0.0000000 0.6840840 0.1494035 0.7761220 0.5737484 0.2447431 0.7273163 0.9339034 0.1136223 0.7730375 0.8912519 0.4552541 0.1213284 0.5652876 0.3138464 0.5971997 0.6898000 0.2594057 0.4222861 0.8886901 0.3663975 0.7229978 0.5045786 0.6206761 0.6895321 0.3924782 0.5211301 0.7994068 0.4282740 0.4292429 0.5508167 0.7383035 0.1554830 0.4725062 0.4170313 0.8653211 0.8707116 0.2881737 0.7196088 0.2138565 0.3812766 0.6210475 0.7472451 -0.0562717 0.7842253 0.0580302 0.6205636 0.0648869 0.7872496 0.1104322 0.4384342 0.5793428 0.5846992 0.3849509 0.8001126 0.6243238 0.5999480 0.4097414 0.5328273 0.5937928 0.7594152 0.8076699 0.7547896 0.7383258 0.2126945 0.7532594 0.2155426 0.1746311 0.0945987 0.2352974 0.3628377 0.4495042 0.0202500 0.1672577 0.2273846 0.4762937 0.7065834 0.3749267 0.0670216 0.5261386 0.6061652 0.4930601 0.5560297 0.4974385 0.0244785 0.4728070 0.6230908 0.2993969 0.0475333 0.4491998 0.4894951 0.3448060 0.4508042 0.2001991 0.4817920 0.6037986 0.1899132 0.5639925 0.7222749 0.7274615 0.5202443 0.5953142 0.5570839 0.4573295 0.4153057 0.5164361 0.5810452 0.3172740 0.4598548 0.2517246 -0.3375602 0.6661867 0.5469921 -0.2515945 0.3775247 0.3109747 0.4057021 0.4985626 0.2605868 0.2559339 0.3713518 0.2961199 -0.1140912 0.1804667 -0.0723743 0.3020491 -0.0971659 0.6765087 -0.1330175 0.0430283 0.3550452 0.1333840 0.2722565 0.7370989 0.0842703 0.1896171 0.2926096 0.0116766 0.5443011 0.4337972 0.6886824 0.7249765 0.3598907 0.8046570 0.4841047 0.6533918 0.2206013 0.5258648 0.4943048 0.5289479 0.5842848 0.5585346 0.6991435 0.6030462 0.2867865 0.6565110 0.6508921 0.0256386 -0.0849779 -0.3559124 -0.4653173 -0.3343845 -0.4903274 -0.0767875 0.3073661 -0.1075371 0.3352661 0.1554190 0.2507911 -0.1132009 -0.2900927 -0.2868713 -0.3602296 -0.0854922 -0.2171904 0.0119290 -0.1371420 -0.4223058 -0.4330615 -0.3678473 -0.5125327 -0.2971728 -0.4520316 0.4589522 -0.2020135 0.0404073 0.0348710 0.5363713 -0.0215602 0.4207333 0.6905911 -0.1473585 0.4886751 0.1185824 0.2469486 0.3987359 -0.3918435 0.2462806 -0.1165253 0.1914487 0.3509168 -0.0147029 -0.0175331
0.0173792 0.1365531 0.7189005 0.7662868 0.5700376 0.8548714 0.3054232 0.8018953 0.7800053 0.9119220 0.9293508 0.2494053 0.6214383 0.7472514 0.4517415 0.6840840 0.0000000 0.2840334 0.1811265 0.2704959 0.0695464 0.3641663 0.7618785 0.4836797 0.3392559 0.4082492 0.8159896 0.4455212 0.2764056 0.7623898 0.3075408 0.7188722 0.5757191 0.7868968 0.7084953 -0.1137189 0.4708531 0.0225401 0.8933955 0.7994132 0.1187833 0.1010180 0.8330643 0.8527363 0.6698227 0.0546043 0.1708664 0.0284818 0.8627737 -0.1312685 0.4727580 0.7367125 0.7853064 0.6156055 -0.2473285 -0.1700992 0.1961389 0.6584251 -0.4350491 0.5885741 0.2486578 0.2257396 -0.0016194 0.8590784 0.6938438 -0.0841765 0.1723541 0.3144211 -0.2624248 0.5842403 0.0399495 0.8466141 -0.1996020 0.8349735 -0.0731439 0.3702192 0.7775899 0.1352229 0.3382998 0.3855031 0.3828979 0.0408650 -0.1648008 -0.4971555 -0.3855560 -0.0915496 0.0110544 -0.4801208 -0.3492664 -0.3463499 0.1651392 0.4189500 0.3064187 -0.4300428 0.0812826 0.3402848 0.4984743 0.4225037 0.0115661 -0.5903399 0.1087592 0.3759813 -0.2170632 -0.5275150 0.3280871 0.0754185 -0.1199796 -0.0780371 0.4229852 -0.0907610 0.3610289 0.1784300 0.2603291 0.2318652 0.1544712 0.0061307 -0.0289762 -0.1166024 -0.1564772 -0.0022998 0.0194011 -0.0290465 0.4475307 0.1078985 -0.0587317 -0.0268606 0.4223212 0.5897967 0.0094090 0.5523441 0.3797591 0.5808294 0.4554883 0.5324894 0.4441923 0.5099551 0.4077646 0.2887009 0.3494036 0.2195100 0.5278328 0.2350366 0.6736534 0.3486384 0.3813527 0.4723129 0.4101693 0.4809860 0.7458509 0.0853178 0.2140253 0.6535094 0.2931663 0.6751632 0.5465979 0.6524087 0.4842291 0.6027489 0.6658237 0.5430534 0.7356112 0.3280048 0.4900683 0.5051935 0.6361735 0.6408857 0.6065642 0.6946624 0.5779585 0.2758847 0.6917442 0.7046494 0.1042204 0.3970342 -0.0661260 -0.0961953 0.0437454 -0.2927295 0.0953776 -0.1790734 -0.5459154 -0.1976895 -0.3422538 -0.2574306 -0.2752507 0.0501801 -0.5175588 0.0327284 0.5235803 0.3777359 0.0730207 0.0663658 0.0227776 0.0134838 0.0274595 -0.1031707 -0.0846969 -0.0216990 0.4589977 -0.0398389 0.2653792 0.1189229 0.3758668 0.2099093 0.2465076 0.4447426 0.1711899 0.4831910 0.3657704 0.3392663 0.2806753 0.1127034 0.4841123 0.0191044 0.4730974 0.1629346 0.0582905 0.1758257
