0.0000000 0.3374129 0.2040354 0.5380109 0.0255429 0.5666462 0.4302242 0.3803149 0.3922978 0.2118340 0.1828867 0.2641940 0.2600782 0.2433385 0.4207341 0.0745485 0.3760613 0.2103190 -0.0763149 -0.5335232 0.1174799 -0.1013797 -0.0098880 0.1147773 0.1274470 -0.1684695 0.3016545 0.2285644 0.1158940 0.1609005 -0.3901172 -0.0505983 0.2496285 0.2153538 0.1545158 0.0603048 -0.1514177 -0.1875523 0.1759302 0.2461735 -0.3161567 0.0688608 0.1936317 0.1586284 0.1203829 -0.0865661 -0.0321195 -0.4038509 0.0876674 0.0626606 0.0838676 0.1360114 0.1839297 -0.0750836 -0.3302826 -0.2490529 -0.3514118 -0.0496366 -0.5510535 -0.1197225 0.0472923 -0.1275659 -0.3059186 -0.0339718 0.2359479 -0.4748445 -0.1710701 -0.1892673 -0.1785322 -0.0352777 -0.4169155 -0.0458444 -0.3731977 -0.2528059 -0.3566330 -0.3156294 -0.1687661 -0.0697679 -0.4537585 -0.3425467 -0.2683192 -0.1009222 -0.1570643 -0.3981463 -0.5366653 -0.1169835 0.1788438 -0.5782025 -0.2374599 -0.2647731 -0.1263679 -0.1074379 -0.0004187 -0.3473587 0.0200188 -0.4223318 -0.0814282 -0.0447415 -0.2145256 -0.0941383 -0.1457174 -0.0909576 -0.0041522 -0.0582729 -0.3060104 -0.2503694 -0.1371715 0.0781489 -0.2531970 -0.0668034 -0.2363841 0.2497336 0.0166955 0.0953057 0.0874112 0.0613345 0.0592376 0.0432759 -0.1928587 0.0786531 -0.0063645 0.1136247 -0.1527287 -0.4614633 -0.1340800 -0.1404365 -0.0750688 -0.1293912 -0.1362613 -0.0913943 -0.1615775 0.0289441 -0.0798813 -0.2397881 0.0859998 -0.2518612 -0.0443594 -0.2763716 -0.0255798 -0.5712038 -0.2243381 -0.5558091 0.2830093 -0.1663349 -0.2866920 -0.3489039 0.0315169 0.0123602 -0.3425980 -0.5639201 -0.5660805 -0.1210123 0.0021434 -0.2074743 0.2736029 -0.2479387 -0.1128940 -0.3504985 -0.2018444 -0.2566265 0.1670582 -0.3877382 0.0559570 0.0470936 -0.2628113 -0.3815017 0.2903303 -0.1002944 -0.1728621 -0.3810549 -0.2143178 -0.3838428 0.5704015 0.1213486 -0.0330409 0.0332934 0.0073029 0.1102007 -0.0702830 0.1476012 0.3247210 -0.1915320 -0.3140534 -0.4068510 -0.6630048 0.0267518 -0.3648392 -0.4085741 -0.2985491 -0.2131075 0.2325065 -0.2754202 -0.3211863 0.1409361 0.0009585 -0.0730773 -0.2952220 -0.2410298 -0.2924538 -0.1634520 -0.1054253 0.3015477 0.2594218 0.0123273 -0.1338195 -0.0985582 -0.3681280 -0.3138561 0.1819059 0.3722399 0.2390411 -0.1939917 -0.1545465 -0.2277465 -0.2502620 0.0772979 0.5113305 0.1666987
0.3374129 0.0000000 0.0404712 0.3865823 -0.1041986 0.0993542 0.2645380 0.6523986 0.3343035 0.3927766 0.0698027 0.3179437 0.3507353 0.2763112 0.4495691 -0.0058229 0.1839001 0.1059899 0.2769764 0.0278520 0.2752287 0.4221993 -0.0260509 0.2704598 0.1242101 -0.2184850 0.3560535 0.2041694 0.5255715 0.2252808 0.3656038 -0.1169243 0.1267445 0.3590808 0.0799192 0.0847031 0.0332701 0.3523350 0.1320501 0.0445229 0.1256845 0.3168395 0.1062936 -0.3755899 0.5104371 0.4166851 0.0791456 0.1623505 -0.2355093 0.4749236 0.2154295 0.1123331 0.3735168 -0.2744950 0.0046218 0.2733899 -0.0087925 -0.4280464 -0.1711021 -0.0087771 0.3068527 -0.4554706 -0.2468377 -0.0797950 0.1894318 -0.2011711 -0.4108962 -0.5680068 0.0031779 0.0117800 -0.4216421 0.1793147 -0.4825949 0.1330643 -0.5058342 -0.0777112 0.2123254 -0.5802402 -0.3048576 -0.0261271 -0.4341607 -0.2396701 0.1801173 -0.0473317 0.0467241 0.2457666 0.2276433 -0.0692654 0.0038082 0.0219538 0.1316453 0.3109692 0.2680155 0.0651195 0.2498510 0.0537532 0.2289801 0.2748292 0.2353664 -0.4749874 0.0843789 0.2808272 0.2322552 0.1159539 0.0943764 0.0866556 0.2036247 0.2795497 0.1987665 -0.0044613 0.0063092 0.6792314 0.2894516 0.0316858 0.1310907 0.1260964 -0.0297288 0.1826837 0.3141928 -0.1104168 0.1337846 0.1510273 0.2326207 0.4480881 -0.0723777 -0.3095461 0.1457363 0.1886982 -0.2354223 0.4428121 0.4496649 -0.2325032 0.3352980 0.1634945 -0.2723494 -0.1205729 0.4475025 0.1075829 0.2850408 -0.3001854 0.3947845 -0.1469517 -0.1753857 -0.4716954 0.0910975 0.1528101 0.2487276 0.3357708 0.0899327 -0.0137689 -0.1626928 -0.1246088 0.0022204 0.4863978 0.2029397 0.0665261 0.1871884 0.0690752 0.3107154 -0.2081227 0.4630125 0.0033593 0.3863154 -0.1427038 0.2796439 0.1508068 0.4241212 0.2692083 0.2306545 0.1849801 0.4509441 0.2577201 0.6052903 0.6753707 0.6745246 0.6107579 0.3948375 0.2985375 0.1991821 0.2474514 0.2901922 0.0184083 -0.2040293 -0.1032605 -0.1776981 0.1981049 -0.2219378 0.0822622 0.3012806 0.3279055 -0.0756614 0.2139382 0.2686196 0.0372933 -0.2505496 0.0923919 -0.1190032 0.4336486 -0.1673459 -0.1935629 0.2151207 0.0991597 0.4337808 0.3157193 0.3511386 0.1455888 -0.1800674 0.5185382 0.3473403 0.0861804 0.2381803 -0.2202168 0.0416036 0.3448339 -0.0632535 -0.1603513 0.4002988 0.0156614
0.2040354 0.0404712 0.0000000 0.1842667 0.6555204 0.2504483 0.3384658 0.2388864 0.1865709 0.2571925 0.2317088 0.4564498 0.5062225 0.2385870 0.1597004 0.1732012 0.1118284 0.0546019 0.2472826 0.1053828 0.4766154 0.3399533 -0.1024964 0.0053479 0.3482778 0.2297277 0.1646853 0.0701931 0.0987458 0.2975547 0.0256107 0.4948374 -0.0401464 0.0655112 0.1828553 0.5309028 0.5478368 0.2151382 0.1430850 0.0185108 0.1647080 0.2846262 0.1193405 -0.2273800 -0.1254343 0.1353814 0.4423067 0.2690862 -0.1669587 0.3593536 0.3715071 0.0972257 0.2722116 -0.0253825 0.3398844 0.3292526 0.5012934 -0.1170280 0.2616707 0.4471191 0.1920039 0.1758554 0.2080415 0.1207192 0.3002884 0.2863585 0.4711017 0.0252667 0.1821090 0.2181561 0.3624180 0.2375717 0.3681573 0.1605367 0.0894933 0.2262074 0.2828547 0.0875078 0.0336452 0.0210912 0.0148307 0.0271567 -0.0922316 -0.1493454 -0.1789762 0.2665177 0.2222732 -0.3272675 0.1896054 0.0121904 -0.0710504 0.1271456 0.1600689 -0.0601735 0.2247864 0.1002977 0.3785331 0.2355236 0.1519554 0.2271578 -0.0478661 0.2875484 0.0532051 0.4519983 0.2306312 0.1259671 0.2202618 0.0644997 0.1971340 0.1578755 0.0945942 0.0518971 0.0153927 0.2437647 0.0800432 0.2082719 0.3420731 0.3747079 0.4786609 0.5224910 0.4819145 0.5602434 0.2570499 -0.2324481 0.2240521 0.0836759 0.2789731 0.2043264 0.1506419 -0.2439000 -0.0536019 0.0785152 -0.4321907 -0.1682757 -0.0905147 0.1365442 -0.0892755 0.2557162 0.0633872 -0.0404894 -0.1319025 0.0745980 -0.0861826 -0.2084283 -0.1544446 -0.4645307 0.2191061 -0.0019875 -0.2714159 0.0519158 0.1187704 -0.2172497 0.2239143 -0.1243747 0.1768483 -0.3634634 -0.1234001 -0.0754549 -0.2161488 -0.0484908 0.1428462 -0.0137486 -0.3449717 -0.0794787 0.1062625 -0.3177151 -0.1866003 0.0406970 -0.0254539 -0.1265305 -0.0774370 -0.0101284 0.5016646 0.1437311 0.0995977 0.1955486 0.4142991 0.4838185 0.4395571 0.4895589 0.5184873 0.2786951 0.4320010 0.2926400 0.1737161 0.0387589 0.1711487 0.1165671 0.2839553 0.2801086 0.3693899 0.3445044 0.2425799 0.3106524 0.2550100 0.1236570 0.3970714 0.3540571 0.0621670 0.1714538 -0.1986090 -0.1974024 -0.3872558 0.4328724 0.3004130 0.2623713 0.2835231 -0.0453543 -0.3665848 -0.2751537 -0.5337153 -0.0439822 0.1134662 0.3094332 0.2726116 -0.2627963 -0.1031361 0.4135567
0.5380109 0.3865823 0.1842667 0.0000000 -0.1784809 0.8812210 0.7218472 0.6053044 0.7400653 0.4085965 0.1672267 0.6272017 -0.0618368 0.2126521 0.6844490 0.1075140 0.0210296 0.3652529 0.1156705 -0.6592826 0.2837406 -0.1917640 0.2407439 0.3213689 0.3380347 0.3433628 0.0731582 0.4484862 0.4341575 0.1914335 -0.4165056 0.1752234 0.2688941 0.3414653 0.5830095 0.3310128 0.2398009 -0.0523275 0.3101260 0.4108980 -0.5919731 0.6067213 0.4275189 0.0999051 0.4588343 0.2523397 0.3900890 -0.4952681 -0.1018926 0.2680481 0.3527929 0.5707901 0.5051232 -0.0300327 -0.3718886 -0.0062683 -0.0587531 -0.2329830 -0.3387514 0.1458228 0.3615333 -0.0635279 -0.6572638 0.3629907 0.6455577 -0.5209974 -0.1029576 -0.2156945 -0.1966811 0.1785527 -0.4394051 0.3506770 -0.2437745 -0.0249573 -0.5456281 0.1226626 0.1918366 -0.2506775 -0.6675655 -0.4932669 -0.6227956 0.1205284 -0.3175614 -0.5249942 -0.4266009 -0.2001612 -0.0649112 -0.0566595 -0.3692133 -0.4079102 -0.3924997 -0.2224894 -0.2387691 -0.1242755 -0.1347809 -0.5224343 -0.2705399 -0.2422520 -0.1086829 -0.4184623 -0.4338194 -0.0151206 -0.2253455 0.1456204 -0.3531596 -0.2634456 -0.1392678 -0.2108033 -0.1326632 -0.3353566 -0.0892973 0.1715825 -0.0695117 -0.1135805 -0.1492347 -0.1151399 -0.0239315 -0.1950179 -0.0101165 0.0099012 0.2329147 0.2184014 0.0880441 -0.1931322 -0.1733461 -0.0731474 0.0278712 -0.1976876 -0.1858679 -0.1170147 -0.1123689 -0.0810292 -0.1636041 -0.2092177 -0.0853807 -0.3098023 -0.1165795 -0.3285079 -0.0649121 -0.3770931 -0.2700358 -0.3930593 -0.3295270 -0.1274655 -0.2840862 -0.3528978 -0.0427353 -0.1295871 -0.3397675 -0.3826392 -0.2618440 0.0329333 -0.1321412 -0.3344477 -0.0448898 -0.4218756 -0.3785034 -0.3364376 -0.3874229 -0.5566163 -0.1531492 -0.3710212 -0.1907520 -0.2893006 -0.2060379 -0.3352827 0.0146441 -0.0674617 -0.1665515 -0.3411494 -0.1727579 -0.1825204 0.5785331 0.1934868 -0.0361531 0.2540389 0.1937441 0.1246374 0.0404311 0.2889423 0.2776612 -0.1409338 -0.0714373 -0.3036970 -0.5639627 -0.1235814 -0.6625572 -0.5679834 -0.2879336 -0.0826172 0.1175613 -0.2449756 -0.2671280 -0.0380090 -0.0138409 -0.0690461 -0.1029305 -0.0857630 -0.6655918 -0.1594629 -0.0362939 0.2348833 0.4997947 0.2402529 -0.2379248 -0.4647994 -0.3084796 -0.0951478 0.2745945 0.2124544 0.3951628 0.1930013 -0.6106340 -0.3077899 0.2083533 -0.4019319 0.3650006 0.4988724
0.0255429 -0.1041986 0.6555204 -0.1784809 0.0000000 -0.0912769 -0.1312971 0.0209375 -0.2495513 0.0807746 0.1682647 -0.0141345 0.4189488 -0.0258245 -0.3137427 0.0289255 0.0249775 -0.3170201 -0.0747157 0.5056830 0.1515969 0.2150862 -0.3949206 -0.3357481 0.0215785 -0.0145979 0.0316796 -0.1079844 -0.3139499 0.2599789 -0.0450195 0.2845258 -0.2227769 -0.2952613 -0.1802288 0.1112414 0.2459391 0.0806923 0.0412742 0.0134739 0.3378558 -0.1947977 -0.2330168 -0.0650531 -0.3951897 -0.1175219 0.1586552 0.4438232 -0.0042455 0.0693441 -0.0044664 -0.0912758 -0.0884946 0.0503126 0.6005900 0.2440109 0.2841298 -0.0831890 0.1813331 0.0372356 -0.2095101 0.1959766 0.5767542 -0.1900164 -0.0900802 0.4003811 0.2682790 0.0708733 0.3012342 -0.0404107 0.4736938 -0.1953071 0.2145435 -0.2568734 0.5563680 -0.0743091 -0.0992222 0.4804078 0.3725441 0.3680253 0.4969199 -0.0307929 -0.1753670 -0.1388138 -0.1111755 0.1775011 0.0620663 -0.2628774 0.1545780 0.0498331 -0.0102449 -0.0765485 -0.0048346 -0.1900302 0.0557731 0.0574290 0.0975386 0.0291257 0.0631112 0.3782602 0.0472339 0.1124360 -0.0099811 0.1995669 0.1812161 -0.0113531 0.1766628 -0.0616671 0.2719993 0.0593956 0.0275928 -0.0307188 -0.0372768 -0.0139323 -0.0409419 -0.0511432 -0.0263763 0.3135542 0.1354105 0.3475513 0.2842770 0.2174968 0.2323137 -0.0872063 -0.0392803 0.1672497 0.1572078 0.1445316 0.2497904 -0.1835542 -0.0250307 0.5828706 -0.4212532 0.0290435 0.0094745 0.2459096 0.0050180 0.3750127 0.2281381 0.0381773 -0.0951064 0.0983695 0.3294113 -0.0221042 0.3107256 -0.3805038 0.1464848 0.0176386 -0.2663794 0.1074726 0.0432004 -0.3631192 0.0116026 -0.2698876 -0.0801942 -0.3104948 -0.1879919 -0.1524263 -0.3140022 0.1716983 0.0250171 -0.0647014 -0.3702567 -0.0474353 -0.1675096 -0.3063459 -0.5080865 -0.3850630 -0.3607807 -0.1595927 -0.3302289 -0.3330211 0.0347318 -0.1803510 -0.0640293 -0.1199833 0.0942896 0.2864276 0.2125413 0.1156869 0.2400324 0.1471272 0.1968523 0.1493784 0.2606966 -0.1259999 0.5012618 0.2879320 0.1494346 0.0214380 0.2754133 0.2118557 0.1381421 0.4912368 0.3331399 0.1678582 0.3181461 0.1343335 0.4607635 0.2310045 0.0600733 -0.0309643 -0.6629798 0.0020908 0.4706066 0.5323989 0.3600466 -0.0448792 -0.1417828 0.1742667 -0.4377513 -0.1141899 0.5546920 0.2958097 0.1946385 0.2373726 0.0098748 0.1938029
0.5666462 0.0993542 0.2504483 0.8812210 -0.0912769 0.0000000 0.8324772 0.3071878 0.7508920 0.3281939 0.0675801 0.6744861 -0.2629700 0.1536627 0.6388112 0.0460561 -0.0045513 0.4384612 -0.1567732 -0.7386197 0.3286461 -0.4800180 0.1470833 0.2862901 0.1069655 0.2795870 0.0513380 0.3353066 0.3315051 0.0892512 -0.6161793 0.1258067 0.3126304 0.2883445 0.4356396 0.3725326 0.1852426 -0.3637553 0.2862583 0.4051203 -0.6826711 0.4346471 0.3511384 0.3793393 0.2170849 -0.0605851 0.2396209 -0.6478510 0.1011673 0.0284620 0.1644696 0.4413796 0.4087060 0.1730511 -0.4513578 -0.2267999 -0.1955844 0.0547288 -0.2889201 0.0028165 0.3555565 0.0840636 -0.6232127 0.4206337 0.6351966 -0.5741655 0.0098628 0.0101211 -0.3080475 0.2316091 -0.4072115 0.3637749 -0.0686173 -0.0093338 -0.5021841 0.1507713 0.1476854 -0.0030823 -0.5412262 -0.5447010 -0.5340353 0.3131647 -0.4272562 -0.5604670 -0.5091850 -0.3839823 -0.0046027 -0.2037227 -0.4244421 -0.5257193 -0.3718702 -0.3586845 -0.3607153 -0.1982824 -0.1713349 -0.6369447 -0.3692842 -0.3474760 -0.1890002 -0.1891775 -0.5101855 -0.0871377 -0.3904858 0.1563419 -0.4409506 -0.3537933 -0.2649121 -0.3525977 -0.2029469 -0.3866071 -0.0932635 0.0738546 -0.2402160 -0.1432072 -0.1614012 -0.1170064 0.0735364 -0.2697611 -0.0618670 -0.0137589 0.1721655 0.1832105 -0.0846798 -0.3687913 -0.2460679 -0.0982631 -0.0171007 -0.3149035 -0.1763594 -0.2639483 -0.3241580 0.0014841 -0.3526808 -0.3296854 0.0213049 -0.3498709 -0.3216475 -0.4482507 -0.2575876 -0.3094461 -0.4566567 -0.3878674 -0.3027291 -0.0704303 -0.4922327 -0.4440209 -0.0696445 -0.2559342 -0.4752154 -0.4188090 -0.2168264 -0.0684071 -0.0311011 -0.5259604 -0.1239892 -0.5395081 -0.3197165 -0.3805181 -0.4544386 -0.4582603 -0.3261232 -0.3173603 -0.2897182 -0.1241125 -0.2362480 -0.4795641 -0.1007918 -0.1370871 -0.1342874 -0.3071183 -0.3673790 -0.2437568 0.4680620 0.1091640 -0.1398582 0.1632769 0.1352801 0.1847698 0.0623769 0.3582805 0.4070437 -0.0981000 -0.0305206 -0.2631109 -0.5616731 -0.0528170 -0.5612659 -0.5590511 -0.3463601 -0.1872802 0.0545144 -0.2787297 -0.2970039 -0.0821831 0.0102087 -0.0630724 -0.1052162 -0.1759730 -0.6192282 -0.1988048 -0.1389316 0.2911264 0.3698104 0.1075889 -0.4683066 -0.5200740 -0.2372783 -0.2582463 0.1510378 0.3310265 0.3084767 0.1467028 -0.6968429 -0.3385626 0.2980761 -0.3261913 0.1799673 0.4734212
0.4302242 0.2645380 0.3384658 0.7218472 -0.1312971 0.8324772 0.0000000 0.2447762 0.7812374 0.4268146 0.1113441 0.9246376 -0.1966392 0.2153313 0.7282740 0.0653625 0.1396057 0.4339531 -0.1528628 -0.5238643 0.6671587 -0.3202256 0.1585689 0.4659304 -0.0089641 0.2224216 0.0744545 0.1863106 0.6618702 -0.0804361 -0.2156297 0.0447826 0.4837843 0.5762212 0.3347266 0.5963668 0.3437318 -0.2015506 0.2667949 0.1813451 -0.3874326 0.5253922 0.3659215 0.2442585 0.2337127 0.0213950 0.3060280 -0.4212681 0.2808071 0.1454584 0.1821431 0.3140137 0.6329076 0.1585536 -0.4134169 -0.0739323 0.0051640 0.1834670 -0.0483267 0.1429840 0.5711489 0.0209289 -0.4899205 0.5884304 0.7660452 -0.4230204 0.0035812 -0.0222107 -0.2840617 0.3945762 -0.3558640 0.6679169 0.0427227 0.4584921 -0.5730049 0.3583939 0.4271059 -0.1509536 -0.3092398 -0.3222930 -0.5285492 0.3539564 -0.1567877 -0.4003609 -0.2575783 -0.2703847 0.1355641 -0.1302190 -0.3978244 -0.4295033 -0.2172867 -0.0813845 -0.0640104 -0.0851333 -0.0622115 -0.4434591 -0.1066139 -0.0883914 -0.0367413 -0.2172410 -0.3842075 0.0608854 -0.2220201 0.2664001 -0.3317350 -0.2430713 -0.2264445 -0.1440024 -0.1346352 -0.1994604 -0.1457128 0.2749325 0.0147479 -0.0147285 0.0980423 0.1665810 0.3324531 0.0269538 0.3158706 0.1492481 0.3490860 0.4170918 0.1109086 -0.0197675 -0.0564411 0.0224784 0.2893752 -0.0777064 0.0184300 -0.0116141 -0.0886970 -0.3430763 -0.1022331 -0.3462311 0.0033814 -0.2004628 -0.1950363 -0.2334101 -0.0560624 -0.0827282 -0.1569280 -0.1423403 -0.3456007 -0.1405413 -0.6061986 -0.1503936 0.1101009 -0.0537688 -0.2192087 -0.1212953 0.0141383 -0.0733743 0.1062879 -0.1410476 -0.0108947 -0.3469020 -0.0707429 -0.1443732 -0.0818146 -0.3279027 -0.0891210 -0.0405820 -0.1200142 -0.0653509 0.2129137 -0.2838597 0.1003063 0.2642652 0.2452955 -0.0086601 -0.0452570 0.1462268 0.6056513 0.5555250 0.3407360 0.6336162 0.5971444 0.5573932 0.4596925 0.6314565 0.5959800 0.1223075 0.1171185 -0.0508093 -0.3251588 0.3865431 -0.3961993 -0.1757502 0.1613878 0.3192618 0.1088059 0.1967557 0.2082983 0.0965041 0.1711467 0.2679645 0.2171053 0.2795120 -0.4154154 0.0316025 -0.0250442 0.1368570 0.3453261 0.4606365 -0.3285948 -0.3043900 0.1139133 0.0625407 0.1438431 0.1068987 0.0446869 0.3240998 -0.6020135 0.0188286 0.3365857 -0.4658482 0.0917780 0.4270520
0.3803149 0.6523986 0.2388864 0.6053044 0.0209375 0.3071878 0.2447762 0.0000000 0.3721142 0.6544790 0.5725142 0.3422090 0.5828407 0.5120537 0.3520475 0.3702911 0.3769405 -0.0412146 0.5231818 -0.1854176 0.2474531 0.4634643 0.1625933 -0.0227120 0.5049937 0.2381340 0.4795268 0.4834673 0.2398802 0.6903196 0.0469099 0.0084464 -0.1296733 0.0490013 0.3639111 0.2480544 0.1169123 0.3400174 0.3368420 0.3170640 -0.1606956 0.4221015 0.3130302 -0.1334495 0.3824462 0.5758194 0.3363672 -0.0120004 -0.1535519 0.4627342 0.3874137 0.3903318 0.3379878 -0.0119868 -0.0242558 0.3407041 0.1882658 -0.2808145 -0.3370226 0.2475050 0.1215599 -0.0885407 -0.3175563 0.0092111 0.1334899 -0.0645012 0.0065637 -0.3696876 0.1295017 0.1554702 -0.1578164 0.1423639 -0.3513242 -0.1318123 -0.2704745 -0.0551706 0.1215739 -0.3041473 -0.3837501 -0.0430411 -0.3203232 -0.4662359 0.0900132 -0.0231353 -0.1093551 0.2186304 0.0165007 0.0395100 0.0978291 0.0478335 -0.1791329 0.0775440 -0.0798094 0.1050993 0.1896599 -0.0787510 -0.0401262 -0.0086967 0.0756895 -0.3841911 0.1862670 0.0226979 0.1189019 0.0690391 -0.1568039 0.0260855 0.0334026 0.1638038 0.2055994 -0.0912084 -0.1512931 0.4829916 0.0404466 -0.1076895 0.0342051 -0.1802629 -0.2372259 0.1793246 0.0114054 0.1101393 0.1614011 0.1032173 0.2269796 0.1119522 -0.1219969 0.0506360 -0.0085620 0.1187945 -0.0798864 -0.0808903 -0.0015075 -0.1690068 -0.0230668 -0.2665683 -0.1427413 -0.2668984 -0.0819257 0.1557115 0.1433123 -0.1080526 -0.0146315 -0.0574732 -0.0854456 -0.4153357 -0.0731647 -0.3048930 -0.0271226 -0.0384773 0.0418876 -0.0418994 -0.0343487 -0.0755576 -0.1564407 -0.0108049 -0.0276997 -0.1604724 -0.0088331 -0.3819425 -0.1149439 -0.0910018 0.0384790 -0.1542901 0.0360510 -0.0604469 -0.1994491 -0.1993120 0.1144888 0.0306189 -0.0863184 -0.1454072 0.1105503 0.0005874 0.6589978 0.2857492 0.2469525 0.2470063 0.2457125 0.1895675 0.2187902 0.4402282 0.3606248 0.2157176 -0.0267781 -0.0810081 -0.4498601 -0.2442141 -0.5045080 -0.2860157 -0.0379842 0.0136948 0.2762005 0.0640453 0.0135091 0.2874104 0.1183578 0.1352675 0.0563760 0.2387711 -0.2187397 0.0518551 -0.3035533 -0.2732949 0.1053747 0.3321908 0.2177569 -0.0749356 -0.2960716 0.0604751 -0.0376478 -0.1608652 0.0185643 0.0626575 -0.0365065 0.1139992 0.0542403 -0.4377249 0.3615140 0.3237014
0.3922978 0.3343035 0.1865709 0.7400653 -0.2495513 0.7508920 0.7812374 0.3721142 0.0000000 0.6212920 -0.1268905 0.7320669 -0.1530258 0.5732820 0.9541313 -0.1752987 -0.0106416 0.7671059 -0.1506556 -0.6043093 0.3541725 -0.2742886 0.2649046 0.7270668 -0.0158736 0.1217082 0.2716680 0.7046563 0.7406505 0.2267623 -0.2971569 0.1245451 0.5895126 0.6779751 0.5009098 0.3690869 0.3235924 -0.1615154 0.5029255 0.4280485 -0.5259847 0.5765484 0.5764316 0.1948993 0.6949392 0.1478435 0.3803499 -0.4840415 -0.0041824 0.2950194 0.3733987 0.5180126 0.5323686 0.1268567 -0.4689864 -0.0826154 -0.0875883 -0.0563208 -0.3200473 0.0761177 0.6758043 -0.2851735 -0.6628898 0.3427138 0.6136882 -0.6925114 -0.2671978 -0.3627638 -0.5480959 0.2329042 -0.6608234 0.4800525 -0.2594751 0.2884322 -0.7827598 0.1957427 0.2306641 -0.3253491 -0.4678331 -0.4316557 -0.7135814 0.1724875 -0.3845749 -0.4879168 -0.3132953 -0.3829744 -0.0484498 -0.0954966 -0.3918245 -0.5384230 -0.1609857 -0.1489516 -0.3153177 -0.1792504 -0.1439716 -0.5185376 -0.1981939 -0.3045389 -0.1418047 -0.5774687 -0.5028229 -0.0806380 -0.4126168 -0.0513651 -0.3522279 -0.3387270 -0.3059878 -0.3804537 -0.2778537 -0.4852990 -0.0702663 0.0169669 -0.2656291 -0.2208891 -0.2132514 -0.1584448 -0.0381935 -0.3600341 -0.0415821 -0.2102601 0.0227882 0.0657981 -0.0926747 -0.1321777 -0.1777200 -0.2162221 -0.0342892 -0.1521451 -0.2580200 -0.0053679 -0.1658761 -0.4068200 -0.2319186 -0.1388080 -0.4071545 -0.5191034 -0.2141227 -0.5343021 -0.4251981 -0.3522176 -0.2743324 -0.3410608 -0.6183044 -0.3369470 -0.4756519 -0.0699209 -0.0410321 -0.1212462 -0.4259464 -0.3262067 -0.2375425 -0.0385129 -0.0040656 -0.0896738 -0.0484910 -0.4751703 -0.2889366 -0.0750860 -0.2754048 -0.4987468 0.0299749 -0.2206630 0.0342467 -0.2346941 0.0951221 -0.2646266 0.1900112 0.1431843 0.1627941 -0.0965346 -0.0289833 0.1070672 0.5692405 0.4229984 0.2148751 0.4502443 0.2693660 0.1437063 0.1150651 0.3738239 0.3156029 -0.1029052 -0.1434921 -0.2700776 -0.5402194 0.2647816 -0.5581923 -0.3378513 -0.0782719 -0.0032491 -0.1403094 -0.0598178 0.0064146 -0.2398907 -0.1587648 -0.0141541 -0.1911273 0.2449752 -0.5275061 -0.3416846 0.0781201 0.0198762 0.4652991 0.2255117 -0.2642470 -0.5316471 -0.3981423 0.2013438 0.3012682 0.0932711 0.2388994 0.1300474 -0.6034090 -0.0978852 0.2158347 -0.3736195 0.3758712 0.4403988
0.2118340 0.3927766 0.2571925 0.4085965 0.0807746 0.3281939 0.4268146 0.6544790 0.6212920 0.0000000 0.4319677 0.5714294 0.3804313 0.8374588 0.5594603 0.0876106 0.4263928 0.2460746 0.0829654 -0.1310666 0.4899166 0.2389053 0.1796308 0.2909434 0.0974255 0.0959470 0.7354507 0.6422574 0.5631477 0.7175209 0.0101291 0.0068824 0.1927735 0.3685963 0.2829394 0.5233595 0.2102000 0.1279748 0.6926355 0.4294449 -0.0661064 0.4383718 0.5111679 0.1705740 0.4967918 0.4515759 0.3955979 -0.0397796 0.2831510 0.3526813 0.2989265 0.3814503 0.6020367 0.2925811 -0.1238591 0.2647269 0.1908108 0.0988935 -0.1560592 0.1524861 0.5435721 -0.1910912 -0.2256346 0.2705269 0.3042783 -0.1540155 -0.0293773 -0.3643644 -0.2065802 0.4409290 -0.1976402 0.4599191 -0.2298446 0.2503433 -0.2513493 0.2319018 0.2978277 0.0019869 0.0500368 0.2021049 -0.1829617 -0.2886193 -0.0167196 0.0328492 0.0729199 -0.0873744 -0.1427043 0.1407481 -0.0621057 -0.1764589 -0.1591802 -0.1507053 -0.3640027 0.0731121 -0.0786074 -0.2754823 -0.2781764 -0.2942762 -0.0790716 -0.4254284 0.0992280 -0.2226847 -0.1781519 -0.1683579 -0.4171491 -0.2433454 -0.2712043 -0.1100344 -0.0499017 -0.2554529 -0.3418211 0.2079402 -0.1584036 -0.2767191 0.0192616 -0.2829500 -0.2500374 0.0300354 -0.0675105 0.0256899 0.0121549 -0.0670540 0.0052715 0.1422942 -0.0479339 -0.0245595 -0.0380177 -0.0547742 -0.0929301 -0.0351135 -0.1623514 -0.3042383 -0.2104520 -0.2202558 -0.2307660 -0.4565273 -0.2284383 0.0584831 -0.1089601 0.1772823 -0.1848928 0.1520254 -0.2967501 -0.4486734 -0.2910115 -0.2560419 0.0942822 0.0045837 -0.0656680 0.1047423 0.1251887 -0.1257700 0.0595236 -0.1325692 -0.1730687 -0.2718365 -0.0655451 -0.1796661 -0.1810400 0.0562945 -0.0246901 0.0469839 0.0545430 0.0065278 0.0173208 -0.1497891 -0.0053026 0.0509981 0.0593984 0.0680168 0.0869468 0.1649950 0.5248378 0.4382785 0.4597222 0.4089491 0.3711451 0.2650438 0.4353810 0.6131502 0.3728276 0.4171262 0.0996209 0.0793484 -0.3727985 0.1481081 -0.3856696 -0.0641308 0.1371526 0.1205020 0.2050176 0.3127691 0.3092897 0.2387186 0.1681328 0.1981281 0.1197249 0.5153081 0.0559126 -0.0100934 -0.1099479 -0.4683300 -0.1684021 0.3418562 0.2137488 -0.0078606 -0.2276622 0.3230685 0.0713564 -0.0770976 -0.2622448 0.2587305 0.0536620 0.2851317 0.4265527 -0.3840915 0.3881027 0.3586321
0.1828867 0.0698027 0.2317088 0.1672267 0.1682647 0.0675801 0.1113441 0.5725142 -0.1268905 0.4319677 0.0000000 0.2288670 0.5529346 0.2565366 -0.1530077 0.7352446 0.7496453 -0.4648650 0.4621949 -0.0577378 0.3792145 0.3489305 0.2929829 -0.4315538 0.4444721 0.4291443 0.3773287 -0.0312171 -0.1149020 0.4153954 0.0223736 -0.0605758 -0.3574038 -0.2724470 0.1204799 0.4143208 0.0166416 0.1916061 0.1959023 0.1234612 0.0117508 0.0798219 0.1610966 0.1412739 -0.2762978 0.3442064 0.2220018 0.0569040 0.4326891 0.0449493 0.1732761 0.1155863 0.2319350 0.3509375 0.0267726 0.2176575 0.3143786 0.3668785 -0.0205331 0.3772580 -0.1367896 0.4838557 0.0953209 0.2169289 -0.0186628 0.4303277 0.5264024 0.3014141 0.3300295 0.4301194 0.4494194 0.1979180 0.2304883 0.0510389 0.3599039 0.1832658 0.2185823 0.3094497 0.2531205 0.4509234 0.3492956 -0.4123343 0.3512037 0.2912778 -0.0293434 0.2367955 -0.0803124 0.1481629 0.1598087 0.2643360 -0.3355074 0.0033709 -0.0075052 0.2560618 0.0713489 0.0309530 -0.1618836 -0.0026578 -0.0433974 0.1592170 0.4873682 -0.1660063 0.2205774 0.0831296 -0.2917260 0.0245732 -0.0875062 0.3136157 0.1915949 0.2431988 -0.4422515 0.3149494 0.2287003 0.0991282 0.3259635 0.0242283 0.0128210 0.4871308 0.0388334 0.4798478 0.2077157 0.2234628 0.1373413 0.0092867 0.0842161 0.4693187 0.1343295 0.1065732 0.3504930 -0.3706275 -0.2903623 -0.0987197 -0.0220827 -0.5704754 0.4863814 0.1374998 -0.3615849 0.5385732 0.3321175 0.4742424 0.0322370 0.3862057 0.4405187 0.1557631 -0.0891962 -0.3667100 0.0686458 0.0534879 0.4012430 0.3148222 0.4126481 0.1929150 -0.0048252 -0.1745284 -0.0651247 0.2071184 0.2592610 -0.3247952 0.0718957 0.5157440 -0.2007078 0.0809571 -0.0427870 0.3747996 -0.2654439 0.0000963 -0.0040786 0.1217159 -0.0372350 -0.1108212 0.0630084 0.0224354 0.2965419 0.0788550 0.1360160 0.0760498 0.3449924 0.3652551 0.5321501 0.6177753 0.4215991 0.6488276 0.3266479 0.2598252 -0.1799879 -0.1665486 -0.1823932 -0.0188349 0.1437704 0.1812211 0.5423181 0.3879927 0.2263503 0.6519488 0.6018892 0.3618823 0.5256590 0.1933118 0.3565066 0.5905722 -0.6001753 -0.5585350 -0.3951498 0.4624398 0.1263800 0.3131081 0.2084813 -0.2850354 -0.4918240 -0.3058221 -0.5064213 0.3935011 0.2350415 0.2613400 0.1250852 -0.4024968 0.0014083 0.3282003
0.2641940 0.3179437 0.4564498 0.6272017 -0.0141345 0.6744861 0.9246376 0.3422090 0.7320669 0.5714294 0.2288670 0.0000000 -0.0140134 0.3244687 0.6964451 0.1439061 0.1621453 0.3190228 -0.0124374 -0.3526693 0.8399771 -0.0882969 0.1638706 0.3863210 0.0477240 0.2493751 0.1883098 0.1889940 0.7507000 0.0562020 0.0067654 0.1114671 0.3180439 0.5201574 0.3268667 0.7907714 0.4067678 -0.0149547 0.3571430 0.1761904 -0.2103416 0.6799763 0.3997036 0.1718315 0.2793947 0.1631229 0.4037179 -0.2024857 0.3235328 0.2509297 0.2755835 0.3422493 0.7847340 0.2081508 -0.2669215 0.1295515 0.1899693 0.2233919 0.1705806 0.3042194 0.6835939 0.0495562 -0.3879126 0.7122118 0.8018146 -0.2240019 0.1327479 -0.0068423 -0.1793098 0.5998386 -0.1610121 0.8389348 0.1583391 0.6127059 -0.4675071 0.5848997 0.6682296 -0.1637740 -0.1702831 -0.1172250 -0.4334530 0.2586094 -0.0828494 -0.2420411 -0.0952171 -0.1772026 -0.0117078 0.0903324 -0.3039636 -0.2996849 -0.2616863 -0.0415076 -0.0152228 0.1379326 -0.0585666 -0.3274228 -0.0515955 -0.0417800 0.0777467 -0.1919940 -0.2389390 0.0734397 -0.1973105 0.3568808 -0.2798882 -0.1754728 -0.1699971 -0.1051511 -0.0418071 -0.1565891 -0.1357279 0.2743025 0.0574830 -0.0003809 0.1491359 0.1659066 0.3179814 0.1411432 0.4267765 0.2636647 0.4113541 0.4498864 0.1673522 0.1279282 0.0620579 0.1004046 0.3537099 0.0101031 0.1206891 -0.0049516 -0.0373678 -0.3475957 -0.0663733 -0.3093629 0.0192695 -0.2054376 -0.1455900 0.0370178 0.0555699 0.1086903 -0.0310553 0.1226513 -0.4177882 -0.1718499 -0.5253525 -0.1316981 0.2767991 0.0818573 -0.0640596 0.1169846 0.2267641 -0.0093821 0.2435505 -0.0448195 -0.0650828 -0.2383828 -0.0165299 0.0104562 -0.0406224 -0.1895293 -0.0528497 0.1217662 -0.1482532 -0.0401090 0.3479354 -0.1389407 0.0554704 0.3766831 0.2971765 0.1265511 0.1417065 0.3033614 0.6539811 0.6660023 0.5022618 0.7448194 0.7603699 0.6105580 0.6730442 0.7461864 0.5938181 0.3810802 0.3705175 0.2225598 -0.1314933 0.3454895 -0.3426650 -0.0500441 0.3399285 0.4904205 0.1877423 0.4286381 0.4011554 0.2040264 0.2686076 0.3186255 0.3745981 0.4778537 -0.2663785 0.1336085 -0.0160946 -0.0577556 0.1317985 0.5717764 -0.1085667 -0.1453329 0.2291090 0.2396634 0.0699010 -0.0998537 -0.2236146 0.3426073 -0.4544787 0.2262664 0.5196308 -0.6019347 -0.0199767 0.4711168
0.2600782 0.3507353 0.5062225 -0.0618368 0.4189488 -0.2629700 -0.1966392 0.5828407 -0.1530258 0.3804313 0.5529346 -0.0140134 0.0000000 0.3980231 -0.0606392 0.3633325 0.4730629 -0.3659019 0.5997658 0.3274941 0.0930575 0.8476097 0.0590308 -0.2973306 0.4722247 -0.0133443 0.4648228 0.1508039 -0.0777771 0.6210234 0.4057006 0.2101231 -0.2900609 -0.1365826 0.1004172 0.1433991 0.1746561 0.6388181 0.2135931 0.0462948 0.4771008 0.1459145 0.1078452 -0.2661274 -0.0196109 0.5508254 0.3206408 0.5678737 -0.0686655 0.5398463 0.4052608 0.0213545 0.0748298 -0.1272095 0.4674407 0.5941109 0.5080361 -0.1758689 -0.0014720 0.4111994 -0.0871371 -0.0324816 0.3890619 -0.1941123 -0.1640908 0.5002432 0.2261924 -0.2524231 0.4830708 0.0521344 0.2895064 -0.0646341 -0.1034620 -0.1044795 0.2401912 -0.1528844 0.0287817 -0.1038040 0.0730777 0.2692179 0.1751521 -0.4426725 0.4387174 0.3580556 0.1221174 0.6744128 0.2446776 -0.0567904 0.5720777 0.5369895 0.2311243 0.4566147 0.3946030 0.2075891 0.4970193 0.4519400 0.4497886 0.4492508 0.3481568 0.0054011 0.5879142 0.3076664 0.5511960 0.1639740 0.3156485 0.4237551 0.4368443 0.5800012 0.4037841 0.4227942 0.0429672 0.3481149 0.3478463 0.3661160 0.3597265 0.1892799 0.0560858 0.5609043 0.1928693 0.4750499 0.3045356 0.2967168 0.2810757 0.0522642 0.2595071 0.1460304 0.2708137 0.5181215 0.0201134 0.0110432 0.1357838 0.0127504 0.0636432 -0.1699919 0.0127033 0.2303239 0.0936384 0.4669447 0.3108292 0.0657850 0.2056968 0.2099072 0.2812082 -0.3322177 0.0794574 -0.2733278 0.2282134 0.1970416 0.2542501 0.2566313 0.0782734 -0.1682572 0.1880477 0.2194354 0.2613413 0.0598899 0.1904625 -0.1908524 0.1341618 0.2168961 0.2138798 0.1760193 -0.0332496 0.1850473 0.0446728 -0.0796150 0.1931773 0.1750302 0.0353200 0.0753142 0.2953683 0.1139264 0.3909052 0.0905870 0.2157022 0.0233360 0.1820141 0.1603962 0.2110254 0.2610139 0.2158154 0.3873016 0.2296571 0.2331043 -0.0127753 -0.0969335 0.0547523 0.0461251 0.1788510 0.1638945 0.4222386 0.2733866 0.1655897 0.4754538 0.2476541 0.1059318 0.1810948 0.3104298 0.2668421 0.2021725 -0.2502206 -0.4707894 -0.3725522 0.3975158 0.6145514 0.4814812 -0.0149372 0.0042808 -0.2768469 -0.3892179 -0.4630791 -0.1379995 0.5770780 0.4392216 -0.0602385 -0.2307490 0.1988466 0.0033819
0.2433385 0.2763112 0.2385870 0.2126521 -0.0258245 0.1536627 0.2153313 0.5120537 0.5732820 0.8374588 0.2565366 0.3244687 0.3980231 0.0000000 0.5682208 0.0625918 0.4820706 0.4921678 0.0704061 -0.2474109 0.2426144 0.2546159 0.2905126 0.4118830 0.1298190 0.0518720 0.7775311 0.7756807 0.4273331 0.7231533 -0.0672219 0.0966968 0.1759053 0.3273137 0.2274376 0.3206694 0.1827998 0.0272034 0.6290490 0.4164557 -0.0865267 0.2157331 0.5023109 -0.0037262 0.5547929 0.2661211 0.2608001 -0.0756505 0.0204094 0.2669730 0.3951456 0.3180779 0.3410971 0.3152549 -0.1559684 0.0768301 0.0893555 0.0974707 -0.2440240 0.2069772 0.5290534 -0.1562493 -0.1853150 0.0022453 0.0764989 -0.2118624 0.0329344 -0.3012141 -0.3596404 0.3203662 -0.2078586 0.2192136 -0.1508180 0.2100112 -0.3055920 0.1006014 0.1144914 -0.0979647 0.0625601 0.1815207 -0.1704108 -0.3064478 -0.0437151 0.0698309 -0.0874037 -0.1100363 -0.1531300 -0.1037638 0.0438557 -0.1740242 -0.1068960 -0.1314917 -0.3513903 -0.0914130 -0.0322765 -0.1905697 -0.1302081 -0.2464775 -0.1931457 -0.4208044 0.0269059 -0.2695965 -0.2048231 -0.3670214 -0.3207366 -0.2237188 -0.2845825 -0.1413716 -0.1520336 -0.3460695 -0.2879175 0.0231603 -0.3404864 -0.2696872 -0.1130267 -0.3350677 -0.3242979 -0.0569708 -0.2293546 -0.0733351 -0.2346763 -0.2174420 -0.3198257 -0.1163642 0.0905445 -0.1863699 -0.2905797 -0.1195629 -0.1322873 -0.0620333 -0.2315601 -0.4224196 -0.3034441 -0.0275177 -0.3877800 -0.5368068 -0.1882699 -0.0735406 -0.3224195 -0.0033498 -0.1798045 0.0646029 -0.3210981 -0.3727109 -0.1627635 -0.1420284 0.0987263 0.1193460 -0.1600482 -0.0372255 -0.0089999 0.0264319 0.0860642 0.0192871 -0.1057873 -0.1961119 -0.0148066 0.0392554 -0.0860799 0.1046325 0.2077917 -0.0558590 0.2844252 0.0282142 -0.0007678 -0.0448097 0.1723450 0.0909361 0.0942882 -0.0269386 0.1268339 0.1551492 0.4292217 0.2666602 0.2922097 0.1943307 0.1125758 -0.0090818 0.1972105 0.4132237 0.2033443 0.2696859 -0.0442218 0.0165754 -0.3590289 0.2131944 -0.2301251 -0.0123775 0.0589488 -0.0718358 0.1155252 0.1838187 0.1609435 -0.0286489 -0.0845027 -0.0275602 -0.0991759 0.3997162 0.1136196 -0.1815154 -0.2303554 -0.5156772 -0.1287876 0.1751057 0.1029852 -0.0722898 -0.4586870 0.1971363 -0.1043086 -0.1896745 -0.2412142 -0.0167531 0.0563766 0.2081717 0.0929155 -0.1860354 0.4626804 0.3496132
0.4207341 0.4495691 0.1597004 0.6844490 -0.3137427 0.6388112 0.7282740 0.3520475 0.9541313 0.5594603 -0.1530077 0.6964451 -0.0606392 0.5682208 0.0000000 -0.1482475 0.0579843 0.7735641 -0.0532551 -0.5808087 0.3234226 -0.1446899 0.3741543 0.7688044 0.0167234 0.0442881 0.2972158 0.6677769 0.7996797 0.1548714 -0.1547162 0.1945560 0.5828317 0.7220967 0.5035322 0.3336709 0.3261826 -0.0208936 0.5030339 0.3972932 -0.4043157 0.6179618 0.6015915 0.0891133 0.7669272 0.2211437 0.3792467 -0.3604314 -0.0470262 0.3926065 0.4758227 0.4984425 0.5505936 0.0637814 -0.4102306 -0.0133536 -0.0521431 -0.0868771 -0.2418886 0.1577036 0.7419206 -0.3383155 -0.6007516 0.3218335 0.6070586 -0.6262876 -0.2984212 -0.3816866 -0.4939304 0.2419558 -0.6654527 0.4921807 -0.2461146 0.3723244 -0.7990877 0.2164345 0.2928780 -0.4412384 -0.4394393 -0.3772486 -0.7143874 0.2026337 -0.2453710 -0.3961602 -0.2693336 -0.2414950 -0.0010639 -0.0664339 -0.2920322 -0.3946554 -0.0695922 0.0073377 -0.1207685 -0.0868567 -0.0467876 -0.3818958 -0.0413749 -0.1324841 -0.0186280 -0.5988468 -0.4167301 0.0468071 -0.2702836 -0.0066056 -0.2101438 -0.2221516 -0.1560258 -0.2278422 -0.2137604 -0.3576610 0.0200104 0.0637659 -0.0946465 -0.0388566 -0.1194953 -0.0013615 0.0503314 -0.2999018 0.0522415 -0.1881446 0.0414779 0.1407691 -0.1261825 -0.0993559 -0.0546660 -0.3169757 0.0335672 -0.0448082 -0.3342874 0.1033576 -0.0661348 -0.4402428 -0.1056398 -0.0182429 -0.3601072 -0.3854572 -0.0470595 -0.4735523 -0.3523810 -0.3929737 -0.0552076 -0.2946500 -0.5919322 -0.2820125 -0.3624428 0.0376979 0.1410946 0.1096111 -0.2831081 -0.2529634 -0.2297881 0.0767559 0.1437220 0.1239629 0.0863382 -0.2876386 -0.1680713 0.1049582 -0.0691966 -0.4800767 0.1687712 -0.1277265 0.1618803 -0.1866532 0.2338050 -0.0636165 0.3953006 0.3251031 0.3013419 0.0137814 0.2103448 0.2585593 0.5871669 0.4964772 0.3082536 0.4998717 0.2891699 0.0949946 0.0889001 0.3051097 0.2463867 -0.0715506 -0.1059071 -0.1975943 -0.4588304 0.3423937 -0.5042881 -0.2860762 -0.0028160 0.0879125 -0.1983902 -0.0165769 0.0415375 -0.3122257 -0.2721326 -0.1183519 -0.2611612 0.2839874 -0.4859355 -0.4099921 0.1534230 0.0196618 0.5499144 0.2928351 -0.1482470 -0.4012356 -0.4244750 0.2756684 0.3365717 0.0389736 0.2285962 0.0113264 -0.5193816 0.0172440 0.1325761 -0.3702069 0.4173846 0.3688125
0.0745485 -0.0058229 0.1732012 0.1075140 0.0289255 0.0460561 0.0653625 0.3702911 -0.1752987 0.0876106 0.7352446 0.1439061 0.3633325 0.0625918 -0.1482475 0.0000000 0.6295122 -0.3957142 0.6573073 -0.1493108 0.1764910 0.3281101 0.6022681 -0.4827367 0.6710093 0.6826927 0.1965874 -0.0471243 -0.2216659 0.2525333 0.1049557 0.3148231 -0.5262510 -0.4705140 0.3647576 0.1582220 0.2861374 0.2850413 0.2579216 0.3881202 -0.0619351 0.0707403 0.3178908 0.1583521 -0.2759027 0.2893929 0.3282130 0.1393011 0.1589999 0.1944053 0.4595239 0.4082801 -0.0535363 0.5879593 0.2649618 0.3129084 0.4388594 0.4664564 0.1055623 0.6674997 -0.0234598 0.7528126 0.1862701 0.2755379 0.0173566 0.4290540 0.7149072 0.5876845 0.5372901 0.5106891 0.4114317 0.2034890 0.5081231 0.1358724 0.1804437 0.2317787 0.2305043 -0.0155199 0.1273395 0.3207567 0.0675909 -0.0343627 0.3107381 0.3296337 -0.1853059 0.1973772 -0.1114446 0.0845616 0.2956520 0.2691160 -0.1530631 0.0901001 0.0947767 0.4507151 0.1985562 0.0502835 -0.0577027 0.0601161 0.0959963 0.3983535 0.2938054 0.0138080 0.1184988 0.4602532 -0.1155361 0.1122477 0.0313081 0.1997860 0.3305763 0.1289135 -0.1080250 0.2543781 0.0019281 0.0095436 -0.0241534 -0.1237257 -0.1423488 0.2667008 -0.0200879 0.2626927 0.0591174 0.0732281 -0.1149459 0.0474594 -0.0349610 0.3581919 0.1284910 0.1001703 0.2674611 -0.3595085 -0.2987790 -0.1271285 -0.0529499 -0.3165612 0.3524448 0.2984219 -0.3097090 0.3410698 0.3136685 0.3339220 0.3911181 0.4001930 0.2726421 0.4310400 0.0249455 0.0006098 0.1025907 0.1445933 0.4642799 0.2493449 0.3158764 0.4551890 -0.0003848 0.0738491 -0.3442636 0.4518359 0.3430591 -0.0914166 0.2345081 0.2758092 -0.2462415 0.0593643 0.1710726 0.1855769 -0.2916346 0.1557496 -0.0406631 0.1680762 -0.0378220 -0.0519252 0.1235735 0.1012253 0.2710564 0.0142828 0.0012159 -0.0292052 0.1748014 0.2589500 0.3139167 0.5044576 0.4509146 0.5823822 0.3933483 0.3442372 0.0591172 -0.0944526 0.0884355 0.0958422 0.1966276 0.1645870 0.1778161 0.3144295 0.1552233 0.3811149 0.4111281 0.2214998 0.4532453 0.1354957 0.1708641 0.4170584 -0.5814519 -0.2591384 -0.1777970 0.4454114 -0.0066435 0.0281863 0.1680489 -0.2382356 -0.6395311 -0.4821200 -0.4627799 0.1518574 0.0198493 0.4123259 0.0245987 -0.3114053 -0.1453890 0.4232246
0.3760613 0.1839001 0.1118284 0.0210296 0.0249775 -0.0045513 0.1396057 0.3769405 -0.0106416 0.4263928 0.7496453 0.1621453 0.4730629 0.4820706 0.0579843 0.6295122 0.0000000 -0.1164312 0.2421789 -0.1348131 0.2712137 0.2735089 0.4186598 -0.1018269 0.2651088 0.1840571 0.6104136 0.1221503 0.0277736 0.3235229 0.0268666 -0.0181584 -0.0824225 -0.0288227 0.0355993 0.1997527 0.0120086 0.0743745 0.3766039 0.2489807 0.0793404 -0.1379347 0.3066198 0.1231045 -0.0851436 0.1763957 0.0671173 0.0462586 0.3955031 0.0601528 0.1884086 0.1051159 0.1378664 0.4683832 -0.0086521 0.0428404 0.1196214 0.4563302 -0.1146948 0.2736788 0.1005938 0.3190570 0.1887046 0.0213470 -0.1231794 0.2298632 0.3322451 0.2312420 0.1230829 0.3639219 0.1818448 0.1015853 0.1689347 0.1729511 0.1578575 0.0112310 0.0550605 0.2036263 0.4065628 0.5478890 0.2808514 -0.2912182 0.3957215 0.3146898 -0.0733981 0.1117706 0.0648247 -0.1849159 0.1625921 0.1519563 -0.1046847 0.0128427 -0.0097292 0.0606576 0.0955721 -0.0426442 -0.0985752 -0.0028932 -0.1372362 0.1618117 0.4135298 -0.2152711 0.1453288 -0.0928539 -0.2969860 -0.1166961 -0.1928952 0.2763535 0.0643530 0.1868692 -0.4513232 0.3199462 0.1026838 0.0417514 0.2231228 0.0035040 -0.0788823 0.3716464 -0.0668076 0.2028712 -0.1229546 0.0118672 -0.2303363 -0.0567243 0.0832305 0.0874868 -0.0662042 -0.0072867 0.1358196 -0.1991873 -0.3017852 -0.2906021 -0.0927928 -0.2534601 0.3101581 0.0895953 -0.2155990 0.3053122 0.1880775 0.2681442 0.2371769 0.2632791 0.4683314 0.1609114 -0.0188308 -0.0913633 0.2119805 0.3166957 0.3663944 0.1481727 0.1814430 0.2535375 0.0998729 0.0945902 0.0016667 0.3752163 0.4359179 -0.0567180 0.3633368 0.5020177 0.1036468 0.0550878 0.4256312 0.3623085 -0.1682527 0.1799928 0.2453843 0.2060818 0.1263918 -0.0185949 0.1852522 0.1411847 0.3668750 0.2449714 0.3130619 0.1358937 0.2301082 0.3103158 0.3789927 0.5266137 0.4400623 0.5060578 0.0642916 0.1475438 -0.2013856 0.2520904 0.0391491 0.2116034 0.2505161 0.1614622 0.2886337 0.3766583 0.2917705 0.4073310 0.2784467 0.2183239 0.2531638 0.2718318 0.4832959 0.2864192 -0.4403922 -0.4103371 -0.2415057 0.3473873 0.1338907 0.3554597 0.0023428 -0.1186538 -0.3624669 -0.1612505 -0.4340976 0.1373975 0.3361532 0.4120587 -0.1532625 -0.0396526 0.2976193 0.2382812
