0.0000000 0.7742533 0.7568180 0.3698691 0.3785995 0.4631987 0.1657886 0.3998024 0.3893405 0.4114388 0.2308579 0.1081106 0.1167203 0.1902435 0.1839005 -0.1226141 0.3087288 0.2519950 -0.0768633 0.2146892 0.0678454 0.1397864 0.0649203 0.2070925 -0.0410107 -0.2214006 -0.0857860 0.0121071 0.1478006 -0.1111904 -0.0312550 0.1031079 0.0985712 0.2451535 -0.0613720 0.3758791 -0.1990881 0.0418100 0.0621339 -0.0196241 0.0620225 0.4101806 -0.0898124 -0.0230181 0.4159115 -0.1951899 -0.3119715 0.2124806 0.0648849 -0.0584003 -0.3403622 -0.1166095 0.3851026 -0.3865702 0.4514614 0.0541480 -0.2655889 -0.2863595 0.4914246 -0.3874149 0.6559884 -0.5216751 0.6022690 0.2431712 0.3472933 0.1030329 -0.4627303 -0.4170136 0.4973014 -0.1663551 -0.1300560 0.5381634 -0.4135459 0.6661531 0.1462848 0.1375778 0.3137961 0.1592939 0.1904678 -0.0132823 0.5073170 -0.5295012 -0.2804541 0.0079698 -0.0879607 -0.1263537 0.0929945 -0.2343159 0.0226819 -0.1226351 0.2062926 0.0425464 0.0199861 0.1821956 0.0231511 0.1718088 0.0895805 -0.0018430 0.0005990 0.1678682 0.0168932 -0.0739188 -0.2630750 0.1443584 0.0825250 0.0534300 -0.1197353 -0.2237805 0.1549213 -0.1867426 0.0668999 0.1518637 0.0099150 0.1076568 0.0787534 -0.0067199 -0.2420519 -0.0044509 -0.1221768 0.0998965 -0.1425407 -0.3092726 -0.5196213 -0.5440668 0.3201491 0.1510839 -0.4031897 -0.4396392 0.1905474 -0.3283519 -0.0027682 -0.2352811 -0.3566657 -0.5107560 -0.2008709 -0.3875756 0.0036769 0.0470446 -0.1496207 -0.0421744 -0.1045389 -0.0532932 -0.1948559 -0.6120789 -0.0358395 -0.4965533 -0.0174561 0.0335217 -0.0429912 -0.1145184 -0.2673404 -0.5221879 0.0602928 -0.0765229 -0.0588920 -0.6853771 -0.0804600 0.1565183 0.2767230 -0.3314400 0.1284898 -0.0177095 -0.5823861 -0.1493097 -0.0649780 -0.2674490 -0.1484153 0.0235649 0.0640928 -0.1665026 0.0805156 -0.1665016 0.5889240 0.3361932 0.4003477 0.2743341 0.1469947 0.2699912 0.3173494 0.3841622 0.1507862 0.3358228 0.3557745 0.4037660 0.3549396 0.6520848 0.5701336 0.6503029 0.4150174 0.3673740 -0.1106879 0.2707492 0.4845201 0.0966763 0.0172501 0.0008085 -0.0601451 0.0405781 0.1238214 0.0704762 -0.0725043 -0.0348077 -0.1564511 -0.0800423 0.4603879 0.4396625 0.3381419 0.1538134 -0.0780959 -0.1843039 -0.2818848 -0.1501877 0.5511639 0.4033980 -0.0487321 0.1392690 0.0231359 -0.0088984
0.7742533 0.0000000 0.8303500 0.6953258 0.3037110 0.6950652 0.1654483 0.6719593 0.4680027 0.4835957 0.2517391 0.2693933 0.3700757 0.2681062 0.2908007 -0.0237727 0.4074243 0.2979762 0.1848773 0.2848461 0.2047317 0.3967660 0.1180839 0.2959192 0.2639220 0.0101661 -0.0007669 0.0518240 0.4705890 -0.1698478 0.1216248 0.3442903 0.1231352 0.4488455 0.0924902 0.4992127 0.0893895 0.2222285 0.0363395 0.0783414 0.1597164 0.3949111 -0.0100331 0.0582025 0.4001685 0.1882744 0.0086536 0.2232262 0.2207415 0.1224300 -0.0667028 0.0424455 0.6388634 -0.1089093 0.3093912 0.1771877 0.0001634 -0.0413228 0.1460987 -0.1091077 0.3812713 -0.1179213 0.4293787 0.5600463 0.5350217 0.1622112 -0.1502971 -0.0744703 0.3761147 0.2792000 -0.0279463 0.6787958 -0.1292307 0.6610061 0.2012454 0.3896795 0.3624804 0.3352974 0.4892615 0.2156850 0.5676446 -0.2978930 -0.0720555 -0.0855482 -0.1571043 -0.1600399 0.0341997 -0.2525141 -0.1820722 -0.3709184 0.0211757 -0.1660359 -0.0416422 -0.0884267 -0.1338354 -0.0403208 -0.0326230 -0.1690054 -0.2130905 0.3767782 -0.2358191 -0.1229194 -0.2195684 0.0908064 -0.0986223 -0.1760618 -0.2204611 -0.1706924 -0.0203194 -0.1670206 -0.1720144 0.1002564 0.1449078 -0.0456574 -0.0040680 0.0512423 -0.1753211 0.0837495 0.0542161 0.2177381 -0.3028851 -0.3714323 -0.3733818 -0.2648818 0.0660132 0.1692591 -0.3707876 -0.5367039 0.2110250 -0.3780552 -0.2403294 -0.4214236 -0.3957464 -0.4771923 -0.3615379 -0.4603796 -0.2003356 -0.0434371 -0.3502328 -0.1225354 -0.3986250 -0.1952770 -0.2020722 -0.6958477 -0.2279690 -0.5256637 -0.2407282 -0.2340596 -0.2918063 -0.2945500 -0.4260558 -0.5932969 -0.1579441 -0.3058553 -0.2517860 -0.7078920 0.0386674 -0.1705319 0.3233953 -0.4536487 -0.1216932 -0.1782155 -0.5667686 -0.1344763 -0.2890990 -0.4638778 -0.2396851 -0.1095520 0.0745394 -0.2208819 -0.1828996 -0.2876560 0.5723629 0.4782494 0.4649349 0.3778464 0.2926421 0.1137544 0.4131596 0.5490895 0.3300977 0.2609636 0.0686524 0.1845997 0.1099641 0.3806295 0.2102160 0.3523343 0.2560449 0.2919254 0.3021446 0.4460500 0.5798977 0.3982912 0.3641435 0.3778093 0.3334895 0.4627277 0.2483737 0.1634255 0.0677063 -0.2219366 0.0001532 0.2509958 0.0124281 0.1667575 0.2601535 0.2731627 -0.0190615 -0.4674008 -0.2166015 0.0845025 0.2027698 0.0963569 0.0332246 0.1765351 0.1947142 0.0427316
0.7568180 0.8303500 0.0000000 0.6024455 0.4430139 0.6602354 -0.0362020 0.7479895 0.4134344 0.4067896 0.4698728 -0.0028198 0.5365228 0.1581243 0.2078640 0.2228052 0.3972283 0.1728389 0.2826874 0.5227237 -0.0175703 0.5210947 0.3295665 0.1258298 0.3731078 0.0874995 -0.2845519 -0.2382956 0.3699636 -0.4420364 0.3789132 0.3488302 -0.0117465 0.3732126 -0.0664716 0.3635498 -0.1340686 0.3393597 -0.1213433 -0.2240217 0.2707796 0.3918525 -0.1014101 -0.1863389 0.3979088 0.2219222 -0.1898811 0.3858199 0.0689626 0.3272963 -0.2817492 -0.1573500 0.3946374 -0.2198531 0.4562130 0.3871076 -0.1348112 -0.0645486 0.2413434 -0.3068522 0.4293502 -0.1561185 0.5274475 0.3935786 0.3780175 0.2279870 -0.1761913 -0.0363451 0.5333661 0.1048245 -0.0552763 0.4646483 -0.1254504 0.4626503 0.2904624 0.0514166 0.0834008 0.3411785 0.2471791 0.1618561 0.5709888 -0.3220784 -0.1312633 -0.1748330 -0.1995139 -0.1451082 0.0398155 -0.2129924 -0.2233821 -0.2924166 0.0836463 0.0306654 -0.0219262 -0.0542403 -0.1900149 0.0610618 0.0615910 -0.0645005 -0.0705866 0.3226779 -0.1152299 -0.0031869 -0.1903676 0.1224945 0.0615948 -0.0451459 -0.1170688 -0.1222141 0.1790528 -0.1005876 0.0326737 0.2018044 0.2712830 0.0409584 0.0012208 0.2305637 -0.1560666 0.1920598 0.1066724 0.2978812 -0.0461826 -0.1852439 -0.4051491 -0.2309941 0.3026226 0.1942767 -0.0801482 -0.4688097 0.3198818 -0.0987110 0.0480415 -0.3599519 -0.0418195 -0.2211433 -0.4005275 -0.3488850 0.0734766 0.1584297 -0.1265019 0.0267783 -0.3106942 0.0882139 -0.1697614 -0.4599607 0.0398167 -0.4530439 -0.0863842 -0.0770820 -0.1587362 -0.1028420 -0.2856778 -0.3543603 -0.0571202 -0.2426130 -0.2414589 -0.6211861 0.1916088 -0.0670577 0.4012073 -0.2574915 -0.0825838 -0.0101540 -0.4313451 0.0979007 -0.2051176 -0.3321426 -0.0844418 0.0876077 0.3080754 -0.0060952 -0.0065245 -0.0704147 0.4193663 0.2765294 0.1431710 0.0175438 -0.0082184 -0.0838444 0.1531284 0.3839810 0.2562153 0.3533298 0.2735213 0.4191306 0.2229784 0.3557479 0.2135103 0.2748124 0.1316720 0.0512191 0.2214053 0.1791781 0.3105310 0.1110682 0.2191035 0.1053033 0.0682949 0.1002904 0.0575005 0.1848188 0.2612444 -0.2625807 0.0776703 0.2642231 0.2244985 0.0851555 0.4205173 0.4640652 0.2563251 -0.4694479 -0.1339966 -0.0165470 0.4952274 -0.0086637 0.2662308 0.5037597 0.0191765 -0.0441710
0.3698691 0.6953258 0.6024455 0.0000000 0.0718689 0.8860318 0.2202279 0.7312044 0.5927303 0.7016392 0.4524215 0.6456068 0.1074327 0.4090429 0.5141585 0.1739529 0.5745220 0.3966670 0.1778395 0.0573935 0.5327282 0.4070501 0.1612953 0.3776837 0.4554558 0.1318501 0.0456826 0.1305270 0.4567150 -0.1055008 -0.0566144 0.3020293 0.1017977 0.4085844 0.0242015 0.4636835 0.1844801 0.0944791 0.0568477 0.0368118 -0.0634500 0.0829429 -0.0356537 0.0635253 0.1154443 0.3418847 0.0785593 -0.0456360 0.2333972 0.0058879 0.0608106 0.0109128 0.4461178 -0.0099322 -0.2407386 -0.0405842 0.0411969 0.0097608 -0.0601120 0.0272494 -0.0804241 0.0376298 -0.1633812 0.6825101 0.5972984 -0.1022722 -0.1112722 0.0158455 -0.1209131 0.4041899 -0.1765557 0.5993745 -0.1008246 0.3789633 -0.1891891 0.3355509 0.5041012 -0.0263537 0.2324864 0.1311219 0.2182001 -0.1189694 -0.1008015 -0.3004628 -0.2887627 -0.3817835 -0.2958633 -0.2535457 -0.5469517 -0.5560110 -0.4306946 -0.3975841 -0.4714853 -0.0703371 -0.5556462 -0.3713070 -0.3604334 -0.4140630 -0.4697910 0.2311024 -0.1621009 -0.3738128 -0.4210649 0.1309546 -0.5864285 -0.5498134 -0.6233561 -0.5043768 -0.4509403 -0.5427023 -0.5522002 -0.2871626 -0.1684015 -0.4886097 -0.2950026 -0.0955095 -0.2777232 0.1213217 0.0410960 0.0516498 -0.3301805 -0.2878414 -0.1081399 0.0262360 -0.2045670 0.2028873 -0.1700715 -0.5170402 0.0227046 -0.0465728 -0.3090760 -0.6308784 -0.2478837 0.0308894 -0.5389548 -0.4439063 -0.1925956 -0.2040688 -0.3851138 -0.1296933 -0.6090760 -0.3176373 -0.4435848 -0.3712352 -0.3363200 -0.4045362 -0.4985955 -0.4730547 -0.4707494 -0.5223008 -0.5462701 -0.3293352 -0.4174705 -0.4953952 -0.5394218 -0.4972593 0.0218325 -0.4856359 -0.0768546 -0.2571384 -0.4563821 -0.4171213 -0.2726717 0.0463261 -0.5198113 -0.3930612 -0.3518988 -0.2301781 0.0217532 -0.2636920 -0.4023617 -0.3617279 0.6997877 0.5756810 0.5129849 0.5218158 0.5404246 0.2082624 0.3245176 0.2231184 0.1816794 -0.0122660 -0.1682996 -0.0471185 -0.0314895 -0.0818677 -0.1789732 -0.0449915 0.1370664 0.1495406 0.3072575 0.4396848 0.4389967 0.2908944 0.5640440 0.5936805 0.7298262 0.7019270 0.6317823 0.4155901 0.3378051 -0.1601592 0.2622046 0.5343525 -0.3322339 -0.1024776 0.0737389 0.5796382 0.1961925 -0.2858145 -0.1196691 0.5764090 -0.1592548 0.1655375 0.3529337 0.1619003 0.4616068 0.2008366
0.3785995 0.3037110 0.4430139 0.0718689 0.0000000 0.2929877 -0.3893166 0.5558168 0.2666496 0.2831101 0.3645547 -0.1994169 0.6334798 0.2383543 0.1111069 0.4456232 0.4276686 0.1619640 0.2211924 0.3621566 -0.1530628 0.3645694 0.5934887 -0.0706624 0.1656929 0.0733418 -0.3379603 -0.1827635 0.0673625 -0.4162268 0.4701127 0.2205075 -0.1845616 0.0212721 -0.0560177 -0.1191733 -0.2637877 0.3982124 -0.2256785 -0.1381782 0.5220592 0.0678315 -0.0262916 -0.2539765 0.0309460 0.1098015 -0.1993171 0.4963757 -0.1838546 0.4964179 -0.2582164 -0.1560742 -0.0183637 -0.0156453 0.6027973 0.4917905 -0.0893865 0.1071283 0.3196780 -0.2147387 0.3426684 -0.0249415 0.4698482 0.3026729 0.0126844 0.3222346 0.0024134 0.1506918 0.4312892 0.1509388 0.0358367 -0.0481435 0.0007756 0.1002494 0.3378804 -0.0196704 -0.2793969 0.2101056 0.0071624 0.3216038 0.2518532 -0.0464674 -0.0826007 -0.0900193 -0.0302574 -0.1895867 -0.0378302 -0.0103133 -0.0673324 0.0475112 0.2210980 0.3392363 -0.0944379 -0.0020296 0.1054906 0.4118080 0.2893038 -0.0309119 0.1549509 0.3350848 0.0227251 0.0354377 -0.0895548 -0.0913637 0.2939854 0.2775576 0.0566336 0.0538225 0.2954117 0.2604537 0.2488512 0.1545193 0.1413271 0.2108209 0.3212482 0.1707170 0.0517141 0.1956611 0.0577070 0.0828779 -0.1314655 -0.2450832 -0.1792164 -0.3464764 0.3682206 0.0276497 -0.0775228 -0.0585656 0.2718584 -0.1220384 0.2338215 -0.0965060 0.2084945 -0.1783205 -0.2414583 -0.0702461 0.0488312 0.4430034 0.2066922 0.0949676 -0.0029113 0.3577321 0.4600824 -0.1908830 -0.0085941 -0.1187504 -0.0120546 -0.0472535 0.4480024 0.0895467 -0.1368490 -0.2987371 0.0007920 0.1512308 0.0242282 -0.4609811 0.4176246 -0.0235762 0.6167590 -0.1837178 0.0638681 0.3160516 -0.4073061 0.1768912 0.0823622 -0.1285558 0.0716160 0.3643996 0.4348877 0.3642369 0.2062450 0.3291555 -0.1972269 -0.2417280 -0.3152978 -0.2348592 -0.2101657 -0.3435675 -0.1713336 0.0034966 0.0373293 0.3974530 0.4880076 0.5940891 0.3156827 0.1889701 0.1197321 0.0498174 -0.2140097 -0.2978054 -0.0700555 -0.3737143 -0.2096760 -0.2487699 -0.1720895 -0.3263927 -0.2917930 -0.2016648 -0.0921957 0.0388263 -0.3108636 -0.5934002 -0.6160943 -0.4284487 0.3780892 -0.0733344 0.3794888 -0.2907607 -0.0130305 -0.5538617 -0.1786383 -0.3654186 0.5586197 0.0472982 0.0480960 -0.0814743 -0.3745880 -0.5518598
0.4631987 0.6950652 0.6602354 0.8860318 0.2929877 0.0000000 0.1915962 0.7455293 0.6985295 0.8294635 0.3083863 0.5795935 0.1267349 0.5126095 0.3973762 0.0576234 0.6572694 0.3594186 0.1158676 0.0438863 0.3960321 0.3602689 0.0580232 0.3189869 0.3941131 0.0280611 -0.0537053 0.0817615 0.2717584 -0.1803151 -0.0663628 0.1709156 -0.0068755 0.2923616 -0.1293153 0.3024936 0.0348210 0.0494228 -0.2098980 -0.1715493 -0.0898353 0.0032143 -0.2826019 -0.2122703 0.0614201 0.1968615 -0.1293885 -0.0638411 -0.0422711 0.0421691 -0.1310049 -0.2079641 0.2798755 -0.2528113 -0.1340463 -0.0018930 -0.1119643 -0.2427341 -0.0493487 -0.1623473 -0.0601949 -0.1387022 0.0053785 0.5947992 0.5080926 -0.0793143 -0.2457683 -0.1276249 0.0635889 0.2431517 -0.2687247 0.6084052 -0.2545426 0.3371452 -0.0551204 0.1448020 0.3986523 -0.0219828 0.1145195 0.2282928 0.3250522 -0.3421954 -0.1841156 -0.3074325 -0.2687836 -0.4359398 -0.3604179 -0.1818012 -0.6525349 -0.5235534 -0.3131715 -0.3639202 -0.4128552 -0.1291610 -0.5392282 -0.3675474 -0.3150991 -0.3535462 -0.4061626 0.1066865 -0.1656008 -0.2736339 -0.4432661 -0.0959586 -0.4476879 -0.4880130 -0.6145726 -0.5016209 -0.3405605 -0.4822985 -0.3447509 -0.2238429 -0.0796773 -0.2938180 -0.1963206 0.0293342 -0.3064005 0.1577276 0.0050764 -0.0196154 -0.4322584 -0.4444912 -0.1554518 -0.1113256 -0.1252786 0.0795995 -0.2452384 -0.5015067 -0.0487540 -0.0919524 -0.3018571 -0.5631142 -0.1197527 -0.0478326 -0.3892106 -0.4377439 -0.1394982 -0.2327235 -0.3642088 -0.1381955 -0.5117250 -0.3017679 -0.4416937 -0.3910898 -0.3003302 -0.4030989 -0.5386707 -0.5256124 -0.4247145 -0.4674509 -0.5072623 -0.4177843 -0.4691429 -0.4531098 -0.5151385 -0.6213710 -0.0225136 -0.4771746 -0.0382245 -0.4364295 -0.4553995 -0.3838788 -0.4427934 -0.0424692 -0.5405401 -0.4890869 -0.4036798 -0.2103813 0.0059773 -0.2788804 -0.3844369 -0.4198995 0.6202724 0.4459856 0.3657617 0.3816071 0.3401185 0.0676823 0.1080598 0.0832173 0.1283114 0.0355952 -0.0648287 0.0304398 -0.0482350 -0.0508666 -0.1814306 -0.0369685 0.0472217 0.1075069 0.1572134 0.3874755 0.4045237 0.1120069 0.3213405 0.3622253 0.5607323 0.5181800 0.5878386 0.3166276 0.2983663 -0.1710988 0.2494606 0.4641219 -0.1373928 0.0879377 0.0849140 0.5332317 0.3089739 -0.2372138 -0.0027991 0.4060241 0.0561479 0.2046857 0.2394498 0.2240089 0.4904640 0.1607132
0.1657886 0.1654483 -0.0362020 0.2202279 -0.3893166 0.1915962 0.0000000 -0.1594577 0.0097300 0.1769882 -0.0136482 0.4509841 -0.4986914 -0.1260412 -0.0491176 -0.4726521 -0.2169461 -0.1013990 -0.5455462 -0.3737577 0.3579616 -0.4702362 -0.3736870 0.0605998 -0.4476571 -0.5089357 0.2776155 -0.0508454 -0.0824317 0.2463653 -0.6557899 -0.4676648 -0.0856481 -0.1309900 -0.0719667 0.2951472 -0.0938307 -0.6314926 -0.1402352 -0.0524586 -0.6829638 0.0388686 -0.0755669 -0.0178545 0.0930684 -0.3424674 -0.1801970 -0.4537252 -0.0877630 -0.4283080 -0.0951306 -0.1422798 0.1601159 -0.1018774 -0.3297193 -0.3203064 -0.1277585 -0.1866916 0.0290040 -0.1371939 0.2315364 -0.2532171 -0.0557503 0.0464379 0.5493343 -0.0600869 -0.1724237 -0.2113971 -0.0058397 -0.0696360 -0.0832610 0.4829472 -0.2764307 0.4882488 -0.1785963 0.0385404 0.5374265 -0.2045300 0.1494740 0.0820298 0.1830068 -0.4831422 -0.3548664 -0.2755465 -0.4570897 -0.0225454 -0.0400543 -0.4371645 -0.2364509 -0.4232957 -0.1684886 -0.4852943 -0.1815662 -0.0949861 -0.1811105 -0.5593237 -0.3906469 -0.3105492 -0.0387991 -0.1608602 -0.1475830 -0.1582582 -0.1571354 0.2126020 -0.4002446 -0.2245156 -0.4485793 -0.2999521 -0.1716582 -0.5172850 -0.1706457 -0.1401680 -0.5600912 -0.5410066 -0.6210746 -0.5859617 -0.6587436 -0.5918133 -0.4953897 -0.2348524 -0.4011080 -0.4130811 -0.2798835 -0.1745403 -0.3961011 0.2244823 -0.6611669 -0.2410511 -0.1010731 -0.5898454 -0.4808191 -0.1061947 -0.5689221 -0.4122674 0.0227382 -0.3177301 -0.2873434 -0.2638310 -0.2670623 -0.1695607 -0.2504791 -0.4012247 -0.5275823 -0.3350827 -0.1476112 -0.4544769 -0.1764998 -0.0604148 -0.6163258 -0.4410522 -0.3079123 -0.4023850 -0.2668268 -0.5124030 -0.1202635 -0.4187453 -0.5215513 -0.1282358 -0.5141316 -0.0950490 -0.1043933 -0.4663988 -0.4079613 -0.3906079 -0.3744705 -0.3792159 -0.5981738 -0.7070751 -0.7122492 -0.6208477 -0.4477818 -0.6610556 0.5710197 0.4461454 0.6152120 0.5329289 0.4936532 0.6744760 0.5482898 0.0255982 -0.0330862 -0.2435413 -0.1482114 -0.2552007 -0.0500084 0.3766164 0.1849285 0.4234348 0.4613471 0.4387584 0.0514661 0.4856089 0.3689840 0.5340712 0.3466496 0.5290505 0.3694594 0.2779416 0.4410363 0.1456809 0.0560134 0.5447337 0.3607232 0.2928343 -0.2719783 0.4331838 -0.0056068 0.1239054 -0.3316125 0.3383567 -0.0836639 0.3737685 -0.1646240 0.4824717 -0.0521877 -0.2113238 0.3871170 0.4356954
0.3998024 0.6719593 0.7479895 0.7312044 0.5558168 0.7455293 -0.1594577 0.0000000 0.4878577 0.5401109 0.5566990 0.2046033 0.6611968 0.3576714 0.4128050 0.4951753 0.6015759 0.3337197 0.4123697 0.2716135 0.1865970 0.6869502 0.4752506 0.2106022 0.5209817 0.2761912 -0.2113449 -0.0149240 0.5580782 -0.3182992 0.4598487 0.4202292 -0.0396327 0.4421398 0.0536871 0.4016022 0.0125539 0.4535922 -0.1129901 -0.0775857 0.3810469 0.3213754 -0.0149325 -0.0953591 0.3566439 0.4531373 0.0265812 0.3507289 0.1308579 0.4696443 -0.0505910 -0.0907727 0.4770906 0.0352948 0.2443068 0.4147175 0.0427755 0.1636648 -0.0130810 -0.0483030 0.0761680 0.1263620 0.1424258 0.7229685 0.3359343 0.1444262 0.0223039 0.2455094 0.2207871 0.5102299 -0.1285641 0.2184589 0.0105004 0.1300367 0.1332067 0.1835127 -0.0546577 0.1225525 0.1419632 0.3997910 0.2106806 -0.0149797 0.1150900 -0.0966507 -0.0790035 -0.1503496 -0.1152360 -0.0410457 -0.2888583 -0.1999488 -0.1482587 0.0410562 -0.2193662 0.0828137 -0.2951008 0.1182930 -0.0339880 -0.1333944 -0.1676101 0.6011016 0.0904601 -0.0440688 -0.1452859 0.1607050 -0.1503006 -0.1364311 -0.1515268 -0.0863150 0.0634317 -0.0247250 -0.2103616 0.1794640 0.0624836 -0.0540825 0.1195705 0.2305407 0.0466046 0.3337626 0.2819644 0.3501356 -0.0328878 -0.0508373 0.0304192 0.0628983 0.2313248 0.3204331 0.1150443 -0.2214506 0.3401491 0.0854562 0.0563234 -0.3926292 0.0170331 0.0867140 -0.5113971 -0.0700761 0.0990426 0.3118211 -0.0057532 0.2291849 -0.2980546 0.2471905 0.1034369 -0.1244466 0.0357765 -0.1526316 -0.1672691 -0.1968739 -0.0032607 -0.1020277 -0.2233730 -0.1542291 -0.1093408 -0.1654843 -0.3067202 -0.4977749 0.4527300 -0.2244383 0.4401546 -0.0340177 -0.1724586 0.0569756 -0.2679299 0.3589147 -0.1761539 -0.2995929 -0.0153077 0.2121332 0.4449550 0.2020706 -0.0060930 0.1076718 0.2770394 0.1166286 0.0373418 -0.0037737 0.0362860 -0.2551415 0.1543413 0.3466919 0.3777276 0.3780713 0.1255681 0.2937294 0.0407092 -0.1326380 -0.2276742 -0.1947467 -0.2916473 -0.3607110 0.4274164 -0.1337308 -0.0371937 0.1197738 0.4068237 0.2900077 0.2949190 0.3183531 0.2974281 0.4426441 0.0591033 -0.5415584 -0.0415328 0.1973360 -0.0685936 -0.2776088 0.4382509 0.3304520 0.1142429 -0.6232060 -0.0447837 0.1798927 0.2467477 0.1129401 0.4715201 0.1798858 -0.0648185 -0.2791947
0.3893405 0.4680027 0.4134344 0.5927303 0.2666496 0.6985295 0.0097300 0.4878577 0.0000000 0.8949628 0.0996126 0.6597355 -0.0027968 0.9254989 0.8204587 0.1205492 0.7518804 0.8330836 0.0563786 -0.1931482 0.5425183 0.1859768 0.1189630 0.7783481 0.2369670 0.1168870 -0.3630450 0.5124698 0.3493061 -0.2255271 -0.1608666 0.1140864 0.5393485 0.6822904 -0.3273298 0.1688896 -0.0657798 -0.0805941 -0.1340910 -0.1851255 -0.1156531 -0.1122755 -0.4240843 0.0951527 -0.1309343 -0.0527763 -0.2037291 -0.1259769 0.3059859 -0.1271124 -0.2452002 -0.3032058 0.2957113 -0.4232793 -0.0971730 -0.2517176 -0.3140606 -0.3129591 0.2710357 -0.3371664 -0.0364607 -0.3606016 0.0484443 0.4265235 0.0602289 -0.2413794 -0.5626255 -0.3738921 -0.0640105 0.1056500 -0.4268079 0.5512849 -0.5361799 0.3754569 -0.1602888 0.1125220 0.5033264 -0.1685032 -0.2008696 -0.2103260 0.3303667 -0.2354159 -0.2231744 -0.1072612 0.1078853 -0.7588526 -0.6610638 0.0841659 -0.5729687 -0.2469553 -0.4428041 -0.3365654 -0.5504937 0.0744893 -0.5206304 -0.2357477 -0.3513396 -0.3381037 -0.5514617 -0.0811841 -0.0447212 -0.4734399 -0.6357474 -0.3198800 -0.5449799 -0.5845277 -0.5812645 -0.5203731 -0.5756943 -0.3276190 -0.5630042 -0.4231232 -0.0717170 -0.2864734 -0.1978720 -0.1116056 -0.3058943 0.1662720 -0.1593167 -0.1579171 -0.4666529 -0.3886674 -0.2563593 -0.2426547 -0.1314451 -0.1044739 -0.0014759 -0.5745891 -0.2283144 -0.0765168 -0.3514939 -0.7225243 0.1155758 -0.0668021 -0.3385328 -0.5364012 -0.1832625 -0.2970256 -0.3679969 -0.2634489 -0.4770085 -0.3996624 -0.3296028 -0.3752412 -0.4782113 -0.2531042 -0.6985780 -0.5791512 -0.1743923 -0.4686452 -0.5775446 -0.5093808 -0.4433577 -0.3302609 -0.5939832 -0.6193537 -0.0922717 -0.4650195 -0.1411357 -0.6069563 -0.4102032 -0.2957138 -0.6035710 -0.2496356 -0.4555863 -0.5641741 -0.4143200 -0.0144088 0.1278083 -0.1658825 -0.3050216 -0.2468982 0.4554451 0.1130706 0.2469724 0.3159998 0.4052558 -0.0249696 0.0093940 -0.1431375 -0.2081999 0.0195904 0.0946552 0.2471584 0.3555817 0.0851347 0.2002953 0.2222629 0.2919364 0.2684909 0.0180377 0.2825357 0.3589778 -0.1908422 0.0500112 0.0425641 0.3699419 0.4789390 0.6577993 0.2360397 0.2644773 -0.2480852 -0.0148744 0.1275526 0.1687410 0.3182041 -0.1294850 0.3366683 0.4220600 -0.2405262 -0.1762684 0.2320298 0.2208447 0.1829635 0.1662373 -0.0286635 0.3722157 -0.0617819
0.4114388 0.4835957 0.4067896 0.7016392 0.2831101 0.8294635 0.1769882 0.5401109 0.8949628 0.0000000 0.2331531 0.7412749 -0.0971647 0.7770029 0.6312596 0.0580255 0.7587493 0.6330380 0.0381500 -0.2979321 0.5678775 0.2069811 0.0166571 0.5301760 0.2530958 -0.0890095 -0.2486714 0.2824987 0.2717308 -0.2173556 -0.3021396 -0.0417477 0.1804430 0.4253541 -0.3509446 0.1464348 -0.1291821 -0.2333778 -0.2298317 -0.2716626 -0.2827513 -0.1552048 -0.4349430 -0.1421605 -0.0751967 -0.0972687 -0.3014390 -0.2926271 0.0063206 -0.2273937 -0.3026863 -0.3571533 0.2039513 -0.4273239 -0.2674112 -0.3096794 -0.3590342 -0.4059335 0.0827899 -0.3596456 -0.1250779 -0.3903477 -0.0926142 0.4497818 0.2254549 -0.3132002 -0.5197836 -0.3705768 -0.1395681 0.0930241 -0.4977091 0.5179539 -0.5413815 0.2908482 -0.2810792 0.0247074 0.4946930 -0.3234143 -0.2436855 -0.0558831 0.1819047 -0.3637099 -0.2057317 -0.1358659 -0.0523833 -0.7002211 -0.6030227 -0.0107387 -0.6536579 -0.3947605 -0.4621237 -0.3990187 -0.5580154 0.0663590 -0.5826674 -0.2790796 -0.3310032 -0.3268320 -0.5354577 -0.0999403 -0.0335325 -0.4774405 -0.6408396 -0.2179508 -0.5933147 -0.5677215 -0.6970827 -0.6316920 -0.5301459 -0.5396663 -0.5191916 -0.3382454 -0.2622818 -0.3394213 -0.2157319 -0.0797944 -0.2774900 0.1419292 -0.0728883 -0.1355424 -0.4117690 -0.3606033 -0.1861657 -0.1434583 -0.0946481 0.0411849 -0.1345790 -0.5097501 -0.1642929 -0.0836731 -0.3144405 -0.6659014 -0.0082610 -0.0129717 -0.3328795 -0.4613892 -0.1091127 -0.2634082 -0.2751680 -0.2090528 -0.4132241 -0.3628216 -0.3558474 -0.3840336 -0.3654069 -0.3083401 -0.5648946 -0.4753692 -0.2618853 -0.4975233 -0.5998886 -0.4436686 -0.4060747 -0.3676358 -0.5112403 -0.6262050 -0.0589006 -0.3751075 -0.1703567 -0.4787022 -0.3767644 -0.3310787 -0.5554098 -0.1313409 -0.4537600 -0.4309960 -0.4384450 -0.1445029 0.0075090 -0.2414325 -0.3405278 -0.3663882 0.5859325 0.2948524 0.4112248 0.4412248 0.4582288 0.0919891 0.0822286 -0.1895084 -0.1947014 -0.1201335 -0.0878235 0.0409821 0.1324692 -0.0277984 -0.0016496 0.0933651 0.1634824 0.1785106 0.0194505 0.2905966 0.3498309 -0.0577958 0.1695307 0.2188998 0.4921742 0.4939338 0.7134528 0.3295471 0.2007964 -0.1687106 0.0669189 0.1775646 0.0546212 0.1765286 -0.0693098 0.4025083 0.2751408 -0.1249015 -0.0692293 0.3770645 0.1162190 0.3782201 0.1366624 -0.0570629 0.4095133 -0.0256206
0.2308579 0.2517391 0.4698728 0.4524215 0.3645547 0.3083863 -0.0136482 0.5566990 0.0996126 0.2331531 0.0000000 0.0269087 0.3913933 -0.0518049 0.2103501 0.6880014 0.4309587 -0.0014975 0.4031292 0.2138106 0.1134523 0.4719911 0.6957762 -0.1610416 0.4601538 0.2199021 -0.0136308 -0.3442169 0.4163895 -0.1877300 0.3449018 0.3695699 -0.2554362 0.1685717 0.2600477 0.2870238 0.0875229 0.3198844 0.2830947 0.0739603 0.2802892 0.3020663 0.4594760 0.0122837 0.3605259 0.4554570 0.1588747 0.3694902 0.1568741 0.3990840 0.1316745 0.2504867 0.3212256 0.4186165 0.1404851 0.4183084 0.1816460 0.4612741 0.0966808 0.1380641 0.2263646 0.3182693 0.0627403 0.4842622 0.3255464 0.2557324 0.2802164 0.4671258 0.1533144 0.4460361 0.1699072 0.0807220 0.2536085 0.1055890 0.0766983 0.0602817 -0.0684532 0.0764875 0.0400331 -0.0441769 0.0123896 -0.0639872 -0.0454899 -0.2577295 -0.3613319 -0.0950894 -0.1427132 -0.3020691 -0.3520792 -0.3968020 -0.3086723 0.1707983 -0.1462806 -0.1314126 -0.4459940 0.0993841 0.2625764 0.0122719 -0.1978834 0.3530194 -0.1082906 -0.0197841 0.0110962 0.1515436 -0.1092540 -0.1193240 -0.1552196 -0.0530268 0.0889119 -0.1575544 -0.1613725 0.1756284 -0.0708045 -0.1985978 -0.0235064 -0.0154465 -0.0350329 0.2492058 0.2001823 0.2865894 0.1920914 0.1210776 -0.0711745 0.1566184 0.2239684 0.2966932 0.0566342 -0.0952361 0.3709949 0.0924708 0.2695169 -0.2918378 -0.0198650 0.1142148 -0.5519007 -0.0701649 0.1458791 0.3968790 0.1929596 0.0822924 -0.3047612 0.2474803 0.0113995 -0.0780286 0.1455028 -0.1876580 0.0971404 0.0843462 -0.0482816 -0.1633572 -0.2654345 0.1092899 0.1367578 -0.2485347 -0.1337985 -0.2433762 0.4703290 0.0265243 0.2401535 0.2922873 -0.0553145 0.0668438 -0.0768350 0.5096705 -0.0075855 0.0514261 0.0396093 0.1165070 0.3959733 0.2362833 -0.0253836 0.2155291 0.1248156 0.1416617 0.0023423 -0.0611803 0.0625934 -0.0396427 0.1287252 0.0608923 -0.0209424 0.1320627 0.1320666 0.2198493 0.0612744 0.0128790 -0.0788701 -0.0860964 -0.1151792 -0.3538571 0.2706014 -0.3090822 -0.2714718 0.1333181 0.3658915 0.2211548 0.0228566 0.0014422 0.0626693 0.2571590 0.0760528 -0.3020875 -0.0255407 0.0441609 -0.0295295 -0.3507387 0.3530184 0.3078152 -0.0317557 -0.3525719 0.1039940 0.1231127 0.1616042 0.0647076 0.3694141 0.1747284 -0.1864473 -0.3258567
0.1081106 0.2693933 -0.0028198 0.6456068 -0.1994169 0.5795935 0.4509841 0.2046033 0.6597355 0.7412749 0.0269087 0.0000000 -0.4470356 0.5905456 0.6196661 -0.1524432 0.4531630 0.5851836 -0.2633398 -0.5065024 0.8884953 -0.0480291 -0.1134014 0.5916479 0.0215184 -0.0694343 0.1368762 0.4831526 0.3169452 0.1468053 -0.6011250 -0.0720819 0.3157124 0.3373620 -0.1196834 0.3336045 0.1064205 -0.4309571 0.0175045 0.0773953 -0.4502040 -0.2132598 -0.1684576 0.2084021 -0.1312223 -0.1659254 -0.0621591 -0.5071095 0.2335789 -0.5336647 -0.0011183 -0.0623984 0.2516349 -0.1773322 -0.5689213 -0.5875984 -0.1404663 -0.1776652 0.0744570 -0.0408216 -0.2087721 -0.2112919 -0.3846371 0.4613759 0.2510675 -0.3736181 -0.3724235 -0.2810830 -0.4367123 0.2538808 -0.3272004 0.5760681 -0.3724213 0.3812464 -0.4979392 0.3286924 0.7856046 -0.3228732 -0.0436889 -0.1173884 0.0382878 -0.1270441 -0.1274106 -0.0238580 0.0491207 -0.5734566 -0.4906892 -0.0085092 -0.4965718 -0.3295322 -0.5495623 -0.6262290 -0.6477866 0.1193850 -0.4745621 -0.4796654 -0.6165053 -0.5134871 -0.5649028 -0.1262967 -0.0086151 -0.6289407 -0.6014125 -0.0387857 -0.7955715 -0.6480406 -0.7245188 -0.6589766 -0.7734623 -0.5391426 -0.7701301 -0.5824403 -0.4970748 -0.6371316 -0.4302655 -0.4280396 -0.3635056 -0.0944634 -0.2139786 -0.2375821 -0.5008294 -0.3390949 -0.1205037 -0.0125789 -0.3659983 0.1462522 -0.2255945 -0.4821726 -0.1670916 -0.0951009 -0.3970906 -0.6567904 -0.1449442 0.0550077 -0.4177015 -0.4490989 -0.1549813 -0.3254875 -0.2634982 -0.1695633 -0.5186065 -0.5040325 -0.4772044 -0.2518082 -0.4533875 -0.1938960 -0.5950751 -0.4971806 -0.4371367 -0.6139375 -0.5343692 -0.3938511 -0.4646831 -0.4544678 -0.5537623 -0.4238709 -0.3383732 -0.4811502 -0.4780506 -0.3562000 -0.5146431 -0.5432846 -0.3714562 -0.2744957 -0.5824872 -0.4505701 -0.5570011 -0.3776347 -0.3075122 -0.4469765 -0.5669970 -0.5409101 0.6409771 0.3951615 0.6966262 0.7722865 0.8308282 0.4569957 0.4286707 -0.0474463 -0.1354377 -0.1988344 -0.1988774 -0.1171634 0.1485467 -0.0449177 0.0346126 0.1516290 0.4102474 0.4416105 0.1027136 0.4955465 0.4802846 0.2000082 0.4328417 0.5515864 0.7997671 0.7840455 0.9289890 0.4299644 0.1345782 0.1028401 0.1205333 0.1894809 -0.1575224 0.2346598 -0.1826107 0.2872868 0.0666352 0.1432741 -0.1111185 0.6785711 -0.2452222 0.4695830 0.2009239 -0.3689718 0.5289935 0.1852069
0.1167203 0.3700757 0.5365228 0.1074327 0.6334798 0.1267349 -0.4986914 0.6611968 -0.0027968 -0.0971647 0.3913933 -0.4470356 0.0000000 -0.0226277 0.0484487 0.6287457 0.1889435 0.0258797 0.5894595 0.6125419 -0.3136536 0.7167599 0.6624137 -0.0831064 0.4609413 0.4664960 -0.3436160 -0.2583450 0.4534204 -0.4916398 0.8844695 0.5019168 -0.0788676 0.2986231 0.1977253 0.0765484 -0.0160665 0.6978503 -0.1010150 -0.0479285 0.7361392 0.2853122 0.1831333 -0.0344123 0.2884975 0.5323640 0.1682902 0.6313743 0.1382400 0.7474276 0.0424651 0.0684019 0.3215638 0.3102381 0.6089303 0.7308690 0.1796178 0.4792449 -0.0754410 0.0798130 0.1453771 0.4360344 0.4059943 0.3128522 -0.0425352 0.3914471 0.3927067 0.5902603 0.4505563 0.4381087 0.1790581 -0.1945131 0.4146207 -0.0823555 0.4750857 0.0485813 -0.5589154 0.4636649 0.2471986 0.4115778 0.2320636 0.2012380 0.2355460 -0.0163157 0.0245165 0.0997542 0.1458459 0.0325148 0.0793971 0.0418124 0.2252234 0.2969889 0.2283469 -0.1041097 0.1299349 0.3808455 0.2839613 0.1070394 0.1008733 0.5857978 -0.0556894 0.2311090 0.2177577 0.0439006 0.3814414 0.2536337 0.3790963 0.4046868 0.4480064 0.5046804 0.1913388 0.4662136 0.5105144 0.3217189 0.3973726 0.4583130 0.3618741 0.3802908 0.4552187 0.5043447 0.2191133 0.1779140 -0.0368016 0.1381345 0.3963519 0.2266663 0.2771754 0.0167411 0.5090142 0.0849444 0.3205064 -0.0248618 0.2463281 -0.0030295 -0.3180169 0.1567539 0.1901457 0.5870149 0.2612620 0.3143669 -0.0564912 0.5623575 0.5164772 0.0009101 0.2798564 0.0281962 0.2089979 0.1216452 0.2810249 0.2687204 0.1162824 0.0240385 0.1516493 0.0703100 -0.0296271 -0.2055970 0.5640922 0.0098338 0.7048149 0.0807536 0.0520855 0.3338673 -0.1166579 0.3286987 0.0999990 -0.1435115 0.2382265 0.3849204 0.5693485 0.4176136 0.1873911 0.4239048 -0.3529113 -0.2664825 -0.4367718 -0.4573510 -0.3916971 -0.5680679 -0.0405919 0.3449858 0.2992186 0.4047208 0.1886716 0.3833797 0.0327272 -0.0442501 -0.1623593 -0.2252445 -0.4425526 -0.5330504 0.4579745 -0.4324235 -0.3224737 0.0676453 0.1748338 -0.0420720 -0.1993900 -0.1384438 -0.3874229 0.1617231 -0.0182630 -0.5842217 -0.2599603 -0.0405242 0.0516780 -0.3907410 0.5022258 -0.0352683 0.0974885 -0.6920292 0.0295872 -0.2395055 0.3265399 -0.3942071 0.2208331 0.2378460 -0.4664531 -0.4819030
0.1902435 0.2681062 0.1581243 0.4090429 0.2383543 0.5126095 -0.1260412 0.3576714 0.9254989 0.7770029 -0.0518049 0.5905456 -0.0226277 0.0000000 0.8373473 0.1930670 0.7246473 0.9047714 0.1501156 -0.2595676 0.5057033 0.1949448 0.1123601 0.8272040 0.2741131 0.2833634 -0.3049717 0.7067686 0.3279836 -0.0873543 -0.0821675 0.1790529 0.6499334 0.6964001 -0.2198738 0.0985218 0.0557223 0.0055177 -0.0410007 -0.0437047 0.0014014 -0.1640629 -0.3734328 0.2465492 -0.1891759 0.0184129 -0.0508266 -0.1048773 0.3761170 -0.0838481 -0.0807859 -0.2285968 0.2506104 -0.3234635 -0.1263097 -0.2554813 -0.1929118 -0.2233085 0.1585773 -0.1664410 -0.1745847 -0.2397115 -0.0548290 0.3144801 -0.1408684 -0.2417635 -0.4384294 -0.3007415 -0.1721611 0.1230398 -0.3665675 0.3306300 -0.4129411 0.1737151 -0.1857657 0.1476793 0.3392594 -0.1773997 -0.1990132 -0.1480887 0.1770404 -0.1190588 -0.1951452 -0.0738304 0.2136625 -0.7480373 -0.7243131 0.1347626 -0.4656269 -0.0935633 -0.4543802 -0.2930249 -0.5212530 0.1427295 -0.4722990 -0.2108537 -0.3639141 -0.3426032 -0.5536964 -0.1049961 0.0316944 -0.5109721 -0.6202868 -0.3966923 -0.5604677 -0.6121245 -0.5017699 -0.4768250 -0.6209326 -0.1944878 -0.5987106 -0.4512146 -0.0697633 -0.2123199 -0.0402207 -0.0950718 -0.1278525 0.2447556 -0.0862390 -0.1902501 -0.4184753 -0.2793174 -0.1386676 -0.1954038 -0.1723072 -0.2012764 0.0637789 -0.4915415 -0.3315199 -0.0429289 -0.3375937 -0.6773798 0.1244809 -0.0097872 -0.2852560 -0.4454140 -0.2095039 -0.3194381 -0.3249212 -0.2188771 -0.4365795 -0.3650550 -0.2025319 -0.2388225 -0.4923205 -0.1663003 -0.6855028 -0.6183651 -0.0925981 -0.4523512 -0.4854324 -0.3835823 -0.4391214 -0.2805206 -0.5945499 -0.4301987 -0.0713331 -0.5024351 -0.1215893 -0.5582847 -0.4440375 -0.3098504 -0.4993123 -0.2522983 -0.3916752 -0.5131440 -0.3885320 0.0118079 0.1584656 -0.1156332 -0.2790332 -0.1534814 0.2956473 -0.0170651 0.1146126 0.2114330 0.3073661 -0.1122469 -0.1072649 -0.1940807 -0.2495180 -0.0020980 0.0277636 0.1548177 0.2485422 -0.0791944 0.0986025 0.0758955 0.1311690 0.1452839 -0.0310191 0.1246660 0.1794009 -0.3049896 -0.0658876 -0.0650969 0.3163377 0.3998283 0.5537575 0.2060818 0.2227244 -0.2118382 -0.1342121 0.0440421 0.1498292 0.2879457 -0.2058953 0.2084910 0.3893782 -0.1626512 -0.1761205 0.1629568 0.1250224 0.1071605 0.0922108 -0.1216476 0.3895906 -0.0422056
0.1839005 0.2908007 0.2078640 0.5141585 0.1111069 0.3973762 -0.0491176 0.4128050 0.8204587 0.6312596 0.2103501 0.6196661 0.0484487 0.8373473 0.0000000 0.4077687 0.6364217 0.9411009 0.1322517 -0.2348859 0.5892309 0.2419545 0.3603045 0.8804564 0.2691942 0.3713073 -0.3234770 0.6667941 0.4859209 -0.1190634 -0.0237874 0.2881653 0.7524054 0.8274729 -0.1284416 0.2299020 0.0868737 0.0567780 0.1666475 0.0813120 0.0629584 -0.0776863 -0.1288841 0.4917594 -0.1209954 0.1256807 0.0673780 -0.0330088 0.6636606 -0.0746744 0.0101429 -0.0660391 0.4506085 -0.1086255 -0.1503340 -0.2216050 -0.0935076 0.0501659 0.3163807 -0.0664317 -0.0518765 -0.1067320 -0.1609057 0.4504227 0.0184304 -0.2228080 -0.3379927 -0.1407074 -0.2870871 0.2656342 -0.2854022 0.3478729 -0.2797924 0.3043662 -0.3310621 0.3383659 0.4559188 -0.1920857 -0.1004989 -0.2908959 0.0876428 0.0706572 -0.1420637 -0.0679788 0.1741086 -0.6823178 -0.6801743 0.0329998 -0.3367357 -0.1116459 -0.5972122 -0.2966913 -0.6397563 0.2496610 -0.4973448 -0.1348331 -0.4045214 -0.4013669 -0.6131937 0.0445883 0.0692089 -0.6000356 -0.5854435 -0.1241017 -0.6726867 -0.6213043 -0.4781492 -0.4647391 -0.6569113 -0.2465026 -0.8013169 -0.4807039 -0.2191501 -0.4588891 -0.2385842 -0.2792962 -0.2303132 0.0843176 -0.1360159 -0.1699464 -0.3422532 -0.1363900 -0.1687746 -0.1389205 -0.2224523 -0.0022843 0.1452214 -0.4975565 -0.1854393 0.0205011 -0.3084805 -0.7547958 0.0228882 0.0761252 -0.5099332 -0.4427439 -0.1855071 -0.1546816 -0.2876522 -0.1841613 -0.5004820 -0.2757529 -0.1983868 -0.2196377 -0.4383197 -0.1539063 -0.5704978 -0.4447570 -0.0354420 -0.4601708 -0.5352825 -0.3301611 -0.3100976 -0.2792689 -0.6215991 -0.4469129 0.0121950 -0.4263472 -0.1325353 -0.3275028 -0.3639410 -0.2572359 -0.4124689 -0.1172475 -0.3364399 -0.4815800 -0.3026984 0.1041052 0.2591137 -0.0223027 -0.2114038 0.0093510 0.3931612 0.0933237 0.2342483 0.3418257 0.5256246 0.0956275 0.1553047 -0.0920270 -0.2636223 -0.0066544 0.0600960 0.2385000 0.4503637 0.0207199 0.2278248 0.1883901 0.3004773 0.1753742 0.0733043 0.0822838 0.1827814 -0.1756324 0.1727044 0.1187169 0.3823860 0.5555338 0.6150135 0.3231843 0.2182320 -0.2772812 -0.1682745 0.0470888 0.0236870 0.1237036 -0.1327057 0.2141566 0.2296275 -0.2826357 -0.3446562 0.2858760 0.0270775 0.1685757 0.2368490 -0.2408482 0.1876011 -0.1513859
-0.1226141 -0.0237727 0.2228052 0.1739529 0.4456232 0.0576234 -0.4726521 0.4951753 0.1205492 0.0580255 0.6880014 -0.1524432 0.6287457 0.1930670 0.4077687 0.0000000 0.4591538 0.2857077 0.6836884 0.2793646 -0.0308553 0.6919046 0.8644069 0.0706544 0.6747327 0.6986855 -0.2907225 -0.0432021 0.4247937 -0.3280604 0.7224350 0.5850193 0.0908700 0.3899004 0.2147378 -0.0130336 0.1406996 0.5931384 0.2068136 0.0652707 0.6438378 0.0455910 0.3175586 0.1962915 0.0947446 0.6199779 0.2940786 0.4513495 0.3236501 0.5682787 0.2250273 0.1839891 0.2103894 0.4285881 0.1615780 0.4782680 0.2621759 0.5722791 -0.0056286 0.2669891 -0.0829295 0.5219757 -0.0947747 0.2742926 -0.1374223 0.2042183 0.4332018 0.5999204 -0.0445358 0.4327483 0.1662246 -0.3272953 0.4892744 -0.2640034 -0.0126894 0.1186717 -0.4082074 0.1293610 0.0253670 0.0533616 -0.1839311 0.2851501 0.0804087 -0.1631452 -0.0191803 -0.2280659 -0.3604399 -0.0679326 -0.1588351 -0.0414193 -0.3674944 0.2006631 -0.2160329 0.0415434 -0.3791449 0.2081348 0.1274659 -0.0722725 -0.3007502 0.2557483 0.0477416 -0.2022657 -0.0834626 -0.0373192 -0.1351468 -0.2092161 0.0226522 -0.0040931 -0.0495554 0.1602951 -0.3102747 0.0514695 0.0975101 -0.1020580 0.1577943 0.1708462 0.2731817 0.3690558 0.3783754 0.1932923 0.2317829 0.3579445 0.0256397 0.2286020 0.1672434 0.1162363 0.4116986 -0.0942381 0.2291398 0.3333117 0.3041870 -0.3685919 0.2842833 0.3825557 -0.5916732 0.0229082 0.2016111 0.4299947 0.2703844 0.1564049 -0.2812694 0.4033104 0.2558416 0.1653247 0.1448118 0.0078087 0.0903624 0.0237823 0.2279355 -0.0552258 -0.1481333 0.2851215 0.1222891 -0.1302004 -0.2887675 -0.0286351 0.5923546 -0.0995215 0.3692468 0.2628723 -0.1728654 0.1148493 0.0442176 0.5128042 0.0410794 -0.0197444 0.1387826 0.3735586 0.6822011 0.4531278 0.0759245 0.5131444 -0.2063829 -0.1326455 -0.3497740 -0.3096316 -0.1211482 -0.3149575 -0.1881999 -0.1077661 -0.1928557 0.0858561 0.0784392 0.2504854 0.1064664 -0.2844230 -0.2009418 -0.3318758 -0.3698917 -0.5859563 0.1998965 -0.6165706 -0.5453727 -0.2699515 0.1250697 -0.0943554 -0.0813167 -0.0768901 -0.1434408 0.2403875 0.1797080 -0.4500446 -0.2700113 -0.0366073 0.0220739 -0.4726485 0.2101546 0.1658868 0.1632434 -0.4222946 -0.0121695 -0.0179548 0.1130499 -0.2511171 0.3084312 0.1161030 -0.2756757 -0.4163091
0.3087288 0.4074243 0.3972283 0.5745220 0.4276686 0.6572694 -0.2169461 0.6015759 0.7518804 0.7587493 0.4309587 0.4531630 0.1889435 0.7246473 0.6364217 0.4591538 0.0000000 0.5815890 0.4850134 -0.1064216 0.3524931 0.4386601 0.3440514 0.3944217 0.6174586 0.3511998 -0.0977702 0.3265714 0.3998862 -0.1053237 0.1202995 0.3918432 0.2151057 0.5695832 -0.0354519 0.1201598 0.1621651 0.2101793 0.1295225 0.0421877 0.1915592 0.0017942 -0.0723153 0.0142202 0.0868431 0.2619045 0.0635960 0.0302341 0.2077948 0.0970307 0.0553816 0.0736987 0.4010739 -0.0618480 -0.1267423 -0.0426267 -0.0378158 -0.0534030 0.0986945 0.0266508 -0.1547586 0.0432891 -0.1158923 0.6051463 0.0513882 -0.1550160 -0.1328031 0.0309077 -0.1693005 0.3804252 -0.2272188 0.2822960 -0.0611447 0.0784396 -0.2097802 0.3426970 0.2104781 -0.1222438 -0.0557873 -0.1812614 -0.0376302 -0.0231437 0.1233982 0.0360464 0.1617494 -0.4945380 -0.5908405 0.1834391 -0.5202773 -0.1895203 -0.5728176 0.0079626 -0.3238271 0.0414055 -0.6397820 0.0337646 0.0703678 0.0081085 -0.6331799 0.0160930 0.0098680 -0.2829633 -0.2957707 -0.3344842 -0.3561360 -0.5343297 -0.3272141 -0.2757527 -0.4134409 -0.2122453 -0.5309846 -0.1396465 0.0256825 -0.1047252 0.0508016 0.1780437 0.0303445 0.3350419 0.2369876 0.0131993 -0.2185894 -0.1129316 0.0037520 0.0730884 0.0310832 -0.0919728 0.0970728 -0.3601144 -0.0637857 0.1848605 -0.0732766 -0.5963833 0.0969285 0.1696051 -0.3981020 -0.2684153 -0.0068178 -0.1011120 -0.2151438 -0.2047895 -0.3755833 -0.1903588 -0.2416112 -0.2061272 -0.2806450 -0.0920826 -0.3723875 -0.3508171 -0.0288593 -0.2907890 -0.4572161 -0.1157663 -0.0410765 -0.2585898 -0.3405586 -0.4129608 0.3363175 -0.1957023 0.0726509 -0.2805170 -0.2427817 -0.0533300 -0.3457153 0.2348902 -0.1501514 -0.2927671 -0.1260540 0.2194180 0.4628688 0.1494940 -0.1788171 0.0202853 0.2967196 0.2466113 0.1496953 0.1723100 0.1989783 -0.0924304 -0.1731184 -0.1215568 -0.1400464 0.0045786 0.0041965 0.1052188 0.1199952 -0.2294731 -0.0903368 -0.1023396 -0.0883301 -0.1446830 0.1210259 -0.0883214 -0.0121871 -0.2394940 0.0909591 0.0394485 0.2336217 0.3402496 0.4085526 0.1417926 0.0987782 -0.4950527 -0.0394007 0.1056035 0.1433025 -0.0761291 -0.1573534 0.3578254 0.2379504 -0.4118385 0.1014235 0.0902201 0.1484697 0.0763025 0.1207026 0.0791856 0.2403519 -0.2319733
