0.0000000 0.7131338 0.5190017 0.3212430 0.0967032 0.1929097 0.3314117 0.3609415 0.0347810 0.2628608 0.1176360 0.3548424 0.0634336 -0.0328875 0.0313959 0.0126021 0.1068482 -0.0367135 0.0540084 0.3940904 0.3188619 0.1008836 -0.0513584 0.2657319 0.1028222 -0.0765384 -0.1320798 0.0041266 0.3273968 -0.2090186 0.0916090 -0.0666752 0.2931875 0.2864081 0.1918056 0.2336476 0.0855352 0.1636826 0.0007458 -0.1627681 -0.0634111 0.2450104 -0.1538533 -0.0031450 0.1853193 0.1409124 0.0604664 -0.2020076 0.0936223 -0.1565964 -0.2236024 -0.2202816 0.2643319 -0.2007957 -0.1929819 -0.2647439 -0.1294778 0.0452291 0.1626674 -0.1002519 -0.0280963 -0.1894854 -0.3349404 0.2344654 0.2056883 -0.1549047 -0.1716507 0.3713372 -0.3170316 0.1780132 -0.1879004 0.1951701 -0.0696720 0.2554450 -0.1861500 0.2967576 0.2393612 -0.0683276 0.1144431 0.2490296 0.1422234 0.2691132 -0.1109570 -0.2281457 0.3276184 -0.3727293 0.3962341 -0.0497336 0.0759402 -0.1099413 -0.0932662 -0.1836818 -0.2377981 -0.4318105 -0.3042407 -0.1444089 -0.1802220 -0.1662912 -0.1539020 -0.1776493 0.3027854 -0.1078154 -0.3740033 0.0613545 -0.2060098 0.1685950 -0.2780748 -0.2971257 0.0268367 -0.0169870 0.0251682 0.2424211 0.0832015 -0.0813803 0.1859846 0.2328321 -0.0360633 -0.0496361 0.0298650 0.4691634 0.2722638 0.0265970 0.2391230 0.1648434 0.1955718 0.4597937 0.2114908 0.1639951 0.4787314 0.1479523 0.1951643 0.2208877 0.0813609 0.0417078 0.0862384 0.0760251 0.1644280 0.2491573 0.2413580 0.1575622 0.2177751 0.0330251 0.3060602 0.0023369 0.2017516 0.0271668 -0.1481758 -0.0964818 0.3638040 -0.0499103 -0.0649105 0.0514552 0.0954774 0.1942180 -0.1512809 -0.1838474 0.2903943 0.1865215 0.3626172 -0.1190023 -0.1674660 -0.0455040 -0.2340642 0.0612964 -0.0418238 0.1482046 -0.0576877 0.2523440 0.1639346 0.1096491 0.1516016 0.2948988 0.7105805 0.7424036 0.2944364 0.1498172 0.3261423 0.1301700 0.3033881 0.2764992 -0.1858313 0.1971688 0.2318970 0.2092272 0.2119794 0.2074741 0.2109837 0.2363665 0.2973675 0.1907102 0.4052752 0.4707140 0.5771590 0.0575393 0.4012396 0.3959714 0.4013700 0.6137489 0.1381097 0.4879367 0.2036459 0.0511241 -0.0372916 0.3644817 0.1635520 0.3176624 0.4737734 0.4656211 0.2401406 -0.0163501 0.2476012 0.1525773 0.1647254 0.3303204 0.1019998 0.3418120 0.4491744 0.1809593
0.7131338 0.0000000 0.2720455 0.4355562 -0.2078078 0.6261498 0.6631164 0.5112728 0.2204252 0.5143040 0.2711386 0.7119696 -0.0341499 0.2889952 0.1121287 0.0610703 0.2613342 0.1391117 0.1211676 0.0727376 0.6449546 -0.1640980 0.2401574 0.4597497 -0.0526687 -0.2384806 -0.3101671 0.1340096 0.5887685 -0.3095644 -0.3442707 -0.3449904 0.3576315 0.5092445 0.1693000 0.6181862 -0.1917896 0.1480526 -0.2257501 -0.2437459 -0.5520517 0.6051923 -0.1014939 0.1193476 0.5617755 -0.0409479 -0.2005431 -0.3918187 0.1493353 -0.2596395 -0.2218614 -0.2571169 0.5040047 -0.1568579 -0.1774270 -0.3102895 -0.3205851 0.1847890 0.1918534 -0.0982159 0.2476667 -0.1535395 -0.1324052 0.4424452 0.5626394 -0.2528071 -0.1838337 0.4392053 -0.4124020 0.3286664 -0.1105415 0.4808701 0.1011660 0.5633317 -0.2845688 0.5096466 0.4818843 0.3203502 0.3673904 0.5180636 0.2170498 0.2846440 -0.0105907 -0.1079335 0.2610711 -0.1343365 0.5897525 -0.2758240 0.1893718 -0.1106070 0.2347743 -0.0533687 0.1627979 -0.3229666 -0.2307757 -0.0193086 -0.0654707 0.2761470 -0.1889657 -0.0902381 -0.1368386 0.3579303 -0.1737495 0.0133451 0.0662488 0.2565061 -0.0817440 -0.1573907 0.2975880 0.0613177 -0.1377951 0.2624313 0.3112530 -0.1356486 0.1976783 0.3934176 -0.2361431 0.0066380 0.1785154 0.4736145 0.0339621 -0.2908465 0.1297908 0.3029537 0.1602158 0.5050339 -0.0382203 0.0470185 0.5405248 0.3755804 0.2435089 0.4307541 0.1131085 0.4057728 0.3031196 0.1979970 0.3744307 0.4263529 0.1963179 0.4521741 0.4642017 0.3556546 0.4928056 0.2341545 0.4091141 0.1161994 0.0932058 0.0756612 0.3660858 0.3763099 0.3023306 0.1979206 0.4029147 0.2997997 -0.0228251 -0.0075897 0.2934740 0.1669243 0.3840477 0.1634523 -0.1250698 0.2710332 0.0934297 0.1395351 0.1469614 0.1521316 -0.0311735 0.1042824 0.1609293 0.3953799 0.2142605 0.2734851 0.7955277 0.7064445 0.7954957 0.6600637 0.5513816 0.2277851 0.5503343 0.4959580 0.2075095 0.5287738 0.4123236 0.4801572 0.3360429 0.5670168 0.5680112 0.6034476 0.5977234 0.4423158 0.5377666 0.6297328 0.1353270 0.2080741 0.4960351 0.5124140 0.3693806 0.5087023 0.3721396 0.4625845 0.1618855 0.4887302 0.3883002 0.6766869 -0.3277465 -0.0212164 0.5327159 0.2128952 0.4036825 0.5417213 0.5959962 0.4496225 -0.3556489 0.4017485 0.5259450 0.1788642 0.5782959 0.4524528
0.5190017 0.2720455 0.0000000 0.5005370 0.7133748 -0.0215372 0.0003827 0.2023485 0.1420714 -0.0314284 -0.1341862 -0.0075970 0.6789793 0.0778215 -0.1348824 0.2850396 -0.0244135 -0.0410573 0.4145726 0.7332087 -0.2030028 0.6781268 -0.1673209 0.0787283 0.6011784 0.3318495 0.2215419 -0.0458151 -0.0161031 -0.2971348 0.3556564 0.5278242 0.2640717 0.1331589 0.5871710 -0.2158778 0.6434457 0.4863138 -0.0063999 0.0840739 0.1958996 -0.1352330 0.1248809 0.2766849 -0.1265295 0.4994611 0.4645985 0.1355763 0.3535465 0.1004679 0.3027730 0.2284147 0.1660916 0.2811361 0.2310239 0.2322004 0.4731726 0.3139646 -0.0786356 0.2950357 -0.2648211 0.2986998 -0.0678228 0.1963277 0.0845330 0.5301678 0.3224025 0.1908457 0.2334169 0.1575408 0.2643137 -0.0816809 0.1408230 -0.1842174 0.2122432 -0.1517048 -0.1319292 -0.0005050 -0.2393422 -0.0355514 0.1845803 -0.0038952 -0.1493050 -0.4090602 0.1070652 -0.7702589 -0.0818045 0.3193212 -0.4962457 -0.4023601 -0.0847644 -0.3979490 -0.1695276 -0.1402236 -0.3360552 -0.3093734 -0.2295825 -0.3090188 -0.3410517 -0.3066608 0.2658727 -0.3265130 -0.4620506 -0.1170960 -0.1348807 -0.1968583 -0.3220293 -0.3323661 -0.0590270 -0.1553974 -0.2451444 -0.0973364 -0.2474257 -0.2146801 0.0282137 -0.0635189 0.0779947 0.0987543 -0.2023281 0.3133600 0.6128623 0.3442377 0.3108848 -0.0200772 0.3163932 0.1800646 0.2897256 0.3772301 0.1736856 0.0535251 0.5150648 0.2168683 0.1545692 -0.2760533 0.1823296 0.1983093 0.1940752 0.0774388 0.5255782 -0.1504169 0.2548612 0.0416246 0.0706554 0.0726134 0.2634057 0.2396116 0.0904705 0.1256497 0.1797484 -0.0531985 -0.2091619 0.1407297 0.1013947 0.2373900 -0.1581693 0.0116683 0.2063697 0.0223603 0.1341992 -0.0739192 0.0323158 0.0331839 -0.1946450 0.1563809 0.0052608 -0.2111790 0.0083617 0.1250739 0.0400793 0.1939153 0.1342545 0.1787762 0.2662417 0.6582751 -0.1100244 -0.2547542 -0.1962308 -0.2400430 -0.3152710 -0.3250052 -0.6311477 -0.3072280 -0.1387616 -0.2653120 -0.1498256 -0.2351396 -0.3226313 -0.1962956 -0.1798649 -0.0185444 -0.0575963 0.2627825 0.6119354 -0.1463704 -0.0032378 -0.0407480 -0.1038678 0.3764562 -0.0253367 0.1928141 0.5100905 0.0957320 0.0019220 0.1735625 0.3541027 0.2679971 0.0472062 0.6372330 0.5816746 -0.1353256 -0.0211332 -0.2785909 0.3102445 0.2765173 -0.1382883 0.4977223 0.4224267 0.2167951
0.3212430 0.4355562 0.5005370 0.0000000 -0.0920310 0.6505414 0.2521984 0.8134664 0.6217907 0.4415002 0.5362163 0.3646840 0.4130677 0.0929382 -0.2389848 0.6383847 0.3035201 -0.0613935 0.6571136 0.2311408 0.1981348 0.6194595 0.4974619 0.1010342 0.3723881 0.5067986 -0.3345937 0.0349565 0.2449783 -0.4936972 -0.2022259 0.1232530 0.1584698 0.3104074 0.6581299 0.2323750 0.4907606 0.6177679 -0.4662837 -0.3306511 -0.3362186 0.2838015 0.0351555 0.1550156 0.3473694 0.2714239 0.4317945 -0.1235367 0.2555871 0.1467263 0.3662127 -0.0277121 0.4808672 0.1638323 0.1730002 0.1301354 0.2835494 0.4703327 0.1499828 0.3541146 0.2819114 0.2926501 -0.0277753 0.6117516 0.6079419 0.4445109 0.4985494 0.6743038 0.3203531 0.6652917 0.5390929 0.5762305 0.5888997 0.4993691 0.2377051 0.4930992 0.6174702 0.6029364 0.5057018 0.5180385 0.2198201 0.2643604 -0.0241305 -0.1034001 0.4385106 -0.4106087 0.1694788 0.2915164 -0.1588873 -0.0720800 0.3089667 -0.2842447 0.1821153 0.0549119 -0.0079285 -0.0894306 -0.1184073 0.1559879 -0.2450730 -0.0484560 0.2659962 0.2273640 0.0108748 -0.0270446 0.1750301 0.0093648 -0.0462436 0.1372727 0.1123128 0.2717096 -0.3430581 0.1581105 0.2892180 0.1583137 0.2616325 0.6024987 0.1700123 0.1979080 0.4968439 0.5738160 0.4586855 0.2092575 0.3986339 0.5202763 0.3180097 0.3341031 0.2801452 0.2790022 0.3777240 0.6495729 0.4801348 0.3511566 0.4519054 0.3314801 0.0864426 0.4453301 0.4878220 0.2736383 0.2405762 0.2642327 0.3597219 0.3173670 0.0160352 0.3344904 0.3129804 0.4538194 -0.0395842 -0.0422442 -0.0630183 0.1311620 0.1539258 0.2451973 0.2586088 0.1670745 -0.2163718 0.1307599 -0.0786986 -0.1042111 0.0639843 0.1593503 -0.3776199 0.1982978 0.2674104 0.1773224 -0.1380415 -0.3012319 -0.1551899 -0.3786278 -0.2580352 0.0347096 -0.1960612 -0.1740722 0.1581547 0.6123441 0.1815703 0.1759754 0.1236731 -0.1604767 0.1745945 0.0460783 -0.3790841 0.0891101 0.1110899 0.0275665 0.1832884 0.3522371 0.2463869 0.3314888 0.3159292 0.2909962 0.3407183 0.6160786 0.2152033 0.0032381 0.2975477 0.2950973 0.2260403 0.4069187 0.2481558 0.3447370 0.6086467 0.4674748 0.3283558 0.2169516 -0.2682895 -0.0551907 0.3502090 0.3839012 0.8078862 0.3014404 0.3201423 0.2880486 -0.3560494 0.5152910 0.3899490 0.1603120 0.2614204 0.5127272
0.0967032 -0.2078078 0.7133748 -0.0920310 0.0000000 -0.5146064 -0.3595328 -0.3316888 -0.2693605 -0.4653122 -0.5960440 -0.4223012 0.5561779 -0.0840340 -0.1734748 -0.1093245 -0.2263652 -0.0582654 -0.0058871 0.6877496 -0.4961457 0.4367612 -0.4423255 -0.1413268 0.3818392 0.1548349 0.5238682 -0.1574977 -0.3301167 -0.0448034 0.5793837 0.6287166 0.0245812 -0.2275327 0.2540821 -0.5344737 0.4416340 0.0572197 0.2576770 0.2936690 0.4888777 -0.4877702 0.0837461 0.1539423 -0.4437621 0.3066774 0.2542667 0.2724578 0.1574027 0.0608015 0.1449209 0.2654040 -0.2584592 0.2038825 0.1795137 0.2282158 0.3926833 -0.0025883 -0.1841186 0.1124343 -0.4479502 0.1111117 -0.0328949 -0.2674782 -0.3722296 0.4110019 0.0543377 -0.3594668 0.1736019 -0.3096125 -0.0056152 -0.5590173 -0.3086720 -0.5740019 0.1406810 -0.5352795 -0.5342042 -0.3764259 -0.5765348 -0.3833938 0.1191461 -0.2450348 -0.2395241 -0.3964455 -0.1531805 -0.4679973 -0.2519654 0.2788950 -0.4661832 -0.3474991 -0.1745106 -0.2950036 -0.2960717 -0.1599857 -0.1876877 -0.2269051 -0.1942111 -0.3725125 -0.1315024 -0.3340752 0.0957374 -0.5330329 -0.4083077 -0.0725059 -0.2854271 -0.2415161 -0.2142207 -0.3628145 -0.1699599 -0.2179154 0.0610745 -0.2359667 -0.5124798 -0.1520858 0.0117832 -0.4415361 0.2498638 0.1520679 -0.5575773 -0.0595597 0.4741731 0.3506400 0.0309826 -0.4181121 0.1937051 -0.2088655 0.2779693 0.1487730 -0.2003740 -0.2636308 0.3595170 0.0063640 0.0259531 -0.4786916 0.0810993 -0.1623361 -0.0366072 -0.1212654 0.4185726 -0.4149428 -0.0229055 -0.1512085 -0.0925904 -0.1279073 0.1159909 -0.0421663 0.2481028 0.2327376 0.1945650 -0.1033491 -0.3030186 0.0990721 -0.0349307 0.1626375 0.0755116 -0.1060064 0.2107256 0.1086509 0.1184096 -0.2706253 0.3643492 -0.1014296 -0.4217526 0.0317120 0.1599202 0.0001110 0.2596143 0.4198550 0.2474060 0.0439275 0.3034732 0.2970044 0.0112013 0.1573131 -0.4251700 -0.5859843 -0.4822724 -0.2199011 -0.6301689 -0.5875715 -0.5231795 -0.6146884 -0.3508638 -0.4639491 -0.2992384 -0.5496490 -0.5954674 -0.5811399 -0.4877543 -0.2877289 -0.4685168 -0.2497039 0.4214139 -0.3419480 -0.3695894 -0.4250119 -0.3426724 -0.0373140 -0.1739937 -0.1903941 0.0384337 -0.3206740 -0.3986121 -0.2742417 0.5811125 0.3058489 -0.3401526 0.4430123 0.1121275 -0.3767985 -0.4245771 -0.5760325 0.6205166 -0.0979687 -0.3981623 0.4083910 0.2355981 -0.2184080
0.1929097 0.6261498 -0.0215372 0.6505414 -0.5146064 0.0000000 0.7435990 0.6841477 0.6039737 0.6456895 0.5956833 0.7987623 0.0418904 0.3558258 0.1662597 0.2044952 0.3836561 0.2929935 0.1652771 -0.3668783 0.6928364 -0.0811984 0.5658540 0.3506705 -0.3237544 -0.1241362 -0.6062840 0.2777981 0.5144263 -0.3324268 -0.7674356 -0.5551531 0.1511822 0.4613432 0.1741051 0.6660664 -0.2551158 0.1435328 -0.4591093 -0.3194885 -0.5618559 0.7158610 -0.0189677 0.1048567 0.7519429 -0.3006127 -0.1785864 -0.2846161 0.0964850 -0.1063524 0.0173371 -0.1518007 0.5598312 0.0204279 -0.2271111 -0.2467611 -0.2683514 0.3373385 0.3411317 0.0475381 0.6102907 0.0818557 -0.1312187 0.6034057 0.7071117 -0.0262946 0.0593076 0.6472045 -0.1942711 0.5465253 0.2525956 0.6987701 0.3926184 0.6774877 -0.1311903 0.5319005 0.6328677 0.4659626 0.5468247 0.7091734 0.0665921 0.1749660 -0.0048690 0.1947357 0.5362141 0.0825119 0.2051234 0.0540504 0.2186174 0.2728422 0.2267239 -0.1085446 0.3612987 0.1369641 -0.2002091 -0.0177637 -0.0642302 0.5235664 -0.2473751 0.2866662 -0.0085107 0.6363601 0.1950392 0.0729945 0.2180214 0.0580483 0.2934019 0.2398874 0.3901617 0.3512616 -0.4045790 0.3996845 0.5122131 0.1684401 0.2202072 0.6406934 -0.0038670 0.2189580 0.6386805 0.4560779 0.0428038 -0.1957798 -0.0272505 0.6153919 0.2029397 0.4076434 -0.0997037 -0.1673311 0.4217255 0.5567215 0.2726760 0.2829412 0.2574828 0.6578915 0.0982663 0.1841093 0.4629219 0.3980210 -0.0019973 0.4469611 0.2767816 0.4343859 -0.0108396 0.2582522 0.2771116 0.0896383 0.0397771 0.0077053 -0.1231607 0.2776089 0.3447464 0.0479584 0.3402357 -0.0543612 -0.0917940 -0.0302691 -0.1720431 -0.2333578 0.1525432 0.1712135 -0.3821006 0.3351333 0.2360791 -0.0078281 -0.0312668 -0.2287350 -0.2924535 -0.3997454 -0.2067739 0.2329492 -0.0500915 -0.0606021 0.3758812 0.4735360 0.6592452 0.7402983 0.6424120 0.2157422 0.6980294 0.4854973 0.2195051 0.5062544 0.4241358 0.3577799 0.5307965 0.6675825 0.5999538 0.6286444 0.5517569 0.3854036 0.5029316 0.5327587 -0.2012135 0.0499062 0.4051533 0.4113488 0.3960944 0.3329840 0.4930221 0.3951475 0.1399097 0.5145542 0.4248410 0.3746050 -0.7371900 -0.5290597 0.4374079 -0.2027003 0.4417239 0.6371919 0.5055231 0.5533603 -0.6492540 0.2277254 0.6720010 -0.3170142 0.3511472 0.6259870
0.3314117 0.6631164 0.0003827 0.2521984 -0.3595328 0.7435990 0.0000000 0.2246097 0.3257398 0.4405175 0.2381463 0.8774091 -0.2105340 0.6853371 0.3931090 -0.0147690 0.1040559 0.6181717 0.0486029 -0.3901391 0.6897240 -0.4041519 0.1553734 0.7422049 -0.3863315 -0.3675898 -0.5701482 0.5891131 0.6900376 -0.1914570 -0.6568718 -0.6626407 0.5252772 0.6652125 -0.0707578 0.6032068 -0.3436613 0.0159185 -0.3093990 0.0235609 -0.4683069 0.6646066 -0.0955512 0.4564214 0.5660952 -0.2524118 -0.2842731 -0.2762373 0.3813023 -0.1156885 -0.0595335 -0.0059605 0.6297344 0.2462174 -0.1642956 -0.2598086 -0.2288332 0.4586484 0.2401756 0.0506744 0.3069042 0.1042637 -0.0793703 0.5090387 0.5855081 -0.1216233 -0.0462715 0.3005431 -0.4189483 0.2781148 0.1616367 0.4536566 0.2644971 0.3461022 -0.1203275 0.1544969 0.1916337 0.2358866 0.2059008 0.4327561 0.0323903 0.1097891 0.1934450 0.2933552 0.3877858 0.1171206 0.1536689 -0.0210161 0.1341199 0.1165001 -0.0600093 -0.1345955 0.2838047 -0.0988889 -0.5252187 -0.2299780 -0.1827616 0.4131615 -0.4677786 0.0874416 -0.2823274 0.4926372 0.1222051 -0.0686997 0.0475120 -0.1340348 0.2326143 0.0762669 0.3388674 0.1607523 -0.5254581 0.3607081 0.2221818 -0.2474693 -0.0268869 0.2151422 -0.2808178 0.0554997 0.1772486 0.2331749 -0.1972049 -0.4769223 -0.1546265 0.1414917 0.1259528 0.3366925 -0.4871461 -0.2905034 0.2598526 0.0050477 -0.0318617 -0.0761212 -0.3227764 0.2729209 -0.0753674 -0.0678636 0.0320315 0.1951130 -0.1986724 0.2407115 -0.0638797 0.0882190 0.0777482 -0.0125369 -0.0270454 -0.1757782 -0.2690280 -0.3086699 -0.2192185 -0.0745505 0.1000589 -0.2724615 -0.0234674 -0.3152365 -0.3404041 -0.0275636 -0.1987192 -0.4079811 -0.0812579 0.1150783 -0.4682050 -0.0076096 -0.1394261 0.0268813 -0.2435744 -0.3248620 -0.6116720 -0.3045929 -0.2212613 0.1808426 -0.1225140 -0.0940045 0.5882249 0.4986482 0.8265315 0.6643021 0.6454298 0.3168099 0.6122039 0.4905149 0.4205518 0.5560427 0.5135187 0.5137703 0.3785307 0.4257404 0.4177200 0.4921375 0.4428683 0.2350885 0.4187438 0.3243696 -0.2968967 0.2012023 0.3230998 0.1235136 0.0540364 0.3001462 0.2948259 0.2937633 -0.0552767 0.2666929 0.2347314 0.4426526 -0.7254122 -0.4971939 0.1949354 -0.3454761 0.1135589 0.4399997 0.3191301 0.4192902 -0.5335526 0.1195008 0.6552811 -0.3544719 0.5379418 0.3837556
0.3609415 0.5112728 0.2023485 0.8134664 -0.3316888 0.6841477 0.2246097 0.0000000 0.5063088 0.7869054 0.8266550 0.4898470 0.3407699 -0.0432754 -0.0835869 0.4002413 0.5482751 -0.2123074 0.3417182 0.0594558 0.4330491 0.3600578 0.6958835 -0.0228260 0.0538824 0.3422095 -0.3503715 -0.0762887 0.2991659 -0.3029598 -0.3096454 -0.1289044 0.0001297 0.2976322 0.4812345 0.4931522 0.0999828 0.4199859 -0.3839859 -0.5329594 -0.3473139 0.5669565 -0.0341840 -0.1653695 0.6076731 0.0718558 0.1240244 -0.0221835 -0.0337167 -0.0430108 0.0469992 -0.2722523 0.4239453 -0.2031915 -0.1059284 -0.1631112 -0.0919855 0.2300113 0.4021806 0.0856928 0.5677476 -0.0016930 -0.2008216 0.6107621 0.5910291 0.0558340 0.1423336 0.7168309 0.0480104 0.7333513 0.1276969 0.7561713 0.3501277 0.8293078 -0.0348541 0.8088208 0.8585560 0.4207200 0.7521145 0.6529919 0.2741122 0.2890393 -0.0767298 -0.0803670 0.4734825 -0.0862211 0.4099275 0.0051595 0.2333133 0.2738903 0.3464333 -0.1262686 0.2958377 -0.1171837 -0.0296313 0.0546738 0.0867999 0.4319463 -0.1003895 0.0664957 0.3120084 0.4580622 0.2554985 -0.0798151 0.2241909 0.1053485 0.1412841 0.3521305 0.3008000 0.2907872 -0.1484885 0.3248023 0.6459379 0.5070794 0.3425914 0.7676056 0.1382422 0.0666408 0.5407995 0.5522472 0.1828925 0.0852387 0.4223659 0.5946788 0.2197194 0.4538087 0.2546920 0.1823795 0.4899961 0.7572041 0.2841932 0.4386051 0.6023116 0.5228887 0.2286160 0.3915134 0.5179175 0.4251277 0.0723613 0.5374334 0.4571504 0.4930192 0.1740160 0.4386893 0.3560728 0.3561653 0.0662782 0.0482558 0.1792480 0.3130921 0.3416240 0.3350993 0.4203918 0.2814495 -0.0381405 0.1579785 0.0525436 0.1331048 0.2930524 0.2397801 -0.1805479 0.3607695 0.4490297 0.1445038 0.0430726 0.0481201 0.0243197 -0.1546812 -0.0019213 0.1150893 -0.0007501 0.0850951 0.2544775 0.4306320 0.2940715 0.3689620 0.2483184 -0.1778394 0.4588725 0.4006291 -0.0325683 0.4095810 0.3462482 0.2744052 0.4835910 0.6683290 0.6118540 0.6279695 0.5860040 0.2311941 0.5699216 0.6149269 0.1082567 0.1483906 0.5022773 0.4970600 0.4261607 0.2755145 0.4777092 0.4453794 0.3077550 0.3662516 0.3969570 0.3618027 -0.2769784 0.0248468 0.5913722 0.2493078 0.5265775 0.3960911 0.5100717 0.4826360 -0.2576624 0.5029868 0.4699967 0.0283735 0.0706537 0.4719801
0.0347810 0.2204252 0.1420714 0.6217907 -0.2693605 0.6039737 0.3257398 0.5063088 0.0000000 0.3531302 0.4284312 0.4721331 0.0861901 0.2789710 0.4529686 0.4159442 0.2994080 0.3408947 0.3444231 -0.0291153 0.2623783 0.2034699 0.3140122 0.2269619 0.1986672 0.3034457 -0.4218579 0.0744420 0.2750938 -0.4850580 -0.4386921 -0.2485468 0.2079037 0.3040822 0.2324006 0.2122734 0.1493109 0.1818456 -0.4446484 -0.1427587 -0.3967841 0.2149892 -0.1830037 0.2914281 0.3667832 -0.0986542 0.0487811 -0.3712990 0.3427386 -0.1978815 0.2070935 0.0241971 0.4562413 0.2607676 -0.1065046 -0.1906525 -0.0598815 0.4275950 -0.0353006 0.2079300 0.2682598 0.3189744 -0.0920653 0.5000573 0.5181266 0.1315122 0.2926501 0.5008469 -0.0200594 0.3841679 0.4428081 0.5386211 0.3457777 0.3675978 0.1939517 0.1968782 0.2632862 0.3872223 0.2700816 0.3628975 -0.1909463 -0.1783671 -0.3472333 -0.2351549 0.0729982 -0.2745707 0.0088143 0.1831846 -0.0986466 0.0099942 -0.0375051 -0.2243400 -0.1619536 0.4147172 -0.0120593 0.0096770 -0.3342120 -0.0516841 -0.3297451 0.2712203 -0.1038799 0.1742532 -0.1315009 0.1165703 -0.0704306 -0.0406511 -0.2309894 -0.1311466 -0.2321268 -0.1503904 -0.5124168 -0.2105331 0.0622136 0.0885283 -0.0030665 0.2756220 0.0497868 -0.0367293 0.2940067 0.1247892 0.1681926 0.1797827 0.1488354 0.3240944 0.0364123 -0.1280537 0.0836711 -0.0461904 -0.1154263 0.2294984 -0.0485008 0.2631146 0.2977430 0.0689678 0.0880331 -0.0742087 -0.0641427 -0.2281696 -0.1983056 -0.1756017 0.1289782 -0.1524476 0.0589632 -0.1944580 -0.2266909 -0.0084990 -0.0936994 0.0135586 0.0143857 -0.0687798 -0.0914844 0.1130657 0.2413627 0.0737960 0.2045063 -0.0919456 -0.1942127 0.0383087 0.1142479 -0.0660201 -0.2632661 0.2797805 0.1725358 -0.1133739 0.0956755 -0.1415337 -0.1252573 -0.2588321 -0.2209495 0.1311681 0.0865559 0.0257590 -0.0030808 0.4442093 0.1013191 0.2376945 0.3741910 0.2042188 0.3399375 0.1545004 -0.2169667 0.1040225 -0.1333052 -0.1505445 0.0569725 0.2486126 0.1491425 0.3129334 0.1888435 0.1254106 0.0507041 0.3260626 -0.0292118 0.0848850 -0.0218433 0.3156992 0.1158297 0.2051385 0.0520096 -0.1323001 0.3665701 0.5058238 0.0981452 0.0659327 -0.3423060 -0.3884586 -0.0518426 0.2056233 0.4945659 0.3195514 0.1008016 0.0137349 -0.3189262 0.1416560 0.0281510 -0.0547377 0.2985763 0.4844132
0.2628608 0.5143040 -0.0314284 0.4415002 -0.4653122 0.6456895 0.4405175 0.7869054 0.3531302 0.0000000 0.8667107 0.6770540 0.1949907 0.2407129 0.2997668 0.2296978 0.6353509 0.0145590 0.1476682 -0.2414130 0.6454581 -0.0373698 0.6844600 0.1977421 -0.2116229 0.0548184 -0.4372333 0.0695696 0.5004873 -0.1924505 -0.5119041 -0.4124618 0.1668657 0.5141783 0.1114089 0.6823471 -0.2558144 0.3506190 -0.3646845 -0.4490046 -0.4665286 0.8093244 -0.0772531 -0.0211766 0.7767518 0.0446051 -0.1335455 0.0956174 0.0808815 -0.0405219 -0.1133657 -0.2309431 0.5788209 -0.1181526 -0.0435050 -0.2045860 -0.2327392 0.2850591 0.5170766 -0.0392257 0.6819571 0.0158312 -0.0417970 0.6866878 0.6811222 -0.1109461 -0.0298836 0.5677401 -0.1795234 0.7298835 -0.0511845 0.8476032 0.3209548 0.8624574 -0.0758404 0.7616144 0.7292717 0.3306450 0.7117388 0.5632427 0.1935913 0.3232807 0.1574623 0.0526731 0.4049733 0.1649934 0.4016367 -0.1285653 0.4021263 0.4215074 0.2615254 0.0088449 0.4501545 -0.1902462 -0.2528918 0.0350672 0.2697670 0.6139859 -0.3438444 0.1880561 0.2048457 0.7008502 0.4692129 -0.1197436 0.2307691 -0.0362179 0.2762970 0.5049801 0.4892990 0.1790229 -0.2346496 0.4168348 0.7451947 0.4020343 0.1593909 0.6136514 -0.1929023 -0.0987021 0.3417624 0.3984781 -0.2062705 -0.2901759 0.4544591 0.3723483 0.0930690 0.5531941 -0.2197162 0.1675811 0.4387536 0.5038260 -0.0243099 0.4190542 0.3720333 0.4720514 0.2931824 0.3746041 0.3385770 0.4298649 -0.1244475 0.6942253 0.4434371 0.4777804 0.4000311 0.5249268 0.2700046 0.2948516 0.0652258 0.0263357 0.2069973 0.3034150 0.4940119 0.2814242 0.3991629 0.2651913 -0.0637283 0.3997130 0.2199373 0.1054092 0.2994484 0.5186405 -0.1108749 0.3996672 0.5629348 0.3540456 0.0638212 0.1400416 -0.1032051 -0.0391204 0.1886928 0.3090175 0.0450454 0.2207235 0.3283914 0.2158625 0.4973848 0.5854150 0.4087420 -0.1765256 0.6293930 0.6972374 0.3676813 0.7096516 0.5713750 0.5483646 0.6348712 0.8292374 0.7481495 0.8060608 0.6002202 0.0689534 0.7141945 0.4804070 -0.2011314 0.4293826 0.6601548 0.4351186 0.2544371 -0.0165227 0.5051892 0.4475870 0.0414303 0.2017466 0.5275626 0.6029645 -0.4108325 -0.1074771 0.5987584 -0.0444353 0.2185285 0.3876630 0.6273093 0.6060137 -0.2706360 0.4355772 0.5381998 -0.1354580 0.0366515 0.3645579
0.1176360 0.2711386 -0.1341862 0.5362163 -0.5960440 0.5956833 0.2381463 0.8266550 0.4284312 0.8667107 0.0000000 0.4728553 0.1321182 0.0655491 0.1449953 0.4351131 0.6912517 -0.1006959 0.2677982 -0.3575950 0.4579035 0.1667116 0.8165778 0.0020574 -0.0817327 0.3508141 -0.3255428 0.0604364 0.2971289 -0.0173127 -0.4178266 -0.2590399 0.0260888 0.3284777 0.3146262 0.5195847 -0.0273150 0.4077801 -0.2164237 -0.3653237 -0.2726939 0.5657282 0.1648883 -0.1454493 0.5586012 0.1120326 0.1306979 0.0844698 -0.0326148 0.1843327 0.1407421 -0.0600755 0.4166063 -0.0647187 0.0189915 0.0037639 -0.0495997 0.2766640 0.3881427 0.1933841 0.5879318 0.1586982 0.0490114 0.6246360 0.5383560 0.0128375 0.2041055 0.6239503 0.1317370 0.7687709 0.1408014 0.8027807 0.4100847 0.7921093 0.1136801 0.7337686 0.7830235 0.4074046 0.7782855 0.5329769 0.0947448 0.3494837 0.1932841 0.2136466 0.3907171 0.2596258 0.3238784 -0.0157837 0.4293244 0.4723167 0.2513104 0.1501518 0.4220114 0.0484289 0.0021422 0.1475973 0.4155409 0.4956998 -0.0674140 0.2606138 0.3323096 0.5333168 0.5729160 -0.0471477 0.3659196 0.0868726 0.2825820 0.6081527 0.3391823 0.2390407 -0.0932056 0.3369474 0.6291979 0.4593739 0.0592329 0.5927658 -0.0848554 -0.1908746 0.5197964 0.3088160 -0.1836106 -0.0836568 0.4641471 0.5050562 -0.0828490 0.4260101 -0.0069679 0.2508122 0.3280102 0.5548332 -0.0748804 0.2853727 0.4649604 0.4706163 0.0904786 0.4714204 0.3063291 0.2777816 -0.2135159 0.5801803 0.3128802 0.3956393 0.1644937 0.4452599 0.1119205 0.3615162 -0.0620269 -0.0683042 0.0135159 0.2345646 0.4764112 0.2743024 0.2574577 0.1575151 -0.0556731 0.3867141 0.0283175 0.0594994 0.0931197 0.4354562 -0.1226279 0.4079833 0.6463038 0.2704813 0.0285056 0.0551636 -0.0971714 -0.1841036 0.0478461 0.1537574 -0.0874064 0.0321375 -0.0027859 0.0983381 0.2791778 0.4407152 0.3262025 -0.1038921 0.5559221 0.5485869 0.2547422 0.5711462 0.3898200 0.3806798 0.4993692 0.6313591 0.6397054 0.6721836 0.5224584 0.1339784 0.5880211 0.4171890 -0.1445716 0.2969741 0.5315335 0.4864124 0.3709398 0.0563952 0.3677526 0.3679656 0.2066068 0.1833055 0.4995383 0.4507980 -0.3114180 -0.0016493 0.5175048 -0.0695376 0.1914607 0.2112088 0.4880400 0.6022080 -0.2695186 0.3946873 0.4576651 -0.1846156 -0.2857414 0.2962717
0.3548424 0.7119696 -0.0075970 0.3646840 -0.4223012 0.7987623 0.8774091 0.4898470 0.4721331 0.6770540 0.4728553 0.0000000 -0.0794243 0.6154113 0.4949194 -0.0219549 0.3632262 0.4686083 -0.0023663 -0.3581431 0.8795704 -0.3056402 0.3301086 0.6837467 -0.3132302 -0.2625867 -0.5694409 0.4730249 0.8297356 -0.1532028 -0.6735049 -0.6371463 0.5753615 0.7915985 -0.0408820 0.8453183 -0.3398284 0.1122633 -0.3292961 -0.0463787 -0.5374644 0.8276007 -0.1769510 0.4119016 0.6733409 -0.2545852 -0.3366365 -0.2404672 0.4002420 -0.1336292 -0.1081916 -0.0875501 0.7641164 0.1710370 -0.2257149 -0.3599281 -0.3141967 0.4437198 0.2134491 0.0520096 0.4019224 0.0709044 -0.1485728 0.6370100 0.7270090 -0.1992388 -0.0690923 0.3813048 -0.4635778 0.4153662 0.1258211 0.6837709 0.1918741 0.5852184 -0.1907122 0.3516025 0.4366856 0.2772699 0.4548927 0.6941128 0.0424409 0.1765229 0.1414765 0.1414917 0.2700886 0.1047139 0.2784233 -0.1723052 0.2233026 0.1808653 -0.0930808 -0.1905965 0.1683361 -0.1497323 -0.4220732 -0.2638643 -0.2050250 0.4192611 -0.4410129 0.0900981 -0.2534687 0.4946004 0.1458467 -0.0202156 -0.1230749 -0.1388457 0.0408878 0.0747115 0.1805369 -0.0318446 -0.5341957 0.1719934 0.3449216 -0.1091143 -0.0775575 0.2938590 -0.3571019 -0.1301459 0.1970454 0.2905601 -0.2248505 -0.4049937 0.0080932 0.3455379 0.1354845 0.4113974 -0.4001276 -0.1918085 0.2812724 0.2488637 -0.0811159 0.0884802 -0.0724683 0.4323614 0.0736030 -0.0259246 0.1079286 0.1635444 -0.2499053 0.3448023 0.1020835 0.1309213 0.2796629 0.1404067 -0.0153872 -0.0098781 -0.1684062 -0.1727270 0.0180626 0.0652963 0.1888327 -0.0826946 0.0822044 -0.0693542 -0.1156000 0.0892592 -0.0904157 -0.1578649 0.1755082 0.1264847 -0.2891299 0.0854273 0.0854822 0.0100105 -0.0868670 -0.0914100 -0.3676386 -0.1600345 -0.0585504 0.2293212 0.0501983 0.1396566 0.5721648 0.4700925 0.8180103 0.7345991 0.7364595 0.2896062 0.8116494 0.7436375 0.5085099 0.7244179 0.5083964 0.5749443 0.4712814 0.6406640 0.6740156 0.7629072 0.6971680 0.3852186 0.5678102 0.5866386 -0.3583434 0.3327213 0.5026335 0.2655410 0.2019425 0.1549080 0.4904050 0.3160527 -0.0283921 0.3763226 0.3856119 0.5029013 -0.6716280 -0.3361128 0.3079363 -0.2896985 0.1284662 0.4949719 0.5128136 0.5336683 -0.4917930 0.3167157 0.5810046 -0.3454016 0.4135228 0.3682436
0.0634336 -0.0341499 0.6789793 0.4130677 0.5561779 0.0418904 -0.2105340 0.3407699 0.0861901 0.1949907 0.1321182 -0.0794243 0.0000000 -0.0344007 -0.0965922 0.1822238 0.2812135 -0.1627938 0.1632377 0.5498023 -0.1296204 0.7150833 0.2082666 -0.2188659 0.3233979 0.3463444 0.2801029 -0.1385749 -0.1422194 -0.1372309 0.2333228 0.5496616 -0.0899397 -0.0250904 0.5876739 -0.0321326 0.3980547 0.4769879 0.0389961 0.0198757 0.3518373 0.1329458 0.3131359 0.0330514 0.1962865 0.3318709 0.3699580 0.6303200 0.0620307 0.1507281 0.4038011 0.2650640 0.0385173 0.1884643 0.1571688 0.1704532 0.3888415 0.1892798 0.2844017 0.2939781 0.2599449 0.3739643 -0.0792946 0.1973896 0.1247594 0.6079430 0.3381069 0.3306306 0.2811499 0.3354856 0.2274983 0.1267741 0.2062447 0.0890544 0.2409122 0.0837407 0.0897878 0.0024847 0.0745098 0.1237336 0.3786907 -0.1887775 -0.2141616 -0.4323398 0.0971568 -0.4484098 -0.0881286 0.1138582 -0.1403732 0.1159997 0.1009967 -0.2113301 0.0041944 -0.1103565 -0.1576021 -0.0821830 0.0395982 -0.0155852 -0.1063859 0.0762530 0.4097397 0.0240772 -0.1601311 -0.0403783 0.0805698 -0.1722443 0.0101307 -0.0427194 0.1969287 -0.1005777 -0.2197650 -0.0115715 0.1179548 0.1900553 -0.0591709 0.0618757 0.0358921 0.0441705 -0.0529248 0.1035400 0.3462916 0.1531820 0.1974527 0.1545369 0.1909962 0.1571914 0.1536136 0.2408929 0.1837105 0.2786046 0.4747068 0.3265997 0.4047432 0.0851807 0.5147536 0.2437621 0.4258478 0.2462104 0.4852715 0.1256953 0.4567680 0.4624694 -0.0449543 0.3425810 0.4704470 0.2910891 0.4978132 0.4815625 0.2702296 0.2607520 0.0576339 0.2487386 0.3742144 0.3105322 0.0390142 0.1183480 0.1639890 0.1061992 0.2025246 0.1328135 0.2499741 0.2716882 0.1809157 0.1474710 0.1638062 -0.0966052 0.1921462 0.1106405 0.1364902 0.3677947 0.2475049 0.2847091 0.0057264 0.2620486 -0.2914971 -0.2406197 -0.3370835 -0.5427831 -0.2634345 -0.2144361 -0.4043656 -0.1532551 0.0951384 -0.1198457 0.2691642 0.0605111 -0.0157997 0.0295616 -0.0027434 -0.0126498 -0.0690719 0.1995656 0.3215700 -0.0614352 0.0129819 -0.0564682 -0.0173634 -0.0425744 0.3914365 0.1481111 0.3227975 0.0980345 0.1576957 0.1083283 0.1909685 0.0537428 0.1150568 0.2662943 0.4652874 0.0666072 -0.0268312 -0.2378331 0.2609490 -0.0286618 -0.0835959 0.0679360 0.1518478 0.3982175
-0.0328875 0.2889952 0.0778215 0.0929382 -0.0840340 0.3558258 0.6853371 -0.0432754 0.2789710 0.2407129 0.0655491 0.6154113 -0.0344007 0.0000000 0.5363114 0.0663579 0.1456867 0.8553432 0.2360492 -0.3085907 0.4874073 -0.2316587 0.0853758 0.9074931 -0.0520826 -0.0073308 -0.3728982 0.8286659 0.7328215 -0.1119069 -0.5132511 -0.3574245 0.7731380 0.7862628 0.0207046 0.4085280 -0.0103805 0.2772951 -0.2895228 0.2902591 -0.3327491 0.4101845 0.0250256 0.8257296 0.3225956 -0.0168279 -0.0694896 0.0870746 0.7502739 0.1272473 0.2430961 0.2943746 0.7156813 0.6383092 0.2763232 -0.0416725 0.1579524 0.6948855 -0.1046482 0.3478675 0.0712538 0.4233661 0.1298662 0.5377013 0.5323937 0.2045625 0.2154027 -0.0749345 -0.2697317 0.2269210 0.4267375 0.3563803 0.2343825 0.0868031 0.2014433 -0.1741876 -0.0404448 0.3465818 0.1039887 0.3141310 0.2393560 -0.1069042 0.2316372 0.0261648 -0.0405256 0.1064393 0.1371902 -0.1610689 -0.0150963 0.0775263 -0.0424445 0.1129733 0.1721789 -0.1970749 -0.3413826 -0.0979895 -0.0795441 0.2543673 -0.4760368 0.1531580 -0.4657113 0.3765523 0.2006809 -0.0471740 0.0104513 -0.2075317 0.0090614 0.0435081 0.0373979 -0.1249712 -0.6793518 -0.1059851 -0.0630839 -0.3943943 -0.4538360 -0.2019970 -0.5851037 -0.3326249 -0.3702530 -0.2889712 -0.4474324 -0.5621400 -0.0892293 -0.2404382 -0.2723645 -0.1295900 -0.7520617 -0.2053704 -0.3245800 -0.2201074 -0.3522960 -0.1229554 -0.4303020 0.0101030 0.0680965 -0.1072352 -0.2696794 -0.2836876 -0.4334011 -0.0594051 -0.0308867 -0.0890602 0.2155001 -0.0966281 -0.2801742 -0.0770171 -0.2259849 -0.2576046 -0.1533666 -0.0825327 0.0421805 -0.0448900 -0.1220157 -0.1382088 -0.2876737 0.1927499 -0.2567120 -0.2659042 -0.1304084 0.1687212 -0.2486638 -0.0341733 -0.0604711 0.1597656 -0.1376056 -0.1849942 -0.4515702 -0.1663483 -0.0800167 0.2580198 -0.0489207 -0.0561311 0.4002798 0.2949373 0.5409440 0.2431973 0.2165440 -0.0151022 0.2360862 0.1683123 0.3783066 0.2760861 0.1560697 0.2971242 0.1043249 0.1631462 0.1766480 0.2839816 0.2705788 0.0457753 -0.0440937 0.1818978 -0.5102933 0.2478080 -0.0633393 -0.3668323 -0.4606276 -0.2003172 0.2998199 -0.2867825 -0.1469427 0.1529544 0.1978426 0.2921152 -0.6249221 -0.4115972 -0.3774167 -0.3775876 0.1096638 0.2331981 0.0114286 0.0025485 -0.4762734 0.0950779 0.3853730 -0.3817216 0.3200718 0.1054446
0.0313959 0.1121287 -0.1348824 -0.2389848 -0.1734748 0.1662597 0.3931090 -0.0835869 0.4529686 0.2997668 0.1449953 0.4949194 -0.0965922 0.5363114 0.0000000 -0.1888064 0.3300794 0.6455194 -0.2927197 -0.2572957 0.4453392 -0.3737394 0.0189998 0.4816720 -0.1999878 -0.1811535 -0.1799206 0.3189641 0.4329511 0.0111518 -0.3891228 -0.4678563 0.4058096 0.4133731 -0.2789160 0.3348062 -0.3473955 -0.1708576 0.0266923 0.2685952 -0.1047453 0.3324485 -0.1145112 0.3872927 0.3524855 -0.2639377 -0.3469066 -0.0424577 0.3487748 -0.2643197 -0.0655210 0.1771380 0.3559159 0.2722083 -0.2089798 -0.3938390 -0.3019063 0.2323068 0.0245239 0.0209012 0.1963932 0.2151189 -0.0807768 0.2472981 0.2326839 -0.2236557 -0.1482231 0.0258019 -0.5176448 0.0099971 -0.0339203 0.3024935 -0.1452397 0.1305526 0.0347032 -0.1428011 -0.1754568 -0.1274556 -0.0190092 0.1174212 -0.1864169 -0.3818756 -0.2305054 -0.2227885 -0.2386272 0.1227536 0.0778367 -0.2669175 0.2451466 0.2597098 -0.3837612 0.1152484 -0.3184966 0.0703459 -0.2663625 0.0610098 -0.1192761 -0.0906174 -0.2885024 0.4411888 -0.2794073 0.1491527 -0.0824851 0.1928368 -0.2486037 -0.0770655 -0.2007216 -0.2327804 -0.1871967 -0.5269210 -0.3801628 -0.2663576 -0.0765633 -0.1251982 -0.4586241 -0.3068007 -0.4643683 -0.5066016 -0.3344889 -0.4143198 -0.4767464 -0.3283556 -0.0755358 -0.1781822 -0.3630595 -0.2283551 -0.4709949 -0.2261971 -0.3506081 -0.3698584 -0.6015586 0.0652971 -0.1595417 -0.1335688 0.2265806 -0.4049193 -0.4802141 -0.4064683 -0.4720820 -0.2206596 -0.0118936 -0.2992007 0.3251618 -0.3705828 -0.4501122 -0.3792451 -0.0235824 0.0818535 0.2829067 -0.1001869 -0.0753725 -0.0253521 0.0965261 0.0464607 0.3205329 -0.0505066 0.0323293 0.1893573 0.2308643 -0.0174000 0.1020641 0.2082425 0.0103932 -0.0726389 0.2615444 0.2345992 -0.0714902 0.2614085 0.2455248 0.4043328 0.4201132 0.4549454 0.1994083 0.1147712 0.1900403 0.2327326 0.4339697 0.2715098 0.4286869 0.4064147 0.3421865 0.3363824 0.0534284 0.1346307 0.2183535 0.1693430 0.2109335 0.3320620 0.1829844 -0.0673485 -0.0587854 -0.0242715 -0.2725058 0.3251490 -0.0655681 0.1019139 -0.0648414 -0.2022063 0.1523800 -0.3238871 -0.2344928 0.0475709 -0.0523699 0.2191489 -0.2109668 -0.3148948 -0.2513453 -0.2180667 -0.2440567 0.0778239 -0.0723653 -0.1575056 0.0286630 -0.2577192 -0.1841309 -0.3039174 0.2085820 0.1298853
0.0126021 0.0610703 0.2850396 0.6383847 -0.1093245 0.2044952 -0.0147690 0.4002413 0.4159442 0.2296978 0.4351131 -0.0219549 0.1822238 0.0663579 -0.1888064 0.0000000 0.2815121 -0.1040987 0.8579180 0.1128535 -0.1601488 0.5606019 0.5052872 -0.0278653 0.6354981 0.7388146 -0.1204302 -0.1241674 0.0298697 -0.3670129 0.0319270 0.3692980 0.1881426 0.1788043 0.5645996 -0.1288114 0.6561224 0.7459428 -0.2039014 -0.0222111 -0.2201318 -0.1036691 0.2661596 0.2692556 0.0154027 0.7455140 0.8009251 -0.0704053 0.3899374 0.5225520 0.6651724 0.4058226 0.3531712 0.4811329 0.6935550 0.6429255 0.6695385 0.6418998 -0.0335240 0.6338405 0.0670480 0.6672553 0.5375863 0.5930761 0.4654160 0.6637927 0.8230147 0.5202094 0.7279502 0.7076112 0.6996221 0.4555584 0.7881721 0.2412824 0.7660089 0.3210439 0.3150103 0.7504459 0.3915792 0.0447170 -0.0844241 0.4167275 0.2469739 0.0961099 0.1883910 -0.1799537 0.1806691 0.4183585 -0.0217477 -0.1555049 0.4741099 0.1150866 0.2277110 0.2879801 0.3415271 0.2114192 0.3154606 -0.0969857 -0.1739352 0.0255733 0.2640534 0.0525204 0.1628857 0.1302588 0.4558498 0.2082187 -0.0993834 0.2334053 0.0405912 0.0599653 -0.0719493 -0.0294528 -0.0716525 -0.1071366 -0.0460310 0.1919209 -0.0197618 -0.0034384 0.2578840 0.2310962 0.1338264 0.0355677 0.6636891 0.0979719 -0.0790513 0.0958220 0.0718228 0.6280592 0.0815012 0.2179309 0.0742587 0.2789351 0.2551583 -0.0649336 -0.0860671 0.6906363 0.1107029 -0.0466501 0.0125727 0.1157073 0.2890248 0.0366632 0.1647286 0.3230884 0.0726508 0.6412328 -0.1290562 -0.1479439 -0.0898172 0.0131407 0.2326475 0.4167545 0.1558218 0.2864542 -0.1799791 0.5310762 0.1913113 0.0401309 -0.1957388 0.4623224 -0.1836563 0.2986480 0.5416591 0.5451380 -0.0421912 -0.2218565 -0.1390384 -0.1999633 -0.0847777 0.1586789 -0.2471714 -0.2434002 -0.2750760 0.2435641 -0.0922571 -0.0416978 -0.0669011 -0.1049608 -0.1164413 -0.1303994 -0.3437454 -0.0585464 -0.1158257 -0.0900853 -0.1243699 0.0609699 -0.0148752 0.0922455 -0.0847140 0.0598602 0.1061034 0.2461035 0.0241995 0.1601809 0.1232907 0.2778683 -0.0972134 0.0544821 -0.2784827 0.0531791 0.6649818 0.1955465 0.2919819 0.2452343 0.0468988 0.1577354 0.0726311 0.4349950 0.5188488 -0.1344126 0.0836093 0.2065623 -0.1980035 0.3987285 0.1369804 0.3864424 0.0045339 0.2537743
0.1068482 0.2613342 -0.0244135 0.3035201 -0.2263652 0.3836561 0.1040559 0.5482751 0.2994080 0.6353509 0.6912517 0.3632262 0.2812135 0.1456867 0.3300794 0.2815121 0.0000000 0.1134597 -0.0365143 -0.2501656 0.5050879 0.2080007 0.8516033 0.0823778 -0.0476176 0.3720612 0.0535911 0.0810374 0.3195638 0.0686482 -0.2468742 0.0030723 0.0992715 0.2697674 0.3643309 0.5089342 -0.0031449 0.3470892 0.1241006 0.0233968 -0.1301536 0.4139856 0.3914838 0.0025763 0.4789369 0.1121729 0.1307712 0.1167074 0.0389863 0.3081851 0.2698145 0.2223428 0.3376998 0.1014682 0.1364937 0.0737519 -0.0218905 0.2050179 0.2976304 0.3395054 0.5009168 0.2866984 0.2823594 0.4666641 0.4802892 0.1125536 0.1567359 0.3843996 0.0464054 0.5545134 0.1046342 0.6538047 0.1073579 0.6588002 0.2599914 0.5027587 0.6423640 0.3890911 0.6825178 0.5259068 0.2216793 0.1939299 0.0623733 -0.0853608 0.0953626 0.3691943 0.5154083 -0.2194610 0.5737943 0.4334955 0.2306825 0.3570117 0.0551734 -0.0720853 0.2473577 0.3347905 0.5515212 0.2623849 0.1188744 0.3960740 0.2730496 0.3319073 0.3437877 0.3852769 0.1527851 0.3144486 0.0415910 0.2701558 0.1545666 -0.0446881 0.1690988 0.0793352 0.2522641 0.2892691 -0.1688503 0.1916410 -0.2412144 -0.4681178 0.1222644 0.0571376 -0.2610263 -0.2286441 0.4281074 0.3013148 -0.3562537 0.2421532 0.0228774 0.3410335 0.1206522 0.5308900 -0.0570821 0.5933761 0.6342267 0.5345609 0.3801278 0.3604179 0.3899800 0.1631951 -0.0485292 0.4819463 0.5243451 0.4091614 0.4185935 0.4282605 0.2494463 0.3522561 0.4062046 0.4000640 0.4563745 0.5533426 0.7259877 0.6189320 0.4777297 0.5428454 0.4197795 0.3833109 0.3955244 0.4509761 0.4406949 0.4145136 0.3456194 0.6153502 0.6429133 0.4424997 0.5116203 0.4939897 0.3762465 0.3910856 0.6210798 0.4861901 0.4404908 0.5937037 0.0638217 0.0784413 0.1776719 0.2916870 0.3171531 0.0489081 0.4612553 0.4715411 0.2908389 0.4440946 0.2539562 0.3481833 0.5895530 0.5323388 0.6443659 0.6286562 0.5362625 0.3318546 0.3003385 0.3678362 -0.1198868 0.2473983 0.3861411 0.4360542 0.4772069 -0.1118077 0.5216015 0.1100452 0.0940036 0.0743316 0.3286425 0.3950283 -0.0917981 0.1374874 0.3106144 -0.0331676 0.1189869 0.1144699 0.2423492 0.4051922 -0.0321458 0.1526303 0.2791598 -0.1365377 -0.1816632 0.1373140
