0.0000000 0.0540704 0.6874272 -0.4367209 0.4205309 -0.1867325 0.1545335 -0.2610844 -0.2086100 -0.4105916 -0.5265398 0.0172718 0.0378075 -0.2515723 -0.2145383 -0.1854356 -0.4256270 0.0216573 -0.2596588 0.3353207 0.2515992 0.0698024 -0.2618785 0.0232866 0.0180708 -0.2391282 -0.2567359 0.0576556 -0.0696074 -0.2937200 0.0583205 0.3740637 0.2339247 -0.0316530 -0.1017175 0.3087039 -0.0754545 0.2333182 -0.2608838 -0.1665011 0.4743382 -0.2129157 -0.0497912 0.0402462 -0.3499637 -0.0261007 -0.3103832 0.5994324 0.0040391 0.1354294 -0.1857671 -0.1911912 -0.1843329 -0.4048209 0.4964168 -0.0507013 -0.1258106 -0.5466667 0.5578407 -0.2073968 -0.0258605 -0.3619239 0.5627136 -0.4953253 -0.0810759 0.1019588 -0.4733177 -0.5180794 0.1070342 -0.6283283 -0.1297529 -0.2036131 -0.2628383 -0.0542781 0.3695919 -0.5592472 -0.2927162 -0.1488227 -0.4484516 -0.0050156 -0.4561787 0.2136536 0.3011374 0.0641364 0.1126217 -0.1801503 -0.2689774 -0.0666863 -0.1785268 0.0658359 -0.3490104 0.0363268 -0.3153728 -0.1852446 -0.0379839 -0.0922723 -0.2422814 -0.2472218 0.0623108 -0.3662096 0.2062686 -0.3505149 -0.4675091 0.1125474 0.0024475 0.1218728 -0.0988615 -0.3668198 -0.0974733 0.0653671 0.0926904 0.0796446 -0.4066294 -0.0997508 0.0134857 0.0342363 0.0438935 -0.0576028 0.1400372 -0.0803454 -0.1162214 0.1726009 0.1039107 -0.2358861 -0.1756229 0.0674067 -0.1373605 0.1539880 0.1376092 -0.3812039 -0.2521382 -0.1183966 -0.1131874 -0.0193065 -0.1725862 -0.0859168 -0.0958851 0.1369545 0.2044562 0.2678043 0.1230182 0.4433749 0.6464733 0.0450782 0.0991612 -0.3471300 0.3867515 0.4525276 0.3941919 0.4924085 0.2024587 0.1564917 0.3462296 -0.0182182 0.0206546 -0.0388795 0.1540104 0.2988604 0.4585803 0.1445130 0.1354830 0.2365696 -0.0952225 -0.2908534 0.1009957 0.1968183 0.1061990 -0.0705832 -0.4943820 0.1011665 -0.1190894 -0.3954888 0.6656925 0.4680129 0.4060974 0.6261065 0.5708342 0.7343228 0.4508588 0.5072371 0.5886131 0.3559979 0.6361184 0.4541115 0.7018763 0.2871845 0.7395901 0.6973519 0.4880649 0.4883898 -0.0423257 0.3951902 0.4090222 0.0283809 0.0176256 -0.0538891 0.1322160 0.1998082 -0.0245166 0.1422980 0.6055296 0.0938134 -0.0133154 0.0585694 0.1737057 0.1192933 0.3407203 0.1005832 0.4715138 0.1908594 0.2299245 -0.5167357 0.3235617 0.1461246 -0.4478871 0.3327131 0.6401148 0.1666667
0.0540704 0.0000000 0.5289288 0.5608364 0.3218134 0.7334928 0.7812145 0.3959268 0.3681406 0.0988148 0.2996975 0.6337694 0.4374709 -0.0818278 0.3355606 0.0048769 0.0677536 0.0003339 0.0254721 0.2519037 0.6394741 -0.0583207 0.1181933 0.1206524 -0.0084030 0.0866832 -0.3037396 -0.0541319 0.5875132 -0.1296686 0.0958159 -0.0726325 0.2750201 0.5403022 -0.0629723 0.5247377 0.0301111 -0.0834903 -0.3271560 -0.2699900 -0.0072700 0.6544810 0.0071923 0.1254638 0.6457351 0.0445492 0.0087295 0.0543762 0.6330075 0.0005497 -0.0402790 -0.0313964 0.7038712 0.1081785 0.1897900 0.2325495 0.0419486 0.3771555 0.3104741 0.0571238 0.6137875 0.2357446 0.0619191 0.5141495 0.4950868 -0.0014715 0.1268442 0.2563296 -0.1594593 0.4166716 0.0675142 0.4947857 0.2415545 0.4988011 -0.1281838 0.3319937 0.4389337 0.1171667 0.3469723 0.4671532 0.0437407 -0.1663079 -0.1542074 -0.5485747 -0.2969487 -0.1597884 -0.2420361 -0.6526266 -0.2516626 -0.3799912 -0.0194275 -0.1877575 0.1205069 -0.5396347 -0.1896354 -0.0639839 -0.0364982 0.0958125 -0.2465707 0.2015980 -0.2333946 0.0243506 -0.0516742 -0.6018967 0.0428632 -0.1681059 -0.0552775 -0.0489940 0.2006656 -0.4083244 0.0059649 0.1440997 0.2078961 -0.3931973 -0.2157052 -0.3279002 -0.4185625 -0.0544374 -0.3447964 0.1522992 0.1160646 -0.1759704 0.2157829 0.4022662 0.2827273 0.0914962 0.1465540 0.1111552 0.1100815 0.3894350 0.1795560 0.0085922 0.0434729 0.4185254 0.2142468 -0.0136417 0.3126532 0.1343279 0.1451899 0.2131141 0.0827927 0.4415044 0.2109764 0.0735240 0.1220225 0.0431498 0.2534230 0.2873544 -0.0499449 0.5151413 0.3137807 0.0985397 0.2711931 0.1351079 -0.2130393 0.0742698 0.1608602 0.0341274 0.0296311 0.3678730 0.0750955 0.4286062 0.2081498 0.1303005 0.0765657 0.3259678 0.2273008 -0.2082930 0.0810456 0.1701068 -0.1603127 -0.1474027 0.3014239 0.4804429 0.8410946 0.6064899 0.3839120 -0.1185714 0.3537242 0.0883040 -0.4064041 0.0103273 -0.1038942 -0.0897480 -0.0217649 0.3902902 0.1546227 0.0900024 0.0829824 0.0105703 0.0676503 -0.0631889 -0.3195802 0.1101094 0.0705277 0.0192554 -0.0020687 -0.4734688 -0.3138994 0.1114469 0.2984913 0.0823404 0.3983563 0.3427159 0.1771335 0.2530823 0.2279915 -0.2663602 0.4411905 -0.0183332 0.3453775 0.2308511 -0.1419540 -0.0580966 0.1876083 -0.0019302 0.3181783 -0.0726850
0.6874272 0.5289288 0.0000000 0.2774344 0.7542081 0.3382162 0.3800110 0.3131585 -0.0685671 -0.3034410 -0.0823855 0.2499343 0.5477250 -0.2636767 -0.0682646 0.0291520 -0.2265319 -0.2046084 0.0646439 0.6643679 0.3153342 0.3700140 0.0301667 -0.0952320 0.2590438 -0.0375990 -0.4892076 -0.0802374 0.1770474 -0.2922595 0.4411592 0.3784088 0.1380098 0.2001847 0.0672958 0.2309459 0.0828158 0.4090287 -0.2968645 -0.2460582 0.4747580 0.0708351 0.1839065 0.1263205 0.0769344 0.1829882 0.0136087 0.6201964 0.3197321 0.4058028 0.0869342 -0.0010572 0.3309965 -0.1348086 0.6876713 0.3363268 0.1221561 -0.1348826 0.6290456 0.1411367 0.4216882 0.0932874 0.6156906 0.0294219 0.2371108 0.2873056 -0.0081211 -0.0461787 0.2660687 -0.0576757 0.2496308 0.2186162 0.2257995 0.4452999 0.3886436 0.0179387 0.1342325 0.2002035 0.1098838 0.4800147 -0.1156942 0.1779513 0.0366350 -0.2009255 -0.2073936 -0.4227476 -0.3914606 -0.3510117 -0.4115607 -0.3805899 -0.4242538 -0.2194704 -0.1573103 -0.3203052 -0.3516549 -0.1923864 -0.0996436 -0.1420753 -0.3367545 0.1210690 -0.2212660 -0.3885664 -0.5641765 -0.2451048 -0.1450333 -0.0245731 -0.3869350 -0.4105881 -0.2412553 -0.3769596 -0.2434867 -0.1480773 -0.2178424 -0.4374895 -0.2731697 -0.4212507 -0.4107700 -0.4204144 -0.4192250 -0.3506135 -0.2672827 -0.1630319 -0.0628129 -0.1246068 -0.2491357 -0.2565970 -0.1351231 -0.0644574 -0.0631590 -0.2474398 -0.3080394 -0.1418928 -0.0640918 -0.0632814 -0.1660629 -0.3668726 -0.1535544 -0.0516328 0.0491528 -0.0854227 -0.1514815 0.2155495 0.4720697 -0.2097084 -0.2501435 -0.4761622 0.1754459 0.2602400 0.2590174 0.3022313 0.0460312 -0.1889490 0.1123948 -0.2483839 -0.1111905 -0.1217775 0.0302127 -0.1110349 0.2863264 0.0972792 0.1343266 0.0389176 -0.1929964 -0.2696186 -0.0674489 0.0571153 -0.0680725 -0.4078379 -0.2568795 -0.1118287 -0.1728048 -0.2773415 0.4132475 0.3499198 0.6136280 0.6743394 0.5054713 0.4267215 0.3665497 0.2150593 0.1378173 0.2021449 0.3598999 0.2873373 0.5862941 0.5377107 0.7310094 0.7150386 0.3784960 0.2370768 -0.4148262 0.1400596 0.0270134 -0.1451308 -0.1904909 -0.2522276 -0.1727792 -0.2073867 -0.1011186 -0.1337823 0.6628945 0.0578738 0.0125360 0.0435645 0.4872528 0.1318231 0.0851443 0.1093251 0.5407912 0.0068248 0.1850642 -0.4695528 0.2706425 0.0288012 -0.4443437 0.4830306 0.6377842 -0.0920803
-0.4367209 0.5608364 0.2774344 0.0000000 0.3758305 0.7988273 0.3484384 0.8368022 0.3292311 0.3147515 0.7000472 0.4021993 0.7343927 0.1517398 0.2722492 0.4105137 0.3397449 -0.1795801 0.5328632 0.4187863 0.1788760 0.4740111 0.4420287 -0.0638043 0.4288320 0.3297700 -0.1580501 -0.0744038 0.4016994 0.1731572 0.5942762 0.0991111 -0.0689593 0.4053436 0.2967776 0.0135259 0.1959160 0.3285802 0.2603856 0.1472025 0.1164668 0.4172705 0.3732242 0.2601883 0.6393138 0.3714927 0.4309846 0.0959408 0.4925662 0.3742780 0.4149470 0.3885901 0.8020846 0.6197924 0.2719596 0.5738212 0.3522988 0.6478350 0.0712638 0.5153949 0.6726800 0.7245802 0.1602235 0.7825931 0.5304193 0.2814917 0.7181592 0.7662668 0.3614789 0.8516285 0.5297590 0.7332613 0.7366847 0.7066506 0.1757620 0.8495993 0.7094972 0.5830635 0.8270381 0.7644503 0.6530462 0.0713329 -0.2519092 -0.2503403 -0.2956715 -0.1351648 -0.1063304 -0.4219610 -0.1537913 -0.3858504 0.1257596 -0.1888033 0.3202706 -0.3106604 -0.2366382 0.0940483 0.3473704 0.2105689 -0.3258354 0.6049412 -0.4165477 0.0780623 -0.0055521 -0.5480164 0.0122275 -0.1282627 -0.1389113 -0.0472498 0.0434493 -0.4199740 -0.2064111 -0.1292850 0.1032601 -0.2907154 -0.1955925 -0.5254328 -0.4918368 -0.3778056 -0.6359048 -0.2630530 -0.1830543 -0.4365977 -0.2138514 0.0614996 -0.0104204 -0.2016641 -0.0385405 -0.1835944 -0.0277663 0.1222504 0.0338448 0.0947069 0.0241614 -0.0166958 0.1137001 -0.2510701 -0.0591188 -0.0008498 -0.0507298 -0.3269783 -0.3957191 -0.2003678 -0.0223765 -0.1908626 -0.2936698 -0.1309262 -0.2335000 -0.2421562 -0.1813756 -0.2581370 -0.1762053 -0.3212631 -0.3240435 -0.3574215 -0.3276401 0.0286589 0.1376397 -0.6121379 -0.0582531 0.0743507 -0.1785999 -0.1825133 -0.0265349 0.2246934 -0.3540999 -0.1401375 -0.2894890 -0.2526620 0.5184292 -0.1616038 -0.0503243 0.3116387 -0.1918849 -0.0571275 0.3090040 0.0588020 -0.0169184 -0.4215768 0.0198914 -0.2438368 -0.4870658 -0.0423380 -0.2794636 -0.1230472 -0.1363439 0.4092779 0.0486556 0.0573144 -0.1110765 -0.1508787 -0.4056133 -0.1274343 -0.2890286 -0.0237514 -0.0440886 -0.0276408 -0.1423283 -0.3115059 0.1958837 -0.1112334 0.0141140 -0.1379931 0.0033192 0.0722094 0.4415112 0.2453991 -0.1237046 0.1071306 0.0198728 0.0443166 -0.0768225 0.2582260 0.0673606 0.1331208 0.1930673 0.1243623 -0.1757093 -0.4208198
0.4205309 0.3218134 0.7542081 0.3758305 0.0000000 0.3532781 0.2863194 0.4390296 -0.1000643 -0.2115527 0.2327662 0.1942590 0.5249786 -0.2277701 -0.1365856 0.4030061 0.1406211 -0.2941338 0.4273897 0.7322081 0.0410242 0.5003005 0.3238442 -0.3096716 0.4561071 0.2367446 -0.0911398 -0.1361007 -0.0119547 -0.2036784 0.5562180 0.4233827 -0.0329021 0.0841107 0.3382906 -0.0019020 0.2880104 0.5530924 -0.0094169 -0.1001296 0.4442217 -0.0779225 0.4895142 0.1414802 0.0548578 0.4133351 0.3575708 0.5912304 0.2926576 0.6315792 0.4123519 0.3940427 0.3556774 0.2484097 0.6575358 0.4523779 0.3431670 0.1469348 0.5387188 0.4242698 0.4697005 0.3824741 0.4879268 0.2084249 0.1474741 0.4303505 0.2873820 0.2714012 0.3648448 0.2237669 0.5173516 0.2723949 0.5024041 0.5272083 0.5056610 0.3244064 0.2422473 0.4096023 0.4061916 0.6704154 0.1684481 0.0485981 0.0030308 -0.0874556 -0.2555128 -0.2620914 -0.2336169 -0.2739623 -0.3102769 -0.3431808 -0.3076887 -0.0255005 -0.0184037 -0.1451811 -0.0993783 -0.1913136 -0.0074862 0.0770140 -0.1823855 0.0499325 -0.2134805 -0.1424827 -0.4800605 -0.2849727 0.0083350 0.0177277 -0.4675154 -0.3601477 -0.3511702 -0.4324318 -0.2545592 -0.4555406 -0.3279589 -0.2285049 -0.2256573 -0.3001724 -0.1010571 -0.4166272 -0.3499134 -0.4203696 -0.1791065 0.0753474 -0.3256255 -0.2667166 -0.3000047 -0.4782107 0.1400241 -0.3561423 -0.0475076 -0.1449684 -0.1106595 -0.1169641 0.3412295 -0.3755372 -0.0941549 -0.5937094 0.0750236 0.0996487 0.3546150 -0.3916605 -0.3619851 0.1636557 0.3963106 -0.4956924 -0.3636811 -0.6874570 0.3586344 0.2711025 0.1259712 0.1159408 -0.2093826 -0.3539935 0.1670381 -0.5995647 -0.0333081 -0.2192276 0.0785503 -0.2514664 0.3205522 -0.0762365 0.1227547 -0.0539415 -0.4187011 -0.2759275 -0.0561688 -0.0250097 -0.3720973 -0.4091961 -0.0468937 -0.1497821 -0.0438818 -0.1583511 0.1668927 -0.0154054 0.3937291 0.4629231 0.2977842 0.1953432 0.2079706 0.0869616 0.0786298 0.1814337 0.3725497 0.3346318 0.5893505 0.4341745 0.6511753 0.6500690 0.2347110 0.0934397 -0.6008404 0.1750872 0.1577718 -0.4195531 -0.4457786 -0.4459365 -0.2246529 0.0414575 0.0462968 -0.2495792 0.5045560 0.0829733 -0.2770716 -0.2070061 0.7055313 0.2808075 0.0321120 0.3180410 0.3148258 -0.0436133 -0.1970064 -0.5833802 0.3536965 -0.0888550 -0.5223574 0.3309437 0.2769449 -0.2501608
-0.1867325 0.7334928 0.3382162 0.7988273 0.3532781 0.0000000 0.7486485 0.5281815 0.6579614 0.4828149 0.5000340 0.7832127 0.5229448 0.3365913 0.5799590 0.1887621 0.3474793 0.1748031 0.2228912 0.4282371 0.5511786 0.2172830 0.2237530 0.3108637 0.1504007 0.0943413 -0.1093265 0.2176192 0.7608811 0.3006536 0.3440182 -0.0087250 0.3328709 0.7181760 0.0543656 0.3715130 -0.0199142 0.0967292 0.3019035 0.2076582 0.0813929 0.7215653 0.1724835 0.4770768 0.8493777 0.1516438 0.0879165 0.0996168 0.8327459 0.1251623 0.1004460 0.2164361 0.9551413 0.6127876 0.2590623 0.3293356 0.1246359 0.6454014 0.3476425 0.2046748 0.8637177 0.4589743 0.2124483 0.8814056 0.7041618 0.1225362 0.4015321 0.6082509 0.1658893 0.7301385 0.2385357 0.8745671 0.4698792 0.7871067 0.0529166 0.6712854 0.7761441 0.3203256 0.6166640 0.7959382 0.3638919 -0.0191870 -0.1193255 -0.2700626 -0.1532629 0.1151002 0.0377370 -0.5760985 0.0103884 -0.2290491 0.2322332 0.0913347 0.4591486 -0.4653364 0.0437141 0.3881068 0.4488647 0.3161011 -0.1127482 0.2020605 -0.1467691 0.2558707 0.0816427 -0.4576499 0.3211451 0.1399462 0.1851485 -0.0270708 0.2815609 -0.2916678 0.1140672 0.1675085 0.0204366 -0.1395003 0.0868370 -0.3035552 -0.2963560 -0.1098599 -0.3683714 0.0570426 -0.0035083 -0.2234732 -0.1563858 0.1799810 0.1943821 0.0449264 0.0570442 -0.1373776 0.2697860 0.2216613 0.1929901 -0.0168965 0.2171408 0.0807181 0.3075740 -0.2113527 0.3078494 0.3105199 0.3399318 -0.0669408 -0.1368966 0.2295720 0.3234930 -0.0001723 0.0391518 -0.1636536 0.2426586 0.2869265 0.0935094 0.1107319 -0.0111580 -0.0888105 0.0618876 -0.2551874 -0.1664372 0.0002397 0.3396163 -0.3453088 0.2640983 0.1477717 -0.0162491 0.1742256 0.0281330 0.1849738 -0.1110101 0.0330201 -0.2128420 -0.0097496 0.4227155 0.0601444 0.0323573 0.1670769 0.1075722 0.2545749 0.6403924 0.4556704 0.3880190 -0.1781638 0.3296508 0.0176769 -0.3317036 0.0842580 -0.0324085 -0.1015832 0.0324089 0.5927681 0.2317273 0.2713507 0.2197526 0.2500283 -0.1111124 0.2079870 -0.0837254 0.1126644 0.1228094 0.0943690 -0.0549801 -0.1875332 0.1448491 0.0934112 0.2328944 -0.2666570 0.1067868 0.2280127 0.3836602 0.4395693 0.1743333 0.0554107 0.2964815 0.1325570 0.0300373 0.3310294 0.1504614 0.2704316 0.3305820 0.0140935 -0.0565182 -0.2326453
0.1545335 0.7812145 0.3800110 0.3484384 0.2863194 0.7486485 0.0000000 0.1130826 0.6189685 0.3308014 0.1122257 0.8524490 0.1687505 0.1560125 0.5440769 -0.0982843 0.2882908 0.3151872 -0.1264827 0.2666303 0.6734319 -0.0451680 0.0335765 0.3518564 -0.0594579 -0.0961978 0.0691301 0.2426981 0.6955469 0.1367410 0.0899038 0.0181729 0.5218993 0.6650400 -0.2179864 0.5666075 -0.1026493 -0.0832704 -0.0201640 0.0262660 0.1013660 0.7290748 -0.0967788 0.3526933 0.7016202 -0.0205513 -0.1675857 0.1551153 0.7061178 -0.0645681 -0.2171524 -0.0809966 0.7049507 0.1737436 0.2391520 0.1097789 -0.1046766 0.2768264 0.4654290 -0.1560310 0.7063194 0.0224856 0.1609915 0.4994420 0.5261983 -0.0314336 -0.0756938 0.1249358 -0.0498963 0.2508294 -0.0245751 0.5953235 0.1021038 0.4740198 -0.0099856 0.1655689 0.4340957 0.0193310 0.2034662 0.5065733 -0.0275839 0.0083595 0.1093660 -0.2277523 0.1243657 0.2604440 0.0740330 -0.4698176 0.0806037 -0.0048917 0.0540321 0.1440557 0.3107779 -0.4059344 0.1828018 0.1723993 0.1860503 0.2556854 0.0271872 -0.2402510 0.0900673 0.2933139 0.1653158 -0.3619231 0.3065610 0.0214885 0.2740103 0.0566046 0.3550971 -0.1279953 0.3136017 0.2692593 -0.0220240 -0.0656273 0.0151897 -0.0994963 -0.1130750 0.0984654 -0.1097772 0.2744227 0.1256921 0.0220879 -0.0397631 0.2032261 0.2881664 0.1917387 0.0704623 -0.1058461 0.3626631 0.1878991 0.1656861 -0.1589422 0.1988496 0.1381653 0.4150499 -0.0940012 0.4348750 0.3882591 0.4726695 0.1612246 0.1759978 0.6280852 0.5260479 -0.0280881 0.3056154 -0.1607708 0.5463032 0.5862731 0.2339560 0.4685569 0.1401126 0.1161605 0.4207389 -0.0502655 -0.2270173 -0.0807264 0.2574570 0.0682531 0.2453127 0.2498287 -0.0903440 0.4430602 0.0155946 -0.0035910 0.0131496 0.2960399 -0.0142452 0.0346873 0.1056289 0.1664992 -0.1142946 -0.1752573 0.2918820 0.3805783 0.8418428 0.7112335 0.5643925 0.0647969 0.3981490 0.1757215 -0.2241428 -0.0644026 0.0545772 -0.2204272 0.2169861 0.4913011 0.3079999 0.3220051 0.3664410 0.3480475 0.2011681 0.2958975 0.0286770 0.0794440 0.1725179 0.0740922 0.1459859 -0.0961075 -0.0465514 0.2513628 0.4204445 0.0050308 0.1830708 0.3803860 0.2884630 0.5293649 0.4597909 -0.1099547 0.7016767 0.1689005 0.2374000 0.2251272 0.1611322 0.1720910 0.2214958 -0.0891769 0.2888564 0.1026044
-0.2610844 0.3959268 0.3131585 0.8368022 0.4390296 0.5281815 0.1130826 0.0000000 -0.1000419 -0.0976414 0.7753441 0.0233137 0.9200749 -0.2414473 -0.1649614 0.7251129 0.2787718 -0.5369214 0.7863317 0.4708201 0.0360538 0.6172258 0.7271565 -0.4154032 0.6648137 0.6485933 -0.1200532 -0.4315023 0.0344394 -0.1820032 0.7222252 0.3615072 -0.3889786 0.0335983 0.6379187 -0.0811720 0.4544801 0.5405859 0.0616416 -0.1052745 0.3436423 0.0493938 0.6524624 -0.0638533 0.2513497 0.5486430 0.6355053 0.2706963 0.1861258 0.6208145 0.6961802 0.6604793 0.5655198 0.6338135 0.4035619 0.7582782 0.5784836 0.6421025 0.0022344 0.7814265 0.4416155 0.8953938 0.3077226 0.5106002 0.3669135 0.5000174 0.8702368 0.8276467 0.5569322 0.7336034 0.6997425 0.5256208 0.9002095 0.6030676 0.4267587 0.8325082 0.5695864 0.7566871 0.8472853 0.6483466 0.6763848 0.2565485 -0.1997117 -0.1315011 -0.3341350 -0.2454102 -0.0240802 -0.2668843 -0.2783284 -0.3120337 0.1186774 -0.1477909 0.0141487 -0.2306470 -0.3804160 0.0047204 0.1589653 -0.0915135 -0.3440728 0.5938736 -0.2873728 -0.2026882 -0.2548949 -0.5290302 -0.0787770 -0.2352815 -0.2924205 -0.2266538 -0.0734164 -0.4947552 -0.2545731 -0.2088905 -0.0360610 -0.4540886 -0.2947110 -0.5956582 -0.5114987 -0.5404035 -0.6658456 -0.3971129 -0.2898799 -0.4509406 -0.0369569 0.0220336 -0.1057595 -0.0915807 -0.1511790 0.0308029 0.0050505 -0.0088447 -0.0528353 0.2756458 -0.1397759 0.0393438 -0.0030598 -0.1968988 -0.2272980 0.0068803 -0.0853767 -0.2898156 -0.4010259 -0.2565707 0.0374882 -0.1514212 -0.2532068 -0.1455117 -0.2950929 -0.3131390 -0.2187577 -0.2162899 -0.2192754 -0.3435347 -0.4357102 -0.3497913 -0.4132129 -0.0082314 0.1448872 -0.6912585 -0.1461612 0.1085693 -0.1983745 -0.1762165 -0.1104140 0.2525860 -0.3931980 -0.1689992 -0.2821748 -0.3135547 0.3798195 -0.1048551 -0.1168835 0.2242760 -0.1489656 0.0179693 0.2272961 -0.0526089 -0.1194466 -0.3571395 0.0135022 -0.1014824 -0.2804979 0.0199441 -0.2080242 0.0011991 -0.0524653 0.3095227 0.1129787 -0.0034019 -0.2359432 -0.2683751 -0.4875830 -0.2457159 -0.2425646 0.0824141 0.0063652 0.1044902 0.1579450 -0.2366502 0.0917028 0.0799295 -0.1063666 0.1856501 0.0912589 0.0682197 0.4206556 0.1580005 -0.0031683 0.1947758 -0.1603669 0.1921237 0.0676718 0.1520873 0.0921667 0.0555106 0.0733877 0.1384731 -0.0500314 -0.3577415
-0.2086100 0.3681406 -0.0685671 0.3292311 -0.1000643 0.6579614 0.6189685 -0.1000419 0.0000000 0.9041848 0.0966997 0.8713787 -0.1309220 0.8271708 0.9255047 -0.2230529 0.2495662 0.7970719 -0.2435161 0.0487379 0.5717910 -0.0747216 -0.2604372 0.7937219 -0.2611933 -0.2683411 0.1200192 0.7193837 0.8808180 0.7411862 -0.0454083 -0.2610042 0.7252906 0.8501865 -0.3700558 0.5003528 -0.2453858 -0.2485801 0.5566598 0.6228219 -0.0706283 0.8887347 -0.3561098 0.7546267 0.8591211 -0.1225806 -0.3038549 -0.0531640 0.7696451 -0.3513902 -0.4027112 -0.2798387 0.6507308 0.3104092 -0.0732906 -0.1060680 -0.1806260 0.2269789 0.2923546 -0.3001527 0.6911547 -0.1074288 -0.0800570 0.6500062 0.6018813 -0.1999676 -0.1036224 0.1553058 -0.0937088 0.3419868 -0.1451970 0.7330942 -0.1255459 0.3546844 -0.2209140 0.1804265 0.5144642 -0.1414947 0.1130594 0.4383607 0.0910149 -0.0065359 0.2666984 -0.1480787 0.2629737 0.5156048 0.2159365 -0.3900069 0.4859172 0.2323056 0.3879571 0.2977109 0.4693253 -0.4350441 0.5491125 0.4836636 0.5282343 0.3844346 0.3153875 -0.2366154 0.2261185 0.4265180 0.5135855 -0.1381345 0.5560570 0.3664462 0.6290903 0.3542605 0.5750374 0.2886402 0.5342205 0.4915557 0.1800334 0.2129734 0.3955949 0.0723593 -0.0239429 0.3292049 0.0228375 0.3867005 0.1646451 -0.1411587 -0.1491507 0.2668172 0.3604677 0.1931142 0.0926466 -0.0691283 0.3286308 0.2745104 0.3189934 0.0290267 0.1853051 0.1521321 0.4640504 0.1528259 0.4204422 0.3215934 0.2734428 0.1622297 0.2280258 0.3235329 0.3655855 0.2105999 0.2458500 0.1877816 0.2864233 0.3060821 0.1769926 0.0778909 0.1280125 0.2978549 0.2632702 0.0691331 -0.0556574 0.2220977 0.3992984 0.1362687 0.2934554 0.1487492 -0.0869381 0.2990206 0.2772124 0.1903945 -0.0186389 0.2333778 0.0692037 0.3079016 0.2967132 0.2429268 0.1139802 0.1565319 0.0804173 0.1647949 0.3818546 0.3126785 0.3903222 -0.0027802 0.3275603 0.0519206 -0.2835824 0.0008751 -0.0874361 -0.2913587 -0.0235298 0.4463692 0.0720751 0.1856501 0.3811320 0.4778228 0.2696496 0.5221375 0.2705801 0.1114547 0.2456752 0.1373826 -0.0130334 0.1207503 0.3951547 0.1229046 0.3059112 -0.3493413 0.0241531 0.2617497 0.0534014 0.4005091 0.2198633 0.0494671 0.2732610 0.2345877 -0.1157917 0.4564186 0.0903934 0.4591107 0.3920312 -0.0754228 -0.1169145 0.1629662
-0.4105916 0.0988148 -0.3034410 0.3147515 -0.2115527 0.4828149 0.3308014 -0.0976414 0.9041848 0.0000000 0.1738041 0.6339197 -0.2231511 0.9148179 0.7982817 -0.1366090 0.3489420 0.7744524 -0.1144719 -0.0297203 0.2356671 -0.0679438 -0.2199014 0.6916064 -0.1693636 -0.1869780 0.3288573 0.6914476 0.6648249 0.8496378 -0.0171549 -0.2122887 0.5630144 0.6610624 -0.2398966 0.2066823 -0.1141039 -0.1415284 0.7314898 0.7688215 -0.0386171 0.7130483 -0.2794420 0.7088821 0.7381872 0.0397784 -0.1207921 -0.0492194 0.5666245 -0.2588880 -0.2522651 -0.2085008 0.4766339 0.3796234 -0.1280624 -0.0420888 0.0020439 0.2039726 0.2045983 -0.1691655 0.5813850 -0.0447249 -0.1621709 0.5983163 0.4322742 -0.0300125 0.0253841 0.1935831 0.0099267 0.4145744 0.0271301 0.6460175 -0.1380697 0.2216215 -0.1336431 0.2315456 0.4396219 0.0310271 0.1858691 0.3577266 0.3328951 -0.0069110 0.2532763 0.0495213 0.3142462 0.4961215 0.1794088 -0.1434012 0.5274980 0.2571717 0.4420543 0.2911245 0.4088663 -0.2102853 0.6018677 0.5159357 0.5461528 0.3033618 0.3439191 -0.1077916 0.1468502 0.4114863 0.5528869 -0.0019201 0.4609493 0.4880770 0.5903700 0.4170554 0.4355661 0.3685173 0.4041710 0.2705737 0.2515204 0.2552806 0.3382697 0.0336508 -0.0298780 0.2454268 -0.0195927 0.2105767 0.0812056 -0.2113408 -0.2503272 0.1614539 0.1723700 -0.0079622 0.1010019 -0.0996308 0.0800248 0.2551802 0.2316777 0.0510313 0.1820959 -0.0155890 0.4180251 0.1274438 0.3059988 0.0824653 0.0701312 -0.0142036 0.1241870 0.0062339 0.2041292 0.0937767 0.0488783 0.2437161 0.0598805 0.0401758 0.1011104 -0.2298107 0.0048891 0.1925474 0.1036670 0.0029582 0.0430550 0.2911140 0.4435283 0.0277342 0.3021484 0.0058856 -0.0933463 0.0750935 0.2740609 0.2385327 -0.0379635 0.0876434 -0.0067899 0.3580013 0.5000355 0.1937833 0.2695166 0.4363474 -0.1220398 -0.1575131 0.0396756 -0.0570660 0.0313969 -0.2196404 0.0469969 -0.1726549 -0.2865232 -0.0329716 -0.0701857 -0.2115714 -0.0584697 0.2995782 -0.0454381 0.0513274 0.1921422 0.2616597 0.0975499 0.4075127 0.1668876 -0.0929172 0.0398089 -0.0391157 -0.1222916 0.1053359 0.5524765 -0.0906095 0.1839224 -0.4114269 -0.2307883 0.0082405 0.0928454 0.4533267 -0.0699552 0.1947824 0.0353282 0.1880782 -0.4016013 0.3664396 0.1029032 0.4257731 0.3214728 0.0258189 -0.3640284 0.0201096
-0.5265398 0.2996975 -0.0823855 0.7000472 0.2327662 0.5000340 0.1122257 0.7753441 0.0966997 0.1738041 0.0000000 0.0949970 0.5508123 -0.0760880 -0.0145821 0.8456183 0.6631559 -0.3584059 0.8131267 0.0849167 0.0705194 0.3778321 0.8268570 -0.3515402 0.4383880 0.8321229 0.2622816 -0.4145671 0.0748522 -0.0535674 0.4147399 0.0741326 -0.4142108 -0.0147640 0.7268731 0.0307005 0.6102368 0.3263643 0.1930997 -0.0583685 0.0828170 0.2189492 0.7310793 -0.1202922 0.3851727 0.5777982 0.7619558 0.0098532 0.2269466 0.4740237 0.7485218 0.7891243 0.4860781 0.7792895 0.1350949 0.5852718 0.6432892 0.8759532 -0.1293544 0.7978077 0.4362899 0.9155662 -0.0985044 0.6478781 0.2097738 0.3938476 0.8942551 0.9103159 0.2669209 0.8455569 0.6368939 0.5550113 0.7779928 0.3986681 0.1053384 0.9014611 0.5802369 0.6339602 0.8957958 0.5469192 0.6747146 0.1298610 -0.1558646 -0.0582881 -0.1944554 0.1478266 0.2425871 -0.3112676 0.1065386 -0.1082344 0.5455282 0.2852355 0.3208834 -0.2659906 0.0770195 0.2406244 0.4540344 0.1593643 0.0527775 0.4462929 -0.0994924 0.0171395 0.1152066 -0.5520271 0.3199318 -0.0569039 0.0254357 0.2046632 0.1753835 -0.3516045 0.0401877 -0.0916935 0.1716355 -0.2745481 -0.2188201 -0.4160061 -0.3533916 -0.2935806 -0.5258847 -0.1078241 0.0790065 -0.2432295 0.1932839 0.3186572 0.1765200 -0.0738854 0.2939929 0.2178003 -0.0277097 0.4583673 0.3969626 0.4953100 0.2151503 0.1497955 0.2157532 0.0461218 0.1705287 0.0258767 0.0424843 -0.2071361 -0.1518416 -0.1903594 -0.0386995 0.0500766 -0.1569632 0.1691454 -0.1000905 -0.1894103 -0.3765820 -0.0899606 0.0067138 -0.0060586 -0.1035976 -0.1335313 -0.0234821 0.3090171 0.3528666 -0.3899691 -0.1453331 0.2666441 0.1276408 0.1389404 0.2273666 0.5850597 0.0370571 0.1392489 -0.0515860 -0.1449121 0.4776183 0.2250127 0.1285117 0.2519928 -0.1460236 -0.0774457 0.0823503 -0.2186970 -0.2071844 -0.5274184 0.0726904 -0.0569963 -0.2210743 -0.0194847 -0.3042011 -0.1730864 -0.3071915 -0.0077261 -0.1508269 -0.3131406 -0.3444244 -0.3436167 -0.2975417 -0.2200138 -0.2765218 0.0391648 -0.0540111 0.0812126 0.0696442 -0.1482033 0.0684548 -0.0168200 -0.0816185 0.1514625 0.1713033 0.0953009 0.2240796 0.2267229 -0.0726880 0.2852172 -0.2371841 0.0825978 -0.0621311 0.3208221 -0.0447049 0.1387934 0.3445418 -0.1329700 -0.4301124 -0.1667611
0.0172718 0.6337694 0.2499343 0.4021993 0.1942590 0.7832127 0.8524490 0.0233137 0.8713787 0.6339197 0.0949970 0.0000000 0.0675712 0.5467832 0.8708309 -0.1852595 0.1969301 0.6248043 -0.1852708 0.2510889 0.7624274 0.0343466 -0.1606925 0.6348180 -0.1148638 -0.2196069 -0.0452810 0.5686188 0.9028195 0.5048459 0.0455209 -0.1232764 0.7136692 0.8827075 -0.3317947 0.6629202 -0.2042819 -0.1138845 0.3167716 0.3827625 -0.0105295 0.8632337 -0.2381985 0.6785979 0.8259445 -0.0756214 -0.2527341 0.0720129 0.8645404 -0.1632116 -0.3155473 -0.1924532 0.7808328 0.2454446 0.1465897 0.0118676 -0.1914246 0.2397010 0.3821936 -0.2291254 0.7789523 -0.0280777 0.0469791 0.6419034 0.7000705 -0.2020592 -0.0887685 0.1605479 -0.1042636 0.3086803 -0.1029813 0.7461393 0.0361509 0.5167549 -0.1156971 0.2038085 0.5477050 -0.0906868 0.1949382 0.5982678 0.0292248 -0.0019614 0.2153918 -0.2858710 0.1350008 0.3792729 0.0774450 -0.5049163 0.2898004 0.1009682 0.1336713 0.1421643 0.4168360 -0.4986089 0.3744545 0.2598329 0.3487894 0.3749534 0.2039923 -0.2020129 0.1959234 0.3260089 0.3045155 -0.2413622 0.4209439 0.1637749 0.4222403 0.1780901 0.4648221 0.0807094 0.4476938 0.4380534 0.0604005 0.0624688 0.2132792 -0.0111074 -0.0702040 0.2218336 -0.0567803 0.3192430 0.1451668 -0.0645917 -0.1086347 0.2135332 0.3411851 0.1779967 0.0875432 -0.1339984 0.3591184 0.1797633 0.2393764 -0.0377760 0.1761669 0.1818130 0.3827835 -0.0027016 0.3749576 0.4136604 0.4129826 0.2186681 0.1155331 0.5316377 0.4522531 0.0852303 0.2648979 -0.0380173 0.4553421 0.4779286 0.1563233 0.3118462 0.2024037 0.2075706 0.3703594 -0.0451809 -0.2028004 0.0558816 0.3213412 0.1003456 0.2655887 0.2810864 -0.1327313 0.3924322 0.1316697 0.0838826 -0.0304409 0.3102737 0.0064134 0.1009472 0.1090517 0.2127661 -0.0620393 -0.0854350 0.2535376 0.3761768 0.7155258 0.6625703 0.6390803 0.1535885 0.5176496 0.2429748 -0.2446018 0.0609051 -0.0354655 -0.2442372 0.1198883 0.5827132 0.3062035 0.3726592 0.5011089 0.5148865 0.2187980 0.5093458 0.2390322 0.1300897 0.2359678 0.1213493 -0.0102438 0.1003461 0.2469337 0.1878947 0.4362346 -0.1620753 0.0885158 0.3340279 0.1188410 0.4261738 0.4020038 -0.0897682 0.5139325 0.2312056 0.0667569 0.3576967 0.0591735 0.3866125 0.3532376 -0.1053281 0.1366642 0.0669316
0.0378075 0.4374709 0.5477250 0.7343927 0.5249786 0.5229448 0.1687505 0.9200749 -0.1309220 -0.2231511 0.5508123 0.0675712 0.0000000 -0.3023286 -0.1606350 0.5673692 0.0185434 -0.5079603 0.5858527 0.5775036 0.1499930 0.6730807 0.5447816 -0.3096538 0.5648566 0.4719437 -0.3575845 -0.3664310 0.1208837 -0.2836742 0.7422075 0.3798278 -0.2505657 0.1148244 0.5163101 0.0253277 0.2896343 0.5146527 -0.0292412 -0.1475881 0.4035985 0.0043547 0.5595480 0.0043505 0.1596033 0.3945284 0.4393807 0.3595242 0.2322419 0.5725324 0.5597364 0.5281397 0.5590772 0.4942466 0.4760803 0.6561794 0.4189723 0.4750045 0.1079486 0.6428383 0.4187685 0.7301287 0.4840861 0.3832194 0.4502152 0.4366392 0.6947347 0.6482956 0.5281813 0.5285757 0.5531653 0.4882290 0.7687011 0.6628709 0.4571935 0.6520150 0.5228129 0.6150567 0.6429436 0.6270696 0.4555135 0.3168474 -0.2081433 -0.2143257 -0.4117872 -0.3964790 -0.1196252 -0.3574926 -0.4442063 -0.3967704 -0.0496686 -0.2041772 -0.1094096 -0.3068934 -0.5002509 -0.0195583 0.0409881 -0.1928420 -0.4381810 0.4757876 -0.3056699 -0.3697574 -0.4615481 -0.4580872 -0.1502365 -0.1971454 -0.3788021 -0.4292360 -0.1040657 -0.5257974 -0.2799885 -0.1381915 -0.2139399 -0.5460144 -0.2454835 -0.6257953 -0.5618858 -0.5842012 -0.6515639 -0.4473326 -0.4451459 -0.5140060 -0.0155818 -0.0706330 -0.1900475 -0.0192619 -0.3063615 0.0545477 0.0910159 -0.1869766 -0.1912492 0.2002286 -0.2587709 0.0530330 -0.0327656 -0.2550778 -0.3031448 0.0825514 -0.0475485 -0.2193616 -0.3840496 -0.1283211 0.2077264 -0.1168240 -0.2359760 -0.2656790 -0.2207460 -0.1450564 -0.0385804 -0.0858818 -0.2019347 -0.3566768 -0.3931638 -0.3547849 -0.4143841 -0.0885859 0.1355417 -0.6473379 -0.0197279 0.0925482 -0.1756814 -0.1636526 -0.1935316 0.1125573 -0.4498504 -0.1965817 -0.2915486 -0.2901202 0.2244703 -0.1871544 -0.1902813 0.1089437 0.0330680 0.2217511 0.3708153 0.1862459 0.1111317 -0.1254860 0.1766931 0.0593292 -0.1130712 0.2102853 -0.0655872 0.1413045 0.0890017 0.4809323 0.3022249 0.2329211 -0.0276402 -0.0455599 -0.4582166 -0.1080799 -0.1007919 0.1778481 0.0895622 0.1526710 0.1790408 -0.2725002 0.0209492 0.1489092 0.0411963 0.1498511 0.1609240 0.1642381 0.4200322 0.0734603 0.1015577 0.1156717 0.0053050 0.2320511 0.2328709 0.0484463 0.1117405 0.0939518 -0.0771821 0.1831915 0.1580123 -0.3117083
-0.2515723 -0.0818278 -0.2636767 0.1517398 -0.2277701 0.3365913 0.1560125 -0.2414473 0.8271708 0.9148179 -0.0760880 0.5467832 -0.3023286 0.0000000 0.7892824 -0.2861580 0.0611523 0.8579610 -0.2149052 0.0459495 0.1903761 -0.0700574 -0.4086099 0.8048050 -0.1466038 -0.3804885 0.1344384 0.8792989 0.6217186 0.9582901 -0.0695000 -0.1145180 0.6834248 0.6853485 -0.3521890 0.1453244 -0.2551282 -0.1167193 0.7989800 0.8792614 0.0197810 0.5657794 -0.4222123 0.8402345 0.6012370 -0.0419557 -0.3049061 0.0118530 0.5559364 -0.2959014 -0.3831017 -0.3661936 0.3649411 0.2724360 -0.0648489 -0.1222737 -0.1170583 -0.0143751 0.2572144 -0.3034595 0.4583420 -0.2235897 -0.0016316 0.4320843 0.3756481 -0.0900154 -0.1535062 0.0474265 0.0727953 0.2112732 -0.0918772 0.4990282 -0.2630249 0.1286953 -0.0510424 0.0461887 0.2578389 -0.0996661 0.0013609 0.2600219 0.2044579 -0.0405089 0.3555982 0.1492168 0.3623397 0.4613574 0.0732966 -0.0319544 0.5549407 0.3598398 0.3321744 0.1815842 0.3250478 -0.1721665 0.6064916 0.4719212 0.4657426 0.2605325 0.4075798 -0.1732148 0.2602709 0.4092968 0.4889672 0.1868944 0.3928931 0.5122913 0.5910791 0.3316237 0.3905522 0.5498197 0.4241345 0.3260067 0.1835995 0.4102236 0.5103419 0.2167404 0.1439944 0.3550535 0.1764825 0.2438590 0.0881079 -0.1155297 -0.3176728 -0.0124026 0.1322407 0.0306206 -0.0055317 -0.1793253 0.1433924 0.0218679 0.1241638 0.0109193 0.0687742 -0.0541569 0.2651138 0.1307557 0.1881041 0.1391941 0.0870339 0.0761710 0.1019431 -0.0022439 0.1892795 0.1287771 0.1376780 0.1608109 0.0562311 0.0243875 0.2089380 -0.2599596 0.0220552 0.1638615 0.0338699 -0.0284274 0.0294568 0.1784845 0.3892153 0.0533992 0.3866780 -0.0416664 -0.1190310 0.0123245 0.1792668 0.1392331 -0.0572291 0.0186921 -0.0285767 0.3810896 0.3428787 0.2112908 0.2485962 0.3903782 -0.1014321 -0.1259855 -0.0683255 -0.0549480 0.0878693 -0.0319782 0.0357430 -0.1493081 -0.2224491 -0.0120350 0.0474860 -0.0869877 0.0723952 0.3183666 0.0676999 0.2151893 0.2351186 0.3642159 0.1416158 0.4576261 0.3207501 -0.0339192 0.0992320 -0.0013862 -0.1369973 0.2720017 0.6367500 -0.0348967 0.1319265 -0.4689846 -0.3238090 -0.1288306 0.0388150 0.3371009 -0.0189986 0.1460544 -0.0783626 0.2622355 -0.4126088 0.2544230 0.2094504 0.4613249 0.2398937 0.1386476 -0.2297428 -0.0578690
-0.2145383 0.3355606 -0.0682646 0.2722492 -0.1365856 0.5799590 0.5440769 -0.1649614 0.9255047 0.7982817 -0.0145821 0.8708309 -0.1606350 0.7892824 0.0000000 -0.3238747 0.0705844 0.8281973 -0.3046104 0.0567304 0.6014346 -0.0253820 -0.3293557 0.8317701 -0.2411804 -0.3194886 -0.0530382 0.7641664 0.9062298 0.7430741 -0.0855641 -0.2831396 0.7744218 0.8754566 -0.4203376 0.5074738 -0.2607606 -0.2489506 0.4721372 0.5929895 -0.1611261 0.8210896 -0.4196258 0.7767025 0.7679762 -0.1765791 -0.3182348 -0.1214756 0.7550498 -0.3328229 -0.4214323 -0.3590986 0.5954281 0.1835933 -0.0918009 -0.1310018 -0.2521020 0.1151727 0.1719771 -0.3305679 0.5922463 -0.1850823 -0.1463038 0.5704809 0.6532019 -0.3390696 -0.1536598 0.0891486 -0.1881935 0.2357543 -0.2212123 0.6515677 -0.1616489 0.3151581 -0.2893784 0.1060392 0.4236975 -0.2578211 0.0533354 0.3591226 -0.0058465 -0.0477466 0.2613473 -0.2043051 0.1956262 0.4275845 0.1803332 -0.3362313 0.4388346 0.2151395 0.2046258 0.1085968 0.3784450 -0.3908831 0.4649903 0.2750330 0.3777927 0.3414982 0.2926127 -0.2357688 0.2644407 0.3188697 0.4637243 -0.0005902 0.3691313 0.2603552 0.5184315 0.3567854 0.4848527 0.3287948 0.4742359 0.5273968 0.2725035 0.1915651 0.3679087 0.1379223 -0.0087210 0.3607170 0.0663405 0.3749185 0.1426625 -0.1669487 -0.1222308 0.2710338 0.3537594 0.1954843 0.0347937 -0.1173061 0.2645282 0.1713466 0.2260553 0.0672333 0.0601073 0.2298449 0.3774075 0.1749309 0.2922124 0.2751471 0.1854237 0.2274240 0.2080737 0.2762819 0.2056926 0.2072193 0.2798972 0.2117673 0.2221644 0.2673379 0.1312639 0.0582625 0.1976180 0.2482163 0.2051401 0.1162931 -0.1087381 0.1128587 0.2340364 0.1628050 0.1118698 0.1754807 -0.1375167 0.2529006 0.2012391 0.1241763 -0.0242092 0.2317716 0.1009626 0.2247343 0.0831224 0.2204996 0.0152602 0.0337454 -0.0068933 0.2117637 0.3529045 0.3480704 0.4311491 0.0786099 0.3421472 0.0973072 -0.3367609 -0.0384051 -0.2363281 -0.3926255 -0.0894453 0.4610271 0.0663593 0.1824596 0.4235641 0.4570990 0.3311561 0.4571892 0.2691033 0.1604271 0.2726650 0.1657092 -0.0968103 0.1357286 0.3224732 0.1221203 0.2454777 -0.2099167 0.0443194 0.2270908 -0.1355844 0.1829248 0.2339422 -0.1655868 0.2415663 0.2075443 -0.0359911 0.4604680 -0.0914887 0.4028926 0.4176258 -0.1764414 0.0154305 0.1486000
-0.1854356 0.0048769 0.0291520 0.4105137 0.4030061 0.1887621 -0.0982843 0.7251129 -0.2230529 -0.1366090 0.8456183 -0.1852595 0.5673692 -0.2861580 -0.3238747 0.0000000 0.5486861 -0.4994264 0.9285091 0.2459262 -0.0953281 0.5475453 0.9219913 -0.5350372 0.6451581 0.9357422 0.3399328 -0.5134535 -0.2409981 -0.2241929 0.5581258 0.3846144 -0.5323352 -0.2919443 0.9205629 -0.0897360 0.7676924 0.5871336 0.1489310 -0.1170574 0.3909261 -0.1632701 0.8946689 -0.2334993 -0.0161441 0.7185897 0.8319861 0.3179692 -0.0251831 0.7098948 0.8892243 0.9213534 0.2004476 0.7054536 0.3607469 0.6867550 0.7678971 0.6458510 -0.0214233 0.9090039 0.2410807 0.8830909 0.1542835 0.3039159 0.0306926 0.5747958 0.8503225 0.7929262 0.4983028 0.5561563 0.7464759 0.3382337 0.8013211 0.2691444 0.4251803 0.7074665 0.3553473 0.6940006 0.7637307 0.4558872 0.5841177 0.3001130 0.0312359 0.1738110 -0.0958754 0.1005434 0.3188595 -0.0971320 0.0739948 0.0479368 0.4212672 0.3610987 0.0645377 -0.1478606 0.0819111 0.1508641 0.3193269 -0.0438438 0.1267401 0.2326492 0.0979182 -0.1823979 -0.1219066 -0.3781035 0.2802448 -0.0290302 -0.0859195 0.0390276 0.0083284 -0.2671748 0.0424332 -0.1853410 -0.0399133 -0.2480978 -0.1937137 -0.3285892 -0.1973791 -0.3739812 -0.4100062 -0.2436656 -0.0279895 -0.1304408 0.1561550 0.1248565 0.0043989 -0.0702987 0.1844836 0.2389519 0.0230363 0.1786589 0.2406105 0.5465065 0.1627617 0.0157665 0.0930988 -0.0058722 0.0382375 0.0702187 0.1173176 -0.2323995 -0.1450375 -0.1923552 0.1555104 -0.0063148 -0.1283166 -0.0146562 -0.0233061 -0.1332089 -0.2346975 -0.0958323 -0.0942203 -0.0492009 -0.1207205 -0.2362109 -0.0467099 0.1953764 0.3441542 -0.3786309 -0.0766303 0.1890870 0.1066832 0.0807789 0.0183368 0.4276269 0.0120898 0.0889479 -0.1295578 -0.1728185 0.2398777 0.2350163 0.1022805 0.1199625 -0.0900743 -0.0801447 -0.0374992 -0.2259675 -0.1808211 -0.2601558 0.0857454 0.0940318 0.0697485 0.0344554 -0.0820536 -0.0165264 0.0003560 -0.0011705 0.0993345 -0.1131293 -0.2614358 -0.2596675 -0.4037052 -0.1267391 -0.0088881 0.0076100 -0.0892576 0.0815345 0.2466821 0.1162234 0.1176259 0.0853538 -0.0273320 0.3616865 0.0488612 -0.0324922 0.3043113 0.1911891 0.0554277 0.4408811 -0.2872749 0.2222246 -0.0750499 0.0195575 0.1434493 0.1268337 0.0725163 -0.0392653 -0.2185200 -0.0585981
-0.4256270 0.0677536 -0.2265319 0.3397449 0.1406211 0.3474793 0.2882908 0.2787718 0.2495662 0.3489420 0.6631559 0.1969301 0.0185434 0.0611523 0.0705844 0.5486861 0.0000000 -0.1040030 0.5064464 0.0121615 -0.0270338 0.1258840 0.6193225 -0.2484348 0.2230361 0.5107745 0.7349800 -0.2484241 0.0148449 0.0933479 0.1992544 0.0293652 -0.3104250 -0.1142088 0.4322096 -0.0328242 0.4617556 0.2140543 0.2683678 0.0081525 0.0560920 0.2745071 0.5239458 -0.1428189 0.3535590 0.4206988 0.5377442 0.0429796 0.1030220 0.3200231 0.4537018 0.5830067 0.2572099 0.5168733 0.1131353 0.3251406 0.4622659 0.6125811 0.0794393 0.4504010 0.4199037 0.5292972 -0.1823505 0.5349539 0.0414998 0.3458098 0.5249989 0.5194439 0.1947081 0.5653208 0.4934685 0.4447947 0.4603771 0.2576963 0.0703851 0.5846261 0.4594453 0.4755574 0.6220404 0.4265160 0.4892600 0.1553150 -0.0033410 0.2435820 0.2289677 0.4949375 0.5272478 0.0621476 0.3805680 0.1317604 0.4389159 0.5630715 0.4767126 0.1360051 0.3527495 0.4268482 0.6087784 0.2701212 0.1650817 0.1035173 0.0772636 0.2573263 0.2827975 -0.1709503 0.4572892 0.2024567 0.2546232 0.3203494 0.0789427 -0.2174771 0.1229746 -0.1783611 0.0502604 -0.0232383 -0.2249671 -0.2561641 -0.1060790 -0.2435684 -0.3444193 -0.0891264 0.1254809 0.0573395 -0.1209077 0.1852862 0.0407974 -0.2579196 0.3114941 -0.0650626 -0.1134372 0.3852843 0.2742638 0.0594268 0.5572588 -0.2779151 0.2893258 -0.1771275 0.3012696 -0.0636328 0.2101427 -0.4112671 -0.0385480 -0.1313838 0.1045159 -0.2062962 -0.2199177 -0.0612534 0.1645119 0.0937294 -0.1132404 -0.1825150 -0.2283126 -0.0533235 0.1474050 -0.2462778 0.1975340 0.1221522 0.2116046 -0.2312496 0.0207125 -0.0334573 0.1300933 0.0389361 0.0387827 0.2499666 0.1826690 0.0305975 -0.2520472 0.0168049 0.4403904 0.0920424 0.3076780 0.2135603 -0.1881962 -0.3412352 0.0072933 -0.1588446 -0.1386677 -0.2982056 -0.0383451 -0.0860719 -0.0008086 -0.2024489 -0.0598198 -0.3180777 -0.0402274 -0.0631901 -0.0609574 -0.1689373 -0.0375214 -0.1495149 -0.2922903 0.0296874 -0.1950066 -0.3004503 -0.2580275 -0.1681150 -0.0903254 0.0934849 0.1923047 -0.2248168 0.1356099 -0.0235277 -0.1640567 -0.0175802 0.2866751 0.4718306 -0.1592710 0.4972802 0.1072956 -0.1074937 -0.3577444 0.1217053 0.1544626 0.1132409 0.3000981 -0.0949071 -0.4801763 0.0899419
