0.0000000 0.5547606 0.0377688 0.1541081 0.0182939 0.1908854 0.1630473 0.3276621 0.1123094 0.0440448 0.3587356 0.2643264 0.0573751 0.0084353 -0.1668114 0.2507058 0.2361620 0.0159131 0.0315667 -0.1698609 0.3965788 0.3499079 0.1927384 0.0455924 -0.1018973 -0.1628273 0.2131158 0.1757557 0.1433697 0.3946187 0.3410110 -0.2348310 0.1029975 0.1010543 -0.1741665 0.3981783 -0.3143872 -0.2013747 0.3792650 0.3539806 -0.0399558 0.2789589 0.1632340 0.4430659 0.2880845 -0.0298166 -0.1137879 -0.3146559 0.2169138 0.0332686 -0.0824683 0.1501797 0.1034567 0.2519223 -0.2548757 -0.2236862 -0.3599983 0.2390819 -0.0808386 -0.0860845 0.1415458 0.0309323 -0.1922470 0.2234463 0.1728030 -0.3085270 -0.0886931 -0.0756945 -0.3149486 -0.0906800 -0.2392463 0.2737395 -0.1607355 -0.0980707 -0.2861744 -0.1304986 -0.1978555 0.0287777 -0.0247420 0.0077667 -0.1006537 -0.0901748 -0.2115562 -0.1723627 -0.3360863 -0.1011898 -0.3758405 -0.3967652 -0.1034780 0.1122530 -0.0612710 0.3962068 -0.0457738 -0.2336913 0.1649726 0.2501802 0.1224240 -0.3705682 -0.2916646 -0.1310054 -0.4063384 -0.3722148 0.0179121 -0.0488065 -0.0302359 -0.0181745 0.0415470 -0.2693467 0.1298167 0.1834111 -0.1335186 0.3071007 -0.1212091 -0.1231342 0.0273623 -0.2094615 -0.0998235 -0.0969865 0.1474620 0.2538005 -0.2077636 -0.2304849 -0.0765424 -0.0678120 -0.1333629 0.4596801 0.0228415 0.0777678 0.2782465 -0.2923784 -0.0339521 -0.0261983 0.1949019 -0.0995446 -0.1623784 0.4437792 0.1243731 0.3838138 0.4312287 0.2868648 -0.2780396 0.4934751 -0.1200254 0.3392410 0.1319692 0.1087800 0.2374486 -0.1000807 0.1486437 0.2166610 0.1069536 -0.0001623 0.5263926 0.2354996 -0.3147039 -0.2249265 0.0279891 -0.2622417 -0.0960572 0.0286017 -0.1368024 0.2241350 -0.1287545 0.0436677 0.0637126 -0.1450235 0.1837897 -0.1997680 -0.0751819 0.1176643 0.0229560 -0.0030500 0.4127013 0.4426830 0.4643493 0.4022113 0.3986388 0.2292340 0.4666616 0.3841749 0.1615027 0.0921689 -0.2111561 -0.2426214 -0.0746104 -0.2873382 -0.3362419 -0.4738726 -0.3184904 -0.1318712 0.5845642 0.1758958 0.1396015 0.4796192 0.5355062 0.2755441 0.1273436 0.1913681 -0.0874947 0.3746873 0.3450033 0.3385628 -0.0999273 -0.0471330 -0.0293500 -0.2332355 0.3964917 0.3560801 0.0271792 0.4366824 0.0534567 0.2599864 -0.3670745 0.2906812 -0.0381040 -0.1855432 -0.1927756 -0.0828328
0.5547606 0.0000000 0.2746037 0.6257058 0.1718286 0.6287976 0.4132749 0.6318203 0.4950363 0.2782995 0.6009212 0.6633322 0.1892080 -0.2840157 0.2754781 0.3443809 0.1478453 -0.1603286 0.0890940 -0.2085854 0.6708635 0.3428385 0.4240704 -0.0758648 0.2242868 0.0391913 0.0153343 0.3507961 0.5479171 0.2346530 0.0774089 -0.1605898 0.2698495 0.2668868 -0.1585851 0.6896728 -0.2531823 -0.0515919 0.2757361 0.3209763 0.0335330 0.6306320 0.1288467 0.5839864 0.5285906 0.1080586 -0.1913528 -0.1549088 0.5422628 0.1693731 -0.0854369 0.1844724 0.4407765 0.2516128 -0.1578077 -0.1142504 -0.3682880 0.5364944 0.1344332 -0.0882348 0.3860226 0.0049108 -0.2613417 0.5516582 0.5194845 -0.3198570 -0.2542041 0.0583991 -0.2871450 0.2903651 -0.2144345 0.4810748 0.0558277 0.1364690 -0.1864962 0.2489177 0.2464679 0.3061659 0.3493672 0.0901676 0.1431616 -0.1680928 -0.2566758 -0.2616014 -0.5345350 -0.3657896 -0.4773839 -0.4035948 -0.2928510 0.0221815 -0.2132219 0.1927290 -0.0918520 -0.5104157 -0.0083369 -0.1220238 -0.0949859 0.0451643 -0.2474712 -0.1807911 -0.1932647 -0.5030325 -0.2017438 -0.3161463 -0.2425358 -0.4799564 -0.3165522 -0.2886981 0.2246789 -0.2421089 0.2404793 0.0587871 0.1436591 -0.4107272 -0.3169860 -0.3608393 -0.2622403 -0.0235263 -0.2070487 0.1907545 -0.1356631 -0.1544614 0.5489890 0.2420557 -0.3784306 0.1554669 0.2116605 0.5281520 0.0883537 0.0429627 0.1840732 0.3072005 0.3582880 0.2475153 -0.0042427 0.7981927 0.3969232 0.3702943 0.2671538 0.4216439 0.0963302 0.5775404 0.2658771 0.6641933 -0.3175469 0.4721461 0.1779873 -0.2024828 -0.0568448 0.5354694 0.5771414 0.4394716 0.5576293 -0.0277617 0.0386670 0.3563708 0.1592374 -0.2372943 0.0900746 0.3828570 0.0443736 0.4881150 0.3982980 0.2296056 0.3572512 0.3322064 0.1594288 -0.4272247 -0.0376941 0.1773592 -0.0846494 -0.1287288 0.3727667 0.4069109 0.8833366 0.6395721 0.4894581 0.1480921 0.5736850 0.5198716 0.2127678 0.3948348 0.1887734 0.3993648 0.2486442 0.0579025 -0.3011930 -0.4029701 0.0592877 0.3570788 0.5874690 0.3508041 0.2677324 0.5109524 0.5086224 0.2357733 0.1898298 -0.0664754 -0.1383999 0.3095814 0.6491051 0.4719708 0.1483752 0.1556597 -0.2307647 -0.3372970 0.5114047 0.7105251 0.3764691 0.1140373 0.1148996 0.3503486 -0.6461342 0.0868889 -0.0189913 0.1328800 0.0759263 0.1737213
0.0377688 0.2746037 0.0000000 0.0833458 0.8826890 0.3197257 0.5833332 0.4616980 0.3612497 0.1193303 0.0349912 0.4410015 0.7831817 -0.2597517 -0.0592032 -0.2688699 0.0450096 -0.3166705 -0.1019410 0.3427823 0.3696040 0.1646704 -0.0624208 -0.4938653 0.2326426 -0.0002413 -0.1415343 -0.1167189 -0.0827750 -0.3035255 0.0119050 0.4307084 -0.0418829 -0.3220545 -0.1177845 0.4218037 0.1719175 0.1702094 -0.4053978 -0.4203596 0.4631842 0.3630051 -0.2947019 -0.2240018 0.2675869 0.0899462 -0.1805771 0.2521356 0.0144884 -0.0238763 -0.2492183 -0.3962680 0.0222645 -0.4207914 0.4247458 0.3900254 0.4190674 -0.1188155 0.0387842 -0.1956934 0.5331183 -0.3935567 0.5662969 0.2455285 0.7125069 0.5538148 -0.1887805 -0.4271123 0.5905857 0.0679029 0.1714527 0.3070895 -0.1955456 0.6900749 0.6051994 0.2391094 0.5535873 0.4691983 0.3738915 0.5977324 0.5355040 -0.3783374 -0.0730710 -0.0979694 0.0994126 -0.1353557 -0.0069107 -0.3811090 0.1317336 0.0667005 0.2632109 0.3956474 -0.1309332 -0.5895651 0.4153940 0.0095906 -0.2080409 -0.3641728 -0.2073574 -0.0797393 -0.2841133 -0.3647353 -0.3513071 -0.5043388 -0.2993758 -0.1325455 -0.1537202 -0.1784770 0.2098158 0.0212683 0.2701743 -0.0061613 0.1520025 0.1077841 0.2523283 0.1953488 0.2957297 0.2774384 0.2253088 0.3982670 0.2927126 0.1860407 0.3844178 0.4337992 0.3976398 0.0171533 0.4370674 0.4107895 0.1581485 -0.0814355 0.0290965 0.1722579 0.4143900 -0.1457807 0.1492512 0.3348792 -0.1488263 0.1283511 -0.0567595 0.0840920 0.0984096 0.0964338 0.4263150 0.0630442 -0.0233333 0.5721714 0.1322365 0.0856471 0.0079329 0.1663448 0.2532701 0.1790901 0.2753686 0.3357741 0.0848144 0.4186215 0.3797069 0.3930022 0.5829511 0.3318841 0.5189986 0.3141275 0.6465696 0.2884405 0.5830892 0.8086981 0.6430091 0.3212249 0.1471883 0.1587845 0.5798058 0.3809899 0.1210875 -0.1199879 0.2393445 0.2533843 0.2691546 0.3817956 0.3589831 0.2641479 0.2093200 -0.2409806 0.0477021 -0.0073174 0.2709563 0.7059082 0.2583687 0.4507549 0.6295589 0.4057729 0.2835637 0.4322539 0.4093512 0.0995102 0.2061436 -0.0363059 0.1948556 0.1896251 0.5698396 0.2074211 0.1389835 -0.1470401 -0.0761043 0.1428213 0.4130489 0.5445915 0.1562983 0.1926516 0.1446924 0.3358982 -0.0324073 -0.1249301 0.3421614 -0.1686449 0.0133109 0.5679726 0.2233922 0.5490738
0.1541081 0.6257058 0.0833458 0.0000000 0.0554083 0.7873489 0.1644168 0.6772143 0.4565397 0.2444749 0.5665040 0.3870352 0.1660588 -0.1904155 0.2037454 0.4202605 0.0464981 -0.3209155 0.1347684 -0.4466342 0.2055880 0.0688956 0.5087402 -0.0128108 0.1371929 0.1303157 0.0031763 0.3817565 0.4760820 0.1388067 -0.0576551 -0.2866089 0.3462222 0.3995968 0.0677411 0.2224814 -0.2317140 -0.0918436 0.3848767 0.3531822 -0.1425640 0.2428435 0.3466290 0.4661859 0.3110862 0.0587521 0.0205681 -0.1665397 0.5135195 0.1183227 0.1070850 0.3698160 0.3950153 0.2500797 -0.2545622 -0.1560474 -0.4131215 0.4482166 -0.1014050 0.1019497 -0.1283996 0.1003672 -0.3909818 0.3685990 0.1068013 -0.4698181 -0.2333973 0.1382262 -0.3862626 0.3386187 -0.3260335 0.3104807 0.0898287 -0.1227443 -0.2984815 0.2156420 0.0906971 -0.0276741 0.2229221 -0.1144395 -0.1096054 0.1472448 -0.0860302 -0.0203698 -0.4356417 -0.2692615 -0.1839346 0.0564626 -0.1380005 0.0338605 -0.1039169 0.0604209 -0.0089634 -0.0210263 -0.0931024 0.0618596 -0.0656627 0.3384308 -0.1554321 0.0226294 0.0712035 -0.3774922 -0.0711374 0.0852039 -0.0228327 -0.2369760 -0.3824118 0.0646438 0.0064631 -0.2949168 0.0678258 -0.1982669 0.6186800 -0.2614022 -0.4527421 -0.0859981 -0.1175217 -0.2019067 -0.2282851 -0.1161758 0.1985783 0.2894285 0.4743766 0.2630368 -0.2039065 -0.2084844 0.3161214 0.1078715 -0.2449685 0.5501409 0.4941216 -0.0690943 0.2398752 0.7001068 -0.3007057 0.5509089 0.5264723 -0.1362810 -0.2123907 -0.1044853 0.0408654 -0.1067389 -0.1262223 0.1549778 -0.4274705 0.6423005 -0.2915211 -0.4273866 -0.1533330 -0.0740069 0.0314633 -0.0366763 -0.1010410 -0.0376473 -0.1426580 0.1705132 -0.2944707 -0.2775137 -0.2463989 0.0319782 -0.0843188 -0.0961621 0.1260537 -0.1671248 0.0489553 0.2242463 0.1699917 -0.2263113 -0.2885414 -0.2249618 -0.1862359 -0.3363789 0.2205505 0.0258171 0.4202175 0.3409184 0.1544480 -0.1992940 0.0181961 0.0022868 -0.1946470 0.2300029 0.0130700 0.3424255 -0.0693567 -0.3394265 -0.5224171 -0.5194127 -0.0496134 0.2911477 0.0902014 0.1541460 0.1119191 0.0963195 0.0619288 -0.0329538 -0.1394300 -0.2182695 -0.4858358 0.0096509 0.4566319 0.7560838 0.6888691 0.3041123 -0.3489261 -0.4328766 0.1286249 0.4988914 0.3184658 0.0697276 0.5317685 0.1143431 -0.7537375 -0.0378752 0.0176479 -0.0439516 0.1657996 0.2518134
0.0182939 0.1718286 0.8826890 0.0554083 0.0000000 0.3956027 0.7338790 0.3985109 0.4136816 0.2461371 0.1509554 0.4508135 0.6737155 -0.2291225 -0.0771752 -0.2734029 0.0957867 -0.2860664 -0.2959575 0.2407148 0.3199337 -0.1001089 -0.1121161 -0.5392699 0.0228825 -0.1989321 -0.0733513 -0.3074344 -0.2330870 -0.3474959 -0.0953783 0.2581392 -0.2048012 -0.4102578 -0.2715546 0.3927655 -0.0448822 -0.0834202 -0.4787796 -0.4812432 0.2468216 0.2865987 -0.4346135 -0.2966525 0.1466356 -0.1175420 -0.4110164 0.0434981 -0.1418270 -0.2653162 -0.4495384 -0.5551023 -0.1517434 -0.4422257 0.2815402 0.1781503 0.2887674 -0.1712560 -0.2783225 -0.3243641 0.3625970 -0.4679441 0.4558351 0.1720558 0.6536922 0.4430515 -0.2402135 -0.4524950 0.4534080 0.0818063 0.0071930 0.3385660 -0.3128074 0.8181718 0.5633465 0.1921216 0.5669013 0.4160438 0.3598635 0.5771783 0.5908684 -0.2760256 0.1441288 -0.1940129 0.1611686 -0.1104744 0.1252543 -0.2757125 0.0070540 0.0991376 0.1975936 0.1818548 -0.2980655 -0.5733731 0.2393884 -0.2095929 -0.4217119 -0.4628627 -0.2992559 -0.0951803 -0.2148637 -0.2038866 -0.0960848 -0.5361174 -0.4960603 -0.1847835 0.0279374 0.0031852 -0.0510601 0.1575378 0.1415256 0.2465084 0.2004857 0.2447498 0.3567590 0.3107114 0.3719489 0.2598799 0.4016272 0.3846333 0.2491877 0.2713299 0.2902955 0.3457799 0.2831789 0.2624255 0.5150787 0.2689040 0.3661072 -0.0317054 -0.0550934 0.2413502 0.2858673 -0.1470111 0.3005522 0.2076567 -0.2753631 0.2859519 -0.1228205 0.0133948 -0.1245393 0.0914262 0.4959180 0.0796242 -0.1556682 0.4422273 0.0531954 -0.1453723 -0.1386531 0.0566484 0.0778066 0.0653566 0.3066872 0.1362057 -0.1225358 0.2246418 0.4757341 0.1673667 0.6670572 0.2382747 0.2647864 0.1867790 0.5085095 0.3972073 0.3513934 0.6143463 0.4374250 0.2418023 0.2747793 0.1555309 0.4959378 0.3530019 0.4214505 0.1524023 0.2059039 0.3259404 0.4247284 0.5801155 0.4890210 0.5147151 0.5035792 -0.0192785 -0.0887390 0.0083789 0.0026823 0.6703625 0.0228331 0.4434684 0.6719918 0.3504176 0.3497366 0.4336639 0.4833902 0.3372923 0.4011584 0.2485992 0.3913926 0.2980057 0.6106177 0.3370504 0.0692331 -0.1915588 0.0374810 0.2865187 0.2589758 0.5770241 0.1681936 -0.0182507 -0.0005489 0.3890622 0.0920634 0.1064756 0.3602843 -0.1682883 -0.1667242 0.3238000 0.3304142 0.4651442
0.1908854 0.6287976 0.3197257 0.7873489 0.3956027 0.0000000 0.6710830 0.5552235 0.7799375 0.4697204 0.5970049 0.6730876 0.2742409 -0.2647991 0.3133069 0.1472515 0.0543935 -0.2504174 -0.2426135 -0.2525161 0.3695775 -0.0283981 0.1243521 -0.2912320 -0.0782981 -0.2903623 -0.0931776 0.2512973 0.3929729 0.0282629 -0.0235413 -0.3355523 0.2321790 0.2503360 -0.3486562 0.3605505 -0.4648687 -0.2481914 0.0264897 0.0410167 -0.1269963 0.4240014 -0.1456632 0.3144781 0.4746083 -0.2486184 -0.4186570 -0.2532075 0.4227560 -0.1322668 -0.3662225 -0.1078849 0.3591196 -0.1270207 -0.1972798 -0.3116539 -0.4133988 0.3102761 -0.2214409 -0.3240685 -0.0140875 -0.3636132 -0.3121590 0.3631854 0.3401473 -0.3880449 -0.5774862 -0.2930912 -0.2897930 0.1427868 -0.5703232 0.3926153 -0.3332584 0.2414710 -0.1909874 0.1155096 0.3135819 0.0245896 0.2520125 0.1241138 0.1850908 0.0122256 -0.1426875 -0.2560932 -0.6108178 -0.5228636 -0.4815756 -0.1146171 -0.4278950 -0.1470998 -0.4491475 -0.0801474 -0.3012862 -0.3252102 -0.3505890 -0.1718446 -0.4099431 0.1202008 -0.5366736 -0.2456616 -0.3512982 -0.5638031 -0.0975072 -0.3037464 -0.4262729 -0.5321541 -0.4412699 -0.0744385 -0.2722350 -0.2793507 -0.2331388 -0.0601484 0.5992565 -0.1079403 -0.2210149 -0.0403814 0.0318093 -0.1441612 -0.0782351 -0.1851737 0.0960635 0.3075121 0.4522108 0.2993071 -0.3333366 0.0201740 0.5137209 0.2137006 0.0051787 0.4213714 0.3525671 -0.0909033 0.3219084 0.5018477 -0.1000613 0.4992095 0.2758262 0.0710364 -0.2011193 0.0136054 -0.0798039 0.0354740 0.1319198 0.2496294 -0.5541541 0.5649680 -0.3830671 -0.5643753 -0.1042905 -0.0091227 0.1332074 -0.0105888 0.0051163 -0.0638802 -0.3431316 0.0841343 0.0127758 -0.3803708 0.0690573 0.1748718 -0.1497222 0.0289127 0.2640610 0.0980743 -0.0312226 0.3511782 0.1077064 -0.3201072 -0.0274296 -0.0257421 -0.1819712 -0.1706819 0.3577291 0.2303158 0.5894625 0.6210791 0.4701446 0.1938775 0.3077954 0.3737863 0.2532164 0.3504480 -0.0015009 0.3525640 -0.1504766 -0.0486970 -0.5292552 -0.2906871 0.2581347 0.3449928 0.1870084 0.3391913 0.4233830 0.3463920 0.2912500 0.2317900 0.2697948 0.0754520 -0.1036664 0.2437724 0.5344398 0.6438881 0.5996948 0.4307605 -0.2694871 -0.1840037 0.3278160 0.5364200 0.2945374 0.2332376 0.4064846 0.4350331 -0.5879943 -0.0344847 -0.0333282 -0.1148713 0.5138370 0.4885062
0.1630473 0.4132749 0.5833332 0.1644168 0.7338790 0.6710830 0.0000000 0.2530511 0.7390692 0.5791735 0.3904163 0.7231475 0.3348794 -0.1190261 0.3479126 -0.2205888 0.2344137 -0.0173283 -0.4935194 0.1259368 0.4858502 -0.1412434 -0.3315884 -0.3691102 -0.1924704 -0.5084390 -0.1259103 -0.0784122 0.1465362 -0.1587370 -0.1099743 -0.1536097 -0.0528475 -0.0870052 -0.6390121 0.4398179 -0.4135025 -0.3571058 -0.4876768 -0.3926003 -0.0606701 0.4319329 -0.6560609 -0.0771124 0.3946929 -0.4030824 -0.6620712 -0.2584597 0.1005246 -0.4085926 -0.6699527 -0.6414883 0.1337171 -0.4618603 -0.0176773 -0.2362333 -0.1247123 0.0679115 -0.2144156 -0.5983339 0.2661047 -0.6343705 0.0491399 0.3444477 0.6710301 0.0229578 -0.5374285 -0.5456394 0.0631652 0.0480578 -0.3522994 0.4700294 -0.4959298 0.7496567 0.1646292 0.1026224 0.5486056 0.2919712 0.3313144 0.5011801 0.6121005 -0.1775746 0.0375419 -0.2916853 -0.2943951 -0.4263845 -0.3543490 -0.3417417 -0.3677803 -0.1476457 -0.3299280 -0.0362734 -0.4893334 -0.6318268 -0.1990783 -0.3354267 -0.4452796 -0.2430563 -0.5841951 -0.4402574 -0.4944789 -0.3552143 0.0130148 -0.6321336 -0.5987942 -0.5286029 -0.1788193 -0.0438556 -0.3074292 -0.0427083 -0.1885824 0.2108756 0.3023217 0.1819650 0.2596744 0.1469901 0.2605739 0.1541667 0.2846766 0.0624104 -0.0328298 0.1426608 0.2113473 0.3702380 -0.1574122 0.2853901 0.4434300 0.3016553 0.3547805 0.0175590 -0.0452270 0.0617004 0.2272795 -0.0569677 0.2539237 0.1785220 -0.2599861 0.3587591 -0.1321803 0.3156123 -0.2134696 0.3167875 0.4529753 0.4215284 -0.4102276 0.2300223 -0.1816618 -0.4393757 -0.1269965 0.1651485 0.2540917 0.1698056 0.2920111 -0.0438195 -0.2983895 0.0839764 0.5155969 -0.2221460 0.5018253 0.4248047 0.0046760 0.3117131 0.4625032 0.5374147 0.1011939 0.3452662 0.1036892 -0.0950248 0.4155675 0.3490222 0.1254546 0.2542477 0.4257063 0.3728385 0.5189282 0.6405930 0.6952014 0.5712845 0.6431823 0.7014022 0.6416813 0.2729631 -0.0044068 0.1792054 -0.0651479 0.5285278 -0.1870983 0.2008251 0.5974682 0.4264171 0.3661929 0.5802078 0.6865086 0.5107901 0.4987541 0.3999246 0.5096086 0.3531863 0.5287978 0.3607849 0.3583092 0.0157661 0.1001829 0.3106829 -0.0318367 0.3579137 0.3408754 0.1732615 0.1287426 0.3741209 0.0411743 0.5319196 -0.0015456 -0.0277958 -0.1450566 -0.0239679 0.7135793 0.5834747
0.3276621 0.6318203 0.4616980 0.6772143 0.3985109 0.5552235 0.2530511 0.0000000 0.3761433 0.0589137 0.5700058 0.5717405 0.6003073 -0.3691040 0.0903060 0.4387286 0.0216276 -0.4023375 0.4015486 -0.4833801 0.5451223 0.1614141 0.6638715 -0.2426189 0.3247084 0.2830480 0.2124961 0.1008411 0.2800531 0.0763533 -0.2275443 -0.1712040 0.0837949 0.1007540 0.0657879 0.6012309 -0.1841048 -0.1435623 0.3148154 0.2824670 -0.1306193 0.5375608 0.2797421 0.3373365 0.4602992 0.1287876 -0.0962326 -0.2750349 0.3361244 0.1050747 0.0010757 0.2320827 0.2483169 0.3034543 -0.2468537 -0.0640697 -0.2704861 0.4635150 -0.0620372 0.0869875 0.3772268 0.1270014 -0.1889061 0.5634850 0.5263203 -0.2655090 -0.0489370 0.0860921 -0.1929168 0.4108568 -0.1818802 0.6111795 0.1218239 0.2276786 -0.0706792 0.2225777 0.2077104 0.1510316 0.3441263 0.1254843 0.0107137 0.0953355 0.0018875 -0.0925655 -0.0761189 -0.2378098 -0.0866593 -0.0778247 0.0962257 0.2967771 0.2205917 0.4010188 -0.0504382 -0.2066336 0.2517701 0.1957555 -0.0672617 -0.1660414 -0.2128904 0.2840857 -0.0029980 -0.4023119 -0.0939688 -0.0376803 -0.1340435 -0.0659013 -0.1866661 0.0632792 0.2070617 0.1200382 0.1697099 0.0490082 0.3414331 -0.0553810 -0.1043673 0.0838379 0.1321276 0.0499691 0.1462709 0.4036183 0.3665897 0.3088343 0.3865491 0.3173328 0.1101957 0.1292865 0.3727451 0.3872836 0.0687363 0.2205665 0.3911055 0.2744420 0.4870485 0.3390343 0.0593669 0.6739614 0.5560658 0.1893793 0.1521348 0.1392232 0.3196791 0.2481584 0.1133013 0.2470420 0.0348520 0.7196132 0.2232616 -0.0152507 0.1690233 0.2962259 0.2970087 0.3432025 0.3483943 0.3956234 0.0622095 0.4359898 -0.0378069 0.1719107 -0.0120387 0.2468119 0.2251521 0.2577623 0.3717787 0.0050260 0.4979806 0.5611290 0.6168581 0.1125653 -0.1902454 0.0330193 0.3978113 0.0163023 0.3492887 0.1841898 0.4468816 0.3831619 0.3293584 0.0987990 0.3561152 0.2053057 0.0362099 0.1396883 0.1046386 0.2526613 0.0545133 0.0422506 -0.3767373 -0.4429771 0.0368653 0.3307322 0.4309979 0.2848419 0.1761778 0.3390258 0.3998022 0.1372675 0.0703568 -0.0868394 -0.1593365 0.3231671 0.0946591 0.3663512 0.3135198 0.1100100 -0.1485100 -0.2465645 0.3240522 0.3706723 -0.0041362 0.1299209 0.3445579 0.1926849 -0.4826526 0.2132660 0.1623869 0.1419172 -0.1222409 0.3157906
0.1123094 0.4950363 0.3612497 0.4565397 0.4136816 0.7799375 0.7390692 0.3761433 0.0000000 0.7646806 0.6096709 0.7987344 0.2556004 0.0498042 0.6115909 0.1051708 0.3572606 0.2211766 -0.0331144 -0.1215924 0.4452490 0.1208290 0.0464837 -0.0626575 0.2055994 -0.0834055 0.2217451 0.4399051 0.4003449 0.3680666 -0.0666696 -0.1048283 0.3312582 0.3063696 -0.2441050 0.3393551 -0.2137323 -0.1152256 0.0635602 0.1780223 -0.0359523 0.4470195 -0.1859989 0.4116696 0.4166808 -0.0379641 -0.2496147 -0.1776377 0.5193529 0.0637621 -0.2530436 -0.1382205 0.4764916 -0.0521864 -0.0417680 -0.1071970 -0.1113797 0.3967229 -0.1396408 -0.1819962 0.1389847 -0.2273689 -0.1879132 0.5095414 0.5087977 -0.1312081 -0.2402522 -0.2929841 -0.0831883 0.2338712 -0.2642494 0.4433486 -0.1522376 0.4411597 -0.0330783 0.2233911 0.4912940 0.1789972 0.3242611 0.3358722 0.3977837 -0.0903648 -0.1854632 -0.5733642 -0.4845981 -0.6141546 -0.5302718 -0.2481687 -0.3179435 -0.1266887 -0.3175584 -0.0534588 -0.2183795 -0.3920472 -0.4420049 -0.2711092 -0.2135283 -0.0037438 -0.5138546 -0.4189795 -0.2814148 -0.4178091 -0.2109975 -0.5737688 -0.3352475 -0.5979120 -0.4263114 -0.1094513 -0.1607543 -0.2668993 -0.1972236 -0.0523464 0.3116147 0.0106120 0.0115560 -0.0396238 0.0890914 0.2179338 0.0360825 -0.1414747 0.0034056 0.0770081 0.2962657 0.1964234 -0.2426862 -0.0083079 0.2102729 0.2327258 0.1380913 0.2255555 0.3077928 0.0097895 0.2751885 0.2057270 0.1068817 0.3322380 0.0914281 0.2370168 0.0615254 0.3282243 0.1256644 0.2877427 0.3552787 0.3146110 -0.2924782 0.2210648 -0.1272774 -0.1748088 0.0667402 0.2326879 0.3389263 0.2334689 0.1036554 0.0181645 -0.1405894 0.1169726 0.2252765 -0.1769260 0.1793189 0.3849003 0.0095862 0.3172916 0.4163130 0.2787017 0.1563983 0.3048294 0.0263901 -0.1035625 0.1268569 0.2893223 0.0275859 0.1114905 0.1512405 0.1390296 0.4926366 0.6414346 0.5548034 0.3919549 0.4108579 0.3824167 0.2732601 0.2727211 0.0181758 0.3245012 -0.0538735 0.2087430 -0.3277001 -0.1183147 0.4038907 0.4353504 0.0180130 0.4237707 0.5693987 0.2614225 0.2699047 0.2332740 0.4051778 0.2956459 0.3019361 0.1336689 0.3031997 0.3184982 0.3331105 0.3764491 -0.2482811 0.0611624 0.2644928 0.3717549 0.0461164 0.1926304 0.0474235 0.4604298 -0.3074738 0.1394852 0.0657708 -0.1559840 0.4783903 0.3791543
0.0440448 0.2782995 0.1193303 0.2444749 0.2461371 0.4697204 0.5791735 0.0589137 0.7646806 0.0000000 0.5747982 0.3928930 -0.0424436 0.5327116 0.4611870 0.0444313 0.7782704 0.4119034 -0.0307973 0.0323931 0.0780620 0.0348020 -0.0523347 0.2399654 0.2621058 0.0348601 0.3902514 0.3030554 0.1782949 0.4993957 -0.0672593 0.0293497 0.2009593 0.1812202 -0.1276615 -0.0677730 0.0289323 -0.0789007 0.0898580 0.2046879 -0.0936510 -0.0584320 -0.0535716 0.2154569 -0.0001125 0.1674517 0.0090537 -0.1471904 0.3056801 -0.0990217 -0.0121079 -0.0014229 0.2541948 0.0845334 0.0176816 0.0127025 0.0591464 0.2775920 -0.1013364 0.0502770 0.0019470 -0.0048354 -0.0354007 0.3678038 0.3698463 -0.0142566 0.0128594 -0.0518000 -0.0129641 0.3276063 0.0447181 0.3653822 0.0459657 0.4163626 0.1095052 0.2795704 0.3662306 0.3800516 0.3482373 0.3360382 0.5196706 -0.0063263 -0.0194015 -0.4737524 -0.3306533 -0.3574058 -0.2964206 -0.3068836 -0.2588821 -0.1404554 -0.1675943 -0.1196372 -0.2600442 -0.2721856 -0.2375904 -0.2375547 0.1142291 -0.1316390 -0.1642403 -0.3145058 -0.0135758 -0.1031476 -0.0665833 -0.4696794 -0.0686059 -0.3736329 -0.2873130 -0.1005594 -0.1163130 -0.2587876 0.0306086 -0.0855077 0.0064349 -0.0050305 0.0548436 -0.0929358 -0.0410439 0.1951319 0.0642748 -0.2362140 -0.2111628 -0.1507954 0.2252922 0.0466427 -0.2497129 -0.1404721 -0.0237435 0.0563274 0.0689298 0.1932608 0.1579874 0.0443316 0.0226705 0.1303463 0.1237021 0.0287273 -0.0666143 0.1706332 0.0054408 0.3370739 -0.1023552 0.1976187 0.4336936 0.2781638 -0.2125520 -0.0254521 -0.2129949 -0.2202063 0.0225233 0.0862277 0.1037335 0.1624350 -0.0189103 -0.1796947 -0.1984796 -0.0454587 0.1965825 -0.3281417 0.2676350 0.2620437 -0.0985997 0.1414884 0.1865309 0.2846751 -0.0401964 -0.0873788 -0.3049602 -0.0466654 0.1389644 0.1467768 -0.0473172 0.0529805 0.2892298 0.1001289 0.1612097 0.2884683 0.3385848 0.2439517 0.2630502 0.3320874 0.3100353 0.1721401 -0.0439052 0.2414813 0.0211022 0.1835448 -0.2164245 -0.0178243 0.3738529 0.4224461 -0.1443651 0.3976844 0.4510015 0.1459690 0.0977908 0.1160257 0.1045749 0.1706148 0.3021924 -0.2298061 0.2595585 0.1425144 0.2362876 0.3432343 -0.3939155 0.2678929 -0.1797401 0.0007514 0.0088837 0.2846941 0.0393649 0.2314483 -0.1203964 -0.0912912 -0.1491059 -0.2021407 0.4847845 0.0187530
0.3587356 0.6009212 0.0349912 0.5665040 0.1509554 0.5970049 0.3904163 0.5700058 0.6096709 0.5747982 0.0000000 0.4637250 0.0291301 -0.0189405 0.2602006 0.7047435 0.4551648 -0.0035016 0.2864932 -0.3610588 0.2347992 0.3465096 0.4278022 -0.0863113 0.2759759 -0.0182014 0.5871082 0.0773292 0.2285281 0.5094801 0.1046615 -0.3664477 -0.1270836 0.1139842 -0.2510212 0.2553877 -0.3814897 -0.3660259 0.4564334 0.3689221 -0.2890904 0.3438568 0.1184728 0.4139887 0.3806662 0.0028860 -0.2685387 -0.5304076 0.1570144 -0.1468104 -0.2119577 0.1214006 0.0262566 0.2408351 -0.4710691 -0.3818766 -0.4849485 0.2559443 -0.1858334 -0.1245028 0.0961176 -0.0170673 -0.5054506 0.2608707 0.3122104 -0.5241067 -0.1844901 -0.1266299 -0.5287951 0.1018586 -0.3472642 0.4198058 -0.0995375 0.0776906 -0.3587935 -0.1463867 -0.0925948 0.0403099 -0.0297642 -0.2118824 -0.1048797 0.3622266 0.1521357 -0.3536306 -0.2363170 -0.2830393 -0.3129645 0.1233119 -0.0579043 0.3738258 -0.1083561 0.1417086 -0.0387813 -0.0979355 -0.2018950 -0.0584483 -0.0168022 0.0039393 -0.2404503 0.0243901 0.0775317 -0.0642268 0.2764334 -0.1345021 -0.2182209 -0.1658943 0.0031407 0.2370287 0.1890186 0.2253968 0.1178000 0.3542544 0.1039686 -0.0166774 -0.0170695 -0.0735715 -0.0358304 0.1141610 0.1176070 -0.0518829 -0.1010288 0.0188165 0.1214411 -0.0913337 -0.2997451 0.2610456 0.0152204 0.0209661 0.2857725 0.0507638 0.1418917 0.1570325 0.1759275 0.3563511 0.1120847 0.3407188 0.3222703 0.4550628 0.4287749 0.1421930 -0.0496854 0.4128451 0.1566537 0.3839492 -0.0113008 0.1458476 0.2382140 -0.1984283 0.0755765 0.2429957 0.1656540 0.3173545 0.3642648 -0.1962112 -0.2237421 -0.1071150 -0.1942929 -0.3092824 -0.1513733 0.0481501 -0.2830462 0.0837579 -0.0907417 -0.0782089 0.0088428 0.0142932 -0.1588045 -0.4078554 -0.3573388 -0.1316928 -0.1863042 -0.4499915 0.4325880 0.3769515 0.4951484 0.4403230 0.3322307 0.2717851 0.2844692 0.4168358 0.3784481 0.5591461 0.0338261 0.3927477 -0.1595632 -0.1105632 -0.6104903 -0.6226747 -0.2022280 0.0052192 0.1472486 -0.0094672 0.1126241 0.5380483 0.4783968 0.4865479 0.2694633 0.1092783 -0.2552856 0.0912080 0.1401566 0.3987484 0.2180152 0.1989775 -0.4487838 -0.3786513 0.2528169 0.3491103 -0.1599180 0.1472629 0.0463746 0.4127933 -0.5577160 0.3309703 0.0906508 -0.4088588 0.1096503 -0.1152199
0.2643264 0.6633322 0.4410015 0.3870352 0.4508135 0.6730876 0.7231475 0.5717405 0.7987344 0.3928930 0.4637250 0.0000000 0.3198031 -0.2621431 0.6044404 0.1283511 0.0700486 0.0839980 -0.0080456 -0.3021068 0.8650761 -0.0360182 0.1887587 -0.1596421 0.0635020 -0.1103581 0.0206804 0.3446381 0.5236128 0.1086486 -0.3083825 -0.2539032 0.3208972 0.2805609 -0.3286509 0.7703235 -0.4040709 -0.2800380 -0.0514976 0.1175846 -0.1362654 0.7221308 -0.2614286 0.4254869 0.5241192 -0.1967713 -0.4388129 -0.3065999 0.5575341 0.0465450 -0.3750048 -0.2106398 0.5545865 0.0304901 -0.2052621 -0.2144895 -0.2863076 0.5701063 -0.1573118 -0.2992541 0.3263331 -0.1902781 -0.2820828 0.7175087 0.7253561 -0.2144434 -0.2324560 -0.1881564 -0.1575457 0.3527666 -0.3386085 0.6269529 -0.0821988 0.5258150 -0.1082436 0.3118072 0.6005821 0.2098138 0.4321264 0.4267717 0.3790477 -0.1667316 -0.1041564 -0.3731747 -0.3374630 -0.5409796 -0.4956991 -0.3047175 -0.2821003 -0.0213390 -0.2654869 0.0366425 -0.2939627 -0.5121145 -0.2974864 -0.2798685 -0.3581809 -0.0553753 -0.6342583 -0.3395188 -0.3569894 -0.4876134 -0.1765838 -0.4658653 -0.4531200 -0.6301604 -0.3447010 -0.0936413 -0.1614769 -0.1985252 -0.2067084 0.0748283 0.3070574 -0.0885677 -0.0452426 -0.0877167 0.0559895 0.1568240 0.0372007 0.1823961 0.0000586 0.0169267 0.2588160 0.3545568 -0.2389720 0.2865999 0.2331846 0.4440563 0.3200696 0.0301216 0.1756091 0.2221947 0.2785303 0.0239704 0.3127768 0.5075148 0.1432393 0.4512740 0.1149115 0.5729574 0.2916066 0.5855370 0.2836980 0.5919821 -0.2910952 0.2844313 0.0961723 -0.1240759 0.0691361 0.5611555 0.6511794 0.4452367 0.4347199 0.2022656 0.0486278 0.3859548 0.4738702 -0.0633720 0.1644583 0.6547797 0.1458582 0.6528997 0.6193346 0.5269389 0.3930058 0.4376981 0.2771596 -0.0284745 0.3430150 0.6137430 0.2056769 0.3312855 0.2255512 0.4051577 0.7463678 0.8658955 0.8261368 0.5132538 0.7551126 0.5735219 0.3308707 0.3257905 0.0433367 0.2676024 -0.0543063 0.3026718 -0.3431865 -0.1493375 0.4055733 0.5473418 0.4782075 0.6103134 0.6853200 0.5271114 0.5864362 0.4071493 0.5715915 0.3333214 0.3607243 0.5555996 0.2641338 0.1675747 0.1211850 0.1715954 -0.0842449 -0.0394917 0.6428910 0.4197357 0.0147908 0.1135168 0.0046466 0.6401877 -0.3623488 0.3596966 0.1342096 -0.0695668 0.2988716 0.5503655
0.0573751 0.1892080 0.7831817 0.1660588 0.6737155 0.2742409 0.3348794 0.6003073 0.2556004 -0.0424436 0.0291301 0.3198031 0.0000000 -0.3479210 -0.0370036 -0.2628565 -0.1568241 -0.3936343 0.0462243 0.1135268 0.3302411 0.2250763 0.0608824 -0.3778846 0.2814665 0.1795909 -0.1345054 -0.0529022 -0.0127379 -0.2289586 -0.0474266 0.2746591 0.0083695 -0.0699527 0.0509775 0.4354426 0.1648242 0.2161585 -0.2103004 -0.1990036 0.2488296 0.4943196 -0.1034228 -0.0787480 0.4831443 0.1612091 -0.0300025 0.1889494 0.1238606 0.2057824 -0.0500995 -0.1754115 0.1473462 -0.2225901 0.3919691 0.3261028 0.3036425 0.0780920 0.2425921 -0.0185221 0.6470090 -0.2107139 0.5218697 0.3423741 0.4825122 0.3745710 -0.1093079 -0.1811706 0.4723991 0.1687717 0.0844990 0.4021246 -0.1136418 0.5141109 0.4843949 0.2264384 0.3778629 0.1439326 0.4081779 0.4078881 0.3197156 -0.2867221 -0.3003887 -0.2812219 -0.0408830 -0.3427340 0.0541789 -0.3121249 0.0355837 -0.0873129 0.3506470 0.3877292 -0.0376253 -0.3997214 0.3887818 0.1801294 -0.0772200 -0.4676410 -0.0973699 0.1143582 -0.2070543 -0.4418529 -0.4249036 -0.4282387 -0.1975553 -0.0469100 -0.2049109 -0.1634506 0.1009377 0.1968054 0.1497827 -0.1284391 0.2735881 0.3809517 0.3878714 0.4601148 0.5804948 0.3658797 0.4516841 0.5804233 0.7204255 0.5666107 0.3908258 0.4552513 0.4785882 -0.0929015 0.7055215 0.5609520 -0.1540720 0.2984009 0.3855214 0.1068460 0.7968530 0.0093839 -0.1295507 0.4011737 0.1516685 -0.1495146 -0.0435609 -0.0242824 0.2776620 -0.0801041 0.4228429 -0.2151525 0.1129403 0.6986118 0.0764041 0.1803664 0.1772097 -0.0169030 0.0953967 0.1705926 0.1187721 0.5982442 0.0381523 0.4568862 0.1527168 0.6161206 0.4638098 0.1455542 0.5418271 0.1183531 0.5776199 0.0402212 0.5956064 0.7494451 0.8000929 0.4040463 0.0697145 0.0137933 0.7555119 0.3762491 0.0994409 -0.1346114 0.0743617 -0.0079864 0.0462261 0.0110285 0.1642693 0.0235458 -0.0033572 -0.2616639 0.2596520 0.0952302 0.4022682 0.4883477 0.2948259 0.2095727 0.4114364 0.3026694 0.2304030 0.2692543 0.0670227 -0.0581446 0.0565876 -0.2639531 -0.0775399 -0.2244694 0.2746165 0.1051918 -0.0061583 -0.0127524 0.1512710 0.0716428 0.0789020 0.2966294 -0.0634917 0.0698533 0.1788661 0.1073852 0.2426283 -0.0348320 0.1762242 -0.2872060 -0.0194684 0.5962258 0.1196007 0.4877346
0.0084353 -0.2840157 -0.2597517 -0.1904155 -0.2291225 -0.2647991 -0.1190261 -0.3691040 0.0498042 0.5327116 -0.0189405 -0.2621431 -0.3479210 0.0000000 0.1899940 -0.0592595 0.8064983 0.7539598 0.0880042 0.0329209 -0.3442177 -0.0525332 -0.0836682 0.7805804 0.0443229 0.2572746 0.4156836 0.3511552 0.0898075 0.5475417 -0.0948171 0.1269266 0.3198698 0.2276861 0.2749484 -0.4759144 0.3440183 0.0397599 0.2043984 0.3180841 -0.1208984 -0.6252338 0.2652437 0.0236425 -0.5836611 0.2800846 0.5337822 -0.0220211 0.1238312 -0.0323857 0.4477241 0.3087727 0.0940563 0.3216345 0.0107077 0.1919741 0.2658057 0.0416835 -0.0001361 0.4453078 -0.3445437 0.4359559 0.0824148 -0.0178597 -0.1118904 0.1444425 0.5482369 0.2962762 0.0888764 0.1786370 0.4791054 -0.1120371 0.3794362 -0.0796821 0.0814110 0.1678657 -0.0763689 0.2692599 0.0380337 0.0754538 0.1741395 0.0565081 0.1055032 -0.0441072 0.1026388 0.2569302 0.1034499 -0.1128290 0.2117053 0.0171002 0.1636464 -0.0430063 -0.0068882 0.2748410 0.1053521 0.1480115 0.4285981 -0.1116542 0.2982679 -0.0333419 0.2965503 0.3174469 0.0474634 0.1708482 0.4031058 0.2676282 0.0492190 -0.0286757 0.0151928 -0.2316111 0.0716075 -0.1668806 -0.3769865 -0.0727136 -0.0795684 -0.1982535 -0.2367077 -0.1567932 -0.1048440 -0.3735509 -0.3453707 -0.3174904 -0.2257352 -0.3541730 -0.1122523 -0.3859352 -0.4723500 -0.3209073 -0.2294106 -0.0465471 -0.1723303 -0.2504562 -0.3645268 -0.0081696 -0.0536228 -0.2805209 -0.2219194 -0.2196961 -0.0811117 0.0564507 -0.1597000 -0.1437848 -0.0481146 -0.0053353 0.1333071 -0.2827561 -0.2215544 0.0360914 0.0307641 -0.2186584 -0.2628647 -0.2995370 -0.3491936 -0.0403324 -0.0990256 -0.2644581 -0.0510799 -0.2021898 -0.0759313 -0.0864478 0.0196100 -0.1646694 -0.1592420 0.0011841 -0.1329946 -0.5068832 -0.3082754 0.2619904 0.0877003 -0.0077350 0.0005870 0.2143071 -0.1296070 -0.2214909 -0.3927952 -0.2086619 -0.1095982 -0.1063489 -0.1481230 -0.1787826 -0.1902404 -0.1971284 -0.1990044 -0.1924761 0.0257153 -0.1620142 0.0585666 0.0198238 -0.0177811 0.0694787 -0.4004001 0.0777881 0.0544089 -0.2980759 -0.3449293 -0.2304475 -0.3324957 0.1009977 0.1716873 -0.5507832 -0.1542938 -0.1876300 -0.0886067 -0.0718374 -0.1638374 0.2727621 -0.4720419 -0.4282125 -0.2933072 0.1395893 -0.1781022 -0.3427775 0.1193179 -0.0106273 0.0676709 -0.2025755 0.0336980 -0.2265866
-0.1668114 0.2754781 -0.0592032 0.2037454 -0.0771752 0.3133069 0.3479126 0.0903060 0.6115909 0.4611870 0.2602006 0.6044404 -0.0370036 0.1899940 0.0000000 0.0628185 0.1953098 0.5727828 0.0553558 -0.1965153 0.4417618 -0.0275495 0.0100833 0.4186849 0.0641696 0.1076728 0.0565241 0.5745144 0.7302377 0.3031828 -0.4207381 -0.2635585 0.4960063 0.6787507 -0.0857601 0.3056896 -0.1456095 -0.1135427 -0.0225166 0.2566485 -0.3103749 0.4213211 -0.2007787 0.4623817 0.3323588 -0.1367778 -0.0570043 -0.1746678 0.6134146 0.1671631 -0.0216288 -0.0557524 0.6834513 0.1244234 -0.1507910 -0.2105608 -0.1746482 0.5646024 0.2273745 -0.0380443 0.1445580 0.0547383 -0.3213794 0.5156975 0.2438387 -0.1873776 0.0719915 0.1080734 -0.1838332 0.3216786 -0.0331377 0.2124512 0.1709763 0.1561440 -0.2147433 0.2606831 0.3415073 -0.0297082 0.2447827 0.0754091 0.1949309 -0.0763137 -0.1403026 -0.3415022 -0.2941401 -0.4613230 -0.3156074 0.0115165 -0.2333337 -0.2096011 -0.3000041 -0.3439418 -0.1895286 -0.0834000 -0.5004455 -0.3805105 -0.1285908 0.2872333 -0.1146751 -0.3713370 0.1020475 -0.0415094 -0.0456067 -0.2465486 -0.2341019 -0.5112496 -0.2818366 0.1743735 -0.2082842 -0.3284563 -0.0930272 -0.1311839 0.2369538 0.0962667 -0.0444513 0.0315240 0.0944078 0.1572835 -0.0594204 -0.1650163 0.0345301 0.0969151 0.0284859 0.0895531 -0.3618869 -0.2573407 -0.0386541 0.2248050 -0.2158138 0.2207441 0.2005096 -0.0299020 0.0775887 0.1945874 0.0617567 0.1435585 0.1105721 -0.0495225 -0.0424677 0.3975404 0.2699173 0.2388102 0.1739072 0.4874767 -0.2285014 -0.0621175 -0.1158581 -0.0385803 -0.1791221 0.2523893 0.3855906 0.3296807 -0.0372837 -0.0653507 0.0806799 0.3336179 0.2093454 -0.1014784 -0.1206543 0.3897449 0.0160589 0.3224321 0.5145428 0.3012144 0.1339828 0.0479518 -0.0724327 -0.0462004 0.3390030 0.4340207 -0.0209591 0.2556771 -0.2317634 0.1235773 0.3607089 0.4090545 0.3424230 -0.0311448 0.2621528 0.1525338 -0.0207743 0.3749100 0.3475196 0.4959776 0.1998253 0.1527960 0.0077916 -0.0998468 0.1821881 0.3486820 -0.0815017 0.2795269 0.2417585 0.0371874 -0.0193412 -0.0050068 0.1138543 -0.0517597 0.1448721 -0.1135993 0.0509775 -0.1153232 0.0327842 -0.0892643 -0.4527026 -0.1897289 0.1618999 0.0468637 -0.0571494 -0.4457953 -0.2504023 0.4090359 -0.3281645 0.2509106 0.1740785 -0.1646141 0.4082574 0.3932546
0.2507058 0.3443809 -0.2688699 0.4202605 -0.2734029 0.1472515 -0.2205888 0.4387286 0.1051708 0.0444313 0.7047435 0.1283511 -0.2628565 -0.0592595 0.0628185 0.0000000 0.1712215 0.0077058 0.6405168 -0.4507628 0.0893578 0.3728349 0.6797615 0.0597345 0.2886559 0.1863775 0.5835345 0.1254407 0.2169619 0.4952737 0.1731310 -0.3494802 -0.0547833 0.1596532 -0.0008446 0.1191809 -0.2952510 -0.2868059 0.6597234 0.5308219 -0.1942275 0.1144681 0.4016432 0.4233310 0.0746270 0.1123438 -0.0012536 -0.4349851 0.0956526 0.0622722 0.0225943 0.4006715 -0.0377974 0.4720234 -0.5799691 -0.2769288 -0.5018589 0.1704166 -0.2578650 0.0657084 -0.2006981 0.3166098 -0.6405668 0.0230932 -0.0043811 -0.5773116 0.1225546 0.1130129 -0.5697927 0.0079627 -0.2323489 0.1048800 0.1843108 -0.3842646 -0.4960193 -0.2302315 -0.3777737 -0.1851387 -0.3091952 -0.5300485 -0.5533033 0.4184330 0.2236284 0.0154319 0.1225581 0.0516477 -0.1389777 0.4742711 0.2693534 0.6476190 0.0940978 0.1592175 0.1734556 0.2619424 -0.0424110 0.0975958 0.0743547 0.2099689 -0.0704399 0.2074685 0.3359520 0.1565694 0.3049460 0.4111523 0.0063241 0.1344500 0.1237752 0.3641060 0.3518307 0.2426149 0.1888746 0.2899573 -0.1002957 -0.2359746 -0.2243109 -0.2778013 -0.2663909 -0.0544347 -0.1945549 -0.0886881 -0.1942599 -0.2138765 -0.1684791 -0.2990958 -0.2653292 0.2734125 -0.3942721 -0.2744421 0.2650970 -0.2281295 -0.0750590 0.1105007 -0.1754614 0.2112263 0.1713907 0.2150128 0.3151763 0.4055732 0.5099277 -0.0066852 0.1588752 0.3418104 -0.3574037 0.2092277 0.1830341 -0.0487504 0.4477705 0.0310027 0.1289895 0.2811524 0.1754470 0.1803471 0.2902883 -0.1489106 -0.0325478 -0.0938729 -0.3946850 -0.1765991 -0.5893774 -0.0421982 -0.2478319 0.0330109 -0.3504499 -0.2600552 0.0006531 -0.1849974 -0.2223438 -0.3488114 -0.5236015 -0.1644017 -0.3136447 -0.5536712 0.0945986 0.2107051 0.2809004 0.2332713 0.0617595 0.1109993 0.0053774 0.0346721 -0.0355471 0.3778078 -0.1898437 0.0957297 -0.3354063 -0.4281862 -0.6148129 -0.7183196 -0.5569081 -0.2706302 0.0617828 -0.3351257 -0.1978091 0.3875771 0.3448622 0.4431871 0.1468738 0.1036361 -0.5515385 0.1232460 -0.1862916 0.2526145 -0.0914278 -0.2261664 -0.1406763 -0.6400142 0.3029317 0.2616278 -0.3647343 -0.1427605 -0.2035631 0.1117139 -0.5194025 0.6069808 0.2870169 -0.4920118 -0.3926595 -0.3411066
0.2361620 0.1478453 0.0450096 0.0464981 0.0957867 0.0543935 0.2344137 0.0216276 0.3572606 0.7782704 0.4551648 0.0700486 -0.1568241 0.8064983 0.1953098 0.1712215 0.0000000 0.5555865 0.1678722 -0.0221073 -0.0977159 0.1527046 0.0946765 0.4945108 0.2578895 0.2234416 0.6325154 0.2100402 0.0771485 0.6209730 -0.0411897 0.1087488 0.0937827 0.0212523 0.1020733 -0.1912407 0.2260857 -0.0789679 0.2818249 0.3096422 -0.1135684 -0.3135185 0.2286499 0.1074308 -0.2958512 0.3096284 0.2866834 -0.1964472 0.0900745 -0.1640867 0.2462457 0.2272531 -0.0032397 0.3043369 -0.0972910 0.1046619 0.1492102 0.1016865 -0.0411084 0.3067076 -0.0425329 0.2886392 0.0085687 0.1677505 0.2827748 0.0640289 0.3644620 0.1129057 -0.0236542 0.2361087 0.3831947 0.2015862 0.2631725 0.1846813 0.0746162 0.1365827 0.0263825 0.5174380 0.1310562 0.1719088 0.3042684 0.1473976 0.2298906 -0.1771803 0.0494746 0.1652782 -0.0086387 -0.2389247 0.2262045 0.2354928 0.1857385 0.2079442 -0.0072271 -0.0116950 0.1635924 0.1187080 0.4048027 -0.1895008 0.1608918 -0.0099883 0.2180152 0.2162539 0.1419075 -0.0923037 0.2592382 0.1646115 0.0930312 -0.0016873 0.2632513 -0.0695492 0.2699976 0.0969797 -0.3362404 -0.1152701 -0.0339593 -0.2114454 -0.2395038 0.0019275 0.0300760 -0.2072600 -0.3995686 -0.3472107 -0.0093661 -0.2368304 -0.1010560 -0.1547556 -0.3792840 -0.1207619 0.0697548 -0.1313730 -0.1349107 0.0206437 -0.1847573 0.0682468 0.1056291 -0.0144139 -0.0876555 0.1585175 0.1802967 0.2360300 -0.1874746 0.2054840 0.2306183 0.3059756 0.1532043 -0.1008770 0.0477572 0.0111164 0.0676712 0.0734676 -0.0366303 0.0468790 0.0632547 -0.1076148 -0.0599744 -0.1937634 0.0191506 -0.2445144 0.0954121 0.0643760 0.0200249 0.0702678 -0.0336176 0.0830149 0.0654404 -0.2363074 -0.2005660 0.1018183 -0.0532471 0.0006180 0.0630478 0.0680515 0.1801661 -0.0205991 -0.0228409 0.0813826 0.1494953 0.1741646 0.1582811 0.1847769 0.1518267 0.0421522 -0.1018837 0.0283222 0.0651323 0.0655663 -0.1253857 -0.1292668 0.0505276 0.1905908 -0.1452242 0.2114198 0.2532220 0.0510933 0.0244720 0.0488523 -0.0931285 0.2341134 0.2422683 -0.3770077 0.0335689 -0.0367474 -0.0324255 0.1583485 -0.2238948 0.2702495 -0.2273596 -0.1274741 -0.2602572 0.3838715 -0.1357686 -0.1525532 -0.0259675 0.0889968 0.0790923 -0.1755434 0.0941626 -0.2073514
