0.0000000 0.5833733 0.1856341 0.0702750 -0.1325983 0.3413485 0.3983964 -0.1205258 0.4083124 0.0489965 0.0285556 0.4308251 -0.0981180 0.0263492 0.5306388 0.0622748 -0.0512436 -0.2048431 -0.0215766 0.1504078 0.1450056 0.0603506 -0.3281671 0.2885974 -0.0295112 0.0514680 -0.0593815 0.2777102 0.5029616 -0.0731020 -0.1647176 0.0749316 0.5434905 0.4931062 0.1375885 0.1404943 -0.1069068 0.0063925 -0.1045670 -0.0378895 0.0780637 0.3234842 0.0944032 0.4846069 0.4809513 0.0577075 0.0002282 -0.0784820 0.3723420 -0.0672796 -0.0325722 0.0839112 0.3929862 0.2740182 -0.0539974 -0.0982423 -0.0912994 0.2396389 0.1076668 0.0744537 0.2655784 0.3529423 -0.0850821 0.2281013 -0.0657518 -0.1374484 0.2855416 0.1711092 -0.1275439 0.1028200 -0.0566019 0.1819869 0.0945961 -0.1099620 -0.1418657 -0.0239896 -0.1317135 -0.0797017 -0.0786276 -0.0414927 -0.0308439 -0.4327385 -0.4551096 -0.2255089 -0.1180119 -0.2286620 -0.2008119 -0.5028263 -0.0691691 -0.0643835 -0.1551059 -0.1136955 -0.0034021 -0.1557839 -0.1691903 -0.1943406 -0.0129682 0.0609604 -0.1495009 0.0419939 -0.2004531 -0.0119883 -0.2909416 0.2078560 -0.1373534 -0.1856616 0.0593069 -0.1951194 -0.1735854 -0.0995530 -0.4220979 -0.1514300 -0.1393254 -0.3430886 -0.2261972 -0.2426228 -0.2147042 -0.0868576 -0.0552070 -0.1148367 -0.1735264 -0.1318799 -0.2414329 -0.0588817 -0.0586538 0.0468617 -0.2160473 -0.1306580 -0.1039122 -0.1796678 -0.1557047 -0.0077994 0.2001562 -0.1346763 -0.0588695 -0.2964159 -0.0496836 -0.1990853 -0.0770243 0.1387672 -0.0927159 -0.1003974 -0.1679559 -0.3477775 -0.0035581 -0.2383014 -0.1484504 -0.0238942 -0.0436153 -0.0558870 0.0773456 -0.1133826 0.0137599 -0.0948871 -0.1437999 -0.0341025 -0.1387159 -0.0442910 -0.0230512 -0.0189837 -0.1017235 -0.1592339 -0.0017126 -0.0634776 -0.0766922 0.0391414 0.1631745 0.0389876 -0.0212495 -0.1377637 -0.0470429 -0.1013747 0.4217742 0.2908058 0.4241551 0.2994236 0.1037954 0.1426517 0.2318948 0.2345861 0.3492698 0.3301230 0.1401050 0.2918066 0.0744252 -0.1518892 -0.0365007 -0.1478998 -0.1961314 -0.1216615 -0.0664240 -0.0737206 -0.0028558 -0.2281718 -0.0377552 -0.0113429 0.0716117 0.2160731 0.1465168 0.0499094 -0.0629809 -0.4641037 -0.1705261 -0.2052654 -0.2244009 -0.1411313 -0.1618512 0.0714303 -0.2528985 -0.3993891 -0.4517030 -0.0926449 -0.1828893 -0.2160134 0.0228115 0.2980572 -0.3298824 -0.2205790
0.5833733 0.0000000 0.2943429 0.0681067 0.1747404 0.5237781 0.4759616 -0.2397536 0.6182272 0.1777005 0.0339565 0.5001737 0.0478610 0.0237812 0.6403286 -0.0451743 -0.0161268 -0.0377152 -0.2846890 0.1708692 0.4412070 0.1023376 -0.2091017 0.4224486 -0.3249214 0.0181082 -0.0325785 0.3131404 0.7008515 0.2275914 0.0786529 -0.0682290 0.3943194 0.3665210 0.2462040 0.3580885 -0.0673936 0.0453434 0.3000596 0.1066341 0.1795046 0.3687451 0.2444629 0.0169972 0.1096221 -0.0306959 0.1666290 0.1451228 -0.0384352 0.0786220 0.3241916 0.3637807 0.0786217 -0.0057659 0.2578508 0.1455537 0.1613521 -0.1729347 0.3104307 0.3499044 0.0997926 0.1628261 0.2380263 -0.0944263 0.1894442 0.1943624 0.0479571 -0.1406331 0.1632022 -0.1799438 0.0136168 -0.0994888 -0.0777891 0.1524378 0.0343376 -0.1290147 0.0144802 -0.0793372 -0.3066125 -0.2341761 -0.2382257 -0.1326522 -0.2008812 -0.0150025 0.3850972 -0.1219473 -0.0075743 -0.2156180 0.1034847 0.2928838 -0.0233065 -0.0449945 0.1077114 -0.1400384 0.0826394 0.0601482 0.1480600 0.2400540 -0.0233277 0.4986158 -0.0698979 0.0875692 -0.2123674 0.0725566 0.0631668 0.1756629 0.0908445 0.0027774 -0.0856243 0.0730031 -0.2520714 0.0812567 0.1757292 -0.0818367 -0.0208618 -0.0216876 0.0425605 0.1458360 0.2541639 0.0245572 0.1104720 0.0780077 -0.1206076 0.3597984 0.1479459 -0.1984026 0.0418936 0.1500511 -0.1203734 0.0055896 0.1333655 0.1772328 0.3224286 -0.1862460 0.1013352 -0.0890230 0.1264281 -0.2621086 -0.0918344 -0.2705007 -0.0314575 -0.4429699 -0.0413297 -0.3996717 0.2521436 -0.2403928 -0.0970835 0.0862617 0.0044626 -0.3940894 -0.3469250 0.0179421 -0.0157928 -0.0351146 -0.0521177 -0.1746639 -0.2113111 0.2832001 -0.1699832 -0.4516591 0.2079482 -0.1357302 -0.1522044 -0.2644191 0.2625286 0.0359101 0.1140148 0.1204300 -0.1918108 -0.0997166 0.1841432 0.1146927 0.3519797 0.4626730 0.6576722 0.2443136 0.1716633 0.0421029 0.4771164 0.4994651 0.5360050 0.6731568 0.3429227 0.4700290 0.3113318 0.1488843 0.2198695 0.2165926 0.0100074 -0.0223186 -0.0392156 -0.2544196 -0.1638870 -0.2743175 -0.1684357 -0.2105231 -0.2776481 -0.3593136 -0.3178260 -0.3180634 -0.0766587 0.0510271 -0.0360132 -0.3434166 0.3880447 0.2026777 -0.2519939 0.0696118 -0.0276574 0.0288533 -0.3941644 -0.5933384 0.3541399 -0.2223694 -0.3225273 0.1098648 -0.2867816 -0.2971299
0.1856341 0.2943429 0.0000000 0.5956946 0.6745945 0.5759492 -0.3828931 0.5621045 0.6401980 0.5911601 0.7549758 -0.3134804 0.7303150 0.4206747 0.3922463 0.4894585 0.1961345 0.6281304 0.2965877 0.6338464 -0.2584196 0.7219230 0.0841727 0.5651392 0.3569335 0.6031408 0.5852352 0.6206377 0.1992746 0.6598256 0.6644484 0.7245230 0.3941760 0.3576639 0.8021507 -0.2185282 0.5887336 0.7543845 0.7771888 0.5312360 0.5390584 -0.2002208 0.8426824 0.1147325 0.0746166 0.7913695 0.7882096 0.7600706 0.0089406 0.7115286 0.8236950 0.8050363 0.1643394 0.1046708 0.7709161 0.7278365 0.7033061 -0.0754887 -0.6108579 0.8360756 -0.3263703 0.4114639 0.6265417 0.0789375 -0.2420516 0.6275862 0.4145708 0.0882824 0.5079443 0.0900498 0.5988175 0.1980217 0.4232966 0.2026788 0.6054330 0.1020803 -0.0041389 0.5536627 0.1040887 -0.3817398 0.3079775 -0.3043645 -0.2439211 0.1968041 0.1367686 0.1431433 0.3462586 0.0164280 0.3460917 0.3242280 0.7059318 0.5614048 0.6147626 -0.5418145 0.5947542 0.5786959 0.5604548 0.5781196 -0.1237444 -0.0586353 -0.1756895 0.5003576 0.3798439 -0.0213564 0.5634145 0.4183644 0.1184179 0.3839732 0.4250500 0.1231758 0.2156543 0.0957970 -0.0791432 0.0983216 -0.0286181 -0.0377431 0.0539315 0.1564752 -0.0096813 0.1039408 0.2443636 0.1869305 0.6074379 0.0927458 0.2564847 -0.0401770 0.2460079 0.6323989 0.0305278 0.1185821 0.2311105 0.4642819 0.3651025 -0.1025510 0.4409742 0.2590260 0.1926173 -0.3654351 -0.0688119 -0.4292462 0.4091002 -0.4422856 0.4930442 -0.1683858 0.2722559 0.0587514 -0.0018265 0.1589078 0.4110731 -0.2527124 -0.4054533 -0.0712446 0.2791360 0.2173975 0.1894545 0.0508750 0.0884631 0.2921470 0.3109782 -0.2877974 0.2565756 0.2453910 -0.1162560 0.0044583 0.3843070 0.1016615 0.3944712 0.3936141 0.2589306 0.0956254 0.3848708 0.3996238 -0.1878282 0.0208534 -0.3868355 -0.5424142 -0.5589727 -0.4793299 -0.1829922 -0.3858256 -0.2325020 -0.2318952 -0.4522404 -0.3973769 -0.1302832 -0.2086410 0.0612886 0.2268968 0.0265155 -0.2136364 -0.1509570 -0.4721942 -0.4327595 -0.3222497 -0.0865580 -0.3869163 -0.5576537 -0.2247960 -0.2715464 -0.5558068 0.3051351 0.0713914 0.1317828 -0.1096418 0.5937142 0.4235639 -0.5460722 -0.0111686 0.2002341 -0.0613010 -0.0816415 -0.4436650 0.5839843 -0.3960133 -0.5595288 0.0870337 -0.4256161 -0.2601462
0.0702750 0.0681067 0.5956946 0.0000000 0.2732760 0.4927567 -0.3574422 0.7874124 0.4755992 0.5480053 0.7977353 -0.3827414 0.3631377 0.1863585 0.0568392 0.5458339 0.3939939 0.3356747 0.5015933 0.2156535 -0.1673163 0.4576497 0.5511912 0.2199486 0.5892943 0.7588432 0.6378468 0.2795879 0.0392777 0.5764809 0.2959079 0.4608144 0.2720783 0.1568977 0.5444706 -0.0637684 0.6728374 0.3933454 0.5958785 0.7164054 0.4474730 -0.0217143 0.5292873 0.2463223 0.0420693 0.5070162 0.5854857 0.3985716 0.1082021 0.3621312 0.5155322 0.5466988 0.1229664 0.2818067 0.3339511 0.4689002 0.4088531 0.0544748 -0.3615067 0.5395003 -0.1268372 0.3033064 0.2213471 0.0550981 -0.5515527 0.2588307 0.3907422 0.1297465 0.3305970 0.0687033 0.3795747 0.2987314 0.3482674 -0.1170226 0.3993061 -0.0775772 -0.0038338 0.3706676 0.0290914 -0.2589129 0.0308502 0.2814142 0.4003731 0.3314561 0.1138658 0.5867073 0.4796703 -0.0607456 0.6714444 0.1322157 0.5598618 0.6420228 0.5979824 -0.2318233 0.4339551 0.5776054 0.5630354 0.4777234 0.1147989 -0.0174187 0.2129848 0.4950766 0.5925409 0.3157523 0.5192225 0.3782258 0.4319184 0.3969938 0.3481687 0.3186548 0.3250207 0.3655034 0.0572762 0.3304419 0.3019962 0.1257917 0.1235303 0.0983308 -0.0552543 0.0322578 0.2035262 0.1215177 0.7451737 0.0218285 0.1049516 0.1317811 0.1486671 0.6646274 0.1159015 0.1432659 0.1822634 0.4352987 0.2527499 0.1047900 0.3932926 0.3513476 0.2550401 -0.1616068 0.1335150 -0.0611998 0.4733147 -0.0442248 0.6759831 0.0983158 0.2666020 0.2296948 0.1761778 0.2690734 0.6130904 0.1349724 -0.0465958 0.1144645 0.5759099 0.4114658 0.3629917 0.1187989 0.4504886 0.4175243 0.5598031 0.2528809 0.3360312 0.6212724 0.0196450 0.4438983 0.5518722 0.0810222 0.4525032 0.5423512 0.4868873 0.4848345 0.6354136 0.5786397 0.0363727 0.1025685 -0.1975083 -0.3179389 -0.3816189 -0.4587355 -0.1518157 -0.3455861 -0.3298850 -0.2432417 -0.1610612 -0.3525319 -0.0325820 -0.3778146 -0.2843061 -0.2271360 0.0188636 0.0413354 -0.1495959 -0.1792868 -0.4564943 -0.0971358 0.0786678 -0.1524091 -0.2138663 -0.1537921 -0.2167698 -0.2450960 0.7152785 0.0318452 0.4463778 0.2462796 0.3171490 0.0866259 -0.2823697 0.6051732 0.4503121 -0.0006788 0.3743710 0.0556246 0.3150250 0.0158960 -0.1618505 0.3777208 0.0983053 0.3667433
-0.1325983 0.1747404 0.6745945 0.2732760 0.0000000 0.1521859 -0.4819005 0.4785564 0.1985750 0.1525934 0.4634473 -0.4626448 0.8340469 0.0360269 -0.0911225 0.3406301 -0.0996107 0.2443911 0.3294781 0.7377962 -0.3517277 0.7082776 0.2212633 0.1823705 0.3976687 0.5348034 0.5985304 0.3680627 -0.1781406 0.6421852 0.7701073 0.7301958 -0.0491035 -0.1753225 0.5720028 -0.3157502 0.5640275 0.7537016 0.7861499 0.4876058 0.7553772 -0.3017155 0.7181089 -0.0624913 -0.2070723 0.6014005 0.7472928 0.9005277 -0.2938386 0.7891188 0.7882559 0.6884674 -0.1881253 0.0142055 0.8795976 0.8893571 0.6683940 -0.1952108 -0.2954815 0.7427448 -0.1518013 0.2501535 0.8624093 -0.0274582 0.0442767 0.7435093 0.3084693 0.0365039 0.8219108 0.1928891 0.6200006 -0.1268931 0.3525339 0.5331164 0.8066956 0.4169896 0.4525191 0.6743125 0.3154022 -0.0901676 0.3973235 -0.0693670 0.0317131 0.5338212 0.2151938 0.4110625 0.3432972 0.3452368 0.4575382 0.5961157 0.6169962 0.4763279 0.6985877 -0.4397449 0.5604658 0.5472055 0.6053876 0.7127166 0.0847043 0.1242941 0.1189760 0.5948806 0.3869436 0.0887996 0.7233859 0.5802150 0.2907966 0.6061856 0.5538418 0.2863099 0.5058339 0.4104859 0.3979014 0.3839462 0.2457082 0.2834722 0.3549276 0.3366948 0.2740795 0.2953154 0.4646669 0.5076588 0.5258221 0.3148665 0.3150362 -0.0727789 0.4831832 0.7118959 0.1019133 0.2771943 0.3264493 0.5786702 0.3648308 0.1139928 0.4829191 0.5491833 0.2272580 -0.0954677 -0.0341263 -0.2334416 0.1528465 -0.1896099 0.4710928 0.1506103 0.2414015 0.2598233 0.0262635 0.2252365 0.3467594 -0.1484486 -0.2465845 -0.0130886 0.1605964 0.1730172 0.5177965 0.2576063 0.1844362 0.1808022 0.2554476 -0.3210559 0.3158806 0.2222129 0.1655596 0.0080150 0.4249903 0.1429912 0.2593284 0.3724216 0.3084276 0.3002082 0.3407970 0.5341447 -0.0045934 0.1254065 -0.2447629 -0.4521466 -0.3835549 -0.3249991 -0.2548471 -0.3097689 -0.1514004 -0.2154362 -0.3972515 -0.3669481 0.2489689 0.1673464 0.5182396 0.6293461 0.4113535 0.0451524 0.2056797 -0.1512027 -0.2550226 -0.0229353 0.0392608 -0.2355357 -0.6063942 -0.3441346 -0.3156447 -0.5304890 0.2379580 0.2834075 0.1235128 -0.0460128 0.5449790 0.5776061 -0.3439065 0.0698011 0.3392812 0.2421234 -0.0892068 -0.3971219 0.7595433 -0.3773913 -0.6071713 0.2287910 -0.2502281 0.0028674
0.3413485 0.5237781 0.5759492 0.4927567 0.1521859 0.0000000 0.2148542 0.2149354 0.8570194 0.8335982 0.6925361 0.3541948 0.0936722 0.6697698 0.7450248 0.6606075 0.6342577 0.5461058 0.2676698 0.3251817 0.5241476 0.3562921 0.1441873 0.7417221 0.0124204 0.2764573 0.4856629 0.7281035 0.7543325 0.6623852 0.3017831 0.2252789 0.7218535 0.7287484 0.5449111 0.5656371 0.3673764 0.1719718 0.6084323 0.6198307 0.1986659 0.5734810 0.7084333 0.4110383 0.5849404 0.4659847 0.4199860 0.2189471 0.5048538 0.3110257 0.5407676 0.7394545 0.6769693 0.5634762 0.3228450 0.2484496 0.3387778 0.4095420 -0.0031511 0.6250152 0.2560586 0.6734640 0.2264369 0.4504241 0.0168871 0.2481035 0.4798086 0.3389543 0.1143730 0.3189314 0.3827499 0.6166424 0.4221278 0.0650018 0.2995687 0.1394841 0.0360996 0.2895362 0.1047427 -0.2650848 0.1393186 -0.1910776 -0.2514559 -0.0600250 0.2116171 -0.1753616 0.2259161 -0.2174072 0.1058285 0.2951171 0.1651941 0.1633882 0.1252202 -0.1919456 0.4690034 0.2589773 0.2252512 0.0884628 0.0994217 0.3011376 0.1295237 0.0103698 -0.1701561 0.2180335 0.0894455 0.3086590 -0.1669747 -0.2071131 0.1248424 -0.0464356 -0.0197914 -0.0105943 -0.2889280 -0.2794374 -0.3462465 -0.2390958 -0.1708790 0.0428886 0.0078408 0.1677493 0.2093698 0.1490195 0.2261526 0.2041498 0.2918343 0.1818249 0.1495393 0.3376497 0.1366824 0.2013620 0.2272251 0.4345656 0.1997572 0.1939544 0.1651890 0.1239766 0.3062384 0.0254620 0.2711735 0.0356894 0.1495967 -0.0145312 0.3535878 0.0539008 0.5164087 -0.2061608 0.4225348 0.3998037 0.1662200 0.1792551 0.0416060 0.4346580 0.5565885 0.0005790 0.2244827 0.1459575 0.1781175 0.3353049 0.2882243 0.1082512 0.1097842 0.3784870 0.0296473 0.2145315 0.3682955 0.2253448 0.3324277 0.3646446 0.3541534 0.2111567 0.2573745 0.3302007 0.2107593 0.3848654 0.0690362 -0.1525377 -0.1213907 -0.2255146 0.5859578 0.3836226 0.3618158 0.5034487 0.3435327 0.3430325 0.0830403 -0.2560342 -0.1160912 -0.0391254 -0.0095987 0.1857933 -0.0526567 -0.1155089 -0.1436592 -0.1784658 0.0988743 -0.0833906 -0.3752964 -0.1094910 -0.0190238 -0.2302101 0.2376361 -0.0948737 0.0361778 -0.3283604 0.4702836 0.1618895 -0.2212162 0.2232323 0.0218275 -0.2169417 -0.2413100 -0.3088547 0.3876010 -0.0359900 0.0825232 0.1553489 -0.4564902 -0.0798401
0.3983964 0.4759616 -0.3828931 -0.3574422 -0.4819005 0.2148542 0.0000000 -0.4680024 0.1628682 -0.0676001 -0.3749572 0.8811073 -0.4514693 0.1008578 0.4800238 -0.2200705 0.1504932 -0.1538442 -0.3386373 -0.1289476 0.7622851 -0.4822875 -0.3081533 0.2533425 -0.5319361 -0.4278940 -0.4299676 0.1327076 0.6545170 -0.1338953 -0.2553112 -0.4836436 0.2900206 0.3516891 -0.2666769 0.6528845 -0.3782816 -0.4086264 -0.3294691 -0.1941448 -0.3076226 0.5996649 -0.3228592 0.1490351 0.3815295 -0.4201247 -0.5730150 -0.3847862 0.3245983 -0.3432743 -0.4517268 -0.2502913 0.2957383 0.0452809 -0.2809069 -0.4106959 -0.3748762 0.1966436 0.4710901 -0.3016837 0.4243690 -0.0898692 -0.3018539 0.2301564 0.5168524 -0.2310994 -0.3056423 -0.0510709 -0.3365388 -0.0637204 -0.3336557 0.0999553 -0.2953853 0.0981479 -0.3267288 -0.0093888 0.0146176 -0.3578115 -0.1306760 0.2668917 -0.1381648 -0.1638954 -0.1446448 -0.1951253 0.1446568 -0.4061107 -0.4148171 -0.2038778 -0.2513192 0.0533264 -0.6593842 -0.6272815 -0.4426699 0.3881112 -0.3277077 -0.3766645 -0.4160870 -0.3038984 0.0165490 0.3356628 0.1522598 -0.3724062 -0.5604198 0.1447746 -0.5148597 -0.1543291 -0.1367308 -0.4028102 -0.3519192 -0.0847228 -0.4856276 -0.2296882 -0.0782806 -0.3440491 -0.3040200 -0.2695266 -0.2027187 -0.0399926 0.0692895 0.1575997 -0.0510294 -0.0197428 -0.4924850 0.1351046 0.1313838 0.3641015 -0.1035013 -0.4204230 0.2069782 -0.0024671 0.0208124 -0.0819160 -0.0780467 0.0671962 -0.1456543 -0.4195285 0.0107583 0.3963021 0.2213056 0.3282069 -0.3362155 0.1768857 -0.3503949 -0.0667730 0.1147082 -0.4601554 0.1833960 0.0471632 -0.3902379 0.0519406 0.1824493 0.2653673 -0.1881554 -0.3984886 -0.2117610 -0.1039199 -0.2274502 -0.0582346 -0.2111232 0.0776905 -0.1202205 -0.3584307 -0.0342976 -0.0548513 -0.2436755 -0.0243834 -0.2613959 -0.2510508 -0.2985731 -0.2634205 -0.3359023 -0.3636550 0.2069953 0.3119211 0.7129868 0.5803679 0.6731977 0.3507613 0.7454452 0.7786101 0.5704710 0.7348529 0.7024403 0.7301729 0.1578350 0.2441418 0.0060985 -0.0268991 0.0483852 0.2683476 0.3215629 0.3913707 0.5227283 0.3550451 0.3438970 0.5510047 0.3002681 0.2965389 0.3650432 0.4078051 -0.1888234 -0.2119711 -0.3645925 -0.4009642 0.0566926 0.0536451 0.4192426 0.1319250 -0.0627691 -0.0967513 -0.5909330 0.0828433 -0.0610982 0.3688104 0.4918639 0.1027123 -0.0565149 -0.0222273
-0.1205258 -0.2397536 0.5621045 0.7874124 0.4785564 0.2149354 -0.4680024 0.0000000 0.1545258 0.2955099 0.7664110 -0.5388251 0.6839677 0.0199281 -0.1876705 0.6392946 0.2107140 0.3151904 0.7622452 0.4447454 -0.3361371 0.5993783 0.4296762 0.0676571 0.8491200 0.7499259 0.6192143 0.1692067 -0.2104985 0.5077068 0.5659084 0.7595549 0.0418758 -0.0859045 0.3980172 -0.1943537 0.7184853 0.7449989 0.5231623 0.5730884 0.5185967 -0.1284001 0.4922930 0.1691311 0.0526730 0.7317462 0.6346877 0.6854096 0.0314463 0.6938832 0.4815968 0.4060918 -0.0001628 0.1646551 0.5862620 0.7244364 0.5763670 0.0922417 -0.4507161 0.5407452 -0.0254417 0.2707053 0.5166439 0.1916193 -0.3259198 0.5198040 0.3867921 0.2274027 0.6058524 0.2681010 0.5705610 0.2931458 0.4450886 0.2146865 0.6821643 0.2517271 0.3453437 0.6851333 0.3441547 -0.0867804 0.4112319 0.0781097 0.4028226 0.5077278 0.0259357 0.6545494 0.4700081 0.1791342 0.7304487 0.3822437 0.6859001 0.7380965 0.7833709 -0.1466798 0.6183229 0.7553225 0.7603177 0.6927860 0.3184947 -0.0578316 0.4077817 0.7091799 0.7652298 0.3906434 0.7692721 0.6022928 0.5711491 0.6666779 0.6852982 0.5811366 0.6714565 0.5207841 0.2917408 0.6137911 0.4670687 0.3607609 0.4140868 0.3734724 0.1672578 0.3649182 0.4687744 0.4653147 0.8816173 0.1513016 0.3312500 0.3460121 0.4283630 0.8088608 0.3943020 0.3621484 0.3779408 0.5943948 0.3751695 0.3034049 0.5834132 0.6420701 0.4310799 0.1250960 0.2989419 0.0833548 0.5873669 0.1977151 0.8510945 0.4019752 0.4075126 0.5613577 0.3710046 0.4727763 0.7601152 0.3315182 0.1556414 0.2889489 0.5971129 0.5460132 0.5908657 0.4824219 0.6186971 0.4414690 0.7285570 0.3551733 0.4490391 0.6831132 0.3194655 0.5960975 0.5996147 0.3943728 0.6199208 0.7078878 0.6440659 0.6098048 0.6621662 0.7004030 -0.1353127 -0.1094225 -0.4825250 -0.5438593 -0.4543425 -0.5827376 -0.2977928 -0.5073480 -0.5946981 -0.5024716 -0.2522896 -0.5444984 0.0390256 -0.2009140 -0.0767807 -0.0179235 0.3433135 0.2449600 0.2199656 0.0319840 -0.1570087 0.2169738 0.3638355 0.1189446 -0.2710510 0.0708825 -0.0537149 -0.1432393 0.7517708 -0.0174090 0.2958993 0.1080407 0.3744259 0.3263414 -0.1518681 0.5524166 0.5469578 -0.0197897 0.2152555 0.1179422 0.4918463 0.2333438 -0.1459958 0.3962039 0.0465717 0.4929085
0.4083124 0.6182272 0.6401980 0.4755992 0.1985750 0.8570194 0.1628682 0.1545258 0.0000000 0.8043987 0.5728486 0.2920946 0.1147516 0.6486361 0.8125802 0.4582516 0.5030999 0.6123272 0.1070993 0.1887692 0.4350432 0.3002298 0.0713540 0.8038212 0.0135604 0.2493879 0.3901277 0.7598355 0.7912740 0.6682267 0.2729997 0.2236930 0.7628471 0.7804921 0.5774922 0.4388133 0.2619256 0.2157814 0.6176888 0.5922761 0.2792942 0.4179237 0.6307451 0.2792963 0.3957592 0.4502711 0.4114244 0.2761623 0.3420699 0.2641855 0.5253253 0.7028606 0.5033527 0.3645406 0.3438698 0.2804103 0.2699659 0.1546203 -0.1290664 0.5839821 -0.0347108 0.4772103 0.1947633 0.1875343 -0.0816621 0.1957216 0.3540169 0.1080006 0.1557280 0.0402576 0.2102310 0.2646216 0.2385760 -0.0955471 0.2047842 -0.0822508 -0.1901596 0.1319648 -0.1658558 -0.2860025 -0.1319243 -0.1537148 -0.2220502 0.0989641 0.2896270 -0.0697719 0.2606705 -0.2374865 0.1764468 0.2412171 0.2087469 0.2010668 0.2277135 -0.1921539 0.4251917 0.2245495 0.2199561 0.2105455 0.0768996 0.3040936 0.0414654 0.0918354 -0.1297454 0.1616236 0.1529130 0.2963965 0.0153092 -0.1361477 0.0974948 -0.0350412 -0.0446811 0.0435045 -0.2088635 -0.2650394 -0.2731931 -0.3078312 -0.2338844 -0.0853396 -0.0673517 -0.0075000 0.0457595 0.0107368 0.2192557 0.1726805 0.1254512 0.0705708 0.0354347 0.2526191 -0.0309921 0.0163773 0.0723110 0.3348424 0.2325608 -0.1084452 0.3391181 0.0223936 0.0971837 -0.2182525 0.0529668 -0.2061235 0.2539817 -0.3264515 0.2243882 -0.2563504 0.2960778 -0.3318562 0.1613294 0.1359033 0.2770777 -0.1613393 -0.2724955 0.1029169 0.3168982 0.1213945 0.0140340 -0.2071336 0.0024005 0.1620960 0.0654963 -0.1999572 -0.0769396 0.1782386 -0.2917759 -0.0376364 0.2645035 -0.0561946 0.3004070 0.2791362 0.2188755 0.0973121 0.2612263 0.3037226 0.1568942 0.3400617 0.1050792 -0.1568742 -0.1651176 -0.1769136 0.4594913 0.2963708 0.3292451 0.4595985 0.1848802 0.2591386 -0.1594653 -0.2741595 -0.2132332 -0.0551942 -0.2530616 -0.1616728 -0.1054607 -0.3593770 -0.3807186 -0.3050055 -0.0261053 -0.2279141 -0.3612860 -0.1374180 -0.1688333 -0.3070887 0.2203604 -0.1077202 0.0066330 -0.3521502 0.3824445 0.0167805 -0.3388739 0.0852392 0.1323131 -0.1921920 -0.1884434 -0.3738986 0.3736929 -0.2730998 -0.2490910 0.0336906 -0.4780804 -0.3596100
0.0489965 0.1777005 0.5911601 0.5480053 0.1525934 0.8335982 -0.0676001 0.2955099 0.8043987 0.0000000 0.7376554 0.0987248 0.0768635 0.8568616 0.6160309 0.6314813 0.8312780 0.7607894 0.2587490 0.1964077 0.3793326 0.2514462 0.3311178 0.8041486 0.0783316 0.2543902 0.5483441 0.7394475 0.5371001 0.7056843 0.2686281 0.2273449 0.6890639 0.7185996 0.5937920 0.3607263 0.4147878 0.1421265 0.6723129 0.6560436 0.1808436 0.3045557 0.7259136 0.3194627 0.3917877 0.5396944 0.4219444 0.2155230 0.4633245 0.2898960 0.5246455 0.7716162 0.5945242 0.4834968 0.2388329 0.2444621 0.2696587 0.3227690 -0.2704299 0.5418760 -0.0454849 0.4516754 0.1309805 0.2832468 -0.0845031 0.1347902 0.2922770 0.1354293 0.0235017 0.1430137 0.1910861 0.4313236 0.2425611 -0.1592544 0.1961952 0.0069625 -0.1004269 0.1410861 -0.0520698 -0.2886799 -0.0648154 -0.1052991 -0.1177783 0.0646579 0.1049331 -0.0145658 0.3214148 -0.2026392 0.1669660 0.1914218 0.3110409 0.3039527 0.1712303 -0.1414885 0.5449952 0.3188253 0.2044649 0.0478545 0.1435764 0.1316109 0.0621734 0.0678545 -0.0274154 0.0548077 0.1399383 0.3145376 -0.1469968 -0.2225567 0.2732544 -0.1754124 0.1051624 0.0138596 -0.3981246 -0.2615249 -0.3924055 -0.3057804 -0.2239862 -0.1260247 -0.1958404 0.1272256 0.1803525 0.1183894 0.3579730 0.0540441 0.2536460 0.2519306 0.2427403 0.3103004 0.1780340 0.2811119 0.2404137 0.4227333 0.1987000 0.2349453 0.3263863 0.1680236 0.2541732 0.0308561 0.3090460 -0.0370204 0.1574146 -0.0546278 0.2980809 0.1242955 0.3587721 -0.2856122 0.3479414 0.2207479 0.2261412 0.1402794 -0.0171369 0.2821156 0.4091503 0.0140487 0.0764649 -0.0303803 0.1179729 0.1107766 0.1733583 0.0836715 -0.0702557 0.3497846 -0.1271733 0.1182187 0.2479192 0.0121623 0.2021423 0.2303488 0.3111140 0.1532294 0.2201003 0.2755339 0.0591406 0.1399603 -0.2751415 -0.4174426 -0.2768205 -0.2837430 0.3975025 0.1448597 0.1868317 0.2326869 0.0663199 0.1139635 -0.2538981 -0.3400584 -0.3168118 -0.1338909 -0.1748001 0.0217923 -0.0708741 -0.1965183 -0.2692282 -0.1269395 0.1387236 -0.0892791 -0.3241163 -0.0920792 -0.1429064 -0.2136215 0.2293851 -0.1350587 0.0486193 -0.2887534 0.3375506 -0.0883409 -0.2773455 0.1139687 0.0321247 -0.3105659 -0.0672440 -0.1758111 0.2569066 -0.1157287 -0.0120829 -0.0376574 -0.3731917 -0.1373468
0.0285556 0.0339565 0.7549758 0.7977353 0.4634473 0.6925361 -0.3749572 0.7664110 0.5728486 0.7376554 0.0000000 -0.3220283 0.4925420 0.4556933 0.2490840 0.8807112 0.4983015 0.5939505 0.7152803 0.4960960 -0.0372262 0.7195649 0.3821463 0.4365919 0.5999134 0.6176905 0.7362285 0.5300078 0.1960407 0.7196990 0.5558429 0.6218049 0.4462256 0.3738292 0.5871335 0.1101445 0.6362599 0.5604446 0.7514582 0.7661948 0.5390118 0.1828563 0.8364729 0.3608074 0.3655414 0.8392444 0.7706361 0.5808745 0.3541657 0.6743033 0.7347948 0.7664866 0.4213366 0.5199218 0.5491788 0.6169922 0.5065549 0.3725192 -0.4302217 0.7377629 0.0153210 0.6425130 0.4488958 0.4337980 -0.3715345 0.3868067 0.6255691 0.4571642 0.4603924 0.4347749 0.6053645 0.5902592 0.6496687 0.0495143 0.6165853 0.2980996 0.1872615 0.6352437 0.3654301 -0.2036028 0.3276773 -0.0768957 0.0289456 0.3026367 0.0178573 0.3344618 0.4102256 -0.0722849 0.4847355 0.3375122 0.5819710 0.6164046 0.5855172 -0.2973943 0.6837758 0.6146128 0.5965656 0.4400623 0.2536480 -0.0375882 0.2087288 0.4437053 0.4039043 0.2694602 0.5396077 0.5045346 0.2283484 0.2581052 0.5315396 0.2118319 0.4503780 0.3428530 -0.0698487 0.1733782 -0.0114950 0.0703804 0.0949547 0.1471595 0.0354118 0.2330809 0.3632331 0.3049579 0.6410443 0.1373376 0.3010231 0.2518753 0.2975842 0.6951374 0.2393961 0.3145304 0.3057388 0.5460752 0.3118441 0.2989838 0.3959362 0.5309566 0.3871929 0.0306297 0.2765632 0.0348146 0.4860114 0.0844317 0.6551701 0.3123449 0.4811002 0.2281611 0.3974567 0.4369915 0.5852099 0.2960634 0.0756373 0.3777185 0.6979903 0.3682283 0.4691779 0.2952429 0.3805208 0.3847849 0.4814097 0.1923968 0.2941770 0.6429927 0.1532196 0.3526035 0.5541472 0.3205646 0.5933730 0.6365283 0.6333118 0.4417263 0.5820827 0.6304878 -0.0445535 0.0380545 -0.4736643 -0.5705843 -0.4810737 -0.4834031 0.0513064 -0.2015307 -0.2056226 -0.1294959 -0.1331836 -0.2776769 -0.0739002 -0.4562391 -0.2301226 -0.0949986 0.0789651 0.1982510 0.0462266 -0.0970904 -0.3090184 0.0153264 0.2296056 -0.0509294 -0.3651744 -0.0455388 -0.0337088 -0.2194958 0.4861513 -0.0644342 0.2176348 -0.0722740 0.4525456 0.2187680 -0.2709746 0.3923893 0.2245979 -0.2366046 0.0614785 -0.1191348 0.5286511 -0.0569454 -0.0691419 0.2990447 -0.3370444 0.1749628
0.4308251 0.5001737 -0.3134804 -0.3827414 -0.4626448 0.3541948 0.8811073 -0.5388251 0.2920946 0.0987248 -0.3220283 0.0000000 -0.4789590 0.2325488 0.6528307 -0.1051232 0.2744677 -0.0740909 -0.2862163 -0.1500110 0.8198615 -0.4286774 -0.2175351 0.3576740 -0.5192830 -0.3809596 -0.2707151 0.2550953 0.7272040 -0.0869493 -0.2591359 -0.3673005 0.4066754 0.4212907 -0.2104493 0.6756068 -0.2590258 -0.4093234 -0.2871512 -0.1862822 -0.2893807 0.6818805 -0.2349947 0.1884667 0.4597529 -0.3884470 -0.4827410 -0.3802450 0.3865634 -0.3855323 -0.4109661 -0.1476695 0.4167930 0.1411893 -0.2586058 -0.4719843 -0.2790565 0.2671009 0.6211824 -0.2886803 0.5529404 0.0295224 -0.2949218 0.2651285 0.5867482 -0.1883063 -0.2386892 -0.0506310 -0.4398574 0.0247809 -0.2882379 0.1792305 -0.2702109 0.1021554 -0.3391155 0.0095524 0.0676799 -0.3429836 -0.1723524 0.1449424 -0.1158786 -0.2657741 -0.2098076 -0.2270755 0.2896880 -0.5572615 -0.4342119 -0.0643443 -0.3423802 0.1698334 -0.6303204 -0.5541896 -0.5415609 0.4882855 -0.1503643 -0.3901961 -0.4113707 -0.4313659 -0.0029847 0.4947967 0.1850751 -0.5218736 -0.6918433 0.2570288 -0.5507736 -0.1123325 -0.3322607 -0.5675124 -0.3577240 -0.1204182 -0.5169857 -0.3294946 -0.1382622 -0.4695934 -0.3959631 -0.2741464 -0.1848846 0.0603533 0.1400326 0.2085263 0.0318329 0.0581060 -0.4966787 0.2425537 0.2427316 0.3163607 -0.0249877 -0.3999505 0.2365025 0.1234463 0.1193524 -0.0174854 0.0702879 0.1691196 -0.1160134 -0.3258745 0.1488204 0.3329565 0.3319625 0.2738612 -0.3301207 0.1567514 -0.3240126 -0.0311331 0.2611510 -0.5229896 0.2920940 0.1911454 -0.4411057 0.1436433 0.2695471 0.3689991 -0.0862922 -0.4648343 -0.1258708 -0.0560421 -0.1861564 -0.0028730 -0.1867303 0.1168687 -0.1370565 -0.2682140 -0.0850770 -0.0415443 -0.1913037 0.0587476 -0.2680919 -0.2790625 -0.3077652 -0.2820688 -0.3879434 -0.3758006 0.2503350 0.2798001 0.6222878 0.3902531 0.5457029 0.3229455 0.7924976 0.7785162 0.6796615 0.8161093 0.7463664 0.8818814 0.2705194 0.2397953 0.1262892 0.0710159 0.0860655 0.3177999 0.2069712 0.3247082 0.5082746 0.0982784 0.2606435 0.3619144 0.1265583 0.2789522 0.2226150 0.2329312 -0.2275819 -0.1416636 -0.2109835 -0.3623408 0.0243611 -0.0542097 0.1794230 0.0126136 -0.2950129 -0.1556838 -0.5665151 -0.0452820 -0.1132644 0.2974024 0.4243356 0.1210103 -0.1541264 -0.1010087
-0.0981180 0.0478610 0.7303150 0.3631377 0.8340469 0.0936722 -0.4514693 0.6839677 0.1147516 0.0768635 0.4925420 -0.4789590 0.0000000 -0.0431359 -0.0664695 0.3183037 -0.1158886 0.2495778 0.3812347 0.7809479 -0.4774643 0.7508318 0.0136037 0.1393788 0.5025591 0.6094097 0.4152705 0.2673839 -0.2085899 0.4808946 0.8710274 0.8330887 -0.0611327 -0.1755716 0.5214382 -0.4334446 0.6373212 0.9457160 0.5904546 0.2899922 0.6024018 -0.3903138 0.5689759 -0.0922665 -0.1464172 0.7228749 0.7614265 0.9488863 -0.2675285 0.8871222 0.6892184 0.5041432 -0.1929973 -0.1895419 0.9343073 0.9181100 0.8512150 -0.2395037 -0.4717691 0.7189949 -0.1869994 0.1575215 0.8853222 0.0197879 -0.0172364 0.8831082 0.2587472 0.0210508 0.8136160 0.1455060 0.6905666 -0.0088870 0.3677277 0.5589745 0.8301800 0.3452056 0.3908413 0.7560217 0.3175037 -0.2065741 0.5195880 -0.2296262 0.0856036 0.4475656 0.1624778 0.4074198 0.3068557 0.3124248 0.5040250 0.5548680 0.7388003 0.5829126 0.7958017 -0.3624105 0.6118554 0.7195811 0.7310076 0.8235306 0.0666351 0.0623879 0.1233052 0.7312262 0.6286965 0.0766712 0.7897804 0.6022260 0.4191088 0.7664697 0.6510037 0.4791108 0.5028066 0.3950575 0.4311437 0.5625902 0.3711437 0.4264394 0.4946191 0.4997713 0.3450961 0.4322902 0.5357434 0.5646929 0.7086311 0.3140348 0.4533216 0.0873410 0.5224208 0.7718118 0.2870814 0.3439747 0.4518037 0.5441637 0.4371000 0.1252623 0.5388829 0.5554806 0.3792987 -0.0565730 0.0694270 -0.2822026 0.4381643 -0.1912866 0.6366334 0.1261720 0.3709213 0.4586251 0.0932391 0.3273912 0.4972112 -0.1470416 -0.2409105 0.0557978 0.1647719 0.3422145 0.4484697 0.3913748 0.2995401 0.3973430 0.4567592 -0.2070218 0.4845445 0.2207175 0.2315965 0.1751369 0.4348817 0.3306318 0.4437977 0.5272856 0.3389236 0.2699070 0.4514625 0.5355271 -0.2636480 -0.1127793 -0.4115666 -0.5794895 -0.5108048 -0.5422395 -0.4228922 -0.5366741 -0.4869266 -0.4745144 -0.4687553 -0.5680274 0.1674463 0.1195121 0.4111805 0.4810712 0.4586448 0.0572550 0.2469440 -0.2467262 -0.2177348 0.0271583 0.1442212 -0.1318258 -0.5504125 -0.2341523 -0.2499090 -0.4695188 0.4417433 0.2523946 0.2199182 0.0210070 0.6378408 0.6553484 -0.2785457 0.1337392 0.4354356 0.2342891 -0.0330244 -0.3517161 0.7004912 -0.0779965 -0.5533550 0.2157556 -0.1630559 0.1102263
0.0263492 0.0237812 0.4206747 0.1863585 0.0360269 0.6697698 0.1008578 0.0199281 0.6486361 0.8568616 0.4556933 0.2325488 -0.0431359 0.0000000 0.6178159 0.4079314 0.7833352 0.7683987 0.0351940 0.2292776 0.3831043 0.0828977 0.0985034 0.8338812 -0.1873930 -0.0080980 0.3585621 0.8282812 0.5094138 0.5954378 0.2281981 0.0838928 0.6703077 0.7781088 0.5189612 0.3221315 0.2245408 -0.0061187 0.4562865 0.4865612 -0.0037057 0.2267911 0.5818492 0.3566470 0.4728475 0.3795473 0.1470258 0.0581390 0.5556027 0.1444099 0.2854609 0.6121493 0.7035620 0.4504475 0.1123828 0.0528764 0.0902156 0.3936447 -0.3283362 0.3519097 -0.0436231 0.3874148 -0.0139864 0.3765136 0.1154393 0.0257753 0.1877200 0.1434863 -0.1625389 0.1699218 0.0871480 0.4079890 0.1842701 -0.1341765 0.0694996 0.0864176 -0.2433867 0.0283145 0.0348146 -0.0899857 0.0365469 -0.2491818 -0.3520809 -0.1287781 -0.0736131 -0.2902177 0.1402001 -0.2141046 -0.1625128 0.0290735 0.0559319 -0.0604424 -0.0966432 -0.1449043 0.2912033 0.0092068 -0.1480200 -0.1806598 -0.0608576 -0.0341765 -0.0611408 -0.1766192 -0.3215596 -0.0865182 -0.1722820 0.0469777 -0.4028417 -0.4360444 0.0467570 -0.4722179 -0.1406415 -0.2778680 -0.5943029 -0.5858669 -0.6974900 -0.5503730 -0.5079245 -0.3482123 -0.3841323 0.0347819 -0.0509615 -0.0486003 0.0619747 -0.1488696 0.1272987 0.3011625 0.0646291 -0.0514275 0.0984438 0.0922854 0.0208145 0.2551231 -0.1010752 0.1561734 0.1544235 -0.1462810 -0.0191699 0.1266237 0.1845701 0.0876622 -0.1244120 0.0194665 -0.0055222 0.0611473 0.1012217 -0.5486180 0.2237938 -0.0265803 -0.1397778 0.0769802 -0.0141211 0.1242855 0.0950462 -0.3145962 -0.1364313 -0.1247616 -0.1030265 -0.2624678 0.0060494 0.0398159 -0.4314386 -0.0180719 -0.1897941 -0.0376301 -0.2106125 -0.2047598 -0.1094817 -0.1122940 0.1661741 -0.1069434 -0.2379798 -0.0772725 0.0037552 0.1793737 -0.2513443 -0.2134230 -0.0835601 -0.0267969 0.4104937 0.2224197 0.2990337 0.2270991 0.0093738 0.1538302 -0.4012552 -0.2446229 -0.2536486 -0.0638774 -0.2825970 -0.0924290 -0.0216721 -0.1053418 -0.1058375 -0.0257828 0.1444741 0.0276264 -0.1399753 0.0694652 0.1518081 -0.0120892 0.0519967 -0.2274510 -0.2114604 -0.3050938 0.2084523 -0.0554447 -0.0201257 -0.1175047 -0.0015945 -0.2944648 -0.2414354 0.0186273 0.0865918 -0.1704936 0.1556739 -0.1592262 -0.3899692 -0.2892808
0.5306388 0.6403286 0.3922463 0.0568392 -0.0911225 0.7450248 0.4800238 -0.1876705 0.8125802 0.6160309 0.2490840 0.6528307 -0.0664695 0.6178159 0.0000000 0.2292105 0.4668575 0.4821187 -0.1245203 0.1551762 0.6063178 0.1073852 -0.2939851 0.7939382 -0.2927132 -0.1513550 0.0554280 0.6462985 0.9112258 0.2960170 0.1070836 0.0108539 0.7062112 0.7999071 0.2422790 0.5003080 -0.0351427 0.0391811 0.2171290 0.1293705 -0.0407493 0.5120033 0.3435835 0.1784219 0.5087941 0.2216172 0.1347742 0.0370710 0.3955331 0.0739610 0.1958400 0.4116031 0.5519245 0.1815499 0.1468263 -0.0433390 0.1132285 0.1795714 0.0306869 0.2628090 0.0969747 0.3213881 -0.0051594 0.2444478 0.1867694 0.0674876 0.0986655 0.0109382 -0.1755091 -0.0354842 -0.0252768 0.2846449 0.0309668 -0.1223120 -0.0840077 -0.1369194 -0.2285495 -0.1029145 -0.2642274 -0.3017773 -0.1491442 -0.5194510 -0.4378015 -0.1691340 0.1949282 -0.4255445 -0.1048583 -0.3106461 -0.0858099 0.2512078 -0.0311755 -0.0403466 -0.0793853 0.0907566 0.3136318 0.0653107 0.0046317 -0.0435376 0.0428001 0.3599796 -0.0312161 -0.1201838 -0.4151141 0.1162125 -0.1486411 0.1584241 -0.1736198 -0.3980362 -0.0068925 -0.1517700 -0.3078423 -0.1536891 -0.2439321 -0.4466627 -0.4509272 -0.2621318 -0.2021588 0.0350951 0.0908069 0.1429464 0.0885265 0.0294304 -0.1223966 0.2658043 0.3083821 0.1690806 0.0452206 -0.0342423 0.1036992 0.1274926 0.1813154 0.1873210 0.3094118 -0.0126158 0.1766986 -0.1740406 0.2136747 -0.0588122 0.1942133 -0.1222963 0.0998549 -0.2763911 -0.0769971 -0.2547021 0.3683248 -0.5195327 0.1732546 0.1567724 -0.0377549 -0.1668538 -0.1598556 0.1779094 0.0513004 -0.1470757 -0.1810750 -0.2015090 -0.2837557 0.1114696 -0.1727758 -0.2446345 -0.1312629 -0.1662584 -0.3316449 -0.2223381 -0.0052244 0.0590451 0.1206232 0.0212496 -0.1148162 -0.3066552 -0.0424489 -0.0919498 0.1020543 0.1989023 0.1774675 -0.0995841 0.0006092 -0.0466686 0.6181008 0.4605477 0.4733527 0.5812568 0.2987745 0.4462111 -0.1529094 -0.2074373 -0.1640142 -0.0813202 -0.2587259 -0.0136201 0.0205184 -0.2498144 -0.0664303 -0.2037898 0.0661022 -0.0322438 -0.1747309 0.0576386 -0.0662128 -0.0757321 -0.0457394 -0.2139626 -0.1386048 -0.4455114 0.3108954 -0.0228016 -0.1693284 -0.0764715 -0.1921569 -0.3896953 -0.4996099 -0.3545423 0.1462829 -0.0637983 -0.0221589 -0.0462207 -0.5386684 -0.4542417
0.0622748 -0.0451743 0.4894585 0.5458339 0.3406301 0.6606075 -0.2200705 0.6392946 0.4582516 0.6314813 0.8807112 -0.1051232 0.3183037 0.4079314 0.2292105 0.0000000 0.4784064 0.4423898 0.8669409 0.4150193 0.1710616 0.6200228 0.3415671 0.3343895 0.6233254 0.4620028 0.6740422 0.4780204 0.2585634 0.6211654 0.4702392 0.5748049 0.4578948 0.3650709 0.3502561 0.3734205 0.5247086 0.4440929 0.5726854 0.6872597 0.4715068 0.4922160 0.7135160 0.4973430 0.6112484 0.7719726 0.6124673 0.4487491 0.5435956 0.6045356 0.5495315 0.5991013 0.5841661 0.7176763 0.4317504 0.4798125 0.3736746 0.6490637 -0.1116466 0.5877653 0.3874820 0.7876441 0.3893742 0.6847737 -0.1670618 0.2986187 0.7167905 0.6824614 0.4183508 0.7191787 0.6192757 0.7447962 0.7346122 0.1520046 0.6139636 0.5350644 0.4100070 0.6936180 0.5750284 -0.0140860 0.4672062 -0.1658342 -0.0467784 0.2938829 0.0285387 0.1588396 0.2591130 -0.0129805 0.3047952 0.4211979 0.3116569 0.4221835 0.3880356 -0.0897703 0.6513536 0.4336163 0.4785358 0.2527178 0.4334850 0.1068319 0.4157418 0.2268847 0.1387392 0.4390951 0.3997397 0.4987387 0.1164057 0.0505033 0.4889054 0.2467824 0.4878542 0.3230717 -0.0608863 0.0907459 -0.0900956 0.0636649 0.1159671 0.2119528 0.1556158 0.3775936 0.4215197 0.4233617 0.4410348 0.2447199 0.3528752 0.4158174 0.3249158 0.5448199 0.3736096 0.3869575 0.3142601 0.5057305 0.2690286 0.4907770 0.2873045 0.6087569 0.4528719 0.3156173 0.4706811 0.3247263 0.3991505 0.4182712 0.6087249 0.5313188 0.5948087 0.2847521 0.6648313 0.6331501 0.5200208 0.6231446 0.4345629 0.6460253 0.8417044 0.3444146 0.6291788 0.5014297 0.5220719 0.3569322 0.5105169 0.4315751 0.2384776 0.7302828 0.3648006 0.5091732 0.5476436 0.5183261 0.6382280 0.6734969 0.7641608 0.5694732 0.4926424 0.6468709 0.0676082 0.0536477 -0.4124987 -0.4962810 -0.3593459 -0.3833193 0.2658681 0.0452619 -0.0504841 0.0789171 0.1840389 0.0079310 0.1007804 -0.3945314 -0.1502367 -0.0783737 0.2228009 0.4244745 0.2544583 0.1926761 -0.0092489 0.1494300 0.4152484 0.1688286 -0.3413190 0.1917527 0.1878802 -0.0582746 0.3570726 -0.1396422 0.1241835 -0.2042739 0.2595444 0.1213600 -0.1337451 0.3667823 0.0616102 -0.3042496 -0.0623136 -0.0549548 0.4463569 0.1083360 0.1979833 0.3574863 -0.4501972 0.2551734
-0.0512436 -0.0161268 0.1961345 0.3939939 -0.0996107 0.6342577 0.1504932 0.2107140 0.5030999 0.8312780 0.4983015 0.2744677 -0.1158886 0.7833352 0.4668575 0.4784064 0.0000000 0.5187619 0.2105478 0.1251024 0.5120435 -0.0391920 0.4061589 0.6887241 -0.0317171 0.1124868 0.4076013 0.6104052 0.4229915 0.5412817 0.1085099 0.0153385 0.5994636 0.5857195 0.3465226 0.3953631 0.3516099 -0.0993363 0.4004367 0.5066711 -0.0171197 0.3606208 0.4328606 0.4041806 0.4417667 0.2772221 0.1167841 -0.0092210 0.5812369 0.1017969 0.1581346 0.5219115 0.6183730 0.4728071 -0.0088626 0.0257391 0.0691235 0.4367517 -0.0428796 0.2149569 0.2142942 0.2477828 -0.0580470 0.3543971 0.1589433 -0.0337077 0.0459121 0.0385656 -0.1750126 0.1426736 -0.0800190 0.4124522 0.0132245 -0.1459151 0.0111974 0.0729785 0.0357272 -0.0561122 -0.0573253 -0.0561679 -0.1414408 -0.0012861 0.1379253 0.0233246 -0.0415456 0.0835718 0.2372102 -0.2163660 0.1927852 0.1852608 0.1062954 0.1497824 0.0462274 0.1751616 0.4056844 0.2187604 0.0812975 -0.0778861 0.2626358 0.1936154 0.2860025 0.0129997 -0.0673474 0.1856488 -0.0158069 0.2525781 -0.1020459 -0.2848057 0.2739302 -0.2243855 0.0636972 0.0644183 -0.2732294 -0.2385641 -0.3961749 -0.1923856 -0.1707890 -0.1113694 -0.1517209 0.2984961 0.2675939 0.2762054 0.2361815 0.0439982 0.3556021 0.5234392 0.3624676 0.1689329 0.4020247 0.4880141 0.3454373 0.4715573 0.1545369 0.5831535 0.3359463 0.1809591 0.3685186 0.4149891 0.5548223 0.3575854 -0.0837454 0.3291758 0.2102937 0.4520561 0.3654497 -0.3155982 0.4501978 0.2588391 0.0542050 0.3957967 0.3294811 0.4700744 0.2575224 -0.1893934 0.0706128 0.1316615 0.1499088 -0.0131446 0.1878760 0.3637835 -0.1533862 0.2482045 0.0811460 0.2410906 0.0539055 0.0575969 -0.0058210 0.0758816 0.2571728 0.1452244 0.0314304 0.1172679 0.2326858 0.2052492 -0.1328039 -0.2598766 0.0367047 -0.0915703 0.5103659 0.2960724 0.3019022 0.2693936 0.2497320 0.2537340 -0.1058366 -0.1527665 -0.2580681 -0.1608721 -0.0163730 0.3405516 0.1841345 0.1583042 0.0146727 0.2361908 0.4098156 0.2905290 -0.0074093 0.0148014 0.0103627 0.1537823 0.3288232 -0.2583718 0.0171766 -0.2204677 0.1951168 -0.1742994 0.1217484 0.3387715 0.0735734 -0.3319030 -0.1247202 0.1716315 0.0493013 0.2384902 0.3512330 0.0937622 -0.0254294 0.2401100
