0.0000000 0.6606385 0.2591392 0.2002860 0.2475417 0.1252510 0.1792969 0.0485348 0.3205881 0.0577238 -0.0201743 0.4562433 0.0387047 0.1167546 0.1964807 -0.2296748 -0.0831582 0.0020876 -0.2112599 -0.0191286 0.2456918 -0.4647962 -0.2215106 0.2178623 -0.3770037 -0.4001168 -0.0422381 -0.1968404 0.3135859 -0.1153097 -0.4843850 -0.4867996 -0.2613641 -0.0986804 -0.3563795 0.3852433 -0.6374812 -0.3684774 -0.1377765 -0.3618275 -0.4111742 0.4854056 -0.1897138 -0.2713866 0.2478361 -0.7212412 -0.5840405 -0.1601249 0.0119276 -0.4872499 -0.5085863 -0.4471524 0.0814634 -0.3786782 -0.3905478 -0.6312913 -0.6423647 -0.1760565 0.6120233 -0.4713323 0.2975496 -0.5021190 -0.2289585 -0.0785507 0.0427897 -0.3599124 -0.5614783 -0.4767909 -0.4622668 -0.2675664 -0.3137020 -0.0956786 -0.4649706 -0.0849478 -0.5003686 -0.3164288 -0.0054887 -0.5585287 -0.3370768 0.3468087 -0.1557745 -0.2962713 -0.1747458 -0.2106811 -0.2278609 -0.4009764 -0.4298735 0.0070832 -0.5563908 -0.4442181 -0.5346320 -0.4225826 0.0199806 -0.3664353 -0.6154413 -0.4063977 -0.2968697 0.3188663 -0.4120141 -0.2734003 -0.3308444 0.1218891 -0.3245021 -0.2364153 -0.4343867 -0.4338086 -0.1864255 -0.3864329 -0.0540333 0.0035456 -0.2841002 0.0161308 -0.1863809 0.0887973 0.0652435 0.1425896 0.2383246 0.3150715 0.2815169 0.4766335 0.2893587 0.3312462 -0.1654074 0.3674840 0.3529109 0.1931096 0.5466626 0.0064428 0.1261186 0.3869642 0.4058376 0.1828546 0.5041498 0.1186899 -0.0493938 0.0901985 0.2225752 0.0972473 0.2281499 0.4503613 0.4128214 0.2597490 -0.2079082 0.2638505 0.1126826 0.2685102 0.4601151 0.5284873 0.3911668 0.3403954 0.4379976 0.1457863 0.3479441 0.3742477 0.4520219 -0.2613274 -0.0822658 0.3763052 -0.0500774 0.1021327 0.4419924 0.2975636 -0.2116131 -0.1806669 0.3952736 -0.0704137 0.0883562 0.3732211 0.4177236 0.2498224 0.3391988 0.4198921 0.8925835 0.6422746 0.6088719 0.4266010 0.2614566 0.3085148 0.1192929 0.2982788 0.0867221 0.6633381 0.6484404 0.6834902 0.5895141 0.1984606 0.4121639 0.3261081 0.1736071 0.0531334 0.2894818 0.1379904 -0.0179218 0.0365948 0.1998496 0.0930487 0.3165737 0.0091946 0.2761989 0.1660539 -0.2709160 0.3008715 0.0363850 0.3789750 -0.5887686 0.3571679 0.2075339 -0.0084676 -0.7084041 0.1327934 0.0675247 0.2412087 -0.4843727 0.4512309 0.4495815 -0.6762470 0.0458029 0.5178874
0.6606385 0.0000000 0.6138932 0.6595718 0.4175663 0.5777503 0.2502951 0.5261700 0.6490485 0.3899894 0.3648562 0.4997703 0.3394914 0.1593411 0.6528417 0.2013900 0.1772862 -0.0075336 0.1867368 -0.0616804 0.3081247 -0.1190296 0.0821453 0.4328339 0.0268473 -0.0212933 0.1774696 -0.2093832 0.4735653 -0.0510915 -0.1581845 -0.1864031 -0.1875956 -0.0014376 -0.0832920 0.4704035 -0.3559804 0.1194407 -0.0974333 -0.1315168 -0.0152197 0.6108055 -0.0006062 -0.2166889 0.3137230 -0.3810328 -0.3152762 0.1828299 -0.0101725 0.0078121 -0.1663192 -0.2627088 0.1117634 -0.2508417 0.0488713 -0.2188294 -0.3361472 -0.1138094 0.4453980 -0.1023419 0.3025586 -0.1761807 0.0303764 0.1151797 0.0963504 -0.1168822 -0.2052578 -0.2284533 -0.1108291 -0.0885449 0.0695463 0.1102477 -0.0530472 0.1773372 -0.2636206 0.0277106 0.1993842 -0.3183995 0.0827016 0.3143162 -0.1085958 0.0648238 0.3010795 0.1808791 0.1304574 -0.0185837 -0.0054255 0.0955817 -0.1556159 0.0099291 -0.1838146 -0.2398421 0.3110807 -0.2618645 -0.2913843 -0.3500603 -0.1782871 0.3268717 -0.1097482 -0.1399433 0.0413383 0.4419585 0.0923639 -0.0624307 -0.3033472 -0.2080206 0.1834352 -0.0961307 0.1085933 0.3764252 -0.0688961 0.2552384 0.1461332 0.4062928 0.3242600 0.1374380 0.1754258 0.2500046 0.2115888 0.4839128 0.1016934 0.2888199 -0.0142312 0.2383117 0.0188909 0.1525689 0.5086231 0.1502966 0.1002899 0.4348935 0.2608724 0.1768268 0.3168383 -0.0564817 0.0829361 0.2168298 0.1707935 0.0368568 -0.1562166 0.3572697 0.1892385 0.2037805 0.0502182 0.4910042 0.3316124 0.3190473 -0.0393338 0.1545747 0.1981291 0.3345531 0.3970344 0.3214939 -0.0100589 0.3510334 0.0984099 0.0576799 -0.0880249 0.2785665 -0.0800738 0.1991632 0.2230819 0.2497175 -0.1270229 -0.0247695 0.1444601 0.0966951 0.1031197 0.3189122 0.4212188 0.2793352 0.3171420 0.2865563 0.5137413 0.1528669 0.6270855 0.3233804 0.0587101 -0.0115749 0.0757381 0.1508806 0.0167296 0.5719386 0.6415154 0.6740234 0.4698080 0.0770618 0.3061632 0.2560843 0.1577165 -0.0918858 0.4845258 0.0089544 -0.3181481 0.4748047 0.4039431 0.3266498 0.2262746 -0.2609355 0.0927591 0.2214560 -0.2273751 0.3759187 0.5195247 0.5439500 -0.1446382 0.4020903 0.2258396 0.0291739 -0.3989703 -0.0249322 0.4839362 0.1014493 -0.0230352 0.5015287 0.3508925 -0.1881475 0.4859921 0.4884313
0.2591392 0.6138932 0.0000000 0.6052165 0.6106500 0.5171587 0.1790066 0.6550153 0.4708559 0.4051907 0.4458499 0.3491197 0.6662789 0.0634698 0.4377352 0.2094049 0.2137423 -0.1468031 0.2455587 0.2553889 0.1980611 0.0721628 0.1024979 0.1691647 0.1920989 -0.0704089 0.2967167 -0.3591577 0.2170076 -0.0683898 0.1060317 0.1545945 -0.3457587 -0.1914976 -0.1284344 0.1662424 -0.1435608 0.3850653 0.0656752 -0.0004661 0.1877745 0.2497124 -0.0487993 -0.2859280 0.0863192 -0.0938218 -0.1331418 0.4300425 -0.2567494 0.3808973 -0.0360881 -0.1168025 -0.1260402 -0.3516660 0.3904894 0.2195748 -0.0789669 -0.3842112 0.1283465 -0.0180822 0.0307740 -0.1596747 0.3094798 -0.0744218 -0.1423301 0.1830337 -0.1363194 -0.3881162 0.3364387 -0.2327835 0.2914998 -0.1011916 -0.1170162 -0.0356223 0.2741143 -0.0564617 0.0611204 0.1390855 0.1490201 0.1863807 0.0492421 0.0658353 0.1872753 0.1001594 0.1217577 0.2118149 0.2384622 -0.0588537 0.1330779 0.0935724 -0.0838613 0.0046726 0.1790514 -0.1539522 -0.4165151 -0.2300190 -0.1425628 0.1955676 -0.0963257 -0.1026250 0.0856357 0.4923718 0.1248497 -0.0951164 -0.1515150 -0.0404875 0.3097679 -0.1645341 0.2130047 0.3348158 0.2617846 0.2732804 0.0024989 0.2828808 0.5828838 0.2085849 0.3599941 0.3429109 0.4307341 0.4218774 0.3154289 0.2579872 0.1985978 0.1720887 0.2084003 0.3256176 0.2783949 0.5543389 0.4033785 0.2426498 0.3852791 0.5585839 0.1272689 -0.1796511 0.3694494 0.4630493 0.2034564 0.3052056 0.0106477 0.0626638 0.3708549 0.3848956 0.2894287 0.6047960 0.4383469 0.5884258 -0.0010968 0.1364381 0.2752135 0.4454199 0.1285632 0.4136745 0.1913663 0.4490596 0.2190619 0.3457683 0.1896940 0.4528726 0.0225097 -0.0650397 0.3056059 0.2661993 0.0280967 0.1554989 0.2797070 0.2556497 0.1451548 0.3010394 0.3210391 0.2732229 0.5407111 0.3929735 0.1955571 -0.0427357 0.1247592 0.0924818 -0.0082441 0.0096880 0.0138958 -0.0005032 -0.0121399 0.1599235 0.2237616 0.2978637 0.1904183 -0.2157466 0.2604257 0.2580652 0.0349066 -0.1585787 0.2864406 -0.0450240 -0.2191929 0.2443986 0.4107832 0.3478137 0.1502528 -0.1213569 -0.0375801 0.3645284 -0.3964357 0.0778650 0.4039811 0.2837826 -0.0009878 -0.0555577 0.4095749 0.3336159 -0.1136406 -0.3605309 0.3031818 -0.2476462 0.1135507 0.2100914 0.1163652 0.2335255 0.2677877 0.1888529
0.2002860 0.6595718 0.6052165 0.0000000 0.3699769 0.8620203 -0.0481281 0.8252232 0.8396410 0.7839464 0.8191760 0.2845759 0.5271075 0.4985058 0.6758582 0.4334763 0.5478854 0.1318133 0.4186912 0.0993456 0.2811331 0.2620687 0.3336915 0.7218899 0.2612138 0.2499439 0.3805585 -0.0466894 0.5417972 0.1666693 0.2181790 -0.0760582 0.2821562 0.4682302 0.2566602 0.3493084 -0.0679104 0.2891963 0.2156062 0.2058005 0.0545165 0.5066791 0.3410738 0.0962188 0.5963611 -0.0498294 -0.0251839 0.1901777 0.4149780 0.2230204 0.1823434 0.1704588 0.5410454 0.1704337 0.3060829 0.0999611 0.0055134 0.2893372 -0.0708638 0.3055551 0.3343183 0.2753505 0.0894911 0.5593882 0.3790375 0.0366303 0.1694807 0.2006756 0.1007111 0.4063206 0.1985069 0.5120716 0.3707977 0.3636957 -0.0077582 0.4330649 0.5718074 0.0489480 0.2573112 0.3246022 -0.1183755 0.4439464 0.4540938 0.0671064 -0.0648616 -0.0906005 -0.0654266 -0.0685305 -0.1165815 -0.1235589 -0.2190571 -0.1704451 0.0311662 -0.1555520 -0.2247408 -0.3335415 -0.1153302 -0.0772391 -0.2735356 -0.0428156 -0.0520724 0.1326403 -0.0219958 0.1147848 -0.3760518 -0.2495816 -0.1025355 -0.1849465 -0.0293382 0.0130680 -0.1501018 -0.0769007 0.1473510 0.1337305 0.3040668 -0.1009231 -0.1733929 0.0430972 -0.1800388 0.1849402 -0.2136889 -0.1554653 -0.1846109 0.3301814 -0.0584318 0.0284472 0.0835771 0.1176314 -0.0977019 0.3480660 0.0191851 0.1082114 -0.0543936 0.1173747 0.1751616 0.2877614 0.0162647 -0.2534686 -0.4922577 0.1681690 0.0914698 -0.0110017 0.1480792 0.3432122 0.2652274 0.2259038 -0.2800938 -0.0086510 0.1202519 0.2309759 0.2377962 0.3457719 -0.0543645 0.2096044 -0.2649618 0.2912653 -0.1095428 0.1820989 -0.0054651 -0.0308947 -0.0617124 0.0534974 0.1428136 -0.0244546 -0.0843836 0.2870671 0.1909185 0.1988473 0.2691754 0.0714208 0.1473352 0.0844855 0.0008756 -0.4132545 0.2079722 -0.0023197 -0.3662263 -0.2223111 0.1673041 0.0377217 -0.0916619 0.0518352 0.0385197 0.0750482 -0.0245168 0.0188692 -0.0665380 -0.1484693 0.0896230 -0.1241815 0.4370277 0.0656270 -0.5791332 0.5561202 0.3722581 0.2614800 0.0578773 0.2001538 0.1468740 0.0289537 -0.0611726 0.0298261 0.5634231 0.4493518 -0.1078008 0.0036765 -0.0546984 0.4183799 -0.1159989 -0.0262515 0.4479496 0.0771577 -0.0661120 0.5189270 0.3774210 0.3116283 0.3006879 0.0532985
0.2475417 0.4175663 0.6106500 0.3699769 0.0000000 0.3577696 0.3509666 0.3943395 0.0280575 0.2587540 0.3145638 0.6865088 0.6758528 0.1163335 0.2428306 0.2175452 0.2590809 -0.1552763 0.1533652 0.4006455 0.4827515 0.0694937 0.2335173 0.2122386 0.0327639 0.0028297 0.3541763 -0.1668932 0.4519022 0.1094936 0.2113358 0.2542648 -0.1675721 0.0625549 0.0170565 0.2625595 -0.0079260 0.3550878 0.1720874 -0.2443490 0.3632396 0.5519203 0.0942282 -0.2368886 0.3732334 -0.1630405 -0.1380636 0.5772020 -0.0388935 0.1443932 -0.1345930 -0.0951740 0.1420734 -0.2256122 0.4662080 0.1498199 0.0224143 -0.0772380 0.4982520 -0.0109740 0.6111304 -0.1151266 0.5475313 0.1809631 0.2260478 0.5011786 -0.0686685 -0.2427652 0.4259255 -0.0419967 0.4874046 0.0929835 -0.1527182 0.4461334 0.0614212 0.0316614 0.3972535 -0.0449948 0.1567039 0.5696284 0.2314808 -0.0754732 0.0040566 -0.0004371 -0.0641904 -0.0522009 -0.1490033 -0.3364082 -0.0794278 -0.1412221 -0.3270555 -0.3496471 -0.0544602 -0.1338573 -0.4035615 -0.0844931 -0.1446852 0.2057528 -0.1981988 0.1234005 -0.0785430 0.3341000 -0.1823893 0.0414915 -0.1881060 0.0057625 0.0942505 -0.2572145 -0.0097454 -0.0314597 -0.0641374 0.2096590 0.1950753 0.1210718 0.4796353 0.4377698 0.4038092 0.7074237 0.5014147 0.7796642 0.5606995 0.3189842 0.1362559 0.5971489 0.3413661 0.4022060 0.4667111 0.2224929 0.3318328 0.4900393 0.4702778 0.1500414 0.1405585 0.1330565 -0.1430345 0.1975379 0.2473151 0.1398664 0.1066736 0.4027795 0.1523702 0.2500062 0.0569558 0.4548174 0.2350290 0.3161247 0.1216621 0.2703758 0.0365952 0.4077138 0.3522752 0.2918014 0.1214831 0.1314897 0.3165316 0.1758410 0.1564852 0.2003641 -0.0100906 0.2007194 0.3749700 0.2914733 0.2725741 0.2981212 0.2247049 0.2642024 0.2900408 0.1264505 0.3732459 0.3049624 0.3176648 0.1756021 0.4143704 0.1128138 0.4137781 0.5028071 0.3099368 0.0908543 0.0438675 -0.0424833 -0.2176640 0.2815266 0.5210967 0.5127518 0.6169751 0.2715559 0.6159012 0.5648186 0.4744660 0.1917927 0.6055191 0.3471428 0.0455181 0.3833586 0.5188008 0.6067405 0.5426907 -0.0452730 0.3861703 0.3648917 -0.1563740 -0.0330110 0.1122277 0.3533074 0.2736458 0.2134773 0.3629257 0.3798205 -0.2141928 0.1028678 0.0016204 0.2662680 0.3038884 0.5041644 0.5981534 0.2282104 -0.2341234 0.2174155
0.1252510 0.5777503 0.5171587 0.8620203 0.3577696 0.0000000 0.3547134 0.8617767 0.6683590 0.9472525 0.9365316 0.4613660 0.6007898 0.6796862 0.8228130 0.7581742 0.8452987 0.4466943 0.5341122 0.1246614 0.4963924 0.4506171 0.6933378 0.8498055 0.5144395 0.5459356 0.7180270 0.2201668 0.6745596 0.4780182 0.2811213 0.1310544 0.4518030 0.5599287 0.5468784 0.5503598 0.1215539 0.3493850 0.5365820 0.4237527 0.0575931 0.5808010 0.6548103 0.2858837 0.5257797 0.0288937 0.0442812 0.1230778 0.5223490 0.0600827 0.2926811 0.4281814 0.5672807 0.3063129 0.1462292 0.0521053 0.0254975 0.4265140 -0.2036973 0.4203838 0.3499356 0.4426690 -0.0073918 0.6874535 0.4961008 -0.0849353 0.2720920 0.4397372 -0.0050019 0.5717666 0.0918060 0.6747340 0.5548161 0.5399002 -0.1069937 0.5877224 0.6900758 0.0653244 0.4876203 0.4347320 0.1434521 0.6768719 0.6404431 0.3300598 0.1988108 0.1107025 0.0916506 0.1311614 -0.0094931 -0.0005486 -0.2902366 -0.1253093 -0.0924246 0.1329501 -0.1427515 -0.2063186 -0.1139235 -0.2762790 -0.2366377 0.2596380 0.1516701 0.1183218 0.0736339 0.4398775 -0.2786469 -0.1422025 0.0320563 -0.0420879 -0.1226744 0.1665921 -0.1831232 0.0746042 0.4063240 0.2256430 0.4730653 0.0476661 -0.1181569 0.0160774 -0.1810734 0.2610448 -0.1291821 -0.1196684 0.0733017 0.3196428 0.0919091 0.0017723 0.1605897 0.1653758 -0.0574853 0.4669741 0.0617483 0.0138731 -0.0288377 0.3228116 0.2130421 0.3944354 0.1544468 -0.1274359 -0.4331182 0.3635117 0.1115183 0.0828314 0.2569833 0.4366244 0.4170885 0.2712919 -0.1793782 0.1099689 0.1104397 0.2905890 0.4369932 0.4428216 -0.0802123 0.2087189 -0.0861625 0.4801207 0.0001443 0.1463199 0.0707630 0.2303444 0.0452299 0.1656155 0.3511944 0.2818622 -0.0144800 0.3903643 0.4120956 0.2089090 0.4170507 0.2861059 0.1222696 0.0065027 -0.0115417 -0.3145594 0.3868391 0.2574015 -0.0949293 -0.0033711 0.4365697 0.1630655 0.1298815 0.1936443 0.0072728 0.0852026 -0.0687094 0.1997922 -0.2371280 -0.2100603 0.3290851 0.0509763 0.4682444 0.3009135 -0.2996023 0.6433201 0.2844625 0.2561851 0.2548481 0.3268945 0.3302330 0.0860482 0.1131456 -0.0611317 0.4948476 0.4711588 0.0336779 0.2794700 -0.0675341 0.2994082 -0.2735821 -0.0405603 0.3043926 0.2868250 0.0042008 0.5139484 0.3323228 0.2517640 0.3373652 0.1780304
0.1792969 0.2502951 0.1790066 -0.0481281 0.3509666 0.3547134 0.0000000 0.1889886 -0.1218263 0.3093016 0.1896497 0.7225170 0.2343805 0.2344606 0.4868227 0.5142598 0.4367342 0.2211061 0.2681873 0.0760749 0.6314713 0.1297420 0.5287162 0.1807893 0.3447192 0.3198567 0.5734695 0.2101218 0.3409258 0.4580642 -0.0204920 0.2414805 -0.0463239 -0.0908618 0.3016673 0.5318854 0.0361418 0.0949768 0.4662442 0.1570672 0.0183267 0.2871934 0.4053939 -0.0207835 -0.1261455 -0.1578989 -0.1664429 0.0538483 -0.0190604 -0.3464523 -0.0864442 0.1527338 -0.0378501 -0.1057996 -0.2510159 -0.2864671 -0.2039856 -0.0006253 0.1268380 -0.0608428 0.2927321 0.0243547 -0.1473928 0.2104493 0.2613622 -0.1481759 -0.0368694 0.1346257 -0.2211469 0.1282697 -0.0338958 0.2603486 0.0904118 0.4101644 -0.2888714 0.1404685 0.3069910 -0.1677231 0.3970013 0.5272234 0.5558803 0.2453835 0.3944211 0.6241518 0.5856938 0.3627307 0.1960861 0.2858253 0.1688357 0.2336627 -0.1620993 -0.0269591 -0.0773296 0.3698281 0.0249005 0.2054051 0.0115362 -0.1225018 0.0582859 0.5409516 0.4201671 0.2015130 0.2636379 0.5549615 0.1208606 0.2432909 0.3284049 0.3212427 -0.0688081 0.4094944 -0.0153883 0.3463011 0.5592272 0.4268653 0.4102492 0.5721300 0.4135647 0.2810369 0.3447356 0.4290470 0.4266055 0.3921501 0.6147697 0.1943407 0.3634997 0.0302362 0.5714112 0.4170645 0.2106397 0.5352510 0.4610351 0.0387024 0.3655865 0.3494627 0.1790273 0.3934914 0.4520317 0.3418896 0.2580032 0.5091935 0.2631902 0.2624466 0.4503218 0.4818686 0.5209960 0.3447570 0.3626812 0.4741711 0.1487042 0.2212193 0.4649278 0.4401559 0.1216211 0.2744554 0.6216822 0.4866293 0.4253020 0.2661816 0.2898975 0.6328437 0.5589550 0.3614985 0.4575956 0.7573614 0.4143484 0.4141589 0.5425144 0.1846916 0.6612923 0.6734188 0.2961333 0.1725047 0.3498808 0.2931992 0.7158577 0.8532632 0.7964265 0.5183647 0.5219335 0.3383646 0.4373021 0.5128587 0.3606725 0.4142769 0.3216414 0.4770190 0.1412334 0.3121395 0.7008785 0.4913049 0.2487191 0.6298457 0.5673724 0.3685693 0.0009323 0.2269957 0.5064002 0.0216471 0.4796057 0.1499960 0.0919211 -0.2152591 0.0406716 0.2449710 0.3150280 0.7448351 0.0516307 -0.2336693 -0.5456078 -0.1460674 -0.1512341 0.4312602 0.3279764 0.0990622 0.0074843 -0.1917733 0.1459425 0.6674846
0.0485348 0.5261700 0.6550153 0.8252232 0.3943395 0.8617767 0.1889886 0.0000000 0.5740885 0.8253795 0.8785157 0.1992161 0.7420853 0.3182503 0.5617563 0.7171550 0.6054045 0.1529799 0.7219665 0.1791656 0.2757826 0.5986635 0.5483037 0.5471725 0.6265502 0.4587758 0.4633687 -0.2191550 0.3947812 0.1009049 0.4753656 0.2378938 0.1079599 0.2707018 0.3150235 0.4282615 0.1031902 0.5676526 0.2633108 0.1788967 0.1303412 0.3589054 0.4623239 -0.0982829 0.2343967 0.1376038 0.0192939 0.2021360 0.1720012 0.4322884 0.1606786 0.2230088 0.2565826 0.0093022 0.4407299 0.3478002 0.0586495 0.0774830 -0.2315212 0.2534410 0.1077935 0.2548336 0.2023522 0.3921102 0.1705762 0.0090339 0.1815962 0.2322224 0.3228848 0.3174965 0.2848535 0.3915549 0.4637695 0.2920707 0.2158781 0.5651557 0.4407687 0.3458721 0.6262084 0.2936688 0.2180799 0.5615002 0.6060551 0.2075954 0.1722454 0.1837255 0.2630661 0.1268341 0.0551292 0.0309766 -0.1720918 -0.0316554 0.1278286 -0.0023326 -0.2644848 -0.1483706 0.0673260 -0.1648025 -0.1949099 0.1233250 0.1438214 0.2674104 0.2036539 0.1756157 -0.1068462 -0.0172026 0.1176677 -0.0433923 -0.0452810 0.1961879 0.0288143 0.0340833 0.2375560 0.2379081 0.4507256 -0.0472287 -0.0936476 0.0353395 -0.1691715 0.1591059 -0.1527579 -0.0709046 0.1103349 0.0494316 -0.0569801 -0.0464598 0.1367525 0.3384143 -0.0991923 0.2662043 -0.0669455 0.2212692 -0.0744910 0.1364887 0.3729087 0.4386613 -0.0054688 -0.1352219 -0.4694288 0.1622729 0.1650529 0.1114066 0.3122982 0.3938461 0.2681083 0.2930106 -0.2289140 0.0908894 0.1332433 0.2854032 0.3113055 0.3084507 -0.0958370 0.2792034 -0.0746316 0.4685852 0.0876304 0.2069429 0.1352481 0.0876191 0.0819792 0.1406391 0.1286942 0.2356994 -0.0190198 0.2846116 0.3042513 0.2055574 0.2542732 0.2224856 0.2272723 0.0721995 -0.0387660 -0.2240568 0.2498406 0.0946883 -0.1723690 0.0585727 0.3611177 0.1410404 0.0563204 0.1478451 -0.0448220 0.0744323 -0.0493146 -0.0727334 -0.2053388 -0.1583890 0.1053850 -0.1573397 0.2711688 0.0862385 -0.3634902 0.3905085 0.1529719 0.0509835 0.0490072 0.1239217 0.1572735 0.0720517 -0.2074497 -0.0277634 0.3822371 0.1773105 -0.0398715 0.0435917 0.0125648 0.2248006 -0.2238786 -0.1772088 0.2621193 -0.0010527 -0.0042192 0.2935154 0.1700623 0.3359180 0.2234181 -0.0400326
0.3205881 0.6490485 0.4708559 0.8396410 0.0280575 0.6683590 -0.1218263 0.5740885 0.0000000 0.5960538 0.5510103 0.1944317 0.0957528 0.4651369 0.6980992 0.1276797 0.3011782 0.1894844 0.1903689 -0.1998981 0.1786024 -0.0588755 -0.0108274 0.6163039 0.0105057 -0.0698221 0.1243233 -0.0353265 0.4010808 -0.0059427 -0.1238847 -0.4422143 0.2299174 0.3198804 -0.0256808 0.2480396 -0.3575565 -0.0966187 0.0050400 0.1624079 -0.2985436 0.2901161 0.0282232 0.1313796 0.4206884 -0.2475227 -0.2396649 -0.1914719 0.3449933 0.0223857 -0.0457312 -0.0715171 0.4397879 0.0498514 -0.1000290 -0.2019365 -0.2494340 0.1791818 -0.0915576 0.0372882 0.1728176 0.0163587 -0.2762367 0.3814626 0.3016342 -0.3028395 -0.0865653 0.0746423 -0.2633745 0.2159679 -0.1606126 0.3249326 0.1723201 0.1376075 -0.2063942 0.1942753 0.3076151 -0.1430296 -0.0085016 0.2083956 -0.2413926 0.1876530 0.2499978 -0.0134859 -0.0811217 -0.1260173 -0.0707320 -0.0377335 -0.1391984 -0.1014730 -0.1306342 -0.1211759 0.0045416 -0.3255888 -0.1430082 -0.4269669 -0.3557493 -0.0952633 -0.2101492 -0.3011017 -0.1384144 -0.0059129 0.0232781 -0.1078964 -0.4753734 -0.3736997 -0.1601163 -0.1993415 -0.0566560 0.1065597 -0.1370649 -0.2167923 -0.0928172 0.1819023 0.1641977 -0.1933190 -0.0968155 -0.1126148 -0.1807625 -0.0457062 -0.3220810 -0.1441053 -0.3367965 0.1045268 -0.0746572 -0.1079786 -0.0397635 0.0670253 -0.1596633 0.0966392 -0.0792916 0.2025167 0.0707995 -0.0887615 0.3690849 0.2076285 -0.1237932 -0.2618669 -0.3758850 -0.0611971 0.1648915 -0.1386314 0.2042317 0.1920577 0.1814396 0.1229548 -0.1851278 -0.0015692 0.2817175 -0.0062673 -0.0056219 0.1736633 -0.0036621 0.2808829 -0.2539702 0.1499629 -0.1392366 0.2262671 0.0460976 -0.1572549 -0.0427812 -0.0991107 -0.1220387 -0.2359961 -0.0395091 0.1167007 -0.0851572 0.2983790 0.2238485 -0.0500523 0.1721783 0.2126268 0.0413386 -0.3405949 0.1753121 -0.1335637 -0.3587255 -0.1997701 0.1515873 0.1501227 0.0213338 0.0292092 -0.0052666 0.0081300 -0.1201832 0.0473271 -0.0729310 -0.0963109 -0.0180221 -0.1296330 0.1060883 0.0363971 -0.5317952 0.3702225 0.1621821 0.0965699 -0.1805375 0.1741437 0.0646784 -0.1370194 -0.0743367 0.0313603 0.4165539 0.2995687 -0.3205968 0.0413212 -0.2016576 0.1120949 -0.1305907 -0.1380833 0.3443278 -0.1007830 -0.1853050 0.3535283 0.1179067 -0.0509896 0.6033520 0.1549787
0.0577238 0.3899894 0.4051907 0.7839464 0.2587540 0.9472525 0.3093016 0.8253795 0.5960538 0.0000000 0.9314922 0.3839102 0.5967467 0.7447185 0.7311349 0.7321596 0.8536294 0.5022608 0.5404764 0.2404383 0.5005737 0.5346846 0.6820883 0.8515163 0.5254642 0.5078068 0.6713456 0.2280653 0.6689880 0.4834630 0.4192144 0.0730508 0.5137443 0.6168248 0.5177460 0.5451611 0.0740887 0.3159568 0.6147164 0.3825665 -0.0238891 0.5424874 0.6915554 0.3042985 0.5381973 0.0008777 -0.0112886 0.0591335 0.6138769 0.0613282 0.2253611 0.4526030 0.6380817 0.3610434 0.1467410 0.0295956 -0.0329350 0.5003836 -0.2992469 0.3475878 0.3441346 0.4168030 0.0227870 0.7449643 0.5475248 -0.1678701 0.1989746 0.4733002 0.0001290 0.6589056 -0.0037147 0.7480255 0.5179669 0.5616134 -0.0943828 0.5896293 0.7483101 0.0728557 0.4688859 0.4607862 0.1821753 0.6723920 0.5855768 0.2508705 0.1158754 0.0736858 0.0225311 0.0739455 -0.0948161 -0.1470586 -0.3314552 -0.0410172 -0.2243116 0.0627800 -0.1493395 -0.0971380 -0.0851693 -0.4195275 -0.3496801 0.2048746 0.0239649 0.0160412 0.0088100 0.3919747 -0.2665144 -0.1525632 -0.0740228 -0.1151948 -0.2480358 0.1013677 -0.2230884 -0.0556135 0.3576426 0.1179629 0.4280686 -0.0316876 -0.1700975 -0.0075463 -0.2655904 0.1653827 -0.2249283 -0.2235112 0.0332804 0.2734366 0.1080915 -0.1274728 0.0536388 0.1603288 -0.1638761 0.4251055 -0.0232126 0.0049697 -0.1158289 0.3434943 0.2264856 0.3843338 0.0844694 -0.1969374 -0.4931659 0.2673411 0.1406492 0.0059341 0.2912703 0.3049039 0.3109768 0.1792158 -0.1391667 0.1372588 0.1944834 0.2179845 0.3740011 0.4313983 -0.0393059 0.2273098 -0.0594745 0.5724293 0.1203285 0.1519236 0.1871812 0.1833815 0.0595186 0.1220613 0.3806938 0.2819629 -0.0024295 0.4616063 0.4638398 0.2514673 0.4079707 0.2432449 0.1154206 0.0189546 -0.0517009 -0.3260222 0.2886410 0.1896902 -0.1325041 0.0526825 0.5132150 0.2233722 0.1902738 0.1509491 -0.1365298 -0.0181453 -0.1503108 0.2422225 -0.3150149 -0.2742349 0.3550784 0.1281865 0.3843133 0.3375595 -0.2960355 0.5500115 0.1427859 0.0953065 0.1491433 0.4691957 0.4050626 -0.0667979 0.0604582 -0.2688143 0.2885623 0.2810123 -0.0022464 0.1892618 -0.2117200 0.3028785 -0.2721664 -0.0609433 0.1244148 0.2782779 -0.0710723 0.4958239 0.3182659 0.2603293 0.1825132 0.0292444
-0.0201743 0.3648562 0.4458499 0.8191760 0.3145638 0.9365316 0.1896497 0.8785157 0.5510103 0.9314922 0.0000000 0.2918752 0.6491113 0.6368781 0.6383914 0.7957788 0.8623665 0.3958706 0.5993738 0.1855393 0.4444307 0.5910785 0.7420028 0.7948621 0.5952994 0.6108305 0.7138824 0.1689914 0.6229736 0.4614376 0.3886098 0.2403733 0.4910617 0.6216112 0.5968074 0.5204073 0.2546867 0.4347694 0.5612490 0.4218140 0.0881858 0.4966872 0.7208881 0.2569066 0.5046338 0.1811452 0.1612287 0.1282701 0.5343508 0.1851047 0.3587777 0.5010548 0.6026298 0.3331950 0.2742081 0.2329890 0.1704126 0.4211939 -0.3799912 0.4971596 0.2722730 0.5252995 0.0574955 0.6967441 0.4752194 -0.0066631 0.3678556 0.5366602 0.1345073 0.6420509 0.1571009 0.6740293 0.6562195 0.4905804 0.0411345 0.7192106 0.6855606 0.2719928 0.5733807 0.3837001 0.2102133 0.7289154 0.5994465 0.2142115 0.0885089 0.0119589 0.0776952 0.1408515 -0.0885262 -0.1138955 -0.3676080 -0.0891459 -0.1626216 0.1465750 -0.2158418 -0.2480753 -0.0525304 -0.4039246 -0.3517433 0.2583560 0.0236386 0.0156388 -0.0286718 0.3951987 -0.2951849 -0.2146478 -0.1031703 -0.0938455 -0.2315503 -0.0165800 -0.2522297 -0.0722120 0.3358823 0.0638564 0.3522221 -0.1393825 -0.2957299 -0.0968799 -0.3537061 0.1241160 -0.2448186 -0.2677806 -0.0086631 0.2563347 0.0160492 -0.0405858 0.0505541 0.0910617 -0.1359032 0.3966908 -0.0695861 -0.0355212 -0.1215775 0.3436228 0.1755944 0.3691161 0.0647299 -0.2490013 -0.4693824 0.2992606 0.0624603 0.0130182 0.2035807 0.2816157 0.2454035 0.2082596 -0.2378491 0.0574955 0.0532132 0.2532545 0.3871465 0.3266993 -0.1317423 0.1254797 -0.1955884 0.4831741 -0.0233008 0.0297694 0.1184052 0.1098596 -0.0872353 0.0661149 0.3114284 0.2502514 -0.1364021 0.3453508 0.4035231 0.1173410 0.2683746 0.1537181 0.0124128 -0.1225134 -0.1525580 -0.3273562 0.2069717 0.1303001 -0.2541832 -0.0001679 0.4790227 0.1669563 0.1040849 0.0765102 -0.2088182 -0.1232727 -0.2437394 0.1388695 -0.3624264 -0.3270497 0.2112570 -0.0851734 0.4028467 0.2367582 -0.3588255 0.5435018 0.2043750 0.1419967 0.2066016 0.4209391 0.3529453 0.0258595 0.1113194 -0.1388083 0.3978999 0.3410010 -0.0430966 0.1230290 -0.1306184 0.3812705 -0.1783767 0.0383409 0.2140115 0.3106990 -0.0303357 0.4443610 0.3485064 0.3714677 0.1519427 -0.0351680
0.4562433 0.4997703 0.3491197 0.2845759 0.6865088 0.4613660 0.7225170 0.1992161 0.1944317 0.3839102 0.2918752 0.0000000 0.2794443 0.4654139 0.6085939 0.2531521 0.4343353 0.1356256 -0.0007151 0.1342053 0.8523932 -0.1661758 0.3205896 0.4542932 -0.0704602 -0.0144497 0.5259567 0.2067687 0.7260779 0.4339479 -0.1662777 -0.0911691 0.0647916 0.1826947 0.1137912 0.6153896 -0.2498612 -0.1010867 0.3999843 -0.0627604 -0.0278339 0.6863262 0.2359609 0.0183899 0.4249541 -0.4881985 -0.3854238 0.1765324 0.2414165 -0.4087593 -0.2681057 -0.0674394 0.3870624 -0.1138506 -0.1629200 -0.4635618 -0.3336970 0.1388618 0.4460472 -0.1323019 0.7694808 -0.1303935 0.0061230 0.4459763 0.5774578 -0.0138509 -0.2204822 -0.0125325 -0.2533521 0.1908783 -0.0180685 0.3849546 -0.1086614 0.6341570 -0.5124177 0.0541543 0.5766388 -0.4750546 0.0607259 0.8127285 0.3157482 0.0197518 0.1160008 0.2981800 0.1654400 -0.0956364 -0.2580160 -0.0772677 -0.2322672 -0.1653435 -0.4767403 -0.3048955 -0.2903652 -0.0474583 -0.2136782 -0.1232929 -0.3612295 -0.0613565 -0.2938568 0.2248263 -0.0588049 0.1077895 -0.1702720 0.2787731 -0.3840564 -0.1883638 -0.0263676 -0.1461034 -0.2561022 0.0996847 -0.3354831 0.1173905 0.3429561 0.2326292 0.3726793 0.4687166 0.3970875 0.5257144 0.3931472 0.6917339 0.4236383 0.2949612 0.1461396 0.6152532 0.4449208 0.1873384 0.5743235 0.1786944 0.2215322 0.6879382 0.5420199 0.0027294 0.3964338 0.2701621 -0.0558222 0.2954950 0.3894584 0.1149827 0.2000201 0.5453597 0.2611237 0.1283638 0.2648677 0.4169282 0.3929600 0.2999286 0.3252329 0.4512276 0.2286629 0.2432024 0.4396147 0.4243103 0.1727566 0.2705163 0.4503539 0.3525985 0.2731713 0.2475691 0.2202903 0.4396435 0.4754607 0.2655179 0.3863772 0.4602021 0.3411660 0.4311046 0.4340011 0.2938407 0.7446488 0.4782636 0.3043874 0.2491033 0.5779219 0.2348556 0.7758389 0.8263222 0.5709597 0.2791080 0.4232766 0.3235414 0.1809815 0.5569876 0.5749932 0.5545002 0.5462442 0.7094021 0.5333059 0.5850181 0.7927525 0.4693375 0.5763664 0.7050885 0.2354175 0.5887849 0.3465566 0.5669412 0.6078216 0.1228542 0.6906362 0.1318971 0.0471143 -0.2509103 0.0785889 0.4901768 0.1801619 0.7207768 0.0357626 0.0663632 -0.5259177 0.0831752 -0.1160542 0.5762275 0.2977744 0.5645068 0.5142360 -0.1907428 0.0650164 0.6675000
0.0387047 0.3394914 0.6662789 0.5271075 0.6758528 0.6007898 0.2343805 0.7420853 0.0957528 0.5967467 0.6491113 0.2794443 0.0000000 0.2380751 0.2918399 0.5564355 0.5239278 0.1129581 0.4545892 0.6642284 0.2381962 0.5738068 0.5484769 0.3506925 0.4883789 0.3959990 0.5161770 -0.1172279 0.3414285 0.2189925 0.5978163 0.4749373 -0.0134102 0.1736446 0.3288825 0.2661399 0.2329860 0.7096281 0.4264481 0.1261722 0.4195108 0.4462302 0.4659970 -0.0898080 0.2902911 0.1588951 0.1491435 0.6095727 0.0692601 0.4409300 0.2343564 0.3274526 0.1234581 0.0889880 0.6639233 0.4523680 0.1635819 0.0433351 0.0457483 0.2870921 0.1944943 0.2252053 0.6370660 0.2332633 0.0882635 0.3313212 0.1439581 -0.0390871 0.5954585 0.1374572 0.4099907 0.2708045 0.1503678 0.3315789 0.3337154 0.2432435 0.4248737 0.2683882 0.4446308 0.3168111 0.2432588 0.3910019 0.4123089 0.1717257 0.1197699 0.2502468 0.1721841 0.0311409 0.0963158 -0.0244985 -0.1725560 0.0408648 0.0799145 0.0742280 -0.3216568 0.1231511 0.2050045 0.0357740 -0.1470308 0.2285122 0.0964227 0.4550027 0.0289207 0.1659525 0.0732442 0.1732972 0.3050499 -0.1101981 0.1010192 0.1988371 0.1415509 0.3511896 0.3812436 0.1896062 0.6135305 0.2295166 0.1274417 0.3512598 0.2158613 0.5312571 0.2736324 0.1976919 0.2908925 0.3409252 0.1910107 0.2530497 0.2881000 0.3033565 0.1937279 0.4149032 0.2510197 0.1847304 -0.1177902 0.2727909 0.0148083 0.3230912 0.2300684 0.1205569 -0.2288007 0.3018420 0.2014789 0.3577502 0.0776860 0.4755570 0.2626037 0.3825199 -0.0584864 0.1527146 0.1114252 0.5466786 0.3857887 0.4436196 0.1026257 0.2496725 0.1914595 0.4003660 0.1704123 0.2570370 -0.0062921 0.0653847 0.2394504 0.3777707 0.3474587 0.2390838 0.1713749 0.3947275 0.5053293 0.2006802 0.2317020 0.3128448 0.3179904 0.1111443 0.0870973 -0.0765750 0.1461633 0.1830110 0.0223838 0.1651586 0.1412287 -0.0262639 0.0352428 0.1901779 0.1144467 0.2618382 0.2068097 -0.1067274 0.0373560 0.0039282 0.2602387 0.0586267 0.5542423 0.1011223 -0.1426066 0.2509335 0.3789405 0.2044888 0.3499001 0.1635837 0.1841794 0.3357231 -0.1191458 0.0555327 0.3141392 0.2964850 0.2219776 -0.0117481 0.2963727 0.5081110 -0.1060406 -0.0389140 0.2323791 0.1138074 0.0623827 0.4373281 0.3814845 0.5015327 -0.2031090 -0.0960934
0.1167546 0.1593411 0.0634698 0.4985058 0.1163335 0.6796862 0.2344606 0.3182503 0.4651369 0.7447185 0.6368781 0.4654139 0.2380751 0.0000000 0.6364658 0.3951165 0.8115216 0.7548652 0.0162004 0.2906418 0.5593422 0.1716630 0.5291878 0.8744943 0.0839782 0.2952496 0.6906014 0.7057855 0.7120867 0.7666737 0.0699609 -0.1842091 0.7518664 0.7476894 0.5544390 0.4120725 -0.0004359 -0.1405010 0.7698898 0.5215264 -0.2623363 0.5300402 0.6353302 0.6882948 0.6999512 -0.1748350 -0.0422211 -0.1894446 0.8492772 -0.3473582 0.2338586 0.5371312 0.8123093 0.6541185 -0.2583550 -0.3109533 -0.1221103 0.7625885 -0.1592678 0.3590073 0.5431397 0.4363976 -0.1862898 0.8210894 0.8162802 -0.2745360 0.1414134 0.4633500 -0.3176401 0.6496969 -0.2803649 0.7851024 0.3256130 0.6633594 -0.3402219 0.3234661 0.7599340 -0.1895718 0.0896989 0.5119079 0.0908094 0.4522811 0.2965157 0.1380294 -0.0478933 -0.0492224 -0.2533837 0.0463664 -0.1559876 -0.2423263 -0.3421059 -0.0586918 -0.4813606 0.1093874 0.0043346 -0.0822779 -0.3342012 -0.4172280 -0.3228414 0.1744920 -0.1576719 -0.1524421 -0.1809083 0.3762799 -0.3863995 -0.2851308 -0.1774191 -0.1901120 -0.2011831 -0.0323569 -0.4023565 -0.0227988 0.3222338 0.0647825 0.4096114 0.0818867 -0.0197013 0.1071085 -0.1003021 0.2811959 -0.0709973 -0.2065656 -0.1390877 0.5180100 0.3658881 0.0203937 -0.0787850 -0.1570538 -0.0448310 0.3248735 0.0496022 -0.1768902 -0.1302648 0.4639380 0.0244402 0.1935996 0.0841259 -0.1671674 -0.2476020 0.2669553 0.1676773 -0.0798638 0.1255540 0.0983012 0.1817634 0.0401321 0.0655791 0.1876277 0.3112673 0.0915817 0.2430652 0.3031991 0.1060975 0.1766835 -0.0218619 0.3277081 0.0204886 0.0955884 0.1532827 0.0760344 0.0854968 0.0643738 0.4379554 0.0542874 0.0954642 0.4078707 0.4026764 0.3298576 0.3778221 0.1100108 0.0594345 0.0875624 -0.0198543 -0.3102856 0.2022517 0.1931235 -0.0523772 0.0989766 0.4644043 0.2467209 0.3091197 0.0728681 -0.1587103 -0.0949999 -0.1411284 0.5369144 -0.1932985 -0.2040465 0.4701488 0.3588358 0.4263431 0.5267000 -0.1607087 0.4875857 0.2254004 0.2005593 0.2591050 0.7412718 0.5771532 -0.0579216 0.4289578 -0.2201063 0.1751448 0.4037243 -0.0767908 0.3084966 -0.2606122 0.2672340 -0.1526974 0.2799803 -0.0010410 0.4510216 -0.1554246 0.6707135 0.4208845 0.0817719 0.1206305 0.0819833
0.1964807 0.6528417 0.4377352 0.6758582 0.2428306 0.8228130 0.4868227 0.5617563 0.6980992 0.7311349 0.6383914 0.6085939 0.2918399 0.6364658 0.0000000 0.5215678 0.6302109 0.4237674 0.3618659 0.0007489 0.5806658 0.2062720 0.4516278 0.7394954 0.3504226 0.3235381 0.5702508 0.3298773 0.7058564 0.4598488 0.0391963 -0.0185498 0.3517189 0.4111214 0.3786642 0.5821391 -0.0211026 0.1760646 0.4055645 0.3673020 0.0232483 0.5648125 0.4154353 0.2832169 0.4132464 -0.0782768 -0.0261563 0.0956799 0.4210853 -0.0982882 0.1577142 0.2490307 0.4790714 0.2159557 -0.0965025 -0.1795702 -0.0766241 0.3424341 -0.0278248 0.2572616 0.3888272 0.2661209 -0.1889282 0.6040704 0.5496165 -0.1439082 0.1299470 0.3360614 -0.2334256 0.4481976 -0.0248086 0.6180729 0.3586153 0.5574368 -0.2871393 0.3740002 0.6058344 -0.2076246 0.3066675 0.5139360 0.0936479 0.3697474 0.4758074 0.4321791 0.2962547 0.1303934 0.0365480 0.1569394 -0.0046627 0.0623272 -0.1727522 -0.0699821 -0.1425767 -0.0075874 0.0191288 -0.2156836 -0.3261169 -0.3004697 -0.1349580 0.0901540 0.1018047 0.1081359 0.1161615 0.3259970 -0.3730697 -0.1888074 0.1021086 0.0733919 -0.1743477 0.3705292 -0.2470018 0.0783629 0.4463316 0.4028207 0.3945072 0.1186566 0.0576070 -0.0124369 -0.0110863 0.2366231 -0.1118243 0.0609995 0.0169852 0.2748886 0.0565986 -0.1732990 0.2564838 0.0704402 -0.1227873 0.4727977 0.1264112 -0.0995272 0.1554971 0.1198089 0.1506581 0.1955579 0.1304703 -0.1685811 -0.2927537 0.2148623 0.0305871 -0.1266204 0.3208301 0.3224171 0.3489955 0.1153910 -0.1568815 0.0419467 0.1422611 0.0171673 0.2083148 0.3669389 -0.1638852 0.2047679 -0.0257211 0.4450690 0.0162168 0.0964072 0.1132950 0.2076887 0.0830910 -0.0254615 0.2196038 0.2019126 -0.0152480 0.3462700 0.2538624 0.2112119 0.4433401 0.1936420 0.0982457 0.0309563 0.0631169 -0.2650927 0.5029257 0.3201931 0.0388682 0.0625087 0.4315830 0.3323347 0.3447764 0.3357332 0.1981213 0.2373588 0.0194328 0.3965217 -0.0350676 0.0272493 0.4487555 0.1889843 0.3675108 0.3610453 -0.1986373 0.6546946 0.1430536 0.2445128 0.1546959 0.1740846 0.3566763 -0.1084105 0.1856393 -0.0976872 0.4497308 0.4938717 0.1790702 0.5184945 -0.2474341 0.0765820 -0.2118109 -0.0499624 0.2433968 0.3040883 0.2558412 0.5062563 0.2060564 0.0379750 0.6536250 0.4839773
-0.2296748 0.2013900 0.2094049 0.4334763 0.2175452 0.7581742 0.5142598 0.7171550 0.1276797 0.7321596 0.7957788 0.2531521 0.5564355 0.3951165 0.5215678 0.0000000 0.8246051 0.3904754 0.7327850 0.1145821 0.4266588 0.7415782 0.9357970 0.5488211 0.8265991 0.8774642 0.7687119 0.2255229 0.4437889 0.5340779 0.4789353 0.5581151 0.3788420 0.4109880 0.7593323 0.5408616 0.5268296 0.5815155 0.5873652 0.4355047 0.2343715 0.3433370 0.8419381 0.1959780 0.1378626 0.4102693 0.3270055 0.1296438 0.2990591 0.1938757 0.4594374 0.5791509 0.2830478 0.3050340 0.2403206 0.3498048 0.3188962 0.3390250 -0.4259320 0.5435831 0.1257336 0.6289635 0.0449487 0.5340606 0.3124567 0.0460186 0.5472812 0.6772090 0.2036836 0.5924614 0.2810813 0.5639324 0.7893111 0.4929465 0.1393459 0.8008927 0.5231177 0.4266341 0.8589354 0.2562266 0.4790091 0.7975758 0.7347951 0.5001193 0.4174427 0.3169170 0.3800079 0.3301163 0.1901794 0.2194415 -0.1231161 0.0234508 0.0055924 0.4414270 0.0465101 0.0014606 0.1964338 -0.3658793 -0.0396030 0.5452929 0.3735564 0.1466730 0.2823328 0.6153832 0.0832156 0.1138581 0.1925600 0.3105190 -0.1196636 0.2313524 -0.1135803 0.1906046 0.5884366 0.2243155 0.3366709 -0.0096758 -0.2390983 -0.1266556 -0.3122626 0.0942466 -0.1621200 -0.1692915 0.3783583 -0.0027122 -0.1102571 -0.0837153 0.1633102 0.1417617 -0.0983658 0.3615816 -0.1184822 -0.1764545 -0.1496283 0.3540377 0.1434027 0.3424320 0.0970186 -0.0799996 -0.3887110 0.4072445 -0.0911620 0.0802884 0.2934309 0.3152440 0.2926429 0.1459984 -0.2721145 0.0026231 -0.1506944 0.2114226 0.5092616 0.2858538 -0.3329557 -0.0056582 -0.0795638 0.5287706 0.0835590 -0.1345234 0.1586557 0.4705054 -0.0462134 0.1422495 0.3518922 0.5840572 -0.1610665 0.2882344 0.4563491 -0.0625515 0.2460272 0.3265003 -0.0916528 -0.2747915 -0.2477468 -0.2121531 0.3138353 0.3321206 0.0440691 0.1177350 0.5367268 0.1487643 0.2135151 0.1738126 -0.1488455 -0.0530233 -0.2208072 0.1610230 -0.4678389 -0.3435694 0.2465196 -0.0491662 0.3194335 0.2271277 -0.0558045 0.5533278 0.0583440 0.1028877 0.2871943 0.1569749 0.3043596 0.1078929 0.2158964 -0.0855452 0.3209220 0.1976259 0.2280616 0.3272917 -0.0429273 0.0563836 -0.1480731 0.0708531 0.1518556 0.3836137 0.2236608 0.1821270 0.1347947 0.3739923 0.1523960 0.0283602
-0.0831582 0.1772862 0.2137423 0.5478854 0.2590809 0.8452987 0.4367342 0.6054045 0.3011782 0.8536294 0.8623665 0.4343353 0.5239278 0.8115216 0.6302109 0.8246051 0.0000000 0.6434995 0.3757834 0.2533848 0.5586954 0.4978364 0.9028051 0.8202123 0.5077978 0.7115514 0.9298624 0.5632598 0.6467847 0.8083734 0.2840093 0.2784855 0.6744128 0.6822943 0.8152886 0.5017235 0.3665106 0.2601734 0.8567469 0.6270173 0.0308476 0.4922876 0.8998959 0.5591918 0.5162678 0.1629986 0.2228581 0.0248832 0.6645120 -0.1160760 0.4816484 0.7148133 0.6327200 0.5791608 0.0141579 0.0495521 0.1705156 0.6322160 -0.3737158 0.6002190 0.3692357 0.6703465 -0.0520719 0.7699019 0.6138537 -0.0676397 0.4519013 0.6521852 -0.0495308 0.7139820 0.0109252 0.7525401 0.6574933 0.6319978 -0.1067558 0.6333335 0.7351320 0.1588638 0.5146883 0.4074953 0.3207048 0.7881305 0.6019050 0.3836880 0.2223498 0.1538848 0.0950692 0.2053208 0.0567439 0.0167008 -0.3043796 -0.0364352 -0.2933020 0.4157156 0.0012826 -0.0611999 -0.0531425 -0.4214273 -0.2050793 0.5122965 0.1772816 -0.0155712 0.0095143 0.6520901 -0.1606904 -0.0861787 0.0141374 0.0492309 -0.1391044 0.0593295 -0.2535237 0.1496080 0.5308827 0.1031300 0.4483196 0.0760909 -0.1697449 -0.0093637 -0.2149108 0.2522448 -0.0507701 -0.2206350 0.2061187 0.3726862 0.2025783 0.1113269 0.0582045 0.0371559 0.0480930 0.4401802 0.0591097 -0.1564541 -0.1680737 0.5404499 0.0853817 0.3798815 0.2119197 -0.0363908 -0.3051264 0.4803846 0.0790015 0.1324054 0.2112148 0.3427468 0.3831621 0.2332537 -0.0948579 0.1266437 0.0504966 0.3118968 0.5122913 0.4250392 -0.0540630 0.0828419 -0.0390883 0.4962392 0.0424336 0.0071549 0.1165491 0.3403006 0.0142283 0.2199101 0.5567982 0.4268236 -0.0010312 0.4364914 0.5496715 0.1199582 0.3892301 0.3243343 -0.0039230 -0.1186703 -0.1667558 -0.3169920 0.2539918 0.3274692 0.0155586 0.0810511 0.5333662 0.1342726 0.2301407 0.0773196 -0.2134780 -0.1353094 -0.2392337 0.3366544 -0.4007117 -0.3462693 0.4068380 0.1643349 0.4966701 0.4374708 -0.0790345 0.6145875 0.2827373 0.2876035 0.4393885 0.5543544 0.4813690 0.1704920 0.4248544 -0.1496872 0.3600942 0.4418146 0.1054149 0.3211954 -0.0526632 0.3103441 -0.1662466 0.1732307 0.1465049 0.5087715 0.0157651 0.4712984 0.3523889 0.3312807 0.0771741 0.0607424
