0.0000000 0.3661283 0.3930320 0.0170681 0.2782277 0.0257464 0.1971845 -0.0608413 0.1749827 0.1416631 -0.1073129 0.5669028 -0.0679737 0.1010135 0.1250594 -0.1129132 -0.1401633 0.2516749 -0.0797737 -0.0072397 0.3460229 -0.2355426 -0.1497329 0.3705797 -0.1913386 -0.1663366 -0.6590455 0.2132346 0.1666313 -0.1436491 -0.0385498 -0.0572660 0.3288270 0.4332921 -0.0346117 0.0433494 -0.1608026 -0.0924048 0.1883393 0.1175872 0.0561779 -0.0048551 0.1558633 0.3531404 -0.0268503 -0.0922117 -0.1416570 0.1866484 0.3605458 -0.0845561 -0.1430759 0.1362182 0.2249119 0.1116174 0.0812832 -0.0363598 -0.1867960 -0.0664127 -0.0731616 -0.2513393 -0.1327937 -0.3080831 0.2234509 -0.1316162 -0.0646947 -0.0520770 -0.2853566 -0.2950965 0.0166707 -0.1760184 -0.0981646 -0.0436894 -0.1286220 0.0631043 0.1213070 -0.1711377 0.0817163 -0.0347440 -0.2357718 0.0290615 -0.1418987 -0.2255388 0.1340109 0.0206891 -0.1788988 -0.0138556 0.0278803 -0.1027701 0.4829903 0.3252673 0.3220383 0.0794097 0.4063653 -0.1758239 -0.0302202 0.1665085 -0.0972000 0.5565572 0.4930226 0.2667674 0.4003788 -0.1613502 -0.2457053 0.0430486 -0.0746329 0.2009709 -0.1382585 0.1278485 0.2667310 0.0917900 0.3599951 -0.1121362 0.3056723 0.6717617 0.0445349 0.3014043 0.5359804 -0.2674538 -0.0013602 -0.2307219 -0.1466928 0.3457296 0.1200755 -0.4881368 -0.3332256 -0.4214462 0.1119333 -0.2051266 -0.2514882 -0.2310142 -0.4608603 -0.0615934 -0.4192284 -0.2682788 -0.0344760 -0.1349995 -0.3799791 -0.3617599 -0.4204466 -0.1762471 -0.1097486 -0.2803175 0.2594257 -0.2778207 -0.4317069 -0.0507348 -0.1159104 0.0269762 0.0583914 -0.3300985 -0.2261266 -0.3654161 -0.2961127 0.0200977 -0.1389588 -0.3412074 -0.1649088 -0.1803714 0.0695135 -0.2943879 -0.2494377 -0.3509110 -0.3292366 -0.4057121 -0.2223484 -0.3368809 0.0631692 0.1144432 -0.1587045 -0.2942623 0.0837049 0.0426234 0.5712513 0.1206376 0.0668047 0.1590324 0.2207622 0.1446967 0.1471429 -0.0481823 -0.0189219 -0.1027767 0.0187152 0.0130871 0.2093979 -0.1848823 -0.0014762 0.3047251 0.2447548 0.2262039 -0.1910828 0.1739119 0.1848367 -0.2044097 -0.2434806 -0.1996239 -0.3324259 -0.0816236 -0.1315620 -0.3480186 -0.2190533 -0.1615907 -0.1317758 -0.2279531 0.0469446 -0.1947377 -0.3433825 0.0366082 0.0325015 -0.3562693 -0.2061942 -0.2486488 0.2184504 -0.1346355 0.1597013 0.1972632 -0.0811249 -0.6059657
0.3661283 0.0000000 0.5264761 0.8238709 0.5861228 0.8516015 0.4754315 0.7646684 -0.1043423 0.7943227 0.7889394 0.4652936 0.8502389 0.3281079 -0.3944699 0.7615917 0.7384118 0.2148054 0.7430829 -0.1457945 0.5032062 0.6777775 0.7856389 -0.2091261 0.6378593 0.7327072 -0.2136303 -0.4540153 0.6039322 -0.4021171 0.4482031 0.7932330 -0.2862393 -0.0881887 0.8486983 0.4920068 0.7692722 0.6706286 0.2923535 -0.1144927 0.2252631 0.5114026 0.8208121 -0.1964893 0.2848442 0.7544969 0.7266412 0.1981595 0.3952325 0.6836437 0.7762401 0.6967466 0.4656837 0.5694182 0.1210384 0.7759574 0.7112629 0.7344326 0.6806363 0.7183323 0.6888595 0.5797543 -0.2478806 0.6781833 0.6263688 0.6506295 0.6534400 0.6004017 0.5051045 0.6735692 0.6968100 0.7548889 0.7719284 0.8633596 0.7433429 0.7093401 0.8214207 0.6627096 0.6655185 0.7170860 0.6010208 0.1178652 0.4282284 0.4867995 -0.0272299 0.3098705 -0.0064871 -0.2032841 0.6287648 0.4699184 -0.2339740 -0.0623532 0.2004265 -0.2132578 0.1160377 0.1540723 -0.0454235 0.1739402 0.4719663 0.4878120 0.4895523 0.0516836 0.0282349 0.5501478 0.0043175 0.4641271 0.2205385 0.1420410 0.0876651 0.4280260 0.5335895 0.1146298 0.2362124 0.3662842 0.2579265 0.4856258 0.3906493 0.1444111 -0.1150427 -0.0107388 0.0967778 0.1642876 0.4338305 -0.3602576 0.1225346 0.0963376 0.2652631 -0.1503022 0.1340317 0.3170264 0.2123733 0.3908800 0.0554162 0.3901499 0.1380487 0.1564776 0.0898333 0.3677372 0.1058544 0.3637440 0.4919649 0.2674823 0.0691885 0.2189999 0.0327487 0.5575304 0.1313413 0.2267938 0.2930620 0.2018558 0.2641149 0.3700567 0.1666295 0.5141297 -0.2044545 0.3159122 0.2561864 0.4825875 0.4710538 0.2123046 -0.0536191 0.0618777 0.0676224 0.2583522 0.1570795 0.2587253 0.2825272 0.6437670 0.5968351 0.3232000 0.6540529 0.6179711 0.4989768 0.1742903 0.5529570 0.7628455 0.6425725 0.4047360 0.4748028 0.3186821 0.3524698 0.4011778 0.7551766 0.6243304 0.5960740 0.7354515 0.5549424 0.3596184 0.8841752 0.6925261 -0.0115432 0.7888066 0.8230380 -0.0005643 0.0162280 0.1365239 0.1692064 0.6579718 0.6226940 0.1564382 0.2078514 -0.1695064 -0.1608615 0.2665516 0.0082574 0.4851334 0.1348457 -0.3731479 0.1222514 0.0560748 0.2124944 0.4006279 0.2274555 0.6990349 0.4091718 -0.2976109 0.3129539 0.1758422
0.3930320 0.5264761 0.0000000 0.3412551 0.7206265 0.3146110 -0.0719895 0.2599596 0.4463389 0.3754792 0.2638346 0.4295373 0.4488135 0.2686551 0.3344775 0.2127727 0.2995138 0.4371122 0.1991686 0.1162381 0.1611579 0.4453604 0.2435597 0.2997757 0.0313316 0.1773404 0.1203480 0.1576837 0.1427387 0.0191863 0.2263014 0.3259401 0.2695710 0.3640738 0.2976399 -0.2539064 0.2218282 0.4862546 0.4556259 0.3368139 0.5911131 -0.2328694 0.4184722 0.2800350 -0.0169929 0.1606296 0.1604446 0.5940435 0.4334089 0.1674713 0.2306599 0.3740423 0.3991278 0.3228659 0.6193941 0.2710704 0.2270809 0.1852900 0.5443611 0.1246048 0.2245909 0.2254803 0.4521381 0.1839323 0.3965354 0.5299032 0.0029900 0.0756782 0.6759874 0.0978553 0.1480745 0.2559835 0.2404491 0.4726708 0.4686247 0.1360313 0.3689627 0.2344702 0.1896564 0.4885392 0.4356449 0.0085159 -0.1836993 0.1280438 0.0586665 -0.1156592 -0.2400733 0.2476786 0.3139514 0.2381076 -0.2023152 -0.3834487 -0.3479333 0.1663663 -0.3575023 -0.1609295 0.1532315 -0.3364236 -0.1459470 0.2057576 -0.1186419 -0.7040007 -0.7539045 0.0634982 -0.0662126 -0.0698204 -0.5110454 -0.3829596 -0.3226961 -0.1508116 -0.2138376 -0.5697752 -0.4999331 0.1114020 -0.4401873 -0.0880757 0.1071274 -0.4278861 0.0804322 -0.4392227 -0.3778105 0.0480980 0.0032281 -0.5763770 -0.3134717 -0.3313308 -0.1898327 -0.7197049 -0.3861900 -0.4538553 -0.3171726 -0.0104198 -0.2244759 -0.1936394 -0.1165693 -0.2718920 -0.1704464 -0.2455050 -0.2502750 -0.2518082 -0.1318089 -0.3767132 0.0880232 -0.4667383 -0.1773457 -0.0057634 -0.4625515 -0.1918711 0.3294147 -0.4909225 -0.4488282 -0.1031788 -0.4005971 0.1140598 -0.7244339 -0.3502722 -0.4872578 -0.1372382 -0.0863662 -0.5430156 -0.3636648 -0.5164652 -0.5832353 -0.3693423 -0.3048463 -0.2660776 -0.0221496 0.3755368 0.0248924 -0.1930160 0.3455116 0.1434246 0.6109451 0.4191330 0.2923868 0.3987661 0.2590758 0.1126260 -0.1817485 -0.2927578 -0.1823684 -0.2234590 0.0996219 0.1467748 0.6917267 0.2205843 0.6735083 0.8872972 0.6599557 0.4477588 -0.4810462 0.3811068 0.4808429 -0.4516127 -0.4064196 -0.3773588 -0.3653533 0.1613298 0.2468694 -0.3628278 -0.1370544 -0.4475107 -0.4130542 -0.2766645 -0.0123653 0.4388278 -0.4271022 -0.0271115 0.0827268 -0.1213112 -0.0732271 -0.0447676 0.5440525 0.1672030 0.5014822 0.1716053 0.3410859 -0.0127432
0.0170681 0.8238709 0.3412551 0.0000000 0.2737379 0.9234498 0.2435621 0.9840998 -0.1039827 0.9130394 0.9708306 0.3890982 0.9071541 0.4043922 -0.3395602 0.9615012 0.7890505 0.2810053 0.9614811 -0.4151602 0.5990917 0.7677764 0.9678270 -0.3826899 0.8641996 0.9530674 -0.1386336 -0.6760303 0.7964694 -0.6237972 0.3399267 0.8582163 -0.5900809 -0.2883623 0.9793702 0.6509671 0.9387395 0.8166714 0.1091423 -0.2512583 0.1034353 0.7169865 0.8639474 -0.4692131 0.5709746 0.9459549 0.9517210 -0.0173926 0.3429447 0.8762694 0.9619332 0.7813710 0.5983742 0.5622862 0.0036050 0.9011450 0.9390229 0.9062260 0.8242339 0.9355996 0.9240319 0.8721421 -0.4983854 0.9324250 0.8505149 0.8046596 0.8994781 0.8876100 0.5300090 0.9202961 0.9549951 0.9598376 0.9485089 0.9669593 0.8938071 0.9484562 0.9639193 0.9199729 0.9515483 0.8981486 0.8243079 0.4030831 0.3197911 0.4725431 0.0293559 0.2292852 -0.2015698 -0.3294084 0.2367751 0.0916983 -0.5003993 -0.2154123 -0.0264967 -0.2177886 0.0317088 0.1541907 -0.2391085 -0.0183753 0.0876457 0.4919116 0.2742796 0.1973330 0.1971242 0.7040793 -0.0654828 0.5714964 0.3276901 0.2854019 -0.1645217 0.5395838 0.3194410 0.1801153 0.2451014 0.1297862 0.3401151 0.3709673 0.2154976 0.2340428 -0.1751868 -0.0250068 0.0947407 0.1222621 0.3089275 -0.1140648 0.1866034 0.1938764 0.5076382 -0.1657953 0.1097378 0.4092193 0.3026783 0.4989852 0.1792028 0.5031505 0.3234160 0.1592914 0.1651337 0.3681374 0.2182191 0.4164379 0.3864870 0.2968136 0.0488454 0.3416982 0.1796082 0.5739036 -0.0584546 0.0548038 0.2248839 0.2214234 0.3694367 0.4540160 0.0824726 0.4127935 -0.1881876 0.3880153 0.3390118 0.3962155 0.5299601 0.2810434 -0.2721251 0.0867189 0.0893321 0.2592377 0.0610943 0.2496896 0.0057335 0.4630115 0.4974027 0.3235957 0.5142854 0.5439445 0.1814623 0.1262896 0.3876837 0.6242450 0.5682773 0.3741762 0.5115631 0.4547772 0.4378223 0.5460649 0.6994623 0.5591962 0.4012569 0.9012940 0.5681687 0.1201004 0.8785599 0.7775295 -0.0399144 0.8739056 0.8426929 0.0098485 0.0300405 0.1820369 0.2393776 0.7185640 0.7598163 0.2228051 0.0466446 -0.3128042 -0.2525095 0.1752102 -0.1751448 0.6515936 0.2548592 -0.3867905 -0.0835438 0.0003989 0.2132919 0.3605662 0.1548101 0.8197205 0.6402702 -0.4177091 0.2142863 0.5067983
0.2782277 0.5861228 0.7206265 0.2737379 0.0000000 0.3642458 0.2356550 0.2186253 0.3696367 0.3792309 0.2709439 0.3490827 0.4138484 0.4337531 0.2001726 0.1879777 0.5021372 0.4732047 0.1441960 0.2578732 0.1708165 0.3842464 0.2408583 0.2522719 0.0283944 0.1788786 0.2567788 0.1750636 0.0687129 0.1821520 0.3363930 0.2930981 0.2428954 0.2048777 0.3351909 -0.0729296 0.2213476 0.3049310 0.7188357 0.3491246 0.4163412 -0.1138124 0.5175502 0.2961053 -0.1484319 0.1818776 0.1358164 0.3695244 0.4118420 0.0414360 0.2658188 0.4418897 0.1418193 0.4644247 0.2978401 0.2292283 0.1458075 0.2182837 0.3660768 0.2011091 0.2673221 0.2514084 0.3522337 0.0959116 0.2491515 0.2487278 0.0740622 0.0178098 0.4100173 0.0295569 0.0573582 0.1363455 0.2501590 0.3786957 0.2168667 0.1010400 0.1986915 0.0803204 0.1205605 0.2707775 0.3281982 0.2341972 0.2834738 0.5028851 0.3420311 0.3435626 -0.0493927 0.1969721 0.5028999 0.4298933 -0.0806099 0.0503892 0.0477943 -0.0244638 -0.0388563 -0.0323911 0.3787687 -0.1330692 0.0879078 0.0916238 0.0309823 -0.4641217 -0.3474912 0.3196383 0.2920383 -0.1147636 -0.0564557 -0.0929521 -0.0327950 -0.1777535 -0.0172146 -0.1796692 -0.3814360 -0.0207912 -0.2460402 0.0648458 0.2398762 0.0286938 0.0544743 -0.0041813 0.1442144 0.1435242 0.2966187 -0.3929005 0.0400898 0.0487748 -0.1722144 -0.2370075 0.0660186 -0.0086293 0.1422483 0.2560821 0.1507218 0.1019827 0.0767706 0.1755735 0.4088015 0.1526947 0.2681713 0.1466389 0.2560711 0.1073878 0.1158715 -0.0309758 0.2324750 0.4043587 0.1734983 0.3600755 0.3498485 -0.0169810 -0.0990508 0.3314239 0.1079049 0.3779868 -0.4382841 0.2225999 -0.0487693 0.2248565 0.2892983 -0.0901619 -0.1082430 0.0119787 -0.0534307 0.1333244 0.1156083 0.2707830 0.2974234 0.7373429 0.5235010 0.3285610 0.4946152 0.5515406 0.7883200 0.5940971 0.6130778 0.6214935 0.4969841 0.4010015 0.0801396 -0.0216645 0.1274437 -0.0008776 0.2033881 0.3037694 0.4882739 0.3093020 0.4392647 0.6377216 0.4692718 0.2930402 -0.0109782 0.2968478 0.5023851 -0.0454378 0.0235910 0.0563857 0.0311001 0.4442099 0.4310448 0.0323200 0.3532117 -0.0743492 -0.0032746 0.3133901 -0.1402012 0.4575310 -0.0442909 -0.0893054 0.0596678 0.2200109 0.2807032 0.5027486 0.2436117 0.3544973 0.0606356 0.0564799 0.2176825 0.1117610
0.0257464 0.8516015 0.3146110 0.9234498 0.3642458 0.0000000 0.4818643 0.9087851 0.0044593 0.9013250 0.8934508 0.4835373 0.8859091 0.3985656 -0.3481956 0.8897838 0.8780538 0.2480303 0.8908990 -0.2885013 0.5897959 0.7016843 0.9267935 -0.2341179 0.7951565 0.8956130 -0.1156391 -0.5919360 0.7010801 -0.5065812 0.4174765 0.8232496 -0.4459554 -0.1583397 0.9470505 0.6369435 0.8761717 0.7928015 0.1656129 -0.2584037 0.1965807 0.6779511 0.8785684 -0.4254187 0.5083021 0.9014946 0.8911234 0.0795538 0.3485913 0.8086717 0.9129611 0.7946797 0.5521382 0.5853490 -0.0096913 0.8488968 0.8446258 0.8608735 0.7349056 0.8750274 0.8027543 0.8573697 -0.5244239 0.8129038 0.7124813 0.7077847 0.8449724 0.8065416 0.4206543 0.8127986 0.8769199 0.8248836 0.9171701 0.8582777 0.8136058 0.8645707 0.8886339 0.8216679 0.8699887 0.8451542 0.7693498 0.2893600 0.3806900 0.4504950 -0.0328383 0.2176447 -0.1986752 -0.1664101 0.3293808 0.2870083 -0.4706229 -0.1885104 -0.0136692 -0.1370608 -0.0037817 0.0849775 -0.2062704 0.0466188 0.2368081 0.4411511 0.4084914 0.2410516 0.1853566 0.6813157 -0.0926666 0.4534495 0.3283499 0.2646832 -0.0345357 0.4683268 0.4545314 0.1965732 0.2795813 0.1848314 0.3045646 0.4531367 0.2933266 0.2492207 -0.0904158 -0.0110260 0.1141697 0.0269519 0.4134688 -0.0772810 0.1454197 0.1646340 0.3962811 -0.0440986 0.1686801 0.4911086 0.3575503 0.4090942 0.2621209 0.5353270 0.2468215 0.2231473 0.2917270 0.4145734 0.3313243 0.4243085 0.4814260 0.3176395 0.0969346 0.3256875 0.1981329 0.5612732 0.1545910 0.3038431 0.3290127 0.2427513 0.3279199 0.4737404 0.2584181 0.4665091 -0.1123981 0.4144105 0.3048374 0.4720992 0.5055563 0.2857719 -0.0312029 0.1426647 0.1285336 0.2924854 0.1581398 0.2884854 0.1913338 0.5878382 0.5777112 0.3647769 0.5879388 0.5885429 0.3647188 0.2058100 0.4901320 0.7344373 0.6071476 0.3449323 0.4800490 0.3884855 0.3660123 0.4626541 0.7050773 0.4853961 0.4331497 0.7859436 0.4413827 0.0957055 0.8348715 0.7171449 -0.0271647 0.7928745 0.8107574 0.0178514 0.0362269 0.2004826 0.2574356 0.7569049 0.7426016 0.2355159 0.1256028 -0.1322881 -0.1171951 0.2845590 -0.0359383 0.6114933 0.2520691 -0.4138710 -0.0769367 0.0551765 0.2311914 0.4347742 0.1316998 0.7502281 0.5164079 -0.5078608 0.2614929 0.5077232
0.1971845 0.4754315 -0.0719895 0.2435621 0.2356550 0.4818643 0.0000000 0.2614289 -0.1599976 0.3058690 0.2061558 0.4546408 0.2108189 0.1566646 -0.3392460 0.2318802 0.4950469 -0.2065799 0.3128101 -0.0265688 0.4193115 0.1223575 0.2634034 0.0805690 0.3645693 0.2431706 -0.1189838 -0.1966066 0.2672376 0.0578669 0.0864865 0.4642113 -0.1606344 -0.1556736 0.3117735 0.6263887 0.3116101 0.0360061 0.2225810 0.0180199 -0.1305058 0.5075652 0.4528807 -0.2076378 0.0425165 0.3773840 0.2515311 -0.0817259 0.0744124 0.3315868 0.2689087 0.4619365 0.0233300 0.4037086 -0.2887897 0.2218459 0.1705598 0.3489922 0.0212570 0.2584658 0.1903433 0.1920858 -0.3975584 0.1851358 0.0554897 -0.0261162 0.2366280 0.2008861 -0.1811537 0.2207848 0.2154240 0.1778382 0.2883717 0.2157151 0.0429138 0.2249946 0.2732640 0.0944405 0.1217670 0.1441726 0.0069733 -0.1014970 0.6510318 0.3742440 0.1675616 0.3095319 0.0180947 -0.2058109 0.5372831 0.3652500 -0.0988445 0.0136397 0.4260020 -0.3998487 0.0901709 -0.2307875 -0.3458710 0.5585406 0.5905974 -0.0104644 0.5953638 0.3946882 0.4162675 0.2272679 -0.0308996 -0.0093374 0.5278966 0.3506157 0.7838556 0.2822205 0.7011922 0.6615996 0.4777705 0.0722168 0.4986363 0.4062742 0.3406538 0.5457128 -0.1066863 0.5737058 0.5037483 -0.1571562 0.5610968 0.1211031 0.5004541 0.4483190 0.1674476 0.4769581 0.6830925 0.6147859 0.5649043 0.0597309 0.1945976 0.6302254 0.0988270 0.5273408 0.3028166 0.6171715 0.4741225 0.6355486 0.7078110 0.6095011 -0.1198111 0.5493332 0.3072420 0.4740639 0.5404283 0.3770798 0.1660938 0.5863106 0.5276139 0.5429014 0.6612566 0.5983437 0.2419233 0.4987299 0.5248953 0.6877962 0.3632056 0.5766200 0.3690360 0.6102778 0.5603453 0.5317050 0.6192115 0.5809024 0.5971051 0.4553697 0.6859875 0.6014360 0.4736323 0.6284111 0.4516101 0.1957182 0.6941221 0.7120725 0.6478138 0.4924336 0.6372200 0.5323015 0.4665134 0.5505454 0.6001581 0.2787291 -0.0156930 0.2660076 -0.0591248 -0.0700565 0.1856614 0.1178839 0.5606525 0.1602866 0.2841355 0.5493797 0.5621723 0.6112527 0.5937386 0.4983261 0.2838259 0.6031927 0.3442806 0.3559958 0.4192226 0.6483955 0.2900466 -0.0903010 0.5738251 -0.1546011 0.1306415 0.3378457 0.5046177 0.5798366 -0.0982073 0.3787095 -0.0960166 -0.3627322 -0.0519490 0.0630439
-0.0608413 0.7646684 0.2599596 0.9840998 0.2186253 0.9087851 0.2614289 0.0000000 -0.1167794 0.8736260 0.9740978 0.3464114 0.8750124 0.3729568 -0.3245388 0.9791681 0.8113093 0.2551342 0.9851892 -0.4544178 0.6188625 0.7794640 0.9759292 -0.4265233 0.9134799 0.9761031 -0.1111651 -0.7392761 0.8000887 -0.6470890 0.3219639 0.8722385 -0.6821225 -0.3752480 0.9674031 0.7100330 0.9540862 0.8176172 0.0458353 -0.3069896 0.0700799 0.7678040 0.8650352 -0.5735802 0.6039936 0.9809354 0.9791388 -0.0669763 0.2777973 0.9003690 0.9726258 0.7961638 0.5584145 0.5666634 -0.0530874 0.9204544 0.9563744 0.9313920 0.7625130 0.9569847 0.9174558 0.9196967 -0.5158750 0.9406525 0.8333016 0.7976122 0.9223408 0.9306394 0.5201312 0.9447071 0.9776304 0.9468325 0.9669483 0.9310254 0.8888957 0.9685025 0.9508602 0.9511902 0.9681664 0.9151510 0.8641905 0.4712027 0.3747685 0.4815938 0.0577904 0.2889155 -0.2072056 -0.3696138 0.2189974 0.0879981 -0.5212932 -0.2309787 -0.0516277 -0.2343173 0.0814613 0.1616249 -0.3022164 -0.0045197 0.0695298 0.4562627 0.3096024 0.3014365 0.2915145 0.7234891 -0.0387808 0.5864890 0.4095535 0.3476821 -0.0983237 0.6079093 0.3561827 0.2553116 0.3006329 0.1033135 0.4172921 0.4059168 0.2509090 0.3318456 -0.1303218 0.0602878 0.1967368 0.1337036 0.3233633 0.0348665 0.2799540 0.2819473 0.5808210 -0.1019368 0.1914027 0.5064612 0.3953509 0.5313476 0.2559333 0.6026938 0.4240897 0.2341404 0.2187236 0.4205876 0.2822721 0.4952019 0.4240930 0.3814950 0.1181644 0.4366578 0.2620385 0.6156846 -0.0108775 0.0621991 0.2818811 0.3007798 0.4574758 0.5107693 0.1453627 0.4411991 -0.0997402 0.4605943 0.4315580 0.4453730 0.6094320 0.3623485 -0.2402567 0.1633430 0.1484177 0.3163948 0.1331417 0.3113669 -0.0112366 0.4763095 0.5294196 0.3846785 0.5201997 0.5934820 0.1135666 0.0970304 0.3646744 0.5833236 0.5452602 0.3627471 0.5493395 0.5111701 0.4561700 0.5820513 0.6667711 0.4888895 0.2784256 0.8945618 0.5022880 0.0456563 0.8111697 0.7199198 0.0346436 0.8707142 0.7947926 0.0737969 0.1077410 0.2566604 0.3318146 0.7279331 0.8243767 0.3111301 0.0938264 -0.2007878 -0.1842108 0.2310700 -0.1330034 0.6737118 0.3665698 -0.4403437 -0.0531112 0.1094317 0.3268584 0.4158390 0.1425234 0.8623288 0.6355328 -0.4759570 0.1041873 0.5483369
0.1749827 -0.1043423 0.4463389 -0.1039827 0.3696367 0.0044593 -0.1599976 -0.1167794 0.0000000 0.1913483 -0.2206572 0.5186123 -0.1376218 0.5666990 0.8669094 -0.2442708 0.0509862 0.7996034 -0.1457702 0.2994293 0.1742513 -0.0545870 -0.1890977 0.7333565 -0.2112811 -0.2019983 0.2706275 0.5808496 -0.0091450 0.3277460 -0.0129983 -0.2859158 0.5513044 0.6133538 -0.1603607 -0.2776699 -0.3142911 0.0798229 0.3952235 0.2985598 0.3041685 -0.2926422 0.0258433 0.4571788 0.0159270 -0.2195240 -0.2235602 0.1744282 0.4323482 -0.3874403 -0.2134351 0.0047194 0.2425249 0.1119842 0.0658597 -0.2848009 -0.2971352 -0.1648237 -0.0771172 -0.2767039 -0.1442142 0.0430127 0.3390939 -0.2631058 -0.0669144 -0.1375617 -0.3040526 -0.3073091 -0.0121657 -0.3307100 -0.2182895 -0.2897951 -0.1807057 -0.1679114 -0.0021679 -0.2671036 -0.1570352 -0.1033468 -0.1591081 0.0954708 0.1725285 0.0621747 -0.3148299 -0.1955825 -0.0402967 -0.1050291 -0.0339616 0.1637699 -0.1632314 -0.0973882 0.1923468 0.0283932 -0.2170781 0.0120715 -0.2627519 0.0718773 0.1248454 -0.1807374 -0.3776659 -0.4111520 -0.2232166 -0.4068133 -0.5028807 0.2033766 0.1406386 -0.1321311 -0.3360523 -0.0671545 -0.3539959 -0.4498654 -0.3402709 -0.4615106 -0.4689580 -0.0968310 -0.6510437 -0.4060798 -0.1407014 -0.4276187 -0.0969446 -0.4330225 -0.3759534 -0.0190283 -0.3064166 -0.2640773 -0.5212654 -0.5015028 0.0192627 -0.4533766 -0.3917480 -0.3937027 -0.4267536 -0.3616699 0.0349480 -0.3334180 -0.2460229 -0.4305792 0.0800564 -0.4221999 -0.0409564 -0.3219229 -0.5743642 -0.3822712 0.2069130 -0.4750355 -0.1162509 -0.4039272 -0.1749093 0.1597099 -0.0160034 -0.5841991 -0.5435546 -0.2197499 -0.3068269 -0.4633952 -0.3363206 -0.3227076 -0.5201273 -0.5459032 -0.2324324 -0.5495642 -0.4474721 -0.4125428 -0.4472656 -0.3883639 -0.4959769 -0.3318570 -0.1952799 0.0300265 -0.2562357 -0.2024931 -0.2986109 -0.1539873 0.5337679 0.6398541 0.1028276 0.1112445 0.1206847 0.1310808 -0.2436321 -0.2288355 -0.1181826 -0.3786703 -0.5444331 -0.4777298 -0.0051483 -0.3271388 -0.1977547 0.1983512 0.0550009 0.1648929 -0.3924104 0.0084015 0.1268252 -0.2512275 -0.3060426 -0.2082018 -0.4539610 0.1087038 0.1691700 -0.4617100 -0.1893278 -0.2526562 0.0678569 -0.1701448 -0.2152405 0.2328564 -0.4149009 0.3971236 -0.3802535 -0.2326742 -0.1686367 -0.0572587 0.0525580 -0.3359106 0.0710807 0.1920032 -0.0321722 -0.0767608
0.1416631 0.7943227 0.3754792 0.9130394 0.3792309 0.9013250 0.3058690 0.8736260 0.1913483 0.0000000 0.8301857 0.6259022 0.7811343 0.6848531 -0.0948545 0.7903101 0.7911895 0.5506119 0.8480387 -0.2426431 0.6720040 0.6595489 0.8301155 -0.0343816 0.7559805 0.8024498 -0.0619253 -0.3623413 0.8080990 -0.3871072 0.3080699 0.6980695 -0.2953105 -0.0096007 0.8871349 0.6213638 0.7644665 0.6946864 0.3610707 -0.0329998 0.0646380 0.6706926 0.8500990 -0.1641702 0.5504015 0.8093801 0.8025294 -0.0770804 0.5939920 0.6503069 0.8300808 0.7485556 0.6776714 0.6662267 -0.1210665 0.6969919 0.7437697 0.8294502 0.7416455 0.7916083 0.8691016 0.7715757 -0.4510991 0.7952775 0.7696711 0.6026940 0.7522043 0.6993496 0.3597915 0.7515935 0.7961165 0.8186757 0.8123457 0.8515778 0.7742134 0.7999166 0.8433559 0.7795187 0.8000348 0.8000065 0.7095199 0.3649064 0.3042331 0.4455403 0.0505040 0.2739320 -0.0590621 -0.3337119 0.2456822 0.0688610 -0.2734628 0.0005259 0.1267077 -0.3360063 0.0573997 0.2474347 -0.1599781 0.0444611 0.1047001 0.2700439 0.2791749 0.0907568 0.1205799 0.8112490 0.0585585 0.5468579 0.3234986 0.3484858 -0.1850626 0.3779933 0.2770409 0.1532176 0.1598788 0.0827207 0.1559519 0.1980339 0.1157549 0.1387302 -0.3471890 -0.0743527 0.0254103 0.0848601 0.2492376 -0.2807489 0.0427123 0.0526639 0.4996575 -0.1779057 0.0579129 0.2930240 0.1621120 0.3401359 0.1529294 0.3815041 0.1392347 0.0346834 0.1917919 0.2767955 0.2321372 0.3735416 0.2438527 0.2398333 -0.0053568 0.2480147 0.0909807 0.4310378 -0.0127101 0.1711040 0.0424102 0.1063353 0.2513885 0.4093616 0.0421816 0.2372517 -0.2160417 0.3511817 0.2281512 0.2437089 0.4236120 0.1886265 -0.4228364 0.0573278 0.0892966 0.2175607 -0.0651633 0.2311275 -0.0047030 0.4144483 0.4676004 0.3399406 0.3322393 0.4977431 0.3892318 0.3495596 0.5072352 0.7199873 0.6941326 0.5447721 0.5256635 0.4752144 0.5284081 0.5024640 0.5899496 0.4876102 0.3557075 0.7715225 0.3925782 0.0868117 0.8172776 0.8208071 -0.0463408 0.8221227 0.8656164 0.0645501 0.0416910 0.2334393 0.1359972 0.7816733 0.7440018 0.1189766 0.0497025 -0.3853648 -0.1376765 0.2219672 -0.3206663 0.5684574 0.1474456 -0.1363266 -0.2580253 -0.1313081 0.1279734 0.3952134 0.0109764 0.6588292 0.4978494 -0.3339979 0.2161858 0.4210433
-0.1073129 0.7889394 0.2638346 0.9708306 0.2709439 0.8934508 0.2061558 0.9740978 -0.2206572 0.8301857 0.0000000 0.2254522 0.9137735 0.2792951 -0.4340739 0.9829151 0.8239782 0.1804346 0.9391930 -0.4362137 0.5154382 0.8007525 0.9847983 -0.4974959 0.8554056 0.9705190 -0.0787672 -0.7526284 0.7335971 -0.6414346 0.3782514 0.8580836 -0.6559715 -0.3673660 0.9834231 0.6210521 0.9689509 0.8163808 0.0671858 -0.2933443 0.1066060 0.7028865 0.8537545 -0.5367341 0.5734423 0.9577388 0.9789146 -0.0132393 0.2761027 0.8850907 0.9949624 0.7738522 0.5377146 0.5730668 0.0189226 0.9482479 0.9758912 0.9298365 0.8228611 0.9821085 0.9237102 0.9019616 -0.4732417 0.9458365 0.8446374 0.8366428 0.9409395 0.9385600 0.5802829 0.9453218 0.9571344 0.9554948 0.9798816 0.9421752 0.8847013 0.9744475 0.9315546 0.9290759 0.9645232 0.8816084 0.8372135 0.4745754 0.3708541 0.5168220 0.0611987 0.2990443 -0.1909900 -0.2542984 0.2512917 0.1867115 -0.5290919 -0.1985978 -0.0780718 -0.1075070 0.1200020 0.1761019 -0.1742049 -0.1075773 0.1152405 0.5479624 0.3040405 0.2395503 0.2548591 0.6715019 -0.0294674 0.5549777 0.3617244 0.2510197 -0.1587632 0.5999850 0.3231547 0.1948360 0.2593011 0.1189775 0.4106496 0.4511030 0.2660365 0.3282916 -0.0384568 0.0448287 0.2091351 0.1305188 0.3514269 0.0209147 0.2836031 0.3052907 0.4432224 -0.0885338 0.1628621 0.4791287 0.4076141 0.6094513 0.2339195 0.5705712 0.4346487 0.2696612 0.2411798 0.4118698 0.2635876 0.4638054 0.4839181 0.3596040 0.1127048 0.4202865 0.2366781 0.6636399 0.0106520 0.0853247 0.3224801 0.3184290 0.4441659 0.4936251 0.1360691 0.4891047 -0.1231005 0.4807290 0.4115913 0.4765134 0.6093437 0.3544834 -0.1494427 0.1470367 0.1417034 0.3218931 0.1535628 0.3234319 -0.0102929 0.5146144 0.5535743 0.3696403 0.5703489 0.5845442 0.0710320 0.0054228 0.3153573 0.5354570 0.4669333 0.2810672 0.4653659 0.4185639 0.3771421 0.5117835 0.7077593 0.5691546 0.3754463 0.9274526 0.5795485 0.0988113 0.8083908 0.6958344 0.0122166 0.8584858 0.7718448 0.0110183 0.0684260 0.1929902 0.3265113 0.6795139 0.7776814 0.2987164 0.1469443 -0.1669929 -0.2663197 0.2127437 -0.1502934 0.6718055 0.3207156 -0.5312412 -0.0015605 0.1224511 0.2859761 0.4121887 0.1461215 0.8917504 0.5969460 -0.4924363 0.1735311 0.5804159
0.5669028 0.4652936 0.4295373 0.3890982 0.3490827 0.4835373 0.4546408 0.3464114 0.5186123 0.6259022 0.2254522 0.0000000 0.1543103 0.5501286 0.2891694 0.1904745 0.4372936 0.5431586 0.3169798 -0.2644243 0.8140325 0.0485160 0.2197152 0.5504110 0.2300601 0.1733939 -0.1680983 0.1522281 0.6419163 -0.0246667 -0.2314223 0.1991315 0.2063546 0.4840572 0.3129847 0.4311807 0.1445401 0.1293440 0.4083891 0.2681860 -0.1199626 0.4265269 0.5098954 0.2135816 0.4828934 0.2803646 0.2475421 -0.1286443 0.7082106 0.1360137 0.2447328 0.5133231 0.6936415 0.5585654 -0.2489969 0.1166820 0.1129231 0.4021992 0.3002567 0.1513257 0.3434936 0.2665533 -0.2467588 0.3038299 0.4271651 0.1088957 0.1451143 0.1469724 -0.0446417 0.2147383 0.2534240 0.2899328 0.2909141 0.3550883 0.3424459 0.2359118 0.4318346 0.2626570 0.1736331 0.4236249 0.2001667 -0.0170741 0.1014418 0.0753205 -0.0478263 -0.0634982 -0.1635301 -0.2329135 0.1581174 0.0469492 -0.0303261 -0.1462299 0.1279509 -0.3441245 -0.2822622 -0.1119224 -0.4696120 0.2640873 0.1742295 -0.0364596 0.3595424 -0.0873172 -0.1446336 0.3623500 -0.2401687 0.0656549 0.0224931 0.1686105 0.1322673 0.0258197 0.2378506 0.0947556 0.2005948 0.1505803 0.0829688 0.1555113 0.2756297 0.0432972 -0.1349951 -0.0258430 -0.0374105 -0.1884440 -0.0059273 -0.2212760 -0.1050269 -0.1057796 0.2230191 -0.3102405 0.0354806 -0.0082308 -0.1451774 -0.1848359 -0.3007360 0.1938547 -0.0002937 -0.0721896 -0.0437216 -0.1390074 -0.0270498 0.2305583 -0.0476324 0.0168700 -0.0477824 0.0142307 -0.1882349 0.0865437 -0.1877061 0.0118240 -0.0489257 -0.1247328 0.0350245 0.0211619 -0.2111819 0.0161689 -0.4033215 -0.0032063 -0.0465936 -0.1350662 0.0914764 -0.0689351 -0.4813198 -0.1175426 -0.1473466 -0.1525952 -0.2827310 -0.0665367 -0.1286962 0.1295359 0.1436052 0.0807984 -0.0033914 0.2230403 0.6569328 0.3981613 0.4131092 0.5866930 0.6869737 0.5620689 0.4672140 0.3364189 0.3535543 0.2131358 0.1396195 -0.0773282 0.0591714 0.1910142 0.0038887 0.1462441 0.4827766 0.6651742 0.0047607 0.4790725 0.6039415 0.1004598 0.0677064 0.1992985 0.0324199 0.5079441 0.3343174 0.0000820 -0.3312521 -0.3793795 -0.1551263 -0.0029726 -0.3122016 -0.0016300 -0.0273396 0.0305970 -0.4715945 -0.3951553 -0.0501431 0.1786746 -0.1206154 0.1739707 0.4451520 -0.2926556 -0.1970730 -0.1300167
-0.0679737 0.8502389 0.4488135 0.9071541 0.4138484 0.8859091 0.2108189 0.8750124 -0.1376218 0.7811343 0.9137735 0.1543103 0.0000000 0.2782851 -0.3993867 0.9095273 0.7461043 0.1627627 0.8589035 -0.1238233 0.2721187 0.8635080 0.9372059 -0.4391781 0.7516729 0.9105158 -0.0401374 -0.6339006 0.4989480 -0.5243408 0.6197165 0.8765856 -0.4928226 -0.3085458 0.9365010 0.3889337 0.9199746 0.9111283 0.1242024 -0.2760227 0.4123358 0.4398832 0.7885613 -0.4273608 0.2732450 0.8556990 0.8578011 0.2990769 0.1738131 0.8369497 0.9018963 0.6727637 0.3697821 0.4260597 0.2968816 0.9105086 0.9049858 0.7573928 0.8025541 0.8774127 0.7708584 0.7971813 -0.2777233 0.7760264 0.6784542 0.8505063 0.8094830 0.7843581 0.6790696 0.7905252 0.8468290 0.8378328 0.8772868 0.9091488 0.8412022 0.8381829 0.8554924 0.8139449 0.8881616 0.8236700 0.8270664 0.3023148 0.2822215 0.4786492 0.0102925 0.2428361 -0.1410946 -0.0746053 0.3788815 0.2883575 -0.4843441 -0.1946389 -0.1098866 -0.0096701 0.0640107 0.1550970 0.0729433 -0.1439181 0.1162153 0.5356072 0.1882508 0.0569491 0.0318530 0.5802595 0.0377279 0.4965201 0.1843735 0.1064442 -0.2230216 0.4465899 0.2836718 -0.0143041 0.0364446 0.1668260 0.1278410 0.3182656 0.1557067 0.0629026 -0.1116064 -0.1567782 -0.0221139 0.1887644 0.4099778 -0.2482710 0.0849766 0.0849922 0.3034478 -0.1523780 0.0080979 0.3294871 0.2876838 0.5111937 0.3105787 0.3564517 0.1764367 0.1192093 0.1918332 0.4192519 0.2197540 0.2358666 0.4405939 0.1926819 0.1060449 0.1717366 0.2013844 0.5146858 0.0591670 0.1871825 0.3774487 0.1403807 0.1826373 0.4382967 0.2006245 0.4729259 -0.1540361 0.2987111 0.1925105 0.4903951 0.4383797 0.1562399 -0.0067470 0.0252836 0.0257540 0.2644437 0.1671009 0.2351832 0.2382904 0.6149871 0.5144633 0.2681341 0.6850867 0.5287235 0.2264949 0.1546767 0.4080759 0.6069522 0.4033556 0.1709135 0.2502752 0.1899316 0.2131091 0.3573172 0.7241843 0.6538307 0.6539534 0.8240965 0.6961759 0.3132914 0.8727262 0.5956383 -0.1875320 0.7388521 0.7289720 -0.1579100 -0.1280374 -0.0059258 0.0999083 0.5905919 0.6779827 0.1012017 0.2376107 -0.1788805 -0.1835909 0.1930302 0.0739035 0.7654277 0.1213261 -0.3782878 0.1819384 0.1675425 0.2135321 0.3189799 0.3665891 0.7427504 0.4786421 -0.2536138 0.5063168 0.5415008
0.1010135 0.3281079 0.2686551 0.4043922 0.4337531 0.3985656 0.1566646 0.3729568 0.5666990 0.6848531 0.2792951 0.5501286 0.2782851 0.0000000 0.4683047 0.2243976 0.4098225 0.8228302 0.3758294 0.2386152 0.3908226 0.3423288 0.2832935 0.3964474 0.3640113 0.2896089 0.2498822 0.2419153 0.4078830 0.1808255 0.2017618 0.2465248 0.1006637 0.1093625 0.3673827 0.3340680 0.2316858 0.2567132 0.6796021 0.3585609 0.0023887 0.2791855 0.4742404 0.2809311 0.0951444 0.2956592 0.2228855 -0.1781710 0.5572449 0.0646541 0.2798895 0.3890169 0.2786444 0.4813062 -0.2314943 0.0857960 0.1701492 0.3149087 0.2552824 0.2758568 0.4870351 0.3441435 -0.0731401 0.2335429 0.2946743 0.0300469 0.2047598 0.1132971 0.0200024 0.1697161 0.2168277 0.2549863 0.2249446 0.3434447 0.1897945 0.2239995 0.2422051 0.2325826 0.2736436 0.2793290 0.3322257 0.4063200 0.2653125 0.4224983 0.3795197 0.4455465 0.2005210 -0.3666395 0.1222091 -0.2402509 0.1294584 0.3955620 0.3676052 -0.5841502 0.1616576 0.3196925 0.1379280 0.1070678 -0.1925583 -0.3236371 -0.1147622 -0.1269029 0.0675208 0.7684924 0.5148121 0.3130130 0.3590488 0.4745925 -0.1522908 -0.0534837 -0.0816281 0.1580115 -0.2309519 -0.3039389 -0.2525391 -0.3963080 -0.2683760 0.0272850 -0.6878334 0.0238516 0.0460680 0.1832415 0.1141418 -0.4243993 -0.0069398 -0.0330561 0.4679229 -0.0509128 0.0869950 0.0748927 0.0633770 0.1040003 0.3289521 0.0962842 -0.1138996 -0.0765438 0.3300790 0.2384320 0.3858303 0.2472203 -0.0505549 0.2189915 -0.1159274 0.1353719 0.2562541 0.1373473 0.1096678 0.2491142 -0.2948412 -0.0070370 0.0467722 0.4390019 0.1095434 -0.0636140 -0.1048883 0.2995424 0.1195237 0.0280921 0.2130713 0.0839487 -0.6279162 0.1845977 0.2317999 0.2672573 -0.0597297 0.3294774 0.0831370 0.2535876 0.3561534 0.4403234 -0.0324342 0.3852083 0.4941152 0.7773421 0.6383694 0.6059123 0.6522560 0.7358129 0.3868854 0.4586098 0.6350456 0.4264672 0.1602256 0.2912481 0.0354797 0.3462916 0.0481105 0.0215129 0.3157800 0.3952827 0.1050020 0.3159351 0.5029189 0.2884900 0.2113449 0.3751964 0.0203319 0.6107774 0.5384894 0.0503364 0.2474346 -0.3489501 0.3209951 0.4063252 -0.4305611 0.4122490 0.1142788 0.5018907 -0.3128320 -0.0141144 0.2170099 0.4567596 -0.1251157 0.2265197 -0.0258929 0.1802767 0.1452942 0.2676052
0.1250594 -0.3944699 0.3344775 -0.3395602 0.2001726 -0.3481956 -0.3392460 -0.3245388 0.8669094 -0.0948545 -0.4340739 0.2891694 -0.3993867 0.4683047 0.0000000 -0.4565106 -0.2217617 0.6815596 -0.3403348 0.3517737 -0.0192819 -0.1642365 -0.4384443 0.7394574 -0.3550175 -0.4131561 0.3174589 0.6816705 -0.1998397 0.4436248 -0.1267280 -0.4079056 0.5248110 0.4653195 -0.4132020 -0.3768578 -0.4797947 -0.1318264 0.4007133 0.4857188 0.2237253 -0.4301765 -0.1576097 0.5115351 -0.1605018 -0.4087874 -0.4424733 0.1360585 0.2971523 -0.5148227 -0.4376085 -0.1163837 0.0256308 0.0285303 0.1201814 -0.4769549 -0.4550271 -0.3591091 -0.2539935 -0.4767695 -0.2861666 -0.1767325 0.5714493 -0.4285079 -0.2200160 -0.2553219 -0.5494660 -0.4729585 0.0022074 -0.5045641 -0.4295064 -0.4569898 -0.4367236 -0.3669814 -0.2173360 -0.4725919 -0.3975221 -0.2725041 -0.3789958 -0.1161559 -0.0096426 0.1853406 -0.2740780 -0.1419450 0.2286921 -0.0066737 -0.0050095 0.1198049 -0.1921227 -0.2670063 0.2662423 0.0658881 -0.1764174 -0.0380240 -0.1553636 0.0638153 0.1526067 -0.1937565 -0.5381148 -0.5132531 -0.4058406 -0.4908276 -0.4638135 0.0544500 0.3087280 -0.1910703 -0.2865129 0.0088092 -0.2636835 -0.4032038 -0.5310808 -0.3898025 -0.5469546 -0.2577869 -0.6275376 -0.6151828 -0.2395835 -0.3931452 -0.1378678 -0.2842700 -0.2483798 0.1108703 -0.2962184 -0.2024011 -0.3640284 -0.3946662 0.0396429 -0.3513308 -0.3511661 -0.5011900 -0.4140271 -0.3024914 0.0257838 -0.4010496 -0.1511488 -0.3482824 -0.0209428 -0.4476512 -0.0759496 -0.3490985 -0.6033172 -0.3816998 0.1967600 -0.4342577 -0.0363816 -0.4554126 -0.3084650 -0.1128945 -0.0777363 -0.5652931 -0.5191113 -0.2233497 -0.3648786 -0.4540329 -0.2322483 -0.3757501 -0.4671826 -0.5532948 -0.2465575 -0.5398756 -0.5675723 -0.3409454 -0.3818112 -0.4107011 -0.3854277 -0.2772566 -0.2672439 -0.1341206 -0.3688660 -0.2063489 -0.3920726 -0.1982397 0.3121819 0.5816458 -0.0030877 -0.1406371 -0.0688735 0.0923563 -0.3132331 -0.2225960 -0.1267610 -0.3418653 -0.6540681 -0.4905987 -0.1962682 -0.4556312 -0.1935108 0.2368195 -0.2489175 -0.1456966 -0.2680004 -0.2431428 -0.1950258 -0.1620414 -0.1841344 -0.1581456 -0.4107987 -0.1711997 -0.0066435 -0.3993767 -0.1135831 -0.1678243 0.1457165 -0.2031081 -0.1658879 0.1055951 -0.3344900 0.5497312 -0.1883649 -0.0725765 -0.0272028 -0.1464813 0.1352774 -0.4201456 -0.0378676 0.4493556 -0.1615521 -0.1038542
-0.1129132 0.7615917 0.2127727 0.9615012 0.1879777 0.8897838 0.2318802 0.9791681 -0.2442708 0.7903101 0.9829151 0.1904745 0.9095273 0.2243976 -0.4565106 0.0000000 0.7712218 0.1187327 0.9658598 -0.4438798 0.5023015 0.7824740 0.9902448 -0.5695253 0.8908134 0.9922325 -0.1546790 -0.8319229 0.7072543 -0.7151664 0.3940980 0.8814111 -0.7430241 -0.4600193 0.9656978 0.6522544 0.9752995 0.8414036 -0.0652927 -0.4264821 0.1264127 0.7150454 0.8161498 -0.6589372 0.5363701 0.9767459 0.9838991 0.0012833 0.1365565 0.9337298 0.9780543 0.7404908 0.4557389 0.4623310 0.0197715 0.9673187 0.9813987 0.8940092 0.7434296 0.9694906 0.8675528 0.9015648 -0.5074865 0.9198217 0.7779507 0.8277198 0.9419958 0.9413633 0.5525129 0.9454798 0.9835204 0.9348078 0.9712267 0.9165955 0.8833333 0.9690392 0.9323381 0.9444491 0.9782364 0.8831560 0.8594262 0.4365947 0.3719189 0.4709087 0.0043058 0.2693724 -0.2190824 -0.3007984 0.2363088 0.1571081 -0.5590595 -0.2506211 -0.0835820 -0.1333016 0.1003553 0.1614752 -0.2367522 -0.0192662 0.1121958 0.5540988 0.3110101 0.3449578 0.3117166 0.6531182 -0.0610572 0.5847743 0.3883055 0.2953338 -0.1000292 0.6285591 0.3893446 0.2278637 0.3219295 0.1649547 0.4436208 0.4845162 0.2885749 0.3256850 -0.0459535 0.0398559 0.1945957 0.1709369 0.3625694 0.0715508 0.2812033 0.2871364 0.5252440 -0.0533472 0.1796573 0.5447380 0.4287185 0.5860759 0.2959558 0.5879158 0.4436652 0.2688368 0.2289502 0.4504372 0.2756788 0.4540399 0.4798753 0.3727446 0.1603706 0.4288012 0.2776717 0.6428415 0.0510776 0.1085163 0.3586187 0.3285082 0.4537346 0.4940666 0.2018211 0.4920017 -0.0393777 0.4586621 0.4424871 0.5049021 0.6228834 0.3754801 -0.0843064 0.1638303 0.1488266 0.3315869 0.1954454 0.3012381 0.0543998 0.5140315 0.5271960 0.3496477 0.5961144 0.5788094 0.0418970 -0.0038776 0.2932373 0.5159819 0.4380923 0.2310852 0.4761948 0.4297121 0.3603094 0.5307981 0.6909114 0.5233388 0.3325291 0.8861631 0.5328474 0.0403744 0.7958149 0.6441401 0.0048250 0.8326506 0.7371761 0.0129951 0.0562433 0.1858942 0.3224643 0.6588134 0.7741600 0.3031745 0.1345134 -0.1211450 -0.1945412 0.2213966 -0.0358693 0.6908218 0.3569294 -0.5320931 0.0447221 0.1633314 0.3156513 0.3786629 0.1966245 0.8645432 0.5993737 -0.4777026 0.1640605 0.5555984
-0.1401633 0.7384118 0.2995138 0.7890505 0.5021372 0.8780538 0.4950469 0.8113093 0.0509862 0.7911895 0.8239782 0.4372936 0.7461043 0.4098225 -0.2217617 0.7712218 0.0000000 0.2805416 0.7680491 -0.2651142 0.5862582 0.7366584 0.8217843 -0.1079979 0.7294722 0.7755822 0.2287346 -0.4451966 0.6594283 -0.2316886 0.3042587 0.7476741 -0.3589699 -0.1118952 0.8474855 0.6000365 0.7959240 0.6467603 0.3700407 0.0066424 0.0928273 0.6489019 0.8793461 -0.3024038 0.5492263 0.8232437 0.8183897 -0.0246436 0.4827800 0.6433465 0.8618136 0.8173461 0.5642211 0.8117150 -0.1043951 0.7396073 0.7551245 0.8956034 0.7000659 0.8403234 0.8050810 0.8565085 -0.3781938 0.7737451 0.7395652 0.6263019 0.7763469 0.7826899 0.4361944 0.7535611 0.7292388 0.7284891 0.8726491 0.7508750 0.6885727 0.8012053 0.7553353 0.7149569 0.7466267 0.7816475 0.7131811 0.4263210 0.4670445 0.5284849 0.1838022 0.4068593 -0.0976088 -0.1102866 0.3563924 0.3741649 -0.3922317 -0.1121031 -0.0695626 -0.1146593 0.1306293 0.0440958 -0.1674811 -0.1491549 0.2091149 0.2351254 0.4418623 0.1541408 0.1895404 0.6422426 0.0495701 0.2827190 0.3811423 0.1883622 0.0437630 0.4420013 0.3542947 0.2635793 0.1609062 -0.0437314 0.3315835 0.3908773 0.2718648 0.4646498 0.0451775 0.2442332 0.3802258 -0.1181067 0.3806981 0.1259601 0.3910825 0.4302189 0.2473662 -0.0096916 0.3625638 0.5006866 0.5211014 0.4291818 0.2559893 0.7014278 0.3660757 0.3747058 0.4256935 0.4610235 0.4332122 0.6182515 0.5682321 0.4882745 0.0752106 0.4861353 0.2900682 0.6526264 0.1834547 0.2426497 0.3621276 0.4081988 0.4739980 0.5966014 0.2716491 0.5186990 -0.1519967 0.6028922 0.3979385 0.5206895 0.5647472 0.4024317 -0.0483317 0.2963675 0.2494415 0.4239772 0.2549157 0.5013768 0.0589719 0.6165154 0.7290570 0.5718128 0.5302735 0.6996823 0.3163163 0.1864808 0.5402835 0.6996187 0.6230847 0.4464997 0.4981940 0.4448878 0.4148967 0.4473526 0.6223806 0.3858534 0.2541960 0.7853316 0.3872314 0.1424617 0.6520137 0.6284625 0.2058569 0.7542368 0.7280688 0.2016236 0.2869397 0.4025036 0.4919389 0.7912604 0.8372651 0.4490018 0.2988690 0.0482610 -0.0842162 0.4260144 -0.1540727 0.5452577 0.4209213 -0.4843740 -0.0643160 0.2672184 0.4514994 0.6694254 -0.0157570 0.8370836 0.4098307 -0.6243965 0.0329988 0.5700260
