0.0000000 0.2036332 0.6160984 0.6066057 0.3120679 0.1605949 -0.0018227 0.4204210 -0.0026981 0.0118360 -0.2515062 -0.2082938 0.1335060 -0.3861290 0.1735516 -0.1446099 -0.2889117 0.0251367 -0.0223491 0.3857167 -0.4473917 -0.0902746 -0.0009998 0.5710181 -0.2777781 -0.2358757 -0.1883333 0.3301118 -0.1734249 -0.1839814 0.3452992 -0.1510990 0.5338867 -0.0113785 0.0065796 -0.3391806 -0.3200969 -0.1145370 -0.3656360 0.1746547 0.1387648 -0.3695424 -0.2115917 0.4809580 -0.2409303 -0.0511869 -0.1190968 -0.1196790 0.4160855 -0.0811627 -0.1008516 -0.3248225 0.0084346 0.0622827 -0.1923908 -0.1607963 -0.2079137 0.3227155 -0.1802865 -0.2620030 0.0046173 -0.2916864 -0.1560707 0.2690932 -0.0385146 -0.3505377 -0.2735516 -0.1549674 -0.3019549 0.1065092 -0.4607685 0.1858963 -0.1780575 0.2673388 -0.3066804 -0.1824619 -0.0103893 -0.5153170 -0.1923638 -0.1292993 -0.2232097 0.5417394 0.3039305 0.6240865 0.0582990 0.0343879 -0.1169586 0.4057614 -0.2117331 -0.2598702 0.1803278 0.2007073 0.1770773 0.5329816 -0.0755354 0.0286271 0.0792786 0.0007506 -0.1475709 0.0879485 -0.0391057 -0.2465106 0.2333937 -0.5439873 -0.1077942 -0.0888186 0.0173316 0.2252565 0.2135622 -0.1781346 0.3893443 0.0069898 -0.4619699 -0.4705021 -0.5898299 -0.3974080 -0.4849256 -0.5817298 -0.4217343 -0.2605110 -0.2758039 -0.4304899 0.2847261 -0.1834851 0.0824337 -0.0278055 -0.2573058 0.4993809 0.0675346 0.1700610 0.1258240 0.4692669 0.1628894 0.4518478 0.1789574 0.5688893 0.1318890 0.1714714 0.2100395 -0.0011711 0.3875034 0.2712578 0.2016109 0.1491233 0.2451902 0.2542392 0.5082872 0.3085726 0.2588643 0.1551437 0.1894450 0.2264257 0.0638434 0.5300223 0.1633586 0.3311053 0.2092746 0.3264867 0.3016441 0.1964407 0.2565242 0.1137847 0.3212585 -0.1212773 0.2099411 0.4180602 0.3112056 0.1385637 0.0922308 0.1659835 0.2799204 -0.0523638 0.7649471 0.2950164 0.1229460 0.1017715 0.1417653 0.0947844 -0.0374971 -0.2121428 -0.0894389 0.0587567 -0.1100626 0.0462714 -0.0310359 -0.0023735 0.0674794 0.0557265 0.0928482 0.0781234 -0.1862728 -0.0408166 0.1173807 -0.0305127 -0.1984473 -0.2543793 -0.2628765 0.0293736 -0.1398896 -0.2484080 0.2905823 0.1079699 -0.0819511 -0.0650859 0.4537908 0.1660784 -0.1220994 0.3629962 0.1095875 -0.1062142 -0.0440467 -0.5837635 0.5120664 0.2057985 -0.1677188 0.0692310 -0.1541286 -0.1012308
0.2036332 0.0000000 0.6612437 0.2598560 0.7178038 0.7520503 0.7277710 0.5097212 -0.0826661 -0.4359107 -0.3771078 0.5836137 0.5775758 -0.1089480 0.1550199 -0.5330959 -0.0182321 0.5884709 -0.2690930 0.7052818 0.2865815 -0.0405771 -0.1871868 -0.3331660 -0.0060833 -0.2377143 -0.1896022 -0.5222504 -0.4275685 -0.0391619 0.5598331 0.1173755 -0.4395913 -0.6016902 -0.1510884 -0.0168791 -0.2206417 0.2141781 -0.5025504 -0.4811353 0.5052058 -0.3699722 -0.2461350 -0.2454177 -0.5912626 -0.1174497 -0.1657771 0.3251949 -0.4695034 -0.1848036 -0.3984032 -0.4167408 -0.5179723 -0.1596124 0.0315000 0.2787461 -0.1238683 0.0265118 0.7191429 -0.4883737 0.3077348 -0.5785782 0.4352885 -0.2645068 0.1788497 -0.0350544 -0.5520209 -0.4594444 0.1711865 -0.3247344 -0.5760027 -0.3331612 -0.6071884 0.5929094 -0.0882577 0.0774079 0.0538584 -0.4544252 0.1141704 0.3088207 0.1882079 -0.2689180 -0.4014175 -0.1829493 -0.5023122 -0.6294147 -0.4994819 -0.4797065 -0.4865507 -0.5761235 -0.3115958 -0.4311215 -0.0792670 0.0651596 -0.4621208 -0.0947863 -0.4826587 -0.1963475 -0.4889051 0.0800819 -0.5528565 -0.3642880 -0.3580508 -0.1990149 -0.5580652 -0.1478878 -0.5031154 -0.4206499 -0.3956170 0.2619903 -0.0835575 -0.4290973 -0.3011158 0.0427418 -0.3582265 -0.0286154 0.1841918 -0.3263935 0.1644637 -0.0990654 -0.0393281 0.2334608 0.0979515 -0.3994492 -0.2388410 0.2321714 -0.3660632 0.0946290 0.2169641 -0.6353600 -0.6601843 0.1897889 -0.2593532 0.2264735 0.3128748 0.0858102 -0.4520948 -0.2248720 -0.3152955 0.0425932 0.2025615 -0.0580303 0.6072678 0.5948080 -0.2342703 -0.3424610 -0.0921771 0.2937691 0.4289027 0.1732354 0.2969996 0.3943158 -0.2110041 0.2788761 0.2436297 0.6470029 0.1762511 0.0317738 0.3551328 0.3287272 0.0182366 -0.0344143 0.4340271 0.1576627 -0.0292784 0.5470470 0.1624621 0.1095729 -0.1207197 -0.4605796 0.0416096 -0.3061741 0.4415153 0.2245840 0.6927510 0.4516874 0.3236169 0.0965626 0.1741656 0.1237568 -0.1128005 0.2693987 0.4414717 0.4538915 0.6754922 0.7608874 0.7713086 0.7042743 0.3894177 -0.2988577 -0.0169584 0.0572527 0.4016133 0.4449218 0.3312978 0.4776700 0.5132056 0.3774726 0.4491706 0.0921784 0.1048827 0.3693330 -0.1456799 0.0717145 0.2366919 0.4789351 0.0071555 0.7738512 -0.2728403 0.2831020 -0.2842277 -0.2402417 0.3005395 0.3946423 -0.2288270 0.6449714 0.0165400 0.3572879
0.6160984 0.6612437 0.0000000 0.6991651 0.7845909 0.5986845 0.4598487 0.7914501 0.0934497 -0.0434118 -0.1010586 0.1348788 0.6358389 -0.2179450 0.1327635 -0.2003051 -0.4082024 0.3280849 -0.0092549 0.7669350 -0.1793768 0.2622318 -0.1647191 0.0951408 0.1455519 -0.1051576 -0.2854459 -0.1267829 -0.2383767 -0.2098602 0.6377818 0.3796021 0.0597976 -0.2296673 -0.0589410 -0.3345344 0.0048682 0.3157316 -0.4515213 -0.1045596 0.5876781 -0.3447630 -0.2732665 0.1607879 -0.2945708 0.0852746 0.0609735 0.4221374 0.1083377 -0.1527609 -0.2644448 -0.2490336 0.0090730 0.0093697 0.1617114 0.3568388 -0.0037528 0.3030980 0.4284202 -0.3554420 0.4585754 -0.4217812 0.3693866 0.2163951 0.4383951 -0.2212002 -0.3455099 -0.2290227 0.0595022 0.0441669 -0.5680590 0.1550578 -0.2650237 0.7036610 -0.1512066 0.2279340 0.2872899 -0.4072931 0.2720486 0.3282315 0.2829559 -0.0571089 -0.3365857 -0.0551477 -0.6135615 -0.4240812 -0.3548482 -0.3293159 -0.5904289 -0.6269184 -0.0704201 -0.0732612 -0.0343516 0.0031157 -0.2918970 -0.0580088 -0.4105009 -0.1226788 -0.4238594 -0.1213270 -0.5721278 -0.2491542 -0.1933982 -0.4527950 -0.4919286 -0.1420001 -0.4252578 -0.2227273 -0.3970368 0.1235139 -0.1005932 -0.4789186 -0.4573520 -0.2029000 -0.6671545 -0.4318800 -0.2392461 -0.6864809 -0.2610730 -0.4465808 -0.1749155 -0.1265720 0.0676839 -0.3186616 -0.1805331 -0.2287530 -0.4286704 0.1713583 -0.1164343 -0.1763227 -0.3385302 0.1943759 -0.3164709 0.5074406 0.0507698 0.1226781 -0.2715090 -0.2567555 -0.2084014 -0.1756961 0.0934287 -0.1372957 0.4994742 0.3913770 -0.0018574 -0.2510948 0.0502005 0.1229279 0.4226656 -0.2060617 -0.0692388 0.0735575 -0.2892135 0.1553010 -0.0860952 0.3579411 0.1163716 -0.1529280 0.3626722 -0.0278678 -0.1925537 -0.3260979 0.1387283 -0.1807109 -0.2622483 0.2925052 0.0486074 0.2000159 0.0188158 -0.3552345 0.1270128 -0.0657516 0.7431467 0.3755941 0.5159676 0.4589975 -0.0172005 -0.0209822 -0.2758067 -0.2502174 -0.2909814 0.0233912 0.1207510 0.1780315 0.4621244 0.5563702 0.5499066 0.5646629 0.5201175 0.1351467 -0.4490422 0.2172855 0.3392709 0.0050423 -0.2209321 -0.0789440 0.0294625 0.3745688 0.4314533 -0.3599579 0.3936144 0.4263752 -0.0584490 -0.0399174 0.4478486 0.2175425 -0.4598723 0.4982764 0.1541863 0.3130797 -0.1460742 -0.4448695 0.5418158 0.4702725 -0.2551678 0.5151421 -0.0328211 0.3219941
0.6066057 0.2598560 0.6991651 0.0000000 0.4612449 0.5930579 0.3547078 0.6724412 0.0002866 0.2630348 0.1769453 0.2400983 0.4670345 -0.3422900 -0.0451625 0.2534632 -0.2272145 -0.1937788 0.3590378 0.4159278 -0.2219577 0.1103915 0.2927468 0.4580428 0.1299024 0.2197336 0.0398341 0.1024612 -0.1518347 -0.0511086 0.3527643 0.2687254 0.3682285 -0.1097086 0.3351826 -0.4117972 0.1917289 0.2224109 -0.1194513 0.1980121 0.2147394 -0.4217045 0.0649942 0.4257912 -0.2567959 0.3888502 0.3375208 0.0159963 0.4171251 0.0135682 0.1039439 0.1377875 0.2278575 0.2059918 0.1403669 0.3619672 0.2626421 0.4304295 0.0783332 0.1669243 0.2445631 0.0593243 0.1265303 0.4336171 0.4939167 0.0646260 0.1356714 0.0516687 0.0842592 0.3086543 -0.2215151 0.4344062 0.1180618 0.7096420 -0.0513093 0.4043003 0.6153984 -0.1647973 0.3230431 0.4259981 0.3126480 -0.0339337 -0.3244599 0.1680125 -0.2849054 -0.1449396 -0.3112951 0.0375544 -0.3362029 -0.5140910 0.0120757 0.0568991 0.1238264 0.0950105 -0.0438599 0.0553303 -0.3328065 0.2056640 0.0065392 -0.0411771 -0.3666745 0.0251999 0.0088372 -0.4718696 -0.2880292 -0.0569527 -0.1173065 0.0510828 -0.1654217 0.2010227 -0.0505531 -0.1555191 -0.0289107 -0.0153250 -0.4385441 -0.2828389 -0.2254985 -0.2725849 -0.1527834 -0.0538253 -0.0061117 -0.2373066 -0.2910583 0.1260308 0.1853516 -0.0828328 -0.3010411 -0.1778060 0.0689732 0.2339989 0.1373022 -0.0001662 0.0177884 0.4915943 -0.3139265 0.1657571 0.2036034 0.0013857 0.2414399 -0.0201224 -0.0725290 0.1377408 0.2199855 0.5114838 0.4281430 0.1387961 0.3695768 0.2664079 0.2543988 -0.1206093 -0.1900698 0.1127566 -0.1580253 -0.0269132 -0.0197638 0.0858294 0.0496156 -0.0077420 0.0979049 -0.3527732 -0.3123283 -0.3981713 -0.2489930 -0.3352542 -0.2503628 -0.1470545 -0.1765721 0.0854597 0.2029252 -0.1052821 0.0097193 0.1009693 0.5828450 0.3744124 0.3961959 0.2556679 -0.2393090 -0.4161575 -0.4116843 -0.5137795 -0.5899883 -0.1276083 -0.1222692 0.0364974 0.1841962 0.3258434 0.2000177 0.3426421 0.6919692 0.5856895 -0.1594022 0.5362866 0.5263216 0.0567184 -0.0484970 -0.0323525 -0.0789836 0.4312291 0.3199240 -0.2803242 0.3488296 0.1986692 0.0406350 0.0886354 0.3686938 -0.1301382 -0.3535841 0.2598906 0.4100044 0.2428950 0.1908948 -0.2147649 0.5085259 0.4875488 0.1934352 0.0823708 0.0862208 -0.0588752
0.3120679 0.7178038 0.7845909 0.4612449 0.0000000 0.6014487 0.6832754 0.7301587 -0.1965222 -0.3258956 -0.2113095 0.3576555 0.8446811 -0.2439045 -0.0507808 -0.3551583 -0.3848685 0.4238352 0.0539719 0.8524658 -0.0008306 0.3597317 -0.1365445 -0.2256374 0.3347605 -0.0137451 -0.1842431 -0.4050872 -0.4028088 -0.3033489 0.7883467 0.4753490 -0.2818528 -0.5255774 0.0777580 -0.2943641 0.1186285 0.5125639 -0.4948764 -0.3358706 0.7076419 -0.4399135 -0.1763133 -0.1225435 -0.5316017 0.2109099 0.1702747 0.5444047 -0.2860194 -0.1350968 -0.1312791 -0.2639558 -0.2628349 -0.1102007 0.3553356 0.5324108 0.1651862 0.1154056 0.5426649 -0.3008098 0.3155989 -0.5646924 0.6416967 -0.1122682 0.4481484 0.1478880 -0.4571568 -0.4857456 0.2729014 -0.3371668 -0.2689369 -0.1401594 -0.5236516 0.7975454 0.1959103 0.1437773 0.3003333 -0.1763030 0.2301039 0.4294363 0.2815902 -0.1665931 -0.3761142 -0.2729741 -0.5561563 -0.4077439 -0.2933273 -0.4786593 -0.4947821 -0.5752400 -0.2006960 -0.1724359 -0.0031333 -0.1866021 -0.2444356 -0.2895958 -0.3101068 -0.1097565 -0.5165954 -0.2418724 -0.4909545 -0.1493801 -0.1713457 -0.3114712 -0.5937521 -0.2200828 -0.3519757 -0.2672805 -0.3895506 0.1577102 -0.0918694 -0.4973422 -0.1651627 0.0172705 -0.3360143 -0.0486687 0.0576534 -0.2770540 0.0913043 -0.0525691 0.2050702 0.2042483 -0.0349569 -0.0834850 -0.0528270 -0.1067000 -0.2571546 -0.0180461 0.0879240 -0.2589862 -0.3388423 -0.0108841 -0.1986165 0.3765175 -0.0232323 -0.0792542 -0.2756022 -0.2896491 -0.3265451 -0.2076206 -0.0536266 -0.2487906 0.6997629 0.5315976 -0.0901828 -0.4243695 -0.0319178 0.0857097 0.4372780 -0.1469420 -0.0086506 0.1780310 -0.3170205 -0.0534255 -0.0412887 0.2756551 0.1040169 -0.1503162 0.3053507 -0.0737631 -0.2976591 -0.2717987 0.0355531 0.0014180 -0.3260771 0.2034331 -0.1428169 0.1169841 -0.0533422 -0.3352652 0.0028641 -0.0827160 0.3384689 0.1900139 0.6259590 0.4553018 0.1116841 -0.0903799 -0.1647206 -0.2118387 -0.2945314 0.0547637 0.2253033 0.2867200 0.6365208 0.7902577 0.8411774 0.8717047 0.6400708 -0.0226527 -0.1193900 0.2337148 0.5007565 0.3352383 0.1339826 0.2622707 0.2376899 0.6288569 0.5837598 -0.2587279 0.4512432 0.6278769 -0.0683997 0.1178655 0.4203965 0.5969019 -0.2764460 0.6336478 0.1551936 0.5926602 -0.2337250 -0.1032380 0.6241950 0.5763775 -0.0765940 0.6936585 0.0109201 0.4034420
0.1605949 0.7520503 0.5986845 0.5930579 0.6014487 0.0000000 0.7102712 0.6728653 0.1366527 -0.1316923 -0.0950429 0.7517779 0.6327884 -0.0263488 0.1955110 -0.1790351 -0.1240589 0.1907799 0.1158980 0.5841215 0.2124603 0.0983964 0.0341276 -0.0810256 0.0935984 0.1037092 0.1520940 -0.3160115 -0.3509162 0.1771299 0.4038055 0.1984341 -0.2079426 -0.5082271 0.2279543 -0.2779765 0.1615213 0.3660758 -0.0935280 -0.0906859 0.4174143 -0.4674544 -0.0062374 0.0228738 -0.5328802 0.3805826 0.1958340 0.2509267 -0.0945582 0.0550552 -0.0858203 0.1081284 -0.1930899 0.2681010 0.1746403 0.5764740 0.2043494 0.4561114 0.5237372 0.0085194 0.3086275 -0.1411251 0.4782434 0.0867020 0.5423187 0.1812624 -0.1003426 -0.0157425 0.3508731 0.0227200 -0.2869202 0.0103900 -0.2798066 0.7361391 0.0400611 0.2573148 0.4121325 -0.3065509 0.3193479 0.4927084 0.2888480 -0.4691724 -0.5718622 -0.1857040 -0.4393816 -0.5326119 -0.6025375 -0.3449999 -0.3998853 -0.5146585 -0.4539494 -0.4465994 -0.2030278 -0.0600125 -0.3450527 -0.1471503 -0.7013693 -0.1107744 -0.2064795 -0.1826588 -0.6498179 -0.1609118 -0.3937470 -0.2973744 -0.7598778 -0.2260040 -0.5101580 -0.4227511 -0.4745138 0.3058000 -0.3032322 -0.3785314 -0.1355897 0.1609807 -0.3297959 -0.1040966 0.1370514 -0.1710142 0.1413833 0.1124499 0.0180872 0.0787586 -0.3613129 0.0636207 -0.1085961 0.1968706 -0.4784051 -0.3064912 0.1832935 -0.4205297 -0.4970076 -0.1283465 -0.3239433 0.3010183 0.1119969 0.0555445 -0.2755283 -0.1614019 -0.1400474 0.1692127 0.1894155 0.0518531 0.3659425 0.8230887 0.1053233 -0.1578550 0.1326804 0.4632637 0.2984682 0.1695198 0.0987502 0.3707781 -0.3089094 0.0683753 0.3246765 0.3840976 -0.1495634 0.0408508 -0.0635337 -0.0716325 -0.1277722 -0.2055304 -0.0605221 -0.2200815 -0.1224989 0.1366219 -0.2558672 -0.1980056 -0.1693822 -0.3749485 -0.2243778 -0.4002796 0.4844616 0.4094415 0.6983769 0.3500531 0.0001484 -0.2908196 -0.0896778 -0.2144358 -0.3902518 -0.0605450 0.0719728 0.0993137 0.4369743 0.7728787 0.5598901 0.6434030 0.6927989 0.2610864 0.0476193 0.4397556 0.6114802 0.4110122 0.3643272 0.4147209 0.4173434 0.5247801 0.5490187 0.0416317 0.1513303 0.1677796 -0.0837617 0.0923660 0.3228826 0.1122311 -0.0474581 0.4972174 0.0755870 0.3434371 -0.0169567 0.0300878 0.4455429 0.6168081 0.1735835 0.2869720 0.2525393 0.2159095
-0.0018227 0.7277710 0.4598487 0.3547078 0.6832754 0.7102712 0.0000000 0.4951664 -0.4390364 -0.5786702 -0.3765614 0.7674123 0.6761634 -0.3079390 -0.3583090 -0.3424226 -0.0998371 0.2420793 0.2169754 0.5669886 0.1692872 0.0293847 -0.0545970 -0.3223986 0.2504332 0.1245678 -0.0650696 -0.5591636 -0.6447808 -0.1569746 0.6408063 0.2124227 -0.4173349 -0.7226106 0.0503139 -0.1272675 0.0209441 0.2959448 -0.3846301 -0.2377324 0.4064291 -0.5175883 -0.3046502 -0.1763633 -0.5644775 0.0656299 0.0029084 0.2201437 -0.4073240 -0.1211209 -0.2027986 -0.2556124 -0.4877583 -0.1749267 0.3158456 0.3907887 0.0044603 -0.0106020 0.5278739 -0.2515683 0.3471035 -0.4901954 0.4984645 -0.3721765 0.1835315 0.2365348 -0.3503281 -0.5535512 0.2358518 -0.4791149 -0.1171337 -0.2861867 -0.5221866 0.6625009 0.1352071 0.1665511 0.3760904 -0.0333478 0.1193776 0.5941090 0.2469765 -0.2558189 -0.3992127 -0.1307381 -0.3238162 -0.2968794 -0.2167937 -0.2880800 -0.1400391 -0.3764402 -0.2269333 -0.1996610 0.1185301 -0.0139521 0.0030447 0.0812903 -0.5223896 0.1169818 -0.1546471 0.0711173 -0.2288877 -0.1156837 -0.0230911 -0.2508621 -0.4799251 0.2190154 -0.2885320 -0.0696976 -0.3609900 0.3933043 -0.0316567 -0.1852264 0.1601922 0.3628338 -0.2307259 0.2168464 0.2982102 0.0250990 0.3373827 0.3456473 0.3235751 0.4058351 -0.2992853 -0.0256737 0.2410071 0.2833021 -0.2296265 -0.3020117 0.5727561 -0.4281509 -0.2978384 -0.0365739 -0.2058578 0.0818397 0.0927742 -0.1240499 -0.1551186 0.0004585 -0.0907583 0.1991344 0.0064425 0.0249237 0.4599801 0.7678663 0.0415863 -0.2776823 0.0775514 0.3425081 0.2982483 0.2532874 0.1950378 0.4773253 -0.0295466 -0.0272992 0.1910263 0.1720191 -0.0756214 0.1021612 0.0741190 -0.1106084 -0.2386177 -0.0901725 -0.0364353 0.0350344 -0.0990332 -0.0040502 -0.2976357 -0.0993717 0.1229436 -0.3564154 -0.2641623 -0.2393926 0.1721049 0.2729976 0.8734689 0.6050835 0.1823155 -0.2486836 0.0919617 -0.1364858 -0.4507956 0.0497611 0.2087695 0.3158953 0.5780827 0.6905604 0.7364513 0.7531751 0.7085361 0.0358324 0.3785864 0.4865066 0.7382404 0.7256531 0.5967203 0.7433799 0.6573037 0.6807248 0.6677771 0.1720585 0.4197984 0.4651859 0.2663120 0.4676699 0.3056901 0.3737209 0.1476628 0.5006443 0.2127822 0.6683401 0.1925474 0.3257958 0.5193291 0.7721582 0.3568810 0.4095749 0.2729373 0.4806572
0.4204210 0.5097212 0.7914501 0.6724412 0.7301587 0.6728653 0.4951664 0.0000000 0.1445273 -0.0227256 0.0983797 0.2693961 0.8607494 -0.2122463 0.1018739 0.0055185 -0.4756878 0.1324149 0.3796838 0.7058551 -0.1287903 0.5562381 -0.0440697 0.0381218 0.4497887 0.1135136 -0.0676358 -0.1723984 -0.1685755 -0.3570256 0.7471246 0.4308799 0.0469393 -0.0991939 0.2738474 -0.5474949 0.3596429 0.4966040 -0.3060083 -0.0936827 0.6134787 -0.3821237 -0.0725247 0.1101912 -0.2124028 0.4204836 0.2506096 0.4768263 0.1598255 0.2464402 0.0412924 0.0991055 0.1377413 0.1147437 0.3885450 0.5514959 0.1955406 0.4072636 0.3913750 0.0620597 0.4886940 -0.0571464 0.5221966 0.3307486 0.6896008 0.0527638 0.0545941 -0.0375662 0.4364860 0.1220199 -0.2117445 0.3013000 -0.0350391 0.8482709 0.2309148 0.3073273 0.4560209 -0.2139186 0.4425740 0.4703895 0.4154098 -0.1737736 -0.2634824 -0.0556977 -0.3755645 -0.2226756 -0.4539872 -0.2060819 -0.2943705 -0.3245137 -0.0865305 -0.1435725 -0.1061130 -0.0547551 -0.1260994 -0.1369468 -0.4766761 -0.0575677 -0.2925593 -0.3367568 -0.5120638 0.0601513 -0.1693179 -0.2777625 -0.5883356 -0.2224581 -0.3103287 -0.2007393 -0.3131340 0.2059392 -0.0760457 -0.4683643 -0.1261227 0.1023857 -0.3452144 -0.1126050 0.0850741 -0.3672716 0.0584023 -0.1527368 0.1266716 0.0982864 -0.2458908 0.0206048 -0.1484871 -0.1462005 -0.2114593 -0.1574512 -0.1066332 0.0073927 -0.2333267 -0.0603882 -0.2018720 0.2946006 -0.1288304 -0.1774187 -0.2848330 -0.1319263 -0.2389647 -0.1408809 -0.0762092 -0.2021569 0.4130565 0.4298346 0.1150647 -0.3678248 0.1137508 0.0189782 0.2017849 -0.1493058 -0.1622500 0.0148649 -0.2982395 -0.0778517 -0.0258660 0.0841745 -0.0955146 -0.1969510 0.1126782 -0.2282096 -0.2560851 -0.2707518 -0.1593601 -0.2824349 -0.3049912 0.1161158 -0.2347782 -0.0010120 0.0323807 -0.2200023 -0.0913255 -0.1661776 0.5396983 0.4197236 0.5710633 0.4687963 -0.0417779 -0.0626260 -0.4187814 -0.4415416 -0.2576419 -0.2507192 -0.0598784 -0.0100655 0.3948045 0.7003280 0.5575984 0.6513551 0.6558969 0.2762499 -0.3025498 0.3372059 0.4169187 0.1146205 -0.0952546 0.0260040 0.1004629 0.4448754 0.5671616 -0.3145217 0.5455679 0.3270860 0.0318521 0.1454859 0.3624407 0.1497412 -0.4453682 0.2828834 0.3619090 0.3895304 0.0038071 -0.0793968 0.6030459 0.5562792 -0.1570417 0.3889203 0.2571895 0.4556490
-0.0026981 -0.0826661 0.0934497 0.0002866 -0.1965222 0.1366527 -0.4390364 0.1445273 0.0000000 0.5508785 0.4625614 -0.2224980 -0.1465076 0.7399936 0.8418755 0.1612992 -0.0758374 0.2619215 -0.1578113 -0.1388451 0.2105871 0.2907837 -0.0447480 0.1448246 -0.1002245 0.0760552 0.2385615 0.3306687 0.5920485 0.4574238 -0.3290382 0.1791411 0.1601230 0.4356118 0.0266140 0.0624599 0.3895346 0.1876436 0.3817437 0.0756105 0.1844215 0.4570068 0.1795332 0.0486694 0.4025879 0.3573330 0.2232177 0.3406690 0.4384130 0.0603307 0.0835415 0.4500415 0.5668556 0.5511905 0.0068782 0.2445616 0.2677322 0.6091934 0.0518352 0.2191799 0.1651669 0.4219035 0.0434343 0.6565227 0.4513094 -0.0286436 0.2584740 0.7449579 0.2552185 0.7470351 -0.0473772 0.4187719 0.4616631 -0.0482575 0.0043053 0.2786903 -0.0228079 -0.0656584 0.5048880 -0.0993732 0.1918756 -0.4001735 -0.1432238 -0.2624147 -0.0769155 -0.2172633 -0.2957896 -0.2061121 -0.2236191 0.2197839 -0.2426739 -0.2511970 -0.6442540 -0.2859162 -0.3225717 -0.3841436 -0.1847557 -0.4903013 -0.1480151 -0.4933955 -0.3256296 0.0036167 -0.4963805 0.2579296 -0.3268947 -0.5753270 -0.2965727 -0.4827986 -0.1611691 -0.2672979 -0.2573430 -0.2508753 -0.5053696 -0.3645437 -0.0161539 -0.5222527 -0.2650649 -0.3398738 -0.4009847 -0.5965352 -0.5895361 -0.4683021 0.1335527 -0.1822024 -0.6924227 -0.2607902 -0.1387179 0.1627863 -0.7362735 0.1023239 -0.3610380 -0.0298141 -0.2229084 -0.0313775 0.0480283 0.1180584 -0.3502769 -0.3888988 -0.2420336 -0.0645322 0.2674255 -0.1225493 -0.2269004 -0.2787684 -0.2300758 0.0696066 -0.1599710 0.0226546 -0.1147872 -0.1577965 -0.0766687 -0.4026291 -0.4825376 0.1905095 0.1216282 0.0772639 -0.2573897 -0.3762964 -0.2400402 0.1129878 0.0932899 -0.1544891 -0.0943649 -0.3369012 -0.1051541 0.0758922 0.1646602 -0.1832615 -0.5916963 -0.1657601 -0.1359756 -0.3574168 0.1816851 -0.0362440 -0.4330178 -0.2832485 -0.2925345 0.2505070 -0.2103440 0.1746969 0.4350747 -0.1180907 -0.1246725 -0.3397426 -0.1100806 0.0136581 -0.1704452 -0.1365043 -0.2093025 0.2248671 -0.6652075 -0.1281104 -0.4330286 -0.6700548 -0.5516290 -0.6210881 -0.4476330 -0.4027672 -0.1086881 -0.1678660 -0.4464306 -0.5301181 -0.5158023 -0.6086882 0.0233595 -0.3265039 -0.3625677 -0.2188268 -0.2850449 -0.4771237 -0.3538948 -0.3355768 -0.1362308 -0.3159292 -0.3884437 -0.0775027 0.0406624 -0.1274215
0.0118360 -0.4359107 -0.0434118 0.2630348 -0.3258956 -0.1316923 -0.5786702 -0.0227256 0.5508785 0.0000000 0.8553270 -0.3039021 -0.2641455 0.3770479 0.3874862 0.6014951 0.2125151 -0.1347013 -0.0017482 -0.2766706 0.1998062 0.2219542 0.3940343 0.4015623 0.0020728 0.2478028 0.2953400 0.4429169 0.7385997 0.4096860 -0.3784877 0.3113938 0.4227708 0.6393973 0.3155700 0.1555226 0.4129287 0.1374075 0.5976302 0.1480443 -0.0160673 0.4490134 0.5704230 0.2525455 0.4200698 0.4341744 0.4358923 0.0676154 0.4880555 0.1245186 0.3316807 0.6773564 0.7820787 0.2937964 0.0590106 0.1692651 0.4834315 0.1915687 -0.2316540 0.5046749 -0.0360089 0.6899797 -0.1108125 0.7594968 0.4402017 0.2076186 0.5483386 0.6630278 0.1526880 0.8258220 0.2092052 0.6086243 0.8145137 0.0434921 0.1419455 0.5047434 0.3838836 0.3004582 0.4772577 -0.0285968 0.4660095 -0.2613094 -0.1609480 -0.1002375 -0.0463850 -0.0283036 -0.0960242 0.0202001 -0.2606804 0.0254743 0.0688920 0.1100471 -0.2027829 -0.2296497 -0.2410521 -0.1196452 0.1055605 -0.1029128 0.1420220 -0.0853677 -0.1143381 0.1767594 -0.2512758 0.3202679 0.1151164 -0.3439274 0.0516736 -0.1127307 0.1172315 -0.1864071 -0.2333083 0.1504385 -0.0333699 -0.3046279 0.1583681 -0.4451779 -0.3512813 -0.0448735 -0.4115195 -0.3658686 -0.2314476 -0.5192731 -0.1458572 0.0699663 -0.1335412 -0.1727866 0.0493272 -0.1714267 -0.5473201 0.4898501 0.2223342 -0.1726575 0.0179115 0.1782769 -0.5989199 0.0379787 0.2063146 -0.1130868 0.2146465 -0.1354689 -0.3375445 0.0027384 -0.3553843 -0.2825131 0.2212580 0.3704246 -0.2049764 -0.2442804 -0.2770899 -0.5325619 -0.5806490 -0.4786459 -0.2542650 -0.2669983 -0.4448817 -0.0973965 0.0323136 -0.4113680 -0.1412018 -0.2946208 -0.3899450 -0.5577155 -0.3711970 -0.2041987 -0.5221013 -0.3218120 0.0935249 0.1852086 0.0611757 -0.2343646 0.0105110 0.3230350 0.0068125 -0.2688597 -0.5912111 -0.5592321 -0.5120705 -0.1732281 -0.3527255 -0.0562120 0.0202227 -0.0851201 -0.1232409 -0.2112242 -0.2075173 -0.2409460 -0.4359780 -0.3072943 0.0242318 0.5206811 -0.4690689 0.1869676 -0.2251355 -0.7021698 -0.4385086 -0.6194361 -0.4723068 -0.2624154 -0.2442142 -0.0861303 -0.2900178 -0.2454995 -0.4294727 -0.4993027 -0.2062154 -0.5712219 -0.3702049 -0.3344143 0.0224959 -0.3282820 -0.1542709 -0.3354823 -0.2929022 -0.4968497 -0.1416957 -0.1555811 0.0277663 -0.5708890
-0.2515062 -0.3771078 -0.1010586 0.1769453 -0.2113095 -0.0950429 -0.3765614 0.0983797 0.4625614 0.8553270 0.0000000 -0.1795095 -0.0044124 0.4201042 0.2435964 0.7307335 0.1124072 -0.0246445 0.2706669 -0.2998214 0.3462292 0.4910974 0.5021155 0.2832319 0.3565831 0.4934004 0.2018012 0.2886067 0.7950075 0.2070484 -0.1638376 0.4822872 0.3101648 0.6701199 0.4781015 0.1343280 0.6492623 0.3866977 0.5401603 -0.0061637 0.1593856 0.4499903 0.6311502 0.1310360 0.4829553 0.5395172 0.6321785 0.2939616 0.4043801 0.1052089 0.5294917 0.7609718 0.8235586 0.2964543 0.3067228 0.3345227 0.6947955 0.1505968 -0.1137009 0.6404487 0.0593156 0.7417542 0.0798671 0.7599370 0.5859248 0.4498241 0.6182813 0.6046664 0.3967016 0.7854588 0.4044237 0.6452497 0.8510125 0.1850706 0.3571777 0.6962139 0.5525581 0.5162454 0.6697192 0.2219626 0.6112473 -0.3792514 -0.1861819 -0.3040864 -0.0448482 0.0350151 -0.0563130 -0.1609755 -0.1539889 0.0881266 0.1237831 0.0702639 -0.1853418 -0.4165643 -0.1370801 -0.2292490 0.0680328 -0.0397907 0.0414964 -0.2094218 -0.1386003 0.4008167 -0.1942486 0.4395277 0.1105993 -0.3553593 0.1134346 -0.1264976 0.0584356 -0.1358233 -0.2013829 -0.0027070 0.1565251 -0.0640759 0.2987990 -0.1785530 -0.0517431 0.1040730 -0.1204910 -0.2799215 -0.0034115 -0.1820945 -0.2907698 0.0658381 -0.1347806 -0.2010683 0.2885695 -0.3913196 -0.5177484 0.5052560 0.2328371 -0.3156273 0.1195772 -0.0809430 -0.7912495 -0.3288147 0.0868834 -0.1613867 0.1053858 -0.2390240 -0.6256059 -0.1718087 -0.3586830 -0.3422458 0.1163920 0.1470673 -0.3492593 -0.4673526 -0.4205768 -0.6048747 -0.7078657 -0.5948104 -0.3017514 -0.4923370 -0.5692117 -0.3495395 -0.0643919 -0.6093727 -0.2267355 -0.4829781 -0.6133683 -0.6684255 -0.5625900 -0.2213661 -0.7036690 -0.4717690 -0.0693977 0.1566468 0.0938714 -0.3431254 -0.1709968 0.3257581 -0.3110838 -0.3557261 -0.4627393 -0.3458348 -0.4208568 -0.0474393 -0.3982740 -0.0955231 0.0162454 -0.2396650 -0.1356475 -0.2284498 -0.1027078 -0.1059390 -0.2610225 -0.1111496 0.1536246 0.4960649 -0.4562891 0.3138357 -0.1489257 -0.5921275 -0.3753604 -0.4428495 -0.3816472 -0.1334618 0.0385951 -0.1347550 -0.1739308 -0.1959449 -0.3437530 -0.2753383 -0.3976776 -0.5387507 -0.4462368 -0.4144344 0.0752832 -0.1518332 -0.1402339 -0.0810409 -0.3538784 -0.4249867 -0.1588174 -0.1008243 0.0509022 -0.3084487
-0.2082938 0.5836137 0.1348788 0.2400983 0.3576555 0.7517779 0.7674123 0.2693961 -0.2224980 -0.3039021 -0.1795095 0.0000000 0.3820501 -0.1030310 -0.1035261 -0.1801582 0.0929824 0.0484777 0.2360215 0.2634306 0.4992394 -0.0784090 0.1542266 -0.2755427 0.1317931 0.2680085 0.2357075 -0.4772405 -0.3538289 0.1668869 0.2498889 0.1487329 -0.4089027 -0.6844070 0.2771284 -0.0895159 0.1736973 0.2700288 -0.0173374 -0.1642299 0.2216037 -0.4325430 0.0715362 -0.0618014 -0.5223306 0.2878642 0.1541030 0.1127921 -0.4059094 -0.0816926 -0.0097352 0.1484636 -0.4140825 0.1199047 0.1663184 0.4393788 0.1992160 0.0962404 0.3263952 0.0866981 0.0283703 -0.1411100 0.4439613 -0.2918441 0.2424578 0.3898290 -0.1078058 -0.2168750 0.2534835 -0.3032221 0.0210785 -0.2322170 -0.3165864 0.4938636 0.1635630 0.1897636 0.4646412 0.0661859 0.1906778 0.6308128 0.2837651 -0.5031096 -0.4952110 -0.1666632 -0.2589779 -0.5309005 -0.5550565 -0.2769335 -0.2811816 -0.3483986 -0.6289550 -0.5707264 -0.2623543 -0.1792787 -0.3348066 -0.0777481 -0.6338594 -0.1891715 -0.1994690 -0.0427788 -0.3365422 -0.3405325 -0.3763004 -0.0386227 -0.5820322 -0.0784750 -0.5196709 -0.3962528 -0.4328103 0.1525042 -0.3207163 -0.1302432 0.2185502 0.2955263 0.0628074 0.1768063 0.3124725 0.2684926 0.3124496 0.4134646 0.1923738 0.2028454 -0.4897612 0.1810165 0.2079576 0.4620227 -0.2605255 -0.5328449 0.5097810 -0.4573969 -0.3650967 -0.2464966 -0.2306990 -0.0198430 0.0391254 -0.0850191 -0.1732748 0.0513990 -0.1258161 0.3367050 0.0611982 0.1369287 0.1563865 0.7569544 0.0405313 0.0034190 -0.0704328 0.3978360 -0.0552682 0.2791121 0.1029387 0.4315268 -0.1502715 -0.0641294 0.3424468 0.2394279 -0.2690721 0.1101991 -0.2436010 -0.1577572 -0.0908385 -0.0210842 -0.1128710 -0.1555207 -0.0195063 -0.0478183 -0.3626543 -0.3705590 -0.0578002 -0.3666252 -0.5057387 -0.3516195 0.0449885 0.3179131 0.7084458 0.2582563 0.0645944 -0.3817628 0.0685910 -0.1728122 -0.4805584 -0.1328920 0.0127217 0.0487105 0.3270231 0.5893604 0.4841065 0.5534431 0.6893919 0.2296988 0.4588565 0.5815559 0.8032786 0.7033352 0.7566122 0.8024774 0.7867083 0.6234927 0.5979435 0.4294296 0.0745389 0.1230698 -0.0377844 0.1771958 0.1795657 0.1804042 0.3251753 0.4591603 -0.0430169 0.3801509 -0.0156081 0.4299721 0.2493414 0.4628930 0.4187381 0.2305560 0.2688208 0.1203462
0.1335060 0.5775758 0.6358389 0.4670345 0.8446811 0.6327884 0.6761634 0.8607494 -0.1465076 -0.2641455 -0.0044124 0.3820501 0.0000000 -0.2851712 -0.1439691 -0.1259969 -0.4563488 0.2228256 0.3623803 0.7869298 -0.0549640 0.5987659 -0.1351088 -0.2525161 0.5986333 0.0910586 -0.2254085 -0.4749609 -0.3385165 -0.4836526 0.8407470 0.4234348 -0.2621750 -0.3000908 0.1994119 -0.4002629 0.2810504 0.6322801 -0.3874751 -0.2924517 0.6784418 -0.3911346 -0.1415055 -0.1848600 -0.3588783 0.3444198 0.2296603 0.5414630 -0.1907870 0.2070189 0.0197096 -0.0483435 -0.1336384 -0.0767900 0.5477876 0.6325254 0.2291199 0.1540897 0.5324248 0.0041872 0.3780401 -0.2479647 0.6932529 0.0158694 0.5470961 0.2569191 -0.0953168 -0.3019112 0.5620922 -0.1677765 -0.1189480 0.0209007 -0.2768430 0.8183338 0.3550067 0.2558484 0.4057245 -0.1259752 0.3388931 0.5166811 0.3455906 -0.2156088 -0.3313115 -0.2690539 -0.4292976 -0.2127286 -0.2996788 -0.3658402 -0.1980837 -0.3932927 -0.0630260 -0.1792693 0.0796850 -0.1445477 -0.0064765 -0.2491529 -0.4645763 0.1057342 -0.2489336 -0.2719221 -0.4879725 0.1957044 -0.0832728 -0.2726687 -0.5720216 -0.1381903 -0.1664106 -0.1392150 -0.3241631 0.3799989 -0.1027064 -0.4799194 0.1243270 0.3784212 -0.1947841 0.2321911 0.3807598 -0.1235187 0.3913298 0.1266684 0.4574993 0.5017302 -0.3475976 0.0817208 0.0145856 -0.0835072 0.0142309 -0.3030258 0.1195621 -0.0654921 -0.1478857 -0.1571650 -0.1115462 0.2343418 -0.1595169 -0.3300759 -0.1789436 -0.0969549 -0.2284807 -0.1751839 -0.2109751 -0.2697050 0.5826453 0.5079224 0.1010352 -0.4850190 0.0284030 -0.0384820 0.3278321 -0.1483520 -0.1384436 0.1392836 -0.2398624 -0.2134969 -0.0931306 0.0029642 -0.0603868 -0.1348330 0.1313526 -0.2635990 -0.3619555 -0.2873111 -0.1430598 -0.0916916 -0.3482288 0.0495649 -0.3185970 0.0537380 0.0853337 -0.2535559 -0.0223631 -0.0721064 0.2314246 0.2881543 0.6903812 0.6178004 0.1759286 -0.0242032 -0.2325562 -0.2979320 -0.2853700 -0.1391923 0.1313214 0.1679274 0.5442823 0.7685822 0.7139419 0.8030435 0.6713184 0.0553750 -0.0518270 0.2837196 0.4655984 0.3743129 0.1377186 0.3200202 0.2826860 0.5854955 0.6578464 -0.2287582 0.5911769 0.5225088 0.1988643 0.4228806 0.1481879 0.3571777 -0.2711076 0.3167934 0.3688606 0.5881133 0.0823656 0.1686980 0.4986735 0.6210605 -0.0335952 0.4868132 0.2163997 0.5879743
-0.3861290 -0.1089480 -0.2179450 -0.3422900 -0.2439045 -0.0263488 -0.3079390 -0.2122463 0.7399936 0.3770479 0.4201042 -0.1030310 -0.2851712 0.0000000 0.7266152 -0.0051195 0.1984636 0.4682151 -0.2986159 -0.3466793 0.5613710 0.1207584 0.0687757 -0.0031552 -0.2747280 0.0453648 0.2381916 0.3205294 0.6496138 0.6869067 -0.4615467 0.1709836 -0.0285659 0.3449335 -0.0474977 0.5224443 0.3075276 0.1589724 0.5702516 0.0012062 0.1806255 0.6530380 0.2381368 -0.0986698 0.3861957 0.2766529 0.1563084 0.3854168 0.1751397 -0.1112222 0.0544398 0.3818922 0.3989961 0.4755200 0.1560612 0.2583064 0.3100183 0.3945456 0.1457125 0.0301309 0.0859256 0.2588280 0.1640722 0.3968111 0.2475074 0.3245520 0.0020968 0.6281484 0.2831207 0.5173034 0.1873779 0.0340472 0.3089460 -0.1784470 0.2018328 0.2492969 -0.1044734 0.2828777 0.3751678 -0.1210303 0.1727405 -0.5391905 -0.2176842 -0.4735995 -0.0300572 -0.2229349 -0.0673125 -0.3260143 -0.1835581 0.2585301 -0.1747884 -0.1687564 -0.5404147 -0.4360543 -0.2939436 -0.4486627 0.0459628 -0.3965965 -0.1354272 -0.3906613 -0.1617392 0.0950689 -0.4469041 0.4742641 -0.1525994 -0.5270317 -0.1416685 -0.4721209 0.0531332 -0.3314096 -0.1629417 0.0065669 -0.3441428 -0.2771903 0.1676411 -0.3074236 -0.1262798 -0.0055237 -0.2492404 -0.3551574 -0.4172059 -0.3135848 0.1438280 -0.2083775 -0.4973186 0.0496727 -0.0376951 0.1255177 -0.5061478 -0.0999405 -0.3323666 -0.0021882 -0.1786050 -0.2096298 -0.0757475 0.0861961 -0.2306454 -0.2719485 -0.0579823 0.1802268 0.1453600 0.1046596 -0.2687236 -0.2589623 -0.2301337 0.1515871 -0.2386322 0.1023389 -0.1732512 0.0310215 0.0402556 -0.2145377 -0.2929780 0.1006167 0.0184185 0.1217509 -0.1356698 -0.3359177 -0.2668045 0.2051408 -0.0655371 -0.1130975 -0.1322241 0.0353208 -0.2084615 0.0174793 0.2471924 -0.0257480 -0.5106157 -0.2439459 -0.1914879 -0.1913922 -0.2726817 -0.4886944 -0.5444298 -0.4610413 -0.2780344 0.2405975 0.0676724 0.4877640 0.4922595 0.0465811 0.0866584 -0.1639659 0.0368040 -0.0080798 -0.0432000 -0.0438910 -0.2688181 0.0152870 -0.4182212 -0.1162282 -0.4618979 -0.5579265 -0.2257668 -0.4136155 -0.3594840 -0.4658373 -0.2023694 0.1612023 -0.7071662 -0.5815887 -0.6222193 -0.5826983 -0.1575154 -0.2374933 -0.0264023 -0.2487778 -0.4905723 -0.4346363 -0.4396145 -0.1470404 -0.3418478 -0.4131785 -0.2303675 -0.0605366 0.0201808 -0.1956986
0.1735516 0.1550199 0.1327635 -0.0451625 -0.0507808 0.1955110 -0.3583090 0.1018739 0.8418755 0.3874862 0.2435964 -0.1035261 -0.1439691 0.7266152 0.0000000 -0.1346982 0.0790975 0.4825516 -0.3961944 -0.0039823 0.3852622 0.0692178 0.0122904 0.1573265 -0.4140792 -0.2015261 0.1695382 0.3108156 0.5434049 0.5130095 -0.2747992 -0.0203729 0.0881667 0.2503494 -0.0197262 0.2376771 0.0868558 0.0775810 0.2624517 -0.0714768 0.2339456 0.3684584 0.2226002 0.0362399 0.1021129 0.2202456 0.0410922 0.2934186 0.2197373 -0.0335017 -0.0124161 0.2155181 0.2526635 0.4970475 -0.1056182 0.1608738 0.1602389 0.5484154 0.1355578 -0.0363430 -0.0590807 0.1443607 0.0932279 0.4718433 0.2664584 0.0497975 -0.1044805 0.5655531 0.2006417 0.5408997 -0.2586975 0.1047279 0.1423019 -0.0021033 -0.0159586 0.0653638 -0.1893530 -0.2468055 0.2847630 -0.2262298 0.0428688 -0.3071829 -0.0642487 -0.1257942 -0.0340924 -0.4151440 -0.4711916 -0.1657719 -0.3875794 0.0413239 -0.3119253 -0.4065675 -0.6178907 -0.1082227 -0.5727355 -0.5361030 -0.0552054 -0.5783784 -0.3531353 -0.3594686 -0.3628366 -0.1811940 -0.5852541 0.2411339 -0.3710153 -0.7890198 -0.2965416 -0.5949065 0.0456477 -0.3907573 -0.0734290 -0.1889186 -0.6066237 -0.4716104 -0.0341531 -0.4355909 -0.2371005 -0.2890953 -0.3403234 -0.5167049 -0.6055574 -0.4866304 0.3281147 -0.2640655 -0.6469078 0.0496163 -0.1777142 0.3893831 -0.5349129 -0.0766901 -0.4317207 0.1812486 -0.0759672 0.0930402 0.1350900 0.3867284 -0.3110528 -0.2267772 -0.1431471 0.0779329 0.4358519 0.1455430 -0.0390353 -0.1246150 -0.2235091 0.2277155 -0.0303089 0.2551243 0.0047356 0.1306958 0.2008930 -0.0797614 -0.3512003 0.4822215 0.2734896 0.4973955 -0.0022254 -0.1265095 -0.0343728 0.4407591 0.3094793 0.0939240 0.2654715 -0.0800362 0.0569469 0.4762673 0.4786195 0.0152108 -0.5974882 -0.1097103 0.0437872 -0.3065380 0.2473775 -0.1378731 -0.3968263 -0.3965730 -0.0477056 0.3812239 0.0579653 0.3900444 0.5355424 0.1160999 0.0954524 -0.0998401 0.0470579 0.1362327 0.0201259 0.0116542 -0.2589564 -0.0713934 -0.5407031 -0.2995320 -0.3978023 -0.4842096 -0.3043302 -0.4566221 -0.3483631 -0.4237341 -0.2530779 0.0395313 -0.6182741 -0.5410749 -0.7656475 -0.6686577 0.0612345 -0.0025496 -0.0981503 0.1198989 -0.6090731 -0.6168778 -0.6178611 -0.5158411 -0.1274578 -0.4017775 -0.5279652 0.0836532 -0.0778734 -0.2359176
-0.1446099 -0.5330959 -0.2003051 0.2534632 -0.3551583 -0.1790351 -0.3424226 0.0055185 0.1612992 0.6014951 0.7307335 -0.1801582 -0.1259969 -0.0051195 -0.1346982 0.0000000 0.0446403 -0.4470496 0.5453560 -0.4369435 -0.0946494 0.2226212 0.7014379 0.4957467 0.3702313 0.6925936 0.2675746 0.3906506 0.4544849 -0.0161934 -0.2128279 0.1347522 0.4952159 0.5089404 0.6616716 -0.2656737 0.4982861 -0.0033215 0.3847138 0.3587358 -0.3155714 -0.0500137 0.6574082 0.4237942 0.2582312 0.2881781 0.6726227 -0.2050285 0.5251601 0.0183924 0.7466275 0.6875399 0.6953335 0.3619853 -0.1127913 -0.0871822 0.5460410 0.1337292 -0.4919586 0.7753932 -0.1934431 0.7218529 -0.3957641 0.6051408 0.4014951 0.0661491 0.7044396 0.5119814 -0.0935469 0.5539923 0.3516412 0.7756176 0.7281738 0.0210278 -0.0909652 0.3707454 0.5284349 0.3186201 0.3292359 0.1254571 0.2650443 0.0609851 0.1512352 0.0937032 0.2184882 0.3139926 0.0729337 0.1628512 0.1655694 0.1399899 0.1222382 0.1721691 0.0088341 -0.1426267 0.1302901 0.1437576 0.1871263 0.1025943 0.1219373 -0.0121203 0.1267887 0.3360829 0.0983468 0.2268002 0.3375457 -0.0173057 0.2055071 0.1192112 -0.0538645 -0.1507938 -0.1171504 -0.1167650 0.2477394 -0.0014374 0.1625968 -0.0736798 -0.0991723 0.1680582 -0.0607757 -0.1249369 -0.0134020 -0.1847948 -0.2770683 0.3855073 0.0119393 -0.4529102 0.1113680 -0.4807541 -0.3400472 0.4766852 0.3519401 -0.5445037 0.2045103 -0.0543538 -0.6509927 -0.4514020 0.0835417 -0.1448586 0.0614450 -0.4751270 -0.6391847 -0.2975145 -0.5939117 -0.3306576 0.0522481 0.1144784 -0.0796478 -0.4920731 -0.5241877 -0.4808881 -0.6858781 -0.5847931 0.0156637 -0.5287905 -0.4562673 -0.6054262 -0.1786723 -0.4102600 -0.3144955 -0.7001559 -0.3729002 -0.4436610 -0.5989221 -0.5035942 -0.3617825 -0.6652118 -0.3761974 -0.0419158 0.1578930 -0.0322580 -0.2676824 0.2983219 -0.3014294 -0.0212911 -0.3264910 -0.2321182 -0.2983004 -0.1876290 -0.3539300 -0.3925369 -0.1658306 -0.3464480 -0.4802635 -0.3539940 -0.5081947 -0.3264909 -0.5780338 -0.4212190 0.1380655 0.5905365 -0.2484798 0.3889673 0.0320507 -0.3467679 -0.3827502 -0.2821479 -0.3487583 0.0792643 0.0828235 -0.4501615 0.0787713 -0.0849073 0.0419497 0.0075137 -0.2613215 -0.5556460 -0.5110998 -0.4999438 0.3586104 0.0397096 0.1389632 0.1026707 -0.2310535 -0.1614077 0.0921787 -0.4942150 -0.0010490 -0.1841271
-0.2889117 -0.0182321 -0.4082024 -0.2272145 -0.3848685 -0.1240589 -0.0998371 -0.4756878 -0.0758374 0.2125151 0.1124072 0.0929824 -0.4563488 0.1984636 0.0790975 0.0446403 0.0000000 0.1209401 -0.4909222 -0.3042387 0.4727602 -0.6464328 0.3942218 -0.1524601 -0.4838609 -0.1794225 0.4728805 -0.0128111 0.0919727 0.5254320 -0.4792806 -0.2816366 -0.2208290 -0.0285168 -0.0650676 0.6447287 -0.2406525 -0.5677317 0.2234136 -0.2414200 -0.4976401 0.2525625 0.3706692 -0.2955539 -0.1585667 -0.2929191 -0.2463545 -0.5114532 -0.3193417 0.0739805 -0.1219100 -0.0122887 -0.1665110 -0.3248306 -0.3898472 -0.3839914 -0.1382704 -0.4401016 0.1904947 -0.0559907 -0.1237476 0.1937712 -0.4090031 -0.1830139 -0.2198517 0.1244208 0.0701408 0.0559906 -0.0936321 -0.0083001 0.0181077 -0.2258561 0.1788620 -0.1140701 0.0073676 0.0712244 -0.1549595 0.1365807 -0.0403082 -0.3312057 0.2263625 -0.1572089 -0.0412534 0.0724874 0.2992714 -0.0292125 -0.0157398 0.1281815 0.1623144 0.1965365 0.0937982 0.0394285 0.1391058 0.2502067 -0.0823348 0.3905825 0.3652345 0.1454493 0.2358112 0.6479215 0.3520271 0.0736648 -0.1542256 0.6457646 0.4508846 0.1272174 0.2292171 -0.0007616 0.3422844 0.2269995 0.1621544 0.3982560 0.2933598 0.0842135 0.4735606 0.1884252 0.1246668 0.5095991 0.1614036 0.1639718 -0.0378747 -0.1061009 0.2697115 -0.0292326 -0.1095283 0.3990792 -0.0572902 0.0315496 0.0585620 -0.1198227 -0.1133292 -0.0153221 0.1886874 -0.0010372 -0.1923784 0.0842781 0.1341133 -0.0438492 0.2320119 0.1225080 -0.1757492 0.1899023 -0.0366369 0.0520594 -0.0934091 0.1795694 -0.0178387 0.1585502 0.0596598 0.2271082 0.2662581 0.1408744 0.3071815 0.0240212 0.0515701 0.4087503 0.4739242 0.0236704 0.2592930 0.4049559 0.0219168 0.1064730 0.2257126 0.5663417 0.0408418 0.0507196 0.4099796 0.4012588 0.0756098 -0.0661722 0.1776678 0.2208105 -0.2868792 -0.5453086 -0.3458724 -0.5590250 -0.0587512 -0.1410461 0.3727056 0.5240173 0.3036658 0.6859900 0.5616253 0.6042108 0.2253257 -0.0081909 -0.1116861 -0.1669010 -0.2517976 -0.2582928 0.2247951 -0.1858630 -0.1924297 -0.0584895 0.2564243 0.1031238 0.0522195 -0.3072220 -0.4692117 0.3847158 -0.5595339 -0.0935481 -0.2819323 -0.2161740 -0.1819750 -0.0186297 0.1975813 0.1177069 -0.4006286 -0.2257345 -0.0932757 -0.2236200 -0.3753012 -0.3867417 -0.0374947 0.0236301 0.2325063 -0.4125932
