0.0000000 -0.0317251 0.3065289 -0.1631492 0.4953900 -0.2497365 -0.0831206 -0.0649792 -0.0482546 -0.5442874 -0.1419772 -0.3807529 0.2454869 -0.5291729 -0.4022598 -0.3176961 -0.3355145 -0.2401734 -0.1863924 0.2048526 -0.4942602 0.2920350 -0.3233026 -0.2285535 -0.2210108 -0.5003115 -0.0934612 -0.2820090 -0.5924506 -0.2996777 0.1253798 0.0407055 -0.3073691 -0.4440101 -0.4624802 -0.4779049 -0.2873972 0.1980331 -0.3981342 -0.2027543 0.4468566 -0.2493146 -0.5037710 -0.1804236 -0.2607007 -0.0371091 -0.2347603 0.3655745 -0.4383765 0.5187983 -0.4264546 -0.2546110 -0.3698440 -0.0933584 0.3752948 0.3355755 -0.1891930 -0.0901509 0.1199235 -0.4292984 -0.1070384 -0.4815968 0.3698398 -0.3405631 -0.2478757 -0.0069624 -0.3295978 -0.2854286 0.1337333 -0.3207737 -0.2589390 -0.3358496 -0.3253576 0.0374675 -0.3366191 -0.3682391 -0.4060230 -0.0074396 -0.1186435 0.1005047 0.2574113 0.3553915 0.1295850 -0.1384220 -0.2368572 -0.2099202 -0.4086994 -0.2339443 -0.4974149 -0.3331102 -0.4224227 -0.0556300 -0.3843582 -0.1815969 -0.3069840 -0.1927054 -0.0958178 -0.4995246 -0.2950226 -0.2888773 -0.2010234 -0.3632859 -0.0544545 -0.2201310 -0.1912327 -0.3160971 -0.2598973 0.1914232 -0.5226476 -0.1291361 -0.2639503 -0.2611438 -0.3325859 -0.1863180 0.3720394 -0.2088686 -0.2912809 -0.2080502 -0.2984310 -0.2269563 -0.3957968 -0.2975119 0.3231240 -0.1473790 -0.0975695 -0.5641200 -0.2644511 0.2362665 -0.5070146 -0.0834144 -0.0160345 0.0478381 -0.0993807 -0.1975568 0.1946850 0.0168556 -0.0734385 -0.6547598 0.2000695 -0.3671994 0.3784761 -0.5795508 0.3696128 -0.3050678 -0.5659560 0.0040528 -0.2222524 0.0950920 0.4807072 -0.0534249 0.0902183 -0.1772110 -0.4342722 0.0443702 0.3054469 0.1953078 -0.1307219 -0.2654748 0.4581003 -0.2503945 -0.0845593 -0.3395584 0.2257999 -0.0689529 -0.3174048 -0.1422975 0.0977335 0.3545758 0.1719449 -0.5043002 -0.0773349 -0.2290152 0.3886874 -0.0160624 -0.1878635 0.0016643 -0.4086702 -0.0928740 -0.4940347 -0.1807062 0.1783381 -0.1859728 -0.2244073 0.0551140 0.0019076 0.0983946 0.3378452 0.1969772 0.0550751 -0.3070155 -0.2096379 -0.2258501 -0.1658749 0.1673769 -0.6805793 -0.4819965 -0.5588848 -0.0298451 -0.0910699 -0.5398263 0.0239142 0.0914974 0.0231501 0.0931778 0.3911843 0.1652526 -0.5345962 -0.3432640 0.1300754 -0.3960700 -0.4051380 -0.2258864 0.3180661 0.0086311 -0.2225232 0.0271559 -0.4788211 -0.5670704
-0.0317251 0.0000000 0.5429439 0.1550994 0.6394049 0.0714157 0.4938124 0.1969074 -0.1542513 0.0828474 -0.0283756 0.6676881 0.5166906 -0.1217013 0.2069989 -0.0152038 -0.0843741 -0.2532108 0.0760509 0.1993292 0.6105437 -0.0245890 -0.1138259 0.0469274 0.0091801 0.4659280 -0.1965911 0.0101849 0.5696023 0.0217983 0.1162417 0.1875566 0.1161651 0.4104366 0.3145625 0.5343351 0.3933299 0.3334992 0.2864817 0.3509584 0.0759291 0.3829829 0.1053385 0.2680791 0.3780819 0.4839148 0.2947423 0.3331004 0.2534174 -0.1783203 0.2412527 -0.0325077 0.4777763 0.0168205 0.4048190 0.4895918 0.3709129 -0.0491290 -0.0570054 0.1065865 0.4196938 0.0149379 -0.0948241 0.2606306 0.7074264 0.0045945 -0.0320515 -0.0390738 -0.1192686 0.1119102 -0.0271999 0.3276632 -0.2064803 0.6404036 -0.0380069 0.1379235 0.5331128 0.0420521 0.1738381 0.3500919 0.1798745 -0.0756863 0.0582717 0.0291989 -0.2927056 -0.1140003 0.0648197 0.0703279 -0.2295270 -0.2021065 -0.4169887 -0.4892661 -0.5155025 -0.3669859 -0.4457411 -0.0534827 -0.1396690 -0.3634095 -0.0484432 -0.2764908 -0.2494796 -0.4341179 -0.0133873 -0.2049819 -0.3304123 -0.2236839 -0.2233450 0.2276382 -0.6044408 -0.2507670 -0.1941958 -0.0392774 -0.3285284 -0.1473681 0.1427593 -0.0218484 0.3044856 0.2000463 -0.1131858 0.2612405 -0.1301573 0.3994210 0.0918497 -0.2699137 0.4507042 -0.3690025 -0.1040065 -0.0482557 0.1009011 -0.4387738 -0.6048631 0.2076360 -0.0159457 -0.1288721 0.0625966 -0.0758341 -0.2158616 0.1023188 -0.2842657 -0.3214343 -0.3297674 -0.2297813 0.0320316 0.0113711 0.0922772 -0.0507144 0.2480820 0.3270925 -0.4443764 -0.0871706 -0.1646192 0.4181691 0.1911789 0.0412925 0.2028622 0.4312097 0.1612862 0.3275611 -0.0433822 0.2034661 0.1895551 -0.1004371 0.4035898 0.1613769 0.1053861 0.2731664 0.0930210 -0.1645369 -0.1677058 0.0166514 0.0943877 -0.0453762 0.4940087 0.4012302 0.8440662 0.5651662 0.6428929 0.7017647 0.5388596 0.5446313 0.5482742 0.4992623 0.1797819 0.3040659 -0.1203547 0.6021440 0.1402389 0.3850012 0.5169588 0.6594334 0.2576375 0.6953367 0.5294554 0.4771157 0.1174510 0.1151990 -0.1923153 0.3810486 0.4868408 -0.1545748 0.3280176 0.0533322 0.1430666 0.1467012 0.0602796 -0.1230370 -0.1628140 0.4925306 0.0248012 0.4539007 -0.2902332 0.0938247 0.2090857 -0.2923341 0.0948505 0.5344777 0.2572243 0.1553008
0.3065289 0.5429439 0.0000000 0.4208282 0.4495907 0.2093571 0.0459652 0.5553528 0.2783679 0.2980309 0.3579205 -0.1835820 0.7791912 -0.1052018 -0.0871532 0.2479721 -0.0756165 -0.1707294 0.4635178 0.3671072 -0.0614961 0.4021193 -0.1035451 -0.0861019 0.4405396 0.2429482 -0.0507588 -0.1411588 0.2479514 -0.3808238 0.4539039 0.5204818 0.1454734 0.4198399 0.2860739 0.0250740 0.3066377 0.7131476 0.1217527 0.0526137 0.6686769 0.1775989 0.1214594 0.2912099 0.4277992 0.4376614 0.3580158 0.6466363 0.3965059 0.4441839 0.2857796 0.2397671 0.4716307 0.2811098 0.4088293 0.5919321 0.3845951 0.2181883 0.0021965 0.2426820 0.3436036 0.2610306 0.0350589 0.4410709 0.4128169 0.5302910 0.3198257 0.2833249 -0.0973309 0.2968973 0.2150828 0.2602391 0.1813027 0.1045176 -0.5282305 0.2883359 0.0987519 -0.2818828 0.1439238 0.3990889 -0.3180854 -0.2605140 -0.5084825 -0.3476950 -0.0797090 -0.2609149 -0.1496471 0.0122587 -0.1305133 -0.1576729 -0.4881300 -0.3931378 -0.0728797 0.0003922 -0.2012012 -0.1358204 -0.0875306 0.1130375 -0.0703881 -0.1088122 -0.2010091 -0.0417084 -0.2593457 0.0778150 -0.2050500 -0.1253509 -0.0386491 -0.1210576 -0.1811839 -0.0186779 -0.1525014 0.0040597 -0.4367578 -0.0705444 0.0883203 0.0354136 -0.0430620 -0.1125802 -0.1360514 0.1129641 -0.0159112 0.1022764 -0.1366121 0.1336224 0.1567606 0.0395447 -0.0071254 0.3122711 0.1873801 -0.0940706 -0.0959492 0.2153663 -0.3519352 0.2322588 -0.0848850 -0.0341317 0.0002606 -0.0766423 -0.1508832 -0.0671372 0.0527504 -0.1615972 -0.2798605 0.3488651 0.1520804 -0.2089552 -0.1794280 -0.0797122 -0.2196921 -0.0544330 0.0120287 -0.0168782 -0.2473205 -0.2736430 -0.1503389 0.1121018 -0.2511297 -0.2351525 -0.3108575 0.0407587 -0.1952303 -0.1909366 -0.0025044 -0.1178257 -0.3240863 -0.2677989 -0.2864132 -0.3020316 -0.3914548 -0.2948142 -0.2763514 -0.3588779 0.2649328 0.1687144 0.1878508 0.0526218 -0.1223949 0.0436205 0.0301157 0.2221983 0.1088611 -0.1670203 -0.0562361 -0.0637923 -0.0031675 0.0531598 0.1763003 -0.0311353 0.0903897 0.1497979 0.2324676 0.2387184 0.0439026 0.0351724 -0.0615445 -0.2293237 -0.0431829 0.3061941 0.0050298 0.1490651 0.1843514 -0.0346616 0.1221763 -0.1264448 0.3491218 -0.1654623 0.2288731 0.0764649 0.0131574 0.0603624 -0.1781989 -0.4815735 0.4086588 -0.0510935 0.1470076 0.0630110 -0.0757322 0.0531298
-0.1631492 0.1550994 0.4208282 0.0000000 -0.2870042 0.8638407 0.2776308 0.8256621 0.4633001 0.5753508 0.8103555 -0.0785799 0.5981693 0.2742253 0.0570728 0.7081167 0.5700950 -0.1208274 0.8178892 -0.2561252 0.1748522 0.5583498 0.0652733 -0.2764304 0.7095020 0.4883986 0.5159481 -0.2051550 0.4760295 -0.3087341 0.0938030 0.4418991 0.0642071 0.5610709 0.7238806 0.3383804 0.5770443 0.5117792 0.2981830 0.0997197 0.3749093 0.3446785 0.6052667 0.2246040 0.7675158 0.6785136 0.7660818 0.1090876 0.5161662 0.4836051 0.6900037 0.5753766 0.7306599 0.4614108 -0.1984557 0.2878298 0.6622676 0.6127355 -0.4121659 0.7080319 0.2926763 0.6247632 -0.5228819 0.7718433 0.4043471 0.5716508 0.7198601 0.6573099 -0.6299307 0.6820892 0.7008324 0.7158128 0.6045945 -0.1038380 -0.2836124 0.6101742 0.0960539 0.1594627 0.2693871 0.2418907 -0.3614347 -0.5643823 -0.1979565 0.0809035 0.4092786 0.5113176 0.2639883 0.1548242 0.5630079 0.1738192 -0.1011647 -0.0988699 0.1845345 0.0433372 0.2276680 -0.0791294 0.0269260 0.2383201 0.1048114 -0.1249425 -0.2423131 0.4808659 0.2612650 0.2768562 -0.2174887 0.1199208 0.3229109 -0.0242543 0.2678960 -0.0788707 0.0911329 0.0235257 -0.2034656 0.0132143 -0.1281566 0.0724933 -0.1661999 -0.0463324 0.0638388 0.5831823 0.5376842 0.1043417 -0.1500987 0.4202564 0.3752184 0.5444232 0.3270148 0.1761904 0.5796956 0.1841897 0.1854597 -0.0318199 -0.1816747 0.0824794 -0.4998717 0.1163114 -0.0677162 0.1200233 -0.6029500 -0.1038728 -0.1562823 -0.1699059 -0.8534631 0.1527489 0.2028908 -0.0923984 -0.5313133 -0.7020346 -0.6900533 -0.5674070 -0.5150743 -0.3234239 0.0124274 -0.4674222 -0.5322405 -0.3847745 -0.3101963 -0.3768291 -0.6089817 -0.3161845 -0.4416101 -0.0704955 -0.4402958 0.0605463 -0.1764245 -0.2655112 -0.2856520 -0.5497343 -0.4064253 -0.0103787 -0.3220508 -0.2814138 -0.4613497 0.0258134 0.0176517 -0.2261821 -0.0259245 0.1300013 0.4296717 0.4341065 -0.1451570 -0.2590307 -0.2980717 -0.4123276 -0.4865373 -0.3902081 -0.6352215 -0.5173762 -0.3162096 -0.0211001 0.5868638 0.0240891 -0.1849794 -0.1708508 0.4291222 0.2918196 0.4417528 0.1051920 0.0566635 0.5995081 0.0301091 0.0724474 -0.0048785 -0.2005990 -0.1935524 -0.0236764 0.5359928 0.2025312 -0.1818405 0.2465310 -0.2196391 -0.1778538 -0.0475117 0.0556644 0.1133542 -0.2220430 0.2342246 0.6306561
0.4953900 0.6394049 0.4495907 -0.2870042 0.0000000 -0.2774248 0.1387485 -0.1237372 -0.3674344 -0.3932643 -0.3941272 0.3142608 0.3191105 -0.3319907 0.1105685 -0.4420770 -0.2852685 -0.1402087 -0.3202181 0.3071706 0.1442997 -0.1573839 -0.1648067 0.1677073 -0.3475800 -0.1849464 -0.3823738 0.0773796 0.0270822 0.1513039 -0.0292666 0.0464872 -0.0440075 0.0552280 -0.3135234 0.0717858 -0.0648965 0.1085192 -0.1113831 0.1897871 -0.0493553 0.1689592 -0.3583970 0.0193346 -0.0232314 0.1203849 -0.1493184 0.2932162 -0.2213534 -0.1689681 -0.2770167 -0.4130605 -0.0413716 -0.2991526 0.5383646 0.4900798 0.0056482 -0.4526740 0.3887065 -0.3744385 0.2595049 -0.5639508 0.2507954 -0.3488568 0.1434212 -0.1357572 -0.5173942 -0.4702546 0.2992634 -0.4534722 -0.4735408 -0.3252527 -0.6495197 0.3466502 -0.2652055 -0.3407522 0.0465501 -0.3552057 -0.0366031 0.1431352 0.2656076 0.3648963 0.1049347 -0.4302992 -0.7910267 -0.4788403 -0.2563780 0.0385617 -0.6151171 -0.2719571 -0.5586221 -0.5569583 -0.4684498 -0.2887507 -0.7393449 -0.0554379 0.0677275 -0.3624896 -0.1909890 -0.1493493 -0.2532457 -0.4671365 -0.3309066 -0.2274578 -0.1541395 -0.3565077 -0.5274618 0.1084965 -0.6963555 -0.4021703 -0.2443353 -0.2282987 -0.3546924 -0.4012816 0.1977801 -0.3896582 -0.0536789 -0.1081705 -0.5707171 -0.1094564 -0.6344894 -0.1029833 0.2502853 -0.5362800 0.0211975 -0.6921959 -0.6362951 -0.2013090 -0.3574624 -0.5294772 -0.6373770 0.0304502 -0.3142257 -0.1246754 0.2287952 -0.3566321 -0.3220104 -0.3193080 0.0068206 -0.2265748 -0.1349191 -0.4019275 0.4366191 0.0648698 -0.2727964 -0.0383505 0.1335956 0.4397862 0.0275005 0.0983132 0.2347648 0.4498118 -0.3066856 0.1448778 0.4545888 0.7573097 0.0332248 0.2459881 0.2669977 0.2273307 0.2149235 -0.3620188 0.6174369 -0.0558214 -0.0772958 0.3667044 0.1336999 0.1740852 -0.0829029 -0.3430759 -0.0223121 -0.2506492 0.5405882 0.1599983 0.3626164 0.3223327 0.1509452 0.3471525 -0.0381312 0.2360489 0.4720931 0.3627774 0.2861885 0.5087890 0.2479857 0.5037402 0.4620910 0.3289891 0.3973488 0.3228207 -0.0807272 0.3415152 0.3435149 0.4989951 -0.2373838 -0.1966726 -0.5029903 0.0795662 0.1601126 -0.5601245 0.2986039 0.2343107 -0.0589193 0.1585233 0.0903992 -0.2694400 -0.5852737 0.0569358 0.2035681 0.2326005 -0.3513809 0.0207451 0.1037571 -0.4173827 0.1593660 0.7173966 -0.0666091 -0.3062873
-0.2497365 0.0714157 0.2093571 0.8638407 -0.2774248 0.0000000 0.4143517 0.6338682 0.6040899 0.5256107 0.6804308 0.0897462 0.4294655 0.4139566 0.2605132 0.7416512 0.5750976 -0.0318772 0.7734593 -0.0289110 0.1746150 0.6156929 0.2466621 -0.1080872 0.7277106 0.5182219 0.5303192 0.0439006 0.4611733 -0.0559271 0.2460854 0.4924373 0.2906904 0.5232978 0.6828596 0.2969024 0.6463722 0.4418915 0.2305735 0.3151176 0.1650527 0.3885135 0.5828402 0.4781198 0.6113814 0.6676695 0.7419584 0.0502997 0.6196643 0.3746527 0.7208434 0.5036202 0.5761962 0.4587899 -0.1625826 0.3081206 0.6781831 0.5671992 -0.2584128 0.7130910 0.3798801 0.4235582 -0.4876304 0.5740696 0.2891710 0.5334840 0.6187736 0.4391405 -0.4578009 0.4662487 0.6033117 0.4885529 0.3664959 -0.1140770 -0.0913970 0.3544402 -0.0367934 0.0338714 0.0720252 -0.0577699 -0.2633091 -0.3092475 0.0665646 0.1327177 0.3458242 0.5541979 0.5186449 0.3481495 0.5806020 0.4259795 0.2590997 0.0908348 0.3767702 -0.0489406 0.3659175 0.2738329 0.3334887 0.3094881 0.4119098 -0.0776327 -0.0657698 0.5581193 0.3485859 0.1598240 0.1086523 0.3534164 0.4159092 0.2014240 0.3970184 0.0911645 0.3959477 0.2640727 -0.1014378 0.2196555 0.0008966 0.2543948 -0.0118221 0.1403493 0.0345435 0.5967256 0.4317598 0.2054573 -0.2330371 0.2820901 0.4471281 0.3968779 0.2355381 -0.0317913 0.7600629 0.2383256 0.2606715 -0.0722924 -0.1257012 0.0397636 -0.4241473 0.0498825 -0.0442083 0.3042014 -0.4811190 -0.0867864 -0.2151682 -0.1062023 -0.6637625 0.1049450 0.1936658 -0.0320156 -0.3120910 -0.4951862 -0.6684081 -0.4670311 -0.4922025 -0.1414205 0.1973536 -0.3240212 -0.4164525 -0.3355261 -0.0938215 -0.1596407 -0.3874541 -0.2446233 -0.1654045 0.1281767 -0.3994457 0.2252110 0.1684611 -0.1229295 -0.1563476 -0.3549695 -0.2534204 0.1967499 -0.0461973 -0.0225001 -0.6884873 0.0276557 0.0126638 -0.1002400 -0.0142854 0.1076818 0.2872100 0.2561846 -0.1580840 -0.1828661 -0.1051027 -0.3005740 -0.3114774 -0.3414926 -0.6153323 -0.5177674 -0.2730806 -0.0860198 0.5838129 -0.0806450 -0.0944472 0.0349278 0.4803348 0.4042231 0.3246364 0.1329213 0.0631253 0.4446122 0.1406833 0.1986262 0.0588262 0.0532500 -0.1616578 -0.1019228 0.4178239 0.3255023 -0.0503112 0.3870770 -0.0452601 0.1376068 -0.0057417 0.0344144 0.2145964 0.0279224 0.4113137 0.7033429
-0.0831206 0.4938124 0.0459652 0.2776308 0.1387485 0.4143517 0.0000000 0.1693527 -0.0287155 -0.1049437 0.1784669 0.6552397 0.3334900 -0.2230925 -0.0658472 0.3647217 0.0549207 -0.3385825 0.2651278 0.1527943 0.5612652 0.3655289 0.1974272 -0.3083857 0.2506927 0.5788689 -0.0338924 -0.0605680 0.4668821 -0.1902923 0.2832924 0.4121295 -0.0212728 0.0664980 0.4245365 0.5163310 0.5675364 0.4540372 0.0776062 0.2962208 0.1547306 0.5142456 0.1574914 0.2595794 0.2998647 0.6283606 0.4549611 0.2619528 0.2201777 0.1831186 0.4478624 0.1197533 0.2353887 0.2394074 0.3340452 0.5487931 0.5075210 0.1649730 -0.1970298 0.2566617 0.3776737 -0.0043409 -0.0938845 0.1567764 0.3516986 0.2781458 0.1727625 -0.1705612 -0.0733253 0.1137191 0.2442147 0.3094542 -0.1690877 0.4681070 0.5333044 0.0656165 0.4287764 0.4145052 -0.0356956 0.1289779 0.2238604 -0.2012316 0.5663587 0.3440332 -0.0798762 0.2618977 0.2231278 -0.0389300 -0.0913663 -0.0184199 0.0700044 -0.0749730 -0.3261436 -0.7472075 -0.0821710 0.2790559 0.0820259 -0.5257074 0.0802295 -0.5907408 -0.2788848 -0.2602405 0.5612687 -0.5871403 -0.0126749 0.0968103 0.0756244 0.6157304 -0.2364228 0.0441792 0.1465923 0.1624265 -0.4248961 0.0088897 -0.1195617 0.1372746 0.0280023 -0.0103026 -0.1718925 0.3188414 -0.0744701 0.2363400 0.1388311 -0.4627946 0.4806304 -0.3630582 0.0379863 0.0936625 0.3178456 -0.3740915 -0.2142567 0.2538872 0.2605410 -0.3313854 0.1359181 0.1459181 -0.0095056 0.0511765 -0.0111246 -0.3405864 -0.2417253 -0.1186231 0.1172006 -0.1758552 -0.2420288 0.1621656 0.1388911 0.2758580 -0.3171365 0.0457817 -0.1653443 0.2917928 0.3617376 0.1025318 0.0920042 0.2448590 0.2922997 0.1441409 0.1651440 0.0905886 0.1646406 0.2222389 0.3621516 0.4341281 0.4012730 0.1688143 0.2093848 0.0276127 0.0211707 0.1895549 0.3654589 0.2867581 -0.0348977 0.6536028 0.7390667 0.7331329 0.5944780 0.6085434 0.4721873 0.3077966 0.1725332 0.2988117 0.2150665 0.1093206 -0.2783357 0.2641837 -0.1910650 0.3001998 0.5382079 0.4935712 0.3365957 0.5386641 0.6034346 0.5782806 0.1803538 0.3136867 -0.0392518 0.6831941 0.4455601 -0.2399364 0.3845113 0.0412242 0.4160722 0.6074987 -0.0839635 -0.1353789 -0.3232030 0.5433193 0.0453555 0.2857147 -0.1723158 0.3152591 0.1567331 -0.1818897 -0.2651344 0.4681149 -0.0188485 0.1329867
-0.0649792 0.1969074 0.5553528 0.8256621 -0.1237372 0.6338682 0.1693527 0.0000000 0.3422753 0.6722454 0.9172438 -0.0758693 0.8359421 0.1727826 -0.1351048 0.7545580 0.7010733 -0.2247785 0.8039195 -0.2731497 0.2634586 0.6404186 0.2996973 -0.3540263 0.6463046 0.3182441 0.4296412 -0.3484768 0.5135258 -0.4437055 0.1482338 0.3631293 -0.0704102 0.5789597 0.6078715 0.4780456 0.4471904 0.6195474 0.5498451 0.1640013 0.4037404 0.6100922 0.6798262 0.1744242 0.8775495 0.6522756 0.6969774 0.1414086 0.5428351 0.4388881 0.5941888 0.7186037 0.8432830 0.6613437 -0.1159469 0.3867577 0.6507087 0.6411349 -0.0322185 0.5744520 0.5655645 0.6425170 -0.4630381 0.8017648 0.4741939 0.6701248 0.6716345 0.7296855 -0.5331645 0.7834814 0.5767801 0.7878635 0.7155418 0.0574419 -0.4600014 0.8090772 0.2900173 0.2090056 0.6373186 0.5247098 -0.1835925 -0.5609578 -0.3596274 -0.0025493 0.2269340 0.1351409 -0.0872823 0.2412032 0.3214670 0.0063216 -0.4132752 -0.4149775 -0.0360267 0.1428528 -0.0737851 -0.4272026 -0.2411306 0.2194298 -0.1874382 -0.0207025 -0.4389698 0.3299414 -0.0859861 0.2418875 -0.4712804 -0.2978144 0.0477787 -0.1375037 0.0636420 -0.1187270 -0.2936814 -0.2827931 -0.4351195 -0.1858685 -0.2986587 -0.0408949 -0.3111756 -0.3358929 -0.1869164 0.4534998 0.2593027 -0.0216603 -0.2461335 0.2185314 0.1298609 0.5444555 0.1587273 0.3600479 0.5050265 -0.0337036 -0.0874051 0.1682686 -0.3573062 0.1192718 -0.3202522 -0.1088378 -0.2491158 -0.0756737 -0.5556146 0.0001387 -0.0788204 -0.0996251 -0.7701728 0.2803057 0.1117290 -0.4489064 -0.6633911 -0.6480907 -0.7353267 -0.4356758 -0.3635780 -0.3971407 -0.1918023 -0.7832824 -0.3423907 -0.2914161 -0.6608725 -0.5222798 -0.7921820 -0.3032158 -0.5300516 -0.3150984 -0.4633567 -0.3730641 -0.4376632 -0.5219489 -0.6520432 -0.8057536 -0.7398259 -0.3608624 -0.4710592 -0.5161821 -0.1451516 0.0375284 0.0333445 -0.1275341 0.0836931 0.2390349 0.4882727 0.5755964 0.0129396 -0.1081086 0.0897990 -0.1554608 -0.2214311 -0.2556681 -0.4455206 -0.3879457 -0.1023933 0.1981087 0.5100760 0.2370488 0.0053808 0.0391860 0.5403293 0.4261911 0.6565127 0.1905629 0.2796317 0.7116825 0.0343200 -0.1980156 -0.2492333 -0.2808043 -0.2219542 0.0672906 0.5136847 -0.0279251 -0.3213926 0.2523569 -0.4614991 -0.1284397 0.0557690 0.1471558 0.0854703 -0.2290161 0.1884097 0.5558484
-0.0482546 -0.1542513 0.2783679 0.4633001 -0.3674344 0.6040899 -0.0287155 0.3422753 0.0000000 0.5187996 0.4202527 -0.2727033 0.2529165 0.5767773 0.2857283 0.5196160 0.1070259 0.3139232 0.5751267 0.4662746 -0.3399504 0.5650628 0.0634986 0.2474336 0.5739382 0.1958875 0.2557380 0.2946350 0.0503101 0.0581030 0.6498685 0.2571642 0.6352308 0.3629200 0.2966144 -0.2082690 0.1806649 0.3599572 -0.0346797 0.1152709 0.3624223 -0.1189369 0.1925733 0.6941458 0.1300783 0.1463155 0.2593097 0.1919434 0.7018323 0.5197338 0.3395221 0.2852091 0.2130151 0.4094659 -0.0710536 0.0534396 0.1896627 0.6213419 -0.2537696 0.4346042 0.0180642 0.2562596 -0.0729421 0.3488289 -0.0508796 0.3997644 0.5461627 0.3282215 -0.2577500 0.3253827 0.4446766 0.1238324 0.3238584 -0.3230653 -0.1939234 0.1246194 -0.3653381 -0.0975902 -0.2330369 -0.2116110 -0.4004501 0.1336940 -0.1101324 0.3237394 0.6098245 0.4201710 0.4639891 0.1941286 0.5242811 0.4575241 0.4287531 0.4153882 0.4903891 0.1824075 0.5375571 0.2978265 0.2115502 0.4627455 0.5128565 -0.0060532 0.3766647 0.5687156 0.3020656 0.0703892 0.2560493 0.3961151 0.6803007 0.3430810 0.4432929 0.5468079 0.4329429 0.3951460 0.1164580 0.5514513 0.4670666 0.5388210 0.2235995 0.3566440 0.3362416 0.3326971 0.5022833 0.3226639 -0.3337128 0.4246316 0.2381641 0.3422714 0.4905980 0.0805518 0.5638483 0.3987784 0.4637620 -0.0941346 -0.0878738 0.0947684 -0.4272186 0.0478308 0.1251606 0.2525355 -0.2067138 0.1130983 0.0395458 -0.0078663 -0.3910459 0.0717323 0.2794744 -0.2400467 -0.0742998 -0.1814478 -0.1946212 -0.2043213 -0.3218268 -0.3577644 0.2235101 -0.2790578 -0.3546193 -0.6776849 -0.0238653 -0.1415189 -0.1128546 -0.2028905 0.0724701 0.2698655 -0.6392895 0.1763955 0.2030167 -0.5061387 -0.2766147 -0.1031788 -0.0816923 0.1764959 0.1015746 0.1484764 -0.4291226 -0.0601023 -0.2841825 -0.2178296 -0.3958300 -0.1922714 -0.2256498 -0.1326637 -0.1498975 -0.4425723 -0.2956516 -0.3896738 -0.1381995 -0.4160949 -0.2583502 -0.3843079 -0.3728511 -0.4857683 0.2694565 -0.4087222 -0.3716561 -0.1199944 0.0316794 -0.1433113 0.1030472 -0.0292485 -0.2981649 0.3714970 -0.3129633 -0.1356711 -0.0342721 -0.2389213 0.4127191 0.0301005 0.5432620 0.0634179 -0.2920968 -0.2215633 0.1377576 -0.1758076 0.2429245 0.2290160 0.2619597 -0.3602487 0.3685638 0.3064676
-0.5442874 0.0828474 0.2980309 0.5753508 -0.3932643 0.5256107 -0.1049437 0.6722454 0.5187996 0.0000000 0.7440304 0.0287282 0.4578091 0.5492382 0.2614290 0.7011678 0.6102255 0.0119318 0.6303425 -0.0396038 0.3149776 0.2978754 0.3929126 0.1237865 0.5785681 0.4086500 0.2598274 0.0871724 0.6713313 -0.0220247 0.2783591 0.1933684 0.4341650 0.7806301 0.5585947 0.4450439 0.3040118 0.3754235 0.7249511 0.4394769 0.1329168 0.4591756 0.7497575 0.5049900 0.6910872 0.3228728 0.4057311 0.1222667 0.8541567 0.0857455 0.4873996 0.7646067 0.8151685 0.7034456 -0.0953554 0.1015398 0.3415523 0.7383418 0.1022483 0.4959553 0.4925383 0.7435307 -0.2755171 0.8378784 0.4673100 0.3282493 0.5080649 0.8412593 -0.2278018 0.8312168 0.3119809 0.6638759 0.7647695 -0.0014935 -0.3765173 0.7996622 0.3569865 -0.0946666 0.5163037 0.3898003 -0.4262467 -0.4759046 -0.3594059 0.1531332 0.4636555 0.1645269 0.2748428 0.4929985 0.5009810 0.3133817 0.0465255 -0.0826907 0.3602785 0.4663005 0.2332290 -0.0466921 0.0631085 0.6062420 0.2299617 0.3037782 0.0659793 0.4679912 -0.0752122 0.3141359 -0.0103295 0.0379373 0.2575417 -0.1575487 0.4548570 0.2160465 0.0449362 0.0569736 0.0325602 0.3303191 -0.0346977 0.4087483 0.2832796 0.1804202 0.3298411 0.4821501 0.6216300 0.4055216 -0.3949298 0.4895109 0.2818194 0.7907165 0.5105757 0.2530568 0.7788869 0.2379846 0.1618017 0.1824751 -0.1189513 0.2279013 -0.2561944 -0.0077594 -0.0696618 0.5329253 -0.4225918 0.4212789 -0.0656029 0.4642118 -0.7274830 0.4369839 0.6538846 -0.4070022 -0.1696544 -0.4249352 -0.6692750 -0.1134807 -0.2037324 -0.1034397 0.2973362 -0.4567303 -0.3169266 -0.4821780 -0.2736535 0.0116027 -0.7412628 0.0439107 -0.0423542 0.2250340 -0.6343002 -0.1785619 0.0536564 -0.3095155 -0.4525165 -0.6599314 -0.4619625 0.2330421 -0.0358276 -0.0071508 -0.3430420 -0.0884866 -0.0283567 -0.1724904 0.1425828 0.0636703 0.4169224 0.3256081 -0.1503529 -0.2009016 0.1930935 -0.2941607 0.1262170 -0.2119981 -0.2186697 -0.3508304 -0.1404092 0.1731785 0.3884599 0.2111157 -0.0037839 -0.1982605 0.7169524 0.3645803 0.6777700 0.1252823 0.2105630 0.8409680 -0.0952454 -0.4440412 -0.2849265 -0.4111568 -0.0681790 -0.0819080 0.8615438 0.2633382 -0.2874372 0.2686418 -0.0458468 -0.0545286 0.1283062 0.3987167 0.5051302 -0.3264053 0.5519705 0.6659393
-0.1419772 -0.0283756 0.3579205 0.8103555 -0.3941272 0.6804308 0.1784669 0.9172438 0.4202527 0.7440304 0.0000000 -0.1301157 0.6977846 0.1780348 -0.1776132 0.8831670 0.7339870 -0.2834028 0.8349259 -0.2530177 0.2237555 0.6981560 0.4274544 -0.3898167 0.7350360 0.3887481 0.4841153 -0.3164248 0.4905429 -0.4685595 0.2622204 0.4310910 0.0046120 0.5012246 0.6471938 0.4098680 0.4667716 0.6509058 0.6007393 0.2694617 0.4605850 0.5766027 0.7685379 0.2599161 0.8233738 0.6294058 0.6622972 0.2181418 0.6142138 0.5266762 0.6135077 0.8831169 0.7846546 0.8401220 -0.0737468 0.3703288 0.5891211 0.8272317 -0.0057230 0.5804932 0.5642050 0.7566540 -0.3766682 0.8621846 0.4252543 0.6381777 0.6615092 0.8486420 -0.4086984 0.8835936 0.5451771 0.8070315 0.8439486 0.0245031 -0.3380695 0.8420513 0.2880036 0.2470123 0.6219377 0.5137674 -0.2473759 -0.6607897 -0.2341879 0.1665514 0.4543883 0.2659427 0.0595272 0.3219671 0.4077061 0.1420522 -0.1627898 -0.1582451 0.1289890 0.2089144 0.1745182 -0.2409516 -0.0975198 0.2446062 -0.0184094 0.0255476 -0.2745588 0.3729789 0.0884159 0.1967732 -0.2491098 -0.1082679 0.1856356 -0.0687602 0.2945241 0.0960177 -0.1092519 -0.1085137 -0.2956101 0.1090886 -0.2439836 0.2225053 -0.1609367 -0.1981638 0.0639714 0.5088118 0.4701424 0.0991134 -0.2681932 0.3872867 0.2712258 0.6529252 0.3995702 0.5076996 0.6643948 0.1923788 0.2163621 0.2878715 -0.1017387 0.1265764 -0.1893346 0.1268474 -0.0527334 0.1168524 -0.3981633 0.1199206 0.0907128 0.1341165 -0.7559411 0.2460787 0.2159810 -0.3085352 -0.5561597 -0.6591040 -0.6150892 -0.2796953 -0.3054740 -0.3455091 0.0418291 -0.6165409 -0.3433272 -0.4285607 -0.4879161 -0.4075680 -0.6960219 -0.2418923 -0.3949471 0.0019134 -0.5346855 -0.2212624 -0.2149059 -0.4826050 -0.4939046 -0.6881276 -0.5201816 -0.0880068 -0.2185340 -0.2120491 -0.3570326 0.0110918 -0.0479397 -0.1185392 0.0595533 0.0861567 0.4195366 0.3839460 -0.1692232 -0.2632756 0.0975866 -0.3179304 -0.1152956 -0.3132032 -0.4044526 -0.3756962 -0.1164529 0.1145251 0.5137604 0.1759861 -0.0150478 -0.0623516 0.5853056 0.4333354 0.6717652 0.2947779 0.3046823 0.7263330 0.0555616 -0.3290356 -0.1255374 -0.1725720 -0.1697355 0.0724578 0.5970758 0.0955139 -0.2176309 0.1870165 -0.3349847 -0.0673391 0.1806956 0.3873046 0.1073929 -0.3656912 0.1679006 0.5778490
-0.3807529 0.6676881 -0.1835820 -0.0785799 0.3142608 0.0897462 0.6552397 -0.0758693 -0.2727033 0.0287282 -0.1301157 0.0000000 0.0979441 0.0764788 0.3841785 0.0521592 0.1668105 -0.1374598 -0.1085199 0.0127529 0.8340418 -0.2003943 0.2653999 0.1548498 -0.1630883 0.4524602 -0.1191793 0.2365906 0.6128316 0.3730896 -0.0571001 -0.0541438 0.1620449 0.2832340 0.2528297 0.7082244 0.3363473 -0.0200860 0.3758563 0.5879225 -0.4499128 0.5256866 0.2254265 0.2950852 0.2501035 0.3581522 0.1803244 -0.0821062 0.2052227 -0.5073672 0.2123321 -0.0312082 0.3102585 0.0425812 0.2155272 0.2607842 0.2781620 -0.0545213 0.1193991 0.0566350 0.4544777 -0.1051183 -0.1603625 0.0320307 0.5050861 -0.2386601 -0.2010451 -0.1748859 0.0045341 0.0055397 -0.1596312 0.2388054 -0.2859506 0.6484945 0.3729216 0.0481507 0.5866815 0.2397053 0.1652678 0.1083411 0.4065819 0.0774297 0.5227446 0.3713478 -0.2532726 0.1124689 0.2860266 0.3019189 -0.0659987 0.0996707 -0.0209712 -0.3133845 -0.4434881 -0.3758898 -0.3434772 0.1223455 0.0101647 -0.3941725 0.1272646 -0.1564912 -0.0825776 -0.3165566 0.2280283 -0.3427455 -0.1197060 -0.1274502 -0.1168489 0.4784116 -0.4034923 -0.1128486 -0.0112691 0.0285787 -0.0720303 -0.0147978 0.0348910 0.0422324 0.3666893 0.2765767 -0.1125131 0.3701138 -0.0996581 0.4112114 0.0539352 -0.4681036 0.4655715 -0.3708038 -0.0888614 -0.2268415 0.2131578 -0.4262267 -0.5978135 0.2006274 0.2581788 -0.2591589 0.2031119 -0.0802495 -0.2200386 0.2761926 -0.2003496 -0.1698525 -0.3901943 -0.0036225 0.2199595 -0.0814852 0.0665393 0.0566292 0.4165365 0.4351566 -0.4756663 0.0514560 -0.1662474 0.5702702 0.4996261 0.1593503 0.3901378 0.3986560 0.3246801 0.6024858 0.1149713 0.2637369 0.4667179 0.1464732 0.4097953 0.2322429 0.5122453 0.4645555 0.2028798 -0.0783818 -0.0254181 0.2935496 0.4145107 0.3002009 0.1773141 0.3331601 0.8077869 0.6762496 0.8792451 0.7892013 0.6399716 0.5114157 0.5308207 0.7102871 0.4947432 0.4628511 0.0356285 0.6011408 0.0071892 0.4047289 0.5781490 0.6946641 0.2609248 0.6829229 0.6949281 0.6737236 0.4080256 0.4572876 -0.0200919 0.3298628 0.6187485 -0.1792803 0.2359255 -0.0301422 0.0197758 0.3292799 -0.3022270 -0.1344654 -0.2840167 0.5526877 -0.0368834 0.5581903 -0.2374333 0.5844083 -0.0737506 -0.2805274 0.1013628 0.6154818 0.4751286 0.2879042
0.2454869 0.5166906 0.7791912 0.5981693 0.3191105 0.4294655 0.3334900 0.8359421 0.2529165 0.4578091 0.6977846 0.0979441 0.0000000 -0.0855429 -0.1563966 0.5546015 0.3846201 -0.3837807 0.5888155 0.1050309 0.2841507 0.6210668 0.2059933 -0.2907075 0.4548603 0.2763233 0.1157722 -0.2857614 0.5026636 -0.4329381 0.3818211 0.4191726 -0.0000145 0.5213682 0.4011848 0.4322239 0.3827147 0.7847333 0.4838434 0.3377758 0.5434828 0.6238193 0.4219947 0.3269672 0.7484027 0.6648857 0.5175225 0.5111425 0.5233009 0.4795850 0.3964376 0.5607670 0.7468501 0.6377766 0.3742193 0.7226897 0.5568154 0.5550916 0.1518226 0.2888444 0.6702021 0.3420088 -0.0985868 0.6322595 0.5470436 0.5494831 0.3510012 0.4700956 -0.2300872 0.5984925 0.2445923 0.6009852 0.3771619 0.3411968 -0.5144728 0.6063730 0.3753647 0.0771434 0.5164979 0.6446962 -0.0720584 -0.3509244 -0.1862247 -0.0114816 -0.0203495 -0.0985637 -0.2023867 0.2297559 -0.0619470 -0.1210683 -0.6013229 -0.5412070 -0.3206866 -0.0734121 -0.3473950 -0.3265013 -0.1840213 -0.0796107 -0.2229545 -0.2084436 -0.4604325 -0.0353214 -0.0930464 -0.0838414 -0.4280718 -0.4260065 -0.0863180 0.1375334 -0.2754162 -0.0578666 -0.3658439 -0.2691864 -0.6511865 -0.1628005 -0.0209406 0.0120255 -0.1488175 -0.2412299 -0.2873132 0.3781655 0.0400213 0.1369690 -0.1117935 -0.0377483 0.2626479 0.1090026 0.0850609 0.4853171 0.3847627 -0.2568280 -0.2641063 0.3825587 -0.2661519 0.0060525 -0.0289780 -0.0659799 -0.2369428 -0.1388832 -0.3336405 -0.1147274 0.0524097 -0.1836642 -0.3828664 0.2735316 0.0392861 -0.4138632 -0.3876907 -0.2125122 -0.5601783 -0.1830379 -0.2042329 -0.0852579 -0.1119273 -0.5499306 0.0218366 0.0057933 -0.4786984 -0.2703953 -0.4692997 -0.1391994 -0.1954102 -0.2404860 -0.1479214 -0.2731332 -0.2718386 -0.3844974 -0.4803419 -0.5841234 -0.6188682 -0.3810967 -0.2031695 -0.3829680 0.1790755 0.2494393 0.2926497 0.2309950 0.1908524 0.4189082 0.3701222 0.5453857 0.2363317 -0.0327297 0.2131282 -0.0128565 -0.0378480 0.0884921 -0.0158378 0.0051775 0.2772412 0.3824514 0.3832926 0.4839124 0.2972302 0.3184907 0.2784769 0.1744451 0.3017169 0.4493442 0.3752133 0.3380470 0.1226434 -0.2954578 -0.1433268 -0.1038713 0.0661556 -0.0622552 0.2267472 0.0992785 -0.2533308 0.1802428 -0.5771039 -0.1938421 0.3211515 0.0490250 0.1114853 0.0331091 0.1035172 0.2614859
-0.5291729 -0.1217013 -0.1052018 0.2742253 -0.3319907 0.4139566 -0.2230925 0.1727826 0.5767773 0.5492382 0.1780348 0.0764788 -0.0855429 0.0000000 0.8177743 0.3532130 0.3973079 0.7683866 0.3831224 0.0148904 0.0074510 -0.1268793 0.3181245 0.7033540 0.3288222 0.2126193 0.2914746 0.7065511 0.2532526 0.6778845 0.0546043 -0.0321305 0.7336570 0.6308475 0.3303216 0.0833020 0.1167190 -0.1239683 0.0708820 0.2314757 -0.3454251 -0.0296474 0.3807073 0.5410635 0.2513369 0.0591406 0.2123079 -0.3838723 0.5334736 -0.1650901 0.3411318 0.0459999 0.2995115 0.0676921 -0.3934517 -0.2328054 0.1807301 0.2362621 -0.0780657 0.5052264 0.0365595 0.2614224 -0.4253026 0.1510722 -0.0773829 0.1534576 0.3949077 0.3107368 -0.3262325 0.1555019 0.3508415 0.0745182 0.2615083 -0.4693852 -0.1374598 0.1513514 -0.3024423 -0.2027723 -0.1020489 -0.3519355 -0.4088014 0.1890016 -0.1838736 0.2231593 0.3242488 0.5388547 0.6428335 0.4731769 0.8069031 0.7338566 0.3346896 0.0084506 0.4944662 0.5175185 0.2056469 0.1123514 0.1501388 0.6659130 0.5916917 0.4470901 0.5834828 0.8274880 0.1444568 0.4183443 0.1326985 0.3348943 0.6111945 0.1026438 0.4731535 0.2242462 0.4426431 0.2969448 0.5994245 0.2956228 0.1812292 0.0727130 0.1189641 0.2769892 0.1134731 0.5835359 0.5109017 0.0758131 -0.4233819 0.3317955 0.1750870 0.4553759 0.1373396 -0.4371491 0.3864738 0.2749046 0.0147041 -0.3350174 -0.2278740 0.3048163 -0.5493218 -0.2618992 -0.0234297 0.3069441 -0.5585043 0.4523967 -0.3433103 0.0671674 -0.4641571 0.3760980 0.4651104 -0.0858549 -0.0535127 -0.2896550 -0.4511444 -0.2158683 -0.2096793 -0.0991436 0.1142949 -0.2784872 -0.3630255 -0.3416769 -0.0493070 0.1599453 -0.3043762 0.1033023 0.1073603 0.0946081 -0.3973249 0.0341403 0.2236506 -0.0842163 -0.3055773 -0.2957498 -0.2678637 0.2233071 -0.1189442 0.0138164 -0.5073319 -0.4187045 -0.2877696 -0.4775848 -0.1683251 -0.1123629 0.1192035 0.2881448 0.0867127 0.0345149 -0.0250270 0.0869961 0.0360699 -0.4061980 -0.4173938 -0.6266380 -0.5816669 -0.3640769 0.5067362 -0.3314639 -0.4091896 -0.0612151 0.4877923 0.0779555 0.2910994 -0.4880704 -0.3200719 0.4754778 -0.4709995 0.0188941 -0.3797209 -0.5147267 -0.3222644 -0.2440601 0.4997062 0.0315812 -0.3520460 0.1199954 0.0302729 0.0390372 -0.4529043 -0.1811232 0.5784749 -0.1119604 0.7009925 0.5764192
-0.4022598 0.2069989 -0.0871532 0.0570728 0.1105685 0.2605132 -0.0658472 -0.1351048 0.2857283 0.2614290 -0.1776132 0.3841785 -0.1563966 0.8177743 0.0000000 0.0376407 0.1590693 0.6783050 0.0802931 0.1736683 0.1597649 -0.4017615 0.1953100 0.8642557 0.0688891 0.2422774 0.0609957 0.8718446 0.2997230 0.9064990 -0.0246321 -0.0084741 0.7890938 0.6080004 0.1856266 0.1076740 0.1304947 -0.1898678 -0.0274911 0.4393750 -0.4933485 -0.0421600 0.1733645 0.5786490 0.1296722 0.0936281 0.0727939 -0.2253178 0.3667735 -0.3842533 0.1800519 -0.2341647 0.1813445 -0.1785737 -0.0524353 -0.0170513 0.1131237 -0.0525178 0.0535026 0.2732818 0.0846486 -0.0610487 -0.2376709 -0.0942647 0.0116438 -0.1284640 -0.0262321 0.0020915 -0.0562595 -0.1613507 -0.0136105 -0.1578201 -0.1849878 -0.2444928 -0.0889678 -0.1498389 -0.2468652 -0.4194044 -0.2724071 -0.3815924 -0.2958639 0.3593380 0.0675675 0.1027549 -0.0299711 0.4417635 0.7209516 0.5305307 0.5371099 0.7018623 0.2466921 -0.1145704 0.3151504 0.3275615 -0.0535796 0.3318651 0.3721828 0.4059148 0.6820776 0.3748443 0.6187172 0.5344449 0.1647830 0.2556757 0.2634925 0.3705108 0.4172399 0.2445858 0.2019753 0.0687894 0.5318476 0.3803446 0.6111827 0.2766387 0.3805588 -0.0016301 0.3120461 0.4627054 0.0250287 0.5953361 0.3322101 0.1847115 -0.2165085 0.1252319 0.4011165 0.0323023 -0.0751860 -0.6058414 0.2404120 0.1146114 -0.1879204 -0.2990967 -0.1195413 0.2128506 -0.3247925 -0.2335011 -0.0291271 0.3684963 -0.4620899 0.3421125 -0.3955088 -0.0241914 -0.1381648 0.3497193 0.4460779 0.1918629 0.2697617 0.0485352 -0.3500631 -0.0603222 -0.0641671 0.3837955 0.2224353 0.1447900 -0.0687115 0.1205017 0.3021652 0.5860764 0.0317619 0.3592876 0.4484387 0.1892080 0.0706568 0.2887352 0.4869751 0.4227129 0.1093120 0.0082560 -0.0080079 0.3895837 0.1380843 0.1929529 -0.3630721 -0.3355272 -0.0065417 -0.2355338 0.0091733 0.0457723 0.1137167 0.3062636 0.2790768 0.2361678 0.0644984 0.2853456 0.1851239 -0.0554866 -0.1228738 -0.3667654 -0.3409899 -0.1777415 0.4629955 -0.1307370 -0.1807343 0.1408056 0.3568497 -0.0584508 -0.1268988 -0.4073800 -0.2294293 0.0365725 -0.2513652 0.2015955 -0.2344486 -0.2873537 -0.3014174 -0.4771230 0.1381551 0.2997012 -0.0769662 0.3016682 0.0040022 0.1339640 -0.4195962 -0.4037994 0.7133221 0.3400351 0.7115768 0.4293016
-0.3176961 -0.0152038 0.2479721 0.7081167 -0.4420770 0.7416512 0.3647217 0.7545580 0.5196160 0.7011678 0.8831670 0.0521592 0.5546015 0.3532130 0.0376407 0.0000000 0.6735294 -0.0907795 0.9015542 -0.0437075 0.2319510 0.6680024 0.6732949 -0.2213727 0.8717799 0.6439675 0.5358677 -0.0160755 0.5034459 -0.2559355 0.4758926 0.6219924 0.2720073 0.4884569 0.7978572 0.3551725 0.6846197 0.6953233 0.4926674 0.4135280 0.3776303 0.5410238 0.8285570 0.5280274 0.7182969 0.7223452 0.7725269 0.2124699 0.7398531 0.4344686 0.8210356 0.8089163 0.6808156 0.8326390 -0.0341946 0.4387326 0.7411008 0.7428519 0.0045254 0.7704374 0.6270682 0.7516947 -0.4404723 0.7209497 0.4071435 0.7546752 0.7476405 0.7016488 -0.3450274 0.7221339 0.6333567 0.6811545 0.7235710 0.0033004 -0.0639301 0.6530535 0.2121885 0.2214927 0.3989705 0.2245400 -0.2519591 -0.5497336 -0.1613957 0.2910590 0.5021185 0.3853920 0.3554866 0.4723692 0.5584015 0.4667650 0.1342472 -0.0914789 0.2531429 0.1760667 0.3254268 0.0108858 -0.0086993 0.2970764 0.3297560 0.1282660 0.0349430 0.4718350 0.2262456 0.1574407 -0.0359446 0.1722083 0.4617237 0.1380489 0.4330368 0.3800545 0.2058531 0.2718420 -0.0952620 0.3482412 -0.2224824 0.3879536 -0.0336968 -0.0447294 0.0894399 0.6223143 0.4629208 0.1980338 -0.5021861 0.3315120 0.4155567 0.5275388 0.3775967 0.3892090 0.8060005 0.2946328 0.2676551 0.3758757 0.0707919 0.3058599 -0.0790081 0.2201557 0.2099585 0.3034507 -0.2697155 0.1680971 0.0658933 0.2107958 -0.5888020 0.3388154 0.3202518 -0.0722749 -0.2757348 -0.4416527 -0.5723154 -0.0958631 -0.2661200 -0.1359616 0.2375663 -0.4660025 -0.3041650 -0.3262135 -0.2490330 -0.2138050 -0.4996187 -0.0781761 -0.1696987 0.2292200 -0.3669380 -0.0398668 0.0917217 -0.3834389 -0.4080139 -0.5852157 -0.4255182 0.1254222 -0.0248200 0.0497095 -0.4989164 -0.0034718 0.0630204 0.0353496 0.1226822 0.0227723 0.3589651 0.2993881 -0.0716348 -0.0844526 0.2421109 -0.1074997 0.0109818 -0.2408073 -0.3836000 -0.3429871 -0.0742483 0.0902300 0.6862589 0.1492792 0.0794979 0.1589459 0.6321644 0.4593163 0.5622815 0.3951609 0.2595233 0.6118543 0.1013968 -0.2235257 0.1089746 0.0693088 -0.2099550 -0.0436278 0.5269416 0.2106838 -0.1125733 0.2817903 -0.1349108 0.1001557 0.1740068 0.2062209 0.0978100 -0.1888881 0.2895299 0.6859517
-0.3355145 -0.0843741 -0.0756165 0.5700950 -0.2852685 0.5750976 0.0549207 0.7010733 0.1070259 0.6102255 0.7339870 0.1668105 0.3846201 0.3973079 0.1590693 0.6735294 0.0000000 -0.0911184 0.5621070 -0.5821477 0.4020831 0.3078156 0.6173322 -0.1599767 0.4193570 0.2424657 0.6492996 -0.1193007 0.4596842 0.0238747 -0.2128162 0.1060469 -0.0447332 0.4881461 0.5320027 0.5342963 0.3975670 0.1541901 0.6722755 0.4362425 -0.2156719 0.6338030 0.8451080 0.1276170 0.7559919 0.5196885 0.5959154 -0.3314150 0.3746893 -0.0482303 0.5303064 0.6699739 0.6959570 0.5554564 -0.3761497 0.1220513 0.5740821 0.4756000 0.2428190 0.5303309 0.6237939 0.5411377 -0.6499698 0.5476484 0.3715418 0.3266051 0.3972083 0.6623050 -0.4590343 0.5848684 0.3458569 0.6498869 0.6186543 0.0483315 -0.3106980 0.6515096 0.2237553 0.2109286 0.7096725 0.2369239 0.0708093 -0.3702641 -0.1095561 0.1190279 0.1791368 0.2739981 0.1383544 0.6249744 0.5107260 0.3508968 -0.1525321 -0.3788830 0.0555348 0.3957925 -0.0310601 -0.3587492 -0.1047220 0.2839241 0.0291522 0.3835803 -0.2094724 0.4563094 -0.1191744 0.4432832 -0.3398970 -0.2404583 0.0317231 -0.1494062 0.1988932 -0.1471329 -0.1548168 -0.2220432 -0.0118198 -0.0915608 -0.3364991 -0.0834872 -0.2031456 -0.1672886 -0.1833296 0.5688401 0.2504565 -0.0482145 -0.3571133 0.2205305 0.1559321 0.5438343 0.0122797 0.0610579 0.5180641 0.1482706 -0.1120368 0.1211125 -0.1548095 0.1901181 -0.1606066 -0.1198932 -0.2423118 0.1253676 -0.5747526 0.1088965 -0.0924200 0.0106653 -0.6409309 0.2412681 0.2044727 -0.2341584 -0.5059185 -0.6661161 -0.7662408 -0.4323477 -0.3965028 -0.1776229 -0.0132386 -0.6301335 -0.1140213 -0.1838930 -0.5448787 -0.1983748 -0.6670713 -0.2703331 -0.3099499 -0.2251075 -0.3906175 -0.4055078 -0.1732362 -0.1736388 -0.4944641 -0.7512292 -0.5883456 -0.1359807 -0.3164387 -0.3195469 -0.4150808 -0.3517976 -0.1069022 -0.2274385 0.2223083 0.1888592 0.5167950 0.5508877 0.1169273 0.1915561 0.3647570 0.1215326 0.0448559 -0.1528729 -0.4979204 -0.4564584 -0.2015219 0.1627237 0.5487236 0.1161082 0.0165035 0.1637785 0.8067500 0.7507955 0.6984383 -0.1030436 0.3989769 0.6771326 0.0215301 -0.0679459 -0.4150864 -0.1892792 -0.6546968 0.0938587 0.3943902 -0.0528033 -0.1886857 0.5380086 -0.4195664 0.3772458 -0.2609264 0.0901593 0.2247848 -0.0877460 0.5062956 0.7884893
