0.0000000 0.5532816 0.7511592 0.2601101 0.6084528 0.2915053 0.4186063 0.4274823 0.1422439 0.0509379 -0.0635518 0.3950258 0.5591496 0.1880607 0.2598958 -0.3775327 -0.0388767 0.1274617 -0.2273343 0.4536506 0.3987500 0.2601831 -0.2222099 0.3487620 -0.1586950 0.0255091 0.2447960 0.1831443 0.3505157 0.3526090 0.5588183 0.0596637 0.4018690 0.4855025 0.1327211 0.1990109 -0.0802235 0.2427623 0.2635273 0.4426462 0.4114346 0.3809400 -0.1191584 0.2393405 0.6024914 0.1791765 0.3040157 0.3553055 0.4785351 0.1465662 0.1532978 0.1646398 0.5899723 0.0904899 0.2106869 0.3535782 0.3893883 0.3262601 0.1919480 0.2314242 0.4203426 0.0945738 0.3908455 0.4279522 0.6022614 0.4463043 0.1256856 0.0275371 0.4358963 0.1074564 0.2622547 0.5299090 0.1898940 0.6106075 0.2054736 0.3933025 0.3892319 0.1289163 0.4331570 0.4120887 0.1464032 -0.3693524 0.0947220 0.1268349 -0.1508573 -0.0390477 0.1642693 -0.1907928 0.1532656 -0.1332917 0.0477958 0.0716747 -0.1162925 -0.1463905 0.1791659 -0.0463330 0.0898363 -0.1351562 -0.0140225 0.2218913 -0.1393415 -0.4748188 -0.3869099 0.1337810 -0.0709668 -0.0497526 -0.5068096 -0.4326894 -0.5045262 -0.4333395 -0.3118244 -0.4075261 -0.3698962 -0.2381566 -0.1673326 -0.2394285 -0.1960974 -0.2247536 -0.2532764 -0.3647236 -0.2907926 -0.1933203 0.0681717 -0.0010995 -0.2183211 -0.0660861 -0.2921755 0.1502916 -0.1570738 -0.1988011 -0.2423470 0.0610808 -0.1957727 -0.0319604 -0.1702808 -0.0131339 -0.3621714 0.1627465 -0.2055396 -0.1561327 -0.0502731 -0.2530703 0.1203768 0.2615174 -0.2234297 -0.3300787 -0.1998062 -0.1944767 -0.1602933 -0.2811074 -0.0215877 0.1742165 -0.2254456 -0.2337226 -0.2551042 0.1470074 0.0597092 -0.1371459 0.1510966 0.1326698 0.0081910 -0.0732745 0.0141421 0.2084509 -0.1056228 0.1913880 -0.1592378 -0.3021595 0.0605484 0.1040344 -0.0198565 -0.2389093 0.3676185 0.2477621 0.5204743 0.4242543 0.0850609 -0.4070874 0.1647389 -0.1876585 -0.1793379 -0.0490756 -0.0673434 -0.0871323 0.0628868 0.4507462 0.2847976 0.4703513 0.3930323 0.3832056 -0.2283233 0.4679869 0.4948418 -0.0775724 -0.0999061 0.0086867 -0.0821578 0.4988349 0.5014237 -0.0147808 0.0979068 -0.5699296 -0.3770790 -0.2092037 0.5550155 0.2993529 -0.0457692 0.1974194 0.1482540 -0.1479016 -0.2631594 -0.0414507 0.6327225 0.5681477 0.4755267 0.3235433 -0.3095170 -0.5631091
0.5532816 0.0000000 0.4234939 0.7539485 0.0547049 0.7312141 0.5028595 0.4513278 0.4840886 0.4963147 0.4116071 0.7246237 0.0879737 0.4710538 0.6073449 -0.0710260 0.2715429 0.5097542 0.0508359 -0.0058207 0.3392240 0.0184730 -0.3575977 0.4610899 -0.1844450 -0.1962344 0.1164716 0.2444588 0.4234557 -0.0975989 0.0972190 -0.1854704 0.1469779 0.4748626 -0.1311198 -0.2776238 -0.1893764 -0.0218652 -0.0549974 0.0374932 0.0507957 -0.1778399 0.0239691 0.2774898 0.0536329 -0.2586316 0.0579503 -0.1264195 0.2841044 0.1527861 0.0669315 0.2865640 0.3084055 0.4698792 -0.2400069 -0.1729055 -0.0337596 0.5954046 -0.1817657 0.0624483 -0.2100422 0.3071593 -0.2181005 0.4705122 0.1315410 -0.1241473 0.1742684 0.5708750 -0.2637005 0.3798249 0.0572084 0.2431079 0.5172615 0.1164571 -0.2734439 0.4589029 0.2968686 -0.1116281 0.2398618 -0.0286789 -0.1992130 -0.4010295 0.0073567 0.1862746 0.2263781 0.0153456 0.2671941 -0.1190180 0.1347533 -0.2850978 -0.1482594 -0.0617224 -0.3999531 -0.4046231 0.0865562 0.0262136 -0.2581676 -0.3113566 0.0268122 0.0103636 -0.1105465 -0.3060013 -0.2652801 -0.2577831 -0.2948182 0.1208847 -0.4052715 -0.2716539 -0.5190241 -0.0162202 -0.5648779 -0.3505442 0.1931594 -0.1401670 -0.1699581 -0.0162212 -0.0031630 0.0425594 0.0383019 0.1664332 0.2962444 0.2305256 0.0429945 0.3021932 0.4234832 0.0666332 -0.3037715 -0.0542894 0.0595311 -0.1479295 0.1041141 0.0683124 -0.5128741 -0.1795843 -0.0931983 -0.2209471 -0.4018850 0.1311194 -0.1678802 -0.1473514 -0.1864251 -0.1980202 -0.1367791 -0.0910307 -0.1904624 -0.3355808 0.0075333 0.0652795 0.1969945 -0.1710539 -0.1485962 -0.0946761 -0.1044508 -0.1055518 -0.1454481 -0.2581699 0.0060039 -0.2502139 -0.0345691 -0.0645420 -0.0002670 -0.1826282 -0.2168166 0.0235503 -0.0368643 -0.0936993 -0.0137216 0.0108384 0.0914350 -0.0692851 0.2501175 0.2041561 0.0222397 0.0885603 0.4725167 0.1731405 -0.1901328 -0.6391511 -0.2145754 -0.3431859 -0.2626847 -0.2329425 -0.2820702 -0.2339935 -0.3154974 -0.0736057 -0.2843764 -0.1239142 0.0236427 0.3606039 -0.1179813 0.1584050 0.4433202 0.0566941 0.0077705 0.0632889 0.0383922 0.5199154 0.1618945 0.0465304 -0.0450457 -0.2388656 -0.2573808 -0.1144104 0.1544000 -0.1112948 -0.1566310 -0.0242902 -0.0514259 -0.1161359 -0.4396299 -0.2143223 0.1640704 0.4245417 0.0776736 -0.3059213 0.1548558 -0.2612923
0.7511592 0.4234939 0.0000000 0.0904184 0.7161774 0.1804706 0.6165292 0.3443299 0.0793995 0.0976321 0.0136535 0.4120508 0.7093083 0.1752170 0.0218216 -0.2526636 0.0267286 -0.0894667 0.0132345 0.7102513 0.6986212 0.5063630 -0.1310341 0.0398758 -0.0203949 0.2955123 0.1215124 -0.0976252 0.2607384 0.1123434 0.6923707 0.1160279 0.0415261 0.1475524 0.4830661 0.3443614 0.2447865 0.2617102 0.0533992 0.2414623 0.7285030 0.5194083 0.1891383 0.0777401 0.5736726 0.2084942 0.3750096 0.4185397 0.1511470 0.3133365 0.3259266 0.0964986 0.3785889 0.1421821 0.3329894 0.4571332 0.4570282 0.1233511 0.3562317 0.3490688 0.5849123 0.0879718 0.4929014 0.1926126 0.5312450 0.4414293 -0.0022106 -0.1946829 0.4715286 -0.0446035 0.1095969 0.4017466 -0.0104120 0.6095383 0.1600917 0.1754670 0.2294758 0.2496570 0.3835745 0.2705556 0.1791728 -0.1779591 -0.0334343 -0.1221058 -0.2173694 -0.0056146 0.3504318 -0.0638547 0.1587848 -0.0540271 0.0333837 0.0096592 -0.2208776 -0.0041011 0.2175412 -0.0347123 -0.0096799 -0.1738134 0.0751162 0.2297577 0.0463031 -0.1981594 -0.2830245 0.0638718 -0.1517639 0.0048738 -0.2382351 -0.2942518 -0.2590109 -0.2154456 -0.2684789 -0.1280284 -0.3686662 -0.2302213 -0.1216651 -0.2089084 -0.1552091 -0.2450036 -0.2734433 -0.2777598 -0.2761028 -0.2855575 0.3353299 -0.1415818 -0.2480056 0.1037143 -0.2005016 0.1377179 0.0220844 -0.2179249 -0.2606150 -0.0918218 -0.0957833 0.1908141 0.0902589 0.1391935 -0.2795239 0.2867094 -0.2414693 -0.0859699 -0.1736240 -0.2806885 0.2575416 0.2225281 -0.3278406 0.1043267 -0.4008529 -0.4042503 -0.2715440 -0.3190372 -0.0129335 0.0610936 -0.2864642 -0.2865287 -0.3669144 0.1479803 -0.0061139 -0.3329667 0.1975468 0.1067189 -0.1077003 -0.1595439 0.1058957 0.1177229 -0.2118254 -0.0444077 -0.3257922 -0.4907058 0.0351203 -0.0017767 -0.2851509 -0.3708715 0.6730848 0.3160536 0.5780339 0.6204145 0.4865670 -0.0485364 0.5252065 -0.2457250 -0.2738748 -0.2870639 -0.2778806 -0.3729326 0.1160230 0.4329282 0.4879410 0.5568938 0.3685741 0.2473976 -0.0759042 0.2833013 0.3144944 0.1405437 0.1079584 0.1537612 0.0496335 0.3186429 0.2601718 0.2093106 -0.0627908 -0.3871975 -0.2530707 -0.1399581 0.3136055 0.0673134 0.1014798 0.1701452 0.0058721 -0.2240418 -0.3490561 0.2498212 0.3876890 0.3448493 0.3293529 0.3122521 -0.4131273 -0.3337289
0.2601101 0.7539485 0.0904184 0.0000000 -0.2851153 0.8118711 0.2274832 0.6133272 0.6938611 0.7095621 0.6725807 0.7037667 0.0192882 0.5611792 0.8728410 0.1868797 0.4349659 0.6266480 0.3227111 -0.2019621 0.1316662 0.0576374 -0.1982886 0.6406012 0.0154763 -0.0680194 0.2244746 0.3497623 0.5076733 0.1525916 -0.0501236 -0.0774122 0.3992773 0.7460380 -0.1545583 -0.4962827 -0.1098329 0.1694398 0.2239760 0.1195890 -0.1405367 -0.4930505 0.0704773 0.3748326 0.0004291 -0.0145318 0.1635967 -0.2592414 0.5322190 0.0172886 0.1188109 0.4076902 0.4925193 0.4993786 -0.2583895 -0.1447792 0.0218275 0.8724909 -0.4872146 0.1421487 -0.3734183 0.5232833 -0.3585126 0.7466105 0.0573733 -0.2731097 0.3789844 0.7794712 -0.3389580 0.7897841 0.0336872 0.3180749 0.7200760 0.0729332 -0.3102844 0.7557480 0.4500669 -0.3018154 0.2102514 0.1055356 -0.3381425 -0.3460007 0.0516695 0.2601498 0.2082416 -0.0380332 0.1751377 -0.2227663 0.1193574 -0.2990032 -0.1550051 -0.0358035 -0.3153396 -0.4031286 0.1257227 -0.0388797 -0.2774121 -0.4195900 0.0154864 0.1439166 -0.2107330 -0.3899605 -0.4215751 -0.0912086 -0.3137022 0.0850554 -0.4243458 -0.3329845 -0.3714590 -0.1845592 -0.3299280 -0.2691739 -0.0132232 -0.4137276 -0.3667722 -0.3452559 -0.2494471 0.2444390 -0.1272389 0.3331651 0.1145176 0.0568687 -0.0960253 0.5111074 0.4419539 0.3428411 -0.6201086 -0.1617735 0.2018670 -0.1675290 0.0506335 -0.0275415 -0.6012719 -0.0846384 -0.3596298 -0.2775628 -0.3347406 0.2623285 -0.1857053 0.0829769 -0.2283791 0.0488208 -0.1681353 -0.0361518 0.0802329 -0.4247793 0.0171240 0.1182788 0.2586674 0.0506585 -0.0314914 -0.1105559 -0.0521012 -0.0621650 -0.0769657 -0.3011602 0.0556674 -0.1247176 -0.0209443 -0.0557473 0.0029550 -0.0706913 -0.2555673 0.0449210 -0.1191218 -0.0588406 0.1016482 0.0903367 0.0223464 -0.0467521 0.2732809 0.1155592 -0.1156092 -0.0517558 0.2063020 -0.0267475 -0.4870813 -0.7428748 -0.4513273 -0.3370578 -0.2547933 -0.2798325 -0.4585065 -0.3225395 -0.5646983 -0.1690861 -0.5054761 -0.3003347 0.0001781 0.3414431 0.1010960 0.3216914 0.5572587 0.2096185 0.2395124 0.2917157 0.0448137 0.6037454 0.2289439 0.2406209 0.1131121 -0.1532047 -0.1455949 0.1677458 -0.0143752 -0.2624069 0.0007518 -0.2094006 -0.0169291 0.0185875 -0.1412106 -0.0595574 -0.0277806 0.2175897 -0.0368726 -0.4830165 0.3904530 -0.0306118
0.6084528 0.0547049 0.7161774 -0.2851153 0.0000000 -0.0968123 0.5039014 0.2889469 -0.1862342 -0.3644038 -0.4473230 0.1294489 0.8157446 -0.2544557 -0.2596897 -0.3071579 -0.2892624 -0.4360900 -0.1524965 0.8473108 0.4278548 0.4323568 0.1348805 -0.2277287 0.2314204 0.0606332 0.4001607 -0.2161506 0.2364242 0.1703915 0.7985772 0.4687548 -0.0939374 -0.1376951 0.4034076 0.5976439 0.0813376 0.5664530 0.1972862 0.2940803 0.6021923 0.7202153 0.1387743 -0.1080076 0.5792762 0.4822280 0.3627227 0.8678629 -0.0544636 0.5845828 0.2466908 0.1192878 0.2934231 -0.1032323 0.7692404 0.7809438 0.5078642 -0.2818710 0.4219679 0.2408904 0.6985378 -0.0970748 0.8566101 -0.0948827 0.7174781 0.6176643 -0.0980897 -0.4403073 0.8145347 -0.3125144 0.0640191 0.4337250 -0.2680424 0.7051608 0.4656801 -0.0093679 0.3015414 0.2074358 0.3020522 0.5998295 0.3696184 -0.0484087 0.2669805 0.0954202 -0.2314763 0.1831183 0.2217754 0.1810674 0.4070708 0.4241781 0.5424396 0.4144172 0.3448603 0.4566174 0.4615901 0.2180617 0.4621870 0.2769022 0.1515059 0.5331336 0.4243839 0.0341408 0.0263941 0.5362463 0.4101386 0.1827759 -0.0195703 -0.0420886 0.0944777 -0.2179014 0.2879412 0.0175747 -0.2128961 0.0164156 0.0287217 -0.0118739 -0.1201283 -0.3796405 -0.2606734 -0.3237196 -0.2556857 -0.1578945 0.2783710 -0.1764814 -0.2325203 -0.1925906 0.1060313 0.3731623 -0.1401451 0.0295107 -0.0314722 0.1103003 0.3758859 0.2883579 0.1475617 0.4500147 0.1904499 0.2127651 0.1908277 0.1396892 0.2341780 0.0729542 0.6377355 0.4741626 -0.1162088 0.0855263 0.0442070 -0.0819089 -0.2076739 -0.0248444 0.3453159 0.3931328 0.1394113 -0.1361597 0.1151145 0.5599077 0.3556025 0.0104326 0.4980988 0.5249042 0.0328779 0.2763541 0.3367883 0.4794363 0.0312053 0.1507759 -0.1433384 -0.1373608 0.2900068 0.4043460 -0.3744527 -0.2255562 0.6537339 0.2949118 0.6014987 0.7047524 0.6161745 0.0613211 0.4395160 -0.1218042 -0.2189406 -0.0404085 0.1377710 -0.0678232 0.2770909 0.7266969 0.6259224 0.7796235 0.5815863 0.2361396 -0.0854190 0.3434375 -0.0525109 -0.0084389 -0.0842825 -0.0221627 0.2002489 -0.0392088 0.3982815 -0.0385519 0.1556488 -0.5200041 -0.2367922 -0.0549701 0.6971862 0.5263935 -0.1280742 0.2934262 0.1987513 -0.3456819 -0.3092044 0.3062476 0.7572286 0.3301072 0.2646055 0.5112983 -0.5840565 -0.3702897
0.2915053 0.7312141 0.1804706 0.8118711 -0.0968123 0.0000000 0.4825935 0.4967107 0.7324256 0.7322973 0.6899890 0.7848097 0.1197249 0.3718437 0.8674602 0.3002992 0.3607970 0.5263086 0.3212455 -0.0888290 0.2356980 0.3260091 -0.2071180 0.6058061 0.1043402 -0.0937338 0.1782397 0.2842756 0.5751389 0.1765179 0.0913941 -0.1168060 0.3642512 0.6635309 -0.3283086 -0.3708865 -0.2529272 0.0745486 0.2347017 0.1965503 -0.1603348 -0.4177355 -0.0317913 0.5142337 -0.0615658 -0.0852352 -0.0903141 -0.2319690 0.5797217 0.0082855 -0.1030205 0.2296407 0.4718913 0.4160250 -0.1913918 -0.1370574 -0.1832439 0.7759478 -0.5098928 -0.1367453 -0.3833160 0.2084786 -0.3297380 0.6512636 0.0940190 -0.4242195 0.0740125 0.5350275 -0.3429143 0.6122040 -0.2737880 0.4049274 0.3497318 0.0889195 -0.4756060 0.4574814 0.3306072 -0.5187683 -0.0482293 0.0746390 -0.2417049 -0.2062801 0.1216444 0.3795722 0.3084948 -0.0056677 -0.0392428 -0.1221243 0.0705396 -0.1476407 0.0000017 -0.0011216 -0.1916048 -0.2852173 0.0539522 -0.0276596 -0.0622942 -0.2523570 -0.0715031 0.2148268 0.0041118 -0.2083403 -0.3131491 -0.0252872 -0.1296894 0.1217996 -0.2796769 -0.2304687 -0.2189669 -0.0022458 -0.2215407 -0.2163140 0.0436458 -0.2669606 -0.2980780 -0.2429781 -0.1982942 0.2946012 -0.0574284 0.3066839 0.1837208 0.0984371 0.0250821 0.5356093 0.4906503 0.2823963 -0.4249654 -0.0315731 0.1886087 0.0215161 0.2315118 -0.0192359 -0.3958007 0.0983365 -0.5622477 -0.2396926 0.0095216 0.1780551 0.0809378 0.1741519 -0.1596405 0.0062110 -0.0943052 -0.0824978 0.0968826 -0.4695230 0.1045860 0.1639286 0.1170541 0.1053197 0.1418926 -0.1406263 0.0135869 0.0283252 -0.1168764 -0.1534860 0.1253197 -0.1477114 0.0465183 0.1319936 0.1661337 0.0963197 -0.1415485 0.1109137 0.0511775 0.0116947 0.1187868 0.0467541 0.0306669 0.1344408 0.2447325 0.0844170 -0.0860429 0.1249528 0.1965721 0.1149865 -0.3337377 -0.7242371 -0.4057986 -0.3012259 -0.2345681 -0.2125499 -0.3836481 -0.2478356 -0.5849429 -0.1770433 -0.4881900 -0.2850043 0.0120553 0.2327194 -0.0677822 0.3076244 0.4696164 0.1015863 0.1989272 0.2684968 0.1450006 0.4552142 0.2444485 0.2239553 -0.2143825 -0.3354112 -0.2932028 0.0263396 -0.0132027 -0.1778314 -0.1135134 -0.3147226 -0.3689246 -0.2288833 -0.3982936 0.0093061 0.0656074 0.1190690 -0.1620127 -0.3440499 0.3007410 0.0138833
0.4186063 0.5028595 0.6165292 0.2274832 0.5039014 0.4825935 0.0000000 0.2272598 0.3097520 0.3034564 0.2562996 0.7450467 0.4597202 -0.0480497 0.2864620 0.1609727 0.1993261 0.0526844 0.1890720 0.5913169 0.6265257 0.5095244 -0.0393991 -0.0332736 0.1050509 0.1218382 0.2975651 -0.2363531 0.6472399 -0.1308225 0.4277264 0.0065085 -0.2662906 0.0845563 0.1512588 0.0044252 -0.0565760 0.1713816 0.0137573 -0.1471063 0.4272446 0.2838329 0.2263780 -0.0767650 0.3923991 -0.0746033 0.0911003 0.2781602 -0.0723100 0.3560206 0.1412772 0.1556488 0.3147549 0.3255412 0.1793722 0.2508323 0.0533371 0.0996110 0.1414006 0.0673001 0.3754097 0.2181911 0.3120494 0.2443848 0.5295004 -0.0243886 -0.0087748 -0.0142457 0.2427031 0.0766199 -0.2242744 0.5481862 -0.0515920 0.5841591 -0.0363895 0.1515112 0.4126777 -0.0489449 0.2645442 0.3179667 0.2616047 -0.2208599 0.1575140 0.1744688 0.2168426 0.2412744 0.2003612 -0.0881175 0.3524309 0.1672823 0.1346499 0.0358119 -0.0094271 0.1798860 0.2581200 -0.1193325 0.0610246 -0.0156405 0.3406499 0.3969156 0.4319239 0.1831118 0.0497243 0.1505957 0.0353307 0.1504000 0.1306499 0.1282583 0.0920833 0.1560360 0.0215047 0.1072000 0.0255866 -0.0006683 0.0573003 0.0913712 -0.0304741 -0.1808282 -0.1502825 0.1513964 0.0243324 0.0327817 0.3016703 0.1218032 0.2608011 0.3533439 -0.1350492 0.1522847 0.2202593 -0.0922454 0.0190687 -0.1616272 -0.2889604 0.4526715 -0.1466764 0.1378718 -0.0147763 0.3459961 -0.0253908 0.2272046 -0.0194751 0.0541828 0.2655033 0.2782866 0.0389185 0.0091318 -0.1185098 -0.1774295 -0.0616405 0.0612546 0.2162024 0.0693071 0.2186748 -0.0587546 -0.1660684 0.0586117 0.2246845 -0.2659866 0.2929723 0.3122177 0.0936013 0.1856575 0.0214889 0.2048394 -0.0281821 -0.0702062 -0.1281388 -0.2692117 0.1501597 0.3201336 -0.1465496 -0.2118069 0.5438784 0.6181464 0.7810894 0.8522783 0.6165816 -0.2024843 0.0960386 -0.6089603 -0.6398952 -0.5628723 -0.3983212 -0.5156115 -0.1881543 0.4920153 0.2235395 0.4964342 0.6187438 0.6168332 0.1719687 0.4560845 0.3701459 0.3560686 0.3212299 0.4822487 0.6732469 0.2778114 0.4165713 0.4783174 -0.0616183 -0.4045581 -0.4413558 0.1730844 0.2284745 0.0525262 0.0261991 0.0981893 -0.2427075 -0.1919308 -0.6206119 0.4697400 0.4565642 0.3470035 0.1694469 -0.0701686 -0.1550865 -0.0336503
0.4274823 0.4513278 0.3443299 0.6133272 0.2889469 0.4967107 0.2272598 0.0000000 0.3566659 0.1555082 0.1342882 0.5115303 0.5888238 0.0840606 0.4691022 -0.1122835 -0.2319220 0.1221627 0.3419187 0.1634910 0.3094391 0.2529357 -0.0416822 0.2421586 0.3974354 0.0013597 0.1923898 -0.0080883 0.4338035 0.2260410 0.3148825 0.4584454 0.2338281 0.4566743 0.1370868 0.1277652 0.0762510 0.6651907 0.3828263 0.3505334 0.0795525 0.1617984 0.0305336 0.1145800 0.3354358 0.5901431 0.6588455 0.3091220 0.4112506 0.3596443 0.5014035 0.4687532 0.6530204 0.3532228 0.1732719 0.4018689 0.6260611 0.5439825 -0.0077460 0.4860143 0.1285837 0.4423090 0.1149837 0.5008059 0.3355953 0.3926605 0.5866074 0.3532811 0.2237888 0.5693450 0.3714025 0.3870768 0.5806603 0.3872486 0.3107821 0.7641600 0.4983900 -0.1328626 0.3763371 0.5450591 -0.1661123 -0.3122581 0.1363051 0.1145621 -0.2727660 -0.1001323 0.1816820 -0.0845663 0.2321987 -0.0889453 0.2198158 0.2090228 -0.1222043 -0.1867233 0.3859504 0.2270910 -0.0458860 -0.3548858 -0.2867539 0.4018020 -0.0947844 -0.3767153 -0.5250063 0.2350351 0.0672617 0.1251974 -0.4875125 -0.4446114 -0.2093744 -0.4469729 -0.0238477 -0.2638251 -0.2653321 -0.5414017 -0.5354486 -0.5753459 -0.4797992 0.0876844 -0.3326458 -0.0800341 -0.1916571 -0.2798235 -0.0894742 0.4983693 -0.0134816 -0.0570301 -0.6043813 -0.0447567 -0.1449579 0.0566420 0.0332148 0.0734939 -0.1748437 0.1305430 -0.2155083 0.0170507 -0.0553249 0.1830651 -0.1739630 0.1805740 -0.1429008 0.0296014 0.2354550 0.2775487 0.1473234 -0.3070263 0.0968532 0.1032811 -0.0299867 0.0768921 0.2059992 0.2216241 -0.0283580 -0.2711520 0.1762195 0.1740242 0.1868565 0.1077485 0.3190750 0.3169739 0.0084407 0.0811073 0.1637643 0.3514451 -0.1305493 0.1580371 -0.0583296 0.0199272 0.1639637 0.1430642 -0.0418889 -0.1396061 0.2529560 0.1601041 0.3574593 0.2299439 -0.1239460 -0.3817601 -0.0179823 -0.0105838 -0.0847514 0.0496374 -0.0073687 -0.0642556 -0.0930928 0.1702538 0.0360533 0.1957206 0.1807489 0.2138447 -0.0627073 0.4118899 0.3205271 -0.0181390 -0.0468093 -0.0163710 -0.1090695 0.4636623 0.4159050 -0.0831793 0.5640842 -0.2181600 -0.2654262 0.0895983 0.4277532 0.1691455 -0.3248918 -0.2023308 0.4492855 -0.0214145 -0.1484339 0.0462791 0.3496434 0.1792044 -0.1952476 -0.0619122 -0.0087287 -0.1707920
0.1422439 0.4840886 0.0793995 0.6938611 -0.1862342 0.7324256 0.3097520 0.3566659 0.0000000 0.8782896 0.7555361 0.6770116 -0.0582145 0.5823588 0.8764670 0.5085884 0.6057127 0.6146791 0.5338434 -0.0955326 0.2131334 0.0773723 0.2629068 0.6883343 0.3213976 0.2129301 0.2903640 0.3550808 0.3525291 0.3349456 -0.1525368 0.2064624 0.4501636 0.6141768 0.0140749 -0.3837025 0.0810874 0.1310687 0.3918071 0.1688154 -0.2065095 -0.3322492 0.2317734 0.5689361 -0.0410662 -0.0042647 0.0286166 -0.1662500 0.5394119 -0.1827592 -0.0091006 0.2513121 0.2605763 0.4868176 -0.1862123 -0.1809932 -0.0705803 0.7715273 -0.2725435 -0.0407547 -0.2477486 0.3649045 -0.2447105 0.6084727 0.0837674 -0.2768906 0.0473832 0.6824279 -0.2873039 0.5252261 -0.1027275 0.1471056 0.4268712 -0.0041802 -0.2957569 0.3447686 0.0410125 -0.1382820 0.0461754 -0.0403500 0.0274318 -0.3195549 -0.1602151 -0.0225949 -0.0923784 -0.1648512 -0.2346850 -0.5043013 -0.1730746 -0.3023861 -0.2176901 -0.2876540 -0.1780484 -0.3313295 -0.1364575 -0.3605796 -0.2241140 -0.3290932 -0.1256363 -0.1078021 -0.2443987 -0.1995496 -0.3767787 -0.1647235 -0.4444159 -0.2766796 -0.0815996 -0.2626486 -0.1107840 -0.3508416 -0.1283163 0.0530045 -0.2588473 -0.4073477 -0.2896152 -0.3499901 -0.2846040 0.0030520 -0.2464258 0.2193802 -0.1154659 -0.0576601 -0.3551699 0.0345570 0.2265978 0.5692921 -0.5736351 -0.4908288 0.3539732 -0.4449167 -0.1359279 -0.5045260 -0.4567497 -0.0730757 -0.4339502 -0.3692766 -0.1516554 0.4669918 -0.1230870 -0.0383922 -0.4744682 -0.1151462 -0.3539102 -0.0856225 0.3763443 -0.5371884 -0.1509289 -0.0836051 -0.1671930 -0.2553137 -0.1353544 -0.3360568 -0.2379365 -0.4119807 -0.4574524 -0.4071473 -0.2437733 -0.2353279 -0.3362433 -0.1832521 -0.3323636 -0.2345023 -0.5582067 -0.1890116 -0.4356230 -0.4275558 -0.3930236 -0.3246810 -0.4438431 -0.1341395 -0.1592198 -0.2805792 0.0647746 0.1367523 0.0960332 0.0525469 -0.2569773 -0.5301861 -0.4174665 -0.3267653 -0.3216937 -0.3811056 -0.3234649 -0.3515375 -0.3500622 -0.1095707 -0.2892328 -0.3121041 -0.0128172 0.1498230 0.1407791 0.1867523 0.4399992 0.3396098 0.5004923 0.5451213 0.2437056 0.3469014 0.0985745 0.4771755 -0.1340521 0.0553602 -0.0284233 0.2042480 -0.2468262 -0.0922016 0.2793319 -0.2262023 -0.2226974 0.0676673 -0.0623916 0.0700619 -0.1840378 -0.1516058 0.0643172 -0.5027576 0.3392893 0.3043073
0.0509379 0.4963147 0.0976321 0.7095621 -0.3644038 0.7322973 0.3034564 0.1555082 0.8782896 0.0000000 0.9435181 0.6248457 -0.1509073 0.6413610 0.8083744 0.5963319 0.7931165 0.6423931 0.4584732 -0.1617907 0.2265483 0.1102509 0.0688067 0.6467830 0.0118109 0.3251706 0.2154236 0.3757140 0.3739052 0.2529600 -0.2153071 -0.1594913 0.4178296 0.6366785 0.0081762 -0.4797146 0.1356425 -0.0753014 0.2477690 0.1265410 -0.0558847 -0.4423026 0.2561954 0.6272135 -0.0196744 -0.2035898 -0.0798317 -0.3934683 0.5175795 -0.2380758 -0.0603231 0.1105851 0.2766301 0.4854271 -0.3145316 -0.2767376 -0.2201394 0.8037607 -0.3800114 -0.0744644 -0.2758897 0.3212523 -0.3839957 0.6444317 0.0273573 -0.4816106 -0.0185102 0.6151613 -0.3934544 0.6130965 -0.2212714 0.1880666 0.3684445 -0.0372384 -0.4764715 0.3443037 0.0429027 -0.1531849 0.0423471 -0.1875452 -0.0937322 -0.1055407 -0.1477099 0.0120986 0.1399680 -0.0579025 -0.1458072 -0.3888974 -0.2164723 -0.3386113 -0.3933596 -0.3670036 -0.2912971 -0.3249694 -0.2803260 -0.4694224 -0.2918184 -0.3171534 0.0968523 -0.1425381 -0.2306558 -0.1270323 -0.2538438 -0.2764191 -0.5507000 -0.2656990 -0.0260448 -0.1389051 -0.2093962 -0.0856794 -0.2681770 0.0100626 -0.1435899 -0.2707414 -0.1166016 -0.2232014 -0.1032943 0.1617355 -0.1275401 0.2426970 -0.0313157 -0.0672528 -0.1435216 0.0415574 0.3214809 0.6437617 -0.5211006 -0.3912016 0.4547183 -0.4148797 -0.1236749 -0.4304159 -0.5483931 -0.0324173 -0.4985035 -0.4394269 -0.2607169 0.4234746 -0.1566724 -0.1067653 -0.5195345 -0.1765008 -0.4890848 -0.3060932 0.1471013 -0.3894335 -0.2875767 -0.1724055 -0.1062011 -0.2701811 -0.2621169 -0.5377176 -0.3526524 -0.2565419 -0.5528219 -0.5751896 -0.3171131 -0.4576355 -0.3943245 -0.3821461 -0.2989110 -0.3461890 -0.5137040 -0.3737977 -0.4238979 -0.4965710 -0.2611866 -0.3172342 -0.4602389 -0.3266647 -0.0789287 -0.2203594 -0.0006190 0.0384940 0.0519128 0.0040390 -0.2529836 -0.4842172 -0.3012672 -0.3718872 -0.2868295 -0.4651594 -0.5889652 -0.4972024 -0.4941110 -0.1955429 -0.3802891 -0.3954304 -0.0855532 0.1390557 0.0951609 0.1520306 0.4816273 0.3069791 0.5051434 0.5435621 0.2113417 0.3658057 0.0215640 0.5703067 -0.3584919 0.0996258 0.0049420 0.2011405 -0.4928389 -0.3421923 0.3818653 -0.3702908 -0.5086166 0.1085615 -0.1047782 0.0467995 -0.3542421 -0.1383014 0.0113964 -0.5748241 0.3809821 0.3450080
-0.0635518 0.4116071 0.0136535 0.6725807 -0.4473230 0.6899890 0.2562996 0.1342882 0.7555361 0.9435181 0.0000000 0.5943565 -0.1357231 0.4434888 0.7019816 0.7392712 0.6732417 0.4632069 0.5841101 -0.1941389 0.2489371 0.2169072 0.1212982 0.4510857 0.0415488 0.4325003 0.0768312 0.1684508 0.4054412 0.1177804 -0.3215552 -0.2053726 0.2879477 0.5544695 0.0596422 -0.4322388 0.2782491 -0.0541226 0.2756798 0.0780136 -0.0071913 -0.4315390 0.3055211 0.5623268 -0.0139739 -0.1493267 -0.0021732 -0.4338745 0.4430144 -0.3010033 0.0741479 0.1766564 0.3209164 0.5640129 -0.3413293 -0.2690328 -0.1546362 0.7711605 -0.4026273 0.0746200 -0.2779773 0.4293692 -0.4018846 0.5782948 -0.0117262 -0.4634869 0.1518913 0.5465612 -0.4175896 0.6582203 -0.1119191 0.2108193 0.3939994 -0.0659634 -0.3805983 0.3770638 0.0588199 -0.1128971 0.0893937 -0.1634821 -0.1044493 -0.1155259 -0.2460514 -0.0597421 0.1453972 -0.1719600 -0.2420381 -0.3340137 -0.2990506 -0.3577654 -0.4953318 -0.4592338 -0.4071919 -0.3365169 -0.3187198 -0.5138544 -0.4070577 -0.4297877 0.1053192 -0.1226924 -0.2359994 -0.2183645 -0.3205499 -0.2985701 -0.5755160 -0.2721662 -0.0703742 -0.2031396 -0.2023369 -0.0757236 -0.2526997 0.0068776 -0.1590150 -0.3547106 -0.2247363 -0.3122331 -0.2255520 0.1560849 -0.2201743 0.1862593 -0.1259812 -0.2287722 -0.0996086 0.1057494 0.2682039 0.6809188 -0.5444821 -0.4018131 0.4800536 -0.3812196 -0.1796875 -0.4233318 -0.4966687 0.0443595 -0.5306155 -0.4493399 -0.2376834 0.3586074 -0.1280072 0.0337550 -0.5269579 -0.0871146 -0.4846064 -0.2642726 0.1094345 -0.3156628 -0.2690174 -0.1399722 -0.0446159 -0.1201196 -0.1478006 -0.5048666 -0.3308410 -0.2103089 -0.5012424 -0.5647384 -0.2712696 -0.4221227 -0.2823225 -0.3329857 -0.2862299 -0.2765322 -0.4891483 -0.3472647 -0.4191258 -0.4498837 -0.2005444 -0.2425317 -0.4257129 -0.3000222 -0.0770395 -0.2265382 0.0056661 0.0556620 -0.0191698 -0.0110384 -0.2204612 -0.3762992 -0.2320865 -0.2847606 -0.1925471 -0.4077862 -0.5889570 -0.4791417 -0.4852882 -0.2308351 -0.3932984 -0.4076972 -0.1150953 0.1164165 0.0710087 0.1384211 0.4014367 0.3255834 0.5153002 0.5513396 0.2474269 0.2921756 -0.0116943 0.6266486 -0.3449428 0.1268855 -0.0496787 0.3216820 -0.5152652 -0.3954484 0.3464159 -0.4372572 -0.5497062 0.1584894 -0.0740911 0.1185729 -0.3715670 -0.2359169 -0.1476012 -0.5451117 0.5010309 0.4884357
0.3950258 0.7246237 0.4120508 0.7037667 0.1294489 0.7848097 0.7450467 0.5115303 0.6770116 0.6248457 0.5943565 0.0000000 0.2493183 0.3047471 0.7170081 0.3401450 0.3256327 0.3562423 0.4704726 0.2071443 0.5973562 0.3472685 -0.0367572 0.3720799 0.1382100 0.2147512 0.2216861 -0.0168939 0.6194194 0.0058729 0.1266412 0.0041003 0.0770142 0.4606681 0.0465254 -0.2134056 0.0254978 0.1838276 0.0732767 -0.0800279 0.1721163 -0.0970616 0.0844807 0.1472585 0.1828199 -0.0825366 0.1170285 0.0463527 0.3085203 0.0375648 0.1200504 0.2253549 0.4323051 0.5152433 -0.1115673 -0.0271727 0.0283169 0.5671871 -0.1911135 0.1255273 -0.0155470 0.4839468 -0.0199986 0.5798514 0.3208542 -0.1678982 0.2558620 0.4812961 -0.1252691 0.4610915 -0.0135919 0.4726701 0.4112153 0.3552465 -0.1876008 0.5126627 0.4400357 -0.1735107 0.2372168 0.2195127 -0.0129149 -0.3584968 0.0126584 0.1243771 0.1397173 -0.0607511 0.0468168 -0.1900050 0.1357534 -0.1665501 -0.0935902 -0.1835838 -0.2875671 -0.2279795 0.1604684 -0.1879024 -0.2949916 -0.3278944 0.0947921 0.2116230 -0.0130588 -0.2122356 -0.3447787 -0.0650758 -0.2615934 0.0341069 -0.2184594 -0.2471934 -0.2295055 -0.1371786 -0.2673223 -0.1220744 -0.0518325 -0.3517275 -0.3155982 -0.2498823 -0.3012751 0.0325853 -0.2260910 0.2621499 -0.0124581 -0.0708148 -0.0135188 0.3408044 0.3405339 0.4738933 -0.4691870 -0.1458933 0.2894841 -0.1447576 0.0066685 -0.1576477 -0.4581519 0.1733617 -0.3323594 -0.1825494 -0.1276727 0.4095619 -0.0577676 0.2134487 -0.2558986 0.0701357 -0.0187200 0.2016485 0.1434161 -0.3238046 -0.0681500 -0.0489937 0.1538974 0.0623275 0.0873499 -0.0572182 0.0095585 -0.1488687 -0.2311816 -0.2203332 0.0475938 -0.2256690 0.0954960 0.1062802 -0.0586541 0.0151859 -0.1303348 0.0501183 -0.1643820 -0.0957855 -0.1080892 -0.1454987 -0.0313763 0.1251854 0.0488644 -0.1009995 0.3582325 0.3775737 0.5651389 0.4727088 0.0967308 -0.5323136 -0.1914552 -0.4873646 -0.4383252 -0.4529555 -0.4350770 -0.4473501 -0.3609502 0.1636321 -0.1546720 0.0658228 0.3395594 0.5458945 0.1545339 0.4331299 0.5776320 0.4184501 0.3927121 0.5356701 0.4739101 0.5700145 0.3479678 0.5172443 0.0634412 -0.2651874 -0.3248531 0.3158332 0.1840242 -0.0651531 0.0659728 -0.0076960 -0.1442394 -0.0541536 -0.3487226 0.3034019 0.2517622 0.3077894 0.0789048 -0.3372150 0.1140802 0.0583919
0.5591496 0.0879737 0.7093083 0.0192882 0.8157446 0.1197249 0.4597202 0.5888238 -0.0582145 -0.1509073 -0.1357231 0.2493183 0.0000000 -0.2298205 -0.0616207 -0.1458418 -0.2896551 -0.3439192 0.1163230 0.8089740 0.4234600 0.6809189 0.0841107 -0.1604409 0.3049769 0.2069478 0.3350216 -0.2595576 0.4050648 0.2401667 0.7755035 0.4350868 0.0526360 0.1479728 0.5129424 0.4424906 0.2165254 0.7614581 0.4125524 0.3560801 0.6762300 0.5740736 0.2937811 -0.0404575 0.6671695 0.7379974 0.6603045 0.7389656 0.1999833 0.5589837 0.5642794 0.3203007 0.6543549 -0.0026575 0.6994695 0.8638764 0.7274139 0.0610067 0.2330083 0.5401439 0.6569910 0.1776574 0.7174716 0.2427653 0.7408533 0.5763858 0.2530488 -0.3375423 0.7671369 0.1518766 0.1639941 0.6586123 0.0027953 0.8054176 0.5027602 0.3718224 0.5431497 0.1013615 0.4548943 0.7635623 0.2260347 -0.1151684 0.2138637 0.1169989 -0.2374729 0.0619901 0.2218147 0.0577337 0.3612038 0.2702804 0.3902404 0.3503012 0.1081053 0.2712549 0.4758697 0.1369958 0.3062661 -0.0626414 0.0988158 0.6503490 0.3172818 -0.2064039 -0.2673475 0.5230007 0.2789353 0.1940338 -0.2654635 -0.2481266 -0.0041401 -0.3467248 0.2659949 -0.1037944 -0.4273896 -0.3486503 -0.2988214 -0.4035234 -0.4025676 -0.1865504 -0.4872985 -0.3157048 -0.4539678 -0.4549036 0.3393211 0.1033783 -0.2808949 -0.0347622 -0.2869505 0.3248425 -0.1688146 -0.0038585 -0.1782580 0.0542975 0.1798634 0.3710369 -0.0939702 0.3710106 0.0668564 0.1447402 -0.0240952 0.2738882 0.0914724 0.1070453 0.6147254 0.4487279 -0.1601465 0.0654131 -0.0453425 -0.1046058 -0.1731572 0.0833686 0.4388867 0.3224954 0.0517035 -0.1407962 0.0937009 0.4595149 0.3748237 -0.0277845 0.5956771 0.5447587 0.0327216 0.2701358 0.3458288 0.4990559 -0.1194208 0.1830724 -0.0678576 -0.1680718 0.2961459 0.3429373 -0.3634267 -0.3661217 0.7188559 0.3444115 0.5412623 0.6947369 0.4565498 -0.0684103 0.3755524 -0.1782524 -0.2741533 -0.1634037 -0.1606632 -0.3127045 0.0208921 0.6539771 0.4757406 0.7364088 0.5928673 0.3123352 -0.0502126 0.5802276 0.1703513 0.0117552 -0.0110946 0.0621296 0.1599787 0.1875733 0.5616053 0.0859433 0.2617043 -0.5193232 -0.3050654 0.1096211 0.5586604 0.3552730 -0.1754275 0.0019487 0.1603024 -0.2289324 -0.2399049 0.4168442 0.6500019 0.2166155 -0.0345714 0.3589081 -0.4138554 -0.2934688
0.1880607 0.4710538 0.1752170 0.5611792 -0.2544557 0.3718437 -0.0480497 0.0840606 0.5823588 0.6413610 0.4434888 0.3047471 -0.2298205 0.0000000 0.5626935 -0.0318980 0.7073047 0.7739339 0.0089409 -0.1856283 -0.0420630 -0.2779104 -0.2321561 0.8079955 -0.3177350 0.0598396 0.2265370 0.7178625 -0.1345751 0.3444738 -0.0031982 -0.2106035 0.5737729 0.5558100 0.0294232 -0.5150511 -0.0736017 -0.1779062 -0.1436542 0.0662516 0.0027781 -0.5090381 0.0264677 0.4127930 -0.1741405 -0.3193013 -0.1881286 -0.2543975 0.4866017 -0.1722397 -0.2545455 -0.1618316 -0.0174362 -0.0026041 -0.2591564 -0.3253370 -0.2631912 0.5756836 -0.3608306 -0.2183862 -0.3321331 0.0661331 -0.3095044 0.5338078 -0.1081232 -0.3636243 -0.2117330 0.5985798 -0.3507330 0.3331965 -0.1693844 -0.0838954 0.3884779 -0.1221354 -0.5385728 0.2540005 0.0155189 -0.0709046 -0.0131982 -0.2821531 -0.2566662 0.0409487 0.0502584 0.0939822 0.1203364 0.0875986 0.2830347 -0.1668429 -0.0168245 -0.3045727 -0.2137592 -0.1230154 -0.2112420 -0.3487815 -0.0499532 -0.1113351 -0.2210868 -0.0970662 0.0858152 -0.2839379 -0.3491837 -0.1277155 -0.1275655 -0.2953170 -0.4720405 -0.0321264 -0.1931988 -0.1137914 -0.4582652 -0.0901533 -0.4871333 -0.2343300 0.0244015 -0.0734677 0.0309385 -0.0068236 0.1784279 0.2887173 0.1913276 0.2816620 0.2345660 0.2653738 -0.1124757 -0.0753415 0.2689348 0.2205167 -0.1949249 -0.1964677 0.1225834 -0.2465517 0.0193907 -0.0456035 -0.3753548 -0.5203743 -0.0216343 -0.3185516 -0.3564750 0.2147148 -0.1874608 -0.4620925 -0.2964076 -0.2690998 -0.3416734 -0.3614325 -0.1086195 -0.2317063 -0.1546869 -0.0478469 0.1715662 -0.4591156 -0.5362876 -0.4202145 -0.4007625 -0.0812770 -0.3702717 -0.5169277 -0.3772027 -0.3330379 -0.5275080 -0.5387021 -0.2536372 -0.5308411 -0.2794417 -0.4089680 -0.2692309 -0.3507341 -0.0877328 -0.1595122 -0.2908473 -0.5063552 0.1714065 0.1286778 -0.0702511 -0.2753699 0.0134092 -0.2463377 -0.4595052 -0.5407490 -0.3421912 -0.3405524 -0.2013063 -0.3647232 -0.4834744 -0.3651205 -0.3984784 -0.2654265 -0.3925982 -0.3942355 -0.1899981 0.0382181 0.0803092 0.0191574 0.4949870 0.1059778 0.1513534 0.1389277 -0.1801865 0.5234662 -0.0507961 0.1384070 -0.1837999 0.1554264 0.4157338 -0.0236827 -0.2539161 -0.2387901 0.3084492 0.0220685 -0.1054773 0.0666802 0.2042733 -0.2034924 -0.3525527 0.2097855 0.2945419 -0.4390337 -0.0462315 -0.2382938
0.2598958 0.6073449 0.0218216 0.8728410 -0.2596897 0.8674602 0.2864620 0.4691022 0.8764670 0.8083744 0.7019816 0.7170081 -0.0616207 0.5626935 0.0000000 0.2943305 0.5332100 0.7001128 0.3140546 -0.2237016 0.0903522 0.0686200 -0.0790870 0.8098411 0.1151789 -0.0335401 0.2971899 0.4838735 0.5145677 0.4039841 -0.0703738 -0.0234340 0.5698400 0.8127417 -0.3006497 -0.5180449 -0.2306637 0.0726093 0.3376577 0.2193969 -0.3117082 -0.5025816 -0.0714751 0.5318508 -0.0353772 -0.0758133 -0.0656047 -0.2839639 0.6795233 -0.1369188 -0.1500439 0.2123853 0.4409695 0.3914865 -0.2684488 -0.2124173 -0.1680570 0.8642252 -0.5179040 -0.1492445 -0.3856888 0.3028770 -0.3662213 0.7825969 0.0915778 -0.4005624 0.1142896 0.7045062 -0.3370824 0.7084132 -0.1847891 0.3204860 0.4742581 0.0604867 -0.4286733 0.5620878 0.3261494 -0.4386048 -0.0026856 0.0640033 -0.2359062 -0.2734022 0.1016472 0.3179624 0.1944401 -0.0078543 -0.0511939 -0.3362099 0.0513800 -0.2214922 -0.0927623 -0.0663563 -0.1166655 -0.3147535 0.0251409 -0.1483115 -0.1137186 -0.2613772 -0.0583816 0.1070333 -0.1803311 -0.2580634 -0.3541128 -0.0234950 -0.2501311 -0.0374182 -0.2368586 -0.2396225 -0.2099015 -0.2201746 -0.1669368 -0.1387387 -0.1201823 -0.3558712 -0.2745194 -0.3307818 -0.2493348 0.2093794 -0.1402848 0.3477765 0.0454286 0.0671000 -0.2420157 0.4153642 0.4205239 0.4493343 -0.5809682 -0.2211458 0.2617921 -0.1779376 0.0687758 -0.1624277 -0.5561624 -0.0049842 -0.5615316 -0.3175312 -0.1486476 0.3455814 -0.0784249 0.0917663 -0.2225203 0.0301785 -0.2492182 -0.0171202 0.3325899 -0.5913317 -0.0000823 0.0852006 0.0736557 0.0042799 -0.0150320 -0.1526349 -0.0481370 -0.1139764 -0.2200110 -0.2755181 -0.0450457 -0.0765001 -0.1885017 -0.0455473 0.0267901 -0.0233775 -0.3251041 -0.0386552 -0.1276732 -0.0579546 -0.0058643 -0.0635280 -0.1905357 0.0236743 0.2209695 -0.0420557 -0.1554902 0.0413916 0.1207206 -0.0099275 -0.4766786 -0.7737837 -0.5528675 -0.3559924 -0.2967952 -0.2758323 -0.3913571 -0.2598610 -0.5749136 -0.1393775 -0.5075549 -0.3289980 0.0374785 0.2965090 0.1275601 0.3578957 0.6073324 0.2335715 0.3471321 0.4259201 0.1411440 0.5539047 0.2567380 0.3327450 -0.0539078 -0.2117023 -0.1748520 0.1328479 -0.0857958 -0.2000252 0.1059594 -0.2308550 -0.1838655 -0.0578170 -0.1652670 0.0052153 -0.0303720 0.1196881 0.0800124 -0.4674827 0.3169387 0.0405197
-0.3775327 -0.0710260 -0.2526636 0.1868797 -0.3071579 0.3002992 0.1609727 -0.1122835 0.5085884 0.5963319 0.7392712 0.3401450 -0.1458418 -0.0318980 0.2943305 0.0000000 0.4415465 -0.0057652 0.7092231 -0.0583311 0.2164832 0.2423847 0.5736884 -0.0159090 0.3213545 0.5800501 0.1187119 -0.2326555 0.2878559 -0.0524672 -0.4221132 0.0778211 -0.0594818 0.0957534 0.2175793 -0.1079611 0.4882984 0.0990299 0.3398898 -0.0423319 0.0130097 -0.1647985 0.4289734 0.3352737 0.0014227 0.0168930 0.0147596 -0.1202005 0.0773169 -0.3060038 0.1207372 0.1831105 0.1083237 0.5126256 -0.0674324 -0.0874772 -0.0897926 0.3195080 -0.1582859 0.1314988 -0.0752382 0.4202557 -0.0754995 0.1372223 0.0349630 -0.2795978 0.1432482 0.2881562 -0.1834101 0.2902620 -0.0045162 0.1039600 0.1504682 -0.0843044 -0.0290411 0.0620604 -0.1221978 0.1320422 0.0950800 -0.0202758 0.2730655 -0.0271743 -0.3065585 -0.2389453 -0.0537556 -0.2443562 -0.5773808 -0.2333358 -0.3887179 -0.1111315 -0.3273182 -0.4673826 -0.1234415 -0.0171406 -0.3430920 -0.5857247 -0.2746674 -0.1925433 0.1609692 -0.0908896 -0.0547157 -0.0217468 -0.1158879 -0.1085608 -0.3442077 -0.3874099 0.2391569 -0.0320951 0.1647126 -0.0966472 0.1573905 0.2895803 -0.1363143 -0.2000613 -0.1235147 -0.1758891 -0.2530843 -0.0655305 -0.2654597 0.0515571 -0.2885104 -0.3221180 -0.1588367 -0.1802623 0.0771028 0.6461513 -0.2564541 -0.4143549 0.5465615 -0.3351065 -0.2007171 -0.5357064 -0.0335206 0.1708381 -0.4316004 -0.2838993 0.1473901 0.4028148 0.2062156 0.2230120 -0.4158840 0.1524870 -0.3277680 -0.0957495 0.2914652 -0.1712750 -0.1007370 -0.0713059 -0.1052737 0.0465282 0.0666200 -0.3886959 -0.1306856 -0.2106093 -0.3348074 -0.3726253 -0.1159698 -0.2899913 -0.0822227 -0.1382231 -0.3950930 -0.0513872 -0.4349616 -0.2000249 -0.3952619 -0.5047437 -0.2778430 -0.1325787 -0.3927479 -0.0901792 -0.3638166 -0.2786166 0.1247801 0.1627318 -0.1070538 0.0701510 0.1028151 0.0388739 -0.1060634 -0.0955695 -0.0680251 -0.2534375 -0.2322529 -0.2703193 -0.1360580 -0.0284286 -0.0992043 -0.2318063 -0.0050597 -0.0028221 0.1065596 0.0286292 -0.0313922 0.3869189 0.5643324 0.5974138 0.4968410 -0.1689628 -0.0644123 0.6727063 -0.2320114 0.2828098 0.0560874 0.5752024 -0.3799632 -0.0345251 0.4044273 -0.2934715 -0.4857868 0.2663547 0.1262141 0.3122435 -0.2284183 -0.4540630 -0.2160003 -0.3344530 0.5096442 0.8149871
-0.0388767 0.2715429 0.0267286 0.4349659 -0.2892624 0.3607970 0.1993261 -0.2319220 0.6057127 0.7931165 0.6732417 0.3256327 -0.2896551 0.7073047 0.5332100 0.4415465 0.0000000 0.5935468 0.0949016 -0.0325946 0.0347912 -0.0958364 0.0585508 0.5607865 -0.2503760 0.2307134 0.4843797 0.4955149 0.2205118 0.2501436 -0.0886959 -0.2701062 0.3416766 0.4435694 0.0340342 -0.4913235 0.0192305 -0.1692490 0.0578562 0.0083778 0.0729722 -0.4411404 0.2815062 0.4665895 0.0113543 -0.3678592 -0.2950661 -0.2490309 0.2740411 -0.1241796 -0.3033508 -0.0587978 0.0382452 0.2091526 -0.1046668 -0.1903484 -0.4039509 0.4631018 -0.3280529 -0.2706063 -0.1489459 0.1495830 -0.1529585 0.4472044 0.0985954 -0.5261250 -0.3233616 0.4803955 -0.2100913 0.3178422 -0.4067912 0.1391545 0.1478087 0.0215189 -0.5209675 0.1258889 0.0447919 -0.0281610 0.0334560 -0.1878947 0.0381695 0.1280247 0.0748709 0.1375555 0.3127683 0.2597452 0.0612086 -0.2173729 -0.0046993 -0.0846416 -0.2041768 -0.1497181 0.0663435 0.0162663 -0.1938326 -0.4304418 -0.0277333 0.1092652 0.5006301 -0.0780078 -0.0254058 0.1742105 0.1701468 -0.0881475 -0.3774287 -0.1706201 0.2478143 0.2227963 -0.0790527 0.1311148 -0.1140921 0.1260141 0.0572293 0.1419963 0.3350243 0.2063898 0.2841232 0.1252559 0.1196780 0.3277397 0.1317581 0.2307228 0.0052017 -0.2331715 0.3961574 0.5909526 -0.1607425 -0.1474192 0.5132984 -0.4046659 -0.0488088 -0.3031701 -0.4025876 -0.0982551 -0.2736840 -0.2596434 -0.2357492 0.4914398 -0.0029413 -0.2136613 -0.2722394 -0.0542983 -0.3544313 -0.3249442 0.0352642 -0.1751607 -0.2577680 -0.1960911 0.0131772 -0.2853655 -0.3580636 -0.5157407 -0.1937485 -0.0310301 -0.4456923 -0.5168085 -0.1900217 -0.5170608 -0.3695641 -0.4466967 -0.2680746 -0.2940188 -0.4291630 -0.3542141 -0.2838912 -0.5370661 -0.1076253 -0.2027933 -0.3095276 -0.3005361 -0.0786434 -0.0421517 -0.0339219 -0.1270438 0.1008220 0.0275970 -0.1237222 -0.3639526 -0.2810807 -0.5047761 -0.3756432 -0.5653774 -0.6283735 -0.5249178 -0.4418314 0.0092721 -0.2613148 -0.2462827 0.0770043 0.2084981 0.2248502 0.1228221 0.3555157 0.3344274 0.4917715 0.5420114 0.3027258 0.2070585 0.0094496 0.5575597 -0.4021063 0.0972801 0.2407330 0.2124100 -0.4398146 -0.2473137 0.5924240 -0.0787545 -0.5080071 0.1162219 0.0346378 0.0634216 -0.2831383 0.0574391 0.3523242 -0.4692206 0.1958511 0.2011136
