0.0000000 -0.0232637 0.2283044 0.1264045 0.2723473 0.4014689 0.3987171 0.0336357 0.0905725 0.2487883 0.1455125 0.3214460 0.3248602 -0.0317124 0.3083747 0.0311046 0.0082164 -0.0416623 -0.0769492 -0.0969800 0.3214594 0.1651536 -0.1086575 0.0375967 -0.2802088 -0.2764900 -0.2180315 0.1450576 0.2514800 -0.0828000 -0.1734863 -0.4250748 -0.0024776 0.1403262 -0.2040718 0.1627498 -0.3321572 -0.2840743 -0.1224090 -0.1170918 -0.2902371 0.2876016 -0.1759796 -0.0325158 0.4772964 -0.5560728 -0.3975153 -0.4048511 0.1544873 -0.3056563 -0.3684114 -0.0157271 0.3129705 -0.1023777 -0.5362751 -0.5259181 -0.4477628 0.2014494 0.2124096 -0.4296585 0.3111848 -0.3957187 -0.4192408 0.2985309 0.4845113 -0.4109133 -0.3617119 -0.0596621 -0.4581972 0.0535607 -0.4582000 0.2806667 -0.1626123 0.1970521 -0.6727737 -0.0322886 -0.0042840 -0.5450114 -0.3703384 -0.1613927 -0.4668923 0.2946737 0.1754296 0.0122879 0.0542223 -0.0275274 0.1130106 -0.0953427 0.0438070 0.1977341 -0.0741558 0.2262949 0.3540875 -0.0304988 0.0034467 0.2909149 0.2918815 0.3201844 0.0949428 -0.0801136 0.1109530 0.0566241 0.0076735 -0.0006868 0.3614938 0.2563938 0.2695678 -0.2163018 0.1380769 0.2629296 0.0829728 0.3843471 0.0509735 0.1802995 -0.0225061 0.0458419 -0.1032857 -0.3032099 -0.2004477 -0.1805847 -0.1603488 0.1254592 -0.4161036 -0.0360385 -0.2490381 -0.0303823 -0.0318400 -0.1331835 -0.1478337 -0.0072815 -0.1215764 -0.1679026 -0.1118034 -0.1718832 -0.5613392 -0.1240142 -0.1983554 0.0430644 -0.1097479 -0.0577241 -0.0694055 -0.0767147 -0.3658826 -0.4385267 -0.4315084 -0.0263189 -0.2583409 -0.1452095 -0.1226473 -0.0526960 -0.1344728 -0.2310579 0.0580053 0.1749648 0.0640396 0.0134025 0.0070385 -0.0753585 -0.1160503 -0.2156885 -0.0279059 -0.1444230 0.0868580 -0.1148273 -0.0719827 -0.0052023 0.0115438 0.0347421 -0.1061296 -0.2343740 0.0300707 -0.1873705 0.2206294 -0.0252959 -0.0988117 0.0818590 0.1768617 0.1802028 0.1574793 0.1097100 0.1053260 0.0498942 0.1125306 0.0279597 0.2086902 0.5194355 0.0739874 0.1269433 0.0212110 0.0515049 0.0444843 -0.0056025 -0.0990986 0.0800086 0.1158293 0.1501019 -0.0275170 -0.0347270 -0.0809719 -0.0847438 -0.0358314 0.0809502 0.2107187 0.2798859 -0.1001014 -0.2760471 -0.1972502 -0.0627402 0.1135900 0.0786288 0.4804213 0.4506368 0.0245007 0.2621300 0.0023614 0.2201218 0.0376031 -0.0862052
-0.0232637 0.0000000 0.3279566 0.4412558 0.2782072 0.2290830 0.1177145 0.5843263 0.2593211 0.2326241 0.0300260 0.2800906 0.2337529 0.1970588 0.1762619 -0.0405789 0.0553954 -0.1114080 0.2369108 -0.2809520 0.3925253 0.2231626 -0.1530095 0.0152261 0.0539330 -0.1567925 -0.1124087 -0.2249020 0.3671073 0.0330036 0.1431807 -0.0635749 -0.1263223 0.1886392 -0.2062299 0.5102632 -0.0459984 0.1473096 0.0110409 -0.2284035 0.0766264 0.2740090 -0.2412290 -0.2660196 0.0635352 -0.0007830 -0.2107486 0.0576291 0.2039370 -0.3247457 -0.1202211 -0.2558642 0.3380106 -0.1855692 0.0349071 -0.0185681 0.1830093 0.1831003 0.1153282 -0.0359769 0.1898734 -0.0564710 0.0308626 0.2966852 0.0156871 0.2925512 0.2677298 -0.1107385 0.0076558 0.3787782 0.3843390 0.5834457 0.0938348 0.3281035 0.1422654 0.2814086 0.6404449 0.5486171 0.2422121 0.5009453 0.3601244 0.2265077 0.4595947 0.3956717 0.4126743 0.5028302 0.0267456 -0.2963719 0.4823084 0.2838768 0.1483112 -0.1246376 -0.1362551 -0.1168916 0.3904263 -0.0177171 -0.2917131 -0.0830275 0.0534863 0.2451546 0.2884403 0.1574551 0.4375437 -0.1674801 -0.1698634 0.1393380 0.2289730 0.2355960 0.1977541 0.3475359 0.1218162 0.0759789 -0.0355189 0.0219237 -0.2518271 0.1694184 0.0091593 0.0706317 0.2621267 0.2991977 0.2077598 0.2333428 0.4483039 0.3148853 0.1092606 0.2368833 0.0663303 0.6101744 0.1040453 0.4608457 0.1073785 0.4183785 0.2008980 0.3109201 0.0940221 0.4367709 0.3902028 0.1576046 0.0758899 0.4564165 0.2446060 0.4318886 -0.0722621 0.3994015 0.1532069 0.2987155 0.4100019 0.4014997 0.1245275 0.1661657 0.2190584 0.4431435 0.3712823 0.1368576 0.1926377 0.4191119 0.3895716 0.3380043 0.2211646 0.6119142 0.2716290 0.2577567 0.3905244 0.5648708 0.2501283 0.3335725 0.1292881 0.1641997 0.2895901 0.2667670 0.2670431 0.1990118 0.7032596 0.7115106 0.6853124 0.5180359 0.4795096 0.3145076 0.4134574 0.2325838 0.0253083 0.4327762 0.3841582 0.5140720 0.2771879 -0.0237711 -0.2050152 0.0107924 0.5538060 0.6152701 0.2212413 0.6399669 0.5510962 -0.0785317 0.1528771 0.0304626 0.4801880 0.5290716 0.4214115 0.3405421 0.1124397 -0.3379911 -0.0829410 -0.1461977 -0.2014446 0.2816758 0.0764127 0.1232872 -0.1626456 -0.1703245 0.0916153 0.4426654 -0.0564469 0.2576114 -0.3032672 -0.5172033 -0.1026941 0.0575998
0.2283044 0.3279566 0.0000000 0.7890894 0.7839357 0.6401321 0.0094600 0.7630689 0.5404433 0.7064156 0.5963722 0.2748696 0.8149564 0.4386927 0.3356098 0.4830926 0.4802937 0.1070160 0.6870141 0.3764081 0.3345021 0.7176159 0.3909206 0.1992749 0.5327081 0.4002189 0.0000778 0.1222089 0.4285928 0.0851013 0.6332185 0.3160367 0.1171746 0.2530992 0.3079433 0.3452357 0.2924093 0.5262481 0.2896418 0.0246934 0.4156196 0.3003753 0.1651972 0.1464778 0.1838687 0.3343745 0.1142117 0.3618468 0.5091675 0.3986054 0.2894275 0.1477051 0.4684763 0.0683568 0.3096920 0.3142975 0.4475228 0.4890228 0.1410489 0.2434362 0.4029719 0.2316944 0.4730088 0.6898541 0.5511902 0.6254379 0.4864654 0.2656227 0.2086667 0.6377263 0.4813098 0.7064717 0.3088067 0.4917488 0.3461558 0.4416765 0.5572996 0.1829682 0.3187155 0.4156459 0.2768659 0.0581220 -0.0445687 0.0002596 0.1006241 0.0950190 -0.1525372 -0.1891654 0.0587468 0.1166912 -0.5465969 -0.1166828 -0.1984314 0.0309598 -0.5070746 -0.1791124 -0.1064093 -0.0880684 -0.5594640 0.1123595 -0.3210105 -0.1674562 0.0961332 -0.0149137 -0.3289946 -0.4292610 -0.2229092 -0.1335579 -0.3002794 -0.1610729 -0.5479344 -0.1834055 -0.2468080 0.0500955 -0.0273162 0.0271073 0.1384531 -0.0400203 0.0575533 -0.1247494 -0.0370144 0.2607068 -0.0009487 0.1374814 -0.1855714 -0.0962594 -0.1459487 0.0037578 -0.1410097 -0.0130922 -0.1319053 0.1402582 0.0185926 -0.0446319 -0.2532825 -0.1815300 -0.0441322 0.2428351 -0.0056534 -0.0075351 -0.3024640 0.0570758 -0.4367981 -0.2196792 -0.0602863 -0.4183619 -0.0559183 0.0006921 -0.3772989 -0.4549875 -0.3940081 0.1063958 0.1668901 -0.3612886 -0.3795427 0.0677660 -0.0244902 -0.2053689 0.0424292 -0.0458362 -0.3428219 -0.2810062 -0.0639470 -0.1452292 -0.3126279 -0.1188977 -0.1222835 -0.1596090 0.0939060 -0.0053706 -0.0894939 -0.1150827 0.1724373 0.2826124 0.2527609 0.4948245 0.3401845 0.0431549 0.1455444 -0.1145367 -0.4002880 0.0224343 0.2003189 0.1522114 0.3140289 0.0877503 0.2517051 0.3500028 0.4222043 0.4016249 -0.0685621 0.5214234 0.4914707 -0.1906648 -0.1875559 -0.1174410 -0.0282385 0.4049727 0.3288381 -0.1575208 -0.2532829 -0.2861101 -0.2399109 -0.0729734 0.3300126 0.4285137 -0.1070678 -0.2754823 -0.5132820 -0.2285790 -0.1156796 0.2740623 0.4877815 0.2080097 -0.1231906 -0.1699890 0.0049787 0.0047843
0.1264045 0.4412558 0.7890894 0.0000000 0.8361646 0.8437082 0.0321087 0.9138571 0.7106935 0.7883058 0.7235754 0.4922930 0.7810829 0.4288339 0.4494546 0.4953104 0.5821925 -0.0125191 0.7552619 0.2582589 0.5529152 0.7176762 0.4345326 0.2531630 0.6469557 0.4063021 -0.0231918 0.0421393 0.6025397 0.1264235 0.6931015 0.3795779 0.1293396 0.3960649 0.3037538 0.6308091 0.2034553 0.6359494 0.4327179 0.0484679 0.4911704 0.6280654 0.2523909 0.1308340 0.3872162 0.3144028 0.0238831 0.4690396 0.6585920 0.2062845 0.2627915 0.2399261 0.6227063 0.2354152 0.3442452 0.3813423 0.4924745 0.6739311 0.3527199 0.2049155 0.6834650 0.3392033 0.5396771 0.8495598 0.7612797 0.6265149 0.6844226 0.4975003 0.2450010 0.8549777 0.4653701 0.8062672 0.6173483 0.8236929 0.4190265 0.7280322 0.8390591 0.2610445 0.5797895 0.7557903 0.4259177 0.2477135 0.2701015 0.2988657 0.3498881 0.4045642 -0.0975026 -0.2089560 0.3925117 0.3156734 -0.4622710 -0.2457954 -0.3110808 0.0560243 -0.2219851 -0.0002068 -0.2081092 -0.0704469 -0.1832148 0.4490560 -0.0354600 -0.0595621 0.2627039 0.0043914 -0.2137201 -0.1426450 -0.0656558 0.0544161 -0.1836367 -0.0632341 -0.3366737 -0.2496880 -0.3082183 -0.0559647 -0.2976307 -0.0689397 -0.0033329 -0.0858511 0.0463856 0.0271877 0.0453342 0.1977103 0.0522697 0.3177551 0.1066173 -0.0778362 -0.1204422 0.2036731 0.0307975 0.2419011 -0.0135148 0.3812885 0.0965636 0.0947254 -0.1336182 -0.1584226 0.1007481 0.3464495 0.0192155 0.1171997 -0.2051097 0.2272230 -0.2860318 -0.1769417 -0.0314083 -0.3603124 0.0721617 0.1171866 -0.2696333 -0.1894679 -0.2273136 0.1213419 0.3800050 -0.1437561 -0.2056570 0.2947244 0.2276517 0.0008187 0.1137384 0.1888031 -0.1649521 0.0278141 -0.0137225 0.1141652 -0.0776544 0.1198131 -0.0596904 0.0452650 0.2943254 0.2202697 0.1236117 0.0348761 0.4274886 0.4024469 0.3458541 0.7905983 0.6458676 0.2130186 0.4598800 0.2124168 -0.2004791 0.3332025 0.4840035 0.4474667 0.5060786 0.3845978 0.4822245 0.7002721 0.7757612 0.6452687 0.0560332 0.8080319 0.7353385 0.0084769 -0.0616829 -0.0191460 0.0265964 0.4864477 0.6671698 -0.0797728 -0.3521076 -0.6396340 -0.4121978 -0.3444136 0.2616446 0.4510845 -0.3083095 -0.5917918 -0.6776501 -0.5771866 -0.3956446 0.1978786 0.4371890 0.2230657 -0.3238662 -0.6529043 -0.3212210 -0.2366391
0.2723473 0.2782072 0.7839357 0.8361646 0.0000000 0.7287094 0.0388666 0.8380415 0.5287478 0.7415083 0.5110736 0.4187293 0.8747569 0.3118340 0.2818127 0.3030094 0.5047368 -0.0855681 0.7051867 0.5191528 0.4901127 0.7190882 0.3791355 0.1209980 0.5234375 0.2529059 -0.0596798 -0.0855877 0.4880825 -0.0189713 0.6544899 0.1988563 -0.0158718 0.2606428 0.1882587 0.4624188 0.0046590 0.4282440 0.2728444 -0.0290887 0.3279945 0.5305100 0.1308916 0.0439690 0.3585235 0.0851996 -0.1186383 0.3198988 0.4868164 0.1474365 0.1121559 0.1433206 0.4976836 0.0045918 0.1653343 0.1349129 0.1632823 0.5167359 0.2286386 0.0351552 0.5049795 0.1945717 0.3833337 0.6732951 0.6991726 0.3579306 0.3808278 0.3679591 -0.0287239 0.6748760 0.1660759 0.6876752 0.4032773 0.5653056 0.2600074 0.5249882 0.5784891 0.0334157 0.3582416 0.5311705 0.3271202 0.2067383 0.2294319 0.2529501 0.2799601 0.3846567 0.0721992 -0.2502128 0.3623644 0.1419462 -0.4869140 -0.2528868 -0.2395003 0.0178319 -0.3271026 -0.0507788 -0.1492662 -0.0220307 -0.3065989 0.2897527 -0.1032211 -0.0255584 0.1741452 0.0820299 -0.1878487 -0.2041997 0.0037028 -0.0251502 -0.1056982 -0.0796167 -0.3992719 -0.1817866 -0.4425008 -0.1321076 -0.1248245 -0.2173695 -0.1218279 -0.0637110 -0.0663972 -0.0800132 -0.1498550 0.0625800 -0.0269104 0.1493097 -0.0688066 -0.0659507 -0.2687394 0.1013336 0.0195137 -0.0379896 -0.2090541 0.2598133 -0.0463756 0.1858392 -0.2178958 -0.2968137 -0.0450241 0.3928622 -0.0644822 0.1699023 -0.2448001 0.2276363 -0.2196670 -0.1778454 -0.0803327 -0.4518620 -0.0146862 -0.0230627 -0.3134602 -0.2203951 -0.1899312 0.2150749 0.3768456 -0.1236328 -0.1625263 0.3424598 0.1390223 -0.0571076 -0.0833361 0.1831081 -0.1771759 -0.0123218 0.0794784 0.1646128 -0.1080373 0.1449077 -0.0529824 -0.0881502 0.0893652 0.1546736 0.1411414 0.0133618 0.2910964 0.2220714 0.1335117 0.6494919 0.5843458 0.3554448 0.3936446 0.2144174 -0.0207991 0.2565412 0.3705509 0.3456034 0.4124464 0.2324684 0.4671743 0.5755361 0.5943214 0.4966002 0.0235649 0.6022543 0.6220658 0.0228145 -0.0541208 0.0666449 0.0393645 0.4933669 0.6878521 -0.0597177 -0.2248769 -0.4671191 -0.3039752 -0.2401072 0.3476411 0.4566256 -0.1563420 -0.5071828 -0.4667723 -0.3315279 -0.3176331 0.4117109 0.6558628 0.3661015 -0.2706362 -0.2926070 -0.1144181 -0.0811737
0.4014689 0.2290830 0.6401321 0.8437082 0.7287094 0.0000000 0.4132154 0.6285828 0.8343040 0.7321107 0.5279082 0.7732063 0.6842957 0.3452213 0.7009659 0.2453933 0.3582056 0.1734481 0.5442168 0.0392990 0.7795396 0.6506217 0.1963243 0.4577995 0.4192240 0.1451248 -0.2554035 0.2066065 0.7976041 0.0250823 0.4320004 -0.0148310 0.2966312 0.5838171 0.0383268 0.7510847 -0.1663839 0.3105372 0.1520870 -0.1371810 0.1518831 0.7681689 0.0080663 0.1178675 0.6524358 -0.0560502 -0.3111038 0.1095854 0.6201511 0.0366790 -0.0989673 0.0025046 0.7376198 0.0614785 -0.0628196 0.0492412 0.1913837 0.5327093 0.4569711 -0.1953231 0.7711844 0.0319183 0.1765008 0.6954764 0.8348769 0.3411477 0.4070424 0.3757334 -0.0404240 0.6353924 0.0938904 0.7423721 0.4298006 0.7837869 0.0618640 0.5036084 0.6943299 -0.1726935 0.2115423 0.5472683 -0.0051416 0.4754165 0.4155673 0.3851506 0.4463707 0.3673504 -0.0628783 -0.1206196 0.3488755 0.3067790 -0.3802383 -0.0823154 -0.0460138 0.1474488 -0.0739734 0.2359064 0.0081783 0.1832431 0.0392159 0.4790343 0.0886516 -0.0179277 0.3827714 0.1096534 0.0018973 0.1198769 0.2700834 0.2110747 -0.0168076 0.2370110 -0.1523736 0.0800201 -0.2028179 0.1136630 -0.2501932 -0.0077367 -0.0491531 -0.0410955 0.0635199 0.2494453 0.0821526 0.1638581 -0.0137272 0.3130926 0.2993837 0.1490998 -0.0696682 0.1274172 0.2755772 0.2107519 0.0127083 0.2714064 0.2187689 0.1529502 -0.3244385 -0.2029885 0.1447041 0.5903282 0.0959525 0.1853814 -0.1673748 0.3346925 -0.2290181 -0.2000688 -0.0054518 -0.2685799 0.1035570 0.0742911 -0.1938814 -0.0755353 -0.1457805 0.0627464 0.5500205 0.0841743 -0.0804998 0.3494228 0.2855890 0.1100565 0.1081436 0.1161765 -0.0863674 0.1102391 0.0505587 0.1074397 0.0079114 0.2102036 0.0565480 0.1205682 0.2593822 0.2058960 0.1501203 0.0587058 0.2884914 0.3466485 0.3618061 0.8329426 0.7414275 0.3607066 0.6231495 0.4066613 0.0104537 0.4859071 0.5334039 0.5072850 0.5306890 0.6367772 0.5204681 0.7181985 0.7162556 0.6970668 0.3493230 0.6712879 0.4792660 0.2750827 0.2561436 0.2570227 0.2242282 0.2700651 0.5019050 0.1250598 -0.4339433 -0.5564952 -0.2690509 -0.1055040 0.1191470 0.0903294 -0.1531871 -0.5831444 -0.6699575 -0.6438923 -0.1612255 0.2802384 0.2405551 0.2234118 -0.1608480 -0.5464604 -0.3308409 -0.3680610
0.3987171 0.1177145 0.0094600 0.0321087 0.0388666 0.4132154 0.0000000 -0.1198336 0.3511610 -0.1196676 -0.2994652 0.6613231 0.0988876 -0.1443529 0.5742657 -0.3740006 -0.3958520 0.2084414 -0.2024780 -0.3195120 0.4553083 0.1327445 -0.5393103 0.2833977 -0.3225819 -0.4484453 -0.5879783 0.2345121 0.4103590 -0.2006799 -0.3112355 -0.6670169 0.0795967 0.2071828 -0.5028523 0.3104485 -0.4885810 -0.3848541 -0.4409594 -0.2559722 -0.4429086 0.1864880 -0.4362000 -0.2791640 0.2911432 -0.5905498 -0.5275277 -0.4602831 -0.1869510 -0.3111904 -0.5739870 -0.4173829 0.1165516 -0.4870523 -0.5583397 -0.4860934 -0.3108489 -0.2331494 0.3135603 -0.6126391 0.2147126 -0.5695534 -0.4212991 -0.1816578 0.1387388 -0.2637062 -0.3802091 -0.3614174 -0.3723368 -0.2344681 -0.4675577 0.0333083 -0.4057574 0.0594767 -0.6145735 -0.3973920 -0.0041845 -0.5646969 -0.5760850 -0.1818652 -0.5706800 0.4159416 0.3285197 0.1933264 0.1808727 0.1009635 -0.0211873 0.0599994 0.0548013 0.0692563 0.0017356 0.1496118 0.3368737 0.0114699 0.3358940 0.3514653 0.2089038 0.3144300 0.4383871 0.0106620 0.2892398 0.0062580 0.4179006 0.0152243 0.2258804 0.3493957 0.5590294 0.3601886 0.3410592 0.4140567 0.2556947 0.4982188 0.0583575 0.1894640 -0.2304332 -0.0276096 -0.1030144 -0.0368147 0.0442413 0.5126360 0.0889830 0.0615193 0.0878806 0.0321510 0.3602288 0.6563198 -0.1005653 0.0598598 0.6489246 0.0584911 0.0699333 0.0076507 0.1261762 0.2565345 -0.1252876 0.1431797 0.3321855 0.7110715 0.4132388 0.4200853 0.2490262 0.6360062 0.1829008 0.3785512 0.2959074 0.2791773 0.4367914 0.3040994 0.1028924 0.3835704 0.3050262 0.3560042 0.5987463 0.2332682 0.2699021 0.4727163 0.2663705 0.3718059 0.1258535 0.2723732 0.1581594 0.2906663 0.3735840 0.2846377 0.1911332 0.3195397 0.3272945 0.0503489 0.1536475 0.1882682 0.0512569 0.0357578 0.1362130 0.1101803 0.3972636 0.3708904 0.3402710 0.5506465 0.3568962 0.3715498 0.4203640 0.3728588 0.1739193 0.2340795 0.3226468 0.3770659 0.1338298 0.0225571 0.1851517 0.3607007 0.6516670 0.0605634 -0.1114710 0.5568217 0.7064642 0.5545409 0.5489802 -0.0487180 -0.0325205 0.5169064 0.0397949 0.0286719 0.2056464 0.4089109 -0.3306900 -0.4356064 0.6179582 0.1203914 -0.1428356 -0.0371813 0.4521652 0.3073199 -0.3651756 0.0048867 0.3832063 -0.0556109 0.0788615 0.1058077
0.0336357 0.5843263 0.7630689 0.9138571 0.8380415 0.6285828 -0.1198336 0.0000000 0.4569040 0.6422290 0.6350919 0.3332726 0.8180897 0.2414341 0.1503392 0.4700838 0.4950351 -0.2573987 0.8020372 0.3556746 0.3946332 0.7550717 0.4166367 -0.0298283 0.6538117 0.3514263 -0.0453815 -0.2489286 0.3865797 -0.0735597 0.7412401 0.4267744 -0.1361805 0.1394139 0.2803008 0.4938270 0.2204478 0.6769173 0.3642061 -0.0258066 0.5538067 0.4771928 0.2145938 -0.0875855 0.1847161 0.2982010 0.0766370 0.5463874 0.4653554 0.1770336 0.2910142 0.1968508 0.4168034 0.0848295 0.3921200 0.3240185 0.4475530 0.5785387 0.2965372 0.2657687 0.5474865 0.2567672 0.5039444 0.7587306 0.5877062 0.6451481 0.5689429 0.3774722 0.1713798 0.8154268 0.5238618 0.7099352 0.4907983 0.6455356 0.4940936 0.6834836 0.7574670 0.4430311 0.6064525 0.7391325 0.5978989 0.2236911 0.3171693 0.3582592 0.3851366 0.5306118 0.0856526 -0.1380265 0.5099546 0.3708726 -0.3538844 -0.2209990 -0.3033096 0.0859928 -0.1275189 -0.0326929 -0.1814428 -0.0770387 -0.1882963 0.3869786 0.0333653 0.1004077 0.3062246 -0.0062805 -0.1756215 -0.1414759 -0.0501018 0.0541955 -0.0820064 -0.0797154 -0.2601505 -0.2486899 -0.3028106 -0.0348214 -0.1682127 0.0023736 0.0974033 0.0052705 0.1334414 -0.0276154 0.0924099 0.2535388 0.2133489 0.3317671 0.0056948 -0.0847101 -0.0957935 0.3890914 -0.0146715 0.2540571 0.0072330 0.5165343 0.0560161 0.1881405 0.0450885 0.0230647 0.1566909 0.2628989 0.0405821 0.2311530 -0.0415949 0.2757100 -0.1987561 -0.0045987 0.0580759 -0.2404470 0.1642318 0.2322473 -0.1215362 -0.1053033 -0.1025035 0.3092062 0.3347298 -0.0872825 -0.0601056 0.3715878 0.3420341 0.1010700 0.2395696 0.3273958 -0.0346171 0.1232968 0.1924410 0.3013833 0.0529951 0.2246660 0.0782865 0.1272088 0.3629068 0.3402618 0.2675304 0.1466693 0.4757755 0.3844195 0.2999518 0.6994628 0.5744968 0.2369169 0.3867633 0.1543707 -0.1281360 0.2988490 0.4364020 0.4337128 0.5051678 0.1419977 0.4267306 0.5154245 0.6757337 0.5236943 -0.0443552 0.7748680 0.8166847 -0.1100870 -0.1558386 -0.0920253 0.0155712 0.6278734 0.7248818 -0.0631737 -0.2051032 -0.5553574 -0.3243582 -0.3619957 0.3761551 0.6945198 -0.2414739 -0.4476202 -0.5353475 -0.4553553 -0.3689049 0.2754699 0.5810926 0.3814073 -0.3843707 -0.5485592 -0.3259093 -0.0795873
0.0905725 0.2593211 0.5404433 0.7106935 0.5287478 0.8343040 0.3511610 0.4569040 0.0000000 0.7264600 0.3378579 0.6622319 0.4547352 0.6385974 0.8431585 0.0716792 0.3590248 0.5506346 0.3299294 -0.0056830 0.7170394 0.4811472 0.1143035 0.7581790 0.3132542 0.1010878 -0.0950840 0.5118456 0.8824138 0.3366583 0.2676626 -0.0953185 0.6012094 0.7912557 0.0070700 0.7098668 -0.1655459 0.2071995 0.2083613 0.0342675 0.0365459 0.6527631 0.0005646 0.3804850 0.6370498 0.0240049 -0.3141712 -0.0031566 0.7079819 0.0368344 -0.0802266 -0.0509918 0.7569083 0.1843766 -0.0180638 0.0937742 0.2147495 0.4968282 0.2589164 -0.1457272 0.5460040 0.1571694 0.2194911 0.5680373 0.6295221 0.3511576 0.5227349 0.4218494 0.0164764 0.6133956 0.2574098 0.6985270 0.4501748 0.7702216 0.1904040 0.4747912 0.7626820 0.0304113 0.3072319 0.5876731 0.1173185 0.1648388 0.2140761 0.2398584 0.3320716 0.1654433 -0.2425477 -0.2727603 0.1806657 0.0062235 -0.3887872 -0.2472914 -0.2597953 -0.0668194 -0.1514000 -0.0280858 -0.2705166 -0.0825301 -0.0534159 0.4187576 -0.1483280 -0.3246426 0.1864190 0.0059676 -0.3440263 -0.0741666 0.1110961 0.1167006 -0.2038133 0.1221640 -0.3373425 -0.0622416 -0.4125342 -0.2146784 -0.4651327 -0.1864268 -0.2566467 -0.1672405 -0.0694109 0.2646798 -0.0651814 -0.0271741 0.0798335 0.1096260 0.2435885 0.1723225 -0.2075284 0.0180114 0.2200118 0.0721462 -0.1653210 0.1368967 0.1954093 0.1290803 -0.2777853 -0.2715648 0.1041158 0.4970340 0.0491585 0.1768669 -0.2669771 0.3547209 -0.2458575 -0.0312310 0.0361433 -0.3138298 0.1601897 0.0675393 -0.1950529 -0.1542195 -0.1869858 0.0039888 0.5390789 -0.0599773 -0.2302377 0.3485239 0.0491214 -0.0143628 0.0361064 0.1996905 -0.1527878 0.0138390 -0.1544527 0.0437028 -0.0851667 0.0707636 -0.1949433 -0.0379683 0.1887460 0.0855168 0.0095691 0.0722418 0.1858810 0.3909957 0.5074967 0.7121903 0.5875046 0.1995975 0.5051732 0.3391266 -0.0832142 0.4145030 0.3981938 0.4300437 0.2424840 0.4902874 0.1776929 0.6568267 0.7789071 0.7336034 0.3765943 0.6919876 0.3597745 0.2501905 0.2787070 0.2329376 0.3202677 0.1662172 0.4659985 0.1699924 -0.5172676 -0.5964225 -0.4876958 -0.2969199 -0.2227867 0.0205236 -0.0742920 -0.4982448 -0.7451528 -0.6352129 -0.2358868 0.1646972 -0.0348474 0.0841392 -0.0692686 -0.6220750 -0.0140722 -0.2665335
0.2487883 0.2326241 0.7064156 0.7883058 0.7415083 0.7321107 -0.1196676 0.6422290 0.7264600 0.0000000 0.6558855 0.3815154 0.6165695 0.7454824 0.4294442 0.4598572 0.7566957 0.2580881 0.6214213 0.3325726 0.5586817 0.5315135 0.5609339 0.4830848 0.5079555 0.4406729 0.3425187 0.2439449 0.6625630 0.4524398 0.6051558 0.2277414 0.4295657 0.6540350 0.3703307 0.5368711 0.0919056 0.4259556 0.4759409 0.0998219 0.3168211 0.6422391 0.3025682 0.4285135 0.5871143 0.2469397 -0.0316389 0.2733795 0.8227527 0.1480378 0.2140087 0.2731651 0.7760121 0.3332312 0.2049966 0.2997445 0.1960591 0.6615755 0.1410254 0.0881681 0.5405556 0.4368513 0.4196515 0.8045484 0.7141812 0.3478440 0.6233286 0.6731596 0.2097046 0.7601319 0.3702347 0.8422964 0.7031997 0.7245990 0.3970369 0.7459510 0.7339242 0.2033309 0.5653942 0.7012494 0.3822040 -0.0337827 0.0446987 0.1873092 0.2362495 0.1624870 -0.1463138 -0.2373627 0.2027311 0.0771504 -0.4042778 -0.3154774 -0.4513912 -0.0203352 -0.3988230 -0.1539110 -0.3186092 -0.2922864 -0.3554354 0.3562518 -0.3203076 -0.3683040 -0.0332478 0.0177769 -0.3816953 -0.2477771 -0.1952739 -0.2284925 -0.3528999 -0.0353417 -0.5214796 -0.3600781 -0.4909272 -0.2088686 -0.1895168 -0.2057420 -0.1424311 -0.0938672 -0.1225118 -0.1515070 -0.1816985 -0.0565759 -0.0818713 0.1130676 -0.0716431 -0.3777876 -0.2084585 0.0018169 -0.2552398 -0.0427403 -0.2421815 0.1290689 0.0196428 -0.1493368 -0.3496971 -0.4022621 -0.2371723 0.1200721 -0.2764015 -0.1613400 -0.4188167 -0.0745062 -0.3311618 -0.4361856 -0.3216833 -0.4746866 -0.2063033 -0.2197136 -0.3056760 -0.4829893 -0.4822877 -0.2076623 0.1092866 -0.1463700 -0.4231668 0.0244236 -0.1498940 -0.2856907 -0.0817849 -0.0232967 -0.2968625 -0.3061207 -0.3281331 -0.1162979 -0.2884927 -0.1549737 -0.3520976 0.0308076 0.1055440 -0.0982360 0.0405672 0.0326084 0.2455095 0.3463497 0.1985301 0.5914222 0.5289072 0.0032463 0.3289716 0.0666411 -0.3339857 0.1433498 0.3568657 0.2670757 0.1921062 0.3599534 0.2354002 0.7230340 0.6412445 0.5626390 -0.1154039 0.6994894 0.4914906 -0.2431175 -0.2462706 -0.1990684 -0.0886184 0.2432833 0.5550590 -0.2816872 -0.4557418 -0.5030046 -0.5100394 -0.4003470 0.1214920 0.2651201 -0.4821983 -0.5009963 -0.5483040 -0.4566908 -0.3519838 0.2184311 0.3427617 0.2088466 -0.4000294 -0.3850822 -0.0614434 -0.3331509
0.1455125 0.0300260 0.5963722 0.7235754 0.5110736 0.5279082 -0.2994652 0.6350919 0.3378579 0.6558855 0.0000000 0.0583095 0.5725568 0.3496509 0.1278091 0.8927092 0.6699401 -0.0328211 0.6767682 0.3646795 0.1258332 0.5381568 0.7213689 0.1361048 0.7043533 0.7176331 0.2846136 0.1278434 0.2036979 0.1946153 0.7601020 0.5974449 0.1939607 0.2104333 0.7037206 0.1950378 0.5549389 0.7179527 0.6203650 0.2298052 0.6786856 0.3420259 0.6230081 0.2851872 0.2866850 0.5076437 0.5015616 0.6140564 0.5248827 0.3353440 0.6404169 0.6024507 0.3736173 0.4316567 0.4472378 0.5497431 0.5594586 0.5885787 0.2616504 0.5374262 0.5672846 0.5097531 0.5410058 0.8176657 0.6942942 0.6377471 0.6279058 0.6252066 0.4933492 0.7066866 0.5247005 0.5109729 0.6344398 0.6661702 0.4944643 0.6808288 0.5451267 0.2942981 0.6194885 0.5811330 0.4153176 -0.1164480 -0.1683809 -0.0638294 -0.0992887 0.0488776 -0.0150596 0.0471636 0.0511628 0.2789383 -0.2670478 0.0667953 -0.2150026 0.0880451 -0.3499544 0.1238783 0.0793774 -0.0527416 -0.2469007 0.1852058 -0.2411969 -0.1060172 -0.0172373 -0.0704184 0.0187969 -0.1577023 -0.4630963 -0.2799690 -0.3127884 -0.4100345 -0.3246524 -0.4970522 -0.1371056 0.0184196 -0.1441198 0.0471912 0.2670985 -0.1830121 0.0267486 -0.3950502 0.0900146 0.2460878 -0.0986338 0.2412027 -0.1345098 -0.5849963 -0.0226931 -0.0024174 -0.3655257 0.1211574 0.0639503 0.2316671 -0.0151320 -0.2430766 0.0671753 -0.1088674 -0.1056790 -0.1120816 -0.0112819 -0.4233689 -0.1379311 -0.2748767 -0.2301626 -0.4983819 -0.1499401 -0.3000358 -0.1920371 -0.0444606 -0.1352840 -0.3853961 -0.4995979 -0.1785349 -0.2059049 -0.2113644 -0.3497633 -0.0967500 -0.0418981 -0.2247038 0.1942755 -0.2561099 -0.2750736 -0.2680515 -0.2079653 -0.3269326 -0.2381686 -0.1638847 -0.0918019 0.1873758 0.2003523 -0.0060028 0.0206463 -0.0579358 0.2120895 0.0863161 -0.0792219 0.3352311 0.2054741 -0.2603294 0.0017052 -0.2351723 -0.4741690 -0.1354886 0.1885948 0.0127252 0.3174435 0.4255075 0.5074030 0.6405883 0.4015269 0.2382967 -0.4534397 0.5174087 0.5427909 -0.4301016 -0.5578807 -0.5199719 -0.5587375 0.1539810 0.3065357 -0.6148208 -0.2180939 -0.2659062 -0.2116698 -0.2297655 0.4733278 0.4224088 -0.6132002 -0.4980336 -0.3816217 -0.4168162 -0.3514153 -0.2111206 0.4001042 -0.0072610 -0.2652966 -0.3516554 -0.2969319 -0.2127466
0.3214460 0.2800906 0.2748696 0.4922930 0.4187293 0.7732063 0.6613231 0.3332726 0.6622319 0.3815154 0.0583095 0.0000000 0.3649562 0.0386189 0.6400034 -0.1932197 -0.0346585 0.0230809 0.2548948 -0.1308432 0.8553905 0.4071981 -0.2368464 0.3107971 0.0201900 -0.2555791 -0.5051826 0.0289784 0.7840014 -0.1308448 0.0557818 -0.3720029 0.1366902 0.4886064 -0.4116364 0.7299128 -0.5464603 -0.0529899 -0.1818473 -0.2712423 -0.1760473 0.7954979 -0.3359142 -0.1189986 0.6289079 -0.4205091 -0.6711335 -0.1926917 0.3495903 -0.3195549 -0.5440813 -0.2966085 0.5679619 -0.1541687 -0.3885747 -0.2887081 -0.1890634 0.3239020 0.6240688 -0.6134542 0.7373237 -0.3008045 -0.1900367 0.3707607 0.5536012 0.0199686 0.0705777 0.1653422 -0.3052006 0.3284578 -0.2136109 0.5478783 0.1947328 0.5366320 -0.1865970 0.2823805 0.4791877 -0.3390115 -0.0437266 0.4131394 -0.2573785 0.5850810 0.6099797 0.5346833 0.6093201 0.4244585 -0.0558359 0.1045568 0.4476232 0.4424657 -0.1690108 -0.0439789 0.1217544 0.3124380 0.3297326 0.3906329 0.0973171 0.2640808 0.4474825 0.5690828 0.4509236 -0.0140546 0.5738909 0.2073561 0.1138401 0.4365349 0.6600456 0.4419317 0.3570116 0.5560060 0.2156348 0.4674073 -0.1228163 0.2227163 -0.1464568 0.0013834 -0.0578839 0.1600187 0.1290996 0.6288964 0.2116953 0.0787993 0.2859559 0.2815854 0.6231831 0.5371690 0.0431308 0.3551160 0.6649734 0.2555239 0.1815391 0.3674888 0.4342570 0.1921233 -0.2228168 0.0007028 0.3345803 0.8291417 0.3323791 0.4761731 0.0989210 0.6821549 0.1216948 0.2064178 0.1960382 -0.0707578 0.4475050 0.3626191 0.1444920 0.3121740 0.1695186 0.2603343 0.7632549 0.3447552 0.2935087 0.4160516 0.4451909 0.4435709 0.2998088 0.3521601 0.2462484 0.4127419 0.2334747 0.4018141 0.3783635 0.4345282 0.3188945 0.3719816 0.4827370 0.4484661 0.4172323 0.4090158 0.1831252 0.2207164 0.3627121 0.7560677 0.7552369 0.5871068 0.7504074 0.6742440 0.4815184 0.7080886 0.6742270 0.6712633 0.6326614 0.4981208 0.4745961 0.5263273 0.5566710 0.5926208 0.7413837 0.4706872 0.1269823 0.5781802 0.6819548 0.6229070 0.5871940 -0.0270898 0.3648303 0.5317252 -0.5151967 -0.5154617 -0.1951420 -0.0221997 -0.0654925 -0.1504580 0.2169105 -0.4420899 -0.5697415 -0.6439994 -0.0429383 0.2955906 0.0111679 0.2376824 -0.1177672 -0.4539999 -0.4210559 -0.5115442
0.3248602 0.2337529 0.8149564 0.7810829 0.8747569 0.6842957 0.0988876 0.8180897 0.4547352 0.6165695 0.5725568 0.3649562 0.0000000 0.1208939 0.2114698 0.4382370 0.4144269 -0.1621830 0.7303143 0.5166915 0.3272564 0.8917404 0.4496476 0.0296918 0.5702542 0.2804625 -0.1371370 -0.0836721 0.3579225 -0.2035843 0.6799878 0.2327555 -0.0545367 0.1095095 0.3124313 0.2551070 0.1113280 0.5515122 0.2934800 0.0626584 0.4116223 0.3262984 0.2547976 0.0149460 0.3185266 0.0511226 0.0269221 0.3903329 0.4142225 0.3019445 0.2265781 0.2490052 0.3361463 -0.0020278 0.2000025 0.0750625 0.2030532 0.5430669 0.2307178 0.1475259 0.4809793 0.0558528 0.3070524 0.6787535 0.6897357 0.4233099 0.2790900 0.3480849 -0.0700569 0.7002464 0.2793576 0.5215842 0.2208071 0.5198233 0.2466677 0.4509029 0.4651550 0.0360116 0.3157052 0.4153628 0.3776743 0.1954171 0.1994711 0.2786551 0.2974861 0.4000724 0.1819884 0.0256424 0.3229267 0.1597117 -0.5197391 -0.0966043 -0.1360952 0.0835020 -0.3114666 -0.0016768 0.0490622 0.0128123 -0.2045440 0.1202154 -0.2083895 0.0375764 0.2436747 -0.0270402 -0.1062861 -0.2554262 -0.0336147 -0.0268006 -0.1950525 -0.1315763 -0.4323953 -0.2011480 -0.3925354 -0.0011433 -0.1193767 -0.0834725 0.0835973 -0.0798129 -0.0119985 -0.1580356 -0.0140661 0.2651941 -0.0093258 0.0950956 -0.1470215 -0.0905029 -0.1829098 0.1143946 -0.0399718 -0.0427636 -0.1068599 0.2649818 -0.0745301 0.0305894 -0.1801036 -0.1999412 -0.0074586 0.3896779 0.1050070 0.1312745 -0.1693166 0.2279644 -0.2454835 -0.1552177 0.0242584 -0.2942450 0.0482843 0.0993988 -0.1753004 -0.1976487 -0.2263881 0.2064033 0.3243145 -0.1162230 -0.1425811 0.3719327 0.2442834 -0.0464609 0.2238818 0.0680206 -0.2012211 -0.0116994 0.1474035 0.1208461 -0.0886220 0.0757075 0.0639729 0.0130678 0.2101875 0.2089932 0.1264725 -0.0038862 0.1189059 0.0434822 0.0187588 0.5522168 0.4125287 0.1816083 0.1933597 -0.0200803 -0.1187056 0.0659504 0.1424282 0.1204083 0.3731973 0.2019630 0.4794103 0.5144025 0.4536386 0.2917955 -0.0679724 0.5165198 0.6084659 -0.0364443 -0.1387311 -0.0261971 -0.1063893 0.5106734 0.5613348 -0.1762384 -0.2245966 -0.3635713 -0.2367195 -0.2284180 0.3992779 0.6010092 -0.1484626 -0.4087191 -0.4623150 -0.3311597 -0.2204833 0.2812071 0.6081673 0.4181545 -0.2505162 -0.2423921 -0.1056050 0.0568763
-0.0317124 0.1970588 0.4386927 0.4288339 0.3118340 0.3452213 -0.1443529 0.2414341 0.6385974 0.7454824 0.3496509 0.0386189 0.1208939 0.0000000 0.4645786 0.2895063 0.6917758 0.6136199 0.2278952 0.0973408 0.2523204 0.1287697 0.3631493 0.6424665 0.2898614 0.4162167 0.5828299 0.5339250 0.4850528 0.8222778 0.2879799 0.1571406 0.5689843 0.6381394 0.3160293 0.3313215 0.2209872 0.2239062 0.4524618 0.2486270 0.1893986 0.2708979 0.2689021 0.5412600 0.3124613 0.3988661 0.0936642 0.1304618 0.6137682 0.1574523 0.2612852 0.2123683 0.5451957 0.3868400 0.2674955 0.4117843 0.2585953 0.3405398 -0.2524060 0.2037061 0.0344794 0.5777417 0.4542870 0.4137266 0.2459814 0.2462147 0.6400070 0.4783818 0.4121977 0.4383548 0.4652030 0.5763138 0.5953722 0.4405620 0.3580695 0.4665647 0.5742378 0.3616118 0.4487407 0.4733083 0.3041974 -0.4143142 -0.3415132 -0.2014709 -0.1423479 -0.2880318 -0.4297269 -0.4323065 -0.2150690 -0.2737895 -0.3091203 -0.3938472 -0.6317854 -0.2340527 -0.4922033 -0.4515473 -0.6156698 -0.5569388 -0.5238664 0.1901325 -0.4988779 -0.6599287 -0.4099187 -0.0122628 -0.6447305 -0.4332203 -0.4570032 -0.4477260 -0.5681954 -0.1880489 -0.6016130 -0.4365341 -0.4924595 -0.4985947 -0.3692682 -0.3658800 -0.3960208 -0.2992916 -0.3197186 -0.2355104 -0.4382021 -0.3199656 -0.0823916 -0.1595145 -0.2771392 -0.3826488 -0.4013877 -0.2257225 -0.3878280 -0.2309471 -0.4996664 -0.1457785 -0.1928177 -0.1606228 -0.2165044 -0.3752953 -0.3577298 -0.1864049 -0.4731369 -0.3084539 -0.4332588 -0.2454710 -0.3793756 -0.2776191 -0.3704087 -0.3963198 -0.2939261 -0.3692110 -0.3928034 -0.6196652 -0.5198529 -0.3213048 -0.1310178 -0.3516087 -0.6164337 -0.1313699 -0.5251261 -0.4823788 -0.3241861 -0.0159277 -0.3904940 -0.5377547 -0.5577592 -0.2923654 -0.4984843 -0.3822546 -0.6333061 -0.2537990 -0.0982962 -0.3918761 -0.2590241 -0.1425367 0.2596830 0.4155905 0.3914845 0.2651470 0.1884749 -0.1706950 0.0514680 -0.1066376 -0.4823021 -0.0691569 0.0673991 0.0360655 -0.2325785 0.1080611 -0.3017261 0.3685418 0.4838223 0.4918738 -0.1861209 0.5232115 0.2813237 -0.3424315 -0.2668300 -0.3246682 -0.0416451 0.1300193 0.2653052 -0.2765956 -0.2397424 -0.2498847 -0.4909612 -0.3281946 -0.2953656 0.0153587 -0.3120643 -0.1055763 -0.3977822 -0.1005157 -0.1735616 0.0676252 -0.1151064 -0.0991560 -0.0164762 -0.2682869 0.3328600 -0.0887635
0.3083747 0.1762619 0.3356098 0.4494546 0.2818127 0.7009659 0.5742657 0.1503392 0.8431585 0.4294442 0.1278091 0.6400034 0.2114698 0.4645786 0.0000000 -0.1328958 0.0619078 0.6335369 -0.0554456 -0.2494183 0.6554870 0.2049890 -0.2236085 0.7766643 -0.0438673 -0.1932409 -0.2908373 0.7036041 0.8525910 0.3371155 -0.1096849 -0.3682804 0.6119077 0.7464256 -0.2464082 0.5957382 -0.2833498 -0.1482490 0.0737037 0.0644657 -0.2509970 0.5332169 -0.1992527 0.4129515 0.6838585 -0.2337170 -0.4526082 -0.3425143 0.5537567 -0.2320306 -0.2885891 -0.1545296 0.6731804 0.1687474 -0.3385815 -0.1755759 0.0578607 0.3795795 0.1981945 -0.2839881 0.4256272 -0.0327984 -0.1133053 0.3979095 0.5329968 0.0915248 0.2611788 0.1822659 -0.1467532 0.3609905 -0.0296272 0.5310910 0.1684754 0.6569778 -0.2219562 0.1819787 0.5459803 -0.2734435 -0.0524480 0.2318267 -0.2930066 0.1571352 0.1301597 -0.0425796 0.0715456 -0.0876980 -0.3621304 -0.3561679 -0.0857664 -0.0327784 -0.2831540 -0.0049232 0.0826002 -0.1466545 -0.0241457 0.1179592 -0.1041736 0.1876039 0.0337721 0.2389268 -0.0183663 -0.2560305 0.1710623 0.0155928 -0.1645722 0.0826490 0.1894609 0.0949690 -0.0568701 0.1417013 -0.1580509 0.2271279 -0.2083055 -0.1732601 -0.6087436 -0.1935386 -0.3884178 -0.4021549 -0.2089968 0.2452880 -0.1173054 -0.0446302 -0.0579491 -0.0682259 0.1807979 0.3113172 -0.2125944 -0.1724556 0.2385340 0.0325129 -0.1681480 -0.1532990 0.1587001 0.0741081 -0.3801154 -0.2352581 0.0947862 0.4532748 0.1184947 0.1222228 -0.2299299 0.3222127 -0.2843328 -0.0592983 -0.0336936 -0.2319759 0.0971103 0.0305674 -0.2214928 -0.0693406 -0.1612344 -0.0791022 0.4876953 -0.0950003 -0.1906306 0.2543182 -0.0413493 -0.0472176 -0.1128848 0.0683154 -0.1662516 -0.0317512 -0.1339521 -0.0967420 -0.1242903 0.0015490 -0.2202464 -0.1912546 -0.0329872 -0.1204825 -0.1715851 -0.1403192 0.1566520 0.2467315 0.4252705 0.4486599 0.3744181 0.1707034 0.3892441 0.3473695 0.0348467 0.3475742 0.2677870 0.3148359 0.1329374 0.6383628 0.0103781 0.4866365 0.5902601 0.6268599 0.4571043 0.4096322 0.0523758 0.3875820 0.4521967 0.3653830 0.3745256 -0.1074061 0.0987235 0.2446408 -0.3639945 -0.3517409 -0.2310852 0.0124485 -0.4959506 -0.3711754 0.0544261 -0.3847438 -0.5103469 -0.4476103 0.0298021 0.0919735 -0.3617888 -0.1401766 0.1675087 -0.5116224 0.1123015 -0.2564398
0.0311046 -0.0405789 0.4830926 0.4953104 0.3030094 0.2453933 -0.3740006 0.4700838 0.0716792 0.4598572 0.8927092 -0.1932197 0.4382370 0.2895063 -0.1328958 0.0000000 0.7154911 -0.1569001 0.6900074 0.3849310 -0.2307261 0.4937642 0.8309358 -0.0803563 0.7403348 0.8865928 0.5136992 -0.0078297 -0.1040961 0.2335389 0.7836254 0.7298604 -0.0082323 -0.0660486 0.8717157 -0.1383200 0.7496562 0.8106791 0.6919591 0.3499859 0.8354169 -0.0073857 0.8014965 0.1846739 0.0154979 0.6529592 0.7516188 0.7774248 0.2742891 0.5413309 0.8268904 0.7388202 0.0422795 0.4184386 0.6334696 0.6860961 0.5498269 0.3951480 -0.0307995 0.7197498 0.2256493 0.6198565 0.5911688 0.5919471 0.3582675 0.5604772 0.5890651 0.5616556 0.6976130 0.5132820 0.6250748 0.2485339 0.5539224 0.3290458 0.5604859 0.5289938 0.2602822 0.3424150 0.5299535 0.3497080 0.4280050 -0.3227195 -0.4112984 -0.2027146 -0.2622294 -0.1304227 -0.1216410 0.2598564 -0.1873240 0.1402931 -0.2407882 0.1182652 -0.3126430 0.1861235 -0.4113726 0.0029424 0.0679180 -0.2211967 -0.3430542 0.0293185 -0.3860194 -0.1604622 -0.1751749 -0.0264413 -0.0559497 -0.3039705 -0.6418334 -0.4122795 -0.4752422 -0.4780035 -0.4162397 -0.5987881 -0.0691640 0.0661806 -0.0292960 0.0467715 0.3214557 -0.1037409 -0.0189245 -0.5404068 0.0364881 0.2122009 -0.0446552 0.1082892 -0.3112268 -0.7240733 -0.0517485 -0.0213051 -0.4890276 -0.0426974 0.0303481 0.1766260 -0.2174709 -0.3911074 0.2033108 -0.0476872 -0.2341118 -0.2760358 -0.1084618 -0.6368807 -0.1112039 -0.4729478 -0.2415162 -0.4334827 -0.1531476 -0.1994997 -0.2993222 -0.1653359 -0.1752353 -0.5595181 -0.6479945 -0.2060932 -0.5001577 -0.3253316 -0.4578331 -0.2707437 -0.2028364 -0.3352908 0.1999670 -0.4039338 -0.3889999 -0.4662504 -0.2886654 -0.4375427 -0.3800410 -0.3394537 -0.0978468 0.1328125 0.1826859 -0.1400357 -0.1114263 -0.1743582 0.1171903 -0.0361714 -0.1572108 0.0963993 -0.0818583 -0.4268392 -0.3265124 -0.5474091 -0.6171736 -0.4517016 -0.1229048 -0.3043336 0.0816231 0.0989319 0.3538689 0.3927218 0.0755798 -0.0224417 -0.6489089 0.2865505 0.4590081 -0.6371175 -0.7408068 -0.7458863 -0.7209020 0.1611142 0.0840574 -0.7815116 -0.0276318 0.0397734 -0.0464922 -0.1182486 0.5156176 0.4705719 -0.4936364 -0.1784997 -0.2156533 -0.1481272 -0.2078478 -0.3855071 0.2675354 -0.1612801 -0.1424172 -0.1476211 -0.2344639 -0.0696993
0.0082164 0.0553954 0.4802937 0.5821925 0.5047368 0.3582056 -0.3958520 0.4950351 0.3590248 0.7566957 0.6699401 -0.0346585 0.4144269 0.6917758 0.0619078 0.7154911 0.0000000 -0.0204745 0.6593068 0.4004816 -0.0129472 0.4265014 0.8389948 0.0957910 0.6515101 0.7938429 0.7553583 0.0499020 0.1643044 0.6270305 0.6985652 0.6299236 0.0792789 0.1927524 0.7237602 0.0639463 0.5326823 0.7048539 0.8100967 0.5016278 0.7163698 0.2189233 0.7469072 0.3865490 0.1993556 0.6044288 0.4171053 0.6769761 0.5584082 0.4406671 0.6137344 0.7285365 0.2716276 0.5911547 0.6456094 0.6638302 0.3526980 0.5778968 -0.1954085 0.5179978 0.1435739 0.8150662 0.7030262 0.6218849 0.3756845 0.3030802 0.7740564 0.7470305 0.6117826 0.6601929 0.5739819 0.4623345 0.8136106 0.4292766 0.5604112 0.7114119 0.4460438 0.3453107 0.6463598 0.5177854 0.5123255 -0.3813158 -0.3242166 -0.0464421 -0.0500267 -0.0817900 -0.2832370 -0.0682964 -0.0756041 -0.0957891 -0.4782231 -0.3477396 -0.7401560 0.0902592 -0.5512120 -0.3331343 -0.4399959 -0.6126497 -0.4216944 0.2995049 -0.4465000 -0.5171031 -0.3977372 0.0654738 -0.4601582 -0.4492239 -0.5819657 -0.5044049 -0.7061459 -0.3122290 -0.6439034 -0.6428682 -0.4778805 -0.3500789 -0.2284215 -0.3778264 -0.2239301 -0.2066861 -0.3652495 -0.4692178 -0.3531036 -0.1469688 -0.0955274 -0.0895024 -0.3486495 -0.6708696 -0.2874791 -0.0686107 -0.4885788 -0.2138905 -0.3520935 0.1024803 -0.3211418 -0.3693543 -0.0897539 -0.4203394 -0.4568015 -0.2278519 -0.4862241 -0.5221185 -0.3939425 -0.4370993 -0.3709232 -0.4558043 -0.4103777 -0.4572631 -0.4075326 -0.3741494 -0.3845946 -0.6774397 -0.6866804 -0.3419754 -0.2996310 -0.2989748 -0.5540379 -0.2006210 -0.3481381 -0.4637156 -0.1568563 -0.1817097 -0.3935020 -0.5010581 -0.5930440 -0.2823923 -0.4224721 -0.3719172 -0.4554673 -0.0564183 0.1011132 -0.2022526 -0.0719533 -0.1023235 0.2028259 0.1035769 -0.0361836 0.2812374 0.1692272 -0.1847779 -0.0932131 -0.2818018 -0.4534231 -0.2706692 -0.0178866 -0.1442651 -0.0912116 -0.0220436 0.1072694 0.5293154 0.3327929 0.1757938 -0.4379814 0.4634958 0.5109290 -0.4273000 -0.5307492 -0.5038269 -0.4270400 0.3027977 0.3917038 -0.6011968 -0.2188276 -0.3170082 -0.4557149 -0.5121445 0.2150131 0.3773128 -0.5830038 -0.2480594 -0.3572308 -0.1745541 -0.3962501 -0.1362708 0.2682939 -0.0347458 -0.2761312 -0.2832195 -0.0840561 -0.2381584
