0.0000000 0.5414756 0.3305847 0.0541569 0.1313864 0.0593469 0.4543501 -0.2348693 0.4741441 -0.0157404 -0.1736004 0.5055209 -0.1802146 0.1953945 0.4067106 -0.3244439 0.0655655 0.2307173 -0.3583379 0.2219888 0.2950083 -0.1134537 -0.1396989 0.3371490 -0.3991955 -0.3576473 0.1945192 0.1291443 0.4113413 0.0934651 -0.2286802 -0.4294771 0.1323920 0.3476722 -0.3606746 -0.0265709 -0.3411339 -0.2913648 -0.3184290 -0.2579839 -0.0382064 0.0779529 -0.3441080 -0.1766004 0.0555559 -0.2645464 -0.3550239 -0.0570057 0.1859888 -0.3046063 -0.3132621 -0.2930247 0.2525359 -0.2883923 -0.0082151 -0.0895788 -0.2456815 -0.0925955 0.5043049 -0.2701212 0.3546999 -0.2353641 0.3626273 0.2817133 0.1929857 -0.1466168 -0.3997326 -0.3309771 0.1935393 -0.1528985 -0.1611438 0.5678441 -0.3610576 0.4488474 -0.0460109 -0.1868126 -0.0565641 -0.3277719 -0.2085641 0.2273708 -0.3379694 0.0386565 0.1600266 0.1490911 0.4095934 0.0938545 0.1068534 0.4631231 0.5665747 0.4075342 0.3466012 -0.1803354 0.1434630 0.4240410 0.5035021 0.0051638 0.0490703 0.2667031 0.4411572 0.3743279 0.3269006 0.1496858 0.1664012 0.4740999 0.1391874 0.3582055 0.2913588 0.4413208 0.2638557 0.4004061 0.1851962 0.0290386 0.2236605 0.2332236 0.2979727 0.3298308 0.2772182 0.6005266 0.4678549 0.5812724 0.3169762 0.2767321 0.6198595 0.3710745 0.6798492 0.4666324 -0.2208210 0.3000435 0.5877556 0.2751285 0.4990099 0.5660944 0.1643496 0.5010787 0.5763606 0.3003377 0.4088266 0.6192051 0.4172149 0.6632685 0.6992892 0.6750155 0.3763508 0.4793488 0.5640303 0.3180233 0.5345662 0.6537514 0.4512003 0.6077731 0.4539249 0.5415576 0.6077775 0.5715208 0.6249810 0.3055732 0.3633328 0.4816102 0.2921125 0.3953226 0.4742215 0.3627787 0.3488502 0.3494042 0.4827268 0.5412680 0.3745283 0.3646443 0.3569559 0.4710531 0.5060600 0.5129618 0.0468001 0.2548209 0.3745656 0.5099387 0.5556867 0.4786223 0.2323956 0.2747428 0.3231868 0.2275298 0.5065832 0.5035378 0.4066813 0.0329577 0.2756613 0.3022285 0.4214230 0.2647542 0.6895107 0.1846533 0.0314718 0.2583993 0.4112038 0.3836160 0.2903485 0.0192731 0.1046229 0.5636528 0.0163207 -0.2513392 0.3927505 0.2520110 0.4486228 0.2676700 0.6825235 0.3779155 0.0683283 -0.1814590 0.5893897 0.3252256 0.3217291 0.3758444 0.4224113 0.3441946 -0.0715170 -0.0327328
0.5414756 0.0000000 0.6271804 0.2854101 0.2180084 0.5004901 0.6970377 -0.0434636 0.4476214 0.3498264 0.0759893 0.6121808 0.0459759 0.4999910 0.2772306 0.0726801 0.5048351 0.2317921 -0.0535486 0.4112057 0.3641418 -0.0829208 0.0294262 0.1530658 -0.0360081 -0.1306927 0.5352289 0.0764209 0.2699492 0.3921467 -0.1946967 -0.2029117 -0.1380057 0.2689253 -0.1973473 0.0736385 -0.1775301 -0.1652582 0.1242565 0.1250131 -0.0945920 0.3129124 -0.0433484 0.0624255 0.1363557 -0.1553421 -0.2089176 -0.0277863 0.0089247 -0.2738886 -0.2092870 -0.0349232 0.3961243 -0.0179688 0.0540156 -0.0665036 -0.1420912 0.0570067 0.5499117 -0.1530556 0.5202586 -0.0824807 0.3438338 0.3939352 0.2763597 -0.0144540 -0.2437227 -0.0750100 0.1474438 0.0679731 -0.0421359 0.5968146 -0.1783627 0.4216046 -0.0862695 -0.0262366 0.0504784 -0.3878527 -0.2505274 0.1126393 -0.4557885 0.2797981 0.1365475 -0.1530743 0.4576823 -0.1917168 -0.0645384 0.0927934 0.1601075 0.3463566 -0.0542514 -0.2209409 -0.0887686 0.1006609 0.2140144 -0.0721725 -0.0110493 -0.1724480 0.2163899 0.1717557 0.1900702 -0.1695551 -0.0305049 0.3854254 -0.1001902 0.0681705 -0.2009978 0.0124608 -0.0801962 0.1116485 -0.0904161 -0.1378700 -0.1725371 -0.1207646 0.1153221 0.0726606 0.0721894 0.2672831 0.2173659 0.4230250 0.1914654 0.1374718 0.3776333 0.1134715 0.5306791 0.4084947 0.0393154 0.1390811 0.4796058 0.2678949 0.5300738 0.4172307 0.4084791 0.1097124 0.3614324 0.2395618 0.4514915 0.6067989 0.5573755 0.4411006 0.5399823 0.5702957 0.3214655 0.3319321 0.5542063 0.3764002 0.6174544 0.7088434 0.2565817 0.4805392 0.4205374 0.5095441 0.6562986 0.4414058 0.5568102 0.3485339 0.3642384 0.4814205 0.3127823 0.4151374 0.5098170 0.3625624 0.4062473 0.4361233 0.5043499 0.4479352 0.3893685 0.1271480 0.2425070 0.3140584 0.2130946 0.2850256 0.1657316 0.2125257 0.3598879 0.5248841 0.5136396 0.3713309 0.3356196 0.1523263 0.1288297 0.1085111 0.5622299 0.3068881 0.5765348 0.1346078 0.4740659 0.1264246 0.3698369 0.3538698 0.3585809 0.1140564 -0.1538107 0.2080958 0.2380110 0.1871334 0.1172567 -0.2674106 0.0629382 0.4263083 0.0110964 -0.0907937 0.0875091 -0.0388103 0.3944067 0.1461824 0.5298680 0.2312217 0.0451668 -0.0335317 0.1936481 0.0079248 0.3621469 0.3304562 0.0902251 0.2919274 0.3454273 0.3185965
0.3305847 0.6271804 0.0000000 0.4214266 0.7478242 0.5180058 0.6663140 0.4492049 0.1217048 0.4811648 0.4365361 0.6648053 0.6110207 0.3589497 -0.0360158 0.4001401 0.6635263 0.0280158 0.4127101 0.6211612 0.1274259 0.2828492 0.3623453 -0.2961892 0.4118603 0.2334302 0.4579859 -0.3529171 0.0000584 0.2367563 0.1590941 0.2256222 -0.4478945 -0.0712298 0.1157552 -0.1652539 0.1499184 0.2462213 0.3779546 0.4030787 0.2056145 0.2413251 0.2629573 -0.0623820 0.3041098 0.2427097 0.1318567 0.2980246 -0.2464069 0.1577220 0.0759367 0.3772558 0.5761955 0.2805506 0.4284337 0.2265085 0.1985219 -0.0107951 0.4177672 0.1508648 0.5096217 0.2796896 0.5835685 0.5130359 0.7172196 0.3770788 0.0929143 0.3072526 0.4852407 0.3270108 0.3117661 0.6195513 0.1416629 0.7683078 0.2161491 0.2159997 0.2816177 -0.0925788 0.0383688 0.4392588 -0.2542618 0.0853999 0.0429160 0.0504210 0.1151043 -0.3739994 -0.0517308 0.0720020 -0.1306613 -0.1754721 0.0421279 0.2362661 0.1168863 0.1979300 0.0919263 0.4109832 0.1335045 -0.3437622 -0.0251847 0.3310317 -0.2359564 -0.2290281 -0.2898301 0.2311235 0.0972663 -0.1563110 -0.3903018 -0.0149127 -0.3187315 0.1690307 -0.3978150 -0.3930217 -0.4430685 -0.0497693 0.0346137 -0.1536847 0.2270468 -0.0604436 -0.0003053 0.1583107 0.2569103 0.2835746 0.0706834 0.1565147 0.3291244 -0.0213861 0.2243857 0.0426270 0.0857368 0.1143313 0.2626528 0.1120241 0.2208440 0.1165531 -0.0590861 0.0770899 0.2652305 0.2534952 0.2989005 0.0247087 0.1975956 0.1005961 0.2429809 0.0321687 0.2101814 0.0745059 0.3782049 0.4119557 0.3233421 0.0614751 0.0807877 0.1833326 0.3201245 0.1673768 0.3575278 0.0494340 0.4018740 0.2220333 0.4275134 0.1954313 0.3164779 0.0273932 -0.1123961 0.5463893 0.3151773 0.1632908 0.1974506 0.1161284 0.4575866 0.2081124 -0.0382366 0.2479097 -0.4556379 -0.3323863 -0.0119729 0.1925784 0.5081399 0.4608386 0.2703281 0.1322306 0.3869104 -0.0892095 0.4199454 0.2335300 0.5092031 0.6111889 0.7045374 0.6243844 0.5480315 0.3596164 -0.0521770 0.3348275 0.1419224 -0.0376569 -0.1240704 -0.1500927 0.0062100 0.1921925 0.4180328 0.0823864 0.2892560 0.2493544 -0.1607312 -0.2039751 0.4659006 0.1682402 0.1362567 0.2882637 0.4167513 0.4651631 -0.1956593 0.2511863 0.4868321 0.3266543 0.2690143 0.1141736 0.4638692 0.3370122
0.0541569 0.2854101 0.4214266 0.0000000 0.2252634 0.5955411 0.1053541 0.7804681 -0.0832299 0.8025847 0.8061521 0.1730129 0.6420008 0.3713419 -0.4877894 0.7463270 0.7594073 -0.4846762 0.7365010 0.3071713 0.3065554 0.7743186 0.8226329 -0.6007198 0.7005758 0.6369657 0.6299101 -0.4334091 -0.1476144 0.3635745 0.6689617 0.6799381 -0.7186954 -0.4050549 0.7127879 0.0862220 0.6672608 0.5827491 0.6883290 0.6252702 0.4831383 0.3141987 0.7723275 0.0485014 0.7865200 0.5962515 0.7111304 0.4927879 -0.5276816 0.4669666 0.7083313 0.7098792 0.7333237 0.7429932 0.5213780 0.5826507 0.6217524 0.1173499 0.1055444 0.7096895 0.0772482 0.7421730 0.3578510 0.7347733 0.4440543 0.6256598 0.6473911 0.7569379 0.5328777 0.8478868 0.6643429 0.3972145 0.6750801 0.5543912 0.5799765 0.7844161 0.7121718 0.5394835 0.5999705 0.6330076 0.1486885 -0.2035698 -0.2892069 -0.0971272 -0.1268687 -0.3080583 -0.3295415 0.0675893 -0.4751189 -0.3248802 -0.5253618 -0.3321634 -0.0881801 0.2719306 -0.3148124 -0.0884689 -0.5214785 -0.3132616 -0.3013389 0.2263903 -0.1872595 -0.1051225 -0.0229738 0.1324041 -0.4546420 -0.3072174 -0.0588296 0.1242312 -0.4275323 0.2859710 -0.3415078 -0.3620053 0.1143464 0.2451839 0.4022136 0.2346027 0.1931961 0.2893765 0.2981770 -0.0797517 0.0438983 0.0810964 -0.4124586 0.0380681 0.0337522 -0.3215486 0.0064774 -0.0407234 -0.0876304 0.1002507 -0.0664631 0.1388613 0.0097208 0.2347883 -0.1604960 0.1133023 0.1709374 -0.0291970 -0.0374509 -0.1523655 -0.0844878 -0.1566721 0.1226783 0.1193083 0.0189014 0.2724431 0.0059086 0.0947999 -0.2332017 0.1457734 -0.2169013 0.1435622 -0.0465450 -0.0643464 -0.1002810 0.1178523 -0.0912112 0.2971392 -0.0741560 -0.3228901 0.1266649 0.0944407 -0.1986738 -0.1526633 -0.0483761 0.2006571 -0.0946711 -0.2339790 -0.0407968 -0.0713170 0.0867606 -0.1045339 -0.0228321 -0.3183737 -0.0634977 0.0784054 0.1097189 -0.0117221 0.0225650 -0.0131516 0.2808982 -0.0022666 0.0128133 -0.0422936 0.0763980 0.0886381 0.2570120 0.2946461 0.2035068 0.4933595 -0.2346966 0.3790030 -0.0393223 -0.1912526 -0.2311604 -0.2358220 -0.1416672 0.1573077 0.2405800 -0.1935668 -0.2857772 0.2007186 -0.2521973 -0.2619955 0.0423822 0.0043350 -0.0006581 0.2368999 -0.0389636 0.5714050 -0.4456620 0.2432003 0.0493259 0.0628804 0.6849759 -0.0107737 0.3770255 0.3862373
0.1313864 0.2180084 0.7478242 0.2252634 0.0000000 0.1895753 0.3664918 0.3465960 0.1358737 0.1584774 0.2897861 0.3143588 0.5120162 -0.0158190 -0.1868622 0.2610789 0.3942168 -0.0992314 0.3204426 0.4916512 0.1904773 0.2099856 0.2100044 -0.2808154 0.2713542 0.1415647 0.0078620 -0.3977555 -0.0666022 -0.0404480 0.3353896 0.2232773 -0.2903924 -0.1966453 0.1080316 0.1089892 0.1537399 0.3244832 0.2330229 0.0818785 0.4991277 0.2662839 0.1701384 -0.0574086 0.1920816 0.2756254 0.1649459 0.4987825 -0.0869799 0.2809573 0.0717109 0.2391802 0.2506423 0.1676344 0.5203227 0.3420511 0.2680993 0.0102321 0.3196575 0.1043455 0.4447782 0.1382662 0.6736254 0.2327199 0.5072100 0.4470266 0.0819769 0.2261803 0.5414837 0.1916053 0.3285274 0.3043541 0.1412782 0.5592654 0.2999092 0.1465775 0.1753397 -0.0767535 -0.0007485 0.4247640 -0.1759088 0.1368866 0.2191044 0.4076738 0.0911595 -0.0660435 0.1186586 0.0718933 -0.0511071 -0.2512041 0.0665886 0.3635435 0.0018479 0.2247112 -0.0127923 0.6183334 0.3077235 -0.2384760 0.0098484 0.2556151 -0.1946214 0.0009695 -0.1715881 0.3044002 0.2925352 -0.1188654 -0.2718672 0.1274447 -0.2147974 0.2411824 -0.3586642 -0.2512380 -0.2629725 0.0122987 0.0465338 -0.0743286 0.1653055 -0.0559460 -0.0135197 0.0912694 0.2290487 0.2349638 -0.0004186 0.2236492 0.1642403 -0.2065650 0.2374814 0.0538646 -0.1614784 0.1535234 -0.0359242 -0.1611848 -0.0344417 0.3078621 -0.2209972 0.1082153 0.0162321 -0.0898674 -0.0319235 -0.0830593 -0.0327010 -0.1737232 0.4188615 -0.0035634 -0.0427260 0.0181201 -0.0173621 0.0515662 0.4498924 -0.0971108 0.0303851 0.0503421 -0.0569261 0.0806517 0.1275821 0.1355141 0.5112602 0.0301046 0.5750762 0.1773011 0.3633986 -0.0185836 -0.0686297 0.5919952 0.3579655 0.1119482 0.2009987 0.3194746 0.5899584 0.3523038 0.0693911 0.3700917 -0.6869217 -0.2965272 0.0478523 0.2215492 0.4525734 0.3304445 0.3941198 0.3755367 0.4222238 0.1319068 0.3790894 0.3340359 0.5000112 0.6476348 0.6621518 0.7335291 0.4864848 0.2767417 -0.0886622 0.3661937 0.3351822 0.0838799 -0.0630376 -0.0534383 0.1653741 0.5246730 0.5969466 -0.0343851 0.5476248 0.4836071 -0.0037954 -0.0275349 0.5916372 0.4117175 -0.0780022 0.4686069 0.6552743 0.7211217 -0.2791731 0.5041500 0.5847333 0.3915586 0.2712058 0.1593239 0.4131924 0.2886736
0.0593469 0.5004901 0.5180058 0.5955411 0.1895753 0.0000000 0.5956231 0.5727716 0.1943269 0.7723242 0.5197487 0.6279633 0.5924502 0.7229954 0.1084877 0.6749623 0.7100983 0.2667586 0.5814518 0.3959385 0.2193559 0.2435195 0.5832203 -0.2855708 0.5821641 0.5743341 0.7979456 -0.0166977 0.2625132 0.7912156 0.3367589 0.3919501 -0.4157792 0.0494939 0.5239381 -0.1098200 0.5389763 0.3498105 0.7330806 0.6604799 0.0657933 0.4456064 0.6226728 0.2725043 0.6369463 0.3780953 0.5106768 0.1383181 -0.2053238 0.4194232 0.5094694 0.5240007 0.5560074 0.4591376 0.3006368 0.3066428 0.4691799 0.1417966 -0.1560225 0.5051299 0.3120218 0.4199625 0.0376101 0.5984969 0.5411459 0.3460640 0.4841478 0.5245541 0.1866144 0.6037162 0.3824439 0.5313215 0.4751606 0.6330179 0.3559651 0.6241094 0.6669952 0.3187588 0.5497124 0.6542036 0.1830916 0.3180991 0.1491688 -0.0217127 0.0455173 -0.1792627 0.1508812 -0.2902381 -0.4164934 -0.2552892 -0.3484833 0.0227334 -0.1678089 -0.0582524 -0.3081687 0.2331017 -0.0424733 -0.2035913 -0.3844683 -0.1430487 -0.4110302 -0.1571170 0.0351864 -0.1476405 -0.0811029 -0.1055121 -0.0713857 0.0730515 -0.2825417 0.1222806 -0.1830119 0.0016655 0.0233557 -0.0130541 0.0528081 0.0016017 -0.0292293 -0.0281217 0.0768717 0.0589014 0.0563752 -0.0490859 -0.1256115 0.1611282 0.2390514 0.0355463 0.1903125 0.3332921 0.1999373 0.2796175 0.5098251 0.4437296 0.6588793 0.1014559 0.1953451 0.4502388 0.6917472 0.3649019 0.5803148 -0.0070616 0.2319100 0.1010396 -0.1884690 0.2934925 0.4057650 0.5817584 0.5923277 0.6041368 -0.2506638 0.1791752 0.0176520 0.2827303 0.5004682 0.1876753 0.4643072 0.2849500 -0.2335557 0.5108594 -0.2360161 -0.0863873 0.1134496 0.1901279 0.2025762 -0.1350258 0.2627235 0.2420607 0.2022140 -0.3340117 -0.1061391 -0.0820322 -0.0843272 -0.1711873 -0.1369357 -0.1350381 -0.0250496 0.1761030 0.3328528 0.3699430 0.2330410 0.1072008 0.3128148 -0.3199526 -0.1597559 -0.4065108 -0.1707753 0.3263629 0.0035114 0.2015262 0.4258987 0.6002202 -0.1379314 0.5580743 0.0064588 0.1313662 0.0135605 -0.1126658 -0.0515695 -0.0820432 0.3277205 -0.0367714 0.1548638 -0.1738528 0.1672469 0.1363748 0.1860362 0.1672361 -0.0522718 -0.1499995 0.0770358 0.1765915 -0.1071247 0.2060816 0.2398392 0.2097441 0.1479481 -0.2236173 0.4782638 0.2940025
0.4543501 0.6970377 0.6663140 0.1053541 0.3664918 0.5956231 0.0000000 -0.0057323 0.5500194 0.2541904 -0.0779725 0.9071599 0.1628234 0.5669150 0.6108746 0.0012362 0.3773022 0.5997674 -0.0180904 0.4354323 0.1682569 -0.2269295 0.0143230 0.2935068 0.0022372 -0.0533702 0.4960390 0.2597465 0.4795063 0.5916310 -0.1480464 -0.2102604 0.1298758 0.5503784 -0.1808209 -0.1256422 -0.2026645 -0.1748703 0.1966856 0.2137864 -0.2431871 0.3243646 -0.0685501 0.2898290 0.0925605 -0.2025106 -0.2180505 -0.1709478 0.3303428 -0.0656647 -0.2080429 -0.0624839 0.2478163 -0.0889697 -0.0277491 -0.1643408 -0.1705614 0.1396340 0.2535335 -0.2186900 0.5122403 -0.1776901 0.1904160 0.2719910 0.3984106 -0.1459610 -0.2397344 -0.0994959 0.0052910 -0.0108880 -0.1847115 0.4087984 -0.1775636 0.4924925 -0.1715185 -0.0866575 -0.0004199 -0.3054588 -0.1300956 0.2148131 -0.2084504 0.4603885 0.3353010 0.1355962 0.2290323 -0.0748228 0.3797147 0.1437817 0.0214245 0.0583676 0.2354694 0.3199249 0.0781676 0.2563043 0.0685866 0.3769547 0.4153568 -0.1052627 -0.0132664 0.1160698 -0.0614701 -0.1562528 -0.1009963 0.2728453 0.3408112 0.2284352 -0.2091408 0.0458788 -0.0679660 0.0648317 -0.0688954 -0.0900264 -0.1855586 -0.1000375 0.0135532 -0.1197683 0.0471085 0.0341056 0.0592487 0.2743896 0.1575347 0.0793845 0.2570742 0.2306256 0.4891290 0.2296184 -0.0308806 0.2928268 0.4063705 0.1799372 0.6223144 0.4686061 0.4817780 0.2526929 0.4033705 0.1865589 0.5567272 0.5539318 0.6235868 0.2507960 0.4268740 0.4008131 -0.0188426 0.1680102 0.4672044 0.1990503 0.7146657 0.6846844 0.1257646 0.2397411 0.1760714 0.2551449 0.6929010 0.2223370 0.6520830 0.0786782 0.0238220 0.4318777 0.0822911 0.1817755 0.1482693 0.0857110 0.2028808 0.2629244 0.3732051 0.1728135 0.2717659 -0.0654635 0.1237239 0.1098462 -0.1005788 0.0224929 -0.2466879 0.1072366 0.1855529 0.5538982 0.6983963 0.7645806 0.4471354 0.3878796 0.4658601 0.0299761 0.3985741 0.1715765 0.2645718 0.4110245 0.2850714 0.3380444 0.5307250 0.3103710 0.2192797 0.2391624 0.0975587 0.3206807 0.1867547 0.0700502 0.0077785 -0.0305233 0.2587231 0.1836986 0.4562360 -0.1014318 0.3458996 0.3003948 0.5762830 0.3850937 0.1357176 0.1585011 0.3364828 0.0172912 0.2279496 0.3147734 0.4935951 0.4473773 -0.0277790 0.2231934 0.3459999 0.1206610
-0.2348693 -0.0434636 0.4492049 0.7804681 0.3465960 0.5727716 -0.0057323 0.0000000 -0.4127876 0.8385264 0.9565783 0.1319288 0.8948733 0.3090988 -0.5777935 0.9273639 0.7218436 -0.3406760 0.9636304 0.2808058 0.0728288 0.8567442 0.9149173 -0.7872696 0.9332979 0.9085252 0.5535104 -0.5043952 -0.2744085 0.3699980 0.7732636 0.8740332 -0.7632859 -0.6274391 0.8690595 -0.0824807 0.8631263 0.8364834 0.7818444 0.7415111 0.6031369 0.2375437 0.9020294 -0.0142586 0.7546019 0.7986187 0.8758303 0.6556992 -0.6391154 0.7542193 0.8480895 0.9263418 0.6699136 0.8024220 0.7242060 0.7045624 0.8345341 -0.0336567 -0.1837862 0.8740878 0.0114212 0.9023099 0.2920751 0.5444898 0.6522865 0.7889059 0.8711176 0.8876066 0.5325573 0.8829058 0.8511980 0.3791779 0.8566007 0.6455683 0.7248681 0.8642839 0.8270763 0.7594424 0.7569332 0.6954745 0.3055578 -0.3154422 -0.2602661 0.0467277 -0.1982111 -0.2239972 -0.2687736 -0.1648585 -0.5254088 -0.5154994 -0.4480675 -0.0226680 -0.0740603 0.0478687 -0.3595428 0.2167529 -0.3594990 -0.4008353 -0.4173496 0.0148581 -0.4937174 -0.0777736 0.0153592 -0.3074072 -0.3242978 -0.3919254 -0.0773830 0.0621665 -0.5192997 0.1146911 -0.3824900 -0.3152948 -0.0693696 0.1311680 0.0596397 -0.0227861 0.1064275 -0.2131838 -0.0814937 -0.3648169 -0.0172581 0.0702195 -0.5308316 -0.0230645 -0.2294842 -0.4586917 0.3013782 -0.0374769 -0.3537062 0.1544513 -0.1403902 -0.0791768 0.0912487 0.0432125 -0.4555376 0.1266714 0.1227595 -0.2294045 -0.1189098 -0.3355717 -0.2797112 -0.3798927 -0.0459711 -0.0294226 -0.1613216 0.1615031 -0.1106882 -0.0826896 -0.2311447 -0.0909166 -0.2381935 -0.0686488 -0.1673661 -0.1378992 -0.1254657 0.0503870 -0.0878179 0.0626709 -0.0997494 -0.2302440 0.0649413 0.0493487 -0.3287667 -0.0713250 -0.0563113 -0.0280841 -0.0942432 -0.2198973 0.0076837 -0.0646528 -0.0336438 -0.1241377 -0.3556360 -0.6033926 -0.3568270 -0.2551083 0.0444883 -0.0098147 -0.0116982 -0.1087494 0.1378930 -0.3538582 -0.3097676 -0.3718761 -0.1536854 0.3663496 0.1633712 0.3856875 0.2581798 0.4489173 -0.5022193 0.4917482 0.0546368 -0.3192010 -0.4055279 -0.3456864 -0.0447460 0.2812786 0.4074784 -0.2929163 -0.0756114 0.1334555 -0.4179528 -0.3140445 -0.0201542 -0.0082668 -0.2554943 -0.0632173 0.0874243 0.5741326 -0.5360673 0.3197015 0.1161761 0.0353745 0.4864486 -0.2941627 0.4242930 0.3551578
0.4741441 0.4476214 0.1217048 -0.0832299 0.1358737 0.1943269 0.5500194 -0.4127876 0.0000000 -0.1543457 -0.4443651 0.4756825 -0.1967734 0.2001233 0.6952717 -0.2994768 0.0276048 0.3492598 -0.3532229 0.4631634 0.3763652 -0.4473324 -0.2089985 0.5557591 -0.3642242 -0.3037874 -0.0193941 0.4347404 0.7857258 0.2651704 -0.3066308 -0.4707408 0.4265748 0.7884738 -0.2782895 0.2778989 -0.2908988 -0.4471249 -0.0047234 -0.1383226 -0.2923654 0.4075776 -0.2481657 0.5755749 0.0239133 -0.3670538 -0.2907706 -0.3742453 0.7462489 -0.2866245 -0.2777812 -0.4207792 -0.0098287 -0.1768396 -0.3096968 -0.2646646 -0.3173431 0.5425625 0.0753960 -0.3409915 0.1575595 -0.4844591 -0.0246350 0.1551791 -0.0816597 -0.3687312 -0.4748907 -0.3149825 -0.1871141 -0.1685083 -0.4658574 -0.0901152 -0.3675869 -0.0510480 -0.3341922 -0.2183220 -0.3532994 -0.3637498 -0.2395027 -0.0605697 -0.2762448 0.6436617 0.6323055 0.2908789 0.3266178 0.2565026 0.5959678 0.2707176 0.1613640 0.2148686 0.2874578 0.1510573 0.0358409 0.3034699 0.0871142 -0.0279428 0.4083034 0.1453453 0.1041062 0.0136463 0.2322550 0.2241373 0.1804868 0.7120649 0.4789153 0.1318735 -0.0372812 0.2033715 0.1510380 0.2893319 0.0149373 0.1421299 0.1761053 0.1730204 0.1597752 0.1722062 0.0922545 0.3211244 0.3218699 0.4428416 0.2463581 0.1149391 0.3371122 0.2494164 0.4860825 0.1133573 -0.1712493 0.3082505 0.3125570 0.1747004 0.3920090 0.2949062 0.1244975 0.6051914 0.5595966 0.1997035 0.2860722 0.2909096 0.3217482 0.1754311 0.3089270 0.2340872 0.2936610 0.0421825 0.2158708 0.2155639 0.3613780 0.4089840 0.1731530 0.1697133 0.0473526 0.0918148 0.3397431 0.2443596 0.4374247 0.0357611 0.1787173 0.1877466 0.2426775 0.0923517 0.1875734 0.0140082 0.4190941 0.2766584 0.3931908 0.1725286 0.4548679 0.1002140 0.1906242 0.2908926 0.1022857 0.1165432 -0.1877814 0.2167673 0.2312215 0.5433344 0.2821872 0.3906018 0.2669140 0.3370824 0.3376031 0.2269106 0.3312939 0.3116283 0.0748068 0.0663405 -0.0381377 0.0910462 0.0947737 -0.0493958 0.3280550 -0.1235221 -0.0952615 0.2442483 0.1759169 0.0411863 -0.1569463 -0.1751714 -0.1165710 0.0043239 0.2782827 -0.0979949 0.7448703 0.4349817 0.5843980 0.2496961 0.0963783 0.4977411 0.3268412 -0.0324005 0.3817833 0.1780364 0.2405680 0.0417084 -0.1568687 0.4276305 0.1526407 -0.0429295
-0.0157404 0.3498264 0.4811648 0.8025847 0.1584774 0.7723242 0.2541904 0.8385264 -0.1543457 0.0000000 0.8846424 0.3223583 0.6959271 0.6870736 -0.3196265 0.8642924 0.8828637 -0.0941328 0.8368162 0.2478490 0.2378579 0.6991359 0.8291061 -0.5279730 0.8089339 0.8049790 0.8653931 -0.1868253 -0.0250733 0.6821051 0.6230879 0.6924108 -0.6567771 -0.3602960 0.7686093 0.0022613 0.7693954 0.7013929 0.7895804 0.7475902 0.4251803 0.4791822 0.8412904 0.1114862 0.8400922 0.6882018 0.7621065 0.5033573 -0.5293761 0.6290485 0.7629025 0.8510999 0.7696706 0.7390733 0.6398232 0.6393831 0.7466464 -0.0039764 -0.0809270 0.7984505 0.2388905 0.8187537 0.2636540 0.5777180 0.6418821 0.6557261 0.7748836 0.7783352 0.4535572 0.8586297 0.7359706 0.5315155 0.7687471 0.6642445 0.6457516 0.8135814 0.7665176 0.6312567 0.7046788 0.6367351 0.2090275 -0.1952109 -0.2005058 -0.1228718 0.0571801 -0.2237914 -0.2311433 -0.1578633 -0.4365218 -0.2446353 -0.5583878 -0.2841459 -0.2941693 -0.0089366 -0.3003204 -0.0174674 -0.4789485 -0.4327838 -0.3282531 -0.0594109 -0.3518028 -0.1541410 0.1126463 -0.2707815 -0.4804240 -0.3035596 -0.0983487 -0.0190027 -0.5029246 -0.0090531 -0.3134487 -0.2288168 -0.1011608 -0.0515832 -0.0265756 -0.0865863 -0.0909257 -0.1522920 -0.1155966 -0.2758451 -0.1033716 -0.0715098 -0.3762238 -0.0535826 -0.0809619 -0.2125741 0.2138980 0.0762377 -0.0905756 0.2073639 0.0861090 0.1679793 0.2620207 0.0225273 -0.2439422 0.2063596 0.3260781 0.0706017 0.1422879 -0.0542308 -0.0825055 -0.0458748 -0.0788141 0.1576450 0.1101958 0.3601213 0.1724153 0.2447949 -0.3261246 0.2014140 -0.0005218 0.1693807 0.1982154 0.0045393 0.1374991 0.2024954 -0.1323700 0.2902986 -0.2122143 -0.0431811 0.1999133 0.2855030 -0.0426661 -0.0357258 0.1244751 0.1110394 0.0233588 -0.3168241 -0.1448461 0.0530762 0.0276528 -0.1712281 -0.0894699 -0.3665084 -0.1999705 -0.0165762 0.2088160 0.1401686 0.1361413 -0.0369520 0.1038556 -0.3289776 -0.1482690 -0.3529644 -0.0929797 0.3540498 0.1396442 0.3311374 0.3334463 0.5292756 -0.3624541 0.4787356 -0.0864765 -0.1425652 -0.2322334 -0.1752841 0.0473414 0.0053981 0.3293276 -0.0631095 -0.2333470 -0.0646354 -0.2884929 -0.3164848 -0.0099817 -0.0058090 -0.0090543 -0.1394992 -0.0975754 0.3995389 -0.2935735 0.2372285 0.1027278 0.0647646 0.4276830 -0.3042643 0.4483341 0.3499778
-0.1736004 0.0759893 0.4365361 0.8061521 0.2897861 0.5197487 -0.0779725 0.9565783 -0.4443651 0.8846424 0.0000000 0.0302801 0.8094692 0.3263241 -0.6639363 0.9186792 0.7801772 -0.4161442 0.9314109 0.2254284 0.1098741 0.8863772 0.8969750 -0.7998740 0.8948153 0.8625297 0.6057192 -0.5210280 -0.3433388 0.3307262 0.7514762 0.8537920 -0.8355161 -0.6909353 0.8474034 -0.0357616 0.8482718 0.8403399 0.7402027 0.7013698 0.6477948 0.2636313 0.8932748 -0.0832052 0.7801682 0.8129723 0.8566595 0.7018781 -0.7361010 0.6903348 0.8340914 0.9475009 0.7395223 0.8160960 0.7635992 0.7428087 0.8323876 -0.0781912 -0.0901397 0.8889473 0.0517035 0.9425947 0.3690575 0.5563882 0.6341122 0.8083520 0.8690075 0.8899500 0.5782339 0.9021339 0.8900670 0.4526048 0.8625956 0.6329696 0.7509706 0.8681960 0.8125859 0.7257617 0.7079147 0.6341827 0.2078248 -0.4266742 -0.3670956 -0.0887750 -0.1184839 -0.2856446 -0.4351257 -0.1648927 -0.4710988 -0.4078245 -0.5637582 -0.2389588 -0.1908178 -0.0077764 -0.3197906 0.0476845 -0.5252838 -0.4625350 -0.3309157 0.0253150 -0.4146626 -0.1296151 0.0202147 -0.3090220 -0.5158571 -0.4344688 -0.1115394 -0.0135404 -0.5558976 0.0394719 -0.4171041 -0.3556259 -0.1221772 0.0484782 0.0227316 -0.0384846 0.0442944 -0.1892195 -0.1059854 -0.3715594 -0.0700324 0.0332490 -0.5089053 -0.0946122 -0.2462755 -0.3949072 0.2936368 -0.1216846 -0.3355873 0.1642489 -0.1906191 -0.1138887 0.0380839 -0.0230265 -0.5118155 0.0859093 0.0698178 -0.2057717 -0.1471602 -0.2321426 -0.2725676 -0.2952543 0.0188819 0.0194868 -0.1356066 0.1823942 -0.1442873 -0.0703795 -0.2222442 0.0083614 -0.1122185 0.0223633 -0.1541409 -0.0985598 -0.1420469 0.1298352 -0.0011997 0.0621563 -0.0689446 -0.1088705 0.1923909 0.1584524 -0.2612353 0.0086823 -0.0024305 0.0282484 -0.0911764 -0.1905703 -0.0005666 0.0376062 0.0460961 -0.0638662 -0.2184741 -0.5563204 -0.3098558 -0.2593977 0.0189397 -0.1194377 -0.0416080 -0.1799674 0.0051416 -0.3501349 -0.2325775 -0.3252426 -0.0477557 0.3153314 0.2346119 0.3516615 0.2300188 0.4603589 -0.4665470 0.4388432 -0.0366280 -0.3314194 -0.3870402 -0.2882466 0.0220860 0.1784194 0.3363434 -0.1851645 -0.2655742 0.1442984 -0.5213700 -0.4687595 -0.0976879 -0.0903423 -0.1138103 -0.0435180 -0.0519492 0.5398714 -0.5025336 0.2176508 0.0638431 -0.0019989 0.5457830 -0.2818595 0.4157455 0.3792431
0.5055209 0.6121808 0.6648053 0.1730129 0.3143588 0.6279633 0.9071599 0.1319288 0.4756825 0.3223583 0.0302801 0.0000000 0.2606651 0.5141561 0.5571928 0.0797796 0.3359114 0.4986285 0.0627005 0.4971221 0.3289580 -0.1233846 0.1234334 0.1497107 0.0688617 0.0692117 0.4777793 0.1863521 0.5756900 0.5812746 -0.0859176 -0.1657684 0.0244078 0.4219335 -0.1067905 -0.0903671 -0.0843586 -0.1058855 0.2078153 0.3508386 -0.1685444 0.3184519 0.0039923 0.2503682 0.2024482 -0.1417293 -0.1282895 -0.0827507 0.2412769 -0.0080595 -0.1206656 0.0113656 0.3641476 0.0293251 0.0766572 -0.0955216 -0.0638049 0.1176300 0.2145433 -0.1099043 0.4184482 -0.0685149 0.1219816 0.4012821 0.5045214 -0.0217882 -0.1642415 -0.0298873 0.0647230 0.0787995 -0.0802246 0.5224326 -0.1251905 0.5971779 -0.0687687 0.0027917 0.1078890 -0.1896394 -0.0567947 0.3001538 -0.2672069 0.4601233 0.3982457 0.1407212 0.2064537 -0.0015594 0.4440561 0.1623014 0.0794701 0.0964995 0.2654777 0.3169470 0.1277598 0.2600757 0.2391782 0.4420169 0.3614355 -0.0978257 0.0982241 0.0645940 -0.0433233 -0.0423648 0.0314069 0.2278619 0.3719511 0.2041377 -0.0881962 0.2115754 -0.0462412 0.1435609 0.0359451 -0.1177286 -0.1120163 0.0440390 -0.0071482 -0.0194688 0.1819615 0.0508203 0.1062737 0.2654688 0.2411532 0.2007569 0.3751464 0.1813968 0.4267803 0.1991028 -0.0668783 0.4430876 0.3293863 0.1434138 0.5693795 0.5476011 0.4544157 0.2285077 0.5316644 0.3401555 0.5522167 0.4862532 0.5637869 0.2370656 0.5812925 0.3719377 0.1089823 0.2065574 0.4538319 0.2988100 0.6924262 0.7157414 0.2857664 0.2353443 0.1642145 0.2574583 0.6868153 0.4429144 0.7815503 0.1018990 0.1279520 0.4453094 0.1865885 0.1890040 0.2188484 0.1102626 0.1956426 0.2559997 0.4825805 0.2967417 0.4806142 0.1231409 0.2755405 0.0921743 0.0969140 0.1968303 -0.2869306 -0.0387781 0.0906394 0.4141179 0.5816089 0.7143081 0.3839270 0.3091333 0.4087091 -0.0675499 0.2884413 0.1018242 0.1428787 0.3639468 0.1220447 0.2739289 0.4476740 0.2676715 0.1461356 0.2829717 -0.0412330 0.0863781 0.0579690 -0.0117932 0.0219345 -0.0885293 0.2184142 0.1433264 0.4527733 -0.3495283 0.2807193 0.3299886 0.5984974 0.3192810 0.1467669 0.0622948 0.4731405 -0.0052269 0.2928645 0.3315878 0.5931393 0.4457064 0.0086041 0.2452552 0.1600350 0.0012081
-0.1802146 0.0459759 0.6110207 0.6420008 0.5120162 0.5924502 0.1628234 0.8948733 -0.1967734 0.6959271 0.8094692 0.2606651 0.0000000 0.2489643 -0.3842287 0.8584862 0.7171766 -0.2174814 0.8865784 0.5939708 -0.0689622 0.7202089 0.8546368 -0.6940444 0.8801829 0.8238706 0.4421530 -0.5214436 -0.1611563 0.3005081 0.5968189 0.7568688 -0.6687360 -0.3904099 0.7405212 -0.2054310 0.7380764 0.6673905 0.7782521 0.7156493 0.4423928 0.2030678 0.7975866 0.1040640 0.6422047 0.6828729 0.7442097 0.4747123 -0.4347465 0.6302845 0.7003725 0.8218403 0.6537532 0.7181615 0.5840925 0.5387904 0.6790159 0.1319907 -0.1830283 0.7330105 -0.0052663 0.7414193 0.2970510 0.6086798 0.6886013 0.6533089 0.6863296 0.8088986 0.4449608 0.7870828 0.6827627 0.3285575 0.7084851 0.6286334 0.5494823 0.7637814 0.6952198 0.6063094 0.6456539 0.6514081 0.2216455 -0.1227594 -0.0982725 0.1754752 -0.2202148 -0.3067904 -0.1249474 -0.1631282 -0.5379190 -0.6351965 -0.2190189 0.2595240 0.1417216 0.0905963 -0.3690825 0.3316638 -0.0626299 -0.3243663 -0.4805192 0.0996062 -0.5893804 -0.0895693 -0.1259417 -0.1091404 -0.0260183 -0.4563534 -0.1868539 0.0550207 -0.4566561 0.2611364 -0.4913449 -0.2893708 -0.1698434 0.1858193 0.0753547 -0.0655432 0.2266378 -0.2596239 -0.0339859 -0.1913470 0.1380653 0.1869919 -0.4559141 0.0993949 -0.0202368 -0.4197084 0.3951664 -0.0593666 -0.2726443 0.2089415 0.0461578 -0.1183156 0.1933328 0.1876746 -0.4168701 0.1021350 0.2196263 -0.1299607 0.0524333 -0.3913891 -0.2678684 -0.3832992 -0.0228339 -0.1594077 -0.1274518 0.0788180 0.0467584 0.0060820 -0.1393194 -0.1998936 -0.2816299 -0.1276208 -0.1152000 -0.1563468 -0.0588050 -0.0545153 0.0395035 -0.0038186 0.0673249 -0.2066286 0.0044138 -0.0959613 -0.3203732 0.1320842 -0.0511495 -0.0830285 -0.0203949 -0.2171132 0.1941828 -0.0019798 -0.2037949 -0.0959214 -0.5948956 -0.6635009 -0.3436643 -0.2700184 0.0439416 0.0746140 -0.1033146 -0.1464722 0.2549167 -0.4225298 -0.2578489 -0.2985168 -0.1113487 0.4741553 0.2906449 0.4405477 0.2882239 0.3739739 -0.4348392 0.3866612 0.0998122 -0.2966450 -0.4190107 -0.4543281 -0.2325396 0.2524176 0.3355287 -0.3433681 0.1132001 0.2824555 -0.2576689 -0.2565117 0.1361771 -0.0562144 -0.2788963 0.1293756 0.2513162 0.5291361 -0.5155158 0.2667436 0.1491109 -0.0398831 0.3446464 -0.2012030 0.5903204 0.4206525
0.1953945 0.4999910 0.3589497 0.3713419 -0.0158190 0.7229954 0.5669150 0.3090988 0.2001233 0.6870736 0.3263241 0.5141561 0.2489643 0.0000000 0.2564082 0.3753299 0.6517191 0.4772408 0.3178475 0.0771151 0.2462514 0.1565460 0.2885902 0.1838903 0.3039132 0.3114076 0.8558583 0.4328970 0.3379969 0.8448836 0.2099891 0.1699118 -0.0084481 0.2055997 0.2575369 0.0617855 0.3050278 0.2563850 0.3914969 0.3123142 -0.0313526 0.5858372 0.3106768 0.1221111 0.5020182 0.2649885 0.2773841 0.0504094 -0.0535386 0.3327954 0.2801250 0.3096970 0.3551171 0.1598456 0.2550942 0.2794176 0.3534281 -0.1353962 0.1044579 0.2881773 0.6086487 0.2578180 0.1063095 0.1796798 0.3335134 0.2411854 0.3215522 0.1860358 0.1869216 0.3057661 0.2498912 0.4304482 0.2548568 0.4086160 0.3060350 0.3079230 0.3947320 0.2144217 0.4561147 0.4575490 0.3318232 0.1868694 0.1258759 0.0352006 0.3875406 0.0084519 0.1802858 -0.0969169 -0.0779407 0.1343082 -0.2524161 -0.2067760 -0.3147046 -0.0392143 -0.0819395 -0.0358099 -0.2110592 -0.0093798 -0.1423061 -0.0301358 -0.0872365 -0.0755251 0.2039397 -0.1820340 -0.1841656 0.1039387 0.1222740 0.0744837 -0.0076226 0.0378741 0.1121101 0.2813988 -0.0255066 -0.2408437 -0.0846389 -0.1681439 -0.3479584 -0.0283984 -0.1597959 0.0554424 -0.1049895 -0.2478347 0.0545098 0.1697881 0.2944960 0.3000104 0.0887132 0.4077871 0.4359102 0.1749220 0.4904627 0.5323118 0.4914210 0.0669999 0.1740524 0.3409079 0.5763695 0.5438162 0.5472678 0.3583393 0.1973421 0.4379025 -0.2154405 0.4180481 0.5326746 0.4613572 0.5896186 0.5925978 -0.3181613 0.4938351 0.2488177 0.4276454 0.6725468 0.1101249 0.4244612 0.3048400 -0.2358898 0.5778688 -0.3171688 0.1347899 0.0514747 0.4525920 0.3110683 -0.0487984 0.1634036 0.2212726 0.0711019 -0.3474569 -0.2456713 0.1334546 -0.0292148 -0.2454183 0.1778585 0.1912150 0.2087546 0.3779092 0.4649129 0.5698187 0.4441475 0.3494865 0.3550102 -0.0056482 0.1148475 -0.1409953 -0.0164933 0.3779383 0.1104135 0.3464274 0.4650068 0.4310437 0.0111360 0.4500718 0.1476012 0.4009297 0.3023750 0.2861563 0.2577304 -0.0161760 0.4055487 0.3357126 0.0107636 -0.2041097 0.1823841 0.0326474 0.0587648 0.1816314 0.2915454 -0.3287874 -0.1330639 0.1163319 0.1090416 0.2557502 0.0603390 0.1940845 0.0780203 -0.4664993 0.2915439 0.2537350
0.4067106 0.2772306 -0.0360158 -0.4877894 -0.1868622 0.1084877 0.6108746 -0.5777935 0.6952717 -0.3196265 -0.6639363 0.5571928 -0.3842287 0.2564082 0.0000000 -0.4956252 -0.3241601 0.8199960 -0.5327852 0.0638374 0.0432906 -0.6460769 -0.4894452 0.7824011 -0.4856224 -0.3869028 -0.0562326 0.7432307 0.7949059 0.3209981 -0.5244758 -0.5676306 0.7114739 0.8974359 -0.4825211 0.0142750 -0.4739546 -0.5181329 -0.2989328 -0.2560257 -0.5579096 0.2049995 -0.5102789 0.3489582 -0.2790127 -0.4830683 -0.5208922 -0.5484582 0.7524056 -0.2788955 -0.4615485 -0.5576709 -0.2250945 -0.5305420 -0.4477642 -0.4337431 -0.4651787 0.1327224 -0.0247811 -0.5139556 0.2027545 -0.6025991 -0.2106386 -0.1449562 -0.0466304 -0.5514392 -0.5511299 -0.5498402 -0.3650609 -0.4707958 -0.5915476 -0.0848592 -0.4971498 -0.1297817 -0.4431173 -0.4540875 -0.5182261 -0.3706896 -0.2982313 -0.2718300 -0.1986037 0.4870937 0.4345927 0.1581352 0.2758466 0.2651497 0.6269410 0.0188504 0.3138849 0.2534171 0.5466537 0.3749352 0.0963269 -0.0151030 0.1037253 0.0913458 0.6148783 0.2299179 0.0267608 -0.2538395 0.0606935 -0.0080664 0.0600862 0.2370325 0.6015731 0.2832975 0.0842357 0.0300947 0.3919845 -0.0395445 0.2680919 0.3093387 0.0146049 -0.1642470 -0.1928697 -0.1574327 -0.1878339 0.0318460 -0.0287726 0.2467742 -0.0618329 -0.1744603 0.4700071 0.0478300 0.3590238 0.4337815 -0.2795744 0.4766359 0.5474189 0.0277020 0.6055263 0.5345601 0.4119824 0.2034265 0.6613890 0.2323190 0.4814429 0.5486333 0.5921545 0.3396242 0.4224709 0.4851899 -0.0910588 0.1334138 0.4205431 0.1398303 0.6146420 0.5317538 0.0208193 0.2560439 0.2679028 0.1640429 0.6148109 0.2519852 0.5647897 0.0038905 -0.0832312 0.2993000 -0.0835118 0.2645237 -0.1073320 0.0884367 0.4439520 0.1099512 0.2213256 0.1171708 0.3428352 -0.0715006 -0.0754830 0.1558982 -0.0851483 -0.1027384 -0.0216517 0.2743091 0.1258303 0.3858285 0.3088100 0.4672548 0.1962049 0.2195152 0.1102356 0.0559282 0.2298340 0.1452062 -0.1076625 0.1303554 -0.2284460 -0.0600245 0.0072409 -0.2448851 0.3656797 -0.2334983 -0.1518578 0.3807468 0.3495731 0.2117389 -0.0746692 -0.3523703 -0.1767831 0.2236172 0.2981860 -0.4285423 0.6745751 0.4671744 0.2582318 0.1171387 0.1370089 -0.0562395 0.1554325 -0.5163273 0.6836999 0.0877063 0.0725650 0.0285640 -0.4013575 0.2283729 -0.0967306 -0.3387060
-0.3244439 0.0726801 0.4001401 0.7463270 0.2610789 0.6749623 0.0012362 0.9273639 -0.2994768 0.8642924 0.9186792 0.0797796 0.8584862 0.3753299 -0.4956252 0.0000000 0.7556172 -0.2578887 0.9690377 0.2912041 0.0495889 0.7614323 0.8887776 -0.7307829 0.9663738 0.9352071 0.5694502 -0.4064012 -0.2125103 0.4466779 0.6888422 0.8849936 -0.7465685 -0.5317642 0.9144861 -0.0380518 0.9098674 0.8132332 0.8830315 0.7474809 0.5192203 0.3186786 0.9564433 0.1156815 0.7476956 0.8140235 0.9082599 0.5734179 -0.5945231 0.7326022 0.8857841 0.9181102 0.6373765 0.8055716 0.6422218 0.6823407 0.8366660 0.0737496 -0.2976448 0.9001551 0.0070750 0.8617323 0.2116350 0.5338020 0.6117112 0.7317674 0.8830211 0.9014784 0.4407350 0.8996072 0.8106649 0.3115034 0.8832991 0.5485218 0.6794261 0.8963318 0.7847197 0.7468897 0.7684655 0.6126115 0.3041081 -0.2206950 -0.2174948 -0.0312880 -0.1016926 -0.2212121 -0.2669782 -0.3665235 -0.5930769 -0.4991256 -0.5079755 -0.0351322 -0.1511430 -0.1524870 -0.5007507 0.0850254 -0.3132479 -0.4438401 -0.5443382 -0.1730212 -0.5662177 -0.1160412 0.0230785 -0.3265137 -0.3375839 -0.4867876 -0.1581202 -0.0766028 -0.5382694 0.0442986 -0.4488638 -0.2264157 -0.0961262 0.0240748 -0.0033866 -0.0707906 -0.0134334 -0.2768240 -0.1213635 -0.3630961 -0.0838427 -0.0260528 -0.5663461 -0.0877092 -0.2321524 -0.4101279 0.4092694 -0.0261014 -0.2987309 0.2268015 -0.0365493 -0.0799658 0.2577441 -0.0329156 -0.4385536 0.1802860 0.2178430 -0.1737556 0.0032280 -0.3808111 -0.3177624 -0.3749734 -0.0825763 -0.0422198 -0.1296326 0.2619193 -0.0457882 -0.0302722 -0.3560767 -0.0876628 -0.1954098 -0.0626341 -0.1310027 -0.1492830 -0.1350316 0.1041424 -0.1106403 0.0730686 -0.1586831 -0.1694643 0.0969442 0.1028391 -0.1738268 -0.0545712 -0.0216298 -0.0518155 -0.0438091 -0.3448395 -0.0975126 -0.0221824 -0.1093959 -0.2363603 -0.2768203 -0.5856063 -0.4014084 -0.2491201 -0.0089951 -0.1095093 -0.0181905 -0.2067793 -0.0047676 -0.4436975 -0.3662753 -0.4962464 -0.2066696 0.3665021 0.1135231 0.2737206 0.1803116 0.4335489 -0.5011814 0.4175706 -0.0471110 -0.2456122 -0.3687345 -0.3530109 -0.1176407 0.1070311 0.3206742 -0.3014992 -0.1469461 0.1089243 -0.3169578 -0.3453406 -0.1095066 -0.0842930 -0.2866019 -0.1241906 -0.0358395 0.4878793 -0.5165308 0.1780619 -0.0106478 -0.1117220 0.3144371 -0.3331817 0.5719836 0.4240749
0.0655655 0.5048351 0.6635263 0.7594073 0.3942168 0.7100983 0.3773022 0.7218436 0.0276048 0.8828637 0.7801772 0.3359114 0.7171766 0.6517191 -0.3241601 0.7556172 0.0000000 -0.1453932 0.7308913 0.5142992 0.1571367 0.5945662 0.7590997 -0.4497476 0.6996982 0.6104719 0.8245842 -0.3038563 -0.1068034 0.5633243 0.4711517 0.5243745 -0.6129085 -0.2388970 0.5924287 -0.0758282 0.5717882 0.5033834 0.7738603 0.6368366 0.3220910 0.4015398 0.7193136 0.1558508 0.7021545 0.5202465 0.5940417 0.3649257 -0.3952150 0.4070941 0.5579825 0.7209090 0.6945989 0.6616286 0.5031951 0.4646031 0.5481151 0.1584718 0.0864023 0.5987106 0.2963177 0.6360787 0.3462023 0.5493211 0.5341606 0.5173364 0.5545311 0.6582074 0.3949809 0.7378186 0.5570653 0.4956885 0.5638221 0.6363806 0.4471500 0.6530221 0.6732396 0.3618280 0.5163952 0.6250094 0.1806440 -0.0434308 -0.0494067 0.0068197 0.1168839 -0.3026337 -0.2237614 0.0424427 -0.4105383 -0.2288799 -0.4663276 -0.2219005 -0.1374947 0.2004086 -0.1990728 -0.0074770 -0.3890335 -0.3392642 -0.2331560 0.2631956 -0.2306112 -0.0730375 0.0325533 0.0111806 -0.3864611 -0.2491169 -0.2282023 0.0161286 -0.5228745 0.1833358 -0.4248712 -0.2434294 -0.1460948 0.0737218 0.1588045 -0.0000968 0.0995621 -0.0615609 0.0357227 -0.0078780 0.1756990 0.1629756 -0.3402712 0.2145298 0.1878520 -0.2289606 0.3835335 -0.1241620 -0.0729280 0.3110703 0.1470077 -0.0064030 0.1853325 0.2170088 -0.3214430 0.0444999 0.2421168 0.0930765 0.1444239 -0.0750731 -0.1246524 -0.0583295 0.0050117 0.0417299 0.0848065 0.2183814 0.1873568 0.2363473 -0.1826241 0.1139411 -0.0928103 0.1110277 0.1651159 -0.0920666 0.0878617 0.1087148 0.0288296 0.1728739 0.0062718 -0.0765177 0.2555943 0.1523114 -0.1094493 0.1642150 0.1313018 0.0192410 -0.0366524 -0.2407971 0.0473098 0.1117772 -0.0583863 -0.0635087 -0.2146574 -0.2536236 -0.0292417 0.1234209 0.3118117 0.2864159 0.1859224 0.0726747 0.3405819 -0.2071003 0.0136962 -0.1629335 0.1517852 0.3683303 0.4256905 0.4552812 0.5222434 0.6062775 -0.2187405 0.4865580 0.1577843 -0.0606064 -0.1967697 -0.1878285 0.0074008 0.1795907 0.3851377 -0.0549651 -0.0772529 0.2566853 -0.2029907 -0.2867808 0.2224778 0.1060218 0.0497527 0.1812913 -0.0210368 0.5297918 -0.4337015 0.2127691 0.1921212 0.1348720 0.3795110 -0.2412217 0.6567030 0.5920303
