0.0000000 0.6814645 0.5328534 0.5823159 0.5616548 0.2022963 0.1887386 0.3759911 0.4763699 0.6256170 0.4872943 0.4227878 0.3085831 0.2061187 0.5136766 0.1110323 0.3619300 -0.2796079 -0.0148407 0.1751643 0.5402551 0.1130665 0.0143461 0.0198003 -0.0948266 -0.1199143 0.2704949 0.1619416 0.4738699 0.3730469 0.1103852 -0.1313932 -0.1113529 0.0503677 -0.0534326 0.2003900 -0.2970829 0.0271933 0.2815025 0.4651148 0.0984741 0.2472047 0.0497203 0.2877297 0.2330684 -0.0426335 -0.1843732 0.0132678 0.4516930 0.1973623 -0.1915595 0.2570448 0.3116985 0.2661100 -0.0454997 -0.0682402 -0.3154551 0.4083289 0.0668830 -0.2644098 -0.0253230 -0.2429302 -0.0637590 0.4123947 0.2395019 -0.3236239 -0.3737182 -0.1398829 -0.2196495 -0.2091000 -0.3420860 0.3679864 -0.3002374 0.3349076 -0.3375247 -0.1974877 0.2554918 -0.2185710 -0.1411663 0.2029717 0.2113568 0.2980910 0.3781990 0.0716271 0.1420951 0.3821948 0.0015069 0.2234034 0.4436150 0.4508633 -0.0135747 0.1192888 0.5303169 0.2135722 0.1430723 0.0108178 0.0424075 0.2488198 0.4369042 -0.0527545 0.0951254 0.4455839 0.5597354 0.4090211 0.0936064 -0.1734833 0.3633510 -0.3793195 0.2615051 -0.3299992 0.2162630 0.2638215 -0.0296374 -0.2565379 0.2423932 0.1955335 0.2129775 0.3001478 0.1333883 0.3419534 0.1358134 -0.2881494 0.3029919 -0.1846991 0.4516162 0.3905200 -0.5254770 0.2420724 0.4649587 -0.2479608 0.1486403 0.2730738 -0.2958004 0.1230549 -0.1750052 0.2136802 0.2376026 0.4769137 0.2147858 0.3781383 -0.2034010 0.4630838 -0.0409766 0.4215373 0.5192008 -0.0003369 0.3948556 0.3318311 -0.1246499 0.2199745 0.1253119 0.1101693 0.2467119 -0.2649246 -0.0122456 0.1824487 -0.1312306 -0.0337622 -0.0579273 -0.0592047 -0.2110582 0.0188382 0.1415762 0.0009509 -0.1688790 -0.1981621 -0.1128370 -0.0316558 -0.1774583 -0.1794063 -0.2162367 -0.2710223 0.3650512 0.1421065 0.1745833 0.1099464 0.4555844 0.2003543 0.5731840 0.6304399 0.5235621 0.4168529 0.1633642 0.1174387 -0.1941620 0.1220580 0.1155628 0.2509605 0.3006418 0.1878926 0.1865280 0.1863962 0.2489953 0.4517479 0.4059069 0.4045743 0.2087052 0.5944401 0.3596016 0.2870998 -0.1352115 -0.2256366 0.4907132 0.1051327 0.0309900 0.2770079 0.5387509 0.5288847 -0.2038636 0.1777439 0.3553535 -0.0617618 0.0072905 0.0222533 -0.0427849 -0.3043190 -0.0610966 -0.2487790
0.6814645 0.0000000 0.4093542 0.5622499 0.4389213 0.5616825 0.6238781 0.3645795 0.6361058 0.5815107 0.5061232 0.8447325 0.3156902 0.2190047 0.6902397 0.1549235 0.3090943 -0.0026968 -0.1279107 0.2117995 0.5067212 0.1189186 -0.1208616 0.1978328 -0.1718278 -0.1886627 -0.0244622 0.1232517 0.6008702 0.1017112 0.1461536 -0.1343625 -0.0223117 0.3659733 -0.1423508 0.1547382 -0.2842588 -0.0491191 -0.1129356 0.1653236 -0.0312388 0.5171806 -0.1126029 0.1901788 0.6628669 -0.2557055 -0.1808097 -0.0603043 0.4361997 -0.1132994 -0.1652306 -0.0436331 0.5988044 -0.0264612 -0.1281962 -0.2202417 -0.2574619 0.1810751 0.3606844 -0.2430521 0.4400583 -0.3289043 -0.1160453 0.2118570 0.4855601 -0.3261081 -0.3499475 -0.2577446 -0.1635851 -0.2623998 -0.4009716 0.2263326 -0.3988424 0.3314839 -0.3289118 -0.2160440 0.1559649 -0.3851801 -0.2899978 -0.0034018 -0.2796961 0.4756242 0.6905005 0.4809294 0.5015320 0.5604018 0.2195524 0.5530027 0.5037435 0.5542048 -0.1467699 -0.0368927 0.4156625 0.5176012 -0.0975729 -0.0643584 0.0326327 0.1571318 0.1780257 0.3507853 0.0186722 0.4992697 0.6971441 0.4812603 0.1001172 -0.2549401 0.4598663 0.0397821 0.2975503 0.1167814 0.1406125 0.4220674 0.0130520 -0.1395608 0.4688042 0.2907413 0.4261099 0.5446647 0.3744677 0.6317731 0.4798722 -0.0013764 0.1860650 -0.0628570 0.5813140 0.2244483 -0.3698126 0.2019619 0.3482576 -0.1198796 0.2666072 0.2554957 -0.0895516 0.0631113 0.0093351 0.2199718 0.3710008 0.4108531 0.3354652 0.2480206 -0.1107058 0.3968639 0.1095954 0.3263964 0.4913784 0.2127651 0.4653672 0.4390432 -0.0148227 0.2497784 0.2162727 0.4008720 0.4441687 -0.0506826 0.0779215 0.3772408 0.1956425 0.2087754 0.1466496 0.1631925 -0.1482509 0.2222702 0.2890622 0.1775369 0.0290695 0.1984905 0.3448033 0.2891202 0.2234932 0.0883083 -0.0262056 -0.0264369 0.6331077 0.1732549 0.6045537 0.2446175 0.3239930 0.3693699 0.3340073 0.5412876 0.6636632 0.5185967 0.2816497 0.3116676 0.3404962 0.4563715 0.5729302 0.4698652 0.2573197 -0.0707218 0.3181786 -0.1226145 -0.1863097 0.2821309 0.3515120 0.1254956 -0.0737863 0.2316676 -0.1082845 -0.0222699 -0.4611953 -0.3932398 0.1635215 -0.0346609 -0.3119285 -0.0687369 0.2381570 0.3631259 -0.3728867 -0.3526305 0.0018579 -0.2015340 -0.0570296 -0.3371505 -0.2021609 -0.2170408 -0.0073654 0.2109534
0.5328534 0.4093542 0.0000000 0.9115395 0.9664223 0.3974297 0.0368818 0.9153850 0.3416437 0.4652987 0.7738199 0.3802896 0.9197328 0.2626366 0.4380852 0.5442027 0.2925452 0.1758911 0.2765723 0.8374078 0.4357680 0.6258501 0.1736029 0.3421456 0.2442583 0.2545678 0.0749049 0.1617559 0.4142344 0.1599812 0.6399096 0.3018477 0.1155200 0.2387846 0.2621911 0.1686270 0.1297656 0.5321677 0.0771948 0.0099873 0.7238382 0.1330704 0.1853620 0.0084884 0.1181132 0.1490188 0.1298463 0.6701680 0.2712405 0.4112501 0.1695548 0.0876077 0.2124896 -0.0473770 0.5888602 0.3099935 0.0799103 0.2475726 -0.0286589 0.1655438 -0.0334502 -0.0273974 0.6453806 0.4580105 0.4441317 0.1011385 0.0028852 0.0992903 0.3350375 0.3675685 0.0243063 0.6877398 -0.0310758 0.7028494 0.1232707 0.4061804 0.7090924 -0.0633428 0.3016382 0.7698500 0.4428421 0.3815420 0.4090119 0.2688425 0.2047576 0.3960593 -0.1464731 0.2084305 0.4720030 0.3631885 0.1643162 0.1245225 0.3427678 0.3525085 0.3112817 0.1931040 0.2616297 0.3166507 0.4713539 0.0380952 0.3645368 0.3320451 0.2520788 0.5550631 0.2094365 0.0640243 0.2857451 0.0423825 0.0549581 -0.2041650 0.1551182 -0.0571028 -0.1129605 -0.2984532 -0.0910008 -0.0867701 -0.1163308 -0.0429821 -0.1678632 -0.0185871 0.1108149 -0.2048635 0.5674786 -0.0696164 0.4739837 0.2143121 0.0426366 0.3637746 0.3356334 0.3405689 0.4043868 0.3520566 0.3261366 -0.3745060 0.0321578 0.1979395 0.2453635 0.2683613 0.2006410 -0.1642997 0.1870975 0.0535841 0.6015858 -0.0128392 0.1721941 0.0085151 0.2541323 0.2108155 0.4277680 0.0022822 -0.1637962 0.0889468 0.2567657 0.1644233 0.2272003 0.0644781 0.1625626 0.1799752 0.5238818 -0.1510007 0.2117781 0.0826085 0.1715109 0.1020713 0.2832366 -0.0248934 0.0322880 0.3424760 0.0845348 -0.2047894 0.2922280 0.2464837 0.1844371 -0.2102038 -0.2453796 -0.2539852 0.2971304 -0.1113838 0.5671663 0.6582603 0.2777229 0.0518775 -0.0479224 -0.2418337 -0.0947202 0.6773110 0.3493122 0.7760693 0.7706174 0.1886178 -0.1830082 0.2681527 -0.0039327 0.2307345 0.0913830 0.0912348 -0.1308113 0.4187919 0.5569630 0.1084239 -0.2511229 -0.4722067 0.0307979 -0.4285837 0.3588609 0.4752322 0.3981081 0.3281544 -0.4192742 0.2865717 -0.0158023 -0.4279883 0.6382447 0.2708730 -0.2559172 0.1018135 -0.0451649 -0.1814007
0.5823159 0.5622499 0.9115395 0.0000000 0.8499988 0.4468364 0.1962294 0.9087200 0.4234301 0.5663914 0.9000784 0.5768009 0.8567179 0.2923028 0.4994259 0.5584593 0.3554656 0.0271604 0.2039748 0.7103717 0.6098678 0.4859684 0.1786311 0.3793873 0.1363786 0.1509521 0.0875897 0.2230432 0.5675024 0.1944776 0.5066215 0.1520576 0.1896935 0.4281347 0.1986731 0.3008942 -0.0640543 0.3977015 0.0311935 -0.0258613 0.5560498 0.3477779 0.1742090 0.1034987 0.3213383 0.0294938 -0.0088586 0.5084175 0.4005760 0.2693577 0.0190955 0.0182301 0.4578460 -0.1542517 0.3868522 0.1357521 -0.1294003 0.2107173 0.1825644 -0.0226489 0.1460200 -0.1832955 0.4307920 0.5351691 0.5800307 -0.1472671 -0.1795927 -0.0307213 0.1748601 0.2383427 -0.1953993 0.7547418 -0.2014571 0.7839653 -0.0525625 0.2539766 0.7715802 -0.2158152 0.0868715 0.6044944 0.2718876 0.5420727 0.4342012 0.2551647 0.2054420 0.3781778 0.0763017 0.3073647 0.4491562 0.4394248 0.0982378 0.1272893 0.4716582 0.3825921 0.2199673 0.1307476 0.1626764 0.3326093 0.4666774 0.0889675 0.3344528 0.3997310 0.3670584 0.5459142 0.1465085 -0.0083832 0.2461238 -0.0078265 0.1296770 -0.3236538 0.1477684 0.0073899 0.0522469 -0.1659570 0.1302167 0.1353904 0.1382041 0.1993807 0.1084239 0.1559985 0.2635108 -0.0399987 0.4395403 0.0120024 0.4768556 0.2396369 -0.0139445 0.3496953 0.3297399 0.2609517 0.3636665 0.3787099 0.2463128 -0.1968938 -0.0794187 0.1876782 0.2529965 0.2886919 0.1655395 0.0137384 -0.0255758 0.1866755 0.4673560 0.1283117 0.2581133 0.0287035 0.3212236 0.2897048 0.2524407 0.1030062 -0.0954906 0.2120073 0.3358561 0.0127691 0.1883738 0.1772327 0.1624094 0.1936749 0.3968028 -0.0649366 0.1048401 0.1043204 0.2075540 0.1004885 0.2155336 0.0169385 0.0105945 0.2835354 0.0632465 -0.1958496 0.1754622 0.1556389 0.3091708 0.0438975 0.0466207 -0.0330724 0.4509841 0.0996763 0.6066284 0.6809099 0.3781124 0.2396409 0.1424342 -0.0598375 0.0514206 0.7040101 0.5030858 0.8269603 0.7871538 0.2573598 0.0194833 0.2669545 -0.0005156 0.3341585 0.2249032 0.1259824 -0.0262930 0.4763147 0.4486068 0.1120443 -0.3800196 -0.4450143 0.1223599 -0.2787827 0.1396573 0.4889792 0.3769014 0.4098948 -0.5531822 0.1736655 -0.0051906 -0.3457307 0.4788582 0.2887431 -0.1764060 -0.0337085 -0.0636575 -0.0748387
0.5616548 0.4389213 0.9664223 0.8499988 0.0000000 0.3827462 0.0675316 0.8905688 0.2975279 0.4376046 0.6780979 0.3338933 0.9146308 0.3144698 0.3903027 0.4790738 0.3004502 0.1860346 0.2870842 0.8631083 0.3407574 0.6529791 0.1215446 0.3044348 0.2679947 0.2518980 0.1385618 0.2175680 0.2774631 0.2240812 0.6974228 0.3431020 0.1337871 0.1981631 0.2749958 0.0448399 0.1923884 0.5650655 0.0852093 0.0598191 0.7514024 0.0208095 0.1655860 0.0973949 0.0969273 0.1912574 0.1767349 0.6881791 0.3044295 0.4683543 0.2179736 0.0992023 0.1505125 -0.0154429 0.6178527 0.3594918 0.1493083 0.2133505 -0.1793415 0.2233572 -0.1233942 -0.0005197 0.6548344 0.3596708 0.3325341 0.1731245 0.0495534 0.0901612 0.3659691 0.3292377 0.0982725 0.5916173 0.0139058 0.6356936 0.1633058 0.3523115 0.6174128 -0.0018534 0.3382773 0.7375104 0.4441116 0.2311566 0.3840234 0.2686124 0.1932612 0.4034095 -0.2014903 0.1619690 0.4724978 0.3156140 0.1120651 0.0848525 0.2978441 0.3455978 0.2627232 0.1414218 0.2392368 0.2871044 0.4614344 0.0441650 0.2517778 0.3224330 0.2759203 0.5632348 0.2058269 -0.0053924 0.2672340 0.0517218 0.0312927 -0.1383739 0.1113673 -0.0878282 -0.0712705 -0.2790592 -0.0633501 -0.0413201 -0.0743021 -0.0176889 -0.1153937 -0.0056035 0.1665859 -0.1519664 0.5643234 -0.0701908 0.5077691 0.1361624 0.0481906 0.3888088 0.3302163 0.3462836 0.4490440 0.3841087 0.3351155 -0.3916839 0.0859888 0.2171432 0.2988108 0.2790704 0.2675145 -0.2169560 0.1953981 0.0373708 0.5557248 -0.0619746 0.2158320 0.0328362 0.3139504 0.2766616 0.3913274 -0.0090240 -0.2145758 0.0340323 0.2774079 0.1364171 0.2370628 0.0227210 0.0859864 0.1790284 0.4612804 -0.2715402 0.2043057 0.0412148 0.1646987 0.0017594 0.2652803 -0.0617999 0.0321302 0.3136615 0.0428044 -0.2825628 0.2397267 0.1828015 0.1804992 -0.2754501 -0.2257177 -0.2105958 0.2766120 -0.0929750 0.5312032 0.6195826 0.3036792 -0.0382121 -0.1928728 -0.3397418 -0.1797356 0.6598674 0.3446801 0.7676840 0.7244512 0.0882406 -0.2985249 0.2034352 0.0100447 0.1328941 0.0005580 0.0079797 -0.2592902 0.4221407 0.5010282 -0.0154662 -0.1937549 -0.5601667 -0.0751108 -0.4516379 0.3466103 0.3676372 0.3415189 0.3063176 -0.3308919 0.2135232 -0.1196029 -0.4606296 0.5976249 0.1542715 -0.3272809 0.1785710 -0.0687596 -0.2123013
0.2022963 0.5616825 0.3974297 0.4468364 0.3827462 0.0000000 0.5875330 0.3829344 0.6471650 0.4711604 0.5505369 0.6940476 0.3827905 0.4967377 0.5513006 0.1678264 0.4460403 0.3789737 -0.2218540 0.3620100 0.3244133 0.1493012 -0.0604737 0.4806176 -0.2442327 -0.1004911 0.0424969 0.3919112 0.4136111 0.2663989 0.2251677 -0.1630742 0.2157935 0.5973376 -0.0411354 0.0476198 -0.2175437 -0.0401307 -0.0445913 0.1773295 0.0933281 0.3421752 -0.0483209 0.2673127 0.6542601 -0.3861287 -0.1589262 0.0575762 0.4981073 -0.2368794 -0.1239473 0.0846425 0.5904237 -0.1016867 0.0007259 -0.2000938 -0.1516867 0.1572136 0.1352539 -0.1136464 0.3813540 -0.1673042 0.2445581 0.2973400 0.5151022 -0.1787843 -0.2130255 -0.1991975 0.0326785 -0.0589899 -0.3427045 0.3432608 -0.4217794 0.4432497 -0.2578235 -0.0838018 0.2755690 -0.4928163 -0.1832834 0.2359062 -0.0319022 0.4380811 0.4203724 0.2970935 0.2434468 0.3065220 0.0590331 0.1966376 0.1936695 0.0800203 -0.1018608 -0.1754998 -0.0956970 0.3683251 -0.0586151 -0.2250997 -0.0100752 -0.3539101 0.0040325 0.5045563 -0.0228733 0.1307581 0.2470149 0.3487982 -0.1681535 -0.3472993 0.1239378 0.0298394 -0.1063868 0.0899996 -0.1400108 -0.1161318 -0.1580685 -0.2345637 0.1854954 0.0731828 0.1920284 0.2304306 0.1794165 0.2291687 0.3634258 0.0351017 -0.1036848 -0.0452660 0.5340500 -0.0208870 -0.1331276 -0.2439067 0.2289892 0.0146740 0.3698025 -0.1125289 0.0961475 -0.3877422 -0.1717683 -0.1972727 0.1093575 0.2086996 0.2244998 -0.2736383 -0.2303564 -0.0790754 0.2020480 -0.1786581 0.0555583 -0.2005779 0.1028709 0.0200262 -0.0128490 -0.2259550 -0.1641718 -0.0857856 0.0773654 -0.1927692 0.0100636 -0.0381875 -0.0645442 -0.0974339 0.1606721 -0.1658457 -0.1174052 -0.0377634 -0.0751914 -0.1426330 -0.0068296 -0.0361764 -0.0246202 -0.0167392 -0.0081840 -0.1206805 -0.0085460 0.0388658 0.3614747 -0.1730821 0.2608928 -0.1555215 0.0571921 -0.0383675 0.1178149 0.3387843 0.3158053 0.0537282 -0.0044058 0.0415251 0.3131324 0.6079560 0.5682479 0.4997467 0.3877832 -0.0089940 -0.1375605 -0.1270204 -0.3436084 -0.0468166 -0.0065993 -0.0974492 -0.3544386 0.0844311 0.0757031 -0.2310351 -0.3025462 -0.4766267 -0.1246592 -0.3518916 -0.1492195 0.1563585 0.0747181 -0.2331146 -0.1835329 -0.1876711 -0.2531145 -0.4581731 0.2339929 -0.1209072 -0.2813574 0.2319289 0.2358109 0.2184298
0.1887386 0.6238781 0.0368818 0.1962294 0.0675316 0.5875330 0.0000000 0.1460027 0.2446471 0.0598540 0.1521190 0.7500762 0.1205022 -0.0244520 0.1296143 0.0622915 -0.0913529 -0.1448575 0.0247781 0.0876119 0.3060544 0.1422202 -0.2329624 -0.0099851 0.0258590 -0.0983972 -0.2253248 -0.1049904 0.3060869 -0.0918818 0.1926448 0.1035674 -0.1121694 0.2326727 -0.0545870 0.2085018 -0.1272335 -0.0089663 -0.2321579 -0.0245180 -0.1673387 0.5317849 -0.0750825 -0.0654549 0.5205205 -0.0756753 0.0276653 -0.1421519 0.0710343 -0.1349564 0.0709530 0.0177404 0.3769424 0.0395847 -0.1526206 -0.0582855 -0.0062806 0.0943237 0.4369431 0.0067311 0.4922357 0.1386226 -0.0155756 0.0462903 0.3437374 -0.0664889 0.0246475 0.1443937 0.0593953 0.0243705 -0.1063795 0.0051557 -0.0711168 0.2464039 -0.0843759 -0.1211260 -0.0423729 -0.1787814 -0.1616215 -0.1051265 -0.2492240 0.2399865 0.1983956 0.0515466 0.0793351 0.0373117 0.3150270 0.1332849 0.0495446 0.1331294 -0.0892296 -0.0811721 0.2368237 0.1749008 -0.3961780 -0.2345719 0.0268687 -0.2220202 -0.1668841 0.3028733 -0.1756847 0.2308289 0.0526486 0.1276655 0.0049799 -0.3218201 0.1114013 0.0331382 0.1924663 -0.0143850 -0.1092580 0.1729957 0.3054314 0.2291104 0.3536327 0.4472182 0.4316397 0.3467045 0.5098284 0.4857007 0.4481797 0.3677872 0.0744036 0.2843392 0.4234165 0.2332471 -0.0044209 0.1491126 0.2205999 -0.0470455 0.2588675 0.2278058 -0.0571450 0.0202012 0.0808520 0.2337518 0.1952997 0.3270735 0.3488658 0.2345408 -0.0755100 0.4054265 0.0201160 0.2794607 0.3372965 0.1327257 0.4201549 0.3608035 -0.0543538 0.2526093 0.2923010 0.3328591 0.4010868 -0.0538393 0.0779165 0.2863590 0.1322144 0.1403803 0.0991889 0.1111814 -0.1431826 0.2939408 0.1140415 0.0463578 0.0158737 0.2020786 0.1608913 0.1500513 0.1133313 0.1679980 -0.0701006 -0.0354373 0.3374149 0.2514768 0.5645820 0.1398279 0.0985795 0.3040427 0.0498308 0.1988542 0.3478530 0.2999986 0.3782752 0.3644152 0.4383214 0.3593794 0.4363547 0.2738089 0.0408917 -0.1887473 0.2811519 -0.1690890 -0.2256480 0.3402852 0.4091207 0.2035847 -0.0565184 -0.0424177 -0.1329668 0.0428744 -0.5028338 -0.3298382 -0.0307005 -0.0345578 -0.6799474 -0.2852505 0.0995448 0.1896156 -0.4532731 -0.4210083 -0.0139218 -0.0056334 -0.3582023 -0.3081250 -0.1075277 0.0949125 -0.1476241 0.1797598
0.3759911 0.3645795 0.9153850 0.9087200 0.8905688 0.3829344 0.1460027 0.0000000 0.1573173 0.3129942 0.7359313 0.4292405 0.9842231 0.2495902 0.3429300 0.6304869 0.1958281 0.1528418 0.4374565 0.8681990 0.3225774 0.7478614 0.2197903 0.4270059 0.3978015 0.3658450 0.0519872 0.2047672 0.2865298 0.1538714 0.7673909 0.4352261 0.2828604 0.3901260 0.3889158 0.0609921 0.2577402 0.6837628 0.0263824 -0.1138737 0.8106550 0.1219329 0.2772617 0.0094448 0.1772166 0.2846545 0.2735074 0.7802165 0.2208822 0.4942754 0.3189034 0.0308510 0.2313975 -0.1554536 0.6956983 0.4306994 0.2044328 0.0831683 0.0181955 0.3154786 0.0416992 0.0798847 0.7308369 0.2895742 0.4108804 0.2123865 0.1622240 0.1982091 0.5027635 0.4728376 0.1478132 0.6111735 0.1106426 0.6929232 0.2826739 0.4952947 0.6923865 0.0178177 0.3471762 0.7396186 0.3285836 0.4258282 0.3124237 0.1899477 0.0937156 0.3184881 -0.0505164 0.1308339 0.3911518 0.3293345 0.1886666 0.1663430 0.3881585 0.3177315 0.2284221 0.2099362 0.3005077 0.3533278 0.4598456 0.0698828 0.3480030 0.3701763 0.1841613 0.5572025 0.2698886 0.1087995 0.2504832 0.1860445 0.1135163 -0.2323676 0.1494943 -0.0787900 0.0241698 -0.1571135 -0.0801028 -0.0125573 -0.0717043 -0.0425046 -0.0790772 0.0039894 0.1741654 -0.0328835 0.5988846 0.0288053 0.5108284 0.1916035 0.2291316 0.4869811 0.3647045 0.4815784 0.5081524 0.4653728 0.4902694 -0.3926406 0.0901031 0.2954578 0.3384202 0.3365219 0.3104754 -0.1549344 0.2370713 0.1204787 0.6645248 -0.0185323 0.2473440 0.1180048 0.3920093 0.3596768 0.4707300 0.1072000 -0.0948261 0.1920170 0.4121508 0.2131608 0.3664012 0.1242475 0.2531896 0.3425262 0.5619910 -0.1048346 0.3577585 0.1996230 0.2195980 0.1317909 0.4362463 0.0945805 0.0357192 0.3699889 0.1390494 -0.1706826 0.3895639 0.3404711 0.2122211 -0.1675462 -0.2142036 -0.2845942 0.1825685 -0.1629355 0.4164957 0.5135975 0.1712132 -0.0518928 -0.0862583 -0.3079695 0.0134005 0.7767829 0.5116307 0.8496521 0.7839812 0.1016153 -0.2030397 0.2048151 -0.1483614 0.1752976 0.0642003 -0.0596943 -0.2602487 0.2890005 0.4453688 0.0330186 -0.3246612 -0.5608078 -0.1525285 -0.5046882 0.2030409 0.4302895 0.3673806 0.2521586 -0.4515300 0.1614548 -0.0998324 -0.5115546 0.6090531 0.2903718 -0.3489135 0.2550142 -0.1387493 -0.2188936
0.4763699 0.6361058 0.3416437 0.4234301 0.2975279 0.6471650 0.2446471 0.1573173 0.0000000 0.8854408 0.6683976 0.5647814 0.1042244 0.6125273 0.7183465 0.1530584 0.7624631 0.2547484 -0.3289002 -0.0052830 0.5047772 -0.1761394 0.1438418 0.4404083 -0.4270056 -0.2642135 0.3374448 0.3837373 0.6528253 0.4315773 -0.1438658 -0.4756895 0.1032066 0.5197858 -0.1125012 0.2814392 -0.4800124 -0.3216179 0.2369769 0.4380305 -0.1731376 0.4213435 0.0454574 0.3820521 0.5239843 -0.4611355 -0.3273528 -0.2171303 0.6883458 -0.2737089 -0.3493761 0.2167221 0.6817097 0.0817140 -0.2736615 -0.3915080 -0.4215708 0.3918106 0.2378572 -0.4087081 0.2709985 -0.4700584 -0.2192717 0.4049678 0.4044253 -0.4898788 -0.5203668 -0.4183190 -0.3575931 -0.4131216 -0.5944276 0.2953883 -0.6296929 0.2302665 -0.5413146 -0.3385641 0.1697187 -0.5865951 -0.4575598 0.0076344 -0.1511669 0.4652232 0.5844904 0.4494048 0.4681989 0.4427757 0.0082955 0.4406771 0.3223407 0.2677070 -0.2492644 -0.2577787 -0.0533880 0.4225764 0.0088636 -0.2561924 -0.2579528 -0.2795110 -0.0110056 0.3685449 -0.0603345 0.0552688 0.5884777 0.2625318 -0.2891572 -0.4056296 0.2130869 -0.2450130 -0.0660287 0.2160715 -0.1066960 0.1867023 -0.1802615 -0.2664402 0.4561254 0.1823866 0.3879838 0.5146402 0.2329880 0.4833641 0.3475737 -0.2153680 -0.1950441 -0.2310669 0.3422016 0.0013878 -0.6101095 -0.2693127 0.0814897 -0.3314103 -0.0344415 -0.1835807 -0.3039673 0.0237117 -0.2700171 -0.2215049 0.0624554 0.0922444 -0.0405411 -0.0049911 -0.3624462 -0.0057808 -0.1847224 0.0917940 0.1667078 -0.1914243 -0.0155957 -0.0703844 -0.2640888 -0.2154981 -0.1847673 0.0319634 -0.0660063 -0.2990004 -0.2158835 0.1047230 -0.2093724 -0.1471595 -0.1992118 -0.0337580 -0.3610100 -0.2043514 0.0081197 -0.0668653 -0.2733647 -0.0070418 0.1077061 -0.1524533 -0.1236374 -0.1069566 -0.2236491 -0.2447914 0.5371984 0.1513663 0.4163581 0.1787492 0.3682222 0.3157662 0.3396620 0.5332852 0.5949508 0.4340011 0.2304936 0.3151356 0.1677724 0.1472688 0.2466261 0.1915124 0.1711534 0.1332464 0.2309194 0.0188517 -0.0439635 0.0882663 0.1227748 0.1013783 -0.0280349 0.2419871 0.0432675 -0.1249786 -0.3665040 -0.1179997 0.3474349 0.0449552 0.1571473 0.3080755 0.0856484 0.0543716 -0.2615090 -0.0807704 0.0348204 -0.1413078 0.1594889 -0.0030173 0.0046434 -0.1974486 0.5440979 0.5327181
0.6256170 0.5815107 0.4652987 0.5663914 0.4376046 0.4711604 0.0598540 0.3129942 0.8854408 0.0000000 0.7777477 0.4268116 0.2466192 0.7219448 0.6515040 0.2218254 0.8738012 0.1691174 -0.2255948 0.0951474 0.5534696 -0.0280692 0.3023323 0.4359500 -0.3352536 -0.1648551 0.5620232 0.5086923 0.5693489 0.5972480 -0.0024600 -0.4141710 0.2149072 0.5048543 0.0112482 0.2986319 -0.4872443 -0.1665053 0.3753529 0.4814357 0.0178460 0.2951571 0.1592438 0.5513732 0.3737926 -0.3620531 -0.3396677 -0.0488819 0.8199993 -0.0882511 -0.3498470 0.1996438 0.6302938 0.0394093 -0.1189607 -0.2976294 -0.4592230 0.3788443 0.0852242 -0.3939528 0.0574454 -0.5703127 -0.1417176 0.4817391 0.2838515 -0.5014897 -0.5515318 -0.4508822 -0.3302248 -0.3483652 -0.5501856 0.3922872 -0.5884260 0.2992934 -0.5033382 -0.2993938 0.3036426 -0.5057051 -0.3678789 0.1169629 -0.0101222 0.4416836 0.4380044 0.2726990 0.2567210 0.3300983 -0.1060345 0.3026556 0.2662624 0.2106911 -0.2349891 -0.1641392 0.0860415 0.3692227 0.1215966 -0.1927333 -0.2909262 -0.0533388 0.2073362 0.1852243 0.0582128 0.0767803 0.6190013 0.3437889 -0.2699841 -0.3732835 0.0796296 -0.3215859 -0.0990015 0.0470448 -0.0349497 0.0476282 -0.0008602 -0.1155485 0.4937532 0.2785527 0.4277101 0.5638367 0.2893419 0.3727767 0.3829328 -0.0978189 -0.0698968 -0.0765276 0.3309525 -0.0093740 -0.4884080 -0.1410712 0.1088288 -0.2527034 0.0092807 -0.1430893 -0.2860198 -0.0299320 -0.3787131 -0.2127051 0.0265535 0.1347239 -0.0560217 -0.0285307 -0.4031235 -0.0149420 -0.1912877 0.0356811 0.2385298 -0.2374713 0.0453780 -0.0397108 -0.2844728 -0.2677801 -0.3404971 -0.0569949 -0.1009898 -0.3585153 -0.2998623 0.1195161 -0.2857446 -0.1608285 -0.2380681 -0.1650480 -0.3826059 -0.3612526 0.0078005 -0.1251264 -0.3428099 -0.0684853 -0.0242372 -0.1973029 -0.2971379 -0.3775814 -0.2474244 -0.3263858 0.4697338 0.2362898 0.3183297 0.2162370 0.4966281 0.2573497 0.5361678 0.6145065 0.5044607 0.3750545 0.1221207 0.1495115 -0.0591798 0.1319152 0.1739513 0.2421794 0.2929187 0.2278947 0.1191096 0.1143600 0.1100830 0.1392357 0.0787542 0.1309266 -0.0097535 0.4036618 0.1647764 -0.1426118 -0.2596394 -0.0532706 0.4062563 0.0760282 0.3500588 0.4250575 0.1603475 0.1761532 -0.2645106 0.0867366 0.0570300 -0.1384279 0.2649428 0.1808840 -0.0078251 -0.0906894 0.6034042 0.4206102
0.4872943 0.5061232 0.7738199 0.9000784 0.6780979 0.5505369 0.1521190 0.7359313 0.6683976 0.7777477 0.0000000 0.5353567 0.6668636 0.5473902 0.5748234 0.5791277 0.6531107 0.1494025 0.0750191 0.5130523 0.6098421 0.2997572 0.3690014 0.5295052 -0.0220618 0.1146751 0.3342196 0.4110505 0.6022214 0.4110494 0.3218531 -0.0677656 0.2942688 0.5817722 0.2335564 0.3623014 -0.2258471 0.1956054 0.2269358 0.1288873 0.3773603 0.3489119 0.2944515 0.2909769 0.3365493 -0.1189618 -0.1139433 0.3332872 0.5975424 0.1274941 -0.0983800 0.1379193 0.5734593 -0.1231380 0.2154726 -0.0199201 -0.2593002 0.2845245 0.1706706 -0.1451663 0.1118619 -0.3240899 0.2538133 0.5608538 0.5077680 -0.3015673 -0.3053744 -0.1662383 0.0061460 0.0682363 -0.3481429 0.6865533 -0.3637082 0.6511572 -0.2226830 0.0951931 0.6743206 -0.3800327 -0.1264251 0.4331077 0.1446109 0.5649787 0.4052018 0.2272303 0.1807556 0.2919083 0.0206429 0.2697858 0.3013735 0.2762451 -0.0292710 -0.0268507 0.2781016 0.3285433 0.1582320 -0.0241408 -0.0482299 0.1167596 0.2688101 0.0844401 0.2095050 0.1981353 0.4093163 0.3832348 -0.0734901 -0.1628510 0.1108065 -0.1066087 -0.0072638 -0.1952760 0.0003924 -0.0212481 0.0686536 -0.0852269 0.3114981 0.2220674 0.2979439 0.3784312 0.2281766 0.2555751 0.3884301 0.0125198 0.2069113 0.0525922 0.4254171 0.1679536 -0.1238147 0.1258434 0.2088404 0.1451322 0.2492575 0.1457816 0.1232697 -0.1293745 -0.2099212 -0.0114050 0.1471901 0.1645480 0.0274207 -0.0541759 -0.2006955 0.0519385 0.2200962 0.0661152 0.1974333 -0.1097573 0.1513068 0.0991487 0.0572688 -0.0837717 -0.2485352 0.1339085 0.1308251 -0.1277009 0.0087714 0.1832053 -0.0107916 0.0748587 0.1469075 -0.0773242 -0.0470345 -0.0789833 0.1491508 0.0162438 0.0318514 0.0505260 -0.0133793 0.0652474 -0.0872527 -0.2544239 0.0532597 0.0123704 0.3108148 0.1372851 0.1429438 0.0539742 0.4741615 0.1828943 0.5657699 0.6527923 0.3953616 0.2515896 0.1598347 -0.0027891 0.0044824 0.5135635 0.3635797 0.6331106 0.6293609 0.2423304 0.0686893 0.2120724 -0.0067328 0.2408027 0.1781925 0.1268514 0.0066534 0.4003253 0.3451975 0.0342664 -0.3938437 -0.2373189 0.2228184 -0.1626238 0.2545241 0.5499499 0.2660450 0.2379698 -0.5353355 0.1474140 0.0006478 -0.2704068 0.4373557 0.3480771 -0.0737811 -0.0511913 0.2519870 0.2126803
0.4227878 0.8447325 0.3802896 0.5768009 0.3338933 0.6940476 0.7500762 0.4292405 0.5647814 0.4268116 0.5353567 0.0000000 0.3670038 0.1006443 0.5836001 0.2143221 0.1624806 -0.0423887 -0.0557814 0.2306715 0.6029527 0.1720858 -0.1370095 0.2304942 -0.1053798 -0.1630600 -0.2327465 0.0016316 0.7500761 -0.0398628 0.1868205 -0.0597891 -0.0276410 0.5222290 -0.1476359 0.2860542 -0.2684138 0.0145315 -0.2238008 0.0662775 -0.0153093 0.7490300 -0.1226500 0.0196726 0.8202057 -0.2556518 -0.1372303 -0.0066163 0.3572882 -0.1785672 -0.1262614 -0.0707565 0.7655942 -0.0589797 -0.0787946 -0.1834669 -0.2119855 0.2421435 0.6463442 -0.1994842 0.7452889 -0.1551836 0.0437952 0.3558668 0.7445174 -0.2714826 -0.2526100 -0.0757432 0.0035730 0.0019917 -0.3763208 0.3635831 -0.3384092 0.5177877 -0.2289385 -0.0029504 0.3162040 -0.3566175 -0.1570854 0.1815535 -0.1527928 0.6750396 0.5490825 0.3784958 0.3753271 0.4037866 0.3036712 0.4659652 0.3629455 0.4754364 -0.1015076 -0.0521732 0.3081481 0.4886715 -0.1629540 -0.1145020 0.0348340 -0.0333054 0.1176453 0.5138524 0.1138616 0.3914126 0.3652407 0.4680467 0.0276354 -0.2281289 0.3512964 0.0327600 0.2241943 -0.0652951 0.0588219 0.2546643 -0.0108102 -0.1372910 0.3081735 0.2262465 0.2935461 0.3597388 0.2835348 0.5017166 0.2938158 -0.0186190 0.1099793 -0.0485149 0.5089390 0.2335542 -0.2634332 0.1270171 0.3436657 -0.1140921 0.2380632 0.2271424 -0.0703784 -0.0193700 -0.0742882 0.1867017 0.2665945 0.4052036 0.3140503 0.2672012 -0.1053049 0.4029397 0.2423256 0.3302764 0.3657799 0.1410310 0.3984230 0.3598419 0.0435957 0.2493134 0.2943532 0.4004867 0.4467545 -0.0187292 0.1124562 0.3281045 0.2480284 0.1834122 0.2784866 0.2031772 -0.1126886 0.2852672 0.1712500 0.1655740 0.1003363 0.1800367 0.2059473 0.2856264 0.2147616 0.1357602 0.0575753 0.1016237 0.6497185 0.2284822 0.5128352 0.0688203 0.2726123 0.2446779 0.2744464 0.4854392 0.4997250 0.5083020 0.4745400 0.4327962 0.6417597 0.6446019 0.7670915 0.5586900 0.4030686 0.1543082 0.3848407 0.0711623 -0.2150788 0.3776561 0.4074614 0.1267209 -0.0330151 0.2288157 0.0797500 0.0541854 -0.5580268 -0.4522119 0.1296336 -0.1383424 -0.4770671 0.0658955 0.2759476 0.3102834 -0.4898551 -0.2347790 0.0261607 -0.2171968 -0.0136917 -0.0983251 -0.0823228 -0.0587010 -0.0261454 0.1930076
0.3085831 0.3156902 0.9197328 0.8567179 0.9146308 0.3827905 0.1205022 0.9842231 0.1042244 0.2466192 0.6668636 0.3670038 0.0000000 0.2266805 0.2926925 0.6093395 0.1569066 0.2072340 0.4393070 0.9339590 0.2490939 0.7912587 0.1963925 0.3776944 0.4247059 0.4007565 0.0220825 0.1705630 0.2119277 0.1102940 0.8219990 0.4902220 0.2399840 0.3155871 0.3954107 0.0052668 0.3260925 0.7190645 -0.0053841 -0.1355767 0.8560432 0.0511711 0.2492114 -0.0164687 0.1335473 0.2967727 0.3055872 0.8270009 0.1724683 0.5098030 0.3622658 0.0152352 0.1565904 -0.1450944 0.7529624 0.4696645 0.2760669 0.0785437 -0.0684973 0.3774029 0.0022699 0.1300853 0.7975821 0.2581373 0.3788304 0.2969459 0.2268427 0.2319540 0.5525102 0.5265292 0.2336715 0.5796946 0.1695567 0.6710678 0.3442302 0.5517469 0.6702007 0.0866167 0.4423166 0.7845155 0.3756391 0.3225939 0.2790392 0.1942823 0.0802120 0.2896946 -0.1342576 0.0827301 0.3570641 0.2540352 0.1745965 0.1323235 0.3090258 0.2948513 0.2125999 0.1993041 0.3051642 0.3322456 0.4151641 0.0573930 0.3197170 0.3156355 0.1174936 0.5298841 0.2701089 0.1020494 0.2126986 0.2375277 0.0542324 -0.1733885 0.1118747 -0.1385591 0.0055183 -0.1544555 -0.1353896 -0.0625271 -0.1318695 -0.1048710 -0.1305662 -0.0601170 0.1625082 -0.0148547 0.6137525 0.0456520 0.4970362 0.1427946 0.3073128 0.4803138 0.3319628 0.5371195 0.5390087 0.4525825 0.5459074 -0.4528631 0.1523475 0.2883899 0.3342858 0.2893630 0.3248453 -0.2410537 0.3097415 0.0454775 0.7093323 -0.0976361 0.1910799 0.1271386 0.3595323 0.3321419 0.5303319 0.0629454 -0.1426499 0.1420769 0.3828860 0.2785099 0.3718551 0.0883143 0.2525554 0.3381167 0.6086678 -0.1674630 0.3867510 0.1786798 0.2162091 0.0938873 0.4606622 0.0881052 0.0618242 0.4168407 0.1558410 -0.1960579 0.4272113 0.3818895 0.1500593 -0.2552748 -0.2788132 -0.3150535 0.1356568 -0.2029812 0.3862149 0.4757247 0.1176623 -0.1450424 -0.1702778 -0.3865256 -0.0232686 0.7965578 0.4809592 0.8493737 0.7754666 0.0575025 -0.2923206 0.1942949 -0.1454529 0.1081417 -0.0060925 -0.1014449 -0.3172005 0.2605961 0.4484107 -0.0183019 -0.2541637 -0.5677299 -0.2310482 -0.5528045 0.2396370 0.3561569 0.3209132 0.2172827 -0.3895267 0.1656576 -0.1722256 -0.5171819 0.6365743 0.2477588 -0.3597659 0.3243904 -0.1400282 -0.2227959
0.2061187 0.2190047 0.2626366 0.2923028 0.3144698 0.4967377 -0.0244520 0.2495902 0.6125273 0.7219448 0.5473902 0.1006443 0.2266805 0.0000000 0.4343575 0.2319692 0.8899808 0.5464134 -0.0903528 0.1423131 0.1073964 0.0871152 0.3589689 0.7309317 -0.1524267 0.0381989 0.7611067 0.8962389 0.0283818 0.8048619 0.1618048 -0.2046070 0.6886012 0.6919257 0.2254009 -0.0802468 -0.1500708 0.0238261 0.4138553 0.3734263 0.2106437 -0.1926484 0.2728274 0.7602023 0.1308159 -0.1681800 -0.0961573 0.1680406 0.8222717 0.0622583 -0.1295381 0.1556538 0.3610161 -0.1505396 0.1301785 -0.0367294 -0.1331184 0.0059893 -0.3759640 -0.1050980 -0.2811075 -0.4431596 0.1129461 0.0861676 -0.1480360 -0.1482629 -0.2796940 -0.4154178 -0.0154278 -0.2424683 -0.2358752 0.0926106 -0.3588761 0.0724641 -0.1845571 -0.2386332 0.1114237 -0.3457012 -0.2591242 0.0744448 -0.0300957 0.1627337 0.2006585 0.1612411 0.0730097 0.1873184 -0.2460383 0.0421570 0.0616621 -0.1463728 -0.2193494 -0.2343711 -0.2137215 0.2605299 0.0600178 -0.2521539 -0.2799358 -0.2124934 0.0294833 0.1940345 -0.1102038 -0.0968740 0.4416143 0.2318003 -0.3383153 -0.3707229 -0.1427062 -0.1363874 -0.3237475 0.2467987 -0.2420913 -0.2781037 0.1243892 0.0578889 0.4397503 0.2729144 0.4019160 0.4735084 0.3167255 0.2097647 0.5186922 0.1556382 -0.1572111 0.0909462 0.3248902 -0.2599600 -0.1337268 -0.2204770 -0.0104447 0.0798164 0.1884751 -0.2754977 0.0358915 -0.2441877 -0.2914066 -0.3280020 0.0809301 0.0220794 0.0363350 -0.4262097 -0.2971280 -0.3132597 -0.1328016 -0.3287713 0.1293158 -0.3241185 0.0095454 -0.0739186 -0.1913738 -0.4798455 -0.5589414 -0.2470650 -0.2180803 -0.2974539 -0.2129651 -0.0784862 -0.3794845 -0.1208720 -0.2835380 -0.3600522 -0.1536806 -0.4813559 -0.1296632 -0.2696570 -0.2151976 0.0186945 -0.0681988 -0.3232856 -0.3553637 -0.4940015 -0.1064388 -0.2370929 0.1958022 -0.0999749 0.1361822 0.1070854 0.2027573 0.0341879 0.2301094 0.2904489 0.3063090 -0.1679936 -0.4020473 -0.3003352 -0.2758831 0.0924771 0.1252438 0.1891291 0.1742954 -0.0397962 -0.3509443 -0.1112062 -0.0588626 -0.3443424 -0.3598977 -0.2585206 -0.3645282 0.1552439 -0.0075677 -0.4494618 -0.1143776 -0.1161862 -0.0295287 -0.0555013 0.5073479 0.4186717 -0.0165577 -0.3131567 -0.0431920 0.0138984 -0.2552654 -0.3684300 0.3941050 0.1575186 -0.2382061 0.3286969 0.6315026 0.3609701
0.5136766 0.6902397 0.4380852 0.4994259 0.3903027 0.5513006 0.1296143 0.3429300 0.7183465 0.6515040 0.5748234 0.5836001 0.2926925 0.4343575 0.0000000 0.1839701 0.5338430 0.4011543 -0.2522477 0.1721244 0.2611713 0.0122333 0.0792235 0.5384813 -0.3286836 -0.1641620 0.1505937 0.4105928 0.5091573 0.3227512 0.0021235 -0.3653603 0.2546445 0.5058696 -0.1461886 -0.1650410 -0.3319723 -0.1227460 0.1617247 0.2488598 0.0436469 0.1804458 -0.0061442 0.3045906 0.5571082 -0.3694844 -0.3075443 0.0161972 0.5081683 -0.1378370 -0.2987370 0.0696790 0.5470045 -0.0880900 -0.0525079 -0.3077024 -0.3611234 0.1243145 0.1296069 -0.3273678 0.2638175 -0.4292800 -0.0148960 0.2068692 0.4384954 -0.3756282 -0.4306612 -0.3803611 -0.2356312 -0.3781574 -0.4850364 0.3041619 -0.5064965 0.2578152 -0.4140331 -0.1198814 0.2549968 -0.5207173 -0.3191818 0.1416362 -0.1893589 0.5458113 0.7970558 0.5425413 0.5250081 0.7416295 0.1507950 0.4954712 0.6192216 0.5406005 0.1452452 0.1828694 0.3104368 0.4470350 0.2741511 0.2384184 0.2363275 0.2567938 0.1552338 0.2639312 0.1939346 0.5621195 0.7948364 0.4155392 0.2639503 0.0763680 0.6469656 0.2611433 0.3763009 0.2322983 0.3344870 0.4344633 -0.4195226 -0.4345354 0.1356396 -0.2144695 0.0028708 0.2238570 -0.0942991 0.4132787 0.2254109 -0.3642576 0.2367182 -0.2731011 0.6294898 0.2171867 -0.3560045 0.1299885 0.4971779 0.0959724 0.4115035 0.1678281 0.1719380 -0.0231142 0.0988437 0.1811242 0.5019917 0.5308639 0.4365204 0.0904019 0.0868436 0.2822107 0.2823981 0.2144021 0.4748671 0.2564977 0.4166831 0.3791141 0.2564936 0.1953349 0.2510314 0.3396697 0.3977820 0.1539140 0.2949251 0.3825449 0.2688029 0.3299785 0.2373298 0.2962852 0.2134632 0.2821791 0.4131059 0.3128028 0.2900461 0.3134835 0.4106413 0.3144047 0.3715344 0.2446029 0.3315968 0.3283184 0.4456191 -0.2426546 0.1684022 -0.1093484 0.0018775 -0.0331939 0.0850291 0.3036125 0.3486408 0.1651570 -0.0567776 -0.0303146 0.1652878 0.3606372 0.4743739 0.3570079 0.3366626 0.0314463 0.0759313 -0.1177956 -0.3447209 -0.0835800 0.1038109 -0.1389613 -0.1217426 0.1948876 0.0006050 0.0159445 -0.1218943 -0.2416003 0.2593016 -0.1565204 0.0870200 0.3091166 0.4394070 0.0963154 -0.0078899 -0.0248926 0.2021443 -0.4311942 0.2902864 -0.1016328 -0.2853783 -0.1732056 0.1604342 0.1373961
0.1110323 0.1549235 0.5442027 0.5584593 0.4790738 0.1678264 0.0622915 0.6304869 0.1530584 0.2218254 0.5791277 0.2143221 0.6093395 0.2319692 0.1839701 0.0000000 0.3137323 0.0093378 0.7771075 0.5945884 0.0564031 0.6992339 0.7826929 0.3489788 0.7180622 0.8418636 0.3345687 0.1295542 0.1446837 0.2992242 0.6752318 0.5762596 0.1584817 0.3545050 0.8424962 0.1064433 0.5303090 0.7167601 0.4108447 0.1437060 0.6435371 0.1124034 0.8056115 0.0939356 0.0243482 0.6224705 0.6513159 0.6807930 0.1556307 0.7039360 0.6508097 0.3985603 0.1373584 0.2284938 0.6317456 0.6492525 0.4864850 0.3297635 0.0624809 0.5853285 0.0002441 0.3567655 0.4888708 -0.0861207 0.0545768 0.4032185 0.4758253 0.5312677 0.5462839 0.5622001 0.4417854 0.0823550 0.4753395 0.1065676 0.5151649 0.6858841 0.1883891 0.3880170 0.4203264 0.4025999 0.0367694 0.2543878 -0.0167106 -0.0964534 -0.1387491 -0.0920329 -0.4415308 -0.1025910 -0.1523488 -0.0953503 -0.2847097 -0.3581668 0.1201918 -0.0952197 -0.3628090 -0.2331515 -0.1717946 0.0666956 -0.2213573 -0.3081519 -0.1652124 -0.1342627 0.0534517 -0.0516102 -0.0849971 -0.2435123 0.0121261 0.0687737 -0.1328331 -0.0566652 -0.3609229 0.0866766 0.2370158 0.1879822 0.3023122 0.2453129 0.2197601 0.2504410 0.1032669 0.4454761 0.4036286 0.0630007 0.3892481 0.0732650 0.4122371 0.4417068 0.1762828 0.4880894 0.2371070 0.4344797 0.3193763 0.3781554 0.4244729 0.1243087 0.2031761 0.3897711 0.4494818 0.0686610 0.1934107 0.1112401 0.3101704 0.1674403 0.2594034 0.2699589 0.3455293 0.2819407 0.2107950 0.2642298 0.3107047 0.2233756 -0.0183226 0.4683450 0.2852676 0.3306664 0.3213352 0.4027041 0.1485478 0.4847304 0.1781261 0.0773169 0.3569077 0.2210957 0.3830571 0.1154205 0.3885625 0.3794141 0.1182239 0.1741670 -0.0077793 -0.0558870 0.3333952 0.1990047 0.1644957 0.1139925 -0.1517978 -0.0566894 0.1573754 0.1817955 0.2205376 0.4054250 0.2248310 -0.0659728 0.0609975 -0.2579994 -0.1447116 0.2817462 0.0563699 0.3058081 0.1507327 -0.2718374 0.2190718 0.2335968 -0.0386160 0.2379208 0.3375539 0.1626926 0.0690336 -0.0193776 0.1712402 0.2659562 -0.3521019 0.0139672 -0.0449275 -0.0943848 0.2302334 0.1638550 0.3063627 0.0919185 -0.4384126 -0.0116000 0.0148883 -0.0290990 0.2132551 0.3372763 0.1301616 0.0100442 0.0104672 0.0591182
0.3619300 0.3090943 0.2925452 0.3554656 0.3004502 0.4460403 -0.0913529 0.1958281 0.7624631 0.8738012 0.6531107 0.1624806 0.1569066 0.8899808 0.5338430 0.3137323 0.0000000 0.2851919 -0.1180581 0.0959852 0.2121854 -0.0156396 0.5339341 0.5165579 -0.2205086 0.0647395 0.8173791 0.7241284 0.2243293 0.8405398 0.0407160 -0.3554165 0.3789036 0.5494924 0.2501763 0.0131541 -0.2871037 -0.0892720 0.6053827 0.5967494 0.0872758 -0.0243959 0.3928804 0.7636022 0.2457531 -0.2221089 -0.1704725 0.0309205 0.8645901 0.0489064 -0.1868339 0.3771738 0.4871811 0.1233492 -0.0262997 -0.1564482 -0.2767079 0.3461991 -0.2426936 -0.2022601 -0.1621989 -0.4177958 -0.0764374 0.2555840 0.0191401 -0.3230411 -0.3528808 -0.3566898 -0.2251039 -0.3078605 -0.3447499 0.1848195 -0.4162247 0.0633188 -0.3541437 -0.2202614 0.1354048 -0.3429043 -0.2630140 0.0560623 -0.0097260 0.1729166 0.1824187 0.0762360 0.0232678 0.1249414 -0.3199942 0.0000626 -0.0084691 -0.1461440 -0.3524586 -0.3344054 -0.1886125 0.0963700 -0.0322486 -0.3420798 -0.4277471 -0.2405887 -0.0741903 0.0107585 -0.2363573 -0.1778435 0.4731464 0.0586494 -0.3943149 -0.4767259 -0.1095778 -0.2553735 -0.2696985 0.1333485 -0.2729643 -0.1023679 0.0186879 -0.0250529 0.4865580 0.2525715 0.4184701 0.5273018 0.2878154 0.3365970 0.4470728 -0.0029904 -0.2035626 -0.0600261 0.3177461 -0.0911095 -0.3480549 -0.2010567 0.0649293 -0.1081120 0.0993426 -0.1991971 -0.1118697 0.0127772 -0.2816995 -0.2555589 0.1071683 0.0236515 -0.0161806 -0.1765861 -0.3677860 -0.1621896 -0.3117984 -0.0939317 0.2037291 -0.2138967 -0.0278758 -0.0785609 -0.3171443 -0.3356224 -0.4714505 -0.1651304 -0.1910875 -0.3489022 -0.2235546 0.0672533 -0.4584072 -0.1298574 -0.4256078 -0.3159688 -0.2428820 -0.4364760 0.0283261 -0.3294123 -0.2830034 -0.0456624 -0.1131403 -0.3753944 -0.4217492 -0.4710392 -0.2259950 -0.3233473 0.2572289 0.0561124 0.1527464 0.1783913 0.3078428 0.1910620 0.2748307 0.3533265 0.3109050 -0.0168770 -0.2140743 -0.1854922 -0.3074145 -0.0125358 0.0070327 0.0622143 0.1130533 0.0205085 -0.1023926 0.0394626 0.0819846 -0.1756815 -0.1175712 -0.0710399 -0.1507541 0.2687574 0.0662324 -0.2754454 -0.0246602 0.0372502 0.2004510 0.0484751 0.4386278 0.3429567 0.0491626 -0.1325006 0.0041779 0.0546446 -0.0952443 -0.1498180 0.2149481 0.1856447 0.0230374 0.0475676 0.6446157 0.4016174
