0.0000000 0.5564125 0.3419258 0.1670546 0.1072939 0.2748887 0.2003045 0.0819258 0.0573231 0.0851353 0.1387142 0.2529936 -0.0255879 -0.2004715 -0.0499401 0.2128434 -0.0390804 -0.0127765 0.1490470 -0.2026514 0.0675007 -0.1377111 0.0315225 0.0857202 -0.0019597 0.0706650 -0.3382099 0.3918682 -0.3728264 0.1196886 -0.2021117 -0.1005891 0.4709549 0.0343249 -0.0859626 -0.2854855 -0.1830956 -0.1037293 -0.0311039 -0.3001032 -0.1741357 -0.2677200 -0.3145901 0.4842153 -0.0194289 -0.0686087 -0.1785631 -0.2279382 0.4192396 -0.0875651 -0.1695716 -0.3775394 0.3060356 -0.2399722 -0.1873132 -0.1090582 -0.1132439 0.1337818 -0.1485660 -0.1049403 -0.2125760 -0.3564919 -0.2133294 0.0575168 -0.1254145 -0.1338134 0.0083229 -0.2978099 -0.0904450 -0.1095303 -0.2550862 -0.2596084 -0.1463480 -0.1012156 -0.1784346 -0.1149526 -0.2595020 -0.4569731 -0.1463958 -0.1209681 -0.3043802 0.4024344 0.5058249 0.2825309 0.4141463 0.4558885 -0.0072874 0.2969328 0.4241190 0.4085664 0.3381452 0.3804607 0.4419719 0.3510294 0.2319538 0.3000630 0.1986688 0.3334600 0.4417711 0.1915782 0.3091369 0.3892332 0.3279258 -0.1210238 0.3741228 0.5384594 0.3930079 0.4426767 0.3227198 0.3995417 0.4147987 0.2904335 0.5226053 0.3758379 0.3350243 0.3748361 0.1855796 0.1976139 0.3603175 0.2680499 0.0493612 0.0912287 0.4452765 0.0862024 0.4577147 0.3815736 -0.2733184 0.5613548 0.1986616 0.3562639 0.2744841 0.3933619 0.0656380 0.4448231 0.4050169 0.5797899 0.3428273 0.1441059 0.2085188 0.4106700 0.3936474 0.0913793 0.3163111 0.4771440 0.4302155 0.5331509 0.1670157 0.3045249 0.3137283 0.1757277 0.2072176 0.4549406 0.0513096 0.4823624 0.0346615 0.3450380 0.2376356 0.4373069 0.3170858 0.4106342 0.2840853 0.1890225 0.4718827 0.3808483 0.0907018 0.4316829 0.4105637 0.2266125 0.1714440 0.2241877 0.1268352 -0.0087722 0.6584820 0.3523631 0.6417984 0.3419761 0.3136454 0.4783729 0.1388842 0.1805059 0.6294953 -0.2458831 -0.2056032 -0.3122365 -0.2493482 -0.1834136 -0.1803390 0.0741202 -0.1030545 -0.1750109 0.2165185 0.1226953 -0.1335573 0.4386550 0.3862896 0.3763597 0.4147729 -0.1527996 0.0284502 0.4542433 -0.0229388 -0.3248764 0.1606838 0.2168622 0.0657546 -0.0938107 0.5647985 -0.4354512 0.0598942 0.0020008 0.2627926 0.6205059 -0.0019836 0.0008460 0.2258897 -0.3566400 -0.1722818 -0.3542695
0.5564125 0.0000000 0.4815790 0.1834584 0.2414814 0.5906681 0.3762991 0.1826118 0.3476316 0.2454840 0.2079643 0.1231155 0.0771475 -0.0692201 0.1569843 0.1825741 0.1692781 -0.0594579 0.3369195 0.0644659 -0.0266203 0.0810460 0.1322101 0.3302936 0.2451711 0.3223288 -0.1891743 0.1229948 0.1045270 -0.1918733 -0.0960863 0.1879046 0.5406391 0.4666203 -0.0562366 -0.0365772 -0.0130951 0.1038517 -0.1232757 -0.2936195 0.1202557 0.0607918 -0.1619703 0.2768761 0.1656592 0.0433396 -0.0217163 0.0697882 0.3119375 -0.0030053 0.0105711 -0.1627156 0.3725636 -0.2020122 0.0283701 0.0252198 0.0687245 0.0974364 0.1685962 0.1307833 0.0825861 0.0684785 0.0423252 0.0870445 0.0962501 0.0261764 0.3765588 -0.1568958 -0.0007645 0.1618797 0.0795724 0.1311563 0.3324812 0.2332428 0.0169774 0.2530522 0.0721174 -0.0222436 0.1353465 0.0828322 -0.2181397 -0.0002140 0.1669259 0.2485637 0.3468789 0.0740360 -0.3898523 0.2968550 0.1416415 0.0679945 -0.1343511 -0.2720011 -0.0936450 0.1765952 -0.2041469 -0.1861547 -0.4441810 -0.2285802 0.0162104 0.0582113 0.0838516 -0.1159160 -0.0636072 0.0066129 -0.1613560 0.1193426 -0.0454585 0.0989587 -0.1510407 0.0231179 -0.0303073 0.0080004 0.2457827 -0.0866980 -0.0339485 -0.0101965 -0.3137684 -0.1235708 -0.0401577 -0.1379062 -0.2310137 -0.2328221 0.3699366 0.1082639 0.0246891 0.2591867 -0.3364096 0.3255794 -0.0971658 -0.0125464 -0.1470590 0.2018241 -0.2134648 0.2863433 0.0675851 0.2121590 -0.0988269 -0.2414265 -0.2409763 0.2345582 0.1460220 -0.1289522 -0.0086459 0.2286677 0.1436167 0.1812869 -0.0542127 0.0927183 -0.1181188 -0.0897861 0.0472278 0.3523422 -0.1565194 0.1849646 -0.0411192 0.1261600 -0.0677345 0.2046683 -0.0950029 0.2572549 0.0323196 -0.1285935 0.1019888 0.2913929 -0.2080741 0.1512400 -0.0534830 -0.1133604 -0.1154792 -0.1574662 -0.2391963 -0.4083283 0.4111995 0.5636995 0.6159927 0.1367100 0.1089074 0.3599479 0.1043914 0.1629554 0.3683288 -0.1522097 0.0167797 -0.1813473 0.1781955 0.1685501 0.2990122 0.2379074 0.1017814 -0.1585449 0.0863935 -0.1654514 -0.2646989 0.3775752 0.2507807 0.3571279 0.3619891 0.0680218 -0.0100029 0.3881371 0.2440076 -0.0181530 0.1902924 -0.0652988 0.2217556 -0.4003627 0.4429564 0.0044390 0.3887207 -0.0520420 0.3460481 0.4304772 0.1557030 -0.0232032 0.3766920 -0.0612691 0.0053566 -0.2762019
0.3419258 0.4815790 0.0000000 0.5859371 0.6058467 0.7319252 0.6045225 0.7069313 0.4941555 0.5060344 0.5543870 0.4222347 0.4891702 0.0291135 0.1783200 0.3541804 -0.0121648 0.2534465 -0.1857194 0.0223229 0.3372007 -0.2160547 0.0428337 0.3953897 -0.3142107 -0.1434954 -0.2062433 0.2349470 0.0958522 0.0319374 -0.2221072 -0.3645176 0.2490977 0.3865165 -0.1451286 0.1727962 -0.4076381 -0.4301487 -0.0647611 -0.0556976 -0.2883530 0.4282960 -0.3149987 0.2649637 0.5880510 -0.5606315 -0.4268539 -0.4394145 0.4549254 -0.6559451 -0.2852352 -0.2257185 0.6517808 0.1172052 -0.3660229 -0.5031608 -0.4296888 0.4230077 0.4003945 -0.3673961 0.5479129 0.0616051 -0.1167550 0.7057885 0.5983484 -0.4052406 -0.1935740 0.3434523 -0.3442829 0.6710822 -0.4173914 0.6812490 0.1658251 0.7303360 -0.1852718 0.6729420 0.6338291 -0.2289479 0.2433367 0.4911146 -0.0165282 0.4064851 0.3679756 0.2185107 0.1363096 0.1858556 -0.0557069 -0.0446376 0.0942053 0.1146276 0.0539208 0.0072876 0.2438223 -0.1886580 -0.0953863 -0.0293160 0.0151766 0.0894802 0.0920529 -0.3366736 -0.0414505 0.1373773 0.0791526 -0.5014801 0.2598479 0.0968388 0.2920638 0.2703309 0.2519767 0.3519753 0.1852725 0.2909211 0.3121324 0.2746785 0.2938390 0.1779204 0.1303788 0.2657657 0.3154737 0.0942863 0.0488388 0.0707467 0.2554646 0.1271615 0.1387422 0.0730693 -0.3252704 0.4983098 -0.0265279 0.1390573 -0.0205465 0.4048115 -0.1510353 0.4774605 0.3432018 0.2138475 0.0551674 -0.0296068 0.0316099 0.2486194 0.1900158 0.0925808 0.3981524 0.1203085 0.1708164 0.0437256 0.1715273 0.2029571 0.1985748 0.1597990 0.1835003 0.1979569 0.2954041 0.2725449 0.1288408 0.1263564 0.0979912 0.2863663 0.2103387 0.3489387 0.3628206 0.2257111 0.2705260 0.3066715 0.3205661 0.2804137 0.1801719 0.2712726 0.2581554 0.1324534 0.2381470 0.1925366 0.1933286 0.1915373 0.5231041 0.2939822 0.4835619 0.3218671 0.4444371 0.3928692 0.3629910 0.1541100 0.5050781 0.2090965 0.3753409 0.5201437 0.4672146 0.6218448 0.6376866 0.5857534 0.2571528 0.3830650 0.0731787 0.2157665 0.0013501 0.0349984 0.3955129 0.4759491 0.3913347 0.2374096 0.3676136 -0.1517261 0.5282314 0.2657757 0.6050741 -0.0172206 0.3177944 -0.0443639 0.1227231 0.0509403 0.6515954 0.2362731 0.5923394 0.2484195 0.3058169 -0.2329379 0.0111496 -0.2279879
0.1670546 0.1834584 0.5859371 0.0000000 0.1331907 0.7925823 0.7461976 0.6302878 0.7180908 0.4002945 0.3966057 0.8164872 -0.0619888 0.0314473 0.6979047 -0.0813556 -0.2466765 0.3177130 -0.4872324 -0.3779718 0.8367932 -0.5427244 -0.2741890 0.7138482 -0.6048372 -0.6178498 -0.2860003 0.4862648 0.5333488 0.1984454 -0.2129987 -0.5686917 0.2873586 0.4985164 -0.5375686 0.6581308 -0.7518509 -0.5675118 0.0382868 0.1601298 -0.4039537 0.7445631 -0.4561117 0.3017606 0.7968980 -0.6882534 -0.7775185 -0.6269040 0.5709370 -0.5909819 -0.7384811 -0.2375160 0.7023887 0.2316540 -0.4628020 -0.6281127 -0.8102237 0.7087524 0.3632585 -0.7949940 0.6094599 -0.2614486 -0.1853307 0.8431722 0.7487057 -0.7180039 -0.7032415 0.2357751 -0.3239231 0.4972665 -0.7137208 0.5935081 -0.3999092 0.4967935 -0.5054826 0.2900688 0.3665905 -0.4978897 -0.1297378 0.2830259 -0.3776295 0.1839695 0.0670981 0.2198183 0.1237438 0.2257463 0.4178655 -0.2945174 0.1625824 0.2356096 0.4520679 0.2539709 0.4575531 -0.3179672 0.1292948 0.2299046 -0.0020113 0.5337142 0.3881941 -0.5573792 0.0629745 0.5560116 0.2218679 -0.2805515 0.3646304 0.3404116 0.3723220 0.4314882 0.3872165 0.2834815 0.3014951 0.3623012 0.2765612 0.4401552 0.0534619 0.3505548 0.1952240 0.1472635 0.2119112 0.5183595 0.1857968 0.1304471 0.2731534 0.0793886 0.1785493 0.1677136 -0.3809576 0.3094805 -0.1137413 0.0860259 -0.0279039 0.3208366 -0.1401360 0.2062299 0.0807924 0.3133482 0.0304928 0.0148787 0.0536885 0.2786993 0.1331748 0.2941111 -0.1221956 0.1618191 0.1111673 0.1993241 0.2578032 0.1503503 -0.0673527 0.2446580 0.2284791 0.0223292 0.3887571 0.0922863 0.2572403 -0.0836805 -0.2397665 0.0612139 -0.1699211 0.1308507 0.2909330 0.2032719 0.1005573 0.0787128 0.2275443 -0.0494384 -0.0008499 -0.1892580 -0.0913365 0.0322731 -0.1660496 -0.1021248 0.2148864 -0.0530734 0.5130553 0.5302063 0.7764170 0.0021270 0.8135381 0.7603687 -0.2082606 0.4380718 0.5235764 0.2966540 0.1604762 0.5020788 0.1531609 0.2388407 0.3420942 0.4621619 0.6600040 0.4500771 0.1348559 0.5037736 0.2087403 0.2596201 0.6151633 0.2870120 0.1742071 0.3673348 -0.0556148 -0.0147366 0.4127321 0.2886165 0.2076431 -0.2526240 0.2372276 0.1320300 0.0114628 0.0093485 0.3242844 0.4816780 0.0207008 0.3756826 0.4805009 -0.2678229 -0.2355686 -0.2906288
0.1072939 0.2414814 0.6058467 0.1331907 0.0000000 0.1921902 -0.1080662 0.7119618 0.2924683 0.4171815 0.4785945 -0.1319060 0.7150002 0.2463531 -0.1636585 0.5147652 0.3105834 0.3539127 0.1022580 0.3016048 -0.0569866 0.2762373 0.3280946 0.0651147 0.1252760 0.1847551 0.1229457 -0.0972587 -0.1689995 -0.0493925 0.3192133 0.1052371 -0.1445337 -0.0248623 0.0181123 -0.0139903 -0.1042782 0.0501099 -0.0285999 0.0583359 0.1200436 0.1315177 -0.0952087 -0.1089346 0.1640424 -0.2099603 -0.1879855 -0.0220443 0.0779874 -0.2851874 -0.0864171 0.0540249 0.3023535 0.1194167 0.0434057 -0.1394421 -0.0021566 -0.0071996 0.2414287 -0.1176611 0.2037758 0.2427037 0.3555101 0.4084684 0.2721732 0.1900220 0.1204554 0.4463769 0.1294847 0.5936048 0.0331025 0.4532051 0.4077225 0.3782250 0.2329984 0.6203464 0.5950044 0.0727422 0.4730815 0.3939928 -0.0848195 0.4878211 0.5488664 0.1176659 0.2292963 0.0625711 -0.2254352 0.2258943 -0.0743703 0.1987361 -0.2490610 -0.1748035 -0.1077734 0.1226145 -0.3967259 -0.1195082 -0.1741726 -0.2700849 -0.0339767 0.0864136 0.0868529 -0.1158651 0.0478127 -0.0987756 -0.0759198 -0.0451923 0.0809805 0.0450554 -0.0612144 0.2232324 -0.0576831 0.0884743 0.0435480 0.0333925 0.1363597 0.0107190 -0.0504118 0.1987817 0.1879653 0.0509011 0.0092952 -0.0812717 0.0835066 0.2840618 0.3421678 -0.0501552 -0.2068494 0.3347387 -0.0592091 0.2582089 0.1588288 0.2318459 -0.2210506 0.4437729 0.2848776 0.0924231 0.0982178 -0.0727535 -0.0188141 0.1345054 0.0382395 0.1309205 0.3277081 0.2565923 0.1754151 -0.0093669 -0.0237566 0.0313844 0.0538214 0.0655693 0.0459311 0.2665355 0.1705591 0.0802668 -0.0150771 0.1476898 0.1151765 0.2062235 0.1795003 0.2505129 0.2405334 0.1136305 0.0745220 0.1624505 0.2600351 0.2021181 -0.0515485 0.1668563 0.1786001 -0.0080427 0.2209391 0.0888422 -0.1220014 0.1278564 -0.0521119 -0.3277183 0.0182394 -0.3112843 0.0681491 0.0062391 0.1649109 -0.0429934 0.2801323 0.0211944 0.2050394 0.1192928 0.2663669 0.5045756 0.5152824 0.3034554 0.1908100 -0.0914329 -0.4634343 -0.1150508 -0.1861644 -0.3440336 0.1448913 0.1176159 0.1255110 0.0768713 0.3435759 -0.0244116 0.2429821 0.1729908 0.6622849 -0.2252018 0.1432022 0.1132841 0.1619570 -0.0078776 0.3321257 -0.1078157 0.6925484 0.1147692 0.1920846 -0.0919292 0.1265711 -0.0717881
0.2748887 0.5906681 0.7319252 0.7925823 0.1921902 0.0000000 0.8357216 0.5474332 0.8413103 0.5880785 0.5028332 0.6612312 0.1298564 0.0296770 0.6737307 0.0314451 0.0061645 0.2536402 -0.1587534 -0.1845021 0.5545215 -0.3908069 -0.1311765 0.7790539 -0.3525220 -0.3048225 -0.1503160 0.4925303 0.5912199 0.1947158 -0.1707072 -0.3553892 0.4873590 0.7338169 -0.3085673 0.4517041 -0.4778342 -0.3705521 0.1519176 0.1512678 -0.2032523 0.6747570 -0.1925063 0.4115496 0.7533965 -0.4520804 -0.4543569 -0.3918827 0.5657952 -0.4781360 -0.3401596 -0.0676066 0.7220098 0.2946687 -0.3253040 -0.4320012 -0.5113952 0.6345386 0.3613151 -0.3899364 0.5916685 0.0347940 -0.1300373 0.7454737 0.6585231 -0.5035309 -0.2721556 0.2435525 -0.2814847 0.5909249 -0.4370972 0.7062450 0.0326944 0.7245316 -0.2978082 0.5320382 0.4908861 -0.2965403 0.0174591 0.3987415 -0.2274006 0.0326723 -0.0347617 0.1102664 0.0021681 0.0746076 0.0473062 -0.1978030 0.0266491 -0.0390114 0.0871905 -0.1591221 0.1227782 -0.3197174 -0.0828280 -0.1548303 -0.2688615 0.1585676 0.1060102 -0.4182577 -0.1187398 0.1799819 0.0215490 -0.4489198 0.0777201 0.0613196 0.1303613 0.2370092 0.0373844 0.0861110 0.0712837 0.0937362 0.2606347 0.1873286 -0.0220275 0.1964680 -0.0400361 0.0685101 0.0872976 0.0550515 -0.0460861 -0.0731156 0.0955561 0.1072478 -0.1572928 -0.0462903 -0.4750751 0.2175742 -0.4020871 -0.1857621 -0.3743697 0.1853797 -0.3954865 0.2870377 -0.0092718 0.0746490 -0.3027653 -0.3333693 -0.2800838 0.0276145 -0.0435795 -0.0222988 -0.0738796 -0.0080325 -0.1841867 -0.0750257 -0.0125158 -0.0179012 -0.1716814 -0.0429184 -0.0150639 -0.0808715 0.1108417 -0.0272147 0.1100283 -0.1793884 -0.2950124 -0.0983934 -0.2492224 0.0774939 0.1155287 -0.0454124 0.0028047 0.1236396 -0.0130115 -0.1257566 -0.1347546 -0.2080103 -0.1687874 -0.1340852 -0.2444754 -0.2338405 0.1599438 0.1233427 0.5488079 0.4443565 0.5510135 0.2947403 0.5856315 0.5896085 -0.0067103 0.2444331 0.4608189 0.2284708 0.4317810 0.5702881 0.4658498 0.4068564 0.4859106 0.4761386 0.3019942 0.4277794 0.2237606 0.2812216 -0.0223436 0.1133080 0.4562688 0.5720920 0.3761381 0.1853406 0.2538757 -0.0086120 0.5707639 0.1451179 0.2167356 -0.2591714 0.0912400 0.2206966 0.1705836 0.1039281 0.5030712 0.3378892 0.2122999 0.3273283 0.4016539 -0.1008549 -0.0515927 -0.2593259
0.2003045 0.3762991 0.6045225 0.7461976 -0.1080662 0.8357216 0.0000000 0.3291420 0.5336962 0.2332309 0.1972587 0.8336295 -0.0473862 -0.2927380 0.6889067 -0.2472348 -0.3094283 -0.0503507 -0.2404610 -0.3510927 0.6575133 -0.5349731 -0.4052804 0.7552127 -0.4741219 -0.4445889 -0.4643946 0.4289802 0.6033450 0.0108944 -0.3563821 -0.5241994 0.6071824 0.8211705 -0.4638878 0.3658930 -0.5189671 -0.4720795 -0.0939643 -0.0802118 -0.3622992 0.5728373 -0.3922923 0.5013567 0.8067461 -0.4402034 -0.4431366 -0.4782046 0.6764368 -0.4488784 -0.4120485 -0.3455407 0.7356518 0.1227339 -0.4179091 -0.4637461 -0.5927036 0.7364603 0.0955702 -0.4613827 0.4667190 -0.2140364 -0.3016223 0.6708878 0.5107422 -0.6825559 -0.4141422 0.0160183 -0.3825897 0.3441974 -0.5782185 0.5531388 -0.2613372 0.5558938 -0.5486664 0.2275060 0.2182226 -0.4432738 -0.2830647 0.1869628 -0.2283885 -0.0878621 -0.1820197 0.2617272 0.0277493 0.1099005 0.1870442 -0.2574385 0.1265320 -0.0256985 0.3123708 0.0685605 0.3361294 -0.3338512 0.1189422 -0.0151193 -0.0082145 0.4186417 0.1428984 -0.5110344 -0.1481570 0.3798312 0.2094666 -0.3403342 0.3093794 0.1399630 0.1785729 0.2775477 0.2113806 0.0742408 0.1557895 0.1214131 0.1943181 0.1855598 0.0245619 0.1877563 0.0216243 0.0211715 0.0481332 0.1427185 -0.1268269 -0.0923110 0.0969256 -0.2468716 -0.1365242 0.0524760 -0.3496642 0.0987609 -0.1668509 -0.1392589 -0.2220293 0.1568452 -0.0655768 -0.0193545 -0.0107031 0.1797768 -0.1100599 -0.0918519 -0.0677843 0.1552411 0.0941469 0.0275414 -0.0093866 -0.1821919 -0.0763514 0.0603129 0.1578091 0.0925117 0.0964495 0.1519222 0.1330821 -0.1182375 0.1915650 0.1380147 0.1961590 -0.0816672 -0.2160934 0.0154791 -0.0339197 0.0565287 0.1159706 0.1151170 0.1627954 0.0405540 0.1068924 0.0166571 0.1176652 0.0915780 0.0314712 0.0080860 -0.0592899 0.0602378 0.3166807 -0.0265142 0.6787316 0.7505344 0.6812687 0.4830641 0.6055623 0.4796649 -0.0352119 0.1355100 0.2483683 0.1260840 0.1919160 0.4578401 0.2292634 0.1151811 0.2106670 0.3593338 0.3667347 0.4554810 0.3786993 0.3557921 0.1121394 0.3470390 0.4710019 0.3666054 0.2235061 0.2393403 0.0277141 -0.0587306 0.2812390 -0.0239828 0.0695005 -0.0993826 0.2169550 0.0351181 0.1882246 -0.0247401 0.4646391 0.4693001 -0.0505493 0.1480002 0.4118064 -0.2400781 -0.2164180 -0.4159522
0.0819258 0.1826118 0.7069313 0.6302878 0.7119618 0.5474332 0.3291420 0.0000000 0.5899011 0.5591607 0.6757030 0.4309806 0.6762554 0.1777310 0.3215114 0.4823046 0.0386111 0.3197783 -0.0134959 0.0721316 0.5056143 0.1375988 0.1649629 0.3464393 -0.0582945 -0.0542015 -0.0278918 0.0786932 0.2214722 0.0622450 0.3513654 -0.0370505 -0.0786527 0.1985265 -0.0736366 0.3955126 -0.2644657 -0.0748944 -0.0502065 0.1415720 0.0975209 0.5836986 -0.2572361 -0.0828132 0.5624257 -0.3642707 -0.3462330 -0.1514887 0.1930154 -0.3977030 -0.3169612 -0.0983362 0.4963852 0.1343638 0.0339689 -0.2345432 -0.2561251 0.2450199 0.5370647 -0.3966425 0.5934078 0.0946042 0.3982182 0.7498349 0.6518343 -0.0769313 -0.2170986 0.4869586 0.0800082 0.6843637 -0.1720718 0.7159080 0.1897279 0.6378651 0.1419427 0.6617682 0.7573214 0.0338835 0.4945478 0.6833634 0.0102283 0.4853192 0.3730474 0.0801403 0.0981750 0.0936661 0.1134058 -0.2241861 -0.0159200 0.2314688 0.1633586 0.0364818 0.1804847 -0.2072754 -0.1237076 0.0666866 -0.0130147 0.1286593 0.2493959 -0.2532756 0.1809513 0.1571582 0.0943872 -0.3930405 0.2446903 0.1049665 0.3002533 0.2553336 0.2075691 0.3550933 0.2221287 0.3113939 0.1897334 0.2851046 0.2168766 0.2255229 0.1697057 0.4102640 0.4192657 0.2760499 0.2199122 0.1210805 0.1327185 0.3553101 0.3275676 0.1454119 -0.2293231 0.3595392 -0.0434253 0.2567794 0.1519540 0.3545951 -0.2247703 0.4849135 0.2656410 0.1902314 0.1201900 0.0675682 0.1212843 0.2275196 0.1366507 0.2632212 0.2116350 0.3355476 0.1587718 0.0251385 0.2037176 0.1517406 -0.0274788 0.2233894 0.2661538 0.1917242 0.3846272 0.1397686 0.1211926 0.0844746 -0.0073868 0.1838687 0.0503984 0.3297149 0.3544781 0.2504459 0.0691004 0.2439879 0.3389409 0.1169054 -0.0548569 -0.0155416 0.0660986 0.0522302 0.1370829 0.0331091 0.0121759 0.0783597 0.2450340 0.0754862 0.5271531 -0.2783286 0.5467065 0.5798173 -0.0012730 0.4742212 0.6566683 0.4499482 0.4438496 0.4772668 0.4519875 0.5822009 0.6942162 0.5917038 0.4333327 0.3886692 -0.0725830 0.2353444 0.0987605 -0.0503357 0.5210222 0.3795669 0.3220834 0.2858301 0.2875137 -0.0206588 0.4329910 0.4542807 0.4543611 -0.1400433 0.2135341 0.1377157 0.0414531 0.1410183 0.4268847 0.1941395 0.5557516 0.3121291 0.4103678 -0.2275306 -0.0306988 -0.1368450
0.0573231 0.3476316 0.4941555 0.7180908 0.2924683 0.8413103 0.5336962 0.5899011 0.0000000 0.7144526 0.5746311 0.4832126 0.1688178 0.3481516 0.7504243 0.0943116 0.2249380 0.5643465 -0.1681636 -0.2532580 0.4603050 -0.2825729 0.0122900 0.7774453 -0.3002897 -0.3461777 0.1897726 0.4895649 0.6685768 0.3664866 0.0662480 -0.2518286 0.1864539 0.5398829 -0.2302927 0.5134033 -0.4179074 -0.2182002 0.3391230 0.4340986 -0.0908764 0.7173881 0.0426852 0.1766490 0.6359178 -0.3628729 -0.4137330 -0.2891271 0.3410054 -0.3404458 -0.2880209 0.2347346 0.5331511 0.5186854 -0.1678264 -0.2773960 -0.4185365 0.5181647 0.4113714 -0.3555659 0.5712503 0.2059125 0.0905971 0.7155315 0.6502204 -0.2760849 -0.2719166 0.4786132 0.0040847 0.6527393 -0.2815220 0.7117168 0.0801616 0.6553231 -0.0970326 0.5298911 0.5263668 -0.1719623 0.0823824 0.3778481 -0.2343362 -0.0643468 -0.1192535 -0.1403070 -0.1861094 -0.0310650 0.0734104 -0.2960249 -0.1530779 -0.1369866 -0.0066303 -0.2490458 -0.0912555 -0.4391456 -0.2141987 -0.2286677 -0.3857239 0.0252023 0.0238931 -0.4046942 -0.1763942 0.0708837 -0.0681137 -0.3883847 -0.1259721 -0.1059760 -0.0095452 0.0700529 -0.1211297 -0.0958644 -0.0722818 -0.0916251 0.0643838 0.0763601 -0.2298687 0.0971044 -0.0858571 0.0065848 -0.0097689 0.0200429 -0.0133206 -0.0658753 -0.1359888 0.1598437 -0.1813201 -0.2232893 -0.4596605 0.0164709 -0.5404980 -0.2023625 -0.3777987 0.0066561 -0.5015359 0.2024493 -0.1365495 -0.1323661 -0.3604125 -0.4017684 -0.3262873 -0.1474698 -0.2381512 0.0481698 -0.2591048 -0.0264493 -0.3322430 -0.2238016 -0.1310925 -0.1689218 -0.4067546 -0.1117720 -0.1658247 -0.2431410 0.0839842 -0.2894404 0.0621115 -0.3623496 -0.4431534 -0.3014405 -0.4475187 -0.1244489 0.0095201 -0.1563833 -0.2566537 -0.0710772 -0.0618533 -0.3869709 -0.4448261 -0.4798941 -0.3880521 -0.2801163 -0.3782237 -0.3710177 -0.0620401 -0.0100354 0.1447199 0.1911883 0.3777333 -0.0369104 0.4553237 0.5185309 -0.2885922 0.2771839 0.4914195 0.2787846 0.4832867 0.4901566 0.4539431 0.4033926 0.5181816 0.4672860 0.2469832 0.2981999 0.1008979 0.1059514 -0.1973761 -0.1707541 0.2665303 0.5744352 0.3532490 -0.0368641 0.2476989 0.0701833 0.4800877 0.1513543 0.1068993 -0.2362364 -0.2149241 0.3426741 0.0333810 0.1343151 0.2032035 0.0923111 0.1737440 0.4554539 0.3025804 0.0001441 -0.0562393 -0.1670144
0.0851353 0.2454840 0.5060344 0.4002945 0.4171815 0.5880785 0.2332309 0.5591607 0.7144526 0.0000000 0.9338999 0.1072654 0.4360806 0.6305940 0.4077401 0.6296910 0.5854437 0.7174162 -0.0279870 -0.1148084 0.0904396 -0.0974752 0.5145489 0.2973668 -0.1197020 0.0269208 0.4501953 0.1850473 0.3877968 0.2811067 0.0957797 -0.1940200 -0.2403090 0.1214403 0.1095185 0.2413908 -0.2714065 -0.2435449 0.3633979 0.4729376 -0.0935761 0.6104274 0.4083728 -0.1604686 0.3254134 -0.4069887 -0.2294018 -0.2590315 -0.1027558 -0.5204865 -0.0327475 0.5617559 0.0829234 0.5907191 -0.2472494 -0.3466919 -0.1919282 0.1485595 0.5900006 -0.1721313 0.5952686 0.6361124 0.1020882 0.4635656 0.5968629 -0.0438902 -0.0656001 0.8020573 -0.1240673 0.8115503 -0.1267493 0.6286927 0.4806779 0.7881779 0.2650992 0.7629751 0.7075871 0.0834982 0.4754738 0.6734203 0.2037801 0.0874910 0.0035353 -0.3966963 -0.4330112 -0.2085194 -0.3058469 -0.3652350 -0.4651473 -0.2999817 -0.2561152 -0.2953177 -0.3055521 -0.4466561 -0.4322081 -0.3845632 -0.3357651 -0.2016635 -0.0879826 -0.2963523 -0.2761563 -0.1908511 -0.2784586 -0.5955882 -0.2049839 -0.3199547 -0.0991961 -0.0809515 -0.1374599 -0.0794276 -0.1407239 -0.1132548 0.0334907 0.0105730 -0.1074926 0.0019815 -0.0221062 0.1135328 0.1406592 -0.2537292 -0.0704079 -0.0771632 -0.1974164 0.2532884 -0.2659880 -0.2614990 -0.3066771 0.0457299 -0.3992986 -0.2530278 -0.3465347 0.0744153 -0.3450470 0.3652722 -0.1225375 -0.2634176 -0.3689664 -0.2231955 -0.1620684 -0.2046880 -0.2877940 -0.0477956 0.0650225 -0.0468962 -0.4050588 -0.4120157 -0.1301889 -0.1375878 -0.2871614 -0.1257429 -0.1578149 -0.3072943 0.0339759 -0.2444958 0.0080216 -0.1746095 -0.1130957 -0.2420497 -0.2177919 0.0013882 0.0083467 -0.1157887 -0.1166923 0.1290787 -0.0697091 -0.2738841 -0.2548523 -0.2929355 -0.1643883 -0.2253352 -0.2101834 -0.2433877 -0.3715603 -0.1501286 -0.1168353 -0.2489747 0.0337226 -0.0626682 0.1285794 0.3203300 -0.0315959 0.3728768 0.6287570 0.4834434 0.7387065 0.6685217 0.7520061 0.8058635 0.8112043 0.7132746 0.0045393 0.4867997 0.3428808 -0.0997682 -0.3101281 -0.2938979 0.0149226 0.7743264 0.5680990 -0.1180547 0.3821001 -0.0800352 0.4495030 -0.0034594 0.0785651 -0.0478389 -0.2816169 0.1270319 -0.1765591 0.2213114 0.0731438 -0.1944328 0.4142233 0.3099293 -0.1374044 -0.0050383 0.0216655 -0.0897321
0.1387142 0.2079643 0.5543870 0.3966057 0.4785945 0.5028332 0.1972587 0.6757030 0.5746311 0.9338999 0.0000000 0.1366291 0.5864110 0.6134536 0.3116740 0.7809642 0.5591507 0.6191941 0.0239847 -0.1157905 0.1452335 0.0442984 0.6185965 0.1685441 -0.0285660 0.1149580 0.3559466 0.0490918 0.2782507 0.1707053 0.2093479 -0.1189952 -0.3073290 0.0213218 0.1892162 0.2104849 -0.2325557 -0.1860955 0.1926295 0.3001141 -0.0049672 0.5614162 0.3330439 -0.2999906 0.2935220 -0.4008937 -0.2082268 -0.2096253 -0.1895989 -0.5210603 -0.0493315 0.4588843 0.0627581 0.4022913 -0.1541556 -0.3084715 -0.1413865 0.0021770 0.6273985 -0.1574597 0.5977399 0.6108758 0.2637693 0.4550033 0.5931822 0.0280259 -0.0206216 0.7687312 -0.0350712 0.7932931 -0.0681224 0.6225203 0.5020333 0.7663576 0.3657223 0.7541035 0.7518127 0.1641766 0.5898999 0.7443206 0.2773162 0.2775643 0.1788176 -0.3025178 -0.3263699 -0.1288550 -0.2319049 -0.3316987 -0.3815340 -0.1501679 -0.1208710 -0.1647648 -0.1619025 -0.3248704 -0.4315801 -0.2942987 -0.1974993 -0.0871721 0.0341522 -0.2587912 -0.0922792 -0.1003915 -0.2041586 -0.6144934 -0.0184928 -0.2405770 0.0436722 0.0179979 0.0366544 0.0913303 0.0194933 0.0857986 0.1521825 0.0928130 0.0472785 0.0908494 0.0454722 0.2184874 0.3164771 -0.1652970 -0.0379732 -0.0251738 -0.0595781 0.3245485 -0.1003719 -0.0126737 -0.2999696 0.1626070 -0.1712150 -0.1515908 -0.1911951 0.1860052 -0.2512402 0.4586808 -0.0429705 -0.1028588 -0.1996199 -0.0192178 0.0060354 -0.0333613 -0.1471574 0.0188125 0.1453019 0.1708995 -0.1969750 -0.2882167 0.0313833 0.0145219 -0.2089745 0.0166105 0.0284625 -0.1114556 0.1296601 -0.0834359 0.0480483 -0.0124634 -0.0075790 -0.0259992 -0.0914914 0.1499616 0.1779985 -0.0017425 -0.0179578 0.2263672 0.0579535 -0.0933343 -0.1138879 -0.1782787 -0.0838960 -0.1731272 -0.0467224 -0.1757635 -0.2688581 -0.0852868 -0.0452664 -0.2660990 0.1282393 -0.1242171 0.1950624 0.4034135 0.0824304 0.4660235 0.6779172 0.5580864 0.7439553 0.6667298 0.7528738 0.8412484 0.8446461 0.7563956 0.1588703 0.5515318 0.3034978 0.0791251 -0.0751831 -0.1178809 0.2037840 0.6953441 0.5192621 0.1304476 0.2701790 -0.1748896 0.4053363 0.1540133 0.1590468 -0.0572801 -0.0464219 -0.0190312 -0.2975258 0.1688152 0.1737024 -0.0453295 0.4691845 0.2737157 -0.0367604 -0.2295595 -0.0664679 -0.1564893
0.2529936 0.1231155 0.4222347 0.8164872 -0.1319060 0.6612312 0.8336295 0.4309806 0.4832126 0.1072654 0.1366291 0.0000000 -0.0682882 -0.3476149 0.7122974 -0.2249786 -0.4806804 -0.0427967 -0.2863748 -0.3805519 0.9180673 -0.4405029 -0.4502374 0.6894820 -0.4613874 -0.4830280 -0.4661547 0.5418852 0.4989270 0.1913783 -0.1291748 -0.4522387 0.5387773 0.6251186 -0.4257224 0.4646017 -0.4996473 -0.4025291 -0.0655232 -0.0210896 -0.2583825 0.5337516 -0.5354985 0.4969459 0.7906425 -0.3977026 -0.4747012 -0.4679960 0.6850087 -0.3249170 -0.4921579 -0.4867495 0.7383934 0.0500477 -0.3175808 -0.3895152 -0.5927261 0.7385163 0.0123413 -0.5623514 0.3896789 -0.4269604 -0.2161414 0.7411932 0.4878424 -0.6055384 -0.5599940 -0.0250832 -0.2206553 0.2346258 -0.6122347 0.4202954 -0.4680775 0.3467283 -0.5396745 0.0539062 0.1098992 -0.5506676 -0.3721934 0.0629613 -0.3857804 0.0617182 -0.0812690 0.2200731 0.0470201 0.1939427 0.4351493 -0.3457137 0.1907360 0.1570273 0.5873943 0.2980646 0.5637501 -0.2884630 0.3494690 0.2625940 0.1460095 0.6800773 0.4049402 -0.5050087 0.0272307 0.5761878 0.3499806 -0.3167381 0.5189179 0.3746136 0.3604369 0.4266175 0.3861752 0.2505811 0.3763115 0.2448063 0.2572838 0.3852988 0.1188173 0.3451108 0.2381312 0.1697907 0.2392557 0.4866842 0.1468210 0.1263439 0.1081584 -0.0863751 0.2312766 0.2214175 -0.2608767 0.1792580 -0.0611260 0.1070003 0.0493624 0.1836960 -0.0120494 0.0297461 0.1087962 0.3153515 0.0903977 0.0464230 0.1243651 0.2041038 0.1633334 0.1423806 -0.0370023 0.0273628 0.0559973 0.2185488 0.2439557 0.1332523 0.1218336 0.2259293 0.1807350 -0.0450124 0.2911004 0.1759910 0.1965967 -0.1187138 -0.2885979 0.0329987 -0.0702945 0.0479590 0.2565375 0.1830128 0.1064535 -0.0540350 0.2112434 -0.0122934 0.1134693 0.0006686 -0.0827605 0.0591250 -0.0347893 0.0662557 0.4103119 -0.1323529 0.6386321 0.7989959 0.9377257 0.2601795 0.8273242 0.6686554 -0.1892506 0.1934034 0.2072136 0.0950433 -0.0450873 0.2999407 -0.0295910 -0.0216735 0.0916844 0.2906963 0.6113613 0.4967764 0.2550111 0.4846407 0.2902189 0.3733859 0.6921371 0.1582311 0.0974757 0.3892037 -0.1186820 0.0108061 0.2470424 0.2513782 0.1049981 -0.0572326 0.2652763 0.0181867 0.1311044 0.0562404 0.3482046 0.6160924 -0.0775613 0.2094142 0.5164330 -0.2899785 -0.2456369 -0.3545895
-0.0255879 0.0771475 0.4891702 -0.0619888 0.7150002 0.1298564 -0.0473862 0.6762554 0.1688178 0.4360806 0.5864110 -0.0682882 0.0000000 0.1596621 -0.1281055 0.6633957 0.3284713 0.0964443 0.3961443 0.3787379 -0.0643987 0.5615924 0.4425439 -0.0792969 0.3874007 0.4322140 0.2064395 -0.2200200 -0.0830060 -0.0064214 0.5979443 0.3409010 -0.2132334 0.0034129 0.4177716 -0.1423509 0.3060661 0.3144757 -0.0128723 0.0622855 0.4385096 0.1186566 0.1844674 -0.2485581 0.1307776 0.1061595 0.2803345 0.2991231 -0.1673204 -0.0951387 0.3379229 0.1515039 0.1172048 0.0881836 0.3593700 0.1806501 0.3482294 -0.2115272 0.2627514 0.2591117 0.2638376 0.4419100 0.5985079 0.3010177 0.1935240 0.4422577 0.3589000 0.4547671 0.2832768 0.5241111 0.3521645 0.5358236 0.6468269 0.5564898 0.5707919 0.6746392 0.7267036 0.4273328 0.6662726 0.6673343 0.3944056 0.4376837 0.3450349 -0.1177448 -0.1198653 -0.0989903 -0.2260639 -0.0790275 -0.2190309 -0.0356224 -0.2370203 -0.2562326 -0.1743887 -0.0363858 -0.3313911 -0.2723638 0.0215001 -0.2657590 -0.1194548 0.1145979 0.0609514 -0.2941545 -0.0585011 -0.4761495 0.0347004 -0.2999931 0.0369872 -0.0684743 -0.1056609 0.1693423 -0.0049894 0.0224306 0.0518137 -0.0475988 0.2674604 0.0159889 0.0362401 0.4016526 0.3603049 -0.2598001 -0.0112126 -0.0368137 -0.2076854 0.3152273 0.0533076 -0.0952675 -0.0573171 0.1149319 -0.1006438 0.0375749 -0.0061385 0.0952990 -0.2616638 0.4298037 0.2010443 -0.1107360 -0.0557870 -0.0397515 -0.0058450 -0.0949451 -0.0413038 -0.0686858 0.4157385 0.1480563 -0.0852116 -0.2879288 -0.0245356 0.0056985 0.0566266 -0.0054911 0.0346210 0.0857719 0.1031522 0.0525079 -0.0696663 0.1193376 0.1423090 0.1021566 0.2158842 0.2216915 0.1987095 0.0714770 0.0096144 0.1861370 0.2154295 0.1766454 -0.0077560 0.2502782 0.1719243 -0.0235678 0.3939282 0.2067549 -0.2185858 0.0687941 -0.1261831 -0.2843465 0.0298623 -0.1556050 -0.0048337 0.0438981 0.2135122 0.1375431 0.3512146 0.3148866 0.5280735 0.2390573 0.5412657 0.5755984 0.6722395 0.5234897 -0.0701143 0.3047220 0.0204316 -0.2387054 -0.1891037 -0.3451491 0.1161614 0.4378491 0.4021944 -0.0177168 0.4277573 -0.0982146 0.2970440 0.3030275 0.3869029 0.0870178 -0.0228996 0.0397466 -0.0309028 0.1841344 0.4269790 -0.2048405 0.7362795 0.0496494 0.0538450 -0.1237327 0.1723036 0.0318018
-0.2004715 -0.0692201 0.0291135 0.0314473 0.2463531 0.0296770 -0.2927380 0.1777310 0.3481516 0.6305940 0.6134536 -0.3476149 0.1596621 0.0000000 0.1003188 0.5399933 0.7695809 0.8388785 -0.2426421 -0.1689800 -0.2958395 0.0671547 0.7819112 -0.0411175 -0.0416352 0.0534015 0.7813384 0.0238954 0.1361491 0.3186874 0.0967548 -0.0819808 -0.5731751 -0.3419360 0.3442560 -0.0130063 -0.1057184 -0.1545926 0.4208978 0.5065147 -0.1399046 0.2152803 0.6664839 -0.5479674 -0.1773437 -0.2465276 -0.0965001 -0.1625215 -0.5057054 -0.3022149 0.0518447 0.8080955 -0.3976227 0.5178910 -0.1415661 -0.1220600 -0.0138464 -0.2189402 0.4353465 0.0095924 0.2120627 0.6910857 0.2594173 0.0019146 0.2107213 0.1796909 0.0174668 0.7075927 0.1042787 0.4948301 0.0927507 0.2029474 0.3498642 0.2970391 0.3319778 0.3762967 0.3843397 0.2283081 0.3803967 0.3211929 0.3023020 -0.0924622 -0.0870687 -0.5276070 -0.4314902 -0.3285106 -0.3429299 -0.2910313 -0.5493617 -0.3025384 -0.3374140 -0.2051540 -0.4640639 -0.2951221 -0.5199203 -0.2754038 -0.2663470 -0.3801286 -0.3033790 -0.1465743 -0.2412676 -0.3337268 -0.4873118 -0.1620067 -0.3525674 -0.4194171 -0.2832549 -0.3653006 -0.1641793 -0.2966132 -0.2844468 -0.1401749 -0.1961817 -0.2454659 -0.3392817 -0.2431826 -0.2097956 -0.2396351 -0.1161164 -0.3348919 -0.1626557 -0.0880940 -0.1747186 0.1334883 -0.3001285 -0.1156548 -0.2435862 -0.2016889 -0.0928392 -0.2732441 -0.2426922 -0.1933637 -0.2348281 0.1812236 -0.3700510 -0.4065442 -0.2189746 -0.0615275 -0.1125788 -0.2066905 -0.3758087 -0.0732544 -0.3067891 0.1406059 -0.1420717 -0.3496946 -0.1490565 -0.1954535 -0.5640768 -0.1762467 -0.2141466 -0.0615586 -0.1040107 -0.4014105 -0.1869691 -0.1863055 -0.1928525 -0.1390722 -0.3772023 -0.1971494 -0.1718220 -0.2783326 -0.3319087 -0.1046181 -0.2234801 -0.3227930 -0.4364022 -0.4777743 -0.3707549 -0.3962716 -0.3246622 -0.4188359 -0.4009514 0.0460071 -0.5374851 -0.5427519 -0.3399064 -0.2813705 -0.3070750 -0.0884318 -0.2104628 0.2070368 0.3346883 0.2936745 0.4629536 0.3187982 0.4788570 0.5684372 0.5305780 0.4302610 -0.0209284 0.0845588 0.0829083 -0.0068830 -0.1484318 -0.2255239 -0.2798298 0.3771073 0.3038739 -0.1381257 0.1483566 -0.0383412 0.0514461 -0.0299730 -0.0457004 0.0212989 -0.2863478 0.1019915 -0.3909776 0.1278150 -0.3715236 -0.3060478 0.1987549 0.3896986 -0.1524546 -0.0247895 -0.0168962 0.0672734
-0.0499401 0.1569843 0.1783200 0.6979047 -0.1636585 0.6737307 0.6889067 0.3215114 0.7504243 0.4077401 0.3116740 0.7122974 -0.1281055 0.1003188 0.0000000 -0.1763840 -0.0417281 0.2854625 -0.1404271 -0.5819220 0.6265930 -0.3708150 -0.1856493 0.8555401 -0.2938819 -0.3904336 -0.0571841 0.4079023 0.8865880 0.1562732 -0.0211949 -0.2993463 0.2597515 0.6527521 -0.3568700 0.4999504 -0.4065732 -0.2129489 0.0823420 0.2363128 -0.1175260 0.6907166 -0.0606026 0.1451386 0.6563303 -0.2528377 -0.3347220 -0.2735929 0.3248502 -0.1889619 -0.3454215 0.0504207 0.4133803 0.3531727 -0.1703568 -0.2228190 -0.4234381 0.5765080 0.2039013 -0.3917524 0.4864244 0.0556905 -0.0091158 0.5542570 0.5212731 -0.3678708 -0.3739582 0.2810127 0.0287867 0.3566310 -0.3554112 0.5096896 -0.2243895 0.4300406 -0.2573990 0.0994252 0.1501015 -0.2734283 -0.2277279 0.1333373 -0.3275896 -0.3296391 -0.3810093 0.0030809 -0.2159762 -0.0027246 0.2320959 -0.4274289 -0.1229085 -0.1378849 0.3415641 -0.0021888 0.1078620 -0.5579940 -0.0094141 -0.0686840 -0.2310479 0.3664015 0.1761843 -0.6244225 -0.1322061 0.3289019 0.1759189 -0.2098765 0.1053215 0.0105150 0.0295275 0.1685377 0.0845009 -0.1441849 0.0684314 -0.0747287 0.0143039 0.0923804 -0.2439890 0.1484156 -0.0015601 -0.0732412 -0.0140093 0.1716106 -0.0595552 -0.0408833 -0.1207975 -0.1821886 -0.1459038 -0.0353033 -0.2250998 -0.1763999 -0.2916934 -0.1400904 -0.1892823 0.0016345 -0.0763573 -0.2328071 -0.2185174 -0.0137327 -0.1672899 -0.0807688 -0.0372046 0.0151409 -0.0823500 0.1900091 -0.3084067 -0.2544647 -0.2892705 -0.0432583 0.1307295 0.0024396 -0.2141862 0.1670284 0.0475499 -0.3650196 0.2047709 -0.1246970 0.2806244 -0.2732013 -0.4143521 -0.2329880 -0.3248209 -0.1453352 0.0486932 0.0176166 -0.1587131 -0.1363437 0.0464412 -0.3531413 -0.2695167 -0.3509309 -0.3119085 -0.1751452 -0.3163920 -0.2148465 0.0486234 -0.2762938 0.2392397 0.4601161 0.5151452 0.0624078 0.5021905 0.4969110 -0.5170114 0.2581490 0.3069489 0.2813926 0.3030621 0.4508951 0.2412926 0.0342300 0.1610227 0.2799093 0.4078953 0.2697995 0.2355468 0.3124639 0.0516163 0.2125294 0.3585301 0.3065423 0.0511319 0.1136661 -0.1109860 0.0000672 0.0218328 -0.1545674 -0.2144015 -0.1607481 -0.1058183 0.1044005 0.0229414 -0.0835587 -0.0091246 0.2564344 -0.3086223 0.1746256 0.2688407 -0.0799611 -0.4216263 -0.4506411
0.2128434 0.1825741 0.3541804 -0.0813556 0.5147652 0.0314451 -0.2472348 0.4823046 0.0943116 0.6296910 0.7809642 -0.2249786 0.6633957 0.5399933 -0.1763840 0.0000000 0.5385363 0.4424646 0.2850409 0.1279502 -0.1957898 0.4612510 0.8044640 -0.3346788 0.3554363 0.5443385 0.3603619 -0.2301503 -0.2266327 0.0001557 0.3025487 0.2398960 -0.4603390 -0.3839045 0.5068018 -0.1535993 0.1859031 0.1251951 -0.0077750 0.0439026 0.2010136 0.0883345 0.3109552 -0.4714259 -0.1587098 -0.0699396 0.1515846 0.1051478 -0.4635646 -0.2261246 0.2419495 0.3283127 -0.2761419 0.0598295 0.1219875 0.0294442 0.2891745 -0.4264281 0.5379086 0.1792330 0.2769037 0.5990555 0.3544499 0.0115707 0.2035757 0.4325214 0.3364661 0.5767348 0.1465716 0.4669991 0.2951124 0.1999957 0.6745528 0.4074442 0.6589296 0.5432292 0.5064106 0.4178983 0.7301405 0.5596201 0.4721278 0.3866104 0.3646974 -0.3248285 -0.2340190 -0.1270376 -0.4238911 -0.1770389 -0.3180805 -0.0730617 -0.1768825 -0.0938738 -0.2037892 -0.1215211 -0.3280913 -0.1589447 -0.0686193 -0.2837180 0.0091296 -0.0347936 0.0454903 -0.3041325 -0.2626609 -0.4845989 -0.0222972 -0.1982525 0.0284070 -0.0784059 0.0557118 0.1574730 0.0768762 0.0950815 0.1260974 0.0051629 0.2022448 -0.0286993 0.0948665 0.2889052 0.3982007 -0.2071526 0.0552471 0.1066465 0.0745363 0.3718252 0.1344202 0.1666170 0.0032391 0.2968546 0.1452956 0.1207784 0.1177391 0.2335478 -0.0106625 0.4850643 0.1641011 -0.0301352 0.0694894 0.2167467 0.2355786 0.1066707 0.0536465 0.0194070 0.3512789 0.3118347 0.0688304 -0.1254629 0.1102837 0.1678624 -0.0477301 0.0689496 0.1423357 0.1776391 0.0885395 0.1268375 -0.0358970 0.2325198 0.2495444 0.2371486 0.1261058 0.3055711 0.2234500 0.0763834 0.0879961 0.3234728 0.0891774 0.1736246 0.0423336 0.0060670 0.0552508 -0.0424544 0.1678621 -0.0765154 -0.1575203 0.1217820 -0.1045609 -0.4579620 -0.0756577 -0.0966828 -0.0922819 0.1400248 0.3205185 0.2766291 0.4536350 0.3779647 0.5463864 0.3873914 0.5987866 0.7595629 0.6294353 0.4341577 -0.0450737 0.2863277 0.0939240 0.0621136 0.0829199 -0.0679359 0.0893455 0.3725033 0.2896907 0.1741497 0.2806701 -0.2108395 0.1258046 0.2035341 0.2191062 0.1507079 0.1107724 -0.2628255 -0.2931691 0.1155153 0.0126895 -0.0958896 0.5461712 0.0321143 -0.1780985 -0.2031324 0.0242760 -0.0360873
-0.0390804 0.1692781 -0.0121648 -0.2466765 0.3105834 0.0061645 -0.3094283 0.0386111 0.2249380 0.5854437 0.5591507 -0.4806804 0.3284713 0.7695809 -0.0417281 0.5385363 0.0000000 0.5562657 0.0982101 0.0238899 -0.4951121 0.2859655 0.8278555 -0.1005074 0.2607961 0.3443835 0.6833768 -0.0637968 0.0671589 0.1879335 0.2965461 0.1328343 -0.2760526 -0.1027190 0.3176060 -0.2779807 0.0592060 0.0735037 0.4317721 0.4051772 0.0882505 0.0198747 0.7506005 -0.3543069 -0.1847358 -0.0164140 0.1068219 0.0633368 -0.3824612 -0.1700231 0.2508995 0.8469524 -0.3021702 0.5181761 -0.0267734 -0.0065509 0.2341513 -0.2689506 0.0957853 0.2763716 0.0161903 0.7824051 0.3802902 -0.1234867 -0.0202535 0.3802364 0.3464202 0.5808564 0.1139328 0.4602505 0.2966104 0.1409451 0.5989995 0.2887733 0.4154355 0.4056994 0.3338858 0.2533861 0.3167128 0.2676110 0.2286641 -0.0933697 -0.0823669 -0.4996200 -0.3842687 -0.4481757 -0.6212859 -0.1177626 -0.6318138 -0.3855112 -0.6360330 -0.4712529 -0.6790738 -0.0097472 -0.7958425 -0.5856524 -0.4429331 -0.6150653 -0.5398689 0.1923025 -0.2995242 -0.5104319 -0.4884502 -0.1326483 -0.5748923 -0.6248399 -0.5334528 -0.5241255 -0.5204744 -0.4609973 -0.5357776 -0.4364661 -0.2956862 -0.5084183 -0.3786274 -0.3547336 -0.4630473 -0.3064089 -0.2574424 -0.6002835 -0.5393575 -0.4805892 -0.2519516 0.0164451 -0.4627894 -0.2564027 -0.3718963 -0.2667796 -0.3350578 -0.4848937 -0.4332463 -0.3164538 -0.3724687 0.1158123 -0.3952112 -0.4029750 -0.4300929 -0.2780588 -0.3280557 -0.3207663 -0.4332179 -0.3084549 -0.2198880 0.0836624 -0.3056613 -0.4150503 -0.3187214 -0.2821579 -0.4813401 -0.3589752 -0.3940684 -0.0826188 -0.3079088 -0.3930508 -0.2801134 -0.0975977 -0.2329690 -0.1598472 -0.3263968 -0.2856055 -0.2847517 -0.4420337 -0.2648626 -0.1768725 -0.4127094 -0.2221165 -0.3290070 -0.2764603 -0.3274411 -0.5647467 -0.2643808 -0.4580963 -0.3864056 0.1558973 -0.5206811 -0.6887414 -0.5204298 -0.2350999 -0.4667758 -0.3569127 -0.1144238 -0.1558596 0.0131827 -0.0192101 0.4014623 0.1747983 0.4950025 0.5296544 0.4434205 0.2548363 -0.1226504 0.0333454 0.0199301 -0.2099148 -0.2981042 -0.2928189 -0.2538542 0.3304733 0.2730348 -0.1314411 0.2738964 0.0479742 0.0471844 -0.2403196 -0.1093671 -0.2297397 -0.2488395 0.1614681 -0.1259448 0.1662297 -0.2867114 -0.3019887 0.2598901 0.0675072 -0.1921693 -0.0095449 0.1961662 0.0986877
