0.0000000 0.5544900 0.5590570 0.1318330 -0.0159209 -0.0312293 0.3415035 0.0640965 -0.0041575 -0.0637089 0.0436376 0.1876465 -0.0451260 0.3207789 0.3483284 0.0481455 0.0836942 0.6170821 0.0914846 0.1988578 -0.1941531 0.0988043 0.1170397 0.2141519 -0.0074034 0.0096239 0.3102827 0.3815831 0.3338966 0.3947461 0.0582487 -0.0281531 0.1904459 0.0585869 0.1905554 -0.1672958 0.0952222 0.0259305 0.3639666 0.5492862 -0.1874562 -0.0285182 0.2436524 0.0212250 -0.1223458 -0.0706834 -0.0596887 -0.2313144 -0.0590498 0.2834832 0.0690876 0.1518399 -0.1362846 0.1424591 -0.0618747 -0.1920284 -0.0078177 0.1270721 0.1018998 0.1948912 -0.1759437 0.0589960 -0.0895858 0.0091197 -0.1038472 -0.0916322 0.1086974 0.0260604 -0.2089989 0.1475732 -0.0457828 0.0215663 0.0476509 -0.0895708 0.0009994 0.0433949 0.0861142 -0.0902195 -0.1046433 -0.1518183 -0.2565930 -0.4603873 0.3508085 -0.2661471 -0.0561289 0.3087926 0.4306569 -0.1518040 0.1073284 0.2661329 0.0599595 0.3351957 0.2458327 -0.0164001 0.4344157 0.0777273 0.2447973 0.1793673 -0.0550271 0.0169828 -0.4311604 0.2060698 0.0260325 -0.0412419 0.1192676 0.1465137 0.0839293 0.2908721 0.1153735 0.2759581 0.1837324 0.3977760 0.3547289 0.1856851 0.3513536 0.5287431 0.3844349 0.4034618 0.4386534 0.3072545 0.4350614 0.6013256 0.1890249 0.0123480 0.3217299 0.1994914 0.4750248 0.0244528 0.2763564 0.3102521 0.4348178 0.1806964 0.4582503 -0.2436571 0.3109155 0.2092684 0.5462026 0.1244346 0.6596991 -0.4115990 0.4096571 -0.3762243 -0.3249865 0.0709029 0.4901076 -0.1006646 0.6392654 0.3704931 0.4795524 -0.4899471 -0.2497494 -0.0898294 0.3395693 0.2793684 0.0767892 -0.2396521 -0.0852973 0.3252639 -0.3060997 -0.0995678 0.1027641 -0.3678991 -0.0321330 -0.1049675 0.5194909 -0.0725445 0.2513233 0.2659644 -0.2883466 -0.1983611 0.1026259 0.4349200 0.6948777 0.5452371 0.3841252 0.1455099 0.0297170 0.0732387 -0.0730414 0.0972968 0.1496071 -0.2009909 -0.0733690 -0.0097898 0.0706874 -0.0733489 -0.2400339 -0.2825600 -0.2577623 -0.1895152 0.1403496 -0.1218820 -0.1175246 0.1043521 0.3140232 0.0558288 0.0792985 0.0559583 -0.2992404 0.0501063 0.3423783 0.0019188 -0.0506338 0.2736430 0.3274583 0.1745380 -0.1033425 -0.4361466 0.4120402 0.2311026 0.1181926 -0.1150918 0.3310136 0.2375683 -0.0513817 -0.2982318 -0.0478440 -0.6660876
0.5544900 0.0000000 0.3905453 0.2512549 -0.0261153 0.2457326 0.5581135 0.0910579 0.0104438 0.3782382 0.0008129 0.2752567 -0.2119255 0.4046955 0.1417358 -0.0200901 -0.0572127 0.3383706 0.2448590 0.0812601 0.0249085 0.0470248 -0.1077079 0.2149943 0.1591484 0.0642155 0.0669504 0.3468729 0.2181293 0.4622985 -0.1949160 -0.0274446 0.2541627 0.2020261 -0.0122493 0.0013413 0.0716894 0.1144378 0.3302848 0.4696642 -0.3242153 0.0156491 0.1238949 0.0356509 0.1209784 0.0743649 0.0844731 -0.1290302 0.0100313 0.1561625 0.0699455 0.0284095 0.0831485 -0.1734805 -0.0242922 -0.0106567 0.0717795 -0.3379367 0.1852605 0.1097774 0.0765394 -0.0888630 -0.2619155 -0.1907477 -0.0471917 -0.0675509 0.0618324 -0.0755128 -0.1078253 -0.0201327 -0.2330368 0.1474228 0.0307008 0.0367811 0.0043891 0.0724540 0.1653439 -0.2788650 -0.0769402 0.0509748 -0.1401327 0.1566775 0.3022884 0.1696039 0.3347425 0.5300147 0.2884983 -0.2558829 0.3167212 0.2301403 -0.0675690 -0.1743193 0.0743003 -0.2730659 0.1296727 -0.2881347 0.0550113 0.1104078 -0.3177434 0.1361969 -0.2538779 0.0643620 0.0783083 -0.1010217 -0.0541630 -0.3223094 0.3296997 -0.0432979 -0.0176526 0.4346818 0.2515893 0.3566702 -0.0799254 -0.0372848 0.6123959 0.2294499 0.3531582 0.6988190 0.6125941 0.6227736 0.5885332 0.3099751 0.4168579 0.3537010 0.2946216 0.3529397 0.5170508 0.2595883 0.2658789 0.2344480 0.1966550 0.4328160 0.3787398 0.0252464 0.2474131 0.2849327 0.2621313 0.1252232 0.3925036 0.1358576 0.2525848 0.0160948 -0.0563764 0.0896784 0.2972815 -0.0431413 0.4087493 0.3238752 0.1373424 -0.0272733 0.2130210 0.1640461 0.4049911 0.2961314 0.0151948 -0.0502564 0.1830337 0.4685020 0.0610662 0.2087059 0.2576294 -0.0138177 0.2369132 0.1908496 0.3379612 0.2455070 0.3674764 0.2135977 0.3428745 0.0648378 0.2666090 0.4342361 0.2714486 0.3912772 0.5698895 0.4528249 0.5027181 0.5664425 0.3221554 0.4139993 0.6018913 0.1163525 -0.0988673 0.0309147 0.2767188 -0.0198962 -0.0215983 0.0746175 -0.0554744 -0.0383213 0.5666205 0.0178464 0.1232566 0.5590066 0.5951916 0.4983172 0.4426105 0.3227845 -0.0947786 0.3036969 0.3902621 0.1903194 0.2819117 0.7087082 0.2611366 0.0069369 0.2144267 0.3188333 0.1601212 0.4527464 0.5068666 0.3363838 0.1299574 0.4247476 0.4337615 0.0208407 -0.2219106 -0.1360064
0.5590570 0.3905453 0.0000000 0.4364065 0.5357864 -0.0733810 0.2718380 0.5302420 -0.0995390 0.4056200 0.4189506 -0.0376328 0.5566224 0.5108318 0.0128244 0.4162050 0.4305996 0.3131363 0.3221164 0.7560657 -0.2234534 0.5219423 0.4975847 0.0659128 0.3277700 0.4119755 0.4326204 0.2843612 0.2651375 0.6011601 0.2812661 0.4696621 0.0765805 -0.0211022 0.4773263 -0.1540907 0.3938214 0.4763257 0.6752521 0.6007171 0.1547812 0.0576466 0.4953712 -0.0999726 -0.0063337 0.4098170 0.3113133 0.4343623 -0.1756169 0.4455351 0.3578086 0.3053841 -0.1895639 0.1795641 0.5454483 0.4131748 0.4069407 0.1126491 0.2091011 0.4151071 -0.0161311 0.3273058 0.4514579 -0.1498471 -0.0793305 0.3833291 0.4582725 0.2833564 0.3509723 0.1952286 0.2913350 0.0400153 0.2533826 -0.1582015 0.4948570 0.1205499 0.1248920 0.1885052 0.0603268 0.1074069 0.1206863 -0.0003841 0.6625549 -0.0189993 0.0980528 0.4792707 0.2032030 -0.0612605 0.1624688 -0.0305214 0.2641416 0.0068472 0.5317872 -0.2201470 0.3405931 -0.5199069 -0.1551296 0.5826268 0.0601011 0.1369176 -0.0354562 0.6350461 0.5828301 0.0408406 0.0402954 -0.2614734 0.3802281 0.1734170 0.3782620 0.1561810 0.0669016 0.4092622 0.0372294 -0.0032496 0.5531257 0.2790969 0.5802625 0.6104487 0.5835234 0.3442319 0.3314459 0.2104461 -0.0008025 0.3281190 0.4520823 0.1922554 0.2815746 0.0075997 0.3826147 0.0467109 0.2354424 0.1046160 0.1477905 0.2058648 0.4126947 0.2833285 0.3692956 0.2238347 0.5440398 0.0847769 0.1410641 0.0252968 0.0426961 0.3398396 0.6442097 0.0254629 0.3097832 -0.0554619 0.4521893 -0.0538948 0.1126827 0.2311247 0.2688494 0.1118646 0.1917951 -0.1329494 0.0702740 0.4014764 0.2767991 0.0834286 -0.1860769 -0.2483646 0.0425182 0.0250650 0.1710482 0.1859850 0.2923144 0.3120957 -0.0064223 -0.1747231 0.1468247 0.0851168 0.5937450 0.7907072 0.5143172 0.3206410 -0.0394808 0.2152281 -0.2184955 -0.0142935 0.2619828 0.0515692 -0.0294934 -0.0192758 0.0816431 0.1337328 0.2437936 0.3318517 0.1564374 -0.1705682 0.2088721 -0.1403606 -0.1299556 0.2702439 0.3153153 0.3089764 -0.1046819 0.0019290 -0.3184657 -0.0826599 0.6807732 0.0144844 -0.0199454 0.3018507 0.5224766 0.1414543 -0.1115889 -0.2086006 0.2369538 0.4201530 -0.0830843 -0.0489824 0.5670763 0.0774275 0.1150980 0.1391601 0.0431011 -0.1101287
0.1318330 0.2512549 0.4364065 0.0000000 0.4014006 0.5340604 0.2444783 0.7328007 0.2971820 0.3029687 0.8432299 0.4428573 0.4014324 -0.1151543 0.1483657 0.6715657 0.7088532 -0.2255718 0.7315727 0.4593043 0.2631416 0.7663621 0.5505677 -0.2785091 0.6984436 0.5264920 0.4552568 -0.3136618 0.5869267 0.1289365 0.3365673 0.3860729 -0.1714718 0.1726140 0.3326792 0.6772039 0.4213444 0.7049132 0.2595133 -0.0097886 0.2549367 0.7761331 0.2893298 -0.4685510 0.7391853 0.5064534 0.5675162 0.4899417 -0.1793817 0.3436121 0.4643688 0.2463449 0.1728576 0.1657687 0.1256601 0.3684756 0.5871496 0.1869177 0.6183557 0.4239713 0.8150580 0.4006211 0.1389025 0.6115964 0.5387037 0.5519352 0.5409205 0.5687114 0.3662682 0.7399380 0.2967206 0.7415495 0.5016010 0.6331467 0.5890519 0.7867470 0.8204880 0.3297961 0.6649549 0.8399450 0.5115921 0.0342415 0.2907734 0.3536371 0.1837854 0.4272771 0.5626382 0.1453139 0.3906365 -0.2176150 0.5141713 -0.0078747 0.5792997 -0.0638115 0.2386301 -0.1152548 0.1640618 0.6822289 0.2726286 0.2668471 0.1658807 0.5805797 0.2887122 0.1294787 0.1342496 -0.0899509 0.0953589 0.3038804 0.5294843 0.1168049 0.4564342 -0.1459413 -0.1872860 -0.1837758 0.2976926 -0.0873802 0.2024213 0.3613262 0.3449508 -0.0307578 -0.0021835 -0.0954835 0.0855055 0.5421202 0.3527290 -0.0799291 0.6009945 -0.0304723 0.3166011 0.3595511 0.2477508 -0.1661640 0.4771729 0.5710310 0.1520346 0.1032600 0.3048836 0.3687820 0.4056650 0.2226053 0.1177927 0.1319664 0.1546968 -0.2080689 0.4428968 0.0974387 0.1063383 -0.0070883 0.0254505 0.2874371 0.2709549 0.1638139 0.5306106 0.1233495 0.4280996 0.0696330 0.0383723 0.2738308 0.3494901 -0.1071317 0.0789280 0.4315589 0.1466023 -0.0021968 0.2751307 0.1085165 0.1386791 0.0774444 0.2973968 0.0769436 0.3299114 0.2182557 0.2322096 0.3039888 0.1290816 0.1117564 -0.0942091 0.0761952 0.0245973 0.4177209 0.1179735 0.6107335 0.6923215 0.7642007 0.6018516 0.7898762 0.5403077 0.6353173 0.5145386 0.3584854 -0.2523177 0.3830186 0.0136915 -0.0676714 -0.1824381 -0.1187909 -0.3379606 -0.2056587 0.5760103 -0.2852612 0.1019438 -0.3439565 0.2809218 -0.0000688 0.4454707 0.2744044 -0.1313422 0.2118138 -0.1861999 -0.1715162 -0.2654849 0.1361239 0.0094448 -0.0506465 0.3826908 -0.0953020 0.5524559 0.4437811
-0.0159209 -0.0261153 0.5357864 0.4014006 0.0000000 -0.3508993 -0.1975840 0.8532399 -0.5098508 -0.0704246 0.6798324 -0.4987413 0.8642452 -0.0023232 -0.4855625 0.7536099 0.7561706 -0.2841337 0.6107461 0.7721969 -0.5626401 0.7398117 0.7620840 -0.5489575 0.7532578 0.8147068 0.5746593 -0.3128543 -0.1584634 0.4532026 0.3526893 0.8919345 -0.5025394 -0.5172045 0.7648404 -0.1347984 0.8399865 0.6830591 0.6081923 0.2870947 0.4378905 0.2797092 0.6875605 -0.3644263 0.0775938 0.8199193 0.7775918 0.5903503 -0.5396149 0.6977976 0.7572769 0.6259796 -0.6097221 0.6254705 0.6589929 0.7496267 0.8336933 0.4695028 0.6587920 0.6950660 0.2588714 0.7348474 0.8005517 -0.1603952 -0.2972849 0.8994560 0.7471890 0.7123035 0.9009085 0.5204469 0.7739185 -0.1162895 0.6939075 -0.2889534 0.8619400 0.3315162 -0.0701893 0.7512640 0.5810011 0.1864513 0.6483732 0.1715518 0.3933021 0.3517152 0.1798716 0.4728929 0.3510107 -0.0893428 0.3404111 0.0200004 0.3662412 0.0874023 0.1710449 -0.2499324 0.1001561 -0.5490463 -0.3879896 0.2259156 0.3580277 0.2730954 0.5846116 0.4883736 0.7120679 0.4252362 -0.3814591 -0.5856597 0.2987240 -0.2293687 0.4632658 -0.4277816 -0.1320474 -0.0042942 -0.3703798 -0.4344259 -0.0885594 -0.3255115 -0.0286814 -0.0536104 -0.0850155 -0.3104112 -0.4496928 -0.3370438 0.2167090 -0.0591171 -0.1807327 -0.3861186 0.0650176 0.1879874 -0.1059742 -0.4216566 -0.1387711 -0.1614765 0.0471963 0.1579044 0.0614039 -0.1630967 -0.0563894 -0.0429609 0.0451014 0.3777775 -0.4200476 0.2030349 0.6972668 0.4610623 0.1245545 -0.3660709 -0.2916178 -0.4085009 -0.2594825 0.3496286 0.6827557 0.6534015 0.0015841 -0.2783759 -0.0111478 0.2333449 0.5975034 0.0931200 0.7398433 0.5861884 -0.4013146 0.3944215 0.1085819 0.5239317 -0.2195392 0.4595933 -0.0566086 -0.3299860 0.3827537 0.5217576 -0.0945666 -0.3631008 0.4106974 0.1892247 -0.0156827 -0.2941974 -0.5337188 -0.0279964 -0.5892541 -0.1295265 0.4069397 0.4437372 0.3920997 0.2723179 0.5275095 0.2535179 0.8416161 0.7303824 -0.1648170 -0.5547186 0.0204297 -0.5127062 -0.6823586 0.2346736 -0.2203319 0.1395023 -0.6434314 -0.6146450 -0.1250785 -0.6799004 0.3313903 -0.3666680 -0.0613875 -0.2331533 0.5099733 0.2483740 -0.5047600 -0.2083707 -0.2982909 0.0117137 -0.5886406 -0.4689989 0.2526333 -0.4476524 0.0014124 0.5695946 0.1862526 0.3608372
-0.0312293 0.2457326 -0.0733810 0.5340604 -0.3508993 0.0000000 0.6354708 -0.0133917 0.7241144 0.4947966 0.2985846 0.9426147 -0.2900196 -0.1737905 0.5415687 0.0656225 0.0591713 0.0106078 0.2119204 -0.1722855 0.8782612 0.1788447 -0.0468096 0.2607671 0.1011610 -0.1229299 -0.1224430 0.0313933 0.6223507 -0.3177196 0.1809210 -0.3076923 0.3810491 0.7130185 -0.2646325 0.8598310 -0.1971027 0.2115862 -0.3293290 -0.3226013 -0.0428247 0.4739857 -0.3449039 0.0243803 0.6917790 -0.0318630 0.0388236 0.2055512 0.4097724 -0.1448051 -0.1232430 -0.3712054 0.7853913 -0.3259053 -0.3273620 -0.1161475 -0.0432690 -0.1601466 -0.0814069 -0.1560850 0.5971985 -0.1999335 -0.4392312 0.7114935 0.8713651 -0.1289477 -0.1128392 -0.0880588 -0.2903028 0.2305558 -0.3183412 0.8086319 -0.1254911 0.7927609 -0.0452318 0.5472942 0.8018590 -0.2802081 0.1327831 0.6604040 -0.0916845 -0.0368725 -0.3532465 0.1552217 -0.0347870 -0.1612932 0.1881582 -0.0752693 -0.1063549 -0.4183931 -0.0290162 -0.2242840 0.2350342 -0.1303194 -0.2476423 0.1584017 0.2140864 0.3071968 -0.3513954 -0.2532556 -0.3200568 -0.0357508 -0.4073479 -0.3852562 0.2942017 0.3443612 -0.1576768 0.2300901 -0.0368192 0.4477137 0.2620474 -0.2453241 -0.2443759 -0.1754564 0.1589272 -0.1386878 -0.0247352 0.2816383 0.3791925 0.2613686 0.3604794 -0.0125776 -0.3583006 0.6663711 0.3548560 0.0725506 0.3047213 -0.3951432 0.2349378 0.5831262 0.2605217 -0.3583251 0.2865560 0.5824832 -0.3436132 -0.1461138 0.2365836 0.3126606 0.2247948 0.1965773 0.0868879 0.0966651 -0.5199623 -0.7090490 0.0762264 0.2678754 0.0934958 0.0783490 -0.0973247 0.1392002 -0.1299068 -0.4681427 0.3064198 0.0898293 0.2282423 -0.2358988 -0.5746016 -0.0416475 -0.3524718 -0.6049954 0.1175094 0.0345350 -0.1003095 -0.5809692 0.1180303 -0.4221179 -0.0564866 0.1205829 -0.1020306 -0.3929593 0.0760603 0.3377763 -0.1205425 0.1174187 0.2888721 0.5111873 0.4598170 0.2300301 0.6910622 0.6657240 -0.0676286 0.3774115 0.3689491 0.5893496 -0.0507442 0.6399349 -0.2338954 0.0985811 0.6344393 0.8141515 -0.2141874 0.8719269 0.6731355 -0.2404116 -0.0739932 -0.2608698 0.3619920 0.2975222 0.7143623 0.2457142 -0.2961810 0.1856181 0.1943192 0.2880397 0.0755919 -0.0760263 0.3490158 0.4506272 0.0792839 0.0141353 0.3923107 0.7395919 -0.3903596 0.4589523 0.5593600 -0.6234020 0.5580808 0.2179068
0.3415035 0.5581135 0.2718380 0.2444783 -0.1975840 0.6354708 0.0000000 -0.0159873 0.3502752 0.5623471 0.1677227 0.6449865 -0.2039525 0.3153756 0.3922426 0.1094764 0.0865869 0.3063000 0.2174852 -0.1365151 0.4048130 0.1312615 0.0533667 0.3951823 0.1349832 0.0002169 0.0244244 0.3492146 0.2031541 0.1349226 0.0119430 -0.0859835 0.4265792 0.4649400 0.0160478 0.2314027 0.0083254 0.1722297 0.0376580 0.1497323 -0.1345389 -0.0863837 0.0455119 0.1814395 0.0729084 0.1179664 0.1106085 0.1388847 0.2906851 0.0619841 0.0134371 -0.0893629 0.3907648 -0.0809933 -0.1662370 0.0589979 0.0560315 -0.2187183 -0.2562743 0.0487993 0.0357090 -0.0091611 -0.3007234 0.1299366 0.3034088 -0.1823574 0.0318693 -0.1011879 -0.2203493 0.0228625 -0.2492760 0.2722208 -0.0756111 0.1816989 -0.0252789 0.2326931 0.3276732 -0.2512802 -0.1059022 0.1977786 -0.1753070 -0.0438487 -0.2157199 0.2156277 0.0832353 0.0258051 0.0810803 -0.2037699 -0.2309905 -0.1156296 -0.4345286 -0.3373682 0.0155481 -0.1818907 -0.1720667 -0.3098088 -0.1650286 0.0242184 -0.4368705 -0.1451893 -0.5186300 -0.2402095 -0.1416402 -0.1693532 -0.1043155 0.0390550 -0.0917571 0.0939440 -0.3458748 0.4543935 -0.2084201 0.0297295 -0.2863837 -0.2939119 0.4086704 0.0495437 0.1558639 0.4556372 0.6342768 0.6025343 0.4729118 0.1126329 -0.1739707 0.4565663 0.1080432 0.2755439 0.1936382 -0.2312519 0.1211057 0.1418269 -0.0951269 -0.1887343 0.1287491 0.3399273 -0.1761764 -0.0787788 -0.0296187 -0.0257085 0.0701952 0.2551077 0.0753381 0.0908407 -0.4001713 -0.2224586 -0.0160640 0.1013204 0.0683266 -0.0556250 0.0112483 0.0416416 0.0180136 -0.2972902 -0.0443132 0.0580067 -0.0927104 -0.3505867 -0.2965695 0.0074294 -0.2897497 -0.2259580 -0.0181315 -0.2014407 -0.1547419 -0.2980453 -0.0416169 -0.2893950 -0.0615225 0.1354484 -0.0434080 -0.2616715 -0.1030983 0.1907719 0.1720260 0.4148272 0.8247645 0.7870427 0.6237659 0.5473110 0.5781783 0.4765187 0.3698008 0.2230892 -0.0489915 0.2166367 -0.2180307 0.1252629 -0.3419845 -0.0058651 0.1883223 0.2885097 0.3031109 0.4432271 0.5855498 0.2731967 0.4311545 0.3194723 0.6387971 0.5496436 0.2088752 0.4443907 0.2340124 0.4410112 -0.1259799 0.7336659 0.0861004 0.0505702 0.3814559 0.3612387 0.4409954 0.5902891 0.5351804 0.7018046 -0.0707392 0.7261641 0.5203611 -0.4244889 0.3026108 -0.0974658
0.0640965 0.0910579 0.5302420 0.7328007 0.8532399 -0.0133917 -0.0159873 0.0000000 -0.2140964 0.0552330 0.8699106 -0.1478858 0.8351460 -0.0101113 -0.2043846 0.8927026 0.8769951 -0.2823097 0.8535314 0.6770558 -0.2857785 0.8971075 0.8269033 -0.4551852 0.8997537 0.8993754 0.6920736 -0.2865877 0.1755963 0.4966343 0.4468877 0.8692172 -0.3855561 -0.2266896 0.7755875 0.1856602 0.8638896 0.8864850 0.6589146 0.3194440 0.5139347 0.5086700 0.7368263 -0.3641113 0.3611712 0.8907639 0.8619848 0.7015096 -0.3693589 0.7094555 0.8155811 0.7042492 -0.3274209 0.6478019 0.5908379 0.7925236 0.9119579 0.5210070 0.7193223 0.7826372 0.4962348 0.7876119 0.6381261 0.1868411 0.0095877 0.9089915 0.8655671 0.8381814 0.8446051 0.7700583 0.7864677 0.2554759 0.8501567 0.0731663 0.8983283 0.6741810 0.3443673 0.8128269 0.8480549 0.5283564 0.8343866 0.0651179 0.4145810 0.4431402 0.2551504 0.5846069 0.5403540 -0.0032145 0.4487735 0.0292585 0.4248415 0.0586871 0.3526168 -0.2468237 0.2638428 -0.4193077 -0.2413793 0.4349026 0.3508106 0.2375762 0.3959228 0.4968154 0.6591641 0.3898422 -0.2279020 -0.3314145 0.0868801 0.0105904 0.4774699 -0.3715734 0.1364522 -0.2649062 -0.3377749 -0.3858627 0.0229154 -0.1515736 0.0742233 0.0491702 0.0350052 -0.3640937 -0.4537549 -0.2226408 0.2216595 0.0574576 -0.0587981 -0.4402447 0.4007029 0.1383981 -0.0944012 -0.1407703 -0.0023840 -0.1850303 0.3376037 0.2370878 0.1861581 -0.1247591 0.0960850 -0.0261601 0.1728979 0.2193591 -0.2455463 0.0150348 0.6101692 0.1428940 0.2968074 -0.2943079 -0.1859661 -0.3033188 -0.1365285 0.3054630 0.5425833 0.5542509 0.2095557 -0.1445528 0.1046195 0.1216208 0.4880479 0.2047711 0.6957774 0.3399695 -0.1843811 0.4419687 0.0597088 0.3904929 -0.0484557 0.3751235 -0.0322430 -0.2278592 0.3881904 0.4051722 0.0768514 -0.1711011 0.3736156 0.2429289 0.0662458 -0.1872042 -0.4975664 -0.0892743 -0.4706749 0.0054982 0.2927452 0.5500819 0.5361889 0.5442603 0.6419197 0.5325685 0.8563848 0.8517834 0.0762288 -0.2505008 -0.2160722 -0.1941150 -0.4919148 0.0559819 -0.3491428 -0.0411100 -0.6782144 -0.5706613 0.2336931 -0.6666387 0.2709672 -0.3296911 -0.0102035 -0.2252089 0.5862634 0.4910137 -0.5171663 -0.0861083 -0.2351565 -0.0081393 -0.6036546 -0.3466542 0.2883176 -0.4054533 0.0775096 0.4114352 0.3333147 0.4031730
-0.0041575 0.0104438 -0.0995390 0.2971820 -0.5098508 0.7241144 0.3502752 -0.2140964 0.0000000 0.5437049 0.0150337 0.8150176 -0.1904926 0.1220331 0.8601039 -0.2416605 -0.1552842 0.4238399 -0.1554874 -0.2756161 0.8225275 -0.0480462 -0.3317032 0.6551085 -0.2790009 -0.4012017 0.0631862 0.3701275 0.5987465 -0.1644350 0.3015180 -0.3790465 0.6994710 0.8773011 -0.5325422 0.6950034 -0.4601566 -0.0890317 -0.3576597 -0.2192112 0.1023731 0.2781603 -0.5285816 0.3689127 0.4671752 -0.3557649 -0.3616018 0.1519611 0.7391948 -0.4831036 -0.5067797 -0.5873888 0.8820736 -0.3955724 -0.1656051 -0.2018487 -0.3806971 -0.0821419 -0.3467559 -0.4599535 0.2470215 -0.4010085 -0.2061938 0.6432670 0.7797567 -0.2635048 -0.4026258 -0.3415921 -0.3375110 -0.0288620 -0.3586675 0.5508749 -0.4199783 0.5924334 -0.3332937 0.1704464 0.5559670 -0.3027958 -0.0952788 0.4820604 -0.1155070 -0.3641101 -0.1717132 0.1956614 0.2412997 -0.0388009 0.0548757 0.1721888 0.0433289 -0.2443537 0.0120518 -0.1005838 0.3067642 -0.0268557 -0.0552335 0.3336525 0.4017790 0.2961219 -0.2330348 -0.2906417 -0.2609608 0.1019941 -0.2319250 -0.5144091 0.3187359 0.5317182 0.0735703 0.4523647 0.0447725 0.6236877 0.2249962 -0.0685202 0.0155528 0.2064055 0.2697162 0.0668077 0.0540060 0.2351510 0.0717296 0.2541377 0.3357005 -0.0606616 -0.6414828 0.3953206 0.3723343 0.3278071 0.0126103 -0.7257611 0.4389814 0.4111592 0.1735980 -0.3282043 -0.0037467 0.2833168 -0.2101528 -0.2047421 0.1621835 0.4154470 0.1753801 -0.0001187 0.0682602 0.0967610 -0.5474879 -0.4765463 0.1264797 0.0508599 0.1111688 0.0314766 0.3539756 -0.0430893 -0.3852275 -0.6692045 0.2097167 -0.1302858 0.2001739 -0.4714629 -0.7067196 -0.2199582 -0.3624385 -0.6967524 0.0901919 -0.2783784 -0.4053316 -0.6917938 0.1545833 -0.6830783 -0.2054090 0.2640102 -0.4279258 -0.6375986 -0.0616815 0.3740455 -0.0137698 0.2221381 0.2782302 0.4222546 0.3886933 0.1014215 0.7307648 0.6524929 -0.1984989 0.2598936 0.0878973 0.3429628 -0.3653846 0.3808245 -0.4484458 -0.1852129 0.6926529 0.8112440 -0.2975346 0.8364289 0.7803058 -0.4165946 -0.0466331 -0.3526913 0.3333817 0.3840945 0.6203287 0.4648711 -0.2224499 0.3557798 0.2050952 0.1633104 -0.0343658 0.2115550 0.6024073 0.2134176 -0.0172219 0.0935369 0.3209925 0.5829970 -0.1575275 0.3600409 0.2769076 -0.6802759 0.4587075 0.1712128
-0.0637089 0.3782382 0.4056200 0.3029687 -0.0704246 0.4947966 0.5623471 0.0552330 0.5437049 0.0000000 0.0586890 0.4410873 0.0781336 0.6332486 0.3368314 -0.0675677 -0.0531077 0.2854765 0.0309044 0.0979644 0.5403448 0.0729703 -0.1089667 0.5988930 -0.0030328 -0.0490960 0.0467047 0.5077075 0.2342329 0.2771605 0.1441005 0.0139503 0.6471516 0.6362714 -0.1927135 0.2648766 -0.1534134 0.1842936 0.1165079 0.1782653 0.0725147 -0.0980355 -0.1342483 0.3402279 0.1748151 0.0507234 -0.0471554 0.4700739 0.5430793 -0.1925614 -0.2222262 -0.2833950 0.6191796 -0.4224307 0.3487888 0.2690319 -0.0415053 -0.4272608 -0.3523668 -0.1954182 0.0549220 -0.2478281 0.0566670 0.0146750 0.3987832 -0.0697072 -0.1248637 -0.2972191 0.0098453 -0.2642867 -0.2593167 0.2868514 -0.2582101 0.2033629 -0.0350119 0.0174408 0.3058002 -0.2925195 -0.1866112 0.3593391 -0.0429808 0.3152367 0.2566944 0.3596874 0.4275925 0.3140147 -0.2668085 -0.1237754 0.0606142 -0.2600123 -0.1601205 -0.6370636 0.3452781 -0.4157060 -0.1379875 -0.4852412 -0.1759112 0.3918831 -0.3844073 -0.1882808 -0.1908653 0.2006850 0.3034908 -0.4601499 -0.0177657 -0.1379429 0.3497941 0.1890048 -0.0255834 0.5585180 0.0246644 0.2308366 -0.1529028 0.0554135 0.6669245 0.1301086 0.4302527 0.6028521 0.5272091 0.6738962 0.5113556 -0.1001160 -0.3732791 0.5926560 0.3886537 0.4418491 -0.0296436 -0.3460042 0.4056984 0.0934390 -0.0778833 -0.0470890 -0.2097518 0.3773976 0.1051526 0.0296260 -0.0481643 0.2374016 0.0243938 0.4433381 0.0484114 0.3312092 -0.1974072 -0.0373593 0.2798769 0.1590081 -0.0195173 -0.1739085 0.3341243 0.3234756 0.0978793 -0.1363696 0.1313933 0.0471008 0.1174663 -0.2219365 -0.2683675 0.1950538 0.1293548 -0.1844221 0.0307917 -0.2452022 -0.0545556 -0.2776878 -0.0544694 -0.1184383 0.1511588 0.4472754 0.0935507 -0.3967527 0.1145995 0.2027823 -0.1177504 0.4829155 0.7007764 0.8532851 0.6387723 0.6062951 0.6091774 0.4336652 0.2962109 0.2127370 -0.2460619 -0.0109673 -0.3444135 0.1377442 -0.1709291 0.2407397 0.6766473 0.5004687 0.3393005 0.5393619 0.6877187 0.3033936 0.4766744 0.3917808 0.5183031 0.5421462 0.1426106 0.5300784 0.3438735 0.6191637 0.2516187 0.6773918 0.2620006 0.0136756 0.5694084 0.5605167 0.1902721 0.6563811 0.5403041 0.7304595 0.2543384 0.5580186 0.5908227 -0.0750130 0.1345556 0.3319303
0.0436376 0.0008129 0.4189506 0.8432299 0.6798324 0.2985846 0.1677227 0.8699106 0.0150337 0.0586890 0.0000000 0.1782438 0.6672923 -0.2899468 -0.0599544 0.9369347 0.9318220 -0.3630517 0.8657994 0.5975921 -0.0275994 0.9620459 0.8559273 -0.4835445 0.8594376 0.7947913 0.5989150 -0.4389555 0.3326798 0.1720908 0.5440929 0.6861823 -0.3706630 -0.0805183 0.6768428 0.4683167 0.7425663 0.8704831 0.3953396 0.0205031 0.5641606 0.6826680 0.5803203 -0.4539862 0.5128619 0.7843616 0.8456093 0.6715200 -0.3477687 0.6202763 0.7752849 0.5289076 -0.1564834 0.5918455 0.2817115 0.6232675 0.8572013 0.5628056 0.7035333 0.7227221 0.6917973 0.7767627 0.4464741 0.5132960 0.3192986 0.8202898 0.8156349 0.8548226 0.6673125 0.8976950 0.6677891 0.4951978 0.7531114 0.3416794 0.8536033 0.8083504 0.5703862 0.6782674 0.7948052 0.6214052 0.6778135 -0.0714669 0.0758860 0.4137395 0.1131220 0.3215945 0.6366786 0.1234356 0.3466374 -0.0679821 0.5169078 0.1918252 0.4232704 -0.0485320 0.2178431 -0.2257211 -0.0729177 0.4950902 0.4016038 0.2348404 0.2827519 0.5086432 0.3591853 0.4076900 -0.0113888 -0.1173296 0.0354103 0.1711663 0.5489629 -0.1291348 0.1630379 -0.3071136 -0.3696220 -0.3963134 0.0055591 -0.2855346 0.0176359 0.0954313 0.1380942 -0.3176759 -0.3027864 -0.1931081 -0.0195548 0.2764138 0.0896258 -0.3005830 0.4630041 -0.1200026 0.0864520 0.0766798 0.1095469 -0.4206344 0.4331119 0.5361907 -0.0669747 -0.2011259 0.1825544 0.1900484 0.2660609 0.2478135 -0.2377344 0.1467739 0.3177199 -0.0912719 0.2340480 -0.1119646 -0.1281508 -0.2284214 -0.2094027 0.2716851 0.3804008 0.2002777 0.2464381 -0.2138492 0.2075313 -0.0406912 0.1438082 0.0069051 0.4075961 0.0175233 -0.2073522 0.4607126 -0.0926590 0.0627657 -0.0239950 0.0459672 -0.2142576 -0.2984143 0.2185013 0.2100361 0.0255394 -0.0995779 0.4061054 0.2932749 0.1098401 -0.1272203 -0.4244647 -0.1565281 -0.2773234 0.1891059 0.1035224 0.6540300 0.7549446 0.7507040 0.5907728 0.7718193 0.6957121 0.7005784 0.1914374 0.0169403 -0.3870026 0.0455299 -0.2902579 -0.1705343 -0.3915612 -0.1704441 -0.5428803 -0.4725483 0.4579306 -0.5150952 0.1269997 -0.4177054 -0.0459641 -0.2425942 0.4530627 0.3884195 -0.3203382 -0.0806692 -0.2118128 -0.2057020 -0.5459697 -0.1555910 0.0211998 -0.2954976 0.1129971 0.0871691 0.6182059 0.3968734
0.1876465 0.2752567 -0.0376328 0.4428573 -0.4987413 0.9426147 0.6449865 -0.1478858 0.8150176 0.4410873 0.1782438 0.0000000 -0.3740989 -0.0892797 0.7382141 -0.0626796 -0.0649271 0.2516219 0.0899503 -0.2043148 0.8656462 0.0717204 -0.1574984 0.4300484 -0.0804247 -0.2553922 -0.1052939 0.2136611 0.7236052 -0.2487214 0.2324577 -0.4347139 0.5285829 0.8071011 -0.3339838 0.7816226 -0.3045318 0.0770599 -0.2984280 -0.1925667 -0.0739705 0.3889796 -0.3890843 0.1683859 0.5844151 -0.1991426 -0.1275855 0.0580688 0.5231136 -0.2097618 -0.2438972 -0.4248743 0.8184744 -0.3389865 -0.3961090 -0.2709395 -0.2019422 -0.1110618 -0.1861101 -0.2251527 0.4376620 -0.2852313 -0.5023803 0.7311145 0.8487666 -0.2781862 -0.2080165 -0.1899599 -0.4487695 0.1647454 -0.3974358 0.7633659 -0.2285064 0.7415067 -0.2047068 0.4399972 0.7566901 -0.3647235 -0.0021636 0.5322693 -0.2259524 -0.2702997 -0.3300917 0.0120975 -0.0711755 -0.1653881 0.2291639 -0.0542733 -0.1099260 -0.3305575 -0.0420425 -0.0984134 0.2325551 -0.0796090 -0.1396827 0.2687186 0.3131831 0.2696327 -0.3822851 -0.3160362 -0.4894928 -0.0411434 -0.4975141 -0.4577721 0.3590626 0.4897597 -0.1617348 0.3141865 -0.0616734 0.5725371 0.2898576 -0.1718612 -0.1006875 -0.0260067 0.2083504 0.0435377 0.0544673 0.3273105 0.3792718 0.3035008 0.4695294 0.1624961 -0.4189054 0.5508798 0.4142232 0.1951035 0.3371005 -0.4829647 0.3017643 0.6490036 0.3618839 -0.3495923 0.3111527 0.4148650 -0.2955610 -0.1136329 0.3428233 0.3159593 0.3512467 -0.0383323 0.1745734 -0.0600961 -0.6810589 -0.7158515 0.1460218 0.2354127 0.2346457 0.1571585 0.1125617 -0.1295446 -0.3635247 -0.6088357 0.3073733 0.1029686 0.1730765 -0.3775171 -0.6922666 -0.0635030 -0.5237582 -0.7337341 0.1323022 -0.1875299 -0.2099858 -0.7002944 0.2209705 -0.5490218 -0.0622492 0.1850425 -0.3072821 -0.5626201 0.0394206 0.4495564 0.0416943 0.2659398 0.3493073 0.5062012 0.4555471 0.1503256 0.7041275 0.6526569 -0.1578790 0.2197724 0.2329298 0.4743427 -0.1657506 0.5447665 -0.4275064 -0.1284467 0.5589775 0.8130672 -0.2485989 0.8597408 0.7079100 -0.3287205 -0.0163170 -0.3166411 0.4192790 0.3627939 0.6306037 0.3620543 -0.2929252 0.2473948 0.1582503 0.2802707 0.0524132 -0.0091800 0.4008745 0.2719193 0.1487501 0.0417325 0.4197886 0.6815293 -0.3068738 0.4803388 0.4232016 -0.7542315 0.4662383 -0.0229210
-0.0451260 -0.2119255 0.5566224 0.4014324 0.8642452 -0.2900196 -0.2039525 0.8351460 -0.1904926 0.0781336 0.6672923 -0.3740989 0.0000000 0.1418055 -0.1569905 0.7239501 0.7435173 -0.0784525 0.5335910 0.7112088 -0.4038899 0.7667921 0.7314248 -0.2412257 0.6136034 0.7474857 0.7204621 -0.0724728 -0.0049466 0.5480444 0.5760370 0.8966216 -0.2221356 -0.2235426 0.6916060 -0.0666170 0.7414596 0.7028471 0.6427299 0.3526390 0.6918508 0.2508402 0.6575498 -0.0945490 0.0707187 0.7579843 0.6494744 0.7850384 -0.2142078 0.5470236 0.6281799 0.5697314 -0.3777063 0.6686178 0.8050017 0.8322895 0.7346441 0.6337424 0.4491320 0.6218934 0.1378473 0.7301718 0.9375173 -0.0150830 -0.1525889 0.8755224 0.7120989 0.6837945 0.9072740 0.5078075 0.8451466 -0.0924714 0.6317516 -0.2571017 0.7978685 0.3100761 -0.0153035 0.8399304 0.5859627 0.2330082 0.7532356 -0.0880707 0.4066771 0.4059055 0.3160672 0.4830084 0.3216991 0.1141793 0.3790987 0.0953383 0.3923627 0.1564260 0.3208679 -0.1972253 0.2614147 -0.4300765 -0.3113273 0.3573247 0.3823109 0.1435832 0.4958945 0.5477981 0.7832698 0.3516561 -0.2254112 -0.2440561 0.2613820 0.0196848 0.4872624 -0.3437514 -0.1085260 -0.1345064 -0.2965332 -0.2671951 -0.0250827 -0.1773129 0.0536283 -0.0546527 -0.1848693 -0.3926911 -0.4981705 -0.3378768 -0.1255158 -0.1296108 -0.0962407 -0.3255467 -0.0051638 -0.1485558 -0.0329438 -0.3982127 -0.1304597 -0.2684922 -0.0141304 0.1322968 0.1077787 -0.2623299 -0.0220040 -0.0048724 0.0591897 0.2090384 -0.4591688 0.1170420 0.5837379 0.3684527 0.2170910 -0.4141797 -0.3039290 -0.4809011 0.0216105 0.2202748 0.4103519 0.3977986 -0.0515821 -0.4584456 -0.0151116 -0.0900822 0.3558447 -0.0622899 0.6726355 0.3004031 -0.4353907 0.1442287 -0.2359957 0.2651608 -0.2686942 0.1541219 -0.2701855 -0.2643494 0.0807687 0.1972243 -0.2048893 -0.3830680 0.4553828 0.3318783 0.0888133 -0.2501155 -0.6045970 -0.2158010 -0.5302354 -0.1446180 0.1765228 0.4224298 0.2864963 0.2585608 0.2641693 0.2967731 0.7086739 0.6633845 0.0305031 -0.3768881 -0.2540245 -0.3496649 -0.4765742 -0.0704032 -0.3590621 -0.0639894 -0.6751364 -0.5451328 0.0101853 -0.5579225 0.3704221 -0.1685893 -0.1746135 -0.3378008 0.4541311 0.5426151 -0.3651821 -0.3407260 -0.2599568 0.1080282 -0.6591567 -0.4704368 0.4128295 -0.5128354 -0.1908214 0.4532610 0.2718108 0.3625862
0.3207789 0.4046955 0.5108318 -0.1151543 -0.0023232 -0.1737905 0.3153756 -0.0101113 0.1220331 0.6332486 -0.2899468 -0.0892797 0.1418055 0.0000000 0.2297471 -0.2535228 -0.1929817 0.6075810 -0.1999987 0.0436379 -0.0652691 -0.2065707 -0.2169536 0.6491434 -0.1846636 -0.1065476 0.1758083 0.7443905 -0.0978408 0.6560884 -0.0863494 0.0864033 0.5522887 0.2506922 -0.0746301 -0.3970867 -0.1074964 -0.1028988 0.3915929 0.6134915 -0.1278797 -0.5333351 0.0759575 0.4593557 -0.3724522 -0.0668219 -0.2395442 0.1254338 0.4012273 -0.1469686 -0.2808849 -0.0359116 0.1461811 -0.2140112 0.4702686 0.1790850 -0.1715799 -0.3709108 -0.4329743 -0.1776492 -0.5254756 -0.2432766 0.1984643 -0.4998255 -0.2637096 -0.1948463 -0.1646101 -0.3921774 -0.0136928 -0.4963986 -0.1957265 -0.3164211 -0.2485578 -0.4072243 -0.2129703 -0.4008346 -0.2524827 -0.1900161 -0.3360200 -0.1258413 -0.0923086 0.1095251 0.6228608 0.1549113 0.4442126 0.5280800 -0.3061956 -0.1846636 0.0654669 0.0844898 -0.3865426 -0.5106915 0.0999116 -0.3611163 0.1004541 -0.5039882 -0.3082891 0.0641496 -0.3046568 -0.0914465 -0.2014020 0.0391623 0.5439713 -0.3365559 -0.3402343 -0.2394578 0.2880376 0.0758917 -0.2440004 0.2689492 -0.1379046 0.4553892 0.1256584 0.1712875 0.5919862 0.4645910 0.4452620 0.3849613 0.3047145 0.5943044 0.3177750 0.0498360 -0.0017494 -0.0102831 0.0488010 0.3677417 -0.1805702 -0.0082797 0.1500784 -0.2759365 -0.2714485 0.2771973 -0.3632553 -0.2889364 0.4481813 0.1949558 -0.1853109 -0.1646426 -0.0889866 0.0847415 0.1778785 -0.0262544 0.0482431 0.4041974 0.2622183 -0.0910911 0.0220369 -0.1976688 0.5466326 0.0262003 0.0513671 0.1863827 -0.1128015 0.1436089 -0.1583059 -0.0719699 0.1449157 0.2910920 0.2255698 0.2089706 -0.0091684 -0.4747231 0.0602773 0.1356414 -0.0212210 0.1587405 0.3013091 0.4893417 0.0134248 -0.1902130 0.0054118 0.0698918 0.0918385 0.4375862 0.6424170 0.6248011 0.4277272 0.5279871 0.2072666 0.0375237 0.4314544 -0.1658571 -0.6411956 -0.4284115 -0.3882908 -0.4888031 -0.2358299 -0.0235992 0.1322754 -0.0863200 0.5650712 0.0020536 0.3036114 0.5460187 0.6170770 0.5490980 0.3590024 0.4232553 -0.4190021 0.4065784 0.5402291 0.6591359 0.1132203 0.6306247 0.2387597 0.1790222 0.2642534 0.1664455 0.3129766 0.8475327 0.4236644 0.2680879 0.5798105 0.4300813 0.2313718 0.1373023 -0.2824903 -0.0796854
0.3483284 0.1417358 0.0128244 0.1483657 -0.4855625 0.5415687 0.3922426 -0.2043846 0.8601039 0.3368314 -0.0599544 0.7382141 -0.1569905 0.2297471 0.0000000 -0.2594909 -0.1987632 0.7181350 -0.1704618 -0.2086102 0.5949224 -0.0806514 -0.3359725 0.7531352 -0.3415755 -0.3750444 0.1548769 0.6086613 0.6370124 0.1181390 0.3893073 -0.3490007 0.7578126 0.8346492 -0.3998569 0.4591471 -0.3459785 -0.1277680 -0.1106609 0.1330628 0.0637443 0.1594365 -0.3815907 0.5581477 0.2876034 -0.3305543 -0.3688583 0.0192290 0.7529128 -0.3439850 -0.4410582 -0.4403824 0.7117291 -0.1735224 -0.1348085 -0.2337571 -0.3905707 0.1319638 -0.3503735 -0.3455137 -0.0011970 -0.3241684 -0.1655731 0.5087914 0.5334752 -0.2866580 -0.3331890 -0.3078029 -0.3662990 -0.0165833 -0.2647607 0.3430134 -0.3362442 0.3122699 -0.3684704 0.0901469 0.3592062 -0.1992231 -0.1162557 0.2346326 -0.1587538 -0.6907908 -0.1309204 0.0275315 0.1661872 0.0314276 0.2527567 0.0391725 0.0316367 -0.0693862 -0.1091573 0.0959187 0.1028067 -0.0887577 0.0115389 0.3360874 0.3021186 0.0822133 -0.3666146 -0.3851724 -0.3911603 -0.0346548 -0.2706719 -0.5118017 0.1993448 0.6012697 0.0021849 0.3054634 -0.1053034 0.5423808 0.1690327 -0.0752399 -0.0174062 0.0931828 0.1591060 0.1800946 -0.0318749 0.1652439 -0.0143906 0.1717573 0.2942228 0.0883995 -0.5616963 0.0769570 0.2282207 0.2224138 0.0612216 -0.6707379 0.2529430 0.3303248 0.2317908 -0.3244007 0.0613481 -0.0482154 -0.2376007 -0.2537028 0.2576176 0.1731919 0.3041318 -0.3018198 -0.0119095 -0.2329457 -0.5630324 -0.4302679 0.0961016 -0.1709401 0.1578781 -0.0162073 0.3871364 -0.4227886 -0.5282392 -0.6169838 0.0691331 -0.2076691 -0.1000871 -0.5926132 -0.6113236 -0.2931792 -0.4543780 -0.6455101 -0.0812417 -0.5428819 -0.5021705 -0.6318776 0.1041609 -0.6815648 -0.2788701 0.1065228 -0.6484795 -0.6837802 -0.2924265 0.2976829 0.3217804 0.3642033 0.3669771 0.3016399 0.2493216 -0.0275033 0.5808467 0.5657388 -0.1400198 0.1104474 -0.0585139 0.2349933 -0.3938839 0.1951887 -0.5389422 -0.3594584 0.3342365 0.5237728 -0.3001488 0.5953155 0.5822250 -0.4328997 -0.0879562 -0.4294599 0.2787996 0.2661105 0.4039923 0.3639510 -0.2125447 0.4167494 0.0168345 0.1060405 0.0040260 0.3483856 0.4129972 -0.1337642 0.0228109 0.2360258 0.2653018 0.3456123 -0.0691374 0.2582906 0.0340334 -0.7168144 0.3081117 -0.1793634
0.0481455 -0.0200901 0.4162050 0.6715657 0.7536099 0.0656225 0.1094764 0.8927026 -0.2416605 -0.0675677 0.9369347 -0.0626796 0.7239501 -0.2535228 -0.2594909 0.0000000 0.9433588 -0.4266075 0.9138755 0.5773464 -0.2634351 0.9531760 0.9575797 -0.5608778 0.9151375 0.9244920 0.6371688 -0.4390612 0.1050616 0.2778741 0.4745458 0.8240992 -0.4685045 -0.2671179 0.8611852 0.1923571 0.8836321 0.9124709 0.5396391 0.1530294 0.6265775 0.4673451 0.8064484 -0.4331065 0.2569209 0.8968186 0.9326153 0.6801367 -0.4513518 0.7770354 0.9217676 0.7631153 -0.3791922 0.7712231 0.3897607 0.7471313 0.9593121 0.6287509 0.6883358 0.8937169 0.4904416 0.9323078 0.5231457 0.2998577 0.0675758 0.8661173 0.9469298 0.9486066 0.7705439 0.8790086 0.8198749 0.2853652 0.8939277 0.1313900 0.9328569 0.7434515 0.3716563 0.8057408 0.8196794 0.4154601 0.7525665 -0.0005307 0.0869299 0.3982788 0.1021666 0.3296738 0.5509881 0.0898329 0.3204562 0.1245736 0.4365850 0.2163415 0.3459478 -0.0523017 0.3055792 -0.3202058 -0.1878441 0.3907800 0.4518362 0.2410994 0.2342091 0.4006748 0.4437823 0.5797445 -0.0763460 -0.1625487 -0.0589988 0.1342188 0.4747919 -0.3258621 0.0323669 -0.3692680 -0.3036943 -0.3596343 -0.0390282 -0.1754472 0.0803135 0.0277614 0.1253002 -0.4026166 -0.4202421 -0.0867111 0.1040839 0.0915459 -0.0359789 -0.3891970 0.4687190 0.0193134 -0.0860531 -0.0596690 0.0352324 -0.3165946 0.4686706 0.3755737 0.0562029 -0.2113393 0.1245148 0.0113674 0.1717553 0.1752756 -0.2430847 0.0567222 0.4371443 0.0267165 0.2117396 -0.1831326 -0.1318921 -0.1948672 -0.2111531 0.2510623 0.4213909 0.3034406 0.1563024 -0.2022600 0.1313422 -0.0525163 0.2995617 0.0744494 0.4547206 0.1682645 -0.1446912 0.4697822 -0.1253575 0.2070672 -0.0604566 0.1560267 -0.2279214 -0.3356772 0.2972740 0.3457163 0.0513185 -0.1668502 0.3820366 0.2479154 0.1121868 -0.2021428 -0.5289242 -0.2165799 -0.4886779 -0.0803352 0.1210073 0.5086820 0.6134331 0.5711248 0.5846576 0.6103039 0.7539613 0.7336225 -0.0233248 -0.2272514 -0.3387940 -0.2016317 -0.4586440 -0.0958736 -0.3663486 -0.0652477 -0.5909633 -0.5107773 0.2851052 -0.5792199 0.2672952 -0.4000519 -0.2233921 -0.2628517 0.4554917 0.4629797 -0.4543826 -0.1554649 -0.0673798 -0.1339894 -0.6339806 -0.3341508 0.1974886 -0.3656817 -0.0348887 0.3180657 0.4335392 0.2719570
0.0836942 -0.0572127 0.4305996 0.7088532 0.7561706 0.0591713 0.0865869 0.8769951 -0.1552842 -0.0531077 0.9318220 -0.0649271 0.7435173 -0.1929817 -0.1987632 0.9433588 0.0000000 -0.3555932 0.8050337 0.5100540 -0.2807190 0.9220770 0.8959693 -0.5479288 0.8677382 0.8007760 0.7121531 -0.4861353 0.0707174 0.2122872 0.3803921 0.7896461 -0.4997560 -0.3098103 0.7256161 0.2413646 0.7708038 0.7883555 0.3945722 0.0192089 0.5464387 0.5393343 0.6780199 -0.5393296 0.3012495 0.7756166 0.8120656 0.6186757 -0.4949032 0.6121988 0.7757158 0.6165973 -0.3850635 0.6992892 0.3216957 0.6578512 0.8652926 0.5652967 0.7077061 0.7341222 0.5201698 0.8529184 0.5685954 0.3105225 0.0698384 0.8431812 0.8248245 0.8778983 0.7370665 0.8499715 0.7342237 0.2335944 0.7588897 0.1234134 0.8627162 0.6560127 0.3505173 0.7562729 0.7671566 0.4684159 0.7178377 -0.0717281 0.1732383 0.4936432 0.2198246 0.3911429 0.5904957 0.2407112 0.3681679 0.1132080 0.4706246 0.2518248 0.4140699 0.0990194 0.3543741 -0.2103437 -0.0665390 0.4351100 0.5891317 0.4100878 0.3985999 0.4984197 0.5446239 0.6026132 -0.1082934 -0.1678638 0.0654135 0.2452496 0.5432757 -0.2408587 0.0392664 -0.1811826 -0.2524622 -0.3440413 0.0221654 -0.2484981 0.0137034 0.0107308 0.0689512 -0.3268156 -0.4157287 -0.2423757 0.0972717 0.1517797 -0.0376239 -0.2898408 0.3472035 -0.0403167 0.0746281 -0.1262177 -0.0727287 -0.2720534 0.3557819 0.4434915 0.0664771 -0.1571742 0.0421606 0.1474230 0.1319979 0.2901857 -0.1902517 0.2218640 0.4758434 0.1621327 0.1907632 -0.1793070 -0.1360472 -0.2144674 -0.1779945 0.3752125 0.4878908 0.2875683 0.1609743 -0.2351331 0.2343013 0.0124630 0.3020099 -0.0000019 0.4971918 0.2171621 -0.1905909 0.5243527 -0.0852346 0.2484785 -0.0208742 0.0950511 -0.2370839 -0.2825386 0.2531814 0.3700218 0.0011779 -0.1999944 0.4129649 0.1785932 0.0922741 -0.2047403 -0.4925507 -0.1358035 -0.4167617 0.0628917 0.1895442 0.6423485 0.7189691 0.6813874 0.5963583 0.5560276 0.7362513 0.6563543 0.0340398 -0.2098693 -0.2867488 -0.1563439 -0.4076134 -0.0528640 -0.3174685 -0.0438679 -0.6042859 -0.4874249 0.3025232 -0.5439758 0.3056774 -0.4696676 -0.1241405 -0.2247647 0.3715186 0.4792077 -0.3525597 -0.1573683 -0.1406677 -0.1642290 -0.6110542 -0.2879330 0.0981381 -0.3063056 0.0148422 0.1836526 0.6100018 0.3915994
