0.0000000 0.5528242 0.5683088 -0.1837363 0.6351878 -0.2738346 0.5886441 0.1245100 0.1454275 -0.0942865 0.1425810 0.4973485 0.3851328 0.4564767 -0.0501320 0.3017440 0.3965553 0.2429316 0.2602460 0.3520415 0.4322344 0.4469473 0.2966304 -0.3953505 0.2917271 0.2103508 0.2058709 0.3204236 -0.2045428 0.2571849 0.1981873 0.4618218 -0.5758341 -0.6199984 0.2105806 0.4996085 0.2527997 0.5165440 0.2060022 -0.0074674 0.5387113 0.3610769 0.2414376 -0.2597414 -0.5905803 0.3431645 0.2717772 0.6343015 -0.4827887 0.2968944 0.2327331 0.2492825 -0.5668854 0.2737645 0.7145536 0.4873641 0.3246479 0.1216492 0.4018380 0.2569285 -0.4640102 0.1687557 0.6977524 -0.4186356 -0.4955547 0.4858938 0.1984396 0.1042450 0.5592634 -0.0971457 0.2954550 -0.2515695 0.0993342 -0.2475063 0.4621418 -0.1632624 -0.2869346 0.1694897 -0.0443553 -0.1971474 0.0937674 -0.3572818 0.0240872 0.0378118 0.3831309 0.1504977 0.1752126 0.5363226 0.1020490 0.4946008 0.2754766 0.0755818 0.1825940 0.3555234 0.0908475 0.1312688 0.0366523 0.1844918 0.0777389 -0.1463726 0.5105937 0.2801202 0.0397006 0.0598112 0.2466744 -0.0023322 0.2051122 0.3171165 0.4467641 0.3309148 0.0140537 0.4881404 -0.0843118 -0.0222877 0.0480567 -0.2915886 -0.2948281 -0.0941502 -0.3773008 0.3114150 0.1624121 -0.2662496 0.0585048 -0.2373541 0.0400552 0.3587193 -0.0238571 0.0072547 0.1194903 -0.0325141 -0.0389022 -0.2039777 0.3915890 -0.4975718 0.3741313 -0.1567098 0.2624121 0.0451701 0.3035296 0.1309249 0.0819306 0.3213244 0.1067940 -0.1192014 0.1532651 -0.5887310 0.4979085 0.3974357 -0.1248109 0.4135027 0.3873101 -0.1258204 0.5742860 -0.1986681 0.3718590 -0.2756180 -0.1934003 0.5265697 -0.1620027 0.2860901 0.6518051 0.5985178 -0.5256065 0.1269695 0.4700935 -0.2522699 -0.3320636 -0.2405087 0.0120586 0.4697124 0.2983991 0.1927686 0.8748353 0.8236511 0.6458222 0.7261617 0.6559835 0.7230094 0.4788673 0.4696614 0.6213374 -0.0089985 0.1810519 -0.1043756 0.3153974 -0.3099880 0.6167543 0.3091474 0.1382285 0.1719896 0.2450861 -0.0518545 0.6744091 0.2752165 0.3490735 0.3234790 0.3862357 0.6934388 0.6521864 0.2838463 0.3311479 -0.2993081 -0.1800392 0.1388466 0.6016243 0.6326084 0.2186962 0.5855844 0.1812601 0.2651453 -0.1709135 0.2532017 0.5906587 0.5516790 0.4336548 0.6053908 0.2550140 0.0798550
0.5528242 0.0000000 0.7715082 -0.1353898 0.6123714 0.1154428 0.5312778 0.2246426 0.4017797 -0.1097846 0.1694995 0.6576956 0.3794416 0.2303375 0.1453673 0.2244438 0.1942289 0.2834268 0.1669908 0.5816667 0.6559864 0.4342828 0.2245433 -0.1737334 0.2155087 0.3371528 0.1911022 0.2616376 0.1451545 0.1295812 0.4736486 0.2484098 -0.3921416 -0.4537602 0.2000537 0.6285566 0.2560474 0.3395461 0.1886586 0.1002100 0.4087275 0.5313658 0.2816257 -0.3017344 -0.3100520 0.2036300 0.1942835 0.3802143 -0.4691677 0.2807301 0.2529980 0.4128241 -0.4322767 0.3456219 0.4240924 0.2938997 0.1960370 0.1975964 0.3842918 0.2822511 -0.2090411 0.2482726 0.4250545 -0.2324179 -0.3329346 0.2423151 0.2174765 0.2417366 0.2825846 0.0262246 0.1819440 -0.0504555 0.0796175 -0.0385586 0.2019020 -0.0377297 -0.1193851 0.1677420 0.0591732 -0.1860409 0.2519478 -0.4548944 -0.2446272 -0.1471503 0.2957791 -0.0735540 -0.1162922 0.5489854 0.0193495 0.2431049 -0.1482746 -0.1456258 -0.2980886 0.2490051 -0.2859825 -0.2423234 -0.1731489 -0.2952644 0.0043152 -0.1381851 0.1871961 -0.2089827 -0.2947114 -0.3376665 -0.1119618 -0.2768536 -0.1516396 -0.1407012 0.3737435 0.0261872 -0.1531766 0.0207305 -0.4096608 -0.2854882 0.0103032 -0.2370489 -0.2284865 -0.1527176 -0.2065315 0.0745815 -0.0377421 -0.0979509 0.1279956 -0.1698643 -0.1900032 0.7544776 -0.1681402 0.0173389 0.4923612 -0.2314757 0.1325575 -0.2090199 0.0424193 -0.2985322 0.0723503 0.1549576 0.2322024 0.4113029 0.5583497 0.6171658 -0.0586276 0.6334169 -0.0710371 0.0894639 0.5473650 -0.2787007 0.6599216 0.6342933 -0.0662824 0.6824329 0.6166768 0.2235365 0.5966866 -0.0366370 0.2981784 0.1862629 -0.0880884 0.6605060 -0.0240442 0.5245591 0.3102284 0.5562605 -0.2747083 0.1042168 0.3539405 -0.0845512 -0.2910565 0.0926839 0.0376845 0.3547230 0.3790094 0.2737147 0.5813526 0.6154670 0.7075781 0.5614510 0.5728960 0.4683872 0.6499763 0.6253744 0.3860929 0.3301265 0.3570540 0.2014172 0.3821788 -0.1707684 0.2425022 0.1792205 0.1065404 0.1652209 0.0663046 -0.0272442 0.4396694 0.0975012 0.5319292 0.5762393 0.6433956 0.7362860 0.7294840 0.7062081 0.1284665 -0.6304309 -0.1081802 0.1273574 0.3018458 0.7088889 0.4597121 0.3361838 0.1925378 0.2675971 0.0426220 0.3517687 0.3818013 0.6130998 0.2083704 0.5115767 0.2180801 -0.1349064
0.5683088 0.7715082 0.0000000 -0.2253885 0.8410807 -0.2520982 0.4807597 0.2012073 0.0851719 -0.2762161 0.1047609 0.4462998 0.4496644 0.3157840 -0.1234182 0.1988105 0.3126889 0.3745490 0.0630634 0.4847143 0.4654686 0.3780377 0.2196409 -0.3112661 0.1011842 0.2616771 0.1508166 0.1351245 -0.1618998 0.0689695 0.4996029 0.3156491 -0.5609767 -0.6240057 0.0981585 0.5243963 0.1479036 0.3108929 0.1267910 -0.0667043 0.4790443 0.4179902 0.1665432 -0.4411575 -0.5496533 0.0882211 0.0730448 0.5181750 -0.5800277 0.1197105 0.0777521 0.2078969 -0.5678211 0.2228906 0.5928558 0.2333323 0.0774934 0.0160698 0.4331539 0.0870973 -0.4056059 0.0588244 0.6424153 -0.4630982 -0.5225276 0.2308480 0.0450169 0.0195531 0.2741437 -0.2021367 0.0619636 -0.2880317 -0.0700653 -0.2640700 0.1160807 -0.2484729 -0.2696052 0.0288420 -0.1332405 -0.2972530 0.1497767 -0.4720325 -0.1691887 -0.3721199 0.0738517 -0.1425540 -0.0394760 0.6722396 -0.1626406 0.2491596 0.0815065 -0.1165470 -0.1812860 0.3220994 -0.1176606 -0.0778953 0.0030203 -0.0376711 0.0417847 -0.2401417 0.3473608 -0.1789477 -0.3093805 -0.1885081 0.1266454 -0.1754638 -0.2383913 -0.1353641 0.4202440 -0.1049441 0.0672802 -0.0057138 -0.3179706 -0.1350925 -0.0764504 -0.2652505 -0.2976852 -0.2809497 -0.4057978 -0.1067504 -0.2837815 -0.3345519 0.1737165 -0.4554101 -0.3393363 0.6032114 -0.4540177 -0.0506707 0.3087675 -0.4426854 -0.1155815 -0.3234625 -0.0816963 -0.6920895 0.1852000 0.0293357 0.0103887 0.1864024 0.3642999 0.5572287 -0.0141607 0.4864642 -0.1889249 -0.0080477 0.1900128 -0.4736338 0.4691466 0.5038295 -0.2834271 0.3294653 0.6167753 0.0389384 0.4716130 -0.1263749 0.3328542 0.0259583 -0.1550036 0.4777084 -0.1372795 0.5481261 0.4146252 0.4399440 -0.6325939 0.2049306 0.3643908 -0.2904540 -0.5261977 -0.1601419 -0.0623087 0.3119535 0.2642707 0.2162625 0.5181974 0.5268584 0.5592236 0.5485102 0.5340081 0.6275538 0.5669922 0.5901289 0.6009226 0.2672364 0.3918410 0.1869815 0.3563143 -0.3984267 0.4780577 0.2136642 -0.0058937 0.0961472 -0.1140930 -0.1595646 0.5049862 0.0193856 0.3617400 0.4992123 0.4138478 0.7432946 0.7994619 0.6336756 0.2317296 -0.5961087 -0.2635759 -0.0718746 0.6418185 0.6304445 0.3115946 0.4153304 0.1144472 0.3870074 -0.1599943 0.3483985 0.6934195 0.5387148 0.4105505 0.4047018 0.4075033 0.1717792
-0.1837363 -0.1353898 -0.2253885 0.0000000 -0.4532294 0.6183620 -0.3773942 0.7797374 0.5929550 0.7948565 0.7402073 0.2516943 0.5027375 0.4673499 0.5912137 0.5569291 0.4277312 0.4227068 0.6331510 -0.0382911 0.2138391 0.2019352 0.3037037 0.7052531 0.4779203 0.3831236 -0.0713525 0.2911985 0.5490265 0.2503046 -0.0403910 -0.1912984 0.2756794 0.4316569 0.2198411 0.2430471 0.2916447 0.1421631 0.3496513 0.2124532 -0.3974095 0.2226799 0.2766788 0.0665333 0.4077829 0.1944157 0.2400736 -0.3122163 0.2221673 0.1785608 0.2503391 0.2373363 0.4959306 0.3166262 -0.3757795 0.0987056 0.1611065 0.2237579 0.2623621 0.1728200 0.3311581 0.3865961 -0.3108454 0.7795283 0.5398683 -0.1316335 0.3599021 0.4802808 -0.0733135 0.8139118 0.2598187 0.7895909 0.6416002 0.7708533 0.2861291 0.7948530 0.8705561 0.5367022 0.7200124 0.8153492 0.6771726 0.4167804 -0.2453955 -0.2283149 -0.2851475 -0.1736762 -0.0355810 -0.4522300 -0.2522235 -0.3689233 0.0954799 0.1060081 0.0609034 -0.4886297 0.0262732 0.1168457 0.2386211 -0.0046817 -0.0472346 -0.3876455 -0.2434091 -0.1167972 -0.1834083 -0.0930296 -0.0245455 0.0842301 -0.0774469 -0.0648819 -0.0552878 -0.2568909 -0.0108278 -0.2851353 0.2885017 0.1146587 -0.2295029 0.1429803 0.1756432 -0.1272594 0.1442734 -0.1860210 -0.1740197 0.1203151 -0.0411801 0.2923008 -0.1331633 -0.1311132 0.1839520 0.2074877 -0.1514609 0.2195850 0.0762954 -0.1808287 0.0265160 0.4019552 -0.5858040 0.2981815 -0.0548960 -0.1029586 -0.2707890 0.1018410 0.1805330 -0.0399783 0.4698932 0.4609273 0.0490614 0.3112133 -0.1968280 -0.1063851 0.3533281 0.0093666 0.1433861 0.3815085 -0.2034325 0.4681123 -0.0153024 0.3005516 0.4318490 -0.0281291 0.4755323 0.3886571 -0.2624341 -0.0674506 0.4740935 0.5033520 -0.3681535 0.5004928 0.5185489 0.3145626 0.3823773 0.1260576 -0.2164973 -0.3164301 -0.1106243 -0.0977939 -0.2285336 -0.0886178 0.1258877 -0.1045245 0.1502037 0.0528911 -0.0095185 0.2870441 0.3423720 0.3757833 0.3150429 0.5353516 0.1818657 0.7061769 0.7848038 0.6121246 0.0647542 0.8602764 0.1350338 0.1798492 -0.0188894 0.0280003 -0.0058731 -0.3463748 0.1451988 -0.1463442 -0.2809283 0.0561452 0.1411388 0.0861459 -0.4756966 -0.2971918 -0.3061860 -0.0509358 -0.1501180 0.1522775 0.0967795 0.1179765 -0.5295892 -0.5758146 -0.3572502 -0.1916343 -0.1796986 -0.3703408
0.6351878 0.6123714 0.8410807 -0.4532294 0.0000000 -0.4906109 0.6234355 -0.0370475 -0.1060410 -0.4989648 -0.0599493 0.3910883 0.2895866 0.1619436 -0.2497839 0.1405974 0.2306384 0.0608744 0.0022921 0.5822925 0.3635239 0.4148730 0.3540245 -0.5262606 0.1279360 0.2940879 0.2838796 -0.0307346 -0.3578517 -0.0620386 0.6335149 0.6190319 -0.6408697 -0.7474262 0.2473083 0.3638400 0.2282863 0.4598422 0.0814463 -0.0677951 0.7523891 0.2456580 0.2391440 -0.4077667 -0.7155881 0.2719331 0.2342360 0.7630313 -0.6371146 0.2525493 0.1931483 0.2854683 -0.7806203 0.1642768 0.8521092 0.4317862 0.2641113 0.0045807 0.1778178 0.2362833 -0.6492380 0.0841584 0.8268590 -0.7056922 -0.7552811 0.5457911 0.1398785 0.0052599 0.5067210 -0.4114702 0.2231636 -0.5421797 -0.1095654 -0.5846329 0.2673960 -0.5277850 -0.5921911 -0.0101417 -0.4221021 -0.6241050 -0.1585667 -0.5552574 -0.1354862 -0.3426549 0.0738513 -0.1073142 -0.0463568 0.6352348 -0.1185309 0.2767282 0.0824469 -0.0007356 -0.1166444 0.5412361 -0.0657853 -0.0141865 0.0922370 -0.0896339 -0.0395468 -0.1823952 0.4604936 -0.1658157 -0.3243297 -0.1340703 0.2320611 -0.2002134 -0.2412984 -0.1269821 0.4494829 -0.0278322 0.1314106 0.0881677 -0.5405160 -0.3916376 -0.2181911 -0.5689870 -0.5395594 -0.3427968 -0.6657453 -0.0716984 -0.1886138 -0.4923740 0.2525545 -0.5757779 -0.3101324 0.4963575 -0.4548365 -0.0424427 0.1191055 -0.4849867 -0.1914041 -0.3367020 0.0288942 -0.7853097 0.3512779 -0.1373101 -0.0156853 -0.0398601 0.4424708 0.3033428 0.0588461 0.3079786 -0.1656366 -0.3146889 0.0338801 -0.6964827 0.4947748 0.5466345 -0.1911812 0.2551658 0.4567349 -0.2585399 0.5054187 -0.2439712 0.4121300 -0.3074644 -0.1907351 0.5004226 -0.1375566 0.3323120 0.5100121 0.4865606 -0.8351020 0.0895253 0.4727460 -0.5846043 -0.7371129 -0.1623561 -0.1637418 0.3864568 0.2870045 0.2845111 0.5617037 0.6439807 0.6472270 0.5024516 0.4403894 0.6676585 0.4283726 0.4271868 0.5192411 -0.0760435 0.0445175 -0.2285421 -0.0212951 -0.6158666 0.4527092 -0.0529923 -0.2513222 -0.0658152 -0.1619607 -0.4017424 0.5558311 -0.0506060 0.2363780 0.3374980 0.3619695 0.8189568 0.5616367 0.5643177 0.3180394 -0.4153241 -0.3899750 -0.2238261 0.9006135 0.5094389 0.2692162 0.3217621 0.0368399 0.2428300 -0.3297751 0.0809811 0.9403925 0.6735081 0.6047865 0.3415862 0.3392279 0.2799117
-0.2738346 0.1154428 -0.2520982 0.6183620 -0.4906109 0.0000000 -0.1806479 0.6022201 0.8245188 0.7958592 0.5903580 0.3684903 0.3909914 0.3483429 0.7042629 0.4893727 0.3144537 0.3246766 0.4642431 0.0442387 0.3194753 0.1411942 0.1623766 0.6350258 0.3371891 0.3331539 0.2400061 0.5141656 0.7018261 0.4255114 0.0306122 -0.3056232 0.3201814 0.4536622 0.1418349 0.3387518 0.2368242 0.0177669 0.3140280 0.3175545 -0.3644695 0.3592824 0.2420817 0.2272763 0.6647274 0.0698672 0.1314617 -0.4259443 0.2048917 0.1878287 0.1798406 0.2922117 0.5666896 0.4176652 -0.4604038 -0.0338781 0.0416035 0.2898889 0.2690133 0.1288307 0.6880023 0.3435219 -0.4319777 0.7639059 0.7167044 -0.2918868 0.2526439 0.4970669 -0.1110683 0.7680082 0.0966768 0.8829411 0.4496758 0.8534424 0.0948451 0.8590748 0.8330514 0.4610571 0.8240693 0.7533667 0.7142799 0.4883756 -0.0223868 0.2229983 -0.0409005 0.1857427 0.0826783 -0.4603824 0.2682287 -0.2227884 -0.3937667 -0.1842612 -0.2531635 -0.6303325 -0.1783341 -0.1397876 -0.2464468 -0.1982137 0.0496879 -0.0329246 -0.4570723 -0.0383458 0.0820516 -0.2154632 -0.3893242 0.0329790 0.1975374 0.0915900 -0.1828733 0.0641176 -0.2161101 -0.0838703 0.2454882 0.1095603 0.1604390 0.4165193 0.4592763 0.2028220 0.5454110 0.0818769 0.1500242 0.4765300 0.0018960 0.5452986 0.1435606 0.1037280 0.3883197 0.1989676 0.2064088 0.3082380 0.4121274 0.1492885 0.0248992 0.6480264 -0.6258833 0.4969472 0.1571958 0.2870027 -0.1579830 0.3318750 0.0219569 0.0758482 0.1049454 0.6277007 0.4757361 0.6009469 -0.1078150 -0.1209541 0.1996260 0.2672430 0.1587991 0.7087164 -0.0911548 0.3960080 -0.2882538 0.5961803 0.1462727 0.2100035 0.1602346 0.3025532 -0.3418444 -0.0268010 0.7051119 0.1375164 -0.2158956 0.7328224 0.5347685 0.2526500 0.2209382 0.0720032 0.0902200 -0.1072211 -0.1698702 -0.0743434 -0.1021053 -0.1415573 -0.0102216 -0.3674489 0.2155014 0.1713378 -0.2677311 0.5113182 0.4541723 0.5449604 0.3031745 0.7540561 -0.1937400 0.4701462 0.6537762 0.5102878 0.1551666 0.7157370 -0.1839376 0.1292310 0.2649814 0.1813940 0.2241651 -0.3635913 0.0640197 -0.0385381 -0.3252550 -0.2520697 0.3424961 0.3924532 -0.6535392 -0.0977862 -0.2991110 -0.2271018 0.1185432 -0.0928120 0.4796172 0.3322548 -0.5953376 -0.2137739 -0.4645028 0.0821868 -0.1246295 -0.3177953
0.5886441 0.5312778 0.4807597 -0.3773942 0.6234355 -0.1806479 0.0000000 0.0375980 0.1051320 -0.1285211 0.1580334 0.3742392 0.3497136 0.4172682 -0.0783459 0.3806538 0.4045170 0.3010560 0.1489691 0.3845874 0.2328308 0.5505690 0.4121616 -0.4707582 0.2937100 0.3819297 0.5908041 0.4228557 -0.4012768 0.3651262 0.5988124 0.5966066 -0.5872294 -0.7132920 0.3425236 0.2967539 0.3835699 0.5634717 0.3181091 0.2905740 0.7410976 0.1544332 0.4226883 -0.0324907 -0.5477849 0.4011411 0.3739945 0.7200922 -0.5078727 0.5344020 0.3592327 0.4838880 -0.6650389 0.5072737 0.7626577 0.5351011 0.4054328 0.2648325 0.3932807 0.4187433 -0.4124353 0.3631008 0.7853484 -0.5590930 -0.5511326 0.5749370 0.3358592 0.2296371 0.7220935 -0.1833971 0.3872908 -0.2332861 0.0803223 -0.3650448 0.4962273 -0.2525016 -0.4321743 0.2888288 -0.1145646 -0.3403756 0.0874573 -0.4217453 0.1875091 0.2276048 0.1807585 0.4528733 0.4714246 0.6010558 0.5184751 0.5966063 0.2979583 0.3530418 0.1710197 0.3829632 0.4036374 0.3513606 0.1907485 0.1774075 0.5698680 0.1747681 0.6494950 0.3307208 0.1545878 -0.0145344 0.4069296 0.2996708 0.3621112 0.3285099 0.7053051 0.4348907 0.3558898 0.3811004 -0.2800828 -0.2603914 -0.1088253 -0.3831777 -0.2659287 -0.0497624 -0.2945331 0.2990328 0.2589299 -0.1741127 0.4710980 -0.3327896 0.0205888 0.4009212 -0.0744763 0.3342536 0.1665606 -0.2627662 0.1071653 0.2431266 0.4049645 -0.4441478 0.5637795 0.0984201 0.2850220 0.1557349 0.6686666 0.2978911 0.1812289 0.4339100 -0.0140521 -0.2680581 0.4561651 -0.4971868 0.7268579 0.6253751 -0.0240083 0.6301362 0.5808898 -0.0172292 0.8466331 -0.1329666 0.4904751 -0.3521384 -0.2061947 0.8059078 -0.1925515 0.5032549 0.6129699 0.7343832 -0.5557651 0.1992795 0.7623109 -0.2399446 -0.3511444 -0.0409800 0.0368404 0.5604335 0.6141433 0.6172266 0.6463821 0.7185507 0.6633996 0.4889594 0.2927802 0.5356359 0.3163110 0.3453929 0.3280596 -0.0887796 0.1271386 -0.1683345 0.2000337 -0.4266861 0.4984188 0.0393777 0.0885212 0.2166988 0.0697122 -0.1084853 0.5659388 0.0051361 0.2609287 0.1366398 0.2618611 0.4790643 0.4807223 0.2265791 0.4035630 -0.3658677 0.1532911 0.0493803 0.5507902 0.6883325 -0.0185160 0.2459120 0.2862631 -0.0548785 -0.0099752 0.0345019 0.5252351 0.4537046 0.3982270 0.4903376 0.0734750 0.3042695
0.1245100 0.2246426 0.2012073 0.7797374 -0.0370475 0.6022201 0.0375980 0.0000000 0.8020509 0.7325486 0.9078094 0.5569646 0.8875949 0.8149344 0.7018293 0.8663882 0.7785445 0.7332472 0.8545001 0.0904776 0.4997049 0.5872729 0.6024421 0.5605833 0.7388795 0.7338061 0.3437356 0.6599212 0.4916979 0.6230918 0.2840994 0.1468671 -0.0439848 0.0589284 0.5390548 0.5985985 0.6337799 0.5249482 0.7138721 0.5187458 -0.0041119 0.5911072 0.6402122 0.0464598 0.2303094 0.4816651 0.5314205 0.0870138 -0.0962824 0.5076879 0.5429306 0.5904458 0.1905284 0.7196358 0.0504010 0.4377537 0.4344757 0.4881851 0.5646923 0.4651569 0.2259054 0.6329177 0.0774927 0.5701439 0.3400569 0.1434414 0.6086771 0.6840443 0.2793905 0.8414931 0.4928302 0.7382788 0.7850671 0.7002974 0.5399229 0.7852116 0.7255252 0.7437076 0.7987378 0.6911317 0.9017248 0.2909751 -0.0979361 -0.1077505 -0.1295088 0.0345212 0.2013373 -0.0315895 -0.0671253 -0.0828726 0.0464858 -0.0436587 -0.0813785 -0.4431200 0.0745854 0.1153565 0.0920442 -0.0020907 0.0261880 -0.4828022 -0.1129565 0.0101223 -0.0916949 -0.1683180 -0.0321609 0.0899024 0.0442327 0.1328951 0.2122018 -0.0434528 -0.0509832 -0.0601137 0.1678864 -0.0060772 -0.2149921 0.0049378 0.0164837 -0.1318885 -0.0224372 0.0357638 -0.0704638 -0.0397312 0.0249197 0.1377822 -0.0440837 0.2560458 0.0318211 0.0993626 0.1504052 -0.0235184 0.1210150 -0.1396299 0.0106018 0.2332046 -0.3919970 0.2759869 -0.0689260 0.1459555 -0.0733403 0.3461830 0.0003655 0.1892624 0.3315358 0.3503361 0.2644775 0.0245404 0.0547747 0.0879906 0.1332769 0.2025256 0.3478983 0.4849670 0.1255426 0.2464818 0.0123539 0.2656061 0.1487566 0.3603524 0.2128469 0.6258945 -0.1297462 0.1413890 0.1741915 0.4052151 -0.1800635 0.3378536 0.1644488 0.0885673 0.1511177 0.2480441 -0.0881502 -0.2110662 0.2780823 0.2938952 0.0926770 0.1487735 0.3200001 0.1535643 0.4850377 0.4520743 0.2647420 0.4150509 0.5762358 0.3922169 0.5262315 0.4626308 0.3097487 0.7496165 0.8875128 0.8170047 0.2133647 0.8278643 0.3457708 0.3582464 0.3534842 0.3415528 0.1993371 -0.0313115 0.4624765 0.1657991 -0.3021505 -0.3273295 0.1147591 0.2502023 -0.1105249 0.1304860 -0.3106088 0.1449460 -0.0427111 0.2999021 0.1224052 0.3709563 -0.1606245 -0.2318042 -0.1449940 0.1566994 -0.0623364 -0.3787069
0.1454275 0.4017797 0.0851719 0.5929550 -0.1060410 0.8245188 0.1051320 0.8020509 0.0000000 0.7190754 0.7271040 0.7314841 0.6628002 0.6125807 0.8626071 0.6976974 0.5831928 0.5184753 0.7237766 0.2221058 0.6578656 0.4477104 0.4484420 0.6114522 0.6112655 0.6313945 0.3786156 0.7198959 0.7469293 0.6142796 0.2086150 0.0740210 0.1738690 0.2340625 0.4619586 0.6809810 0.5737907 0.3818607 0.6336661 0.5476231 -0.0806186 0.6947711 0.5679697 0.2585438 0.4564861 0.4403244 0.4672262 -0.0680541 0.0760434 0.4924095 0.4923908 0.6179361 0.3385885 0.6981342 -0.0563364 0.3790138 0.3909149 0.5983444 0.4227922 0.4504327 0.4588485 0.5947686 -0.0816278 0.6557398 0.5058133 0.0859418 0.5223606 0.6923866 0.2185380 0.8381767 0.3786805 0.8066175 0.6348259 0.7825273 0.4108084 0.7767495 0.7123745 0.6192216 0.7780206 0.5973926 0.7939379 0.3059749 -0.0204113 0.0932675 0.0784381 0.1389527 0.0948559 -0.0904135 0.1327381 -0.0509590 -0.2578062 -0.2039755 -0.1816756 -0.4853964 -0.1465251 -0.1196267 -0.1809748 -0.1909142 -0.0342887 -0.3776087 -0.2443771 0.0265308 0.0109242 -0.3907569 -0.2611684 -0.0332390 0.1485863 0.1661231 0.0620463 0.0585869 -0.2160028 0.0928123 0.1286075 -0.0913623 -0.0940260 0.0909416 0.0984367 0.0010101 0.1712736 0.2102310 0.1730917 0.1833882 0.0400807 0.3955722 0.1400068 0.4230944 0.3259118 0.1479082 0.3768353 0.2163521 0.3806482 -0.0286234 0.1537556 0.4194870 -0.4507103 0.4425170 0.2052599 0.3549850 0.0688599 0.4144302 -0.0140987 0.2316038 0.2144925 0.4502012 0.5397052 0.2520635 0.1453731 0.1275740 0.1506656 0.4469429 0.3511669 0.6297889 0.1801186 0.2915380 -0.0870836 0.4475487 0.0962482 0.4450252 0.1491804 0.5267548 -0.1091675 0.2334551 0.4078582 0.2165393 -0.0864493 0.4567567 0.2619530 0.1564513 0.1415859 0.2664552 0.0975345 -0.1012497 0.2476481 0.3448500 0.1892791 0.1244180 0.3175185 -0.0214237 0.5458683 0.4864585 0.0307353 0.4966615 0.5267813 0.4250301 0.4493115 0.6721568 0.0201420 0.6242625 0.7966020 0.6665536 0.3237248 0.7072506 0.1742520 0.3499195 0.5333584 0.4438211 0.4560957 0.0662068 0.3599591 0.3125196 -0.1968606 -0.3384810 0.1971615 0.4659678 -0.2779085 0.2216100 -0.0746734 0.1517764 0.2531498 0.3059835 0.3628473 0.4650293 -0.2084618 0.0475758 -0.1772938 0.3946251 0.0673707 -0.4131249
-0.0942865 -0.1097846 -0.2762161 0.7948565 -0.4989648 0.7958592 -0.1285211 0.7325486 0.7190754 0.0000000 0.8398892 0.2659015 0.5491422 0.6060094 0.5591139 0.6775389 0.6103662 0.4312157 0.6244866 -0.0565103 0.1468662 0.2610659 0.3749608 0.5166355 0.4701811 0.4272057 0.2125234 0.5463345 0.4205511 0.4878425 -0.0167021 -0.1471549 0.1633237 0.2968065 0.2697276 0.2090491 0.3608395 0.1634637 0.4527852 0.3327162 -0.2606793 0.1677146 0.3567071 0.2084479 0.4683890 0.2017445 0.2737033 -0.2550646 0.1433139 0.3130574 0.2801288 0.3376577 0.4432254 0.5544988 -0.3176042 0.1369885 0.2021524 0.3290803 0.3660155 0.2129359 0.4649595 0.4882280 -0.2062065 0.7357483 0.5905174 -0.0933041 0.3779896 0.6164829 0.1036386 0.8451278 0.2774626 0.8715970 0.6188528 0.7752719 0.3537463 0.8663044 0.8297643 0.6461688 0.8247199 0.8537847 0.8008513 0.4400540 -0.0682488 0.1780502 -0.2073660 0.1633797 0.1442481 -0.4651664 0.1892535 -0.2190472 -0.0899261 0.0052564 0.0415351 -0.4803347 0.0480397 0.1206262 -0.0398362 -0.0007498 0.1725557 -0.1036258 -0.2680336 0.0872174 0.0908373 0.0102566 -0.1400784 0.2183934 0.2105792 0.1949702 -0.0812408 0.0627794 -0.0318826 -0.1188552 0.3302308 0.1756201 -0.0616801 0.2687148 0.3047488 -0.0367153 0.3171744 -0.0351171 -0.0251460 0.2183288 -0.0531284 0.2748508 -0.0566406 -0.1724292 0.3088291 0.1871520 -0.1848053 0.2063804 0.1224892 -0.0230404 0.0979106 0.4288938 -0.5535022 0.2342446 -0.0554686 -0.0755711 -0.3199982 0.0088381 0.1203710 -0.1769067 0.2555707 0.4977261 0.1874589 0.3446636 -0.2300395 -0.2260981 0.2455761 0.0675646 0.1031696 0.4987893 -0.1390782 0.4195170 -0.2097722 0.2787848 0.2146227 0.1141687 0.2024675 0.3668000 -0.2328383 -0.0709282 0.5214461 0.3834594 -0.2425045 0.6625277 0.5635893 0.1895758 0.2965218 0.1064827 0.0423696 -0.1792219 0.0090187 0.0355021 -0.1069476 -0.0156049 0.0679974 -0.1119911 0.1072584 0.0462980 -0.0255674 0.2791938 0.3630988 0.3806511 0.4199399 0.6308072 0.2021947 0.6426668 0.8249397 0.7142213 0.0947756 0.8988242 0.1021797 0.1259738 0.0459169 -0.0483992 -0.0400628 -0.4556870 0.1718166 -0.3253685 -0.3514347 -0.1509356 0.1697416 0.1478002 -0.5221787 -0.0195582 -0.5457502 -0.0910138 -0.0077204 -0.1011908 0.1523374 0.1028386 -0.5459350 -0.4075248 -0.4066971 0.1114540 -0.1808221 -0.2079866
0.1425810 0.1694995 0.1047609 0.7402073 -0.0599493 0.5903580 0.1580334 0.9078094 0.7271040 0.8398892 0.0000000 0.4674813 0.8498126 0.7899728 0.5201868 0.9188215 0.8304754 0.5898865 0.8265192 0.1634159 0.3494286 0.6581203 0.7246928 0.3377279 0.7561483 0.7806263 0.4136388 0.5782185 0.2670002 0.5344779 0.3825884 0.2607390 -0.1954001 -0.0984089 0.6049426 0.4238576 0.6804579 0.5697157 0.6871140 0.4942424 0.1686677 0.3416760 0.6885393 -0.0055310 0.1160206 0.5145684 0.5946104 0.2048293 -0.2070993 0.5999801 0.5957272 0.6690429 0.0332868 0.7971583 0.1190878 0.4964107 0.5167775 0.4491736 0.5438742 0.5325481 0.0952567 0.7426271 0.2137840 0.4748982 0.2123762 0.2881566 0.6814931 0.8028913 0.4467019 0.8126304 0.6022452 0.7059173 0.8180586 0.5564976 0.6658782 0.7342421 0.6283204 0.8520259 0.7380002 0.6499216 0.8759292 0.1661695 -0.1829065 -0.0013722 -0.1940623 0.0764968 0.1555261 -0.1192748 0.0710801 -0.1091378 0.0022786 0.0335079 -0.0516821 -0.2660034 0.0791544 0.1619317 0.0860176 -0.0828565 0.1466335 -0.2924155 -0.0791282 -0.0362955 -0.1174756 -0.0577159 -0.0165446 0.1262583 0.0450580 0.1247469 0.2156551 0.0363185 0.0124356 -0.1929721 0.0307805 -0.0846119 -0.2586425 -0.0806395 -0.0173640 -0.2410427 -0.0703445 -0.0683985 -0.1371155 -0.0798739 0.0312726 -0.0625836 -0.2473086 0.0993680 0.0203827 0.1084877 -0.1403869 -0.1408210 -0.0441974 -0.2178831 0.0257411 0.1510801 -0.3864099 0.0930398 -0.2158643 -0.0852025 -0.1191780 0.1534507 0.0679203 0.0067228 0.3170487 0.2744349 0.1750431 -0.0729025 0.0025600 0.0416308 0.2467842 0.1604090 0.2814468 0.3866163 0.1168054 0.2834310 -0.0221936 0.0951107 0.1843775 0.3756994 0.2441604 0.5887069 -0.1301231 0.1211438 0.1214374 0.4699253 -0.1351810 0.3439500 0.2010004 0.1794918 0.2124437 0.2780569 0.0686104 -0.0926221 0.3305116 0.3686742 0.2021680 0.1910757 0.2791134 0.2421701 0.3569262 0.3090393 0.2915320 0.2334675 0.4178232 0.2370282 0.4893873 0.3201662 0.4569542 0.6477048 0.8417106 0.8672508 0.0741975 0.8559161 0.4509077 0.2094664 0.1949250 0.1433337 0.0925597 -0.1045123 0.4535584 -0.0414874 -0.3459983 -0.3731548 -0.0047690 0.0130673 -0.1136142 0.2258560 -0.5167996 0.0035965 -0.1604809 0.0082116 -0.0689100 0.1035176 -0.1824974 -0.1997966 -0.1805120 0.1826742 -0.2153906 -0.2554601
0.4973485 0.6576956 0.4462998 0.2516943 0.3910883 0.3684903 0.3742392 0.5569646 0.7314841 0.2659015 0.4674813 0.0000000 0.6335163 0.4281078 0.5085348 0.5381197 0.5407135 0.2678850 0.5590938 0.6505422 0.9566716 0.5132232 0.5566342 0.1439390 0.5647311 0.6227828 0.4260335 0.5138540 0.4779476 0.4915878 0.4879272 0.3692380 -0.1700600 -0.1834895 0.5363351 0.8725840 0.5776474 0.5054134 0.6104422 0.4617452 0.2848763 0.8127136 0.6067235 0.1010278 -0.0160759 0.5346784 0.5653487 0.2834933 -0.2040453 0.4739578 0.5624458 0.6749092 -0.1521380 0.6170108 0.3663903 0.5343596 0.5128672 0.5887170 0.4994494 0.5654668 -0.0240666 0.5853826 0.2419287 0.1665614 -0.0520943 0.3763138 0.5350358 0.6086497 0.4079121 0.4645043 0.4414912 0.2988173 0.4575548 0.3132890 0.5053523 0.2922367 0.2297071 0.3990847 0.3516398 0.1600335 0.4685042 0.1285176 -0.0245849 0.0033577 0.3158203 0.1292674 0.0746660 0.3065763 0.1103791 0.2435875 -0.0843120 -0.0153611 -0.0407508 0.0035408 -0.1292585 -0.0843142 0.0376001 -0.1293967 -0.0036615 -0.2340537 0.1946751 0.0223775 -0.0617537 -0.3706048 -0.0095292 -0.1845997 0.0284910 0.0627815 0.4163598 -0.1175371 -0.1313700 0.2591447 -0.1637354 -0.3443825 -0.2768038 -0.2741582 -0.2876384 -0.2466842 -0.2489699 0.2505341 0.1548422 -0.1021160 0.1569548 0.0782648 -0.0247966 0.6956833 0.2012132 0.2300920 0.3098069 -0.0381614 0.1453138 -0.2283247 0.3281539 0.0033399 -0.1656161 0.2618230 0.2447003 0.1755141 0.4049958 0.4145782 0.1650512 0.3461965 0.3231112 0.2489427 0.3873990 -0.2580495 0.5175751 0.5221751 0.2183651 0.6056435 0.6055775 0.3534251 0.4418791 0.2070511 0.3708111 0.2382101 0.1425642 0.6559327 0.1864383 0.6679662 0.3946891 0.5801360 -0.0274747 0.3098828 0.3373773 -0.0063411 -0.1731380 0.1477021 0.1664263 0.5272073 0.2739209 0.1074247 0.5942367 0.7055353 0.6730713 0.5666291 0.7623121 0.4873237 0.8545043 0.7096206 0.4212120 0.3993767 0.4910090 0.2262035 0.4481231 0.1752946 0.2456633 0.5301484 0.5505624 0.5691161 0.3028323 0.4433937 0.6248429 0.3659793 0.6323770 0.6242154 0.8167670 0.6395376 0.6585079 0.6708383 0.1955692 -0.5420774 -0.0720579 0.3872186 0.2002044 0.4284135 0.2172502 0.4083116 0.1510918 0.3339371 0.0328410 0.5474415 0.2899988 0.3510451 0.2145588 0.5460030 0.0447829 -0.1965146
0.3851328 0.3794416 0.4496644 0.5027375 0.2895866 0.3909914 0.3497136 0.8875949 0.6628002 0.5491422 0.8498126 0.6335163 0.0000000 0.8752490 0.4673132 0.9147382 0.8803886 0.7234473 0.7613205 0.2887135 0.5580375 0.7216563 0.6919374 0.1906749 0.7258021 0.7614194 0.5543806 0.6782129 0.2052296 0.6590765 0.5436988 0.3357613 -0.3951864 -0.3134919 0.5655319 0.6701968 0.6508807 0.6734036 0.7128936 0.4644699 0.3271673 0.6077730 0.6827531 -0.0806759 -0.0635782 0.5140828 0.5645835 0.3963491 -0.3769785 0.5984726 0.5495179 0.6421983 -0.1658131 0.7680257 0.3887864 0.5423289 0.4772356 0.4439688 0.7195455 0.4906833 0.0131096 0.6215967 0.4161671 0.2137281 0.0180267 0.3083153 0.6065501 0.6414344 0.5069954 0.6072793 0.5381745 0.4632741 0.6705410 0.4186240 0.6426998 0.5641059 0.4396939 0.7157489 0.6370995 0.4946108 0.8205673 0.1183039 -0.0747694 -0.0431419 -0.0909811 0.1836054 0.3566250 0.1919698 0.1109694 0.1094551 0.1521769 0.0766132 -0.0619076 -0.2044229 0.1941941 0.2637978 0.1506586 0.0426332 0.1848563 -0.2709308 0.1325974 0.0558284 -0.0720468 -0.0643943 0.1303122 0.1744627 0.1170415 0.1747191 0.4577903 0.0904019 0.0774900 0.0588876 -0.0036778 -0.0948838 -0.1742619 -0.1159240 -0.0734224 -0.1741908 -0.1532856 0.0605964 -0.0553335 -0.1512641 0.0782276 -0.0821758 -0.1008415 0.3659499 -0.1011108 0.1187340 0.1139472 -0.2199901 0.0554354 -0.1261211 0.0741522 -0.0354134 -0.2143564 0.1191040 -0.0803983 0.0613856 0.0965173 0.3656395 0.0599962 0.2460156 0.2268662 0.2612518 0.2749360 -0.2509241 0.2599727 0.2817763 0.0667336 0.2802181 0.5036131 0.4023589 0.3366454 0.1530016 0.1588374 0.1008946 0.0193425 0.5765934 0.0644524 0.7031920 0.1233037 0.3148536 -0.1105699 0.3936260 0.1005506 0.1938265 -0.0605727 0.0047817 0.0789771 0.3655496 0.1286764 -0.0149134 0.5497495 0.5864589 0.3841674 0.3971522 0.4754756 0.4293969 0.6055395 0.5665167 0.4994800 0.3984136 0.6231934 0.3325500 0.5636606 0.1651022 0.5523012 0.7008556 0.7719819 0.8127649 0.1219572 0.6995654 0.5855859 0.2765535 0.3973039 0.3733034 0.3064568 0.2116103 0.6991285 0.2495234 -0.1293997 -0.5040684 0.0106567 0.1678733 0.2532577 0.4092319 -0.3386209 0.2433036 -0.1328514 0.1837818 -0.0593707 0.4076526 0.1561561 0.0058686 0.1760112 0.3647972 -0.0467767 -0.0865607
0.4564767 0.2303375 0.3157840 0.4673499 0.1619436 0.3483429 0.4172682 0.8149344 0.6125807 0.6060094 0.7899728 0.4281078 0.8752490 0.0000000 0.5034220 0.8824280 0.8768701 0.8319341 0.7423295 0.0268869 0.2893422 0.6261161 0.5579377 0.2574125 0.6392079 0.5964727 0.5150380 0.8119074 0.1051081 0.7500888 0.2700819 0.2538286 -0.2774965 -0.2280696 0.4264494 0.4821727 0.5368806 0.6202100 0.6464047 0.4200057 0.2249323 0.4310119 0.5595895 0.0472544 -0.0407676 0.4563029 0.4427152 0.3435893 -0.2412457 0.5716253 0.4298951 0.4643150 -0.0453831 0.6980023 0.3609321 0.5104386 0.3920498 0.3948027 0.6249480 0.3730798 0.0764291 0.4868119 0.4269731 0.2185551 0.1323829 0.2539267 0.4874370 0.4570044 0.5061727 0.5492883 0.4653343 0.4825473 0.5989400 0.4316387 0.5966735 0.5756786 0.4346838 0.7010127 0.6707358 0.5269155 0.8014020 0.0808525 0.0649478 0.0502479 -0.1162496 0.2745762 0.5331682 0.1512211 0.1850695 0.2037600 0.3314805 0.1628352 0.1380033 -0.2518329 0.3905918 0.4266126 0.1565363 0.2965841 0.3138694 -0.2954104 0.2170811 0.3417984 0.1235283 0.1021961 0.2576711 0.4336073 0.3597665 0.4305373 0.4277522 0.3310277 0.1929580 0.2649083 0.2605038 0.1767636 -0.0295192 0.0311840 0.0853512 0.0438329 -0.0132151 0.1974513 0.0896093 -0.0271698 0.1316521 0.0352000 0.1341922 0.1290268 0.0191399 0.1629947 0.1206134 0.0167258 0.2082121 0.1095999 0.2296733 -0.0362122 -0.0170720 0.2200257 0.1384043 0.1381046 0.0695778 0.3017265 0.0250074 0.2631621 0.1296602 0.1688154 0.3423079 -0.1597180 0.2425175 0.1837165 -0.1186206 0.3016849 0.4415095 0.3162216 0.4075554 0.0195273 0.1271630 -0.0491093 -0.1558830 0.5309038 -0.1293812 0.6028471 0.1940285 0.3399670 -0.1284543 0.3443434 0.1487936 0.2439382 0.0326056 -0.1941618 0.0441809 0.3318860 0.0904614 -0.0338529 0.5174548 0.4825515 0.1924543 0.3155757 0.2780825 0.2923358 0.3432415 0.3685321 0.3355225 0.2325208 0.5126188 0.2661791 0.5110470 0.2484897 0.5457834 0.6947868 0.7712899 0.7039621 0.2014535 0.6170049 0.4410710 0.2568093 0.2476221 0.1575066 0.0239883 0.0125417 0.5512842 -0.0324112 -0.0812373 -0.2769062 0.2204029 0.2517056 0.1653726 0.3731674 -0.3827637 0.3267694 0.1638775 0.2422634 0.1435677 0.3185558 0.0750009 -0.0856329 0.1142326 0.3354567 0.1286759 -0.0564878
-0.0501320 0.1453673 -0.1234182 0.5912137 -0.2497839 0.7042629 -0.0783459 0.7018293 0.8626071 0.5591139 0.5201868 0.5085348 0.4673132 0.5034220 0.0000000 0.5428939 0.3578324 0.4932384 0.7001761 -0.0403399 0.4532980 0.3262145 0.2962802 0.8507979 0.5543849 0.5074043 0.2984804 0.6732404 0.8344526 0.5625901 0.0318903 0.0003742 0.5171594 0.5341961 0.3980833 0.4716452 0.5063281 0.3362832 0.5764457 0.5737113 -0.2459958 0.6029344 0.4827172 0.4996998 0.6506998 0.4698896 0.4208632 -0.1844364 0.4379444 0.4840617 0.4456415 0.4514283 0.5958726 0.4780664 -0.1460904 0.3704574 0.3650429 0.6364770 0.1325282 0.3984305 0.5625789 0.4477494 -0.2418282 0.7653889 0.6944976 0.0383312 0.4762104 0.4639137 0.1145702 0.7878296 0.3549996 0.7743599 0.6073890 0.8015389 0.3187006 0.7584485 0.7114376 0.5515747 0.7420147 0.5794546 0.6634146 0.3169559 0.0165265 0.0045695 -0.0382768 -0.0008735 0.1590243 -0.1736706 -0.0590157 -0.1835287 -0.1319750 -0.1449847 -0.1903234 -0.6043516 0.0284526 -0.0214172 -0.1254678 -0.1420590 -0.1765902 -0.5249469 -0.3588147 0.0463362 0.0169901 -0.3761147 -0.1898821 0.1168589 0.1645870 0.1871400 -0.0676764 0.1112576 -0.2094366 0.1183351 0.2592108 0.0155448 -0.0366423 0.1559176 0.1942821 0.2226375 0.2663337 0.2728438 0.3160334 0.3340461 -0.0526353 0.6396790 0.4151172 0.2425257 0.4601142 0.0390668 0.4704878 0.4864856 0.6199652 0.1612483 0.2140244 0.5630212 -0.3532603 0.4768789 0.3421262 0.4325797 0.0772167 0.3292693 -0.2135065 0.2231692 0.1038225 0.2257108 0.4432137 0.3584428 0.0636196 0.0442178 -0.0436756 0.3247742 0.1435728 0.4309605 0.0545512 0.0860761 -0.1924310 0.3271739 -0.0685899 0.1968583 0.0084814 0.2961238 -0.2505898 0.0784321 0.4698936 -0.0123877 -0.2275423 0.3376635 0.2279754 -0.0342241 -0.1028569 0.0336194 -0.2444669 -0.3283125 0.0297902 0.0665342 -0.1662615 -0.2240369 -0.0106151 -0.3513232 0.2651945 0.2550911 -0.2660355 0.3158186 0.3177414 0.2712848 0.1740692 0.7588563 -0.2708471 0.4643736 0.6699416 0.4827099 0.3822181 0.5545433 -0.1125605 0.3246636 0.3735298 0.2758943 0.2346846 -0.1003377 0.0453743 0.2462548 -0.1664793 0.0835110 0.3777948 0.5226921 -0.3359178 -0.0567564 0.0625200 0.1180397 0.3654448 0.5077263 0.5422317 0.3957365 -0.3026489 -0.1546461 -0.0911727 0.0949071 0.1509662 -0.5371146
0.3017440 0.2244438 0.1988105 0.5569291 0.1405974 0.4893727 0.3806538 0.8663882 0.6976974 0.6775389 0.9188215 0.5381197 0.9147382 0.8824280 0.5428939 0.0000000 0.8880799 0.6419600 0.8740471 0.2208387 0.4010401 0.7960792 0.8050055 0.2471064 0.8434279 0.8413446 0.6632286 0.7030652 0.1752550 0.6756253 0.5155807 0.4338969 -0.3141082 -0.2510471 0.6840976 0.5091393 0.7553958 0.7685850 0.7680065 0.5807779 0.3782695 0.4369194 0.7834580 0.0387621 -0.0123209 0.6515366 0.6893668 0.4332320 -0.2856807 0.7227993 0.6784595 0.7231983 -0.1064513 0.8282393 0.3876029 0.6622418 0.6204958 0.4978693 0.6003465 0.6264611 0.0025980 0.7453620 0.4163822 0.2824058 0.0881633 0.4449366 0.7497957 0.7212435 0.6411891 0.6836479 0.7108323 0.5690454 0.8180567 0.4218588 0.7752878 0.6425829 0.4651444 0.8843804 0.7108988 0.5264677 0.8431944 0.1051964 -0.0381173 0.0863062 -0.0990807 0.2265827 0.4132052 0.0449379 0.2092220 0.1000262 0.1236261 0.1340727 -0.0200641 -0.2155879 0.2617407 0.3224024 0.1615501 0.0582535 0.2379557 -0.2521307 0.0963262 0.1351659 0.0060853 0.0206520 0.1491451 0.2761609 0.2317598 0.3176006 0.4084691 0.2465514 0.1019639 0.0534034 0.0491849 -0.0460306 -0.1321195 -0.0897244 0.0197555 -0.0436297 -0.0787464 0.1425456 0.0924834 -0.0009861 0.1443091 -0.0349241 -0.0245969 0.1756186 0.0681854 0.1433262 -0.0314344 -0.1060350 0.0974603 -0.0374279 0.1834605 0.0877073 -0.1522551 0.1397589 -0.0372767 0.0065819 0.0421153 0.2651359 0.0280567 0.1663349 0.2361860 0.1301674 0.2476532 -0.2243173 0.1866410 0.1767852 0.1061945 0.2841890 0.3743243 0.3166273 0.3388799 0.0763492 0.0695761 -0.0449277 -0.0224346 0.5645571 0.0624606 0.6120473 0.0512557 0.3114570 -0.0767157 0.3648536 0.0883588 0.1778641 -0.0261495 -0.0131330 0.0708409 0.3878252 0.1006881 -0.0041161 0.4830065 0.5214655 0.3066669 0.2580841 0.2873864 0.3042812 0.4053441 0.3926917 0.3211791 0.1823819 0.4440281 0.1566963 0.4262812 0.2020784 0.4807587 0.5882539 0.7828844 0.8429909 0.1664739 0.7261753 0.5191465 0.2590263 0.2650713 0.1778742 0.1439482 0.0349017 0.4885153 0.0235723 -0.1682716 -0.3887758 0.1220215 0.1549694 0.1005910 0.2828765 -0.5182985 0.0752819 -0.0510190 0.0329520 0.0426611 0.2210564 0.0224381 -0.0519783 0.0330592 0.2141753 -0.1550228 -0.1738434
0.3965553 0.1942289 0.3126889 0.4277312 0.2306384 0.3144537 0.4045170 0.7785445 0.5831928 0.6103662 0.8304754 0.5407135 0.8803886 0.8768701 0.3578324 0.8880799 0.0000000 0.5761577 0.7019276 0.2243129 0.3916162 0.6290837 0.7560664 0.0853394 0.6604884 0.6968860 0.6437853 0.6685781 0.0102577 0.7231484 0.3988066 0.3985560 -0.3853779 -0.3389017 0.5991776 0.4958061 0.6204757 0.6270066 0.7598022 0.5137850 0.3545160 0.4018791 0.6954121 0.0653371 -0.1360985 0.5140432 0.5757185 0.4202655 -0.3590628 0.5878739 0.5531077 0.6125300 -0.2022354 0.7922118 0.4015589 0.5528473 0.4983902 0.4692125 0.6532688 0.5011229 -0.0825403 0.6191703 0.4410434 0.1448304 -0.0401832 0.3736658 0.5814024 0.6022048 0.5455341 0.5274792 0.5530654 0.3711455 0.6364787 0.2927198 0.6459999 0.4664040 0.3260245 0.6849525 0.5539293 0.4250739 0.7414042 0.1589843 0.0111630 0.0160225 -0.1220289 0.2329029 0.3884216 0.0956692 0.1704883 0.1713519 0.1897428 0.1264874 0.1897229 -0.0568773 0.1903501 0.3297064 0.2044311 0.2337508 0.2607100 -0.1922844 0.2450207 0.2555268 0.0975625 0.1482658 0.2249753 0.2646217 0.1842453 0.2957227 0.4523350 0.0633247 0.1683048 0.1585289 0.1146583 -0.0061713 -0.2305776 -0.0866201 -0.0836285 -0.1860978 -0.1856960 0.0824509 -0.0777993 -0.1974952 0.1015224 -0.2405623 -0.1032894 0.1273154 -0.1015905 0.1369838 -0.1365715 -0.2789349 -0.1255191 -0.1307092 0.0869594 -0.0603908 -0.1388805 0.0535169 -0.1446671 -0.1168373 -0.0361711 0.1449266 0.1232509 0.0077179 0.1934765 0.1856551 0.1392208 -0.3283913 0.1463655 0.1401850 0.0484530 0.1414331 0.4082511 0.2887577 0.2855802 0.0828483 0.1670629 -0.0622258 -0.0231719 0.5017009 -0.0024234 0.6127115 0.1859556 0.2569128 -0.2237004 0.4117285 0.1244965 0.1031183 -0.1129340 -0.0831946 0.1080772 0.3435953 0.1075184 -0.0235621 0.5590667 0.5903309 0.4143698 0.4961812 0.4663307 0.4924866 0.4644617 0.4027483 0.5084071 0.2085128 0.4821467 0.2090779 0.5494826 0.1017155 0.5778313 0.6012393 0.7280049 0.7888390 0.1255437 0.6571936 0.6285753 0.2522219 0.2277622 0.1768106 0.1023456 0.1022366 0.5875694 -0.0167654 -0.1569708 -0.4948501 -0.0822516 0.0885266 0.2305844 0.3973771 -0.5343048 0.2699708 -0.0744223 0.0549101 -0.1588208 0.2614389 0.1949246 0.0391634 0.1416826 0.3992414 0.0453862 0.0619281
