0.0000000 0.4588560 0.1919367 0.0522596 0.2830512 0.4317386 0.2827972 -0.0607139 0.1720982 0.2102058 -0.1906953 0.5970286 -0.0249233 -0.3310020 0.3536042 -0.3479034 -0.2383690 -0.2425426 -0.3888223 0.1407503 0.1973681 -0.1513770 -0.2287809 0.1790163 -0.2667584 -0.1681716 0.5903704 -0.0325678 0.2784574 0.0793342 -0.0241495 -0.1743989 -0.0134187 0.0591232 -0.1606819 0.2399279 -0.1182909 -0.0966933 -0.0253587 0.1073827 -0.1910852 0.1686661 -0.0901302 -0.0071645 0.0808522 -0.2432346 -0.1397918 0.1197708 0.0516195 -0.1339956 -0.1299723 0.1229991 0.1690497 0.0351214 -0.2032355 -0.1961395 -0.1700655 0.0927546 -0.4056265 -0.1526581 0.2926320 -0.0937118 0.0275911 0.2253630 0.3809537 -0.0486476 -0.2390288 -0.0145717 -0.0928548 0.0359656 -0.1701315 0.2328347 -0.1532010 0.3594805 -0.0027781 -0.0523127 0.2691689 -0.1190968 -0.0464283 0.1955367 0.0812176 -0.0251583 0.0529269 -0.0177555 0.3137636 -0.1449493 -0.1777608 -0.1466168 -0.3273504 -0.1582993 -0.6579032 -0.4403986 -0.0830964 -0.4175676 -0.6010054 -0.5564817 -0.3439589 -0.1810658 -0.5554212 -0.1674658 -0.4424656 -0.0962682 -0.1069407 -0.4048754 -0.4340018 -0.4108482 -0.0670918 -0.1545626 -0.1585305 -0.2134206 -0.5885235 0.2280639 -0.3635365 -0.3089572 -0.1445656 -0.4257404 -0.3549990 -0.2559588 -0.3491605 -0.2340013 -0.3724140 -0.3109531 -0.2572453 -0.5630767 -0.0865208 0.3024494 -0.4553683 -0.1822357 0.3375740 -0.4326828 -0.1143792 -0.1856280 -0.2892021 -0.1785366 -0.2318642 -0.1246464 0.0638561 0.2858867 0.1262243 0.2171600 -0.3316319 0.3371987 -0.2508665 0.2295528 0.1979057 -0.2138844 0.1837794 0.1169785 -0.4949783 0.3057606 0.1369132 0.1372807 0.2316742 -0.4558999 0.0166182 0.2029071 -0.2358423 0.0386389 -0.3110282 0.1405883 -0.3366242 0.2055689 0.0235765 -0.0979866 -0.1632927 -0.0067752 -0.4303919 -0.4541170 -0.3257818 -0.0265541 -0.4693097 -0.3803465 0.5849528 0.3868208 0.0838294 0.3982852 0.6713780 0.5289479 0.3246213 0.1535741 0.2395921 0.2863314 0.0018465 0.2387794 -0.1729257 0.1190003 -0.0416931 0.2927206 0.3556687 0.3946841 0.0957320 0.4282701 0.3681775 0.3491003 0.2396247 0.2837858 0.1818764 0.3780238 0.1513941 0.1730698 0.3481598 -0.2504856 -0.1215421 0.1438664 -0.1795420 0.2931725 0.0177231 -0.0120860 0.3461833 -0.2630842 -0.3448946 -0.0347219 0.2373478 0.1566463 -0.1216864 -0.2288393 0.5325537 0.1251691
0.4588560 0.0000000 0.0376825 -0.1833598 0.0611668 0.2074717 0.5532193 -0.3299651 0.4096517 0.0831883 -0.2502145 0.2809045 -0.3111127 -0.0348979 0.5735404 -0.0846193 -0.0244748 0.2396074 -0.2277643 -0.2117415 -0.2745349 -0.3788194 -0.1788113 0.3395378 -0.2982984 -0.0370642 0.2897177 0.2269323 0.3540446 0.1783956 -0.3345801 -0.2288311 0.1227443 0.0835503 -0.0238586 0.0407395 -0.0387730 -0.5107474 0.0449202 0.1027492 -0.6187393 0.1780475 0.1216970 0.1622741 0.0489277 -0.2063788 0.1433478 -0.4599173 -0.1946998 -0.5647388 -0.0005557 0.1699336 -0.1875595 -0.0508968 -0.5084566 -0.3917664 -0.0501689 -0.0499111 -0.1109222 -0.2312791 0.4132898 -0.1978699 -0.1824934 -0.1600105 0.2128945 0.0322733 -0.2655416 -0.1794653 -0.2000414 -0.2710793 -0.1019350 -0.1772560 -0.2665001 -0.0751917 -0.3131392 -0.3514374 -0.2821707 -0.3730359 -0.4015057 -0.3188421 -0.3602240 -0.3166814 -0.1711617 0.1024164 0.0469407 0.1581157 -0.1347930 -0.0722644 0.1698577 -0.0477942 -0.1297700 -0.1379259 0.1046056 -0.1197890 -0.0453394 -0.2260044 -0.1933290 0.0199222 -0.2429241 0.1482035 -0.0541254 0.2452029 -0.0519662 0.1073683 -0.2817413 -0.2560053 0.3932675 -0.0449222 -0.2313604 -0.1945813 -0.3839818 0.0145283 -0.1789694 -0.3343413 -0.3814508 -0.3898658 -0.3535511 -0.3016557 -0.3369066 -0.1669192 -0.2611292 -0.2408512 0.1028100 -0.3529574 -0.1777900 -0.0152394 -0.2320335 0.2400246 0.2577789 -0.2346908 0.2943871 -0.0724243 -0.0485919 -0.0483142 -0.0334072 0.2933559 0.4320886 0.4605215 0.5182593 -0.0508344 0.1143928 0.2919038 -0.1927161 -0.0572080 0.5220872 0.1936927 0.5427434 0.5045752 -0.1391272 0.1987379 0.1446115 0.1404791 0.3660986 0.0707788 0.4682658 0.2860487 -0.1075955 0.3767549 -0.1334596 0.2587827 0.1597754 0.1685742 0.3353073 -0.0007240 0.2550039 0.3831913 -0.0366084 -0.2170941 -0.1178039 0.1269473 0.0219295 -0.0893286 0.2647777 0.4160275 0.7922626 0.8454986 0.1925123 0.3667594 -0.2535601 -0.1389979 0.2560527 0.1916744 0.1160542 0.3939440 -0.0586286 0.0681170 -0.0353467 -0.1716268 -0.2093588 -0.1544931 -0.1148763 -0.1607541 0.3329020 -0.0257263 -0.0547675 0.0256199 -0.0883332 0.6087855 -0.3272490 -0.1865573 0.3455496 -0.3520901 -0.2921488 -0.3317628 -0.1702032 -0.1306281 -0.2478080 0.1005574 0.4987679 -0.4226392 -0.4164858 -0.0479745 -0.2546964 -0.1611261 -0.1093429 -0.2913734 0.0713149 -0.0509551
0.1919367 0.0376825 0.0000000 0.7299504 0.8014171 0.3831862 -0.2273898 0.7314553 0.0645868 0.2107424 0.0836451 0.3092074 0.6782577 -0.0098364 -0.1403758 -0.2012631 -0.0399552 0.2686518 -0.0475429 0.7151310 0.4850662 0.3859585 -0.2329348 0.1473537 -0.0140853 -0.3057276 0.0633225 -0.0017392 0.1606359 -0.0579290 0.4521529 -0.1738316 0.2668322 0.5073820 -0.2989638 0.0834357 -0.2793956 0.1992818 -0.0493975 0.0257108 0.1125607 -0.0004487 0.0110362 0.2277064 0.3288660 -0.1884483 -0.2356490 0.3212106 0.6283083 0.0408170 -0.1909147 -0.0783783 0.7974536 0.1910175 0.3368452 0.0609877 -0.2802491 0.2266404 -0.1121572 -0.1961964 0.3618318 0.0264771 0.6135040 0.6213115 0.8093498 -0.1805573 -0.1177874 0.2128929 0.1398987 0.5322732 -0.0517507 0.7902936 0.2974972 0.7010134 0.2926364 0.4718014 0.5796563 0.4770815 0.5779407 0.5825573 0.6044599 0.1865920 -0.2597177 -0.5646226 -0.1076973 -0.6102829 -0.4826869 -0.4602039 -0.6186401 -0.1932486 -0.4085051 -0.2477627 -0.2168389 -0.5177472 -0.4592623 -0.3900280 -0.2158781 -0.2162901 -0.3697994 -0.6688905 -0.2779585 -0.3625065 -0.6206091 -0.3165607 -0.1764645 -0.2905340 -0.3286149 -0.5362055 0.5306854 -0.4661928 -0.2690218 0.5232488 0.2165681 -0.4397331 -0.3865861 -0.3938487 -0.4104628 -0.3952225 -0.3645193 -0.2951731 -0.3430514 -0.3757087 0.1087830 -0.2732520 -0.4063182 0.4803675 -0.2756621 0.0602376 0.1776158 -0.3088543 -0.3041564 0.0385513 -0.3410982 -0.2520593 0.2449511 0.1463764 -0.2880356 0.0339656 -0.1365464 0.3397551 0.0741807 0.1638985 0.0072446 0.2396065 -0.1249335 -0.1076510 0.0133557 -0.0145378 -0.1743917 0.3311939 0.4560464 -0.0736194 0.1106684 -0.0524818 0.0450902 0.1866905 0.0639364 -0.0156429 -0.1157837 0.3613116 -0.0610410 0.2671464 0.0019918 0.1905652 0.0091004 0.0383784 0.0115879 -0.2118668 0.0713623 0.0965818 -0.0288620 -0.1284514 -0.4604718 -0.4105223 -0.3874653 -0.0228405 0.6726430 0.5606476 0.5726772 0.3546178 -0.0743117 -0.0073875 -0.1772647 -0.1345448 -0.0012229 0.5961480 0.1429412 0.4678298 0.6317703 0.6324180 0.1835283 0.5742015 0.3256770 0.4288011 0.4468695 0.4753690 0.1268583 0.3718115 0.6814676 0.3802607 -0.3167542 -0.1203891 -0.0625024 -0.0272304 0.6018342 0.4356555 0.0310629 0.4560857 -0.3054601 0.3417755 -0.5301786 -0.0187818 0.6034641 0.5743864 0.3013619 -0.1710082 0.2208475 -0.1475518
0.0522596 -0.1833598 0.7299504 0.0000000 0.5313849 0.7319842 -0.1062908 0.8150599 0.4235388 0.6547905 0.5669329 0.4297256 0.5280711 0.4968072 0.0026354 0.2560622 0.4733199 0.6075965 0.2362262 0.6882175 0.6484945 0.6044632 0.3148089 0.2479022 0.3767117 0.2039496 0.2160970 0.1064344 0.2430183 0.0605147 0.3234535 0.2853502 0.3749121 0.7624472 0.2470317 0.2154568 0.1392353 0.4440391 0.0841195 0.3072148 0.2760589 0.1111875 0.4832978 0.2595607 0.4365145 0.2271760 0.1831923 0.4264628 0.8739739 0.2414434 0.2790488 0.3774139 0.9195221 0.5811688 0.3928897 0.3608724 -0.0326898 0.5932714 0.0710879 0.2099843 0.2429121 0.4311108 0.3655575 0.6532296 0.5594677 -0.1363481 0.2534518 0.5728397 0.1837025 0.7152536 0.0959420 0.7027118 0.5713354 0.4640828 0.2288917 0.5679766 0.4735179 0.4665042 0.6177108 0.4701104 0.4909627 0.0008122 -0.4417885 -0.5989249 -0.1904997 -0.7367332 -0.5786904 -0.3968190 -0.7184724 -0.3886650 -0.5239644 -0.2929025 -0.3289704 -0.4472592 -0.5603211 -0.3454663 -0.2145765 -0.3310318 -0.4302291 -0.5832451 -0.2891579 -0.5127807 -0.7179006 -0.4353663 -0.1774829 -0.2329054 -0.4503885 -0.6180254 0.4674977 -0.4264067 -0.2211627 0.4122493 -0.1716959 -0.4039216 -0.4754660 -0.4736994 -0.4848622 -0.5292236 -0.5279814 -0.5338697 -0.4701174 -0.4895892 0.0250607 -0.3634040 -0.5028483 0.3303749 -0.3089144 0.0002903 0.2821043 -0.2528742 -0.2399019 -0.0140408 -0.3087917 -0.3364961 0.3084779 0.0716166 -0.2791689 0.2129693 -0.0769230 0.3104678 0.0248846 0.2961657 0.0376448 0.2788919 -0.0901365 -0.1791102 0.0850866 0.0062494 0.0235556 0.4158738 0.4763001 -0.0760392 0.2599658 -0.0733062 -0.0248258 0.0652248 0.2444219 -0.0474141 0.0308324 0.3967386 -0.0971385 0.3900928 -0.0779895 0.2914809 0.0462614 -0.0788934 0.0956805 0.0458496 0.2105771 0.1884534 0.0013492 0.0272131 -0.4427453 -0.2565983 -0.5418558 -0.2173499 0.4194381 0.4003679 0.5966792 0.5170465 0.0238055 0.0605005 -0.0812080 -0.0827715 0.1253218 0.2029095 0.0685880 0.2467852 0.4435826 0.3941056 -0.0530343 0.3129083 -0.0958857 0.2251615 0.2552998 0.3326983 -0.0468740 -0.0368255 0.5443485 0.2937737 -0.4204753 -0.2493845 -0.3076008 -0.2972222 0.2315630 0.1665666 0.1184295 -0.0030304 -0.3277522 0.1236819 -0.4273307 -0.1846341 0.4274802 0.2708350 0.0693193 -0.3092121 -0.0644031 -0.3414778
0.2830512 0.0611668 0.8014171 0.5313849 0.0000000 0.3435651 -0.3133879 0.6820638 0.0651310 0.2688278 0.0492859 0.2007866 0.7171811 -0.1152859 -0.1261513 -0.3536403 0.0339202 0.0901142 -0.0987710 0.7521189 0.3556133 0.3302424 -0.1507844 -0.0067311 0.0102027 -0.3940110 0.1069982 -0.1292188 0.0487002 -0.0465013 0.5989942 -0.2147123 0.0646840 0.1702021 -0.3999618 0.0855012 -0.4495237 0.2256697 -0.1232954 -0.1156409 0.1206090 -0.0328681 -0.0887800 0.1158814 0.2240459 -0.2341598 -0.4648380 0.4025990 0.4342430 0.1589520 -0.4268270 -0.1481699 0.6469684 -0.0047692 0.4022529 0.0058553 -0.4110591 0.0502237 -0.2783439 -0.3888699 0.3572046 -0.2952249 0.6767997 0.6621082 0.8720146 -0.2401068 -0.3459754 -0.0221531 0.0921956 0.3990578 -0.1645888 0.7739157 0.0905207 0.8155876 0.3040355 0.3966532 0.6052523 0.3894962 0.4548107 0.6605731 0.5458395 0.2362549 -0.0023143 -0.2439031 0.1915466 -0.3828579 -0.3248472 -0.2024568 -0.4717837 -0.0166391 -0.4139489 -0.1930623 -0.0134766 -0.3229122 -0.4621808 -0.3729100 -0.1718102 -0.1139347 -0.3710757 -0.3925656 -0.2636852 -0.2691536 -0.3277677 -0.0493442 -0.1897768 -0.2915786 -0.0442016 -0.3051853 0.3694645 -0.0888772 -0.2601817 0.5244781 0.2659467 -0.3156421 -0.0109235 -0.2612721 -0.1977133 -0.0606588 -0.0542241 0.1069952 -0.1012285 -0.1007139 0.0728003 -0.1766180 -0.0122972 0.5205737 -0.2095348 -0.0188396 0.2295320 -0.3051002 -0.3071987 -0.0098286 -0.2882486 -0.1667361 0.1417873 0.1021749 -0.3115436 0.0532668 -0.2659631 0.4419308 -0.0159133 0.1690999 0.0503605 0.3115779 -0.2020932 0.0105434 -0.1439114 -0.1943586 -0.3909455 0.2266625 0.3010935 -0.0888504 0.0410776 -0.1557430 -0.0717513 0.2805635 -0.1043516 -0.1119909 -0.2602222 0.2252215 -0.2387969 0.1932995 -0.0824867 0.0252990 -0.1574675 -0.0438467 -0.1703414 -0.4163833 -0.0970577 -0.0584111 -0.1403546 -0.2825925 -0.2629818 -0.1374697 -0.1850662 0.0526454 0.5585211 0.5336656 0.4776600 0.1522574 -0.1535808 -0.0083322 -0.2240061 -0.0976011 -0.1819528 0.8526113 0.0959667 0.6950335 0.6739571 0.6118326 0.4781389 0.6504639 0.3832628 0.5127551 0.5003245 0.4425053 0.4682165 0.2417669 0.6443945 0.4757691 -0.2465531 -0.2801186 -0.0669536 0.2830770 0.7283827 0.6679037 0.1776730 0.5677700 -0.2223183 0.1743478 -0.2635835 0.2561379 0.7489787 0.6288900 0.2424909 0.0440957 0.3515228 -0.0197575
0.4317386 0.2074717 0.3831862 0.7319842 0.3435651 0.0000000 0.3816187 0.4687447 0.7390849 0.8474439 0.6136413 0.6672749 0.2424148 0.4913022 0.4720939 0.3908467 0.5719592 0.5323823 0.2237648 0.3701540 0.5207221 0.4038207 0.5107528 0.4184458 0.3516724 0.4256230 0.6091374 0.1485386 0.5222414 0.2152048 0.0774527 0.3681204 0.2963489 0.6960983 0.4647666 0.4652092 0.2855918 0.3594485 0.0915224 0.4028859 0.1832737 0.3867353 0.5592340 0.1553880 0.5382032 0.3274902 0.3657221 0.3745886 0.6391626 0.1799211 0.4142970 0.5576900 0.6557920 0.6252851 0.1914425 0.3562005 0.1420404 0.7445176 -0.1271210 0.3298253 0.3437366 0.4950677 0.2103882 0.5364666 0.3951061 0.0917662 0.2768526 0.5995861 0.2117020 0.5663342 0.1730008 0.4638549 0.4728351 0.3359159 0.1703466 0.4246470 0.3204618 0.2585026 0.3396232 0.1947496 0.1919428 -0.0596375 -0.1876463 -0.2366892 0.0451372 -0.3836396 -0.4721696 -0.2188148 -0.4466611 -0.3242238 -0.6094556 -0.3012164 -0.0842069 -0.3939927 -0.5323031 -0.2950529 -0.1236672 -0.1546044 -0.5528913 -0.2506908 -0.3433932 -0.2300531 -0.3892135 -0.4291701 -0.1641961 -0.1930961 -0.1618173 -0.3390919 0.1594936 -0.3936767 -0.3419222 0.1781603 -0.5275981 -0.3453592 -0.5689702 -0.5792680 -0.4604311 -0.5393194 -0.5860766 -0.5163247 -0.4656105 -0.4537772 0.0958457 -0.5249516 -0.2944403 0.1513607 -0.3309833 0.0985738 0.4187358 -0.2068998 0.0607763 0.0228656 -0.1227005 -0.2384876 0.2453234 0.1378828 0.0789837 0.4807679 0.2425953 0.2267627 -0.0315442 0.5153285 0.0825489 0.3414831 0.2545740 -0.0486462 0.3925657 0.2850219 -0.0018097 0.5814585 0.4201361 0.1825573 0.5167766 -0.1235281 0.2337433 0.2632906 0.2398126 0.2239147 0.1341421 0.4158129 0.0200738 0.5429967 0.1537275 0.2918995 0.2336189 0.1248437 0.0719113 0.0963507 0.2410174 0.3358131 0.0153725 0.1029510 0.0698623 0.2685346 -0.1318118 0.1555628 0.3280563 0.3871482 0.4163518 0.4958057 0.2813408 0.3128623 0.0752999 0.2467622 -0.0884564 0.0506052 -0.0968505 0.1734901 0.2858826 0.2153251 -0.2258593 0.1245096 -0.1100388 0.0836591 0.0224777 0.1140587 -0.0719196 0.0009821 0.2320677 0.0878768 0.0725241 -0.4918936 -0.4441275 -0.3574108 -0.1045192 0.1094391 0.0595415 -0.2661285 0.2131283 -0.1470700 -0.4014849 -0.2494094 0.2772871 0.0987122 -0.1529548 -0.2030793 0.0632480 -0.2384650
0.2827972 0.5532193 -0.2273898 -0.1062908 -0.3133879 0.3816187 0.0000000 -0.2574424 0.6364994 0.3830297 0.1666196 0.5921625 -0.2092376 0.2635865 0.7438102 0.4446675 0.3163298 0.2817028 0.2776560 -0.2399196 0.0753053 0.0237214 0.3679072 0.4902361 0.1748623 0.5252774 0.4589501 0.1259291 0.8211912 0.1184560 -0.2350611 0.3030688 0.1292032 0.3694887 0.5604786 0.6544221 0.5667761 0.0724500 -0.0502783 0.0596364 -0.0202312 0.7753209 0.3215775 -0.0763724 0.5381014 0.3801385 0.6570265 0.0182360 -0.1005504 -0.0816256 0.5712382 0.2905109 -0.1624665 0.1558452 -0.0622004 0.2806566 0.6529636 0.4882117 0.1386263 0.4933172 0.5483510 0.4014844 -0.0523727 -0.1010992 0.0262011 0.6564096 0.4529431 0.4278744 0.3597806 0.0041524 0.6131259 -0.2855867 0.3131040 -0.1941949 0.1697943 0.0829903 -0.1589470 0.0293650 -0.1507892 -0.3921023 -0.3899385 -0.4667057 -0.1209738 0.1690651 0.0421782 0.1296804 -0.2418342 -0.1238618 0.0815666 -0.1953232 -0.1036575 0.0204619 0.4423026 -0.1295950 -0.0257657 0.0668674 0.3869277 0.3511013 -0.3687367 0.2775571 -0.1236599 0.3264201 0.0158595 -0.0217229 0.1942230 0.0116136 0.3080816 0.1628315 -0.0796319 -0.2476389 -0.2508860 -0.2216517 -0.5833485 -0.0802734 -0.3409721 -0.3687540 -0.0842652 -0.1815010 -0.3009847 -0.2200053 -0.1206725 -0.1008085 0.5396971 -0.4575351 0.0099066 -0.2535432 -0.0135050 0.6249665 0.1675681 0.0835991 0.5902387 0.4774677 0.3528305 -0.1847299 0.4787779 0.4911768 0.5733542 0.4623744 0.6772444 -0.1700827 0.4576339 0.4330423 0.3992785 0.0936661 0.6559189 0.2870670 0.7522335 0.7062176 0.4397641 0.5840441 0.4529804 0.3868490 0.6498976 0.4179100 0.7222312 0.4044124 0.5208036 0.7067400 0.5403451 0.5660534 0.5463433 0.5893012 0.6379552 0.5906600 0.6866066 0.6707523 0.5051842 0.4514778 0.5169338 0.6968692 0.4760726 0.5033298 0.4843131 0.1993652 0.3927843 0.5271284 0.0491380 0.1988575 0.0093977 0.4137079 0.7108571 0.6418315 0.6012676 0.7635307 -0.0320228 -0.1494863 -0.1965230 -0.3123731 -0.2257469 -0.2346278 -0.4640434 -0.3448733 -0.2540477 -0.1403996 -0.3533724 -0.3206971 -0.4667580 0.0734527 -0.3737942 -0.3850786 0.6645239 -0.4831064 -0.3625455 -0.5989370 -0.5240254 -0.4734128 -0.2498843 -0.4663906 0.5864688 -0.2131342 -0.3313277 -0.5109637 -0.2653004 -0.3173298 -0.4283129 0.1281614 -0.0472629 0.0312850
-0.0607139 -0.3299651 0.7314553 0.8150599 0.6820638 0.4687447 -0.2574424 0.0000000 0.1685005 0.4952403 0.5866550 0.2047935 0.8527275 0.3149847 -0.1789305 0.2413739 0.3544936 0.2964264 0.4804722 0.6797953 0.5262417 0.8100406 0.2343859 0.0494601 0.5512873 0.1310704 -0.0105474 -0.1552370 0.1437933 -0.1363914 0.7177602 0.3073230 0.1292796 0.4838931 0.0439125 0.2101036 0.0142055 0.6796495 -0.0898572 -0.0934082 0.5669547 0.1153739 0.1937375 -0.0220840 0.4792999 0.2835409 -0.0138671 0.7096010 0.6521159 0.4293601 0.0561126 0.1029987 0.8540121 0.1331321 0.6276260 0.4447488 -0.0451189 0.4199838 0.0338577 0.0709654 0.2809008 0.2441215 0.6445017 0.7324283 0.6328749 -0.0513635 0.2236798 0.4944691 0.3459681 0.7591635 0.2158232 0.7933421 0.6056864 0.6596670 0.4260899 0.6928317 0.6269693 0.6438793 0.7021246 0.5702690 0.5087248 0.2488733 -0.1340107 -0.3188886 0.2063689 -0.5127941 -0.3948058 -0.1550930 -0.5572733 0.0037694 -0.3067640 -0.0829187 -0.1350529 -0.2227855 -0.3623505 -0.2188568 -0.0502190 -0.1858028 -0.2383842 -0.4697552 -0.2425258 -0.4823418 -0.4412126 -0.1854890 0.0045514 -0.1547547 -0.2860312 -0.4376240 0.7235689 -0.1846715 -0.0312589 0.6066612 0.0536056 -0.3351423 -0.1590859 -0.3526353 -0.2588202 -0.2073497 -0.2254953 -0.2026843 -0.3077394 -0.3058986 0.2070256 -0.3024361 -0.2586905 0.4580438 -0.3525234 0.1286210 0.2956678 -0.3137205 -0.3417659 0.1509333 -0.3232081 -0.3521243 0.4355837 0.2142905 -0.3488881 0.1131485 -0.2273154 0.4659956 0.1960322 0.2673786 0.2379250 0.4402035 -0.2040782 0.0074593 -0.0579616 -0.1159639 0.0087117 0.4345090 0.5803625 0.0180200 0.1793857 0.0722136 -0.0499301 0.2667268 0.3319324 -0.0063192 0.0520170 0.4660678 -0.0659560 0.4218731 0.0540772 0.3840341 0.0024058 0.0534511 0.2335084 0.0042110 0.2602861 0.2453715 0.0728042 0.0198259 -0.4504912 -0.5025491 -0.5131251 -0.3579760 0.3446480 0.4438228 0.5390973 0.3949747 -0.0493692 -0.0304694 -0.0138188 -0.0983028 0.0761278 0.4673171 0.0544686 0.5014612 0.5966945 0.5696802 0.2535145 0.5026248 0.0196774 0.4513166 0.4057266 0.4203902 0.1870406 -0.1704618 0.5987506 0.4300736 -0.5230659 -0.1454893 -0.1035498 -0.0074771 0.6439104 0.2744282 0.3088609 0.1405174 -0.4927028 0.3040515 -0.2205434 -0.0040292 0.5607955 0.4425805 0.1280964 -0.0427075 0.0822426 -0.0857519
0.1720982 0.4096517 0.0645868 0.4235388 0.0651310 0.7390849 0.6364994 0.1685005 0.0000000 0.6622479 0.4438275 0.6943729 -0.0587695 0.4941410 0.8233125 0.5166144 0.5719615 0.6189956 0.3183261 0.0835172 0.2017116 0.2515748 0.5937553 0.7092836 0.3307389 0.5477263 0.5340247 0.5174913 0.5946048 0.5248432 0.0532994 0.3461685 0.5620469 0.7090858 0.6416657 0.3635821 0.4562056 0.1209318 0.3646117 0.5394657 0.0765115 0.4280324 0.7674125 0.4444410 0.3899121 0.3137939 0.6378226 0.0730937 0.4854662 -0.1476175 0.6284029 0.7528390 0.2424718 0.6267301 -0.0979590 0.1668678 0.3628569 0.6731002 0.1679081 0.3915124 0.4899729 0.4590866 -0.1073831 0.0838731 0.2445119 0.2054834 0.3370530 0.3920621 0.1323951 0.1537943 0.3128341 -0.0308382 0.2976381 -0.0724944 -0.0668538 0.0766172 -0.1324587 -0.0469643 -0.0886373 -0.1333829 -0.2783126 -0.5462755 -0.4677241 -0.1701548 -0.1270949 -0.3140208 -0.3937848 -0.3373720 -0.2647100 -0.4755354 -0.3645609 -0.2801815 0.1258223 -0.1857056 -0.3420524 -0.2036677 0.0263250 0.0466031 -0.4745921 0.0027304 -0.3517153 -0.1033296 -0.4232492 -0.2728107 -0.1359955 -0.2872409 0.0488075 -0.2703108 0.1258497 -0.3443136 -0.3542359 0.1057355 -0.6130617 -0.3564141 -0.5054205 -0.5170180 -0.4532292 -0.5588821 -0.5934182 -0.4881753 -0.4171807 -0.4241336 0.3175638 -0.3997183 -0.2979285 -0.0294262 -0.2399893 0.2828948 0.3544434 -0.1656161 0.1583547 0.0385809 -0.0445424 -0.3420862 0.3303763 0.2178191 0.0927149 0.5151752 0.2767699 -0.0157885 0.2425130 0.3967712 0.2166898 0.0745246 0.2406647 0.0789080 0.4279782 0.3021413 0.2328226 0.3877136 0.3432043 -0.0013183 0.5035086 0.2535460 0.2891635 0.1310618 0.4341706 0.2574479 0.2778902 0.4565581 0.1614319 0.4411573 0.2594294 0.4721457 0.3590111 0.2155131 0.3018272 0.2449957 0.3759418 0.3957199 0.2707861 0.2976290 -0.0105276 0.2099233 0.2660179 0.4881023 0.0833510 0.4129344 0.1093617 0.3003623 0.3680556 0.3102135 0.2767925 0.4121898 0.1443600 0.0304643 0.1731675 -0.0227645 -0.1727993 -0.2425391 -0.2814251 -0.2192320 -0.0955590 -0.1101870 -0.1420284 -0.1098387 -0.1983303 0.1168804 -0.1544870 -0.0870215 0.2006205 -0.4293742 -0.5589146 -0.5183284 -0.2862835 -0.3461015 0.0224226 -0.4191426 0.3060714 -0.3080323 -0.4738774 -0.2783819 -0.0494283 -0.2922723 -0.3215923 -0.1059583 -0.1053922 -0.0047908
0.2102058 0.0831883 0.2107424 0.6547905 0.2688278 0.8474439 0.3830297 0.4952403 0.6622479 0.0000000 0.7674756 0.4675845 0.2931462 0.7754724 0.2894698 0.5297554 0.8681662 0.5870715 0.4123504 0.3617338 0.5010795 0.5099871 0.6740149 0.2179137 0.5533742 0.5598284 0.3737055 -0.0199203 0.5105886 0.0129399 0.0352117 0.5147582 0.0920473 0.5364170 0.5855288 0.5808379 0.4008791 0.5228583 -0.0695140 0.1140901 0.1764015 0.5184852 0.6198136 -0.0787075 0.5933183 0.5430171 0.4548268 0.4535023 0.5216955 0.3476343 0.4627727 0.4649031 0.6245566 0.3806111 0.3877410 0.5830122 0.2964662 0.6429156 0.0518797 0.3876288 0.3962159 0.4061957 0.2716349 0.5406148 0.3412217 0.2668959 0.3621089 0.6284774 0.3916638 0.6009201 0.3592645 0.4192245 0.5661154 0.2758652 0.3358521 0.5166168 0.3040702 0.3569139 0.3986651 0.1677412 0.1578140 -0.1087865 -0.1575107 -0.1513776 0.0974014 -0.2807555 -0.3305254 -0.0994835 -0.3833078 -0.2415675 -0.3869748 -0.0165955 0.1686071 -0.2812425 -0.3617475 -0.0774660 0.1490515 0.0387822 -0.4462671 -0.0946729 -0.2025604 -0.1248549 -0.2558513 -0.1157062 0.0882874 -0.0107515 0.0093501 -0.1790859 0.2203815 -0.1266939 -0.1405462 0.1073644 -0.3971915 -0.1608405 -0.3046125 -0.4269063 -0.1967251 -0.2200154 -0.2938710 -0.2418263 -0.2121556 -0.1727637 0.2484281 -0.4356795 -0.0707840 0.0692601 -0.1567765 0.2811947 0.3822222 -0.0267934 0.2254014 0.2471950 0.0767254 -0.1786880 0.4190958 0.3345361 0.1921435 0.5012327 0.3075062 0.2672714 0.1757329 0.5303286 0.2403086 0.3992397 0.3208958 0.1835946 0.4097784 0.3130919 0.1379124 0.6249174 0.5223543 0.2851202 0.5533386 0.0568495 0.3071753 0.3615075 0.3154802 0.2997761 0.2133374 0.4933686 0.1637149 0.6264535 0.1903431 0.3506584 0.3182499 0.2560318 0.2175296 0.2037938 0.2966144 0.4434200 0.1417834 0.1894292 0.1111454 0.1633048 -0.1408709 0.0216108 0.1904460 0.2517943 0.3972286 0.5095842 0.3371319 0.3875091 0.2249518 0.3423585 -0.0510448 0.0250449 -0.2198341 0.0657515 0.2353181 0.1472702 -0.1832902 0.0591984 -0.2958972 0.0750718 -0.0536705 0.0172529 -0.0740347 -0.1794334 0.1667151 0.0422905 0.0153496 -0.5334073 -0.4934391 -0.4802813 -0.1240574 0.0286088 0.0912964 -0.3700013 0.0909592 -0.1828211 -0.1871644 -0.2747339 0.1586760 0.0231110 -0.2201578 -0.1830010 -0.2153380 -0.4442376
-0.1906953 -0.2502145 0.0836451 0.5669329 0.0492859 0.6136413 0.1666196 0.5866550 0.4438275 0.7674756 0.0000000 0.1012053 0.3893555 0.7633898 0.0301707 0.8434024 0.8180222 0.4809449 0.8052392 0.1462115 0.4096860 0.7472159 0.8031446 0.0970361 0.8681326 0.7691487 0.1488169 -0.0959435 0.2849521 -0.0237530 0.2159119 0.7816703 0.0064700 0.4255403 0.6722691 0.4037330 0.4760035 0.7254516 -0.0075793 0.1260763 0.5128068 0.3308676 0.6030159 -0.1959888 0.5060198 0.7647638 0.5101872 0.5627340 0.4412389 0.5411680 0.5440848 0.4453276 0.5433034 0.3178380 0.4728515 0.6726478 0.3359315 0.6422111 0.0624186 0.5112523 0.0605719 0.6253334 0.2641471 0.4840078 0.0325838 0.2078911 0.5629755 0.6946063 0.4165099 0.6828561 0.4051563 0.3719036 0.6764864 0.1555256 0.3184032 0.5777658 0.2813334 0.4359943 0.4587681 0.1032782 0.1341521 0.1049860 0.0194657 -0.0595914 0.1734640 -0.1080934 -0.1563820 0.0320725 -0.1701510 -0.0214242 -0.0538481 0.2642665 0.1486701 -0.0859767 -0.0450272 0.2266682 0.2741822 0.1241867 -0.1191890 -0.1384509 -0.1571200 -0.1111505 -0.0594728 -0.1376075 0.3294269 0.2167382 0.0128215 -0.0701756 0.4777525 -0.0201994 0.1473256 0.1741535 -0.1909331 -0.0374272 -0.2369058 -0.2499378 -0.0495071 -0.1300981 -0.1612116 -0.1572742 -0.1624276 -0.1559842 0.3665480 -0.2162717 -0.0399896 0.1159943 -0.0897418 0.3568381 0.4451829 0.0993853 0.2102871 0.3326282 0.1371265 0.0170081 0.4504451 0.3932161 0.2212256 0.4797389 0.2725579 0.3347379 0.2492482 0.5234867 0.2621748 0.5178664 0.2706715 0.3683915 0.3325991 0.2808439 0.2730648 0.5489693 0.4709610 0.4392609 0.5159797 0.2130657 0.2426821 0.3685987 0.3718248 0.3276653 0.2942322 0.4137386 0.3186784 0.6040343 0.2918352 0.3606263 0.3390762 0.2804211 0.4285804 0.3580307 0.4021028 0.4680781 0.2749204 0.3141027 -0.0653128 -0.0601505 -0.2136592 -0.3104902 -0.1275333 0.0172619 0.2176429 0.3828583 0.1681509 0.1052146 0.1320885 0.0872617 -0.1001637 -0.1552369 -0.3060277 -0.0452415 0.1605780 0.1112556 -0.0759603 -0.0393487 -0.4607540 0.0767981 0.0217361 0.0833303 -0.0689540 -0.4473454 0.1423604 0.1476308 -0.2206906 -0.1065813 -0.0931164 -0.2857286 0.0569443 -0.1271291 0.3542220 -0.3626658 -0.0494381 0.1119721 0.1345633 -0.1674336 0.0296206 0.0091675 -0.0462188 -0.1082284 -0.3753054 -0.2725204
0.5970286 0.2809045 0.3092074 0.4297256 0.2007866 0.6672749 0.5921625 0.2047935 0.6943729 0.4675845 0.1012053 0.0000000 0.0802747 0.0439878 0.7066955 0.0895818 0.1084799 0.2652191 0.0213934 0.3276102 0.5023931 0.1751264 0.1795902 0.5802468 0.0795744 0.2244599 0.5809416 0.2694810 0.7158286 0.2587853 0.1724399 0.1622706 0.4371139 0.6858203 0.3140539 0.5436416 0.3628254 0.1786911 0.1163289 0.3433841 0.1623560 0.5507706 0.3415576 0.3087857 0.4991446 0.1140528 0.3881646 0.2857432 0.4751595 -0.0966486 0.4443111 0.4813169 0.3443961 0.4710526 0.0176203 0.1398954 0.3328091 0.6056866 0.0793721 0.3779877 0.6187230 0.4336401 0.0546351 0.2684872 0.4823803 0.2757081 0.3387489 0.4556724 0.1977796 0.2674401 0.3633131 0.1950235 0.3661120 0.2563373 0.1476434 0.2494471 0.2409132 0.1490222 0.1508836 0.2030316 0.0447928 -0.4557677 -0.4251758 -0.2736122 -0.0034040 -0.4883276 -0.4818351 -0.4875696 -0.5353760 -0.4920436 -0.6328184 -0.4762199 0.0146793 -0.4537759 -0.6340706 -0.4596900 -0.0623891 -0.0856559 -0.6769296 -0.2232582 -0.4747912 -0.2101818 -0.5467293 -0.5239068 -0.2591290 -0.4139130 -0.1966673 -0.3698744 0.1653096 -0.4814933 -0.5720167 0.2679796 -0.6852630 -0.4327605 -0.4411656 -0.6237918 -0.5273867 -0.5953728 -0.6768941 -0.6034043 -0.5404180 -0.5192659 0.1685484 -0.6663727 -0.3743930 0.1844691 -0.4020823 0.1406854 0.2561849 -0.3720741 -0.0639773 0.0866522 -0.1938452 -0.5516797 0.3194536 0.0566867 -0.0771389 0.2915944 0.1413183 0.0719288 0.0995937 0.3574504 0.2348858 0.1322073 0.1335953 -0.2582655 0.3421713 0.2319990 0.1155939 0.5042586 0.4494474 -0.0140884 0.4367484 -0.0087789 0.2136971 0.1370433 0.4362544 0.1984427 0.2624221 0.4936867 -0.0521046 0.4508178 0.2186403 0.5093104 0.2164137 0.1575287 0.1275655 0.1440679 0.3266672 0.3634994 0.0489262 0.1823431 0.1976889 -0.0145098 -0.1150189 0.3458042 0.6027483 0.6771779 0.5598363 0.6007337 0.5201417 0.5330204 0.3797226 0.4925251 0.1692447 0.1442532 0.2105492 0.2455995 0.2366738 0.2067776 -0.1864347 0.2439973 0.0742286 0.2224454 0.0860266 0.1122127 -0.1308970 0.1951293 0.1810295 0.0700488 0.4096067 -0.4288462 -0.4061567 -0.3003784 -0.2958389 -0.1151666 -0.0531305 -0.2876121 0.2948062 -0.1277828 -0.6551533 -0.3521404 0.2610553 -0.0148492 -0.2934714 -0.0293679 0.3289364 0.1693570
-0.0249233 -0.3111127 0.6782577 0.5280711 0.7171811 0.2424148 -0.2092376 0.8527275 -0.0587695 0.2931462 0.3893555 0.0802747 0.0000000 0.0975967 -0.3053615 0.0485414 0.1612627 0.0034955 0.3934171 0.6618352 0.4382830 0.7303082 0.0203570 -0.1371132 0.4095783 -0.0880619 -0.0998007 -0.3981324 0.1310997 -0.3074628 0.7627045 0.1663865 -0.1573120 0.1739469 -0.1866382 0.3512367 -0.1199034 0.6975046 -0.3115599 -0.3987462 0.5843492 0.2521517 -0.1499096 -0.2902371 0.5521116 0.1633400 -0.2433723 0.7634986 0.3206283 0.5520910 -0.2046919 -0.3271677 0.6870237 -0.1463181 0.7823874 0.4718677 0.0097067 0.1985389 -0.0882936 -0.0406847 0.3870665 0.0308877 0.8932105 0.6914434 0.6628550 0.1646282 0.0984281 0.3623389 0.5693957 0.6541907 0.3245349 0.8038295 0.5289961 0.7620420 0.7197180 0.7364617 0.7425613 0.8141172 0.7274565 0.5625434 0.5944180 0.3934740 0.1331845 -0.2223387 0.2231734 -0.2919596 -0.2837665 -0.1695226 -0.4376670 0.1006980 -0.1316672 0.0948148 0.1295246 -0.3100398 -0.2272501 -0.0223419 0.2124487 0.1197177 -0.1807928 -0.4372659 -0.2131738 -0.2159591 -0.1664014 -0.0793211 0.2875639 0.0333507 -0.1826955 -0.1486955 0.6636183 -0.1034080 0.0690826 0.3921654 0.2501580 -0.1136166 0.0065691 -0.1557459 0.0837265 0.1175077 0.0862266 0.1423950 0.0221269 0.0273420 0.3354434 -0.1618149 0.0537631 0.3827532 -0.1201935 0.2717786 0.1354453 -0.0868012 -0.1797329 0.4056640 -0.0691089 -0.1994210 0.4784185 0.2844702 -0.2331380 -0.0180319 -0.1781040 0.3595233 0.2566739 0.1680839 0.4291834 0.4352499 -0.1569616 0.1210557 -0.0684687 -0.0868465 0.0026900 0.4068919 0.5144877 0.1342104 0.1184606 0.1051843 0.0622358 0.3441056 0.2640525 0.0860504 0.1173406 0.4321548 0.1125300 0.4039715 0.0846475 0.3648368 0.1159911 0.1619153 0.2166751 -0.0342989 0.2848940 0.3164630 0.1647753 0.0701215 -0.1853756 -0.5151652 -0.4516411 -0.3269494 0.3470536 0.3641448 0.5099298 0.4044602 0.0754612 0.1237267 0.0613467 -0.0077916 -0.1410006 0.6341782 -0.0717427 0.5849749 0.7266324 0.6787451 0.2717401 0.5698713 0.0718000 0.5039945 0.3471962 0.3659188 0.2009644 -0.0763609 0.6153339 0.3431787 -0.3165934 -0.1098738 0.0710393 0.1497396 0.7527017 0.4765372 0.2213507 0.3077213 -0.3839059 0.4840762 -0.1070084 -0.0297421 0.7411295 0.6596086 0.1774041 0.3190747 0.1583753 -0.0143737
-0.3310020 -0.0348979 -0.0098364 0.4968072 -0.1152859 0.4913022 0.2635865 0.3149847 0.4941410 0.7754724 0.7633898 0.0439878 0.0975967 0.0000000 0.0696828 0.7027308 0.9207968 0.7160645 0.5088096 0.0725827 0.2290001 0.3994842 0.6471522 0.1040160 0.5374019 0.6049462 -0.0301868 0.0754377 0.2553992 -0.0233565 -0.2279779 0.5114650 0.0845234 0.4289680 0.6357855 0.3205218 0.4633665 0.3563639 0.0063663 0.0731703 0.0351213 0.3434660 0.6644303 -0.0716902 0.4095463 0.5726348 0.5671858 0.1321244 0.3639995 0.2208715 0.5257220 0.3693658 0.4056709 0.3089429 0.2667762 0.5514834 0.3713167 0.4397743 0.3209308 0.3984552 0.1777044 0.4028656 0.0542797 0.1986934 -0.0535416 0.2746215 0.4101461 0.5263692 0.3633849 0.4226388 0.3632004 0.1267777 0.5098360 -0.1357455 0.2052764 0.3410908 -0.0335461 0.2578553 0.2652499 -0.1378217 -0.0045693 -0.1332559 -0.2787657 -0.2355168 -0.2420920 -0.1625264 -0.1407470 -0.0699143 -0.1425110 -0.2120068 0.0787923 0.2280067 0.1166566 -0.1060176 0.0623119 0.2518067 0.2506581 0.1032718 -0.0383448 -0.0383189 0.0829264 -0.0218974 -0.1962384 0.0652715 0.2999262 0.2346483 -0.0339293 -0.1175226 0.1861940 -0.0899336 0.2152519 -0.1622292 -0.1757520 0.0158799 -0.3315807 -0.1587557 -0.0364414 -0.1429265 -0.1510740 -0.2088859 -0.0457492 -0.0371825 0.2433753 -0.0857964 -0.1514572 -0.2145345 0.0789089 0.3120231 0.1322644 0.2365791 0.3134961 0.2454088 0.2156090 -0.0045663 0.3787681 0.3279745 0.2276370 0.3334414 0.3206777 0.0076203 0.2714641 0.2549278 0.1982897 0.1313894 0.2652545 0.2374878 0.3342095 0.2925768 0.3782428 0.3260692 0.3228670 0.1910683 0.3516063 0.2474203 0.2774638 0.1018256 0.3048483 0.2292018 0.2721175 0.3189114 0.3675902 0.3771532 0.0843098 0.2619122 0.3771224 0.2085031 0.3452266 0.3804961 0.3260314 0.3752775 0.2987308 0.3132376 -0.1381386 0.0053920 -0.0814935 -0.1229263 -0.2254796 -0.1277872 0.0554189 0.3033121 0.1955997 0.1659884 0.1982672 0.1604326 0.1191615 -0.2954237 -0.1801883 -0.2989926 -0.1240816 -0.1867722 -0.3967165 -0.3097086 -0.4403008 -0.2433405 -0.2956741 -0.1674370 -0.3118917 -0.1999007 -0.0818486 -0.1932050 -0.1923931 -0.2435793 -0.4395564 -0.7019647 -0.2040660 -0.2465944 -0.0271845 -0.4492065 -0.0799900 -0.1120326 -0.0255970 -0.3277410 -0.1886061 -0.1823668 -0.1360834 -0.2435113 -0.6340536 -0.6301929
0.3536042 0.5735404 -0.1403758 0.0026354 -0.1261513 0.4720939 0.7438102 -0.1789305 0.8233125 0.2894698 0.0301707 0.7066955 -0.3053615 0.0696828 0.0000000 0.2636732 0.1362859 0.2062267 0.0810673 -0.1942583 -0.1398219 -0.0443439 0.2803636 0.7286794 0.0141076 0.3574055 0.5465807 0.5337295 0.5369426 0.5445238 -0.0299051 0.0755948 0.5043499 0.4773742 0.4440711 0.2236378 0.3828617 -0.1220043 0.3560711 0.4204194 -0.0040363 0.3696886 0.4387549 0.4034212 0.2078251 0.0964942 0.5495471 -0.0686839 0.1193300 -0.3581974 0.4958411 0.5952522 -0.1749070 0.3679826 -0.3522463 -0.0567185 0.3735537 0.4353188 0.1606753 0.2719929 0.4826485 0.2471566 -0.2845617 -0.2658197 0.0647759 0.2690782 0.2081420 0.1196734 0.0065610 -0.2318248 0.2611434 -0.3714763 0.0122349 -0.2675757 -0.2250921 -0.2489964 -0.3807241 -0.3036788 -0.4344012 -0.3998705 -0.5774858 -0.5551522 -0.2810430 0.1420195 0.0328508 -0.0672141 -0.2219569 -0.1579080 -0.0108560 -0.2913551 -0.3125374 -0.4048892 0.1540514 0.0634882 -0.2245135 -0.2838357 -0.0306222 0.0625185 -0.3466427 0.2913617 -0.2426784 0.0239917 -0.1905495 -0.1735786 -0.2513852 -0.3736740 0.1410232 -0.0821070 -0.0671738 -0.2994581 -0.3525817 -0.0000974 -0.6910860 -0.2947415 -0.3779954 -0.3993200 -0.3876358 -0.4748074 -0.5217374 -0.4320132 -0.3625870 -0.3542865 0.2223754 -0.3848897 -0.1945862 -0.2174009 -0.2874437 0.1897261 0.1458448 -0.2504187 0.1140841 -0.0723665 -0.0853665 -0.4508852 0.1702823 0.0897096 0.0656540 0.3109000 0.2202115 -0.2610576 0.2317609 0.1779392 0.2100813 -0.1712007 0.1977429 -0.0442516 0.3599971 0.2499185 0.2185702 0.2211055 0.1913362 -0.1267928 0.3184045 0.2735281 0.2636150 0.0426436 0.4409033 0.2453138 0.2933481 0.3537642 0.0944409 0.2427392 0.3148861 0.4580891 0.3066452 0.2286929 0.2536147 0.2221470 0.3215680 0.3482136 0.2388957 0.2829682 0.1537445 0.2540472 0.4764075 0.7190429 0.0280264 0.4016504 -0.1482668 0.0711353 0.3904029 0.3134868 0.3556320 0.5187042 0.2468052 -0.0117278 0.3135057 -0.0461110 -0.3823752 -0.3973410 -0.3573034 -0.3156743 0.1270221 -0.2413398 -0.3031731 -0.3049390 -0.2574636 0.2446926 -0.4525148 -0.3108138 0.4172255 -0.4198926 -0.5573107 -0.4116961 -0.3612203 -0.4546606 -0.1851176 -0.4861050 0.3963490 -0.4673747 -0.5558150 -0.3178010 -0.2275427 -0.4718605 -0.5099398 0.0257133 0.1515960 0.2618716
-0.3479034 -0.0846193 -0.2012631 0.2560622 -0.3536403 0.3908467 0.4446675 0.2413739 0.5166144 0.5297554 0.8434024 0.0895818 0.0485414 0.7027308 0.2636732 0.0000000 0.7043171 0.4838303 0.8757606 -0.2352495 0.1540269 0.5581065 0.8135122 0.3160700 0.7858574 0.9059517 0.1497553 0.1420693 0.3938231 0.1433612 0.0308427 0.7567928 0.1706324 0.4483179 0.8267113 0.3510027 0.6503712 0.4981815 0.1711067 0.2268164 0.4371011 0.3839396 0.6735161 -0.0629592 0.4034837 0.7963317 0.7760081 0.2822060 0.2467748 0.2950044 0.7588816 0.5445051 0.1603109 0.3218636 0.1988343 0.5729386 0.5572519 0.6431918 0.2432808 0.6515737 0.0460423 0.7307861 -0.0091581 0.0919400 -0.2514128 0.3740553 0.6992709 0.6281372 0.3716559 0.3832510 0.5308743 -0.0773736 0.5760468 -0.2382613 0.1349129 0.3187314 -0.0936657 0.1949245 0.1394335 -0.2582190 -0.2334544 -0.1224501 -0.0498862 0.0695581 0.0750101 0.0681603 -0.0508834 0.0556551 0.1002876 -0.0178005 0.1807830 0.3376665 0.2565294 0.1054337 0.2229576 0.3689138 0.3971563 0.2570862 0.0261719 0.0950181 -0.0635314 0.0771204 0.0289448 -0.0485448 0.3966693 0.2633875 0.1503893 0.0664105 0.3750083 -0.0539024 0.1965005 0.0051560 -0.2653821 0.0271080 -0.2643916 -0.1709648 -0.0215921 -0.1584429 -0.1862063 -0.2142907 -0.1385749 -0.1558627 0.5216359 -0.1224749 -0.0671589 -0.1124242 0.0137623 0.5125436 0.3371391 0.1989838 0.3846246 0.3847426 0.2682376 0.0559193 0.4750928 0.4604265 0.3899509 0.4676475 0.4301829 0.1017801 0.4193680 0.4529549 0.3010254 0.3198195 0.3990433 0.4513897 0.4744469 0.4460930 0.5033670 0.4753172 0.4126293 0.4509720 0.5433431 0.4763439 0.4023172 0.3163568 0.5228891 0.4870643 0.4828129 0.4121973 0.5421080 0.5542367 0.4938113 0.4889276 0.5168368 0.4516690 0.6511288 0.5676631 0.5384156 0.5733231 0.4820829 0.5112178 -0.0458521 -0.0584951 0.0386134 -0.1248577 -0.3568054 -0.1215098 -0.0709386 0.2679807 0.2672666 0.1182597 0.3147690 0.2343497 0.0339033 -0.3573308 -0.2112150 -0.3324553 -0.2307243 -0.2464721 -0.2758354 -0.4041088 -0.5592929 -0.1658099 -0.2000830 -0.1744761 -0.3418677 -0.3977558 -0.2074388 -0.1017062 -0.0229111 -0.0094769 -0.0700662 -0.4594345 -0.1866732 -0.5336189 0.2130367 -0.5452060 0.1020072 0.0756446 0.1199554 -0.2954214 -0.3451763 -0.3049221 -0.1638903 -0.0702071 -0.4412726 -0.0803532
-0.2383690 -0.0244748 -0.0399552 0.4733199 0.0339202 0.5719592 0.3163298 0.3544936 0.5719615 0.8681662 0.8180222 0.1084799 0.1612627 0.9207968 0.1362859 0.7043171 0.0000000 0.6866831 0.5706540 0.1642043 0.3155258 0.4804025 0.8191700 0.1164799 0.6632894 0.6836800 0.1340188 -0.0114829 0.3705855 -0.0055440 -0.0720419 0.6109690 0.0360373 0.3879176 0.7021035 0.4475350 0.4605040 0.4704900 -0.0523523 0.0736480 0.1349989 0.4240758 0.6864543 -0.1125854 0.4628003 0.6611987 0.5423199 0.2736085 0.3641298 0.3658535 0.5240364 0.4203614 0.4027266 0.3125603 0.3747112 0.6007797 0.3615074 0.5311471 0.1826784 0.4315516 0.1963457 0.3936774 0.1482171 0.3434545 0.0787045 0.2679443 0.4212282 0.5480178 0.3515694 0.4668970 0.3871212 0.1831115 0.5231378 0.0061520 0.2461468 0.4197387 0.0750052 0.2770962 0.2827958 -0.0218854 0.0052427 -0.1694450 -0.1499304 -0.0544307 -0.0277053 -0.0970443 -0.2008643 0.0261040 -0.1251238 -0.1594127 -0.0361016 0.2556017 0.2797755 -0.0491411 -0.0295887 0.2244367 0.3362637 0.1835925 -0.1941083 0.0798364 0.0049698 0.0205551 -0.0977347 0.1500779 0.2949907 0.2002610 0.1900830 -0.0119237 0.1722631 0.0675527 0.0950530 -0.0578160 -0.2124362 0.0267818 -0.1630528 -0.1943826 0.0266248 -0.0105262 -0.0571131 -0.0243760 0.0275521 0.0415403 0.3850593 -0.1514170 0.0691283 -0.0870868 0.1160922 0.4189155 0.2954365 0.2299654 0.4137598 0.3493648 0.2950283 0.0235039 0.4711395 0.4552158 0.3268928 0.4818251 0.3760328 0.1772238 0.3313259 0.4465152 0.2798810 0.3170452 0.3659288 0.4166889 0.4085442 0.3495023 0.3237514 0.4724722 0.4122285 0.3136663 0.5124482 0.2902984 0.3609948 0.3276787 0.3276718 0.3543298 0.3007284 0.3997220 0.3588804 0.5419520 0.2379301 0.3208878 0.4148015 0.3231384 0.3979974 0.3684733 0.3648798 0.4455534 0.3532159 0.3333073 -0.0344088 0.1242232 -0.0158364 -0.0731806 -0.1869555 -0.0665510 0.1346024 0.3456250 0.2358292 0.2511535 0.2039669 0.2605626 -0.0662662 -0.0967734 -0.3133951 -0.2108851 -0.0366934 -0.1325598 -0.1890399 -0.2359618 -0.5153681 -0.1093234 -0.1755404 -0.1427121 -0.1522144 -0.3578404 -0.0189827 -0.0543558 -0.0766357 -0.4069339 -0.3887272 -0.5341659 -0.1515042 -0.1764181 0.1117911 -0.3617844 0.0452250 -0.1468384 0.0782864 -0.2130092 -0.0903011 -0.1434992 -0.1730992 -0.1260554 -0.5323114 -0.5106849
