0.0000000 0.8964341 0.7112679 0.2281363 0.5799805 0.1843509 0.4584008 0.0728576 -0.2939253 -0.3447602 -0.0272624 0.2235967 0.3400435 -0.4090428 -0.0691170 -0.1848586 -0.2465887 -0.1883149 -0.2631818 0.4243432 0.3025249 0.4276525 -0.1799326 -0.4185246 -0.1823579 -0.2709711 -0.0052010 -0.2260461 -0.1870839 0.0078964 0.1788590 -0.2667986 -0.4173502 -0.4337628 -0.3624278 0.1706144 -0.3351263 -0.3123243 -0.1526772 -0.1959660 0.1909733 0.1599813 -0.3180932 -0.4735323 0.0104710 -0.4400144 -0.5065202 0.1011087 -0.5143432 -0.2429791 -0.4912301 -0.2379903 -0.4629424 -0.2373634 -0.1959626 -0.4280434 -0.4847290 -0.1958855 0.0786180 -0.5122093 -0.1814254 -0.2406902 -0.2569003 -0.3642689 -0.2099718 -0.2969210 -0.4137874 -0.0765586 -0.1360515 -0.3518357 -0.4563897 -0.2556990 -0.4779824 -0.0101041 -0.1814217 -0.5916284 -0.1731947 -0.4300024 -0.4261019 0.0649950 -0.0811409 0.3780706 0.1823394 0.4287748 0.1924893 0.2496832 0.0100533 0.3941843 0.2050403 0.1820219 0.0837182 0.0444640 0.4053974 0.1558681 -0.2391722 -0.0348300 0.0677269 0.0917519 -0.0717880 0.2179204 -0.1848762 0.0616300 0.3869191 0.2042708 0.0482774 -0.0531988 0.2757916 0.1273458 0.1879100 0.3865581 0.0483823 0.4500003 0.4931349 0.5612815 0.3879009 0.3433294 0.2179756 0.4895563 0.1555214 0.2539091 0.0282191 0.1616227 0.3454226 0.0724888 0.3146203 0.5871116 0.0126463 0.0032554 0.3783639 -0.1466205 -0.0989482 0.3171256 0.0349156 0.0889427 0.3229484 0.3119092 -0.1231738 0.4314558 0.1462727 0.4933769 0.0441371 0.3519175 -0.1407287 0.4722231 0.3269254 0.1854156 0.1643179 0.3267534 0.0609279 0.3865520 0.4265799 0.4925426 0.4180756 -0.0258736 0.1622732 0.2742870 0.0494623 0.4825373 -0.0645820 0.3115771 0.1863635 0.3592176 0.3502562 0.0605653 0.3966244 0.3975109 0.1522480 0.0977813 0.2080967 0.2595238 0.2745235 0.4314721 0.3091321 0.4356632 0.6413711 0.5465385 0.4762696 0.5163711 0.3899048 0.2269983 0.1524006 -0.0413058 0.1526800 0.2015777 0.3552110 -0.0162933 0.0161508 0.3213137 0.1609287 -0.0129417 0.5720754 -0.1851294 0.0911094 0.6372286 0.5921790 0.5322924 0.4654472 0.4141580 0.1210695 0.7621316 0.4116497 0.0362618 0.2504003 0.2449394 0.6404584 0.1502020 0.4690800 0.1392124 0.1684475 -0.0400962 0.0179673 -0.0004634 0.6856632 0.2785569 0.1237878 -0.2911979 0.0597108 0.3496817
0.8964341 0.0000000 0.6403370 0.4106731 0.4537930 0.3077456 0.6862788 0.1936585 -0.2632895 -0.3829297 -0.0845043 0.4022620 0.3113787 -0.5021404 0.0283032 -0.3549537 -0.3648035 -0.1486103 -0.1070008 0.5965122 0.5194423 0.3285473 -0.3137277 -0.2872790 -0.1476231 -0.4019809 -0.2333004 -0.1403022 -0.0320456 -0.0591554 0.1436537 -0.3639247 -0.2955544 -0.3147521 -0.4161795 0.3279289 -0.4824045 -0.3058712 -0.3095122 -0.4067900 0.1082268 0.3077444 -0.3925956 -0.5170284 -0.0188645 -0.4402298 -0.5675565 -0.0155463 -0.4151274 -0.3088463 -0.5918394 -0.4233773 -0.3127765 -0.3689567 -0.2003411 -0.4006020 -0.5623543 -0.1941985 0.2730465 -0.6005651 -0.0666803 -0.3891445 -0.2344834 -0.2853688 -0.0130621 -0.4060501 -0.5510373 -0.1427465 -0.1862212 -0.4055913 -0.6046384 -0.2596082 -0.6238799 0.1981402 -0.1852748 -0.5581383 -0.0487772 -0.5231935 -0.5534262 0.1692712 -0.1140293 0.3209553 0.1329257 0.3668448 0.1835456 0.0471420 -0.1340148 0.3676256 0.1105844 0.0534570 0.0844308 -0.0209478 0.3576812 0.3189089 -0.3069008 -0.1996164 -0.0423700 0.0439291 -0.1538724 0.4974900 -0.1642303 -0.0120819 0.2312610 0.1768966 -0.0487819 -0.0924346 0.2145429 0.1375227 -0.0049370 0.1910770 0.0315884 0.3457804 0.3037845 0.4545433 0.2463142 0.4662605 0.3514825 0.5498284 0.3215469 0.3867907 0.2271060 0.3709245 0.2658450 0.1517085 0.4134827 0.5987462 0.1907389 -0.0546685 0.5053344 0.0573935 0.0622728 0.2485760 0.2315405 0.1114428 0.3473790 0.2984152 -0.0596153 0.4221787 0.2944030 0.4621452 0.1110972 0.3658592 -0.0476689 0.5430822 0.2935707 0.3086939 0.0702034 0.2254626 0.1789585 0.4380510 0.4287812 0.3808222 0.3478682 0.1397916 0.2892283 0.1520531 0.0350750 0.4162111 0.0719161 0.2802767 0.4067186 0.4591174 0.2184674 -0.0624350 0.4841206 0.5265754 0.3250162 0.2135478 0.0519203 0.2869593 0.3467964 0.4063381 0.6072702 0.6661374 0.8546144 0.8037151 0.7038366 0.6931623 0.6042227 0.3838554 0.3438532 0.2302373 0.3787082 0.4728748 0.6280262 0.1072298 0.0901328 0.3633241 0.3813553 0.1728048 0.6289970 -0.0062436 0.2978252 0.7512381 0.6611789 0.6678795 0.3902480 0.6345138 0.3122876 0.6822473 0.5464955 0.2260749 0.3905378 0.3746171 0.5959251 0.2654059 0.5951589 0.3520908 0.3076339 0.1819926 0.1920289 0.0566594 0.6102260 0.4558799 0.2094483 -0.0503342 -0.0612618 0.3236073
0.7112679 0.6403370 0.0000000 0.2169470 0.9052586 0.0466079 0.1472336 0.1156222 -0.2065375 -0.2795602 0.2470984 -0.0207345 0.4887846 -0.3384886 0.0192273 0.0330551 -0.1916459 -0.2607451 -0.0173847 0.3895952 0.0415739 0.3005921 -0.0078160 -0.3829017 0.0205121 -0.0201501 0.0166731 -0.1563258 -0.2575476 0.1345355 -0.0202310 0.0691817 -0.3761363 -0.3887367 0.0901519 0.0178528 0.0178440 0.1218920 -0.0466202 0.0321027 0.3364759 0.1220393 0.0476694 -0.4662280 -0.0348784 -0.0497902 -0.1054260 0.4070027 -0.5640429 0.1257956 -0.1206734 0.0787844 -0.4017015 0.0634814 0.2740194 -0.0069779 -0.0712319 -0.1860917 0.3312307 -0.1538542 0.0350041 -0.0290462 0.0852016 -0.3491711 -0.0087191 0.1349280 -0.1251592 0.2595594 0.1838135 -0.1572922 -0.1347944 -0.1170636 -0.1640295 0.1055000 0.0346343 -0.3715656 -0.3012636 -0.0856365 -0.0963479 0.0799817 0.2471492 0.5190564 0.0730376 0.4653840 0.2070545 0.3492827 0.0873160 0.0758892 0.1168427 0.2121975 0.1044850 0.1276416 0.3261682 -0.2680373 -0.1519471 0.0212329 0.1759606 0.1327665 0.0477013 0.1501821 -0.0800029 -0.0255595 0.3546583 0.1087039 0.1467603 -0.0104101 0.2178547 0.1904284 0.2568476 0.2328996 0.1537734 0.2707906 0.3352614 0.5391430 0.3612204 0.2427158 0.2439853 0.5288643 0.1412027 0.1838234 0.0429077 0.2506003 0.2201501 -0.0695352 0.2104377 0.1787736 0.1729202 0.0208405 -0.0470112 -0.0889597 -0.0686380 0.2833285 0.3023958 -0.3482801 0.1692425 0.0225891 -0.3088827 -0.0280108 -0.2135081 0.3518515 -0.2806686 -0.0119858 0.1893181 0.2987946 0.0130425 0.0449602 -0.2186749 -0.0810524 0.1783830 0.1388744 0.3296757 0.1175055 -0.0208810 0.0351518 -0.0006602 -0.0311949 0.2742217 0.1705726 0.2444169 0.3288529 0.1060524 0.1379396 0.4590052 0.1214058 0.3164132 0.0792507 0.2071543 0.1658763 0.2012817 0.1163137 0.0726913 0.2133681 0.0524969 0.1480233 0.4701404 0.2972257 0.1481250 0.3236315 0.0972119 0.1898606 0.0936503 -0.0123218 0.3828541 0.1445455 0.4070768 0.2178025 0.3296141 0.3727519 0.0204413 -0.0797407 0.4737652 -0.0953413 -0.0950466 0.2780786 0.1753105 0.0516751 0.0665118 0.0896615 0.0960369 0.3471439 0.3786137 -0.1358528 0.1607048 0.2339345 0.5856450 0.1417281 0.0776852 0.0795882 0.1717769 -0.0107405 0.0732275 -0.1135457 0.6595381 0.3052350 -0.1005635 0.0312709 -0.2719289 -0.0884727
0.2281363 0.4106731 0.2169470 0.0000000 0.0907724 0.8442015 0.6324303 0.7887208 0.4893505 0.4561209 0.1656161 0.7144408 0.5926967 0.0998723 0.4291661 -0.2338279 -0.0671227 0.2705011 0.1257014 0.1417444 0.6560219 0.4279066 -0.1317883 0.3003642 -0.1376710 -0.0646389 -0.1260943 0.4483034 0.5225439 0.1388580 0.2286273 -0.0564588 0.2390426 0.3874729 -0.1171912 0.7547671 -0.0605881 0.0771024 -0.1285930 -0.2815515 0.1039826 0.7407168 -0.0321669 -0.1036902 0.4831309 0.0121076 -0.0569183 -0.1094653 0.1840970 -0.0798963 -0.1373497 -0.0802667 0.4293863 -0.1668352 0.0349055 0.0536725 -0.0999502 0.0606774 0.7159974 -0.1581440 0.6238256 -0.2057716 -0.1314112 0.3953738 0.7241868 -0.1704768 -0.3223101 0.0872977 -0.0556250 0.0451059 -0.3432915 0.3495519 -0.2827091 0.6906109 -0.3188509 0.1356081 0.3564801 -0.1924250 0.0346543 0.6017487 0.2359616 0.0382967 -0.0737895 0.1186969 0.1210347 -0.1403728 -0.3132767 0.0396585 0.1384357 0.1345477 0.0269303 -0.1776429 0.0293913 0.1518289 -0.4360667 -0.3563568 0.0444485 0.0379776 -0.2697594 0.6380593 -0.0635365 0.0642989 0.0871817 0.0995427 0.0143496 -0.1721067 0.2621626 -0.2404082 0.0057848 -0.0378273 0.0854651 -0.1432445 -0.2048070 -0.0534371 -0.2409819 0.1863983 0.3619189 0.6067652 0.5109791 0.3143494 0.4863628 0.4334166 -0.0668514 0.3966476 0.3204265 0.2329757 0.4626705 0.2488344 0.2118472 0.5390359 0.3361780 0.5643634 0.2561310 0.4885507 0.1899110 -0.0499192 0.4987691 -0.0351136 -0.0968836 0.2119110 0.2641684 0.0609946 0.0915831 0.5631418 0.2145993 0.2039301 -0.1243781 -0.0522473 0.2779751 0.1808225 0.3383153 0.1440352 0.1416897 0.4081691 0.2596503 -0.0794025 -0.1688559 0.0308095 0.1651232 0.0739967 0.2087168 0.2946937 0.0866478 -0.2202869 0.2562607 0.2169828 0.4433518 0.2261861 -0.2317286 -0.0384723 0.3343232 0.2401692 0.4669673 0.3247064 0.3134433 0.5494375 0.5236457 0.3541969 0.4593905 0.3165430 0.2142577 0.5180469 0.6222247 0.6017429 0.5207982 0.6452573 0.3914930 0.2622134 0.5490718 0.4856691 0.2947999 0.4681493 0.5215265 0.3126774 0.2646276 0.5122417 0.3551751 0.4826952 0.6410115 0.0995828 0.3660569 0.3172231 0.3669093 0.2149037 -0.2097827 -0.0048932 0.3684070 0.2174073 0.4661647 0.4156478 0.2524138 0.5241352 -0.1663896 0.1436082 0.4137109 0.3785838 -0.0598307 0.0690714
0.5799805 0.4537930 0.9052586 0.0907724 0.0000000 0.0259699 -0.0205244 0.0439500 -0.1648448 -0.2036600 0.2314798 -0.0803508 0.5243229 -0.3053356 -0.0678704 -0.0173798 -0.1676884 -0.2830144 -0.0722821 0.1851933 -0.1181428 0.2762020 -0.0415613 -0.4065306 -0.0627314 -0.0216129 0.0134801 -0.2033846 -0.3329214 0.0612158 0.0981828 0.0699223 -0.4063038 -0.3432325 0.0909019 -0.1009708 0.0600131 0.1993780 -0.1878193 -0.0943276 0.4352893 -0.0122492 0.0004227 -0.5385212 0.0427458 -0.0066624 -0.0157434 0.5339412 -0.5609920 0.3022901 -0.0409597 0.1570807 -0.3512199 0.0339547 0.3383016 0.0356055 -0.0025799 -0.2354961 0.2368536 -0.0788112 0.0667107 0.0718335 0.0304812 -0.2913950 0.0101229 0.1674986 -0.0711791 0.2992984 0.1782073 -0.0826088 -0.0777110 -0.0400184 -0.0627068 0.1256936 -0.0117278 -0.3069523 -0.3161549 -0.0410633 -0.0335137 0.0358280 0.2444017 0.2656859 -0.1538264 0.3235911 0.0056166 0.1906726 -0.0354061 0.0157771 0.0045365 0.0404788 -0.0476508 -0.0297313 0.1365874 -0.3383376 -0.0906678 -0.0384862 0.0500611 0.0621368 0.1050379 -0.0486538 -0.1050091 -0.1886591 0.1861406 0.0244415 0.0905546 -0.0735324 0.0240543 -0.0746917 0.0776575 0.0378881 -0.0123553 0.0658759 0.1488118 0.2992896 0.2578960 0.0138185 0.0770131 0.3457575 0.0612432 0.0236223 -0.1241773 0.0401450 0.1506528 -0.0816685 0.0493047 0.0851393 -0.0301859 0.0465077 -0.2210492 -0.1710908 -0.2235111 0.2132918 0.1025228 -0.3549556 0.0929755 -0.1359130 -0.3989589 -0.1209766 -0.3053029 0.1900761 -0.3566864 -0.1140398 0.1575443 0.1688693 -0.0317955 -0.1932924 -0.1771400 -0.0233981 0.0880002 0.0051903 0.2152528 0.0487197 -0.1118345 -0.0824807 -0.0635783 -0.0377064 0.2390923 -0.0734939 0.2947479 0.2821347 -0.1065863 -0.0000317 0.3507502 -0.0073436 0.0878895 -0.0443700 0.1547722 0.1170993 0.1058561 -0.0462697 -0.1010752 0.0718974 -0.1719374 0.0252480 0.3179192 0.1199496 -0.0490672 0.1557723 -0.1409249 -0.0228517 -0.0261811 -0.2083844 0.1853106 0.0186742 0.2332778 0.2335441 0.3484367 0.3230445 -0.0499840 -0.1028464 0.2465762 -0.0875033 -0.1351035 0.0534136 0.0274803 -0.1209328 -0.0798610 -0.0216426 0.0536468 0.2315527 0.2359531 -0.3296447 -0.0825970 0.0802508 0.5860464 0.0957749 -0.1096982 -0.0209197 0.0458345 -0.1194126 -0.1465786 -0.1941333 0.5139530 0.0905830 -0.2910210 -0.0362575 -0.3071528 -0.0110618
0.1843509 0.3077456 0.0466079 0.8442015 0.0259699 0.0000000 0.7183645 0.6659448 0.6144819 0.4834402 0.0061934 0.8561573 0.5175848 0.1250570 0.5006279 -0.3569175 0.0403840 0.4248277 -0.0522768 -0.0028101 0.7444810 0.4312836 -0.2703440 0.4478826 -0.2713204 -0.2908879 0.0296785 0.4271746 0.6150136 0.0077704 0.4481510 -0.2886732 0.4011585 0.5598701 -0.4353640 0.8370899 -0.2101794 -0.1080208 -0.2879138 -0.4257249 0.0808729 0.7612724 -0.3009923 -0.1198895 0.7910673 -0.1564388 -0.1996122 -0.2272795 0.3245062 -0.1121620 -0.3009800 -0.1406426 0.6252678 -0.3728339 -0.1445795 -0.1089765 -0.2369332 0.1410326 0.5741658 -0.2830120 0.7715877 -0.3291195 -0.2551106 0.5658126 0.7583071 -0.3566024 -0.4501796 -0.1399355 -0.2889889 -0.0155507 -0.4809596 0.4651016 -0.3365920 0.7809191 -0.5943825 0.2681076 0.4993754 -0.3620348 0.0113690 0.6863981 0.2079531 -0.2815722 -0.1270681 -0.0485902 -0.1315662 -0.4040993 -0.4279422 0.2967504 0.0620413 -0.0966175 -0.1881767 -0.4715030 -0.3379916 0.1528296 -0.4642509 -0.5724439 -0.3393202 -0.3755885 -0.3346174 0.4039107 -0.2827917 -0.2175921 -0.2440059 -0.1788653 -0.3681740 -0.3520711 -0.1324603 -0.5651552 -0.3664486 -0.3486470 -0.2290202 -0.5068891 -0.4823263 -0.4043910 -0.4147658 -0.0165744 0.3393502 0.5657469 0.5346171 0.0884426 0.3238225 0.3464463 -0.1409438 0.5561006 0.0978412 0.0613434 0.0604119 -0.0419094 0.0577590 0.4381971 0.1047057 0.2941723 0.0646011 0.5981041 -0.1393703 -0.3634778 0.4939765 -0.1751695 -0.1367136 -0.1628237 0.0849265 -0.2101547 -0.2483901 0.3838414 0.1887038 -0.1362735 -0.0482958 0.0526589 -0.0411114 -0.0953948 -0.0039195 0.0064774 0.0378400 0.1562995 0.1797257 -0.1606374 -0.4560426 -0.1223312 -0.0018146 -0.2174839 -0.0743587 0.0236565 -0.1004481 -0.4568418 -0.0137528 0.2125826 0.3318978 0.1032200 -0.4176621 -0.2980010 0.1798717 0.0642998 0.4983662 0.4432159 0.3151637 0.5369671 0.5183263 0.3750621 0.4696236 0.0367755 0.0928781 0.2918330 0.3538521 0.5768295 0.4594491 0.6869419 0.4848695 0.3366706 0.7263586 0.6538949 0.0262987 0.6199091 0.7215073 0.0867273 0.0461630 0.4192967 0.1839262 0.5308969 0.7544939 -0.0802691 0.2383406 0.2584360 0.0080491 -0.0572097 -0.2626580 -0.1657973 0.1596446 0.1278017 0.4033132 0.4814491 -0.1292724 0.5228653 -0.2306989 -0.0739840 0.3817154 0.2887074 0.3021548 0.4377271
0.4584008 0.6862788 0.1472336 0.6324303 -0.0205244 0.7183645 0.0000000 0.3284305 0.1108147 -0.1004899 -0.1926630 0.8283409 0.1739977 -0.3360870 0.3378973 -0.4779569 -0.2039314 0.1567658 -0.1371737 0.4035887 0.9210027 0.2580789 -0.4381243 0.1968026 -0.3049847 -0.5724610 -0.2655183 0.0743332 0.5031107 -0.2448078 0.2586109 -0.6159325 0.1724103 0.2113850 -0.6563455 0.7779811 -0.6295274 -0.4783172 -0.4308011 -0.5794712 -0.0795364 0.7093136 -0.5924324 -0.3206344 0.4261822 -0.5407478 -0.6758820 -0.4140776 0.0915012 -0.4125298 -0.7232525 -0.6876198 0.2615310 -0.5958943 -0.4507101 -0.4520404 -0.6772173 0.0950781 0.5130416 -0.7091809 0.4308706 -0.5523040 -0.2417445 0.2194679 0.4205567 -0.6770013 -0.7477529 -0.3116541 -0.4848837 -0.2465738 -0.8018973 0.0591779 -0.6745153 0.5516856 -0.5574530 -0.0745688 0.3752135 -0.6641999 -0.4348119 0.4234946 -0.0399325 -0.1937922 -0.0838049 -0.0086527 -0.0242521 -0.4341463 -0.4660097 0.3948188 0.0204360 -0.1450776 -0.1856573 -0.5237339 -0.2417822 0.2949978 -0.6453922 -0.6840802 -0.4594394 -0.4582193 -0.5637033 0.4786347 -0.4962737 -0.3209037 -0.2503897 -0.2295888 -0.5534429 -0.5083899 -0.1326192 -0.2874478 -0.3788391 -0.2244962 -0.3133569 -0.1446328 -0.1931487 -0.0477236 -0.1276371 0.2533882 0.4035121 0.5031513 0.4605575 0.1678784 0.2632923 0.4050231 -0.2157863 0.4548102 0.2766187 0.3456254 -0.0121959 -0.2752277 0.4189222 0.2522290 0.0641753 0.1010904 0.0583117 0.3807841 0.0265500 -0.1694783 0.2150948 0.1565445 0.1473326 0.0798462 0.0342131 0.0805479 -0.2059337 0.4374273 0.1987819 0.0782354 -0.0745061 -0.0074710 -0.0254024 0.1603231 0.0975141 0.0937559 0.1717656 0.0420716 0.2136048 -0.0821517 -0.3451053 0.1117552 -0.0369626 -0.0776256 0.1950159 0.2086618 -0.0718035 -0.3576485 0.2132516 0.3757346 0.2077276 0.0079004 -0.3437932 0.0094239 0.2281448 0.1459227 0.8631513 0.7691124 0.7577761 0.9280692 0.9283763 0.7664696 0.8763600 0.2870630 0.2764879 0.3636480 0.4326747 0.6183838 0.7728671 0.4281685 0.3636174 0.4813612 0.7734364 0.5682354 0.2787337 0.3889348 0.7466730 0.5651492 0.3846996 0.6889176 0.2915354 0.8184279 0.6418084 0.2447951 0.2194680 0.3007955 0.0890094 0.1764083 0.0784951 -0.0325747 0.4558843 0.2655433 0.2946354 0.3728574 -0.0679016 0.2958628 0.1362047 0.2231748 0.4506332 0.1499467 0.2195545 0.4652983
0.0728576 0.1936585 0.1156222 0.7887208 0.0439500 0.6659448 0.3284305 0.0000000 0.6198805 0.6546546 0.4058204 0.5381496 0.7465381 0.3903920 0.5756409 0.0854746 0.1868313 0.3180551 0.4248909 0.0734112 0.3886202 0.6367385 0.1396561 0.3521921 0.1554789 0.2461760 0.0496166 0.5257943 0.4303696 0.2638069 0.4278001 0.2741423 0.3251989 0.4524434 0.0460170 0.5126678 0.2893079 0.4353263 0.0307744 0.0193144 0.3916828 0.4893823 0.0939311 0.1799548 0.4619924 0.3810492 0.2128307 0.2619730 0.3086140 0.3079241 0.1406218 0.2173056 0.5024403 -0.0046122 0.4194680 0.4502751 0.2318469 0.0582480 0.4772932 0.2130411 0.5150369 0.1072519 0.1855172 0.5150103 0.5321219 0.2365995 0.1049208 0.1066272 0.3032341 0.3460386 0.0780026 0.4526585 0.0485701 0.4750861 0.1037945 0.2764513 0.4286144 0.1538468 0.2159888 0.6051741 0.1119629 0.1368812 0.1116177 0.2898426 0.3373462 0.1369140 0.1350534 0.2162969 0.4793660 0.1985067 0.3049833 -0.0053847 0.0165972 0.4081132 -0.1317961 -0.1142588 0.2154153 0.1667810 0.0480286 0.3383191 0.1079209 0.2705076 -0.0627977 0.2952879 0.2097965 0.1527378 0.1429281 -0.1622806 0.0197340 -0.0018286 0.1357911 -0.1896454 -0.1040481 -0.0544053 -0.1623538 0.0074188 0.1411402 0.6481547 0.3579073 0.4662461 0.6153371 0.2311084 -0.0686439 0.2791215 0.2484498 0.2466877 0.5408941 0.2771141 0.1610937 0.4677193 0.2790140 0.3920981 0.2966631 0.5042168 0.0846357 0.0390199 0.5076894 0.1180935 0.0940313 0.1479355 0.3701427 0.2042672 0.0752420 0.5362747 0.3569579 0.1507054 0.2236965 0.2228006 0.2952172 0.3028891 0.4327882 0.2908254 0.2744784 0.4921166 0.5208226 0.0816805 -0.2111070 0.2764562 0.1556176 0.1250939 0.4004155 0.3700433 0.1639930 -0.2262119 0.3956962 0.3255760 0.4992067 0.3707832 -0.2595245 0.0135537 0.4553739 0.3279294 0.1525344 0.0756205 -0.0640835 0.1898632 0.2097614 0.0044166 0.0806607 -0.1166630 -0.1953844 0.1531253 0.2907788 0.3564191 0.1509420 0.3249422 0.0103792 -0.1719536 0.3297891 0.4653235 0.3221092 0.5506900 0.4890424 0.0558113 0.2735225 0.2740377 0.1353817 0.3467882 0.5010835 0.0936030 0.5022950 0.3306789 0.3367925 -0.2378378 -0.1311223 -0.1492349 0.3795540 0.2297510 0.5781986 0.3140188 0.1843010 0.0902170 -0.1657691 -0.0682015 0.3401368 0.3120311 0.0141462 -0.0931583
-0.2939253 -0.2632895 -0.2065375 0.4893505 -0.1648448 0.6144819 0.1108147 0.6198805 0.0000000 0.8050964 -0.1027138 0.5625023 0.3791403 0.7292300 0.7824530 -0.0799101 0.1928669 0.7890798 0.0822626 -0.2580469 0.2550743 0.2028088 -0.1235670 0.7619626 -0.0478577 -0.0387153 0.2012457 0.8168446 0.5971766 0.4278721 0.2262420 -0.0286850 0.7426946 0.8306393 -0.2138257 0.4484534 0.0984058 0.0702523 0.0343635 0.0945090 -0.0653647 0.5149272 -0.0793306 0.4695695 0.7030436 0.1181541 0.1294118 -0.1497485 0.7049864 0.1261083 0.0382264 0.2718617 0.8281490 -0.1072562 0.0069461 0.1541263 0.1046129 0.3732026 0.2656724 0.1076890 0.6033459 -0.2086269 -0.0622336 0.7869176 0.6315373 -0.0319681 -0.0007754 -0.1156019 0.0807733 0.1769982 0.0677731 0.4996938 0.0243660 0.4664097 -0.2404950 0.4917810 0.4345420 0.1668494 0.3628963 0.4187784 0.2873150 -0.2772529 -0.1147806 -0.0085344 -0.0628529 -0.1726358 -0.0720136 0.0936035 0.1285688 0.0964498 -0.0531107 -0.1575112 -0.3161880 0.0543149 -0.1839178 -0.1317104 -0.0976303 -0.2147598 -0.1340194 0.2089393 0.1851013 -0.0494333 -0.3410930 0.0520922 -0.0665754 -0.0521261 -0.2010817 -0.3493317 -0.2205523 -0.3181140 -0.0599265 -0.5165111 -0.4981399 -0.5112252 -0.4629052 -0.1932653 0.1349283 0.3451284 0.2422180 0.0622402 0.3165254 0.2368483 -0.0370666 0.3588517 0.0270126 -0.2247231 0.1182929 0.1477731 -0.0281548 0.5439269 0.3346418 0.2802312 -0.1038847 0.5977281 -0.3265113 -0.3207585 0.7143199 -0.1804124 -0.0601157 -0.2459254 -0.0053275 -0.2490516 -0.1976682 0.0490980 0.1975808 -0.2825192 0.0413239 0.0066305 -0.1404580 -0.2982665 -0.0770964 -0.1873208 -0.1224521 0.1236099 0.0578999 -0.3351501 -0.4374718 -0.1649574 -0.1531099 -0.2405192 -0.2230693 -0.1967603 -0.1869507 -0.2389033 -0.2053734 -0.0964162 0.2222920 0.1041854 -0.3378298 -0.4607522 0.0214167 -0.1681529 0.0260608 -0.1624061 -0.3057768 -0.1388065 -0.1175300 -0.2628324 -0.1139835 -0.1851275 0.0048729 0.2283578 0.1175418 0.3663640 -0.0718216 0.3851620 0.1411717 -0.2554272 0.3349811 0.5278104 -0.2220918 0.6487607 0.4726658 -0.3597884 -0.2536893 -0.0597344 -0.2008619 -0.0417354 0.3754323 -0.3606626 0.0938715 -0.0480907 -0.1307725 -0.4588245 -0.4077911 -0.1698763 -0.1815525 -0.0977750 0.2344961 0.1816187 -0.0117362 0.2131104 -0.3582841 -0.2199734 0.0878582 0.3617009 0.3832577 0.2523553
-0.3447602 -0.3829297 -0.2795602 0.4561209 -0.2036600 0.4834402 -0.1004899 0.6546546 0.8050964 0.0000000 0.2080336 0.2434175 0.5416313 0.8124580 0.4573126 0.0078809 0.5604225 0.4580749 0.0863530 -0.4378243 -0.0283325 0.2930048 0.0215741 0.3694726 -0.0823292 0.1774428 0.4857533 0.5373728 0.2843759 0.5642301 0.2873586 0.1934412 0.3280009 0.5047400 0.0398936 0.2126461 0.2770852 0.2639335 0.3858375 0.3084421 0.2096905 0.2018265 0.0999375 0.3416104 0.5159538 0.2860570 0.2992359 -0.0302060 0.4010633 0.3694219 0.2356620 0.4489802 0.5537632 0.0543873 0.2875038 0.3492777 0.2778355 -0.0020092 0.1767917 0.2975828 0.4637706 0.0613543 0.1931347 0.5677862 0.5188373 0.1710112 0.1199417 0.0091076 0.3415127 0.2735333 0.1677793 0.4436303 0.2058220 0.3629667 -0.1084195 0.4084064 0.2551918 0.2435155 0.3636356 0.3858019 0.2374004 -0.0883509 0.1038689 0.1948751 0.2545095 0.0956584 0.0181066 0.0941552 0.3084689 0.2203726 0.0720742 -0.0196857 -0.2273339 0.1289458 -0.0770746 0.0495409 0.2062639 0.1022929 0.1451109 0.1262924 0.2717437 0.2297994 -0.0693194 0.2680185 0.2003271 0.1165117 0.0646501 -0.3279406 0.0367450 -0.1232137 0.0910039 -0.3746982 -0.3706661 -0.4452322 -0.4113087 -0.2769677 0.0419351 0.2820129 0.2291754 0.0246404 0.2299884 0.0579908 -0.0853431 0.2098403 -0.1462754 -0.2081782 0.2474073 0.3428600 -0.2022128 0.3803687 0.0900181 0.3623796 -0.0962132 0.5700707 -0.1602722 -0.2086470 0.5268230 -0.1663742 -0.1631282 -0.2400223 0.2363560 -0.1214319 0.0140697 0.0251183 0.1341413 -0.1108263 0.1536596 0.0630406 0.1314995 -0.2076233 -0.0756589 0.0022729 -0.0679764 0.3378033 0.0543382 0.0094570 -0.2105495 -0.0491628 0.1026343 -0.1463723 -0.1876385 -0.1533365 -0.0570081 -0.1424269 -0.1677580 0.0299551 0.1546637 0.1549354 -0.2392602 -0.3606974 0.0406886 -0.0808270 -0.2326244 -0.3227946 -0.5231034 -0.3382923 -0.3136770 -0.3143181 -0.2937664 -0.2384104 -0.1253985 0.0234131 0.0146939 0.1832939 -0.2126991 0.3364314 0.0873660 -0.1649344 0.0543249 0.2121919 -0.2717079 0.3296435 0.1544727 -0.4304980 -0.2661319 -0.1016017 0.0752130 -0.1710438 0.2268666 -0.3225755 0.0753701 0.0638366 0.0836396 -0.2858787 -0.4049277 -0.0375708 -0.1243464 -0.0392459 0.1308481 0.1318427 0.1073118 0.3253198 -0.3888984 -0.2635153 0.1337624 0.2356005 0.3827368 0.0118126
-0.0272624 -0.0845043 0.2470984 0.1656161 0.2314798 0.0061934 -0.1926630 0.4058204 -0.1027138 0.2080336 0.0000000 -0.3177992 0.4809066 0.0776365 -0.0786662 0.6811056 0.5187519 -0.3003779 0.5710223 -0.1643450 -0.3042326 0.3334333 0.7326180 -0.2581012 0.3926132 0.6690304 0.3167271 -0.1536316 -0.2999543 0.0433701 0.0286823 0.6393445 -0.2557353 -0.1596196 0.6220470 -0.1789856 0.6093795 0.7262550 0.2645390 0.3486905 0.5895783 -0.1787070 0.5347017 0.0120650 0.0374744 0.6474411 0.5186510 0.6694877 -0.1899188 0.6415200 0.5533916 0.4095869 -0.1001454 0.5894640 0.6873004 0.7077796 0.5855529 -0.0242235 0.3968216 0.5641286 0.2722125 0.8011419 0.6627800 -0.0156821 -0.0126900 0.6979676 0.5504713 0.7115127 0.5822902 0.7023983 0.4234002 0.3147835 0.7188603 0.0090205 0.4473362 0.4529592 0.1575110 0.4069016 0.5399426 0.4676348 0.3208987 0.2773915 0.1140373 0.1066817 0.2287249 0.3148900 0.2988682 -0.0764294 0.3630668 0.0807632 0.3327509 0.2280255 0.0827428 0.0831934 0.1885308 0.1741109 0.3978702 0.3457676 0.3542430 -0.2230119 0.0882396 0.1775327 0.3179976 0.1552498 0.2958294 0.2208782 0.2838220 0.0071825 0.2702651 0.1937056 0.2910075 0.0098968 0.2073496 0.2253386 0.2775766 0.0939614 0.1330523 0.3965277 0.2510371 0.2516164 0.3661110 0.0184743 -0.1768163 0.1723151 0.1319739 0.1184173 0.3207744 0.2006565 -0.2224784 0.1212740 0.0053963 0.1884009 0.2847216 -0.1600600 -0.0529420 0.0810774 -0.0110742 -0.0286767 -0.1166603 -0.0253659 0.0270961 0.1229587 0.2760102 0.2651785 0.2123675 0.2131378 0.2034256 0.1077495 0.2267464 0.3758144 0.2753777 0.3796450 0.1466953 0.2001068 0.2785043 0.4390803 0.1314996 0.1992772 0.3667224 0.1619073 0.1899504 0.1978219 0.4377526 -0.0586256 0.2291032 0.2577206 0.1564980 0.0422276 -0.0367613 0.1638149 0.0739313 0.2630932 -0.3835543 -0.1006242 -0.2634656 -0.1325287 -0.1402298 -0.0482517 -0.3551775 -0.4595691 -0.6182665 -0.3215605 0.1424502 -0.2230308 -0.0348735 -0.0209375 0.0181663 -0.0463926 -0.2617896 -0.2236513 0.1257839 -0.0267952 -0.1948302 -0.1909765 0.0698433 -0.0977339 0.0242827 0.0232758 0.2912024 0.0384102 0.1877110 0.2175081 0.0969112 -0.1327374 -0.0404460 -0.1629532 0.1494541 0.3101709 0.3335251 0.1692603 -0.0181009 -0.1494193 -0.0540395 -0.0137017 0.3563668 0.0623895 -0.2563251 -0.5442601
0.2235967 0.4022620 -0.0207345 0.7144408 -0.0803508 0.8561573 0.8283409 0.5381496 0.5625023 0.2434175 -0.3177992 0.0000000 0.2461849 0.0256780 0.6205826 -0.4383216 -0.2508962 0.4785268 -0.1244032 0.2122683 0.8984449 0.3552059 -0.4204355 0.5739338 -0.3133844 -0.4565423 -0.3000582 0.4707276 0.7886422 -0.1054064 0.3684775 -0.5022621 0.5414642 0.6306577 -0.6336934 0.8798698 -0.4155841 -0.3454639 -0.4545932 -0.5323019 -0.1371113 0.8651440 -0.5216096 0.0026430 0.6832740 -0.3712138 -0.4528717 -0.3732542 0.4768254 -0.2881040 -0.5348500 -0.4490281 0.6414784 -0.5784001 -0.3918292 -0.3036350 -0.4826899 0.3210835 0.4544892 -0.5123961 0.5801355 -0.5533983 -0.3897295 0.5941230 0.6264249 -0.5750353 -0.5760563 -0.3450020 -0.4463010 -0.1420737 -0.5642442 0.2812374 -0.5667276 0.6112357 -0.5422391 0.1175690 0.4765431 -0.4495510 -0.1805490 0.4219588 0.0119206 -0.3677780 -0.2258056 -0.1114850 -0.1452032 -0.4814618 -0.4272712 0.2792225 0.0699339 -0.0558110 -0.1922927 -0.5694096 -0.3459557 0.2176626 -0.6117004 -0.6576894 -0.4778388 -0.4769196 -0.5669064 0.4270481 -0.3631055 -0.2678923 -0.4393287 -0.2447736 -0.4831426 -0.4644601 -0.2620912 -0.4389887 -0.4043627 -0.3510487 -0.3124488 -0.3630639 -0.3915715 -0.2873968 -0.3799913 0.0004655 0.2426649 0.4147800 0.3573714 0.1236027 0.2935031 0.3119680 -0.1605209 0.4798441 0.1988008 0.2291229 -0.0173023 -0.0843761 0.3458945 0.3739429 0.1858026 0.1763469 -0.0809746 0.6119117 -0.0672641 -0.2773676 0.4897305 0.0590327 0.0563867 0.0397199 0.0403584 -0.0265666 -0.2993280 0.3837719 0.2232837 -0.1433185 -0.0728362 -0.0031582 -0.1445732 -0.0036909 0.1150627 -0.0202311 0.1248650 0.0086046 0.1968209 -0.2642156 -0.4967896 -0.0533037 -0.2160535 -0.1253232 0.0528843 0.1063117 -0.1866854 -0.3992410 0.0861439 0.1517482 0.2510610 0.0213814 -0.4314871 -0.1922098 0.2130971 0.0563729 0.6711073 0.4556855 0.4108599 0.6410595 0.6730690 0.3805796 0.6377523 0.1807758 0.2024540 0.3908773 0.3214617 0.5905512 0.4873732 0.5050051 0.3013724 0.1881773 0.7817965 0.7526199 0.1383147 0.6327338 0.8561865 0.2888776 0.2372174 0.5144280 0.1387447 0.6122417 0.5976816 0.0813025 0.1366761 0.1177431 -0.0441276 -0.1284845 -0.1559002 -0.2167988 0.2677128 0.0375982 0.2878693 0.2869699 -0.1254412 0.2751893 -0.1488658 -0.0710688 0.2905101 0.2469593 0.2480641 0.5039605
0.3400435 0.3113787 0.4887846 0.5926967 0.5243229 0.5175848 0.1739977 0.7465381 0.3791403 0.5416313 0.4809066 0.2461849 0.0000000 0.2682241 0.3218842 -0.0406133 0.2830178 0.0513188 0.2287605 -0.0626349 0.1333484 0.6202894 0.0019513 -0.0487254 0.0605454 0.1290713 0.2730365 0.2469649 0.0058932 0.3649704 0.5013931 0.1756280 -0.0772960 0.0681086 0.0054536 0.2040587 0.1717996 0.3444037 0.0538445 0.0337447 0.6837279 0.1760933 -0.0329702 -0.2215034 0.4004989 0.1875776 0.0826408 0.4245723 -0.1534512 0.3596328 0.0264909 0.2705156 0.1092889 0.0166889 0.4871955 0.2697684 0.1128740 -0.2432151 0.3822821 0.0835998 0.3982589 0.1493241 0.2834639 0.1837425 0.3683786 0.2192538 -0.0257356 0.2413235 0.4270430 0.2005191 -0.0295094 0.2517331 0.0185506 0.4447648 0.0019255 0.0345608 0.0891026 0.1470226 0.1341864 0.5084208 0.3226788 0.1703166 0.0003118 0.5541698 0.3744856 0.2259811 -0.0054201 0.2831367 0.2757196 0.0463370 0.0027782 -0.0482896 0.0254450 0.1857891 -0.1460398 -0.1147348 0.3029613 0.1735293 0.1979730 0.1047751 0.0206028 0.0417996 0.1003728 0.4243656 0.2681724 0.0128725 0.2094006 -0.2122434 0.0445665 0.0980309 -0.0351541 -0.0839454 0.0116581 0.0526348 0.0985965 0.0135977 0.1704710 0.6928578 0.3887157 0.2639647 0.3015710 0.1350278 -0.0860767 0.2049974 0.1915459 0.0938273 0.2628936 0.1769111 -0.0843549 0.2561505 -0.0263960 0.4189740 0.1623577 0.2946284 0.1870355 -0.0870488 0.1442087 0.0692035 -0.0828192 0.1502853 0.1791217 0.1246020 0.2842718 0.4048779 0.3547627 0.0672910 0.2435303 0.2862994 0.3505557 0.1742810 0.3539291 0.3539801 0.1582563 0.4470189 0.3040270 0.2572769 0.1075719 0.2502289 0.4899394 0.3103154 0.1388270 0.2805377 0.4592254 -0.0398958 0.2682705 0.2966474 0.5044565 0.4257820 0.0052212 0.0407648 0.3084462 0.3063787 -0.1049120 0.0483683 0.0692124 0.1196311 0.0475962 0.0632994 -0.0656354 -0.2201616 -0.2446108 -0.2241539 0.1200709 0.1761659 0.1597007 0.3932938 0.2049185 0.1302072 0.0932780 0.1272752 0.2423852 0.2293864 0.1779757 0.0369513 0.0923350 0.0287966 0.1139309 0.1678176 0.3628834 0.0879249 0.4963421 0.1178179 0.1863644 -0.0926616 0.2567897 0.0071993 0.1850715 0.2027963 0.4258945 0.1216958 -0.0466039 0.0769297 0.1656723 -0.0775493 0.0988164 0.0665241 0.0364997 0.0580268
-0.4090428 -0.5021404 -0.3384886 0.0998723 -0.3053356 0.1250570 -0.3360870 0.3903920 0.7292300 0.8124580 0.0776365 0.0256780 0.2682241 0.0000000 0.4731988 0.1892256 0.5383881 0.4405649 0.2344418 -0.5309812 -0.2195038 0.1234506 0.1338563 0.4017663 0.2310320 0.2956535 0.5025743 0.6527726 0.1721476 0.7640426 -0.0663160 0.2694282 0.3994349 0.4836570 0.1144327 -0.1421225 0.3393293 0.1952780 0.5752773 0.5377192 -0.0414352 -0.0394111 0.2188762 0.7108756 0.3611297 0.2853086 0.3411276 -0.0510263 0.5308881 0.2534149 0.3233892 0.5355951 0.4624450 0.3208465 0.1733488 0.2922032 0.3423718 0.2390102 -0.1427181 0.3986932 0.1708482 0.0869132 0.1384099 0.4778634 0.2169861 0.2415773 0.2944112 -0.0019996 0.4092491 0.1978467 0.3670092 0.2266893 0.3190553 0.0259141 0.1205947 0.3796046 0.0593951 0.3689728 0.4161047 0.0248563 0.2948798 -0.0156737 0.1106145 0.2496461 0.2231871 0.2071739 0.1569844 -0.0568581 0.1423211 0.1630240 -0.0038449 0.1863872 -0.1136788 0.0410999 0.0885390 0.1975619 0.2562012 0.1201541 0.2969045 -0.0043245 0.5276889 0.2786627 -0.0106656 0.2752218 0.2586178 0.1725246 0.1452705 0.0814390 0.1625353 0.0668220 0.2017324 -0.1947895 -0.1756837 -0.3432883 -0.2645808 -0.2613972 -0.0684043 0.0699507 0.0471238 -0.1507568 0.0986180 0.0052254 0.0600956 0.1030285 -0.1391059 -0.2591874 0.1395500 0.3300944 -0.0820250 0.3891426 0.2357434 0.1593811 -0.0766455 0.5023856 -0.2108552 -0.0214574 0.5937766 -0.0084975 -0.0282292 -0.1243818 0.0906393 -0.0531270 0.0898718 0.0311080 0.2188502 0.0353071 0.2041023 0.0556527 -0.1095879 -0.1938371 -0.0408726 0.0544955 -0.0600189 0.1617264 -0.1105631 0.1043723 -0.0381850 0.0133022 -0.0996923 0.0320836 -0.2067420 -0.1394077 0.0263851 0.1340001 -0.1761051 0.0030511 0.0553596 -0.0700585 -0.0756937 -0.2317382 -0.1373315 -0.1888517 -0.4538136 -0.5537762 -0.6442824 -0.5250777 -0.4571322 -0.5261912 -0.4100380 -0.2234007 -0.1172150 -0.0650981 -0.2183587 -0.0753821 -0.4464131 0.0496756 -0.1255910 -0.3741888 -0.2185543 -0.0126425 -0.4384367 0.1513050 -0.0097557 -0.4322099 -0.3197103 -0.2770956 0.0265650 -0.3300874 -0.0305964 -0.3088268 -0.0294203 -0.1030326 -0.0009054 -0.3771213 -0.4673972 -0.1048502 -0.2650268 0.0066137 -0.0700192 -0.0943381 0.1183771 0.1008471 -0.3607077 -0.2394043 -0.0357832 0.1861220 0.4039732 0.0581709
-0.0691170 0.0283032 0.0192273 0.4291661 -0.0678704 0.5006279 0.3378973 0.5756409 0.7824530 0.4573126 -0.0786662 0.6205826 0.3218842 0.4731988 0.0000000 -0.0912422 0.1035556 0.7632549 0.1323369 0.2277603 0.4495949 0.2404010 -0.2227718 0.7356555 -0.0048345 -0.2109782 0.0422733 0.7776792 0.6692750 0.2648430 0.1529585 -0.2029874 0.7429783 0.7402050 -0.3322307 0.5150411 -0.1107651 -0.0861659 -0.1101147 0.1389395 0.0109711 0.6324899 -0.2587660 0.4686329 0.6591860 -0.0829054 -0.1774300 -0.0161517 0.6499172 0.0164670 -0.2239699 -0.0517208 0.7347794 -0.1434800 -0.0441752 -0.0085361 -0.1305628 0.5335925 0.3986095 -0.1264660 0.5895914 -0.2991298 0.1120830 0.7839115 0.5463048 -0.1416503 -0.1286322 -0.0701254 -0.0652492 0.2552258 -0.0986867 0.4835080 -0.1207746 0.4933863 -0.1970807 0.4282928 0.5741753 0.0592133 0.1851935 0.4429631 0.1729741 -0.1964522 -0.1069466 0.1684611 -0.0025204 -0.0768865 0.0097150 0.2763609 0.2410234 0.0064621 0.0470973 -0.1518162 -0.2776431 0.1003190 -0.3182315 -0.2327513 -0.0993306 -0.2830957 -0.3098585 0.2006985 0.0005665 -0.2044974 -0.3854343 0.0274662 -0.1803266 -0.1994432 -0.3242683 -0.1943500 -0.1982984 -0.2371429 -0.0844442 -0.3122485 -0.2426037 -0.1713862 -0.1019551 -0.0020511 0.2248259 0.5388707 0.2238418 0.2243469 0.4652174 0.4134105 -0.1342140 0.3201726 0.2785166 0.0273684 0.2115285 0.0615410 0.3235905 0.5532277 0.4596131 0.2388195 -0.0149497 0.3727240 -0.3335121 -0.2761680 0.5959131 0.0707113 0.2028281 -0.0221869 -0.1267323 -0.0298860 -0.0840387 0.2254092 0.3065384 -0.2363928 0.1646370 0.0756936 -0.1409879 0.0124072 0.1940118 -0.1439054 0.1500954 0.0803421 0.3144936 -0.2363713 -0.3579930 0.1317878 -0.1069601 0.0299521 0.1300501 0.0952442 -0.0071255 -0.0891425 0.2187896 0.0249425 0.3086323 0.1442635 -0.2127914 -0.1037397 0.2212109 0.1025827 0.2565090 0.1103707 0.0029018 0.1713013 0.2148744 0.0773844 0.1475486 -0.1612861 0.0015988 0.1815203 0.2291890 0.4442893 0.2600784 0.3250307 0.1284273 -0.2528238 0.4996748 0.6759805 0.0681105 0.7745769 0.6985942 -0.0614404 0.0114158 0.0547856 -0.3024875 0.2372018 0.4872356 -0.0966773 0.2384723 -0.0270296 -0.2086238 -0.4455452 -0.1407493 -0.3645710 0.0260534 -0.0011422 0.4280741 0.1659875 -0.0582774 -0.0738264 -0.1003378 -0.0686969 0.1397791 0.2153301 0.3624579 0.2537352
-0.1848586 -0.3549537 0.0330551 -0.2338279 -0.0173798 -0.3569175 -0.4779569 0.0854746 -0.0799101 0.0078809 0.6811056 -0.4383216 -0.0406133 0.1892256 -0.0912422 0.0000000 0.2648976 -0.1576765 0.5254745 -0.2914887 -0.4636333 0.1303809 0.9585880 -0.0364122 0.5623036 0.8513458 0.1732162 -0.0744379 -0.2295134 0.0081292 -0.2326918 0.7334251 0.0063498 -0.0455684 0.6680055 -0.3473658 0.7652039 0.6160910 0.3501901 0.5379469 0.1415848 -0.2567265 0.6663255 0.4407620 -0.1565986 0.6804163 0.6073319 0.4918036 0.1007676 0.4692261 0.6870692 0.4683504 -0.0961018 0.6804697 0.4105387 0.6710552 0.6779777 0.3179289 -0.0000390 0.6840030 -0.0778795 0.8049382 0.4454142 -0.0465837 -0.3920303 0.7639474 0.8274707 0.5527251 0.5482087 0.6437063 0.7667768 0.1223458 0.8384174 -0.5354692 0.6708974 0.4588152 0.0188654 0.6023450 0.6928620 0.0400380 0.2225382 0.2819610 0.1287417 -0.1684465 0.1151123 0.3792674 0.5876401 -0.2939622 0.3476763 0.3235815 0.3969849 0.3577344 0.1779871 -0.0571489 0.3252461 0.4186007 0.3468012 0.2780262 0.2574172 -0.4508087 0.1787982 0.3270739 0.2611081 0.0279666 0.3040262 0.3478555 0.2608069 0.3051052 0.4185068 0.3582008 0.3477684 0.1771212 0.3974472 0.3345688 0.2908884 0.0257827 -0.1006729 0.0217391 -0.1472667 0.1543704 0.1908556 -0.2108224 -0.0317225 0.0259599 0.0982937 0.0543388 0.0916749 0.1158935 -0.1849656 -0.0619234 0.0945567 -0.0029977 0.0830533 -0.1880703 -0.1213793 0.2479614 0.0911375 0.0414359 -0.1063005 0.0543658 -0.0966312 0.1194130 0.0040606 0.0405445 0.1777225 0.1511008 0.1021060 -0.0165839 -0.0939581 0.2520079 0.2037650 0.3149622 0.0832457 -0.1498011 0.0356254 0.2113299 -0.0084855 0.1885404 -0.1951127 0.0168555 0.0195285 -0.0009309 0.3124768 0.0799250 0.0398186 -0.0779260 -0.1866464 -0.2376659 0.0339701 0.0846964 -0.0770146 0.0652564 -0.5344876 -0.4736916 -0.5744633 -0.4752968 -0.3774189 -0.4775304 -0.5052492 -0.4344887 -0.6833972 -0.2811848 -0.0892534 -0.5417737 -0.4837414 -0.4702024 -0.3574379 -0.4218896 -0.5250488 -0.3596027 0.0682403 -0.1793140 -0.3824182 -0.2708472 0.0218586 -0.2450699 -0.0774145 -0.3000584 -0.1502172 0.0251180 -0.1423874 -0.0317256 -0.0332099 -0.4099746 -0.1888530 -0.2700302 0.0038529 -0.0090508 0.0394052 -0.1557981 -0.0510922 -0.4169492 -0.0683815 -0.1304688 0.2361334 0.0237460 -0.2641847 -0.6152803
-0.2465887 -0.3648035 -0.1916459 -0.0671227 -0.1676884 0.0403840 -0.2039314 0.1868313 0.1928669 0.5604225 0.5187519 -0.2508962 0.2830178 0.5383881 0.1035556 0.2648976 0.0000000 0.0053967 0.1799251 -0.3906582 -0.3070972 0.0630305 0.2441491 -0.1747897 0.1125981 0.2347538 0.8575310 -0.0744017 -0.2693026 0.4531514 -0.0180276 0.2495906 -0.1785433 -0.0600653 0.1877746 -0.2427893 0.2241893 0.2448572 0.6418873 0.6012338 0.2471418 -0.2957837 0.1695803 0.1789709 0.2355034 0.2473156 0.1973200 0.1121141 -0.0585532 0.5092027 0.2284090 0.3957531 0.0404848 0.3325538 0.3639419 0.3347495 0.2631600 -0.1612876 0.0215741 0.3049721 0.2112800 0.3531506 0.5440127 0.0963413 0.0072192 0.2888442 0.1913865 0.1507305 0.3560023 0.3658020 0.0962017 0.2100399 0.4242838 0.0329110 0.0002985 0.3738573 0.0778662 0.0254593 0.2014562 0.2471145 0.0962150 0.1022074 0.3527758 0.2518593 0.3153198 0.2660425 0.2214304 0.2193931 0.3475478 0.0198961 0.1638105 0.0911322 -0.3194703 0.0831762 0.1070662 0.1405214 0.1837881 -0.0093596 0.3959573 -0.2176481 0.1441251 0.1607424 0.0775241 0.0459798 0.0045506 0.1359256 -0.0102069 -0.1493303 0.0653856 -0.0386098 0.1418987 -0.2783954 -0.1258980 -0.2534500 -0.0322463 -0.1901851 0.0725803 0.2498439 0.1793963 -0.1532658 0.0404956 -0.0339255 -0.2225496 0.1090912 -0.3219418 -0.1473189 0.0707646 0.0733039 -0.3033003 0.0908722 -0.2538785 0.0160937 0.0072372 0.0888780 -0.3669876 -0.1808133 0.0812001 -0.1321284 -0.1094606 -0.4605932 0.0519763 -0.1256078 0.0405984 -0.0513867 0.0402887 -0.0144270 0.2596961 0.0862893 0.0805590 -0.0702105 -0.2838608 0.1085299 -0.0654803 0.1775489 0.0406684 0.3730743 -0.0540617 0.0730965 0.2184577 -0.1711810 -0.1759258 -0.2266267 0.0893983 -0.0968124 -0.1404012 0.2467513 -0.1097498 -0.0963483 -0.1809686 -0.1941688 -0.2363982 -0.1076246 -0.3766686 -0.1554846 -0.4259867 -0.3251859 -0.2858950 0.0130426 -0.3045167 -0.4745494 -0.3545153 -0.3873777 -0.1330941 -0.1281581 -0.1295631 0.0092885 0.0824497 0.0742614 -0.2103192 -0.1892976 -0.4302283 -0.0444731 -0.0879949 -0.4122226 -0.2882196 -0.1477535 0.1044554 -0.0540483 0.1578743 -0.2334506 0.0138472 0.1843381 -0.0769320 -0.2491835 -0.2373522 -0.0439967 -0.1212477 0.2500226 0.0078524 0.1762384 -0.0537892 0.0760323 -0.0566050 -0.0127124 0.3132219 0.0840497 0.5390467 -0.1013893
