0.0000000 0.8076814 0.4838329 0.0149172 0.3104018 0.4062285 0.6235166 0.5018644 0.6396463 0.6206707 0.5069335 0.5512663 0.5017174 0.4072854 0.5493117 0.5227200 0.5355655 0.7071804 0.4625808 0.2405864 0.3326004 0.5008794 0.5185696 0.6291879 0.5705353 0.4144277 0.5006765 0.5120493 0.6177157 0.5688156 0.2415355 0.4343784 0.2359112 0.5894696 0.4508862 0.3173666 0.4960221 0.4568304 0.4783999 -0.1663720 0.2506599 0.3693082 0.5628277 0.1069355 0.6606556 0.5380027 0.5195718 0.3390370 0.3029891 0.4595353 0.4887585 0.1678541 0.5483182 0.3985679 0.4130644 0.5309816 0.4443404 0.3568194 0.3408083 0.6023420 0.7319399 0.4565869 0.3949728 0.6001267 0.5163295 0.2945085 0.5288906 0.3644181 0.5497614 0.6192072 0.5385226 0.4080647 0.5539723 0.5404696 0.5027394 0.6584032 0.5081378 0.3719339 0.6991807 0.5939641 0.1906013 0.2872362 0.4516892 0.3792419 0.2367715 0.1874534 0.1485482 0.0718385 0.3127434 0.4708538 -0.2902608 0.1722218 0.1353718 0.0422024 -0.0445243 0.3834586 -0.1528574 0.1545339 0.4482694 0.2959740 0.4943977 0.2565436 0.3908769 0.2472771 0.0208580 0.4266278 0.2344160 0.5413913 0.1739521 0.4300616 0.5598849 0.1853073 0.4957156 0.4038558 0.2129363 0.2863453 0.1411119 0.1333022 0.1610155 0.2816536 0.3905336 -0.0645629 0.1674425 0.3069168 0.2750191 0.2812225 0.4656818 0.5887751 0.2638661 0.5139244 0.4284798 0.2787110 0.4726474 0.0987725 0.2597613 0.5938165 0.3457944 0.3168242 0.2877103 0.2622277 0.2738482 0.3576659 0.4053272 0.2112250 0.3086606 0.3657348 0.3934780 0.3796949 0.1777034 0.4755275 0.4824334 0.4206326 0.4861745 0.2652245 0.4638444 0.4581283 0.3988044 0.4972534 0.3247927 0.3917184 0.3940976 0.5460060 0.2834186 0.4313970 0.5016933 0.4706797 0.4544578 0.1961819 0.2937444 0.5135008 0.4348358 0.3366376 -0.0139667 -0.0479678 0.4072156 -0.0631884 0.1829747 0.3367606 0.0661611 -0.0393454 -0.0821465 0.3086349 0.2956143 0.5717982 0.2693532 0.4812806 0.3044251 0.3806514 0.2316433 0.0621528 0.2830764 0.2788509 -0.0054604 0.1294156 0.2937562 0.1385998 -0.0267860 0.1118813 0.3211281 0.1351026 0.2015712 -0.2139287 -0.0934740 0.0934763 0.1822330 0.3487577 -0.0316901 0.0914043 0.0130403 0.1023196 0.1474324 -0.0060141 0.4647645 0.5928068 0.0299126 -0.0255489 0.1755038 -0.0370537
0.8076814 0.0000000 0.3640541 0.1271326 0.1531302 0.4960201 0.8010066 0.2748912 0.4277499 0.3197293 0.2796702 0.3433232 0.2068537 0.1981759 0.1899221 0.3441861 0.1850526 0.5486670 0.1811556 0.3873425 0.1075424 0.4468144 0.3436187 0.5482601 0.3917575 0.2354708 0.5040972 0.5197054 0.3647753 0.4531299 0.4610147 0.3542961 0.1902415 0.4848684 0.3650086 0.2955329 0.2378216 0.2459782 0.4170003 0.1112093 0.3033183 0.2966161 0.4523357 0.1107421 0.4649428 0.3063346 0.2754711 0.2215839 0.1577844 0.2036519 0.4122721 0.2853423 0.4295671 0.5319736 0.2937580 0.2635560 0.1227820 0.2606456 0.2972731 0.3996271 0.4081119 0.5310300 0.2823423 0.3401960 0.1623773 0.0629888 0.2814311 0.2707866 0.3569172 0.3560231 0.3167549 0.1892147 0.3013662 0.2798045 0.2022973 0.3999589 0.2042917 0.3510007 0.4346291 0.2841493 0.3538687 0.2901625 0.2907524 0.2413081 0.3156172 0.1206373 0.0699668 0.1420410 0.2685980 0.4248566 -0.4989167 -0.0758749 -0.2463072 0.2768226 -0.3652397 0.1498646 -0.4079579 -0.1537797 0.2475794 0.2801502 0.4830182 0.0112116 0.1164547 0.5357044 -0.2945459 0.2486598 0.2487670 0.4452508 0.1465479 0.2654856 0.5017802 0.1494344 0.6033653 0.3321402 0.0520202 0.4364003 0.1216108 0.0023636 0.2405640 0.2148194 0.4203352 0.0011094 0.0688756 0.4602388 0.1956926 0.1584045 0.2720801 0.4965512 0.1536465 0.3845749 0.1116011 0.2657402 0.2601268 0.3097689 0.1703017 0.4250173 0.0815874 0.2123361 -0.0634045 0.1087267 0.1995036 0.2814919 0.2859179 0.2896625 0.0562901 0.3130711 0.0397610 0.0558290 0.1035751 0.3084528 0.2514506 0.3714279 0.3058770 0.1942699 0.3293920 0.4206425 0.2081538 0.3205947 0.2443298 0.1615122 0.3158100 0.3755999 0.2901252 0.1728033 0.3474711 0.4664029 0.3580538 0.0224140 0.1172541 0.3888291 0.3651785 0.3333266 0.1905168 0.1424038 0.6913518 0.1932930 0.0990093 0.1302327 -0.0369718 -0.0300516 -0.0466372 0.4328027 0.3547902 0.5625524 0.2692309 0.2540904 0.1401867 0.1553450 0.0185550 -0.0532684 0.2271017 0.0587633 -0.0881831 0.0415127 0.2025074 0.0644888 -0.1898222 -0.1533590 0.1386702 0.0308121 0.2289919 0.0106865 0.0679704 0.0127288 0.3991474 0.6935990 0.2502951 0.3627386 0.1256916 0.1616119 0.3220101 -0.0267591 0.5547863 0.5334648 0.0539085 0.1828640 0.0083861 -0.0373818
0.4838329 0.3640541 0.0000000 0.3592792 0.6587947 0.4096147 0.3099497 0.8367016 0.3961793 0.7694257 0.7374550 0.4552280 0.8300428 0.6122448 0.3454217 0.5257030 0.6543874 0.5017404 0.6199982 0.1556052 0.4169493 0.6564622 0.6703847 0.4484784 0.5965407 0.5279133 0.3466643 0.3460335 0.5912756 0.4494297 0.3990341 0.6886483 0.0487102 0.3878305 0.6515168 0.4435087 0.6301659 0.7842499 0.3175004 -0.1213368 0.6463613 0.2042336 0.5059009 -0.0899512 0.3907195 0.5730248 0.6421857 0.7170489 0.1139271 0.6206263 0.5991309 0.2281632 0.4229163 0.2938068 0.7493083 0.6962036 0.6306781 0.2665226 0.2401699 0.5747510 0.4088720 0.5321566 0.6043341 0.6207482 0.5332014 0.6709867 0.7092456 0.5793329 0.5961654 0.6311575 0.7286353 0.4565205 0.6019126 0.5970691 0.6875050 0.6780587 0.5175296 0.6536198 0.7097565 0.6464520 0.3551507 0.3371145 0.7394071 0.6641235 0.6078868 0.7085129 0.0344901 0.2282285 0.6662677 0.2942059 0.1159273 0.2513830 0.3326654 -0.2536743 0.2439977 0.3700436 0.1806649 0.6117686 0.3792389 -0.0919547 0.4258436 0.5586346 0.6188689 0.1016317 0.3489031 0.5526097 0.4914563 0.7456947 0.2445921 0.5910847 0.3695218 0.2745401 0.3393720 0.4371967 0.4024972 0.1261696 0.2237221 0.4543775 0.2405212 0.4279291 0.5416625 0.1859981 0.4696316 0.2835547 0.4945876 0.3558016 0.4458602 0.6343504 0.4422385 0.5778165 0.6555272 0.3648950 0.3518327 0.0991862 0.3719149 0.5734435 0.5899215 0.4635505 0.5166330 0.4020379 0.3044065 0.4099815 0.4330243 0.3115783 0.5163532 0.4781907 0.5465843 0.5334970 0.2079645 0.3314729 0.3511089 0.4237229 0.5419471 0.3507354 0.3189604 0.3573449 0.3204996 0.6394213 0.3405718 0.2858090 0.3592177 0.4019664 0.3220722 0.3416928 0.4664528 0.4564817 0.3854194 0.3904569 0.4707261 0.4922296 0.4366971 0.4163308 0.1166759 0.1516649 0.2325798 0.0788229 0.1948078 0.4957820 0.2722900 0.2580528 0.0423761 0.2335692 0.1316574 0.2359532 0.0626981 0.5487381 0.2501148 0.4355155 0.4031866 0.0864913 0.3282073 0.3411042 0.1410012 0.2969235 0.3301098 0.2891010 0.2216381 0.2770571 0.4480265 0.3420984 0.4036754 0.0059813 0.2926629 0.4523883 0.4790412 0.3877889 0.3579589 0.3227971 0.2470492 0.2145556 0.3994977 0.3033842 0.5983940 0.3000362 0.2530368 0.3113191 0.0367812 0.0655110
0.0149172 0.1271326 0.3592792 0.0000000 0.0388830 0.5971064 -0.1454453 0.4467926 -0.0672137 0.1773160 0.3491971 0.1753240 -0.0582082 0.4087052 -0.3592022 0.2049359 -0.0827076 -0.0221775 0.1803801 -0.0442374 0.3137117 -0.1022844 0.1804516 0.3887259 0.1289353 -0.0546455 0.0482867 0.3096707 0.3884447 0.1787354 -0.0424226 0.0868534 0.2132365 0.5298143 0.2312552 0.3376168 0.0912043 0.1045924 0.2648536 0.3605437 0.1685610 0.0508723 0.3273979 0.1416118 0.4258405 0.1945879 0.1830200 0.0595220 0.1934766 0.0393467 0.3748420 0.5130451 0.5931160 0.4630717 -0.0147745 0.2021381 0.2318360 0.2196068 -0.1031389 0.3510291 -0.0439388 0.5178718 -0.0424173 0.4899764 0.2049050 0.1284895 0.3964103 0.3893185 0.2833671 0.3574127 0.3098094 0.4472173 0.5337437 0.2517875 0.2689310 0.3308675 0.2891171 0.3471566 0.3574172 0.1764413 0.3471076 -0.1737491 0.1712547 0.0215773 0.5457680 0.5889733 -0.0196007 0.4541280 0.2454868 0.1342488 -0.0527664 -0.0917621 0.0429827 0.3331205 -0.4766920 -0.1966778 0.3001964 0.3490243 -0.1241634 0.0839244 0.3607127 0.6599799 0.5948649 0.4295828 0.3064977 -0.0047293 0.6087505 0.2957066 0.3183035 0.4732808 -0.0045294 0.3572726 0.4438972 0.3869832 0.2535197 0.3521286 0.1316615 0.2754231 0.1842300 0.2161157 0.2947984 0.2514696 0.3698719 0.3782570 0.1568111 0.0603810 0.0543256 0.2324512 0.1085082 0.3375364 0.2412826 -0.0088590 -0.0836311 0.2610908 0.2018105 0.2162375 0.3297979 0.1241348 0.1393252 0.2523927 0.0952622 0.1433446 0.1400659 0.1971053 0.2034567 0.1057002 0.0680273 0.1042915 0.2259335 0.2029107 0.0553768 0.1831847 0.1028992 0.1107415 -0.0248388 0.1529584 0.2357558 0.2575878 0.2131600 0.1482449 0.0894695 0.1623354 0.2051066 0.4460659 0.0746275 0.2412340 0.1861884 0.2524841 0.3781299 0.4438961 0.0980442 0.0565932 0.3989533 0.6398003 -0.0394283 0.1256212 0.3235732 0.3723192 0.3101575 0.0973750 -0.2674776 -0.0529225 -0.0212620 -0.0031187 -0.1932526 0.0610380 -0.3399518 -0.1714397 0.3156919 0.4758081 0.1940522 0.1885115 0.2917224 0.1015782 0.1020899 0.1679154 0.2702391 0.1138211 0.2978130 0.1700176 -0.0447987 -0.1022457 0.5112418 0.3219829 0.0931718 0.3309527 0.1962800 0.1516541 -0.2192405 0.0803889 0.3772358 0.3620221 0.0654321 0.0890737 0.4678904 0.0282539 -0.0673387 0.2239013
0.3104018 0.1531302 0.6587947 0.0388830 0.0000000 -0.0085780 0.4418543 0.6955973 0.6034624 0.5782014 0.4846019 0.2823488 0.7651603 0.5135020 0.4332620 0.2137308 0.3828046 0.5031674 0.1189127 -0.1118484 0.3795651 0.4899277 0.1435225 0.0839783 0.0491352 0.0216413 0.0712751 0.0971989 0.4272901 0.4300826 0.1379565 0.2175236 -0.2953038 0.0082263 0.1949343 0.3168353 0.0955309 0.4877350 0.3955641 -0.2501051 0.3749072 0.2138612 0.2714963 -0.2561601 0.4522189 0.1030861 0.2047891 0.5293397 -0.0825884 0.3590210 0.1952905 0.2082057 0.2164466 0.4224180 0.6789356 0.2803788 0.2393214 0.3726087 0.3718123 0.1565228 0.6015540 0.3001427 0.5928566 0.4939395 0.7095295 0.4577803 0.3030007 0.5909112 0.2657420 0.5642767 0.3674607 0.3914660 0.3851750 0.7743451 0.4651701 0.5964161 0.4394857 0.3063708 0.5381612 0.5839063 0.2706969 0.2983867 0.6338732 0.3537017 0.2672559 0.4789607 0.0663860 -0.0407793 0.5482548 0.1021953 0.1463045 0.1463460 0.2886807 -0.4276132 0.2743790 0.1159379 0.1407700 0.5694921 0.2837540 -0.2647805 0.3230489 0.2521856 0.4806344 0.2618012 0.2263894 0.2855735 0.2529762 0.4963777 0.4523785 0.3112283 0.1724781 0.3276514 0.1286782 0.0276151 0.3278353 -0.2147993 -0.2338704 0.2810677 -0.0102951 0.3902684 0.0906608 -0.2967152 0.1897412 0.1495864 0.3660650 0.3779620 0.1062405 0.3089759 0.3509242 0.2103147 0.4418571 0.0599592 0.0734728 -0.1606973 0.0695834 0.3909967 0.4796027 0.3522255 0.4545586 0.3633764 0.0233885 0.3685904 0.2929519 0.3618407 0.4300737 0.4415701 0.4170712 0.4210288 -0.0280028 0.2932026 0.2629573 0.4300471 0.4031399 0.0927732 0.0596718 0.4394490 0.2360712 0.3949581 0.1389426 0.4049718 0.0501365 0.2131512 0.5614370 0.2755500 0.1609507 0.4093325 0.2514702 0.1541084 0.1023002 0.2224155 0.0742792 0.0656396 -0.2288751 -0.4840229 0.0920838 -0.0287530 0.0863026 0.3062653 0.3565121 0.4220905 0.1887154 0.2183351 0.0221637 0.0824425 0.0937502 0.8759476 0.4864302 0.6831169 0.3862370 -0.1426526 0.3513791 0.2849086 -0.0342731 0.3680730 0.3278933 0.2171446 -0.0103887 0.3890070 0.4732681 0.2882585 0.5521058 0.1309169 0.2811931 0.3737697 0.4086823 0.1903006 0.2289463 0.2194953 0.3543574 0.3165333 0.2728624 0.2290193 0.6744415 0.2547954 -0.1790570 0.3680523 -0.2060589 -0.1667401
0.4062285 0.4960201 0.4096147 0.5971064 -0.0085780 0.0000000 0.2482885 0.2718567 0.2240508 0.1778139 0.2045970 0.4004470 -0.0327364 0.3318709 0.0873304 0.1520648 0.1004837 0.3746862 0.2194134 0.1944981 0.1523437 -0.0723819 0.2195951 0.5723394 0.2253827 -0.0071641 0.0195848 0.4097819 0.3528623 0.1158903 0.0543451 0.1053158 0.4110181 0.5897704 0.1359815 0.1412609 0.1890416 0.0058600 0.1321973 0.3586825 0.0054371 0.2120694 0.1369803 0.3494298 0.3713054 0.1540008 0.0796016 -0.0601524 0.3660642 0.0240157 0.1645291 0.3998337 0.5202822 0.3818253 -0.0654747 0.1105265 0.2268821 0.2984846 0.1305493 0.2371010 -0.0334981 0.4307314 -0.1391755 0.3079523 0.0799997 0.1662338 0.2251766 0.1492176 0.1403184 0.2252381 0.1990023 0.0533678 0.4422068 0.1006403 0.1730198 0.2524716 0.1681063 0.2085510 0.2704430 0.1733702 0.3382672 0.0457322 0.3156494 0.3294027 0.6147458 0.4525066 0.1701256 0.3200782 0.1443956 0.3132508 -0.1152314 0.2384539 0.0053272 0.4539113 -0.1633646 0.2126235 -0.0090627 0.1329861 0.1435559 0.5909062 0.6217219 0.4721076 0.4984168 0.4745546 0.0563410 0.2782595 0.2891777 0.3748846 -0.0021808 0.3923742 0.1165209 0.0825778 0.4506306 0.5193130 0.1527400 0.4305883 0.2209988 0.0601802 0.1681554 0.1039582 0.3470585 0.2004066 0.0444876 0.3118082 0.1223067 0.1024401 0.2360715 0.3184412 0.1116548 0.3185363 0.2262479 0.1790531 0.1130679 0.4530743 0.1834160 0.2196256 0.2383273 0.1244787 0.1509367 0.1361788 0.1938820 0.1920789 0.2299521 0.3092422 0.1967169 0.1455772 0.2129386 0.2611738 0.2235545 0.2754147 0.1703934 0.3995510 0.1930418 0.1931380 0.2642446 0.3583519 0.2821988 0.3290378 0.3504613 0.1308561 0.2966257 0.3267686 0.2274225 0.4498554 0.2926766 0.4403806 0.2480599 0.2516940 0.4488792 0.4522726 0.2595977 0.2542165 0.5050551 0.5898796 0.2385650 0.3714113 0.4701053 0.4475600 0.1935937 -0.1701042 0.1350746 0.1874577 0.1765041 0.3783453 0.0523067 0.0322971 -0.0676271 0.0412807 0.2305441 0.3014689 0.0559339 0.1716496 0.2096529 -0.0581734 0.0409625 0.0915328 0.2625897 -0.0058594 0.2491755 0.1339905 0.2008571 0.2079972 0.5037743 0.3137054 0.0893703 0.3178985 0.1686087 0.1273639 0.2029061 0.3249099 0.5681199 0.1709249 0.0810489 0.0882850 0.2754337 0.0654188 0.4643725 0.3345070
0.6235166 0.8010066 0.3099497 -0.1454453 0.4418543 0.2482885 0.0000000 0.2148751 0.6211583 0.3001726 0.1191904 0.2712195 0.2543217 0.1864491 0.4272285 0.0525251 0.2013872 0.6388170 -0.1480376 0.2190851 -0.0010488 0.3444699 0.0912988 0.2922628 0.0327300 0.0155484 0.5129693 0.3533578 0.1975089 0.4383266 0.3502313 0.1495475 -0.1320225 0.0716896 0.1400314 0.2254991 -0.0263319 0.1081803 0.3717859 0.0840298 0.2297595 0.3631616 0.3222617 -0.0773023 0.3282150 0.0366933 0.0231049 0.1654826 -0.0718168 0.1456565 0.0970664 0.2975843 0.1149385 0.6031396 0.3430385 0.0803396 -0.1070024 0.2663589 0.5259949 0.0798340 0.3767837 0.3874464 0.2731883 0.1406408 0.1482844 0.0555779 -0.0069210 0.3252355 0.0164563 0.2051028 0.0495582 0.0523968 0.0654195 0.2828109 0.0702230 0.2839939 0.0539991 0.1927447 0.2688088 0.2423459 0.3815995 0.4716670 0.3870403 0.2668123 0.1907517 0.0002013 -0.0818545 0.0361870 0.2369517 0.2198016 -0.4039379 -0.2205355 -0.2700979 0.1218693 -0.1457870 -0.0151169 -0.5136414 -0.0553257 0.2582288 0.1581021 0.3960583 -0.1428835 -0.0195319 0.5336943 -0.4246696 0.0917361 0.0764186 0.3288535 0.1561363 0.1504740 0.4248827 0.0915383 0.3440026 0.0422360 0.1296459 0.0885161 -0.1845208 -0.0432977 0.0123024 0.1166854 0.0980657 -0.2697213 -0.1709860 0.2494586 0.0591206 0.1220962 0.0384111 0.3532204 0.0383286 0.1136874 -0.0818983 0.1810436 0.0912506 0.1151508 -0.0482950 0.2503149 -0.0937951 0.0698578 -0.1934401 0.0004209 0.0161081 0.1565029 0.1612788 0.2232457 -0.0973246 0.1732300 -0.1434163 -0.1036950 -0.0753751 0.1358092 0.0698547 0.3060775 0.1315951 -0.0125372 0.0896336 0.3840196 0.0608006 0.1348240 0.1238338 0.0729773 0.1396825 0.1764752 0.3207794 0.0477848 0.1264713 0.3383355 0.1432725 -0.0891390 -0.0533054 0.0798522 0.1442541 0.1739933 0.1100053 -0.2236420 0.6527049 0.2008279 -0.0311906 0.0478102 -0.0423643 0.1964581 0.3990169 0.5308691 0.4372938 0.4968080 0.4420577 0.3849775 0.4668144 0.3343714 -0.0875047 -0.3757775 0.1323624 -0.0397151 -0.2827891 0.0043904 0.1305460 -0.0414186 -0.3500486 -0.1225476 0.1595547 -0.0419316 0.4531478 0.3843173 0.1138954 -0.0170892 0.5188165 0.7076986 0.2612975 0.4129928 0.4207664 0.3773259 0.3525640 -0.0372297 0.7037376 0.4679972 -0.1573568 0.4606874 -0.0152565 -0.1024745
0.5018644 0.2748912 0.8367016 0.4467926 0.6955973 0.2718567 0.2148751 0.0000000 0.5263823 0.8895147 0.9160127 0.5539238 0.7803894 0.8102495 0.4016545 0.6994457 0.6426933 0.5453028 0.5942092 -0.1969882 0.6225821 0.5792040 0.5956268 0.3592333 0.5195231 0.4441265 0.3737184 0.3658672 0.7573680 0.6689217 0.1153259 0.4738753 -0.1803457 0.3266202 0.6550519 0.5348571 0.5225026 0.7496955 0.4926006 -0.1884003 0.4433733 0.2734449 0.7033435 -0.2867710 0.6646032 0.6410067 0.6495070 0.6012745 -0.0408579 0.7543944 0.7116137 0.3619549 0.4430094 0.4105378 0.6146723 0.6955924 0.5622468 0.2679220 0.1579676 0.6953210 0.6673346 0.6616310 0.4052767 0.7367220 0.8222535 0.4834760 0.7703322 0.7449941 0.5545585 0.8203573 0.7030500 0.7950874 0.8528754 0.7894532 0.7733776 0.8754174 0.7207130 0.5978508 0.8714272 0.7911185 0.3666447 0.3230229 0.7344494 0.4282062 0.5242512 0.7342565 0.1256645 0.1268687 0.7130836 0.3924069 0.1370461 0.3075761 0.4853961 -0.3084254 0.1241173 0.2335106 0.2688328 0.6632015 0.3463470 -0.2030390 0.3488686 0.6595151 0.6999819 0.1753035 0.4509814 0.3726410 0.6456741 0.7177675 0.5518803 0.6886155 0.3239060 0.5632547 0.3730720 0.4064563 0.4851503 0.1100724 0.2451025 0.5157828 0.3701103 0.5792214 0.5621518 0.0515587 0.4639648 0.4059767 0.5822382 0.4747502 0.4009739 0.4398749 0.5303180 0.5107317 0.7199474 0.0291789 0.2022895 0.1125280 0.2165968 0.5722165 0.7071320 0.5213961 0.5973438 0.5892616 0.1090093 0.4683029 0.3012018 0.3281165 0.6499570 0.3972766 0.5701877 0.5051342 0.0790577 0.4431474 0.4454013 0.4679074 0.6087219 0.1447199 0.1241924 0.3485504 0.3214871 0.6049832 0.2000610 0.4913036 0.1176243 0.3660008 0.5056524 0.4807568 0.3046145 0.3978773 0.3005170 0.2624741 0.3847974 0.5067886 0.2034809 0.1868719 -0.2206684 -0.0405318 0.1996070 0.0589468 0.3283435 0.6568451 0.4643413 0.4051185 -0.1437943 0.2025092 0.0519481 0.2007988 -0.0394478 0.6938406 0.2206656 0.3724428 0.6281935 0.3518560 0.5317194 0.5580160 0.3479108 0.4879161 0.5021710 0.4465813 0.3735134 0.5677306 0.6798464 0.4642857 0.4332668 -0.1315604 0.4020696 0.5822980 0.1833880 0.2936288 0.1891517 0.1628969 0.1013444 0.3006516 0.4066619 0.5228128 0.4903891 0.3904215 0.2736310 0.1354591 0.0294123 0.2362528
0.6396463 0.4277499 0.3961793 -0.0672137 0.6034624 0.2240508 0.6211583 0.5263823 0.0000000 0.6445833 0.4299472 0.4365321 0.4096746 0.5476564 0.7527480 0.3322174 0.5155256 0.7173520 0.1161293 -0.2104011 0.2987781 0.2328778 0.1313806 0.4025789 0.0788237 0.0761397 0.2889708 0.2930217 0.5135883 0.5518512 -0.2091556 0.0738398 -0.0724149 0.1349788 0.1761701 0.2562373 0.1728821 0.1992203 0.4880585 -0.0995966 0.0622645 0.4511213 0.4389138 0.0192392 0.5748017 0.1802540 0.2131614 0.2410091 0.0663395 0.3612853 0.1201770 0.2794903 0.1577757 0.4618244 0.3495860 0.2391922 0.2632261 0.3448783 0.5108065 0.2432076 0.6911120 0.3197376 0.1766997 0.4002009 0.5938794 0.3478289 0.2637117 0.4879745 0.1438508 0.5191889 0.3043300 0.4055118 0.4346821 0.5674681 0.3350140 0.5599255 0.4373440 0.0549564 0.4961910 0.5131090 0.1623688 0.5099656 0.5728875 0.4568997 0.3398243 0.1942741 0.1588611 0.1489865 0.3807639 0.2206608 0.1196257 0.3054761 0.4877111 0.0308904 0.1077789 0.2604583 0.1682272 0.3321421 0.2321839 0.2703999 0.4435492 0.3569802 0.3383276 0.3986584 0.1663191 0.1655736 0.1934951 0.3410320 0.2611151 0.5116782 0.2194659 0.2564651 0.2283436 0.2778433 0.5491816 0.0453253 0.1199381 0.2702856 0.2266700 0.1965129 0.1187945 -0.1803423 -0.1207974 0.1211815 0.1146137 0.2339424 0.1762667 0.2507293 0.1012089 0.1576606 0.2066606 -0.0683070 0.1270356 -0.1121453 -0.0894664 0.3866022 0.2112170 0.1126614 0.1298650 0.1500331 -0.0037534 0.1272666 0.1734670 -0.0436037 0.1412492 0.2104108 0.1853675 0.1812912 -0.0065609 0.2029098 0.1275045 0.1585323 0.1947636 -0.0010748 0.0368160 0.2213771 0.1912801 0.1919523 0.1190469 0.2481747 0.0416954 0.1656163 0.2882026 0.3727050 0.1168035 0.1424568 0.0883785 0.1424955 0.2135062 0.1237440 0.0148015 0.0245637 -0.1101356 -0.4841658 0.1586139 0.0365097 0.2289599 0.4936211 0.2019330 0.1326055 0.1772690 0.1937041 0.3055993 0.3905278 0.2743890 0.6365199 0.4653505 0.4784897 0.3016526 -0.0168028 0.2009523 0.2840904 0.0471337 0.1221960 0.1794164 0.0906983 -0.0033751 0.3307136 0.4231045 0.1133498 0.4391495 0.1686086 0.0971200 0.1435716 0.1938998 0.1700197 -0.1612219 0.0414731 0.2908555 0.4547662 0.2502872 0.0928188 0.5484479 0.4643584 -0.0808111 0.2083759 0.3375489 0.0355645
0.6206707 0.3197293 0.7694257 0.1773160 0.5782014 0.1778139 0.3001726 0.8895147 0.6445833 0.0000000 0.8786832 0.6601640 0.7742654 0.8315617 0.6311384 0.7574523 0.8640387 0.6567734 0.6803821 -0.2374845 0.5957528 0.5955945 0.7445099 0.4889538 0.6340766 0.6442013 0.5808567 0.4971413 0.7321225 0.7540795 0.0783140 0.4668822 -0.0807357 0.2751612 0.7523817 0.4878388 0.6359883 0.7400295 0.5495304 -0.1447760 0.3557363 0.2588018 0.7945160 -0.1798099 0.5544738 0.7175107 0.7147165 0.5709154 0.0766121 0.8537698 0.6712189 0.3293611 0.3426961 0.3755040 0.5930634 0.7560862 0.5953788 0.3140216 0.2172922 0.7513464 0.6808456 0.6285974 0.3503113 0.6768160 0.6865791 0.4940831 0.8171795 0.6564559 0.5082256 0.8152000 0.7083725 0.7342383 0.7993131 0.7006457 0.7699271 0.8504404 0.7201766 0.5822578 0.8857247 0.8356370 0.3187167 0.3352449 0.6453074 0.4527333 0.4406145 0.5505442 0.0390573 -0.0238553 0.6459352 0.4443406 0.0633058 0.3972882 0.5848709 -0.4114950 0.2403107 0.3660084 0.1593360 0.5250397 0.4291597 -0.1873271 0.2298892 0.5532235 0.4810570 -0.0537479 0.3194207 0.3461424 0.5494533 0.6025349 0.4421464 0.6838484 0.4600119 0.5286747 0.1986680 0.3081184 0.6025693 -0.0217813 0.3029318 0.5540158 0.3573452 0.5618831 0.5626407 0.0079784 0.3363852 0.2447373 0.5436508 0.4937944 0.4169952 0.4438439 0.5113223 0.4424201 0.6330277 0.1013251 0.2996940 -0.0127754 0.1597074 0.5086900 0.5685417 0.5125537 0.4945983 0.5205005 0.0844840 0.4301064 0.2132862 0.1200691 0.5566788 0.2250972 0.4849249 0.4021572 -0.0062654 0.3929214 0.4714426 0.3077828 0.5750982 0.0679158 0.1351628 0.1802353 0.2426262 0.5295931 0.0905761 0.4645294 0.1198242 0.3653354 0.2821125 0.4623285 0.2938966 0.2393999 0.1925909 0.2083997 0.3518137 0.3953050 0.2018735 0.1486699 -0.2182281 -0.1293803 0.2191234 0.0622231 0.2973037 0.6882778 0.4020224 0.3789170 -0.1167236 0.1479484 0.0808301 0.2466141 0.0496130 0.5677727 0.2255691 0.2837236 0.5092517 0.2265833 0.5192677 0.5630863 0.2654663 0.4771619 0.5281351 0.4459172 0.3688519 0.5279623 0.6507713 0.4384928 0.2847598 -0.1405059 0.1491977 0.4976911 0.0999849 0.2475059 0.0653524 0.0086994 0.0294488 0.2930718 0.3260911 0.3960524 0.4558357 0.4764386 0.1470115 0.0060225 0.2047579 0.1736883
0.5069335 0.2796702 0.7374550 0.3491971 0.4846019 0.2045970 0.1191904 0.9160127 0.4299472 0.8786832 0.0000000 0.4672866 0.7392707 0.6757410 0.3546065 0.8682808 0.6372221 0.4473409 0.7576588 -0.1151819 0.5187148 0.7009518 0.7303025 0.4113987 0.7220972 0.6568226 0.3891110 0.3496189 0.6726451 0.6298668 0.2305973 0.5867083 -0.0875211 0.3704997 0.7986884 0.3740718 0.6363267 0.8111018 0.4287095 -0.2401687 0.5293795 0.1206259 0.7088256 -0.2345653 0.5332233 0.7444466 0.7477757 0.6783049 0.0022888 0.8281305 0.8304865 0.1546282 0.3957814 0.2155495 0.6253340 0.7176123 0.6084065 0.1417548 -0.0152471 0.7872182 0.6206917 0.5582141 0.3183991 0.6763210 0.7350519 0.4630675 0.7773649 0.6450429 0.6016075 0.7772583 0.7662881 0.8160968 0.8037296 0.6755083 0.8082233 0.8032338 0.7408853 0.5942970 0.8197705 0.7247644 0.2824130 0.2966791 0.5848552 0.3880397 0.4293797 0.6129960 0.1634600 0.0318327 0.6689397 0.3947666 0.2296470 0.3524921 0.5680932 -0.3350897 0.1450725 0.4078307 0.2578322 0.5092246 0.2823128 -0.2772704 0.1309437 0.5742523 0.5186087 -0.0068677 0.3789598 0.3851293 0.5664144 0.6292785 0.4900276 0.5962798 0.3162610 0.5039480 0.3295365 0.3990430 0.3642259 0.2233769 0.3725765 0.4161361 0.4671155 0.5387778 0.6015118 0.1787274 0.5036242 0.3816536 0.5704383 0.4100334 0.4092515 0.3786772 0.5005696 0.4075043 0.6021713 0.0067804 0.1528938 0.0346595 0.2673589 0.5661781 0.5713055 0.4956330 0.4828104 0.5462006 0.1609832 0.4030433 0.2023337 0.2261719 0.5811785 0.4019572 0.5286788 0.4276490 0.0891780 0.3813960 0.4378296 0.3571185 0.5841417 0.1907726 0.1492080 0.3189128 0.2365884 0.5211573 0.1535498 0.3986047 0.0931601 0.2917764 0.4022712 0.3717150 0.2955570 0.3181376 0.3024065 0.2307870 0.3487737 0.4298892 0.2139527 0.1939803 -0.3260461 -0.0536893 0.2833129 0.0055066 0.2348246 0.6079622 0.3018568 0.2148931 -0.3089400 0.0373827 -0.0067730 0.1385751 -0.1088320 0.4988146 0.0686718 0.1886014 0.5702247 0.4690933 0.5216059 0.5432539 0.4413674 0.4590749 0.5007004 0.4455241 0.4130469 0.6033899 0.6423700 0.4081015 0.4160335 -0.2541567 0.2463695 0.5039984 0.1310588 0.2210040 0.1332997 0.2092771 0.1169862 0.2925726 0.3190991 0.5028367 0.4250707 0.4383255 0.4090897 0.0807219 0.0904689 0.2394774
0.5512663 0.3433232 0.4552280 0.1753240 0.2823488 0.4004470 0.2712195 0.5539238 0.4365321 0.6601640 0.4672866 0.0000000 0.3846793 0.7500655 0.6643538 0.3455055 0.7007694 0.5967640 0.3393396 -0.1622167 0.8221051 0.1936684 0.4002098 0.5010484 0.3077015 0.2369589 0.4980198 0.5771450 0.7819867 0.5036250 -0.0240638 0.0087313 0.1319086 0.3611752 0.2917658 0.6209592 0.2077330 0.2524692 0.2554422 0.1830143 -0.2113305 0.3887959 0.4573952 0.1158603 0.5264361 0.3478551 0.1809861 -0.0469723 0.3170414 0.4566566 0.2111571 0.4371670 0.4330615 0.4327250 0.0475273 0.2933346 0.0916095 0.5642622 0.2149107 0.3714277 0.4437313 0.6053848 -0.0091579 0.5332633 0.4968395 -0.0396571 0.5117618 0.4299826 0.0398387 0.6253975 0.2180541 0.5087808 0.7208339 0.5738195 0.2681079 0.6747952 0.6706868 0.3481276 0.7072461 0.8194837 0.4391562 0.0797714 0.5144681 0.2911765 0.5101690 0.5729079 0.2332881 -0.1195136 0.5090390 0.7901263 -0.2879989 0.4240783 0.2551493 -0.2262128 0.0164608 0.0543536 -0.2389752 0.3307689 0.3979294 0.1628839 0.3679436 0.4185128 0.3604241 0.1111838 0.1127691 0.1511808 0.6254865 0.6148663 0.5301156 0.5804040 0.3507552 0.6999620 0.2367532 0.1929788 0.4515405 -0.0947964 0.1343714 0.5463442 0.2711884 0.7770188 0.5920402 -0.2818888 -0.0246785 0.4360871 0.7200356 0.8128421 0.2970464 0.2622092 0.7674003 0.2431307 0.5846970 0.0379674 0.1621721 0.3999976 0.0293733 0.2053230 0.6109386 0.7528785 0.5573121 0.7332133 -0.0399738 0.7225365 0.1173599 0.3539965 0.7014056 -0.0475609 0.5594821 0.5017635 -0.0772745 0.6975860 0.6911982 0.5575451 0.7421825 -0.1476364 0.2892506 0.2073939 0.1761080 0.6442189 -0.0007676 0.7063063 0.1640583 0.5386033 0.3853271 0.5578248 0.3444333 0.3791036 0.0761970 0.0262909 0.2675784 0.4788614 0.1577300 0.0861753 0.0417215 0.2048154 0.2740443 0.5143611 0.6957796 0.7343335 0.7635146 0.5055883 -0.0267447 0.3013093 0.0198836 0.3620929 -0.0209613 0.3053030 0.0954696 0.0789983 0.7321004 0.3871897 0.7388647 0.8126239 0.4132275 0.6880945 0.7822764 0.7594724 0.6485487 0.5262940 0.7716620 0.7564934 0.1099706 0.0160671 0.3914008 0.7423124 -0.2385186 0.2210400 0.3638973 -0.0912694 -0.1228511 0.4168431 0.4799814 0.4873973 0.1888154 0.5602962 0.0048805 -0.2087202 0.3990283 0.3946167
0.5017174 0.2068537 0.8300428 -0.0582082 0.7651603 -0.0327364 0.2543217 0.7803894 0.4096746 0.7742654 0.7392707 0.3846793 0.0000000 0.4842993 0.4872898 0.5586220 0.6949541 0.4782206 0.6281846 0.1170635 0.4102381 0.8056376 0.6258237 0.2205967 0.5969028 0.5838361 0.2863912 0.1595523 0.5139004 0.4441708 0.4157075 0.6646959 -0.1240679 0.2025250 0.6040036 0.3049182 0.6032812 0.8740827 0.2785998 -0.4625358 0.6133459 0.1248858 0.4383016 -0.2594288 0.3565299 0.5720174 0.6531577 0.7907636 0.0229859 0.7044298 0.5607631 -0.0681692 0.2752602 0.0882565 0.8562057 0.6859056 0.5883089 0.2189755 0.2050200 0.5342256 0.6384363 0.3031810 0.7277017 0.5906542 0.6933609 0.6084077 0.6288787 0.5265079 0.6032223 0.6555292 0.6852703 0.4702722 0.5032983 0.7096217 0.7238419 0.6943164 0.5768520 0.5339926 0.7000055 0.7106225 0.1456677 0.3291180 0.6680668 0.5280978 0.2246409 0.4956904 0.0663125 -0.0755294 0.5977916 0.2554254 0.1724996 0.2724882 0.3995653 -0.5744254 0.4686475 0.4436121 0.1323873 0.5795325 0.4645480 -0.3226617 0.1731062 0.3052476 0.4724249 -0.1700821 0.3163082 0.5614867 0.2651766 0.6553352 0.2816605 0.3669348 0.3792561 0.2364303 0.1506707 0.2000204 0.2452701 -0.0813987 0.0534379 0.3367382 0.1136611 0.4415650 0.3748026 -0.0354050 0.4243422 0.1419895 0.5215593 0.4070968 0.4118873 0.5128403 0.4910730 0.4402635 0.6690922 0.2737808 0.3646340 -0.1375514 0.3136187 0.5562252 0.5904670 0.5028578 0.6133842 0.4325064 0.2411441 0.4339089 0.4028438 0.2902088 0.5828340 0.5152869 0.6599520 0.6037691 0.1017395 0.3561303 0.4647808 0.4195969 0.6162898 0.3000445 0.3345601 0.3925498 0.2967172 0.5943064 0.2426734 0.3982659 0.2671225 0.3806133 0.3602735 0.2341134 0.4419610 0.4043893 0.3872420 0.2714604 0.2635056 0.3678393 0.3619327 0.3217469 -0.2858695 -0.2786717 0.1638111 -0.1411536 0.0446915 0.3422252 0.2212214 0.2660151 -0.0154653 0.1625110 0.0077382 0.1373493 0.0536099 0.7016917 0.4023906 0.5928942 0.4019259 -0.0097541 0.3763852 0.3652090 0.0748661 0.3955854 0.4069505 0.3000575 0.1353948 0.4137865 0.4425260 0.3323364 0.4334261 -0.1518823 0.0369044 0.3687243 0.3521235 0.1260835 0.2255910 0.2242245 0.2328124 0.1275444 0.1288368 0.2181809 0.5756605 0.3397992 0.0475973 0.2167810 -0.1034928 -0.0901600
0.4072854 0.1981759 0.6122448 0.4087052 0.5135020 0.3318709 0.1864491 0.8102495 0.5476564 0.8315617 0.6757410 0.7500655 0.4842993 0.0000000 0.4987645 0.5775151 0.6605213 0.6757982 0.4659403 -0.5285301 0.7076662 0.1933298 0.5212398 0.4454760 0.3416984 0.2677029 0.4224634 0.6002109 0.6994972 0.7387197 -0.2334396 0.0982812 -0.1093779 0.1792118 0.5112909 0.5338606 0.3547187 0.4502046 0.5705394 0.1838719 -0.0182788 0.2302873 0.7172453 -0.1283736 0.5930591 0.5203890 0.4315856 0.2260200 0.0729570 0.6750320 0.4765799 0.6524147 0.3399483 0.6055129 0.2485835 0.5409472 0.3849784 0.4566141 0.1450332 0.5947396 0.4774561 0.7884341 0.0625836 0.6024599 0.5907820 0.3056482 0.7384632 0.6242010 0.2563997 0.7562460 0.4837846 0.6620710 0.8825377 0.6247310 0.5911515 0.7917809 0.6214656 0.5262765 0.8259350 0.7574427 0.4959060 0.1384380 0.5438554 0.2159116 0.5835261 0.6717871 0.1427970 -0.0639558 0.5515890 0.5106289 -0.1124520 0.4489835 0.5022745 -0.3122186 0.0496708 0.0833934 0.1388756 0.4954966 0.3138065 -0.1148284 0.3213094 0.6233021 0.5781509 0.1239238 0.2900062 0.1149724 0.7203841 0.5190235 0.5496049 0.7537570 0.2704489 0.7391597 0.2087010 0.2434719 0.7533270 -0.1236377 0.2341156 0.7033679 0.3411251 0.6674536 0.5522424 -0.1905505 0.1330154 0.3557445 0.5894462 0.6136534 0.2326812 0.2312387 0.5812671 0.3492524 0.6232117 -0.0694711 0.0986927 0.2210932 -0.0449086 0.2901162 0.6239594 0.5601636 0.5307880 0.6338663 -0.1337759 0.4999950 0.0535803 0.2140193 0.6136947 0.0163289 0.4245003 0.3513714 -0.1408318 0.4487631 0.4431382 0.3621973 0.5286799 -0.1619681 -0.0252193 0.0435671 0.1555047 0.4776248 -0.0608131 0.5336563 -0.0396640 0.3132416 0.3585198 0.5554638 0.1090970 0.2236952 0.0163488 0.1000837 0.2948564 0.4002478 -0.0226960 -0.0650151 -0.0859028 0.0272991 0.1030843 0.3325543 0.5788426 0.8436559 0.6875754 0.4846169 -0.0967964 0.1355552 -0.0391551 0.1758596 -0.0864099 0.5215474 0.0771628 0.1707554 0.6234531 0.3100798 0.6143956 0.6787798 0.3782740 0.5606894 0.5939441 0.5687024 0.5477765 0.5993028 0.7632710 0.5934858 0.1768870 -0.0343370 0.4457189 0.7375346 -0.1292614 0.2614089 0.0925795 -0.2202694 -0.1088512 0.3471159 0.4699546 0.6015183 0.2232572 0.2724863 0.0486779 -0.1860152 0.2492743 0.3483562
0.5493117 0.1899221 0.3454217 -0.3592022 0.4332620 0.0873304 0.4272285 0.4016545 0.7527480 0.6311384 0.3546065 0.6643538 0.4872898 0.4987645 0.0000000 0.2118842 0.7597574 0.6840577 0.2145034 -0.1755863 0.4281274 0.2177218 0.2359442 0.2829764 0.1643557 0.2230241 0.3707541 0.2081122 0.5048321 0.3603193 -0.1354313 0.0936043 -0.0679025 0.0165066 0.1433004 0.2646541 0.2488557 0.2272937 0.0833738 -0.1950696 -0.0995683 0.4700113 0.2778300 -0.0236158 0.3372807 0.2406907 0.1638418 0.1062591 0.1174053 0.4677747 -0.0151305 0.0162888 0.0186280 0.1470704 0.2417435 0.2639813 0.1822349 0.3458470 0.4830142 0.1524558 0.5433348 0.1841146 0.0718487 0.2781849 0.4857762 0.2265288 0.2225885 0.3644203 -0.0609783 0.4028676 0.1370036 0.2730468 0.3573760 0.4370049 0.2432270 0.4873102 0.4820900 0.0440102 0.4408271 0.6352538 0.1069670 0.4647334 0.5922485 0.5431343 0.2595780 0.1889515 0.2014632 -0.0723226 0.3604888 0.4277652 0.1075914 0.4048323 0.4690565 -0.2221102 0.4481596 0.3286306 -0.0923806 0.4143713 0.4469724 0.2360465 0.2806793 0.2741185 0.2307990 -0.0360664 0.1513478 0.2722119 0.1557840 0.4415910 0.1957096 0.4363155 0.2856809 0.2599373 0.0621891 0.1701354 0.4233589 -0.1515855 0.0964492 0.3041187 0.1418016 0.3302592 0.1768866 -0.2695946 -0.2053563 0.0877159 0.3119118 0.4669466 0.2902429 0.2446761 0.3549281 0.0890585 0.3448598 0.0860338 0.2261592 0.0043026 -0.0079126 0.2847841 0.2989824 0.3510056 0.3495836 0.3517690 0.0640820 0.3202066 0.1476936 0.0285679 0.3458852 0.0719994 0.4279382 0.3979306 0.0077237 0.3696614 0.3896142 0.2924669 0.4309358 -0.0180960 0.2551508 0.1831654 0.1430922 0.3817721 0.1074957 0.3657373 0.1834492 0.3225164 0.2274671 0.3398789 0.2989689 0.1652300 0.0482869 0.1559680 0.2649144 0.1344332 0.1366505 0.1553684 -0.1500456 -0.3852640 0.1224357 0.1336007 0.2817751 0.4919924 0.2888551 0.2334169 0.3512256 0.2665677 0.3034190 0.4362895 0.3228615 0.4111978 0.5743152 0.4061082 0.4149147 -0.0113581 0.3118727 0.4933402 0.1150307 0.2597329 0.3735202 0.2976238 0.2502944 0.4561619 0.5283174 0.3583039 0.4062525 0.1949424 0.0543511 0.3370250 -0.0538527 0.0012824 -0.0222806 -0.0521282 0.2974585 0.4455069 0.1973523 0.1997183 0.3101486 0.4543401 -0.0884936 0.0913888 0.4815936 0.1882100
0.5227200 0.3441861 0.5257030 0.2049359 0.2137308 0.1520648 0.0525251 0.6994457 0.3322174 0.7574523 0.8682808 0.3455055 0.5586220 0.5775151 0.2118842 0.0000000 0.5278504 0.4381745 0.8558090 -0.1239968 0.3083008 0.6235395 0.8002453 0.4266068 0.8277595 0.7466325 0.3629196 0.4240751 0.4374403 0.6450083 0.1875988 0.5641018 -0.0097573 0.3007704 0.8620549 0.1139452 0.7231708 0.7737594 0.5170538 -0.1807750 0.4137646 -0.1165676 0.7427836 -0.1587279 0.4003741 0.8418480 0.8208560 0.6345241 0.0093270 0.8380564 0.8816441 0.1401020 0.2411745 0.1500944 0.5127834 0.7281581 0.6534686 0.0285874 -0.2114277 0.8835551 0.5129022 0.5333927 0.2158630 0.5042960 0.5136977 0.3993744 0.7854525 0.4011939 0.6656229 0.6682674 0.7789786 0.6310847 0.7381818 0.4430224 0.7843618 0.6606367 0.5241783 0.5360092 0.7080632 0.4926266 0.1707283 0.2343236 0.3430415 0.1825528 0.2406720 0.3940644 0.1702225 -0.1121202 0.4144252 0.3394446 0.0492889 0.4263668 0.5365025 -0.2993451 0.0695991 0.4655006 0.2440668 0.1557134 0.1892820 -0.2583824 -0.0498696 0.3552484 0.3115067 -0.1587981 0.1741087 0.2595422 0.3887651 0.3689447 0.2377705 0.4527912 0.2566415 0.3766151 0.2142757 0.3160049 0.3738774 0.2125069 0.4706554 0.3877683 0.4735670 0.4063445 0.5886768 0.1454182 0.3200473 0.2317778 0.4446478 0.2570153 0.2896567 0.1851157 0.3634809 0.3216558 0.4422431 -0.1163527 0.1272781 0.0053224 0.0641550 0.3805537 0.3658619 0.3489470 0.2929040 0.3373568 -0.0069930 0.2133173 0.0435984 -0.0039167 0.4098215 0.2228193 0.3646910 0.2141659 -0.0906508 0.1677420 0.2867049 0.1049324 0.4034684 0.0588396 0.0449399 0.0326567 0.0762723 0.2688967 -0.0267457 0.2170225 -0.0653086 0.1219873 0.1168081 0.1841838 0.1278984 0.0684970 0.1201184 0.0371465 0.1612865 0.2552433 0.0665037 0.0358885 -0.3461639 -0.0651118 0.2942964 0.0462412 0.2857715 0.5866533 0.1941211 -0.0348372 -0.4838358 -0.1342317 -0.1667423 0.0364729 -0.2424727 0.3520276 -0.1358910 0.0840998 0.3714783 0.4181049 0.3953032 0.3956328 0.4379773 0.3667456 0.3868203 0.3553112 0.3551412 0.5083420 0.4381516 0.2290695 0.2033861 -0.3402884 0.0504330 0.3629152 0.0133454 0.1485901 -0.0553169 0.0111567 -0.0317393 0.1690005 0.1575769 0.3774998 0.2396385 0.2917402 0.3009818 -0.1644718 0.1998039 0.2597336
0.5355655 0.1850526 0.6543874 -0.0827076 0.3828046 0.1004837 0.2013872 0.6426933 0.5155256 0.8640387 0.6372221 0.7007694 0.6949541 0.6605213 0.7597574 0.5278504 0.0000000 0.5014749 0.5995657 -0.1412308 0.5648854 0.4925303 0.6899836 0.3692416 0.5519751 0.6761752 0.5588120 0.2851661 0.6421818 0.4407566 0.0840467 0.4109569 -0.0205024 0.1853395 0.6254358 0.4708783 0.6711619 0.6115048 0.1866752 -0.2750734 0.1990704 0.4257503 0.6192510 -0.1322926 0.3853228 0.6373232 0.6058070 0.3960185 0.1623035 0.7443179 0.4220512 0.0911756 0.1907309 0.1424839 0.4703094 0.6839895 0.5326513 0.3507832 0.4044121 0.5791855 0.5478348 0.4617945 0.3028771 0.5352856 0.4806637 0.3848797 0.6683985 0.5482579 0.3435206 0.6589291 0.4856203 0.4490985 0.5940164 0.5110078 0.5478308 0.7137742 0.6349668 0.3332856 0.6835989 0.7790065 0.0420082 0.3710227 0.6475802 0.6091173 0.3713228 0.4563207 -0.0636554 0.0153192 0.5892454 0.5494763 0.0351686 0.4843210 0.5414317 -0.3881049 0.4798733 0.4671166 0.0684588 0.5303722 0.6319228 0.0048488 0.2750480 0.4318731 0.3487693 -0.2643073 0.3648478 0.4812054 0.3644422 0.5708147 0.2091907 0.5508597 0.5776564 0.3311953 0.1048876 0.3120766 0.4661518 -0.0680401 0.3708183 0.4435912 0.3359185 0.4488603 0.5142749 0.1075461 0.2141953 0.1019216 0.4492156 0.4728017 0.5542741 0.5010901 0.4719693 0.4632715 0.6185567 0.3165147 0.5223531 0.0283841 0.2381648 0.4516663 0.5325775 0.4978026 0.5166271 0.4243277 0.2262705 0.4119977 0.3634479 0.0118494 0.4990036 0.1434291 0.5317695 0.4846468 0.1410859 0.3822593 0.5270864 0.2422490 0.5910494 0.1599578 0.3440624 0.0681126 0.3430948 0.5866758 0.2338942 0.4593647 0.3389993 0.5092481 0.0761401 0.4712246 0.4841798 0.1615754 0.1860574 0.3376021 0.4967675 0.3995003 0.3848110 0.3589056 -0.0700960 -0.0589141 0.0452146 0.0743492 0.2587434 0.5384009 0.3580808 0.3609426 0.0358663 0.2685626 0.2565729 0.4168498 0.2764993 0.3935431 0.3878237 0.3126722 0.4077262 0.0304484 0.3915546 0.4860759 0.0835863 0.3906164 0.4396513 0.3834609 0.3270251 0.3694740 0.4637143 0.4141599 0.1635771 -0.0510565 0.0309070 0.3956236 0.0060847 0.0521581 0.0701298 -0.0753774 0.0086593 0.1932124 0.2620239 0.1633141 0.2962944 0.4514103 -0.0212572 0.0020279 0.3167275 0.1629870
0.7071804 0.5486670 0.5017404 -0.0221775 0.5031674 0.3746862 0.6388170 0.5453028 0.7173520 0.6567734 0.4473409 0.5967640 0.4782206 0.6757982 0.6840577 0.4381745 0.5014749 0.0000000 0.3544991 -0.1556446 0.2788933 0.2344521 0.4159664 0.4890090 0.3465233 0.2073567 0.4652453 0.6695455 0.4209470 0.7397410 -0.0169682 0.2201516 -0.0397854 0.1227548 0.3456091 0.1928147 0.2786163 0.3579538 0.5441111 0.1734174 0.0399634 0.1434262 0.4868948 -0.0313716 0.4062904 0.4115485 0.3190988 0.2378334 0.0403581 0.5788699 0.3199321 0.4511332 0.1877210 0.5233055 0.3014687 0.4140241 0.2721465 0.2897277 0.2244568 0.4097891 0.4688315 0.5386318 0.1178269 0.3174428 0.4207278 0.3510896 0.4338944 0.3074810 0.1781220 0.4430864 0.3837505 0.3078545 0.5445307 0.4055246 0.4535913 0.5243699 0.3009804 0.4842695 0.6193018 0.5345603 0.5692956 0.3609970 0.4913312 0.2665435 0.3661803 0.2159966 0.2476854 -0.1548026 0.1992662 0.3086223 -0.2025853 0.2286539 0.2348556 -0.1415455 0.1058238 0.1832988 -0.2210890 0.2090714 0.2712342 0.1144532 0.3054678 0.3095351 0.3703087 0.2089878 -0.1275470 0.1490530 0.3368702 0.4739228 0.2235509 0.5808135 0.2258328 0.3668732 0.2432173 0.2075836 0.6035144 -0.0612417 0.0299569 0.4518940 0.0840667 0.3825628 0.3382114 -0.4384125 -0.1869476 0.2816731 0.3907769 0.4072114 0.1108730 0.2419390 0.3576951 0.2078177 0.3721609 -0.0166206 0.0703599 0.2006802 -0.1661633 0.2516638 0.2875282 0.3265714 0.2708963 0.3422011 -0.1510191 0.3095909 -0.0405057 0.2207164 0.3585401 0.0665322 0.2920533 0.2248521 -0.2522066 0.3032207 0.2755965 0.4077750 0.3478753 -0.1608326 0.0507270 0.2265305 -0.0424197 0.2935452 -0.0720204 0.2185496 -0.0094472 0.1764990 0.3418127 0.2203369 0.0888518 0.2935105 0.0154514 -0.0968634 0.0391997 0.1532719 -0.0356917 -0.0425273 -0.0938450 -0.2020754 0.4606629 0.2732558 0.3850571 0.6364100 0.2601381 0.1262311 0.2596785 0.2251887 0.0923240 0.2969541 0.0627712 0.4822550 0.3059179 0.3374560 0.3055881 0.0190891 0.3252526 0.4233212 0.1932560 0.1942468 0.3562148 0.2492582 0.2048793 0.3820989 0.5837650 0.2949755 0.3972805 0.1598025 0.2114232 0.4357322 0.0814654 0.4551627 0.0332960 -0.0291098 0.2567317 0.4301087 0.3336100 0.4152134 0.3774953 0.2693108 0.0495856 -0.0205667 0.3473879 0.2324398
