0.0000000 0.7032233 0.1494391 0.0971934 -0.2883892 0.5667292 -0.2114963 -0.3327348 0.5203493 0.2693354 -0.2229479 0.2534820 -0.2651579 0.3123417 0.6668823 -0.2692757 0.0627460 0.5806593 -0.1754072 0.1744024 0.3906787 -0.2661316 -0.3935795 0.6119486 -0.3069561 -0.4284895 -0.1499554 0.3039505 0.6712418 0.1709704 -0.3040913 -0.3565372 0.2494067 0.3807752 -0.4458430 0.4894288 -0.4626551 -0.2665848 -0.0570742 0.0714941 -0.2555682 0.5039797 -0.3502202 0.1695146 0.2674311 -0.3064899 -0.3662212 -0.2543472 -0.1821263 -0.1814954 -0.3465349 -0.3429530 -0.3015793 -0.2648800 -0.1093858 -0.2132103 -0.3230330 -0.2259672 0.5075481 -0.3398587 0.2303588 -0.3610022 0.2283046 0.0959454 -0.3123737 -0.2653475 -0.3865022 -0.1834222 0.1147775 -0.0615512 -0.2766931 0.1072615 -0.1742877 -0.0637675 -0.1014389 0.3318518 0.1890195 -0.3594358 0.1048451 0.0179285 -0.1285838 -0.2336248 0.1914690 0.1157900 -0.0501085 -0.0060268 0.1713918 0.1132981 0.0625812 -0.0106188 0.0354935 0.0216117 -0.1157281 0.1862566 0.2205569 -0.0090408 0.1409167 -0.1963153 0.2590388 0.4583073 0.2661306 -0.2547215 0.2281384 0.2770213 -0.0197282 0.0166980 -0.5011635 0.0477131 -0.1113538 -0.4316539 -0.0614123 -0.5552284 -0.4747010 -0.4641685 -0.4141309 -0.5915350 -0.4329987 -0.4485692 -0.4826218 -0.4770979 -0.4993025 -0.4742107 -0.0432547 -0.4245034 -0.4112970 0.3155620 -0.5083965 -0.0963399 0.2383648 -0.5038046 -0.3164210 -0.2617230 -0.4255077 -0.3269111 -0.3033929 -0.0859625 -0.3535959 0.3234587 0.1459027 0.2133339 -0.2437447 0.1597162 0.0296591 -0.0540569 0.0909784 -0.5116855 0.0741896 -0.0539167 -0.1155476 -0.0188477 0.1762760 -0.2284204 0.1576718 -0.2143988 -0.2612654 -0.3637416 -0.0275315 -0.3079636 -0.1985154 0.2370041 -0.5468395 0.0665506 -0.0866698 0.0932240 -0.2990821 -0.2960818 -0.3158393 0.0779555 0.2842013 0.3207158 -0.3677584 0.0042244 0.9075615 0.0476429 -0.0058465 0.2020500 -0.0100600 0.0967515 0.4796487 0.4687527 0.4992040 0.3848796 0.4953753 0.3675618 0.4969715 -0.3939058 0.1543216 -0.3897922 0.0499457 0.1576722 -0.1136582 0.1211885 -0.1494863 0.2450206 0.2330667 0.3298006 0.2033758 0.0539926 0.0529623 0.3248787 -0.3105129 -0.2558634 -0.0683183 -0.0237542 0.2220251 -0.1351556 0.2567926 -0.1405489 -0.4670998 -0.0246415 0.2522176 0.0941049 0.0149329 0.1448301 -0.2459348 -0.0205166 0.2705128 0.2270309
0.7032233 0.0000000 0.3431560 0.4122332 -0.1956477 0.8536266 -0.3220198 -0.1733656 0.7161813 0.3718521 -0.0273497 0.2410272 -0.1196684 -0.1055036 0.7556906 0.0758133 -0.1018146 0.1524005 0.3589961 0.3034805 0.5080602 0.0324920 -0.1540337 0.2961227 0.1882103 -0.0239604 -0.2890784 -0.1719683 0.8124570 -0.1156042 -0.0346689 -0.0375957 -0.1423053 0.3198029 -0.1606332 0.6745688 -0.0078415 0.1801771 -0.0858334 0.0906102 0.0934712 0.7696747 -0.2000627 0.1278613 0.6636646 0.1183590 0.0738418 0.1114249 -0.2526857 0.2948392 0.0345253 -0.0953902 -0.0386255 -0.1165701 0.2068059 0.1776656 0.1240295 -0.1884709 0.8466397 0.0171922 0.6132097 -0.0542798 0.4217122 -0.2689947 -0.4077231 0.1770013 0.0895808 -0.2186336 0.4802539 -0.2916118 0.1649777 -0.1096866 0.0442846 -0.3014567 0.2105562 -0.1071912 -0.2046506 -0.1308553 -0.2788563 -0.4595925 -0.5463953 -0.0962599 0.4988618 0.3925822 0.5473466 0.3833568 0.5050092 0.1759687 0.5498291 0.5021752 0.3609394 0.3257322 -0.2393784 0.1848980 0.6374667 0.3892816 0.2405426 -0.2811503 0.6755767 0.7198646 0.6310802 -0.2885944 0.4430359 0.3526494 0.1567641 0.3838723 -0.1857934 0.3794350 0.0677024 -0.0203518 0.3392666 -0.4742776 -0.4983115 -0.0338698 -0.0961360 -0.3090678 -0.1458082 -0.2460472 -0.2683014 -0.2563035 -0.2619040 -0.1292233 -0.2730159 -0.1575624 -0.1014140 0.2895365 -0.2567833 -0.1631587 0.3142155 -0.1450613 -0.2756171 -0.3639953 -0.5639983 -0.2850129 -0.3311487 -0.3408081 -0.5734933 0.0376529 -0.2465707 0.1384359 -0.3248734 -0.0826274 0.1189424 -0.3913319 -0.2589646 -0.3199089 -0.2929679 -0.4208127 -0.0366537 -0.1756338 0.0595962 -0.3422381 -0.1166152 -0.1319909 -0.5261857 -0.2793346 -0.1509118 -0.4612422 -0.1115580 0.1350960 -0.4865586 -0.0864090 0.0301671 0.0018800 -0.2950484 -0.3296826 -0.1062592 0.2261975 0.2961110 0.3071667 -0.1863781 0.2062967 0.5525016 0.1073374 -0.0413648 0.0835645 -0.1921715 -0.1238787 0.6112265 0.6757822 0.6667093 0.5867747 0.6968064 0.5501675 0.7192940 -0.3915552 0.5044455 -0.4648171 -0.3815016 -0.2512771 0.1461655 -0.3326431 -0.5598155 0.2357300 0.3182046 0.3792570 0.1308060 -0.4680832 -0.4463683 0.4005995 -0.2653272 -0.0629213 0.0995367 -0.2940122 0.3958634 -0.5025949 0.2898671 -0.2430577 -0.3236854 -0.0799262 0.3968075 -0.3783336 -0.0299174 0.1195602 -0.5715903 0.0490301 0.6670925 0.5540975
0.1494391 0.3431560 0.0000000 0.5897946 0.6289423 0.3044970 -0.1581190 0.7525489 -0.0305353 0.5846747 0.7260604 0.4013793 0.8168237 0.1257533 -0.1410583 0.5388662 0.4352409 -0.0088126 0.5012450 0.6351643 0.3083523 0.6339895 0.2545110 0.1598400 0.4952909 0.4675949 0.3112817 0.0811355 0.0360754 0.3595569 0.5705153 0.6162455 0.1552104 0.0547332 0.3415601 0.1263748 0.5489281 0.6617181 0.4027086 0.4543373 0.6282666 0.0700208 0.3218034 0.3908136 0.0738771 0.7004779 0.5805723 0.6920974 0.2491156 0.7509421 0.4512542 0.3081201 0.4534275 0.2937233 0.7498301 0.7832684 0.6801167 0.2577567 0.1721243 0.4424501 0.4480924 0.3600981 0.8102368 0.3089853 0.4688863 0.6679632 0.2973240 0.0984485 0.7782344 0.4591605 0.1164755 0.4906236 0.0997166 0.3899284 0.5663610 0.1453583 0.2316724 0.5163023 -0.0631287 -0.2635395 -0.0244172 -0.0954245 0.1820582 -0.1180553 0.1474589 -0.0926685 0.3213385 -0.4625484 0.1183958 0.2423167 0.0818447 0.1308315 -0.0621297 -0.5330945 0.0889401 0.1914861 0.1920219 -0.1753865 0.1128084 -0.0258831 -0.1238686 -0.2818373 0.4087383 -0.4202130 0.0554342 0.1290097 -0.1570480 0.2908930 -0.0919127 0.0789581 0.2024992 -0.2598782 -0.4005728 0.0107538 -0.0467495 -0.2513127 -0.0802693 -0.2070913 -0.1517675 -0.3382973 -0.2750313 -0.0567676 -0.3755282 -0.3591955 -0.2024544 -0.4211692 -0.1246687 -0.2995564 -0.2249328 -0.2077108 -0.4772479 -0.2883137 -0.4055525 -0.3975374 -0.1978299 -0.3953760 -0.3324268 -0.1689615 -0.2906986 -0.2869031 -0.2874329 -0.2337298 0.2536454 -0.4607013 -0.2067022 -0.3275503 -0.2175052 -0.3269779 0.0925439 -0.1947493 -0.2268542 -0.0979052 0.0152795 -0.1639536 -0.2434247 0.0655086 -0.0903302 -0.2451220 0.1112938 -0.1214043 -0.2333361 -0.0659723 -0.2173257 0.0374094 0.0066491 -0.1573452 -0.1323220 0.1652556 0.1633035 0.1873660 -0.0122641 0.2689335 0.1110112 -0.0388230 -0.2441864 0.2891523 -0.1145370 -0.4834952 0.2845703 -0.0945010 -0.2040528 0.3104228 0.1284981 0.2226144 0.1423165 0.3461319 0.2517408 0.0074169 -0.0203228 -0.2755888 -0.3466794 -0.3266713 -0.4608863 -0.6721003 -0.5203842 -0.4171265 -0.5885138 -0.1196934 -0.3370454 -0.2253921 -0.4282332 -0.1781331 -0.0716579 -0.0780422 0.2243552 0.0167105 0.0348390 0.1352460 -0.3459458 -0.3916650 -0.2230907 -0.1386519 0.2611849 0.0339151 0.0778596 0.3280196 0.1520880 0.2166431
0.0971934 0.4122332 0.5897946 0.0000000 0.0341272 0.6533094 0.2642438 0.5691408 0.4856091 0.8408143 0.6169472 0.6531884 0.5133906 0.2828954 0.2923849 0.3708360 0.3893005 0.1461877 0.4199132 0.3712942 0.5034010 0.3598550 0.2327060 0.3229904 0.4453430 0.3729369 0.2203035 0.1214479 0.4048398 0.2387798 0.4316362 0.4567242 0.3137457 0.5760858 0.3143752 0.5420784 0.4809149 0.5107812 0.2509209 0.0764286 0.4321349 0.3947551 0.2710650 0.1458886 0.3800204 0.6267209 0.5718500 0.5407600 0.3748781 0.4569660 0.4047954 0.1932770 0.5174166 0.0874157 0.4708921 0.6323667 0.5682718 0.1794627 0.3821953 0.3176491 0.5260072 0.1591394 0.6214229 0.3169726 0.0529353 0.4884706 0.2182237 -0.1329922 0.6040750 0.3948060 0.1907361 0.4970374 0.0304485 0.3051307 0.4107282 0.2182340 0.4083203 0.3033791 -0.0302819 -0.0919619 -0.1960396 0.0697676 0.0871285 -0.0122145 0.3531571 0.0639356 0.5816343 -0.3469805 0.2902711 0.1718236 0.1715928 0.1982039 -0.1586928 -0.4086355 0.2006378 0.3164621 0.1357352 -0.1894701 0.1828176 -0.1092359 0.0026140 -0.2967079 0.1136859 -0.2511939 0.0797370 0.1806176 -0.0135340 0.1344326 -0.0247247 0.0939337 0.1001823 -0.1746849 -0.1812373 0.1195252 -0.0423347 -0.1204837 -0.0942142 -0.1718812 -0.1718784 -0.2396339 -0.2136873 -0.0606506 -0.4788438 -0.2222912 -0.1884973 -0.2360865 -0.1053217 -0.3546694 -0.1966007 -0.0212318 -0.3943960 -0.3657259 -0.3902148 0.0530906 -0.2079948 -0.4336513 -0.2869880 -0.1929624 -0.3367611 -0.1624542 -0.2989818 -0.2506589 0.1647365 -0.3559791 -0.2089472 -0.0907360 -0.2482310 -0.3757500 0.0987473 -0.2551026 -0.2375792 -0.1275285 -0.1067950 -0.1549185 -0.3925543 0.0974009 -0.1052893 -0.2483474 0.1171791 -0.1384911 -0.2568652 -0.2149974 -0.0773642 -0.0011928 -0.1157581 -0.1076794 -0.0476140 0.2075509 0.2033527 0.0403673 0.0068803 0.2765155 -0.1055720 0.0363449 0.0869152 0.5687163 0.0108086 -0.2653361 0.3910857 0.1512139 0.0371266 0.7301210 0.4992360 0.6177471 0.3400751 -0.1157678 0.2088854 -0.0995417 0.0995695 0.0230864 -0.1243206 -0.2223862 -0.5893808 -0.5085254 -0.2702115 -0.2326201 -0.3848231 -0.2961235 -0.4300492 -0.0753205 -0.1099549 0.1146144 0.2992097 0.0466842 0.2261544 -0.1500793 -0.1930310 -0.0405924 0.0233625 -0.1608796 0.1662595 0.0007832 -0.1248632 -0.3788880 0.0140703 0.0409699 0.1995066 0.0979406
-0.2883892 -0.1956477 0.6289423 0.0341272 0.0000000 -0.3571225 -0.1412786 0.6733724 -0.6155003 0.0682453 0.5772316 0.0233291 0.7378548 -0.0568784 -0.6991114 0.4910688 0.3539725 -0.4161772 0.3845503 0.4266032 0.0124530 0.6351469 0.3308570 -0.3961687 0.5301047 0.4841552 0.4651252 -0.0374184 -0.5437679 0.3273686 0.5832269 0.6853903 -0.0543028 -0.4389217 0.3519900 -0.3497496 0.5470082 0.5264444 0.4446913 0.5413258 0.6285579 -0.3520227 0.3958161 0.3885376 -0.2541973 0.5416885 0.4326437 0.5703052 0.2487759 0.5334726 0.3674569 0.4527691 0.3054252 0.5287424 0.5603131 0.6095701 0.5833831 0.4395282 -0.2322708 0.4632436 0.0304352 0.5114888 0.4706474 0.0623229 0.4868729 0.5518775 0.4367908 0.3970034 0.4494154 0.3745278 0.2496299 0.0756271 0.3652811 0.2012240 0.2765947 0.0423315 -0.0461440 0.5392022 -0.0409686 -0.2142006 0.1621373 -0.0297510 -0.1163181 -0.1686052 -0.0922641 -0.1678879 -0.0745655 -0.4608329 -0.1416454 -0.0282386 0.0366718 -0.0709189 -0.0164463 -0.5205699 -0.1418999 -0.0266332 -0.0772543 0.0189910 -0.1897304 -0.3574358 -0.4144963 0.0794654 0.0485211 -0.5916848 -0.0329435 -0.0548886 0.0267680 0.2363727 -0.1235032 0.2618496 0.0606545 0.0080848 0.0251362 0.2652549 0.0972728 0.1199525 0.1137994 -0.0271874 0.1044890 -0.1016813 -0.0160332 0.1557915 -0.0451986 -0.0069679 0.0405823 -0.4158655 0.2149644 -0.0782456 -0.2114975 0.1721562 -0.1660895 0.0743074 -0.0005151 -0.1106697 0.1363864 -0.2255490 -0.0446492 -0.1975977 -0.1393029 -0.3640528 0.0106732 -0.2316319 0.1427624 -0.1806060 -0.2098574 -0.0767548 -0.0792344 -0.0722165 0.1135495 -0.0809673 -0.2390122 0.0852868 0.0115948 0.0063705 0.1962556 0.2714563 -0.0144365 0.0325361 0.1333831 -0.2061912 0.1480807 -0.0499269 -0.0663044 0.0112253 0.1335077 0.0738878 0.1606539 0.0442514 -0.0515596 -0.0483795 0.1677342 0.0995555 -0.1609920 0.0278495 -0.1324716 -0.0415809 0.0900130 -0.2090428 0.0146060 -0.3370690 -0.3878093 -0.1968212 -0.3316174 -0.2725313 -0.1918481 0.5314411 0.0846655 0.2601816 -0.1165172 -0.3463026 -0.2888184 -0.2399282 -0.0635329 -0.4710865 -0.4952985 -0.4022886 -0.4741488 0.0222841 -0.0117425 -0.3968491 -0.2306653 -0.3196601 -0.3134563 -0.0214420 0.0629367 0.1857776 -0.1435503 0.2852370 -0.1379309 -0.4819413 -0.4957539 -0.0328085 0.3090143 0.1279616 0.1407853 0.2812702 -0.0993406 0.0430672
0.5667292 0.8536266 0.3044970 0.6533094 -0.3571225 0.0000000 -0.0975344 -0.1079046 0.8909409 0.6338666 0.0777157 0.4003627 -0.0568276 0.1141884 0.8401615 0.0857843 0.0659712 0.3402846 0.2440880 0.2969767 0.4843422 -0.0364749 0.0026354 0.5300631 0.1089870 0.0446290 -0.0775415 0.0639746 0.8661086 0.1115293 -0.0269108 0.0525382 0.1572427 0.6561283 0.0359301 0.7737212 0.1075940 0.2037038 0.1012907 0.0793599 0.0722479 0.7931777 0.0147128 0.2007744 0.6809976 0.2290731 0.2265721 0.1878038 0.0422415 0.2777034 0.2073053 0.0417848 0.1945042 -0.0521089 0.2871100 0.2638253 0.2075787 -0.0291302 0.8506247 0.1460216 0.6832527 0.0234635 0.4891243 0.0143523 -0.3413965 0.2357910 0.0927090 -0.2033271 0.4842525 -0.0571067 0.1988052 0.2095663 0.0123200 -0.0083001 0.2678899 0.0548353 0.1223763 0.0385168 -0.0319568 -0.1665070 -0.3423738 -0.2026088 0.3527171 0.2876339 0.4741038 0.2863809 0.4718214 0.0335468 0.4372389 0.4034474 0.2417194 0.2171521 -0.3129261 0.0990782 0.5398851 0.3313842 0.2098192 -0.4197092 0.5882344 0.5386996 0.5139167 -0.4416856 0.3694757 0.2452495 0.0650485 0.3979669 -0.1270228 0.2448040 -0.0473148 -0.0049111 0.2579355 -0.4067296 -0.5738013 -0.0603543 -0.1098581 -0.3652008 -0.1561266 -0.1689749 -0.2280248 -0.2270848 -0.2588384 -0.1507238 -0.4051720 -0.1689795 -0.1156171 0.0634702 -0.2709526 -0.2841395 0.1486507 -0.1454918 -0.3171882 -0.3888069 -0.5476523 -0.2096440 -0.3607206 -0.4020822 -0.5304045 -0.0345657 -0.3218094 0.0421871 -0.3440100 -0.1198697 0.1606586 -0.4357627 -0.2830092 -0.3515329 -0.2890709 -0.4276326 -0.0353824 -0.1595810 0.0160037 -0.2522875 -0.1196622 -0.1963247 -0.4993776 -0.2755256 -0.0441398 -0.3617354 -0.0006643 0.1275703 -0.4123040 -0.0729002 -0.0901299 0.0591821 -0.2381677 -0.2672820 -0.2116954 0.2037976 0.3175796 0.2697697 -0.1663860 0.2436800 0.3554253 -0.1049495 -0.1122667 0.2846867 -0.2648799 -0.2521567 0.4893885 0.5141966 0.4368709 0.7432159 0.8185730 0.7718109 0.7613803 -0.4196715 0.5730808 -0.1811387 -0.0333067 -0.0399699 0.0675178 -0.1035278 -0.4862254 0.0300508 0.0821735 0.0784161 -0.0324698 -0.3095605 -0.2749481 0.1815027 -0.2039803 -0.0820451 0.0405073 -0.3049659 0.2436209 -0.3771559 0.0480461 -0.3135655 -0.2733569 -0.1087525 0.2578180 -0.2810484 -0.0318269 -0.1911149 -0.3254982 0.0407835 0.5177061 0.4395937
-0.2114963 -0.3220198 -0.1581190 0.2642438 -0.1412786 -0.0975344 0.0000000 0.0323735 0.1049962 -0.0028126 -0.2102836 0.5555063 -0.0892178 0.3903231 -0.0422732 -0.5359587 -0.0776458 0.3387912 -0.4161312 -0.2388818 -0.0833368 -0.3311210 -0.4424911 0.2030562 -0.3079444 -0.3757539 -0.1316766 0.3081524 -0.2197182 -0.0794514 -0.0572121 -0.2573771 0.2194230 0.1908206 -0.3888189 -0.1648274 -0.2283119 -0.3706874 -0.3915688 -0.5759047 -0.3039195 -0.3130761 -0.3792667 -0.5678357 -0.3721462 -0.2224406 -0.2393402 -0.2444291 -0.0416310 -0.4330711 -0.4084312 -0.4616477 -0.1724390 -0.5222420 -0.4003685 -0.2496313 -0.2863754 -0.3334769 -0.3484326 -0.4415844 -0.3260532 -0.4820417 -0.3403900 0.3913298 0.0871024 -0.4034274 -0.3909858 -0.5070160 -0.4457061 0.1397575 -0.3250512 0.2720288 -0.5471185 0.3285875 -0.2764433 0.3086312 0.5460008 -0.2065222 0.1437572 0.4432956 0.1413298 0.1072663 -0.5069997 -0.3815263 -0.0942615 -0.3064900 0.1146488 0.0441400 -0.2527670 -0.5140394 0.0751682 -0.0096332 0.1490082 -0.1140168 -0.2423568 0.0655986 -0.0830419 0.0965165 -0.3503424 -0.5516415 -0.3187343 0.0243546 -0.5531741 -0.1125297 0.0645086 -0.1426975 -0.1034698 -0.4130054 -0.0651460 -0.0935771 -0.3009585 0.1091218 0.5503003 0.0589768 -0.1791238 0.1117254 -0.1303406 -0.1099436 -0.1164288 -0.1085416 -0.0406648 -0.0499299 -0.0012504 0.1159580 -0.3352189 -0.2329337 0.1159728 -0.0818302 -0.6051599 0.1471154 -0.2533628 0.0848860 0.1771110 0.5404691 0.0206066 -0.0653925 0.1023779 -0.4121383 -0.1932955 -0.3338035 -0.0672630 -0.3656206 -0.3253737 -0.0537765 -0.2242809 0.1220320 -0.0949905 -0.0323135 -0.1378664 -0.3786888 -0.4691658 -0.2432141 -0.2254803 -0.1529572 0.0983054 -0.2062088 -0.2184170 -0.0844338 -0.1910450 -0.5035263 0.0552553 -0.3809514 -0.2818138 -0.3893308 -0.1896263 -0.1250793 -0.2613879 -0.1932407 -0.2950156 -0.5079957 -0.1162552 -0.2822920 -0.0861212 0.1943668 0.6766515 0.7295796 0.5724136 0.3516208 -0.1790146 -0.2758945 -0.1573320 0.0828091 -0.0911325 0.0410829 -0.2403314 0.0221422 -0.3362609 0.0121390 0.4323680 0.6882229 -0.0494315 0.3637156 0.3391231 -0.0600976 -0.1341530 0.0421401 0.0305718 0.2970252 0.0034429 -0.2738496 0.4392277 0.3415374 0.2930393 0.3355170 -0.2011548 -0.0579765 -0.6344381 -0.2515167 0.5834364 0.3938140 0.0643011 0.4646702 -0.5042316 -0.2718194 0.1830674 -0.5168440 -0.5579358 -0.5898380
-0.3327348 -0.1733656 0.7525489 0.5691408 0.6733724 -0.1079046 0.0323735 0.0000000 -0.3724886 0.4922249 0.9179817 0.2695644 0.9592442 0.1009377 -0.5384787 0.7016143 0.5400871 -0.2962519 0.5494824 0.4644737 0.1890954 0.7978011 0.5155949 -0.1860504 0.6614291 0.6736553 0.5191172 -0.0112504 -0.3102575 0.3428847 0.7653524 0.7947185 0.1506214 -0.0376991 0.6083435 -0.0288999 0.7301983 0.7378806 0.5058916 0.3895963 0.7483275 -0.1720037 0.5881709 0.3148628 -0.0638737 0.8158931 0.7246217 0.7560176 0.4578435 0.6656749 0.5944600 0.4860788 0.5811249 0.4438106 0.6684754 0.8282464 0.7765597 0.4518354 -0.2131966 0.5587092 0.2239366 0.4667485 0.6130307 0.3215716 0.5187695 0.6927683 0.4168576 0.2802233 0.6149763 0.6014442 0.2447174 0.4349854 0.2615037 0.4245325 0.5223235 0.1507434 0.2865620 0.6259174 -0.0289963 -0.0957828 0.1226901 0.1956752 -0.0136650 -0.2083589 0.0246727 -0.0686553 0.2582076 -0.5412988 0.0665084 0.1009158 0.0220506 0.1044482 0.1205444 -0.6621459 -0.1206704 0.1138807 0.1207930 0.0989216 -0.1590261 -0.4852894 -0.4109987 0.0331044 0.0809672 -0.6399723 0.0682161 -0.0302270 0.1535061 0.1314257 0.0292787 0.2508638 0.1020675 0.1525539 0.0326057 0.2178132 0.1691206 0.1070737 0.1244174 0.0148157 0.0763033 -0.0921624 -0.0424513 0.1138095 -0.2573522 -0.2165538 0.0262146 -0.4927226 0.1052664 -0.1881277 -0.2023564 0.0414100 -0.1870056 -0.1135788 -0.0733738 -0.0150507 0.0953261 -0.2294212 0.0229701 -0.0563611 -0.0730504 -0.2034782 -0.0247993 -0.1061283 0.3124280 -0.1256783 -0.0144124 0.0492596 -0.0091733 -0.0773910 0.2606376 0.0070525 -0.1344388 0.1632782 0.1066513 0.0167058 0.0137972 0.4098366 0.0677808 0.0322310 0.3195223 -0.0681843 0.0771103 0.0272464 -0.0775303 0.1774948 0.2339863 0.1122949 0.1514047 0.1835599 0.1472112 0.0967412 0.2326333 0.3204871 -0.3706376 0.0398554 -0.1390416 0.2406503 0.1017950 -0.3007799 0.1136222 -0.2732094 -0.4363639 0.1633991 -0.1276364 0.0278151 -0.1925140 0.4383554 -0.0630908 0.1739757 0.0902174 -0.1675073 -0.3669611 -0.2681033 -0.3482928 -0.8014613 -0.5967820 -0.5366190 -0.5865053 -0.0620558 -0.2436542 -0.3072775 -0.1451314 0.0167174 0.1173172 0.2788446 0.1980565 0.3113322 -0.0309135 0.4371229 0.0324600 -0.3010729 -0.1752543 0.1454674 0.2441090 -0.1328894 0.3716860 0.3865234 -0.0393777 -0.0385395
0.5203493 0.7161813 -0.0305353 0.4856091 -0.6155003 0.8909409 0.1049962 -0.3724886 0.0000000 0.4105183 -0.2537320 0.2557329 -0.3585983 0.1122982 0.9280544 -0.1957225 -0.1629966 0.4590104 0.0179418 0.1239931 0.2507974 -0.2986757 -0.2007039 0.5426128 -0.1116819 -0.1818951 -0.2687962 0.0965213 0.8833588 -0.0599120 -0.1601946 -0.2222800 0.1057943 0.7337700 -0.1979633 0.7221957 -0.1481951 -0.1243998 -0.1422678 -0.1578452 -0.1976584 0.7548216 -0.2127709 -0.0307643 0.6033152 -0.0419098 -0.0000166 -0.1383626 -0.1246759 -0.0773160 -0.0359415 -0.1712282 -0.0768073 -0.2789728 -0.0775527 -0.0448600 -0.0727802 -0.2185364 0.7646046 -0.0926498 0.5612989 -0.1829479 0.1770968 0.0111707 -0.4908068 -0.0614507 -0.0197073 -0.3419520 0.1688255 -0.2234394 0.1366396 0.1352113 -0.1501630 0.0016899 0.1046143 -0.0807184 0.1386614 -0.1581518 -0.0850188 -0.0357459 -0.3435418 -0.1909648 0.1424823 0.1195493 0.3942682 0.2166443 0.3839336 0.1484124 0.3311035 0.2164462 0.1787290 0.1505884 -0.2398563 0.1601015 0.3959902 0.2561323 0.1382731 -0.2155290 0.4168657 0.4626413 0.4534278 -0.2780562 0.0838664 0.3753065 0.0790146 0.2387375 -0.0699427 -0.0667706 0.0195282 -0.1096985 0.0879203 -0.2617480 -0.3618948 -0.1275593 -0.1759298 -0.3252202 -0.1943365 -0.1258398 -0.2400161 -0.0728239 -0.1496323 -0.1565400 -0.3138421 -0.0517714 -0.0726892 0.2481747 -0.2164245 -0.2430753 0.2211119 -0.0793770 -0.1135282 -0.2491758 -0.3165507 -0.0395632 -0.3478955 -0.3071431 -0.3305293 0.0146606 -0.2337730 0.1778111 -0.3231762 0.0095451 -0.0242184 -0.3135596 -0.2150554 -0.2733692 -0.2199163 -0.2964790 -0.1599933 -0.1526050 0.0559830 -0.2627773 -0.1297015 -0.2429394 -0.3482954 -0.3652246 -0.0965775 -0.3043794 -0.1530660 0.0893200 -0.3080186 -0.1105700 -0.2006070 0.0002960 -0.2560625 -0.3308531 -0.3273734 0.0025006 0.1230430 0.0903544 -0.2542836 0.0007728 0.3599638 -0.2208027 0.0019801 0.2564117 -0.1887437 -0.0004665 0.3031845 0.5457322 0.4917964 0.7464079 0.8515161 0.8215912 0.7475668 -0.4367442 0.3980819 -0.1871670 0.0944119 0.2225484 0.2611849 0.0776292 -0.3240663 0.2008559 0.2334188 0.1996752 0.1620313 -0.2813203 -0.2426550 0.2897220 0.0173745 0.1328729 0.1015179 -0.2234891 0.1552481 -0.3489073 0.0248920 -0.4074443 -0.0546370 0.2095368 0.3597235 -0.2275602 -0.2198945 -0.3200843 -0.3481854 -0.1744812 0.4146439 0.3158576
0.2693354 0.3718521 0.5846747 0.8408143 0.0682453 0.6338666 -0.0028126 0.4922249 0.4105183 0.0000000 0.6650485 0.5794750 0.4963261 0.5729886 0.2519949 0.4332049 0.7320839 0.3584480 0.2653253 0.2934080 0.4987881 0.2283165 0.4222124 0.5667822 0.2696937 0.3645448 0.5421796 0.4719033 0.4209627 0.6380564 0.2313531 0.4404316 0.6621270 0.6787392 0.4437283 0.4817823 0.4011765 0.4223183 0.5801728 0.3899595 0.3441990 0.3490910 0.4677587 0.5122868 0.2651541 0.5669908 0.5114164 0.5075303 0.6174832 0.3820015 0.4302731 0.2894981 0.5495257 0.2859883 0.5318850 0.5937869 0.4914027 0.4421381 0.4503408 0.3367895 0.5151851 0.1964731 0.7518608 0.5286901 0.1577346 0.4255045 0.0940113 0.0724827 0.6042256 0.6213844 0.0683400 0.6667456 0.1186218 0.4514842 0.2496034 0.3830076 0.5152910 0.2696902 0.0885344 -0.0272051 -0.0102537 -0.2677053 -0.0521004 -0.0696387 0.0207585 -0.1748827 0.2512381 -0.5148353 0.0537126 0.0459108 0.0283676 0.0487155 -0.2274852 -0.4170350 0.1179935 0.1669089 0.1638632 -0.2914471 0.1237194 -0.0808653 -0.0572288 -0.4209071 0.1042052 -0.2986025 0.0411706 0.1591179 -0.1989887 0.0373605 -0.0874170 -0.1346447 0.0481669 -0.3649627 -0.4620043 -0.0711904 -0.1889501 -0.3305742 -0.2654340 -0.2980945 -0.2883216 -0.3775732 -0.3773263 -0.2627518 -0.2967141 -0.3795242 -0.2796677 -0.2167685 -0.2987515 -0.1963175 -0.1309744 -0.1839978 -0.2858990 -0.2655611 -0.3506088 -0.1215950 -0.1138064 -0.2395864 -0.1369268 0.0581378 -0.1042355 -0.1319374 -0.1547498 0.0151102 0.3242942 -0.2321288 0.0777505 -0.1810964 0.0225433 -0.1405967 0.2309109 -0.0092680 -0.0708992 0.1678262 0.2098229 -0.0332291 -0.2485367 0.1920870 0.1518585 0.0122121 0.2730478 0.0711261 -0.2180076 0.0567211 -0.0752341 0.2370250 0.0450566 0.1413962 0.0212744 0.3428671 0.3778716 0.2796986 0.1212065 0.4016313 0.0018739 -0.1877888 -0.1681599 0.4078608 -0.2004639 -0.4313952 0.3166133 0.0260653 -0.1268327 0.6425142 0.5239026 0.6383083 0.3852312 -0.1290438 0.2591617 0.0712641 0.2559217 -0.0259322 -0.2476544 -0.1519680 -0.5675852 -0.5241324 -0.3565048 -0.4475666 -0.5233501 -0.2141342 -0.1400594 -0.1574302 -0.4878391 -0.2252717 0.0591467 -0.1594400 -0.0021724 0.0518965 -0.2021598 -0.1455325 -0.4128333 -0.3516386 -0.0526529 -0.0652051 -0.0037483 -0.3866881 0.0852000 0.0590523 0.1868369 0.1847223
-0.2229479 -0.0273497 0.7260604 0.6169472 0.5772316 0.0777157 -0.2102836 0.9179817 -0.2537320 0.6650485 0.0000000 0.2409719 0.9023600 0.1292561 -0.3904860 0.8317977 0.6644343 -0.2956011 0.6105498 0.4575891 0.3485907 0.7718712 0.6909415 -0.0931595 0.7028074 0.7638568 0.6289331 0.0231913 -0.1156768 0.4739317 0.6624973 0.8485140 0.2724327 0.1093478 0.7514879 0.1422073 0.7829060 0.8164857 0.6913531 0.5488052 0.7640788 0.0158802 0.7470159 0.5459026 0.1235678 0.8690982 0.7984540 0.8145952 0.6402649 0.7286281 0.7314751 0.6500606 0.7475874 0.6232410 0.7766567 0.8739919 0.8367915 0.6301757 0.0076919 0.6940946 0.3555722 0.5997726 0.7336742 0.2752533 0.4347280 0.7792715 0.4762843 0.4452411 0.7292294 0.6411021 0.3124747 0.4284188 0.4459181 0.3304257 0.5278312 0.2057938 0.2178673 0.6348690 0.0515534 -0.1564746 0.0894112 0.1212036 0.1250763 -0.0264689 0.0429786 -0.0038026 0.2167946 -0.5767772 0.1127036 0.2022680 -0.0776175 0.0035864 -0.0663865 -0.5814598 -0.0621109 0.0379150 0.0494941 -0.0526595 -0.0543951 -0.3091801 -0.2960647 -0.0890312 0.2500417 -0.5698615 -0.0638650 0.0089295 0.1466987 0.3021948 -0.0476354 0.2477182 0.1027360 0.0245977 -0.1888931 0.1874149 0.1697551 0.0379004 0.0969793 -0.0084251 0.0642714 -0.1222366 -0.0911785 0.0638518 -0.3355203 -0.2649415 0.0345753 -0.3794563 -0.0075491 -0.2340590 -0.0919289 -0.0331726 -0.2033482 -0.2558776 -0.2434121 -0.1655101 -0.0032646 -0.2591884 -0.0762735 0.0011604 -0.0852471 -0.1379113 -0.0780044 -0.0581881 0.3543768 -0.1399362 0.0477799 -0.0169978 -0.0268913 -0.1317268 0.2556514 0.0587930 -0.0508725 0.2123552 0.1228263 0.0158898 -0.1330484 0.4484959 0.1076896 0.0354470 0.3484177 0.0481817 -0.0393994 0.0644983 0.0539493 0.2436364 0.1845637 0.1668828 0.2371673 0.2489215 0.2380940 0.2004726 0.2242990 0.3976914 -0.3702332 -0.0026644 -0.2918498 0.1204204 -0.1179125 -0.4366040 0.2288551 -0.1578028 -0.3508348 0.2529705 0.0078757 0.1236993 -0.0320528 0.2761510 0.1039747 0.1865437 0.0161838 -0.3361630 -0.3365163 -0.3611712 -0.5021463 -0.7684601 -0.5035115 -0.5591048 -0.6238271 -0.1636442 -0.1703491 -0.2371859 -0.3101773 -0.1491901 0.0278470 0.0989455 0.1665995 0.2609169 0.0211069 0.3951066 -0.1845781 -0.4967454 -0.2106204 0.0081242 0.3194100 -0.1470915 0.2903457 0.4447200 0.1447199 0.1489356
0.2534820 0.2410272 0.4013793 0.6531884 0.0233291 0.4003627 0.5555063 0.2695644 0.2557329 0.5794750 0.2409719 0.0000000 0.2038607 0.5407429 0.1557114 -0.2239521 0.3206118 0.4016836 -0.1175411 -0.0723512 0.6135641 -0.1283889 -0.2708901 0.5128005 -0.0889602 -0.2402662 0.0274921 0.4036252 0.1495592 0.2019608 -0.0679065 -0.0149401 0.5192410 0.3662619 -0.2194921 0.2006417 -0.0784423 0.0357384 -0.1027951 -0.2883186 -0.0630791 0.0376337 -0.2187460 -0.1721660 -0.0398176 0.0829423 -0.0439720 0.1176832 0.1787755 0.0424129 -0.2197742 -0.3631194 0.1943882 -0.3726494 0.1195359 0.1504771 0.0083246 -0.1963672 0.1182310 -0.2642416 0.0436115 -0.3863331 0.2817228 0.4098644 0.1262172 -0.0373047 -0.3640102 -0.4634304 0.1435889 0.3537706 -0.3283248 0.4387851 -0.3703984 0.2297492 -0.0882763 0.6528815 0.5311584 -0.1256967 0.1901299 0.1092363 -0.0653330 -0.0509653 -0.0603550 0.0584867 0.0826576 -0.2223931 0.2753669 -0.0027123 -0.0407240 -0.2353107 0.0783774 0.0680533 -0.2217302 -0.0160600 0.0590158 0.1291339 -0.0022257 -0.3974528 0.0839413 -0.0937426 -0.0094930 -0.5436932 0.0280547 0.0287866 -0.0356442 0.1150620 -0.5500974 0.0293185 -0.2803756 -0.3077206 -0.1344657 -0.5606275 -0.1069076 -0.1949183 -0.4839402 -0.3849127 -0.5206322 -0.6120387 -0.5607668 -0.7096419 -0.6306770 -0.4945189 -0.2386753 -0.4458052 -0.7472442 -0.2328371 -0.4585673 -0.2043923 -0.5665643 -0.3302645 -0.6499908 -0.2563411 -0.4225817 0.0119899 -0.1868056 -0.1612372 -0.2577345 -0.3569394 -0.1978733 -0.4410557 -0.2611572 -0.4161201 -0.1760760 -0.1867922 -0.0773406 -0.1683223 -0.0853557 -0.1753333 -0.0752574 -0.4160466 -0.4830792 -0.1776502 -0.0406668 -0.2185109 -0.3482496 -0.1543941 -0.2702688 -0.1518208 -0.1530766 -0.3931174 -0.4020168 -0.3110111 -0.0306696 -0.3521490 -0.3009345 -0.0106203 -0.1437873 0.1109775 0.0331396 -0.1395633 -0.0882799 0.0479339 0.2077237 0.4105713 0.5505028 0.8913520 0.3940897 -0.0022420 0.3751587 -0.0675839 0.0792763 0.3051144 0.1658485 0.2303194 0.0716515 -0.2288147 -0.0190357 -0.2228386 0.1552329 0.2048446 -0.4128715 -0.0409121 -0.1668197 -0.2207545 -0.1542551 -0.0046057 -0.2963071 0.1127708 -0.1697400 -0.3043767 -0.2096889 -0.1187005 0.2334196 0.0728752 -0.0968305 -0.2690348 -0.5244218 -0.2701879 -0.1048549 -0.1316841 0.0129041 0.3216898 -0.3166818 -0.1051883 0.0425524 -0.3336932 -0.2401229 -0.2324710
-0.2651579 -0.1196684 0.8168237 0.5133906 0.7378548 -0.0568276 -0.0892178 0.9592442 -0.3585983 0.4963261 0.9023600 0.2038607 0.0000000 0.0846192 -0.4870597 0.7217248 0.5440433 -0.2419290 0.5595800 0.5968509 0.1340613 0.8374114 0.5372804 -0.1366081 0.6530250 0.7064485 0.5642220 0.0067494 -0.2917312 0.4210493 0.7883251 0.8434636 0.1424204 -0.0633502 0.6486228 -0.0431825 0.7787481 0.7904425 0.5966422 0.4949432 0.8198406 -0.1445943 0.6401739 0.4060831 -0.0410142 0.8437993 0.7636182 0.8349164 0.4530210 0.7428873 0.6708102 0.5672520 0.6318245 0.5209524 0.7919329 0.8825624 0.8334307 0.4988446 -0.1748047 0.6574817 0.2789413 0.5751209 0.7177341 0.3373570 0.5846388 0.7795938 0.4755494 0.3752073 0.7032041 0.6426213 0.2937914 0.4799933 0.3110713 0.4870503 0.6059433 0.1548321 0.2776219 0.7546033 0.0653336 -0.0544060 0.2365429 0.0028729 0.0144780 -0.2096114 -0.0419791 -0.1019248 0.1560054 -0.6390744 -0.0057985 0.1193133 -0.0053406 0.0485961 0.0281217 -0.6702390 -0.0918964 0.0891037 0.1253234 -0.0433939 -0.1020173 -0.4125278 -0.3726171 -0.0859182 0.1829677 -0.6934103 0.0294442 0.0584877 0.1028303 0.1768656 -0.0334573 0.2716511 0.1794145 0.0721504 -0.1575890 0.1913877 0.1462471 0.0193882 0.1249060 0.0245877 0.0913365 -0.1171157 -0.0704512 0.1170872 -0.2653766 -0.2366123 0.0388224 -0.5549011 0.1102896 -0.2262170 -0.1923818 0.0478979 -0.2013246 -0.1197265 -0.0859697 -0.1185043 0.0940751 -0.2807069 -0.0258134 -0.0253166 -0.0724185 -0.2232528 -0.0274763 -0.0894607 0.4071503 -0.1679588 -0.0623277 -0.0477533 -0.0074845 -0.0879938 0.2893413 0.0743677 -0.0755499 0.1842007 0.1223113 0.0114038 0.0517393 0.3992940 0.1631210 0.0437189 0.3843678 -0.0116392 0.0994350 0.1050885 -0.0766347 0.2399764 0.2687009 0.1030860 0.0910635 0.2209786 0.2225618 0.1822686 0.2159171 0.3664044 -0.2925222 -0.0796169 -0.3245425 0.1540537 -0.0037648 -0.4040919 0.0964032 -0.3094085 -0.4774018 0.1384021 -0.1196262 0.0384293 -0.1224271 0.5088433 0.0856824 0.2922751 0.1327271 -0.2178347 -0.4256311 -0.1716487 -0.2593026 -0.8314326 -0.6806389 -0.6246221 -0.5916485 0.0190836 -0.1202606 -0.3218313 -0.2524343 -0.1722077 -0.1143165 0.1077701 0.1834398 0.3253648 -0.0164898 0.4156437 -0.1231996 -0.4681275 -0.3369043 0.0923446 0.3778401 -0.1654900 0.4427949 0.4529144 -0.0760338 -0.0353540
0.3123417 -0.1055036 0.1257533 0.2828954 -0.0568784 0.1141884 0.3903231 0.1009377 0.1122982 0.5729886 0.1292561 0.5407429 0.0846192 0.0000000 0.0416650 -0.2249725 0.7246233 0.7914853 -0.4744286 -0.1923807 0.0642794 -0.3797973 -0.0438750 0.7619847 -0.4371197 -0.2496213 0.5159118 0.9179357 -0.0029024 0.7265502 -0.2877574 -0.1627012 0.8586871 0.4654866 -0.0709738 -0.0978612 -0.2234514 -0.3265996 0.3143021 0.1441673 -0.2754999 -0.2316014 0.0502392 0.2232848 -0.4429253 -0.1081131 -0.1367242 -0.1057706 0.4234385 -0.3694159 -0.2144553 -0.2177259 -0.0074282 -0.0985396 -0.1171362 -0.0954872 -0.2229663 0.1753679 -0.0704173 -0.3023875 -0.1660064 -0.3524849 0.1572860 0.8350506 0.3134168 -0.3398402 -0.5837340 -0.1448631 -0.1691705 0.6618413 -0.5658236 0.7127422 -0.3872732 0.6208184 -0.4051323 0.6057882 0.7884090 -0.2200037 0.2587138 0.4205473 0.3767989 -0.4718466 -0.5964096 -0.4597724 -0.5947922 -0.6912368 -0.2617605 -0.4061090 -0.5456745 -0.6276222 -0.1374580 -0.2104406 -0.0335223 -0.2829453 -0.2842506 -0.1008996 0.0354797 -0.1427211 -0.3610100 -0.4167622 -0.3886734 -0.2874236 -0.3952312 -0.2759463 0.0279270 -0.1594036 -0.5002388 -0.4316413 -0.1772778 -0.5172162 -0.3348665 -0.3630990 -0.0840111 -0.2956073 -0.4300025 -0.3252729 -0.4438979 -0.3951109 -0.3812173 -0.4385754 -0.4012467 -0.4083634 0.2289960 -0.2554289 -0.5290871 -0.1909669 -0.2739008 0.1223141 -0.4485667 -0.2028307 -0.1863232 0.0627208 0.0804619 0.1649442 0.1087040 0.1571393 0.2438936 0.1217571 0.1686615 -0.2883053 0.0981428 0.0977472 0.1168765 0.0381969 0.2987400 -0.0476575 0.3329257 0.2630513 0.2282501 0.0189175 -0.1997853 0.2072948 0.3716041 0.0933341 0.1764632 0.0852460 0.2150014 0.2212301 0.1504484 -0.1313883 -0.0139201 0.0926305 -0.1905983 0.0710119 0.0862025 0.2465491 -0.0697862 0.2440070 0.1926120 0.0727947 0.0965056 0.1331503 0.2123490 -0.1627569 0.1085196 0.4718540 0.0731759 -0.1237208 -0.1404315 -0.3780940 -0.3428291 0.1459795 0.0961174 0.2222340 -0.0535133 -0.0292482 -0.2011821 0.0808911 0.6163234 0.4959146 -0.3110073 0.3119873 0.0434811 -0.2790526 -0.3413492 -0.3742783 -0.3451999 0.2213679 0.3073465 -0.2901276 -0.4001524 -0.2745505 -0.0108848 -0.0617298 -0.4996381 0.2635439 -0.5446731 -0.4309463 -0.3117217 -0.0725000 -0.1945457 0.2398285 -0.3224890 -0.3408213 0.2293324 -0.4353125 -0.3997223 -0.3507658
0.6668823 0.7556906 -0.1410583 0.2923849 -0.6991114 0.8401615 -0.0422732 -0.5384787 0.9280544 0.2519949 -0.3904860 0.1557114 -0.4870597 0.0416650 0.0000000 -0.3065434 -0.2624849 0.4738155 -0.0684079 0.0757328 0.2232039 -0.3661757 -0.3385115 0.5322013 -0.2238381 -0.3130539 -0.3767205 0.0162879 0.8728892 -0.1444403 -0.3191817 -0.3838831 0.0039798 0.5787086 -0.3179514 0.6597845 -0.2929747 -0.2186008 -0.2300417 -0.1968277 -0.2959334 0.7271315 -0.3250800 -0.0885333 0.5703327 -0.2276837 -0.1717695 -0.2545954 -0.2707512 -0.1597875 -0.1443266 -0.2457050 -0.1879456 -0.3365944 -0.1695812 -0.2161253 -0.2283793 -0.3381514 0.6869723 -0.1886080 0.3870957 -0.2466942 0.0447490 -0.1011414 -0.5495124 -0.1785385 -0.1601380 -0.3322122 0.0607971 -0.3229621 0.0009372 -0.0000949 -0.2039050 -0.1734549 0.0029084 -0.0431587 0.0396375 -0.2687103 0.0236410 0.0256866 -0.2668426 -0.1958337 0.2662913 0.2309932 0.3104042 0.2434372 0.3018831 0.2474143 0.2823679 0.2098174 0.1484204 0.1126644 -0.2578247 0.3263809 0.4305218 0.1676524 0.1025799 -0.3189566 0.4747464 0.5979561 0.5369902 -0.3149665 0.2040925 0.4631203 0.0152058 0.2349374 -0.1655908 0.0515440 -0.0321951 -0.1717467 0.1012046 -0.3261533 -0.4014671 -0.2284956 -0.1780074 -0.3421338 -0.1651610 -0.1008125 -0.2031548 -0.0754427 -0.1479924 -0.1649799 -0.1804825 -0.0522020 -0.0758742 0.3335784 -0.2435875 -0.1516789 0.2837811 -0.1568649 -0.1197953 -0.2624646 -0.3164870 -0.0699907 -0.3080905 -0.1792330 -0.3580798 0.1170774 -0.1246650 0.2236834 -0.2362289 0.0394513 0.0059978 -0.1746899 -0.1513124 -0.2490117 -0.1559087 -0.2374273 -0.1179209 -0.0782347 0.1476253 -0.2874813 -0.1107361 -0.1516988 -0.3464153 -0.3439742 -0.0538301 -0.3227238 -0.1532726 0.1678416 -0.3377159 -0.0494620 0.0073952 -0.0050349 -0.2666751 -0.3151590 -0.2630378 0.0713493 0.2043942 0.1826935 -0.2787731 0.0324107 0.4942931 -0.1213991 -0.0421040 0.1204681 -0.2250323 -0.0026991 0.3088238 0.5574520 0.5787311 0.5626131 0.7089336 0.6185760 0.6419888 -0.5477222 0.3408097 -0.3223809 -0.0120280 0.1573852 0.2548774 0.1607651 -0.2016941 0.3686723 0.3588273 0.3592745 0.3517919 -0.1950059 -0.1217477 0.4056624 0.0157354 0.0285647 0.0574615 -0.2375169 0.1913884 -0.3584733 0.1444771 -0.3622400 -0.1355383 0.1281407 0.4091649 -0.1765795 -0.1651793 -0.1760945 -0.3440867 -0.1469360 0.3658960 0.2337895
-0.2692757 0.0758133 0.5388662 0.3708360 0.4910688 0.0857843 -0.5359587 0.7016143 -0.1957225 0.4332049 0.8317977 -0.2239521 0.7217248 -0.2249725 -0.3065434 0.0000000 0.4299584 -0.5283667 0.7911784 0.5479681 0.1907803 0.8345175 0.8821894 -0.3469596 0.8067423 0.9326342 0.5239706 -0.2588625 0.0184380 0.2939548 0.6961383 0.8624926 -0.0454871 0.0059247 0.8854327 0.2477779 0.8580606 0.8644898 0.7051488 0.6653681 0.8444304 0.2218533 0.8418370 0.6309070 0.3640853 0.8597919 0.8430374 0.8248976 0.5339066 0.8053446 0.8753415 0.8158802 0.6888496 0.7951440 0.7880911 0.8375787 0.8679000 0.7398025 0.2125940 0.8505869 0.5516274 0.7830250 0.6744998 -0.0528317 0.2503083 0.8453141 0.7302961 0.6461445 0.7571472 0.3436452 0.6059756 0.1225901 0.7223227 0.1148030 0.6352114 -0.1754060 -0.1546162 0.6566465 -0.1763537 -0.3831982 -0.0919712 0.1483798 0.2873578 0.0904895 0.2215924 0.2991270 0.2572168 -0.4921925 0.3894337 0.5661533 0.1027959 0.1822405 0.0980796 -0.4792625 0.1633793 0.2231211 0.2379727 0.1577195 0.1574680 -0.0931288 -0.0236489 0.1996339 0.2980723 -0.5010303 0.1252672 0.1999044 0.5162056 0.3821445 0.2778217 0.5344456 0.4018037 0.2892552 -0.2178814 0.4515790 0.5129831 0.2741518 0.4155063 0.3058389 0.3559880 0.2180507 0.2328758 0.3709973 -0.2948602 -0.0077304 0.4482459 -0.1917759 0.2471950 -0.1364038 0.2683769 0.2225245 0.1014542 -0.1935085 -0.1785750 -0.1942640 0.0381073 -0.2892510 -0.1225042 0.1427298 -0.0916028 0.1920753 -0.0083726 0.1255329 0.5194490 -0.1900690 -0.0544742 -0.0066923 -0.1168649 -0.2093519 0.3042477 0.2507162 0.2641889 0.2084372 0.0461273 0.1174939 -0.1298660 0.3652893 0.2883333 -0.0083054 0.4825347 0.3596602 0.0474049 0.2164646 -0.0048473 0.4978138 0.2452783 0.1080394 0.2601029 0.2669762 0.3418894 0.3575533 0.2472759 0.4527729 -0.4100950 -0.1613690 -0.5198445 -0.3054209 -0.3092316 -0.4125016 0.2242555 0.0953996 -0.2317635 0.2677784 0.1336268 0.1684843 0.1634951 0.2987579 0.3413673 0.3011294 -0.1506937 -0.4849465 -0.0423584 -0.4648751 -0.5172213 -0.5180655 -0.2864409 -0.4133822 -0.3691603 -0.3371959 -0.1980908 0.0397737 -0.2201635 -0.0300153 -0.0335357 -0.0227015 0.3657376 0.2097417 0.3702068 0.4607852 -0.1346626 -0.3621664 -0.0799165 -0.2645059 0.5080033 0.0027685 0.1024815 0.6674062 0.5004628 0.4877849
0.0627460 -0.1018146 0.4352409 0.3893005 0.3539725 0.0659712 -0.0776458 0.5400871 -0.1629966 0.7320839 0.6644343 0.3206118 0.5440433 0.7246233 -0.2624849 0.4299584 0.0000000 0.2829295 0.0231667 0.0319752 0.1956142 0.1628069 0.5375822 0.3618190 0.0894188 0.3076066 0.8884531 0.6356230 -0.1199138 0.8891578 0.0866528 0.4021735 0.6974565 0.2497654 0.5052857 -0.0197304 0.3109086 0.2359620 0.7822627 0.6350787 0.2490010 -0.1411630 0.6118220 0.6774974 -0.2149008 0.4081825 0.3637990 0.3946318 0.6698823 0.1772310 0.3450633 0.3481119 0.3656578 0.4804831 0.3910419 0.4325324 0.3313909 0.6243229 0.0277286 0.2507906 0.0929770 0.1820173 0.5572300 0.5969059 0.3718054 0.2312362 -0.0831487 0.2396422 0.3279498 0.7301514 -0.1307366 0.5815380 0.1510094 0.4974891 -0.0661486 0.4007082 0.4890052 0.1941761 0.0756646 0.0585354 0.2514860 -0.3449132 -0.3207103 -0.2230492 -0.3787619 -0.3997861 -0.1511102 -0.5931359 -0.2617965 -0.2475022 -0.0338466 -0.0585741 -0.0361240 -0.4590172 -0.0920866 0.0211729 0.1467177 -0.1403052 -0.1657255 -0.3800434 -0.3713599 -0.2063296 -0.1230489 -0.4950521 0.0847583 0.0040335 -0.2407439 -0.1033867 -0.1095444 -0.1749261 -0.0493862 -0.2348126 -0.2424498 -0.0243403 -0.0978610 -0.1543807 -0.1680116 -0.1866320 -0.1423079 -0.2986082 -0.2615621 -0.1779007 0.1486174 -0.2163984 -0.1625357 -0.4074887 -0.1191862 0.1441786 -0.2315912 -0.0481452 -0.0568184 0.0832284 0.0203802 0.0136934 0.2549758 0.0690862 0.1893751 0.2341334 0.1540463 -0.2844778 0.2142615 0.1414441 0.4484471 -0.0196976 0.2909072 0.0494346 0.3207249 0.2062600 0.4707112 0.2185994 -0.0592334 0.4463413 0.4756233 0.2621771 0.1649309 0.4393159 0.3876883 0.3416349 0.4759803 0.0793865 0.1275544 0.3066811 0.0018985 0.3593779 0.3558230 0.4613079 0.3010081 0.4717848 0.4304588 0.3562364 0.4102391 0.4952312 -0.1081928 -0.1925197 -0.2368523 0.1541347 -0.1344635 -0.4112005 -0.0022419 -0.3390369 -0.4531351 0.1358725 0.0714828 0.1827857 -0.0219234 0.0750134 0.0214153 0.2129360 0.3286412 -0.0254936 -0.4172161 -0.0762198 -0.2883268 -0.5344165 -0.5720792 -0.6493258 -0.6451324 -0.0324444 0.1587433 -0.4094778 -0.6037243 -0.4433652 -0.0837777 -0.0990579 -0.3457355 0.3331950 -0.3438482 -0.1090412 -0.4757809 -0.4423661 -0.3133232 0.0102653 -0.0196904 -0.3086493 0.2163517 0.0225092 -0.0864306 -0.0316909
