0.0000000 0.0428966 0.0494535 -0.1616894 0.1228726 0.1427274 -0.1002759 -0.3079026 -0.2347024 0.1031071 -0.1262630 -0.2448186 -0.3755476 0.2970491 -0.2285431 -0.2721420 0.1491647 0.2019623 -0.2759847 0.0706544 -0.0979706 -0.3447118 -0.2470959 -0.0903247 -0.2434839 -0.1302548 0.0147217 0.2278318 0.1030827 0.3107175 -0.3135724 -0.2387163 -0.1543796 -0.1869393 -0.0777261 0.1630112 -0.0969638 -0.0711059 0.1118079 0.1197000 -0.1787141 0.2508551 -0.0107614 0.0051962 -0.1707692 0.0324701 -0.1017351 -0.0903410 -0.1035733 0.0202082 0.0080045 0.1047070 -0.1688954 -0.0233258 0.0583949 0.0022313 -0.0936258 0.1045012 0.4832229 0.0164760 -0.0684260 0.0164311 0.0475621 -0.0748003 -0.3410781 0.1524615 -0.1750286 -0.1424316 -0.0885161 -0.0701226 -0.1725775 -0.2517832 -0.1908863 -0.3519651 -0.1940747 -0.2848828 -0.3070246 -0.1418866 -0.2966790 -0.4277257 0.0583250 0.1193448 0.4542518 0.2645717 0.0148176 0.3379071 -0.0369604 0.2225831 0.0159152 0.0521347 0.2918762 -0.1759071 -0.0500692 0.1062974 0.2790785 -0.0990584 -0.3927526 -0.3745491 0.0765392 0.2936618 0.0623552 0.0223945 0.5203774 0.3576028 -0.3275756 -0.1217935 -0.1498984 0.5975215 -0.2939002 -0.0398096 -0.2869951 -0.0949807 0.1742987 0.4306413 0.1182886 0.0479470 0.2491567 -0.1300300 0.0131018 -0.0631065 0.2500004 0.2348383 -0.2423022 -0.1236542 -0.0945239 -0.3157942 -0.2735775 0.1524204 -0.2315423 -0.2289958 0.0729365 -0.0081717 -0.4146747 -0.0317443 0.1408472 0.5037900 -0.0330286 0.1675709 0.2087382 -0.3537297 0.2984328 -0.2780468 -0.1745547 0.0008002 0.2598042 -0.1053484 0.2320022 0.1394112 0.2887872 -0.1592856 0.0765056 0.0659322 0.2540449 -0.0781242 -0.2154839 0.0996969 0.0608645 0.1780988 -0.0670222 0.1193406 -0.3463969 -0.0296995 -0.0501785 0.0273732 0.0091209 0.1994687 -0.0392722 -0.0484678 -0.1060102 -0.0559541 -0.0048558 0.1033851 -0.2037134 -0.0984653 0.0560288 -0.0321478 -0.0962531 -0.1224255 -0.0038733 0.1452697 0.3383868 0.0456458 0.3995488 -0.0244341 0.3594825 -0.2060599 0.3739009 -0.1598077 -0.1733659 -0.0122656 -0.2428492 -0.1308427 0.1329203 -0.2191056 -0.2909890 -0.2236147 -0.5110949 -0.2353565 -0.4522530 -0.4306609 0.0604646 0.0555518 -0.3495446 -0.3257595 -0.1184894 0.1694069 -0.2848739 -0.2852582 -0.2626848 0.0038713 -0.2279491 -0.3666330 0.2072074 -0.2389696 -0.4102074 0.2306319 -0.0537981 0.3352223
0.0428966 0.0000000 0.3661664 0.4862077 -0.2626747 0.8465024 0.6370768 -0.0697465 0.6290201 0.5039061 0.0895756 0.4903753 -0.2206107 -0.0087590 0.0878792 0.0326160 0.0155451 0.0596112 -0.1400167 -0.2673262 0.6135345 -0.1460652 0.2214016 0.2972150 -0.1746490 -0.0757092 0.2715242 -0.0555906 0.4598208 -0.1126160 -0.1537929 -0.4132739 0.2693845 0.3664217 -0.1988855 0.6763790 -0.2847002 -0.3056123 -0.3262484 -0.1270020 -0.3346394 0.5745610 -0.1805629 0.2626263 0.5250313 -0.3169339 -0.2260151 -0.1888118 0.2746437 -0.2155546 -0.2091120 -0.1979742 0.4171317 0.0458715 -0.3368813 -0.3851440 -0.2165681 0.1876237 0.1687092 -0.2144527 0.7179172 -0.2578046 -0.5527178 0.2593892 0.2666444 -0.5770584 -0.1614634 -0.2720721 -0.3107306 0.1037910 -0.4678409 0.4102062 -0.1009674 0.4554013 -0.4641064 0.2159173 0.5610449 -0.5172153 -0.0454116 0.5213349 -0.6565865 0.1294783 -0.2646691 -0.4380109 -0.3223667 -0.0779185 0.0292896 -0.1531265 0.0819144 0.0582146 -0.0260611 0.0059204 0.1047567 0.1678770 0.2100162 0.1187283 0.0545938 -0.1703830 0.5908005 0.1753385 0.5601194 0.1123188 -0.2896633 -0.0799213 -0.1344029 -0.0563066 0.0332600 -0.2101100 -0.0717819 -0.2215755 0.2616557 0.4561902 0.2186174 -0.0800408 0.0002949 0.0722194 -0.0420856 0.1173552 0.4089708 0.1680341 -0.0106441 -0.2126430 0.1879218 0.4726472 -0.0459862 0.2250920 -0.0531247 0.2694376 0.2840573 0.2001798 0.2449373 -0.0773919 -0.1309411 0.6024723 -0.1878116 0.3467033 0.1252327 0.0171255 0.0768112 0.3769590 -0.0496906 0.3135449 -0.1975452 0.4098159 0.4062908 0.3780728 -0.0149477 -0.1392450 -0.2516932 0.0398242 0.2762509 0.5392221 0.1227023 0.2652327 0.0006447 0.1731001 0.1576022 0.3574556 0.3852332 0.3787263 -0.2421784 0.2822943 0.4224376 0.5046085 -0.1056094 0.4685720 0.4661521 0.0610745 0.3317433 0.1397939 0.1211097 -0.0334944 0.5611242 0.5604645 0.5565944 0.7050359 0.8133454 0.4540952 0.7147094 0.6381848 0.4186099 0.5286225 0.4875774 0.1386800 0.1857564 0.5389078 0.1330307 0.5248063 0.7567151 0.7815678 0.3956905 0.7313225 -0.2841005 0.3702030 0.3961893 0.3770477 0.4347436 0.1707717 0.2805043 0.3370436 0.2474664 0.3342931 0.6166450 0.4638348 -0.1399364 -0.7625459 0.3892721 0.5571154 0.0358386 0.2427819 0.4376776 0.4874036 -0.5221493 0.5688392 0.2862621 -0.1527115 0.1254691 0.2519936
0.0494535 0.3661664 0.0000000 0.3759780 0.4777252 0.1246766 0.0511627 0.4009432 -0.1401420 -0.2135606 0.2354605 0.0459809 0.4711650 -0.4432066 -0.4240061 0.3687786 -0.0153231 -0.4944770 0.3230410 0.5790225 0.0920191 0.2238884 0.2397305 -0.2724894 0.2631317 0.4166987 -0.4932457 -0.3087420 -0.2180436 -0.4900597 0.5798646 0.3145783 -0.1880496 -0.2079617 0.2343576 0.0303578 0.1392719 0.3206895 -0.0511974 0.2155301 0.4020843 -0.0473177 0.0067120 -0.1417691 -0.0087451 0.1167330 0.1289615 0.3225579 -0.1883896 0.3859024 0.1320634 0.1765601 -0.0980752 0.2768129 0.2283995 0.1442506 0.0945962 0.1400675 0.4245072 0.1108312 0.2453779 0.1955399 0.2283494 0.1632282 0.1761966 -0.1069139 0.2177997 0.2852296 0.1279732 0.2389306 -0.2035010 0.1587685 0.1918705 0.3224773 -0.0809863 0.1168187 0.2174837 -0.4895882 -0.0170837 0.1404693 -0.4415193 0.0683424 0.1089619 -0.0165901 0.0815937 0.2785908 0.3420821 0.1269863 0.4896820 0.4925118 0.4343301 0.3942435 0.2879825 0.2570149 0.4155506 0.1344443 0.2749117 -0.0443129 0.6245939 -0.1274255 0.4366682 -0.1278051 -0.2904171 0.3484360 0.1617220 0.1099662 0.4965825 0.0271107 0.3664431 -0.0320242 0.4076424 0.4476786 0.0899487 -0.2007355 -0.0360114 0.0138557 -0.0358831 0.1760848 0.0732669 0.1283336 0.0337630 0.0660443 0.2181029 0.2928402 0.1436593 0.4461951 0.0862630 0.4212130 0.3811529 -0.0536639 0.2127383 0.2767535 0.2675999 0.0263415 -0.1479397 0.2604499 0.1720081 0.1141033 0.2376555 -0.3836765 -0.0383089 -0.0904466 -0.1038356 -0.2770815 0.1027387 -0.1766535 0.0790191 0.0538714 -0.3831046 -0.2322740 -0.3144125 -0.0236775 0.3487691 0.1673293 0.1795654 -0.4912263 -0.3068210 0.2326842 -0.2473128 -0.1945046 -0.0473124 0.2027179 0.0252002 0.0089265 0.3270120 -0.1427162 0.1357797 0.0617747 0.3428560 0.2716969 0.4028383 0.3431726 0.3511136 0.6411776 0.5011279 0.5710135 0.4349740 -0.1255565 0.0445694 -0.0355178 -0.1015071 0.0451468 0.4531483 0.1650760 0.5454990 0.3458923 0.4078009 0.6329316 0.3914343 0.2996723 0.1589900 0.6179938 0.0682117 0.1151075 0.3656950 0.2953472 0.0778208 -0.1005104 0.1189354 0.4037391 0.2502390 0.5147453 0.2760585 0.2410004 0.4983975 -0.4465912 0.3558874 0.3703851 -0.0177647 0.1385599 0.1121013 -0.0521873 0.0394803 -0.1697181 -0.0625679 0.2054940 -0.0950718 0.1984319
-0.1616894 0.4862077 0.3759780 0.0000000 0.0372805 0.4858143 0.4177273 0.7067399 0.4677901 0.4873560 0.6003006 0.2562409 0.4886114 -0.0984099 0.0626642 0.5549708 0.2655302 -0.1985641 0.5792383 0.0427800 0.5299491 0.5915552 0.4801789 0.1071068 0.5437592 0.5077902 -0.0535186 -0.3937532 0.2492056 -0.0631573 0.3858496 0.2605938 -0.0213515 0.2217085 0.4040941 0.6992013 0.4289115 0.2126847 0.2213622 0.2175696 0.0045043 0.6449271 0.2067846 0.1655111 0.5400010 0.3176779 0.4904725 -0.1853115 0.1649087 0.1435668 0.4105591 0.3141729 0.4503945 0.5558507 -0.3523424 0.2184900 0.4156096 0.5554486 -0.3857239 0.4097521 0.7505979 0.3525152 -0.1385112 0.7242398 0.7065377 -0.2830917 0.5325474 0.3458582 0.3486509 0.6737515 0.1813453 0.8056795 0.5074456 0.7874898 0.1964893 0.5703307 0.7415606 -0.0208902 0.5325007 0.6939110 -0.4156527 -0.1932915 -0.2063343 -0.1741504 0.0355604 -0.0538542 0.1451393 -0.2688443 0.1791005 -0.0053503 -0.0740232 -0.1258152 -0.3195965 0.1898330 0.3233564 0.1314652 -0.0756041 -0.3124026 0.4473052 -0.1664846 0.3167038 -0.0804140 -0.3008217 -0.0620133 -0.0634363 0.1729945 0.0871279 -0.1320258 0.1573468 -0.1420201 0.3959904 0.3741411 0.2410904 -0.2617463 -0.1054484 0.0919896 -0.1355577 0.2708408 0.3678999 0.4412389 0.2690547 0.1907158 0.0555935 0.6569651 0.3266398 0.5303922 0.5396072 0.3464116 0.4673125 0.5292399 0.4881371 -0.0073043 0.4231292 0.4250227 -0.4599783 0.2156330 0.1486958 0.2894751 0.2362158 0.5066873 -0.4460045 0.4629774 -0.2993954 0.3397962 0.3290502 0.0443086 -0.1623693 -0.2019755 -0.4430755 0.0805229 0.1254386 0.5212290 -0.0353480 -0.0969741 -0.3566632 -0.1115678 -0.2094982 0.2411476 0.0417005 0.3276900 -0.1325150 0.2657099 0.5392898 0.1933525 -0.0571766 0.1716505 0.1853863 -0.2214600 0.1074354 0.1142360 -0.1537588 -0.0736941 0.1892288 0.3355148 0.4392650 0.4374988 0.4529502 -0.0559190 0.4653277 0.5698421 -0.0323725 0.0896412 0.0010666 -0.1691784 -0.2670530 0.6567789 -0.2391828 0.6076547 0.7603612 0.6188189 0.5506834 0.4731278 -0.1607961 0.3671946 0.5284396 0.3839645 0.5672693 0.3565736 0.2897211 0.5669530 -0.0433851 0.1142112 0.4710959 0.5872874 -0.2729312 -0.7250391 0.3306658 0.6568114 0.2199798 -0.0942629 0.4378795 0.7428010 -0.7016593 0.5183760 0.4111043 -0.4362292 0.1194669 -0.1661123
0.1228726 -0.2626747 0.4777252 0.0372805 0.0000000 -0.4213034 -0.4378957 0.3416263 -0.5507854 -0.4869894 0.1186348 -0.3865869 0.4861185 -0.3306643 -0.3556028 0.2607793 0.1480802 -0.5852585 0.3165641 0.3802950 -0.2749972 0.1126447 0.0890160 -0.6065348 0.3562481 0.3215001 -0.2759863 -0.4524897 -0.5436952 0.0872176 0.2257124 0.3694786 -0.6536318 -0.6394959 0.3443863 -0.1823396 0.3280263 0.3121028 0.2364484 0.1575428 0.3687097 -0.2794413 0.2437734 -0.6352456 -0.5099339 0.3729688 0.3155678 0.2345622 -0.6349796 0.3380723 0.3534955 0.4054331 -0.5384629 0.1303739 0.3600276 0.4257064 0.2571814 -0.2872219 0.2607255 0.3285044 -0.2737976 0.3861889 0.4911450 -0.2558501 -0.2382819 0.2774577 0.2884605 0.3962753 0.3395008 0.0303815 0.1839190 -0.3550207 0.2149898 -0.2321163 0.2942966 -0.2732937 -0.3295406 0.0180076 -0.1800455 -0.4577813 0.1140967 0.1613610 0.6693850 0.5162462 0.4826913 0.5246687 0.3218175 0.4611643 0.3644533 0.3484537 0.5278616 0.4302939 0.0120252 0.2575316 0.2476654 0.3890112 0.2171858 -0.1024801 0.2185333 -0.0599878 0.2818019 -0.0337070 0.3282398 0.3721626 0.4243714 0.4079663 0.2613494 0.4049034 0.5402870 0.2064226 0.3476996 0.1666041 0.2073500 0.1377569 0.3270363 0.2185415 0.2603690 0.3339594 0.1331942 0.4541282 0.3669411 0.4910806 0.1414335 0.0929948 0.6113108 0.4542060 0.3437390 0.3481307 0.5863593 0.1445726 0.4137730 0.5288752 0.2857636 -0.0028282 0.3558427 0.3361680 0.3277891 0.5335498 0.4059374 -0.3140706 0.0964308 -0.0190155 0.2821743 0.0647539 0.3689039 -0.3228050 0.2335629 0.2242447 0.1899251 0.2321272 0.1555404 0.0982172 0.3406966 0.0100723 0.3781539 -0.0135957 -0.0205129 0.2224510 -0.2205367 0.0434504 0.1957757 0.1857553 0.0588173 -0.0758245 0.2769699 -0.0289590 0.0614939 0.0004692 0.2079369 0.1386855 0.0612255 0.1882339 0.2767627 0.3100232 0.0857563 0.1781317 0.0653823 -0.2033368 -0.0408335 -0.1517178 0.0505322 -0.3123677 0.0228497 -0.2093550 0.2694263 -0.0118623 0.4210443 0.2992436 -0.2027675 -0.3491258 0.2616095 -0.0698676 0.2197468 0.3182307 0.4091535 0.3860297 -0.0769902 0.0260915 -0.0019877 0.3194924 0.2222400 0.0555941 -0.0471179 0.2600350 0.3232423 0.1106283 0.2726404 0.0064803 -0.0325820 -0.0549506 -0.1181862 -0.2359289 0.3281170 -0.2893851 -0.2714881 0.2134842 -0.1658531 -0.0773849
0.1427274 0.8465024 0.1246766 0.4858143 -0.4213034 0.0000000 0.7110080 -0.1613726 0.7549488 0.7824019 0.0096654 0.6213834 -0.3723735 0.1875579 0.2763944 -0.1320560 -0.0188299 0.3686866 -0.2427967 -0.2916845 0.6899978 -0.2231401 0.0480068 0.6085076 -0.2808999 -0.2455219 0.3555724 0.2046720 0.7543651 -0.0645947 -0.2290221 -0.4733964 0.5543803 0.6411655 -0.3365939 0.6726153 -0.3212554 -0.4039435 -0.3959334 -0.3073140 -0.4742197 0.6832792 -0.2571823 0.5054662 0.7366368 -0.3231178 -0.2759355 -0.3026601 0.5622152 -0.3367270 -0.3200803 -0.3565325 0.6416777 -0.1196004 -0.4261746 -0.4093000 -0.2805601 0.2424095 -0.0616451 -0.3134170 0.7608510 -0.4159856 -0.5881083 0.2289170 0.3259426 -0.6235930 -0.2686776 -0.4627974 -0.3376317 -0.0096225 -0.5293433 0.4474624 -0.2286245 0.4092314 -0.5662921 0.1607794 0.5266588 -0.5258048 -0.0495681 0.5178340 -0.6453514 0.0439986 -0.3696390 -0.5624157 -0.4016910 -0.1655231 -0.0951965 -0.3505834 -0.0716472 -0.0960380 -0.1512045 -0.2241971 0.0575519 -0.0354323 0.0690961 0.0777813 -0.0201517 -0.1126917 0.3885903 0.1259311 0.2862731 0.0125095 -0.2034118 -0.2179325 -0.1483898 -0.0342134 -0.2638846 -0.1532631 -0.2840473 -0.4264784 0.0798672 0.1320936 0.0087232 -0.0998505 -0.1969213 -0.1657853 -0.1743989 -0.1725161 0.2030090 -0.0465844 -0.0710736 -0.1837196 0.0402390 0.3049438 -0.2340998 0.1567799 -0.0890828 0.2047635 0.0625971 0.2662981 0.2368241 -0.1936860 -0.2171918 0.4147124 -0.3356910 0.3451171 0.2380547 0.1165934 0.1492248 0.4486576 0.0288259 0.4327977 -0.2696871 0.4136146 0.3937248 0.5092551 0.1226329 -0.0768758 -0.2353349 0.2116118 0.3441970 0.4780041 0.2787987 0.3132649 -0.1493568 0.2742810 0.2643168 0.5119968 0.4595795 0.5374365 -0.0471779 0.3497197 0.3707691 0.4795027 0.0407024 0.5086456 0.4261930 0.0763394 0.2352547 0.1586695 0.0953329 0.0887606 0.2215453 0.1695788 0.2661831 0.4823412 0.6883289 0.3852426 0.6458606 0.6431740 0.2954612 0.4321727 0.3230115 0.0894700 -0.0832710 0.3835839 -0.1359773 0.2046412 0.6288566 0.7024097 0.1970563 0.5423577 -0.3707534 0.1414634 0.2243302 0.1434055 0.3490610 0.0816741 -0.0667551 0.1739170 0.1269812 0.1380867 0.3415585 0.2764565 -0.2365371 -0.6352703 0.3641612 0.4900815 0.2637935 -0.0074549 0.1739582 0.4513227 -0.5190112 0.6802377 0.4791841 -0.3466923 0.0699740 0.1369212
-0.1002759 0.6370768 0.0511627 0.4177273 -0.4378957 0.7110080 0.0000000 -0.0763179 0.6345328 0.4711973 0.0925731 0.7704870 -0.2058347 -0.1130277 0.3312908 0.1019998 -0.0082312 0.1722921 -0.0560470 -0.1664378 0.7785783 0.0870313 0.1336392 0.3142189 -0.0175225 0.0332244 0.1101506 -0.0055324 0.6170784 -0.2837859 -0.0532755 -0.2685776 0.3712320 0.4447849 -0.0508528 0.5977516 -0.1136766 -0.2040327 -0.2618687 -0.2550837 -0.3320973 0.5287492 -0.0572907 0.3206148 0.6683266 -0.1920331 -0.0739543 -0.2316698 0.4331225 -0.1591993 -0.1473448 -0.2513235 0.5581950 -0.0647402 -0.3598028 -0.2294394 -0.1408041 0.2343462 -0.3199835 -0.2002901 0.5916679 -0.3480224 -0.4150863 0.4133028 0.2534948 -0.6136816 -0.1057906 -0.2608697 -0.1266675 0.1674369 -0.3752045 0.5120893 -0.1174239 0.4364434 -0.4244215 0.3064807 0.6469661 -0.5063913 -0.0269944 0.5490546 -0.6798942 0.0199698 -0.2527066 -0.2488307 -0.0528243 -0.0934984 0.1115746 -0.1467840 -0.0544249 0.0561635 -0.0127350 -0.0484775 0.3077345 0.0375086 0.0425895 -0.0281806 -0.0194826 0.0375298 0.2649612 -0.0437386 0.1931119 0.0648291 -0.1267689 -0.1097846 -0.1678801 0.2384007 -0.1024593 0.0372311 -0.2171198 -0.1633388 -0.0450953 0.1484702 0.2183750 -0.0391761 -0.2583331 -0.0759826 -0.1413704 -0.0343774 0.2005403 0.1838169 0.1962171 -0.0337904 -0.2073942 0.4274324 -0.0495465 0.2956487 0.1520512 0.0293835 0.1688925 0.2590351 0.3180188 -0.3122747 -0.0217461 0.2041461 -0.3487222 0.0924808 0.2582794 0.0796860 0.3365870 0.3281510 -0.3283014 0.1066003 -0.5073308 0.3172241 0.4478853 0.0778375 0.1799087 0.0524221 -0.2678172 -0.0786634 0.0572565 0.4170277 0.0858007 -0.1745297 -0.2009354 0.1055323 -0.0356897 0.2552380 0.0490521 0.2121159 -0.2809047 -0.0954831 0.0785030 0.1977877 -0.2956499 0.1410728 -0.0070352 -0.0834485 0.0439057 -0.0712074 -0.3166645 -0.0566878 0.2784573 0.2667108 0.3552835 0.5413370 0.7015117 0.3102706 0.5086852 0.3769857 0.0107683 0.2759736 -0.0960928 -0.0186240 -0.3326214 0.3082150 -0.2636670 0.1597200 0.5023092 0.6290971 0.3527593 0.5734045 -0.3052066 0.1699260 0.3446557 0.1842950 0.4204168 0.0813498 0.0059325 0.3399129 -0.1839966 0.1553265 0.1948462 0.3233419 -0.2135293 -0.4441496 0.4662367 0.4384956 0.0401057 0.1075579 0.1015220 0.4926325 -0.4697212 0.5752438 0.5433344 -0.3259468 0.0726970 0.0047894
-0.3079026 -0.0697465 0.4009432 0.7067399 0.3416263 -0.1613726 -0.0763179 0.0000000 -0.0101379 0.0222012 0.7562117 -0.2430408 0.8980361 -0.2906921 -0.1457911 0.8327338 0.3181704 -0.4159765 0.9465305 0.2768045 -0.1117090 0.8303301 0.6053902 -0.2784904 0.8986379 0.8462490 -0.2385696 -0.6323942 -0.3021698 -0.0443531 0.6823827 0.7102601 -0.3593131 -0.1704939 0.7694139 0.1020545 0.7829461 0.5605195 0.5975763 0.5387139 0.4011552 0.1647222 0.5168597 -0.0654151 0.1342113 0.6660207 0.8248758 0.0307120 -0.1320123 0.4509531 0.7365671 0.6460754 0.0781745 0.7648886 -0.0772096 0.5931891 0.7409990 0.5327356 -0.2825958 0.7038209 0.3411887 0.6738687 0.2773885 0.5727838 0.6127314 0.1423221 0.8591975 0.7298788 0.7170489 0.7424973 0.6282799 0.4568137 0.8054112 0.5685442 0.6259097 0.5135998 0.3646725 0.3487953 0.6601531 0.3554098 -0.0325666 -0.3145720 -0.0379066 0.1729926 0.3234355 0.0912303 0.3202497 -0.1439478 0.3411844 0.1076651 0.0141532 -0.0639348 -0.2982229 0.1326321 0.2508311 -0.0376671 -0.0847085 -0.1902956 0.2131772 -0.4336932 0.0619722 -0.0278893 -0.2544424 -0.0074315 -0.0366788 0.0410581 0.4050498 -0.0401246 0.3911630 0.2261829 0.2801336 0.3344115 0.2398124 -0.1765931 0.0520638 0.2293475 0.0250419 0.3842658 0.1596638 0.4539576 0.2628881 0.2790820 0.0490749 0.4334537 0.4745335 0.4394904 0.5768006 0.2051341 0.4793397 0.3391503 0.3370113 0.1655520 0.5666734 0.0987502 -0.1730909 0.0296399 0.0242455 0.1583077 0.1222213 0.1276165 -0.3553482 0.1673407 -0.0205100 -0.0263224 -0.0768453 -0.1174295 -0.2484932 -0.1242514 -0.3367800 -0.0887255 -0.1477359 0.0615363 -0.2322043 -0.0996297 -0.2755506 -0.3326049 -0.4189746 -0.1375517 -0.2311029 -0.0330024 -0.0493284 0.1581206 0.3717195 -0.1146688 -0.0001099 -0.1637029 0.0275067 -0.2729160 -0.0805088 0.0570978 -0.1137366 -0.0967969 0.0714022 0.3266488 0.3320196 0.1543684 -0.0468056 -0.4417158 -0.1532364 -0.0241510 -0.3752198 -0.3288112 -0.1557548 -0.2425963 -0.1637435 0.4857943 -0.1155588 0.5390721 0.3086601 0.0521661 0.3532554 0.1148845 0.1239078 0.2682243 0.3865678 0.3274888 0.2783520 0.2721669 0.3735803 0.4496766 -0.1885914 0.0440607 0.2595948 0.4146666 -0.1036758 -0.4193330 -0.0159248 0.2719845 0.0148810 -0.2098171 0.3248435 0.3929053 -0.4569326 0.0692659 0.0601094 -0.2773804 -0.0123519 -0.4261870
-0.2347024 0.6290201 -0.1401420 0.4677901 -0.5507854 0.7549488 0.6345328 -0.0101379 0.0000000 0.8269294 -0.0204695 0.5746960 -0.1048449 0.3320399 0.6235477 -0.1160228 -0.0532182 0.6010669 -0.0946518 -0.2506705 0.6423561 0.1291381 -0.0012415 0.7971765 -0.1590735 -0.2348275 0.2879346 0.3043264 0.7579282 -0.0322113 -0.0868659 -0.2449911 0.6853735 0.8452246 -0.3469448 0.5211890 -0.1928160 -0.2920744 -0.3365468 -0.3303017 -0.3463491 0.5282677 -0.3781137 0.6589446 0.8673511 -0.2741192 -0.1980987 -0.2683374 0.7295305 -0.3348733 -0.3194523 -0.4693080 0.8192301 -0.0816965 -0.5056729 -0.3453410 -0.1748656 0.3750040 -0.3866023 -0.3359851 0.8199120 -0.4725450 -0.4852482 0.3599185 0.6140984 -0.5513706 -0.1986750 -0.4284144 -0.2027152 0.0438384 -0.2969066 0.5874009 -0.1486947 0.5866329 -0.2819386 0.2865153 0.6051585 -0.2510043 0.0750829 0.6823350 -0.5059769 -0.1188354 -0.5729682 -0.4615760 -0.2148288 -0.3193119 -0.0393598 -0.4190243 -0.0360496 0.0723655 -0.2423543 -0.1862198 -0.1102484 0.0455551 -0.2340153 0.0457408 -0.0969821 -0.1226657 0.1580804 -0.1647815 0.1870420 -0.1280607 -0.4404620 -0.3818297 -0.0313562 -0.1839338 -0.1443594 -0.3773090 -0.2879184 -0.0844657 0.0005914 0.2862215 0.0453123 -0.2091148 -0.1686540 -0.2104653 -0.2856812 -0.0220194 0.1327621 -0.0010881 -0.1969822 -0.4143038 0.3042446 0.2961078 -0.3183978 0.0201288 -0.0360556 0.2323380 0.0069817 0.3046078 0.0977689 0.0006935 -0.0393371 0.2407634 -0.1457964 0.0254292 0.2191404 -0.0856665 0.0679195 0.5825346 -0.1306878 0.5682772 -0.1091362 0.3727458 0.1339829 0.4453046 0.0469208 -0.0806421 -0.1892204 0.3154703 0.4454286 0.3895141 -0.0515054 0.2546491 -0.0191240 0.3729012 0.2477188 0.0644572 0.5037856 0.5711194 0.0081795 0.3265388 0.4566446 0.5641486 -0.1226901 0.4923859 0.4735690 0.0519988 0.0422625 0.1247941 -0.1037767 -0.1195769 0.2786625 0.1229620 0.2045633 0.2452118 0.4402492 0.1668347 0.4223945 0.4402654 -0.0704921 0.2169577 -0.0355679 -0.0384141 -0.3114676 0.5678752 -0.4432078 0.2249372 0.5963829 0.5672874 0.3019169 0.3378708 -0.5134842 0.2373300 0.1879696 0.1145445 0.5064131 0.1452106 0.1893483 0.1715543 -0.1397793 0.0477407 0.4118173 0.3195338 -0.2302352 -0.6383245 0.2598326 0.5044039 0.2561728 -0.0541629 0.2193287 0.6206082 -0.6305039 0.8176193 0.7581215 -0.3215264 0.1218787 -0.2634085
0.1031071 0.5039061 -0.2135606 0.4873560 -0.4869894 0.7824019 0.4711973 0.0222012 0.8269294 0.0000000 0.1824085 0.2720346 -0.1952260 0.6034081 0.3714517 -0.0700696 0.2472205 0.6490525 -0.0777867 -0.3881552 0.4353744 0.0584475 0.1044221 0.7431043 -0.1355182 -0.1661208 0.5017924 0.3648531 0.6805107 0.2868171 -0.1233164 -0.3214267 0.5467647 0.7177287 -0.2685561 0.5050362 -0.1471195 -0.3770185 -0.0980836 -0.1542652 -0.4912863 0.6949231 -0.1901154 0.6523588 0.7486544 -0.2183120 -0.1026293 -0.5071718 0.6316764 -0.4071869 -0.1558536 -0.2180453 0.6668548 0.0794012 -0.6393789 -0.3268851 -0.1024992 0.5028159 -0.3587597 -0.1512741 0.7427379 -0.2497220 -0.5486887 0.3218569 0.4903761 -0.4534498 -0.0872204 -0.3442984 -0.1476135 0.0675081 -0.1788271 0.4425133 -0.0813944 0.3683143 -0.2848200 0.1558603 0.3507023 -0.1235561 0.0948631 0.4117247 -0.3061758 -0.2812271 -0.4818809 -0.5092286 -0.3152535 -0.0789703 0.0449518 -0.5883055 0.0863860 -0.0403217 -0.2384264 -0.3742354 -0.2356270 -0.1321470 -0.0069930 -0.0196229 -0.2816866 -0.2972676 0.1822545 -0.0718365 0.1490490 -0.0057532 -0.2460149 -0.3407422 -0.1493973 -0.2632189 -0.1699759 -0.2071742 -0.2172923 -0.2305982 0.0360664 0.1650962 -0.0158415 -0.1771908 -0.2907330 -0.2592663 -0.3193854 -0.2870757 -0.0071065 -0.0852069 -0.1870368 -0.2804791 0.1841596 0.2169960 -0.2663279 -0.0075734 -0.1474880 0.2628381 0.0059768 0.2172698 0.1423908 -0.1312720 -0.2503212 0.3183793 -0.2463408 0.2690039 0.0639687 0.1287518 0.0729332 0.5135794 -0.0993834 0.5563996 -0.2337953 0.4686407 0.1537937 0.5577797 -0.0808041 -0.2580900 -0.2507866 0.3454593 0.5088633 0.4519435 -0.0703454 0.2198225 -0.3152193 0.4067762 0.1612008 0.1987046 0.5090712 0.6371552 0.0627409 0.3618007 0.5455501 0.3733712 -0.0409647 0.6351605 0.5115988 -0.2337657 -0.1537172 -0.0095373 -0.1767777 -0.2446145 0.0708957 -0.0818869 0.1721807 0.1772951 0.3045671 0.0893912 0.3935345 0.5496055 0.0526387 0.0185545 -0.0377274 -0.2495388 -0.4343356 0.4487838 -0.3478356 -0.0165421 0.3803026 0.3665923 0.2162184 0.1618087 -0.2465664 0.2116954 0.1301321 0.1006774 0.3211041 0.2656071 -0.0033484 0.0286479 0.0157024 0.0722219 0.2499767 0.2828323 -0.5311209 -0.5441228 0.0997696 0.3852710 0.3777218 -0.0796495 0.1948821 0.5391761 -0.6957235 0.7243504 0.4599019 -0.4678238 0.2920139 -0.0969928
-0.1262630 0.0895756 0.2354605 0.6003006 0.1186348 0.0096654 0.0925731 0.7562117 -0.0204695 0.1824085 0.0000000 -0.3301187 0.5494347 -0.0208080 -0.4102790 0.9148887 0.6911372 -0.3923333 0.7637305 -0.0925367 -0.1164652 0.6880118 0.9253611 -0.3862403 0.7701673 0.8564640 0.1935775 -0.5961725 -0.3653970 0.2326198 0.5262942 0.4231692 -0.4712586 -0.2870692 0.7574402 0.2290760 0.5871226 0.3744382 0.7803291 0.6554351 0.2180636 0.3635119 0.7298188 -0.1117431 0.0602128 0.4038187 0.7060503 -0.1619793 -0.2779265 0.1378264 0.7312497 0.7847880 -0.0895416 0.8528293 -0.2127644 0.3532581 0.6369447 0.6023155 -0.2446379 0.6985157 0.2310505 0.7345809 -0.0008659 0.6083739 0.3809615 0.1643822 0.8083818 0.6615456 0.5784493 0.7338626 0.6330622 0.3391216 0.7194214 0.3632749 0.4939802 0.4574036 0.2782054 0.4393169 0.6109920 0.2215897 -0.0014539 -0.4139941 -0.1665323 -0.0406909 0.1287970 0.3364338 0.5641663 -0.2622551 0.4832629 0.0889222 -0.0307534 -0.1354871 -0.3315040 0.1155355 0.5904054 -0.1433929 -0.2069350 -0.3278746 0.4250291 -0.1516120 0.3236813 0.4286656 -0.1870979 0.0807558 -0.3023774 -0.0427948 0.5163461 0.0247291 0.4971512 0.2431500 0.4312828 0.3731730 0.3458798 -0.1153687 -0.0370808 0.2921132 0.0084000 0.2204031 0.2360672 0.4667740 0.2883493 0.2248759 0.0006151 0.5170985 0.6044149 0.3325002 0.3501667 0.0566532 0.5197468 0.1450132 0.3600861 -0.1580819 0.2421892 0.3038037 -0.2773569 0.1564907 -0.2205152 0.2057125 -0.1087519 0.1867623 -0.5959003 0.1193494 -0.3300240 0.1584686 -0.0005136 0.0685724 -0.5340131 -0.4460716 -0.5608943 -0.1590370 -0.1197043 0.2705717 -0.4443968 -0.2775802 -0.5662929 -0.1148690 -0.6163405 -0.0537539 -0.1298649 -0.0127827 -0.2080320 0.0602959 0.4376000 -0.2460273 -0.2755806 0.0733412 0.0169709 -0.6715743 -0.2264107 -0.2146102 -0.3130131 -0.4241018 0.1484778 0.2900016 0.4844472 0.2957823 0.0884741 -0.0907211 0.0600887 0.2064658 -0.1145839 -0.2257773 -0.0197780 -0.2679336 -0.2781768 0.3585368 -0.0163412 0.2836056 0.1881889 0.0519535 0.3956523 0.1593982 0.2603474 0.4105393 0.4129563 0.4223278 0.2223475 0.4065870 0.2715943 0.3347482 0.1906634 0.3330599 0.3607681 0.4734386 -0.4792703 -0.4932884 -0.0898865 0.3570313 0.1406114 -0.0142288 0.5433239 0.4210905 -0.7270057 0.0262879 -0.2152709 -0.2975925 0.3777342 0.0368826
-0.2448186 0.4903753 0.0459809 0.2562409 -0.3865869 0.6213834 0.7704870 -0.2430408 0.5746960 0.2720346 -0.3301187 0.0000000 -0.2862336 -0.3127286 0.5064185 -0.2083702 -0.4881543 0.1543097 -0.2361720 0.0682601 0.8159201 -0.1552498 -0.2601375 0.4831536 -0.2533099 -0.3015218 -0.1657699 0.1792836 0.6893350 -0.5820169 -0.1123788 -0.2467860 0.6244617 0.6133842 -0.3115868 0.4416955 -0.2498134 -0.1755352 -0.5874192 -0.4873991 -0.2068469 0.1826984 -0.3900705 0.3623740 0.6419983 -0.2215487 -0.2844744 0.0369545 0.5838528 -0.0773639 -0.4505553 -0.5919893 0.6581696 -0.4283883 -0.0769129 -0.2214446 -0.2998228 -0.0873479 -0.3142641 -0.4720502 0.4395887 -0.6351507 -0.2496758 0.1649396 0.2209112 -0.5465549 -0.3682316 -0.4841310 -0.2727591 -0.0914848 -0.5380625 0.4667157 -0.3202542 0.4182064 -0.4328108 0.2530774 0.6655647 -0.5668017 -0.0682943 0.6276621 -0.6547408 0.2680654 -0.2867555 -0.2972357 -0.1765649 -0.4436080 -0.2966685 -0.0806057 -0.3884612 -0.0989986 -0.2211771 -0.0525363 0.3157709 -0.0584516 -0.2653974 0.1153708 0.2325473 0.3615429 0.0496839 -0.1026220 -0.0598236 -0.2268103 -0.2087511 -0.2494806 0.0562450 0.2924133 -0.4226198 -0.1572467 -0.4600876 -0.3890486 -0.1084970 -0.1470465 -0.0857580 -0.0997640 -0.1894546 -0.2013209 -0.1220849 -0.0565785 0.1400657 -0.0260334 0.0313707 -0.0638094 -0.2126048 0.1265286 -0.2350944 0.2253556 0.1215519 -0.1628778 -0.1076037 0.3100482 0.1124101 -0.2144686 0.1215336 -0.0583071 -0.3067610 -0.1927426 0.4233159 -0.0870747 0.1984633 0.3648419 -0.0454210 0.1702637 -0.1888301 0.0620039 0.3190097 0.0466170 0.3572091 0.2551422 -0.0821024 0.0539211 -0.0482572 0.0896835 0.3786588 0.0653091 0.0913928 -0.0213910 0.2042475 0.2723844 0.0617177 0.1765918 -0.0441103 -0.0046608 -0.1662675 0.2823476 -0.0017305 -0.1220257 -0.1368421 0.3852938 0.3387868 0.1877035 0.0637372 0.4007583 0.0390146 0.0718627 -0.0806751 0.2697616 0.5762862 0.3319681 0.4275359 0.2088824 -0.0907101 0.4743004 -0.0086587 0.3371205 -0.1601834 0.0573111 -0.4103393 0.1292977 0.5333852 0.6468656 0.0662460 0.5140658 -0.4885172 -0.1343417 0.1436618 -0.0772897 0.3699201 -0.1755357 -0.1848254 0.2577864 -0.2094951 -0.1213349 0.1402300 0.0521427 0.2072904 -0.2549637 0.5303794 0.3999959 0.1569008 -0.1204568 -0.1210560 0.3285242 -0.0775295 0.4512866 0.7246579 -0.1878412 -0.2663521 -0.0871753
-0.3755476 -0.2206107 0.4711650 0.4886114 0.4861185 -0.3723735 -0.2058347 0.8980361 -0.1048449 -0.1952260 0.5494347 -0.2862336 0.0000000 -0.3074829 -0.1108933 0.7035960 0.1829396 -0.3758716 0.8672786 0.5252506 -0.1685077 0.8364258 0.4311822 -0.3007447 0.8369842 0.7627626 -0.4223351 -0.5241100 -0.3651181 -0.1385634 0.7663008 0.8207273 -0.3560935 -0.2252047 0.6694737 -0.1125725 0.7410911 0.6908942 0.4853782 0.4323549 0.5912887 -0.0541746 0.3864126 -0.1229395 0.0171982 0.6245920 0.7082121 0.2995834 -0.1923060 0.5268457 0.6278334 0.5242571 -0.0173606 0.6333032 0.1773893 0.6372910 0.6717934 0.4211580 -0.2075967 0.6046144 0.1957957 0.6060602 0.5510065 0.4437424 0.5754543 0.2584049 0.7638435 0.7416494 0.7221517 0.6187570 0.5631471 0.3416801 0.7107702 0.5045390 0.6092919 0.4218597 0.2399282 0.2525424 0.4755367 0.2277837 -0.0700448 -0.1879298 0.0677197 0.3264132 0.5006542 0.1913364 0.3972461 0.1007630 0.4383256 0.3732590 0.2352168 0.1559787 -0.1508973 0.3433636 0.1645519 0.0186028 0.0739447 -0.1125286 0.2202830 -0.4066641 0.1208850 -0.0739788 -0.2182782 0.2139498 0.1995695 0.1374141 0.5759954 0.0209178 0.5211291 0.4139725 0.2697167 0.4155158 0.2267490 -0.1581896 0.0982399 0.1810597 0.0118026 0.4610247 0.0913427 0.4173220 0.2093959 0.1522248 0.2862728 0.4088558 0.4177436 0.4254637 0.5063942 0.3573903 0.4666759 0.2864885 0.3189273 0.4578608 0.6036378 -0.1016747 0.0476328 -0.0035016 0.1520723 0.1728059 0.2073133 -0.0797876 -0.2837071 0.1353173 0.1340444 -0.1961769 -0.1305664 -0.2645832 -0.0699211 0.0692151 -0.2303574 -0.0460599 -0.1850306 -0.0658069 -0.1675268 -0.0826354 -0.0094979 -0.3336975 -0.3631894 -0.1922546 -0.2048640 -0.1197643 0.0690711 0.2017133 0.2895474 -0.0514602 0.0770591 -0.2193032 0.0508881 -0.1519629 -0.0080849 0.1888662 -0.0269559 0.0089562 0.1094831 0.3315750 0.2793232 0.0743111 -0.1154743 -0.5212631 -0.2890890 -0.2186979 -0.4833429 -0.4201097 -0.1983874 -0.2241639 -0.0214124 0.4751560 -0.0552657 0.5258347 0.1832369 -0.0936023 0.3136112 0.0386668 0.0200720 0.2512720 0.3522930 0.2906534 0.2121009 0.1013511 0.3506381 0.4323785 -0.1866587 0.1366402 0.1837802 0.3173788 0.2200025 -0.3283194 0.0978011 0.2280133 0.0399189 -0.1623533 0.2092642 0.2247056 -0.2102744 -0.0296694 0.1092601 -0.0208572 -0.0423102 -0.4468727
0.2970491 -0.0087590 -0.4432066 -0.0984099 -0.3306643 0.1875579 -0.1130277 -0.2906921 0.3320399 0.6034081 -0.0208080 -0.3127286 -0.3074829 0.0000000 0.1833639 -0.3401683 0.4860501 0.6916951 -0.3763858 -0.4080847 -0.0894324 -0.0754354 -0.0859369 0.4491856 -0.3897387 -0.3758427 0.5322459 0.5854540 0.2211627 0.6633158 -0.2682449 -0.4241989 0.1913318 0.2553737 -0.4486006 0.0556984 -0.3684962 -0.4134975 0.0547808 -0.1796186 -0.4673335 0.3351072 -0.2241230 0.2532358 0.0610889 -0.4195379 -0.3365015 -0.4732368 0.1338839 -0.5869592 -0.2492855 -0.1547285 0.0294524 -0.0634457 -0.4825738 -0.4462646 -0.2808286 0.2428226 -0.0739793 -0.1985122 0.1257136 -0.1024981 -0.2730969 -0.0114881 0.0289626 -0.0301554 -0.2624773 -0.3245184 -0.2804034 -0.2268493 -0.0695317 -0.0513847 -0.3280432 -0.1944192 -0.1247932 -0.3167397 -0.3069523 0.1677171 -0.2386806 -0.2277814 0.2983419 -0.4016010 -0.3089242 -0.3409412 -0.2068199 0.1429502 0.0911588 -0.3811223 0.1717246 0.0977305 -0.1077254 -0.2472264 -0.3995091 -0.0204070 -0.0544526 -0.1908676 -0.4501258 -0.5572487 -0.0562658 0.1243781 0.1470885 0.0018312 -0.0584622 0.0172322 -0.1123466 -0.4087530 0.0415890 -0.1401602 -0.0176244 0.0170909 -0.0252359 0.2123211 -0.1813090 -0.2358310 -0.3620650 -0.3916267 -0.4612008 -0.3852096 -0.2727137 -0.2991517 -0.4176897 -0.5183762 0.3424558 -0.0040531 -0.3280584 -0.2868011 -0.5286714 0.2791268 -0.1642492 -0.2342623 -0.2039304 -0.0076825 -0.5495958 0.1833902 -0.0003347 0.1479592 -0.3764343 0.0218173 -0.2052072 0.0710428 -0.0945383 0.2104908 -0.0496581 0.3102090 -0.1350101 0.2377892 -0.3101122 -0.4538167 -0.0801468 0.2251547 0.4622794 0.3032719 -0.3668353 -0.0466967 -0.2083309 0.5078219 0.0238394 -0.0986394 0.4602999 0.3412103 0.0725503 0.0976471 0.3791693 0.0621706 -0.1334055 0.6641295 0.3936159 -0.4462118 -0.4800606 -0.2391724 -0.2908018 -0.5116264 -0.0687821 -0.2996005 0.0970786 -0.1229783 -0.1548963 -0.0812461 0.0674080 0.2683289 0.1235179 -0.2841668 -0.1078717 -0.4470444 -0.2718842 0.1975257 0.0153808 -0.3291594 -0.1548479 -0.1173754 0.0915635 -0.2190085 0.1126863 0.2016153 -0.1115503 0.0352964 0.0766225 0.3309753 0.0291442 -0.2337389 0.2014300 0.2519844 -0.0493862 0.0566337 -0.4973419 -0.0397330 -0.1657624 0.0793788 0.3018240 0.2921292 0.0415620 0.1579167 -0.2857462 0.2911012 -0.0339335 -0.0510788 0.6530116 0.2047784
-0.2285431 0.0878792 -0.4240061 0.0626642 -0.3556028 0.2763944 0.3312908 -0.1457911 0.6235477 0.3714517 -0.4102790 0.5064185 -0.1108933 0.1833639 0.0000000 -0.3350485 -0.2014345 0.6024036 -0.1788510 -0.1462265 0.3279768 -0.0091375 -0.4011913 0.6053954 -0.2130583 -0.4363073 0.0919660 0.2452553 0.6258175 0.0227112 -0.3689321 -0.2677369 0.5136664 0.5635423 -0.3897649 0.1970346 -0.1719921 -0.2578478 -0.3273888 -0.6710549 -0.4266451 0.1845464 -0.3608057 0.2755769 0.4437259 -0.0983960 -0.1971507 -0.2163968 0.4901593 -0.3225380 -0.3962101 -0.5659975 0.5215028 -0.4836140 -0.3152409 -0.1788767 -0.2107862 -0.0706383 -0.2889715 -0.3975454 0.4073160 -0.5541088 -0.0858513 0.0249675 0.3165560 -0.3566467 -0.3311999 -0.5214730 -0.1680272 -0.2081922 -0.2416468 0.2792348 -0.3437182 0.2475302 -0.0636832 -0.0478206 0.2600402 -0.0925251 -0.1480545 0.3259268 -0.1088552 -0.0980317 -0.3075029 -0.1260571 0.1413924 -0.5859478 -0.4637350 -0.1387141 -0.5509023 -0.1981121 -0.3915847 -0.4106085 -0.2146718 -0.0054609 -0.8176129 -0.2464478 -0.2739098 -0.1237616 -0.5040205 -0.3242083 -0.3633494 -0.4870854 -0.1125939 -0.3382100 -0.0800648 -0.0560773 -0.4306699 -0.2241894 -0.5380154 -0.0274375 -0.5528887 -0.0128586 -0.2076591 -0.1609146 -0.1653798 -0.3269556 -0.2595385 0.0735761 -0.0355884 -0.0804401 -0.1927115 -0.3867562 -0.0744162 0.0957385 -0.3481842 0.0329144 0.0213794 -0.0596010 -0.1689627 0.3155796 -0.1043171 0.0400292 -0.0904851 -0.0081423 0.0390092 -0.3150141 0.1731212 -0.2518181 0.0443718 0.3278514 0.1298078 0.1786817 0.3746800 0.2232297 0.0148102 -0.0033726 0.2375282 0.1814880 0.3186365 0.2150632 0.3430395 0.0964723 -0.0423733 0.0639262 0.1587685 0.4201446 0.3904511 -0.1037885 0.3599683 0.3302759 -0.0102490 -0.0089057 0.1437187 0.3520907 -0.1635826 0.1955811 0.0769508 0.3288324 -0.1529559 0.0437915 -0.2153743 0.0525383 -0.0801950 -0.0825460 -0.0822767 -0.0603484 0.0676438 -0.1679746 0.0369590 -0.0294679 -0.1937079 -0.0234969 -0.2706161 -0.1616141 -0.2496461 0.2922261 -0.2772678 0.1425914 0.2920114 0.2916383 0.1546211 0.0305619 -0.3610766 0.0340840 0.0232374 -0.0000235 0.4653158 0.0859619 0.1404145 0.1680588 -0.5651365 -0.3253723 -0.1458995 0.0681650 -0.0363748 -0.0570220 0.1586408 0.1469664 0.0198503 -0.0642594 -0.3269699 0.3623203 -0.0904127 0.6567827 0.7133269 -0.1387523 -0.1020310 -0.5803869
-0.2721420 0.0326160 0.3687786 0.5549708 0.2607793 -0.1320560 0.1019998 0.8327338 -0.1160228 -0.0700696 0.9148887 -0.2083702 0.7035960 -0.3401683 -0.3350485 0.0000000 0.5057203 -0.5556807 0.8915880 0.1165318 -0.1307610 0.7371459 0.8745714 -0.5117655 0.8879557 0.9446418 -0.0419590 -0.7344724 -0.4506435 0.0019877 0.6235703 0.5582096 -0.5165463 -0.3655563 0.8639827 0.1201378 0.7011296 0.5252277 0.7530259 0.6499467 0.3508498 0.1596544 0.7501697 -0.2037729 0.0077003 0.5467533 0.7922594 0.0030041 -0.3131953 0.3418663 0.7557986 0.7715004 -0.1059207 0.8052497 -0.0412098 0.5140347 0.7140018 0.4947097 -0.2276935 0.7006020 0.1834528 0.6896591 0.1946022 0.5710459 0.3753480 0.1736242 0.8573337 0.7237309 0.6898225 0.7562932 0.6423088 0.3161467 0.7738201 0.4125843 0.5676634 0.5171038 0.3494808 0.3573497 0.5973949 0.2594220 -0.0895903 -0.2843362 -0.0596917 0.1310290 0.2962208 0.2803493 0.5254347 -0.0991279 0.4198935 0.1491963 -0.0180382 -0.0885636 -0.1657024 0.1500457 0.4559294 -0.1692673 -0.1044249 -0.1475618 0.3748017 -0.3267176 0.2339684 0.3447058 -0.1857989 0.0976871 -0.2300863 0.0669223 0.5720705 0.0665638 0.4779879 0.3128854 0.3456478 0.3929171 0.3805678 -0.0721579 0.0434753 0.3605557 0.1133495 0.3724119 0.2699878 0.5746908 0.3632577 0.2739854 -0.0805105 0.5303933 0.6789937 0.4742548 0.4459127 -0.0409195 0.5915133 0.2083542 0.3812650 -0.0665415 0.3780437 0.1807432 -0.1583988 0.0194778 -0.0932597 0.1287170 -0.0334587 0.1009180 -0.5280027 -0.0173081 -0.1603037 0.0162620 0.0028316 -0.1054797 -0.3981815 -0.2474546 -0.4555699 -0.2634470 -0.2812362 0.0975770 -0.3877531 -0.2795720 -0.4148473 -0.2676620 -0.6301143 -0.1526211 -0.2647445 -0.1598531 -0.2540161 -0.0148347 0.3073050 -0.2710378 -0.2766998 -0.1758701 -0.1290002 -0.5054903 -0.1402039 -0.1508387 -0.2656357 -0.2524564 0.1826876 0.4576382 0.4782717 0.3476316 0.1290173 -0.1807835 -0.0405971 -0.0182874 -0.2672354 -0.2508070 -0.0629727 -0.1993796 -0.1816605 0.3403990 0.0184752 0.4400324 0.2244321 0.0493746 0.4125745 0.2488055 0.2500483 0.3943533 0.4992789 0.4724093 0.2680890 0.3206320 0.3232773 0.4848634 0.0398393 0.2796690 0.3528255 0.4801580 -0.2363597 -0.4528200 0.0255110 0.3425746 0.0260668 -0.0408252 0.4628470 0.3898203 -0.5596331 -0.0437793 -0.1622251 -0.2084509 0.1813927 -0.1223763
0.1491647 0.0155451 -0.0153231 0.2655302 0.1480802 -0.0188299 -0.0082312 0.3181704 -0.0532182 0.2472205 0.6911372 -0.4881543 0.1829396 0.4860501 -0.2014345 0.5057203 0.0000000 -0.1030411 0.2628290 -0.3835964 -0.2473938 0.3758128 0.6589470 -0.3388872 0.2940655 0.4028721 0.4598218 -0.2764506 -0.3663459 0.6432868 0.0968080 -0.1182898 -0.5537637 -0.4261182 0.2894482 0.1438747 0.0865239 -0.1206540 0.6407683 0.2157434 -0.2665007 0.3554102 0.4752114 -0.3828760 -0.2677603 -0.0435381 0.2555291 -0.5532103 -0.5111394 -0.3868287 0.3503371 0.5393711 -0.4285706 0.4351718 -0.5092031 -0.1064137 0.1596967 0.2742780 -0.0101893 0.3360847 0.0477360 0.4904580 -0.1490986 0.2431318 -0.0420681 0.0191222 0.3500614 0.2372929 0.1472949 0.2484722 0.3179909 -0.0229469 0.1587455 -0.1145437 0.2792603 -0.1823970 -0.1942795 0.3516148 0.0058096 -0.2655372 0.3343694 -0.6430680 -0.1186509 -0.1425351 0.1682403 0.4413917 0.5221946 -0.3138912 0.4360504 0.1496978 -0.0026577 -0.1700146 -0.4770211 0.0552067 0.3430592 -0.3108209 -0.5273276 -0.7550839 0.1857530 -0.0942655 0.3582240 0.2081560 -0.0572171 0.1589505 -0.3379270 -0.1591398 0.4362588 0.0231958 0.4400867 0.2091384 0.2663226 0.4878743 0.1159389 -0.3102592 -0.3269836 -0.0684078 -0.3332134 -0.0293992 -0.0096483 0.2682301 -0.0062091 -0.0974217 0.0192009 0.4376379 0.4369548 0.3071324 -0.0623939 0.1423280 0.5121214 -0.1452626 0.1322441 -0.2046347 -0.2726459 0.4589418 -0.2002796 0.1573263 -0.5012273 0.1883409 -0.1704992 -0.0205197 -0.5661800 -0.0686168 -0.2004507 0.4335362 0.0651009 -0.1055133 -0.6195838 -0.6738925 -0.4018539 -0.0751262 0.2120193 0.4967567 -0.5608954 -0.4577958 -0.4190175 0.2912683 -0.5529096 -0.0803631 0.0102598 0.0536239 -0.2333354 -0.1788227 0.4249307 -0.3674546 -0.4155707 0.4433221 0.0943661 -0.8658330 -0.6004731 -0.5455801 -0.6165049 -0.7364007 0.2379186 0.2515430 0.6161360 0.4005345 0.1184430 -0.1234235 0.1044988 0.1983038 0.0807424 -0.4758648 -0.1122380 -0.6582583 -0.2876557 0.3401093 0.3730272 0.1285920 -0.0516362 -0.0882819 0.5516325 0.1106137 0.5461004 0.6231785 0.4752143 0.6132462 0.3376918 0.6901645 0.3249976 0.3422771 0.3177609 0.5239905 0.0884283 0.5642482 -0.6725563 -0.2196046 -0.0283895 0.3434199 0.1567398 0.4574479 0.2387530 0.3439001 -0.5498431 0.1228465 -0.3496515 -0.1219618 0.7839367 0.2377296
