0.0000000 0.4354097 0.5130302 0.0887211 0.3569585 0.3433437 -0.2728272 0.0670043 0.0746120 0.5855731 0.4269760 0.3969715 0.2133532 0.4948115 -0.3303103 0.2972592 0.4592557 -0.4414203 0.0569912 0.1758838 0.1833369 -0.1226736 0.4530759 0.1512881 -0.1221792 0.2137114 0.1396750 -0.2696339 -0.2941706 -0.1537842 0.1275482 -0.0212590 0.3220964 0.4623479 0.3576885 -0.0288726 -0.0045517 -0.0767160 0.3749174 0.0491922 -0.1366133 -0.3430018 0.3736582 0.3988616 -0.1686846 -0.1615506 -0.0465786 -0.0466455 0.2594748 0.1107094 0.0753599 0.2144654 0.2569076 0.3197439 0.0718980 -0.1874588 -0.1805016 0.2969265 0.0780379 -0.0306157 0.0763393 -0.1073231 0.1673834 -0.0519409 -0.1354982 -0.1650459 -0.2522970 0.1024453 -0.1358951 0.0984131 -0.3205802 0.2214257 -0.1835686 -0.0276237 -0.2137824 -0.1308767 -0.0614233 -0.5373706 -0.2779747 -0.3553335 -0.3959304 0.3659270 0.0995843 -0.0091478 0.2040513 -0.3190451 -0.2735430 0.4889463 -0.4189678 0.0335354 0.1580000 0.1016503 0.3175057 0.1467944 -0.1227372 0.0266311 0.1142469 0.4638079 -0.2234726 -0.1499803 -0.2818249 -0.2253458 -0.0725565 0.0433128 0.0300159 0.0866694 0.0354006 0.2386260 0.1874768 0.2387170 -0.0570555 0.4376846 0.5442587 0.4201237 0.3356171 0.3202371 0.2939777 0.2111718 0.2601623 0.4226616 0.3475424 0.3438242 0.3380603 0.4887088 0.4781356 0.2668120 0.1645179 0.3508587 0.3632250 0.2777175 0.2562480 0.2833451 0.2610578 0.4215845 -0.0562510 0.1846638 0.1088220 0.0646600 0.0265512 -0.0713279 -0.0557938 0.0096840 -0.1550742 0.1102821 0.3359610 0.0394717 -0.0273465 0.1063588 -0.2558159 -0.1790300 -0.5643567 -0.1102810 -0.0381510 -0.0773616 0.0712488 -0.0791498 -0.3813674 0.0699394 -0.5271161 -0.5236858 0.0865940 -0.0778200 -0.0609455 -0.3164712 -0.1018772 -0.1827969 0.1655754 -0.3505283 -0.4992916 -0.3101807 -0.1827336 -0.4226079 0.2627353 -0.4528673 0.0929870 0.5999712 0.5874398 0.6402197 0.0487591 -0.1140474 0.0297923 -0.1302347 -0.2276499 -0.3193236 -0.0071306 -0.4621095 -0.0694087 -0.3891674 0.0897370 0.2070872 0.4193763 -0.2838191 0.0247661 -0.0304411 0.2154438 -0.3705551 -0.3700301 0.2722367 -0.2483689 -0.1062571 -0.1080528 -0.0611022 -0.0434705 -0.1956993 0.6393133 0.0496590 -0.2813112 -0.1294096 -0.2062702 -0.3878859 -0.1366572 -0.1258031 0.3874665 0.0411251 -0.1038109 -0.4363728 0.5550102 0.5890340
0.4354097 0.0000000 0.7855608 0.7316011 0.7720382 0.8894981 0.6018450 0.7416212 -0.0390916 0.4869636 0.7404510 0.3506217 0.6898823 0.1604398 -0.5839655 0.5667219 0.5059861 -0.2999927 0.3748433 0.6310867 0.4879208 0.2851375 0.5741734 -0.1582418 0.2092050 0.4245593 0.3167299 -0.3993441 -0.2232081 0.0404005 0.5007230 0.2389288 0.0311164 0.3154787 0.3784094 0.4246535 0.1160685 0.3275263 0.3968974 -0.0527313 0.2061874 0.2794762 0.4336551 -0.0086851 0.1744050 0.1254233 0.1044225 0.2999176 -0.0609696 0.3558781 0.1513152 0.3877723 0.0902695 0.3962650 0.5237543 0.0736761 0.0479758 0.1285864 0.6741454 0.1395190 0.4808395 0.2535615 0.5155415 -0.0364694 -0.1802664 0.0845427 0.2373019 0.5465863 0.1714025 0.4068070 0.2250092 0.0489010 0.3959236 0.1270170 0.0563194 0.3499892 0.2881740 0.1345396 0.2963047 0.1832340 0.0271478 0.5815748 0.3568896 0.5588935 0.5945742 0.3724607 0.0923676 0.4094389 0.3570522 0.5719217 0.0033606 -0.0260943 -0.1300622 0.6886300 0.2468864 -0.1965626 -0.1187437 -0.0320834 0.1034154 0.5468984 0.0964440 -0.1002633 0.2335631 0.6440049 0.1123301 -0.0821950 0.3879772 0.1785332 0.0989954 0.1589335 0.2238425 0.4762688 0.0870612 -0.0260594 0.2581450 0.1589233 0.0718994 0.4408201 0.1354590 0.2596747 -0.0870422 -0.1695165 0.3617071 -0.0006426 0.3579503 0.0602146 0.1979133 0.4859814 0.2900446 0.3412380 0.3373608 0.5356920 0.2736545 0.4955759 0.4340580 0.3764356 0.4153337 0.0837540 0.3952114 -0.2193639 0.2380930 0.0822436 0.1320422 0.6577294 0.5700674 0.0888977 0.1815123 0.2207779 0.3138963 -0.0164981 -0.2287546 0.4772468 -0.0946974 0.2632520 0.0063924 0.5002410 -0.1728810 0.2702853 -0.0577671 -0.4601495 0.0570355 -0.1246793 0.1586874 -0.2669890 -0.0524252 0.3983015 0.2791565 0.1440735 0.0068311 -0.1069243 0.2410914 0.0650022 0.8290116 -0.5531123 0.5650853 0.1101689 0.3417394 0.0571376 0.5064021 0.5189469 0.1492384 0.6623990 0.6590254 0.5138383 0.6594220 0.0552193 0.3332772 0.1890739 0.3439196 0.3639566 0.3093424 -0.0588205 -0.5634525 0.0482207 -0.0210665 -0.3721990 -0.6767584 -0.3605485 -0.0838050 -0.1338634 -0.4537026 -0.3164686 -0.6733585 -0.6577228 0.2853983 0.0585957 -0.5586264 -0.6487031 -0.3120857 -0.4123109 -0.7466281 -0.7296783 0.2633540 -0.2424420 -0.5743635 -0.4945403 0.6264590 0.5520289
0.5130302 0.7855608 0.0000000 0.5545463 0.9345043 0.8164444 0.4538717 0.6694539 -0.0040968 0.3404217 0.6246758 0.1861738 0.7779359 0.1650098 -0.1693536 0.6851927 0.5962145 -0.2911755 0.3176933 0.8314937 0.5446325 0.3699516 0.7272747 -0.5100841 0.1055490 0.4231982 0.4159281 -0.4780613 0.1509704 0.0581127 0.6934028 0.1757776 -0.3629621 -0.0110581 0.3177637 0.2768288 0.0258271 0.2551198 0.2417491 -0.0585947 0.3297426 0.2967924 0.3261628 -0.2707481 0.2405447 0.0280248 0.0528126 0.3267268 -0.3920538 0.3544276 0.0680571 0.3768122 -0.1882515 0.3228712 0.5005710 0.0448352 0.0278263 0.0903026 0.4708698 0.0213290 0.4220588 0.1713275 0.5116253 0.0684536 -0.3327985 0.1046080 0.1517377 0.6682358 0.0839064 0.6606059 0.2565441 0.0262165 0.4748085 0.3334040 0.0645352 0.6141398 0.6092036 0.2991508 0.5651546 0.4119866 0.3225623 0.5117324 0.0162378 0.1015600 0.1996182 0.0180319 -0.0953789 0.2427854 0.0448498 0.2924653 0.2561620 0.1455752 -0.0344671 0.2663260 0.0534322 -0.0003974 0.0513943 0.0742447 -0.0871592 0.0863179 -0.1122059 -0.2994519 -0.0315014 0.3172297 0.2307859 0.0452202 0.0998602 0.1038549 0.3620928 0.0245559 0.1747947 0.4404848 0.0860905 0.0202426 0.0818132 0.0642731 0.0437648 0.1797491 0.1277105 0.0915597 0.0872365 0.0698468 0.6209051 0.1148190 0.1929984 0.0447546 0.4228780 0.5985310 0.2306838 0.4541447 0.4428392 0.6307088 0.4385507 0.6629388 0.5117031 0.5605866 0.4306123 0.0536572 0.4955014 0.0128558 0.4266448 0.2791376 0.2237478 0.7250933 0.6074232 0.1967143 0.4100311 0.4509802 0.3662400 0.2391789 0.0780240 0.5780453 0.2059700 0.3902531 0.3522074 0.3607909 0.0145934 0.3991960 -0.0746666 -0.1279970 0.2919597 0.0299041 0.1282512 -0.0422561 0.2432270 0.3239525 0.3927547 0.2248635 0.0554970 -0.0164552 0.2970345 0.1569173 0.6486787 -0.3180689 0.6079732 0.0314029 0.1998450 0.2349907 0.3042084 0.4639130 0.2379960 0.2344034 0.2863313 0.0980118 0.3827332 0.1366237 0.3426623 0.3217884 0.5233438 0.6631957 0.1072891 0.2294406 -0.3472398 -0.2467156 -0.1947716 -0.6263622 -0.5560598 -0.1371977 0.2764363 0.0576029 0.0461499 -0.0019174 -0.3621483 -0.5154829 0.4289092 0.4052702 -0.2885306 -0.1720978 0.1320868 -0.0732433 -0.4404530 -0.5971746 0.5338802 0.1800649 -0.0589180 0.0172617 0.5824317 0.8485788
0.0887211 0.7316011 0.5545463 0.0000000 0.5246938 0.7092753 0.8115209 0.9119813 0.3620561 0.3236860 0.6888285 0.2700473 0.5915908 0.2244483 -0.2156328 0.6034535 0.5335571 -0.0587407 0.5050398 0.4241575 0.5021969 0.5825782 0.5402777 -0.0945309 0.6000553 0.6018123 0.2914235 -0.4066876 0.2580652 -0.0148900 0.4742145 0.5778581 -0.0073509 0.3966031 0.5064030 0.0896448 0.4303985 0.5930872 0.4380564 -0.0669611 0.5858500 0.0573507 0.5596250 0.0036862 0.0947316 0.3339906 0.2826596 0.5688829 -0.0077619 0.4999834 0.3562305 0.6259408 0.2491019 0.5284602 0.5648059 0.3141338 0.2845378 0.0697594 0.5734750 0.4160998 0.1061376 0.5794278 0.5069984 0.1354560 0.2364459 0.4387275 0.4985011 0.5749497 0.4355218 0.3473244 0.4947115 0.3132331 0.5152817 0.3487459 0.2887685 0.3618610 0.3020513 0.3563466 0.3727670 0.1991977 0.0034120 0.1995655 0.3521562 0.4946816 0.5540195 0.4934698 0.0597242 0.3190925 0.5825305 0.8062990 0.2007896 0.0368936 0.0637242 0.5086225 0.1740845 -0.1050637 0.0847298 0.1654532 -0.0029321 0.4444159 0.4651336 0.2910169 0.3366308 0.4571633 0.2877096 -0.1323960 0.5582535 0.2741037 0.3664448 0.3060980 0.3643574 0.6740037 0.0868524 0.0420432 0.3663151 0.3491777 0.2792484 0.5794397 0.3638490 0.5216319 0.1337928 -0.0298464 0.2262818 0.1875060 0.5139050 0.4037751 0.4554402 0.5931017 0.5659584 0.5573119 0.5792551 0.4752777 0.5525014 0.6511103 0.3628636 0.5223706 0.7350817 0.4587975 0.6892805 0.0194188 0.3979158 0.4344690 0.2254611 0.5843476 0.6834900 0.3282464 0.3267946 0.3273316 0.4938724 0.2502905 0.0176601 0.4685387 0.0783583 0.4366774 0.0200265 0.3523833 0.1968690 0.4169204 0.2862230 -0.1082545 0.0873123 0.0970011 -0.0924827 0.2152754 0.0388969 0.4569391 0.3627258 0.4919083 0.4900082 0.2355897 0.4381768 0.4016541 0.6873092 -0.3589725 0.4029803 0.2807609 0.5201779 0.0989363 0.5360242 0.3182422 -0.1643726 0.4484227 0.4668516 0.3130467 0.3557454 0.0283093 -0.0055877 0.0169837 0.1668102 0.3012427 0.3133034 0.1451242 -0.0815099 -0.1559153 0.0821999 -0.1896203 -0.2301755 -0.0128795 0.0179818 0.3300968 -0.2760205 -0.3708044 -0.3319520 -0.1579365 0.0379680 0.0834843 -0.2180697 -0.2699984 -0.2510117 -0.1153078 -0.4297783 -0.2959155 0.1567526 -0.2814750 -0.4942328 -0.1520249 0.6533428 0.5169700
0.3569585 0.7720382 0.9345043 0.5246938 0.0000000 0.8343240 0.4551407 0.6619070 -0.0505915 0.2606581 0.5850361 0.0950591 0.8652391 0.0389779 -0.2800296 0.6570216 0.5551656 -0.3475879 0.3169370 0.9273140 0.3861652 0.4216923 0.6876654 -0.6370989 0.0846962 0.3730618 0.4126901 -0.5363678 0.0144789 0.0215695 0.7915256 0.1027675 -0.4929283 -0.0101295 0.2483222 0.3822682 -0.0532902 0.2141203 0.1890765 -0.1729688 0.3226611 0.4111356 0.2632753 -0.4479548 0.4344052 0.0380958 0.0397391 0.2271264 -0.5253751 0.2416873 0.0289686 0.2775416 -0.2879770 0.2004366 0.4938986 0.0856923 0.0367720 0.0187413 0.4157737 -0.0376012 0.5782823 0.1856351 0.6687919 0.0064691 -0.4520533 0.1050719 0.2122143 0.7047558 0.1651698 0.7022396 0.3164486 -0.1591495 0.5469419 0.2003148 0.1260515 0.6886566 0.6124507 0.4251100 0.6099810 0.4490854 0.4263264 0.5812969 0.2052750 0.3135332 0.3564450 0.2568582 0.1342928 0.0961955 0.2790578 0.3354246 0.2987862 0.1623568 0.0106848 0.3964660 0.2767345 0.1030286 0.0282066 0.0543384 0.1485611 0.2943028 0.0221652 -0.2312397 0.1840771 0.5400520 0.2981982 0.1880159 0.2747016 0.2155185 0.2865077 0.0693800 0.3477900 0.4000788 0.0982807 0.0516293 0.1449690 0.1051815 0.0713227 0.2858337 0.1853790 0.0024535 0.0745370 0.0779213 0.5455876 0.0903605 0.1079578 -0.1097898 0.3939323 0.5415647 0.1416933 0.4368394 0.4376368 0.7238794 0.3798018 0.5963734 0.5716034 0.5513984 0.4068038 0.0278727 0.4764720 -0.1478931 0.4175909 0.1691485 0.1724355 0.7338253 0.5532389 0.2131955 0.4288850 0.4401095 0.3466231 0.2039032 0.0709457 0.5433047 0.1361386 0.3785799 0.3396637 0.3908312 -0.0289573 0.3902358 -0.1000929 -0.2022876 0.2745318 -0.0606416 0.0826786 -0.1042317 0.2122568 0.4154609 0.3897180 0.2158249 0.0641281 -0.0592046 0.3017168 0.1346218 0.6451878 -0.3193871 0.5702130 -0.1017229 0.0762949 0.0243350 0.2228255 0.3854264 0.1345836 0.3200380 0.4255588 0.2743314 0.5231415 0.2845520 0.4256393 0.3871062 0.4607443 0.6122255 -0.0437202 0.2147119 -0.4275307 -0.2292798 -0.4322257 -0.5942660 -0.6316530 -0.2634753 0.2512710 0.0056411 0.0157041 -0.0237716 -0.3251245 -0.4943727 0.4631807 0.3911151 -0.3552495 -0.2501239 0.1326909 -0.1853641 -0.5305295 -0.7326682 0.4497524 0.1412599 -0.1808485 0.0338678 0.4800519 0.6836882
0.3433437 0.8894981 0.8164444 0.7092753 0.8343240 0.0000000 0.6383402 0.7238561 -0.1856252 0.3874226 0.8290437 0.0677162 0.8366932 0.1227119 -0.5474533 0.6714012 0.6932414 -0.4686778 0.4288328 0.7853186 0.4130200 0.4455912 0.7231169 -0.4890410 0.2392051 0.5314513 0.4345146 -0.5670036 -0.1227107 0.0204756 0.6900738 0.2806245 -0.2812153 0.0651141 0.5251079 0.5062791 0.2223418 0.3903369 0.4433719 -0.0211324 0.4055472 0.4493536 0.5672057 -0.2361363 0.3763208 0.2324922 0.1930708 0.3752536 -0.3180658 0.4205135 0.2402489 0.5284587 -0.1240105 0.4011958 0.6239025 0.2246051 0.1991391 0.1096674 0.5434964 0.2534009 0.6507503 0.3751016 0.6611493 -0.0526296 -0.2822413 0.2419850 0.3730681 0.6992619 0.3104931 0.5536184 0.4147547 -0.0915220 0.5772587 0.1252675 0.2470675 0.5450228 0.5258745 0.4154900 0.5082120 0.3898541 0.2557004 0.6998431 0.2253111 0.4315946 0.4749684 0.2557672 0.2055504 0.0230820 0.3279466 0.3743517 0.2947815 0.2064454 -0.1429523 0.4070357 0.3546976 0.0482890 0.0770097 -0.0700741 0.1643085 0.4997294 0.1865691 -0.0796636 0.1995334 0.5614993 0.3805200 0.1519205 0.2845753 0.1992314 0.3291744 0.0749723 0.4526906 0.4663963 0.1932246 0.0321217 0.2453960 0.1428193 0.0625430 0.3606631 0.1401387 0.2002317 0.0604439 0.0425814 0.4673539 0.0537297 0.3517992 0.0507308 0.3058648 0.5078585 0.4054620 0.4790894 0.5116086 0.6225587 0.3278880 0.4892218 0.5935151 0.4638877 0.5648778 0.3598614 0.6157209 -0.2637880 0.3984558 0.2535519 0.3848506 0.6192099 0.5817050 0.3463987 0.3594508 0.3659926 0.5141750 0.1562373 -0.1137519 0.5806441 0.1510025 0.4706021 0.1563865 0.6380027 0.1037472 0.4806607 0.1869451 -0.3356879 0.2246541 0.0718123 0.2913063 0.0033023 0.1631022 0.6609885 0.5930369 0.4000711 0.2407315 0.1292097 0.4969156 0.2809453 0.6431204 -0.5133580 0.6890891 -0.0006320 0.2463003 -0.0765920 0.5356817 0.4625055 -0.1349700 0.5779142 0.6490324 0.5239487 0.6853334 0.2507034 0.4641898 0.3741413 0.4573215 0.5322004 0.2283444 0.0911450 -0.4982078 0.1381751 -0.0578837 -0.2289791 -0.6247852 -0.3822296 0.0653997 0.0548701 -0.2250555 -0.1566258 -0.4879705 -0.5595833 0.3373647 0.3347736 -0.3529217 -0.4836865 -0.1495287 -0.3922974 -0.7569836 -0.7707905 0.4070996 -0.0035697 -0.3872039 -0.1901420 0.6828188 0.5829101
-0.2728272 0.6018450 0.4538717 0.8115209 0.4551407 0.6383402 0.0000000 0.7265943 0.1027696 0.1618624 0.4976893 0.2409663 0.4375046 0.0699437 -0.1419705 0.3304651 0.3388709 0.0518555 0.1903649 0.4775577 0.6450927 0.4159112 0.2617893 -0.2772405 0.2912651 0.2735501 0.3055985 -0.1590333 0.3094452 0.2799617 0.3896778 0.2735528 -0.1986333 -0.0519339 0.1791244 0.4052369 0.1603775 0.3730874 0.3154342 0.1027701 0.4462565 0.3991354 0.2911135 -0.1808950 0.0320528 0.1120698 0.0023768 0.4259418 -0.1626217 0.3197417 0.0455285 0.4635743 0.1345589 0.3763543 0.4173077 0.0877513 0.0708766 0.1008097 0.7057861 0.1779244 0.2651911 0.3212662 0.1975143 0.3174633 0.2239372 0.1736594 0.3359997 0.4671997 0.1256676 0.3983638 0.4329041 0.2663543 0.4613779 0.4280907 0.1119358 0.4333888 0.4997023 0.5552966 0.6754478 0.6242230 0.4430634 0.2828641 -0.0236823 0.2816131 0.1931338 0.4430781 0.2012411 -0.0536376 0.5961995 0.5175743 -0.0036687 -0.0971762 -0.4443506 0.3142124 0.2751294 -0.2398312 -0.1840655 -0.3716064 0.2044337 0.4259519 0.2977314 0.1088730 0.0067372 0.3040058 0.0545759 -0.1946468 0.1544327 -0.2245221 0.0874401 -0.2332792 0.1879183 0.1838462 -0.3892932 -0.4914406 -0.1786432 -0.2094545 -0.2788190 0.1141130 -0.1673416 0.0638003 -0.2927398 -0.4147258 0.0378173 -0.3670112 0.1917774 0.2877255 0.1423410 0.1890161 0.3738782 0.2345854 0.3398897 0.1392573 0.1787534 0.2403914 0.3118366 0.1804394 0.5186645 0.3575451 0.5069574 0.0557225 0.2011865 0.3921946 0.2583327 0.4559223 0.2851532 0.0361306 0.1675529 0.0910899 0.5223031 0.2433836 0.3064430 0.4763767 0.1181241 0.2927364 -0.1267753 0.5096748 0.4023213 0.1812143 0.5846713 0.1600609 -0.0995960 0.1259934 0.1378993 0.2722627 0.0502649 0.4918463 0.1827202 0.5561329 0.6029342 0.2884073 0.4180395 0.4645542 0.6508243 -0.0557548 0.6193853 -0.1310536 0.1404687 -0.1947241 0.6611654 0.6297954 0.0352824 0.5874284 0.6397519 0.4897653 0.4366426 0.4081827 0.3143040 0.4621600 0.4131493 0.4466487 0.1460760 0.4835254 -0.2106071 -0.0100296 0.1139422 0.0075422 -0.1707237 -0.2456936 0.3546353 0.3356409 -0.2210115 -0.0488090 -0.4209981 -0.2246862 -0.1643980 0.3223179 -0.0070925 -0.2589715 -0.2387826 0.1857590 -0.5592063 -0.4000967 0.2133006 -0.0680416 -0.2194293 0.0819115 0.3371951 0.2975958
0.0670043 0.7416212 0.6694539 0.9119813 0.6619070 0.7238561 0.7265943 0.0000000 0.2273480 0.1276104 0.6304446 0.0499041 0.7845816 -0.0166129 -0.1478844 0.7814956 0.4920729 -0.0384800 0.7110943 0.5689908 0.4430869 0.7380773 0.6898669 -0.3155002 0.7131317 0.7446957 0.2700596 -0.5591823 0.2893689 -0.1407672 0.6782674 0.7020457 -0.2549275 0.1980204 0.5383281 0.1049670 0.5236133 0.7501628 0.2000038 -0.2693345 0.6920042 0.2709381 0.4689242 -0.2832621 0.3547805 0.5218002 0.4878093 0.7101573 -0.3035419 0.6593073 0.4797772 0.5240114 -0.1075869 0.3888492 0.7607197 0.5065550 0.4826550 -0.1384003 0.5539581 0.4827529 0.2197982 0.6912920 0.6273403 -0.0741526 -0.1096585 0.5971761 0.6704967 0.7569652 0.5537906 0.4968941 0.6973998 0.0519103 0.7601753 0.2881477 0.4706539 0.5822188 0.4204879 0.5325842 0.4828974 0.2614279 0.0555552 0.0841030 0.3136446 0.4573887 0.5504591 0.3838957 -0.1323141 0.3427110 0.4611869 0.7259922 0.1192289 -0.0235584 0.0486845 0.4805318 0.0269057 -0.1709364 0.0133556 0.1394365 -0.1640396 0.3821894 0.2888966 0.0228264 0.3053007 0.4678956 0.2665236 -0.2048063 0.5468762 0.3353011 0.3720183 0.4092818 0.2554564 0.7215557 0.0703154 0.0984483 0.4088573 0.3834719 0.3417582 0.6101277 0.4467976 0.4241917 0.1039436 -0.0180907 0.2946191 0.2038262 0.2759940 0.1722721 0.4643536 0.6219423 0.3303832 0.4627039 0.4534573 0.5762843 0.4984479 0.7062855 0.4608454 0.6213764 0.6037505 0.2745900 0.6663854 0.0290651 0.5183141 0.3244231 0.2420514 0.7122142 0.7262963 0.3553101 0.4315201 0.4593621 0.4987549 0.3016431 0.1525317 0.6171276 0.0732035 0.4593161 0.1991191 0.2764705 0.1068835 0.4729578 0.1189848 -0.0453585 0.1933076 0.0279483 -0.0859787 0.1483061 0.1242554 0.3933128 0.3400511 0.3989045 0.3702058 0.1576508 0.3930203 0.3769234 0.5809597 -0.3181205 0.5181480 0.1760473 0.3763810 0.1190658 0.4928851 0.4604453 0.0137061 0.4289876 0.4767937 0.3414301 0.4519325 0.0467318 0.1458147 0.1657370 0.2558680 0.3352396 0.2963110 0.0939059 -0.2601989 -0.1572470 -0.0764176 -0.2994764 -0.2165742 -0.1705884 0.0197826 0.3105196 -0.1746427 -0.3869186 -0.4488343 -0.3381439 -0.0929583 -0.0026219 -0.2354858 -0.3157692 -0.0064179 -0.1359875 -0.4183429 -0.3750386 -0.0109448 -0.3386651 -0.4755012 -0.0650775 0.6577532 0.6438844
0.0746120 -0.0390916 -0.0040968 0.3620561 -0.0505915 -0.1856252 0.1027696 0.2273480 0.0000000 0.4207378 0.0776181 0.4848894 -0.1678210 0.6101464 0.4811662 0.0402484 0.1621934 0.5175220 -0.0823114 -0.2638835 0.0692700 0.0291881 0.0242115 0.4084147 0.2165271 0.0962367 0.2376397 0.2877433 0.3201175 0.2298117 -0.1500395 0.2233552 0.3418904 0.5268851 0.0298368 -0.7048438 0.0431408 -0.0030937 0.3485467 0.2477170 0.1046539 -0.7548662 0.1783582 0.4461156 -0.4994993 -0.1518648 -0.1009708 -0.0158701 0.4645260 -0.0864334 0.0502840 0.3714536 0.5682471 0.5076827 -0.2332244 -0.0976146 -0.1229982 0.3918623 -0.1013526 0.0694041 -0.7082062 0.1530121 0.0279684 0.5490015 0.5609025 0.0309953 -0.0213675 0.0577448 0.0280046 0.1068759 -0.0729603 0.6495020 -0.1274891 0.4516978 -0.1147374 -0.0195043 -0.0676221 -0.1594943 -0.0403656 -0.2601747 -0.2544791 -0.3624914 0.1513314 -0.0087252 0.1727206 0.3061600 -0.1940877 0.4855464 0.2719377 0.5911739 0.0471002 -0.2139368 0.3773062 0.1563626 -0.1918140 -0.1390563 -0.0169431 0.5002554 -0.1614001 -0.1925176 0.3083360 0.3242689 0.1520891 -0.0722012 -0.1227416 -0.2815083 0.4071900 0.1425808 0.0846408 0.2824303 -0.0651816 0.3826414 -0.0249896 0.1204350 0.2187256 0.4312611 0.4031740 0.3340220 0.4522775 0.4929073 0.2700477 0.0535293 -0.1224233 0.3709246 0.3629078 0.5641456 0.3365996 0.3651465 0.3963240 0.3254764 0.3600925 0.0392625 0.5741860 0.5037968 -0.3430304 0.2530363 0.3751484 0.1429362 0.1970820 0.2002874 0.0725142 0.2099927 -0.3437077 -0.0516222 0.2245710 -0.0866779 -0.0726681 -0.0679252 0.0202872 -0.0296554 -0.0233442 -0.2954065 -0.1585943 0.0471088 -0.1744090 -0.5363635 -0.0812849 -0.0977168 -0.0594382 0.0470902 -0.2283828 -0.1737645 -0.7857982 0.0769290 -0.2605734 -0.3052109 -0.2061982 0.1221254 0.2044478 -0.1085325 -0.0706952 0.0707381 0.2951613 0.2805649 -0.4280539 0.5524400 0.5418820 0.5494272 -0.2637308 -0.4129878 0.0282335 -0.4086800 -0.4814747 -0.5421905 -0.6084808 -0.4993113 -0.7703947 -0.6015303 -0.2564649 -0.1077789 -0.0482502 0.0801727 0.6446744 -0.7821083 -0.0347095 -0.3410582 0.1720762 0.7429742 -0.0333501 0.3211176 0.0021053 0.0556217 0.4746375 0.5616122 0.1806977 -0.0291621 0.1841513 0.4439320 -0.1377189 0.3879704 0.4949673 0.4558756 0.0223085 -0.1314733 0.0473539 0.0426593 0.0314275 0.2385142
0.5855731 0.4869636 0.3404217 0.3236860 0.2606581 0.3874226 0.1618624 0.1276104 0.4207378 0.0000000 0.6700721 0.5775977 0.0138503 0.9017745 -0.2807784 0.1560814 0.6336003 0.0782820 -0.2490963 -0.0186443 0.0997303 -0.3865912 0.3042573 0.2921150 -0.2268660 0.1090478 0.6656695 0.2768961 -0.4205339 0.5593067 -0.1729002 -0.0573843 0.4605133 0.4534421 0.3058923 -0.1063179 -0.0802139 -0.2869275 0.8963100 0.6760808 -0.3165042 -0.4108056 0.6001408 0.6422173 -0.4505157 -0.3247883 -0.2326518 -0.3342321 0.5894151 -0.2192443 0.0533251 0.6318187 0.5905390 0.8267298 -0.2593155 -0.3612249 -0.3115595 0.8758489 0.1446330 0.0879674 -0.0333546 -0.0054658 0.0911139 0.5754343 0.2475152 -0.3540168 -0.1701129 0.2343560 -0.2425379 0.3518390 -0.3339426 0.4987929 -0.1834001 0.3012777 -0.3769763 0.0485029 0.1341035 -0.3268388 0.0026108 -0.1465995 -0.2325862 0.4988925 0.0763272 0.0884171 0.2956661 0.1633939 -0.0111259 0.4041609 0.0627739 0.2747661 -0.1046155 -0.2755583 -0.0906944 0.3200407 0.0138922 -0.3097771 -0.2630064 0.1378607 0.0471842 0.0922857 0.0074299 -0.0725761 -0.0672008 0.1639408 -0.2322806 -0.2359343 0.1288218 -0.1156613 -0.1917701 -0.0558985 -0.0130802 0.2046412 0.0165169 -0.0797247 0.1182252 0.1900423 0.0349913 0.1620189 0.0740857 0.2872327 -0.0719865 -0.1810500 0.0026439 0.0649031 0.4056695 0.3674463 -0.1105213 0.2319601 0.4632463 0.1448179 0.2259580 0.0623755 0.2088627 0.2240949 -0.2254050 -0.0336761 0.2105064 0.1543731 0.0485872 -0.4104325 -0.1702995 -0.1405462 -0.3023307 -0.1416763 0.0771646 -0.2712861 -0.3987970 -0.3731368 0.0481301 -0.5308637 -0.6281690 -0.3015553 -0.4062675 -0.0363045 -0.5078580 -0.0896687 -0.4056272 -0.2182259 -0.1352659 -0.6363339 -0.4439579 -0.4263401 -0.3616385 -0.4350386 -0.5337391 -0.0311948 0.0038076 -0.0138253 -0.1669390 -0.4169212 -0.0639171 -0.1831750 0.5970964 -0.0246618 0.0092757 0.4845761 0.5723448 0.4712381 0.0237926 -0.1324001 0.0456915 0.0131030 -0.0296566 -0.0885941 -0.1028089 -0.3960034 -0.2989468 -0.3023238 0.1593116 0.0905859 0.1281355 -0.1270704 0.0501763 -0.2480218 0.1839376 -0.2202488 -0.5342259 0.3158434 -0.2188861 -0.1276079 -0.4922742 0.2433555 0.0576478 -0.0637975 0.6431411 0.2095714 -0.1771079 -0.1272224 -0.5831391 -0.0868053 -0.1549806 -0.2458013 0.4030384 0.0715123 -0.1338494 -0.4495628 0.2564638 0.3136771
0.4269760 0.7404510 0.6246758 0.6888285 0.5850361 0.8290437 0.4976893 0.6304446 0.0776181 0.6700721 0.0000000 0.0592557 0.6150941 0.4848829 -0.4753519 0.7418815 0.9205925 -0.1743969 0.3545856 0.4120211 0.1394487 0.2158316 0.8088889 -0.2423403 0.2855319 0.6783918 0.7262587 -0.3383368 -0.2401560 0.2367915 0.3651408 0.4415037 -0.0745255 0.2178085 0.7867982 0.1523412 0.4453328 0.3066407 0.7892619 0.2908994 0.2263992 0.1285408 0.9062034 0.0740771 0.1830515 0.2603965 0.3313809 0.2124177 0.0172848 0.2784371 0.5361384 0.8501118 0.0978068 0.7590774 0.3790281 0.2025385 0.2817318 0.4590237 0.3797618 0.5629187 0.4286189 0.5595282 0.5437580 0.2073486 -0.0703272 0.2473914 0.4596920 0.7494752 0.2784716 0.6342997 0.3066300 0.1477668 0.4911546 0.3147685 0.1521054 0.5170279 0.5194157 0.2555552 0.3645573 0.1806049 -0.0440506 0.5982441 0.2001519 0.3083885 0.4845243 0.1928239 -0.0293477 0.2015720 0.1926160 0.3390496 0.1284682 -0.0763627 -0.0756824 0.3259683 0.0273001 -0.1862660 -0.0368438 0.1484945 -0.1052850 0.2936838 0.1146737 -0.0903380 0.1078979 0.3649151 0.2148564 -0.1503236 0.3081718 0.1518033 0.2090910 0.1757277 0.3399577 0.5598505 0.1862453 0.0932362 0.3830743 0.3466327 0.1971069 0.4013339 0.2689227 0.3136872 0.0128109 -0.0117477 0.2830095 0.1549156 0.3331984 0.1623618 0.1147815 0.4757735 0.4745297 0.3430290 0.3660073 0.4603136 0.3057576 0.4382215 0.3306046 0.3149922 0.4537069 0.3923282 0.4736427 -0.5240614 0.2385426 0.0188254 0.1240166 0.2571922 0.4412074 0.2262745 0.0146560 0.0496245 0.4474101 -0.2225709 -0.4601956 0.2435913 -0.1981219 0.3554789 -0.1962860 0.2757321 -0.1574328 0.2575436 0.0619796 -0.5696183 -0.0895293 -0.2444386 -0.0911409 -0.1745132 -0.2293698 0.4400921 0.4652715 0.3118911 0.1087994 -0.1352654 0.3101223 0.1467206 0.5395385 -0.2583180 0.4222364 0.3075759 0.4782990 0.2090241 0.3313752 0.1695209 -0.2327257 0.2646373 0.4003131 0.2987015 0.4036161 -0.0256862 0.1143118 0.1208506 0.4384625 0.3657137 0.2729224 -0.0381459 -0.2578808 0.0324483 0.1004214 -0.1498310 -0.5869715 -0.0321652 -0.1216207 0.0459627 -0.4756866 -0.0859647 -0.2575670 -0.3843323 0.4183336 0.2914868 -0.3090901 -0.3033095 -0.3898461 -0.3002093 -0.4805964 -0.5687356 0.3418900 0.0477809 -0.3688899 -0.2410345 0.5962004 0.5305736
0.3969715 0.3506217 0.1861738 0.2700473 0.0950591 0.0677162 0.2409663 0.0499041 0.4848894 0.5775977 0.0592557 0.0000000 -0.2453416 0.5682020 -0.1053770 -0.3118825 -0.0189727 0.0229627 -0.4511306 -0.0380935 0.5943265 -0.3040872 -0.2490280 0.5173841 -0.3285222 -0.3661358 -0.0395017 0.3019346 -0.0581871 0.2505368 -0.2051004 -0.3580921 0.6293419 0.5718935 -0.2998566 0.0651070 -0.4672436 -0.3431841 0.3387397 0.2422730 -0.2809094 -0.4680837 -0.0802628 0.6158756 -0.7250448 -0.6297751 -0.6506715 -0.2281316 0.6013048 -0.2189965 -0.5158750 0.0057606 0.8166617 0.2892418 -0.2929359 -0.6444577 -0.7127235 0.4379043 0.4150245 -0.4866590 -0.2798898 -0.4701285 -0.3177078 0.4794264 0.5039970 -0.5851994 -0.5892096 -0.3040272 -0.5387970 -0.1438090 -0.5467769 0.7138187 -0.5367861 0.2165027 -0.6143658 -0.4059144 -0.2289794 -0.5570273 -0.1319795 -0.1129170 -0.1099949 0.1580205 0.0204043 0.1052158 0.0953231 0.2229456 0.0584718 0.4626237 0.1865402 0.4154603 -0.1962686 -0.2433939 -0.0725767 0.3909133 0.1809741 -0.2680612 -0.3069179 0.0234605 0.2442024 0.0811766 -0.0185987 0.0980708 -0.1209533 0.0734362 -0.4346521 -0.1589928 0.0435616 -0.2528957 -0.2830526 -0.2191034 -0.2842222 0.0255898 -0.1534233 -0.2923138 -0.2145602 -0.1635309 -0.2054271 0.0042930 -0.1815152 0.2848774 -0.1118216 -0.3029472 -0.2093060 -0.0982771 0.4944376 0.6138012 -0.0449014 -0.0369785 0.4301635 0.0681638 0.1889354 -0.2230626 0.1015155 0.1389595 -0.4311451 -0.2014661 0.1315718 0.0142681 -0.1513923 0.2433765 -0.4291295 0.1478541 -0.4361528 0.0060554 -0.0206448 -0.5100632 -0.3241802 -0.3136300 -0.3542031 -0.1659829 -0.1922542 -0.3324629 -0.1522993 -0.3917417 -0.3759580 -0.0852541 -0.1382547 -0.3945956 -0.1134323 -0.1469187 -0.4038264 -0.0881488 -0.2309827 -0.1964924 -0.3362826 -0.3377015 -0.4097446 -0.2538068 -0.1447501 -0.2363435 -0.3229083 -0.3451587 0.6327457 -0.0956931 0.0196397 0.4313394 0.5246960 0.4138440 0.2390302 0.0963566 0.3069935 0.1488736 -0.0532253 -0.1914136 -0.1502061 -0.2582011 -0.1913265 -0.3546497 -0.0358344 0.1165518 0.2741018 0.1599324 0.2512049 -0.2557855 0.3042805 -0.2157139 -0.1138665 0.3367567 0.0556832 0.0677325 -0.2480364 0.0822303 -0.0529234 0.1424193 0.3099730 0.0532485 -0.0534455 -0.1086732 -0.5417777 0.1313799 -0.1770237 0.0782818 0.2941407 -0.1369137 -0.0853700 -0.4083243 0.1504231 0.1902872
0.2133532 0.6898823 0.7779359 0.5915908 0.8652391 0.8366932 0.4375046 0.7845816 -0.1678210 0.0138503 0.6150941 -0.2453416 0.0000000 -0.2010630 -0.3349961 0.8349292 0.5687514 -0.4334407 0.6862563 0.8602719 0.2202859 0.7383263 0.8263122 -0.7082654 0.4782602 0.6916744 0.2760972 -0.8089803 0.0474425 -0.2970101 0.9252413 0.4705581 -0.5927755 -0.0457780 0.5458903 0.3396923 0.3746777 0.6026250 0.0720204 -0.4125172 0.6284264 0.5192090 0.4166126 -0.6073636 0.6958420 0.4780141 0.4607432 0.5547919 -0.6712823 0.5657630 0.4045001 0.3458188 -0.4876684 0.1266928 0.8081667 0.5125149 0.4700482 -0.2621589 0.3719222 0.3349278 0.6266174 0.5545915 0.8367351 -0.3184308 -0.5514386 0.5352483 0.5964857 0.8169346 0.5532899 0.6104357 0.6715507 -0.3463313 0.8195472 0.0455450 0.5214092 0.7148726 0.5594078 0.6110887 0.5405164 0.3615966 0.2702126 0.3833001 0.3060611 0.4269079 0.4927118 0.2053545 0.0314699 -0.0015452 0.2799552 0.3445248 0.3740960 0.2392628 0.1201629 0.3120640 0.2087727 0.1606361 0.1769773 0.1444374 -0.0145017 0.3670329 0.1417869 -0.1541829 0.3286658 0.5353227 0.5010631 0.1948968 0.4297521 0.4571801 0.4764856 0.3559647 0.4554177 0.6265206 0.3208500 0.2940831 0.4300912 0.3466897 0.3276422 0.5055220 0.4222538 0.2019393 0.2439949 0.2680506 0.5010083 0.2786859 0.1491639 -0.1287117 0.4668934 0.5734386 0.1962126 0.4863904 0.4680940 0.7772328 0.3919110 0.6256284 0.6734684 0.6498340 0.4909796 0.2459164 0.6352729 -0.1718546 0.5645595 0.2209773 0.3659839 0.7119980 0.6639944 0.5123030 0.5642661 0.5978064 0.4529677 0.3284734 0.0875468 0.6470968 0.2107308 0.5059906 0.4408472 0.4053157 0.0879450 0.5963511 -0.0106910 -0.1595272 0.4233063 0.0705226 0.1350932 0.0886299 0.3156744 0.5394760 0.5752063 0.3113846 0.1919228 0.1238759 0.4304660 0.2661512 0.3578330 -0.4298061 0.5964410 -0.0316365 0.1257877 -0.0544038 0.3332515 0.3629139 -0.1458881 0.3613218 0.4973442 0.3980902 0.6514066 0.2633890 0.4732855 0.3794480 0.3865973 0.5065082 0.1608226 0.0714749 -0.4333735 0.0227225 -0.3202461 -0.3379813 -0.4145456 -0.3547287 0.0871590 0.1738075 0.0225134 -0.2739580 -0.3765898 -0.4814823 0.1711228 0.2074844 -0.2914166 -0.3224073 0.1911344 -0.3763665 -0.5502500 -0.6421405 0.1486421 -0.0746945 -0.3508533 0.0562590 0.6280068 0.6329471
0.4948115 0.1604398 0.1650098 0.2244483 0.0389779 0.1227119 0.0699437 -0.0166129 0.6101464 0.9017745 0.4848829 0.5682020 -0.2010630 0.0000000 0.0429258 0.0246260 0.5788420 0.1940167 -0.3623086 -0.2066707 0.0971139 -0.3877788 0.1825555 0.3396920 -0.2191580 0.0378645 0.6111486 0.3784714 -0.1394175 0.5653767 -0.2868744 -0.0567917 0.4511144 0.4045885 0.2410959 -0.3240309 -0.0633455 -0.3359476 0.8606800 0.7417540 -0.2452921 -0.6073767 0.5389159 0.7016640 -0.6056784 -0.3803860 -0.2837104 -0.3321543 0.6440178 -0.2603035 0.0182962 0.6470607 0.6710192 0.8331004 -0.4098382 -0.3841909 -0.3334524 0.9104226 -0.0595770 0.0765906 -0.3159690 -0.0356114 -0.0907474 0.7206924 0.4408305 -0.3291733 -0.2424284 0.1069920 -0.2926343 0.2764149 -0.3683012 0.6642726 -0.2979637 0.3912868 -0.3831057 -0.0382188 0.1094065 -0.3423433 -0.0153183 -0.1690433 -0.2251295 0.2536121 -0.1241957 -0.1966376 0.0485271 0.0022246 -0.1058895 0.2949744 -0.0503614 0.1716722 -0.0071723 -0.2340136 0.0018105 0.0199420 -0.0984778 -0.2303610 -0.1757494 0.2289074 -0.0361379 -0.1827663 0.0345715 0.0077269 -0.2074260 -0.1455539 -0.2443945 -0.2208368 -0.0099661 -0.1926443 -0.1033375 -0.1145070 -0.0907332 0.1531514 0.0031587 -0.0722581 0.0261742 0.1710532 0.0488821 0.0341098 0.0881741 0.3358375 0.0602515 -0.0632875 -0.1061013 0.1601451 0.4203516 0.5726039 -0.0437428 0.1609374 0.5627181 0.1619500 0.2791457 -0.1164834 0.2711159 0.2018061 -0.4282444 -0.0783107 0.2318184 0.2904751 0.0529440 -0.1880056 -0.2048244 0.0306781 -0.3385925 -0.3368560 -0.0212845 -0.2537061 -0.3955848 -0.3842466 -0.0261517 -0.4134236 -0.4753536 -0.4525636 -0.2609853 -0.0822596 -0.4824278 -0.3028533 -0.2185742 -0.2552817 -0.0361313 -0.3696088 -0.4532205 -0.2815102 -0.4998718 -0.1821843 -0.4695066 -0.1773500 -0.0437539 0.0331192 -0.0389091 -0.2830522 -0.0888082 -0.1311049 0.3813753 0.1939588 -0.1247754 0.5985320 0.6313584 0.6137431 -0.0580779 -0.3140741 -0.0389028 -0.2993390 -0.3689393 -0.4167291 -0.4601963 -0.4733009 -0.5111302 -0.4414749 0.0521702 0.0637915 0.0890824 0.0149427 0.4352245 -0.3878503 0.2790673 -0.1165652 -0.1976647 0.6159734 -0.1075535 0.1355615 -0.2305982 0.4240913 0.4088820 0.3189776 0.5838334 0.2922723 0.1574454 0.2372699 -0.4616376 0.1828190 0.1700832 0.1305212 0.4186749 0.1993736 0.1518130 -0.1692783 0.1807060 0.2998431
-0.3303103 -0.5839655 -0.1693536 -0.2156328 -0.2800296 -0.5474533 -0.1419705 -0.1478844 0.4811662 -0.2807784 -0.4753519 -0.1053770 -0.3349961 0.0429258 0.0000000 -0.1614601 -0.2724672 0.6202985 -0.1341463 -0.2760732 0.0185313 0.0324775 -0.2129015 0.0229846 0.0612733 -0.1309114 -0.0170536 0.3813231 0.7489076 0.1915923 -0.1650012 0.0835107 -0.1657054 -0.3525263 -0.3142075 -0.6646362 -0.0403306 -0.0187670 -0.3095756 0.1713108 0.1735713 -0.3226050 -0.3475460 -0.0315460 -0.3062025 -0.0647227 -0.0527903 0.1020506 -0.0556764 -0.0022435 -0.1100354 -0.0341318 -0.1056405 -0.0146334 -0.2201683 0.0204721 0.0221323 -0.0268886 -0.3844888 -0.0709561 -0.7173828 -0.0487610 -0.3019874 0.3157940 0.2434870 0.1089578 -0.0730512 -0.1013247 -0.0631805 0.0283086 0.0681379 0.2296846 -0.0462025 0.3979471 0.0485250 0.1109209 0.1103023 0.1548874 0.1719074 0.0879532 0.1639769 -0.6695066 -0.4984099 -0.6869168 -0.5955008 -0.3191773 -0.3941270 -0.0167912 -0.2641090 -0.1085621 0.0545035 -0.0029260 0.0656593 -0.5693608 -0.4757077 0.0084710 0.1102076 0.0600793 -0.3944505 -0.6848515 -0.0528628 -0.0071226 -0.3377079 -0.6316359 -0.0921339 -0.2069244 -0.3042369 -0.2171474 0.1912356 -0.1185878 -0.3289575 -0.1608073 -0.3184415 -0.1150788 -0.3100116 -0.0886264 0.0197265 -0.3339571 0.0180586 -0.0885727 0.1386475 0.0724941 0.0421590 0.0529815 -0.2310331 0.1555459 0.2826586 0.0938520 -0.1315366 0.0463621 0.0335736 -0.2115987 0.2955603 0.1540150 -0.1907145 0.1761871 0.0416786 -0.1102948 0.0896573 0.5895146 0.2643065 0.3168943 0.0702448 -0.0925739 -0.0492550 -0.0069306 0.1768973 0.1431200 0.1634775 0.3632036 0.6438121 0.0151731 0.3031304 0.1704580 0.2810743 -0.4507286 0.3352386 0.0237442 0.2034069 0.7458963 0.1321627 0.2114669 -0.2932044 0.4425010 0.2866006 -0.3010787 -0.1567539 0.2547249 0.3331510 0.2481198 0.0760287 0.3600629 -0.3073064 0.6140482 -0.3116185 -0.0669747 -0.1854151 0.2620678 -0.3823765 -0.1613711 0.2873581 -0.6393818 -0.6969030 -0.6878282 -0.7811069 -0.1885020 -0.4827837 -0.1042400 -0.1027608 -0.0303545 -0.3518230 0.3144538 0.5387925 -0.6456256 -0.0944176 -0.2139673 0.5547325 0.4803124 0.3616304 0.3358120 0.6347490 0.3773820 0.5121373 0.4910190 -0.2736693 0.1108741 0.5906915 0.7877420 0.5853733 0.7990852 0.8149595 0.6499049 -0.0334132 0.2327668 0.7164705 0.6521701 -0.3469778 0.1161094
0.2972592 0.5667219 0.6851927 0.6034535 0.6570216 0.6714012 0.3304651 0.7814956 0.0402484 0.1560814 0.7418815 -0.3118825 0.8349292 0.0246260 -0.1614601 0.0000000 0.7371122 -0.1059780 0.7180372 0.5454914 0.0646340 0.5992727 0.9625597 -0.5066302 0.6084947 0.9010429 0.4882713 -0.6525516 0.1107359 -0.1588933 0.6563810 0.7179694 -0.4651639 0.0167085 0.8077791 -0.0346735 0.6583665 0.6373031 0.2612694 -0.2110249 0.5350094 0.2693503 0.6879780 -0.3903285 0.5377650 0.5771912 0.6769746 0.5505543 -0.4446479 0.5571110 0.7287501 0.6169603 -0.3726482 0.3994250 0.6817788 0.5452262 0.6226048 -0.0738132 0.2981757 0.6642143 0.3807406 0.7647037 0.6826966 -0.1363355 -0.3669568 0.6282742 0.7223382 0.8950621 0.5372245 0.6913178 0.6321005 -0.1136148 0.8075548 0.3222690 0.4612405 0.7377982 0.6072604 0.4928451 0.4486937 0.2222763 0.0026700 0.1915314 0.2028770 0.2171345 0.3986492 0.0230809 -0.3509992 0.2570067 0.0335159 0.2968334 0.1974069 -0.0142483 0.1843020 0.1781597 -0.2733927 -0.0991119 0.1218485 0.3671920 -0.4630272 0.0454378 -0.0357204 -0.2210344 0.1546882 0.2530589 0.3644916 -0.1757906 0.3757077 0.3935643 0.4637184 0.4676277 0.2686503 0.7595360 0.2747088 0.3469722 0.5234844 0.4989737 0.4470253 0.4868803 0.5203408 0.2774167 0.1837493 0.2134801 0.4571285 0.3667941 0.0651878 -0.0631079 0.3600737 0.6182048 0.1765749 0.3644604 0.2856093 0.6569984 0.4103704 0.6574942 0.5285465 0.5976440 0.3734118 0.1868889 0.5313908 -0.2817691 0.5103325 0.0623190 0.2036507 0.5095944 0.6261925 0.4449282 0.3375250 0.4176894 0.4453437 0.0876234 -0.1138791 0.4910650 -0.0419547 0.4586614 0.2413885 0.0856117 -0.1098073 0.4610663 -0.1364339 -0.2507256 0.2427807 -0.1570820 -0.1500590 -0.0196135 0.0587901 0.3042612 0.4621233 0.2470964 0.0739625 -0.0750404 0.2698489 0.1968384 0.2426577 -0.1964018 0.3948308 0.2136344 0.2896205 0.2535709 0.1663683 0.2144910 -0.1216914 0.0382007 0.2493361 0.1313313 0.3884437 0.0286227 0.1812757 0.2163751 0.4500001 0.4256905 0.2408556 0.0034385 -0.2477090 -0.1061882 -0.1452908 -0.3686583 -0.3337661 -0.0360211 0.0032881 0.1645805 -0.1508034 -0.2977962 -0.2756756 -0.4231296 0.1353092 0.1509259 -0.2851260 -0.1091043 0.0883258 -0.2016491 -0.2438235 -0.4229356 0.0938612 -0.0030679 -0.2808708 0.0792542 0.5733107 0.6965230
0.4592557 0.5059861 0.5962145 0.5335571 0.5551656 0.6932414 0.3388709 0.4920729 0.1621934 0.6336003 0.9205925 -0.0189727 0.5687514 0.5788420 -0.2724672 0.7371122 0.0000000 -0.1747940 0.2536706 0.4031903 0.0597552 0.2117862 0.8472928 -0.3791592 0.2100121 0.6572137 0.7938815 -0.3475498 -0.1144831 0.2442956 0.3956868 0.3863840 -0.2334668 0.1127294 0.7883756 0.0321291 0.4179651 0.2029201 0.7877493 0.3253401 0.2501541 0.0418493 0.9059334 -0.0015971 0.1822842 0.1831098 0.2908313 0.1362786 -0.0772598 0.1935730 0.5222399 0.8736436 0.0340222 0.7578651 0.2659192 0.1673046 0.2552593 0.5213329 0.1720881 0.5299957 0.3600140 0.5265059 0.5051055 0.3142726 -0.0997921 0.2325660 0.4011334 0.7650605 0.2166775 0.7383906 0.2750426 0.1796286 0.4639070 0.3761323 0.1379436 0.5845487 0.6337489 0.2903026 0.4348430 0.2233353 0.0457693 0.5281687 0.0339074 0.0629240 0.2951181 0.0173664 -0.1065130 0.0498926 0.0395606 0.1486898 0.2598777 -0.0390583 0.0269297 0.0557998 -0.0484720 -0.0768590 0.0166617 0.2685922 -0.1580645 0.0372048 0.0340241 -0.1631966 -0.0201522 0.1503476 0.2347296 -0.0656382 0.1830072 0.1215901 0.2839263 0.1231273 0.3166943 0.5388686 0.2384456 0.1598230 0.3346510 0.3538440 0.2210925 0.2911755 0.3126432 0.2790844 0.1405205 0.1522289 0.2542367 0.2720893 0.2742626 0.2346387 0.1511916 0.4257545 0.5169020 0.3495572 0.4077076 0.4127642 0.3328122 0.4433871 0.2119502 0.2965420 0.4184541 0.4687450 0.4537132 -0.4759339 0.2065197 0.0670342 0.0457357 0.0977682 0.3412070 0.2414832 0.0140622 0.0476537 0.3514740 -0.1906123 -0.4052475 0.0930292 -0.1152773 0.3037939 -0.1408387 0.0673718 -0.0965397 0.2203429 0.0202160 -0.4522360 -0.0881904 -0.2216237 -0.2401281 -0.0647363 -0.1955543 0.3184107 0.4682515 0.2794793 0.0961375 -0.1460716 0.2445407 0.0937391 0.3431650 -0.0597606 0.3611194 0.3864082 0.4949866 0.3562000 0.1822827 -0.0146844 -0.3143715 -0.0607998 0.1104294 0.0149481 0.1729184 -0.0366958 0.0443532 0.0826840 0.4614239 0.4536203 0.1941756 0.0919521 0.0071856 -0.0946491 0.0554233 -0.1501596 -0.4323717 0.2029217 0.0033723 0.2286276 -0.2351799 0.1450227 0.0747448 -0.1323073 0.5292084 0.4720620 -0.0679627 0.0117283 -0.2521293 -0.1352680 -0.2574286 -0.3910920 0.4318512 0.2699885 -0.0903567 0.0422938 0.5403066 0.5972525
