0.0000000 0.0819277 -0.0618349 -0.4460567 -0.1458933 0.2024294 0.0119267 -0.1050695 0.1581161 0.2556200 -0.2005266 0.0624761 0.0399433 0.0121307 0.0856569 -0.0910707 -0.3755155 0.0083534 0.1130523 0.0850040 -0.0545004 0.2087033 0.0213972 0.2016274 0.1814749 0.0603635 -0.1771232 0.2562051 -0.1929047 -0.0658550 0.2265776 0.2645444 0.2747730 -0.0084636 0.0316293 -0.1817280 0.2147524 0.2578246 -0.1123575 0.6199812 0.1864588 -0.1558822 -0.0900078 0.3715243 -0.0698337 0.2435639 0.1842886 0.2742117 -0.0312221 0.2661665 0.0821256 -0.0826504 -0.0499854 0.1738675 0.1852153 0.2657518 0.2280016 0.1101581 0.0027208 0.0826838 0.0181797 0.0565496 -0.0162790 -0.0190941 -0.1226621 0.2550362 0.1313451 0.1004192 0.1224987 0.0651885 0.1711442 -0.2161120 0.0862581 -0.1445225 0.1478855 0.1893724 0.0090248 0.1181485 0.1204589 0.0725144 -0.0306465 0.2542243 0.1054130 0.1683093 0.1732608 0.1933776 0.2536497 0.2068736 0.0455733 0.2484035 0.0515122 0.0781499 -0.1090447 0.0237930 -0.0725716 -0.0119604 0.0605911 0.0320166 -0.1005601 -0.2968249 -0.0304430 0.0755206 0.2542642 -0.1116467 -0.0223766 -0.2348915 0.1292136 -0.1149761 -0.0043152 0.1663924 -0.0818048 0.1130954 -0.4614634 -0.1348195 -0.0378332 -0.2181849 -0.0522602 -0.0002527 -0.0776378 0.0260108 -0.0405240 0.1598799 -0.0863743 -0.1383499 0.0383810 -0.0629859 0.0856557 0.0116745 -0.0252596 -0.0487630 -0.1309091 -0.0687946 -0.0419567 0.0243681 0.1258352 0.0144629 -0.0085065 -0.1356693 -0.1088087 0.0471157 -0.0335793 -0.1354282 0.0389983 0.0179585 0.1325206 0.1303970 -0.3303741 -0.2220664 -0.0540802 -0.0742636 0.0494194 0.0226853 -0.2987728 -0.1280432 -0.0042212 0.0969332 -0.0342868 -0.2793096 -0.0443513 0.0557852 -0.0187244 -0.0170939 0.2591248 0.0319965 0.0228308 0.0284015 0.1892700 -0.1528321 -0.1635800 0.0076437 -0.0746332 -0.1561982 -0.0854064 -0.1718339 -0.3183300 -0.3951159 -0.2656770 -0.2833649 -0.1619744 -0.2043157 -0.1657612 -0.1609755 -0.1359664 -0.1533336 -0.1369029 -0.1638103 0.0075182 -0.0070093 -0.1445166 -0.1242549 0.0236248 -0.0045687 -0.3291582 -0.1079407 0.0503838 -0.0976048 -0.2164160 -0.2333156 -0.0975373 -0.1060360 -0.1524550 0.1982609 0.1847111 -0.3410178 -0.0999477 -0.0880955 -0.0919011 -0.1903185 0.0268784 0.2812300 0.2221279 -0.0693648 0.1815696 0.2440468 -0.0152065 0.0038535 0.1636500 0.1578255
0.0819277 0.0000000 0.2803809 0.3141854 0.4956709 -0.0057382 0.2991796 0.5167497 0.1891022 0.0090978 0.2786651 0.3270389 0.4279052 -0.4429425 0.5026880 0.1403264 -0.1447418 -0.3411315 0.0336532 0.2098320 0.4551454 0.0391316 -0.0341482 -0.2884558 -0.0449109 -0.1068562 -0.4394096 -0.4671838 0.2486377 -0.3478387 0.0701792 -0.0172390 -0.3522482 -0.2223512 -0.0483358 0.6146904 0.0613847 0.0579375 -0.1994006 0.0369768 0.0449321 0.5089983 -0.1147445 -0.2452296 0.5044416 0.1058502 -0.0092128 0.1213966 -0.3077724 -0.1710992 -0.0833793 -0.0842171 -0.2268061 -0.1570775 -0.0172853 0.0500505 0.0431877 0.0378934 0.5520313 -0.0604683 0.4306910 -0.0038801 0.0626331 0.1741654 -0.1185441 0.1611584 0.0757117 0.1979573 0.2525430 0.1162113 0.2361838 0.0996369 0.1162435 0.0488285 0.2830979 0.2389190 0.1802763 0.1842519 -0.0000635 0.2763167 -0.2003857 0.0570473 0.3927472 0.3695824 0.4641386 0.4572883 0.2703711 0.2997256 0.5284044 0.5312985 0.3487930 0.1503617 0.3172229 0.3449582 0.5208220 0.2759578 0.3690395 0.2401013 0.5259996 0.4621539 0.3649263 0.4460421 0.2957811 0.3899215 0.5670939 0.2731180 0.4685333 0.2044776 0.5528490 0.3927497 0.6400201 0.6079736 0.1095961 0.3033037 0.4768386 0.3844907 0.3919182 0.4151826 0.3663580 0.5004046 0.3618861 0.3618052 0.6694114 -0.0363358 0.2625371 0.3716875 0.1556093 0.4541334 0.5276771 0.2033768 0.2401353 0.3885313 0.5304635 -0.3879409 0.4672935 0.6013154 0.4474802 0.4894470 0.5262327 0.3001402 0.6222045 0.5823217 0.5219459 -0.1268520 0.3774385 0.4521698 0.4890547 0.5736701 0.4777889 0.5696388 0.5643653 0.3821972 0.5312299 0.4565344 0.4876425 0.5206741 0.4918788 0.4873035 0.4693545 0.5586411 0.3928609 0.6284504 0.4878887 0.4408524 0.5269434 0.6608922 0.5226134 0.0765072 0.0143718 0.4764571 0.5393723 -0.1915674 -0.0053705 -0.1827169 -0.0152058 -0.1138054 0.2868217 0.3338698 0.5766443 0.7099685 0.5444533 0.5607242 0.5455874 0.4804113 0.4555100 -0.1244026 0.2356574 0.0632774 0.0224217 0.1795554 0.4382251 -0.1430523 -0.3642496 0.2338007 0.2902486 0.1096492 -0.0327132 -0.5613132 -0.0385987 0.2906757 -0.2765041 -0.1068144 -0.1658973 -0.3357546 0.2960940 0.1844374 0.2884842 -0.3263646 -0.3313682 -0.1219310 0.0460742 -0.4879755 0.2352428 -0.2430086 -0.1781884 0.0810655 -0.4380228 -0.3259640
-0.0618349 0.2803809 0.0000000 0.5650734 0.6162326 -0.3171657 -0.0087207 0.5695535 -0.0968406 -0.0856482 0.3631841 0.3182615 0.5162056 -0.0859017 0.0978430 0.0369634 0.1106727 0.1591006 -0.0696442 0.3988057 0.4876553 0.0213411 -0.2176480 -0.3491874 -0.0662727 -0.2350159 -0.3055186 -0.1535397 0.4233294 -0.1967616 0.1427648 0.1320298 -0.1904297 -0.0036966 -0.3415626 0.2444890 -0.0748908 -0.0759730 -0.1046053 -0.2447546 -0.0594464 0.3510791 -0.2326840 -0.1064322 0.4987035 -0.1588709 -0.3150632 -0.0123195 -0.1157522 -0.0420751 -0.4268547 -0.1756217 0.1545141 -0.1789555 0.0952825 0.0204918 -0.1645374 -0.1827652 0.5611591 -0.2825668 0.6245838 -0.3564667 0.4103669 0.1271080 0.0033809 -0.0653638 -0.3685305 -0.3543851 0.3434540 -0.2896418 -0.0754780 0.4251308 -0.2815304 0.4049170 0.1807309 -0.1574235 0.1835363 0.0238991 -0.0095771 0.3601197 0.1353477 -0.0554578 -0.0336801 -0.0301703 0.0320960 0.1871965 -0.0586279 -0.1562613 0.2092136 0.1028515 0.2403227 0.0357447 0.4896503 -0.0322728 0.2987467 0.1836561 0.1820634 0.1599170 0.3066420 0.2802945 0.0505117 0.2987211 -0.1074948 0.1929948 0.2606982 0.4083275 0.2862253 -0.1069058 0.2824026 0.0616107 0.2250257 0.2906170 -0.2594726 0.2133507 0.3535763 0.0030023 0.0997398 0.3033432 0.0844625 0.2663715 0.1169812 0.1238177 0.3786881 -0.0820114 0.1021985 0.4076413 -0.0719189 0.1937569 0.3711186 -0.2446100 -0.1884237 0.0570804 0.1004334 -0.1358948 0.2907905 0.1126552 -0.0852861 0.1855851 0.1123791 0.1617190 0.0790691 0.2711792 0.2521176 -0.2705979 -0.1674947 0.0023474 0.0633556 0.1250026 0.3071382 0.1462794 0.1868027 0.0468934 0.1287303 -0.0250967 0.0168809 0.1979812 0.1757156 0.0525905 0.0136242 0.3367180 -0.2450068 0.1728720 0.2151644 0.2616866 -0.1867397 0.2812659 -0.1203240 -0.0525615 -0.1663240 0.0671254 -0.1112139 -0.3382118 0.7605089 0.3496804 0.1356727 0.1949720 0.4873412 0.1686095 0.4734419 0.2660015 0.0509402 0.3491459 0.2895121 0.3742146 0.6442198 0.2026229 0.8174774 0.5088878 0.5127232 0.3087419 0.2426684 0.1986491 0.3357727 0.0743192 0.2457714 0.0276402 -0.2332559 -0.2229443 0.3299205 0.2205223 0.1285965 0.0293519 -0.1100740 -0.1630061 0.6648395 0.6206328 0.1645772 0.1167117 0.1517351 0.2128508 0.0238413 -0.1113148 0.6725356 0.0588461 -0.1741522 0.6366578 0.0101888 0.0668502
-0.4460567 0.3141854 0.5650734 0.0000000 0.3661421 -0.1821879 0.2374133 0.5702160 0.1050061 -0.0358501 0.6436598 0.5530640 0.3690749 -0.0821694 0.4554137 0.4606104 0.4137716 0.1426833 0.2017140 -0.0611977 0.6260225 -0.0835041 0.2745526 -0.2188536 -0.1665835 0.0494620 0.2266181 -0.1386015 0.5858517 0.2294345 -0.0831846 -0.1772356 -0.1107765 0.2975227 0.0861031 0.3293903 0.0241669 -0.1438091 0.3462386 -0.0531355 -0.2414837 0.5296437 0.2715697 0.0081704 0.6051725 -0.1306871 -0.0845579 -0.2348178 0.2635262 -0.2722640 -0.0306849 0.3821286 0.4523339 0.2041837 -0.1513385 -0.1739584 -0.0133258 0.3364573 0.4260461 0.0606879 0.4850351 0.1123763 0.0551030 0.5412112 0.2564346 -0.0055986 0.0501102 0.1642562 0.0591799 0.2428913 0.0623281 0.5086598 0.1891133 0.4507644 0.0987991 0.2375295 0.4150399 -0.0154063 -0.1775139 0.1649859 -0.2036721 -0.1277227 0.0988942 0.0722213 0.0109231 0.2648917 -0.1243934 -0.1280927 0.1512270 -0.1511311 0.0474669 -0.1496579 0.2078186 0.0711091 0.0384353 0.0880520 0.0610144 -0.0577575 0.0100691 0.3164747 0.0112203 0.3206716 0.1046260 0.2620568 0.1274511 0.1755855 0.3068243 0.3687565 0.1245895 0.2319174 0.1045581 0.2506413 0.1825287 0.0345938 0.0255285 0.0637927 0.0689253 0.1553796 0.1137844 0.2358822 0.1538615 0.1028651 0.3518060 0.2762292 0.1710593 0.2549834 0.2098849 0.3757148 0.2160747 0.3303093 0.0682228 0.2703776 -0.0048522 0.1840537 0.0839338 0.3983019 0.0955987 0.1987300 -0.0823512 0.3378943 0.2148129 0.3622741 0.5093142 0.0589560 0.1416212 0.2296305 0.0715091 0.0014526 0.3389128 0.2414217 0.3188282 0.1785592 0.2683927 0.2086874 0.1657103 0.1929484 0.4970094 0.2116165 0.4134029 0.4089141 0.1702573 0.2892097 0.1444339 0.4504451 0.1094156 0.2454578 0.1988683 0.3176348 0.3429981 0.4139702 0.0568314 0.1659973 0.4453891 0.0725289 0.2106395 0.3036013 0.5767568 0.4575959 0.5513373 0.4416882 0.4141780 0.4165883 0.3590150 0.4564963 0.4442234 0.2204329 0.3916635 0.2791095 0.4295427 0.4185383 0.3430353 0.1822732 0.2179539 0.4522608 0.2979497 0.2524991 0.1471044 0.1125936 0.1053579 0.2252165 0.2102493 0.1211607 0.1797711 0.2855515 0.4396026 0.4475017 0.3582269 0.4085530 0.1574911 -0.0375363 0.2605239 -0.0216873 0.2627214 0.1207323 0.1195335 0.4538830 -0.0583152 0.0277447
-0.1458933 0.4956709 0.6162326 0.3661421 0.0000000 -0.0789850 0.1005524 0.8138892 0.1621952 0.3013605 0.6625184 0.1601386 0.8533665 -0.3144078 0.2430328 0.3970398 0.2065678 -0.2868994 0.4100509 0.5872660 0.1972269 0.5465384 0.1300403 -0.2698872 0.4336244 0.1793148 -0.3741398 -0.4240505 0.3802794 -0.4471181 0.5948298 0.4585769 -0.2005340 -0.0088947 0.0417079 0.5133901 0.4142328 0.4803614 -0.0698888 -0.1645957 0.4749726 0.5963291 -0.0229987 -0.1875470 0.6094853 0.4487113 0.2641989 0.5117955 -0.0808468 0.4160439 0.0883970 -0.0902651 -0.1802296 0.1024867 0.5109423 0.5416705 0.4160665 0.2253357 0.8806344 0.2129235 0.5661011 0.1487660 0.5488616 0.2082271 -0.2399782 0.5039161 0.1948055 0.2489095 0.5980051 0.2645050 0.4271014 0.1366974 0.2703799 0.4379921 0.5428935 0.3668057 0.3815574 0.2707939 -0.0340281 0.3620688 -0.0268304 0.4242580 0.5065107 0.5402329 0.6306708 0.4598607 0.2098567 0.3934456 0.6856660 0.6069584 0.3294376 0.0465383 0.4657626 0.5147415 0.4122413 0.3709139 0.1854491 0.4417035 0.5276984 0.6694971 0.6085054 0.4215449 0.0725629 0.6504141 0.5229658 0.7129239 0.3873641 0.1171409 0.4486871 0.3004682 0.5912598 0.3909710 0.1831798 0.4934473 0.7004303 0.4590934 0.4610064 0.6301673 0.5673189 0.6797910 0.6398843 0.4372754 0.5787893 0.3501217 0.5257583 0.4469238 0.3874196 0.2850567 0.4873697 0.2975515 0.4006522 0.2660774 0.5036903 -0.0244329 0.1001949 0.1597920 0.4123149 0.2171655 0.2347616 0.0202482 0.2709355 0.3387418 0.4433029 -0.0761114 0.1410450 -0.0086805 0.2160719 0.2217521 0.5060899 0.3079284 0.1719157 0.3425849 0.2514657 0.1911579 0.0723952 0.3344150 0.3359233 0.2284093 0.2542651 0.2506525 -0.0495888 0.3618476 0.3069515 0.2091175 -0.0377872 0.3666349 0.0798244 0.1056183 0.0023991 0.1678745 0.1583630 -0.1954274 0.1682511 -0.0397731 0.1236293 0.0954183 0.2928587 0.0179731 0.3608113 0.3752877 0.2562046 0.6226098 0.6545351 0.6618122 0.8996325 0.0696134 0.8361944 0.6416859 0.7200807 0.4670587 0.3493431 0.0733856 0.2497264 -0.0128853 0.1340953 -0.0230805 -0.1535819 -0.4696821 0.3865830 0.1225621 -0.1035313 -0.2168813 -0.3378578 -0.1642434 0.7612599 0.5395552 0.1343294 -0.0872237 -0.1693452 -0.0944491 -0.3021445 -0.2207607 0.6965214 -0.1686688 -0.1565597 0.4164939 -0.5342018 -0.4326292
0.2024294 -0.0057382 -0.3171657 -0.1821879 -0.0789850 0.0000000 0.3105783 -0.2053173 0.8983142 0.6574737 0.0127168 0.3378452 -0.1963330 0.6313278 0.4652329 0.0654475 0.1308672 0.3013330 0.2382302 0.1337065 0.1193863 0.2355670 0.3025463 0.8755633 0.2086749 0.2830768 0.0263739 0.6484676 0.2677615 0.3622902 0.2163989 0.1353838 0.7965432 0.6429774 0.3392434 -0.1492348 0.4484738 0.2772815 0.3465993 0.2438170 0.3007289 -0.1576768 0.2261381 0.7265248 0.0512461 0.3697982 0.4704965 0.3096382 0.6707357 0.2494119 0.4178492 0.1329819 0.4880469 0.4566691 0.2699540 0.2694496 0.4434962 0.4014813 -0.0510795 0.4487062 0.2855817 0.3286712 0.0134247 0.4558421 0.3822791 0.3789642 0.4162830 0.1979737 0.0617353 0.3938138 0.2605457 0.0439930 0.4177163 0.3776559 0.0910115 0.3925940 0.3896290 0.0863106 0.0192396 -0.0263913 -0.0761847 0.0561368 -0.1217996 -0.0864258 -0.0209629 -0.1609396 0.0228218 0.0782491 -0.1292816 -0.1300763 -0.1595512 -0.0794388 -0.3957928 -0.1486156 -0.1760563 -0.2559283 -0.2467179 -0.3434659 -0.2185952 -0.2545817 -0.1622099 -0.3282579 -0.0637553 -0.1778400 -0.2424277 -0.4444193 -0.4017150 -0.2126568 -0.3385205 -0.2317855 -0.1743296 -0.2642426 -0.1477967 -0.2067366 0.1149828 0.0518280 0.4458005 0.5048040 0.3408524 0.2914419 0.3786091 0.3343027 -0.3104183 0.3390604 0.3757628 0.0108235 0.3860687 -0.2810703 -0.0592519 0.2903570 0.3073023 -0.1772322 -0.0579685 0.3896140 -0.2156628 -0.1036821 0.1306350 -0.1053352 -0.2797699 0.2000994 0.1924967 -0.1119608 0.2159351 0.2841007 0.3188405 0.1114559 -0.0621127 -0.1648470 0.0232555 -0.0045764 -0.0464034 0.0525483 0.0482826 0.1281506 0.1773878 -0.0094352 0.0847041 -0.1979028 0.2547777 -0.0677006 0.2685474 0.1345675 0.1110695 -0.0246301 0.2269956 0.0076423 0.3442814 0.0379646 0.3568351 0.1355387 0.2110353 0.0740944 -0.3930259 -0.1460719 0.0944597 0.1837399 -0.1150989 -0.4670742 -0.2339243 -0.2487739 -0.3880241 -0.2849047 -0.1388559 -0.2346900 -0.0098893 0.2406809 -0.1782277 0.0164930 0.2025845 0.1821497 0.1162232 -0.0019155 -0.0176841 -0.1565794 0.0747696 -0.0088024 0.1959384 0.0909654 0.0460928 -0.0126624 0.0519403 -0.0179794 0.0300933 -0.2194624 -0.3236650 -0.2950088 -0.0519783 0.0557493 0.0206284 0.1345993 0.0861641 0.4574631 -0.1045712 0.3151074 0.6043681 -0.1977343 -0.0350492 -0.0456507
0.0119267 0.2991796 -0.0087207 0.2374133 0.1005524 0.3105783 0.0000000 0.3331466 0.4825107 0.4951948 0.3857431 0.8409730 0.2849191 0.1911154 0.4744318 0.1032007 0.6249930 -0.0928555 0.1914087 0.0880697 0.6199201 0.1101439 0.0144158 0.1509728 -0.2294016 -0.2690644 -0.1105971 -0.0756155 0.4754025 -0.1107065 0.0139639 -0.3567688 0.0773169 0.1974864 -0.2355320 0.6372949 -0.1789274 0.0893618 -0.1653691 0.0367756 -0.0526131 0.5708255 -0.3176022 0.0757899 0.6135884 0.0526981 -0.0671186 0.0069629 0.2633427 -0.0311924 -0.1499724 -0.2709665 0.1247811 -0.0393702 0.0201415 -0.0172565 -0.0207043 0.2367737 0.2854287 -0.1360059 0.5994302 -0.1084510 -0.0772318 0.6114898 0.4993412 0.0507465 0.0121493 0.1937886 -0.0251302 0.3630853 -0.0337810 0.4043115 0.1255918 0.3999151 0.0200257 0.3956261 0.5261314 -0.2834528 -0.3382741 0.0027884 -0.4493407 0.2863771 0.4608819 0.4398510 0.4265759 0.5582617 0.2118714 0.4772097 0.4168524 0.2744732 0.1688540 0.2563340 0.4216580 0.4163724 -0.0267574 -0.1462988 0.1319915 0.2549183 0.0305192 0.4469642 0.3569035 0.4786757 0.6307657 0.5087617 0.0710610 0.0708822 0.4561288 0.5564918 0.3007425 0.5708513 0.2039942 0.5345379 0.1349418 0.0524018 0.1428881 -0.0527881 0.1906392 0.3664743 0.3024631 0.5300043 0.2934352 0.0621109 0.0129392 0.4766291 0.4167526 0.5536252 0.0152611 0.0805073 0.4603336 0.2182854 0.1916815 0.0702954 -0.1006671 0.1119327 -0.2600050 0.4020998 0.1087041 0.3925282 -0.0318905 0.7595825 0.5069042 0.5218826 0.2052815 0.3817641 0.4578143 0.4549102 0.2853339 0.2672008 0.0733464 0.5763361 0.6544852 0.4779278 0.4322971 0.5668267 0.6738814 0.5347141 0.7429810 0.5054312 0.1439160 0.6910942 0.4203136 0.5961696 0.3022656 0.7738522 0.4368606 0.4179581 0.4993151 0.1012669 -0.0079781 0.6184428 0.2053148 -0.3648288 0.0403417 -0.2356907 0.3944839 0.6324090 0.7487309 0.6068873 0.6725991 0.6744289 0.5559893 0.5500767 0.5916670 0.5066460 0.2454226 0.5945129 0.0224667 0.2001418 0.3255134 0.6782719 0.7219971 0.1124541 0.3745463 0.7322093 0.7151202 0.7334225 0.5513976 0.2928350 0.2763671 0.4975733 -0.4985594 -0.4201612 -0.2141754 -0.2214713 0.0509195 0.1107877 0.6860342 0.2560149 -0.5948645 -0.0870389 -0.0506513 0.0540136 0.0932752 0.3719894 0.2976957 0.0178212 -0.4294861 -0.6206017
-0.1050695 0.5167497 0.5695535 0.5702160 0.8138892 -0.2053173 0.3331466 0.0000000 0.0937677 0.3458730 0.8881636 0.4151554 0.9157469 -0.4275774 0.2541190 0.6323225 0.3390887 -0.4403194 0.5832335 0.5002565 0.3765494 0.5077591 0.2663938 -0.4135951 0.3129637 0.2389173 -0.2523977 -0.5025811 0.2789711 -0.4171853 0.5479196 0.2836440 -0.3039997 -0.0400149 0.0981726 0.5535380 0.3257355 0.4499415 0.0346685 0.0161661 0.2976462 0.6237090 0.0697122 -0.1960192 0.6504780 0.4088149 0.2417407 0.3564998 -0.0514559 0.3617021 0.0976310 0.0613050 -0.0953460 0.1529329 0.3888831 0.4199677 0.3480487 0.3591606 0.8100988 0.1654905 0.5566722 0.1683947 0.4198290 0.3917475 -0.1209353 0.4534884 0.2224098 0.3899833 0.5370389 0.4169031 0.4155249 0.2527768 0.3141048 0.4438107 0.5490530 0.5042528 0.5016188 0.1679774 -0.1705254 0.3119473 -0.2477819 0.4015098 0.6053683 0.6296136 0.6552089 0.6493926 0.1877114 0.3835435 0.6945047 0.5498247 0.3471765 0.0997574 0.5698046 0.5964530 0.3389790 0.3980287 0.3463527 0.5709768 0.4231890 0.7395270 0.6738233 0.6928543 0.3702111 0.7367014 0.5820047 0.6921156 0.6818284 0.4767166 0.5066491 0.6555703 0.5662325 0.5586255 0.4012417 0.5888171 0.5856352 0.3980005 0.3538884 0.5196000 0.4699583 0.6558702 0.6016389 0.4219171 0.5577457 0.4844047 0.5235661 0.4281506 0.4409959 0.4581659 0.4395638 0.4342641 0.3734804 0.4484704 0.3950303 -0.0295019 0.0621353 0.3928726 0.3653319 0.2345721 0.1715655 0.2246054 0.3953296 0.4428631 0.5006687 -0.0961442 0.2015659 0.1759693 0.2390487 0.2406922 0.4784456 0.3896525 0.3715421 0.4038726 0.3294705 0.3527230 0.1962904 0.3678424 0.5461934 0.3892608 0.3118909 0.4577432 0.0612430 0.4759221 0.3599231 0.4741366 0.2054738 0.4273510 0.1750539 0.1241789 0.0875809 0.4630836 0.1384793 -0.0998929 0.1574508 -0.1309907 0.2140167 0.2649525 0.5709258 0.3743271 0.5631864 0.5326200 0.4982420 0.6952363 0.6671366 0.7102325 0.7636171 0.1854475 0.7382200 0.6445274 0.6661974 0.5302583 0.4669605 0.1065261 0.2482365 0.3737030 0.2895181 0.2265640 -0.0486119 -0.3321800 0.2718083 0.1676251 -0.2322463 -0.3763463 -0.2528311 -0.0836624 0.7278203 0.5103925 0.2716823 0.0115231 -0.2782145 -0.2917080 -0.2578737 -0.2595970 0.6355519 -0.1411806 -0.1487469 0.3905477 -0.4860084 -0.4289965
0.1581161 0.1891022 -0.0968406 0.1050061 0.1621952 0.8983142 0.4825107 0.0937677 0.0000000 0.7850906 0.2909794 0.5728744 0.0691413 0.5547530 0.6888543 0.2247220 0.3546628 0.2681293 0.3684443 0.1110609 0.3938262 0.3037581 0.3683291 0.7781230 0.1844700 0.2441716 0.0334882 0.5087580 0.5037277 0.3081714 0.2236029 0.1059562 0.7407021 0.6966031 0.2899346 0.1734896 0.4595718 0.3094845 0.3603883 0.2361667 0.2254449 0.1974420 0.1883749 0.7080437 0.3579716 0.3899940 0.4406585 0.3189554 0.7361709 0.2232200 0.3718639 0.1460160 0.5078683 0.5467694 0.3097836 0.3000661 0.4770835 0.5700397 0.2638323 0.4529781 0.5179481 0.3851053 0.0657836 0.6294384 0.3682990 0.4494160 0.4613871 0.3623841 0.1344940 0.5267733 0.3093500 0.2497292 0.5266025 0.5070881 0.1706487 0.5527292 0.5233699 0.0281559 -0.1713403 -0.0247695 -0.3088894 0.0879059 0.0725372 0.1212181 0.1711674 0.0910961 0.0595697 0.2227335 0.0510969 -0.0277243 -0.1177688 -0.1029563 -0.2386113 0.0739892 -0.1954930 -0.0548977 -0.1067264 -0.2786512 -0.1879773 -0.0125805 0.0099634 -0.0715360 0.1058473 0.1038226 -0.0915476 -0.2440484 -0.1249592 0.0330503 -0.1238698 0.0194468 -0.0229490 0.0225065 -0.1570858 -0.2234595 0.1813824 0.0500562 0.4930343 0.6042578 0.4664119 0.4714534 0.4923674 0.4509496 -0.0526200 0.4597055 0.4886581 0.2703829 0.4838190 -0.1101094 0.1996997 0.4147406 0.3864581 -0.1175258 0.0612793 0.3208131 -0.1907858 0.1441024 0.2305458 0.0835461 -0.1872439 0.4125586 0.4410147 0.2135016 0.5158880 0.3103798 0.4982581 0.2925219 0.0086579 -0.1017610 0.2603515 0.3058329 0.2592108 0.3127877 0.2544298 0.3461732 0.2689119 0.2389900 0.4493589 0.0225952 0.4457366 0.2437867 0.2883415 0.4436226 0.2946597 0.2809299 0.3176185 0.2587260 0.5393148 0.1803663 0.4888379 0.4186428 0.2616964 0.0834198 -0.2636922 -0.2269655 0.1144967 0.2624581 0.1508884 -0.2547757 0.0818956 0.0373946 -0.0832918 0.0590517 0.1900379 0.1197985 0.3175513 0.2777712 0.0424373 0.1726905 0.4036520 0.4510924 0.3623755 0.0237525 0.0209012 0.0854023 0.2977533 0.1500790 0.2588982 -0.0584173 0.0249629 0.1718812 -0.0960925 -0.1517661 -0.0455719 -0.2908988 -0.1324263 -0.1925373 0.1933842 0.0872949 -0.1391816 -0.0457399 0.0434546 0.2374319 0.0390100 0.2521602 0.4500443 -0.1084330 -0.2380638 -0.2386773
0.2556200 0.0090978 -0.0856482 -0.0358501 0.3013605 0.6574737 0.4951948 0.3458730 0.7850906 0.0000000 0.5410576 0.4565099 0.3885962 0.3106122 0.3917541 0.4115230 0.5074751 -0.1062680 0.6763112 0.3268825 0.2135400 0.6871264 0.4636522 0.5251393 0.5092130 0.4189040 -0.0081733 0.2502215 0.2279911 -0.0406576 0.5640605 0.4123875 0.5422285 0.4166620 0.3011458 0.2345932 0.6081959 0.6779663 0.2468601 0.3345033 0.5026523 0.2692715 0.1154476 0.5391224 0.2935887 0.6917102 0.6301272 0.6307985 0.5848839 0.6570593 0.4311831 0.0423149 0.1716867 0.5556151 0.6761830 0.6693191 0.6910309 0.6115799 0.4328904 0.4831919 0.4144823 0.4299784 0.3937875 0.4964602 0.1237860 0.7069401 0.5170050 0.5052819 0.4537022 0.6288126 0.4969590 0.0597498 0.5626000 0.4415791 0.4598937 0.6706123 0.5257078 0.1300207 -0.1221388 0.1008170 -0.2253965 0.4184151 0.3973857 0.4384342 0.4813996 0.3278829 0.1629397 0.4012265 0.2914003 0.2759892 0.0268670 0.0042486 0.0017838 0.3507208 -0.1549581 0.0692902 0.0064144 0.1590053 -0.0367964 0.2257456 0.3859581 0.2177200 0.3392629 0.3853208 0.0682468 0.0985177 0.1593175 0.2336727 0.0607828 0.3225218 0.1467144 0.1803094 0.0721430 0.0770621 0.3405751 0.1548304 0.4430507 0.5756970 0.5769373 0.5755766 0.6027890 0.4994843 -0.0173137 0.6517482 0.6176755 0.3155561 0.5949596 -0.0013783 0.2283880 0.4797572 0.5050884 0.0801812 0.1444709 0.2890574 -0.2988776 0.1113432 0.2848814 0.0200663 -0.1518860 0.3217573 0.3396196 0.1744458 0.4094916 0.3028266 0.4712833 0.2396151 -0.0442930 -0.1407625 0.2521099 0.2787235 0.2123246 0.4524003 0.1742764 0.4089996 0.1754597 0.2717059 0.4523756 0.1430145 0.2689975 0.2243440 0.1901586 0.4241885 0.3309105 0.2987778 0.2948763 0.2114936 0.3963622 0.1486050 0.4159473 0.4779833 0.2002537 0.1311116 -0.2825002 -0.3187368 0.1235421 0.3320058 0.2606277 -0.1803646 0.1048971 0.0148180 -0.0057814 0.2011409 0.3327378 0.2668349 0.4226507 0.2727324 0.2785159 0.4480293 0.5737132 0.5356399 0.4339036 0.0994566 0.2244361 0.1896683 0.3418850 0.2566918 0.1694560 -0.1337014 0.2212198 0.1180865 -0.2967724 -0.4125041 -0.2034664 -0.2983227 0.0460846 -0.1046184 0.1567221 -0.0181451 -0.3094800 -0.1764126 -0.2902084 0.1387627 0.2364447 0.0850100 0.1977234 -0.0591708 -0.4071990 -0.4375906
-0.2005266 0.2786651 0.3631841 0.6436598 0.6625184 0.0127168 0.3857431 0.8881636 0.2909794 0.5410576 0.0000000 0.4686864 0.7944350 -0.2091686 0.3394386 0.8135350 0.5748898 -0.3127742 0.7843676 0.3843246 0.3229700 0.6301995 0.5730635 -0.1528385 0.4620167 0.4813852 0.0959108 -0.2738284 0.3312654 -0.1138250 0.5972392 0.3510805 -0.0458535 0.2031036 0.3722169 0.4082977 0.5120594 0.5710341 0.3593647 0.1972663 0.3946326 0.5716226 0.3502976 0.0737088 0.5771448 0.5509717 0.4755362 0.4292612 0.2977097 0.4720929 0.3777399 0.3192305 0.1184293 0.4667849 0.4860751 0.5092811 0.5506839 0.6436744 0.7173474 0.4393122 0.4703259 0.4514777 0.4243047 0.5627530 0.0274023 0.5964414 0.4694540 0.5952816 0.5148616 0.6567461 0.5315560 0.1813269 0.5685631 0.5304719 0.5647309 0.6619113 0.5905936 0.1945159 -0.1900701 0.2267803 -0.2624005 0.4257403 0.5933267 0.6081165 0.5767545 0.5765903 0.1367526 0.3051667 0.5498777 0.3334133 0.2091180 -0.0260094 0.3609078 0.5244868 0.1032344 0.2594640 0.1603901 0.4070408 0.1772760 0.5861991 0.5700820 0.5853242 0.3834494 0.6622297 0.3621752 0.5176220 0.5461582 0.5717234 0.2979754 0.5952249 0.3781100 0.3623396 0.4599619 0.4257348 0.3910900 0.3063800 0.3089528 0.4494299 0.4518975 0.5828140 0.5919719 0.3995274 0.3847928 0.6736098 0.5520634 0.2843848 0.5877470 0.4351375 0.2413142 0.6276179 0.4509201 0.4459522 0.2194248 0.2279104 -0.1454067 0.3503564 0.3446980 0.0801091 -0.0599076 0.2160260 0.2941503 0.2767567 0.5072545 0.0940790 0.2649732 0.2047359 0.1068735 0.0163403 0.3724274 0.2384668 0.2327123 0.3985122 0.2664470 0.3259910 0.1231128 0.2543458 0.5424518 0.3176125 0.3604239 0.3269933 0.1385681 0.3739346 0.3050149 0.4254113 0.2082216 0.2694197 0.2290431 0.2480902 0.3363670 0.5128311 0.1120844 0.1512474 0.0063608 -0.2180991 0.2736340 0.3769193 0.5385826 0.3034321 0.4216968 0.3631923 0.3913711 0.5378492 0.5592835 0.5936839 0.6610687 0.2389597 0.6257435 0.6443510 0.7408547 0.5570843 0.4291275 0.1126994 0.3192370 0.4090948 0.2543621 0.2538597 0.0533752 -0.1200150 0.2975790 0.0694380 -0.0624664 -0.2893402 -0.0554613 0.1684128 0.6249055 0.4338118 0.2488980 0.2115447 -0.1397751 -0.2935034 -0.1654140 0.0134846 0.5492056 -0.0373556 0.0463322 0.3810354 -0.3813114 -0.3426678
0.0624761 0.3270389 0.3182615 0.5530640 0.1601386 0.3378452 0.8409730 0.4151554 0.5728744 0.4565099 0.4686864 0.0000000 0.2917092 0.2797400 0.6772651 0.2010852 0.5089873 0.1973363 0.1817124 0.0754177 0.8778070 -0.0150344 0.0959697 0.2129797 -0.3060473 -0.1999756 -0.0554262 0.1467374 0.6770735 0.0798472 -0.0362590 -0.3353583 0.2370833 0.4345337 -0.1906379 0.5081992 -0.0785957 -0.0480954 0.0384480 0.1247066 -0.2061274 0.5508641 -0.1605547 0.2936990 0.7402208 -0.0375746 -0.1029385 -0.1266635 0.4173377 -0.1688803 -0.1885422 -0.0416948 0.4872192 0.1244669 -0.0568079 -0.0950007 -0.0138505 0.3115606 0.3443080 -0.1086427 0.7890447 -0.0903222 -0.0269038 0.7477249 0.5035792 0.0472620 -0.0231869 0.1033786 0.0322913 0.3274754 0.0020344 0.6407024 0.1309667 0.5365704 0.0740335 0.4158043 0.6913831 -0.1694818 -0.2288038 0.1729701 -0.3690874 0.1238610 0.2327171 0.2153919 0.2007150 0.4763769 0.1411211 0.1974300 0.2684920 0.0531501 0.1710949 0.1948912 0.3437545 0.1589942 -0.0086480 -0.0826179 0.1843743 0.0794240 -0.0186146 0.3071046 0.0850205 0.4305098 0.4884709 0.3200348 0.0967393 -0.0259196 0.3990228 0.4328293 0.2143480 0.4653005 0.1131530 0.4900513 -0.0337164 -0.0238973 0.1427198 -0.0607302 0.2530198 0.4102815 0.2990744 0.5291803 0.3059755 0.1988473 0.0896978 0.4450325 0.4207141 0.5793220 0.1699105 0.1566081 0.4801474 0.2563837 0.1486433 0.1145869 -0.0858810 0.2318786 -0.0502943 0.4614141 0.1111988 0.3970339 -0.1120011 0.8400802 0.5307858 0.5618009 0.4968259 0.3398740 0.4615545 0.5013311 0.1582493 0.1153835 0.2518084 0.5368815 0.6661465 0.4227827 0.3974976 0.5313012 0.5981457 0.5135233 0.7463914 0.3324258 0.3199671 0.7375383 0.3926106 0.6072648 0.3670823 0.7998538 0.4096618 0.4634576 0.5360400 0.1685442 0.1719154 0.6716226 0.1990533 -0.2232177 0.2950653 -0.1353165 0.2561381 0.5285082 0.7768812 0.4850495 0.7090697 0.5660669 0.4212052 0.4603358 0.4723715 0.4557106 0.3441085 0.5357332 0.1951365 0.2298632 0.4344235 0.7275419 0.7396744 0.3247111 0.3468779 0.7076012 0.7572535 0.6640945 0.4773007 0.2703468 0.1825993 0.5251471 -0.2305249 -0.1826212 -0.0065428 -0.2149360 0.1333882 0.1897985 0.6790650 0.3891494 -0.2580808 0.0798060 0.1948186 0.0783159 0.1965270 0.4935426 0.3999147 0.2448988 -0.2167873 -0.3105035
0.0399433 0.4279052 0.5162056 0.3690749 0.8533665 -0.1963330 0.2849191 0.9157469 0.0691413 0.3885962 0.7944350 0.2917092 0.0000000 -0.4221777 0.1715631 0.5892418 0.2989930 -0.5005259 0.6467902 0.5724898 0.2055480 0.6517763 0.2690251 -0.3781736 0.4550886 0.2680215 -0.3339940 -0.4810650 0.2814007 -0.4809632 0.6395275 0.4075525 -0.2422554 -0.0600140 0.1069084 0.5370412 0.4000629 0.6215807 -0.0905611 0.0850028 0.4678611 0.6760026 -0.0106867 -0.1609336 0.6300646 0.5593830 0.3583658 0.5327734 -0.0730794 0.5151753 0.1732623 -0.0608748 -0.2490565 0.1518135 0.5679060 0.6052092 0.4698373 0.3667999 0.8605796 0.2515468 0.4656196 0.2195118 0.5549059 0.3110107 -0.2319011 0.5940227 0.3227065 0.4333299 0.6490135 0.4673354 0.5441249 0.0788483 0.3953421 0.3733741 0.6722800 0.5686361 0.4611620 0.2983489 -0.0477859 0.3788748 -0.1218096 0.5206079 0.6619812 0.6951001 0.7431412 0.6162846 0.2174986 0.4988388 0.7533527 0.6745644 0.3071451 0.0494080 0.5542887 0.6831503 0.3731529 0.3111683 0.1906242 0.5968181 0.4809500 0.7469161 0.7663527 0.5755450 0.3172632 0.7532408 0.4701600 0.6702281 0.5899068 0.3649894 0.4159721 0.5905101 0.5593056 0.4902084 0.3400064 0.5630503 0.6292551 0.3889272 0.4079419 0.5536194 0.5623406 0.7278439 0.6524573 0.4896814 0.4451997 0.5049897 0.6426275 0.3638665 0.4616074 0.3291865 0.4625147 0.4492537 0.4588874 0.3979906 0.4545040 0.0138092 0.0240176 0.2326513 0.4567002 0.2232344 0.1805723 0.0866206 0.2791062 0.3298392 0.3942601 -0.0233181 0.2411848 0.0661089 0.1864500 0.2142151 0.5269542 0.3069232 0.2257893 0.4152051 0.1823779 0.2703765 0.2187576 0.3015129 0.4828510 0.3304889 0.2879361 0.3205442 0.1075890 0.3495036 0.2836164 0.3436843 0.1133236 0.2771503 0.0982816 0.2406935 0.0678483 0.3139317 0.1139927 -0.1283525 0.0918657 -0.2326588 0.1360166 0.1280714 0.4036240 0.2385055 0.4207155 0.4324183 0.4618728 0.6755928 0.7047725 0.7208189 0.7757940 0.0613031 0.7917389 0.6650368 0.6845099 0.4800241 0.4314430 0.1001687 0.2052790 0.2264746 0.2179201 0.1022020 -0.1881248 -0.3750299 0.4416220 0.0371857 -0.2960874 -0.3204832 -0.2621691 -0.1712238 0.7640118 0.5753849 0.2146698 -0.0133653 -0.3253046 -0.1866544 -0.3230343 -0.3125559 0.7368659 -0.0391488 -0.1440314 0.3992280 -0.5731788 -0.4811981
0.0121307 -0.4429425 -0.0859017 -0.0821694 -0.3144078 0.6313278 0.1911154 -0.4275774 0.5547530 0.3106122 -0.2091686 0.2797400 -0.4221777 0.0000000 0.2489924 -0.2805438 0.2826061 0.7716138 -0.1185232 -0.0794357 0.1492742 -0.0444733 -0.0974996 0.8338591 -0.1292175 -0.1241568 0.2590675 0.8493946 0.4410608 0.6837850 -0.1446444 -0.1382427 0.8011057 0.7100513 -0.0091111 -0.2635831 -0.0416300 -0.0846321 0.2650185 -0.1053695 -0.0581034 -0.1927381 -0.0171472 0.7221326 0.0508275 -0.1250695 -0.0031874 -0.0178468 0.7537188 0.0036432 0.0563666 -0.0745190 0.6887383 0.2351448 0.0705950 -0.0934058 -0.0330347 0.1135395 -0.1978103 0.1031508 0.2786327 -0.0491811 -0.1211321 0.4398326 0.6395494 -0.1577722 -0.0085813 -0.1899986 -0.2663902 0.0225433 -0.2826634 0.3844406 0.0437277 0.4619830 -0.3488692 -0.0283917 0.2155263 -0.3218183 -0.2327752 -0.2620707 -0.1011627 -0.2263089 -0.3677301 -0.3262372 -0.3164276 -0.2694814 -0.2377973 -0.1569732 -0.3405013 -0.4544338 -0.2722189 -0.1484063 -0.2914666 -0.3429692 -0.4166158 -0.3962425 -0.4681342 -0.5411993 -0.4635342 -0.3563180 -0.4128537 -0.4534948 -0.2269155 -0.2971082 -0.6154526 -0.4007588 -0.4902726 -0.3306072 -0.4897273 -0.4387811 -0.4311120 -0.4479331 -0.4425681 -0.5364279 -0.2303697 -0.3258752 0.1215678 0.1701905 -0.0368319 -0.0515174 -0.0253572 -0.0130166 -0.5337167 0.0389438 -0.0107493 -0.0297530 -0.0733634 -0.5247788 -0.1777036 -0.1251680 -0.1190134 -0.5137562 -0.4600547 0.4545220 -0.4446900 -0.3246459 -0.2670991 -0.1866823 -0.4518593 0.1541700 -0.0994111 -0.2346756 -0.0966927 0.2654501 -0.0411560 -0.0645146 -0.2063491 -0.2978769 -0.1687263 -0.1464400 -0.1231628 -0.1657200 -0.1067271 -0.1295857 0.0120818 -0.1708082 0.0105299 -0.3497000 0.0017174 -0.0815170 -0.0816638 -0.0823486 -0.2133774 -0.0297184 -0.1563216 -0.1881682 0.0448017 0.0823396 0.1643998 -0.0632493 -0.1796529 -0.0918988 0.0247177 0.2510236 0.2815814 0.4187623 0.0181710 -0.3285378 -0.2331557 -0.3670983 -0.4456661 -0.3142424 -0.2199682 -0.2127269 -0.0411522 0.4413716 -0.1292208 0.0456049 0.2345366 0.2439326 -0.0280203 0.0883553 0.3145005 -0.1110288 0.0880924 0.0323109 0.1351686 0.4148418 0.1948836 -0.0291787 0.1221413 0.0236029 0.0029752 -0.0037122 -0.2451447 -0.0854571 -0.0136390 0.4100069 0.1450263 0.2038180 0.0362311 0.5482694 -0.0945909 0.5189511 0.5045937 -0.1309735 0.2457107 0.1788396
0.0856569 0.5026880 0.0978430 0.4554137 0.2430328 0.4652329 0.4744318 0.2541190 0.6888543 0.3917541 0.3394386 0.6772651 0.1715631 0.2489924 0.0000000 0.2935713 0.1654985 0.3595190 0.2070726 -0.0856812 0.6982303 0.0768189 0.3150941 0.4132747 -0.0682923 0.0992207 0.1476480 0.2706622 0.7372421 0.2673671 -0.0151639 -0.1146654 0.3676992 0.5102049 0.1826623 0.4571796 0.2728352 0.0488032 0.2291039 0.3134016 -0.0395169 0.5671622 0.1695815 0.4470524 0.7084591 0.1588685 0.1923207 0.0642383 0.4544675 -0.1742150 0.1715453 0.2786051 0.4152996 0.4338287 0.0438374 0.0862128 0.2971885 0.5178028 0.4317461 0.2688730 0.6131972 0.3391116 -0.0319743 0.6267869 0.1422943 0.2975823 0.3326804 0.4131627 0.1153996 0.4933682 0.3174223 0.4136005 0.4685770 0.2913386 0.2306180 0.5821857 0.6744697 0.1995835 0.0034344 0.2726581 -0.2589604 0.2015714 0.3371133 0.3098501 0.3128479 0.4921355 0.3779885 0.1813824 0.3519445 0.1470440 0.3059328 0.2217801 0.1108526 0.1033319 0.1556168 0.1808029 0.1814141 -0.0411536 0.1200669 0.2036220 -0.0008765 0.3134026 0.4381499 0.2316356 0.2378976 0.0253552 0.2885253 0.3410828 0.2804063 0.3165957 0.3143552 0.4224272 -0.1076022 -0.1760558 0.1526911 0.2208120 0.4238795 0.3604921 0.4598231 0.5435037 0.3902273 0.3640578 0.4001342 0.2927772 0.3498567 0.4819099 0.4560908 0.3380512 0.5217024 0.5067608 0.4180531 0.2689233 0.2930496 0.2938361 0.1709621 0.6020558 0.5406310 0.5117026 0.1292874 0.6498024 0.6371366 0.5510587 0.7931557 0.5493150 0.7154536 0.6639868 0.2471136 0.1415192 0.4437847 0.5331498 0.5862486 0.5826776 0.5054932 0.5367113 0.4894964 0.6139363 0.6348823 0.2862247 0.6039078 0.6052899 0.4898508 0.6666948 0.5166513 0.6209676 0.4768431 0.6079628 0.8452120 0.3764469 0.3700727 0.6861609 0.5220554 0.0473511 -0.0811313 -0.3254898 -0.1277281 -0.0076217 0.2910286 0.1109756 0.4623296 0.4276555 0.3763503 0.4127529 0.4711858 0.4345019 0.4181647 0.0129791 0.0817115 -0.0471448 0.2901541 0.6149496 0.6778959 0.3799060 -0.0530349 0.4534302 0.5882927 0.4197786 0.4049696 -0.0147215 -0.0419961 0.4477586 0.0231697 0.1444341 0.2103391 -0.0600422 0.0876495 0.0008649 0.5951361 0.3212714 0.0118026 0.1205815 0.3460815 -0.0462144 0.1109544 0.3081955 0.3830518 0.1733857 -0.2158138 -0.1248839
-0.0910707 0.1403264 0.0369634 0.4606104 0.3970398 0.0654475 0.1032007 0.6323225 0.2247220 0.4115230 0.8135350 0.2010852 0.5892418 -0.2805438 0.2935713 0.0000000 0.2523919 -0.2983121 0.8752749 0.1836314 0.0305311 0.5763674 0.8797575 -0.0248337 0.5493309 0.8063909 0.2798846 -0.0779835 0.0738771 0.0604592 0.5491169 0.3583710 0.0959141 0.2381105 0.7322030 0.0436302 0.6698240 0.5713425 0.5339385 0.5107198 0.3784239 0.2876656 0.6874119 0.2407845 0.2585795 0.6269380 0.6729114 0.3693062 0.3253531 0.4278682 0.6905476 0.6772339 0.0860319 0.7156837 0.4021878 0.5055499 0.6895956 0.7965755 0.4066350 0.7213940 0.0638725 0.7929625 0.3058203 0.3756480 -0.2196692 0.7144924 0.7631995 0.7896864 0.4693587 0.7655142 0.7680434 -0.1608578 0.7847221 0.1570999 0.6425384 0.7388805 0.4635795 0.4767204 0.0478818 0.2036779 -0.1435641 0.4256775 0.4380924 0.4453565 0.3787084 0.3587530 0.2421911 0.0794112 0.3013276 0.1257662 0.1582372 -0.0048437 0.1218358 0.2891114 0.1235848 0.3398596 0.1710365 0.2842981 0.0809038 0.2427333 0.3186225 0.3887687 0.3216765 0.3176399 0.3198161 0.2591219 0.3749193 0.5707864 0.1016682 0.4738415 0.1884373 0.1208860 0.4723844 0.2994073 0.1618329 0.3375170 0.2417075 0.2025745 0.3414697 0.3526228 0.4419704 0.3692087 0.3210251 0.5431946 0.3907519 -0.0441852 0.7684475 0.5225050 0.0136921 0.7602641 0.4894967 0.5212256 0.3030111 0.2595745 0.0244353 0.3666175 0.4643689 0.0174141 -0.0294255 0.0269045 0.2439195 0.0416871 0.4540619 0.1880219 0.3591200 0.2332653 0.0618372 -0.0674650 0.2536628 -0.0334908 -0.0122793 0.3539887 0.1577076 0.1585763 -0.0545968 0.0758503 0.2403490 0.2001765 0.3262491 0.0541939 0.1693894 0.1165301 0.3200471 0.1933244 0.2246872 0.1113282 0.2704727 0.2385272 0.4212312 0.3945369 0.1137417 0.3605436 -0.3921909 -0.5134235 -0.1073094 -0.0572435 0.1024751 0.0930168 0.0586732 0.0480437 0.2429394 0.1636018 0.2001530 0.2290032 0.3160293 -0.1735955 0.3106570 0.2310421 0.3935308 0.2072674 0.1896672 0.1356114 -0.0797566 0.2596578 -0.0080038 0.0421857 0.0113066 -0.0974800 -0.0104777 -0.1220598 0.2085458 -0.0163172 0.3478965 0.3115692 0.4248488 0.1525622 0.1219255 0.2976729 0.1307005 -0.2633426 0.1109188 0.0638215 0.4051049 -0.0333835 0.1367303 0.3635411 -0.1346827 -0.0168385
-0.3755155 -0.1447418 0.1106727 0.4137716 0.2065678 0.1308672 0.6249930 0.3390887 0.3546628 0.5074751 0.5748898 0.5089873 0.2989930 0.2826061 0.1654985 0.2523919 0.0000000 -0.0132041 0.3316191 0.0107038 0.3055866 0.3049626 0.2233739 0.1270612 0.0780319 -0.0016992 0.3387724 -0.0559533 0.4323216 0.1335204 0.1190625 -0.0543200 0.1469742 0.3148636 0.0148210 0.4362307 0.0202325 0.2093960 0.2767304 -0.1134028 0.0799531 0.4704273 0.0155383 0.1264578 0.3812928 0.1188685 0.0720115 0.1213083 0.4685477 0.2297996 0.0821466 -0.0174577 0.1814059 0.2173657 0.2283364 0.1354036 0.1146954 0.3716293 0.3184373 0.1274070 0.3412999 0.1046037 0.1232390 0.4719795 0.4491443 0.1210159 0.1292098 0.2418966 0.0280911 0.3547253 -0.0401417 0.2654346 0.2192680 0.5269503 -0.0055370 0.2403209 0.2611353 -0.3559086 -0.5065713 -0.2176842 -0.3629279 0.0847797 0.3005055 0.3233204 0.2601665 0.2716204 -0.2130914 0.3085515 0.1529811 -0.0381347 -0.1961149 -0.1960919 0.1847890 0.3992415 -0.3797330 -0.0549588 -0.1903190 0.0459669 -0.2535665 0.3567830 0.3503429 0.2671120 0.2623949 0.5419637 -0.2188884 0.2095874 0.2519641 0.4647514 0.0438422 0.2997331 -0.0542600 0.2047201 0.1180559 -0.0875090 -0.0797574 -0.2865442 -0.0821092 0.2354264 0.1219821 0.2505115 0.1598117 -0.0882169 -0.0959563 0.5644240 0.2840715 0.3557682 -0.0189857 -0.0660215 0.1741935 0.1642517 0.1043551 -0.1531733 -0.2607624 0.1843776 -0.5826460 0.0650215 -0.1423712 0.0488749 -0.2454555 0.3378273 0.1061607 0.2398392 0.0506222 0.2019524 0.1537422 0.1057632 0.0622609 -0.0354236 0.0189579 0.3029005 0.2637872 0.2840762 0.2631457 0.2338142 0.2101226 0.1634471 0.5693571 0.3281285 0.0607024 0.3087899 0.0134249 0.3011866 0.0385995 0.4292709 0.0194347 0.0687184 0.1030306 0.2549728 0.2528712 0.3515408 -0.1450468 -0.0269372 0.1688031 0.0668679 0.6060703 0.7738342 0.6395406 0.3982486 0.4005824 0.3573033 0.3041710 0.4269950 0.4626498 0.4618140 0.3743660 0.6072000 0.2511613 0.5021898 0.5798254 0.5403836 0.3568269 -0.0948277 0.5832260 0.4626183 0.3714600 0.4436632 0.3054426 0.2526445 0.3565610 0.2208459 -0.2308966 -0.4233369 -0.2266421 0.1490063 0.1666272 0.1838804 0.3662621 0.2743043 -0.3492462 -0.3043160 -0.2400461 0.2168612 0.1487438 0.0808386 0.1049950 0.0621129 -0.2776684 -0.4521230
