0.0000000 0.1314234 -0.3517700 0.2488819 -0.7152728 0.3099154 0.6698997 -0.1291701 0.2188865 0.1710027 -0.0512120 0.3593515 -0.5365883 0.1559801 0.4248985 -0.0562782 0.1788846 0.2571946 -0.2976571 -0.7592694 0.1092520 -0.1311207 0.0792323 -0.0106409 -0.0914417 0.1010612 0.3260643 0.0784100 0.1429856 0.2251396 -0.4919572 -0.0274875 -0.1107936 -0.1292222 0.1392391 -0.0618732 -0.0516692 -0.1314715 0.1339353 0.1401356 -0.0520762 -0.0857937 -0.0100019 0.2942760 -0.1790533 -0.3371527 -0.2342513 -0.1090373 0.2237101 -0.2711411 -0.1216102 -0.0322788 0.0379323 -0.0604816 -0.3554630 -0.4469477 -0.3739878 0.1171483 -0.1008338 -0.2824054 -0.2001470 -0.1756849 -0.3334871 0.0226498 0.0864584 -0.2107764 -0.2482673 -0.1524933 -0.1802671 0.1114996 -0.1011477 0.2808389 -0.0823041 0.1091211 0.1761935 0.0423157 0.2892858 0.0303570 0.1014688 0.0959372 0.0762692 -0.2815596 -0.2340732 -0.0725982 -0.7041981 -0.1266944 -0.3106125 0.6784538 -0.2604568 -0.1390990 -0.5227520 -0.4577205 -0.3200216 0.3025726 -0.1908981 -0.0059057 -0.3572446 -0.5872723 -0.0052683 0.0748553 0.0020153 -0.2608904 -0.2042943 0.1419976 -0.5549852 0.0061096 -0.5631195 -0.2551454 -0.5862360 -0.6639972 -0.5828496 -0.4951360 -0.1277170 -0.3669784 -0.2737410 -0.3023675 -0.0512349 0.0312206 0.0418717 -0.5834347 -0.2046938 0.0805562 -0.4284422 0.1935036 -0.6177012 -0.7592738 -0.1949697 -0.4049558 -0.7136944 -0.2798514 -0.4991619 -0.5259070 -0.2426554 0.2165132 -0.5053873 -0.3862959 -0.4061324 -0.4700108 -0.4973488 -0.0305326 -0.1864933 -0.3513403 -0.6461997 -0.2435701 -0.3112920 -0.1550080 -0.2446295 -0.1016120 -0.0932737 -0.1886559 -0.1564348 -0.3217788 -0.1435677 -0.0896111 -0.1584100 -0.0077982 -0.2431997 -0.0975504 -0.4540336 0.1534741 0.0137980 -0.2302497 0.1427659 0.0189373 -0.1405954 0.1413918 -0.1010904 -0.2274936 -0.3789714 -0.4333809 -0.2103823 -0.4054818 0.1369406 0.1876128 0.4597952 0.5038588 0.2016861 0.0179107 -0.0779736 -0.1488957 -0.1392807 -0.0289768 0.0676355 0.0155492 0.0530126 0.0839198 -0.0463680 -0.1638021 -0.0322909 0.1601728 -0.7561071 -0.0028462 0.3058420 -0.5471326 -0.7400931 -0.0331310 0.5104202 0.1876768 0.0046736 -0.5266472 -0.5798461 -0.1255557 -0.4477427 -0.5854505 -0.3360922 0.1851042 -0.1064736 -0.0263658 -0.1767463 0.1375476 -0.3593671 0.2570749 -0.2799942 0.1656672 0.5621732 -0.2455564 0.0433851 0.0839270
0.1314234 0.0000000 0.5472949 0.4191467 0.2551715 0.5953919 0.4307520 0.4493367 0.5999466 0.3898458 0.1614033 0.3361989 0.3789375 0.4727267 0.6303030 0.1355255 -0.0012674 0.7658850 0.0698077 0.0436992 0.5332035 0.2455082 0.0937847 0.8097427 0.1150859 0.0300836 0.0484107 0.0622432 0.6229301 -0.0581522 0.2612051 0.1838696 0.3683356 0.6397611 0.0720978 0.5396359 0.0655718 0.3264783 0.1562495 0.0047919 0.4189259 0.5979913 0.2739030 0.3706682 0.4576641 0.0501507 0.2256885 0.3745679 0.6774304 0.3047790 0.2827506 0.3102146 0.6634289 0.1249827 0.0086323 -0.0805684 0.0255830 0.1705009 0.6472628 0.1902354 0.4756092 0.2993217 0.4221239 0.2229943 0.2756528 0.0786152 0.0258348 0.0930244 0.0322824 0.1070791 0.0710755 0.3771513 0.0195325 0.1698319 -0.0242867 0.0244868 -0.0369500 -0.2638602 0.0930291 0.0587425 -0.1215604 0.5229505 0.4761979 0.2922095 0.3108007 0.5931224 0.2512730 0.3812124 0.4706416 0.5604198 0.2357409 -0.0345801 0.2157606 0.4693769 0.3422609 0.2793557 0.1427105 0.1823664 0.4866952 0.4823160 0.5064410 0.3468604 0.5309844 0.2785369 -0.0187880 0.1795151 0.2932148 0.3073940 0.0578871 0.1010515 0.1587721 -0.1026712 -0.2085161 -0.0223152 -0.2551715 -0.0252297 -0.0815632 0.4936534 0.2445995 0.2671548 0.3361604 0.1308873 0.1956076 0.3814700 0.2309692 0.0733424 0.0415344 0.1044806 -0.0807230 0.2369728 0.2264111 0.1114512 0.2593006 0.0330774 0.0608886 0.2528796 0.2563827 0.1467303 0.2706505 0.0182157 0.1805590 0.1655959 -0.0295506 0.1286678 0.3062839 0.1504253 0.3395591 0.3339404 0.1585119 0.2277334 -0.0917454 0.3474616 0.2968685 0.1032101 0.2974146 -0.1647453 -0.0479376 0.3232574 -0.0940970 -0.0477119 0.1894312 0.2057766 0.0229966 -0.1916902 0.2296517 0.2611427 0.2490687 0.1428453 0.0048661 0.1062514 0.2320581 0.1642046 0.5704665 0.5206662 0.5513218 0.0392867 -0.0918730 -0.1344159 0.5905793 0.6927146 0.5200786 0.6531590 0.6911455 0.6858923 0.7326289 0.0866352 0.3072277 -0.0162954 0.1527857 0.1582106 0.0669349 0.0208580 0.0267596 -0.5465931 -0.1323787 -0.7438196 -0.3469360 0.0084038 0.0470566 -0.2749652 -0.3868848 -0.3515320 -0.0468010 -0.2120442 0.0880079 -0.1516873 -0.3043629 0.0094290 -0.2087401 -0.0511218 -0.1873200 -0.4006937 -0.1505699 -0.4388460 0.1238662 0.1040392 -0.0036335 -0.0231961
-0.3517700 0.5472949 0.0000000 0.5464182 0.7594634 0.4506992 0.3265544 0.7916683 0.6274773 0.5304412 0.5185644 0.6166734 0.8609825 0.3620640 0.6275131 0.3487815 0.1623331 0.3997239 0.4263698 0.6233396 0.7256708 0.4726636 0.2408136 0.6446256 0.2822217 0.2313483 0.2273449 0.4012641 0.6826316 0.3629530 0.5569743 0.2488546 0.6285651 0.8022515 0.0516843 0.7261752 0.2696054 0.5274312 0.4241412 0.5092149 0.4631046 0.6927974 0.4097337 0.5574526 0.8310228 0.3305671 0.4800229 0.5082618 0.6929215 0.5740538 0.3577166 0.5331703 0.7339276 0.6200963 0.3938578 0.3661930 0.4173790 0.6018352 0.6798108 0.4349986 0.7862902 0.6219699 0.4147361 0.6934387 0.7154945 0.4421989 0.4655366 0.5685837 0.3855665 0.4371376 0.3679195 0.5978735 0.4932590 0.6111321 0.2408435 0.4379592 0.3198895 0.1669800 0.4815368 0.5224252 0.3616673 0.2470083 0.2818433 0.1123849 0.5370341 0.3030361 0.2020638 -0.1037149 0.2568434 0.2892413 0.3201084 0.1325495 0.2382013 -0.1187190 0.1094306 0.1516582 0.4500329 0.3995674 0.1684440 0.1497548 0.2373551 0.3476412 0.2919487 0.0841629 0.3426133 -0.0332530 0.4035619 0.1055761 0.3554447 0.3282437 0.3403168 0.0941989 -0.2243427 0.0452929 -0.2350978 0.0325124 -0.0102325 -0.0060638 -0.0977817 0.4512041 0.2818659 -0.0801259 0.1836462 -0.2327760 0.4203131 0.3512543 0.1115558 0.2585007 0.4041668 0.1484410 0.4903512 0.2675065 0.3074945 -0.0544962 0.3204469 0.3743930 0.4063784 0.4740254 0.5649267 0.2262605 0.0552111 0.2715135 0.3297696 0.3278491 0.4102185 0.0719954 0.3761233 0.1289256 -0.0229067 0.2129223 0.2576559 0.3716395 0.2519495 0.0169625 0.1204426 0.0546901 0.3134789 0.0774712 0.2841833 0.2682381 -0.0337427 0.2251497 0.1414826 0.2763104 0.1677890 0.3062864 0.3034244 0.0923908 0.0435886 0.3215649 0.1674451 0.2148263 0.0733960 0.2493493 0.2967881 0.0646811 0.3599639 0.3834930 0.7066976 0.8364884 0.5590006 0.6765723 0.6342443 0.6225894 0.6158657 0.6344509 0.6006879 0.6513923 0.6022674 0.4950634 0.4040296 0.4825526 0.1127299 -0.0417770 0.3228509 -0.3908430 -0.4326600 0.3723201 0.5817725 0.0237068 0.0969380 -0.5314058 -0.0835308 0.0170860 0.5788211 0.2480504 -0.3623192 0.1278513 0.1239948 -0.3474855 0.0550595 -0.2299455 0.5116437 -0.1302658 -0.1326462 0.3062371 0.3810407 0.4335230
0.2488819 0.4191467 0.5464182 0.0000000 0.3865146 0.9091849 0.5618949 0.8280043 0.8582063 0.7662470 0.7313270 0.7248715 0.5773682 0.3172978 0.7547410 0.6611455 0.6205303 0.1980279 0.4992638 0.2391966 0.6907008 0.7038438 0.5026613 0.3482775 0.4650990 0.5633474 0.5614599 0.1732565 0.7119011 0.4493948 0.5297183 0.5374613 0.3891295 0.5388805 0.3094412 0.5902089 0.6304777 0.7247173 0.6498692 0.6324061 0.5239463 0.4551557 0.4668915 0.6296524 0.5530484 0.4200712 0.6348619 0.6164817 0.7181413 0.6116954 0.5410769 0.5813092 0.4862431 0.6533083 0.5214323 0.3442991 0.5201435 0.8139544 0.4861571 0.3735718 0.5656846 0.5617391 0.3001308 0.7790396 0.7265659 0.5755531 0.5602437 0.6131140 0.5439876 0.7717668 0.5403667 0.8253821 0.6201358 0.7323609 0.7682583 0.6286357 0.6925991 0.5227869 0.6353725 0.5526712 0.7016651 -0.3489201 -0.3340633 -0.1842941 -0.0778092 0.1333492 -0.1247000 0.1388534 0.0419626 -0.0756112 -0.0192521 -0.1423385 0.1568143 -0.3100082 -0.1981238 0.1838822 0.3885914 -0.0535578 -0.0529212 -0.1706267 -0.1829358 0.1303617 -0.2392034 -0.0346411 0.0491441 -0.0670501 -0.1748747 -0.3636488 -0.0312252 -0.4597902 -0.0450251 -0.4538086 -0.3396935 -0.4329453 -0.6219812 -0.3723055 0.0061438 -0.1030571 -0.2381692 -0.0875721 0.0640043 -0.1339855 -0.0206119 -0.2613300 -0.1273666 -0.2927848 -0.0956329 0.1182290 -0.2985165 -0.2137602 0.0306762 -0.0693629 0.0948758 0.3124880 0.0083884 0.1617156 -0.0620362 -0.1012502 0.0560007 0.2247340 -0.0760487 -0.1299200 -0.1815440 0.2923587 0.1036154 0.1014325 0.1764206 -0.0189514 -0.1540129 -0.0320201 0.1698336 0.1204995 0.0373935 0.0810370 0.1505710 0.4308609 0.0338453 0.0457207 -0.0127284 0.3616994 0.1680947 -0.0602743 0.5818633 0.1641682 0.1997700 0.6027713 0.3150339 -0.0553922 -0.3079491 0.0464361 0.0342957 -0.0282512 -0.3468207 -0.0216416 0.3114832 0.2136360 0.3773232 0.6001665 0.5298641 0.5746704 0.2445046 0.5020732 0.5482582 0.4907541 0.5397922 0.5907882 0.6223848 0.5217336 0.6267042 0.7248789 -0.1827342 0.7492067 0.6232308 -0.4473767 -0.2337246 -0.1593364 -0.1034842 0.6760073 0.6468460 -0.3181797 -0.0589569 -0.3157111 -0.2972554 -0.3244245 0.5162975 0.4622158 -0.5256323 -0.0655821 0.1188094 -0.1844172 -0.2274309 0.0068665 0.3118650 0.0187128 0.0535897 0.0963996 0.6330461 0.4808813
-0.7152728 0.2551715 0.7594634 0.3865146 0.0000000 0.3474221 -0.1128950 0.7007750 0.4671126 0.4363130 0.5726569 0.2583126 0.9357480 0.2691878 0.2277686 0.4642937 0.3067587 0.0535441 0.5696600 0.8452106 0.5385183 0.5395604 0.2535300 0.2976010 0.3304192 0.2521550 0.2043966 0.0373357 0.4858589 0.1421976 0.7932206 0.2443113 0.3651884 0.5912858 0.0469331 0.6017527 0.3908874 0.5371195 0.3874863 0.3627213 0.3916326 0.5698032 0.4312892 0.1957310 0.6970858 0.4191155 0.4899432 0.4729703 0.3228594 0.6092268 0.3742579 0.5561611 0.4544855 0.5849056 0.6095380 0.4911727 0.5242956 0.4827253 0.5605002 0.4866506 0.7260077 0.6209133 0.3291787 0.5639657 0.5266695 0.4188850 0.5297086 0.6132139 0.3056699 0.3800606 0.3372733 0.3872706 0.4788391 0.4650337 0.1990757 0.3771340 0.2712066 0.2076770 0.3723092 0.4218641 0.3764816 0.0891350 0.0247820 -0.0593493 0.6734397 0.1393947 0.0943369 -0.4108145 0.1952838 0.1180327 0.3657354 0.1547771 0.1852066 -0.4870033 -0.0343832 -0.0520796 0.4332858 0.3866590 -0.0968453 -0.2271816 -0.1532529 0.2065550 -0.0025626 -0.2119190 0.3307486 -0.2028788 0.3426024 -0.0881408 0.4095522 0.2674644 0.4549436 0.0791850 -0.3000335 -0.1165805 -0.2166462 -0.1699375 -0.2023209 -0.2114402 -0.3231334 0.4209202 0.1060993 -0.3613942 0.3605493 -0.3541122 0.4129970 0.4744972 -0.0532071 0.3960198 0.3925407 0.0009587 0.3691898 0.3228086 0.1983921 0.0340887 0.3638817 0.3569800 0.2242665 0.3059983 0.4127624 0.0882163 -0.0341378 0.1542172 0.4468496 0.3364726 0.2368220 0.0099006 0.2200674 -0.0587488 -0.0899262 0.0462938 0.1795898 0.2720857 0.0891964 -0.0553734 0.0914480 0.1651498 0.2911678 -0.0090718 0.3887873 0.1421360 -0.0725217 0.0964668 0.1471320 0.1875102 0.1293018 0.1217786 0.1683586 0.1088511 0.1907920 0.3965229 0.0988954 0.2771368 -0.2416245 -0.0985955 -0.1314400 -0.3200928 0.0998806 0.3859725 0.6316982 0.6792251 0.4613607 0.5613522 0.4377677 0.4410164 0.4606721 0.4183761 0.5990171 0.6101109 0.5580280 0.3871924 0.5449276 0.4963321 0.0302338 0.2725072 0.4752221 -0.1549550 -0.6495687 0.2724175 0.4793130 0.1975884 0.2671165 -0.2340838 0.0849785 0.2048417 0.6519766 0.1247219 -0.3754667 -0.0062337 0.0087856 -0.4028975 0.0109889 -0.2917607 0.4282270 -0.1281488 -0.4039973 0.1154015 0.3672300 0.2586836
0.3099154 0.5953919 0.4506992 0.9091849 0.3474221 0.0000000 0.5773583 0.7720820 0.9260995 0.8202584 0.7209881 0.6025599 0.5241494 0.5570188 0.7768939 0.6586929 0.6696242 0.4570584 0.4303701 0.1713630 0.7182194 0.6564172 0.5002098 0.4892588 0.4345853 0.4793374 0.6325150 0.0862134 0.7797892 0.3681431 0.5121580 0.4923070 0.3473347 0.5764253 0.3494769 0.6689198 0.5735470 0.7006537 0.7093209 0.5222478 0.5857948 0.6040923 0.6030577 0.6024286 0.5617929 0.2555069 0.5573197 0.6402999 0.7529890 0.6278938 0.5938471 0.6838983 0.5765601 0.5993446 0.4630193 0.1641907 0.3661754 0.7216776 0.6266924 0.4215764 0.6105169 0.6057428 0.2989620 0.6867290 0.6475826 0.3958892 0.4475402 0.5852135 0.3407827 0.6843864 0.3864891 0.7503337 0.5189143 0.6356388 0.5909682 0.5589318 0.6166384 0.3174804 0.5945329 0.5180655 0.5535564 -0.2580707 -0.2276507 -0.1680572 0.0410688 0.2782096 -0.0617220 0.2707822 0.1606894 0.0641334 0.0166306 -0.1854121 0.1299965 -0.1710802 -0.1769738 0.0969533 0.2479774 -0.0949407 -0.0187416 -0.1834749 -0.1419389 0.1296455 -0.1356894 0.0132995 -0.1166499 -0.1115232 -0.1701631 -0.3478660 -0.1216942 -0.4878968 -0.0478073 -0.5656142 -0.4851599 -0.5738461 -0.6938318 -0.5237408 -0.2292218 -0.0180900 -0.2391855 -0.0842109 0.0427422 -0.2362134 -0.0336579 -0.0722673 -0.0706473 -0.3133532 -0.2108999 0.0636580 -0.3944980 -0.1876722 -0.0117625 -0.1196643 0.0689037 0.3326684 -0.1293100 0.1257346 -0.0837132 -0.1669064 -0.0094425 0.0951465 -0.1070467 -0.1820199 -0.3084667 0.2024070 0.0907540 0.0254917 0.1437478 -0.0065010 -0.1455413 -0.1035537 0.0054472 0.1074291 0.0357219 -0.0076525 0.1292532 0.2327332 -0.0401884 0.0747480 -0.1645570 0.2808287 0.1398233 -0.1295265 0.4274103 0.0807270 0.1330521 0.4839809 0.2270101 -0.0670395 -0.2694812 -0.0088640 0.0097384 -0.0556589 -0.2237073 -0.0210402 0.3006426 0.0415740 0.1179575 0.3736000 0.6022679 0.5915652 0.2482112 0.6398566 0.6916612 0.6361861 0.7037021 0.4458490 0.6735411 0.4169600 0.5813282 0.6593538 -0.2276265 0.6204380 0.5234706 -0.5723036 -0.3469400 -0.3509060 -0.2184366 0.5319993 0.5334549 -0.3680180 -0.2008033 -0.3221188 -0.3294770 -0.4124671 0.3340998 0.2512518 -0.5577555 -0.0308386 -0.0788316 -0.1185291 -0.4078831 -0.1353928 0.0941695 -0.1802126 0.2142261 -0.0601572 0.4733859 0.2432536
0.6698997 0.4307520 0.3265544 0.5618949 -0.1128950 0.5773583 0.0000000 0.4805400 0.6323364 0.5609190 0.3706260 0.8440495 0.0886161 0.4522534 0.8529659 0.2493426 0.3806736 0.5131644 -0.1146060 -0.1881883 0.6041519 0.1781632 0.3204800 0.4277605 0.0095664 0.2852904 0.6213214 0.2919054 0.6160991 0.5320931 -0.0101567 0.0036975 0.3652954 0.5258755 0.3000667 0.3548084 0.2540571 0.2466698 0.5247855 0.5893355 0.2380719 0.3508194 0.4446116 0.8070291 0.4860517 -0.0750714 0.1790556 0.2803516 0.7688966 0.2291256 0.2226060 0.5067313 0.6490039 0.5056101 -0.0332286 -0.1085738 -0.0196663 0.6113736 0.3182797 0.1800162 0.3979206 0.4201033 -0.1206196 0.5907556 0.6420329 0.0195314 0.1104888 0.3457026 0.0026781 0.5196633 0.0987217 0.7417724 0.3241045 0.6423068 0.2975326 0.4302413 0.6165616 0.1454404 0.4364313 0.5450586 0.3624959 -0.0787665 -0.0395924 0.1807079 -0.2190196 0.0412956 -0.2228238 0.7080084 -0.1264915 0.0702821 -0.3624391 -0.5312739 -0.1479718 0.1372920 -0.1759318 0.1191201 -0.0512909 -0.1997270 0.0326816 0.0873372 0.1575948 0.0886665 -0.0080085 0.0690462 -0.3617361 -0.1750427 -0.1821364 -0.1440811 -0.2798174 -0.4253783 -0.3863640 -0.3456147 -0.2484622 -0.3772405 -0.3019603 -0.3943250 -0.1917011 -0.0958051 -0.1785640 -0.2354448 -0.0458149 -0.0647951 -0.1960128 0.0398715 -0.2969929 -0.4198924 -0.1015365 -0.1271838 -0.3381300 -0.1201556 -0.1190835 -0.3058746 0.0410446 0.2097329 -0.2753896 -0.1304863 -0.1432962 -0.0912360 -0.0806652 0.2394593 -0.2132684 -0.1158772 -0.5227627 0.0239180 -0.0674547 -0.1621307 0.0092932 -0.0625806 -0.2023870 0.0019774 0.0992190 -0.1288040 0.0842173 -0.1965023 -0.1214982 0.0279686 -0.0595995 -0.1178085 -0.3001717 0.4293082 -0.0577285 0.0040537 0.2449642 0.3801054 0.0038563 0.2704280 0.0641358 -0.1921033 -0.2903434 -0.1301376 -0.1398296 -0.2322936 0.2027969 0.4387643 0.7688225 0.6454026 0.5887155 0.4584543 0.4696261 0.4490815 0.4257406 0.3464795 0.3647735 0.2659586 0.3845566 0.5641406 0.4979488 0.3861623 0.4706763 0.4907415 -0.4032405 0.3934229 0.3383734 -0.2852880 -0.3757620 -0.1104676 0.1638728 0.4289824 0.4528221 -0.4003379 -0.5208185 -0.4671275 -0.4024875 -0.3905922 -0.0004242 0.4824731 -0.1914176 0.3069390 -0.0995488 -0.1407464 -0.3444273 0.3231159 0.0416743 0.1646461 0.5194704 -0.1126587 0.4423628 0.5310694
-0.1291701 0.4493367 0.7916683 0.8280043 0.7007750 0.7720820 0.4805400 0.0000000 0.8527817 0.8477020 0.8730582 0.7231574 0.8262486 0.4881540 0.7215016 0.7468897 0.6625915 0.2784768 0.5622668 0.6269182 0.7571643 0.7788660 0.5888834 0.4770177 0.5141295 0.5017844 0.6144779 0.1154827 0.8132993 0.3817175 0.7520985 0.4879932 0.4648560 0.7819923 0.3862708 0.7230861 0.6591240 0.8094318 0.7427794 0.6332169 0.6932071 0.6575316 0.7448109 0.6459600 0.8045467 0.4197647 0.7396445 0.7677532 0.7853596 0.7987447 0.7011312 0.7657923 0.7477030 0.7729492 0.6363047 0.4377438 0.6401846 0.8264196 0.6450731 0.6746692 0.8231698 0.7787172 0.4644446 0.8931354 0.8495557 0.5930256 0.6991153 0.7472756 0.5220421 0.7876119 0.5574474 0.8248150 0.6923819 0.8322843 0.5925383 0.7152986 0.6885459 0.4644782 0.6833305 0.7136944 0.6729689 -0.0951147 -0.0408985 0.0169145 0.4160112 0.2986537 0.1368136 0.1072584 0.2557415 0.1997561 0.2218026 0.0234532 0.2521744 -0.3309380 -0.1007211 0.1194601 0.5546588 0.2123642 -0.0211691 -0.0774219 -0.0123693 0.3566296 -0.0454207 0.0930849 0.2765642 -0.1729693 0.2035334 -0.1724640 0.3189973 -0.0506011 0.2949555 -0.1031556 -0.2727331 -0.3155115 -0.4012511 -0.3078062 -0.1393393 -0.1861975 -0.3519020 0.2685560 0.1880601 -0.2268018 0.1194108 -0.2373854 0.2480848 0.1319114 0.0514190 0.3204091 0.1148120 0.0453164 0.3318389 0.2534284 0.3147768 0.1514484 0.2852123 0.3973265 0.2055308 0.2036890 0.3410143 0.2416752 0.0493681 0.0730261 0.0467297 0.3344421 0.2965749 0.0965033 0.3123737 0.0243879 0.0087363 0.0596072 0.1951955 0.2649065 0.1747845 0.0906020 0.1633807 0.2779029 0.0785518 0.0827027 0.1345783 0.3168163 0.1365505 0.0702374 0.3882054 0.2370143 0.2559654 0.4972430 0.3779674 0.1605630 -0.0457742 0.2547201 0.2106511 0.2540548 -0.2927881 -0.0109921 0.2890105 0.1243382 0.3700542 0.6263576 0.6534807 0.7081425 0.4972465 0.5927057 0.6298831 0.5510837 0.6432858 0.7130637 0.8058926 0.7433874 0.8154281 0.7844884 0.2061215 0.8411412 0.5737181 -0.1036005 0.1579668 -0.1439491 -0.3235476 0.7225454 0.7542833 -0.0298944 0.0055718 -0.5341728 -0.2532737 -0.1481864 0.5269800 0.3430892 -0.4492697 0.2112134 0.1140132 -0.3160759 -0.2882275 -0.0756413 0.3311256 -0.1076316 -0.0133825 0.0148351 0.5339276 0.4060322
0.2188865 0.5999466 0.6274773 0.8582063 0.4671126 0.9260995 0.6323364 0.8527817 0.0000000 0.9136432 0.7709756 0.7369310 0.6384548 0.7099434 0.8939862 0.6285074 0.7032434 0.5421125 0.4434180 0.3110848 0.8250179 0.6905112 0.4666964 0.5976455 0.4681269 0.4018343 0.7085912 0.1609836 0.8583829 0.4247593 0.5405257 0.4584231 0.4771517 0.6554942 0.2579207 0.7763113 0.4784627 0.7300129 0.8066387 0.5942697 0.7018972 0.7165206 0.7198748 0.6954442 0.6825762 0.2271020 0.5864803 0.7127245 0.8287818 0.6883292 0.6027478 0.7861962 0.6782048 0.7227417 0.5057277 0.2146873 0.4039361 0.8231919 0.7472097 0.5126741 0.7615486 0.7530311 0.3301716 0.8232686 0.7617140 0.4835182 0.5613312 0.7302612 0.3523903 0.7570110 0.5212171 0.8443662 0.6835539 0.7641383 0.5813991 0.7128964 0.6771281 0.4185971 0.7781522 0.7290552 0.6787822 -0.1815648 -0.1486815 -0.1047997 0.2181383 0.2069400 -0.0849529 0.2626560 0.1173957 0.1339340 -0.0346430 -0.1756912 0.0279359 -0.2343937 -0.2849048 -0.0750794 0.2423936 -0.1087436 -0.1334092 -0.1549785 -0.1069386 0.0872495 -0.1297981 0.1078089 -0.1060085 -0.2746976 -0.0947884 -0.3314629 -0.0325990 -0.3372220 0.0119236 -0.4397954 -0.4838763 -0.5485959 -0.6426485 -0.5696265 -0.3407027 -0.2051472 -0.4277456 -0.0355720 -0.0270908 -0.3682292 -0.0754119 -0.2361710 -0.0186395 -0.1716314 -0.2248378 0.0310679 -0.2345766 -0.2434979 0.0271517 -0.1003339 -0.0187392 0.0740733 -0.0598152 0.0706295 -0.0947904 -0.0224325 0.0445775 0.0168499 -0.1987083 -0.1324978 -0.1671536 0.0933351 0.0814831 -0.1515740 0.1038267 -0.1274337 -0.1547339 -0.1245329 0.0075749 0.0442015 0.0567283 -0.1339536 -0.0285254 0.0404454 0.1020389 -0.0766202 0.0299779 0.2964690 -0.0497528 -0.1152531 0.2349526 0.2105430 0.0421180 0.3684199 0.1620399 -0.0485075 -0.0702883 0.0687064 0.0008774 -0.0238697 -0.1893013 -0.0143808 0.3167610 0.0828087 0.2578670 0.4296776 0.6920572 0.6940329 0.3269884 0.7357864 0.7718775 0.7207003 0.7988982 0.6193808 0.7898316 0.5948083 0.7309118 0.7343818 -0.1058129 0.7036328 0.4978035 -0.4346660 -0.2013261 -0.3578739 -0.3653322 0.6098909 0.7376507 -0.3864224 -0.2380540 -0.5558605 -0.5002508 -0.4872241 0.3644507 0.3095894 -0.6437798 0.0534353 -0.1645052 -0.3027892 -0.4456291 -0.2327660 0.2372545 -0.1033914 0.1881476 -0.1306375 0.4815906 0.2562822
0.1710027 0.3898458 0.5304412 0.7662470 0.4363130 0.8202584 0.5609190 0.8477020 0.9136432 0.0000000 0.9214536 0.6746989 0.5778910 0.7499495 0.7933863 0.7788842 0.8702611 0.4388691 0.5659282 0.4057622 0.7066265 0.8008297 0.6841060 0.4774278 0.6655122 0.5630585 0.8556105 0.0521883 0.7688091 0.4502563 0.6088510 0.6047211 0.3714164 0.5810015 0.4735923 0.6804443 0.6139238 0.8340404 0.8701387 0.6022833 0.8149978 0.6113972 0.8704541 0.5889476 0.6269834 0.3181746 0.6613411 0.8326364 0.7597869 0.7829642 0.7496597 0.8486448 0.6298307 0.7137106 0.6644204 0.3302362 0.5301898 0.8123577 0.6402295 0.6959683 0.7162880 0.7927713 0.3445680 0.8697579 0.7626550 0.5663034 0.7082268 0.7896749 0.4626993 0.8570158 0.6010529 0.7812499 0.7928144 0.8164110 0.6332317 0.8533355 0.8142640 0.5720340 0.8486244 0.8328369 0.7526827 -0.2196996 -0.1570741 -0.0386101 0.3046755 0.2286127 0.0765177 0.2429984 0.2066425 0.2273765 0.0907319 0.0271482 0.0535047 -0.2794232 -0.2537301 -0.0805475 0.3898281 -0.1214424 -0.1679426 -0.2100588 -0.1050276 0.1049276 -0.2143374 0.2924438 0.0101172 -0.2595066 -0.0330726 -0.2921660 0.1353751 -0.3083035 0.1647167 -0.2948424 -0.3071859 -0.4935423 -0.5336409 -0.5347385 -0.3128968 -0.3259071 -0.5026838 0.1071451 0.0642204 -0.3305454 0.0457990 -0.1710086 0.0995437 -0.0139932 -0.0585779 0.2107667 -0.0680510 -0.1269602 0.1333388 0.1240367 0.0530656 0.0908520 0.1309432 0.2120847 -0.0015279 0.0982991 0.1308231 0.1297287 -0.0455813 0.0221794 -0.0286609 0.2116234 0.2117864 -0.0444316 0.2122267 -0.0488804 0.0305307 -0.0092888 0.1298484 0.1478671 0.2024789 0.0120077 0.0745047 0.1308597 0.2023143 0.0309455 0.1881827 0.3693816 0.0674474 0.0211058 0.3009954 0.3370556 0.1872461 0.4528745 0.2835791 0.1592222 0.1228196 0.2808118 0.1802052 0.1749988 -0.3662758 -0.2217261 0.1439775 0.0112156 0.2594031 0.4384499 0.5517579 0.5449934 0.3335794 0.5985140 0.6317466 0.5695538 0.6548511 0.6311123 0.8081420 0.6809066 0.8300890 0.8271524 0.0622432 0.8300162 0.6334030 -0.2733676 0.0014749 -0.2151711 -0.3480263 0.7685179 0.8055779 -0.2461413 -0.2205757 -0.6998190 -0.5796181 -0.5152381 0.2453326 0.3242002 -0.6076705 0.1922781 -0.1878161 -0.4197470 -0.6307279 -0.2219097 0.1466679 -0.2257061 0.1239579 -0.3031645 0.4626123 0.1928368
-0.0512120 0.1614033 0.5185644 0.7313270 0.5726569 0.7209881 0.3706260 0.8730582 0.7709756 0.9214536 0.0000000 0.5712321 0.6597289 0.5530403 0.5754979 0.8891830 0.8918877 0.1667875 0.7018855 0.5793962 0.6137487 0.8454432 0.7856229 0.2539351 0.7055222 0.6840405 0.8183068 -0.0068634 0.6656972 0.4417097 0.7351059 0.6318248 0.2591886 0.5556708 0.5726719 0.6126645 0.7609181 0.8524999 0.8272991 0.6406694 0.7308539 0.5278325 0.8424332 0.4647661 0.6457550 0.4249781 0.6990373 0.8055109 0.6107405 0.8081407 0.7629990 0.8177590 0.5635572 0.7403721 0.7728113 0.4480797 0.6422701 0.8011018 0.5022619 0.7441670 0.6911149 0.7581841 0.3209272 0.8736747 0.7825423 0.5902930 0.7750961 0.8014579 0.5382870 0.8492717 0.5614619 0.7006795 0.7734156 0.8177592 0.6511033 0.8234692 0.8450296 0.6028752 0.7650890 0.7940082 0.7543079 -0.3157794 -0.2286001 -0.1070619 0.3465800 0.2159414 0.1572412 0.0465742 0.2310536 0.1404573 0.2453537 0.1438127 0.1588763 -0.4390228 -0.1903013 -0.0053032 0.5411951 0.0200395 -0.1674661 -0.3309321 -0.2062475 0.1792716 -0.2855218 0.1546440 0.1995897 -0.1928486 0.0348508 -0.3252950 0.2738252 -0.2523309 0.3017101 -0.2085396 -0.2638400 -0.4458189 -0.4828190 -0.4382319 -0.2158304 -0.3608405 -0.4725008 0.2183962 0.1288808 -0.3062035 0.1297436 -0.2130057 0.2057457 0.0746489 0.0244559 0.3757159 0.0650828 -0.0336586 0.2415338 0.2659246 0.2062350 0.2522227 0.2647164 0.3728994 0.1145703 0.1306027 0.2251310 0.2436158 0.0551179 0.0537209 0.0637302 0.3772786 0.2812124 0.0941327 0.2692200 -0.0126149 0.0680137 0.0106060 0.2195116 0.2466005 0.1785818 0.1292883 0.1651913 0.3649364 0.1712520 0.1020107 0.1981884 0.3942765 0.1702717 0.0344770 0.4596397 0.3519880 0.2641536 0.5193617 0.3753736 0.2290462 0.0581696 0.3357845 0.2341985 0.2755263 -0.5724066 -0.3491010 -0.0224205 -0.0683505 0.2488124 0.5456907 0.4730007 0.4583332 0.3198826 0.4729791 0.4838367 0.4106032 0.4777695 0.6412670 0.7882075 0.7687983 0.8486575 0.8365731 0.1908279 0.8975273 0.6508263 -0.0686454 0.1518872 -0.0358228 -0.2990102 0.8048592 0.7732186 -0.0325166 -0.0076482 -0.5721972 -0.4044267 -0.3041089 0.3839569 0.3388759 -0.5255065 0.2108890 -0.0048360 -0.3829142 -0.5408359 -0.1057534 0.2153235 -0.2147357 -0.0180800 -0.2206580 0.5145636 0.2758298
0.3593515 0.3361989 0.6166734 0.7248715 0.2583126 0.6025599 0.8440495 0.7231574 0.7369310 0.6746989 0.5712321 0.0000000 0.4776290 0.4044541 0.8542727 0.4303051 0.4783129 0.2866213 0.2224124 0.1741807 0.8041437 0.4284617 0.3204406 0.3535749 0.2008767 0.3527491 0.6124960 0.3144582 0.7351182 0.5634874 0.2499067 0.1388732 0.4858398 0.6724242 0.1483787 0.5782240 0.3257347 0.4251570 0.6443248 0.7361695 0.3652342 0.4874473 0.4723782 0.8388623 0.6900441 0.0992950 0.3432204 0.3824284 0.7883858 0.3653864 0.2673616 0.5979340 0.6962938 0.7605605 0.1860934 0.1022356 0.2206860 0.8431800 0.4676894 0.2425364 0.6310177 0.5800736 -0.0183071 0.8423093 0.8732957 0.2886519 0.3623107 0.5933444 0.2206018 0.6835595 0.3450069 0.8804752 0.5548446 0.8215894 0.4611199 0.6151295 0.7239722 0.3694108 0.6620933 0.7516276 0.6311024 -0.1784351 -0.1619438 -0.0545278 -0.0982224 -0.0958682 -0.2392361 0.3555401 -0.1927265 -0.0635238 -0.3167761 -0.4097054 -0.2087178 -0.1848289 -0.3031386 -0.0325610 0.1631590 -0.1939801 -0.1494578 -0.0305536 0.0087781 -0.0264639 -0.2215655 0.0128260 -0.1756527 -0.3202296 -0.2075117 -0.3349408 -0.1574275 -0.3112874 -0.2526899 -0.2821055 -0.3593876 -0.4231707 -0.3758071 -0.4136266 -0.2169333 -0.3534704 -0.3992563 -0.2034270 -0.1614837 -0.2590000 -0.1616371 -0.3299625 -0.2728105 -0.2888278 -0.1982746 -0.0678240 -0.2031181 -0.2756466 -0.0939022 -0.2263302 -0.0604478 0.1506786 -0.1052066 -0.1052933 -0.1715774 -0.0576646 -0.0304029 0.1614284 -0.2841416 -0.1536040 -0.2047274 0.0450839 -0.1010813 -0.2587508 -0.0544610 -0.2498777 -0.2549528 -0.0899194 0.1253939 -0.1286286 -0.0530128 -0.2307201 -0.2188290 0.0968402 0.1280938 -0.2656203 -0.0259157 0.4580645 -0.2109070 -0.0747084 0.2567453 0.4403737 -0.0802733 0.2710945 0.0321572 -0.2037495 -0.2157794 -0.0370600 -0.1657974 -0.1868487 -0.0707659 0.2448763 0.6067432 0.5952268 0.7819774 0.7037220 0.6488959 0.6357620 0.4943584 0.4907827 0.4692083 0.3906710 0.4838355 0.8056324 0.6357555 0.6559100 0.6991154 0.7415215 -0.2504535 0.6689279 0.4674468 -0.1284437 -0.2000590 -0.0338625 0.0154245 0.6813466 0.7253736 -0.3499145 -0.3609750 -0.5801314 -0.4251377 -0.3239433 0.3916285 0.6433269 -0.3689455 0.2352611 -0.0359782 -0.3436339 -0.2237203 0.2574837 0.3982792 0.2702345 0.2160900 -0.1005244 0.5742720 0.6327879
-0.5365883 0.3789375 0.8609825 0.5773682 0.9357480 0.5241494 0.0886161 0.8262486 0.6384548 0.5778910 0.6597289 0.4776290 0.0000000 0.3565075 0.4282800 0.5537452 0.3686279 0.1688241 0.6060641 0.8003506 0.7252664 0.6122813 0.2801247 0.4254919 0.3727065 0.2903818 0.3095122 0.1782021 0.6691292 0.2820583 0.7609826 0.3161619 0.5196615 0.7474658 0.0444500 0.7647236 0.4251750 0.6257870 0.5508206 0.5134544 0.4773619 0.7015892 0.5046579 0.4357816 0.8105083 0.4032100 0.5620382 0.5365257 0.5448610 0.6715862 0.4592818 0.6629077 0.6063367 0.7421182 0.5735032 0.4373934 0.5328123 0.6653804 0.7112134 0.5115814 0.8328557 0.7321163 0.3805113 0.7195677 0.6945913 0.4647672 0.5608547 0.7219565 0.3655767 0.5226314 0.3831974 0.5535443 0.5571670 0.5992947 0.2880376 0.4939030 0.3756915 0.2349459 0.5294999 0.5406179 0.4789026 0.0066328 -0.0052140 -0.1728066 0.5591824 0.1640635 0.1043957 -0.3515811 0.1691646 0.0767512 0.2976273 0.1147623 0.1644279 -0.4173650 -0.0926090 -0.0403731 0.4538548 0.3128160 -0.0919211 -0.1829601 -0.0779643 0.1911768 -0.0131940 -0.1108907 0.2752233 -0.2286384 0.2287124 -0.1841789 0.2759226 0.1851127 0.3138888 -0.0735128 -0.4279240 -0.2231461 -0.3431630 -0.2259920 -0.2287118 -0.2056020 -0.3330918 0.3248159 0.0690319 -0.3634609 0.2457250 -0.3800920 0.3504294 0.3213743 -0.1194155 0.2847309 0.2930232 -0.0443899 0.3466067 0.2264185 0.1474618 0.0784609 0.2524691 0.3011147 0.2121831 0.2692652 0.3925000 0.0975496 -0.0876300 0.0959507 0.3516426 0.3028198 0.2345698 -0.0387537 0.2101822 -0.0715551 -0.1586553 0.0187073 0.1665608 0.2432810 0.0521089 -0.1006888 0.0351628 0.1098478 0.3246802 -0.0547598 0.2894914 0.2515953 -0.1262993 0.0387932 0.1512784 0.2393833 0.0570936 0.1860970 0.1386342 -0.0062109 0.0432785 0.3063788 0.0287052 0.1509372 -0.2585823 -0.0898134 0.0010734 -0.1939658 0.2176113 0.4329091 0.7549247 0.7901479 0.4663609 0.6902785 0.6089710 0.6061411 0.6183826 0.5589684 0.6863051 0.6708030 0.6588197 0.5778771 0.3667600 0.6077444 0.1688546 0.0546493 0.2958639 -0.2586344 -0.5626260 0.4271409 0.6022922 0.0665434 0.1790252 -0.3655845 -0.0264926 0.0850670 0.6610962 0.2132489 -0.4299215 0.0244393 0.0144140 -0.3995769 -0.0118194 -0.2339020 0.4922175 -0.1469793 -0.2532034 0.1028504 0.3953460 0.3067668
0.1559801 0.4727267 0.3620640 0.3172978 0.2691878 0.5570188 0.4522534 0.4881540 0.7099434 0.7499495 0.5530403 0.4044541 0.3565075 0.0000000 0.6723534 0.3428382 0.5828943 0.7806335 0.1849859 0.2236996 0.6162661 0.3860622 0.2386354 0.6217615 0.3137321 0.0341663 0.6553047 0.1566146 0.6298730 0.3320599 0.2870743 0.1591362 0.3814300 0.4916990 0.1411493 0.6421996 0.1040805 0.4328474 0.7239836 0.2996580 0.6464907 0.7082834 0.7524200 0.4793165 0.5295358 -0.1464084 0.2700081 0.5494748 0.5930748 0.5297232 0.4561734 0.7019223 0.5980804 0.4489592 0.3202683 -0.0492034 0.0627284 0.4452124 0.7224435 0.4536573 0.6361324 0.6211723 0.1867900 0.5075360 0.4593632 0.1031019 0.2592526 0.5135169 -0.0114340 0.4211392 0.2120533 0.4343847 0.4649550 0.4395011 0.1137903 0.5417301 0.4121696 0.1128292 0.6406440 0.6644489 0.3786894 0.0695561 0.1510038 0.0057073 0.4681205 0.1961678 0.0524907 0.3633055 0.1636959 0.3077108 -0.0567329 -0.1201868 -0.1643400 -0.1064891 -0.2881950 -0.3855809 -0.0189600 -0.1903191 -0.2444197 -0.1590191 -0.0390038 -0.0760339 -0.0009152 0.2993046 -0.2519398 -0.4792080 -0.0033841 -0.1806879 -0.0348649 -0.0623368 0.0585821 -0.1862270 -0.3905423 -0.4903626 -0.3120956 -0.5631147 -0.6759797 -0.3343439 -0.5185421 0.0568163 -0.1443282 -0.5209262 -0.0955521 -0.0888762 0.1092867 0.1012398 -0.2982004 -0.1123193 -0.0635797 -0.1661796 -0.0246678 -0.0322090 -0.1733976 -0.1165445 -0.1344544 -0.0834625 -0.1059352 0.0343590 -0.0236731 -0.2083857 -0.2331121 -0.0834157 -0.1273272 -0.1757329 0.0210356 -0.3694778 -0.0531165 -0.2078976 -0.0850595 -0.2023678 -0.1485601 -0.0584788 0.0484496 -0.3135934 -0.2167355 -0.4261342 0.1909128 -0.1522841 0.0437873 0.1400663 -0.2556942 -0.1326510 -0.2515503 0.2559819 -0.1528883 -0.0602070 -0.1203423 -0.0331462 0.2691634 0.1111732 -0.0246129 -0.0081811 -0.0176032 -0.0907209 0.1400941 -0.1082844 0.0208566 0.0910736 0.5598730 0.4761672 0.2687472 0.6645454 0.6720388 0.6486395 0.7400515 0.3467851 0.6662834 0.4317183 0.5799700 0.5232579 0.0647952 0.3972616 0.2614837 -0.1793735 -0.0151229 -0.3079456 -0.3391693 0.3456936 0.5335030 -0.1115800 -0.2580294 -0.5556479 -0.4705042 -0.3941671 -0.0337096 0.0670984 -0.3255036 0.3348174 -0.3766157 -0.2569562 -0.5108469 -0.2765567 0.0289240 -0.2253831 0.3228264 -0.4424471 0.1529226 -0.1533978
0.4248985 0.6303030 0.6275131 0.7547410 0.2277686 0.7768939 0.8529659 0.7215016 0.8939862 0.7933863 0.5754979 0.8542727 0.4282800 0.6723534 0.0000000 0.3882580 0.4970703 0.6661255 0.1894549 0.0900660 0.7881243 0.4675510 0.3510506 0.6868538 0.2858888 0.3027949 0.6367742 0.3540880 0.7962127 0.5307795 0.2695237 0.2714627 0.5631901 0.6535267 0.2061205 0.6500697 0.2896094 0.5345754 0.6770547 0.6019644 0.5618899 0.6130112 0.5783807 0.8097283 0.6473421 0.1037198 0.4217100 0.5663485 0.8931337 0.5085182 0.4201191 0.6506581 0.7219630 0.6153051 0.2669646 0.0975222 0.2165999 0.7428817 0.6374513 0.3536303 0.6501554 0.6167671 0.1954645 0.7577587 0.7408486 0.3427359 0.3740106 0.5639994 0.2584472 0.6541124 0.4073942 0.8357372 0.5815828 0.7404541 0.4714138 0.6300582 0.6296762 0.3233535 0.6917835 0.6968695 0.5589926 -0.0183146 0.0178356 0.1067863 0.0898834 0.1772462 -0.1122031 0.4831456 0.0508609 0.2002917 -0.1608517 -0.2882969 -0.0435417 -0.0184001 -0.1931985 0.0282763 0.1296236 -0.1307642 -0.0117304 0.0467326 0.0992862 0.0973678 0.0252819 0.1959412 -0.1796917 -0.2108998 -0.0595591 -0.1464057 -0.0853835 -0.2787172 -0.1190095 -0.3177598 -0.3129396 -0.3652581 -0.4679048 -0.4050564 -0.2212860 -0.1339017 -0.2948208 -0.0461386 0.0295086 -0.1820546 -0.1276657 -0.1391337 -0.0887966 -0.1951399 -0.1134841 -0.0630125 -0.1969631 -0.1674681 0.0281172 -0.1592273 0.0044980 0.0187076 -0.1042344 -0.0105154 -0.0581624 0.0641388 0.0781047 0.1323130 -0.1845201 -0.0294436 -0.2506211 0.0672231 0.0938192 -0.1502886 0.1263334 -0.0536498 -0.1500345 0.0067784 0.1028012 0.0231494 0.1567447 -0.1483965 -0.0564652 -0.0353796 0.1287024 -0.0744195 -0.0143482 0.3699256 -0.0719455 0.0225519 0.1982808 0.3328838 0.0532997 0.3553686 0.1637484 -0.0837591 -0.0836086 0.0535367 -0.0069511 -0.0822852 0.0865264 0.2734614 0.5780332 0.3683497 0.4672162 0.4382587 0.6416753 0.6811760 0.4214854 0.6424139 0.6678130 0.6092241 0.6906108 0.6514964 0.6793791 0.5414607 0.6483982 0.6381975 -0.1504479 0.5596016 0.4126197 -0.4078431 -0.2010511 -0.3369005 -0.1717415 0.5321567 0.6815480 -0.4070816 -0.3524476 -0.6198602 -0.5043617 -0.4835870 0.2306638 0.4287399 -0.4680436 0.1844806 -0.1270186 -0.2628071 -0.3519273 -0.0702974 0.2341336 0.0084240 0.3162649 -0.0504646 0.4948083 0.4089263
-0.0562782 0.1355255 0.3487815 0.6611455 0.4642937 0.6586929 0.2493426 0.7468897 0.6285074 0.7788842 0.8891830 0.4303051 0.5537452 0.3428382 0.3882580 0.0000000 0.8325882 0.0225601 0.8148122 0.6037534 0.4000698 0.9173419 0.8430931 0.1267030 0.8186923 0.7932109 0.6482808 -0.3119374 0.4359118 0.1454884 0.8059819 0.7600815 0.0067644 0.4477804 0.6869560 0.3754758 0.8315160 0.8817076 0.6229189 0.3972028 0.7329927 0.2777625 0.6968383 0.3049911 0.4095113 0.5705331 0.7483063 0.8029881 0.5489373 0.7525264 0.7981657 0.6558219 0.4610896 0.6003858 0.7646178 0.5114464 0.7034175 0.6842455 0.2593110 0.7029657 0.4222530 0.6314928 0.4110069 0.7402340 0.5877025 0.6194562 0.7841886 0.6522157 0.6271098 0.7888431 0.5683984 0.4836453 0.6509018 0.6058699 0.6674939 0.6903070 0.6852423 0.5545850 0.6110549 0.5498871 0.5963533 -0.2240314 -0.1645395 -0.0432032 0.2274034 0.3600102 0.3067103 -0.0002037 0.3915991 0.2159899 0.3555626 0.2416685 0.3052702 -0.2502071 0.0157358 0.1986081 0.7055878 0.0891767 0.0355251 -0.1810845 -0.0354901 0.2478725 -0.2389571 0.1303164 0.3050864 0.0351457 0.0656648 -0.2251411 0.3175397 -0.3426943 0.3393032 -0.1992826 -0.1981365 -0.3708297 -0.5795382 -0.3247849 -0.1003869 -0.1867289 -0.2968702 0.2078914 0.1692247 -0.1339331 0.2592451 -0.0489376 0.1659482 -0.0201535 0.0654508 0.5475437 -0.0180142 0.0740374 0.1884878 0.3256077 0.2209167 0.2852335 0.3649542 0.4281322 0.1202525 0.0229836 0.1410582 0.1538516 0.2472137 0.0349408 0.1293654 0.3852984 0.2988164 0.2050090 0.2899974 0.0945554 0.2338068 0.0648426 0.0398308 0.3895192 0.1832325 0.3113990 0.3236975 0.4629304 0.0103089 0.2800863 0.1890460 0.1709880 0.3171432 0.0672028 0.5353202 0.1247478 0.3565343 0.6197742 0.4518477 0.3520348 0.1059204 0.3395941 0.3634130 0.3900553 -0.5058940 -0.2832381 -0.0128766 -0.0235751 0.2160206 0.4229738 0.3031954 0.2678737 0.2824469 0.2414094 0.2530535 0.1919644 0.2591801 0.3444142 0.4973229 0.4822442 0.5688634 0.6406724 0.1513609 0.7174023 0.5887290 -0.1295021 0.0743322 -0.1118128 -0.2928798 0.6525237 0.5266826 -0.2074072 -0.0433913 -0.4616527 -0.1858121 -0.1901169 0.4179843 0.3726428 -0.5234949 0.2808941 0.0830861 -0.2434516 -0.4650102 -0.0716977 0.1856230 -0.2934649 -0.2335152 -0.1304109 0.5026370 0.2308643
0.1788846 -0.0012674 0.1623331 0.6205303 0.3067587 0.6696242 0.3806736 0.6625915 0.7032434 0.8702611 0.8918877 0.4783129 0.3686279 0.5828943 0.4970703 0.8325882 0.0000000 0.0969306 0.5624244 0.3698436 0.4398790 0.7749513 0.7188983 0.0488812 0.6616848 0.5977734 0.8803763 -0.2217309 0.4898188 0.3121765 0.5891800 0.5595409 0.0187666 0.2667372 0.5517130 0.3975364 0.6844031 0.7409781 0.8090144 0.4915348 0.6939269 0.3240100 0.8117527 0.3605737 0.3589489 0.2839030 0.5964455 0.7234061 0.4482487 0.6718359 0.6935153 0.7270004 0.3418108 0.6160759 0.6981794 0.3322048 0.5282980 0.7135473 0.3089522 0.6299794 0.4605349 0.6451161 0.1814406 0.7335247 0.5871702 0.5011401 0.6983598 0.7010349 0.4109833 0.8171300 0.5605445 0.6055555 0.7285353 0.6832840 0.6847659 0.8005313 0.8354857 0.6644934 0.7595308 0.7482895 0.7825516 -0.4653197 -0.4027267 -0.1601465 0.1396028 0.0296783 -0.0542660 0.2067892 0.0583857 0.0046902 -0.0405538 -0.0501968 -0.0200511 -0.4850679 -0.4095034 -0.2020537 0.3408796 -0.2437210 -0.3748451 -0.4330592 -0.3782855 -0.0322893 -0.5064261 0.0908132 -0.0335846 -0.3503607 -0.2050838 -0.4902566 0.0833085 -0.5049539 0.1003145 -0.3254834 -0.2854572 -0.6396451 -0.5267940 -0.6663906 -0.3868750 -0.5230193 -0.6396758 -0.0982832 -0.1481908 -0.4555262 -0.0329553 -0.2618895 -0.1000632 -0.1601350 -0.1671564 0.2104784 -0.2264797 -0.2601852 -0.1026867 0.0459775 -0.0661038 0.1559392 0.0779503 0.0947297 -0.2284987 -0.1679112 -0.1524201 -0.0063010 -0.1037861 -0.2074301 -0.1344148 0.0814015 -0.0239979 -0.1294821 -0.0188193 -0.2452566 0.0116423 -0.2290978 -0.0213216 -0.0306629 -0.0165249 -0.0056832 -0.0254138 0.2528052 0.0072447 -0.0704761 0.1220069 0.2344877 0.0602565 -0.1852248 0.3349269 0.2413531 0.0971477 0.3594761 0.1664295 0.1438132 0.1078411 0.1446595 0.1004781 0.1374138 -0.6225565 -0.4342507 -0.0470104 0.0066183 0.2183533 0.4996113 0.2745395 0.1777275 0.1059735 0.2736806 0.3119002 0.2321862 0.3475248 0.4679035 0.6539792 0.5778294 0.7027009 0.7293657 -0.0578970 0.8102491 0.6869979 -0.0691622 -0.0630862 0.1250406 -0.1922406 0.7461819 0.6941961 -0.2001599 -0.1364139 -0.4546395 -0.5120482 -0.4274532 0.2162855 0.3566898 -0.5154074 0.2215479 -0.1192927 -0.3191255 -0.6500177 -0.0279189 0.1000369 -0.0347516 0.0569179 -0.4338792 0.4813344 0.1303787
