0.0000000 0.7882944 0.3443366 0.4845894 0.2301408 0.5336480 0.1333087 0.5215049 0.5900562 0.4354941 0.5934017 0.3742672 0.2799608 0.2535783 0.6278832 0.5690444 0.3755570 0.0999014 0.5802972 0.1662799 0.2097605 0.5884588 0.5608260 0.2310043 0.6864373 0.6631584 0.3978053 -0.2897893 0.5558748 0.0574078 0.3885540 0.4190777 -0.1558051 0.2873271 0.3159343 0.3827353 0.4584700 0.3471699 0.3099405 0.1348664 0.2438920 0.5411693 0.3254014 -0.0912108 0.5605949 0.2053041 0.1838259 0.2267904 0.1897750 0.2432138 0.1592024 0.2969446 0.2353608 0.5453729 0.1098525 0.2220841 0.2549889 0.4704791 0.5725288 0.4049803 0.5648942 0.5008991 0.2956846 0.4278350 0.3568789 0.3287676 0.6628170 0.4157686 0.4055609 0.4374575 0.6178062 0.4177138 0.3799191 0.2893436 0.5566020 0.2693590 0.3728806 0.4496879 0.3232781 0.2289244 0.0884725 0.4431349 0.1313856 0.2114338 0.1348769 0.2192489 0.0526878 0.6144753 0.2196749 0.2905419 0.0941958 -0.0863456 0.0029905 0.6108646 0.2079938 0.0069005 0.0622961 -0.2043564 0.3362930 0.3669786 -0.0671856 0.0703130 -0.0375512 0.3928256 0.0172083 0.0740645 0.0089819 -0.2545116 -0.1570054 -0.1540295 -0.0013212 -0.0679410 -0.2873539 -0.2015684 -0.1496798 -0.1464929 -0.0476843 0.0946006 -0.0108080 0.2314392 0.2919799 0.1740049 0.1783084 0.1307677 0.1784644 0.1967611 -0.1153676 0.0592312 0.2313906 0.0522519 0.2722637 0.2239949 0.1125108 0.1372345 0.1718567 0.0235813 0.2498292 0.1594598 0.1793436 0.3007954 0.1092775 0.2417930 -0.0655128 0.2579061 0.1153232 0.1227735 0.0493139 -0.0296993 -0.1301495 0.2119562 0.3441691 -0.0772815 -0.1842431 -0.0712280 0.0282257 -0.0405329 -0.0706166 -0.2457654 -0.1866326 0.1066752 -0.2437699 -0.0150005 -0.0618569 -0.0059094 -0.2068791 -0.0802433 -0.0724886 -0.1562812 -0.0796837 -0.0688881 -0.1962561 -0.2097307 0.4137804 0.2752785 0.1717124 -0.0318221 -0.1840460 -0.1351494 0.0659778 0.3505824 0.2548946 0.4181392 0.5671335 0.4337532 0.7407528 0.2443857 0.6809116 0.1156174 0.3548866 0.1217836 0.1432390 0.1456581 -0.1036925 0.1265689 0.1337517 0.1732098 0.1652224 0.0090654 -0.0632175 0.1944266 -0.2663028 -0.1468275 0.3352932 0.1816863 0.0782411 0.3544607 0.2772214 -0.0968307 -0.3605285 -0.2560334 0.1438170 0.2161581 0.3160926 0.1442170 0.3799614 0.0201410 -0.0082478 -0.1024248
0.7882944 0.0000000 0.4850824 0.6850084 0.3436546 0.6809184 0.2891680 0.5697227 0.3474811 0.2054748 0.4336093 0.5548118 0.4675586 0.0239109 0.5621204 0.3827783 0.1833026 0.2229185 0.4580954 0.3768433 0.3281964 0.5962350 0.2669700 0.1458695 0.5416133 0.4845873 0.0461668 -0.3216743 0.6957049 -0.2014551 0.4534430 0.4110970 -0.3256934 0.1875325 0.1754154 0.3793317 0.4822543 0.4331886 0.0831719 0.0289812 0.2619038 0.6744403 0.1399064 -0.1072796 0.4870443 0.2875741 0.2716819 0.3207539 0.0964649 0.4318088 0.1948450 0.1847973 0.1590498 0.3748694 0.2491671 0.3029830 0.3684312 0.3649681 0.5860031 0.3548507 0.4080751 0.2827917 0.3606599 0.3663680 0.3109274 0.5608444 0.5323677 0.2216687 0.4052425 0.2553592 0.5895899 0.3264579 0.2796480 0.2480011 0.6069272 0.2507284 0.3831846 0.4344335 0.3527668 0.2363220 0.0387686 0.3900272 -0.0096209 0.3755797 0.5301696 0.1130327 -0.1661428 0.6248907 0.1004802 0.3065597 -0.2297498 -0.4527317 -0.1804082 0.5108048 -0.0784426 -0.2845463 -0.3042357 -0.3100704 0.2147194 0.2994319 -0.2595886 -0.0737928 -0.0108846 0.2907034 -0.3379360 -0.2304741 -0.0620975 -0.2900495 -0.2863671 -0.2499592 -0.3221398 -0.1286507 -0.2995339 -0.4584476 -0.3520566 -0.4481405 -0.4250201 -0.1571575 -0.3117391 0.2238477 0.1409825 -0.0776728 -0.2167023 0.0015328 -0.1215011 0.3130772 -0.2561884 -0.2547785 0.1907577 0.0075515 0.0767161 0.2940476 -0.0309604 0.3038967 0.1761584 -0.1093347 0.2571838 0.1674065 0.1059915 0.2464229 0.1172400 0.1384174 -0.3366958 -0.0390657 0.1789966 -0.1459508 0.1257891 0.0641663 -0.3613136 0.1171864 -0.0926498 -0.3050475 -0.2702129 -0.2597748 0.1927082 -0.4060902 -0.3993932 -0.3331552 -0.4564718 -0.3271008 -0.3000180 -0.2978556 -0.4413415 -0.3887955 -0.3151305 -0.3410386 -0.3725748 -0.3640200 -0.3648040 -0.3704650 -0.3351694 -0.3994778 0.2827375 0.2707565 0.3604550 0.1818523 -0.0425753 0.0728110 0.0993692 0.3007550 0.1842093 0.3421076 0.5124804 0.3638955 0.7180717 0.2150159 0.7407578 0.1041388 0.3713644 0.1717803 0.1181881 0.2165909 0.0446207 0.0744242 0.2219205 0.3183543 0.2459151 0.0769304 -0.1140591 0.2917090 0.0317804 0.1886047 0.2826098 0.1529083 0.3826657 0.5399093 0.2755955 0.1610924 -0.1204652 0.0943469 0.1797893 0.3813065 0.5086247 0.2506804 0.3333697 -0.0094871 0.2893202 0.1221669
0.3443366 0.4850824 0.0000000 0.4073355 0.8040674 0.3326548 0.6384008 0.6286223 -0.2360454 -0.3116389 0.1637678 0.3410954 0.8603109 -0.2894974 -0.0749755 0.1976400 -0.1587740 0.1547711 0.1836959 0.5943114 0.0382606 0.5780481 0.0059793 -0.1312450 0.3113449 0.3284622 -0.3702150 -0.1522159 0.0150025 -0.5361620 0.8038007 0.5447342 -0.2906847 -0.1675960 0.3412064 -0.2566691 0.6203678 0.5363373 -0.1476721 -0.0646195 0.5241233 0.0582974 0.2306455 -0.1530640 -0.0507347 0.4475975 0.3942528 0.5845387 0.0394078 0.4817475 0.4005321 0.3158714 -0.0064776 0.0915918 0.5164901 0.5278602 0.4504456 0.0509630 0.5873869 0.4695745 0.1617414 0.1933759 0.5987130 0.1321309 0.3692488 0.6018274 0.2483122 0.1118106 0.3085801 -0.1444994 0.2278402 0.1352264 0.1418839 0.4093665 0.2742031 0.0928747 0.0975380 0.0026552 0.1853707 -0.0165716 -0.2959850 0.1763387 -0.3120256 0.1936832 0.1829410 -0.0511095 0.2062914 0.3852644 0.0874212 0.1642362 0.0171557 -0.1998624 -0.2553545 0.1904718 0.0852873 0.0767336 -0.1122751 -0.5350632 -0.0752116 0.0224475 -0.0706189 -0.2874570 -0.2374855 0.2191377 -0.0631258 -0.0470915 -0.3596055 -0.5120020 -0.4152944 -0.3014498 -0.1241518 -0.4202811 -0.5173255 -0.2840525 -0.2954842 -0.4706735 -0.3106882 -0.1839861 -0.2976089 -0.3574112 -0.2947123 -0.2769447 -0.1511833 -0.2319617 -0.2806016 -0.1612851 -0.5576787 -0.2720346 -0.2073104 -0.3412075 -0.0322890 -0.2429772 -0.1015960 0.0171491 -0.3218620 -0.4030338 0.1457866 -0.1812367 -0.0389240 -0.5140004 -0.3115233 -0.4905272 -0.2404771 -0.2826709 0.0707050 -0.2761230 -0.2448775 -0.3866194 -0.3618820 -0.5437186 -0.4600702 -0.2488202 -0.4477833 -0.3225583 -0.3028192 -0.2747638 -0.2550103 -0.5258282 -0.2293176 -0.5844405 -0.6064981 -0.4198106 -0.3733303 -0.2683739 -0.5484936 -0.2939463 -0.2593854 -0.2590097 -0.2238795 -0.3502321 -0.3031752 -0.3237627 0.1927516 0.0680414 0.3387738 0.5507532 0.3647013 0.3991599 0.0646412 -0.0587024 0.1822700 -0.1486120 0.0632155 -0.2806977 0.6457247 0.4204296 0.6622971 0.4909478 0.2300981 0.0670321 -0.4567216 0.0289351 0.1888212 -0.4203625 -0.3365622 -0.2977809 -0.2820079 0.0048377 -0.2582518 -0.1807896 0.1614729 0.5184917 0.1695198 -0.0988630 0.5624941 0.6125147 -0.0647052 0.2134017 0.2099732 0.2154131 -0.0269718 -0.0893267 0.3407205 -0.2148357 -0.2115942 0.0940703 0.3111027 0.1488063
0.4845894 0.6850084 0.4073355 0.0000000 0.4207992 0.8874289 0.2431111 0.7990557 0.1947803 0.3532680 0.6881136 0.5563387 0.5777161 0.0830597 0.3887376 0.7069932 0.4453455 0.1667639 0.7441212 0.5185725 0.3577866 0.7360635 0.4564344 0.0455853 0.7460946 0.6943089 -0.0535023 -0.2421553 0.7440748 -0.2415908 0.5575684 0.6202432 -0.2815637 0.3295433 0.3843979 0.3743491 0.6270809 0.6728271 0.1400555 -0.1915604 0.4400104 0.6619893 0.4234848 -0.2012856 0.3737934 0.5114482 0.4322669 0.5423623 0.2741901 0.4259276 0.4331799 0.4435137 0.4123335 0.5666665 0.2665113 0.3692082 0.6065377 0.6009211 0.0921443 0.5604259 0.5786260 0.5023457 0.3943462 0.6559124 0.6126185 0.6250015 0.6106601 0.5313688 0.5905990 0.5045659 0.7377824 0.6575029 0.5796142 0.5402102 0.7674708 0.5917595 0.7001095 0.7209272 0.7107959 0.4995516 0.3722078 0.5766845 0.0906637 0.3518447 0.3684530 0.3627191 0.1862502 0.4217321 0.3946623 0.6036985 0.1534837 0.0210472 0.2290909 0.4174565 0.2319092 0.1227179 0.0553815 0.1158915 0.3273477 0.3700829 0.2138305 0.2006330 0.2576315 0.5333486 0.0018781 0.1664375 0.1690541 -0.0812392 0.0992168 -0.1336897 0.0506421 0.0935009 -0.2142616 -0.1197328 -0.0692619 -0.2477634 -0.2247207 0.0354158 -0.1661936 0.4086435 0.3199526 0.2442308 0.0761529 0.2151642 0.0903568 0.4409606 0.2044177 0.1093705 0.3540313 0.2577211 0.2000014 0.5552365 0.1717885 0.5761771 0.2288983 0.1627790 0.3102880 0.3188659 0.1875725 0.3477307 0.0861581 0.2065283 -0.1063475 -0.1813283 0.0812968 -0.1837632 0.1325994 0.1145583 -0.0727885 0.2147955 0.0288189 -0.2760659 -0.0050914 -0.1775492 0.3245637 -0.3167114 -0.1143858 -0.2901501 -0.0893766 -0.1975199 -0.0282292 -0.0844017 -0.1768834 -0.1469250 -0.1087452 -0.1261058 -0.1270507 -0.0549098 -0.0343416 -0.1460819 -0.1447939 -0.1766384 0.2283663 0.1924750 0.0841218 -0.0296818 -0.1341175 -0.1453166 0.0525330 0.3096071 -0.1227209 0.2554249 0.3610616 0.3448659 0.3099058 0.6401072 0.4740837 0.2418336 0.5441859 0.1694925 0.2519660 0.3259930 0.0282060 0.2906182 0.3602861 0.5120176 0.4810982 0.0764289 0.0843113 0.4767366 0.3282753 0.4255460 0.5283224 0.4364271 0.5121014 0.7237199 0.4928477 0.4615115 0.1662985 0.3736687 0.4761930 0.7217022 0.5794314 0.4743816 0.6640902 0.0868881 0.2882528 0.1980261
0.2301408 0.3436546 0.8040674 0.4207992 0.0000000 0.3443824 0.5907573 0.6649731 -0.2436404 -0.2384179 0.3040447 0.3775487 0.8638944 -0.2794671 -0.0806582 0.3403633 0.1440695 0.0205199 0.1965745 0.8537814 0.0918546 0.5611165 0.1646507 -0.2317434 0.3470048 0.3842455 -0.2739825 -0.3618191 0.1487484 -0.4611264 0.7692479 0.5825336 -0.4600524 -0.1539709 0.2269814 -0.1384760 0.5294721 0.5477407 -0.1698846 -0.2917740 0.5946927 0.2334067 0.1939268 -0.2765039 0.1445832 0.3505598 0.1652348 0.6164672 0.0582223 0.4567838 0.2541611 0.2815898 0.1225467 0.2647866 0.6045640 0.5117149 0.3259019 0.2549437 0.3728115 0.3545820 0.3661586 0.3118990 0.7277214 0.3458109 0.5492367 0.6255437 0.2552278 0.2892295 0.3686304 0.1223188 0.2507938 0.3575700 0.3047397 0.5743715 0.3621926 0.3781392 0.2647907 0.1505393 0.4183394 0.2008087 -0.0676665 0.2345198 -0.0891382 0.3675823 0.3348402 -0.0025725 0.2163123 0.5897364 0.1492755 0.3600895 -0.0288762 -0.2670340 -0.2798568 0.4482236 0.0585935 0.0168803 -0.2621715 -0.4094611 0.0347265 0.3269603 0.1620843 -0.3237687 -0.1056439 0.5194537 -0.0841495 0.0813334 -0.3775157 -0.1945711 -0.4464525 -0.2227684 -0.1625074 -0.5888641 -0.2086519 0.0192125 0.0248249 -0.2044338 -0.1317447 0.1276803 -0.0336674 -0.2778383 -0.2069007 -0.0656324 -0.2373889 0.1851985 -0.0791348 -0.1211097 -0.2603895 -0.2954204 -0.1847942 -0.0183657 0.0412585 0.0342401 0.0182119 0.2083684 -0.0750250 -0.2857701 0.3197991 -0.0559488 0.0659104 -0.3806600 -0.1337889 -0.3022538 -0.1359803 -0.3660923 0.2432758 -0.3415439 0.0420798 -0.0292166 -0.2531668 -0.1975930 -0.3346032 -0.2067372 -0.0744266 -0.3664079 0.0390645 -0.2048572 -0.2337139 -0.4255510 -0.1314455 -0.5896892 -0.3093836 -0.2707718 -0.2991366 -0.3124278 -0.3472612 -0.2374674 -0.2796709 -0.1672173 -0.1655628 -0.3021228 -0.2189847 -0.2206649 0.4187494 0.2102566 0.3200063 0.6731123 0.3485571 0.4862474 0.1363915 0.1747761 0.3407884 0.0124021 0.1226862 -0.1484662 0.5001296 0.5826342 0.6015070 0.4710267 0.2949263 0.0724830 -0.4939913 0.1500412 0.4811645 -0.4359219 -0.3708298 -0.2081902 -0.1952251 0.3719304 -0.0207250 -0.1466747 0.0358719 0.4186718 0.0107108 -0.0593058 0.7387716 0.7289534 0.0253451 0.3945219 0.1252137 0.3591552 -0.1588870 -0.0475452 0.6381937 0.1456754 0.0004105 -0.1443624 0.2155970 0.1211304
0.5336480 0.6809184 0.3326548 0.8874289 0.3443824 0.0000000 0.4106738 0.7724868 0.4330396 0.4237987 0.7075097 0.6463717 0.5761776 0.2935905 0.5509073 0.7422802 0.3608752 0.3485070 0.6852935 0.4839004 0.3577309 0.7357973 0.4981372 0.3352854 0.7427806 0.6668353 0.1804006 -0.0527683 0.7654951 -0.0176176 0.5533476 0.6768557 0.0107242 0.5880911 0.4491929 0.3996888 0.6105281 0.7052092 0.3898062 0.0731938 0.5048972 0.6655795 0.4607460 0.0058817 0.4379074 0.5629382 0.4648451 0.5989967 0.4589635 0.5612944 0.4365383 0.5148537 0.6221934 0.5443985 0.3851960 0.4637172 0.6231324 0.6521212 0.1854823 0.5962996 0.6263602 0.6082043 0.4813619 0.7634178 0.6978490 0.6391755 0.6980530 0.6056971 0.7399372 0.6146803 0.8053396 0.6964245 0.6748635 0.6157787 0.8224553 0.6485948 0.7288688 0.7663217 0.7478202 0.5685035 0.4628100 0.6345243 0.1585524 0.2599402 0.3273754 0.2349275 0.1286514 0.5189688 0.3013537 0.5745585 0.0197379 -0.0620286 0.0604931 0.6121673 0.2223245 0.0541354 -0.0581150 -0.0438834 0.4431822 0.5538374 0.2558538 0.0667429 0.1385031 0.5449539 -0.0924397 0.1496729 0.0615461 -0.0458720 -0.0832423 -0.1742013 -0.0237809 -0.0336467 -0.0777322 -0.0782759 -0.0262458 -0.1801669 -0.1913771 0.1511932 -0.0917252 0.2936642 0.2334884 0.2312020 0.0233332 0.3261128 0.1917668 0.3079540 0.0559881 0.0542793 0.2769529 0.1846361 0.1325816 0.5982914 -0.0422247 0.5240184 0.1319917 -0.0139462 0.1583565 0.2631738 0.0462394 0.3289946 -0.1495270 0.2068380 -0.0096688 -0.2232351 -0.0055896 -0.2327461 0.0220313 -0.0063639 -0.0582295 0.2361913 0.0701134 -0.2467841 0.0318870 -0.1435649 0.2005563 -0.2623912 -0.0900629 -0.1982112 -0.0553581 -0.1498837 0.0100444 0.0038710 -0.1580556 -0.1185966 -0.0439515 -0.0805107 -0.0718394 -0.0071438 -0.0518193 -0.0805842 -0.0383576 -0.1225183 0.2507881 0.2962763 0.1792053 0.0412933 -0.1042386 -0.0860175 0.1106172 0.4065366 0.0112748 0.3592980 0.4521224 0.4607577 0.4219308 0.5932034 0.5297261 0.2969280 0.6437021 0.2324833 0.1452397 0.3343311 0.1221153 0.2547147 0.2018986 0.4351590 0.3791863 0.2274998 0.1961657 0.3465232 0.2532936 0.1199580 0.3363145 0.2040645 0.4627977 0.7479874 0.2988820 0.4469143 0.1174828 0.2258071 0.2965997 0.6915129 0.6675290 0.5633811 0.6326795 0.1065284 0.1968681 0.0404864
0.1333087 0.2891680 0.6384008 0.2431111 0.5907573 0.4106738 0.0000000 0.4050393 -0.1465976 -0.3639494 0.0471964 0.5792973 0.6475968 -0.1519839 0.0473723 0.1118224 -0.2843980 0.3126536 -0.0277537 0.5468727 0.2156560 0.4111452 -0.2233503 0.0620298 0.0980193 0.1163325 -0.1350243 -0.0217995 0.0276199 -0.3311144 0.5558342 0.3871633 0.0016682 -0.0548784 0.1567702 -0.2340421 0.3337036 0.4173809 -0.0449504 0.1696265 0.4118421 -0.0689060 -0.0050205 0.1216752 -0.2669831 0.2952490 0.2879168 0.4932146 0.0864005 0.5208553 0.2237917 0.1840412 0.0465158 -0.1021677 0.4482186 0.3284102 0.2564704 -0.0370552 0.2369866 0.1896717 -0.0342181 0.1313691 0.5275470 0.1648610 0.3672086 0.3159509 0.0590527 0.0189991 0.3004005 -0.1176123 0.0682336 0.2531867 0.0219465 0.5318305 0.1990939 -0.0028353 0.0906711 -0.0036102 0.1307978 0.1528215 0.1328154 0.1381599 -0.3531433 0.1198730 0.2624496 -0.0665102 0.2747524 0.3168896 0.1432386 0.2648086 -0.0644805 -0.1746568 -0.4683888 0.3354779 0.1797027 -0.0121829 -0.2806417 -0.5743933 0.2088525 0.3447792 0.0801883 -0.3849031 -0.3684937 0.1929742 -0.2192571 -0.0068823 -0.4621416 -0.5528383 -0.5653856 -0.5674278 -0.1768993 -0.4987010 -0.3510098 -0.2927493 -0.3184474 -0.3741673 -0.3074153 -0.1223560 -0.2353748 -0.4539592 -0.3595564 -0.1957532 -0.3680895 0.0043605 -0.1469294 -0.1323053 -0.4257605 -0.3504728 -0.1303164 -0.3594465 -0.0150933 -0.1306779 -0.2239913 0.0170427 -0.4116089 -0.5074327 0.1012611 0.0172385 0.0195396 -0.4138116 -0.4069592 -0.3074943 -0.1087575 -0.2452122 0.2133520 -0.3235092 -0.0358977 -0.2562368 -0.1219845 -0.4290972 -0.3501733 0.0461829 -0.0985179 -0.1395177 -0.1739989 -0.1653995 -0.2358359 -0.1149319 -0.1149082 -0.4488745 -0.2295860 -0.1738076 -0.1944411 -0.2218602 -0.1332606 0.0116279 -0.1056085 -0.0227814 -0.1577221 -0.1001899 0.0845068 -0.0228143 0.3152609 0.5453752 0.6167261 0.6879736 0.5705471 0.5533199 0.2698950 0.1154889 0.2495398 -0.0308747 -0.0364203 -0.2068754 0.3233685 0.3746947 0.2801125 0.6079501 0.3748028 0.2692848 -0.5755741 0.1691762 0.6072027 -0.4164096 -0.4226599 -0.1317898 -0.1369936 0.4409392 0.2573750 -0.1276009 0.2204246 0.3215565 -0.0656355 -0.1720062 0.5378548 0.5832041 -0.0507106 0.4712353 0.2256765 0.4425572 -0.2497634 -0.0387886 0.5389741 0.2059254 0.0271231 0.1026255 0.2956953 0.2470342
0.5215049 0.5697227 0.6286223 0.7990557 0.6649731 0.7724868 0.4050393 0.0000000 0.1758207 0.3434168 0.8277123 0.5955777 0.8455792 0.0802882 0.3438720 0.7951206 0.4418021 0.1243390 0.7289267 0.6464909 0.3905695 0.7810117 0.6040024 -0.0628552 0.8297837 0.8219085 0.0690244 -0.3283621 0.5383568 -0.1779030 0.8140956 0.7564808 -0.3042703 0.2932588 0.5607362 0.3101513 0.8146296 0.7944696 0.2894527 -0.1276672 0.6190424 0.5778123 0.5887664 -0.2243302 0.3693044 0.6135871 0.4765693 0.7085864 0.3693574 0.5485264 0.5275515 0.5784730 0.5316449 0.6270347 0.6065268 0.6761286 0.7381615 0.6446623 0.3669105 0.7367528 0.7563759 0.6680829 0.7882774 0.7460774 0.8145035 0.8350309 0.7300584 0.6503989 0.8047176 0.5611275 0.7691757 0.7470867 0.7253286 0.7959028 0.8437788 0.7291233 0.7763753 0.7330761 0.7853542 0.6317826 0.3183530 0.6467504 0.0430372 0.3049785 0.2206087 0.1712642 0.1717486 0.6507463 0.2683407 0.5561355 0.1297346 0.0541820 -0.0215145 0.6203519 0.2660075 0.1585433 -0.0285895 -0.2094329 0.2416886 0.5147476 0.3039784 -0.0593466 0.0344793 0.6726494 0.0393409 0.1992647 -0.1234794 -0.1093692 -0.1357536 -0.2136104 0.0267309 -0.2733388 -0.2349408 -0.0415247 0.0295382 -0.2348677 -0.1519589 0.1689462 -0.0684065 0.0901583 0.0336161 0.0573592 0.1345259 0.1719384 0.0098396 0.0575115 -0.1091590 0.0985370 0.0076050 -0.0221808 0.0392483 0.4620992 -0.0054870 0.4090722 0.0037792 -0.0726307 0.1326169 0.0144441 -0.0279882 0.0179638 -0.0987356 -0.1323375 0.0475815 -0.3349218 -0.1028222 -0.2960578 -0.2261814 -0.2182388 -0.0739359 0.0635484 -0.0449610 -0.3269068 -0.2887545 -0.2365956 -0.0007743 -0.2089257 0.0077246 -0.5019836 0.0776161 -0.2740310 -0.2637522 -0.1847703 -0.0899919 -0.0595976 -0.3370489 -0.1094453 -0.0495625 0.0279759 0.0448547 -0.2093652 -0.1951189 -0.1860936 0.4407581 0.2763947 0.1984336 0.2526012 0.1358213 0.0852406 0.2661970 0.4287059 0.1633676 0.3273527 0.5060855 0.3626731 0.5207781 0.7858652 0.6094690 0.4983451 0.6735497 0.3259298 -0.0000096 0.4696168 0.2377629 0.0994599 -0.0192704 0.1498970 0.1790689 0.1642290 0.1392147 0.0788852 0.1107010 0.2167583 0.4273155 0.2427196 0.4454160 0.7850716 0.1567379 0.2860001 0.0331799 0.2133358 0.2455724 0.5199346 0.6787583 0.3327215 0.4456361 0.0730476 0.0845961 -0.0135508
0.5900562 0.3474811 -0.2360454 0.1947803 -0.2436404 0.4330396 -0.1465976 0.1758207 0.0000000 0.6805177 0.4549971 0.2540761 -0.0811106 0.8067067 0.8679545 0.4590748 0.4266981 0.5011383 0.3615661 -0.1096858 0.1403959 0.3212277 0.5728694 0.7729368 0.4996414 0.3933254 0.7805222 0.2854748 0.5614725 0.7143459 0.1029370 0.2693353 0.4556455 0.7579153 0.3723168 0.4922302 0.2104905 0.2332602 0.7874852 0.6306383 0.1539145 0.4779506 0.3704866 0.4047888 0.7191455 0.0981272 0.1881823 0.0585550 0.4215556 0.2017940 0.2026526 0.3335179 0.5358412 0.4785644 0.0130313 0.1436358 0.2533402 0.5147095 0.2566200 0.3363708 0.4525494 0.4393426 0.1189004 0.5062038 0.3355735 0.1319742 0.6167248 0.4565091 0.4485286 0.6250773 0.6373045 0.4313191 0.5293523 0.2132259 0.4764262 0.3919490 0.4328844 0.5641398 0.3563838 0.3246773 0.2458789 0.3149632 0.4253321 0.0425976 -0.0901247 0.1272965 -0.0544078 0.3533878 0.0412523 0.0557665 -0.0500324 -0.1055162 0.0922170 0.4808481 0.0623381 -0.1007261 -0.0007494 0.0186335 0.2655256 0.3425594 -0.0066569 0.2501483 0.2028690 0.1487123 -0.0635737 0.0335918 0.2789886 0.3420927 0.0496286 0.3802609 -0.0220885 0.2459336 0.3177057 0.2601187 0.3363129 0.3150666 0.2417758 0.4061532 0.3044146 0.4279100 0.4365998 0.2945005 0.1920991 0.4079765 0.5908052 0.1585160 0.0587307 0.1312092 0.3411659 0.2936630 0.2693493 0.3705045 -0.0210414 0.2182436 0.2370616 0.0626668 0.0140184 0.2579512 0.0420642 0.5432133 -0.1147964 0.4931103 0.0774579 0.2843246 -0.0779537 0.0330282 -0.0779949 -0.0372554 -0.0607855 0.4709159 0.5281855 -0.0964131 0.1011794 -0.0400730 -0.0409057 -0.0798309 0.0197619 -0.0004711 -0.1026218 0.3705006 0.0595147 0.2753402 -0.0500619 0.0711549 0.0748197 -0.0791508 -0.0212913 -0.0776774 -0.0949215 0.0494414 -0.0547116 -0.1313946 0.0025840 0.1398922 -0.0061431 -0.3156515 -0.2868112 -0.3551274 0.0408424 0.3386019 0.1083607 0.4729986 0.5255944 0.6145295 0.3208537 0.1043524 0.2518243 -0.0245992 0.4137415 0.2008823 0.3819211 0.1400687 -0.2755835 0.5039108 0.2617396 0.3329362 0.1981674 -0.1442780 0.0387225 0.2226299 -0.3348578 -0.5660990 0.0829533 -0.0303121 -0.2091783 0.0733971 0.1063713 -0.0998068 -0.3786266 -0.3997385 0.1412287 0.3896536 0.1778166 0.3526510 0.4072221 0.1731149 -0.2126328 -0.2781388
0.4354941 0.2054748 -0.3116389 0.3532680 -0.2384179 0.4237987 -0.3639494 0.3434168 0.6805177 0.0000000 0.7218862 0.3595356 -0.0738442 0.7575259 0.6002778 0.6236542 0.6372845 0.1674005 0.6471674 -0.1915293 0.4743038 0.2325682 0.7998653 0.2848894 0.6723708 0.6350156 0.5740429 0.0171716 0.6376343 0.6697408 -0.0021003 0.1991667 0.0544507 0.5924845 0.3260810 0.7820019 0.2069797 0.2621264 0.6575819 0.0884477 0.0237046 0.6436585 0.5299788 -0.1687604 0.6676952 0.0809043 0.0990602 0.0875666 0.2073671 0.0407669 0.1752172 0.3989840 0.4979370 0.7904361 0.0252046 0.1164707 0.2595649 0.6515334 0.0542676 0.4460934 0.6451931 0.7080590 0.1923538 0.6357220 0.4381278 0.1657430 0.7580361 0.7298460 0.5388679 0.7998995 0.7184697 0.6117958 0.7098336 0.3548045 0.6774841 0.6345093 0.7085400 0.7904785 0.6104661 0.6142499 0.3785463 0.3813606 0.2907092 0.0910148 -0.0374930 0.1788782 -0.0628041 0.3364280 0.1367238 0.2564941 0.2137126 0.3419274 0.2884906 0.4228539 0.2762955 0.1927120 0.1950550 0.2208589 0.2684519 0.3103849 0.1635522 0.2625425 0.1884552 0.3559648 0.1790695 0.3403109 0.3211979 0.4051527 0.3243279 0.2996738 0.2478706 0.3085752 0.3880645 0.4036223 0.5289120 0.5319572 0.4933642 0.6063226 0.5530219 0.5702664 0.4901853 0.6157617 0.5384638 0.4614156 0.3520156 0.0633967 0.4048346 0.5398212 0.2053344 0.2201615 0.0787505 0.6273165 -0.0081364 0.1722624 0.1824318 0.2675915 -0.1752198 0.0983238 -0.0977745 0.4951368 0.0116459 0.2976887 0.3400746 -0.0171604 -0.3815285 -0.0831015 -0.2268000 -0.0459820 0.2847352 0.5188211 0.4897327 -0.1080605 -0.0886602 0.1303929 0.0395106 0.0529758 0.3740575 -0.0771237 0.2835460 0.3843613 0.2216228 0.1747535 0.3157346 0.3451472 0.0742870 0.1832754 0.3106763 0.2561964 0.2849562 0.0987080 0.0246504 0.0634213 0.1272312 0.1548406 -0.2460290 -0.3554376 -0.2483772 -0.4262046 0.2593664 0.4851830 -0.0431995 0.5938056 0.6221158 0.7219945 0.0998122 0.3158793 0.1629258 -0.0145781 0.5311336 0.3930662 0.6533238 0.4741478 -0.1408698 0.6127163 0.3246963 0.3805533 0.4124909 -0.1709426 0.1222720 0.1402870 -0.3289413 -0.4376030 0.4828348 0.3726511 -0.3076308 0.0356065 0.1125420 -0.1878497 -0.3665509 -0.1795371 0.4912295 0.5804578 0.1397982 0.4613898 0.5563004 -0.1460450 -0.5791898 -0.4351771
0.5934017 0.4336093 0.1637678 0.6881136 0.3040447 0.7075097 0.0471964 0.8277123 0.4549971 0.7218862 0.0000000 0.5038931 0.4544195 0.3515495 0.5356233 0.9299191 0.6772928 0.0354572 0.8928994 0.3594396 0.4308510 0.5883657 0.8671862 0.0297113 0.9170958 0.9240396 0.4430943 -0.3301705 0.6751279 0.2226003 0.4478283 0.5840529 -0.2059243 0.4766416 0.5778234 0.5450587 0.6332344 0.5819115 0.5234520 -0.0694026 0.3637728 0.6677924 0.7071718 -0.2339991 0.5738422 0.4115988 0.3230560 0.4296397 0.3664549 0.2874342 0.4371041 0.5906710 0.6113708 0.7959650 0.3059468 0.3845436 0.5849337 0.7516840 0.1794613 0.6718825 0.8566393 0.8272442 0.5679140 0.8010161 0.7186860 0.5987275 0.8710367 0.8187826 0.7520602 0.8103066 0.8683851 0.8063024 0.8618670 0.6949456 0.9065750 0.8399809 0.8677901 0.9144909 0.8647902 0.7527226 0.5833267 0.5899330 0.1677068 0.1233421 0.0642407 0.1884289 0.1015261 0.5777611 0.2195525 0.4707462 0.1898974 0.2522376 0.1223775 0.6550857 0.2573212 0.1481527 0.1101327 0.0482959 0.2731191 0.5559183 0.3027910 0.0703870 0.0496058 0.6675196 0.1171541 0.2771479 0.0049845 0.0909721 0.0438966 -0.0969295 0.1116739 -0.1187343 -0.0334104 0.1273350 0.2409630 0.0684198 0.1208712 0.4068903 0.1941971 0.3273833 0.2963220 0.3567842 0.3460348 0.3452588 0.2359206 0.1613761 0.2709492 0.3290014 0.1812385 0.2375030 0.1746048 0.6467673 0.1581007 0.3982434 0.2302440 0.0968931 0.1385744 0.1650230 0.0685468 0.3270222 0.0214766 0.1446691 0.1947753 -0.1834357 -0.1576002 -0.2168568 -0.1325137 -0.0846492 0.0943203 0.3768661 0.3080384 -0.2802875 -0.1536026 -0.1248243 0.1206094 -0.0611605 0.1601917 -0.3771786 0.1863294 0.0934286 -0.0376133 -0.0085429 0.1629197 0.1113710 -0.1652907 0.0283303 0.0972361 0.1118121 0.1506765 -0.0620180 -0.1211452 -0.1030438 0.4888695 0.3561278 0.0662757 -0.0379294 -0.1331640 -0.1590638 0.2352018 0.5194670 0.1265393 0.4761135 0.6115820 0.5930723 0.3286053 0.6502122 0.4164478 0.2846563 0.6567614 0.3136033 0.2720651 0.4904397 0.1356321 0.3457039 0.1423510 0.3228671 0.3574881 0.2187135 0.3399375 0.2043467 -0.0858912 -0.1560258 0.4762330 0.3903440 0.0967566 0.5450898 0.2895794 0.1059519 -0.1803676 0.0036747 0.3102695 0.6053720 0.5558793 0.4902703 0.7060917 -0.0383000 -0.1700300 -0.1436149
0.3742672 0.5548118 0.3410954 0.5563387 0.3775487 0.6463717 0.5792973 0.5955777 0.2540761 0.3595356 0.5038931 0.0000000 0.5014441 0.2897431 0.5612778 0.4381966 0.3035867 0.4152671 0.3372207 0.3798150 0.8476777 0.3883103 0.2890068 0.0787804 0.4480914 0.4547047 0.2278573 -0.2178841 0.6915835 0.1513531 0.3891415 0.3053109 -0.1938395 0.2553737 0.1700533 0.5638572 0.3389379 0.4378072 0.2708443 0.1114026 0.1138368 0.6057963 0.1911737 -0.0564836 0.3027089 0.1234677 0.1880955 0.2913035 0.0961731 0.3543147 0.2238261 0.2344605 0.2465474 0.4183984 0.3016065 0.2405575 0.3376432 0.4120750 0.2667659 0.2835661 0.3535697 0.4376154 0.6632541 0.5760945 0.5693676 0.4210845 0.5317085 0.3781485 0.5875519 0.4021900 0.5461120 0.6856148 0.4082686 0.7628989 0.6916108 0.4338678 0.6962417 0.6016643 0.5860393 0.7299234 0.4602197 0.2929043 -0.2570440 0.3543880 0.5353044 -0.0642411 -0.0491245 0.6170645 0.0299791 0.3725324 -0.1755123 -0.1427185 -0.3616996 0.5603428 0.0936015 -0.1785367 -0.3802191 -0.4411920 0.2204774 0.4969734 -0.0693220 -0.2342358 -0.2074996 0.3550779 -0.3758030 0.0174447 -0.2324414 -0.1601261 -0.3488315 -0.2680073 -0.2550345 -0.2297025 -0.0615655 -0.0943180 -0.0057179 -0.0690831 -0.0855122 0.1753459 0.0559061 0.1024047 0.0077219 0.1552397 -0.1681539 0.2256533 -0.1078935 0.0863481 -0.0680908 -0.1107628 0.0327448 -0.1432529 -0.0661439 0.4159795 -0.2244696 0.2195807 -0.0957139 -0.2114217 0.0318193 0.1265154 -0.0152025 0.0954742 -0.1263702 -0.0089414 -0.0308075 -0.2911255 -0.0029764 -0.4463353 -0.0680920 -0.0602916 -0.0317352 0.0604149 -0.0648494 -0.1740377 -0.2327066 -0.0994813 0.0606934 -0.2785156 -0.1822697 -0.1850116 -0.1175109 -0.3161795 -0.0260054 -0.2155183 -0.0834069 -0.2348657 -0.1260344 0.0145052 -0.0546460 -0.0163863 -0.1851798 -0.2967410 -0.0282576 -0.1589041 0.4098539 0.7073680 0.5466200 0.4169012 0.5214433 0.2804097 0.6520572 0.6054747 0.1815483 0.5325894 0.5199409 0.4334585 0.2661160 0.6029828 0.3123713 0.6223747 0.8695971 0.7830331 0.1089097 0.7602854 0.6282154 0.1793580 0.0368679 0.3801132 0.4637085 0.2657103 0.4293451 0.1389219 -0.0984636 0.1388366 0.2972829 0.2112021 0.2470682 0.5988494 0.1596837 0.2985901 -0.2128418 0.5916976 0.1648896 0.5546743 0.6174563 0.5607932 0.4881675 -0.1904350 -0.0620272 0.0634613
0.2799608 0.4675586 0.8603109 0.5777161 0.8638944 0.5761776 0.6475968 0.8455792 -0.0811106 -0.0738442 0.4544195 0.5014441 0.0000000 -0.1020922 0.0784021 0.4606706 0.0394687 0.2465996 0.3839901 0.8175945 0.1737399 0.7062431 0.2222916 -0.0442535 0.5190000 0.5029918 -0.2237743 -0.1669568 0.2398120 -0.3664006 0.9205963 0.7170194 -0.2798102 0.0738175 0.4991728 -0.0543727 0.7709930 0.7645203 0.1049206 -0.0647208 0.7313416 0.3169622 0.4308312 -0.1339256 0.1750723 0.6213447 0.5192352 0.7799932 0.2136289 0.6661729 0.5493225 0.5245218 0.3355974 0.3259670 0.7375410 0.7259002 0.6865126 0.3115661 0.4935582 0.6721780 0.4556190 0.4248225 0.8059711 0.4554030 0.6818585 0.8291199 0.4477493 0.3854828 0.6012038 0.1892471 0.4825623 0.4458665 0.4878430 0.6685741 0.5811650 0.4874717 0.4385916 0.3595559 0.5370233 0.3247645 0.0001532 0.3982494 -0.1290662 0.2822212 0.2578950 0.0173974 0.2174627 0.5539283 0.1594932 0.3763366 -0.0202212 -0.2067256 -0.2507107 0.4398001 0.1014905 0.0520788 -0.2492326 -0.4394062 0.0318626 0.3183208 0.1458447 -0.2551828 -0.0857853 0.4594697 -0.1083200 -0.0009437 -0.3098164 -0.2482078 -0.3636419 -0.2743877 -0.1562895 -0.4621237 -0.2601202 -0.1239337 -0.0386114 -0.3441702 -0.2629973 0.0733155 -0.1567350 -0.1964376 -0.2039920 -0.1820405 -0.1880267 0.0549746 -0.0912023 -0.1142158 -0.4143631 -0.2438811 -0.1461456 -0.1647836 -0.0215157 0.1076502 -0.1193789 0.3141450 -0.2149547 -0.4031293 0.1506958 -0.0758495 -0.0721887 -0.3513134 -0.3309096 -0.3833339 -0.1514166 -0.4561493 0.0379637 -0.4706930 -0.2576052 -0.3471797 -0.3094461 -0.2932175 -0.4419541 -0.3663110 -0.3222442 -0.4253621 -0.1795957 -0.3895320 -0.2197219 -0.5792401 -0.1217888 -0.6095291 -0.4821214 -0.3765682 -0.3910024 -0.2926511 -0.4973841 -0.3094482 -0.2743766 -0.1602341 -0.1697367 -0.3756013 -0.2984481 -0.3073645 0.2853697 0.1905818 0.3418592 0.6061123 0.3599329 0.4322369 0.1716368 0.1634668 0.2434485 0.0301113 0.2556431 -0.0134577 0.5852389 0.6310345 0.6696241 0.5381994 0.4658663 0.1930377 -0.3492090 0.2441487 0.3462241 -0.2321944 -0.2683211 -0.1130291 -0.1560753 0.2122381 -0.0438812 -0.1195230 0.2341925 0.3909394 0.1665256 -0.0264491 0.6746680 0.8104927 -0.0475745 0.4180346 0.2445779 0.2973288 -0.0010833 0.2100292 0.6909907 0.1839776 0.0555368 0.1055654 0.2512093 0.1068031
0.2535783 0.0239109 -0.2894974 0.0830597 -0.2794671 0.2935905 -0.1519839 0.0802882 0.8067067 0.7575259 0.3515495 0.2897431 -0.1020922 0.0000000 0.5940814 0.3856214 0.3459943 0.6602966 0.2765819 -0.2102351 0.2179925 0.1806174 0.5297623 0.7550673 0.3870304 0.3001496 0.5952684 0.5683539 0.3956848 0.8491758 0.0472270 0.2146006 0.5444322 0.7374117 0.3720368 0.4479128 0.1153017 0.2672938 0.8500500 0.5632385 0.1456849 0.3593411 0.4751493 0.3537070 0.5819441 0.0967471 0.1970745 0.1168096 0.3637465 0.1783606 0.2599551 0.4754450 0.5208266 0.5920404 0.0498472 0.1186964 0.2183116 0.4900876 0.0402205 0.4023150 0.3092481 0.5637634 0.0855925 0.4928202 0.3693349 -0.0240256 0.5703649 0.5933315 0.4214797 0.6184493 0.5355824 0.4087175 0.5719586 0.2716361 0.4063682 0.4103436 0.4365026 0.4998452 0.3864605 0.3358334 0.2061227 0.1268828 0.2768745 -0.1010356 -0.2795827 0.0250545 0.0341513 0.1310140 0.0232938 -0.0326655 0.0956404 0.1609718 0.1162134 0.2408038 0.2019253 0.1916410 0.1258034 0.0285015 0.1977485 0.1111642 0.0908382 0.1905682 0.1112624 0.0451940 0.1018657 0.2644791 0.2385183 0.3755549 0.1781988 0.4433551 0.1834517 0.3036973 0.4835554 0.4833671 0.5782402 0.6189427 0.4930628 0.5986733 0.5662750 0.3392183 0.3273581 0.4777642 0.3648470 0.4553831 0.5293068 -0.1148849 0.1395236 0.3440537 0.1766128 0.1309269 0.1139026 0.2833872 -0.1781550 0.0409164 -0.0644569 0.0412814 -0.2254468 0.1026094 -0.1273838 0.2797765 -0.3568171 0.2362687 0.3136898 0.0309331 -0.3039770 -0.1229768 -0.3090104 -0.2054488 0.1689324 0.2599098 0.3831861 -0.0468308 0.0632759 0.0754915 -0.2319835 -0.0360740 0.2785376 0.0676989 0.1742206 0.3307589 0.1493269 0.2999342 0.1190823 0.2694452 0.1351113 0.0940909 0.2376961 0.1543874 0.1264908 0.1360946 0.1010871 0.0560396 -0.1707549 0.0497278 -0.2374192 -0.2641205 -0.1430576 -0.3368175 0.0959337 0.2383198 -0.1271030 0.3417684 0.3411571 0.4251698 0.0291700 0.1886456 0.1000594 0.0321466 0.4679430 0.3440231 0.3659006 0.2357633 -0.1755304 0.4300809 0.1018342 0.1785019 0.1302051 -0.2761505 0.0069070 -0.0023721 -0.2622518 -0.4614603 0.1398877 -0.0162577 -0.2166048 -0.0068798 -0.0707834 0.0060859 -0.1913931 -0.1589939 0.2840246 0.3525276 0.0579365 0.3898876 0.2832565 0.0926480 -0.4381783 -0.3983381
0.6278832 0.5621204 -0.0749755 0.3887376 -0.0806582 0.5509073 0.0473723 0.3438720 0.8679545 0.6002778 0.5356233 0.5612778 0.0784021 0.5940814 0.0000000 0.4602127 0.4824314 0.4647010 0.4189958 0.0491926 0.4399047 0.3768706 0.4916207 0.5344884 0.5615132 0.4937496 0.7528997 -0.0189546 0.7623152 0.5536360 0.1772313 0.2840780 0.1600414 0.5738047 0.3313002 0.5998730 0.3082991 0.2834084 0.6105526 0.5559807 0.0639822 0.5816563 0.2726590 0.2862990 0.6541712 0.0649540 0.2139070 0.0546352 0.2562355 0.2688449 0.2396820 0.2214469 0.3687259 0.4119737 0.0375525 0.1285094 0.3415198 0.4795199 0.2886871 0.2738682 0.4142055 0.3569281 0.3246341 0.5277115 0.3396278 0.3158955 0.6317414 0.3511506 0.5134316 0.5514675 0.7007311 0.5516989 0.4874948 0.3722972 0.6284604 0.4109963 0.5690140 0.6843401 0.4557978 0.5121224 0.3964568 0.2823806 0.2222397 0.2015418 0.2617013 0.0879176 -0.1578192 0.4995415 -0.0110215 0.1237693 -0.1981525 -0.2442817 -0.0727029 0.5474519 -0.0640115 -0.3538574 -0.2212571 -0.1098457 0.1955556 0.4278895 -0.1850609 0.1342760 0.0992966 0.1779028 -0.3289374 -0.1517408 0.1557591 0.1959877 -0.1265017 0.2074542 -0.2643666 0.1226652 0.1311102 0.0464148 0.1303129 0.0609734 0.0076589 0.2166190 0.0958613 0.4172689 0.3719613 0.1671339 -0.0193161 0.3010214 0.3601953 0.3224574 0.0701937 -0.0463383 0.3794132 0.2779886 0.2531215 0.4558283 0.0423239 0.3015659 0.2940558 -0.0195779 0.1467132 0.3581919 0.1462657 0.5646135 -0.0092619 0.4730420 -0.1299618 0.1778301 0.0185613 -0.1776506 0.0193556 0.0309950 -0.2082581 0.4530940 0.3999672 -0.2489163 -0.0655511 -0.1807308 0.0947675 -0.2679624 -0.2263543 -0.1623140 -0.3037121 0.1705137 -0.0087886 0.0440568 -0.1802469 -0.1687178 -0.0518738 -0.1995957 -0.2181126 -0.2353772 -0.2990663 -0.1770174 -0.1899636 -0.3082623 0.1865521 0.4538424 0.3722395 -0.1229289 -0.0482567 -0.1873067 0.2661746 0.4517254 0.1711944 0.5501851 0.5825525 0.6461705 0.3216233 0.2344724 0.2304549 0.1622115 0.5856960 0.4011576 0.3766991 0.3648138 -0.0232421 0.5262938 0.3377392 0.5328244 0.3966192 -0.0136181 0.2181087 0.3846974 -0.2923052 -0.3196655 0.2309736 0.1409802 -0.1069745 0.2206667 0.2794080 -0.0092763 -0.4096660 -0.1126044 0.1863089 0.5288825 0.3621084 0.4511684 0.5723188 0.1110093 -0.0710902 -0.0391841
0.5690444 0.3827783 0.1976400 0.7069932 0.3403633 0.7422802 0.1118224 0.7951206 0.4590748 0.6236542 0.9299191 0.4381966 0.4606706 0.3856214 0.4602127 0.0000000 0.6146636 0.1292060 0.8676864 0.4139464 0.2735163 0.6762782 0.8255223 0.1720250 0.8730324 0.8398984 0.3563434 -0.1543837 0.6352112 0.1768712 0.4575359 0.6698701 -0.0295933 0.5738956 0.5658632 0.3905371 0.5815325 0.6380792 0.5243484 -0.0342661 0.4500052 0.5950045 0.7146109 -0.1038960 0.5080731 0.4606205 0.3007626 0.5052558 0.5099199 0.2850184 0.4265074 0.6218719 0.6618023 0.7822521 0.2846893 0.3482269 0.5385851 0.7832794 0.0624575 0.6554331 0.7826513 0.8457379 0.4593524 0.8043288 0.7170015 0.5209124 0.8460891 0.8503818 0.7416155 0.8030647 0.8590916 0.7633668 0.8569320 0.6793612 0.8334733 0.7809334 0.8100552 0.8326569 0.8261159 0.6381480 0.5755479 0.6018448 0.2493863 0.0522559 -0.0609217 0.2228985 0.1994719 0.4623026 0.2857651 0.4525950 0.2762077 0.2889400 0.2127142 0.5742578 0.3230113 0.3026444 0.2732233 0.1195549 0.3886745 0.5085823 0.4473473 0.1436359 0.1102866 0.5996374 0.2753670 0.4273268 0.0384006 0.0718746 0.1192798 -0.0532511 0.2602698 -0.0850837 -0.0993240 0.1592712 0.2127070 0.0434701 0.0975489 0.3670751 0.1330903 0.2941461 0.3145683 0.3760002 0.3995984 0.3189578 0.3616583 0.2079701 0.2980219 0.3865355 0.2558367 0.3114440 0.2926368 0.6203253 0.2333231 0.4089404 0.3134611 0.2050404 0.2329663 0.2379499 0.1887928 0.3370306 0.0152793 0.2248282 0.3219505 -0.0977045 -0.0573981 -0.0585206 -0.0079353 0.0156638 0.1897312 0.3718426 0.3947577 -0.1464887 0.0559937 -0.0087054 0.1925761 0.0336607 0.2191723 -0.1910801 0.2512494 0.1676804 0.0568226 0.2124763 0.2006630 0.1612059 0.0067309 0.1313441 0.1853818 0.1688192 0.1870695 0.1082616 0.0637732 0.0245702 0.3201408 0.2198123 -0.0303838 -0.0973651 -0.2646247 -0.2730572 0.0324656 0.3960670 -0.0625117 0.3569230 0.4622856 0.4732217 0.2789653 0.6380312 0.4146889 0.2386153 0.6281061 0.2135208 0.1818265 0.3468452 0.0887640 0.2412502 0.1068769 0.2799471 0.3530847 0.2280187 0.3179850 0.2696638 -0.0009880 -0.0982338 0.4093198 0.3140119 0.2384312 0.6068324 0.3755162 0.2518604 -0.0342716 0.0476384 0.3444829 0.5621556 0.5243023 0.4698478 0.7132866 0.0810823 -0.0833473 -0.1735190
0.3755570 0.1833026 -0.1587740 0.4453455 0.1440695 0.3608752 -0.2843980 0.4418021 0.4266981 0.6372845 0.6772928 0.3035867 0.0394687 0.3459943 0.4824314 0.6146636 0.0000000 -0.0676478 0.4436836 0.0547873 0.4290410 0.2296827 0.8116281 -0.0140888 0.5718231 0.6254865 0.4980345 -0.3268936 0.5809049 0.3461986 0.1302467 0.2612307 -0.1487893 0.4197642 0.0966007 0.6386302 0.1714844 0.1934778 0.3208771 -0.1515120 0.0113171 0.5943662 0.2632915 -0.1346167 0.5735493 -0.0498758 -0.2031134 0.0524712 0.4007281 -0.0585822 -0.0428853 0.1268718 0.4936563 0.6829140 0.0559809 0.1373389 0.0887322 0.8195812 -0.1025369 0.1262516 0.6916927 0.5222767 0.3717900 0.7622722 0.5472358 0.2507567 0.5612228 0.6328995 0.5037328 0.8270886 0.5495266 0.7403650 0.5871909 0.5159503 0.5359384 0.7115838 0.7351050 0.7037655 0.6907372 0.6815580 0.4640119 0.4179931 0.3656851 0.2749291 0.0819410 0.0980162 -0.1355518 0.5257728 0.0746956 0.3669861 0.0448338 0.1496609 0.1483373 0.5614105 0.1546749 0.0525124 0.0907443 0.1225669 0.2550791 0.5040189 0.3196697 0.0786682 0.2022069 0.6796994 0.0653562 0.3672402 0.1228333 0.4899478 0.0841212 0.3664809 0.1127487 0.0230055 0.3160957 0.5143652 0.4517807 0.4257272 0.3510163 0.4411202 0.4045984 0.3313282 0.2578903 0.4824565 0.4018117 0.5543221 0.1910135 0.0593323 0.4136544 0.4112296 0.0203040 0.3082910 -0.0337930 0.6410253 0.0385964 0.1754255 0.3233664 0.4735614 -0.0038837 -0.0030077 -0.0727744 0.4255323 0.2939371 0.2842443 0.2948349 -0.0609378 -0.2170084 0.0833450 0.0429676 0.3310078 0.2621065 0.6364558 0.5676435 -0.0579490 0.1449550 0.1294987 0.3524711 0.2484249 0.2779384 0.0033632 0.2651179 0.2450613 0.3774134 0.2633416 0.3536549 0.2088701 0.1882739 0.1636674 0.2129812 0.2180904 0.2299386 0.0822663 0.0711271 0.0873242 0.4669833 0.1833407 -0.2216960 -0.3201799 -0.1622796 -0.3759377 0.3290086 0.6670668 0.1437091 0.6306661 0.5022328 0.6152792 0.0067986 0.6210069 0.0971454 0.1842636 0.5353673 0.3400209 0.3505972 0.5268940 0.0633451 0.3793608 0.1530466 0.2731405 0.3905374 0.0186119 0.2750769 0.1147017 -0.4551154 -0.2325065 0.2077309 0.1983531 -0.1065614 0.2357320 0.1879891 -0.1113582 -0.4883508 0.0585297 0.2212531 0.4644792 0.2184323 0.3342497 0.5675495 -0.3293192 -0.2729206 -0.2451270
