0.0000000 0.1325627 0.0139104 0.4428858 -0.2662615 0.0027596 0.1305429 0.0457961 0.6549245 0.4829731 0.2417699 0.2763452 -0.1796411 0.4423624 0.4478145 -0.1957023 0.3283634 0.3792952 -0.1648728 0.5976841 0.0382901 0.1880271 -0.1469144 0.4631454 -0.2057900 -0.2959101 0.5000133 0.3882348 0.1245728 0.6623624 0.2972389 0.0321871 0.1778371 -0.1775522 -0.2417484 -0.1943599 -0.1472497 -0.1000116 0.4014313 0.2824043 0.2313779 -0.1744961 0.0184530 0.0581406 -0.2656120 -0.1825500 -0.1501917 0.0195434 0.0711027 0.1819102 0.0488052 0.0628570 0.0243011 -0.3300115 -0.2410435 -0.2381571 -0.1554177 -0.3275605 -0.4298137 0.0422424 -0.2693477 -0.3906698 -0.4374617 -0.4304294 -0.0480796 -0.2850251 -0.2220832 -0.4258469 -0.4789419 -0.3399942 -0.2801618 -0.0022202 -0.3575200 -0.2753759 -0.2325215 -0.2567467 0.3520582 -0.2696985 -0.1864191 0.1408616 -0.2650407 0.4090579 -0.2488313 -0.3232416 -0.4037804 -0.5070548 -0.2704795 0.1812142 -0.3271625 -0.3357336 0.0242438 0.0653797 0.2936194 0.0481405 -0.2351302 0.0745558 0.0729081 -0.0451060 -0.3293801 -0.0313610 -0.5099568 -0.3524441 -0.4552704 -0.3840349 -0.2111348 -0.1075348 -0.2821957 -0.2797142 -0.1231684 -0.3458702 0.0362443 -0.1420106 0.3220856 0.3297636 0.2685317 0.3189114 0.0528125 0.1852314 0.3571021 0.0026886 0.0665206 0.2770802 0.4560559 0.4901166 -0.0330409 0.4702690 0.4239528 0.4302677 0.0780977 0.2461430 0.0089337 0.1225330 0.0667489 0.7311852 0.0968255 0.4548497 0.1370319 0.1331123 0.0331761 0.2927503 0.1846680 0.1657791 0.1120228 0.6679003 0.2342069 0.4733620 0.1333573 0.1033950 0.0244067 0.1876474 0.0417298 0.2422808 0.2151187 0.0972409 0.1539967 0.1946584 0.0964368 0.1034649 0.0601140 -0.0132762 0.0553153 0.0123604 0.2605832 -0.0710213 0.0812390 0.0449409 0.2391270 0.1835461 0.1231131 0.0256885 0.2113710 0.2963181 0.3981164 0.2887493 0.1680996 0.3992532 -0.0308551 -0.0777712 -0.1791489 -0.3209416 -0.4477748 -0.1985738 -0.1365730 0.0439700 -0.2455158 -0.3162049 -0.4169158 -0.6600304 0.4516453 0.3209286 0.0389807 0.4466786 0.4993933 0.2708107 0.2965321 0.3044561 0.6278143 0.2228668 -0.0972804 0.5738632 0.1204687 -0.2694163 -0.0310691 -0.0091339 0.5655682 0.2883545 0.5918185 0.6006092 0.0169425 -0.4714561 0.1646270 0.3855526 0.0996740 0.2401690 0.5993741 0.0154735 -0.5010599 -0.0427465
0.1325627 0.0000000 0.9087728 0.5974906 0.3808433 0.6742680 0.7279596 0.3073742 -0.0292770 0.2753162 -0.0303082 0.7379341 0.6459985 0.1057223 -0.0085142 -0.1238142 -0.0747864 0.0905413 0.1122590 0.1482078 0.6151813 0.5869239 -0.2739903 -0.2309143 0.3273336 0.1226287 -0.2285982 -0.1555576 0.5416812 -0.2219088 0.4487152 0.3889307 -0.1874120 0.0853807 -0.0639574 0.6091691 0.1559697 0.4767647 -0.5337385 -0.5590331 0.4745242 0.5020140 -0.4643053 -0.5200526 0.4215805 0.2888088 -0.1088923 0.5599009 -0.2808553 0.0368271 0.0048539 -0.5502987 0.4197899 -0.3222313 0.6246712 0.3872116 0.2218938 -0.1632599 0.4261726 0.1804144 0.5719981 -0.0219416 0.4283324 0.4112803 0.6450210 0.5892694 0.3396599 -0.0170400 0.4593573 0.2968225 0.4515229 0.5609934 0.2949593 0.3298100 0.4583117 0.3103878 0.6542366 0.3007700 0.2778336 0.3173226 -0.0324313 0.2274406 0.1634432 0.3365186 0.0937429 -0.2425042 -0.3098564 0.3748146 -0.3038865 0.1658783 -0.1737125 -0.1044447 0.2176597 0.3973453 0.0237519 0.0225636 -0.0725291 -0.0314772 0.2980459 0.2451104 0.5322903 -0.2376081 -0.0440559 0.4600261 -0.0250289 0.2601641 -0.1766172 0.1092560 -0.3961227 0.0685888 -0.0657192 -0.3249694 -0.0605243 0.3187478 0.3668165 0.1792265 0.1125906 0.3339381 0.3794957 0.2513031 0.3164976 0.3146042 -0.1305348 0.2949528 0.3080456 0.0202726 0.3795361 0.2333019 0.2340067 0.3581490 0.2994359 0.2335167 0.3548225 0.4645022 -0.0982581 -0.0866809 0.2636284 0.2267900 0.2043118 0.2855420 0.3276985 0.3971871 0.0437988 0.2841251 0.2295261 -0.1408411 0.2339765 0.3006505 0.3467882 0.3429665 -0.0941346 0.3612852 0.3250710 0.2148243 0.5013945 -0.0898464 -0.1315986 0.3992891 -0.0116637 0.1638064 0.2225432 0.2339821 -0.1056013 -0.0589163 0.2904022 0.0820879 -0.1023761 0.3303697 0.0880970 0.1916624 0.3313502 0.1586939 0.7038210 0.4295191 0.7694136 0.6540533 0.5704809 0.3054218 0.4842485 0.6432376 0.4630666 0.6037465 0.5085805 0.6142155 0.5495801 0.3732488 0.2926862 0.0597666 0.4603165 0.5521142 0.1278027 0.3406289 0.1196956 0.0265411 0.1536945 0.1486271 0.3032117 0.1320774 0.1546949 0.2358014 0.0001857 0.0314025 -0.3396820 -0.1806180 -0.1448659 0.0222674 0.3791989 0.2541142 -0.0010604 0.0765375 -0.0945359 0.2144642 0.1383561 0.3067160 0.2625385 -0.0009719 0.0605681 -0.0528044
0.0139104 0.9087728 0.0000000 0.4005129 0.3651410 0.5030704 0.4843254 0.2827158 -0.1625316 0.0576621 -0.1378334 0.6854711 0.7120087 0.0161997 0.0628900 -0.0735767 -0.1934076 0.1582357 0.1600525 0.1373727 0.6019930 0.6801059 -0.2561836 -0.2678251 0.4613479 0.2040852 -0.3262778 -0.2094279 0.4576865 -0.3803895 0.5531696 0.4994189 -0.1959718 -0.0406588 -0.0220153 0.5055556 0.2642899 0.5003775 -0.6064289 -0.5994539 0.4899814 0.4051609 -0.4652604 -0.4827678 0.3167463 0.3325405 -0.0902812 0.5379653 -0.2748019 -0.0400448 -0.0420781 -0.5803347 0.2651168 -0.3899651 0.6563703 0.3601028 0.2532128 -0.1578148 0.3303867 0.1198079 0.5334754 -0.0622387 0.4382792 0.3514408 0.6794797 0.5881128 0.2774584 -0.0237033 0.5211333 0.2119402 0.4629738 0.4174303 0.3085102 0.3113578 0.5501718 0.2612521 0.4858668 0.3735285 0.3151755 0.3236265 0.0424914 0.2654141 0.1595068 0.3468016 0.2354745 -0.0347085 -0.2447183 0.1936622 -0.1116909 0.2895265 -0.0059406 0.0353273 0.3462644 0.2683306 0.3253943 0.1422857 -0.0226414 0.0565402 0.5121086 0.1708045 0.5195884 0.0170782 0.0994694 0.5646507 0.1272386 0.4773557 0.0639663 0.1987300 -0.1787193 0.3353750 0.1506541 -0.0897128 0.0997069 0.3814554 0.5318458 0.3134968 0.2663559 0.3258040 0.4245522 0.2722727 0.3139507 0.3324155 -0.1490942 0.2997139 0.3018089 0.1337110 0.4356723 0.1721057 0.2917064 0.3222514 0.3094023 0.3254097 0.2986158 0.4461384 -0.1134777 -0.1141872 0.2726292 0.2624845 0.1578202 0.4374328 0.3351912 0.4626177 -0.0063475 0.3030653 0.2885626 -0.0131246 0.2468662 0.2991823 0.2823380 0.4569562 0.0847521 0.4416585 0.4576022 0.2531631 0.4474302 0.0668498 -0.0812668 0.5781921 -0.0672524 0.2863726 0.2971905 0.4349969 -0.0845251 0.1050367 0.4297408 0.1530057 -0.1575694 0.2623158 0.0822885 0.3190630 0.3077934 0.0682475 0.6800544 0.3484336 0.6649369 0.4925615 0.5823487 0.2777140 0.5253170 0.6568613 0.5293026 0.5732206 0.4254498 0.5620200 0.4237326 0.5151522 0.1758359 0.1328953 0.3762128 0.5085426 0.2610171 0.3670595 0.2232789 0.1072682 0.3311410 0.3155347 0.4524293 0.3076057 0.2204578 0.3256355 0.0563578 0.2926799 -0.1714260 -0.0212149 -0.1375224 0.1327768 0.3796845 0.2795184 0.0688197 0.2831756 -0.0009261 0.2983842 0.2772497 0.4491225 0.2226876 0.1446190 0.1006522 -0.0014631
0.4428858 0.5974906 0.4005129 0.0000000 -0.1494938 0.7031409 0.5894726 0.4252346 0.2420625 0.5374417 0.2480632 0.7786169 0.2642483 0.0018747 0.2208501 -0.1344068 0.1574316 -0.0849158 -0.0451793 0.2908249 0.6725416 0.3306858 -0.1987963 0.1741015 0.1317547 -0.0721311 0.2102563 0.0017292 0.7427859 0.2325906 0.2491591 0.1655610 -0.0150335 0.3931788 -0.1658294 0.6285857 -0.0931336 0.3344477 -0.0051454 -0.0248666 0.4205724 0.5567362 -0.1650184 -0.2851916 0.5641130 0.1842847 -0.1643864 0.3476210 0.0111945 0.2917279 -0.0663340 -0.1424939 0.8505642 -0.0546455 0.2260735 0.1538908 0.0227652 -0.0081120 0.1761402 -0.0201504 0.4342309 -0.1705052 -0.2301294 0.3999452 0.6010936 0.3478660 0.1010533 -0.1748711 -0.0437031 0.1197422 0.1139733 0.6721701 0.0381275 0.2028714 0.1648857 0.1760376 0.7204111 -0.1056597 -0.0903593 0.2358455 -0.4570804 0.2195522 0.0616924 0.0885974 -0.0324467 -0.3186290 -0.1874209 0.3775789 -0.2424399 0.0993247 -0.2035540 -0.1696201 0.0815061 0.1729777 -0.0339842 -0.0349327 -0.0125762 -0.0985756 0.1967423 -0.0188477 0.3130182 -0.3846536 0.1571495 0.1729277 -0.1273763 0.1581104 -0.0701416 0.3321980 -0.2642991 -0.0895620 0.2441044 -0.3689336 -0.0776913 0.2888738 -0.0551823 0.0304140 -0.1651423 0.1287473 0.2707215 0.0907173 0.2781472 0.4227722 0.0676458 0.5635473 0.1322193 0.1849769 0.4405568 0.4281102 0.1995062 0.5698215 0.3402267 0.2508385 0.3998303 0.6300713 0.0851285 0.2220706 0.2812993 0.2780169 0.3027912 0.3624652 0.3992892 0.3239764 0.1639515 0.4147671 0.2185623 0.0280379 0.1819850 0.1676611 0.3762738 0.2815881 -0.0290622 0.5238397 0.1982488 0.1152163 0.3818867 0.1087940 -0.1036641 0.1913783 -0.1126464 0.0070820 0.1229214 0.0586390 0.4600886 -0.0900869 0.1182430 0.4482034 0.3409559 0.3229837 -0.0366353 -0.0625300 0.4089082 0.1678700 0.2693905 0.3845907 0.5734768 0.7528930 0.5049939 0.1360688 0.4605731 0.3649727 0.0510193 0.4258798 0.3304378 0.4528088 0.2722305 -0.0121818 -0.0718897 -0.3828068 0.6330212 0.5428204 0.0587364 0.5337774 0.2483097 0.0751444 0.1888427 0.2562058 0.2347926 0.0916544 -0.0635685 0.3527914 -0.0064327 -0.1571270 -0.2267826 -0.2211285 -0.1592254 -0.3507564 0.5491243 0.1907274 -0.0598356 -0.2256471 0.0853528 0.5053869 -0.1992317 0.3972870 0.4864028 -0.2753101 -0.1249311 0.0071014
-0.2662615 0.3808433 0.3651410 -0.1494938 0.0000000 0.1130655 0.2165021 -0.3719854 -0.5030534 -0.1889353 -0.3632184 0.0629105 0.0428988 0.0908707 -0.3509599 -0.2163115 -0.3228510 0.2443023 -0.1876367 -0.3702657 0.1282214 0.1636191 -0.2259389 -0.3808404 0.0776500 0.0251283 -0.4277167 0.0984440 -0.0983466 -0.2504064 -0.0007409 0.2823912 -0.1355368 -0.3457091 0.0865043 -0.1363339 0.2112743 0.0752390 -0.3657482 -0.4592090 0.1787492 -0.2421929 -0.2426182 -0.2024773 -0.1728905 -0.0397609 0.0344405 0.3285327 -0.1166673 0.0873584 0.0202344 -0.2040004 -0.1293148 -0.2109945 0.4614668 0.1126546 0.0645975 -0.1592809 0.2820736 0.0648069 0.0563003 0.1022488 0.7584811 0.2798591 0.2583066 0.3180707 0.0558490 -0.0279406 0.4050837 0.0931695 0.0153954 0.3064932 -0.0596966 0.5979922 0.0572809 -0.0522057 0.0648732 -0.0620902 -0.0723824 -0.1999962 0.1254889 -0.2301994 -0.0455108 -0.0320288 -0.2173228 -0.3846221 -0.3658757 -0.0852149 -0.3914657 -0.3878778 -0.2201867 -0.1939810 -0.2478962 -0.1036488 -0.1961645 -0.3835601 -0.2260161 -0.2450248 0.0039150 -0.2440251 0.1282438 -0.1209592 -0.4603009 -0.0430873 -0.2304079 -0.2527391 -0.4871670 -0.4439416 -0.4677296 -0.2171498 -0.4740860 -0.3176128 -0.3737059 -0.0932117 0.1433964 -0.0693119 0.1038238 0.1647593 0.1093414 0.1809177 0.1558535 -0.2610633 -0.4624863 -0.1086977 0.2306268 -0.1901138 -0.3561856 -0.1445172 0.0168022 -0.0964261 0.0588835 -0.2559920 0.1676937 -0.1905023 -0.2853284 -0.3440315 0.0859750 -0.0697173 0.0745598 -0.0781675 -0.1203107 0.0155060 -0.4598181 -0.0271430 -0.0130860 -0.5731323 0.0738470 0.1525418 -0.1656532 -0.2451804 -0.3669630 -0.3468841 -0.1425600 -0.2433532 0.0998212 -0.5974650 -0.3522792 -0.0346991 -0.2845409 -0.4777501 -0.2844944 -0.2967036 -0.6945927 -0.4883061 -0.2842921 -0.5461096 -0.7190475 -0.2528173 -0.3042629 -0.3220719 -0.4265039 -0.3618136 0.1819805 -0.4468054 0.0245471 0.0796103 0.3758320 0.5790364 0.3246536 0.4056807 0.4904825 -0.1673725 -0.0730734 -0.1412666 0.2581574 0.6233030 0.6730017 0.6407542 0.3274922 0.2324343 0.0553738 -0.0100604 -0.1595385 -0.1725534 -0.0864728 -0.2100568 -0.0377198 0.3401824 0.0385223 -0.1363896 0.1704273 -0.2396150 -0.3657016 -0.1192053 -0.1157735 0.1138159 -0.1800525 0.1963420 0.1652181 -0.0316021 -0.3462729 -0.1594801 0.0221547 0.1020587 -0.3201930 0.1902625 0.1213770 -0.2674769
0.0027596 0.6742680 0.5030704 0.7031409 0.1130655 0.0000000 0.7413671 0.1107199 -0.0206006 0.4067966 0.0056520 0.6672681 0.2904932 -0.2062044 0.1336715 -0.3089745 -0.1742253 -0.2750465 -0.2788927 -0.0609246 0.6708446 0.1324314 -0.4747460 0.1329334 -0.0116856 -0.1739727 -0.2201769 -0.0354316 0.7223404 -0.0728237 0.1302054 0.1293826 0.0763062 0.3490915 -0.1443088 0.6927849 -0.1227835 0.2302099 -0.2930828 -0.3424449 0.0892214 0.5733920 -0.4067519 -0.2084319 0.5960014 0.0844819 -0.2036651 0.1806651 0.0983508 -0.0340789 -0.0877391 -0.3394530 0.7079069 -0.1974344 0.4008815 0.1758790 0.0180929 0.0713474 0.5133319 -0.0731050 0.6443560 0.0125034 0.1486200 0.5009793 0.6737773 0.4378784 0.1665014 -0.0031050 0.1651471 0.3040702 0.3217002 0.6014725 0.2292203 0.3975167 0.2989345 0.2926243 0.6005557 0.1443782 -0.0085488 0.0389076 -0.1779305 -0.0440799 -0.0500570 0.0869968 -0.0733631 -0.2089833 -0.0578656 -0.0612876 -0.2309081 0.0294093 -0.0745797 -0.0392220 0.2165717 -0.0596909 -0.0614797 0.0277644 0.0098111 -0.1026000 0.0688930 0.0689426 0.5150227 -0.1126927 0.1947957 0.2140415 -0.0209152 0.0972792 0.1622376 0.1871916 -0.2697401 0.0825881 -0.0603336 -0.2073054 -0.2765966 0.0386003 -0.1453763 -0.2035917 -0.2636811 0.1122303 0.0128511 -0.1393584 0.0236584 0.1029284 0.0516229 0.0179200 -0.0940367 -0.2513297 0.0249830 0.2279703 -0.1284942 0.2539791 0.0986835 -0.0103580 0.2251331 0.1356279 -0.0380495 -0.0687967 -0.0341630 -0.0603432 0.0649349 -0.0588496 0.1608830 0.0010266 -0.1125247 -0.0542010 -0.1577350 -0.3772190 -0.1018336 -0.0820105 0.2108316 0.0556060 -0.3278540 0.1490641 -0.1210283 -0.1300766 0.3186018 -0.1651857 -0.3860245 -0.0602965 -0.1911187 -0.1533227 -0.0299971 -0.1725349 0.1013106 -0.2769964 -0.0660977 0.2198527 0.0281130 0.0924182 -0.1752986 -0.2251900 0.1128868 -0.1206410 0.2340298 0.2026819 0.6301177 0.5909502 0.5710667 0.3948177 0.5337262 0.5974149 0.4062021 0.4983960 0.4624165 0.3780698 0.4737484 0.3392283 0.3668592 0.0260226 0.4818939 0.4898414 -0.1559815 0.3258277 -0.1532310 -0.0778629 -0.1497526 0.0272299 -0.0395411 -0.0365629 -0.0319348 -0.1179875 0.0216880 0.2108621 -0.1996976 -0.2420389 -0.4987395 -0.4641833 0.1043155 0.1063662 0.1202816 0.2394549 0.1125632 0.1956154 -0.2824345 0.2103393 0.4363513 -0.0206513 0.2711645 -0.1673322
0.1305429 0.7279596 0.4843254 0.5894726 0.2165021 0.7413671 0.0000000 0.1109390 -0.0481052 0.3249508 0.2177873 0.6164748 0.2432877 -0.0996763 -0.2779524 -0.1237855 0.0517408 -0.2458518 -0.1817445 0.0053584 0.5154377 0.1580492 -0.2168074 -0.2033691 -0.0605460 -0.1235901 -0.1649220 -0.2551956 0.4482418 -0.1769243 0.0311126 0.0326275 -0.1825107 0.0506296 -0.1319260 0.6617186 -0.1167135 0.1505433 -0.3713646 -0.4823853 0.0980271 0.5689431 -0.3094283 -0.5328371 0.4207686 0.1288787 -0.0995262 0.2411611 -0.2607164 0.1487936 -0.0051421 -0.4477315 0.4392401 -0.2992067 0.3406387 0.3360622 0.0525785 -0.3654074 0.4312556 0.0384932 0.5065964 -0.1833069 0.2473710 0.3885255 0.5958068 0.4038391 0.1335989 -0.2114667 0.3530960 0.1108267 0.1608035 0.5796019 0.0196921 0.3331649 0.2162714 0.1770379 0.6765088 -0.0427862 0.1978316 0.2999027 -0.1806210 0.0725068 0.0834392 0.0398834 -0.1465388 -0.4629193 -0.3305528 0.3776923 -0.6081401 -0.0165966 -0.4895417 -0.4510507 -0.0250261 0.4526665 -0.4486693 -0.2961857 -0.2254472 -0.1688651 -0.0724679 0.4423757 0.3764515 -0.4563404 -0.0615959 0.3409265 -0.3988221 -0.1383212 -0.3568177 -0.0784102 -0.7061647 -0.3185818 -0.4026240 -0.5672911 -0.3141753 0.0723346 0.1015590 -0.0141080 -0.1705358 0.1837537 0.0836554 -0.0696637 -0.0809781 0.1000373 -0.1403825 0.1756318 -0.1047378 -0.2841414 0.1072309 0.0329508 -0.2322648 0.0106184 -0.1333580 -0.1893898 0.0735887 0.1664610 -0.2386246 -0.2314803 -0.2014381 -0.2453665 -0.1869295 -0.1275228 0.0896245 -0.0881077 0.0843549 0.0040564 -0.2515379 -0.3636668 -0.2002221 -0.0854065 0.4692169 -0.0104391 -0.4720253 0.0850234 -0.1931288 0.1761549 0.3336955 -0.0382746 0.0086092 -0.0625452 0.1879850 -0.0488494 0.1636532 -0.2001798 0.0455255 -0.1039875 -0.0398144 0.1906280 0.2478221 0.4808590 0.1304831 -0.0279844 0.2966251 0.2701213 0.5670579 0.4886506 0.8319214 0.7930448 0.4936227 0.4816558 0.4248829 0.6020099 0.4181941 0.5994429 0.4406982 0.5944005 0.5933436 0.2158186 0.4514224 0.0986043 0.4925891 0.4450131 -0.0104601 0.1839345 0.0262781 0.0860536 -0.1440205 -0.0131390 -0.0192642 -0.0104635 0.1655496 -0.0716883 -0.3063136 -0.0950732 -0.4457140 -0.5212446 -0.1592828 -0.2568919 0.0570327 0.1355650 -0.2638382 -0.0813782 -0.1875004 0.0346172 -0.1586088 0.2348364 0.3446920 -0.3259897 -0.0338976 -0.1988309
0.0457961 0.3073742 0.2827158 0.4252346 -0.3719854 0.1107199 0.1109390 0.0000000 0.3630488 0.4324189 0.6571438 0.1052933 0.7546644 0.2764834 -0.0515459 0.7586181 0.6462917 -0.1863887 0.8170376 0.5229461 -0.0541672 0.4022203 0.6428205 -0.2704512 0.6550304 0.6389055 0.5174861 -0.5029422 0.1794032 0.0553657 0.2965640 0.3098955 -0.4705350 0.6573906 0.3651453 0.4454203 0.3609605 0.5957312 0.1933039 0.2398077 0.3107294 0.6427940 0.3886054 -0.3972998 0.6594949 0.6479631 0.3709572 0.4057194 -0.4804717 0.2748092 0.3716155 0.2704739 0.4898079 0.5466494 0.3308493 0.4940685 0.5070790 0.3325687 0.3466846 0.4228692 0.6087896 0.4085092 -0.0220129 0.4720740 0.1115035 0.4536678 0.6022705 0.5205198 0.1917523 0.5947811 0.5502880 0.4104944 0.6002781 0.0160195 0.4652032 0.7105253 0.3826006 0.5153270 0.6162444 0.6771201 0.2078589 0.0534930 0.2197649 0.2544530 0.2248685 0.2353260 -0.0114395 0.5381793 0.1180133 0.4525114 -0.1394238 -0.0072180 -0.0738792 0.5233587 0.0567768 0.1821866 0.1924711 0.0737264 0.2636988 0.3825573 0.1903088 -0.1183148 0.2788260 0.4123707 0.2268780 0.2065219 0.0536659 0.4693459 0.1258615 0.2663619 0.3001656 0.0223470 0.1532545 0.1015137 -0.0202989 0.0345430 -0.0094431 0.0147281 0.0808183 0.2776346 0.1990258 0.2000095 0.0318311 0.1898429 0.2205705 0.0937918 0.3822012 0.1052771 0.3368112 0.2135037 0.2626393 0.3815626 0.0682278 0.3625483 0.1983224 0.0621785 0.2330671 0.3694220 0.2374752 0.2766260 0.2457136 0.4505335 0.4658342 0.1427127 0.3320103 0.1651691 0.2194071 0.1624775 0.3111966 0.4174000 0.4175171 0.6154520 0.4145884 0.2411136 0.0443281 0.4313189 0.3403025 0.2672299 0.3750210 0.5676275 0.3134912 0.5793314 0.4593761 0.4223001 0.4658163 0.3768249 0.4375451 0.3888360 0.5205040 0.5547674 0.5834724 0.5784584 0.1187356 0.5677429 0.2651150 0.0661177 -0.2358452 -0.5047158 -0.1783394 -0.0802742 -0.0691501 0.5962302 0.6375610 0.6684005 0.4148937 -0.2765184 -0.2092997 -0.2472812 -0.2303192 -0.2511099 0.1359549 -0.1391666 0.2419216 0.0984561 0.1050181 0.0929342 0.0253715 -0.1522536 0.4509152 0.1034898 -0.1191833 0.0083371 -0.1116039 0.0305118 -0.1030654 -0.0256862 0.2622197 -0.2534388 -0.2205542 0.0312698 -0.2567060 -0.0699088 0.3485894 0.0532710 -0.1395134 -0.2232001 0.0311692 0.4159048
0.6549245 -0.0292770 -0.1625316 0.2420625 -0.5030534 -0.0206006 -0.0481052 0.3630488 0.0000000 0.6738262 0.4207472 -0.0772099 0.0889034 0.6887461 0.5498335 0.2021508 0.6185258 0.3247521 0.3130796 0.5484520 -0.3127386 0.0569319 0.2656543 0.5302387 0.0597812 0.1197159 0.7915754 0.3070182 -0.0411911 0.8232833 0.2405514 0.0910761 0.1610631 0.2511696 0.1545536 -0.1379702 0.0887289 0.1247072 0.6659309 0.6618421 0.0384722 0.0676263 0.3692173 0.2700419 0.0475313 0.1490888 0.2485563 -0.0094739 0.0923433 0.1237513 0.4562306 0.4416941 0.0663168 0.2704465 -0.1566059 0.0429566 0.2157485 0.3272622 -0.0826661 0.4105217 0.0154789 0.2384678 -0.3441599 -0.2173074 -0.3155460 -0.1192509 0.2967667 0.2996819 -0.3549345 0.2578837 0.2100768 -0.1251004 0.2526887 -0.4067349 0.0478151 0.2688684 0.1089414 0.1901598 0.1282443 0.1075423 0.1538526 0.3022902 -0.0023185 -0.0175800 -0.1537597 0.0392580 0.1292933 0.1739313 0.0579746 -0.0728183 0.2211667 0.4199018 0.3205039 0.1550561 -0.1897294 0.4028150 0.5388193 0.2573271 -0.4700579 0.2619795 -0.3536062 -0.0638332 -0.1649756 -0.2497239 0.2629241 -0.1229440 -0.0114073 -0.0428718 0.2448287 -0.0277971 -0.0424601 0.1649798 0.0944006 -0.0854478 -0.0858359 -0.0597680 -0.0714474 0.1571761 0.1615485 0.1584846 0.0953245 0.1025129 0.6833649 0.0852251 0.0594101 0.3550709 0.2826982 0.6059975 0.2196647 0.1976316 0.1216499 0.3400490 0.0989753 0.4266614 0.4976077 0.6052698 0.1863379 0.3030256 0.2205108 0.1605839 0.2537682 0.2561540 0.5183783 0.3953681 0.3303456 0.4284509 0.2239918 0.1206960 -0.0062920 0.3238225 0.4098823 0.2631967 0.2940407 0.0907530 0.0814469 0.1123771 0.3401273 0.0089486 0.4870547 0.2836912 0.0574782 0.2225344 0.1989014 0.2184591 0.2895514 -0.0348533 0.2113780 0.1297549 0.5133867 0.3730867 0.2326916 0.5195675 0.0956762 0.2457246 -0.0403429 -0.0372892 -0.4701236 -0.5066427 -0.5225895 -0.4854122 -0.4232930 -0.0192544 0.2393473 0.1013406 -0.0624476 -0.4921277 -0.4669733 -0.6365120 -0.1692625 -0.2479256 -0.0472046 -0.1292521 0.1622310 0.2477564 0.0629924 0.0857997 0.2177534 -0.1170544 0.0334085 0.2434424 0.1742488 -0.2013221 0.1255398 0.2103673 0.4328565 0.4268872 0.3988542 0.4198986 0.0673347 -0.3076872 0.1380573 -0.0601306 0.4592483 -0.1619401 0.1798109 0.2494030 -0.1396801 0.2366364
0.4829731 0.2753162 0.0576621 0.5374417 -0.1889353 0.4067966 0.3249508 0.4324189 0.6738262 0.0000000 0.5101513 0.1958059 0.3307788 0.5831760 0.1978269 0.1934541 0.6669378 -0.0294668 0.2017384 0.5001129 -0.0008002 0.2116663 0.1485364 0.2353966 0.2103595 0.1969625 0.6050225 0.0485547 0.4197529 0.6432395 0.3187778 0.3071879 -0.2219924 0.4802378 0.2199257 0.3040421 0.2024347 0.4337256 0.4997764 0.3810236 0.2495420 0.4905815 0.2716185 -0.1496635 0.5033746 0.3132342 0.2685753 0.3665101 -0.1979112 0.4286989 0.4572662 0.3938385 0.4396702 0.2532264 0.3363612 0.3023157 0.3323549 0.1771300 0.3972039 0.3948736 0.4467388 0.3281293 0.0286163 0.2696853 0.0351638 0.3415385 0.4085369 0.2993729 -0.0684053 0.4617408 0.3894493 0.2772208 0.3453901 -0.0553641 0.2973695 0.5891946 0.6546304 0.3244124 0.2631976 0.3716567 0.0074326 0.1227319 -0.1366673 -0.2060988 -0.4202390 -0.3350463 -0.2982188 0.2019906 -0.3548869 -0.2403540 -0.1846195 0.0167276 0.0067732 0.1529090 -0.2996479 0.2016995 0.1737627 -0.3197839 -0.3546845 0.1684105 -0.0990772 -0.4899405 -0.1914649 -0.1039214 -0.1572125 -0.0408831 -0.2150763 0.0396720 -0.2688189 -0.2186316 -0.1827346 -0.2138668 -0.0142858 0.0796296 -0.0455521 -0.0017852 -0.0406534 0.3248702 0.2213134 -0.0616813 0.1077620 0.1229596 0.2021005 0.1331381 -0.0265953 -0.1268139 0.1644407 0.2342524 -0.0570560 0.2075338 0.0945704 0.1783668 0.1695887 0.3407834 0.4090676 0.0171065 0.0399379 0.0851423 0.1671517 -0.1615104 0.2435872 0.0993192 0.2302152 0.0381790 0.0377130 -0.1672612 0.1412006 0.1669415 0.3056997 0.1201001 -0.1327429 0.0845188 0.0256147 0.0359095 0.3182598 -0.1037308 -0.0359474 -0.0609469 0.3056255 0.0934341 0.1276976 -0.0897064 0.0039173 -0.1269276 0.1317651 -0.0358773 0.0876380 0.3275442 0.3966066 0.0704110 0.3483811 0.4801238 0.1947027 0.2990677 0.2170122 0.1678276 -0.2665915 -0.3012395 -0.2876059 -0.1998620 -0.2348498 0.2438346 0.6051002 0.4174976 0.4803054 -0.2788034 0.0273625 -0.3613539 0.2163635 0.0481778 -0.4046786 0.0681783 0.0566556 -0.2088285 -0.3634673 -0.3191498 0.0525143 -0.2447069 0.0744785 -0.1232336 0.0039196 -0.2489224 -0.5101455 -0.3547807 0.0289526 0.0626255 0.1975922 0.2267359 -0.0530722 -0.3779500 -0.3404171 -0.1675084 0.1298370 -0.1576246 0.3142988 0.0521800 -0.2727216 -0.2335100
0.2417699 -0.0303082 -0.1378334 0.2480632 -0.3632184 0.0056520 0.2177873 0.6571438 0.4207472 0.5101513 0.0000000 -0.2200348 0.2555784 0.1966198 -0.2604158 0.7546300 0.8843575 -0.4473193 0.4012560 0.4883484 -0.3694009 -0.1488120 0.7127920 -0.2762237 0.1098801 0.2559402 0.7086195 -0.5599342 -0.1410557 0.2783485 -0.1986560 -0.1028145 -0.5982815 0.5065183 0.1744268 0.1925686 -0.0192192 0.0335850 0.4824312 0.4262611 -0.1983126 0.4370993 0.5258046 -0.4679560 0.3907454 0.2267211 0.2452190 -0.0848815 -0.6120973 0.2494883 0.3014268 0.4436141 0.3017050 0.5041250 -0.0475416 0.1646304 0.1376139 0.0993418 0.3654088 0.1590726 0.4825771 0.1667353 -0.1759611 0.3355534 0.0464516 0.0527301 0.1893299 0.2958665 -0.1486203 0.3154815 0.0475010 0.3917416 0.1489612 0.1904138 -0.0082397 0.4915508 0.3403953 0.1043254 0.5024534 0.6135284 0.2016604 0.0328838 0.0914041 -0.2294393 -0.2003005 -0.1277598 -0.1660956 0.3259724 -0.3272618 0.0035807 -0.4958052 -0.3509209 -0.3336197 0.3914772 -0.5188752 -0.3118728 -0.0397567 -0.1558311 -0.2426018 0.4707407 -0.2569984 -0.2812285 0.0048552 0.1007332 -0.2955200 -0.3391563 -0.2096537 -0.0557267 -0.1793555 -0.1094966 -0.1070814 -0.0325945 -0.0675618 -0.2763756 -0.2054850 -0.2056334 -0.3418051 -0.1040224 -0.2301357 -0.1240584 -0.3607151 -0.2940701 0.2543544 0.0216400 -0.3508545 -0.1800626 -0.1036999 -0.0825987 -0.2807964 -0.3577317 -0.3835317 -0.1983546 -0.3836929 0.0439745 -0.0514737 -0.0664740 -0.3687938 -0.2675705 -0.3411864 -0.1406066 -0.1500851 -0.1444596 0.2920365 0.0152498 -0.2216193 -0.1027351 -0.3495224 -0.3176430 0.2023778 -0.0907895 0.0041288 0.2499974 -0.2242135 0.0005655 -0.2634005 0.4620422 0.3336218 -0.2323858 0.4578999 0.1386096 0.1340992 -0.0231717 0.4912082 0.1657281 0.0339553 0.2303852 0.6038530 0.3351477 0.4442867 0.2205524 0.3633665 0.6205232 0.1186019 0.4991088 0.2676224 0.1159244 -0.3866533 -0.1691468 -0.3320982 -0.2405453 -0.0979367 0.3713879 0.5176112 0.5283367 0.4263239 -0.1931789 0.0707059 -0.0627360 -0.1270444 -0.4884259 0.0500456 -0.3625113 0.1401206 0.2488184 -0.1495764 -0.0472983 -0.1414902 -0.0813847 0.5090687 -0.1687225 -0.4673512 -0.1196167 -0.1709695 -0.2887827 0.1352061 -0.0725115 -0.0866747 -0.1780366 -0.5364744 -0.1232595 -0.3014736 -0.3616580 0.2729053 0.1120757 -0.1167440 -0.4492099 -0.1934154 0.0443688
0.2763452 0.7379341 0.6854711 0.7786169 0.0629105 0.6672681 0.6164748 0.1052933 -0.0772099 0.1958059 -0.2200348 0.0000000 0.2894184 -0.1560513 0.1971856 -0.4240023 -0.2752777 0.1253934 -0.1901867 0.1054306 0.9351062 0.5664436 -0.5069638 0.1208612 0.1982192 -0.1056128 -0.2613268 0.0515716 0.8075432 -0.1343525 0.4804209 0.3236274 0.1177774 -0.0633509 -0.2199760 0.6489707 0.0256663 0.4059248 -0.4456079 -0.4535137 0.5792342 0.4632997 -0.4755898 -0.2781244 0.3591212 0.2085080 -0.2237541 0.4768675 0.1157091 0.2132426 -0.1927655 -0.5557658 0.5622117 -0.5028020 0.3932188 0.2452500 0.0612252 -0.3050314 0.0272621 -0.0767359 0.2783276 -0.3909459 -0.0238082 0.2286486 0.7279879 0.4474163 0.0084205 -0.4296045 0.2967501 -0.1297482 0.1647436 0.4160586 -0.0250272 0.0824950 0.3739909 -0.0366163 0.6381231 -0.0775694 -0.1123166 0.1522343 -0.5274315 0.3261268 0.0723671 0.1921929 0.1355170 -0.2348928 -0.2339632 0.2729340 -0.1838121 0.2110141 -0.0457547 -0.0899405 0.3203436 0.1756704 0.3021976 0.1372721 -0.0419475 -0.0298321 0.4199810 -0.0159148 0.4792590 -0.2576863 0.2253689 0.3956435 -0.0676812 0.4950810 0.0418605 0.3800963 -0.3078264 0.0361313 0.2570978 -0.3783012 0.0330409 0.5364344 0.3588731 0.3616392 0.1903299 0.3158483 0.5018758 0.1250296 0.3744520 0.6396600 -0.1785173 0.6329039 0.2305950 0.2270500 0.6273917 0.3106849 0.2384046 0.6214220 0.4051873 0.3512233 0.4988352 0.6188600 0.0208451 0.0473427 0.3151297 0.2730487 0.2551924 0.4483565 0.5080305 0.3688401 0.1240161 0.3523102 0.2371170 0.1218172 0.2708455 0.3106070 0.5069020 0.4509716 -0.0516213 0.4387832 0.3506719 0.3814154 0.6217988 0.0851461 -0.0504786 0.4732967 -0.1290542 0.1648611 0.3203353 0.2074663 0.1867560 0.0805284 0.2950358 0.4462938 0.1421945 0.4281748 -0.0304887 0.0705263 0.4024890 0.0421695 0.4779258 0.3399597 0.6546875 0.8044214 0.7694027 0.2943356 0.7015662 0.6501741 0.2635866 0.4625573 0.1826828 0.4321145 0.1936153 0.1999287 -0.0991093 -0.2582691 0.7254455 0.8467266 0.1229369 0.7455926 0.3449919 0.0694614 0.3104110 0.3722775 0.4544699 0.2528815 -0.1504194 0.4483655 0.0519819 0.0988917 -0.2059136 -0.1929083 -0.1248635 -0.1447750 0.5483121 0.3598923 0.0491007 -0.0810976 0.1552758 0.6854863 -0.1600341 0.5177945 0.6245145 -0.0747405 -0.1438680 -0.0888668
-0.1796411 0.6459985 0.7120087 0.2642483 0.0428988 0.2904932 0.2432877 0.7546644 0.0889034 0.3307788 0.2555784 0.2894184 0.0000000 0.2809088 -0.0625725 0.5014141 0.3093039 -0.0409308 0.6993995 0.3285488 0.1590692 0.6570195 0.2947195 -0.3984355 0.7726528 0.6430821 0.0424078 -0.4784175 0.3136833 -0.2706088 0.5532908 0.5622306 -0.4723971 0.4398275 0.3272199 0.5388309 0.5064542 0.7747478 -0.2628618 -0.2393626 0.4446163 0.6583150 -0.0142837 -0.5032830 0.6489285 0.6885849 0.2995878 0.6417398 -0.5249968 0.1246759 0.2884900 -0.1155331 0.3109943 0.1958399 0.7503998 0.6467639 0.5890212 0.2161732 0.5464391 0.4239195 0.7342590 0.4293778 0.4723252 0.5108857 0.3071036 0.7107822 0.6643084 0.5181428 0.5695545 0.6512478 0.7798170 0.2983697 0.7242075 0.0991919 0.7396397 0.7568812 0.4316229 0.7936264 0.7479760 0.6575028 0.3697117 0.1367294 0.2521324 0.4214864 0.3142872 0.2477145 -0.1223706 0.3872845 0.1008596 0.4968048 -0.0571787 0.0652302 0.0795708 0.4889232 0.2840310 0.3155745 0.0842918 -0.0510478 0.4633931 0.4189322 0.4933660 -0.0577411 0.2121883 0.6405972 0.2537189 0.4806581 0.1066015 0.4085919 0.0080177 0.4013985 0.2064374 0.0444526 0.2053173 0.2526102 0.3067989 0.2098231 0.2305560 0.2158444 0.2441581 0.2585530 0.2957889 0.2471706 -0.1802857 0.0816123 0.3270348 -0.0718539 0.3754007 -0.0142711 0.3137077 0.2248898 0.3292433 0.4273544 0.1674027 0.2969672 0.1218179 -0.2398121 0.2574397 0.3388469 0.2348718 0.2093207 0.2758412 0.4723485 0.2393357 -0.0026971 0.3078255 -0.0458322 0.3034985 0.3266128 0.3388194 0.4566394 0.2431438 0.4805933 0.4839237 0.2747251 0.2761524 0.1998076 0.0980803 0.4874551 0.2547234 0.6035759 0.3811041 0.5924848 0.0008724 0.3247225 0.5439228 0.1790222 -0.0279675 0.3577336 0.4564741 0.5603128 0.4768181 0.3782864 0.4256082 0.5057922 0.4224094 0.0455541 -0.0051982 -0.2910962 0.0355550 0.2565229 0.2918718 0.7350406 0.7525246 0.7397054 0.6105388 0.1167428 0.0807452 0.0778527 -0.1477236 0.0033024 0.0046259 -0.0229285 0.1416890 -0.1308684 0.0099666 -0.0406857 0.1406763 -0.1111262 0.4755362 0.0026661 -0.0517214 0.2563724 -0.3040648 -0.0241802 -0.2790129 0.1002309 0.1725742 -0.1316497 -0.0752140 0.2786413 -0.3458969 -0.0992916 0.3994556 0.0447361 -0.0864170 0.0486367 0.1387092 0.1531856
0.4423624 0.1057223 0.0161997 0.0018747 0.0908707 -0.2062044 -0.0996763 0.2764834 0.6887461 0.5831760 0.1966198 -0.1560513 0.2809088 0.0000000 0.2957775 0.2864007 0.5420478 0.6444190 0.4710790 0.3926057 -0.4214503 0.4183732 0.3058414 0.2237135 0.4147186 0.3799391 0.5562413 0.3675284 -0.2204638 0.6063990 0.4665572 0.5332891 0.0291823 0.0106263 0.4298404 -0.3453794 0.5387135 0.4475976 0.5206465 0.3698476 0.3420233 -0.1100794 0.4206120 0.1555503 -0.0407237 0.4303047 0.5660442 0.4735131 -0.0640879 0.4328435 0.6721727 0.4881424 -0.1700053 0.2094105 0.3439934 0.4016389 0.5610217 0.1852835 -0.0301776 0.7064691 -0.0301027 0.4905069 0.3081901 -0.0904960 -0.3811803 0.2477505 0.5245716 0.3919279 0.1008810 0.3958893 0.3733256 -0.1302673 0.3476701 -0.2623433 0.2986153 0.3508856 0.0945996 0.3754457 0.3303669 0.2264554 0.4196246 0.1129707 -0.1052072 -0.0634614 -0.2784796 -0.1526377 -0.1178526 0.2700197 -0.0786505 -0.2137198 0.1516372 0.3381805 0.0590694 0.2063257 -0.2121028 0.3308908 0.3856759 -0.0601268 -0.3561475 0.1821773 -0.3229040 -0.2346896 -0.5744111 -0.2179090 0.1624463 -0.1807131 -0.4021536 -0.2821857 -0.0005017 -0.2204240 -0.2470683 -0.0376599 0.1588239 0.0418340 0.1486387 0.1400938 0.2017400 0.1969591 0.2833458 0.2903074 0.2846418 0.0491802 0.1327326 0.0154111 0.3197217 0.2611065 0.2228924 0.3344637 0.3464935 0.1444893 0.2375267 0.2613950 0.1489593 0.3960218 0.3461747 0.2440309 0.3314089 0.3864943 0.3432589 0.0977787 0.1309954 0.3538527 0.2408253 0.3093532 0.4411680 0.1482003 0.4226665 0.3352433 -0.1023352 0.2068278 0.2275386 0.0407866 0.3765490 0.0083525 0.0786986 -0.1997578 0.2402848 0.0659970 0.4311174 0.1848948 -0.0911083 0.2431968 -0.3129807 0.0449033 0.1729373 -0.4108787 -0.3309640 0.0431804 0.5447392 0.3125525 -0.0004569 0.3916166 0.1909249 -0.0085466 -0.2503369 -0.2638356 -0.4862491 -0.4585052 -0.5550221 -0.4500804 -0.2418776 -0.1305895 0.1564926 0.0456664 0.0346003 -0.3169208 -0.1700456 -0.2985933 -0.1557899 -0.1677665 -0.1346243 -0.1470839 0.2926136 -0.0346538 -0.0206831 -0.1711244 0.2532523 0.0314428 0.2703779 0.1517636 0.3950634 -0.3853297 -0.3041850 0.1845256 0.2734408 0.5626959 0.2393575 0.4594445 0.2594346 -0.3948738 -0.3885987 -0.2120835 0.4830749 -0.2456577 -0.0913013 0.4336043 -0.0975794 0.1886139
0.4478145 -0.0085142 0.0628900 0.2208501 -0.3509599 0.1336715 -0.2779524 -0.0515459 0.5498335 0.1978269 -0.2604158 0.1971856 -0.0625725 0.2957775 0.0000000 -0.3627520 -0.1649356 0.5227789 -0.1160201 0.0681823 0.1170882 0.1335171 -0.3776953 0.8298640 -0.0043755 -0.2518751 0.1813577 0.6955040 0.1293223 0.4811168 0.3180577 0.1853458 0.6940933 0.0353071 -0.1435057 -0.2284919 -0.0280523 0.0171074 0.2736985 0.2763710 0.0333247 -0.2222457 -0.0946554 0.5877300 -0.0886389 -0.0305791 -0.0883618 -0.1058626 0.6297119 -0.1743948 0.0286750 0.0956143 0.0946512 -0.1474533 -0.0949269 -0.1575191 0.0038171 0.3632849 -0.3587882 0.0633289 -0.1410083 0.0489880 -0.3222244 -0.2739603 -0.0112195 -0.1168450 0.0105334 0.0413365 -0.3294844 0.0088508 0.0876477 -0.2255749 0.0968598 -0.3018410 0.0468519 -0.1299935 -0.2086233 0.0861857 -0.2741303 -0.3348894 0.0757032 0.3221504 -0.0920775 0.1174073 0.1345672 0.2820086 0.4992225 -0.3166337 0.5135365 0.1142586 0.7520139 0.7423625 0.6322131 -0.4470442 0.4221323 0.5659199 0.5174388 0.3596028 0.0418089 -0.1926680 -0.0325210 0.4608893 0.0556782 -0.1923389 0.5809531 0.2145079 0.5038931 0.0869550 0.6369373 0.3512725 0.4539240 0.5102973 0.2834119 0.0503550 -0.0555030 -0.0257176 -0.0690170 -0.1043522 0.1174677 0.0512182 0.1546125 0.1943328 0.6244036 0.0519950 0.0480511 0.6004289 0.3602016 0.7393680 0.3487841 0.3996231 0.2796232 0.3722648 0.1924840 0.4470341 0.2955343 0.7281693 0.3239878 0.4278792 0.3203314 0.4630567 0.1705001 0.2848323 0.0355871 0.5131883 0.4013980 0.4958447 0.2398720 0.0435104 -0.3774506 0.2959854 0.4657091 0.2892448 0.4022597 -0.2236528 -0.0036634 -0.0108926 -0.0980167 0.1350118 -0.1489905 0.0302324 -0.2705037 0.2819716 0.1909194 0.0040230 0.1018382 0.0284048 -0.1722218 -0.3668444 -0.0702682 0.0187044 -0.1958386 -0.2186898 -0.0341393 -0.1893951 -0.2094572 -0.0993636 0.0733145 -0.1946846 0.0168660 -0.1233091 -0.1030129 -0.2101686 -0.2185279 -0.3201069 -0.5295358 -0.0377615 -0.4992818 -0.5298580 0.0149854 0.1380426 0.1033770 0.2690399 0.2054596 0.2515593 0.4592238 0.4645580 0.4188155 0.2144694 -0.1380743 0.4934101 0.5819377 0.2059876 0.4537419 0.5857187 0.0145381 0.1600682 0.4563859 0.5424234 0.5993797 0.1142819 0.6248357 0.4499717 0.1435605 0.1329007 0.3709097 0.5899090 0.2708565 0.2886145
-0.1957023 -0.1238142 -0.0735767 -0.1344068 -0.2163115 -0.3089745 -0.1237855 0.7586181 0.2021508 0.1934541 0.7546300 -0.4240023 0.5014141 0.2864007 -0.3627520 0.0000000 0.7412989 -0.2344169 0.7977417 0.3350371 -0.5277999 0.1085071 0.9352241 -0.4522521 0.5591320 0.7064060 0.5336907 -0.6054753 -0.3587997 -0.0199568 0.0006568 0.2129031 -0.5955084 0.4228049 0.5541191 0.0471843 0.4320066 0.3364494 0.3636846 0.3424642 -0.0445346 0.3439153 0.6916061 -0.3307160 0.3655148 0.5840971 0.6089211 0.1579200 -0.5857699 0.2949713 0.5063903 0.5250124 0.0622626 0.6759608 0.2014110 0.4607211 0.5215237 0.2829293 0.3181789 0.4215108 0.4229761 0.4914817 0.1468678 0.3882579 -0.1535341 0.2844950 0.4937847 0.5889282 0.2451535 0.5056913 0.3601187 0.1921397 0.4591139 0.1052829 0.3201595 0.6226233 0.0172600 0.4058462 0.7007960 0.6286308 0.4754447 -0.1885245 0.1381723 -0.0069849 0.0718578 0.2629583 -0.0219687 0.3301100 0.0363958 0.2502674 -0.2586291 -0.1272742 -0.3411922 0.4376923 -0.1829891 -0.0564392 0.1281045 -0.0026264 0.0100641 0.4415463 -0.1322139 -0.0144610 0.1026002 0.2631727 0.0856039 -0.1396426 -0.0981601 0.1035076 0.0817148 0.1218813 -0.0106747 0.0976944 0.0144282 -0.2295323 -0.0737879 -0.0728445 -0.0209595 -0.1050924 -0.1595776 0.1723206 -0.1109347 -0.2236354 -0.0688116 -0.1226180 -0.0111202 -0.0939419 -0.0381611 -0.2376762 0.0555491 -0.3053303 -0.1173341 0.0255068 -0.2778312 -0.0932342 0.0612066 -0.1706423 -0.1107978 0.0195150 -0.0999800 -0.0236767 -0.1049312 0.1181658 0.3447069 -0.1226307 0.0515090 -0.0381241 -0.0624403 -0.0912825 0.1160423 0.1110173 0.3063534 0.2641070 0.0853627 0.0918121 -0.3052696 0.4240791 0.5026228 -0.0259345 0.5359827 0.4274336 0.1766087 0.3739054 0.2618559 0.4526263 0.2381896 0.1566113 0.3419539 0.2425623 0.5873656 0.4988444 0.2940307 0.5455306 -0.0907672 0.3059684 -0.0676726 -0.3094329 -0.5416947 -0.4271852 -0.4360289 -0.2866375 -0.0278826 0.3369672 0.4469060 0.4251923 0.3444191 -0.2043147 -0.0200067 0.1122228 -0.5067511 -0.6718105 0.1644969 -0.5432322 0.1738670 0.1704120 -0.0565162 -0.0708820 -0.1781320 -0.0553512 0.6553164 -0.1898661 -0.2245819 0.0007705 -0.0929682 0.0092330 0.0039679 0.1111540 -0.1783551 -0.3335551 -0.3217636 0.0629995 -0.4790659 -0.4513717 0.4663702 -0.0482495 -0.5004856 -0.1935631 0.0305235 0.3616361
0.3283634 -0.0747864 -0.1934076 0.1574316 -0.3228510 -0.1742253 0.0517408 0.6462917 0.6185258 0.6669378 0.8843575 -0.2752777 0.3093039 0.5420478 -0.1649356 0.7412989 0.0000000 -0.1590138 0.5594951 0.5868452 -0.4797692 0.0137170 0.7652633 -0.1961907 0.2544780 0.4074452 0.8399519 -0.3801679 -0.1590578 0.4965240 0.0056563 0.0663124 -0.5778443 0.4555222 0.2991794 0.0641872 0.1782097 0.2374225 0.6114688 0.5759213 0.0339196 0.3665804 0.6069112 -0.3536652 0.3208474 0.3390467 0.4015466 0.1460484 -0.5859925 0.4112933 0.4756668 0.5787234 0.1573224 0.5763664 0.0569450 0.2743032 0.2996666 0.1780829 0.3089911 0.3727368 0.3360314 0.3124405 -0.0878830 0.2064798 -0.1866587 0.1050113 0.3340787 0.4159711 -0.1036722 0.3887083 0.1639029 0.1579640 0.2560647 -0.0663454 0.0883019 0.5660132 0.3211235 0.2331187 0.5377656 0.5980401 0.2376705 0.1689805 0.1537275 -0.1505762 -0.2041103 -0.1137715 -0.2275856 0.4443509 -0.2742448 -0.0381673 -0.4235272 -0.2123022 -0.3374322 0.4720991 -0.4357422 -0.1043418 0.0815199 -0.1985448 -0.3057765 0.4504429 -0.3150494 -0.4179607 -0.1255485 0.0450777 -0.2422725 -0.2293591 -0.3299370 -0.0267019 -0.1623374 -0.1706581 -0.1480716 -0.0631353 0.0041693 -0.1765993 -0.1086708 -0.0779005 -0.1340913 0.0775466 -0.0219956 0.0076811 -0.1224891 -0.1485270 0.2086054 0.0950485 -0.1097167 -0.1056636 0.0194993 0.0094668 -0.0941624 -0.1809514 -0.1626674 0.0311664 -0.1885342 0.1508062 0.2059748 -0.0187780 -0.1404086 -0.0470459 -0.0994265 -0.1185489 0.0273883 0.0218125 0.4511768 0.0441616 -0.0006824 -0.0024841 -0.0497716 -0.0118580 0.2672898 0.0351250 0.1175130 0.1995605 -0.0277077 0.1535361 -0.0788736 0.3016743 0.4069974 -0.0782218 0.6004225 0.2699493 0.2174933 0.0560580 0.2407377 0.2202680 0.1894644 0.0393549 0.3873941 0.3965905 0.6331819 0.3592731 0.3994868 0.7423079 0.1345397 0.4293405 0.0863341 -0.0582249 -0.5896982 -0.4299482 -0.5382151 -0.4237243 -0.2676964 0.2672892 0.5390402 0.4835603 0.4094386 -0.3747082 -0.0733123 -0.1826508 -0.2087977 -0.5028977 -0.1155363 -0.3722990 0.1536273 0.0554685 -0.2436918 -0.2412988 -0.0868712 -0.1859930 0.4032274 -0.1442600 -0.3544226 -0.3039915 -0.3173105 -0.2584451 0.2905834 0.2137950 0.0099789 -0.0562272 -0.4816516 -0.3610534 -0.4446233 -0.4240763 0.4284710 -0.0938517 -0.1784052 -0.2812848 -0.3458102 -0.0117947
