0.0000000 0.1135996 0.0934187 -0.0622481 0.0313407 0.2492982 0.2383054 0.0079247 0.4346338 0.3905719 0.3346287 0.2991502 -0.0781393 0.3307097 0.2941662 0.0234653 0.3640311 0.2969352 -0.2868753 -0.2672157 0.1928434 -0.3285837 0.1175278 0.3623059 -0.2904898 -0.0357910 0.0858457 0.1835255 0.1421442 0.2939137 -0.0819957 -0.0660140 0.2189754 0.1707318 0.0243988 0.0868147 -0.1092162 -0.3399864 0.3230787 0.4099173 -0.1586956 -0.0501675 0.0902750 0.3216713 -0.2147350 -0.1100917 0.1092348 -0.1622369 0.2713949 -0.0850411 0.0948114 0.2419542 0.0250838 0.1769080 -0.3737739 -0.1556846 0.0093807 0.2242549 0.0719380 0.0010312 0.0764359 0.0937493 0.1330362 0.2298651 -0.1092313 0.1559487 -0.1935567 -0.2792002 0.0406540 0.0120829 -0.3314461 0.2145038 -0.2843783 0.0321242 -0.0828368 -0.0331896 0.0792006 -0.3194200 -0.3968069 -0.0973175 -0.2784415 0.2240544 0.1855432 0.0103780 0.1832500 -0.0059160 0.2038270 0.2662982 -0.0938733 0.1828514 -0.0520003 0.1950069 0.4803951 0.4431108 -0.0372713 -0.0485325 0.0060900 0.3965125 -0.1368462 0.0429738 0.3193326 0.3113427 0.1395078 0.1656624 -0.1147972 -0.0356640 0.1439172 0.1354010 0.0605814 0.3907199 0.1450134 0.4678993 0.4236998 0.4405998 0.4787780 0.4602467 0.2724279 0.2576869 0.2845356 0.3410474 0.1033070 0.1068857 0.1083971 0.1400105 0.1323007 0.4281133 0.1875900 0.1107718 0.3090577 0.2813814 0.2105061 0.1944005 0.0261160 0.4913541 -0.2424534 0.2278754 0.3323239 0.1965325 0.0595572 0.4432041 0.0797943 -0.0517941 0.0797311 0.4732046 0.3399762 0.1788249 -0.3306210 -0.1912190 0.1485131 0.0830073 0.3125857 0.4254061 -0.3797070 0.0847112 -0.0391890 0.1737991 0.1571566 0.0324097 0.1144312 0.5243346 -0.1781024 0.0261683 0.3183131 0.3240491 -0.2615673 0.3378028 0.2668234 0.1304641 0.0122793 0.0813353 0.0448072 -0.0063730 0.3098591 0.0633767 0.0336093 0.1513441 0.1906943 0.2215337 0.0027876 0.1366914 0.1316299 -0.0857073 0.0896948 -0.1250854 0.0790708 -0.2149741 0.1447024 0.0829096 0.1584386 0.2266310 0.4538984 0.0838933 0.0132507 0.2518496 0.3261020 0.4274413 0.4321515 0.1803423 0.1326689 0.4399306 0.1661449 -0.1778823 0.0359160 0.0940498 0.0058964 0.2555122 0.3273892 -0.0793997 0.0309876 -0.1324956 -0.2050468 0.0413695 0.0976815 0.4730423 0.4020524 0.0529397 0.1191545 0.2696375
0.1135996 0.0000000 0.2084066 0.7893555 0.3304723 0.7315694 0.7567732 0.3464317 0.5460856 0.5132349 0.4847842 0.8608401 -0.0057368 0.6066451 0.4417271 0.2161626 0.5600879 0.6464450 0.2411232 -0.1203502 0.7612785 -0.0073846 0.3797566 0.7312165 0.2691800 0.1901333 0.2195645 0.5153238 0.3777114 0.3458554 -0.2477743 -0.0212025 0.6944662 0.8812530 0.0642757 0.5727081 0.0357153 0.1964759 0.1588423 0.2808083 -0.0480079 0.5404572 0.0782758 0.6871428 0.4144362 0.0619951 0.1176586 0.1570559 0.7895787 -0.0644569 0.0624630 -0.0171167 0.8146973 0.3323206 0.1268092 0.0281254 0.1240594 0.6215196 0.2222732 0.1212570 0.2846534 0.3529061 0.0658167 0.8096222 0.3262680 0.1827083 0.2949892 0.5689032 0.1443126 0.7534300 0.3154674 0.7734533 0.2586734 0.1278077 0.1128122 0.6756048 0.4344999 0.1270183 0.3003247 0.1480854 0.0431737 0.4840420 0.0832180 0.1428630 0.4362304 -0.3488838 -0.4809487 0.3701501 0.0078140 0.0730696 -0.1325017 -0.1552531 -0.0898556 0.3819442 -0.2815599 0.0250684 0.3265370 -0.1989512 0.3712214 0.6954093 0.3405816 -0.2193307 -0.3433271 0.6768779 0.3332753 -0.1197578 0.1157292 -0.0618282 0.3060005 -0.0743400 0.1740465 0.1231121 -0.0952584 -0.1302859 -0.0988741 -0.3172289 -0.1294566 0.0393799 -0.1083333 -0.1554739 -0.1561362 -0.0896545 -0.2700410 0.1003039 -0.2685568 -0.1020157 -0.2852186 0.0611050 -0.1038326 -0.1164607 -0.2265972 -0.0073365 -0.2375809 0.4082550 -0.0686170 -0.1931540 -0.2390367 -0.1735269 -0.2917101 -0.2547572 -0.0676022 -0.1944338 0.1852245 -0.4262545 -0.1489457 -0.1029642 -0.4353383 -0.4228494 0.1230702 -0.3506195 -0.1975308 -0.4294253 -0.3978524 0.0617292 -0.0598630 -0.2620104 0.2435879 -0.3448976 0.0845350 0.2044889 -0.1504650 -0.2469563 0.0848838 0.3817949 -0.1271439 -0.3868290 0.2217609 0.1222375 0.1130658 -0.0646896 0.0573938 0.1267077 0.4622785 0.5404930 0.6619098 0.6092090 0.7175931 0.6001224 0.6962288 0.3829118 0.5410251 0.4332267 0.4129453 0.4108840 0.2761538 0.0049799 0.1446793 -0.2639603 -0.1325495 0.1340129 -0.1920552 0.2230790 0.2051140 -0.1471388 -0.1155302 -0.1618597 -0.1000825 0.7184196 0.4094022 -0.1268623 -0.2793327 -0.2946906 -0.1151917 -0.4728629 -0.1229107 -0.0879795 -0.2714533 0.0950913 -0.2054735 0.1338862 -0.1424265 -0.0680910 -0.1152190 0.1581438 0.1049035 -0.2776459 -0.0020087 -0.2809863
0.0934187 0.2084066 0.0000000 0.1117693 0.7823053 -0.0375276 0.0731485 0.5877215 -0.0072919 -0.1213576 0.1297755 0.3383999 0.7366798 0.0712464 0.2734532 0.0880628 0.1950097 -0.0437886 0.1974037 0.0997343 0.3489723 0.5469536 0.1471109 -0.0891780 0.2329109 0.2542130 0.1286764 0.0088843 0.4320671 0.1481137 0.4961082 0.4277164 -0.1746170 0.1353811 0.2137166 0.5339533 0.3361081 0.5509997 0.3162382 0.5063619 0.5537388 0.3675629 0.2013784 0.2337855 0.4515776 0.3311242 0.2727330 0.6310341 0.0241216 0.4341060 0.2911716 0.2507013 0.2613305 0.3560038 0.5698544 0.4337803 0.2821341 0.2890561 0.0728353 0.3021878 0.3883696 0.2832047 0.3869933 0.2754653 0.6331867 0.0830607 0.1442409 0.1312295 0.3171606 0.0284255 -0.0394358 0.2630119 -0.0032876 0.4746813 0.1502423 0.1475855 0.3733948 -0.1159332 0.1023842 0.2283825 0.1014077 0.1759979 0.5921144 0.4332449 0.4373346 0.3586383 0.3002857 -0.1304863 0.5683376 0.7292128 0.4189092 0.6251065 0.3061322 0.3861167 0.3688379 0.4570474 0.3220175 0.0845839 0.5060703 0.4370830 0.6434417 0.0220580 0.4402396 0.0396238 0.2012225 0.4294895 0.1910173 0.5826697 0.1048593 0.5132301 0.4444129 0.1336311 0.5467843 0.4685840 0.2951968 0.2548019 0.1023121 0.0145771 0.0118149 -0.0055491 -0.1057381 0.0771733 0.0154607 -0.1780599 0.1098930 0.0804158 0.1495218 -0.1767036 0.0009840 -0.0910894 -0.1061875 0.0402449 0.1641531 -0.0223360 0.0631093 -0.1267050 -0.0134547 -0.0300010 -0.0003678 -0.2141783 -0.0115088 -0.1943517 0.1903489 -0.1855270 -0.1465225 0.0277889 -0.0764633 0.0016490 0.2254646 -0.2060029 -0.2266697 -0.2682801 -0.1838900 0.1546304 0.0972155 -0.2279950 -0.0370090 -0.2123637 0.2225079 -0.2657452 -0.1353691 -0.2553792 -0.1423665 -0.0437595 -0.0465581 -0.3588644 0.0218205 0.1339448 0.0837478 -0.2350657 -0.2323658 -0.0544922 -0.3187764 -0.3883982 0.1747360 0.4173183 0.5256642 0.5145911 0.3777147 0.4036367 0.3645307 0.3064759 0.3271689 0.3126756 0.0212037 0.4295873 -0.0113206 0.0225995 -0.0163688 0.1692112 -0.0436195 0.1430046 -0.0721851 -0.0459007 0.0813798 0.0645692 0.2251156 -0.1168747 0.0807207 0.1732164 0.4743351 0.0007089 0.6472532 0.2624606 0.4865373 0.2153006 0.2046830 0.1967974 0.3376402 0.0523092 0.4054851 0.1319578 0.6073905 0.4218352 0.4125022 0.4336342 0.0280309 -0.0791507
-0.0622481 0.7893555 0.1117693 0.0000000 0.3776155 0.8316736 0.4732387 0.6110835 0.4541531 0.6439267 0.6630235 0.5277182 0.0720194 0.6168240 0.1966762 0.3969265 0.7259950 0.5464797 0.5034823 -0.2435030 0.5041811 0.2037512 0.7047445 0.6000915 0.5661991 0.4593947 0.3986214 0.3449328 0.3056087 0.3370134 0.0632442 0.2941280 0.4840033 0.7042913 0.3515462 0.3027389 0.2798502 0.4208773 0.4166277 0.3303367 0.0504882 0.2954853 0.4013922 0.6595530 0.3732605 0.3010752 0.2844949 0.1803619 0.6896776 0.1512941 0.2919910 0.2022651 0.6292658 0.6105743 0.0833611 0.2145721 0.2349102 0.8237936 0.0718881 0.3615112 0.0386819 0.6109816 -0.0697012 0.8459133 0.0414492 0.1699788 0.5902921 0.7676359 0.0478611 0.8784608 0.5327269 0.4599642 0.5610396 -0.0721150 0.2439102 0.7239538 0.2595483 0.2370076 0.3537081 0.0247637 -0.0466451 0.3573778 -0.0566831 -0.0056343 0.2265171 -0.3456172 -0.4238142 0.1398168 -0.0656406 -0.0805104 -0.1680167 -0.3090991 -0.1449933 0.1298197 -0.2043489 -0.0815396 0.1447281 -0.1961302 0.1155773 0.3018574 0.0504618 -0.2841925 -0.3919293 0.2903515 0.2122060 -0.2131332 -0.1208008 -0.1337226 0.4071855 -0.0513373 -0.0074511 0.0632946 -0.1901627 -0.1154604 -0.0108627 -0.2563236 -0.0955964 -0.0844529 -0.1135020 0.0003598 -0.0486466 -0.1871795 -0.1823945 0.2487411 0.1188000 0.1045971 -0.2607585 0.1413761 0.2271068 0.1061045 -0.0241233 0.0564319 -0.1131735 0.3696367 0.1069418 0.0523237 0.0188420 0.1219509 -0.0451341 -0.0727238 0.1913939 0.1721154 0.2527372 -0.3164279 0.0847243 0.0702723 -0.2790384 -0.2943196 0.2269553 -0.1003589 -0.0772755 -0.2321735 -0.1650785 0.2214721 -0.0729064 0.0206366 0.3743854 -0.1231692 0.2402623 0.3593063 -0.0181724 -0.1194328 0.2483854 0.6299026 -0.0351844 -0.1853090 0.3767102 0.2860558 0.4205745 0.0848304 0.2937138 0.3421069 0.3407679 0.3695287 0.3694461 0.3966547 0.3886783 0.2307569 0.3619746 -0.0369254 0.1110848 0.1041848 0.1506299 0.1796067 0.1209494 -0.2048387 -0.0094095 -0.3820208 -0.1499416 -0.0953109 -0.1145029 -0.0033734 0.0478691 -0.0419700 0.1186565 -0.1076233 0.1700139 0.4573509 0.0323404 0.1046648 -0.1290145 -0.1186566 -0.1685173 -0.4765611 -0.2969083 -0.3355456 -0.1345642 -0.1668960 0.0302920 0.2039708 -0.0868159 -0.1545250 -0.3077475 -0.0044052 0.1055223 -0.3584026 0.2717549 -0.0595346
0.0313407 0.3304723 0.7823053 0.3776155 0.0000000 0.1590429 0.0370748 0.6832062 0.1887943 -0.0157439 0.1762474 0.2949816 0.7285817 0.1783423 0.1845570 0.0928027 0.2035356 0.0790792 0.1816027 -0.2326806 0.3749702 0.2625570 0.1768174 0.0686044 0.1463796 0.2228759 -0.0217895 0.0114215 0.5567744 0.0883736 0.4446846 0.3620721 -0.0483154 0.2961150 0.1939082 0.4502238 0.2224358 0.5351726 0.3763670 0.4435131 0.4979911 0.4377989 0.2481280 0.3225980 0.7001625 0.1650252 0.1910512 0.5693682 0.1157457 0.3161612 0.2131975 0.3288369 0.5035145 0.4527447 0.3631031 0.2733564 0.1679828 0.4134233 0.1682490 0.1860858 0.4564701 0.3844136 0.5323359 0.4416756 0.5846819 -0.0259864 0.1525183 0.3520736 0.3800259 0.2361457 0.0097404 0.3476448 0.1353915 0.4516995 0.2632737 0.2796301 0.4662601 -0.0925211 -0.0049732 0.2229597 -0.1493534 0.1235278 0.3621779 0.1072612 0.2062345 0.0308729 0.0808808 -0.1841521 0.1847850 0.5060406 0.1698745 0.3150863 0.1765411 0.3778285 0.1171541 0.2402958 0.3635484 -0.0780304 0.2575072 0.4140983 0.5422408 -0.2141712 0.2438491 0.1450978 0.1535674 0.0801705 -0.0988297 0.4839120 0.1736257 0.5140546 0.1243915 0.0070636 0.3457875 0.3722856 0.2297594 0.0973032 -0.0336726 -0.1311536 -0.1311689 -0.0426799 -0.1516872 -0.0494174 -0.0914969 -0.1346290 0.2101015 0.2141860 0.0577619 0.0911647 0.1328028 -0.0145646 -0.0409872 0.2591565 0.2197030 0.0991028 0.1901038 0.0062429 0.1147529 0.1412908 0.1550069 -0.0657734 0.1618278 0.1181295 0.3665166 -0.3461708 0.1128749 -0.0525452 0.0165177 -0.0100304 0.3940999 -0.0240884 -0.0301723 -0.2779982 -0.1591889 0.3028253 0.0475040 -0.2700351 0.2250658 -0.0765384 0.3296398 -0.0499433 -0.1039463 -0.1427852 -0.0270877 0.2900217 0.0087047 -0.3654883 0.2765010 0.3866878 0.3785545 -0.0162248 0.0456610 0.2459389 -0.2628297 -0.4404467 0.0361088 0.1648868 0.2787159 0.4770342 0.2951051 0.2501592 0.2291864 0.1427672 0.2724891 0.2337086 0.0929784 0.4244401 0.0881973 0.0554312 0.1533689 0.2051711 -0.2065598 0.2702909 0.0494367 -0.2892318 0.0453462 -0.1478292 0.3382638 -0.0086014 0.0146173 0.3056122 0.1999095 -0.1684752 0.2896310 -0.1264132 0.3317039 -0.1174634 0.0618822 -0.0999564 0.2447706 -0.1135952 0.2133884 -0.0357303 0.4036886 0.2953137 0.3159138 0.1690841 -0.1080293 -0.3478065
0.2492982 0.7315694 -0.0375276 0.8316736 0.1590429 0.0000000 0.4594671 0.4495728 0.7587194 0.8865196 0.6906000 0.5443233 -0.0406889 0.7407345 0.3533792 0.2393294 0.8247856 0.6537478 0.2203295 -0.2844781 0.5185917 -0.0192922 0.5508716 0.7592919 0.2847688 0.2672150 0.3319010 0.3045038 0.3227921 0.2968855 -0.0410088 0.0464629 0.5800669 0.7541644 0.2548640 0.1756445 0.1224351 0.0910545 0.3426340 0.1904732 -0.3001170 0.0753890 0.2555289 0.5925826 0.1786297 0.1575974 0.2300652 -0.1699546 0.7225635 0.0877639 0.2339822 0.1574608 0.5505138 0.4605680 -0.2530077 0.0593744 0.1006360 0.7882351 -0.2242198 0.2549270 -0.2732724 0.5060978 -0.2351754 0.7552858 -0.1695959 0.0367953 0.4680450 0.5840419 0.0032952 0.8037461 0.3945408 0.3709616 0.4501267 -0.3277207 0.1606490 0.6638817 0.0986897 0.2257839 0.2224738 -0.0587329 -0.0390325 0.5227534 -0.0477768 -0.1471347 0.0714110 -0.3832190 -0.2521614 0.1477399 -0.1770068 -0.1038670 -0.0537057 -0.1879504 -0.0695290 0.2301565 -0.2908018 -0.1222009 0.0708659 -0.1472823 -0.0467680 0.2381412 0.1476624 -0.1635630 -0.4044245 0.3788257 0.1040741 -0.3068706 -0.1037864 -0.2098633 0.2488449 -0.0486482 0.0258827 0.0828617 -0.1586618 -0.1002222 0.0604404 -0.1924608 -0.0985824 0.0373515 -0.0810250 0.0657785 -0.0191068 -0.2271687 -0.1663033 0.2209487 0.1051380 0.1549995 -0.1613200 0.1463642 0.2201377 0.1277623 0.0982263 0.1174329 -0.0988481 0.4742294 -0.0271652 0.0711935 0.0666655 0.1613015 -0.0313983 0.0618733 0.1171089 0.1083231 0.0763901 -0.1507181 0.2191172 0.1020702 -0.2789027 -0.3521191 0.1267636 -0.1216385 0.1639938 0.0124415 -0.2655563 0.1673974 -0.1157477 0.0944105 0.3092033 -0.0432593 0.0355387 0.4594860 -0.0723858 -0.0873988 0.3466463 0.5419091 -0.0475438 0.0368599 0.4792373 0.2399002 0.2761545 0.0638523 0.3006443 0.2654008 0.4007794 0.3299568 0.3143022 0.2138847 0.3011223 0.0304955 0.2966633 -0.1008267 0.0832908 -0.0067364 -0.0341637 0.0385047 -0.1258645 -0.4972482 -0.2674986 -0.5724378 -0.3144000 -0.1927254 -0.0399837 -0.1750415 -0.0999054 -0.0646057 0.1021801 -0.0095159 0.2082065 0.4843059 0.1363070 0.1072383 -0.0093988 -0.0471380 -0.1961148 -0.4925006 -0.5553110 -0.3336844 -0.1168885 -0.1030180 0.1128807 0.3230951 -0.1339206 -0.2030676 -0.4736586 0.0879204 0.2378796 -0.2505959 0.3173690 -0.0535292
0.2383054 0.7567732 0.0731485 0.4732387 0.0370748 0.4594671 0.0000000 0.0552076 0.2726768 0.4014700 0.2483959 0.8118016 -0.1724456 0.5563566 0.4159144 0.0168184 0.5180492 0.6029504 0.0648989 0.3530411 0.5390849 0.0196464 0.1890199 0.5924564 0.0450377 0.0527283 0.5056241 0.6359365 0.1318693 0.5576694 -0.3505788 -0.1250681 0.5627106 0.5842377 -0.0689161 0.3317417 -0.0023007 -0.0690965 0.0341192 0.3103552 0.0447793 0.2261920 -0.0452007 0.5050261 0.0436655 -0.0526522 0.0302833 0.2084529 0.6258352 -0.2802268 -0.0466233 -0.1081902 0.4762996 0.0968655 0.1758162 -0.0709201 0.1702914 0.3151240 0.1005571 0.0001082 0.2610489 0.0766304 0.2295212 0.5087307 0.3454595 0.3128988 0.0715117 0.1522448 0.1183382 0.4552780 0.1205701 0.8257068 -0.0829160 0.3053649 0.0250425 0.3680187 0.4980738 -0.0024759 0.1377001 0.1735792 0.1946172 0.2483861 0.4117639 0.3597820 0.2847333 -0.1473977 -0.4147817 0.3326631 0.1313062 0.1734687 -0.2183531 -0.2007068 -0.1369754 0.3167798 -0.0571086 -0.1220777 -0.0247589 -0.3370994 0.4834297 0.5720443 0.3017493 -0.2717547 -0.1878917 0.5896042 0.1122264 -0.0743474 0.0568146 0.0191843 0.1895561 -0.1558736 -0.0149718 0.0844307 -0.0153931 -0.1914745 -0.1598558 -0.3100180 -0.2170504 -0.1535959 -0.2239692 -0.3282631 -0.3584287 -0.1360567 -0.2893308 0.0746792 -0.4260875 -0.3343997 -0.2944281 -0.2194520 -0.3374289 -0.2383257 -0.4737643 -0.3983040 -0.3540880 0.4231435 -0.3625230 -0.3864224 -0.4311237 -0.3628962 -0.4693221 -0.3059560 -0.3236942 -0.5068839 -0.0373656 -0.1733507 -0.3853411 -0.2481132 -0.5453968 -0.4055192 -0.0280959 -0.4648248 -0.4026828 -0.3641237 -0.5450345 -0.2094942 -0.2210989 -0.3546895 0.0404535 -0.4467830 0.0045240 0.1346636 -0.2862899 -0.4239223 -0.0386941 0.2305774 -0.3769179 -0.3390297 -0.0328885 -0.1182805 -0.1369096 -0.0711243 -0.0948587 -0.1400944 0.3725659 0.6690032 0.8501205 0.6821635 0.7143867 0.5986075 0.5582664 0.2050360 0.3925730 0.2151304 0.1313784 0.0750704 0.1403798 0.0489037 0.1978283 -0.1319794 0.2102112 0.5560597 -0.1233174 0.4577967 0.5686956 0.1089946 -0.0873370 -0.0534817 -0.1637512 0.8045648 0.5817252 -0.2976301 -0.2503236 -0.1984649 -0.2155648 -0.2767791 -0.0321381 0.2283346 -0.2682626 0.2449071 -0.2933853 0.2557234 -0.3142774 0.1969695 0.0824608 0.0249444 0.0841707 -0.2855747 0.0403140 0.0111033
0.0079247 0.3464317 0.5877215 0.6110835 0.6832062 0.4495728 0.0552076 0.0000000 0.3088397 0.2662945 0.7063332 0.3498546 0.6886984 0.1547371 0.3905121 0.5923615 0.5712468 -0.0036637 0.6756652 -0.2594756 0.3481355 0.6490439 0.6936434 0.0495447 0.6116170 0.6259225 0.2694502 -0.1177382 0.6283986 0.1574326 0.7145673 0.6257910 -0.1872515 0.3167087 0.5747085 0.3485418 0.5942002 0.7646163 0.6848107 0.4711671 0.3811096 0.2695113 0.6492424 0.2998156 0.6092018 0.6705182 0.6093280 0.4745173 0.1069093 0.6799141 0.6752912 0.5590388 0.3871356 0.8355970 0.2837783 0.6053109 0.4935113 0.8170745 -0.2133975 0.6178464 0.0082105 0.7832345 0.0874236 0.6141161 0.1628053 0.1900374 0.6745127 0.6775811 0.3647168 0.5905407 0.4827127 0.0539403 0.6504696 -0.0475485 0.5328891 0.5729717 0.0484942 0.2347966 0.3624951 0.1959209 0.0617353 0.1569928 0.2066678 -0.0605088 0.2831926 -0.1375485 0.0963142 -0.1604401 0.2496813 0.3030961 0.2272066 0.2819277 0.2540555 0.3075781 0.1501496 0.1985407 0.1494960 0.0439987 0.0498393 0.0966242 0.3564354 -0.2259090 -0.0307700 0.1369644 0.0717431 0.0614948 -0.1690682 0.1598064 0.2335574 0.4563826 0.2637652 0.0832245 0.2386623 0.3734202 0.3578900 0.1960196 0.2342681 -0.0743600 0.0400520 0.1534864 0.1314640 0.0966165 -0.0230329 0.3262532 0.5358159 0.2053822 0.1790177 0.0388633 0.4311215 0.3285642 0.2713331 0.2045177 0.2508867 0.1721956 0.1690246 0.1250660 0.2783135 0.4055188 0.3764979 0.0499275 0.2771657 0.2976225 0.3549046 -0.2488148 0.1637177 0.3695126 0.1256013 0.0977864 0.4015331 0.0674462 0.0470232 -0.1685465 0.0554963 0.4496549 0.1894984 0.2216062 0.2758641 0.0566580 0.4598344 0.2617963 0.2511058 0.0238335 0.3687923 0.4368350 0.2799069 -0.1442724 0.4074430 0.4592741 0.6016590 0.1923877 0.2303192 0.4783914 -0.2655142 -0.3241932 -0.0126005 0.1976364 0.2590503 0.2335324 0.1686905 0.0026162 0.0413036 -0.1005168 -0.0093906 0.0144008 -0.2722833 -0.1235771 -0.2638567 -0.3599372 -0.2201775 -0.2374982 -0.0222753 -0.1204950 -0.0987796 -0.0089784 0.1926580 0.0120330 0.2920725 -0.0484076 -0.0774296 0.2616790 0.3503183 0.0690469 0.3822622 -0.1412535 0.0285829 -0.2247768 0.2617807 -0.1575833 0.4374666 0.1599317 0.3793414 -0.1898175 0.1463946 0.2017504 0.4027057 0.1782865 0.4206973 0.0522824
0.4346338 0.5460856 -0.0072919 0.4541531 0.1887943 0.7587194 0.2726768 0.3088397 0.0000000 0.6643069 0.5713605 0.5505213 0.1388507 0.6069953 0.6375803 0.2047104 0.5702446 0.6603975 -0.0465161 -0.5021105 0.5424458 -0.2548389 0.2854144 0.7631624 -0.0765318 0.1479441 0.0032452 0.3667505 0.4603320 0.3077389 0.0268505 -0.1213842 0.6042714 0.6676167 0.1534353 0.2279833 0.0059781 -0.0487362 0.3405247 0.2005251 -0.3646831 0.1226718 0.2147827 0.4852542 0.2597642 0.0706104 0.2038992 -0.2170512 0.5849154 0.1176904 0.2028375 0.2571785 0.5595801 0.3598517 -0.4383069 0.0035595 0.0493165 0.5631112 -0.2513796 0.0813378 -0.2093943 0.3985725 0.0133624 0.5776742 -0.1690961 -0.0300721 0.1631041 0.2713466 0.2920609 0.5375279 0.0916870 0.2875019 0.1773385 -0.2877834 0.2265432 0.3942978 -0.0196249 0.0969955 -0.0765969 -0.0842024 -0.1882795 0.4665636 -0.0759227 -0.3196735 0.0176823 -0.4916365 -0.0414035 0.2227320 -0.3278564 -0.1191320 -0.0697462 -0.0839315 -0.0290355 0.5422826 -0.3751370 -0.0967944 0.0795602 -0.1095828 -0.2436703 0.2745243 0.2994242 -0.2468358 -0.3771675 0.6071092 -0.0128159 -0.3372771 -0.2798437 -0.1869717 0.0065848 0.0889664 0.1010125 -0.0699642 -0.1154663 -0.0251242 0.0001010 -0.1431330 -0.1434600 -0.0843477 -0.1343119 -0.0848606 -0.0647418 -0.1533750 -0.1315305 0.2132329 0.0232613 0.1477713 -0.0351598 0.3309600 0.1227181 0.1705430 0.1661360 0.3925728 -0.1573075 0.5676816 -0.0050402 0.1277655 0.1740627 0.1129398 0.1009256 0.0706574 0.2070602 0.1690454 0.2198485 -0.1930431 0.3224797 0.1515856 -0.1517575 -0.2709404 0.3311540 -0.0375984 0.3282809 0.0342426 -0.2655069 0.3333398 -0.0652624 0.0982394 0.4234427 0.0588240 0.1127227 0.4643604 0.0813707 0.0914884 0.5491286 0.4505388 0.1085008 0.0813750 0.6355233 0.4393182 0.2934580 0.2305849 0.4013589 0.4388519 0.4155332 0.0482432 -0.0191734 -0.1444254 0.0498549 0.0833922 0.1991962 0.0460222 0.1348826 -0.1557919 -0.0908156 -0.1292425 -0.2001649 -0.3957146 -0.1599733 -0.3456613 -0.2368470 -0.0858531 -0.2318820 -0.0695442 -0.0048731 -0.3823947 -0.1327005 -0.2118436 0.0509934 0.4353437 0.2027633 0.0480756 -0.0356147 -0.2386369 -0.3071283 -0.6553272 -0.3554308 -0.2272389 -0.2547560 -0.3239828 0.0556010 -0.0396708 -0.1901098 -0.5011358 -0.3409172 0.2037537 0.0890219 -0.2946343 0.2090332 -0.1015742
0.3905719 0.5132349 -0.1213576 0.6439267 -0.0157439 0.8865196 0.4014700 0.2662945 0.6643069 0.0000000 0.5785635 0.3510522 -0.1057426 0.8172970 0.1715515 0.0335173 0.8645514 0.6821009 -0.0028005 -0.1688939 0.2974819 -0.0305955 0.4493846 0.7139487 0.1574688 0.1897785 0.4053768 0.3676613 0.0107621 0.3647208 -0.0185930 0.0641669 0.5454122 0.5162414 0.2021805 -0.1247239 0.0412701 -0.0627899 0.3609104 0.2219241 -0.3276972 -0.2894424 0.2267253 0.5079851 -0.1980556 0.0892116 0.1228419 -0.2412439 0.6837183 0.0453642 0.1741518 0.2004283 0.2533813 0.3435537 -0.3271651 -0.0190530 -0.0083147 0.5962421 -0.3149642 0.1976916 -0.4461034 0.3864359 -0.3466244 0.5332764 -0.3661118 -0.0138966 0.2969950 0.2807051 -0.2364047 0.5480598 0.1588811 0.2774752 0.1905061 -0.3458590 -0.0309064 0.4071009 0.0702177 0.1626912 0.0023412 -0.1596049 -0.0280703 0.6394570 0.0970042 -0.0653388 -0.0090816 -0.1347727 -0.0314163 0.1668871 -0.0823268 -0.0292098 0.0426269 -0.1968304 -0.0355890 0.1172101 -0.0662985 -0.2338915 -0.0364185 -0.1120556 -0.1270185 0.0271419 0.0906991 -0.0235339 -0.1615400 0.2048898 -0.0216761 -0.2793114 -0.0874491 -0.1214081 0.1667040 -0.0695717 -0.0392050 0.0403894 -0.1085205 -0.0805353 0.0802624 -0.1183055 -0.1726409 0.0137348 -0.1461051 0.0551115 -0.0962434 -0.2864646 -0.0308028 0.0793071 0.0769226 0.2092896 -0.2206779 0.1438634 0.1783066 0.0611918 0.0116734 0.0754918 -0.2396725 0.5082048 -0.1417636 0.0568610 0.0736693 0.0638423 -0.1724198 0.1120068 0.0541694 0.0793588 0.0516485 0.0031441 0.1921293 0.0647609 -0.3978535 -0.4522902 0.1457135 -0.0816453 0.2803924 0.1202370 -0.2647278 0.0947265 -0.2676524 0.1401770 0.3613855 -0.0867030 0.0099195 0.4965551 -0.1201592 0.0071108 0.3425013 0.5276013 -0.1361653 0.1640360 0.4771599 0.1986387 0.1820410 0.1291846 0.3120400 0.1804783 0.4196676 0.3093974 0.1845139 0.1852122 0.1664146 -0.1482121 -0.0051143 -0.3587128 -0.1414883 -0.2078922 -0.2244792 -0.1519647 -0.1746425 -0.5852885 -0.2952668 -0.5325814 -0.2054983 -0.0699241 0.0311797 -0.1655644 -0.0855205 0.0153902 0.1080049 0.0594306 0.2964994 0.4408433 0.0055375 0.1806436 0.1070784 0.0627448 -0.2397231 -0.3463351 -0.5472276 -0.1220945 -0.1664437 -0.1539482 0.2327747 0.3789580 -0.2108487 -0.1727156 -0.4532628 0.1386746 0.1295558 -0.2349088 0.3898981 0.0897284
0.3346287 0.4847842 0.1297755 0.6630235 0.1762474 0.6906000 0.2483959 0.7063332 0.5713605 0.5785635 0.0000000 0.5304601 0.2637259 0.3536924 0.5240617 0.7824853 0.7562999 0.3004371 0.6275755 -0.3281816 0.5227803 0.3484541 0.8870202 0.4258735 0.6223962 0.6818852 0.3373298 0.1436041 0.5068582 0.3026602 0.3752724 0.4853866 0.2014742 0.5048571 0.6225942 0.3954455 0.5383990 0.4824381 0.6929349 0.4313726 0.0508868 0.2396634 0.7166332 0.4893609 0.2620016 0.6424062 0.6683006 0.1393122 0.4650517 0.5041150 0.6656335 0.5454059 0.4014070 0.8179979 0.0111481 0.4633111 0.5281797 0.8939949 -0.1075921 0.6181230 -0.0917566 0.7949199 -0.1370892 0.7709833 -0.2370701 0.4247433 0.6357042 0.6088809 0.2610033 0.7816562 0.5454520 0.0811814 0.6165775 -0.2790990 0.5049532 0.6760153 -0.0922896 0.3041164 0.3329669 0.0927936 0.0214579 0.3449943 -0.0563876 -0.0586236 0.4274764 -0.3911364 -0.0476349 0.2718218 0.0546380 -0.0084585 0.0849795 0.0897647 0.3352021 0.3942616 -0.0298197 0.1436736 0.1891635 0.2142956 -0.1246289 -0.0016008 0.0949856 -0.0826050 -0.3139089 0.3401475 0.2301495 -0.0800346 -0.0351536 -0.1830169 0.4606803 0.2737294 0.3099530 0.3467059 0.0675563 0.2349896 0.3077940 0.1962288 0.3569295 0.0584904 0.2366439 0.3083702 0.3036810 0.2050305 0.0183830 0.5713055 0.4379054 0.3493528 0.1147065 0.1472233 0.5654985 0.5533674 0.4511441 0.2149584 0.0875547 0.5670556 0.1403151 0.2031506 0.4515616 0.4343157 0.3528114 0.2069108 0.3342308 0.3611766 0.4553974 -0.0053592 0.3443310 0.5398657 -0.0644135 -0.0228327 0.4130609 0.1727887 0.1417685 0.0757679 0.0526451 0.4525593 0.2151243 0.4850458 0.4622495 0.1148948 0.4971060 0.6646977 0.3399898 0.2063730 0.6808471 0.6562882 0.2655045 0.1623786 0.5339056 0.4659804 0.5639304 0.3207733 0.4207761 0.5877474 0.2439707 0.1166419 0.0732860 0.2498280 0.2846895 0.1438455 0.2438444 0.0634214 0.1025037 -0.0810487 0.0357592 -0.0502943 -0.1020815 -0.4500083 -0.0362540 -0.3060131 -0.2356074 -0.3228242 0.2092189 -0.1749815 -0.0093383 0.1961507 0.3150537 0.1590883 0.3148559 0.2583969 -0.0512623 0.3235604 0.1108819 -0.0194535 0.0298983 -0.2416125 -0.1546216 -0.1275326 0.2733577 -0.2434194 0.1645412 0.0862032 0.0543507 -0.2502067 -0.1347564 0.2556245 0.2670117 -0.0792414 0.4275739 0.2732483
0.2991502 0.8608401 0.3383999 0.5277182 0.2949816 0.5443233 0.8118016 0.3498546 0.5505213 0.3510522 0.5304601 0.0000000 0.1535028 0.4805456 0.7365587 0.3504657 0.5396923 0.5579138 0.2568638 0.0508591 0.8297212 0.1068440 0.3715979 0.6385727 0.2002071 0.2621595 0.2702190 0.5354586 0.5331387 0.4545315 -0.1370248 0.0489261 0.5590950 0.7979944 0.1461218 0.7059862 0.1868736 0.2070651 0.2523525 0.4118182 0.0696417 0.5696524 0.1853972 0.6164723 0.4220093 0.1928387 0.2871535 0.2821370 0.6706869 0.0400067 0.1966300 0.1231262 0.7556547 0.3744903 0.2337163 0.1501587 0.3380889 0.5800345 0.1300269 0.1916104 0.3733629 0.3594607 0.2821987 0.7477115 0.4238224 0.3834319 0.2212571 0.3874395 0.4067980 0.6378060 0.2485249 0.7522184 0.1408119 0.2729278 0.2949632 0.6093336 0.4357176 0.1181416 0.2875692 0.3383512 0.1986025 0.3894542 0.3078918 0.2508642 0.5343326 -0.3694631 -0.3442872 0.3884385 0.1315813 0.2368914 -0.0603596 0.0683464 0.0523214 0.6103760 -0.1453609 0.1350244 0.2784911 -0.1961874 0.4101072 0.6815703 0.4688217 -0.3067727 -0.2629257 0.7901120 0.2914110 -0.0464601 0.0851480 0.0225432 0.2668006 0.0919933 0.2449882 0.1558548 0.0895480 0.0108342 -0.0407190 -0.1812123 -0.0286950 -0.0574763 -0.0889024 -0.2372802 -0.1982041 0.0423352 -0.3029123 0.1489094 -0.2934989 -0.1766530 -0.1639072 -0.1244729 -0.1622630 -0.0680022 -0.2148350 -0.1355994 -0.2246344 0.4875944 -0.1798209 -0.3366348 -0.2136231 -0.2137495 -0.2280963 -0.2815084 -0.1816153 -0.3243989 0.2538116 -0.3479072 -0.2279289 -0.0460993 -0.4168983 -0.3230290 0.1963352 -0.3594908 -0.2841548 -0.4254441 -0.4508626 0.0456319 0.0163209 -0.2451152 0.1969088 -0.3832837 0.2370206 0.2341579 -0.0895957 -0.2753504 0.1688629 0.3052798 -0.1043244 -0.3844475 0.1594874 0.1483095 0.1030914 -0.0290578 -0.0105990 0.1550972 0.3317997 0.4052575 0.6742343 0.6182845 0.7749123 0.7316452 0.7631522 0.5314761 0.6373272 0.3739094 0.3463183 0.2678799 0.1402779 0.0817715 0.2127760 -0.1121018 0.0309874 0.2900500 -0.1951658 0.3794403 0.4217965 -0.0975752 -0.1421653 -0.1430060 -0.1263521 0.7164325 0.5737840 -0.1785730 -0.2000502 -0.3124892 -0.0517365 -0.3674505 0.0860722 0.1671151 -0.1521601 0.1394378 -0.2394544 0.0738331 -0.1737695 -0.0328959 0.1859079 0.2884885 0.2010558 -0.1322927 0.0040112 -0.1186690
-0.0781393 -0.0057368 0.7366798 0.0720194 0.7285817 -0.0406889 -0.1724456 0.6886984 0.1388507 -0.1057426 0.2637259 0.1535028 0.0000000 -0.0378344 0.3690028 0.2579266 0.1852499 -0.1149310 0.3137961 0.0027998 0.3236977 0.6061073 0.2007429 -0.1551161 0.2802005 0.4188307 0.0430374 -0.0826867 0.5869284 0.0711228 0.8336574 0.5376273 -0.3191519 -0.0107923 0.4168596 0.3723833 0.5051940 0.7138530 0.4048265 0.3451282 0.6074799 0.1828235 0.4226289 0.0156597 0.4984541 0.5323309 0.4758746 0.6423025 -0.1505328 0.7079061 0.5048614 0.4831082 0.1745637 0.4223446 0.5065486 0.6251643 0.4387397 0.2653438 -0.1936321 0.4117241 0.1465950 0.4290402 0.3823925 0.1845486 0.3242225 0.1134781 0.2478859 0.2033580 0.5124153 0.0777951 0.1368740 -0.0555075 0.1987408 0.2444724 0.4957146 0.1764404 0.1620120 0.1803459 0.0984671 0.2285613 0.1275923 0.1683804 0.4705254 0.1683860 0.2169496 0.2022537 0.5178758 -0.1895543 0.4845024 0.6015338 0.5875964 0.6295075 0.3725648 0.3971363 0.5030889 0.5049452 0.3624913 0.0379794 0.2135619 0.1425459 0.5151237 -0.1270990 0.4114412 0.1496312 0.2329607 0.3107320 -0.0590430 0.4788566 0.1437948 0.5768578 0.3954276 -0.0290989 0.3981331 0.4214532 0.2323753 0.2481850 0.1347331 -0.1836484 -0.0371370 0.0021293 0.0612563 0.2315339 0.0898885 0.0507979 0.3783166 0.2146238 0.3371657 0.0737138 0.1847434 0.1758674 0.2087876 0.2858290 0.3270161 0.1376891 0.3078222 -0.0227143 0.2789792 0.2304779 0.3961092 -0.0896973 0.2142779 0.2763129 0.4714865 -0.2593415 0.1371516 0.2824223 0.3543186 0.2749396 0.5230191 0.1415349 0.0306323 -0.1930522 0.2307705 0.4803428 0.2805600 0.0486820 0.2861789 0.1026320 0.4470132 -0.0778155 0.3196594 0.1740542 0.2279427 0.1230679 0.4257548 -0.1853959 0.3780415 0.4947793 0.4516969 0.2441168 0.2104362 0.4589082 -0.4837220 -0.6704538 -0.2021607 -0.0562875 0.0867783 0.1911833 0.1335690 0.0955421 0.0314633 -0.1341057 -0.0822097 -0.1023342 -0.2735268 0.2705876 -0.1071584 0.0101278 0.0060391 0.0411645 -0.1672988 0.0883273 0.0639640 -0.1869143 0.0630370 -0.1092185 0.2900967 -0.1787232 -0.0988215 0.2654997 0.4723448 0.0853302 0.3961100 0.0507240 0.4676011 0.0993104 0.1392153 -0.0392921 0.4950648 -0.0247780 0.4641502 -0.0697219 0.5331459 0.3208483 0.2215100 0.4085802 0.0433151 -0.1552792
0.3307097 0.6066451 0.0712464 0.6168240 0.1783423 0.7407345 0.5563566 0.1547371 0.6069953 0.8172970 0.3536924 0.4805456 -0.0378344 0.0000000 0.2572371 -0.0665160 0.7902465 0.9206279 -0.0917654 -0.1016201 0.4847304 -0.1333080 0.3464718 0.8819846 0.0703927 0.2225767 0.5249181 0.7272216 0.0799443 0.6659776 -0.1307084 0.0722931 0.7769381 0.5970847 0.2068048 0.0875762 0.0651623 -0.0503719 0.2979421 0.4864731 -0.1118594 -0.1172129 0.1663701 0.7775332 -0.1517588 0.0162140 0.1054710 0.0024984 0.8548490 -0.0391247 0.0928419 0.1232544 0.3536325 0.2367573 -0.1589063 0.0043807 0.0441362 0.4562753 -0.0707562 0.1261445 -0.1189843 0.2778816 0.0071069 0.5621579 -0.0871626 0.0388727 0.1779386 0.1745647 -0.0981844 0.4877651 0.0404429 0.5648645 -0.0293330 0.0434525 -0.0731547 0.3489204 0.3561174 0.0080919 -0.0511945 -0.1955033 -0.0895494 0.6148426 0.3080814 0.1600338 0.0365877 -0.0143826 -0.0736601 0.0952152 -0.0584994 0.1226427 -0.1192007 -0.2605665 -0.1699743 0.2047762 -0.0655574 -0.1735866 0.0091764 -0.2835923 0.1567138 0.3293089 0.2379613 -0.1211972 0.0044777 0.2576341 0.0350687 -0.2304970 -0.0322207 0.2073002 0.1344493 0.0249080 -0.1066098 -0.0126799 0.0539214 -0.0272021 0.0247182 -0.1662224 -0.2960367 -0.0522588 -0.2280181 -0.1526858 -0.3372564 -0.3420626 -0.3229151 -0.1405506 -0.1932290 0.0807499 -0.3332593 0.0286912 -0.0641739 -0.2140379 -0.2919896 -0.0764739 -0.3582937 0.4444303 -0.2146826 -0.1452219 -0.1200285 -0.2319771 -0.3805257 -0.1947733 -0.0858970 -0.1364399 0.0633734 -0.1735511 0.0087424 -0.2163421 -0.6220971 -0.6217634 0.1645955 -0.3225750 -0.0819459 -0.1402846 -0.5140898 -0.0215003 -0.3312053 -0.2631704 0.3361591 -0.3421021 0.0759745 0.2127532 -0.3664018 -0.2771294 0.0606897 0.4617960 -0.3676065 -0.1941140 0.2913834 0.1689035 0.1359213 -0.0575688 0.1395665 0.0922616 0.4526381 0.3210332 0.3346033 0.2532692 0.2769878 0.1087321 0.2248434 -0.1901036 -0.0227402 -0.0999508 -0.0838094 -0.1213182 0.0312000 -0.1737035 -0.0302797 -0.2827451 0.0522560 0.3313176 -0.1822348 0.1083504 0.1139643 -0.2177578 -0.0251404 -0.1750825 0.2066073 0.5420973 0.1169126 0.0752125 -0.0239183 -0.2838317 -0.3735866 -0.4412497 -0.2288785 0.1082965 -0.3645276 -0.1560364 0.0350806 0.0712556 -0.3869050 -0.1287754 -0.1871624 0.2129745 0.0636484 -0.4005720 0.2056213 0.0446977
0.2941662 0.4417271 0.2734532 0.1966762 0.1845570 0.3533792 0.4159144 0.3905121 0.6375803 0.1715515 0.5240617 0.7365587 0.3690028 0.2572371 0.0000000 0.5048336 0.4163457 0.3747663 0.3280086 -0.1209026 0.6902245 0.1541342 0.3437341 0.4435231 0.1863692 0.4370243 0.2460253 0.4002583 0.7665349 0.5035742 0.2408661 0.1765097 0.2814839 0.5040883 0.4077521 0.5471439 0.4350291 0.2962780 0.3462188 0.4435659 0.1408686 0.3479003 0.3501813 0.4277192 0.3825018 0.4858023 0.6115288 0.2945643 0.3048475 0.4311346 0.5414685 0.3127394 0.4371630 0.3800550 0.1015127 0.4724806 0.5885347 0.4688223 -0.2236962 0.4026604 0.0954855 0.4423386 0.2671064 0.4963997 0.2025885 0.4472519 0.3775236 0.3009590 0.6732474 0.4822928 0.3681551 0.2606059 0.2992432 0.0736407 0.5833506 0.4835339 0.0680652 0.2832214 0.3100171 0.1929786 0.2121896 0.1965918 0.2083217 -0.0976749 0.2366792 -0.3407680 0.0761637 0.0466550 0.0397523 0.1613386 0.0571771 0.2637587 0.1781983 0.5613902 -0.0688680 0.2421300 0.0934909 -0.0487847 0.1593003 0.3924684 0.4637785 -0.2461208 -0.1679052 0.6577604 0.0867841 0.0148254 -0.0340898 0.0730979 -0.0377970 0.3071422 0.3319200 0.0696808 0.2592842 0.2241813 0.1446224 0.0944765 0.1894510 -0.0127203 0.0857444 -0.1048101 0.0449813 0.2484333 -0.3047313 0.3204277 -0.0067122 -0.0659535 0.2254377 -0.0530419 0.0130499 0.1477788 0.1247574 0.0483547 -0.0124414 0.3442395 -0.1382863 -0.1545313 0.0295184 -0.0073129 0.1684479 -0.1165316 -0.0350923 -0.0522982 0.1869288 -0.2209089 -0.0376373 0.2396723 -0.0420120 -0.0828118 0.2178354 -0.1235216 -0.0644185 -0.2120927 -0.2051178 0.2337203 0.2584832 0.0576257 0.1699950 -0.1408514 0.3050910 0.2216730 0.2069017 -0.0623882 0.3923951 0.1319542 0.2280510 -0.1871865 0.2638601 0.2827214 0.3145112 0.1776239 0.0842256 0.3843074 0.0354253 -0.0489971 0.1971235 0.0954049 0.3548649 0.3939066 0.4931100 0.3324449 0.3078315 -0.0495915 -0.0438616 -0.1602712 -0.2778693 0.0217274 -0.0492653 -0.0978765 -0.1219610 0.0907999 -0.1852817 0.1047198 0.2354122 -0.2228603 -0.1189637 -0.1744781 -0.1361197 0.2801039 0.4412764 -0.1444749 0.1050589 -0.2651823 0.0311081 -0.3077882 0.2002330 0.2362428 0.0300879 0.0623753 0.0737544 -0.0709877 0.0905441 -0.1589326 0.2871409 0.3785220 0.3513491 0.0364276 0.2942981 0.1130670
0.0234653 0.2161626 0.0880628 0.3969265 0.0928027 0.2393294 0.0168184 0.5923615 0.2047104 0.0335173 0.7824853 0.3504657 0.2579266 -0.0665160 0.5048336 0.0000000 0.3349503 -0.0178072 0.8672555 -0.3064322 0.4056193 0.4147589 0.8277376 0.1076783 0.7505313 0.7607655 0.1766578 0.0338260 0.5466421 0.2001195 0.3830328 0.5757442 -0.0207876 0.3130887 0.6898316 0.4749323 0.6501735 0.6256690 0.5434499 0.3859550 0.2250240 0.4565813 0.7100998 0.3608140 0.4030310 0.7661005 0.7490297 0.2642929 0.1818589 0.5954096 0.7089920 0.4478707 0.2902440 0.6911825 0.1997469 0.6192028 0.6798416 0.6711085 0.1081783 0.6414414 0.1626999 0.6780428 -0.0065202 0.5958334 -0.1022713 0.5900070 0.6744310 0.6296339 0.4512610 0.6618369 0.6905830 -0.0870546 0.7236144 -0.0985983 0.6828866 0.6413017 -0.1278738 0.4195870 0.5735071 0.2445043 0.1543570 0.0222196 -0.2438906 -0.1216226 0.4819084 -0.4314892 -0.1495605 0.1679500 0.0210226 -0.1465622 -0.0869397 0.0527533 0.2774574 0.2628145 -0.0107349 0.2723668 0.1653313 0.2499381 -0.0891472 -0.0400502 -0.0874336 -0.1157690 -0.3296205 0.2274707 0.2068725 0.0656077 0.0172238 -0.1772904 0.3143984 0.2606969 0.2678141 0.2835459 0.0910987 0.2603415 0.2516823 0.2742154 0.5510568 0.1154978 0.4079352 0.2899281 0.4553103 0.4815797 -0.0586503 0.6104110 0.3782810 0.2471003 0.2409601 0.0749048 0.5138772 0.5188710 0.4701732 0.1087619 0.1823060 0.1874196 0.2371440 0.1538864 0.3697824 0.3469151 0.4390082 0.1707971 0.2927605 0.4111756 0.5227121 -0.0583417 0.1459043 0.5570784 0.1176588 0.1944355 0.3809833 0.3023500 -0.0356221 -0.0622864 0.2829873 0.4283531 0.5238121 0.4794097 0.3699810 0.1078349 0.6899760 0.5006169 0.5341195 0.2749400 0.5208539 0.4371899 0.4603128 0.0227512 0.2429521 0.4543529 0.6765902 0.3515223 0.3024641 0.6587905 0.0649400 0.0229553 -0.0683428 0.1490926 0.1642031 0.1976047 0.2760655 0.2455694 0.1629372 0.0262359 0.1755706 0.0367066 0.0376881 -0.1236702 0.1558236 0.0270471 -0.0984563 -0.3257550 0.1378494 -0.0652381 0.0685375 0.1350252 0.2229149 0.0659597 0.1157523 0.0262921 0.0028377 0.2190385 -0.0711134 -0.2331595 0.0412977 -0.1424706 0.1632340 0.0376939 0.3523742 -0.1711824 -0.0372289 -0.2322946 0.0688466 -0.1717955 0.1242708 0.2577303 0.1837861 -0.0118922 0.3381770 0.2848321
0.3640311 0.5600879 0.1950097 0.7259950 0.2035356 0.8247856 0.5180492 0.5712468 0.5702446 0.8645514 0.7562999 0.5396923 0.1852499 0.7902465 0.4163457 0.3349503 0.0000000 0.6336037 0.3378443 -0.0436523 0.4744063 0.3210239 0.7173693 0.6417743 0.4452793 0.5362804 0.6809319 0.4434522 0.2906845 0.6002414 0.2599240 0.4091406 0.4064373 0.5287019 0.5090304 0.1411347 0.4291327 0.2930148 0.6014051 0.5597334 0.0548420 -0.1175688 0.5182166 0.6501832 -0.0212544 0.4518572 0.4798086 0.1625914 0.6617619 0.3339126 0.5029130 0.4067141 0.2988576 0.6184544 0.0094644 0.3502662 0.3889930 0.7895261 -0.2976648 0.5123614 -0.2491674 0.6286644 -0.1190791 0.6986452 -0.1524349 0.2770678 0.5479209 0.4316712 0.0362527 0.6845387 0.3685483 0.3366782 0.3549015 -0.1218560 0.2512991 0.5710537 0.1762873 0.2265728 0.2118527 -0.0193324 0.1068430 0.5385816 0.3437062 0.1198241 0.1811245 -0.0765422 0.0325492 0.0548812 0.1529425 0.2040996 0.0966741 -0.0131936 0.1005404 0.2407393 0.1229204 -0.0425815 -0.0163852 -0.1055609 0.0959962 0.1123758 0.2425452 -0.1206472 -0.0538372 0.2191686 0.0513300 -0.1194548 -0.0528395 0.0985600 0.2816956 0.1820417 0.0856872 0.1490351 0.1503359 0.1471596 0.2441297 0.0444687 0.0061522 -0.0395274 -0.0628501 0.0649703 -0.0820533 -0.1366549 -0.1568892 0.1996560 0.1957204 0.1847818 -0.1065161 -0.0511432 0.2510962 0.1335975 0.0163090 -0.0739570 -0.1395969 0.5127097 -0.1556393 -0.0427783 0.1064933 0.1000818 -0.0682505 -0.0008435 0.0353110 0.0348162 0.1636086 -0.0471425 0.0938450 0.1615448 -0.3997989 -0.3738945 0.2451700 -0.1376685 0.0162729 -0.0265771 -0.2924095 0.1584805 -0.1331516 0.1292285 0.3481915 -0.1844551 0.2724206 0.4522265 -0.0733233 -0.1306065 0.3546161 0.5754506 -0.1158192 -0.0153831 0.4081364 0.2683564 0.3584748 0.1170488 0.2384315 0.2756185 0.2259300 0.2006420 0.3065534 0.3680570 0.3731191 0.0803272 0.1870586 -0.2383710 -0.0725970 -0.2065582 -0.1970507 -0.2007027 -0.2258210 -0.3964342 -0.2238096 -0.4594004 -0.1071410 0.0468679 0.0469649 -0.0637043 0.0582410 0.1026908 0.2137411 0.0709672 0.3525484 0.3938637 0.0545206 0.2024002 0.2441945 0.0127636 -0.0576959 -0.2460406 -0.2544921 0.0508634 0.0166883 -0.0977520 0.3012129 0.3382334 -0.0838725 -0.0744413 -0.1105831 0.2539582 0.3251802 -0.1316335 0.5197077 0.2774782
