0.0000000 0.8353278 0.6033204 0.6877605 0.2135928 0.6351109 0.6629791 0.5657974 0.5455737 0.1177699 0.5009587 0.5253897 0.4156129 0.0682927 0.6543465 0.4297304 0.2022995 0.6358113 0.5111575 0.0177208 0.3021694 0.4945948 0.3987965 0.6167235 0.5318060 0.3932160 0.0301987 0.0769599 0.2531843 0.1812856 0.4542304 0.4419455 0.2461993 0.3987136 0.5078865 0.2725831 0.5327702 0.5427249 0.0538652 -0.0472394 0.4744293 0.2601043 0.2146582 -0.0786670 0.2501614 0.5606943 0.5483409 0.3763548 0.1973578 0.5116751 0.4900102 0.1125638 0.3604629 0.0844062 0.1278345 0.4439793 0.5436746 0.1847840 0.1139598 0.4405305 0.4226783 0.4671903 0.3162228 0.5922211 0.3818848 0.5351941 0.5600926 0.3192294 0.5088125 0.5680654 0.5941463 0.6533988 0.4873604 0.6443819 0.5408089 0.5596953 0.6654739 0.6615863 0.5483075 0.5579331 0.8567781 0.4731298 0.5336155 0.4635093 0.2687186 0.5123138 0.4825692 -0.0580771 0.5137208 0.4487987 0.5287464 0.5340952 0.0870143 0.1354220 0.5272571 0.5724380 0.5141185 0.1314879 0.3838945 0.3677338 0.4002538 0.3545878 0.1193224 0.2265053 0.4604051 0.4749306 0.2188194 0.2558666 0.4587223 0.2028029 0.7219217 0.4348783 0.1126312 0.1408130 0.2703118 0.1721742 -0.0178398 -0.0730797 -0.0271013 -0.0159121 -0.0602299 0.0019899 0.3835002 -0.0896053 -0.0454624 0.4375680 0.4627786 0.5192478 0.3244038 0.3885159 0.3351920 0.3218288 0.2593601 0.2840093 0.7257473 0.5754186 0.1139217 0.2951818 0.2066524 0.3208053 0.6825792 0.4001651 0.6776747 0.5933483 0.1251118 0.3583935 0.2441027 0.2712374 0.7282334 0.5352705 0.5711168 0.5317458 0.2373592 0.7172427 0.2367795 0.4273910 0.6330579 0.3789646 0.7645847 0.5736478 0.4716657 0.4937371 0.4972583 0.7481388 0.3158012 0.4993657 0.5970386 0.7406857 0.5258741 0.4470526 0.4319989 0.2871398 0.0459852 0.2110765 0.4326272 0.3280681 0.2441607 0.0593800 0.4211052 0.1865498 0.0520647 0.4548122 0.3117547 0.3719740 0.2643285 0.4452940 0.3065809 0.1866614 0.6160893 0.6855012 0.1700079 0.4705987 0.4778033 0.4655301 0.3882011 0.4185592 0.5245940 -0.0029897 0.3476682 0.4934005 0.2911119 -0.0550021 0.1186869 0.3027538 0.0492549 0.2878919 0.3780291 0.3305591 0.2347528 0.0343104 0.0284082 0.1177440 0.3147408 0.3719107 0.5732853 0.5935017 0.2588544 0.2080606
0.8353278 0.0000000 0.7828830 0.6908377 0.3915918 0.6293951 0.7212271 0.6906208 0.5264037 0.2031993 0.5781149 0.7030840 0.6063070 0.0614926 0.7035063 0.4432161 0.1671515 0.4682820 0.4985360 0.0774124 0.5876212 0.5880654 0.3877499 0.3479657 0.5298207 0.4777410 -0.1020130 -0.0645134 0.3975573 0.0112711 0.5024127 0.4233359 0.2276526 0.5013737 0.4535473 0.5620706 0.5044522 0.5518246 -0.0216335 -0.1926756 0.4370188 0.4758359 0.1757642 -0.1879601 0.3098250 0.5220107 0.4902044 0.3718270 0.1643875 0.5104583 0.4430975 0.1029097 0.4304701 0.0651630 0.1776956 0.4338451 0.4926297 0.0925944 0.3179242 0.3646249 0.5855820 0.3936030 0.4121870 0.5415665 0.4391422 0.4810423 0.4627407 0.3069937 0.4716893 0.4865720 0.4583023 0.6596087 0.4179309 0.7455131 0.4425671 0.5589535 0.7010160 0.5650676 0.5703789 0.7070982 0.8086497 0.5146388 0.5594156 0.4635589 0.4518747 0.5142095 0.3821008 0.1965294 0.4502899 0.4947534 0.3771342 0.3887137 0.0370241 0.3593137 0.4653771 0.5101317 0.4090825 0.1970586 0.2363902 0.6593578 0.4734116 0.3421722 0.2261802 0.3128475 0.3650576 0.4764007 0.3386847 0.2774979 0.5120776 0.3868438 0.7072773 0.5299510 0.2322007 0.2387695 0.4660742 0.3707328 0.1283046 0.0804034 0.1614908 0.3036200 0.1445546 0.1285225 0.4828757 0.0615528 0.2018321 0.6770082 0.4391872 0.4040449 0.4981945 0.5637796 0.4708403 0.0965131 0.3248497 0.5420723 0.6515915 0.5361566 0.3264456 0.4402880 0.3317199 0.5513971 0.6444008 0.5489068 0.6153753 0.7868624 0.2902943 0.4678332 0.3455858 0.4132653 0.6234085 0.7137251 0.6103650 0.7797713 0.4261740 0.6003466 0.2232162 0.6010076 0.4150624 0.5012817 0.6362938 0.6056171 0.3775364 0.6529929 0.5767531 0.5678322 0.2478243 0.5671129 0.4566549 0.5481621 0.3911157 0.4557424 0.4355813 0.3478623 -0.2163089 0.0586172 0.7002507 0.5979396 0.5334872 0.1159857 0.6749083 0.4021506 0.1667814 0.5771937 0.5176160 0.5586511 0.5743118 0.4338347 0.4925416 0.4061829 0.8262888 0.7339506 0.4492940 0.5762911 0.6269297 0.6367100 0.5753551 0.5920199 0.7958741 0.0701063 0.6022854 0.7448891 0.2368546 -0.1937672 0.0806840 0.4105372 0.0893683 0.3596435 0.4807830 0.2894267 0.0729072 0.0750946 0.0420272 0.3032623 0.4480528 0.6261626 0.7899723 0.3783052 0.2963301 0.3684189
0.6033204 0.7828830 0.0000000 0.6972207 0.7084162 0.5204122 0.7175765 0.8206557 0.4576486 0.3077360 0.7710373 0.7703890 0.8519341 0.0637878 0.7994066 0.6927731 0.4279425 0.4480565 0.6726831 0.5021079 0.5535501 0.7784893 0.7581509 0.3217733 0.7304624 0.7875745 0.1285888 0.0429744 0.4612566 0.1315968 0.7815241 0.7614168 0.2777677 0.6272830 0.7587481 0.4802973 0.7974892 0.7386874 0.0974765 0.0141766 0.7378566 0.5267795 0.5265962 -0.1379184 0.5124326 0.7371209 0.7283373 0.6130349 0.3146377 0.7118674 0.7126308 0.3698521 0.5979223 0.3871020 0.5956500 0.7067606 0.7534069 0.4155711 0.4288116 0.6434207 0.6512296 0.6416393 0.7334993 0.6665564 0.5971997 0.7550931 0.6689642 0.5273874 0.6715514 0.6635488 0.6607869 0.6226204 0.5666392 0.7432186 0.5407007 0.6296975 0.6912050 0.5577324 0.6044649 0.5706651 0.6272570 0.6045453 0.7040044 0.5637404 0.5531960 0.5063930 0.4664774 0.2880463 0.3958950 0.4658994 0.4693983 0.4637415 0.2708342 0.2308766 0.5166340 0.4699098 0.3460366 0.4938576 0.2280450 0.4017589 0.3192962 0.3942551 0.4913458 0.1428167 0.2814307 0.4697415 0.4031352 0.4470698 0.2453346 0.4357391 0.5245993 0.4570343 0.1805517 0.3080909 0.4044135 0.4252945 0.3375383 0.3149756 0.4087604 0.2399590 0.4554861 0.4172356 0.2112519 0.3434479 0.3018691 0.5058604 0.4403593 0.2605724 0.2452761 0.4518739 0.5079982 -0.0049801 0.4094234 0.3548829 0.3657157 0.4025786 0.3111145 0.3369534 0.3195042 0.2601643 0.3803527 0.2955824 0.4227813 0.4061907 0.2540990 0.3401449 0.3479892 0.3920908 0.3211009 0.4178509 0.3677152 0.5493984 0.3750025 0.3079192 0.2001310 0.3934392 0.2067464 0.3798832 0.6058181 0.3626592 0.3074683 0.3827240 0.3432354 0.2406311 0.2124996 0.4043741 0.2917568 0.3558901 0.2925688 0.1660764 0.2920245 0.1631633 -0.2349858 0.0565975 0.6253077 0.5960543 0.6246807 0.2765773 0.6196601 0.4651263 0.1529522 0.5068695 0.4723396 0.5045681 0.6154242 0.5096485 0.6249703 0.5835314 0.7336183 0.5891441 0.3172885 0.3903159 0.5569256 0.4119429 0.4019394 0.3487861 0.5152253 0.1513649 0.7249906 0.5018747 0.3939038 -0.0860328 0.0839386 0.2315653 0.4023521 0.3254007 0.1875835 0.4302464 0.1138640 0.1939306 -0.0127365 0.2112360 0.6084271 0.5978482 0.7219567 0.3379256 0.5126751 0.6384361
0.6877605 0.6908377 0.6972207 0.0000000 0.3590554 0.7494782 0.6287063 0.9009099 0.4951301 0.2854500 0.8523435 0.8184135 0.7422394 -0.0644467 0.7450978 0.7731206 0.3494289 0.4269177 0.8012492 0.5452892 0.7329559 0.8115637 0.7524195 0.5929549 0.8302199 0.7490052 0.0175460 -0.0174484 0.7843925 -0.0821680 0.7550727 0.6375877 0.3327123 0.8358887 0.7044853 0.6664385 0.6680570 0.8064217 -0.1789889 -0.2612853 0.7026346 0.7644416 0.2796924 -0.3231802 0.7586232 0.7084037 0.6832120 0.6261974 0.3073424 0.7765564 0.5562224 0.0312829 0.8293247 0.2505686 0.3663702 0.6716488 0.6448416 0.4484175 0.6023781 0.4427219 0.8538416 0.5617638 0.7038314 0.8097711 0.8482004 0.6245992 0.6452122 0.6803546 0.7324244 0.7899305 0.6714039 0.8348637 0.7558310 0.8395050 0.7787294 0.8118101 0.7874736 0.8506624 0.8184431 0.7354220 0.8035363 0.8154312 0.8066147 0.7938724 0.5465966 0.6502594 0.4136053 0.0148074 0.6695776 0.6571080 0.4029791 0.4491023 -0.0651514 0.1221350 0.5938532 0.6530757 0.4332341 0.2329130 0.5551377 0.3097410 0.5065515 0.3185689 0.2784936 0.4018369 0.4368451 0.6135143 0.4073313 0.4518070 0.3763382 0.3383081 0.4888915 0.6066453 0.0327983 0.0563448 0.2550185 0.2009001 0.0700758 0.0430046 0.1311559 0.1461872 0.2632596 0.3863429 0.2429495 0.1785672 0.1300621 0.6212438 0.6438292 0.2843622 0.3639033 0.4283426 0.3803782 0.1844185 0.4899756 0.1811922 0.6184376 0.2736444 0.0421032 0.2172604 0.1242199 0.2486283 0.5097103 0.2459822 0.5100896 0.5327543 0.0828217 0.3253703 0.1995786 0.2596886 0.6796639 0.4820809 0.5079293 0.3637396 0.1580696 0.4459412 0.2146474 0.4978894 0.4715124 0.3155871 0.5689735 0.3690274 0.5360719 0.4763079 0.3523936 0.5296672 0.4278763 0.3544494 0.4342247 0.5065211 0.4369328 0.4626422 0.5644398 0.4431264 -0.3021916 -0.2589487 0.2593586 0.2712235 0.2300712 -0.0732049 0.7137159 0.5588600 -0.0956102 0.7338518 0.7303381 0.7505213 0.4510599 0.7527447 0.3459988 0.2469528 0.5546902 0.6855883 0.3803902 0.5458451 0.2749689 0.5983491 0.5352571 0.4715322 0.5749317 -0.1566362 0.4799215 0.6527853 0.0961497 -0.2607194 -0.0320611 0.0270782 0.3314159 0.1839071 0.0567890 0.0216718 -0.0960757 -0.1621011 -0.0485806 -0.0232403 0.4333930 0.4926706 0.6013264 0.3056053 0.3194031 0.2892917
0.2135928 0.3915918 0.7084162 0.3590554 0.0000000 0.0875227 0.3497385 0.5282697 0.0831156 0.2286586 0.4438613 0.4488155 0.7543541 0.0596092 0.3861341 0.4100383 0.2479612 0.0181335 0.3686385 0.6681880 0.3747481 0.6047076 0.4825663 -0.0442467 0.4412134 0.6152935 0.1755425 0.0173195 0.2610940 0.1904646 0.7075229 0.6676902 0.0706750 0.2758431 0.5809982 0.2517108 0.5965967 0.5175729 0.1901975 0.2083761 0.6326875 0.3477224 0.4443093 -0.0099398 0.2465090 0.5137917 0.4764501 0.5800055 0.1176718 0.4998701 0.4799956 0.3342425 0.2687146 0.2723972 0.7582188 0.5623506 0.5474325 0.1473475 0.2628167 0.4536746 0.4226254 0.3651216 0.7025467 0.3332983 0.2413322 0.5896480 0.4258677 0.1764018 0.4273169 0.2675642 0.4365977 0.2872951 0.2344592 0.4735072 0.3105902 0.2659458 0.4534562 0.2609181 0.2876314 0.3287707 0.3849937 0.2319759 0.3525800 0.1031155 0.0954302 0.0505606 0.2372219 0.2953886 -0.0208555 0.0435343 0.3818663 0.3746964 0.3038586 0.1959309 0.2181890 0.2907032 0.2273841 0.3320483 0.0716259 0.2769437 0.1470940 0.2717014 0.4175966 -0.0220496 0.2565765 0.4248321 0.0572296 0.1697619 0.1375408 0.2920019 0.4276098 0.0964214 -0.1514280 0.1584154 0.0711353 0.1304281 0.2066472 0.1761034 0.2412261 0.0856092 0.3102778 0.3164191 -0.0964043 0.1239097 0.3288648 0.2349190 0.1126982 0.0300637 0.0195915 0.2134269 0.6117399 -0.2345339 0.3397514 0.0025534 -0.0050779 0.0550952 0.5138276 0.3716641 0.5853402 0.0262843 -0.0372908 0.2605581 0.2653696 0.0657115 0.3993455 -0.0864776 0.6275230 0.5898060 0.0126876 0.3465799 0.3369208 0.4138873 0.6120289 -0.0417862 0.2916375 0.2230874 0.1061942 0.3909027 0.4751565 0.3030103 0.1641300 0.3369913 0.1407835 0.0862934 0.2134278 0.3497789 0.0711753 0.1675864 0.3164751 0.1483971 0.0108067 0.1466987 -0.1063359 -0.0219605 0.5559732 0.5424826 0.5322599 0.2044394 0.3022357 0.1563200 -0.1193456 0.0449529 0.2252362 0.1675708 0.5632262 0.2161664 0.6041849 0.6534257 0.5297514 0.3359712 0.1125628 0.2943305 0.5479774 0.0000783 0.0632470 -0.0402819 0.1639740 0.3074088 0.7000954 0.2394687 0.4324132 -0.0348408 -0.0006695 0.1508373 0.5979695 0.4921725 -0.0498314 0.5701343 0.0593062 0.4071267 -0.1496596 0.0988256 0.6265426 0.6513748 0.3432583 0.2995618 0.4016052 0.7530464
0.6351109 0.6293951 0.5204122 0.7494782 0.0875227 0.0000000 0.6275394 0.5048915 0.9100641 0.6395372 0.6354002 0.7483932 0.2839597 0.5078911 0.7646016 0.3205986 0.6636509 0.7718226 0.3374920 0.0964105 0.5103599 0.3405096 0.5742118 0.7654054 0.3938225 0.3207496 0.4316008 0.5308284 0.4865865 0.3668822 0.3238097 0.2635026 0.7700964 0.7216198 0.4856125 0.5174362 0.4362014 0.3341466 0.2929891 0.1216737 0.2749358 0.4399783 0.4110544 0.2519415 0.5201080 0.3454771 0.4448259 0.1024053 0.7032455 0.3382477 0.4200300 0.3195775 0.6832543 0.3889226 -0.0796770 0.2617858 0.4041787 0.5235150 0.4486654 0.4034028 0.5962969 0.5120345 0.2004087 0.8053128 0.6669713 0.3757189 0.4358481 0.4685293 0.3340465 0.6489250 0.3918997 0.8363178 0.4184231 0.7008826 0.2751470 0.5489897 0.7225957 0.3919484 0.3408828 0.6017807 0.5930268 0.4426449 0.4346925 0.5166153 0.3707794 0.2502772 0.0593764 -0.3284506 0.2976975 0.3277522 0.0744651 0.1141904 -0.1629672 -0.3078482 0.1601313 0.1564798 0.2886738 -0.0051674 0.0406582 0.1402518 0.0114032 -0.1007897 -0.1599816 0.0227932 0.0641683 0.0805553 0.1450342 0.0112202 -0.0466802 0.2368073 0.1456362 0.2742821 -0.0168595 0.0281617 0.2491006 0.2020664 0.0581448 0.1351354 0.1184661 0.0384438 0.0443358 -0.0193092 0.2478715 0.1330423 0.0398512 0.5717882 0.3604979 0.3208260 0.3758502 0.2096374 0.2471888 0.1009941 0.2748636 0.0380548 0.5248672 0.3245685 0.0149552 0.2586633 0.1169595 0.2769612 0.4092302 0.2478091 0.5528492 0.4540017 0.0818471 0.2668412 0.1972357 0.2896436 0.5499167 0.2283214 0.2795309 0.4148135 0.1901732 0.5696941 0.2827862 0.4841462 0.6155401 0.3638738 0.6200644 0.4158526 0.5292603 0.3046115 0.5710180 0.5440981 0.4741215 0.4482805 0.5027596 0.7307877 0.4851032 0.2782418 0.4164507 0.2984264 -0.3555794 -0.2705494 0.0644879 -0.0130068 0.0824704 -0.2327513 0.5548334 0.5068220 0.0786687 0.8557056 0.6356103 0.7432435 0.3751594 0.4200108 0.0905186 0.0199935 0.5760261 0.7437298 0.1903342 0.5097666 0.2809839 0.6316643 0.5390769 0.5003931 0.5797772 0.0078698 0.3108355 0.5746084 0.0880800 -0.1871799 0.0014930 0.0609075 0.2704762 0.0466500 0.3845130 0.0927953 -0.0273624 -0.0273582 -0.0329484 0.2559489 0.3613797 0.4442256 0.6036849 0.3871586 0.5862531 0.3698254
0.6629791 0.7212271 0.7175765 0.6287063 0.3497385 0.6275394 0.0000000 0.6180417 0.5031711 0.0811556 0.5453089 0.8455857 0.5433629 0.0234773 0.8088425 0.5067947 0.3723076 0.6876617 0.5338814 0.2031429 0.4786645 0.5065017 0.5800228 0.5560034 0.6065282 0.5432209 0.1434890 0.1127559 0.3570110 0.1703686 0.4918394 0.5591906 0.2379522 0.5733786 0.6032775 0.3234524 0.6079615 0.6214092 0.1044988 0.0416017 0.5529843 0.3878964 0.3875264 -0.0294230 0.4020204 0.4877503 0.5227817 0.5185383 0.3246959 0.5389268 0.5431164 0.2952185 0.4508115 0.4458255 0.3716341 0.4757372 0.5591802 0.5037322 0.2521452 0.5253416 0.5097313 0.6919639 0.4691788 0.5753274 0.4486765 0.5465783 0.5401299 0.5758107 0.5265791 0.6078095 0.4820353 0.5522375 0.5619254 0.5993412 0.4125668 0.5508551 0.6186842 0.4703104 0.4909275 0.4916698 0.6271432 0.4793479 0.5048855 0.5211702 0.5246887 0.6058061 0.2645893 -0.0149348 0.4820530 0.4029931 0.3165711 0.3798680 0.2196670 0.0916470 0.5052174 0.3128859 0.1098172 0.3024224 0.2850010 0.3565633 0.3303011 0.4492289 0.4006018 0.0651958 -0.0167074 0.2559995 0.5646744 0.4397060 0.1135974 0.6094064 0.4078729 0.4871917 0.2921633 0.4218181 0.4570359 0.3907933 0.3462095 0.3511552 0.3795082 0.1881466 0.2510976 0.3165397 0.1188337 0.1873976 0.1231789 0.4288204 0.2613637 0.0309810 0.1991284 0.0813961 0.0716717 0.0957866 -0.1459031 0.1917854 0.3512922 0.0773883 -0.0142844 0.2158074 0.0338080 0.3880204 0.2294825 0.2954105 0.5914813 0.3122518 0.0838444 0.4121629 0.1147854 0.1499649 0.5050958 0.3057563 0.2225106 0.4137769 0.1329486 0.3444443 -0.1510072 0.2088152 0.2647132 0.1472238 0.7280305 0.2179424 0.0641485 0.1934506 0.2435025 0.3401480 -0.0563287 0.2007278 0.3303067 0.6243089 0.5181190 0.2282074 0.2098886 0.3132458 -0.4080298 -0.0006506 0.6585522 0.6382234 0.7187152 0.4533490 0.7009026 0.3413140 0.3874371 0.5707491 0.3229434 0.3537251 0.6573246 0.4015041 0.6959361 0.4527531 0.6875289 0.6484237 0.2948422 0.3467118 0.5385372 0.4426815 0.3999330 0.4148175 0.5603175 0.3423759 0.6301243 0.5083565 0.2819994 -0.0185555 0.1945801 0.2986433 0.4459706 0.5812602 0.2119423 0.4618748 0.0665174 0.2912309 0.1432607 0.2456390 0.7407604 0.6950867 0.7426314 0.5834110 0.5998062 0.5492939
0.5657974 0.6906208 0.8206557 0.9009099 0.5282697 0.5048915 0.6180417 0.0000000 0.2800606 0.1316281 0.8681357 0.7790524 0.9338459 -0.2548952 0.7236511 0.8943825 0.2605249 0.2528714 0.9055771 0.6675628 0.6985455 0.9375175 0.7827285 0.3142745 0.9207944 0.9098758 -0.1344469 -0.2415397 0.7012488 -0.2347797 0.8686504 0.7662668 0.0749192 0.7358722 0.7488329 0.6082521 0.7497388 0.8961129 -0.2907523 -0.3409414 0.7807881 0.7393225 0.3217509 -0.4844186 0.6922265 0.8046456 0.7348565 0.7179471 0.1112466 0.8570211 0.6159730 0.0410947 0.7163037 0.2461741 0.5489394 0.7897522 0.7214839 0.3887264 0.5345455 0.4909865 0.7800216 0.5635594 0.8259185 0.6528480 0.7320815 0.7079175 0.6719880 0.7079076 0.8061605 0.7390491 0.7194935 0.6069565 0.7900952 0.7159560 0.8459592 0.8109910 0.6554054 0.8495155 0.8723556 0.6013593 0.7014340 0.7828306 0.8266953 0.7853287 0.6308475 0.7416114 0.4570070 0.2943080 0.6485103 0.6692543 0.4079788 0.4355319 0.1227275 0.3729727 0.6112022 0.6649326 0.3350237 0.4942421 0.5311961 0.4205823 0.6059947 0.5534698 0.5901450 0.4366114 0.4146269 0.6804754 0.5899617 0.6486421 0.4967303 0.4836371 0.4986869 0.7325655 0.2313501 0.2280655 0.4123735 0.3755842 0.2521356 0.2022917 0.3351943 0.3778692 0.5425100 0.5874840 0.2534456 0.3387327 0.3684622 0.6361240 0.6274243 0.1634896 0.3942909 0.5415073 0.5027901 0.0469760 0.5343234 0.3382647 0.4974260 0.2797188 0.2311719 0.2953088 0.2350538 0.3584572 0.4562175 0.3125878 0.3672138 0.5157745 0.2249543 0.3806710 0.2535446 0.3008083 0.5108068 0.5655560 0.5376261 0.4249575 0.2052999 0.2502062 0.1472991 0.3831009 0.2033867 0.3103505 0.4537949 0.2917969 0.3518204 0.5065900 0.1909110 0.3003624 0.2320707 0.3062441 0.2055271 0.2451282 0.2531289 0.3480744 0.4383533 0.3207805 -0.2589896 -0.1595333 0.4747726 0.4971167 0.4372178 0.1260971 0.6975550 0.5163048 0.0399112 0.5593479 0.5874437 0.6043345 0.5024208 0.6820655 0.5106293 0.3920047 0.5175945 0.4905633 0.5353370 0.3458549 0.2950248 0.5465902 0.5552993 0.4558543 0.5963000 -0.1131516 0.5776567 0.6605330 0.1392569 -0.2243466 0.0329681 0.1222341 0.2613933 0.2100497 0.0492116 0.0845961 -0.1122157 -0.1100489 0.0413545 0.0599112 0.4351732 0.5075784 0.5931071 0.1712979 0.2855572 0.3633717
0.5455737 0.5264037 0.4576486 0.4951301 0.0831156 0.9100641 0.5031711 0.2800606 0.0000000 0.8079238 0.5304924 0.5570742 0.1059730 0.7752880 0.7195966 0.1444565 0.8167367 0.8498694 0.1342314 -0.0499060 0.2141590 0.1538254 0.4797860 0.7119603 0.1742156 0.1676672 0.6691693 0.7503060 0.1520653 0.6523601 0.1939536 0.1870892 0.8728642 0.5123390 0.4395812 0.2555474 0.4170574 0.1247431 0.6081501 0.4048203 0.1551327 0.1110880 0.6063892 0.5229765 0.2625517 0.2672269 0.3936972 -0.1204421 0.8138819 0.1888426 0.4334867 0.5850596 0.4818890 0.4688106 -0.1347439 0.1826907 0.3823450 0.4964529 0.2159943 0.4862018 0.3155448 0.4752929 0.0207631 0.7321812 0.4464215 0.3708944 0.3911424 0.2975380 0.1960679 0.5273939 0.3510037 0.7000662 0.2132121 0.5391210 0.0589701 0.3759990 0.6224250 0.1420494 0.0780058 0.4035768 0.3977370 0.1483309 0.2288521 0.2590790 0.1992672 -0.0012902 0.0324387 -0.3633180 0.0298512 0.0623961 0.0382045 0.0650259 -0.0022202 -0.4053512 -0.0508562 -0.0314000 0.3010374 0.0554831 -0.2348137 0.0173305 -0.2548436 -0.2432902 -0.2522943 -0.2006167 -0.0501636 -0.1169875 -0.0322261 -0.0940695 -0.2081707 0.2025645 0.0348196 0.0427299 0.0007135 0.1442502 0.2543268 0.2431354 0.1253943 0.2025410 0.1648428 -0.0220125 0.0306010 -0.1531474 0.2994823 0.1872830 0.0114999 0.4575890 0.2304426 0.4008017 0.3638273 0.1631651 0.3203560 0.0179392 0.2456266 0.0280969 0.4143531 0.4662468 0.1407275 0.2780259 0.2236072 0.2176654 0.3207607 0.2128494 0.5577788 0.3642675 0.1689730 0.2354783 0.2711558 0.3507458 0.3558381 0.1006950 0.1986713 0.4486736 0.2939792 0.5701439 0.3696218 0.4033448 0.6230088 0.4111286 0.6291748 0.4832685 0.4957263 0.2402352 0.5980477 0.4704302 0.4706547 0.4862920 0.4822075 0.7070338 0.4722622 0.1789907 0.2714549 0.1223448 -0.2817725 -0.1330947 0.0304466 -0.1170787 0.0308154 -0.1674029 0.2882836 0.3564903 0.1568905 0.6787467 0.3990755 0.5636017 0.2442707 0.1502277 0.0229198 0.0357617 0.5399233 0.6481831 0.0541465 0.3390395 0.2478871 0.5211358 0.4510788 0.4366995 0.4629594 0.0840902 0.2747837 0.4192482 0.2280834 0.0707602 0.1616502 0.1101250 0.1940472 -0.0957188 0.5459497 0.2478767 0.1492937 0.2068377 0.0746561 0.4188617 0.2932372 0.3302701 0.5115003 0.4518487 0.6981489 0.4557118
0.1177699 0.2031993 0.3077360 0.2854500 0.2286586 0.6395372 0.0811556 0.1316281 0.8079238 0.0000000 0.4835112 0.3271526 0.0677667 0.8668307 0.4486105 0.0416531 0.8254483 0.4595159 -0.0337348 0.1650453 0.1333064 0.0964704 0.4108154 0.3806222 -0.0110553 0.1255720 0.7707963 0.7468738 0.0930446 0.6533105 0.1860997 0.1423676 0.8598499 0.3791168 0.3371283 0.2179966 0.3226166 -0.0430733 0.6868795 0.4778985 0.0959554 0.0632550 0.6480604 0.5568269 0.1683412 0.1915225 0.2891560 -0.2109064 0.7578208 0.0923854 0.3276093 0.6456832 0.4033622 0.4062414 -0.0231203 0.1648709 0.2916057 0.3444443 0.2732597 0.3821088 0.2220819 0.2473736 0.0664512 0.5958971 0.3764848 0.3105090 0.2384542 0.0780397 0.0952696 0.3030263 0.2193296 0.5496629 -0.0358450 0.4095070 -0.0953175 0.1587504 0.4796444 -0.0872315 -0.1164131 0.2919424 0.0600631 -0.0066020 0.1236525 0.0370495 0.0398696 -0.3551777 -0.0181898 -0.2695796 -0.2690004 -0.1778524 -0.0105705 0.0001075 0.0481754 -0.4463823 -0.2788041 -0.1269828 0.3537303 0.1050042 -0.4223961 -0.1448018 -0.4731563 -0.5042746 -0.3379477 -0.2963392 0.0065988 -0.1225066 -0.3108537 -0.2023993 -0.3303628 0.0561457 -0.1611459 -0.2274752 -0.1790747 0.0472082 0.0476073 0.1425697 0.1021128 0.1817924 0.1421033 -0.0423929 0.0628572 -0.1547188 0.2273973 0.2627352 0.0426272 0.3449590 0.1094936 0.3486575 0.3227261 0.1247675 0.4510383 -0.1648176 0.3976681 -0.0108765 0.1392283 0.3797840 0.2947191 0.2605672 0.3309109 -0.0193507 0.0682277 0.0673897 0.3716689 0.1831544 0.2700957 0.0419279 0.3677618 0.4134291 0.0246354 -0.0577324 0.0510875 0.3044326 0.4035430 0.2884249 0.4890383 0.3948404 0.4786720 0.4038075 0.3346457 0.3961217 0.5023765 0.1948378 0.5137080 0.2082699 0.5905845 0.4123031 0.3263844 0.3423174 0.3395359 0.1366455 0.2203416 0.0756825 -0.3103202 -0.3067506 -0.1754940 -0.2992501 -0.1391093 -0.2533473 0.0572764 0.3961842 -0.0327894 0.4810593 0.4000159 0.5447828 0.1657213 0.0328186 -0.0889489 0.1385273 0.3893384 0.4677299 -0.0092829 0.2583237 0.1037307 0.3586525 0.3149035 0.2794542 0.2359513 0.0362097 0.2939646 0.2452078 0.2468518 0.2116798 0.0932152 -0.0652097 0.2678898 -0.3302784 0.4192646 0.1181469 0.1299374 0.3058491 0.0070337 0.3644398 0.2072188 0.2346566 0.2983756 0.1963670 0.6138628 0.4962394
0.5009587 0.5781149 0.7710373 0.8523435 0.4438613 0.6354002 0.5453089 0.8681357 0.5304924 0.4835112 0.0000000 0.7324473 0.7631440 0.0882415 0.8308184 0.8756232 0.5962539 0.4208511 0.8267373 0.6683734 0.5123338 0.8550091 0.8853649 0.4646775 0.8261102 0.8412580 0.2204984 0.0879390 0.5711364 0.1041414 0.8298274 0.7938159 0.3571037 0.7357433 0.8352326 0.4357967 0.8413278 0.7885190 0.0304251 -0.0964702 0.7926394 0.5365807 0.6116064 -0.2216994 0.6258254 0.8317580 0.7847083 0.5990425 0.4019088 0.8296884 0.7180999 0.3385139 0.7720485 0.4108373 0.5235778 0.8051846 0.7871178 0.5455285 0.4487222 0.6447179 0.6542102 0.6348317 0.7622627 0.8465817 0.7873007 0.7911631 0.7220205 0.7141840 0.7817398 0.8335449 0.7713813 0.7314990 0.7268049 0.7458373 0.7358660 0.8092134 0.7214206 0.7426692 0.7184927 0.5604314 0.5692939 0.6727252 0.8238890 0.7433729 0.6548523 0.5700168 0.5181518 0.1759549 0.5492584 0.5516015 0.4504786 0.4967746 0.2955828 0.0984154 0.5310431 0.5889469 0.4631358 0.5636860 0.4102593 0.1042346 0.3323708 0.2648835 0.3855199 0.1919991 0.3347441 0.5515056 0.4406720 0.6082514 0.3141201 0.4836199 0.3650938 0.5738768 0.1623371 0.2911473 0.3567732 0.3843474 0.2908208 0.2486904 0.3654015 0.2284053 0.4727616 0.4801956 0.4308203 0.4064798 0.1663795 0.6083337 0.5976535 0.3449669 0.4411350 0.4047281 0.4992395 0.0650868 0.5461620 0.2989625 0.5180959 0.4186243 0.2180349 0.2628435 0.2025569 0.2139667 0.4425922 0.1877579 0.4950909 0.4481438 0.2464380 0.3730908 0.2676825 0.3136023 0.4901613 0.3637786 0.4126523 0.3889599 0.2614423 0.3524890 0.3188999 0.3622629 0.3900716 0.3629383 0.4921940 0.3833733 0.5547278 0.4557442 0.2848269 0.3733631 0.4438940 0.3460260 0.3981782 0.3433856 0.3855072 0.4247268 0.5346831 0.2951346 -0.4324082 -0.2982753 0.2708840 0.2357783 0.2619960 0.1766576 0.5084680 0.5801410 0.0881213 0.5920366 0.5348855 0.6207502 0.3682073 0.5642659 0.4322644 0.4394814 0.5081336 0.5733850 0.3799324 0.3162338 0.1918459 0.5388759 0.5487832 0.4886531 0.4744251 -0.0225761 0.6006181 0.5521731 0.2379887 0.0802003 0.1387421 -0.0310765 0.3630658 -0.0804904 0.1942131 0.1417622 0.0273782 0.1107361 0.0970327 0.0961784 0.4123933 0.3920304 0.5461039 0.2648112 0.5133202 0.4731420
0.5253897 0.7030840 0.7703890 0.8184135 0.4488155 0.7483932 0.8455857 0.7790524 0.5570742 0.3271526 0.7324473 0.0000000 0.7049963 0.0756982 0.8266162 0.6144479 0.4388875 0.5243957 0.6225198 0.4081150 0.7997079 0.6385846 0.6981408 0.5482033 0.6828210 0.6594767 0.1377880 0.1266495 0.7217734 0.0614506 0.6025604 0.5584520 0.4052881 0.8462911 0.6148681 0.6682527 0.5888236 0.6730439 0.0153048 -0.0973765 0.5966121 0.7357550 0.3604572 -0.1366054 0.7297317 0.4840292 0.5086306 0.5648227 0.4430038 0.6157916 0.4779969 0.1995243 0.7678719 0.4371321 0.4259522 0.5139910 0.5146095 0.5620751 0.6339817 0.4245414 0.8113821 0.5908935 0.6506345 0.7283534 0.7703627 0.4959890 0.5041899 0.6637939 0.5559280 0.6509745 0.4410702 0.7482368 0.6032117 0.7996011 0.4633766 0.6582826 0.6871778 0.5368070 0.6208983 0.6246331 0.5939767 0.6396075 0.6413832 0.6295514 0.5934819 0.5474248 0.2383860 0.0767755 0.5162534 0.5376230 0.2203102 0.2730526 -0.0515506 0.1016495 0.4837174 0.3490804 0.1946164 0.2030665 0.3232701 0.3843806 0.3840966 0.1991719 0.3090388 0.2712223 0.0773430 0.3242465 0.4429947 0.3974500 0.0874344 0.5091260 0.3359407 0.4639589 0.1635685 0.2176755 0.3804932 0.3248831 0.2281016 0.2390871 0.3168748 0.2220860 0.3410713 0.4534859 0.1274664 0.3599497 0.1625127 0.5548772 0.4623853 0.1339682 0.2709809 0.2691286 0.1974730 0.0840674 0.2021439 0.1670020 0.3808228 0.1150786 -0.0157031 0.1621264 0.0477995 0.2754642 0.2572433 0.1586823 0.4668458 0.3976349 0.0053584 0.4315838 0.1343604 0.2135475 0.4158315 0.3363642 0.2665639 0.4167499 0.2144150 0.3689631 0.0438771 0.4597551 0.2337263 0.2438813 0.5506932 0.3161702 0.2613088 0.2755728 0.3059134 0.2829454 0.1614966 0.2303580 0.3423480 0.4581014 0.3880009 0.2656947 0.2702275 0.2963714 -0.5747636 -0.3368640 0.4903837 0.5211519 0.6060629 0.1673429 0.8696083 0.5946105 0.1632104 0.7815996 0.6882460 0.6995899 0.7407885 0.5538637 0.6238760 0.4858492 0.6834699 0.6663944 0.3613578 0.4402890 0.3516494 0.5433798 0.4647222 0.4532396 0.6123407 0.1163309 0.6264748 0.6261827 0.0700619 -0.2295941 -0.0066813 0.1001856 0.5442438 0.4193792 0.0679503 0.1852457 -0.2020854 0.0718660 -0.0352975 0.1209828 0.6885380 0.7112125 0.7120834 0.2992078 0.5584466 0.5583055
0.4156129 0.6063070 0.8519341 0.7422394 0.7543541 0.2839597 0.5433629 0.9338459 0.1059730 0.0677667 0.7631440 0.7049963 0.0000000 -0.2886144 0.6104494 0.8386284 0.1827385 0.0945848 0.8344108 0.7504496 0.6623532 0.9292878 0.7260708 0.1140908 0.8645721 0.9202602 -0.1465619 -0.2920867 0.6229934 -0.2114684 0.9020626 0.8143457 -0.0383970 0.6134019 0.7334283 0.5416561 0.7477832 0.8740396 -0.2410088 -0.2493859 0.8161763 0.6950720 0.3366394 -0.4595429 0.6166731 0.7667572 0.6869807 0.7868020 0.0294255 0.8277795 0.6001519 0.0817312 0.5983194 0.2470352 0.7393803 0.7951502 0.7047177 0.3087410 0.4917987 0.4871446 0.7156567 0.5101252 0.8997030 0.5148148 0.6077758 0.7056124 0.6250720 0.5972092 0.7569785 0.5949853 0.6623163 0.4611933 0.6795334 0.6417063 0.7508489 0.6768471 0.5475274 0.7208464 0.7846827 0.5028525 0.5985385 0.6796503 0.7496108 0.6271971 0.5404112 0.6244821 0.4548766 0.4564019 0.5157309 0.5655601 0.4397534 0.4378416 0.1885240 0.4599548 0.5763093 0.6126817 0.2745606 0.4949504 0.4661065 0.4470738 0.5834425 0.5555585 0.6765817 0.3842788 0.3939179 0.6768720 0.4948597 0.6062205 0.4437825 0.4480498 0.5275659 0.5819613 0.1514474 0.2228922 0.3174832 0.3083900 0.2511617 0.1872280 0.3310785 0.3232896 0.5588116 0.6283499 0.1128507 0.3302742 0.3995129 0.4883543 0.5448348 0.0917923 0.2250355 0.5204926 0.5479107 -0.0378647 0.5214693 0.2794336 0.3223902 0.1929165 0.3182111 0.2958664 0.3361820 0.2397019 0.3112698 0.2692447 0.2618564 0.3725124 0.2520383 0.2889900 0.3532372 0.3809090 0.3077048 0.5370835 0.4864321 0.4230356 0.3297665 0.1177047 0.1640593 0.3391356 0.0538984 0.3269498 0.4048812 0.2607016 0.2506464 0.4552732 0.1185018 0.1482237 0.1666752 0.2893396 0.1063822 0.1043246 0.1803753 0.2525750 0.2790598 0.2264818 -0.2225407 -0.1064156 0.5802466 0.6321271 0.5719939 0.2128233 0.6293504 0.3949943 -0.0248660 0.3526063 0.4774214 0.4466042 0.5595345 0.5882946 0.6213318 0.5431562 0.5025530 0.3671249 0.4328349 0.2813289 0.3498123 0.3348601 0.3627111 0.2634917 0.4460759 -0.0247709 0.6524603 0.5154545 0.2050447 -0.2029550 0.0109463 0.1172544 0.3675387 0.3467353 -0.0746048 0.2290012 -0.1073896 0.0180319 -0.0245664 0.0135342 0.5130179 0.5516990 0.5144892 0.1328963 0.2731120 0.4959295
0.0682927 0.0614926 0.0637878 -0.0644467 0.0596092 0.5078911 0.0234773 -0.2548952 0.7752880 0.8668307 0.0882415 0.0756982 -0.2886144 0.0000000 0.2514850 -0.3408454 0.7456720 0.5424804 -0.3872874 -0.2004466 -0.1795572 -0.2798027 0.1105357 0.3344701 -0.3408431 -0.2314512 0.8482163 0.9051012 -0.2737364 0.8423853 -0.1561252 -0.1281842 0.8317191 0.0459850 0.1004575 -0.0852532 0.0846510 -0.3715412 0.8774439 0.7114132 -0.2175517 -0.3001834 0.5600684 0.8637278 -0.1767035 -0.1074449 0.0500310 -0.4945813 0.7501474 -0.2573374 0.1663426 0.6885704 0.0363589 0.3699855 -0.2588045 -0.1589547 0.0661751 0.2294416 -0.0417345 0.2842853 -0.1380034 0.1450739 -0.3250470 0.3317555 -0.0046045 0.0783989 0.0506216 -0.1786390 -0.2174299 0.0532124 -0.0065804 0.2869239 -0.2994246 0.1097443 -0.4268000 -0.1439579 0.2318972 -0.4074282 -0.4658923 0.0292526 -0.0872103 -0.3518129 -0.2400806 -0.2733835 -0.2153027 -0.5887114 -0.2461723 -0.3956912 -0.5172099 -0.4411461 -0.1621440 -0.1922080 0.0331347 -0.5844191 -0.5173705 -0.4367167 0.1359603 -0.1195569 -0.6697820 -0.2269831 -0.6805145 -0.5833585 -0.5058387 -0.5281584 -0.2162872 -0.4372903 -0.4985447 -0.4984950 -0.5060628 -0.1068141 -0.2778067 -0.4840016 -0.2602926 -0.0288293 -0.0862258 -0.0191115 -0.0180581 0.1046275 -0.0078060 -0.2092628 -0.2049366 -0.4782151 0.0773656 0.0141136 -0.0446811 0.0971865 -0.1624492 0.2531823 0.1234202 -0.0880680 0.2692195 -0.1985442 0.0950944 -0.1770743 -0.0122017 0.2916964 0.2467385 0.2678226 0.3186093 -0.0501612 -0.0419624 0.0929637 0.2958845 -0.0093650 0.2325397 -0.0735653 0.3524676 0.3805054 -0.1053009 -0.2081819 -0.0887499 0.2455479 0.3646298 0.2790325 0.4270081 0.2256091 0.4588371 0.3410323 0.3368155 0.3229419 0.3294601 0.0093821 0.5158045 0.1779695 0.4417277 0.4026619 0.2662799 0.4221730 0.3005296 -0.0557369 -0.0190802 -0.0892794 -0.1392905 -0.1179477 -0.2258242 -0.3716864 -0.1818848 -0.2588373 -0.1858637 0.0762009 0.0494250 0.2569746 0.0668167 0.2116561 0.0191318 -0.2658147 -0.2314407 -0.0577834 0.2497359 0.3104808 -0.2445578 0.1099186 0.1317768 0.1428925 0.0995394 0.0960706 0.0555825 0.1813084 0.0725706 0.0045402 0.2646517 0.2497110 0.1174046 0.0147125 0.1489041 -0.2260117 0.5048014 0.2803857 0.2306691 0.3879756 0.0094365 0.4267630 0.1033308 0.1191303 0.1357967 0.2755772 0.6127867 0.4562290
0.6543465 0.7035063 0.7994066 0.7450978 0.3861341 0.7646016 0.8088425 0.7236511 0.7195966 0.4486105 0.8308184 0.8266162 0.6104494 0.2514850 0.0000000 0.6768041 0.6675297 0.7395977 0.6553873 0.3339147 0.4070907 0.6368179 0.7802821 0.6801994 0.6792207 0.6616889 0.3533600 0.3406524 0.4114326 0.3686736 0.6281214 0.6608146 0.4838348 0.7050951 0.7748700 0.2773595 0.7734141 0.6475176 0.2494051 0.1402497 0.6413831 0.3638455 0.6778919 0.0543177 0.5303819 0.6450766 0.6663058 0.4635453 0.5919303 0.6535575 0.6842242 0.4852687 0.6805656 0.5877767 0.3697280 0.5997727 0.6881528 0.7042483 0.3182539 0.7002340 0.5348273 0.7488641 0.5442373 0.8628308 0.6528588 0.6796944 0.6793750 0.7310177 0.5906731 0.8304527 0.6675647 0.7097385 0.6782798 0.7217560 0.5148360 0.7685786 0.7151664 0.5779957 0.5415898 0.4278614 0.5846084 0.4554679 0.5862467 0.5552770 0.5259095 0.5103946 0.3186526 -0.0008037 0.4230708 0.4059892 0.2798292 0.3669450 0.2714313 -0.0354015 0.4492119 0.3161125 0.2316296 0.4549845 0.2627665 0.1060370 0.2092092 0.2596499 0.3406998 0.0553861 -0.0044202 0.2250464 0.4750157 0.4714212 0.1197259 0.5696874 0.3143161 0.5494221 0.2829598 0.3946167 0.5318888 0.4908969 0.3761258 0.3576278 0.4652603 0.2592167 0.4451634 0.3812776 0.3960169 0.4076875 0.1667795 0.6072272 0.4086559 0.3253154 0.4213907 0.2239033 0.3468800 0.0505472 0.2724817 0.1933097 0.4518850 0.4365610 0.1568506 0.2216370 0.1443507 0.3330843 0.3592170 0.1858327 0.5160541 0.3749740 0.1564852 0.4062655 0.2004082 0.2547304 0.4325264 0.2802231 0.3567935 0.4606396 0.2502121 0.4491182 0.2173526 0.2364052 0.3551208 0.2966910 0.6789112 0.4670273 0.3655467 0.3002235 0.2424133 0.3849879 0.1976807 0.2867450 0.3959152 0.5967703 0.4354942 0.2434068 0.2364079 0.1094781 -0.4577371 -0.1835872 0.4299929 0.3059561 0.4255866 0.2939552 0.5613985 0.5099879 0.3943567 0.6539684 0.3785532 0.4905463 0.4862834 0.3344287 0.5675713 0.4346558 0.6079148 0.6311497 0.3409221 0.2472359 0.3089801 0.5272975 0.5629447 0.5313036 0.5566776 0.2571254 0.5448167 0.5886273 0.2793498 0.0527566 0.2300112 0.1949217 0.4458602 0.1173481 0.3204847 0.4423598 0.0758523 0.2241355 0.1414187 0.2920822 0.5048466 0.5287092 0.5973784 0.4750761 0.7328517 0.6115315
0.4297304 0.4432161 0.6927731 0.7731206 0.4100383 0.3205986 0.5067947 0.8943825 0.1444565 0.0416531 0.8756232 0.6144479 0.8386284 -0.3408454 0.6768041 0.0000000 0.2847730 0.2303648 0.9817504 0.7146331 0.4569716 0.9259685 0.8289986 0.3336491 0.9602342 0.9273986 -0.0860797 -0.2547791 0.5787095 -0.1791591 0.8805293 0.8548633 -0.0260780 0.6420478 0.8195242 0.3215636 0.8212911 0.9334470 -0.2640335 -0.2689309 0.8796822 0.5490132 0.4305840 -0.5035605 0.6520569 0.8626333 0.7759718 0.7944677 0.1100018 0.9296676 0.6901280 0.1174754 0.6752530 0.3492025 0.6838026 0.8784405 0.7761341 0.5158802 0.3773629 0.5950332 0.5941742 0.6307561 0.8599241 0.6486550 0.7052505 0.7638465 0.7479058 0.8156174 0.8735468 0.8024623 0.8077180 0.4900148 0.8777677 0.5843538 0.9045792 0.8443418 0.5085254 0.8745590 0.8819888 0.3827509 0.5383263 0.7444198 0.8466295 0.7861271 0.6653924 0.8042955 0.6137365 0.3660225 0.7294540 0.6781969 0.5129285 0.5395242 0.3032945 0.3577353 0.7297900 0.7019644 0.3035889 0.5963861 0.6823029 0.1371971 0.6079460 0.5530869 0.6745279 0.3950056 0.3447413 0.6499968 0.5965534 0.8305547 0.4418865 0.4554537 0.4380425 0.6849411 0.2209598 0.2771287 0.3100852 0.2901156 0.2367764 0.1426003 0.3063937 0.2162033 0.5369686 0.6632131 0.2773238 0.3719189 0.1657256 0.4222138 0.6830850 0.1878879 0.2372934 0.4201379 0.3396831 0.1297355 0.4483695 0.2780145 0.4275184 0.2761772 0.0515059 0.0892488 0.0258899 0.1422928 0.3999425 0.0669371 0.2802859 0.3076904 0.0675147 0.4228893 0.0696232 0.0971799 0.4180674 0.3487340 0.4002956 0.1857780 0.0356900 0.2070146 0.1029048 0.1835577 0.1178439 0.1414036 0.3517045 0.1897914 0.3351543 0.3175193 -0.0020929 0.2123097 0.1666720 0.1118625 0.2102979 0.1244036 0.1779105 0.3099511 0.3944821 0.1755663 -0.3110536 -0.1495395 0.3227286 0.3732018 0.3514957 0.3320388 0.4905136 0.4041691 0.0786541 0.3624623 0.3506658 0.3738460 0.2856621 0.6178949 0.5132781 0.4141708 0.2816419 0.3020563 0.3681339 0.1026938 0.0420766 0.3491552 0.3736141 0.3356430 0.3012733 -0.1330984 0.4664036 0.3909783 0.1631541 0.0329807 0.1714613 -0.0297109 0.2773472 0.0454322 -0.0972158 0.1130787 -0.0058430 -0.0347324 0.1523974 -0.1089669 0.3312168 0.2314950 0.3757561 0.1686211 0.2824833 0.2902008
0.2022995 0.1671515 0.4279425 0.3494289 0.2479612 0.6636509 0.3723076 0.2605249 0.8167367 0.8254483 0.5962539 0.4388875 0.1827385 0.7456720 0.6675297 0.2847730 0.0000000 0.7099554 0.2033451 0.3027156 -0.0016668 0.2254372 0.6809995 0.5425758 0.2466104 0.3429341 0.8540283 0.7933263 0.0194317 0.7346644 0.3345403 0.4141385 0.7617364 0.4076687 0.6097920 -0.0174751 0.5825410 0.1705202 0.6940986 0.5760569 0.3055424 -0.0407340 0.8853055 0.5830856 0.2239962 0.3826725 0.4997210 -0.0146313 0.8142716 0.2609298 0.5746979 0.7862445 0.4117428 0.6707579 0.1564801 0.3465985 0.5248089 0.6686883 0.1048854 0.6522558 0.1390365 0.5844363 0.1700992 0.6738932 0.3744421 0.5360118 0.4720121 0.3993876 0.2847094 0.5561478 0.4597211 0.4549361 0.2586501 0.3092811 0.1007197 0.3291339 0.4430651 0.0573745 -0.0090658 0.1082731 0.0994558 0.0409173 0.2220286 0.2454522 0.2240763 -0.0821477 0.0101537 -0.2776399 -0.1028038 -0.0839373 0.0443256 0.0605348 0.3266010 -0.5195844 -0.1405506 -0.1386722 0.1711573 0.3622408 -0.2950681 -0.3163396 -0.4311812 -0.1735509 -0.0255691 -0.4434656 -0.1741706 -0.1550109 0.0315688 0.0600556 -0.3738060 0.2888658 -0.2323610 -0.0184662 -0.0040646 0.2459870 0.1734784 0.2666029 0.3090428 0.4115010 0.3698718 -0.0204229 0.2723005 0.0323379 0.1181507 0.3566292 0.1225953 0.2722840 0.1034035 0.1778667 0.2076010 -0.0468027 0.3438304 -0.1436707 0.2245090 -0.1588746 0.1102584 0.2644336 0.2135911 0.2655504 0.2645334 0.0272290 0.0206765 0.0650600 0.3777784 -0.0274036 0.2695982 0.0700348 0.3223043 0.3494970 0.0746545 -0.1599995 -0.0126888 0.1986891 0.2507759 0.2092681 0.3473681 0.0684398 0.4339434 0.2922212 0.4981414 0.2174815 0.3798318 0.0294394 0.2988429 0.1664991 0.4054228 0.3156787 0.2568210 0.4606789 0.3982107 -0.0107255 0.1217510 -0.0204955 -0.2996851 -0.2212710 -0.0952633 -0.1949147 0.0130231 0.0226193 0.0462621 0.2823313 0.2117731 0.4353757 0.1505968 0.3240155 0.1347966 0.0395022 0.0723805 0.1170232 0.2786406 0.3700368 -0.0294079 0.0106241 0.0878182 0.2715855 0.3020504 0.2124638 0.1518059 0.2171663 0.3033681 0.1588496 0.3223176 0.2980962 0.2116660 -0.0751763 0.3691327 -0.2186488 0.3705692 0.3352791 0.1675520 0.3811856 0.1178447 0.3666603 0.3145227 0.2257817 0.2846648 0.3728053 0.8510557 0.6396357
0.6358113 0.4682820 0.4480565 0.4269177 0.0181335 0.7718226 0.6876617 0.2528714 0.8498694 0.4595159 0.4208511 0.5243957 0.0945848 0.5424804 0.7395977 0.2303648 0.7099554 0.0000000 0.2527607 -0.1185472 0.0527802 0.1549871 0.4988811 0.8367464 0.2950907 0.2176893 0.6035774 0.6583406 0.0384372 0.6466037 0.2222009 0.2880012 0.6867381 0.4576380 0.5403563 0.0188954 0.5077556 0.2712718 0.5687066 0.4814580 0.2758908 -0.0141271 0.6205493 0.4790675 0.2473922 0.3290806 0.4772048 0.0409542 0.7443066 0.2946955 0.5473772 0.6037364 0.3935237 0.6149524 0.0014105 0.2724944 0.4770976 0.6479840 0.0407784 0.6276648 0.2066464 0.6822581 0.0450368 0.6724746 0.3533747 0.4473616 0.5360653 0.4631134 0.3110725 0.6193358 0.4773637 0.5617671 0.3992474 0.4268922 0.1763998 0.4386640 0.5399933 0.2352010 0.1684568 0.2478083 0.4482639 0.1767172 0.2126063 0.2842604 0.1893680 0.2373308 0.1384445 -0.3764074 0.1872984 0.1033472 0.1473862 0.1810763 0.1028247 -0.3189361 0.1588512 0.0147082 0.1355986 0.0982354 -0.0297077 -0.0154020 -0.1159603 0.0565438 -0.0014001 -0.1711129 -0.1733071 -0.1474772 0.1452300 0.1118388 -0.2554105 0.2594785 0.1035450 0.0939548 0.0726435 0.2644125 0.2655565 0.2009591 0.1631207 0.2040971 0.1731674 -0.1459439 0.0390306 -0.0514016 0.1154850 0.1357679 -0.0794334 0.2437426 0.2636608 0.2560855 0.1089923 0.0446629 0.0842095 0.1122768 -0.0352642 -0.0723535 0.3419745 0.3410331 -0.1057042 0.0862380 0.0062699 0.1528740 0.2459416 0.0935493 0.5244133 0.1722201 -0.0415899 0.3116490 0.0560073 0.1178101 0.3668918 -0.0173501 0.1209699 0.2651541 0.0439888 0.5304722 0.0862266 0.1722964 0.4927944 0.1647018 0.7540543 0.3088246 0.2567311 0.0027929 0.3835952 0.4070157 0.1647333 0.2723772 0.4066668 0.7678796 0.4623540 0.0347108 0.1113870 0.0220924 -0.1863162 0.1563797 0.1316084 0.0251692 0.1975799 0.1103463 0.2730949 0.1357199 0.2741410 0.5264592 0.1402112 0.2798836 0.2019185 0.1749489 0.1625332 0.0151504 0.4423336 0.5335776 -0.0632457 0.1642247 0.2182993 0.3489145 0.2740296 0.3103005 0.3029722 0.1165962 0.2016366 0.2298496 0.3271374 0.1664633 0.3582662 0.2040936 0.2023222 0.1311509 0.3559125 0.4514278 0.3008133 0.2569132 0.2353427 0.3403282 0.3736496 0.2434431 0.4696445 0.6568654 0.7008901 0.4002435
