0.0000000 0.6907126 0.4307866 0.2208969 0.4684881 -0.0616150 0.0021627 0.1532436 0.2394911 -0.0638286 -0.1868277 0.0962848 0.0382353 0.2760167 0.1677686 -0.4769263 -0.4582123 0.3138342 -0.2761354 -0.2851893 0.2788416 -0.3791329 -0.4377583 0.1940935 -0.3926084 -0.4020686 -0.2900765 0.5049755 0.4466856 0.2033442 -0.4561784 -0.3614078 0.3218138 0.2186219 -0.3865132 0.5782006 -0.3224773 -0.3420983 -0.2944195 0.2138170 -0.4089801 0.6851987 -0.4463405 0.2679974 -0.0283854 -0.3382394 -0.2950641 -0.3837183 -0.4073809 -0.4902838 -0.3189726 -0.3674846 -0.3791278 -0.3544300 -0.3563235 -0.3351034 -0.2675929 -0.5079108 0.5269995 -0.2478860 0.0959522 -0.3210021 -0.2220451 -0.6068090 -0.4706483 -0.2062505 -0.2037607 -0.3999705 -0.1939178 -0.4998832 -0.1894293 -0.5670639 -0.3100178 -0.5892683 -0.2149163 -0.3711547 -0.4274462 -0.2681083 -0.6914460 -0.5807564 -0.4896653 0.2644432 0.1576404 0.1681312 0.0508970 -0.2678256 -0.1719971 0.2252377 -0.0682852 -0.0071807 0.0226111 -0.0189310 -0.2063107 0.4064593 -0.1430090 -0.2890871 -0.1245995 -0.5027878 -0.1556111 0.4075776 0.0728275 -0.2658618 -0.2214533 -0.1104468 -0.1600234 -0.2758692 -0.4583326 -0.3294052 -0.2361882 -0.3714998 -0.2487129 -0.6135775 -0.2158111 -0.2800205 -0.2050897 -0.3919994 -0.2875639 -0.0682634 -0.2993914 -0.1583309 -0.0674999 -0.1016654 -0.0418027 -0.0504782 -0.2588659 -0.0708360 0.1995644 -0.0171775 0.0560199 0.0845919 0.1678470 0.0369943 0.2502974 0.2795990 -0.1505546 -0.2543067 0.1049093 0.3399898 0.2690194 -0.1339589 -0.0216671 0.1950557 -0.1836050 -0.0080198 0.0697440 -0.2940836 0.4159334 0.3839953 -0.1085523 0.0861239 -0.0975858 0.0998591 0.4177733 0.0748074 0.2792373 0.1663469 -0.0649993 0.3755222 -0.1341890 -0.1513309 0.1214891 0.0048046 0.3055006 -0.1109006 0.2014284 0.1457384 0.1620236 -0.0280712 -0.0876029 -0.0484624 0.2232579 0.0652888 0.3929788 0.2659661 -0.0534179 0.1007987 0.4637535 0.4416894 0.5794122 0.6116922 0.5467208 0.6937450 0.5975494 0.3827627 0.2691157 -0.2793195 0.6583228 -0.1452059 -0.4528011 -0.5141894 -0.1677206 -0.4567205 -0.2825604 -0.0941898 -0.1174067 -0.1492310 -0.1209226 -0.0424771 -0.3711434 0.0061911 -0.1628070 -0.4295462 -0.4561513 -0.3550266 0.0572079 0.0571220 -0.2462008 -0.3348198 -0.0444817 -0.5092476 -0.1668054 -0.1932716 0.2842799 -0.0339012 -0.3838667 -0.3120423 -0.0599500 -0.0040635
0.6907126 0.0000000 0.5568817 0.0506307 0.4538634 0.1583678 0.5360436 -0.0952059 0.5578094 0.0571026 -0.4877318 0.4388848 -0.2453686 0.3579242 0.4304138 -0.7008356 -0.4867808 0.6644283 -0.5677399 -0.2696497 0.5431786 -0.5518934 -0.6488992 0.4555808 -0.5974636 -0.6338576 -0.2377565 0.6687465 0.6113166 0.2603244 -0.5957377 -0.5841280 0.3518777 0.4857833 -0.6267652 0.8357416 -0.5872093 -0.6386433 -0.3782275 0.2154852 -0.6171197 0.8315978 -0.6221385 0.2260895 -0.0627116 -0.6396406 -0.5578163 -0.6264105 -0.5279013 -0.7350312 -0.6162066 -0.5475803 -0.3979209 -0.4547379 -0.6774129 -0.6539260 -0.6016505 -0.6185376 0.1901347 -0.5975790 -0.1689346 -0.4904276 -0.5667816 -0.7053963 -0.5036227 -0.5927249 -0.5552288 -0.5686914 -0.5892985 -0.7695833 -0.6081721 -0.7919116 -0.6085811 -0.5369123 -0.6610044 -0.7206257 -0.6150790 -0.6509377 -0.8528427 -0.5264623 -0.5285191 0.2780624 0.3591751 0.0895251 0.1602512 -0.0819827 -0.1722554 0.2893720 -0.2676020 0.0596187 -0.3075515 -0.1645697 -0.3646522 0.4023821 -0.4603515 -0.5082737 -0.3910937 -0.4504511 -0.4560219 0.2281697 0.0347343 -0.1751861 -0.2189708 -0.1164496 -0.4053260 -0.4974140 -0.5002357 -0.3223978 -0.2859101 -0.4654264 -0.5218364 -0.6376937 0.1076335 -0.3698678 -0.2575949 -0.2170339 -0.4082575 0.0842910 -0.2012911 -0.0117241 -0.0621740 -0.2358336 0.1219210 0.1243037 0.0932269 0.1365194 0.0397840 0.0975582 0.3435965 0.0084362 0.2694927 -0.0085342 0.1608535 0.3455512 -0.1574882 -0.0660340 0.3940056 0.3867074 0.3165201 0.0437060 0.0425845 0.2688643 -0.3673347 0.1248831 0.3953774 0.0796868 0.3812457 0.2772190 -0.2322200 0.1234873 -0.2148362 0.3457680 0.3800234 0.0958660 -0.0017349 0.3108410 -0.3180870 0.3685244 -0.2979081 -0.3502672 -0.1583477 -0.0397073 0.3922069 -0.2331392 0.0553920 0.3625818 0.1627610 -0.1447160 -0.1808501 -0.1049269 0.1023640 -0.1035422 0.0572263 0.5506419 0.4929768 0.4605884 0.8053421 0.5668686 0.7282893 0.8109267 0.6391626 0.6652288 0.3396595 0.2312624 -0.0364882 -0.1800532 0.4636340 0.2899528 -0.5136869 -0.5571848 -0.0033384 -0.3554730 -0.0578310 0.0057911 0.0536586 0.0137979 -0.1720518 0.2204545 -0.2622682 0.1071105 0.0314385 -0.2771431 -0.1664829 0.0522401 0.0872961 -0.0524298 -0.1652022 -0.3260571 0.0734366 -0.1240461 -0.0525356 0.0234806 0.1760804 0.1736460 -0.2255515 -0.4664228 0.1093530 0.0960135
0.4307866 0.5568817 0.0000000 0.3640874 0.6754247 0.6013418 0.2588208 0.2966927 0.6208631 0.5846691 0.0971821 0.3066842 0.1922813 0.4521963 0.3761238 -0.0658858 0.2209343 0.4082968 -0.1017622 0.5546733 0.2077803 0.1174288 -0.0736594 0.5022321 -0.0922372 -0.1646978 0.1847281 0.1833997 0.2547719 0.4122245 0.0124271 -0.1788585 -0.1831046 0.1524768 -0.1022574 0.3463271 -0.1352178 -0.1259539 0.2735786 0.3435194 -0.0208052 0.3467178 0.0324467 -0.2072398 0.1199616 -0.1842338 -0.1123544 -0.0336471 -0.0453994 -0.4018047 -0.1074772 0.0162806 -0.0701243 0.1545084 -0.1979721 -0.1947884 -0.1488432 0.0488958 -0.1787984 -0.1101881 0.1177979 0.0231698 -0.2315806 0.0001647 -0.0378824 -0.1286653 -0.1126942 -0.0418481 -0.1520960 -0.1913129 -0.1642504 -0.2037857 -0.1132561 -0.0088019 -0.2727628 -0.1863055 -0.0502832 -0.3036807 -0.3254525 -0.2487594 -0.2576860 -0.0721606 0.2760364 0.1767621 0.3650501 0.1234937 -0.1182230 0.1682974 -0.0226569 -0.0895906 -0.1313071 0.0404359 -0.3046959 0.3196084 -0.0781713 -0.1329326 -0.0375022 -0.4976751 -0.0407162 0.2480874 0.0481624 -0.4028750 -0.0021782 -0.0238748 -0.0676517 0.0137526 -0.2024619 -0.1579419 -0.0636005 -0.0765713 -0.1134576 -0.4703537 -0.3030439 -0.0093239 0.1607477 -0.2019011 -0.1038375 0.1300064 -0.2544583 -0.0985694 0.0844239 0.0176640 -0.0627736 -0.2015169 -0.1265486 -0.1117394 0.2007416 0.1118503 0.0722674 0.1862366 0.2158677 0.0582801 0.2991205 0.1196076 -0.0609535 -0.0893785 0.2303047 0.1996827 0.2961534 -0.1205852 -0.0263754 0.2999673 0.1241058 -0.1693326 -0.0086768 -0.2468063 0.3461389 0.3058782 0.0816220 0.2887546 0.1557160 0.2098125 0.4373770 0.1100478 0.3931786 0.3672557 0.1573252 0.3543357 0.1045057 0.1114928 0.1978307 0.1898840 0.3629200 0.1399923 0.2963998 0.3105225 0.2622656 0.2564210 0.2410633 0.1694550 0.3575868 0.2615578 -0.1875001 0.2411072 -0.0648266 0.0325258 0.3713580 0.5323605 0.3121758 0.5644994 0.4889472 0.2380712 -0.1155908 -0.1513913 -0.2389580 0.2009159 0.4902656 0.2462643 0.0213864 -0.0161483 -0.0810164 -0.0803588 -0.0308921 -0.2664654 -0.2859188 -0.3508948 -0.1618667 0.0527705 -0.0445448 -0.1594770 -0.1026412 -0.3616497 -0.2321162 -0.2930917 0.3596330 -0.3859872 -0.3759278 0.1913161 -0.0897458 -0.2021061 0.0948653 -0.4118800 0.3890213 -0.2661534 -0.4381758 0.1525304 -0.3571929 -0.3754437
0.2208969 0.0506307 0.3640874 0.0000000 0.4083802 0.4791488 -0.1739425 0.7970653 0.2306701 0.4712202 0.6195796 0.1963042 0.5862686 0.2839275 0.4539104 0.3343273 0.2074596 0.2634258 0.4875594 0.3052415 0.1733548 0.3230822 0.3339938 0.3170984 0.3634254 0.4124407 0.3084208 -0.0178934 0.0696846 0.3372610 0.2065178 0.2643607 -0.0092224 -0.0461511 0.4000352 0.0275737 0.4037645 0.3575872 0.4106316 0.2319426 0.2744502 0.0774289 0.3524993 -0.1773024 0.5250594 0.3848651 0.4040122 0.2381281 0.3336053 0.1096397 0.4032186 0.1564857 0.3567917 -0.0158857 0.2147277 0.2796604 0.3918319 0.2545485 0.2466280 0.3438277 0.6047766 0.1286763 0.1275152 0.2972503 0.3490341 0.2754356 0.3251107 0.2001738 0.2070841 0.2953922 0.2843425 0.3244741 0.2543841 0.1870454 0.2621211 0.2332847 0.3304625 0.2203035 0.0573446 0.0797167 0.2423582 -0.5040906 -0.3300498 -0.2220576 -0.1497665 -0.2063345 -0.1501891 -0.2400444 -0.3211500 -0.5586219 -0.2217662 -0.0344179 -0.3409508 -0.2087373 -0.1253389 -0.0487791 -0.0100508 -0.4071880 -0.1028030 -0.2172037 -0.2998540 -0.3918854 -0.2455458 -0.5736318 -0.1245419 0.0971693 -0.2457412 -0.1234122 -0.1993174 -0.1357263 -0.1075634 -0.3403320 -0.1626565 -0.1101025 -0.0385108 -0.1998514 -0.1752693 -0.0683004 -0.0968016 -0.1418363 -0.0343856 -0.0809759 -0.0967553 -0.0395743 -0.2290521 -0.0222742 0.0556671 0.1356632 -0.0384830 0.2774913 0.0637551 0.2973835 0.1140525 0.3186513 -0.0490333 -0.0884247 0.0701343 0.1451914 0.1223957 -0.0313074 -0.0376170 0.0675733 0.2247529 -0.2308114 -0.2023139 -0.4348473 0.0962425 0.1740509 0.2317279 0.2023535 0.1897876 -0.0929389 0.0972869 0.0496723 0.2750288 0.0266479 0.0473064 0.1602065 0.0782225 0.2004437 0.3577770 0.2268803 0.0182273 -0.0229636 0.2314853 -0.0645998 0.0081185 0.2445529 0.0910876 0.1200640 0.2805493 0.2390193 0.0600563 0.0133539 -0.3718051 -0.1701921 0.0450398 0.2812141 0.1514656 0.1438733 0.0276684 -0.1650276 0.1332094 -0.1862513 0.2618994 0.0904877 0.2313913 -0.1745571 0.2493408 0.2548581 -0.0733965 0.0561799 0.2095982 0.0869819 -0.0271376 -0.0118026 0.1000321 0.4035255 0.4679415 0.1341939 -0.4192330 -0.3856452 -0.2967174 -0.2705952 0.3605795 0.0637229 -0.0176207 0.2840848 -0.3687516 -0.3299952 -0.0704481 -0.1530936 0.4170084 0.4024778 0.3695169 0.2270046 -0.4266884 -0.3709243
0.4684881 0.4538634 0.6754247 0.4083802 0.0000000 0.3400033 0.0682474 0.5955248 0.3093584 0.3218743 0.1741863 0.0613216 0.5350036 0.3929417 0.1472773 0.0397827 0.0346507 0.2910337 0.1837918 0.2876498 0.0492301 0.2077387 -0.0689694 0.2646627 0.1797789 0.0406895 -0.0167681 0.2237283 -0.0466051 0.3389807 0.1925221 0.1597559 -0.2254740 -0.1360788 -0.0882255 0.1756678 0.1513688 0.1223009 0.1928574 0.3894902 0.1126782 0.2402831 -0.0393129 -0.3466495 -0.0228169 0.0369221 0.0914151 0.1225061 -0.3728161 -0.1185581 -0.0017132 -0.0202596 -0.2331946 -0.1275961 0.0185158 0.0051997 0.1343467 -0.2764068 -0.0559115 0.0018333 0.1595652 -0.1499688 0.1907770 -0.1256249 -0.1174998 0.1118766 0.0131923 -0.2488279 0.1124345 -0.2090209 0.0155355 -0.1510170 -0.0738277 -0.1689313 -0.0099653 -0.0259620 0.0789441 -0.0893066 -0.3029518 -0.1909103 -0.3303456 -0.2068655 0.1515416 0.1823767 0.1809297 -0.2160302 -0.2035654 0.1798014 -0.1407031 -0.2255624 -0.0599337 -0.0618770 -0.2851476 0.2309348 -0.1375710 -0.2276391 -0.1373274 -0.4175646 -0.0818007 0.0347470 -0.1708320 -0.4283729 -0.0574530 -0.0420547 -0.1520589 -0.0514062 -0.4078382 -0.1852985 -0.2011197 -0.3767547 -0.1471245 -0.6016331 -0.2163880 -0.3394337 -0.2213154 -0.5368376 -0.2800172 -0.0406626 -0.3982997 -0.2555110 -0.2081266 -0.2960970 -0.0127501 -0.3447063 -0.2822105 -0.2380447 -0.0950609 0.0133206 -0.1858257 0.0024729 -0.0208430 -0.0490990 0.1645962 0.0880217 -0.2032068 -0.2171575 0.1109143 0.0002413 0.1134593 -0.3686751 -0.1054026 0.0968454 0.0366810 -0.2293913 -0.1666017 -0.3138246 0.2042802 0.1901544 0.0191702 0.1187786 -0.0007406 -0.0605359 0.1597617 -0.0182974 0.2431888 0.0625858 0.1275689 0.1670568 0.0886805 -0.0114496 0.1088459 0.0011893 0.0329830 0.2144329 0.1865003 -0.0197104 0.0630987 0.1488451 0.1709991 0.0630527 0.1753816 0.2539532 -0.2564202 0.0768275 -0.2481035 -0.2894944 0.1302208 0.3827594 0.2000176 0.4053843 0.5010165 0.1055807 -0.0085367 -0.1783544 -0.0521135 0.0188504 0.4826217 0.2335436 0.0926009 0.0441946 -0.2716626 -0.1021826 0.0128494 -0.2234484 -0.2462014 -0.2775515 -0.1457041 -0.0802242 -0.1191304 -0.2434803 -0.0610243 -0.1593680 -0.3038214 -0.4320898 0.5620297 -0.4391998 -0.3608045 -0.0013743 -0.0384143 -0.1816357 0.2051884 -0.4855862 0.6702987 0.0887206 -0.3087759 0.0495970 -0.4037308 -0.3923426
-0.0616150 0.1583678 0.6013418 0.4791488 0.3400033 0.0000000 0.3189015 0.4431397 0.7743338 0.9003855 0.4973121 0.2554627 0.3869605 0.6066921 0.3763340 0.4115051 0.6819110 0.5265788 0.1643634 0.6061363 -0.0184481 0.2686710 0.4478277 0.5865447 0.1049501 0.2667527 0.6684783 0.1961653 -0.0669802 0.5770665 0.3287153 -0.0443999 -0.1821984 -0.0762977 0.3906089 0.0669601 0.2057125 0.1420602 0.7109891 0.5460887 0.3048170 0.0316867 0.5237719 -0.2195359 0.1807981 0.1589846 0.2906752 0.2484768 0.3319961 0.0283047 0.3141203 0.4377120 0.1602292 0.5376641 0.1434596 0.1435797 0.2187766 0.5246467 -0.2966826 0.2756170 0.3007023 0.3046001 -0.0326382 0.5048547 0.3145447 0.1150923 0.2007244 0.3404116 0.0088905 0.2972518 0.0927659 0.3120864 0.2359437 0.4569219 -0.0572451 0.1775369 0.3597041 0.0089737 0.1684436 0.1621207 0.2699295 -0.3078074 0.2297643 0.1307653 0.5262310 0.4218726 0.2067762 -0.0888111 0.1254513 -0.1613666 -0.1147971 0.1843718 -0.1709908 0.0106711 0.0859521 0.0598579 0.1071275 -0.3537658 0.1889935 0.0755322 0.0343671 -0.4447897 0.1430071 -0.3309000 0.0243851 0.2156865 0.0945724 0.1543644 0.0076258 0.1965561 -0.0128804 -0.1899437 -0.1696250 0.1720764 0.4651747 0.1666735 0.1545997 0.3405273 -0.0145732 -0.0328321 0.1591233 0.1723886 -0.0785553 -0.3562903 -0.1408064 -0.0788358 0.1641723 0.1588027 0.0755623 0.2747359 0.2131069 0.1976302 0.2350616 -0.0253910 -0.0217397 -0.0095452 0.1534767 0.1409546 0.1878875 -0.0286866 -0.0513125 0.1753909 0.3720530 -0.4485059 -0.1345116 -0.2628461 0.1335473 0.1124005 0.2133530 0.2397005 0.2060633 -0.0297283 0.2802499 0.0579151 0.3734485 0.1893463 0.1796910 0.1110394 0.2557116 0.2262872 0.2829969 0.3205589 0.1475747 0.1740556 0.3068188 0.0874557 0.1289785 0.3068190 0.3712347 0.3117695 0.2983732 0.3451034 -0.4950256 -0.1000113 -0.1855068 -0.2508292 -0.0482196 -0.0062600 -0.1382703 0.0991604 -0.0943626 -0.1345976 -0.2163478 -0.2841436 -0.3706717 0.3176525 -0.1206333 0.2055554 0.4351379 0.3731810 -0.0145246 0.1648821 0.0917587 -0.2501442 -0.3101565 -0.3134717 -0.2359876 0.0207520 0.4207538 -0.1105555 -0.0023088 -0.3457881 -0.0562651 -0.2272699 0.2832479 -0.1611344 -0.0562589 0.1341693 -0.0467008 0.0939264 0.2178158 -0.2663018 0.2214463 0.0147112 0.0909446 0.2654806 -0.4878465 -0.5811353
0.0021627 0.5360436 0.2588208 -0.1739425 0.0682474 0.3189015 0.0000000 -0.2318047 0.4699622 0.0743088 -0.3184598 0.7161673 -0.3007208 0.1205524 0.6094502 -0.2658023 -0.1335416 0.5521857 -0.3176547 0.1303916 0.5325710 -0.2280824 -0.2381263 0.4215113 -0.2661018 -0.2211017 -0.0088545 0.3167384 0.4676939 0.1552009 -0.1689203 -0.2679501 0.2874498 0.3258194 -0.2552551 0.5377700 -0.2411468 -0.3495592 -0.2106198 0.0960477 -0.2169546 0.4668306 -0.2446367 0.0781325 0.0336598 -0.3208168 -0.2812890 -0.2529910 -0.1718717 -0.2439676 -0.3306649 -0.1342815 -0.1708430 -0.0867499 -0.2884864 -0.3268005 -0.3394286 -0.2785840 -0.2110206 -0.3551618 -0.2238518 -0.1574416 -0.3610736 -0.2632509 -0.2796002 -0.4015346 -0.3775728 -0.3181693 -0.3963037 -0.4511812 -0.4505590 -0.3635009 -0.3944113 -0.0824185 -0.5055728 -0.4764108 -0.2075840 -0.5214141 -0.3036677 0.0401125 -0.1961207 0.1325388 0.3710257 0.2155796 0.3963050 0.2528998 0.0680043 0.2360974 -0.0036169 0.2560632 -0.2896891 -0.0728884 -0.2608378 0.0814030 -0.3184673 -0.2744763 -0.3133744 0.0076632 -0.2518906 -0.0886583 0.1273488 0.0746023 -0.0140055 -0.0828107 -0.3294894 -0.2883150 -0.2308720 -0.0208850 -0.0516510 -0.2167721 -0.3353075 -0.2601311 0.2166695 -0.2671045 -0.1101303 0.0089718 -0.2770574 0.2837773 0.0419015 0.2447598 -0.0131516 -0.2690042 0.2508957 0.0501726 0.3784388 0.3522832 -0.1898464 0.2093238 0.5133030 -0.0821447 0.2250522 0.0186894 -0.0399298 0.2744316 0.0134204 0.1839406 0.4717147 0.2717929 0.1375546 0.1673591 0.1206218 0.1501212 -0.2035462 0.3539771 0.5640734 0.4382721 0.0764892 -0.1264282 -0.1721260 -0.0179219 -0.1903116 0.4937958 0.1377169 0.0746402 -0.3079573 0.4153461 -0.1849845 0.2292352 -0.1937475 -0.1910390 -0.3567032 0.0066859 0.3244422 0.0483660 -0.0716160 0.4257645 0.1510913 -0.0702986 -0.0508493 0.0975690 0.0596488 -0.1392486 -0.3345090 0.1629972 0.5893818 0.2378291 0.3778602 -0.0334237 0.1544610 0.3384009 0.0395493 0.1926973 -0.0181293 0.0258457 -0.3022046 -0.1302833 -0.0393961 0.5192078 -0.0552176 -0.0276562 0.3206806 0.1730830 0.2933053 0.2384252 0.2247203 0.2981258 0.0698705 0.1296090 0.1043368 0.2624574 0.2072710 0.0443246 0.1748912 0.3777876 0.2262611 0.0129711 0.2838354 0.0543669 0.2214949 0.3634538 0.0929121 0.1378525 0.1368450 0.2548113 0.2277527 -0.0803559 0.4297780 0.3128089
0.1532436 -0.0952059 0.2966927 0.7970653 0.5955248 0.4431397 -0.2318047 0.0000000 0.0589168 0.3897951 0.8025766 -0.0465182 0.9204901 0.1038628 0.1817531 0.5949061 0.3005237 0.0602421 0.7109415 0.3606299 -0.0835702 0.6072016 0.5054737 -0.0228532 0.6191522 0.6238090 0.2003899 -0.1823419 -0.2352562 0.1236586 0.5572983 0.5372158 -0.2632190 -0.3538352 0.4964028 -0.1854712 0.6456028 0.5936157 0.3952783 0.1587853 0.4962885 -0.0494031 0.4438226 -0.3042713 0.4854771 0.5289922 0.5484488 0.4933021 0.3030167 0.2983883 0.5101995 0.2994220 0.3091612 0.0657731 0.4468041 0.4064044 0.5932403 0.2275860 0.1880037 0.4956641 0.7125841 0.2019553 0.4102154 0.4174997 0.4463015 0.4403960 0.4422920 0.2055307 0.3790119 0.4147409 0.3788250 0.5269820 0.3833222 0.3464538 0.3885704 0.4752234 0.6396454 0.3189308 0.2212130 0.1549441 0.2541334 -0.5418631 -0.1467209 0.1130297 0.0740592 -0.1310970 -0.0756564 -0.2838238 -0.1441948 -0.5613642 -0.0775853 -0.0236233 -0.3284851 -0.2190842 0.0360298 -0.0295144 -0.0564245 -0.4016151 0.0729113 -0.1924365 -0.3911090 -0.5030035 -0.0018894 -0.4995980 -0.1280529 0.2821508 -0.2808439 0.0079697 -0.2950673 -0.2536493 -0.1531460 -0.4826520 -0.2720729 -0.1848261 -0.0644319 -0.4243887 -0.2848037 -0.2095072 -0.3962787 -0.4577591 -0.3226270 -0.2947470 -0.0636082 -0.4907022 -0.6120704 -0.4605216 -0.1682636 0.0841025 -0.4820098 0.0833016 -0.2982881 0.1712265 -0.0667662 0.0791710 -0.0997885 -0.2584650 -0.2821608 -0.2358338 -0.2450026 -0.4893403 -0.1970586 -0.2262650 0.1851463 -0.3941221 -0.5763810 -0.5745202 -0.1740368 -0.0796858 0.1670749 -0.0049402 0.0760463 -0.3060253 -0.1956500 -0.0530816 0.1756293 -0.0622918 0.0205614 -0.0406886 0.0257903 0.1082155 0.1946970 -0.0713241 -0.1463467 -0.0181662 0.0239579 -0.2890519 -0.0854755 0.0752948 0.0152352 -0.1011546 0.0235144 0.1174210 -0.0989701 -0.2674596 -0.5879597 -0.5705589 -0.3257312 -0.0420652 -0.1890508 -0.0993033 -0.1836591 -0.2465439 0.1543970 -0.1346045 0.2427391 0.1903993 0.1357707 -0.0706151 0.5283811 0.4638938 -0.3851579 0.0795549 0.0584264 -0.1453432 -0.3038451 -0.2714633 -0.1168395 -0.0406757 0.3704514 -0.3303628 -0.3545644 -0.2561458 -0.3407644 -0.5266103 0.4542169 -0.1429183 -0.3153074 0.2165629 -0.3175168 -0.3648009 -0.0144352 -0.5383422 0.5214298 0.2623132 0.2361617 0.3425093 -0.6034494 -0.5721561
0.2394911 0.5578094 0.6208631 0.2306701 0.3093584 0.7743338 0.4699622 0.0589168 0.0000000 0.7342526 -0.0077981 0.2576439 -0.0476722 0.7376992 0.5241370 -0.1017251 0.2978774 0.8536106 -0.3146456 0.2854635 0.0936166 -0.2274602 -0.0632908 0.8467457 -0.4039751 -0.2876874 0.4365170 0.6445261 0.1903452 0.7650933 -0.1481788 -0.5222826 0.0995217 0.1354171 -0.0757157 0.4198833 -0.3004907 -0.2996808 0.3923138 0.6239545 -0.0655937 0.3514939 0.0785035 0.0728099 -0.0554330 -0.2558497 -0.0799189 -0.1266723 -0.0265259 -0.3248555 -0.0709747 0.1210886 -0.1956725 0.2856399 -0.2311367 -0.1728480 -0.1632068 0.1826009 -0.2508255 -0.0964594 0.0200135 0.0661306 -0.2823593 -0.0155148 -0.1463056 -0.1466147 -0.0657606 0.0680029 -0.2108307 -0.1273031 -0.1363585 -0.2163109 -0.0153702 -0.0742690 -0.3094312 -0.2177300 -0.1958293 -0.2091161 -0.3393411 -0.3068697 -0.2127656 0.0333155 0.3868358 0.1880444 0.6313551 0.3588472 0.1869652 0.3125978 0.1712981 0.1827968 -0.0757751 0.2154979 -0.1327885 0.4361312 -0.0411601 -0.0996325 0.0722865 -0.4319144 0.0823173 0.4072009 0.3006132 -0.3923206 0.0088755 -0.1218632 -0.0155749 -0.1295749 0.0436033 0.0292671 0.0960197 0.1475620 -0.0395233 -0.2748452 -0.0952433 0.1004311 0.4344949 0.2282045 0.1713454 0.5736833 0.1093460 0.2040614 0.3555823 0.2932518 -0.1076218 0.0014420 0.1470265 0.1880317 0.3381711 0.0833113 0.4895609 0.3396590 0.5607824 0.0590414 0.4215500 0.1356041 -0.1350977 0.0112758 0.4766834 0.5260713 0.5241584 0.1808411 -0.0111196 0.4605194 0.1315573 -0.3570172 0.3070856 -0.0924010 0.4445427 0.3343604 -0.0098544 0.3766424 0.1343800 0.0941461 0.6317808 0.0327625 0.4047387 0.1479618 0.0811632 0.2569490 0.1612967 0.1268215 0.2294556 0.4252685 0.3344142 0.1049605 0.4117754 0.2167541 0.1618272 0.2164013 0.3607802 0.3949976 0.3709185 0.3677856 -0.3954367 0.3018423 0.1157302 0.0500610 0.3581235 0.3347957 0.2707175 0.5525881 0.2991979 0.2427595 -0.1085112 -0.1895346 -0.5159836 0.0615308 0.1117932 0.1569216 -0.0680613 -0.1500184 0.1686759 -0.2280362 -0.1233516 -0.2586440 -0.2424144 -0.2710477 -0.3027185 0.0254202 -0.0243643 0.1549291 0.1476454 -0.3068490 -0.0895918 -0.1069008 0.2180225 0.0147550 0.1108696 -0.0733092 0.1289387 0.2196668 0.2624586 -0.0748122 0.2830671 0.0005953 -0.0718580 0.0270276 -0.2397341 -0.3285170
-0.0638286 0.0571026 0.5846691 0.4712202 0.3218743 0.9003855 0.0743088 0.3897951 0.7342526 0.0000000 0.5238088 0.1326452 0.3221403 0.6280212 0.2581169 0.4372481 0.7561585 0.4318610 0.1510784 0.6179303 -0.1257089 0.2009328 0.5046228 0.5618043 0.0735803 0.2777985 0.7015918 0.1066234 -0.2164569 0.6398629 0.2467365 -0.0857586 -0.3611365 -0.1591442 0.4790713 -0.0101717 0.2267652 0.1610166 0.7847105 0.5643659 0.3273254 -0.1295156 0.6012001 -0.3761486 -0.0130070 0.2108495 0.3483619 0.2669370 0.2758798 0.0541068 0.3932973 0.4443743 0.1471592 0.5063550 0.1450904 0.2181815 0.2827946 0.5893919 -0.4255837 0.3720568 0.1375160 0.3231287 -0.0027396 0.5450388 0.2885782 0.1952793 0.2876529 0.4104278 0.1064719 0.3655067 0.1856321 0.2906417 0.2895527 0.3704783 0.0294618 0.2128857 0.2598470 0.0924628 0.1811532 0.0749771 0.2268115 -0.2346079 0.2313928 0.0451518 0.4640889 0.4908614 0.3377437 -0.0809003 0.1773291 -0.1604840 0.0744677 0.3904005 0.0673095 0.0257007 0.2368275 0.2612047 0.3543321 -0.2854207 0.3286137 0.1225933 0.0733245 -0.3530894 0.2782841 -0.2851411 0.2330440 0.2733258 0.3447267 0.3118764 0.2264750 0.4109689 0.1952248 0.0222712 -0.0558091 0.3538018 0.5702548 0.3612691 0.4147362 0.4415581 0.1857387 0.1398843 0.4016781 0.4411941 -0.0838520 -0.2552852 -0.0482665 0.0235997 0.3959309 0.1864856 0.1027196 0.4054645 0.3275821 0.2353636 0.4585146 -0.0310432 -0.0098847 0.0734595 0.1991194 0.1313512 0.2744931 0.0433234 -0.0077648 0.2000389 0.4506801 -0.5515815 -0.1358578 -0.2508457 0.2057945 0.2039848 0.2569196 0.2668904 0.2592125 -0.1173046 0.3725199 0.1019750 0.5178883 0.0813080 0.3045433 0.1082607 0.4079016 0.3107319 0.4389141 0.3989415 0.1330178 0.2351770 0.4436583 0.0609198 0.2001250 0.4813477 0.5265350 0.4304668 0.4398882 0.5353973 -0.5543484 -0.0602443 -0.2752364 -0.2813801 -0.0512746 0.1183195 -0.0756157 0.1310250 0.0206276 -0.1595464 -0.3852797 -0.4209761 -0.4626882 0.2321550 -0.1396511 0.0188009 0.2827325 0.2419273 0.1013009 0.0607038 -0.0118231 -0.2260515 -0.2290462 -0.3184456 -0.2236105 0.0380431 0.3629804 -0.0792626 0.1771503 -0.2216535 0.0597695 -0.1279417 0.3345424 -0.0224915 -0.0550505 0.1465115 0.1072418 0.2042603 0.3843566 -0.1596514 0.2943503 -0.0550810 -0.1176600 0.2567968 -0.6202821 -0.6752298
-0.1868277 -0.4877318 0.0971821 0.6195796 0.1741863 0.4973121 -0.3184598 0.8025766 -0.0077981 0.5238088 0.0000000 -0.1438680 0.7768495 -0.0391233 0.0828394 0.8665837 0.6223377 -0.1344031 0.7314422 0.5170696 -0.2815320 0.6580990 0.8706782 -0.1233961 0.6448413 0.8571926 0.3952973 -0.4753416 -0.4161379 0.0111328 0.6548933 0.5290081 -0.4456892 -0.4249742 0.8435871 -0.4481860 0.7891854 0.6734984 0.5625514 0.0863857 0.6255913 -0.3959465 0.7863422 -0.4491142 0.4274452 0.6896180 0.7144779 0.6199501 0.5937144 0.5047313 0.7521935 0.6284597 0.5254956 0.3832116 0.5853856 0.5719891 0.7249903 0.6296750 -0.0625371 0.7693804 0.5562929 0.5444109 0.3969744 0.7695876 0.6210171 0.5320937 0.6427020 0.6014071 0.4367740 0.7507098 0.5101037 0.8161874 0.5989816 0.5725439 0.4628095 0.6606524 0.7853403 0.4354418 0.6004843 0.4023597 0.5427247 -0.4957428 -0.1386016 0.0874294 0.1676735 0.1709828 0.1843664 -0.3765485 0.0584923 -0.4528201 0.1033967 0.2142641 -0.0458650 -0.3568586 0.2776051 0.2958746 0.2470329 -0.2249494 0.3040236 -0.2062565 -0.2945089 -0.4235113 0.2315557 -0.4518021 0.1343688 0.4878863 0.1518252 0.2654269 -0.0763160 0.1551882 0.1179664 -0.0361235 -0.2252917 0.1235591 0.2392791 -0.0423316 0.0887656 -0.0780523 -0.1435652 -0.2953338 -0.1076669 0.0287342 -0.0672673 -0.5683871 -0.5588639 -0.3696265 -0.0255093 0.1142025 -0.4818211 0.0683382 -0.2958079 0.2457336 -0.0310423 -0.1486371 0.0530440 -0.1551234 -0.3900461 -0.2657458 -0.2418163 -0.2888723 -0.1113760 -0.1901480 0.4065324 -0.3890601 -0.5890963 -0.5095754 -0.1829308 -0.0970271 0.3275330 0.0073878 0.1814230 -0.2676593 -0.1566217 0.0377955 0.2477620 -0.0382006 0.2046901 -0.0565604 0.2367063 0.2670693 0.3062317 0.0754345 -0.1428232 0.0866267 0.1262576 -0.2350642 0.0290644 0.2654777 0.2098251 0.0884585 0.1492715 0.2531714 -0.2553806 -0.4788594 -0.6668759 -0.6863034 -0.5970237 -0.3202401 -0.4750962 -0.4018612 -0.4888420 -0.4728795 -0.1084624 -0.2315563 0.0301100 0.1951701 -0.2720264 -0.3167307 0.6300809 0.6074977 -0.2286942 0.2452771 0.0570078 -0.1271229 -0.2657870 -0.2532291 -0.0954690 -0.1145853 0.5594046 -0.3033357 -0.1219159 -0.2568061 -0.1317726 -0.3936635 0.2184899 -0.0046867 -0.1872988 0.2740570 -0.1245836 -0.2158075 0.0216004 -0.3626130 0.2625375 0.1087600 0.2268212 0.4267945 -0.6114710 -0.5994275
0.0962848 0.4388848 0.3066842 0.1963042 0.0613216 0.2554627 0.7161673 -0.0465182 0.2576439 0.1326452 -0.1438680 0.0000000 -0.2150705 0.1851303 0.5530561 -0.2244810 -0.0686818 0.2856624 -0.1991129 0.1552747 0.8875369 -0.2182169 -0.0827077 0.2828247 -0.1680309 -0.0904600 0.1733944 0.0842957 0.6682168 0.0841197 -0.2447152 -0.1738124 0.3718802 0.5728177 -0.0739620 0.6290293 -0.1159438 -0.2808815 -0.1611297 -0.1420591 -0.2475424 0.5193150 -0.1429530 -0.0118203 0.2463824 -0.2536322 -0.2429696 -0.3080796 0.0377128 -0.3442992 -0.2501651 -0.2904429 0.1356974 -0.2689682 -0.3649680 -0.3484650 -0.3161197 -0.1907736 -0.0069917 -0.3065191 -0.0955741 -0.3313356 -0.4873027 -0.1479171 -0.0892856 -0.4510644 -0.4482938 -0.4076768 -0.4351774 -0.4519354 -0.5006249 -0.3489141 -0.5748332 -0.0170752 -0.4757693 -0.6029571 -0.2399094 -0.6283970 -0.2840178 0.2292977 -0.0224783 -0.0409116 0.1034363 -0.1023345 -0.0386027 0.1773013 0.0579936 -0.1902172 -0.2155169 -0.1398489 -0.3246038 -0.0900122 -0.2862673 -0.3216743 -0.2504331 -0.2272934 -0.2649827 0.0786668 -0.3001241 -0.4492948 -0.0891709 0.2535829 -0.0479330 -0.4653095 -0.3434342 -0.2534056 -0.1896236 -0.0328699 0.0018473 -0.1943801 -0.4277503 -0.1033621 0.4569266 -0.1687074 -0.1431543 0.1949985 -0.2437963 0.2218452 0.3111570 0.4138860 0.1580026 -0.1382284 0.2140557 0.2325589 0.3878107 0.5227597 -0.0473477 0.2294849 0.4213663 0.0830070 0.1161854 0.0680714 0.0175645 0.5349725 -0.1306876 0.1491309 0.3371933 0.0772216 -0.0684084 0.1654749 -0.0352862 -0.1462520 -0.2795107 0.4708724 0.3876378 0.3299611 -0.1179375 -0.2354571 -0.2453982 -0.2341463 -0.1717029 0.4692255 -0.0046561 0.0232634 -0.3237187 0.4743274 -0.2678945 0.1435788 -0.2645222 -0.1188189 -0.2875536 -0.0842847 0.3807767 -0.0797382 -0.1335341 0.4188672 0.1476263 -0.0105796 -0.1130466 0.0483832 0.1226617 -0.1410966 0.0241870 0.1689250 0.5073748 0.3351341 0.4628813 0.0869885 0.3099650 0.2524039 -0.0128625 0.1783816 0.0624251 0.0649884 0.0213234 -0.0856233 0.0366593 0.3628327 -0.1295200 0.0111643 0.5652500 0.3806434 0.5282704 0.6857165 0.6370609 0.6337086 0.4833529 0.5419235 0.3480529 0.3914022 -0.0392088 -0.0864984 0.1082995 0.5244631 0.3980219 0.2287958 0.1211376 0.2959042 -0.0480759 0.0969867 -0.1030094 0.2520977 0.1837725 0.4254768 0.2564591 -0.0214704 0.4268193 0.3607563
0.0382353 -0.2453686 0.1922813 0.5862686 0.5350036 0.3869605 -0.3007208 0.9204901 -0.0476722 0.3221403 0.7768495 -0.2150705 0.0000000 0.0672298 -0.0779909 0.7122088 0.4048209 -0.1228397 0.7778932 0.3486327 -0.2647996 0.7317633 0.6072586 -0.1948566 0.7159834 0.6957814 0.2449290 -0.2193296 -0.4011829 0.0186242 0.7418877 0.6849505 -0.2747915 -0.5009894 0.5730047 -0.3277650 0.7370809 0.7180419 0.4722326 0.2271526 0.6381426 -0.1521898 0.5595686 -0.2383267 0.3727064 0.6246912 0.6474902 0.6601838 0.2476997 0.4471872 0.6277927 0.4601242 0.1825864 0.2842759 0.6187364 0.5330362 0.7113728 0.2729440 0.1991909 0.6399644 0.7032559 0.3292522 0.6057381 0.4624551 0.3931082 0.6112440 0.5953397 0.3051471 0.5439303 0.5440915 0.5444488 0.6387193 0.5336757 0.4093132 0.5590684 0.6274542 0.6862739 0.4704297 0.3521380 0.1251500 0.3487925 -0.4938014 -0.1196992 0.1714900 0.1038901 -0.1206949 -0.0266749 -0.3695683 -0.0083582 -0.4956249 0.0171718 -0.0279611 -0.2048709 -0.3088672 0.1958482 0.0326295 -0.0286458 -0.2983469 0.2362725 -0.1555264 -0.4017072 -0.4560833 0.1382049 -0.4257157 -0.0501017 0.3547119 -0.1788245 0.0957006 -0.2891122 -0.1262508 -0.0997321 -0.3586919 -0.3484846 -0.0368050 0.0484987 -0.4209024 -0.1695822 -0.2644323 -0.4926300 -0.5436632 -0.3520751 -0.2762498 -0.1745406 -0.5857423 -0.6558542 -0.6283372 -0.1985105 -0.0748174 -0.6376160 0.0595148 -0.3638525 0.0086365 -0.1467517 -0.0613085 -0.1374882 -0.3327354 -0.4341407 -0.3531573 -0.3446436 -0.6871840 -0.3393133 -0.3764144 0.2196999 -0.5412013 -0.7554775 -0.6067971 -0.3071449 -0.2353403 0.0914281 -0.1880399 -0.0543580 -0.5277422 -0.3376173 -0.2507674 0.1277422 -0.2100483 0.1107404 -0.3003844 0.0998858 0.0120142 0.0768115 -0.2149401 -0.3130332 0.0886257 -0.0944955 -0.5204086 -0.2481375 -0.0258698 0.0875258 -0.1695900 -0.1589403 0.1080719 -0.0938635 -0.3759950 -0.6384706 -0.5976789 -0.4639843 -0.2514351 -0.3666700 -0.3201480 -0.3225581 -0.2025512 0.2002643 0.0304640 0.2840737 0.2366312 0.0124420 0.0036704 0.5540906 0.4539277 -0.5374138 -0.0016487 -0.1445871 -0.3077427 -0.4464796 -0.4253854 -0.2666436 -0.3052966 0.3717265 -0.5473122 -0.2734275 -0.1194204 -0.2282329 -0.6006740 0.4347623 -0.1523392 -0.4083373 0.1919947 -0.2566160 -0.3257343 0.0626952 -0.6153818 0.4553803 0.0776758 0.1464319 0.4355886 -0.6500008 -0.6174661
0.2760167 0.3579242 0.4521963 0.2839275 0.3929417 0.6066921 0.1205524 0.1038628 0.7376992 0.6280212 -0.0391233 0.1851303 0.0672298 0.0000000 0.0965894 -0.0815041 0.3681848 0.5301782 -0.2321325 0.1631736 0.0889134 -0.2197979 -0.0105521 0.7043609 -0.3114186 -0.2599669 0.6468358 0.6851292 0.1133256 0.8158777 -0.0848842 -0.3824320 0.2187110 0.1257012 -0.0454469 0.3076451 -0.2237739 -0.1957771 0.5302621 0.6714231 -0.0149859 0.2514470 0.1156896 0.1081189 -0.2145885 -0.1866931 -0.0145804 -0.0732419 -0.1109149 -0.2428483 -0.0061645 0.0934439 -0.2592609 0.3018513 -0.1543558 -0.0854654 -0.0770406 0.1567375 -0.1270186 -0.0584680 0.0019045 -0.1009361 -0.0895897 -0.0084454 -0.1755814 -0.0231148 -0.0674195 -0.0576624 -0.0590265 -0.1291432 -0.0085021 -0.1984820 -0.0751210 -0.1016709 -0.1012353 -0.1888261 -0.2109756 -0.1130340 -0.2730919 -0.1635593 -0.1858608 -0.0372463 0.1834545 0.0422691 0.3092074 0.1792253 0.1565301 0.1450480 0.2034322 0.1010101 0.0646309 0.1563772 -0.0015281 0.2459061 0.1524711 -0.0508560 0.1493973 -0.2600941 0.2072229 0.2280042 0.2958962 -0.2377656 -0.0142061 -0.1223067 0.0725123 -0.1216799 0.1399556 -0.0133672 0.2104120 0.2231863 0.0602482 -0.0051409 -0.0328747 0.1743078 0.4408174 0.3101353 0.3757073 0.6141805 0.3413696 0.3687748 0.4921201 0.4403962 -0.2737812 0.1136958 0.1923811 0.2873450 0.3791600 -0.1369163 0.3716139 0.4015834 0.4796374 -0.1445903 0.4468557 0.1378013 -0.4076280 -0.1372046 0.3144476 0.3777190 0.3816994 0.0809838 -0.2775415 0.2177401 0.0880152 -0.3889658 0.1120142 -0.2214103 0.2770443 0.2167214 -0.1701668 0.1228289 0.0904648 -0.1670294 0.4962441 -0.2385850 0.4133273 -0.0295623 0.1852119 -0.0457260 0.2538453 0.1839208 0.2548506 0.3413622 0.1656767 0.2510763 0.3601502 -0.0365930 -0.0348089 0.2217736 0.4621674 0.4355685 0.3112741 0.4679275 -0.1342357 0.1338256 -0.0959142 -0.0084865 0.2471872 0.2600110 0.2452652 0.3210722 0.3193512 0.2282930 -0.0660856 -0.1279451 -0.3239647 0.0583027 0.1155799 0.1503372 -0.0701957 -0.1095842 0.2859299 -0.1096652 -0.0387235 -0.0628470 -0.0374239 -0.0989268 -0.0383132 0.0758861 -0.0492686 0.2095122 0.0353828 -0.2808343 -0.2173069 -0.2072738 0.3007087 0.0300744 0.0421264 -0.1224793 -0.0091097 0.1241568 0.2142435 -0.0862181 0.2961818 0.0663209 -0.1418605 0.0137279 -0.1503234 -0.2026994
0.1677686 0.4304138 0.3761238 0.4539104 0.1472773 0.3763340 0.6094502 0.1817531 0.5241370 0.2581169 0.0828394 0.5530561 -0.0779909 0.0965894 0.0000000 -0.0658000 -0.1046825 0.7133964 -0.0094096 0.2885257 0.4817560 -0.0526268 -0.0787747 0.6002867 -0.0691608 -0.0220571 0.0074660 0.1926313 0.4748514 0.3227427 -0.1187883 -0.1626034 0.2139230 0.3073785 0.0018105 0.4285984 -0.0293927 -0.0833736 -0.0588173 0.1082721 -0.0152504 0.3863626 -0.0232568 -0.0510141 0.4779975 -0.0097786 0.0353728 -0.0608627 0.1727654 -0.1206208 -0.0006544 0.0410993 0.2238333 -0.1391073 -0.1183984 -0.0518039 -0.0454153 0.0095958 -0.0435721 -0.0614854 0.1773571 0.1248922 -0.2551329 -0.0826078 -0.0073218 -0.1361692 -0.0190670 0.0436142 -0.1654836 -0.1317224 -0.1266479 -0.1232740 -0.0464736 -0.1505051 -0.2166014 -0.2657682 -0.0834857 -0.2324912 -0.2601788 -0.0438472 -0.1640256 -0.2131661 -0.0325187 -0.0295972 0.2563759 -0.0068528 -0.1324957 0.2714255 -0.2344868 -0.0114921 -0.3728292 -0.0594283 -0.4406269 0.1588542 -0.4274175 -0.2761090 -0.2077018 -0.3470582 -0.3488499 -0.0455989 -0.0174992 -0.3049660 -0.3397095 -0.2699960 -0.3297186 -0.3048970 -0.3207917 -0.2309598 -0.1467906 -0.2589976 -0.2314414 -0.4015356 0.0304110 -0.3440687 -0.1411074 -0.0765860 -0.3364253 0.2293196 0.0483734 0.1644215 0.0226902 -0.1929820 0.0616190 0.1814666 0.2034877 0.3829644 -0.0827934 0.1739971 0.5522119 0.0139102 0.2974487 0.1477438 0.0271156 0.3981459 0.0467185 0.0691275 0.5072261 0.5197589 0.3847742 0.3621826 0.1804750 0.4597823 -0.0616462 0.2818340 0.5671695 0.1014100 0.3550427 0.2300692 0.0374522 0.3850864 0.1288230 0.4748752 0.4061783 0.1752992 -0.0103800 0.2752451 -0.1139678 0.4738092 -0.1197470 0.1240302 0.0025341 0.3578275 0.3598065 -0.0207240 0.2123613 0.3923363 0.1980192 0.1245022 0.0525719 0.2783541 0.3387022 0.0860466 -0.1676431 0.3954002 0.2890892 0.1093006 0.3637793 0.3865819 0.3206343 0.5378800 0.1573086 0.0380405 -0.0014596 -0.1658616 -0.1820619 -0.1289558 0.2277191 0.0307871 -0.0463392 0.0118296 0.3086002 0.0393609 0.3180696 0.2255494 0.1632153 0.2331148 0.1505097 0.4154062 0.1714918 0.4852363 -0.0740500 -0.2449862 -0.1204592 0.1598544 0.2988505 0.1494717 0.3602823 0.3530045 -0.0194701 0.0815574 -0.0685792 0.1459099 0.4335716 0.4265785 0.4535765 0.1523609 0.1592079 0.1235241
-0.4769263 -0.7008356 -0.0658858 0.3343273 0.0397827 0.4115051 -0.2658023 0.5949061 -0.1017251 0.4372481 0.8665837 -0.2244810 0.7122088 -0.0815041 -0.0658000 0.0000000 0.7505062 -0.2428557 0.8402561 0.6206856 -0.4295602 0.8265997 0.9303628 -0.1895274 0.8094620 0.9073694 0.4348873 -0.5650250 -0.6239178 -0.0305878 0.8919930 0.7220355 -0.4824049 -0.5644785 0.9115454 -0.6544021 0.8979095 0.8698232 0.6605181 0.1005690 0.8876586 -0.6147024 0.9287069 -0.4815900 0.2940664 0.8634352 0.8808279 0.8846556 0.5946750 0.7864624 0.9013488 0.8360483 0.4786635 0.6196356 0.8417642 0.8109590 0.8829185 0.7404772 -0.1959567 0.8787641 0.4766153 0.7162134 0.6677699 0.8726725 0.6247510 0.7505401 0.7845350 0.7259470 0.6843198 0.8941793 0.7063990 0.9268024 0.7580436 0.6520581 0.6788969 0.7764867 0.8206058 0.6091897 0.7810776 0.4909748 0.5635870 -0.5840215 -0.2354054 0.0479393 0.1901959 0.1652710 0.1457700 -0.3696521 0.1606256 -0.3466301 0.0886980 0.1291921 0.0362285 -0.4478656 0.3341398 0.3000993 0.2176536 -0.0044475 0.4043727 -0.2573368 -0.2971278 -0.3051731 0.2414480 -0.2599777 0.1563826 0.4394304 0.2615476 0.2792994 0.0004813 0.2720174 0.2377867 0.1903328 -0.2039823 0.1937319 0.2872146 0.0506840 0.2053470 -0.0217703 -0.0561352 -0.2195187 -0.1003380 0.0270281 -0.2331834 -0.5497155 -0.4062989 -0.3452859 -0.1594728 -0.1111265 -0.4546369 -0.0285276 -0.3224625 -0.0002222 -0.1745725 -0.3310263 0.0308972 -0.1671919 -0.4056472 -0.3844137 -0.3176997 -0.3337291 -0.1888485 -0.2728278 0.4004666 -0.4177269 -0.5740902 -0.3921697 -0.3549926 -0.2995969 0.2179286 -0.1131723 0.1207286 -0.4475143 -0.3128448 -0.1575600 0.0779930 -0.2920861 0.2703797 -0.3307951 0.2680821 0.2689758 0.1084905 0.0047238 -0.3930738 0.2383415 -0.0322947 -0.4503103 -0.1931398 0.1534282 0.2941652 0.1036224 -0.0601695 0.2014766 -0.3463160 -0.5219315 -0.6079789 -0.7164581 -0.7836147 -0.5106536 -0.7432452 -0.6447158 -0.6441228 -0.5868390 -0.2484046 -0.2487852 -0.0365035 0.2513013 -0.3629898 -0.1391487 0.7024852 0.6972247 -0.1721102 0.3256345 0.0452750 -0.1517067 -0.2612311 -0.2360501 -0.0400232 -0.2966634 0.4877620 -0.3327290 -0.0383843 0.0471282 0.0275302 -0.2810179 0.3249894 -0.0415495 -0.0686279 0.4384879 -0.0970925 0.0355973 0.1252260 -0.3330158 0.2839737 -0.0365932 0.2482519 0.6600749 -0.5232805 -0.5376621
-0.4582123 -0.4867808 0.2209343 0.2074596 0.0346507 0.6819110 -0.1335416 0.3005237 0.2978774 0.7561585 0.6223377 -0.0686818 0.4048209 0.3681848 -0.1046825 0.7505062 0.0000000 -0.0917925 0.3997702 0.7206512 -0.3192515 0.5208097 0.7710922 0.1100531 0.4110484 0.5269874 0.8252743 -0.2528243 -0.4067736 0.3714150 0.6303849 0.3068115 -0.4162594 -0.2602768 0.6791476 -0.3662989 0.4825149 0.4876839 0.8906035 0.3789326 0.6287349 -0.4474199 0.8326354 -0.3649767 0.0763854 0.4568028 0.5334379 0.5980907 0.5259496 0.4287095 0.6014758 0.7044088 0.3459483 0.8042081 0.4944213 0.4737807 0.4989174 0.8417965 -0.4665856 0.5772552 0.2328263 0.5004186 0.2965971 0.8539503 0.5400757 0.4352889 0.4607038 0.5912863 0.3564671 0.6657480 0.4222555 0.6419623 0.4912827 0.6860724 0.3297745 0.5179097 0.5569496 0.3465455 0.6945833 0.4559824 0.5567628 -0.3413962 0.0890657 0.0013377 0.3369352 0.5350933 0.4270782 -0.3307767 0.3984585 -0.0835904 0.2745639 0.4059334 0.2869388 -0.2361209 0.5472156 0.4747045 0.4870752 0.1235635 0.5884593 -0.0061837 0.0882880 -0.1359147 0.4103651 -0.1415622 0.4376769 0.5419801 0.5646261 0.4229204 0.3635913 0.5765028 0.4106856 0.3822496 -0.0432745 0.5515776 0.6702634 0.4596304 0.5452976 0.2678937 0.2237846 0.0698321 0.3482133 0.4748268 -0.1077653 -0.3163012 -0.1292340 -0.1457599 0.2816609 0.0462845 -0.2018087 0.2826404 0.0273055 0.0736232 0.2300330 -0.1940199 0.0774775 0.0731693 -0.1041051 -0.2240320 -0.0591564 -0.0603794 -0.1227595 -0.0591120 0.5645848 -0.4358216 -0.3801817 -0.1538842 -0.0847624 -0.0345981 0.2817274 0.0998901 0.3869179 -0.2334492 0.0740827 -0.0419805 0.4200893 -0.0076915 0.4835304 -0.1798442 0.5420140 0.5224626 0.3612709 0.3272101 -0.0040133 0.4434763 0.2926096 -0.1213545 0.1106346 0.4309207 0.6199301 0.4415467 0.2458627 0.4928609 -0.4253236 -0.2763329 -0.3664272 -0.4537532 -0.5032430 -0.2571414 -0.4916162 -0.3745934 -0.3772920 -0.3641213 -0.4683154 -0.2895230 -0.3544245 0.5090787 -0.3713242 0.0789017 0.5671496 0.5777832 0.0488395 0.3406846 0.0467782 -0.2366649 -0.2506895 -0.3234860 -0.1126006 -0.1321164 0.4430606 -0.2834703 0.1518404 0.0129420 0.1974706 -0.1324918 0.2704502 -0.0420904 -0.0957382 0.4121886 0.0373714 0.2362743 0.3443185 -0.1812821 0.1242381 -0.2547260 0.0008411 0.5848620 -0.4824689 -0.5615868
