0.0000000 0.4064154 0.7235493 0.4205013 0.5363255 0.2138603 0.1678283 0.4674097 0.1197676 0.3373390 0.3215416 0.1445375 0.7839031 0.0773737 0.1499029 0.4138504 0.6802137 0.0513499 0.3655824 0.7279459 0.1913559 0.7179656 0.3614689 0.0021852 0.5817010 0.4920276 0.5639943 -0.1007209 0.3144206 -0.1036757 0.7467697 0.6384058 -0.0419087 0.1941803 0.4397170 0.1967719 0.6018280 0.6960110 0.1314211 -0.0909158 0.7011169 0.4253159 0.3857764 0.1806257 0.4464223 0.4310195 0.4118638 0.6765684 0.4163771 0.5860691 0.3680084 0.2804087 0.3499059 0.5024486 0.6540436 0.4245901 0.4546967 0.5922125 0.2525223 0.4810621 0.5133659 0.3564787 0.1528565 0.4620679 0.1660968 0.1819564 0.4237372 0.5199413 0.1563083 0.5676717 0.5941322 0.2825106 0.4890982 0.3708270 0.1505438 0.4840477 0.3123898 -0.0208970 0.2606923 -0.1704729 -0.1540818 -0.1338994 0.3742828 0.3917208 0.0350455 0.1625640 0.0984930 -0.3476279 0.1085183 0.0066682 -0.0156784 -0.0313385 -0.1678582 -0.2937048 0.2903036 0.3231407 -0.2363938 0.0868804 -0.0163486 -0.0230729 0.0924050 -0.0713899 -0.0017859 -0.0347065 0.1189185 0.3897199 0.1480846 0.0652283 0.1041915 0.2120170 0.0701898 0.0863407 0.2716959 0.4778075 0.2609581 0.3395309 0.0443955 -0.0499103 0.0283360 0.2128229 0.4057757 0.3404751 0.2424042 0.4003649 0.5356099 0.2268001 0.4197915 0.1755270 0.0633111 0.4511182 0.3458124 0.1941141 0.2995176 0.6309252 0.3762241 0.3275204 0.4367301 -0.0368290 0.5743013 0.0945190 0.3969365 -0.0022778 0.1755771 -0.3500584 0.4839038 0.4610915 0.6264030 0.6716911 0.4442531 0.1248248 0.0372494 -0.3017018 0.4927570 0.3428461 0.4770012 -0.0950191 -0.0077174 0.5074948 0.0404258 -0.1992451 0.2646839 0.2414155 0.1268504 -0.1170282 0.3338821 -0.0728322 0.0731789 0.1667019 -0.0463449 0.0816912 0.1866500 0.4050424 0.3671684 -0.2585691 0.1464759 0.2171471 -0.0213967 -0.3588995 0.1466347 0.1556283 0.1187238 0.1886050 0.0888786 0.1470793 0.1574592 0.4439864 0.2749063 0.0874115 0.0624180 0.0384897 0.1313655 -0.3294149 -0.3206476 0.1655427 0.3339176 -0.0989609 -0.2823819 -0.1108736 -0.3174819 -0.0595184 0.2748597 0.1550975 -0.2135476 0.1114905 0.7415428 0.1257780 0.6819301 0.3972269 0.3132613 -0.2548736 -0.3074554 -0.4895365 0.4269737 -0.0390203 0.1019564 0.4161789 -0.1627717 -0.0198316
0.4064154 0.0000000 0.6362996 0.9252997 0.3475238 0.8538424 0.8194218 0.6822712 0.6078793 0.6810093 0.4814712 0.6877641 0.2446384 0.6043321 0.5442670 0.3738766 0.2416260 0.4915327 0.5331827 0.0481280 0.2376895 0.5876636 -0.0172638 0.4490543 0.4555642 0.1420207 0.1242030 0.2710269 0.6502348 0.4696447 0.4155831 0.0084690 0.3244504 0.7251948 0.1573160 -0.3033203 -0.0785013 0.1687916 0.3735446 -0.0744827 0.0575396 -0.0592002 0.3245585 0.2463118 0.8005997 -0.0028931 0.0615010 -0.0967602 0.6521683 0.1106055 0.1670378 0.2076779 0.8828152 0.2678099 -0.0858969 0.1747617 -0.2364995 0.2313263 -0.2357195 0.1731377 0.6269904 0.2596523 -0.1383633 0.6637138 0.8077123 -0.3192361 0.3761285 0.1858791 0.0657357 0.3305084 0.2178276 0.7684323 0.0986879 0.5808045 -0.2400691 0.0233403 0.1858486 -0.1618410 -0.1441264 -0.3608300 -0.3805349 0.0020161 -0.0268775 0.1061349 0.2008315 -0.4246217 0.5020334 0.0617673 -0.1576303 0.1681848 0.5138905 0.3573107 0.3355291 -0.0072269 0.3117819 0.4429292 -0.3599733 -0.0004811 0.1252588 0.4414798 0.2429859 -0.2493699 -0.4893634 0.3157974 -0.0032659 0.4117397 0.0277772 -0.1460916 -0.1112552 0.0547590 -0.1289934 -0.2702317 0.1726216 0.5211211 0.2503629 0.4371413 0.2537924 -0.0345804 0.1181648 0.1378320 0.4204181 0.2802148 -0.4176930 0.7781663 0.6742017 0.0581146 0.4645529 -0.2415407 0.3606160 0.6894913 0.6926724 -0.2983644 0.4124566 0.3788958 -0.2853123 0.1494265 0.6841751 0.1170653 0.4975267 0.0413965 0.0529254 -0.1728185 -0.1000770 -0.5797868 0.1862089 0.5922182 0.3822912 0.5442280 0.1639184 0.0637863 -0.2312804 -0.6292385 0.1620727 -0.0649927 0.0132371 -0.2186572 0.2587945 0.1199671 0.2238260 -0.5831614 -0.0190777 -0.0648897 -0.2177029 -0.4633324 -0.0539871 -0.6616472 -0.4729092 0.1130919 0.0725812 -0.3341655 -0.1626323 0.4346561 0.4859775 -0.3843540 0.6809691 0.6208966 0.5067152 -0.5887707 0.1137627 -0.4297195 -0.4922913 -0.4352527 -0.4745001 -0.3500257 -0.2557452 0.3992236 -0.3336571 -0.5157892 -0.0380140 -0.1564361 -0.1162069 -0.2398704 -0.4684871 0.0414932 0.1797904 -0.2897841 0.1164083 0.1026965 -0.5132007 -0.2429196 0.4561968 0.3231534 0.3815092 0.7434555 0.1925569 0.0504808 0.4700325 0.3273817 0.5704509 -0.1348050 0.2514552 0.0514259 0.0381477 0.2093422 0.3532627 0.1962361 0.0258847 -0.1363251
0.7235493 0.6362996 0.0000000 0.5952452 0.6526771 0.4267403 0.4984864 0.6385347 0.3988729 0.4216961 0.2101113 0.5629304 0.6747185 0.3507001 0.4710065 0.1660561 0.3348259 0.4695636 0.2904507 0.5942273 0.5578061 0.6001418 -0.0516037 0.3179760 0.3672348 0.1666284 0.1695881 0.1953525 0.5202101 0.2334232 0.5736143 0.3469620 0.1654621 0.4465621 0.0723814 0.1215509 0.2693080 0.5245049 0.2229084 -0.0735028 0.5115295 0.2896617 0.1721554 0.1666483 0.5467960 0.2645289 0.2188428 0.4480520 0.4174339 0.4672810 0.1743333 0.1917949 0.5874550 0.1891300 0.5231762 0.5385717 0.2947535 0.2267290 0.2061730 0.2564281 0.6295814 0.0668804 0.3308516 0.4916263 0.4308472 0.1728675 0.2388286 0.1329638 0.4898624 0.3461988 0.3981588 0.6770514 0.0945532 0.5380538 0.0895232 0.1854175 0.3516748 -0.0793697 0.0532419 -0.0768783 -0.1299053 -0.0806530 0.1664268 0.2643392 0.2095706 -0.1152273 0.1442505 -0.0482302 -0.0052559 -0.0512932 0.4192096 0.4105647 0.0179114 -0.2609813 0.3178995 0.2248199 -0.2115987 0.0532373 -0.0503306 0.1676317 0.1492320 -0.1788232 -0.2288987 -0.0017384 0.3055240 0.4594580 -0.0146846 -0.1711829 0.0534161 0.0035691 0.0894758 -0.2227860 0.3079531 0.5055114 0.3484100 0.4914302 0.2262524 0.1712068 0.1903667 0.1474652 0.3963934 0.4060836 0.1711008 0.6255770 0.6929150 0.5114379 0.4541109 0.2041746 0.4499323 0.5202898 0.4309031 0.1548350 0.3098402 0.4789245 0.1659532 0.3682487 0.4100363 0.1873741 0.4634970 0.4570092 0.4962963 0.2141821 0.2164915 -0.3105698 0.3387842 0.6933892 0.5642244 0.7867240 0.4601571 0.4066659 0.2083634 -0.3785037 0.3859796 0.5048464 0.3829780 -0.1279050 0.4359363 0.5122367 0.3590119 -0.2490990 0.3815597 0.3390662 0.0552955 -0.1013555 0.3573895 -0.2359130 0.1159925 0.3449229 0.1433742 0.0908491 0.3220272 0.5395898 0.3761423 -0.2063094 0.3980434 0.4809581 0.4098751 -0.4068256 0.3750575 0.0319510 -0.1575377 -0.0931186 -0.0844250 -0.0900033 0.1408812 0.3738943 0.2405098 -0.0170525 0.2011132 0.1909178 -0.1149403 -0.1929235 -0.3389122 0.0634517 0.4706372 -0.1878151 -0.1972936 0.0008267 -0.2817886 0.2383360 0.4755920 0.1080926 0.0210702 0.2523458 0.6297244 0.2524212 0.7688836 0.3688326 0.5004389 -0.0205223 0.2134455 -0.4744562 0.4410204 0.3227842 0.2504818 0.3485499 -0.0099308 -0.0562896
0.4205013 0.9252997 0.5952452 0.0000000 0.4677459 0.9209425 0.8570704 0.7723389 0.7288432 0.8088668 0.6539908 0.7912554 0.3466929 0.6658579 0.6873624 0.4299015 0.3800278 0.5666501 0.5171432 0.0420292 0.3609176 0.5919704 0.1508615 0.5960007 0.4952134 0.2867623 0.1612212 0.3899044 0.7859531 0.5145834 0.3912998 0.1464715 0.4835875 0.8096143 0.3468720 -0.2652513 0.0189091 0.3476561 0.5079851 0.0605575 0.0893852 0.0179059 0.5547939 0.3593502 0.8359101 0.2501617 0.2861830 0.0039087 0.7838580 0.3563626 0.4067956 0.4150956 0.9559926 0.3926962 0.0254242 0.3559703 -0.1047206 0.3969141 -0.2181002 0.3927639 0.7067252 0.4345750 -0.0761063 0.7961140 0.8385728 -0.2572739 0.5740106 0.3044382 0.1525189 0.5121055 0.3850332 0.8529602 0.3093845 0.6951201 -0.1425600 0.2605646 0.3465156 -0.1394672 0.0750247 -0.2916272 -0.3283704 -0.1574405 -0.1719154 -0.1267504 0.0157103 -0.5004768 0.3317842 -0.1241718 -0.2716106 0.0156825 0.3975313 0.3225938 0.4314414 -0.2237942 0.1797993 0.3459236 -0.3758237 0.1065687 0.0170474 0.4367213 0.1044838 -0.2838128 -0.5124828 0.1921768 -0.0452953 0.3324113 -0.0403629 -0.1242500 -0.2004585 0.0416367 -0.2048855 -0.2325541 0.0694966 0.3952246 0.0128781 0.2308233 0.1129467 -0.1048641 0.0052803 0.1190868 0.3150771 0.1316148 -0.3041378 0.6768369 0.5195114 0.0845232 0.5727544 -0.1551300 0.3131173 0.7339928 0.7426604 -0.2018459 0.5139629 0.3815087 -0.2718855 0.2417624 0.7592231 0.1257674 0.5600979 0.0213673 0.1084950 -0.2320964 -0.1175957 -0.5276482 0.1835612 0.6252282 0.3957256 0.5222501 0.2036231 -0.0597592 -0.2810908 -0.6993296 0.0881561 -0.0437209 0.1526470 -0.1515379 0.2189707 0.1083560 0.2201484 -0.5566155 0.0325037 -0.0659448 -0.1675957 -0.4023587 0.0022225 -0.6692303 -0.3939838 0.1440490 0.1511465 -0.2741782 -0.1352788 0.3701100 0.5272463 -0.3669586 0.6532142 0.6072036 0.5493238 -0.5557554 0.1644930 -0.3449690 -0.4085131 -0.3673240 -0.4155383 -0.3105080 -0.2037489 0.5427180 -0.3109060 -0.5120615 -0.0052550 -0.0648910 -0.0282104 -0.2581290 -0.5085155 0.1297717 0.2640040 -0.2247418 0.0841878 0.1872353 -0.5138934 -0.1818989 0.4025628 0.2538209 0.2583697 0.6054458 0.0678047 -0.1189116 0.4416258 0.2433246 0.5257782 -0.2723164 0.1944125 0.0479728 -0.0954902 0.0063642 0.4345827 0.1599012 -0.0211528 -0.2156088
0.5363255 0.3475238 0.6526771 0.4677459 0.0000000 0.3851021 0.3546777 0.4757243 0.5140793 0.4317222 0.4174806 0.5170455 0.7504698 0.4085550 0.4102965 0.1558100 0.5400970 0.3413344 0.0219676 0.4226610 0.5992249 0.3628040 0.3464188 0.3673121 0.2716708 0.3277243 0.1130413 0.3172910 0.6137911 0.3413956 0.3662750 0.4132238 0.3706134 0.4990089 0.3401262 0.2972527 0.1723492 0.5284421 0.4725745 0.3999793 0.4411365 0.4229111 0.4479519 0.3808374 0.4551901 0.4859732 0.4767496 0.3784129 0.4805065 0.6064158 0.4942753 0.5719558 0.5324320 0.4482804 0.5908770 0.6273648 0.4504407 0.3702760 0.2998019 0.5212176 0.6456753 0.3658159 0.5035988 0.4430289 0.3296711 0.4217325 0.4268807 0.2534775 0.6197366 0.3946059 0.5472661 0.5142139 0.4430852 0.5077490 0.4001221 0.4616234 0.4673841 0.1999065 0.5548439 0.2034410 0.1850734 -0.1667624 0.1240847 0.0911120 0.0517059 -0.1291877 -0.4175306 -0.2005425 -0.0935866 -0.0911166 0.1490543 0.3051261 0.2636776 -0.3318813 -0.0061900 -0.0271023 -0.1195362 0.3203487 -0.0360647 0.3468239 0.0381877 -0.0885188 -0.0291824 0.0999187 0.3935373 0.2833785 0.1285823 0.2630127 0.0476427 0.2235574 0.0142794 -0.0025275 0.4397563 0.4237117 -0.0458237 0.0829773 -0.0632262 0.0855118 -0.1012386 -0.0285615 0.1277741 0.0977337 0.4927663 0.3960716 0.3721544 0.5979774 0.7274129 0.4405770 0.5399496 0.6157417 0.5040699 0.4072703 0.5558183 0.5610862 0.2384790 0.6254878 0.3948875 0.5741738 0.3407853 0.5103541 0.4156067 0.3362160 0.3032302 -0.0726017 0.3378264 0.8009287 0.5859206 0.6210827 0.4069525 0.2769552 0.2547261 -0.2178020 0.5426467 0.4768979 0.6657169 0.2479960 0.3539452 0.6360584 0.2981755 0.0079951 0.6839440 0.5454657 0.3209059 0.0245603 0.6357420 0.0670460 0.3849910 0.1686458 0.1441388 0.3037349 0.4420509 0.3395655 0.0377210 -0.0131053 0.2997240 0.4547245 0.3827470 0.0302261 0.3816760 0.2632373 0.1965943 0.1779054 0.1942908 0.1907521 0.3046207 0.6270237 0.4321645 0.1279264 0.2474772 0.4364000 -0.0613567 -0.0425645 -0.0963861 0.1822062 0.4489047 0.0087700 -0.2841807 0.1820327 0.0423876 0.4204063 0.2441207 -0.5110829 -0.3337034 -0.1990801 0.5042390 0.1149846 0.4132764 0.0791358 0.0292591 -0.5344419 0.2104544 -0.2643263 0.3387616 -0.1105532 0.3253253 0.1184706 -0.2033448 -0.1968599
0.2138603 0.8538424 0.4267403 0.9209425 0.3851021 0.0000000 0.9485340 0.6323774 0.8347497 0.8233995 0.5719515 0.8190759 0.2141838 0.7473108 0.7758302 0.3017303 0.2051959 0.6921907 0.3977348 -0.0675219 0.2629664 0.5069298 0.0771306 0.7356957 0.4007918 0.2429903 -0.0588622 0.5843691 0.7248093 0.6394707 0.2742210 0.0827033 0.6501002 0.8617188 0.3326601 -0.4490882 -0.0978920 0.2699014 0.5669671 0.1958029 -0.0115517 -0.1756595 0.5803729 0.4234291 0.7658622 0.2992013 0.2740868 -0.0799964 0.7630635 0.2695290 0.4283640 0.3993137 0.9190328 0.2274145 -0.0945086 0.3586001 -0.1767262 0.1943750 -0.3732820 0.3547720 0.5255590 0.3752250 -0.0191044 0.6916249 0.8184206 -0.2917107 0.5100643 0.1131432 0.1788486 0.3257218 0.2462871 0.7839247 0.2149209 0.5933670 -0.2153591 0.0729668 0.1996328 -0.1664700 -0.0204537 -0.3417778 -0.3759865 -0.0872170 -0.2410500 -0.1877220 0.0923531 -0.6052062 0.1914441 -0.0038155 -0.3774512 -0.0139909 0.2980609 0.3386842 0.4716479 -0.0781200 -0.0204423 0.1299500 -0.4312340 -0.0150866 -0.0882694 0.5015349 0.0191807 -0.3525488 -0.5905123 0.2148165 -0.0957404 0.1013990 -0.1473323 -0.1829100 -0.3157559 -0.0615557 -0.3412272 -0.3407458 0.0186168 0.2248959 -0.0450785 0.2119063 0.1012628 -0.1336595 0.0502419 0.0697272 0.2478102 0.0558435 -0.4371400 0.6022960 0.4570675 -0.0338936 0.4904793 -0.3640489 0.2963596 0.6736135 0.7086398 -0.3763460 0.4063589 0.3228157 -0.4576192 0.0248580 0.6662052 0.0595726 0.3731485 -0.1535514 -0.1426440 -0.3953187 -0.3057611 -0.5875852 -0.0300957 0.4726038 0.1577082 0.2609641 -0.0514973 -0.2374028 -0.4358440 -0.7871547 -0.0922381 -0.2935402 -0.0764306 -0.1898081 0.0386579 -0.1160889 0.1071299 -0.6816874 -0.1773801 -0.2528204 -0.2542095 -0.6006502 -0.2055112 -0.7626157 -0.5197187 -0.0621426 0.0018231 -0.4722387 -0.3288199 0.1443326 0.4463036 -0.3685175 0.7768997 0.6193138 0.6054213 -0.5217312 0.0398430 -0.5085223 -0.4899104 -0.5215595 -0.5549245 -0.4400032 -0.3323110 0.4938550 -0.3988854 -0.5498618 -0.1242955 -0.1461493 -0.0659063 -0.2694335 -0.5019530 0.0403840 0.1473952 -0.2234205 0.1621257 0.2211024 -0.5382575 -0.2130342 0.2643008 0.1909295 0.2672268 0.5652474 -0.0548674 -0.1334179 0.2318872 0.1964910 0.3817252 -0.3499393 0.1544449 0.0649724 -0.2230155 0.0159858 0.3745446 0.0345571 0.0309085 -0.2690850
0.1678283 0.8194218 0.4984864 0.8570704 0.3546777 0.9485340 0.0000000 0.6215675 0.7562647 0.6897845 0.4023254 0.8550862 0.1744784 0.6743925 0.7590008 0.1650463 0.0766269 0.7427024 0.3243545 -0.0925121 0.3305450 0.4397963 -0.1178502 0.7337315 0.2832865 0.1194649 -0.2016561 0.5682156 0.6833412 0.5929736 0.2480518 -0.0400194 0.6089482 0.8319667 0.1773371 -0.4819060 -0.1380966 0.2176746 0.4803505 0.1319755 -0.0288577 -0.1998368 0.4308186 0.3750120 0.6888186 0.1917989 0.1304083 -0.1005858 0.6766471 0.1729080 0.2710844 0.3193268 0.8794836 0.1203267 -0.1160824 0.2979599 -0.2260548 0.1028078 -0.3476058 0.1900997 0.5148421 0.2119996 0.0051035 0.6452290 0.8206550 -0.3356852 0.3625478 -0.0012349 0.2136741 0.2488540 0.1399578 0.8384442 0.0751534 0.6426342 -0.2250756 -0.0188828 0.2223153 -0.1785532 -0.1119697 -0.2788316 -0.3877667 -0.0366233 -0.2348371 -0.2062444 0.1196244 -0.6224590 0.1648184 0.0443187 -0.4311716 -0.0291406 0.2616293 0.3253077 0.3685677 -0.0923741 -0.0629615 0.0189411 -0.4259719 -0.0425751 -0.0728384 0.4868787 0.0824049 -0.3493039 -0.6166884 0.2151653 -0.0950257 0.0951234 -0.1975553 -0.2671718 -0.2697939 -0.1750323 -0.2460779 -0.4731863 0.0251723 0.1915853 -0.0585919 0.2196234 0.0157890 -0.1180724 -0.0032371 -0.0281084 0.1216348 0.0201449 -0.4955002 0.5746931 0.4379204 0.0003824 0.4126441 -0.3802085 0.2857728 0.6402784 0.6482941 -0.3400308 0.3354509 0.2341098 -0.4465828 -0.0247713 0.5942849 0.0422606 0.2860918 -0.1100003 -0.1402307 -0.4005256 -0.3293520 -0.6467061 -0.0730615 0.4517403 0.0929805 0.2195961 -0.0957943 -0.2442542 -0.4194507 -0.7927542 -0.1332703 -0.2565186 -0.1209989 -0.3247440 0.0557370 -0.1669755 0.0901459 -0.6844054 -0.1788684 -0.2799508 -0.3190873 -0.5933601 -0.2382989 -0.7717961 -0.5049394 -0.1055936 -0.0176453 -0.4782875 -0.3139730 0.0862944 0.4548216 -0.2289559 0.8772758 0.7455806 0.7295319 -0.4433370 0.0954793 -0.4949962 -0.5137718 -0.5807193 -0.5854565 -0.5104640 -0.3510989 0.5090073 -0.3623455 -0.5364828 -0.0829362 -0.0606241 -0.1893129 -0.1820395 -0.4314539 -0.0521767 0.1050080 -0.2465460 0.2539518 0.2517962 -0.5002437 -0.1469593 0.2288750 0.1994678 0.2984391 0.6042427 -0.0417766 -0.1333013 0.2163824 0.1672177 0.3421799 -0.2078052 0.2089009 0.0654138 -0.2157390 0.0993587 0.3499289 -0.0435370 0.1603722 -0.1644200
0.4674097 0.6822712 0.6385347 0.7723389 0.4757243 0.6323774 0.6215675 0.0000000 0.5088778 0.6748827 0.7161084 0.5756381 0.5257443 0.3895841 0.5300593 0.6600474 0.5776688 0.3790480 0.7455491 0.1975101 0.4218841 0.5455666 0.3648417 0.4448730 0.6798868 0.6045312 0.1683696 0.2168876 0.8514121 0.1888727 0.4739517 0.2922260 0.4065330 0.6474964 0.4751904 0.0664641 0.3108863 0.5108267 0.4299605 0.1347575 0.2181842 0.3922772 0.4952293 0.5109003 0.7950308 0.3645596 0.4352056 0.0750988 0.7172048 0.4304714 0.4220021 0.4144384 0.7474809 0.5434036 0.0589524 0.3559382 0.0985718 0.5649613 0.1098402 0.3520837 0.8033530 0.5066203 -0.1401810 0.8585980 0.8056494 -0.1206890 0.6220278 0.5506242 0.2888131 0.7369013 0.5440839 0.8421357 0.4344967 0.8151163 0.2124816 0.5444415 0.6984328 0.0443531 0.2616481 -0.1110658 -0.2308438 -0.0184810 0.0597726 -0.0950657 -0.1687226 -0.2478637 0.1489572 -0.2994274 -0.2141900 0.0970710 0.3384155 0.1973366 0.2361988 -0.3978808 0.2682636 0.4198585 -0.3001796 0.3135173 0.0456052 0.5836842 0.2929033 0.0226337 -0.1658497 0.2638288 0.0729669 0.5444275 0.2147902 0.0453473 0.1499453 0.2968441 0.1447725 -0.0403027 0.2974458 0.5147470 -0.1150160 0.3186678 0.1344661 -0.1447313 -0.1341343 0.0417508 0.1850642 0.1764996 -0.1152845 0.5746144 0.3115151 0.3700271 0.4798687 0.0560023 0.3086153 0.6070401 0.5596866 0.0781123 0.3792326 0.3361421 -0.1721823 0.3051113 0.5679191 0.2608574 0.5422090 0.2290627 0.2961899 0.0546100 -0.1459353 -0.3222103 0.2739826 0.5569160 0.5120118 0.5257689 0.2471569 0.1104816 -0.0725848 -0.3346863 0.3178666 0.1783698 0.3433499 0.0794568 0.1832538 0.2928561 0.0401540 -0.2972619 0.2301547 0.2043968 0.2179449 -0.2139829 0.2101856 -0.2367596 -0.0991219 0.2390538 0.1454980 -0.0433080 0.1961994 0.4346993 0.5982095 0.0059573 0.5758590 0.5519153 0.3018914 -0.4088259 0.1002646 -0.0859843 -0.2147491 -0.0723641 -0.0927374 -0.0606911 0.0718089 0.5884313 -0.2008241 -0.4443819 0.2893952 0.1537002 -0.0539698 -0.0672867 -0.2935257 0.0405095 0.3106158 -0.2236946 0.0070424 0.3823350 -0.4017861 0.0886755 0.2655943 0.2326423 0.4027529 0.3843340 0.0263087 -0.2830373 0.3521156 0.3214912 0.2394261 -0.2489510 0.0856629 -0.0239455 -0.1807522 -0.1372221 0.2119810 0.1511041 0.0555650 -0.0356811
0.1197676 0.6078793 0.3988729 0.7288432 0.5140793 0.8347497 0.7562647 0.5088778 0.0000000 0.8989036 0.5376012 0.8181285 0.3157861 0.9248627 0.9042394 0.1968039 0.1617297 0.8372415 0.2581766 0.1120694 0.4089583 0.5043752 0.1668670 0.8978906 0.3287734 0.2361823 -0.0265625 0.8645821 0.7698822 0.8777236 0.2986970 0.2222843 0.8843941 0.9054622 0.3695315 -0.3186926 -0.0506135 0.4235676 0.8241651 0.5730097 0.1810579 -0.2225892 0.6710856 0.6346103 0.6363870 0.4602053 0.3897547 0.1235856 0.7824380 0.4270118 0.5117670 0.5833270 0.8218866 0.2312609 0.1283665 0.5372296 -0.0308393 0.1355120 -0.4000323 0.4010587 0.3208708 0.4445685 0.1832705 0.6272566 0.6799307 -0.0710651 0.5675956 0.0442151 0.4152465 0.2587087 0.3289180 0.6947861 0.2855798 0.4767484 0.0217603 0.0460529 0.1134946 -0.0486913 0.1557660 -0.2587017 -0.1525933 -0.0290793 -0.2195636 -0.2319435 -0.0333097 -0.4285279 -0.0504405 0.0034244 -0.1808118 -0.0675327 0.3643583 0.4870231 0.5523564 -0.2454256 -0.0524797 0.0226701 -0.2324626 0.0419166 -0.2484660 0.4130548 -0.1446793 -0.2903034 -0.3947356 -0.0682340 0.2097232 -0.0082998 -0.1325110 -0.1263274 -0.2433978 -0.0744233 -0.3067374 -0.3254986 -0.0137632 0.1585132 -0.1183837 0.2337819 0.1731841 -0.1178868 0.1401944 0.0047052 0.2357150 0.2189163 -0.1662899 0.4661322 0.3283159 0.2653081 0.5178307 -0.0403397 0.4245604 0.4690132 0.4957628 -0.1560093 0.3444176 0.3264631 -0.3643394 0.1796323 0.4145132 0.1400225 0.0991566 -0.0049481 0.0956979 -0.2051281 -0.1450174 -0.4220839 -0.0234258 0.4381245 0.1558867 0.2790861 0.0249246 -0.0791664 -0.3307407 -0.6183758 -0.0764890 -0.0514176 0.0460588 -0.0066589 0.1258992 0.0568615 0.1118318 -0.5311516 0.0285246 -0.1014704 -0.0604369 -0.4289926 -0.0219931 -0.5657816 -0.1770280 0.0459545 0.0455128 -0.2876997 -0.0434116 0.0746171 0.2787917 -0.3560117 0.5250829 0.4315085 0.5226657 -0.4225212 0.0508138 -0.3775721 -0.4326086 -0.5182514 -0.4993588 -0.4625238 -0.2216802 0.3306611 -0.2572451 -0.3927446 -0.0326191 -0.0579890 -0.1193752 -0.1915018 -0.3537188 0.0124194 0.2922464 -0.1107971 0.0745555 0.2565366 -0.3879340 0.0801750 0.3927698 -0.0365489 0.1264692 0.2571899 0.0153399 -0.0283130 0.1522719 0.3520120 0.3622909 -0.3874010 0.1425856 -0.1053339 -0.1189347 -0.0217164 0.2525479 0.1963918 0.1287058 -0.1533965
0.3373390 0.6810093 0.4216961 0.8088668 0.4317222 0.8233995 0.6897845 0.6748827 0.8989036 0.0000000 0.7263905 0.6909915 0.4126366 0.8300537 0.7764711 0.4513764 0.4178247 0.6547757 0.5107712 0.1732037 0.3136219 0.6419436 0.3388673 0.7310681 0.5516834 0.4595808 0.2582697 0.6624567 0.8147638 0.6864740 0.4380450 0.3519931 0.7675713 0.8628436 0.5323306 -0.2394140 0.1088666 0.5831922 0.7899911 0.4531990 0.2610377 -0.0496846 0.7808835 0.6783085 0.7826751 0.5035274 0.4809886 0.2144096 0.8587410 0.5385158 0.5674105 0.6288394 0.8469841 0.4349742 0.1522226 0.4831132 -0.0103404 0.3570542 -0.3299874 0.4651657 0.4303993 0.5909361 -0.0254131 0.7501277 0.7484187 -0.1207500 0.6815429 0.3073553 0.2780778 0.4534923 0.4112480 0.6872166 0.4293395 0.5433149 0.0329563 0.2104069 0.1678936 -0.1503687 0.1372198 -0.4406628 -0.3204502 -0.0740285 -0.0966674 -0.1764714 -0.1750595 -0.2822478 0.1155385 -0.1737491 -0.0729492 0.0521651 0.3517392 0.2908211 0.4722582 -0.3538860 0.1735049 0.2901485 -0.3162819 0.1651243 -0.1226801 0.3985548 -0.0463300 -0.1151199 -0.2915999 -0.0342024 0.1243692 0.1660133 0.0408959 -0.0580607 -0.1007865 0.1082079 -0.1778627 -0.1389869 0.0534484 0.2988669 -0.0899129 0.2756782 0.1574983 -0.1369135 0.0915540 0.1592506 0.3732951 0.2635585 -0.2404153 0.5528795 0.3598695 0.1807659 0.4844135 -0.0392572 0.1837716 0.4783812 0.4898056 -0.1631233 0.3400704 0.3371929 -0.3101603 0.2212970 0.5041154 0.0283342 0.2888177 -0.1085195 0.2011865 -0.2798921 -0.1781294 -0.5050865 0.1582641 0.4068739 0.2793672 0.3598590 0.1029485 -0.1519922 -0.4265635 -0.6229731 0.0179537 -0.0575826 0.0870900 -0.0492165 0.0521147 0.1170006 0.0540114 -0.5815756 -0.0267461 -0.1045982 -0.0001011 -0.4650588 -0.0279434 -0.5601166 -0.2246984 0.1043146 0.0495183 -0.3105159 -0.0396010 0.2045736 0.4358481 -0.3735552 0.4969685 0.4068505 0.3472266 -0.5804884 -0.0464077 -0.3650828 -0.4170115 -0.4130432 -0.4317584 -0.3857186 -0.2373125 0.4059165 -0.3512223 -0.4810622 -0.0577155 -0.1822539 0.0462335 -0.3348520 -0.4775503 0.0242291 0.3022843 -0.2176781 0.0215349 0.2469295 -0.5791652 -0.0825896 0.3874871 0.1958580 0.2794149 0.3925859 0.0203284 -0.2109407 0.2164865 0.4197682 0.3981137 -0.4628922 -0.0294980 -0.1588934 -0.2447376 -0.2208536 0.1126971 0.2365286 0.0569382 -0.1281494
0.3215416 0.4814712 0.2101113 0.6539908 0.4174806 0.5719515 0.4023254 0.7161084 0.5376012 0.7263905 0.0000000 0.4460757 0.4034127 0.4641284 0.4358181 0.8254856 0.7636655 0.1516553 0.6970318 0.0273291 0.2429746 0.4322182 0.7382904 0.3983619 0.7021236 0.7494644 0.1770055 0.2481776 0.7418849 0.2511751 0.2791453 0.4560886 0.4688245 0.5606979 0.7366448 0.0611929 0.2979659 0.4805606 0.5783327 0.3534302 0.1129753 0.3181318 0.7331250 0.5434633 0.6657709 0.4679842 0.6587547 0.0475881 0.7383753 0.4397372 0.7166157 0.5331848 0.6271102 0.6462693 0.0788666 0.3387865 0.2077683 0.6373426 -0.0084491 0.6114003 0.6135445 0.7083713 -0.0748099 0.6970887 0.6002484 0.0447224 0.7485535 0.6165424 0.2037946 0.7139350 0.6299400 0.5313953 0.6484483 0.5598838 0.3291057 0.6157256 0.4979101 0.2086648 0.4961907 -0.1068268 -0.0517200 0.0178346 -0.0480473 -0.1953823 -0.2406146 -0.1221304 0.0524044 -0.1838286 -0.0895565 0.2029222 0.2530589 -0.0025447 0.3092437 -0.2253854 0.1935576 0.3796867 -0.2945886 0.2921577 0.0866777 0.5878362 0.1731608 0.1160249 -0.0645011 0.2744362 -0.1287299 0.3040276 0.2613871 0.1892724 0.0835502 0.3488953 0.0175850 0.0841252 0.2214917 0.3851325 -0.1663397 0.0560394 0.0297824 -0.1654457 -0.2425456 0.0179261 0.1262446 0.0064319 -0.0357497 0.3969374 0.0798308 0.1265269 0.4277525 0.0004493 0.1368257 0.4528339 0.4154472 -0.0280753 0.2955975 0.3211182 -0.3992684 0.2196471 0.4266633 0.2036864 0.3755447 0.0380641 0.1115447 -0.0587313 -0.3132594 -0.1092565 0.1897021 0.4507458 0.3028116 0.2845501 -0.0025816 -0.1035818 -0.2148144 -0.2341826 0.1064896 -0.0062388 0.1796916 0.3919793 -0.1177627 0.2106795 -0.1593155 -0.2669252 0.0795090 0.0693999 0.4509936 -0.2937976 0.0931533 -0.0756624 -0.1110450 0.1246051 0.0345760 -0.0912968 0.1060978 0.2097005 0.3969282 0.0264624 0.3673932 0.2574107 0.1836960 -0.2262402 0.0499372 -0.0714220 -0.0823143 0.0181583 -0.0064110 0.0445752 -0.0065103 0.5208409 -0.2993977 -0.4048447 0.1978831 -0.0125799 0.0491123 -0.0759616 -0.1817018 0.0607184 0.1257056 -0.0976603 0.1388446 0.4862436 -0.3010798 -0.1044541 0.2489965 0.1850413 0.0986834 0.1137883 -0.0738900 -0.2788354 0.0839969 0.1851181 0.1056030 -0.3990483 -0.1075522 0.1958632 -0.2636130 -0.4939849 0.1625151 -0.0176130 -0.2500790 -0.2296217
0.1445375 0.6877641 0.5629304 0.7912554 0.5170455 0.8190759 0.8550862 0.5756381 0.8181285 0.6909915 0.4460757 0.0000000 0.2567953 0.7139778 0.8439586 0.1086014 0.1085142 0.7308291 0.2361981 -0.0071635 0.7139225 0.3871939 -0.0610659 0.7701493 0.2187343 0.1006116 -0.2194098 0.6314323 0.7666810 0.6985564 0.1569294 0.1017703 0.6356052 0.7963127 0.1842222 -0.1414840 -0.0453765 0.3194304 0.5770891 0.2334279 0.0209617 -0.0239009 0.4564578 0.3609272 0.6595063 0.2978559 0.3243532 0.0121829 0.6389767 0.3694214 0.4345369 0.4263745 0.8442342 0.1089814 0.1430183 0.5116494 0.0522354 0.0802360 -0.1554987 0.3847644 0.5762522 0.2456092 0.2275634 0.5537104 0.6649960 -0.0425684 0.4249173 -0.0666854 0.3865520 0.2394662 0.2425516 0.8580808 0.1206001 0.6144485 -0.1159739 0.0823279 0.2900150 -0.0925421 0.1284047 0.0037746 -0.0333255 -0.1419527 -0.3396506 -0.3327819 0.0306016 -0.4943119 0.1071882 -0.0268144 -0.2596413 -0.1600657 0.4431870 0.5217495 0.4841555 -0.2713697 0.0059245 -0.0366659 -0.1930511 0.0344884 -0.1698962 0.3567371 -0.0704406 -0.3331600 -0.4929583 -0.0114325 0.0320875 0.0505743 -0.2426881 -0.2506126 -0.2767141 -0.1984882 -0.2538252 -0.4020830 -0.0820609 0.1475062 0.0101665 0.1023031 0.1372285 -0.0016745 0.0395548 -0.0019598 0.0966324 0.0728212 -0.1809187 0.4021585 0.3524264 0.2993885 0.4557601 -0.0713636 0.4577039 0.4916677 0.4752650 -0.1949351 0.3356007 0.3002900 -0.4309471 0.1510104 0.4163452 0.1584530 0.1425115 0.2031072 0.0952064 -0.1324670 -0.0797145 -0.3663117 -0.0687811 0.5056585 0.0856154 0.3034820 0.0565106 -0.0146421 -0.0908592 -0.5672368 -0.1654556 0.1037388 0.0353821 -0.1015038 0.2747904 -0.0059804 0.2894011 -0.3652521 0.0677193 -0.0399973 -0.1498316 -0.2480618 -0.0041974 -0.5663914 -0.1529201 0.1314875 0.1380370 -0.1314265 -0.0449568 0.1554653 0.4921613 -0.1749895 0.6530338 0.5873595 0.8637032 -0.2290628 0.4918539 -0.1382223 -0.2539811 -0.3679583 -0.3195548 -0.3128870 -0.0456520 0.3799634 -0.1239269 -0.3137476 0.1088889 0.1787836 -0.1297090 -0.0192044 -0.3146916 0.1517592 0.3887459 0.0440265 0.2861521 0.2598832 -0.2304774 0.1669556 0.4805255 0.0459275 0.0412962 0.3705977 -0.0132353 0.0453963 0.3321362 0.1091076 0.4860388 -0.1067078 0.2478855 0.0381924 -0.0497210 0.0519616 0.4523283 0.0360984 0.0075115 -0.2685565
0.7839031 0.2446384 0.6747185 0.3466929 0.7504698 0.2141838 0.1744784 0.5257443 0.3157861 0.4126366 0.4034127 0.2567953 0.0000000 0.2068778 0.3366890 0.3273268 0.7379714 0.2321816 0.2564445 0.7621867 0.3704306 0.6833450 0.4964647 0.2465437 0.6045259 0.5953517 0.3928317 0.1948409 0.5044972 0.0648868 0.6953042 0.7863170 0.2613645 0.2803750 0.6016827 0.2575765 0.6177662 0.8425661 0.3223659 0.1757656 0.8049011 0.4270479 0.5886644 0.3622068 0.4062097 0.6380919 0.5980555 0.7459328 0.4477206 0.7315756 0.5425644 0.4325753 0.3135170 0.4761234 0.7736766 0.7125770 0.6456315 0.5502256 0.3381780 0.5884232 0.5211470 0.5275494 0.4573944 0.4816222 0.2034675 0.5041740 0.5431883 0.5578688 0.5222750 0.5968424 0.6507761 0.3437770 0.6213581 0.4146278 0.3740510 0.5337748 0.3892111 0.1434786 0.5323695 0.0421364 0.0990968 -0.2792361 0.1470065 0.0834785 -0.0405401 0.0170153 -0.1412322 -0.3629698 -0.0948110 -0.1740048 -0.0807466 0.1272437 0.0409344 -0.4351401 -0.0093708 0.0154975 -0.2705712 0.1137066 -0.2872445 0.2121221 -0.0719933 -0.0758321 0.0383024 -0.0501078 0.1659967 0.1422432 0.1444915 0.0894224 0.0040235 0.2704836 -0.0442044 0.1373940 0.2863142 0.3482741 0.0137500 0.3644991 0.0995106 0.0028001 0.0702608 0.1055437 0.2476750 0.2898212 0.4309540 0.3127400 0.4486480 0.3732612 0.4231055 0.3540231 0.2622744 0.3629031 0.2760687 0.3188464 0.2468360 0.6740866 0.2541869 0.4721588 0.2554054 0.1294652 0.4476151 0.1695207 0.4541625 0.1053831 0.1848089 -0.1540350 0.2414119 0.6345883 0.5971127 0.6060192 0.4033670 0.0707776 0.1154115 -0.1793504 0.4906978 0.4552399 0.6224295 0.2501196 0.1110268 0.5430472 0.0179033 -0.0768139 0.5131295 0.3440249 0.4635901 -0.0603921 0.5066012 0.1459748 0.3580688 0.2021881 -0.0197762 0.1614197 0.4029467 0.3607947 0.3541083 -0.1635544 0.1166859 0.1975746 0.0786167 -0.1777969 0.2071941 0.2669223 0.2596225 0.2455356 0.1662871 0.1707046 0.3455435 0.5225595 0.4470562 0.2730866 0.2341708 0.2583289 0.0895953 -0.1878911 -0.1565854 0.3002150 0.3652834 0.0403110 -0.2737713 0.0262221 -0.0992010 0.1850431 0.3291232 -0.1554921 -0.2606701 -0.1352238 0.5979522 0.1418056 0.5489931 0.3366151 0.0323677 -0.3451849 -0.0754550 -0.5512854 0.4293954 -0.1497132 0.0919342 0.3201891 -0.1404697 -0.0592079
0.0773737 0.6043321 0.3507001 0.6658579 0.4085550 0.7473108 0.6743925 0.3895841 0.9248627 0.8300537 0.4641284 0.7139778 0.2068778 0.0000000 0.7724716 0.1660608 0.0876905 0.8141453 0.2286604 0.0159822 0.2694527 0.4449407 0.1157777 0.8471871 0.2295883 0.0771953 0.0010420 0.8638107 0.6490443 0.9464711 0.2727874 0.0847296 0.8552693 0.8917311 0.2654411 -0.4449403 -0.2016692 0.2861811 0.8675465 0.5848901 0.1250258 -0.4288677 0.5931772 0.6506325 0.5198666 0.2478668 0.2116067 0.0437626 0.7762234 0.2284390 0.3535057 0.5643673 0.7784530 0.2643452 0.0379825 0.3421406 -0.2242030 0.1191220 -0.6229382 0.2365782 0.1362490 0.3859241 0.0546076 0.5502676 0.6309111 -0.1965590 0.4479917 0.0166224 0.2641254 0.1603568 0.1909136 0.5796886 0.1855182 0.3170783 -0.0586465 -0.0893931 -0.1003188 -0.1340116 -0.0064270 -0.4399988 -0.2820626 0.0937947 -0.0996101 -0.1409486 0.0517419 -0.3124706 0.0367507 0.1693346 -0.0446061 0.0650013 0.4738512 0.5101173 0.5741809 -0.1339237 -0.0010618 0.1086429 -0.1133147 0.0685441 -0.1527814 0.2820998 -0.0810624 -0.1682093 -0.3306503 -0.0899540 0.2890776 0.0088914 -0.0342921 -0.0917264 -0.1514116 -0.0655067 -0.2111727 -0.3299382 -0.0206143 0.2164981 -0.0596096 0.2626628 0.1358897 -0.0747193 0.1917033 0.0330621 0.2995431 0.2949033 -0.2137185 0.5618222 0.3868311 0.1693435 0.4754803 0.0380266 0.3546359 0.4363384 0.4846827 -0.0552584 0.3747903 0.2070944 -0.3288387 0.2538567 0.4121831 0.1858057 0.0898569 -0.0681471 0.2276149 -0.2176748 -0.1262280 -0.4466125 0.1461908 0.4249576 0.2450349 0.3689250 0.0714419 -0.0516196 -0.4300701 -0.6066727 -0.0315082 0.0244821 0.0053085 -0.0746753 0.1700101 0.1791574 0.0656660 -0.5743451 0.0537511 -0.0862649 -0.0447607 -0.4272670 0.0196308 -0.5534828 -0.1413317 0.1357315 0.1764924 -0.2558508 0.0855023 0.1780824 0.1440408 -0.3723154 0.4700805 0.4221338 0.4652108 -0.4359249 -0.0667658 -0.5029928 -0.5914647 -0.6730429 -0.6506816 -0.6336830 -0.4514346 0.1762863 -0.4348980 -0.5279550 -0.2035443 -0.2786824 -0.1652853 -0.3015433 -0.3906072 -0.1247030 0.1555283 -0.2249861 0.0922627 0.1398933 -0.4955956 -0.0087525 0.4045544 0.0801827 0.1868568 0.3270990 0.1320520 -0.0546861 0.1401743 0.3983118 0.4023170 -0.2650387 0.2118506 0.0098130 -0.0774008 0.0702275 0.2354217 0.1254276 0.2216610 -0.0375663
0.1499029 0.5442670 0.4710065 0.6873624 0.4102965 0.7758302 0.7590008 0.5300593 0.9042394 0.7764711 0.4358181 0.8439586 0.3366890 0.7724716 0.0000000 0.1853827 0.0898709 0.8751793 0.2879889 0.2478905 0.4514223 0.5585971 0.0956574 0.9267058 0.3715522 0.2487688 -0.1231687 0.8267489 0.6982300 0.7339327 0.3469895 0.3286095 0.7999617 0.7736351 0.3687795 -0.3332690 0.1800710 0.4640871 0.6420577 0.3924941 0.2422669 -0.2145482 0.5917845 0.4666040 0.5257282 0.5402806 0.4372180 0.2167820 0.6950774 0.4504076 0.5288917 0.3865037 0.7265507 0.0722713 0.1841888 0.6411674 0.1285650 0.1299509 -0.3215149 0.4528721 0.3206205 0.3627586 0.2823138 0.6345231 0.5848186 -0.0335920 0.5726038 0.0308462 0.4510079 0.3456185 0.4352530 0.7388150 0.2635881 0.5144534 0.0050250 0.1033212 0.2486045 0.0383226 0.1946783 -0.0876755 -0.0437650 -0.0975100 -0.3875404 -0.3281648 -0.0254512 -0.5294598 0.0295997 -0.0104635 -0.3316239 -0.2598925 0.2833794 0.5140461 0.3877802 -0.2549594 -0.1526610 -0.0889297 -0.2874253 -0.1906254 -0.4385628 0.3388248 -0.2298796 -0.5032586 -0.5357443 -0.1723353 0.0257502 -0.0967827 -0.3618095 -0.3622665 -0.3976182 -0.2796022 -0.4080503 -0.4623710 -0.2238443 -0.0150475 -0.1238064 0.2486515 0.2439239 -0.2084590 0.1639688 -0.0792052 0.1164084 0.1801019 -0.1485235 0.3101900 0.2640278 0.2281232 0.3790513 -0.1663817 0.4576294 0.3741648 0.4101024 -0.2454768 0.1886258 0.3409945 -0.4174818 -0.0178697 0.3520604 -0.0599387 0.1067249 -0.0059174 0.0035329 -0.2309552 -0.2387632 -0.3530087 -0.2092515 0.3647367 0.0483411 0.2302512 -0.0238017 -0.0640620 -0.2440000 -0.5952951 -0.2567238 -0.0545722 -0.0084942 0.0079715 0.0427749 -0.1032956 0.0505607 -0.5037682 -0.0790032 -0.2141050 -0.0925590 -0.3755730 -0.1414695 -0.5730007 -0.2421395 0.0632365 -0.0233857 -0.3153822 -0.1318992 -0.0082860 0.4467763 -0.3641447 0.4784470 0.3254461 0.5489443 -0.4383436 0.1559926 -0.3228265 -0.3936403 -0.4864723 -0.4875416 -0.4472804 -0.1156230 0.2647264 -0.1773299 -0.2750982 0.1012979 0.0448272 -0.1840271 -0.0791465 -0.2999197 0.0754349 0.2892465 -0.0105971 0.1437879 0.2621039 -0.3002776 0.0674711 0.4479000 0.1066723 0.0305839 0.2033642 -0.0085620 0.1028918 0.2734463 0.4010405 0.4722152 -0.1023513 0.0774661 -0.1739883 -0.0137761 0.1344006 0.3470334 0.3125083 0.1672377 -0.1474236
0.4138504 0.3738766 0.1660561 0.4299015 0.1558100 0.3017303 0.1650463 0.6600474 0.1968039 0.4513764 0.8254856 0.1086014 0.3273268 0.1660608 0.1853827 0.0000000 0.7265900 -0.0945375 0.8992516 0.1631073 -0.0406007 0.4914769 0.7906461 0.1450413 0.8407726 0.8272580 0.2589012 -0.0316805 0.5285315 -0.0526225 0.4570238 0.4475694 0.1978872 0.3172617 0.7324707 0.1017852 0.5380538 0.3552229 0.3445182 0.2143929 0.1850495 0.3461240 0.5027167 0.4698571 0.5179690 0.3007361 0.5285504 0.0081462 0.6172658 0.1797320 0.5302876 0.2832032 0.3763059 0.6966793 -0.0676838 0.0506968 0.1621562 0.7470380 0.0226634 0.4432756 0.4819449 0.6777962 -0.3334991 0.6622734 0.4437009 -0.1354279 0.7016912 0.7752054 -0.0788688 0.8067144 0.6953438 0.3246216 0.6619786 0.4556670 0.3456159 0.6666601 0.5648367 0.3710488 0.4554044 -0.0666246 -0.0403858 0.2895672 0.2460851 0.0915102 -0.1956320 0.0993096 0.1953319 -0.1983340 0.0223464 0.3374879 0.1629314 -0.1187094 0.0399152 -0.0804649 0.2748017 0.5569591 -0.1699094 0.1714105 0.1240419 0.5081183 0.3382616 0.1523856 0.1052958 0.3420963 -0.1254569 0.4449276 0.3819780 0.2500777 0.2527012 0.4370424 0.1582155 0.1331931 0.2311807 0.4812247 -0.0598666 0.2461109 0.1655972 -0.3781509 -0.2535872 -0.0748889 0.1080257 0.1835360 -0.0698276 0.2850921 0.0218612 0.1043060 0.2841781 -0.0638673 0.1358178 0.3514654 0.3112672 0.0069209 0.1617802 0.3777785 -0.2803911 0.0466870 0.3494502 0.1080893 0.3641020 -0.0200225 0.0318008 0.0211105 -0.3530372 -0.1005070 0.2468722 0.2093991 0.3692845 0.2702117 -0.0129964 0.0430701 -0.1330583 0.0085321 0.2574812 -0.0202766 0.1573825 0.3987440 -0.3238513 0.2245526 -0.4353721 -0.1604881 0.0076448 0.0786606 0.4733860 -0.2198835 0.0580527 0.1062964 -0.1861103 0.0801261 -0.1034836 -0.0560311 0.1014536 0.2032743 0.4494574 0.0851611 0.2334127 0.0914845 -0.1618718 -0.2138900 -0.1414392 -0.0423162 -0.0522530 0.1069367 0.0353007 0.1326918 0.0450848 0.3336947 -0.3416197 -0.4131788 0.2637378 -0.0661886 -0.0499309 0.0549363 -0.0124347 -0.0198318 -0.0099110 -0.0572456 0.1617200 0.4192700 -0.2461757 -0.1869521 0.1833423 0.3456546 0.1620205 0.1304097 0.0573323 -0.1656297 0.0828054 0.4267784 0.0893154 -0.1664232 -0.3618808 0.2661489 -0.1067509 -0.3112474 0.0835130 0.1876114 -0.0886023 0.0280413
0.6802137 0.2416260 0.3348259 0.3800278 0.5400970 0.2051959 0.0766269 0.5776688 0.1617297 0.4178247 0.7636655 0.1085142 0.7379714 0.0876905 0.0898709 0.7265900 0.0000000 -0.1607946 0.5143903 0.3673782 0.1648555 0.4973719 0.8050507 0.0169239 0.6901563 0.7930103 0.4955031 -0.0942517 0.5081617 -0.1393850 0.4712063 0.6602108 0.1161883 0.2191376 0.7575435 0.3264224 0.5666938 0.6644380 0.2882229 0.1605189 0.4650232 0.5895328 0.6413650 0.4065836 0.5155135 0.4822000 0.6494291 0.4266387 0.5227435 0.5607941 0.6270514 0.4348603 0.3340311 0.7479903 0.4682683 0.3667880 0.4800875 0.7995671 0.3119018 0.6245448 0.6164442 0.6893629 0.0722418 0.5436226 0.2884487 0.2813928 0.6148394 0.8101786 0.1720015 0.7645696 0.6706217 0.2449927 0.7916008 0.4039393 0.4265894 0.7616763 0.4834557 0.2215554 0.6128236 -0.0384093 0.0064471 -0.1446052 0.2692073 0.1181056 -0.1397468 0.2389515 -0.0514268 -0.3510817 0.0970716 0.2316804 -0.1141703 -0.2515200 -0.0099576 -0.3013346 0.2186750 0.3508110 -0.2871242 0.3879636 0.1206862 0.3536160 0.2429072 0.2912931 0.2726513 0.2808444 -0.0534070 0.3556331 0.4871701 0.4062280 0.2782726 0.5730979 0.1981342 0.3774235 0.4393690 0.5341766 -0.0300897 0.1866188 -0.0405629 -0.0476230 -0.1984429 0.1261567 0.2112190 0.1675349 0.2636518 0.3251102 0.1998504 0.2031132 0.4572195 0.2543273 -0.0074724 0.4301272 0.3099803 0.2911984 0.3077807 0.5661311 0.0660501 0.4308953 0.3626321 0.1400417 0.5071971 0.0444077 0.3097813 -0.0128682 -0.0146193 -0.0859272 0.3638944 0.4994392 0.5203598 0.4391154 0.2729888 -0.0980459 -0.0439453 -0.0774577 0.4185597 0.2404264 0.4989880 0.3588463 -0.1381025 0.4612227 -0.1635507 -0.0568235 0.3192629 0.2659755 0.6039856 -0.1130745 0.3689581 0.2283806 0.1735671 0.1898655 0.0053428 0.1140883 0.3104158 0.3055636 0.3267590 0.0290484 0.1266299 0.1197294 -0.0758909 -0.1271397 0.0775622 0.2385094 0.2889976 0.3984599 0.3073468 0.3607379 0.2318308 0.5818082 0.1079451 -0.0337106 0.1647472 0.0687908 0.2156240 -0.1614204 -0.1173931 0.2041487 0.2327154 0.0039739 -0.0980620 0.2352643 -0.1799188 0.0066791 0.1228023 0.0456836 -0.1343014 -0.0887323 0.3006981 -0.1919448 0.3023965 0.1577739 -0.1354460 -0.4463180 -0.2226267 -0.1120510 0.0694519 -0.5264190 0.0766157 0.0677728 -0.2491626 -0.0595563
