0.0000000 0.2094551 0.1226520 -0.4213751 0.0017080 -0.5799694 0.4717273 -0.3170364 -0.2597883 -0.4343918 -0.3923677 -0.2652199 -0.2067132 -0.0722997 -0.3259214 -0.2746837 -0.0038041 0.1414034 -0.3432627 -0.0986173 -0.0892960 -0.4002598 -0.2329139 -0.3328402 -0.2766790 -0.1358504 -0.3627064 0.0608714 -0.4388225 -0.2930937 -0.4730923 -0.2921743 -0.5361708 -0.5557064 -0.2649554 0.0184174 -0.1583600 -0.3532043 -0.4775761 -0.6249108 -0.3363792 -0.3061147 -0.3037102 -0.3892021 -0.3979916 -0.2210662 -0.1217947 -0.2966785 -0.5356163 -0.3364847 -0.2486447 -0.3989760 -0.4885867 -0.6341580 -0.4239696 -0.2899989 -0.0940984 -0.4379475 -0.1177477 -0.3585071 -0.2383962 -0.4938555 0.0388474 -0.4546448 -0.3405147 -0.1142231 -0.4711194 -0.4785864 -0.1633117 -0.4018159 -0.1401726 -0.1995182 -0.4186334 -0.0856369 -0.1511573 -0.3210542 -0.1340554 -0.0175925 -0.3073624 -0.0121479 -0.0223464 -0.1788864 -0.2282416 0.1917434 0.0957473 -0.3792645 0.1659245 -0.0627436 -0.0648802 -0.2494855 0.3166482 0.2156486 0.3441489 0.3022621 -0.0547147 0.1123469 0.0598282 0.2404980 -0.2680350 -0.0277708 -0.0641922 0.1085233 -0.2796035 0.0099593 0.1326934 -0.3342108 -0.0027195 -0.1263475 0.3035284 -0.0057973 -0.1183169 0.0327127 -0.2554327 -0.0191127 -0.0840978 -0.2675962 -0.1496660 0.1467284 -0.2718457 0.3979361 -0.3747686 -0.1823317 -0.0447803 -0.2765104 -0.0173314 0.4112929 -0.3080387 -0.3156831 0.3991408 -0.2409684 -0.0573549 -0.1093989 -0.1810134 0.1519322 0.3705139 0.2113144 0.3203263 0.5167340 0.1539938 0.3161523 0.2845887 0.3460015 -0.2220874 0.5235864 0.5766544 0.2648920 0.1337165 0.0238998 -0.1546403 0.3581223 0.3153051 0.3281776 -0.0517651 0.1662704 0.0746491 0.1561986 -0.0734354 -0.2293487 -0.0487731 0.0617147 -0.2072861 0.0694376 0.1564780 -0.0404545 -0.1744695 0.3051866 -0.1231280 0.0666398 -0.1842807 -0.0239710 -0.0715449 -0.1337566 0.4676923 0.6575491 0.3910441 0.2559246 0.5031770 0.5122609 0.5903075 0.5302223 0.5577386 0.3715255 0.2529473 0.3126880 0.2640497 0.0574048 0.0794868 0.0030047 -0.0985358 -0.1149393 0.3635743 -0.0171421 0.1101673 0.1884601 0.3837084 0.0888360 0.2763277 0.0062601 -0.2721124 0.3837179 -0.2482301 -0.0425045 -0.0386551 -0.2521192 -0.0944435 -0.0122164 0.3131164 0.6800199 -0.3245086 -0.1309784 0.0822079 -0.0381964 0.0206675 -0.1496437 0.1967540 0.3704758 0.4678887 -0.0440352
0.2094551 0.0000000 0.3312829 0.4048605 0.6846607 -0.0748663 -0.2982201 0.5250287 -0.5602047 0.3486283 0.4513467 -0.1663123 0.6128113 -0.0328480 -0.2714514 0.1684415 0.4287067 -0.2900292 0.5593347 0.6160848 0.0727838 0.2577628 0.3055504 -0.3082860 0.4651349 0.1957686 0.2410245 -0.4901904 -0.1424315 -0.1360689 -0.0131340 0.3668807 -0.4211313 -0.2635778 0.1353598 0.0912133 0.2887609 0.4873392 0.0225223 -0.2774729 0.5334506 0.2944015 0.1026647 -0.1048271 0.3483924 0.5275625 0.1026377 0.4964097 -0.1775064 0.4949766 0.0409120 0.0055069 -0.0224125 0.2104985 0.5093080 0.5629572 0.4530281 0.2012890 0.7019082 0.2062567 0.7078007 0.3099463 0.7201844 0.3799771 0.5990496 0.5930451 0.2803148 0.1715517 0.6029191 0.3204755 0.5388645 0.2756065 0.1931861 0.7125519 0.5274715 0.1458395 0.5675932 0.6193627 -0.0778920 -0.0035500 0.6472025 0.1129796 0.1807901 -0.0032719 -0.2778169 0.3265877 0.4392987 -0.2983642 0.2424415 -0.2001070 0.2701690 0.4679872 0.2084774 -0.3035729 0.3289232 0.4553718 0.1107389 -0.1062453 0.0905902 0.2970140 0.2270246 0.1238112 -0.2462711 0.3617214 0.1876051 -0.0674273 0.0119493 -0.2380442 0.2412434 -0.0489272 0.0834348 0.1239302 -0.1640706 0.0786579 0.0996983 0.0402514 0.1275975 -0.0385698 -0.0037509 0.2490803 -0.3405175 -0.1606993 0.2980116 -0.0588056 -0.2882249 0.2621781 -0.1713007 -0.1847846 -0.0739847 0.0899015 -0.1536709 -0.0627795 0.0634033 0.3400963 -0.1262859 -0.1180077 -0.0357996 -0.0848640 -0.1742467 0.0155432 -0.3796675 -0.2212946 0.3194682 0.1016692 -0.0608291 -0.0227709 -0.3696807 -0.3587663 -0.4641853 -0.2548571 -0.3441555 0.0688082 -0.4220066 -0.2398834 -0.0961674 0.0578822 0.1258829 -0.6424173 0.2667946 0.0964083 -0.8054148 -0.3086987 0.1645912 0.2878764 -0.6739858 0.0485362 0.0192097 0.3437199 -0.0117585 -0.3170433 -0.6755742 -0.6420077 0.2170477 -0.3104496 -0.1684494 0.2244310 0.4017649 0.0724492 0.5404438 0.6654582 0.2108517 0.6206854 0.6916643 0.5089444 0.7775975 0.7302745 0.6805175 0.6840119 0.6308844 0.6481636 0.3634427 0.3118126 0.3609773 0.1766919 0.1839644 0.1003539 0.2603315 0.5593593 0.3542087 0.1954795 0.2363327 0.4114501 0.1296075 0.3500148 -0.1908868 0.3145508 -0.2016803 0.0998107 0.2758733 0.4084552 0.0618171 0.2149933 0.2084334 0.2451957 0.2154453 0.3672591 -0.1084491 -0.2944263
0.1226520 0.3312829 0.0000000 0.0236760 0.5330174 -0.2122058 -0.3532307 0.1941518 -0.3281331 -0.0195535 0.0752500 -0.4778184 0.5668165 -0.0100351 -0.3387151 -0.0210171 -0.0794666 -0.1260426 0.2598106 0.4016853 -0.0005376 0.4057180 -0.0941429 -0.4652478 0.4683864 0.1061844 -0.0642511 -0.3641241 -0.3039388 -0.1974291 0.3215554 0.4491088 -0.5999945 -0.5560917 0.0289116 0.1704997 0.3628478 0.3925707 0.0193451 -0.3253204 0.2529886 -0.0647480 -0.0173856 -0.3016563 -0.1149266 0.2634933 0.2986498 0.4122876 -0.4406044 0.3535400 0.1323331 0.0174448 -0.3946819 -0.0816434 0.4129210 0.2488464 0.4429854 -0.1414381 0.1626450 0.0825870 0.3120604 -0.0421130 0.5242450 -0.0921080 0.2789804 0.4933737 0.1944182 -0.1165174 0.3217206 -0.1224976 0.3506333 -0.0574710 0.1287921 0.4035632 0.4325148 0.0132703 -0.0391378 0.3456859 -0.0386899 -0.1337738 0.4296228 0.0770460 0.0651337 0.1037014 0.0168274 0.2271114 0.3580682 -0.6267975 0.2209155 -0.3106113 0.3229487 0.0581600 0.2808193 -0.4868001 0.3000058 0.0475594 -0.1402328 0.3027425 -0.1751774 0.0024883 -0.2729145 0.4989188 -0.4011704 0.0057233 0.0071815 -0.3584492 0.3923629 -0.1124543 0.3417596 0.3269122 -0.0864388 0.4710635 0.0905497 0.1937049 0.3165431 0.1596554 0.1998329 0.4067534 0.2051187 0.5520034 -0.1709323 0.0528653 0.1051473 -0.3311450 -0.1645335 0.7672167 -0.2258837 -0.2800796 0.3000410 -0.2223249 -0.3361705 -0.0207937 -0.3301950 0.1125480 0.1325590 0.1511352 -0.2820513 0.1564914 -0.2885423 0.4624914 0.0513236 0.3898786 0.4067049 0.4733020 -0.0240803 -0.0517005 -0.2545219 -0.2382320 -0.3742436 0.1444058 0.0380790 0.3683324 -0.1508267 -0.2128678 -0.1482233 0.4103589 0.1615762 -0.2496213 0.0842706 0.3016232 -0.3601517 -0.0552450 0.0878548 0.1565112 -0.4461702 0.1169555 -0.2202290 -0.1294588 0.0366743 -0.0208033 -0.2838877 -0.4806692 0.3153741 0.2189141 0.3308296 0.0513574 0.1247487 0.0588084 0.4791383 0.6138463 -0.0848647 0.0729433 0.0340773 0.0684275 0.4613579 0.5176926 0.4864006 0.5450739 0.2320629 0.1418175 0.7427382 -0.0462163 0.0952707 0.7981373 0.7635678 0.7387022 0.6093216 0.2429769 0.0519347 0.7355716 0.1081166 0.5067481 0.2733720 0.5720559 0.4017098 0.3417531 0.6023953 0.3938551 0.3010465 0.4712133 0.3414253 0.5975637 0.1479858 0.3766306 0.2532390 0.5283990 -0.3867251 -0.6388327
-0.4213751 0.4048605 0.0236760 0.0000000 0.4858939 0.7057774 -0.6044776 0.9234125 0.1759867 0.8246488 0.8728139 0.2373894 0.7405678 -0.0315243 0.2930056 0.7186309 0.3610484 -0.4502690 0.8425715 0.4259485 0.1436257 0.7514647 0.5819404 0.2794874 0.7794402 0.5537738 0.3105224 -0.4308476 0.4132948 -0.0184448 0.6290047 0.6125081 0.1360922 0.5215694 0.5959846 -0.1148022 0.5188586 0.7227742 0.4132066 0.2165649 0.7334510 0.5683352 0.5528409 0.1463433 0.9307093 0.7239392 0.3839205 0.6575476 0.3491851 0.6602383 0.5006735 0.5677860 0.6948739 0.7547096 0.6870493 0.8045449 0.5523268 0.7667340 0.7127583 0.6641922 0.7662715 0.8500070 0.5575162 0.9146596 0.8128106 0.5626079 0.7563559 0.7751916 0.7864804 0.7787247 0.5952217 0.7427571 0.6693707 0.7273412 0.6585941 0.6979243 0.6191240 0.6220775 0.5953085 0.3645271 0.6531936 0.1930676 0.4032942 -0.1974898 -0.4071430 0.4247160 0.1048049 -0.0819451 0.2333796 0.3050302 0.0613156 0.1952891 -0.0250948 -0.2940748 0.2904380 0.1358627 0.0327581 0.0550786 0.2218025 0.3032289 0.4283820 0.0857558 0.3865739 0.3691033 0.2093862 0.2392136 0.1709553 0.1562166 0.1094457 0.0431001 0.2675411 0.2600812 0.2128129 -0.0729847 0.1108738 0.0813458 -0.0677337 -0.0383790 0.1493471 0.0550823 0.0255121 -0.2078083 0.0571526 0.4177031 0.1853680 -0.2268667 0.1232745 0.1444246 0.0118636 0.5075768 0.3012547 0.2734002 0.6086156 0.2375654 0.1271956 0.1058226 0.2782414 -0.1078319 0.2118400 -0.3314520 0.0383000 -0.3733264 0.2992850 -0.4043166 0.0586551 0.0570352 0.0367807 0.1104298 0.0533072 -0.2173844 -0.2344977 -0.0267740 -0.0926300 -0.0243369 -0.0413974 -0.1914904 0.0286892 -0.0569494 0.1969510 -0.2478842 -0.3344374 -0.1861127 -0.1197029 -0.0540654 -0.1890999 -0.1220716 0.1171784 0.2340974 0.0264644 -0.3099348 -0.4370071 -0.3293248 -0.4174498 -0.7332071 -0.4702330 -0.0208375 -0.1476323 -0.3281815 -0.0162723 0.0681258 0.0149363 0.2015592 0.4429058 0.1982749 0.4452137 0.4665340 0.3603791 0.5365248 0.7141604 0.6105447 0.0099950 0.5719468 0.4623602 -0.1442504 -0.3343706 -0.1915563 -0.2495060 0.5594419 0.8352826 -0.4182546 0.6897529 0.3080719 0.4430942 0.5481355 0.2383097 0.5384047 -0.3773033 -0.4028244 0.7059504 0.2036225 0.1947578 0.4602337 0.1984283 0.1347446 -0.3885536 0.0497802 -0.2136797 -0.1797302
0.0017080 0.6846607 0.5330174 0.4858939 0.0000000 0.0409122 -0.3602992 0.7139814 -0.3304836 0.4975446 0.5336698 -0.2230957 0.8526407 0.0827675 -0.1777325 0.3327396 0.2784114 -0.3573256 0.6515976 0.6657241 -0.0171908 0.5843165 0.2600119 -0.1509492 0.6764728 0.3056791 0.2271588 -0.3880204 -0.0543044 0.0318710 0.4565341 0.6338640 -0.2934327 -0.1447077 0.3046973 0.0156273 0.4601920 0.6456876 0.0700333 -0.0836858 0.6436274 0.2414077 0.1352901 0.0468566 0.3747221 0.5228278 0.1755031 0.6409565 -0.1188413 0.5491883 0.1699759 0.1562567 0.0182850 0.3579800 0.6604708 0.6058132 0.5359653 0.2609531 0.6796996 0.2415122 0.7466851 0.3802579 0.8097987 0.3834092 0.6741571 0.6589740 0.2780826 0.1962092 0.7540913 0.1746380 0.4730932 0.2235882 0.1926481 0.6885403 0.6305627 0.0576194 0.1872277 0.4814447 0.0186288 -0.1391020 0.5781503 0.0587535 0.2545739 0.0419518 -0.0407413 0.3991829 0.6577635 -0.5177004 0.4049482 -0.2825872 0.5936105 0.5206066 0.4855760 -0.4859470 0.6416571 0.3931277 0.2318207 0.2956699 0.2251933 0.4261116 0.2111943 0.4036723 0.0510249 0.2616698 0.3771196 0.0477305 0.4408849 0.1482926 0.5223254 0.3344219 0.3511679 0.5204235 0.0470375 0.2926245 0.3603836 0.3082715 0.3315598 0.2603790 0.3221197 0.2666511 -0.2335165 0.0581427 0.3073426 -0.1415849 -0.1951754 0.3734910 0.0114553 -0.0767982 0.1334129 0.2189520 -0.0509712 0.0112896 0.1493720 0.3393293 0.0457452 0.0473606 0.0046169 -0.0143923 -0.1154569 0.1714770 -0.1476595 -0.0771721 0.3801438 0.1569099 -0.0478842 0.0632980 -0.2643856 -0.1864048 -0.3148305 -0.2067923 -0.1757576 0.1669550 -0.2689642 -0.1174351 -0.0012723 0.4142293 0.4066946 -0.4424463 0.3694385 0.3591176 -0.5004613 -0.0554269 0.3530061 0.4404172 -0.4418824 0.3116667 0.1772434 0.3003313 0.2436066 -0.0139206 -0.4898145 -0.5652857 -0.1510452 -0.3371595 0.0974684 0.0774079 0.2665490 -0.0677535 0.4467352 0.5530498 0.0000905 0.3528800 0.4568745 0.3403607 0.7329845 0.8165207 0.7631777 0.7573219 0.4079492 0.3775532 0.4183687 -0.0179386 0.0707041 0.3989245 0.3273416 0.2264653 0.1409588 0.3917046 0.2853074 0.1974354 0.5709433 0.3860498 0.4951066 0.7343863 0.3602456 0.4654235 0.1621188 0.0343584 0.5915799 0.2765917 0.3892481 0.4002689 0.2447703 0.2572409 0.0357153 0.4271897 -0.2757962 -0.3368608
-0.5799694 -0.0748663 -0.2122058 0.7057774 0.0409122 0.0000000 -0.2919189 0.5020659 0.5797538 0.5930176 0.5452836 0.7322110 0.2345931 -0.0063347 0.6358957 0.5770001 0.2587729 -0.3073025 0.3164792 0.0747367 0.4283964 0.3473062 0.5908785 0.5972426 0.4387075 0.5533366 0.4652025 -0.1176990 0.7626543 0.2130729 0.4517885 0.4097622 0.5037530 0.8334810 0.5371363 0.1155890 0.2887831 0.2185771 0.6584133 0.5553316 0.2873554 0.5255564 0.5227458 0.3081847 0.7464910 0.2649276 0.1260303 0.2024697 0.6707667 0.2633983 0.2756185 0.5761053 0.8760308 0.7081485 0.2166225 0.3455969 0.0498477 0.7210049 0.4398990 0.4242697 0.4837071 0.6107679 0.1157298 0.7732064 0.5530471 0.0541840 0.5355808 0.6452061 0.3335544 0.5796176 0.1909756 0.7104040 0.3663641 0.4700351 0.1459900 0.4982042 0.3413682 0.1553686 0.5625306 0.1774710 0.2890257 0.3697390 0.3967308 -0.1553138 -0.3410182 0.3035837 -0.0037960 0.1218275 0.1692947 0.6837886 0.0099090 0.1969034 -0.0540402 -0.1995589 0.2096378 0.2296985 0.2609630 0.0236150 0.3507642 0.2311414 0.4443091 -0.0396196 0.5628574 0.1061478 0.3507830 0.5526034 0.2338266 0.3135409 0.1087984 0.1434145 0.4335744 0.2959797 0.3878888 0.0245741 0.0655115 0.1651217 0.0147956 -0.2080188 0.1334165 -0.0579345 0.2231095 0.0147407 0.1950084 0.2843759 0.1468451 -0.3725573 0.2282742 0.5224108 -0.0820041 0.2458367 0.0840538 0.2102640 0.4211127 0.1847708 -0.0317696 0.3754441 0.0544537 -0.1225275 0.0849125 -0.1847082 0.2483897 -0.1768128 0.1561729 -0.3998123 -0.0434233 0.2960413 0.0120331 0.0650508 0.1849795 -0.1619870 -0.0458700 0.0782260 0.1734410 0.2964284 -0.0854107 -0.1046803 0.0844111 0.4287242 0.0694568 -0.0616379 0.0927907 0.1453959 0.0453248 0.0593470 0.2493180 0.0512540 0.3404644 0.0646966 0.1802208 0.1416835 0.0580245 0.1404695 -0.4879864 -0.6507332 -0.3171901 -0.0983298 -0.2723963 -0.3590101 -0.1604031 -0.1629863 -0.2784514 0.0030429 0.2505623 0.0984314 0.0778612 0.2099244 0.1519723 0.2871397 0.3471876 0.3724968 -0.1972588 0.3392382 0.2655381 -0.2386555 -0.3869549 -0.3137575 -0.2604825 0.3614570 0.6116134 -0.4145897 0.6296084 0.1359482 0.4493198 0.3901549 0.1441328 0.5374546 -0.2013680 -0.6094044 0.6077577 0.1997916 0.3051451 0.1199325 0.1523071 0.3852965 -0.3422246 -0.4221124 -0.0947094 0.1648694
0.4717273 -0.2982201 -0.3532307 -0.6044776 -0.3602992 -0.2919189 0.0000000 -0.5809161 -0.0393792 -0.5062567 -0.6206595 0.1995012 -0.6586047 -0.1635179 -0.2510259 -0.5411757 -0.3051543 0.0514008 -0.6569076 -0.4775471 -0.0719352 -0.7608536 -0.3865542 -0.1443909 -0.7251616 -0.5568015 -0.3852869 0.2851742 -0.1691751 -0.0552724 -0.6835131 -0.6721080 -0.0088403 -0.1930781 -0.6211269 -0.0210238 -0.6905605 -0.7129982 -0.3610818 0.0221958 -0.6609696 -0.4080933 -0.6261448 0.1268959 -0.5818155 -0.7321850 -0.6023595 -0.7014790 0.0115190 -0.7589361 -0.6672845 -0.6293352 -0.2133488 -0.5360729 -0.6447360 -0.7072319 -0.6696669 -0.4929750 -0.2902493 -0.7446639 -0.5160161 -0.6959526 -0.4842180 -0.4631065 -0.5630038 -0.6701364 -0.6589292 -0.5606826 -0.6001712 -0.6015771 -0.7442874 -0.2183250 -0.7070554 -0.4024404 -0.6890481 -0.5340841 -0.3374853 -0.7210169 -0.3893759 -0.1837356 -0.5823947 -0.0120290 -0.0668509 0.2924489 0.4365111 -0.2766537 -0.0214870 0.2379991 0.0028746 0.0498235 0.1397614 0.1213961 0.2527309 0.5509312 -0.0372539 0.1662048 0.3201043 0.0915060 0.1818219 0.0176127 0.0859029 -0.0651340 0.0135850 -0.0659468 0.1985262 0.1957129 -0.0291482 0.1912898 0.0248426 0.1314371 0.0371125 -0.2214402 -0.0242280 0.2230008 -0.0956036 0.0334027 0.0957582 -0.0337413 -0.0139670 -0.1089423 0.0767788 0.2118100 0.0317768 -0.3365447 -0.0979645 -0.1783560 0.2096093 0.1347876 0.0487447 -0.2199644 -0.0698915 -0.2279683 -0.0696530 -0.0591189 0.0294610 0.0941340 0.1621659 0.3115388 0.2638348 0.4493225 0.2887043 0.4521113 -0.3029285 0.2193700 0.1851234 0.2395930 0.2944077 0.2453060 0.2502615 0.4894886 0.6280289 0.0847857 0.4301927 0.5353005 0.2509962 0.1021540 -0.0181640 0.3926992 0.0182705 0.1773443 0.3798537 0.5379360 0.1924710 0.0364251 0.5405937 0.3064132 0.1347304 -0.0548215 -0.0493449 0.3344687 0.5044499 0.4900632 0.0113130 0.5047410 0.2947823 0.3363854 0.4459361 0.6274154 0.1322347 -0.0683853 0.3001899 -0.0034292 -0.1563502 0.0125765 -0.3244051 -0.3440459 -0.2727318 -0.4042432 -0.4942053 -0.3234226 -0.1833042 -0.2639378 -0.1048630 -0.1958316 -0.0079746 -0.1866997 0.1783669 -0.1985769 -0.5974628 0.0964170 -0.3954778 -0.4119589 -0.1186371 -0.3998453 -0.0953985 -0.1498739 0.1361384 0.3361319 -0.6662836 -0.3731033 -0.0659122 -0.3124827 -0.0736829 0.0230827 0.3897789 -0.1414892 0.2869567 0.4132100
-0.3170364 0.5250287 0.1941518 0.9234125 0.7139814 0.5020659 -0.5809161 0.0000000 -0.0297424 0.7518680 0.9062609 0.0381480 0.8527780 -0.0559199 0.1170782 0.7448565 0.4037305 -0.4938106 0.9208976 0.4735132 0.0307100 0.7470321 0.5847698 0.1434211 0.8344674 0.5420029 0.3180648 -0.4288888 0.2561614 -0.0054420 0.5724400 0.6698441 0.0587482 0.3570598 0.5938272 -0.1950630 0.5300768 0.8004011 0.3040238 0.2166835 0.7489755 0.4310336 0.4598653 0.2249495 0.8241728 0.7551621 0.3232973 0.7087751 0.2327490 0.6755774 0.4218254 0.4787460 0.5136941 0.7224873 0.7096400 0.7895191 0.5744187 0.6634969 0.7149517 0.5582397 0.7662897 0.7625924 0.6308067 0.8068639 0.8238899 0.6155576 0.6091026 0.6401582 0.7950758 0.6454426 0.5882710 0.6427434 0.5427378 0.7765386 0.7173660 0.5099182 0.5405074 0.6202441 0.4043568 0.2463780 0.6332952 0.0931957 0.3228468 -0.1406853 -0.3068857 0.4428053 0.2657050 -0.2400597 0.2713444 0.0572652 0.2274758 0.2916661 0.1595158 -0.3116210 0.4397933 0.1772665 0.0712985 0.1813631 0.2708500 0.3323927 0.3698428 0.2578124 0.3629203 0.3687418 0.2048543 0.1973087 0.2898911 0.2355687 0.1772108 0.1975868 0.2707187 0.3074888 0.2018998 0.1157219 0.2786744 0.2278678 0.1190730 0.1740155 0.3167064 0.0607127 0.0441057 -0.0344334 0.0516983 0.3718579 0.1833012 -0.0425150 0.2178483 0.0099187 0.1242041 0.5817733 0.3531737 0.1882316 0.6218760 0.2302513 0.1336455 -0.0154036 0.3061289 -0.0293200 0.2018281 -0.2529726 -0.0624773 -0.3279736 0.3164532 -0.3275485 0.0598433 0.0049695 0.0104376 0.0900706 -0.0116405 -0.2080791 -0.2305125 -0.0781562 -0.1216239 -0.0801243 0.0077770 -0.0223058 0.1388017 -0.2043429 0.2584667 -0.0779978 -0.3811482 -0.1507796 -0.0000221 0.0420119 -0.2708940 -0.0111464 0.1305287 0.3002033 0.0622280 -0.2590402 -0.4638097 -0.4408958 -0.3650234 -0.6248236 -0.3127106 0.0080886 -0.0011108 -0.2145213 0.0863136 0.1710530 0.0933688 0.1874660 0.3942091 0.2010155 0.5955776 0.6047539 0.5195962 0.6487086 0.7037895 0.6113312 0.0560546 0.4577608 0.4250580 0.0174954 -0.1875073 -0.0248460 -0.1568953 0.5542139 0.6933192 -0.2595708 0.7377192 0.1964274 0.4286162 0.6545640 0.4068752 0.4616560 -0.2862448 -0.1905040 0.6982807 0.0903124 0.1622716 0.5031603 0.1696105 0.0686503 -0.2572877 0.2330034 -0.2037142 -0.2361654
-0.2597883 -0.5602047 -0.3281331 0.1759867 -0.3304836 0.5797538 -0.0393792 -0.0297424 0.0000000 0.3194012 0.1433918 0.6388613 -0.2278544 0.4099286 0.8708331 0.4278101 0.1522203 0.3595982 -0.1024408 -0.1073173 0.5450741 0.0796608 0.3300729 0.8100391 0.0925102 0.3671653 0.3093905 0.3867963 0.7958481 0.3927119 0.2920192 0.2310394 0.5806342 0.6980281 0.4818894 0.4067940 0.2357227 -0.0728696 0.4526736 0.1975919 0.0109807 0.4241832 0.5091247 0.0045749 0.2340905 -0.0110592 0.2468147 -0.0244008 0.3943226 0.0522113 0.3537851 0.5369935 0.4839252 0.3035348 -0.1388592 0.0438963 -0.0601133 0.3501338 -0.1908087 0.2395218 -0.0735179 0.3235725 -0.2331806 0.2648693 -0.1312315 -0.0901960 0.2195883 0.3100256 0.0165709 0.3060965 0.1162643 0.1391320 0.1476634 -0.2061255 -0.0232744 0.2383266 -0.2933301 -0.0214546 0.4996001 0.0828678 -0.0063633 0.0608095 -0.1852981 -0.4568292 -0.2912194 -0.3678070 -0.3329695 0.3860723 -0.3737865 0.3664064 -0.3112057 -0.2672108 -0.3726020 0.0953183 -0.3401676 -0.3260697 -0.2042861 -0.1493145 -0.2106925 -0.2230904 -0.1132145 -0.3907801 0.2148130 -0.4307985 -0.0558704 0.1018807 -0.1484564 -0.0452829 -0.1281990 -0.1870158 0.0374801 -0.0373376 0.0251484 -0.3280853 -0.3179744 -0.2424089 -0.3679812 -0.3052829 -0.2461338 -0.2235098 -0.0209769 -0.2385759 -0.1137325 0.0475001 0.1310183 -0.2645566 -0.1800784 0.2820042 0.0550011 -0.0917519 -0.0248422 0.1223313 0.0140459 -0.2045891 0.0618442 0.3317151 0.0193237 0.0337988 0.0515105 -0.2544562 0.2961689 -0.0960476 -0.2098585 -0.1215586 0.1006146 0.1684483 0.0743033 0.0291317 0.1561452 -0.1277137 0.0632560 0.1369785 0.0282232 0.0682903 -0.1467131 0.0319325 -0.1500993 0.4424563 -0.4019276 -0.0898371 0.3404392 -0.0096465 -0.0040236 -0.1474002 0.2617250 0.0310919 -0.0462898 -0.3761263 -0.1148666 0.1924253 0.1284216 0.1670036 -0.3524356 -0.2754394 -0.3104617 -0.6183349 -0.6391492 -0.5123084 -0.3366392 -0.3618236 -0.4504413 -0.4286685 -0.2414197 -0.3736733 -0.4052938 -0.2552723 -0.2708635 -0.1336893 -0.3379134 -0.3144420 -0.3360314 -0.1391229 -0.1775512 -0.2266011 -0.3135227 -0.3556231 -0.4779128 -0.2529914 0.1591793 -0.3668072 0.0873633 -0.1497858 0.1701650 -0.0188927 0.2268175 0.2201203 0.0619045 -0.3124891 0.2040682 -0.1661309 0.1943527 -0.1624989 0.3170178 0.0388697 -0.4890550 -0.4642154 0.0826978 0.0172889
-0.4343918 0.3486283 -0.0195535 0.8246488 0.4975446 0.5930176 -0.5062567 0.7518680 0.3194012 0.0000000 0.8446276 0.2771642 0.6450365 0.4383439 0.4267687 0.6726254 0.4375758 -0.0276351 0.7655270 0.6960816 0.3378707 0.6979914 0.5700026 0.4234593 0.6999779 0.5011545 0.4499228 -0.1335686 0.5638836 0.3051565 0.6212673 0.7130685 0.1887771 0.4729418 0.5703565 0.2617923 0.5339903 0.7702611 0.2917840 0.0632316 0.8699812 0.8383150 0.5454700 -0.0044064 0.7756227 0.7588871 0.3841145 0.7781593 0.1548664 0.8008752 0.4757128 0.5173213 0.4640933 0.7427637 0.7506862 0.8681436 0.6043662 0.6904501 0.6682328 0.6231163 0.7787923 0.8211760 0.5084149 0.7936363 0.6115936 0.6937692 0.7055305 0.7500405 0.7910821 0.7533908 0.6916827 0.4067340 0.7109828 0.5685987 0.6754919 0.6564295 0.4336633 0.6114854 0.6910259 0.3621395 0.6346175 0.2377984 0.2208919 -0.4710777 -0.4892402 0.1481088 0.0330134 0.1696999 -0.0704529 0.0560327 -0.1082728 0.0073274 -0.1481124 -0.2453448 0.0357270 -0.0693940 -0.1058699 -0.1986692 -0.0038011 0.0570292 0.1218468 -0.3093593 0.1241827 0.0398875 0.0400654 0.1374313 -0.0932662 -0.1459373 -0.0163869 -0.1633472 0.0604263 0.0889034 -0.0205509 -0.1798210 -0.0318567 0.0290685 -0.0768936 -0.1500037 0.0679266 -0.1006073 -0.0699921 -0.2918858 0.0124978 0.1802064 -0.0576519 -0.3153797 -0.0388696 0.0277804 -0.0368886 0.2421044 0.1438303 -0.0271567 0.4045361 -0.0129874 -0.1146265 -0.0108718 0.1265486 -0.0983686 0.1838259 -0.3148824 -0.1227785 -0.2680664 -0.0044234 -0.1107440 -0.0201286 -0.1257037 0.0441825 0.1017493 -0.2970594 -0.2932415 -0.2327389 0.1302865 -0.0895232 -0.2975053 0.0706710 0.0218270 -0.1297842 -0.0548222 -0.1211987 -0.1707200 -0.4184774 -0.2471382 -0.1164979 0.0189110 -0.2563700 -0.1954647 -0.1271474 -0.0900838 -0.1265063 -0.2816667 -0.5886462 -0.4726357 -0.4083085 -0.7481060 -0.6137534 -0.2854005 -0.2209808 -0.3751598 -0.0948524 0.0181973 -0.2583156 -0.0164367 0.3218979 -0.0914876 0.3097962 0.4776036 0.3204041 0.6063763 0.3969493 0.2783616 -0.0590195 0.2798059 0.1147398 -0.1559736 -0.2973788 -0.2874764 -0.4317348 0.1758181 0.7089679 -0.4963867 0.4387482 0.3036954 0.3321778 0.4202529 0.1427621 0.4949918 -0.3001656 -0.4489633 0.5780402 0.2258544 0.1678268 0.3208912 0.5713048 0.1437290 -0.3303581 -0.0360617 -0.3401479 -0.2099612
-0.3923677 0.4513467 0.0752500 0.8728139 0.5336698 0.5452836 -0.6206595 0.9062609 0.1433918 0.8446276 0.0000000 0.1301489 0.7037059 0.2041757 0.3450226 0.8694973 0.6144783 -0.1922944 0.8977539 0.5115234 0.1709753 0.6622465 0.7772190 0.3300150 0.8163124 0.6746572 0.5594210 -0.2085223 0.4443612 0.2312637 0.4827912 0.7357166 0.2209860 0.4572784 0.7240868 -0.0219377 0.5819195 0.8215701 0.3880334 0.2393731 0.7813789 0.5978736 0.6294677 0.1743888 0.8059868 0.8573373 0.3952626 0.7461870 0.2208442 0.7877670 0.4925672 0.5880826 0.4711158 0.8057180 0.6578320 0.8265500 0.5645936 0.7237574 0.5890331 0.6134739 0.6939195 0.8380183 0.4557584 0.7990630 0.6800087 0.6292693 0.6359296 0.7221638 0.7028361 0.8031675 0.7137008 0.5165885 0.6203970 0.6569754 0.7327293 0.5886687 0.5547512 0.6908693 0.5213544 0.3558333 0.6124996 0.0833758 0.1148237 -0.3846720 -0.5418356 0.2524217 0.0267670 -0.0115261 -0.0300119 -0.0272140 -0.0838110 0.0425249 -0.1167744 -0.2250586 0.1320210 -0.0649983 -0.1475377 -0.0926843 0.0451333 0.0511651 0.1337501 -0.0616206 0.2251054 0.1550745 -0.0792082 0.1137186 0.0244047 0.0021131 -0.1015517 -0.0288759 0.0236296 0.0630107 0.0804267 -0.0192883 0.1539456 0.1427623 0.0567265 0.0462296 0.2157439 -0.1236406 0.0818763 -0.0832059 -0.0946799 0.3952534 0.1527101 -0.1734058 0.1545739 -0.0821773 0.0934784 0.4667383 0.3399110 0.0153486 0.5621475 -0.0351693 -0.0385280 -0.1698705 0.2307207 -0.0478212 0.1933446 -0.4591534 -0.2346114 -0.3730759 0.0621721 -0.3193318 -0.0025899 -0.1663493 0.0188308 0.0734410 -0.1843409 -0.3311807 -0.3568189 -0.1151927 -0.1313505 -0.3157960 -0.0192840 -0.0592333 -0.1031979 -0.1688219 -0.0623429 -0.1839772 -0.4045757 -0.3081482 -0.1305279 -0.0788459 -0.3191112 -0.2181645 -0.0746427 0.0783262 -0.1334386 -0.3391173 -0.5307728 -0.4990280 -0.2598960 -0.6651817 -0.5101828 -0.2199049 -0.1610426 -0.2995940 -0.1011603 0.0097222 -0.0256108 -0.0219199 0.2536628 -0.0407012 0.4764528 0.4939312 0.3947785 0.6251463 0.6111378 0.4747993 -0.1424119 0.4223437 0.3076771 -0.0938425 -0.3166348 -0.1035842 -0.3427556 0.3189457 0.7002754 -0.4008510 0.5844777 0.0384098 0.1849210 0.4377000 0.2932054 0.3334377 -0.4011548 -0.2291636 0.6163746 0.0261973 -0.0336370 0.3419468 0.3325390 -0.0342510 -0.2942905 0.1312122 -0.1489288 -0.1734546
-0.2652199 -0.1663123 -0.4778184 0.2373894 -0.2230957 0.7322110 0.1995012 0.0381480 0.6388613 0.2771642 0.1301489 0.0000000 -0.2716989 0.0775367 0.6713309 0.2542824 0.1423966 0.0002235 -0.1236352 -0.1502939 0.7210084 -0.2353650 0.4678910 0.6652346 0.0013545 0.2574051 0.3744871 0.1506036 0.8281514 0.2686394 -0.0674843 0.0606608 0.5887088 0.7589884 0.2350602 0.4186571 -0.0922799 -0.2105487 0.4565553 0.3749202 -0.0674881 0.4787387 0.2846535 0.2012337 0.3169556 -0.1120558 -0.1819616 -0.2046033 0.5721948 -0.0871681 -0.0651157 0.2694725 0.6847321 0.2853585 -0.1723337 -0.0368463 -0.3155579 0.2678443 0.2644330 0.0610060 0.2237973 0.1940796 -0.1368591 0.3767874 0.0978791 -0.2368802 0.1372343 0.1840355 -0.0188617 0.2162796 -0.0942657 0.4712108 -0.0988905 0.1796486 -0.2566097 0.1084085 0.1159217 -0.1438160 0.2773381 -0.0308998 0.0175567 0.3900505 0.1507021 -0.2128364 -0.0956686 -0.0055273 -0.0725826 0.4047534 -0.0579058 0.6174498 -0.0779001 0.1958284 -0.0214236 0.2393856 -0.0612065 0.2490229 0.2560917 -0.0882751 0.2792174 0.1588845 0.3232746 -0.2711603 0.4235822 -0.0428163 0.3185657 0.6109932 0.0014714 0.1811623 -0.0173219 0.0845282 0.2989391 -0.0087436 0.2633881 0.0975214 -0.0707296 0.1256368 0.0466674 -0.3308075 0.0289227 -0.1455154 0.2186300 0.1188030 0.1167031 0.1296646 0.0550495 -0.4131806 0.1756633 0.4138629 -0.1549815 0.0011435 -0.0976848 0.0641481 0.1516218 0.0156413 -0.1194802 0.3163083 -0.0156370 -0.0285486 -0.0090174 -0.0885893 0.1875365 -0.1491864 -0.0479567 -0.2532200 0.0018322 0.2530459 -0.0602000 -0.1038556 0.1807267 -0.0956463 0.0928038 0.0426292 0.0805072 0.3237506 -0.1108209 -0.1027785 -0.0592552 0.4048297 -0.1314198 -0.0426747 0.0966930 0.1879985 0.0968844 0.0246797 0.2804599 0.1056662 0.2228935 -0.0909322 -0.0369542 0.1966747 0.1187081 0.2102349 -0.4205456 -0.4579771 -0.3119715 -0.1253341 -0.1538551 -0.1951637 -0.0440815 -0.1110147 -0.2383705 -0.0058067 0.1905985 0.0437059 -0.0628017 0.0481230 0.0644749 0.0933572 0.0088953 0.2050730 -0.3802565 0.1140318 0.1813984 -0.3647431 -0.3552852 -0.5128279 -0.2222395 0.1909608 0.1637911 -0.3374289 0.2320350 -0.1124444 0.3725253 0.0897883 -0.0388306 0.4338985 -0.1647699 -0.4475794 0.2061649 0.1113463 0.3365293 -0.2644474 0.2655688 0.3961487 -0.0613182 -0.6801088 0.1253389 0.2463203
-0.2067132 0.6128113 0.5668165 0.7405678 0.8526407 0.2345931 -0.6586047 0.8527780 -0.2278544 0.6450365 0.7037059 -0.2716989 0.0000000 0.0092251 -0.1319608 0.4559102 0.2214156 -0.4538734 0.8520629 0.7040907 -0.0453921 0.8628156 0.2585370 -0.1663086 0.8516363 0.3708315 0.1667064 -0.5759568 -0.0270534 -0.1222703 0.6990072 0.7250811 -0.3080660 -0.0429605 0.4299901 -0.0607208 0.6137164 0.8593422 0.1861268 -0.1043019 0.7967518 0.3471672 0.3526390 -0.0473696 0.6141538 0.7217147 0.4459976 0.8420832 -0.0574613 0.7464070 0.4699343 0.3931053 0.2058907 0.5101418 0.8464899 0.8082801 0.7546548 0.4554151 0.7050139 0.5587334 0.8040587 0.6252178 0.8525655 0.6097552 0.8383775 0.8072092 0.6220018 0.4861527 0.8764706 0.4479527 0.6680381 0.4483321 0.5796413 0.7735003 0.8258512 0.4336303 0.3902050 0.6857779 0.3170623 0.0844566 0.7445116 0.0564832 0.2903895 -0.0562426 -0.2008078 0.4334379 0.4098644 -0.5134698 0.3654155 -0.0866581 0.3242150 0.2547249 0.1861779 -0.5308320 0.4984577 0.1610461 0.0243665 0.1717875 0.1389693 0.3545907 0.2037239 0.3348212 0.0075900 0.3172980 0.1858660 -0.0899752 0.3089245 0.0218678 0.3476021 0.1441650 0.2338573 0.4561059 0.0182457 0.0140580 0.1931514 0.0891082 0.0477284 0.1528863 0.1856721 0.3004514 -0.1726072 -0.1655628 0.2114959 0.1206434 -0.0423525 0.2967173 -0.0268346 -0.0474599 0.0921251 0.3738038 0.1008471 0.2498435 0.3072887 0.3190417 0.1504475 0.1132541 0.0779799 -0.0741920 0.0213988 0.0115428 -0.0591054 -0.1428811 0.5035068 -0.0174477 -0.0270387 0.0071675 -0.1085139 -0.0552740 -0.2347869 -0.1722525 -0.2423595 0.1100244 -0.2236522 -0.1767910 0.0053454 0.1282922 0.2782574 -0.3664022 0.3558664 0.0865535 -0.5069684 -0.2107610 0.0460110 0.2034332 -0.4358343 0.0300491 0.0344537 0.2700563 0.1751866 -0.2306345 -0.5567379 -0.5699604 -0.0961788 -0.4213715 -0.1045481 0.0303854 0.0431535 -0.2177369 0.2841517 0.4505416 -0.0009375 0.3260794 0.4554614 0.3000052 0.6763325 0.7468269 0.6626772 0.7333754 0.6167499 0.5359678 0.4694937 0.2715586 0.2563821 0.3702632 0.2172251 0.2837031 0.1429645 0.5324737 0.5925538 0.1078232 0.5872588 0.5554419 0.4706141 0.7830002 0.3259679 0.5035037 0.0141526 -0.0391274 0.6858681 0.3906403 0.2899357 0.6014670 0.2067660 0.2506773 -0.1547174 0.4902407 -0.4343871 -0.4673669
-0.0722997 -0.0328480 -0.0100351 -0.0315243 0.0827675 -0.0063347 -0.1635179 -0.0559199 0.4099286 0.4383439 0.2041757 0.0775367 0.0092251 0.0000000 0.5265134 0.2396511 0.5192883 0.7712175 0.0345251 0.5227547 0.4027896 0.1626061 0.2398548 0.5374049 0.1512017 0.2840668 0.5171703 0.6364497 0.4484545 0.8050511 0.1333364 0.3394607 0.2563229 0.1063233 0.3279999 0.6197936 0.2775243 0.1932181 0.0335994 -0.2577815 0.2900968 0.5578422 0.2793133 -0.1697882 0.0509582 0.2522907 0.2197329 0.3296694 -0.1838432 0.4314095 0.2137788 0.1615485 -0.2086308 0.2140174 0.2045832 0.3404402 0.2466975 0.1839525 -0.0722591 0.0866891 0.1313623 0.1899745 0.1262182 -0.0008180 -0.1586453 0.3647001 0.0591796 0.1460438 0.2164936 0.1980266 0.3865126 -0.4323442 0.1650483 -0.1734301 0.2982064 0.0317085 -0.3568933 0.2141543 0.2131535 -0.0926805 0.1127016 -0.0282253 -0.3263131 -0.4253444 -0.3204856 -0.3652558 -0.0573028 0.3649707 -0.4227171 -0.3665801 -0.2924500 -0.3015985 -0.3228770 -0.0291129 -0.3473589 -0.3724560 -0.3822527 -0.3710542 -0.5095874 -0.3887704 -0.4995965 -0.6431504 -0.3739026 -0.4784902 -0.3364578 -0.3221917 -0.3307021 -0.4613999 -0.1435527 -0.3197625 -0.2936265 -0.1240269 -0.2954638 -0.2823040 -0.1933969 -0.1563748 -0.1452698 -0.1388320 -0.2188244 -0.1865603 -0.3295196 -0.2949996 -0.0302851 -0.3208180 -0.3224043 -0.1201293 -0.4364408 -0.1133748 -0.1129583 -0.3753894 -0.2761068 -0.3376414 -0.3495934 -0.3738397 -0.3378904 -0.1626309 -0.3060307 -0.1639386 -0.1780823 -0.2192522 -0.3591122 -0.0989290 -0.5136627 0.3759817 -0.1786735 -0.2278358 -0.1939371 -0.2217461 -0.6191922 -0.4777429 -0.2663843 0.2486576 -0.2972770 -0.5672442 -0.0743737 0.3970099 -0.1779017 -0.1690704 -0.5611327 0.0876822 -0.1986319 -0.4038936 0.0595929 0.1216213 -0.3566300 -0.0980844 -0.3535346 -0.5445185 -0.1664416 -0.0098841 -0.3577364 -0.3283717 0.1150090 -0.2128611 -0.3203501 -0.7275359 -0.4305527 -0.4696750 -0.1838722 -0.0793009 -0.5117892 -0.3544043 -0.1740985 -0.4394645 -0.1208918 0.1021282 0.0351460 0.1837137 -0.4083617 -0.4499012 -0.0437078 -0.4913004 -0.6107315 0.0204798 -0.0111519 -0.2968451 -0.5237193 -0.5656169 -0.0705646 -0.2841482 -0.1397135 0.0213190 -0.1613199 -0.1303754 -0.0851333 -0.0492562 0.0674750 -0.1601560 0.1466888 0.0838170 0.0208184 -0.2076286 0.5453720 -0.0883783 -0.3962930 -0.0033883 0.0746722 -0.0468030
-0.3259214 -0.2714514 -0.3387151 0.2930056 -0.1777325 0.6358957 -0.2510259 0.1170782 0.8708331 0.4267687 0.3450226 0.6713309 -0.1319608 0.5265134 0.0000000 0.5771011 0.5159292 0.4154193 0.0078998 0.0310645 0.6104011 0.0731794 0.6300341 0.9374622 0.2109513 0.6110311 0.6550645 0.4532194 0.8751978 0.6062000 0.2152273 0.3309158 0.7004762 0.7686501 0.6354449 0.4142457 0.2910797 0.0015983 0.5565514 0.2860955 0.1032521 0.5407620 0.6036302 0.1395118 0.3847879 0.1547915 0.1743929 0.0345775 0.4562009 0.1976453 0.3048181 0.5614178 0.5026566 0.4869175 -0.0712882 0.1786022 -0.0641749 0.4867589 -0.0308794 0.2534462 0.1226292 0.4294066 -0.1158917 0.3606009 0.0105725 -0.0053041 0.2062114 0.3399359 0.1038934 0.4317189 0.2612749 0.1454267 0.1177557 -0.0496292 0.0600849 0.1760646 -0.1461551 0.1337759 0.3586220 0.0006772 0.0603292 0.1778561 -0.0945456 -0.3970491 -0.4243299 -0.1528191 -0.1358095 0.3925865 -0.2870918 0.3229013 -0.2610077 -0.0893857 -0.3568660 -0.0137360 -0.2366558 -0.1639926 -0.1682448 -0.2449917 -0.1602542 -0.1256402 -0.0194941 -0.4277521 0.2463593 -0.2874145 -0.0353977 0.2121389 -0.1090837 -0.0542098 -0.0864377 -0.1897923 0.1114668 0.0195481 0.0562379 -0.2690435 -0.1833353 -0.1016572 -0.1977991 -0.2738921 -0.1638974 -0.1889299 -0.0314459 -0.1652291 -0.0465701 0.1158090 0.1264524 -0.2334287 -0.2002480 0.2210598 0.0060625 -0.0747151 -0.0760622 0.0321094 -0.0200037 -0.1433281 -0.0672589 0.1642129 -0.0935709 -0.1179803 -0.1363576 -0.4261803 0.0037161 -0.3376110 -0.2530586 -0.1675346 -0.0336862 0.1124814 -0.1890966 -0.1935614 -0.0314802 -0.4683524 -0.2618561 0.0933651 -0.1993730 -0.1220246 -0.2601499 0.1108980 -0.1013670 0.2183900 -0.4520752 -0.0517576 0.0956699 -0.1883796 0.1060716 -0.0258230 -0.0222693 0.0295888 0.0366566 -0.3258333 -0.0877743 0.1363682 -0.0819686 -0.0430736 -0.2550325 -0.4863503 -0.3612909 -0.6494457 -0.5870958 -0.6402232 -0.2596093 -0.2636038 -0.4867805 -0.3022549 -0.0734890 -0.2590542 -0.1831481 -0.0783265 -0.1036822 0.0206535 -0.1559596 -0.1555231 -0.3446611 -0.1408812 -0.2199714 -0.1944599 -0.3157250 -0.3921864 -0.5765504 -0.2010023 0.2032308 -0.4453966 0.2509155 -0.1528316 0.1008380 -0.0093443 0.0861514 0.1532125 -0.0547060 -0.4508145 0.4141998 -0.0411117 0.1693889 -0.2686964 0.2544338 -0.0262805 -0.5528523 -0.4575854 0.2696472 0.1183961
-0.2746837 0.1684415 -0.0210171 0.7186309 0.3327396 0.5770001 -0.5411757 0.7448565 0.4278101 0.6726254 0.8694973 0.2542824 0.4559102 0.2396511 0.5771011 0.0000000 0.6361196 -0.0300981 0.6746276 0.2826438 0.2895708 0.5104444 0.8343165 0.5738393 0.6967000 0.8118147 0.5971797 0.0592196 0.6130222 0.3241738 0.4289159 0.7016470 0.3990405 0.6353509 0.8837703 0.0517644 0.6262299 0.5828948 0.4331804 0.3113172 0.5583633 0.5410094 0.7106536 0.2059808 0.7395228 0.6971113 0.3849798 0.5333332 0.2604995 0.5976432 0.5051044 0.6908507 0.5020589 0.7698317 0.3241130 0.6081830 0.4017247 0.7495012 0.3001169 0.5567228 0.4418653 0.7553506 0.2133805 0.6841713 0.4731469 0.4065665 0.4620699 0.6957418 0.4916313 0.7391233 0.5926106 0.4262988 0.4934879 0.4550474 0.5416601 0.4945303 0.3112227 0.5526563 0.5273928 0.3355023 0.4603086 -0.0124028 -0.0702186 -0.4956169 -0.6275794 -0.0332105 -0.0666995 0.1164204 -0.2536826 0.0065197 -0.0630600 0.0445808 -0.0741730 -0.1746860 0.0258996 -0.1060195 -0.1204547 0.0276841 -0.0476511 -0.1377269 0.0342132 -0.0513409 0.3630654 -0.1414924 -0.0434566 0.1126362 0.0582286 0.0887086 -0.0668126 0.0247804 0.0395471 0.0973168 0.1338408 -0.0031324 0.1614231 0.1049574 -0.0057143 0.1163417 0.1477725 -0.2000040 0.0560336 -0.0513434 -0.1393841 0.3629339 0.2486789 -0.1302121 0.0776457 -0.0216677 0.2405599 0.3764050 0.3549382 -0.0482457 0.5062704 -0.0547394 -0.0077043 -0.0440826 0.2893955 0.1020222 0.1700235 -0.4963180 -0.0659225 -0.3133344 -0.1198445 -0.2763273 0.1718530 -0.0105842 0.0443102 0.0747248 -0.1247055 -0.2903430 -0.2568586 -0.0429825 -0.0846013 -0.2201965 -0.0712295 0.0514323 -0.0987393 -0.0445292 -0.2068480 -0.0821232 -0.1597037 -0.1979007 0.0119530 -0.0779364 -0.1905208 -0.0288403 -0.0036503 0.0106116 -0.1060838 -0.1015261 -0.3039717 -0.3270456 -0.3178537 -0.5222155 -0.4035651 -0.4298213 -0.3187540 -0.3759953 -0.1746878 -0.1199149 -0.1358055 -0.2285244 0.0739826 -0.1715674 0.2858233 0.3270197 0.2401603 0.4895697 0.3726094 0.2468657 -0.2795660 0.3204647 0.2513438 -0.1425620 -0.3677261 -0.1805200 -0.4899966 0.1461064 0.6200321 -0.3993522 0.5895588 -0.1726730 0.1463871 0.3150532 0.4174927 0.2544990 -0.2630253 -0.1904308 0.5777329 -0.2203473 -0.0245161 0.2110911 0.3133146 -0.1258179 -0.4013461 -0.0623928 0.0550773 -0.1243692
-0.0038041 0.4287067 -0.0794666 0.3610484 0.2784114 0.2587729 -0.3051543 0.4037305 0.1522203 0.4375758 0.6144783 0.1423966 0.2214156 0.5192883 0.5159292 0.6361196 0.0000000 0.2343944 0.3323239 0.3650852 0.2125722 0.1380422 0.7502994 0.5014256 0.3948976 0.6932350 0.8385463 0.3139170 0.4257246 0.6534823 -0.0545392 0.4068805 0.3327090 0.3111369 0.6493582 0.1538716 0.3923255 0.2494193 0.3810453 0.1536897 0.2725128 0.3748684 0.4822962 0.2488689 0.4553230 0.4469288 0.1378216 0.2874784 0.2195806 0.4108362 0.1873570 0.3419503 0.1817388 0.5621296 0.1049582 0.4149673 0.1527432 0.5844567 0.1915196 0.1378727 0.3216334 0.4443344 0.2345427 0.4170793 0.2922178 0.2570792 0.0949430 0.3531818 0.3039153 0.5224924 0.4646716 0.0911285 0.0763888 0.2683793 0.3982586 0.0645906 0.1286035 0.4269922 0.0299691 -0.0643473 0.2667311 -0.0704938 -0.1559527 -0.1878417 -0.6050716 0.0106317 0.1573571 0.0925508 -0.1014762 -0.1383910 -0.0394153 0.1823264 -0.1784524 -0.1648560 0.0687441 0.0862316 -0.0752591 -0.2809990 -0.1445957 -0.0690603 -0.0017696 -0.2795068 -0.0171851 -0.0639431 -0.0936672 -0.0608258 -0.0815876 -0.1428259 -0.0004483 -0.1807810 0.0402295 0.0075491 -0.1346679 -0.0970113 -0.0059690 -0.0334722 -0.0004673 -0.1164412 -0.1212134 -0.1696719 -0.2725609 -0.1487267 0.1566770 -0.0074124 -0.1200788 -0.0596547 -0.1744904 0.0483986 -0.0295910 0.0352315 -0.0391674 -0.1996896 0.0757486 -0.0112900 -0.2496597 -0.1726091 -0.0605487 -0.1680413 -0.1388205 -0.4268008 -0.4421777 -0.3806920 -0.2773812 -0.0526816 -0.1282075 0.0568604 -0.3264609 -0.3127068 -0.4273041 -0.6409542 -0.5010653 0.0013795 -0.3575252 -0.3041935 -0.2127337 0.2420560 0.0495892 -0.3105694 -0.2098271 0.1397072 -0.3083743 -0.3879505 0.2844073 0.2273307 -0.4218856 0.0917708 0.1028930 0.0176375 0.0206857 -0.0100201 -0.3359118 -0.3330586 0.2073907 -0.3846775 -0.2513625 -0.4221893 -0.1532643 -0.3544113 -0.0051201 0.0609421 -0.1002342 0.0531028 0.2080261 0.0524267 0.3198199 0.3234862 0.3032259 0.3569843 0.1685916 0.1440383 -0.1451724 -0.0711110 -0.1523842 -0.0712673 -0.2146732 -0.2520080 -0.4189500 -0.0249421 0.2196716 -0.2963000 0.3606142 -0.1826155 -0.2221875 -0.0154472 -0.0914565 -0.0399082 -0.2688290 -0.0919550 0.3872687 -0.0847798 -0.1834722 -0.2294790 0.1719406 -0.1499446 -0.4183807 0.1396994 0.4371967 0.2050165
