0.0000000 0.3923385 -0.4692562 -0.2437666 -0.5602511 0.3888084 0.0681198 -0.2151603 0.2891869 -0.0715237 0.0515511 -0.0242684 -0.3700325 -0.1304681 0.4981750 0.1180363 -0.0616664 -0.0314304 -0.1388454 0.0806593 -0.0193052 -0.1299740 0.0763650 0.1493342 -0.2177256 -0.1331548 -0.2521645 0.0069693 -0.2313567 0.0341787 0.0581479 -0.0866298 0.0658535 -0.0526810 0.0425302 -0.3542923 -0.0537719 -0.1852831 0.1261549 0.0857539 0.0140821 -0.5228103 0.1019428 -0.0192098 -0.4392600 -0.2431763 -0.0154257 -0.0574360 -0.1764478 -0.4003800 -0.0685169 -0.0519463 -0.3293881 -0.1402783 -0.0148093 -0.3424454 0.0189533 -0.3381732 -0.2013048 0.0205110 -0.6391064 -0.2087772 -0.1485078 -0.2639836 -0.6827562 0.1093202 0.0003243 -0.4137275 0.0650909 -0.1550590 -0.0939035 -0.0916091 -0.2673788 -0.3751404 0.0190916 -0.0696753 0.2379124 -0.4004920 -0.4199680 -0.4016478 -0.5402792 -0.0123263 -0.0532152 -0.1625632 -0.1636640 -0.1572732 -0.0706231 -0.3809967 -0.2367901 -0.2662660 0.1379608 -0.0880528 -0.2538364 -0.2670815 0.0164672 -0.2010197 -0.0262332 -0.1767857 -0.1472295 -0.0810696 -0.3719908 -0.2225211 -0.2129926 -0.1766803 -0.2603047 -0.4147438 -0.2590138 -0.3122489 -0.5793954 -0.3269921 -0.5992018 -0.4345147 -0.2959554 -0.3552957 -0.2015411 -0.2730109 -0.3146475 0.1332873 -0.1734178 0.0442930 -0.2275224 -0.3138253 0.0094994 -0.4565347 0.0918131 0.4567347 -0.2448340 0.2738155 0.4664150 -0.1176892 0.2681695 0.0733004 0.1109578 -0.2925033 0.2773150 -0.3015036 0.0066294 0.4918552 0.3754791 0.4343506 -0.2263775 0.5990822 -0.2085685 0.4620722 0.2838977 -0.5789032 0.4119551 0.4130958 -0.1000344 0.4036053 0.1449203 0.4407369 0.6272106 -0.5024404 0.2022377 0.4498093 0.1096667 0.4378515 0.1053829 0.2111074 0.0905818 0.1829896 -0.5155605 0.1922623 0.0795978 0.3079070 -0.6101807 0.0852839 0.2276613 0.0294650 -0.2069502 -0.1493348 0.2122325 0.0486298 0.1482193 -0.1228671 0.0314340 -0.4495523 -0.1103673 -0.2551684 -0.2638796 -0.2077352 -0.2901835 -0.1720752 -0.1639364 -0.7098047 -0.6263070 -0.6614227 -0.1240145 -0.3110175 0.0324984 -0.3291098 -0.4892502 -0.1413968 0.3273396 -0.2431481 -0.4022259 -0.5281647 -0.6926838 0.3191620 -0.0592489 -0.0354458 0.0201459 -0.3247383 -0.2060942 -0.1965708 0.3949209 0.0479988 -0.1077021 -0.3202479 0.1929651 0.3555276 -0.2989871 0.3251643 0.2872862 -0.3987221 -0.1393055 -0.1432813
0.3923385 0.0000000 0.0716557 0.4679533 -0.2382787 0.7326646 0.4693382 0.1843055 0.7897030 0.6688857 0.6041341 0.4882954 -0.2324113 0.6205507 0.7274838 0.1921975 0.5109434 0.5740423 -0.0435953 -0.1119402 0.1018941 -0.0195906 0.4307335 0.7426454 0.1134964 0.1265617 0.1353337 0.5388015 0.1951367 0.3972675 -0.1358389 0.2875564 0.7259469 0.6116508 0.3448049 -0.2018610 0.2041419 -0.0125243 0.6983553 0.4502810 0.0951566 -0.1544341 0.4410833 0.5133943 0.0127839 -0.0675838 0.1731413 0.1937289 0.3589634 -0.0910174 0.1206370 0.3882235 0.2056699 0.2883521 0.1423715 -0.0439318 0.2648779 -0.0287142 -0.1855760 0.1910342 -0.3541166 0.1411403 0.0429357 0.0689972 -0.1495053 0.3203479 0.0573786 -0.0585332 0.2392880 -0.0884299 0.0500936 0.2786925 0.0348714 -0.0060612 -0.0269769 -0.0823881 0.1056968 -0.0621043 -0.1485714 -0.0602672 -0.0219773 0.0135509 0.3149208 -0.0146275 -0.0308749 0.1029433 0.4423091 0.1643786 0.0263415 0.0308479 0.1808244 0.3048330 0.2044549 0.1332002 0.1831632 0.0856434 0.0733060 0.2232853 0.0808472 0.2343454 0.0510018 0.1800553 0.1930225 0.0987602 -0.0113278 -0.0971327 -0.0579161 0.2042800 0.0210833 -0.1672676 -0.2572397 -0.1247324 0.0028307 0.0648552 -0.0106462 0.0219732 0.0173844 0.1052432 0.1203052 0.2698608 0.1740943 0.0353602 0.8120874 0.0370701 0.4818393 0.6703000 0.2195612 0.7838307 0.6998343 0.3018986 0.6790745 0.3543996 0.3976528 -0.1574319 0.5731540 0.4013467 0.4334531 0.6254220 0.6274069 0.5825043 0.0062854 0.6678301 0.0843119 0.4236512 0.6992958 -0.1067257 0.6073336 0.5009723 0.0461982 0.4817701 0.0048194 0.4491232 0.7845230 -0.1728156 0.5127003 -0.0187526 0.0371951 0.5641077 -0.0509490 0.1165496 0.4523389 0.4002247 -0.3454084 0.2520176 0.4902354 0.4255814 0.0911895 -0.0163247 0.3562339 0.4686883 0.2352290 0.2376189 0.4576827 0.2372577 0.5905093 0.2762807 0.2816152 -0.3220362 -0.0856178 -0.0991855 0.0050178 -0.0015437 -0.0940182 0.0046728 -0.0733147 -0.3201530 -0.2655935 -0.1502896 0.2685336 0.1481943 0.1638042 -0.2092798 0.0023958 0.1043541 0.5612498 0.2057188 0.0683338 0.0310836 -0.2103734 0.6004523 0.2991927 -0.0361658 0.3471785 0.0346817 0.0657864 -0.1534379 0.7049602 -0.0159022 0.2105790 -0.1902386 0.4037436 0.3378057 -0.1896302 0.0186514 0.0169642 -0.3248112 -0.1305047 0.0235691
-0.4692562 0.0716557 0.0000000 0.5680149 0.7704673 -0.0134245 0.1594116 0.6935277 0.1865302 0.5184586 0.5098344 0.2208899 0.7508334 0.2880889 0.0653665 0.4304330 0.1965603 0.2958175 0.5984406 0.5744723 0.0504680 0.3725724 0.2960482 0.2169188 0.6225569 0.5184571 0.1594973 0.1969255 0.3004551 0.1140788 0.4689971 0.4639142 0.1628764 0.3701879 0.3232163 0.3019328 0.3525182 0.5808732 0.0865550 0.0087006 0.4245841 0.3687895 0.2102806 0.0786494 0.3870441 0.5916942 0.2534588 0.4420019 0.2146844 0.7555270 0.2336337 0.1564950 0.2752504 0.2810674 0.3247270 0.6112511 0.1244571 0.2468630 0.2080756 -0.0303383 0.4180366 0.2314466 0.3019163 0.2896375 0.2518422 -0.0227869 0.0543345 0.3264958 0.0083430 0.1614646 0.0908927 0.4776412 0.3404059 0.3302864 -0.1875999 0.0492142 0.0924948 0.5658096 0.4768623 0.4329442 0.6605818 0.0980573 0.5751013 0.3583010 0.5193045 0.3380219 0.5812467 0.3060257 0.4519624 0.2423439 -0.0890845 0.6194110 0.4545450 0.2943671 0.2320940 0.5481486 0.3936916 0.3931466 0.3817140 0.4879059 0.2517644 0.4345382 0.4859300 0.4703982 0.4062655 0.5725239 0.3323709 0.5047199 0.4392459 0.5157950 0.4023563 0.3251798 0.4122098 0.4999416 0.3338552 0.4288397 0.5063010 0.2340906 0.4809476 0.3998935 0.6723467 0.7274194 0.3108356 0.5287725 0.2957027 0.0193462 0.8501546 0.2346884 -0.0890777 0.6376823 0.1822752 0.3962097 0.3369406 0.2804734 0.3657512 0.4973345 0.4820938 -0.1287964 -0.0050266 -0.0412859 0.4873774 0.0039265 0.1917083 -0.0119350 0.1668810 0.3156568 -0.1281501 -0.0440690 0.5112878 0.2333001 -0.1463625 -0.0028807 -0.0899597 0.5922033 0.1769022 -0.2142591 0.3015445 -0.0469621 0.2186772 -0.1143634 0.5465359 0.3611401 0.0134283 0.0660756 0.5939520 0.0293728 0.5052638 0.3770690 0.1970299 0.3074113 0.5461119 0.6775329 -0.2854940 -0.1588478 -0.1202481 0.0449586 0.0009608 0.0499087 0.1000561 0.3195366 0.3331906 0.3264785 0.3980541 0.4014544 0.3555789 0.1593432 0.5912993 0.4653886 0.4927679 0.7246089 0.1668956 0.2894682 0.4106519 0.0023910 0.0468949 0.0242117 0.0620976 0.1603531 0.4817948 0.0539262 0.2332226 0.0316823 0.5847935 0.6082199 0.6578068 0.5309561 0.0102279 0.1353337 0.0744461 -0.0212839 0.1338117 -0.0545503 0.4854212 -0.5655010 0.0571392 0.3669033 0.2160491 0.1306898
-0.2437666 0.4679533 0.5680149 0.0000000 0.3633365 0.1828111 0.2146551 0.8789478 0.4348736 0.6989343 0.8556521 0.6368052 0.5358225 0.5833577 0.3125579 0.5074450 0.5019646 0.6140793 0.5674996 0.1478708 0.5780831 0.2628824 0.5590004 0.6037308 0.5636945 0.5902878 0.1010061 0.2313677 0.6873770 0.0027868 0.2665354 0.4956219 0.5170749 0.6853240 0.4714552 0.5866352 0.4064997 0.3788122 0.2846123 0.1923163 0.2682503 0.4605891 0.4433022 0.5275414 0.5030940 0.5132644 0.3287753 0.2625187 0.6747112 0.2718213 0.2399230 0.3445855 0.6525481 0.6126347 0.0286432 0.2828307 0.1664313 0.5467645 -0.1496575 0.0261847 0.1531663 0.4033201 0.0636641 0.5252922 0.2748163 0.0730853 -0.0457883 0.4620173 -0.0614039 0.3027250 -0.0403923 0.6263437 0.2012227 0.4340440 -0.2149355 0.2549575 0.2145468 0.4416816 0.4239857 0.4651808 0.5155406 0.0006283 0.4969866 0.3115453 0.5697400 0.5237243 0.5556833 0.4373254 0.5852687 0.4169842 0.2179366 0.3842375 0.3142107 0.2252060 0.5100261 0.6697035 0.3052067 0.4030381 0.3007931 0.2255794 0.2955743 0.5407208 0.5171309 0.1689552 0.5683512 0.5964049 0.3814660 0.6147020 0.6355393 0.3334889 0.4151810 0.2177328 0.3383470 0.4690207 0.1854754 0.3173872 0.3531315 0.1552872 0.3323143 0.3625834 0.4965252 0.4936053 0.4342873 0.5478460 0.4327927 0.5185993 0.6561387 0.4227938 0.4725614 0.7076086 0.5864188 0.5201189 0.5958394 0.1152392 0.4152276 0.2719889 0.8520542 0.4080790 0.5011840 0.5147371 0.0332870 0.4787729 0.0660191 0.1838690 0.5850713 0.0605287 0.4675378 0.4277497 0.2360217 0.4060502 0.0339948 0.4435376 0.3759196 0.1406553 0.6550244 -0.0258965 0.1026146 0.4128190 -0.0878880 0.0287246 0.5782471 0.2445534 0.2327567 0.0720067 0.4449718 0.4603455 0.4833152 0.0859141 0.1982234 0.3774653 0.5781267 0.5976533 -0.2141495 -0.1370411 0.0325126 0.2492940 0.4687777 -0.1013968 0.4385039 0.2287161 0.1382670 0.1888294 0.1233589 0.1942627 -0.0185955 0.0231207 0.2313953 0.4177888 0.5010476 0.4082813 0.2506327 0.2825929 0.4369903 0.2007576 0.4437450 0.3221295 0.4050817 0.4273196 0.3610844 0.5337813 -0.0193442 -0.2556718 0.1620728 0.1517732 0.1457809 0.0500922 0.4379790 -0.3258590 -0.1205141 -0.1475948 -0.0723242 0.3570317 -0.0439363 -0.3697851 0.2543677 -0.2705426 -0.1780736 -0.2296558
-0.5602511 -0.2382787 0.7704673 0.3633365 0.0000000 -0.2465973 -0.1590129 0.6295434 -0.1187693 0.1314198 0.3623093 -0.0484879 0.8450668 -0.0629487 -0.2371178 0.4665744 -0.1544074 0.3979419 0.6868040 0.5361477 -0.0370821 0.6545172 0.2347117 -0.0778578 0.6840498 0.5629136 -0.0428995 -0.1793460 0.1118183 -0.2355013 0.5305570 0.4708657 -0.1769131 0.0351173 0.2758792 0.3587718 0.4369235 0.6917028 -0.3269027 -0.3394055 0.3807248 0.4718820 0.0401382 -0.1660175 0.3455990 0.6796751 0.3017886 0.4269051 0.0446675 0.7867966 0.1927467 -0.1538367 0.2042546 0.0765475 0.3277611 0.6255356 0.2226603 0.2008209 0.0638192 -0.0168542 0.4392200 0.0998889 0.3828440 0.3046033 0.2555424 0.0649483 0.0758966 0.2548902 0.2006279 0.2112106 0.1343762 0.3981531 0.3721579 0.2266171 0.1154590 0.1267756 0.1433640 0.4694602 0.4347189 0.3659374 0.3891771 0.3965760 0.5121664 0.3138444 0.4015357 0.5596418 0.4824134 0.2601997 0.5241254 0.3199351 0.1497795 0.5970757 0.6323560 0.3043388 0.3675322 0.4763025 0.4550002 0.5441865 0.3057116 0.4216668 0.3651963 0.5465773 0.5697840 0.5091565 0.3893926 0.5856988 0.5566223 0.5887723 0.3950325 0.5101141 0.3329289 0.5375900 0.6108472 0.6798764 0.4549985 0.5911591 0.6665008 0.3486334 0.6071001 0.5315833 0.6900553 0.7165418 0.1215206 0.7159546 0.3765307 0.0400706 0.7275741 0.1624027 -0.0716113 0.7350666 0.1382176 0.3187754 0.2847749 0.4052089 0.1392494 0.4086226 0.4320094 -0.1505162 -0.0709486 -0.2344176 0.3337915 -0.1758765 -0.1467492 0.0647828 0.1114987 0.3398700 -0.1620070 -0.0336736 0.3870354 -0.0810902 -0.4579280 -0.0275037 -0.3154414 0.4023292 0.1612972 -0.1278838 0.1103498 0.0141718 0.0693806 -0.4089730 0.4767581 -0.0561119 0.0458712 -0.2070040 0.4218036 -0.0934353 0.1969998 0.2701614 0.0021844 -0.1326416 0.6329026 0.5556315 -0.3554688 -0.1821434 -0.3434461 -0.0260785 -0.0431238 0.1877151 0.0630952 0.1618929 0.1458797 0.0837408 0.1775835 0.1110232 0.2085412 0.2951645 0.5688774 0.4012723 0.2917072 0.6496443 0.3254613 0.2578713 0.3357062 0.0998131 0.0905427 0.0774079 0.1102560 0.1112757 0.4374739 0.1006840 0.0495825 -0.0080726 0.4788996 0.6061147 0.4643042 0.3187080 -0.2685248 0.0422422 -0.0669569 -0.0631758 -0.0538289 -0.1559137 0.2906171 -0.4438146 -0.2798548 0.2671247 -0.0454935 -0.2411511
0.3888084 0.7326646 -0.0134245 0.1828111 -0.2465973 0.0000000 0.7087654 0.0019562 0.8676633 0.6384647 0.4012424 0.4354852 -0.1599875 0.5358870 0.6802673 0.2216585 0.5080730 0.5213827 0.0781247 -0.1151255 -0.0066762 -0.0128321 0.5049462 0.6003593 0.2630871 0.3414546 0.3499022 0.6010489 0.0845590 0.6096373 -0.0887845 0.5488582 0.5908915 0.4446196 0.6319981 -0.2527847 0.4927414 0.2043114 0.8156948 0.6079285 0.2771073 -0.1307319 0.7351100 0.4876989 0.1909478 0.1184490 0.4579338 0.4960636 0.4331152 0.0649950 0.4936049 0.6985161 0.2895069 0.4585172 0.4960808 0.2089854 0.5295167 0.1483237 -0.2255822 0.6105532 -0.2038510 0.5066217 0.4075371 0.3046044 0.0017791 0.6623453 0.5384256 0.1518701 0.4279964 0.2641555 0.4893097 0.2936674 0.3770444 0.0849480 0.2670010 0.2108770 0.3603954 0.1887057 0.1288719 0.1361192 0.0721473 -0.0223369 0.1811599 -0.2297084 -0.3738349 0.0480278 0.2426185 -0.2615185 -0.1375714 -0.2084319 0.0339983 0.1504226 -0.0035695 -0.2956645 0.0172443 -0.0937949 -0.0713044 -0.0160174 -0.2249367 -0.1688216 -0.4044242 0.1479148 0.0894278 -0.2858254 -0.1911266 -0.4683830 -0.1797938 0.0543462 -0.2228809 -0.2596546 -0.5290416 -0.3806418 -0.2133137 -0.1884874 -0.3144426 -0.3024279 -0.2950921 -0.1934133 -0.2183756 -0.0642847 -0.0233095 -0.1407357 0.4905994 -0.0615291 0.2422778 0.3120742 0.0103637 0.5215310 0.3676161 0.1153395 0.3478243 0.4629991 0.1002220 -0.1078360 0.5758971 0.3832643 0.1512166 0.3611491 0.2880718 0.4110910 0.2263922 0.4447628 0.4830291 0.3161150 0.3417023 -0.0707673 0.2865712 0.1509377 0.4468800 0.5299598 0.1905795 0.2219277 0.6766285 0.0582976 0.2142030 -0.0879774 0.2948933 0.2421871 0.4934926 0.2342340 0.3211367 0.6797619 -0.3767776 0.3013167 0.6506654 0.2112873 0.1253816 0.4005294 0.5906487 0.5756890 0.1248923 0.3399959 0.5406874 0.3920102 0.6139476 0.2813758 0.1235556 -0.2250093 -0.1284233 -0.2032313 -0.1803710 -0.1890733 -0.2739863 -0.2449639 -0.1646462 -0.2248451 -0.2730544 -0.1954676 0.2511183 0.0930178 -0.2521633 0.1016064 0.1398253 -0.1768424 0.1636279 -0.0549703 -0.2123570 0.1156706 -0.0176012 0.2242318 0.4597659 0.1604597 0.1992207 -0.1937820 -0.1416762 0.0553500 0.4190352 0.1282078 0.4575543 0.1140998 0.6373372 0.1928009 0.0614616 0.2079092 0.1337593 -0.0738856 0.0021433 0.2231490
0.0681198 0.4693382 0.1594116 0.2146551 -0.1590129 0.7087654 0.0000000 0.0970269 0.6519284 0.6413223 0.2181116 0.6469541 -0.0646464 0.4466369 0.5922874 0.2055391 0.4422627 0.2828060 0.0513032 -0.1161285 0.0757997 -0.2952872 0.4914194 0.6802714 0.1395364 0.2493787 0.7111638 0.7337873 0.4643515 0.7905714 -0.1572359 0.3384038 0.6267887 0.6838087 0.5181474 -0.2731108 0.2871457 0.0035255 0.8576339 0.7923494 0.1726196 -0.0139800 0.6193029 0.4983234 0.4200098 -0.0592749 0.3329127 0.2695312 0.4617770 0.1501666 0.4492439 0.7139390 0.4826531 0.5976202 0.2013964 0.0841570 0.3005913 0.3020767 -0.2747111 0.4830796 -0.0548365 0.4702467 0.3058552 0.3696661 0.3837668 0.2743843 0.3647615 0.2819245 0.2215384 0.1919464 0.3146090 0.4163144 0.3587014 0.2801728 0.1582839 0.1547669 0.2069505 0.2843056 0.2595661 0.2464134 0.4290090 0.0213026 -0.0043330 -0.3504153 -0.2166885 -0.1884381 0.1238408 -0.3769029 -0.3286388 -0.5446544 -0.4884572 -0.1941634 -0.3222688 -0.5493017 -0.3669368 -0.3053517 -0.4654517 -0.3039407 -0.5069695 -0.4484857 -0.6192458 -0.0195181 -0.1457822 -0.3782878 -0.3852185 -0.4373239 -0.3286302 -0.0188525 -0.0818013 -0.1728838 -0.3209061 -0.2614290 -0.0329367 -0.0859284 -0.1740216 -0.1697806 -0.1503499 -0.2945787 -0.1789888 -0.1898269 0.0763713 0.0149322 0.2241796 0.1200109 -0.0532584 -0.0636127 0.1981347 0.1899915 -0.0389263 0.1278981 0.1015875 0.0251722 0.2306979 -0.2286364 0.0747143 0.4268846 0.0339586 -0.0829139 -0.0119962 -0.0053941 -0.0559154 0.0304744 0.4872723 -0.1208163 0.0221067 0.2948714 -0.0092072 -0.1737876 0.2159334 0.1908379 -0.0252542 -0.2299848 0.4304485 0.1673628 0.0469307 -0.4232836 0.0335876 -0.2131478 0.3073925 -0.0923748 0.0870239 0.5528378 -0.3731667 0.1914554 0.5032653 -0.2659516 0.1588186 0.1614377 0.4705712 0.5150505 -0.2167655 0.2775679 0.5636504 0.4247061 0.6467027 0.4807273 0.1114366 -0.2505368 -0.2899982 -0.3139531 -0.3782623 -0.3740340 -0.3309359 -0.3862365 -0.3213434 0.1413484 -0.2021646 0.0411615 0.3496136 0.2202666 -0.1739363 0.2216527 0.2883929 0.0728377 0.0551916 0.1565808 -0.0885655 0.3901286 0.3065920 -0.0310407 0.8308946 0.5532966 0.3594557 -0.0754563 0.2154326 0.2202346 0.4084066 0.4603069 0.7768397 0.4799821 0.8048614 -0.2420694 0.4159733 0.1512619 0.3779015 0.2409695 0.4706312 0.6371491
-0.2151603 0.1843055 0.6935277 0.8789478 0.6295434 0.0019562 0.0970269 0.0000000 0.2205816 0.5273934 0.8295434 0.4266426 0.8023260 0.2911134 0.1610153 0.7417059 0.2455902 0.5778806 0.8301203 0.4450526 0.4558090 0.4273898 0.6007358 0.3874397 0.7228987 0.7514017 -0.0044506 0.0082992 0.5930173 -0.1646210 0.5211412 0.5781990 0.2250855 0.4839408 0.5414019 0.6137176 0.5146985 0.5689614 0.0033741 -0.0230513 0.3825280 0.5184826 0.4183489 0.2618874 0.5062520 0.7048854 0.4052456 0.3144991 0.5072937 0.4751732 0.2942075 0.1787870 0.5803252 0.5428226 0.0642249 0.4083385 0.1686543 0.5401236 -0.1391166 -0.0146666 0.2244350 0.3489644 0.1459679 0.5707122 0.2305399 0.0060625 -0.0092676 0.4521519 -0.0334823 0.3790070 -0.0328360 0.7129395 0.2495444 0.4438941 -0.1657784 0.3082398 0.3670125 0.5511507 0.5035376 0.5100560 0.5305162 0.2303486 0.5520312 0.2902215 0.6268016 0.5823562 0.6024480 0.2663601 0.6392322 0.3341378 0.2013564 0.4914703 0.3612473 0.1260269 0.5374534 0.7008478 0.4011666 0.4141715 0.3062463 0.2324954 0.2081551 0.5449368 0.5225708 0.2364247 0.5876761 0.6760530 0.4366621 0.5924022 0.5439516 0.3763584 0.4072667 0.2561539 0.4555100 0.5407844 0.2455977 0.4110844 0.4680288 0.2498908 0.4337308 0.4689461 0.6189490 0.6303174 0.1841249 0.6450470 0.4107463 0.4372787 0.7965266 0.3158104 0.3382372 0.8470711 0.4985560 0.4877574 0.5943338 0.2236877 0.3205345 0.2495447 0.8592499 0.2741951 0.3558692 0.3687365 0.0359392 0.3463467 -0.0944604 0.2409293 0.4679706 0.0667065 0.2902944 0.3217236 0.3123315 0.2886708 -0.0963790 0.3995045 0.1962652 0.1942850 0.5629015 0.0549543 0.1231377 0.3369178 -0.0174635 -0.1687785 0.5933249 0.1361899 0.1345137 -0.0905472 0.4930492 0.3060656 0.2912113 0.1799789 0.1117931 0.1306805 0.5998038 0.6755379 -0.3758515 -0.2055099 -0.2121824 0.1027201 0.2787412 -0.1111398 0.3617100 0.1826456 0.0739054 0.1121409 0.1091288 0.1389783 0.0244871 0.0445670 0.3275467 0.3955740 0.5505149 0.5508070 0.3204607 0.3826917 0.4350990 0.1317555 0.3935737 0.1708890 0.2230861 0.3086244 0.3825312 0.4585215 -0.0020113 -0.1370479 0.3404243 0.2923982 0.2528061 0.1399000 0.2018921 -0.1915406 -0.1508409 -0.1448093 -0.0538975 0.2831620 0.0530328 -0.4364466 0.3102363 -0.1239110 -0.1469872 -0.2865868
0.2891869 0.7897030 0.1865302 0.4348736 -0.1187693 0.8676633 0.6519284 0.2205816 0.0000000 0.7977015 0.5408485 0.6108784 -0.0309436 0.7755891 0.7893236 0.1633377 0.7433139 0.5274511 0.0502430 -0.0559442 0.1932768 -0.0975128 0.5314348 0.8501406 0.1983743 0.2682574 0.4227618 0.8017912 0.3469522 0.7100257 -0.0779437 0.4247773 0.8450075 0.7423154 0.5134225 -0.1018243 0.3154030 0.1590987 0.8345854 0.6855103 0.1465680 -0.1717566 0.6056935 0.6508346 0.2215489 0.0770744 0.3035424 0.4444509 0.4642123 0.0845462 0.2929504 0.5635337 0.2906387 0.4271250 0.4230322 0.1497145 0.3294797 0.0911371 -0.4370081 0.3214832 -0.3294193 0.3368992 0.2780753 0.1803300 -0.1008307 0.4022479 0.2322683 0.0961604 0.1896531 0.0876517 0.1795325 0.2822627 0.2346064 0.0187069 0.0025911 0.0679424 0.1100840 0.0646781 0.0528415 -0.0058521 0.0855694 -0.3008072 0.1740926 -0.1878946 -0.1109324 0.0315540 0.1723973 -0.1173211 -0.1082609 -0.1564433 0.0112349 0.1849604 0.1359603 -0.1619821 0.0243896 0.1501262 0.0261703 0.2484130 -0.2492367 -0.0600431 -0.2531657 0.4282173 0.2497289 -0.0594703 0.0388167 -0.2309675 0.0144457 0.2355969 0.1241062 -0.0229745 -0.3413981 -0.1789179 -0.0830354 0.0329587 -0.1549603 -0.1199495 -0.1040586 -0.0744419 -0.0268827 0.0693504 0.1739252 0.0809054 0.5508258 0.1245060 0.4100793 0.4021484 0.2765229 0.6273143 0.4754536 0.3077206 0.5476521 0.6001367 0.4619641 -0.2322601 0.6953943 0.3742471 0.4547103 0.4269074 0.4780878 0.3326742 0.2281827 0.5578415 0.3459086 0.1180276 0.5024973 -0.0929523 0.4566334 0.3741802 0.4791780 0.6249572 -0.0072664 0.2752554 0.7334560 0.0167933 0.5070584 -0.3069075 0.2772266 0.3910548 0.3295839 0.0964056 0.6219324 0.6564118 -0.3455185 0.1930418 0.7343968 0.3556076 0.2379008 0.3962518 0.5320876 0.5622380 0.3430129 0.5014810 0.3391039 0.1301135 0.5350330 0.3418976 0.3258762 -0.2873861 -0.0103186 -0.2343701 -0.2084675 -0.2448079 -0.3811611 -0.2683826 -0.3279889 -0.3927292 -0.3372472 -0.1635332 0.2210970 0.0974825 -0.1603029 -0.0902963 0.0045129 -0.1143366 0.2302483 0.0053178 -0.0875914 0.0027529 -0.1042952 0.3028385 0.3425686 0.0735558 0.2057710 -0.0822922 -0.0301603 -0.0025454 0.6581112 -0.1036028 0.3780353 0.0284649 0.5896663 0.1323693 -0.0051714 -0.1092839 0.2062778 -0.2967058 0.0921548 0.1332646
-0.0715237 0.6688857 0.5184586 0.6989343 0.1314198 0.6384647 0.6413223 0.5273934 0.7977015 0.0000000 0.7494503 0.6307713 0.1823236 0.7765355 0.4495883 0.4186196 0.8064020 0.5935380 0.2957251 -0.1003895 0.1486973 -0.1399784 0.7530559 0.7366329 0.3467562 0.4613850 0.6097138 0.6623668 0.4365915 0.6035982 -0.1499163 0.4712018 0.7178722 0.7713608 0.5999689 0.0112399 0.3951975 0.1504744 0.7492092 0.5845984 0.0549436 0.0540505 0.6790992 0.5468596 0.4083826 0.2286439 0.3087088 0.2400352 0.5962733 0.1520620 0.3049257 0.6236911 0.5741639 0.6317278 0.1451649 0.1973067 0.2092197 0.2862633 -0.2323813 0.1694730 -0.0406316 0.4192343 0.1181032 0.4207072 0.2664432 0.1650774 0.0690634 0.2121065 0.0235389 0.1335983 0.0524395 0.6314986 0.1483957 0.5040746 -0.2232097 -0.0069873 0.1176103 0.2792856 0.1814381 0.2779249 0.4095335 -0.1277063 0.2739337 -0.0271811 0.1139474 0.0838871 0.3342116 -0.0773603 0.1177951 -0.0466605 -0.1014197 0.2750467 0.0868367 -0.1673725 0.1259457 0.3702960 0.0018014 0.1815069 0.0420953 -0.0361948 -0.1058954 0.3560104 0.2982055 -0.1065453 0.2668155 0.1296154 0.0543111 0.3355306 0.4596423 0.0548646 0.1307676 -0.0568881 0.0340333 0.1154026 -0.1220251 -0.0209682 0.0276537 -0.1778180 0.0454148 0.0896389 0.2762044 0.2499597 0.4722539 0.3489268 0.2139118 0.2687316 0.4995108 0.6127137 0.2385736 0.4110368 0.3753662 0.5839338 0.4264195 -0.0826106 0.4900336 0.6176418 0.5379674 0.1536716 0.2488817 0.2906237 0.1967949 0.3086612 0.4019177 0.0353713 0.3522921 0.2130099 0.2181392 0.1520271 0.3760491 0.4296113 0.0850965 0.1923227 0.4463462 0.2496844 0.4122661 -0.2997140 0.0420821 0.1845108 0.1312658 0.0083079 0.4960679 0.5709539 0.0138567 0.0253301 0.6297893 0.1922762 0.4952457 0.1639742 0.2559904 0.5474133 0.2802349 0.4485958 0.2890392 0.3007428 0.5620771 0.5273931 0.2841148 -0.2810586 -0.0795018 -0.1867496 -0.1297315 -0.0960943 -0.1151386 -0.0482047 -0.0579170 -0.0370181 0.1671950 0.3897194 0.6620680 0.4678904 0.0015249 0.1327172 0.4094030 0.1406119 0.2879927 0.2940707 0.2676922 0.4249021 0.3175137 0.3293082 0.4349307 0.1174231 0.3726132 0.2902530 0.1594854 0.1234229 0.4834340 0.0316905 0.4385150 0.2190662 0.4582761 0.2327131 0.1333416 -0.2531866 0.3264291 -0.1056061 0.2989471 0.3451296
0.0515511 0.6041341 0.5098344 0.8556521 0.3623093 0.4012424 0.2181116 0.8295434 0.5408485 0.7494503 0.0000000 0.4755214 0.4692503 0.4796704 0.3663957 0.7704862 0.4500454 0.8053534 0.6711956 0.1687050 0.3218973 0.3035860 0.7991551 0.5290027 0.6338630 0.7269881 0.0535431 0.1690211 0.4192402 0.0051070 0.2397002 0.6362401 0.4363144 0.5372877 0.6803535 0.3750642 0.6028174 0.4518883 0.2970679 0.1303411 0.2807302 0.3510904 0.6392003 0.4012560 0.4395487 0.5775404 0.4800315 0.3192790 0.6108831 0.2651129 0.3548930 0.3557231 0.6145508 0.5853292 0.1487059 0.3334776 0.3295190 0.4237246 -0.2185149 0.1463795 0.0512596 0.3905027 0.1648473 0.5770795 0.1545669 0.2268464 0.0974876 0.3193234 0.1561106 0.3533891 0.0803245 0.7726834 0.2168956 0.4905091 -0.0798762 0.2551154 0.4584386 0.3930504 0.3021701 0.3984762 0.2829685 0.2206337 0.4846082 0.1391382 0.3390741 0.4621063 0.6373405 0.1892217 0.4846734 0.2567476 0.2871557 0.5614012 0.3545126 0.0979978 0.5243024 0.5822075 0.3284056 0.3716068 0.3160829 0.2537870 0.1437988 0.4238968 0.4244882 0.1376442 0.4605763 0.4121429 0.2233537 0.4369351 0.3937278 0.0412727 0.1490837 -0.0192226 0.1692412 0.2710695 -0.0369445 0.1356664 0.1897785 0.0605010 0.2210166 0.3668761 0.3837112 0.3244766 0.4763812 0.4237401 0.4363281 0.6193695 0.5872588 0.6473179 0.5508364 0.7178228 0.6175855 0.6721690 0.5582499 0.2276867 0.5528598 0.4821864 0.8399022 0.4653508 0.4682252 0.6170186 0.1279769 0.5428516 0.0459977 0.4567039 0.6086327 0.0644565 0.4060665 0.3851620 0.3211437 0.4560459 0.0525379 0.5315913 0.4660635 0.1490317 0.5668683 0.1158465 0.1087442 0.5024085 -0.0012663 -0.0474586 0.5943283 0.3016511 0.0897388 -0.0734939 0.6056066 0.4130164 0.3225834 0.1175852 0.1386699 0.2564112 0.5538660 0.5683122 0.0204997 0.1277693 0.1929405 0.2742727 0.3235601 -0.1741847 0.2070445 0.0258603 0.0576089 0.0668485 0.0198588 0.0907650 0.0137346 -0.0804035 0.1944557 0.3177983 0.6916351 0.5711130 0.2115065 0.2635458 0.4340801 0.1242652 0.5161977 0.2254988 0.2096058 0.3169118 0.2053582 0.6124131 0.1041996 -0.0997742 0.3969523 0.2862585 0.0287955 -0.0400563 0.3927853 -0.1591313 0.0137220 -0.1183634 0.1335400 0.5587506 -0.1686780 -0.3002212 0.2588619 -0.2556841 -0.1929777 -0.2166754
-0.0242684 0.4882954 0.2208899 0.6368052 -0.0484879 0.4354852 0.6469541 0.4266426 0.6108784 0.6307713 0.4755214 0.0000000 0.1844983 0.4473709 0.6408407 0.2571712 0.4109376 0.3901054 0.1867705 -0.1816881 0.7229860 -0.1084391 0.4680707 0.7391731 0.1956956 0.3120827 0.4350497 0.5184073 0.8081732 0.4036912 0.0226675 0.2167314 0.7017369 0.8529186 0.3396719 0.2817304 0.2236076 0.1042587 0.6028243 0.5624454 0.2172613 0.2559507 0.3807616 0.6971571 0.6151842 0.1103713 0.3251288 0.2886551 0.7259999 0.1246989 0.2934890 0.4739227 0.6950475 0.6053240 0.1912485 0.1042660 0.2523300 0.4464338 -0.4214257 0.2927882 0.0289410 0.3597237 0.2294378 0.4445349 0.3681875 0.1466751 0.1352159 0.3943087 0.1000222 0.2776602 0.1798316 0.5525361 0.3216776 0.3668682 0.1619733 0.3603310 0.2543378 0.1771185 0.3778187 0.3381659 0.3136025 -0.2360015 0.0082226 0.0205985 0.3159724 0.1255635 0.1092442 0.0851527 0.0120605 -0.1628907 -0.3113692 -0.2588507 -0.2517695 -0.2339825 -0.0869052 0.0149799 -0.3549430 -0.1340817 -0.3668770 -0.2117405 -0.3177126 0.1884545 0.0299665 -0.1582457 -0.1576799 -0.1223277 -0.0586276 0.2250652 0.1630523 0.1498457 -0.1890495 -0.1334723 -0.0086267 0.1001603 -0.0633269 -0.0651712 -0.0418859 -0.1653302 -0.0714751 -0.0929469 0.0913026 0.0909299 0.2982741 0.1933629 0.0330811 0.1868264 0.3068038 0.1830289 0.1869834 0.3814134 0.2459824 0.3061596 0.6897514 -0.0283647 0.2393807 0.2207776 0.4420979 0.1058969 0.1951372 0.2196029 0.0088398 0.3366036 0.4039992 -0.0870151 0.1942263 0.2920270 0.2450028 0.1441873 0.2203914 0.5256616 -0.0307477 -0.0015533 0.5454645 0.1806476 0.3674435 -0.1844512 0.1888547 0.0033284 0.1574018 0.0589213 0.3038874 0.5415884 0.0062846 0.3032232 0.4163398 0.0470132 0.3218498 0.1771405 0.5237178 0.6229478 0.0839354 0.3995325 0.3005929 0.1928263 0.4901616 0.6551999 0.7608820 -0.0577283 0.2944147 -0.0599267 -0.2695593 -0.2365762 -0.2825269 -0.2174740 -0.4343610 0.0345062 -0.2395846 0.2109915 0.3808511 0.2613337 -0.0341141 0.2220815 0.3284855 0.3577763 0.2654509 0.4353193 0.2702851 0.4262586 0.2991757 0.1936057 0.3402435 0.1615184 0.0404036 -0.1136102 0.1191504 0.2337358 0.7693145 0.0588790 0.2989093 0.2279179 0.2996126 0.1191050 0.2022467 0.0665735 0.4299928 -0.1147125 0.2625841 0.1343966
-0.3700325 -0.2324113 0.7508334 0.5358225 0.8450668 -0.1599875 -0.0646464 0.8023260 -0.0309436 0.1823236 0.4692503 0.1844983 0.0000000 -0.0135466 -0.0327873 0.5895138 -0.1007983 0.3779563 0.8650184 0.6571272 0.3594500 0.6579354 0.2673393 0.0183693 0.7824283 0.7154659 -0.1502551 -0.1827998 0.3684646 -0.2790128 0.7572279 0.5662650 -0.1448518 0.1352806 0.3778692 0.6552753 0.5007939 0.7948798 -0.2910540 -0.2953960 0.5715391 0.6181932 0.1817303 -0.0617685 0.4990142 0.8369642 0.3813145 0.5415989 0.2291409 0.7478127 0.2998906 -0.0165065 0.3576164 0.2648298 0.3751447 0.6315509 0.1956919 0.4286411 0.0899230 0.0569570 0.5062201 0.3011269 0.3736833 0.4591140 0.2182630 0.0867351 0.1920140 0.4755901 0.0362419 0.4496654 0.2181835 0.5022412 0.4638634 0.2883401 0.0503914 0.4199788 0.3938064 0.6615911 0.6906669 0.6114431 0.5698118 0.2329004 0.5497169 0.4263937 0.6327717 0.6467513 0.4845119 0.2558110 0.6725434 0.3706993 0.1931763 0.4838780 0.4324320 0.1971281 0.4789977 0.6108590 0.4991387 0.4059184 0.2633278 0.3134935 0.1884433 0.5606505 0.5295968 0.3715232 0.4603219 0.5927212 0.5398737 0.5721085 0.3245416 0.5789519 0.2840223 0.3516203 0.4701692 0.5695893 0.3308622 0.4356403 0.5025448 0.3221572 0.4599524 0.4341692 0.6226526 0.6849561 0.0051369 0.5635868 0.3336797 0.1041168 0.7508033 0.0146192 -0.0011327 0.7618142 0.1914218 0.4042982 0.3684445 0.4520139 0.2967391 0.0968851 0.5948865 -0.0220906 0.0224018 0.0416338 0.3506296 0.0642032 0.0220079 0.1906360 0.1723588 0.1071942 -0.0454525 0.0657408 0.5679079 0.2241465 -0.1823080 0.1921640 -0.1401963 0.4376974 0.2627151 0.0553254 0.3939894 0.0666203 0.3305732 -0.1373864 0.5140437 0.1627285 0.0552398 0.0019690 0.4630161 0.0950457 0.2264058 0.5180773 0.2476891 0.0881073 0.6391551 0.7290988 -0.5329416 -0.3370945 -0.4782358 -0.0881477 0.1701260 0.2062832 0.4434072 0.3774821 0.1864265 0.2049096 0.2352206 0.2010895 0.1849474 0.1675846 0.4646053 0.3544168 0.3277605 0.5176456 0.1901778 0.5236009 0.4348429 -0.0458756 0.0527445 -0.0772643 0.0051193 0.1554490 0.5050917 0.0878015 -0.0745567 -0.1049879 0.2635358 0.3129544 0.3539228 0.4915832 -0.0953483 -0.1101775 -0.2423386 -0.0937305 -0.1234411 0.0766786 0.3915864 -0.3178790 0.1356365 0.2124913 -0.1367632 -0.3333110
-0.1304681 0.6205507 0.2880889 0.5833577 -0.0629487 0.5358870 0.4466369 0.2911134 0.7755891 0.7765355 0.4796704 0.4473709 -0.0135466 0.0000000 0.4734101 -0.0686652 0.9294280 0.4146720 -0.0645755 -0.1304603 0.1926978 -0.2267066 0.3365441 0.7738019 0.0763392 0.1005496 0.4003963 0.8000534 0.4332058 0.6404102 -0.2392380 0.2661047 0.8058576 0.7081588 0.2884269 0.1127837 0.0516968 -0.0104260 0.6983192 0.5657555 -0.1189928 -0.0009897 0.4389958 0.5720580 0.2162103 0.0057982 -0.0217834 0.1703048 0.3824253 -0.0352033 0.0371227 0.4586972 0.2770653 0.3509402 0.1021544 0.0089056 -0.0471758 0.1374750 -0.2089911 -0.0061434 -0.1226421 0.2909060 -0.0468867 0.0863332 0.0468577 0.0732084 -0.0462214 0.1765106 -0.2337492 -0.0414198 -0.1010198 0.0953912 0.0439546 0.0739957 -0.4272625 -0.0948213 -0.2390890 0.1597234 0.0666271 0.0779264 0.3608748 -0.4472771 0.1686698 -0.0894351 0.0372628 -0.0170201 0.1305533 0.1667954 0.0604688 0.1177313 0.1499545 0.2508800 0.2978152 0.1281300 0.1173880 0.4246992 0.2205077 0.4379166 -0.0120453 0.0312877 0.1377936 0.5405072 0.3311039 0.0842685 0.4293037 0.1657603 0.1811407 0.3314616 0.5878743 0.0777289 0.2181919 0.0882139 0.0119617 0.1606096 -0.0589023 0.0150567 0.0227115 -0.0880480 0.0612761 0.0734076 0.2383619 0.1906105 0.5320292 0.2151833 0.4350843 0.2578825 0.3387685 0.4929736 0.3748750 0.2026282 0.5566429 0.4082754 0.2815190 -0.2075267 0.5548541 0.2618173 0.5197100 0.3475125 0.4763377 0.2530088 0.1765249 0.3369270 0.2708442 -0.0741151 0.5228700 -0.1123371 0.4265178 0.3440030 0.3398776 0.3023123 0.0503903 0.2991306 0.3693660 0.0473600 0.5117460 -0.5408096 0.0849139 0.3709400 0.0606334 0.0472867 0.5171059 0.3296001 -0.0518357 -0.0290127 0.4424356 0.4184106 0.5137452 0.1556186 0.1675589 0.3944978 0.4170575 0.4312560 0.0193569 -0.1295091 0.2780995 0.1517683 0.1928974 -0.1065702 0.1310375 0.0006589 0.0844087 0.0492710 -0.1041614 -0.0264589 -0.1382339 -0.1570957 -0.0382348 0.1003045 0.1341070 -0.0622116 -0.1513599 -0.0334210 0.1210858 -0.2122234 0.0497395 -0.0307474 0.1259034 0.1799319 0.0955334 0.1913545 0.1491875 -0.0761740 0.0272884 -0.0201038 -0.0648104 -0.1179151 0.4469293 -0.4364683 0.2228323 0.0778325 0.3296001 0.0660967 -0.0300747 -0.3296182 0.1717499 -0.2836302 -0.0045725 0.1387828
0.4981750 0.7274838 0.0653665 0.3125579 -0.2371178 0.6802673 0.5922874 0.1610153 0.7893236 0.4495883 0.3663957 0.6408407 -0.0327873 0.4734101 0.0000000 0.1307112 0.3323615 0.3281207 0.0034793 0.1925158 0.4048837 -0.0237127 0.2471014 0.7975677 0.1092945 0.1260369 0.0614021 0.6583168 0.4893415 0.5014077 0.2030095 0.2596964 0.7527896 0.6922822 0.3094801 0.0025490 0.1468554 0.1606489 0.6559613 0.5632098 0.3536085 -0.0599370 0.3741288 0.5978764 0.2148757 -0.0055112 0.2526704 0.4698305 0.3499485 0.1402582 0.2523056 0.3563487 0.1711524 0.2806729 0.4307957 0.0916012 0.2854774 0.0906141 -0.3972893 0.3275900 -0.3023019 0.2004014 0.3166129 0.0683522 -0.2094080 0.3095712 0.2740171 0.1670687 0.2246529 0.1157149 0.2155928 0.1508184 0.3253447 -0.2345913 0.1542072 0.2550794 0.2540557 0.0593172 0.1355086 -0.0222321 0.0570145 -0.2023954 0.1183787 -0.1955413 0.0343779 -0.0250436 0.2381210 0.0630638 -0.1910101 -0.2691078 -0.0829639 0.0678191 0.0378256 -0.0505267 -0.1255902 -0.1081314 -0.0403524 0.0712715 -0.3824239 0.0629011 -0.3454015 0.1953045 -0.0142462 0.1356952 -0.2571313 -0.3465424 -0.1840233 0.0288270 -0.2399821 -0.0872394 -0.5836684 -0.2968795 -0.0976835 -0.0025103 -0.0755931 -0.0959390 -0.0980981 0.0710527 -0.0154771 0.0799166 0.1390730 0.0234590 0.5216631 -0.1051069 0.4066503 0.4298112 0.2409997 0.3698564 0.5279537 0.3095834 0.6028922 0.2542999 0.5831325 -0.1455447 0.5764203 0.0972391 0.4029581 0.5111057 0.5374153 0.3857686 0.1021751 0.6438383 0.1886010 0.2281290 0.5273812 -0.1659948 0.4911207 0.3954240 0.3268901 0.6349930 -0.0883179 0.2370075 0.8092266 -0.0444877 0.4207661 -0.1711568 0.4310157 0.3599196 0.3177857 0.0743807 0.5001071 0.5574480 -0.5923457 0.3574689 0.6403506 0.2840747 0.0058451 0.3708018 0.6395597 0.4751199 0.2134848 0.5207509 0.2701864 -0.0582524 0.3382193 0.1158173 0.3602005 -0.1705843 0.1628054 -0.0109601 -0.0701854 -0.1472582 -0.2926652 -0.1939467 -0.4090691 -0.4301434 -0.6243614 -0.4790446 0.0021428 -0.0092740 -0.1437232 -0.0505310 -0.1539006 -0.1876487 0.2158461 -0.1701772 -0.3894154 -0.2263879 -0.2823866 0.2179094 0.3467236 0.1884571 0.2455913 -0.2874849 0.0840805 0.0450411 0.7807363 0.0107951 0.2447571 -0.1095800 0.5837582 0.0599271 0.0380203 0.0006593 0.3055111 -0.1652859 -0.0332225 -0.0025336
0.1180363 0.1921975 0.4304330 0.5074450 0.4665744 0.2216585 0.2055391 0.7417059 0.1633377 0.4186196 0.7704862 0.2571712 0.5895138 -0.0686652 0.1307112 0.0000000 -0.0271344 0.6545016 0.8670184 0.3085016 0.1521280 0.3727568 0.8010781 0.1364994 0.7010953 0.8450073 0.0058707 -0.1795794 0.2538794 -0.1912170 0.3966213 0.6439891 -0.0249990 0.1850770 0.7363958 0.2788629 0.7183556 0.5366591 0.0031262 -0.0836183 0.3986847 0.4392885 0.6178510 0.0427555 0.4957308 0.6667653 0.6084354 0.2948330 0.4453614 0.3878746 0.5037277 0.2528580 0.6086463 0.5461834 0.1415989 0.3958731 0.3988179 0.4705961 -0.1461355 0.2771414 0.2201951 0.3920366 0.2930324 0.7072637 0.2874277 0.2124853 0.2838384 0.3451245 0.3003323 0.5258850 0.2576134 0.8911715 0.3294347 0.6107073 0.1889064 0.4175631 0.7571196 0.5072074 0.4253641 0.5272379 0.2690581 0.5898516 0.3549747 0.0191324 0.2335484 0.3962903 0.5761608 -0.1558061 0.3757927 -0.0274575 0.0782330 0.4051764 0.0951645 -0.2276481 0.3581757 0.2838104 0.1225417 0.0129464 0.1644586 0.0376565 -0.1874192 0.0968433 0.1426444 -0.0407679 0.1545290 0.2218553 0.0215115 0.1705562 0.0231440 -0.1095303 -0.0310212 -0.1737684 0.1338082 0.1138342 -0.1317378 0.0333195 0.1028213 -0.0373794 0.0924935 0.2384390 0.2577023 0.2190689 0.0553376 0.3408478 0.1080336 0.3295545 0.4784336 0.3222018 0.1917820 0.6445577 0.2422485 0.4091198 0.3750666 0.3950385 0.1940372 0.4353786 0.5436887 0.1185475 0.0496902 0.3864527 0.0370349 0.2082919 0.0131527 0.4940650 0.2079975 0.2251781 -0.0042589 0.0014124 0.2692968 0.2096998 0.0144351 0.2723459 0.1962857 0.2482963 0.1741520 0.2910420 0.0654692 0.1443087 0.1249404 -0.2163471 0.2590198 0.1843218 0.0136138 -0.1817915 0.4847780 -0.0228932 0.0267611 0.1192972 0.0586150 0.0053427 0.2340110 0.4268398 0.0871765 0.3188871 0.0842387 0.2367350 0.1002619 -0.1147374 0.0224641 -0.0842262 -0.1150280 -0.0964712 -0.0151374 -0.0516895 0.0408754 0.1451294 0.2620214 0.3221714 0.7763660 0.7069922 0.1913037 0.5005114 0.5394807 0.1482473 0.3747217 0.1473875 0.0001923 0.3499663 0.3314113 0.3714220 0.2809554 0.2158141 0.5279706 0.3301274 0.0798689 0.1200457 0.0577393 0.2457779 0.1354386 0.0923061 0.2103578 0.4462691 0.0337872 -0.0734332 0.3671863 0.0970106 -0.0460213 -0.0976521
-0.0616664 0.5109434 0.1965603 0.5019646 -0.1544074 0.5080730 0.4422627 0.2455902 0.7433139 0.8064020 0.4500454 0.4109376 -0.1007983 0.9294280 0.3323615 -0.0271344 0.0000000 0.3067420 -0.0855110 -0.2808454 0.1129662 -0.4198058 0.4635290 0.6965518 -0.0235869 0.0935906 0.5746917 0.7578064 0.3576329 0.6817106 -0.3973459 0.1826001 0.7462961 0.6574479 0.3208715 0.0021335 0.0421455 -0.1514656 0.6973438 0.6313136 -0.2915717 -0.1731297 0.4871177 0.5514324 0.1586429 -0.0659939 -0.0216184 -0.0014061 0.3987007 -0.1969006 0.0312043 0.4981361 0.2953755 0.4124389 -0.0464309 -0.0956529 -0.0980007 0.1215380 -0.3237876 -0.0586508 -0.2531313 0.2692353 -0.1515782 0.1131046 0.0401737 -0.0152199 -0.1356217 0.0670880 -0.3054034 -0.0682640 -0.2148310 0.1568296 -0.1218779 0.2042553 -0.4968094 -0.1830991 -0.2621339 0.0297408 -0.0687294 -0.0261776 0.2273962 -0.5181901 0.0011848 -0.1981147 -0.0624250 -0.1550140 -0.0735045 -0.1151897 -0.0638827 -0.0249864 0.0145504 0.0861214 0.0667936 -0.1441764 0.0319389 0.3975210 0.0531643 0.2770330 -0.0783781 -0.2073918 -0.0308965 0.4293805 0.2397883 -0.1801260 0.4309437 0.0981274 0.0968851 0.2144528 0.6136647 0.0028005 0.2524865 -0.0240419 -0.1104302 -0.0037271 -0.2089872 -0.1343854 -0.1253340 -0.2483991 -0.0993306 -0.0845336 0.0834746 0.0695832 0.2716113 0.1877632 0.2013766 0.1562229 0.2136393 0.4423067 0.2418056 0.0666645 0.3651201 0.4673820 0.2304469 -0.3450951 0.4256578 0.2634802 0.4190664 0.2133137 0.3418368 0.1847076 0.0767494 0.2611585 0.2885188 -0.2178120 0.3278749 -0.0973411 0.3266775 0.2577139 0.2746943 0.2774381 0.1563379 0.2204114 0.3332885 -0.0082362 0.4470995 -0.4878740 -0.0480529 0.2680412 0.0174920 0.0600000 0.4104275 0.3387076 0.0961516 -0.1362632 0.3506356 0.3498150 0.4722852 0.0808128 0.0376173 0.3404845 0.2357090 0.2622200 0.0697835 0.0068339 0.3630936 0.2863112 0.1665132 -0.2728393 -0.0071710 -0.2349197 -0.1370719 -0.1295416 -0.2549095 -0.1509979 -0.2142584 -0.2191338 -0.0399892 0.1723036 0.2363442 -0.0636714 -0.1983792 -0.0959767 0.0879880 -0.1219320 0.0319825 0.0570901 0.2141135 0.2189835 0.0604285 0.1617425 0.1276780 -0.0515641 -0.0533898 -0.0119242 -0.1747102 -0.1904682 0.3776494 -0.3763322 0.2919670 0.1774813 0.3068309 0.1043080 -0.1151722 -0.3292580 0.3047642 -0.3765072 0.1903503 0.2665965
