0.0000000 0.2372651 0.5448198 -0.3262539 0.4789444 -0.1441820 0.1316134 0.0245305 0.1537704 0.2612463 0.0614577 0.0511162 -0.0353727 0.1516571 0.3368097 0.1405898 0.5947008 0.3448380 -0.0447270 -0.0625339 -0.0377043 0.4076573 0.2403497 0.1148117 -0.1651489 -0.1839665 0.1700999 -0.1152947 -0.2464217 -0.0479622 0.1969476 0.0185127 -0.0854386 -0.0738213 -0.0482082 -0.0521228 0.0874965 0.0212380 0.2796749 0.3754083 0.2569619 -0.2803026 0.2512339 0.0430830 -0.0682052 -0.1429686 -0.3357308 0.0770542 -0.1045516 -0.0779286 -0.2544627 0.6736953 -0.1810436 0.4550877 0.0919150 -0.1595880 -0.0698029 -0.0232982 0.0143238 -0.2345916 -0.1671350 0.1011906 0.1665400 -0.1000804 0.0787768 -0.0187048 -0.2995512 0.1773579 -0.0172138 -0.2994491 -0.2850338 -0.2355692 -0.3701120 0.0615926 -0.0896031 -0.4448742 -0.2949855 -0.2884927 0.0308588 0.5582489 0.1594300 -0.3960535 -0.0617606 -0.0859644 -0.2042136 0.0312710 0.2127376 -0.0603195 -0.0282828 0.0567932 0.0030463 0.2090865 0.3122059 -0.2007031 0.0807848 0.1147109 -0.0682338 0.2139587 0.0112514 -0.2185927 0.0000162 0.0631383 -0.0445113 -0.4294304 -0.2526696 0.2605317 -0.0654232 0.0151794 -0.1072757 -0.1635111 -0.1434492 0.1425185 0.1911185 0.1419420 -0.0622166 0.2977907 0.2809922 0.2248292 0.4644580 0.2864497 0.3194126 0.2306724 0.1324424 0.5578924 0.2855550 0.3352916 0.3884981 0.0358164 0.2876094 0.3785205 0.3067472 0.2508225 0.3219081 0.5265462 0.1990897 0.1314325 0.2265468 0.5270402 0.0456563 0.5533199 0.1183152 0.5209047 -0.4838274 0.5041688 0.2565296 0.1980469 0.1617976 0.0514717 0.1815896 0.4094135 0.4442171 0.5332259 0.4188406 -0.0396690 0.0745238 0.1501896 -0.0315036 0.4605075 -0.1364474 0.0921481 0.2458169 0.4635564 -0.0452957 -0.0545171 0.3814061 0.2828361 0.2403444 0.1319975 0.1937080 -0.1388788 0.3078186 0.0920967 0.2322894 0.1222049 0.6613333 0.5207896 0.5833246 0.5585886 0.5609867 0.5641330 0.2962870 -0.2185251 -0.0884552 -0.1990275 0.3693614 0.0796928 0.1846877 0.2359949 0.1969614 0.0222943 0.2710634 0.2465944 0.7363441 0.3822890 0.3618500 0.4904758 0.3792694 0.7582390 0.7140537 0.3748856 0.7848340 0.7582499 0.6485296 0.7355539 0.5724020 0.3859012 0.3798407 0.3977938 0.7356460 0.7111572 0.6110889 0.7031478 0.4109725 0.5104175 0.3834128 0.2407686 0.5190182 0.7295849
0.2372651 0.0000000 -0.0202421 0.6287517 -0.1790896 0.8261167 0.2098273 0.4063547 0.3207786 0.4880970 0.1404027 0.3898186 -0.0153435 0.2779206 0.2435428 0.0407826 0.1934470 0.0678428 0.0710136 -0.1925757 0.8100050 -0.0393929 0.3172990 0.2589226 0.0864709 0.1251455 0.0673681 0.0121804 0.4825111 0.4512355 0.0028602 -0.1279877 0.2059163 0.3178192 -0.0575959 0.5704890 0.0396365 -0.0042754 0.2951279 0.4074352 0.1185340 0.4329498 0.1128863 0.1724319 0.4731027 0.2168009 0.0831402 0.0188493 0.2019839 -0.1441416 0.0015538 0.0825397 0.3635123 0.3523386 -0.1466574 0.2309770 0.2038371 0.4079567 -0.0612278 0.0123384 0.6188306 0.1647375 0.1074541 0.4827526 0.5863757 -0.0740705 0.2251044 0.2074298 0.0377232 0.5699942 -0.0167810 0.6290141 0.1956298 0.4332275 -0.2119748 0.4281380 0.5313985 0.1492542 0.5339039 0.5279566 0.1315643 0.1082891 -0.3809384 -0.3529631 -0.4614871 -0.1955151 0.0292289 -0.4685549 -0.2724891 -0.5306389 -0.1119725 0.2371201 -0.0362722 -0.0142220 -0.2340143 0.1884292 0.2075913 -0.1812112 -0.2287918 -0.1204711 -0.0661698 -0.0753659 -0.3273754 0.1180029 0.1978108 0.0276895 -0.1214693 -0.0875779 -0.1857109 -0.1864171 -0.0838627 -0.1946640 0.1021861 -0.0280726 -0.1093459 0.0235274 -0.0753061 0.0778738 0.0113922 -0.1638513 -0.1264494 -0.0058110 0.3130611 0.3636154 -0.0056274 -0.3356582 0.1759133 0.1684215 -0.0818901 0.4482180 0.0884196 0.1172651 0.6128309 0.3492264 0.1051547 0.1402261 0.1259210 0.0573769 -0.1618615 -0.1327970 0.2563374 0.0426590 0.0482847 -0.2633354 -0.0052973 0.2353664 0.1933194 0.0290071 0.4154605 0.2300887 0.1387618 0.2426256 0.2819975 0.4571792 -0.1463849 -0.0283175 0.1221536 0.0894307 0.1567891 0.0619052 0.0806551 0.3456415 0.3415779 0.0869401 0.1768427 0.2423951 0.4167017 0.2999132 0.4010048 0.1650512 0.3570745 0.2157840 0.0230863 0.4142149 0.5955448 0.7859296 0.6161933 0.2743541 0.5623144 0.2257625 0.2428782 -0.0706190 -0.0335916 -0.1572816 0.1214088 0.6513582 0.3880261 -0.0964228 0.4387145 0.4715105 -0.2306751 0.4997142 0.2959310 -0.1235313 -0.2864141 -0.1680491 -0.1082049 0.1533809 0.2834538 -0.2881287 0.5210270 0.2645093 0.2401122 0.2392917 0.1336269 -0.2773432 -0.3041871 0.1746462 0.3179462 0.1530176 0.2352197 0.0279295 0.0745420 0.0702505 0.0876736 0.0750057 -0.0201805 0.2273018
0.5448198 -0.0202421 0.0000000 -0.0892813 0.7782380 -0.3655596 -0.2085039 0.4610571 -0.2758208 0.0965893 0.2390927 -0.4127821 0.6089338 0.2467022 -0.0344296 0.3580759 0.2494968 0.0615106 0.0609407 0.4549207 -0.2734144 0.6927209 0.2741600 -0.0401037 0.0219283 0.0001367 0.3292328 -0.0660956 -0.1559746 0.0585422 0.3501028 0.1556474 -0.1511470 -0.1726667 0.2257764 -0.1801247 0.3651854 0.3634381 0.1747323 0.0545726 0.0342562 -0.3291697 0.3285470 -0.0258025 -0.1666571 0.0299276 0.0598330 0.2532302 -0.1085868 0.3327145 0.0649618 0.5222493 -0.1559405 0.3695787 0.3476933 0.1617659 0.2577605 -0.0267862 -0.1777486 0.1008068 -0.2490444 0.2981254 0.3108354 -0.1081008 -0.2340293 0.1622835 -0.0665797 -0.0936659 0.2048920 -0.1600893 -0.0404155 -0.1028817 -0.1566186 0.2276492 0.0501703 -0.1830128 0.0859997 -0.1650740 0.1465982 0.5890039 0.0815689 -0.4004936 0.0087398 -0.1079685 -0.2665794 0.1573379 0.2608339 0.0362145 -0.0211756 0.0785822 0.0650449 0.1659990 0.3756547 -0.2837760 0.2641673 0.2020957 0.1233478 0.2667051 0.3160522 -0.1856833 -0.1563049 -0.0706268 -0.0319618 -0.5333617 0.0195846 0.2279176 -0.0976574 -0.0378942 0.1074307 0.0397091 0.0652359 0.1857362 0.0302630 0.2468019 0.2161670 0.2317534 0.4178076 0.2759500 0.3136763 0.3324534 0.3102099 0.2510377 -0.0162384 0.2190288 0.1768163 0.5413931 -0.0235220 -0.1789948 0.3635909 0.1591717 0.2281293 0.4138951 -0.1364043 0.2120266 0.5133599 -0.0036107 -0.0128924 0.3001911 0.0865210 0.4699377 -0.0816801 0.3891736 -0.2178085 0.4269706 0.3005620 -0.1799206 -0.0547110 -0.0103421 -0.0324222 0.3376738 0.3907620 0.4932677 0.1616528 -0.3893493 0.0565797 0.3820737 0.0677345 0.1352668 0.0712154 0.0554177 -0.0675800 0.2022937 -0.1977548 -0.0011324 -0.0072571 0.2009182 -0.0902767 -0.2055826 -0.1149996 -0.3867604 -0.0733353 -0.1736531 -0.0492048 0.0143068 0.0962949 0.0762740 0.1861522 0.4060204 0.2986530 0.4570069 0.1617685 -0.0009321 -0.1760262 0.1816659 0.0978878 0.0195278 0.3157396 0.4915284 0.4873914 -0.0003810 0.2692619 0.2757966 0.5776482 0.3318965 0.4087650 0.4499498 0.2918169 0.4866358 0.3643602 0.4627777 0.6107769 0.1499571 -0.0581258 0.2037909 0.4889467 0.4998756 0.2951802 0.1856660 0.4946566 0.3396888 -0.0568262 0.4110744 0.4556102 0.1810637 -0.0079035 0.1324500 0.3093334 0.5377450
-0.3262539 0.6287517 -0.0892813 0.0000000 -0.3257883 0.7253846 0.2177427 0.6999873 0.2318741 0.2435622 0.1975399 0.2535921 0.0660769 0.3000542 0.1205190 0.0484777 -0.3590083 -0.0001416 0.0785876 0.0133434 0.6649705 -0.0667289 -0.0063308 0.2392469 0.1665600 0.1792740 -0.1826022 0.1456056 0.7284260 0.3369166 -0.0413208 -0.0934906 0.3192668 0.4373993 -0.1261873 0.5830506 0.0568306 -0.0704505 0.0799005 0.1112885 -0.0567020 0.6613822 -0.2539176 0.2328785 0.6396568 0.1967191 0.1601501 -0.0907549 0.3705348 0.0084433 0.0300247 -0.4088433 0.5653905 -0.0782655 -0.1793624 0.2325899 0.2186343 0.3709214 -0.2622866 0.0489855 0.6559264 0.0129927 0.0285584 0.6253126 0.5303220 0.1195495 0.2801984 0.0308545 0.0925592 0.7176733 0.2736017 0.9371827 0.3172538 0.5803537 -0.0260129 0.8250639 0.9145598 0.4437119 0.7148526 0.3801049 0.1706791 0.1227470 -0.1760845 -0.2600988 -0.3062201 -0.1528151 0.0735751 -0.5254787 -0.3274254 -0.4686319 -0.0879027 0.1130612 -0.1661480 -0.2609775 -0.0869235 0.3376733 0.2782040 -0.1760934 -0.0314854 -0.2393831 -0.1458162 -0.0642857 -0.2177503 0.1202004 0.4250618 0.0990404 -0.1044895 0.1064090 -0.0263691 -0.0138660 0.1568111 -0.2010732 -0.0347097 0.0286436 0.0303695 -0.0935970 -0.0711381 -0.0203185 -0.2843903 -0.4643317 -0.2401349 0.0088403 0.3557426 -0.2755980 -0.4439865 -0.4307269 0.0233777 0.0987780 -0.4477700 0.1838554 -0.2101332 -0.0134729 0.3508635 -0.0750106 0.1563960 0.0905908 -0.1523133 -0.4394982 -0.3085538 -0.2156574 0.0465970 -0.2561575 0.2734834 -0.4029798 -0.0285829 0.2577858 -0.0766621 -0.0723483 0.0576054 0.1016331 0.1705058 0.0881674 -0.1461311 0.2349018 -0.2875810 -0.1056858 0.2333949 -0.1383774 0.2025625 0.1841382 -0.0965264 0.0165031 0.0870105 0.1788315 -0.1659934 0.0303566 0.1217063 -0.1300889 -0.0076753 0.2014548 0.0066741 -0.0638227 -0.6430437 0.0561173 -0.0655755 0.3213896 0.0690029 -0.2123847 0.0127508 -0.1893935 -0.2391841 -0.0181358 -0.0931937 -0.1346118 -0.1890783 0.4844811 0.4985253 0.0068165 0.5707068 0.6388752 -0.5173669 0.6253906 -0.0698056 -0.5475017 -0.6076422 -0.5930234 -0.4143645 -0.4293420 -0.1576567 -0.4071887 0.0815413 -0.3225369 -0.3017005 -0.2060429 -0.0850842 -0.4395455 -0.6024079 -0.1515584 -0.0097810 -0.3909849 -0.1470386 -0.3481694 -0.1143712 -0.4981921 -0.3363285 -0.1075137 -0.3787718 -0.3140713
0.4789444 -0.1790896 0.7782380 -0.3257883 0.0000000 -0.5099411 -0.0661069 0.1364517 -0.5464887 -0.1034431 0.3325890 -0.6734189 0.4370792 -0.0198979 -0.3599556 0.2966258 0.4853299 -0.2089938 -0.3666149 0.5284133 -0.6130437 0.4195633 0.3769322 -0.3504960 -0.2934257 -0.1796688 0.4431129 -0.3834533 -0.5436161 -0.2171594 0.3904581 -0.0019195 -0.4110680 -0.4711503 0.4078160 -0.5738861 0.1935956 0.3465859 -0.1355799 -0.2737702 0.2052384 -0.6566138 0.4431111 -0.3716112 -0.5468201 -0.1575665 0.0219839 0.3244315 -0.4067333 0.2166443 0.1861742 0.3785081 -0.4760894 0.1500780 0.3377198 -0.0032006 0.0824179 -0.4027923 -0.1902130 0.1978091 -0.6207853 0.3399541 0.2658452 -0.4605853 -0.4388699 0.3087764 -0.0242439 0.0827536 0.3713396 -0.3087105 0.0973718 -0.3806110 -0.1711041 0.2706740 0.3629651 -0.4646223 -0.0650190 -0.1497286 -0.0754667 0.3646521 0.0514500 -0.3491333 -0.2199858 -0.2875688 -0.2528090 -0.1139788 0.0695810 0.2202612 -0.1648853 0.0648910 -0.0878821 0.0042640 0.1154571 -0.4199857 -0.0647574 -0.0926450 -0.1302063 0.0041622 -0.1676017 -0.3770309 -0.3616044 -0.1748435 -0.3246034 -0.6963675 -0.2465774 -0.0414741 -0.3155076 -0.3292419 -0.1251355 -0.1544324 -0.2635251 0.0370966 -0.0700481 0.1272487 0.1016445 0.1705192 0.3146391 0.1518193 0.2515590 0.2807627 0.2744122 0.1339531 -0.3560508 0.0683206 0.2623601 0.4312715 -0.0658798 -0.5034454 0.3158944 -0.1064103 0.0862513 0.2324301 -0.2548288 -0.0477153 0.2076104 -0.3442363 -0.2224475 0.1798305 -0.1227469 0.0930774 -0.3713645 0.0176926 -0.1909176 0.2092465 -0.0587793 -0.5022275 -0.2616956 -0.1810275 -0.0177992 -0.1553425 -0.1107885 0.2049117 -0.0030883 -0.5391846 -0.0902111 0.1189503 0.0397998 -0.2339391 0.1934468 -0.1942946 -0.2906602 -0.1238967 -0.5189202 -0.1154330 -0.2737954 -0.1823300 -0.4205710 -0.2487888 -0.2699885 -0.6741183 -0.3236854 -0.2458361 0.1726383 0.0230507 0.0829679 -0.0865160 0.0807231 0.5096435 0.1007645 0.3589124 0.1701315 -0.1273498 -0.2677035 0.0801560 0.1048312 -0.0810912 0.3149879 0.6984139 0.4707154 -0.2297744 0.2107658 -0.0469289 0.3968854 0.3519933 0.3726296 0.4193359 0.1221511 0.4547734 0.3388898 0.2419716 0.5099701 0.1136224 -0.0938507 0.1443760 0.6061772 0.4461882 0.1540189 0.4362009 0.4460713 0.3748974 -0.1937423 0.1233676 0.6265489 0.1197706 -0.1795376 0.2931453 0.2409216 0.4097762
-0.1441820 0.8261167 -0.3655596 0.7253846 -0.5099411 0.0000000 0.3864180 0.2371604 0.4043257 0.2781754 -0.1124336 0.5662381 -0.2140513 0.1625257 0.3136562 -0.2156833 -0.1427619 0.0987377 0.1232224 -0.2677737 0.8564849 -0.2824747 0.0304175 0.3775746 0.0821077 0.0395322 -0.2084913 0.1630021 0.7095151 0.3588671 -0.1251450 -0.1625927 0.4038752 0.5332873 -0.2945337 0.6570560 -0.1314624 -0.0844275 0.1590032 0.2576168 0.0529389 0.6540816 -0.1687577 0.2854540 0.7166266 0.1616433 0.0457924 -0.0731915 0.3732543 -0.1442005 -0.0989282 -0.2776894 0.5678700 -0.0669213 -0.1448080 0.2015278 0.0874970 0.3873173 -0.1838138 -0.1107195 0.7638081 -0.1002919 0.1503288 0.5801020 0.6248205 -0.0668263 0.1474018 -0.0137905 0.0763285 0.5031761 0.0642470 0.7144963 0.1691873 0.4286463 -0.1242214 0.5738807 0.5945658 0.2908430 0.5181048 0.2095335 0.1354183 0.2654152 -0.3108942 -0.3153535 -0.3308574 -0.2249992 -0.2430724 -0.5019313 -0.2391538 -0.4919138 -0.2002203 -0.0000610 -0.3363128 -0.0329662 -0.2829161 0.0647418 0.0373001 -0.3117836 -0.2359829 -0.1551619 0.0288286 -0.1246390 -0.2232282 0.4153518 0.1410439 -0.0691067 -0.0449637 -0.0836887 -0.2176354 -0.1421146 -0.0553286 -0.2809409 0.0185103 -0.2103887 -0.1690796 -0.1686216 -0.2968907 -0.0810723 -0.2439483 -0.4573163 -0.3430610 -0.1739822 0.2955879 0.0947870 -0.2492632 -0.6211287 0.0323633 0.3097831 -0.4047558 0.2803071 -0.1590490 -0.0063969 0.5929258 0.1063177 -0.1720719 0.2067582 -0.0069047 -0.2260002 -0.1298619 -0.2517961 0.3231086 -0.1356997 0.2260118 -0.4203921 -0.1612967 0.4208406 0.1482644 0.0757850 0.3125896 0.1629719 0.1226045 0.0074988 0.0815014 0.6182202 -0.1576903 -0.1140245 0.2052854 -0.0268082 0.1309351 0.2632703 0.0723413 0.1511178 0.4313511 0.2483961 0.0504311 0.1819387 0.4640370 0.2594724 0.3234746 0.3572862 0.2700095 0.1715347 -0.0884430 0.2327400 0.3369123 0.6454787 0.3013261 -0.1521152 0.2401295 -0.1780041 0.0136405 -0.0345901 -0.0467907 -0.2108783 -0.2398948 0.7119591 0.2078611 -0.2098806 0.3021044 0.5772733 -0.4900437 0.5051195 -0.0203033 -0.4470937 -0.6065842 -0.5191734 -0.3149627 -0.2229283 0.0671334 -0.4777572 0.1639951 0.1658490 0.2135505 0.1170105 -0.2692922 -0.5253402 -0.4697185 0.0328768 0.0628960 -0.0140142 0.2163271 -0.1480990 -0.2356266 -0.0833729 0.0945443 0.0262330 -0.1574075 -0.1270246
0.1316134 0.2098273 -0.2085039 0.2177427 -0.0661069 0.3864180 0.0000000 -0.0678046 0.4315348 -0.0733239 -0.2457471 0.4047688 -0.1798906 0.1040643 0.2849699 -0.2599099 0.0769685 0.0304671 -0.1404055 -0.0225209 0.1391178 -0.1539741 -0.0114183 0.4024198 -0.2036615 -0.2366290 -0.2359834 0.0463369 0.3303355 0.0193838 0.1706204 -0.1723575 0.3736934 0.3962939 -0.3500582 -0.1183527 -0.0848738 -0.0868245 -0.0636352 0.0322122 0.1862424 0.0649606 -0.3670537 0.1870735 0.3038055 -0.1076636 -0.2928333 -0.0339252 0.2189025 -0.0526999 -0.2835169 -0.3043439 0.2774718 -0.4143973 0.0110859 -0.0541405 -0.1408826 -0.0876084 -0.6720951 -0.3882946 0.0022233 -0.2275988 0.2130484 0.1739844 0.1399754 0.2909297 -0.1275455 0.0385076 0.3624648 -0.0049177 0.3141796 0.1860680 -0.0666754 0.3941630 0.3826164 0.2055312 0.2770225 0.4523024 0.4176164 0.1089429 0.4680411 -0.1541850 -0.2255847 -0.3064944 -0.5212987 -0.3400856 -0.3851618 -0.4759369 -0.3378569 -0.4820283 -0.4182935 -0.3200804 -0.4986398 -0.4244742 -0.4126884 0.0307419 -0.2319566 -0.3545025 -0.3759245 -0.5806165 -0.1185924 -0.2344159 -0.4714625 -0.0256327 -0.1673728 0.0836287 -0.0894565 -0.1100017 -0.3025426 -0.0673620 -0.2160232 0.0021511 0.0340014 -0.0919867 0.1526266 0.1749451 0.1109726 0.1558199 0.0982243 -0.2809656 0.1128501 0.2054789 -0.0818679 -0.0938436 -0.2924817 -0.4766940 0.3380469 -0.0508200 -0.4662341 0.1701865 -0.1457102 -0.3618349 0.3249777 -0.0954812 -0.6690090 -0.0663318 -0.1871584 -0.1721579 -0.3413822 -0.1396571 -0.1331197 -0.1563125 -0.1953257 -0.2285202 -0.3222192 0.4355310 -0.0503230 -0.0316769 -0.0020649 -0.0864411 -0.0698159 0.0273302 0.0273125 0.0679104 -0.1062404 -0.5328577 0.1729535 -0.0949999 0.0612492 0.0988833 0.1095880 -0.1228197 -0.2259604 -0.0331242 -0.1256491 -0.3083778 -0.0637837 -0.0144062 -0.3265160 -0.1028943 0.0200093 -0.0737962 -0.0850856 -0.1397078 0.1249952 0.3446662 0.0096470 -0.2709743 -0.2890016 -0.4757573 -0.3140570 -0.6353989 -0.5697316 -0.6192082 -0.3633141 0.1683388 0.0970382 0.2556582 0.2999253 0.2401102 -0.3766181 0.3950556 0.0003826 -0.5416839 -0.5675961 -0.4892160 -0.0509191 -0.1738165 0.3844170 -0.2291061 0.1092462 0.2621071 0.4373320 0.4939632 -0.0311234 -0.3644539 -0.3659986 0.4840055 0.1897858 0.1836107 0.4204372 0.0532452 -0.0605389 -0.0211625 0.1967447 0.4061283 0.1000221 -0.0259903
0.0245305 0.4063547 0.4610571 0.6999873 0.1364517 0.2371604 -0.0678046 0.0000000 -0.0365883 0.3965227 0.5585375 -0.0569957 0.5521220 0.1995079 0.0223361 0.5237106 -0.0689071 -0.0450285 0.2219300 0.1854472 0.3315872 0.3578066 0.3449365 -0.0441126 0.1532940 0.2977961 0.1524649 -0.0645019 0.3237921 0.1191031 0.0972449 0.0465329 -0.0974448 -0.0195798 0.1990604 0.4427978 0.2570504 0.0918591 0.0392364 0.0472495 -0.1459744 0.4068846 0.0553589 -0.0433321 0.3424817 0.1809832 0.1160875 -0.0484183 -0.0254744 0.1602484 0.0837145 0.0638411 0.0990167 0.2359397 -0.1186078 0.1198687 0.2186381 0.1156454 -0.0981560 0.0869462 0.3807266 0.2423658 -0.0823279 0.2311623 0.2253609 0.0686381 0.1802936 0.1771806 0.0214319 0.5359776 0.1180351 0.6482347 0.2526892 0.4912023 -0.0950591 0.5742732 0.7178933 0.1200851 0.5754293 0.6579906 0.0728496 -0.2102388 0.1318421 0.0040474 -0.1791191 -0.0132107 0.3197337 -0.1748193 -0.1728381 -0.1447837 0.1979919 0.4001079 0.2418118 -0.1560892 0.2526816 0.4068664 0.3760953 0.0919505 0.2280899 -0.0754158 0.0640041 0.0238906 -0.0675631 -0.0844868 0.3912201 0.2847124 -0.1579207 0.1479853 0.1040615 0.1202143 0.2272590 0.0184288 -0.0673436 0.1089937 0.1561829 0.0908580 0.2432738 0.1672339 -0.0137363 -0.1096438 0.0415759 0.1626118 0.1130675 -0.1352362 -0.1815293 0.0397148 0.0832899 -0.0228464 -0.0830565 0.1993480 0.0448829 0.2049727 0.1905778 0.1651176 0.4558022 0.2147061 -0.0381843 -0.2260895 -0.1794291 0.0770182 0.0435133 -0.0279176 0.0477805 -0.0089088 0.2553329 0.1801912 -0.0632408 0.0671561 -0.0272820 0.2309373 0.3441328 0.3183739 -0.1189500 0.0212182 -0.0517591 0.1759132 0.1631732 0.0951520 0.2104991 0.0423427 -0.0195935 0.0478445 -0.1618369 0.0143076 -0.0593201 0.1419943 -0.0342667 -0.2447150 -0.1410105 -0.0351959 0.0590161 -0.1214447 -0.6153272 0.0196708 0.0130885 0.2117251 0.2123177 0.1876919 0.1818615 0.2643974 0.0049065 0.1547419 0.0790082 0.1913438 0.1845324 0.2268791 0.5864532 0.2353178 0.7107687 0.6649524 -0.2130637 0.6788824 0.3410290 -0.2074988 -0.1415861 -0.1557951 -0.1826173 0.0053062 0.0053653 -0.0500803 0.3362496 -0.3151944 -0.3839206 -0.1953407 0.3083434 -0.0184510 -0.3012791 -0.0390524 0.1461958 -0.2551329 -0.2753331 -0.0747459 0.1971102 -0.2925024 -0.2644203 -0.0324747 -0.0943947 0.0817894
0.1537704 0.3207786 -0.2758208 0.2318741 -0.5464887 0.4043257 0.4315348 -0.0365883 0.0000000 0.3215526 -0.4339624 0.8255927 -0.2324885 0.6293604 0.7993344 -0.3713044 -0.1150321 0.6360699 0.1373530 -0.5000736 0.5883367 0.0408059 -0.3509580 0.7775133 -0.0022211 -0.1132435 -0.1622264 0.5705632 0.6691881 0.4755136 -0.2807952 -0.2161712 0.6651344 0.6955431 -0.5889552 0.4459314 -0.1232487 -0.4663866 0.5554684 0.6516041 -0.2646857 0.4821576 -0.3604927 0.6095942 0.5823992 -0.1190063 -0.2827632 -0.4171875 0.5959317 -0.3704693 -0.4202815 0.1571340 0.6315036 0.0554223 -0.2814862 -0.1278385 -0.0713070 0.4579364 -0.2061778 -0.4496539 0.4925269 -0.2528384 -0.0049916 0.6402974 0.6635607 -0.2890654 -0.2639138 0.0132806 -0.3165803 0.2375179 -0.2938113 0.4018346 -0.0578731 0.1022124 -0.3759560 0.3479349 0.0904293 0.0612507 0.2998713 0.0356147 0.1782795 -0.0923326 0.1726791 0.1529229 -0.1806773 0.0440999 -0.0061848 -0.5463152 -0.0103865 -0.2414843 -0.0744892 -0.0077595 -0.1389188 0.2235367 0.0366340 0.3951680 0.1274099 -0.0685183 0.2168465 0.1496734 0.2116317 -0.1292141 0.1709079 0.2845021 0.2007792 0.4064840 0.2629934 0.5028833 -0.0046870 0.1637469 0.1154031 0.1040383 0.2289762 0.0636300 0.1586175 0.1546687 0.0594713 0.2179405 0.1826440 -0.0756667 0.1219385 0.2471600 0.5613334 0.3643089 -0.2611689 -0.1869077 0.3579452 0.6683722 -0.2203083 0.4046881 0.1603156 -0.0082257 0.3068967 0.2966812 -0.0441347 0.4415185 0.3555684 0.1250131 0.1087228 0.2578222 0.3809817 0.3618853 -0.2696456 0.0993843 0.3353246 0.5972582 0.4391477 0.2601935 0.2001859 0.3283628 0.3807481 0.3578041 0.3799406 0.4709583 0.1745902 -0.0056447 0.0925812 0.5918413 -0.1647013 0.4178242 0.6205225 0.4241071 0.4885084 0.0427404 0.5541019 0.2937562 0.4942242 0.4467819 0.3187127 0.4614238 0.5721049 0.4274682 -0.2317766 0.1244521 0.2748927 0.4013292 0.2086537 -0.2984361 0.1299253 -0.2647355 -0.1360312 -0.3876665 -0.1586520 -0.5336569 -0.0557655 0.2825707 -0.2242700 -0.4631700 -0.1659546 0.1905933 -0.0839789 0.4648970 0.1480717 -0.3021725 -0.2609201 -0.2041541 0.2300264 0.0333451 0.2429397 0.0993395 0.0680421 0.3367244 0.5406528 0.3361717 -0.2557879 -0.1362779 -0.0198551 -0.2607306 0.2091144 0.2531097 0.6562560 0.4505366 -0.2646191 0.3108742 0.5591166 -0.2305180 0.3562913 0.0899660
0.2612463 0.4880970 0.0965893 0.2435622 -0.1034431 0.2781754 -0.0733239 0.3965227 0.3215526 0.0000000 0.5568485 0.1970253 0.1719343 0.1706799 0.3184588 0.5609666 0.4747482 0.1164997 0.1484068 -0.1269610 0.4916453 0.3189405 0.4959777 -0.1101250 0.2114512 0.5069521 -0.0048868 -0.0759644 0.1316720 0.0843039 0.0802684 0.3391210 -0.2170621 -0.0975670 0.4191716 0.4241464 0.3836304 0.1438672 0.0474353 0.2497137 0.1301597 0.3365289 0.5532828 -0.1405096 0.1553284 0.4812987 0.3248094 0.1001721 -0.1490316 0.1605852 0.3453956 0.3557891 -0.0279056 0.5291814 0.1750660 0.3407810 0.4414509 0.2185172 0.2531356 0.3361518 0.4317234 0.5344979 0.1814533 0.1527582 0.3172597 0.0487050 0.3548408 0.6138894 0.1225294 0.6297948 -0.0250141 0.4106134 0.3623508 0.1327974 -0.1711496 0.2627059 0.2205477 0.0527177 0.2214094 0.2558399 -0.0430680 -0.1786845 0.0765788 0.0225862 -0.1279913 0.1300331 0.2573512 -0.2255410 0.0597912 -0.1434164 0.2772678 0.4463396 0.3070950 0.2356607 0.1673639 0.3421849 0.3046854 0.0753661 0.0557981 0.1960456 0.0253096 0.1719934 0.0894541 -0.0061258 0.2447521 0.2765119 0.2079604 0.3295138 0.1271490 0.1133498 0.0166210 -0.0370943 0.1715975 0.1265424 -0.1219702 0.0875082 0.0509421 0.0227980 0.2052588 0.0745442 0.0525115 0.1361548 0.3870753 0.2940485 -0.0094989 0.1237515 0.2982003 0.1814822 0.1472670 0.4749186 0.3194633 0.0637059 0.4012300 0.4934287 0.2944771 0.2310353 0.4206049 0.1954529 0.2664822 0.1305771 0.2267727 0.2686083 -0.1015281 0.2301631 0.2798326 0.3018106 0.3102418 0.3154185 0.1458913 0.1843071 0.2323393 0.3243523 0.1698364 0.3374627 0.2511002 0.3774512 -0.2031529 0.4446595 -0.0259643 0.0415761 0.3465150 0.2615667 0.2736551 -0.2912247 0.3690520 0.4314186 0.3337987 0.3875218 0.3408286 0.1797035 0.4966219 0.4235759 -0.1356351 0.1353591 0.2430510 0.2060515 0.3349281 0.2466408 0.3431682 0.2530670 -0.0012496 -0.1052189 0.2487573 -0.0195697 0.4412388 0.2404112 0.2732919 -0.1483209 0.1663479 0.2687357 0.1184022 0.2562385 0.2922536 0.1407135 0.0988551 0.1267263 0.2792922 0.3095048 0.1028129 0.1447546 0.5149961 0.1332440 0.1899472 0.1300748 0.3191511 0.1861474 0.1704214 0.0360086 0.3100501 0.0568093 0.2429764 0.1965121 0.1949598 0.4414521 0.2412945 0.0157025 0.4221457 0.3121806
0.0614577 0.1404027 0.2390927 0.1975399 0.3325890 -0.1124336 -0.2457471 0.5585375 -0.4339624 0.5568485 0.0000000 -0.4344484 0.3024502 -0.3098034 -0.2853438 0.8883357 0.4885215 -0.3078740 -0.0980798 0.2738774 -0.0640482 0.2806578 0.7171632 -0.7517356 0.1009335 0.4973300 0.1249274 -0.6605201 -0.3989208 -0.4626019 0.2683083 0.3323389 -0.7531542 -0.6779199 0.8164009 0.0009179 0.3812878 0.2949361 -0.5087020 -0.4165078 0.1962375 -0.0366002 0.5897350 -0.6879984 -0.2865638 0.3027488 0.3847393 0.2340318 -0.6496235 0.2815166 0.5952755 0.0384923 -0.5512554 0.3045553 0.1693827 0.1953820 0.3312965 -0.3220076 0.2143782 0.5835319 -0.0570547 0.6930094 0.0507755 -0.3723166 -0.1549314 0.2804712 0.5141273 0.7239570 0.2665433 0.5208708 0.2493518 0.2216831 0.4662066 0.2275900 0.1620170 0.1232347 0.3355230 0.0237942 0.0467014 0.1988850 -0.2357839 -0.1708201 -0.0737049 -0.1690425 -0.0163861 -0.1311956 0.1759803 0.1967970 -0.2213384 -0.0423679 0.1228412 0.2852360 0.2004996 -0.1503484 -0.0610036 -0.0382447 0.0316866 -0.0562238 -0.2578062 -0.0967929 -0.1918391 0.1148111 -0.2319738 -0.3886218 -0.0390477 -0.1392301 -0.2685826 -0.0942232 -0.1002981 -0.1438413 -0.2455067 -0.2069860 -0.1631300 -0.0551045 -0.2533941 -0.0732176 0.0053796 -0.1647085 -0.0337574 -0.0561455 -0.0815571 -0.0736072 -0.2315547 -0.2188769 -0.0556242 0.0781846 0.0775429 -0.4990224 0.0745280 -0.0092235 -0.0422366 -0.1377451 0.1124288 0.0405828 0.2279244 -0.2941826 -0.1015806 -0.1829198 -0.1923636 -0.2418397 -0.2775515 -0.3011757 -0.0272026 0.0163607 -0.1479858 -0.1685990 -0.2319474 0.0168465 -0.0703346 -0.2814296 -0.1785713 -0.1236149 -0.3508069 -0.1599381 0.0577919 0.1496278 -0.2458068 -0.1596979 0.1261601 -0.4170739 -0.1873626 -0.3172755 -0.3691771 -0.4555365 -0.1858920 -0.0909512 -0.3323111 -0.1467265 -0.1995196 -0.3840799 -0.0863384 -0.0381223 -0.2692772 -0.0628298 -0.0952993 -0.1759894 0.1404619 0.4022239 0.0983026 0.3399824 0.0145640 -0.0003862 0.1626145 0.1402051 0.4246094 -0.0529345 0.5035467 0.2426715 0.4436076 0.2389757 -0.0203598 0.0530381 0.1428335 0.1830636 0.1181960 0.1124263 -0.0824461 0.1669789 -0.2122478 -0.1323624 0.3348986 -0.2882681 -0.4302838 -0.2653519 0.4799380 0.0575868 -0.1696401 0.1693357 0.0585410 -0.3142787 -0.4387672 -0.3554504 0.2819832 -0.0947065 -0.4456086 0.1341274 -0.0550317 -0.0075526
0.0511162 0.3898186 -0.4127821 0.2535921 -0.6734189 0.5662381 0.4047688 -0.0569957 0.8255927 0.1970253 -0.4344484 0.0000000 -0.3130727 0.2587421 0.7568953 -0.4036232 -0.0962593 0.4540610 0.2522423 -0.7343478 0.7152605 -0.1909606 -0.2657773 0.6247819 0.0712095 -0.1548616 -0.1343518 0.3803657 0.5685312 0.3124184 -0.4811284 -0.1182381 0.5110813 0.5309283 -0.5908587 0.5187800 -0.2179930 -0.3905948 0.4554632 0.5267400 -0.3152096 0.4497994 -0.3071441 0.4159002 0.5726072 -0.0435425 -0.2716215 -0.4381711 0.3919540 -0.3268996 -0.3477315 0.0856233 0.4624856 -0.0969519 -0.3108032 -0.1077059 -0.1597524 0.2378510 -0.2500356 -0.3928608 0.5394113 -0.2334232 -0.0614614 0.4183448 0.5750000 -0.3652638 -0.1578833 -0.0334986 -0.3372706 0.1776144 -0.3373883 0.3768852 0.0003647 0.0215013 -0.4445104 0.2552624 0.1365326 -0.0122753 0.0914511 -0.0186303 -0.0456253 0.0149978 0.0994552 0.1361648 -0.0343361 -0.0384249 -0.1440134 -0.2607593 -0.1226914 -0.2003153 -0.0993454 -0.0024981 -0.1052403 0.2531369 -0.0326637 0.2736347 0.0442185 0.0493927 0.1298513 0.2377494 0.4933519 0.0253050 0.2079662 0.5345708 0.1223703 0.3029560 0.2440453 0.3904532 -0.1004923 0.2161763 0.0595147 0.2204367 0.3936157 -0.0304306 0.1695619 0.2579476 0.0569541 0.3073410 0.2449193 0.0173719 0.1315961 0.1962481 0.3596346 0.4515793 -0.0353783 -0.3206669 0.4960451 0.5801462 -0.0842433 0.5473602 0.2517011 -0.1220337 0.6100860 0.4727131 -0.2850242 0.4819312 0.4678493 0.1265773 0.1236190 0.1989795 0.3932088 0.3210809 -0.2642778 0.1157483 0.2623893 0.7886748 0.3859885 0.3064166 0.1486868 0.4538625 0.3656928 0.2388141 0.3390583 0.6110314 0.3445264 0.0979513 0.0373624 0.5642109 -0.2165665 0.2224562 0.6511447 0.4136821 0.6426550 0.0318601 0.6009909 0.4520820 0.6847406 0.3744371 0.2820815 0.4176125 0.6231128 0.3097653 -0.0833417 0.1479434 0.3521530 0.5070975 0.4234376 -0.1785440 0.2879275 -0.1551841 0.1499343 -0.1890136 -0.1649798 -0.4623212 -0.2947597 0.3526199 -0.3858106 -0.6391876 -0.2223704 0.3836376 0.0250673 0.4666432 0.0002913 -0.1284098 -0.1970226 -0.1277025 0.2217845 0.0071243 0.0816023 0.0347739 -0.0819641 0.3124301 0.5382132 0.2961650 -0.5248389 -0.4148735 -0.0637059 -0.2942531 -0.0600231 0.1094553 0.5347455 0.3061735 -0.5859068 0.2519744 0.5099979 -0.3191389 0.0779734 -0.0619445
-0.0353727 -0.0153435 0.6089338 0.0660769 0.4370792 -0.2140513 -0.1798906 0.5521220 -0.2324885 0.1719343 0.3024502 -0.3130727 0.0000000 0.1914606 -0.3064081 0.4799155 0.1355956 -0.2968102 0.3389555 0.4627050 -0.1045141 0.5039377 0.4938219 -0.1184363 0.1891166 0.3856513 0.6021769 -0.0822798 -0.0223433 0.1943277 0.3092300 0.1318671 -0.1782740 -0.2385902 0.4257009 -0.1004403 0.4869630 0.4526858 0.1074222 -0.0177439 -0.1405261 -0.1308628 0.3280221 -0.1162478 -0.1609218 0.2422679 0.3672005 0.2739550 -0.1912351 0.4193109 0.3004080 0.2998823 -0.1978100 0.3099362 0.2373701 0.2785742 0.3853320 -0.0358608 -0.1336366 0.2387397 -0.1510425 0.3934993 0.0749541 -0.1552923 -0.3600815 0.1369446 0.2072524 -0.0146483 0.2059372 0.1684718 0.1707914 -0.0417002 0.3236424 0.1248848 0.0853906 0.2540248 0.2461732 0.0252908 0.2385538 0.2876725 0.0478299 -0.0729980 0.2227149 0.1617855 -0.2295645 0.1666348 0.1589019 0.1974638 0.1175552 0.0231611 0.2153603 0.2188809 0.2091933 0.1984280 0.2090527 0.1110120 0.2387033 0.0267086 0.2239340 0.2387955 0.1734458 -0.1510087 -0.0444843 -0.0652689 0.2271518 0.1226398 -0.1156235 -0.0301273 0.1962482 0.2105912 0.1975814 0.1104438 -0.1948455 -0.0133911 0.3175010 0.0738000 0.2433929 0.1768819 0.0574394 0.3004148 0.1535412 0.0777385 -0.3171087 -0.0118608 0.1198644 0.4099006 -0.2135882 -0.1054629 0.3347891 -0.0634505 0.2086234 0.3039541 -0.3437387 0.0008036 0.3067797 0.1154944 -0.0047971 0.1310412 0.1903475 -0.0242987 0.0997768 0.1669515 0.1038815 0.0629959 0.2764408 -0.2580139 0.2119038 0.2961875 0.1334393 0.0641276 -0.0376362 0.1402609 0.1706744 -0.1699020 0.2557870 0.1971615 0.1343223 0.0046579 0.3184474 -0.2071262 0.0161633 0.0016392 -0.2269283 -0.0830748 -0.0342801 -0.0461094 -0.3196694 -0.0236566 -0.1914415 -0.2208582 0.0353277 0.0004236 -0.0248518 0.1241532 -0.1149586 -0.1575435 0.0296929 0.2105808 0.0525337 0.1731311 0.1262843 0.1542488 0.0195415 0.4696222 0.1253662 -0.1201424 0.1237544 0.3290071 0.3675194 0.0290539 0.1802140 0.1661111 0.1996880 0.1090460 0.3168593 0.2437978 0.2187905 0.0897003 0.0387091 0.2875096 0.1081007 -0.2582768 -0.4195129 -0.2888805 0.2611855 0.2845739 0.1235111 0.1114247 0.0217624 -0.0160840 -0.4283713 -0.0065776 0.3300314 0.0381399 -0.0410307 0.1945377 0.2552680 0.2628835
0.1516571 0.2779206 0.2467022 0.3000542 -0.0198979 0.1625257 0.1040643 0.1995079 0.6293604 0.1706799 -0.3098034 0.2587421 0.1914606 0.0000000 0.3756231 -0.2853926 -0.1787997 0.4793933 0.0874544 0.0174670 0.2983804 0.4360482 -0.3679911 0.7275591 0.0332385 -0.0815795 0.1728502 0.6590443 0.6050345 0.7501753 0.0130849 -0.2335838 0.7172385 0.6873929 -0.3754459 0.1768010 0.1035522 -0.2079811 0.7347332 0.6299096 -0.1341276 0.2240990 -0.1857962 0.7349357 0.3549440 -0.1140589 -0.0269539 -0.1430486 0.7532258 -0.1876430 -0.2170871 0.3279035 0.7182191 0.3141231 -0.0913412 0.0973546 0.2178080 0.6712690 -0.2972771 -0.1895087 0.2245610 -0.0365591 0.1911580 0.7661781 0.4323401 -0.1414236 -0.1394625 -0.2436299 -0.1423309 0.2661552 -0.1441534 0.3625291 -0.0233111 0.2274618 -0.2684365 0.4029008 0.2579660 0.0834059 0.4948236 0.2797995 0.3045963 0.0980168 0.1378927 0.0212935 -0.3485233 0.1976381 0.2370850 -0.4892759 0.0507412 -0.1680545 -0.0022418 0.0052393 -0.0135559 0.0824225 0.1073583 0.4321948 0.2556817 -0.0379314 0.2996745 0.0715283 -0.1417821 -0.2386047 0.0887714 -0.1513998 0.3575964 0.3366492 0.0815686 0.4182261 0.1593559 0.0610389 0.2340538 0.0369669 0.0038672 0.1926844 0.2612094 0.0384223 0.1174948 0.1901611 0.0466200 -0.0011144 0.0965188 0.2190488 0.5754529 0.2209061 -0.1990314 0.0988835 -0.0759378 0.5451118 -0.0724462 0.1566841 0.1064351 0.4705991 -0.2015519 0.0001949 0.4954000 0.2755807 0.0944516 0.0808227 0.0354162 0.1836742 0.2920159 0.3132863 0.0632658 -0.0890148 0.3452313 -0.0217435 0.4043118 0.1454817 0.3454183 0.1865741 0.2494096 0.4080465 0.4178759 0.1041250 -0.1679507 0.1011498 0.4363082 0.3313085 0.2316751 0.4338186 0.2754874 0.4205636 0.2012064 0.3277742 0.3203291 0.1127464 0.1887241 0.3010537 0.3250568 0.2723022 0.3007910 0.3918653 -0.2897613 0.1053270 0.0879010 0.1923763 0.0311596 -0.2291686 0.1121923 -0.1960250 -0.1984396 -0.3289850 -0.2621624 -0.2943217 0.0052432 0.2067241 0.0448599 -0.0816382 0.1187862 -0.0927506 -0.0620988 0.4086253 0.2206289 -0.2025380 -0.1082435 -0.1112101 0.0741661 -0.0158956 0.2664591 0.0914239 0.2576601 0.1834558 0.1156280 0.1311970 0.0775998 0.2431898 -0.0572532 -0.2618367 0.4574893 0.2542551 0.3332804 0.3540956 0.1888277 0.0264547 0.1970423 -0.1578371 0.2832377 0.1609249
0.3368097 0.2435428 -0.0344296 0.1205190 -0.3599556 0.3136562 0.2849699 0.0223361 0.7993344 0.3184588 -0.2853438 0.7568953 -0.3064081 0.3756231 0.0000000 -0.2448179 -0.0181402 0.7882070 0.0293568 -0.5734267 0.4826379 0.1441535 -0.2751106 0.5961959 -0.1350822 -0.3044099 -0.3053747 0.3855851 0.5008347 0.1441854 -0.4099855 -0.1784087 0.4140621 0.4819314 -0.5384464 0.4980647 -0.2754878 -0.4864632 0.3054301 0.3609123 -0.4200736 0.4628826 -0.2291333 0.3438747 0.6038124 -0.2771631 -0.4332170 -0.5369930 0.3466357 -0.4019214 -0.4452346 0.2536885 0.4289715 -0.0612631 -0.2223254 -0.2438969 -0.2063276 0.1676862 -0.1654870 -0.4545912 0.5532448 -0.2017419 0.1114362 0.4220571 0.6921010 -0.4554302 -0.3849985 0.0808388 -0.3896961 0.0722349 -0.5730407 0.3783680 -0.2423466 0.1815853 -0.5452225 0.0713088 0.0356994 -0.3045635 0.0103812 0.0734285 -0.1754676 -0.3892251 0.1238710 0.0601802 -0.0375556 -0.0315615 -0.1950230 -0.4253915 -0.1125944 -0.1107922 -0.1707844 -0.0732516 -0.1036827 0.0861144 0.0747398 0.2544456 -0.0818385 -0.0128861 0.3162495 0.0352982 0.1969461 -0.1734036 0.2226389 0.2163557 -0.0612260 0.3093925 0.2499744 0.3742211 -0.1949705 0.1194598 -0.1284972 0.1185305 0.2910777 0.0261338 0.0303157 0.1595298 0.0913585 0.2585567 0.2928658 -0.1125425 0.1237330 0.2138300 0.4327119 0.5228463 -0.2474021 -0.2340884 0.3662261 0.5563641 -0.1977205 0.4861902 0.1130384 -0.0339448 0.4776190 0.4535702 -0.0214365 0.3726563 0.3400524 0.0637205 0.0526738 0.4226368 0.2934186 0.3353966 -0.5261970 0.3411156 0.2451745 0.7005206 0.1686497 0.2258415 0.0509541 0.4306930 0.6057600 0.3926780 0.0889830 0.5097438 0.3445954 0.3259254 -0.0403317 0.6323114 -0.2801328 0.4891558 0.6174800 0.2740053 0.6031503 -0.0635464 0.5386547 0.5221938 0.6402593 0.3929944 0.3222509 0.2178068 0.5424056 0.3425106 -0.2193674 0.0038797 0.3307588 0.4631554 0.2970041 -0.1609969 0.2658014 -0.0669038 0.0579828 -0.3489374 -0.1856111 -0.5563425 -0.1378766 0.4825770 -0.2545903 -0.5075899 -0.0781218 0.3735822 -0.0883810 0.5891679 0.3946892 -0.1346784 -0.2036379 -0.0565738 0.2253617 0.3643660 0.2007794 0.1110086 0.2784893 0.4051060 0.5938289 0.3794750 -0.3595848 -0.1490283 -0.0247366 -0.3409198 0.2107480 0.3153582 0.5849219 0.5695586 -0.4207195 0.4793416 0.5567415 -0.4137898 0.3363430 0.1456331
0.1405898 0.0407826 0.3580759 0.0484777 0.2966258 -0.2156833 -0.2599099 0.5237106 -0.3713044 0.5609666 0.8883357 -0.4036232 0.4799155 -0.2853926 -0.2448179 0.0000000 0.4852183 -0.2296229 0.2353580 0.4169704 -0.0741651 0.5058863 0.7878391 -0.6858634 0.3691747 0.7192355 0.1213626 -0.6321185 -0.3783192 -0.4570055 0.4811392 0.5335752 -0.7121446 -0.6422264 0.8305446 -0.0028160 0.6321051 0.5106507 -0.4466382 -0.3185766 0.2496980 -0.0589958 0.5566856 -0.5759657 -0.2499936 0.4376256 0.4811912 0.4246455 -0.6201342 0.5158998 0.5961085 0.0922372 -0.5625517 0.4436808 0.3583954 0.3305436 0.4892052 -0.2241551 0.2362377 0.5617285 -0.1054644 0.7204144 0.1428942 -0.3898012 -0.3143462 0.3448396 0.5168154 0.6592409 0.3249657 0.4416867 0.3195427 0.0629699 0.5433656 0.0299203 0.1900405 0.1737777 0.1959304 0.0644953 0.0697701 0.1292841 -0.1720408 -0.1575200 0.0535335 -0.0537989 -0.0749343 0.0316488 0.1500896 0.2234292 -0.0763113 -0.0124834 0.1090145 0.2004507 0.2490884 -0.0576887 0.0025090 -0.1367294 -0.0400723 -0.0275201 -0.0898840 0.0002188 -0.0795161 0.0863030 -0.1629345 -0.3537799 -0.1313173 -0.1707043 -0.2442759 -0.1088866 -0.0492165 -0.1766826 -0.1645329 -0.2239324 -0.2896939 -0.1759062 -0.3036418 -0.1550595 -0.0537475 -0.2536713 -0.0730002 0.0024428 -0.1385686 -0.1619943 -0.2962747 -0.2148277 -0.1170384 0.2053305 -0.0027891 -0.4619415 0.1326228 -0.0489913 -0.0559601 -0.1382421 0.0062813 0.0467703 0.2286458 -0.2412817 -0.1004818 -0.0184737 -0.0342725 -0.0712836 -0.1326279 -0.0654632 -0.0477948 0.1880646 -0.0461342 -0.1019515 -0.0493158 0.1785903 -0.0489382 -0.0904426 -0.0407460 -0.1353576 -0.2006030 -0.2093033 0.2501791 0.1303743 -0.3367171 -0.0386758 0.0126658 -0.4141724 -0.1169646 -0.2280456 -0.3282159 -0.5158343 -0.0862016 -0.0568324 -0.3745580 -0.1015193 -0.2450377 -0.3166003 -0.0135930 -0.0272489 -0.1746195 -0.0964785 -0.1619198 -0.2365130 0.1072006 0.3167743 0.1187437 0.3616579 -0.0123785 0.0088816 0.2042005 0.2573096 0.4470083 -0.2169220 0.3643995 0.2242641 0.3180699 0.1217379 0.0727678 -0.0091599 0.1661722 0.2283253 0.2587314 0.2355832 0.1757970 0.1748835 -0.1787969 0.0767865 0.3112083 -0.1643134 -0.3779158 -0.1818903 0.4597004 0.1574980 0.0592536 0.2263759 0.0695896 -0.2428767 -0.3597703 -0.1908329 0.2349806 0.0533774 -0.2887806 0.3119427 0.1512297 0.1285011
0.5947008 0.1934470 0.2494968 -0.3590083 0.4853299 -0.1427619 0.0769685 -0.0689071 -0.1150321 0.4747482 0.4885215 -0.0962593 0.1355956 -0.1787997 -0.0181402 0.4852183 0.0000000 -0.1516755 -0.1844788 -0.0125683 -0.0510550 0.2449251 0.7296757 -0.4456050 -0.1038673 0.2126392 0.4315558 -0.6299627 -0.5496946 -0.3164337 0.2077426 0.2554098 -0.5490209 -0.5625228 0.5970624 -0.2974681 0.3613569 0.3332389 -0.1407503 -0.0676832 0.3705930 -0.4705633 0.7845678 -0.5475182 -0.4531581 0.1823940 0.2448206 0.3735385 -0.6094463 0.1943746 0.4702120 0.4664334 -0.6104620 0.3377464 0.3947339 0.1625075 0.2962061 -0.4262896 0.0423091 0.4194123 -0.3445388 0.6849075 0.3299636 -0.5348827 -0.2280779 0.2472427 0.3320865 0.6485941 0.3098665 0.0896845 0.0221036 -0.2918225 0.2659842 0.0156665 0.1449019 -0.3653924 -0.1559018 -0.1528827 -0.2315055 0.1095150 -0.2194425 -0.1477813 -0.2445158 -0.2123488 -0.1709085 -0.0341378 0.0398045 0.2783107 -0.1527113 -0.0289858 -0.0401526 0.1732428 0.1407990 -0.0494807 -0.2713507 -0.1747920 -0.2328790 -0.0580857 -0.4781131 -0.0325862 -0.0282100 0.0720848 -0.2351670 -0.4182496 -0.3411962 -0.0762753 -0.1325837 -0.0922958 -0.2325811 -0.1757432 -0.4415653 -0.0487574 0.1446400 -0.0591723 -0.2243402 0.1598818 0.0263758 -0.0185732 0.3064190 0.3085414 0.1360994 -0.0088364 -0.2664540 0.3706912 0.2967970 0.2767857 0.3477473 -0.3475643 0.4590035 0.2560390 0.2906104 -0.0952290 0.3225241 0.3472494 -0.0851028 -0.2252672 0.2599901 0.4696158 0.1277200 -0.0569264 -0.0183288 0.2148337 -0.3196372 0.2954202 -0.0133013 -0.0680240 0.2364654 0.3046952 0.3538530 -0.0327612 -0.1735001 0.0355402 0.2957807 0.0288908 0.4149204 0.1809979 -0.2357154 0.1529795 0.0769894 -0.4865122 0.2721689 0.1314515 -0.1399724 -0.4855010 0.3086809 0.0427079 -0.0485039 0.3629130 0.1212355 -0.3930847 0.3411002 0.2924429 0.3414546 0.1714585 0.4098881 0.1422969 0.5452034 0.6215439 0.4064478 0.3672054 0.2549445 -0.3365829 -0.1018464 -0.1609863 0.2983435 -0.0100484 0.0238452 0.1411466 0.1210120 -0.1665710 0.3803175 -0.1132442 0.2975232 0.5758602 0.4882375 0.5963032 0.4722475 0.5749728 0.2257002 0.2476239 0.5006965 0.4395174 0.2588663 0.2540666 0.4373583 0.1178632 0.2874636 0.3789250 0.3196443 0.3615600 0.1316645 0.0776476 0.2793965 0.4869023 0.0440465 0.2528095 0.3887452 0.3204523
