0.0000000 0.2886255 0.4734672 0.1211416 -0.0591765 0.2344727 0.5459009 0.1355279 0.0472104 0.0632350 0.4733925 0.1650887 0.2546890 -0.3456305 0.1427341 0.4950015 0.1648175 -0.5275477 0.1438816 0.3142910 -0.0927367 -0.1076856 0.1463823 -0.2833822 0.0549417 0.1979542 -0.1377635 -0.5822621 0.1947831 -0.3628717 -0.2226705 0.0503843 -0.3476545 -0.3811812 0.1774579 0.0418855 0.0962164 0.0607976 0.1101077 -0.2047166 -0.2743990 0.1021407 0.1568770 -0.3161386 0.0117206 0.0945382 0.1652387 -0.0729656 -0.2308034 0.0331141 0.1002306 0.0772660 -0.0224628 0.4647862 -0.1471196 -0.0493002 -0.0367073 0.3543757 0.0013173 0.1199502 0.0717736 0.2708125 -0.2623916 0.1554004 0.2754009 -0.2417970 0.0209150 0.2883921 0.0937588 0.2182369 -0.0299646 0.1842406 0.0415300 0.2226186 0.3014286 0.1034572 -0.0220651 0.3832940 0.1287092 0.0877980 0.2474898 -0.1022208 0.0758637 0.4839489 0.2661660 0.1054779 0.0552928 -0.4958307 0.2280682 0.1924903 0.3749280 0.1335161 0.5729099 -0.1877153 -0.0321870 -0.0244504 0.3219679 0.4100003 0.0464126 -0.0680538 0.2908864 0.3780047 0.4377875 0.1003519 0.3340165 0.0760182 0.5109026 0.2867333 0.4676790 0.4966364 0.4540804 0.4474703 -0.1746352 0.4183555 0.3758686 0.2235915 0.2958580 0.2466889 0.2001039 0.1971432 0.1932895 0.2350430 0.6876077 0.0410747 0.0009005 0.3680679 0.3202192 0.2490837 0.2536913 0.0719750 0.0578026 0.2156214 0.1610478 -0.1430286 0.4163094 0.4084327 0.1226545 0.1826111 0.0846208 0.5204991 0.2533661 0.3933241 0.5861163 0.4623262 0.2248373 0.3908495 0.2029591 0.2776370 0.4569072 0.5743426 0.7600020 0.4344474 0.2868021 0.3434769 0.3820109 0.6359382 0.7850583 0.2779353 0.6498931 0.7282989 0.4416570 0.6794069 0.4971062 0.7122790 0.3715781 0.4597083 0.4712409 0.4698100 0.7491410 0.6767414 0.4014448 0.5945350 0.5396519 0.4227211 0.3101506 -0.1723788 0.1735247 0.6176464 0.2128987 0.3035309 0.3359006 0.2030264 0.1761336 0.1631742 0.0919798 0.1728699 -0.0306289 0.2581757 -0.0541094 -0.1569950 0.3269087 0.0763668 -0.1632967 0.5753395 0.4194486 0.7232028 0.5085774 -0.0614486 0.1381045 0.4178938 0.0211912 -0.2861195 -0.1693519 0.0671431 -0.0601214 0.0584493 0.4444016 -0.3503109 -0.0434822 -0.1971301 -0.1030336 0.1913504 -0.0224810 0.1670850 0.3889085 -0.0267122 0.2509621 -0.0589647
0.2886255 0.0000000 0.5237692 0.5283886 0.6911227 0.6737719 0.5708211 0.2757260 0.4624047 0.4703597 0.4868068 0.5421732 0.2103762 0.1952767 0.3394384 0.0327489 0.3436723 0.1353265 0.0077072 -0.0728780 0.3942551 -0.0560366 0.1159540 0.2021956 -0.0141627 0.0569311 -0.2081290 -0.0043685 0.4387953 -0.0498567 -0.4528338 -0.0755958 -0.0452374 0.0456161 0.2223226 0.1007235 0.2073048 0.0068004 0.6139053 0.4131072 -0.4691937 0.0707947 0.3014036 0.0650273 0.1442956 0.2504675 0.3368445 -0.3761300 0.3765949 -0.0016117 0.1975849 0.2553983 0.4243764 0.3483900 -0.2026639 0.0781742 0.1442867 0.3874886 -0.1075145 0.1070747 0.2614135 0.2109386 -0.0164356 0.3315989 0.4868534 -0.0672520 -0.0453828 0.2836776 0.2240156 0.2528077 0.0909716 0.4953820 -0.0093011 0.3539250 0.6564238 0.0482350 0.0669007 0.4786805 0.0858110 0.2793474 0.3880613 0.2165603 0.2352828 0.2761008 0.2118998 -0.0090556 -0.0142906 -0.3889504 0.0957835 0.2140115 0.3661725 0.1526510 0.3054368 -0.0689982 -0.0750211 0.0026617 0.2305244 0.2065194 0.0664137 0.1063506 0.0534411 0.1027195 0.1206337 -0.0167630 0.2407015 0.0743213 0.1796562 0.0014121 0.2529484 0.1639125 0.2147393 0.2044317 -0.3844971 0.0736529 -0.0501439 -0.1811920 -0.0757384 -0.0638342 -0.2746623 0.0277321 -0.0065157 -0.1605954 0.2541906 -0.3001824 -0.0320844 0.0907876 -0.0119985 -0.0432182 0.0250079 -0.1153959 -0.0301489 -0.2154763 0.0012935 -0.1814103 0.1500866 0.0511980 -0.0840371 -0.0576691 -0.1122618 -0.0017584 -0.1445476 -0.0563275 0.3729971 -0.0844749 -0.0588979 -0.1385927 -0.0469012 -0.1174605 0.2514581 0.1176028 0.4210840 -0.1249118 0.0408046 0.0596437 -0.0065933 0.0374581 0.4469880 -0.0748095 0.4127044 0.2792828 0.1208034 0.3895237 -0.1224643 0.3354856 0.1184381 -0.0898949 0.2094712 0.2343685 0.3505869 0.4659924 0.1711902 0.3461158 0.1151009 0.5778464 0.3021509 0.3720623 0.3521702 0.2674027 0.1398680 0.1271296 -0.1220456 0.0898286 0.1075878 0.2808473 -0.0361117 0.5661235 0.0847526 0.1231876 0.0654879 -0.1797708 0.0302643 0.1546640 -0.0918014 -0.1274391 0.0871334 -0.0004258 -0.1005774 0.3936833 0.3698057 -0.0150939 -0.0200317 -0.1731663 0.0471187 -0.4722324 -0.4112276 -0.1392217 -0.1214493 -0.4996783 -0.0449060 0.0667127 -0.1737657 -0.0180455 -0.0622883 -0.1009954 -0.1682077 0.1366278 0.3503029 -0.4173727
0.4734672 0.5237692 0.0000000 0.2207999 0.4181090 0.2604150 0.5804059 0.2043509 0.1459497 0.0706600 0.3226027 0.2843481 0.3612939 -0.2166383 0.1941089 0.1148951 0.1206899 -0.1741848 0.0331393 0.2535844 -0.0018438 0.1245897 0.1183983 -0.2490120 0.0670678 0.1362701 -0.0805959 -0.2764957 0.3183274 -0.1443323 -0.0851903 0.3029561 -0.3844543 -0.3356251 0.2370180 0.0386640 0.2582746 0.0962883 0.2345599 0.0634144 -0.0295878 0.1518248 0.1779753 -0.3875418 0.0178331 0.0414862 0.1455830 0.0317266 -0.2143071 -0.0179351 0.1148163 0.1820006 0.1032202 0.2937725 0.0893736 -0.0447026 0.0021616 0.3407184 0.3313537 0.0348933 0.3401149 0.1730554 0.3316667 0.2957765 0.4075413 0.0207385 -0.0758227 0.2866063 0.4373545 0.2080536 -0.1629083 0.2341886 -0.0045022 0.3301971 0.4451581 0.0923358 -0.1718693 0.3018013 0.1240739 0.4090988 0.3408473 -0.1555001 -0.1946220 -0.1020798 -0.2406235 -0.2127747 -0.1687513 -0.3259158 -0.0332775 -0.1668858 0.0902538 -0.0695087 0.1582867 -0.2131612 -0.3010064 -0.1616765 0.1176896 -0.0994941 -0.3768838 0.0196922 -0.1577901 -0.3681995 -0.0486101 -0.0609007 0.0493901 -0.1571785 -0.0639494 -0.4049700 0.0407416 -0.1509213 -0.0103252 0.0239476 -0.5795690 -0.1425975 -0.2447579 -0.2337187 -0.2060622 -0.1743434 -0.3024020 0.0062776 -0.0353358 -0.2468396 0.2192092 -0.2443733 0.0376101 0.1389668 -0.1913178 -0.1851640 0.0455064 -0.2954257 -0.1530028 -0.2930751 -0.1514649 -0.4427709 0.0318857 0.0263818 -0.1839770 -0.1225972 -0.0790439 0.0661265 -0.1263303 -0.0660056 0.4349611 -0.0453918 -0.1088410 -0.0656576 -0.1850724 -0.2289061 0.1935996 0.0484502 0.4056419 0.0162871 -0.1815055 0.0464303 -0.2040538 0.0043830 0.5088742 -0.2014158 0.5221327 0.2217021 -0.0859998 0.2721212 -0.1006412 0.3800778 -0.1024562 -0.1418728 0.1867326 0.2762195 0.5247171 0.3537862 0.0192342 0.4023395 0.3636613 0.5099385 0.4724311 0.2199775 0.3597082 0.4442283 0.0645420 0.1854604 0.3724861 0.3931789 0.4259654 0.5210719 0.3434742 0.5122017 0.4316356 0.4580068 -0.1967977 -0.3856887 0.0993618 -0.0922771 -0.3771278 0.1465549 0.0957758 0.1978518 0.1771256 -0.0684939 0.4867075 0.1609431 0.2181440 -0.2483417 -0.0651279 0.0421345 0.2562865 0.3949086 0.3777075 0.1117747 0.1089320 0.1905976 -0.2208058 0.2707597 0.2681389 0.2104603 0.4201449 0.4300520 0.0748708 -0.3439426
0.1211416 0.5283886 0.2207999 0.0000000 0.2620550 0.8172760 0.2673723 0.8116421 0.5259931 0.6752604 0.7746007 0.3174231 0.7086861 0.4065709 0.8472462 0.4332611 0.8053681 0.0103890 0.4714458 0.0729076 0.4723345 0.1790785 0.7530315 0.4375947 0.5412620 0.6463161 0.4763208 0.3120353 0.6464364 0.4103202 -0.0627319 0.4481637 0.1632813 0.4010578 0.7782907 -0.1630130 0.7067230 0.4580459 0.6871471 0.5616066 0.0980718 -0.1737339 0.8322526 0.2777791 0.3177360 0.6290690 0.7072969 0.0232134 0.5121061 0.1161323 0.7117636 0.8314917 0.6952713 0.8109502 0.0824578 0.3144119 0.6034455 0.5819543 -0.2412491 0.7337753 0.1349729 0.8040023 -0.3586139 0.7335096 0.8337933 0.3479020 0.5629803 0.7710198 -0.1951587 0.7382055 0.3988141 0.8298319 0.6466002 0.8309117 0.4253621 0.6491492 0.5287878 0.6121236 0.6688279 0.4407741 0.2265948 0.0483444 -0.1438485 -0.0678484 -0.2124297 -0.4433856 -0.3826884 -0.6721317 -0.4073440 -0.2758160 0.3615631 -0.0399192 -0.1902387 -0.3705290 -0.0918895 -0.1364169 -0.1497507 -0.2707431 -0.2281038 -0.2744069 -0.3244844 -0.0373518 -0.3952994 -0.4723479 -0.1799824 -0.3356994 -0.3942487 -0.2815567 -0.3600216 -0.3295963 -0.3568790 -0.4465814 -0.6328879 -0.3698588 -0.4309239 -0.5705038 -0.4460598 -0.6321951 -0.5197760 -0.6636751 -0.5704615 -0.4297167 -0.0377964 -0.7167701 -0.6545031 -0.5543349 -0.3367752 -0.1644449 -0.5743761 -0.4497384 -0.5198105 -0.2962503 -0.2889051 -0.0770657 -0.2116767 -0.4622967 -0.4434977 -0.5080823 -0.5214049 -0.1738885 -0.4466738 -0.2317828 0.1514405 -0.1966651 -0.4924555 -0.4732497 -0.4717269 -0.4229153 -0.1737407 -0.0328295 0.0164974 -0.2912190 -0.3567212 -0.3626607 -0.2804129 -0.0071404 0.4465727 -0.4384249 0.1540220 0.1037643 -0.3145196 0.0606954 -0.1017123 0.2994731 -0.3290104 -0.2709279 -0.2160635 -0.1385210 0.1683392 0.0480159 -0.3302477 0.0104588 -0.1359374 0.1898772 -0.2421515 -0.0114892 -0.1408032 -0.1934509 -0.1183132 -0.1018198 -0.3818107 -0.3073477 -0.2840972 -0.1730786 -0.1267390 0.6260831 -0.0213331 0.2033769 0.4925272 0.0425930 -0.6119641 0.3330799 0.1895508 -0.1192507 -0.5597093 -0.3474698 -0.3124527 0.6455243 0.4454175 -0.4602570 0.4798877 0.3153931 0.2007754 -0.3161392 -0.5114571 -0.0878465 -0.2998312 -0.2647438 0.4964305 0.3319129 -0.0724010 -0.3008571 -0.1433951 -0.0333132 -0.4593688 0.1049856 0.4539601 0.2001676
-0.0591765 0.6911227 0.4181090 0.2620550 0.0000000 0.5346295 0.4348050 0.2448103 0.3354969 0.5615909 0.3282215 0.4464821 0.3037822 0.4661733 0.2906224 -0.2042888 0.3849877 0.5454606 0.0521639 -0.1377384 0.2745792 0.2350602 0.0804615 0.2596889 0.0230147 -0.0861447 0.1172826 0.1809162 0.3978853 0.1815246 -0.2915979 -0.0163147 -0.0744813 0.1934242 -0.0384943 0.2212483 0.1583113 -0.0200138 0.2924722 0.2883277 -0.2334690 0.1879814 0.0223036 0.1749642 0.2492427 0.0595188 0.0465899 -0.4267223 0.5553497 -0.1819615 -0.0749426 0.0265974 0.5053339 0.0890486 -0.2775987 -0.0175424 0.0146199 0.4715279 -0.0772519 -0.1402107 0.3558726 0.0686892 0.0498623 0.4083638 0.4201883 -0.2057795 -0.0683621 0.2549403 0.0390274 0.2652420 -0.0310754 0.3680126 -0.0315560 0.3030244 0.2731800 0.1281929 0.0933227 0.3442193 0.1393696 0.1532594 0.2571353 0.4226988 0.3081971 0.1469818 0.2776560 -0.0447629 0.0699875 -0.1289884 0.0977963 0.2218423 -0.0196166 0.1704759 0.1549231 0.0069944 -0.3295161 -0.0718140 0.3047010 0.1436022 -0.0412489 0.4621722 0.0273479 -0.0520872 0.0827073 0.1708292 0.2342705 0.0365463 0.0581713 -0.0268443 0.1442320 -0.0237149 0.1284465 0.1367751 -0.1865393 0.0346464 -0.1934525 -0.2486243 -0.1535322 -0.0912013 -0.3572311 0.0500265 0.0708854 -0.1612390 0.2590160 -0.2372603 0.1432439 0.0903960 0.0254005 0.0583169 0.0453537 0.0213518 0.0973509 -0.0616657 0.1304811 -0.1807704 0.2853648 0.0258675 -0.0514206 0.0501542 -0.0167161 -0.2642036 -0.0792828 -0.1030627 0.4252985 -0.3223070 -0.0181966 -0.2836514 -0.0050252 -0.1434867 0.3228567 0.0811441 0.2175081 -0.3537291 0.0984524 0.0646343 -0.1065357 -0.3319952 0.2209007 -0.1436297 0.4737052 0.0239548 -0.0669963 0.3048374 -0.5219620 0.1976098 0.1640639 -0.3605326 0.0813324 0.2826708 0.3594999 0.3395118 0.1517440 0.3288741 -0.2237151 0.5670895 0.1667131 0.2208463 -0.0460625 -0.1463136 0.0805335 0.3479050 0.0674295 0.3844803 0.2370530 0.4323024 -0.0534998 0.4000325 0.1262260 0.1825814 0.0621279 -0.1741592 -0.1199961 0.0965197 -0.4141224 -0.1450021 0.0527674 -0.2470685 -0.2196896 0.0941448 0.1551536 -0.1170571 -0.2316603 -0.3832991 -0.2422834 -0.4905252 -0.2898969 -0.1042064 -0.3418125 -0.2696769 -0.2515709 -0.1761716 -0.3333659 -0.4218717 -0.3276472 -0.3492554 -0.3708383 0.1288403 0.0458487 -0.5420462
0.2344727 0.6737719 0.2604150 0.8172760 0.5346295 0.0000000 0.5055229 0.7736732 0.8057948 0.7809754 0.8038083 0.6183656 0.6588945 0.4882616 0.8029966 0.4554431 0.7843974 0.2509637 0.5607973 0.1033361 0.6196192 0.4183819 0.5712290 0.4987436 0.5713416 0.5280269 0.4003600 0.2259596 0.8091937 0.3739119 -0.2896286 0.4567381 0.1096187 0.4686413 0.4996777 0.2264141 0.5755204 0.5779140 0.5276309 0.5448434 0.0459032 0.1935451 0.5210435 0.3911566 0.5797228 0.6713612 0.6050872 0.0481323 0.6862412 0.3289334 0.5126848 0.4893733 0.8914964 0.7072314 0.1465864 0.5088517 0.5855107 0.7545051 -0.2300758 0.5188392 0.3746676 0.6045597 -0.3512710 0.7630239 0.7947062 0.2225841 0.4898329 0.6850290 -0.0891980 0.7089220 0.3912599 0.7800094 0.5787594 0.7578375 0.5193113 0.6480261 0.6150052 0.5741654 0.6443168 0.3828642 -0.0479736 0.3211523 0.2409756 0.3621599 0.2885799 -0.2531292 -0.2004031 -0.4955797 -0.2709885 -0.0309470 0.3211988 0.0143659 0.1546692 -0.1977885 -0.1489631 -0.0704670 0.1003571 0.1514188 -0.1055383 0.0122642 -0.0191237 0.2677456 0.0239975 -0.1480193 0.1418871 -0.0314851 0.0224089 0.1404758 -0.0461626 0.0653289 -0.0489638 -0.0403874 -0.3390801 0.0179631 -0.0313040 -0.1802900 -0.0505212 -0.2574360 -0.1730272 -0.2903188 -0.1636857 -0.0479059 0.2870675 -0.3650984 -0.2689602 -0.2576193 0.0890425 0.2739375 -0.1980469 -0.0069319 -0.1057385 0.0841715 0.1690947 0.1771757 0.1587036 -0.0355481 -0.0237729 -0.0880524 -0.1779482 0.1120641 -0.0782433 0.1504262 0.4571383 0.0510154 -0.0808485 -0.1520905 -0.0816802 -0.0586304 0.2106927 0.3090458 0.1909436 -0.0230870 0.0698414 0.0634187 0.0803679 0.1326741 0.5726689 -0.0308952 0.4370559 0.2993483 0.1109874 0.3537786 0.0556820 0.4593613 0.1169508 0.0010396 0.2228576 0.2549490 0.4172970 0.3300843 0.1148964 0.3516131 -0.1131455 0.3562654 -0.0277688 0.1216741 -0.0306639 -0.0586415 0.1343160 0.2166409 -0.1454760 -0.0017162 -0.0759432 -0.0004187 -0.0398617 0.5941137 -0.0590996 0.0564949 0.5410822 0.2253162 -0.3415219 0.5012166 0.1505489 0.1948660 -0.2680719 -0.0824063 -0.0178872 0.5540025 0.0837580 -0.1458961 0.0184461 0.0571368 0.1108908 -0.2664412 -0.6337330 -0.3987523 -0.1123806 -0.5387766 0.0427032 -0.1356462 0.0154546 -0.5111182 -0.4704058 -0.1678080 -0.4841215 -0.2469486 0.4037295 0.0754150
0.5459009 0.5708211 0.5804059 0.2673723 0.4348050 0.5055229 0.0000000 0.3290231 0.4743299 0.2824166 0.5156365 0.7415827 0.3756163 -0.0628704 0.3653481 0.3133724 0.2607525 0.0142874 0.0420304 0.3548916 0.4220598 0.1506964 0.1722862 -0.1742193 0.0524545 0.1045927 -0.0055531 -0.3171606 0.5888770 -0.0688314 -0.1509713 0.1430516 -0.5285330 -0.2645190 0.1584505 0.4151873 0.1030868 0.0766184 0.2807875 0.2503054 -0.2056470 0.4637362 0.1270350 -0.1970610 0.3812644 0.2083432 0.1476580 -0.0784844 0.1567057 0.4602784 0.0540832 0.1192446 0.4879516 0.4480302 0.0514474 0.2001773 0.0317097 0.6404319 0.3002118 0.0732920 0.5205985 0.1779399 0.1362246 0.5303326 0.5837821 -0.0997343 -0.0473028 0.3402586 0.4239768 0.3584420 -0.0264093 0.4540490 0.0555967 0.4312224 0.5151371 0.2365700 0.1688344 0.4271578 0.2083724 0.1765224 0.2363854 -0.2408138 -0.0471846 0.2060804 0.2504649 -0.3406606 -0.5090701 -0.5492007 -0.3563189 -0.2497927 -0.1518974 -0.3860885 0.1257026 -0.4916145 -0.5145092 -0.4917656 -0.1630736 0.0243283 -0.2989352 -0.1375882 -0.1868653 -0.0810239 0.2860623 -0.2795337 -0.0462662 0.0267239 0.1733363 0.0404060 0.1457347 0.2041126 0.1566167 0.1545374 -0.2819726 0.0929996 0.1044808 -0.0445121 -0.0127358 0.0308461 -0.0791757 0.1631627 0.1150640 -0.0049068 0.2617787 -0.0579295 0.1511483 0.2959716 0.0451609 0.0522107 0.2025845 0.0787735 0.1161162 -0.0401287 0.1146282 -0.0364823 0.1553945 0.1281142 0.1128837 0.1460487 0.0459663 0.3668732 0.0700246 0.2289212 0.4949891 0.3131363 0.2499046 0.0848510 0.0630460 0.0252757 0.3317722 0.3358865 0.5704741 0.3704268 0.1867857 0.2314835 0.0590436 0.3557292 0.5975278 0.1756731 0.5536356 0.5131606 0.2345895 0.5654967 0.1625094 0.5877592 0.2425223 0.2166773 0.4101031 0.4212293 0.6397351 0.6589336 0.2752541 0.5673818 0.4147927 0.6118443 0.4162690 0.2087584 0.3239015 0.3087536 0.3024438 0.2250831 0.1507747 0.3537193 0.4477236 0.4954138 0.2362068 0.5236793 0.3281034 0.2952460 0.1547570 0.0571616 0.1474137 0.2205647 -0.2002070 0.1570439 0.3096581 0.3072279 0.2894917 0.0909543 0.1818034 0.2423095 -0.1997574 -0.4377327 -0.4613494 -0.4252952 -0.1189930 0.0225479 0.2315787 -0.3193884 -0.2337396 -0.2682191 -0.4689211 -0.2014193 -0.0965190 -0.0809629 0.1080060 -0.0272697 0.3273259 -0.0444246
0.1355279 0.2757260 0.2043509 0.8116421 0.2448103 0.7736732 0.3290231 0.0000000 0.5759629 0.7485873 0.8686215 0.3818985 0.7940581 0.4588672 0.9173979 0.7120414 0.8724049 0.1402185 0.7832225 0.2264947 0.4565031 0.4815760 0.9143197 0.3241073 0.8576243 0.8659396 0.6448359 0.1768464 0.7703969 0.4047885 0.1146142 0.6918687 -0.0525235 0.3500360 0.7799068 0.0990658 0.8332781 0.7292791 0.4908365 0.3788088 0.2958482 0.0832311 0.7470175 0.2284087 0.5151182 0.8444667 0.7696595 0.2016927 0.4973980 0.2830395 0.7751703 0.6919779 0.8105813 0.8153257 0.2757047 0.6141754 0.7986683 0.7611661 -0.1032052 0.8543221 0.2820850 0.8937207 -0.4143727 0.9160469 0.8625160 0.5669435 0.8562886 0.9096954 -0.1737748 0.9430050 0.6592129 0.8852300 0.8913199 0.9075477 0.4372464 0.9119318 0.7519143 0.6952410 0.8931146 0.4148290 0.0194315 0.0007494 -0.1193653 0.0430245 -0.0935929 -0.4245357 -0.4816313 -0.4468387 -0.4048239 -0.3098874 0.2582219 -0.0283425 -0.1351866 -0.2611410 -0.0943521 -0.0762380 -0.0835732 -0.1857574 -0.2907457 -0.1558460 -0.1884975 0.0308154 -0.1973458 -0.4130109 -0.0943137 -0.2711419 -0.2622598 -0.0672828 -0.3226459 -0.2027298 -0.3019486 -0.3565370 -0.3554940 -0.1833331 -0.2186028 -0.3017764 -0.1933675 -0.4054367 -0.2024069 -0.5181245 -0.3482387 -0.1401663 0.0692301 -0.4006348 -0.4133283 -0.4005836 -0.0905102 0.0888014 -0.3433456 -0.1287780 -0.2761346 0.0117604 0.0184204 0.2256532 -0.0839173 -0.3574719 -0.1615623 -0.2618277 -0.3327982 0.0811363 -0.2612714 0.0777003 0.2795935 -0.0275098 -0.2200517 -0.3013610 -0.2892709 -0.2228499 -0.0781667 0.2458014 0.0379056 -0.0749487 -0.1526990 -0.2317743 -0.1602810 0.0819482 0.4903095 -0.1918983 0.2605424 0.2209413 -0.2188866 0.2505048 0.0418346 0.3456952 -0.1332485 -0.0614922 -0.0559909 -0.0224673 0.3238795 0.1854022 -0.2062895 0.1631950 -0.0911665 0.2254618 -0.2108523 -0.2168342 -0.3116008 -0.2289637 -0.0637686 -0.0049950 -0.2768471 -0.1456153 -0.1239880 -0.1127267 0.0326425 0.5039394 0.0008605 0.0864585 0.6194966 0.3130964 -0.5520639 0.5668912 0.2910852 0.1776376 -0.4081882 -0.1134632 -0.0685589 0.5548413 0.2009094 -0.2592942 0.3857343 0.1698021 0.0434395 -0.1375017 -0.4275347 -0.1195957 -0.1397442 -0.0836712 0.3189986 0.0166621 -0.0378479 -0.4221941 -0.4052741 -0.2072890 -0.3855147 -0.1578129 0.1839509 0.3937361
0.0472104 0.4624047 0.1459497 0.5259931 0.3354969 0.8057948 0.4743299 0.5759629 0.0000000 0.5691051 0.4688337 0.5763668 0.3566631 0.5001375 0.6630209 0.3590061 0.5457971 0.4726708 0.3897362 0.0520316 0.5659411 0.5121577 0.3405180 0.5833880 0.4851224 0.3353291 0.3748711 0.3911707 0.6877763 0.5367829 -0.2908575 0.4949428 0.2649891 0.5546185 0.2797592 0.2752101 0.3084021 0.5606202 0.3017519 0.6682544 0.1888731 0.2728419 0.2569437 0.4930784 0.5131376 0.5651883 0.4065118 0.2960503 0.5701386 0.6393712 0.3768335 0.2713272 0.7946717 0.4117308 0.4419934 0.6826151 0.4778984 0.4912299 0.0156670 0.3766972 0.2977377 0.3381752 -0.0958953 0.5225180 0.4757421 0.2986632 0.3855309 0.4306304 0.0248690 0.4306454 0.2475951 0.4576812 0.5136477 0.4352197 0.3627925 0.5344185 0.4906126 0.1330750 0.4922232 0.3569402 -0.3718191 0.1258062 0.0929345 0.3040856 0.3236812 -0.3026883 -0.2632650 -0.1986225 -0.4438224 -0.2151382 0.0410556 -0.2765758 -0.0107458 -0.1288586 -0.2464393 -0.0558387 -0.1466123 0.0864356 -0.1780431 -0.0018678 -0.1136861 0.2266923 0.0216441 -0.1273277 0.0056878 0.0567467 0.0489571 0.1817448 -0.1950365 0.1176198 -0.1732075 -0.0523536 -0.0931834 0.0275572 0.1844918 0.0497837 0.1449002 -0.1090885 0.0835598 -0.1808388 -0.0182549 0.1438566 -0.0035273 -0.0382718 -0.0670164 -0.2511865 0.1543212 0.2845364 -0.0966025 0.1324510 0.0128559 0.1259106 0.2651318 0.3374544 0.0263230 0.0019708 0.1232833 0.0509281 -0.0554313 0.2516573 0.0152279 0.2316019 0.2489102 0.1622576 0.0579877 -0.0348991 0.0345197 0.0681016 0.0907435 0.2445378 0.0221527 0.2528578 0.1828627 0.1443741 0.1606073 0.2081656 0.3973020 0.1488438 0.1675533 0.2333594 0.2678642 0.2416951 0.1943579 0.3831925 0.1933011 0.1487455 0.3471499 0.2136636 0.2665144 0.2810082 0.1707018 0.2872995 -0.0188464 0.3197976 0.1021907 0.2415830 0.0783767 -0.0201493 0.0659235 0.0395661 -0.1332179 0.0118035 0.0161103 0.0440650 0.1090453 0.4530616 0.0872754 -0.1157800 0.3798474 0.3488445 -0.2443160 0.4509202 0.3833043 0.2163739 -0.2729641 -0.0836867 0.0555391 0.4769038 -0.1145139 -0.0536771 -0.1805959 0.2230553 0.0980848 -0.0863795 -0.4209369 -0.3738092 0.1703219 -0.4208317 -0.1382492 -0.1218273 0.0653414 -0.3937118 -0.3158585 -0.0268076 -0.1982260 -0.3248613 0.3597565 0.3280997
0.0632350 0.4703597 0.0706600 0.6752604 0.5615909 0.7809754 0.2824166 0.7485873 0.5691051 0.0000000 0.7951024 0.3227839 0.4655021 0.7421241 0.7776102 0.3862702 0.8840925 0.4050969 0.4570915 -0.2502108 0.4255509 0.2637593 0.6897079 0.5431876 0.5019896 0.4638532 0.5419301 0.3236949 0.6015898 0.4008330 -0.3534620 0.2184151 0.1562830 0.4502207 0.4881459 0.0315175 0.5209958 0.3194854 0.5648714 0.4160655 -0.1767157 -0.0728612 0.5581033 0.2927765 0.2945292 0.5314696 0.5203172 -0.2967228 0.6080193 -0.0401533 0.4996544 0.5269458 0.7230656 0.5704984 -0.2038463 0.2854775 0.4643394 0.6055760 -0.3558827 0.5565649 0.0469391 0.7126753 -0.5663235 0.6961997 0.6703564 0.1025299 0.5437571 0.7141707 -0.4167274 0.7041774 0.3566656 0.7629149 0.5397114 0.6316900 0.1645140 0.6050608 0.5592000 0.5149857 0.5672726 0.2676328 0.1214298 0.2406676 0.1774257 0.3026339 0.2099125 -0.0803120 -0.1339817 -0.3303818 -0.0942107 0.0748705 0.2859858 0.2226469 0.0721800 -0.0275463 -0.0870643 0.1989929 0.2095932 0.0962274 -0.0365101 0.1710245 -0.0248534 0.1941059 -0.0235041 -0.1765131 0.2622919 0.0733874 -0.0463596 0.1177668 -0.0592508 -0.0127533 0.0438671 -0.0956800 -0.1144280 0.0936984 -0.0898863 -0.2204363 -0.0619765 -0.2250628 -0.2131595 -0.3176025 -0.1266401 -0.0097028 0.1099404 -0.3460297 -0.2581442 -0.1811532 0.1442394 0.1048929 -0.2212544 -0.0408705 -0.1372045 0.0689179 0.2033797 0.0714069 0.1562585 -0.2254346 -0.1327031 -0.1212345 -0.2466810 -0.0069271 -0.1907558 0.0663094 0.3736781 -0.1069592 -0.1430909 -0.2959511 -0.1091480 -0.0916253 0.0953389 0.3310358 0.2050597 -0.1407925 0.0810784 -0.0896221 0.0198469 0.0879037 0.4519953 -0.1050029 0.3767203 0.2409382 -0.0243703 0.4422093 -0.1193227 0.3553108 0.1765862 -0.0667291 0.0512922 0.1312640 0.3831098 0.4003431 0.0406657 0.3010986 -0.1075605 0.4656516 -0.1695824 -0.2130782 -0.3538103 -0.2702200 0.0055436 0.0855519 -0.3309874 -0.0869300 -0.2200455 -0.0513848 -0.2906426 0.3334951 -0.1872963 -0.0431321 0.4792337 0.2027665 -0.4298217 0.5134583 0.2185475 0.0030818 -0.2143399 -0.1853141 -0.1661282 0.6219004 0.1236389 -0.2179020 0.0581175 -0.0301842 0.0046965 -0.3936844 -0.7630787 -0.2651732 -0.4284626 -0.4134226 -0.0125202 -0.0581810 -0.0691163 -0.4699704 -0.6311819 -0.4614871 -0.4670817 -0.1766924 0.1389073 0.1129491
0.4733925 0.4868068 0.3226027 0.7746007 0.3282215 0.8038083 0.5156365 0.8686215 0.4688337 0.7951024 0.0000000 0.4923804 0.7128265 0.3094343 0.7905588 0.7251439 0.8342939 -0.0692962 0.6321938 0.1239621 0.4882163 0.2091658 0.8055676 0.1461527 0.6341950 0.7180639 0.3884886 -0.1108358 0.7709632 0.0947667 -0.2052245 0.4248162 -0.2351515 0.0868706 0.6921497 0.1678278 0.7190557 0.5037522 0.5884200 0.2590846 -0.1125937 0.1143815 0.7049176 0.0007961 0.4387519 0.7080495 0.7008646 -0.0902312 0.3795224 0.1338452 0.6493504 0.6303504 0.6877631 0.8809996 -0.0352359 0.3827718 0.6096533 0.8146347 -0.2278169 0.7314162 0.2757900 0.8593601 -0.5376678 0.8593895 0.8931772 0.2463543 0.6437543 0.8759680 -0.1350843 0.8961553 0.5138057 0.9232148 0.6559285 0.8800040 0.4998206 0.7430507 0.6688999 0.8272335 0.7344929 0.4090047 0.2333599 0.0648904 0.0749175 0.3070953 0.1173908 -0.2302000 -0.3596042 -0.6180032 -0.1727096 -0.0491215 0.4073136 0.1232448 0.2002484 -0.2575369 -0.0593585 -0.0113783 0.1599252 0.0955929 -0.1570019 -0.1053085 0.0063186 0.1782575 0.0570867 -0.2947323 0.1986547 -0.0526750 0.0052896 0.0943963 0.0462224 0.0631307 0.0886446 -0.0414379 -0.3228565 0.0832144 -0.0624729 -0.1791001 -0.0708915 -0.2206235 -0.1462836 -0.2760636 -0.1590852 -0.0338252 0.3398996 -0.3600454 -0.3099683 -0.0636058 0.1110534 0.1495330 -0.1314284 -0.0539532 -0.1495743 0.0929224 0.1393988 0.1156000 0.1657735 -0.1200866 -0.0619191 -0.1211295 -0.2024548 0.2783517 -0.1076935 0.2253665 0.5423352 0.1876411 -0.0513990 -0.0900483 -0.1148785 -0.0521404 0.1983968 0.4868813 0.4402593 0.0835670 0.0352057 -0.0118232 0.0558948 0.3495859 0.7352250 -0.0248325 0.5650423 0.5242949 0.0292511 0.5611454 0.1996646 0.5729051 0.1209478 0.1480011 0.1724066 0.2382382 0.5914017 0.5063326 0.0663762 0.4408721 0.1286428 0.3768044 -0.0463693 -0.2159576 -0.1233493 0.0547710 0.1783778 0.2008358 -0.1333972 -0.0248295 -0.0881144 -0.0227642 -0.0642850 0.5393559 -0.0703635 0.1796852 0.6063546 0.2418105 -0.2546561 0.6095593 0.1876478 0.2549684 -0.0574144 0.1721606 0.1429990 0.5911265 0.2721695 -0.0098836 0.2566211 -0.1361180 -0.0371780 -0.2464490 -0.6223913 -0.1684481 -0.1496574 -0.3913973 0.1609810 -0.1187625 -0.0693495 -0.3211522 -0.4839291 -0.2222439 -0.2766297 -0.1981689 0.2497977 0.1655996
0.1650887 0.5421732 0.2843481 0.3174231 0.4464821 0.6183656 0.7415827 0.3818985 0.5763668 0.3227839 0.4923804 0.0000000 0.3603015 0.0191972 0.2661136 0.3083600 0.2102622 0.1504464 0.2455665 0.2349865 0.8436501 0.1969643 0.1173217 -0.0871976 0.2091503 0.1620633 -0.1182210 -0.2230882 0.7892280 -0.1087002 -0.2797548 0.2184600 -0.4637907 -0.0949695 0.0786351 0.7629610 0.2273048 0.3074668 0.2242592 0.2926870 -0.1415465 0.7111498 0.0421442 -0.0841413 0.7422276 0.4288457 0.2336765 0.0377165 0.3506958 0.6249660 0.0863902 0.0250960 0.6552526 0.3726632 0.1981793 0.4553245 0.3116322 0.6547053 0.0645051 0.1266137 0.7360875 0.1037731 0.0361830 0.5945574 0.5901762 0.1172532 0.0792301 0.2874221 0.4296156 0.4271849 0.2530072 0.5639672 0.1500421 0.5107061 0.6194891 0.3238872 0.5516375 0.4706241 0.2837386 0.2974803 -0.1016973 0.1883587 0.3348696 0.3275516 0.4377895 -0.2654332 -0.4556669 -0.2884714 -0.3807406 -0.0886545 -0.0703973 -0.2739439 0.2183046 -0.2156256 -0.2198194 -0.3146898 -0.0704915 0.2106281 -0.1326877 -0.0463237 0.0313945 0.0440348 0.2830816 -0.1066972 0.1362994 0.2647819 0.1439127 0.2276145 0.1978017 0.2699193 0.2050941 0.1896465 0.0063419 0.1748780 0.1872029 0.1594695 0.1217477 0.1308396 0.1150769 0.2884358 0.2523919 0.1641014 0.2152382 0.1080338 0.2846152 0.3171686 0.2375890 0.3294997 0.3281493 0.3768392 0.3765380 0.2144881 0.3734329 0.4398044 0.2013959 0.2394825 0.4196170 0.3031350 0.2893482 0.4680264 0.2638680 0.4024657 0.4664644 0.4952440 0.4498036 0.2396268 0.2569701 0.2137353 0.4248122 0.3757453 0.3116240 0.4274189 0.3056997 0.4070454 0.2276619 0.3254604 0.3607118 0.3784045 0.4461882 0.4003163 0.3510061 0.3545477 0.2764370 0.3298174 0.3198112 0.3479302 0.5327286 0.4847668 0.3807189 0.4070500 0.4124188 0.5127549 0.1144448 0.1531529 0.3160646 0.4470652 0.4907099 0.1679686 0.5827000 0.3539284 0.1005277 0.2845387 0.2762500 0.2503468 0.2030456 0.6080806 0.1853500 0.0682605 0.5938349 0.5071028 0.2574923 0.5906785 0.1198224 0.1232836 0.3152172 0.2281513 0.3925145 0.3989628 -0.0776897 0.3485772 -0.3513528 -0.4094238 -0.2233468 -0.3250327 -0.4152965 -0.4192687 0.0867487 -0.4933833 -0.3430681 -0.4830225 -0.0976142 -0.4114744 -0.3885661 -0.1191870 -0.2206569 -0.4586522 0.2644435 -0.0219507
0.2546890 0.2103762 0.3612939 0.7086861 0.3037822 0.6588945 0.3756163 0.7940581 0.3566631 0.4655021 0.7128265 0.3603015 0.0000000 0.2739696 0.7524713 0.5547310 0.7392144 0.0474264 0.6765601 0.4222310 0.2944619 0.4683011 0.7397970 0.1810115 0.6837970 0.6934424 0.6325611 0.1180239 0.7221946 0.3892103 0.2132711 0.7274501 -0.1553465 0.2594947 0.6381734 0.0653644 0.7959923 0.5996687 0.2406278 0.2710189 0.4228629 0.1173141 0.5963833 0.1269015 0.5250483 0.5739315 0.5534377 0.1915832 0.4042018 0.1761890 0.5437834 0.5919048 0.6823500 0.7424613 0.1914688 0.3797749 0.5842175 0.7710684 -0.1292545 0.5818253 0.3736832 0.7082635 -0.2525700 0.8537547 0.8525585 0.2919391 0.5930251 0.8266752 -0.1367811 0.8447078 0.3727568 0.7265336 0.7122006 0.9032935 0.3158613 0.8144786 0.5899106 0.6837251 0.8428234 0.4062996 0.1221683 0.1305180 -0.1658749 -0.1179138 -0.1376027 -0.6244064 -0.4097057 -0.6434553 -0.4334632 -0.3592982 0.1253654 -0.0904666 -0.1060110 -0.4736513 -0.3477162 -0.4117229 -0.0481474 -0.2106736 -0.4261335 -0.1308179 -0.2402951 -0.0847257 -0.3267443 -0.2476352 -0.1852603 -0.5236183 -0.3492285 -0.2408194 -0.3476880 -0.3035093 -0.3949953 -0.3751531 -0.5347364 -0.3317227 -0.3777400 -0.4729533 -0.3893332 -0.5601834 -0.4237513 -0.5559291 -0.4608543 -0.3495428 0.2878989 -0.5544550 -0.4980344 -0.4202562 -0.2349170 0.0695227 -0.4328743 -0.2539719 -0.3705944 -0.0414592 -0.1806240 0.0117580 -0.0108406 -0.2920329 -0.2967743 -0.3538030 -0.3645294 -0.1024116 -0.2394547 -0.0931263 0.3633772 -0.0881831 -0.3178531 -0.3612982 -0.3802272 -0.3433589 0.0619318 0.1082814 0.0545957 -0.2016776 -0.2676128 -0.2087153 -0.2560510 -0.0138970 0.5385795 -0.3601324 0.3841985 0.1921914 -0.3358221 0.1158826 -0.1311335 0.4734631 -0.2628144 -0.2732498 -0.1111357 0.0634493 0.4346087 0.0938745 -0.2293838 0.1735056 -0.2872844 0.0890240 -0.2453737 -0.1923950 -0.3311347 -0.2228751 -0.1006134 0.2161551 0.0562607 0.0454862 -0.0604870 -0.0412911 0.0352742 0.6440828 0.0805772 0.4339062 0.4845765 0.0290482 -0.5022028 0.3030118 -0.1895811 0.2566675 -0.3846621 -0.1481477 -0.0938223 0.2142227 0.2909389 -0.3188215 0.4030183 0.0756211 -0.2024423 -0.1252471 -0.1655067 -0.0146184 -0.1150491 -0.0266681 0.4281159 0.0041093 -0.2636950 -0.5029936 -0.2362766 0.0300256 -0.3334316 0.0737919 0.3786621 0.1915717
-0.3456305 0.1952767 -0.2166383 0.4065709 0.4661733 0.4882616 -0.0628704 0.4588672 0.5001375 0.7421241 0.3094343 0.0191972 0.2739696 0.0000000 0.6102698 0.1350681 0.7193715 0.8215905 0.3131060 -0.3325374 0.0800923 0.4055881 0.5036282 0.8637297 0.3861537 0.2691180 0.6842503 0.8066384 0.2552105 0.7583366 -0.1321833 0.1630425 0.5937208 0.8026146 0.3514049 -0.2619707 0.3828414 0.1802530 0.2816769 0.4935973 0.0538550 -0.3672961 0.4040625 0.5003838 0.0447098 0.3487468 0.3933793 -0.2876047 0.5498973 -0.0392045 0.4297143 0.3994577 0.5422216 0.1251611 -0.1707580 0.3275490 0.3819632 0.1378289 -0.5260074 0.3833742 -0.3203814 0.4236624 -0.3935156 0.3452174 0.2481055 0.0534953 0.4327498 0.4012103 -0.6079794 0.3822256 0.1923190 0.4000347 0.4399936 0.2684154 -0.2320939 0.4002560 0.3078804 0.1073564 0.3789685 -0.0097660 -0.0138430 0.2895581 -0.0111664 0.0164266 0.0870351 -0.2054880 0.0403202 -0.0662005 -0.1233959 -0.0591477 0.1569986 0.2284132 -0.1327718 0.0339662 -0.1844166 0.1200215 0.1421743 -0.0230450 -0.1097991 0.1718534 -0.1847327 0.1382383 -0.3593599 -0.0748914 0.0746045 -0.2062393 -0.2450744 -0.0011819 -0.3875836 -0.1808268 -0.3204774 -0.3118740 0.0633833 -0.1335652 -0.1429436 -0.2915818 -0.1397320 -0.3440121 -0.2798583 -0.5054001 -0.3245103 -0.1387426 -0.1539201 -0.3430613 -0.3989797 -0.4872771 -0.0430885 -0.0524407 -0.4903070 -0.1569334 -0.3236983 -0.0901891 -0.0371362 0.0460396 -0.1335502 -0.4594432 -0.3416468 -0.3465781 -0.4808130 -0.3814611 -0.4261229 -0.3056702 -0.1260453 -0.4297511 -0.3951261 -0.5817432 -0.3304294 -0.3264011 -0.2260989 -0.1011350 -0.2604840 -0.3668894 -0.1362164 -0.3656883 -0.2228756 -0.1291075 0.0220447 -0.3335235 -0.1380021 -0.1485919 -0.2565585 0.0208378 -0.4063015 0.0901953 -0.0767768 -0.3726634 -0.2172640 -0.2458941 -0.0340439 0.0733711 -0.2148028 -0.1364747 -0.5841463 0.1974980 -0.5215521 -0.3503236 -0.6316210 -0.5527031 -0.4784917 -0.2611373 -0.5173748 -0.3617511 -0.5247006 -0.3503247 -0.5733289 0.1160912 -0.3724522 -0.2424590 0.1347282 -0.0105958 -0.5497195 0.1516576 0.1271563 -0.0924171 -0.4431449 -0.4919569 -0.5659919 0.3644008 -0.0173051 -0.5725891 0.1219719 0.3820694 -0.0343635 -0.3738069 -0.5105519 -0.2846555 -0.5616493 -0.0916204 0.1570259 0.1678801 -0.1385223 -0.4010870 -0.4843205 -0.4350821 -0.4328342 0.0131996 0.3143675 0.3121440
0.1427341 0.3394384 0.1941089 0.8472462 0.2906224 0.8029966 0.3653481 0.9173979 0.6630209 0.7776102 0.7905588 0.2661136 0.7524713 0.6102698 0.0000000 0.6026335 0.9250219 0.2733377 0.6379580 0.1959074 0.3115202 0.5127589 0.8832569 0.5490574 0.7410397 0.7563256 0.7601922 0.3975213 0.6684010 0.6061180 0.0851176 0.6222199 0.1803422 0.5345468 0.7843407 -0.1290178 0.7390429 0.5900979 0.5013450 0.5044555 0.2913772 -0.1210763 0.7695106 0.3386721 0.3573959 0.7209935 0.7257081 0.1112160 0.5236258 0.2523471 0.7540748 0.7380428 0.8147095 0.7503944 0.1765643 0.5205267 0.6766071 0.6450668 -0.1570547 0.7823070 0.0909289 0.8504914 -0.3962673 0.8194725 0.7941318 0.4181822 0.7389940 0.8481329 -0.3117534 0.8279373 0.4545983 0.7984465 0.8150478 0.8108787 0.2722365 0.8149186 0.5703764 0.5380532 0.7957367 0.3037549 0.0624340 -0.0757362 -0.2429049 -0.0127414 -0.1450276 -0.4826072 -0.4257418 -0.5505396 -0.4715355 -0.4091512 0.2328769 -0.0808176 -0.2250251 -0.3660487 -0.2449632 -0.1683653 -0.1459678 -0.2723429 -0.3341864 -0.1899626 -0.3559224 -0.0021340 -0.3175405 -0.4798771 -0.1895207 -0.3933070 -0.3334478 -0.1707060 -0.4737690 -0.2776249 -0.4377878 -0.4670179 -0.4763621 -0.2854701 -0.2813657 -0.4579167 -0.2965993 -0.5480628 -0.3727397 -0.6830604 -0.4975734 -0.2666416 -0.0111402 -0.5665045 -0.5780233 -0.5790702 -0.2186434 -0.0488011 -0.5563405 -0.3142010 -0.4707927 -0.1546514 -0.1448787 0.0188960 -0.1692492 -0.4749831 -0.3788534 -0.4326001 -0.5343613 -0.1109902 -0.4240995 -0.1348943 0.1613323 -0.2111846 -0.4231416 -0.4968396 -0.4503178 -0.3845676 -0.1831661 0.0659254 -0.0299378 -0.1937496 -0.2721718 -0.3553275 -0.2725892 0.0246305 0.4757152 -0.3702643 0.1688681 0.1191203 -0.2932412 0.1751810 -0.1210919 0.3812959 -0.2359677 -0.2386004 -0.1458412 -0.1152149 0.2887889 0.1637136 -0.3034795 0.0757828 -0.1558727 0.3376707 -0.2954037 -0.2601005 -0.4347713 -0.3188895 -0.2851194 -0.1563448 -0.3839881 -0.2502333 -0.2243584 -0.1447359 -0.1318327 0.4708075 -0.0617326 0.0688044 0.4060429 0.0964230 -0.7086537 0.3461804 0.1624415 0.0926566 -0.5742550 -0.2758580 -0.2851699 0.4646387 0.2339410 -0.4669600 0.3965776 0.3231608 0.0142272 -0.2574577 -0.4009379 -0.0973051 -0.1880037 -0.1010375 0.3827021 0.1811590 -0.1759502 -0.4175660 -0.3255143 -0.2360611 -0.3748551 0.0257395 0.3688207 0.4275141
0.4950015 0.0327489 0.1148951 0.4332611 -0.2042888 0.4554431 0.3133724 0.7120414 0.3590061 0.3862702 0.7251439 0.3083600 0.5547310 0.1350681 0.6026335 0.0000000 0.5651166 -0.1277731 0.7904095 0.4054936 0.2206180 0.3488009 0.7524709 0.0592839 0.7851136 0.8581094 0.3430972 -0.1775118 0.5809896 0.0214658 0.0804674 0.5986769 -0.1928676 0.0690671 0.6910975 0.1576252 0.7288950 0.6528881 0.1645711 -0.0279796 0.1701594 0.1225874 0.5754207 -0.1627396 0.3925895 0.8183616 0.7624191 0.2111669 -0.0306696 0.4167549 0.7483765 0.4244969 0.4393218 0.6435105 0.2192193 0.6785536 0.7682196 0.4822184 -0.2393700 0.8072977 0.0945236 0.7284292 -0.5406202 0.6116602 0.5376056 0.5064911 0.7932049 0.6920074 -0.1509869 0.7602820 0.6766880 0.6576975 0.7604682 0.6508266 0.3715863 0.7167019 0.6558762 0.6289360 0.6926129 0.2178509 -0.0864851 -0.1013127 -0.0711252 0.2907489 0.0391170 -0.2222371 -0.3405818 -0.3460875 -0.1964139 -0.2105897 0.4791881 0.1352671 0.2627772 -0.1238752 0.1482942 0.0238377 0.1383568 0.1494149 -0.1440497 -0.2673800 0.1034166 0.2745826 0.0423925 -0.2314865 0.1762403 -0.1411673 0.0603962 0.2250990 -0.0777526 0.2216531 -0.0449716 -0.0742765 -0.0172816 0.1696102 0.2558915 0.1627951 0.2272039 -0.0133082 0.2489412 -0.2278937 -0.0843528 0.2288886 0.3074634 -0.0222670 -0.2721545 -0.0814649 0.2358972 0.2830944 -0.0764954 0.1283606 -0.0884587 0.2724851 0.1921692 0.4323514 0.0394343 -0.0668344 0.1063614 -0.0829511 -0.1517353 0.5062503 -0.0119455 0.3422633 0.2610066 0.4169947 0.0655142 0.0971043 -0.0723556 0.0704134 0.0825750 0.4447406 0.2043793 0.3879475 0.0211995 0.0185396 0.1370587 0.5917526 0.5604875 0.1461104 0.2558363 0.5007849 0.1226238 0.3643545 0.4974121 0.4597654 0.0641505 0.3930383 0.2884831 0.1179034 0.4046430 0.3464993 0.0696106 0.2929824 0.0912341 -0.0185903 -0.1740154 -0.4184921 -0.1801757 0.1150004 -0.0089348 -0.0652798 -0.1696772 -0.2576013 -0.2537150 -0.3617542 -0.0865959 0.2976353 -0.2598370 -0.1257789 0.4761924 0.3875646 -0.0877330 0.5737898 0.3892229 0.5612278 -0.0041792 0.4572060 0.3219478 0.3812919 -0.0274500 0.1199438 0.3468599 0.1349975 -0.0183102 0.1244722 -0.3025834 -0.2773424 0.2004952 -0.0864906 0.2608690 -0.1498531 0.0915703 -0.0560891 -0.4172271 -0.1318299 0.0553129 -0.3646519 0.2750411 0.6121396
0.1648175 0.3436723 0.1206899 0.8053681 0.3849877 0.7843974 0.2607525 0.8724049 0.5457971 0.8840925 0.8342939 0.2102622 0.7392144 0.7193715 0.9250219 0.5651166 0.0000000 0.3143637 0.6119485 -0.0521583 0.2624846 0.3840807 0.8799060 0.5731830 0.6730974 0.6830958 0.7572701 0.4132116 0.6149195 0.5843695 -0.0902546 0.4715629 0.2147911 0.5237119 0.7327899 -0.1737207 0.7346407 0.4817587 0.5578289 0.4896740 0.0954137 -0.2253360 0.7769995 0.3507280 0.2557936 0.6385827 0.6908806 -0.1064401 0.5576336 0.0276859 0.7135032 0.7542092 0.7288405 0.7497984 -0.0400831 0.3961616 0.6069913 0.6377239 -0.3898774 0.7483197 -0.0420063 0.8799251 -0.5376283 0.7797119 0.7701469 0.2002967 0.7062896 0.8694499 -0.4501742 0.8364150 0.4032165 0.8127307 0.7545315 0.7828627 0.1548045 0.7842547 0.5743471 0.5965927 0.7884099 0.3073579 0.1920346 0.1209370 -0.1137903 0.0804533 -0.0008473 -0.3910861 -0.2548406 -0.5610101 -0.2450572 -0.1677639 0.3137829 0.1242608 -0.0635077 -0.2910214 -0.2325308 -0.0394312 0.0881738 -0.0786798 -0.2751911 -0.0646196 -0.2041233 0.1492831 -0.2787593 -0.3015451 0.0145300 -0.3310923 -0.2308876 -0.0541063 -0.2936721 -0.1940889 -0.2590469 -0.3058514 -0.3347513 -0.1694505 -0.2496054 -0.4180974 -0.2605162 -0.4949365 -0.3603536 -0.6237354 -0.4497274 -0.2376490 0.1238001 -0.5569109 -0.5837136 -0.4634049 -0.0940977 -0.0126563 -0.5042230 -0.2776155 -0.4415203 -0.0753745 -0.0844935 -0.0175053 -0.0442379 -0.4248405 -0.3769837 -0.3956878 -0.5192843 -0.1202647 -0.3949218 -0.1131286 0.2529015 -0.2019411 -0.4007345 -0.4626845 -0.3831453 -0.3215839 -0.0949894 0.2044286 0.1188013 -0.2381301 -0.1674158 -0.3315149 -0.1845210 0.1039802 0.5458470 -0.3355119 0.2610793 0.2426556 -0.2457175 0.3273876 -0.1218851 0.4821447 -0.0917697 -0.2103287 -0.1525906 -0.0771939 0.3742159 0.3029319 -0.2237504 0.1239827 -0.2613050 0.3452438 -0.3918283 -0.4191461 -0.5268817 -0.2817832 -0.2542364 -0.0202315 -0.3224894 -0.2275101 -0.3536061 -0.2171778 -0.3063437 0.4323725 -0.1863158 0.1343863 0.4346559 0.0386670 -0.6024271 0.3859632 0.1281508 0.1473813 -0.4256792 -0.2281811 -0.2900497 0.5211942 0.2764392 -0.4479523 0.3788989 0.2254175 -0.0376649 -0.2974380 -0.5869354 -0.1155052 -0.3942512 -0.2169875 0.3542525 0.1265562 -0.1580101 -0.4319560 -0.4526397 -0.2429661 -0.4023020 0.0083000 0.3822105 0.3246783
