0.0000000 0.1463264 0.7319136 0.0710344 0.7759035 -0.0785003 -0.0715555 0.6375747 0.1371435 0.1482358 0.3271173 -0.3815609 0.8319511 -0.1408895 0.3284230 0.6494503 -0.0212263 -0.6094948 0.6657245 0.3724315 -0.4051974 0.5698962 0.1684212 -0.1525210 0.4146435 0.3126204 -0.3296942 -0.4789917 -0.3392096 -0.3020489 0.5816963 0.3268922 -0.3541738 -0.3479229 -0.0339605 -0.4401638 0.2904298 0.5283009 -0.2563913 -0.1270922 0.6097784 -0.4638368 -0.1171124 -0.5380542 -0.5078828 0.2062133 0.1747625 0.4581130 -0.5489765 0.3245393 0.0864496 -0.1834030 -0.5086125 -0.1170954 0.2727784 0.3288607 0.2504407 -0.2843914 -0.3719700 0.0952862 -0.2460449 -0.0721622 0.3294270 -0.3446595 -0.0529676 0.2990715 0.1052494 -0.1111889 0.4622909 -0.3405691 0.3098339 -0.3549658 -0.0206034 0.0165627 0.2952162 -0.2401369 -0.5147928 0.0427624 -0.1237113 -0.4271802 0.0599714 -0.6177295 -0.4921897 -0.3878181 -0.5107577 0.0042608 -0.0121491 -0.5237374 -0.2872256 -0.2020439 0.1194395 0.2276324 0.1940729 -0.5877530 0.3224771 0.4664075 0.3984669 0.3731883 -0.0654806 -0.3470213 -0.0656494 0.1531606 0.2830567 -0.6017106 0.4218220 0.5756842 0.3326385 0.1797682 0.3494782 0.2720720 0.3604416 0.2849095 0.5673457 0.2428912 0.3608822 0.4266930 0.2618007 0.1432027 0.6427125 0.1160168 0.1342439 0.2397289 0.3500853 -0.2107895 -0.0282115 0.1444781 0.1628980 0.1194083 0.0381775 -0.2868456 -0.0983266 0.3574922 -0.0988270 -0.1126210 0.2064692 0.2473251 -0.0843176 0.0166041 -0.1159612 -0.2579221 0.1800303 -0.2741001 0.3620588 0.3207291 0.0788005 0.2523268 0.0284471 0.0427428 0.2444757 -0.2169771 -0.1050574 0.4677063 -0.0143383 0.1965990 -0.2586741 0.5528937 0.3428035 0.2889297 0.5027168 0.1535811 0.1920763 -0.0539578 0.4256128 0.2103418 0.1512373 0.2766941 0.4758237 0.4198923 0.3959106 0.1510233 0.4076313 0.3525122 -0.6458173 -0.6210639 -0.2990410 -0.5133647 -0.3366838 -0.5514659 -0.1631839 -0.0316614 0.0948100 0.0268633 -0.1404677 0.1273154 -0.1535455 0.2623673 0.1708808 0.5973898 -0.2152058 -0.4581484 -0.0559579 -0.5265387 -0.4886179 -0.3827096 -0.1999157 -0.2100761 0.0298430 -0.4509220 -0.4563278 0.0862869 0.1695642 0.0589916 0.1442645 0.0070002 0.4607698 -0.3875640 -0.1730461 -0.2175258 0.0177929 -0.3298771 0.1682606 -0.3195369 0.1389235 0.0224462 -0.2138674 0.3098463 0.1809227 -0.1319969
0.1463264 0.0000000 0.0966052 0.3194795 0.1792969 -0.1768393 0.1628294 0.1885151 -0.1055413 -0.3761905 -0.0809528 0.0416827 0.1347475 -0.6477476 0.1803127 0.1728998 -0.2637869 -0.5896256 0.0908937 0.2970030 -0.0603336 -0.1754276 -0.1818253 -0.3446634 -0.3335476 -0.1505836 -0.4814733 -0.7658496 -0.2293757 -0.7362918 0.1707635 -0.5168740 -0.4590530 -0.3429200 -0.3498670 -0.4341848 -0.2831720 -0.4325320 -0.4506390 -0.4792974 -0.2613151 -0.4156235 -0.3818517 -0.6606346 -0.4442587 -0.5615652 -0.3480786 -0.5900686 -0.4364801 -0.5796280 -0.4215153 -0.3549978 -0.4638720 -0.5216423 -0.2754615 -0.5318169 -0.4077908 -0.5053041 0.3185107 -0.3887275 0.1431294 -0.4189932 -0.2237989 -0.4175965 -0.2990187 -0.4405547 -0.4582881 -0.6492087 -0.4663851 -0.5871110 -0.5268423 -0.2970573 -0.5998542 -0.0913428 -0.3969287 -0.5740398 -0.2322811 -0.4447683 -0.4558154 -0.0524094 -0.4166005 -0.2862237 -0.4491646 -0.0745764 -0.4224245 -0.1058058 -0.4420687 -0.3509742 -0.3242575 -0.2781695 -0.1976302 -0.3254591 -0.6117601 0.0475482 0.2963668 -0.3703319 -0.5357482 -0.4032245 -0.3328863 -0.3246251 -0.1149478 -0.2752931 0.0042574 -0.1444855 -0.4440682 -0.3733379 -0.1795605 -0.1538935 -0.3159264 0.0197963 -0.1025810 -0.1891456 0.1131657 -0.0959395 0.2733677 0.2305047 0.2592826 0.2942430 0.1543132 -0.0771146 -0.0963098 0.2027588 -0.2099692 -0.2700875 -0.1945301 -0.3177455 -0.0999797 -0.2054656 -0.2127527 -0.2791781 -0.3627839 0.0406975 -0.1955005 -0.3053944 -0.0825417 0.0077776 -0.2577805 -0.2514582 -0.2005934 -0.4571412 0.0988224 -0.4619984 0.2076538 -0.3491863 -0.2511362 -0.0799041 -0.2544577 0.0400151 -0.0126486 -0.4836169 -0.5982974 -0.3491725 -0.3895020 -0.0068866 -0.2998279 -0.1885169 -0.4237776 0.0849241 -0.0160310 -0.6525083 0.0225115 -0.5421533 -0.5386861 -0.6044747 -0.3243212 -0.4108766 -0.3552634 -0.1822970 -0.3613639 -0.5124027 -0.1889375 -0.1141506 0.0181325 0.1911093 0.6243338 0.0975170 0.0699755 0.1242761 -0.1321242 -0.1414411 0.0340230 0.1422709 0.3919390 0.5072404 0.6265680 -0.0209535 0.5668018 0.2323734 0.1198254 -0.1627512 -0.1835218 -0.0828066 0.1619656 -0.0019279 -0.1769942 -0.0218153 -0.2496182 0.2475894 0.0695573 -0.0915280 0.5492106 0.3674633 0.7095977 0.4428543 -0.1212772 0.0904928 -0.0894228 0.0878892 0.0686209 -0.1813837 0.6583410 0.2556653 -0.0722742 0.3458506 -0.1266331 0.3574904 0.6920528 0.5566487
0.7319136 0.0966052 0.0000000 0.1045752 0.8197684 0.0633537 -0.2691219 0.7639225 0.3341685 0.3810772 0.6390082 0.0061130 0.7617765 -0.0845840 0.4620205 0.6155991 0.0705081 -0.5581572 0.5818141 0.4275339 0.0629875 0.7116260 0.4016055 0.1764434 0.5634980 0.4705941 -0.2093497 -0.3872346 -0.0080856 -0.2099055 0.7045815 0.4398886 -0.0611090 0.0258531 0.1652494 -0.1096675 0.3702103 0.6018400 -0.0587395 -0.0478534 0.7239297 -0.1355031 0.0985054 -0.4340238 -0.0638750 0.3044869 0.2718222 0.5167749 -0.2451585 0.2201401 0.1873176 -0.0803130 -0.0358375 0.0548213 0.3033133 0.3452347 0.3573063 -0.0976085 -0.2455285 0.2252197 0.0432890 0.0814529 0.5546060 0.0752284 0.2490261 0.4677279 0.2545024 0.0405540 0.4837303 -0.0175584 0.3853839 -0.0161568 0.0917962 0.1551760 0.3504472 -0.0593116 -0.1995110 0.1037989 0.0067110 -0.0827771 0.1441268 -0.4832743 -0.5089800 -0.4274627 -0.4307605 0.0333554 0.0472155 -0.2050823 -0.2199579 -0.2213996 0.1484678 0.3305364 0.4425480 -0.3958414 0.0712996 0.4725642 0.3904369 0.5163482 -0.0979008 -0.2093248 -0.2732654 0.1425917 0.1288116 -0.5338299 0.3981419 0.4032630 0.2793679 0.0904042 0.3424388 0.2610651 0.0203396 0.0057687 0.3112187 0.3133628 0.2284089 0.2441416 0.2260758 0.2262317 0.4202827 0.2991266 0.2334691 0.2054494 0.2487066 -0.1076750 0.1722853 0.3701811 0.2368595 0.0170556 0.2239451 -0.1858097 0.0688719 0.2410089 0.0863808 -0.1664253 0.1998255 0.1382872 -0.0016274 0.1737630 -0.0161809 -0.0777400 0.1265207 -0.0412147 0.2350013 0.0106548 0.0460537 0.1285353 0.0814862 0.0543632 0.1830883 -0.0263380 -0.0217988 0.3617125 0.0978127 0.1314081 -0.2589517 0.2921576 0.2583518 0.1373461 0.4144047 0.2000736 0.2471214 0.1297292 0.3792272 0.2747307 0.1941724 0.2751655 0.3759980 0.3670298 0.4127794 0.2479963 0.3641169 0.3317870 -0.4782092 -0.3243365 -0.2607591 -0.2087376 0.1037260 -0.2048411 0.2932126 0.1257658 0.1671134 0.0529984 -0.0719060 0.0832343 -0.1503163 0.2735789 0.0047029 0.2884598 -0.0146456 -0.0074022 0.1862393 -0.0883113 -0.1278343 -0.1296977 0.0687072 -0.0325108 0.2369882 -0.1772956 -0.1211676 0.3635173 0.4436906 0.1269218 0.1785377 0.2317773 0.5137908 -0.1605571 0.0185373 -0.0037134 0.4251214 0.0917447 0.1860804 -0.1079619 0.3025956 0.1767684 -0.2090114 0.2242690 0.0512246 -0.0966836
0.0710344 0.3194795 0.1045752 0.0000000 0.1845182 0.3510826 0.4641538 0.1948080 -0.5718772 -0.0225479 0.1789328 0.1477803 0.2380902 -0.3368767 -0.4059837 -0.0500648 -0.1051918 -0.2495378 0.0226782 0.0799829 0.0392974 -0.3965674 0.1025945 -0.2907418 -0.2508065 -0.0318864 -0.0323243 -0.4005918 -0.2926459 -0.2838334 0.0193713 -0.3254803 -0.1981077 -0.2043604 -0.0307457 -0.0489616 -0.1719883 -0.2579714 -0.1759684 -0.2204915 -0.0642962 -0.2533825 -0.1163963 -0.3720443 -0.1301445 -0.2373064 -0.0474605 -0.1251658 -0.2463660 -0.0846202 -0.1686241 -0.1598838 -0.3253020 -0.4021401 0.2543055 -0.0830487 -0.1767568 -0.2064380 0.0198852 -0.2049903 0.0948710 -0.2287430 -0.1288604 -0.1256832 -0.0164156 -0.1212817 -0.1816152 -0.3525063 -0.0980130 -0.2713814 -0.1612971 -0.2257735 -0.2125552 -0.0475641 -0.1413282 -0.2155235 -0.1214444 -0.2553018 -0.1644714 -0.0415483 -0.2142547 -0.0439168 -0.3458608 -0.1538910 -0.2153078 -0.0739213 -0.0564500 -0.0255070 -0.2938342 -0.2675975 -0.0215234 -0.3425020 -0.1351729 0.1234397 -0.0073357 -0.1970496 -0.1386636 0.0077804 0.0926835 0.1216971 -0.1549084 0.0733221 -0.1064647 0.1872282 0.0783680 -0.1057243 -0.1854127 -0.0960398 0.0746593 -0.2555204 -0.2701883 -0.3911865 -0.2220059 0.0869269 0.0201106 -0.0802946 0.1060182 0.0284779 -0.1555541 -0.0647882 -0.0428593 0.0384120 -0.0623625 0.1128038 -0.1073013 -0.1177981 -0.0617842 -0.1749790 -0.1068318 -0.2423852 -0.1625099 0.0085253 0.1027126 -0.2017899 -0.2879867 0.0191940 -0.0734453 -0.0351745 -0.0190686 -0.1765502 -0.0202012 -0.1511599 -0.1999436 -0.1396501 0.0328071 -0.1792310 -0.0132414 0.0250379 -0.1845960 -0.2862144 0.0415471 -0.1003165 -0.0003138 -0.1146291 -0.0032765 -0.0455419 0.0042481 0.0298248 -0.0987136 0.1357175 -0.0377147 0.0332851 -0.0965655 0.0385588 0.0287502 -0.0327219 0.1141320 -0.1192059 0.0112873 -0.0067644 0.0431369 0.0295853 0.0768722 -0.0271047 -0.0296780 0.1448523 0.0378821 -0.0162058 -0.1893716 -0.2204994 -0.1888609 -0.2391620 0.0321742 -0.1197161 0.1662093 -0.0315926 0.2173779 0.0727303 -0.2028311 -0.1338224 -0.2250364 -0.0043680 0.0248334 -0.1883342 -0.0445734 -0.1667537 -0.0474114 -0.0468447 0.0028577 -0.0277102 0.3331631 0.3748107 0.0107352 -0.0629441 0.4345649 0.1083505 -0.0022802 -0.1717234 0.0344086 -0.0272366 -0.2319995 -0.1482347 0.0906045 0.2521557 0.1146274 -0.1033353 0.1432104 0.2277416
0.7759035 0.1792969 0.8197684 0.1845182 0.0000000 -0.0297967 -0.2149148 0.7913635 0.2827988 0.3079517 0.5673252 -0.1924379 0.8879167 -0.1086018 0.3554121 0.6193860 0.0748746 -0.5635955 0.6151050 0.6038499 -0.1887017 0.6653618 0.2884191 0.0002986 0.5929367 0.4216517 -0.2488730 -0.5287157 -0.1811426 -0.3333856 0.6989272 0.3703573 -0.1221159 0.0169621 0.0170273 -0.1806440 0.2771665 0.4573014 -0.1607228 -0.0905110 0.6110236 -0.1825159 -0.0009471 -0.5052996 -0.2055340 0.2314765 0.1532507 0.3523199 -0.3212426 0.1747927 0.1104234 -0.1105124 -0.1522213 0.0367280 0.2349533 0.2393495 0.2070900 -0.1808419 -0.1596047 0.1320847 -0.0323690 0.0298325 0.5543331 -0.0591297 0.1628951 0.2404190 0.1281702 -0.0292779 0.4128776 -0.1803600 0.2522335 -0.1005407 0.0253941 0.2644448 0.2393741 -0.1848764 -0.3085297 0.0586173 -0.1859208 -0.2779279 0.2563901 -0.7242319 -0.6512262 -0.6370945 -0.5297110 -0.2140614 -0.1228566 -0.3353492 -0.3787593 -0.2817468 0.0623115 0.2367437 0.1909257 -0.5139963 0.1755824 0.2744567 0.2130245 0.2737040 -0.0047804 -0.0963045 -0.2475460 -0.1510406 -0.1205678 -0.5785123 0.2280861 0.3078604 0.0305636 -0.1432482 0.1804533 0.0743674 0.1581867 -0.0349323 0.2875521 0.2315335 0.1752019 0.1865094 0.1964248 0.2604633 0.3358935 0.0935719 0.1246110 0.1935141 0.1168704 -0.0512185 0.0746846 0.1066678 0.0430335 -0.1280652 0.0554494 -0.2846547 -0.1190318 0.0198240 -0.1942169 -0.2718805 -0.0101528 -0.0305647 -0.2895326 0.0217676 -0.1017942 -0.1602157 0.1042500 -0.1923033 0.3312584 0.0056475 -0.1202953 -0.0088887 0.0702751 0.1852150 0.0975899 -0.0563896 0.0032712 0.2781911 0.0266943 0.1247955 -0.0580235 0.3622274 0.2590124 0.0680025 0.4055456 0.1494328 0.3938846 0.0223503 0.2563319 0.1763651 0.1771015 0.1551188 0.2805690 0.2850607 0.3475991 0.1021233 0.2950345 0.3084516 -0.6057458 -0.2459771 -0.1720513 -0.4011128 -0.1339472 -0.3166880 0.0465451 -0.0371806 0.0600520 -0.0187170 0.1100712 0.1322765 -0.0438708 0.3886275 0.0610614 0.4067538 -0.0084247 -0.1349035 -0.0428140 -0.2659281 -0.2253299 -0.1727260 -0.1184050 -0.1649605 -0.0057182 -0.2198995 -0.0963313 0.0951261 0.4828809 0.2619129 0.1685917 0.1753077 0.2979949 -0.2623412 -0.0638635 -0.0350137 0.3490604 0.0246127 0.2384290 -0.1471348 -0.0586585 -0.0337099 -0.2272808 0.4581021 0.4489524 0.1696656
-0.0785003 -0.1768393 0.0633537 0.3510826 -0.0297967 0.0000000 0.4369185 -0.1439591 0.0410029 0.2804638 0.0281144 0.4496869 0.0355773 0.1053073 0.0297753 -0.2880281 -0.1009558 0.3951743 -0.3345094 -0.1327913 -0.0587169 -0.2134237 -0.1138070 0.4663011 -0.3013435 -0.1559135 0.1265595 0.2217660 0.0685431 0.1195062 0.0052432 -0.0970300 0.2625014 0.3138776 -0.0099466 0.0708485 -0.0865270 -0.0085983 -0.0342589 0.0656746 0.2562599 -0.0428080 -0.0513539 0.1940269 0.1734939 -0.1626801 -0.0837186 0.2741686 0.2375351 -0.0037718 -0.1939311 0.0097775 0.2082615 0.0386375 0.2198089 -0.1339947 -0.0863274 0.2662622 -0.2886204 -0.2395092 -0.2333209 -0.0169330 0.2575449 0.3023548 0.1774703 0.0959231 -0.1070431 0.0815810 0.2026393 -0.1031693 0.0410926 -0.0471224 -0.0055930 -0.1895132 -0.0922377 -0.0293738 -0.1915992 -0.0039067 0.1575517 -0.0457647 0.1806298 0.1634028 -0.0410554 -0.2865782 -0.2846618 -0.2025132 0.0330210 0.0792812 -0.0557186 -0.3421939 0.1294836 -0.0588548 0.1721794 -0.1739662 -0.2551144 0.0551612 -0.0853397 -0.0638233 0.0418457 0.3494481 -0.2462006 -0.1038408 -0.3780258 0.1728065 0.0240362 -0.0350777 -0.2225802 -0.2338781 -0.1001464 -0.3559204 -0.1563077 -0.5114362 -0.3969405 0.1150852 -0.2697925 -0.2910550 -0.2160333 -0.2793684 -0.4880050 -0.4157962 -0.3652450 -0.4077809 -0.0017184 -0.0737613 -0.2777100 -0.3056582 -0.1861356 0.0254298 -0.2032386 -0.3426220 -0.3010757 0.0792376 -0.1070968 -0.1539010 0.0182975 -0.0226155 -0.0180893 -0.1869550 -0.0424181 -0.3376539 -0.0253159 -0.2153633 -0.1913039 -0.2508790 0.0561498 0.0678373 -0.0807691 -0.2744591 0.0307555 -0.2221618 -0.2332413 0.0726723 -0.1432157 -0.0044787 0.0302160 -0.0173847 -0.0875739 0.0433063 -0.3192738 -0.0758366 -0.2493802 -0.0825381 0.2411464 0.0966831 -0.0461820 0.1797726 0.3387218 -0.0765100 -0.0502484 0.0186264 0.0454342 -0.0373955 -0.2895009 -0.4023162 -0.4635547 0.0147895 -0.1852482 -0.3646158 -0.3592183 -0.4747147 -0.5945448 -0.5508029 -0.3317274 -0.4096350 -0.3207342 -0.1876613 -0.3556452 -0.1995805 -0.3545839 0.0651737 -0.5153171 0.0214959 -0.0649889 -0.5873490 -0.4448203 -0.6317388 -0.2680238 -0.4070993 -0.0637674 -0.3649216 -0.0853681 0.3325535 -0.4498503 -0.5005584 0.2030479 -0.3831720 -0.3116811 -0.1466879 -0.4630915 -0.0242263 -0.6259829 -0.6929456 -0.1585054 -0.5028639 -0.3392518 -0.4732835 -0.2777573 -0.1550533
-0.0715555 0.1628294 -0.2691219 0.4641538 -0.2149148 0.4369185 0.0000000 -0.1537773 -0.5325123 -0.0374722 -0.2265297 0.3023519 -0.0598825 -0.1707198 -0.3375067 -0.1406122 -0.1284621 0.2267979 -0.1125175 -0.0116988 -0.1563710 -0.4194609 -0.2469465 0.0467784 -0.4159996 -0.1361498 0.0520611 0.0003899 -0.2293246 -0.1076541 -0.0196309 -0.3886182 0.1126770 0.0626915 -0.0775754 -0.2202775 -0.0744336 -0.1825853 -0.1466387 -0.1766250 -0.2178295 -0.3829855 -0.1768376 -0.0472572 -0.1762632 -0.3089570 0.0084419 -0.2096769 -0.0476944 -0.1003146 -0.2205280 -0.1673577 -0.2919835 -0.3672440 0.2429389 -0.2179950 -0.1047335 -0.1253741 -0.1324248 -0.3005668 -0.3485032 -0.2122552 -0.3098650 -0.0950292 -0.2749615 0.0076888 -0.1679859 -0.2049669 -0.2351596 -0.2394658 -0.0448209 -0.2625058 -0.1253391 -0.1634372 -0.0585059 -0.0662030 -0.1084891 -0.0324504 0.1148585 0.0050892 -0.0050702 0.0170588 -0.1801234 -0.2069730 -0.3117622 -0.1992851 -0.1251420 0.2541845 -0.3248616 -0.4446748 -0.0429136 -0.5690329 -0.3696004 -0.0309398 -0.1234001 -0.1605093 -0.4107173 -0.4021073 -0.2747305 0.1166468 -0.3754003 -0.1271283 -0.2751530 0.2089506 -0.2545690 -0.1569263 -0.3076161 -0.3295285 -0.3550620 -0.4459319 -0.3381992 -0.3206434 -0.1994842 -0.1207335 -0.1324202 -0.1759921 -0.1495573 -0.2001079 -0.2245695 -0.3454387 -0.2391947 -0.1880131 -0.0953735 0.0943137 -0.3242582 -0.3372523 -0.0332684 -0.0654724 -0.3392244 -0.2211627 -0.2246508 0.1809287 -0.0079872 -0.2123424 -0.1752816 0.1090040 0.0956780 -0.2478225 0.0598972 -0.2945509 0.0185374 -0.2144930 -0.1801454 -0.1714742 0.0769663 -0.0260162 -0.0135091 0.0289654 -0.1863914 -0.2490195 -0.1936503 -0.3285079 -0.1141443 -0.0472728 -0.1015230 -0.2215491 -0.1676728 0.0836647 -0.2120376 -0.1867335 -0.1090330 -0.1515901 -0.0397683 -0.2865979 -0.0691671 -0.3167681 0.1265173 -0.3096679 -0.2125926 -0.1618674 -0.1121552 -0.0933049 -0.1112054 -0.1183114 0.0857565 0.3882726 0.0648979 -0.0832714 -0.3821094 -0.5345079 -0.4770151 -0.3823510 -0.3151663 -0.2064292 0.1457183 -0.3312606 0.2055775 -0.0226280 -0.2829754 -0.1520832 -0.4296321 -0.0751192 -0.0535094 -0.5269466 -0.4201596 -0.5792427 -0.5448830 -0.2649540 -0.0486096 -0.4904889 0.1449195 0.6601519 -0.1867267 -0.4292719 -0.1211200 -0.2767197 -0.1886608 -0.4394327 -0.2512622 0.0668471 -0.2687895 -0.4660484 -0.3696773 -0.2840081 -0.0364682 -0.1970630 -0.0220575 0.1712271
0.6375747 0.1885151 0.7639225 0.1948080 0.7913635 -0.1439591 -0.1537773 0.0000000 0.3500836 0.5710797 0.8526965 0.0728733 0.8598815 0.0939285 0.4891876 0.7771764 0.4477437 -0.5395252 0.5988055 0.5900198 0.1564119 0.7355258 0.6012630 0.2353695 0.7432914 0.7706812 0.0909244 -0.4005829 0.1638122 -0.1210561 0.7948275 0.5990892 -0.0851372 0.2264812 0.4310974 0.0198547 0.6168465 0.5431084 0.1997298 0.1200976 0.5302065 -0.0102245 0.3607471 -0.5046920 0.0671596 0.5012113 0.5360229 0.1161659 -0.3906906 0.3830082 0.4815862 0.1869750 -0.0094675 0.1562188 0.2748530 0.5384456 0.5596479 -0.3225771 -0.2317080 0.5385662 0.0187963 0.2966498 0.3722892 0.0066113 0.2039967 0.5274729 0.4861308 0.0013497 0.4090939 0.1344053 0.5312698 0.1834216 0.2631856 0.3364141 0.4572460 0.1082473 -0.0068445 0.3259598 0.1188923 -0.0206197 0.2556833 -0.3845892 -0.4769716 -0.3103753 -0.4016042 0.1040750 0.1388597 -0.2439460 -0.1621700 -0.1593877 0.0005852 0.1095086 0.2007499 -0.2746322 0.0602894 0.2073632 0.2285938 0.3475430 -0.1445324 -0.3046027 -0.2310814 -0.0022036 0.0614837 -0.4476472 0.2549628 0.3003443 0.0729387 0.0233061 0.1704088 0.0284771 -0.1076997 -0.2053293 0.3392092 0.2515367 0.3199438 0.1928590 0.2833263 0.3735736 0.3229926 0.2272008 0.2896023 0.2451348 0.1778869 0.1452499 0.2747043 0.2691162 0.1783830 0.0389225 0.2087592 -0.1046567 0.1271111 0.1785377 0.1582262 -0.2679347 0.1977009 0.2267974 0.0087073 0.2368493 0.1690921 0.0157042 0.2798698 0.0499280 0.3597904 -0.0043198 0.0909108 0.0628340 0.2303595 0.2954536 0.2365144 0.0564253 0.1058145 0.1949054 0.1843017 0.2697319 -0.1419311 0.2457635 0.2729380 0.1092976 0.4430288 0.1631342 0.4923493 0.1799218 0.1874176 0.1354854 0.3085923 0.1482792 0.2521539 0.3275840 0.3730114 0.1904082 0.3234421 0.3839015 -0.3591517 -0.0268926 0.0159791 -0.1837612 0.0201561 -0.2977644 0.2809599 0.0896672 -0.0431556 0.0631026 -0.0292851 0.1571668 -0.0061767 0.1323355 -0.1079912 0.1065018 0.1485948 0.0473850 -0.0066998 -0.0530231 -0.0937502 -0.2005230 -0.0370287 -0.0868763 0.0542027 -0.2485975 -0.1381729 0.1482188 0.5992604 0.2157082 0.1486675 0.0368308 0.2341412 -0.2155603 -0.0594332 -0.2486036 0.5490223 -0.0290301 0.3204599 -0.1185016 -0.0368173 0.2560979 -0.2197000 0.3284913 0.3231019 0.0057887
0.1371435 -0.1055413 0.3341685 -0.5718772 0.2827988 0.0410029 -0.5325123 0.3500836 0.0000000 0.4910784 0.4670837 0.2924380 0.2347964 0.3902480 0.8906156 0.3071977 0.4197434 -0.0332448 -0.0657970 0.1715199 0.1896473 0.6352857 0.3167751 0.5997866 0.4420811 0.4014475 0.1843611 0.0891918 0.6318159 0.1991200 0.3028417 0.6095222 0.0321536 0.4667295 0.2971471 0.2796148 0.4413916 0.4128796 0.3273923 0.3800876 0.4657554 0.4230851 0.4118544 0.0066261 0.4295191 0.4450968 0.2555854 0.2122991 0.0243407 0.2300863 0.3200843 0.4478642 0.5546121 0.5923811 -0.0609169 0.2522065 0.3984835 0.0466860 -0.3664457 0.4161598 -0.0352483 0.4841658 0.4761576 0.2826272 0.3317879 0.3194142 0.3875730 0.3762643 0.3082432 0.3363012 0.4041717 0.4356474 0.3329611 0.1654966 0.2849039 0.2246929 0.1359130 0.4326337 0.2304569 0.1574316 0.3935123 -0.1621277 -0.0448907 -0.1331751 -0.1740322 -0.0149782 0.0333079 -0.2863084 0.1639921 -0.0206560 -0.0848912 0.3781262 0.2407069 -0.4189671 -0.1099179 0.1866615 0.0778115 0.0866883 -0.1194683 -0.2775972 -0.0951383 -0.2538184 -0.0763281 -0.5512665 -0.0469374 0.1191977 0.0611912 0.0032429 -0.0680558 0.1348372 0.1381432 -0.1307397 0.1727330 0.1547093 0.0573696 0.0430940 0.0315078 0.2323739 -0.0101170 0.0238712 0.0073742 -0.1258620 -0.0072576 -0.1971309 0.2259269 0.1220173 -0.0293060 0.1639141 0.2643757 0.2247956 0.1795987 0.0157824 0.0811468 0.1545165 0.4276610 0.0877776 0.1258887 0.1702239 0.1787039 0.0971983 0.1934277 0.1105639 0.3075539 -0.0030554 -0.0026040 0.2089913 0.1261187 0.0104764 0.3547714 0.2466663 -0.0535474 0.2297793 0.0423189 0.2534865 0.0209169 0.3337086 0.0211384 0.0004037 0.0540615 -0.0875210 0.1679448 0.0336564 0.1968263 0.0947633 0.1121987 0.2789851 0.0443160 0.2270260 0.1158332 0.0763095 0.1321675 0.1612018 -0.3252922 0.0162009 -0.0708518 -0.2941662 -0.1500340 -0.3361507 0.2424173 0.1447422 -0.1924746 -0.1362352 -0.1234850 -0.0628611 -0.3862866 0.0084178 -0.6561268 -0.2738779 0.2240051 0.3046249 -0.0335834 0.1933508 -0.0234881 -0.1696065 -0.1093158 -0.0904262 0.0728343 -0.2013818 0.0391594 -0.0416993 -0.0159967 -0.2447659 -0.0681074 -0.0270001 -0.2067620 -0.2644843 -0.2043144 -0.0618270 0.0369698 -0.1809879 0.1665781 -0.0973759 -0.1024136 -0.2036162 -0.4274678 -0.0484383 0.0608658 -0.3404131
0.1482358 -0.3761905 0.3810772 -0.0225479 0.3079517 0.2804638 -0.0374722 0.5710797 0.4910784 0.0000000 0.7262596 0.5534650 0.3795611 0.7536547 0.4642111 0.2774695 0.8089546 0.0528800 -0.0024237 0.3977901 0.3693211 0.4430077 0.5605604 0.6689102 0.5978830 0.7316215 0.7484759 0.3491902 0.6700704 0.5984625 0.5469412 0.7944376 0.1724987 0.7055048 0.6925299 0.5536789 0.7934525 0.4186618 0.7376776 0.5861662 0.4305999 0.4494882 0.7415881 -0.0100957 0.5682089 0.6846617 0.7769933 0.2023471 -0.1439986 0.5632333 0.6892720 0.6339770 0.4311172 0.5251314 0.3388356 0.6354792 0.7572007 -0.1511374 -0.3421247 0.7232368 -0.2259795 0.6218455 0.1860915 0.2162107 0.1276356 0.5981778 0.7086555 0.3507908 0.3130633 0.5421744 0.7125449 0.4808462 0.5673551 0.1534819 0.4295710 0.4789721 0.2598636 0.6156615 0.3639338 0.0894551 0.4073587 -0.0538950 -0.1897796 -0.2338614 -0.2871867 0.0768020 0.2817241 0.0666805 0.0888865 -0.1096590 0.0767363 -0.0760315 0.3372299 -0.2005939 -0.3147239 0.1449629 0.1481952 0.2399725 0.0444799 0.1311413 -0.2028167 -0.0942098 -0.2369451 -0.1849708 0.1653654 0.1983387 -0.1523665 -0.1012161 0.0165523 -0.3356755 -0.1794449 -0.5137938 -0.0086005 0.2161045 -0.0781554 -0.2059673 -0.0572488 0.0949799 -0.1442886 -0.0554776 0.0683338 -0.1402472 0.0571941 0.1666794 0.1385925 0.2688010 0.1708583 -0.0216614 0.1664861 0.1623761 0.2099019 -0.0974026 0.4531595 -0.1127214 0.0395955 0.0326913 0.1582750 0.2499967 0.1887830 0.0959693 -0.0496019 0.2031767 -0.1634271 -0.2175096 0.0101060 -0.0487412 0.1443611 -0.0429723 0.0756652 0.1402106 0.1643899 0.0025284 0.1759202 0.0111962 -0.1047949 0.0995672 0.1023886 -0.2660613 0.0596179 0.2151375 0.1646141 0.2849491 0.3166956 0.1681900 0.2316004 0.1290179 0.1717936 0.0780600 0.2210198 0.2344498 0.1276380 0.2068524 -0.0635057 0.0479453 -0.1226316 0.0887059 0.0334968 -0.3134888 0.2586449 -0.0787229 -0.4787377 -0.0777456 -0.1693562 -0.0813456 -0.2810702 -0.3295190 -0.6584579 -0.5373385 -0.0324109 0.2649416 -0.2354716 0.2074363 -0.1059121 -0.3269168 -0.1161484 -0.2190046 0.0580647 -0.3630750 -0.1786759 0.0513960 0.2847683 0.0054136 -0.5507075 -0.3313162 0.1185969 -0.3890444 -0.2670268 -0.2805775 0.2961760 0.0217483 -0.3572626 -0.3530658 -0.1241073 -0.1146582 -0.3702082 -0.1159925 -0.0801170 -0.3042147
0.3271173 -0.0809528 0.6390082 0.1789328 0.5673252 0.0281144 -0.2265297 0.8526965 0.4670837 0.7262596 0.0000000 0.3766460 0.6615523 0.2725337 0.4845167 0.6671975 0.6084082 -0.2881251 0.3788419 0.3473387 0.3775441 0.6339687 0.7363424 0.4788710 0.6829067 0.7301942 0.3487109 -0.1234579 0.4068223 0.0913784 0.5264186 0.6681609 0.1460777 0.4588871 0.5175476 0.3271615 0.5899462 0.5537921 0.3803224 0.2256987 0.4895361 0.2740846 0.5170101 -0.2313910 0.4047954 0.6209635 0.5647567 0.2633938 -0.0936302 0.5491773 0.5166538 0.3624062 0.3472271 0.2986982 0.3457255 0.6115935 0.5818906 -0.1104599 -0.2612184 0.6248135 0.1306453 0.4374411 0.3826596 0.2980132 0.4102836 0.5595325 0.5945002 0.1816320 0.4055473 0.4032572 0.6049706 0.3488192 0.3944423 0.2226629 0.4632673 0.2810208 0.1459348 0.3840071 0.2237941 0.1310149 0.2943885 -0.1369703 -0.2551529 -0.1587310 -0.1582098 0.2099617 0.1893157 -0.0435350 0.0396622 -0.0658230 0.0317529 0.1952459 0.4168759 -0.1520558 -0.1761967 0.3232226 0.3000238 0.4552628 -0.0296074 -0.1616830 -0.2258908 0.1084185 0.0864334 -0.3183691 0.3567100 0.2965461 0.1380167 0.1447403 0.2991559 0.0530717 -0.1611162 -0.3132333 0.2023245 0.3907767 0.1943589 0.0913942 0.2547087 0.3539793 0.0729837 0.3047787 0.3259949 0.1673264 0.1680943 0.1649011 0.4150366 0.4582648 0.2377701 0.1899090 0.4240911 0.0554005 0.3164834 0.1872117 0.2995806 -0.1799023 0.3098005 0.2843064 0.1351612 0.4453285 0.3247261 0.2663512 0.2844916 0.3151267 0.1876945 0.0061677 0.1789295 0.1053891 0.3284096 0.2204680 0.2888349 0.2952604 0.3350645 0.3016041 0.3395030 0.2902877 0.0249382 0.2365326 0.3428550 0.0656642 0.3854801 0.3779276 0.4675784 0.4151793 0.2132711 0.3608958 0.4444229 0.3461740 0.2568147 0.3697582 0.4614621 0.3776922 0.3846328 0.4453429 -0.2161811 0.1267507 -0.0902635 -0.0570182 0.1381006 -0.1929870 0.4598717 0.1936616 -0.0956706 -0.0096802 -0.0865492 -0.0263647 -0.2196858 0.0359783 -0.4464038 -0.2440671 0.1087553 0.2051544 0.1106403 0.2094333 0.0482968 -0.0836725 0.1784000 0.0456594 0.2931813 -0.1671143 -0.0410168 0.2893193 0.4798429 0.0730913 -0.0096988 0.0047481 0.2655748 -0.1642196 0.0496617 -0.2724339 0.5874876 0.0330389 0.1169950 -0.0839707 0.0362227 0.1691014 -0.1580131 -0.0684765 0.0656432 -0.1846688
-0.3815609 0.0416827 0.0061130 0.1477803 -0.1924379 0.4496869 0.3023519 0.0728733 0.2924380 0.5534650 0.3766460 0.0000000 -0.1770964 0.2735961 0.3799522 -0.0719131 0.4612849 0.1723761 -0.4375313 0.1291547 0.5919661 -0.1387087 0.2549139 0.5986023 -0.1190225 0.2049579 0.5392220 0.1607585 0.6589037 0.2251861 0.0651093 0.1127640 0.1209033 0.5956991 0.2838025 0.5322754 0.2508685 -0.0838604 0.3935017 0.1741567 0.0049227 0.4067198 0.3862332 -0.0567759 0.6002947 0.1179711 0.2887237 -0.1088061 0.0472512 0.0695915 0.1087302 0.3610527 0.4769996 0.0885204 0.2271436 0.0349850 0.2408278 -0.1553888 -0.1353192 0.1960341 0.0565595 0.2612184 -0.0618041 0.2768341 0.0826355 0.2191450 0.2237860 0.0662868 -0.2148518 0.3440224 0.2043596 0.3882622 0.1408673 -0.0996520 0.0640190 0.2491423 0.3605670 0.2432506 0.2256402 0.4386985 0.0605976 0.1449900 -0.1020924 -0.0338395 -0.1609121 0.0633549 -0.0142112 0.3222111 0.0688748 -0.2371111 0.0271666 -0.3060458 0.0219331 0.0651058 -0.3265949 -0.0316586 -0.3162693 -0.1275606 -0.1139320 0.1043884 -0.3210498 -0.1291401 -0.2737216 -0.0260559 -0.1932511 -0.1835754 -0.1901517 -0.1583203 -0.2199072 -0.2609615 -0.3550839 -0.6666565 -0.2470202 0.2126099 -0.1045678 -0.1986910 0.0152824 0.2133206 -0.4247643 -0.0134288 0.0053563 -0.1339523 -0.1359553 0.0346364 0.1306942 0.1882806 0.2147196 0.0631338 0.2369126 0.2533143 0.2310661 0.0507541 0.4519827 -0.0213280 0.1080375 0.1603504 0.3213128 0.2750898 0.3425827 0.1062553 0.0635740 0.2505842 -0.2623434 -0.4216112 0.0749082 0.0326044 0.1553754 -0.0120171 0.0902466 0.1516736 -0.0472419 -0.2527969 0.1315524 0.0419115 -0.0268735 -0.2017526 -0.1958595 -0.1156534 -0.1851807 -0.0905863 0.0384196 0.1702368 -0.0598572 -0.0726725 0.1331751 -0.0345305 -0.0490120 -0.1233015 -0.0528011 0.0868657 0.0129780 0.1128066 0.2099061 0.3932467 0.2718954 0.6174351 0.4411773 0.1411382 0.3093979 -0.1200885 -0.4728306 -0.1861062 -0.0708348 -0.1033189 -0.0299473 -0.4710084 -0.4471341 -0.7255963 0.0238120 0.4216141 -0.1233442 0.5983240 0.3167880 -0.1739098 0.0435064 -0.1088940 -0.0021624 0.0441418 0.1884162 0.0235802 0.3421773 0.2308430 -0.2363934 -0.0546318 -0.0707501 -0.1353757 -0.0612965 -0.2496595 0.1747968 0.0879649 -0.2059295 -0.1003360 -0.0760906 -0.0855715 -0.2619949 -0.4619988 -0.1138704 -0.1267260
0.8319511 0.1347475 0.7617765 0.2380902 0.8879167 0.0355773 -0.0598825 0.8598815 0.2347964 0.3795611 0.6615523 -0.1770964 0.0000000 -0.0585633 0.3618478 0.8099325 0.1993066 -0.5443209 0.7581920 0.4253685 -0.1858986 0.6768345 0.4637149 0.0967895 0.6323133 0.5491151 -0.1614578 -0.4631001 -0.1521096 -0.2808872 0.6384693 0.4582242 -0.0586242 0.0544663 0.1734889 -0.2215558 0.3958746 0.6237205 -0.1077024 -0.0271743 0.5370945 -0.2666013 0.0764075 -0.4743458 -0.2425422 0.3659776 0.3072909 0.3526781 -0.3659570 0.4282875 0.2421353 -0.0034127 -0.2349475 -0.0038283 0.3751253 0.4424504 0.3400869 -0.2595366 -0.2756021 0.2597408 -0.1357953 0.0844409 0.4594817 -0.0977017 0.1744629 0.3753693 0.2762778 -0.0667171 0.5212392 -0.1631906 0.4333612 -0.1761117 0.1101574 0.2077935 0.3931948 -0.1158645 -0.3476839 0.1704692 -0.0073086 -0.3002107 0.3087365 -0.5202167 -0.5352504 -0.4814803 -0.5034076 -0.0723925 -0.0547367 -0.3811660 -0.3344358 -0.2894577 -0.0086645 0.1413129 0.1858552 -0.4868717 0.1019656 0.3574074 0.2866885 0.3297361 -0.1089724 -0.2242699 -0.2737028 0.0057599 0.0973042 -0.4610377 0.3315052 0.4461768 0.1306466 0.0292590 0.3018348 0.0626433 0.1295409 0.0252247 0.4157086 0.2370820 0.2709536 0.2609275 0.2314213 0.1544961 0.3790515 0.0879253 0.1476247 0.1822638 0.3119927 -0.0030862 0.0630136 0.1335916 0.0724894 0.0998349 0.0430324 -0.3296379 -0.0856365 0.2856083 -0.1296629 -0.3012044 0.1803162 0.1790067 -0.2038384 0.0391114 -0.0432441 -0.1830141 0.2273377 -0.1960244 0.3902944 0.1285895 0.0126331 0.0579662 0.0872393 0.1307593 0.2184074 -0.1191113 -0.0028790 0.4275538 0.0282718 0.2469163 -0.0723788 0.4062427 0.3712559 0.2003651 0.4642574 0.1915101 0.3709007 0.0250417 0.2644924 0.2308729 0.2348594 0.2993129 0.4497757 0.4190256 0.4237074 0.1508707 0.4090066 0.3794356 -0.6336098 -0.3839145 -0.2165823 -0.4176181 -0.2298059 -0.4730337 0.0224301 0.0342285 0.0223304 -0.0552329 -0.0870876 0.0984687 -0.1041174 0.3291748 0.0109774 0.4443829 -0.0636246 -0.2335365 -0.1098655 -0.3603136 -0.3262121 -0.3648720 -0.1845442 -0.2748355 0.0130881 -0.4023685 -0.2713107 0.0164991 0.3921681 0.2570739 0.1309688 -0.0395885 0.3508069 -0.3963560 -0.1711546 -0.2905950 0.2702753 -0.1683765 0.2155282 -0.3194198 -0.1156775 0.0279719 -0.2037134 0.2846302 0.3099720 0.0060097
-0.1408895 -0.6477476 -0.0845840 -0.3368767 -0.1086018 0.1053073 -0.1707198 0.0939285 0.3902480 0.7536547 0.2725337 0.2735961 -0.0585633 0.0000000 0.2050986 -0.1144834 0.7044503 0.4167632 -0.2838519 0.0804949 0.2577207 0.2188617 0.2778625 0.5623632 0.4385285 0.4943768 0.8566930 0.6925659 0.6241642 0.8931238 0.1777202 0.7310518 0.1512138 0.6153837 0.6450252 0.5510775 0.6761756 0.2278214 0.8050698 0.6659800 0.1457461 0.4710317 0.7328142 0.2907644 0.5430173 0.6359923 0.6449297 0.1423396 -0.0160364 0.4675005 0.6931347 0.6981917 0.4563258 0.6557692 0.1326928 0.5428753 0.6585907 0.0422658 -0.2992457 0.6805282 -0.3059395 0.6100224 -0.0237145 0.1631237 -0.0193633 0.4287317 0.6336982 0.4469608 0.1980497 0.6210276 0.5980896 0.5034072 0.5762554 0.0999933 0.2994646 0.5297563 0.3790029 0.5937910 0.3677602 0.1451657 0.3405314 0.1776113 0.2676111 0.1277910 0.0828328 0.1588402 0.4049502 0.1530087 0.3378303 0.2181981 0.0914798 0.0083561 0.3502877 -0.0170775 -0.2663641 0.0529216 0.2097019 0.2046897 0.2253177 0.2017980 0.1415573 -0.0141365 -0.1707920 0.0226634 0.1043015 0.1823630 -0.1103129 0.0398988 -0.0307768 -0.2899982 -0.0031882 -0.2534891 -0.0326091 0.1019609 -0.1461134 -0.2255762 -0.1376981 -0.0525599 -0.1277024 -0.0686831 0.0688034 -0.1598673 -0.1477577 0.2264286 0.1635151 0.1393042 0.1219861 -0.0199877 0.1555617 0.3988980 0.3143938 -0.3159339 0.4460958 0.1976993 -0.0287059 -0.0739312 0.2678900 0.1945444 0.1543003 0.1571899 -0.1751419 0.2333791 -0.2328953 -0.1494207 -0.0061309 -0.0353626 0.0776655 -0.1466507 -0.0694210 0.2134529 0.1983657 -0.0629702 0.1529123 -0.1128099 -0.1169828 0.0719980 0.0416955 -0.3467433 -0.0993218 0.1835443 -0.0890307 0.2744951 0.3037046 0.1306687 0.1150208 0.0627339 0.0244931 -0.0394796 0.0703116 0.1745259 -0.0516163 0.0044560 0.1751459 0.0543280 -0.1679945 0.0107780 -0.0732711 -0.1866982 0.1511550 -0.0451562 -0.3804554 -0.0831890 -0.2093681 -0.1657727 -0.2761840 -0.4082473 -0.6763143 -0.5871218 0.0229690 0.2985032 -0.1485450 0.2340033 -0.0289198 -0.1474974 -0.0620115 -0.0575791 0.0117058 -0.1866388 -0.0867973 -0.0047548 -0.1629148 -0.2603224 -0.6867748 -0.4246832 -0.0057673 -0.1017931 -0.2522757 -0.1184430 0.0481294 0.0659124 -0.5088502 -0.2762864 -0.0269903 -0.1601885 -0.3062820 -0.1697960 -0.2711159 -0.4334185
0.3284230 0.1803127 0.4620205 -0.4059837 0.3554121 0.0297753 -0.3375067 0.4891876 0.8906156 0.4642111 0.4845167 0.3799522 0.3618478 0.2050986 0.0000000 0.4686839 0.4208163 -0.2951463 0.0622438 0.3437907 0.2700436 0.5905879 0.3787975 0.4847405 0.3856045 0.4677476 0.1043286 -0.2125781 0.5813552 -0.0101950 0.4481588 0.5216871 -0.2376065 0.3033904 0.2668558 0.1942482 0.4775626 0.4098736 0.2046506 0.2415197 0.4776893 0.2707770 0.3403913 -0.3457911 0.2777114 0.3846160 0.2997928 0.1250748 -0.2927953 0.2046400 0.2740912 0.3634867 0.3011904 0.3180166 0.1066565 0.2763169 0.4362268 -0.2652276 -0.3991700 0.3896333 0.0236354 0.3780631 0.4154775 0.0667782 0.2236822 0.3932589 0.3513423 0.1587004 0.2780304 0.1784244 0.4136965 0.3433124 0.2174515 0.1765538 0.3628144 0.1370335 0.1042589 0.4090673 0.2242991 0.2066430 0.2820868 -0.2444154 -0.2129996 -0.1313995 -0.3382470 0.0833582 0.0221127 -0.3454126 0.0723189 -0.1099432 -0.0379472 0.1931061 0.1199956 -0.4362066 0.0888635 0.2111310 0.0123617 0.0759196 -0.1867086 -0.4220279 -0.1268562 -0.1585891 0.0298966 -0.6440648 -0.0376705 0.2079339 0.1494935 0.0397618 -0.0393763 0.1762784 0.1495380 -0.1443818 0.3023158 0.2134659 0.2510956 0.2054935 0.1869699 0.3699295 0.1539127 0.1181110 0.1058543 0.0216101 0.1612407 -0.1836366 0.2367171 0.1975209 0.1305542 0.2598804 0.3059846 0.2016132 0.2084238 0.2712957 0.1839369 0.1339750 0.5095577 0.2999420 0.2230077 0.2473538 0.2601551 0.0143113 0.3310955 0.0699199 0.4153257 0.0012656 0.1094828 0.2903721 0.1899948 0.1070671 0.4878234 0.1236556 -0.2014259 0.2190532 0.0742026 0.3677836 -0.0749472 0.3223710 0.0608871 0.1790778 0.1875913 -0.1748628 0.2405031 -0.0040394 0.1645713 0.0303649 0.1726222 0.2688254 0.1782410 0.3362536 0.1880285 0.1018648 0.2831676 0.3079845 -0.3102340 -0.0149235 0.1253434 -0.1166703 -0.0176179 -0.3337599 0.2684572 0.1697759 -0.1581670 -0.0457935 -0.0934679 0.0916487 -0.2057198 0.0079086 -0.4248166 -0.1238874 0.2642986 0.2512906 -0.0342381 0.1943570 -0.0243377 -0.2877094 -0.1134406 -0.1101120 0.0306689 -0.2178127 -0.0284342 -0.0085402 0.1601667 -0.1091979 0.0623498 0.0606740 -0.0775387 -0.3089626 -0.1913646 -0.1904395 0.0614729 -0.3282950 0.2976752 -0.0984513 -0.0252337 -0.0148314 -0.4428598 0.0283210 0.1238926 -0.3321378
0.6494503 0.1728998 0.6155991 -0.0500648 0.6193860 -0.2880281 -0.1406122 0.7771764 0.3071977 0.2774695 0.6671975 -0.0719131 0.8099325 -0.1144834 0.4686839 0.0000000 0.3164076 -0.5712615 0.8501099 0.2654717 0.0732222 0.7129883 0.6087215 0.1403897 0.6486768 0.5489077 -0.1354756 -0.4470915 0.0089441 -0.3350218 0.4393070 0.4392408 0.0085890 0.0910799 0.1753631 -0.1198132 0.3660904 0.6901233 -0.0858099 -0.0894530 0.2808859 -0.1221724 0.1087614 -0.4176856 -0.1498700 0.4324474 0.3122385 0.2594538 -0.2739994 0.4852979 0.2552743 0.0500594 -0.1436965 -0.0849422 0.4107659 0.5038483 0.3564280 -0.3300814 -0.1296895 0.3444848 0.0544772 0.0980131 0.3168989 -0.0713557 0.1958594 0.4147204 0.3559784 -0.1000665 0.4072902 -0.0183536 0.4558725 -0.1051215 0.1040918 0.1635631 0.4886588 -0.0339263 -0.1620171 0.1953905 0.0903960 -0.0649475 0.2557318 -0.3515651 -0.3162064 -0.1654828 -0.2279950 0.2056126 -0.0715913 -0.1781104 -0.1308011 -0.0869558 -0.0011454 0.1297320 0.1681570 -0.2654754 0.1372759 0.4699420 0.2639584 0.3616496 -0.1899196 -0.3990351 -0.2293968 0.1993766 0.3805548 -0.4245249 0.2964509 0.5076083 0.3962783 0.2589276 0.4261535 0.3298658 0.1881734 0.2574270 0.6257688 0.2844714 0.4398096 0.4565681 0.3707348 0.2914508 0.5210314 0.3902007 0.3999258 0.3770396 0.4550801 0.0713135 0.2805690 0.4465513 0.3172302 0.3677691 0.2723298 -0.0803295 0.1943643 0.5250197 -0.0022875 -0.1770571 0.4353584 0.3759139 -0.0368632 0.2571443 0.1325281 0.0949255 0.3562775 0.0747029 0.4758868 0.2404635 0.1111999 0.1314858 0.1958274 0.2232577 0.3636065 0.1191499 0.0938936 0.4629579 0.1550036 0.3936708 -0.0430634 0.2558877 0.4272982 0.3173075 0.6022379 0.2086110 0.4681154 0.1137360 0.0235454 0.2225833 0.3265289 0.3049385 0.3597380 0.5395637 0.4565485 0.2204714 0.4729277 0.4395776 -0.4155470 -0.0811608 0.1098304 -0.1466870 0.0667304 -0.1717242 0.3907109 0.3940627 0.3020633 0.2065060 -0.0041921 0.2886701 0.0306726 0.3031810 0.0701483 0.3420599 0.1488129 -0.1115903 0.2446423 -0.1413874 -0.1141150 -0.1136793 0.1578302 0.0413763 0.2711986 -0.1303220 -0.1397051 0.2565884 0.3740347 0.1296203 0.3522340 0.2193481 0.1922119 -0.2802325 0.0727838 -0.2857781 0.4633010 -0.1650296 0.5255050 0.0290210 -0.0416085 0.2136007 0.0121439 0.2117809 0.2128295 -0.0435988
-0.0212263 -0.2637869 0.0705081 -0.1051918 0.0748746 -0.1009558 -0.1284621 0.4477437 0.4197434 0.8089546 0.6084082 0.4612849 0.1993066 0.7044503 0.4208163 0.3164076 0.0000000 -0.0735542 -0.0213437 0.3427724 0.5439658 0.2890868 0.7290909 0.3821852 0.5840435 0.7691258 0.8433694 0.2646598 0.7634370 0.5898897 0.2896122 0.7354626 -0.0373374 0.5443511 0.7696906 0.7190372 0.7683273 0.3161313 0.8361287 0.6935220 0.1149289 0.6419869 0.8708213 -0.0125591 0.6299098 0.7649364 0.8107284 -0.0374262 -0.2431396 0.5395037 0.8046442 0.8499340 0.4172806 0.5360157 0.3919164 0.7115359 0.7625093 -0.2831609 -0.2272079 0.8632086 0.0151736 0.7789120 -0.0201784 0.1447460 0.1621956 0.4840048 0.8277110 0.3939205 0.1982568 0.6816217 0.6773922 0.6080207 0.6618845 0.3195336 0.5189147 0.6230918 0.5280887 0.7194872 0.4482376 0.2573750 0.4420926 0.0906141 -0.0395385 0.0412201 -0.0425638 0.1995079 0.2748747 0.0579474 0.2153903 0.1262377 -0.1088631 -0.2961013 0.1013098 -0.0171705 -0.1541229 -0.0825416 -0.0489424 0.0745302 0.1462776 0.0778100 -0.0101573 -0.0621302 -0.1373531 -0.1238191 -0.0250028 0.1043968 -0.1139668 -0.0659153 0.0144039 -0.3310323 -0.1365454 -0.3502229 -0.0064932 0.0112734 -0.0997226 -0.2357663 -0.1204417 0.0755962 -0.1445773 0.0425147 0.1154455 -0.1247368 0.1335503 0.2606649 0.1966574 0.3474091 0.0949244 0.0253682 0.2296292 0.4656454 0.3677527 -0.0671521 0.5891794 0.0786171 0.0032259 0.0648638 0.2159414 0.3588027 0.2964805 0.3647898 -0.0663285 0.3759401 -0.1130632 -0.0136142 0.0115600 -0.2046283 0.1967790 0.0421113 0.0545108 0.2245761 0.3263160 -0.1017188 0.2627018 0.0034999 0.0293445 0.0001636 0.1649126 -0.2705540 0.0585322 0.2613453 0.1655559 0.3161070 0.0213456 0.1303880 0.2343219 0.0505880 0.0079329 0.0659798 0.1995005 0.2166506 0.0992457 0.1688429 0.2916555 0.3630360 0.2078119 0.2019249 0.1190263 -0.1312570 0.4147749 0.2384514 -0.2611849 0.1357884 0.0069343 0.0644235 -0.1265117 -0.2135862 -0.5770563 -0.5265267 0.2976355 0.3409191 -0.0746871 0.3515069 -0.0166668 -0.1192865 0.0932847 0.0377409 0.1859362 -0.1712741 -0.0255968 0.0948791 0.1257905 -0.2390134 -0.4751583 -0.1831872 -0.0757473 -0.1485353 -0.0660849 -0.2336271 0.2968635 -0.1015272 -0.1666661 0.0508462 -0.0710171 0.1729046 0.0200988 0.0183589 -0.0036344 -0.3447658
