0.0000000 0.6251953 0.4306479 0.3363288 -0.0098617 0.6176680 0.4794781 0.4696460 0.4385560 0.3662125 0.3244421 0.3938902 0.2570302 -0.0547486 0.5124414 0.4283959 -0.2011691 0.0291359 -0.0600238 -0.2465910 0.5513549 -0.2604685 0.3814768 0.3460488 -0.3495014 0.1091444 -0.0957364 0.2775058 0.5459377 0.1219667 0.0780092 -0.3488880 0.3791765 0.4825412 0.3047643 0.5758088 -0.1612052 -0.3664381 0.2045087 0.3391491 -0.4209080 0.4781621 0.3611634 0.2644206 0.3869039 -0.2157756 -0.2642028 -0.3350733 0.4506482 -0.1336287 -0.0969020 0.2242646 0.4927289 0.1224151 -0.2376795 -0.1878949 -0.2483197 0.2710485 -0.2647757 0.1491196 0.0508825 0.1428017 -0.2426578 0.4522584 0.3113272 -0.2468247 0.1972642 0.0721568 -0.1479887 0.2599541 -0.1219719 0.4971352 0.1030452 0.3689165 -0.4580183 0.1480915 0.3476635 -0.5274171 -0.1833927 -0.1549099 -0.1562016 0.0185962 0.5179733 0.2941797 0.0587591 0.2156234 -0.1872356 -0.4590695 -0.0853239 -0.2302016 0.0840319 0.0395418 0.4420113 -0.4975507 0.0385894 0.2725749 0.3345493 0.3755964 -0.0516187 -0.1596163 0.0837896 0.0834004 0.4139731 -0.4144718 0.5295203 0.1823374 0.2384153 0.3517229 0.5015605 0.2799261 0.2878131 0.4000612 0.2085385 0.1448357 0.1936479 0.0887659 0.2050836 0.2734903 0.4777004 0.3881227 0.2346616 0.1863190 -0.1392585 0.6732608 0.5193686 0.4133588 0.3591608 -0.0269790 0.5367850 0.4079911 0.4470583 0.2129483 0.2775864 0.0764949 0.5180004 0.3871598 0.5558565 0.5671993 0.5919876 0.5019762 0.4096185 0.5548382 0.1524742 0.5982193 0.5776421 0.3800814 0.4824902 0.4099318 0.6569896 0.4962055 0.3748438 0.3088247 0.4760891 0.5961095 0.2449159 0.2075215 0.2334050 0.3332346 0.3350431 0.4356386 0.2179750 0.4603600 0.2491869 0.2368779 0.5161561 0.3474074 0.5854575 0.7659337 0.3990932 0.3288937 0.5044264 0.6064934 0.8074305 0.5384191 0.6921423 0.5528597 0.5781692 0.4034731 0.6770670 0.4079226 -0.0138579 0.1425952 -0.2706939 -0.2056709 -0.2645086 0.0272972 -0.1731879 -0.0819142 0.4824108 0.5827917 0.5060613 0.3484848 0.5558088 0.5382999 0.5368095 0.6480208 0.7120908 0.5291455 0.4635248 0.6448986 -0.0131886 -0.4026034 0.0478540 0.1148370 -0.5637139 -0.4710469 0.2747291 0.0455361 -0.1618715 -0.1555437 -0.0130170 0.3846899 -0.2963277 0.5534511 0.2521139 0.0329273 0.3777280 -0.1365594
0.6251953 0.0000000 0.4855044 0.7786976 -0.0502423 0.8078313 0.2444039 0.8700982 0.8518259 0.7475563 0.7585164 0.7118405 0.4631399 0.3456102 0.8072518 0.4509863 0.2758821 0.0339012 0.2819857 -0.2993035 0.7667544 0.0359344 0.2681728 0.7014251 -0.0282037 0.2186870 0.1415193 0.4851088 0.8473274 0.3866308 0.1803210 -0.5140855 0.6589578 0.8875760 0.3828348 0.5966788 0.1453641 -0.4870269 0.5319340 0.5093317 -0.5510878 0.3159021 0.5303527 0.5385610 0.7273490 0.0329054 0.1494445 -0.4999886 0.7935217 -0.0886955 0.3040674 0.5172518 0.8738957 0.3022473 -0.4347114 -0.1902714 -0.0058985 0.6965317 -0.4280352 0.4149273 0.1365487 0.4808652 -0.5571455 0.8254576 0.5669540 -0.2767753 0.3523413 0.2590972 -0.3611926 0.6899129 -0.0331665 0.8437944 0.3403144 0.4686983 -0.2023328 0.6016862 0.7566303 -0.1339264 0.2854777 0.1714654 0.2295331 0.2111716 0.6318885 0.2021752 0.0422559 0.0899607 -0.0280430 -0.0455386 -0.0618103 -0.0456365 0.2324613 0.3125483 0.3864385 -0.1797677 0.0866936 0.4770724 0.5059301 0.2912393 -0.0984533 -0.1487476 0.1415899 -0.0360268 0.4944978 -0.1865659 0.6114827 0.2682528 0.1960927 0.4689015 0.5997360 0.2580406 0.4837477 0.5943048 0.1814393 0.0270573 0.0429481 -0.0148826 -0.0024259 0.1382042 0.3087004 0.1709805 -0.0298508 -0.0526295 0.3612711 0.7834262 0.4828204 0.5170006 0.1707200 0.2350403 0.6936621 0.4523540 0.3273420 0.4025403 0.1569741 0.3409821 0.3214567 0.5940105 0.4953225 0.8106758 0.6315480 0.8569227 0.4545069 0.4919283 0.1526222 0.2752166 0.5680518 0.4201402 0.6772619 0.5661153 0.1097596 0.5655168 0.7382665 0.1454165 0.6232827 0.4058601 0.4211351 0.1870130 0.4456518 0.4166154 0.3900906 0.7675748 0.0141491 0.6190886 0.2874233 0.5415835 0.3030702 0.4329115 0.5551089 0.5217883 0.3999450 0.6428031 0.2113661 0.3135278 0.3136311 0.1172713 0.6299986 0.2622322 0.5578467 0.1487850 0.7301787 0.4865773 0.2730385 0.1585361 -0.4451075 -0.3095096 -0.2488837 -0.3547263 -0.5255354 -0.4761491 0.4484651 0.8083865 0.3872396 0.6318215 0.5747023 0.7358160 0.6510970 0.8700250 0.7378107 0.7801185 0.4686192 0.7678872 0.1410873 -0.3140388 0.1563993 0.4484240 -0.4512836 -0.2868745 0.5897545 0.3383747 0.1956807 -0.1554941 0.2161608 0.7003594 -0.4717640 0.6427942 0.6693933 0.1931269 0.2701938 -0.5748530
0.4306479 0.4855044 0.0000000 0.4656853 0.7937213 0.5041882 0.4394204 0.5398792 0.3987852 0.2819538 0.5275361 0.5128987 0.8112206 -0.0880156 0.5213243 0.5426542 0.3907203 -0.2571246 0.2399976 0.3401702 0.3639779 -0.0289004 0.5734230 0.0645739 -0.0069985 0.5134937 0.4665456 -0.1601791 0.3922250 0.1009404 0.6595692 0.2217021 0.0247098 0.5099199 0.6000528 0.2409096 0.4430557 0.3044504 0.5583126 0.3644957 0.0634362 0.3572245 0.7144941 0.0848370 0.7690572 0.5884373 0.4221981 0.1541699 0.3900549 0.6111109 0.5648443 0.6498394 0.5834021 0.4593488 0.2696034 0.5565716 0.4848406 0.5551490 0.0532688 0.7016420 0.7061226 0.6128463 0.2563309 0.5769352 0.7301600 0.1614143 0.6127204 0.6143471 0.4195267 0.6751521 0.3693337 0.4781750 0.6065446 0.8337677 -0.1319204 0.7022047 0.7236843 0.0399431 0.4708160 0.5451388 0.2413760 0.0526180 -0.0580454 -0.3678367 -0.4841462 -0.5331112 -0.2398756 -0.2278571 -0.5850340 -0.2876427 0.2495628 0.4691816 0.2009427 -0.1976711 -0.1397970 0.3542997 0.5015095 -0.0379879 -0.3339200 -0.0112699 -0.2331863 -0.3123971 -0.1100376 -0.4139534 0.4117968 -0.0380727 -0.3410476 -0.1773628 -0.0619047 -0.3602740 0.2494319 -0.0960705 -0.3126995 -0.2656766 -0.3197279 -0.3635875 -0.2445240 -0.2443551 -0.0976178 -0.2469386 -0.1777381 -0.1171810 -0.0280991 0.4790800 -0.1443163 -0.1200897 0.1445785 -0.1202669 0.0062515 0.4394480 0.0513884 0.2271167 0.2304306 0.2864961 0.2273193 0.0074019 0.2194471 0.3096064 0.3403496 0.3666696 -0.1285263 0.1430098 0.2126381 -0.0893301 0.0205057 -0.1970202 0.2015385 0.2765821 0.3477268 0.1453267 0.1693239 -0.1355338 0.1014601 0.0628650 0.1755455 -0.0428257 0.2214115 0.1324156 0.2410558 0.1155036 -0.1871854 0.2430225 -0.1075845 0.2434820 0.0732759 -0.0080466 0.0924618 0.3276960 0.5446911 0.3466865 -0.2136856 0.1503179 0.3859196 0.1608976 0.3288776 0.3832955 0.4780818 0.3129833 0.4287967 0.5482236 0.3105624 0.4461797 0.0350737 0.1465694 0.5006215 0.4427989 0.2235385 0.3676583 0.6205221 0.5029824 -0.1198734 0.7068248 0.4146592 0.1120568 0.0472591 0.2628647 0.2309421 0.5437551 0.5166487 0.1371783 0.2284001 -0.1521236 0.0795585 0.1004740 0.0456467 -0.1365078 0.5720200 0.2900605 0.0180220 0.0198127 -0.1557230 0.5064876 0.3433219 0.2872901 0.3840333 0.4107775 0.0432068 -0.2458306
0.3363288 0.7786976 0.4656853 0.0000000 0.0072223 0.6937716 0.0348528 0.8522305 0.6950735 0.7289507 0.8541779 0.5179450 0.3793396 0.4201951 0.6001942 0.5557746 0.4166866 -0.0593013 0.2771968 -0.0303509 0.5024405 0.2611093 0.4228286 0.6270268 -0.0489488 0.1914558 0.4801502 0.4186515 0.6686106 0.4208651 0.4061426 -0.2605308 0.6046122 0.8075334 0.4049365 0.3053196 0.3738959 -0.1645565 0.4186199 0.3645162 -0.1789859 -0.0218891 0.4647959 0.3541922 0.5353636 0.1657492 0.4166388 -0.1330655 0.6565002 0.0366205 0.4369140 0.2445085 0.7656557 0.0065109 -0.0604871 0.0575602 0.2458114 0.5071391 -0.0112928 0.4658862 0.0240501 0.3126774 -0.2805593 0.7994075 0.3654159 0.0463348 0.2692777 0.1800575 -0.0609388 0.6332912 0.1484015 0.7479272 0.2034726 0.3413738 -0.0077119 0.5204074 0.6783168 0.0222428 0.2794812 0.1732647 0.1296219 0.3844945 0.2501652 -0.2711366 -0.3905522 -0.1766148 0.2793264 -0.0572626 -0.3722872 -0.3801729 0.2694485 0.2950348 0.4036417 -0.1509399 -0.3105089 0.3712233 0.4757538 0.2644578 -0.2347690 -0.1531025 -0.2655818 0.0745470 0.1921207 -0.0981604 0.4868237 0.0392662 0.0298902 0.3438640 0.5386165 -0.0213526 0.2986703 0.4035437 0.2970037 0.0648203 0.0521479 0.0444664 0.0526716 0.0851340 0.2043618 0.1285754 0.0532632 0.1078756 0.5399686 0.5760332 0.3029565 0.5792698 0.2881056 0.2313371 0.5744327 0.4318393 0.2241573 0.1090790 0.3304827 0.1286712 0.1610521 0.4733466 0.2667697 0.5936911 0.4733591 0.5583012 0.3154118 0.1755805 0.0488017 -0.1870939 0.2917933 0.3474773 0.6225862 0.5444734 -0.1061759 0.2948255 0.4712947 -0.2646251 0.5090954 0.2500902 0.4077370 -0.1065315 0.1473316 0.3556997 0.0652775 0.4648437 -0.0381966 0.4138415 0.0238719 0.1595847 0.1805698 0.2084051 0.3479278 0.3950596 0.2558475 0.4510994 0.0934658 0.1377809 0.0475885 -0.2056022 0.2105512 -0.2073432 0.1360908 -0.1080217 0.4007646 0.3404850 0.3672961 0.3533255 -0.0990793 0.0516408 0.1149357 -0.3701004 -0.2437809 -0.2910785 0.1868215 0.6363575 0.2293326 0.4651028 0.2099710 0.4038944 0.6307583 0.5714140 0.5605843 0.5322246 0.1183005 0.6244437 0.3015194 -0.2609711 -0.1522805 0.1340054 -0.0508310 -0.1929793 0.6014495 0.0678983 0.3577523 -0.2647895 -0.1228873 0.4630518 -0.2443100 0.3458317 0.5988961 0.0316393 0.1819411 -0.6334686
-0.0098617 -0.0502423 0.7937213 0.0072223 0.0000000 0.0604601 0.4391582 0.1359803 -0.0818273 -0.1911305 0.1950381 0.2036263 0.7456881 -0.3967582 0.1278591 0.3955848 0.3786950 -0.4920963 0.2613277 0.4482487 -0.0612252 -0.1644490 0.5030830 -0.4481120 0.1455061 0.6497450 0.4202413 -0.6281002 -0.0972802 -0.2250520 0.6391174 0.5850884 -0.4455513 0.0504936 0.5211547 -0.0520031 0.4851034 0.6625446 0.4638548 0.1833316 0.4019756 0.2202376 0.6171195 -0.2065675 0.5407359 0.7572818 0.4679351 0.4254134 -0.0324046 0.8298184 0.5216389 0.5676545 0.1723638 0.5264020 0.5487763 0.7599485 0.5910854 0.3995520 0.2673974 0.6439152 0.8657390 0.5710611 0.5467946 0.2085066 0.6066724 0.3665166 0.6230917 0.7105270 0.6383736 0.5015885 0.5322349 0.1082694 0.6803961 0.7111374 0.0995896 0.5970014 0.4510851 0.2923551 0.5695269 0.6858590 0.3367452 -0.1202802 -0.4930365 -0.4572591 -0.5086176 -0.6661315 -0.3461681 -0.1796930 -0.6524020 -0.3008210 -0.0042861 0.2548846 -0.2321075 -0.0984074 -0.2124664 -0.0340550 0.2157471 -0.4326074 -0.3710244 0.1804676 -0.3804495 -0.4874534 -0.4613430 -0.4349087 0.0118297 -0.2412457 -0.6186202 -0.5737509 -0.5583411 -0.6147693 -0.1336939 -0.5715459 -0.6218376 -0.5000632 -0.5489086 -0.5605517 -0.4568465 -0.5268156 -0.4491619 -0.5026041 -0.3664770 -0.2961526 -0.2713948 0.0372173 -0.5579503 -0.4954449 -0.1247200 -0.4062124 -0.4434563 0.1860917 -0.2674577 0.0345412 0.0440712 0.2596501 0.0331573 -0.3512090 -0.0951652 -0.1533742 -0.0803637 0.0237659 -0.3912336 -0.0747564 0.0942228 -0.2714706 -0.3840465 -0.4923918 -0.1944799 -0.0438767 0.1577921 -0.1433766 -0.1738081 -0.2144936 -0.2390468 -0.2464632 -0.1242531 -0.1071875 0.0736919 -0.1362584 0.0798650 -0.2660068 -0.2817265 -0.0448803 -0.2544176 0.1089473 -0.1953688 -0.2707838 -0.3167931 -0.1168280 0.3090646 0.0607976 -0.4866195 -0.1696313 0.0832689 0.0956628 0.0473439 0.3172766 0.2563463 0.2638621 0.0537299 0.3424143 0.2269905 0.4508710 0.3145444 0.3797941 0.7455489 0.6562974 0.5136714 0.6127198 0.4727760 0.0924763 -0.3741977 0.5225442 0.1751269 -0.2906219 -0.3673240 -0.2236726 -0.2132509 0.2106204 0.3881050 -0.2848213 0.1393257 0.0526008 -0.0011357 -0.1427592 0.3440869 0.0942620 0.3199867 0.2763751 -0.1993705 0.1376762 -0.2754431 0.2416037 0.6493133 -0.0146170 0.1086544 0.4863222 -0.2488585 0.0479458
0.6176680 0.8078313 0.5041882 0.6937716 0.0604601 0.0000000 0.5147680 0.7534679 0.8814890 0.8188465 0.7654348 0.7463461 0.3359702 0.3466741 0.7649485 0.4772638 0.3620153 0.1250425 0.2114628 -0.2288788 0.7152695 -0.1746428 0.2494957 0.6864951 -0.1382556 0.2673118 0.1742923 0.4602081 0.8614824 0.2596917 0.1748259 -0.3840270 0.7166664 0.8974845 0.3275476 0.5395416 0.0147109 -0.3631818 0.5336386 0.6988095 -0.4737422 0.2277866 0.4726590 0.6620795 0.7303376 0.0167626 0.1442480 -0.4297875 0.8700725 0.0826350 0.1564496 0.4647089 0.8882472 0.2259977 -0.3289394 -0.1484623 -0.1198235 0.6578670 -0.3773135 0.2929963 0.2301026 0.4584445 -0.4775000 0.8637178 0.5594159 -0.3676464 0.2006615 0.2632223 -0.3060878 0.6867484 -0.1374980 0.8492696 0.2683288 0.5824079 -0.4241813 0.5840768 0.7505021 -0.3354601 0.1996503 0.0649589 0.1043808 0.1394142 0.3999867 0.0829300 -0.1464614 0.0333377 -0.2196217 -0.2655983 -0.3368217 -0.3330765 0.0555898 0.1372385 0.3681107 -0.4351149 -0.0484940 0.3859122 0.2727261 0.2553097 -0.4353222 -0.1851023 -0.0861674 0.0987901 0.4154680 -0.3907280 0.3743922 0.1010592 0.2578173 0.4253851 0.3559202 0.3678908 0.2892492 0.3477927 0.3287768 0.2710799 0.2494341 0.2263616 0.2565086 0.2927348 0.4559066 0.2606259 0.2484783 0.2459500 0.3170708 0.7734130 0.4091715 0.2625332 0.4359906 0.2726243 0.4310872 0.5901967 0.3687395 0.2086854 0.1942469 0.1740888 0.1996396 0.4035003 0.4248259 0.5655404 0.4950562 0.6437420 0.3689088 0.2527293 0.1027074 0.2270076 0.4270449 0.3352910 0.4542470 0.4611205 0.0382530 0.3725382 0.4903783 -0.0143573 0.3808571 0.3287715 0.4966375 0.1443539 0.3194782 0.3274457 0.3022736 0.5684370 0.0645151 0.3755601 0.2970834 0.3432576 0.2160277 0.2334716 0.3840458 0.3694836 0.2782079 0.3538563 0.0444095 0.1418063 0.2988866 0.0617109 0.5378855 0.3482309 0.5726063 0.1876879 0.6482884 0.3667944 0.0905727 0.0865800 -0.4268539 -0.3117044 -0.1375851 -0.2133989 -0.3041330 -0.2372032 0.6210449 0.8731539 0.3473119 0.6087645 0.6593377 0.5109103 0.4507077 0.6728238 0.5903856 0.7705340 0.4792304 0.6209397 0.0630370 -0.3408749 0.1056734 0.1752093 -0.5410500 -0.4551278 0.4309239 0.3809217 -0.0055301 -0.0995885 0.0886367 0.6161430 -0.4491063 0.3937885 0.5959281 0.1841535 0.5566092 -0.2187762
0.4794781 0.2444039 0.4394204 0.0348528 0.4391582 0.5147680 0.0000000 0.3296399 0.2978199 0.1228833 0.3139942 0.6121266 0.4567597 -0.3376184 0.5178980 0.4833379 0.0976007 -0.2392280 0.2798942 -0.0662893 0.3566928 -0.5638260 0.4344860 0.0002646 0.0167012 0.6047688 0.0012799 -0.2142315 0.3607659 -0.2066984 0.1615580 0.1400111 0.1111347 0.3734110 0.3810611 0.2603884 0.1063439 0.1187165 0.5674768 0.4188866 -0.0983165 0.3391628 0.5598399 0.2221991 0.5540932 0.2359591 -0.0347777 -0.0443596 0.3319150 0.3256192 0.0448174 0.5509333 0.4843358 0.4582962 0.1258550 0.1514983 -0.0150400 0.5424239 -0.0882849 0.2755639 0.4810026 0.4272234 -0.0061800 0.5004923 0.6763877 -0.1220061 0.2909894 0.4233885 0.0364534 0.5105034 0.2016649 0.4853762 0.3947569 0.6016266 -0.2468920 0.4615043 0.4996918 -0.1439493 0.2442177 0.3433546 0.1664659 -0.4935651 -0.2013221 -0.0334829 -0.2836259 -0.2504241 -0.6146145 -0.5200691 -0.4974411 -0.4459957 -0.4482646 -0.2712873 -0.2011077 -0.4868709 -0.0318921 -0.1937831 0.0381354 -0.2461339 -0.3284009 -0.1333603 -0.2755369 -0.3191821 -0.0899349 -0.6451917 -0.1356169 -0.2073358 -0.1367950 -0.2460730 -0.3653846 -0.1123823 -0.3264374 -0.3379981 -0.2780119 -0.2468579 -0.2672383 -0.2461141 -0.2026940 -0.2749619 -0.0354013 -0.1179941 -0.1535681 -0.1395207 -0.1721068 0.3713800 -0.1360173 -0.1706142 0.0275451 -0.2316091 -0.1212657 0.2582829 -0.0914452 0.1314153 -0.1117691 0.0620985 0.1527644 -0.0371762 0.0855888 -0.0126704 0.0362520 0.3944802 0.1298452 0.2912739 -0.0984365 0.2698510 -0.0624696 -0.0069919 0.0112725 0.1462154 0.1897233 0.1821736 0.2060935 0.0370369 0.0433345 0.1354192 0.0356128 0.1584521 0.1121365 -0.0182236 0.1602989 0.2868954 -0.0122439 0.1950213 0.1500529 0.2210965 0.0143246 -0.0450799 -0.0111773 0.1242867 0.0485429 0.0122949 -0.1251062 -0.0635592 0.2263154 0.5605946 0.6647109 0.7108405 0.5204595 0.2192501 0.3549637 0.2516507 -0.1163839 0.2277338 -0.0014133 0.0613126 0.0853745 0.3779276 0.1459964 0.2523163 0.7450266 0.5597978 0.1643354 0.5577010 0.6939298 0.0958903 0.0078863 0.0946921 0.2903511 0.6221224 0.6663835 0.2680217 -0.0437117 0.0065035 0.1696032 0.0053684 -0.2008198 -0.2421044 0.2261489 0.4295368 -0.3783578 0.3259475 0.0006050 0.5207007 0.0219980 0.3152507 0.3964864 0.3053685 0.1514145 0.3695526
0.4696460 0.8700982 0.5398792 0.8522305 0.1359803 0.7534679 0.3296399 0.0000000 0.7610916 0.7126750 0.9126587 0.7002336 0.6070165 0.2937882 0.7964092 0.7052018 0.5299581 -0.2249266 0.5185933 -0.3371611 0.6080074 0.0896901 0.4518843 0.5104109 0.1572328 0.4479628 0.4044795 0.2652534 0.7134312 0.3069541 0.2924098 -0.3061163 0.5035644 0.8203098 0.5068420 0.4212738 0.4078106 -0.2705222 0.7347995 0.5446202 -0.3685499 0.1850403 0.6732540 0.4020876 0.7393668 0.2263531 0.3571199 -0.3491362 0.6647096 0.0136012 0.4066374 0.5148138 0.8450958 0.3468758 -0.2381148 -0.0087104 0.2042857 0.7657678 -0.2121769 0.5591818 0.2517363 0.5053069 -0.3795735 0.8629056 0.6417261 -0.0246198 0.5057665 0.3669663 -0.1500799 0.8143990 0.2997228 0.8542475 0.4277264 0.5067042 0.1201667 0.7031012 0.8023462 0.1277696 0.4830902 0.3796922 0.4355202 0.1169647 0.2964191 -0.1056145 -0.2605283 -0.1487735 -0.1022602 -0.0602924 -0.3651821 -0.3297853 -0.0054802 0.1306109 0.1982903 -0.1321413 -0.1772888 0.1796803 0.4355355 0.0797344 -0.2699484 -0.0149538 -0.1744373 -0.1950312 0.1690764 -0.1999498 0.4472996 -0.0050241 -0.0409384 0.1893141 0.4057094 -0.0314260 0.1536988 0.3270211 0.0002551 -0.1752104 -0.1447652 -0.1791120 -0.1820877 -0.0352035 0.1390247 0.0210665 -0.1792382 -0.1793525 0.3015530 0.7367114 0.2752167 0.4497254 0.0323869 -0.0143139 0.5513049 0.3494428 0.1397133 0.2558117 0.1097696 0.4225629 0.1573075 0.4585120 0.3381002 0.6660906 0.4900572 0.7850727 0.2965528 0.3555861 -0.0908970 0.1439965 0.3507655 0.3094763 0.5808493 0.4585753 -0.0819223 0.4010126 0.5798813 0.0019438 0.5118060 0.2260285 0.2786130 0.0802742 0.2658373 0.2671246 0.1382219 0.5959929 -0.1503617 0.4736224 0.1637362 0.4179613 0.0796255 0.2685574 0.3188118 0.3330768 0.1989227 0.4503120 0.0126317 0.0463071 0.0647305 0.0807936 0.5790142 0.2054330 0.4334571 0.1235764 0.5699630 0.4173742 0.4046308 0.3989050 -0.1630890 0.0102787 -0.0269872 -0.2924980 -0.3929337 -0.4160322 0.5077217 0.7861700 0.3406029 0.7333827 0.5709854 0.5538547 0.5581507 0.7056792 0.6862367 0.8075529 0.5385058 0.7232829 0.2476054 -0.3323311 -0.0803668 0.2151054 -0.1824844 -0.0802429 0.6136428 0.4290709 0.1319852 -0.1926479 -0.0392013 0.7157507 -0.2937777 0.6681927 0.6880893 0.2667355 0.0720579 -0.5265511
0.4385560 0.8518259 0.3987852 0.6950735 -0.0818273 0.8814890 0.2978199 0.7610916 0.0000000 0.9261522 0.7367052 0.7980402 0.2638680 0.5853538 0.8386914 0.2451382 0.4361568 0.3097586 0.2134881 -0.3009537 0.8060703 0.0518471 0.0055729 0.8602791 -0.0239850 0.0500398 0.1940203 0.6674004 0.9458459 0.5067741 0.1108123 -0.4567744 0.8275304 0.9186044 0.1613232 0.4950460 0.0556971 -0.4658923 0.5234811 0.6139928 -0.5078764 0.2416529 0.2947239 0.7507075 0.6807681 -0.0645218 0.0942070 -0.4401371 0.9122703 -0.1229699 0.1024183 0.3747845 0.8843553 0.1363653 -0.4076470 -0.2266183 -0.1018905 0.6220274 -0.3629584 0.1769541 0.1092892 0.3192496 -0.5067317 0.8358817 0.5418871 -0.3905308 0.0923012 0.0931088 -0.4014327 0.6298105 -0.1603454 0.8010463 0.1165251 0.4523037 -0.2650413 0.5553996 0.7207358 -0.2064345 0.2197309 0.0807185 0.1864281 0.0327065 0.4415170 0.0751372 -0.0671232 0.0327487 -0.1738950 -0.0405101 -0.1428413 -0.1053208 0.1161237 0.1481022 0.2995075 -0.1848968 0.1119764 0.4281486 0.2398480 0.2786938 -0.3104325 -0.2434483 0.0541776 0.0916128 0.3952472 -0.1216921 0.3325221 0.1200290 0.3064052 0.3820262 0.3765153 0.3997951 0.3530095 0.4337445 0.2656211 0.2314342 0.1901640 0.1976294 0.1430635 0.2741180 0.3692213 0.1117472 0.0788807 0.0851897 0.4292344 0.6976457 0.3836497 0.2005364 0.1896469 0.3577339 0.4116201 0.3389130 0.2400434 0.2236961 -0.0397335 0.2007240 -0.0433155 0.3183868 0.2813167 0.5491146 0.4092691 0.6172687 0.2271985 0.1534517 -0.0567566 0.1082257 0.3750616 0.1973422 0.4053142 0.3452379 -0.0837402 0.2285597 0.5077201 -0.0703231 0.3019933 0.1414831 0.3878508 0.0300409 0.2177788 0.1845897 0.1593876 0.6239409 -0.1177861 0.2350729 0.1961869 0.3240315 0.0487378 0.1854923 0.2669420 0.2644984 0.1302980 0.2824288 -0.0383393 0.0342058 0.0939487 -0.0219009 0.5044767 0.2641179 0.4731823 0.0214728 0.5990397 0.2974319 0.1472048 0.0511825 -0.4369999 -0.3438687 -0.2343753 -0.2555128 -0.3974572 -0.3504714 0.5254662 0.8421314 0.2091483 0.5614201 0.5896903 0.5483462 0.3486556 0.6524075 0.4841684 0.7760815 0.4443276 0.5156410 0.0894171 -0.2193063 0.1561905 0.3417052 -0.4819776 -0.2982457 0.4073545 0.5098458 0.2180547 0.0073968 0.2212588 0.6160698 -0.4942087 0.4318739 0.7172051 0.1889062 0.4798121 -0.3450023
0.3662125 0.7475563 0.2819538 0.7289507 -0.1911305 0.8188465 0.1228833 0.7126750 0.9261522 0.0000000 0.7099221 0.5894128 0.0616624 0.7831688 0.6483756 0.2264173 0.4893718 0.3942914 0.1303278 -0.3451652 0.6752610 0.1721560 -0.0980334 0.8619361 -0.0737489 -0.0729996 0.2608710 0.7327959 0.8376313 0.5782663 0.0857879 -0.4296858 0.8463771 0.8182343 -0.0119091 0.4056580 0.0399929 -0.4326403 0.4229140 0.5655022 -0.4465013 0.0858546 0.1184289 0.7467750 0.4883991 -0.1118284 0.1847949 -0.3814781 0.8381759 -0.1980860 0.0148126 0.1498936 0.7575034 -0.0731376 -0.3799260 -0.2300333 -0.1048240 0.4596095 -0.2629055 0.0513492 -0.0327449 0.0999630 -0.4931620 0.7468310 0.3199124 -0.3401684 -0.0249871 -0.1036313 -0.3748602 0.4834483 -0.2022428 0.6740673 -0.0510634 0.2488631 -0.1857308 0.3922036 0.5672058 -0.2330545 0.1077609 -0.0519490 0.0795560 0.1624914 0.4488104 0.0648703 -0.0515440 0.1069845 -0.0177873 0.0196335 -0.0699251 -0.1291316 0.1653645 0.1446768 0.4473454 -0.1875745 0.0894444 0.3925798 0.1820693 0.4074877 -0.2689989 -0.2064893 0.0293215 0.2471779 0.3938991 -0.0071446 0.3079871 0.1413356 0.3750992 0.4570538 0.4831606 0.4574525 0.3259958 0.4695770 0.4291716 0.3876145 0.3625690 0.3564844 0.3116034 0.4564802 0.4792653 0.2829154 0.2577337 0.2461574 0.4762034 0.6308314 0.4747238 0.2687439 0.3438988 0.4347948 0.4602537 0.3615433 0.3826759 0.0580228 0.1319515 0.1268761 -0.0797279 0.3579681 0.3441749 0.5432995 0.4657819 0.4524988 0.2197147 0.0719930 -0.0179626 0.0845297 0.4479173 0.2458809 0.4239256 0.3414445 -0.0924822 0.1661731 0.3826044 -0.0684612 0.2815235 0.1562105 0.4749383 -0.0438999 0.1350055 0.2076219 0.1029063 0.4750879 -0.0417289 0.1363512 0.1745665 0.1650006 0.0730477 0.1644812 0.2767995 0.2990661 0.0919244 0.1779501 0.0447682 0.1097884 0.0675595 -0.1632069 0.2856675 0.0612495 0.2844767 -0.0511219 0.4779605 0.1484738 0.1166716 -0.0094096 -0.4161140 -0.3268282 -0.2302099 -0.3319549 -0.3140207 -0.3640105 0.3356570 0.6988009 0.3053249 0.3731915 0.3922890 0.5099396 0.3796314 0.6119813 0.4897242 0.5818674 0.2481410 0.5057606 0.1046857 -0.2486375 0.0527505 0.2571445 -0.4043630 -0.3036734 0.2978984 0.4127313 0.2375703 -0.1140047 0.2058686 0.4740987 -0.4997862 0.3279792 0.5596615 0.1466375 0.5395222 -0.3035356
0.3244421 0.7585164 0.5275361 0.8541779 0.1950381 0.7654348 0.3139942 0.9126587 0.7367052 0.7099221 0.0000000 0.6945868 0.5541560 0.2592188 0.6937951 0.7294350 0.6149212 -0.3105410 0.4858315 -0.2404929 0.5556870 0.0567802 0.4387893 0.4797221 0.0809703 0.4768695 0.4292137 0.1856513 0.7074279 0.2910471 0.3759394 -0.2178238 0.5174907 0.8584469 0.4551599 0.3749169 0.3409303 -0.1870126 0.6666675 0.6200789 -0.3317533 0.1327464 0.6055760 0.4276311 0.7640596 0.2773109 0.4523655 -0.3076766 0.7259995 0.1159905 0.3587664 0.4494724 0.8864272 0.3056037 -0.1710581 0.0588062 0.2233655 0.7680818 -0.1542818 0.5241014 0.2806070 0.4599019 -0.3504525 0.9253875 0.6062695 0.0206407 0.4025908 0.4007389 -0.0667558 0.8591175 0.2632100 0.9011736 0.3592514 0.5664838 0.0832482 0.7501300 0.8645383 0.1504581 0.5145890 0.3977974 0.3982602 0.2111432 0.1307165 -0.2224788 -0.4066856 -0.1208810 -0.0177043 0.0589926 -0.5115394 -0.4756868 -0.0560963 0.0849593 0.1692603 -0.1118542 -0.3803781 0.0812210 0.4112323 -0.0242537 -0.5454526 0.1587256 -0.4402514 -0.0840032 0.1331688 -0.1926917 0.4085462 -0.1625278 -0.1530963 0.1454829 0.2612021 -0.1108332 0.0206882 0.1180315 -0.0077260 -0.1717206 -0.1869308 -0.2021414 -0.1959800 -0.1119927 -0.0113362 -0.1062442 -0.1895968 -0.1586883 0.4633378 0.5896396 0.0819365 0.3405738 0.0518013 0.0324927 0.3603732 0.4025894 0.0458189 0.0835325 0.1421013 0.3720008 0.1011456 0.4127821 0.2337039 0.4739373 0.3905202 0.7090401 0.3082567 0.2577694 -0.0548514 -0.0224985 0.2016009 0.3460614 0.5017246 0.5290222 -0.2472958 0.3623929 0.5458906 -0.0812261 0.4277401 0.2487470 0.3701618 0.1479020 0.1992357 0.3440328 0.0551322 0.5238981 -0.0415186 0.3504271 0.2643308 0.2621294 0.0639305 0.3167230 0.2806945 0.2153322 0.0913449 0.3007083 -0.0513856 -0.1367155 -0.0728504 -0.1464158 0.3704871 0.0665566 0.3244964 0.0464498 0.5010920 0.4066350 0.4604122 0.4708962 -0.0682041 0.1095126 0.1028758 -0.3310607 -0.3388963 -0.3127104 0.4630388 0.8123447 0.1480608 0.7363926 0.4794497 0.3068843 0.4047806 0.5292201 0.5547038 0.7618678 0.4225625 0.6139555 0.2355973 -0.3460857 -0.1079020 0.0644143 -0.1494753 -0.0810325 0.6168307 0.4768776 0.1390671 -0.2359939 -0.0461957 0.7203158 -0.3088788 0.4064141 0.7362646 0.3383396 0.0510131 -0.4986547
0.3938902 0.7118405 0.5128987 0.5179450 0.2036263 0.7463461 0.6121266 0.7002336 0.7980402 0.5894128 0.6945868 0.0000000 0.5029712 0.1075214 0.8990487 0.4252548 0.4162480 -0.0888298 0.4853797 -0.1748810 0.8325436 -0.1378411 0.3028438 0.5165651 0.2679569 0.4370415 0.2228850 0.2516781 0.8180589 0.1822354 0.1841383 -0.0952820 0.5320923 0.8156322 0.4992557 0.4906535 0.3007085 -0.1529488 0.7071299 0.6491842 -0.2958951 0.3911809 0.5405101 0.5736702 0.7960662 0.2694953 0.2080344 -0.2919649 0.7354305 0.1670472 0.3217206 0.6118624 0.8519546 0.3974170 -0.1562422 0.0771750 0.1856370 0.7538923 -0.2158038 0.4572671 0.3571426 0.5470772 -0.2035083 0.8215792 0.7927685 -0.0783185 0.3323536 0.4042302 -0.0621904 0.7547622 0.2304585 0.8192521 0.3760957 0.6746799 -0.0517344 0.7110396 0.8030597 0.1291724 0.5058810 0.4673108 0.4326666 -0.2944276 0.0707749 -0.1130004 -0.2940739 -0.2116296 -0.3654670 -0.1086999 -0.3642038 -0.2724733 -0.1488552 0.0152135 -0.0735458 -0.1391428 -0.0376426 0.1614504 0.2746452 -0.1857737 -0.3754093 -0.0677680 -0.1333938 -0.3427221 0.0622007 -0.1934388 0.1496377 -0.0918666 -0.1267962 -0.0591072 -0.0566360 -0.0052357 0.1327324 0.0518716 -0.2120018 -0.2555583 -0.2660229 -0.2494295 -0.3021041 -0.2442309 -0.0405286 -0.3008369 -0.3401489 -0.3004282 0.2907720 0.5593256 -0.0748953 0.0596505 -0.1594265 0.0634066 0.0933645 0.1853965 -0.2081757 0.1667848 -0.3202453 0.2477517 -0.0857850 0.1946454 -0.0198083 0.2317727 0.0847407 0.6603554 0.1523198 0.1818221 -0.1340615 0.1173786 -0.0132988 0.0514408 0.1665164 0.2586605 -0.2007907 0.2363700 0.5986781 -0.1167740 0.1135866 0.0348392 0.1195278 0.1292585 0.3092774 0.0084698 0.1597345 0.7257498 -0.2163929 0.2617494 0.2085294 0.4816465 -0.1633702 0.1077729 0.0850665 0.1478751 0.0732776 0.2595834 -0.2721481 -0.1973629 0.0035918 0.1683369 0.6472963 0.4249049 0.6742306 0.1507647 0.6966565 0.5984374 0.3520418 0.3654173 -0.1142548 -0.0121387 0.0093089 -0.0187500 -0.2811119 -0.1296139 0.6912823 0.8696568 0.0710774 0.7813000 0.7215682 0.4390413 0.2398095 0.4791957 0.3955740 0.8711048 0.6413084 0.4502064 0.2491871 0.0271671 0.1156991 0.2252731 -0.2688831 -0.0576567 0.5430971 0.5933453 0.2808609 0.2747179 0.1447627 0.7719795 -0.2722047 0.4729473 0.8380293 0.2528043 0.2874010 -0.1383834
0.2570302 0.4631399 0.8112206 0.3793396 0.7456881 0.3359702 0.4567597 0.6070165 0.2638680 0.0616624 0.5541560 0.5029712 0.0000000 -0.3208108 0.5432228 0.6558925 0.3940918 -0.5512570 0.5920130 0.1859667 0.2037250 -0.0088880 0.6017904 -0.1425939 0.2911673 0.7290725 0.2987741 -0.4097903 0.2231975 -0.1271785 0.4440295 0.0828333 -0.1888555 0.4165623 0.7232818 0.1333140 0.4957491 0.1857363 0.6301504 0.2416651 -0.0812455 0.2794923 0.8483275 -0.1502623 0.8063076 0.5880684 0.3680488 -0.0226856 0.2076660 0.4771099 0.6778742 0.7635406 0.5432191 0.7076596 0.1254153 0.3668452 0.4425235 0.7286272 -0.0403122 0.8238895 0.7691469 0.7732017 0.0923728 0.5408272 0.8553965 0.1716693 0.8234504 0.8358821 0.2397142 0.8038173 0.5405435 0.5363831 0.8110269 0.8130944 0.1332879 0.8245153 0.7483162 0.2942985 0.6760614 0.7423417 0.5353307 -0.0033183 -0.1042561 -0.3325205 -0.3906710 -0.5264004 -0.3443855 -0.0469353 -0.5335665 -0.1873106 0.0055929 0.2426048 -0.1816113 0.0730937 -0.1257029 0.0643826 0.3597930 -0.2838161 -0.2387765 0.1664670 -0.2282221 -0.5044751 -0.2072140 -0.3254023 0.2620253 -0.0474931 -0.4231720 -0.3018662 -0.1676676 -0.4963878 0.0071968 -0.1522420 -0.5186589 -0.5420036 -0.5526732 -0.5812923 -0.5113323 -0.4866447 -0.3062623 -0.3939031 -0.4607698 -0.4105921 -0.1363913 0.4534216 -0.2382254 -0.0362430 -0.2167552 -0.3979251 0.0486122 0.2946448 -0.1519488 0.3906610 0.0006669 0.5972816 0.1703990 -0.0047796 0.1609379 0.3209426 0.2326760 0.5851631 -0.1312157 0.2112114 -0.0261573 -0.0350346 -0.0588760 -0.1147637 0.1716226 0.1637343 0.1054422 0.2193199 0.2593273 -0.0295334 0.1751429 -0.0372914 -0.0764533 0.0914264 0.1978933 0.0547859 0.1312721 0.1815319 -0.3556125 0.3132994 -0.0412585 0.3605892 -0.0948582 0.0341540 0.0036185 0.0415957 0.2916021 0.3591996 -0.3213888 -0.1351228 0.1564322 0.2781372 0.4815444 0.4370548 0.4535209 0.3578239 0.3203888 0.4965376 0.4475176 0.5387642 0.1179656 0.2629803 0.4040700 0.2946451 -0.0257031 0.1156409 0.6357213 0.4852465 -0.1241863 0.8327095 0.5338988 0.0986684 0.0482403 0.2744671 0.2770816 0.6480891 0.6895331 0.2328243 0.2696223 -0.1893334 0.0828192 0.1317751 0.1149804 0.1213355 0.5319016 0.3671781 -0.0741975 -0.0043046 -0.1673806 0.6291239 0.3082702 0.4895172 0.3972737 0.4126321 -0.3372222 -0.3629554
-0.0547486 0.3456102 -0.0880156 0.4201951 -0.3967582 0.3466741 -0.3376184 0.2937882 0.5853538 0.7831688 0.2592188 0.1075214 -0.3208108 0.0000000 0.1611959 -0.2407407 0.4214890 0.6783506 -0.0834354 -0.2329117 0.3169127 0.4794917 -0.5379186 0.7093324 -0.0172809 -0.4345442 0.2516487 0.7550850 0.4422839 0.7017112 -0.1146673 -0.3586497 0.6261108 0.3550055 -0.4557224 0.1241052 -0.0412236 -0.3644362 0.0537528 0.2200115 -0.2864963 -0.1056022 -0.3682452 0.5817533 0.0179760 -0.2274151 0.1428924 -0.2044901 0.4708521 -0.3592296 -0.1359177 -0.2172229 0.2544554 -0.3196696 -0.3514401 -0.2902726 -0.1384046 0.0505515 -0.1302399 -0.2394577 -0.2900357 -0.2415863 -0.3899791 0.2538623 -0.1353655 -0.2865790 -0.2946239 -0.4269808 -0.3984186 0.0207377 -0.3355325 0.1291046 -0.3439660 -0.2241557 -0.0378461 0.0059598 0.0768462 -0.1741737 -0.0976978 -0.2802281 -0.0820612 0.2218930 0.4006099 0.0892857 0.1754232 0.1921485 0.1847809 0.2910657 0.2913414 0.2286353 0.3112534 0.2301540 0.4528021 0.1169069 0.3200924 0.3919279 -0.0416909 0.4927644 0.0612895 -0.2247886 0.2901404 0.4177678 0.3466840 0.3580087 0.0855224 0.2279582 0.5052729 0.4704129 0.4529980 0.5151840 0.3672454 0.5388385 0.5311269 0.5581106 0.5239009 0.5450597 0.4482646 0.6220967 0.4615597 0.3313182 0.3634448 0.3468583 0.3983565 0.1953368 0.4551072 0.0990322 0.3279727 0.5106587 0.3062554 0.0607825 0.3726925 -0.0552636 0.1019607 -0.0491185 -0.3179647 0.1858327 0.1725507 0.3279057 0.2679894 0.0067446 -0.0185862 -0.2086314 0.0371690 -0.0819672 0.3495346 0.0593119 0.1884998 0.0573226 -0.1478737 -0.0787555 0.0733718 -0.0600356 0.0366580 -0.0788632 0.3613691 -0.1606210 0.0066566 0.0373408 0.0247137 0.1167056 -0.0814270 -0.1355366 0.0370835 -0.0446206 -0.0664115 0.0146527 0.0979582 0.1111735 -0.0222807 -0.0073175 0.0136765 0.1173942 -0.0963852 -0.3821367 -0.1747659 -0.2898909 -0.1297587 -0.2838681 0.0654443 -0.2056394 -0.0378111 -0.2818562 -0.3567586 -0.3487333 -0.2616656 -0.3577262 -0.2041229 -0.3591780 -0.1460183 0.1459538 0.1329509 -0.1235951 -0.0770262 0.2936639 0.1164375 0.3095664 0.1210228 0.0394618 -0.1759526 0.0969239 -0.0317935 -0.1399335 0.0262761 0.2400133 -0.2170886 -0.1453919 -0.1032684 0.1950342 0.2966454 -0.1741757 0.2814323 0.0225315 -0.3336466 0.0295596 0.1153507 0.0342520 0.5031903 -0.1984192
0.5124414 0.8072518 0.5213243 0.6001942 0.1278591 0.7649485 0.5178980 0.7964092 0.8386914 0.6483756 0.6937951 0.8990487 0.5432228 0.1611959 0.0000000 0.4368174 0.2644428 0.0099779 0.4349264 -0.2438962 0.7298543 -0.1417346 0.3494014 0.6117445 0.1655524 0.3247139 0.1288615 0.3989581 0.8119092 0.1692570 0.1161070 -0.2647878 0.6038996 0.8411610 0.5456078 0.3604263 0.2855921 -0.2588618 0.6401007 0.4990389 -0.3490738 0.2406898 0.5745939 0.4717421 0.7307661 0.0980349 0.0693593 -0.3112480 0.7035544 -0.0188499 0.3022638 0.5414180 0.8542122 0.2682035 -0.2052850 -0.0508968 0.0782745 0.6612778 -0.2524337 0.3933015 0.2792056 0.4784658 -0.2518567 0.7940416 0.7753040 -0.2184068 0.3376445 0.3370759 -0.1928498 0.7042465 0.1293897 0.8308995 0.3626470 0.6232103 -0.1227810 0.6182420 0.7705944 -0.0411530 0.3466628 0.3545837 0.3410448 -0.2271129 0.2402638 -0.0718946 -0.2543343 -0.2317314 -0.4103273 -0.2409688 -0.3109574 -0.2011784 -0.0539960 0.0090840 0.0261225 -0.2103898 0.0575616 0.2903313 0.2519818 0.0823524 -0.2325970 -0.2485916 -0.0327386 -0.2313774 0.1194876 -0.2272678 0.2234494 0.0814725 0.0817949 0.0740770 0.1672541 0.1279873 0.1757796 0.2078557 -0.0522054 -0.1152920 -0.1213947 -0.1211311 -0.1503516 -0.0773019 0.1709044 -0.0771193 -0.1956050 -0.1865289 0.2479489 0.7870852 0.2056497 0.2491327 -0.0883415 0.1054586 0.3666764 0.3040116 0.0505809 0.3768360 -0.1760777 0.3562992 0.0137128 0.2064161 0.2255305 0.4937105 0.3273964 0.7125164 0.1343748 0.2314704 -0.2813942 0.1743106 0.2253212 0.1043860 0.3446452 0.2253082 -0.0324790 0.1794213 0.4923774 -0.1315723 0.2824233 0.0465699 0.0725727 -0.0594943 0.1370475 0.0222252 0.0326148 0.6622322 -0.3228825 0.2835777 0.0140594 0.4055060 -0.0673326 0.0295108 0.1283135 0.1949679 0.0907165 0.2901912 -0.1510802 -0.0834921 0.0904081 0.3182435 0.7836668 0.4943167 0.6336925 0.1895377 0.6188780 0.4584153 0.2466735 0.2695948 -0.2445935 -0.1429677 -0.1214247 0.0170791 -0.3069940 -0.1864697 0.7259749 0.8979667 0.2328447 0.7551449 0.7600347 0.5594967 0.4008708 0.6117853 0.5585581 0.9300916 0.7106102 0.5878372 0.3501646 -0.0011282 0.1919263 0.3661482 -0.2868539 -0.1458925 0.6013207 0.4503115 0.2398849 0.2898057 0.0942031 0.7415912 -0.3220599 0.6232422 0.8182189 0.0468792 0.1908677 -0.2571964
0.4283959 0.4509863 0.5426542 0.5557746 0.3955848 0.4772638 0.4833379 0.7052018 0.2451382 0.2264173 0.7294350 0.4252548 0.6558925 -0.2407407 0.4368174 0.0000000 0.3350573 -0.6575715 0.5621120 -0.1637530 0.1968328 -0.1317502 0.7585448 -0.0791641 0.1683585 0.6915847 0.2885160 -0.2927588 0.2275241 -0.1946794 0.3429184 -0.0292919 0.0007178 0.4437469 0.6478084 0.1563745 0.2970665 0.0425400 0.5791754 0.3664771 -0.1540256 -0.0022592 0.7750457 -0.1111861 0.5703521 0.3458006 0.3494769 -0.2154711 0.1993422 0.2721212 0.4340516 0.4939108 0.5315614 0.3468797 0.0293930 0.1925605 0.2236142 0.5709463 -0.0994679 0.5982239 0.4234022 0.4487504 -0.0532065 0.6269784 0.5679598 0.1449930 0.5632867 0.5462020 0.1772511 0.7012953 0.4517022 0.6602012 0.4997457 0.6005626 0.2036673 0.5920400 0.6692649 0.2479428 0.5187309 0.5601415 0.4644727 0.1969739 -0.0722273 -0.3186673 -0.4720490 -0.3091157 -0.0253254 -0.1620592 -0.5380174 -0.5337323 -0.0979690 0.0062730 0.0372184 -0.1474513 -0.4370573 -0.1850929 0.4382055 -0.2178449 -0.3533660 0.2992614 -0.4855549 -0.3640814 -0.2020253 -0.3141973 0.3731524 -0.0858558 -0.4207330 -0.1425533 0.0913869 -0.4403552 -0.1462882 -0.1640381 -0.2670820 -0.4070100 -0.3692902 -0.4261809 -0.3200992 -0.3173159 -0.1194211 -0.1043835 -0.2203958 -0.2403900 0.0366254 0.5017214 -0.0949567 0.3320324 0.0614958 -0.2894554 0.2277489 0.4044044 0.0119856 0.0583803 0.2560129 0.4466815 0.3439170 0.3459904 0.2902435 0.3355137 0.3544533 0.5836802 0.2361038 0.3317982 0.0049326 0.1662647 0.1345426 0.3417361 0.3754568 0.4307177 0.0235299 0.4022088 0.3529156 0.0483185 0.3758630 0.3246695 0.2029789 0.1668948 0.1571519 0.2955593 0.1205474 0.2679563 0.0570855 0.3961621 0.1898771 0.2055177 0.1024704 0.2382194 0.2733737 0.3072814 0.2029954 0.2487032 0.0353087 -0.0136487 0.1634708 0.1390351 0.4018989 0.2570765 0.3710577 0.3917247 0.3858903 0.4218665 0.4918446 0.5326462 0.0826852 0.2829139 0.2501669 -0.0313276 -0.1464020 -0.0411624 0.5432388 0.5980890 0.2352766 0.7409552 0.5178167 0.1545469 0.3620067 0.3662823 0.5691157 0.5994315 0.5431669 0.5784682 0.3166810 -0.3305935 -0.1867120 -0.1149984 0.1446842 0.1695930 0.5420395 0.2109698 -0.0793658 -0.2015803 -0.2215571 0.6669994 0.0926440 0.5320432 0.3914784 0.2651030 -0.1737823 -0.2779566
-0.2011691 0.2758821 0.3907203 0.4166866 0.3786950 0.3620153 0.0976007 0.5299581 0.4361568 0.4893718 0.6149212 0.4162480 0.3940918 0.4214890 0.2644428 0.3350573 0.0000000 -0.2186480 0.5391581 -0.1527905 0.3333820 0.3829964 -0.0404093 0.0982260 0.4583616 0.3963937 0.6231099 -0.0894150 0.3093093 0.2836740 0.3145973 0.1150666 0.0653580 0.3577769 0.1409045 0.2748527 0.4402864 0.0705048 0.6807781 0.5842040 -0.0662243 0.2089048 0.2928366 0.3855928 0.5713714 0.5194880 0.6555278 -0.1203958 0.3813910 0.3390517 0.3757164 0.3595468 0.4162422 0.4469890 -0.0686861 0.2615537 0.4397338 0.6307322 0.0500717 0.4878561 0.4821361 0.4338500 -0.0769871 0.4814739 0.4302176 0.2749557 0.4776299 0.3617753 0.1685532 0.6307429 0.4882967 0.3584810 0.3721463 0.3704392 0.4667811 0.6748531 0.5021518 0.5049768 0.7112169 0.4843132 0.6262129 0.0404296 -0.1692117 -0.2721623 -0.2311411 -0.2131124 -0.1292166 0.3740111 -0.3633270 -0.2271613 -0.1464123 0.0970300 -0.1346209 0.2558790 -0.2175918 -0.1327220 0.0411017 -0.3695301 -0.4891326 0.3857024 -0.2366206 -0.2981387 -0.1663326 0.1065435 0.0135147 -0.3235165 -0.3265899 -0.2231856 -0.1827659 -0.1942897 -0.0271016 -0.0725701 -0.2640451 -0.2204144 -0.1874998 -0.1836379 -0.2643015 -0.0795799 -0.1606102 -0.3305635 -0.2609976 -0.2091563 0.0900400 0.1310487 -0.2654443 -0.2893991 -0.1633610 -0.2107491 -0.1978120 -0.0660365 -0.2833759 -0.2476794 -0.2234615 0.3579680 -0.4307729 -0.0533355 -0.2069753 0.0128574 -0.1275675 0.1909968 -0.2427745 -0.2491504 -0.0666621 -0.1757598 -0.2331356 -0.2546295 -0.1331477 -0.0328403 -0.4955744 -0.0518584 0.1406255 -0.1063918 -0.2266535 -0.3282304 0.0792608 0.1047244 0.2388185 -0.1546177 0.0172358 0.0831630 -0.3225172 -0.1180309 0.1432640 0.2579498 -0.4505065 -0.0150715 -0.2444028 -0.2510059 -0.0732694 0.0096136 -0.5527836 -0.4087416 -0.3271323 -0.3886474 -0.0729531 -0.0513292 0.1906598 0.0748848 0.2446413 0.2653669 0.5006005 0.3881305 0.1574658 0.2649259 0.3427188 -0.1661280 -0.0820722 -0.1984051 0.2746262 0.2764184 -0.1436441 0.4925415 0.2066475 0.0568079 -0.1774489 0.1635282 -0.0542648 0.3321279 0.2619243 -0.0197493 0.0446024 -0.2805547 -0.3276269 -0.2089609 0.0312678 0.2447797 0.0994273 0.6827855 0.0856760 -0.2916033 -0.1397295 0.3406742 0.0446450 0.1619815 0.2765461 0.6296317 0.1179681 -0.2174786
