0.0000000 0.3198142 0.2675257 0.5144916 0.2321152 0.3507007 0.0529688 0.4974152 0.3540523 0.3465802 0.0274849 0.3329237 0.1984914 0.2663534 0.2850788 -0.3789352 -0.4486953 0.4416519 -0.3188740 0.2425037 0.2981261 -0.2433297 -0.5424569 0.3866704 -0.4389124 -0.5329447 -0.2142320 0.3247726 0.0701864 0.0292114 0.0933354 -0.4293915 0.3561855 0.2381780 -0.4016524 0.1989702 -0.4507760 -0.2714544 -0.2070605 -0.4249619 -0.1036727 0.1049554 -0.2733410 -0.2879498 0.1929278 -0.4693359 -0.4098457 -0.2222927 0.0957918 -0.5836579 -0.4031843 -0.3683867 0.3432494 -0.6422466 -0.2102907 -0.3722058 -0.4152512 -0.5265987 0.2236717 -0.4683950 0.4177281 -0.4970620 0.0623760 0.1911959 0.4740206 -0.3210632 -0.4552252 -0.6114733 -0.0297610 -0.2796552 -0.4368129 0.4106833 -0.4820795 0.4933297 -0.2480576 0.0579849 0.4117530 -0.0285892 0.2577293 0.3849183 -0.0042683 -0.0509712 -0.1533424 -0.0601502 -0.1722144 -0.2385281 -0.3427344 0.0700432 -0.2929997 -0.1411639 0.1299662 0.1101068 -0.0342993 -0.2320151 -0.3778120 -0.0678057 0.0435926 0.0196419 -0.1122829 -0.1612791 -0.0065717 -0.3750091 0.0147185 -0.0847003 -0.0075504 -0.2516685 -0.2224194 0.2850999 -0.1102859 0.0510195 0.2070732 -0.2618516 0.2878582 0.3518185 0.0944041 0.3388695 0.3356011 0.1756698 0.2749994 -0.0198570 0.0976145 0.3908489 0.2108518 0.1642785 -0.1899210 -0.2742786 0.1490148 0.0410200 -0.2272495 0.1414248 -0.0576400 0.0980987 0.0949756 -0.4216367 0.5053828 0.1970942 -0.1837012 -0.1383891 -0.0403251 0.0177585 0.4173307 -0.2708565 0.5396120 -0.2300111 -0.1199103 0.1460123 -0.1653652 -0.0176646 0.5503948 0.1976206 0.0217155 -0.2273569 0.1625920 0.2356176 -0.0244093 -0.0537250 0.5640539 0.0786565 0.4081158 0.4412294 0.2226762 0.1821137 0.3028393 0.4449609 0.1724062 0.1410659 0.2566267 0.3770684 0.4985611 0.3262088 0.1284317 0.2466299 0.2446548 -0.0871238 -0.0365066 -0.1037842 0.1948481 -0.0106028 0.2121130 -0.0884219 0.0367678 0.1783474 0.2409839 0.3243204 0.3405289 0.5983872 0.4773157 0.4627978 0.4039833 -0.1593996 -0.1906794 -0.1772024 -0.3535264 -0.1965171 -0.2068575 -0.2895708 -0.3548438 -0.2866454 0.0046122 -0.3400922 -0.1785963 0.1104271 0.4381650 -0.4025352 -0.3826089 -0.2490677 -0.3396382 -0.2332623 0.2810880 -0.0129948 0.4610747 -0.3185990 -0.3183203 -0.0273832 0.1863572 -0.0679723 -0.0061787 -0.2590927
0.3198142 0.0000000 0.3117445 0.7592961 -0.0397375 0.7372291 0.3958941 0.6202983 0.7013105 0.4130324 0.0812665 0.8778148 0.1326596 0.4743362 0.7187530 -0.1944484 0.0083850 0.6466144 -0.1574069 -0.0422719 0.9283723 -0.1500371 -0.0272344 0.6773913 -0.2897829 -0.1816882 -0.0318341 0.4853434 0.8330897 0.0489232 -0.1543677 -0.4598826 0.5515173 0.7069062 -0.1251931 0.7372208 -0.2867805 -0.2941568 -0.1007837 -0.0656388 -0.3904019 0.7407762 -0.0567172 0.2286989 0.4486813 -0.1456189 -0.2022581 -0.4065666 0.4218720 -0.2026492 -0.0245082 -0.1188790 0.6014244 -0.0522805 -0.2879609 -0.1630546 -0.2094841 -0.0891897 0.4183076 -0.1137228 0.5649330 -0.2035519 -0.1376350 0.4504046 0.6170143 -0.2650447 0.0770855 -0.1793143 -0.1069081 0.2226288 -0.0820006 0.5487388 -0.0839103 0.4576628 0.0756790 0.5043250 0.6915583 0.2593380 0.6418772 0.4575120 0.2380944 -0.0819813 -0.2868118 -0.2116598 -0.3563005 -0.3676628 -0.5833364 0.2086619 -0.4297279 -0.1940213 -0.2851135 -0.3856806 -0.0828829 0.0351827 -0.5708866 -0.0629853 0.0091456 -0.1224779 -0.3771769 0.0812911 -0.0301082 -0.2289676 -0.1410774 -0.1092399 0.1371196 -0.3584860 -0.3059577 -0.2009716 0.0576296 -0.0377445 -0.1581604 -0.1246391 -0.2801514 -0.2352535 -0.3617733 -0.2704258 -0.2819008 -0.1902914 -0.2125881 -0.1174462 -0.1027662 -0.1589111 0.3481857 0.3121600 0.2772380 0.2156716 0.0581643 0.5650461 0.4544406 0.6398523 0.6116673 0.4421422 0.4844885 0.2739374 0.6009618 0.3357732 0.5571901 0.6077698 0.7098437 0.4374394 0.0129511 0.1461498 0.5750205 0.2801090 0.6074200 -0.2019811 0.4631102 0.4765004 0.4085010 0.1016960 0.1471008 0.2581945 0.2727353 -0.2170228 0.0924703 -0.3381399 0.2832425 -0.1919955 0.4274343 0.2755421 -0.2104911 -0.0507945 0.0538846 0.3872345 -0.2359226 -0.2136619 -0.0896191 -0.1342994 0.1494081 -0.0429321 -0.3373592 -0.1712041 0.6303473 0.2990359 0.6171046 0.5283826 0.8537018 0.3998971 0.8755686 0.6777963 0.6196502 0.6964572 0.6755478 0.6360232 0.4077593 0.5064059 0.1630050 -0.0150722 0.4910721 0.2236429 -0.1157756 0.2018078 -0.2660805 0.4527350 0.2631817 0.3045339 0.0243911 -0.2519542 0.2476196 0.0389491 0.0542865 -0.2314801 0.2882689 0.0074063 -0.2211086 -0.0893121 0.0391203 0.0202759 0.4756605 0.1934616 0.3705510 0.2925398 -0.3740280 0.3915077 0.5267725 -0.1055704 -0.0408110 0.1785835
0.2675257 0.3117445 0.0000000 0.4380208 0.7997166 0.0641086 -0.1226536 0.7135518 0.1212438 0.0122650 -0.1095090 0.2878668 0.8501419 0.2504676 0.2245108 0.0929133 0.1638723 0.3842607 0.1167829 0.6664944 0.3548770 0.5438366 0.0456135 0.1936146 0.0014704 0.1673614 0.1869941 0.3793314 0.2479168 0.1202120 0.6204961 0.1116609 0.0761328 0.1632617 0.1629966 0.0764013 0.1518683 0.5161832 0.0324140 0.0234094 0.0242176 0.1288529 0.2053739 -0.0733539 0.2749833 0.2847011 0.1580240 0.4262944 0.0543757 0.3235829 0.0702925 0.1809069 0.3317476 -0.0656294 0.6101955 0.5235919 0.3325163 -0.0227054 0.0198982 0.0868404 0.3879607 -0.0209367 0.5734798 0.4327597 0.5658452 0.3687458 0.0606882 -0.1088772 0.5688728 0.2212334 0.3128677 0.4265102 0.1290748 0.7113464 0.6339988 0.5191133 0.6303474 0.6041085 0.6639077 0.7748692 0.5145427 -0.1205269 0.0144667 -0.0481315 -0.2543400 -0.1515377 -0.5183656 -0.2849502 -0.2937547 -0.1615686 -0.3878815 -0.4539888 -0.1475430 0.0217218 -0.2905885 -0.3203667 -0.3016945 -0.1212731 -0.1969310 -0.3366393 0.0785766 -0.1426433 0.1157972 -0.3500610 -0.4184211 -0.6848638 -0.2453666 0.0184129 -0.3768523 0.1396469 -0.6078028 -0.2147124 0.0073235 -0.0503697 -0.0348964 -0.0897936 -0.0646453 -0.1879732 -0.0470068 -0.3110310 -0.1055552 -0.1668179 -0.2381307 0.4073197 -0.1582682 -0.1069433 -0.2079801 0.0080711 -0.0986464 0.2084049 -0.0494394 0.3282772 0.1624679 -0.2117477 0.5209295 -0.1872372 0.0337534 -0.1125709 -0.0268758 -0.0960661 -0.1011124 -0.3167453 0.3365652 -0.2319243 0.0238859 -0.3463572 0.0570485 0.3390342 0.5221161 -0.1413429 -0.3700028 -0.0865100 0.2966517 -0.1769797 0.0140380 -0.4666248 0.1238089 0.2263322 0.2368200 0.0350575 0.1038640 0.1094293 -0.3382685 0.2512944 0.0045278 -0.0318256 -0.1954158 -0.0103902 0.0392413 -0.1979932 -0.2201722 -0.1922439 0.0604332 0.1942425 0.1537979 -0.0898015 0.5142407 0.5442841 0.4085418 0.1957176 0.0967524 -0.0302763 0.0105037 0.1025595 0.0706014 0.5533259 0.3313091 0.6756619 0.6850480 0.3485951 -0.4342319 0.4303704 0.0515854 -0.1268837 -0.1561124 0.0296486 0.0211429 0.2530881 0.5864638 -0.0185956 0.4411221 0.2095263 0.4052587 0.4762624 0.2053630 0.2728333 0.0003866 0.5666826 0.3591231 0.5427955 0.2953338 0.2096901 0.4426088 0.7431602 0.6662247 0.2597932 0.5575490 0.4289273
0.5144916 0.7592961 0.4380208 0.0000000 0.2119659 0.8534094 0.4183955 0.7950719 0.8035242 0.7626089 0.3213367 0.8287340 0.3558262 0.6001375 0.7089030 -0.0590841 0.1727821 0.7519471 -0.0199616 0.2150083 0.8244931 0.0465473 0.0041760 0.6733988 -0.2041083 -0.1328962 0.0470468 0.5992612 0.7053589 0.2021903 0.0235657 -0.3610663 0.6419065 0.6975660 -0.1090985 0.5513706 -0.2028958 -0.0693550 0.1539055 -0.0294636 -0.2519528 0.6113238 0.0437709 0.2510596 0.5720321 -0.1474786 -0.1521845 -0.1702291 0.5759789 -0.1577307 -0.0115238 0.0721268 0.8044510 -0.0770093 -0.0834939 -0.0541210 -0.0805258 0.0234158 0.4704857 -0.0214427 0.7520289 -0.1328542 0.0552841 0.7480070 0.8458749 -0.0258176 0.0255819 -0.1959588 0.1198881 0.2838703 -0.0308383 0.7552470 -0.1023568 0.6897874 0.2769023 0.6512408 0.7737263 0.3582623 0.6952612 0.5837589 0.1007199 -0.1760921 -0.3304080 -0.3545093 -0.5661768 -0.3944854 -0.7004276 0.1433047 -0.4953391 -0.3058025 -0.2504795 -0.3032161 -0.1952771 0.0623215 -0.5179186 -0.1045304 -0.1136001 -0.1545586 -0.2101962 0.0176782 0.0323250 -0.3494990 -0.0298169 -0.2000357 -0.0875090 -0.4972647 -0.4567040 -0.1868300 -0.2358626 -0.1235081 -0.2250375 -0.4333214 -0.2089869 -0.1981766 -0.3547280 -0.2155795 -0.2039036 -0.2831836 -0.1112463 -0.3809676 -0.2068660 -0.1035027 0.4080275 0.5008115 0.0034034 -0.2127941 0.1641564 0.4417116 0.0349506 0.6281288 0.3306354 0.3380423 0.4879866 -0.0288518 0.5924943 0.2117891 0.2588968 0.2026959 0.4322480 -0.0606832 0.2354721 -0.2775807 0.5624278 -0.0820218 0.2651556 0.0669740 0.3600885 0.4444065 0.4748002 -0.0482926 -0.1667971 0.0553611 0.4551145 0.0018689 0.3452245 -0.2265188 0.2489899 0.1036539 0.4001558 0.0015049 0.1768018 0.2318858 0.2141624 0.0967023 0.1025436 0.0342482 0.1163968 0.1008306 0.2551649 0.1305171 -0.0495270 0.0913663 0.4236916 0.1664607 0.4330743 0.3100955 0.7346817 0.3593699 0.7122868 0.2313974 0.1971621 0.3498754 0.5190967 0.5073375 0.5013248 0.6496780 0.4849249 0.3645071 0.6156900 0.0447618 -0.4066902 -0.0552227 -0.4349989 -0.0207245 -0.1913299 -0.1577550 -0.3904887 -0.3587780 0.1016500 -0.3823345 -0.1272340 0.1165146 0.5694216 -0.1286546 -0.3360757 -0.2619947 -0.2962666 -0.0237773 0.3941998 0.2537988 0.4922406 -0.0533519 -0.2668907 0.3596831 0.5146143 -0.0352364 0.1374321 0.2206231
0.2321152 -0.0397375 0.7997166 0.2119659 0.0000000 -0.0466917 0.0150960 0.6119660 -0.0827683 0.0307335 0.1087910 0.1047483 0.9288657 0.0754309 0.0457025 0.3091681 0.3552163 0.1623504 0.2575915 0.7843517 0.0832569 0.7226779 0.1533125 -0.0462406 0.1129046 0.3403446 0.2101654 0.2266551 -0.0516838 0.1809829 0.7769888 0.2623957 -0.0503712 -0.0334179 0.3098817 -0.1564191 0.3383050 0.6801070 0.1535870 0.0743114 0.2765160 -0.1425726 0.3217500 -0.0631672 0.1479899 0.4532809 0.2986913 0.5618782 -0.0170605 0.5017545 0.2080807 0.3672445 0.1961043 -0.0318992 0.7702241 0.6913765 0.5409262 0.0361656 -0.1369972 0.2384610 0.2497314 0.1440259 0.8567299 0.4249654 0.4553872 0.6125641 0.1450630 -0.0381450 0.7604126 0.3141799 0.4358555 0.3623046 0.2742435 0.6745654 0.6898909 0.4049669 0.4424544 0.5855592 0.5214319 0.7068286 0.4104383 -0.0170987 0.1779712 0.1892362 -0.1485839 0.0936578 -0.2270436 -0.5677889 -0.0311867 0.0181706 -0.0517911 -0.1570728 -0.0739506 -0.3185920 -0.0782569 -0.2984174 -0.1979062 -0.0766296 -0.0086289 -0.6487109 -0.1807623 0.0348542 0.2128114 -0.5964163 -0.3630027 -0.5575130 0.0077551 0.1928522 -0.2379572 0.2017928 -0.4142111 -0.0883698 0.1974735 0.1127089 0.1282263 0.0728790 0.0712235 -0.0185579 0.0424683 -0.1876951 -0.1548780 -0.2254955 -0.3366708 0.0926564 -0.3006010 -0.1045369 -0.3666187 -0.3619063 -0.2080891 -0.0151114 -0.2143055 -0.0161967 -0.0450757 -0.4356887 0.3845844 -0.4603354 -0.1251672 -0.3073294 -0.2498068 -0.1875216 0.0352021 -0.3189358 0.1745724 -0.2078414 -0.1519908 -0.1615856 -0.0339132 0.2950585 0.4192666 -0.0915378 -0.4109038 -0.0940609 0.2807128 0.0271591 -0.0207410 -0.2720065 0.2529335 0.3916036 0.2766714 0.0279224 0.1712301 0.1503800 -0.2559186 0.2399635 0.0135046 0.0117127 -0.0541932 0.1299652 0.2042452 -0.0560555 -0.1104808 -0.0132965 -0.3374741 0.0526991 0.0760083 -0.1677464 0.2498413 0.3388103 0.1303766 0.0061534 -0.1439820 -0.2324280 -0.2481296 -0.0486064 -0.0465254 0.5455809 0.4578000 0.8467178 0.4835952 0.1451728 -0.2934936 0.3409153 0.0679118 -0.2543632 -0.1471487 -0.0145517 0.0118602 0.3067565 0.5155847 -0.0351603 0.2819744 0.2549712 0.2718434 0.3029038 0.4835703 0.3986615 0.0359224 0.6023456 0.1728844 0.3787285 0.2898670 0.1182010 0.7463245 0.6967362 0.4773144 0.5696200 0.5959391 0.4244904
0.3507007 0.7372291 0.0641086 0.8534094 -0.0466917 0.0000000 0.7219989 0.6083249 0.8912137 0.8391094 0.4876655 0.8852095 0.0922486 0.5536756 0.6810111 0.0053956 0.2519743 0.6332451 0.0339510 -0.0259068 0.8153916 -0.0427505 0.0531953 0.6095439 -0.1663409 -0.1306262 -0.0592288 0.4658191 0.7122990 0.1820532 -0.1407753 -0.4187001 0.6370026 0.7317651 -0.0715910 0.6137482 -0.2271379 -0.1957662 0.1390299 -0.0311415 -0.2249094 0.7231256 0.0432940 0.4530719 0.6431357 -0.1873630 -0.1812532 -0.3043374 0.6844916 -0.2278789 0.0553407 0.0683515 0.7919374 0.0410419 -0.2838752 -0.1877521 -0.1645403 0.1361375 0.5360040 0.0268159 0.7309120 0.0179598 -0.0939434 0.7131071 0.7334613 -0.1421347 0.1347730 -0.0097547 -0.0328540 0.3658031 -0.1181402 0.6434742 0.0117128 0.4495939 0.0899432 0.6272156 0.6060826 0.2158365 0.6026498 0.4100571 -0.0219886 -0.2009929 -0.4428485 -0.3796830 -0.5145399 -0.3783617 -0.4601622 0.0870146 -0.3131880 -0.1927435 -0.1719401 -0.1276219 -0.2469674 -0.0733568 -0.3466334 0.0709170 -0.0137368 -0.1811935 -0.0897139 0.0961894 -0.1221135 -0.4050632 -0.2237257 -0.1613055 0.1065675 -0.2092729 -0.3845025 -0.2843434 -0.1107394 -0.1994737 -0.0422146 -0.2772387 -0.2615486 -0.2557385 -0.3643346 -0.2434667 -0.2428560 -0.1483676 -0.1392594 -0.2106574 -0.2327516 -0.1909502 0.4927418 0.2096337 0.0886303 -0.0620111 0.1178598 0.4165764 0.1465741 0.5394088 0.3530426 0.2380435 0.3511453 -0.0062097 0.4184420 0.2493068 0.3060923 0.2773240 0.4908727 0.1084915 0.3222923 -0.0601538 0.4039705 0.0780969 0.2928257 0.1669257 0.3451891 0.3780971 0.2479898 0.0096386 0.0203686 0.1113784 0.2541488 0.0509442 0.1532965 -0.1631600 0.1886657 -0.0943787 0.2612005 0.0027824 -0.0452802 0.1562156 0.2787783 0.0356760 -0.1061373 -0.0169101 0.1634988 0.0485739 0.2076814 0.1832747 -0.0725923 0.1330887 0.4670570 0.2681429 0.6293286 0.5978241 0.7124655 0.2948491 0.6850628 0.3347261 0.3118558 0.4401965 0.5598860 0.5079596 0.5169239 0.5117454 0.4319895 0.1011039 0.4267499 0.0488613 -0.1846651 -0.0090792 -0.3162467 0.1829050 -0.0123692 0.0468757 -0.2817206 -0.3287425 -0.0098390 -0.2708810 -0.2441361 -0.0831698 0.3002717 -0.2345712 -0.2747912 -0.1778595 -0.2211091 -0.0925867 0.2354260 0.0332229 0.3677013 0.0449170 -0.3289161 0.2198731 0.3839545 0.0111594 -0.0157108 0.1639234
0.0529688 0.3958941 -0.1226536 0.4183955 0.0150960 0.7219989 0.0000000 0.3215292 0.5504131 0.6682369 0.5527503 0.6350277 0.0642862 0.3663091 0.3745944 0.2448752 0.4097641 0.3779388 0.0273856 0.0397766 0.4303024 0.0518565 0.1899327 0.2617761 -0.1931009 -0.0849419 0.1403030 0.2703361 0.3871524 0.1922978 -0.0617480 -0.2691734 0.2921829 0.3544355 -0.0361281 0.3623017 -0.1155920 -0.1117924 0.1429311 0.0328494 -0.0193233 0.4987826 0.0797440 0.3854038 0.3479225 -0.0709760 -0.1087583 -0.0649885 0.4150048 -0.1258720 0.0231377 0.1892022 0.3913700 0.1158961 -0.1851837 -0.1023380 -0.0382053 0.2003726 0.1443557 0.0412952 0.3118607 0.2622734 -0.0356393 0.4502002 0.3381311 -0.0359143 0.3041176 0.2829123 0.1027025 0.3795369 -0.0731727 0.3795961 0.0702656 0.1286054 0.0574114 0.3830376 0.2845851 -0.0478631 0.2604629 0.2556214 -0.2117592 0.0594369 -0.0963976 0.0650745 -0.0847339 -0.0047604 -0.1141369 -0.1999198 0.1222483 0.1888324 -0.0690718 -0.0860830 -0.0666923 0.0096803 0.0146419 0.0370745 0.0856387 -0.0197292 0.2273914 -0.0987198 -0.2326599 -0.1146601 -0.1089461 -0.2535539 0.2342072 -0.0002589 0.1141036 -0.0552026 0.0578732 0.0259534 0.1154570 0.2077676 -0.0237123 -0.0803296 0.0644498 -0.0583960 -0.0669065 0.2106224 0.0134755 0.3029938 -0.0640059 -0.2576286 0.1954008 -0.2170749 0.2099763 0.2227757 -0.1894497 0.3031541 0.2828299 0.3337033 0.3345672 0.1904476 0.2942570 0.0216487 0.0223693 0.0752029 0.4068381 0.3138314 0.4760929 0.2527078 0.3886637 0.2689078 -0.0661833 0.4202444 0.3629853 0.0695029 0.5012516 0.4650605 -0.2078169 0.0267130 0.1077261 0.3103086 0.1906092 0.0848287 0.0858695 0.1005014 -0.0699947 0.0384875 -0.1453763 -0.1405591 -0.1494760 0.1353972 0.2734710 -0.1134368 -0.1837363 0.1683438 0.2110876 -0.0154565 0.0723717 0.1221067 0.0321050 0.0458912 0.3853229 0.6096224 0.8398554 0.7495958 0.4657990 0.4021909 0.3907173 0.2936699 0.2399573 0.1890361 0.1385441 0.0730936 0.0748555 0.1886151 0.1459811 -0.0433133 0.2331765 0.1715659 0.1800935 0.2784832 0.0964262 0.3508498 0.2696849 0.2798007 0.1183923 0.0171662 -0.1296669 0.0506746 -0.2411193 -0.1684316 0.1487449 0.0388446 0.2257146 -0.0048684 0.1262689 0.1637604 -0.1414885 -0.1732885 0.2851070 0.2700580 0.0158491 0.2803060 0.2233450 0.0868934 0.1128353 0.2179876
0.4974152 0.6202983 0.7135518 0.7950719 0.6119660 0.6083249 0.3215292 0.0000000 0.4920560 0.4539324 0.3353800 0.7481709 0.7742711 0.3232935 0.4139300 0.1229709 0.2346183 0.4992998 0.1925846 0.4433065 0.7280119 0.4359777 0.1340971 0.3326865 -0.0462306 0.0302895 0.1105469 0.3602069 0.4444536 0.0064386 0.4766282 -0.1272107 0.2641166 0.3960197 0.1204250 0.4437773 0.0063422 0.3030731 0.0226015 -0.1182507 0.0103418 0.4984543 0.2442774 0.0671134 0.4785166 0.1246495 0.0321873 0.1452319 0.2683112 0.1065354 0.1148496 0.1167402 0.6832002 -0.1234415 0.3225570 0.2897573 0.1870228 -0.0397216 0.3493494 0.1007980 0.7308879 -0.0348167 0.5282280 0.7706206 0.8810094 0.2117921 0.1406779 -0.1227959 0.5349586 0.4294490 0.1580376 0.8136411 0.1457037 0.9151963 0.5875116 0.7075430 0.8727089 0.5660744 0.8483800 0.8765407 0.4271096 -0.3230292 -0.2109449 -0.1359405 -0.4180489 -0.3107054 -0.6406098 -0.3246772 -0.3006755 -0.1885957 -0.3419723 -0.3896731 -0.2613226 -0.2271180 -0.3849360 -0.2835069 -0.2487315 -0.1864678 -0.2038492 -0.3016720 -0.1918538 -0.3566349 -0.0306099 -0.3486379 -0.3673817 -0.5759271 -0.3380521 -0.0631868 -0.2979714 -0.0786942 -0.4002028 -0.2779199 -0.1235256 -0.1095921 -0.2460516 -0.1983658 -0.1804078 -0.2631146 -0.1712669 -0.4164437 -0.3440964 -0.2577721 0.1495339 0.2197968 -0.1685748 -0.0736371 -0.1858756 0.1625594 -0.0415855 0.3523059 0.0969458 0.2292721 0.1908071 -0.2542126 0.7578343 -0.1003671 0.1297725 0.0524820 0.2102708 0.1039893 0.2133729 -0.2960702 0.6184121 -0.1581539 0.1251304 -0.1658392 0.1279339 0.4709398 0.6533706 -0.0887946 -0.2799118 -0.0280513 0.2355464 -0.0219247 0.0023401 -0.4626691 0.3599986 0.0376274 0.4505056 0.1637618 -0.0404960 0.0472354 -0.0522742 0.3853227 -0.1992186 -0.0434123 0.0080138 0.0902577 0.2939963 -0.0232511 -0.2752475 -0.0465875 0.2551737 0.1735669 0.3988086 0.1990681 0.8021029 0.5400336 0.7267745 0.4072450 0.2827984 0.2947372 0.3918720 0.4379545 0.3900842 0.8131236 0.5502569 0.6604546 0.7617868 0.2322489 -0.4311622 0.2696700 -0.2071315 0.0270518 -0.0585747 0.1169102 -0.1210280 -0.0185114 0.5146969 -0.1136461 0.0316935 0.1675052 0.4938821 0.1300824 -0.1102789 0.0960038 -0.0350360 0.2758236 0.3334403 0.4794706 0.5435877 0.2315696 0.1019619 0.7239568 0.7175108 0.2222197 0.4699374 0.4238265
0.3540523 0.7013105 0.1212438 0.8035242 -0.0827683 0.8912137 0.5504131 0.4920560 0.0000000 0.7434358 0.2229492 0.8121149 -0.0119896 0.5926793 0.8465333 -0.1832008 0.1584835 0.6948218 -0.1854575 0.1171922 0.7955534 -0.1802993 -0.1138263 0.7556826 -0.3136251 -0.2146715 -0.2496917 0.6023282 0.8254409 0.2089782 -0.0852300 -0.5139194 0.7645446 0.8714216 -0.1111888 0.5360360 -0.3507650 -0.2691306 0.0613463 -0.0609878 -0.2776454 0.7148588 0.0234385 0.5331514 0.7638463 -0.3003915 -0.2658362 -0.3165694 0.8038382 -0.2884462 0.0014697 0.0076943 0.8130314 0.0861014 -0.3399404 -0.2133973 -0.2736489 0.2238056 0.3699924 -0.0546547 0.7151734 -0.0385630 -0.1378145 0.6326386 0.6802201 -0.1746781 -0.0160481 -0.0332832 -0.1195944 0.2730638 -0.1397935 0.5759090 -0.0193639 0.3808033 -0.0633908 0.6498922 0.6006313 0.2404628 0.6019669 0.4063664 -0.0506785 -0.0847885 -0.4240661 -0.4472786 -0.4445603 -0.4259290 -0.4526685 0.3200430 -0.3575715 -0.1394475 -0.0601771 0.0111714 -0.2208686 0.0841459 -0.4065047 0.2180917 0.0806597 -0.1339133 -0.1333947 0.0436654 0.1174967 -0.4484152 -0.1955021 -0.1096063 0.2585319 -0.2898885 -0.4223488 -0.3012867 -0.0897852 -0.0768705 0.0102000 -0.3386226 -0.2006496 -0.2490217 -0.3349026 -0.2214742 -0.2313788 -0.1215078 -0.0878537 -0.2014045 -0.1062127 -0.0940266 0.3290940 0.4476526 0.2070648 -0.1621045 0.1150053 0.3761539 0.1409041 0.5787369 0.3746167 0.2854063 0.2982883 -0.0004467 0.2975293 0.2800301 0.3080829 0.2747540 0.4813656 -0.0178018 0.2717678 -0.0593923 0.3319307 0.0231252 0.2979852 0.2078064 0.3246494 0.3403359 0.2046005 0.0492605 -0.0818543 0.0856997 0.2749273 0.0816609 0.1858481 -0.1772466 0.1855415 -0.0858053 0.2388392 -0.0767621 0.0034654 0.2551621 0.2268785 -0.0255635 0.0680187 -0.0318795 0.2222826 0.1467561 0.2560068 0.3102199 0.1139169 0.2637133 0.3898233 0.1704409 0.5158120 0.4807640 0.6287874 0.2461228 0.6043511 0.1701006 0.1318439 0.2213088 0.3470301 0.3516721 0.3851961 0.4698579 0.3735096 0.0318500 0.4430157 0.0800386 -0.2421019 0.0032021 -0.3458500 0.0128943 -0.1365707 -0.1457134 -0.3669457 -0.3227068 -0.0884714 -0.3532694 -0.1252616 0.0868302 0.2965148 -0.2863659 -0.2403417 -0.2454669 -0.3039874 -0.0358188 0.2996041 0.0739650 0.2827832 -0.1693119 -0.3839361 0.1816705 0.4196493 -0.0858903 -0.1518073 0.0098544
0.3465802 0.4130324 0.0122650 0.7626089 0.0307335 0.8391094 0.6682369 0.4539324 0.7434358 0.0000000 0.5091147 0.6128205 0.0845933 0.6610430 0.5821873 -0.0138501 0.3328096 0.6353921 -0.0770634 0.0836971 0.5018549 -0.0155626 -0.0422532 0.5920967 -0.2250377 -0.2238791 0.1525159 0.5947927 0.5161078 0.4679377 -0.0774222 -0.4130335 0.7085617 0.6188970 -0.2753851 0.3929019 -0.2830218 -0.1949767 0.4423603 0.1609497 -0.0648179 0.4967805 -0.0831396 0.4891831 0.5400798 -0.2843383 -0.2820063 -0.1462650 0.7364526 -0.2868089 -0.1346777 0.1648511 0.7167488 -0.0512726 -0.2640603 -0.2558254 -0.2155029 0.1199330 0.3403605 -0.0807455 0.5580577 -0.0085903 -0.1070089 0.6563349 0.5920007 -0.1098327 -0.0096411 0.0104802 -0.0137626 0.3225147 -0.1740788 0.6129680 -0.1444024 0.3257365 0.0159286 0.5145052 0.4458203 0.0345100 0.3878138 0.3188898 -0.3218592 -0.1568034 -0.3285448 -0.3553057 -0.4956775 -0.1885273 -0.2736210 0.0264446 -0.1792153 -0.0881525 -0.0733492 -0.0577583 -0.1756973 0.0333573 -0.1877429 0.0625993 -0.0288276 -0.1333260 0.1455728 0.0278339 -0.0132709 -0.2807531 -0.0314169 -0.1355352 0.0602091 -0.1478588 -0.3711792 -0.1530261 -0.2904741 -0.2410945 0.0430402 -0.4405150 -0.1125658 -0.1414504 -0.2387697 -0.0788253 -0.0696732 -0.0533378 0.0196363 -0.2120528 -0.1181562 -0.0719813 0.3374557 0.2392704 -0.1607617 -0.3365335 0.0716322 0.3368645 -0.1503666 0.3812998 0.1575622 0.1008700 0.3640380 -0.1090911 0.0959281 0.0732265 0.1285525 -0.0066098 0.3264245 -0.2677387 0.3882532 -0.2898406 0.0758330 0.0071312 0.1219599 0.2054695 0.3832449 0.3399456 -0.0242804 -0.1957532 -0.1875401 0.0692411 0.3488563 0.1268327 0.3507441 0.0979622 -0.0426330 0.1781295 0.0044452 -0.3071807 0.1954732 0.2723532 0.3295645 -0.3448966 0.1920134 0.1690050 0.2242959 0.0835706 0.0871131 0.1808492 0.1969389 0.1833382 0.2310307 0.2448372 0.4641903 0.4429925 0.3682804 0.1661578 0.3224195 -0.1114182 -0.0888474 0.0466777 0.2574534 0.2027681 0.3340416 0.3090171 0.3944934 0.1668283 0.3045256 -0.0650426 -0.2947282 -0.1549211 -0.3254620 -0.2237334 -0.3035331 -0.3433052 -0.4463858 -0.3682508 -0.3002217 -0.5410589 -0.3898057 0.2490344 0.4160505 -0.2629027 -0.1667413 -0.3341902 -0.4375153 -0.0812992 0.1701993 -0.0564243 0.3829624 -0.1463909 -0.1601541 0.0585224 0.2572340 0.0930920 0.1247435 0.2464242
0.0274849 0.0812665 -0.1095090 0.3213367 0.1087910 0.4876655 0.5527503 0.3353800 0.2229492 0.5091147 0.0000000 0.2819765 0.1570522 0.2397614 -0.0498340 0.7516507 0.6134079 0.0844874 0.6741234 -0.0426195 0.1432622 0.3130280 0.6279647 -0.0324703 0.5208025 0.4200766 0.4350037 0.0102722 -0.0099988 0.2958201 0.1209119 0.3941505 0.0682388 0.0425145 0.4444420 0.1059141 0.4787053 0.3495509 0.4948054 0.3509406 0.3575638 0.2285938 0.5981941 0.4351969 0.1122861 0.4438805 0.5027556 0.2651620 0.2150625 0.1511313 0.5106637 0.6498069 0.2063069 0.3744892 0.2229840 0.2438831 0.4392464 0.3972080 0.0998380 0.5640046 0.1455914 0.6219160 0.2881344 0.5311255 0.2289760 0.3558479 0.6744166 0.4774820 0.4026205 0.4637379 0.3106539 0.2885035 0.4316352 0.1403537 0.3320502 0.2759504 0.0619880 0.2319416 0.2449221 0.0670455 0.2198944 -0.4304014 -0.2915815 -0.0269845 -0.0707141 -0.1449611 -0.3089625 -0.2879580 -0.0438288 -0.1891914 -0.3037185 -0.2420508 -0.4616857 -0.1862930 -0.1800835 -0.4454654 -0.2320569 -0.3341201 -0.2050272 -0.0319981 -0.5633486 -0.1864229 -0.3243965 -0.2551086 -0.3130829 -0.1696545 -0.0020189 -0.3069519 0.0352547 -0.4235733 -0.2028315 -0.0028570 -0.2246697 -0.2786556 -0.0252518 -0.2063910 -0.2364518 -0.1712539 -0.1870328 -0.1336214 -0.5311560 -0.5161682 0.1998747 -0.2576246 0.0331898 0.2319247 -0.2035838 0.0844685 0.0823795 0.0980669 -0.0370247 0.0614235 0.0076922 0.0279516 0.2503566 0.1292815 0.0257392 0.0491123 0.0058266 -0.0002014 0.3750936 0.0238776 -0.0078994 0.1283717 -0.0564986 0.2576087 0.1009695 0.1702598 0.0670199 -0.0804913 -0.0687980 0.2481931 -0.0412466 0.2325641 -0.0887994 0.2220009 -0.0407842 0.0243417 -0.1247515 -0.1150206 -0.1508223 0.0476990 0.3660938 -0.1215936 -0.2329553 0.2655190 0.2159195 0.1549229 0.1262622 0.1052502 -0.0199824 0.1479195 0.1552229 0.3278798 0.4472682 0.2654226 0.2069084 0.1974982 0.1160367 0.1096227 -0.0003914 0.0926544 0.0885829 -0.0190836 0.0407067 0.1155484 0.0997061 0.0623523 0.0526030 0.1080390 0.0605163 0.1435681 0.2732724 0.0837397 0.1467684 0.2027447 0.1184660 0.2770617 0.2217197 0.1616513 -0.0787161 0.0399677 0.0490083 0.0522613 0.0756607 0.3377907 0.2144276 0.1909670 -0.1349490 0.2217251 0.1869103 0.2354585 0.1618069 0.2233210 -0.0693639 0.2881011 0.2934477 0.3309803
0.3329237 0.8778148 0.2878668 0.8287340 0.1047483 0.8852095 0.6350277 0.7481709 0.8121149 0.6128205 0.2819765 0.0000000 0.2752164 0.4619991 0.7241006 -0.0787423 0.1433851 0.6513427 -0.0716732 0.0706577 0.9433660 -0.0047494 0.0225122 0.6045550 -0.3052803 -0.1546932 -0.0398119 0.4807558 0.7812642 0.0177768 -0.0220098 -0.4744901 0.5253417 0.7218399 -0.0463516 0.6425897 -0.2723684 -0.1700830 -0.0516875 -0.1079164 -0.3513191 0.7500568 0.0448680 0.3019860 0.6345987 -0.1381930 -0.2090917 -0.3227494 0.5041381 -0.1410834 0.0226432 -0.0415087 0.7678035 -0.0405419 -0.1792194 -0.0907717 -0.1506472 0.0044868 0.5317153 -0.0543927 0.7745896 -0.0824468 0.0328648 0.6597153 0.8002870 -0.1683785 0.0906663 -0.0660666 0.0324357 0.3712989 -0.0793117 0.6858768 0.0141144 0.6078277 0.2027056 0.6868579 0.7603841 0.2945329 0.7334340 0.6018693 0.1419962 -0.0772541 -0.2999986 -0.2129594 -0.4328690 -0.3712400 -0.5225343 0.0240169 -0.3425504 -0.1442148 -0.2360936 -0.2645784 -0.1737346 -0.0342028 -0.4234158 0.0314103 -0.0876895 -0.1087280 -0.1543658 -0.0146371 -0.0727754 -0.3049309 -0.1183525 -0.1781391 0.0774366 -0.3045589 -0.3244980 -0.1293910 -0.1167514 0.0187800 -0.1856301 -0.1767546 -0.1356013 -0.1213309 -0.2536891 -0.1761847 -0.1692968 -0.0804393 -0.0913059 -0.1628820 -0.1302883 -0.1728961 0.3201396 0.2042184 0.0957403 0.0383702 -0.0726692 0.4436907 0.2330091 0.5209785 0.4165078 0.3389521 0.3043704 -0.0257560 0.5764858 0.1260989 0.4109310 0.3766001 0.5596649 0.2663437 0.1187846 -0.0370153 0.5728043 0.1181841 0.4366460 -0.1573993 0.3759943 0.5046137 0.3669977 -0.0307592 -0.0384500 0.1241741 0.2388292 -0.1907917 0.0594653 -0.4205072 0.2513821 -0.1731798 0.3842810 0.1116968 -0.2199220 -0.0417248 -0.0013489 0.2745653 -0.2806273 -0.2464874 -0.0521866 -0.1278814 0.1628331 -0.0238849 -0.3246274 -0.1138884 0.5303303 0.2948354 0.6875852 0.6465631 0.9132693 0.4608126 0.8440917 0.5876098 0.5457409 0.5676969 0.6106227 0.6222671 0.5273853 0.6794453 0.4466910 0.1836913 0.5389840 0.1461432 -0.2616927 0.1746536 -0.3112443 0.3582037 0.0877544 0.2616796 -0.1338427 -0.2683842 0.1901729 -0.1223683 -0.1176903 -0.0914606 0.4228767 -0.0664346 -0.1970032 -0.0844336 -0.0682730 0.0068498 0.3243570 0.1977539 0.4894173 0.1751819 -0.2648332 0.4712581 0.5633662 0.0170514 0.0145049 0.1698602
0.1984914 0.1326596 0.8501419 0.3558262 0.9288657 0.0922486 0.0642862 0.7742711 -0.0119896 0.0845933 0.1570522 0.2752164 0.0000000 0.0531092 0.0263578 0.2986361 0.3761291 0.1683575 0.3281176 0.6435558 0.2571271 0.7869012 0.2537168 -0.0789366 0.1521309 0.3110205 0.2323839 0.1438605 0.0503841 0.0224385 0.7274758 0.2227632 -0.1134028 -0.0215556 0.3013368 -0.0017985 0.3142259 0.6617342 0.0898717 0.0101837 0.2001760 0.0376648 0.3182053 -0.0805151 0.2116617 0.4249150 0.2717423 0.4970033 -0.0087686 0.4886621 0.1958522 0.2993655 0.3269370 -0.0067228 0.7334868 0.6578469 0.5186114 0.0537406 0.0167617 0.2421059 0.3839123 0.1310508 0.8167408 0.5763750 0.6006186 0.5464164 0.1926479 0.0150424 0.8029505 0.4591492 0.3821862 0.5516181 0.2839328 0.8184104 0.8125749 0.5567105 0.6306874 0.6001666 0.6281477 0.8331787 0.4510292 -0.2186452 0.0299272 0.0409296 -0.2878895 -0.0667246 -0.3862847 -0.6325259 -0.1045284 -0.0821220 -0.2714244 -0.3433623 -0.1861358 -0.2828397 -0.0922794 -0.3610131 -0.3007795 -0.1811195 -0.0544624 -0.5192272 -0.2298990 -0.1242723 0.1026757 -0.5028771 -0.4946118 -0.5635695 -0.1387913 0.0368774 -0.3226484 0.0331122 -0.4912028 -0.1623060 -0.0200137 -0.0512849 -0.0696902 -0.1382242 -0.1125894 -0.2281096 -0.1535446 -0.3640246 -0.3236196 -0.3403433 -0.2414626 0.0685021 -0.3030880 -0.0707738 -0.3732707 -0.2111038 -0.1694246 0.0269511 -0.1665024 0.0477630 0.0254974 -0.3460351 0.4831070 -0.4785497 -0.0594052 -0.2208767 -0.1137373 -0.0751087 0.0027473 -0.3293445 0.2809665 -0.2195165 -0.0882161 -0.2722236 0.0075229 0.3420464 0.4636935 -0.2039075 -0.4298141 -0.1112531 0.1946491 -0.0410490 -0.0612977 -0.4148263 0.2082678 0.2402874 0.2841588 0.0198480 0.0570749 0.0267645 -0.2724610 0.2778483 -0.1287429 -0.0094826 -0.0877217 0.0404966 0.1509543 -0.1502888 -0.2300671 -0.1234939 -0.1517599 0.1311954 0.1611709 -0.0579245 0.4733529 0.5334000 0.3464340 0.1800529 0.0400122 -0.0727031 -0.0371438 0.0918097 0.0722581 0.6109073 0.4514002 0.8530032 0.6523475 0.2822820 -0.3767382 0.3991660 0.0336452 -0.1507790 -0.1042714 0.0908229 0.0369424 0.2660769 0.5808871 -0.0053539 0.1895994 0.2226122 0.3079044 0.4151682 0.2953476 0.3130671 0.0623075 0.5614148 0.1426500 0.4510242 0.3110631 0.2911847 0.6144537 0.8140073 0.6337745 0.4512039 0.6899185 0.5319270
0.2663534 0.4743362 0.2504676 0.6001375 0.0754309 0.5536756 0.3663091 0.3232935 0.5926793 0.6610430 0.2397614 0.4619991 0.0531092 0.0000000 0.6660201 -0.0936561 0.2724002 0.9203226 -0.2311591 0.2401647 0.4774720 -0.1208810 -0.0702704 0.8496920 -0.1945914 -0.1079928 0.4759439 0.9132181 0.5393958 0.8022960 -0.0489009 -0.2483253 0.8230077 0.6948869 -0.1902407 0.3366649 -0.2280914 -0.1005219 0.6196846 0.5736452 -0.1044261 0.4154132 0.0106745 0.5785446 0.4293281 -0.1178687 -0.1685501 -0.0247649 0.6033876 -0.3435666 -0.1026824 0.2912172 0.4772842 -0.0472833 -0.0732919 -0.1519304 -0.1958424 -0.0211791 0.1755572 -0.1078741 0.3124194 -0.0688654 -0.0913112 0.4148131 0.3881989 -0.1703526 -0.0642667 -0.1083167 -0.0802878 0.0141559 -0.1026997 0.2970564 -0.2052244 0.1673171 -0.1017765 0.3515050 0.2840665 0.1527248 0.4309491 0.1965820 0.0405238 -0.1471303 -0.3795907 -0.3911275 -0.4324076 -0.3073029 -0.4173388 0.0312111 -0.5021911 -0.4040572 -0.3979637 -0.4250534 -0.3590383 0.1534573 -0.6300859 -0.2798816 -0.3112554 -0.3596363 -0.2620240 0.0252406 -0.0828312 -0.2096765 -0.2002869 -0.3038555 -0.1554618 -0.4627944 -0.4594147 -0.2396796 -0.2775276 -0.1634369 -0.2962676 -0.3773950 -0.0282251 -0.1738559 -0.0133117 0.0461918 0.0178118 0.1176063 0.2003451 0.0032993 0.1492270 -0.0905051 0.1347386 0.5453072 0.0335390 -0.0901401 -0.0411928 0.5696494 0.1096988 0.5152932 0.3535432 0.6512130 0.3292972 0.1853644 0.1966900 0.3200789 0.3851174 0.1691660 0.3730714 -0.2873118 0.0580962 -0.1931496 -0.0123969 0.1771889 0.4155504 -0.1899574 0.4580838 0.3950322 -0.0692983 -0.2428284 -0.3802250 0.3718808 0.2235359 -0.1641214 0.1646799 -0.1059522 -0.1631001 0.0624805 -0.0681606 -0.4050537 -0.0889873 0.0453606 -0.0663382 -0.3323394 -0.0240298 -0.0014379 -0.1396671 -0.1483259 -0.1221231 -0.1325634 -0.0734557 -0.1502446 0.4157150 0.3648562 0.5167724 0.3457881 0.3140775 0.1068253 0.2749732 0.0526121 0.0918208 0.1422084 0.1836114 0.1806331 0.1820529 0.2693515 0.1765848 0.0217552 0.0899904 -0.0629047 -0.2861005 -0.0239433 -0.1821981 -0.0366836 -0.1872102 -0.1454920 -0.2531551 -0.2575595 0.0200431 -0.3160734 0.2151149 0.3177780 0.3310699 0.1228866 0.1195861 0.0030840 -0.2473770 0.2063310 0.6325951 0.2954644 0.3273697 -0.0926121 0.0398693 0.1160399 0.1543319 0.3470370 0.0101979 0.3037359
0.2850788 0.7187530 0.2245108 0.7089030 0.0457025 0.6810111 0.3745944 0.4139300 0.8465333 0.5821873 -0.0498340 0.7241006 0.0263578 0.6660201 0.0000000 -0.3260057 0.1143236 0.8012980 -0.4089885 0.2916040 0.7890742 -0.2177978 -0.1994436 0.9178474 -0.4458644 -0.1844181 -0.1403294 0.8023008 0.8934953 0.3537779 -0.0354859 -0.5498853 0.8801356 0.9484978 -0.1648386 0.5609321 -0.3822498 -0.2782859 0.1158981 0.1005308 -0.2947588 0.6178192 -0.0564669 0.4769892 0.6440736 -0.2420439 -0.3037613 -0.3102967 0.7237567 -0.1807842 -0.0277486 0.0047799 0.7022023 -0.0070925 -0.2659601 -0.1236581 -0.2481293 0.0591258 0.2500724 -0.1193107 0.5797007 -0.2173631 -0.0821006 0.4486982 0.5740069 -0.1244196 -0.1402904 -0.2377559 -0.1678080 0.1211507 -0.0124807 0.4624615 -0.0876874 0.3405751 -0.0724659 0.5162374 0.5606241 0.3030465 0.5946389 0.3624739 -0.0112045 0.2120764 -0.1288490 -0.2275653 -0.3787922 -0.1807427 -0.3385432 0.3707448 -0.3531200 -0.0706551 0.1117973 0.0048086 0.0477230 0.0827761 -0.5154473 0.2296550 0.1706619 0.0203209 -0.1651913 -0.1179776 0.2033816 -0.0623399 0.1007828 -0.2387243 0.3602548 -0.3682889 -0.2877904 -0.0812444 0.0067932 0.1674687 -0.0252172 -0.2795502 -0.0268996 -0.1002554 -0.2519071 -0.0709137 -0.1036315 0.0112072 0.0513731 -0.0664699 0.1604821 0.0129224 0.2250129 0.6404336 0.2136950 -0.1398655 0.0972557 0.3730664 0.2426986 0.6900492 0.5748648 0.3090837 0.3688456 0.0965996 0.2980788 0.2233709 0.4735035 0.3881339 0.5686239 -0.0550943 0.0896547 -0.0646719 0.3430521 0.1365948 0.5194126 0.0441818 0.4829764 0.4890361 0.2107634 0.0867549 -0.1476227 0.2325630 0.4547932 -0.0625465 0.3712480 -0.2180291 0.2589465 0.0441262 0.4225184 -0.0750186 0.0488229 0.2078830 0.0139120 0.0188478 0.1188721 -0.2215807 0.0447469 0.0328825 0.2312357 0.1775558 0.0100526 0.1329677 0.2059455 0.0218324 0.4321377 0.3480085 0.5347234 0.0510545 0.5839833 0.2128712 0.1070242 0.2386847 0.2946522 0.3966298 0.3094199 0.4604989 0.3253627 0.0341576 0.2721351 -0.0990202 -0.2529588 -0.0855715 -0.5010308 0.0249999 -0.1136452 -0.1740545 -0.3540298 -0.4542415 -0.0521812 -0.3655393 0.0438260 0.1348969 0.3189706 -0.2808947 -0.0087044 -0.2186574 -0.2655872 0.0203905 0.5715304 0.1158103 0.3215625 -0.2253333 -0.2281678 0.1901173 0.3838986 0.0746618 -0.2586008 0.0728030
-0.3789352 -0.1944484 0.0929133 -0.0590841 0.3091681 0.0053956 0.2448752 0.1229709 -0.1832008 -0.0138501 0.7516507 -0.0787423 0.2986361 -0.0936561 -0.3260057 0.0000000 0.7009423 -0.2498177 0.8827093 0.1299489 -0.1515543 0.5657166 0.8504036 -0.3937023 0.7746220 0.8020029 0.4479335 -0.2464810 -0.2164829 0.1536690 0.3145742 0.8086805 -0.3449500 -0.2947209 0.7769958 -0.1762573 0.8735585 0.7289305 0.3743911 0.3917117 0.4568611 -0.0666114 0.8107164 0.2587980 -0.1503856 0.8533493 0.8766102 0.6073622 -0.1207518 0.6457110 0.7679372 0.8250317 -0.1792739 0.6358879 0.6345712 0.7004870 0.8576616 0.5818525 -0.1975703 0.8439212 -0.1771151 0.8607810 0.4860645 0.2670078 -0.0751593 0.7429367 0.9119319 0.6593093 0.6063619 0.4485256 0.7210394 -0.0686927 0.7218925 -0.0129653 0.6210803 0.1350927 -0.1491383 0.4300501 0.1243189 -0.0277348 0.4622306 -0.2207772 0.0357648 0.2449207 0.2098246 0.1032326 -0.2041467 -0.3198429 0.1125610 -0.0622600 -0.2961486 -0.2785531 -0.2930509 -0.0570430 0.0126519 -0.4872161 -0.1870908 -0.1988306 -0.2116818 -0.1311458 -0.4416050 0.1312080 -0.1694301 -0.3225843 -0.3406704 -0.2407761 0.3156307 -0.2635720 0.1689389 -0.1757496 -0.4124509 0.3034235 -0.2099804 -0.3110568 0.1060990 -0.2700385 -0.2992453 -0.2210079 -0.2489059 -0.0319969 -0.5050196 -0.6253614 -0.0799072 -0.2630142 0.1811152 0.4233935 -0.2577497 -0.1640536 0.1965546 -0.0023546 -0.1114390 0.0277211 -0.0549952 0.1193753 0.1323430 0.0203558 0.0055674 0.0328092 -0.1862848 0.0372213 0.1246560 0.1886504 -0.1727341 0.1314112 -0.1267959 0.1945181 0.0322431 0.1181706 0.0485272 0.0218266 -0.0048283 0.2438060 0.0094295 0.1571185 -0.0756406 0.1953986 -0.1466858 0.1580545 -0.1960368 -0.0955318 -0.0773754 0.1121340 0.1438940 -0.0814065 -0.1927801 0.2426661 0.0906668 0.1168498 0.0072067 0.0009435 -0.0670061 0.0750804 -0.0908006 0.3216841 0.2846707 0.0199033 0.0533818 0.2594323 -0.0386672 0.1393619 -0.0829629 -0.1006104 -0.2144710 -0.2912075 -0.2719571 -0.1207283 -0.1377504 0.0520039 -0.0079549 0.2737020 0.2272642 0.3805094 0.5940560 0.1631328 0.3014364 0.3819694 0.4381137 0.6630027 0.4549671 0.5024512 0.3120925 -0.1029264 -0.1302194 0.3967286 0.4195727 0.6436041 0.5258525 0.4996473 -0.2750826 0.3210154 -0.0654542 0.4010563 0.5239250 0.3941889 -0.0925375 0.3013677 0.4051971 0.3936048
-0.4486953 0.0083850 0.1638723 0.1727821 0.3552163 0.2519743 0.4097641 0.2346183 0.1584835 0.3328096 0.6134079 0.1433851 0.3761291 0.2724002 0.1143236 0.7009423 0.0000000 0.0986878 0.5640416 0.2827916 0.1139968 0.6330795 0.7856115 0.0103466 0.5404715 0.6979363 0.4449528 0.1646510 0.2159035 0.4554692 0.3538820 0.4570939 0.1269866 0.1503309 0.5775352 0.0044347 0.6122412 0.5716122 0.6500922 0.6343629 0.3884574 0.1690306 0.6523618 0.6943883 0.1797940 0.6714893 0.6112819 0.4723891 0.4232658 0.5895873 0.6163403 0.8744440 0.2061937 0.7392894 0.4928595 0.6561042 0.6999480 0.7575179 -0.2871721 0.7186945 -0.0188231 0.7265541 0.5135724 0.6076147 0.1641545 0.6889266 0.7273636 0.6404921 0.6376249 0.7561939 0.6157951 0.3000233 0.6347198 0.1682194 0.6072071 0.5003475 0.1773652 0.4854679 0.3433545 0.2354606 0.2442983 -0.3464837 -0.2148362 -0.1543786 -0.1965867 -0.0781057 -0.2561917 -0.4194669 -0.0091916 -0.0801925 -0.2726417 -0.3072324 -0.3984094 -0.1359500 -0.1095344 -0.3982766 -0.1560441 -0.4655663 -0.2048515 -0.3557152 -0.4800442 -0.0539009 -0.2598987 -0.5711347 -0.2434878 -0.4229779 -0.0248820 -0.5523983 0.0954359 -0.3581047 -0.2899317 -0.0358750 -0.4740570 -0.6306342 -0.2732222 -0.5443132 -0.5904398 -0.4119150 -0.4796283 -0.2396159 -0.5902800 -0.8319513 -0.1508376 -0.0069048 0.1967603 0.2958748 -0.3940348 -0.0191350 0.2836828 0.2289758 0.1891453 0.0706300 0.1600898 0.3098496 -0.0469938 -0.2160296 0.3186442 0.1777035 0.2181625 -0.1307504 0.0419913 0.1453260 -0.3733021 0.3156295 0.2062857 0.0815560 0.4300990 0.4107698 -0.2109469 -0.1961285 -0.3644721 0.4506688 0.1156980 0.1652721 0.0824127 0.1265644 -0.1976778 0.2084526 -0.1487982 -0.4681899 -0.0930817 0.1218227 0.0823814 -0.3265272 -0.1085436 0.2116817 0.1506359 0.0710935 0.0328696 0.0570085 0.0858376 0.1154076 -0.1817946 0.3257953 0.4563106 0.1986883 0.1978228 0.3408034 0.1186350 0.0499063 -0.2242551 -0.2451491 -0.2897980 -0.2894374 -0.3251365 -0.0256238 -0.0950143 0.1309991 0.1519204 0.3117020 0.0442287 0.3582415 0.2678763 -0.0747397 0.1611268 0.1024903 0.2028605 0.3586134 0.2636990 0.1735229 0.1645425 0.2312880 -0.1728796 0.4012089 0.5751015 0.3704556 0.2777593 0.6704833 -0.0238770 0.3157119 -0.0632570 0.3546437 0.5977947 0.5423628 0.2325460 0.5119138 0.4702353 0.6581538
