0.0000000 0.4093787 0.3725774 0.1396930 0.0051024 0.2943787 0.3802177 0.4326463 0.3759558 0.2579893 0.2712018 0.2096191 0.4644637 0.2973336 0.5462072 0.5036792 0.1547258 0.2621324 0.5843824 0.4098787 0.2281051 0.5506532 0.5280353 -0.1580541 0.5207900 0.3092723 0.0507810 -0.1425039 -0.3687034 -0.1012625 0.4860011 0.2687928 -0.4494742 -0.5312913 0.5455905 0.0105576 0.2087117 0.3907430 0.1265475 0.1319156 0.1959050 -0.2316500 0.3313010 -0.1408946 -0.0367550 0.1449689 0.2208941 0.1295160 -0.5232566 0.1302823 0.1283793 0.3015171 -0.5245111 0.2852913 0.0157798 -0.0534162 0.0660635 -0.1895803 0.1648560 0.0046614 0.1734591 0.3667070 -0.3339105 -0.1975092 -0.1774469 -0.0327444 0.2580993 0.1300548 -0.0422727 0.3635429 0.1582623 0.0636041 0.3240495 0.1832348 0.1892192 0.2577008 0.3434556 0.3832833 0.1443308 0.4852554 0.2434704 -0.0599522 -0.3281892 -0.3800961 -0.5655166 -0.4869973 -0.3912773 0.2010552 -0.2846247 -0.1420591 -0.5248829 -0.5877347 -0.3417566 -0.0619367 -0.7004248 -0.5302984 -0.5063521 -0.3035792 -0.5939040 -0.0619119 -0.0480915 -0.3281005 -0.4007117 0.0180876 -0.2876615 -0.3615758 -0.4118399 -0.2007040 0.0847192 -0.2519146 -0.0844623 -0.1672730 -0.0726078 -0.0796172 -0.0681786 -0.1201044 -0.1045200 -0.2727619 -0.2431760 -0.2129118 -0.2243005 -0.1384454 -0.2594941 -0.2684285 -0.2181192 -0.2788001 -0.2470562 -0.3881013 -0.2073530 -0.2808391 -0.2667109 -0.3603517 -0.2807201 -0.2219642 -0.1703402 -0.1692094 -0.2808281 -0.5259467 -0.4151669 -0.1991568 -0.2080726 -0.3868936 0.0098837 -0.3113919 -0.3327301 -0.0188147 -0.4770610 -0.3004826 -0.2292002 -0.1854422 0.0499736 -0.4081980 -0.4749883 -0.0210656 -0.3499426 -0.1497126 -0.2124185 -0.2738003 -0.1197036 -0.1495908 -0.2399579 -0.1033185 -0.1706812 -0.4747894 -0.2489613 -0.2390059 -0.1216913 -0.2616547 -0.3574330 -0.3144563 -0.2828847 -0.2329551 0.6572417 0.3820695 0.4950442 0.4962404 0.4423542 0.4729629 0.1980965 0.1083012 0.0384984 -0.0428381 -0.1462274 0.0382756 0.2608708 0.2456215 0.4759131 0.2849357 0.6313008 0.3637795 -0.0844277 0.4105546 0.7445400 0.0667650 -0.1524056 0.1199155 0.1984512 0.5186155 0.4429842 -0.0834217 0.0973384 -0.0503584 -0.3037949 -0.0662615 -0.2516893 0.1507976 -0.1855776 0.0336896 -0.0329739 0.1917898 -0.2123992 0.2626541 0.3125227 0.2457734 0.5236955 0.0359325 0.2233965 0.4022621
0.4093787 0.0000000 0.4707436 0.2710197 0.0479010 0.4087646 -0.1487716 0.3277257 0.2598520 0.1569266 0.0802067 -0.0375380 0.2459028 0.3164861 0.6044658 0.5043890 0.2268729 -0.1018894 0.3894940 0.2090740 0.5866838 0.5298988 0.4545508 -0.1530394 0.6068619 0.1921646 0.3946132 -0.1944074 0.3455191 0.1382468 0.3940310 0.2275932 -0.3115289 -0.2160879 0.1931216 0.5767992 0.1342626 0.1844366 0.2425564 -0.2657628 0.1336016 0.2897411 0.3086452 -0.1571224 0.1968596 -0.1104246 0.0070998 0.0724514 -0.0472096 -0.1033582 -0.1460082 0.0197895 -0.0517182 -0.1162634 -0.1974432 -0.3563706 0.1158899 0.2530781 0.2617573 0.0039228 0.1859331 -0.0232611 -0.3357291 0.3798608 0.1532056 0.1877110 0.0631834 0.2917193 -0.3155513 0.4473794 0.1537344 0.1188366 0.3473368 0.3896903 -0.3363216 0.5262754 0.4846170 0.3358859 0.4800076 0.4496998 0.5576261 0.1477474 -0.1024609 -0.1770417 -0.3070584 -0.3787115 -0.5563661 0.3938120 -0.2152783 0.0466286 -0.1465015 -0.2570026 0.1315363 0.1291380 -0.2554748 0.0354201 -0.0846637 0.2072114 0.0528782 0.0810412 0.0416431 -0.2698576 -0.1386233 0.3301128 0.1421285 0.2447284 0.0029623 0.1122989 -0.0551144 0.0075300 0.1061171 0.1658286 0.1636311 0.0752381 -0.0164735 0.0126895 0.1592413 0.1158100 0.1080693 0.3327524 0.4783814 0.5138167 0.2945466 0.3535666 0.1239026 0.3028869 0.5953603 0.1454103 0.3021164 0.2852086 0.1814908 0.3251917 0.2042494 0.2020681 0.0450835 0.1702588 0.0687673 0.0328950 0.1005504 0.4604877 -0.0245223 0.2792427 0.3239357 0.2679773 0.0503357 0.1696167 0.1410749 0.0050114 0.0906477 0.3741586 0.5801236 0.1373458 0.2084294 0.0268000 0.0515496 0.0910196 0.1443431 0.0087441 0.2403723 0.3792892 -0.0017517 0.3188663 0.2020260 0.1385923 0.0496446 0.0900238 -0.0254498 0.0097946 -0.0854329 -0.1299178 -0.0160295 -0.0261747 0.3915126 0.4827450 0.8345373 0.1512172 0.3698109 0.0647295 0.7151096 0.5348526 0.3043567 0.3395872 0.1866179 0.4280478 0.2764572 0.1436583 0.0486005 0.3050817 0.4221675 0.0440175 0.3481149 0.1900106 0.2611667 0.3911556 0.2884240 0.4147319 -0.3133542 0.1370740 0.4113547 0.2812113 -0.3087539 -0.1995145 -0.3069553 -0.0128800 -0.1323412 0.5140188 0.0416156 -0.2372609 -0.4114838 -0.3781157 -0.1353609 0.2796516 0.2150628 0.4681615 0.2368620 0.0649646 0.0332540 -0.1274656
0.3725774 0.4707436 0.0000000 0.2507957 0.5891415 0.7770309 0.4721270 0.5294087 0.3983992 0.1338991 0.3477493 0.5432737 0.6534668 0.2956407 0.4143419 0.3504941 0.1845543 0.6581378 0.1621677 0.4266644 0.3479486 0.2702402 0.5919039 0.0188963 0.1120989 0.4231732 -0.0639652 -0.0238835 0.0602271 -0.3696097 0.4517097 0.2015237 -0.1371677 0.1150692 0.2613731 0.0742310 0.2455809 0.3496039 0.1276310 -0.0088548 -0.0128181 0.0623830 0.2406515 -0.0218321 0.4191558 0.2337011 -0.0942921 0.2774878 0.2763411 0.2928844 -0.1649884 0.3800853 0.3691178 0.2800816 0.2276577 0.2034383 0.2268157 0.3869646 0.0895863 -0.1298189 0.4104521 0.2361107 0.1091888 0.5359876 0.5512179 0.3018139 0.0480016 -0.1186836 0.2264302 0.4082412 0.0117748 0.6450799 -0.1103699 0.5461340 0.2205295 0.2372991 0.5437716 0.2821194 -0.1540983 0.3895099 0.1265541 -0.2244258 -0.0787768 -0.0538725 -0.2441585 -0.1522168 -0.1743192 -0.1538842 -0.3531591 0.0499597 -0.5313089 -0.3523598 -0.3474338 -0.2941598 -0.4525559 -0.2925063 -0.3000097 -0.2335360 -0.2845965 -0.2618300 -0.1190702 -0.0722126 0.1110755 -0.2472421 -0.0857268 -0.1493876 -0.1256421 0.0824092 -0.0668834 0.1975853 0.0891968 0.0833828 -0.0483269 0.0178220 -0.0365490 -0.2191791 -0.0652512 -0.1960443 -0.1169593 -0.3250043 -0.0279520 0.1262888 -0.1326441 0.0552421 -0.2790568 -0.2738810 0.1138043 -0.2837717 -0.1330505 -0.1006787 -0.2107990 0.0669274 -0.4859591 -0.0539356 0.2261623 0.0445007 -0.2516309 -0.3969031 -0.3151846 0.0946790 -0.0153042 0.0908136 0.2536087 -0.1697499 -0.1561286 0.1854739 -0.2497042 -0.1533028 0.0539255 0.2401303 0.2597881 -0.1140134 -0.0806894 0.1387370 -0.1561662 0.0656298 0.0560043 0.0185502 0.1140338 0.0019735 0.0259899 0.0890521 0.0172351 -0.3497328 -0.0317530 -0.0569494 -0.1619164 -0.0715092 -0.3859239 -0.3177271 -0.1874278 -0.0949800 0.0537314 0.6495767 0.3517292 0.4330361 0.4078013 0.1721094 0.3216760 0.2635139 -0.0044702 -0.1153984 -0.1315881 -0.0431231 0.1671651 0.4274894 0.4435145 0.4707711 0.6387556 0.4430181 -0.1467133 0.4688674 0.5540667 -0.0791335 -0.3634901 -0.0817518 -0.0739430 0.3490552 0.1087180 -0.2436664 0.2728212 -0.4510525 -0.1340819 -0.0562151 0.0501850 0.0031419 -0.2082943 0.4220932 0.3328030 -0.1928726 -0.0225339 0.3832177 0.2145400 -0.2897455 0.0915366 0.4004201 0.5325480 -0.1108338
0.1396930 0.2710197 0.2507957 0.0000000 0.3308724 0.4880533 -0.0126476 0.6780837 0.6423697 0.4823904 0.6549108 0.4109594 0.4379995 0.4736920 0.2980722 0.6215231 0.5114069 0.0491431 0.4286673 0.4080107 0.7175235 0.5605938 0.5311088 -0.2764858 0.4784906 0.2663266 0.5460183 -0.1906658 0.4165464 -0.0430047 0.5929007 0.5004506 -0.3168469 -0.1878697 0.1730535 0.1879064 0.0694287 0.5175021 0.6190291 0.2608714 0.3087365 0.0373370 0.5028965 0.3106490 0.4166284 0.3612322 0.2242791 0.4667330 -0.0152988 0.2346391 0.1794460 0.5200521 0.0604770 0.5172022 0.3327836 0.2461411 0.2721029 0.4198080 -0.0006333 0.2301146 0.5100858 0.4960375 0.3479801 0.5525606 0.5924681 0.0867814 0.4896691 0.5226867 0.3947343 0.6435606 0.6235195 0.5079892 0.5572412 0.5430073 0.3623491 0.6280531 0.6261096 0.2904146 0.3732199 0.5032219 0.4266274 0.3423723 -0.0806147 0.1833189 0.1052014 0.1196701 0.0299989 -0.0318063 0.3777824 0.2417316 0.3395772 0.0584536 -0.1501203 -0.1961158 0.1521588 -0.1247253 -0.0932324 -0.0428447 -0.2484095 -0.2191644 0.2362984 0.0497110 0.0913408 0.0483146 -0.0960670 -0.2593490 0.0550635 -0.0320510 -0.1154717 0.0362315 -0.0857487 -0.1900579 -0.0961945 -0.1112355 -0.2529046 -0.1998634 -0.1865223 -0.0198752 -0.0687980 -0.0054087 0.0425934 -0.0650719 -0.0215969 0.0026011 -0.1473039 0.2165263 0.0012756 -0.2460544 0.1715269 -0.0604612 -0.1661445 -0.2093052 -0.2668581 -0.1910068 -0.1928199 -0.3231664 -0.1751367 -0.1032682 0.0297761 0.0908761 -0.4138576 -0.0539185 -0.1424279 -0.0602304 -0.1091073 -0.2656884 -0.2008486 -0.4044574 -0.2867229 -0.0408919 -0.0435456 -0.0949527 -0.1467293 -0.4859962 -0.2716917 -0.2825813 -0.3149349 -0.3170769 -0.2936328 -0.0264467 -0.3747536 -0.3275316 -0.2781333 -0.0999063 -0.3606839 -0.3076158 -0.5376976 -0.5180867 -0.4440531 -0.4231743 -0.4258343 -0.4926219 -0.2635156 -0.1268248 0.1656168 0.4422158 0.5861479 0.0555722 0.5209599 0.2199621 -0.0995432 -0.2637192 -0.1711969 -0.2070150 0.0026133 0.5135422 0.3350027 0.5838918 0.4907479 0.4575140 -0.1501621 0.2917799 0.2442311 -0.1325110 0.0934957 0.2302276 -0.0555061 0.2727167 0.5765784 0.2232285 0.0642292 -0.3292723 -0.1423369 0.0598685 0.2783959 0.3135331 -0.2359165 0.1627617 0.1182172 -0.0487914 -0.1478720 0.2233470 0.2822706 0.2725802 0.1798853 0.1569843 0.3009960 0.1496939
0.0051024 0.0479010 0.5891415 0.3308724 0.0000000 0.5332902 0.2635186 0.5563098 0.3055136 0.0899352 0.4782587 0.5249281 0.7219483 0.0240834 -0.2081496 0.4175802 0.3103505 0.3168500 0.2930892 0.3207368 0.2089457 0.0484190 0.4190545 -0.4113556 0.1480606 0.5193073 -0.1162715 -0.3613564 -0.1901093 -0.6581610 0.3431467 0.3548915 -0.2496662 -0.0159497 0.1069570 -0.1211469 0.2758678 0.6689185 0.3216393 0.2028279 0.1307225 -0.0620563 0.2879844 0.1817529 0.1348896 0.6250115 0.1203407 0.6137942 0.3109251 0.7548871 0.1140284 0.5862744 0.3713340 0.5128647 0.6575523 0.6965047 0.3662582 0.3803201 -0.0319660 0.1207740 0.3405512 0.3235152 0.6277595 0.4794820 0.5111350 0.4160932 0.1387203 -0.2059892 0.5350382 0.1412725 0.0151398 0.6818496 -0.2321827 0.5487473 0.3194682 -0.0456319 0.3271214 0.0872745 -0.3619985 -0.1037656 -0.2585229 -0.0095721 0.2985029 0.3779750 0.0428804 0.2151449 0.2576273 -0.3113970 -0.0806398 0.3642506 0.0035880 0.0272728 -0.4394177 -0.1396002 0.2070855 0.0793855 -0.0448751 -0.2258019 0.0952121 -0.1024239 0.1824137 0.2142981 0.5046601 -0.3261278 -0.0158348 -0.0232542 0.1166279 0.2377074 -0.1415691 0.3293192 0.2862947 0.0243401 -0.1222671 0.0165488 -0.0758046 -0.2584917 -0.2138619 -0.1793130 -0.1298383 -0.4327073 -0.2345186 -0.1342298 -0.2898875 -0.0888051 -0.2790801 -0.3801175 -0.1182264 -0.2626807 -0.2691651 -0.1956151 -0.3883159 0.2250962 -0.6619829 -0.0922386 0.3245686 0.0156105 -0.3154599 -0.3167498 -0.4547827 -0.0197409 0.0012269 0.0464963 0.1538451 -0.2307634 -0.2846806 0.1658643 -0.2907806 -0.1331686 0.0139591 0.0727919 0.0498111 -0.0959170 -0.1692994 0.0883313 -0.1886961 0.0332110 0.0161163 0.0496103 0.0816289 -0.0662955 0.0500866 -0.0236577 -0.0456881 -0.2137728 -0.1040208 -0.0186580 -0.2385083 -0.0378580 -0.2894363 -0.1749933 -0.1470597 -0.1585149 -0.3799281 0.0830244 -0.1379410 0.1118964 0.3449748 0.3082106 0.1782949 0.2887238 -0.0747788 -0.0934678 -0.1491254 -0.2771824 -0.0083826 0.5106002 0.5268913 0.4575888 0.4281503 0.1528784 -0.2652086 0.1541308 0.1036925 -0.0168649 -0.3663556 -0.1863459 -0.1999433 0.1161079 -0.2223503 -0.3969979 0.2783003 -0.6623610 0.3002319 0.2776943 0.2948980 -0.2547230 -0.5815918 0.6262107 0.4080709 -0.3452996 0.1685340 0.2084491 0.0662891 -0.4346139 -0.3338040 0.4898615 0.4239703 -0.0810984
0.2943787 0.4087646 0.7770309 0.4880533 0.5332902 0.0000000 0.5444754 0.6251137 0.6225105 0.4175950 0.4532890 0.6516169 0.5638043 0.4715087 0.4168529 0.4346070 0.4031642 0.5879205 0.2073314 0.4448484 0.6120148 0.3171134 0.6502010 -0.0187127 0.2414417 0.4707540 0.1983824 -0.0207844 0.3330438 -0.3534876 0.4621890 0.4837479 -0.1917261 -0.0243586 0.2886125 0.0952921 0.3223050 0.3823669 0.2925059 0.3135550 0.1766860 0.0551424 0.4563547 0.1198192 0.4154228 0.2845330 0.1125682 0.2904012 0.1274372 0.2857866 0.0337764 0.4886565 0.2178762 0.4226952 0.2107229 0.2033752 0.3488055 0.3421061 -0.0836144 0.0459575 0.4262842 0.3974237 0.1215697 0.4971950 0.5194751 0.3203851 0.1780070 0.1661935 0.3605375 0.4980942 0.1416001 0.6709166 0.1417077 0.4669568 0.2368196 0.3637306 0.5884987 0.3052449 -0.0651361 0.4947212 0.2268854 -0.0984541 -0.2004342 -0.0462862 -0.2219537 -0.1573684 -0.1333696 -0.1808171 -0.0839375 0.0305249 -0.1850971 -0.4417189 -0.3650990 -0.4300341 -0.2328742 -0.3988674 -0.4141382 -0.3852584 -0.2539502 -0.5264753 -0.2578664 -0.2300003 -0.0961112 -0.2942628 -0.3114946 -0.3257991 -0.2473688 -0.1421414 -0.2844253 0.0369272 -0.1666531 -0.2637212 -0.2396361 -0.0312029 -0.1443118 -0.2644166 -0.1129386 -0.1863394 -0.1820470 -0.4003445 -0.0372675 0.0000873 -0.2861710 -0.0705230 -0.1445844 -0.0912636 0.0223115 -0.3010840 0.0791457 -0.2037654 -0.2707350 -0.2094571 -0.4050670 -0.3404833 -0.1798669 -0.2773879 -0.2936538 -0.2329662 -0.1880334 0.0127656 -0.4008638 0.0241152 -0.1897757 -0.3132286 -0.1908952 -0.1036669 -0.2597710 -0.3441614 -0.2076682 0.1319618 0.1253402 -0.2360703 -0.0570176 -0.1912325 -0.3071349 -0.1847095 -0.3905375 -0.1824490 -0.3326941 -0.0187187 -0.2518052 -0.0293816 -0.2999664 -0.3961189 -0.2113992 -0.3226830 -0.5138655 -0.3598068 -0.6420117 -0.4192312 -0.4163185 -0.3785043 -0.0773231 0.5767627 0.3176691 0.7049034 0.6570452 0.1772156 0.5041145 0.1759082 -0.3078713 -0.2485334 -0.3374812 -0.2252670 -0.0416991 0.4521020 0.3322724 0.4350258 0.5616885 0.5504341 -0.4887653 0.5567715 0.5188493 -0.2927805 -0.2834985 0.0526352 0.1132131 0.5396233 0.4322038 -0.0278025 0.1282746 -0.4045915 -0.3621213 -0.2613067 0.1641621 0.1294585 0.1058271 0.5631522 0.3364875 -0.1109152 -0.4116900 0.5543334 0.5024255 0.0124732 0.3607062 0.5524987 0.5289993 0.1923718
0.3802177 -0.1487716 0.4721270 -0.0126476 0.2635186 0.5444754 0.0000000 0.2698295 0.4811472 0.5592145 0.4497588 0.7638379 0.3463694 0.4749935 0.1502290 0.0533125 0.2429042 0.5558117 -0.1475235 0.3988124 0.0417978 -0.0518840 0.3962015 0.2294267 -0.2491182 0.3130209 -0.0426495 0.1983976 -0.1603748 -0.3076228 0.3379590 0.1376333 -0.0396088 -0.0032832 0.4802837 -0.1568224 0.1662204 0.0490148 0.0982258 0.3861740 -0.0838221 -0.0969012 0.3314667 -0.0031694 0.2593987 0.1736382 0.1956810 -0.0320681 -0.0625264 0.1314249 0.1703570 0.3985358 0.0466911 0.4506192 0.1704240 0.1987709 0.0892339 -0.0177189 -0.1264581 0.0452113 0.3846290 0.3604975 -0.0789307 0.0692033 0.2791538 0.0798727 0.0886662 -0.0153354 0.2742860 0.2584033 0.0351345 0.5221757 0.0314484 0.3165924 0.4077397 0.1015368 0.4189760 0.2814286 -0.2176592 0.3845563 0.0924716 -0.4091069 -0.1713431 -0.1440068 -0.2345198 -0.0357515 0.1860350 -0.4440315 -0.3551708 -0.2065173 -0.5949243 -0.4592068 -0.5696113 -0.4677960 -0.5516158 -0.5680645 -0.4898086 -0.6225802 -0.2739280 -0.3125030 -0.3868531 -0.0862114 -0.0944909 -0.4417234 -0.4526750 -0.4250013 -0.4031085 -0.1951416 -0.2607765 0.0185952 -0.1884728 -0.2749688 -0.2095228 0.0853196 0.0266629 -0.1389478 -0.0634054 -0.2211728 -0.3019285 -0.5203098 -0.3954168 -0.3941192 -0.6350503 -0.3559907 -0.2168316 -0.4267964 -0.5257897 -0.4189375 -0.1519147 -0.4120281 -0.3005207 -0.4719377 -0.4551291 -0.4506985 0.0070525 -0.1281439 -0.2359160 -0.2046308 -0.2889875 -0.2692379 -0.1495309 -0.2674138 -0.1682583 -0.4023387 -0.1466786 -0.0075570 -0.2981434 -0.1931138 -0.2962523 -0.0578330 -0.1689410 -0.2774507 -0.2237786 0.0797888 -0.1500438 0.0120659 -0.3844339 0.0015805 -0.3041598 -0.1873936 -0.0269904 0.0082713 -0.2097967 -0.4547130 -0.0045906 -0.1313789 -0.2300694 -0.1502248 -0.4666767 -0.1248080 -0.0968981 -0.1215478 0.3407652 0.5863749 0.0946550 0.6685646 0.5472330 0.5680265 -0.0450655 -0.0743697 -0.2467914 -0.1874417 -0.3038485 -0.2704117 -0.0663037 0.4737669 0.4735469 0.3229617 0.5442825 0.5667582 -0.5092375 0.6867832 0.6762264 -0.2880754 -0.4318341 -0.1059512 0.4437144 0.6392303 0.3060275 -0.2428476 0.1521857 -0.2275578 -0.1546754 -0.2814104 -0.1249554 -0.1908246 0.1904769 0.8178674 0.3486850 0.3707837 -0.3644154 0.4457409 0.1791854 -0.2781334 0.4891706 0.5929511 0.4174833 0.3852841
0.4326463 0.3277257 0.5294087 0.6780837 0.5563098 0.6251137 0.2698295 0.0000000 0.7156196 0.4203754 0.7736986 0.4659195 0.8872757 0.4688063 0.4461489 0.8307966 0.5362928 0.3380599 0.6298864 0.4673264 0.5427256 0.6655932 0.5397738 -0.3153656 0.5065711 0.3623115 0.3670754 -0.2685854 -0.0518672 -0.2279059 0.6800976 0.4779772 -0.4205109 -0.3015724 0.1950236 -0.0597898 0.1389433 0.6409131 0.5419404 0.2475574 0.5762960 -0.2172272 0.3860037 0.0946769 0.1073703 0.4001218 0.0192239 0.5055202 -0.1533168 0.3389472 0.1315508 0.6640812 -0.0086844 0.5460928 0.2528952 0.2101461 0.1589406 0.1125611 -0.1463951 0.1593802 0.3003624 0.5353139 0.1798075 0.2303850 0.4367599 -0.0054708 0.4812592 0.1359681 0.1722908 0.3743288 0.2547181 0.6209097 0.2346573 0.5175573 0.2160335 0.2875367 0.5467572 0.0953856 -0.0977675 0.4268802 0.0749431 0.1714780 -0.0911800 0.0647889 -0.2107087 -0.1592477 -0.1327356 0.0239888 -0.0217091 0.0909602 -0.0835367 -0.2734002 -0.4398073 0.0259638 -0.1343469 -0.2892454 -0.3901405 -0.4724068 -0.2081202 -0.2486107 0.1894953 -0.2966142 -0.0065713 -0.0090801 -0.2819079 -0.2442388 -0.3145637 -0.0492229 -0.3823662 0.0037208 -0.1348963 -0.3492782 -0.2611948 -0.1176018 -0.2060580 -0.2997920 -0.2763923 -0.2275074 -0.2528767 -0.4623590 -0.2775555 -0.2513701 -0.3300805 -0.2502355 -0.3608443 -0.3745990 -0.1679845 -0.4377417 -0.2978887 -0.3664402 -0.4698724 -0.2305302 -0.5833251 -0.3052798 -0.0510491 -0.2748116 -0.4803591 -0.4783769 -0.5285213 -0.1065634 -0.3376411 -0.2196989 -0.2706474 -0.3505006 -0.4139010 -0.0858262 -0.4592757 -0.3548233 -0.4755998 -0.1012513 0.0338690 -0.2673998 -0.4282977 -0.2131702 -0.3680992 -0.1475255 -0.2971381 -0.2535228 -0.3156978 -0.1718762 -0.2377462 -0.2796699 -0.2421882 -0.4946470 -0.3472153 -0.2078493 -0.3907165 -0.3898405 -0.6273876 -0.4916870 -0.3814071 -0.4931227 -0.0740852 0.0998138 0.1394261 0.4800587 0.5432898 0.3976477 0.3205240 0.1109820 -0.1237213 -0.2811792 -0.3972143 -0.2807089 -0.1101593 0.4306168 0.3269177 0.4407276 0.6396991 0.2169950 -0.3220456 0.2234340 0.3518087 -0.1463759 -0.3773788 -0.0741625 0.0853076 0.4690940 0.3600224 -0.2854271 0.1586874 -0.4241584 -0.2502598 0.0871038 0.2954580 0.0105440 -0.4071433 0.3653557 0.2322713 -0.0283865 -0.3563260 0.4512739 0.3698856 0.1455670 0.3518181 0.3431501 0.5743517 0.2964850
0.3759558 0.2598520 0.3983992 0.6423697 0.3055136 0.6225105 0.4811472 0.7156196 0.0000000 0.8312430 0.8239641 0.7236024 0.6283331 0.7696390 0.5648733 0.6653978 0.7393388 0.2805009 0.3575518 0.5323805 0.7317070 0.4200575 0.6428434 -0.2118634 0.4591189 0.5930009 0.5099219 -0.2986424 0.1723829 -0.2445602 0.6081942 0.6229224 -0.4757768 -0.3813235 0.4742174 0.2693462 0.3115786 0.5394257 0.6731369 0.4762128 0.3562580 0.0978012 0.6138083 0.1135170 0.3867036 0.4005327 0.2674678 0.3723278 -0.2800727 0.1607312 0.2399927 0.7209619 -0.1513279 0.6738328 0.3173327 0.2354234 0.2087928 0.2405780 0.0069913 0.2216273 0.4772087 0.5989980 0.0798524 0.3266164 0.4046042 0.0694731 0.4557705 0.4123964 0.2443570 0.6262161 0.3547668 0.5605772 0.4560089 0.5910817 0.2356247 0.5419799 0.6817834 0.3275761 0.1480498 0.5589412 0.3034399 -0.0594429 -0.1226689 0.0657498 -0.1967186 0.0020654 0.0660793 -0.2825201 0.0486510 -0.0066399 -0.0862263 -0.2984003 -0.4434137 -0.2738426 -0.1776198 -0.2782980 -0.3157935 -0.4469073 -0.1650241 -0.4281409 -0.1843623 -0.0366232 0.0304405 -0.2550526 -0.3356105 -0.3755626 -0.3386306 -0.2006088 -0.2158899 -0.1489704 -0.2702604 -0.4081142 -0.4181072 -0.1782237 -0.3439696 -0.4139650 -0.2792964 -0.2799072 -0.4372837 -0.3505683 -0.2687797 -0.2984270 -0.4657066 -0.3523939 -0.3253763 -0.1808941 -0.3336882 -0.4210919 -0.0134188 -0.3735498 -0.3255340 -0.4717697 -0.4621276 -0.5518943 -0.2630254 -0.3555173 -0.3588558 -0.2418449 -0.1609850 0.0911107 -0.4832781 -0.0703639 -0.2458946 -0.2748792 -0.2656979 -0.2529465 -0.2957665 -0.3792128 -0.4180360 0.0594153 0.0796299 -0.3290456 -0.2299397 -0.3740835 -0.3151329 -0.2711230 -0.4834589 -0.3070497 -0.4105333 -0.1342132 -0.3321173 -0.2218224 -0.3645152 -0.4040988 -0.3116556 -0.2916472 -0.4424353 -0.4309860 -0.7344735 -0.5829332 -0.3552983 -0.5302161 0.1049788 0.3238369 0.2737324 0.6730519 0.8041952 0.4441534 0.5254369 0.2402100 -0.2772556 -0.1027588 -0.1586991 -0.0288252 0.0616245 0.5445629 0.4040713 0.4794176 0.6129797 0.4195414 -0.4337695 0.5254082 0.4878864 -0.2633875 -0.2929616 0.0497383 0.2768677 0.5803352 0.5789978 0.0848378 -0.0885659 -0.3863089 -0.3440146 -0.1326405 -0.0044481 0.0767235 0.0594549 0.4806289 0.1258361 0.0659185 -0.5690032 0.7178316 0.2395436 0.1120257 0.6583826 0.3801115 0.2414825 0.3712381
0.2579893 0.1569266 0.1338991 0.4823904 0.0899352 0.4175950 0.5592145 0.4203754 0.8312430 0.0000000 0.7548498 0.6656396 0.2957094 0.8577264 0.3891626 0.4497715 0.7476466 0.0215621 0.1011456 0.5833970 0.5407156 0.3243572 0.5553726 0.0189789 0.2808404 0.4459838 0.6527117 -0.0381512 0.2533615 0.0371694 0.6411393 0.4194082 -0.2502154 -0.2352175 0.5760146 0.2734773 0.2531025 0.2535035 0.6899425 0.4840942 0.2108461 0.0663013 0.7226808 0.1719903 0.3428410 0.1724832 0.4743750 0.1130161 -0.2235519 0.0745354 0.4445491 0.5897168 -0.1337009 0.6155352 0.2076718 0.1104196 0.2528585 0.2073663 -0.1163407 0.4588366 0.4379965 0.5564804 -0.0031514 0.2669531 0.3236486 0.1344308 0.4681806 0.6000730 0.1934000 0.6317605 0.4716997 0.4099019 0.6209735 0.5343287 0.2663771 0.6289180 0.6658655 0.3826235 0.3928307 0.6104086 0.4960549 0.0023388 -0.1575328 -0.0720407 -0.2225154 0.0084239 0.1134947 -0.2767520 -0.0827714 -0.0607698 -0.1111925 -0.2711336 -0.3504673 -0.2660033 -0.2261783 -0.3422403 -0.3396690 -0.3947463 -0.0381625 -0.2405990 -0.2058998 -0.0366031 -0.0427863 -0.2005004 -0.4144406 -0.3334598 -0.2697890 -0.2356552 -0.2935250 -0.1408379 -0.2830807 -0.3315234 -0.2483882 -0.0114701 -0.1993225 -0.2019443 -0.1157386 -0.1039579 -0.3460599 -0.1365992 -0.1750240 -0.3206097 -0.4336233 -0.3138966 -0.2014373 -0.0377399 -0.3517520 -0.3348479 0.1162563 -0.3160782 -0.2381774 -0.3897329 -0.2845839 -0.4872902 -0.1948820 -0.2272727 -0.2191699 0.0761642 -0.0321159 0.0446873 -0.4169942 -0.1357755 -0.1573444 -0.1465407 -0.1345171 -0.2513074 -0.1348217 -0.3139422 -0.4711482 -0.0038055 -0.0155430 -0.1982398 -0.0907694 -0.3639885 -0.1740098 -0.1618057 -0.4251389 -0.2077233 -0.2814378 -0.0343695 -0.2701953 -0.0532832 -0.2918431 -0.1298644 -0.1704603 -0.1991321 -0.4227621 -0.3888565 -0.4818661 -0.2418551 -0.2080504 -0.3853740 0.3277837 0.3649237 0.3432886 0.6292558 0.8023499 0.5521908 0.3957114 0.1791083 -0.1871888 -0.0044971 -0.1530118 -0.0527506 -0.1025110 0.5470040 0.2825247 0.4813052 0.5457063 0.3721132 -0.2962966 0.5486220 0.4293718 -0.0797060 -0.0462889 0.2108066 0.2725605 0.5090255 0.6747653 0.1565554 -0.1918562 -0.2639411 -0.1838673 -0.1757915 -0.0858189 0.2530283 0.2717796 0.5610984 -0.0338918 0.2358070 -0.4271473 0.5250998 0.2274182 0.2655716 0.6698079 0.5211643 0.1312075 0.4619999
0.2712018 0.0802067 0.3477493 0.6549108 0.4782587 0.4532890 0.4497588 0.7736986 0.8239641 0.7548498 0.0000000 0.7036884 0.7079846 0.6478631 0.3290135 0.7311161 0.7926784 0.1564732 0.3632127 0.5593329 0.5465766 0.4234025 0.5771639 -0.2396564 0.2757314 0.3976595 0.5854482 -0.3026942 -0.0350099 -0.1406533 0.6917067 0.3251766 -0.4288688 -0.2651005 0.3821427 0.0581198 0.0425957 0.4907900 0.8350766 0.4527532 0.3570406 -0.1076143 0.6483578 0.0635450 0.3256035 0.3567226 0.1621010 0.3442558 -0.1754700 0.3000816 0.2448535 0.8167616 0.0118778 0.7341746 0.3086295 0.2745075 0.1008934 0.1700083 -0.0859998 0.3101401 0.5586761 0.5680883 0.2602886 0.3264006 0.5473162 -0.0103584 0.4339900 0.2685346 0.2542576 0.4781869 0.3888896 0.6885245 0.3110368 0.6781409 0.3083541 0.4301106 0.7132425 0.1470885 0.0728160 0.4368264 0.1947688 0.1872730 0.1518934 0.2754358 -0.0176225 0.1872287 0.2354989 -0.1844374 0.0531116 0.2421863 -0.0877936 -0.1042795 -0.3616431 0.0017205 -0.0878968 -0.2250933 -0.2801096 -0.4087556 -0.0397040 -0.1191804 0.2665078 0.0214038 0.2781036 -0.0378719 -0.2783540 -0.2072609 -0.0934657 0.0937305 -0.2433063 0.1408623 -0.0261283 -0.1821161 -0.1132890 0.0965679 -0.0586588 -0.1255076 -0.1476276 -0.0937859 -0.2356253 -0.3425224 -0.3243248 -0.3806693 -0.3849968 -0.2968820 -0.4075546 -0.2817791 -0.3635429 -0.4833147 -0.1698715 -0.3856725 -0.4000474 -0.2249239 -0.5930509 -0.3837306 0.1042291 -0.1724484 -0.3575392 -0.1816296 -0.3429677 -0.0226992 -0.2542113 -0.2016271 -0.1546820 -0.2493815 -0.2588433 -0.0970368 -0.3148390 -0.2691666 -0.4370364 -0.0687690 -0.0613223 -0.1809173 -0.3524225 -0.2213295 -0.2160093 -0.0940691 -0.3001864 -0.1386459 -0.2292293 -0.1239229 -0.1627603 -0.2190469 -0.2063966 -0.2986391 -0.2152647 -0.0922689 -0.3447863 -0.3605715 -0.5261309 -0.3361556 -0.2049691 -0.4506628 0.0422717 0.0691855 0.1184466 0.5816741 0.7608747 0.6646731 0.3369379 0.1833930 -0.0590165 -0.1396090 -0.2072773 -0.1832505 -0.0666335 0.6796010 0.4490984 0.5456625 0.7105877 0.2846005 -0.2478111 0.3633902 0.3991770 -0.0064340 -0.2288318 0.1202490 0.3385407 0.5863822 0.4325815 -0.0799722 -0.0521776 -0.4877509 0.0940775 0.2496177 0.1583412 0.0766913 -0.2021945 0.5896324 0.0711562 0.1033774 -0.2138856 0.4602692 0.1420639 0.0627768 0.3993173 0.4096974 0.3653269 0.2842773
0.2096191 -0.0375380 0.5432737 0.4109594 0.5249281 0.6516169 0.7638379 0.4659195 0.7236024 0.6656396 0.7036884 0.0000000 0.5465444 0.4378390 0.1523747 0.3541829 0.4175495 0.4862574 0.0409489 0.3723331 0.4429478 -0.0330377 0.5754966 -0.1467217 -0.0737635 0.5301446 0.1325103 -0.1577385 0.0035599 -0.4065026 0.4293147 0.2919446 -0.3400145 -0.1158217 0.4719458 0.1444454 0.1967813 0.3693131 0.3979394 0.3807824 -0.1795215 0.2129440 0.4920684 -0.0890776 0.5857801 0.4489863 0.1836965 0.2521290 -0.0549682 0.3831849 0.0362033 0.5771275 0.1160645 0.5488322 0.4403494 0.4793335 0.1752280 0.2004993 0.1163824 -0.0277100 0.7012608 0.3308131 0.2498925 0.4589492 0.6035444 0.1754003 0.0485896 0.0269728 0.4440907 0.3983446 0.1478310 0.7747585 0.0484173 0.6481016 0.3706421 0.2576713 0.6335035 0.3703544 -0.1194734 0.3361025 0.1868527 -0.3936488 0.0314411 0.2393695 0.0968024 0.2537386 0.3440076 -0.6258404 0.0072489 0.0238555 -0.2673940 -0.2104021 -0.4826032 -0.5149707 -0.1876956 -0.2770413 -0.2740412 -0.4732076 -0.2049666 -0.2655055 -0.1798703 0.2487793 0.2399990 -0.3448475 -0.2635331 -0.3074667 -0.1356365 -0.0140312 -0.1759333 0.1770119 -0.0164736 -0.1610733 -0.2124730 0.0299413 -0.0368802 -0.2332749 -0.0940524 -0.1786445 -0.2143305 -0.4513212 -0.3346384 -0.2873075 -0.4486891 -0.2104430 -0.2954436 -0.2699435 -0.3860284 -0.4158160 -0.0283273 -0.2877012 -0.2760861 -0.3098709 -0.5500599 -0.4423750 0.1003530 -0.1391785 -0.2377243 -0.1584229 -0.1805913 0.0437797 -0.1632502 -0.0059646 0.0128187 -0.2719089 -0.0919860 0.0119264 -0.2076003 -0.2123589 -0.0979651 0.1270055 0.0432586 -0.1767537 -0.0802841 -0.0141525 -0.1371025 -0.0243665 -0.2504830 0.0073808 -0.1664953 0.0007092 -0.0331166 -0.0234613 -0.1557255 -0.2750213 -0.0311010 -0.0791738 -0.2273584 -0.1741931 -0.4469126 -0.2603206 -0.1167213 -0.1542914 -0.0135150 0.3407439 -0.0138311 0.5741253 0.7452839 0.5308715 0.3136591 0.2875536 -0.1295865 -0.0717750 -0.0726944 -0.1627136 0.1353610 0.7659389 0.6712201 0.5259852 0.5728452 0.5860544 -0.4557420 0.6363899 0.5585777 -0.2872048 -0.3800940 -0.0651842 0.2804239 0.5396696 0.2949177 -0.0993238 0.0039143 -0.5133487 -0.0449513 -0.1538775 -0.1282512 -0.1847597 -0.0276177 0.7777097 0.3034323 0.0339374 -0.2890254 0.5408662 0.0312781 -0.2911832 0.2872432 0.4917643 0.2563223 0.0793996
0.4644637 0.2459028 0.6534668 0.4379995 0.7219483 0.5638043 0.3463694 0.8872757 0.6283331 0.2957094 0.7079846 0.5465444 0.0000000 0.2951109 0.3572509 0.7806933 0.4383982 0.4548181 0.5991022 0.4683223 0.4173159 0.4874454 0.5707141 -0.3965157 0.4077920 0.5394997 0.1021203 -0.3924074 -0.3108011 -0.4280980 0.6138236 0.4055982 -0.4621549 -0.2902693 0.2719929 -0.0511090 0.2391647 0.7027574 0.4567892 0.1961501 0.3530025 -0.1425215 0.3275097 -0.0238676 0.1064526 0.4908381 -0.0350916 0.4937683 -0.1047627 0.5208982 0.0351964 0.6977911 0.0198491 0.5497641 0.3751971 0.3854654 0.1308766 0.0652660 0.0037088 0.0163084 0.2972642 0.4793583 0.2280284 0.2023649 0.3579179 0.0277072 0.3387741 -0.1196254 0.1699610 0.2769607 0.0375103 0.6334697 -0.0131577 0.5421212 0.1988565 0.1273185 0.4520681 0.1354163 -0.2734230 0.2557110 -0.1195626 -0.0600109 0.0394375 0.1103615 -0.2406826 -0.1464223 -0.0993926 -0.1867794 -0.2110459 0.0944549 -0.3164206 -0.3510655 -0.5976304 -0.0627934 -0.2101515 -0.2312648 -0.3980542 -0.5381489 -0.2341748 -0.2011767 0.1070125 -0.1465213 0.1544190 -0.1840623 -0.2617370 -0.2160459 -0.2748928 0.0235513 -0.2818527 0.0624197 -0.0035675 -0.2042887 -0.2690536 -0.1543669 -0.1814021 -0.3673430 -0.3234948 -0.3448555 -0.3367036 -0.5917301 -0.4314952 -0.3030696 -0.4418981 -0.3211182 -0.4968521 -0.6098067 -0.2636134 -0.5567925 -0.4858372 -0.4355021 -0.5616135 -0.1327238 -0.7503454 -0.3079864 0.1127688 -0.2011103 -0.5499107 -0.6095199 -0.6888351 -0.0937193 -0.2003516 -0.1883973 -0.0076691 -0.4363065 -0.4821981 0.0036079 -0.5360414 -0.3019753 -0.2892624 -0.0478882 0.1068726 -0.3472316 -0.4959688 -0.0477749 -0.3774120 -0.1016741 -0.1251470 -0.1870084 -0.0825396 -0.2161575 -0.1294295 -0.2159546 -0.1732196 -0.5683078 -0.3013791 -0.1420578 -0.2436310 -0.2491704 -0.5522945 -0.4976666 -0.2976215 -0.3719054 -0.0372662 0.1936582 0.0488072 0.3225441 0.4677571 0.4641255 0.2349707 0.1967180 -0.1022992 -0.1648328 -0.2398137 -0.1467175 0.0556414 0.4326412 0.5071200 0.4231436 0.6188950 0.1329597 -0.3229371 0.1968612 0.3609538 -0.1337584 -0.5827927 -0.2753332 -0.0011442 0.3540297 0.0582716 -0.4855298 0.2299015 -0.4937723 -0.0877103 0.1067594 0.1090427 -0.2085166 -0.5808603 0.4390095 0.3183035 -0.1012591 -0.1708631 0.3885697 0.1738689 -0.1536144 0.1877139 0.3576957 0.5458887 0.1605742
0.2973336 0.3164861 0.2956407 0.4736920 0.0240834 0.4715087 0.4749935 0.4688063 0.7696390 0.8577264 0.6478631 0.4378390 0.2951109 0.0000000 0.5827863 0.3722379 0.7541596 0.1650219 0.0375422 0.6943964 0.4923479 0.5382157 0.5273760 0.3111749 0.3308464 0.3391363 0.6290776 0.1903776 0.4273774 0.0816494 0.7140376 0.4135969 0.0221310 0.0087450 0.4596287 0.1266002 0.2400326 0.1835180 0.6147539 0.4028131 0.3980365 -0.1065796 0.6102688 0.4154725 0.2991704 -0.0025020 0.4231763 0.1170184 0.0309368 -0.1081237 0.5150795 0.5843023 0.0777867 0.6315562 0.0820335 -0.0808290 0.2927905 0.4030098 -0.3236743 0.5754520 0.2505030 0.7003903 -0.0938112 0.3135641 0.3607777 0.1448162 0.6781257 0.7252292 0.1235955 0.7758096 0.5490592 0.3559491 0.6967699 0.4904204 0.3400539 0.7332038 0.6722125 0.2999792 0.4111430 0.7663460 0.4940135 0.1253767 -0.3475315 -0.2986775 -0.4414946 -0.2185124 -0.1559150 -0.0421619 -0.2895572 -0.1071329 -0.2115189 -0.3259924 -0.3726363 -0.1886713 -0.3798969 -0.4583284 -0.4092105 -0.3666916 -0.0933855 -0.3562674 -0.2487116 -0.2874180 -0.1835344 -0.2548541 -0.4506110 -0.3910561 -0.3711152 -0.3069506 -0.3306206 -0.2046340 -0.4193482 -0.3538086 -0.2570300 -0.0574193 -0.3071291 -0.2608194 -0.1679032 -0.1374247 -0.4215612 -0.0733235 -0.0399132 -0.2435838 -0.4101796 -0.2798962 -0.1650338 -0.0113557 -0.1958930 -0.3298928 0.1157901 -0.3179491 -0.2186995 -0.3862585 -0.2477699 -0.3843248 -0.2432064 -0.2594487 -0.2449447 0.0200708 -0.0131561 -0.0005762 -0.4687197 -0.1392163 -0.1892033 -0.1112699 -0.1478645 -0.3218174 -0.1709425 -0.3417278 -0.5994405 0.0073694 -0.0436291 -0.1951881 -0.1233110 -0.4379394 -0.2015113 -0.1788536 -0.4396374 -0.2860340 -0.3187050 -0.1453989 -0.3255151 -0.0916980 -0.3302801 -0.2148208 -0.2237628 -0.2935078 -0.5355070 -0.4460939 -0.5583545 -0.3156508 -0.2951144 -0.4749503 0.3465172 0.5299180 0.5123324 0.6879119 0.6608142 0.3277248 0.3209745 -0.0360200 -0.2989959 -0.2117146 -0.3421522 -0.1327424 -0.2627841 0.3623045 0.0786316 0.5261976 0.6236519 0.3752663 -0.2384582 0.5544389 0.4751146 -0.0826866 -0.0493258 0.2081773 0.1882771 0.4879997 0.7232196 0.1187755 0.0409769 -0.1862521 -0.3237271 -0.2123812 0.0498876 0.3278405 0.3048692 0.4407967 0.0986752 0.3008534 -0.3666615 0.4810580 0.4131527 0.2964195 0.7137508 0.5910456 0.3614977 0.5200650
0.5462072 0.6044658 0.4143419 0.2980722 -0.2081496 0.4168529 0.1502290 0.4461489 0.5648733 0.3891626 0.3290135 0.1523747 0.3572509 0.5827863 0.0000000 0.5123893 0.4276994 0.3236868 0.3450506 0.3295878 0.6274102 0.5942841 0.5494608 0.1727960 0.4412935 0.1703245 0.4685475 0.0028326 0.2813539 0.1916668 0.4208505 0.1522324 -0.1913551 -0.1738415 0.2889595 0.3105846 0.0546237 0.0831990 0.3699664 0.2233670 0.2449884 0.0439146 0.3419217 -0.1049628 0.2394607 -0.2204245 -0.1057440 -0.1796684 -0.2463581 -0.2218595 -0.0902413 0.3457841 -0.1839919 0.2075432 -0.3365533 -0.4360399 -0.1387067 -0.0658207 0.0879370 -0.0322175 0.1328392 0.3246641 -0.5248058 0.0262208 0.0164352 -0.2620309 0.2513103 0.3115114 -0.3786794 0.5036313 0.0358160 0.1181782 0.3781799 0.1779510 -0.1706425 0.5259168 0.4514526 0.1384119 0.2760996 0.5840454 0.3652084 0.0907375 -0.2717188 -0.3312038 -0.4845216 -0.4391199 -0.5721989 0.1084130 -0.1643875 -0.2057374 -0.3532257 -0.5430924 -0.1223424 -0.1005937 -0.4787965 -0.3596808 -0.4303848 -0.2200250 -0.3522225 -0.2906603 -0.1871177 -0.4574839 -0.3463928 0.0414213 -0.2374714 -0.1609174 -0.2882728 -0.2165054 -0.0732248 -0.2452582 -0.2824510 -0.1091083 -0.0723786 -0.0828428 -0.1443249 -0.0987231 -0.0164777 -0.1137672 -0.1957065 -0.0159404 0.0847085 0.0850108 -0.0516997 -0.0855033 -0.1862452 0.0447403 0.1391186 -0.2197526 0.0713103 -0.1635514 -0.1304398 -0.2938642 -0.0879762 -0.2032127 -0.3218458 -0.2015444 -0.2362368 -0.2026528 -0.0894859 0.0984057 -0.3945383 -0.0407003 -0.1162853 -0.1273534 -0.1567306 -0.2015768 -0.2191596 -0.3163969 -0.2837432 0.0967580 0.1865475 -0.2490833 -0.2153071 -0.3264972 -0.2943568 -0.2047417 -0.3012771 -0.3453670 -0.2084200 -0.1170144 -0.3543773 -0.1180835 -0.1562562 -0.4450251 -0.2660626 -0.2632904 -0.2619591 -0.4047105 -0.5190844 -0.5660746 -0.3318030 -0.4505567 0.3768326 0.5413745 0.6293185 0.5033780 0.4268519 0.0896469 0.4806639 0.0854848 -0.1197413 -0.0479223 -0.0732612 0.2408242 0.1371069 0.0112417 -0.0130747 0.1343555 0.4146938 0.1442455 -0.0534031 0.2352461 0.4675522 -0.0571043 -0.0702071 0.1697241 0.1974857 0.4432262 0.5160789 0.2170879 -0.1067661 0.0110051 -0.4413793 -0.2122840 -0.2186862 0.3127588 0.2341477 -0.1730880 -0.1171782 0.0501714 -0.4164793 0.3402165 0.2686843 0.3862979 0.6654599 0.0014518 0.2570043 0.2076935
0.5036792 0.5043890 0.3504941 0.6215231 0.4175802 0.4346070 0.0533125 0.8307966 0.6653978 0.4497715 0.7311161 0.3541829 0.7806933 0.3722379 0.5123893 0.0000000 0.5894679 -0.0184668 0.8263467 0.3728665 0.6946809 0.6297383 0.6712173 -0.5713445 0.7097884 0.4723075 0.5271583 -0.5877869 -0.1233847 -0.1275016 0.6076144 0.3912151 -0.6938823 -0.5564629 0.3938699 0.3243198 0.0659080 0.6117647 0.7109711 0.2114736 0.4108357 0.0469816 0.6133250 -0.1589524 0.1570444 0.3824482 0.0638248 0.3091621 -0.3695161 0.3167826 0.0449793 0.6108757 -0.2485825 0.4172183 0.1041805 0.1005578 -0.0008977 -0.0110955 0.2206741 0.0857909 0.4173222 0.3693530 0.0094702 0.2022690 0.2349605 -0.0988603 0.3233726 0.2067858 -0.0476650 0.4088572 0.2627242 0.4723947 0.3453594 0.5550471 -0.0416915 0.4415976 0.5988993 0.2713484 0.2215888 0.3997305 0.2707813 0.2624343 0.1622512 0.2080350 -0.1418548 -0.0818119 -0.1521926 0.0920113 0.0876433 0.3124651 -0.0478750 -0.2333889 -0.2200179 0.1607164 -0.0892926 -0.0433366 -0.2227228 -0.2146660 -0.0984977 0.0361443 0.3194969 -0.1364623 0.1299077 0.2398069 -0.0745818 0.0176876 -0.0317864 0.1750543 -0.1391219 0.0992405 0.1312072 -0.0428217 0.0064410 0.0584419 0.0002644 -0.0540795 -0.0438894 -0.0094514 -0.0596661 -0.1629970 -0.0883894 -0.0298350 -0.1138942 -0.0763944 -0.2467821 -0.1685629 0.0063227 -0.3230787 -0.1264084 -0.1473796 -0.2811956 0.0021080 -0.3653161 -0.1481904 0.0249346 -0.1049156 -0.2772134 -0.2822919 -0.3851746 0.1811507 -0.2084552 -0.0623020 -0.0042518 -0.1548344 -0.2700234 0.0230420 -0.2717528 -0.2012363 -0.2180775 0.0612564 0.2942667 -0.1567018 -0.3273852 -0.1428332 -0.2333752 -0.0826740 -0.1282078 -0.1555533 -0.0468962 0.0713889 -0.1594466 -0.0814272 -0.0590166 -0.2883343 -0.2352164 -0.0413959 -0.2052654 -0.2777832 -0.4340700 -0.4001977 -0.2237284 -0.3973269 0.1298876 0.0502007 0.3507152 0.3552740 0.6422840 0.5268616 0.6051098 0.4497598 0.1505046 0.1396751 0.0178232 0.1335798 0.2237981 0.4559305 0.4068293 0.4182386 0.6058179 0.0770054 -0.0060303 0.1619733 0.3167275 0.2062057 -0.0820159 0.2038705 0.0611481 0.4177194 0.4018245 -0.0105779 -0.2295661 -0.4570393 -0.0658381 0.2537763 -0.0091999 0.1856369 -0.3711855 0.1367887 -0.2063335 -0.2435415 -0.2547622 0.4064440 0.1329509 0.2986661 0.3316557 0.1127165 0.2108511 0.1311159
0.1547258 0.2268729 0.1845543 0.5114069 0.3103505 0.4031642 0.2429042 0.5362928 0.7393388 0.7476466 0.7926784 0.4175495 0.4383982 0.7541596 0.4276994 0.5894679 0.0000000 0.0077092 0.2263130 0.6236778 0.6235888 0.4455569 0.5180415 -0.0445647 0.4153762 0.3618117 0.7553089 -0.2319550 0.2500902 -0.0294997 0.5970688 0.4007807 -0.2431997 -0.1842821 0.2756241 0.0849420 0.1988813 0.4081653 0.9284200 0.6171637 0.5067780 -0.1975303 0.7129423 0.2794781 0.1601833 0.0990433 0.2997111 0.2651828 -0.0803289 0.2085844 0.4336951 0.8369180 -0.0044916 0.7706385 0.2029368 0.0831677 0.2660561 0.2828018 -0.2782245 0.5972410 0.2673566 0.6518444 0.1858674 0.2537395 0.2944768 0.1620364 0.5199775 0.4967914 0.1667459 0.5373167 0.3233173 0.3748319 0.4091111 0.4690850 0.1397089 0.5036342 0.5757610 -0.0265227 0.1975022 0.3565676 0.1451415 0.4460482 0.1078028 0.1149686 -0.2591881 0.0210796 0.0331851 0.0315746 -0.0085112 0.2361261 0.1134923 -0.1672215 -0.1882155 0.1047438 0.0665668 -0.1797152 -0.2803737 -0.2575065 0.1723007 -0.2653006 0.1701441 -0.1594122 0.1542169 -0.1244172 -0.3513875 -0.1766104 -0.0643026 -0.0413256 -0.1904504 -0.0744186 -0.1631650 -0.2119840 -0.1573422 0.0651798 -0.2013608 -0.1368193 -0.1773659 -0.1186249 -0.3449542 -0.1594822 -0.1473648 -0.3025537 -0.3305672 -0.3373900 -0.3112411 -0.0314129 -0.2047540 -0.3522288 0.0207595 -0.4057577 -0.3754805 -0.1404975 -0.4177070 -0.4229898 -0.1435079 -0.2636311 -0.3665258 0.0258628 -0.1665559 -0.0203962 -0.4754493 -0.1449471 -0.2488822 -0.2007114 -0.3015707 -0.3129787 -0.2496972 -0.3491445 -0.5178060 -0.0889231 -0.1162763 -0.2433199 -0.2596766 -0.4779758 -0.3095961 -0.2851605 -0.4570972 -0.3203227 -0.3033080 -0.1922148 -0.3796212 -0.2084036 -0.3672797 -0.2035223 -0.3302611 -0.2848487 -0.5403043 -0.4875909 -0.5486212 -0.3668584 -0.3298397 -0.6397321 0.0842851 0.1986535 0.3446108 0.5825342 0.7191693 0.4772339 0.4419419 0.0737239 -0.2886731 -0.1440683 -0.2605742 -0.1046531 -0.2509234 0.3980596 0.0916341 0.3744217 0.5402356 0.0530995 -0.2465234 0.2067181 0.2144756 0.0868604 -0.0219815 0.3028661 0.3201129 0.5102307 0.4443235 0.1773435 -0.1202751 -0.3201232 0.1081061 0.2482596 0.2279561 0.3387450 0.1331405 0.4240147 -0.0448544 0.0708457 -0.1706659 0.3901463 0.3549916 0.3124871 0.4567233 0.4555540 0.2630775 0.4179391
