0.0000000 0.2000579 0.3028285 0.3174447 0.1914979 0.2232732 -0.0083674 0.5969429 0.3235567 0.1849338 0.1341716 -0.2373115 0.3772607 0.0461304 0.0472927 0.2407769 0.0032104 0.1961815 -0.0963136 0.4716328 -0.2283145 0.0789839 0.2688417 -0.2401502 0.1179059 0.3002507 0.0332920 -0.1058800 0.2560553 -0.0545129 -0.0097290 0.2790268 -0.2409539 -0.0570743 0.1418709 -0.0309207 0.1728353 0.0277310 0.3887113 0.2783919 -0.0228191 0.2019279 0.3651012 -0.2001183 0.3078472 0.0796786 0.2347303 0.1101964 -0.3363314 0.0926274 0.0134834 0.2578881 -0.0601514 0.2514065 0.1460834 0.1604349 0.1373936 0.2010759 0.1967153 0.0172638 0.4174465 0.0160494 0.1527560 0.1196986 0.5252100 0.2070540 -0.0960998 0.0379386 0.3626917 0.0743525 -0.3701845 0.2348519 0.1903668 0.3447980 -0.1180536 0.1227078 0.1964546 -0.3368627 0.2154508 0.4933829 -0.1000055 -0.4091272 -0.3607624 -0.1380297 -0.1537061 -0.0708777 0.0696874 0.1366460 0.0148238 -0.2271419 0.0049348 -0.0421890 -0.5430432 0.1707292 0.1151225 -0.1934733 -0.6733250 -0.4985028 -0.3346657 0.2875410 -0.2445593 -0.1841240 -0.1101603 0.2198479 -0.2137725 0.0943441 -0.2574066 -0.0183803 -0.0806352 0.2008230 -0.4356135 -0.3367957 -0.1757102 -0.1203123 -0.1175669 -0.1788238 0.0361725 0.0204936 -0.2349820 0.3357060 0.2238520 0.2569775 -0.3533895 -0.4557608 0.1779250 -0.0356494 0.2504108 -0.5186606 0.0490070 -0.3596790 -0.1241439 -0.2917000 -0.2870850 -0.2471227 -0.5294088 -0.2071678 -0.0766985 -0.0985897 -0.0034664 -0.4920517 -0.2745476 0.2674474 -0.3785340 -0.1870840 0.3114102 -0.1255055 0.2419389 0.2354735 -0.2726144 0.1788848 0.1085375 -0.0270092 0.0684341 -0.3182554 -0.3577215 0.0945916 -0.3185453 0.1997685 -0.0654569 -0.2249963 0.2191862 -0.0127460 -0.2690472 -0.5985966 -0.0529456 0.0073467 -0.4293426 -0.1771760 -0.2498953 -0.2632336 0.0500521 -0.0231765 0.1385240 0.3642641 0.1024464 0.3286360 -0.0902870 0.1016282 -0.2018120 0.0113639 0.0975097 0.2899597 0.3739370 0.4057856 0.1533673 0.3849453 0.3257615 0.5024845 0.3267328 0.1593892 -0.0192660 0.1727189 0.2056013 -0.0515572 -0.1288314 -0.2771415 -0.1519972 0.3456383 0.3994601 -0.3540628 0.2109631 0.2490437 0.1722854 -0.0679284 0.4711497 0.1772050 0.0217879 0.3395162 -0.0687736 0.1037502 0.1152467 -0.4213446 0.2128723 -0.1792203 -0.3269354 0.3918879 0.3521090 0.4326263
0.2000579 0.0000000 0.6487338 0.3000237 0.4841791 0.1313998 0.4207760 0.4966186 0.0558907 0.4367774 0.4231484 0.1699581 0.6221545 0.2372319 0.3515301 0.3014176 0.2340244 0.0789868 0.3299206 0.5284314 0.1102873 0.0187485 0.2802484 -0.0377089 0.3254922 0.1861066 0.3799002 0.0792101 0.4150151 0.2736421 0.0461394 0.3639576 -0.2702442 -0.1529678 0.1188930 0.0409632 0.2384538 0.3555604 0.3119238 0.1926114 0.2279829 0.3936237 0.3960508 -0.1020353 0.5459120 0.5471516 0.2513629 0.2477897 -0.3915487 0.4002416 0.4025464 0.2429856 -0.2283918 0.4061851 0.3527578 0.5998337 0.4396994 0.3605982 0.1804608 0.3878938 0.4464967 0.5456495 0.4067228 0.0474382 0.2499353 0.4262983 0.2992781 0.5103778 0.4378189 0.2542620 -0.1461635 0.0603663 0.2786217 0.1740346 0.1241287 0.1234121 -0.0295334 0.2695215 0.4320108 0.2827109 0.1325725 -0.2614740 -0.0201257 -0.0594771 -0.1833505 0.0868038 -0.0153841 -0.2510673 -0.0247452 -0.1397156 0.1851104 0.1140055 0.1247404 0.0460733 0.1325463 0.1715020 -0.1177670 0.0732206 0.1145817 0.0077169 -0.1541934 0.0943697 0.2151727 0.1429502 -0.0276062 0.4240721 0.1449868 0.2408919 0.2293909 0.2448860 -0.1115687 -0.2724691 0.1969689 0.3473755 -0.0793356 0.2649143 0.3453739 0.0480107 0.1926254 0.1732905 0.3485615 0.2272944 0.1800537 -0.0122059 0.1926749 -0.0828097 0.4197346 0.1494870 0.2176498 0.2312689 0.2986125 0.1847574 0.2168122 0.3195776 0.0391282 0.1513614 0.2309575 0.2684063 0.2789668 0.1794755 0.0845088 0.5683461 -0.2001224 0.1804918 0.4439075 0.2488554 0.3931583 0.3481517 -0.0003528 0.5592989 0.5074402 0.4577976 0.5536939 -0.0456495 0.2433217 0.3660090 0.2307086 0.4659326 0.2233422 0.1045015 0.3648518 0.5672585 0.2319250 0.1909837 0.5107206 0.2492142 0.1814983 0.0648542 0.0236299 0.1111294 0.1916838 0.1363540 -0.4415184 -0.2155925 0.2153645 0.3311171 0.1170611 -0.0749036 -0.0672563 -0.0410571 -0.2340360 0.1695221 0.1566430 0.2195050 0.0694712 0.5001891 0.2092610 0.4289385 0.1482793 0.1492998 -0.2408242 0.1839772 0.1021171 -0.2434948 -0.1035560 -0.1801285 -0.0128578 0.0039968 0.1947665 -0.0520427 0.4439823 0.2930465 -0.2401830 0.0777015 0.5321715 0.2304044 0.3634388 0.3716544 0.0975730 0.0724516 -0.2068069 -0.1292095 0.3646612 0.1652503 -0.3084731 0.3139526 -0.1272927 0.1532387
0.3028285 0.6487338 0.0000000 0.2830191 0.5423057 0.1888187 0.2689961 0.4802714 0.1946545 0.3751833 0.5052468 -0.0919556 0.5841049 0.5086620 0.1826907 0.3209580 0.3921055 0.4919296 0.1872907 0.7510383 -0.2596450 0.2861563 0.4756482 0.0027661 0.3310751 0.1232025 0.4316392 0.2993173 0.1001792 0.3511431 0.2199654 0.4220572 -0.0813441 -0.0494375 0.1617907 -0.2794577 0.2198935 0.4311430 0.4685482 0.1214431 0.2877621 -0.0779388 0.4566950 -0.0949931 0.1252812 0.4248776 0.0089979 0.4241984 -0.1939575 0.4640321 0.2054125 0.3627302 -0.0809503 0.2070106 0.5130733 0.5431085 0.3009968 0.2400440 0.1132873 0.2673936 0.0891845 0.3565507 0.4012068 0.0220045 0.1689611 0.1837905 0.2383708 0.2659006 0.6487153 0.1932545 -0.3495378 -0.1638880 0.3545309 -0.0055604 -0.0735940 0.1649630 0.0238610 0.0459389 0.5213899 0.5195005 -0.0722628 -0.3371427 -0.1836497 -0.1983182 -0.2889239 0.0242161 0.1979834 -0.4006321 -0.0862877 -0.3810129 0.4009194 0.3985240 0.0679162 -0.2417478 0.1469488 0.5161275 -0.0228078 0.0877723 -0.2563029 0.0036682 -0.5252959 0.1128392 0.2714887 0.0413783 0.2458596 0.5078400 0.1765752 0.2953759 0.2108913 0.1484720 -0.2776944 -0.2232699 0.3127763 0.5044102 -0.0042111 0.4014710 0.5608177 0.0983659 0.3254807 0.2258400 0.4970028 0.5142202 0.0555646 0.1709280 0.2581185 -0.0154262 0.5563258 0.0728848 0.2403007 0.2859017 0.3345472 0.1248273 0.3880334 0.3592113 -0.1545391 0.0755127 0.2680661 0.2225927 0.2646849 0.0010853 0.1021589 0.5477731 -0.1445664 0.2719739 0.2693173 0.2416422 0.3879052 0.3079383 -0.0536009 0.4884304 0.3630902 0.4044185 0.4495379 -0.0225695 0.2120005 0.3265275 0.2473597 0.5449444 0.2294854 0.0446458 0.3917852 0.4405548 0.3412441 0.1805345 0.4569537 0.2086510 0.2343226 0.0731146 0.1580912 0.0947530 0.3099023 0.2144667 -0.3046839 -0.0721070 0.2607022 0.3687392 0.0834501 0.0788205 -0.1314516 -0.0242805 -0.0031096 -0.1762735 -0.0480250 -0.0663630 0.1123477 0.0592848 0.1347093 0.5046985 0.3007832 0.1898660 -0.1740005 0.1608952 0.1141810 -0.1692365 -0.0159384 -0.1935125 -0.0648244 0.1666730 0.3822614 -0.0720617 0.6909806 0.3462067 0.1546301 0.2014232 0.6046293 0.2199944 0.3229648 0.6153512 0.3756350 0.2874389 0.0954841 -0.0656460 0.3638818 0.4578787 -0.0327628 0.1916642 0.1450489 0.2160063
0.3174447 0.3000237 0.2830191 0.0000000 0.1779278 0.6277988 -0.0884052 0.7900724 0.4983119 0.3882449 0.4869902 -0.1001758 0.3106609 0.0832808 0.4058511 0.3549417 0.0821604 0.3601472 0.0867672 0.4670044 -0.0625103 -0.1453487 0.3974111 0.3656696 0.0937721 0.3103463 0.2629036 0.1292388 0.4843477 0.2870271 -0.4564249 0.0480676 0.1717784 0.3118254 0.1664667 -0.0912021 0.0978086 -0.3206499 0.3891719 0.1656769 -0.4003931 0.2491659 0.2299892 -0.2028102 0.5009050 0.0476537 0.0475649 -0.4014903 0.0328854 -0.2102166 0.0062680 0.3840134 0.3326619 0.3001327 -0.1367215 -0.1032590 -0.0466297 0.3578376 0.1260097 0.0098489 0.3270582 0.0208044 -0.0511603 0.4412894 0.4647368 -0.0914630 -0.0881518 0.1845059 0.0743307 0.1842624 -0.2572636 0.4559868 -0.0451720 0.2601851 -0.1756633 0.0165764 0.0738453 0.0487718 0.3646701 0.0372540 -0.0559946 -0.1098768 0.1549943 -0.3432680 -0.0564759 0.2146317 0.1068247 0.2075587 -0.0460265 0.1433750 0.5123622 0.2840327 0.3867528 0.4715487 0.4234286 0.2856974 0.0023731 0.1262781 0.1066238 0.4585723 0.1202098 0.4092433 0.2572183 0.5049975 0.3387639 0.4356202 0.2763305 0.4359182 0.3969187 0.3322864 0.1828861 0.2881473 0.5220973 0.3675193 -0.2203185 0.4637151 0.2796458 -0.3586365 0.1237638 0.1307997 0.0840534 0.1034691 0.2375615 -0.0750549 0.3796808 -0.2218072 0.2005796 0.1688271 0.1853858 0.1746048 0.1735660 0.0589434 0.0427355 0.3656364 -0.4420772 0.3365152 0.1207090 0.3047176 0.0111844 -0.1664306 -0.0625445 0.1972801 -0.1772054 0.0068737 0.2293301 0.2850068 0.1168445 -0.0294921 -0.2904987 0.2256196 0.1811919 0.2696216 0.1286023 -0.1926747 -0.1271468 0.1505234 0.1375339 0.1913431 -0.1409941 0.3294433 0.2784327 0.2832632 0.1272678 0.1092066 0.2862040 0.0621233 -0.0090057 -0.1994355 -0.1064140 0.1927458 0.1064695 -0.0415140 -0.1682194 -0.0407221 -0.1986235 -0.2932305 -0.4226228 -0.4430309 -0.4544998 -0.1336651 0.3928323 0.4347793 0.3067402 0.4489366 -0.0094835 0.1201374 -0.1264930 0.0294234 -0.3747985 -0.4354100 -0.2173040 -0.4064259 -0.4219496 -0.3376530 -0.2575259 -0.3185648 -0.2486979 -0.2098039 -0.1576241 -0.0560908 0.0008321 0.3799420 0.1812343 0.0595852 0.1589548 0.2912486 0.2011716 0.6040974 0.0018911 0.0107765 -0.1795328 -0.2467604 -0.0759247 -0.0689210 -0.0544917 0.4544459 0.2425340 0.3059356
0.1914979 0.4841791 0.5423057 0.1779278 0.0000000 0.1309873 0.1585561 0.3790032 0.1799863 0.3168222 0.3938262 -0.1653944 0.8298469 0.6444888 0.0055005 0.4142743 0.1657057 0.4503196 0.5192560 0.6464217 -0.2075552 -0.0403831 0.1547216 0.0326387 0.5184603 0.4107321 -0.0352893 0.4170410 0.1043044 0.2918132 0.2381764 0.5824402 0.0438298 0.0161202 0.2254444 -0.3127354 0.4657206 0.5698215 0.1169506 0.3006682 0.1710481 -0.1999524 0.2813210 0.0546946 0.1658700 0.5611090 0.2494405 0.3608451 -0.0961326 0.7171448 0.5114223 0.4635676 0.0263505 0.3604866 0.4391093 0.5464092 0.3896319 0.1728970 -0.1129699 0.5256310 -0.1235753 0.4927650 0.4473618 -0.0487646 0.0053402 0.3420254 0.4274232 0.3190387 0.2867263 0.2752977 0.1057025 -0.2278725 0.4633545 0.0522995 0.3409890 0.4074350 0.1903774 0.3177524 0.5605498 0.4789902 0.1432854 -0.0303032 -0.2579217 -0.0825558 -0.3080265 0.3069513 0.2028230 -0.2789358 0.1879452 -0.2217396 0.3863460 0.5625198 -0.0935003 -0.1423387 0.3952088 0.3382814 0.1640422 -0.1561575 0.0517317 -0.1604268 -0.0662186 0.0313363 0.2642978 -0.0235535 0.1573064 0.4101301 0.0494497 0.2589255 0.1315042 0.1062578 0.0928422 -0.3352152 0.0697880 0.2417672 -0.0770469 0.0710812 0.2012438 -0.0348249 0.1077066 0.0747615 0.3025992 0.3656462 -0.1025418 0.0316598 -0.0256758 -0.3458798 0.2997013 -0.0883364 0.0623660 0.2025743 0.1297300 0.2013969 0.1673498 0.3101258 0.1359590 0.0302338 0.1831951 0.1276046 0.1325554 0.0177665 0.1108671 0.4906370 -0.0752471 -0.1188387 0.0259201 0.2257174 0.3450254 0.3599978 0.0550114 0.5314714 0.3328842 0.2031737 0.3200554 0.0262415 0.1783295 0.2086337 0.1737414 0.5100570 0.2333186 -0.0857487 0.4064765 0.3836891 0.1794839 0.0485947 0.3677215 0.1055052 0.0585055 0.1956004 0.2093654 0.0115534 0.2790595 0.1920106 -0.1294957 -0.1806178 0.2088812 0.1717311 0.0524561 0.1958721 -0.1197245 -0.0141452 0.1913905 -0.1823854 -0.1914311 -0.0340136 0.0553431 0.0146071 0.1381687 0.5400551 0.2156608 -0.0193232 -0.0789864 0.1242072 0.0755825 -0.2589301 -0.1769866 -0.3263391 -0.2574495 0.0472973 0.4257015 -0.4635571 0.5695519 0.1790981 -0.1471027 0.0536211 0.5234470 0.1541369 -0.0176293 0.3806019 0.5051988 0.0687034 -0.0225812 -0.0093467 0.3848354 0.2537367 0.0100041 0.2219679 0.2375973 0.0058247
0.2232732 0.1313998 0.1888187 0.6277988 0.1309873 0.0000000 0.3551747 0.4163361 0.7929751 0.0892980 0.2195065 0.4060578 0.1960622 0.3111198 0.7156792 0.0272070 0.4425336 0.4904877 -0.1383455 0.3931941 0.3433289 0.1473230 0.2037200 0.7320627 -0.0752764 -0.0425164 0.6028622 0.5308182 0.6585261 0.5864971 0.0662946 0.0485660 0.6274631 0.7072532 -0.1219441 0.1793349 0.1012282 -0.2680680 0.4672631 0.3292571 -0.6506366 0.2924679 0.0025640 -0.0891568 0.4110325 -0.0252123 -0.1755943 -0.5074080 0.4514552 -0.1390338 -0.1195416 0.3328053 0.7241250 -0.0923258 -0.2853966 -0.2169312 0.0376155 0.0663991 -0.1066016 0.0406881 0.2761927 -0.1726878 -0.3669489 0.6116067 0.5092271 -0.2597943 0.1211914 -0.2011304 0.0907082 0.1469167 0.0624696 0.5701999 0.2862727 0.4688277 -0.1636187 0.2479890 0.5207696 0.0419623 0.4783281 0.2805571 0.1546887 0.2092660 0.4649674 -0.1455075 0.4047014 0.3905412 0.3939178 0.5159695 0.2763078 0.6099277 0.7781675 0.4624099 0.2921632 0.4825861 0.4884196 0.5161774 0.1968796 0.1884178 0.2175925 0.2350187 0.4333953 0.5286264 0.3898886 0.6978115 0.3265976 0.6621434 0.5395514 0.6777690 0.5138778 0.6886143 0.2248901 0.5014962 0.6299227 0.4839590 0.0975133 0.5317678 0.4799540 -0.0376520 0.4160544 0.1045475 0.1889620 0.4126172 0.3983657 0.4612537 0.1947898 0.2138235 0.3302707 0.3653169 0.4277228 0.4766059 0.2167770 0.2056457 0.3061199 0.6937718 -0.3618961 0.4447720 0.1906881 0.5904143 0.1673541 0.3440777 0.0110292 0.3337060 0.1555467 0.1220391 -0.0278917 0.4142966 0.0962092 -0.0255445 -0.0719808 0.2004757 0.4458819 0.3611444 0.1886534 0.0118768 0.0942476 0.3975368 0.2461094 0.2631628 0.1047072 0.3169007 0.5481220 0.3594682 0.5605943 0.2389403 0.4438242 0.2904558 0.3041692 0.0433861 0.1151896 0.3022534 0.3253455 0.1423848 0.2359361 0.3217457 0.2242614 0.0809570 0.1152888 0.1588026 -0.0357337 0.0660536 0.5617357 0.0522058 0.0256195 0.0330850 -0.3585700 0.0617576 -0.1549820 0.0979541 0.0345156 -0.1519193 0.1453828 -0.1353086 -0.1593147 0.0957017 0.2628277 0.0094639 0.0941457 0.1164464 0.2195933 0.1898449 -0.0247863 -0.1730889 0.1680755 0.3135452 -0.2097603 0.1576694 0.4074736 0.4789439 0.1476168 -0.0097466 -0.0616794 0.1809287 -0.1180996 0.0620322 0.2169169 0.3748416 0.4404232 0.1651437
-0.0083674 0.4207760 0.2689961 -0.0884052 0.1585561 0.3551747 0.0000000 -0.1973222 0.1984479 0.2142821 0.2168468 0.7452763 0.0447634 0.3826415 0.4920408 0.0277558 0.7160597 0.2319563 0.0125247 0.2189753 0.4950473 -0.0918904 0.2609514 0.1107396 -0.0037190 -0.1154671 0.7190436 0.2900410 0.1993594 0.5398879 0.4131727 0.3380864 0.0565650 0.0120170 0.2188864 0.2134091 0.2798344 0.1415231 0.4282819 0.4634337 -0.1919788 0.1833918 0.2867104 0.0076299 0.0691128 0.2696186 0.0418792 -0.1478982 0.0319603 0.2720248 0.2430294 0.2233314 -0.0151861 -0.1186484 -0.1175279 0.1391143 0.3883122 -0.0465806 -0.1716434 0.3229247 0.1170122 0.0872024 -0.2069760 0.1224868 -0.0101760 0.3585807 0.2796045 -0.0962047 0.0250029 0.2297869 0.0962314 0.1482510 0.2941303 0.1759496 -0.0698214 0.3127681 0.3539209 0.2286874 0.2535772 0.3618247 0.5768975 0.2273634 0.3476627 -0.1115649 0.1687806 0.0287347 0.2507013 0.0145259 -0.1939870 0.1246117 0.3583934 0.2750604 -0.0117624 0.0666681 -0.0857825 0.1134365 0.0198058 -0.0446616 0.0606422 -0.2592648 -0.0754549 0.0901505 0.0296320 0.2320930 -0.3666867 0.3240685 0.1876896 0.1104506 -0.0166351 0.2288672 -0.3248331 0.0662568 0.2125925 0.0874863 -0.1343654 0.1015270 0.1430896 -0.0479540 0.0165808 -0.2567318 -0.0851220 0.0297431 0.2525231 0.4313768 -0.4600591 0.1326038 0.2525387 0.2026635 0.0287593 0.2153518 -0.1538861 -0.0513235 0.2205245 0.3961514 -0.0392038 -0.0929476 -0.1869195 0.1508111 -0.1173065 0.3899600 -0.2037427 0.0379987 -0.1649499 -0.0680844 -0.3114144 0.0300244 -0.2294338 -0.2433455 -0.2132965 -0.0955443 0.2177809 0.1187580 0.1111489 -0.2359655 0.1891842 0.0914539 -0.1313415 -0.0408933 -0.0618701 -0.3434254 0.1361991 0.1745853 0.3009147 0.1071383 0.2398671 -0.0357047 0.1764056 -0.2357431 0.0229404 -0.0383030 -0.1529687 -0.2499623 0.2706732 0.5316549 0.8148631 0.7608004 0.7699683 0.6299165 0.4632333 0.2068012 0.0250648 -0.3558307 -0.2428272 -0.3567357 -0.3440845 0.1764147 0.0282012 0.0801105 0.5011321 0.6135539 0.0593846 0.6592124 0.6163269 0.5469922 0.4870026 0.4940268 0.6101069 0.5397322 0.5101479 0.2750535 0.4336396 -0.0558416 -0.0867301 0.5830365 0.0720967 0.2506005 0.4057093 0.2087391 0.1595461 0.2715768 -0.0756602 0.5084920 0.2241487 0.0887152 0.1760467 0.3115500 0.3007489 0.1667411
0.5969429 0.4966186 0.4802714 0.7900724 0.3790032 0.4163361 -0.1973222 0.0000000 0.3817891 0.4176026 0.4644005 -0.3182998 0.6742100 0.0543765 0.3002917 0.4222289 -0.0642795 0.2073285 0.1729765 0.6538656 -0.2407517 0.1003133 0.3551666 0.1272322 0.2811596 0.3495558 0.0782667 -0.0347790 0.5444870 0.0012227 -0.2095428 0.2177800 -0.0484665 0.1773507 0.0332942 -0.0792800 0.0673032 0.0300256 0.2202199 -0.0550586 -0.0152788 0.3429487 0.2385357 -0.2978474 0.6091854 0.1691850 0.0556322 0.0562222 -0.2332686 0.0291257 0.0486257 0.2618918 0.1463123 0.3456181 0.2241106 0.2117237 0.0044724 0.3497174 0.3083572 0.0522479 0.5215821 0.2113424 0.2976476 0.3173887 0.5823299 -0.0034063 -0.0239736 0.3226594 0.3386906 0.1621449 -0.3254719 0.3018155 0.0979413 0.3007960 -0.0777792 0.0494969 0.0372461 -0.0438371 0.4796215 0.2309526 -0.2387379 -0.4660637 -0.1031648 -0.2102242 -0.1007134 0.2755731 0.0270118 0.0802306 0.0872157 0.0030767 0.3110545 0.1661015 0.1854374 0.2677382 0.4148841 0.2279256 -0.2292750 0.0665770 0.0426753 0.4304704 0.0093362 0.3144499 0.3874952 0.2997253 0.2876809 0.5011215 0.2355269 0.4363367 0.4306578 0.3869643 0.0881858 -0.0183030 0.3600737 0.4155136 0.0580554 0.4234613 0.4189369 0.0546466 0.2185030 0.5361406 0.4954248 0.3812787 0.1480830 -0.2998685 0.6691993 -0.0573456 0.4473012 0.0478917 0.4073478 0.1693172 0.4524587 0.1931102 0.0614645 0.2354810 -0.2416506 0.3842768 0.4406807 0.3859590 0.3927641 -0.1694008 0.1688527 0.6203310 -0.0737561 0.1544041 0.6277959 0.3781881 0.5930376 0.4801175 0.0130214 0.6214391 0.4683799 0.4371522 0.4833453 0.0575557 -0.0063446 0.3937265 0.2722296 0.5858448 0.1368841 0.4149032 0.4297833 0.5309819 0.0936936 -0.0133965 0.4585103 0.2775854 0.0558033 0.0911124 -0.0844977 0.2339726 0.4033353 0.2575951 -0.4205902 -0.2601731 -0.3533268 -0.2191322 -0.5303481 -0.4645435 -0.5608320 -0.2723691 0.0665906 0.4600604 0.4611451 0.6018682 0.2367745 0.3480409 0.1995828 0.4200418 -0.2066601 -0.4185854 -0.1159593 -0.3874621 -0.4203181 -0.5303156 -0.3118438 -0.5391195 -0.4928076 -0.3022109 -0.0332139 -0.2197853 0.1235213 0.3193186 0.1287643 -0.1801949 0.4416173 0.2075849 0.2892368 0.4655859 0.0221811 -0.1919964 -0.0329874 -0.5518234 0.0934325 -0.0603793 -0.3974231 0.3585478 -0.0197398 0.2215461
0.3235567 0.0558907 0.1946545 0.4983119 0.1799863 0.7929751 0.1984479 0.3817891 0.0000000 -0.0172945 0.2879762 0.2639376 0.2844086 0.1465722 0.7143259 0.3488147 0.2365072 0.3402276 0.2333146 0.3999700 0.1546772 0.2427626 0.2754838 0.6681143 0.2373644 0.2186316 0.2755402 0.3193991 0.7320385 0.2209668 0.3495086 0.2401457 0.5791861 0.7596494 0.0201934 0.0199442 0.2707307 0.0383119 0.2598413 0.2296886 -0.3147893 0.2170186 -0.0362298 -0.0623298 0.5387678 0.1252140 0.0295169 -0.1487906 0.4469305 0.1205508 -0.0163879 0.1732729 0.7262859 -0.0825002 0.1171025 0.0862864 0.2519535 0.0516601 0.2578305 0.1561421 0.4203660 -0.1154514 -0.0312210 0.7720522 0.6943221 0.0170190 0.2494884 -0.0791692 0.4497792 0.3111499 0.2795530 0.6204186 0.5052046 0.6861002 0.2632843 0.4803446 0.7643010 0.2041892 0.5741627 0.5421581 0.2489167 -0.0063556 0.3388058 -0.0848338 0.2084195 0.5121512 0.5026454 0.3086729 0.3623115 0.4369798 0.7711331 0.4717660 0.2304204 0.3199700 0.5643846 0.4408223 0.0910973 0.2506942 0.0520891 0.1517793 0.3307514 0.6044083 0.4977801 0.5738352 0.4823881 0.4857756 0.4361650 0.5359822 0.5415724 0.4297384 0.2959817 0.3736735 0.3944135 0.3918568 0.1455506 0.3390471 0.3275006 -0.0081375 0.3474057 0.0085366 0.0777800 0.4153939 0.0357062 0.4359942 0.1510490 0.0211058 0.0503897 0.2183764 0.2258239 0.3412276 0.0607209 0.1226500 0.1495014 0.5181761 -0.4379465 0.2950558 0.1629295 0.3474191 0.0054000 0.0945555 -0.0843912 0.3059541 0.1555592 -0.0383556 -0.1041779 0.4483524 0.0739551 0.0341439 -0.0552206 0.2413213 0.4327431 0.2553022 0.1158194 0.0911626 0.0143423 0.4275685 0.2652912 0.2315512 0.1881520 0.3025664 0.5587302 0.3566162 0.4950243 0.1032210 0.3519912 0.3408130 0.2481953 0.1239658 0.1230281 0.3482137 0.3878853 0.1781803 -0.0185247 0.1487937 0.1432405 0.0920685 0.0485502 0.1833223 -0.1541014 0.0293686 0.4252670 0.2092086 0.3113178 0.2715953 0.0851746 0.3133697 0.2571432 0.4789197 0.3265455 -0.0998154 0.0770966 -0.0992829 -0.1148239 -0.0527803 0.0176896 -0.1950082 -0.1006031 0.1976942 0.3937837 -0.1277314 -0.0536039 -0.1653075 0.1469825 0.1666198 -0.0559363 0.2521895 0.0672003 0.3065310 0.0177425 -0.0332928 -0.1345201 0.0514621 0.0678346 0.1819831 0.0704418 0.1482886 0.4183224 0.1098489
0.1849338 0.4367774 0.3751833 0.3882449 0.3168222 0.0892980 0.2142821 0.4176026 -0.0172945 0.0000000 0.8720758 0.1071833 0.3230248 0.1955053 0.0433618 0.6477409 0.3686332 -0.0840228 0.3070709 0.3511676 0.0550118 -0.1448713 0.8021782 -0.2768900 0.3812276 0.4428198 0.2768202 -0.2741093 -0.0088459 0.0609001 -0.1423293 0.4321215 -0.3580623 -0.3546477 0.5960235 -0.0072397 0.3410696 0.0742170 0.2797994 0.0326631 -0.0630291 0.1697132 0.6027008 -0.5125695 0.2397969 0.2543275 0.1943200 -0.0658848 -0.5053701 0.0762462 0.3444312 0.2636163 -0.2434817 0.3762564 -0.1283478 0.0680507 0.1522285 0.3621633 0.2881016 0.2989862 0.3507359 0.3040009 -0.1240957 0.1468725 0.2558628 0.3208225 0.0832450 0.2779734 0.0004146 0.3613661 -0.2332963 -0.0357456 0.0192929 0.0321541 -0.3424454 0.1916845 -0.1913586 -0.2202704 0.2138518 -0.0716819 -0.1607984 -0.0630041 0.1826883 -0.2436868 0.0028810 0.1156472 0.1541471 -0.2032641 -0.3414191 -0.2290899 0.1262823 0.2916517 0.1686750 -0.0338410 0.1506164 0.0265158 -0.1485848 -0.1382193 0.2503260 -0.0203858 -0.2476314 0.2389941 0.2992612 -0.0708134 -0.2801876 0.3535281 0.2810453 0.0898018 0.1739649 0.1637412 0.0190193 0.0570402 0.2272986 0.1532083 -0.0930057 0.1784142 0.1558294 -0.2235456 -0.2163929 0.1614922 0.1618963 0.0454217 0.2116873 -0.4073388 -0.0167959 -0.1168504 0.4366480 -0.0581350 0.1030666 -0.0598392 0.1435184 -0.1187575 -0.1600123 0.0058645 -0.1942419 -0.1736258 0.0684811 0.1715901 0.1179791 -0.1478411 -0.1340632 0.1715736 -0.3377534 -0.2232207 0.0154769 -0.1778521 0.1408326 0.0681309 -0.2330863 0.1015922 0.0189446 -0.0165505 0.2799241 -0.2225024 -0.2155173 -0.2870802 -0.0292524 0.1020373 -0.1756318 -0.1145121 -0.0890947 0.2196198 -0.1744845 -0.0297886 0.1841423 -0.3521428 -0.0374099 -0.3030726 -0.1294516 -0.0161489 -0.0704816 -0.1197038 -0.2135523 -0.1088284 0.1324211 0.1309145 -0.0275628 -0.2084966 -0.1934052 -0.1208339 -0.0959291 -0.1319139 0.1156453 0.0726722 0.0879264 0.3554703 0.1360554 0.0065830 -0.1648185 -0.0754179 -0.0237935 0.0301961 -0.0360400 -0.0832014 0.0063616 0.0337768 -0.0448893 -0.2112694 -0.0913760 0.0871087 0.0381940 0.2935914 0.3166509 -0.0095633 0.4021681 0.0480894 0.3684446 0.1073967 -0.1748745 -0.2373979 0.3154575 -0.1757624 -0.0357467 -0.2485599 -0.2973072 0.1686209 -0.1264222 0.1476728
0.1341716 0.4231484 0.5052468 0.4869902 0.3938262 0.2195065 0.2168468 0.4644005 0.2879762 0.8720758 0.0000000 0.0282538 0.4426983 0.2160013 0.2157468 0.8139690 0.3678440 0.0683337 0.4977983 0.4849473 -0.1372891 0.0669409 0.8862345 -0.0496796 0.5310997 0.4395725 0.2604648 -0.1687954 0.1404283 0.0325569 0.0813617 0.5141098 -0.1708776 -0.0859957 0.5719713 -0.2349543 0.3556329 0.2598952 0.2453347 0.0055090 0.0412382 0.0811352 0.5008323 -0.4185076 0.3275010 0.2954856 0.0834924 0.0716517 -0.3116718 0.2436644 0.2869597 0.2356011 -0.0544293 0.3032626 0.1463433 0.1869593 0.2039983 0.3594775 0.4837008 0.3289617 0.3693091 0.2538015 0.0632418 0.3471418 0.3504881 0.3486941 0.1475615 0.2678184 0.2306097 0.4276698 -0.0971070 0.0324805 0.1405127 0.1119177 -0.1037844 0.3479550 0.0517315 0.0039761 0.4158027 0.1430025 -0.0441984 -0.1235932 0.2330379 -0.3800625 -0.1137364 0.2635610 0.2297179 -0.2176099 -0.3205968 -0.1918299 0.3485695 0.4165844 0.3427992 -0.0252416 0.1716874 0.1955775 -0.0866001 0.1240310 0.0779189 0.1072571 -0.2658608 0.4661454 0.4603970 0.0309672 0.0737423 0.4243332 0.3827411 0.2053016 0.3432324 0.1865199 0.1093754 0.1620621 0.3101580 0.3192724 -0.0640596 0.2682300 0.2760877 -0.2007996 -0.0368900 0.0901761 0.1761896 0.1779256 0.2182483 -0.1322132 0.0396525 -0.1915604 0.3241108 0.0641201 0.0763757 0.1274286 0.1452607 -0.0032759 -0.0252672 0.2338877 -0.2142240 -0.0139374 0.1899491 0.1644695 0.0471061 -0.1683062 -0.1128972 0.2510950 -0.2577419 -0.0573262 0.0084923 0.1689088 0.1356445 0.0476430 -0.2105469 0.2352492 0.1787285 0.1962951 0.2948492 -0.0982837 -0.1412483 -0.0444439 0.1356671 0.2163033 -0.0936720 0.0445989 0.0049715 0.3590150 0.0560781 0.0908855 0.2897307 -0.1411469 0.1219655 -0.1957800 -0.0839312 0.1433585 0.0715269 -0.0593060 -0.3903067 -0.1870083 0.0744278 0.0752345 -0.1377696 -0.2342184 -0.3946742 -0.2730750 -0.0257579 -0.0401604 0.2639816 0.2012495 0.3421668 0.3285374 0.3604715 0.2539934 -0.0404026 -0.1526598 -0.1549789 -0.0709653 -0.1206815 -0.2152365 -0.1243485 -0.1383229 -0.2099776 -0.1933219 0.0637841 -0.0766188 0.0904037 0.3525363 0.3219649 0.0638372 0.4452583 0.2321659 0.3632398 0.2811865 -0.1133519 -0.1080377 0.1921531 -0.1975212 0.1392274 0.0324239 -0.2537462 0.1259201 -0.0374468 0.2120197
-0.2373115 0.1699581 -0.0919556 -0.1001758 -0.1653944 0.4060578 0.7452763 -0.3182998 0.2639376 0.1071833 0.0282538 0.0000000 -0.2512273 0.1098320 0.5339512 -0.0821368 0.5437759 -0.0922087 0.0051659 -0.0877684 0.8963137 -0.0854168 0.0983799 0.3997901 -0.0562376 -0.0884739 0.6351232 0.2201121 0.3406338 0.4749653 0.2875451 0.0791148 0.3520347 0.2463281 0.0897733 0.5415683 0.2367496 -0.1549998 0.2814102 0.3444571 -0.4052720 0.3014891 0.1024673 0.0151328 0.1609348 0.1255861 0.1365480 -0.4041330 0.3186364 -0.0574794 0.1745671 0.0126801 0.2913491 -0.2162985 -0.4096252 -0.0966284 0.3002042 -0.1040532 -0.1847399 0.2354191 0.2156602 0.0117602 -0.4502478 0.3437585 0.1430208 0.0969088 0.3201746 -0.1480452 -0.0736246 0.2514538 0.2705560 0.4249489 0.3021628 0.3927368 -0.0831105 0.2620300 0.3496205 0.1399091 0.1186571 0.0038469 0.3949295 0.4571801 0.6210974 0.2985931 0.5229623 0.2081773 0.4131232 0.1227620 0.2107361 0.4777400 0.3961869 0.2676435 0.1762670 0.0511038 0.2031083 0.1513713 0.3551149 0.1324386 0.4434681 -0.4615432 0.3025357 0.2694322 0.2093806 0.1831302 -0.2340195 0.3019071 0.4023817 0.2719591 0.1430875 0.1738139 0.1205857 0.3555968 0.3404912 0.1217630 0.1334961 0.2183370 0.1108913 0.0610451 0.1557509 -0.2049316 -0.1548601 -0.0574053 0.3724241 0.4907619 -0.3379675 0.3010957 0.1606655 0.4574462 0.0977120 0.2972550 0.0027620 0.1168592 0.2512433 0.2937237 0.0427118 0.0586795 -0.1308165 0.3089890 0.0377297 0.5887788 -0.0210310 -0.0614961 0.1839611 -0.1396488 -0.4417434 -0.0826372 -0.2224690 -0.2212428 0.0387388 -0.1879198 0.1381245 -0.0388506 0.1091875 0.0368172 0.2396826 -0.0367522 0.0814175 -0.1784084 0.1167621 -0.0955191 0.1559071 0.1937586 0.3035088 0.2802422 0.2870554 -0.0198885 0.3590292 -0.0486771 0.2183394 0.2909616 0.0127309 -0.0054734 0.2455946 0.3158961 0.6010139 0.4204157 0.7513472 0.4724754 0.6700653 0.4731816 0.0663949 -0.2502500 -0.2378293 -0.3606384 -0.4996920 0.2542907 -0.1815906 -0.1895379 0.2290165 0.3828636 0.3331569 0.4112748 0.3145353 0.5353593 0.6137850 0.5819807 0.6370069 0.2381139 0.1811340 0.5538660 -0.0320512 -0.5226952 -0.1465167 0.2676565 -0.4676548 -0.1449948 0.1903678 -0.2258472 -0.0297243 -0.1599252 -0.0549191 0.6273073 -0.2967151 -0.1167845 0.2839797 -0.0023276 0.0935135 -0.2562497
0.3772607 0.6221545 0.5841049 0.3106609 0.8298469 0.1960622 0.0447634 0.6742100 0.2844086 0.3230248 0.4426983 -0.2512273 0.0000000 0.4059007 0.2255512 0.4495942 0.0158748 0.3309424 0.4394406 0.7787363 -0.2372410 0.1977546 0.2673885 0.1178915 0.4684526 0.3495783 0.0173915 0.2372911 0.4027021 0.0750558 0.3061628 0.4287715 0.0301604 0.1652473 0.0703728 -0.1052373 0.2323311 0.5377663 0.0126035 0.0560091 0.3388832 0.1579221 0.1842309 -0.1284697 0.4678983 0.4099334 0.1091866 0.5043033 -0.1727120 0.5858443 0.3286251 0.2509666 0.1136252 0.2796088 0.6133096 0.5780370 0.2138566 0.1386540 0.2242268 0.3666118 0.2712550 0.4523875 0.6309247 0.0822677 0.3532655 0.1772629 0.2896540 0.3267263 0.4016082 0.1806576 -0.0863903 0.0048648 0.3288573 0.2529331 0.2907312 0.2775755 0.2641293 0.2451552 0.5890420 0.5578206 -0.0383538 -0.3059095 -0.3014489 -0.0448164 -0.2897585 0.3159089 -0.0394235 -0.2225348 0.2144621 -0.1676351 0.2943196 0.2527242 0.0035859 -0.1059449 0.2870573 0.2564379 -0.0640870 0.0723758 -0.0752576 0.0167703 -0.0925463 0.1441873 0.3864346 -0.0173393 0.2264962 0.4024279 0.1885271 0.3984541 0.3270762 0.3256746 0.0441594 -0.1976408 0.1882304 0.3984242 0.2084111 0.2811259 0.3992031 0.3003924 0.3187185 0.4833981 0.5924472 0.4864786 0.0150863 -0.0229965 0.4017060 -0.0733009 0.3946505 0.0299476 0.3108018 0.2406201 0.3949226 0.3302098 0.1700498 0.2880152 0.1350032 0.2877359 0.4523334 0.2832496 0.3985205 0.0956123 0.2773510 0.7501079 0.0287835 0.1802340 0.4170379 0.4678764 0.6260268 0.5735488 0.2015132 0.7741991 0.6401233 0.5264144 0.5745063 0.2582007 0.1358301 0.5596883 0.3341932 0.7340320 0.3443394 0.2732079 0.4214046 0.6533708 0.2858336 0.1065865 0.5356915 0.3853246 0.2140323 0.3412254 0.1141483 0.2359531 0.5154675 0.3726401 -0.3926962 -0.3372364 -0.0540857 0.0595936 -0.1888456 -0.0337169 -0.2977504 -0.1474125 -0.0114767 0.1365296 0.2132919 0.3223538 0.3248606 0.2773899 0.4234441 0.7346126 0.2129866 -0.1236179 0.0433664 -0.0292403 -0.0876275 -0.3811301 -0.1604465 -0.4461196 -0.4130908 -0.1181692 0.3689003 -0.3884150 0.4525883 0.2065867 -0.1244169 -0.0912571 0.5549316 0.1204462 0.1628924 0.3816806 0.3990237 -0.0787771 -0.0102394 -0.2728875 0.3899973 0.1542846 -0.2104845 0.2660344 -0.0158238 -0.0160454
0.0461304 0.2372319 0.5086620 0.0832808 0.6444888 0.3111198 0.3826415 0.0543765 0.1465722 0.1955053 0.2160013 0.1098320 0.4059007 0.0000000 0.0894169 -0.0857333 0.6914283 0.6788659 -0.0339052 0.4962360 -0.0034081 0.0672293 0.1959634 0.1703420 -0.0181156 -0.0266120 0.3887813 0.6046805 -0.0865908 0.5793564 0.1730397 0.2439627 0.2571678 0.1354560 0.0950867 0.0464036 0.1209047 0.1957534 0.1900095 0.2758349 -0.0272208 -0.0670021 0.0660335 -0.1900221 -0.0632197 0.1692068 -0.0650878 0.1580176 0.0597289 0.4208664 0.1347016 0.2895064 0.2391209 -0.1487941 0.1368546 0.2210092 0.0557863 -0.2932656 -0.3516201 0.1592987 -0.3371627 -0.0122199 0.1402859 -0.3192635 -0.0556672 0.0295567 0.1112324 -0.2736961 0.0716774 -0.2075549 -0.2217335 -0.3787607 0.1783329 -0.2430833 -0.2125304 0.0359922 0.1168431 0.0844083 0.2092814 0.4899438 0.1402234 0.3117198 -0.2303689 -0.0516945 -0.3114368 -0.0679372 0.1353983 -0.2694761 0.0245428 -0.2058208 0.4268602 0.4960172 -0.2206899 -0.2059655 0.1066121 0.5757574 0.2663169 -0.2709054 -0.1690812 -0.3238696 -0.2563908 -0.1742436 -0.0311681 0.0149973 -0.0223480 0.3228924 0.1351887 0.2175374 0.0226630 0.1982558 -0.1902494 0.0228948 0.2375261 0.2437041 -0.1038815 0.3011550 0.3645051 -0.0645144 0.3073810 0.0121468 0.3005638 0.4358474 -0.0953057 0.3040364 -0.2539668 0.0110826 0.3919599 -0.0915900 0.0472978 0.0874891 -0.0365111 -0.0514748 0.2304397 0.3430948 -0.0483735 -0.1772173 -0.1855787 0.0606986 -0.0754527 0.2489861 -0.1173701 0.1140708 -0.1587809 -0.1533156 -0.3372538 -0.0603129 -0.0849088 -0.1211510 -0.1949178 0.0509674 0.0854857 0.1774654 -0.0518186 -0.2136028 0.0979076 -0.0092809 -0.0450760 0.2119978 -0.0392380 -0.2483772 0.1370828 0.0163565 0.3039702 0.1755348 0.0881505 0.0075798 0.0640235 -0.0806843 0.1966938 -0.1356848 0.0202168 -0.0849130 0.3403494 0.2500935 0.5530242 0.4750154 0.4028423 0.5214537 0.2191302 0.2540211 0.4412849 -0.3964297 -0.3051034 -0.3987600 -0.2408156 -0.3666855 -0.1895364 0.1523625 0.2752825 0.3492989 0.1778581 0.4031335 0.3961022 0.2675611 0.3472232 0.2666682 0.3404852 0.3953611 0.5480478 0.1051681 0.6062734 0.1096326 -0.0816480 0.2620242 0.3093880 0.0302562 0.2065157 0.4998734 0.6885306 0.4076212 -0.0472262 0.3789480 0.3130675 0.0690970 0.3643773 0.4699012 0.5737984 0.1674131
0.0472927 0.3515301 0.1826907 0.4058511 0.0055005 0.7156792 0.4920408 0.3002917 0.7143259 0.0433618 0.2157468 0.5339512 0.2255512 0.0894169 0.0000000 0.0979993 0.3732803 0.2239036 0.0249953 0.3563830 0.4955520 0.0166708 0.2313177 0.6235176 -0.0844483 -0.0468090 0.5844744 0.2287712 0.8301770 0.2709687 0.3005727 -0.0135284 0.4207428 0.6060635 -0.1054975 0.4401669 0.0128516 -0.1173230 0.1295067 0.0550473 -0.2437906 0.6087880 -0.1593693 -0.2527111 0.6451086 0.0345057 -0.1394865 -0.1804742 0.2771489 -0.0683800 -0.0662324 -0.0167800 0.5643987 -0.2903651 0.0316017 0.0792884 0.1204036 -0.1503160 0.2374766 0.0411328 0.5716160 -0.0974560 -0.0286389 0.6273232 0.6227819 -0.0583797 0.1472315 -0.0724957 0.2315880 0.1651984 0.1407085 0.6785592 0.2285742 0.6465050 0.1019219 0.1809131 0.6218515 0.2907693 0.3987012 0.4574761 0.3374864 -0.1221561 0.4040281 -0.0704311 0.2757255 0.3200336 0.1757712 0.2310683 0.1141748 0.4484985 0.6479141 0.1750575 0.4620626 0.3494977 0.3550995 0.3993750 0.1055646 0.4273484 0.2031648 -0.0105724 0.3135139 0.5591072 0.4447038 0.5490857 0.1942622 0.4739330 0.5426566 0.5703591 0.5304329 0.5400443 0.1380652 0.4639766 0.6122826 0.5015057 0.2077921 0.6304318 0.4145155 0.0941082 0.4981681 0.0500920 0.0954428 0.2417982 0.3008735 0.5299509 0.2236688 0.2318639 0.1430733 0.4808209 0.4093028 0.4294618 0.2335769 0.1167714 0.2120056 0.6317252 -0.2773397 0.3883641 0.1887106 0.5356437 0.1499780 0.5085382 0.0058298 0.3289784 0.1457560 0.0885290 0.0240264 0.4400962 0.0586308 -0.0343849 -0.0569806 0.2190674 0.6210913 0.4074963 0.2625721 0.1086625 0.1365823 0.5686976 0.2866745 0.1914373 0.0757785 0.4456786 0.4832370 0.5228190 0.6441335 0.3492772 0.4744324 0.3896953 0.4245957 0.0215279 -0.0030676 0.3764102 0.2692804 0.0301188 -0.1247611 0.1146315 0.2462981 0.2334942 0.2396394 0.1994176 0.0609576 0.0166286 0.0742556 0.1196321 0.2692011 0.1465956 -0.0398418 0.4334496 0.1592677 0.2729042 0.3247176 0.1152923 0.1732693 0.0746636 0.0176181 0.1487033 0.2630964 0.1170150 0.2329582 0.1866703 0.2212346 0.2575127 0.0323022 -0.0799719 0.0021286 0.3328143 -0.0701335 0.2201484 0.3305184 0.2093830 0.0069826 -0.0283896 -0.2846363 0.1856284 0.0673925 0.0024261 0.0175887 0.2395037 0.1214682 0.0276457
0.2407769 0.3014176 0.3209580 0.3549417 0.4142743 0.0272070 0.0277558 0.4222289 0.3488147 0.6477409 0.8139690 -0.0821368 0.4495942 -0.0857333 0.0979993 0.0000000 -0.0695218 -0.1276936 0.7953546 0.3146807 -0.2235697 -0.0041288 0.6800503 -0.0941381 0.8163906 0.7802235 -0.1424659 -0.2673393 0.1692564 -0.1966742 0.2277034 0.7151575 -0.1593917 -0.0622828 0.7074780 -0.3865525 0.6588279 0.4823400 0.1607108 0.0347777 0.2097309 -0.1235093 0.5708025 -0.0895487 0.3012517 0.5387034 0.4579172 0.2266621 -0.1822742 0.4420347 0.5618945 0.3051304 -0.0913524 0.5188920 0.3433748 0.4234700 0.5162693 0.5159597 0.4759511 0.5934958 0.3556676 0.5027120 0.2034908 0.4940478 0.3103044 0.5638321 0.4363320 0.5626556 0.3811425 0.7244551 0.2427864 0.1489398 0.4241159 0.3845155 0.3569812 0.6556095 0.2726220 0.2470522 0.5520671 0.1819737 0.1507672 -0.2184743 0.2103063 -0.1436112 -0.0497630 0.5087559 0.3808718 -0.2784347 -0.0574497 -0.1631105 0.3052820 0.4319448 0.2386973 -0.1026124 0.3317677 0.0119824 -0.1015004 0.1464855 0.0862956 0.0563734 -0.1156023 0.5091594 0.5250194 -0.0806872 0.1614018 0.2530012 0.2573664 0.0176523 0.3588899 -0.1029777 0.2425003 0.0088944 0.0048715 0.0768826 0.0215268 -0.0576090 -0.0593667 -0.1618100 -0.2676011 0.0378284 -0.0051081 0.0027115 -0.0792331 -0.2370086 0.0344359 -0.3260968 0.0069572 0.0029316 0.0089008 0.0285972 0.0525537 0.0823307 -0.1507138 0.0141319 -0.1555970 -0.0104916 0.2115787 0.0749162 0.0041209 -0.3421275 -0.0530906 0.2407069 -0.0941464 -0.2000826 0.0132461 0.1658428 0.2175831 0.2382991 -0.0346099 0.2600315 0.0719121 -0.0094898 0.3047879 0.0270412 -0.0880471 -0.0247587 0.1894402 0.1914236 0.1385406 0.0330773 0.1195602 0.3516163 -0.0370699 -0.0136812 0.2811734 -0.1890148 0.0478653 0.0244082 0.1024950 0.2358780 0.1717250 0.1103918 -0.4884004 -0.3155893 -0.0695109 -0.0655715 -0.1924767 -0.2195139 -0.3703693 -0.1699237 -0.0474982 0.1693431 0.3044509 0.3911345 0.4260297 0.5116452 0.4704876 0.4587031 0.0844867 -0.2258320 -0.1443528 -0.1001116 -0.1504648 -0.3338618 -0.3330688 -0.3311316 -0.4090176 -0.1927176 0.1061129 -0.3524159 0.0487634 0.2011627 0.3389123 0.0197865 0.4405822 0.3715180 -0.0236192 0.0594594 -0.1750879 -0.2868503 0.2541881 -0.2226412 0.2095243 0.1854068 -0.2892710 -0.0418707 -0.1108674 -0.0183744
0.0032104 0.2340244 0.3921055 0.0821604 0.1657057 0.4425336 0.7160597 -0.0642795 0.2365072 0.3686332 0.3678440 0.5437759 0.0158748 0.6914283 0.3732803 -0.0695218 0.0000000 0.3502837 -0.1671607 0.3279049 0.3277687 0.0817369 0.4143701 0.1149873 -0.1457772 -0.2760952 0.7159054 0.2431417 0.0941604 0.4763808 0.1771098 0.1664772 0.0945547 0.0637136 0.0608341 0.2310585 -0.0272372 -0.0573309 0.2888987 0.2095777 -0.2728216 0.2534501 0.0635940 -0.4396137 0.0973753 -0.0237647 -0.2573916 -0.1670977 -0.0733373 0.0692948 -0.1277566 0.0270392 0.1496975 -0.3634980 -0.2158756 -0.0806986 -0.0049030 -0.2743760 -0.0502205 -0.0664521 0.0753539 -0.2990539 -0.2329175 -0.0325168 0.1563254 0.1104634 -0.0916123 -0.4485545 0.0379138 -0.1528646 -0.2170245 -0.1035368 0.0709759 -0.1570327 -0.4758724 -0.0118915 0.0610103 -0.1473800 0.0753212 0.3109984 0.1595715 0.2563575 0.2039014 -0.2548168 -0.0141863 -0.1252445 0.2675051 0.0001153 -0.2608876 0.0168761 0.3994515 0.3957528 -0.0079186 0.0452580 0.0048604 0.4331817 0.0911634 -0.1896107 0.0418848 -0.2090440 -0.2117589 0.0531547 0.0491858 0.2572446 -0.2246341 0.4487422 0.2606351 0.2515399 0.0209800 0.3252971 -0.2312829 0.1749758 0.3904788 0.2910747 -0.1837150 0.3728516 0.4491222 -0.1341519 0.2641111 -0.1545458 0.1403040 0.3612693 0.2399655 0.3283931 -0.3638827 0.1385883 0.5041450 0.0483958 0.0105636 0.1646740 -0.0784958 -0.2141521 0.2234052 0.4220516 -0.1996825 -0.2244049 -0.2191535 0.1008347 -0.1136515 0.2743984 -0.2871672 -0.0218600 -0.2680633 -0.1560897 -0.3742324 -0.1000561 -0.2719960 -0.3366863 -0.3374105 -0.1349078 0.1353292 0.1412308 -0.0653963 -0.3222886 0.0675106 -0.1339131 -0.1483042 -0.0144610 -0.2614301 -0.3080985 0.0412914 0.0126385 0.2131708 0.0694414 0.0723666 -0.0153568 0.1209394 -0.3823584 -0.1055231 -0.1392074 -0.1656682 -0.3245207 0.2899316 0.4575479 0.6728657 0.6615610 0.5490634 0.4653164 0.2317483 0.0769549 0.1608307 -0.4515782 -0.1125054 -0.3924438 -0.2174692 -0.0826580 -0.0558707 -0.0582210 0.2564295 0.4654622 0.0617653 0.4496532 0.4341296 0.4169140 0.4709292 0.4683257 0.5502606 0.4098928 0.3980938 0.3788239 0.2944675 0.0142356 -0.0393746 0.2721252 0.1103048 0.0039589 0.5182921 0.2807497 0.1624217 0.3054953 -0.1263735 0.3204652 0.0814764 -0.1396829 0.1086159 0.3110735 0.4402823 0.3634004
