0.0000000 0.6824285 0.5145315 0.1581397 0.5577050 0.4287047 0.5909432 0.1038269 0.4008324 0.4434077 0.1337025 0.5494291 0.0767617 0.1980482 0.3161076 0.0392340 0.4422670 0.1613613 -0.1509481 0.3702743 0.4659122 -0.0683248 0.3913261 0.0296582 -0.1761341 0.1128007 0.4832286 0.0504808 0.2519963 0.2837619 0.1961738 0.1261033 -0.0634314 -0.1092750 0.0092807 0.5605031 0.1198076 -0.0675999 0.3573789 0.4300602 0.1537458 0.5939250 0.2093109 0.2568406 -0.1982403 0.0342969 -0.1113525 0.1090916 0.0927361 -0.1181625 -0.0616203 0.2139834 0.0023520 0.3267683 0.4140621 0.0938986 -0.0792964 0.1933130 0.4143920 -0.0548180 0.3798390 0.1675001 0.6058623 0.0987923 0.2418759 0.1190117 -0.1520926 0.1162795 0.5238338 0.1154406 0.0135794 0.2893586 0.0473329 0.5400237 0.0333335 0.4980026 0.5356457 0.1394327 0.5487839 0.5732044 0.6577364 0.0771889 0.2153991 0.1538498 0.0939371 0.4896941 0.1933343 -0.0486703 0.3251342 0.1898468 0.2479241 0.1245516 0.2171728 -0.0396382 0.1834999 0.4102969 0.2684065 -0.1291698 -0.1980637 -0.0054396 0.2131217 0.1009931 0.3170922 -0.2343230 0.1782917 0.3464188 0.1379171 0.3563216 0.2565042 0.1513438 0.2193978 0.1638144 -0.0192425 -0.0399714 0.0537780 0.0423746 0.0311739 0.0499428 0.1760529 0.0574167 0.0059688 -0.0251553 0.1681934 0.4996287 0.2659848 -0.1830467 -0.1578062 0.0218635 0.0464938 0.3420873 0.2754541 0.2698639 -0.1932001 0.3559318 0.2939912 0.1489943 0.2317576 0.0354899 0.0160075 0.3313145 0.2032393 0.1477911 0.3598279 0.2190910 0.2303234 0.0788869 0.1878228 0.0305766 0.2913133 0.4402845 0.4277781 0.3153968 0.2297467 0.2229997 -0.0965027 0.3298019 0.4471516 0.3137195 0.5001980 0.3382942 0.5773503 0.3845552 0.4299760 0.3952616 0.4423221 0.5184608 0.4153123 0.5476650 0.4656941 0.3851311 0.6062007 0.7465253 0.5742916 0.6514102 0.6200537 0.6113541 0.5282957 0.4513450 0.5337574 0.5012895 0.2981877 0.3829150 0.4942185 0.4137431 0.7172706 0.6024058 0.7325812 0.7776891 0.6654107 0.4861254 0.1932832 0.5028983 0.4517666 0.2633994 0.0784255 0.2703046 0.3753693 0.5099899 0.5956936 -0.0692242 0.5380556 0.3967091 0.4631688 0.4415991 0.5026813 0.7429364 0.2769246 0.6332422 0.4411157 0.5745818 0.3011498 0.3566699 0.6827114 0.6225355 0.4602400 0.5222438 0.6238699 0.6757816
0.6824285 0.0000000 0.7105116 0.5657776 0.5793583 0.8158772 0.6916663 0.4124915 0.4852454 0.2950981 0.3445914 0.8710689 0.3172540 -0.0051727 0.3433106 0.1669476 0.4304103 -0.0458305 0.0826807 0.2451273 0.8068029 -0.0254920 0.2573145 -0.0210276 -0.0414577 0.1391579 0.2195738 -0.1945727 0.3053180 0.0410314 0.1246223 0.1824250 -0.2224364 -0.1735018 0.1144326 0.7370050 0.2830750 -0.1009138 0.1724931 -0.0103586 0.0318742 0.7542437 0.0493140 -0.0127038 -0.2979524 0.1592023 -0.0228204 0.0036322 0.2135013 -0.1084425 -0.0431327 0.1286805 0.0715217 0.4448391 0.1973813 0.1000390 0.1252450 0.4124676 0.5651042 -0.0159305 0.5914852 0.4082567 0.1955047 0.4277256 0.5053992 0.1280117 0.1962688 0.4985300 0.2174790 0.4109155 0.2863162 0.5353205 0.3793603 0.7556677 0.3673182 0.6990683 0.7502122 0.3672106 0.6857563 0.7412311 0.5966058 0.2476611 0.3016761 0.1289087 0.1052495 0.3721955 0.4228047 0.0045356 0.3211999 0.2877607 0.2439003 0.1872576 0.0806554 0.1074881 0.2438641 0.2995363 0.1069128 -0.0089962 -0.1309478 0.2829360 0.5062966 0.0261320 0.1687822 0.0285511 -0.0052973 0.2370356 0.2186234 0.3473849 0.2085935 0.2553244 0.0965684 0.2667224 0.0920956 0.1845303 0.2888421 0.4149053 0.2282696 0.3425287 0.5010646 0.2760476 0.0612240 0.2295420 0.2120364 0.7502949 0.4123360 0.0423733 0.0079325 0.1601258 0.3975261 0.5372951 0.4991575 0.2713188 -0.1226140 0.5978144 0.1103321 0.2103783 0.4550335 0.3666749 0.1994957 0.7369424 0.2787479 0.5300227 0.6106143 0.6843195 0.6275077 0.2299443 0.4635449 0.4021044 0.4045486 0.7794696 0.8158875 0.6779974 0.4858578 0.4237752 0.2637785 0.6517310 0.6627562 0.6004723 0.6674869 0.7704897 0.6566709 0.5055570 0.5945229 0.7675179 0.4384258 0.5773648 0.5406811 0.6099464 0.6404862 0.4344213 0.6314374 0.6895082 0.2467539 0.7253931 0.9083893 0.9164345 0.8974147 0.6436484 0.8020074 0.7915862 0.4978442 0.6934078 0.6402039 0.6873369 0.7340886 0.7868596 0.6344147 0.6384348 0.9149428 0.6145226 0.3893244 0.7533072 0.6952042 0.6208471 0.4935851 0.6498501 0.7758202 0.7201336 0.6817012 0.2336709 0.4590044 0.2178566 0.4117180 0.5561061 0.3745430 0.6174427 0.5053545 0.4060107 0.3465888 0.4923630 0.3427562 0.6656219 0.6194840 0.8682030 0.6635225 0.2546066 0.4851293 0.6943417
0.5145315 0.7105116 0.0000000 0.5205974 0.6678820 0.7373676 0.7054239 0.4321878 0.3688984 0.5296925 0.5353171 0.6405878 0.5043107 -0.1644343 -0.0268826 0.3810567 0.5837341 -0.2506572 0.2587535 0.3447373 0.5511161 0.1689483 0.6312624 -0.4099077 0.1243718 0.4173917 0.1292715 -0.5084557 0.1082391 -0.3192026 0.1370241 0.3170054 -0.5198729 -0.4538142 0.3940146 0.5324916 0.4051828 0.0970726 0.0114357 0.1429431 -0.0552190 0.5616304 0.2329729 0.0043744 -0.3764419 0.3861654 0.2232479 0.0739397 0.1686966 0.0140418 0.2841671 0.2516215 -0.2023342 0.7491638 0.5533951 0.3806794 0.3671520 0.6974597 0.4848770 0.2827730 0.4814940 0.6296653 0.3029818 0.4832700 0.6949334 0.3680494 0.4091872 0.6728635 0.4133983 0.5122734 0.4233457 0.4605445 0.5773590 0.7366230 0.4551893 0.6209231 0.6545024 0.4393608 0.6201900 0.4266990 0.5663617 0.0628709 0.3663182 -0.0148651 -0.0117602 0.4169201 0.2303495 -0.3393695 0.2001375 0.1739559 0.2473887 0.1431164 0.0820344 -0.1161628 0.0573909 0.4567794 0.1139163 0.0661033 -0.0114608 0.3313174 0.4411324 0.1535620 0.3904258 -0.0746875 -0.0460957 0.3563854 0.1600491 0.4008348 0.0843736 -0.0591492 0.1354256 -0.0175665 0.1027240 -0.0320365 -0.0409244 0.1155564 -0.0033761 0.1862325 0.2830712 0.0525747 -0.0774294 -0.0024221 0.2130078 0.5647153 0.3354153 -0.3070353 0.1056854 -0.0855868 0.0784895 0.4397549 0.3491038 -0.0441932 0.1217425 0.2932149 -0.1334317 -0.0274077 0.2021957 0.0152470 -0.2106429 0.5679569 -0.1450588 0.1432569 0.3829648 0.3887925 0.2991862 0.1051913 0.0646579 0.0145337 0.0883260 0.4809478 0.4588725 0.3840765 0.1546987 0.2741003 -0.1250303 0.3151838 0.5451837 0.3007217 0.2579489 0.5937876 0.4511707 0.2606386 0.4297597 0.7052610 0.1110617 0.4145999 0.3805477 0.1689995 0.7476484 0.2156783 0.3235483 0.4791140 0.0240937 0.6519195 0.4982491 0.7822897 0.7434819 0.5855338 0.6270255 0.6988269 0.2066416 0.4188973 0.6211719 0.4252371 0.4988533 0.7655470 0.4661501 0.5391367 0.6713661 0.2796074 0.1342094 0.4069854 0.4438734 0.5641390 0.1994647 0.4426665 0.5606165 0.5009606 0.5271580 -0.1458294 0.3705032 0.0458056 0.2354039 0.4820621 0.3454764 0.6762257 0.3268324 0.5694955 0.4358793 0.3288436 0.2203220 0.6946339 0.6396340 0.7197975 0.7761940 0.4073626 0.3728016 0.5642704
0.1581397 0.5657776 0.5205974 0.0000000 0.7207530 0.7797832 0.3949508 0.8484787 0.4910646 0.5128831 0.7129669 0.5433603 0.7038263 0.2098432 -0.0021411 0.6996365 0.6078136 -0.0648864 0.6495260 0.3785481 0.6287139 0.4877665 0.5759668 -0.3467478 0.4457400 0.6078444 0.0480616 -0.4484911 0.0823672 -0.3212692 0.4419976 0.5336991 -0.5081881 -0.2986093 0.4991992 0.6631236 0.6888739 0.3556642 0.0866097 -0.1560990 0.1915880 0.5224489 0.3347198 -0.2290279 -0.6651914 0.6643947 0.4517992 0.2070860 0.1935636 0.3739810 0.4324273 0.3712228 0.0875799 0.6026497 0.3903887 0.5681193 0.6438297 0.6222509 0.1313419 0.4441511 0.1546407 0.6752040 0.0313134 0.5639376 0.3768320 0.4346748 0.6226463 0.7560299 0.0945404 0.7759932 0.6361261 0.5653538 0.6189643 0.6095427 0.5912726 0.5743484 0.6641666 0.5189190 0.4302957 0.2826334 0.2067360 0.1630580 0.0938235 -0.3616748 -0.3138837 0.0925565 0.2936091 -0.3332819 0.0079558 -0.1036213 0.3753441 0.3451097 -0.0243066 -0.3142357 0.3482634 0.0694119 0.1544014 -0.1946887 -0.1543623 -0.0238772 0.1844218 0.1226869 0.0158995 -0.2972366 0.1046811 0.2728800 -0.0888634 0.0626701 0.2330776 -0.3096350 0.2643718 -0.1153293 -0.0281706 -0.3144252 -0.2319699 0.0042002 -0.3551359 -0.0037623 0.1055705 0.0118413 -0.2086042 0.0422448 0.3574995 0.5100088 0.2708498 -0.1433405 0.1680611 0.2338193 0.2001344 0.3617888 0.3261020 0.1850398 0.1870932 0.2988936 -0.3757296 0.3041928 0.2314225 0.1939148 -0.0819381 0.5383289 0.2164003 0.3107232 0.5880914 0.5395380 0.4631405 0.3718667 0.1553763 0.1449693 -0.0237082 0.5908793 0.5227791 0.5473348 0.1784411 0.5102922 -0.0420921 0.4681573 0.5732333 0.3962765 0.2900380 0.6626313 0.2965150 0.2932492 0.5614349 0.6580125 0.1641238 0.3522228 0.4340368 0.2005909 0.3069741 0.3468446 0.3022065 0.2313627 -0.0429939 0.3137329 0.4306417 0.5155372 0.5615731 0.1928011 0.6389882 0.5265919 -0.0903775 0.3665396 0.4041818 0.3249099 0.3106746 0.4513282 0.0856374 0.0770429 0.6037499 0.3910610 0.3059141 0.4979400 0.3398331 0.5947585 0.2623753 0.6188259 0.5534989 0.3650698 0.2346391 0.0157541 0.3535450 0.0720719 0.2559302 0.6204684 0.5056860 0.3964826 0.0965589 0.3663562 0.2696901 0.1793692 0.2939665 0.4359955 0.5157549 0.6453269 0.5120352 0.4164284 0.3526528 0.4511419
0.5577050 0.5793583 0.6678820 0.7207530 0.0000000 0.5967820 0.4013549 0.6779288 0.4254119 0.6113227 0.5841663 0.4420359 0.5340229 0.1871298 -0.0349550 0.6432632 0.6570044 -0.0024289 0.4641220 0.5415304 0.5820525 0.3699790 0.7454584 -0.2638765 0.3256999 0.6072730 0.3120977 -0.2910163 0.2041177 -0.0729529 0.5404834 0.5630555 -0.3617919 -0.2619050 0.3891857 0.5543146 0.5862719 0.3579482 0.3601352 0.2370338 0.2698416 0.4343333 0.4788173 0.1255391 -0.6829174 0.5424181 0.2961485 0.3924828 0.3206032 0.3452987 0.3200823 0.5352294 0.0611892 0.6486216 0.6377906 0.5423600 0.3980903 0.6232021 0.1237883 0.3325558 0.0075573 0.5069819 0.5486119 0.5085763 0.3849866 0.3735793 0.3190785 0.5038097 0.5154806 0.5916122 0.4226016 0.5830017 0.4289934 0.7043234 0.3523133 0.6473722 0.7099230 0.4990276 0.5852116 0.4677210 0.6301159 0.1308332 0.1176811 -0.3097271 -0.3499070 0.2468706 0.3697737 -0.4698842 0.0483257 -0.2217411 0.4675936 0.3777585 0.0954897 -0.3943482 0.3646399 0.2132177 0.3220180 -0.3433820 -0.2947631 -0.2582485 -0.0875994 0.1644016 0.1625223 -0.4570722 0.2211042 0.2709845 -0.0561839 0.0808066 0.2015834 -0.2291107 0.2139814 -0.1590409 -0.2430733 -0.3537731 -0.3991141 -0.1935977 -0.3483337 -0.2165849 -0.0577400 -0.2287521 -0.2954872 -0.2291276 0.2827715 0.3787700 0.0967556 -0.4369981 -0.0233880 0.0260409 -0.1829762 0.2063686 0.1248649 0.3033312 0.0680404 0.0362529 -0.0691784 0.1882101 0.0020201 -0.1627556 -0.2862448 0.2472983 0.2352926 -0.0480213 0.5050949 0.2149399 0.0774278 0.2176778 -0.1329676 -0.1948019 0.0509149 0.3678264 0.2611148 0.2335264 -0.0145305 0.4645422 -0.3744306 0.2597803 0.4287558 0.1221870 0.2629323 0.3904696 0.2724201 0.2542574 0.4228205 0.4712412 0.1396862 0.3444100 0.3410703 0.2047039 0.2929006 0.2959721 0.3801267 0.4095051 0.2836137 0.5554283 0.4448070 0.5558101 0.5706806 0.2919400 0.6678500 0.5536370 -0.0304672 0.3101672 0.2414007 0.1052210 0.3432171 0.6139127 0.2720910 0.4162764 0.7146723 0.5872320 0.0657274 0.6189324 0.4428439 0.3017022 -0.1684814 0.2405212 0.3713393 0.4566113 0.5058238 -0.2734812 0.5350815 0.2276439 0.3464763 0.6020277 0.5761148 0.7216639 0.0296517 0.7426938 0.4665492 0.4357493 0.2377043 0.3658301 0.7228189 0.6850683 0.5188180 0.6914470 0.5291446 0.5721315
0.4287047 0.8158772 0.7373676 0.7797832 0.5967820 0.0000000 0.7149470 0.6842958 0.5334642 0.4775095 0.6197481 0.8315719 0.5960955 -0.0682958 0.1445477 0.4507921 0.4870198 -0.1275110 0.4157352 0.2379004 0.7152696 0.2521766 0.4606076 -0.3118753 0.2501339 0.3892405 -0.0047055 -0.4397524 0.1181715 -0.2837427 0.2266670 0.3756939 -0.4895546 -0.4003756 0.3689373 0.6502560 0.4788850 0.1106442 0.0390250 0.0033772 0.1116942 0.6102085 0.1415858 -0.0778805 -0.5174279 0.4420830 0.1961004 0.0499108 0.2416640 0.1021243 0.2059710 0.2108120 -0.0970775 0.6759274 0.2296176 0.3494490 0.4414484 0.6383810 0.5318131 0.2111901 0.5536264 0.6682088 0.0370507 0.5811450 0.5674056 0.3161499 0.5414486 0.7742392 0.1192738 0.7013878 0.5634787 0.5890721 0.6744073 0.7700150 0.6110301 0.7641156 0.7811441 0.5716504 0.6437033 0.4814017 0.4033645 0.2425468 0.3642800 0.0323435 0.0927556 0.3493436 0.4576705 0.0063896 0.3114712 0.2575452 0.3907685 0.2701671 0.1847616 0.0615576 0.3766637 0.2938538 0.1690989 -0.0350159 -0.0076132 0.4052313 0.5636183 0.1721532 0.1329835 0.0525657 0.0252811 0.4037687 0.2364392 0.3047525 0.3449858 0.0867552 0.1801127 0.1509380 0.2156842 0.0340076 0.0952656 0.2067796 -0.0014896 0.2776522 0.3283424 0.3462463 0.1549418 0.2663044 0.2005901 0.6952418 0.4924125 0.1837453 0.2864565 0.2082514 0.5513244 0.5905026 0.6657046 0.1681397 0.2354328 0.5207887 -0.0772925 0.2209842 0.4863290 0.4721491 0.2658845 0.8194288 0.1340789 0.6131053 0.6748642 0.6395573 0.6688426 0.2393884 0.5079721 0.4363792 0.3232068 0.8092780 0.7528681 0.6488410 0.4685929 0.3947669 0.2816680 0.4866444 0.6732813 0.6055613 0.5698385 0.7864998 0.5101487 0.5522873 0.4835934 0.7861293 0.3922825 0.4634246 0.4329609 0.4413703 0.6673268 0.4677650 0.4593949 0.5398924 -0.1037062 0.5032062 0.6773067 0.8236114 0.8017874 0.4828276 0.6503186 0.6317292 0.1933433 0.5044103 0.6476216 0.5714944 0.5522883 0.7002741 0.3928749 0.3793086 0.7851952 0.4253724 0.4390863 0.5955435 0.5302850 0.6081078 0.5731503 0.7072251 0.7847764 0.6132674 0.4673882 0.3409893 0.3147027 0.0419150 0.2417446 0.5023909 0.4418050 0.5427653 0.5178678 0.3057837 0.3516569 0.2536077 0.2970277 0.6937228 0.5755752 0.8068848 0.7491418 0.2878367 0.4363556 0.5914115
0.5909432 0.6916663 0.7054239 0.3949508 0.4013549 0.7149470 0.0000000 0.2677257 0.4191293 0.2810840 0.3842051 0.8007373 0.3247844 -0.2617499 0.1043374 0.3041966 0.2920241 -0.3386195 0.2203520 0.1339164 0.4896859 0.1225869 0.4673642 -0.3801557 0.1891618 0.3914322 -0.0189677 -0.4453952 0.0575066 -0.3130089 0.1066912 0.1935117 -0.4602957 -0.4710451 0.2829892 0.4852074 0.3600587 -0.0882077 -0.1430287 0.1314691 -0.1905354 0.7291097 -0.0290051 0.1166258 -0.0500819 0.2280696 0.1499902 -0.2426919 -0.0043565 -0.0395750 0.1142307 -0.0158576 -0.3584782 0.5130518 0.2554753 0.1781593 0.3533785 0.4375910 0.4840484 0.1566130 0.5421305 0.5165700 0.0645454 0.1541567 0.3724891 0.3818865 0.3974947 0.4452307 0.1612346 0.4080212 0.3547615 0.2060509 0.4850190 0.4629487 0.4004895 0.5246007 0.5310357 0.2650190 0.4184949 0.3645374 0.4022444 0.0690633 0.3182262 0.2012761 0.1951869 0.3860008 0.1764692 -0.0115754 0.2441749 0.2776836 0.0225602 -0.1001012 -0.0559982 0.0463051 -0.1566171 0.3609227 -0.0254655 -0.0489839 -0.1258707 0.3709113 0.4614459 -0.0363180 0.2285092 -0.0010096 -0.1845229 0.2449968 -0.0407592 0.4574587 0.0205507 0.1697850 -0.0072639 0.1600239 0.3117497 -0.0348175 -0.0414808 0.0486556 -0.0101427 -0.0193232 0.2722564 0.1391821 0.2015675 0.2367215 0.3702913 0.5650232 0.1477015 0.0135338 0.3784485 0.3282433 0.3063678 0.6238986 0.5109920 0.3452014 0.2685706 0.6310064 -0.0375018 0.2962317 0.5361432 0.1933084 0.1388984 0.7291059 0.0882207 0.2995254 0.3540504 0.5805251 0.5441400 0.3338787 0.2648088 0.1370820 0.0971431 0.5420223 0.6628708 0.4740579 0.1940963 0.3089479 0.0882681 0.4806673 0.6223854 0.4562478 0.3937431 0.6624029 0.5024021 0.3012485 0.5530843 0.7445286 0.2603240 0.4649494 0.5149736 0.4082712 0.8068681 0.4507330 0.3892767 0.5504650 0.1317470 0.7460075 0.6586078 0.7471754 0.7223386 0.5643000 0.6423619 0.7444111 0.3095226 0.6269759 0.7031458 0.5606100 0.5630259 0.4386833 0.4041776 0.4197839 0.5043275 0.0508190 0.2299621 0.3119911 0.3837279 0.6715926 0.4737662 0.5051258 0.5893352 0.4203396 0.4063527 0.1034157 0.3548121 0.2969490 0.3704568 0.5827893 0.1669435 0.4993680 0.5260550 0.3069228 0.3443264 0.4119074 0.4134418 0.6397271 0.4742372 0.6441345 0.5438323 0.2461181 0.4644875 0.5873966
0.1038269 0.4124915 0.4321878 0.8484787 0.6779288 0.6842958 0.2677257 0.0000000 0.2058713 0.5243951 0.8958934 0.2797825 0.8866888 -0.0644153 -0.3347761 0.8657838 0.4464807 -0.2581192 0.8590186 0.4222503 0.4152882 0.6097491 0.5946813 -0.5554531 0.6619591 0.6689988 -0.0763188 -0.6072982 -0.1248954 -0.4814642 0.5222656 0.6616031 -0.6594344 -0.5033787 0.6234436 0.4748359 0.7862769 0.6292429 0.1541041 -0.0555948 0.2994746 0.2504768 0.5064650 -0.2915739 -0.8429108 0.8030118 0.6106016 0.3494162 0.1613935 0.5943753 0.6019366 0.5816484 -0.0595657 0.7389199 0.3807394 0.7224813 0.7629763 0.7799818 0.0463802 0.6107139 0.0292841 0.7341598 0.0805556 0.7409025 0.4470611 0.4734407 0.7831096 0.8257841 0.0967290 0.9285595 0.8746565 0.7124564 0.8166913 0.7273375 0.8037497 0.7145737 0.7476708 0.8336482 0.5806313 0.2805143 0.3763354 0.2767255 0.0207685 -0.3452288 -0.2812853 0.0248560 0.1748792 -0.2408868 0.0637257 -0.1112139 0.3153150 0.1829191 -0.0549340 -0.2222383 0.4991507 -0.0663349 -0.0358071 -0.3246356 -0.1411009 0.0167168 0.0585034 0.0952167 -0.1555964 -0.1873032 -0.0106674 0.3845607 -0.0595800 -0.0828824 0.1195991 -0.2412918 0.1252703 -0.2115508 -0.0334492 -0.2171443 -0.2481525 -0.0083040 -0.2670903 -0.0932828 0.0484806 -0.0119925 -0.0813183 0.0691016 -0.0216840 0.4401394 0.2824978 -0.0921744 0.3385649 -0.0451614 0.0960195 0.3719817 0.3634909 0.0169743 0.3877810 0.1164261 -0.2263448 0.0634722 0.2153519 0.0133420 -0.0030217 0.3295770 0.0425462 0.1455051 0.4918425 0.3027608 0.1810883 0.1339970 0.1178692 0.1748682 0.2051453 0.5528620 0.3428379 0.2477025 0.1744227 0.2933310 0.0263599 0.1671240 0.1770753 0.1859549 0.3433487 0.3433840 0.0956208 0.3825030 0.1824516 0.3219220 0.0930515 0.1785072 0.1086352 0.1548900 0.1011656 0.0762702 0.2196281 0.1948405 -0.2897629 0.1065773 0.2665442 0.4450231 0.4673638 0.1242035 0.4659560 0.3457220 -0.1846486 0.2986789 0.2921199 0.3026975 0.0616017 0.4837839 -0.0589454 0.0140058 0.5713743 0.4688286 0.2810130 0.5209347 0.3753731 0.4088753 0.1617767 0.4176843 0.4624556 0.4766720 0.3331742 0.0302776 0.2134210 -0.1021503 0.0952508 0.4374999 0.5726245 0.4799577 0.0111723 0.3749857 0.1564345 0.1314261 0.1139667 0.3308326 0.4911674 0.5918665 0.6479080 0.3822612 0.0935912 0.2300488
0.4008324 0.4852454 0.3688984 0.4910646 0.4254119 0.5334642 0.4191293 0.2058713 0.0000000 0.5215941 0.1070562 0.6567463 0.1941907 0.5442439 0.6977425 0.1743789 0.6341629 0.4361724 0.0682218 0.4376867 0.4953413 0.3433998 0.4681233 0.3119447 0.1040877 0.3415475 0.6190969 0.2938001 0.4061622 0.4022615 0.4573851 0.3407459 0.1804787 0.3541175 0.1402938 0.4841447 0.3198412 0.1316778 0.4204414 0.2747323 0.4855542 0.4778668 0.3549665 0.3627102 -0.0721965 0.2608501 0.1482319 0.4016677 0.4702737 0.1085848 0.1619305 0.3558476 0.4346541 0.3591502 0.4739768 0.2998142 0.2533792 0.2626141 0.2279521 0.2091308 0.2893729 0.4837153 0.4308491 0.1484669 0.2226151 0.5043932 0.0994102 0.3306411 0.4928959 0.2292135 0.1078329 0.2663664 0.0764043 0.3334223 0.1793070 0.2916257 0.3322445 0.0563012 0.3193539 0.4193327 0.2170538 -0.0308309 0.2526429 0.1605983 0.1157712 0.5418882 0.2051899 0.0240281 0.2972266 0.1940709 0.4311569 0.5244731 0.4308605 0.0324243 0.1154707 0.5785553 0.5603619 0.3369692 0.0344542 0.1198760 0.4049233 0.4821280 0.3823647 -0.0924603 0.6010151 0.4525290 0.2203016 0.2398534 0.6468855 -0.1228895 0.5825443 0.2483330 -0.0680921 -0.2353933 -0.0344785 -0.0582623 -0.3208214 0.0942968 0.0696696 -0.1037418 -0.3198259 -0.1130800 0.5440534 0.3896069 0.3266925 -0.1393886 -0.2391934 0.4887128 0.2285368 0.1228931 0.2199367 0.2568305 -0.1850497 0.3631364 -0.0553553 0.3516192 0.1435238 0.4023787 -0.0660869 0.4000180 0.3583661 0.5040575 0.5256144 0.3156929 0.5366931 0.1712189 0.2317332 0.1095045 0.1675795 0.5200443 0.4741836 0.5257936 0.3303231 0.4511060 -0.1328246 0.5598274 0.8415477 0.5387995 0.4246983 0.6322069 0.6021376 0.5112251 0.6083583 0.6853246 0.5254681 0.5580147 0.6503192 0.5297916 0.4084925 0.7617320 0.5777630 0.5803371 0.2317642 0.4272709 0.4551352 0.4526468 0.4477484 0.4549346 0.4313992 0.3324789 0.2011047 0.1362964 0.2412193 0.0380898 0.6033505 0.3202093 0.5235856 0.3626966 0.4473371 0.2147465 0.0464391 0.3196014 0.2710762 0.2774844 0.1370066 0.4981923 0.4133314 0.2595425 0.3286098 0.0252726 0.7394873 0.3684052 0.3989220 0.3962966 0.4511945 0.2954574 0.2007405 0.4077570 0.6360251 0.3243245 0.3279064 0.3597973 0.5153868 0.5195101 0.1905482 0.2857117 0.7144932 0.6914907
0.4434077 0.2950981 0.5296925 0.5128831 0.6113227 0.4775095 0.2810840 0.5243951 0.5215941 0.0000000 0.6292115 0.2543349 0.5540294 0.4304756 0.0161244 0.4838910 0.8483332 0.1590997 0.3304710 0.5904525 0.3481023 0.4152030 0.7832430 -0.3092101 0.2097271 0.5508589 0.3949201 -0.2409404 0.0833443 -0.0956653 0.3535677 0.4208638 -0.3662754 -0.1362369 0.5660751 0.5832871 0.5107863 0.4442473 0.2355500 0.2413517 0.4801721 0.3919971 0.6280278 -0.0732897 -0.5653157 0.5703892 0.3866124 0.5339124 0.2751913 0.1958766 0.5329994 0.5136073 0.2353312 0.6654652 0.7572887 0.5970926 0.5072235 0.6002444 0.2198114 0.5212690 0.1967207 0.6436518 0.6045728 0.5842461 0.5572102 0.6305297 0.3669613 0.5583650 0.6842165 0.5823063 0.4640646 0.6446447 0.3983890 0.6540930 0.4974298 0.4438350 0.5854790 0.4060225 0.4451296 0.2482774 0.3752586 -0.1914185 -0.0197820 -0.2962529 -0.2638703 0.3468074 -0.0972899 -0.3350993 0.1001753 -0.0788137 0.4861377 0.3385297 0.3282597 -0.2818348 0.3166539 0.4830943 0.2207771 -0.0790872 -0.0247596 0.0313491 0.2103650 0.3126489 0.1998634 -0.3277054 0.3328444 0.6502932 0.0566626 -0.0412422 0.3749519 -0.4986393 0.5429746 -0.3643089 -0.2471184 -0.3653991 -0.3162687 -0.2455991 -0.3576016 -0.0279417 -0.1602928 -0.2354971 -0.3491422 -0.1811162 0.0230447 0.2616890 0.3032646 -0.3948992 -0.0600442 -0.2408831 -0.0630241 0.0438545 0.0549648 -0.1022107 0.0830549 0.0277544 -0.2295654 -0.2703919 -0.1990409 -0.0531329 -0.4032249 0.2609475 -0.3176411 0.0484017 0.1871817 0.0062629 0.0221858 -0.2529720 -0.1174479 -0.1559292 -0.0354340 0.4000774 0.2083302 0.2381742 -0.0296798 -0.0546046 -0.2719317 0.0840221 0.3150361 0.0741502 0.0848082 0.2951915 0.2256281 0.2239686 0.2077035 0.3159964 0.0741079 0.2235586 0.1510265 0.0286544 0.1432071 0.0890722 0.1990406 0.2727273 0.0870310 0.2457022 0.1421638 0.3773397 0.3075925 0.1928810 0.3704405 0.2219797 -0.1489206 0.0285040 0.3970773 0.0890631 0.4261870 0.5313926 0.3598115 0.3103760 0.4628803 0.3325381 -0.0794618 0.2866229 0.2100486 0.1905776 -0.1797529 0.3661591 0.2508559 0.3517238 0.3730468 -0.1934300 0.4352106 -0.1148523 -0.0017612 0.2336888 0.6484036 0.5536086 -0.1042763 0.5711573 0.3286614 0.0972519 -0.1007060 0.2804232 0.6286305 0.5286691 0.6145211 0.4578903 0.3097634 0.3949978
0.1337025 0.3445914 0.5353171 0.7129669 0.5841663 0.6197481 0.3842051 0.8958934 0.1070562 0.6292115 0.0000000 0.2053408 0.8917302 -0.1825301 -0.4754023 0.8774499 0.5316327 -0.4730133 0.8297107 0.3446822 0.2720387 0.5337409 0.7094087 -0.7841084 0.5873642 0.7301091 -0.0941981 -0.8058090 -0.3283891 -0.6698824 0.3477483 0.6086447 -0.8559825 -0.6848282 0.8017847 0.4305498 0.8082483 0.6228455 0.0153947 -0.0656656 0.1461379 0.2558672 0.5393227 -0.4273516 -0.8086071 0.8258614 0.6937027 0.2234867 -0.0581284 0.5364413 0.7200730 0.5265323 -0.2459708 0.8131785 0.4630553 0.7412505 0.8286788 0.7962834 0.0782852 0.7286057 0.0424424 0.8344345 0.0875644 0.6926971 0.4799938 0.5573760 0.8721321 0.8641736 0.1123041 0.9175666 0.9131080 0.6463020 0.9106992 0.7214733 0.8335891 0.6880329 0.7016402 0.8062139 0.5706751 0.2279473 0.4382064 0.1129814 -0.0555711 -0.3554252 -0.2718276 0.0076348 -0.0929688 -0.2664930 0.0620445 -0.0484179 0.1710074 -0.0286022 -0.1645165 -0.2088060 0.3345957 0.0649960 -0.2229186 -0.3274444 -0.1382766 0.1638378 0.1275055 -0.0497871 -0.1799422 -0.1558448 -0.1689112 0.4594588 -0.1617104 -0.0787997 -0.0534884 -0.3628498 0.0510180 -0.3613223 -0.0194083 -0.2521299 -0.2593179 -0.0719462 -0.2117522 -0.0747794 0.0658785 -0.0305497 -0.0321522 0.1157915 -0.1311439 0.4407459 0.2892274 -0.2114868 0.4366640 -0.2238134 0.0164121 0.4297846 0.3431180 -0.1139110 0.4763148 0.1795594 -0.3045992 -0.1637626 0.1806992 -0.1159089 -0.1404242 0.3497915 -0.2947403 -0.0022869 0.2406288 0.2576240 0.0730927 0.0237169 -0.0055112 0.0712423 0.0517426 0.4970662 0.2991478 0.2055949 0.0633252 0.0880034 -0.0590445 0.0958234 0.0691901 0.0779343 0.2160719 0.2691016 0.0307680 0.2500929 0.1271902 0.2724707 -0.0895071 0.1376152 0.0502436 0.0448945 0.1672852 -0.1462843 0.1029121 0.1532862 -0.3861299 0.1310247 0.1922176 0.4916336 0.5044931 0.2042777 0.4901070 0.4173208 -0.1655304 0.3739991 0.4272531 0.3811905 0.0889720 0.4723660 -0.0263654 0.0628853 0.4816331 0.2664169 0.1927583 0.3684837 0.3550360 0.4899979 0.1454488 0.4333571 0.4516209 0.5078447 0.3957845 -0.0904893 0.1771050 -0.1848169 -0.0189769 0.3810921 0.5101418 0.5471757 0.0002859 0.3785047 0.1291057 0.1066390 -0.0277891 0.4068522 0.5139597 0.5520979 0.7594615 0.3501939 -0.0599769 0.1689988
0.5494291 0.8710689 0.6405878 0.5433603 0.4420359 0.8315719 0.8007373 0.2797825 0.6567463 0.2543349 0.2053408 0.0000000 0.2028374 -0.0101360 0.5030914 0.1054471 0.3341466 -0.0160923 0.0293638 0.1334869 0.8121112 -0.0155238 0.2661383 0.0624230 -0.0104924 0.1462853 0.1004226 -0.1096093 0.4472510 0.0263773 0.0787160 0.0806594 -0.0981134 -0.0604091 0.0819962 0.6421472 0.1868596 -0.2284605 -0.0000636 0.0553608 -0.0075860 0.7870643 -0.0961991 0.2104696 -0.0447517 0.0722497 -0.0839261 -0.0780401 0.3472385 -0.1444625 -0.0992872 -0.0469922 0.0834133 0.3445121 0.1183879 0.0203142 0.1494134 0.3200335 0.6354556 -0.0724157 0.6663441 0.4093186 0.0909959 0.3026553 0.4610301 0.2560906 0.1925118 0.4255730 0.1993257 0.3383735 0.1802324 0.3587133 0.3035281 0.5433851 0.2997770 0.5557974 0.5979579 0.1994202 0.4714882 0.5737534 0.3446906 0.2546722 0.4632097 0.2619067 0.2519655 0.5020270 0.5267317 0.1119192 0.3310220 0.3464445 0.2099216 0.2916045 0.2217770 0.1907464 0.0849073 0.4150427 0.2408621 0.1294165 -0.0146911 0.3976748 0.6151734 0.1748863 0.3250369 0.1391472 0.0351036 0.2256636 0.2381856 0.4858805 0.3291243 0.3266665 0.1245985 0.4132321 0.2834442 0.1689495 0.2030873 0.2955770 0.1066125 0.2153123 0.3793795 0.2917034 0.1375516 0.3148456 0.4159030 0.6095543 0.2705809 0.2176409 0.1742436 0.4648409 0.5318905 0.5309218 0.5510713 0.4640656 0.0688941 0.6556137 0.0268812 0.4129274 0.5210775 0.5535331 0.3113895 0.8420224 0.3605767 0.6748857 0.6017001 0.7297931 0.7964123 0.3440740 0.5275274 0.4150650 0.2665719 0.6967577 0.8413074 0.7352783 0.4520107 0.4746855 0.3344200 0.6994268 0.8472605 0.7011572 0.5670058 0.8960245 0.6530214 0.4756127 0.6743220 0.9124194 0.5081717 0.5661796 0.6354865 0.5521017 0.7804984 0.6902253 0.5278777 0.6125128 0.2776920 0.7589252 0.8705466 0.8162232 0.8025298 0.6276647 0.7103941 0.7346915 0.4876227 0.6054766 0.6227359 0.5661514 0.7497835 0.6033761 0.5661919 0.4990575 0.7332828 0.3570202 0.3866863 0.5627005 0.5364299 0.5767318 0.5648758 0.6582015 0.7463789 0.5119720 0.4586757 0.3839992 0.4439491 0.2449720 0.4261148 0.5587439 0.2575349 0.3949530 0.6004182 0.2396656 0.3896079 0.3942695 0.4594519 0.6710813 0.4903925 0.7755872 0.4684285 0.1396890 0.6194621 0.6866049
0.0767617 0.3172540 0.5043107 0.7038263 0.5340229 0.5960955 0.3247844 0.8866888 0.1941907 0.5540294 0.8917302 0.2028374 0.0000000 -0.1237171 -0.3723479 0.8425532 0.4725101 -0.2927105 0.8539296 0.5617979 0.2405763 0.7166123 0.6539433 -0.6333919 0.7379871 0.7508158 0.0020956 -0.6810784 -0.2683784 -0.5885234 0.5547235 0.7635365 -0.7301934 -0.5600169 0.6948714 0.4304518 0.8284654 0.7745480 0.1013973 -0.0768365 0.3488814 0.2355215 0.5944867 -0.3582195 -0.6923093 0.8978445 0.8077218 0.4436729 0.0462668 0.6254020 0.7995028 0.6382845 -0.1151910 0.8028266 0.5746767 0.8708160 0.8889150 0.8115063 0.1503227 0.7935206 0.1836891 0.8417705 0.1025329 0.6698590 0.4953305 0.6596118 0.8656862 0.8743051 0.2132854 0.8892289 0.9543419 0.6048786 0.8555910 0.6654960 0.8347980 0.6312195 0.5814299 0.8035448 0.5866572 0.1708763 0.3631424 0.2455115 0.0877222 -0.1954669 -0.1136725 0.1447120 -0.1208259 -0.1420524 0.1442073 0.0654625 0.2115136 0.0437525 -0.0652248 -0.0564738 0.3466801 0.0607111 -0.0712085 -0.1229333 0.0486958 0.2571548 0.1987728 0.1556343 -0.0157435 -0.0052803 -0.0169869 0.5026319 0.0423399 0.0917912 0.0812654 -0.2217965 0.2087718 -0.1713540 0.1759815 -0.1023988 -0.1540596 0.0565995 -0.2069209 -0.0588411 0.1190460 -0.0937072 -0.0869261 0.1105376 -0.0632994 0.4635877 0.3875994 -0.2398318 0.2910232 -0.1815081 0.0352870 0.4610511 0.3828602 -0.2244062 0.3922989 0.2510050 -0.3101335 0.0018242 0.2908761 -0.0324016 -0.0964437 0.2824291 -0.1504774 0.0767883 0.3862584 0.2612428 0.1799782 0.1381885 0.1076724 0.1855228 0.1979362 0.5584830 0.3009405 0.2241261 0.1964933 0.2131658 -0.0010867 0.1760942 0.1836699 0.2125494 0.3135710 0.2966434 0.1798034 0.4232544 0.2054479 0.3319485 0.1000596 0.2833760 0.1676329 0.1609411 0.2127134 0.0291023 0.2648611 0.2662442 -0.4084608 -0.0023026 0.1184928 0.3717982 0.4062084 0.2146657 0.3911070 0.3107199 -0.1424195 0.2787695 0.4677508 0.3881418 0.1005446 0.4570193 0.0597610 0.0850433 0.4116598 0.2525591 0.1426693 0.2931413 0.2394648 0.5050619 0.1708494 0.4231893 0.4263191 0.4222454 0.3072216 -0.1026904 0.2512795 -0.1252016 0.0150436 0.3353014 0.6449280 0.4947868 -0.0808916 0.4138182 0.1788431 0.1347028 0.0373970 0.3432777 0.5832196 0.4936423 0.6975801 0.3701644 0.0721647 0.2366405
0.1980482 -0.0051727 -0.1644343 0.2098432 0.1871298 -0.0682958 -0.2617499 -0.0644153 0.5442439 0.4304756 -0.1825301 -0.0101360 -0.1237171 0.0000000 0.5048369 -0.1532949 0.5490948 0.8223655 -0.2279058 0.4115225 0.1283284 0.1433350 0.1079843 0.4655004 -0.2031747 0.0256919 0.6393768 0.5478650 0.2482274 0.5939246 0.2949625 0.0862617 0.3784640 0.5853748 -0.1463840 0.3744049 0.0016291 0.0494147 0.3641326 -0.0015506 0.5090580 0.1997407 0.2363444 0.0159353 -0.0622917 0.0222893 -0.0720137 0.4122792 0.1801864 -0.1491585 -0.0295621 0.1506773 0.6496264 -0.1340666 0.3573570 0.0698874 -0.1141475 -0.1857220 -0.1307191 -0.0331833 -0.0517035 -0.0960192 0.3867825 -0.0910393 -0.1589159 0.0914443 -0.3451962 -0.1664219 0.3975208 -0.1470888 -0.2723432 0.0834823 -0.4541136 -0.0617983 -0.2651888 -0.2365020 -0.0946009 -0.3574895 -0.1442363 -0.0175129 -0.1833398 -0.3934825 -0.2517717 -0.2758956 -0.3095221 0.0649220 -0.1038628 -0.1946839 -0.1220522 -0.2357855 0.4538372 0.4274163 0.3079393 -0.3081548 0.1594654 0.1760130 0.4637995 0.0866483 -0.0622110 -0.4234729 -0.0958676 0.2534321 0.1052989 -0.4604199 0.6598397 0.1317250 0.0121888 -0.2093656 0.4922030 -0.4658480 0.6767668 -0.1776188 -0.4390088 -0.4039647 -0.1437878 -0.2172181 -0.3913932 0.0643047 -0.2350370 -0.2725902 -0.5533078 -0.4033324 0.3098533 -0.0527682 0.1346703 -0.3196514 -0.6958213 0.0843474 -0.0625105 -0.4140862 -0.3533458 0.0075196 -0.6016855 -0.0588644 -0.1529655 0.0590619 -0.3867155 0.0936835 -0.3696979 -0.1008451 0.1550099 0.0814178 0.1315070 -0.1072274 0.0537479 -0.0576502 -0.1273052 -0.2187357 -0.1971533 0.0661792 -0.0221746 0.2067074 -0.0748300 0.0633944 -0.3438325 0.1732720 0.3495567 0.0690292 -0.0648640 0.1073382 0.2166943 -0.0118792 0.3027583 0.0812305 0.1513206 0.1617904 0.2480701 0.0850627 -0.2695575 0.2545739 0.2284461 0.0724917 0.4325881 -0.0764385 -0.0656680 -0.1932227 -0.2007966 -0.2143391 0.0261271 -0.1846689 -0.1748523 -0.2962347 -0.0542151 -0.2696427 0.3142217 -0.0645824 0.2722515 0.0923333 0.0199983 0.1758624 -0.2179373 0.0094646 -0.1763811 -0.0802781 -0.2794627 0.1602961 -0.1464099 -0.1786889 -0.1121921 -0.2075983 0.3729053 0.1926262 0.0815245 0.0231095 0.3287711 -0.0083958 -0.2893829 0.2240394 0.1726632 -0.0008636 -0.0451870 -0.2301940 0.1996420 -0.0244574 -0.2061078 0.2747192 0.3991601 0.3116070
0.3161076 0.3433106 -0.0268826 -0.0021411 -0.0349550 0.1445477 0.1043374 -0.3347761 0.6977425 0.0161244 -0.4754023 0.5030914 -0.3723479 0.5048369 0.0000000 -0.4417256 0.2357021 0.5581602 -0.5163426 0.0526909 0.4346051 -0.2582051 -0.1512907 0.8003335 -0.4109679 -0.3347011 0.5951039 0.7218498 0.6476844 0.7503300 0.0032483 -0.1329767 0.6911941 0.7341095 -0.4328148 0.3273803 -0.3133584 -0.2990134 0.4001298 0.2082075 0.1977988 0.3253430 -0.0399218 0.4959762 0.3649938 -0.3422059 -0.3676172 0.1345210 0.4521663 -0.2745161 -0.3635001 -0.0263822 0.6129212 -0.2297617 -0.0265333 -0.2836397 -0.3631772 -0.3036938 0.2608018 -0.3325282 0.2939665 -0.1387375 0.2684956 -0.1931557 -0.0937551 -0.0200888 -0.4674990 -0.1999573 0.2458357 -0.4045405 -0.4346402 -0.1238357 -0.4312183 -0.0564460 -0.3507651 -0.0129064 -0.0746158 -0.3241050 0.1187021 0.4499383 0.0752559 0.1367541 0.2954549 0.4505647 0.3622621 0.4756386 0.2452900 0.3708973 0.3704118 0.3471574 0.1405235 0.5006723 0.4825366 0.3746618 0.0681439 0.4008826 0.5559294 0.5041491 0.1834937 0.1423259 0.3588146 0.3063000 0.3563151 0.2110093 0.4454876 0.0789886 0.3984303 0.3161765 0.5586202 0.2585766 0.2969216 0.5201293 0.0512852 0.2104618 0.4241258 0.2613916 0.1511730 0.3626594 0.2570445 0.2306536 -0.0553521 0.1426442 0.3223494 0.2453665 0.2937570 0.1833883 -0.4077253 0.4957352 0.3762787 0.0228780 0.1443546 0.3235415 -0.4264612 0.3958045 0.2013616 0.3402087 0.1833351 0.6396127 0.2267472 0.3139229 0.4196645 0.6589464 0.3792309 0.3272674 0.5975454 0.1628303 0.4716359 0.3683182 0.2544238 0.3242986 0.4297380 0.5156448 0.4949856 0.3511368 0.1906171 0.5697057 0.6456645 0.6218260 0.4570778 0.5007091 0.6530273 0.3821523 0.4889536 0.4651417 0.6671465 0.5131073 0.6027159 0.5884057 0.3145782 0.6774970 0.5652565 0.4910825 0.4395332 0.2748542 0.4730564 0.2133986 0.2355849 0.4425305 0.2441910 0.1907497 0.5664946 0.1309818 0.0529515 0.0846532 0.5591351 0.1796193 0.6333888 0.4686587 0.2580662 0.2316200 0.2097891 0.2916186 0.3239450 0.0478062 0.2799994 0.4019269 0.3555779 0.1752511 0.2471726 0.3040319 0.5097945 0.4615371 0.4479553 0.1858752 0.1794683 0.0740687 0.3435311 0.1166379 0.3406129 0.3828746 0.3311057 0.2711489 0.2405150 0.2399768 -0.1548944 -0.0155811 0.6660273 0.6028817
0.0392340 0.1669476 0.3810567 0.6996365 0.6432632 0.4507921 0.3041966 0.8657838 0.1743789 0.4838910 0.8774499 0.1054471 0.8425532 -0.1532949 -0.4417256 0.0000000 0.4309482 -0.4398675 0.9419201 0.4191065 0.1686691 0.7195801 0.7856475 -0.6723988 0.7931033 0.8680629 -0.0055560 -0.6516781 -0.2458140 -0.5525568 0.6019836 0.7506559 -0.6985572 -0.5598291 0.7501112 0.2505128 0.8836334 0.7515112 0.1719310 0.1051906 0.2051814 0.1163453 0.6379595 -0.1464636 -0.7183602 0.8815810 0.8015099 0.3175174 0.0209957 0.7841148 0.7744211 0.6701747 -0.2268033 0.7495166 0.5294182 0.8421546 0.8850991 0.7420031 -0.2062967 0.8101298 -0.2502907 0.7911261 0.1661106 0.4941362 0.2442186 0.6413853 0.8382115 0.7292443 0.1402871 0.8305737 0.8626133 0.4481811 0.8072917 0.5028006 0.7093094 0.5653198 0.5426246 0.7388830 0.4410839 0.1396860 0.3894044 0.2028508 -0.0115883 -0.3160307 -0.2894824 0.0397777 -0.0523197 -0.3426887 0.0320827 -0.1541459 0.1209399 0.0663031 -0.1815717 -0.3233680 0.2408722 0.0084938 -0.0552051 -0.3088788 -0.1803867 -0.0824119 -0.1244677 0.0682632 -0.0892298 -0.2879749 -0.0258356 0.3755441 -0.2713921 -0.0537610 -0.0310241 -0.3777552 0.0536805 -0.2710312 -0.0488374 -0.4277762 -0.4702252 -0.2452879 -0.4452056 -0.3656396 -0.0710273 -0.2351857 -0.1435036 -0.0332748 0.1174960 0.3088710 0.0835456 -0.3358365 0.4355881 0.0508745 -0.2109644 0.3438900 0.2294679 0.0691402 0.5316096 0.0346848 -0.2691315 0.1165567 0.1674999 -0.2591466 -0.2040235 0.1096405 -0.0071029 -0.1647127 0.3017392 0.1450226 -0.0202907 0.2194015 -0.1678054 -0.1114754 -0.0027846 0.2935360 0.1123560 0.0298708 -0.0402815 0.3231564 -0.2939991 0.0810167 0.0903733 0.0114296 0.1722987 0.1609820 -0.0026746 0.2387341 0.1830894 0.2196349 -0.0348670 0.1524325 0.1503425 0.0704859 0.0897023 0.0431239 0.1355943 0.1394397 -0.2917929 0.1104186 0.0723263 0.2939075 0.3498652 0.1308499 0.4115267 0.3359856 -0.2698320 0.2444727 0.1378394 0.1032850 -0.1141367 0.2369537 -0.1997024 -0.0708242 0.3168594 0.1728288 0.1260907 0.2871443 0.2545294 0.3871573 -0.0391985 0.2400904 0.2900624 0.3138031 0.2700078 -0.2708010 0.3326001 0.0840692 0.1904084 0.5190048 0.4953438 0.4737330 -0.1166239 0.4820089 0.2865071 0.2357426 0.1865282 0.2751319 0.4725087 0.4289256 0.4805289 0.4811924 0.0864215 0.1771289
0.4422670 0.4304103 0.5837341 0.6078136 0.6570044 0.4870198 0.2920241 0.4464807 0.6341629 0.8483332 0.5316327 0.3341466 0.4725101 0.5490948 0.2357021 0.4309482 0.0000000 0.1730601 0.2383091 0.5052434 0.4336251 0.2952760 0.7355159 -0.1721848 0.0584818 0.5116708 0.6307941 -0.1431036 0.1023149 0.0376567 0.3146050 0.4937035 -0.2865451 -0.0322004 0.4620894 0.6784466 0.5216893 0.3713270 0.4158755 0.1643455 0.3050798 0.4559336 0.6385220 -0.0700021 -0.5346778 0.5452366 0.3801955 0.4233103 0.1818122 0.1846412 0.4723449 0.5462916 0.2847399 0.6088288 0.7540506 0.5493392 0.4121197 0.4847665 0.1231015 0.4829588 0.1058671 0.5986918 0.5650033 0.3802830 0.3377845 0.4777944 0.2658302 0.5345263 0.5495152 0.4048364 0.3488579 0.4411195 0.3139367 0.5582212 0.3089209 0.4039825 0.4860804 0.2825880 0.4775351 0.4127814 0.4422269 -0.1747563 -0.0395844 -0.2576573 -0.2712038 0.2762253 -0.1537073 -0.3518574 0.1416694 -0.0278722 0.4590484 0.3745881 0.1608118 -0.2784519 0.2739045 0.4752963 0.3072623 -0.0028474 -0.0598615 -0.0326629 0.1959325 0.1468026 0.1729267 -0.3691666 0.3610751 0.4990656 0.0110025 0.0435077 0.3220773 -0.5666605 0.5071139 -0.3138827 -0.2954463 -0.3965161 -0.1817482 -0.1367036 -0.2973343 0.1538473 0.0610316 -0.1793220 -0.4267599 -0.1711368 0.2108960 0.4696072 0.4389418 -0.5585601 -0.2640752 -0.1167949 -0.0813627 0.1403879 0.0646745 -0.1014547 -0.1646924 0.2173365 -0.2767948 -0.0997572 -0.1020659 0.0119936 -0.4965070 0.3405638 -0.1764188 0.1268401 0.2838394 0.2488909 0.2078018 0.0360564 -0.0663843 -0.1128579 -0.0968145 0.4868284 0.3411139 0.4626185 0.1140605 0.2501160 -0.4041066 0.3868551 0.5041968 0.2881931 0.1770369 0.4747992 0.4469846 0.2267891 0.5115050 0.4983977 0.1625858 0.4849700 0.4807719 0.2061265 0.2726288 0.1745649 0.4228328 0.3905174 0.1021555 0.3247865 0.2780054 0.4741559 0.4800284 0.3953156 0.5886801 0.4618283 0.0574272 0.2136393 0.3905089 0.1618253 0.4789467 0.5353753 0.4825777 0.4479770 0.5152628 0.3471352 -0.0200287 0.3909676 0.3686464 0.3990375 -0.0624122 0.5393563 0.4042238 0.4377235 0.4905448 -0.3404099 0.5895258 0.1810431 0.2098199 0.4315281 0.6132452 0.6453578 -0.0649264 0.6615707 0.4241850 0.3272679 0.0326484 0.4457584 0.7187846 0.5773375 0.5586674 0.5416848 0.4585640 0.6376292
