0.0000000 0.8666912 0.4829634 0.4569513 0.4488260 0.7276076 0.6584482 0.2131320 0.5759463 0.2813225 -0.2282600 0.1198168 0.6166763 0.2888526 0.3465624 -0.2507387 0.1576979 0.0284844 0.2517791 0.3465234 0.0685050 0.4078685 0.2204160 -0.1401519 -0.1750385 0.2329953 0.5582934 0.1512285 0.0290442 0.1388156 0.3304760 0.5423204 0.0521424 0.0661912 0.3462059 -0.1061305 0.2774072 0.4933192 0.3896604 0.4341752 0.4832061 -0.2270356 0.4600233 0.1439337 -0.0582823 0.5233703 0.5117399 0.6691992 0.1486005 -0.1550421 0.5162257 0.5319405 0.0313592 0.5231353 0.3887381 0.3981379 0.4814124 0.3195280 -0.1576660 0.3744326 -0.0577159 0.4622256 0.3534902 0.1951010 0.3731122 0.3941769 0.2400363 0.2651801 0.2472454 0.0944261 0.1309498 0.0625168 -0.0033034 0.1828329 0.1547716 -0.0443243 0.0234011 -0.0233143 0.0653034 -0.0165580 0.0885674 -0.4050403 -0.0776214 -0.3022859 -0.4299017 -0.3535534 -0.2726654 -0.5012395 -0.2366330 0.2596259 -0.0810695 -0.4574927 0.4645699 -0.4743829 -0.3077594 -0.4355839 -0.2417158 -0.1409824 0.0250748 -0.1322038 -0.3731748 -0.3267989 -0.0705407 -0.2763902 -0.3532729 -0.5040131 -0.2291765 -0.6477026 0.4567730 -0.2323819 -0.1075078 0.3613931 -0.4786742 -0.4598421 0.5403178 -0.2048657 0.0019917 -0.0313061 -0.0511319 0.2613005 0.4276847 0.4218172 -0.1029850 -0.2726102 0.3840398 0.4159791 -0.0022924 -0.2902921 0.3287996 0.0606766 0.2171024 -0.4123840 -0.2853055 0.1839815 -0.3700778 -0.3125096 0.2921959 0.1919443 0.0021150 -0.0988483 -0.0491844 0.1313329 -0.3757294 0.1396846 0.3356610 -0.4059421 0.1184968 0.2452136 0.2422951 -0.0461917 -0.3854514 -0.0804819 0.0901568 -0.2022975 0.1133024 -0.3581377 -0.3767152 0.4403625 -0.0266111 -0.4331985 0.3769565 -0.0556065 -0.3998358 -0.2405488 0.4433517 -0.1053412 0.1334648 0.2944413 0.3209887 0.1484486 0.5507539 0.4506593 -0.0187075 -0.4618219 -0.0739846 0.1607032 0.0090363 -0.0565543 0.0327889 -0.1011961 -0.4563964 -0.2477993 -0.2709957 -0.2741214 -0.1850162 -0.0376450 0.0091086 0.2176218 0.0164403 -0.1067393 -0.0729029 0.0636432 0.0027173 -0.3181669 0.1642924 -0.2006505 0.1631129 0.1623340 -0.0327287 0.3146775 0.1170687 -0.3408335 0.0331640 0.1681617 0.3895026 -0.1072411 -0.1202089 0.6521939 0.3076682 -0.0855965 -0.0710205 -0.1705618 0.3859649 -0.0941374 -0.5170904 0.6284238 0.4996058 0.1220586
0.8666912 0.0000000 0.2843732 0.6246780 0.2522691 0.9193851 0.7836458 0.1542504 0.6760938 0.3660654 -0.2845908 0.2895507 0.5002070 0.3676402 0.4184159 -0.3622519 0.1903467 -0.0601524 0.1919742 0.0645088 0.2489516 0.1343480 0.1046735 -0.0890607 -0.4583928 0.0616845 0.5612284 0.1948555 0.1959272 0.0422623 0.0968403 0.3455691 0.1212450 0.2119382 0.1817149 0.0445620 0.0601499 0.1912746 0.2960177 0.2897500 0.1606447 -0.1608374 0.3331113 0.0943503 -0.0100326 0.2667553 0.2855125 0.4495064 0.1707131 -0.1937268 0.3353929 0.4260994 0.0788378 0.4356156 0.0203133 -0.0380651 0.1905703 0.2201881 -0.3873102 0.1241715 -0.2014125 0.2672493 0.0672996 0.1008554 0.3835181 0.1181420 0.0892475 0.1534896 -0.0842114 -0.0190988 -0.2120644 -0.0387991 -0.1177083 0.0270033 -0.1424237 -0.1503477 -0.0232917 -0.3626805 -0.0727233 -0.1709561 -0.0524074 -0.3535654 0.1666833 -0.2269767 -0.3728709 -0.2404180 -0.0788397 -0.6592591 -0.1007752 0.5168945 0.2268657 -0.5518635 0.4893240 -0.5620229 -0.3042001 -0.6623745 -0.2965905 -0.0284894 -0.0869042 -0.0303796 -0.4064174 -0.3382924 0.2074319 -0.3615911 -0.3614214 -0.6385522 -0.2770621 -0.6287098 0.5366647 -0.0703978 -0.1133190 0.5191979 -0.5111111 -0.4488017 0.5611763 -0.2904680 -0.0339340 -0.0535176 -0.0221878 0.3529630 0.3356520 0.3165775 -0.2356604 -0.2933883 0.2753540 0.4660568 -0.0582312 -0.4289984 0.3875680 -0.0659830 -0.0093234 -0.5003556 -0.4421535 -0.0787076 -0.4146700 -0.4511072 -0.0438469 0.1975873 -0.2949583 -0.1059107 -0.2025987 0.0541275 -0.4608823 -0.1149762 0.1807513 -0.5040407 -0.1971114 -0.1250393 0.1786308 -0.1125991 -0.4653772 -0.4026727 0.1772592 -0.4071368 -0.0223342 -0.5145075 -0.4525608 0.1547224 -0.2072547 -0.5073366 0.2379998 0.0129436 -0.4581742 -0.2497612 0.2744245 -0.3937846 -0.0312552 0.1819138 0.2333215 0.1909600 0.5239871 0.4051657 -0.3062746 -0.5977351 0.0153902 0.4456832 0.0376421 -0.3734834 0.0823232 -0.1655501 -0.6255666 -0.3801327 -0.3815938 -0.2741055 -0.4269359 -0.1685018 -0.3128636 -0.0422961 -0.1140341 -0.1092825 0.1548830 -0.0273719 -0.0977781 -0.1667871 0.2262728 0.0427894 0.3120367 0.0364891 -0.1716740 0.4616102 0.0044570 -0.3554979 0.1156454 0.1654111 0.1135896 -0.1624551 -0.0277794 0.4970866 0.2127037 -0.0959294 0.0291108 0.2008850 0.2130767 -0.1408253 -0.6422302 0.6235530 0.4553942 0.0800149
0.4829634 0.2843732 0.0000000 0.1926824 0.8012954 0.1874007 0.2982626 0.7549468 -0.0148211 0.0894946 0.1825354 -0.0316883 0.8501138 -0.1001768 -0.1894079 -0.0082011 -0.2996229 -0.3644133 0.6359218 0.6538227 0.0591844 0.7503185 0.0253386 -0.3609403 0.3469758 0.3358940 0.0742456 -0.2811079 -0.2382116 0.2359431 0.3325690 0.3805008 -0.4102930 -0.2483928 0.0817263 -0.0265778 0.3305561 0.2916637 0.1331678 -0.1779308 0.4391637 -0.2512393 -0.0496035 -0.3951444 0.0531123 0.2395139 0.4001670 0.3071164 -0.1746389 -0.1415336 0.1633275 -0.0686952 0.1395567 -0.1153860 0.3991432 0.4134125 0.5104613 -0.1269929 0.4068369 0.2084096 0.6640567 0.1711684 0.4870968 0.6351049 0.6182647 0.4608693 0.4236231 0.2996091 0.2790613 0.4560496 0.5343916 0.5894327 0.4810083 0.7379384 0.3461987 0.4950304 0.2730393 0.6468451 0.7332127 0.6081769 0.6356967 -0.6418834 -0.3975693 -0.3423439 -0.2443398 -0.1894857 -0.2259701 -0.2316078 -0.0208177 -0.1002264 -0.2139757 -0.2916298 -0.1275997 -0.3145280 -0.2742254 -0.0515671 -0.0699132 -0.1823265 0.2331751 -0.1066145 -0.4820115 -0.6298854 -0.4598887 -0.2495479 -0.0191100 -0.0676970 -0.5033222 -0.5859733 0.0047832 -0.5024355 0.1516131 -0.3065154 -0.2001785 -0.2926635 0.3270015 -0.0365965 -0.1597429 -0.3318732 -0.2208070 -0.2804140 -0.1268566 0.2029595 0.0568754 -0.2572386 -0.2343390 -0.1680069 0.0499080 -0.0432971 -0.2722774 0.3086798 -0.1002625 0.1251572 0.0722152 -0.0062717 -0.0361011 -0.0884947 0.1844908 -0.3479878 -0.0934852 -0.3199756 0.1958184 -0.3284486 -0.0416197 0.2013901 -0.1628766 -0.2409285 0.2186662 0.4853396 0.3254584 -0.2993822 -0.0912641 0.1322206 -0.2010798 0.1046277 0.2917354 0.0825994 -0.1702659 0.2874385 0.1071523 0.0429721 0.2639430 -0.2824377 -0.1223091 -0.0970132 0.2314818 0.1897746 0.0836495 0.0906914 0.1574306 -0.1902091 0.2725828 0.1376074 -0.2548445 -0.2200867 -0.2438734 -0.0697813 0.1350744 0.3078455 0.4031211 0.4315165 0.0084252 -0.1050241 0.0878819 -0.2160756 0.5422230 0.7013880 0.6209151 0.6871307 0.5452388 0.3254101 -0.2813610 0.4694041 -0.0195490 0.0000903 -0.1831533 0.0249624 0.1960471 0.4327760 0.5683805 -0.2600496 0.5175367 0.0026256 -0.1964828 0.3346646 0.4881346 0.4661189 -0.4920897 0.2668277 0.2884463 0.2218469 -0.3892674 -0.1404262 0.4820137 0.2290222 -0.0107093 0.2019279 -0.1255290 -0.3133099
0.4569513 0.6246780 0.1926824 0.0000000 0.0491101 0.6875921 0.6683237 0.3413392 0.8198954 0.4457356 -0.3120796 0.5246638 0.3230096 0.3896285 0.6093998 -0.5044259 -0.2192331 0.1007774 0.1610774 0.2932711 0.5681368 0.2449556 -0.1496150 0.3593515 -0.2325407 -0.1809188 0.1593457 0.3523793 0.6200712 -0.1065620 0.1840093 -0.0862851 0.4492775 0.5391409 0.0234031 0.5298098 -0.1488840 -0.0334207 0.0919452 -0.1078601 -0.1245401 0.3681488 0.1148165 0.3581570 0.5515072 0.1901375 0.0325484 0.2270209 0.5704992 -0.3440953 0.2017718 0.0166558 0.6085620 0.2582058 -0.0111427 -0.2770711 -0.0495475 0.3057231 -0.4270036 0.1572750 -0.0750628 0.0042315 -0.0937914 0.1550940 0.3458711 -0.0359015 0.1202063 0.0614423 -0.2183641 0.1183667 -0.1525622 0.2659979 0.0173489 0.1163307 -0.4357216 0.2931809 0.3782415 -0.3860211 -0.0234009 -0.0523309 -0.1774410 -0.0986919 0.5592654 0.3649980 0.2460906 0.2520231 0.1537398 -0.2412506 0.2868136 0.4599539 -0.0260619 -0.4935870 0.1157671 -0.0704748 -0.6178758 -0.5146373 -0.0073544 0.2109461 -0.4173498 0.3559202 -0.3677919 -0.0762140 0.5117793 0.1735357 -0.0293142 -0.4648006 0.0522722 -0.0915824 0.1958638 0.1643544 -0.3169495 0.0775284 -0.1868017 0.0731662 0.2503534 0.1233114 0.0510530 0.4016937 0.3687599 -0.2061491 0.0447517 -0.0170407 -0.5801283 0.1011491 -0.2669224 0.0473633 -0.1720680 -0.4163541 0.0039744 0.0697586 -0.2072751 -0.3049414 -0.2624658 -0.0018023 0.1214989 -0.2673599 -0.2110250 -0.0538611 -0.3761782 -0.2302307 0.3018151 0.0003918 -0.3626833 -0.5517834 0.0064838 -0.4958767 -0.1613292 0.1479112 0.6082667 0.1867290 -0.3509366 -0.4364923 0.1960047 -0.0431378 0.0954599 -0.8009988 -0.4831539 0.2831101 -0.0238710 -0.7452415 0.2667763 -0.0042530 -0.7226058 -0.6636376 0.5142226 -0.6335203 -0.2090303 0.5977660 0.3036643 0.0887234 0.6960729 0.7432614 -0.5576671 -0.6487623 -0.1120787 0.6605141 -0.0359605 -0.2809514 0.1275921 -0.1640548 -0.3588531 -0.2524964 -0.1315354 0.0395272 -0.4666952 -0.1875295 -0.3668910 -0.3039377 -0.0288158 -0.0136321 -0.3322816 -0.2176801 -0.2269992 -0.5696889 -0.3170989 -0.1782264 0.3758370 0.2154031 0.0878067 0.2852693 -0.0586899 -0.3694308 0.1207812 0.1289059 0.1419963 0.1805381 -0.0196564 0.3466906 0.1334039 -0.0692449 0.0806158 0.0323399 0.1837663 0.0102256 -0.1689503 0.0711469 0.2747394 -0.1093923
0.4488260 0.2522691 0.8012954 0.0491101 0.0000000 0.2845276 0.4241551 0.5977508 -0.1010468 -0.1608588 0.1625480 -0.1042318 0.7489649 -0.2316477 -0.2901658 -0.0070771 -0.3019936 -0.4585402 0.4606387 0.5507997 -0.0154061 0.4929018 0.2056679 -0.4533479 0.1548135 0.4218187 0.1424795 -0.4121957 -0.3228470 0.0971673 0.2075615 0.3307348 -0.3954570 -0.2649441 0.2662985 -0.1707218 0.2855562 0.2339368 0.0419310 -0.1142374 0.2804345 -0.4416722 0.0930294 -0.4379963 -0.0397543 0.1466533 0.3683673 0.3248468 -0.2755484 -0.3190867 0.2366391 0.0147020 -0.0307586 -0.0874794 0.3534595 0.3687277 0.4310007 -0.1264909 0.3099924 0.2634295 0.5613697 0.3415804 0.6029407 0.6328265 0.5949251 0.2812292 0.4373992 0.4376444 0.2104148 0.4926448 0.3778944 0.5204529 0.5339813 0.6973871 0.3184701 0.4117520 0.1313165 0.6121173 0.6354958 0.4571043 0.6048365 -0.4160989 -0.3891916 -0.4957506 -0.1568147 -0.4014998 -0.3863490 -0.3955583 -0.2821612 0.0203080 -0.2845741 -0.3217145 0.0403996 -0.3950352 -0.1029267 -0.0142016 -0.0747230 -0.2191055 0.5605958 -0.2690547 -0.0357402 -0.5489929 -0.5017241 -0.3493566 -0.1343305 0.2093195 -0.4907842 -0.6991259 0.0039722 -0.3859145 0.3433055 -0.2118690 -0.3713900 -0.3809015 0.2647766 -0.2707369 -0.3136829 -0.4324750 -0.4074039 -0.2385135 -0.1892661 0.1182497 0.2414668 -0.3210213 -0.1693938 -0.2535052 -0.0691052 -0.0239948 -0.1076030 0.2338232 -0.0693952 0.0759205 -0.0113357 -0.0812472 -0.0245903 -0.0902967 0.0650884 -0.2169663 -0.0605103 -0.1671396 0.0642467 -0.1635195 -0.0161908 0.0729802 -0.2289138 -0.1120221 0.1662366 0.3418481 0.2035850 -0.2688231 0.1014895 0.2270079 -0.1688946 0.1460009 0.1565748 0.2716797 -0.1630031 0.1566761 -0.0285321 0.0991019 0.1157949 -0.1376832 0.0932503 -0.0700660 0.1001037 0.2582952 0.0785932 -0.0052562 0.2416324 0.1230198 0.2482991 0.1497612 -0.0166031 -0.0126318 -0.2673818 0.0272774 0.1916883 0.5439274 0.4260320 0.3770024 0.1524976 -0.1106380 -0.0489678 -0.1276516 0.4944405 0.6852724 0.5669053 0.7985479 0.5055637 0.2847513 -0.2209346 0.4508904 0.1993354 0.0884450 -0.1278666 0.0452420 -0.0939860 0.4389712 0.4411419 -0.3751553 0.2663879 -0.1282936 -0.0559390 0.1830767 0.5198463 0.5443385 -0.5974702 0.2791551 0.0400973 0.0713775 -0.1589182 -0.1203770 0.4547695 0.1054290 -0.2048860 0.3976341 -0.3066820 -0.4323983
0.7276076 0.9193851 0.1874007 0.6875921 0.2845276 0.0000000 0.8918851 0.2035215 0.6639836 0.2908462 -0.2506402 0.2573372 0.4820428 0.2815814 0.3046081 -0.3689981 0.0876946 -0.2373960 0.1670466 0.0567286 0.2487858 0.0368495 0.1673881 -0.1576386 -0.5902298 0.0745565 0.5570108 0.0410711 0.1957559 -0.0581023 0.0024775 0.1480857 0.1191771 0.2354954 0.2654579 0.1080575 -0.0095306 0.0184407 0.1971767 0.1462752 -0.0605629 -0.0936893 0.3471433 0.0369708 0.0693489 0.1449983 0.2481540 0.3482522 0.1619430 -0.3660868 0.3627897 0.3432220 0.1146645 0.3732234 -0.1455774 -0.2205528 0.0998650 0.1989225 -0.3966147 0.1514358 -0.1656707 0.3115174 -0.0215862 0.1529468 0.3947048 -0.0667131 0.1199469 0.2284284 -0.2445661 0.0539961 -0.3011931 -0.0035103 -0.0495996 0.0207606 -0.3276890 -0.1215914 -0.0184314 -0.4226334 -0.0887263 -0.2091955 -0.1043555 -0.1975758 0.3550000 -0.2178901 -0.1656202 -0.1839286 0.0056067 -0.6010524 -0.0361371 0.6557006 0.1907913 -0.6550402 0.3939632 -0.4287256 -0.3321432 -0.7119397 -0.2393041 -0.0331256 -0.0741127 0.0487262 -0.2008676 -0.4002514 0.3065521 -0.2874150 -0.3524889 -0.5929994 -0.3466722 -0.6236427 0.4729516 -0.0430315 -0.1660613 0.4114978 -0.6453536 -0.4478557 0.4535336 -0.3932469 -0.1492049 -0.0947568 -0.0928758 0.2544278 0.1760870 0.1394291 -0.2621066 -0.3489431 0.0988683 0.2567603 -0.2476700 -0.5160105 0.3222813 -0.2179792 -0.2069081 -0.4955216 -0.5608878 -0.1854153 -0.3799228 -0.4412134 -0.2498426 0.1432376 -0.4232840 -0.0598227 -0.1722706 0.0915860 -0.5451075 -0.2689415 0.0278630 -0.4715988 -0.2556425 -0.1333504 0.1617972 -0.0688288 -0.3104959 -0.3872012 0.1930530 -0.3617447 0.0221576 -0.5026875 -0.5116792 0.0935642 -0.3778868 -0.4780937 0.2167448 0.1039127 -0.4157387 -0.2953354 0.2621856 -0.4572627 -0.1361210 0.2153028 0.2417204 0.3638485 0.5285990 0.4636706 -0.3162246 -0.5770796 -0.1658917 0.6028147 0.0190723 -0.3615364 0.1131450 -0.1125609 -0.5234400 -0.2822949 -0.2879420 -0.0768195 -0.4384248 -0.1779773 -0.3291332 -0.0968896 -0.0906286 -0.0381957 0.1747477 -0.0515109 -0.0992903 -0.1408628 0.1997197 0.0765838 0.2889192 0.0489602 -0.1721391 0.3352803 -0.0626765 -0.3720453 0.0405076 0.1184324 0.0473415 -0.0532218 -0.1292478 0.5161300 0.1105995 -0.1451929 0.0260154 0.2174983 0.1430211 -0.1371778 -0.6724878 0.6445089 0.2957105 -0.0428544
0.6584482 0.7836458 0.2982626 0.6683237 0.4241551 0.8918851 0.0000000 0.2880604 0.5622720 0.2287122 -0.2192827 0.2183440 0.4347501 0.1808338 0.1510924 -0.4410892 -0.0730386 -0.3346591 0.0833446 0.1154237 0.2695359 0.0085202 -0.0061712 -0.2225276 -0.5365228 0.0031274 0.3652408 -0.1149281 0.0818425 -0.0583448 -0.0221766 -0.0255889 -0.0196280 0.1161042 0.1167652 0.2002898 -0.1295193 -0.0882866 -0.0805545 -0.0372221 -0.1348342 0.0450818 0.1300522 -0.0377505 0.2700664 0.0620717 0.1087214 0.3699747 0.1711148 -0.5230485 0.2019970 0.1134701 0.1973278 0.2460029 -0.0207970 -0.1793426 -0.0381328 0.1888931 -0.2674950 -0.0002484 0.0705453 0.2000729 0.1242913 0.1820988 0.4280378 -0.0404588 0.0373360 0.2444967 -0.1291995 0.1257912 -0.1617529 0.0917030 0.0006798 0.1106887 -0.3288641 0.0146879 0.1342367 -0.2440689 0.0690667 0.0742895 -0.0147331 -0.0335074 0.3317784 -0.1691049 -0.0328018 -0.2208736 0.0839020 -0.4075891 -0.0700337 0.5162539 0.0529604 -0.6300711 0.1617099 -0.2490784 -0.3728468 -0.4940388 -0.1186289 -0.2656131 0.0597103 0.0739030 -0.1654647 -0.4811581 0.1174398 -0.0446544 -0.1774395 -0.3493955 -0.3821069 -0.5913884 0.1742243 -0.2100257 -0.1910153 0.1546361 -0.7272057 -0.5019777 0.1801173 -0.4670334 -0.3027628 -0.1267545 -0.2075982 -0.0412085 -0.0905562 -0.1199424 -0.4085497 -0.4896904 -0.0535978 0.1378731 -0.5297299 -0.5403239 0.3755242 -0.3278234 -0.3681784 -0.4853877 -0.6028829 -0.0662084 -0.2451687 -0.2155265 -0.3547827 0.0915796 -0.4703947 -0.1339935 0.0457209 0.0835444 -0.5626645 -0.3583658 -0.1692826 -0.2879720 -0.3032915 -0.0233586 0.2716558 0.0013073 -0.2105762 -0.1430019 0.0591603 -0.1188359 0.2209247 -0.3766179 -0.5275149 0.1705118 -0.2746612 -0.5127699 0.3760401 0.1258039 -0.2264209 -0.5070088 0.3323100 -0.4555795 -0.3153464 0.3424345 0.4358357 0.5430169 0.4727793 0.5947632 -0.2275953 -0.3467150 -0.1095245 0.6897027 0.1263757 -0.1437766 0.2676483 0.1195115 -0.2565594 -0.0506525 -0.0913399 0.0781143 -0.2612551 -0.0292950 -0.1422775 -0.0476889 0.0921341 0.1012286 -0.0384725 0.1738575 0.0519378 -0.1770867 0.1147707 0.1991917 0.3663273 0.1889635 0.0894744 0.2852272 0.0840117 -0.2838561 0.1738272 0.3437813 0.1940801 0.0926682 -0.1803557 0.5765761 0.1417812 -0.1672938 0.1903039 0.0904302 0.2189887 -0.0694863 -0.5136896 0.6010150 0.2212440 -0.1220586
0.2131320 0.1542504 0.7549468 0.3413392 0.5977508 0.2035215 0.2880604 0.0000000 -0.0614681 -0.1676557 0.3424319 -0.0400513 0.7824326 -0.4300522 -0.2639810 0.1660175 -0.4400538 -0.5590912 0.8628226 0.6002485 0.0960647 0.5578111 0.0991260 -0.4083201 0.4191705 0.3728449 -0.2040463 -0.4768753 -0.1390724 -0.2751088 0.2614355 0.1005438 -0.3904551 -0.3556762 0.1285638 0.1766549 0.1766879 0.0631340 -0.1550928 -0.5759896 0.1502553 0.0897269 -0.1244645 -0.4206632 0.1850844 0.1987874 0.2505080 0.1213297 -0.2351667 -0.1589460 0.1826451 -0.3661683 0.1625746 -0.4080441 0.0817311 0.0653851 0.2853054 -0.2912368 0.2105426 0.2814178 0.5583185 0.1560287 0.1860656 0.7161901 0.4184452 0.2128140 0.6302219 0.4579723 -0.0525944 0.6292558 0.4035832 0.6968094 0.6141314 0.4897496 -0.0373197 0.5546185 0.1493092 0.3056062 0.4157994 0.2629976 0.1989936 -0.4173153 -0.1039967 -0.2993797 -0.1335402 0.0945517 0.0570678 -0.2780022 0.2654339 0.0562883 -0.1548842 -0.3695394 -0.2691544 -0.0896751 -0.2309216 -0.1093453 -0.0521066 0.0368778 0.2164930 0.1112136 -0.4305179 -0.3869157 -0.1961124 -0.0663966 0.0079166 -0.0639643 -0.3503281 -0.3533976 -0.0297269 -0.1813955 0.0160609 -0.2297807 -0.1520888 0.0173849 0.2925810 0.0897751 -0.0304027 -0.2011030 0.0317132 -0.3806493 -0.3628932 0.0715279 -0.1387923 -0.1501913 -0.5276007 -0.2694462 -0.1246333 -0.2005027 -0.4287848 0.1418737 -0.4139367 0.1197505 -0.1842995 -0.3176271 0.0755769 -0.0365285 -0.2271935 -0.4728330 -0.4267589 -0.1602868 0.2808966 -0.3073836 -0.2249072 -0.2742789 -0.3626370 -0.2061135 0.0188615 0.3892033 0.3678645 -0.0496150 -0.0353177 -0.0709780 -0.2718681 0.1600985 0.4403408 -0.2142848 -0.3235566 0.2310550 -0.0543946 -0.1509486 0.3103828 -0.2832258 -0.2618839 -0.3849501 0.2478682 -0.1250371 -0.1878621 0.2286229 -0.0156175 -0.2408886 0.2542348 0.2185891 -0.4783974 -0.2390869 -0.3864662 0.1792162 -0.0001944 0.0150243 0.1490829 0.1322852 -0.1678950 -0.1559680 0.2261620 -0.0301894 0.2596938 0.4193010 0.3023462 0.3103474 0.2125367 0.0748494 -0.2294423 0.0444243 -0.3964327 -0.1037970 -0.2009857 -0.0623690 -0.0092310 0.1854755 0.2820054 -0.1776165 0.3303616 -0.1094435 -0.4225722 -0.0619970 0.3964063 0.3613048 -0.3464114 0.3219505 0.2810122 0.1018758 -0.4482783 -0.0410261 0.2045038 0.1092383 -0.1028797 0.1754030 -0.3107033 -0.3674899
0.5759463 0.6760938 -0.0148211 0.8198954 -0.1010468 0.6639836 0.5622720 -0.0614681 0.0000000 0.4969922 -0.5994913 0.5247596 0.1498595 0.6553461 0.8322349 -0.5895699 0.0375593 0.4550774 -0.1599729 0.1921255 0.4569778 0.1753970 -0.1368425 0.5519492 -0.3852183 -0.2489005 0.3519801 0.6662137 0.6691966 0.0590734 0.2048060 0.0475126 0.7037592 0.6824623 0.0277856 0.3363927 -0.1370803 0.0943238 0.3235234 0.3149049 -0.0408947 0.2491207 0.2720917 0.6688118 0.4421414 0.1849253 0.0265579 0.3174161 0.7745352 -0.1607987 0.2326048 0.3139394 0.5581618 0.6565610 0.1335052 -0.1077460 -0.0713218 0.6210516 -0.4911702 0.1337958 -0.2925012 0.0658579 0.0227986 -0.0222580 0.3130113 0.0617854 -0.0236538 -0.0066891 0.0004659 -0.0431638 -0.1918148 0.0463354 -0.2066662 0.0323276 -0.1963572 0.1089613 0.3440295 -0.4154989 -0.1782618 -0.1495869 -0.1843193 -0.0375540 0.5039987 0.3493930 0.0770947 0.0687517 0.1496948 -0.2045675 0.1221117 0.5017960 0.1409689 -0.3203201 0.4649309 -0.1300389 -0.5229056 -0.5364459 0.0238229 0.2106694 -0.5019594 0.2697593 -0.2791614 0.0090295 0.4646112 0.1034973 -0.0696038 -0.5850843 0.0951363 -0.0965440 0.4677539 0.0845847 -0.2364171 0.2217941 -0.2247584 -0.1019455 0.1647434 -0.0503112 -0.0633492 0.3820993 0.1815203 -0.0490427 0.2379634 0.0061446 -0.4094195 0.0601846 0.0459643 0.2131946 -0.0179428 -0.3259093 0.1469247 0.0834834 0.0369151 -0.4583448 -0.2175447 0.2315651 0.0393614 -0.3217715 0.0048385 0.1405931 -0.1758517 -0.2558035 0.1291026 0.0752128 -0.2859172 -0.3636351 0.2708620 -0.4096042 -0.1297405 0.0190412 0.3314780 0.1455273 -0.4019349 -0.4219787 0.3439865 -0.1009974 -0.0510142 -0.7119541 -0.2837921 0.3072255 0.0295143 -0.6686907 0.2480606 0.1602912 -0.6296546 -0.4246055 0.4592460 -0.4571640 -0.0435478 0.4370063 0.2513781 0.1759526 0.5736851 0.5832517 -0.2199133 -0.5597628 0.0078691 0.4132537 -0.1255867 -0.2416696 0.0069153 -0.2989093 -0.3477161 -0.2829972 -0.3069642 -0.1371502 -0.5260573 -0.3118270 -0.3975895 -0.3049619 -0.0618118 -0.0544515 -0.3157678 -0.1808932 0.0266493 -0.5077940 -0.2411487 -0.2673935 0.2524783 0.2284193 0.0035522 0.3605235 -0.0529316 -0.3253966 0.3580502 0.1293136 0.1228646 -0.0204301 0.0595901 0.3760190 0.2116942 0.0540737 0.2489205 -0.0530061 0.3456221 0.1330272 -0.2134192 0.1894084 0.5487608 0.1184219
0.2813225 0.3660654 0.0894946 0.4457356 -0.1608588 0.2908462 0.2287122 -0.1676557 0.4969922 0.0000000 0.1025812 0.2175520 0.0985971 0.8328842 0.4483784 -0.0944440 0.5300799 0.3880211 -0.1033026 0.0937728 0.1606870 0.2768877 0.0995786 0.2926846 -0.2258848 -0.0449292 0.6101298 0.4375207 0.3889589 0.6577220 0.3053742 0.2907120 0.1889961 0.5745983 0.0911968 -0.0122793 0.0567852 0.3253851 0.5596659 0.4953467 0.2928623 -0.1194595 0.3280193 0.2658483 0.1013000 0.1972436 0.2193488 0.4067925 0.4299645 0.2160628 0.1071005 0.4952795 0.3755145 0.4879854 0.3321329 0.1497816 0.1314152 0.5000079 -0.2248739 -0.0249186 -0.2441085 0.1092447 0.1440348 -0.0673343 0.1990837 0.3480663 -0.2435550 -0.0964389 0.3421691 -0.0988733 0.0098011 -0.0903513 -0.3168217 0.0801684 0.1091383 -0.0445225 0.2280681 -0.1983214 0.0083881 0.0703424 0.0624309 0.0024369 0.3235621 0.3258323 0.2347803 0.2260656 -0.0299701 0.1410931 0.1562822 0.1701442 0.1743810 -0.2065046 -0.0497881 0.1237117 -0.5990222 -0.2950117 -0.1392282 -0.2401900 -0.7004017 0.4929655 -0.1876760 -0.0993004 0.4018952 0.1278274 -0.0027594 -0.4295230 0.0575657 -0.0017378 0.2658877 0.0305583 -0.1871080 0.1020488 0.0246484 -0.1395250 -0.0028831 0.1278272 0.1039657 0.3020411 0.2143584 0.0092988 0.1590091 0.0223611 -0.2177614 0.2000270 0.2145961 0.1884775 0.0742777 0.0222754 0.1230278 -0.0124634 0.1035009 -0.1453550 0.0656088 0.3832434 -0.1557303 -0.0089349 0.2334689 0.1226350 0.0699968 -0.2275239 0.1607825 -0.1346402 -0.0792631 0.1994252 0.3240152 -0.1096040 0.1267775 0.1077481 0.2398658 -0.2190028 -0.4283916 -0.0937895 0.2660531 -0.0936706 -0.1471145 -0.3022699 -0.1831620 0.3287703 0.1371852 -0.2869271 0.1332238 -0.0191351 -0.3769350 -0.0437278 0.3886925 -0.0808836 0.1859192 0.3677419 0.3019912 -0.0227259 0.4929323 0.3293727 0.0242888 -0.2745912 0.0774767 0.0689884 0.0177408 -0.0927207 -0.0364045 -0.0618391 -0.1768541 -0.1118339 -0.2546656 -0.0247339 -0.1745876 -0.1714807 -0.0060243 0.0480255 0.0933197 0.0985596 -0.1134997 0.0034781 0.0766647 -0.3723234 -0.2043649 -0.0701869 0.4726052 0.0195637 0.0494939 0.2740851 0.2189907 0.2149753 0.2539230 0.4588637 0.0955003 0.1094229 0.0770271 0.0318949 0.1587005 0.1341056 0.1052095 0.2136882 0.2808314 -0.0395936 0.1140742 -0.1977850 0.5912261 0.4754256
-0.2282600 -0.2845908 0.1825354 -0.3120796 0.1625480 -0.2506402 -0.2192827 0.3424319 -0.5994913 0.1025812 0.0000000 -0.4093938 0.2046630 -0.3097643 -0.5500210 0.8740289 0.3550815 -0.3777939 0.5464639 0.1059021 -0.3970848 0.1371409 0.6360704 -0.5274849 0.4097097 0.6601633 0.1379017 -0.5611702 -0.3748635 0.0863719 0.2238889 0.3642107 -0.6099722 -0.4284976 0.4443702 -0.3515496 0.3989775 0.3540329 0.0956435 -0.0498137 0.3445650 -0.2802445 0.2332683 -0.4706176 -0.3948650 0.2537478 0.3948754 0.2357039 -0.5176624 0.4350924 0.2194965 0.0449358 -0.3049698 -0.3255459 0.2020600 0.3166496 0.3433592 -0.2229915 0.1285732 0.2403105 0.0402527 0.3942448 0.1953352 0.3503956 -0.1511928 0.3275620 0.3468499 0.4470521 0.2611674 0.4428695 0.3601817 0.1706851 0.3495152 0.0318855 0.2350750 0.0460906 -0.3148442 0.0977308 0.0036825 -0.0869030 -0.0848756 0.1366440 -0.1418094 -0.3137868 -0.0003870 0.1474229 -0.1185437 0.0518475 0.0739508 -0.2180862 -0.0534127 -0.0668156 -0.4991810 0.3007527 -0.0331986 0.1884888 -0.2566737 -0.3513736 0.0542001 0.2754419 0.1646746 -0.0321172 -0.1422775 0.0459099 -0.0739035 0.2239478 -0.0040206 0.0356238 -0.1002474 0.1718636 0.0773746 0.0864710 0.1389238 0.0944348 0.0715298 0.1983308 0.1886586 -0.1583993 0.0852472 0.0753566 -0.1925522 0.0578091 0.1969168 0.1240574 0.0712447 0.0289046 0.0054087 0.2263235 -0.0581716 -0.1316561 -0.0370235 0.3721489 0.0652086 -0.0146317 -0.1908383 0.3383917 0.0698765 0.0279413 0.1191038 0.3861864 0.0782144 0.0043894 0.0581718 0.2471487 0.0257558 0.2591017 0.3611271 0.2487352 -0.0277740 -0.0305091 0.2047926 0.3755710 -0.0484646 0.0403347 0.1432549 0.2101200 -0.0136458 0.1837632 0.0215399 0.2712122 -0.0254075 -0.0576992 0.1187618 0.1566965 0.0232227 0.3567552 0.1207356 0.1154218 -0.0131226 -0.1388444 0.0444358 -0.1223890 0.2004112 0.3673217 -0.1411137 -0.1825165 0.1069212 0.1144051 -0.2896707 -0.0949787 -0.0788264 -0.0311229 0.0734868 0.1260003 0.1756773 0.0391107 0.2775898 0.3172735 -0.1458047 -0.2002063 0.2003593 -0.1714383 -0.3049371 0.0249723 0.1930208 -0.0217098 -0.2014241 -0.3748451 -0.2328290 0.0086022 0.2556570 0.4720889 -0.3988014 -0.1566057 0.2904446 0.0678282 0.0926835 -0.1032818 0.1337954 0.0542323 -0.2266721 0.2740985 -0.1343483 -0.3037550 0.0699836 -0.1699430 -0.1440320 0.3487518
0.1198168 0.2895507 -0.0316883 0.5246638 -0.1042318 0.2573372 0.2183440 -0.0400513 0.5247596 0.2175520 -0.4093938 0.0000000 -0.0717133 0.3533449 0.7316051 -0.4212098 -0.1250723 0.3207439 -0.1578413 -0.1160331 0.9029826 -0.1621028 -0.3878722 0.6181230 -0.2760081 -0.3406664 -0.0778856 0.4741525 0.8408405 -0.1950338 -0.1949969 -0.2619470 0.5849179 0.6603215 -0.3487728 0.8002865 -0.2479729 -0.3044531 -0.1566238 -0.0904220 -0.4568338 0.4713259 -0.2070269 0.3686916 0.5869582 -0.2285184 -0.4361854 -0.2449227 0.5945452 -0.1653494 -0.2923198 -0.2065636 0.7111501 0.2099822 -0.1497519 -0.3570527 -0.3896742 0.2518498 -0.3599076 -0.2432588 0.0261503 -0.2884822 -0.1664403 0.2754546 0.5157594 -0.2427627 -0.2072140 -0.0814049 -0.1865732 0.2155396 -0.4218111 0.4412575 0.1474915 0.3268704 -0.1782616 0.5546796 0.6997439 -0.3103899 0.1773970 0.1405062 0.0135145 -0.1912060 0.2561947 0.2218310 0.0129298 -0.1275614 0.0154611 -0.3599530 -0.1517397 0.2899320 0.1881973 0.0203906 0.2900167 -0.3262411 -0.3473123 -0.0806185 0.2695833 0.2678265 -0.2244672 -0.0479768 -0.2284035 -0.0489956 0.0711577 -0.0521494 0.3021575 -0.1217344 -0.0154234 0.1094230 0.4064692 0.1182722 0.2730880 -0.0671847 0.0347792 0.0418047 -0.0377085 -0.1255033 -0.3463520 0.4012000 0.1163104 0.0258084 -0.0112153 -0.3802849 -0.0478861 0.1021065 0.0096394 0.1275459 0.1012312 0.0518028 0.1241071 0.4891503 0.1219001 0.1120560 0.1614756 0.2218539 0.5994230 -0.0765140 0.0117773 0.1285827 -0.1471723 -0.0983456 0.3030162 0.0515911 0.1566292 -0.3549843 0.0974863 -0.4256821 -0.1329327 -0.1840363 0.4705532 0.1837028 -0.0819663 -0.2839100 0.4142613 -0.0638807 -0.0589710 -0.3957504 -0.0392173 0.1003086 0.2828241 -0.3459917 -0.0355158 0.3123799 -0.2459386 -0.3067593 0.2515079 -0.1794503 0.0463314 0.2424702 0.2720107 0.0506643 0.4486555 0.3826051 -0.4543736 -0.1777141 0.2220880 0.6109099 0.5542882 -0.0237320 0.5136441 -0.0083628 0.0064891 -0.1575169 -0.1815982 -0.1475388 -0.3921037 0.0975292 -0.4573124 -0.2788160 0.2581412 0.3783793 -0.1073713 0.0741977 0.2386344 -0.1455537 -0.2211427 0.0310284 0.3078608 0.5901880 0.2863719 0.2137936 -0.1488285 -0.2778249 0.4640226 0.1806945 -0.1581499 0.1219371 0.0684243 -0.1679825 -0.1525413 0.1656754 0.2560863 0.0658768 0.0026427 0.1904497 0.2108583 -0.2227575 0.1071309 -0.1650219
0.6166763 0.5002070 0.8501138 0.3230096 0.7489649 0.4820428 0.4347501 0.7824326 0.1498595 0.0985971 0.2046630 -0.0717133 0.0000000 -0.0805228 -0.1093945 0.0560909 -0.1068364 -0.4273743 0.7528624 0.6694231 -0.0323104 0.7312611 0.2995967 -0.4617060 0.1741955 0.5078692 0.3110274 -0.3092379 -0.2016537 0.0830590 0.4329397 0.4539066 -0.3491028 -0.1966693 0.3586542 -0.1335213 0.3835403 0.3513149 0.2602275 -0.0828566 0.4294642 -0.2927152 0.2408422 -0.3660541 -0.0575116 0.3838271 0.5487868 0.3836773 -0.1881673 -0.1205349 0.4032893 0.1560678 0.0588060 0.0184325 0.2589172 0.3141268 0.5851195 -0.0524482 0.2554278 0.4222764 0.4499550 0.4133128 0.3506790 0.6403458 0.5754458 0.3802683 0.5549801 0.4254892 0.1084555 0.4625148 0.3219268 0.4998891 0.4159438 0.5698381 0.1245586 0.3367127 0.0911590 0.3452349 0.4964607 0.2576096 0.4439575 -0.6471209 -0.1985225 -0.4420844 -0.2855518 -0.1334004 -0.2370300 -0.4586454 0.0718360 0.2379896 -0.1226120 -0.5212203 0.0992049 -0.3600402 -0.3315982 -0.3759563 -0.2538161 -0.0281419 0.1241437 0.0353274 -0.4154243 -0.5596266 -0.1777496 -0.3565958 -0.2774474 -0.3517769 -0.5300764 -0.7347334 0.3228672 -0.3438762 0.0528632 -0.0415611 -0.3581663 -0.2859134 0.5280766 -0.0745956 -0.0266039 -0.3129266 -0.1120696 -0.0893693 -0.0672158 0.3396431 0.0729403 -0.2431527 -0.2060103 -0.1456234 0.0733335 -0.2363016 -0.3069970 0.1689174 -0.1925763 -0.0567387 -0.1671072 -0.2463829 -0.2359112 -0.3387456 0.0220698 -0.3958750 -0.2774773 -0.2600239 0.0421207 -0.3523473 -0.3084369 0.1039366 -0.1475985 -0.3972549 0.1101964 0.3662904 0.2195481 -0.3354982 -0.1819922 -0.1221770 -0.2064414 -0.0617498 0.2747585 -0.0997556 -0.4210736 0.2457377 -0.2131266 -0.0552769 0.2836406 -0.3089301 -0.3044629 -0.1169479 0.2674394 0.0207592 0.0288082 0.0858873 -0.0423574 -0.2048894 0.3551720 0.1425931 -0.2400551 -0.3745190 -0.3783284 0.0124871 -0.0495985 0.0227386 0.1666763 0.1665473 -0.2961306 -0.2488284 -0.0261443 -0.2451015 0.2859636 0.4431520 0.4175119 0.5816655 0.3283729 0.1510664 -0.0674985 0.1916921 -0.2098236 -0.0630458 -0.0843047 -0.0954731 0.1072465 0.2507516 0.2511502 -0.1889503 0.3902041 -0.1474233 -0.3335237 0.1280585 0.4390134 0.3559700 -0.5260679 0.4748942 0.3544435 0.1855663 -0.5313313 0.0061147 0.4320364 0.1497982 -0.2960747 0.4566719 0.0042724 -0.2269149
0.2888526 0.3676402 -0.1001768 0.3896285 -0.2316477 0.2815814 0.1808338 -0.4300522 0.6553461 0.8328842 -0.3097643 0.3533449 -0.0805228 0.0000000 0.6667269 -0.3842756 0.4827844 0.6691152 -0.4180356 -0.0192378 0.3205068 0.1445789 -0.1197556 0.5495795 -0.3653248 -0.2982851 0.5603402 0.7576921 0.5408201 0.6643265 0.2257817 0.1736533 0.5154367 0.7844929 -0.1190798 0.0431807 -0.1649480 0.1682151 0.5643267 0.5633085 0.1674016 -0.1024510 0.2292114 0.5161446 0.1996373 -0.0341431 -0.0555684 0.2794208 0.6727369 0.1362868 -0.0571540 0.4914539 0.4961153 0.6560871 0.2980022 0.0684826 -0.0775070 0.6219154 -0.3088903 -0.1577644 -0.3171346 -0.0776520 0.2090490 -0.2024901 0.2760651 0.2695923 -0.4160350 -0.3176527 0.3483415 -0.2790917 -0.1389168 -0.1477804 -0.4780076 0.1062161 0.1373757 -0.0606199 0.3509861 -0.2153043 -0.0202463 0.0878509 0.1377590 0.0198449 0.2518920 0.3559759 0.1396371 0.1812460 0.1121182 0.1223200 0.1053232 0.2613141 0.2892364 -0.0485178 0.1885896 -0.0294935 -0.4407786 -0.2540337 -0.0728235 -0.0271754 -0.5463072 0.2689039 -0.1035795 0.0095679 0.3581782 0.0119153 0.0470647 -0.3865491 0.0623113 -0.0380791 0.3429610 -0.0274218 -0.0257219 0.0840260 0.0029763 -0.2094062 -0.1119620 -0.0457388 -0.0747010 0.2748054 0.0320451 0.0143547 0.1815871 -0.0567392 -0.1889739 0.1173034 0.1985786 0.1297205 0.1435940 0.0028360 0.0977028 0.0660264 0.1668389 -0.3004115 0.0871995 0.4219000 -0.0957423 -0.1451549 0.2139616 0.1167128 0.0754542 -0.3896314 0.0228584 -0.1479971 -0.0523011 0.1308821 0.3125485 -0.0983811 -0.0542359 -0.1369300 0.0442390 -0.2965821 -0.4440512 -0.1511809 0.2724343 -0.0837140 -0.3759237 -0.2617928 -0.1083282 0.1475934 0.0455321 -0.2438120 -0.0196384 -0.0011890 -0.2805762 0.0353020 0.1853783 -0.1240057 0.1006796 0.1345768 0.1477754 -0.0384296 0.2821696 0.1727878 0.0751729 -0.2671502 0.1394554 0.0101030 0.0108756 0.0020335 0.1033312 -0.0304904 0.0006406 -0.0852987 -0.4012465 -0.2365872 -0.2075236 -0.1557604 -0.0893468 -0.0295286 0.1843946 0.2007956 -0.1349079 0.1161202 0.3741920 -0.2526975 -0.3053363 -0.0552787 0.4152989 0.2079344 0.1309087 0.2134959 0.1488208 0.0982090 0.4474043 0.4117037 0.0390505 0.1259757 0.0264206 0.0129222 0.1321341 0.1608512 0.1998413 0.0837829 0.4722906 0.2361834 0.1289777 -0.0963642 0.6170511 0.3875791
0.3465624 0.4184159 -0.1894079 0.6093998 -0.2901658 0.3046081 0.1510924 -0.2639810 0.8322349 0.4483784 -0.5500210 0.7316051 -0.1093945 0.6667269 0.0000000 -0.4629550 0.1231651 0.7576253 -0.2617056 0.0644761 0.6055068 0.0654321 -0.2007910 0.8321550 -0.1855713 -0.3166726 0.1774859 0.8642585 0.8711613 0.0147468 0.1889312 0.0622390 0.8505403 0.8083322 -0.1000242 0.4282525 -0.1385757 0.1306611 0.2963992 0.3707695 -0.0378895 0.2912836 0.1961007 0.7744527 0.4275625 0.1582417 -0.1519659 0.1503216 0.8135453 0.0623667 0.0532676 0.2617416 0.6097818 0.5931980 0.1766784 -0.0585979 -0.1564004 0.5903563 -0.5305987 0.0677543 -0.3883181 -0.0729867 -0.0117334 -0.0568755 0.2196496 0.0389848 -0.1295849 -0.1379602 0.0613061 -0.0547124 -0.2724708 0.1020975 -0.1812520 0.0405632 -0.0547685 0.2344511 0.4416560 -0.4134102 -0.1934177 -0.1854928 -0.1882487 -0.0555089 0.3496572 0.4632183 0.0643196 0.0825353 -0.0200465 -0.2153427 -0.0018995 0.2985242 0.1210662 -0.0001847 0.5116919 -0.1782113 -0.4182185 -0.2613542 0.0944129 0.3765606 -0.4949502 0.1640067 -0.2186227 0.3325114 0.4027289 0.0753249 0.0591569 -0.3425470 0.3670937 0.2054709 0.4959641 0.3134597 0.0122411 0.2300149 0.1736313 0.1692829 0.1021522 0.1674293 0.0534697 0.6179963 0.3858177 0.0420266 0.3193805 0.0104776 -0.1965159 0.3772433 0.1905287 0.2821307 0.2911797 -0.0024895 0.1222120 0.4338675 0.3575889 -0.2006797 0.1470384 0.3535828 0.3373496 -0.2119789 0.2260866 0.2056169 0.0695744 -0.1770456 0.1870644 0.0851827 0.0576421 -0.2863676 0.4270047 -0.3746216 -0.0175112 -0.0611092 0.3854674 0.1981804 -0.3762009 -0.4033146 0.4124446 -0.0603735 -0.2402373 -0.6263071 -0.0874081 0.2662097 0.3001453 -0.5838800 0.0234319 0.1462798 -0.5684751 -0.3207315 0.3780033 -0.2824363 0.1472900 0.3664285 0.1883673 -0.0796220 0.5281962 0.4516947 -0.1822342 -0.3716703 0.2435417 0.2775589 0.0561301 -0.1079256 0.0197865 -0.4177488 -0.2407463 -0.3487149 -0.4136169 -0.2564274 -0.5690210 -0.3025565 -0.5075317 -0.3161866 -0.0762778 -0.0558209 -0.3151352 -0.2732748 0.1222611 -0.5164919 -0.3450887 -0.3616065 0.1161034 0.2841000 -0.0209324 0.3552601 -0.2253043 -0.3259274 0.4917755 0.0009136 0.0413675 -0.0370880 0.2141170 0.0424862 0.0331180 0.1005959 0.3140406 -0.0538465 0.2263037 0.1059671 0.0715271 -0.1521429 0.5098360 0.1761911
-0.2507387 -0.3622519 -0.0082011 -0.5044259 -0.0070771 -0.3689981 -0.4410892 0.1660175 -0.5895699 -0.0944440 0.8740289 -0.4212098 0.0560909 -0.3842756 -0.4629550 0.0000000 0.4123679 -0.2221284 0.4958194 0.0352223 -0.5164528 0.0411458 0.7393047 -0.4192942 0.4762801 0.7342550 0.1248343 -0.4301988 -0.3582411 -0.0384844 0.1871206 0.4644158 -0.4221110 -0.4829084 0.5345150 -0.4416753 0.5394972 0.4469632 0.1939612 0.1334812 0.3557433 -0.2763449 0.3520368 -0.2543096 -0.5483317 0.3067960 0.4356275 0.2065430 -0.4746073 0.6650601 0.3432110 0.1351687 -0.4414513 -0.1597979 0.1811803 0.3970862 0.3656732 -0.1193145 0.0498452 0.3697197 -0.1330081 0.4934355 0.1472291 0.3191199 -0.2877112 0.3098848 0.4720995 0.5497819 0.2893448 0.4793463 0.3753452 0.0912763 0.4107807 -0.0978056 0.3836656 -0.0155188 -0.4541286 0.0469894 -0.1905099 -0.3010613 -0.2571863 0.1911031 -0.1762126 -0.3701093 -0.1880598 0.0531028 -0.0914841 0.0195746 0.0045752 -0.2246828 0.0338671 0.1068309 -0.2638669 0.2886068 0.1446692 0.2056338 -0.1992355 -0.2311905 0.0450304 0.1761341 0.2410336 0.1016368 -0.2115278 0.0086361 -0.1130905 0.1888203 0.1112504 0.1687594 0.0853151 0.2574164 0.1426062 0.2565828 0.2090799 0.1217831 0.1255052 0.1635665 0.1475117 -0.1898369 0.0130864 0.2703434 0.0024548 0.1200814 0.3739614 0.1618607 0.2899133 0.2141417 0.1905750 0.3110449 0.0146328 -0.0523861 0.1925650 0.3961754 0.1422091 0.0879672 -0.1921632 0.3077492 0.2471508 0.2434739 0.3153994 0.5884402 -0.0807306 0.2068579 0.1904025 0.3155530 0.2755433 0.2625742 0.4932251 0.2130876 -0.2345934 0.1473404 0.3288434 0.3772671 0.1595856 -0.0662931 0.0912543 0.2083076 0.2504578 0.1934263 0.1171009 0.3821775 -0.1167988 0.1711302 0.1289162 0.3665946 -0.0675452 0.5340205 0.2896365 -0.0041978 -0.1404133 -0.1307356 -0.0681603 -0.2866659 0.3475039 0.4465958 -0.0946809 -0.3592537 0.0257569 0.0657976 -0.4902419 -0.3290904 -0.1762445 -0.1424257 -0.0040407 0.0134870 0.0615214 -0.0884061 0.1516326 0.2046381 -0.3453914 -0.3822983 0.2523135 -0.3230908 -0.3324741 0.1080100 0.3734090 -0.1578700 -0.4576332 -0.4784763 -0.4296440 0.0966670 0.1771840 0.5111425 -0.4255656 -0.4355956 0.2637021 -0.1818825 0.2891242 -0.1683139 0.1839004 0.1742798 -0.1840859 0.2045538 -0.1834902 -0.2640111 0.0361165 -0.1618038 -0.0898392 0.4842598
0.1576979 0.1903467 -0.2996229 -0.2192331 -0.3019936 0.0876946 -0.0730386 -0.4400538 0.0375593 0.5300799 0.3550815 -0.1250723 -0.1068364 0.4827844 0.1231651 0.4123679 0.0000000 0.2922381 -0.1128961 -0.2164880 -0.2733327 -0.1626734 0.4679362 -0.0989428 -0.2262638 0.2670336 0.6769951 0.1580931 -0.0364142 0.3857514 0.2664516 0.4382399 -0.0646656 0.0914603 0.2911862 -0.4577132 0.1645899 0.4063078 0.4571457 0.6636344 0.3421791 -0.3456622 0.5062773 0.1176079 -0.4595968 0.2100042 0.2162906 0.3781868 0.0123098 0.5883964 0.1713212 0.6728670 -0.2192023 0.4864799 0.2107310 0.2573736 0.0711157 0.4245354 -0.2926288 0.0134585 -0.5233535 0.3842087 0.1606578 -0.1826277 -0.1795709 0.2761560 -0.1928840 0.1075646 0.4203629 -0.0947527 -0.1628646 -0.3988821 -0.3543027 -0.3127979 0.2240877 -0.4236249 -0.2826206 -0.3524502 -0.3452830 -0.3101677 -0.1792056 0.2296131 0.0863764 -0.1576791 -0.2019696 0.0313601 -0.0151939 -0.0461546 -0.0235500 0.2213124 0.3466069 -0.0868984 0.0968317 0.1130207 -0.1525116 -0.1863887 -0.4201141 -0.3793201 -0.3192425 0.3093828 0.1126171 0.1104441 0.1934657 -0.0639521 -0.2782749 -0.2843453 0.0906738 -0.0822406 0.4629742 0.1623818 -0.0105430 0.5116343 -0.1063495 -0.2984378 -0.0261299 -0.1590694 0.0998460 -0.0326101 -0.0048930 0.4449310 0.1476653 0.0545480 0.0991117 -0.0362406 0.6114817 0.4845627 0.0756079 0.0182428 0.3758059 -0.2964455 0.1830832 -0.2679231 -0.1471301 0.2506165 -0.4843612 -0.0172943 0.1832083 0.3338631 0.1235987 0.1101864 -0.2997944 -0.0095761 -0.1986560 0.3984819 0.4182678 0.1141360 0.0301080 -0.2824882 -0.4094877 -0.2702338 -0.2941106 0.0670558 0.1889316 -0.3274061 -0.2562947 0.0018472 -0.1336688 0.1054594 -0.1167940 0.0341790 -0.0586469 0.0782018 0.0128977 0.2955678 -0.0279872 0.1431581 0.1236447 -0.0837455 -0.0978386 -0.0526366 0.0026820 -0.1997094 0.5016129 0.2300164 0.2292590 -0.1984909 0.0418815 -0.1823866 -0.3838892 -0.3251934 -0.3040350 -0.1251676 -0.4021583 -0.2447790 -0.3000257 -0.4184794 -0.1390606 0.0006036 -0.2475737 -0.1807176 0.3633035 -0.1212336 0.1416826 -0.0073532 0.3123989 0.0317002 0.0644975 -0.3902271 -0.4523821 0.4699274 0.1219233 0.3481247 0.0911423 0.0511886 0.0471020 -0.2864595 0.3504285 0.0596066 0.2143868 0.1271588 0.0459599 0.3350460 0.1176731 -0.1485412 -0.0655982 0.1066214 0.6716896 0.8283502
